t/ms,(location 0 1),(location 1 0)
0.0,-80.0,-80.0
0.01,-80.00451668510911,-80.00451668510911
0.02,-80.00816131615952,-80.00816131615952
0.03,-80.01132660181075,-80.01132660181075
0.04,-80.01416526803679,-80.01416526803679
0.05,-80.01675894134858,-80.01675894134858
0.06,-80.01915908444182,-80.01915908444182
0.07,-80.02140127524177,-80.02140127524177
0.08,-80.02351152438553,-80.02351152438553
0.09,-80.02550957293305,-80.02550957293305
0.1,-80.02741081963171,-80.02741081963171
0.11,-80.02922753718254,-80.02922753718254
0.12,-80.03096968198967,-80.03096968198967
0.13,-80.03264545454266,-80.03264545454266
0.14,-80.03426169865922,-80.03426169865922
0.15,-80.03582419269483,-80.03582419269483
0.16,-80.03733786601174,-80.03733786601174
0.17,-80.03880696261321,-80.03880696261321
0.18,-80.0402351666653,-80.0402351666653
0.19,-80.04162570006726,-80.04162570006726
0.2,-80.04298139926503,-80.04298139926503
0.21,-80.04430477637413,-80.04430477637413
0.22,-80.04559806836133,-80.04559806836133
0.23,-80.04686327703142,-80.04686327703142
0.24,-80.04810220180138,-80.04810220180138
0.25,-80.04931646682805,-80.04931646682805
0.26,-80.0505075436298,-80.0505075436298
0.27,-80.05167677008525,-80.05167677008525
0.28,-80.05282536653263,-80.05282536653263
0.29,-80.05395444943963,-80.05395444943963
0.3,-80.05506504313877,-80.05506504313877
0.31,-80.05615808991372,-80.05615808991372
0.32,-80.05723445873734,-80.05723445873734
0.33,-80.05829495286453,-80.05829495286453
0.34,-80.05934031644513,-80.05934031644513
0.35000000000000003,-80.06037124035578,-80.06037124035578
0.36,-80.06138836728323,-80.06138836728323
0.37,-80.06239229624614,-80.06239229624614
0.38,-80.06338358656961,-80.06338358656961
0.39,-80.0643627614424,-80.0643627614424
0.4,-80.06533031107264,-80.06533031107264
0.41000000000000003,-80.06628669547712,-80.06628669547712
0.42,-80.0672323470326,-80.0672323470326
0.43,-80.06816767272178,-80.06816767272178
0.44,-80.06909305616489,-80.06909305616489
0.45,-80.07000885944325,-80.07000885944325
0.46,-80.07091542477382,-80.07091542477382
0.47000000000000003,-80.07181307597939,-80.07181307597939
0.48,-80.07270211985644,-80.07270211985644
0.49,-80.07358284740907,-80.07358284740907
0.5,-80.07445553495543,-80.07445553495543
0.51,-80.07532044515708,-80.07532044515708
0.52,-80.07617782794175,-80.07617782794175
0.53,-80.07702792136237,-80.07702792136237
0.54,-80.07787095236623,-80.07787095236623
0.55,-80.07870713751835,-80.07870713751835
0.56,-80.0795366836416,-80.0795366836416
0.5700000000000001,-80.08035978844174,-80.08035978844174
0.58,-80.08117664104229,-80.08117664104229
0.59,-80.08198742250504,-80.08198742250504
0.6,-80.08279230629932,-80.08279230629932
0.61,-80.08359145873814,-80.08359145873814
0.62,-80.08438503939122,-80.08438503939122
0.63,-80.08517320144712,-80.08517320144712
0.64,-80.08595609206948,-80.08595609206948
0.65,-80.086733852711,-80.086733852711
0.66,-80.08750661942777,-80.08750661942777
0.67,-80.08827452314988,-80.08827452314988
0.68,-80.08903768993609,-80.08903768993609
0.6900000000000001,-80.08979624123641,-80.08979624123641
0.7000000000000001,-80.09055029410082,-80.09055029410082
0.71,-80.09129996139897,-80.09129996139897
0.72,-80.0920453520238,-80.0920453520238
0.73,-80.09278657107329,-80.09278657107329
0.74,-80.09352372002166,-80.09352372002166
0.75,-80.0942568969022,-80.0942568969022
0.76,-80.09498619643684,-80.09498619643684
0.77,-80.09571171019306,-80.09571171019306
0.78,-80.09643352673838,-80.09643352673838
0.79,-80.09715173173338,-80.09715173173338
0.8,-80.09786640808254,-80.09786640808254
0.81,-80.09857763604884,-80.09857763604884
0.8200000000000001,-80.0992854933419,-80.0992854933419
0.8300000000000001,-80.09999005524588,-80.09999005524588
0.84,-80.10069139469326,-80.10069139469326
0.85,-80.10138958237698,-80.10138958237698
0.8500000238418579,-80.10138958404058,-80.10138958404058
0.8600000238418579,-80.10208468848877,-80.10208468848877
0.8700000238418579,-80.10277677616124,-80.10277677616124
0.8800000238418579,-80.10346591151978,-80.10346591151978
0.890000023841858,-80.10415215710188,-80.10415215710188
0.900000023841858,-80.10483557359824,-80.10483557359824
0.910000023841858,-80.10551621991742,-80.10551621991742
0.9200000238418579,-80.10619415324686,-80.10619415324686
0.9300000238418579,-80.10686942912417,-80.10686942912417
0.9400000238418579,-80.10754210148694,-80.10754210148694
0.9500000238418579,-80.10821222273822,-80.10821222273822
0.9600000238418579,-80.10887984379056,-80.10887984379056
0.9700000238418579,-80.10954501412732,-80.10954501412732
0.9800000238418579,-80.11020778184573,-80.11020778184573
0.9900000238418579,-80.1108681937036,-80.1108681937036
1.0000000238418578,-80.11152629516744,-80.11152629516744
1.0100000238418578,-80.11218213045134,-80.11218213045134
1.0200000238418578,-80.11283574256457,-80.11283574256457
1.0300000238418578,-80.113487173348,-80.113487173348
1.0400000238418579,-80.1141364635075,-80.1141364635075
1.0500000238418579,-80.11478365266679,-80.11478365266679
1.0600000238418579,-80.11542877937451,-80.11542877937451
1.0700000238418579,-80.11607188116503,-80.11607188116503
1.080000023841858,-80.11671299457824,-80.11671299457824
1.090000023841858,-80.11735215518883,-80.11735215518883
1.100000023841858,-80.11798939764292,-80.11798939764292
1.110000023841858,-80.11862475568557,-80.11862475568557
1.120000023841858,-80.11925826218514,-80.11925826218514
1.130000023841858,-80.11988994915887,-80.11988994915887
1.140000023841858,-80.12051984781124,-80.12051984781124
1.150000023841858,-80.12114798853555,-80.12114798853555
1.160000023841858,-80.12177440095914,-80.12177440095914
1.170000023841858,-80.12239911395721,-80.12239911395721
1.180000023841858,-80.12302215567644,-80.12302215567644
1.190000023841858,-80.12364355355324,-80.12364355355324
1.200000023841858,-80.12426333434688,-80.12426333434688
1.210000023841858,-80.12488152413998,-80.12488152413998
1.220000023841858,-80.12549814837405,-80.12549814837405
1.230000023841858,-80.12611323186236,-80.12611323186236
1.2400000238418578,-80.12672679880481,-80.12672679880481
1.2500000238418578,-80.12733887281243,-80.12733887281243
1.2600000238418578,-80.12794947691192,-80.12794947691192
1.2700000238418578,-80.12855863358067,-80.12855863358067
1.2800000238418578,-80.12916636475299,-80.12916636475299
1.2900000238418579,-80.12977269182281,-80.12977269182281
1.3000000238418579,-80.13037763568165,-80.13037763568165
1.3100000238418579,-80.13098121670868,-80.13098121670868
1.3200000238418579,-80.13158345481584,-80.13158345481584
1.330000023841858,-80.1321843694265,-80.1321843694265
1.340000023841858,-80.13278397951339,-80.13278397951339
1.350000023841858,-80.13338230359957,-80.13338230359957
1.360000023841858,-80.13397935977547,-80.13397935977547
1.370000023841858,-80.13457516570475,-80.13457516570475
1.380000023841858,-80.13516973864097,-80.13516973864097
1.390000023841858,-80.13576309543703,-80.13576309543703
1.400000023841858,-80.13635525256143,-80.13635525256143
1.410000023841858,-80.13694622610205,-80.13694622610205
1.420000023841858,-80.13753603176988,-80.13753603176988
1.430000023841858,-80.1381246849217,-80.1381246849217
1.440000023841858,-80.1387122005685,-80.1387122005685
1.450000023841858,-80.13929859338106,-80.13929859338106
1.460000023841858,-80.13988387768738,-80.13988387768738
1.470000023841858,-80.14046806750203,-80.14046806750203
1.480000023841858,-80.14105117652602,-80.14105117652602
1.490000023841858,-80.14163321815275,-80.14163321815275
1.5000000238418578,-80.14221420547268,-80.14221420547268
1.5100000238418578,-80.14279415128819,-80.14279415128819
1.5200000238418578,-80.14337306812196,-80.14337306812196
1.5300000238418578,-80.14395096822162,-80.14395096822162
1.5400000238418579,-80.14452786355326,-80.14452786355326
1.5500000238418579,-80.14510376584073,-80.14510376584073
1.5600000238418579,-80.1456786865363,-80.1456786865363
1.5700000238418579,-80.14625263684813,-80.14625263684813
1.580000023841858,-80.14682562775107,-80.14682562775107
1.590000023841858,-80.14739766996983,-80.14739766996983
1.600000023841858,-80.14796877400715,-80.14796877400715
1.610000023841858,-80.1485389501442,-80.1485389501442
1.620000023841858,-80.14910820842991,-80.14910820842991
1.630000023841858,-80.14967655871072,-80.14967655871072
1.640000023841858,-80.15024401062165,-80.15024401062165
1.650000023841858,-80.15081057359636,-80.15081057359636
1.660000023841858,-80.15137625687349,-80.15137625687349
1.670000023841858,-80.15194106948502,-80.15194106948502
1.680000023841858,-80.1525050202886,-80.1525050202886
1.690000023841858,-80.15306811795382,-80.15306811795382
1.7000000476837158,-80.15363037230905,-80.15363037230905
1.7100000476837158,-80.1541917889931,-80.1541917889931
1.7200000476837158,-80.15475237748365,-80.15475237748365
1.7300000476837158,-80.15531214577018,-80.15531214577018
1.7400000476837159,-80.1558711016567,-80.1558711016567
1.7500000476837159,-80.1564292528058,-80.1564292528058
1.7600000476837159,-80.15698660671777,-80.15698660671777
1.7700000476837159,-80.15754317074604,-80.15754317074604
1.780000047683716,-80.15809895209482,-80.15809895209482
1.790000047683716,-80.15865395781805,-80.15865395781805
1.800000047683716,-80.15920819484359,-80.15920819484359
1.810000047683716,-80.15976166994645,-80.15976166994645
1.820000047683716,-80.16031438977741,-80.16031438977741
1.8300000476837157,-80.1608663608571,-80.1608663608571
1.8400000476837157,-80.16141758957684,-80.16141758957684
1.8500000476837157,-80.16196808219874,-80.16196808219874
1.8600000476837157,-80.16251784486653,-80.16251784486653
1.8700000476837157,-80.16306688360991,-80.16306688360991
1.8800000476837158,-80.16361520433401,-80.16361520433401
1.8900000476837158,-80.16416281283544,-80.16416281283544
1.9000000476837158,-80.16470971479657,-80.16470971479657
1.9100000476837158,-80.16525591579968,-80.16525591579968
1.9200000476837158,-80.16580142131096,-80.16580142131096
1.9300000476837158,-80.16634623669864,-80.16634623669864
1.9400000476837158,-80.16689036723245,-80.16689036723245
1.9500000476837158,-80.16743381807728,-80.16743381807728
1.9600000476837158,-80.16797659430878,-80.16797659430878
1.9700000476837158,-80.16851870090035,-80.16851870090035
1.9800000476837158,-80.1690601427402,-80.1690601427402
1.9900000476837159,-80.16960092462519,-80.16960092462519
2.0000000476837156,-80.17014105126297,-80.17014105126297
2.010000047683716,-80.17068052727376,-80.17068052727376
2.0200000476837157,-80.17121935719905,-80.17121935719905
2.030000047683716,-80.17175754548668,-80.17175754548668
2.0400000476837157,-80.17229509652144,-80.17229509652144
2.050000047683716,-80.1728320145956,-80.1728320145956
2.0600000476837157,-80.17336830393266,-80.17336830393266
2.070000047683716,-80.1739039686759,-80.1739039686759
2.0800000476837157,-80.17443901289896,-80.17443901289896
2.090000047683716,-80.17497344059963,-80.17497344059963
2.1000000476837157,-80.17550725570935,-80.17550725570935
2.110000047683716,-80.1760404620905,-80.1760404620905
2.1200000476837157,-80.17657306353642,-80.17657306353642
2.130000047683716,-80.17710506377819,-80.17710506377819
2.1400000476837158,-80.17763646647832,-80.17763646647832
2.150000047683716,-80.17816727523596,-80.17816727523596
2.160000047683716,-80.17869749359731,-80.17869749359731
2.170000047683716,-80.1792271250376,-80.1792271250376
2.180000047683716,-80.17975617298102,-80.17975617298102
2.190000047683716,-80.18028464078702,-80.18028464078702
2.200000047683716,-80.1808125317672,-80.1808125317672
2.210000047683716,-80.18133984916648,-80.18133984916648
2.220000047683716,-80.18186659619069,-80.18186659619069
2.2300000476837156,-80.18239277597978,-80.18239277597978
2.240000047683716,-80.18291839162798,-80.18291839162798
2.2500000476837156,-80.18344344618102,-80.18344344618102
2.260000047683716,-80.18396794262783,-80.18396794262783
2.2700000476837157,-80.18449188391696,-80.18449188391696
2.280000047683716,-80.18501527294325,-80.18501527294325
2.2900000476837157,-80.18553811256048,-80.18553811256048
2.300000047683716,-80.18606040556728,-80.18606040556728
2.3100000476837157,-80.18658215473033,-80.18658215473033
2.320000047683716,-80.18710336276438,-80.18710336276438
2.3300000476837157,-80.18762403234344,-80.18762403234344
2.340000047683716,-80.1881441660969,-80.1881441660969
2.3500000476837157,-80.18866376662034,-80.18866376662034
2.360000047683716,-80.1891828364586,-80.1891828364586
2.3700000476837157,-80.1897013781298,-80.1897013781298
2.380000047683716,-80.19021939410375,-80.19021939410375
2.3900000476837158,-80.19073688681264,-80.19073688681264
2.400000047683716,-80.19125385865603,-80.19125385865603
2.410000047683716,-80.19177031200086,-80.19177031200086
2.420000047683716,-80.19228624916315,-80.19228624916315
2.430000047683716,-80.19280167244332,-80.19280167244332
2.440000047683716,-80.19331658409602,-80.19331658409602
2.450000047683716,-80.19383098634627,-80.19383098634627
2.460000047683716,-80.19434488138057,-80.19434488138057
2.470000047683716,-80.19485827136056,-80.19485827136056
2.4800000476837156,-80.19537115841298,-80.19537115841298
2.490000047683716,-80.19588354463724,-80.19588354463724
2.5000000476837156,-80.19639543209523,-80.19639543209523
2.510000047683716,-80.19690682282454,-80.19690682282454
2.5200000476837157,-80.19741771882956,-80.19741771882956
2.530000047683716,-80.19792812209332,-80.19792812209332
2.5400000476837157,-80.19843803456658,-80.19843803456658
2.5500000715255737,-80.19894745938615,-80.19894745938615
2.5600000715255735,-80.19945639601777,-80.19945639601777
2.5700000715255737,-80.19996484754954,-80.19996484754954
2.5800000715255735,-80.20047281582202,-80.20047281582202
2.5900000715255738,-80.20098030265447,-80.20098030265447
2.6000000715255736,-80.20148730984195,-80.20148730984195
2.610000071525574,-80.20199383915559,-80.20199383915559
2.6200000715255736,-80.20249989233787,-80.20249989233787
2.630000071525574,-80.20300547111147,-80.20300547111147
2.6400000715255736,-80.2035105771761,-80.2035105771761
2.650000071525574,-80.20401521220292,-80.20401521220292
2.6600000715255736,-80.20451937785349,-80.20451937785349
2.670000071525574,-80.20502307575407,-80.20502307575407
2.6800000715255736,-80.20552630752161,-80.20552630752161
2.690000071525574,-80.20602907474115,-80.20602907474115
2.7000000715255736,-80.20653137898655,-80.20653137898655
2.710000071525574,-80.2070262092001,-80.2070262092001
2.7200000715255737,-80.20751048657486,-80.20751048657486
2.730000071525574,-80.20798270387682,-80.20798270387682
2.7400000715255737,-80.20844208103361,-80.20844208103361
2.750000071525574,-80.20888824315332,-80.20888824315332
2.7600000715255737,-80.20932105355469,-80.20932105355469
2.770000071525574,-80.20974051599664,-80.20974051599664
2.7800000715255737,-80.21014671601951,-80.21014671601951
2.790000071525574,-80.21053978568436,-80.21053978568436
2.8000000715255737,-80.21091988239418,-80.21091988239418
2.8100000715255735,-80.21128717624413,-80.21128717624413
2.8200000715255737,-80.21164184261438,-80.21164184261438
2.8300000715255735,-80.21198405783319,-80.21198405783319
2.8400000715255738,-80.21231399680534,-80.21231399680534
2.8500000715255736,-80.21263183180935,-80.21263183180935
2.860000071525574,-80.2129377319216,-80.2129377319216
2.8700000715255736,-80.21323186292571,-80.21323186292571
2.880000071525574,-80.21351438739666,-80.21351438739666
2.8900000715255736,-80.2137854649028,-80.2137854649028
2.900000071525574,-80.21404525227935,-80.21404525227935
2.9100000715255736,-80.21429390389426,-80.21429390389426
2.920000071525574,-80.21453157190976,-80.21453157190976
2.9300000715255736,-80.21475840654324,-80.21475840654324
2.940000071525574,-80.2149745562353,-80.2149745562353
2.9500000715255736,-80.21518016790169,-80.21518016790169
2.960000071525574,-80.21536837464576,-80.21536837464576
2.9700000715255737,-80.21553624109951,-80.21553624109951
2.980000071525574,-80.21568240254196,-80.21568240254196
2.9900000715255737,-80.2158062204392,-80.2158062204392
3.000000071525574,-80.21590746052041,-80.21590746052041
3.0100000715255737,-80.2159861258363,-80.2159861258363
3.020000071525574,-80.21604235903644,-80.21604235903644
3.0300000715255737,-80.21607638370718,-80.21607638370718
3.040000071525574,-80.21608846914113,-80.21608846914113
3.0500000715255737,-80.21607890915828,-80.21607890915828
3.060000071525574,-80.21604800949082,-80.21604800949082
3.0700000715255737,-80.21599608033468,-80.21599608033468
3.0800000715255735,-80.21592343202933,-80.21592343202933
3.0900000715255738,-80.21583037268134,-80.21583037268134
3.1000000715255736,-80.21571720694831,-80.21571720694831
3.110000071525574,-80.21558423545294,-80.21558423545294
3.1200000715255736,-80.21543175467401,-80.21543175467401
3.130000071525574,-80.21526005702687,-80.21526005702687
3.1400000715255736,-80.21506943105155,-80.21506943105155
3.150000071525574,-80.21486016164289,-80.21486016164289
3.1600000715255736,-80.21463253033774,-80.21463253033774
3.170000071525574,-80.21438681555244,-80.21438681555244
3.1800000715255736,-80.21412329279546,-80.21412329279546
3.190000071525574,-80.21384223488447,-80.21384223488447
3.2000000715255736,-80.21354391210939,-80.21354391210939
3.210000071525574,-80.21322158179399,-80.21322158179399
3.2200000715255737,-80.21287243188365,-80.21287243188365
3.230000071525574,-80.2124952199416,-80.2124952199416
3.2400000715255737,-80.21208942866517,-80.21208942866517
3.250000071525574,-80.21165494396521,-80.21165494396521
3.2600000715255737,-80.21119188800131,-80.21119188800131
3.270000071525574,-80.21070052145444,-80.21070052145444
3.2800000715255737,-80.21018118486359,-80.21018118486359
3.290000071525574,-80.20963426332891,-80.20963426332891
3.3000000715255737,-80.20906016538444,-80.20906016538444
3.310000071525574,-80.20845931033047,-80.20845931033047
3.3200000715255737,-80.20783212079668,-80.20783212079668
3.3300000715255735,-80.20717901840965,-80.20717901840965
3.3400000715255738,-80.2065004214204,-80.2065004214204
3.3500000715255736,-80.20579674345318,-80.20579674345318
3.360000071525574,-80.20506839296209,-80.20506839296209
3.3700000715255736,-80.20431577309068,-80.20431577309068
3.380000071525574,-80.20353928175321,-80.20353928175321
3.3900000715255736,-80.20273931181386,-80.20273931181386
3.4000000953674316,-80.20191624939301,-80.20191624939301
3.4100000953674314,-80.20107048187751,-80.20107048187751
3.4200000953674317,-80.20020238665212,-80.20020238665212
3.4300000953674314,-80.19931233891843,-80.19931233891843
3.4400000953674317,-80.198400709994,-80.198400709994
3.4500000953674315,-80.19746786754047,-80.19746786754047
3.4600000953674317,-80.1965141756627,-80.1965141756627
3.4700000953674315,-80.19553999504762,-80.19553999504762
3.4800000953674317,-80.19454568307556,-80.19454568307556
3.4900000953674315,-80.19353159386564,-80.19353159386564
3.5000000953674317,-80.19249807837936,-80.19249807837936
3.5100000953674315,-80.19144548443107,-80.19144548443107
3.5200000953674317,-80.190374156765,-80.190374156765
3.5300000953674315,-80.18928443705451,-80.18928443705451
3.5400000953674318,-80.18817666392766,-80.18817666392766
3.5500000953674316,-80.18705117297573,-80.18705117297573
3.560000095367432,-80.18590829678038,-80.18590829678038
3.5700000953674316,-80.18474836487682,-80.18474836487682
3.580000095367432,-80.18357170380138,-80.18357170380138
3.5900000953674316,-80.18237863705764,-80.18237863705764
3.600000095367432,-80.18116948511408,-80.18116948511408
3.6100000953674316,-80.17994456540184,-80.17994456540184
3.620000095367432,-80.17870419231362,-80.17870419231362
3.6300000953674316,-80.17744867718949,-80.17744867718949
3.640000095367432,-80.17617832829845,-80.17617832829845
3.6500000953674316,-80.17489345087833,-80.17489345087833
3.6600000953674314,-80.17359434705078,-80.17359434705078
3.6700000953674317,-80.1722813158914,-80.1722813158914
3.6800000953674314,-80.17095465338105,-80.17095465338105
3.6900000953674317,-80.16961465240931,-80.16961465240931
3.7000000953674315,-80.16826160278033,-80.16826160278033
3.7100000953674317,-80.16689579120482,-80.16689579120482
3.7200000953674315,-80.16551750128086,-80.16551750128086
3.7300000953674317,-80.16412701353694,-80.16412701353694
3.7400000953674315,-80.16272460538619,-80.16272460538619
3.7500000953674317,-80.16131055115191,-80.16131055115191
3.7600000953674315,-80.15988512207028,-80.15988512207028
3.7700000953674317,-80.15844858629318,-80.15844858629318
3.7800000953674315,-80.15700120888698,-80.15700120888698
3.7900000953674318,-80.15554325184203,-80.15554325184203
3.8000000953674316,-80.15407497408346,-80.15407497408346
3.810000095367432,-80.15259663147918,-80.15259663147918
3.8200000953674316,-80.15110847684733,-80.15110847684733
3.830000095367432,-80.14961075995812,-80.14961075995812
3.8400000953674316,-80.14810372755878,-80.14810372755878
3.850000095367432,-80.14658762338946,-80.14658762338946
3.8600000953674316,-80.14506268817408,-80.14506268817408
3.870000095367432,-80.1435291596512,-80.1435291596512
3.8800000953674316,-80.14198727259009,-80.14198727259009
3.890000095367432,-80.14043725879968,-80.14043725879968
3.9000000953674316,-80.13887934713163,-80.13887934713163
3.910000095367432,-80.13731376353886,-80.13731376353886
3.9200000953674317,-80.13574073104303,-80.13574073104303
3.9300000953674314,-80.1341604697972,-80.1341604697972
3.9400000953674317,-80.13257319706074,-80.13257319706074
3.9500000953674315,-80.13097912725085,-80.13097912725085
3.9600000953674317,-80.12937847195202,-80.12937847195202
3.9700000953674315,-80.12777143993993,-80.12777143993993
3.9800000953674317,-80.12615823719788,-80.12615823719788
3.9900000953674315,-80.12453906693953,-80.12453906693953
4.000000095367431,-80.12291412963658,-80.12291412963658
4.010000095367432,-80.121283623014,-80.121283623014
4.020000095367432,-80.11964774211528,-80.11964774211528
4.0300000953674315,-80.11800667930024,-80.11800667930024
4.040000095367431,-80.11636062426331,-80.11636062426331
4.050000095367432,-80.11470976406078,-80.11470976406078
4.060000095367432,-80.113054283142,-80.113054283142
4.070000095367432,-80.11139436338067,-80.11139436338067
4.080000095367431,-80.10973018406852,-80.10973018406852
4.090000095367432,-80.10806192196557,-80.10806192196557
4.100000095367432,-80.10638975132287,-80.10638975132287
4.110000095367432,-80.10471384388468,-80.10471384388468
4.120000095367431,-80.10303436893894,-80.10303436893894
4.130000095367432,-80.10135149333146,-80.10135149333146
4.140000095367432,-80.09966538149517,-80.09966538149517
4.150000095367432,-80.09797619545981,-80.09797619545981
4.160000095367431,-80.09628409489177,-80.09628409489177
4.170000095367431,-80.09458923711635,-80.09458923711635
4.180000095367432,-80.09289177714005,-80.09289177714005
4.190000095367432,-80.09119186766925,-80.09119186766925
4.2000000953674315,-80.08948965914576,-80.08948965914576
4.210000095367431,-80.08777830483383,-80.08777830483383
4.220000095367432,-80.08605488348302,-80.08605488348302
4.230000095367432,-80.08431804112908,-80.08431804112908
4.2400000953674315,-80.08256714774521,-80.08256714774521
4.2500001192092896,-80.08080197147434,-80.08080197147434
4.260000119209289,-80.07902252861354,-80.07902252861354
4.270000119209289,-80.07722896086737,-80.07722896086737
4.28000011920929,-80.07542149337422,-80.07542149337422
4.29000011920929,-80.07360039531062,-80.07360039531062
4.300000119209289,-80.07176595877468,-80.07176595877468
4.310000119209289,-80.06991848615193,-80.06991848615193
4.32000011920929,-80.06805828275189,-80.06805828275189
4.33000011920929,-80.06618565251564,-80.06618565251564
4.340000119209289,-80.06430089565615,-80.06430089565615
4.350000119209289,-80.06240430752995,-80.06240430752995
4.36000011920929,-80.06049617809913,-80.06049617809913
4.37000011920929,-80.05857679185513,-80.05857679185513
4.3800001192092894,-80.05664642797679,-80.05664642797679
4.390000119209289,-80.05470536054173,-80.05470536054173
4.40000011920929,-80.05275385886034,-80.05275385886034
4.41000011920929,-80.05079218778147,-80.05079218778147
4.4200001192092895,-80.04882060796254,-80.04882060796254
4.430000119209289,-80.04683937619193,-80.04683937619193
4.44000011920929,-80.04484874559466,-80.04484874559466
4.45000011920929,-80.04284896586965,-80.04284896586965
4.4600001192092895,-80.0408332937418,-80.0408332937418
4.470000119209289,-80.03879890856577,-80.03879890856577
4.48000011920929,-80.03674455538227,-80.03674455538227
4.49000011920929,-80.03466970214764,-80.03466970214764
4.5000001192092896,-80.03257421839938,-80.03257421839938
4.510000119209289,-80.03045820860741,-80.03045820860741
4.520000119209289,-80.02832191460207,-80.02832191460207
4.53000011920929,-80.02616565697652,-80.02616565697652
4.54000011920929,-80.02398979991275,-80.02398979991275
4.550000119209289,-80.02179473002644,-80.02179473002644
4.560000119209289,-80.01958084383291,-80.01958084383291
4.57000011920929,-80.01734854029282,-80.01734854029282
4.58000011920929,-80.01509821658921,-80.01509821658921
4.590000119209289,-80.01283026574329,-80.01283026574329
4.600000119209289,-80.01054507546704,-80.01054507546704
4.61000011920929,-80.00824302765047,-80.00824302765047
4.62000011920929,-80.0059244982479,-80.0059244982479
4.6300001192092894,-80.00358985741984,-80.00358985741984
4.640000119209289,-80.0012394697541,-80.0012394697541
4.65000011920929,-79.99887369457073,-79.99887369457073
4.66000011920929,-79.99649288621757,-79.99649288621757
4.6700001192092895,-79.99409739431098,-79.99409739431098
4.680000119209289,-79.99168756406071,-79.99168756406071
4.69000011920929,-79.9892637364489,-79.9892637364489
4.70000011920929,-79.98682624847247,-79.98682624847247
4.7100001192092895,-79.98437543328589,-79.98437543328589
4.720000119209289,-79.98191162037418,-79.98191162037418
4.73000011920929,-79.97943513565835,-79.97943513565835
4.74000011920929,-79.97694630160775,-79.97694630160775
4.7500001192092896,-79.97444543733313,-79.97444543733313
4.760000119209289,-79.97193285863952,-79.97193285863952
4.770000119209289,-79.96940887810763,-79.96940887810763
4.78000011920929,-79.96687380510986,-79.96687380510986
4.79000011920929,-79.964327945882,-79.964327945882
4.800000119209289,-79.96177160352427,-79.96177160352427
4.810000119209289,-79.95920507803298,-79.95920507803298
4.82000011920929,-79.95662866632362,-79.95662866632362
4.83000011920929,-79.95404266224557,-79.95404266224557
4.840000119209289,-79.95144735658947,-79.95144735658947
4.850000119209289,-79.94884303708555,-79.94884303708555
4.86000011920929,-79.94622998842698,-79.94622998842698
4.87000011920929,-79.94360849226855,-79.94360849226855
4.8800001192092894,-79.9409788272231,-79.9409788272231
4.890000119209289,-79.93834126888092,-79.93834126888092
4.90000011920929,-79.93569608978072,-79.93569608978072
4.91000011920929,-79.93304355945627,-79.93304355945627
4.9200001192092895,-79.9303839444019,-79.9303839444019
4.930000119209289,-79.9277175080984,-79.9277175080984
4.94000011920929,-79.92504451100085,-79.92504451100085
4.95000011920929,-79.92236521055652,-79.92236521055652
4.9600001192092895,-79.91967986119786,-79.91967986119786
4.970000119209289,-79.9169887143565,-79.9169887143565
4.98000011920929,-79.91429201846759,-79.91429201846759
4.99000011920929,-79.91159001896094,-79.91159001896094
5.0000001192092896,-79.90888295829447,-79.90888295829447
5.010000119209289,-79.90617107594876,-79.90617107594876
5.020000119209289,-79.903454608433,-79.903454608433
5.03000011920929,-79.90073378930057,-79.90073378930057
5.04000011920929,-79.89800884915832,-79.89800884915832
5.050000119209289,-79.89528001568033,-79.89528001568033
5.060000119209289,-79.89254751361163,-79.89254751361163
5.07000011920929,-79.88981156478879,-79.88981156478879
5.08000011920929,-79.88707238815894,-79.88707238815894
5.090000119209289,-79.88433019978122,-79.88433019978122
5.1000001430511475,-79.88158520630124,-79.88158520630124
5.110000143051147,-79.87883763113189,-79.87883763113189
5.120000143051147,-79.87608767526844,-79.87608767526844
5.130000143051148,-79.87333554338866,-79.87333554338866
5.1400001430511475,-79.87058143738518,-79.87058143738518
5.150000143051147,-79.86782555635891,-79.86782555635891
5.160000143051147,-79.86506809665833,-79.86506809665833
5.170000143051148,-79.86230925187705,-79.86230925187705
5.1800001430511475,-79.85954921289326,-79.85954921289326
5.190000143051147,-79.8567881678823,-79.8567881678823
5.200000143051147,-79.85402630232485,-79.85402630232485
5.210000143051148,-79.85125682877872,-79.85125682877872
5.220000143051148,-79.84847687430783,-79.84847687430783
5.230000143051147,-79.8456851283902,-79.8456851283902
5.240000143051147,-79.84288100191965,-79.84288100191965
5.250000143051148,-79.84006430652073,-79.84006430652073
5.260000143051148,-79.83723508816755,-79.83723508816755
5.270000143051147,-79.83439352971904,-79.83439352971904
5.280000143051147,-79.83153989243229,-79.83153989243229
5.290000143051148,-79.8286744807754,-79.8286744807754
5.300000143051148,-79.82579762134131,-79.82579762134131
5.310000143051147,-79.82290965027242,-79.82290965027242
5.320000143051147,-79.82001090588169,-79.82001090588169
5.330000143051148,-79.81710172439549,-79.81710172439549
5.340000143051148,-79.81418243765235,-79.81418243765235
5.3500001430511475,-79.81125337192196,-79.81125337192196
5.360000143051147,-79.80831484743989,-79.80831484743989
5.370000143051147,-79.80536717832851,-79.80536717832851
5.380000143051148,-79.80241067274943,-79.80241067274943
5.3900001430511475,-79.79944563317795,-79.79944563317795
5.400000143051147,-79.79647235669513,-79.79647235669513
5.410000143051147,-79.79349113533299,-79.79349113533299
5.420000143051148,-79.79050225637361,-79.79050225637361
5.4300001430511475,-79.78747078072993,-79.78747078072993
5.440000143051147,-79.78438752872583,-79.78438752872583
5.450000143051147,-79.78124862563035,-79.78124862563035
5.460000143051148,-79.7780509161644,-79.7780509161644
5.470000143051148,-79.77479137898577,-79.77479137898577
5.480000143051147,-79.77146718299471,-79.77146718299471
5.490000143051147,-79.76807577454359,-79.76807577454359
5.500000143051148,-79.76456878726228,-79.76456878726228
5.510000143051148,-79.76092529117635,-79.76092529117635
5.520000143051147,-79.75713327744884,-79.75713327744884
5.530000143051147,-79.75318552722854,-79.75318552722854
5.540000143051148,-79.74907782425458,-79.74907782425458
5.550000143051148,-79.74480782437998,-79.74480782437998
5.560000143051147,-79.74037434111942,-79.74037434111942
5.570000143051147,-79.73577691092402,-79.73577691092402
5.580000143051148,-79.73101553382533,-79.73101553382533
5.590000143051148,-79.72609051982896,-79.72609051982896
5.6000001430511475,-79.72100239749845,-79.72100239749845
5.610000143051147,-79.71575185918628,-79.71575185918628
5.620000143051147,-79.71033972746378,-79.71033972746378
5.630000143051148,-79.70476693392416,-79.70476693392416
5.6400001430511475,-79.69903450514124,-79.69903450514124
5.650000143051147,-79.69314355278078,-79.69314355278078
5.660000143051147,-79.68709526605052,-79.68709526605052
5.670000143051148,-79.68089090550646,-79.68089090550646
5.6800001430511475,-79.67453179775842,-79.67453179775842
5.690000143051147,-79.66801933051728,-79.66801933051728
5.700000143051147,-79.66135494807091,-79.66135494807091
5.710000143051148,-79.6545401469868,-79.6545401469868
5.720000143051148,-79.64757647195071,-79.64757647195071
5.730000143051147,-79.64046551184411,-79.64046551184411
5.740000143051147,-79.6332088959726,-79.6332088959726
5.750000143051148,-79.62580829043807,-79.62580829043807
5.760000143051148,-79.61826539474993,-79.61826539474993
5.770000143051147,-79.61058193853519,-79.61058193853519
5.780000143051147,-79.60275967847282,-79.60275967847282
5.790000143051148,-79.59480039536513,-79.59480039536513
5.800000143051148,-79.58670589139302,-79.58670589139302
5.810000143051147,-79.57847798750254,-79.57847798750254
5.820000143051147,-79.57011852095445,-79.57011852095445
5.830000143051148,-79.56162934306627,-79.56162934306627
5.840000143051148,-79.55301231698759,-79.55301231698759
5.8500001430511475,-79.54426931572975,-79.54426931572975
5.860000143051147,-79.53540222024161,-79.53540222024161
5.870000143051147,-79.52641291760654,-79.52641291760654
5.880000143051148,-79.51730329940771,-79.51730329940771
5.8900001430511475,-79.50807526012585,-79.50807526012585
5.900000143051147,-79.49873069568852,-79.49873069568852
5.910000143051147,-79.48927150211081,-79.48927150211081
5.920000143051148,-79.47969957418246,-79.47969957418246
5.9300001430511475,-79.47001680428883,-79.47001680428883
5.940000143051147,-79.46022508129562,-79.46022508129562
5.950000166893005,-79.45032626588322,-79.45032626588322
5.960000166893005,-79.44032228361557,-79.44032228361557
5.970000166893005,-79.43021498355819,-79.43021498355819
5.980000166893006,-79.42000623058713,-79.42000623058713
5.990000166893005,-79.40969788150854,-79.40969788150854
6.000000166893005,-79.39929178428372,-79.39929178428372
6.010000166893005,-79.38878977731325,-79.38878977731325
6.020000166893006,-79.37819368883923,-79.37819368883923
6.030000166893005,-79.36750533632316,-79.36750533632316
6.040000166893005,-79.35672652591064,-79.35672652591064
6.050000166893005,-79.34585905189486,-79.34585905189486
6.060000166893006,-79.33490469629517,-79.33490469629517
6.0700001668930055,-79.32386522836926,-79.32386522836926
6.080000166893005,-79.31274240424992,-79.31274240424992
6.090000166893005,-79.30153796654717,-79.30153796654717
6.100000166893006,-79.29025364403188,-79.29025364403188
6.1100001668930055,-79.27889115132659,-79.27889115132659
6.120000166893005,-79.26745218859703,-79.26745218859703
6.130000166893005,-79.25593844132248,-79.25593844132248
6.140000166893006,-79.24435158003556,-79.24435158003556
6.1500001668930055,-79.23269326014119,-79.23269326014119
6.160000166893005,-79.2209651217052,-79.2209651217052
6.170000166893005,-79.20916878928537,-79.20916878928537
6.180000166893006,-79.19730587178742,-79.19730587178742
6.190000166893006,-79.18537796232515,-79.18537796232515
6.200000166893005,-79.1733866381249,-79.1733866381249
6.210000166893005,-79.16132656085182,-79.16132656085182
6.220000166893005,-79.14919626342193,-79.14919626342193
6.230000166893006,-79.13699581553209,-79.13699581553209
6.240000166893005,-79.12472598901186,-79.12472598901186
6.250000166893005,-79.11238793953268,-79.11238793953268
6.260000166893005,-79.09998304136668,-79.09998304136668
6.270000166893006,-79.08751279057692,-79.08751279057692
6.280000166893005,-79.07497874681266,-79.07497874681266
6.290000166893005,-79.06238249831868,-79.06238249831868
6.300000166893005,-79.0497256409214,-79.0497256409214
6.310000166893006,-79.03700976554495,-79.03700976554495
6.3200001668930055,-79.02423645089036,-79.02423645089036
6.330000166893005,-79.01140725916578,-79.01140725916578
6.340000166893005,-78.99852373389572,-78.99852373389572
6.350000166893006,-78.9855873987353,-78.9855873987353
6.3600001668930055,-78.97259975706906,-78.97259975706906
6.370000166893005,-78.95956229200074,-78.95956229200074
6.380000166893005,-78.94647646654624,-78.94647646654624
6.390000166893006,-78.93334372396185,-78.93334372396185
6.4000001668930055,-78.92016548815096,-78.92016548815096
6.410000166893005,-78.90694316401375,-78.90694316401375
6.420000166893005,-78.89367813787398,-78.89367813787398
6.430000166893006,-78.8803717778194,-78.8803717778194
6.440000166893006,-78.86702543404014,-78.86702543404014
6.450000166893005,-78.85364043915988,-78.85364043915988
6.460000166893005,-78.84021123920574,-78.84021123920574
6.470000166893005,-78.82673613524368,-78.82673613524368
6.480000166893006,-78.81321495845494,-78.81321495845494
6.490000166893005,-78.7996482390405,-78.7996482390405
6.500000166893005,-78.7860368893847,-78.7860368893847
6.510000166893005,-78.77238203962814,-78.77238203962814
6.520000166893006,-78.75868494135511,-78.75868494135511
6.530000166893005,-78.74494690978268,-78.74494690978268
6.540000166893005,-78.73116928902128,-78.73116928902128
6.550000166893005,-78.7173534312815,-78.7173534312815
6.560000166893006,-78.70350068455387,-78.70350068455387
6.5700001668930055,-78.68961238539698,-78.68961238539698
6.580000166893005,-78.6756898548514,-78.6756898548514
6.590000166893005,-78.66173439629208,-78.66173439629208
6.600000166893006,-78.6477472943859,-78.6477472943859
6.6100001668930055,-78.63372981476242,-78.63372981476242
6.620000166893005,-78.61968320404677,-78.61968320404677
6.630000166893005,-78.60560869016412,-78.60560869016412
6.640000166893006,-78.591507482714,-78.591507482714
6.6500001668930055,-78.57738077341844,-78.57738077341844
6.660000166893005,-78.56322973654807,-78.56322973654807
6.670000166893005,-78.54905552935291,-78.54905552935291
6.680000166893006,-78.5348592924844,-78.5348592924844
6.690000166893006,-78.52064215034791,-78.52064215034791
6.700000166893005,-78.50640521147207,-78.50640521147207
6.710000166893005,-78.49214956880428,-78.49214956880428
6.720000166893005,-78.47787629999338,-78.47787629999338
6.730000166893006,-78.46358646766708,-78.46358646766708
6.740000166893005,-78.44928111967302,-78.44928111967302
6.750000166893005,-78.43496128927312,-78.43496128927312
6.760000166893005,-78.42062799538171,-78.42062799538171
6.770000166893006,-78.40628224270955,-78.40628224270955
6.780000166893005,-78.39192502199609,-78.39192502199609
6.790000166893005,-78.37755731013311,-78.37755731013311
6.800000190734863,-78.36318003606307,-78.36318003606307
6.810000190734863,-78.34879421795696,-78.34879421795696
6.820000190734863,-78.33440075792436,-78.33440075792436
6.8300001907348635,-78.32000057900736,-78.32000057900736
6.840000190734863,-78.30559459114704,-78.30559459114704
6.850000190734863,-78.29118369131704,-78.29118369131704
6.860000190734863,-78.2767687636259,-78.2767687636259
6.870000190734864,-78.262350679464,-78.262350679464
6.880000190734863,-78.24793029760392,-78.24793029760392
6.890000190734863,-78.23350846434651,-78.23350846434651
6.900000190734863,-78.21908601362975,-78.21908601362975
6.910000190734864,-78.20466376713352,-78.20466376713352
6.920000190734863,-78.19024253442616,-78.19024253442616
6.930000190734863,-78.17582311305884,-78.17582311305884
6.940000190734863,-78.1614062886896,-78.1614062886896
6.950000190734864,-78.14699283520338,-78.14699283520338
6.960000190734863,-78.13258351482419,-78.13258351482419
6.970000190734863,-78.11817907823223,-78.11817907823223
6.980000190734863,-78.103780264677,-78.103780264677
6.990000190734864,-78.08938780209242,-78.08938780209242
7.0000001907348635,-78.07500240722109,-78.07500240722109
7.010000190734863,-78.06062478570347,-78.06062478570347
7.020000190734863,-78.04625563222514,-78.04625563222514
7.030000190734864,-78.03189563060961,-78.03189563060961
7.0400001907348635,-78.01754545392673,-78.01754545392673
7.050000190734863,-78.00320576463395,-78.00320576463395
7.060000190734863,-77.9888772146627,-77.9888772146627
7.070000190734863,-77.97456044554805,-77.97456044554805
7.0800001907348635,-77.9602560885331,-77.9602560885331
7.090000190734863,-77.9459647646816,-77.9459647646816
7.100000190734863,-77.93168708499121,-77.93168708499121
7.110000190734863,-77.91742365050584,-77.91742365050584
7.120000190734864,-77.90317505243927,-77.90317505243927
7.130000190734863,-77.88894187226543,-77.88894187226543
7.140000190734863,-77.87472468183955,-77.87472468183955
7.150000190734863,-77.86052404349893,-77.86052404349893
7.160000190734864,-77.84634051019255,-77.84634051019255
7.170000190734863,-77.83217462557356,-77.83217462557356
7.180000190734863,-77.81802692411672,-77.81802692411672
7.190000190734863,-77.80389793122062,-77.80389793122062
7.200000190734864,-77.78978816330866,-77.78978816330866
7.210000190734863,-77.77569135508024,-77.77569135508024
7.220000190734863,-77.76160505272435,-77.76160505272435
7.230000190734863,-77.74752832010704,-77.74752832010704
7.240000190734864,-77.73346091867748,-77.73346091867748
7.2500001907348635,-77.71940299470441,-77.71940299470441
7.260000190734863,-77.70535491681731,-77.70535491681731
7.270000190734863,-77.69131718082069,-77.69131718082069
7.280000190734864,-77.67729035247862,-77.67729035247862
7.2900001907348635,-77.66327503317186,-77.66327503317186
7.300000190734863,-77.64927183924524,-77.64927183924524
7.310000190734863,-77.63528138983735,-77.63528138983735
7.320000190734863,-77.62130429971893,-77.62130429971893
7.3300001907348635,-77.6073411752385,-77.6073411752385
7.340000190734863,-77.5933926121742,-77.5933926121742
7.350000190734863,-77.57945919472051,-77.57945919472051
7.360000190734863,-77.56554149512232,-77.56554149512232
7.370000190734864,-77.55164007374297,-77.55164007374297
7.380000190734863,-77.53775547932972,-77.53775547932972
7.390000190734863,-77.5238882493595,-77.5238882493595
7.400000190734863,-77.51003891050553,-77.51003891050553
7.410000190734864,-77.49620797902715,-77.49620797902715
7.420000190734863,-77.48239596120024,-77.48239596120024
7.430000190734863,-77.46860335368793,-77.46860335368793
7.440000190734863,-77.45483064391287,-77.45483064391287
7.450000190734864,-77.4410783103584,-77.4410783103584
7.460000190734863,-77.42734682286144,-77.42734682286144
7.470000190734863,-77.41363664288157,-77.41363664288157
7.480000190734863,-77.39994822371835,-77.39994822371835
7.490000190734864,-77.38628201074064,-77.38628201074064
7.5000001907348635,-77.37263844155744,-77.37263844155744
7.510000190734863,-77.35901794619404,-77.35901794619404
7.520000190734863,-77.34542094724662,-77.34542094724662
7.530000190734864,-77.33184786002539,-77.33184786002539
7.5400001907348635,-77.31829909267668,-77.31829909267668
7.550000190734863,-77.30477504630372,-77.30477504630372
7.560000190734863,-77.29127611507612,-77.29127611507612
7.570000190734863,-77.27780268633448,-77.27780268633448
7.5800001907348635,-77.26435514067994,-77.26435514067994
7.590000190734863,-77.25093385207902,-77.25093385207902
7.600000190734863,-77.23753918792673,-77.23753918792673
7.610000190734863,-77.2241715091462,-77.2241715091462
7.620000190734864,-77.21083117026517,-77.21083117026517
7.630000190734863,-77.19751851948845,-77.19751851948845
7.640000190734863,-77.18423389877111,-77.18423389877111
7.650000214576721,-77.17097761229799,-77.17097761229799
7.660000214576721,-77.15775005298768,-77.15775005298768
7.670000214576721,-77.14455151280256,-77.14455151280256
7.680000214576721,-77.13138230939444,-77.13138230939444
7.690000214576721,-77.11824275450968,-77.11824275450968
7.700000214576721,-77.10513315404131,-77.10513315404131
7.710000214576721,-77.09205380810148,-77.09205380810148
7.7200002145767215,-77.07900501110578,-77.07900501110578
7.730000214576721,-77.06598705178942,-77.06598705178942
7.740000214576721,-77.05300021330352,-77.05300021330352
7.750000214576721,-77.04004477326026,-77.04004477326026
7.7600002145767215,-77.02712100381517,-77.02712100381517
7.770000214576721,-77.01422917169582,-77.01422917169582
7.780000214576721,-77.00136953829012,-77.00136953829012
7.790000214576721,-76.9885423596824,-76.9885423596824
7.8000002145767215,-76.97574788674766,-76.97574788674766
7.810000214576721,-76.96298636516535,-76.96298636516535
7.820000214576721,-76.95025803550567,-76.95025803550567
7.830000214576721,-76.93756313329271,-76.93756313329271
7.840000214576722,-76.92490188905057,-76.92490188905057
7.850000214576721,-76.91227452835825,-76.91227452835825
7.860000214576721,-76.89968127190858,-76.89968127190858
7.870000214576721,-76.88712233559035,-76.88712233559035
7.880000214576722,-76.87459793051598,-76.87459793051598
7.890000214576721,-76.86210826307497,-76.86210826307497
7.900000214576721,-76.84965353501987,-76.84965353501987
7.910000214576721,-76.83723394349677,-76.83723394349677
7.920000214576721,-76.82484968111304,-76.82484968111304
7.930000214576721,-76.8125009359934,-76.8125009359934
7.940000214576721,-76.80018789183306,-76.80018789183306
7.950000214576721,-76.78791072794729,-76.78791072794729
7.960000214576721,-76.77566961933161,-76.77566961933161
7.9700002145767215,-76.7634647367143,-76.7634647367143
7.980000214576721,-76.75129624662624,-76.75129624662624
7.990000214576721,-76.73916431140744,-76.73916431140744
8.00000021457672,-76.7270690893296,-76.7270690893296
8.01000021457672,-76.71501073458526,-76.71501073458526
8.02000021457672,-76.7029893973737,-76.7029893973737
8.030000214576722,-76.6910052239437,-76.6910052239437
8.040000214576722,-76.67905835665714,-76.67905835665714
8.050000214576722,-76.6671489340265,-76.6671489340265
8.060000214576721,-76.6552770907638,-76.6552770907638
8.070000214576721,-76.64344295783592,-76.64344295783592
8.080000214576721,-76.63164666253056,-76.63164666253056
8.09000021457672,-76.6198883284785,-76.6198883284785
8.10000021457672,-76.60816807572218,-76.60816807572218
8.110000214576722,-76.59648602074311,-76.59648602074311
8.120000214576722,-76.58484227653601,-76.58484227653601
8.130000214576722,-76.573236952655,-76.573236952655
8.140000214576721,-76.56167015523302,-76.56167015523302
8.150000214576721,-76.55014198704562,-76.55014198704562
8.160000214576721,-76.53865254758155,-76.53865254758155
8.17000021457672,-76.52720193304339,-76.52720193304339
8.18000021457672,-76.51579023642897,-76.51579023642897
8.19000021457672,-76.50441754755568,-76.50441754755568
8.200000214576722,-76.49308395311935,-76.49308395311935
8.210000214576722,-76.48178953672458,-76.48178953672458
8.220000214576721,-76.47053437894131,-76.47053437894131
8.230000214576721,-76.45931855734308,-76.45931855734308
8.240000214576721,-76.44814214654794,-76.44814214654794
8.25000021457672,-76.4370052182617,-76.4370052182617
8.26000021457672,-76.42590784132362,-76.42590784132362
8.27000021457672,-76.41485008174514,-76.41485008174514
8.280000214576722,-76.4038320027487,-76.4038320027487
8.290000214576722,-76.392853664808,-76.392853664808
8.300000214576722,-76.3819151257042,-76.3819151257042
8.310000214576721,-76.3710164405339,-76.3710164405339
8.320000214576721,-76.36015766177319,-76.36015766177319
8.330000214576721,-76.34933883931878,-76.34933883931878
8.34000021457672,-76.33856002050126,-76.33856002050126
8.35000021457672,-76.32782125015076,-76.32782125015076
8.360000214576722,-76.31712257061454,-76.31712257061454
8.370000214576722,-76.30646402181205,-76.30646402181205
8.380000214576722,-76.29584564126051,-76.29584564126051
8.390000214576721,-76.28526746411127,-76.28526746411127
8.400000214576721,-76.27472952316442,-76.27472952316442
8.410000214576721,-76.26423184896503,-76.26423184896503
8.42000021457672,-76.25377446977068,-76.25377446977068
8.43000021457672,-76.24335741162743,-76.24335741162743
8.44000021457672,-76.23298069838492,-76.23298069838492
8.450000214576722,-76.22264435172929,-76.22264435172929
8.460000214576722,-76.21234175310263,-76.21234175310263
8.470000214576721,-76.20207002455166,-76.20207002455166
8.480000214576721,-76.19182778153933,-76.19182778153933
8.490000214576721,-76.18161432952249,-76.18161432952249
8.500000238418579,-76.17142933309923,-76.17142933309923
8.510000238418579,-76.16127275387078,-76.16127275387078
8.520000238418579,-76.151144611268,-76.151144611268
8.530000238418578,-76.14104502366924,-76.14104502366924
8.540000238418578,-76.13097415027363,-76.13097415027363
8.55000023841858,-76.12093217083863,-76.12093217083863
8.56000023841858,-76.11091927366402,-76.11091927366402
8.57000023841858,-76.1009356484908,-76.1009356484908
8.58000023841858,-76.09098148249119,-76.09098148249119
8.590000238418579,-76.08105695807501,-76.08105695807501
8.600000238418579,-76.07116225185277,-76.07116225185277
8.610000238418579,-76.06129753421841,-76.06129753421841
8.620000238418578,-76.05146296934124,-76.05146296934124
8.63000023841858,-76.04165871537359,-76.04165871537359
8.64000023841858,-76.03188492477841,-76.03188492477841
8.65000023841858,-76.02214174462986,-76.02214174462986
8.66000023841858,-76.01242931702409,-76.01242931702409
8.670000238418579,-76.00274777940284,-76.00274777940284
8.680000238418579,-75.99309726487247,-75.99309726487247
8.690000238418579,-75.98347790249194,-75.98347790249194
8.700000238418578,-75.97388981753666,-75.97388981753666
8.71000023841858,-75.96433313170637,-75.96433313170637
8.72000023841858,-75.95480796335475,-75.95480796335475
8.73000023841858,-75.94531442762259,-75.94531442762259
8.74000023841858,-75.93585263660464,-75.93585263660464
8.750000238418579,-75.92642269948671,-75.92642269948671
8.760000238418579,-75.91702472262736,-75.91702472262736
8.770000238418579,-75.90765880968883,-75.90765880968883
8.780000238418578,-75.89832506168962,-75.89832506168962
8.790000238418578,-75.88902357709726,-75.88902357709726
8.80000023841858,-75.87975445186885,-75.87975445186885
8.81000023841858,-75.87051777953143,-75.87051777953143
8.82000023841858,-75.86131365119493,-75.86131365119493
8.83000023841858,-75.85214215562131,-75.85214215562131
8.840000238418579,-75.8430033792388,-75.8430033792388
8.850000238418579,-75.83389740620045,-75.83389740620045
8.860000238418579,-75.82482431837617,-75.82482431837617
8.870000238418578,-75.81578419540695,-75.81578419540695
8.88000023841858,-75.80677711472784,-75.80677711472784
8.89000023841858,-75.7978031515662,-75.7978031515662
8.90000023841858,-75.78886237898715,-75.78886237898715
8.91000023841858,-75.77995486788564,-75.77995486788564
8.920000238418579,-75.77108068703305,-75.77108068703305
8.930000238418579,-75.76223990307487,-75.76223990307487
8.940000238418579,-75.75343258055598,-75.75343258055598
8.950000238418578,-75.74465878190846,-75.74465878190846
8.96000023841858,-75.73591856751837,-75.73591856751837
8.97000023841858,-75.72721199569219,-75.72721199569219
8.98000023841858,-75.71853912270564,-75.71853912270564
8.99000023841858,-75.70990000279257,-75.70990000279257
9.000000238418579,-75.70129468817319,-75.70129468817319
9.010000238418579,-75.69272322907088,-75.69272322907088
9.020000238418579,-75.6841856737254,-75.6841856737254
9.030000238418578,-75.67568206839876,-75.67568206839876
9.040000238418578,-75.66721245740399,-75.66721245740399
9.05000023841858,-75.65877688310928,-75.65877688310928
9.06000023841858,-75.65037538596738,-75.65037538596738
9.07000023841858,-75.64200800451302,-75.64200800451302
9.08000023841858,-75.63367477538326,-75.63367477538326
9.090000238418579,-75.62537573335311,-75.62537573335311
9.100000238418579,-75.61711091132852,-75.61711091132852
9.110000238418579,-75.60888034038223,-75.60888034038223
9.120000238418578,-75.60068404974808,-75.60068404974808
9.13000023841858,-75.59252206685888,-75.59252206685888
9.14000023841858,-75.58439441735311,-75.58439441735311
9.15000023841858,-75.57630112508835,-75.57630112508835
9.16000023841858,-75.568242212175,-75.568242212175
9.170000238418579,-75.5602176989761,-75.5602176989761
9.180000238418579,-75.55222760414587,-75.55222760414587
9.190000238418579,-75.54427194460771,-75.54427194460771
9.200000238418578,-75.5363507356285,-75.5363507356285
9.21000023841858,-75.52846399078436,-75.52846399078436
9.22000023841858,-75.52061172202684,-75.52061172202684
9.23000023841858,-75.51279393965615,-75.51279393965615
9.24000023841858,-75.50501065236365,-75.50501065236365
9.250000238418579,-75.49726186725503,-75.49726186725503
9.260000238418579,-75.48954758984102,-75.48954758984102
9.270000238418579,-75.48186782410447,-75.48186782410447
9.280000238418578,-75.4742225724748,-75.4742225724748
9.290000238418578,-75.46661183586183,-75.46661183586183
9.30000023841858,-75.45903561366983,-75.45903561366983
9.31000023841858,-75.45149390383867,-75.45149390383867
9.32000023841858,-75.44398670282557,-75.44398670282557
9.33000023841858,-75.43651400565393,-75.43651400565393
9.340000238418579,-75.42907580591242,-75.42907580591242
9.350000262260437,-75.42167207817315,-75.42167207817315
9.360000262260437,-75.41430284858116,-75.41430284858116
9.370000262260437,-75.40696808882898,-75.40696808882898
9.380000262260436,-75.39966778701292,-75.39966778701292
9.390000262260436,-75.39240192986578,-75.39240192986578
9.400000262260438,-75.38517050282009,-75.38517050282009
9.410000262260438,-75.37797349001842,-75.37797349001842
9.420000262260437,-75.3708108743108,-75.3708108743108
9.430000262260437,-75.36368263729499,-75.36368263729499
9.440000262260437,-75.35658875932701,-75.35658875932701
9.450000262260437,-75.34952921953715,-75.34952921953715
9.460000262260436,-75.34250399584451,-75.34250399584451
9.470000262260436,-75.33551306499118,-75.33551306499118
9.480000262260438,-75.32855640254486,-75.32855640254486
9.490000262260438,-75.32163398290879,-75.32163398290879
9.500000262260437,-75.31474577937259,-75.31474577937259
9.510000262260437,-75.30789176408031,-75.30789176408031
9.520000262260437,-75.30107190809828,-75.30107190809828
9.530000262260437,-75.29428618139592,-75.29428618139592
9.540000262260437,-75.28753455287953,-75.28753455287953
9.550000262260436,-75.28081699041012,-75.28081699041012
9.560000262260438,-75.27413346080417,-75.27413346080417
9.570000262260438,-75.26748392986389,-75.26748392986389
9.580000262260437,-75.26086836239183,-75.26086836239183
9.590000262260437,-75.25428672220639,-75.25428672220639
9.600000262260437,-75.24773897215566,-75.24773897215566
9.610000262260437,-75.24122507414337,-75.24122507414337
9.620000262260437,-75.23474498911985,-75.23474498911985
9.630000262260436,-75.22829867712824,-75.22829867712824
9.640000262260436,-75.2218860972965,-75.2218860972965
9.650000262260438,-75.21550720786307,-75.21550720786307
9.660000262260438,-75.20916196619348,-75.20916196619348
9.670000262260437,-75.20285032879704,-75.20285032879704
9.680000262260437,-75.1965722513261,-75.1965722513261
9.690000262260437,-75.1903276886135,-75.1903276886135
9.700000262260437,-75.18411659466945,-75.18411659466945
9.710000262260436,-75.17793237116456,-75.17793237116456
9.720000262260436,-75.17177210955907,-75.17177210955907
9.730000262260438,-75.1656343753084,-75.1656343753084
9.740000262260438,-75.15951841560067,-75.15951841560067
9.750000262260437,-75.15342385702968,-75.15342385702968
9.760000262260437,-75.14735054857573,-75.14735054857573
9.770000262260437,-75.14129846949656,-75.14129846949656
9.780000262260437,-75.13526767399085,-75.13526767399085
9.790000262260437,-75.1292582578673,-75.1292582578673
9.800000262260436,-75.12327033858547,-75.12327033858547
9.810000262260438,-75.11730404333763,-75.11730404333763
9.820000262260438,-75.11135950208643,-75.11135950208643
9.830000262260437,-75.10543684355628,-75.10543684355628
9.840000262260437,-75.09953619306098,-75.09953619306098
9.850000262260437,-75.09365767145789,-75.09365767145789
9.860000262260437,-75.08780139470412,-75.08780139470412
9.870000262260437,-75.08196747384108,-75.08196747384108
9.880000262260436,-75.07615601516784,-75.07615601516784
9.890000262260436,-75.07036712050491,-75.07036712050491
9.900000262260438,-75.06460088755448,-75.06460088755448
9.910000262260438,-75.05885741019104,-75.05885741019104
9.920000262260437,-75.05313677882688,-75.05313677882688
9.930000262260437,-75.04743908066618,-75.04743908066618
9.940000262260437,-75.04176439998973,-75.04176439998973
9.950000262260437,-75.03611281837945,-75.03611281837945
9.960000262260436,-75.03047787604973,-75.03047787604973
9.970000262260436,-75.02485679404323,-75.02485679404323
9.980000262260438,-75.01924826304864,-75.01924826304864
9.990000262260438,-75.01365165284749,-75.01365165284749
10.000000262260437,-75.00806671070494,-75.00806671070494
10.010000262260437,-75.00249340477336,-75.00249340477336
10.020000262260437,-74.99693183223732,-74.99693183223732
10.030000262260437,-74.9913821641337,-74.9913821641337
10.040000262260437,-74.98584461216059,-74.98584461216059
10.050000262260436,-74.9803194087716,-74.9803194087716
10.060000262260438,-74.9748067953211,-74.9748067953211
10.070000262260438,-74.96930701512117,-74.96930701512117
10.080000262260437,-74.9638203094739,-74.9638203094739
10.090000262260437,-74.9583469154879,-74.9583469154879
10.100000262260437,-74.9528870650348,-74.9528870650348
10.110000262260437,-74.947440984334,-74.947440984334
10.120000262260437,-74.94200889390653,-74.94200889390653
10.130000262260436,-74.93659100874369,-74.93659100874369
10.140000262260436,-74.93118753859719,-74.93118753859719
10.150000262260438,-74.92579868828484,-74.92579868828484
10.160000262260438,-74.92042465800952,-74.92042465800952
10.170000262260437,-74.91506564369624,-74.91506564369624
10.180000262260437,-74.90972183723473,-74.90972183723473
10.190000262260437,-74.90439342677296,-74.90439342677296
10.200000286102295,-74.89908058426671,-74.89908058426671
10.210000286102295,-74.89377698974536,-74.89377698974536
10.220000286102294,-74.88847995839464,-74.88847995839464
10.230000286102294,-74.88318828403763,-74.88318828403763
10.240000286102294,-74.87790143742515,-74.87790143742515
10.250000286102296,-74.87261926522463,-74.87261926522463
10.260000286102295,-74.86734183365392,-74.86734183365392
10.270000286102295,-74.86206933685818,-74.86206933685818
10.280000286102295,-74.85680204180893,-74.85680204180893
10.290000286102295,-74.85154025517282,-74.85154025517282
10.300000286102295,-74.84628430345523,-74.84628430345523
10.310000286102294,-74.84103452115505,-74.84103452115505
10.320000286102294,-74.83579124383036,-74.83579124383036
10.330000286102296,-74.83055480412217,-74.83055480412217
10.340000286102295,-74.8253255296135,-74.8253255296135
10.350000286102295,-74.82010374172508,-74.82010374172508
10.360000286102295,-74.81488975534367,-74.81488975534367
10.370000286102295,-74.80968387874745,-74.80968387874745
10.380000286102295,-74.80448641379414,-74.80448641379414
10.390000286102294,-74.79929765616309,-74.79929765616309
10.400000286102294,-74.79411789570666,-74.79411789570666
10.410000286102296,-74.78894741676484,-74.78894741676484
10.420000286102296,-74.78378649845679,-74.78378649845679
10.430000286102295,-74.77863541498017,-74.77863541498017
10.440000286102295,-74.77349443586412,-74.77349443586412
10.450000286102295,-74.76836382618497,-74.76836382618497
10.460000286102295,-74.76324384677176,-74.76324384677176
10.470000286102294,-74.75813475437492,-74.75813475437492
10.480000286102294,-74.75303680179887,-74.75303680179887
10.490000286102294,-74.7479502380425,-74.7479502380425
10.500000286102296,-74.74287530840222,-74.74287530840222
10.510000286102295,-74.73781225454937,-74.73781225454937
10.520000286102295,-74.73276131460628,-74.73276131460628
10.530000286102295,-74.72772272322713,-74.72772272322713
10.540000286102295,-74.72269671164426,-74.72269671164426
10.550000286102295,-74.71768350768944,-74.71768350768944
10.560000286102294,-74.71268333588388,-74.71268333588388
10.570000286102294,-74.70769641741218,-74.70769641741218
10.580000286102296,-74.70272297019852,-74.70272297019852
10.590000286102295,-74.69776320890382,-74.69776320890382
10.600000286102295,-74.69281734496033,-74.69281734496033
10.610000286102295,-74.68788558660509,-74.68788558660509
10.620000286102295,-74.6829681388588,-74.6829681388588
10.630000286102295,-74.67806520356591,-74.67806520356591
10.640000286102294,-74.6731769794137,-74.6731769794137
10.650000286102294,-74.66830366193959,-74.66830366193959
10.660000286102296,-74.66344544354908,-74.66344544354908
10.670000286102296,-74.65860251353268,-74.65860251353268
10.680000286102295,-74.65377505804886,-74.65377505804886
10.690000286102295,-74.64896326019887,-74.64896326019887
10.700000286102295,-74.64416729997188,-74.64416729997188
10.710000286102295,-74.63938085101051,-74.63938085101051
10.720000286102294,-74.63460124748435,-74.63460124748435
10.730000286102294,-74.62982728435914,-74.62982728435914
10.740000286102294,-74.6250584309709,-74.6250584309709
10.750000286102296,-74.62029453096389,-74.62029453096389
10.760000286102295,-74.61553564646582,-74.61553564646582
10.770000286102295,-74.61078196666296,-74.61078196666296
10.780000286102295,-74.60603375292382,-74.60603375292382
10.790000286102295,-74.60129130571138,-74.60129130571138
10.800000286102295,-74.59655494478815,-74.59655494478815
10.810000286102294,-74.59182499742522,-74.59182499742522
10.820000286102294,-74.58710179143662,-74.58710179143662
10.830000286102296,-74.58238565127682,-74.58238565127682
10.840000286102295,-74.57767689585822,-74.57767689585822
10.850000286102295,-74.57297583749727,-74.57297583749727
10.860000286102295,-74.56828278152695,-74.56828278152695
10.870000286102295,-74.56359802626069,-74.56359802626069
10.880000286102295,-74.5589218631646,-74.5589218631646
10.890000286102294,-74.55425457716044,-74.55425457716044
10.900000286102294,-74.54959644695471,-74.54959644695471
10.910000286102296,-74.54494774534899,-74.54494774534899
10.920000286102296,-74.54030873962277,-74.54030873962277
10.930000286102295,-74.53567969178211,-74.53567969178211
10.940000286102295,-74.53106085886348,-74.53106085886348
10.950000286102295,-74.5264524931654,-74.5264524931654
10.960000286102295,-74.52185484247079,-74.52185484247079
10.970000286102294,-74.5172681502222,-74.5172681502222
10.980000286102294,-74.51269265570177,-74.51269265570177
10.990000286102294,-74.50812859416023,-74.50812859416023
11.000000286102296,-74.50357619693429,-74.50357619693429
11.010000286102295,-74.49903569157718,-74.49903569157718
11.020000286102295,-74.49450730193253,-74.49450730193253
11.030000286102295,-74.48999124821854,-74.48999124821854
11.040000286102295,-74.48548774710217,-74.48548774710217
11.050000309944153,-74.48099700106684,-74.48099700106684
11.060000309944153,-74.4765192412589,-74.4765192412589
11.070000309944152,-74.47205466329659,-74.47205466329659
11.080000309944152,-74.4676034701813,-74.4676034701813
11.090000309944152,-74.46316586160695,-74.46316586160695
11.100000309944154,-74.45874203399312,-74.45874203399312
11.110000309944153,-74.45433218051606,-74.45433218051606
11.120000309944153,-74.44993649113803,-74.44993649113803
11.130000309944153,-74.44555515264726,-74.44555515264726
11.140000309944153,-74.44118834867196,-74.44118834867196
11.150000309944152,-74.43683625971909,-74.43683625971909
11.160000309944152,-74.43249906317364,-74.43249906317364
11.170000309944152,-74.42817693334135,-74.42817693334135
11.180000309944154,-74.42387004146974,-74.42387004146974
11.190000309944153,-74.41957855578465,-74.41957855578465
11.200000309944153,-74.4153026414611,-74.4153026414611
11.210000309944153,-74.41103597808228,-74.41103597808228
11.220000309944153,-74.40677589450632,-74.40677589450632
11.230000309944153,-74.40252117590336,-74.40252117590336
11.240000309944152,-74.3982712797261,-74.3982712797261
11.250000309944152,-74.39402603664266,-74.39402603664266
11.260000309944154,-74.38978549515417,-74.38978549515417
11.270000309944153,-74.3855498305132,-74.3855498305132
11.280000309944153,-74.38131928995035,-74.38131928995035
11.290000309944153,-74.37709415976586,-74.37709415976586
11.300000309944153,-74.37287474556992,-74.37287474556992
11.310000309944153,-74.36866136051981,-74.36866136051981
11.320000309944152,-74.36445431842385,-74.36445431842385
11.330000309944152,-74.3602539298184,-74.3602539298184
11.340000309944152,-74.35606049983383,-74.35606049983383
11.350000309944154,-74.35187432712397,-74.35187432712397
11.360000309944153,-74.34769570349879,-74.34769570349879
11.370000309944153,-74.34352491389488,-74.34352491389488
11.380000309944153,-74.33936223653319,-74.33936223653319
11.390000309944153,-74.33520794324733,-74.33520794324733
11.400000309944152,-74.33106229980397,-74.33106229980397
11.410000309944152,-74.3269255662385,-74.3269255662385
11.420000309944152,-74.3227979971985,-74.3227979971985
11.430000309944154,-74.31867984222964,-74.31867984222964
11.440000309944153,-74.31457134606768,-74.31457134606768
11.450000309944153,-74.31047274887595,-74.31047274887595
11.460000309944153,-74.30638428646458,-74.30638428646458
11.470000309944153,-74.30230619046363,-74.30230619046363
11.480000309944153,-74.29823868852434,-74.29823868852434
11.490000309944152,-74.29418200441518,-74.29418200441518
11.500000309944152,-74.29013635817454,-74.29013635817454
11.510000309944154,-74.28610196622243,-74.28610196622243
11.520000309944153,-74.28207904144506,-74.28207904144506
11.530000309944153,-74.27806779326392,-74.27806779326392
11.540000309944153,-74.27406842771559,-74.27406842771559
11.550000309944153,-74.27008114753708,-74.27008114753708
11.560000309944153,-74.2661061521706,-74.2661061521706
11.570000309944152,-74.26214363785026,-74.26214363785026
11.580000309944152,-74.25819379763907,-74.25819379763907
11.590000309944152,-74.2542568214651,-74.2542568214651
11.600000309944154,-74.25033289613457,-74.25033289613457
11.610000309944153,-74.24642220540488,-74.24642220540488
11.620000309944153,-74.24252492996872,-74.24252492996872
11.630000309944153,-74.23864124753656,-74.23864124753656
11.640000309944153,-74.23477133279881,-74.23477133279881
11.650000309944152,-74.23091535749293,-74.23091535749293
11.660000309944152,-74.22707349041744,-74.22707349041744
11.670000309944152,-74.22324589745907,-74.22324589745907
11.680000309944154,-74.21943274159423,-74.21943274159423
11.690000309944153,-74.21563418293428,-74.21563418293428
11.700000309944153,-74.21185037873539,-74.21185037873539
11.710000309944153,-74.20807501902165,-74.20807501902165
11.720000309944153,-74.20430543327058,-74.20430543327058
11.730000309944153,-74.2005404033318,-74.2005404033318
11.740000309944152,-74.19677938161969,-74.19677938161969
11.750000309944152,-74.19302219281495,-74.19302219281495
11.760000309944154,-74.18926887896801,-74.18926887896801
11.770000309944153,-74.18551960862796,-74.18551960862796
11.780000309944153,-74.18177462222144,-74.18177462222144
11.790000309944153,-74.17803419924508,-74.17803419924508
11.800000309944153,-74.17429863853634,-74.17429863853634
11.810000309944153,-74.17056824659122,-74.17056824659122
11.820000309944152,-74.16684333065211,-74.16684333065211
11.830000309944152,-74.16312419479681,-74.16312419479681
11.840000309944152,-74.15941113780781,-74.15941113780781
11.850000309944154,-74.15570445215043,-74.15570445215043
11.860000309944153,-74.15200442356038,-74.15200442356038
11.870000309944153,-74.14831133100455,-74.14831133100455
11.880000309944153,-74.1446254469056,-74.1446254469056
11.890000309944153,-74.14094703739937,-74.14094703739937
11.90000033378601,-74.1372763539663,-74.1372763539663
11.91000033378601,-74.13361366868871,-74.13361366868871
11.92000033378601,-74.1299592221666,-74.1299592221666
11.93000033378601,-74.12631325877446,-74.12631325877446
11.94000033378601,-74.12267601818756,-74.12267601818756
11.950000333786011,-74.11904773564123,-74.11904773564123
11.960000333786011,-74.11542864213766,-74.11542864213766
11.970000333786011,-74.11181896463401,-74.11181896463401
11.98000033378601,-74.10821892619579,-74.10821892619579
11.99000033378601,-74.10462874615794,-74.10462874615794
12.00000033378601,-74.10104864022553,-74.10104864022553
12.01000033378601,-74.09747882061136,-74.09747882061136
12.02000033378601,-74.09391949610611,-74.09391949610611
12.030000333786012,-74.0903708721316,-74.0903708721316
12.040000333786011,-74.0868331508694,-74.0868331508694
12.050000333786011,-74.083306531281,-74.083306531281
12.06000033378601,-74.07979120917105,-74.07979120917105
12.07000033378601,-74.07628737723618,-74.07628737723618
12.08000033378601,-74.07279522509508,-74.07279522509508
12.09000033378601,-74.06931493933985,-74.06931493933985
12.10000033378601,-74.06584670357063,-74.06584670357063
12.110000333786012,-74.06239069841433,-74.06239069841433
12.120000333786011,-74.05894710155047,-74.05894710155047
12.130000333786011,-74.05551608775737,-74.05551608775737
12.140000333786011,-74.05209782891768,-74.05209782891768
12.15000033378601,-74.04869249405064,-74.04869249405064
12.16000033378601,-74.04530024932727,-74.04530024932727
12.17000033378601,-74.04192125809388,-74.04192125809388
12.18000033378601,-74.03855568090283,-74.03855568090283
12.19000033378601,-74.03520367552005,-74.03520367552005
12.200000333786011,-74.03186539694863,-74.03186539694863
12.210000333786011,-74.02854099745784,-74.02854099745784
12.220000333786011,-74.02523062657882,-74.02523062657882
12.23000033378601,-74.02193443114422,-74.02193443114422
12.24000033378601,-74.01865255531372,-74.01865255531372
12.25000033378601,-74.01538514056536,-74.01538514056536
12.26000033378601,-74.01213232576129,-74.01213232576129
12.27000033378601,-74.00889424710955,-74.00889424710955
12.280000333786012,-74.0056710382412,-74.0056710382412
12.290000333786011,-74.00246283018524,-74.00246283018524
12.300000333786011,-73.99926975141625,-73.99926975141625
12.31000033378601,-73.9960919278768,-73.9960919278768
12.32000033378601,-73.99292948297766,-73.99292948297766
12.33000033378601,-73.98978253764395,-73.98978253764395
12.34000033378601,-73.9866512103058,-73.9866512103058
12.35000033378601,-73.98353561695731,-73.98353561695731
12.360000333786012,-73.98043587114559,-73.98043587114559
12.370000333786011,-73.97735208402315,-73.97735208402315
12.380000333786011,-73.97428436435098,-73.97428436435098
12.390000333786011,-73.97123281851955,-73.97123281851955
12.40000033378601,-73.9681975505785,-73.9681975505785
12.41000033378601,-73.96517866226517,-73.96517866226517
12.42000033378601,-73.962176253015,-73.962176253015
12.43000033378601,-73.95919041999407,-73.95919041999407
12.44000033378601,-73.95622125811789,-73.95622125811789
12.450000333786011,-73.95326886007929,-73.95326886007929
12.460000333786011,-73.95033331636593,-73.95033331636593
12.470000333786011,-73.94741471529929,-73.94741471529929
12.48000033378601,-73.9445131430312,-73.9445131430312
12.49000033378601,-73.94162868358659,-73.94162868358659
12.50000033378601,-73.93876141890155,-73.93876141890155
12.51000033378601,-73.93591142880662,-73.93591142880662
12.52000033378601,-73.93307879108318,-73.93307879108318
12.530000333786012,-73.93026358148236,-73.93026358148236
12.540000333786011,-73.92746587373297,-73.92746587373297
12.550000333786011,-73.92468573958199,-73.92468573958199
12.56000033378601,-73.9219232488222,-73.9219232488222
12.57000033378601,-73.91917846930163,-73.91917846930163
12.58000033378601,-73.91645146694144,-73.91645146694144
12.59000033378601,-73.91374230578172,-73.91374230578172
12.60000033378601,-73.91105104799688,-73.91105104799688
12.610000333786012,-73.90837775391122,-73.90837775391122
12.620000333786011,-73.90572248202757,-73.90572248202757
12.630000333786011,-73.90308528904737,-73.90308528904737
12.640000333786011,-73.90046622990187,-73.90046622990187
12.65000033378601,-73.89786535777152,-73.89786535777152
12.66000033378601,-73.89528272410585,-73.89528272410585
12.67000033378601,-73.89271837864165,-73.89271837864165
12.68000033378601,-73.89017236944616,-73.89017236944616
12.69000033378601,-73.88764474291769,-73.88764474291769
12.700000333786011,-73.88513554380297,-73.88513554380297
12.710000333786011,-73.88264481526159,-73.88264481526159
12.720000333786011,-73.88017259883834,-73.88017259883834
12.73000033378601,-73.87771893450606,-73.87771893450606
12.74000033378601,-73.87528386069896,-73.87528386069896
12.750000357627869,-73.87286740855853,-73.87286740855853
12.760000357627868,-73.87046962503629,-73.87046962503629
12.770000357627868,-73.86809053821646,-73.86809053821646
12.780000357627868,-73.86573018055336,-73.86573018055336
12.790000357627868,-73.86338858304472,-73.86338858304472
12.80000035762787,-73.86106577524885,-73.86106577524885
12.81000035762787,-73.85876178535271,-73.85876178535271
12.820000357627869,-73.85647664013082,-73.85647664013082
12.830000357627869,-73.85421036501671,-73.85421036501671
12.840000357627869,-73.85196298408586,-73.85196298408586
12.850000357627868,-73.8497345201016,-73.8497345201016
12.860000357627868,-73.84752499451726,-73.84752499451726
12.870000357627868,-73.84533442751444,-73.84533442751444
12.88000035762787,-73.84316283799636,-73.84316283799636
12.89000035762787,-73.84101024363088,-73.84101024363088
12.900000357627869,-73.83887666084883,-73.83887666084883
12.910000357627869,-73.83676210488171,-73.83676210488171
12.920000357627869,-73.83466658976384,-73.83466658976384
12.930000357627868,-73.83259012837236,-73.83259012837236
12.940000357627868,-73.83053273241076,-73.83053273241076
12.950000357627868,-73.82849441245858,-73.82849441245858
12.96000035762787,-73.82646874523924,-73.82646874523924
12.97000035762787,-73.82445292951428,-73.82445292951428
12.980000357627869,-73.82244561054017,-73.82244561054017
12.990000357627869,-73.8204461022939,-73.8204461022939
13.000000357627869,-73.81845409080333,-73.81845409080333
13.010000357627868,-73.81646947997646,-73.81646947997646
13.020000357627868,-73.81449230123732,-73.81449230123732
13.030000357627868,-73.8125226592102,-73.8125226592102
13.040000357627868,-73.81056069903997,-73.81056069903997
13.05000035762787,-73.80860658680484,-73.80860658680484
13.06000035762787,-73.80666049786358,-73.80666049786358
13.070000357627869,-73.80472261000061,-73.80472261000061
13.080000357627869,-73.80279309950706,-73.80279309950706
13.090000357627869,-73.80087213909569,-73.80087213909569
13.100000357627868,-73.79895989682075,-73.79895989682075
13.110000357627868,-73.79705653570345,-73.79705653570345
13.120000357627868,-73.79516221368267,-73.79516221368267
13.13000035762787,-73.79327708381379,-73.79327708381379
13.14000035762787,-73.79140129451997,-73.79140129451997
13.150000357627869,-73.78953498995591,-73.78953498995591
13.160000357627869,-73.78767831030183,-73.78767831030183
13.170000357627869,-73.7858313920983,-73.7858313920983
13.180000357627868,-73.7839943685266,-73.7839943685266
13.190000357627868,-73.78216736967559,-73.78216736967559
13.200000357627868,-73.78035052278159,-73.78035052278159
13.21000035762787,-73.77853752372587,-73.77853752372587
13.22000035762787,-73.77672568665727,-73.77672568665727
13.230000357627869,-73.77491376999434,-73.77491376999434
13.240000357627869,-73.77310119933281,-73.77310119933281
13.250000357627869,-73.77128777102998,-73.77128777102998
13.260000357627868,-73.7694734982541,-73.7694734982541
13.270000357627868,-73.76765852072499,-73.76765852072499
13.280000357627868,-73.76584305049879,-73.76584305049879
13.290000357627868,-73.76402733935917,-73.76402733935917
13.30000035762787,-73.76221165927072,-73.76221165927072
13.31000035762787,-73.76039629073227,-73.76039629073227
13.320000357627869,-73.75858151597889,-73.75858151597889
13.330000357627869,-73.7567676150634,-73.7567676150634
13.340000357627869,-73.75495486376225,-73.75495486376225
13.350000357627868,-73.7531435325294,-73.7531435325294
13.360000357627868,-73.75133388607318,-73.75133388607318
13.370000357627868,-73.74952618335762,-73.74952618335762
13.38000035762787,-73.74772067775369,-73.74772067775369
13.39000035762787,-73.74591761732025,-73.74591761732025
13.400000357627869,-73.74411724511673,-73.74411724511673
13.410000357627869,-73.74231979951794,-73.74231979951794
13.420000357627869,-73.7405255145329,-73.7405255145329
13.430000357627868,-73.73873462007379,-73.73873462007379
13.440000357627868,-73.73694734222053,-73.73694734222053
13.450000357627868,-73.7351639034368,-73.7351639034368
13.46000035762787,-73.73337809847216,-73.73337809847216
13.47000035762787,-73.73158733727982,-73.73158733727982
13.480000357627869,-73.7297904723995,-73.7297904723995
13.490000357627869,-73.72798702232096,-73.72798702232096
13.500000357627869,-73.72617687524705,-73.72617687524705
13.510000357627868,-73.72436013525137,-73.72436013525137
13.520000357627868,-73.7225370320594,-73.7225370320594
13.530000357627868,-73.72070786690465,-73.72070786690465
13.540000357627868,-73.7188729798864,-73.7188729798864
13.55000035762787,-73.71703273046221,-73.71703273046221
13.56000035762787,-73.7151874857902,-73.7151874857902
13.570000357627869,-73.71333761394008,-73.71333761394008
13.580000357627869,-73.7114834799684,-73.7114834799684
13.590000357627869,-73.70962544381594,-73.70962544381594
13.600000381469727,-73.70776385481676,-73.70776385481676
13.610000381469726,-73.70589906900874,-73.70589906900874
13.620000381469726,-73.70403142259102,-73.70403142259102
13.630000381469726,-73.70216124970814,-73.70216124970814
13.640000381469726,-73.7002888783557,-73.7002888783557
13.650000381469727,-73.6984146306516,-73.6984146306516
13.660000381469727,-73.69653882320756,-73.69653882320756
13.670000381469727,-73.69466176739506,-73.69466176739506
13.680000381469727,-73.69278376963152,-73.69278376963152
13.690000381469726,-73.69090513164944,-73.69090513164944
13.700000381469726,-73.68902615069025,-73.68902615069025
13.710000381469726,-73.68714711973978,-73.68714711973978
13.720000381469726,-73.68526832765022,-73.68526832765022
13.730000381469727,-73.68339005931011,-73.68339005931011
13.740000381469727,-73.68151259574874,-73.68151259574874
13.750000381469727,-73.67963621426387,-73.67963621426387
13.760000381469727,-73.67776118849586,-73.67776118849586
13.770000381469726,-73.67588778849161,-73.67588778849161
13.780000381469726,-73.67401628078912,-73.67401628078912
13.790000381469726,-73.67214692844989,-73.67214692844989
13.800000381469726,-73.67027999112302,-73.67027999112302
13.810000381469727,-73.6684157250721,-73.6684157250721
13.820000381469727,-73.6665543831986,-73.6665543831986
13.830000381469727,-73.66469621509819,-73.66469621509819
13.840000381469727,-73.66284146705723,-73.66284146705723
13.850000381469727,-73.66099038209653,-73.66099038209653
13.860000381469726,-73.6591431999534,-73.6591431999534
13.870000381469726,-73.65730015716343,-73.65730015716343
13.880000381469726,-73.6554614870051,-73.6554614870051
13.890000381469726,-73.65362741956456,-73.65362741956456
13.900000381469727,-73.65179818172452,-73.65179818172452
13.910000381469727,-73.64997399718175,-73.64997399718175
13.920000381469727,-73.64815508647654,-73.64815508647654
13.930000381469727,-73.6463416669902,-73.6463416669902
13.940000381469726,-73.64453395295182,-73.64453395295182
13.950000381469726,-73.6427321554757,-73.6427321554757
13.960000381469726,-73.64093648254863,-73.64093648254863
13.970000381469726,-73.63914713906392,-73.63914713906392
13.980000381469727,-73.63736432683304,-73.63736432683304
13.990000381469727,-73.63558824458889,-73.63558824458889
14.000000381469727,-73.63381908800673,-73.63381908800673
14.010000381469727,-73.63205704973944,-73.63205704973944
14.020000381469726,-73.63030231940346,-73.63030231940346
14.030000381469726,-73.62855508360641,-73.62855508360641
14.040000381469726,-73.62681552597847,-73.62681552597847
14.050000381469726,-73.62508382718083,-73.62508382718083
14.060000381469727,-73.62336016492016,-73.62336016492016
14.070000381469727,-73.62164471398415,-73.62164471398415
14.080000381469727,-73.61993764622979,-73.61993764622979
14.090000381469727,-73.61823913064566,-73.61823913064566
14.100000381469727,-73.61654933333168,-73.61654933333168
14.110000381469726,-73.61486841756033,-73.61486841756033
14.120000381469726,-73.61319654376379,-73.61319654376379
14.130000381469726,-73.61153386958568,-73.61153386958568
14.140000381469726,-73.60988054987531,-73.60988054987531
14.150000381469727,-73.60823673672732,-73.60823673672732
14.160000381469727,-73.6066025795182,-73.6066025795182
14.170000381469727,-73.60497822489451,-73.60497822489451
14.180000381469727,-73.60336381682198,-73.60336381682198
14.190000381469726,-73.60175949662106,-73.60175949662106
14.200000381469726,-73.60016540295562,-73.60016540295562
14.210000381469726,-73.59858167188736,-73.59858167188736
14.220000381469726,-73.59700843688793,-73.59700843688793
14.230000381469727,-73.59544582887428,-73.59544582887428
14.240000381469727,-73.5938939762263,-73.5938939762263
14.250000381469727,-73.59235300481471,-73.59235300481471
14.260000381469727,-73.5908230380215,-73.5908230380215
14.270000381469726,-73.58930419676915,-73.58930419676915
14.280000381469726,-73.58779659955796,-73.58779659955796
14.290000381469726,-73.58630036248113,-73.58630036248113
14.300000381469726,-73.58481559924789,-73.58481559924789
14.310000381469727,-73.58334242121254,-73.58334242121254
14.320000381469727,-73.58188093740591,-73.58188093740591
14.330000381469727,-73.58043125456692,-73.58043125456692
14.340000381469727,-73.57899347714051,-73.57899347714051
14.350000381469727,-73.57756770734697,-73.57756770734697
14.360000381469726,-73.57615404516874,-73.57615404516874
14.370000381469726,-73.57475258839301,-73.57475258839301
14.380000381469726,-73.57336343264457,-73.57336343264457
14.390000381469726,-73.57198667141317,-73.57198667141317
14.400000381469727,-73.57062239605487,-73.57062239605487
14.410000381469727,-73.5692706958462,-73.5692706958462
14.420000381469727,-73.56793165798912,-73.56793165798912
14.430000381469727,-73.56660536765587,-73.56660536765587
14.440000381469726,-73.56529190800745,-73.56529190800745
14.450000405311584,-73.56399135711784,-73.56399135711784
14.460000405311584,-73.56270380040809,-73.56270380040809
14.470000405311584,-73.56142931201904,-73.56142931201904
14.480000405311584,-73.56016796729877,-73.56016796729877
14.490000405311584,-73.55891983973946,-73.55891983973946
14.500000405311585,-73.55768500093194,-73.55768500093194
14.510000405311585,-73.55646352064973,-73.55646352064973
14.520000405311585,-73.55525546684385,-73.55525546684385
14.530000405311585,-73.55406090569618,-73.55406090569618
14.540000405311584,-73.55287990159975,-73.55287990159975
14.550000405311584,-73.55171251723247,-73.55171251723247
14.560000405311584,-73.55055881352268,-73.55055881352268
14.570000405311584,-73.54941884972948,-73.54941884972948
14.580000405311585,-73.54829268344268,-73.54829268344268
14.590000405311585,-73.54718037059504,-73.54718037059504
14.600000405311585,-73.54608196550697,-73.54608196550697
14.610000405311585,-73.54499752088223,-73.54499752088223
14.620000405311584,-73.54392708785913,-73.54392708785913
14.630000405311584,-73.54287071602357,-73.54287071602357
14.640000405311584,-73.5418284534094,-73.5418284534094
14.650000405311584,-73.54080034655244,-73.54080034655244
14.660000405311585,-73.53978644049253,-73.53978644049253
14.670000405311585,-73.53878677881359,-73.53878677881359
14.680000405311585,-73.53780140363891,-73.53780140363891
14.690000405311585,-73.53683035566526,-73.53683035566526
14.700000405311584,-73.53587367419571,-73.53587367419571
14.710000405311584,-73.53493139712955,-73.53493139712955
14.720000405311584,-73.5340035610193,-73.5340035610193
14.730000405311584,-73.53309020106312,-73.53309020106312
14.740000405311584,-73.53219135114772,-73.53219135114772
14.750000405311585,-73.53130704383732,-73.53130704383732
14.760000405311585,-73.53043731041458,-73.53043731041458
14.770000405311585,-73.52958218091048,-73.52958218091048
14.780000405311585,-73.528741684095,-73.528741684095
14.790000405311584,-73.52791584751843,-73.52791584751843
14.800000405311584,-73.5271046975129,-73.5271046975129
14.810000405311584,-73.52630825922081,-73.52630825922081
14.820000405311584,-73.5255265566255,-73.5255265566255
14.830000405311585,-73.52475961254301,-73.52475961254301
14.840000405311585,-73.52400744864607,-73.52400744864607
14.850000405311585,-73.52327008549862,-73.52327008549862
14.860000405311585,-73.52254754257152,-73.52254754257152
14.870000405311584,-73.52183983822486,-73.52183983822486
14.880000405311584,-73.52114698977368,-73.52114698977368
14.890000405311584,-73.5204690134699,-73.5204690134699
14.900000405311584,-73.51980592452503,-73.51980592452503
14.910000405311585,-73.5191577371511,-73.5191577371511
14.920000405311585,-73.51852446453069,-73.51852446453069
14.930000405311585,-73.517906118877,-73.517906118877
14.940000405311585,-73.51730271142983,-73.51730271142983
14.950000405311584,-73.51671425246849,-73.51671425246849
14.960000405311584,-73.51614075133298,-73.51614075133298
14.970000405311584,-73.51558221644241,-73.51558221644241
14.980000405311584,-73.51503865529494,-73.51503865529494
14.990000405311584,-73.5145100744993,-73.5145100744993
15.000000405311585,-73.5139964797818,-73.5139964797818
15.010000405311585,-73.51349787600297,-73.51349787600297
15.020000405311585,-73.5130142671496,-73.5130142671496
15.030000405311585,-73.5125456564011,-73.5125456564011
15.040000405311584,-73.51209204608426,-73.51209204608426
15.050000405311584,-73.51165343773705,-73.51165343773705
15.060000405311584,-73.51122983207068,-73.51122983207068
15.070000405311584,-73.5108212290286,-73.5108212290286
15.080000405311585,-73.51042762777698,-73.51042762777698
15.090000405311585,-73.51004902671572,-73.51004902671572
15.100000405311585,-73.509685423507,-73.509685423507
15.110000405311585,-73.50933681506707,-73.50933681506707
15.120000405311584,-73.50900319759211,-73.50900319759211
15.130000405311584,-73.5086845665662,-73.5086845665662
15.140000405311584,-73.50838091678072,-73.50838091678072
15.150000405311584,-73.50809224232468,-73.50809224232468
15.160000405311585,-73.507818536629,-73.507818536629
15.170000405311585,-73.50755979244612,-73.50755979244612
15.180000405311585,-73.50731600188607,-73.50731600188607
15.190000405311585,-73.50708715640131,-73.50708715640131
15.200000405311584,-73.50687324682852,-73.50687324682852
15.210000405311584,-73.50667426336837,-73.50667426336837
15.220000405311584,-73.50649019562323,-73.50649019562323
15.230000405311584,-73.50632103260064,-73.50632103260064
15.240000405311584,-73.50616676269671,-73.50616676269671
15.250000405311585,-73.50602737375213,-73.50602737375213
15.260000405311585,-73.50590285302454,-73.50590285302454
15.270000405311585,-73.50579318721326,-73.50579318721326
15.280000405311585,-73.50569836247558,-73.50569836247558
15.290000405311584,-73.50561836441867,-73.50561836441867
15.300000429153442,-73.50555317798477,-73.50555317798477
15.310000429153442,-73.50550278807845,-73.50550278807845
15.320000429153442,-73.50546717853281,-73.50546717853281
15.330000429153442,-73.50544633290986,-73.50544633290986
15.340000429153442,-73.50544023426158,-73.50544023426158
15.350000429153443,-73.50544886516015,-73.50544886516015
15.360000429153443,-73.50547220768557,-73.50547220768557
15.370000429153443,-73.50551024346574,-73.50551024346574
15.380000429153442,-73.50556295366935,-73.50556295366935
15.390000429153442,-73.50563031900177,-73.50563031900177
15.400000429153442,-73.50571231973505,-73.50571231973505
15.410000429153442,-73.50580893570817,-73.50580893570817
15.420000429153442,-73.50592014631403,-73.50592014631403
15.430000429153443,-73.50604593055341,-73.50604593055341
15.440000429153443,-73.5061862670005,-73.5061862670005
15.450000429153443,-73.50634113382611,-73.50634113382611
15.460000429153443,-73.50651050881,-73.50651050881
15.470000429153442,-73.50669436933373,-73.50669436933373
15.480000429153442,-73.50689269240696,-73.50689269240696
15.490000429153442,-73.50710545466428,-73.50710545466428
15.500000429153442,-73.50733263236262,-73.50733263236262
15.510000429153443,-73.50757420140314,-73.50757420140314
15.520000429153443,-73.50783013734585,-73.50783013734585
15.530000429153443,-73.50810041537959,-73.50810041537959
15.540000429153443,-73.50838501038186,-73.50838501038186
15.550000429153442,-73.50868389687216,-73.50868389687216
15.560000429153442,-73.50899704905143,-73.50899704905143
15.570000429153442,-73.50932444080235,-73.50932444080235
15.580000429153442,-73.50966604568696,-73.50966604568696
15.590000429153442,-73.51002183696971,-73.51002183696971
15.600000429153443,-73.5103917875985,-73.5103917875985
15.610000429153443,-73.51077587023785,-73.51077587023785
15.620000429153443,-73.51117405725724,-73.51117405725724
15.630000429153442,-73.51158632072828,-73.51158632072828
15.640000429153442,-73.51201263247142,-73.51201263247142
15.650000429153442,-73.51245296400924,-73.51245296400924
15.660000429153442,-73.5129072866075,-73.5129072866075
15.670000429153442,-73.51337557126928,-73.51337557126928
15.680000429153443,-73.51385778873704,-73.51385778873704
15.690000429153443,-73.51435390950574,-73.51435390950574
15.700000429153443,-73.51486390383197,-73.51486390383197
15.710000429153443,-73.51538774170464,-73.51538774170464
15.720000429153442,-73.51592539291514,-73.51592539291514
15.730000429153442,-73.51647682697876,-73.51647682697876
15.740000429153442,-73.5170420132257,-73.5170420132257
15.750000429153442,-73.51762092075354,-73.51762092075354
15.760000429153443,-73.51821351842456,-73.51821351842456
15.770000429153443,-73.51881977490973,-73.51881977490973
15.780000429153443,-73.5194396586724,-73.5194396586724
15.790000429153443,-73.52007313796454,-73.52007313796454
15.800000429153442,-73.52072018084066,-73.52072018084066
15.810000429153442,-73.52138075516348,-73.52138075516348
15.820000429153442,-73.52205482861949,-73.52205482861949
15.830000429153442,-73.52274236869233,-73.52274236869233
15.840000429153442,-73.52344334269806,-73.52344334269806
15.850000429153443,-73.52415771776963,-73.52415771776963
15.860000429153443,-73.52488546086458,-73.52488546086458
15.870000429153443,-73.52562653878265,-73.52562653878265
15.880000429153442,-73.52638091815528,-73.52638091815528
15.890000429153442,-73.52714856545151,-73.52714856545151
15.900000429153442,-73.52792944699036,-73.52792944699036
15.910000429153442,-73.52872352893212,-73.52872352893212
15.920000429153442,-73.5295307772943,-73.5295307772943
15.930000429153443,-73.53035115793527,-73.53035115793527
15.940000429153443,-73.53118463659371,-73.53118463659371
15.950000429153443,-73.53203117886389,-73.53203117886389
15.960000429153443,-73.53289075019573,-73.53289075019573
15.970000429153442,-73.53376331591782,-73.53376331591782
15.980000429153442,-73.53464884122876,-73.53464884122876
15.990000429153442,-73.53554729120813,-73.53554729120813
16.00000042915344,-73.53645863080827,-73.53645863080827
16.010000429153443,-73.53738282487527,-73.53738282487527
16.02000042915344,-73.53831983812756,-73.53831983812756
16.030000429153443,-73.53926963519035,-73.53926963519035
16.04000042915344,-73.54023218056386,-73.54023218056386
16.050000429153442,-73.54120743865015,-73.54120743865015
16.060000429153444,-73.54219537376089,-73.54219537376089
16.070000429153442,-73.54319595010017,-73.54319595010017
16.080000429153444,-73.54420913177157,-73.54420913177157
16.09000042915344,-73.5452348827984,-73.5452348827984
16.100000429153443,-73.54627316710608,-73.54627316710608
16.11000042915344,-73.5473239485412,-73.5473239485412
16.120000429153443,-73.54838719085743,-73.54838719085743
16.13000042915344,-73.54946285773651,-73.54946285773651
16.140000429153442,-73.5505509127783,-73.5505509127783
16.1500004529953,-73.55165132213305,-73.55165132213305
16.160000452995302,-73.55276404403726,-73.55276404403726
16.1700004529953,-73.55388904445654,-73.55388904445654
16.1800004529953,-73.55502628670476,-73.55502628670476
16.1900004529953,-73.55617573403302,-73.55617573403302
16.2000004529953,-73.55733734963073,-73.55733734963073
16.2100004529953,-73.55851109663139,-73.55851109663139
16.2200004529953,-73.55969693809034,-73.55969693809034
16.2300004529953,-73.56089483702263,-73.56089483702263
16.2400004529953,-73.5621047563847,-73.5621047563847
16.2500004529953,-73.56332665909565,-73.56332665909565
16.2600004529953,-73.56456050801789,-73.56456050801789
16.2700004529953,-73.56580626594703,-73.56580626594703
16.2800004529953,-73.56706389567906,-73.56706389567906
16.2900004529953,-73.5683333599209,-73.5683333599209
16.3000004529953,-73.5696146213687,-73.5696146213687
16.3100004529953,-73.57090764267825,-73.57090764267825
16.320000452995302,-73.57221238646345,-73.57221238646345
16.3300004529953,-73.57352881530191,-73.57352881530191
16.3400004529953,-73.57485689175009,-73.57485689175009
16.3500004529953,-73.57619657832852,-73.57619657832852
16.3600004529953,-73.57754783752607,-73.57754783752607
16.3700004529953,-73.57891063181434,-73.57891063181434
16.3800004529953,-73.58028492363823,-73.58028492363823
16.3900004529953,-73.58167067541834,-73.58167067541834
16.4000004529953,-73.58306784955536,-73.58306784955536
16.410000452995302,-73.58447640843652,-73.58447640843652
16.4200004529953,-73.5858963144298,-73.5858963144298
16.4300004529953,-73.58732752988045,-73.58732752988045
16.4400004529953,-73.58877001714134,-73.58877001714134
16.4500004529953,-73.5902237385279,-73.5902237385279
16.4600004529953,-73.59168865636725,-73.59168865636725
16.4700004529953,-73.5931647329607,-73.5931647329607
16.4800004529953,-73.59465193062535,-73.59465193062535
16.4900004529953,-73.59615021165914,-73.59615021165914
16.5000004529953,-73.5976595383521,-73.5976595383521
16.5100004529953,-73.5991798730056,-73.5991798730056
16.5200004529953,-73.60071117790942,-73.60071117790942
16.5300004529953,-73.60225341535735,-73.60225341535735
16.5400004529953,-73.6038065476472,-73.6038065476472
16.5500004529953,-73.6053705370987,-73.6053705370987
16.5600004529953,-73.60694534600938,-73.60694534600938
16.570000452995302,-73.60853093669994,-73.60853093669994
16.5800004529953,-73.61012727148943,-73.61012727148943
16.5900004529953,-73.61173431271789,-73.61173431271789
16.6000004529953,-73.61335202272917,-73.61335202272917
16.6100004529953,-73.61498036387447,-73.61498036387447
16.6200004529953,-73.61661929854766,-73.61661929854766
16.6300004529953,-73.61826878911846,-73.61826878911846
16.6400004529953,-73.61992879800165,-73.61992879800165
16.6500004529953,-73.62159928761001,-73.62159928761001
16.660000452995302,-73.62328022038793,-73.62328022038793
16.6700004529953,-73.62497155879893,-73.62497155879893
16.6800004529953,-73.62667326532761,-73.62667326532761
16.6900004529953,-73.62838530247606,-73.62838530247606
16.7000004529953,-73.6301037058477,-73.6301037058477
16.7100004529953,-73.63182257306447,-73.63182257306447
16.7200004529953,-73.63353588280037,-73.63353588280037
16.7300004529953,-73.63523817989822,-73.63523817989822
16.7400004529953,-73.63692469086683,-73.63692469086683
16.7500004529953,-73.63859126095187,-73.63859126095187
16.7600004529953,-73.64023426081607,-73.64023426081607
16.7700004529953,-73.64185050358515,-73.64185050358515
16.7800004529953,-73.6434371782015,-73.6434371782015
16.7900004529953,-73.64499179670588,-73.64499179670588
16.8000004529953,-73.64651215198064,-73.64651215198064
16.8100004529953,-73.64799628317978,-73.64799628317978
16.820000452995302,-73.64944244709245,-73.64944244709245
16.8300004529953,-73.65084909392236,-73.65084909392236
16.8400004529953,-73.65221484669445,-73.65221484669445
16.8500004529953,-73.65353848366338,-73.65353848366338
16.8600004529953,-73.65481892298139,-73.65481892298139
16.8700004529953,-73.65605520952623,-73.65605520952623
16.8800004529953,-73.65724650332992,-73.65724650332992
16.8900004529953,-73.65839206945604,-73.65839206945604
16.9000004529953,-73.65949126909844,-73.65949126909844
16.910000452995302,-73.66054355168812,-73.66054355168812
16.9200004529953,-73.66154844791377,-73.66154844791377
16.9300004529953,-73.66250556342787,-73.66250556342787
16.9400004529953,-73.6634145732643,-73.6634145732643
16.9500004529953,-73.66427521677744,-73.66427521677744
16.9600004529953,-73.66508729304557,-73.66508729304557
16.9700004529953,-73.6658506567085,-73.6658506567085
16.9800004529953,-73.66656521418244,-73.66656521418244
16.9900004529953,-73.6672309201451,-73.6672309201451
17.000000476837158,-73.66784777580773,-73.66784777580773
17.01000047683716,-73.66841581997303,-73.66841581997303
17.020000476837158,-73.6689351354128,-73.6689351354128
17.03000047683716,-73.6694058401338,-73.6694058401338
17.040000476837157,-73.66982808656977,-73.66982808656977
17.05000047683716,-73.67020205936339,-73.67020205936339
17.060000476837157,-73.67052797328896,-73.67052797328896
17.07000047683716,-73.67080607130353,-73.67080607130353
17.080000476837156,-73.67103662273468,-73.67103662273468
17.090000476837158,-73.67121992154551,-73.67121992154551
17.10000047683716,-73.67135628472286,-73.67135628472286
17.110000476837158,-73.6714460507444,-73.6714460507444
17.12000047683716,-73.67148957815489,-73.67148957815489
17.130000476837157,-73.67148724420677,-73.67148724420677
17.14000047683716,-73.67143944354498,-73.67143944354498
17.150000476837157,-73.67134658702834,-73.67134658702834
17.16000047683716,-73.67120910054602,-73.67120910054602
17.17000047683716,-73.67102742395453,-73.67102742395453
17.180000476837158,-73.67080201004993,-73.67080201004993
17.19000047683716,-73.67053332354546,-73.67053332354546
17.200000476837157,-73.67022184019591,-73.67022184019591
17.21000047683716,-73.6698680458884,-73.6698680458884
17.220000476837157,-73.66947243582497,-73.66947243582497
17.23000047683716,-73.6690355137289,-73.6690355137289
17.240000476837157,-73.66855779108768,-73.66855779108768
17.250000476837158,-73.66803978644897,-73.66803978644897
17.26000047683716,-73.6674820247581,-73.6674820247581
17.270000476837158,-73.66688503669546,-73.66688503669546
17.28000047683716,-73.66624935808669,-73.66624935808669
17.290000476837157,-73.6655755293219,-73.6655755293219
17.30000047683716,-73.66486409482455,-73.66486409482455
17.310000476837157,-73.66411560251592,-73.66411560251592
17.32000047683716,-73.6633306033323,-73.6633306033323
17.330000476837156,-73.6625096507673,-73.6625096507673
17.340000476837158,-73.66165330042632,-73.66165330042632
17.35000047683716,-73.66076210960088,-73.66076210960088
17.360000476837158,-73.65983663690868,-73.65983663690868
17.37000047683716,-73.65887744187309,-73.65887744187309
17.380000476837157,-73.65788508459597,-73.65788508459597
17.39000047683716,-73.65686012541725,-73.65686012541725
17.400000476837157,-73.65580312460881,-73.65580312460881
17.41000047683716,-73.65471464204785,-73.65471464204785
17.42000047683716,-73.65359523697025,-73.65359523697025
17.430000476837158,-73.65244546767757,-73.65244546767757
17.44000047683716,-73.65126589128295,-73.65126589128295
17.450000476837157,-73.650057063484,-73.650057063484
17.46000047683716,-73.64881953833503,-73.64881953833503
17.470000476837157,-73.64755386802693,-73.64755386802693
17.48000047683716,-73.64626060269012,-73.64626060269012
17.490000476837157,-73.6449402902195,-73.6449402902195
17.500000476837158,-73.64359347607288,-73.64359347607288
17.51000047683716,-73.64222070312555,-73.64222070312555
17.520000476837158,-73.6408225114973,-73.6408225114973
17.53000047683716,-73.63939943841602,-73.63939943841602
17.540000476837157,-73.63795201807079,-73.63795201807079
17.55000047683716,-73.63648078148381,-73.63648078148381
17.560000476837157,-73.63498625639401,-73.63498625639401
17.57000047683716,-73.63346896714415,-73.63346896714415
17.580000476837156,-73.63192943455395,-73.63192943455395
17.590000476837158,-73.6303681758661,-73.6303681758661
17.60000047683716,-73.6287857046014,-73.6287857046014
17.610000476837158,-73.62718253051092,-73.62718253051092
17.62000047683716,-73.62555915948104,-73.62555915948104
17.630000476837157,-73.62391609346972,-73.62391609346972
17.64000047683716,-73.62225383041785,-73.62225383041785
17.650000476837157,-73.62057286420288,-73.62057286420288
17.66000047683716,-73.61887368458895,-73.61887368458895
17.67000047683716,-73.61715677716369,-73.61715677716369
17.680000476837158,-73.61542262328595,-73.61542262328595
17.69000047683716,-73.61367170004068,-73.61367170004068
17.700000476837157,-73.61190448022684,-73.61190448022684
17.71000047683716,-73.61012143228896,-73.61012143228896
17.720000476837157,-73.6083230203008,-73.6083230203008
17.73000047683716,-73.60650970393483,-73.60650970393483
17.740000476837157,-73.60468193844353,-73.60468193844353
17.750000476837158,-73.6028401746203,-73.6028401746203
17.76000047683716,-73.60098485881286,-73.60098485881286
17.770000476837158,-73.59911643288515,-73.59911643288515
17.78000047683716,-73.5972353341956,-73.5972353341956
17.790000476837157,-73.59534199561844,-73.59534199561844
17.80000047683716,-73.59343684551455,-73.59343684551455
17.810000476837157,-73.59152030773562,-73.59152030773562
17.82000047683716,-73.58959280161723,-73.58959280161723
17.830000476837156,-73.58765474197985,-73.58765474197985
17.840000476837158,-73.58570653913047,-73.58570653913047
17.850000500679016,-73.58374859421342,-73.58374859421342
17.860000500679018,-73.58178131784449,-73.58178131784449
17.870000500679016,-73.57980510217594,-73.57980510217594
17.880000500679017,-73.57782033953247,-73.57782033953247
17.890000500679015,-73.57582741777155,-73.57582741777155
17.900000500679017,-73.57382672026422,-73.57382672026422
17.910000500679015,-73.57181862597314,-73.57181862597314
17.920000500679016,-73.56980350939449,-73.56980350939449
17.930000500679014,-73.56778174062666,-73.56778174062666
17.940000500679016,-73.56575368537335,-73.56575368537335
17.950000500679018,-73.56371970494804,-73.56371970494804
17.960000500679016,-73.56167373699866,-73.56167373699866
17.970000500679017,-73.55961332377056,-73.55961332377056
17.980000500679015,-73.55753744760521,-73.55753744760521
17.990000500679017,-73.5554457562929,-73.5554457562929
18.000000500679015,-73.5533382670278,-73.5533382670278
18.010000500679016,-73.551215212457,-73.551215212457
18.020000500679018,-73.54907695025383,-73.54907695025383
18.030000500679016,-73.54692390873423,-73.54692390873423
18.040000500679017,-73.54475655408781,-73.54475655408781
18.050000500679015,-73.54257537072971,-73.54257537072971
18.060000500679017,-73.54038084955835,-73.54038084955835
18.070000500679015,-73.53817348107283,-73.53817348107283
18.080000500679017,-73.53595375141424,-73.53595375141424
18.090000500679015,-73.53372214024067,-73.53372214024067
18.100000500679016,-73.53147911963565,-73.53147911963565
18.110000500679018,-73.52922515370402,-73.52922515370402
18.120000500679016,-73.52696069856641,-73.52696069856641
18.130000500679017,-73.52468620247653,-73.52468620247653
18.140000500679015,-73.52240210617148,-73.52240210617148
18.150000500679017,-73.52010884315443,-73.52010884315443
18.160000500679015,-73.51780684003943,-73.51780684003943
18.170000500679016,-73.51549651686871,-73.51549651686871
18.180000500679014,-73.51317828745808,-73.51317828745808
18.190000500679016,-73.51085255959806,-73.51085255959806
18.200000500679018,-73.50851973534628,-73.50851973534628
18.210000500679016,-73.50618021125038,-73.50618021125038
18.220000500679017,-73.50383437849356,-73.50383437849356
18.230000500679015,-73.50148262309679,-73.50148262309679
18.240000500679017,-73.49912532603996,-73.49912532603996
18.250000500679015,-73.4967628634081,-73.4967628634081
18.260000500679016,-73.49439560647129,-73.49439560647129
18.270000500679018,-73.49202392181878,-73.49202392181878
18.280000500679016,-73.4896481714058,-73.4896481714058
18.290000500679017,-73.48726871263976,-73.48726871263976
18.300000500679015,-73.48488589845016,-73.48488589845016
18.310000500679017,-73.48250007735034,-73.48250007735034
18.320000500679015,-73.48011159347139,-73.48011159347139
18.330000500679017,-73.47772078660572,-73.47772078660572
18.340000500679015,-73.47532799227642,-73.47532799227642
18.350000500679016,-73.47293354175784,-73.47293354175784
18.360000500679018,-73.47053776210514,-73.47053776210514
18.370000500679016,-73.46814097620154,-73.46814097620154
18.380000500679017,-73.46574350277429,-73.46574350277429
18.390000500679015,-73.4633456564449,-73.4633456564449
18.400000500679017,-73.46094774773431,-73.46094774773431
18.410000500679015,-73.45855008311361,-73.45855008311361
18.420000500679016,-73.45615296500779,-73.45615296500779
18.430000500679014,-73.45375669184646,-73.45375669184646
18.440000500679016,-73.45136155807938,-73.45136155807938
18.450000500679018,-73.44896785419115,-73.44896785419115
18.460000500679016,-73.44657586673732,-73.44657586673732
18.470000500679017,-73.44418587837552,-73.44418587837552
18.480000500679015,-73.44179816788755,-73.44179816788755
18.490000500679017,-73.43941301019584,-73.43941301019584
18.500000500679015,-73.43703067641414,-73.43703067641414
18.510000500679016,-73.43465143383368,-73.43465143383368
18.520000500679018,-73.43227554599721,-73.43227554599721
18.530000500679016,-73.42990327268545,-73.42990327268545
18.540000500679017,-73.42753486996676,-73.42753486996676
18.550000500679015,-73.42517059023365,-73.42517059023365
18.560000500679017,-73.42281068219016,-73.42281068219016
18.570000500679015,-73.42045539092194,-73.42045539092194
18.580000500679017,-73.41810495790418,-73.41810495790418
18.590000500679015,-73.41575962103984,-73.41575962103984
18.600000500679016,-73.41341961468014,-73.41341961468014
18.610000500679018,-73.41108516965436,-73.41108516965436
18.620000500679016,-73.4087565133045,-73.4087565133045
18.630000500679017,-73.4064338694981,-73.4064338694981
18.640000500679015,-73.40411745869685,-73.40411745869685
18.650000500679017,-73.401807497935,-73.401807497935
18.660000500679015,-73.39950420090138,-73.39950420090138
18.670000500679016,-73.3972077779199,-73.3972077779199
18.680000500679014,-73.39491843602092,-73.39491843602092
18.690000500679016,-73.39263637894736,-73.39263637894736
18.700000524520874,-73.39036180177328,-73.39036180177328
18.710000524520876,-73.3880885085474,-73.3880885085474
18.720000524520874,-73.38581388463048,-73.38581388463048
18.730000524520875,-73.38353675890454,-73.38353675890454
18.740000524520873,-73.38125662553679,-73.38125662553679
18.750000524520875,-73.37897334856272,-73.37897334856272
18.760000524520873,-73.37668700818355,-73.37668700818355
18.770000524520874,-73.37439781051684,-73.37439781051684
18.780000524520872,-73.37210603330978,-73.37210603330978
18.790000524520874,-73.36981199320806,-73.36981199320806
18.800000524520875,-73.36751602613138,-73.36751602613138
18.810000524520873,-73.36521847556867,-73.36521847556867
18.820000524520875,-73.36291968568035,-73.36291968568035
18.830000524520873,-73.36061999738267,-73.36061999738267
18.840000524520875,-73.3583197461955,-73.3583197461955
18.850000524520873,-73.35601926120087,-73.35601926120087
18.860000524520874,-73.35371886462774,-73.35371886462774
18.870000524520876,-73.35141887183185,-73.35141887183185
18.880000524520874,-73.3491195914846,-73.3491195914846
18.890000524520875,-73.34682132580744,-73.34682132580744
18.900000524520873,-73.34452437098201,-73.34452437098201
18.910000524520875,-73.34222901742561,-73.34222901742561
18.920000524520873,-73.33993555017214,-73.33993555017214
18.930000524520874,-73.33764424911729,-73.33764424911729
18.940000524520872,-73.33535538933323,-73.33535538933323
18.950000524520874,-73.33306924129676,-73.33306924129676
18.960000524520876,-73.33078607112009,-73.33078607112009
18.970000524520874,-73.3285061407078,-73.3285061407078
18.980000524520875,-73.32622970796352,-73.32622970796352
18.990000524520873,-73.32395702688984,-73.32395702688984
19.000000524520875,-73.32168834774765,-73.32168834774765
19.010000524520873,-73.31942391714186,-73.31942391714186
19.020000524520874,-73.31716397812083,-73.31716397812083
19.030000524520872,-73.31490877025088,-73.31490877025088
19.040000524520874,-73.31265852969396,-73.31265852969396
19.050000524520875,-73.31041348926901,-73.31041348926901
19.060000524520873,-73.30817387851047,-73.30817387851047
19.070000524520875,-73.30593992369377,-73.30593992369377
19.080000524520873,-73.30371184789936,-73.30371184789936
19.090000524520875,-73.30148987104567,-73.30148987104567
19.100000524520873,-73.2992742099219,-73.2992742099219
19.110000524520874,-73.29706507819618,-73.29706507819618
19.120000524520876,-73.29486268649427,-73.29486268649427
19.130000524520874,-73.29266724238403,-73.29266724238403
19.140000524520875,-73.29047895040745,-73.29047895040745
19.150000524520873,-73.2882980121193,-73.2882980121193
19.160000524520875,-73.28612462609173,-73.28612462609173
19.170000524520873,-73.2839589879433,-73.2839589879433
19.180000524520874,-73.28180129035687,-73.28180129035687
19.190000524520872,-73.27965172310945,-73.27965172310945
19.200000524520874,-73.27751047308153,-73.27751047308153
19.210000524520876,-73.27537133082794,-73.27537133082794
19.220000524520874,-73.27323167933491,-73.27323167933491
19.230000524520875,-73.27109033771798,-73.27109033771798
19.240000524520873,-73.26894678954496,-73.26894678954496
19.250000524520875,-73.26680088785793,-73.26680088785793
19.260000524520873,-73.2646527017613,-73.2646527017613
19.270000524520874,-73.26250242627745,-73.26250242627745
19.280000524520872,-73.26035032815182,-73.26035032815182
19.290000524520874,-73.25819671320026,-73.25819671320026
19.300000524520875,-73.2560419066422,-73.2560419066422
19.310000524520873,-73.25388624148336,-73.25388624148336
19.320000524520875,-73.25173005157997,-73.25173005157997
19.330000524520873,-73.24957366773656,-73.24957366773656
19.340000524520875,-73.24741741554988,-73.24741741554988
19.350000524520873,-73.2452616143671,-73.2452616143671
19.360000524520874,-73.24310657684472,-73.24310657684472
19.370000524520876,-73.24095260893993,-73.24095260893993
19.380000524520874,-73.23880001008297,-73.23880001008297
19.390000524520875,-73.23664907343151,-73.23664907343151
19.400000524520873,-73.2345000862275,-73.2345000862275
19.410000524520875,-73.2323533301005,-73.2323533301005
19.420000524520873,-73.23020908142031,-73.23020908142031
19.430000524520874,-73.22806761155859,-73.22806761155859
19.440000524520872,-73.22592918717342,-73.22592918717342
19.450000524520874,-73.22379407046378,-73.22379407046378
19.460000524520876,-73.22165613139825,-73.22165613139825
19.470000524520874,-73.21951282859861,-73.21951282859861
19.480000524520875,-73.21736305459024,-73.21736305459024
19.490000524520873,-73.215206364776,-73.215206364776
19.500000524520875,-73.21304268285076,-73.21304268285076
19.510000524520873,-73.2108721475458,-73.2108721475458
19.520000524520874,-73.20869502266477,-73.20869502266477
19.530000524520872,-73.20651164300145,-73.20651164300145
19.540000524520874,-73.20432238172216,-73.20432238172216
19.550000548362732,-73.20212762561647,-73.20212762561647
19.560000548362733,-73.19992778427694,-73.19992778427694
19.57000054836273,-73.1977232520606,-73.1977232520606
19.580000548362733,-73.19551442489765,-73.19551442489765
19.59000054836273,-73.1933016930471,-73.1933016930471
19.600000548362733,-73.19108544000524,-73.19108544000524
19.61000054836273,-73.1888660421352,-73.1888660421352
19.620000548362732,-73.18664386860362,-73.18664386860362
19.63000054836273,-73.18441928156987,-73.18441928156987
19.640000548362732,-73.1821926364741,-73.1821926364741
19.650000548362733,-73.1799642823434,-73.1799642823434
19.66000054836273,-73.17773456214522,-73.17773456214522
19.670000548362733,-73.17550381306147,-73.17550381306147
19.68000054836273,-73.17327236683442,-73.17327236683442
19.690000548362733,-73.17104054997343,-73.17104054997343
19.70000054836273,-73.1688086840481,-73.1688086840481
19.710000548362732,-73.16657708584246,-73.16657708584246
19.720000548362734,-73.16434606755779,-73.16434606755779
19.73000054836273,-73.16211593695787,-73.16211593695787
19.740000548362733,-73.15988699749997,-73.15988699749997
19.75000054836273,-73.15765954847026,-73.15765954847026
19.760000548362733,-73.1554338850454,-73.1554338850454
19.77000054836273,-73.15321029839603,-73.15321029839603
19.780000548362732,-73.15098907577304,-73.15098907577304
19.79000054836273,-73.14877050054245,-73.14877050054245
19.800000548362732,-73.14655485225383,-73.14655485225383
19.810000548362733,-73.14434240668864,-73.14434240668864
19.82000054836273,-73.14213343589107,-73.14213343589107
19.830000548362733,-73.13992820820779,-73.13992820820779
19.84000054836273,-73.13772698834268,-73.13772698834268
19.850000548362733,-73.13553003734683,-73.13553003734683
19.86000054836273,-73.1333376126721,-73.1333376126721
19.870000548362732,-73.13114996819209,-73.13114996819209
19.88000054836273,-73.12896735421327,-73.12896735421327
19.890000548362732,-73.12679001750055,-73.12679001750055
19.900000548362733,-73.12461820132133,-73.12461820132133
19.91000054836273,-73.12245214542294,-73.12245214542294
19.920000548362733,-73.12029208609343,-73.12029208609343
19.93000054836273,-73.11813825615478,-73.11813825615478
19.940000548362733,-73.1159908849891,-73.1159908849891
19.95000054836273,-73.11385019856098,-73.11385019856098
19.960000548362732,-73.11171004300729,-73.11171004300729
19.970000548362734,-73.10956784850772,-73.10956784850772
19.98000054836273,-73.1074224772755,-73.1074224772755
19.990000548362733,-73.10527345356361,-73.10527345356361
20.00000054836273,-73.10312066947938,-73.10312066947938
20.010000548362733,-73.10096423188864,-73.10096423188864
20.02000054836273,-73.09880437260668,-73.09880437260668
20.030000548362732,-73.09664139431511,-73.09664139431511
20.04000054836273,-73.09447563800845,-73.09447563800845
20.050000548362732,-73.0923074634413,-73.0923074634413
20.060000548362733,-73.09013723750479,-73.09013723750479
20.07000054836273,-73.0879653273606,-73.0879653273606
20.080000548362733,-73.08579209652639,-73.08579209652639
20.09000054836273,-73.08361790277318,-73.08361790277318
20.100000548362733,-73.08144309704507,-73.08144309704507
20.11000054836273,-73.07926802310186,-73.07926802310186
20.120000548362732,-73.07709301744568,-73.07709301744568
20.13000054836273,-73.07491840953257,-73.07491840953257
20.140000548362732,-73.07274452203889,-73.07274452203889
20.150000548362733,-73.07057167122167,-73.07057167122167
20.16000054836273,-73.06840016721003,-73.06840016721003
20.170000548362733,-73.06623031436679,-73.06623031436679
20.18000054836273,-73.06406241159135,-73.06406241159135
20.190000548362733,-73.06189675256391,-73.06189675256391
20.20000054836273,-73.05973362602785,-73.05973362602785
20.210000548362732,-73.05757331597592,-73.05757331597592
20.220000548362734,-73.05541610185388,-73.05541610185388
20.23000054836273,-73.05326225870745,-73.05326225870745
20.240000548362733,-73.05111205734968,-73.05111205734968
20.25000054836273,-73.04896576448671,-73.04896576448671
20.260000548362733,-73.04682364277912,-73.04682364277912
20.27000054836273,-73.04468595101402,-73.04468595101402
20.280000548362732,-73.04255294411405,-73.04255294411405
20.29000054836273,-73.04042487325479,-73.04042487325479
20.300000548362732,-73.03830198591243,-73.03830198591243
20.310000548362733,-73.03618452592777,-73.03618452592777
20.32000054836273,-73.03407273353294,-73.03407273353294
20.330000548362733,-73.03196684543434,-73.03196684543434
20.34000054836273,-73.0298670948264,-73.0298670948264
20.350000548362733,-73.02777371142373,-73.02777371142373
20.36000054836273,-73.02568692152248,-73.02568692152248
20.370000548362732,-73.02360694800964,-73.02360694800964
20.38000054836273,-73.02153401040418,-73.02153401040418
20.390000548362732,-73.01946832487208,-73.01946832487208
20.40000057220459,-73.01741009937975,-73.01741009937975
20.41000057220459,-73.01535955329594,-73.01535955329594
20.42000057220459,-73.01331688802009,-73.01331688802009
20.43000057220459,-73.01128230659891,-73.01128230659891
20.44000057220459,-73.00925600887832,-73.00925600887832
20.45000057220459,-73.00723819150355,-73.00723819150355
20.46000057220459,-73.00522904795943,-73.00522904795943
20.47000057220459,-73.00322876856995,-73.00322876856995
20.480000572204588,-73.0012375405573,-73.0012375405573
20.49000057220459,-72.99925554803633,-72.99925554803633
20.50000057220459,-72.99728297203418,-72.99728297203418
20.51000057220459,-72.99531999056201,-72.99531999056201
20.52000057220459,-72.99336677857788,-72.99336677857788
20.53000057220459,-72.9914235080515,-72.9914235080515
20.54000057220459,-72.98949034797221,-72.98949034797221
20.55000057220459,-72.98756746437606,-72.98756746437606
20.56000057220459,-72.98565502037005,-72.98565502037005
20.57000057220459,-72.98375317617106,-72.98375317617106
20.58000057220459,-72.98186208912122,-72.98186208912122
20.59000057220459,-72.97998191369096,-72.97998191369096
20.60000057220459,-72.97811280156073,-72.97811280156073
20.61000057220459,-72.97625490157948,-72.97625490157948
20.62000057220459,-72.97440835984256,-72.97440835984256
20.63000057220459,-72.97257331969922,-72.97257331969922
20.64000057220459,-72.97074992178281,-72.97074992178281
20.65000057220459,-72.96893830402163,-72.96893830402163
20.66000057220459,-72.96713860169453,-72.96713860169453
20.67000057220459,-72.9653509474379,-72.9653509474379
20.68000057220459,-72.96357547127617,-72.96357547127617
20.69000057220459,-72.9618123006501,-72.9618123006501
20.70000057220459,-72.96006156044281,-72.96006156044281
20.71000057220459,-72.95832337300634,-72.95832337300634
20.72000057220459,-72.95659785820138,-72.95659785820138
20.730000572204588,-72.95488513341955,-72.95488513341955
20.74000057220459,-72.95318531357901,-72.95318531357901
20.75000057220459,-72.95149851120671,-72.95149851120671
20.76000057220459,-72.94982483643061,-72.94982483643061
20.77000057220459,-72.94816439700425,-72.94816439700425
20.78000057220459,-72.94651729835486,-72.94651729835486
20.79000057220459,-72.94488364359123,-72.94488364359123
20.80000057220459,-72.94326353355866,-72.94326353355866
20.81000057220459,-72.94165706682676,-72.94165706682676
20.82000057220459,-72.94006433974748,-72.94006433974748
20.83000057220459,-72.93848544647253,-72.93848544647253
20.84000057220459,-72.93692047897925,-72.93692047897925
20.85000057220459,-72.93536952709992,-72.93536952709992
20.86000057220459,-72.93383267854776,-72.93383267854776
20.87000057220459,-72.93231001893011,-72.93231001893011
20.88000057220459,-72.93080163179839,-72.93080163179839
20.89000057220459,-72.92930759866864,-72.92930759866864
20.90000057220459,-72.92782799903809,-72.92782799903809
20.91000057220459,-72.92636291040496,-72.92636291040496
20.92000057220459,-72.92491240831288,-72.92491240831288
20.93000057220459,-72.92347656637641,-72.92347656637641
20.94000057220459,-72.92205545629704,-72.92205545629704
20.95000057220459,-72.92064914787217,-72.92064914787217
20.96000057220459,-72.91925770906565,-72.91925770906565
20.97000057220459,-72.9178812059774,-72.9178812059774
20.980000572204588,-72.9165197029259,-72.9165197029259
20.99000057220459,-72.91517326241342,-72.91517326241342
21.00000057220459,-72.91384194520772,-72.91384194520772
21.01000057220459,-72.91252581032356,-72.91252581032356
21.02000057220459,-72.91122491505936,-72.91122491505936
21.03000057220459,-72.90993931503507,-72.90993931503507
21.04000057220459,-72.90866906420162,-72.90866906420162
21.05000057220459,-72.9074142148558,-72.9074142148558
21.06000057220459,-72.90617481769043,-72.90617481769043
21.07000057220459,-72.9049509217841,-72.9049509217841
21.08000057220459,-72.90374257466043,-72.90374257466043
21.09000057220459,-72.90254982227012,-72.90254982227012
21.10000057220459,-72.90137270905844,-72.90137270905844
21.11000057220459,-72.90021127793274,-72.90021127793274
21.12000057220459,-72.89906557034898,-72.89906557034898
21.13000057220459,-72.89793562626856,-72.89793562626856
21.14000057220459,-72.89682148422538,-72.89682148422538
21.15000057220459,-72.89572318132693,-72.89572318132693
21.16000057220459,-72.89464075328488,-72.89464075328488
21.17000057220459,-72.89357423442452,-72.89357423442452
21.18000057220459,-72.89252365770976,-72.89252365770976
21.19000057220459,-72.89148905477717,-72.89148905477717
21.20000057220459,-72.89047045592831,-72.89047045592831
21.21000057220459,-72.88946789017301,-72.88946789017301
21.22000057220459,-72.888481385228,-72.888481385228
21.230000572204588,-72.887510967571,-72.887510967571
21.24000057220459,-72.88655666242168,-72.88655666242168
21.250000596046448,-72.88561849154654,-72.88561849154654
21.26000059604645,-72.8846964822405,-72.8846964822405
21.270000596046447,-72.88379065384238,-72.88379065384238
21.28000059604645,-72.8829010267787,-72.8829010267787
21.290000596046447,-72.88202762035706,-72.88202762035706
21.30000059604645,-72.88117045271974,-72.88117045271974
21.310000596046446,-72.88032954090845,-72.88032954090845
21.320000596046448,-72.87950490087658,-72.87950490087658
21.330000596046446,-72.87869654747016,-72.87869654747016
21.340000596046448,-72.87790449448502,-72.87790449448502
21.35000059604645,-72.87712875467885,-72.87712875467885
21.360000596046447,-72.87636933976371,-72.87636933976371
21.37000059604645,-72.87562626044047,-72.87562626044047
21.380000596046447,-72.87489952641549,-72.87489952641549
21.39000059604645,-72.87418914640314,-72.87418914640314
21.400000596046446,-72.87349512816311,-72.87349512816311
21.410000596046448,-72.87281747849057,-72.87281747849057
21.42000059604645,-72.87215620325026,-72.87215620325026
21.430000596046447,-72.87151130737796,-72.87151130737796
21.44000059604645,-72.87088279490281,-72.87088279490281
21.450000596046447,-72.87027066897572,-72.87027066897572
21.46000059604645,-72.86966857709785,-72.86966857709785
21.470000596046447,-72.8690737412324,-72.8690737412324
21.480000596046448,-72.86848481242195,-72.86848481242195
21.490000596046446,-72.86790110336686,-72.86790110336686
21.500000596046448,-72.86732229530786,-72.86732229530786
21.51000059604645,-72.86674828563581,-72.86674828563581
21.520000596046447,-72.86617909842174,-72.86617909842174
21.53000059604645,-72.86561483064935,-72.86561483064935
21.540000596046447,-72.86505561980367,-72.86505561980367
21.55000059604645,-72.86450162445463,-72.86450162445463
21.560000596046446,-72.863953012636,-72.863953012636
21.570000596046448,-72.86340995510068,-72.86340995510068
21.580000596046446,-72.86287262136173,-72.86287262136173
21.590000596046448,-72.86234117764393,-72.86234117764393
21.60000059604645,-72.8618157857723,-72.8618157857723
21.610000596046447,-72.86129660280166,-72.86129660280166
21.62000059604645,-72.86078378097409,-72.86078378097409
21.630000596046447,-72.8602774678811,-72.8602774678811
21.64000059604645,-72.85977780672852,-72.85977780672852
21.650000596046446,-72.85928493667447,-72.85928493667447
21.660000596046448,-72.8587989931349,-72.8587989931349
21.67000059604645,-72.8583201080961,-72.8583201080961
21.680000596046447,-72.85784841039835,-72.85784841039835
21.69000059604645,-72.85738402598224,-72.85738402598224
21.700000596046447,-72.85692707814061,-72.85692707814061
21.71000059604645,-72.85647768768837,-72.85647768768837
21.720000596046447,-72.85603597315531,-72.85603597315531
21.730000596046448,-72.85560205091384,-72.85560205091384
21.740000596046446,-72.85517603530695,-72.85517603530695
21.750000596046448,-72.85475803877317,-72.85475803877317
21.76000059604645,-72.8543481718967,-72.8543481718967
21.770000596046447,-72.85394654352957,-72.85394654352957
21.78000059604645,-72.85355326080546,-72.85355326080546
21.790000596046447,-72.85316842924061,-72.85316842924061
21.80000059604645,-72.85279215273192,-72.85279215273192
21.810000596046446,-72.85242453364486,-72.85242453364486
21.820000596046448,-72.8520656727752,-72.8520656727752
21.830000596046446,-72.85171566945652,-72.85171566945652
21.840000596046448,-72.85137462149396,-72.85137462149396
21.85000059604645,-72.85104262525243,-72.85104262525243
21.860000596046447,-72.85071977562849,-72.85071977562849
21.87000059604645,-72.85040616607763,-72.85040616607763
21.880000596046447,-72.85010188861348,-72.85010188861348
21.89000059604645,-72.84980703383249,-72.84980703383249
21.900000596046446,-72.84952169089844,-72.84952169089844
21.910000596046448,-72.84924594756333,-72.84924594756333
21.92000059604645,-72.84897989017844,-72.84897989017844
21.930000596046447,-72.84872360366761,-72.84872360366761
21.94000059604645,-72.84847717156573,-72.84847717156573
21.950000596046447,-72.84824067599702,-72.84824067599702
21.96000059604645,-72.84801419769362,-72.84801419769362
21.970000596046447,-72.84779781598175,-72.84779781598175
21.980000596046448,-72.84759160881508,-72.84759160881508
21.990000596046446,-72.84739565275014,-72.84739565275014
22.000000596046448,-72.84721002294617,-72.84721002294617
22.01000059604645,-72.84703479319987,-72.84703479319987
22.020000596046447,-72.84687003593221,-72.84687003593221
22.03000059604645,-72.84671582217366,-72.84671582217366
22.040000596046447,-72.8465722215968,-72.8465722215968
22.05000059604645,-72.84643930251264,-72.84643930251264
22.060000596046446,-72.84631713187238,-72.84631713187238
22.070000596046448,-72.84620577527224,-72.84620577527224
22.080000596046446,-72.84610529696329,-72.84610529696329
22.090000596046448,-72.84601575985518,-72.84601575985518
22.100000619888306,-72.84593722534942,-72.84593722534942
22.110000619888307,-72.84586975408604,-72.84586975408604
22.120000619888305,-72.8458134047851,-72.8458134047851
22.130000619888307,-72.84576823506183,-72.84576823506183
22.140000619888305,-72.84573430123359,-72.84573430123359
22.150000619888306,-72.8457116583165,-72.8457116583165
22.160000619888304,-72.84570036004077,-72.84570036004077
22.170000619888306,-72.84570045885859,-72.84570045885859
22.180000619888304,-72.84571200594786,-72.84571200594786
22.190000619888306,-72.84573505124119,-72.84573505124119
22.200000619888307,-72.84576964339496,-72.84576964339496
22.210000619888305,-72.8458158298279,-72.8458158298279
22.220000619888307,-72.8458736567502,-72.8458736567502
22.230000619888305,-72.84594316913085,-72.84594316913085
22.240000619888306,-72.84602441072843,-72.84602441072843
22.250000619888304,-72.84611742410374,-72.84611742410374
22.260000619888306,-72.84622225062952,-72.84622225062952
22.270000619888307,-72.84633893049651,-72.84633893049651
22.280000619888305,-72.8464675027242,-72.8464675027242
22.290000619888307,-72.84660800518594,-72.84660800518594
22.300000619888305,-72.8467604745953,-72.8467604745953
22.310000619888307,-72.84692494653524,-72.84692494653524
22.320000619888305,-72.84710145546163,-72.84710145546163
22.330000619888306,-72.84729003472923,-72.84729003472923
22.340000619888304,-72.8474907165891,-72.8474907165891
22.350000619888306,-72.84770353218948,-72.84770353218948
22.360000619888307,-72.84792851161798,-72.84792851161798
22.370000619888305,-72.84816568389562,-72.84816568389562
22.380000619888307,-72.84841507697486,-72.84841507697486
22.390000619888305,-72.84867671779088,-72.84867671779088
22.400000619888306,-72.84895063222642,-72.84895063222642
22.410000619888304,-72.84923684515597,-72.84923684515597
22.420000619888306,-72.8495353804489,-72.8495353804489
22.430000619888304,-72.84984626098151,-72.84984626098151
22.440000619888306,-72.85016950863272,-72.85016950863272
22.450000619888307,-72.85050514433912,-72.85050514433912
22.460000619888305,-72.85085318806158,-72.85085318806158
22.470000619888307,-72.85121365881426,-72.85121365881426
22.480000619888305,-72.8515865746864,-72.8515865746864
22.490000619888306,-72.85197195282629,-72.85197195282629
22.500000619888304,-72.85236980949375,-72.85236980949375
22.510000619888306,-72.85278016003616,-72.85278016003616
22.520000619888307,-72.85320301890457,-72.85320301890457
22.530000619888305,-72.85363839969928,-72.85363839969928
22.540000619888307,-72.85408631513478,-72.85408631513478
22.550000619888305,-72.85454677708832,-72.85454677708832
22.560000619888307,-72.85501979658619,-72.85501979658619
22.570000619888305,-72.85550538382572,-72.85550538382572
22.580000619888306,-72.85600354818915,-72.85600354818915
22.590000619888304,-72.85651429825127,-72.85651429825127
22.600000619888306,-72.85703764179007,-72.85703764179007
22.610000619888307,-72.85757358580138,-72.85757358580138
22.620000619888305,-72.85812213650372,-72.85812213650372
22.630000619888307,-72.8586832993529,-72.8586832993529
22.640000619888305,-72.85925707905733,-72.85925707905733
22.650000619888306,-72.85984347958062,-72.85984347958062
22.660000619888304,-72.86044250416994,-72.86044250416994
22.670000619888306,-72.86105415532622,-72.86105415532622
22.680000619888304,-72.86167843487118,-72.86167843487118
22.690000619888306,-72.86231534389582,-72.86231534389582
22.700000619888307,-72.86296488283388,-72.86296488283388
22.710000619888305,-72.86362069614128,-72.86362069614128
22.720000619888307,-72.86428000192632,-72.86428000192632
22.730000619888305,-72.86494144692576,-72.86494144692576
22.740000619888306,-72.86560433916387,-72.86560433916387
22.750000619888304,-72.86626835506765,-72.86626835506765
22.760000619888306,-72.86693338715303,-72.86693338715303
22.770000619888307,-72.86759945472501,-72.86759945472501
22.780000619888305,-72.86826665017213,-72.86826665017213
22.790000619888307,-72.86893510663593,-72.86893510663593
22.800000619888305,-72.86960497861772,-72.86960497861772
22.810000619888307,-72.87027643042333,-72.87027643042333
22.820000619888305,-72.87094962936692,-72.87094962936692
22.830000619888306,-72.87162474187225,-72.87162474187225
22.840000619888304,-72.87230193137245,-72.87230193137245
22.850000619888306,-72.87298135722911,-72.87298135722911
22.860000619888307,-72.87366317433907,-72.87366317433907
22.870000619888305,-72.8743475330887,-72.8743475330887
22.880000619888307,-72.87503457948442,-72.87503457948442
22.890000619888305,-72.8757244554484,-72.8757244554484
22.900000619888306,-72.87641729908034,-72.87641729908034
22.910000619888304,-72.87711324504039,-72.87711324504039
22.920000619888306,-72.8778124247585,-72.8778124247585
22.930000619888304,-72.87851496678519,-72.87851496678519
22.940000619888306,-72.87922099700054,-72.87922099700054
22.950000643730164,-72.87993064053038,-72.87993064053038
22.960000643730165,-72.88064401518436,-72.88064401518436
22.970000643730163,-72.88136124173712,-72.88136124173712
22.980000643730165,-72.88208243732882,-72.88208243732882
22.990000643730163,-72.88280771727432,-72.88280771727432
23.000000643730164,-72.88353719513016,-72.88353719513016
23.010000643730162,-72.88427098282759,-72.88427098282759
23.020000643730164,-72.88500919069905,-72.88500919069905
23.030000643730162,-72.88575192757236,-72.88575192757236
23.040000643730163,-72.88649930077909,-72.88649930077909
23.050000643730165,-72.88725141622281,-72.88725141622281
23.060000643730163,-72.88800837841865,-72.88800837841865
23.070000643730165,-72.88877029047929,-72.88877029047929
23.080000643730163,-72.88953725416414,-72.88953725416414
23.090000643730164,-72.8903093698976,-72.8903093698976
23.100000643730162,-72.89108673677205,-72.89108673677205
23.110000643730164,-72.89186945255796,-72.89186945255796
23.120000643730165,-72.892657613721,-72.892657613721
23.130000643730163,-72.8934513154206,-72.8934513154206
23.140000643730165,-72.89425065151222,-72.89425065151222
23.150000643730163,-72.89505571455136,-72.89505571455136
23.160000643730164,-72.8958665958139,-72.8958665958139
23.170000643730162,-72.89668338526289,-72.89668338526289
23.180000643730164,-72.8975061715737,-72.8975061715737
23.190000643730162,-72.89833504214495,-72.89833504214495
23.200000643730164,-72.89917008306794,-72.89917008306794
23.210000643730165,-72.90001137915395,-72.90001137915395
23.220000643730163,-72.90085901391635,-72.90085901391635
23.230000643730165,-72.90171306958338,-72.90171306958338
23.240000643730163,-72.90257362710581,-72.90257362710581
23.250000643730164,-72.90344076612695,-72.90344076612695
23.260000643730162,-72.9043145650249,-72.9043145650249
23.270000643730164,-72.90519510088924,-72.90519510088924
23.280000643730162,-72.9060824495228,-72.9060824495228
23.290000643730163,-72.90697668544625,-72.90697668544625
23.300000643730165,-72.9078778819219,-72.9078778819219
23.310000643730163,-72.90878611093048,-72.90878611093048
23.320000643730165,-72.90970144317265,-72.90970144317265
23.330000643730163,-72.91062394810571,-72.91062394810571
23.340000643730164,-72.9115536938949,-72.9115536938949
23.350000643730162,-72.91249074749057,-72.91249074749057
23.360000643730164,-72.91343517456414,-72.91343517456414
23.370000643730165,-72.9143870395389,-72.9143870395389
23.380000643730163,-72.91534640562111,-72.91534640562111
23.390000643730165,-72.91631333476505,-72.91631333476505
23.400000643730163,-72.91728788770966,-72.91728788770966
23.410000643730164,-72.91827012396526,-72.91827012396526
23.420000643730162,-72.91926010182642,-72.91926010182642
23.430000643730164,-72.92025787839198,-72.92025787839198
23.440000643730162,-72.92126350955941,-72.92126350955941
23.450000643730164,-72.92227705004007,-72.92227705004007
23.460000643730165,-72.92329855335305,-72.92329855335305
23.470000643730163,-72.92432807184746,-72.92432807184746
23.480000643730165,-72.92536565671834,-72.92536565671834
23.490000643730163,-72.92641135799782,-72.92641135799782
23.500000643730164,-72.92746522457512,-72.92746522457512
23.510000643730162,-72.92852730419797,-72.92852730419797
23.520000643730164,-72.92959764348343,-72.92959764348343
23.530000643730162,-72.9306762879399,-72.9306762879399
23.540000643730163,-72.93176328195847,-72.93176328195847
23.550000643730165,-72.93285866884288,-72.93285866884288
23.560000643730163,-72.93396249079557,-72.93396249079557
23.570000643730165,-72.93507478895809,-72.93507478895809
23.580000643730163,-72.93619560339354,-72.93619560339354
23.590000643730164,-72.93732497310923,-72.93732497310923
23.600000643730162,-72.93846293606816,-72.93846293606816
23.610000643730164,-72.93960952919622,-72.93960952919622
23.620000643730165,-72.94076478839516,-72.94076478839516
23.630000643730163,-72.94192874855527,-72.94192874855527
23.640000643730165,-72.94310144355985,-72.94310144355985
23.650000643730163,-72.94428290630128,-72.94428290630128
23.660000643730164,-72.94547316868882,-72.94547316868882
23.670000643730162,-72.9466722616666,-72.9466722616666
23.680000643730164,-72.94788021520763,-72.94788021520763
23.690000643730162,-72.94909705835836,-72.94909705835836
23.700000643730164,-72.95032281919596,-72.95032281919596
23.710000643730165,-72.95155752490123,-72.95155752490123
23.720000643730163,-72.95280120172185,-72.95280120172185
23.730000643730165,-72.95405387501123,-72.95405387501123
23.740000643730163,-72.95531556921469,-72.95531556921469
23.750000643730164,-72.95658630791101,-72.95658630791101
23.760000643730162,-72.95786611380508,-72.95786611380508
23.770000643730164,-72.9591550087269,-72.9591550087269
23.780000643730162,-72.96045301367708,-72.96045301367708
23.790000643730163,-72.96176014879534,-72.96176014879534
23.80000066757202,-72.96307643655364,-72.96307643655364
23.810000667572023,-72.96440188921167,-72.96440188921167
23.82000066757202,-72.96573652756187,-72.96573652756187
23.830000667572023,-72.96708036851923,-72.96708036851923
23.84000066757202,-72.96843342820739,-72.96843342820739
23.850000667572022,-72.96979572196427,-72.96979572196427
23.86000066757202,-72.97116726437228,-72.97116726437228
23.87000066757202,-72.97254806925397,-72.97254806925397
23.88000066757202,-72.97393814969438,-72.97393814969438
23.89000066757202,-72.97533751804026,-72.97533751804026
23.900000667572023,-72.97674618591508,-72.97674618591508
23.91000066757202,-72.97816416424699,-72.97816416424699
23.920000667572022,-72.97959146322933,-72.97959146322933
23.93000066757202,-72.98102809239543,-72.98102809239543
23.940000667572022,-72.98247406056925,-72.98247406056925
23.95000066757202,-72.98392937591723,-72.98392937591723
23.96000066757202,-72.98539404594175,-72.98539404594175
23.970000667572023,-72.98686807748176,-72.98686807748176
23.98000066757202,-72.98835147674431,-72.98835147674431
23.990000667572023,-72.98984424929006,-72.98984424929006
24.00000066757202,-72.99134640007618,-72.99134640007618
24.010000667572022,-72.9928579334078,-72.9928579334078
24.02000066757202,-72.99437885302088,-72.99437885302088
24.030000667572022,-72.9959091620271,-72.9959091620271
24.04000066757202,-72.99744886297341,-72.99744886297341
24.05000066757202,-72.99899795779933,-72.99899795779933
24.060000667572023,-73.0005564479012,-73.0005564479012
24.07000066757202,-73.00212433410064,-73.00212433410064
24.080000667572023,-73.00370161666663,-73.00370161666663
24.09000066757202,-73.00528829532355,-73.00528829532355
24.100000667572022,-73.00688436925627,-73.00688436925627
24.11000066757202,-73.0084898371356,-73.0084898371356
24.12000066757202,-73.0101046970994,-73.0101046970994
24.13000066757202,-73.01172894677748,-73.01172894677748
24.14000066757202,-73.01336258330856,-73.01336258330856
24.150000667572023,-73.01500560331625,-73.01500560331625
24.16000066757202,-73.01665800295783,-73.01665800295783
24.170000667572022,-73.0183197778964,-73.0183197778964
24.18000066757202,-73.01999092333521,-73.01999092333521
24.190000667572022,-73.02167143399775,-73.02167143399775
24.20000066757202,-73.0233613041789,-73.0233613041789
24.21000066757202,-73.02506052768909,-73.02506052768909
24.220000667572023,-73.02676909793418,-73.02676909793418
24.23000066757202,-73.02848700785768,-73.02848700785768
24.240000667572023,-73.03021424999248,-73.03021424999248
24.25000066757202,-73.03195081645049,-73.03195081645049
24.260000667572022,-73.03369669892413,-73.03369669892413
24.27000066757202,-73.03545188871551,-73.03545188871551
24.280000667572022,-73.03721637671121,-73.03721637671121
24.29000066757202,-73.03899015341686,-73.03899015341686
24.30000066757202,-73.0407732089415,-73.0407732089415
24.310000667572023,-73.0425655330268,-73.0425655330268
24.32000066757202,-73.04436711504684,-73.04436711504684
24.330000667572023,-73.0461779440001,-73.0461779440001
24.34000066757202,-73.04799800852787,-73.04799800852787
24.350000667572022,-73.04982729692276,-73.04982729692276
24.36000066757202,-73.0516657971303,-73.0516657971303
24.37000066757202,-73.05351349674632,-73.05351349674632
24.38000066757202,-73.05537038304098,-73.05537038304098
24.39000066757202,-73.05723644296019,-73.05723644296019
24.400000667572023,-73.05911166312193,-73.05911166312193
24.41000066757202,-73.06099602982594,-73.06099602982594
24.420000667572022,-73.06288952905958,-73.06288952905958
24.43000066757202,-73.06479214651303,-73.06479214651303
24.440000667572022,-73.06670386756815,-73.06670386756815
24.45000066757202,-73.06862467731735,-73.06862467731735
24.46000066757202,-73.07054818523375,-73.07054818523375
24.470000667572023,-73.07247158401309,-73.07247158401309
24.48000066757202,-73.07439349878965,-73.07439349878965
24.490000667572023,-73.07631321780389,-73.07631321780389
24.50000066757202,-73.0782303987844,-73.0782303987844
24.510000667572022,-73.08014491638865,-73.08014491638865
24.52000066757202,-73.08205677273868,-73.08205677273868
24.530000667572022,-73.08396604368122,-73.08396604368122
24.54000066757202,-73.08587284643316,-73.08587284643316
24.55000066757202,-73.08777732017316,-73.08777732017316
24.560000667572023,-73.08967961445373,-73.08967961445373
24.57000066757202,-73.09157988241377,-73.09157988241377
24.580000667572023,-73.09347827687095,-73.09347827687095
24.59000066757202,-73.09537494819642,-73.09537494819642
24.600000667572022,-73.09727004321957,-73.09727004321957
24.61000066757202,-73.09916370483079,-73.09916370483079
24.62000066757202,-73.10105607189551,-73.10105607189551
24.63000066757202,-73.10294727940254,-73.10294727940254
24.64000066757202,-73.1048374587219,-73.1048374587219
24.65000069141388,-73.106726742395,-73.106726742395
24.66000069141388,-73.10861524638399,-73.10861524638399
24.67000069141388,-73.11050309744235,-73.11050309744235
24.68000069141388,-73.11239041532421,-73.11239041532421
24.69000069141388,-73.11427731751881,-73.11427731751881
24.70000069141388,-73.11616391946409,-73.11616391946409
24.710000691413878,-73.11804395555018,-73.11804395555018
24.72000069141388,-73.11991474422146,-73.11991474422146
24.730000691413878,-73.1217750358984,-73.1217750358984
24.74000069141388,-73.12362424332316,-73.12362424332316
24.75000069141388,-73.12546214782347,-73.12546214782347
24.76000069141388,-73.12728874674369,-73.12728874674369
24.77000069141388,-73.12910416402572,-73.12910416402572
24.78000069141388,-73.13090859643991,-73.13090859643991
24.79000069141388,-73.13270228129595,-73.13270228129595
24.800000691413878,-73.13448547703562,-73.13448547703562
24.81000069141388,-73.13625845166702,-73.13625845166702
24.82000069141388,-73.13802147599185,-73.13802147599185
24.83000069141388,-73.13977481967844,-73.13977481967844
24.84000069141388,-73.14151874916078,-73.14151874916078
24.85000069141388,-73.1432535265381,-73.1432535265381
24.86000069141388,-73.14497940916792,-73.14497940916792
24.87000069141388,-73.1466966495704,-73.1466966495704
24.88000069141388,-73.14840549560114,-73.14840549560114
24.890000691413878,-73.15010619064333,-73.15010619064333
24.90000069141388,-73.15179897392395,-73.15179897392395
24.91000069141388,-73.15348408080172,-73.15348408080172
24.92000069141388,-73.15516174302851,-73.15516174302851
24.93000069141388,-73.15683218900158,-73.15683218900158
24.94000069141388,-73.15849564400477,-73.15849564400477
24.95000069141388,-73.16015233038817,-73.16015233038817
24.960000691413878,-73.16180246775086,-73.16180246775086
24.97000069141388,-73.16344627308227,-73.16344627308227
24.980000691413878,-73.16508396086583,-73.16508396086583
24.99000069141388,-73.16671574320114,-73.16671574320114
25.00000069141388,-73.16834182987708,-73.16834182987708
25.01000069141388,-73.1699624284463,-73.1699624284463
25.02000069141388,-73.1715777442584,-73.1715777442584
25.03000069141388,-73.17318798053194,-73.17318798053194
25.04000069141388,-73.1747933383618,-73.1747933383618
25.050000691413878,-73.17639401678265,-73.17639401678265
25.06000069141388,-73.17799021274067,-73.17799021274067
25.07000069141388,-73.1795821211421,-73.1795821211421
25.08000069141388,-73.18116993485602,-73.18116993485602
25.09000069141388,-73.1827538447263,-73.1827538447263
25.10000069141388,-73.18433403956044,-73.18433403956044
25.11000069141388,-73.1859107061496,-73.1859107061496
25.12000069141388,-73.18748402926023,-73.18748402926023
25.13000069141388,-73.18905419162012,-73.18905419162012
25.140000691413878,-73.19062137396025,-73.19062137396025
25.15000069141388,-73.19218575495285,-73.19218575495285
25.16000069141388,-73.19374751126763,-73.19374751126763
25.17000069141388,-73.19530681751776,-73.19530681751776
25.18000069141388,-73.1968638463005,-73.1968638463005
25.19000069141388,-73.19841876817001,-73.19841876817001
25.20000069141388,-73.1999717516295,-73.1999717516295
25.210000691413878,-73.20152296316351,-73.20152296316351
25.22000069141388,-73.20307256720251,-73.20307256720251
25.230000691413878,-73.20462072613728,-73.20462072613728
25.24000069141388,-73.20616760031749,-73.20616760031749
25.25000069141388,-73.20771334806378,-73.20771334806378
25.26000069141388,-73.20925812564818,-73.20925812564818
25.27000069141388,-73.21080208729653,-73.21080208729653
25.28000069141388,-73.21234538522282,-73.21234538522282
25.29000069141388,-73.21388816959153,-73.21388816959153
25.300000691413878,-73.21543058855994,-73.21543058855994
25.31000069141388,-73.21697278826001,-73.21697278826001
25.32000069141388,-73.21851491280015,-73.21851491280015
25.33000069141388,-73.2200571042962,-73.2200571042962
25.34000069141388,-73.22159950285017,-73.22159950285017
25.35000069141388,-73.22314224658145,-73.22314224658145
25.36000069141388,-73.22468547161672,-73.22468547161672
25.37000069141388,-73.22622931211254,-73.22622931211254
25.38000069141388,-73.22777390024572,-73.22777390024572
25.390000691413878,-73.2293193662497,-73.2293193662497
25.40000069141388,-73.23086583840875,-73.23086583840875
25.41000069141388,-73.23241344306564,-73.23241344306564
25.42000069141388,-73.23396230464937,-73.23396230464937
25.43000069141388,-73.2355125456707,-73.2355125456707
25.44000069141388,-73.23706428674437,-73.23706428674437
25.45000069141388,-73.23861764659166,-73.23861764659166
25.460000691413878,-73.24016635363657,-73.24016635363657
25.47000069141388,-73.24170772609365,-73.24170772609365
25.480000691413878,-73.24324051610397,-73.24324051610397
25.49000069141388,-73.24476413866292,-73.24476413866292
25.500000715255737,-73.24627838099615,-73.24627838099615
25.51000071525574,-73.24778323525075,-73.24778323525075
25.520000715255737,-73.24927883063506,-73.24927883063506
25.53000071525574,-73.25076536502765,-73.25076536502765
25.540000715255736,-73.25224307627927,-73.25224307627927
25.550000715255738,-73.25371222272379,-73.25371222272379
25.560000715255736,-73.25517307164104,-73.25517307164104
25.570000715255738,-73.25662589242826,-73.25662589242826
25.580000715255736,-73.25807095273136,-73.25807095273136
25.590000715255737,-73.25950851628347,-73.25950851628347
25.60000071525574,-73.26093884187367,-73.26093884187367
25.610000715255737,-73.26236218291513,-73.26236218291513
25.62000071525574,-73.26377878738558,-73.26377878738558
25.630000715255736,-73.26518889797784,-73.26518889797784
25.640000715255738,-73.26659275238312,-73.26659275238312
25.650000715255736,-73.267990583557,-73.267990583557
25.660000715255737,-73.26938262006652,-73.26938262006652
25.67000071525574,-73.27076908636114,-73.27076908636114
25.680000715255737,-73.27215020304594,-73.27215020304594
25.69000071525574,-73.27352618714487,-73.27352618714487
25.700000715255737,-73.27489725231746,-73.27489725231746
25.710000715255738,-73.27626360903845,-73.27626360903845
25.720000715255736,-73.27762546477226,-73.27762546477226
25.730000715255738,-73.27898302410925,-73.27898302410925
25.740000715255736,-73.2803364888786,-73.2803364888786
25.750000715255737,-73.28168605827956,-73.28168605827956
25.76000071525574,-73.28303192893513,-73.28303192893513
25.770000715255737,-73.28437429498656,-73.28437429498656
25.78000071525574,-73.28571334816353,-73.28571334816353
25.790000715255736,-73.28704927780336,-73.28704927780336
25.800000715255738,-73.28838227091501,-73.28838227091501
25.810000715255736,-73.28971251224203,-73.28971251224203
25.820000715255738,-73.29104018425107,-73.29104018425107
25.830000715255736,-73.29236546718722,-73.29236546718722
25.840000715255737,-73.29368853907282,-73.29368853907282
25.85000071525574,-73.29500957575969,-73.29500957575969
25.860000715255737,-73.29632875091555,-73.29632875091555
25.87000071525574,-73.2976462360565,-73.2976462360565
25.880000715255736,-73.29896220055294,-73.29896220055294
25.890000715255738,-73.30027681164145,-73.30027681164145
25.900000715255736,-73.30159023444054,-73.30159023444054
25.910000715255737,-73.30290263195329,-73.30290263195329
25.92000071525574,-73.30421416508719,-73.30421416508719
25.930000715255737,-73.3055249926411,-73.3055249926411
25.94000071525574,-73.30683527133787,-73.30683527133787
25.950000715255737,-73.3081451558247,-73.3081451558247
25.960000715255738,-73.30945479866392,-73.30945479866392
25.970000715255736,-73.31076435037926,-73.31076435037926
25.980000715255738,-73.3120739594251,-73.3120739594251
25.990000715255736,-73.31338377221662,-73.31338377221662
26.000000715255737,-73.3146939331342,-73.3146939331342
26.01000071525574,-73.31600458453146,-73.31600458453146
26.020000715255737,-73.31731586675137,-73.31731586675137
26.03000071525574,-73.31862791812226,-73.31862791812226
26.040000715255736,-73.31994087497173,-73.31994087497173
26.050000715255738,-73.32125487166022,-73.32125487166022
26.060000715255736,-73.32257004056325,-73.32257004056325
26.070000715255738,-73.32388651208718,-73.32388651208718
26.080000715255736,-73.32520441469379,-73.32520441469379
26.090000715255737,-73.32652387490343,-73.32652387490343
26.10000071525574,-73.32784501730065,-73.32784501730065
26.110000715255737,-73.32916796456821,-73.32916796456821
26.12000071525574,-73.33049283746968,-73.33049283746968
26.130000715255736,-73.33181975490602,-73.33181975490602
26.140000715255738,-73.33314883387635,-73.33314883387635
26.150000715255736,-73.33448018952743,-73.33448018952743
26.160000715255737,-73.33581393516445,-73.33581393516445
26.17000071525574,-73.33715018225158,-73.33715018225158
26.180000715255737,-73.33848904044439,-73.33848904044439
26.19000071525574,-73.33983061758146,-73.33983061758146
26.200000715255737,-73.34117501972678,-73.34117501972678
26.210000715255738,-73.34252235115501,-73.34252235115501
26.220000715255736,-73.34387271440173,-73.34387271440173
26.230000715255738,-73.34522621024142,-73.34522621024142
26.240000715255736,-73.34658293774173,-73.34658293774173
26.250000715255737,-73.34794299424905,-73.34794299424905
26.26000071525574,-73.3493064754125,-73.3493064754125
26.270000715255737,-73.35067347520852,-73.35067347520852
26.28000071525574,-73.35204408595115,-73.35204408595115
26.290000715255736,-73.35341839831145,-73.35341839831145
26.300000715255738,-73.35479650132628,-73.35479650132628
26.310000715255736,-73.35617848243453,-73.35617848243453
26.320000715255738,-73.35756442745684,-73.35756442745684
26.330000715255736,-73.35895442065075,-73.35895442065075
26.340000715255737,-73.3603485447091,-73.3603485447091
26.350000739097595,-73.3617468841067,-73.3617468841067
26.360000739097597,-73.36314951182028,-73.36314951182028
26.370000739097595,-73.36455650926906,-73.36455650926906
26.380000739097596,-73.36596795306085,-73.36596795306085
26.390000739097594,-73.3673839183316,-73.3673839183316
26.400000739097596,-73.36880447875596,-73.36880447875596
26.410000739097594,-73.37022970656318,-73.37022970656318
26.420000739097595,-73.37165967254782,-73.37165967254782
26.430000739097594,-73.37309444610204,-73.37309444610204
26.440000739097595,-73.37453409521544,-73.37453409521544
26.450000739097597,-73.3759786865094,-73.3759786865094
26.460000739097595,-73.37742828523487,-73.37742828523487
26.470000739097596,-73.37888295529801,-73.37888295529801
26.480000739097594,-73.38034275928634,-73.38034275928634
26.490000739097596,-73.38180775846224,-73.38180775846224
26.500000739097594,-73.3832780127964,-73.3832780127964
26.510000739097595,-73.38475358098775,-73.38475358098775
26.520000739097597,-73.38623452046163,-73.38623452046163
26.530000739097595,-73.38772088739577,-73.38772088739577
26.540000739097596,-73.38921273674397,-73.38921273674397
26.550000739097595,-73.39071012223583,-73.39071012223583
26.560000739097596,-73.39221309639434,-73.39221309639434
26.570000739097594,-73.39372171057242,-73.39372171057242
26.580000739097596,-73.39523601495071,-73.39523601495071
26.590000739097594,-73.3967560585447,-73.3967560585447
26.600000739097595,-73.3982818892276,-73.3982818892276
26.610000739097597,-73.39981355377124,-73.39981355377124
26.620000739097595,-73.40135109782504,-73.40135109782504
26.630000739097596,-73.4028945659377,-73.4028945659377
26.640000739097594,-73.40444400158955,-73.40444400158955
26.650000739097596,-73.40599944718436,-73.40599944718436
26.660000739097594,-73.4075609440935,-73.4075609440935
26.670000739097595,-73.40912853262937,-73.40912853262937
26.680000739097594,-73.41070225210285,-73.41070225210285
26.690000739097595,-73.4122821407954,-73.4122821407954
26.700000739097597,-73.41386823601461,-73.41386823601461
26.710000739097595,-73.41546057407909,-73.41546057407909
26.720000739097596,-73.41705919033907,-73.41705919033907
26.730000739097594,-73.4186641191998,-73.4186641191998
26.740000739097596,-73.42027539411541,-73.42027539411541
26.750000739097594,-73.42189304762587,-73.42189304762587
26.760000739097595,-73.42351711133435,-73.42351711133435
26.770000739097597,-73.42514761598044,-73.42514761598044
26.780000739097595,-73.42678459138858,-73.42678459138858
26.790000739097596,-73.428428066509,-73.428428066509
26.800000739097595,-73.43007806944478,-73.43007806944478
26.810000739097596,-73.43173462743647,-73.43173462743647
26.820000739097594,-73.4333977668999,-73.4333977668999
26.830000739097596,-73.43506751339582,-73.43506751339582
26.840000739097594,-73.43674389171449,-73.43674389171449
26.850000739097595,-73.43842692581227,-73.43842692581227
26.860000739097597,-73.44011663886876,-73.44011663886876
26.870000739097595,-73.441813053277,-73.441813053277
26.880000739097596,-73.44351619067355,-73.44351619067355
26.890000739097594,-73.44522607192917,-73.44522607192917
26.900000739097596,-73.446942717172,-73.446942717172
26.910000739097594,-73.44866614580292,-73.44866614580292
26.920000739097595,-73.4503963764993,-73.4503963764993
26.930000739097594,-73.45213342722693,-73.45213342722693
26.940000739097595,-73.45387731524195,-73.45387731524195
26.950000739097597,-73.4556280571166,-73.4556280571166
26.960000739097595,-73.45738566875026,-73.45738566875026
26.970000739097596,-73.45915016534934,-73.45915016534934
26.980000739097594,-73.46092156149304,-73.46092156149304
26.990000739097596,-73.46269987108144,-73.46269987108144
27.000000739097594,-73.464485107392,-73.464485107392
27.010000739097595,-73.46627728307395,-73.46627728307395
27.020000739097597,-73.4680764101292,-73.4680764101292
27.030000739097595,-73.46988249998591,-73.46988249998591
27.040000739097596,-73.47169556344349,-73.47169556344349
27.050000739097595,-73.47351561072978,-73.47351561072978
27.060000739097596,-73.47534265146433,-73.47534265146433
27.070000739097594,-73.477176694713,-73.477176694713
27.080000739097596,-73.47901774896481,-73.47901774896481
27.090000739097594,-73.48086582216457,-73.48086582216457
27.100000739097595,-73.4827209216941,-73.4827209216941
27.110000739097597,-73.48458305440384,-73.48458305440384
27.120000739097595,-73.48645222662505,-73.48645222662505
27.130000739097596,-73.4883284441374,-73.4883284441374
27.140000739097594,-73.4902117122347,-73.4902117122347
27.150000739097596,-73.49210203568536,-73.49210203568536
27.160000739097594,-73.49399941877036,-73.49399941877036
27.170000739097595,-73.49590386527507,-73.49590386527507
27.180000739097594,-73.49781537851302,-73.49781537851302
27.190000739097595,-73.49973396130392,-73.49973396130392
27.200000762939453,-73.50165962060683,-73.50165962060683
27.210000762939455,-73.50359234916375,-73.50359234916375
27.220000762939453,-73.5055321529899,-73.5055321529899
27.230000762939454,-73.50747903308903,-73.50747903308903
27.240000762939452,-73.50943299003423,-73.50943299003423
27.250000762939454,-73.51139402395825,-73.51139402395825
27.260000762939452,-73.51336213457546,-73.51336213457546
27.270000762939453,-73.51533732117862,-73.51533732117862
27.28000076293945,-73.51731958265152,-73.51731958265152
27.290000762939453,-73.51930891748052,-73.51930891748052
27.300000762939455,-73.52130532374382,-73.52130532374382
27.310000762939453,-73.52330879914268,-73.52330879914268
27.320000762939454,-73.52531934097871,-73.52531934097871
27.330000762939452,-73.52733694618452,-73.52733694618452
27.340000762939454,-73.52936161132301,-73.52936161132301
27.35000076293945,-73.53139333259152,-73.53139333259152
27.360000762939453,-73.53343210581482,-73.53343210581482
27.370000762939455,-73.53547792648334,-73.53547792648334
27.380000762939453,-73.53753078973173,-73.53753078973173
27.390000762939454,-73.53959069035209,-73.53959069035209
27.400000762939452,-73.54165762280013,-73.54165762280013
27.410000762939454,-73.54373158120461,-73.54373158120461
27.420000762939452,-73.54581255937578,-73.54581255937578
27.430000762939454,-73.54790055077875,-73.54790055077875
27.44000076293945,-73.5499955485942,-73.5499955485942
27.450000762939453,-73.55209754567319,-73.55209754567319
27.460000762939455,-73.55420011732723,-73.55420011732723
27.470000762939453,-73.5563004452411,-73.5563004452411
27.480000762939454,-73.5583971525148,-73.5583971525148
27.490000762939452,-73.56048952933247,-73.56048952933247
27.500000762939454,-73.56257723746712,-73.56257723746712
27.510000762939452,-73.56466015685926,-73.56466015685926
27.520000762939453,-73.56673829563003,-73.56673829563003
27.53000076293945,-73.56881173606534,-73.56881173606534
27.540000762939453,-73.57088060208461,-73.57088060208461
27.550000762939455,-73.57294503976003,-73.57294503976003
27.560000762939453,-73.575005205681,-73.575005205681
27.570000762939454,-73.5770612601015,-73.5770612601015
27.580000762939452,-73.57911336304034,-73.57911336304034
27.590000762939454,-73.58116167212044,-73.58116167212044
27.60000076293945,-73.58320634150488,-73.58320634150488
27.610000762939453,-73.58524752144926,-73.58524752144926
27.620000762939455,-73.58728535822927,-73.58728535822927
27.630000762939453,-73.58931999429258,-73.58931999429258
27.640000762939454,-73.59135156849595,-73.59135156849595
27.650000762939452,-73.59338021640922,-73.59338021640922
27.660000762939454,-73.59540607058044,-73.59540607058044
27.670000762939452,-73.5974292608479,-73.5974292608479
27.680000762939454,-73.5994499145817,-73.5994499145817
27.69000076293945,-73.60146815692107,-73.60146815692107
27.700000762939453,-73.60348411098084,-73.60348411098084
27.710000762939455,-73.60549789803984,-73.60549789803984
27.720000762939453,-73.60750963767218,-73.60750963767218
27.730000762939454,-73.60951944788246,-73.60951944788246
27.740000762939452,-73.61152744521465,-73.61152744521465
27.750000762939454,-73.61353374483298,-73.61353374483298
27.760000762939452,-73.61553846060903,-73.61553846060903
27.770000762939453,-73.61754170516335,-73.61754170516335
27.78000076293945,-73.61954358993724,-73.61954358993724
27.790000762939453,-73.6215442252002,-73.6215442252002
27.800000762939455,-73.62354372010894,-73.62354372010894
27.810000762939453,-73.62554218272851,-73.62554218272851
27.820000762939454,-73.62753972001701,-73.62753972001701
27.830000762939452,-73.62953643787894,-73.62953643787894
27.840000762939454,-73.63153244115584,-73.63153244115584
27.85000076293945,-73.63352783364174,-73.63352783364174
27.860000762939453,-73.63552271805635,-73.63552271805635
27.870000762939455,-73.63751719609218,-73.63751719609218
27.880000762939453,-73.63951136837535,-73.63951136837535
27.890000762939454,-73.64150533448125,-73.64150533448125
27.900000762939452,-73.64349919293431,-73.64349919293431
27.910000762939454,-73.64549304119431,-73.64549304119431
27.920000762939452,-73.64748697565196,-73.64748697565196
27.930000762939454,-73.64948109163585,-73.64948109163585
27.94000076293945,-73.6514754834037,-73.6514754834037
27.950000762939453,-73.65347024411864,-73.65347024411864
27.960000762939455,-73.65545904002458,-73.65545904002458
27.970000762939453,-73.65743914784518,-73.65743914784518
27.980000762939454,-73.65940928681229,-73.65940928681229
27.990000762939452,-73.66136884330035,-73.66136884330035
28.000000762939454,-73.66331757495968,-73.66331757495968
28.010000762939452,-73.66525545706573,-73.66525545706573
28.020000762939453,-73.66718259242822,-73.66718259242822
28.03000076293945,-73.66909915732073,-73.66909915732073
28.040000762939453,-73.6710053688995,-73.6710053688995
28.05000078678131,-73.67290147020555,-73.67290147020555
28.060000786781313,-73.67478770040493,-73.67478770040493
28.07000078678131,-73.67666431515953,-73.67666431515953
28.080000786781312,-73.67853156448659,-73.67853156448659
28.09000078678131,-73.6803896951842,-73.6803896951842
28.10000078678131,-73.68223894974722,-73.68223894974722
28.11000078678131,-73.68407956590961,-73.68407956590961
28.12000078678131,-73.68591177656967,-73.68591177656967
28.13000078678131,-73.6877358099372,-73.6877358099372
28.14000078678131,-73.68955188978218,-73.68955188978218
28.150000786781312,-73.69136023569203,-73.69136023569203
28.16000078678131,-73.69316106338665,-73.69316106338665
28.170000786781312,-73.69495458498241,-73.69495458498241
28.18000078678131,-73.69674100926609,-73.69674100926609
28.19000078678131,-73.69852054191684,-73.69852054191684
28.20000078678131,-73.70029338571084,-73.70029338571084
28.21000078678131,-73.70205974071577,-73.70205974071577
28.220000786781313,-73.70381980440881,-73.70381980440881
28.23000078678131,-73.7055737718269,-73.7055737718269
28.240000786781312,-73.70732183567242,-73.70732183567242
28.25000078678131,-73.70906418640675,-73.70906418640675
28.260000786781312,-73.71080101232062,-73.71080101232062
28.27000078678131,-73.71253249958389,-73.71253249958389
28.28000078678131,-73.71425883231709,-73.71425883231709
28.29000078678131,-73.71598019262836,-73.71598019262836
28.30000078678131,-73.71769676063397,-73.71769676063397
28.310000786781313,-73.7194087145028,-73.7194087145028
28.32000078678131,-73.72111623046746,-73.72111623046746
28.330000786781312,-73.72281948284258,-73.72281948284258
28.34000078678131,-73.72451864404509,-73.72451864404509
28.35000078678131,-73.72621388458778,-73.72621388458778
28.36000078678131,-73.72790537312069,-73.72790537312069
28.37000078678131,-73.72959327639828,-73.72959327639828
28.38000078678131,-73.73127775930311,-73.73127775930311
28.39000078678131,-73.73295898485684,-73.73295898485684
28.400000786781312,-73.73463711419842,-73.73463711419842
28.41000078678131,-73.7363123066228,-73.7363123066228
28.420000786781312,-73.73798471954608,-73.73798471954608
28.43000078678131,-73.73965450851898,-73.73965450851898
28.44000078678131,-73.74132182724419,-73.74132182724419
28.45000078678131,-73.74298682756675,-73.74298682756675
28.46000078678131,-73.74464965946102,-73.74464965946102
28.470000786781313,-73.7463104710609,-73.7463104710609
28.48000078678131,-73.7479694086414,-73.7479694086414
28.490000786781312,-73.74962661662403,-73.74962661662403
28.50000078678131,-73.75128223760106,-73.75128223760106
28.510000786781312,-73.75293641229658,-73.75293641229658
28.52000078678131,-73.75458927962329,-73.75458927962329
28.53000078678131,-73.75624097664392,-73.75624097664392
28.54000078678131,-73.75789163860058,-73.75789163860058
28.55000078678131,-73.75954139889733,-73.75954139889733
28.560000786781313,-73.76119038913397,-73.76119038913397
28.57000078678131,-73.76283873911059,-73.76283873911059
28.580000786781312,-73.7644865768044,-73.7644865768044
28.59000078678131,-73.76613402841122,-73.76613402841122
28.60000078678131,-73.76778121832082,-73.76778121832082
28.61000078678131,-73.76942826917424,-73.76942826917424
28.62000078678131,-73.77107530181445,-73.77107530181445
28.63000078678131,-73.77272243533861,-73.77272243533861
28.64000078678131,-73.7743697870909,-73.7743697870909
28.650000786781312,-73.77601747268184,-73.77601747268184
28.66000078678131,-73.77766560598218,-73.77766560598218
28.670000786781312,-73.77931429914325,-73.77931429914325
28.68000078678131,-73.78096366262439,-73.78096366262439
28.69000078678131,-73.78261380517448,-73.78261380517448
28.70000078678131,-73.78426483386632,-73.78426483386632
28.71000078678131,-73.78591041778431,-73.78591041778431
28.720000786781313,-73.78754784234346,-73.78754784234346
28.73000078678131,-73.7891758374165,-73.7891758374165
28.740000786781312,-73.7907938005489,-73.7907938005489
28.75000078678131,-73.79240150067768,-73.79240150067768
28.760000786781312,-73.79399892415888,-73.79399892415888
28.77000078678131,-73.79558618460842,-73.79558618460842
28.78000078678131,-73.79716346870005,-73.79716346870005
28.79000078678131,-73.79873100359819,-73.79873100359819
28.80000078678131,-73.80028903738271,-73.80028903738271
28.810000786781313,-73.80183782742188,-73.80183782742188
28.82000078678131,-73.8033776335179,-73.8033776335179
28.830000786781312,-73.80490871396951,-73.80490871396951
28.84000078678131,-73.80643132345263,-73.80643132345263
28.85000078678131,-73.80794571193296,-73.80794571193296
28.86000078678131,-73.80945212424123,-73.80945212424123
28.87000078678131,-73.81095080001413,-73.81095080001413
28.88000078678131,-73.81244197383134,-73.81244197383134
28.89000078678131,-73.8139258754912,-73.8139258754912
28.90000081062317,-73.81540273382835,-73.81540273382835
28.91000081062317,-73.81687276289234,-73.81687276289234
28.92000081062317,-73.81833618345546,-73.81833618345546
28.93000081062317,-73.81979320908829,-73.81979320908829
28.940000810623168,-73.82124405002718,-73.82124405002718
28.95000081062317,-73.8226889133108,-73.8226889133108
28.960000810623168,-73.82412800300828,-73.82412800300828
28.97000081062317,-73.82556152037287,-73.82556152037287
28.980000810623167,-73.82698966399244,-73.82698966399244
28.99000081062317,-73.8284126298731,-73.8284126298731
29.00000081062317,-73.82983061156706,-73.82983061156706
29.01000081062317,-73.83124380025247,-73.83124380025247
29.02000081062317,-73.83265238479503,-73.83265238479503
29.030000810623168,-73.83405655181197,-73.83405655181197
29.04000081062317,-73.83545648573336,-73.83545648573336
29.050000810623168,-73.8368523688205,-73.8368523688205
29.06000081062317,-73.83824438121611,-73.83824438121611
29.07000081062317,-73.83963270097192,-73.83963270097192
29.08000081062317,-73.8410175040702,-73.8410175040702
29.09000081062317,-73.84239896443891,-73.84239896443891
29.10000081062317,-73.8437772539751,-73.8437772539751
29.11000081062317,-73.84515254255766,-73.84515254255766
29.120000810623168,-73.84652499805722,-73.84652499805722
29.13000081062317,-73.84789478634643,-73.84789478634643
29.140000810623167,-73.84926207131623,-73.84926207131623
29.15000081062317,-73.85062701486112,-73.85062701486112
29.16000081062317,-73.8519897769195,-73.8519897769195
29.17000081062317,-73.85335051546144,-73.85335051546144
29.18000081062317,-73.85470938648497,-73.85470938648497
29.190000810623168,-73.85606654404796,-73.85606654404796
29.20000081062317,-73.85742214024452,-73.85742214024452
29.210000810623168,-73.85877632523986,-73.85877632523986
29.22000081062317,-73.8601292472519,-73.8601292472519
29.230000810623167,-73.86148105257806,-73.86148105257806
29.24000081062317,-73.86283188557698,-73.86283188557698
29.25000081062317,-73.8641818887039,-73.8641818887039
29.26000081062317,-73.86553120249754,-73.86553120249754
29.27000081062317,-73.86687996559357,-73.86687996559357
29.280000810623168,-73.86822831473273,-73.86822831473273
29.29000081062317,-73.86957638475863,-73.86957638475863
29.300000810623168,-73.87092430865299,-73.87092430865299
29.31000081062317,-73.87227221751571,-73.87227221751571
29.32000081062317,-73.87362024058497,-73.87362024058497
29.33000081062317,-73.87496850525878,-73.87496850525878
29.34000081062317,-73.8763171370774,-73.8763171370774
29.35000081062317,-73.87766625976583,-73.87766625976583
29.36000081062317,-73.87901599521263,-73.87901599521263
29.370000810623168,-73.88036646351588,-73.88036646351588
29.38000081062317,-73.88171778295663,-73.88171778295663
29.390000810623167,-73.88307007004298,-73.88307007004298
29.40000081062317,-73.88442343950743,-73.88442343950743
29.41000081062317,-73.88577800430913,-73.88577800430913
29.42000081062317,-73.88713387567724,-73.88713387567724
29.43000081062317,-73.88849116309034,-73.88849116309034
29.440000810623168,-73.88984997430944,-73.88984997430944
29.45000081062317,-73.89121041537967,-73.89121041537967
29.460000810623168,-73.89257259066932,-73.89257259066932
29.47000081062317,-73.89393660284703,-73.89393660284703
29.480000810623167,-73.89530255291884,-73.89530255291884
29.49000081062317,-73.89667054023995,-73.89667054023995
29.50000081062317,-73.89804066251894,-73.89804066251894
29.51000081062317,-73.89941301585296,-73.89941301585296
29.52000081062317,-73.90078769471701,-73.90078769471701
29.530000810623168,-73.9021647919998,-73.9021647919998
29.54000081062317,-73.90354439900113,-73.90354439900113
29.550000810623168,-73.90492660547841,-73.90492660547841
29.56000081062317,-73.90631149961094,-73.90631149961094
29.57000081062317,-73.90769916806128,-73.90769916806128
29.58000081062317,-73.9090896959776,-73.9090896959776
29.59000081062317,-73.91048316699336,-73.91048316699336
29.60000081062317,-73.91187966326157,-73.91187966326157
29.61000081062317,-73.91327926545331,-73.91327926545331
29.620000810623168,-73.91468205279783,-73.91468205279783
29.63000081062317,-73.91608810307042,-73.91608810307042
29.640000810623167,-73.91749749264274,-73.91749749264274
29.65000081062317,-73.91891029645234,-73.91891029645234
29.66000081062317,-73.92032658805202,-73.92032658805202
29.67000081062317,-73.92174643961764,-73.92174643961764
29.68000081062317,-73.92316992195951,-73.92316992195951
29.690000810623168,-73.92459710455675,-73.92459710455675
29.70000081062317,-73.92602805552406,-73.92602805552406
29.710000810623168,-73.92746284169279,-73.92746284169279
29.72000081062317,-73.92890152857865,-73.92890152857865
29.730000810623167,-73.93034418041759,-73.93034418041759
29.74000081062317,-73.9317908601643,-73.9317908601643
29.750000834465027,-73.93324163299285,-73.93324163299285
29.76000083446503,-73.93469655246957,-73.93469655246957
29.770000834465026,-73.93615568127528,-73.93615568127528
29.780000834465028,-73.93761907745369,-73.93761907745369
29.790000834465026,-73.93908679784906,-73.93908679784906
29.800000834465028,-73.94055889810855,-73.94055889810855
29.810000834465026,-73.94203543274948,-73.94203543274948
29.820000834465027,-73.94351645510726,-73.94351645510726
29.830000834465025,-73.94500201740149,-73.94500201740149
29.840000834465027,-73.94649217072438,-73.94649217072438
29.85000083446503,-73.94798696505669,-73.94798696505669
29.860000834465026,-73.94948644929563,-73.94948644929563
29.870000834465028,-73.95099067125497,-73.95099067125497
29.880000834465026,-73.95249967770282,-73.95249967770282
29.890000834465027,-73.95401351433667,-73.95401351433667
29.900000834465025,-73.9555322258185,-73.9555322258185
29.910000834465027,-73.95705585579725,-73.95705585579725
29.92000083446503,-73.95858444690697,-73.95858444690697
29.930000834465027,-73.9601180408024,-73.9601180408024
29.940000834465028,-73.96165667812691,-73.96165667812691
29.950000834465026,-73.96320039859245,-73.96320039859245
29.960000834465028,-73.96474924092679,-73.96474924092679
29.970000834465026,-73.96630324293383,-73.96630324293383
29.980000834465027,-73.96786244147602,-73.96786244147602
29.990000834465025,-73.9694268725048,-73.9694268725048
30.000000834465027,-73.97099657106969,-73.97099657106969
30.01000083446503,-73.97257157132167,-73.97257157132167
30.020000834465026,-73.97415190654502,-73.97415190654502
30.030000834465028,-73.97573760914567,-73.97573760914567
30.040000834465026,-73.97732871068871,-73.97732871068871
30.050000834465028,-73.97892524187367,-73.97892524187367
30.060000834465026,-73.98052723260231,-73.98052723260231
30.070000834465027,-73.98213471192443,-73.98213471192443
30.080000834465025,-73.9837477081121,-73.9837477081121
30.090000834465027,-73.98536624862086,-73.98536624862086
30.10000083446503,-73.986990360131,-73.986990360131
30.110000834465026,-73.98862006854797,-73.98862006854797
30.120000834465028,-73.99025539901416,-73.99025539901416
30.130000834465026,-73.99189637593345,-73.99189637593345
30.140000834465027,-73.99354302294189,-73.99354302294189
30.150000834465025,-73.99519536297841,-73.99519536297841
30.160000834465027,-73.99685341824117,-73.99685341824117
30.17000083446503,-73.99851721022404,-73.99851721022404
30.180000834465027,-74.00018675974096,-74.00018675974096
30.190000834465028,-74.00186208688164,-74.00186208688164
30.200000834465026,-74.00354321110179,-74.00354321110179
30.210000834465028,-74.00523015114877,-74.00523015114877
30.220000834465026,-74.00692292514566,-74.00692292514566
30.230000834465027,-74.00862155055009,-74.00862155055009
30.240000834465025,-74.01032604419099,-74.01032604419099
30.250000834465027,-74.01203642225522,-74.01203642225522
30.26000083446503,-74.01375270031727,-74.01375270031727
30.270000834465026,-74.01547489334544,-74.01547489334544
30.280000834465028,-74.0172030157108,-74.0172030157108
30.290000834465026,-74.01893708117517,-74.01893708117517
30.300000834465028,-74.02067710293218,-74.02067710293218
30.310000834465026,-74.02242309360102,-74.02242309360102
30.320000834465027,-74.02417506522696,-74.02417506522696
30.330000834465025,-74.02593302930808,-74.02593302930808
30.340000834465027,-74.02769699678537,-74.02769699678537
30.35000083446503,-74.02946697806573,-74.02946697806573
30.360000834465026,-74.03124298302157,-74.03124298302157
30.370000834465028,-74.0330250209982,-74.0330250209982
30.380000834465026,-74.03481310083443,-74.03481310083443
30.390000834465027,-74.03660723085909,-74.03660723085909
30.400000834465025,-74.03840741890019,-74.03840741890019
30.410000834465027,-74.04021367228387,-74.04021367228387
30.42000083446503,-74.04202599787232,-74.04202599787232
30.430000834465027,-74.0438444020306,-74.0438444020306
30.440000834465028,-74.04566889065958,-74.04566889065958
30.450000834465026,-74.04749946921442,-74.04749946921442
30.460000834465028,-74.0493296823474,-74.0493296823474
30.470000834465026,-74.05115670510514,-74.05115670510514
30.480000834465027,-74.05297916330507,-74.05297916330507
30.490000834465025,-74.05479635402266,-74.05479635402266
30.500000834465027,-74.05660794816465,-74.05660794816465
30.51000083446503,-74.05841383604563,-74.05841383604563
30.520000834465026,-74.06021403684471,-74.06021403684471
30.530000834465028,-74.06200864424414,-74.06200864424414
30.540000834465026,-74.06379779372897,-74.06379779372897
30.550000834465028,-74.06558164296544,-74.06558164296544
30.560000834465026,-74.06736036009548,-74.06736036009548
30.570000834465027,-74.06913411688144,-74.06913411688144
30.580000834465025,-74.07090308474902,-74.07090308474902
30.590000834465027,-74.07266743261985,-74.07266743261985
30.600000858306885,-74.07442733004036,-74.07442733004036
30.610000858306886,-74.07618292994978,-74.07618292994978
30.620000858306884,-74.07793439380251,-74.07793439380251
30.630000858306886,-74.07968187489317,-74.07968187489317
30.640000858306884,-74.08142552282966,-74.08142552282966
30.650000858306885,-74.08316548380422,-74.08316548380422
30.660000858306883,-74.08490190089692,-74.08490190089692
30.670000858306885,-74.08663491434255,-74.08663491434255
30.680000858306883,-74.08836466182186,-74.08836466182186
30.690000858306885,-74.09009127868782,-74.09009127868782
30.700000858306886,-74.09181489814885,-74.09181489814885
30.710000858306884,-74.09353565148359,-74.09353565148359
30.720000858306886,-74.09525366814951,-74.09525366814951
30.730000858306884,-74.09696907595328,-74.09696907595328
30.740000858306885,-74.09868200111724,-74.09868200111724
30.750000858306883,-74.10039256841887,-74.10039256841887
30.760000858306885,-74.10210090120891,-74.10210090120891
30.770000858306886,-74.10380712151976,-74.10380712151976
30.780000858306884,-74.10551135008406,-74.10551135008406
30.790000858306886,-74.10721370638026,-74.10721370638026
30.800000858306884,-74.10891430868692,-74.10891430868692
30.810000858306886,-74.11061327406847,-74.11061327406847
30.820000858306884,-74.11231071841584,-74.11231071841584
30.830000858306885,-74.11400675646952,-74.11400675646952
30.840000858306883,-74.11570150180887,-74.11570150180887
30.850000858306885,-74.11739506685974,-74.11739506685974
30.860000858306886,-74.11908756292445,-74.11908756292445
30.870000858306884,-74.12077910014239,-74.12077910014239
30.880000858306886,-74.12246978752671,-74.12246978752671
30.890000858306884,-74.12415973295751,-74.12415973295751
30.900000858306885,-74.12584904314207,-74.12584904314207
30.910000858306883,-74.12753782365974,-74.12753782365974
30.920000858306885,-74.12922617893686,-74.12922617893686
30.930000858306883,-74.1309142122478,-74.1309142122478
30.940000858306885,-74.13260202570677,-74.13260202570677
30.950000858306886,-74.13428972026287,-74.13428972026287
30.960000858306884,-74.13597739570201,-74.13597739570201
30.970000858306886,-74.13766515062913,-74.13766515062913
30.980000858306884,-74.13935308249508,-74.13935308249508
30.990000858306885,-74.14104128755699,-74.14104128755699
31.000000858306883,-74.142729860903,-74.142729860903
31.010000858306885,-74.1444188964346,-74.1444188964346
31.020000858306886,-74.14610848687038,-74.14610848687038
31.030000858306884,-74.14779872375479,-74.14779872375479
31.040000858306886,-74.14948969741509,-74.14948969741509
31.050000858306884,-74.15118149701819,-74.15118149701819
31.060000858306886,-74.15287421054057,-74.15287421054057
31.070000858306884,-74.15456792476006,-74.15456792476006
31.080000858306885,-74.15626272527673,-74.15626272527673
31.090000858306883,-74.15795869649301,-74.15795869649301
31.100000858306885,-74.15965592164473,-74.15965592164473
31.110000858306886,-74.16135448276874,-74.16135448276874
31.120000858306884,-74.163054460745,-74.163054460745
31.130000858306886,-74.1647559352451,-74.1647559352451
31.140000858306884,-74.1664589847929,-74.1664589847929
31.150000858306885,-74.16816368673257,-74.16816368673257
31.160000858306883,-74.16987011724994,-74.16987011724994
31.170000858306885,-74.17157835135828,-74.17157835135828
31.180000858306883,-74.17328846292872,-74.17328846292872
31.190000858306885,-74.17500052467149,-74.17500052467149
31.200000858306886,-74.1767146081507,-74.1767146081507
31.210000858306884,-74.17842431228937,-74.17842431228937
31.220000858306886,-74.1801268719165,-74.1801268719165
31.230000858306884,-74.18182097447131,-74.18182097447131
31.240000858306885,-74.18350597907502,-74.18350597907502
31.250000858306883,-74.18518161864105,-74.18518161864105
31.260000858306885,-74.18684784516314,-74.18684784516314
31.270000858306886,-74.18850473908,-74.18850473908
31.280000858306884,-74.1901524547899,-74.1901524547899
31.290000858306886,-74.19179118792168,-74.19179118792168
31.300000858306884,-74.19342115567929,-74.19342115567929
31.310000858306886,-74.19504258511633,-74.19504258511633
31.320000858306884,-74.19665570627188,-74.19665570627188
31.330000858306885,-74.19826074820327,-74.19826074820327
31.340000858306883,-74.19985793683495,-74.19985793683495
31.350000858306885,-74.20144749386185,-74.20144749386185
31.360000858306886,-74.20302963633674,-74.20302963633674
31.370000858306884,-74.20460457656924,-74.20460457656924
31.380000858306886,-74.20617252227568,-74.20617252227568
31.390000858306884,-74.2077336768538,-74.2077336768538
31.400000858306885,-74.20928823961357,-74.20928823961357
31.410000858306883,-74.2108364061607,-74.2108364061607
31.420000858306885,-74.21237836859558,-74.21237836859558
31.430000858306883,-74.21391431586164,-74.21391431586164
31.440000858306885,-74.21544443391068,-74.21544443391068
31.450000882148743,-74.21696890959257,-74.21696890959257
31.460000882148744,-74.21848144174129,-74.21848144174129
31.470000882148742,-74.21997937688086,-74.21997937688086
31.480000882148744,-74.22146151004739,-74.22146151004739
31.490000882148742,-74.22292730731532,-74.22292730731532
31.500000882148743,-74.22437660777528,-74.22437660777528
31.51000088214874,-74.22580946886269,-74.22580946886269
31.520000882148743,-74.22722607567349,-74.22722607567349
31.53000088214874,-74.22862668655952,-74.22862668655952
31.540000882148743,-74.23001160036414,-74.23001160036414
31.550000882148744,-74.23138113681716,-74.23138113681716
31.560000882148742,-74.23273562481667,-74.23273562481667
31.570000882148744,-74.23407539555153,-74.23407539555153
31.58000088214874,-74.23540077858347,-74.23540077858347
31.590000882148743,-74.23671209965111,-74.23671209965111
31.60000088214874,-74.23800967962858,-74.23800967962858
31.610000882148743,-74.23929383404197,-74.23929383404197
31.620000882148744,-74.2405648730244,-74.2405648730244
31.630000882148742,-74.241823101454,-74.241823101454
31.640000882148744,-74.24306881916408,-74.24306881916408
31.650000882148742,-74.24430232126453,-74.24430232126453
31.660000882148744,-74.24552389840316,-74.24552389840316
31.67000088214874,-74.24673383707612,-74.24673383707612
31.680000882148743,-74.2479324198452,-74.2479324198452
31.69000088214874,-74.24911992559841,-74.24911992559841
31.700000882148743,-74.25029662973947,-74.25029662973947
31.710000882148744,-74.25146280433385,-74.25146280433385
31.720000882148742,-74.25261871831076,-74.25261871831076
31.730000882148744,-74.25376463753065,-74.25376463753065
31.740000882148742,-74.25490082493556,-74.25490082493556
31.750000882148743,-74.25602754058039,-74.25602754058039
31.76000088214874,-74.25714504176518,-74.25714504176518
31.770000882148743,-74.25825358304854,-74.25825358304854
31.78000088214874,-74.25935341632335,-74.25935341632335
31.790000882148743,-74.26044479081104,-74.26044479081104
31.800000882148744,-74.26152795315275,-74.26152795315275
31.810000882148742,-74.26260314739814,-74.26260314739814
31.820000882148744,-74.26367061499113,-74.26367061499113
31.83000088214874,-74.26473059486626,-74.26473059486626
31.840000882148743,-74.26578332338491,-74.26578332338491
31.85000088214874,-74.26682903438875,-74.26682903438875
31.860000882148743,-74.26786795917145,-74.26786795917145
31.870000882148744,-74.2689003265279,-74.2689003265279
31.880000882148742,-74.26992636270454,-74.26992636270454
31.890000882148744,-74.27094629144746,-74.27094629144746
31.900000882148742,-74.27196033397802,-74.27196033397802
31.910000882148744,-74.27296870899963,-74.27296870899963
31.92000088214874,-74.27397163271957,-74.27397163271957
31.930000882148743,-74.27496931880837,-74.27496931880837
31.94000088214874,-74.2759619784476,-74.2759619784476
31.950000882148743,-74.27694982030368,-74.27694982030368
31.960000882148744,-74.27793305054631,-74.27793305054631
31.970000882148742,-74.2789118728343,-74.2789118728343
31.980000882148744,-74.27988648834317,-74.27988648834317
31.990000882148742,-74.28085709574894,-74.28085709574894
32.00000088214874,-74.28182389124694,-74.28182389124694
32.010000882148745,-74.28278706854258,-74.28278706854258
32.02000088214874,-74.28374681888751,-74.28374681888751
32.03000088214874,-74.28470333104572,-74.28470333104572
32.040000882148746,-74.285656791339,-74.285656791339
32.050000882148744,-74.2866073836298,-74.2866073836298
32.06000088214874,-74.28755528935235,-74.28755528935235
32.07000088214874,-74.28850068750796,-74.28850068750796
32.080000882148745,-74.28944375466195,-74.28944375466195
32.09000088214874,-74.2903846649979,-74.2903846649979
32.10000088214874,-74.29132359028662,-74.29132359028662
32.11000088214874,-74.2922606999237,-74.2922606999237
32.120000882148744,-74.29319616093245,-74.29319616093245
32.13000088214874,-74.29413013798163,-74.29413013798163
32.14000088214874,-74.29506279340016,-74.29506279340016
32.150000882148746,-74.2959942871873,-74.2959942871873
32.16000088214874,-74.29692477703173,-74.29692477703173
32.17000088214874,-74.29785441831604,-74.29785441831604
32.18000088214874,-74.29878336415662,-74.29878336415662
32.190000882148745,-74.2997117653956,-74.2997117653956
32.20000088214874,-74.30063977063655,-74.30063977063655
32.21000088214874,-74.30156752624546,-74.30156752624546
32.220000882148746,-74.30249517637304,-74.30249517637304
32.230000882148744,-74.30342286299256,-74.30342286299256
32.24000088214874,-74.30435072586985,-74.30435072586985
32.25000088214874,-74.30527890264874,-74.30527890264874
32.260000882148745,-74.30620752881441,-74.30620752881441
32.27000088214874,-74.30713673772263,-74.30713673772263
32.28000088214874,-74.30806666064933,-74.30806666064933
32.290000882148746,-74.30899742677076,-74.30899742677076
32.3000009059906,-74.30992916542522,-74.30992916542522
32.3100009059906,-74.31086199726323,-74.31086199726323
32.320000905990604,-74.31179604753974,-74.31179604753974
32.3300009059906,-74.31273143730571,-74.31273143730571
32.3400009059906,-74.31366828563286,-74.31366828563286
32.3500009059906,-74.31460670961737,-74.31460670961737
32.3600009059906,-74.31554682441444,-74.31554682441444
32.3700009059906,-74.31648874326223,-74.31648874326223
32.3800009059906,-74.3174325774885,-74.3174325774885
32.390000905990604,-74.31837843654307,-74.31837843654307
32.4000009059906,-74.31932642800655,-74.31932642800655
32.4100009059906,-74.32027665762293,-74.32027665762293
32.4200009059906,-74.32122922930508,-74.32122922930508
32.4300009059906,-74.32218424518688,-74.32218424518688
32.4400009059906,-74.32314180559824,-74.32314180559824
32.4500009059906,-74.32410200910583,-74.32410200910583
32.4600009059906,-74.32506495255186,-74.32506495255186
32.4700009059906,-74.32603073104866,-74.32603073104866
32.4800009059906,-74.3269994380091,-74.3269994380091
32.4900009059906,-74.32797116516151,-74.32797116516151
32.5000009059906,-74.32894600258122,-74.32894600258122
32.5100009059906,-74.32992403868721,-74.32992403868721
32.5200009059906,-74.33090536029583,-74.33090536029583
32.5300009059906,-74.33189005261816,-74.33189005261816
32.5400009059906,-74.3328781992682,-74.3328781992682
32.5500009059906,-74.33386988231767,-74.33386988231767
32.5600009059906,-74.33486518228175,-74.33486518228175
32.570000905990604,-74.33586417815394,-74.33586417815394
32.5800009059906,-74.33686694742998,-74.33686694742998
32.5900009059906,-74.33787356610684,-74.33787356610684
32.6000009059906,-74.3388841087259,-74.3388841087259
32.6100009059906,-74.33989864837955,-74.33989864837955
32.6200009059906,-74.34091725672609,-74.34091725672609
32.6300009059906,-74.3419400040102,-74.3419400040102
32.640000905990604,-74.34296695909364,-74.34296695909364
32.6500009059906,-74.34399818945705,-74.34399818945705
32.6600009059906,-74.34503376122854,-74.34503376122854
32.6700009059906,-74.3460737391905,-74.3460737391905
32.6800009059906,-74.34711818681319,-74.34711818681319
32.6900009059906,-74.34816716625905,-74.34816716625905
32.7000009059906,-74.34922073839915,-74.34922073839915
32.7100009059906,-74.3502789628466,-74.3502789628466
32.7200009059906,-74.35134189795642,-74.35134189795642
32.7300009059906,-74.35240960085001,-74.35240960085001
32.7400009059906,-74.35348212743035,-74.35348212743035
32.7500009059906,-74.35455953240914,-74.35455953240914
32.7600009059906,-74.35564186930297,-74.35564186930297
32.7700009059906,-74.35672919045335,-74.35672919045335
32.7800009059906,-74.35782154705763,-74.35782154705763
32.7900009059906,-74.35891898917363,-74.35891898917363
32.8000009059906,-74.36002156575556,-74.36002156575556
32.8100009059906,-74.36112932462606,-74.36112932462606
32.820000905990604,-74.36224231253692,-74.36224231253692
32.8300009059906,-74.36336057515112,-74.36336057515112
32.8400009059906,-74.36448415708455,-74.36448415708455
32.8500009059906,-74.36561310189816,-74.36561310189816
32.8600009059906,-74.36674745213617,-74.36674745213617
32.8700009059906,-74.36788724931887,-74.36788724931887
32.8800009059906,-74.369032533963,-74.369032533963
32.890000905990604,-74.3701833456061,-74.3701833456061
32.9000009059906,-74.37133972281147,-74.37133972281147
32.9100009059906,-74.37250170317803,-74.37250170317803
32.9200009059906,-74.37366932336337,-74.37366932336337
32.9300009059906,-74.37484261910659,-74.37484261910659
32.9400009059906,-74.37602162521198,-74.37602162521198
32.9500009059906,-74.37720637558739,-74.37720637558739
32.9600009059906,-74.3783969032454,-74.3783969032454
32.9700009059906,-74.37959324031848,-74.37959324031848
32.9800009059906,-74.38079541808543,-74.38079541808543
32.9900009059906,-74.38200346695525,-74.38200346695525
33.0000009059906,-74.38321741651595,-74.38321741651595
33.0100009059906,-74.38443729550752,-74.38443729550752
33.0200009059906,-74.38566313187404,-74.38566313187404
33.0300009059906,-74.38689495273681,-74.38689495273681
33.0400009059906,-74.38813278443297,-74.38813278443297
33.0500009059906,-74.38937665252347,-74.38937665252347
33.0600009059906,-74.39062658180234,-74.39062658180234
33.070000905990604,-74.39188259629648,-74.39188259629648
33.0800009059906,-74.39314471928896,-74.39314471928896
33.0900009059906,-74.39441297333546,-74.39441297333546
33.1000009059906,-74.39568738025643,-74.39568738025643
33.1100009059906,-74.39696796116453,-74.39696796116453
33.1200009059906,-74.39825473648186,-74.39825473648186
33.1300009059906,-74.39954772591179,-74.39954772591179
33.140000905990604,-74.40084694849493,-74.40084694849493
33.15000092983246,-74.40215242571638,-74.40215242571638
33.16000092983246,-74.40346416908211,-74.40346416908211
33.17000092983246,-74.40478219872344,-74.40478219872344
33.18000092983246,-74.4061065310622,-74.4061065310622
33.19000092983246,-74.40743718187015,-74.40743718187015
33.200000929832456,-74.40877416631491,-74.40877416631491
33.21000092983246,-74.41011749894065,-74.41011749894065
33.22000092983246,-74.411467193691,-74.411467193691
33.23000092983246,-74.41282326391125,-74.41282326391125
33.24000092983246,-74.41418572236802,-74.41418572236802
33.25000092983246,-74.41555458125919,-74.41555458125919
33.26000092983246,-74.41692985219636,-74.41692985219636
33.270000929832456,-74.4183115462435,-74.4183115462435
33.28000092983246,-74.41969967391641,-74.41969967391641
33.29000092983246,-74.42109424519154,-74.42109424519154
33.30000092983246,-74.42249526950809,-74.42249526950809
33.310000929832455,-74.42390275577623,-74.42390275577623
33.32000092983246,-74.42531671240312,-74.42531671240312
33.33000092983246,-74.42673714727711,-74.42673714727711
33.340000929832456,-74.42816406778664,-74.42816406778664
33.35000092983246,-74.42959748082875,-74.42959748082875
33.36000092983246,-74.4310373928158,-74.4310373928158
33.37000092983246,-74.43248380968696,-74.43248380968696
33.380000929832455,-74.43393673690015,-74.43393673690015
33.39000092983246,-74.43539617947071,-74.43539617947071
33.40000092983246,-74.43686214193983,-74.43686214193983
33.41000092983246,-74.43833462840384,-74.43833462840384
33.42000092983246,-74.43981364252886,-74.43981364252886
33.43000092983246,-74.44129918753949,-74.44129918753949
33.44000092983246,-74.44279126622992,-74.44279126622992
33.450000929832456,-74.44428988097847,-74.44428988097847
33.46000092983246,-74.44578853890509,-74.44578853890509
33.47000092983246,-74.44728439704801,-74.44728439704801
33.48000092983246,-74.44877607097851,-74.44877607097851
33.49000092983246,-74.45026285110885,-74.45026285110885
33.50000092983246,-74.4517444036903,-74.4517444036903
33.51000092983246,-74.45322061553196,-74.45322061553196
33.520000929832456,-74.45469150304285,-74.45469150304285
33.53000092983246,-74.456157157541,-74.456157157541
33.54000092983246,-74.45761771240674,-74.45761771240674
33.55000092983246,-74.459073323355,-74.459073323355
33.560000929832455,-74.46052415667047,-74.46052415667047
33.57000092983246,-74.46197038232037,-74.46197038232037
33.58000092983246,-74.46341216996434,-74.46341216996434
33.590000929832456,-74.46484968680014,-74.46484968680014
33.60000092983246,-74.4662830964679,-74.4662830964679
33.61000092983246,-74.46771255861377,-74.46771255861377
33.62000092983246,-74.46913822881528,-74.46913822881528
33.630000929832455,-74.4705602587232,-74.4705602587232
33.64000092983246,-74.47197879629245,-74.47197879629245
33.65000092983246,-74.47339398610772,-74.47339398610772
33.66000092983246,-74.47480596964793,-74.47480596964793
33.67000092983246,-74.47621488558364,-74.47621488558364
33.68000092983246,-74.47762087005366,-74.47762087005366
33.69000092983246,-74.4790240568599,-74.4790240568599
33.700000929832456,-74.48042457772428,-74.48042457772428
33.71000092983246,-74.48182256242303,-74.48182256242303
33.72000092983246,-74.4832181389688,-74.4832181389688
33.73000092983246,-74.48461143372627,-74.48461143372627
33.74000092983246,-74.48600257151185,-74.48600257151185
33.75000092983246,-74.48739167570513,-74.48739167570513
33.76000092983246,-74.48877886830357,-74.48877886830357
33.770000929832456,-74.49016426998635,-74.49016426998635
33.78000092983246,-74.49154800017715,-74.49154800017715
33.79000092983246,-74.49293017705986,-74.49293017705986
33.80000092983246,-74.49431091763527,-74.49431091763527
33.810000929832455,-74.49569033771745,-74.49569033771745
33.82000092983246,-74.4970685519723,-74.4970685519723
33.83000092983246,-74.49844567392952,-74.49844567392952
33.840000929832456,-74.49982181597713,-74.49982181597713
33.85000092983246,-74.50119708938502,-74.50119708938502
33.86000092983246,-74.50257160429753,-74.50257160429753
33.87000092983246,-74.50394546974623,-74.50394546974623
33.880000929832455,-74.50531879362161,-74.50531879362161
33.89000092983246,-74.50669168271331,-74.50669168271331
33.90000092983246,-74.5080642426708,-74.5080642426708
33.91000092983246,-74.50943657802391,-74.50943657802391
33.92000092983246,-74.51080879217243,-74.51080879217243
33.93000092983246,-74.51218098736176,-74.51218098736176
33.94000092983246,-74.51355326470774,-74.51355326470774
33.950000929832456,-74.51492572418061,-74.51492572418061
33.96000092983246,-74.51629846460726,-74.51629846460726
33.97000092983246,-74.51767158364615,-74.51767158364615
33.98000092983246,-74.51904517780744,-74.51904517780744
33.99000092983246,-74.52041934243633,-74.52041934243633
34.000000953674316,-74.52179417499013,-74.52179417499013
34.010000953674314,-74.52316976194378,-74.52316976194378
34.02000095367432,-74.52454619840144,-74.52454619840144
34.03000095367432,-74.52592357504064,-74.52592357504064
34.040000953674316,-74.52730198135845,-74.52730198135845
34.050000953674314,-74.52868150568595,-74.52868150568595
34.06000095367432,-74.53006223517114,-74.53006223517114
34.07000095367432,-74.53144425579077,-74.53144425579077
34.080000953674315,-74.53282765234094,-74.53282765234094
34.09000095367432,-74.53421250846343,-74.53421250846343
34.10000095367432,-74.53559890660279,-74.53559890660279
34.110000953674316,-74.53698692804893,-74.53698692804893
34.120000953674314,-74.53837665291138,-74.53837665291138
34.13000095367432,-74.5397681601507,-74.5397681601507
34.14000095367432,-74.54116152755658,-74.54116152755658
34.150000953674315,-74.54255683175865,-74.54255683175865
34.16000095367431,-74.54395414822851,-74.54395414822851
34.17000095367432,-74.54535355129728,-74.54535355129728
34.180000953674316,-74.54675511414003,-74.54675511414003
34.190000953674314,-74.54815890878683,-74.54815890878683
34.20000095367432,-74.54956500615687,-74.54956500615687
34.21000095367432,-74.5509669719747,-74.5509669719747
34.220000953674315,-74.552362026263,-74.552362026263
34.23000095367431,-74.55374884888225,-74.55374884888225
34.24000095367432,-74.55512679475044,-74.55512679475044
34.250000953674316,-74.55649559442138,-74.55649559442138
34.260000953674314,-74.55785519860792,-74.55785519860792
34.27000095367432,-74.55920568711566,-74.55920568711566
34.28000095367432,-74.56054721408898,-74.56054721408898
34.290000953674316,-74.56187997511671,-74.56187997511671
34.300000953674314,-74.56320418746915,-74.56320418746915
34.31000095367432,-74.56452007835749,-74.56452007835749
34.32000095367432,-74.56582787799061,-74.56582787799061
34.330000953674315,-74.567127815619,-74.567127815619
34.34000095367432,-74.56842011736022,-74.56842011736022
34.35000095367432,-74.56970500511125,-74.56970500511125
34.360000953674316,-74.57098269609428,-74.57098269609428
34.370000953674314,-74.57225340280755,-74.57225340280755
34.38000095367432,-74.57351733313034,-74.57351733313034
34.39000095367432,-74.57477469063635,-74.57477469063635
34.400000953674315,-74.57602567480492,-74.57602567480492
34.41000095367431,-74.57727048139071,-74.57727048139071
34.42000095367432,-74.57850930266994,-74.57850930266994
34.430000953674316,-74.57974232773091,-74.57974232773091
34.440000953674314,-74.58096974268275,-74.58096974268275
34.45000095367432,-74.58219173089535,-74.58219173089535
34.46000095367432,-74.58340196681651,-74.58340196681651
34.470000953674315,-74.58459777952014,-74.58459777952014
34.48000095367431,-74.5857779574318,-74.5857779574318
34.49000095367432,-74.58694196326138,-74.58694196326138
34.500000953674316,-74.58808963455701,-74.58808963455701
34.510000953674314,-74.58922102825944,-74.58922102825944
34.52000095367432,-74.59033632960374,-74.59033632960374
34.53000095367432,-74.59143579743147,-74.59143579743147
34.540000953674316,-74.59251973129712,-74.59251973129712
34.550000953674314,-74.5935884517517,-74.5935884517517
34.56000095367432,-74.59464228855815,-74.59464228855815
34.57000095367432,-74.59568157382753,-74.59568157382753
34.580000953674315,-74.596706638024,-74.596706638024
34.59000095367432,-74.5977178078022,-74.5977178078022
34.60000095367432,-74.59871540493204,-74.59871540493204
34.610000953674316,-74.59969974584182,-74.59969974584182
34.620000953674314,-74.60067114153544,-74.60067114153544
34.63000095367432,-74.60162989776222,-74.60162989776222
34.64000095367432,-74.60257631521542,-74.60257631521542
34.650000953674315,-74.6035106898555,-74.6035106898555
34.66000095367431,-74.6044333131785,-74.6044333131785
34.67000095367432,-74.6053444724937,-74.6053444724937
34.680000953674316,-74.60624445120918,-74.60624445120918
34.690000953674314,-74.60713352902302,-74.60713352902302
34.70000095367432,-74.60801198214214,-74.60801198214214
34.71000095367432,-74.60888008346657,-74.60888008346657
34.720000953674315,-74.60973810270951,-74.60973810270951
34.73000095367431,-74.61058630653918,-74.61058630653918
34.74000095367432,-74.61142495866967,-74.61142495866967
34.750000953674316,-74.61225431997734,-74.61225431997734
34.760000953674314,-74.61307464852389,-74.61307464852389
34.77000095367432,-74.61388619966131,-74.61388619966131
34.78000095367432,-74.61468922604838,-74.61468922604838
34.790000953674316,-74.61548397769262,-74.61548397769262
34.800000953674314,-74.61627070198175,-74.61627070198175
34.81000095367432,-74.61704964372755,-74.61704964372755
34.82000095367432,-74.61782104515169,-74.61782104515169
34.830000953674315,-74.61858514593148,-74.61858514593148
34.84000095367432,-74.61934218317155,-74.61934218317155
34.850000977516174,-74.62009239324031,-74.62009239324031
34.86000097751617,-74.62083600458914,-74.62083600458914
34.87000097751618,-74.6215732485409,-74.6215732485409
34.880000977516175,-74.62230435207472,-74.62230435207472
34.89000097751617,-74.62302953965374,-74.62302953965374
34.90000097751617,-74.62374903320939,-74.62374903320939
34.91000097751618,-74.62446305216274,-74.62446305216274
34.920000977516175,-74.62517181341126,-74.62517181341126
34.93000097751617,-74.62587553132205,-74.62587553132205
34.94000097751618,-74.62657441777918,-74.62657441777918
34.950000977516176,-74.62726868212617,-74.62726868212617
34.960000977516174,-74.627958531204,-74.627958531204
34.97000097751617,-74.62864416935145,-74.62864416935145
34.98000097751618,-74.62932579839702,-74.62932579839702
34.990000977516175,-74.6300036176726,-74.6300036176726
35.00000097751617,-74.63067782402636,-74.63067782402636
35.01000097751617,-74.63134861181027,-74.63134861181027
35.020000977516176,-74.63201617290451,-74.63201617290451
35.030000977516174,-74.63268069670069,-74.63268069670069
35.04000097751617,-74.63334237014745,-74.63334237014745
35.05000097751618,-74.63400137771367,-74.63400137771367
35.060000977516175,-74.63465790143778,-74.63465790143778
35.07000097751617,-74.63531212091493,-74.63531212091493
35.08000097751617,-74.63596421332137,-74.63596421332137
35.090000977516176,-74.63661435340224,-74.63661435340224
35.100000977516174,-74.63726271351258,-74.63726271351258
35.11000097751617,-74.63790946362518,-74.63790946362518
35.12000097751618,-74.63855477131943,-74.63855477131943
35.130000977516175,-74.63919880181369,-74.63919880181369
35.14000097751617,-74.63984171798037,-74.63984171798037
35.15000097751617,-74.64048368036094,-74.64048368036094
35.16000097751618,-74.64112484716343,-74.64112484716343
35.170000977516175,-74.64176537429877,-74.64176537429877
35.18000097751617,-74.64240541540097,-74.64240541540097
35.19000097751618,-74.64304512182082,-74.64304512182082
35.200000977516176,-74.64368464265782,-74.64368464265782
35.210000977516174,-74.64432412476688,-74.64432412476688
35.22000097751617,-74.6449637127907,-74.6449637127907
35.23000097751618,-74.6456035491712,-74.6456035491712
35.240000977516175,-74.64624377416541,-74.64624377416541
35.25000097751617,-74.64688452584882,-74.64688452584882
35.26000097751617,-74.64752594016836,-74.64752594016836
35.270000977516176,-74.64816815093793,-74.64816815093793
35.280000977516174,-74.64881128986298,-74.64881128986298
35.29000097751617,-74.6494554865524,-74.6494554865524
35.30000097751618,-74.65010086855312,-74.65010086855312
35.310000977516175,-74.65074756135935,-74.65074756135935
35.32000097751617,-74.65139568843185,-74.65139568843185
35.33000097751617,-74.6520453712207,-74.6520453712207
35.340000977516176,-74.65269672918117,-74.65269672918117
35.350000977516174,-74.65334987981362,-74.65334987981362
35.36000097751617,-74.65400493864041,-74.65400493864041
35.37000097751618,-74.65466201928245,-74.65466201928245
35.380000977516175,-74.6553212334345,-74.6553212334345
35.39000097751617,-74.65598269089462,-74.65598269089462
35.40000097751617,-74.65664649960532,-74.65664649960532
35.41000097751618,-74.65731276565842,-74.65731276565842
35.420000977516175,-74.65798159330383,-74.65798159330383
35.43000097751617,-74.65865308500328,-74.65865308500328
35.44000097751618,-74.6593273414123,-74.6593273414123
35.450000977516176,-74.66000446142053,-74.66000446142053
35.460000977516174,-74.6606780305785,-74.6606780305785
35.47000097751617,-74.6613452937744,-74.6613452937744
35.48000097751618,-74.6620049573376,-74.6620049573376
35.490000977516175,-74.66265640299864,-74.66265640299864
35.50000097751617,-74.66329938807284,-74.66329938807284
35.51000097751617,-74.66393388976158,-74.66393388976158
35.520000977516176,-74.66456001392646,-74.66456001392646
35.530000977516174,-74.66517794023423,-74.66517794023423
35.54000097751617,-74.6657878892682,-74.6657878892682
35.55000097751618,-74.66639010273141,-74.66639010273141
35.560000977516175,-74.6669848316649,-74.6669848316649
35.57000097751617,-74.66757232954737,-74.66757232954737
35.58000097751617,-74.66815284833203,-74.66815284833203
35.590000977516176,-74.66872663627633,-74.66872663627633
35.600000977516174,-74.66929393688036,-74.66929393688036
35.61000097751617,-74.66985498844154,-74.66985498844154
35.62000097751618,-74.67041002400553,-74.67041002400553
35.630000977516175,-74.67095927153468,-74.67095927153468
35.64000097751617,-74.67150295414622,-74.67150295414622
35.65000097751617,-74.67204129044386,-74.67204129044386
35.66000097751618,-74.67257449481137,-74.67257449481137
35.670000977516175,-74.67310277771178,-74.67310277771178
35.68000097751617,-74.67362634599023,-74.67362634599023
35.69000097751618,-74.67414540309596,-74.67414540309596
35.70000100135803,-74.67466015054796,-74.67466015054796
35.71000100135803,-74.67517078318615,-74.67517078318615
35.720001001358035,-74.6756774967702,-74.6756774967702
35.73000100135803,-74.67618048314188,-74.67618048314188
35.74000100135803,-74.67667993159301,-74.67667993159301
35.75000100135803,-74.67717602899016,-74.67717602899016
35.760001001358035,-74.67766895984542,-74.67766895984542
35.77000100135803,-74.67815890638744,-74.67815890638744
35.78000100135803,-74.67864604861828,-74.67864604861828
35.790001001358036,-74.67913056439417,-74.67913056439417
35.800001001358034,-74.67961262943057,-74.67961262943057
35.81000100135803,-74.68009241736067,-74.68009241736067
35.82000100135803,-74.68057009976455,-74.68057009976455
35.830001001358035,-74.6810458461881,-74.6810458461881
35.84000100135803,-74.68151982416138,-74.68151982416138
35.85000100135803,-74.68199219924121,-74.68199219924121
35.86000100135803,-74.68246313498979,-74.68246313498979
35.870001001358034,-74.68293279300514,-74.68293279300514
35.88000100135803,-74.68340133293458,-74.68340133293458
35.89000100135803,-74.68386891249607,-74.68386891249607
35.900001001358035,-74.68433568744332,-74.68433568744332
35.91000100135803,-74.68480181162238,-74.68480181162238
35.92000100135803,-74.68526743696471,-74.68526743696471
35.93000100135803,-74.68573271346652,-74.68573271346652
35.940001001358034,-74.6861977892232,-74.6861977892232
35.95000100135803,-74.68666281043714,-74.68666281043714
35.96000100135803,-74.68712792141106,-74.68712792141106
35.970001001358035,-74.68759326455,-74.68759326455
35.98000100135803,-74.68805898038319,-74.68805898038319
35.99000100135803,-74.68852520755223,-74.68852520755223
36.00000100135803,-74.68899208285283,-74.68899208285283
36.010001001358035,-74.6894597411873,-74.6894597411873
36.02000100135803,-74.68992831562224,-74.68992831562224
36.03000100135803,-74.6903979373735,-74.6903979373735
36.040001001358036,-74.69086873580021,-74.69086873580021
36.050001001358034,-74.69134083845363,-74.69134083845363
36.06000100135803,-74.69181437104285,-74.69181437104285
36.07000100135803,-74.69228945746794,-74.69228945746794
36.080001001358035,-74.69276621982648,-74.69276621982648
36.09000100135803,-74.69324477842547,-74.69324477842547
36.10000100135803,-74.69372525177195,-74.69372525177195
36.11000100135803,-74.69420775660691,-74.69420775660691
36.120001001358034,-74.6946924079158,-74.6946924079158
36.13000100135803,-74.69517931891444,-74.69517931891444
36.14000100135803,-74.69566860109113,-74.69566860109113
36.150001001358035,-74.69616036420035,-74.69616036420035
36.16000100135803,-74.69665471627981,-74.69665471627981
36.17000100135803,-74.69715176365398,-74.69715176365398
36.18000100135803,-74.69765161096946,-74.69765161096946
36.190001001358034,-74.69815436117985,-74.69815436117985
36.20000100135803,-74.69866011557882,-74.69866011557882
36.21000100135803,-74.69916897380365,-74.69916897380365
36.220001001358035,-74.69968103386208,-74.69968103386208
36.23000100135803,-74.7001963921218,-74.7001963921218
36.24000100135803,-74.70071514334211,-74.70071514334211
36.25000100135803,-74.70123738068989,-74.70123738068989
36.260001001358035,-74.70176319574635,-74.70176319574635
36.27000100135803,-74.70229267851452,-74.70229267851452
36.28000100135803,-74.70282591745398,-74.70282591745398
36.290001001358036,-74.70336299948016,-74.70336299948016
36.300001001358034,-74.70390400997123,-74.70390400997123
36.31000100135803,-74.70444903281856,-74.70444903281856
36.32000100135803,-74.70499815039959,-74.70499815039959
36.330001001358035,-74.7055514436109,-74.7055514436109
36.34000100135803,-74.70610899189295,-74.70610899189295
36.35000100135803,-74.7066708732199,-74.7066708732199
36.36000100135803,-74.70723716414957,-74.70723716414957
36.370001001358034,-74.70780793980535,-74.70780793980535
36.38000100135803,-74.7083832739123,-74.7083832739123
36.39000100135803,-74.70896323879599,-74.70896323879599
36.400001001358035,-74.70954790541424,-74.70954790541424
36.41000100135803,-74.71013734336245,-74.71013734336245
36.42000100135803,-74.71073162089641,-74.71073162089641
36.43000100135803,-74.7113308049301,-74.7113308049301
36.440001001358034,-74.71193496107146,-74.71193496107146
36.45000100135803,-74.71254415364031,-74.71254415364031
36.46000100135803,-74.7131584456444,-74.7131584456444
36.470001001358035,-74.71377789885102,-74.71377789885102
36.48000100135803,-74.7144025737502,-74.7144025737502
36.49000100135803,-74.7150325296159,-74.7150325296159
36.50000100135803,-74.71566782447313,-74.71566782447313
36.510001001358035,-74.71630851514738,-74.71630851514738
36.52000100135803,-74.71695465727979,-74.71695465727979
36.53000100135803,-74.71760630532054,-74.71760630532054
36.540001001358036,-74.71826351254659,-74.71826351254659
36.55000102519989,-74.71892633267883,-74.71892633267883
36.56000102519989,-74.71959481357386,-74.71959481357386
36.57000102519989,-74.72026900666538,-74.72026900666538
36.58000102519989,-74.7209489607181,-74.7209489607181
36.59000102519989,-74.72163472341101,-74.72163472341101
36.60000102519989,-74.72232634133975,-74.72232634133975
36.61000102519989,-74.72302386002214,-74.72302386002214
36.62000102519989,-74.72372732393717,-74.72372732393717
36.63000102519989,-74.72443677653078,-74.72443677653078
36.64000102519989,-74.72515226019422,-74.72515226019422
36.65000102519989,-74.72587381634565,-74.72587381634565
36.66000102519989,-74.72660148537801,-74.72660148537801
36.67000102519989,-74.72733530670924,-74.72733530670924
36.68000102519989,-74.72807531878848,-74.72807531878848
36.69000102519989,-74.72882155909792,-74.72882155909792
36.70000102519989,-74.72957406418692,-74.72957406418692
36.71000102519989,-74.730332869664,-74.730332869664
36.72000102519989,-74.73109801021046,-74.73109801021046
36.73000102519989,-74.7318695196062,-74.7318695196062
36.74000102519989,-74.73264743074382,-74.73264743074382
36.75000102519989,-74.73343177563139,-74.73343177563139
36.76000102519989,-74.73422258539608,-74.73422258539608
36.77000102519989,-74.7350198903156,-74.7350198903156
36.78000102519989,-74.73582371981769,-74.73582371981769
36.79000102519989,-74.73663410249522,-74.73663410249522
36.80000102519989,-74.7374510661248,-74.7374510661248
36.81000102519989,-74.73827463766268,-74.73827463766268
36.82000102519989,-74.73910484327266,-74.73910484327266
36.83000102519989,-74.73994170832361,-74.73994170832361
36.84000102519989,-74.74078525741541,-74.74078525741541
36.85000102519989,-74.74163551437506,-74.74163551437506
36.86000102519989,-74.74249250227314,-74.74249250227314
36.87000102519989,-74.74335624344356,-74.74335624344356
36.88000102519989,-74.74422675948179,-74.74422675948179
36.89000102519989,-74.74510407126166,-74.74510407126166
36.90000102519989,-74.74598819894246,-74.74598819894246
36.91000102519989,-74.74687916198889,-74.74687916198889
36.92000102519989,-74.74777697916473,-74.74777697916473
36.93000102519989,-74.7486816685606,-74.7486816685606
36.94000102519989,-74.7495932475796,-74.7495932475796
36.95000102519989,-74.75051173298426,-74.75051173298426
36.96000102519989,-74.7514371408639,-74.7514371408639
36.97000102519989,-74.7523694866849,-74.7523694866849
36.98000102519989,-74.75330878527066,-74.75330878527066
36.99000102519989,-74.75425505083035,-74.75425505083035
37.00000102519989,-74.75520829694203,-74.75520829694203
37.01000102519989,-74.75616853659355,-74.75616853659355
37.02000102519989,-74.75713578216914,-74.75713578216914
37.03000102519989,-74.75811004546874,-74.75811004546874
37.04000102519989,-74.75909133772035,-74.75909133772035
37.05000102519989,-74.76007966956854,-74.76007966956854
37.06000102519989,-74.76107505111045,-74.76107505111045
37.07000102519989,-74.7620774918811,-74.7620774918811
37.08000102519989,-74.76308700088155,-74.76308700088155
37.09000102519989,-74.76410358656388,-74.76410358656388
37.10000102519989,-74.7651272568738,-74.7651272568738
37.11000102519989,-74.76615801921116,-74.76615801921116
37.12000102519989,-74.7671958804948,-74.7671958804948
37.13000102519989,-74.7682408471126,-74.7682408471126
37.14000102519989,-74.76929292497188,-74.76929292497188
37.15000102519989,-74.7703521194909,-74.7703521194909
37.16000102519989,-74.77141843559905,-74.77141843559905
37.17000102519989,-74.77249187776553,-74.77249187776553
37.18000102519989,-74.77357244998095,-74.77357244998095
37.19000102519989,-74.77466015579029,-74.77466015579029
37.20000102519989,-74.77575499827674,-74.77575499827674
37.21000102519989,-74.77685698009051,-74.77685698009051
37.22000102519989,-74.77796610342837,-74.77796610342837
37.23000102519989,-74.77908237007877,-74.77908237007877
37.24000102519989,-74.78020578138235,-74.78020578138235
37.25000102519989,-74.7813363382824,-74.7813363382824
37.26000102519989,-74.7824740413089,-74.7824740413089
37.27000102519989,-74.78361889058353,-74.78361889058353
37.28000102519989,-74.78477088583334,-74.78477088583334
37.29000102519989,-74.78593002639019,-74.78593002639019
37.30000102519989,-74.78709631120977,-74.78709631120977
37.31000102519989,-74.78826973885994,-74.78826973885994
37.32000102519989,-74.78945030755304,-74.78945030755304
37.33000102519989,-74.7906380151143,-74.7906380151143
37.34000102519989,-74.79183285902182,-74.79183285902182
37.35000102519989,-74.79303483640116,-74.79303483640116
37.36000102519989,-74.79424394401522,-74.79424394401522
37.37000102519989,-74.79546017829978,-74.79546017829978
37.38000102519989,-74.79668353535284,-74.79668353535284
37.39000102519989,-74.79791401092976,-74.79791401092976
37.40000104904175,-74.79915160341304,-74.79915160341304
37.410001049041746,-74.80039630204271,-74.80039630204271
37.42000104904175,-74.80164810454093,-74.80164810454093
37.43000104904175,-74.8029070053958,-74.8029070053958
37.44000104904175,-74.80417299879218,-74.80417299879218
37.450001049041745,-74.8054460786164,-74.8054460786164
37.46000104904175,-74.80672623844673,-74.80672623844673
37.47000104904175,-74.80801347159623,-74.80801347159623
37.480001049041746,-74.80930777106916,-74.80930777106916
37.49000104904175,-74.81060912960332,-74.81060912960332
37.50000104904175,-74.81191753966121,-74.81191753966121
37.51000104904175,-74.8132329934209,-74.8132329934209
37.520001049041745,-74.8145554827993,-74.8145554827993
37.53000104904175,-74.81588499946281,-74.81588499946281
37.54000104904175,-74.81722153481475,-74.81722153481475
37.55000104904175,-74.81856508000168,-74.81856508000168
37.560001049041745,-74.81991562591853,-74.81991562591853
37.57000104904175,-74.82127316323414,-74.82127316323414
37.58000104904175,-74.82263768236164,-74.82263768236164
37.590001049041746,-74.82400917347566,-74.82400917347566
37.60000104904175,-74.82538762652904,-74.82538762652904
37.61000104904175,-74.82677303125367,-74.82677303125367
37.62000104904175,-74.82816537713572,-74.82816537713572
37.630001049041745,-74.82956465346594,-74.82956465346594
37.64000104904175,-74.83097084929848,-74.83097084929848
37.65000104904175,-74.83238395349912,-74.83238395349912
37.660001049041746,-74.83380395470131,-74.83380395470131
37.67000104904175,-74.83523084134623,-74.83523084134623
37.68000104904175,-74.83666460167623,-74.83666460167623
37.69000104904175,-74.8381052237416,-74.8381052237416
37.700001049041745,-74.83955269538481,-74.83955269538481
37.71000104904175,-74.84100700426528,-74.84100700426528
37.72000104904175,-74.84246813786488,-74.84246813786488
37.730001049041746,-74.84393608346663,-74.84393608346663
37.74000104904175,-74.84541082819443,-74.84541082819443
37.75000104904175,-74.84689235897635,-74.84689235897635
37.76000104904175,-74.84838066257666,-74.84838066257666
37.770001049041745,-74.84987572559324,-74.84987572559324
37.78000104904175,-74.8513775344539,-74.8513775344539
37.79000104904175,-74.8528860754213,-74.8528860754213
37.80000104904175,-74.85440133460713,-74.85440133460713
37.810001049041745,-74.85592329793994,-74.85592329793994
37.82000104904175,-74.85745195123127,-74.85745195123127
37.83000104904175,-74.85898728012286,-74.85898728012286
37.840001049041746,-74.86052927010861,-74.86052927010861
37.85000104904175,-74.8620779065323,-74.8620779065323
37.86000104904175,-74.86363317460585,-74.86363317460585
37.87000104904175,-74.86519505940826,-74.86519505940826
37.880001049041745,-74.86676354585596,-74.86676354585596
37.89000104904175,-74.86833861875192,-74.86833861875192
37.90000104904175,-74.86992026276653,-74.86992026276653
37.910001049041746,-74.87150846243208,-74.87150846243208
37.92000104904175,-74.87310320216157,-74.87310320216157
37.93000104904175,-74.8747044662517,-74.8747044662517
37.94000104904175,-74.87631223886982,-74.87631223886982
37.950001049041745,-74.8779265040605,-74.8779265040605
37.96000104904175,-74.87954724575783,-74.87954724575783
37.97000104904175,-74.88117444779316,-74.88117444779316
37.980001049041746,-74.88280809386501,-74.88280809386501
37.99000104904175,-74.8844481675795,-74.8844481675795
38.00000104904175,-74.8860946524352,-74.8860946524352
38.01000104904175,-74.88774753181889,-74.88774753181889
38.020001049041745,-74.88940678902652,-74.88940678902652
38.03000104904175,-74.89107240724513,-74.89107240724513
38.04000104904175,-74.89274436956424,-74.89274436956424
38.05000104904175,-74.89442265899669,-74.89442265899669
38.060001049041745,-74.89610725843457,-74.89610725843457
38.07000104904175,-74.89779815069372,-74.89779815069372
38.08000104904175,-74.89949531850148,-74.89949531850148
38.090001049041746,-74.9011987445103,-74.9011987445103
38.10000104904175,-74.9029084112661,-74.9029084112661
38.11000104904175,-74.90462430124222,-74.90462430124222
38.12000104904175,-74.90634639682989,-74.90634639682989
38.130001049041745,-74.90807468034842,-74.90807468034842
38.14000104904175,-74.90980913403462,-74.90980913403462
38.15000104904175,-74.91154974004886,-74.91154974004886
38.160001049041746,-74.91329648048556,-74.91329648048556
38.17000104904175,-74.9150493373573,-74.9150493373573
38.18000104904175,-74.91680829261668,-74.91680829261668
38.19000104904175,-74.91857332814764,-74.91857332814764
38.200001049041745,-74.92034442576725,-74.92034442576725
38.21000104904175,-74.9221215672241,-74.9221215672241
38.22000104904175,-74.92390473421126,-74.92390473421126
38.230001049041746,-74.92569390835456,-74.92569390835456
38.24000104904175,-74.92748907123129,-74.92748907123129
38.250001072883606,-74.92929020864273,-74.92929020864273
38.260001072883604,-74.93109729349126,-74.93109729349126
38.27000107288361,-74.93291031143617,-74.93291031143617
38.28000107288361,-74.93472924383815,-74.93472924383815
38.290001072883605,-74.93655407199907,-74.93655407199907
38.3000010728836,-74.93838477717217,-74.93838477717217
38.31000107288361,-74.94022134055675,-74.94022134055675
38.320001072883606,-74.94206374331374,-74.94206374331374
38.330001072883604,-74.94391196654936,-74.94391196654936
38.34000107288361,-74.94576599133985,-74.94576599133985
38.35000107288361,-74.94762579870216,-74.94762579870216
38.360001072883605,-74.94949136963918,-74.94949136963918
38.3700010728836,-74.95136268508556,-74.95136268508556
38.38000107288361,-74.95323972594423,-74.95323972594423
38.39000107288361,-74.95512247310542,-74.95512247310542
38.400001072883605,-74.95701090739075,-74.95701090739075
38.4100010728836,-74.95890500960459,-74.95890500960459
38.42000107288361,-74.96080476052005,-74.96080476052005
38.430001072883606,-74.96271014088026,-74.96271014088026
38.440001072883604,-74.96462113139047,-74.96462113139047
38.45000107288361,-74.96653771272736,-74.96653771272736
38.46000107288361,-74.9684598655443,-74.9684598655443
38.470001072883605,-74.97038757046504,-74.97038757046504
38.4800010728836,-74.97232080809611,-74.97232080809611
38.49000107288361,-74.97425955901615,-74.97425955901615
38.500001072883606,-74.9762038037663,-74.9762038037663
38.510001072883604,-74.9781535228797,-74.9781535228797
38.52000107288361,-74.98010869687316,-74.98010869687316
38.53000107288361,-74.98206930623377,-74.98206930623377
38.540001072883605,-74.98403533142803,-74.98403533142803
38.5500010728836,-74.98600675291875,-74.98600675291875
38.56000107288361,-74.98798355114545,-74.98798355114545
38.570001072883606,-74.9899657065238,-74.9899657065238
38.580001072883604,-74.99195319946188,-74.99195319946188
38.59000107288361,-74.99394601035993,-74.99394601035993
38.60000107288361,-74.99594411959026,-74.99594411959026
38.610001072883605,-74.99794750752949,-74.99794750752949
38.6200010728836,-74.99995615454237,-74.99995615454237
38.63000107288361,-75.00197004096937,-75.00197004096937
38.64000107288361,-75.00398914715637,-75.00398914715637
38.650001072883605,-75.00601345343534,-75.00601345343534
38.6600010728836,-75.00804294013278,-75.00804294013278
38.67000107288361,-75.01007758757818,-75.01007758757818
38.680001072883606,-75.01211737607501,-75.01211737607501
38.690001072883604,-75.01416228594411,-75.01416228594411
38.70000107288361,-75.01621229748775,-75.01621229748775
38.71000107288361,-75.01826739101841,-75.01826739101841
38.720001072883605,-75.0203275468364,-75.0203275468364
38.7300010728836,-75.02239274523897,-75.02239274523897
38.74000107288361,-75.02446296654139,-75.02446296654139
38.750001072883606,-75.02653819103566,-75.02653819103566
38.760001072883604,-75.02861839903595,-75.02861839903595
38.77000107288361,-75.03070357084857,-75.03070357084857
38.78000107288361,-75.03279368678186,-75.03279368678186
38.790001072883605,-75.03488872715018,-75.03488872715018
38.8000010728836,-75.03698867227337,-75.03698867227337
38.81000107288361,-75.03909350247302,-75.03909350247302
38.820001072883606,-75.04120319808014,-75.04120319808014
38.830001072883604,-75.04331773943188,-75.04331773943188
38.84000107288361,-75.04543710687193,-75.04543710687193
38.85000107288361,-75.04756128075427,-75.04756128075427
38.860001072883605,-75.04969024144336,-75.04969024144336
38.8700010728836,-75.05182396929746,-75.05182396929746
38.88000107288361,-75.05396244469972,-75.05396244469972
38.89000107288361,-75.05610564805131,-75.05610564805131
38.900001072883605,-75.05825355974122,-75.05825355974122
38.9100010728836,-75.06040616019237,-75.06040616019237
38.92000107288361,-75.0625634298297,-75.0625634298297
38.930001072883606,-75.06472534908816,-75.06472534908816
38.940001072883604,-75.06689189841899,-75.06689189841899
38.95000107288361,-75.06906305829015,-75.06906305829015
38.96000107288361,-75.07123225567248,-75.07123225567248
38.970001072883605,-75.073396597826,-75.073396597826
38.9800010728836,-75.07555466313585,-75.07555466313585
38.99000107288361,-75.07770571086093,-75.07770571086093
39.000001072883606,-75.0798493796809,-75.0798493796809
39.010001072883604,-75.0819855311852,-75.0819855311852
39.02000107288361,-75.084114158202,-75.084114158202
39.03000107288361,-75.08623532969227,-75.08623532969227
39.040001072883605,-75.0883491576652,-75.0883491576652
39.0500010728836,-75.09045577727525,-75.09045577727525
39.06000107288361,-75.09255533497395,-75.09255533497395
39.070001072883606,-75.09464798155825,-75.09464798155825
39.080001072883604,-75.09673386812945,-75.09673386812945
39.09000107288361,-75.09881314389754,-75.09881314389754
39.100001096725464,-75.10088596001764,-75.10088596001764
39.11000109672546,-75.10295244934197,-75.10295244934197
39.12000109672547,-75.10501275601553,-75.10501275601553
39.130001096725465,-75.10706701580342,-75.10706701580342
39.14000109672546,-75.10911536124901,-75.10911536124901
39.15000109672546,-75.11115792200194,-75.11115792200194
39.160001096725466,-75.11319482504749,-75.11319482504749
39.170001096725464,-75.1152261950131,-75.1152261950131
39.18000109672546,-75.11725215440391,-75.11725215440391
39.19000109672547,-75.11927282384791,-75.11927282384791
39.200001096725465,-75.12128832225639,-75.12128832225639
39.21000109672546,-75.123292209324,-75.123292209324
39.22000109672546,-75.12528172619604,-75.12528172619604
39.230001096725466,-75.12725558484568,-75.12725558484568
39.240001096725464,-75.12921317742389,-75.12921317742389
39.25000109672546,-75.13115427466388,-75.13115427466388
39.26000109672546,-75.1330788693668,-75.1330788693668
39.270001096725466,-75.13498708468883,-75.13498708468883
39.280001096725464,-75.13687911907122,-75.13687911907122
39.29000109672546,-75.13875521316243,-75.13875521316243
39.30000109672547,-75.14061562990425,-75.14061562990425
39.310001096725465,-75.14246064272574,-75.14246064272574
39.32000109672546,-75.14429052856121,-75.14429052856121
39.33000109672546,-75.14610556382956,-75.14610556382956
39.340001096725466,-75.14790602223418,-75.14790602223418
39.350001096725464,-75.14969217366496,-75.14969217366496
39.36000109672546,-75.15146428367567,-75.15146428367567
39.37000109672547,-75.15322261344562,-75.15322261344562
39.380001096725465,-75.15496741985231,-75.15496741985231
39.39000109672546,-75.15669895570697,-75.15669895570697
39.40000109672546,-75.15841747003941,-75.15841747003941
39.410001096725466,-75.16012320833079,-75.16012320833079
39.420001096725464,-75.16181641280207,-75.16181641280207
39.43000109672546,-75.16349732264719,-75.16349732264719
39.44000109672547,-75.16516617424924,-75.16516617424924
39.450001096725465,-75.16682320135983,-75.16682320135983
39.46000109672546,-75.16846863524812,-75.16846863524812
39.47000109672546,-75.17010270485325,-75.17010270485325
39.480001096725466,-75.17172563687066,-75.17172563687066
39.490001096725464,-75.17333765585693,-75.17333765585693
39.50000109672546,-75.17493898428853,-75.17493898428853
39.51000109672546,-75.1765298426479,-75.1765298426479
39.520001096725466,-75.1781104494183,-75.1781104494183
39.530001096725464,-75.17968102115351,-75.17968102115351
39.54000109672546,-75.18124177250324,-75.18124177250324
39.55000109672547,-75.18279291620937,-75.18279291620937
39.560001096725465,-75.18433466314822,-75.18433466314822
39.57000109672546,-75.18586722230863,-75.18586722230863
39.58000109672546,-75.1873908007956,-75.1873908007956
39.590001096725466,-75.18890560385096,-75.18890560385096
39.600001096725464,-75.19041183483043,-75.19041183483043
39.61000109672546,-75.19190969521523,-75.19190969521523
39.62000109672547,-75.19339938459464,-75.19339938459464
39.630001096725465,-75.19488110065525,-75.19488110065525
39.64000109672546,-75.19635503917533,-75.19635503917533
39.65000109672546,-75.19782139403594,-75.19782139403594
39.660001096725466,-75.19928035719117,-75.19928035719117
39.670001096725464,-75.20073211865089,-75.20073211865089
39.68000109672546,-75.20217686649943,-75.20217686649943
39.69000109672547,-75.20361478687163,-75.20361478687163
39.700001096725465,-75.20504606396706,-75.20504606396706
39.71000109672546,-75.20646431665797,-75.20646431665797
39.72000109672546,-75.20786684884683,-75.20786684884683
39.730001096725466,-75.20925243613186,-75.20925243613186
39.740001096725464,-75.21062053417792,-75.21062053417792
39.75000109672546,-75.21197097671204,-75.21197097671204
39.76000109672546,-75.21330381876282,-75.21330381876282
39.770001096725466,-75.21461924480877,-75.21461924480877
39.780001096725464,-75.21591751359621,-75.21591751359621
39.79000109672546,-75.2171989249844,-75.2171989249844
39.80000109672547,-75.21846380002681,-75.21846380002681
39.810001096725465,-75.21971246907827,-75.21971246907827
39.82000109672546,-75.22094526484472,-75.22094526484472
39.83000109672546,-75.22216251832054,-75.22216251832054
39.840001096725466,-75.22336455662594,-75.22336455662594
39.850001096725464,-75.22455170186306,-75.22455170186306
39.86000109672546,-75.22572427066382,-75.22572427066382
39.87000109672547,-75.22688257409183,-75.22688257409183
39.880001096725465,-75.22802691779485,-75.22802691779485
39.89000109672546,-75.22915760222669,-75.22915760222669
39.90000109672546,-75.23027492292535,-75.23027492292535
39.910001096725466,-75.23137917081121,-75.23137917081121
39.920001096725464,-75.2324706324617,-75.2324706324617
39.93000109672546,-75.23354959038257,-75.23354959038257
39.94000109672547,-75.23461632322709,-75.23461632322709
39.95000112056732,-75.23567110852925,-75.23567110852925
39.96000112056732,-75.23670764787822,-75.23670764787822
39.970001120567325,-75.23772333585765,-75.23772333585765
39.98000112056732,-75.23871703555429,-75.23871703555429
39.99000112056732,-75.23968828928639,-75.23968828928639
40.00000112056732,-75.24063701659519,-75.24063701659519
40.010001120567324,-75.24156335746434,-75.24156335746434
40.02000112056732,-75.24246758052395,-75.24246758052395
40.03000112056732,-75.24335002788638,-75.24335002788638
40.040001120567325,-75.24421108199675,-75.24421108199675
40.05000112056732,-75.24505114575749,-75.24505114575749
40.06000112056732,-75.24587063067212,-75.24587063067212
40.07000112056732,-75.2466699498626,-75.2466699498626
40.080001120567324,-75.24744951410939,-75.24744951410939
40.09000112056732,-75.24820972961881,-75.24820972961881
40.10000112056732,-75.24895099693512,-75.24895099693512
40.11000112056732,-75.24967371047578,-75.24967371047578
40.12000112056732,-75.25037825845848,-75.25037825845848
40.13000112056732,-75.25106502303667,-75.25106502303667
40.14000112056732,-75.25173438052774,-75.25173438052774
40.150001120567325,-75.25238670171177,-75.25238670171177
40.16000112056732,-75.253022352096,-75.253022352096
40.17000112056732,-75.25364169222992,-75.25364169222992
40.18000112056732,-75.25424507793203,-75.25424507793203
40.190001120567324,-75.25483286052193,-75.25483286052193
40.20000112056732,-75.25540538705242,-75.25540538705242
40.21000112056732,-75.25596300044528,-75.25596300044528
40.220001120567325,-75.25650603966757,-75.25650603966757
40.23000112056732,-75.25703483984142,-75.25703483984142
40.24000112056732,-75.25754973235986,-75.25754973235986
40.25000112056732,-75.25805104497331,-75.25805104497331
40.260001120567324,-75.2585391018611,-75.2585391018611
40.27000112056732,-75.25901422369964,-75.25901422369964
40.28000112056732,-75.25947672770688,-75.25947672770688
40.290001120567325,-75.25992692768422,-75.25992692768422
40.30000112056732,-75.2603651340624,-75.2603651340624
40.31000112056732,-75.26079165391857,-75.26079165391857
40.32000112056732,-75.26120679099009,-75.26120679099009
40.330001120567324,-75.26161084571424,-75.26161084571424
40.34000112056732,-75.26200411525957,-75.26200411525957
40.35000112056732,-75.26238689347745,-75.26238689347745
40.36000112056732,-75.2627594709789,-75.2627594709789
40.37000112056732,-75.26312213510788,-75.26312213510788
40.38000112056732,-75.26347516996111,-75.26347516996111
40.39000112056732,-75.2638188564004,-75.2638188564004
40.400001120567325,-75.26415347206576,-75.26415347206576
40.41000112056732,-75.26447929136168,-75.26447929136168
40.42000112056732,-75.26479658548324,-75.26479658548324
40.43000112056732,-75.2651056224212,-75.2651056224212
40.440001120567324,-75.26540666695523,-75.26540666695523
40.45000112056732,-75.26569998069603,-75.26569998069603
40.46000112056732,-75.26597925697995,-75.26597925697995
40.470001120567325,-75.26624187638532,-75.26624187638532
40.48000112056732,-75.26648669116577,-75.26648669116577
40.49000112056732,-75.26671323297812,-75.26671323297812
40.50000112056732,-75.26692141059533,-75.26692141059533
40.510001120567324,-75.26711135305082,-75.26711135305082
40.52000112056732,-75.26728331766084,-75.26728331766084
40.53000112056732,-75.26743763481753,-75.26743763481753
40.540001120567325,-75.2675746748016,-75.2675746748016
40.55000112056732,-75.26769482783716,-75.26769482783716
40.56000112056732,-75.26779849223574,-75.26779849223574
40.57000112056732,-75.26788606742289,-75.26788606742289
40.580001120567324,-75.26795794991851,-75.26795794991851
40.59000112056732,-75.26801453117528,-75.26801453117528
40.60000112056732,-75.26805619645393,-75.26805619645393
40.61000112056732,-75.26808332441186,-75.26808332441186
40.62000112056732,-75.26809628700775,-75.26809628700775
40.63000112056732,-75.26809544967624,-75.26809544967624
40.64000112056732,-75.26808117157498,-75.26808117157498
40.650001120567325,-75.26805380588603,-75.26805380588603
40.66000112056732,-75.26801370013114,-75.26801370013114
40.67000112056732,-75.26796119647283,-75.26796119647283
40.68000112056732,-75.26789663198547,-75.26789663198547
40.690001120567324,-75.26782033890707,-75.26782033890707
40.70000112056732,-75.267732644866,-75.267732644866
40.71000112056732,-75.26762730908546,-75.26762730908546
40.720001120567325,-75.26750177725225,-75.26750177725225
40.73000112056732,-75.26735496589109,-75.26735496589109
40.74000112056732,-75.26718647010976,-75.26718647010976
40.75000112056732,-75.26699626140605,-75.26699626140605
40.760001120567324,-75.26678453086883,-75.26678453086883
40.77000112056732,-75.26655159726145,-75.26655159726145
40.78000112056732,-75.26629785184899,-75.26629785184899
40.790001120567325,-75.26602372522443,-75.26602372522443
40.80000114440918,-75.26572966672673,-75.26572966672673
40.81000114440918,-75.26541613533169,-75.26541613533169
40.82000114440918,-75.2650835887092,-75.2650835887092
40.83000114440918,-75.26473248179762,-75.26473248179762
40.84000114440918,-75.26436326403812,-75.26436326403812
40.85000114440918,-75.26397637825205,-75.26397637825205
40.86000114440918,-75.26357226025674,-75.26357226025674
40.87000114440918,-75.26315133876619,-75.26315133876619
40.88000114440918,-75.26271403555032,-75.26271403555032
40.89000114440918,-75.26226076571535,-75.26226076571535
40.90000114440918,-75.26179193797186,-75.26179193797186
40.91000114440918,-75.26130795498754,-75.26130795498754
40.92000114440918,-75.26080921363769,-75.26080921363769
40.93000114440918,-75.26029610531742,-75.26029610531742
40.94000114440918,-75.25976901615947,-75.25976901615947
40.95000114440918,-75.25922832728024,-75.25922832728024
40.960001144409176,-75.25867441494447,-75.25867441494447
40.97000114440918,-75.25810765074527,-75.25810765074527
40.98000114440918,-75.25752840173443,-75.25752840173443
40.99000114440918,-75.25693703055231,-75.25693703055231
41.00000114440918,-75.25633389553046,-75.25633389553046
41.01000114440918,-75.25571935076249,-75.25571935076249
41.02000114440918,-75.25509374619239,-75.25509374619239
41.03000114440918,-75.25445742768758,-75.25445742768758
41.04000114440918,-75.25381073705961,-75.25381073705961
41.05000114440918,-75.25315401215036,-75.25315401215036
41.06000114440918,-75.25248758684303,-75.25248758684303
41.07000114440918,-75.25181179110669,-75.25181179110669
41.08000114440918,-75.25112695102204,-75.25112695102204
41.09000114440918,-75.25043338882556,-75.25043338882556
41.10000114440918,-75.24973142289852,-75.24973142289852
41.11000114440918,-75.24902136782288,-75.24902136782288
41.12000114440918,-75.2483035343869,-75.2483035343869
41.13000114440918,-75.24757822960153,-75.24757822960153
41.14000114440918,-75.24684575672086,-75.24684575672086
41.15000114440918,-75.24610641526027,-75.24610641526027
41.16000114440918,-75.24536050101858,-75.24536050101858
41.17000114440918,-75.24460830607947,-75.24460830607947
41.18000114440918,-75.24385011883899,-75.24385011883899
41.19000114440918,-75.24308622402641,-75.24308622402641
41.20000114440918,-75.24231690271739,-75.24231690271739
41.210001144409176,-75.24154243233707,-75.24154243233707
41.22000114440918,-75.24076308670423,-75.24076308670423
41.23000114440918,-75.23997913602769,-75.23997913602769
41.24000114440918,-75.23919084693534,-75.23919084693534
41.25000114440918,-75.2383984825021,-75.2383984825021
41.26000114440918,-75.2376023022469,-75.2376023022469
41.27000114440918,-75.23680256217426,-75.23680256217426
41.28000114440918,-75.23599951477635,-75.23599951477635
41.29000114440918,-75.23519340907333,-75.23519340907333
41.30000114440918,-75.23438449062695,-75.23438449062695
41.31000114440918,-75.23357300156056,-75.23357300156056
41.32000114440918,-75.2327591805981,-75.2327591805981
41.33000114440918,-75.23194326305446,-75.23194326305446
41.34000114440918,-75.23112548089824,-75.23112548089824
41.35000114440918,-75.23030606275579,-75.23030606275579
41.36000114440918,-75.22948523393379,-75.22948523393379
41.37000114440918,-75.22866321646349,-75.22866321646349
41.38000114440918,-75.227840229107,-75.227840229107
41.39000114440918,-75.2270164873924,-75.2270164873924
41.40000114440918,-75.22619220363235,-75.22619220363235
41.41000114440918,-75.22536758696947,-75.22536758696947
41.42000114440918,-75.22454284339256,-75.22454284339256
41.43000114440918,-75.22371817576989,-75.22371817576989
41.44000114440918,-75.22289378386196,-75.22289378386196
41.45000114440918,-75.22206986435803,-75.22206986435803
41.460001144409176,-75.22124661093014,-75.22124661093014
41.47000114440918,-75.22042421421702,-75.22042421421702
41.48000114440918,-75.21960286188632,-75.21960286188632
41.49000114440918,-75.2187827386413,-75.2187827386413
41.50000114440918,-75.2179640262791,-75.2179640262791
41.51000114440918,-75.21714690369222,-75.21714690369222
41.52000114440918,-75.21633154690866,-75.21633154690866
41.53000114440918,-75.21551812913587,-75.21551812913587
41.54000114440918,-75.21470682074977,-75.21470682074977
41.55000114440918,-75.21389778937578,-75.21389778937578
41.56000114440918,-75.21309119987771,-75.21309119987771
41.57000114440918,-75.21228721442114,-75.21228721442114
41.58000114440918,-75.21148599246469,-75.21148599246469
41.59000114440918,-75.21068769082784,-75.21068769082784
41.60000114440918,-75.20989246369568,-75.20989246369568
41.61000114440918,-75.2091004626566,-75.2091004626566
41.62000114440918,-75.20831183673548,-75.20831183673548
41.63000114440918,-75.20752673241853,-75.20752673241853
41.64000114440918,-75.20674529368,-75.20674529368
41.65000116825104,-75.20596766017104,-75.20596766017104
41.660001168251036,-75.20519397466059,-75.20519397466059
41.67000116825104,-75.20442437190356,-75.20442437190356
41.68000116825104,-75.2036589861419,-75.2036589861419
41.69000116825104,-75.20289794926323,-75.20289794926323
41.700001168251035,-75.20214139079377,-75.20214139079377
41.71000116825104,-75.20138943797627,-75.20138943797627
41.72000116825104,-75.20064221577181,-75.20064221577181
41.730001168251036,-75.19989984688735,-75.19989984688735
41.74000116825104,-75.1991624518177,-75.1991624518177
41.75000116825104,-75.19843014885905,-75.19843014885905
41.76000116825104,-75.19770305414407,-75.19770305414407
41.770001168251035,-75.19698128166853,-75.19698128166853
41.78000116825104,-75.19626494331779,-75.19626494331779
41.79000116825104,-75.19555414889537,-75.19555414889537
41.800001168251036,-75.19484900614033,-75.19484900614033
41.810001168251034,-75.1941496207809,-75.1941496207809
41.82000116825104,-75.193456096517,-75.193456096517
41.83000116825104,-75.19276853509652,-75.19276853509652
41.840001168251035,-75.19208703629613,-75.19208703629613
41.85000116825104,-75.1914116979762,-75.1914116979762
41.86000116825104,-75.19074261609863,-75.19074261609863
41.87000116825104,-75.19007988475038,-75.19007988475038
41.880001168251034,-75.18942359616398,-75.18942359616398
41.89000116825104,-75.18877384074412,-75.18877384074412
41.90000116825104,-75.18813070711326,-75.18813070711326
41.910001168251036,-75.18749428210015,-75.18749428210015
41.92000116825104,-75.18686465078346,-75.18686465078346
41.93000116825104,-75.18624189653013,-75.18624189653013
41.94000116825104,-75.18562610098348,-75.18562610098348
41.950001168251035,-75.18501734411119,-75.18501734411119
41.96000116825104,-75.18441570422455,-75.18441570422455
41.97000116825104,-75.18382125800574,-75.18382125800574
41.980001168251036,-75.18323408051364,-75.18323408051364
41.99000116825104,-75.18265424522893,-75.18265424522893
42.00000116825104,-75.1820818240577,-75.1820818240577
42.01000116825104,-75.18151688735243,-75.18151688735243
42.020001168251035,-75.18095950395985,-75.18095950395985
42.03000116825104,-75.18040974120345,-75.18040974120345
42.04000116825104,-75.17986766493125,-75.17986766493125
42.050001168251036,-75.17933333954234,-75.17933333954234
42.060001168251034,-75.17880682797735,-75.17880682797735
42.07000116825104,-75.17828819177518,-75.17828819177518
42.08000116825104,-75.17777749105502,-75.17777749105502
42.090001168251035,-75.17727478457618,-75.17727478457618
42.10000116825104,-75.17678012972252,-75.17678012972252
42.11000116825104,-75.17629358253811,-75.17629358253811
42.12000116825104,-75.17581519774937,-75.17581519774937
42.130001168251034,-75.17534502878475,-75.17534502878475
42.14000116825104,-75.17488312778102,-75.17488312778102
42.15000116825104,-75.17442954560907,-75.17442954560907
42.160001168251036,-75.17398433190269,-75.17398433190269
42.17000116825104,-75.17354753505217,-75.17354753505217
42.18000116825104,-75.17311920224229,-75.17311920224229
42.19000116825104,-75.17269937946921,-75.17269937946921
42.200001168251035,-75.17228811154843,-75.17228811154843
42.21000116825104,-75.17188544213244,-75.17188544213244
42.22000116825104,-75.17149141373228,-75.17149141373228
42.230001168251036,-75.17110606774705,-75.17110606774705
42.24000116825104,-75.17072944444683,-75.17072944444683
42.25000116825104,-75.17036158302555,-75.17036158302555
42.26000116825104,-75.17000252159211,-75.17000252159211
42.270001168251035,-75.16965229717948,-75.16965229717948
42.28000116825104,-75.16931094580255,-75.16931094580255
42.29000116825104,-75.16897850244061,-75.16897850244061
42.300001168251036,-75.16865500104535,-75.16865500104535
42.310001168251034,-75.16834047456774,-75.16834047456774
42.32000116825104,-75.16803495499396,-75.16803495499396
42.33000116825104,-75.16773847331648,-75.16773847331648
42.340001168251035,-75.16745105958921,-75.16745105958921
42.35000116825104,-75.16717274292475,-75.16717274292475
42.36000116825104,-75.16690355148259,-75.16690355148259
42.37000116825104,-75.16664351254452,-75.16664351254452
42.380001168251034,-75.16639265246897,-75.16639265246897
42.39000116825104,-75.1661509967314,-75.1661509967314
42.40000116825104,-75.16591856994356,-75.16591856994356
42.410001168251036,-75.16569539585076,-75.16569539585076
42.42000116825104,-75.16548149734643,-75.16548149734643
42.43000116825104,-75.16527689650005,-75.16527689650005
42.44000116825104,-75.16508161455094,-75.16508161455094
42.450001168251035,-75.1648956719234,-75.1648956719234
42.46000116825104,-75.16471908826033,-75.16471908826033
42.47000116825104,-75.16455188241825,-75.16455188241825
42.480001168251036,-75.16439407247167,-75.16439407247167
42.49000116825104,-75.16424567573443,-75.16424567573443
42.500001192092896,-75.16410670844778,-75.16410670844778
42.51000119209289,-75.163977187125,-75.163977187125
42.5200011920929,-75.16385712650289,-75.16385712650289
42.5300011920929,-75.16374654097552,-75.16374654097552
42.540001192092895,-75.16364544421326,-75.16364544421326
42.55000119209289,-75.16355384921884,-75.16355384921884
42.5600011920929,-75.16347176827568,-75.16347176827568
42.570001192092896,-75.16339921302657,-75.16339921302657
42.580001192092894,-75.16333619443868,-75.16333619443868
42.5900011920929,-75.1632827228242,-75.1632827228242
42.6000011920929,-75.16323880785637,-75.16323880785637
42.610001192092895,-75.16320445857922,-75.16320445857922
42.62000119209289,-75.16317968340935,-75.16317968340935
42.6300011920929,-75.16316449014681,-75.16316449014681
42.640001192092896,-75.16315888599777,-75.16315888599777
42.650001192092894,-75.16316287756527,-75.16316287756527
42.66000119209289,-75.16317647087153,-75.16317647087153
42.6700011920929,-75.16319967136486,-75.16319967136486
42.680001192092895,-75.16323248392789,-75.16323248392789
42.69000119209289,-75.16327491288028,-75.16327491288028
42.7000011920929,-75.16332696199706,-75.16332696199706
42.710001192092896,-75.16338207944843,-75.16338207944843
42.720001192092894,-75.16343739916148,-75.16343739916148
42.73000119209289,-75.16349152767634,-75.16349152767634
42.7400011920929,-75.16354375270903,-75.16354375270903
42.750001192092896,-75.16359374125014,-75.16359374125014
42.76000119209289,-75.16364138275469,-75.16364138275469
42.7700011920929,-75.16368669727031,-75.16368669727031
42.7800011920929,-75.16372978022251,-75.16372978022251
42.790001192092895,-75.16377076922808,-75.16377076922808
42.80000119209289,-75.16380982416985,-75.16380982416985
42.8100011920929,-75.16384711532459,-75.16384711532459
42.820001192092896,-75.16388281642455,-75.16388281642455
42.830001192092894,-75.16391710061467,-75.16391710061467
42.8400011920929,-75.16395013831193,-75.16395013831193
42.8500011920929,-75.16398209609726,-75.16398209609726
42.860001192092895,-75.16401313626233,-75.16401313626233
42.87000119209289,-75.16404341679741,-75.16404341679741
42.8800011920929,-75.16407309150307,-75.16407309150307
42.890001192092896,-75.16410231024511,-75.16410231024511
42.900001192092894,-75.16413121927928,-75.16413121927928
42.91000119209289,-75.16415996154694,-75.16415996154694
42.9200011920929,-75.16418867697968,-75.16418867697968
42.930001192092895,-75.16421750275664,-75.16421750275664
42.94000119209289,-75.16424657356038,-75.16424657356038
42.9500011920929,-75.16427602180342,-75.16427602180342
42.960001192092896,-75.16430597777956,-75.16430597777956
42.970001192092894,-75.16433656984724,-75.16433656984724
42.98000119209289,-75.16436792456598,-75.16436792456598
42.9900011920929,-75.16440016679448,-75.16440016679448
43.000001192092896,-75.16443341981022,-75.16443341981022
43.01000119209289,-75.16446780536232,-75.16446780536232
43.0200011920929,-75.16450344374188,-75.16450344374188
43.0300011920929,-75.16454045385277,-75.16454045385277
43.040001192092895,-75.16457895323647,-75.16457895323647
43.05000119209289,-75.16461905811134,-75.16461905811134
43.0600011920929,-75.16466088341815,-75.16466088341815
43.070001192092896,-75.16470454279718,-75.16470454279718
43.080001192092894,-75.16475014865601,-75.16475014865601
43.0900011920929,-75.16479781215268,-75.16479781215268
43.1000011920929,-75.16484764319846,-75.16484764319846
43.110001192092895,-75.16489975049224,-75.16489975049224
43.12000119209289,-75.1649542415035,-75.1649542415035
43.1300011920929,-75.1650112224714,-75.1650112224714
43.140001192092896,-75.16507079842181,-75.16507079842181
43.150001192092894,-75.16513307315707,-75.16513307315707
43.16000119209289,-75.16519814925869,-75.16519814925869
43.1700011920929,-75.16526612808258,-75.16526612808258
43.180001192092895,-75.1653371097486,-75.1653371097486
43.19000119209289,-75.1654111931494,-75.1654111931494
43.2000011920929,-75.16548847595637,-75.16548847595637
43.210001192092896,-75.16556249923202,-75.16556249923202
43.220001192092894,-75.16563048919005,-75.16563048919005
43.23000119209289,-75.16569114393478,-75.16569114393478
43.2400011920929,-75.1657438420633,-75.1657438420633
43.250001192092896,-75.16578834071657,-75.16578834071657
43.26000119209289,-75.16582461880658,-75.16582461880658
43.2700011920929,-75.165852785101,-75.165852785101
43.2800011920929,-75.16587302305275,-75.16587302305275
43.290001192092895,-75.16588555756026,-75.16588555756026
43.30000119209289,-75.1658906350695,-75.1658906350695
43.3100011920929,-75.16588851168832,-75.16588851168832
43.320001192092896,-75.16587944620744,-75.16587944620744
43.330001192092894,-75.16586369611841,-75.16586369611841
43.3400011920929,-75.16584151540096,-75.16584151540096
43.35000121593475,-75.16581315336549,-75.16581315336549
43.36000121593475,-75.16577885444597,-75.16577885444597
43.37000121593476,-75.16573885782142,-75.16573885782142
43.380001215934755,-75.16569339773326,-75.16569339773326
43.39000121593475,-75.16564270372281,-75.16564270372281
43.40000121593475,-75.16558700090263,-75.16558700090263
43.410001215934756,-75.16552651027665,-75.16552651027665
43.420001215934754,-75.16546144903096,-75.16546144903096
43.43000121593475,-75.16539203079647,-75.16539203079647
43.44000121593476,-75.16531846589996,-75.16531846589996
43.450001215934755,-75.16524096157104,-75.16524096157104
43.46000121593475,-75.1651597221232,-75.1651597221232
43.47000121593475,-75.16507494912734,-75.16507494912734
43.480001215934756,-75.16498684153301,-75.16498684153301
43.490001215934754,-75.16489559578092,-75.16489559578092
43.50000121593475,-75.1648014059177,-75.1648014059177
43.51000121593475,-75.16470446365172,-75.16470446365172
43.520001215934755,-75.1646049584297,-75.1646049584297
43.53000121593475,-75.16450307750141,-75.16450307750141
43.54000121593475,-75.16439900595788,-75.16439900595788
43.550001215934756,-75.16429292675133,-75.16429292675133
43.560001215934754,-75.16418502076576,-75.16418502076576
43.57000121593475,-75.16407546680448,-75.16407546680448
43.58000121593475,-75.1639644416222,-75.1639644416222
43.590001215934755,-75.16385211995325,-75.16385211995325
43.60000121593475,-75.16373867450093,-75.16373867450093
43.61000121593475,-75.16362427597475,-75.16362427597475
43.62000121593476,-75.16350909307147,-75.16350909307147
43.630001215934755,-75.16339329250854,-75.16339329250854
43.64000121593475,-75.16327703901726,-75.16327703901726
43.65000121593475,-75.1631604953326,-75.1631604953326
43.660001215934756,-75.16304382222143,-75.16304382222143
43.670001215934754,-75.16292717847809,-75.16292717847809
43.68000121593475,-75.16281072093273,-75.16281072093273
43.69000121593476,-75.16269460443223,-75.16269460443223
43.700001215934755,-75.16257898187489,-75.16257898187489
43.71000121593475,-75.16246400419445,-75.16246400419445
43.72000121593475,-75.16234982035915,-75.16234982035915
43.730001215934756,-75.16223657740098,-75.16223657740098
43.740001215934754,-75.16212442038304,-75.16212442038304
43.75000121593475,-75.16201349243833,-75.16201349243833
43.76000121593475,-75.16190393476347,-75.16190393476347
43.770001215934755,-75.16179588662767,-75.16179588662767
43.78000121593475,-75.16168948535436,-75.16168948535436
43.79000121593475,-75.16158486636355,-75.16158486636355
43.800001215934756,-75.16148216315996,-75.16148216315996
43.810001215934754,-75.16138150733055,-75.16138150733055
43.82000121593475,-75.16128302858822,-75.16128302858822
43.83000121593475,-75.16118685472793,-75.16118685472793
43.840001215934755,-75.1610931116946,-75.1610931116946
43.85000121593475,-75.16100192353915,-75.16100192353915
43.86000121593475,-75.1609134124686,-75.1609134124686
43.87000121593476,-75.16082769882782,-75.16082769882782
43.880001215934755,-75.16074490113297,-75.16074490113297
43.89000121593475,-75.16066513605954,-75.16066513605954
43.90000121593475,-75.16058851847356,-75.16058851847356
43.910001215934756,-75.16051516143428,-75.16051516143428
43.920001215934754,-75.16044517621444,-75.16044517621444
43.93000121593475,-75.1603786722986,-75.1603786722986
43.94000121593476,-75.16031575740017,-75.16031575740017
43.950001215934755,-75.16025653748918,-75.16025653748918
43.96000121593475,-75.16019456229441,-75.16019456229441
43.97000121593475,-75.16012706595309,-75.16012706595309
43.980001215934756,-75.16005275390147,-75.16005275390147
43.990001215934754,-75.15997101153836,-75.15997101153836
44.00000121593475,-75.15988160231443,-75.15988160231443
44.01000121593475,-75.1597845109931,-75.1597845109931
44.020001215934755,-75.15967985177225,-75.15967985177225
44.03000121593475,-75.15956781309026,-75.15956781309026
44.04000121593475,-75.15944862445349,-75.15944862445349
44.050001215934756,-75.1593225365336,-75.1593225365336
44.060001215934754,-75.1591898092927,-75.1591898092927
44.07000121593475,-75.15905070502933,-75.15905070502933
44.08000121593475,-75.15890548440059,-75.15890548440059
44.090001215934755,-75.15875440423062,-75.15875440423062
44.10000121593475,-75.15859771642285,-75.15859771642285
44.11000121593475,-75.15843566755187,-75.15843566755187
44.12000121593476,-75.15826849878886,-75.15826849878886
44.130001215934755,-75.1580964460706,-75.1580964460706
44.14000121593475,-75.15791974034958,-75.15791974034958
44.15000121593475,-75.15773860792454,-75.15773860792454
44.160001215934756,-75.15755327073998,-75.15755327073998
44.170001215934754,-75.15736394668872,-75.15736394668872
44.18000121593475,-75.15717084990327,-75.15717084990327
44.19000121593476,-75.15697419101852,-75.15697419101852
44.20000123977661,-75.15677417687859,-75.15677417687859
44.21000123977661,-75.15657101265238,-75.15657101265238
44.220001239776614,-75.1563648991856,-75.1563648991856
44.23000123977661,-75.15615603499465,-75.15615603499465
44.24000123977661,-75.1559446159329,-75.1559446159329
44.25000123977661,-75.15573083529397,-75.15573083529397
44.260001239776614,-75.1555148839092,-75.1555148839092
44.27000123977661,-75.15529695020248,-75.15529695020248
44.28000123977661,-75.15507722026638,-75.15507722026638
44.290001239776615,-75.1548558779145,-75.1548558779145
44.30000123977661,-75.15463310472869,-75.15463310472869
44.31000123977661,-75.15440908008453,-75.15440908008453
44.32000123977661,-75.15418398118422,-75.15418398118422
44.330001239776614,-75.15395798309433,-75.15395798309433
44.34000123977661,-75.15373125874457,-75.15373125874457
44.35000123977661,-75.15350397898813,-75.15350397898813
44.36000123977661,-75.15327631256372,-75.15327631256372
44.37000123977661,-75.15304842615471,-75.15304842615471
44.38000123977661,-75.15282048437288,-75.15282048437288
44.39000123977661,-75.15259264977612,-75.15259264977612
44.400001239776614,-75.15236508288365,-75.15236508288365
44.41000123977661,-75.15213794218354,-75.15213794218354
44.42000123977661,-75.1519113841353,-75.1519113841353
44.43000123977661,-75.1516855631727,-75.1516855631727
44.44000123977661,-75.15146063172071,-75.15146063172071
44.45000123977661,-75.15123674020361,-75.15123674020361
44.46000123977661,-75.15101403703842,-75.15101403703842
44.470001239776614,-75.15079266865601,-75.15079266865601
44.48000123977661,-75.15057277950525,-75.15057277950525
44.49000123977661,-75.1503545120482,-75.1503545120482
44.50000123977661,-75.15013800679013,-75.15013800679013
44.510001239776614,-75.14992340226172,-75.14992340226172
44.52000123977661,-75.1497108350498,-75.1497108350498
44.53000123977661,-75.1495004397946,-75.1495004397946
44.540001239776615,-75.14929234919919,-75.14929234919919
44.55000123977661,-75.14908669403346,-75.14908669403346
44.56000123977661,-75.14888360316085,-75.14888360316085
44.57000123977661,-75.14868320353452,-75.14868320353452
44.580001239776614,-75.14848562020671,-75.14848562020671
44.59000123977661,-75.1482909763525,-75.1482909763525
44.60000123977661,-75.14809939326086,-75.14809939326086
44.61000123977661,-75.14791099036789,-75.14791099036789
44.62000123977661,-75.14772588524954,-75.14772588524954
44.63000123977661,-75.14754419365222,-75.14754419365222
44.64000123977661,-75.14736602948669,-75.14736602948669
44.650001239776614,-75.147191504854,-75.147191504854
44.66000123977661,-75.14702073005651,-75.14702073005651
44.67000123977661,-75.14685381360682,-75.14685381360682
44.68000123977661,-75.14669086223994,-75.14669086223994
44.69000123977661,-75.14653198093221,-75.14653198093221
44.70000123977661,-75.1463772729243,-75.1463772729243
44.71000123977661,-75.1462268397135,-75.1462268397135
44.720001239776614,-75.14608078108749,-75.14608078108749
44.73000123977661,-75.14593919512737,-75.14593919512737
44.74000123977661,-75.14580217822548,-75.14580217822548
44.75000123977661,-75.14566982510794,-75.14566982510794
44.760001239776614,-75.14554222884213,-75.14554222884213
44.77000123977661,-75.14541948085294,-75.14541948085294
44.78000123977661,-75.14530167093233,-75.14530167093233
44.790001239776615,-75.14518888727861,-75.14518888727861
44.80000123977661,-75.14508121648161,-75.14508121648161
44.81000123977661,-75.1449787435577,-75.1449787435577
44.82000123977661,-75.14488155196698,-75.14488155196698
44.830001239776614,-75.14478972360614,-75.14478972360614
44.84000123977661,-75.14470333885346,-75.14470333885346
44.85000123977661,-75.14462247656769,-75.14462247656769
44.86000123977661,-75.1445472141129,-75.1445472141129
44.87000123977661,-75.14447762736452,-75.14447762736452
44.88000123977661,-75.14441379073347,-75.14441379073347
44.89000123977661,-75.14435577718685,-75.14435577718685
44.900001239776614,-75.1443036582488,-75.1443036582488
44.91000123977661,-75.14425750403534,-75.14425750403534
44.92000123977661,-75.14421738325169,-75.14421738325169
44.93000123977661,-75.14418336322036,-75.14418336322036
44.94000123977661,-75.1441555098878,-75.1441555098878
44.95000123977661,-75.14413388785908,-75.14413388785908
44.96000123977661,-75.14411200721347,-75.14411200721347
44.970001239776614,-75.14408706207722,-75.14408706207722
44.98000123977661,-75.1440577179874,-75.1440577179874
44.99000123977661,-75.14402332070797,-75.14402332070797
45.00000123977661,-75.14398359440072,-75.14398359440072
45.010001239776614,-75.14393848487272,-75.14393848487272
45.02000123977661,-75.14388806775906,-75.14388806775906
45.03000123977661,-75.14383249332046,-75.14383249332046
45.040001239776615,-75.14377195326385,-75.14377195326385
45.05000126361847,-75.14370666071551,-75.14370666071551
45.06000126361847,-75.14363683892333,-75.14363683892333
45.07000126361847,-75.14356271346028,-75.14356271346028
45.08000126361847,-75.14348450876378,-75.14348450876378
45.09000126361847,-75.14340244586369,-75.14340244586369
45.100001263618466,-75.14331674127429,-75.14331674127429
45.11000126361847,-75.14322760655601,-75.14322760655601
45.12000126361847,-75.14313524828381,-75.14313524828381
45.13000126361847,-75.1430398681888,-75.1430398681888
45.14000126361847,-75.14294166343312,-75.14294166343312
45.15000126361847,-75.14284082691624,-75.14284082691624
45.16000126361847,-75.14273754756233,-75.14273754756233
45.17000126361847,-75.1426320106778,-75.1426320106778
45.18000126361847,-75.14252439818294,-75.14252439818294
45.19000126361847,-75.14241488887609,-75.14241488887609
45.20000126361847,-75.1423036586612,-75.1423036586612
45.210001263618466,-75.14219088074617,-75.14219088074617
45.22000126361847,-75.14207672576875,-75.14207672576875
45.23000126361847,-75.14196136199531,-75.14196136199531
45.24000126361847,-75.14184495540752,-75.14184495540752
45.25000126361847,-75.14172766979463,-75.14172766979463
45.26000126361847,-75.1416096668684,-75.1416096668684
45.27000126361847,-75.14149110631485,-75.14149110631485
45.280001263618466,-75.14137214585458,-75.14137214585458
45.29000126361847,-75.1412529413118,-75.1412529413118
45.30000126361847,-75.14113364663822,-75.14113364663822
45.31000126361847,-75.14101441393444,-75.14101441393444
45.32000126361847,-75.14089539350644,-75.14089539350644
45.33000126361847,-75.1407767338853,-75.1407767338853
45.34000126361847,-75.14065858182056,-75.14065858182056
45.350001263618466,-75.1405410823135,-75.1405410823135
45.36000126361847,-75.1404243786299,-75.1404243786299
45.37000126361847,-75.1403086123177,-75.1403086123177
45.38000126361847,-75.1401939231972,-75.1401939231972
45.39000126361847,-75.14008044937593,-75.14008044937593
45.40000126361847,-75.13996832726181,-75.13996832726181
45.41000126361847,-75.13985769155447,-75.13985769155447
45.42000126361847,-75.13974867526105,-75.13974867526105
45.43000126361847,-75.13964140970971,-75.13964140970971
45.44000126361847,-75.13953602450857,-75.13953602450857
45.45000126361847,-75.13943264761095,-75.13943264761095
45.460001263618466,-75.13933140527881,-75.13933140527881
45.47000126361847,-75.13923242209344,-75.13923242209344
45.48000126361847,-75.13913582095775,-75.13913582095775
45.49000126361847,-75.13904172311179,-75.13904172311179
45.50000126361847,-75.13895024812756,-75.13895024812756
45.51000126361847,-75.13886151391833,-75.13886151391833
45.52000126361847,-75.13877563674136,-75.13877563674136
45.530001263618466,-75.1386927311905,-75.1386927311905
45.54000126361847,-75.13861291022572,-75.13861291022572
45.55000126361847,-75.1385362851624,-75.1385362851624
45.56000126361847,-75.138462965683,-75.138462965683
45.57000126361847,-75.13839305984591,-75.13839305984591
45.58000126361847,-75.13832667408246,-75.13832667408246
45.59000126361847,-75.13826391321935,-75.13826391321935
45.600001263618466,-75.13820488047176,-75.13820488047176
45.61000126361847,-75.13814967745463,-75.13814967745463
45.62000126361847,-75.13809840420748,-75.13809840420748
45.63000126361847,-75.13805115918692,-75.13805115918692
45.64000126361847,-75.13800803927339,-75.13800803927339
45.65000126361847,-75.13796913978418,-75.13796913978418
45.66000126361847,-75.13793455449682,-75.13793455449682
45.67000126361847,-75.13790437565048,-75.13790437565048
45.68000126361847,-75.1378786939432,-75.1378786939432
45.69000126361847,-75.13785759855783,-75.13785759855783
45.70000126361847,-75.13784117716851,-75.13784117716851
45.710001263618466,-75.13782951596485,-75.13782951596485
45.72000126361847,-75.13782269962086,-75.13782269962086
45.73000126361847,-75.13782081137848,-75.13782081137848
45.74000126361847,-75.13782393299023,-75.13782393299023
45.75000126361847,-75.13783214475892,-75.13783214475892
45.76000126361847,-75.13784552556062,-75.13784552556062
45.77000126361847,-75.13786415284225,-75.13786415284225
45.780001263618466,-75.13788810264198,-75.13788810264198
45.79000126361847,-75.1379174495906,-75.1379174495906
45.80000126361847,-75.1379522669442,-75.1379522669442
45.81000126361847,-75.13799262657722,-75.13799262657722
45.82000126361847,-75.13803859899768,-75.13803859899768
45.83000126361847,-75.13809025338172,-75.13809025338172
45.84000126361847,-75.13814765755743,-75.13814765755743
45.850001263618466,-75.1382108780435,-75.1382108780435
45.86000126361847,-75.13827998005998,-75.13827998005998
45.87000126361847,-75.13835502750015,-75.13835502750015
45.88000126361847,-75.13843608300726,-75.13843608300726
45.89000126361847,-75.13852320795483,-75.13852320795483
45.90000128746033,-75.13861646266238,-75.13861646266238
45.910001287460325,-75.138715905596,-75.138715905596
45.92000128746033,-75.13882159459446,-75.13882159459446
45.93000128746033,-75.13893358609718,-75.13893358609718
45.940001287460326,-75.1390519353561,-75.1390519353561
45.950001287460324,-75.13917669641313,-75.13917669641313
45.96000128746033,-75.13930792214947,-75.13930792214947
45.97000128746033,-75.13944566429626,-75.13944566429626
45.980001287460325,-75.13958997343529,-75.13958997343529
45.99000128746033,-75.13974089901134,-75.13974089901134
46.00000128746033,-75.13989848936272,-75.13989848936272
46.01000128746033,-75.14006279171494,-75.14006279171494
46.020001287460325,-75.14023385221428,-75.14023385221428
46.03000128746033,-75.14041171592089,-75.14041171592089
46.04000128746033,-75.14059642682464,-75.14059642682464
46.050001287460326,-75.14078802788144,-75.14078802788144
46.060001287460324,-75.14098656100293,-75.14098656100293
46.07000128746033,-75.14119206706802,-75.14119206706802
46.08000128746033,-75.14140458595426,-75.14140458595426
46.090001287460325,-75.14162415654414,-75.14162415654414
46.10000128746033,-75.1418508167211,-75.1418508167211
46.11000128746033,-75.14208460340814,-75.14208460340814
46.120001287460326,-75.1423255525556,-75.1423255525556
46.130001287460324,-75.14257369917904,-75.14257369917904
46.14000128746033,-75.14282907734861,-75.14282907734861
46.15000128746033,-75.14309172021756,-75.14309172021756
46.160001287460325,-75.1433616600237,-75.1433616600237
46.17000128746033,-75.14363892811554,-75.14363892811554
46.18000128746033,-75.14392355493835,-75.14392355493835
46.190001287460326,-75.14421557008261,-75.14421557008261
46.200001287460324,-75.14451500226942,-75.14451500226942
46.21000128746033,-75.14481532507476,-75.14481532507476
46.22000128746033,-75.1451136965116,-75.1451136965116
46.230001287460325,-75.14540874650766,-75.14540874650766
46.24000128746033,-75.14569978570373,-75.14569978570373
46.25000128746033,-75.14598650362055,-75.14598650362055
46.26000128746033,-75.14626881194513,-75.14626881194513
46.270001287460325,-75.14654675267317,-75.14654675267317
46.28000128746033,-75.1468204429362,-75.1468204429362
46.29000128746033,-75.14709004179745,-75.14709004179745
46.300001287460326,-75.14735573037815,-75.14735573037815
46.310001287460324,-75.14761769997284,-75.14761769997284
46.32000128746033,-75.14787614511593,-75.14787614511593
46.33000128746033,-75.1481312595422,-75.1481312595422
46.340001287460325,-75.14838323404668,-75.14838323404668
46.35000128746033,-75.14863225537525,-75.14863225537525
46.36000128746033,-75.14887850577821,-75.14887850577821
46.370001287460326,-75.14912216297593,-75.14912216297593
46.380001287460324,-75.14936340028908,-75.14936340028908
46.39000128746033,-75.14960238690824,-75.14960238690824
46.40000128746033,-75.1498392881751,-75.1498392881751
46.410001287460325,-75.15007426593515,-75.15007426593515
46.42000128746033,-75.15030747878599,-75.15030747878599
46.43000128746033,-75.15053908237009,-75.15053908237009
46.440001287460326,-75.1507692296266,-75.1507692296266
46.450001287460324,-75.15099807099382,-75.15099807099382
46.46000128746033,-75.1512257546028,-75.1512257546028
46.47000128746033,-75.15145242643734,-75.15145242643734
46.480001287460325,-75.15167823046639,-75.15167823046639
46.49000128746033,-75.151903308775,-75.151903308775
46.50000128746033,-75.15212780163422,-75.15212780163422
46.51000128746033,-75.15235184759294,-75.15235184759294
46.520001287460325,-75.15257558356237,-75.15257558356237
46.53000128746033,-75.15279914484479,-75.15279914484479
46.54000128746033,-75.15302266519568,-75.15302266519568
46.550001287460326,-75.15324627684527,-75.15324627684527
46.560001287460324,-75.15347011054003,-75.15347011054003
46.57000128746033,-75.15369429556789,-75.15369429556789
46.58000128746033,-75.15391895977528,-75.15391895977528
46.590001287460325,-75.15414422956484,-75.15414422956484
46.60000128746033,-75.15437022992249,-75.15437022992249
46.61000128746033,-75.15459708442991,-75.15459708442991
46.620001287460326,-75.15482491524853,-75.15482491524853
46.630001287460324,-75.15505384315448,-75.15505384315448
46.64000128746033,-75.15528398752113,-75.15528398752113
46.65000128746033,-75.15551546631158,-75.15551546631158
46.660001287460325,-75.15574839611271,-75.15574839611271
46.67000128746033,-75.15598289209304,-75.15598289209304
46.68000128746033,-75.15621906803803,-75.15621906803803
46.690001287460326,-75.15645703634172,-75.15645703634172
46.700001287460324,-75.15669690798633,-75.15669690798633
46.71000128746033,-75.15693879256021,-75.15693879256021
46.72000128746033,-75.1571827982663,-75.1571827982663
46.730001287460325,-75.15742903189047,-75.15742903189047
46.74000128746033,-75.15767759883342,-75.15767759883342
46.750001311302185,-75.15792860369976,-75.15792860369976
46.76000131130218,-75.15818214789178,-75.15818214789178
46.77000131130219,-75.15843833321792,-75.15843833321792
46.780001311302186,-75.15869725948251,-75.15869725948251
46.790001311302184,-75.1589590251185,-75.1589590251185
46.80000131130218,-75.1592237271462,-75.1592237271462
46.81000131130219,-75.15949146121243,-75.15949146121243
46.820001311302185,-75.15976232157469,-75.15976232157469
46.83000131130218,-75.16003640111478,-75.16003640111478
46.84000131130219,-75.16031379133865,-75.16031379133865
46.85000131130219,-75.16059458237342,-75.16059458237342
46.860001311302184,-75.16087886298317,-75.16087886298317
46.87000131130218,-75.16116672057616,-75.16116672057616
46.88000131130219,-75.16145824119556,-75.16145824119556
46.890001311302186,-75.16175350954185,-75.16175350954185
46.900001311302184,-75.16205260895998,-75.16205260895998
46.91000131130218,-75.16235562146791,-75.16235562146791
46.92000131130219,-75.16266262776108,-75.16266262776108
46.930001311302185,-75.16297370719653,-75.16297370719653
46.94000131130218,-75.16328893782182,-75.16328893782182
46.95000131130219,-75.16360839638524,-75.16360839638524
46.960001311302186,-75.163932158333,-75.163932158333
46.970001311302184,-75.16426029782446,-75.16426029782446
46.98000131130218,-75.16459288772903,-75.16459288772903
46.99000131130219,-75.16492999964201,-75.16492999964201
47.000001311302185,-75.16527170393069,-75.16527170393069
47.01000131130218,-75.1656180696603,-75.1656180696603
47.02000131130219,-75.16596916468514,-75.16596916468514
47.030001311302186,-75.16632505562545,-75.16632505562545
47.040001311302184,-75.16668580786133,-75.16668580786133
47.05000131130218,-75.16705148557695,-75.16705148557695
47.06000131130219,-75.16742215174519,-75.16742215174519
47.070001311302185,-75.16779786815853,-75.16779786815853
47.08000131130218,-75.16817869542197,-75.16817869542197
47.09000131130219,-75.16856469296494,-75.16856469296494
47.10000131130219,-75.16895591905755,-75.16895591905755
47.110001311302184,-75.16935243084049,-75.16935243084049
47.12000131130218,-75.16975428429811,-75.16975428429811
47.13000131130219,-75.17016153429469,-75.17016153429469
47.140001311302186,-75.1705742345837,-75.1705742345837
47.150001311302184,-75.1709924378116,-75.1709924378116
47.16000131130218,-75.17141619554648,-75.17141619554648
47.17000131130219,-75.17184555825577,-75.17184555825577
47.180001311302185,-75.17228057534723,-75.17228057534723
47.19000131130218,-75.17272129517649,-75.17272129517649
47.20000131130219,-75.17316776504812,-75.17316776504812
47.210001311302186,-75.17362003123601,-75.17362003123601
47.220001311302184,-75.17407813898072,-75.17407813898072
47.23000131130218,-75.17454213253467,-75.17454213253467
47.24000131130219,-75.17501205512892,-75.17501205512892
47.250001311302185,-75.175487949012,-75.175487949012
47.26000131130218,-75.17596985546635,-75.17596985546635
47.27000131130219,-75.17645781479479,-75.17645781479479
47.280001311302186,-75.1769518663576,-75.1769518663576
47.290001311302184,-75.17745204856932,-75.17745204856932
47.30000131130218,-75.17795839891234,-75.17795839891234
47.31000131130219,-75.17847095394723,-75.17847095394723
47.320001311302185,-75.17898974933381,-75.17898974933381
47.33000131130218,-75.17951481983249,-75.17951481983249
47.34000131130219,-75.18004619931311,-75.18004619931311
47.35000131130219,-75.18058392077425,-75.18058392077425
47.360001311302184,-75.1811280163552,-75.1811280163552
47.37000131130218,-75.18167851733975,-75.18167851733975
47.38000131130219,-75.18223545416176,-75.18223545416176
47.390001311302186,-75.18279885643953,-75.18279885643953
47.400001311302184,-75.18336875296613,-75.18336875296613
47.41000131130218,-75.18394517171423,-75.18394517171423
47.42000131130219,-75.18452813987125,-75.18452813987125
47.430001311302185,-75.18511768384218,-75.18511768384218
47.44000131130218,-75.18571382923713,-75.18571382923713
47.45000131130219,-75.18631660091258,-75.18631660091258
47.460001311302186,-75.18691946388691,-75.18691946388691
47.470001311302184,-75.18751956952889,-75.18751956952889
47.48000131130218,-75.18811554200218,-75.18811554200218
47.49000131130219,-75.18870668666217,-75.18870668666217
47.500001311302185,-75.18929268805452,-75.18929268805452
47.51000131130218,-75.18987345315634,-75.18987345315634
47.52000131130219,-75.19044901943431,-75.19044901943431
47.530001311302186,-75.19101949968007,-75.19101949968007
47.540001311302184,-75.19158504882965,-75.19158504882965
47.55000131130218,-75.19214584400143,-75.19214584400143
47.56000131130219,-75.19270207268545,-75.19270207268545
47.570001311302185,-75.19325392573194,-75.19325392573194
47.58000131130218,-75.1938015933651,-75.1938015933651
47.59000131130219,-75.19434526300172,-75.19434526300172
47.60000133514404,-75.19488511943344,-75.19488511943344
47.61000133514404,-75.19542133923312,-75.19542133923312
47.620001335144046,-75.195954098435,-75.195954098435
47.630001335144044,-75.19648356751009,-75.19648356751009
47.64000133514404,-75.19700991291829,-75.19700991291829
47.65000133514404,-75.19753329739184,-75.19753329739184
47.660001335144045,-75.19805388024017,-75.19805388024017
47.67000133514404,-75.1985718176782,-75.1985718176782
47.68000133514404,-75.19908726304756,-75.19908726304756
47.690001335144046,-75.19960036708723,-75.19960036708723
47.700001335144044,-75.20011127813815,-75.20011127813815
47.71000133514404,-75.20062014232869,-75.20062014232869
47.72000133514404,-75.20112710372831,-75.20112710372831
47.730001335144046,-75.20163230448307,-75.20163230448307
47.74000133514404,-75.20213588493287,-75.20213588493287
47.75000133514404,-75.20263798368967,-75.20263798368967
47.76000133514404,-75.20313873774346,-75.20313873774346
47.770001335144045,-75.20363828249255,-75.20363828249255
47.78000133514404,-75.20413675183404,-75.20413675183404
47.79000133514404,-75.2046342781799,-75.2046342781799
47.800001335144046,-75.20513099249474,-75.20513099249474
47.810001335144044,-75.20562702433261,-75.20562702433261
47.82000133514404,-75.20612250185181,-75.20612250185181
47.83000133514404,-75.20661755183494,-75.20661755183494
47.840001335144045,-75.20711229970297,-75.20711229970297
47.85000133514404,-75.20760686952016,-75.20760686952016
47.86000133514404,-75.20810138400445,-75.20810138400445
47.870001335144046,-75.20859596452482,-75.20859596452482
47.880001335144044,-75.20909073111376,-75.20909073111376
47.89000133514404,-75.20958580246455,-75.20958580246455
47.90000133514404,-75.21008129592715,-75.21008129592715
47.910001335144045,-75.21057732751856,-75.21057732751856
47.92000133514404,-75.21107401191607,-75.21107401191607
47.93000133514404,-75.21157146244889,-75.21157146244889
47.940001335144046,-75.2120697911078,-75.2120697911078
47.950001335144044,-75.21256910853185,-75.21256910853185
47.96000133514404,-75.21306296293825,-75.21306296293825
47.97000133514404,-75.21354858952522,-75.21354858952522
47.980001335144046,-75.21402469617323,-75.21402469617323
47.99000133514404,-75.21449067154083,-75.21449067154083
48.00000133514404,-75.21494628299338,-75.21494628299338
48.01000133514404,-75.21539151975135,-75.21539151975135
48.020001335144045,-75.21582650095563,-75.21582650095563
48.03000133514404,-75.21625142044017,-75.21625142044017
48.04000133514404,-75.21666651355986,-75.21666651355986
48.050001335144046,-75.21707203720563,-75.21707203720563
48.060001335144044,-75.21746825799576,-75.21746825799576
48.07000133514404,-75.21785544521279,-75.21785544521279
48.08000133514404,-75.21823386686546,-75.21823386686546
48.090001335144045,-75.21860378745635,-75.21860378745635
48.10000133514404,-75.21896546687262,-75.21896546687262
48.11000133514404,-75.21931915996427,-75.21931915996427
48.120001335144046,-75.21966511645375,-75.21966511645375
48.130001335144044,-75.22000358108065,-75.22000358108065
48.14000133514404,-75.2203347938429,-75.2203347938429
48.15000133514404,-75.22065899030986,-75.22065899030986
48.160001335144045,-75.2209764018885,-75.2209764018885
48.17000133514404,-75.22128725615381,-75.22128725615381
48.18000133514404,-75.22159177708178,-75.22159177708178
48.190001335144046,-75.22189018531509,-75.22189018531509
48.200001335144044,-75.2221826983508,-75.2221826983508
48.21000133514404,-75.22246953072454,-75.22246953072454
48.22000133514404,-75.22275089418913,-75.22275089418913
48.230001335144046,-75.2230269978144,-75.2230269978144
48.24000133514404,-75.22329804814626,-75.22329804814626
48.25000133514404,-75.22356424923811,-75.22356424923811
48.26000133514404,-75.22382580279537,-75.22382580279537
48.270001335144045,-75.22408290818362,-75.22408290818362
48.28000133514404,-75.22433576253562,-75.22433576253562
48.29000133514404,-75.22458456074583,-75.22458456074583
48.300001335144046,-75.22482949554599,-75.22482949554599
48.310001335144044,-75.22507075752378,-75.22507075752378
48.32000133514404,-75.22530853511715,-75.22530853511715
48.33000133514404,-75.22554301469287,-75.22554301469287
48.340001335144045,-75.22577438051282,-75.22577438051282
48.35000133514404,-75.22600281475488,-75.22600281475488
48.36000133514404,-75.22622849755325,-75.22622849755325
48.370001335144046,-75.22645160696787,-75.22645160696787
48.380001335144044,-75.2266723190081,-75.2266723190081
48.39000133514404,-75.22689080764783,-75.22689080764783
48.40000133514404,-75.2271072448148,-75.2271072448148
48.410001335144045,-75.22732180040224,-75.22732180040224
48.42000133514404,-75.22753464227809,-75.22753464227809
48.43000133514404,-75.22774593626397,-75.22774593626397
48.440001335144046,-75.22795584616517,-75.22795584616517
48.4500013589859,-75.2281645342698,-75.2281645342698
48.4600013589859,-75.22837215934211,-75.22837215934211
48.470001358985904,-75.22857887963207,-75.22857887963207
48.4800013589859,-75.22878485088768,-75.22878485088768
48.4900013589859,-75.22899022682768,-75.22899022682768
48.5000013589859,-75.22919515918804,-75.22919515918804
48.5100013589859,-75.22939979772052,-75.22939979772052
48.5200013589859,-75.2296042901616,-75.2296042901616
48.5300013589859,-75.22980878227948,-75.22980878227948
48.540001358985904,-75.23001341786052,-75.23001341786052
48.5500013589859,-75.23021833872419,-75.23021833872419
48.5600013589859,-75.23042368472883,-75.23042368472883
48.5700013589859,-75.2306295937821,-75.2306295937821
48.5800013589859,-75.23083620184009,-75.23083620184009
48.5900013589859,-75.23104364293036,-75.23104364293036
48.6000013589859,-75.23125204915729,-75.23125204915729
48.6100013589859,-75.2314615507033,-75.2314615507033
48.6200013589859,-75.23167227585724,-75.23167227585724
48.6300013589859,-75.23188435099863,-75.23188435099863
48.6400013589859,-75.23209790063433,-75.23209790063433
48.650001358985904,-75.23231304741245,-75.23231304741245
48.6600013589859,-75.23252991210155,-75.23252991210155
48.6700013589859,-75.23274861362962,-75.23274861362962
48.6800013589859,-75.23296926911264,-75.23296926911264
48.6900013589859,-75.2331919938222,-75.2331919938222
48.7000013589859,-75.23341690124018,-75.23341690124018
48.7100013589859,-75.23364410304539,-75.23364410304539
48.720001358985904,-75.23387370914473,-75.23387370914473
48.7300013589859,-75.23410582767977,-75.23410582767977
48.7400013589859,-75.23434056505701,-75.23434056505701
48.7500013589859,-75.23457802592377,-75.23457802592377
48.7600013589859,-75.23481831322688,-75.23481831322688
48.7700013589859,-75.23506152819489,-75.23506152819489
48.7800013589859,-75.23530777038414,-75.23530777038414
48.790001358985904,-75.23555713766413,-75.23555713766413
48.8000013589859,-75.23580972625233,-75.23580972625233
48.8100013589859,-75.23606563072728,-75.23606563072728
48.8200013589859,-75.23632494403377,-75.23632494403377
48.8300013589859,-75.236587757509,-75.236587757509
48.8400013589859,-75.23685416090063,-75.23685416090063
48.8500013589859,-75.23712424236439,-75.23712424236439
48.8600013589859,-75.23739808851474,-75.23739808851474
48.8700013589859,-75.23767578440348,-75.23767578440348
48.8800013589859,-75.23795741356278,-75.23795741356278
48.8900013589859,-75.2382430580081,-75.2382430580081
48.900001358985904,-75.2385327982565,-75.2385327982565
48.9100013589859,-75.23882671334773,-75.23882671334773
48.9200013589859,-75.23912488085602,-75.23912488085602
48.9300013589859,-75.23942737690504,-75.23942737690504
48.9400013589859,-75.23973427619192,-75.23973427619192
48.9500013589859,-75.2400456519988,-75.2400456519988
48.9600013589859,-75.24035501324708,-75.24035501324708
48.970001358985904,-75.24065955718646,-75.24065955718646
48.9800013589859,-75.24095795423817,-75.24095795423817
48.9900013589859,-75.24124955585913,-75.24124955585913
49.0000013589859,-75.24153409232844,-75.24153409232844
49.0100013589859,-75.24181151585854,-75.24181151585854
49.0200013589859,-75.24208190865795,-75.24208190865795
49.0300013589859,-75.24234542766882,-75.24234542766882
49.040001358985904,-75.24260227141671,-75.24260227141671
49.0500013589859,-75.24285266004398,-75.24285266004398
49.0600013589859,-75.24309682344791,-75.24309682344791
49.0700013589859,-75.24333499431222,-75.24333499431222
49.0800013589859,-75.24356740412308,-75.24356740412308
49.0900013589859,-75.24379428097662,-75.24379428097662
49.1000013589859,-75.24401584847523,-75.24401584847523
49.1100013589859,-75.24423232532668,-75.24423232532668
49.1200013589859,-75.24444392524086,-75.24444392524086
49.1300013589859,-75.24465085712554,-75.24465085712554
49.1400013589859,-75.24485332530216,-75.24485332530216
49.150001358985904,-75.2450515298519,-75.2450515298519
49.1600013589859,-75.24524566689601,-75.24524566689601
49.1700013589859,-75.24543592891784,-75.24543592891784
49.1800013589859,-75.2456225050113,-75.2456225050113
49.1900013589859,-75.24580558115595,-75.24580558115595
49.2000013589859,-75.24598534042113,-75.24598534042113
49.2100013589859,-75.24616196314761,-75.24616196314761
49.220001358985904,-75.2463356271362,-75.2463356271362
49.2300013589859,-75.24650650776557,-75.24650650776557
49.2400013589859,-75.24667477811774,-75.24667477811774
49.2500013589859,-75.24684060908571,-75.24684060908571
49.2600013589859,-75.24700416942378,-75.24700416942378
49.2700013589859,-75.24716562587737,-75.24716562587737
49.2800013589859,-75.24732514318816,-75.24732514318816
49.290001358985904,-75.24748288418202,-75.24748288418202
49.30000138282776,-75.24763901013743,-75.24763901013743
49.31000138282776,-75.24779367935949,-75.24779367935949
49.32000138282776,-75.24794704945455,-75.24794704945455
49.33000138282776,-75.24809927582885,-75.24809927582885
49.34000138282776,-75.24825051210776,-75.24825051210776
49.350001382827756,-75.24840091011772,-75.24840091011772
49.36000138282776,-75.24855061992722,-75.24855061992722
49.37000138282776,-75.24869978985829,-75.24869978985829
49.38000138282776,-75.24884856647148,-75.24884856647148
49.39000138282776,-75.24899709458961,-75.24899709458961
49.40000138282776,-75.24914551729688,-75.24914551729688
49.41000138282776,-75.24929397594047,-75.24929397594047
49.420001382827756,-75.24944261014548,-75.24944261014548
49.43000138282776,-75.24959155781809,-75.24959155781809
49.44000138282776,-75.24974095512239,-75.24974095512239
49.45000138282776,-75.24989093653163,-75.24989093653163
49.460001382827755,-75.25004163478262,-75.25004163478262
49.47000138282776,-75.25019318091228,-75.25019318091228
49.48000138282776,-75.25034570425915,-75.25034570425915
49.49000138282776,-75.25049933243723,-75.25049933243723
49.50000138282776,-75.25065419137924,-75.25065419137924
49.51000138282776,-75.2508104053027,-75.2508104053027
49.52000138282776,-75.2509680967588,-75.2509680967588
49.530001382827756,-75.25112738660584,-75.25112738660584
49.54000138282776,-75.25128839401751,-75.25128839401751
49.55000138282776,-75.25145123649601,-75.25145123649601
49.56000138282776,-75.25161602987714,-75.25161602987714
49.57000138282776,-75.2517828883372,-75.2517828883372
49.58000138282776,-75.25195192439709,-75.25195192439709
49.59000138282776,-75.25212324893761,-75.25212324893761
49.600001382827756,-75.25229697119194,-75.25229697119194
49.61000138282776,-75.25247319877408,-75.25247319877408
49.62000138282776,-75.2526520376708,-75.2526520376708
49.63000138282776,-75.25283359225662,-75.25283359225662
49.64000138282776,-75.25301796530584,-75.25301796530584
49.65000138282776,-75.25320525799917,-75.25320525799917
49.66000138282776,-75.2533955699318,-75.2533955699318
49.670001382827756,-75.25358899913657,-75.25358899913657
49.68000138282776,-75.25378564206342,-75.25378564206342
49.69000138282776,-75.2539855936357,-75.2539855936357
49.70000138282776,-75.25418894721619,-75.25418894721619
49.710001382827755,-75.25438923079096,-75.25438923079096
49.72000138282776,-75.25458366127266,-75.25458366127266
49.73000138282776,-75.25477092888646,-75.25477092888646
49.74000138282776,-75.25495040486443,-75.25495040486443
49.75000138282776,-75.25512183919126,-75.25512183919126
49.76000138282776,-75.25528520366582,-75.25528520366582
49.77000138282776,-75.25544059995319,-75.25544059995319
49.780001382827756,-75.25558820431851,-75.25558820431851
49.79000138282776,-75.25572823441281,-75.25572823441281
49.80000138282776,-75.25586092933305,-75.25586092933305
49.81000138282776,-75.25598653779244,-75.25598653779244
49.82000138282776,-75.25610531109838,-75.25610531109838
49.83000138282776,-75.25621749916372,-75.25621749916372
49.84000138282776,-75.25632334834383,-75.25632334834383
49.850001382827756,-75.25642310032758,-75.25642310032758
49.86000138282776,-75.25651699169799,-75.25651699169799
49.87000138282776,-75.25660525386236,-75.25660525386236
49.88000138282776,-75.25668811324883,-75.25668811324883
49.89000138282776,-75.25676579152359,-75.25676579152359
49.90000138282776,-75.25683850588835,-75.25683850588835
49.91000138282776,-75.256906469429,-75.256906469429
49.920001382827756,-75.25696989138903,-75.25696989138903
49.93000138282776,-75.25702897744392,-75.25702897744392
49.94000138282776,-75.25708392995425,-75.25708392995425
49.95000138282776,-75.25713494819381,-75.25713494819381
49.960001382827755,-75.25718222851877,-75.25718222851877
49.97000138282776,-75.25722596455009,-75.25722596455009
49.98000138282776,-75.25726634729855,-75.25726634729855
49.99000138282776,-75.25730356529601,-75.25730356529601
50.00000138282776,-75.25733780469152,-75.25733780469152
50.01000138282776,-75.25736924933152,-75.25736924933152
50.02000138282776,-75.25739808083523,-75.25739808083523
50.030001382827756,-75.25742447865458,-75.25742447865458
50.04000138282776,-75.25744862012188,-75.25744862012188
50.05000138282776,-75.25747068049226,-75.25747068049226
50.06000138282776,-75.2574908329703,-75.2574908329703
50.07000138282776,-75.25750924874492,-75.25750924874492
50.08000138282776,-75.25752609702383,-75.25752609702383
50.09000138282776,-75.25754154502022,-75.25754154502022
50.100001382827756,-75.25755575800329,-75.25755575800329
50.11000138282776,-75.25756889929181,-75.25756889929181
50.12000138282776,-75.25758113027418,-75.25758113027418
50.13000138282776,-75.25759261041462,-75.25759261041462
50.14000138282776,-75.25760349724683,-75.25760349724683
50.15000140666962,-75.25761394643658,-75.25761394643658
50.160001406669615,-75.25762411165535,-75.25762411165535
50.17000140666962,-75.25763414474933,-75.25763414474933
50.18000140666962,-75.25764419567119,-75.25764419567119
50.190001406669616,-75.25765441245585,-75.25765441245585
50.200001406669614,-75.25766494126648,-75.25766494126648
50.21000140666962,-75.25766936284597,-75.25766936284597
50.22000140666962,-75.25766494677194,-75.25766494677194
50.230001406669615,-75.25765043563534,-75.25765043563534
50.24000140666962,-75.25762525268551,-75.25762525268551
50.25000140666962,-75.25758919956951,-75.25758919956951
50.260001406669616,-75.2575422993588,-75.2575422993588
50.270001406669614,-75.25748470457097,-75.25748470457097
50.28000140666962,-75.25741664194345,-75.25741664194345
50.29000140666962,-75.25733837918179,-75.25733837918179
50.300001406669615,-75.25725020502801,-75.25725020502801
50.31000140666961,-75.25715241737116,-75.25715241737116
50.32000140666962,-75.25704531629297,-75.25704531629297
50.330001406669616,-75.25692920003179,-75.25692920003179
50.340001406669614,-75.25680436282185,-75.25680436282185
50.35000140666962,-75.25667109376515,-75.25667109376515
50.36000140666962,-75.25652967643694,-75.25652967643694
50.370001406669616,-75.25638038877801,-75.25638038877801
50.380001406669614,-75.2562235032649,-75.2562235032649
50.39000140666962,-75.25605928716533,-75.25605928716533
50.40000140666962,-75.25588800284575,-75.25588800284575
50.410001406669615,-75.25570990805433,-75.25570990805433
50.42000140666962,-75.25552525624488,-75.25552525624488
50.43000140666962,-75.2553342968424,-75.2553342968424
50.440001406669616,-75.25513727548693,-75.25513727548693
50.450001406669614,-75.25493443424959,-75.25493443424959
50.46000140666962,-75.25472601182189,-75.25472601182189
50.47000140666962,-75.25451224370364,-75.25451224370364
50.480001406669615,-75.25429336228683,-75.25429336228683
50.49000140666962,-75.25406959703398,-75.25406959703398
50.50000140666962,-75.25384117455371,-75.25384117455371
50.510001406669616,-75.25360831866499,-75.25360831866499
50.520001406669614,-75.25337125050822,-75.25337125050822
50.53000140666962,-75.25313018857358,-75.25313018857358
50.54000140666962,-75.25288534877681,-75.25288534877681
50.550001406669615,-75.25263694448414,-75.25263694448414
50.56000140666961,-75.25238518655055,-75.25238518655055
50.57000140666962,-75.25213028334726,-75.25213028334726
50.580001406669616,-75.25187244079568,-75.25187244079568
50.590001406669614,-75.2516118623916,-75.2516118623916
50.60000140666962,-75.25134874919905,-75.25134874919905
50.61000140666962,-75.25108329989027,-75.25108329989027
50.620001406669616,-75.25081571074553,-75.25081571074553
50.630001406669614,-75.25054617568124,-75.25054617568124
50.64000140666962,-75.25027488623003,-75.25027488623003
50.65000140666962,-75.25000203158716,-75.25000203158716
50.660001406669615,-75.24972779857993,-75.24972779857993
50.67000140666962,-75.24945237171592,-75.24945237171592
50.68000140666962,-75.24917593315853,-75.24917593315853
50.690001406669616,-75.24889866275304,-75.24889866275304
50.700001406669614,-75.24862073803305,-75.24862073803305
50.71000140666962,-75.24834233422455,-75.24834233422455
50.72000140666962,-75.24806362424792,-75.24806362424792
50.730001406669615,-75.24778477873629,-75.24778477873629
50.74000140666962,-75.24750596603937,-75.24750596603937
50.75000140666962,-75.24722735224071,-75.24722735224071
50.760001406669616,-75.24694910115804,-75.24694910115804
50.770001406669614,-75.24667137435253,-75.24667137435253
50.78000140666962,-75.24639433114206,-75.24639433114206
50.79000140666962,-75.24611812861272,-75.24611812861272
50.800001406669615,-75.24584292163328,-75.24584292163328
50.81000140666961,-75.2455688628619,-75.2455688628619
50.82000140666962,-75.24529610275889,-75.24529610275889
50.830001406669616,-75.24502478958823,-75.24502478958823
50.840001406669614,-75.24475506946493,-75.24475506946493
50.85000140666962,-75.24448708632667,-75.24448708632667
50.86000140666962,-75.24422098197613,-75.24422098197613
50.870001406669616,-75.24395689607408,-75.24395689607408
50.880001406669614,-75.24369496617297,-75.24369496617297
50.89000140666962,-75.2434353277328,-75.2434353277328
50.90000140666962,-75.24317811410762,-75.24317811410762
50.910001406669615,-75.24292345658532,-75.24292345658532
50.92000140666962,-75.24267148441098,-75.24267148441098
50.93000140666962,-75.2424223247808,-75.2424223247808
50.940001406669616,-75.24217610287322,-75.24217610287322
50.950001406669614,-75.24193294185702,-75.24193294185702
50.96000140666962,-75.24169296290178,-75.24169296290178
50.97000140666962,-75.24145628521921,-75.24145628521921
50.980001406669615,-75.24122302606854,-75.24122302606854
50.99000140666962,-75.2409933007557,-75.2409933007557
51.000001430511475,-75.24076722214316,-75.24076722214316
51.01000143051147,-75.24054490280818,-75.24054490280818
51.02000143051148,-75.24032645181299,-75.24032645181299
51.030001430511476,-75.24011197689629,-75.24011197689629
51.040001430511474,-75.23990158395509,-75.23990158395509
51.05000143051147,-75.2396953770524,-75.2396953770524
51.06000143051148,-75.2394934584453,-75.2394934584453
51.070001430511475,-75.23929592859042,-75.23929592859042
51.08000143051147,-75.23910288618043,-75.23910288618043
51.09000143051148,-75.23891442813967,-75.23891442813967
51.100001430511476,-75.23873064965987,-75.23873064965987
51.110001430511474,-75.23855164422731,-75.23855164422731
51.12000143051147,-75.23837750360342,-75.23837750360342
51.13000143051148,-75.23820831789031,-75.23820831789031
51.140001430511475,-75.23804417551672,-75.23804417551672
51.15000143051147,-75.23788516327653,-75.23788516327653
51.16000143051147,-75.2377313663274,-75.2377313663274
51.170001430511476,-75.2375828682174,-75.2375828682174
51.180001430511474,-75.23743975092039,-75.23743975092039
51.19000143051147,-75.23730209483026,-75.23730209483026
51.20000143051148,-75.23716997878604,-75.23716997878604
51.210001430511475,-75.23704348010352,-75.23704348010352
51.22000143051147,-75.23692267459464,-75.23692267459464
51.23000143051147,-75.23680763653911,-75.23680763653911
51.24000143051148,-75.23669843876951,-75.23669843876951
51.250001430511475,-75.23659515264472,-75.23659515264472
51.26000143051147,-75.23649784807901,-75.23649784807901
51.27000143051148,-75.23640659356904,-75.23640659356904
51.280001430511476,-75.23632145620527,-75.23632145620527
51.290001430511474,-75.23624250168972,-75.23624250168972
51.30000143051147,-75.23616979434428,-75.23616979434428
51.31000143051148,-75.23610339714868,-75.23610339714868
51.320001430511475,-75.23604337172652,-75.23604337172652
51.33000143051147,-75.2359897783973,-75.2359897783973
51.34000143051148,-75.23594267617979,-75.23594267617979
51.350001430511476,-75.23590212280291,-75.23590212280291
51.360001430511474,-75.23586817471423,-75.23586817471423
51.37000143051147,-75.23584088712973,-75.23584088712973
51.38000143051148,-75.23582031402054,-75.23582031402054
51.390001430511475,-75.23580650813196,-75.23580650813196
51.40000143051147,-75.23579952101625,-75.23579952101625
51.41000143051147,-75.23579940303306,-75.23579940303306
51.420001430511476,-75.23580620336818,-75.23580620336818
51.430001430511474,-75.23581997006958,-75.23581997006958
51.44000143051147,-75.23584075001668,-75.23584075001668
51.45000143051148,-75.23586858898992,-75.23586858898992
51.460001430511475,-75.23590353165423,-75.23590353165423
51.47000143051147,-75.2359456215767,-75.2359456215767
51.48000143051147,-75.23599490124775,-75.23599490124775
51.49000143051148,-75.23605141209084,-75.23605141209084
51.500001430511475,-75.23611519448646,-75.23611519448646
51.51000143051147,-75.23618628778287,-75.23618628778287
51.52000143051148,-75.23626473030474,-75.23626473030474
51.530001430511476,-75.23635055936917,-75.23635055936917
51.540001430511474,-75.23644381131065,-75.23644381131065
51.55000143051147,-75.23654452147582,-75.23654452147582
51.56000143051148,-75.23665272425104,-75.23665272425104
51.570001430511475,-75.23676845308248,-75.23676845308248
51.58000143051147,-75.2368917404592,-75.2368917404592
51.59000143051148,-75.23702261797327,-75.23702261797327
51.600001430511476,-75.23716111629372,-75.23716111629372
51.610001430511474,-75.23730726519092,-75.23730726519092
51.62000143051147,-75.23746109355751,-75.23746109355751
51.63000143051148,-75.23762262941634,-75.23762262941634
51.640001430511475,-75.23779189992867,-75.23779189992867
51.65000143051147,-75.23796893140417,-75.23796893140417
51.66000143051147,-75.23815374933557,-75.23815374933557
51.670001430511476,-75.23834637838297,-75.23834637838297
51.680001430511474,-75.23854684240169,-75.23854684240169
51.69000143051147,-75.23875516444102,-75.23875516444102
51.70000143051148,-75.23897136677567,-75.23897136677567
51.710001430511475,-75.23918890836528,-75.23918890836528
51.72000143051147,-75.23940493727132,-75.23940493727132
51.73000143051147,-75.23961807536637,-75.23961807536637
51.74000143051148,-75.23982762617246,-75.23982762617246
51.750001430511475,-75.24003327266873,-75.24003327266873
51.76000143051147,-75.24023492030717,-75.24023492030717
51.77000143051148,-75.2404326051064,-75.2404326051064
51.780001430511476,-75.24062643839312,-75.24062643839312
51.790001430511474,-75.24081657356798,-75.24081657356798
51.80000143051147,-75.24100318618773,-75.24100318618773
51.81000143051148,-75.24118646207089,-75.24118646207089
51.820001430511475,-75.24136659035828,-75.24136659035828
51.83000143051147,-75.24154375947461,-75.24154375947461
51.84000143051148,-75.24171815496533,-75.24171815496533
51.85000145435333,-75.24188995881936,-75.24188995881936
51.86000145435333,-75.24205934736457,-75.24205934736457
51.870001454353336,-75.24222649370333,-75.24222649370333
51.880001454353334,-75.24239156620042,-75.24239156620042
51.89000145435333,-75.24255472914102,-75.24255472914102
51.90000145435333,-75.24271614305094,-75.24271614305094
51.910001454353335,-75.24287596500557,-75.24287596500557
51.92000145435333,-75.2430343489019,-75.2430343489019
51.93000145435333,-75.24319144575755,-75.24319144575755
51.940001454353336,-75.24334740395221,-75.24334740395221
51.950001454353334,-75.24350236942489,-75.24350236942489
51.96000145435333,-75.24364992315219,-75.24364992315219
51.97000145435333,-75.24378733413054,-75.24378733413054
51.980001454353335,-75.24391334408963,-75.24391334408963
51.99000145435333,-75.24402737536643,-75.24402737536643
52.00000145435333,-75.2441292287599,-75.2441292287599
52.01000145435333,-75.24421892670348,-75.24421892670348
52.020001454353334,-75.24429662131254,-75.24429662131254
52.03000145435333,-75.24436253921233,-75.24436253921233
52.04000145435333,-75.24441694833422,-75.24441694833422
52.050001454353335,-75.24446013801848,-75.24446013801848
52.06000145435333,-75.24449240714857,-75.24449240714857
52.07000145435333,-75.24451405718877,-75.24451405718877
52.08000145435333,-75.24452538818183,-75.24452538818183
52.090001454353335,-75.24452669658879,-75.24452669658879
52.10000145435333,-75.24451827416496,-75.24451827416496
52.11000145435333,-75.2445004075448,-75.2445004075448
52.120001454353336,-75.24447337814583,-75.24447337814583
52.130001454353334,-75.24443746234252,-75.24443746234252
52.14000145435333,-75.24439293167835,-75.24439293167835
52.15000145435333,-75.24434005319121,-75.24434005319121
52.160001454353335,-75.2442790896872,-75.2442790896872
52.17000145435333,-75.24421030003217,-75.24421030003217
52.18000145435333,-75.24413393942459,-75.24413393942459
52.190001454353336,-75.24405025960358,-75.24405025960358
52.200001454353334,-75.2439595090792,-75.2439595090792
52.21000145435333,-75.24386193328912,-75.24386193328912
52.22000145435333,-75.24375777476081,-75.24375777476081
52.230001454353335,-75.24364727321483,-75.24364727321483
52.24000145435333,-75.24353066570346,-75.24353066570346
52.25000145435333,-75.24340818666549,-75.24340818666549
52.26000145435333,-75.24328006802119,-75.24328006802119
52.270001454353334,-75.24314653921178,-75.24314653921178
52.28000145435333,-75.24300782725025,-75.24300782725025
52.29000145435333,-75.24286415677773,-75.24286415677773
52.300001454353335,-75.24271575007323,-75.24271575007323
52.31000145435333,-75.24256282706318,-75.24256282706318
52.32000145435333,-75.24240560537707,-75.24240560537707
52.33000145435333,-75.24224430033216,-75.24224430033216
52.340001454353335,-75.24207912493762,-75.24207912493762
52.35000145435333,-75.24191028993287,-75.24191028993287
52.36000145435333,-75.24173800376565,-75.24173800376565
52.370001454353336,-75.24156247260345,-75.24156247260345
52.380001454353334,-75.2413839003218,-75.2413839003218
52.39000145435333,-75.24120248853717,-75.24120248853717
52.40000145435333,-75.24101843657225,-75.24101843657225
52.410001454353335,-75.24083194147143,-75.24083194147143
52.42000145435333,-75.24064319800152,-75.24064319800152
52.43000145435333,-75.24045239865075,-75.24045239865075
52.440001454353336,-75.24025973362353,-75.24025973362353
52.450001454353334,-75.24006539083628,-75.24006539083628
52.46000145435333,-75.23986955594258,-75.23986955594258
52.47000145435333,-75.2396724123036,-75.2396724123036
52.480001454353335,-75.23947414100628,-75.23947414100628
52.49000145435333,-75.23927492086663,-75.23927492086663
52.50000145435333,-75.23907492843018,-75.23907492843018
52.51000145435333,-75.23887433796283,-75.23887433796283
52.520001454353334,-75.23867332148274,-75.23867332148274
52.53000145435333,-75.2384720487377,-75.2384720487377
52.54000145435333,-75.23827068723112,-75.23827068723112
52.550001454353335,-75.23806940220419,-75.23806940220419
52.56000145435333,-75.23786835667627,-75.23786835667627
52.57000145435333,-75.2376677114253,-75.2376677114253
52.58000145435333,-75.23746762501187,-75.23746762501187
52.590001454353335,-75.2372682537811,-75.2372682537811
52.60000145435333,-75.23706975186882,-75.23706975186882
52.61000145435333,-75.23687227120577,-75.23687227120577
52.620001454353336,-75.2366759615556,-75.2366759615556
52.630001454353334,-75.23648097051391,-75.23648097051391
52.64000145435333,-75.23628744350691,-75.23628744350691
52.65000145435333,-75.23609552380546,-75.23609552380546
52.660001454353335,-75.23590535255346,-75.23590535255346
52.67000145435333,-75.23571706877031,-75.23571706877031
52.68000145435333,-75.23553080937968,-75.23553080937968
52.690001454353336,-75.23534670919743,-75.23534670919743
52.70000147819519,-75.2351649005312,-75.2351649005312
52.71000147819519,-75.23498551493464,-75.23498551493464
52.720001478195194,-75.23480868059652,-75.23480868059652
52.73000147819519,-75.23463452411023,-75.23463452411023
52.74000147819519,-75.23446317006315,-75.23446317006315
52.75000147819519,-75.2342947410369,-75.2342947410369
52.76000147819519,-75.23412935761647,-75.23412935761647
52.77000147819519,-75.23396713844579,-75.23396713844579
52.78000147819519,-75.23380820020225,-75.23380820020225
52.790001478195194,-75.23365265763476,-75.23365265763476
52.80000147819519,-75.23350062357392,-75.23350062357392
52.81000147819519,-75.23335220896793,-75.23335220896793
52.82000147819519,-75.23320752286345,-75.23320752286345
52.83000147819519,-75.23306667246052,-75.23306667246052
52.84000147819519,-75.23292976311586,-75.23292976311586
52.85000147819519,-75.23279689835965,-75.23279689835965
52.86000147819519,-75.23266817991473,-75.23266817991473
52.87000147819519,-75.23254370771609,-75.23254370771609
52.88000147819519,-75.23242357992645,-75.23242357992645
52.89000147819519,-75.23230789295602,-75.23230789295602
52.90000147819519,-75.23219674149496,-75.23219674149496
52.91000147819519,-75.23209021850782,-75.23209021850782
52.92000147819519,-75.23198841526911,-75.23198841526911
52.93000147819519,-75.23189142136943,-75.23189142136943
52.94000147819519,-75.23179932475314,-75.23179932475314
52.95000147819519,-75.23171221171337,-75.23171221171337
52.96000147819519,-75.23163016693806,-75.23163016693806
52.970001478195194,-75.2315532734885,-75.2315532734885
52.98000147819519,-75.23148161287135,-75.23148161287135
52.99000147819519,-75.23141526501036,-75.23141526501036
53.00000147819519,-75.23135430827995,-75.23135430827995
53.01000147819519,-75.2312988195409,-75.2312988195409
53.02000147819519,-75.23124887413304,-75.23124887413304
53.03000147819519,-75.23120454591019,-75.23120454591019
53.040001478195194,-75.2311659072496,-75.2311659072496
53.05000147819519,-75.23113302908051,-75.23113302908051
53.06000147819519,-75.2311059808725,-75.2311059808725
53.07000147819519,-75.23108483070223,-75.23108483070223
53.08000147819519,-75.2310696452263,-75.2310696452263
53.09000147819519,-75.2310604897365,-75.2310604897365
53.10000147819519,-75.23105742813196,-75.23105742813196
53.11000147819519,-75.23106052298824,-75.23106052298824
53.12000147819519,-75.2310698355341,-75.2310698355341
53.13000147819519,-75.23108542568608,-75.23108542568608
53.14000147819519,-75.23110735207277,-75.23110735207277
53.15000147819519,-75.23113567202131,-75.23113567202131
53.16000147819519,-75.23117044161772,-75.23117044161772
53.17000147819519,-75.23121171570077,-75.23121171570077
53.18000147819519,-75.23125954785053,-75.23125954785053
53.19000147819519,-75.23131399046504,-75.23131399046504
53.20000147819519,-75.23137509473305,-75.23137509473305
53.21000147819519,-75.23144291065887,-75.23144291065887
53.220001478195194,-75.23151748708007,-75.23151748708007
53.23000147819519,-75.23159887168907,-75.23159887168907
53.24000147819519,-75.23168711104482,-75.23168711104482
53.25000147819519,-75.23178225058541,-75.23178225058541
53.26000147819519,-75.2318843346489,-75.2318843346489
53.27000147819519,-75.23199340648019,-75.23199340648019
53.28000147819519,-75.23210950825033,-75.23210950825033
53.290001478195194,-75.23223268108471,-75.23223268108471
53.30000147819519,-75.23236296504824,-75.23236296504824
53.31000147819519,-75.23250039918835,-75.23250039918835
53.32000147819519,-75.23264502153636,-75.23264502153636
53.33000147819519,-75.23279686912599,-75.23279686912599
53.34000147819519,-75.23295597800714,-75.23295597800714
53.35000147819519,-75.2331223832448,-75.2331223832448
53.36000147819519,-75.23329611896344,-75.23329611896344
53.37000147819519,-75.23347721832413,-75.23347721832413
53.38000147819519,-75.23366571357835,-75.23366571357835
53.39000147819519,-75.23386163605043,-75.23386163605043
53.40000147819519,-75.2340650161562,-75.2340650161562
53.41000147819519,-75.2342758834354,-75.2342758834354
53.42000147819519,-75.23449426653356,-75.23449426653356
53.43000147819519,-75.23472019324161,-75.23472019324161
53.44000147819519,-75.23495369049256,-75.23495369049256
53.45000147819519,-75.23519478438064,-75.23519478438064
53.46000147819519,-75.23544350017646,-75.23544350017646
53.470001478195194,-75.23569986233446,-75.23569986233446
53.48000147819519,-75.23596389449533,-75.23596389449533
53.49000147819519,-75.23623561951715,-75.23623561951715
53.50000147819519,-75.23651505948378,-75.23651505948378
53.51000147819519,-75.23680223570058,-75.23680223570058
53.52000147819519,-75.23709716871957,-75.23709716871957
53.53000147819519,-75.23739987834196,-75.23739987834196
53.540001478195194,-75.23771038365464,-75.23771038365464
53.55000150203705,-75.23802870375494,-75.23802870375494
53.560001502037046,-75.23835485479037,-75.23835485479037
53.57000150203705,-75.23868885442252,-75.23868885442252
53.58000150203705,-75.23903071890075,-75.23903071890075
53.59000150203705,-75.23938046379106,-75.23938046379106
53.600001502037045,-75.23973810398203,-75.23973810398203
53.61000150203705,-75.24010365371159,-75.24010365371159
53.62000150203705,-75.2404771265603,-75.2404771265603
53.63000150203705,-75.24085853547943,-75.24085853547943
53.64000150203705,-75.24124789277191,-75.24124789277191
53.65000150203705,-75.24164521013793,-75.24164521013793
53.66000150203705,-75.24205049866025,-75.24205049866025
53.670001502037046,-75.24246376880782,-75.24246376880782
53.68000150203705,-75.2428850304772,-75.2428850304772
53.69000150203705,-75.2433142929657,-75.2433142929657
53.70000150203705,-75.24375156500936,-75.24375156500936
53.710001502037045,-75.24419685477527,-75.24419685477527
53.72000150203705,-75.24465016986797,-75.24465016986797
53.73000150203705,-75.24511151734823,-75.24511151734823
53.740001502037046,-75.24558090374728,-75.24558090374728
53.75000150203705,-75.24605833504397,-75.24605833504397
53.76000150203705,-75.24654381671263,-75.24654381671263
53.77000150203705,-75.24703735371415,-75.24703735371415
53.780001502037045,-75.24753895048958,-75.24753895048958
53.79000150203705,-75.24804861099229,-75.24804861099229
53.80000150203705,-75.24856633868018,-75.24856633868018
53.810001502037046,-75.24909213653969,-75.24909213653969
53.82000150203705,-75.24962600706785,-75.24962600706785
53.83000150203705,-75.25016795230502,-75.25016795230502
53.84000150203705,-75.25071797383313,-75.25071797383313
53.850001502037045,-75.25127607277375,-75.25127607277375
53.86000150203705,-75.25184224980694,-75.25184224980694
53.87000150203705,-75.25241650517866,-75.25241650517866
53.88000150203705,-75.25299883869481,-75.25299883869481
53.89000150203705,-75.25358924975096,-75.25358924975096
53.90000150203705,-75.25418773731364,-75.25418773731364
53.91000150203705,-75.25479429994816,-75.25479429994816
53.920001502037046,-75.25540893581773,-75.25540893581773
53.93000150203705,-75.25603164267032,-75.25603164267032
53.94000150203705,-75.25666241788153,-75.25666241788153
53.95000150203705,-75.25730125844373,-75.25730125844373
53.960001502037045,-75.25794816096708,-75.25794816096708
53.97000150203705,-75.25860312168246,-75.25860312168246
53.98000150203705,-75.2592661364673,-75.2592661364673
53.990001502037046,-75.25993720083162,-75.25993720083162
54.00000150203705,-75.26061630993726,-75.26061630993726
54.01000150203705,-75.26130345859744,-75.26130345859744
54.02000150203705,-75.26199864128435,-75.26199864128435
54.030001502037045,-75.2627018521289,-75.2627018521289
54.04000150203705,-75.26341308494521,-75.26341308494521
54.05000150203705,-75.2641323332082,-75.2641323332082
54.060001502037046,-75.26485959007266,-75.26485959007266
54.07000150203705,-75.26559484840219,-75.26559484840219
54.08000150203705,-75.26633810072764,-75.26633810072764
54.09000150203705,-75.26708933928361,-75.26708933928361
54.100001502037045,-75.26784855601207,-75.26784855601207
54.11000150203705,-75.2686157425494,-75.2686157425494
54.12000150203705,-75.2693908902615,-75.2693908902615
54.13000150203705,-75.27017399021447,-75.27017399021447
54.14000150203705,-75.27096503321086,-75.27096503321086
54.15000150203705,-75.27176400977224,-75.27176400977224
54.16000150203705,-75.27257091015363,-75.27257091015363
54.170001502037046,-75.27338572434627,-75.27338572434627
54.18000150203705,-75.27420844207514,-75.27420844207514
54.19000150203705,-75.27503905282089,-75.27503905282089
54.20000150203705,-75.2758775458169,-75.2758775458169
54.210001502037045,-75.27672391003405,-75.27672391003405
54.22000150203705,-75.27757813421347,-75.27757813421347
54.23000150203705,-75.27844020686582,-75.27844020686582
54.240001502037046,-75.2793101162525,-75.2793101162525
54.25000150203705,-75.28018785040683,-75.28018785040683
54.26000150203705,-75.28107339715844,-75.28107339715844
54.27000150203705,-75.28196674410074,-75.28196674410074
54.280001502037045,-75.28286787860237,-75.28286787860237
54.29000150203705,-75.28377678784558,-75.28377678784558
54.30000150203705,-75.2846934587753,-75.2846934587753
54.310001502037046,-75.28561787815131,-75.28561787815131
54.32000150203705,-75.28655003252493,-75.28655003252493
54.33000150203705,-75.2874899082571,-75.2874899082571
54.34000150203705,-75.28843749149357,-75.28843749149357
54.350001502037045,-75.28939276820775,-75.28939276820775
54.36000150203705,-75.2903557241949,-75.2903557241949
54.37000150203705,-75.29132634505424,-75.29132634505424
54.38000150203705,-75.29230461619937,-75.29230461619937
54.39000150203705,-75.29329052288087,-75.29329052288087
54.400001525878906,-75.29428405253695,-75.29428405253695
54.410001525878904,-75.29528518536506,-75.29528518536506
54.42000152587891,-75.29629390843805,-75.29629390843805
54.43000152587891,-75.29731020633535,-75.29731020633535
54.440001525878905,-75.29833406346769,-75.29833406346769
54.4500015258789,-75.29936546409746,-75.29936546409746
54.46000152587891,-75.30039782161558,-75.30039782161558
54.47000152587891,-75.30142824168092,-75.30142824168092
54.480001525878905,-75.30245530553042,-75.30245530553042
54.49000152587891,-75.30347827721566,-75.30347827721566
54.50000152587891,-75.30449680117437,-75.30449680117437
54.510001525878906,-75.30551074520503,-75.30551074520503
54.520001525878904,-75.30652010842714,-75.30652010842714
54.53000152587891,-75.30752496602977,-75.30752496602977
54.54000152587891,-75.30852543602393,-75.30852543602393
54.550001525878905,-75.30952165928933,-75.30952165928933
54.5600015258789,-75.31051378769332,-75.31051378769332
54.57000152587891,-75.31150197708001,-75.31150197708001
54.580001525878906,-75.31248638329649,-75.31248638329649
54.590001525878904,-75.31346715994036,-75.31346715994036
54.60000152587891,-75.31444445730334,-75.31444445730334
54.61000152587891,-75.31541842187939,-75.31541842187939
54.620001525878905,-75.31638919630835,-75.31638919630835
54.6300015258789,-75.3173569195099,-75.3173569195099
54.64000152587891,-75.31832172692374,-75.31832172692374
54.650001525878906,-75.31928375078746,-75.31928375078746
54.660001525878904,-75.3202431204648,-75.3202431204648
54.67000152587891,-75.32119996269358,-75.32119996269358
54.68000152587891,-75.32215440186131,-75.32215440186131
54.690001525878905,-75.32310656024666,-75.32310656024666
54.7000015258789,-75.32405655821215,-75.32405655821215
54.71000152587891,-75.32500451438115,-75.32500451438115
54.72000152587891,-75.32595054580298,-75.32595054580298
54.730001525878905,-75.32689476804585,-75.32689476804585
54.74000152587891,-75.32783729533718,-75.32783729533718
54.75000152587891,-75.32877824063173,-75.32877824063173
54.760001525878906,-75.32971771569404,-75.32971771569404
54.770001525878904,-75.33065583113664,-75.33065583113664
54.78000152587891,-75.33159269649005,-75.33159269649005
54.79000152587891,-75.33252842022688,-75.33252842022688
54.800001525878905,-75.33346310978683,-75.33346310978683
54.8100015258789,-75.33439687160573,-75.33439687160573
54.82000152587891,-75.33532981113133,-75.33532981113133
54.830001525878906,-75.33626203282327,-75.33626203282327
54.840001525878904,-75.33719364018252,-75.33719364018252
54.85000152587891,-75.33812473572087,-75.33812473572087
54.86000152587891,-75.33905542098307,-75.33905542098307
54.870001525878905,-75.33998579655913,-75.33998579655913
54.8800015258789,-75.34091596205222,-75.34091596205222
54.89000152587891,-75.34184601608763,-75.34184601608763
54.900001525878906,-75.34277605632364,-75.34277605632364
54.910001525878904,-75.34370617940642,-75.34370617940642
54.92000152587891,-75.34463648099737,-75.34463648099737
54.93000152587891,-75.34556705577228,-75.34556705577228
54.940001525878905,-75.3464979973795,-75.3464979973795
54.9500015258789,-75.34742939845971,-75.34742939845971
54.96000152587891,-75.34835477593327,-75.34835477593327
54.97000152587891,-75.34927134033502,-75.34927134033502
54.980001525878905,-75.35017777779204,-75.35017777779204
54.99000152587891,-75.3510734567742,-75.3510734567742
55.00000152587891,-75.35195812546628,-75.35195812546628
55.010001525878906,-75.35283175467153,-75.35283175467153
55.020001525878904,-75.35369444569713,-75.35369444569713
55.03000152587891,-75.3545463751014,-75.3545463751014
55.04000152587891,-75.35538776139805,-75.35538776139805
55.050001525878905,-75.35621884509403,-75.35621884509403
55.0600015258789,-75.35703987679395,-75.35703987679395
55.07000152587891,-75.35785111022668,-75.35785111022668
55.080001525878906,-75.35865279816798,-75.35865279816798
55.090001525878904,-75.35944519026015,-75.35944519026015
55.10000152587891,-75.36022853189851,-75.36022853189851
55.11000152587891,-75.36100306377651,-75.36100306377651
55.120001525878905,-75.36176902179061,-75.36176902179061
55.1300015258789,-75.36252663717923,-75.36252663717923
55.14000152587891,-75.36327613676575,-75.36327613676575
55.150001525878906,-75.36401774323183,-75.36401774323183
55.160001525878904,-75.36475167542869,-75.36475167542869
55.17000152587891,-75.365478148637,-75.365478148637
55.18000152587891,-75.36619737484267,-75.36619737484267
55.190001525878905,-75.36690956296432,-75.36690956296432
55.2000015258789,-75.36761491907312,-75.36761491907312
55.21000152587891,-75.36831364652475,-75.36831364652475
55.22000152587891,-75.36900594616702,-75.36900594616702
55.230001525878905,-75.36969201641764,-75.36969201641764
55.24000152587891,-75.37037205340094,-75.37037205340094
55.250001549720764,-75.37104625263997,-75.37104625263997
55.26000154972076,-75.37171480267726,-75.37171480267726
55.27000154972077,-75.37237789483434,-75.37237789483434
55.280001549720765,-75.37303571677094,-75.37303571677094
55.29000154972076,-75.37368845417556,-75.37368845417556
55.30000154972076,-75.37433629076811,-75.37433629076811
55.310001549720766,-75.3749794083395,-75.3749794083395
55.320001549720764,-75.37561798678533,-75.37561798678533
55.33000154972076,-75.37625220407777,-75.37625220407777
55.34000154972077,-75.37688223632536,-75.37688223632536
55.350001549720766,-75.3775082577667,-75.3775082577667
55.360001549720764,-75.3781304407567,-75.3781304407567
55.37000154972076,-75.37874895579807,-75.37874895579807
55.38000154972077,-75.37936397153058,-75.37936397153058
55.390001549720765,-75.37997565473866,-75.37997565473866
55.40000154972076,-75.3805841703414,-75.3805841703414
55.41000154972076,-75.38118968141218,-75.38118968141218
55.420001549720766,-75.38179234916136,-75.38179234916136
55.430001549720764,-75.38239233294465,-75.38239233294465
55.44000154972076,-75.3829897902704,-75.3829897902704
55.45000154972077,-75.38358487678433,-75.38358487678433
55.460001549720765,-75.38417774628329,-75.38417774628329
55.47000154972076,-75.38476855069862,-75.38476855069862
55.48000154972076,-75.38535744012796,-75.38535744012796
55.490001549720766,-75.385944562812,-75.385944562812
55.500001549720764,-75.38653006513823,-75.38653006513823
55.51000154972076,-75.38711409166092,-75.38711409166092
55.52000154972077,-75.38769678507343,-75.38769678507343
55.530001549720765,-75.38827828624407,-75.38827828624407
55.54000154972076,-75.38885873420952,-75.38885873420952
55.55000154972076,-75.3894382661747,-75.3894382661747
55.560001549720766,-75.39001701751253,-75.39001701751253
55.570001549720764,-75.39059512178954,-75.39059512178954
55.58000154972076,-75.39117271076174,-75.39117271076174
55.59000154972077,-75.3917499143638,-75.3917499143638
55.600001549720766,-75.3923268607548,-75.3923268607548
55.610001549720764,-75.39290367628992,-75.39290367628992
55.62000154972076,-75.39348048554537,-75.39348048554537
55.63000154972077,-75.39405741133578,-75.39405741133578
55.640001549720765,-75.39463457470143,-75.39463457470143
55.65000154972076,-75.395212094938,-75.395212094938
55.66000154972076,-75.39579008959383,-75.39579008959383
55.670001549720766,-75.39636867448507,-75.39636867448507
55.680001549720764,-75.3969479637089,-75.3969479637089
55.69000154972076,-75.39752806965599,-75.39752806965599
55.70000154972077,-75.3981091030136,-75.3981091030136
55.710001549720765,-75.3986911727786,-75.3986911727786
55.72000154972076,-75.39927438628655,-75.39927438628655
55.73000154972076,-75.39985884919645,-75.39985884919645
55.740001549720766,-75.40044466552824,-75.40044466552824
55.750001549720764,-75.40103193766038,-75.40103193766038
55.76000154972076,-75.40162076635085,-75.40162076635085
55.77000154972077,-75.40221125076042,-75.40221125076042
55.780001549720765,-75.40280348842992,-75.40280348842992
55.79000154972076,-75.40339757533509,-75.40339757533509
55.80000154972076,-75.40399360589043,-75.40399360589043
55.810001549720766,-75.4045916729344,-75.4045916729344
55.820001549720764,-75.40519186777955,-75.40519186777955
55.83000154972076,-75.40579428021685,-75.40579428021685
55.84000154972077,-75.40639899851908,-75.40639899851908
55.850001549720766,-75.40700610947073,-75.40700610947073
55.860001549720764,-75.40761569836968,-75.40761569836968
55.87000154972076,-75.40822784905698,-75.40822784905698
55.88000154972077,-75.40884264390711,-75.40884264390711
55.890001549720765,-75.40946016387065,-75.40946016387065
55.90000154972076,-75.41008048846837,-75.41008048846837
55.91000154972076,-75.41070369582685,-75.41070369582685
55.920001549720766,-75.41132986266462,-75.41132986266462
55.930001549720764,-75.41195906434531,-75.41195906434531
55.94000154972076,-75.41259137484505,-75.41259137484505
55.95000154972077,-75.4132268668145,-75.4132268668145
55.960001549720765,-75.41386561157518,-75.41386561157518
55.97000154972076,-75.41450767911383,-75.41450767911383
55.98000154972076,-75.41515313813333,-75.41515313813333
55.990001549720766,-75.4158020560443,-75.4158020560443
56.000001549720764,-75.41645449899137,-75.41645449899137
56.01000154972076,-75.41711053185207,-75.41711053185207
56.02000154972077,-75.41777021826995,-75.41777021826995
56.030001549720765,-75.41843362066419,-75.41843362066419
56.04000154972076,-75.41910080024098,-75.41910080024098
56.05000154972076,-75.4197718170103,-75.4197718170103
56.060001549720766,-75.4204467297933,-75.4204467297933
56.070001549720764,-75.42112559625399,-75.42112559625399
56.08000154972076,-75.42180847289075,-75.42180847289075
56.09000154972077,-75.42249541507316,-75.42249541507316
56.10000157356262,-75.42318647869553,-75.42318647869553
56.11000157356262,-75.42388171360423,-75.42388171360423
56.120001573562625,-75.42458117345775,-75.42458117345775
56.13000157356262,-75.42528490922105,-75.42528490922105
56.14000157356262,-75.42599297077301,-75.42599297077301
56.15000157356262,-75.42670540695345,-75.42670540695345
56.160001573562624,-75.4274222655468,-75.4274222655468
56.17000157356262,-75.42814359330983,-75.42814359330983
56.18000157356262,-75.42886943599893,-75.42886943599893
56.190001573562625,-75.42959983835169,-75.42959983835169
56.20000157356262,-75.4303348441397,-75.4303348441397
56.21000157356262,-75.43107449614405,-75.43107449614405
56.22000157356262,-75.4318188361977,-75.4318188361977
56.230001573562625,-75.43256790517289,-75.43256790517289
56.24000157356262,-75.43332174301865,-75.43332174301865
56.25000157356262,-75.43408038875172,-75.43408038875172
56.26000157356262,-75.43484388048653,-75.43484388048653
56.270001573562624,-75.43561225543971,-75.43561225543971
56.28000157356262,-75.43638554993284,-75.43638554993284
56.29000157356262,-75.43716379943095,-75.43716379943095
56.300001573562625,-75.43794703852132,-75.43794703852132
56.31000157356262,-75.43873530095733,-75.43873530095733
56.32000157356262,-75.43952861964543,-75.43952861964543
56.33000157356262,-75.44032702667837,-75.44032702667837
56.340001573562624,-75.44113055332187,-75.44113055332187
56.35000157356262,-75.4419392300423,-75.4419392300423
56.36000157356262,-75.44275308652183,-75.44275308652183
56.370001573562625,-75.44357215165782,-75.44357215165782
56.38000157356262,-75.44439645358456,-75.44439645358456
56.39000157356262,-75.44522601967005,-75.44522601967005
56.40000157356262,-75.44606087653962,-75.44606087653962
56.410001573562624,-75.44690105009155,-75.44690105009155
56.42000157356262,-75.447746565488,-75.447746565488
56.43000157356262,-75.44859744717378,-75.44859744717378
56.440001573562625,-75.44945371889709,-75.44945371889709
56.45000157356262,-75.45031540371718,-75.45031540371718
56.46000157356262,-75.4511825239958,-75.4511825239958
56.47000157356262,-75.45205510142517,-75.45205510142517
56.480001573562625,-75.45293315703485,-75.45293315703485
56.49000157356262,-75.45381671120323,-75.45381671120323
56.50000157356262,-75.45470578365814,-75.45470578365814
56.51000157356262,-75.45560039349454,-75.45560039349454
56.520001573562624,-75.45650055917649,-75.45650055917649
56.53000157356262,-75.45740629855194,-75.45740629855194
56.54000157356262,-75.45831762887407,-75.45831762887407
56.550001573562625,-75.45923456678526,-75.45923456678526
56.56000157356262,-75.46015712834793,-75.46015712834793
56.57000157356262,-75.4610853290275,-75.4610853290275
56.58000157356262,-75.46201918372606,-75.46201918372606
56.590001573562624,-75.4629587067965,-75.4629587067965
56.60000157356262,-75.46390391201251,-75.46390391201251
56.61000157356262,-75.46485481262411,-75.46485481262411
56.620001573562625,-75.46581142132028,-75.46581142132028
56.63000157356262,-75.46677375027821,-75.46677375027821
56.64000157356262,-75.4677418111407,-75.4677418111407
56.65000157356262,-75.46871561504659,-75.46871561504659
56.660001573562624,-75.4696951726141,-75.4696951726141
56.67000157356262,-75.47068049398848,-75.47068049398848
56.68000157356262,-75.47167158879638,-75.47167158879638
56.690001573562625,-75.47266846620006,-75.47266846620006
56.70000157356262,-75.47367113487525,-75.47367113487525
56.71000157356262,-75.47467301669238,-75.47467301669238
56.72000157356262,-75.47567123372944,-75.47567123372944
56.730001573562625,-75.47666438668409,-75.47666438668409
56.74000157356262,-75.47765176030725,-75.47765176030725
56.75000157356262,-75.47863302031351,-75.47863302031351
56.76000157356262,-75.47960805601033,-75.47960805601033
56.770001573562624,-75.4805768880676,-75.4805768880676
56.78000157356262,-75.48153961316866,-75.48153961316866
56.79000157356262,-75.48249637067882,-75.48249637067882
56.800001573562625,-75.48344732268248,-75.48344732268248
56.81000157356262,-75.4843926420569,-75.4843926420569
56.82000157356262,-75.48533250546471,-75.48533250546471
56.83000157356262,-75.48626708935456,-75.48626708935456
56.840001573562624,-75.48719656773727,-75.48719656773727
56.85000157356262,-75.48812111107237,-75.48812111107237
56.86000157356262,-75.48904088582937,-75.48904088582937
56.870001573562625,-75.48995605439364,-75.48995605439364
56.88000157356262,-75.4908667752274,-75.4908667752274
56.89000157356262,-75.49177320308716,-75.49177320308716
56.90000157356262,-75.49267548932298,-75.49267548932298
56.910001573562624,-75.49357378218791,-75.49357378218791
56.92000157356262,-75.49446822710382,-75.49446822710382
56.93000157356262,-75.49535896692574,-75.49535896692574
56.940001573562625,-75.49624614218628,-75.49624614218628
56.95000159740448,-75.49712989340848,-75.49712989340848
56.96000159740448,-75.49801035283416,-75.49801035283416
56.97000159740448,-75.49888765725872,-75.49888765725872
56.98000159740448,-75.4997619396889,-75.4997619396889
56.99000159740448,-75.50063333157401,-75.50063333157401
57.00000159740448,-75.50150196289292,-75.50150196289292
57.01000159740448,-75.5023679622409,-75.5023679622409
57.02000159740448,-75.50323145684675,-75.50323145684675
57.03000159740448,-75.50409257267634,-75.50409257267634
57.04000159740448,-75.50495143443847,-75.50495143443847
57.05000159740448,-75.50580816561556,-75.50580816561556
57.06000159740448,-75.50666288848879,-75.50666288848879
57.07000159740448,-75.50751572416998,-75.50751572416998
57.08000159740448,-75.50836679259483,-75.50836679259483
57.09000159740448,-75.5092162125382,-75.5092162125382
57.10000159740448,-75.51006410163012,-75.51006410163012
57.11000159740448,-75.51091057633931,-75.51091057633931
57.12000159740448,-75.51175575198386,-75.51175575198386
57.13000159740448,-75.51259974274139,-75.51259974274139
57.14000159740448,-75.51344266161928,-75.51344266161928
57.15000159740448,-75.51428462046636,-75.51428462046636
57.16000159740448,-75.51512572999856,-75.51512572999856
57.17000159740448,-75.51596609973366,-75.51596609973366
57.18000159740448,-75.51680583803586,-75.51680583803586
57.19000159740448,-75.51764505209087,-75.51764505209087
57.20000159740448,-75.5184838479029,-75.5184838479029
57.21000159740448,-75.51932233030539,-75.51932233030539
57.22000159740448,-75.52016060293067,-75.52016060293067
57.23000159740448,-75.52099876821124,-75.52099876821124
57.24000159740448,-75.52183692740229,-75.52183692740229
57.25000159740448,-75.52267518054039,-75.52267518054039
57.26000159740448,-75.52351362646523,-75.52351362646523
57.27000159740448,-75.52435236281903,-75.52435236281903
57.28000159740448,-75.5251914860319,-75.5251914860319
57.29000159740448,-75.52603109131964,-75.52603109131964
57.30000159740448,-75.52687127268506,-75.52687127268506
57.31000159740448,-75.52771212293973,-75.52771212293973
57.32000159740448,-75.52855373365865,-75.52855373365865
57.33000159740448,-75.52939619521949,-75.52939619521949
57.34000159740448,-75.53023959678507,-75.53023959678507
57.35000159740448,-75.53108402631655,-75.53108402631655
57.36000159740448,-75.53192957056285,-75.53192957056285
57.37000159740448,-75.53277631507169,-75.53277631507169
57.38000159740448,-75.5336243441849,-75.5336243441849
57.39000159740448,-75.53447374103565,-75.53447374103565
57.40000159740448,-75.53532458757996,-75.53532458757996
57.41000159740448,-75.53617696456517,-75.53617696456517
57.42000159740448,-75.53703095157064,-75.53703095157064
57.43000159740448,-75.53788662697505,-75.53788662697505
57.44000159740448,-75.53874406799389,-75.53874406799389
57.45000159740448,-75.53960335065948,-75.53960335065948
57.46000159740448,-75.54046454984473,-75.54046454984473
57.47000159740448,-75.54132773925942,-75.54132773925942
57.48000159740448,-75.54219299146287,-75.54219299146287
57.49000159740448,-75.54306037786128,-75.54306037786128
57.50000159740448,-75.5439299687302,-75.5439299687302
57.51000159740448,-75.54480183320246,-75.54480183320246
57.52000159740448,-75.54567603928837,-75.54567603928837
57.53000159740448,-75.54655265388959,-75.54655265388959
57.54000159740448,-75.54743174278481,-75.54743174278481
57.55000159740448,-75.54831337065764,-75.54831337065764
57.56000159740448,-75.54919760109863,-75.54919760109863
57.57000159740448,-75.55008449661266,-75.55008449661266
57.58000159740448,-75.55097411863457,-75.55097411863457
57.59000159740448,-75.5518665275172,-75.5518665275172
57.60000159740448,-75.55276178256058,-75.55276178256058
57.61000159740448,-75.5536599420316,-75.5536599420316
57.62000159740448,-75.55456106313207,-75.55456106313207
57.63000159740448,-75.5554652020515,-75.5554652020515
57.64000159740448,-75.55637241394923,-75.55637241394923
57.65000159740448,-75.55728275297776,-75.55728275297776
57.66000159740448,-75.5581962722817,-75.5581962722817
57.67000159740448,-75.55911302401569,-75.55911302401569
57.68000159740448,-75.56003305935577,-75.56003305935577
57.69000159740448,-75.56095642850073,-75.56095642850073
57.70000159740448,-75.56188318069148,-75.56188318069148
57.71000159740448,-75.56281336420456,-75.56281336420456
57.72000159740448,-75.56374702639452,-75.56374702639452
57.73000159740448,-75.56468421365695,-75.56468421365695
57.74000159740448,-75.56562497147921,-75.56562497147921
57.75000159740448,-75.56656934443792,-75.56656934443792
57.76000159740448,-75.56751737619247,-75.56751737619247
57.77000159740448,-75.5684691095227,-75.5684691095227
57.78000159740448,-75.56942458631733,-75.56942458631733
57.79000159740448,-75.57038384759569,-75.57038384759569
57.80000162124634,-75.57134693581995,-75.57134693581995
57.810001621246336,-75.57231388570374,-75.57231388570374
57.82000162124634,-75.57328473798977,-75.57328473798977
57.83000162124634,-75.5742595303051,-75.5742595303051
57.84000162124634,-75.5752382994548,-75.5752382994548
57.850001621246335,-75.57622108142498,-75.57622108142498
57.86000162124634,-75.57720791141128,-75.57720791141128
57.87000162124634,-75.57819882379673,-75.57819882379673
57.880001621246336,-75.57919385219735,-75.57919385219735
57.89000162124634,-75.58019302944203,-75.58019302944203
57.90000162124634,-75.58119638760336,-75.58119638760336
57.91000162124634,-75.58220395799613,-75.58220395799613
57.920001621246335,-75.58321577119499,-75.58321577119499
57.93000162124634,-75.58423185702115,-75.58423185702115
57.94000162124634,-75.58525224458873,-75.58525224458873
57.95000162124634,-75.58627696228253,-75.58627696228253
57.960001621246334,-75.58730603779092,-75.58730603779092
57.97000162124634,-75.58833949809278,-75.58833949809278
57.98000162124634,-75.5893773694826,-75.5893773694826
57.990001621246336,-75.59041967757832,-75.59041967757832
58.00000162124634,-75.59146644731707,-75.59146644731707
58.01000162124634,-75.59251770297685,-75.59251770297685
58.02000162124634,-75.5935734681863,-75.5935734681863
58.030001621246335,-75.59463376593322,-75.59463376593322
58.04000162124634,-75.59569861856038,-75.59569861856038
58.05000162124634,-75.59676804778385,-75.59676804778385
58.060001621246336,-75.59784207470818,-75.59784207470818
58.07000162124634,-75.59892071981562,-75.59892071981562
58.08000162124634,-75.60000400300117,-75.60000400300117
58.09000162124634,-75.60109194355886,-75.60109194355886
58.100001621246335,-75.60218456020762,-75.60218456020762
58.11000162124634,-75.60328187106477,-75.60328187106477
58.12000162124634,-75.60438389370228,-75.60438389370228
58.130001621246336,-75.6054906451247,-75.6054906451247
58.14000162124634,-75.60660214178945,-75.60660214178945
58.15000162124634,-75.60771839959314,-75.60771839959314
58.16000162124634,-75.60883943391225,-75.60883943391225
58.170001621246335,-75.60996525958238,-75.60996525958238
58.18000162124634,-75.6110958909203,-75.6110958909203
58.19000162124634,-75.61223134173223,-75.61223134173223
58.20000162124634,-75.61337162531471,-75.61337162531471
58.210001621246334,-75.61451675446709,-75.61451675446709
58.22000162124634,-75.61566674149184,-75.61566674149184
58.23000162124634,-75.61682159821159,-75.61682159821159
58.240001621246336,-75.61798133596653,-75.61798133596653
58.25000162124634,-75.61914596563726,-75.61914596563726
58.26000162124634,-75.62031549762187,-75.62031549762187
58.27000162124634,-75.6214899418789,-75.6214899418789
58.280001621246335,-75.62266930790386,-75.62266930790386
58.29000162124634,-75.62385360475824,-75.62385360475824
58.30000162124634,-75.62504284106151,-75.62504284106151
58.310001621246336,-75.62623702500296,-75.62623702500296
58.32000162124634,-75.62743616436171,-75.62743616436171
58.33000162124634,-75.62864026647507,-75.62864026647507
58.34000162124634,-75.62984933828368,-75.62984933828368
58.350001621246335,-75.63106338632504,-75.63106338632504
58.36000162124634,-75.63228241673649,-75.63228241673649
58.37000162124634,-75.63350643525698,-75.63350643525698
58.380001621246336,-75.6347354472489,-75.6347354472489
58.39000162124634,-75.63596945768762,-75.63596945768762
58.40000162124634,-75.63720847117507,-75.63720847117507
58.41000162124634,-75.63845249194544,-75.63845249194544
58.420001621246335,-75.63970152386253,-75.63970152386253
58.43000162124634,-75.64095557044166,-75.64095557044166
58.44000162124634,-75.6422146348482,-75.6422146348482
58.45000162124634,-75.64347871989133,-75.64347871989133
58.460001621246334,-75.64474782804733,-75.64474782804733
58.47000162124634,-75.64602196146572,-75.64602196146572
58.48000162124634,-75.64730112193925,-75.64730112193925
58.490001621246336,-75.64858531095858,-75.64858531095858
58.50000162124634,-75.64987452968545,-75.64987452968545
58.51000162124634,-75.65116877896585,-75.65116877896585
58.52000162124634,-75.65246805934015,-75.65246805934015
58.530001621246335,-75.65377237104762,-75.65377237104762
58.54000162124634,-75.65508171401474,-75.65508171401474
58.55000162124634,-75.6563960878923,-75.6563960878923
58.560001621246336,-75.65771549202071,-75.65771549202071
58.57000162124634,-75.6590399254617,-75.6590399254617
58.58000162124634,-75.66036938700333,-75.66036938700333
58.59000162124634,-75.66170387514902,-75.66170387514902
58.600001621246335,-75.66304338813089,-75.66304338813089
58.61000162124634,-75.66438792392272,-75.66438792392272
58.62000162124634,-75.66573748022402,-75.66573748022402
58.630001621246336,-75.66709205448068,-75.66709205448068
58.64000162124634,-75.66845164388828,-75.66845164388828
58.650001645088196,-75.66981624863372,-75.66981624863372
58.660001645088194,-75.67118585893228,-75.67118585893228
58.6700016450882,-75.67256047446085,-75.67256047446085
58.6800016450882,-75.67394009143747,-75.67394009143747
58.690001645088195,-75.6753247058469,-75.6753247058469
58.70000164508819,-75.67671431344114,-75.67671431344114
58.7100016450882,-75.67810890974448,-75.67810890974448
58.720001645088196,-75.67950849006252,-75.67950849006252
58.730001645088194,-75.68091304947518,-75.68091304947518
58.7400016450882,-75.68232258285457,-75.68232258285457
58.7500016450882,-75.68373708486023,-75.68373708486023
58.760001645088195,-75.68515654994458,-75.68515654994458
58.77000164508819,-75.68658097234871,-75.68658097234871
58.7800016450882,-75.68801034612791,-75.68801034612791
58.790001645088196,-75.68944466512514,-75.68944466512514
58.800001645088194,-75.6908839230044,-75.6908839230044
58.81000164508819,-75.6923281132287,-75.6923281132287
58.8200016450882,-75.69377722907366,-75.69377722907366
58.830001645088196,-75.69523126364454,-75.69523126364454
58.84000164508819,-75.69669020985236,-75.69669020985236
58.8500016450882,-75.69815406044404,-75.69815406044404
58.8600016450882,-75.69962280797795,-75.69962280797795
58.870001645088195,-75.70109644484764,-75.70109644484764
58.88000164508819,-75.70257496328162,-75.70257496328162
58.8900016450882,-75.70405835534947,-75.70405835534947
58.900001645088196,-75.70554661294369,-75.70554661294369
58.910001645088194,-75.70703972780417,-75.70703972780417
58.9200016450882,-75.70853769152,-75.70853769152
58.9300016450882,-75.71004049552391,-75.71004049552391
58.940001645088195,-75.71154813109868,-75.71154813109868
58.95000164508819,-75.71306058938295,-75.71306058938295
58.9600016450882,-75.71457786135103,-75.71457786135103
58.970001645088196,-75.71609993787092,-75.71609993787092
58.980001645088194,-75.71762680963923,-75.71762680963923
58.9900016450882,-75.7191584672291,-75.7191584672291
59.0000016450882,-75.72069490108004,-75.72069490108004
59.010001645088195,-75.72223610149996,-75.72223610149996
59.02000164508819,-75.72378205866586,-75.72378205866586
59.0300016450882,-75.72533276261959,-75.72533276261959
59.040001645088196,-75.7268882032919,-75.7268882032919
59.050001645088194,-75.72844837048632,-75.72844837048632
59.06000164508819,-75.73001325389346,-75.73001325389346
59.0700016450882,-75.73158284306963,-75.73158284306963
59.080001645088196,-75.73315712747376,-75.73315712747376
59.09000164508819,-75.73473609644346,-75.73473609644346
59.1000016450882,-75.73631973921138,-75.73631973921138
59.1100016450882,-75.73790804488712,-75.73790804488712
59.120001645088195,-75.73950100249556,-75.73950100249556
59.13000164508819,-75.74109860094562,-75.74109860094562
59.1400016450882,-75.74270082904229,-75.74270082904229
59.150001645088196,-75.74430767550378,-75.74430767550378
59.160001645088194,-75.74591912893548,-75.74591912893548
59.1700016450882,-75.74753517785616,-75.74753517785616
59.1800016450882,-75.7491558106939,-75.7491558106939
59.190001645088195,-75.7507810157687,-75.7507810157687
59.20000164508819,-75.75241078132613,-75.75241078132613
59.2100016450882,-75.75404509552048,-75.75404509552048
59.220001645088196,-75.75568394642346,-75.75568394642346
59.230001645088194,-75.75732732201128,-75.75732732201128
59.2400016450882,-75.75897521018882,-75.75897521018882
59.2500016450882,-75.76062759877799,-75.76062759877799
59.260001645088195,-75.7622844755148,-75.7622844755148
59.27000164508819,-75.76394582807681,-75.76394582807681
59.2800016450882,-75.76561164404443,-75.76561164404443
59.290001645088196,-75.76728191093028,-75.76728191093028
59.300001645088194,-75.76895661618589,-75.76895661618589
59.31000164508819,-75.77063574718485,-75.77063574718485
59.3200016450882,-75.77231929123121,-75.77231929123121
59.330001645088196,-75.77400723556345,-75.77400723556345
59.34000164508819,-75.77569956735866,-75.77569956735866
59.3500016450882,-75.77739627371805,-75.77739627371805
59.3600016450882,-75.77909734169575,-75.77909734169575
59.370001645088195,-75.78080275828077,-75.78080275828077
59.38000164508819,-75.78251251039725,-75.78251251039725
59.3900016450882,-75.78422658490767,-75.78422658490767
59.400001645088196,-75.785944968638,-75.785944968638
59.410001645088194,-75.78766764833348,-75.78766764833348
59.4200016450882,-75.7893946107068,-75.7893946107068
59.4300016450882,-75.79112584240832,-75.79112584240832
59.440001645088195,-75.79286133003797,-75.79286133003797
59.45000164508819,-75.7946010601498,-75.7946010601498
59.4600016450882,-75.79634501924272,-75.79634501924272
59.470001645088196,-75.79809319377894,-75.79809319377894
59.480001645088194,-75.79984557016516,-75.79984557016516
59.4900016450882,-75.8016021347747,-75.8016021347747
59.500001668930054,-75.8033628781304,-75.8033628781304
59.51000166893005,-75.80512777813863,-75.80512777813863
59.52000166893006,-75.80689682521347,-75.80689682521347
59.530001668930055,-75.80867000556158,-75.80867000556158
59.54000166893005,-75.81044730534407,-75.81044730534407
59.55000166893005,-75.81222871069139,-75.81222871069139
59.560001668930056,-75.8140142077035,-75.8140142077035
59.570001668930054,-75.81580378241905,-75.81580378241905
59.58000166893005,-75.81759742087323,-75.81759742087323
59.59000166893006,-75.81939510906598,-75.81939510906598
59.600001668930055,-75.82119683294138,-75.82119683294138
59.61000166893005,-75.82300257843521,-75.82300257843521
59.62000166893005,-75.82481233144968,-75.82481233144968
59.630001668930056,-75.82662607784788,-75.82662607784788
59.640001668930054,-75.82844380348173,-75.82844380348173
59.65000166893005,-75.83026549416317,-75.83026549416317
59.66000166893005,-75.83209113569427,-75.83209113569427
59.670001668930055,-75.83392071383435,-75.83392071383435
59.68000166893005,-75.83575421433969,-75.83575421433969
59.69000166893005,-75.83759162292684,-75.83759162292684
59.70000166893006,-75.83943292529271,-75.83943292529271
59.710001668930055,-75.84127810711675,-75.84127810711675
59.72000166893005,-75.84312715406857,-75.84312715406857
59.73000166893005,-75.8449800517864,-75.8449800517864
59.740001668930056,-75.84683678589487,-75.84683678589487
59.750001668930054,-75.84869734200167,-75.84869734200167
59.76000166893005,-75.85056170569389,-75.85056170569389
59.77000166893006,-75.85242986255845,-75.85242986255845
59.780001668930055,-75.85430179815684,-75.85430179815684
59.79000166893005,-75.85617749802479,-75.85617749802479
59.80000166893005,-75.85805694770482,-75.85805694770482
59.810001668930056,-75.85994013272217,-75.85994013272217
59.820001668930054,-75.86182703858432,-75.86182703858432
59.83000166893005,-75.86371765079627,-75.86371765079627
59.84000166893006,-75.86561195485174,-75.86561195485174
59.850001668930055,-75.86750993622877,-75.86750993622877
59.86000166893005,-75.8694115804012,-75.8694115804012
59.87000166893005,-75.87131687284071,-75.87131687284071
59.880001668930056,-75.87322579900892,-75.87322579900892
59.890001668930054,-75.87513834435607,-75.87513834435607
59.90000166893005,-75.87705449433044,-75.87705449433044
59.91000166893005,-75.87897423437695,-75.87897423437695
59.920001668930055,-75.88089754992825,-75.88089754992825
59.93000166893005,-75.88282442643163,-75.88282442643163
59.94000166893005,-75.88475484931695,-75.88475484931695
59.95000166893006,-75.88668880401886,-75.88668880401886
59.960001668930055,-75.8886262759675,-75.8886262759675
59.97000166893005,-75.89056725058535,-75.89056725058535
59.98000166893005,-75.8925117133033,-75.8925117133033
59.990001668930056,-75.89445964955294,-75.89445964955294
60.000001668930054,-75.89641104476554,-75.89641104476554
60.01000166893005,-75.8983658843745,-75.8983658843745
60.02000166893006,-75.90032415381638,-75.90032415381638
60.030001668930055,-75.90228583852358,-75.90228583852358
60.04000166893005,-75.90425092392826,-75.90425092392826
60.05000166893005,-75.90621939549209,-75.90621939549209
60.060001668930056,-75.90819123864294,-75.90819123864294
60.070001668930054,-75.91016643885216,-75.91016643885216
60.08000166893005,-75.91214498156478,-75.91214498156478
60.09000166893006,-75.91412685225347,-75.91412685225347
60.100001668930055,-75.91611203638759,-75.91611203638759
60.11000166893005,-75.91810051944383,-75.91810051944383
60.12000166893005,-75.9200922868998,-75.9200922868998
60.130001668930056,-75.92208732426162,-75.92208732426162
60.140001668930054,-75.92408561702108,-75.92408561702108
60.15000166893005,-75.9260871507016,-75.9260871507016
60.16000166893005,-75.92809191080904,-75.92809191080904
60.170001668930055,-75.9300998828794,-75.9300998828794
60.18000166893005,-75.93211105244676,-75.93211105244676
60.19000166893005,-75.93412540506807,-75.93412540506807
60.20000166893006,-75.93614292630001,-75.93614292630001
60.210001668930055,-75.93815697028825,-75.93815697028825
60.22000166893005,-75.9401646135917,-75.9401646135917
60.23000166893005,-75.9421644207525,-75.9421644207525
60.240001668930056,-75.94415564500416,-75.94415564500416
60.250001668930054,-75.94613792336686,-75.94613792336686
60.26000166893005,-75.9481111183935,-75.9481111183935
60.27000166893006,-75.9500752254529,-75.9500752254529
60.280001668930055,-75.95203031706963,-75.95203031706963
60.29000166893005,-75.95397650943103,-75.95397650943103
60.30000166893005,-75.95591394230536,-75.95591394230536
60.310001668930056,-75.95784276705336,-75.95784276705336
60.320001668930054,-75.95976313957453,-75.95976313957453
60.33000166893005,-75.96167521624129,-75.96167521624129
60.34000166893006,-75.96357915165913,-75.96357915165913
60.35000169277191,-75.96547510206109,-75.96547510206109
60.36000169277191,-75.96736320672122,-75.96736320672122
60.370001692771915,-75.96924361504871,-75.96924361504871
60.38000169277191,-75.97111646854748,-75.97111646854748
60.39000169277191,-75.97298190557198,-75.97298190557198
60.40000169277191,-75.97484006162964,-75.97484006162964
60.410001692771914,-75.97669106964392,-75.97669106964392
60.42000169277191,-75.97853506022473,-75.97853506022473
60.43000169277191,-75.98037216190383,-75.98037216190383
60.440001692771915,-75.98220250138891,-75.98220250138891
60.45000169277191,-75.9840262037223,-75.9840262037223
60.46000169277191,-75.98584339245971,-75.98584339245971
60.47000169277191,-75.98765418980578,-75.98765418980578
60.480001692771914,-75.989458716738,-75.989458716738
60.49000169277191,-75.9912570930884,-75.9912570930884
60.50000169277191,-75.99304943763883,-75.99304943763883
60.51000169277191,-75.99483586816513,-75.99483586816513
60.52000169277191,-75.99661650149292,-75.99661650149292
60.53000169277191,-75.99839145356408,-75.99839145356408
60.54000169277191,-76.0001608394222,-76.0001608394222
60.550001692771914,-76.00192477325531,-76.00192477325531
60.56000169277191,-76.00368336841395,-76.00368336841395
60.57000169277191,-76.00543673741994,-76.00543673741994
60.58000169277191,-76.00718499195351,-76.00718499195351
60.590001692771914,-76.0089282428839,-76.0089282428839
60.60000169277191,-76.0106666002447,-76.0106666002447
60.61000169277191,-76.01240017324139,-76.01240017324139
60.620001692771915,-76.01412907021788,-76.01412907021788
60.63000169277191,-76.01585339870778,-76.01585339870778
60.64000169277191,-76.01757326536993,-76.01757326536993
60.65000169277191,-76.01928877599211,-76.01928877599211
60.660001692771914,-76.02100003550774,-76.02100003550774
60.67000169277191,-76.02270714795091,-76.02270714795091
60.68000169277191,-76.0244102164643,-76.0244102164643
60.690001692771915,-76.02610934329232,-76.02610934329232
60.70000169277191,-76.02780462975167,-76.02780462975167
60.71000169277191,-76.02949617624574,-76.02949617624574
60.72000169277191,-76.03118408223769,-76.03118408223769
60.730001692771914,-76.03286844625073,-76.03286844625073
60.74000169277191,-76.03454936584612,-76.03454936584612
60.75000169277191,-76.03622693764314,-76.03622693764314
60.76000169277191,-76.03790125727267,-76.03790125727267
60.77000169277191,-76.03957241940097,-76.03957241940097
60.78000169277191,-76.04124051770249,-76.04124051770249
60.79000169277191,-76.04290564487938,-76.04290564487938
60.800001692771914,-76.04456789262196,-76.04456789262196
60.81000169277191,-76.04622735162839,-76.04622735162839
60.82000169277191,-76.04788411159782,-76.04788411159782
60.83000169277191,-76.04953826122193,-76.04953826122193
60.840001692771914,-76.05118988817968,-76.05118988817968
60.85000169277191,-76.05283907913079,-76.05283907913079
60.86000169277191,-76.0544859197462,-76.0544859197462
60.870001692771915,-76.05613049464266,-76.05613049464266
60.88000169277191,-76.05777288745188,-76.05777288745188
60.89000169277191,-76.05941318076913,-76.05941318076913
60.90000169277191,-76.06105145617683,-76.06105145617683
60.910001692771914,-76.06268779424262,-76.06268779424262
60.92000169277191,-76.06432227452501,-76.06432227452501
60.93000169277191,-76.06595497555948,-76.06595497555948
60.940001692771915,-76.06758597485992,-76.06758597485992
60.95000169277191,-76.06921534894872,-76.06921534894872
60.96000169277191,-76.07084317332583,-76.07084317332583
60.97000169277191,-76.07246952249719,-76.07246952249719
60.980001692771914,-76.07409446995368,-76.07409446995368
60.99000169277191,-76.07571808820138,-76.07571808820138
61.00000169277191,-76.07734044874401,-76.07734044874401
61.01000169277191,-76.07896162210021,-76.07896162210021
61.02000169277191,-76.08058167780506,-76.08058167780506
61.03000169277191,-76.08220068441659,-76.08220068441659
61.04000169277191,-76.08381870951334,-76.08381870951334
61.050001692771914,-76.08543581969188,-76.08543581969188
61.06000169277191,-76.08705208061704,-76.08705208061704
61.07000169277191,-76.08866755697143,-76.08866755697143
61.08000169277191,-76.09028231250092,-76.09028231250092
61.090001692771914,-76.09189640998295,-76.09189640998295
61.10000169277191,-76.09350991129436,-76.09350991129436
61.11000169277191,-76.09512287734623,-76.09512287734623
61.120001692771915,-76.09673536814357,-76.09673536814357
61.13000169277191,-76.09834744277262,-76.09834744277262
61.14000169277191,-76.09995915940995,-76.09995915940995
61.15000169277191,-76.10157057531626,-76.10157057531626
61.160001692771914,-76.10318174687835,-76.10318174687835
61.17000169277191,-76.10479272957518,-76.10479272957518
61.18000169277191,-76.10640357801965,-76.10640357801965
61.190001692771915,-76.10801434595211,-76.10801434595211
61.20000171661377,-76.10962509007334,-76.10962509007334
61.21000171661377,-76.11123585473523,-76.11123585473523
61.22000171661377,-76.11284669493622,-76.11284669493622
61.23000171661377,-76.11445766099905,-76.11445766099905
61.24000171661377,-76.11606880241906,-76.11606880241906
61.25000171661377,-76.11768016787417,-76.11768016787417
61.26000171661377,-76.11929180521548,-76.11929180521548
61.27000171661377,-76.12090376149858,-76.12090376149858
61.28000171661377,-76.12251608296718,-76.12251608296718
61.29000171661377,-76.12412881508523,-76.12412881508523
61.30000171661377,-76.12574200253192,-76.12574200253192
61.31000171661377,-76.12735568920503,-76.12735568920503
61.32000171661377,-76.12896991824205,-76.12896991824205
61.33000171661377,-76.13058473202535,-76.13058473202535
61.34000171661377,-76.13220017219075,-76.13220017219075
61.35000171661377,-76.13381627963018,-76.13381627963018
61.360001716613766,-76.13543309450345,-76.13543309450345
61.37000171661377,-76.13705065624413,-76.13705065624413
61.38000171661377,-76.13866900357438,-76.13866900357438
61.39000171661377,-76.14028817450723,-76.14028817450723
61.40000171661377,-76.1419082063664,-76.1419082063664
61.41000171661377,-76.14352913576913,-76.14352913576913
61.42000171661377,-76.1451509986585,-76.1451509986585
61.430001716613766,-76.14677383030894,-76.14677383030894
61.44000171661377,-76.14839766531934,-76.14839766531934
61.45000171661377,-76.15002253763964,-76.15002253763964
61.46000171661377,-76.15164848056554,-76.15164848056554
61.47000171661377,-76.15327552673922,-76.15327552673922
61.48000171661377,-76.15490370819893,-76.15490370819893
61.49000171661377,-76.15653305633623,-76.15653305633623
61.50000171661377,-76.15816360192028,-76.15816360192028
61.51000171661377,-76.15979537512752,-76.15979537512752
61.52000171661377,-76.16142840551821,-76.16142840551821
61.53000171661377,-76.16306272206694,-76.16306272206694
61.54000171661377,-76.16469835314797,-76.16469835314797
61.55000171661377,-76.16633532658082,-76.16633532658082
61.56000171661377,-76.16797366958798,-76.16797366958798
61.57000171661377,-76.16961340884646,-76.16961340884646
61.58000171661377,-76.17125457045927,-76.17125457045927
61.59000171661377,-76.17289717999972,-76.17289717999972
61.60000171661377,-76.17454126248698,-76.17454126248698
61.610001716613766,-76.17618684240382,-76.17618684240382
61.62000171661377,-76.17783394371102,-76.17783394371102
61.63000171661377,-76.1794825898374,-76.1794825898374
61.64000171661377,-76.18113280372077,-76.18113280372077
61.65000171661377,-76.18278460777597,-76.18278460777597
61.66000171661377,-76.18443802391286,-76.18443802391286
61.67000171661377,-76.18609307357008,-76.18609307357008
61.680001716613766,-76.18774977767926,-76.18774977767926
61.69000171661377,-76.18940815670946,-76.18940815670946
61.70000171661377,-76.19106823063177,-76.19106823063177
61.71000171661377,-76.19273001898317,-76.19273001898317
61.72000171661377,-76.19439354081759,-76.19439354081759
61.73000171661377,-76.19605881474801,-76.19605881474801
61.74000171661377,-76.1977258589369,-76.1977258589369
61.75000171661377,-76.19939469110318,-76.19939469110318
61.76000171661377,-76.20106532853674,-76.20106532853674
61.77000171661377,-76.20273778810115,-76.20273778810115
61.78000171661377,-76.20441208622346,-76.20441208622346
61.79000171661377,-76.20608823892215,-76.20608823892215
61.80000171661377,-76.20776626182008,-76.20776626182008
61.81000171661377,-76.20944617011841,-76.20944617011841
61.82000171661377,-76.21112797862364,-76.21112797862364
61.83000171661377,-76.21281170175772,-76.21281170175772
61.84000171661377,-76.2144973535406,-76.2144973535406
61.85000171661377,-76.21618494762293,-76.21618494762293
61.860001716613766,-76.21787449728052,-76.21787449728052
61.87000171661377,-76.219566015407,-76.219566015407
61.88000171661377,-76.22125951454396,-76.22125951454396
61.89000171661377,-76.22295500686602,-76.22295500686602
61.90000171661377,-76.22465250418496,-76.22465250418496
61.91000171661377,-76.22635201798518,-76.22635201798518
61.92000171661377,-76.2280535593951,-76.2280535593951
61.930001716613766,-76.22975713920461,-76.22975713920461
61.94000171661377,-76.23146276786655,-76.23146276786655
61.95000171661377,-76.23317045550753,-76.23317045550753
61.96000171661377,-76.23488021193867,-76.23488021193867
61.97000171661377,-76.23659204663399,-76.23659204663399
61.98000171661377,-76.23830596876915,-76.23830596876915
61.99000171661377,-76.24002198719944,-76.24002198719944
62.00000171661377,-76.24174011048056,-76.24174011048056
62.01000171661377,-76.2434603468672,-76.2434603468672
62.02000171661377,-76.24518270432311,-76.24518270432311
62.03000171661377,-76.24690719050383,-76.24690719050383
62.04000171661377,-76.24863381279988,-76.24863381279988
62.05000174045563,-76.25036258242449,-76.25036258242449
62.060001740455625,-76.2520934979733,-76.2520934979733
62.07000174045563,-76.2538265700874,-76.2538265700874
62.08000174045563,-76.25556180505029,-76.25556180505029
62.09000174045563,-76.25729920887458,-76.25729920887458
62.100001740455625,-76.25903878729923,-76.25903878729923
62.11000174045563,-76.2607805458143,-76.2607805458143
62.12000174045563,-76.2625244896611,-76.2625244896611
62.130001740455626,-76.26427062381899,-76.26427062381899
62.14000174045563,-76.26601895303969,-76.26601895303969
62.15000174045563,-76.26776948180579,-76.26776948180579
62.16000174045563,-76.26952221439315,-76.26952221439315
62.170001740455625,-76.27127715481683,-76.27127715481683
62.18000174045563,-76.27303430687661,-76.27303430687661
62.19000174045563,-76.27479367412838,-76.27479367412838
62.200001740455626,-76.27655525992343,-76.27655525992343
62.210001740455624,-76.27831906738348,-76.27831906738348
62.22000174045563,-76.28008509941826,-76.28008509941826
62.23000174045563,-76.2818533587117,-76.2818533587117
62.240001740455625,-76.2836238477489,-76.2836238477489
62.25000174045563,-76.28539656880714,-76.28539656880714
62.26000174045563,-76.28717152395444,-76.28717152395444
62.270001740455626,-76.2889487150682,-76.2889487150682
62.280001740455624,-76.29072814381288,-76.29072814381288
62.29000174045563,-76.29250981168366,-76.29250981168366
62.30000174045563,-76.29429371996123,-76.29429371996123
62.310001740455625,-76.29607986974777,-76.29607986974777
62.32000174045563,-76.29786826196349,-76.29786826196349
62.33000174045563,-76.29965889734146,-76.29965889734146
62.34000174045563,-76.3014517764444,-76.3014517764444
62.350001740455625,-76.30324689965545,-76.30324689965545
62.36000174045563,-76.30504426717064,-76.30504426717064
62.37000174045563,-76.3068438790388,-76.3068438790388
62.380001740455626,-76.30864573512123,-76.30864573512123
62.39000174045563,-76.31044983512979,-76.31044983512979
62.40000174045563,-76.31225617860109,-76.31225617860109
62.41000174045563,-76.3140647649227,-76.3140647649227
62.420001740455625,-76.31587559332812,-76.31587559332812
62.43000174045563,-76.31768866288702,-76.31768866288702
62.44000174045563,-76.31950397252108,-76.31950397252108
62.450001740455626,-76.32132152099675,-76.32132152099675
62.460001740455624,-76.32314130694172,-76.32314130694172
62.47000174045563,-76.32496332884546,-76.32496332884546
62.48000174045563,-76.32678758503927,-76.32678758503927
62.490001740455625,-76.32861407373011,-76.32861407373011
62.50000174045563,-76.3304427929779,-76.3304427929779
62.51000174045563,-76.33227374070887,-76.33227374070887
62.520001740455626,-76.33410691472814,-76.33410691472814
62.530001740455624,-76.33594231269205,-76.33594231269205
62.54000174045563,-76.33777993214542,-76.33777993214542
62.55000174045563,-76.33961977049111,-76.33961977049111
62.560001740455625,-76.34146182502542,-76.34146182502542
62.57000174045563,-76.34330609291024,-76.34330609291024
62.58000174045563,-76.34515257119517,-76.34515257119517
62.59000174045563,-76.3470012568145,-76.3470012568145
62.600001740455625,-76.34885214657359,-76.34885214657359
62.61000174045563,-76.35070523717968,-76.35070523717968
62.62000174045563,-76.35256052522071,-76.35256052522071
62.630001740455626,-76.3544180071745,-76.3544180071745
62.64000174045563,-76.35627767941001,-76.35627767941001
62.65000174045563,-76.35813953820616,-76.35813953820616
62.66000174045563,-76.36000357971834,-76.36000357971834
62.670001740455625,-76.36186980000423,-76.36186980000423
62.68000174045563,-76.36373819502941,-76.36373819502941
62.69000174045563,-76.36560876065292,-76.36560876065292
62.700001740455626,-76.36748149264673,-76.36748149264673
62.710001740455624,-76.36935638667927,-76.36935638667927
62.72000174045563,-76.37123343832278,-76.37123343832278
62.73000174045563,-76.37311264307304,-76.37311264307304
62.740001740455625,-76.37499399631834,-76.37499399631834
62.75000174045563,-76.37687749336106,-76.37687749336106
62.76000174045563,-76.37876312943555,-76.37876312943555
62.770001740455626,-76.38065089967249,-76.38065089967249
62.780001740455624,-76.38254079912812,-76.38254079912812
62.79000174045563,-76.38443282276893,-76.38443282276893
62.80000174045563,-76.38632696549406,-76.38632696549406
62.810001740455625,-76.38822322211001,-76.38822322211001
62.82000174045563,-76.3901215873519,-76.3901215873519
62.83000174045563,-76.39202205587415,-76.39202205587415
62.84000174045563,-76.39392462226776,-76.39392462226776
62.850001740455625,-76.39582928103891,-76.39582928103891
62.86000174045563,-76.39773602663439,-76.39773602663439
62.87000174045563,-76.39964485341805,-76.39964485341805
62.880001740455626,-76.40155575568761,-76.40155575568761
62.89000174045563,-76.4034687276893,-76.4034687276893
62.900001764297485,-76.40538376813946,-76.40538376813946
62.91000176429748,-76.40730086203163,-76.40730086203163
62.92000176429749,-76.40922000794438,-76.40922000794438
62.93000176429749,-76.41114119986794,-76.41114119986794
62.940001764297484,-76.41306443171017,-76.41306443171017
62.95000176429748,-76.4149896973175,-76.4149896973175
62.96000176429749,-76.41691031615451,-76.41691031615451
62.970001764297486,-76.41882335317193,-76.41882335317193
62.980001764297484,-76.420727370525,-76.420727370525
62.99000176429749,-76.42262162331818,-76.42262162331818
63.00000176429749,-76.42450575274067,-76.42450575274067
63.010001764297485,-76.42637962691566,-76.42637962691566
63.02000176429748,-76.42824324758318,-76.42824324758318
63.03000176429749,-76.43009669414435,-76.43009669414435
63.040001764297486,-76.43194008994334,-76.43194008994334
63.050001764297484,-76.43377358209936,-76.43377358209936
63.06000176429748,-76.43559732943004,-76.43559732943004
63.07000176429749,-76.43741149534436,-76.43741149534436
63.080001764297485,-76.43921624376614,-76.43921624376614
63.09000176429748,-76.4410117368853,-76.4410117368853
63.10000176429749,-76.4427981339855,-76.4427981339855
63.110001764297486,-76.4445755909851,-76.4445755909851
63.120001764297484,-76.44634426031531,-76.44634426031531
63.13000176429748,-76.44810429104193,-76.44810429104193
63.14000176429749,-76.44985582907358,-76.44985582907358
63.150001764297485,-76.45159901746267,-76.45159901746267
63.16000176429748,-76.45333399664003,-76.45333399664003
63.17000176429749,-76.45506090471096,-76.45506090471096
63.18000176429749,-76.45677987770199,-76.45677987770199
63.190001764297484,-76.45849104976107,-76.45849104976107
63.20000176429748,-76.46019455335966,-76.46019455335966
63.21000176429749,-76.46189051946921,-76.46189051946921
63.220001764297486,-76.46357907767748,-76.46357907767748
63.230001764297484,-76.46526035630015,-76.46526035630015
63.24000176429749,-76.4669344824981,-76.4669344824981
63.25000176429749,-76.4686015823446,-76.4686015823446
63.260001764297485,-76.47026178087809,-76.47026178087809
63.27000176429748,-76.47191520215361,-76.47191520215361
63.28000176429749,-76.4735619693006,-76.4735619693006
63.290001764297486,-76.47520220452547,-76.47520220452547
63.300001764297484,-76.4768360291478,-76.4768360291478
63.31000176429748,-76.47846356359616,-76.47846356359616
63.32000176429749,-76.48008492745286,-76.48008492745286
63.330001764297485,-76.48170023941395,-76.48170023941395
63.34000176429748,-76.48330961732772,-76.48330961732772
63.35000176429749,-76.48491317815432,-76.48491317815432
63.360001764297486,-76.48651103800943,-76.48651103800943
63.370001764297484,-76.4881033121093,-76.4881033121093
63.38000176429748,-76.48969011479171,-76.48969011479171
63.39000176429749,-76.49127155949729,-76.49127155949729
63.400001764297485,-76.49284775876067,-76.49284775876067
63.41000176429748,-76.49441882421851,-76.49441882421851
63.42000176429749,-76.49598486656141,-76.49598486656141
63.43000176429749,-76.4975459955514,-76.4975459955514
63.440001764297484,-76.49910232000461,-76.49910232000461
63.45000176429748,-76.50065394777535,-76.50065394777535
63.46000176429749,-76.50220098576148,-76.50220098576148
63.470001764297486,-76.50374353987948,-76.50374353987948
63.480001764297484,-76.50528171505634,-76.50528171505634
63.49000176429749,-76.50681561522248,-76.50681561522248
63.50000176429749,-76.50834534331268,-76.50834534331268
63.510001764297485,-76.50987100125,-76.50987100125
63.52000176429748,-76.511392689935,-76.511392689935
63.53000176429749,-76.51291050924388,-76.51291050924388
63.540001764297486,-76.51442455802469,-76.51442455802469
63.550001764297484,-76.5159349340891,-76.5159349340891
63.56000176429748,-76.51744173420549,-76.51744173420549
63.57000176429749,-76.51894505410182,-76.51894505410182
63.580001764297485,-76.52044498845136,-76.52044498845136
63.59000176429748,-76.5219416308779,-76.5219416308779
63.60000176429749,-76.52343507394376,-76.52343507394376
63.610001764297486,-76.52492540916818,-76.52492540916818
63.620001764297484,-76.52641272700122,-76.52641272700122
63.63000176429748,-76.52789711684497,-76.52789711684497
63.64000176429749,-76.52937866702315,-76.52937866702315
63.650001764297485,-76.53085746482785,-76.53085746482785
63.66000176429748,-76.53233359646951,-76.53233359646951
63.67000176429749,-76.53380714710083,-76.53380714710083
63.68000176429749,-76.53527820084363,-76.53527820084363
63.690001764297484,-76.53674684074359,-76.53674684074359
63.70000176429748,-76.5382131488039,-76.5382131488039
63.71000176429749,-76.53967720597532,-76.53967720597532
63.720001764297486,-76.54113909215934,-76.54113909215934
63.730001764297484,-76.5425988862258,-76.5425988862258
63.74000176429749,-76.5440566660037,-76.5440566660037
63.75000178813934,-76.54551251176169,-76.54551251176169
63.76000178813934,-76.54696649231468,-76.54696649231468
63.770001788139346,-76.5484186858881,-76.5484186858881
63.780001788139344,-76.5498691661936,-76.5498691661936
63.79000178813934,-76.5513180059516,-76.5513180059516
63.80000178813934,-76.55276527686512,-76.55276527686512
63.810001788139346,-76.55421104963007,-76.55421104963007
63.82000178813934,-76.55565539395974,-76.55565539395974
63.83000178813934,-76.55709837856661,-76.55709837856661
63.84000178813935,-76.55854007118738,-76.55854007118738
63.850001788139345,-76.55998053857961,-76.55998053857961
63.86000178813934,-76.56141984654127,-76.56141984654127
63.87000178813934,-76.5628580598951,-76.5628580598951
63.880001788139346,-76.56429524252366,-76.56429524252366
63.890001788139344,-76.56573145735317,-76.56573145735317
63.90000178813934,-76.56716676637609,-76.56716676637609
63.91000178813934,-76.56860123065026,-76.56860123065026
63.920001788139345,-76.5700349103183,-76.5700349103183
63.93000178813934,-76.57146786459461,-76.57146786459461
63.94000178813934,-76.5729001518051,-76.5729001518051
63.950001788139346,-76.57433182935277,-76.57433182935277
63.960001788139344,-76.57575626663505,-76.57575626663505
63.97000178813934,-76.57717058564238,-76.57717058564238
63.98000178813934,-76.57857340783082,-76.57857340783082
63.990001788139345,-76.57996404819787,-76.57996404819787
64.00000178813934,-76.58134220782378,-76.58134220782378
64.01000178813935,-76.58270781435898,-76.58270781435898
64.02000178813934,-76.58406092854861,-76.58406092854861
64.03000178813934,-76.58540168812915,-76.58540168812915
64.04000178813935,-76.5867302740916,-76.5867302740916
64.05000178813934,-76.588046890444,-76.588046890444
64.06000178813935,-76.58935175213679,-76.58935175213679
64.07000178813934,-76.59064507794264,-76.59064507794264
64.08000178813934,-76.59192708638071,-76.59192708638071
64.09000178813935,-76.5931979934635,-76.5931979934635
64.10000178813934,-76.59445801153427,-76.59445801153427
64.11000178813934,-76.59570734882833,-76.59570734882833
64.12000178813935,-76.59694620933165,-76.59694620933165
64.13000178813934,-76.59817479293453,-76.59817479293453
64.14000178813934,-76.59939329564796,-76.59939329564796
64.15000178813935,-76.60060190989059,-76.60060190989059
64.16000178813934,-76.60180082475729,-76.60180082475729
64.17000178813934,-76.60299022632483,-76.60299022632483
64.18000178813935,-76.60417029787199,-76.60417029787199
64.19000178813934,-76.60534122013253,-76.60534122013253
64.20000178813935,-76.60650317148274,-76.60650317148274
64.21000178813934,-76.60765632811984,-76.60765632811984
64.22000178813934,-76.60880086419792,-76.60880086419792
64.23000178813935,-76.60993695196063,-76.60993695196063
64.24000178813934,-76.61106476183565,-76.61106476183565
64.25000178813934,-76.61218446251881,-76.61218446251881
64.26000178813935,-76.61329622106872,-76.61329622106872
64.27000178813934,-76.61440020291518,-76.61440020291518
64.28000178813934,-76.6154965719479,-76.6154965719479
64.29000178813935,-76.61658549053496,-76.61658549053496
64.30000178813934,-76.61766711954526,-76.61766711954526
64.31000178813935,-76.61874161839685,-76.61874161839685
64.32000178813934,-76.61980914502993,-76.61980914502993
64.33000178813934,-76.62086985595646,-76.62086985595646
64.34000178813935,-76.62192390624091,-76.62192390624091
64.35000178813934,-76.62297144952328,-76.62297144952328
64.36000178813934,-76.62401263801958,-76.62401263801958
64.37000178813935,-76.62504762251476,-76.62504762251476
64.38000178813934,-76.62607655235075,-76.62607655235075
64.39000178813934,-76.62709957546777,-76.62709957546777
64.40000178813935,-76.62811683834154,-76.62811683834154
64.41000178813934,-76.62912848602933,-76.62912848602933
64.42000178813934,-76.6301346621379,-76.6301346621379
64.43000178813935,-76.63113550883328,-76.63113550883328
64.44000178813934,-76.63213116683211,-76.63213116683211
64.45000178813935,-76.63312177539531,-76.63312177539531
64.46000178813934,-76.6341074723257,-76.6341074723257
64.47000178813934,-76.63508839396219,-76.63508839396219
64.48000178813935,-76.63606467519458,-76.63606467519458
64.49000178813934,-76.63703644943152,-76.63703644943152
64.50000178813934,-76.63800384862338,-76.63800384862338
64.51000178813935,-76.63896700324077,-76.63896700324077
64.52000178813934,-76.6399260423034,-76.6399260423034
64.53000178813934,-76.64088109333028,-76.64088109333028
64.54000178813935,-76.64183228239142,-76.64183228239142
64.55000178813934,-76.64277973407864,-76.64277973407864
64.56000178813935,-76.64372357150954,-76.64372357150954
64.57000178813934,-76.6446639163462,-76.6446639163462
64.58000178813934,-76.64560088876547,-76.64560088876547
64.59000178813935,-76.64653460749385,-76.64653460749385
64.6000018119812,-76.64746519200575,-76.64746519200575
64.6100018119812,-76.64839275365836,-76.64839275365836
64.6200018119812,-76.64931740903562,-76.64931740903562
64.6300018119812,-76.65023927102443,-76.65023927102443
64.64000181198121,-76.65115845109514,-76.65115845109514
64.6500018119812,-76.65207505926847,-76.65207505926847
64.6600018119812,-76.65298920411318,-76.65298920411318
64.6700018119812,-76.65390099281096,-76.65390099281096
64.6800018119812,-76.65481053108127,-76.65481053108127
64.6900018119812,-76.6557179232594,-76.6557179232594
64.7000018119812,-76.65662327226754,-76.65662327226754
64.7100018119812,-76.65752667962353,-76.65752667962353
64.7200018119812,-76.65842824546777,-76.65842824546777
64.7300018119812,-76.65932806855953,-76.65932806855953
64.7400018119812,-76.66022624627183,-76.66022624627183
64.7500018119812,-76.66112287463035,-76.66112287463035
64.7600018119812,-76.66201804828947,-76.66201804828947
64.7700018119812,-76.66291186057153,-76.66291186057153
64.78000181198121,-76.66380440346218,-76.66380440346218
64.7900018119812,-76.6646957676242,-76.6646957676242
64.8000018119812,-76.66558604239509,-76.66558604239509
64.8100018119812,-76.66647531582022,-76.66647531582022
64.8200018119812,-76.66736367464651,-76.66736367464651
64.8300018119812,-76.66825120432792,-76.66825120432792
64.8400018119812,-76.66913798906631,-76.66913798906631
64.8500018119812,-76.67002411177798,-76.67002411177798
64.8600018119812,-76.67090965414349,-76.67090965414349
64.8700018119812,-76.671794696599,-76.671794696599
64.8800018119812,-76.6726793183545,-76.6726793183545
64.89000181198121,-76.67356359740846,-76.67356359740846
64.9000018119812,-76.67444761053905,-76.67444761053905
64.9100018119812,-76.67533143334711,-76.67533143334711
64.9200018119812,-76.67621514023577,-76.67621514023577
64.9300018119812,-76.67709880445648,-76.67709880445648
64.9400018119812,-76.67798249808004,-76.67798249808004
64.9500018119812,-76.67886629204459,-76.67886629204459
64.9600018119812,-76.67975025615762,-76.67975025615762
64.9700018119812,-76.68063445908616,-76.68063445908616
64.9800018119812,-76.68151896839093,-76.68151896839093
64.9900018119812,-76.68240385054682,-76.68240385054682
65.0000018119812,-76.68328917092161,-76.68328917092161
65.0100018119812,-76.6841749938212,-76.6841749938212
65.0200018119812,-76.68506138247749,-76.68506138247749
65.03000181198121,-76.68594839908138,-76.68594839908138
65.0400018119812,-76.68683610476573,-76.68683610476573
65.0500018119812,-76.68772455964972,-76.68772455964972
65.0600018119812,-76.68861382282752,-76.68861382282752
65.0700018119812,-76.68950395238339,-76.68950395238339
65.0800018119812,-76.6903950054203,-76.6903950054203
65.0900018119812,-76.69128703805482,-76.69128703805482
65.1000018119812,-76.69218010542967,-76.69218010542967
65.1100018119812,-76.69307426172794,-76.69307426172794
65.1200018119812,-76.69396956018235,-76.69396956018235
65.1300018119812,-76.69486605310098,-76.69486605310098
65.14000181198121,-76.69576379184858,-76.69576379184858
65.1500018119812,-76.69666282688725,-76.69666282688725
65.1600018119812,-76.69756320778254,-76.69756320778254
65.1700018119812,-76.69846498319778,-76.69846498319778
65.1800018119812,-76.69936820091463,-76.69936820091463
65.1900018119812,-76.70027290785059,-76.70027290785059
65.2000018119812,-76.70117915006534,-76.70117915006534
65.2100018119812,-76.70208697276745,-76.70208697276745
65.2200018119812,-76.70299642033252,-76.70299642033252
65.2300018119812,-76.7039075363043,-76.7039075363043
65.2400018119812,-76.70482036341492,-76.70482036341492
65.2500018119812,-76.70573494359222,-76.70573494359222
65.2600018119812,-76.70665131796156,-76.70665131796156
65.2700018119812,-76.70756952686695,-76.70756952686695
65.28000181198121,-76.70848960988418,-76.70848960988418
65.2900018119812,-76.7094116058269,-76.7094116058269
65.3000018119812,-76.71033555273709,-76.71033555273709
65.3100018119812,-76.71126148792764,-76.71126148792764
65.3200018119812,-76.71218944796918,-76.71218944796918
65.3300018119812,-76.71311946871418,-76.71311946871418
65.3400018119812,-76.71405158528732,-76.71405158528732
65.3500018119812,-76.71498583212956,-76.71498583212956
65.3600018119812,-76.71592224296936,-76.71592224296936
65.3700018119812,-76.71686085084657,-76.71686085084657
65.3800018119812,-76.71780168813706,-76.71780168813706
65.39000181198121,-76.71874478653436,-76.71874478653436
65.4000018119812,-76.71969017708322,-76.71969017708322
65.4100018119812,-76.7206378901719,-76.7206378901719
65.4200018119812,-76.72158795555104,-76.72158795555104
65.4300018119812,-76.72254040233544,-76.72254040233544
65.4400018119812,-76.72349525902544,-76.72349525902544
65.45000183582306,-76.72445255577756,-76.72445255577756
65.46000183582306,-76.72541231530745,-76.72541231530745
65.47000183582306,-76.72637456656105,-76.72637456656105
65.48000183582306,-76.72733933562432,-76.72733933562432
65.49000183582307,-76.72830664800036,-76.72830664800036
65.50000183582306,-76.72927652860524,-76.72927652860524
65.51000183582306,-76.730249001815,-76.730249001815
65.52000183582305,-76.73122409142614,-76.73122409142614
65.53000183582306,-76.73220182070193,-76.73220182070193
65.54000183582306,-76.73318221235594,-76.73318221235594
65.55000183582305,-76.73416528856846,-76.73416528856846
65.56000183582306,-76.73515107098281,-76.73515107098281
65.57000183582306,-76.73613958073967,-76.73613958073967
65.58000183582305,-76.73713083845267,-76.73713083845267
65.59000183582306,-76.73812486425116,-76.73812486425116
65.60000183582306,-76.73912167774535,-76.73912167774535
65.61000183582306,-76.74012129806611,-76.74012129806611
65.62000183582306,-76.7411237438583,-76.7411237438583
65.63000183582307,-76.74212903330108,-76.74212903330108
65.64000183582306,-76.7431371840896,-76.7431371840896
65.65000183582306,-76.74414821345216,-76.74414821345216
65.66000183582305,-76.74516213818504,-76.74516213818504
65.67000183582306,-76.74617897461656,-76.74617897461656
65.68000183582306,-76.74719873863374,-76.74719873863374
65.69000183582305,-76.74822144569325,-76.74822144569325
65.70000183582306,-76.74924711081482,-76.74924711081482
65.71000183582306,-76.75027574860434,-76.75027574860434
65.72000183582306,-76.75130737323389,-76.75130737323389
65.73000183582306,-76.75234199848661,-76.75234199848661
65.74000183582307,-76.75337963772161,-76.75337963772161
65.75000183582306,-76.75442030390818,-76.75442030390818
65.76000183582306,-76.75546400961743,-76.75546400961743
65.77000183582305,-76.75651076703188,-76.75651076703188
65.78000183582306,-76.75756058795707,-76.75756058795707
65.79000183582306,-76.75861348382375,-76.75861348382375
65.80000183582305,-76.75966946567962,-76.75966946567962
65.81000183582306,-76.76072854421878,-76.76072854421878
65.82000183582306,-76.76179072976726,-76.76179072976726
65.83000183582305,-76.76285603230684,-76.76285603230684
65.84000183582306,-76.76392446146268,-76.76392446146268
65.85000183582306,-76.76499602651822,-76.76499602651822
65.86000183582306,-76.76607073641442,-76.76607073641442
65.87000183582306,-76.76714859976892,-76.76714859976892
65.88000183582307,-76.76822962485272,-76.76822962485272
65.89000183582306,-76.76931381962783,-76.76931381962783
65.90000183582306,-76.77040119173284,-76.77040119173284
65.91000183582305,-76.77149174849441,-76.77149174849441
65.92000183582306,-76.77258549691904,-76.77258549691904
65.93000183582306,-76.77368244372647,-76.77368244372647
65.94000183582305,-76.7747825953268,-76.7747825953268
65.95000183582306,-76.7758859578319,-76.7758859578319
65.96000183582306,-76.77699253706373,-76.77699253706373
65.97000183582306,-76.77810233855698,-76.77810233855698
65.98000183582306,-76.77921536756946,-76.77921536756946
65.99000183582307,-76.78033162908632,-76.78033162908632
66.00000183582306,-76.7814511277961,-76.7814511277961
66.01000183582306,-76.78257386813686,-76.78257386813686
66.02000183582305,-76.78369985427697,-76.78369985427697
66.03000183582306,-76.78482909011963,-76.78482909011963
66.04000183582306,-76.7859615793216,-76.7859615793216
66.05000183582305,-76.78709732527572,-76.78709732527572
66.06000183582306,-76.78823633112691,-76.78823633112691
66.07000183582306,-76.78937859978024,-76.78937859978024
66.08000183582305,-76.79052413388902,-76.79052413388902
66.09000183582306,-76.79167293587463,-76.79167293587463
66.10000183582306,-76.79282500793778,-76.79282500793778
66.11000183582306,-76.79398035202028,-76.79398035202028
66.12000183582306,-76.79513896985502,-76.79513896985502
66.13000183582307,-76.79630086295671,-76.79630086295671
66.14000183582306,-76.79746603260007,-76.79746603260007
66.15000183582306,-76.79863447985956,-76.79863447985956
66.16000183582305,-76.7998062055963,-76.7998062055963
66.17000183582306,-76.80098121044843,-76.80098121044843
66.18000183582306,-76.80215949486083,-76.80215949486083
66.19000183582305,-76.80334105908103,-76.80334105908103
66.20000183582306,-76.80452590312763,-76.80452590312763
66.21000183582306,-76.80571402684905,-76.80571402684905
66.22000183582306,-76.80690542990452,-76.80690542990452
66.23000183582306,-76.80810011173325,-76.80810011173325
66.24000183582307,-76.80929807160959,-76.80929807160959
66.25000183582306,-76.81049930862399,-76.81049930862399
66.26000183582306,-76.811703821671,-76.811703821671
66.27000183582305,-76.81291160948845,-76.81291160948845
66.28000183582306,-76.81412267060998,-76.81412267060998
66.29000183582306,-76.81533700342172,-76.81533700342172
66.30000185966492,-76.81655460902822,-76.81655460902822
66.31000185966492,-76.81777547967884,-76.81777547967884
66.32000185966491,-76.81899961613769,-76.81899961613769
66.33000185966492,-76.82022701610764,-76.82022701610764
66.34000185966492,-76.82145767715318,-76.82145767715318
66.35000185966491,-76.82269159666603,-76.82269159666603
66.36000185966492,-76.82392877189348,-76.82392877189348
66.37000185966491,-76.82516919992706,-76.82516919992706
66.38000185966492,-76.82641287770238,-76.82641287770238
66.39000185966492,-76.82765980202207,-76.82765980202207
66.40000185966491,-76.82890996953243,-76.82890996953243
66.41000185966492,-76.83016337675258,-76.83016337675258
66.42000185966492,-76.83142002003778,-76.83142002003778
66.43000185966491,-76.832679895641,-76.832679895641
66.44000185966492,-76.8339429996445,-76.8339429996445
66.45000185966492,-76.83520932802463,-76.83520932802463
66.46000185966491,-76.83647887661031,-76.83647887661031
66.47000185966492,-76.83775164112461,-76.83775164112461
66.48000185966492,-76.83902761713715,-76.83902761713715
66.49000185966491,-76.84030680011192,-76.84030680011192
66.50000185966492,-76.8415891853915,-76.8415891853915
66.51000185966491,-76.84287476819331,-76.84287476819331
66.52000185966492,-76.84416354361002,-76.84416354361002
66.53000185966492,-76.84545550663546,-76.84545550663546
66.54000185966491,-76.84675065214297,-76.84675065214297
66.55000185966492,-76.84804897489292,-76.84804897489292
66.56000185966492,-76.84935046954044,-76.84935046954044
66.57000185966491,-76.85065513062924,-76.85065513062924
66.58000185966492,-76.85196295259448,-76.85196295259448
66.59000185966492,-76.85327392977506,-76.85327392977506
66.60000185966491,-76.85458805640886,-76.85458805640886
66.61000185966492,-76.85590532662079,-76.85590532662079
66.62000185966491,-76.85722573445015,-76.85722573445015
66.63000185966492,-76.85854927383963,-76.85854927383963
66.64000185966492,-76.85987593862731,-76.85987593862731
66.65000185966491,-76.86120572257781,-76.86120572257781
66.66000185966492,-76.86253861933977,-76.86253861933977
66.67000185966492,-76.86387462248956,-76.86387462248956
66.68000185966491,-76.86521372551087,-76.86521372551087
66.69000185966492,-76.86655592179093,-76.86655592179093
66.70000185966492,-76.86790120465359,-76.86790120465359
66.71000185966491,-76.86924956732322,-76.86924956732322
66.72000185966492,-76.8706010029456,-76.8706010029456
66.73000185966492,-76.87195550459181,-76.87195550459181
66.74000185966491,-76.8733130652495,-76.8733130652495
66.75000185966492,-76.87467367782399,-76.87467367782399
66.76000185966491,-76.87603733516359,-76.87603733516359
66.77000185966492,-76.877404030014,-76.877404030014
66.78000185966492,-76.87877375508103,-76.87877375508103
66.79000185966491,-76.8801465029779,-76.8801465029779
66.80000185966492,-76.88152226624575,-76.88152226624575
66.81000185966492,-76.88290103737398,-76.88290103737398
66.82000185966491,-76.88428280876991,-76.88428280876991
66.83000185966492,-76.88566757278008,-76.88566757278008
66.84000185966492,-76.88705532168973,-76.88705532168973
66.85000185966491,-76.88844604772312,-76.88844604772312
66.86000185966492,-76.88983974302477,-76.88983974302477
66.87000185966491,-76.8912363997102,-76.8912363997102
66.88000185966492,-76.8926360098048,-76.8926360098048
66.89000185966492,-76.89403856528591,-76.89403856528591
66.90000185966491,-76.89544405808354,-76.89544405808354
66.91000185966492,-76.89685248006037,-76.89685248006037
66.92000185966492,-76.89826382302738,-76.89826382302738
66.93000185966491,-76.89967807875037,-76.89967807875037
66.94000185966492,-76.90109523893098,-76.90109523893098
66.95000185966492,-76.90251529522716,-76.90251529522716
66.96000185966491,-76.90393823925004,-76.90393823925004
66.97000185966492,-76.90536406254371,-76.90536406254371
66.98000185966492,-76.90679275663206,-76.90679275663206
66.99000185966491,-76.90822431296668,-76.90822431296668
67.00000185966492,-76.9096587229715,-76.9096587229715
67.01000185966491,-76.91109597801086,-76.91109597801086
67.02000185966492,-76.91253606942378,-76.91253606942378
67.03000185966492,-76.913978988488,-76.913978988488
67.04000185966491,-76.91542472645426,-76.91542472645426
67.05000185966492,-76.9168732745308,-76.9168732745308
67.06000185966492,-76.91832462386725,-76.91832462386725
67.07000185966491,-76.91977876559157,-76.91977876559157
67.08000185966492,-76.92123569080938,-76.92123569080938
67.09000185966492,-76.92269539055695,-76.92269539055695
67.10000185966491,-76.92415785585204,-76.92415785585204
67.11000185966492,-76.92562307767741,-76.92562307767741
67.12000185966491,-76.92709104698024,-76.92709104698024
67.13000185966492,-76.92856175467145,-76.92856175467145
67.14000185966492,-76.93003519163288,-76.93003519163288
67.15000188350677,-76.93151135223506,-76.93151135223506
67.16000188350678,-76.93299022027433,-76.93299022027433
67.17000188350677,-76.93447179003302,-76.93447179003302
67.18000188350678,-76.93595605228556,-76.93595605228556
67.19000188350678,-76.93744299775747,-76.93744299775747
67.20000188350677,-76.93893261716029,-76.93893261716029
67.21000188350678,-76.94041818084364,-76.94041818084364
67.22000188350677,-76.94189673059428,-76.94189673059428
67.23000188350677,-76.94336681574333,-76.94336681574333
67.24000188350678,-76.94482768329124,-76.94482768329124
67.25000188350677,-76.94627896904962,-76.94627896904962
67.26000188350677,-76.94772053729976,-76.94772053729976
67.27000188350678,-76.9491523869043,-76.9491523869043
67.28000188350677,-76.95057459491167,-76.95057459491167
67.29000188350678,-76.95198728268338,-76.95198728268338
67.30000188350678,-76.95339059551029,-76.95339059551029
67.31000188350677,-76.95478469051474,-76.95478469051474
67.32000188350678,-76.95616972946313,-76.95616972946313
67.33000188350678,-76.95754587468622,-76.95754587468622
67.34000188350677,-76.95891328676537,-76.95891328676537
67.35000188350678,-76.96027212341879,-76.96027212341879
67.36000188350677,-76.9616225389878,-76.9616225389878
67.37000188350677,-76.96296468432296,-76.96296468432296
67.38000188350678,-76.96429870693855,-76.96429870693855
67.39000188350677,-76.96562475119153,-76.96562475119153
67.40000188350677,-76.96694295855823,-76.96694295855823
67.41000188350678,-76.96825346794928,-76.96825346794928
67.42000188350677,-76.96955641592854,-76.96955641592854
67.43000188350678,-76.97085193699779,-76.97085193699779
67.44000188350678,-76.97214016380333,-76.97214016380333
67.45000188350677,-76.9734212273279,-76.9734212273279
67.46000188350678,-76.97469525704561,-76.97469525704561
67.47000188350677,-76.97596238107651,-76.97596238107651
67.48000188350677,-76.97722272629547,-76.97722272629547
67.49000188350678,-76.97847641842026,-76.97847641842026
67.50000188350677,-76.97972358209235,-76.97972358209235
67.51000188350677,-76.98096434095005,-76.98096434095005
67.52000188350678,-76.98219881766106,-76.98219881766106
67.53000188350677,-76.98342713397764,-76.98342713397764
67.54000188350678,-76.98464941074631,-76.98464941074631
67.55000188350678,-76.98586576793228,-76.98586576793228
67.56000188350677,-76.98707632464757,-76.98707632464757
67.57000188350678,-76.98828119914675,-76.98828119914675
67.58000188350678,-76.98948050882227,-76.98948050882227
67.59000188350677,-76.99067437023868,-76.99067437023868
67.60000188350678,-76.99186289909353,-76.99186289909353
67.61000188350677,-76.99304621022112,-76.99304621022112
67.62000188350677,-76.99422441761038,-76.99422441761038
67.63000188350678,-76.9953976343589,-76.9953976343589
67.64000188350677,-76.99656597268894,-76.99656597268894
67.65000188350677,-76.99772954392934,-76.99772954392934
67.66000188350678,-76.99888845850785,-76.99888845850785
67.67000188350677,-77.00004282593504,-77.00004282593504
67.68000188350678,-77.00119275480479,-77.00119275480479
67.69000188350678,-77.00233835276434,-77.00233835276434
67.70000188350677,-77.00347972652764,-77.00347972652764
67.71000188350678,-77.00461025685274,-77.00461025685274
67.72000188350677,-77.00572709819006,-77.00572709819006
67.73000188350677,-77.00682891282038,-77.00682891282038
67.74000188350678,-77.0079150603319,-77.0079150603319
67.75000188350677,-77.00898528841964,-77.00898528841964
67.76000188350677,-77.01003957248287,-77.01003957248287
67.77000188350678,-77.01107802161621,-77.01107802161621
67.78000188350677,-77.0121008222004,-77.0121008222004
67.79000188350678,-77.01310820393584,-77.01310820393584
67.80000188350678,-77.01410041948662,-77.01410041948662
67.81000188350677,-77.0150777323411,-77.0150777323411
67.82000188350678,-77.01604040961735,-77.01604040961735
67.83000188350678,-77.01698871796995,-77.01698871796995
67.84000188350677,-77.0179229212947,-77.0179229212947
67.85000188350678,-77.01884327955901,-77.01884327955901
67.86000188350677,-77.01975004832452,-77.01975004832452
67.87000188350677,-77.02064347864071,-77.02064347864071
67.88000188350678,-77.02152381712962,-77.02152381712962
67.89000188350677,-77.02239130623403,-77.02239130623403
67.90000188350677,-77.02324618448013,-77.02324618448013
67.91000188350678,-77.0240886867312,-77.0240886867312
67.92000188350677,-77.02491904449013,-77.02491904449013
67.93000188350678,-77.02573748613088,-77.02573748613088
67.94000188350678,-77.02654423711809,-77.02654423711809
67.95000188350677,-77.02733952021698,-77.02733952021698
67.96000188350678,-77.02812355562247,-77.02812355562247
67.97000188350677,-77.02889656113003,-77.02889656113003
67.98000188350677,-77.02965875224531,-77.02965875224531
67.99000188350678,-77.03041034228562,-77.03041034228562
68.00000190734863,-77.03115154420783,-77.03115154420783
68.01000190734864,-77.03188256361811,-77.03188256361811
68.02000190734863,-77.03260360946658,-77.03260360946658
68.03000190734863,-77.03331488695973,-77.03331488695973
68.04000190734864,-77.0340165993898,-77.0340165993898
68.05000190734863,-77.0347089481479,-77.0347089481479
68.06000190734864,-77.03539213275262,-77.03539213275262
68.07000190734863,-77.03606635087002,-77.03606635087002
68.08000190734863,-77.03673179830119,-77.03673179830119
68.09000190734864,-77.03738866901816,-77.03738866901816
68.10000190734863,-77.03803715513128,-77.03803715513128
68.11000190734863,-77.03867744691878,-77.03867744691878
68.12000190734864,-77.03930973283329,-77.03930973283329
68.13000190734863,-77.03993419946457,-77.03993419946457
68.14000190734863,-77.04055103156578,-77.04055103156578
68.15000190734864,-77.04116041204766,-77.04116041204766
68.16000190734863,-77.04176252195944,-77.04176252195944
68.17000190734863,-77.04235754050778,-77.04235754050778
68.18000190734864,-77.0429456450341,-77.0429456450341
68.19000190734863,-77.04352701102174,-77.04352701102174
68.20000190734864,-77.04410181209549,-77.04410181209549
68.21000190734863,-77.0446634931909,-77.0446634931909
68.22000190734863,-77.04520927422143,-77.04520927422143
68.23000190734864,-77.04573788282434,-77.04573788282434
68.24000190734863,-77.04624874341083,-77.04624874341083
68.25000190734863,-77.04674166780106,-77.04674166780106
68.26000190734864,-77.0472166947181,-77.0472166947181
68.27000190734863,-77.0476739957494,-77.0476739957494
68.28000190734863,-77.04811381888382,-77.04811381888382
68.29000190734864,-77.04853645456946,-77.04853645456946
68.30000190734863,-77.0489422153179,-77.0489422153179
68.31000190734864,-77.04933142356764,-77.04933142356764
68.32000190734863,-77.04970440451656,-77.04970440451656
68.33000190734863,-77.05006148201895,-77.05006148201895
68.34000190734864,-77.0504029762996,-77.0504029762996
68.35000190734863,-77.0507292028087,-77.0507292028087
68.36000190734863,-77.05104047173363,-77.05104047173363
68.37000190734864,-77.05133708791669,-77.05133708791669
68.38000190734863,-77.05161935095282,-77.05161935095282
68.39000190734863,-77.0518875554469,-77.0518875554469
68.40000190734864,-77.05214199127516,-77.05214199127516
68.41000190734863,-77.05238294387759,-77.05238294387759
68.42000190734863,-77.05261069454453,-77.05261069454453
68.43000190734864,-77.05282552066406,-77.05282552066406
68.44000190734863,-77.05302769596773,-77.05302769596773
68.45000190734864,-77.05321749071753,-77.05321749071753
68.46000190734863,-77.05339517188207,-77.05339517188207
68.47000190734863,-77.05356100330515,-77.05356100330515
68.48000190734864,-77.05371524582051,-77.05371524582051
68.49000190734863,-77.05385815734608,-77.05385815734608
68.50000190734863,-77.05398999299538,-77.05398999299538
68.51000190734864,-77.05411100514553,-77.05411100514553
68.52000190734863,-77.0542214434866,-77.0542214434866
68.53000190734863,-77.05432155509443,-77.05432155509443
68.54000190734864,-77.05441158446355,-77.05441158446355
68.55000190734863,-77.05449177353174,-77.05449177353174
68.56000190734864,-77.05456236171156,-77.05456236171156
68.57000190734863,-77.05458957146763,-77.05458957146763
68.58000190734863,-77.05456450474745,-77.05456450474745
68.59000190734864,-77.05448338701703,-77.05448338701703
68.60000190734863,-77.05434313761154,-77.05434313761154
68.61000190734863,-77.05414080391621,-77.05414080391621
68.62000190734864,-77.05387361593039,-77.05387361593039
68.63000190734863,-77.05353907073075,-77.05353907073075
68.64000190734863,-77.05313497219181,-77.05313497219181
68.65000190734864,-77.05265943550239,-77.05265943550239
68.66000190734863,-77.05211087218224,-77.05211087218224
68.67000190734863,-77.05148796611917,-77.05148796611917
68.68000190734864,-77.05078964682723,-77.05078964682723
68.69000190734863,-77.05001506302432,-77.05001506302432
68.70000190734864,-77.04916355805732,-77.04916355805732
68.71000190734863,-77.04823464778819,-77.04823464778819
68.72000190734863,-77.04722800100264,-77.04722800100264
68.73000190734864,-77.04614342225788,-77.04614342225788
68.74000190734863,-77.04498083685718,-77.04498083685718
68.75000190734863,-77.04374027777693,-77.04374027777693
68.76000190734864,-77.04242187424963,-77.04242187424963
68.77000190734863,-77.04102584173054,-77.04102584173054
68.78000190734863,-77.03955247309797,-77.03955247309797
68.79000190734864,-77.03800213089762,-77.03800213089762
68.80000190734863,-77.0363752404438,-77.0363752404438
68.81000190734864,-77.03467228368939,-77.03467228368939
68.82000190734863,-77.03289379375087,-77.03289379375087
68.83000190734863,-77.0310403499815,-77.0310403499815
68.84000190734864,-77.02911257352089,-77.02911257352089
68.85000193119049,-77.02711111852385,-77.02711111852385
68.8600019311905,-77.02503668736091,-77.02503668736091
68.87000193119049,-77.02288999940399,-77.02288999940399
68.88000193119049,-77.02067180628518,-77.02067180628518
68.8900019311905,-77.01838288463414,-77.01838288463414
68.90000193119049,-77.01602403356459,-77.01602403356459
68.9100019311905,-77.01359607228,-77.01359607228
68.92000193119048,-77.0110998379382,-77.0110998379382
68.93000193119049,-77.00853618365844,-77.00853618365844
68.9400019311905,-77.00590597665925,-77.00590597665925
68.95000193119049,-77.00321009657355,-77.00321009657355
68.96000193119049,-77.00044271413627,-77.00044271413627
68.9700019311905,-76.99760178570922,-76.99760178570922
68.98000193119049,-76.99468678542411,-76.99468678542411
68.99000193119049,-76.99169789321945,-76.99169789321945
69.0000019311905,-76.98863568436015,-76.98863568436015
69.01000193119049,-76.98550096774052,-76.98550096774052
69.02000193119049,-76.98229469071687,-76.98229469071687
69.0300019311905,-76.97901788158553,-76.97901788158553
69.04000193119049,-76.9756716146913,-76.9756716146913
69.0500019311905,-76.9722569891393,-76.9722569891393
69.06000193119048,-76.9687751158626,-76.9687751158626
69.07000193119049,-76.96522710970093,-76.96522710970093
69.0800019311905,-76.96161408462224,-76.96161408462224
69.09000193119049,-76.95793715082557,-76.95793715082557
69.10000193119049,-76.95419741301738,-76.95419741301738
69.1100019311905,-76.95039596939397,-76.95039596939397
69.12000193119049,-76.9465339110548,-76.9465339110548
69.13000193119049,-76.94261232169241,-76.94261232169241
69.1400019311905,-76.93863227737252,-76.93863227737252
69.15000193119049,-76.93459484645247,-76.93459484645247
69.1600019311905,-76.9305010894889,-76.9305010894889
69.17000193119048,-76.92635205921556,-76.92635205921556
69.18000193119049,-76.92214880047479,-76.92214880047479
69.1900019311905,-76.91789235017191,-76.91789235017191
69.20000193119049,-76.91358373719609,-76.91358373719609
69.21000193119049,-76.90922398237751,-76.90922398237751
69.2200019311905,-76.90481409840491,-76.90481409840491
69.23000193119049,-76.90035508975737,-76.90035508975737
69.24000193119049,-76.89584795258929,-76.89584795258929
69.2500019311905,-76.89129367470112,-76.89129367470112
69.26000193119049,-76.88669323540314,-76.88669323540314
69.27000193119049,-76.88204760546672,-76.88204760546672
69.2800019311905,-76.87735774702983,-76.87735774702983
69.29000193119049,-76.87262461352337,-76.87262461352337
69.3000019311905,-76.8678491495825,-76.8678491495825
69.31000193119048,-76.86303229101004,-76.86303229101004
69.32000193119049,-76.85817496466845,-76.85817496466845
69.3300019311905,-76.85327808846942,-76.85327808846942
69.34000193119049,-76.84834257126101,-76.84834257126101
69.35000193119049,-76.84336931284216,-76.84336931284216
69.3600019311905,-76.83835920384799,-76.83835920384799
69.37000193119049,-76.83331312579486,-76.83331312579486
69.38000193119049,-76.82823195097275,-76.82823195097275
69.3900019311905,-76.82311654246274,-76.82311654246274
69.40000193119049,-76.81796775411568,-76.81796775411568
69.4100019311905,-76.81278643050703,-76.81278643050703
69.42000193119048,-76.80757340696388,-76.80757340696388
69.43000193119049,-76.80232950953975,-76.80232950953975
69.4400019311905,-76.79705555500006,-76.79705555500006
69.45000193119049,-76.79175235086986,-76.79175235086986
69.46000193119049,-76.78642069538972,-76.78642069538972
69.4700019311905,-76.78106137758202,-76.78106137758202
69.48000193119049,-76.77567517723567,-76.77567517723567
69.49000193119049,-76.77026286492436,-76.77026286492436
69.5000019311905,-76.76482520205265,-76.76482520205265
69.51000193119049,-76.75936294086783,-76.75936294086783
69.52000193119049,-76.75387682451074,-76.75387682451074
69.5300019311905,-76.74836758703354,-76.74836758703354
69.54000193119049,-76.74283595344149,-76.74283595344149
69.5500019311905,-76.73728263974066,-76.73728263974066
69.56000193119048,-76.73170835298652,-76.73170835298652
69.57000193119049,-76.72611379131776,-76.72611379131776
69.5800019311905,-76.72049964401255,-76.72049964401255
69.59000193119049,-76.71486659153616,-76.71486659153616
69.60000193119049,-76.70921530559436,-76.70921530559436
69.6100019311905,-76.70354644920373,-76.70354644920373
69.62000193119049,-76.69786067672887,-76.69786067672887
69.63000193119049,-76.69215863395796,-76.69215863395796
69.6400019311905,-76.68644095815065,-76.68644095815065
69.65000193119049,-76.68070827810459,-76.68070827810459
69.6600019311905,-76.6749612142276,-76.6749612142276
69.67000193119048,-76.66920037859018,-76.66920037859018
69.68000193119049,-76.66342637499102,-76.66342637499102
69.6900019311905,-76.65763979904213,-76.65763979904213
69.70000195503235,-76.65184122440415,-76.65184122440415
69.71000195503235,-76.64603125808293,-76.64603125808293
69.72000195503234,-76.64021045774464,-76.64021045774464
69.73000195503235,-76.63437938687674,-76.63437938687674
69.74000195503235,-76.6285386011341,-76.6285386011341
69.75000195503235,-76.6226886484055,-76.6226886484055
69.76000195503235,-76.61683006884965,-76.61683006884965
69.77000195503234,-76.61096339501967,-76.61096339501967
69.78000195503235,-76.60508915189828,-76.60508915189828
69.79000195503235,-76.59920785697503,-76.59920785697503
69.80000195503234,-76.5933200203497,-76.5933200203497
69.81000195503235,-76.5874261447693,-76.5874261447693
69.82000195503235,-76.58152672572142,-76.58152672572142
69.83000195503234,-76.57562225150922,-76.57562225150922
69.84000195503235,-76.5697132033236,-76.5697132033236
69.85000195503235,-76.56380005530843,-76.56380005530843
69.86000195503235,-76.5578832746491,-76.5578832746491
69.87000195503235,-76.55196332163408,-76.55196332163408
69.88000195503236,-76.54604064974777,-76.54604064974777
69.89000195503235,-76.54011570572983,-76.54011570572983
69.90000195503235,-76.53418892963495,-76.53418892963495
69.91000195503234,-76.5282607549453,-76.5282607549453
69.92000195503235,-76.52233160860267,-76.52233160860267
69.93000195503235,-76.51640191112746,-76.51640191112746
69.94000195503234,-76.51047207663481,-76.51047207663481
69.95000195503235,-76.50454251296128,-76.50454251296128
69.96000195503235,-76.49861362170445,-76.49861362170445
69.97000195503234,-76.49268579830435,-76.49268579830435
69.98000195503235,-76.48675943211589,-76.48675943211589
69.99000195503235,-76.48083490648001,-76.48083490648001
70.00000195503235,-76.47491259879254,-76.47491259879254
70.01000195503235,-76.46899288057587,-76.46899288057587
70.02000195503234,-76.46307611755319,-76.46307611755319
70.03000195503235,-76.45716266970635,-76.45716266970635
70.04000195503235,-76.45125289135126,-76.45125289135126
70.05000195503234,-76.44534713120618,-76.44534713120618
70.06000195503235,-76.43944573245902,-76.43944573245902
70.07000195503235,-76.43354903284789,-76.43354903284789
70.08000195503234,-76.4276573647114,-76.4276573647114
70.09000195503235,-76.42177105504545,-76.42177105504545
70.10000195503235,-76.41589042559943,-76.41589042559943
70.11000195503235,-76.4100157929123,-76.4100157929123
70.12000195503235,-76.40414746840312,-76.40414746840312
70.13000195503236,-76.39828575840866,-76.39828575840866
70.14000195503235,-76.39243096426497,-76.39243096426497
70.15000195503235,-76.38658338237148,-76.38658338237148
70.16000195503234,-76.38074330423431,-76.38074330423431
70.17000195503235,-76.37491101656202,-76.37491101656202
70.18000195503235,-76.36908680128552,-76.36908680128552
70.19000195503234,-76.36327093565045,-76.36327093565045
70.20000195503235,-76.35746369225572,-76.35746369225572
70.21000195503235,-76.35165867822897,-76.35165867822897
70.22000195503234,-76.3458532428486,-76.3458532428486
70.23000195503235,-76.34004622959318,-76.34004622959318
70.24000195503235,-76.33423717192997,-76.33423717192997
70.25000195503235,-76.32842598625466,-76.32842598625466
70.26000195503235,-76.32261281220411,-76.32261281220411
70.27000195503234,-76.31679791903979,-76.31679791903979
70.28000195503235,-76.31098164930758,-76.31098164930758
70.29000195503235,-76.30516438495982,-76.30516438495982
70.30000195503234,-76.29934652697949,-76.29934652697949
70.31000195503235,-76.29352848331608,-76.29352848331608
70.32000195503235,-76.28771066172301,-76.28771066172301
70.33000195503234,-76.28189346573801,-76.28189346573801
70.34000195503235,-76.27607729243383,-76.27607729243383
70.35000195503235,-76.27026253138456,-76.27026253138456
70.36000195503235,-76.26444956423158,-76.26444956423158
70.37000195503235,-76.25863876466587,-76.25863876466587
70.38000195503236,-76.25283049863836,-76.25283049863836
70.39000195503235,-76.24702512467326,-76.24702512467326
70.40000195503235,-76.2412229941855,-76.2412229941855
70.41000195503234,-76.23542445190986,-76.23542445190986
70.42000195503235,-76.2296298361791,-76.2296298361791
70.43000195503235,-76.22383947929707,-76.22383947929707
70.44000195503234,-76.21805370781782,-76.21805370781782
70.45000195503235,-76.21227284280864,-76.21227284280864
70.46000195503235,-76.20649720009771,-76.20649720009771
70.47000195503234,-76.20072709047086,-76.20072709047086
70.48000195503235,-76.19496281983527,-76.19496281983527
70.49000195503235,-76.1892046894148,-76.1892046894148
70.50000195503235,-76.18345299587777,-76.18345299587777
70.51000195503235,-76.17770803143299,-76.17770803143299
70.52000195503234,-76.17197008397017,-76.17197008397017
70.53000195503235,-76.16623943713576,-76.16623943713576
70.54000195503235,-76.1605163704257,-76.1605163704257
70.5500019788742,-76.15480114563609,-76.15480114563609
70.56000197887421,-76.14909406140715,-76.14909406140715
70.5700019788742,-76.14339537155459,-76.14339537155459
70.58000197887421,-76.1377053396209,-76.1377053396209
70.59000197887421,-76.13202422528525,-76.13202422528525
70.6000019788742,-76.12635228444269,-76.12635228444269
70.61000197887421,-76.12068976919748,-76.12068976919748
70.6200019788742,-76.11503692794417,-76.11503692794417
70.6300019788742,-76.109394005368,-76.109394005368
70.64000197887421,-76.10376124251219,-76.10376124251219
70.6500019788742,-76.0981388767923,-76.0981388767923
70.6600019788742,-76.09252714203362,-76.09252714203362
70.67000197887421,-76.08692626849867,-76.08692626849867
70.6800019788742,-76.08133648292213,-76.08133648292213
70.69000197887421,-76.07575800852447,-76.07575800852447
70.70000197887421,-76.07019106506627,-76.07019106506627
70.7100019788742,-76.06463586884466,-76.06463586884466
70.72000197887421,-76.05909263275663,-76.05909263275663
70.73000197887421,-76.0535615663145,-76.0535615663145
70.7400019788742,-76.04804287564295,-76.04804287564295
70.75000197887421,-76.04253676354422,-76.04253676354422
70.7600019788742,-76.03704342951801,-76.03704342951801
70.7700019788742,-76.03156306978246,-76.03156306978246
70.78000197887421,-76.02609587729359,-76.02609587729359
70.7900019788742,-76.02064204179283,-76.02064204179283
70.8000019788742,-76.01520174981427,-76.01520174981427
70.81000197887421,-76.00977518474141,-76.00977518474141
70.8200019788742,-76.0043625267908,-76.0043625267908
70.83000197887421,-75.99896395307843,-75.99896395307843
70.84000197887421,-75.99357963764011,-75.99357963764011
70.8500019788742,-75.98820975145023,-75.98820975145023
70.86000197887421,-75.98285446244027,-75.98285446244027
70.8700019788742,-75.97751393555949,-75.97751393555949
70.8800019788742,-75.97218833277982,-75.97218833277982
70.89000197887421,-75.9668778131248,-75.9668778131248
70.9000019788742,-75.96158253270418,-75.96158253270418
70.9100019788742,-75.95630264474433,-75.95630264474433
70.92000197887421,-75.95103829961184,-75.95103829961184
70.9300019788742,-75.94578964484575,-75.94578964484575
70.94000197887421,-75.94055682519313,-75.94055682519313
70.95000197887421,-75.93533998260257,-75.93533998260257
70.9600019788742,-75.9301392563083,-75.9301392563083
70.97000197887421,-75.92495478282126,-75.92495478282126
70.98000197887421,-75.91978669596614,-75.91978669596614
70.9900019788742,-75.91463512691763,-75.91463512691763
71.00000197887421,-75.90950020421532,-75.90950020421532
71.0100019788742,-75.90438205380079,-75.90438205380079
71.0200019788742,-75.89928079905536,-75.89928079905536
71.03000197887421,-75.89419656081587,-75.89419656081587
71.0400019788742,-75.88912945739774,-75.88912945739774
71.0500019788742,-75.88407960464232,-75.88407960464232
71.06000197887421,-75.87904711592644,-75.87904711592644
71.0700019788742,-75.87403210221662,-75.87403210221662
71.08000197887421,-75.8690346720541,-75.8690346720541
71.09000197887421,-75.86405493163325,-75.86405493163325
71.1000019788742,-75.85909298480105,-75.85909298480105
71.11000197887421,-75.85414893307367,-75.85414893307367
71.1200019788742,-75.84922287569732,-75.84922287569732
71.1300019788742,-75.84431490964334,-75.84431490964334
71.14000197887421,-75.83942512966894,-75.83942512966894
71.1500019788742,-75.8345536283022,-75.8345536283022
71.1600019788742,-75.8297004959106,-75.8297004959106
71.17000197887421,-75.82486582070422,-75.82486582070422
71.1800019788742,-75.82004968877284,-75.82004968877284
71.19000197887421,-75.81525218409921,-75.81525218409921
71.20000197887421,-75.81047338860199,-75.81047338860199
71.2100019788742,-75.80571338215555,-75.80571338215555
71.22000197887421,-75.80097224259912,-75.80097224259912
71.23000197887421,-75.79625004580046,-75.79625004580046
71.2400019788742,-75.79154686563412,-75.79154686563412
71.25000197887421,-75.78686277405136,-75.78686277405136
71.2600019788742,-75.78219784107641,-75.78219784107641
71.2700019788742,-75.7775521348501,-75.7775521348501
71.28000197887421,-75.77292572163142,-75.77292572163142
71.2900019788742,-75.7683186658369,-75.7683186658369
71.3000019788742,-75.76373103007316,-75.76373103007316
71.31000197887421,-75.75916287514788,-75.75916287514788
71.3200019788742,-75.7546142600918,-75.7546142600918
71.33000197887421,-75.75008524219753,-75.75008524219753
71.34000197887421,-75.74557587702749,-75.74557587702749
71.3500019788742,-75.74108621843423,-75.74108621843423
71.36000197887421,-75.73661631860692,-75.73661631860692
71.3700019788742,-75.7321662280756,-75.7321662280756
71.3800019788742,-75.72773599573914,-75.72773599573914
71.39000197887421,-75.72332566887755,-75.72332566887755
71.40000200271606,-75.71893528273331,-75.71893528273331
71.41000200271607,-75.71456490240146,-75.71456490240146
71.42000200271606,-75.7102145599543,-75.7102145599543
71.43000200271607,-75.70588429645653,-75.70588429645653
71.44000200271607,-75.70157415146957,-75.70157415146957
71.45000200271606,-75.69728416306637,-75.69728416306637
71.46000200271607,-75.69301436787093,-75.69301436787093
71.47000200271606,-75.68876480105581,-75.68876480105581
71.48000200271606,-75.68453549638038,-75.68453549638038
71.49000200271607,-75.68032648620054,-75.68032648620054
71.50000200271606,-75.67613780150273,-75.67613780150273
71.51000200271606,-75.67196947189258,-75.67196947189258
71.52000200271607,-75.66782152565222,-75.66782152565222
71.53000200271606,-75.66369398973718,-75.66369398973718
71.54000200271607,-75.65958688980588,-75.65958688980588
71.55000200271607,-75.65550025021429,-75.65550025021429
71.56000200271606,-75.6514340940753,-75.6514340940753
71.57000200271607,-75.64738844323574,-75.64738844323574
71.58000200271607,-75.64336331833583,-75.64336331833583
71.59000200271606,-75.63935873878305,-75.63935873878305
71.60000200271607,-75.63537472279292,-75.63537472279292
71.61000200271606,-75.63141128742238,-75.63141128742238
71.62000200271606,-75.62746844854837,-75.62746844854837
71.63000200271607,-75.62354622092857,-75.62354622092857
71.64000200271606,-75.61964461817175,-75.61964461817175
71.65000200271606,-75.6157636527973,-75.6157636527973
71.66000200271607,-75.61190333621433,-75.61190333621433
71.67000200271606,-75.60806367878615,-75.60806367878615
71.68000200271607,-75.60424468978088,-75.60424468978088
71.69000200271607,-75.60044637744959,-75.60044637744959
71.70000200271606,-75.59666874900641,-75.59666874900641
71.71000200271607,-75.59291181064202,-75.59291181064202
71.72000200271606,-75.58917556756364,-75.58917556756364
71.73000200271606,-75.58546002400082,-75.58546002400082
71.74000200271607,-75.58176518319436,-75.58176518319436
71.75000200271606,-75.57809104744956,-75.57809104744956
71.76000200271606,-75.57443761812748,-75.57443761812748
71.77000200271607,-75.57080489566856,-75.57080489566856
71.78000200271606,-75.56719287960358,-75.56719287960358
71.79000200271607,-75.56360156855516,-75.56360156855516
71.80000200271607,-75.56003096028078,-75.56003096028078
71.81000200271606,-75.5564810516582,-75.5564810516582
71.82000200271607,-75.5529518387156,-75.5529518387156
71.83000200271607,-75.54944331664177,-75.54944331664177
71.84000200271606,-75.54595547978586,-75.54595547978586
71.85000200271607,-75.54248832169905,-75.54248832169905
71.86000200271606,-75.53904183510679,-75.53904183510679
71.87000200271606,-75.53561601196269,-75.53561601196269
71.88000200271607,-75.53221084342873,-75.53221084342873
71.89000200271606,-75.52882631990805,-75.52882631990805
71.90000200271606,-75.52546243105186,-75.52546243105186
71.91000200271607,-75.52211916577254,-75.52211916577254
71.92000200271606,-75.51879651223997,-75.51879651223997
71.93000200271607,-75.51549445791873,-75.51549445791873
71.94000200271607,-75.5122129895534,-75.5122129895534
71.95000200271606,-75.50895209320836,-75.50895209320836
71.96000200271607,-75.50570516557865,-75.50570516557865
71.97000200271606,-75.50246930750174,-75.50246930750174
71.98000200271606,-75.49924310087663,-75.49924310087663
71.99000200271607,-75.49602581334844,-75.49602581334844
72.00000200271606,-75.49281709469392,-75.49281709469392
72.01000200271606,-75.48961681890445,-75.48961681890445
72.02000200271607,-75.48642499161922,-75.48642499161922
72.03000200271606,-75.4832416944112,-75.4832416944112
72.04000200271607,-75.48006705127995,-75.48006705127995
72.05000200271607,-75.47690120849579,-75.47690120849579
72.06000200271606,-75.47374432260798,-75.47374432260798
72.07000200271607,-75.47059655337648,-75.47059655337648
72.08000200271607,-75.46745805972823,-75.46745805972823
72.09000200271606,-75.46432899754691,-75.46432899754691
72.10000200271607,-75.46120951855706,-75.46120951855706
72.11000200271606,-75.45809976990515,-75.45809976990515
72.12000200271606,-75.45499989407341,-75.45499989407341
72.13000200271607,-75.45191002907445,-75.45191002907445
72.14000200271606,-75.44883030866971,-75.44883030866971
72.15000200271606,-75.44576086271718,-75.44576086271718
72.16000200271607,-75.44270181750113,-75.44270181750113
72.17000200271606,-75.43965329599784,-75.43965329599784
72.18000200271607,-75.43661541818929,-75.43661541818929
72.19000200271607,-75.4335883013139,-75.4335883013139
72.20000200271606,-75.43057206007882,-75.43057206007882
72.21000200271607,-75.42756680686864,-75.42756680686864
72.22000200271606,-75.4245726519107,-75.4245726519107
72.23000200271606,-75.42158970340901,-75.42158970340901
72.24000200271607,-75.41861806768136,-75.41861806768136
72.25000202655792,-75.41565784219601,-75.41565784219601
72.26000202655793,-75.41270914389911,-75.41270914389911
72.27000202655792,-75.40977206689442,-75.40977206689442
72.28000202655792,-75.40684671078834,-75.40684671078834
72.29000202655793,-75.40393317366937,-75.40393317366937
72.30000202655792,-75.40103155212819,-75.40103155212819
72.31000202655792,-75.39814194131951,-75.39814194131951
72.32000202655792,-75.3952644349517,-75.3952644349517
72.33000202655792,-75.3923991253444,-75.3923991253444
72.34000202655793,-75.3895461034277,-75.3895461034277
72.35000202655792,-75.38670545875418,-75.38670545875418
72.36000202655792,-75.38387727951705,-75.38387727951705
72.37000202655793,-75.38106165255107,-75.38106165255107
72.38000202655792,-75.37825866333945,-75.37825866333945
72.39000202655792,-75.37546839602734,-75.37546839602734
72.40000202655793,-75.37269093341746,-75.37269093341746
72.41000202655792,-75.36992635697084,-75.36992635697084
72.42000202655792,-75.36717474681164,-75.36717474681164
72.43000202655793,-75.36443618173281,-75.36443618173281
72.44000202655792,-75.36171073918038,-75.36171073918038
72.45000202655793,-75.35899849528197,-75.35899849528197
72.46000202655792,-75.35629952482486,-75.35629952482486
72.47000202655792,-75.35361390126518,-75.35361390126518
72.48000202655793,-75.35094169671929,-75.35094169671929
72.49000202655792,-75.34828298198278,-75.34828298198278
72.50000202655792,-75.34563782651186,-75.34563782651186
72.51000202655793,-75.34300629845583,-75.34300629845583
72.52000202655792,-75.34038846460642,-75.34038846460642
72.53000202655792,-75.33778439046138,-75.33778439046138
72.54000202655793,-75.33519414017691,-75.33519414017691
72.55000202655792,-75.33261777660073,-75.33261777660073
72.56000202655792,-75.33005536127595,-75.33005536127595
72.57000202655792,-75.32750695441396,-75.32750695441396
72.58000202655792,-75.32497261492568,-75.32497261492568
72.59000202655793,-75.32245240043238,-75.32245240043238
72.60000202655792,-75.31994636724143,-75.31994636724143
72.61000202655792,-75.31745457038224,-75.31745457038224
72.62000202655793,-75.31497706358822,-75.31497706358822
72.63000202655792,-75.31251389931613,-75.31251389931613
72.64000202655792,-75.31006512875209,-75.31006512875209
72.65000202655793,-75.30763080182005,-75.30763080182005
72.66000202655792,-75.30521096717277,-75.30521096717277
72.67000202655792,-75.30280567222304,-75.30280567222304
72.68000202655793,-75.30041496312364,-75.30041496312364
72.69000202655792,-75.298038884809,-75.298038884809
72.70000202655793,-75.29567748097374,-75.29567748097374
72.71000202655792,-75.29333079409828,-75.29333079409828
72.72000202655792,-75.29099886545315,-75.29099886545315
72.73000202655793,-75.28868173510483,-75.28868173510483
72.74000202655792,-75.286379441929,-75.286379441929
72.75000202655792,-75.28409202362309,-75.28409202362309
72.76000202655793,-75.28181951670473,-75.28181951670473
72.77000202655792,-75.27956195654691,-75.27956195654691
72.78000202655792,-75.27731937734161,-75.27731937734161
72.79000202655793,-75.27509181216118,-75.27509181216118
72.80000202655792,-75.27287929293361,-75.27287929293361
72.81000202655792,-75.27068185047959,-75.27068185047959
72.82000202655792,-75.26849951448925,-75.26849951448925
72.83000202655792,-75.2663323135725,-75.2663323135725
72.84000202655793,-75.26418027524838,-75.26418027524838
72.85000202655792,-75.26204342595474,-75.26204342595474
72.86000202655792,-75.25992179105485,-75.25992179105485
72.87000202655793,-75.25781539486348,-75.25781539486348
72.88000202655792,-75.25572426065895,-75.25572426065895
72.89000202655792,-75.25364841067116,-75.25364841067116
72.90000202655793,-75.25158786612933,-75.25158786612933
72.91000202655792,-75.24954264723705,-75.24954264723705
72.92000202655792,-75.24751277320927,-75.24751277320927
72.93000202655793,-75.24549826226281,-75.24549826226281
72.94000202655792,-75.24349913165254,-75.24349913165254
72.95000202655793,-75.24151539766125,-75.24151539766125
72.96000202655792,-75.23954707562605,-75.23954707562605
72.97000202655792,-75.23759417993135,-75.23759417993135
72.98000202655793,-75.23565672404867,-75.23565672404867
72.99000202655792,-75.23373472052022,-75.23373472052022
73.00000202655792,-75.23182818099222,-75.23182818099222
73.01000202655793,-75.22993711620292,-75.22993711620292
73.02000202655792,-75.22806153602508,-75.22806153602508
73.03000202655792,-75.2262014494384,-75.2262014494384
73.04000202655793,-75.22435686457713,-75.22435686457713
73.05000202655792,-75.2225277887291,-75.2225277887291
73.06000202655792,-75.22071422832894,-75.22071422832894
73.07000202655792,-75.2189161890011,-75.2189161890011
73.08000202655792,-75.21713367555317,-75.21713367555317
73.09000202655793,-75.21536669197543,-75.21536669197543
73.10000205039978,-75.2136152373152,-75.2136152373152
73.11000205039979,-75.21187932237036,-75.21187932237036
73.12000205039978,-75.21015894457481,-75.21015894457481
73.13000205039978,-75.20845410482691,-75.20845410482691
73.14000205039979,-75.20676480327211,-75.20676480327211
73.15000205039978,-75.2050910393095,-75.2050910393095
73.16000205039978,-75.20343281162403,-75.20343281162403
73.17000205039977,-75.20179011817001,-75.20179011817001
73.18000205039978,-75.20016295620363,-75.20016295620363
73.19000205039978,-75.19855132227751,-75.19855132227751
73.20000205039977,-75.19695521226491,-75.19695521226491
73.21000205039978,-75.19537462135489,-75.19537462135489
73.22000205039978,-75.19380954407754,-75.19380954407754
73.23000205039978,-75.19225997430493,-75.19225997430493
73.24000205039978,-75.19072590526419,-75.19072590526419
73.25000205039979,-75.18920732954545,-75.18920732954545
73.26000205039978,-75.18770423911045,-75.18770423911045
73.27000205039978,-75.18621662530938,-75.18621662530938
73.28000205039979,-75.18474447888505,-75.18474447888505
73.29000205039978,-75.18328778998347,-75.18328778998347
73.30000205039978,-75.18184654815492,-75.18184654815492
73.31000205039977,-75.18042074238207,-75.18042074238207
73.32000205039978,-75.17901036107234,-75.17901036107234
73.33000205039978,-75.17761539206698,-75.17761539206698
73.34000205039978,-75.17623582267142,-75.17623582267142
73.35000205039978,-75.17487163963962,-75.17487163963962
73.36000205039979,-75.17352282918844,-75.17352282918844
73.37000205039978,-75.17218937702359,-75.17218937702359
73.38000205039978,-75.17087126831757,-75.17087126831757
73.39000205039979,-75.16956848774846,-75.16956848774846
73.40000205039978,-75.16828101949228,-75.16828101949228
73.41000205039978,-75.16700884723319,-75.16700884723319
73.42000205039977,-75.16575195417262,-75.16575195417262
73.43000205039978,-75.16451032303488,-75.16451032303488
73.44000205039978,-75.16328393609132,-75.16328393609132
73.45000205039977,-75.16207277513898,-75.16207277513898
73.46000205039978,-75.1608768215348,-75.1608768215348
73.47000205039978,-75.15969605619705,-75.15969605619705
73.48000205039978,-75.1585304595973,-75.1585304595973
73.49000205039978,-75.1573800117862,-75.1573800117862
73.50000205039979,-75.15624469239468,-75.15624469239468
73.51000205039978,-75.15512448063906,-75.15512448063906
73.52000205039978,-75.15401935534265,-75.15401935534265
73.53000205039979,-75.15292929491189,-75.15292929491189
73.54000205039978,-75.15185427738506,-75.15185427738506
73.55000205039978,-75.15079428039789,-75.15079428039789
73.56000205039977,-75.14974928121873,-75.14974928121873
73.57000205039978,-75.14871925674355,-75.14871925674355
73.58000205039978,-75.14770418351728,-75.14770418351728
73.59000205039978,-75.14670403770904,-75.14670403770904
73.60000205039978,-75.14571879515167,-75.14571879515167
73.61000205039979,-75.14474843134032,-75.14474843134032
73.62000205039978,-75.14379292141832,-75.14379292141832
73.63000205039978,-75.14285224021131,-75.14285224021131
73.64000205039979,-75.141926362215,-75.141926362215
73.65000205039978,-75.14101526160513,-75.14101526160513
73.66000205039978,-75.14011891226495,-75.14011891226495
73.67000205039977,-75.13923728774803,-75.13923728774803
73.68000205039978,-75.13837036131272,-75.13837036131272
73.69000205039978,-75.13751810594681,-75.13751810594681
73.70000205039977,-75.13668049432549,-75.13668049432549
73.71000205039978,-75.1358574988526,-75.1358574988526
73.72000205039978,-75.13504909165397,-75.13504909165397
73.73000205039978,-75.13425524458584,-75.13425524458584
73.74000205039978,-75.1334759292289,-75.1334759292289
73.75000205039979,-75.1327111169226,-75.1327111169226
73.76000205039978,-75.1319607787389,-75.1319607787389
73.77000205039978,-75.13122488550371,-75.13122488550371
73.78000205039979,-75.13050340779992,-75.13050340779992
73.79000205039978,-75.12979631597472,-75.12979631597472
73.80000205039978,-75.12910358013389,-75.12910358013389
73.81000205039977,-75.12842517015737,-75.12842517015737
73.82000205039978,-75.12776105570339,-75.12776105570339
73.83000205039978,-75.12711120620575,-75.12711120620575
73.84000205039978,-75.12647559089976,-75.12647559089976
73.85000205039978,-75.12585417878307,-75.12585417878307
73.86000205039979,-75.12524693867095,-75.12524693867095
73.87000205039978,-75.12465383917431,-75.12465383917431
73.88000205039978,-75.12407484870184,-75.12407484870184
73.89000205039979,-75.12350993547398,-75.12350993547398
73.90000205039978,-75.12295906752871,-75.12295906752871
73.91000205039978,-75.12242221270941,-75.12242221270941
73.92000205039977,-75.12189933869237,-75.12189933869237
73.93000205039978,-75.12139041297577,-75.12139041297577
73.94000205039978,-75.12089540288048,-75.12089540288048
73.95000207424164,-75.12041427443283,-75.12041427443283
73.96000207424164,-75.11994043988952,-75.11994043988952
73.97000207424163,-75.11947099235526,-75.11947099235526
73.98000207424164,-75.11900449916381,-75.11900449916381
73.99000207424164,-75.11854020975258,-75.11854020975258
74.00000207424164,-75.11807775372993,-75.11807775372993
74.01000207424164,-75.11761698402026,-75.11761698402026
74.02000207424163,-75.11715788490213,-75.11715788490213
74.03000207424164,-75.11670051673607,-75.11670051673607
74.04000207424164,-75.11624498270028,-75.11624498270028
74.05000207424163,-75.1157914088027,-75.1157914088027
74.06000207424164,-75.11533993197631,-75.11533993197631
74.07000207424164,-75.11489069310035,-75.11489069310035
74.08000207424163,-75.11444383292837,-75.11444383292837
74.09000207424164,-75.11399948990346,-75.11399948990346
74.10000207424164,-75.11355779904434,-75.11355779904434
74.11000207424163,-75.11311889150222,-75.11311889150222
74.12000207424164,-75.1126828944583,-75.1126828944583
74.13000207424165,-75.11224993128926,-75.11224993128926
74.14000207424164,-75.11182012180095,-75.11182012180095
74.15000207424164,-75.11139358252264,-75.11139358252264
74.16000207424163,-75.1109704270145,-75.1109704270145
74.17000207424164,-75.11055076613292,-75.11055076613292
74.18000207424164,-75.11013470832538,-75.11013470832538
74.19000207424163,-75.10972235983802,-75.10972235983802
74.20000207424164,-75.1093138249633,-75.1093138249633
74.21000207424164,-75.10890920617196,-75.10890920617196
74.22000207424163,-75.10850860429703,-75.10850860429703
74.23000207424164,-75.10811211867136,-75.10811211867136
74.24000207424164,-75.10771984719804,-75.10771984719804
74.25000207424164,-75.10733188648396,-75.10733188648396
74.26000207424164,-75.10694833188596,-75.10694833188596
74.27000207424163,-75.10656927758077,-75.10656927758077
74.28000207424164,-75.10619481662138,-75.10619481662138
74.29000207424164,-75.10582504096658,-75.10582504096658
74.30000207424163,-75.10546004150363,-75.10546004150363
74.31000207424164,-75.10509990809314,-75.10509990809314
74.32000207424164,-75.1047447295733,-75.1047447295733
74.33000207424163,-75.10439459377959,-75.10439459377959
74.34000207424164,-75.10404958754447,-75.10404958754447
74.35000207424164,-75.10370979670549,-75.10370979670549
74.36000207424163,-75.10337530612352,-75.10337530612352
74.37000207424164,-75.10304619964971,-75.10304619964971
74.38000207424165,-75.10272256016833,-75.10272256016833
74.39000207424164,-75.1024044695608,-75.1024044695608
74.40000207424164,-75.10209200871952,-75.10209200871952
74.41000207424163,-75.10178525752252,-75.10178525752252
74.42000207424164,-75.10148429486776,-75.10148429486776
74.43000207424164,-75.10118919862575,-75.10118919862575
74.44000207424163,-75.10090004565957,-75.10090004565957
74.45000207424164,-75.10061691181711,-75.10061691181711
74.46000207424164,-75.1003398719139,-75.1003398719139
74.47000207424163,-75.10006899974069,-75.10006899974069
74.48000207424164,-75.09980436805414,-75.09980436805414
74.49000207424164,-75.099546048577,-75.099546048577
74.50000207424164,-75.09929411198986,-75.09929411198986
74.51000207424164,-75.09904862792348,-75.09904862792348
74.52000207424163,-75.09880966495678,-75.09880966495678
74.53000207424164,-75.0985772906287,-75.0985772906287
74.54000207424164,-75.09835157141185,-75.09835157141185
74.55000207424163,-75.09813257273392,-75.09813257273392
74.56000207424164,-75.0979203589622,-75.0979203589622
74.57000207424164,-75.09771499339892,-75.09771499339892
74.58000207424163,-75.09751653830395,-75.09751653830395
74.59000207424164,-75.09732505486363,-75.09732505486363
74.60000207424164,-75.09714060321846,-75.09714060321846
74.61000207424163,-75.09696324243735,-75.09696324243735
74.62000207424164,-75.09679303056315,-75.09679303056315
74.63000207424165,-75.09663002455703,-75.09663002455703
74.64000207424164,-75.09647428034343,-75.09647428034343
74.65000207424164,-75.09632585278867,-75.09632585278867
74.66000207424163,-75.09618479572538,-75.09618479572538
74.67000207424164,-75.09605116193958,-75.09605116193958
74.68000207424164,-75.09592500319431,-75.09592500319431
74.69000207424163,-75.09580637020089,-75.09580637020089
74.70000207424164,-75.0956953126448,-75.0956953126448
74.71000207424164,-75.0955853247689,-75.0955853247689
74.72000207424163,-75.0954735826502,-75.0954735826502
74.73000207424164,-75.0953587338407,-75.0953587338407
74.74000207424164,-75.09524010666956,-75.09524010666956
74.75000207424164,-75.0951174085159,-75.0951174085159
74.76000207424164,-75.09499056905955,-75.09499056905955
74.77000207424163,-75.09485964841375,-75.09485964841375
74.78000207424164,-75.09472478188889,-75.09472478188889
74.79000207424164,-75.0945861467928,-75.0945861467928
74.8000020980835,-75.09444394213523,-75.09444394213523
74.8100020980835,-75.09429837805935,-75.09429837805935
74.82000209808349,-75.09414966691841,-75.09414966691841
74.8300020980835,-75.09399802049391,-75.09399802049391
74.8400020980835,-75.09384364750187,-75.09384364750187
74.8500020980835,-75.0936867524967,-75.0936867524967
74.8600020980835,-75.0935275353939,-75.0935275353939
74.87000209808349,-75.09336619143106,-75.09336619143106
74.8800020980835,-75.09320291126167,-75.09320291126167
74.8900020980835,-75.09303788123357,-75.09303788123357
74.90000209808349,-75.09287128368355,-75.09287128368355
74.9100020980835,-75.09270329723671,-75.09270329723671
74.9200020980835,-75.09253409707654,-75.09253409707654
74.93000209808349,-75.09236385524146,-75.09236385524146
74.9400020980835,-75.09219274083824,-75.09219274083824
74.9500020980835,-75.09202092029258,-75.09202092029258
74.96000209808349,-75.09184855748167,-75.09184855748167
74.9700020980835,-75.09167581392734,-75.09167581392734
74.9800020980835,-75.09150284892601,-75.09150284892601
74.9900020980835,-75.09132981964139,-75.09132981964139
75.0000020980835,-75.09115688122962,-75.09115688122962
75.01000209808349,-75.09098418688579,-75.09098418688579
75.0200020980835,-75.09081188794289,-75.09081188794289
75.0300020980835,-75.09064013390054,-75.09064013390054
75.04000209808349,-75.09046907248701,-75.09046907248701
75.0500020980835,-75.09029884967909,-75.09029884967909
75.0600020980835,-75.09012960973745,-75.09012960973745
75.07000209808349,-75.08996149523975,-75.08996149523975
75.0800020980835,-75.0897946470805,-75.0897946470805
75.0900020980835,-75.08962920452262,-75.08962920452262
75.1000020980835,-75.08946530515499,-75.08946530515499
75.1100020980835,-75.08930308493927,-75.08930308493927
75.12000209808349,-75.089142678218,-75.089142678218
75.1300020980835,-75.08898421770692,-75.08898421770692
75.1400020980835,-75.08882783448428,-75.08882783448428
75.15000209808349,-75.0886736580317,-75.0886736580317
75.1600020980835,-75.08852181619659,-75.08852181619659
75.1700020980835,-75.08837243523257,-75.08837243523257
75.18000209808349,-75.08822563976508,-75.08822563976508
75.1900020980835,-75.0880815528177,-75.0880815528177
75.2000020980835,-75.0879402958006,-75.0879402958006
75.21000209808349,-75.08780198851106,-75.08780198851106
75.2200020980835,-75.08766674914685,-75.08766674914685
75.2300020980835,-75.08753469429571,-75.08753469429571
75.2400020980835,-75.08740593894457,-75.08740593894457
75.2500020980835,-75.08728059647969,-75.08728059647969
75.26000209808349,-75.08715877868354,-75.08715877868354
75.2700020980835,-75.08704059574632,-75.08704059574632
75.2800020980835,-75.08692615626458,-75.08692615626458
75.29000209808349,-75.08681556725763,-75.08681556725763
75.3000020980835,-75.08670893413893,-75.08670893413893
75.3100020980835,-75.08660636076355,-75.08660636076355
75.32000209808349,-75.0865079494058,-75.0865079494058
75.3300020980835,-75.08641380076214,-75.08641380076214
75.3400020980835,-75.08632401399484,-75.08632401399484
75.3500020980835,-75.08623868668539,-75.08623868668539
75.3600020980835,-75.08615791487831,-75.08615791487831
75.37000209808349,-75.08608179307674,-75.08608179307674
75.3800020980835,-75.08601041424254,-75.08601041424254
75.3900020980835,-75.08594386982672,-75.08594386982672
75.40000209808349,-75.0858822497568,-75.0858822497568
75.4100020980835,-75.08582564244931,-75.08582564244931
75.4200020980835,-75.0857741348382,-75.0857741348382
75.43000209808349,-75.08572781235526,-75.08572781235526
75.4400020980835,-75.08568675896392,-75.08568675896392
75.4500020980835,-75.08565105714737,-75.08565105714737
75.46000209808349,-75.08561423547016,-75.08561423547016
75.4700020980835,-75.08557350323383,-75.08557350323383
75.4800020980835,-75.0855275403966,-75.0855275403966
75.4900020980835,-75.08547570702635,-75.08547570702635
75.5000020980835,-75.08541774160496,-75.08541774160496
75.51000209808349,-75.08535360440422,-75.08535360440422
75.5200020980835,-75.08528338561271,-75.08528338561271
75.5300020980835,-75.0852072501742,-75.0852072501742
75.54000209808349,-75.08512540459809,-75.08512540459809
75.5500020980835,-75.08503807700616,-75.08503807700616
75.5600020980835,-75.08494550529673,-75.08494550529673
75.57000209808349,-75.08484793012413,-75.08484793012413
75.5800020980835,-75.08474559090641,-75.08474559090641
75.5900020980835,-75.08463872363409,-75.08463872363409
75.6000020980835,-75.0845275597652,-75.0845275597652
75.6100020980835,-75.08441232576494,-75.08441232576494
75.62000209808349,-75.08429324306911,-75.08429324306911
75.6300020980835,-75.08417052818527,-75.08417052818527
75.6400020980835,-75.08404439298842,-75.08404439298842
75.65000212192535,-75.0839150446795,-75.0839150446795
75.66000212192536,-75.0837826873344,-75.0837826873344
75.67000212192535,-75.08364752036327,-75.08364752036327
75.68000212192536,-75.08350973999792,-75.08350973999792
75.69000212192536,-75.08336953923708,-75.08336953923708
75.70000212192535,-75.083227108045,-75.083227108045
75.71000212192536,-75.08308263355352,-75.08308263355352
75.72000212192535,-75.08293630022142,-75.08293630022142
75.73000212192535,-75.08278828998421,-75.08278828998421
75.74000212192536,-75.08263878233144,-75.08263878233144
75.75000212192535,-75.08248795444963,-75.08248795444963
75.76000212192535,-75.082335981291,-75.082335981291
75.77000212192536,-75.08218303562926,-75.08218303562926
75.78000212192535,-75.08202928813522,-75.08202928813522
75.79000212192535,-75.08187490740912,-75.08187490740912
75.80000212192536,-75.08172006004001,-75.08172006004001
75.81000212192535,-75.0815649106128,-75.0815649106128
75.82000212192536,-75.08140962176844,-75.08140962176844
75.83000212192536,-75.08125435418734,-75.08125435418734
75.84000212192535,-75.08109926664008,-75.08109926664008
75.85000212192536,-75.08094451598377,-75.08094451598377
75.86000212192535,-75.08079025719374,-75.08079025719374
75.87000212192535,-75.08063664334755,-75.08063664334755
75.88000212192536,-75.08048382564259,-75.08048382564259
75.89000212192535,-75.08033195343212,-75.08033195343212
75.90000212192535,-75.08018117418034,-75.08018117418034
75.91000212192536,-75.08003163349775,-75.08003163349775
75.92000212192535,-75.07988347515912,-75.07988347515912
75.93000212192536,-75.07973684107837,-75.07973684107837
75.94000212192536,-75.0795918713316,-75.0795918713316
75.95000212192535,-75.07944870414447,-75.07944870414447
75.96000212192536,-75.07930092508965,-75.07930092508965
75.97000212192535,-75.0791457998088,-75.0791457998088
75.98000212192535,-75.07898206396628,-75.07898206396628
75.99000212192536,-75.07880913279824,-75.07880913279824
76.00000212192535,-75.0786267994444,-75.0786267994444
76.01000212192535,-75.07843507833793,-75.07843507833793
76.02000212192536,-75.07823411335987,-75.07823411335987
76.03000212192535,-75.07802412268745,-75.07802412268745
76.04000212192535,-75.07780536555437,-75.07780536555437
76.05000212192536,-75.07757812239615,-75.07757812239615
76.06000212192535,-75.07734268292117,-75.07734268292117
76.07000212192536,-75.0770993391575,-75.0770993391575
76.08000212192536,-75.07684838141186,-75.07684838141186
76.09000212192535,-75.0765900961049,-75.0765900961049
76.10000212192536,-75.0763247646399,-75.0763247646399
76.11000212192535,-75.0760526629848,-75.0760526629848
76.12000212192535,-75.07577406156183,-75.07577406156183
76.13000212192536,-75.07548922542436,-75.07548922542436
76.14000212192535,-75.07519841449418,-75.07519841449418
76.15000212192535,-75.07490188384692,-75.07490188384692
76.16000212192536,-75.0745998840522,-75.0745998840522
76.17000212192535,-75.07429266141915,-75.07429266141915
76.18000212192536,-75.07398045829008,-75.07398045829008
76.19000212192536,-75.07366351330127,-75.07366351330127
76.20000212192535,-75.07334206156628,-75.07334206156628
76.21000212192536,-75.07301633487731,-75.07301633487731
76.22000212192535,-75.07268656187168,-75.07268656187168
76.23000212192535,-75.07235296815183,-75.07235296815183
76.24000212192536,-75.07201577642165,-75.07201577642165
76.25000212192535,-75.07167520658187,-75.07167520658187
76.26000212192535,-75.07133147579768,-75.07133147579768
76.27000212192536,-75.07098479858782,-75.07098479858782
76.28000212192535,-75.07063538687656,-75.07063538687656
76.29000212192535,-75.07028345003948,-75.07028345003948
76.30000212192536,-75.06992919495342,-75.06992919495342
76.31000212192535,-75.06957282601032,-75.06957282601032
76.32000212192536,-75.06921454517406,-75.06921454517406
76.33000212192536,-75.06885455199516,-75.06885455199516
76.34000212192535,-75.06849304362724,-75.06849304362724
76.35000212192536,-75.06813021482975,-75.06813021482975
76.36000212192535,-75.06776625801777,-75.06776625801777
76.37000212192535,-75.06740136323512,-75.06740136323512
76.38000212192536,-75.06703571819584,-75.06703571819584
76.39000212192535,-75.06666950828308,-75.06666950828308
76.40000212192535,-75.0663029165528,-75.0663029165528
76.41000212192536,-75.06593612374998,-75.06593612374998
76.42000212192535,-75.06556930831445,-75.06556930831445
76.43000212192536,-75.0652026463823,-75.0652026463823
76.44000212192536,-75.0648363118057,-75.0648363118057
76.45000212192535,-75.06447047614894,-75.06447047614894
76.46000212192536,-75.06410530869934,-75.06410530869934
76.47000212192535,-75.06374097648822,-75.06374097648822
76.48000212192535,-75.06337764426777,-75.06337764426777
76.49000212192536,-75.0630154745592,-75.0630154745592
76.50000214576721,-75.06265462676207,-75.06265462676207
76.51000214576722,-75.06229526063926,-75.06229526063926
76.52000214576721,-75.0619375311404,-75.0619375311404
76.53000214576721,-75.06158159186676,-75.06158159186676
76.54000214576722,-75.06122759421686,-75.06122759421686
76.55000214576721,-75.06087568738434,-75.06087568738434
76.56000214576721,-75.0605260184042,-75.0605260184042
76.5700021457672,-75.06017873212507,-75.06017873212507
76.58000214576721,-75.0598339712366,-75.0598339712366
76.59000214576722,-75.05949187631167,-75.05949187631167
76.6000021457672,-75.05915258574981,-75.05915258574981
76.61000214576721,-75.0588162358798,-75.0588162358798
76.62000214576722,-75.05848296089336,-75.05848296089336
76.63000214576721,-75.0581528929026,-75.0581528929026
76.64000214576721,-75.05782616195364,-75.05782616195364
76.65000214576722,-75.05750289602227,-75.05750289602227
76.66000214576721,-75.05718322104218,-75.05718322104218
76.67000214576721,-75.0568672609254,-75.0568672609254
76.68000214576722,-75.05655513756844,-75.05655513756844
76.69000214576721,-75.0562469708714,-75.0562469708714
76.70000214576721,-75.05594287874223,-75.05594287874223
76.7100021457672,-75.05564297714643,-75.05564297714643
76.72000214576721,-75.05534738009403,-75.05534738009403
76.73000214576722,-75.05505619966364,-75.05505619966364
76.7400021457672,-75.05476954602615,-75.05476954602615
76.75000214576721,-75.05448752745292,-75.05448752745292
76.76000214576722,-75.05421025034268,-75.05421025034268
76.77000214576721,-75.05393781923613,-75.05393781923613
76.78000214576721,-75.05367033683255,-75.05367033683255
76.79000214576722,-75.05340790400064,-75.05340790400064
76.80000214576721,-75.05315061982192,-75.05315061982192
76.81000214576721,-75.05289858157691,-75.05289858157691
76.8200021457672,-75.05265188477932,-75.05265188477932
76.83000214576721,-75.05241062320079,-75.05241062320079
76.84000214576722,-75.05217488887257,-75.05217488887257
76.8500021457672,-75.05194477211961,-75.05194477211961
76.86000214576721,-75.05172036156712,-75.05172036156712
76.87000214576722,-75.05150174417146,-75.05150174417146
76.88000214576721,-75.05128900522737,-75.05128900522737
76.89000214576721,-75.0510822283859,-75.0510822283859
76.90000214576722,-75.05088149569627,-75.05088149569627
76.91000214576721,-75.05068688758566,-75.05068688758566
76.92000214576721,-75.0504984829015,-75.0504984829015
76.93000214576722,-75.05031635893964,-75.05031635893964
76.94000214576721,-75.05014059143662,-75.05014059143662
76.95000214576721,-75.04997125459559,-75.04997125459559
76.9600021457672,-75.04980842112911,-75.04980842112911
76.97000214576721,-75.04965216224521,-75.04965216224521
76.98000214576722,-75.0495025476811,-75.0495025476811
76.9900021457672,-75.04935964571226,-75.04935964571226
77.00000214576721,-75.04922352319183,-75.04922352319183
77.01000214576722,-75.0490942455339,-75.0490942455339
77.02000214576721,-75.04897187676934,-75.04897187676934
77.03000214576721,-75.04885647952521,-75.04885647952521
77.04000214576722,-75.04874811508496,-75.04874811508496
77.05000214576721,-75.04864684335662,-75.04864684335662
77.06000214576721,-75.04855272293166,-75.04855272293166
77.0700021457672,-75.04846581109265,-75.04846581109265
77.08000214576721,-75.04838616381065,-75.04838616381065
77.09000214576722,-75.04831383577897,-75.04831383577897
77.1000021457672,-75.04824888043345,-75.04824888043345
77.11000214576721,-75.04819134996062,-75.04819134996062
77.12000214576722,-75.04814129531327,-75.04814129531327
77.13000214576721,-75.04809876622413,-75.04809876622413
77.14000214576721,-75.04806381124006,-75.04806381124006
77.15000214576722,-75.04803647771722,-75.04803647771722
77.16000214576721,-75.04801681185577,-75.04801681185577
77.17000214576721,-75.04800485869957,-75.04800485869957
77.18000214576722,-75.04800066214733,-75.04800066214733
77.19000214576721,-75.04800426500613,-75.04800426500613
77.20000214576721,-75.04801570895263,-75.04801570895263
77.2100021457672,-75.04803503458956,-75.04803503458956
77.22000214576721,-75.04806228144068,-75.04806228144068
77.23000214576722,-75.04809748798785,-75.04809748798785
77.2400021457672,-75.04814069164316,-75.04814069164316
77.25000214576721,-75.04819192881507,-75.04819192881507
77.26000214576722,-75.04825123488868,-75.04825123488868
77.27000214576721,-75.04831864423916,-75.04831864423916
77.28000214576721,-75.0483941902686,-75.0483941902686
77.29000214576722,-75.04847790541622,-75.04847790541622
77.30000214576721,-75.0485698211397,-75.0485698211397
77.31000214576721,-75.04866996797172,-75.04866996797172
77.3200021457672,-75.04877837550994,-75.04877837550994
77.33000214576721,-75.048895072436,-75.048895072436
77.34000214576722,-75.04902008652809,-75.04902008652809
77.35000216960907,-75.04915344499497,-75.04915344499497
77.36000216960907,-75.04929517323536,-75.04929517323536
77.37000216960907,-75.04944529668865,-75.04944529668865
77.38000216960907,-75.04960383964323,-75.04960383964323
77.39000216960908,-75.04977082556849,-75.04977082556849
77.40000216960907,-75.04994627708258,-75.04994627708258
77.41000216960907,-75.05013021600884,-75.05013021600884
77.42000216960906,-75.05032266335884,-75.05032266335884
77.43000216960907,-75.05052363935363,-75.05052363935363
77.44000216960907,-75.05073316344756,-75.05073316344756
77.45000216960906,-75.05095125430694,-75.05095125430694
77.46000216960907,-75.05117792985845,-75.05117792985845
77.47000216960907,-75.05141320728028,-75.05141320728028
77.48000216960907,-75.05165710301989,-75.05165710301989
77.49000216960907,-75.05190963280616,-75.05190963280616
77.50000216960908,-75.05217081165415,-75.05217081165415
77.51000216960907,-75.05244065387035,-75.05244065387035
77.52000216960907,-75.05271917308306,-75.05271917308306
77.53000216960908,-75.05300638224364,-75.05300638224364
77.54000216960907,-75.05330229362094,-75.05330229362094
77.55000216960907,-75.0536069188394,-75.0536069188394
77.56000216960906,-75.0539202688718,-75.0539202688718
77.57000216960907,-75.05424235404797,-75.05424235404797
77.58000216960907,-75.05457318408145,-75.05457318408145
77.59000216960906,-75.05491276805989,-75.05491276805989
77.60000216960907,-75.05526111446075,-75.05526111446075
77.61000216960907,-75.05561823116139,-75.05561823116139
77.62000216960907,-75.05598412546395,-75.05598412546395
77.63000216960907,-75.056358804069,-75.056358804069
77.64000216960908,-75.056742273117,-75.056742273117
77.65000216960907,-75.0571345381898,-75.0571345381898
77.66000216960907,-75.05753560430722,-75.05753560430722
77.67000216960906,-75.0579454759383,-75.0579454759383
77.68000216960907,-75.05836415703534,-75.05836415703534
77.69000216960907,-75.05879165100626,-75.05879165100626
77.70000216960906,-75.05922796074945,-75.05922796074945
77.71000216960907,-75.0596665394867,-75.0596665394867
77.72000216960907,-75.06010452079222,-75.06010452079222
77.73000216960907,-75.06054050902874,-75.06054050902874
77.74000216960907,-75.06097378908642,-75.06097378908642
77.75000216960908,-75.0614040248787,-75.0614040248787
77.76000216960907,-75.06183110276493,-75.06183110276493
77.77000216960907,-75.062255039727,-75.062255039727
77.78000216960908,-75.06267592830118,-75.06267592830118
77.79000216960907,-75.06309390335456,-75.06309390335456
77.80000216960907,-75.06350912220945,-75.06350912220945
77.81000216960906,-75.06392175278644,-75.06392175278644
77.82000216960907,-75.06433196661372,-75.06433196661372
77.83000216960907,-75.06473993483063,-75.06473993483063
77.84000216960906,-75.06514582600477,-75.06514582600477
77.85000216960907,-75.06554980501318,-75.06554980501318
77.86000216960907,-75.06595203262214,-75.06595203262214
77.87000216960907,-75.06635266538598,-75.06635266538598
77.88000216960907,-75.06675185582179,-75.06675185582179
77.89000216960908,-75.0671497526238,-75.0671497526238
77.90000216960907,-75.06754650099646,-75.06754650099646
77.91000216960907,-75.06794224291674,-75.06794224291674
77.92000216960906,-75.0683371174565,-75.0683371174565
77.93000216960907,-75.06873126102302,-75.06873126102302
77.94000216960907,-75.06912480761508,-75.06912480761508
77.95000216960906,-75.06951788902761,-75.06951788902761
77.96000216960907,-75.06991063501602,-75.06991063501602
77.97000216960907,-75.0703031734929,-75.0703031734929
77.98000216960907,-75.07069563061226,-75.07069563061226
77.99000216960907,-75.07108813090821,-75.07108813090821
78.00000216960908,-75.07148079737792,-75.07148079737792
78.01000216960907,-75.07187375155583,-75.07187375155583
78.02000216960907,-75.07226711358432,-75.07226711358432
78.03000216960908,-75.07266100225651,-75.07266100225651
78.04000216960907,-75.07305553506185,-75.07305553506185
78.05000216960907,-75.0734508282011,-75.0734508282011
78.06000216960906,-75.0738469966581,-75.0738469966581
78.07000216960907,-75.07424415415473,-75.07424415415473
78.08000216960907,-75.07464241321317,-75.07464241321317
78.09000216960906,-75.07504188516175,-75.07504188516175
78.10000216960907,-75.07544268011704,-75.07544268011704
78.11000216960907,-75.0758449070147,-75.0758449070147
78.12000216960907,-75.0762486736041,-75.0762486736041
78.13000216960907,-75.07665408644164,-75.07665408644164
78.14000216960908,-75.07706125089696,-75.07706125089696
78.15000216960907,-75.07747027115578,-75.07747027115578
78.16000216960907,-75.07788125019648,-75.07788125019648
78.17000216960906,-75.07829428982625,-75.07829428982625
78.18000216960907,-75.0787094906264,-75.0787094906264
78.19000216960907,-75.07912695201202,-75.07912695201202
78.20000219345093,-75.07954677316313,-75.07954677316313
78.21000219345093,-75.07996249845756,-75.07996249845756
78.22000219345092,-75.08037135591283,-75.08037135591283
78.23000219345093,-75.08077204289899,-75.08077204289899
78.24000219345093,-75.08116393674702,-75.08116393674702
78.25000219345092,-75.08154679314245,-75.08154679314245
78.26000219345093,-75.08192058949652,-75.08192058949652
78.27000219345092,-75.08228543315778,-75.08228543315778
78.28000219345093,-75.08264150626269,-75.08264150626269
78.29000219345093,-75.08298903257082,-75.08298903257082
78.30000219345092,-75.08332825752872,-75.08332825752872
78.31000219345093,-75.08365943643962,-75.08365943643962
78.32000219345093,-75.0839828274317,-75.0839828274317
78.33000219345092,-75.08429868748324,-75.08429868748324
78.34000219345093,-75.08460727021493,-75.08460727021493
78.35000219345093,-75.0849088247872,-75.0849088247872
78.36000219345092,-75.08520359542399,-75.08520359542399
78.37000219345093,-75.08549182137186,-75.08549182137186
78.38000219345093,-75.08577373700409,-75.08577373700409
78.39000219345093,-75.08604957209353,-75.08604957209353
78.40000219345093,-75.08631955208232,-75.08631955208232
78.41000219345092,-75.0865838983846,-75.0865838983846
78.42000219345093,-75.08684282867846,-75.08684282867846
78.43000219345093,-75.08709655716785,-75.08709655716785
78.44000219345092,-75.08734529482581,-75.08734529482581
78.45000219345093,-75.08758924957617,-75.08758924957617
78.46000219345093,-75.0878286265137,-75.0878286265137
78.47000219345092,-75.08806362802466,-75.08806362802466
78.48000219345093,-75.08829445393492,-75.08829445393492
78.49000219345093,-75.08852130162202,-75.08852130162202
78.50000219345092,-75.08874436609494,-75.08874436609494
78.51000219345093,-75.08896384008888,-75.08896384008888
78.52000219345092,-75.08917991411582,-75.08917991411582
78.53000219345093,-75.08939277651848,-75.08939277651848
78.54000219345093,-75.08960261352263,-75.08960261352263
78.55000219345092,-75.0898096092691,-75.0898096092691
78.56000219345093,-75.09001394582452,-75.09001394582452
78.57000219345093,-75.0902158032418,-75.0902158032418
78.58000219345092,-75.09041535953794,-75.09041535953794
78.59000219345093,-75.09061279074672,-75.09061279074672
78.60000219345093,-75.09080827089092,-75.09080827089092
78.61000219345092,-75.09100197202919,-75.09100197202919
78.62000219345093,-75.09119406422718,-75.09119406422718
78.63000219345093,-75.09138471558671,-75.09138471558671
78.64000219345093,-75.09157409225837,-75.09157409225837
78.65000219345093,-75.09176235842095,-75.09176235842095
78.66000219345092,-75.09194967629512,-75.09194967629512
78.67000219345093,-75.09213620614521,-75.09213620614521
78.68000219345093,-75.09232210628794,-75.09232210628794
78.69000219345092,-75.09250753308139,-75.09250753308139
78.70000219345093,-75.09269264094284,-75.09269264094284
78.71000219345093,-75.09287758234584,-75.09287758234584
78.72000219345092,-75.09306250781782,-75.09306250781782
78.73000219345093,-75.09324756594721,-75.09324756594721
78.74000219345093,-75.09343290338967,-75.09343290338967
78.75000219345092,-75.09361866486365,-75.09361866486365
78.76000219345093,-75.09380499317463,-75.09380499317463
78.77000219345092,-75.0939920291933,-75.0939920291933
78.78000219345093,-75.0941799118712,-75.0941799118712
78.79000219345093,-75.09436877826857,-75.09436877826857
78.80000219345092,-75.09455876352665,-75.09455876352665
78.81000219345093,-75.09475000089718,-75.09475000089718
78.82000219345093,-75.09494262173686,-75.09494262173686
78.83000219345092,-75.09513675552726,-75.09513675552726
78.84000219345093,-75.09533252987877,-75.09533252987877
78.85000219345093,-75.09553007053648,-75.09553007053648
78.86000219345092,-75.09572950138921,-75.09572950138921
78.87000219345093,-75.09593094448066,-75.09593094448066
78.88000219345093,-75.09613452001904,-75.09613452001904
78.89000219345093,-75.09634034640857,-75.09634034640857
78.90000219345093,-75.09654854021582,-75.09654854021582
78.91000219345092,-75.09675921622485,-75.09675921622485
78.92000219345093,-75.09697248742019,-75.09697248742019
78.93000219345093,-75.09718846501475,-75.09718846501475
78.94000219345092,-75.09740725845897,-75.09740725845897
78.95000219345093,-75.09762897545073,-75.09762897545073
78.96000219345093,-75.09784717077977,-75.09784717077977
78.97000219345092,-75.09805908022591,-75.09805908022591
78.98000219345093,-75.09826340974229,-75.09826340974229
78.99000219345093,-75.09845954485193,-75.09845954485193
79.00000219345092,-75.09864724897771,-75.09864724897771
79.01000219345093,-75.09882650681804,-75.09882650681804
79.02000219345092,-75.09899743256494,-75.09899743256494
79.03000219345093,-75.0991602147464,-75.0991602147464
79.04000219345093,-75.09931508307115,-75.09931508307115
79.05000221729279,-75.09946228887513,-75.09946228887513
79.06000221729279,-75.0996020918365,-75.0996020918365
79.07000221729278,-75.09973475520759,-75.09973475520759
79.08000221729279,-75.0998605403043,-75.0998605403043
79.09000221729279,-75.09997970474075,-75.09997970474075
79.10000221729278,-75.10009250129613,-75.10009250129613
79.11000221729279,-75.10019917752011,-75.10019917752011
79.12000221729278,-75.10029997563836,-75.10029997563836
79.13000221729278,-75.1003951327137,-75.1003951327137
79.14000221729279,-75.10048488090955,-75.10048488090955
79.15000221729278,-75.10056944778886,-75.10056944778886
79.16000221729279,-75.10064905662222,-75.10064905662222
79.17000221729279,-75.10072392669126,-75.10072392669126
79.18000221729278,-75.1007942735692,-75.1007942735692
79.19000221729279,-75.10086030934202,-75.10086030934202
79.20000221729279,-75.10092224286642,-75.10092224286642
79.21000221729278,-75.10098027992609,-75.10098027992609
79.22000221729279,-75.1010346234172,-75.1010346234172
79.23000221729279,-75.10108547348761,-75.10108547348761
79.24000221729278,-75.1011330276437,-75.1011330276437
79.25000221729279,-75.10117748087379,-75.10117748087379
79.26000221729278,-75.10121902570118,-75.10121902570118
79.27000221729278,-75.10125785229091,-75.10125785229091
79.28000221729279,-75.1012941484948,-75.1012941484948
79.29000221729278,-75.10132809989278,-75.10132809989278
79.30000221729279,-75.10135988986055,-75.10135988986055
79.31000221729279,-75.10138969957397,-75.10138969957397
79.32000221729278,-75.10141770806416,-75.10141770806416
79.33000221729279,-75.10144409223523,-75.10144409223523
79.34000221729279,-75.10146902688216,-75.10146902688216
79.35000221729278,-75.1014926847018,-75.1014926847018
79.36000221729279,-75.10151523631654,-75.10151523631654
79.37000221729278,-75.10153685028787,-75.10153685028787
79.38000221729278,-75.1015576931229,-75.1015576931229
79.39000221729279,-75.10157792928658,-75.10157792928658
79.40000221729278,-75.10159772120062,-75.10159772120062
79.41000221729279,-75.10161722927121,-75.10161722927121
79.42000221729279,-75.1016366118743,-75.1016366118743
79.43000221729278,-75.10165602537555,-75.10165602537555
79.44000221729279,-75.10167562413281,-75.10167562413281
79.45000221729279,-75.10169556051063,-75.10169556051063
79.46000221729278,-75.10170943421907,-75.10170943421907
79.47000221729279,-75.10171452601394,-75.10171452601394
79.48000221729279,-75.10170958660261,-75.10170958660261
79.49000221729278,-75.10169404597151,-75.10169404597151
79.50000221729279,-75.10166771173319,-75.10166771173319
79.51000221729278,-75.10163061246662,-75.10163061246662
79.52000221729278,-75.10158290589627,-75.10158290589627
79.53000221729279,-75.10152482377937,-75.10152482377937
79.54000221729278,-75.10145663868849,-75.10145663868849
79.55000221729279,-75.10137864412805,-75.10137864412805
79.56000221729279,-75.10129114268436,-75.10129114268436
79.57000221729278,-75.1011944390389,-75.1011944390389
79.58000221729279,-75.10108883596277,-75.10108883596277
79.59000221729279,-75.10097463214363,-75.10097463214363
79.60000221729278,-75.10085212108314,-75.10085212108314
79.61000221729279,-75.10072159066046,-75.10072159066046
79.62000221729278,-75.10058332307042,-75.10058332307042
79.63000221729278,-75.10043759495376,-75.10043759495376
79.64000221729279,-75.10028467768872,-75.10028467768872
79.65000221729278,-75.10012483764068,-75.10012483764068
79.66000221729279,-75.09995833652268,-75.09995833652268
79.67000221729279,-75.09978543165329,-75.09978543165329
79.68000221729278,-75.09960637626158,-75.09960637626158
79.69000221729279,-75.09942141969935,-75.09942141969935
79.70000221729279,-75.09923080769809,-75.09923080769809
79.71000221729278,-75.0990347825199,-75.0990347825199
79.72000221729279,-75.09883358315379,-75.09883358315379
79.73000221729279,-75.09862744542802,-75.09862744542802
79.74000221729278,-75.09841660215737,-75.09841660215737
79.75000221729279,-75.09820128322467,-75.09820128322467
79.76000221729278,-75.09798171566825,-75.09798171566825
79.77000221729278,-75.09775812375979,-75.09775812375979
79.78000221729279,-75.0975307290674,-75.0975307290674
79.79000221729278,-75.0972997505044,-75.0972997505044
79.80000221729279,-75.09706540436565,-75.09706540436565
79.81000221729279,-75.09682790437519,-75.09682790437519
79.82000221729278,-75.09658746170346,-75.09658746170346
79.83000221729279,-75.09634428499939,-75.09634428499939
79.84000221729279,-75.09609858042762,-75.09609858042762
79.85000221729278,-75.09585055165763,-75.09585055165763
79.86000221729279,-75.09560039990268,-75.09560039990268
79.87000221729278,-75.09534832392856,-75.09534832392856
79.88000221729278,-75.09509452006174,-75.09509452006174
79.89000221729279,-75.09483918219574,-75.09483918219574
79.90000224113464,-75.09458250121675,-75.09458250121675
79.91000224113465,-75.09432466741453,-75.09432466741453
79.92000224113464,-75.0940658668631,-75.0940658668631
79.93000224113464,-75.09380628387436,-75.09380628387436
79.94000224113465,-75.09354610035061,-75.09354610035061
79.95000224113464,-75.09328549584686,-75.09328549584686
79.96000224113465,-75.09302464755051,-75.09302464755051
79.97000224113464,-75.09276373028897,-75.09276373028897
79.98000224113464,-75.09250291656379,-75.09250291656379
79.99000224113465,-75.09224237652788,-75.09224237652788
80.00000224113464,-75.09198227801545,-75.09198227801545
80.01000224113464,-75.09172278655971,-75.09172278655971
80.02000224113465,-75.09146406537619,-75.09146406537619
80.03000224113464,-75.09120627539612,-75.09120627539612
80.04000224113464,-75.09094957526911,-75.09094957526911
80.05000224113465,-75.0906941213808,-75.0906941213808
80.06000224113464,-75.09044006786456,-75.09044006786456
80.07000224113465,-75.09018756658976,-75.09018756658976
80.08000224113465,-75.08993676723259,-75.08993676723259
80.09000224113464,-75.08968781722884,-75.08968781722884
80.10000224113465,-75.08944086181664,-75.08944086181664
80.11000224113464,-75.08919604405423,-75.08919604405423
80.12000224113464,-75.08895350482561,-75.08895350482561
80.13000224113465,-75.08871338284438,-75.08871338284438
80.14000224113464,-75.08847581470353,-75.08847581470353
80.15000224113464,-75.08824093486442,-75.08824093486442
80.16000224113465,-75.08800887567277,-75.08800887567277
80.17000224113464,-75.0877797673853,-75.0877797673853
80.18000224113464,-75.08755373817336,-75.08755373817336
80.19000224113465,-75.0873309141702,-75.0873309141702
80.20000224113464,-75.08711141944806,-75.08711141944806
80.21000224113465,-75.08689537606864,-75.08689537606864
80.22000224113464,-75.08668290407815,-75.08668290407815
80.23000224113464,-75.08647412153081,-75.08647412153081
80.24000224113465,-75.08626914451368,-75.08626914451368
80.25000224113464,-75.08606808717448,-75.08606808717448
80.26000224113464,-75.08587106170495,-75.08587106170495
80.27000224113465,-75.08567817839813,-75.08567817839813
80.28000224113464,-75.08548954564344,-75.08548954564344
80.29000224113464,-75.08530526994417,-75.08530526994417
80.30000224113465,-75.0851254559534,-75.0851254559534
80.31000224113464,-75.08495020648976,-75.08495020648976
80.32000224113465,-75.08477962253745,-75.08477962253745
80.33000224113465,-75.08461380328308,-75.08461380328308
80.34000224113464,-75.08445284613485,-75.08445284613485
80.35000224113465,-75.08429684672893,-75.08429684672893
80.36000224113464,-75.08414589895693,-75.08414589895693
80.37000224113464,-75.08400009499069,-75.08400009499069
80.38000224113465,-75.08385952528604,-75.08385952528604
80.39000224113464,-75.08372427862162,-75.08372427862162
80.40000224113464,-75.08359444209768,-75.08359444209768
80.41000224113465,-75.08347010117339,-75.08347010117339
80.42000224113464,-75.08335133966114,-75.08335133966114
80.43000224113464,-75.08323823977726,-75.08323823977726
80.44000224113465,-75.08313088214697,-75.08313088214697
80.45000224113464,-75.08302934581496,-75.08302934581496
80.46000224113465,-75.08293370826084,-75.08293370826084
80.47000224113464,-75.08284404544257,-75.08284404544257
80.48000224113464,-75.08276043179903,-75.08276043179903
80.49000224113465,-75.0826829402539,-75.0826829402539
80.50000224113464,-75.0826116422765,-75.0826116422765
80.51000224113464,-75.0825466078509,-75.0825466078509
80.52000224113465,-75.08248790552584,-75.08248790552584
80.53000224113464,-75.0824356024226,-75.0824356024226
80.54000224113464,-75.0823897642576,-75.0823897642576
80.55000224113465,-75.08235045535372,-75.08235045535372
80.56000224113464,-75.0823177386517,-75.0823177386517
80.57000224113465,-75.08229167575912,-75.08229167575912
80.58000224113465,-75.08227232692283,-75.08227232692283
80.59000224113464,-75.08225975109212,-75.08225975109212
80.60000224113465,-75.0822540058963,-75.0822540058963
80.61000224113464,-75.08225514769016,-75.08225514769016
80.62000224113464,-75.08226323155269,-75.08226323155269
80.63000224113465,-75.08227831130914,-75.08227831130914
80.64000224113464,-75.08230043955884,-75.08230043955884
80.65000224113464,-75.0823296676846,-75.0823296676846
80.66000224113465,-75.08236604585241,-75.08236604585241
80.67000224113464,-75.08240962305109,-75.08240962305109
80.68000224113464,-75.08246044709679,-75.08246044709679
80.69000224113465,-75.08251856466893,-75.08251856466893
80.70000224113464,-75.08258402127932,-75.08258402127932
80.71000224113465,-75.08265686133645,-75.08265686133645
80.72000224113464,-75.0827371281458,-75.0827371281458
80.73000224113464,-75.08282486390748,-75.08282486390748
80.74000224113465,-75.08292010975362,-75.08292010975362
80.7500022649765,-75.0830229059938,-75.0830229059938
80.7600022649765,-75.08313329118677,-75.08313329118677
80.7700022649765,-75.08325130354876,-75.08325130354876
80.7800022649765,-75.08337698004455,-75.08337698004455
80.79000226497651,-75.0835103566546,-75.0835103566546
80.8000022649765,-75.08365146836104,-75.08365146836104
80.8100022649765,-75.08380034916824,-75.08380034916824
80.8200022649765,-75.08395703212325,-75.08395703212325
80.8300022649765,-75.08412154933161,-75.08412154933161
80.8400022649765,-75.08429393195573,-75.08429393195573
80.8500022649765,-75.0844742102518,-75.0844742102518
80.8600022649765,-75.08466241355579,-75.08466241355579
80.8700022649765,-75.08485857031981,-75.08485857031981
80.8800022649765,-75.08506270811037,-75.08506270811037
80.8900022649765,-75.08527485362629,-75.08527485362629
80.90000226497651,-75.08549503271693,-75.08549503271693
80.9100022649765,-75.08572327038569,-75.08572327038569
80.9200022649765,-75.0859595908042,-75.0859595908042
80.93000226497651,-75.08620401733921,-75.08620401733921
80.9400022649765,-75.08645657253464,-75.08645657253464
80.9500022649765,-75.08671727814043,-75.08671727814043
80.9600022649765,-75.08697960554997,-75.08697960554997
80.9700022649765,-75.08724070773805,-75.08724070773805
80.9800022649765,-75.08749920860429,-75.08749920860429
80.9900022649765,-75.0877544124014,-75.0877544124014
81.0000022649765,-75.08800600210233,-75.08800600210233
81.0100022649765,-75.0882538828123,-75.0882538828123
81.0200022649765,-75.08849808993084,-75.08849808993084
81.0300022649765,-75.08873873406424,-75.08873873406424
81.04000226497651,-75.08897596781433,-75.08897596781433
81.0500022649765,-75.08920996589731,-75.08920996589731
81.0600022649765,-75.08944091329583,-75.08944091329583
81.0700022649765,-75.0896689982871,-75.0896689982871
81.0800022649765,-75.08989440844924,-75.08989440844924
81.0900022649765,-75.09011732847273,-75.09011732847273
81.1000022649765,-75.09033793908401,-75.09033793908401
81.1100022649765,-75.09055641659843,-75.09055641659843
81.1200022649765,-75.09077293283333,-75.09077293283333
81.1300022649765,-75.0909876553252,-75.0909876553252
81.1400022649765,-75.091200747516,-75.091200747516
81.15000226497651,-75.09141236908056,-75.09141236908056
81.1600022649765,-75.09162267624617,-75.09162267624617
81.1700022649765,-75.09183182207458,-75.09183182207458
81.18000226497651,-75.09203995672581,-75.09203995672581
81.1900022649765,-75.092247227729,-75.092247227729
81.2000022649765,-75.09245378016193,-75.09245378016193
81.2100022649765,-75.0926532070092,-75.0926532070092
81.2200022649765,-75.09284278187113,-75.09284278187113
81.2300022649765,-75.09302124815574,-75.09302124815574
81.2400022649765,-75.09318802861537,-75.09318802861537
81.2500022649765,-75.0933429237745,-75.0933429237745
81.2600022649765,-75.0934859553662,-75.0934859553662
81.2700022649765,-75.0936172746064,-75.0936172746064
81.2800022649765,-75.09373710708607,-75.09373710708607
81.29000226497651,-75.0938457196415,-75.0938457196415
81.3000022649765,-75.0939434004718,-75.0939434004718
81.3100022649765,-75.09403044731853,-75.09403044731853
81.3200022649765,-75.09410716048227,-75.09410716048227
81.3300022649765,-75.09417383885543,-75.09417383885543
81.3400022649765,-75.09423077775196,-75.09423077775196
81.3500022649765,-75.0942782677827,-75.0942782677827
81.3600022649765,-75.09431659443679,-75.09431659443679
81.3700022649765,-75.09434603799552,-75.09434603799552
81.3800022649765,-75.09436687369349,-75.09436687369349
81.3900022649765,-75.09437937194988,-75.09437937194988
81.40000226497651,-75.09438379867056,-75.09438379867056
81.4100022649765,-75.09438041552144,-75.09438041552144
81.4200022649765,-75.09436948025427,-75.09436948025427
81.43000226497651,-75.09435124691943,-75.09435124691943
81.4400022649765,-75.09432596614324,-75.09432596614324
81.4500022649765,-75.09429388529239,-75.09429388529239
81.4600022649765,-75.0942552486719,-75.0942552486719
81.4700022649765,-75.09421029767779,-75.09421029767779
81.4800022649765,-75.09415927090625,-75.09415927090625
81.4900022649765,-75.09410240426567,-75.09410240426567
81.5000022649765,-75.09403993105724,-75.09403993105724
81.5100022649765,-75.0939720820623,-75.0939720820623
81.5200022649765,-75.09389908558553,-75.09389908558553
81.5300022649765,-75.09382116750155,-75.09382116750155
81.54000226497651,-75.09373855129732,-75.09373855129732
81.5500022649765,-75.09365145810716,-75.09365145810716
81.5600022649765,-75.09356010672585,-75.09356010672585
81.5700022649765,-75.09346471362879,-75.09346471362879
81.5800022649765,-75.0933654929725,-75.0933654929725
81.5900022649765,-75.09326265663422,-75.09326265663422
81.60000228881836,-75.09315641395071,-75.09315641395071
81.61000228881836,-75.0930469727012,-75.0930469727012
81.62000228881836,-75.09293453767026,-75.09293453767026
81.63000228881836,-75.09281931158661,-75.09281931158661
81.64000228881837,-75.09270149491098,-75.09270149491098
81.65000228881836,-75.09258128581219,-75.09258128581219
81.66000228881836,-75.09245888018643,-75.09245888018643
81.67000228881835,-75.09233447163851,-75.09233447163851
81.68000228881836,-75.09220825151466,-75.09220825151466
81.69000228881836,-75.0920804088607,-75.0920804088607
81.70000228881835,-75.09195113044943,-75.09195113044943
81.71000228881836,-75.09182060078204,-75.09182060078204
81.72000228881836,-75.09168900206755,-75.09168900206755
81.73000228881835,-75.09155651424166,-75.09155651424166
81.74000228881836,-75.09142331498362,-75.09142331498362
81.75000228881837,-75.09128957967552,-75.09128957967552
81.76000228881836,-75.09115548144916,-75.09115548144916
81.77000228881836,-75.09102119116837,-75.09102119116837
81.78000228881837,-75.09088687744061,-75.09088687744061
81.79000228881836,-75.09075270662791,-75.09075270662791
81.80000228881836,-75.0906188428285,-75.0906188428285
81.81000228881835,-75.09048544792456,-75.09048544792456
81.82000228881836,-75.09035268155442,-75.09035268155442
81.83000228881836,-75.09022070113369,-75.09022070113369
81.84000228881835,-75.09008966187612,-75.09008966187612
81.85000228881836,-75.08995971678058,-75.08995971678058
81.86000228881836,-75.08983101665999,-75.08983101665999
81.87000228881836,-75.0897037101479,-75.0897037101479
81.88000228881836,-75.08957794370427,-75.08957794370427
81.89000228881837,-75.08945386162996,-75.08945386162996
81.90000228881836,-75.08933160607656,-75.08933160607656
81.91000228881836,-75.08921131707064,-75.08921131707064
81.92000228881835,-75.08909313250962,-75.08909313250962
81.93000228881836,-75.08897718819804,-75.08897718819804
81.94000228881836,-75.08886361784096,-75.08886361784096
81.95000228881835,-75.08875255306658,-75.08875255306658
81.96000228881836,-75.08864412344988,-75.08864412344988
81.97000228881836,-75.08853845650415,-75.08853845650415
81.98000228881835,-75.08843567773826,-75.08843567773826
81.99000228881836,-75.0883359106228,-75.0883359106228
82.00000228881837,-75.08823927664395,-75.08823927664395
82.01000228881836,-75.08814589530763,-75.08814589530763
82.02000228881836,-75.08805588414711,-75.08805588414711
82.03000228881837,-75.0879693587548,-75.0879693587548
82.04000228881836,-75.0878864327871,-75.0878864327871
82.05000228881836,-75.0878072180101,-75.0878072180101
82.06000228881835,-75.08773182427359,-75.08773182427359
82.07000228881836,-75.08766035955348,-75.08766035955348
82.08000228881836,-75.08759292998324,-75.08759292998324
82.09000228881835,-75.08752963983994,-75.08752963983994
82.10000228881836,-75.08747059158095,-75.08747059158095
82.11000228881836,-75.08741588586346,-75.08741588586346
82.12000228881836,-75.08736562157056,-75.08736562157056
82.13000228881836,-75.08731989580612,-75.08731989580612
82.14000228881837,-75.08727880392333,-75.08727880392333
82.15000228881836,-75.08724243956098,-75.08724243956098
82.16000228881836,-75.0872108946237,-75.0872108946237
82.17000228881835,-75.08718425934374,-75.08718425934374
82.18000228881836,-75.08716262228056,-75.08716262228056
82.19000228881836,-75.08714607033,-75.08714607033
82.20000228881835,-75.08713468875797,-75.08713468875797
82.21000228881836,-75.08712201271109,-75.08712201271109
82.22000228881836,-75.08710525823678,-75.08710525823678
82.23000228881835,-75.08708311143613,-75.08708311143613
82.24000228881836,-75.08705493788571,-75.08705493788571
82.25000228881837,-75.08702048105212,-75.08702048105212
82.26000228881836,-75.08697970567961,-75.08697970567961
82.27000228881836,-75.08693270599787,-75.08693270599787
82.28000228881837,-75.08687965059555,-75.08687965059555
82.29000228881836,-75.0868207492569,-75.0868207492569
82.30000228881836,-75.08675623307145,-75.08675623307145
82.31000228881835,-75.0866863426149,-75.0866863426149
82.32000228881836,-75.08661132094353,-75.08661132094353
82.33000228881836,-75.0865314096561,-75.0865314096561
82.34000228881835,-75.08644684669288,-75.08644684669288
82.35000228881836,-75.08635786526013,-75.08635786526013
82.36000228881836,-75.08626469340142,-75.08626469340142
82.37000228881836,-75.08616755394438,-75.08616755394438
82.38000228881836,-75.08606666466031,-75.08606666466031
82.39000228881837,-75.0859622385339,-75.0859622385339
82.40000228881836,-75.0858544840594,-75.0858544840594
82.41000228881836,-75.08574360556506,-75.08574360556506
82.42000228881835,-75.08562980351809,-75.08562980351809
82.43000228881836,-75.08551327479641,-75.08551327479641
82.44000228881836,-75.08539421296993,-75.08539421296993
82.45000231266022,-75.08527280819656,-75.08527280819656
82.46000231266022,-75.08514924856908,-75.08514924856908
82.47000231266021,-75.08502371860071,-75.08502371860071
82.48000231266022,-75.08489640047458,-75.08489640047458
82.49000231266022,-75.08476747389514,-75.08476747389514
82.50000231266021,-75.08463711619477,-75.08463711619477
82.51000231266022,-75.0845055024033,-75.0845055024033
82.52000231266021,-75.08437280534964,-75.08437280534964
82.53000231266022,-75.08423919570589,-75.08423919570589
82.54000231266022,-75.08410484203708,-75.08410484203708
82.55000231266021,-75.08396991086448,-75.08396991086448
82.56000231266022,-75.08383456668288,-75.08383456668288
82.57000231266022,-75.08369897197967,-75.08369897197967
82.58000231266021,-75.08356328729889,-75.08356328729889
82.59000231266022,-75.08342767122863,-75.08342767122863
82.60000231266022,-75.08329228043188,-75.08329228043188
82.61000231266021,-75.08315726965643,-75.08315726965643
82.62000231266022,-75.08302279175102,-75.08302279175102
82.63000231266022,-75.0828889976681,-75.0828889976681
82.64000231266022,-75.08275603649575,-75.08275603649575
82.65000231266022,-75.08262405544225,-75.08262405544225
82.66000231266021,-75.08249319984796,-75.08249319984796
82.67000231266022,-75.08236361318798,-75.08236361318798
82.68000231266022,-75.08223543710275,-75.08223543710275
82.69000231266021,-75.08210881137586,-75.08210881137586
82.70000231266022,-75.08198387394525,-75.08198387394525
82.71000231266022,-75.08186076091593,-75.08186076091593
82.72000231266021,-75.08173960656659,-75.08173960656659
82.73000231266022,-75.0816205433547,-75.0816205433547
82.74000231266022,-75.08150370190758,-75.08150370190758
82.75000231266021,-75.08138921104862,-75.08138921104862
82.76000231266022,-75.08127719779729,-75.08127719779729
82.77000231266021,-75.08116778737619,-75.08116778737619
82.78000231266022,-75.08106110319852,-75.08106110319852
82.79000231266022,-75.08095726691107,-75.08095726691107
82.80000231266021,-75.08085639838365,-75.08085639838365
82.81000231266022,-75.08075861571093,-75.08075861571093
82.82000231266022,-75.08066403523304,-75.08066403523304
82.83000231266021,-75.08057277152813,-75.08057277152813
82.84000231266022,-75.0804849374454,-75.0804849374454
82.85000231266022,-75.08040064409516,-75.08040064409516
82.86000231266021,-75.08032000086885,-75.08032000086885
82.87000231266022,-75.08024311544742,-75.08024311544742
82.88000231266022,-75.08017009380555,-75.08017009380555
82.89000231266022,-75.08010104023579,-75.08010104023579
82.90000231266022,-75.08003605734098,-75.08003605734098
82.91000231266021,-75.07997524606355,-75.07997524606355
82.92000231266022,-75.07991870568796,-75.07991870568796
82.93000231266022,-75.07986653385835,-75.07986653385835
82.94000231266021,-75.0798188265886,-75.0798188265886
82.95000231266022,-75.0797756782693,-75.0797756782693
82.96000231266022,-75.07973718168012,-75.07973718168012
82.97000231266021,-75.07970342802591,-75.07970342802591
82.98000231266022,-75.07967450691642,-75.07967450691642
82.99000231266022,-75.07965050640613,-75.07965050640613
83.00000231266021,-75.07963151299131,-75.07963151299131
83.01000231266022,-75.07961761163122,-75.07961761163122
83.02000231266021,-75.07960888576294,-75.07960888576294
83.03000231266022,-75.07960541730003,-75.07960541730003
83.04000231266022,-75.07960728668125,-75.07960728668125
83.05000231266021,-75.07961457285343,-75.07961457285343
83.06000231266022,-75.07962735329,-75.07962735329
83.07000231266022,-75.07964570401853,-75.07964570401853
83.08000231266021,-75.07966969963189,-75.07966969963189
83.09000231266022,-75.0796994132854,-75.0796994132854
83.10000231266022,-75.07973491673106,-75.07973491673106
83.11000231266021,-75.0797762803326,-75.0797762803326
83.12000231266022,-75.07982357306882,-75.07982357306882
83.13000231266022,-75.07987686255537,-75.07987686255537
83.14000231266022,-75.07993621505796,-75.07993621505796
83.15000231266022,-75.08000169549943,-75.08000169549943
83.16000231266021,-75.08007336749273,-75.08007336749273
83.17000231266022,-75.0801512933401,-75.0801512933401
83.18000231266022,-75.08023553405495,-75.08023553405495
83.19000231266021,-75.08032614937196,-75.08032614937196
83.20000231266022,-75.08042319776496,-75.08042319776496
83.21000231266022,-75.08052018834445,-75.08052018834445
83.22000231266021,-75.0806143112001,-75.0806143112001
83.23000231266022,-75.08070422668649,-75.08070422668649
83.24000231266022,-75.080789274946,-75.080789274946
83.25000231266021,-75.08086917431473,-75.08086917431473
83.26000231266022,-75.08094386473898,-75.08094386473898
83.27000231266021,-75.08101341598999,-75.08101341598999
83.28000231266022,-75.08107797250736,-75.08107797250736
83.29000231266022,-75.0811377202696,-75.0811377202696
83.30000233650208,-75.08119286702549,-75.08119286702549
83.31000233650208,-75.08124362989965,-75.08124362989965
83.32000233650207,-75.0812902292755,-75.0812902292755
83.33000233650208,-75.08133288423758,-75.08133288423758
83.34000233650208,-75.0813718105274,-75.0813718105274
83.35000233650207,-75.08140721948017,-75.08140721948017
83.36000233650208,-75.08143931756493,-75.08143931756493
83.37000233650207,-75.08146830635084,-75.08146830635084
83.38000233650207,-75.08149438266331,-75.08149438266331
83.39000233650208,-75.08151773882327,-75.08151773882327
83.40000233650207,-75.08153856297811,-75.08153856297811
83.41000233650207,-75.08155703939642,-75.08155703939642
83.42000233650208,-75.08157334878676,-75.08157334878676
83.43000233650207,-75.08158766855972,-75.08158766855972
83.44000233650208,-75.08160017307104,-75.08160017307104
83.45000233650208,-75.08161103385709,-75.08161103385709
83.46000233650207,-75.08162041982858,-75.08162041982858
83.47000233650208,-75.08162849741593,-75.08162849741593
83.48000233650208,-75.08163543071903,-75.08163543071903
83.49000233650207,-75.08164138163187,-75.08164138163187
83.50000233650208,-75.08164650992641,-75.08164650992641
83.51000233650207,-75.08165097335853,-75.08165097335853
83.52000233650207,-75.08165492772504,-75.08165492772504
83.53000233650208,-75.08165852692893,-75.08165852692893
83.54000233650207,-75.08166192301908,-75.08166192301908
83.55000233650208,-75.08166526624082,-75.08166526624082
83.56000233650208,-75.08166870505198,-75.08166870505198
83.57000233650207,-75.08167238617435,-75.08167238617435
83.58000233650208,-75.08167645460732,-75.08167645460732
83.59000233650208,-75.08168105362597,-75.08168105362597
83.60000233650207,-75.08168632482476,-75.08168632482476
83.61000233650208,-75.08169240810584,-75.08169240810584
83.62000233650207,-75.08169944171158,-75.08169944171158
83.63000233650207,-75.08170756221197,-75.08170756221197
83.64000233650208,-75.08171690451461,-75.08171690451461
83.65000233650207,-75.08172760187816,-75.08172760187816
83.66000233650207,-75.08173978590106,-75.08173978590106
83.67000233650208,-75.08175358655141,-75.08175358655141
83.68000233650207,-75.0817691321486,-75.0817691321486
83.69000233650208,-75.08178654936926,-75.08178654936926
83.70000233650208,-75.08180596325178,-75.08180596325178
83.71000233650207,-75.08182749720098,-75.08182749720098
83.72000233650208,-75.08185127299608,-75.08185127299608
83.73000233650208,-75.08187741078565,-75.08187741078565
83.74000233650207,-75.08190602909455,-75.08190602909455
83.75000233650208,-75.0819372448154,-75.0819372448154
83.76000233650207,-75.08197117323684,-75.08197117323684
83.77000233650207,-75.08200792801519,-75.08200792801519
83.78000233650208,-75.08204762121588,-75.08204762121588
83.79000233650207,-75.08209036330075,-75.08209036330075
83.80000233650208,-75.08213626311391,-75.08213626311391
83.81000233650208,-75.08218542792524,-75.08218542792524
83.82000233650207,-75.08223796340751,-75.08223796340751
83.83000233650208,-75.0822939736528,-75.0822939736528
83.84000233650208,-75.08235356118689,-75.08235356118689
83.85000233650207,-75.08241682696469,-75.08241682696469
83.86000233650208,-75.08248387037388,-75.08248387037388
83.87000233650207,-75.08255478925534,-75.08255478925534
83.88000233650207,-75.08262967992569,-75.08262967992569
83.89000233650208,-75.08270863713814,-75.08270863713814
83.90000233650207,-75.08279175413409,-75.08279175413409
83.91000233650207,-75.08287912264329,-75.08287912264329
83.92000233650208,-75.08297083288402,-75.08297083288402
83.93000233650207,-75.0830669735823,-75.0830669735823
83.94000233650208,-75.08316763197747,-75.08316763197747
83.95000233650208,-75.08327289382663,-75.08327289382663
83.96000233650207,-75.083382843427,-75.083382843427
83.97000233650208,-75.08349756362925,-75.08349756362925
83.98000233650208,-75.08361713583064,-75.08361713583064
83.99000233650207,-75.0837416400147,-75.0837416400147
84.00000233650208,-75.08387115472374,-75.08387115472374
84.01000233650207,-75.08400575710543,-75.08400575710543
84.02000233650207,-75.08414552289906,-75.08414552289906
84.03000233650208,-75.08429052648764,-75.08429052648764
84.04000233650207,-75.08444084085947,-75.08444084085947
84.05000233650208,-75.08459653765343,-75.08459653765343
84.06000233650208,-75.08475768716731,-75.08475768716731
84.07000233650207,-75.08492435835922,-75.08492435835922
84.08000233650208,-75.08509661886362,-75.08509661886362
84.09000233650208,-75.08527453500803,-75.08527453500803
84.10000233650207,-75.08545817183769,-75.08545817183769
84.11000233650208,-75.0856475931118,-75.0856475931118
84.12000233650207,-75.08584286130942,-75.08584286130942
84.13000233650207,-75.08604403766427,-75.08604403766427
84.14000233650208,-75.08625118217313,-75.08625118217313
84.15000236034393,-75.0864643541039,-75.0864643541039
84.16000236034394,-75.08668361000471,-75.08668361000471
84.17000236034393,-75.08690900670612,-75.08690900670612
84.18000236034393,-75.08714059936477,-75.08714059936477
84.19000236034394,-75.08737844196325,-75.08737844196325
84.20000236034393,-75.08762258732293,-75.08762258732293
84.21000236034394,-75.08787308710978,-75.08787308710978
84.22000236034393,-75.08812999186104,-75.08812999186104
84.23000236034393,-75.08839335097986,-75.08839335097986
84.24000236034394,-75.08866321277154,-75.08866321277154
84.25000236034393,-75.08893962444192,-75.08893962444192
84.26000236034393,-75.08922263210714,-75.08922263210714
84.27000236034394,-75.08951228082533,-75.08951228082533
84.28000236034393,-75.08980861459298,-75.08980861459298
84.29000236034393,-75.09011167635806,-75.09011167635806
84.30000236034394,-75.09042150803518,-75.09042150803518
84.31000236034393,-75.09073815053529,-75.09073815053529
84.32000236034393,-75.0910616437504,-75.0910616437504
84.33000236034394,-75.09139202657833,-75.09139202657833
84.34000236034393,-75.09172933694938,-75.09172933694938
84.35000236034394,-75.09207361180741,-75.09207361180741
84.36000236034393,-75.09242488716573,-75.09242488716573
84.37000236034393,-75.09278319807707,-75.09278319807707
84.38000236034394,-75.09314857866579,-75.09314857866579
84.39000236034393,-75.09352106214054,-75.09352106214054
84.40000236034393,-75.09390068079863,-75.09390068079863
84.41000236034394,-75.09428746606116,-75.09428746606116
84.42000236034393,-75.09468144844713,-75.09468144844713
84.43000236034393,-75.09508265760846,-75.09508265760846
84.44000236034394,-75.09549112234319,-75.09549112234319
84.45000236034393,-75.09590687060462,-75.09590687060462
84.46000236034394,-75.0963299295102,-75.0963299295102
84.47000236034393,-75.09676032534654,-75.09676032534654
84.48000236034393,-75.09719808359276,-75.09719808359276
84.49000236034394,-75.09764322892693,-75.09764322892693
84.50000236034393,-75.09809578523303,-75.09809578523303
84.51000236034393,-75.09855577562081,-75.09855577562081
84.52000236034394,-75.09902322242819,-75.09902322242819
84.53000236034393,-75.09949814723599,-75.09949814723599
84.54000236034393,-75.09998057088583,-75.09998057088583
84.55000236034394,-75.10047051346783,-75.10047051346783
84.56000236034393,-75.10096799437005,-75.10096799437005
84.57000236034393,-75.10147303223559,-75.10147303223559
84.58000236034394,-75.10198564502558,-75.10198564502558
84.59000236034393,-75.10250584999909,-75.10250584999909
84.60000236034394,-75.10303366372224,-75.10303366372224
84.61000236034393,-75.1035691021042,-75.1035691021042
84.62000236034393,-75.1041121803675,-75.1041121803675
84.63000236034394,-75.10466291309903,-75.10466291309903
84.64000236034393,-75.1052213142392,-75.1052213142392
84.65000236034393,-75.10578739706203,-75.10578739706203
84.66000236034394,-75.10636117425994,-75.10636117425994
84.67000236034393,-75.10694265787629,-75.10694265787629
84.68000236034393,-75.10753185935832,-75.10753185935832
84.69000236034394,-75.10812878954877,-75.10812878954877
84.70000236034393,-75.1087334587085,-75.1087334587085
84.71000236034394,-75.10933932429498,-75.10933932429498
84.72000236034393,-75.10994352655943,-75.10994352655943
84.73000236034393,-75.11054467723844,-75.11054467723844
84.74000236034394,-75.11114206876596,-75.11114206876596
84.75000236034393,-75.1117353725873,-75.1117353725873
84.76000236034393,-75.11232448249102,-75.11232448249102
84.77000236034394,-75.11290942282416,-75.11290942282416
84.78000236034393,-75.11349029333402,-75.11349029333402
84.79000236034393,-75.11406723598992,-75.11406723598992
84.80000236034394,-75.11464041509669,-75.11464041509669
84.81000236034393,-75.11521000543297,-75.11521000543297
84.82000236034393,-75.11577618527969,-75.11577618527969
84.83000236034394,-75.11633913242991,-75.11633913242991
84.84000236034393,-75.11689902199672,-75.11689902199672
84.85000236034394,-75.11745602532403,-75.11745602532403
84.86000236034393,-75.1180103095424,-75.1180103095424
84.87000236034393,-75.1185620374956,-75.1185620374956
84.88000236034394,-75.11911136789794,-75.11911136789794
84.89000236034393,-75.11965845559783,-75.11965845559783
84.90000236034393,-75.12020345181885,-75.12020345181885
84.91000236034394,-75.1207465045393,-75.1207465045393
84.92000236034393,-75.12128775873781,-75.12128775873781
84.93000236034393,-75.1218273566649,-75.1218273566649
84.94000236034394,-75.12236543810928,-75.12236543810928
84.95000236034393,-75.12290214057383,-75.12290214057383
84.96000236034394,-75.12343759947709,-75.12343759947709
84.97000236034393,-75.12397194831995,-75.12397194831995
84.98000236034393,-75.12450531879698,-75.12450531879698
84.99000236034394,-75.1250378409247,-75.1250378409247
85.00000238418579,-75.12556964439014,-75.12556964439014
85.0100023841858,-75.12610085356279,-75.12610085356279
85.02000238418579,-75.12663159516923,-75.12663159516923
85.03000238418579,-75.12716199326105,-75.12716199326105
85.0400023841858,-75.12769217054058,-75.12769217054058
85.05000238418579,-75.12822224838547,-75.12822224838547
85.0600023841858,-75.12875234686771,-75.12875234686771
85.07000238418578,-75.12928258478554,-75.12928258478554
85.08000238418579,-75.12981307967792,-75.12981307967792
85.0900023841858,-75.13034394783858,-75.13034394783858
85.10000238418579,-75.13087530431305,-75.13087530431305
85.11000238418579,-75.13140726291358,-75.13140726291358
85.1200023841858,-75.13193993620675,-75.13193993620675
85.13000238418579,-75.13247343554539,-75.13247343554539
85.14000238418579,-75.13300787105243,-75.13300787105243
85.1500023841858,-75.13354335159936,-75.13354335159936
85.16000238418579,-75.1340799848492,-75.1340799848492
85.17000238418579,-75.1346178772016,-75.1346178772016
85.1800023841858,-75.1351571338356,-75.1351571338356
85.19000238418579,-75.13569785868732,-75.13569785868732
85.2000023841858,-75.13624015444833,-75.13624015444833
85.21000238418578,-75.13678412256243,-75.13678412256243
85.22000238418579,-75.13732986322267,-75.13732986322267
85.2300023841858,-75.13787747537933,-75.13787747537933
85.24000238418579,-75.13842705672539,-75.13842705672539
85.25000238418579,-75.13897870368892,-75.13897870368892
85.2600023841858,-75.13953251145469,-75.13953251145469
85.27000238418579,-75.14008857394644,-75.14008857394644
85.28000238418579,-75.14064698382094,-75.14064698382094
85.2900023841858,-75.14120783249025,-75.14120783249025
85.30000238418579,-75.14177121010529,-75.14177121010529
85.3100023841858,-75.1423372055548,-75.1423372055548
85.32000238418578,-75.1429059064811,-75.1429059064811
85.33000238418579,-75.14347739926058,-75.14347739926058
85.3400023841858,-75.14405176902446,-75.14405176902446
85.35000238418579,-75.14462909965624,-75.14462909965624
85.36000238418579,-75.1452094737947,-75.1452094737947
85.3700023841858,-75.14579297282827,-75.14579297282827
85.38000238418579,-75.14637967691125,-75.14637967691125
85.39000238418579,-75.14696966496054,-75.14696966496054
85.4000023841858,-75.14756301466906,-75.14756301466906
85.41000238418579,-75.14815980251039,-75.14815980251039
85.42000238418579,-75.14876010372342,-75.14876010372342
85.4300023841858,-75.14936399233613,-75.14936399233613
85.44000238418579,-75.14997154118613,-75.14997154118613
85.4500023841858,-75.15058282188264,-75.15058282188264
85.46000238418578,-75.151197904875,-75.151197904875
85.47000238418579,-75.1518168593874,-75.1518168593874
85.4800023841858,-75.1524397534935,-75.1524397534935
85.49000238418579,-75.15306665408951,-75.15306665408951
85.50000238418579,-75.15369762689792,-75.15369762689792
85.5100023841858,-75.15433273647382,-75.15433273647382
85.52000238418579,-75.15497204625773,-75.15497204625773
85.53000238418579,-75.15561561853468,-75.15561561853468
85.5400023841858,-75.15626351444641,-75.15626351444641
85.55000238418579,-75.15691579402854,-75.15691579402854
85.5600023841858,-75.15757251620084,-75.15757251620084
85.57000238418578,-75.15823373877225,-75.15823373877225
85.58000238418579,-75.15889951846964,-75.15889951846964
85.5900023841858,-75.15956991092037,-75.15956991092037
85.60000238418579,-75.16024497069994,-75.16024497069994
85.61000238418579,-75.160924751294,-75.160924751294
85.6200023841858,-75.16160930513823,-75.16160930513823
85.63000238418579,-75.16229868363484,-75.16229868363484
85.64000238418579,-75.1629929371495,-75.1629929371495
85.6500023841858,-75.16369211500873,-75.16369211500873
85.66000238418579,-75.16439626553515,-75.16439626553515
85.67000238418579,-75.16510543604097,-75.16510543604097
85.6800023841858,-75.16581967285718,-75.16581967285718
85.69000238418579,-75.16653902130871,-75.16653902130871
85.7000023841858,-75.16726352577011,-75.16726352577011
85.71000238418578,-75.16799322963685,-75.16799322963685
85.72000238418579,-75.16872817534906,-75.16872817534906
85.7300023841858,-75.16946840442758,-75.16946840442758
85.74000238418579,-75.1702139574364,-75.1702139574364
85.75000238418579,-75.17096487403165,-75.17096487403165
85.7600023841858,-75.17172119294924,-75.17172119294924
85.77000238418579,-75.17248295204527,-75.17248295204527
85.78000238418579,-75.173250188255,-75.173250188255
85.7900023841858,-75.17402293766297,-75.17402293766297
85.80000238418579,-75.17480123545964,-75.17480123545964
85.8100023841858,-75.17558511600511,-75.17558511600511
85.82000238418578,-75.17637461279098,-75.17637461279098
85.83000238418579,-75.17716975846902,-75.17716975846902
85.8400023841858,-75.17797058488243,-75.17797058488243
85.85000240802765,-75.17877712496335,-75.17877712496335
85.86000240802765,-75.17958940509081,-75.17958940509081
85.87000240802764,-75.18040745657467,-75.18040745657467
85.88000240802765,-75.18123130803731,-75.18123130803731
85.89000240802766,-75.18206098733287,-75.18206098733287
85.90000240802765,-75.18289652153969,-75.18289652153969
85.91000240802765,-75.18373793697532,-75.18373793697532
85.92000240802764,-75.18458525922716,-75.18458525922716
85.93000240802765,-75.18543851312101,-75.18543851312101
85.94000240802765,-75.1862977227707,-75.1862977227707
85.95000240802764,-75.18716291157061,-75.18716291157061
85.96000240802765,-75.18803410221156,-75.18803410221156
85.97000240802765,-75.18891131667091,-75.18891131667091
85.98000240802764,-75.18979457625122,-75.18979457625122
85.99000240802765,-75.19068390156491,-75.19068390156491
86.00000240802765,-75.19157931256261,-75.19157931256261
86.01000240802765,-75.1924808285293,-75.1924808285293
86.02000240802765,-75.1933884680865,-75.1933884680865
86.03000240802766,-75.19430224924173,-75.19430224924173
86.04000240802765,-75.19522218933763,-75.19522218933763
86.05000240802765,-75.19614830510265,-75.19614830510265
86.06000240802764,-75.19708061265604,-75.19708061265604
86.07000240802765,-75.19801912750393,-75.19801912750393
86.08000240802765,-75.19896386455281,-75.19896386455281
86.09000240802764,-75.19991483811438,-75.19991483811438
86.10000240802765,-75.20087206192302,-75.20087206192302
86.11000240802765,-75.20183554913906,-75.20183554913906
86.12000240802764,-75.20280531235792,-75.20280531235792
86.13000240802765,-75.20378136361242,-75.20378136361242
86.14000240802766,-75.20476371439393,-75.20476371439393
86.15000240802765,-75.20575237565654,-75.20575237565654
86.16000240802765,-75.20674735779957,-75.20674735779957
86.17000240802764,-75.20774867072056,-75.20774867072056
86.18000240802765,-75.2087563237892,-75.2087563237892
86.19000240802765,-75.20977032586676,-75.20977032586676
86.20000240802764,-75.21079068530607,-75.21079068530607
86.21000240802765,-75.21181740997828,-75.21181740997828
86.22000240802765,-75.21285050725245,-75.21285050725245
86.23000240802764,-75.21388998403349,-75.21388998403349
86.24000240802765,-75.21493584674808,-75.21493584674808
86.25000240802765,-75.21598810134833,-75.21598810134833
86.26000240802765,-75.21704675334435,-75.21704675334435
86.27000240802765,-75.21811180778272,-75.21811180778272
86.28000240802766,-75.21918326926266,-75.21918326926266
86.29000240802765,-75.22026114196014,-75.22026114196014
86.30000240802765,-75.22134542959637,-75.22134542959637
86.31000240802764,-75.2224361355042,-75.2224361355042
86.32000240802765,-75.22353326257262,-75.22353326257262
86.33000240802765,-75.22463681328415,-75.22463681328415
86.34000240802764,-75.22574678972369,-75.22574678972369
86.35000240802765,-75.22686319356897,-75.22686319356897
86.36000240802765,-75.22798602610531,-75.22798602610531
86.37000240802764,-75.22911528824784,-75.22911528824784
86.38000240802765,-75.23025098051629,-75.23025098051629
86.39000240802766,-75.23139310306381,-75.23139310306381
86.40000240802765,-75.23254165567157,-75.23254165567157
86.41000240802765,-75.23369663776504,-75.23369663776504
86.42000240802764,-75.234858048415,-75.234858048415
86.43000240802765,-75.2360258863294,-75.2360258863294
86.44000240802765,-75.23720014988731,-75.23720014988731
86.45000240802764,-75.23838083711797,-75.23838083711797
86.46000240802765,-75.23956794572985,-75.23956794572985
86.47000240802765,-75.24076147308105,-75.24076147308105
86.48000240802764,-75.24196141623817,-75.24196141623817
86.49000240802765,-75.24316777191854,-75.24316777191854
86.50000240802765,-75.24438053655398,-75.24438053655398
86.51000240802765,-75.24559970625478,-75.24559970625478
86.52000240802765,-75.24682527682968,-75.24682527682968
86.53000240802766,-75.24805724380144,-75.24805724380144
86.54000240802765,-75.2492956023907,-75.2492956023907
86.55000240802765,-75.25054034753518,-75.25054034753518
86.56000240802764,-75.25179147389133,-75.25179147389133
86.57000240802765,-75.25304897583112,-75.25304897583112
86.58000240802765,-75.25431284747324,-75.25431284747324
86.59000240802764,-75.25558308264625,-75.25558308264625
86.60000240802765,-75.25685967492613,-75.25685967492613
86.61000240802765,-75.25814261762854,-75.25814261762854
86.62000240802764,-75.2594319038219,-75.2594319038219
86.63000240802765,-75.26072752631362,-75.26072752631362
86.64000240802766,-75.26202947766747,-75.26202947766747
86.65000240802765,-75.26333775020949,-75.26333775020949
86.66000240802765,-75.26465233602863,-75.26465233602863
86.67000240802764,-75.26597322697897,-75.26597322697897
86.68000240802765,-75.26730041468205,-75.26730041468205
86.69000240802765,-75.26863389054076,-75.26863389054076
86.7000024318695,-75.26997364893259,-75.26997364893259
86.71000243186951,-75.27131967446317,-75.27131967446317
86.7200024318695,-75.2726719610334,-75.2726719610334
86.73000243186951,-75.27403049919586,-75.27403049919586
86.74000243186951,-75.27539527928579,-75.27539527928579
86.7500024318695,-75.27676629143606,-75.27676629143606
86.76000243186951,-75.27814352557662,-75.27814352557662
86.7700024318695,-75.27952697145345,-75.27952697145345
86.7800024318695,-75.28091661861595,-75.28091661861595
86.79000243186951,-75.28231245643012,-75.28231245643012
86.8000024318695,-75.28371447407264,-75.28371447407264
86.8100024318695,-75.28512266054189,-75.28512266054189
86.82000243186951,-75.28653700465163,-75.28653700465163
86.8300024318695,-75.28795749506202,-75.28795749506202
86.84000243186951,-75.28938412024293,-75.28938412024293
86.85000243186951,-75.29081686849787,-75.29081686849787
86.8600024318695,-75.29225572797328,-75.29225572797328
86.87000243186951,-75.29370068664629,-75.29370068664629
86.88000243186951,-75.29515173235977,-75.29515173235977
86.8900024318695,-75.29660885276327,-75.29660885276327
86.90000243186951,-75.29807203538603,-75.29807203538603
86.9100024318695,-75.29954126760518,-75.29954126760518
86.9200024318695,-75.30101653662348,-75.30101653662348
86.93000243186951,-75.30249782954145,-75.30249782954145
86.9400024318695,-75.303985133281,-75.303985133281
86.9500024318695,-75.30547843465375,-75.30547843465375
86.96000243186951,-75.30697772032073,-75.30697772032073
86.9700024318695,-75.30848297682577,-75.30848297682577
86.98000243186951,-75.30999419056373,-75.30999419056373
86.99000243186951,-75.31151134781253,-75.31151134781253
87.0000024318695,-75.31303443473473,-75.31303443473473
87.01000243186951,-75.31456343734756,-75.31456343734756
87.0200024318695,-75.31609834157524,-75.31609834157524
87.0300024318695,-75.31763913321544,-75.31763913321544
87.04000243186951,-75.31918579794453,-75.31918579794453
87.0500024318695,-75.32073832133544,-75.32073832133544
87.0600024318695,-75.32229668884655,-75.32229668884655
87.07000243186951,-75.32386088583146,-75.32386088583146
87.0800024318695,-75.32543089753723,-75.32543089753723
87.09000243186951,-75.32700670910951,-75.32700670910951
87.10000243186951,-75.32858830559431,-75.32858830559431
87.1100024318695,-75.33017567194548,-75.33017567194548
87.12000243186951,-75.33176879301189,-75.33176879301189
87.13000243186951,-75.3333676535435,-75.3333676535435
87.1400024318695,-75.33497223821217,-75.33497223821217
87.15000243186951,-75.3365825315976,-75.3365825315976
87.1600024318695,-75.33819851817648,-75.33819851817648
87.1700024318695,-75.33982018236073,-75.33982018236073
87.18000243186951,-75.34144750847476,-75.34144750847476
87.1900024318695,-75.34308048075539,-75.34308048075539
87.2000024318695,-75.34471908335965,-75.34471908335965
87.21000243186951,-75.34636330036992,-75.34636330036992
87.2200024318695,-75.3480131157862,-75.3480131157862
87.23000243186951,-75.34966851354548,-75.34966851354548
87.24000243186951,-75.35132947750839,-75.35132947750839
87.2500024318695,-75.35299599146379,-75.35299599146379
87.26000243186951,-75.3546680391322,-75.3546680391322
87.2700024318695,-75.35634560416466,-75.35634560416466
87.2800024318695,-75.35802867015708,-75.35802867015708
87.29000243186951,-75.35971722062835,-75.35971722062835
87.3000024318695,-75.36141123903832,-75.36141123903832
87.3100024318695,-75.36311070880596,-75.36311070880596
87.32000243186951,-75.36481561327038,-75.36481561327038
87.3300024318695,-75.3665259357154,-75.3665259357154
87.34000243186951,-75.36824165938147,-75.36824165938147
87.35000243186951,-75.36996276744647,-75.36996276744647
87.3600024318695,-75.37168924303647,-75.37168924303647
87.37000243186951,-75.37342106923039,-75.37342106923039
87.38000243186951,-75.37515822905665,-75.37515822905665
87.3900024318695,-75.37690070550116,-75.37690070550116
87.40000243186951,-75.37864848149303,-75.37864848149303
87.4100024318695,-75.38040153991865,-75.38040153991865
87.4200024318695,-75.3821598636404,-75.3821598636404
87.43000243186951,-75.38392343544729,-75.38392343544729
87.4400024318695,-75.3856922381077,-75.3856922381077
87.4500024318695,-75.38746625435303,-75.38746625435303
87.46000243186951,-75.3892454668619,-75.3892454668619
87.4700024318695,-75.39102985829466,-75.39102985829466
87.48000243186951,-75.3928194112595,-75.3928194112595
87.49000243186951,-75.39461410833415,-75.39461410833415
87.5000024318695,-75.39641393207101,-75.39641393207101
87.51000243186951,-75.39821886498494,-75.39821886498494
87.5200024318695,-75.40002888956771,-75.40002888956771
87.5300024318695,-75.4018439882693,-75.4018439882693
87.54000243186951,-75.40366414352056,-75.40366414352056
87.55000245571136,-75.40548934207429,-75.40548934207429
87.56000245571137,-75.40731955762804,-75.40731955762804
87.57000245571136,-75.40915477685918,-75.40915477685918
87.58000245571137,-75.41099498209917,-75.41099498209917
87.59000245571137,-75.41284015565685,-75.41284015565685
87.60000245571136,-75.41469027981582,-75.41469027981582
87.61000245571137,-75.4165453368377,-75.4165453368377
87.62000245571136,-75.41840530896748,-75.41840530896748
87.63000245571136,-75.42027017843749,-75.42027017843749
87.64000245571137,-75.42213992745762,-75.42213992745762
87.65000245571136,-75.42401453821728,-75.42401453821728
87.66000245571136,-75.42589399289773,-75.42589399289773
87.67000245571137,-75.42777827366153,-75.42777827366153
87.68000245571136,-75.4296673626668,-75.4296673626668
87.69000245571137,-75.4315612420466,-75.4315612420466
87.70000245571137,-75.43345989392488,-75.43345989392488
87.71000245571136,-75.4353633004237,-75.4353633004237
87.72000245571137,-75.43727144364914,-75.43727144364914
87.73000245571137,-75.43918430570847,-75.43918430570847
87.74000245571136,-75.44110186867874,-75.44110186867874
87.75000245571137,-75.44302411464518,-75.44302411464518
87.76000245571136,-75.44495102569371,-75.44495102569371
87.77000245571136,-75.44688258388916,-75.44688258388916
87.78000245571137,-75.44881877130182,-75.44881877130182
87.79000245571136,-75.4507595699977,-75.4507595699977
87.80000245571136,-75.45270496203922,-75.45270496203922
87.81000245571137,-75.45465492947658,-75.45465492947658
87.82000245571136,-75.45660945438073,-75.45660945438073
87.83000245571137,-75.4585685188027,-75.4585685188027
87.84000245571137,-75.46053210479582,-75.46053210479582
87.85000245571136,-75.46250019442125,-75.46250019442125
87.86000245571137,-75.46447276973706,-75.46447276973706
87.87000245571136,-75.466449812813,-75.466449812813
87.88000245571136,-75.46843130570909,-75.46843130570909
87.89000245571137,-75.4704172304935,-75.4704172304935
87.90000245571136,-75.47240756923875,-75.47240756923875
87.91000245571136,-75.47440230402191,-75.47440230402191
87.92000245571137,-75.47640141693044,-75.47640141693044
87.93000245571136,-75.47840489006168,-75.47840489006168
87.94000245571137,-75.48041270550013,-75.48041270550013
87.95000245571137,-75.48242484535866,-75.48242484535866
87.96000245571136,-75.48443470128632,-75.48443470128632
87.97000245571137,-75.48643936546898,-75.48643936546898
87.98000245571137,-75.48843740926091,-75.48843740926091
87.99000245571136,-75.49042808864341,-75.49042808864341
88.00000245571137,-75.49241104108602,-75.49241104108602
88.01000245571136,-75.49438612823808,-75.49438612823808
88.02000245571136,-75.4963533437169,-75.4963533437169
88.03000245571137,-75.49831275774429,-75.49831275774429
88.04000245571136,-75.50026448386008,-75.50026448386008
88.05000245571136,-75.50220865893425,-75.50220865893425
88.06000245571137,-75.50414543124866,-75.50414543124866
88.07000245571136,-75.50607495348473,-75.50607495348473
88.08000245571137,-75.50799737869151,-75.50799737869151
88.09000245571137,-75.50991285806306,-75.50991285806306
88.10000245571136,-75.51182153981095,-75.51182153981095
88.11000245571137,-75.51372356870007,-75.51372356870007
88.12000245571136,-75.51561908595869,-75.51561908595869
88.13000245571136,-75.51750822938872,-75.51750822938872
88.14000245571137,-75.51939113361283,-75.51939113361283
88.15000245571136,-75.52126793032994,-75.52126793032994
88.16000245571136,-75.52313874861167,-75.52313874861167
88.17000245571137,-75.52500371517321,-75.52500371517321
88.18000245571136,-75.52686295460957,-75.52686295460957
88.19000245571137,-75.5287165896528,-75.5287165896528
88.20000245571137,-75.53056474133086,-75.53056474133086
88.21000245571136,-75.5324075291459,-75.5324075291459
88.22000245571137,-75.53424507122554,-75.53424507122554
88.23000245571137,-75.53607748443297,-75.53607748443297
88.24000245571136,-75.53790488446548,-75.53790488446548
88.25000245571137,-75.53972738592987,-75.53972738592987
88.26000245571136,-75.54154510242086,-75.54154510242086
88.27000245571136,-75.54335814656606,-75.54335814656606
88.28000245571137,-75.54516663006122,-75.54516663006122
88.29000245571136,-75.54697066370049,-75.54697066370049
88.30000245571136,-75.54877035740923,-75.54877035740923
88.31000245571137,-75.55056582025412,-75.55056582025412
88.32000245571136,-75.5523571604568,-75.5523571604568
88.33000245571137,-75.55414448539445,-75.55414448539445
88.34000245571137,-75.55592790161319,-75.55592790161319
88.35000245571136,-75.55770751481141,-75.55770751481141
88.36000245571137,-75.55948342985118,-75.55948342985118
88.37000245571136,-75.56125575075282,-75.56125575075282
88.38000245571136,-75.56302458067275,-75.56302458067275
88.39000245571137,-75.56479002191408,-75.56479002191408
88.40000247955322,-75.56655218011106,-75.56655218011106
88.41000247955323,-75.56831114740409,-75.56831114740409
88.42000247955322,-75.57006702767762,-75.57006702767762
88.43000247955322,-75.5718199197009,-75.5718199197009
88.44000247955323,-75.57356992133136,-75.57356992133136
88.45000247955322,-75.5753171295305,-75.5753171295305
88.46000247955322,-75.57706164030678,-75.57706164030678
88.47000247955322,-75.57880354876976,-75.57880354876976
88.48000247955322,-75.58054294905561,-75.58054294905561
88.49000247955323,-75.5822799343682,-75.5822799343682
88.50000247955322,-75.58401459694981,-75.58401459694981
88.51000247955322,-75.58574702807056,-75.58574702807056
88.52000247955323,-75.58747731804256,-75.58747731804256
88.53000247955322,-75.58920555618776,-75.58920555618776
88.54000247955322,-75.59093183084724,-75.59093183084724
88.55000247955323,-75.5926562293773,-75.5926562293773
88.56000247955322,-75.59437883815443,-75.59437883815443
88.57000247955322,-75.59609974252929,-75.59609974252929
88.58000247955323,-75.59781902687347,-75.59781902687347
88.59000247955322,-75.5995367745526,-75.5995367745526
88.60000247955323,-75.601253067925,-75.601253067925
88.61000247955322,-75.6029679883454,-75.6029679883454
88.62000247955322,-75.60468161615614,-75.60468161615614
88.63000247955323,-75.60639403069051,-75.60639403069051
88.64000247955322,-75.60810531029134,-75.60810531029134
88.65000247955322,-75.60981553227305,-75.60981553227305
88.66000247955323,-75.61152477294578,-75.61152477294578
88.67000247955322,-75.61323310762353,-75.61323310762353
88.68000247955322,-75.61494061061242,-75.61494061061242
88.69000247955323,-75.61664735521202,-75.61664735521202
88.70000247955322,-75.61835341372266,-75.61835341372266
88.71000247955322,-75.62005885746056,-75.62005885746056
88.72000247955322,-75.6217637567242,-75.6217637567242
88.73000247955322,-75.62346818083768,-75.62346818083768
88.74000247955323,-75.62517219814217,-75.62517219814217
88.75000247955322,-75.62687587599589,-75.62687587599589
88.76000247955322,-75.62857928077307,-75.62857928077307
88.77000247955323,-75.63028247788021,-75.63028247788021
88.78000247955322,-75.63198553175272,-75.63198553175272
88.79000247955322,-75.63368850587344,-75.63368850587344
88.80000247955323,-75.6353914627609,-75.6353914627609
88.81000247955322,-75.63709446398583,-75.63709446398583
88.82000247955322,-75.63879757016772,-75.63879757016772
88.83000247955323,-75.64050084100495,-75.64050084100495
88.84000247955322,-75.64220433525257,-75.64220433525257
88.85000247955323,-75.6439081107373,-75.6439081107373
88.86000247955322,-75.64561222438472,-75.64561222438472
88.87000247955322,-75.64731673218796,-75.64731673218796
88.88000247955323,-75.64902168925656,-75.64902168925656
88.89000247955322,-75.65072714979357,-75.65072714979357
88.90000247955322,-75.65243316710843,-75.65243316710843
88.91000247955323,-75.65413979363511,-75.65413979363511
88.92000247955322,-75.65584708093807,-75.65584708093807
88.93000247955322,-75.65755507971052,-75.65755507971052
88.94000247955323,-75.65926383978876,-75.65926383978876
88.95000247955322,-75.66097341016096,-75.66097341016096
88.96000247955322,-75.6626838389645,-75.6626838389645
88.97000247955322,-75.66439517351456,-75.66439517351456
88.98000247955322,-75.66610746029389,-75.66610746029389
88.99000247955323,-75.66782074496545,-75.66782074496545
89.00000247955322,-75.66953507239094,-75.66953507239094
89.01000247955322,-75.67125048661964,-75.67125048661964
89.02000247955323,-75.67296703092634,-75.67296703092634
89.03000247955322,-75.67468474777833,-75.67468474777833
89.04000247955322,-75.67640367887499,-75.67640367887499
89.05000247955323,-75.67812386515261,-75.67812386515261
89.06000247955322,-75.67984534678367,-75.67984534678367
89.07000247955322,-75.68156816318965,-75.68156816318965
89.08000247955323,-75.68329235305195,-75.68329235305195
89.09000247955322,-75.68501795432095,-75.68501795432095
89.10000247955323,-75.68674500421069,-75.68674500421069
89.11000247955322,-75.68847353922342,-75.68847353922342
89.12000247955322,-75.69020359514842,-75.69020359514842
89.13000247955323,-75.69193520708113,-75.69193520708113
89.14000247955322,-75.69366840941593,-75.69366840941593
89.15000247955322,-75.69540323586759,-75.69540323586759
89.16000247955323,-75.69710825820906,-75.69710825820906
89.17000247955322,-75.69876561293346,-75.69876561293346
89.18000247955322,-75.70036525666599,-75.70036525666599
89.19000247955323,-75.70190091729356,-75.70190091729356
89.20000247955322,-75.70336829600608,-75.70336829600608
89.21000247955322,-75.70476425590418,-75.70476425590418
89.22000247955322,-75.70608643187141,-75.70608643187141
89.23000247955322,-75.70733302624146,-75.70733302624146
89.24000247955323,-75.70850268931078,-75.70850268931078
89.25000250339508,-75.70959444298684,-75.70959444298684
89.26000250339509,-75.71060761214052,-75.71060761214052
89.27000250339508,-75.71154179493128,-75.71154179493128
89.28000250339508,-75.71239681334788,-75.71239681334788
89.29000250339509,-75.71317268353035,-75.71317268353035
89.30000250339508,-75.71386958774777,-75.71386958774777
89.31000250339508,-75.71448785011994,-75.71448785011994
89.32000250339507,-75.71502791564009,-75.71502791564009
89.33000250339508,-75.71549033201175,-75.71549033201175
89.34000250339508,-75.71587573391034,-75.71587573391034
89.35000250339507,-75.71618482944133,-75.71618482944133
89.36000250339508,-75.7164183884109,-75.7164183884109
89.37000250339509,-75.71657723224278,-75.71657723224278
89.38000250339508,-75.71666222527256,-75.71666222527256
89.39000250339508,-75.71667426723252,-75.71667426723252
89.40000250339509,-75.71661428680932,-75.71661428680932
89.41000250339508,-75.7164832360595,-75.7164832360595
89.42000250339508,-75.71628208563675,-75.71628208563675
89.43000250339509,-75.71601182062525,-75.71601182062525
89.44000250339508,-75.71567343702314,-75.71567343702314
89.45000250339508,-75.71526793865418,-75.71526793865418
89.46000250339507,-75.7147963345223,-75.7147963345223
89.47000250339508,-75.71425963654755,-75.71425963654755
89.48000250339508,-75.71365885760476,-75.71365885760476
89.49000250339508,-75.71299500984684,-75.71299500984684
89.50000250339508,-75.71226910322873,-75.71226910322873
89.51000250339509,-75.71148214430667,-75.71148214430667
89.52000250339508,-75.71063513511915,-75.71063513511915
89.53000250339508,-75.70972907230866,-75.70972907230866
89.54000250339509,-75.70876494633563,-75.70876494633563
89.55000250339508,-75.70774374077925,-75.70774374077925
89.56000250339508,-75.70666643181029,-75.70666643181029
89.57000250339507,-75.70553398768517,-75.70553398768517
89.58000250339508,-75.70434736835273,-75.70434736835273
89.59000250339508,-75.70310752510211,-75.70310752510211
89.60000250339507,-75.70181540030386,-75.70181540030386
89.61000250339508,-75.7004719271316,-75.7004719271316
89.62000250339509,-75.6990780294362,-75.6990780294362
89.63000250339508,-75.69763462154043,-75.69763462154043
89.64000250339508,-75.69614260815052,-75.69614260815052
89.65000250339509,-75.69460288424898,-75.69460288424898
89.66000250339508,-75.693016335056,-75.693016335056
89.67000250339508,-75.69138383595156,-75.69138383595156
89.68000250339509,-75.68970625247495,-75.68970625247495
89.69000250339508,-75.68798444032575,-75.68798444032575
89.70000250339508,-75.68621924534243,-75.68621924534243
89.71000250339507,-75.68441150354079,-75.68441150354079
89.72000250339508,-75.68256204115944,-75.68256204115944
89.73000250339508,-75.68067167466137,-75.68067167466137
89.74000250339508,-75.6787412108173,-75.6787412108173
89.75000250339508,-75.67677144675191,-75.67677144675191
89.76000250339509,-75.67476316998624,-75.67476316998624
89.77000250339508,-75.6727171585464,-75.6727171585464
89.78000250339508,-75.67063418097561,-75.67063418097561
89.79000250339509,-75.66851499648192,-75.66851499648192
89.80000250339508,-75.66636035494987,-75.66636035494987
89.81000250339508,-75.66417099705662,-75.66417099705662
89.82000250339507,-75.66194765435412,-75.66194765435412
89.83000250339508,-75.65969104933131,-75.65969104933131
89.84000250339508,-75.65740189553335,-75.65740189553335
89.85000250339507,-75.6550808976296,-75.6550808976296
89.86000250339508,-75.65272875149869,-75.65272875149869
89.87000250339509,-75.65034614432997,-75.65034614432997
89.88000250339508,-75.64793375470339,-75.64793375470339
89.89000250339508,-75.64549225268371,-75.64549225268371
89.90000250339509,-75.64302229991286,-75.64302229991286
89.91000250339508,-75.64052454969567,-75.64052454969567
89.92000250339508,-75.63799964709553,-75.63799964709553
89.93000250339509,-75.63544822900425,-75.63544822900425
89.94000250339508,-75.63287092425404,-75.63287092425404
89.95000250339508,-75.63026835370628,-75.63026835370628
89.96000250339507,-75.6276345295273,-75.6276345295273
89.97000250339508,-75.62496716164532,-75.62496716164532
89.98000250339508,-75.62226543443342,-75.62226543443342
89.99000250339508,-75.61952921103254,-75.61952921103254
90.00000250339508,-75.6167587297074,-75.6167587297074
90.01000250339509,-75.61395444618216,-75.61395444618216
90.02000250339508,-75.61111694129222,-75.61111694129222
90.03000250339508,-75.60824686555559,-75.60824686555559
90.04000250339509,-75.60534490583174,-75.60534490583174
90.05000250339508,-75.60241176535723,-75.60241176535723
90.06000250339508,-75.59944815187067,-75.59944815187067
90.07000250339507,-75.59645477062126,-75.59645477062126
90.08000250339508,-75.59343232041053,-75.59343232041053
90.09000250339508,-75.59038149141651,-75.59038149141651
90.10000252723694,-75.58730295679953,-75.58730295679953
90.11000252723694,-75.58419740155956,-75.58419740155956
90.12000252723693,-75.58106547875236,-75.58106547875236
90.13000252723694,-75.57790783875527,-75.57790783875527
90.14000252723694,-75.57472512231034,-75.57472512231034
90.15000252723694,-75.57151796089407,-75.57151796089407
90.16000252723694,-75.56828697703737,-75.56828697703737
90.17000252723693,-75.5650327846894,-75.5650327846894
90.18000252723694,-75.5617559895255,-75.5617559895255
90.19000252723694,-75.55845718922397,-75.55845718922397
90.20000252723693,-75.55513697375366,-75.55513697375366
90.21000252723694,-75.55179592558615,-75.55179592558615
90.22000252723694,-75.54843461990993,-75.54843461990993
90.23000252723693,-75.54505362480143,-75.54505362480143
90.24000252723694,-75.54165350140423,-75.54165350140423
90.25000252723694,-75.53823480406373,-75.53823480406373
90.26000252723694,-75.5347980804502,-75.5347980804502
90.27000252723694,-75.53134387167398,-75.53134387167398
90.28000252723695,-75.52787271240557,-75.52787271240557
90.29000252723694,-75.52438513093155,-75.52438513093155
90.30000252723694,-75.52088164926415,-75.52088164926415
90.31000252723693,-75.51736278321209,-75.51736278321209
90.32000252723694,-75.51382904244936,-75.51382904244936
90.33000252723694,-75.51028093057181,-75.51028093057181
90.34000252723693,-75.50671894516759,-75.50671894516759
90.35000252723694,-75.50314357787411,-75.50314357787411
90.36000252723694,-75.49955531441974,-75.49955531441974
90.37000252723693,-75.49595463469123,-75.49595463469123
90.38000252723694,-75.49234201276657,-75.49234201276657
90.39000252723694,-75.4887179169752,-75.4887179169752
90.40000252723694,-75.48508280993393,-75.48508280993393
90.41000252723694,-75.48143714859495,-75.48143714859495
90.42000252723693,-75.47778138429507,-75.47778138429507
90.43000252723694,-75.47411596280263,-75.47411596280263
90.44000252723694,-75.47044132434425,-75.47044132434425
90.45000252723693,-75.46675790364974,-75.46675790364974
90.46000252723694,-75.46306613001003,-75.46306613001003
90.47000252723694,-75.45936642731398,-75.45936642731398
90.48000252723693,-75.45565921407618,-75.45565921407618
90.49000252723694,-75.4519449034872,-75.4519449034872
90.50000252723694,-75.44822390345875,-75.44822390345875
90.51000252723694,-75.44449661666425,-75.44449661666425
90.52000252723694,-75.44076344057454,-75.44076344057454
90.53000252723695,-75.43702476750786,-75.43702476750786
90.54000252723694,-75.43328098465761,-75.43328098465761
90.55000252723694,-75.4295324741518,-75.4295324741518
90.56000252723693,-75.42577961308984,-75.42577961308984
90.57000252723694,-75.42202277357661,-75.42202277357661
90.58000252723694,-75.41826232277074,-75.41826232277074
90.59000252723693,-75.4144986229258,-75.4144986229258
90.60000252723694,-75.41073203143331,-75.41073203143331
90.61000252723694,-75.4069629008649,-75.4069629008649
90.62000252723693,-75.4031915790073,-75.4031915790073
90.63000252723694,-75.39941840892423,-75.39941840892423
90.64000252723694,-75.39564372896723,-75.39564372896723
90.65000252723694,-75.39186787286671,-75.39186787286671
90.66000252723694,-75.38809116971935,-75.38809116971935
90.67000252723693,-75.38431394406548,-75.38431394406548
90.68000252723694,-75.38053651591807,-75.38053651591807
90.69000252723694,-75.37675920082144,-75.37675920082144
90.70000252723693,-75.37298230988164,-75.37298230988164
90.71000252723694,-75.36919957385375,-75.36919957385375
90.72000252723694,-75.36540841116017,-75.36540841116017
90.73000252723693,-75.36160771300445,-75.36160771300445
90.74000252723694,-75.35779705053025,-75.35779705053025
90.75000252723694,-75.35397637215534,-75.35397637215534
90.76000252723694,-75.35014584636865,-75.35014584636865
90.77000252723694,-75.34630576956606,-75.34630576956606
90.78000252723695,-75.34245651076878,-75.34245651076878
90.79000252723694,-75.33859847831624,-75.33859847831624
90.80000252723694,-75.3347320998876,-75.3347320998876
90.81000252723693,-75.33085781064061,-75.33085781064061
90.82000252723694,-75.32697604618295,-75.32697604618295
90.83000252723694,-75.32308723859148,-75.32308723859148
90.84000252723693,-75.31919181418566,-75.31919181418566
90.85000252723694,-75.3152901924689,-75.3152901924689
90.86000252723694,-75.3113827856592,-75.3113827856592
90.87000252723693,-75.30746999865566,-75.30746999865566
90.88000252723694,-75.3035522291766,-75.3035522291766
90.89000252723694,-75.2996298680262,-75.2996298680262
90.90000252723694,-75.29570329942293,-75.29570329942293
90.91000252723694,-75.2917729012902,-75.2917729012902
90.92000252723693,-75.28783904559158,-75.28783904559158
90.93000252723694,-75.28390209860082,-75.28390209860082
90.94000252723694,-75.27996242118651,-75.27996242118651
90.9500025510788,-75.27602035960969,-75.27602035960969
90.9600025510788,-75.27206971679387,-75.27206971679387
90.97000255107879,-75.26810795001708,-75.26810795001708
90.9800025510788,-75.26413399642995,-75.26413399642995
90.9900025510788,-75.2601474720421,-75.2601474720421
91.0000025510788,-75.25614836947297,-75.25614836947297
91.0100025510788,-75.25213690101137,-75.25213690101137
91.02000255107879,-75.24811340665612,-75.24811340665612
91.0300025510788,-75.24407829883742,-75.24407829883742
91.0400025510788,-75.24003202925944,-75.24003202925944
91.05000255107879,-75.23597506892696,-75.23597506892696
91.0600025510788,-75.23190789628023,-75.23190789628023
91.0700025510788,-75.2278309902221,-75.2278309902221
91.08000255107879,-75.22374482609277,-75.22374482609277
91.0900025510788,-75.21964987349358,-75.21964987349358
91.1000025510788,-75.21554659517369,-75.21554659517369
91.1100025510788,-75.21143544659189,-75.21143544659189
91.1200025510788,-75.20731687581996,-75.20731687581996
91.1300025510788,-75.20319132372774,-75.20319132372774
91.1400025510788,-75.19905922421118,-75.19905922421118
91.1500025510788,-75.19492100445257,-75.19492100445257
91.16000255107879,-75.1907770852894,-75.1907770852894
91.1700025510788,-75.18662788146436,-75.18662788146436
91.1800025510788,-75.18247380191669,-75.18247380191669
91.19000255107879,-75.17831524999089,-75.17831524999089
91.2000025510788,-75.17415262369994,-75.17415262369994
91.2100025510788,-75.16998631587043,-75.16998631587043
91.22000255107879,-75.16581671432492,-75.16581671432492
91.2300025510788,-75.16164420202294,-75.16164420202294
91.2400025510788,-75.15746915718059,-75.15746915718059
91.2500025510788,-75.15329195335231,-75.15329195335231
91.2600025510788,-75.14911295954347,-75.14911295954347
91.27000255107879,-75.14493254026664,-75.14493254026664
91.2800025510788,-75.14075105561267,-75.14075105561267
91.2900025510788,-75.13656886129391,-75.13656886129391
91.30000255107879,-75.13238630872202,-75.13238630872202
91.3100025510788,-75.12820374498742,-75.12820374498742
91.3200025510788,-75.12402151296307,-75.12402151296307
91.33000255107879,-75.11983995128602,-75.11983995128602
91.3400025510788,-75.11565939440484,-75.11565939440484
91.3500025510788,-75.11148017259951,-75.11148017259951
91.3600025510788,-75.10730261200591,-75.10730261200591
91.3700025510788,-75.1031270346391,-75.1031270346391
91.3800025510788,-75.098953758398,-75.098953758398
91.3900025510788,-75.09478309710623,-75.09478309710623
91.4000025510788,-75.09061536050734,-75.09061536050734
91.41000255107879,-75.08645085430462,-75.08645085430462
91.4200025510788,-75.08228988015952,-75.08228988015952
91.4300025510788,-75.07813273571648,-75.07813273571648
91.44000255107879,-75.07397971463584,-75.07397971463584
91.4500025510788,-75.06983110659704,-75.06983110659704
91.4600025510788,-75.06568065098054,-75.06568065098054
91.47000255107879,-75.06152576059023,-75.06152576059023
91.4800025510788,-75.0573653154208,-75.0573653154208
91.4900025510788,-75.05319887298789,-75.05319887298789
91.5000025510788,-75.04902636686018,-75.04902636686018
91.5100025510788,-75.04484795002153,-75.04484795002153
91.52000255107879,-75.04066390307202,-75.04066390307202
91.5300025510788,-75.0364745790832,-75.0364745790832
91.5400025510788,-75.03228037043165,-75.03228037043165
91.55000255107879,-75.02808168885976,-75.02808168885976
91.5600025510788,-75.02387895361124,-75.02387895361124
91.5700025510788,-75.019672584457,-75.019672584457
91.58000255107879,-75.01546299768034,-75.01546299768034
91.5900025510788,-75.0112506038862,-75.0112506038862
91.6000025510788,-75.00703580689829,-75.00703580689829
91.6100025510788,-75.00281900330481,-75.00281900330481
91.6200025510788,-74.9986005824132,-74.9986005824132
91.6300025510788,-74.99438092638944,-74.99438092638944
91.6400025510788,-74.99016041051136,-74.99016041051136
91.6500025510788,-74.98593940346178,-74.98593940346178
91.66000255107879,-74.98171826767081,-74.98171826767081
91.6700025510788,-74.97749735960285,-74.97749735960285
91.6800025510788,-74.97327703002341,-74.97327703002341
91.69000255107879,-74.96905762428328,-74.96905762428328
91.7000025510788,-74.96483948252543,-74.96483948252543
91.7100025510788,-74.96062293987669,-74.96062293987669
91.72000255107879,-74.95640832664952,-74.95640832664952
91.7300025510788,-74.95219596845786,-74.95219596845786
91.7400025510788,-74.94798618638029,-74.94798618638029
91.7500025510788,-74.94377929704956,-74.94377929704956
91.7600025510788,-74.93957561275262,-74.93957561275262
91.77000255107879,-74.93537544153776,-74.93537544153776
91.7800025510788,-74.93117908725088,-74.93117908725088
91.7900025510788,-74.92698684963166,-74.92698684963166
91.80000257492065,-74.92279901438546,-74.92279901438546
91.81000257492066,-74.91861589312347,-74.91861589312347
91.82000257492065,-74.9144377635667,-74.9144377635667
91.83000257492066,-74.91026490946334,-74.91026490946334
91.84000257492066,-74.90609761069099,-74.90609761069099
91.85000257492065,-74.90193614324073,-74.90193614324073
91.86000257492066,-74.89778077929806,-74.89778077929806
91.87000257492065,-74.89363178722355,-74.89363178722355
91.88000257492065,-74.88948943159954,-74.88948943159954
91.89000257492066,-74.88535397326605,-74.88535397326605
91.90000257492065,-74.8812256693324,-74.8812256693324
91.91000257492065,-74.87710477318485,-74.87710477318485
91.92000257492066,-74.87299153455949,-74.87299153455949
91.93000257492065,-74.86888619951274,-74.86888619951274
91.94000257492065,-74.86478901046439,-74.86478901046439
91.95000257492066,-74.86070020622407,-74.86070020622407
91.96000257492065,-74.85662002201857,-74.85662002201857
91.97000257492066,-74.85254868949399,-74.85254868949399
91.98000257492066,-74.84848643675609,-74.84848643675609
91.99000257492065,-74.8444334883954,-74.8444334883954
92.00000257492066,-74.84039006550121,-74.84039006550121
92.01000257492065,-74.83635638569132,-74.83635638569132
92.02000257492065,-74.83233266313086,-74.83233266313086
92.03000257492066,-74.82831910856176,-74.82831910856176
92.04000257492065,-74.82431592933504,-74.82431592933504
92.05000257492065,-74.82032332941496,-74.82032332941496
92.06000257492066,-74.81634150943333,-74.81634150943333
92.07000257492065,-74.81237066668339,-74.81237066668339
92.08000257492066,-74.80841099517667,-74.80841099517667
92.09000257492066,-74.80446268565132,-74.80446268565132
92.10000257492065,-74.80052592560696,-74.80052592560696
92.11000257492066,-74.79660089932914,-74.79660089932914
92.12000257492065,-74.79268778792601,-74.79268778792601
92.13000257492065,-74.78878676933455,-74.78878676933455
92.14000257492066,-74.78489801837347,-74.78489801837347
92.15000257492065,-74.78102170675022,-74.78102170675022
92.16000257492065,-74.77715800310864,-74.77715800310864
92.17000257492066,-74.77330707304633,-74.77330707304633
92.18000257492065,-74.76946907914974,-74.76946907914974
92.19000257492065,-74.76564418101971,-74.76564418101971
92.20000257492066,-74.76183253530623,-74.76183253530623
92.21000257492065,-74.75802777809814,-74.75802777809814
92.22000257492066,-74.75422720554137,-74.75422720554137
92.23000257492066,-74.75042957601475,-74.75042957601475
92.24000257492065,-74.74663432362257,-74.74663432362257
92.25000257492066,-74.74284125791432,-74.74284125791432
92.26000257492065,-74.73905040791239,-74.73905040791239
92.27000257492065,-74.73526193065969,-74.73526193065969
92.28000257492066,-74.73147605630656,-74.73147605630656
92.29000257492065,-74.72769305502806,-74.72769305502806
92.30000257492065,-74.72391321721173,-74.72391321721173
92.31000257492066,-74.72013684164443,-74.72013684164443
92.32000257492065,-74.71636422856636,-74.71636422856636
92.33000257492066,-74.71259567569045,-74.71259567569045
92.34000257492066,-74.70883147602419,-74.70883147602419
92.35000257492065,-74.70507191679968,-74.70507191679968
92.36000257492066,-74.70131727903252,-74.70131727903252
92.37000257492065,-74.69756783747034,-74.69756783747034
92.38000257492065,-74.69382386077002,-74.69382386077002
92.39000257492066,-74.69008561173132,-74.69008561173132
92.40000257492065,-74.68635334763184,-74.68635334763184
92.41000257492065,-74.68262732053914,-74.68262732053914
92.42000257492066,-74.67881855500717,-74.67881855500717
92.43000257492065,-74.67490217995373,-74.67490217995373
92.44000257492065,-74.67087214777494,-74.67087214777494
92.45000257492066,-74.66672755961883,-74.66672755961883
92.46000257492065,-74.66246907819126,-74.66246907819126
92.47000257492066,-74.6580979341053,-74.6580979341053
92.48000257492066,-74.6536156261501,-74.6536156261501
92.49000257492065,-74.6490238187255,-74.6490238187255
92.50000257492066,-74.64432429804705,-74.64432429804705
92.51000257492065,-74.63951894652524,-74.63951894652524
92.52000257492065,-74.63460972323124,-74.63460972323124
92.53000257492066,-74.62959864718268,-74.62959864718268
92.54000257492065,-74.62448778237872,-74.62448778237872
92.55000257492065,-74.6192792245381,-74.6192792245381
92.56000257492066,-74.61397508944701,-74.61397508944701
92.57000257492065,-74.60857750293437,-74.60857750293437
92.58000257492066,-74.60308859229666,-74.60308859229666
92.59000257492066,-74.59751047912859,-74.59751047912859
92.60000257492065,-74.59184527338964,-74.59184527338964
92.61000257492066,-74.58609506856321,-74.58609506856321
92.62000257492065,-74.58026193776543,-74.58026193776543
92.63000257492065,-74.57434793067254,-74.57434793067254
92.64000257492066,-74.56835507117891,-74.56835507117891
92.65000259876251,-74.56228534108392,-74.56228534108392
92.66000259876252,-74.55614073639642,-74.55614073639642
92.67000259876251,-74.5499231807171,-74.5499231807171
92.68000259876251,-74.54363458125447,-74.54363458125447
92.69000259876252,-74.53727681464538,-74.53727681464538
92.70000259876251,-74.53085172684987,-74.53085172684987
92.71000259876251,-74.52436113323422,-74.52436113323422
92.7200025987625,-74.51780681880219,-74.51780681880219
92.73000259876251,-74.51119053850849,-74.51119053850849
92.74000259876252,-74.50451401770262,-74.50451401770262
92.7500025987625,-74.49777895257552,-74.49777895257552
92.76000259876251,-74.49098701066903,-74.49098701066903
92.77000259876252,-74.48413983140186,-74.48413983140186
92.78000259876251,-74.47723902662727,-74.47723902662727
92.79000259876251,-74.47028618116971,-74.47028618116971
92.80000259876252,-74.4632828533933,-74.4632828533933
92.81000259876251,-74.45623057571922,-74.45623057571922
92.82000259876251,-74.4491308551767,-74.4491308551767
92.83000259876252,-74.44198517392118,-74.44198517392118
92.84000259876251,-74.43479498974126,-74.43479498974126
92.85000259876252,-74.42756173652413,-74.42756173652413
92.8600025987625,-74.42028682475413,-74.42028682475413
92.87000259876251,-74.41297164195731,-74.41297164195731
92.88000259876252,-74.40561755313861,-74.40561755313861
92.8900025987625,-74.39822590120312,-74.39822590120312
92.90000259876251,-74.39079800733766,-74.39079800733766
92.91000259876252,-74.38333517144312,-74.38333517144312
92.92000259876251,-74.37583867246761,-74.37583867246761
92.93000259876251,-74.36830976877806,-74.36830976877806
92.94000259876252,-74.36074969850378,-74.36074969850378
92.95000259876251,-74.35315967988357,-74.35315967988357
92.96000259876251,-74.34553443308563,-74.34553443308563
92.9700025987625,-74.3378723045071,-74.3378723045071
92.98000259876251,-74.33017307980013,-74.33017307980013
92.99000259876252,-74.32243720153168,-74.32243720153168
93.0000025987625,-74.31466547058382,-74.31466547058382
93.01000259876251,-74.30685889110188,-74.30685889110188
93.02000259876252,-74.29901857960341,-74.29901857960341
93.03000259876251,-74.29114571042659,-74.29114571042659
93.04000259876251,-74.28324148297858,-74.28324148297858
93.05000259876252,-74.27530710213394,-74.27530710213394
93.06000259876251,-74.26734376664163,-74.26734376664163
93.07000259876251,-74.25935266239014,-74.25935266239014
93.08000259876252,-74.25133495860695,-74.25133495860695
93.09000259876251,-74.24329180590712,-74.24329180590712
93.10000259876252,-74.23522433536088,-74.23522433536088
93.1100025987625,-74.22713365831146,-74.22713365831146
93.12000259876251,-74.21902086644974,-74.21902086644974
93.13000259876252,-74.21088703218025,-74.21088703218025
93.1400025987625,-74.20273320907624,-74.20273320907624
93.15000259876251,-74.19456043235256,-74.19456043235256
93.16000259876252,-74.18636971937524,-74.18636971937524
93.17000259876251,-74.17816207013402,-74.17816207013402
93.18000259876251,-74.16993846768638,-74.16993846768638
93.19000259876252,-74.16169987862274,-74.16169987862274
93.20000259876251,-74.15344725340805,-74.15344725340805
93.21000259876251,-74.14517506700935,-74.14517506700935
93.2200025987625,-74.13688141544286,-74.13688141544286
93.23000259876251,-74.12856583430023,-74.12856583430023
93.24000259876252,-74.12022851836463,-74.12022851836463
93.2500025987625,-74.11187002373906,-74.11187002373906
93.26000259876251,-74.10349111308703,-74.10349111308703
93.27000259876252,-74.09509266489985,-74.09509266489985
93.28000259876251,-74.08667561898918,-74.08667561898918
93.29000259876251,-74.07824094374001,-74.07824094374001
93.30000259876252,-74.06978961652491,-74.06978961652491
93.31000259876251,-74.0613226120529,-74.0613226120529
93.32000259876251,-74.05284089560716,-74.05284089560716
93.33000259876252,-74.04434541922592,-74.04434541922592
93.34000259876251,-74.03583711967545,-74.03583711967545
93.35000259876252,-74.02731691751677,-74.02731691751677
93.3600025987625,-74.01878571683525,-74.01878571683525
93.37000259876251,-74.0102444053059,-74.0102444053059
93.38000259876252,-74.00169385451453,-74.00169385451453
93.3900025987625,-73.99313492033892,-73.99313492033892
93.40000259876251,-73.98456844340474,-73.98456844340474
93.41000259876252,-73.97599524955673,-73.97599524955673
93.42000259876251,-73.96741615025769,-73.96741615025769
93.43000259876251,-73.95883194303522,-73.95883194303522
93.44000259876252,-73.95024341184988,-73.95024341184988
93.45000259876251,-73.94165132743849,-73.94165132743849
93.46000259876251,-73.93305644766184,-73.93305644766184
93.4700025987625,-73.92445951777712,-73.92445951777712
93.48000259876251,-73.91586127072416,-73.91586127072416
93.49000259876252,-73.90726242735592,-73.90726242735592
93.50000262260437,-73.89866367619113,-73.89866367619113
93.51000262260438,-73.8900657555266,-73.8900657555266
93.52000262260437,-73.88146933086858,-73.88146933086858
93.53000262260437,-73.87287507684633,-73.87287507684633
93.54000262260438,-73.86428365703341,-73.86428365703341
93.55000262260437,-73.8556957240584,-73.8556957240584
93.56000262260437,-73.84711191978367,-73.84711191978367
93.57000262260436,-73.83853287544629,-73.83853287544629
93.58000262260437,-73.82995921179533,-73.82995921179533
93.59000262260437,-73.82139153922832,-73.82139153922832
93.60000262260436,-73.81283045791973,-73.81283045791973
93.61000262260437,-73.80427655795,-73.80427655795
93.62000262260437,-73.79573041943823,-73.79573041943823
93.63000262260437,-73.78719261265975,-73.78719261265975
93.64000262260437,-73.7786636981582,-73.7786636981582
93.65000262260438,-73.77014422686415,-73.77014422686415
93.66000262260437,-73.76163474022705,-73.76163474022705
93.67000262260437,-73.75313577029128,-73.75313577029128
93.68000262260438,-73.74464783986218,-73.74464783986218
93.69000262260437,-73.73617146257297,-73.73617146257297
93.70000262260437,-73.72770714301066,-73.72770714301066
93.71000262260436,-73.71925537683012,-73.71925537683012
93.72000262260437,-73.71081665085124,-73.71081665085124
93.73000262260437,-73.70239144317362,-73.70239144317362
93.74000262260437,-73.69398022328156,-73.69398022328156
93.75000262260437,-73.6855834521467,-73.6855834521467
93.76000262260438,-73.6772015823455,-73.6772015823455
93.77000262260437,-73.66883505812532,-73.66883505812532
93.78000262260437,-73.66048431556992,-73.66048431556992
93.79000262260438,-73.65214978265229,-73.65214978265229
93.80000262260437,-73.64383187935795,-73.64383187935795
93.81000262260437,-73.6355310177755,-73.6355310177755
93.82000262260436,-73.62724760220492,-73.62724760220492
93.83000262260437,-73.61898202925964,-73.61898202925964
93.84000262260437,-73.61073468795504,-73.61073468795504
93.85000262260436,-73.60250595982413,-73.60250595982413
93.86000262260437,-73.59429621900571,-73.59429621900571
93.87000262260437,-73.58610583233641,-73.58610583233641
93.88000262260437,-73.57793515945376,-73.57793515945376
93.89000262260437,-73.56978455290091,-73.56978455290091
93.90000262260438,-73.56165435821384,-73.56165435821384
93.91000262260437,-73.55354491399582,-73.55354491399582
93.92000262260437,-73.54545655205196,-73.54545655205196
93.93000262260438,-73.53738959746238,-73.53738959746238
93.94000262260437,-73.52934436864619,-73.52934436864619
93.95000262260437,-73.52132117750853,-73.52132117750853
93.96000262260436,-73.51331392692634,-73.51331392692634
93.97000262260437,-73.5053201201448,-73.5053201201448
93.98000262260437,-73.49733869683615,-73.49733869683615
93.99000262260437,-73.48936925892748,-73.48936925892748
94.00000262260437,-73.48141177497163,-73.48141177497163
94.01000262260438,-73.4734664263652,-73.4734664263652
94.02000262260437,-73.46553351716082,-73.46553351716082
94.03000262260437,-73.45761341978927,-73.45761341978927
94.04000262260438,-73.44970654241222,-73.44970654241222
94.05000262260437,-73.44181330933107,-73.44181330933107
94.06000262260437,-73.43393414935579,-73.43393414935579
94.07000262260436,-73.42606948898487,-73.42606948898487
94.08000262260437,-73.41821974854227,-73.41821974854227
94.09000262260437,-73.41038534008436,-73.41038534008436
94.10000262260436,-73.4025666664364,-73.4025666664364
94.11000262260437,-73.39476412082315,-73.39476412082315
94.12000262260437,-73.38697808693726,-73.38697808693726
94.13000262260437,-73.3792089391375,-73.3792089391375
94.14000262260437,-73.37145704281491,-73.37145704281491
94.15000262260438,-73.36372275479847,-73.36372275479847
94.16000262260437,-73.35600642370916,-73.35600642370916
94.17000262260437,-73.34830839038275,-73.34830839038275
94.18000262260438,-73.34062898819407,-73.34062898819407
94.19000262260437,-73.33296854339369,-73.33296854339369
94.20000262260437,-73.32532737541338,-73.32532737541338
94.21000262260436,-73.31770579712263,-73.31770579712263
94.22000262260437,-73.31010411504421,-73.31010411504421
94.23000262260437,-73.30252262960506,-73.30252262960506
94.24000262260437,-73.29496163530021,-73.29496163530021
94.25000262260437,-73.28742142084256,-73.28742142084256
94.26000262260438,-73.27990226935236,-73.27990226935236
94.27000262260437,-73.2724044584768,-73.2724044584768
94.28000262260437,-73.26492826050327,-73.26492826050327
94.29000262260438,-73.25747394247557,-73.25747394247557
94.30000262260437,-73.25004176629204,-73.25004176629204
94.31000262260437,-73.242631988815,-73.242631988815
94.32000262260436,-73.2352448619359,-73.2352448619359
94.33000262260437,-73.22788063265891,-73.22788063265891
94.34000262260437,-73.22053954317761,-73.22053954317761
94.35000264644623,-73.2132218135342,-73.2132218135342
94.36000264644623,-73.20592771140704,-73.20592771140704
94.37000264644622,-73.19865744749116,-73.19865744749116
94.38000264644623,-73.19141124540053,-73.19141124540053
94.39000264644623,-73.18418932424895,-73.18418932424895
94.40000264644623,-73.17699189873241,-73.17699189873241
94.41000264644623,-73.16981917913766,-73.16981917913766
94.42000264644622,-73.16267137143527,-73.16267137143527
94.43000264644623,-73.15554867729735,-73.15554867729735
94.44000264644623,-73.14845129418543,-73.14845129418543
94.45000264644622,-73.14137941535459,-73.14137941535459
94.46000264644623,-73.13433322993114,-73.13433322993114
94.47000264644623,-73.12731292296122,-73.12731292296122
94.48000264644622,-73.12031867544597,-73.12031867544597
94.49000264644623,-73.11335066438214,-73.11335066438214
94.50000264644623,-73.10640906282781,-73.10640906282781
94.51000264644622,-73.09949403993808,-73.09949403993808
94.52000264644623,-73.0926057609996,-73.0926057609996
94.53000264644623,-73.08574438750365,-73.08574438750365
94.54000264644623,-73.07891007716007,-73.07891007716007
94.55000264644623,-73.07210298394581,-73.07210298394581
94.56000264644622,-73.065323258177,-73.065323258177
94.57000264644623,-73.05857104652094,-73.05857104652094
94.58000264644623,-73.05184649204847,-73.05184649204847
94.59000264644622,-73.04514973429849,-73.04514973429849
94.60000264644623,-73.03848090927869,-73.03848090927869
94.61000264644623,-73.03184014955147,-73.03184014955147
94.62000264644622,-73.02522758425268,-73.02522758425268
94.63000264644623,-73.01864333913205,-73.01864333913205
94.64000264644623,-73.01208753661041,-73.01208753661041
94.65000264644623,-73.00556029581296,-73.00556029581296
94.66000264644623,-72.9990617326072,-72.9990617326072
94.67000264644622,-72.99259195966025,-72.99259195966025
94.68000264644623,-72.98615108646344,-72.98615108646344
94.69000264644623,-72.97973921937476,-72.97973921937476
94.70000264644622,-72.973356461667,-72.973356461667
94.71000264644623,-72.96700291356227,-72.96700291356227
94.72000264644623,-72.96067867228278,-72.96067867228278
94.73000264644622,-72.9543838320851,-72.9543838320851
94.74000264644623,-72.94811848428657,-72.94811848428657
94.75000264644623,-72.94188271732911,-72.94188271732911
94.76000264644622,-72.93567661679938,-72.93567661679938
94.77000264644623,-72.92950026546954,-72.92950026546954
94.78000264644623,-72.92335374334978,-72.92335374334978
94.79000264644623,-72.91723712771375,-72.91723712771375
94.80000264644623,-72.91115049314385,-72.91115049314385
94.81000264644622,-72.9050939115665,-72.9050939115665
94.82000264644623,-72.89906745227412,-72.89906745227412
94.83000264644623,-72.89307118198995,-72.89307118198995
94.84000264644622,-72.8871051648902,-72.8871051648902
94.85000264644623,-72.8811694626393,-72.8811694626393
94.86000264644623,-72.87526413443398,-72.87526413443398
94.87000264644622,-72.86938923701966,-72.86938923701966
94.88000264644623,-72.86354482475484,-72.86354482475484
94.89000264644623,-72.85773094961829,-72.85773094961829
94.90000264644623,-72.85194766126743,-72.85194766126743
94.91000264644623,-72.84619500706219,-72.84619500706219
94.92000264644622,-72.84047303209296,-72.84047303209296
94.93000264644623,-72.83478177921373,-72.83478177921373
94.94000264644623,-72.82912128909271,-72.82912128909271
94.95000264644622,-72.82349160023263,-72.82349160023263
94.96000264644623,-72.8178864065769,-72.8178864065769
94.97000264644623,-72.8123029728522,-72.8123029728522
94.98000264644622,-72.80673999068648,-72.80673999068648
94.99000264644623,-72.80119681166731,-72.80119681166731
95.00000264644623,-72.79567315444272,-72.79567315444272
95.01000264644622,-72.79016895236309,-72.79016895236309
95.02000264644623,-72.78468426405371,-72.78468426405371
95.03000264644623,-72.77921921959357,-72.77921921959357
95.04000264644623,-72.77377398815587,-72.77377398815587
95.05000264644623,-72.76834875853797,-72.76834875853797
95.06000264644622,-72.76294372759506,-72.76294372759506
95.07000264644623,-72.75755909347178,-72.75755909347178
95.08000264644623,-72.75219505169044,-72.75219505169044
95.09000264644622,-72.74685179309132,-72.74685179309132
95.10000264644623,-72.74152950279064,-72.74152950279064
95.11000264644623,-72.73622835982583,-72.73622835982583
95.12000264644622,-72.73094853712749,-72.73094853712749
95.13000264644623,-72.72569020171849,-72.72569020171849
95.14000264644623,-72.72045351502211,-72.72045351502211
95.15000264644623,-72.71523863321217,-72.71523863321217
95.16000264644623,-72.71004570755713,-72.71004570755713
95.17000264644622,-72.70487488474556,-72.70487488474556
95.18000264644623,-72.69972630721426,-72.69972630721426
95.19000264644623,-72.69460011341728,-72.69460011341728
95.20000267028809,-72.68949642594801,-72.68949642594801
95.21000267028809,-72.68441540040412,-72.68441540040412
95.22000267028808,-72.6793571524751,-72.6793571524751
95.23000267028809,-72.67432180694173,-72.67432180694173
95.24000267028809,-72.66930948558972,-72.66930948558972
95.25000267028808,-72.66432030733782,-72.66432030733782
95.26000267028809,-72.6593543883326,-72.6593543883326
95.27000267028808,-72.65441184206574,-72.65441184206574
95.28000267028808,-72.6494927794416,-72.6494927794416
95.29000267028809,-72.64459730885794,-72.64459730885794
95.30000267028808,-72.63972553625901,-72.63972553625901
95.31000267028809,-72.63487756519679,-72.63487756519679
95.32000267028809,-72.63005349686767,-72.63005349686767
95.33000267028808,-72.62525343016821,-72.62525343016821
95.34000267028809,-72.62047746172428,-72.62047746172428
95.35000267028809,-72.61572568591731,-72.61572568591731
95.36000267028808,-72.6109981949315,-72.6109981949315
95.37000267028809,-72.60629507876372,-72.60629507876372
95.38000267028809,-72.60161642525094,-72.60161642525094
95.39000267028808,-72.59696232009954,-72.59696232009954
95.40000267028809,-72.59233284689458,-72.59233284689458
95.41000267028808,-72.58772808713967,-72.58772808713967
95.42000267028808,-72.5831481202302,-72.5831481202302
95.43000267028809,-72.57859302354194,-72.57859302354194
95.44000267028808,-72.5740628723867,-72.5740628723867
95.45000267028809,-72.56955774004237,-72.56955774004237
95.46000267028809,-72.56507769778413,-72.56507769778413
95.47000267028808,-72.56062281490718,-72.56062281490718
95.48000267028809,-72.55619315869329,-72.55619315869329
95.49000267028809,-72.55178879449078,-72.55178879449078
95.50000267028808,-72.54740978567779,-72.54740978567779
95.51000267028809,-72.54305619371162,-72.54305619371162
95.52000267028808,-72.5387280781208,-72.5387280781208
95.53000267028808,-72.53442549654092,-72.53442549654092
95.54000267028809,-72.53014850470475,-72.53014850470475
95.55000267028808,-72.52589715648536,-72.52589715648536
95.56000267028809,-72.52167150389111,-72.52167150389111
95.57000267028809,-72.51747159709475,-72.51747159709475
95.58000267028808,-72.51329748443749,-72.51329748443749
95.59000267028809,-72.50914921245999,-72.50914921245999
95.60000267028809,-72.5050268259063,-72.5050268259063
95.61000267028808,-72.5009303677298,-72.5009303677298
95.62000267028809,-72.49685987915588,-72.49685987915588
95.63000267028809,-72.49281539964488,-72.49281539964488
95.64000267028808,-72.48879696692728,-72.48879696692728
95.65000267028809,-72.48480461703643,-72.48480461703643
95.66000267028808,-72.48083838431837,-72.48083838431837
95.67000267028808,-72.47689830143305,-72.47689830143305
95.68000267028809,-72.47298439938069,-72.47298439938069
95.69000267028808,-72.4690967075407,-72.4690967075407
95.70000267028809,-72.46523525365446,-72.46523525365446
95.71000267028809,-72.46140006385863,-72.46140006385863
95.72000267028808,-72.45759116271245,-72.45759116271245
95.73000267028809,-72.45380857320255,-72.45380857320255
95.74000267028809,-72.45005231676669,-72.45005231676669
95.75000267028808,-72.44632241331219,-72.44632241331219
95.76000267028809,-72.44261888122168,-72.44261888122168
95.77000267028808,-72.43894173738893,-72.43894173738893
95.78000267028808,-72.43529099723219,-72.43529099723219
95.79000267028809,-72.4316666747062,-72.4316666747062
95.80000267028808,-72.42806878231404,-72.42806878231404
95.81000267028809,-72.42449733114988,-72.42449733114988
95.82000267028809,-72.4209523308927,-72.4209523308927
95.83000267028808,-72.41743378982619,-72.41743378982619
95.84000267028809,-72.41394171487684,-72.41394171487684
95.85000267028809,-72.41047611161396,-72.41047611161396
95.86000267028808,-72.40703698427006,-72.40703698427006
95.87000267028809,-72.40362433576041,-72.40362433576041
95.88000267028809,-72.40023816769809,-72.40023816769809
95.89000267028808,-72.39687848042355,-72.39687848042355
95.90000267028809,-72.39354527300995,-72.39354527300995
95.91000267028808,-72.3902385432765,-72.3902385432765
95.92000267028808,-72.38695828782255,-72.38695828782255
95.93000267028809,-72.38370450202773,-72.38370450202773
95.94000267028808,-72.3804771800884,-72.3804771800884
95.95000267028809,-72.37727631501339,-72.37727631501339
95.96000267028809,-72.37410189864686,-72.37410189864686
95.97000267028808,-72.37095392170656,-72.37095392170656
95.98000267028809,-72.36783237377396,-72.36783237377396
95.99000267028809,-72.36473724331962,-72.36473724331962
96.00000267028808,-72.36166851772721,-72.36166851772721
96.01000267028809,-72.35862618329112,-72.35862618329112
96.02000267028808,-72.35561022526598,-72.35561022526598
96.03000267028808,-72.35262062783433,-72.35262062783433
96.04000267028809,-72.34965737417035,-72.34965737417035
96.05000269412994,-72.3467204394531,-72.3467204394531
96.06000269412995,-72.34380981890419,-72.34380981890419
96.07000269412994,-72.34092548560241,-72.34092548560241
96.08000269412994,-72.33806741878372,-72.33806741878372
96.09000269412995,-72.33523559671201,-72.33523559671201
96.10000269412994,-72.33242999672453,-72.33242999672453
96.11000269412995,-72.32965059523552,-72.32965059523552
96.12000269412994,-72.32689736774653,-72.32689736774653
96.13000269412994,-72.32417028888146,-72.32417028888146
96.14000269412995,-72.32146933238361,-72.32146933238361
96.15000269412994,-72.31879447112495,-72.31879447112495
96.16000269412994,-72.31614567715829,-72.31614567715829
96.17000269412995,-72.3135229216779,-72.3135229216779
96.18000269412994,-72.31092617508024,-72.31092617508024
96.19000269412994,-72.30835540693568,-72.30835540693568
96.20000269412995,-72.30581058605094,-72.30581058605094
96.21000269412994,-72.30329168043257,-72.30329168043257
96.22000269412995,-72.3007986573362,-72.3007986573362
96.23000269412995,-72.29833148327133,-72.29833148327133
96.24000269412994,-72.29589012399892,-72.29589012399892
96.25000269412995,-72.29347454456658,-72.29347454456658
96.26000269412994,-72.29108470930946,-72.29108470930946
96.27000269412994,-72.2887205818545,-72.2887205818545
96.28000269412995,-72.28638212515249,-72.28638212515249
96.29000269412994,-72.28406930148968,-72.28406930148968
96.30000269412994,-72.28178207247673,-72.28178207247673
96.31000269412995,-72.27952039907613,-72.27952039907613
96.32000269412994,-72.2772842416242,-72.2772842416242
96.33000269412994,-72.27507355982061,-72.27507355982061
96.34000269412995,-72.27288831276016,-72.27288831276016
96.35000269412994,-72.27072845893252,-72.27072845893252
96.36000269412995,-72.26859395624106,-72.26859395624106
96.37000269412994,-72.26648476200624,-72.26648476200624
96.38000269412994,-72.26440083297305,-72.26440083297305
96.39000269412995,-72.26234212533817,-72.26234212533817
96.40000269412994,-72.26030859475641,-72.26030859475641
96.41000269412994,-72.25830019633534,-72.25830019633534
96.42000269412995,-72.2563168846626,-72.2563168846626
96.43000269412994,-72.25435861381695,-72.25435861381695
96.44000269412994,-72.25242533736498,-72.25242533736498
96.45000269412995,-72.25051700838198,-72.25051700838198
96.46000269412994,-72.24863357944959,-72.24863357944959
96.47000269412995,-72.24677500269323,-72.24677500269323
96.48000269412995,-72.24494122975746,-72.24494122975746
96.49000269412994,-72.2431322118334,-72.2431322118334
96.50000269412995,-72.24134789966982,-72.24134789966982
96.51000269412994,-72.23958824357842,-72.23958824357842
96.52000269412994,-72.2378531934474,-72.2378531934474
96.53000269412995,-72.23614269874292,-72.23614269874292
96.54000269412994,-72.23445670851784,-72.23445670851784
96.55000269412994,-72.2327951714281,-72.2327951714281
96.56000269412995,-72.23115419889965,-72.23115419889965
96.57000269412994,-72.2295280154117,-72.2295280154117
96.58000269412994,-72.22791073825621,-72.22791073825621
96.59000269412995,-72.22629704615292,-72.22629704615292
96.60000269412994,-72.2246822902511,-72.2246822902511
96.61000269412995,-72.22306243081738,-72.22306243081738
96.62000269412994,-72.22143394446036,-72.22143394446036
96.63000269412994,-72.21979374177421,-72.21979374177421
96.64000269412995,-72.21813910129657,-72.21813910129657
96.65000269412994,-72.21646761721405,-72.21646761721405
96.66000269412994,-72.21477715753136,-72.21477715753136
96.67000269412995,-72.2130658299528,-72.2130658299528
96.68000269412994,-72.21133195354743,-72.21133195354743
96.69000269412994,-72.2095740349526,-72.2095740349526
96.70000269412995,-72.20779074812732,-72.20779074812732
96.71000269412994,-72.2059809170341,-72.2059809170341
96.72000269412995,-72.2041435006836,-72.2041435006836
96.73000269412995,-72.20227758018402,-72.20227758018402
96.74000269412994,-72.20038234745944,-72.20038234745944
96.75000269412995,-72.1984570953849,-72.1984570953849
96.76000269412994,-72.19650120907698,-72.19650120907698
96.77000269412994,-72.19451415824145,-72.19451415824145
96.78000269412995,-72.19249549033496,-72.19249549033496
96.79000269412994,-72.19044482451436,-72.19044482451436
96.80000269412994,-72.1883618461607,-72.1883618461607
96.81000269412995,-72.1862463019797,-72.1862463019797
96.82000269412994,-72.18409799557524,-72.18409799557524
96.83000269412994,-72.18191678339639,-72.18191678339639
96.84000269412995,-72.17970257106738,-72.17970257106738
96.85000269412994,-72.17745531001034,-72.17745531001034
96.86000269412995,-72.17517499434804,-72.17517499434804
96.87000269412994,-72.17286165803722,-72.17286165803722
96.88000269412994,-72.17051537222716,-72.17051537222716
96.89000269412995,-72.16813624279648,-72.16813624279648
96.9000027179718,-72.16572440233041,-72.16572440233041
96.9100027179718,-72.16328003087693,-72.16328003087693
96.9200027179718,-72.16080331967603,-72.16080331967603
96.9300027179718,-72.15829449212886,-72.15829449212886
96.94000271797181,-72.1557537963145,-72.1557537963145
96.9500027179718,-72.15318150333435,-72.15318150333435
96.9600027179718,-72.15057790578939,-72.15057790578939
96.9700027179718,-72.1479433163108,-72.1479433163108
96.9800027179718,-72.1452780661571,-72.1452780661571
96.9900027179718,-72.14258250395518,-72.14258250395518
97.0000027179718,-72.13985699443444,-72.13985699443444
97.0100027179718,-72.13710191729194,-72.13710191729194
97.0200027179718,-72.13431766606988,-72.13431766606988
97.0300027179718,-72.13150464714187,-72.13150464714187
97.0400027179718,-72.1286632787103,-72.1286632787103
97.05000271797181,-72.12579398988814,-72.12579398988814
97.0600027179718,-72.12289721981185,-72.12289721981185
97.0700027179718,-72.11997341680198,-72.11997341680198
97.08000271797181,-72.11702303756621,-72.11702303756621
97.0900027179718,-72.11404654648187,-72.11404654648187
97.1000027179718,-72.11104441484869,-72.11104441484869
97.1100027179718,-72.10801712023974,-72.10801712023974
97.1200027179718,-72.10496514584536,-72.10496514584536
97.1300027179718,-72.10188897988895,-72.10188897988895
97.1400027179718,-72.09878911503738,-72.09878911503738
97.1500027179718,-72.09566604787074,-72.09566604787074
97.1600027179718,-72.09252027837327,-72.09252027837327
97.1700027179718,-72.08935230942227,-72.08935230942227
97.1800027179718,-72.08616264635701,-72.08616264635701
97.19000271797181,-72.08295179651249,-72.08295179651249
97.2000027179718,-72.0797202688486,-72.0797202688486
97.2100027179718,-72.07646857351628,-72.07646857351628
97.2200027179718,-72.07319722151651,-72.07319722151651
97.2300027179718,-72.0699067243358,-72.0699067243358
97.2400027179718,-72.0665975936241,-72.0665975936241
97.2500027179718,-72.06327034088534,-72.06327034088534
97.2600027179718,-72.05992547717078,-72.05992547717078
97.2700027179718,-72.05656351281036,-72.05656351281036
97.2800027179718,-72.05318495714683,-72.05318495714683
97.2900027179718,-72.0497903182915,-72.0497903182915
97.30000271797181,-72.04638010287614,-72.04638010287614
97.3100027179718,-72.04295481585653,-72.04295481585653
97.3200027179718,-72.03951496028223,-72.03951496028223
97.33000271797181,-72.03606103711839,-72.03606103711839
97.3400027179718,-72.0325935450454,-72.0325935450454
97.3500027179718,-72.02911298030048,-72.02911298030048
97.3600027179718,-72.02561983651049,-72.02561983651049
97.3700027179718,-72.02211460452524,-72.02211460452524
97.3800027179718,-72.01859777231152,-72.01859777231152
97.3900027179718,-72.01506982477461,-72.01506982477461
97.4000027179718,-72.01153124367438,-72.01153124367438
97.4100027179718,-72.00798250746763,-72.00798250746763
97.4200027179718,-72.00442409124497,-72.00442409124497
97.4300027179718,-72.0008564665785,-72.0008564665785
97.44000271797181,-71.99728010147548,-71.99728010147548
97.4500027179718,-71.9936954602654,-71.9936954602654
97.4600027179718,-71.99010300350935,-71.99010300350935
97.4700027179718,-71.9865031879534,-71.9865031879534
97.4800027179718,-71.98289646643131,-71.98289646643131
97.4900027179718,-71.97928328781968,-71.97928328781968
97.5000027179718,-71.97566409697497,-71.97566409697497
97.5100027179718,-71.97203933467578,-71.97203933467578
97.5200027179718,-71.96840943757084,-71.96840943757084
97.5300027179718,-71.96477483815376,-71.96477483815376
97.5400027179718,-71.96113596470353,-71.96113596470353
97.55000271797181,-71.95749324124351,-71.95749324124351
97.5600027179718,-71.95384708754182,-71.95384708754182
97.5700027179718,-71.95019791904973,-71.95019791904973
97.58000271797181,-71.94654614689635,-71.94654614689635
97.5900027179718,-71.94289217786245,-71.94289217786245
97.6000027179718,-71.93923641435633,-71.93923641435633
97.6100027179718,-71.93557925441179,-71.93557925441179
97.6200027179718,-71.93192109166628,-71.93192109166628
97.6300027179718,-71.92826231534467,-71.92826231534467
97.6400027179718,-71.92460331027524,-71.92460331027524
97.6500027179718,-71.92094445687103,-71.92094445687103
97.6600027179718,-71.91728613112436,-71.91728613112436
97.6700027179718,-71.91362870461653,-71.91362870461653
97.6800027179718,-71.9099725445161,-71.9099725445161
97.69000271797181,-71.90631801358458,-71.90631801358458
97.7000027179718,-71.90266547017437,-71.90266547017437
97.7100027179718,-71.89900899962456,-71.89900899962456
97.7200027179718,-71.89534621009615,-71.89534621009615
97.7300027179718,-71.89167611765168,-71.89167611765168
97.7400027179718,-71.88799838917753,-71.88799838917753
97.75000274181366,-71.8843130441008,-71.8843130441008
97.76000274181366,-71.88062033877985,-71.88062033877985
97.77000274181366,-71.87692062528885,-71.87692062528885
97.78000274181366,-71.87321433319933,-71.87321433319933
97.79000274181367,-71.86950192866227,-71.86950192866227
97.80000274181366,-71.86578389510721,-71.86578389510721
97.81000274181366,-71.86206072173077,-71.86206072173077
97.82000274181365,-71.85833289671942,-71.85833289671942
97.83000274181366,-71.85460090342383,-71.85460090342383
97.84000274181366,-71.85086521821533,-71.85086521821533
97.85000274181365,-71.8471263094778,-71.8471263094778
97.86000274181366,-71.8433846372219,-71.8433846372219
97.87000274181366,-71.83964065304971,-71.83964065304971
97.88000274181366,-71.83589480035961,-71.83589480035961
97.89000274181366,-71.8321475146219,-71.8321475146219
97.90000274181367,-71.82839922372143,-71.82839922372143
97.91000274181366,-71.8246503483223,-71.8246503483223
97.92000274181366,-71.82090130216827,-71.82090130216827
97.93000274181367,-71.81715249240271,-71.81715249240271
97.94000274181366,-71.81340431986357,-71.81340431986357
97.95000274181366,-71.80965717931372,-71.80965717931372
97.96000274181365,-71.80591145967938,-71.80591145967938
97.97000274181366,-71.80216754421859,-71.80216754421859
97.98000274181366,-71.79842581073501,-71.79842581073501
97.99000274181365,-71.79468663169986,-71.79468663169986
98.00000274181366,-71.7909503743804,-71.7909503743804
98.01000274181366,-71.78721740097407,-71.78721740097407
98.02000274181366,-71.78348806869029,-71.78348806869029
98.03000274181366,-71.77976272984635,-71.77976272984635
98.04000274181367,-71.77604173197051,-71.77604173197051
98.05000274181366,-71.7723254178332,-71.7723254178332
98.06000274181366,-71.76861412552985,-71.76861412552985
98.07000274181365,-71.76490818853553,-71.76490818853553
98.08000274181366,-71.7612079357567,-71.7612079357567
98.09000274181366,-71.75751369157838,-71.75751369157838
98.10000274181365,-71.75382577590757,-71.75382577590757
98.11000274181366,-71.7501445042082,-71.7501445042082
98.12000274181366,-71.74647018755056,-71.74647018755056
98.13000274181366,-71.74280313263027,-71.74280313263027
98.14000274181366,-71.73914364183278,-71.73914364183278
98.15000274181367,-71.73549201322516,-71.73549201322516
98.16000274181366,-71.73184854062468,-71.73184854062468
98.17000274181366,-71.72821351361495,-71.72821351361495
98.18000274181367,-71.72458721757378,-71.72458721757378
98.19000274181366,-71.72096993371474,-71.72096993371474
98.20000274181366,-71.71736193909742,-71.71736193909742
98.21000274181365,-71.71376350668417,-71.71376350668417
98.22000274181366,-71.7101749053476,-71.7101749053476
98.23000274181366,-71.7065963999126,-71.7065963999126
98.24000274181365,-71.70302825118266,-71.70302825118266
98.25000274181366,-71.69947071597518,-71.69947071597518
98.26000274181366,-71.69592404713653,-71.69592404713653
98.27000274181366,-71.69238849358821,-71.69238849358821
98.28000274181366,-71.68886430035163,-71.68886430035163
98.29000274181367,-71.68535170857464,-71.68535170857464
98.30000274181366,-71.68185095558145,-71.68185095558145
98.31000274181366,-71.67836227486961,-71.67836227486961
98.32000274181365,-71.67488589617541,-71.67488589617541
98.33000274181366,-71.6714220454862,-71.6714220454862
98.34000274181366,-71.66797094507903,-71.66797094507903
98.35000274181365,-71.66453281354538,-71.66453281354538
98.36000274181366,-71.66110786583407,-71.66110786583407
98.37000274181366,-71.6576963132723,-71.6576963132723
98.38000274181366,-71.65429836362156,-71.65429836362156
98.39000274181366,-71.65091422107263,-71.65091422107263
98.40000274181367,-71.64754408630104,-71.64754408630104
98.41000274181366,-71.64418815652233,-71.64418815652233
98.42000274181366,-71.64084662547667,-71.64084662547667
98.43000274181367,-71.63751968349325,-71.63751968349325
98.44000274181366,-71.63420751751228,-71.63420751751228
98.45000274181366,-71.63091031113281,-71.63091031113281
98.46000274181365,-71.62762824462824,-71.62762824462824
98.47000274181366,-71.62436149499086,-71.62436149499086
98.48000274181366,-71.62111023596381,-71.62111023596381
98.49000274181365,-71.61787463806891,-71.61787463806891
98.50000274181366,-71.61465486864891,-71.61465486864891
98.51000274181366,-71.61145109189329,-71.61145109189329
98.52000274181366,-71.60826346887868,-71.60826346887868
98.53000274181366,-71.60509215758593,-71.60509215758593
98.54000274181367,-71.60193731296258,-71.60193731296258
98.55000274181366,-71.59879908692945,-71.59879908692945
98.56000274181366,-71.59567762842542,-71.59567762842542
98.57000274181365,-71.59257308344286,-71.59257308344286
98.58000274181366,-71.58948559504836,-71.58948559504836
98.59000274181366,-71.58641530343833,-71.58641530343833
98.60000276565552,-71.5833623386744,-71.5833623386744
98.61000276565552,-71.5803268498656,-71.5803268498656
98.62000276565551,-71.57730896140812,-71.57730896140812
98.63000276565552,-71.57430880228934,-71.57430880228934
98.64000276565552,-71.57132649875982,-71.57132649875982
98.65000276565551,-71.56836217439282,-71.56836217439282
98.66000276565552,-71.5654159500834,-71.5654159500834
98.67000276565551,-71.56248794411586,-71.56248794411586
98.68000276565552,-71.55957827217439,-71.55957827217439
98.69000276565552,-71.5566870473821,-71.5566870473821
98.70000276565551,-71.55381438032562,-71.55381438032562
98.71000276565552,-71.55095413979437,-71.55095413979437
98.72000276565552,-71.5481037023059,-71.5481037023059
98.73000276565551,-71.54526184751775,-71.54526184751775
98.74000276565552,-71.54242800483293,-71.54242800483293
98.75000276565552,-71.53960196524787,-71.53960196524787
98.76000276565551,-71.53678373134784,-71.53678373134784
98.77000276565552,-71.53397342911568,-71.53397342911568
98.78000276565552,-71.5311712548807,-71.5311712548807
98.79000276565552,-71.52837744332604,-71.52837744332604
98.80000276565552,-71.52559224826766,-71.52559224826766
98.81000276565551,-71.52281593120952,-71.52281593120952
98.82000276565552,-71.52004875463098,-71.52004875463098
98.83000276565552,-71.51729097812311,-71.51729097812311
98.84000276565551,-71.51454285633405,-71.51454285633405
98.85000276565552,-71.511804637935,-71.511804637935
98.86000276565552,-71.50907656524384,-71.50907656524384
98.87000276565551,-71.50635887420688,-71.50635887420688
98.88000276565552,-71.50365179457633,-71.50365179457633
98.89000276565552,-71.50095555024578,-71.50095555024578
98.90000276565551,-71.49827035954819,-71.49827035954819
98.91000276565552,-71.49559643560488,-71.49559643560488
98.92000276565551,-71.49293398668641,-71.49293398668641
98.93000276565552,-71.49028321647835,-71.49028321647835
98.94000276565552,-71.48764432437089,-71.48764432437089
98.95000276565551,-71.48501750572524,-71.48501750572524
98.96000276565552,-71.48240295206743,-71.48240295206743
98.97000276565552,-71.47980085129795,-71.47980085129795
98.98000276565551,-71.47721138783007,-71.47721138783007
98.99000276565552,-71.47463474276812,-71.47463474276812
99.00000276565552,-71.47207109401126,-71.47207109401126
99.01000276565551,-71.46952061636145,-71.46952061636145
99.02000276565552,-71.46698348162855,-71.46698348162855
99.03000276565552,-71.464459858699,-71.464459858699
99.04000276565552,-71.46194991361614,-71.46194991361614
99.05000276565552,-71.45945380962668,-71.45945380962668
99.06000276565551,-71.4569717072506,-71.4569717072506
99.07000276565552,-71.45450376432086,-71.45450376432086
99.08000276565552,-71.45205013603068,-71.45205013603068
99.09000276565551,-71.44961097495855,-71.44961097495855
99.10000276565552,-71.44718643110204,-71.44718643110204
99.11000276565552,-71.44477665192784,-71.44477665192784
99.12000276565551,-71.44238178238056,-71.44238178238056
99.13000276565552,-71.44000196488756,-71.44000196488756
99.14000276565552,-71.43763733942572,-71.43763733942572
99.15000276565551,-71.43528804351837,-71.43528804351837
99.16000276565552,-71.43295421225795,-71.43295421225795
99.17000276565551,-71.43063597831329,-71.43063597831329
99.18000276565552,-71.42833347196975,-71.42833347196975
99.19000276565552,-71.42604682113986,-71.42604682113986
99.20000276565551,-71.42377615136694,-71.42377615136694
99.21000276565552,-71.42152158585625,-71.42152158585625
99.22000276565552,-71.4192832454893,-71.4192832454893
99.23000276565551,-71.41706124883424,-71.41706124883424
99.24000276565552,-71.41485571216893,-71.41485571216893
99.25000276565552,-71.41266674949706,-71.41266674949706
99.26000276565551,-71.41049447255887,-71.41049447255887
99.27000276565552,-71.40833899085051,-71.40833899085051
99.28000276565552,-71.40620041164246,-71.40620041164246
99.29000276565552,-71.40407884000207,-71.40407884000207
99.30000276565552,-71.40197437878973,-71.40197437878973
99.31000276565551,-71.39988712870023,-71.39988712870023
99.32000276565552,-71.39781718826994,-71.39781718826994
99.33000276565552,-71.39576465388605,-71.39576465388605
99.34000276565551,-71.3937296198303,-71.3937296198303
99.35000276565552,-71.39171217825057,-71.39171217825057
99.36000276565552,-71.38971241923612,-71.38971241923612
99.37000276565551,-71.38773043078494,-71.38773043078494
99.38000276565552,-71.38576629885783,-71.38576629885783
99.39000276565552,-71.38382010737577,-71.38382010737577
99.40000276565551,-71.38189193825404,-71.38189193825404
99.41000276565552,-71.37998187140366,-71.37998187140366
99.42000276565551,-71.37808998476523,-71.37808998476523
99.43000276565552,-71.3762163543275,-71.3762163543275
99.44000276565552,-71.37436105413101,-71.37436105413101
99.45000278949738,-71.3725241519301,-71.3725241519301
99.46000278949738,-71.3707057267471,-71.3707057267471
99.47000278949737,-71.36890584251033,-71.36890584251033
99.48000278949738,-71.36712456570916,-71.36712456570916
99.49000278949738,-71.36536196099574,-71.36536196099574
99.50000278949737,-71.36361809119242,-71.36361809119242
99.51000278949738,-71.36189301733445,-71.36189301733445
99.52000278949737,-71.36018679867172,-71.36018679867172
99.53000278949737,-71.35849949268048,-71.35849949268048
99.54000278949738,-71.35683115511594,-71.35683115511594
99.55000278949737,-71.35518184000436,-71.35518184000436
99.56000278949737,-71.35355159965785,-71.35355159965785
99.57000278949738,-71.35194048472563,-71.35194048472563
99.58000278949737,-71.35034854419442,-71.35034854419442
99.59000278949738,-71.3487758253865,-71.3487758253865
99.60000278949738,-71.34722237401876,-71.34722237401876
99.61000278949737,-71.34568823420979,-71.34568823420979
99.62000278949738,-71.34417344848846,-71.34417344848846
99.63000278949738,-71.3426780578088,-71.3426780578088
99.64000278949737,-71.34120210159156,-71.34120210159156
99.65000278949738,-71.33974561773341,-71.33974561773341
99.66000278949737,-71.33830864261925,-71.33830864261925
99.67000278949737,-71.33689121115438,-71.33689121115438
99.68000278949738,-71.3354933567741,-71.3354933567741
99.69000278949737,-71.33411511146619,-71.33411511146619
99.70000278949738,-71.3327565057813,-71.3327565057813
99.71000278949738,-71.33141756886721,-71.33141756886721
99.72000278949737,-71.33009832847537,-71.33009832847537
99.73000278949738,-71.32879881099632,-71.32879881099632
99.74000278949738,-71.32751904143768,-71.32751904143768
99.75000278949737,-71.32625904350442,-71.32625904350442
99.76000278949738,-71.32501883955025,-71.32501883955025
99.77000278949737,-71.32379845064949,-71.32379845064949
99.78000278949737,-71.3225978965914,-71.3225978965914
99.79000278949738,-71.32141719589619,-71.32141719589619
99.80000278949737,-71.32025636583738,-71.32025636583738
99.81000278949737,-71.31911542245669,-71.31911542245669
99.82000278949738,-71.31799438059257,-71.31799438059257
99.83000278949737,-71.31689325387686,-71.31689325387686
99.84000278949738,-71.31581205477238,-71.31581205477238
99.85000278949738,-71.31475079456986,-71.31475079456986
99.86000278949737,-71.31370948342384,-71.31370948342384
99.87000278949738,-71.31268813036316,-71.31268813036316
99.88000278949738,-71.31168674329174,-71.31168674329174
99.89000278949737,-71.31070532903509,-71.31070532903509
99.90000278949738,-71.30974389332667,-71.30974389332667
99.91000278949737,-71.30880244085469,-71.30880244085469
99.92000278949737,-71.30788097523028,-71.30788097523028
99.93000278949738,-71.30697949905823,-71.30697949905823
99.94000278949737,-71.3060980139155,-71.3060980139155
99.95000278949738,-71.30523652038552,-71.30523652038552
99.96000278949738,-71.30439501806147,-71.30439501806147
99.97000278949737,-71.30357350556379,-71.30357350556379
99.98000278949738,-71.30277198056264,-71.30277198056264
99.99000278949738,-71.30199043978358,-71.30199043978358
100.00000278949737,-71.30122887901737,-71.30122887901737
100.01000278949738,-71.30048729315945,-71.30048729315945
100.02000278949737,-71.29976567619832,-71.29976567619832
100.03000278949737,-71.29906402122901,-71.29906402122901
100.04000278949738,-71.29838232049023,-71.29838232049023
100.05000278949737,-71.29772056536271,-71.29772056536271
100.06000278949737,-71.29707874637185,-71.29707874637185
100.07000278949738,-71.29645685322461,-71.29645685322461
100.08000278949737,-71.29585487481808,-71.29585487481808
100.09000278949738,-71.29527279922608,-71.29527279922608
100.10000278949738,-71.29471061374237,-71.29471061374237
100.11000278949737,-71.29416830488736,-71.29416830488736
100.12000278949738,-71.29364585841083,-71.29364585841083
100.13000278949738,-71.29314325931013,-71.29314325931013
100.14000278949737,-71.2926604918494,-71.2926604918494
100.15000278949738,-71.2921975395536,-71.2921975395536
100.16000278949737,-71.29175438523656,-71.29175438523656
100.17000278949737,-71.29133101100734,-71.29133101100734
100.18000278949738,-71.29092739828286,-71.29092739828286
100.19000278949737,-71.29054352780855,-71.29054352780855
100.20000278949738,-71.29017937963714,-71.29017937963714
100.21000278949738,-71.28983493318634,-71.28983493318634
100.22000278949737,-71.28951016721756,-71.28951016721756
100.23000278949738,-71.28920505985086,-71.28920505985086
100.24000278949738,-71.2889195885918,-71.2889195885918
100.25000278949737,-71.28865373032066,-71.28865373032066
100.26000278949738,-71.28840746131159,-71.28840746131159
100.27000278949737,-71.28818075726768,-71.28818075726768
100.28000278949737,-71.28797359328694,-71.28797359328694
100.29000278949738,-71.28778594389529,-71.28778594389529
100.30000281333923,-71.2876177826738,-71.2876177826738
100.31000281333924,-71.2874690838822,-71.2874690838822
100.32000281333923,-71.28733981993008,-71.28733981993008
100.33000281333923,-71.28722996315392,-71.28722996315392
100.34000281333924,-71.28713948537275,-71.28713948537275
100.35000281333923,-71.28706835788459,-71.28706835788459
100.36000281333924,-71.28701655149382,-71.28701655149382
100.37000281333923,-71.28698403648194,-71.28698403648194
100.38000281333923,-71.28697078265625,-71.28697078265625
100.39000281333924,-71.28697675934582,-71.28697675934582
100.40000281333923,-71.2870019354155,-71.2870019354155
100.41000281333923,-71.28704627926699,-71.28704627926699
100.42000281333924,-71.28710975884067,-71.28710975884067
100.43000281333923,-71.28719234164012,-71.28719234164012
100.44000281333923,-71.287293994727,-71.287293994727
100.45000281333924,-71.28741468474021,-71.28741468474021
100.46000281333923,-71.2875543779001,-71.2875543779001
100.47000281333924,-71.28771304000506,-71.28771304000506
100.48000281333924,-71.28789063646137,-71.28789063646137
100.49000281333923,-71.2880871322789,-71.2880871322789
100.50000281333924,-71.28830249207181,-71.28830249207181
100.51000281333923,-71.28853668007469,-71.28853668007469
100.52000281333923,-71.28878966014622,-71.28878966014622
100.53000281333924,-71.2890613957874,-71.2890613957874
100.54000281333923,-71.28935185013721,-71.28935185013721
100.55000281333923,-71.28966098598121,-71.28966098598121
100.56000281333924,-71.2899887657531,-71.2899887657531
100.57000281333923,-71.29033515155629,-71.29033515155629
100.58000281333923,-71.29070010516173,-71.29070010516173
100.59000281333924,-71.29108358802114,-71.29108358802114
100.60000281333923,-71.29148556125682,-71.29148556125682
100.61000281333924,-71.29190598569774,-71.29190598569774
100.62000281333923,-71.292344821848,-71.292344821848
100.63000281333923,-71.29280202991846,-71.29280202991846
100.64000281333924,-71.2932775698416,-71.2932775698416
100.65000281333923,-71.29377140124595,-71.29377140124595
100.66000281333923,-71.29428348348159,-71.29428348348159
100.67000281333924,-71.29481377564196,-71.29481377564196
100.68000281333923,-71.29536223654722,-71.29536223654722
100.69000281333923,-71.29592882473567,-71.29592882473567
100.70000281333924,-71.29651349851149,-71.29651349851149
100.71000281333923,-71.29711621591706,-71.29711621591706
100.72000281333924,-71.29773693475634,-71.29773693475634
100.73000281333924,-71.29837561258067,-71.29837561258067
100.74000281333923,-71.29903220672682,-71.29903220672682
100.75000281333924,-71.29970667428881,-71.29970667428881
100.76000281333923,-71.30039897214422,-71.30039897214422
100.77000281333923,-71.30110905694337,-71.30110905694337
100.78000281333924,-71.30183688513125,-71.30183688513125
100.79000281333923,-71.3025824129468,-71.3025824129468
100.80000281333923,-71.30334559641796,-71.30334559641796
100.81000281333924,-71.30412639137907,-71.30412639137907
100.82000281333923,-71.30492475347006,-71.30492475347006
100.83000281333923,-71.30574063813938,-71.30574063813938
100.84000281333924,-71.30657400066441,-71.30657400066441
100.85000281333923,-71.30742479612441,-71.30742479612441
100.86000281333924,-71.3082929794414,-71.3082929794414
100.87000281333923,-71.30917850535566,-71.30917850535566
100.88000281333923,-71.31008132844123,-71.31008132844123
100.89000281333924,-71.31100140312482,-71.31100140312482
100.90000281333923,-71.31193868365139,-71.31193868365139
100.91000281333923,-71.31289312414269,-71.31289312414269
100.92000281333924,-71.31386467854058,-71.31386467854058
100.93000281333923,-71.31485330067045,-71.31485330067045
100.94000281333923,-71.31585894420698,-71.31585894420698
100.95000281333924,-71.31688156269114,-71.31688156269114
100.96000281333923,-71.31791488738651,-71.31791488738651
100.97000281333924,-71.31895614679452,-71.31895614679452
100.98000281333924,-71.32000396891584,-71.32000396891584
100.99000281333923,-71.32105763046431,-71.32105763046431
101.00000281333924,-71.3221167699927,-71.3221167699927
101.01000281333923,-71.3231812386794,-71.3231812386794
101.02000281333923,-71.32425101266075,-71.32425101266075
101.03000281333924,-71.32532614036029,-71.32532614036029
101.04000281333923,-71.3264067107316,-71.3264067107316
101.05000281333923,-71.32749283418148,-71.32749283418148
101.06000281333924,-71.32858463121433,-71.32858463121433
101.07000281333923,-71.32968222573969,-71.32968222573969
101.08000281333923,-71.33078574122962,-71.33078574122962
101.09000281333924,-71.33189529862656,-71.33189529862656
101.10000281333923,-71.3330110152971,-71.3330110152971
101.11000281333924,-71.33413300462213,-71.33413300462213
101.12000281333923,-71.3352613759403,-71.3352613759403
101.13000281333923,-71.33639623469819,-71.33639623469819
101.14000281333924,-71.33753768270999,-71.33753768270999
101.15000283718109,-71.33868582117424,-71.33868582117424
101.1600028371811,-71.33984074006264,-71.33984074006264
101.17000283718109,-71.34100253475951,-71.34100253475951
101.18000283718109,-71.34217129547181,-71.34217129547181
101.1900028371811,-71.3433471101511,-71.3433471101511
101.20000283718109,-71.34453006472077,-71.34453006472077
101.2100028371811,-71.3457202432528,-71.3457202432528
101.22000283718108,-71.34691772812822,-71.34691772812822
101.23000283718109,-71.34812260017407,-71.34812260017407
101.2400028371811,-71.3493349387822,-71.3493349387822
101.25000283718109,-71.3505548219798,-71.3505548219798
101.26000283718109,-71.35178232652628,-71.35178232652628
101.2700028371811,-71.35301752798274,-71.35301752798274
101.28000283718109,-71.3542605007465,-71.3542605007465
101.29000283718109,-71.3555113181167,-71.3555113181167
101.3000028371811,-71.35677005231744,-71.35677005231744
101.31000283718109,-71.35803677451551,-71.35803677451551
101.3200028371811,-71.35931155487167,-71.35931155487167
101.3300028371811,-71.36059446251683,-71.36059446251683
101.34000283718109,-71.3618855656096,-71.3618855656096
101.3500028371811,-71.36318493130611,-71.36318493130611
101.36000283718109,-71.36449262579067,-71.36449262579067
101.37000283718109,-71.36580871427581,-71.36580871427581
101.3800028371811,-71.36713326099375,-71.36713326099375
101.39000283718109,-71.36846632921497,-71.36846632921497
101.40000283718109,-71.36980798123666,-71.36980798123666
101.4100028371811,-71.37115827836973,-71.37115827836973
101.42000283718109,-71.37251728096828,-71.37251728096828
101.43000283718109,-71.37388504840412,-71.37388504840412
101.4400028371811,-71.37526163905075,-71.37526163905075
101.45000283718109,-71.37664711033445,-71.37664711033445
101.4600028371811,-71.37804151866553,-71.37804151866553
101.47000283718108,-71.37944491949087,-71.37944491949087
101.48000283718109,-71.38085736725645,-71.38085736725645
101.4900028371811,-71.38227891541386,-71.38227891541386
101.50000283718109,-71.38370961641891,-71.38370961641891
101.51000283718109,-71.38514952174496,-71.38514952174496
101.5200028371811,-71.3865986818582,-71.3865986818582
101.53000283718109,-71.38805714622275,-71.38805714622275
101.54000283718109,-71.38952496331554,-71.38952496331554
101.5500028371811,-71.39100218060658,-71.39100218060658
101.56000283718109,-71.39248884456424,-71.39248884456424
101.5700028371811,-71.39398500067094,-71.39398500067094
101.5800028371811,-71.39549069339729,-71.39549069339729
101.59000283718109,-71.39700596622967,-71.39700596622967
101.6000028371811,-71.39853086165374,-71.39853086165374
101.61000283718109,-71.4000654211712,-71.4000654211712
101.62000283718109,-71.40160968527559,-71.40160968527559
101.6300028371811,-71.4031636934904,-71.4031636934904
101.64000283718109,-71.40472748435465,-71.40472748435465
101.65000283718109,-71.4063010954158,-71.4063010954158
101.6600028371811,-71.40788456326725,-71.40788456326725
101.67000283718109,-71.40947792350212,-71.40947792350212
101.68000283718109,-71.41108121077511,-71.41108121077511
101.6900028371811,-71.41269445876277,-71.41269445876277
101.70000283718109,-71.4143177001903,-71.4143177001903
101.7100028371811,-71.415950966825,-71.415950966825
101.72000283718108,-71.41759428950108,-71.41759428950108
101.73000283718109,-71.4192476981076,-71.4192476981076
101.7400028371811,-71.4209112215978,-71.4209112215978
101.75000283718109,-71.42258488800812,-71.42258488800812
101.76000283718109,-71.42426872444146,-71.42426872444146
101.7700028371811,-71.42596275709302,-71.42596275709302
101.78000283718109,-71.42766701126743,-71.42766701126743
101.79000283718109,-71.42938151136158,-71.42938151136158
101.8000028371811,-71.43110628086866,-71.43110628086866
101.81000283718109,-71.43284134242313,-71.43284134242313
101.8200028371811,-71.43458671776344,-71.43458671776344
101.8300028371811,-71.43634242777874,-71.43634242777874
101.84000283718109,-71.43810849248366,-71.43810849248366
101.8500028371811,-71.43988493105776,-71.43988493105776
101.86000283718109,-71.44167176183196,-71.44167176183196
101.87000283718109,-71.44346900230016,-71.44346900230016
101.8800028371811,-71.44527666913201,-71.44527666913201
101.89000283718109,-71.44709477818368,-71.44709477818368
101.90000283718109,-71.44892334450779,-71.44892334450779
101.9100028371811,-71.45076238234806,-71.45076238234806
101.92000283718109,-71.4526119051693,-71.4526119051693
101.93000283718109,-71.45447192564143,-71.45447192564143
101.9400028371811,-71.45634245567625,-71.45634245567625
101.95000283718109,-71.45822350641086,-71.45822350641086
101.9600028371811,-71.46011508822623,-71.46011508822623
101.97000283718108,-71.46201721077797,-71.46201721077797
101.98000283718109,-71.46392988296516,-71.46392988296516
101.9900028371811,-71.46585311296128,-71.46585311296128
102.00000286102295,-71.46778691283696,-71.46778691283696
102.01000286102295,-71.4697312801614,-71.4697312801614
102.02000286102295,-71.47168622555087,-71.47168622555087
102.03000286102295,-71.47365175436326,-71.47365175436326
102.04000286102296,-71.47562787128065,-71.47562787128065
102.05000286102295,-71.47761458031015,-71.47761458031015
102.06000286102295,-71.47961188477868,-71.47961188477868
102.07000286102294,-71.4816197873771,-71.4816197873771
102.08000286102295,-71.48363829013616,-71.48363829013616
102.09000286102295,-71.48566739446035,-71.48566739446035
102.10000286102294,-71.48770710111803,-71.48770710111803
102.11000286102295,-71.48975741025512,-71.48975741025512
102.12000286102295,-71.49181832140482,-71.49181832140482
102.13000286102294,-71.4938898335176,-71.4938898335176
102.14000286102295,-71.49597194492122,-71.49597194492122
102.15000286102295,-71.49806465337305,-71.49806465337305
102.16000286102295,-71.50016795605846,-71.50016795605846
102.17000286102295,-71.50228184958438,-71.50228184958438
102.18000286102296,-71.50440633000456,-71.50440633000456
102.19000286102295,-71.50654139281643,-71.50654139281643
102.20000286102295,-71.50868703297748,-71.50868703297748
102.21000286102294,-71.51084324490847,-71.51084324490847
102.22000286102295,-71.51301002249772,-71.51301002249772
102.23000286102295,-71.51518735912504,-71.51518735912504
102.24000286102294,-71.51737524765919,-71.51737524765919
102.25000286102295,-71.51957368045628,-71.51957368045628
102.26000286102295,-71.52178264938728,-71.52178264938728
102.27000286102295,-71.5240021458303,-71.5240021458303
102.28000286102295,-71.52623216069102,-71.52623216069102
102.29000286102296,-71.52847268439724,-71.52847268439724
102.30000286102295,-71.53072370691281,-71.53072370691281
102.31000286102295,-71.53298521774899,-71.53298521774899
102.32000286102294,-71.53525720596957,-71.53525720596957
102.33000286102295,-71.53753966019075,-71.53753966019075
102.34000286102295,-71.53983256860144,-71.53983256860144
102.35000286102294,-71.54213591896497,-71.54213591896497
102.36000286102295,-71.54444969860822,-71.54444969860822
102.37000286102295,-71.54677389446533,-71.54677389446533
102.38000286102294,-71.54910849306137,-71.54910849306137
102.39000286102295,-71.55145348051403,-71.55145348051403
102.40000286102295,-71.55380884255644,-71.55380884255644
102.41000286102295,-71.55617456453473,-71.55617456453473
102.42000286102295,-71.55855063141459,-71.55855063141459
102.43000286102296,-71.56093702779258,-71.56093702779258
102.44000286102295,-71.5633337378998,-71.5633337378998
102.45000286102295,-71.56574074560744,-71.56574074560744
102.46000286102294,-71.56815178976265,-71.56815178976265
102.47000286102295,-71.5705641174779,-71.5705641174779
102.48000286102295,-71.57297637919486,-71.57297637919486
102.49000286102294,-71.57538787539217,-71.57538787539217
102.50000286102295,-71.57779826892306,-71.57779826892306
102.51000286102295,-71.5802074354539,-71.5802074354539
102.52000286102295,-71.58261537575065,-71.58261537575065
102.53000286102295,-71.58502216288825,-71.58502216288825
102.54000286102296,-71.58742791051195,-71.58742791051195
102.55000286102295,-71.58983275377285,-71.58983275377285
102.56000286102295,-71.592236837951,-71.592236837951
102.57000286102294,-71.59464031177906,-71.59464031177906
102.58000286102295,-71.5970433235918,-71.5970433235918
102.59000286102295,-71.59944601923242,-71.59944601923242
102.60000286102294,-71.60184854099369,-71.60184854099369
102.61000286102295,-71.60425102720596,-71.60425102720596
102.62000286102295,-71.60665361217166,-71.60665361217166
102.63000286102294,-71.609056426296,-71.609056426296
102.64000286102295,-71.61145959634379,-71.61145959634379
102.65000286102295,-71.61386324572625,-71.61386324572625
102.66000286102295,-71.61626749478715,-71.61626749478715
102.67000286102295,-71.61867246108567,-71.61867246108567
102.68000286102296,-71.62107825968292,-71.62107825968292
102.69000286102295,-71.62348500333553,-71.62348500333553
102.70000286102295,-71.62589280272283,-71.62589280272283
102.71000286102294,-71.62829551711702,-71.62829551711702
102.72000286102295,-71.63069051556992,-71.63069051556992
102.73000286102295,-71.63307657022465,-71.63307657022465
102.74000286102294,-71.6354531025657,-71.6354531025657
102.75000286102295,-71.63781989559497,-71.63781989559497
102.76000286102295,-71.6401769442658,-71.6401769442658
102.77000286102295,-71.64252436773904,-71.64252436773904
102.78000286102295,-71.64486235667157,-71.64486235667157
102.79000286102296,-71.64719114144356,-71.64719114144356
102.80000286102295,-71.6495109731503,-71.6495109731503
102.81000286102295,-71.65182211222222,-71.65182211222222
102.82000286102294,-71.65412482174085,-71.65412482174085
102.83000286102295,-71.65641936363815,-71.65641936363815
102.84000286102295,-71.65870599657008,-71.65870599657008
102.85000288486481,-71.66098498031394,-71.66098498031394
102.86000288486481,-71.66325655357693,-71.66325655357693
102.8700028848648,-71.66552096660172,-71.66552096660172
102.88000288486481,-71.66777845949736,-71.66777845949736
102.89000288486481,-71.67002926793566,-71.67002926793566
102.9000028848648,-71.67227362342129,-71.67227362342129
102.91000288486481,-71.67451175358667,-71.67451175358667
102.9200028848648,-71.67674388246861,-71.67674388246861
102.9300028848648,-71.6789702307392,-71.6789702307392
102.94000288486481,-71.68119101595843,-71.68119101595843
102.9500028848648,-71.6834064527402,-71.6834064527402
102.9600028848648,-71.68561675294595,-71.68561675294595
102.97000288486481,-71.68782212580709,-71.68782212580709
102.9800028848648,-71.69002277806445,-71.69002277806445
102.99000288486481,-71.69221891405705,-71.69221891405705
103.00000288486481,-71.69441073579665,-71.69441073579665
103.0100028848648,-71.69659844305892,-71.69659844305892
103.02000288486481,-71.69878223341826,-71.69878223341826
103.03000288486481,-71.70096230230533,-71.70096230230533
103.0400028848648,-71.70313884302465,-71.70313884302465
103.05000288486481,-71.70531204681416,-71.70531204681416
103.0600028848648,-71.70748210283512,-71.70748210283512
103.0700028848648,-71.7096491981939,-71.7096491981939
103.08000288486481,-71.71181351796686,-71.71181351796686
103.0900028848648,-71.71397524520799,-71.71397524520799
103.10000288486481,-71.71613456093877,-71.71613456093877
103.11000288486481,-71.71829164416229,-71.71829164416229
103.1200028848648,-71.72044667186894,-71.72044667186894
103.13000288486481,-71.72259981902734,-71.72259981902734
103.14000288486481,-71.72475125858885,-71.72475125858885
103.1500028848648,-71.72690116148688,-71.72690116148688
103.16000288486481,-71.7290496966369,-71.7290496966369
103.1700028848648,-71.73119703092067,-71.73119703092067
103.1800028848648,-71.73334332922437,-71.73334332922437
103.19000288486481,-71.73548875438283,-71.73548875438283
103.2000028848648,-71.7376334672266,-71.7376334672266
103.2100028848648,-71.73977762655295,-71.73977762655295
103.22000288486481,-71.74192138912682,-71.74192138912682
103.2300028848648,-71.7440649097125,-71.7440649097125
103.24000288486481,-71.746208341026,-71.746208341026
103.25000288486481,-71.74835183377344,-71.74835183377344
103.2600028848648,-71.75049553664567,-71.75049553664567
103.27000288486481,-71.75263959631164,-71.75263959631164
103.28000288486481,-71.75478415742916,-71.75478415742916
103.2900028848648,-71.75692936265503,-71.75692936265503
103.30000288486481,-71.75907535263555,-71.75907535263555
103.3100028848648,-71.76122226602286,-71.76122226602286
103.3200028848648,-71.76337023947755,-71.76337023947755
103.33000288486481,-71.76551940768323,-71.76551940768323
103.3400028848648,-71.76766990333837,-71.76766990333837
103.35000288486481,-71.76982185718312,-71.76982185718312
103.36000288486481,-71.77197539798351,-71.77197539798351
103.3700028848648,-71.77413065257127,-71.77413065257127
103.38000288486481,-71.77628774582921,-71.77628774582921
103.39000288486481,-71.77844680072491,-71.77844680072491
103.4000028848648,-71.7806079382828,-71.7806079382828
103.41000288486481,-71.7827712776413,-71.7827712776413
103.4200028848648,-71.78493693603482,-71.78493693603482
103.4300028848648,-71.787105028805,-71.787105028805
103.44000288486481,-71.78927566944658,-71.78927566944658
103.4500028848648,-71.79144896957479,-71.79144896957479
103.4600028848648,-71.79362503897133,-71.79362503897133
103.47000288486481,-71.79580398558224,-71.79580398558224
103.4800028848648,-71.79798591554093,-71.79798591554093
103.49000288486481,-71.80017093317352,-71.80017093317352
103.50000288486481,-71.80235914102015,-71.80235914102015
103.5100028848648,-71.80455063985573,-71.80455063985573
103.52000288486481,-71.80674552868378,-71.80674552868378
103.53000288486481,-71.80894390477562,-71.80894390477562
103.5400028848648,-71.81114586368615,-71.81114586368615
103.55000288486481,-71.8133514992276,-71.8133514992276
103.5600028848648,-71.81556090354964,-71.81556090354964
103.5700028848648,-71.81777416710379,-71.81777416710379
103.58000288486481,-71.81999137868621,-71.81999137868621
103.5900028848648,-71.82221262543743,-71.82221262543743
103.60000288486481,-71.82443799288791,-71.82443799288791
103.61000288486481,-71.82666756493731,-71.82666756493731
103.6200028848648,-71.82890142389496,-71.82890142389496
103.63000288486481,-71.83113965049186,-71.83113965049186
103.64000288486481,-71.83338232389465,-71.83338232389465
103.6500028848648,-71.83562952172363,-71.83562952172363
103.66000288486481,-71.83788132006555,-71.83788132006555
103.6700028848648,-71.84013779350296,-71.84013779350296
103.6800028848648,-71.84239901511155,-71.84239901511155
103.69000288486481,-71.84466505649917,-71.84466505649917
103.70000290870667,-71.8469359932269,-71.8469359932269
103.71000290870667,-71.8492118831784,-71.8492118831784
103.72000290870666,-71.85149279901286,-71.85149279901286
103.73000290870667,-71.85377880660022,-71.85377880660022
103.74000290870667,-71.85606997039692,-71.85606997039692
103.75000290870666,-71.85836635349898,-71.85836635349898
103.76000290870667,-71.86066801763111,-71.86066801763111
103.77000290870666,-71.86297502317058,-71.86297502317058
103.78000290870666,-71.86528742918232,-71.86528742918232
103.79000290870667,-71.86760529340575,-71.86760529340575
103.80000290870666,-71.86992867229054,-71.86992867229054
103.81000290870666,-71.87225762100958,-71.87225762100958
103.82000290870667,-71.87459219346859,-71.87459219346859
103.83000290870666,-71.87693244233994,-71.87693244233994
103.84000290870667,-71.87927841906202,-71.87927841906202
103.85000290870667,-71.8816301738524,-71.8816301738524
103.86000290870666,-71.88398775573765,-71.88398775573765
103.87000290870667,-71.88635121255845,-71.88635121255845
103.88000290870667,-71.88872059099711,-71.88872059099711
103.89000290870666,-71.891095936571,-71.891095936571
103.90000290870667,-71.89347729367687,-71.89347729367687
103.91000290870666,-71.89586470558037,-71.89586470558037
103.92000290870666,-71.89825821445865,-71.89825821445865
103.93000290870667,-71.90065786137859,-71.90065786137859
103.94000290870666,-71.90306368634906,-71.90306368634906
103.95000290870667,-71.90547572831379,-71.90547572831379
103.96000290870667,-71.90789402517049,-71.90789402517049
103.97000290870666,-71.91031861378247,-71.91031861378247
103.98000290870667,-71.9127495300105,-71.9127495300105
103.99000290870667,-71.91518680869937,-71.91518680869937
104.00000290870666,-71.91763048370284,-71.91763048370284
104.01000290870667,-71.92008058791693,-71.92008058791693
104.02000290870666,-71.92253715327138,-71.92253715327138
104.03000290870666,-71.92500021074424,-71.92500021074424
104.04000290870667,-71.92746979039283,-71.92746979039283
104.05000290870666,-71.92994592134242,-71.92994592134242
104.06000290870666,-71.93242863181467,-71.93242863181467
104.07000290870667,-71.93491794915046,-71.93491794915046
104.08000290870666,-71.93741389979536,-71.93741389979536
104.09000290870667,-71.9399165093347,-71.9399165093347
104.10000290870667,-71.9424258025103,-71.9424258025103
104.11000290870666,-71.94494180320665,-71.94494180320665
104.12000290870667,-71.94746453448356,-71.94746453448356
104.13000290870667,-71.94999401859208,-71.94999401859208
104.14000290870666,-71.95253027697291,-71.95253027697291
104.15000290870667,-71.95507333026492,-71.95507333026492
104.16000290870666,-71.9576231983457,-71.9576231983457
104.17000290870666,-71.96017990031454,-71.96017990031454
104.18000290870667,-71.96274345451089,-71.96274345451089
104.19000290870666,-71.96531387853551,-71.96531387853551
104.20000290870667,-71.96789118924085,-71.96789118924085
104.21000290870667,-71.97047540277269,-71.97047540277269
104.22000290870666,-71.97306653456414,-71.97306653456414
104.23000290870667,-71.975664599329,-71.975664599329
104.24000290870667,-71.97826961110407,-71.97826961110407
104.25000290870666,-71.98088158324623,-71.98088158324623
104.26000290870667,-71.98350052844833,-71.98350052844833
104.27000290870666,-71.98612645872792,-71.98612645872792
104.28000290870666,-71.98875938546561,-71.98875938546561
104.29000290870667,-71.99139931940579,-71.99139931940579
104.30000290870666,-71.99404627065823,-71.99404627065823
104.31000290870666,-71.99670024870834,-71.99670024870834
104.32000290870667,-71.99936126245477,-71.99936126245477
104.33000290870666,-72.00202932016936,-72.00202932016936
104.34000290870667,-72.00470442954648,-72.00470442954648
104.35000290870667,-72.00738659770616,-72.00738659770616
104.36000290870666,-72.01007583118911,-72.01007583118911
104.37000290870667,-72.0127721359779,-72.0127721359779
104.38000290870667,-72.0154755174982,-72.0154755174982
104.39000290870666,-72.01815423269679,-72.01815423269679
104.40000290870667,-72.02079246986924,-72.02079246986924
104.41000290870666,-72.02338054605977,-72.02338054605977
104.42000290870666,-72.02591200375946,-72.02591200375946
104.43000290870667,-72.02838243651446,-72.02838243651446
104.44000290870666,-72.03078880005562,-72.03078880005562
104.45000290870667,-72.03312896843448,-72.03312896843448
104.46000290870667,-72.03540144507836,-72.03540144507836
104.47000290870666,-72.03760517417163,-72.03760517417163
104.48000290870667,-72.03973941673722,-72.03973941673722
104.49000290870667,-72.04180366846144,-72.04180366846144
104.50000290870666,-72.04379760452095,-72.04379760452095
104.51000290870667,-72.04572104201092,-72.04572104201092
104.52000290870666,-72.04757391388357,-72.04757391388357
104.53000290870666,-72.04935625045869,-72.04935625045869
104.54000290870667,-72.05106816602718,-72.05106816602718
104.55000293254852,-72.05270985269007,-72.05270985269007
104.56000293254853,-72.0542815567174,-72.0542815567174
104.57000293254852,-72.0557835964442,-72.0557835964442
104.58000293254852,-72.05721634073487,-72.05721634073487
104.59000293254853,-72.05858020873558,-72.05858020873558
104.60000293254852,-72.05987566598822,-72.05987566598822
104.61000293254853,-72.06110322093997,-72.06110322093997
104.62000293254852,-72.06226342175003,-72.06226342175003
104.63000293254852,-72.06335685333914,-72.06335685333914
104.64000293254853,-72.06438413466589,-72.06438413466589
104.65000293254852,-72.06534591611708,-72.06534591611708
104.66000293254852,-72.06624287710295,-72.06624287710295
104.67000293254853,-72.0670757237223,-72.0670757237223
104.68000293254852,-72.06784518659735,-72.06784518659735
104.69000293254852,-72.06855201881903,-72.06855201881903
104.70000293254853,-72.06919699394268,-72.06919699394268
104.71000293254852,-72.06978090416271,-72.06978090416271
104.72000293254852,-72.07030455852748,-72.07030455852748
104.73000293254853,-72.0707687812515,-72.0707687812515
104.74000293254852,-72.07117441015913,-72.07117441015913
104.75000293254853,-72.07152229513945,-72.07152229513945
104.76000293254852,-72.07181329675652,-72.07181329675652
104.77000293254852,-72.0720482848767,-72.0720482848767
104.78000293254853,-72.07222813742375,-72.07222813742375
104.79000293254852,-72.07235373915084,-72.07235373915084
104.80000293254852,-72.07242598052328,-72.07242598052328
104.81000293254853,-72.07244575663935,-72.07244575663935
104.82000293254852,-72.07241396624248,-72.07241396624248
104.83000293254852,-72.07233151075803,-72.07233151075803
104.84000293254853,-72.07219929341422,-72.07219929341422
104.85000293254852,-72.07201821840842,-72.07201821840842
104.86000293254853,-72.07178919011837,-72.07178919011837
104.87000293254852,-72.07151311235148,-72.07151311235148
104.88000293254852,-72.07119088768567,-72.07119088768567
104.89000293254853,-72.07082341682448,-72.07082341682448
104.90000293254852,-72.07041159798315,-72.07041159798315
104.91000293254852,-72.06995632632258,-72.06995632632258
104.92000293254853,-72.069458493434,-72.069458493434
104.93000293254852,-72.06891898685477,-72.06891898685477
104.94000293254852,-72.06833868960412,-72.06833868960412
104.95000293254853,-72.06771847977461,-72.06771847977461
104.96000293254852,-72.06705923013452,-72.06705923013452
104.97000293254852,-72.06636180776715,-72.06636180776715
104.98000293254853,-72.06562707372242,-72.06562707372242
104.99000293254852,-72.0648558827373,-72.0648558827373
105.00000293254853,-72.06404908292286,-72.06404908292286
105.01000293254852,-72.06320751552232,-72.06320751552232
105.02000293254852,-72.06233201465253,-72.06233201465253
105.03000293254853,-72.06142340709921,-72.06142340709921
105.04000293254852,-72.06048251211091,-72.06048251211091
105.05000293254852,-72.05951014122732,-72.05951014122732
105.06000293254853,-72.05850709809334,-72.05850709809334
105.07000293254852,-72.05747417832993,-72.05747417832993
105.08000293254852,-72.05641216939338,-72.05641216939338
105.09000293254853,-72.05532185044468,-72.05532185044468
105.10000293254852,-72.05420399228086,-72.05420399228086
105.11000293254853,-72.05305935720112,-72.05305935720112
105.12000293254852,-72.05188869894961,-72.05188869894961
105.13000293254852,-72.05069276263,-72.05069276263
105.14000293254853,-72.04947228466665,-72.04947228466665
105.15000293254852,-72.04822799275446,-72.04822799275446
105.16000293254852,-72.0469606058016,-72.0469606058016
105.17000293254853,-72.04567083390508,-72.04567083390508
105.18000293254852,-72.04435937835125,-72.04435937835125
105.19000293254852,-72.0430269315749,-72.0430269315749
105.20000293254853,-72.04167417714967,-72.04167417714967
105.21000293254852,-72.0403017898234,-72.0403017898234
105.22000293254852,-72.03891043548971,-72.03891043548971
105.23000293254853,-72.03750077120371,-72.03750077120371
105.24000293254852,-72.03607344522543,-72.03607344522543
105.25000293254853,-72.03462909701767,-72.03462909701767
105.26000293254852,-72.03316835729107,-72.03316835729107
105.27000293254852,-72.03169184801895,-72.03169184801895
105.28000293254853,-72.03020018249299,-72.03020018249299
105.29000293254852,-72.02869396535066,-72.02869396535066
105.30000293254852,-72.02717379262117,-72.02717379262117
105.31000293254853,-72.0256402517893,-72.0256402517893
105.32000293254852,-72.0240939218332,-72.0240939218332
105.33000293254852,-72.02253537327373,-72.02253537327373
105.34000293254853,-72.02096516825519,-72.02096516825519
105.35000293254852,-72.01938386058183,-72.01938386058183
105.36000293254853,-72.01779199579043,-72.01779199579043
105.37000293254852,-72.01619011121,-72.01619011121
105.38000293254852,-72.0145787360195,-72.0145787360195
105.39000293254853,-72.01295839136313,-72.01295839136313
105.40000295639038,-72.01132958645654,-72.01132958645654
105.41000295639039,-72.00969283424982,-72.00969283424982
105.42000295639038,-72.0080486282173,-72.0080486282173
105.43000295639038,-72.00639745791467,-72.00639745791467
105.44000295639039,-72.0047398051897,-72.0047398051897
105.45000295639038,-72.00307614425502,-72.00307614425502
105.46000295639038,-72.0014069417793,-72.0014069417793
105.47000295639037,-71.9997326569365,-71.9997326569365
105.48000295639038,-71.99805374153193,-71.99805374153193
105.49000295639038,-71.9963706400313,-71.9963706400313
105.50000295639038,-71.9946837896699,-71.9946837896699
105.51000295639038,-71.9929936205271,-71.9929936205271
105.52000295639039,-71.99130055558814,-71.99130055558814
105.53000295639038,-71.98960501086094,-71.98960501086094
105.54000295639038,-71.98790739542837,-71.98790739542837
105.55000295639039,-71.98620811152865,-71.98620811152865
105.56000295639038,-71.98450755466548,-71.98450755466548
105.57000295639038,-71.98280611365352,-71.98280611365352
105.58000295639039,-71.98110417071518,-71.98110417071518
105.59000295639038,-71.97940210157037,-71.97940210157037
105.60000295639038,-71.97770027549096,-71.97770027549096
105.61000295639037,-71.97599905541605,-71.97599905541605
105.62000295639038,-71.97429879799935,-71.97429879799935
105.63000295639038,-71.97259985370901,-71.97259985370901
105.64000295639038,-71.97090256690728,-71.97090256690728
105.65000295639038,-71.96920727590732,-71.96920727590732
105.66000295639039,-71.96751431308893,-71.96751431308893
105.67000295639038,-71.96582400493983,-71.96582400493983
105.68000295639038,-71.96413667216412,-71.96413667216412
105.69000295639039,-71.96245262973154,-71.96245262973154
105.70000295639038,-71.96077218698983,-71.96077218698983
105.71000295639038,-71.95908937485189,-71.95908937485189
105.72000295639037,-71.95740175043838,-71.95740175043838
105.73000295639038,-71.95570827735807,-71.95570827735807
105.74000295639038,-71.95400856753473,-71.95400856753473
105.75000295639038,-71.95230259182038,-71.95230259182038
105.76000295639038,-71.95059052970879,-71.95059052970879
105.77000295639039,-71.94887268114971,-71.94887268114971
105.78000295639038,-71.94714941362022,-71.94714941362022
105.79000295639038,-71.94542113030074,-71.94542113030074
105.80000295639039,-71.94368825097837,-71.94368825097837
105.81000295639038,-71.94195120072125,-71.94195120072125
105.82000295639038,-71.94021040326176,-71.94021040326176
105.83000295639039,-71.93846627718818,-71.93846627718818
105.84000295639038,-71.93671923394817,-71.93671923394817
105.85000295639038,-71.93496967686059,-71.93496967686059
105.86000295639037,-71.93321800077923,-71.93321800077923
105.87000295639038,-71.9314645920731,-71.9314645920731
105.88000295639038,-71.9297098288812,-71.9297098288812
105.89000295639038,-71.9279540813926,-71.9279540813926
105.90000295639038,-71.92619771223404,-71.92619771223404
105.91000295639039,-71.92444107680649,-71.92444107680649
105.92000295639038,-71.92268452364989,-71.92268452364989
105.93000295639038,-71.92092839476192,-71.92092839476192
105.94000295639039,-71.91917302590039,-71.91917302590039
105.95000295639038,-71.91741874683727,-71.91741874683727
105.96000295639038,-71.91566588161977,-71.91566588161977
105.97000295639037,-71.91391474874915,-71.91391474874915
105.98000295639038,-71.91216566139886,-71.91216566139886
105.99000295639038,-71.91041892756532,-71.91041892756532
106.00000295639038,-71.9086748502167,-71.9086748502167
106.01000295639038,-71.90693372741941,-71.90693372741941
106.02000295639039,-71.90519585247245,-71.90519585247245
106.03000295639038,-71.90346151398971,-71.90346151398971
106.04000295639038,-71.90173099599676,-71.90173099599676
106.05000295639039,-71.90000457802606,-71.90000457802606
106.06000295639038,-71.89828253518408,-71.89828253518408
106.07000295639038,-71.89656513823407,-71.89656513823407
106.08000295639039,-71.89485265365413,-71.89485265365413
106.09000295639038,-71.89314534367632,-71.89314534367632
106.10000295639038,-71.8914434663733,-71.8914434663733
106.11000295639037,-71.88974727570066,-71.88974727570066
106.12000295639038,-71.8880570215473,-71.8880570215473
106.13000295639038,-71.8863729497741,-71.8863729497741
106.14000295639038,-71.88469530227226,-71.88469530227226
106.15000295639038,-71.88302431699678,-71.88302431699678
106.16000295639039,-71.88136022801687,-71.88136022801687
106.17000295639038,-71.87970326554465,-71.87970326554465
106.18000295639038,-71.87805365599529,-71.87805365599529
106.19000295639039,-71.87641162200694,-71.87641162200694
106.20000295639038,-71.87477738249139,-71.87477738249139
106.21000295639038,-71.87315115267197,-71.87315115267197
106.22000295639037,-71.87153314410654,-71.87153314410654
106.23000295639038,-71.86992356474315,-71.86992356474315
106.24000295639038,-71.86832261895161,-71.86832261895161
106.25000298023224,-71.86673050377634,-71.86673050377634
106.26000298023224,-71.86514742412545,-71.86514742412545
106.27000298023223,-71.86357357003999,-71.86357357003999
106.28000298023224,-71.86200913193075,-71.86200913193075
106.29000298023225,-71.86045429681475,-71.86045429681475
106.30000298023224,-71.85890924835454,-71.85890924835454
106.31000298023224,-71.85737416686972,-71.85737416686972
106.32000298023223,-71.85584922940629,-71.85584922940629
106.33000298023224,-71.85433460974562,-71.85433460974562
106.34000298023224,-71.85283047845881,-71.85283047845881
106.35000298023223,-71.8513370029277,-71.8513370029277
106.36000298023224,-71.84985434738603,-71.84985434738603
106.37000298023224,-71.84838267296102,-71.84838267296102
106.38000298023223,-71.84692213769672,-71.84692213769672
106.39000298023224,-71.84547289659868,-71.84547289659868
106.40000298023224,-71.84403510167311,-71.84403510167311
106.41000298023224,-71.8426089019508,-71.8426089019508
106.42000298023224,-71.8411944435175,-71.8411944435175
106.43000298023225,-71.8397918695729,-71.8397918695729
106.44000298023224,-71.83840132043746,-71.83840132043746
106.45000298023224,-71.83702293360393,-71.83702293360393
106.46000298023223,-71.83565684376441,-71.83565684376441
106.47000298023224,-71.83430318285627,-71.83430318285627
106.48000298023224,-71.83296208008544,-71.83296208008544
106.49000298023223,-71.83163366194836,-71.83163366194836
106.50000298023224,-71.83031805229817,-71.83031805229817
106.51000298023224,-71.82901537235044,-71.82901537235044
106.52000298023223,-71.82772574072055,-71.82772574072055
106.53000298023224,-71.82644927347206,-71.82644927347206
106.54000298023225,-71.82518608413474,-71.82518608413474
106.55000298023224,-71.82393628374375,-71.82393628374375
106.56000298023224,-71.82269998087341,-71.82269998087341
106.57000298023223,-71.82147728166304,-71.82147728166304
106.58000298023224,-71.82026828984758,-71.82026828984758
106.59000298023224,-71.81907310680192,-71.81907310680192
106.60000298023223,-71.81789183156486,-71.81789183156486
106.61000298023224,-71.81672456086665,-71.81672456086665
106.62000298023224,-71.81557138916523,-71.81557138916523
106.63000298023223,-71.8144324086733,-71.8144324086733
106.64000298023224,-71.81330770939239,-71.81330770939239
106.65000298023224,-71.81219737914981,-71.81219737914981
106.66000298023224,-71.81110150360668,-71.81110150360668
106.67000298023224,-71.81002016630657,-71.81002016630657
106.68000298023225,-71.8089534486999,-71.8089534486999
106.69000298023224,-71.8079014301795,-71.8079014301795
106.70000298023224,-71.8068641880948,-71.8068641880948
106.71000298023223,-71.80583553830336,-71.80583553830336
106.72000298023224,-71.80481281896157,-71.80481281896157
106.73000298023224,-71.80379477521092,-71.80379477521092
106.74000298023223,-71.80278080254136,-71.80278080254136
106.75000298023224,-71.8017706579199,-71.8017706579199
106.76000298023224,-71.80076430975197,-71.80076430975197
106.77000298023223,-71.79976184985215,-71.79976184985215
106.78000298023224,-71.79876344053545,-71.79876344053545
106.79000298023225,-71.7977692828263,-71.7977692828263
106.80000298023224,-71.79677959735237,-71.79677959735237
106.81000298023224,-71.79579461301289,-71.79579461301289
106.82000298023223,-71.79481456032306,-71.79481456032306
106.83000298023224,-71.79383966758692,-71.79383966758692
106.84000298023224,-71.79287015887544,-71.79287015887544
106.85000298023223,-71.7919062529985,-71.7919062529985
106.86000298023224,-71.79094816311584,-71.79094816311584
106.87000298023224,-71.789996096729,-71.789996096729
106.88000298023223,-71.78905025584518,-71.78905025584518
106.89000298023224,-71.78811083727437,-71.78811083727437
106.90000298023224,-71.7871780329217,-71.7871780329217
106.91000298023224,-71.78625203015982,-71.78625203015982
106.92000298023224,-71.78533301209319,-71.78533301209319
106.93000298023225,-71.78442115788935,-71.78442115788935
106.94000298023224,-71.78351664300514,-71.78351664300514
106.95000298023224,-71.78261963944817,-71.78261963944817
106.96000298023223,-71.78173031594704,-71.78173031594704
106.97000298023224,-71.78084883816986,-71.78084883816986
106.98000298023224,-71.77997536884855,-71.77997536884855
106.99000298023223,-71.77911006790526,-71.77911006790526
107.00000298023224,-71.77825309259404,-71.77825309259404
107.01000298023224,-71.77740459757452,-71.77740459757452
107.02000298023223,-71.77656473501295,-71.77656473501295
107.03000298023224,-71.7757336546248,-71.7757336546248
107.04000298023225,-71.77491150376635,-71.77491150376635
107.05000298023224,-71.77409842747937,-71.77409842747937
107.06000298023224,-71.77329456852203,-71.77329456852203
107.07000298023223,-71.77250006741501,-71.77250006741501
107.08000298023224,-71.77171506248577,-71.77171506248577
107.09000298023224,-71.7709396898882,-71.7709396898882
107.1000030040741,-71.77017408181034,-71.77017408181034
107.1100030040741,-71.7694183737981,-71.7694183737981
107.12000300407409,-71.76867269378701,-71.76867269378701
107.1300030040741,-71.76793716947648,-71.76793716947648
107.1400030040741,-71.76721192649285,-71.76721192649285
107.1500030040741,-71.76649708840377,-71.76649708840377
107.1600030040741,-71.76579277673963,-71.76579277673963
107.17000300407409,-71.76509911102005,-71.76509911102005
107.1800030040741,-71.76441620873625,-71.76441620873625
107.1900030040741,-71.76374418537522,-71.76374418537522
107.20000300407409,-71.76308315445327,-71.76308315445327
107.2100030040741,-71.76243322749853,-71.76243322749853
107.2200030040741,-71.76179451406868,-71.76179451406868
107.23000300407409,-71.76116712177507,-71.76116712177507
107.2400030040741,-71.76055115628365,-71.76055115628365
107.2500030040741,-71.7599467213359,-71.7599467213359
107.2600030040741,-71.7593539187452,-71.7593539187452
107.2700030040741,-71.75877284842731,-71.75877284842731
107.2800030040741,-71.75820360839624,-71.75820360839624
107.2900030040741,-71.75764629479144,-71.75764629479144
107.3000030040741,-71.75710100187992,-71.75710100187992
107.31000300407409,-71.75656782207398,-71.75656782207398
107.3200030040741,-71.75604684593853,-71.75604684593853
107.3300030040741,-71.75553816220933,-71.75553816220933
107.34000300407409,-71.75504185780873,-71.75504185780873
107.3500030040741,-71.75455801785428,-71.75455801785428
107.3600030040741,-71.75408672568108,-71.75408672568108
107.37000300407409,-71.7536280628451,-71.7536280628451
107.3800030040741,-71.7531821091435,-71.7531821091435
107.3900030040741,-71.75274894262812,-71.75274894262812
107.4000030040741,-71.7523286396222,-71.7523286396222
107.4100030040741,-71.75192127473828,-71.75192127473828
107.42000300407409,-71.75152692088582,-71.75152692088582
107.4300030040741,-71.75114564928111,-71.75114564928111
107.4400030040741,-71.75077752948206,-71.75077752948206
107.45000300407409,-71.7504226294037,-71.7504226294037
107.4600030040741,-71.75008101529562,-71.75008101529562
107.4700030040741,-71.74975275182933,-71.74975275182933
107.48000300407409,-71.74943790203507,-71.74943790203507
107.4900030040741,-71.74913652736811,-71.74913652736811
107.5000030040741,-71.74884868771635,-71.74884868771635
107.5100030040741,-71.7485744414016,-71.7485744414016
107.5200030040741,-71.7483138452139,-71.7483138452139
107.5300030040741,-71.74806695442311,-71.74806695442311
107.5400030040741,-71.74783382279293,-71.74783382279293
107.5500030040741,-71.74761450259,-71.74761450259
107.56000300407409,-71.74740904462239,-71.74740904462239
107.5700030040741,-71.74721749823384,-71.74721749823384
107.5800030040741,-71.74703991131854,-71.74703991131854
107.59000300407409,-71.74687633036989,-71.74687633036989
107.6000030040741,-71.74672680046133,-71.74672680046133
107.6100030040741,-71.74659136528182,-71.74659136528182
107.62000300407409,-71.74647006714416,-71.74647006714416
107.6300030040741,-71.74636294700592,-71.74636294700592
107.6400030040741,-71.74627004449442,-71.74627004449442
107.6500030040741,-71.74619139790556,-71.74619139790556
107.6600030040741,-71.74612704423105,-71.74612704423105
107.67000300407409,-71.74607701917203,-71.74607701917203
107.6800030040741,-71.74604135714968,-71.74604135714968
107.6900030040741,-71.74602009133922,-71.74602009133922
107.70000300407409,-71.74601325367728,-71.74601325367728
107.7100030040741,-71.7460208748588,-71.7460208748588
107.7200030040741,-71.74604298437836,-71.74604298437836
107.73000300407409,-71.74607961054566,-71.74607961054566
107.7400030040741,-71.74613078047767,-71.74613078047767
107.7500030040741,-71.74619652015103,-71.74619652015103
107.7600030040741,-71.74627685436529,-71.74627685436529
107.7700030040741,-71.74637180682176,-71.74637180682176
107.7800030040741,-71.74648140008483,-71.74648140008483
107.7900030040741,-71.7466056556267,-71.7466056556267
107.8000030040741,-71.74674459384298,-71.74674459384298
107.81000300407409,-71.74689823405248,-71.74689823405248
107.8200030040741,-71.74706659451435,-71.74706659451435
107.8300030040741,-71.74724969245185,-71.74724969245185
107.84000300407409,-71.74744754406977,-71.74744754406977
107.8500030040741,-71.74766016455368,-71.74766016455368
107.8600030040741,-71.74788756810685,-71.74788756810685
107.87000300407409,-71.74812976793645,-71.74812976793645
107.8800030040741,-71.74838677628766,-71.74838677628766
107.8900030040741,-71.74865860445054,-71.74865860445054
107.9000030040741,-71.74894526277957,-71.74894526277957
107.9100030040741,-71.74924676070783,-71.74924676070783
107.92000300407409,-71.74956310674229,-71.74956310674229
107.9300030040741,-71.74989430850555,-71.74989430850555
107.9400030040741,-71.7502403727281,-71.7502403727281
107.95000302791595,-71.75060130613707,-71.75060130613707
107.96000302791596,-71.75097085630249,-71.75097085630249
107.97000302791595,-71.75134629307429,-71.75134629307429
107.98000302791596,-71.75172629205788,-71.75172629205788
107.99000302791596,-71.7521101796089,-71.7521101796089
108.00000302791595,-71.7524976442878,-71.7524976442878
108.01000302791596,-71.7528885869589,-71.7528885869589
108.02000302791595,-71.75328303286514,-71.75328303286514
108.03000302791595,-71.75368107879623,-71.75368107879623
108.04000302791596,-71.75408286131338,-71.75408286131338
108.05000302791595,-71.75448853767979,-71.75448853767979
108.06000302791595,-71.75489827450312,-71.75489827450312
108.07000302791596,-71.75531224108438,-71.75531224108438
108.08000302791595,-71.75573060560333,-71.75573060560333
108.09000302791596,-71.75615353305442,-71.75615353305442
108.10000302791596,-71.75658118421443,-71.75658118421443
108.11000302791595,-71.75701371523405,-71.75701371523405
108.12000302791596,-71.75745127761873,-71.75745127761873
108.13000302791596,-71.75789401837903,-71.75789401837903
108.14000302791595,-71.75834208029806,-71.75834208029806
108.15000302791596,-71.75879560224163,-71.75879560224163
108.16000302791595,-71.7592547194542,-71.7592547194542
108.17000302791595,-71.75971956386742,-71.75971956386742
108.18000302791596,-71.76019026437517,-71.76019026437517
108.19000302791595,-71.7606669470837,-71.7606669470837
108.20000302791595,-71.76114973552107,-71.76114973552107
108.21000302791596,-71.76163249438623,-71.76163249438623
108.22000302791595,-71.76211260705789,-71.76211260705789
108.23000302791596,-71.76258886241781,-71.76258886241781
108.24000302791596,-71.7630606989975,-71.7630606989975
108.25000302791595,-71.76352791653662,-71.76352791653662
108.26000302791596,-71.76399052613284,-71.76399052613284
108.27000302791595,-71.76444866238687,-71.76444866238687
108.28000302791595,-71.76490253062205,-71.76490253062205
108.29000302791596,-71.76535237513434,-71.76535237513434
108.30000302791595,-71.76579846016787,-71.76579846016787
108.31000302791595,-71.76624105856823,-71.76624105856823
108.32000302791596,-71.7666804451398,-71.7666804451398
108.33000302791595,-71.7671168928491,-71.7671168928491
108.34000302791596,-71.76755067075912,-71.76755067075912
108.35000302791596,-71.76798204299327,-71.76798204299327
108.36000302791595,-71.76841126835056,-71.76841126835056
108.37000302791596,-71.76883860025666,-71.76883860025666
108.38000302791596,-71.76926428691407,-71.76926428691407
108.39000302791595,-71.76968857155906,-71.76968857155906
108.40000302791596,-71.77011169277914,-71.77011169277914
108.41000302791595,-71.77053388479014,-71.77053388479014
108.42000302791595,-71.7709553777298,-71.7709553777298
108.43000302791596,-71.77137639794404,-71.77137639794404
108.44000302791595,-71.77179716820093,-71.77179716820093
108.45000302791595,-71.77221790791529,-71.77221790791529
108.46000302791596,-71.7726388333103,-71.7726388333103
108.47000302791595,-71.77306015760067,-71.77306015760067
108.48000302791596,-71.77348209109728,-71.77348209109728
108.49000302791596,-71.77390484133699,-71.77390484133699
108.50000302791595,-71.77432861315546,-71.77432861315546
108.51000302791596,-71.77475360879247,-71.77475360879247
108.52000302791595,-71.77518002793241,-71.77518002793241
108.53000302791595,-71.77560806776265,-71.77560806776265
108.54000302791596,-71.77603792302854,-71.77603792302854
108.55000302791595,-71.77646978606484,-71.77646978606484
108.56000302791595,-71.7769038468074,-71.7769038468074
108.57000302791596,-71.77734029285173,-71.77734029285173
108.58000302791595,-71.77777930942545,-71.77777930942545
108.59000302791596,-71.77822107945306,-71.77822107945306
108.60000302791596,-71.77866578353941,-71.77866578353941
108.61000302791595,-71.7791135999858,-71.7791135999858
108.62000302791596,-71.77956470479616,-71.77956470479616
108.63000302791596,-71.78001927168891,-71.78001927168891
108.64000302791595,-71.78047747211289,-71.78047747211289
108.65000302791596,-71.78093947521529,-71.78093947521529
108.66000302791595,-71.78140544789616,-71.78140544789616
108.67000302791595,-71.78187555477943,-71.78187555477943
108.68000302791596,-71.78234995822716,-71.78234995822716
108.69000302791595,-71.78282881834808,-71.78282881834808
108.70000302791595,-71.78331229298772,-71.78331229298772
108.71000302791596,-71.78380053775484,-71.78380053775484
108.72000302791595,-71.78429370601553,-71.78429370601553
108.73000302791596,-71.78479194888331,-71.78479194888331
108.74000302791596,-71.78529541526889,-71.78529541526889
108.75000302791595,-71.78580425182703,-71.78580425182703
108.76000302791596,-71.78631860302465,-71.78631860302465
108.77000302791595,-71.78683861109606,-71.78683861109606
108.78000302791595,-71.78736441608916,-71.78736441608916
108.79000302791596,-71.78789615586012,-71.78789615586012
108.80000305175781,-71.7884339673619,-71.7884339673619
108.81000305175782,-71.78897798154816,-71.78897798154816
108.82000305175781,-71.78952833101162,-71.78952833101162
108.83000305175781,-71.79008514494629,-71.79008514494629
108.84000305175782,-71.79064855040187,-71.79064855040187
108.85000305175781,-71.79121867229415,-71.79121867229415
108.86000305175781,-71.79179563343394,-71.79179563343394
108.8700030517578,-71.79237955454148,-71.79237955454148
108.88000305175781,-71.7929705542193,-71.7929705542193
108.89000305175782,-71.79356874901487,-71.79356874901487
108.9000030517578,-71.79417425342085,-71.79417425342085
108.91000305175781,-71.79478717988337,-71.79478717988337
108.92000305175782,-71.79540763881282,-71.79540763881282
108.93000305175781,-71.79603573861142,-71.79603573861142
108.94000305175781,-71.79667158568365,-71.79667158568365
108.95000305175782,-71.79731528445997,-71.79731528445997
108.96000305175781,-71.79796693739775,-71.79796693739775
108.97000305175781,-71.79862664500553,-71.79862664500553
108.98000305175782,-71.79929450586715,-71.79929450586715
108.99000305175781,-71.79997061665318,-71.79997061665318
109.00000305175782,-71.80065507213047,-71.80065507213047
109.0100030517578,-71.8013479652008,-71.8013479652008
109.02000305175781,-71.80204938689072,-71.80204938689072
109.03000305175782,-71.80275942639724,-71.80275942639724
109.04000305175781,-71.8034781710878,-71.8034781710878
109.05000305175781,-71.80420570651933,-71.80420570651933
109.06000305175782,-71.80494211646625,-71.80494211646625
109.07000305175781,-71.80568748294544,-71.80568748294544
109.08000305175781,-71.80644188620502,-71.80644188620502
109.09000305175782,-71.80720540476779,-71.80720540476779
109.10000305175781,-71.80797811545524,-71.80797811545524
109.11000305175781,-71.80876009337682,-71.80876009337682
109.1200030517578,-71.80955141198172,-71.80955141198172
109.13000305175781,-71.81035214306078,-71.81035214306078
109.14000305175782,-71.81116235675633,-71.81116235675633
109.1500030517578,-71.81198212161308,-71.81198212161308
109.16000305175781,-71.8128115045627,-71.8128115045627
109.17000305175782,-71.81365057094918,-71.81365057094918
109.18000305175781,-71.81449938456942,-71.81449938456942
109.19000305175781,-71.81535800767152,-71.81535800767152
109.20000305175782,-71.81622650097975,-71.81622650097975
109.21000305175781,-71.81709866319156,-71.81709866319156
109.22000305175781,-71.81797181441924,-71.81797181441924
109.23000305175782,-71.81884468157926,-71.81884468157926
109.24000305175781,-71.81971664205074,-71.81971664205074
109.25000305175782,-71.8205874349846,-71.8205874349846
109.2600030517578,-71.82145701133705,-71.82145701133705
109.27000305175781,-71.82232544592082,-71.82232544592082
109.28000305175782,-71.8231928845678,-71.8231928845678
109.29000305175781,-71.82405951234584,-71.82405951234584
109.30000305175781,-71.8249255344936,-71.8249255344936
109.31000305175782,-71.8257911650645,-71.8257911650645
109.32000305175781,-71.82665662028747,-71.82665662028747
109.33000305175781,-71.82752211473529,-71.82752211473529
109.34000305175782,-71.82838785928249,-71.82838785928249
109.35000305175781,-71.82925406006018,-71.82925406006018
109.36000305175781,-71.83012091807257,-71.83012091807257
109.3700030517578,-71.83098862915764,-71.83098862915764
109.38000305175781,-71.83185738415783,-71.83185738415783
109.39000305175782,-71.83272736917233,-71.83272736917233
109.4000030517578,-71.83359876589691,-71.83359876589691
109.41000305175781,-71.83447175189377,-71.83447175189377
109.42000305175782,-71.83534650093956,-71.83534650093956
109.43000305175781,-71.83622318328524,-71.83622318328524
109.44000305175781,-71.83710196588841,-71.83710196588841
109.45000305175782,-71.83798301266607,-71.83798301266607
109.46000305175781,-71.83886648467016,-71.83886648467016
109.47000305175781,-71.83975254026302,-71.83975254026302
109.48000305175782,-71.84064133525881,-71.84064133525881
109.49000305175781,-71.84153302304917,-71.84153302304917
109.50000305175782,-71.84242775469845,-71.84242775469845
109.5100030517578,-71.84332567905484,-71.84332567905484
109.52000305175781,-71.84422694279797,-71.84422694279797
109.53000305175782,-71.84513169053065,-71.84513169053065
109.54000305175781,-71.8460400648198,-71.8460400648198
109.55000305175781,-71.84695220622162,-71.84695220622162
109.56000305175782,-71.84786825336586,-71.84786825336586
109.57000305175781,-71.84878834296121,-71.84878834296121
109.58000305175781,-71.84971260980336,-71.84971260980336
109.59000305175782,-71.85064118684069,-71.85064118684069
109.60000305175781,-71.85157420516128,-71.85157420516128
109.61000305175781,-71.85251179403042,-71.85251179403042
109.6200030517578,-71.85345408089874,-71.85345408089874
109.63000305175781,-71.85440119140264,-71.85440119140264
109.64000305175782,-71.85535324938748,-71.85535324938748
109.65000307559967,-71.85631037919816,-71.85631037919816
109.66000307559968,-71.85727269658626,-71.85727269658626
109.67000307559967,-71.85824032234007,-71.85824032234007
109.68000307559967,-71.85921337321909,-71.85921337321909
109.69000307559968,-71.86019196424748,-71.86019196424748
109.70000307559967,-71.86117620869935,-71.86117620869935
109.71000307559967,-71.8621662181168,-71.8621662181168
109.72000307559966,-71.8631621023072,-71.8631621023072
109.73000307559967,-71.86416396935797,-71.86416396935797
109.74000307559967,-71.86517192564824,-71.86517192564824
109.75000307559966,-71.8661860758319,-71.8661860758319
109.76000307559967,-71.8672065228884,-71.8672065228884
109.77000307559967,-71.86823336808564,-71.86823336808564
109.78000307559967,-71.86926671102415,-71.86926671102415
109.79000307559967,-71.87030664961264,-71.87030664961264
109.80000307559968,-71.8713532801029,-71.8713532801029
109.81000307559967,-71.87240669709048,-71.87240669709048
109.82000307559967,-71.87346699351882,-71.87346699351882
109.83000307559968,-71.8745342606899,-71.8745342606899
109.84000307559967,-71.87560858828986,-71.87560858828986
109.85000307559967,-71.87669006437683,-71.87669006437683
109.86000307559966,-71.87777877540216,-71.87777877540216
109.87000307559967,-71.87887480622149,-71.87887480622149
109.88000307559967,-71.8799782401063,-71.8799782401063
109.89000307559967,-71.88108915874906,-71.88108915874906
109.90000307559967,-71.88220764227843,-71.88220764227843
109.91000307559968,-71.88333376928118,-71.88333376928118
109.92000307559967,-71.88446761679468,-71.88446761679468
109.93000307559967,-71.8856092603418,-71.8856092603418
109.94000307559968,-71.88675877391782,-71.88675877391782
109.95000307559967,-71.88791623001832,-71.88791623001832
109.96000307559967,-71.88908169966446,-71.88908169966446
109.97000307559966,-71.89025525238489,-71.89025525238489
109.98000307559967,-71.8914369562656,-71.8914369562656
109.99000307559967,-71.8926268779198,-71.8926268779198
110.00000307559966,-71.89382508254634,-71.89382508254634
110.01000307559967,-71.89503163391093,-71.89503163391093
110.02000307559967,-71.8962465943822,-71.8962465943822
110.03000307559967,-71.89747002492459,-71.89747002492459
110.04000307559967,-71.89870198512467,-71.89870198512467
110.05000307559968,-71.89994253321039,-71.89994253321039
110.06000307559967,-71.90119172605921,-71.90119172605921
110.07000307559967,-71.90244961919583,-71.90244961919583
110.08000307559968,-71.90371626684549,-71.90371626684549
110.09000307559967,-71.90499172190697,-71.90499172190697
110.10000307559967,-71.90627603599559,-71.90627603599559
110.11000307559966,-71.90756925943276,-71.90756925943276
110.12000307559967,-71.90887144129067,-71.90887144129067
110.13000307559967,-71.9101826293816,-71.9101826293816
110.14000307559967,-71.91150287028684,-71.91150287028684
110.15000307559967,-71.91283220935728,-71.91283220935728
110.16000307559968,-71.91417069074589,-71.91417069074589
110.17000307559967,-71.91551835740744,-71.91551835740744
110.18000307559967,-71.91687525111746,-71.91687525111746
110.19000307559968,-71.9182414124815,-71.9182414124815
110.20000307559967,-71.91961688097192,-71.91961688097192
110.21000307559967,-71.9210016949069,-71.9210016949069
110.22000307559966,-71.9223958914933,-71.9223958914933
110.23000307559967,-71.92379950682164,-71.92379950682164
110.24000307559967,-71.92521257589411,-71.92521257589411
110.25000307559966,-71.92663513263663,-71.92663513263663
110.26000307559967,-71.92806720989641,-71.92806720989641
110.27000307559967,-71.92950883948238,-71.92950883948238
110.28000307559967,-71.9309600521552,-71.9309600521552
110.29000307559967,-71.93242087765483,-71.93242087765483
110.30000307559968,-71.93389134470706,-71.93389134470706
110.31000307559967,-71.93537148105308,-71.93537148105308
110.32000307559967,-71.93686131342503,-71.93686131342503
110.33000307559968,-71.93836086760787,-71.93836086760787
110.34000307559967,-71.93987016841746,-71.93987016841746
110.35000307559967,-71.94138923972915,-71.94138923972915
110.36000307559966,-71.94291810448122,-71.94291810448122
110.37000307559967,-71.94445678470007,-71.94445678470007
110.38000307559967,-71.94600530150437,-71.94600530150437
110.39000307559967,-71.94756367511485,-71.94756367511485
110.40000307559967,-71.94913192487473,-71.94913192487473
110.41000307559968,-71.95071006925967,-71.95071006925967
110.42000307559967,-71.95229812588623,-71.95229812588623
110.43000307559967,-71.95389611153762,-71.95389611153762
110.44000307559968,-71.95550404215903,-71.95550404215903
110.45000307559967,-71.95712193286411,-71.95712193286411
110.46000307559967,-71.95874979798353,-71.95874979798353
110.47000307559966,-71.9603876510378,-71.9603876510378
110.48000307559967,-71.96203550476152,-71.96203550476152
110.49000307559967,-71.96369337112418,-71.96369337112418
110.50000309944153,-71.96536126530135,-71.96536126530135
110.51000309944153,-71.96703918984389,-71.96703918984389
110.52000309944152,-71.9687271583878,-71.9687271583878
110.53000309944153,-71.97042517994011,-71.97042517994011
110.54000309944153,-71.97213326276655,-71.97213326276655
110.55000309944153,-71.97385141444045,-71.97385141444045
110.56000309944153,-71.97557964183639,-71.97557964183639
110.57000309944152,-71.97731795113923,-71.97731795113923
110.58000309944153,-71.97906634786304,-71.97906634786304
110.59000309944153,-71.98082483686304,-71.98082483686304
110.60000309944152,-71.9825934223353,-71.9825934223353
110.61000309944153,-71.98437210783761,-71.98437210783761
110.62000309944153,-71.98616089628895,-71.98616089628895
110.63000309944152,-71.98795978999448,-71.98795978999448
110.64000309944153,-71.98976879062866,-71.98976879062866
110.65000309944153,-71.99158789927942,-71.99158789927942
110.66000309944152,-71.99341711644762,-71.99341711644762
110.67000309944153,-71.99525644202194,-71.99525644202194
110.68000309944154,-71.99710204403314,-71.99710204403314
110.69000309944153,-71.99894820150061,-71.99894820150061
110.70000309944153,-72.0007890801264,-72.0007890801264
110.71000309944152,-72.0026194004722,-72.0026194004722
110.72000309944153,-72.00443454991677,-72.00443454991677
110.73000309944153,-72.00623052055059,-72.00623052055059
110.74000309944152,-72.00800381753199,-72.00800381753199
110.75000309944153,-72.00975137773861,-72.00975137773861
110.76000309944153,-72.01147050443548,-72.01147050443548
110.77000309944152,-72.01315881560753,-72.01315881560753
110.78000309944153,-72.01481420256388,-72.01481420256388
110.79000309944153,-72.01643479611816,-72.01643479611816
110.80000309944153,-72.01801893853946,-72.01801893853946
110.81000309944153,-72.01956515987989,-72.01956515987989
110.82000309944152,-72.02107215790029,-72.02107215790029
110.83000309944153,-72.02253878075858,-72.02253878075858
110.84000309944153,-72.0239640121893,-72.0239640121893
110.85000309944152,-72.02534695853116,-72.02534695853116
110.86000309944153,-72.02668683749992,-72.02668683749992
110.87000309944153,-72.02798296831449,-72.02798296831449
110.88000309944152,-72.02923476300516,-72.02923476300516
110.89000309944153,-72.03044171873283,-72.03044171873283
110.90000309944153,-72.03160341098335,-72.03160341098335
110.91000309944152,-72.03271948747778,-72.03271948747778
110.92000309944153,-72.03378966269639,-72.03378966269639
110.93000309944154,-72.03481371298682,-72.03481371298682
110.94000309944153,-72.03579147209041,-72.03579147209041
110.95000309944153,-72.03672282710328,-72.03672282710328
110.96000309944152,-72.03760143343717,-72.03760143343717
110.97000309944153,-72.03842452560342,-72.03842452560342
110.98000309944153,-72.03919079409442,-72.03919079409442
110.99000309944152,-72.03989962410229,-72.03989962410229
111.00000309944153,-72.04055080329945,-72.04055080329945
111.01000309944153,-72.04114436890977,-72.04114436890977
111.02000309944152,-72.04168051712956,-72.04168051712956
111.03000309944153,-72.04215954792424,-72.04215954792424
111.04000309944153,-72.04258183109586,-72.04258183109586
111.05000309944153,-72.0429477852156,-72.0429477852156
111.06000309944153,-72.04325786442239,-72.04325786442239
111.07000309944152,-72.04351255002759,-72.04351255002759
111.08000309944153,-72.04371234511032,-72.04371234511032
111.09000309944153,-72.04385777088306,-72.04385777088306
111.10000309944152,-72.04394936430121,-72.04394936430121
111.11000309944153,-72.04398767625256,-72.04398767625256
111.12000309944153,-72.04397327029486,-72.04397327029486
111.13000309944152,-72.04390672158625,-72.04390672158625
111.14000309944153,-72.04378861602956,-72.04378861602956
111.15000309944153,-72.04361954949792,-72.04361954949792
111.16000309944152,-72.04340012712635,-72.04340012712635
111.17000309944153,-72.04313096265142,-72.04313096265142
111.18000309944154,-72.04281267776021,-72.04281267776021
111.19000309944153,-72.04244590147943,-72.04244590147943
111.20000309944153,-72.042031269574,-72.042031269574
111.21000309944152,-72.04156942394685,-72.04156942394685
111.22000309944153,-72.04106101207368,-72.04106101207368
111.23000309944153,-72.04050668643971,-72.04050668643971
111.24000309944152,-72.03990710399077,-72.03990710399077
111.25000309944153,-72.03926292559363,-72.03926292559363
111.26000309944153,-72.03857481554283,-72.03857481554283
111.27000309944152,-72.03784344105004,-72.03784344105004
111.28000309944153,-72.03706947176859,-72.03706947176859
111.29000309944153,-72.03625357932566,-72.03625357932566
111.30000309944153,-72.03539643690185,-72.03539643690185
111.31000309944153,-72.03449871876477,-72.03449871876477
111.32000309944152,-72.03356109990303,-72.03356109990303
111.33000309944153,-72.03258425561206,-72.03258425561206
111.34000309944153,-72.03156886113122,-72.03156886113122
111.35000312328339,-72.03051558876533,-72.03051558876533
111.36000312328339,-72.02942511752121,-72.02942511752121
111.37000312328338,-72.02829811797517,-72.02829811797517
111.38000312328339,-72.02713526173521,-72.02713526173521
111.39000312328339,-72.02593721874906,-72.02593721874906
111.40000312328338,-72.02470465699916,-72.02470465699916
111.41000312328339,-72.02343824228299,-72.02343824228299
111.42000312328338,-72.022138637923,-72.022138637923
111.43000312328338,-72.02080650454518,-72.02080650454518
111.44000312328339,-72.01944249987305,-72.01944249987305
111.45000312328338,-72.0180472785067,-72.0180472785067
111.46000312328339,-72.01662149172496,-72.01662149172496
111.47000312328339,-72.01516578730936,-72.01516578730936
111.48000312328338,-72.01368080934598,-72.01368080934598
111.49000312328339,-72.01216719809983,-72.01216719809983
111.50000312328339,-72.01062558982478,-72.01062558982478
111.51000312328338,-72.00905661664702,-72.00905661664702
111.52000312328339,-72.00746090640082,-72.00746090640082
111.5300031232834,-72.00583908254478,-72.00583908254478
111.54000312328338,-72.00419176400091,-72.00419176400091
111.55000312328339,-72.0025195650774,-72.0025195650774
111.56000312328338,-72.00082309534233,-72.00082309534233
111.57000312328339,-71.99910295954842,-71.99910295954842
111.58000312328339,-71.99735975754794,-71.99735975754794
111.59000312328338,-71.99559408420038,-71.99559408420038
111.60000312328339,-71.99380652929628,-71.99380652929628
111.61000312328339,-71.99199767751054,-71.99199767751054
111.62000312328338,-71.99016810832264,-71.99016810832264
111.63000312328339,-71.98831839596971,-71.98831839596971
111.64000312328339,-71.98644910939922,-71.98644910939922
111.65000312328338,-71.98456081220061,-71.98456081220061
111.66000312328339,-71.98265406259951,-71.98265406259951
111.67000312328338,-71.98072941339882,-71.98072941339882
111.68000312328338,-71.97878741194927,-71.97878741194927
111.69000312328339,-71.97682860014461,-71.97682860014461
111.70000312328338,-71.9748535143614,-71.9748535143614
111.71000312328339,-71.97285641055758,-71.97285641055758
111.72000312328339,-71.97083506946637,-71.97083506946637
111.73000312328338,-71.9687886792448,-71.9687886792448
111.74000312328339,-71.96671707767476,-71.96671707767476
111.75000312328339,-71.96462046248075,-71.96462046248075
111.76000312328338,-71.96249924063446,-71.96249924063446
111.77000312328339,-71.96035393983432,-71.96035393983432
111.7800031232834,-71.95818515527019,-71.95818515527019
111.79000312328338,-71.95599351752206,-71.95599351752206
111.80000312328339,-71.95377967330403,-71.95377967330403
111.81000312328338,-71.95154427396014,-71.95154427396014
111.82000312328339,-71.94928796872736,-71.94928796872736
111.83000312328339,-71.94701140087207,-71.94701140087207
111.84000312328338,-71.94471520556185,-71.94471520556185
111.85000312328339,-71.94240000884352,-71.94240000884352
111.86000312328339,-71.94006642724284,-71.94006642724284
111.87000312328338,-71.93771506771608,-71.93771506771608
111.88000312328339,-71.93534652783194,-71.93534652783194
111.89000312328339,-71.93296139605522,-71.93296139605522
111.90000312328338,-71.93056025206214,-71.93056025206214
111.91000312328339,-71.92814366706646,-71.92814366706646
111.92000312328338,-71.92571220417253,-71.92571220417253
111.93000312328338,-71.92326641862881,-71.92326641862881
111.94000312328339,-71.92080685813588,-71.92080685813588
111.95000312328338,-71.9183340630715,-71.9183340630715
111.96000312328339,-71.91584856669814,-71.91584856669814
111.97000312328339,-71.91335089538758,-71.91335089538758
111.98000312328338,-71.91084156875529,-71.91084156875529
111.99000312328339,-71.90832109982259,-71.90832109982259
112.00000312328339,-71.90578999514297,-71.90578999514297
112.01000312328338,-71.90324875492404,-71.90324875492404
112.02000312328339,-71.90069787310559,-71.90069787310559
112.0300031232834,-71.89813783747304,-71.89813783747304
112.04000312328338,-71.89556912973156,-71.89556912973156
112.05000312328339,-71.89299222557001,-71.89299222557001
112.06000312328338,-71.89040759474125,-71.89040759474125
112.07000312328339,-71.88781570109181,-71.88781570109181
112.08000312328339,-71.8852170026604,-71.8852170026604
112.09000312328338,-71.88261195169535,-71.88261195169535
112.10000312328339,-71.8800009947131,-71.8800009947131
112.11000312328339,-71.87738457254697,-71.87738457254697
112.12000312328338,-71.87476312038304,-71.87476312038304
112.13000312328339,-71.87213706781021,-71.87213706781021
112.14000312328339,-71.86950683885813,-71.86950683885813
112.15000312328338,-71.86687285203779,-71.86687285203779
112.16000312328339,-71.86423552037839,-71.86423552037839
112.17000312328338,-71.86159525145307,-71.86159525145307
112.18000312328338,-71.85895244744725,-71.85895244744725
112.19000312328339,-71.85630750517645,-71.85630750517645
112.20000314712524,-71.8536608098172,-71.8536608098172
112.21000314712525,-71.85101276016373,-71.85101276016373
112.22000314712524,-71.84836373086326,-71.84836373086326
112.23000314712525,-71.84571409763555,-71.84571409763555
112.24000314712525,-71.84306423103754,-71.84306423103754
112.25000314712524,-71.84041449647675,-71.84041449647675
112.26000314712525,-71.83776525427461,-71.83776525427461
112.27000314712524,-71.8351168596824,-71.8351168596824
112.28000314712524,-71.83246966293672,-71.83246966293672
112.29000314712525,-71.82982400928806,-71.82982400928806
112.30000314712524,-71.82718023906747,-71.82718023906747
112.31000314712524,-71.82453868768705,-71.82453868768705
112.32000314712525,-71.8218996857114,-71.8218996857114
112.33000314712524,-71.81926355888154,-71.81926355888154
112.34000314712524,-71.81663062816789,-71.81663062816789
112.35000314712525,-71.81400120979838,-71.81400120979838
112.36000314712524,-71.81137561531959,-71.81137561531959
112.37000314712525,-71.80875415162181,-71.80875415162181
112.38000314712525,-71.80613712099029,-71.80613712099029
112.39000314712524,-71.80352482113945,-71.80352482113945
112.40000314712525,-71.80091754526322,-71.80091754526322
112.41000314712524,-71.79831558207334,-71.79831558207334
112.42000314712524,-71.79571921584902,-71.79571921584902
112.43000314712525,-71.7931287264672,-71.7931287264672
112.44000314712524,-71.79054438945792,-71.79054438945792
112.45000314712524,-71.78796647603468,-71.78796647603468
112.46000314712525,-71.78538899495646,-71.78538899495646
112.47000314712524,-71.78280947235328,-71.78280947235328
112.48000314712525,-71.7802268399507,-71.7802268399507
112.49000314712525,-71.77764067921024,-71.77764067921024
112.50000314712524,-71.77505093233091,-71.77505093233091
112.51000314712525,-71.7724577518576,-71.7724577518576
112.52000314712524,-71.76986141228451,-71.76986141228451
112.53000314712524,-71.7672622569253,-71.7672622569253
112.54000314712525,-71.76466066586346,-71.76466066586346
112.55000314712524,-71.76205703675164,-71.76205703675164
112.56000314712524,-71.75945177334845,-71.75945177334845
112.57000314712525,-71.75684527881195,-71.75684527881195
112.58000314712524,-71.75423795186992,-71.75423795186992
112.59000314712524,-71.75163018473825,-71.75163018473825
112.60000314712525,-71.74902236214878,-71.74902236214878
112.61000314712524,-71.7464148609523,-71.7464148609523
112.62000314712525,-71.74380805010401,-71.74380805010401
112.63000314712525,-71.74120229091066,-71.74120229091066
112.64000314712524,-71.73859793729656,-71.73859793729656
112.65000314712525,-71.73599533615744,-71.73599533615744
112.66000314712524,-71.73339482774561,-71.73339482774561
112.67000314712524,-71.7307967459691,-71.7307967459691
112.68000314712525,-71.7282014187446,-71.7282014187446
112.69000314712524,-71.72560916826865,-71.72560916826865
112.70000314712524,-71.7230203112682,-71.7230203112682
112.71000314712525,-71.7204351592561,-71.7204351592561
112.72000314712524,-71.71785401870619,-71.71785401870619
112.73000314712525,-71.71527719124235,-71.71527719124235
112.74000314712525,-71.71270497380561,-71.71270497380561
112.75000314712524,-71.7101376587638,-71.7101376587638
112.76000314712525,-71.70757553406817,-71.70757553406817
112.77000314712524,-71.70501888332548,-71.70501888332548
112.78000314712524,-71.70246798590432,-71.70246798590432
112.79000314712525,-71.69992311702536,-71.69992311702536
112.80000314712524,-71.69738454782559,-71.69738454782559
112.81000314712524,-71.69485254542663,-71.69485254542663
112.82000314712525,-71.6923273729859,-71.6923273729859
112.83000314712524,-71.68980928977345,-71.68980928977345
112.84000314712524,-71.68729855118123,-71.68729855118123
112.85000314712525,-71.68479540882724,-71.68479540882724
112.86000314712524,-71.68230011052779,-71.68230011052779
112.87000314712525,-71.67981290039343,-71.67981290039343
112.88000314712525,-71.67733401883781,-71.67733401883781
112.89000314712524,-71.6748637026177,-71.6748637026177
112.90000314712525,-71.67240218486783,-71.67240218486783
112.91000314712524,-71.66994969514322,-71.66994969514322
112.92000314712524,-71.6675064594263,-71.6675064594263
112.93000314712525,-71.66507270017429,-71.66507270017429
112.94000314712524,-71.66264863635676,-71.66264863635676
112.95000314712524,-71.66023448346732,-71.66023448346732
112.96000314712525,-71.65782420697033,-71.65782420697033
112.97000314712524,-71.65541528438399,-71.65541528438399
112.98000314712525,-71.6530065970703,-71.6530065970703
112.99000314712525,-71.65059767570894,-71.65059767570894
113.00000314712524,-71.64818841178449,-71.64818841178449
113.01000314712525,-71.64577890743846,-71.64577890743846
113.02000314712524,-71.64336938725283,-71.64336938725283
113.03000314712524,-71.6409601451464,-71.6409601451464
113.04000314712525,-71.6385515124218,-71.6385515124218
113.0500031709671,-71.63614383280729,-71.63614383280729
113.06000317096711,-71.63373747395273,-71.63373747395273
113.0700031709671,-71.63133278634965,-71.63133278634965
113.0800031709671,-71.62893012238504,-71.62893012238504
113.09000317096711,-71.62652982856264,-71.62652982856264
113.1000031709671,-71.62413224447646,-71.62413224447646
113.1100031709671,-71.62173770243194,-71.62173770243194
113.1200031709671,-71.61934652745404,-71.61934652745404
113.1300031709671,-71.616959037457,-71.616959037457
113.1400031709671,-71.61457554354614,-71.61457554354614
113.1500031709671,-71.61219635036343,-71.61219635036343
113.1600031709671,-71.60982175643518,-71.60982175643518
113.1700031709671,-71.60745205448504,-71.60745205448504
113.1800031709671,-71.60508753176434,-71.60508753176434
113.1900031709671,-71.60272847031932,-71.60272847031932
113.20000317096711,-71.6003751472419,-71.6003751472419
113.2100031709671,-71.5980215941526,-71.5980215941526
113.2200031709671,-71.59566535069044,-71.59566535069044
113.23000317096711,-71.59330535814544,-71.59330535814544
113.2400031709671,-71.59094120562531,-71.59094120562531
113.2500031709671,-71.58857284189928,-71.58857284189928
113.2600031709671,-71.5862004255384,-71.5862004255384
113.2700031709671,-71.5838242367645,-71.5838242367645
113.2800031709671,-71.58144462452589,-71.58144462452589
113.2900031709671,-71.57906197459148,-71.57906197459148
113.3000031709671,-71.57667669039479,-71.57667669039479
113.31000317096711,-71.57428918164081,-71.57428918164081
113.3200031709671,-71.57189985763841,-71.57189985763841
113.3300031709671,-71.56950912346392,-71.56950912346392
113.34000317096711,-71.56711737793783,-71.56711737793783
113.3500031709671,-71.56472501259739,-71.56472501259739
113.3600031709671,-71.56233241133408,-71.56233241133408
113.3700031709671,-71.5599361634604,-71.5599361634604
113.3800031709671,-71.55753099130413,-71.55753099130413
113.3900031709671,-71.55511151009843,-71.55511151009843
113.4000031709671,-71.55267288973516,-71.55267288973516
113.4100031709671,-71.5502109649333,-71.5502109649333
113.4200031709671,-71.54772217252216,-71.54772217252216
113.4300031709671,-71.5452034593975,-71.5452034593975
113.4400031709671,-71.54265220061377,-71.54265220061377
113.45000317096711,-71.54006613357272,-71.54006613357272
113.4600031709671,-71.53743707149725,-71.53743707149725
113.4700031709671,-71.53476060575709,-71.53476060575709
113.48000317096711,-71.5320339668491,-71.5320339668491
113.4900031709671,-71.52925524275058,-71.52925524275058
113.5000031709671,-71.52642306712184,-71.52642306712184
113.5100031709671,-71.52353644913896,-71.52353644913896
113.5200031709671,-71.52059466805859,-71.52059466805859
113.5300031709671,-71.51759720525303,-71.51759720525303
113.5400031709671,-71.51454369930173,-71.51454369930173
113.5500031709671,-71.51143391548234,-71.51143391548234
113.56000317096711,-71.50826772445542,-71.50826772445542
113.5700031709671,-71.50504508682592,-71.50504508682592
113.5800031709671,-71.50176604163946,-71.50176604163946
113.59000317096711,-71.49843069743928,-71.49843069743928
113.6000031709671,-71.4950392251795,-71.4950392251795
113.6100031709671,-71.49159185234154,-71.49159185234154
113.6200031709671,-71.48808885802055,-71.48808885802055
113.6300031709671,-71.48453056866491,-71.48453056866491
113.6400031709671,-71.4809173543295,-71.4809173543295
113.6500031709671,-71.47724962531039,-71.47724962531039
113.6600031709671,-71.47352782913069,-71.47352782913069
113.6700031709671,-71.46975244774758,-71.46975244774758
113.6800031709671,-71.46592399503382,-71.46592399503382
113.6900031709671,-71.46204301438168,-71.46204301438168
113.70000317096711,-71.45811007650482,-71.45811007650482
113.7100031709671,-71.45412577739437,-71.45412577739437
113.7200031709671,-71.4500907363676,-71.4500907363676
113.73000317096711,-71.4460055942676,-71.4460055942676
113.7400031709671,-71.44187101174863,-71.44187101174863
113.7500031709671,-71.43768766766811,-71.43768766766811
113.7600031709671,-71.43345625754657,-71.43345625754657
113.7700031709671,-71.4291774921717,-71.4291774921717
113.7800031709671,-71.42485209620345,-71.42485209620345
113.7900031709671,-71.42048080690532,-71.42048080690532
113.8000031709671,-71.4160643729335,-71.4160643729335
113.81000317096711,-71.41160355317562,-71.41160355317562
113.8200031709671,-71.40709911567589,-71.40709911567589
113.8300031709671,-71.40255183661202,-71.40255183661202
113.84000317096711,-71.39796249930005,-71.39796249930005
113.8500031709671,-71.39333189329543,-71.39333189329543
113.8600031709671,-71.3886608134975,-71.3886608134975
113.8700031709671,-71.38395005936984,-71.38395005936984
113.8800031709671,-71.37920043410293,-71.37920043410293
113.8900031709671,-71.37441274392062,-71.37441274392062
113.90000319480896,-71.3695877858781,-71.3695877858781
113.91000319480897,-71.36472639307995,-71.36472639307995
113.92000319480896,-71.35982936540367,-71.35982936540367
113.93000319480896,-71.35489751457081,-71.35489751457081
113.94000319480897,-71.34993165220553,-71.34993165220553
113.95000319480896,-71.34493258933342,-71.34493258933342
113.96000319480896,-71.33989492166816,-71.33989492166816
113.97000319480895,-71.33481674405031,-71.33481674405031
113.98000319480896,-71.32969755115874,-71.32969755115874
113.99000319480896,-71.32453748582468,-71.32453748582468
114.00000319480895,-71.31933705124995,-71.31933705124995
114.01000319480896,-71.3140969609134,-71.3140969609134
114.02000319480896,-71.3088180502162,-71.3088180502162
114.03000319480896,-71.30350122310911,-71.30350122310911
114.04000319480896,-71.29814741981372,-71.29814741981372
114.05000319480897,-71.29275759732518,-71.29275759732518
114.06000319480896,-71.28733271767932,-71.28733271767932
114.07000319480896,-71.28187374096058,-71.28187374096058
114.08000319480897,-71.27638162119644,-71.27638162119644
114.09000319480896,-71.27085730407003,-71.27085730407003
114.10000319480896,-71.26530172565425,-71.26530172565425
114.11000319480895,-71.25971581184044,-71.25971581184044
114.12000319480896,-71.254100478124,-71.254100478124
114.13000319480896,-71.24845662962322,-71.24845662962322
114.14000319480895,-71.24278516119357,-71.24278516119357
114.15000319480896,-71.23708695763564,-71.23708695763564
114.16000319480897,-71.23136289386382,-71.23136289386382
114.17000319480896,-71.22561383512553,-71.22561383512553
114.18000319480896,-71.21984063718658,-71.21984063718658
114.19000319480897,-71.21404414647647,-71.21404414647647
114.20000319480896,-71.20822520022335,-71.20822520022335
114.21000319480896,-71.20238462660802,-71.20238462660802
114.22000319480895,-71.1965232448296,-71.1965232448296
114.23000319480896,-71.19064186522243,-71.19064186522243
114.24000319480896,-71.1847412892938,-71.1847412892938
114.25000319480895,-71.17882230981354,-71.17882230981354
114.26000319480896,-71.17288571083327,-71.17288571083327
114.27000319480896,-71.16693226774235,-71.16693226774235
114.28000319480896,-71.16096274730084,-71.16096274730084
114.29000319480896,-71.15497790765035,-71.15497790765035
114.30000319480897,-71.1489784983645,-71.1489784983645
114.31000319480896,-71.14296526044285,-71.14296526044285
114.32000319480896,-71.13693892634949,-71.13693892634949
114.33000319480897,-71.1309002200278,-71.1309002200278
114.34000319480896,-71.12484985691594,-71.12484985691594
114.35000319480896,-71.1187885439603,-71.1187885439603
114.36000319480895,-71.11271697965502,-71.11271697965502
114.37000319480896,-71.10663585403017,-71.10663585403017
114.38000319480896,-71.10054584870936,-71.10054584870936
114.39000319480895,-71.0944476369133,-71.0944476369133
114.40000319480896,-71.0883418834803,-71.0883418834803
114.41000319480897,-71.08222924491403,-71.08222924491403
114.42000319480896,-71.07611036939464,-71.07611036939464
114.43000319480896,-71.06998589680948,-71.06998589680948
114.44000319480897,-71.06385645879863,-71.06385645879863
114.45000319480896,-71.05772267877181,-71.05772267877181
114.46000319480896,-71.05158517197995,-71.05158517197995
114.47000319480895,-71.0454445455082,-71.0454445455082
114.48000319480896,-71.03930139834846,-71.03930139834846
114.49000319480896,-71.03315632143014,-71.03315632143014
114.50000319480895,-71.02700989767473,-71.02700989767473
114.51000319480896,-71.02086270201565,-71.02086270201565
114.52000319480896,-71.01471530148623,-71.01471530148623
114.53000319480896,-71.00856825523525,-71.00856825523525
114.54000319480896,-71.00242211459388,-71.00242211459388
114.55000319480897,-70.9962774231274,-70.9962774231274
114.56000319480896,-70.99013471667831,-70.99013471667831
114.57000319480896,-70.98399452343413,-70.98399452343413
114.58000319480897,-70.97785736397357,-70.97785736397357
114.59000319480896,-70.97172375134642,-70.97172375134642
114.60000319480896,-70.96559419109059,-70.96559419109059
114.61000319480895,-70.95946918133527,-70.95946918133527
114.62000319480896,-70.95334921282956,-70.95334921282956
114.63000319480896,-70.94723476901892,-70.94723476901892
114.64000319480895,-70.94112632610995,-70.94112632610995
114.65000319480896,-70.935024353124,-70.935024353124
114.66000319480897,-70.9289293119611,-70.9289293119611
114.67000319480896,-70.92284165748163,-70.92284165748163
114.68000319480896,-70.9167618375306,-70.9167618375306
114.69000319480897,-70.91069029305409,-70.91069029305409
114.70000319480896,-70.90462745811591,-70.90462745811591
114.71000319480896,-70.89856758597894,-70.89856758597894
114.72000319480895,-70.8925084030187,-70.8925084030187
114.73000319480896,-70.88644902277423,-70.88644902277423
114.74000319480896,-70.88038919927367,-70.88038919927367
114.75000321865082,-70.8743290268389,-70.8743290268389
114.76000321865082,-70.86826884882807,-70.86826884882807
114.77000321865081,-70.86220908348888,-70.86220908348888
114.78000321865082,-70.85615022885256,-70.85615022885256
114.79000321865082,-70.85009281652356,-70.85009281652356
114.80000321865082,-70.84403739258322,-70.84403739258322
114.81000321865082,-70.83798450622712,-70.83798450622712
114.82000321865081,-70.83193470312214,-70.83193470312214
114.83000321865082,-70.82588852164676,-70.82588852164676
114.84000321865082,-70.81984649086894,-70.81984649086894
114.85000321865081,-70.81380912959928,-70.81380912959928
114.86000321865082,-70.80777694608034,-70.80777694608034
114.87000321865082,-70.80175043804452,-70.80175043804452
114.88000321865081,-70.79573009295494,-70.79573009295494
114.89000321865082,-70.78971638836867,-70.78971638836867
114.90000321865082,-70.78370979234292,-70.78370979234292
114.91000321865081,-70.7777107638278,-70.7777107638278
114.92000321865082,-70.77171975306804,-70.77171975306804
114.93000321865082,-70.76573720195829,-70.76573720195829
114.94000321865082,-70.75976354438069,-70.75976354438069
114.95000321865082,-70.75379920649726,-70.75379920649726
114.96000321865081,-70.74784460703083,-70.74784460703083
114.97000321865082,-70.74190015749775,-70.74190015749775
114.98000321865082,-70.73596626244674,-70.73596626244674
114.99000321865081,-70.73004331963014,-70.73004331963014
115.00000321865082,-70.72413172016432,-70.72413172016432
115.01000321865082,-70.7182318487259,-70.7182318487259
115.02000321865081,-70.71234408367653,-70.71234408367653
115.03000321865082,-70.7064687971702,-70.7064687971702
115.04000321865082,-70.70060635528702,-70.70060635528702
115.05000321865082,-70.69475711812852,-70.69475711812852
115.06000321865082,-70.68892143993223,-70.68892143993223
115.07000321865081,-70.6830996691506,-70.6830996691506
115.08000321865082,-70.67729214850856,-70.67729214850856
115.09000321865082,-70.67149921513602,-70.67149921513602
115.10000321865081,-70.66572120060577,-70.66572120060577
115.11000321865082,-70.65995843099607,-70.65995843099607
115.12000321865082,-70.65421122698575,-70.65421122698575
115.13000321865081,-70.64847990390257,-70.64847990390257
115.14000321865082,-70.6427647717833,-70.6427647717833
115.15000321865082,-70.6370661354353,-70.6370661354353
115.16000321865081,-70.63138429448901,-70.63138429448901
115.17000321865082,-70.62571954346922,-70.62571954346922
115.18000321865082,-70.62007217184114,-70.62007217184114
115.19000321865082,-70.61444246406647,-70.61444246406647
115.20000321865082,-70.60883069963884,-70.60883069963884
115.21000321865081,-70.60323715316899,-70.60323715316899
115.22000321865082,-70.59766209441183,-70.59766209441183
115.23000321865082,-70.5921057883383,-70.5921057883383
115.24000321865081,-70.58656849515567,-70.58656849515567
115.25000321865082,-70.58105047038427,-70.58105047038427
115.26000321865082,-70.57555196489467,-70.57555196489467
115.27000321865081,-70.57007322497893,-70.57007322497893
115.28000321865082,-70.56461449235702,-70.56461449235702
115.29000321865082,-70.55917600426233,-70.55917600426233
115.30000321865082,-70.55375799349679,-70.55375799349679
115.31000321865082,-70.54836068843947,-70.54836068843947
115.32000321865081,-70.54298431312245,-70.54298431312245
115.33000321865082,-70.53762908728221,-70.53762908728221
115.34000321865082,-70.53229522639874,-70.53229522639874
115.35000321865081,-70.52698294174334,-70.52698294174334
115.36000321865082,-70.5216924404292,-70.5216924404292
115.37000321865082,-70.51642392546319,-70.51642392546319
115.38000321865081,-70.51117759577745,-70.51117759577745
115.39000321865082,-70.50595364628774,-70.50595364628774
115.40000321865082,-70.50075226795087,-70.50075226795087
115.41000321865081,-70.4955736477839,-70.4955736477839
115.42000321865082,-70.49041796894309,-70.49041796894309
115.43000321865082,-70.48528541074775,-70.48528541074775
115.44000321865082,-70.48017614872312,-70.48017614872312
115.45000321865082,-70.47509035465939,-70.47509035465939
115.46000321865081,-70.47002819665937,-70.47002819665937
115.47000321865082,-70.46498983917246,-70.46498983917246
115.48000321865082,-70.45997544304394,-70.45997544304394
115.49000321865081,-70.454985165566,-70.454985165566
115.50000321865082,-70.45001916049804,-70.45001916049804
115.51000321865082,-70.44507757814834,-70.44507757814834
115.52000321865081,-70.44016056539203,-70.44016056539203
115.53000321865082,-70.43526826571981,-70.43526826571981
115.54000321865082,-70.43040081928687,-70.43040081928687
115.55000321865082,-70.4255583629415,-70.4255583629415
115.56000321865082,-70.42074103027849,-70.42074103027849
115.57000321865081,-70.41594895168879,-70.41594895168879
115.58000321865082,-70.41118225439169,-70.41118225439169
115.59000321865082,-70.40644106246536,-70.40644106246536
115.60000324249268,-70.40172548568988,-70.40172548568988
115.61000324249268,-70.3970356645279,-70.3970356645279
115.62000324249267,-70.39237170262997,-70.39237170262997
115.63000324249268,-70.3877337119818,-70.3877337119818
115.64000324249268,-70.38312180162674,-70.38312180162674
115.65000324249267,-70.37853607773516,-70.37853607773516
115.66000324249268,-70.37397664361494,-70.37397664361494
115.67000324249267,-70.36944359978092,-70.36944359978092
115.68000324249267,-70.36493704395649,-70.36493704395649
115.69000324249268,-70.36045707115204,-70.36045707115204
115.70000324249267,-70.35600377366528,-70.35600377366528
115.71000324249268,-70.35157724114629,-70.35157724114629
115.72000324249268,-70.34717756062126,-70.34717756062126
115.73000324249267,-70.34280481653308,-70.34280481653308
115.74000324249268,-70.338459090771,-70.338459090771
115.75000324249268,-70.3341404627021,-70.3341404627021
115.76000324249267,-70.32984900923829,-70.32984900923829
115.77000324249268,-70.32558480482739,-70.32558480482739
115.78000324249268,-70.32134792151562,-70.32134792151562
115.79000324249267,-70.31713842897301,-70.31713842897301
115.80000324249268,-70.31295639453248,-70.31295639453248
115.81000324249267,-70.30880188321493,-70.30880188321493
115.82000324249267,-70.3046749577727,-70.3046749577727
115.83000324249268,-70.30057567871371,-70.30057567871371
115.84000324249267,-70.2965041043278,-70.2965041043278
115.85000324249268,-70.29246029074474,-70.29246029074474
115.86000324249268,-70.28844429193484,-70.28844429193484
115.87000324249267,-70.28445615975622,-70.28445615975622
115.88000324249268,-70.28049594398395,-70.28049594398395
115.89000324249268,-70.27656369234359,-70.27656369234359
115.90000324249267,-70.27265945052729,-70.27265945052729
115.91000324249268,-70.26878326224397,-70.26878326224397
115.92000324249267,-70.2649351692387,-70.2649351692387
115.93000324249267,-70.26111521130976,-70.26111521130976
115.94000324249268,-70.257323426354,-70.257323426354
115.95000324249267,-70.25355985039604,-70.25355985039604
115.96000324249268,-70.24982451760303,-70.24982451760303
115.97000324249268,-70.24611746032241,-70.24611746032241
115.98000324249267,-70.24243870910232,-70.24243870910232
115.99000324249268,-70.23878829273046,-70.23878829273046
116.00000324249268,-70.23516623824183,-70.23516623824183
116.01000324249267,-70.23157257096132,-70.23157257096132
116.02000324249268,-70.22800731453113,-70.22800731453113
116.03000324249268,-70.22447049091292,-70.22447049091292
116.04000324249267,-70.2209621204394,-70.2209621204394
116.05000324249268,-70.21748222183936,-70.21748222183936
116.06000324249267,-70.21403081222516,-70.21403081222516
116.07000324249267,-70.21060790716827,-70.21060790716827
116.08000324249268,-70.20721352068661,-70.20721352068661
116.09000324249267,-70.20384766528463,-70.20384766528463
116.10000324249268,-70.20051035196803,-70.20051035196803
116.11000324249268,-70.19720159028813,-70.19720159028813
116.12000324249267,-70.19392138832198,-70.19392138832198
116.13000324249268,-70.1906697527418,-70.1906697527418
116.14000324249268,-70.18744668880383,-70.18744668880383
116.15000324249267,-70.18425220038475,-70.18425220038475
116.16000324249268,-70.18108629000143,-70.18108629000143
116.17000324249267,-70.17794895884509,-70.17794895884509
116.18000324249267,-70.17484020676088,-70.17484020676088
116.19000324249268,-70.17176003231972,-70.17176003231972
116.20000324249267,-70.16870843280965,-70.16870843280965
116.21000324249268,-70.16568540425801,-70.16568540425801
116.22000324249268,-70.16269094145086,-70.16269094145086
116.23000324249267,-70.15972503798233,-70.15972503798233
116.24000324249268,-70.1567876862123,-70.1567876862123
116.25000324249268,-70.15387887735055,-70.15387887735055
116.26000324249267,-70.15099860142864,-70.15099860142864
116.27000324249268,-70.14814684735133,-70.14814684735133
116.28000324249268,-70.14532360289085,-70.14532360289085
116.29000324249267,-70.14252885471811,-70.14252885471811
116.30000324249268,-70.13976258841797,-70.13976258841797
116.31000324249267,-70.13702478850473,-70.13702478850473
116.32000324249267,-70.13431543843325,-70.13431543843325
116.33000324249268,-70.13163452063219,-70.13163452063219
116.34000324249267,-70.12898201651335,-70.12898201651335
116.35000324249268,-70.12635790648264,-70.12635790648264
116.36000324249268,-70.12376216996036,-70.12376216996036
116.37000324249267,-70.12119478540474,-70.12119478540474
116.38000324249268,-70.11865573031248,-70.11865573031248
116.39000324249268,-70.11614498124605,-70.11614498124605
116.40000324249267,-70.11366251384975,-70.11366251384975
116.41000324249268,-70.11120830285358,-70.11120830285358
116.42000324249267,-70.1087823221117,-70.1087823221117
116.43000324249267,-70.10638454458469,-70.10638454458469
116.44000324249268,-70.10401494238113,-70.10401494238113
116.45000326633453,-70.1016734811886,-70.1016734811886
116.46000326633454,-70.09936014265342,-70.09936014265342
116.47000326633453,-70.0970748907385,-70.0970748907385
116.48000326633453,-70.0948176942412,-70.0948176942412
116.49000326633454,-70.0925885211814,-70.0925885211814
116.50000326633453,-70.09038733879034,-70.09038733879034
116.51000326633454,-70.08821411354445,-70.08821411354445
116.52000326633453,-70.08606881115807,-70.08606881115807
116.53000326633453,-70.08395139661789,-70.08395139661789
116.54000326633454,-70.08186183418468,-70.08186183418468
116.55000326633453,-70.07980008739247,-70.07980008739247
116.56000326633453,-70.0777661190921,-70.0777661190921
116.57000326633454,-70.07575989144374,-70.07575989144374
116.58000326633453,-70.07378136591717,-70.07378136591717
116.59000326633453,-70.07183050333445,-70.07183050333445
116.60000326633454,-70.06990726385328,-70.06990726385328
116.61000326633453,-70.06801160700844,-70.06801160700844
116.62000326633454,-70.06614349169088,-70.06614349169088
116.63000326633454,-70.06430287616995,-70.06430287616995
116.64000326633453,-70.0624897181294,-70.0624897181294
116.65000326633454,-70.0607039746275,-70.0607039746275
116.66000326633453,-70.0589456021616,-70.0589456021616
116.67000326633453,-70.05721455663966,-70.05721455663966
116.68000326633454,-70.05551079341616,-70.05551079341616
116.69000326633453,-70.05383426728706,-70.05383426728706
116.70000326633453,-70.0521849325076,-70.0521849325076
116.71000326633454,-70.05055663836907,-70.05055663836907
116.72000326633453,-70.04894667093367,-70.04894667093367
116.73000326633453,-70.04735369196413,-70.04735369196413
116.74000326633454,-70.04577700121386,-70.04577700121386
116.75000326633453,-70.04421625421855,-70.04421625421855
116.76000326633454,-70.04267131532102,-70.04267131532102
116.77000326633453,-70.04114217123428,-70.04114217123428
116.78000326633453,-70.03962887898514,-70.03962887898514
116.79000326633454,-70.03813153454989,-70.03813153454989
116.80000326633453,-70.0366502540246,-70.0366502540246
116.81000326633453,-70.03518516236115,-70.03518516236115
116.82000326633454,-70.03373638680719,-70.03373638680719
116.83000326633453,-70.03230405313833,-70.03230405313833
116.84000326633453,-70.0308882836048,-70.0308882836048
116.85000326633454,-70.02948919596265,-70.02948919596265
116.86000326633453,-70.02810690309443,-70.02810690309443
116.87000326633454,-70.02674151299324,-70.02674151299324
116.88000326633454,-70.0253931289525,-70.0253931289525
116.89000326633453,-70.0240618498681,-70.0240618498681
116.90000326633454,-70.02274777055977,-70.02274777055977
116.91000326633453,-70.02145098210212,-70.02145098210212
116.92000326633453,-70.02017157215417,-70.02017157215417
116.93000326633454,-70.01890962525553,-70.01890962525553
116.94000326633453,-70.01766522307443,-70.01766522307443
116.95000326633453,-70.01643844468262,-70.01643844468262
116.96000326633454,-70.01522936671186,-70.01522936671186
116.97000326633453,-70.01403806358519,-70.01403806358519
116.98000326633453,-70.01286460763029,-70.01286460763029
116.99000326633454,-70.0117090692312,-70.0117090692312
117.00000326633453,-70.01057151695166,-70.01057151695166
117.01000326633454,-70.009452017597,-70.009452017597
117.02000326633453,-70.00835063633929,-70.00835063633929
117.03000326633453,-70.00726743674817,-70.00726743674817
117.04000326633454,-70.00620248087847,-70.00620248087847
117.05000326633453,-70.00515582929248,-70.00515582929248
117.06000326633453,-70.00412754112287,-70.00412754112287
117.07000326633454,-70.00311767410514,-70.00311767410514
117.08000326633453,-70.00212628459502,-70.00212628459502
117.09000326633453,-70.00115342760795,-70.00115342760795
117.10000326633454,-70.00019915682115,-70.00019915682115
117.11000326633453,-69.99926352460827,-69.99926352460827
117.12000326633454,-69.99834658204063,-69.99834658204063
117.13000326633454,-69.99744837890415,-69.99744837890415
117.14000326633453,-69.99656896372039,-69.99656896372039
117.15000326633454,-69.99570838374272,-69.99570838374272
117.16000326633453,-69.99486668496763,-69.99486668496763
117.17000326633453,-69.99404391213821,-69.99404391213821
117.18000326633454,-69.99324010875299,-69.99324010875299
117.19000326633453,-69.99245531707702,-69.99245531707702
117.20000326633453,-69.99168957814528,-69.99168957814528
117.21000326633454,-69.99094293174544,-69.99094293174544
117.22000326633453,-69.99021541646316,-69.99021541646316
117.23000326633453,-69.98950706963899,-69.98950706963899
117.24000326633454,-69.9888179274267,-69.9888179274267
117.25000326633453,-69.98814802475458,-69.98814802475458
117.26000326633454,-69.98749739534391,-69.98749739534391
117.27000326633453,-69.98686607171194,-69.98686607171194
117.28000326633453,-69.98625408519806,-69.98625408519806
117.29000326633454,-69.9856614659277,-69.9856614659277
117.30000329017639,-69.9850882414973,-69.9850882414973
117.3100032901764,-69.98453444244213,-69.98453444244213
117.32000329017639,-69.98400009395608,-69.98400009395608
117.33000329017639,-69.98348522146026,-69.98348522146026
117.3400032901764,-69.98298984923133,-69.98298984923133
117.35000329017639,-69.98251400038215,-69.98251400038215
117.3600032901764,-69.98205769688194,-69.98205769688194
117.37000329017638,-69.98162095955304,-69.98162095955304
117.38000329017639,-69.98120380810134,-69.98120380810134
117.3900032901764,-69.98080626109832,-69.98080626109832
117.40000329017639,-69.98042833599584,-69.98042833599584
117.41000329017639,-69.98007004913534,-69.98007004913534
117.4200032901764,-69.9797314157795,-69.9797314157795
117.43000329017639,-69.97941245007235,-69.97941245007235
117.44000329017639,-69.97911316510218,-69.97911316510218
117.4500032901764,-69.97883357285998,-69.97883357285998
117.46000329017639,-69.97857368429685,-69.97857368429685
117.4700032901764,-69.97833350929143,-69.97833350929143
117.4800032901764,-69.97811305669283,-69.97811305669283
117.49000329017639,-69.97791233430165,-69.97791233430165
117.5000032901764,-69.97773134891257,-69.97773134891257
117.51000329017639,-69.97757010628737,-69.97757010628737
117.52000329017639,-69.97742861119436,-69.97742861119436
117.5300032901764,-69.97730686739965,-69.97730686739965
117.54000329017639,-69.97720487770249,-69.97720487770249
117.55000329017639,-69.97712264391822,-69.97712264391822
117.5600032901764,-69.97706016689826,-69.97706016689826
117.57000329017639,-69.97701744655434,-69.97701744655434
117.58000329017639,-69.97699448184291,-69.97699448184291
117.5900032901764,-69.97699127080458,-69.97699127080458
117.60000329017639,-69.97700781055167,-69.97700781055167
117.6100032901764,-69.97704409729427,-69.97704409729427
117.62000329017638,-69.97710012634447,-69.97710012634447
117.63000329017639,-69.97717589212937,-69.97717589212937
117.6400032901764,-69.97727138820623,-69.97727138820623
117.65000329017639,-69.97738660725973,-69.97738660725973
117.66000329017639,-69.97752154112027,-69.97752154112027
117.6700032901764,-69.97767618079344,-69.97767618079344
117.68000329017639,-69.9778505164473,-69.9778505164473
117.69000329017639,-69.97804453741871,-69.97804453741871
117.7000032901764,-69.97825823225247,-69.97825823225247
117.71000329017639,-69.97849158868952,-69.97849158868952
117.7200032901764,-69.97874459367793,-69.97874459367793
117.7300032901764,-69.97901723340583,-69.97901723340583
117.74000329017639,-69.97930949328939,-69.97930949328939
117.7500032901764,-69.97962135798821,-69.97962135798821
117.76000329017639,-69.97995281141733,-69.97995281141733
117.77000329017639,-69.98030383678008,-69.98030383678008
117.7800032901764,-69.98067441653338,-69.98067441653338
117.79000329017639,-69.9810645324388,-69.9810645324388
117.80000329017639,-69.98147416555152,-69.98147416555152
117.8100032901764,-69.9819032962395,-69.9819032962395
117.82000329017639,-69.98235190419473,-69.98235190419473
117.83000329017639,-69.98281996844145,-69.98281996844145
117.8400032901764,-69.98330746734075,-69.98330746734075
117.85000329017639,-69.98381437860753,-69.98381437860753
117.8600032901764,-69.98434067932766,-69.98434067932766
117.87000329017638,-69.98488634594717,-69.98488634594717
117.88000329017639,-69.98545135431533,-69.98545135431533
117.8900032901764,-69.98603567963794,-69.98603567963794
117.90000329017639,-69.98663929656496,-69.98663929656496
117.91000329017639,-69.98726217913352,-69.98726217913352
117.9200032901764,-69.98790430081112,-69.98790430081112
117.93000329017639,-69.98856563449628,-69.98856563449628
117.94000329017639,-69.98924615252858,-69.98924615252858
117.9500032901764,-69.98994582669576,-69.98994582669576
117.96000329017639,-69.99066462825009,-69.99066462825009
117.9700032901764,-69.99140252791234,-69.99140252791234
117.9800032901764,-69.99215949588448,-69.99215949588448
117.99000329017639,-69.99293550185342,-69.99293550185342
118.0000032901764,-69.9937305150046,-69.9937305150046
118.01000329017639,-69.99454450402301,-69.99454450402301
118.02000329017639,-69.99537743712163,-69.99537743712163
118.0300032901764,-69.99622928202271,-69.99622928202271
118.04000329017639,-69.99710000598918,-69.99710000598918
118.05000329017639,-69.99798957581989,-69.99798957581989
118.0600032901764,-69.99889795787027,-69.99889795787027
118.07000329017639,-69.9998251180433,-69.9998251180433
118.08000329017639,-70.00077102181126,-70.00077102181126
118.0900032901764,-70.00173563422331,-70.00173563422331
118.10000329017639,-70.00271891991129,-70.00271891991129
118.1100032901764,-70.00372084308988,-70.00372084308988
118.12000329017638,-70.00474136757474,-70.00474136757474
118.13000329017639,-70.00578045678745,-70.00578045678745
118.1400032901764,-70.00683807376251,-70.00683807376251
118.15000331401825,-70.00791418373049,-70.00791418373049
118.16000331401825,-70.00900874388145,-70.00900874388145
118.17000331401825,-70.0101217186507,-70.0101217186507
118.18000331401825,-70.01125306960049,-70.01125306960049
118.19000331401826,-70.01240275795146,-70.01240275795146
118.20000331401825,-70.01357074456946,-70.01357074456946
118.21000331401825,-70.0147569899821,-70.0147569899821
118.22000331401824,-70.01596145440497,-70.01596145440497
118.23000331401825,-70.01718409771763,-70.01718409771763
118.24000331401825,-70.01842487948768,-70.01842487948768
118.25000331401824,-70.01968375897376,-70.01968375897376
118.26000331401825,-70.02096069513438,-70.02096069513438
118.27000331401825,-70.0222556466421,-70.0222556466421
118.28000331401824,-70.02356857186382,-70.02356857186382
118.29000331401825,-70.02489942888744,-70.02489942888744
118.30000331401826,-70.02624817553344,-70.02624817553344
118.31000331401825,-70.02761476934874,-70.02761476934874
118.32000331401825,-70.02899916761079,-70.02899916761079
118.33000331401826,-70.03040132735022,-70.03040132735022
118.34000331401825,-70.031821205333,-70.031821205333
118.35000331401825,-70.0332587580814,-70.0332587580814
118.36000331401824,-70.03471394188139,-70.03471394188139
118.37000331401825,-70.03618671278467,-70.03618671278467
118.38000331401825,-70.03767702660474,-70.03767702660474
118.39000331401824,-70.03918483895055,-70.03918483895055
118.40000331401825,-70.04071010519428,-70.04071010519428
118.41000331401825,-70.04225278050673,-70.04225278050673
118.42000331401825,-70.04381281983731,-70.04381281983731
118.43000331401825,-70.04539017794517,-70.04539017794517
118.44000331401826,-70.046984809388,-70.046984809388
118.45000331401825,-70.04859666853423,-70.04859666853423
118.46000331401825,-70.05021960166937,-70.05021960166937
118.47000331401824,-70.05185089023637,-70.05185089023637
118.48000331401825,-70.05348919024026,-70.05348919024026
118.49000331401825,-70.05513379485495,-70.05513379485495
118.50000331401824,-70.05678435258902,-70.05678435258902
118.51000331401825,-70.05844072062595,-70.05844072062595
118.52000331401825,-70.06010287873502,-70.06010287873502
118.53000331401824,-70.06177087740548,-70.06177087740548
118.54000331401825,-70.06344480668828,-70.06344480668828
118.55000331401826,-70.0651247774145,-70.0651247774145
118.56000331401825,-70.06681091003699,-70.06681091003699
118.57000331401825,-70.06850332806805,-70.06850332806805
118.58000331401826,-70.07020215431793,-70.07020215431793
118.59000331401825,-70.07190750886745,-70.07190750886745
118.60000331401825,-70.073619508021,-70.073619508021
118.61000331401824,-70.07533826395316,-70.07533826395316
118.62000331401825,-70.07706388464847,-70.07706388464847
118.63000331401825,-70.07879647407061,-70.07879647407061
118.64000331401824,-70.08053613240821,-70.08053613240821
118.65000331401825,-70.08228295639591,-70.08228295639591
118.66000331401825,-70.0840370396209,-70.0840370396209
118.67000331401825,-70.08579847281905,-70.08579847281905
118.68000331401825,-70.08756734413684,-70.08756734413684
118.69000331401826,-70.08934373939684,-70.08934373939684
118.70000331401825,-70.09112774227982,-70.09112774227982
118.71000331401825,-70.09291943455396,-70.09291943455396
118.72000331401824,-70.09471889619945,-70.09471889619945
118.73000331401825,-70.09652620557037,-70.09652620557037
118.74000331401825,-70.09834143950754,-70.09834143950754
118.75000331401824,-70.1001646734146,-70.1001646734146
118.76000331401825,-70.10199598138222,-70.10199598138222
118.77000331401825,-70.10383543621369,-70.10383543621369
118.78000331401824,-70.10568310951801,-70.10568310951801
118.79000331401825,-70.10753907172005,-70.10753907172005
118.80000331401826,-70.1094033921322,-70.1094033921322
118.81000331401825,-70.11127613897347,-70.11127613897347
118.82000331401825,-70.11315737938634,-70.11315737938634
118.83000331401826,-70.11504717945004,-70.11504717945004
118.84000331401825,-70.11694560424,-70.11694560424
118.85000331401825,-70.11885271778918,-70.11885271778918
118.86000331401824,-70.12076858310762,-70.12076858310762
118.87000331401825,-70.12269326221931,-70.12269326221931
118.88000331401825,-70.12462681612666,-70.12462681612666
118.89000331401824,-70.12656930484015,-70.12656930484015
118.90000331401825,-70.12852078736806,-70.12852078736806
118.91000331401825,-70.1304813217414,-70.1304813217414
118.92000331401825,-70.13245096496374,-70.13245096496374
118.93000331401825,-70.13442977306504,-70.13442977306504
118.94000331401826,-70.13641780106221,-70.13641780106221
118.95000331401825,-70.13841510298252,-70.13841510298252
118.96000331401825,-70.14042173184365,-70.14042173184365
118.97000331401824,-70.14243773968161,-70.14243773968161
118.98000331401825,-70.14446317750534,-70.14446317750534
118.99000331401825,-70.14649809534185,-70.14649809534185
119.00000333786011,-70.14854254707681,-70.14854254707681
119.01000333786011,-70.15059657100686,-70.15059657100686
119.0200033378601,-70.15266021898539,-70.15266021898539
119.03000333786011,-70.15473353701272,-70.15473353701272
119.04000333786011,-70.1568165700885,-70.1568165700885
119.0500033378601,-70.15890936221754,-70.15890936221754
119.06000333786011,-70.16101195639386,-70.16101195639386
119.0700033378601,-70.16312439462342,-70.16312439462342
119.0800033378601,-70.1652467179004,-70.1652467179004
119.09000333786011,-70.16737896624313,-70.16737896624313
119.1000033378601,-70.16952117865284,-70.16952117865284
119.1100033378601,-70.1716733931613,-70.1716733931613
119.12000333786011,-70.1738356468072,-70.1738356468072
119.1300033378601,-70.17600797564566,-70.17600797564566
119.14000333786011,-70.17819041475552,-70.17819041475552
119.15000333786011,-70.18038299824244,-70.18038299824244
119.1600033378601,-70.18258575923355,-70.18258575923355
119.17000333786011,-70.18479872991249,-70.18479872991249
119.18000333786011,-70.1870219414754,-70.1870219414754
119.1900033378601,-70.18925542419908,-70.18925542419908
119.20000333786011,-70.19149920738288,-70.19149920738288
119.2100033378601,-70.19375331939881,-70.19375331939881
119.2200033378601,-70.19601778768774,-70.19601778768774
119.23000333786011,-70.19829263874685,-70.19829263874685
119.2400033378601,-70.20057789816245,-70.20057789816245
119.25000333786011,-70.20287359061257,-70.20287359061257
119.26000333786011,-70.20517973985177,-70.20517973985177
119.2700033378601,-70.20749636874295,-70.20749636874295
119.28000333786011,-70.20982349925978,-70.20982349925978
119.29000333786011,-70.2121611524851,-70.2121611524851
119.3000033378601,-70.2145093486266,-70.2145093486266
119.31000333786011,-70.21686810701961,-70.21686810701961
119.3200033378601,-70.21923744614826,-70.21923744614826
119.3300033378601,-70.22161738363206,-70.22161738363206
119.34000333786011,-70.22400793625219,-70.22400793625219
119.3500033378601,-70.22640911996174,-70.22640911996174
119.3600033378601,-70.22882094987207,-70.22882094987207
119.37000333786011,-70.23124344029472,-70.23124344029472
119.3800033378601,-70.23367660470844,-70.23367660470844
119.39000333786011,-70.23612045581291,-70.23612045581291
119.40000333786011,-70.23857500549462,-70.23857500549462
119.4100033378601,-70.24104026487323,-70.24104026487323
119.42000333786011,-70.24351624429138,-70.24351624429138
119.43000333786011,-70.24600295332345,-70.24600295332345
119.4400033378601,-70.24850040078582,-70.24850040078582
119.45000333786011,-70.25100859475185,-70.25100859475185
119.4600033378601,-70.2535275425555,-70.2535275425555
119.4700033378601,-70.256057250808,-70.256057250808
119.48000333786011,-70.2585977253838,-70.2585977253838
119.4900033378601,-70.26114897146932,-70.26114897146932
119.50000333786011,-70.26371099353187,-70.26371099353187
119.51000333786011,-70.2662837953444,-70.2662837953444
119.5200033378601,-70.26886738002098,-70.26886738002098
119.53000333786011,-70.27146174997195,-70.27146174997195
119.54000333786011,-70.274066906957,-70.274066906957
119.5500033378601,-70.27668285207208,-70.27668285207208
119.56000333786011,-70.27930958577865,-70.27930958577865
119.5700033378601,-70.2819471078944,-70.2819471078944
119.5800033378601,-70.28459541758774,-70.28459541758774
119.59000333786011,-70.28725451343257,-70.28725451343257
119.6000033378601,-70.28992439338629,-70.28992439338629
119.6100033378601,-70.29260505479806,-70.29260505479806
119.62000333786011,-70.29529649441814,-70.29529649441814
119.6300033378601,-70.29799870841418,-70.29799870841418
119.64000333786011,-70.30071169238174,-70.30071169238174
119.65000333786011,-70.30343544134125,-70.30343544134125
119.6600033378601,-70.30616994975841,-70.30616994975841
119.67000333786011,-70.30891521154773,-70.30891521154773
119.68000333786011,-70.31167122007436,-70.31167122007436
119.6900033378601,-70.3144379681734,-70.3144379681734
119.70000333786011,-70.31721544814509,-70.31721544814509
119.7100033378601,-70.31999751935669,-70.31999751935669
119.7200033378601,-70.32278148810335,-70.32278148810335
119.73000333786011,-70.32556603942723,-70.32556603942723
119.7400033378601,-70.32835049702861,-70.32835049702861
119.75000333786011,-70.33113454053824,-70.33113454053824
119.76000333786011,-70.33391805851528,-70.33391805851528
119.7700033378601,-70.33670106215342,-70.33670106215342
119.78000333786011,-70.33948363340366,-70.33948363340366
119.79000333786011,-70.34226589372476,-70.34226589372476
119.8000033378601,-70.3450479853439,-70.3450479853439
119.81000333786011,-70.34783006007099,-70.34783006007099
119.8200033378601,-70.35061227272959,-70.35061227272959
119.8300033378601,-70.35339477739043,-70.35339477739043
119.84000333786011,-70.35617772534094,-70.35617772534094
119.85000336170197,-70.35896127066395,-70.35896127066395
119.86000336170197,-70.36174554333567,-70.36174554333567
119.87000336170196,-70.36453068895163,-70.36453068895163
119.88000336170197,-70.36731684235728,-70.36731684235728
119.89000336170197,-70.37010413454361,-70.37010413454361
119.90000336170196,-70.37289269293167,-70.37289269293167
119.91000336170197,-70.37568264167237,-70.37568264167237
119.92000336170196,-70.37847410193473,-70.37847410193473
119.93000336170196,-70.38126719217745,-70.38126719217745
119.94000336170197,-70.38406202838642,-70.38406202838642
119.95000336170196,-70.38685872429674,-70.38685872429674
119.96000336170196,-70.3896573915532,-70.3896573915532
119.97000336170197,-70.39245813987695,-70.39245813987695
119.98000336170196,-70.39526107721177,-70.39526107721177
119.99000336170197,-70.39806630981373,-70.39806630981373
120.00000336170197,-70.4008739423608,-70.4008739423608
120.01000336170196,-70.40368407804834,-70.40368407804834
120.02000336170197,-70.40649681861059,-70.40649681861059
120.03000336170197,-70.40931226443544,-70.40931226443544
120.04000336170196,-70.4121305145618,-70.4121305145618
120.05000336170197,-70.41495166673839,-70.41495166673839
120.06000336170196,-70.41777581744068,-70.41777581744068
120.07000336170196,-70.4206030619105,-70.4206030619105
120.08000336170197,-70.42343349417233,-70.42343349417233
120.09000336170196,-70.42626720703322,-70.42626720703322
120.10000336170197,-70.42910429210889,-70.42910429210889
120.11000336170197,-70.4319448398225,-70.4319448398225
120.12000336170196,-70.43478893943222,-70.43478893943222
120.13000336170197,-70.43763667900889,-70.43763667900889
120.14000336170197,-70.4404881454573,-70.4404881454573
120.15000336170196,-70.44334342450604,-70.44334342450604
120.16000336170197,-70.4462026007233,-70.4462026007233
120.17000336170196,-70.44906575750046,-70.44906575750046
120.18000336170196,-70.451932977064,-70.451932977064
120.19000336170197,-70.45480434048166,-70.45480434048166
120.20000336170196,-70.45767992764128,-70.45767992764128
120.21000336170196,-70.46055367296029,-70.46055367296029
120.22000336170197,-70.46342296377121,-70.46342296377121
120.23000336170196,-70.46628656796948,-70.46628656796948
120.24000336170197,-70.46914389249369,-70.46914389249369
120.25000336170197,-70.471994700101,-70.471994700101
120.26000336170196,-70.47483896212624,-70.47483896212624
120.27000336170197,-70.47767677203757,-70.47767677203757
120.28000336170197,-70.480508293515,-70.480508293515
120.29000336170196,-70.48333372915639,-70.48333372915639
120.30000336170197,-70.48615330169146,-70.48615330169146
120.31000336170196,-70.48896724280358,-70.48896724280358
120.32000336170196,-70.49177578654331,-70.49177578654331
120.33000336170197,-70.4945791655358,-70.4945791655358
120.34000336170196,-70.4973776089417,-70.4973776089417
120.35000336170197,-70.50017134143536,-70.50017134143536
120.36000336170197,-70.50296058275534,-70.50296058275534
120.37000336170196,-70.50574554769703,-70.50574554769703
120.38000336170197,-70.50852644622441,-70.50852644622441
120.39000336170197,-70.5113034837509,-70.5113034837509
120.40000336170196,-70.5140768613928,-70.5140768613928
120.41000336170197,-70.51684677629557,-70.51684677629557
120.42000336170196,-70.51961342189821,-70.51961342189821
120.43000336170196,-70.52237698822331,-70.52237698822331
120.44000336170197,-70.52513766208276,-70.52513766208276
120.45000336170196,-70.52789562730243,-70.52789562730243
120.46000336170196,-70.53065106490503,-70.53065106490503
120.47000336170197,-70.53340415325508,-70.53340415325508
120.48000336170196,-70.5361550682068,-70.5361550682068
120.49000336170197,-70.53890398321344,-70.53890398321344
120.50000336170197,-70.54165106941275,-70.54165106941275
120.51000336170196,-70.54439649570897,-70.54439649570897
120.52000336170197,-70.54714042887143,-70.54714042887143
120.53000336170197,-70.54988303353444,-70.54988303353444
120.54000336170196,-70.55262447230488,-70.55262447230488
120.55000336170197,-70.55536490575227,-70.55536490575227
120.56000336170196,-70.558104492476,-70.558104492476
120.57000336170196,-70.56084338909824,-70.56084338909824
120.58000336170197,-70.5635817503289,-70.5635817503289
120.59000336170196,-70.56631972893959,-70.56631972893959
120.60000336170197,-70.56905747581231,-70.56905747581231
120.61000336170197,-70.5717951399321,-70.5717951399321
120.62000336170196,-70.57453286840705,-70.57453286840705
120.63000336170197,-70.57727080647108,-70.57727080647108
120.64000336170197,-70.5800090974995,-70.5800090974995
120.65000336170196,-70.58274788300673,-70.58274788300673
120.66000336170197,-70.58548730264323,-70.58548730264323
120.67000336170196,-70.58822749424515,-70.58822749424515
120.68000336170196,-70.59096859377466,-70.59096859377466
120.69000336170197,-70.59371073538176,-70.59371073538176
120.70000338554382,-70.59645405790273,-70.59645405790273
120.71000338554383,-70.59919867874939,-70.59919867874939
120.72000338554382,-70.60194473312448,-70.60194473312448
120.73000338554382,-70.604692347863,-70.604692347863
120.74000338554383,-70.607441647992,-70.607441647992
120.75000338554382,-70.61019275674752,-70.61019275674752
120.76000338554383,-70.61294579554746,-70.61294579554746
120.77000338554382,-70.61570088403738,-70.61570088403738
120.78000338554382,-70.61845814005264,-70.61845814005264
120.79000338554383,-70.62121767967238,-70.62121767967238
120.80000338554382,-70.62397961718335,-70.62397961718335
120.81000338554382,-70.62674406512697,-70.62674406512697
120.82000338554383,-70.62951113427539,-70.62951113427539
120.83000338554382,-70.63228093366797,-70.63228093366797
120.84000338554382,-70.63505357059935,-70.63505357059935
120.85000338554383,-70.63782915063808,-70.63782915063808
120.86000338554382,-70.64060777764422,-70.64060777764422
120.87000338554382,-70.64338955375759,-70.64338955375759
120.88000338554383,-70.64617457942816,-70.64617457942816
120.89000338554382,-70.64896295341929,-70.64896295341929
120.90000338554383,-70.65175477282497,-70.65175477282497
120.91000338554382,-70.65455013308048,-70.65455013308048
120.92000338554382,-70.65734912795713,-70.65734912795713
120.93000338554383,-70.66015184960592,-70.66015184960592
120.94000338554382,-70.66295838855099,-70.66295838855099
120.95000338554382,-70.665768833695,-70.665768833695
120.96000338554383,-70.66857711086625,-70.66857711086625
120.97000338554382,-70.6713806083589,-70.6713806083589
120.98000338554382,-70.67417809841885,-70.67417809841885
120.99000338554383,-70.67696899354455,-70.67696899354455
121.00000338554382,-70.6797530625308,-70.6797530625308
121.01000338554383,-70.68253028282656,-70.68253028282656
121.02000338554382,-70.68530075397102,-70.68530075397102
121.03000338554382,-70.68806464549698,-70.68806464549698
121.04000338554383,-70.6908221656438,-70.6908221656438
121.05000338554382,-70.69357354253138,-70.69357354253138
121.06000338554382,-70.69631901295273,-70.69631901295273
121.07000338554383,-70.69905881581866,-70.69905881581866
121.08000338554382,-70.70179318836632,-70.70179318836632
121.09000338554382,-70.7045223641225,-70.7045223641225
121.10000338554383,-70.70724657186265,-70.70724657186265
121.11000338554382,-70.70996603524713,-70.70996603524713
121.12000338554382,-70.71268097273013,-70.71268097273013
121.13000338554383,-70.71539159775618,-70.71539159775618
121.14000338554382,-70.71809811900643,-70.71809811900643
121.15000338554383,-70.72080074068722,-70.72080074068722
121.16000338554382,-70.72349966284784,-70.72349966284784
121.17000338554382,-70.72619508166201,-70.72619508166201
121.18000338554383,-70.72888718970978,-70.72888718970978
121.19000338554382,-70.7315761762404,-70.7315761762404
121.20000338554382,-70.73426222732884,-70.73426222732884
121.21000338554383,-70.73694552612785,-70.73694552612785
121.22000338554382,-70.73962625300331,-70.73962625300331
121.23000338554382,-70.74230458567011,-70.74230458567011
121.24000338554383,-70.744980699335,-70.744980699335
121.25000338554382,-70.74765476676293,-70.74765476676293
121.26000338554383,-70.75032695840298,-70.75032695840298
121.27000338554382,-70.75299744243542,-70.75299744243542
121.28000338554382,-70.75566638483508,-70.75566638483508
121.29000338554383,-70.75833394943398,-70.75833394943398
121.30000338554382,-70.76100029797452,-70.76100029797452
121.31000338554382,-70.76366559012368,-70.76366559012368
121.32000338554383,-70.7663299835121,-70.7663299835121
121.33000338554382,-70.76899363376837,-70.76899363376837
121.34000338554382,-70.77165669452603,-70.77165669452603
121.35000338554383,-70.7743193174702,-70.7743193174702
121.36000338554382,-70.77698165232682,-70.77698165232682
121.37000338554382,-70.77964384689614,-70.77964384689614
121.38000338554383,-70.7823060470441,-70.7823060470441
121.39000338554382,-70.78496839673325,-70.78496839673325
121.40000338554383,-70.78763103802517,-70.78763103802517
121.41000338554382,-70.79029411108165,-70.79029411108165
121.42000338554382,-70.79295775419027,-70.79295775419027
121.43000338554383,-70.79562210376272,-70.79562210376272
121.44000338554382,-70.7982872943341,-70.7982872943341
121.45000338554382,-70.80095345858638,-70.80095345858638
121.46000338554383,-70.80362072734687,-70.80362072734687
121.47000338554382,-70.80628922958631,-70.80628922958631
121.48000338554382,-70.80895909245254,-70.80895909245254
121.49000338554383,-70.81163044124945,-70.81163044124945
121.50000338554382,-70.81430339946964,-70.81430339946964
121.51000338554383,-70.81697808877986,-70.81697808877986
121.52000338554382,-70.8196546290423,-70.8196546290423
121.53000338554382,-70.82233313832675,-70.82233313832675
121.54000338554383,-70.82501373290972,-70.82501373290972
121.55000340938568,-70.82769653367271,-70.82769653367271
121.56000340938569,-70.83038164057324,-70.83038164057324
121.57000340938568,-70.83306917094491,-70.83306917094491
121.58000340938568,-70.8357592340113,-70.8357592340113
121.59000340938569,-70.83845193725082,-70.83845193725082
121.60000340938568,-70.84114738639916,-70.84114738639916
121.61000340938568,-70.84384568547951,-70.84384568547951
121.62000340938567,-70.84654693681964,-70.84654693681964
121.63000340938568,-70.8492512410347,-70.8492512410347
121.64000340938568,-70.85195869707482,-70.85195869707482
121.65000340938568,-70.85466940220564,-70.85466940220564
121.66000340938568,-70.85738345204628,-70.85738345204628
121.67000340938569,-70.86010094055644,-70.86010094055644
121.68000340938568,-70.86282196007535,-70.86282196007535
121.69000340938568,-70.86551716858565,-70.86551716858565
121.70000340938569,-70.86816992663718,-70.86816992663718
121.71000340938568,-70.87077091522278,-70.87077091522278
121.72000340938568,-70.8733143447196,-70.8733143447196
121.73000340938569,-70.87579627183143,-70.87579627183143
121.74000340938568,-70.8782138400262,-70.8782138400262
121.75000340938568,-70.88056491431261,-70.88056491431261
121.76000340938567,-70.88284788982455,-70.88284788982455
121.77000340938568,-70.88506157988724,-70.88506157988724
121.78000340938569,-70.88720514200226,-70.88720514200226
121.79000340938568,-70.88927802344125,-70.88927802344125
121.80000340938568,-70.89127991811226,-70.89127991811226
121.81000340938569,-70.89321073067481,-70.89321073067481
121.82000340938568,-70.89507054602797,-70.89507054602797
121.83000340938568,-70.89685960301972,-70.89685960301972
121.84000340938569,-70.89857827175737,-70.89857827175737
121.85000340938568,-70.90022703391749,-70.90022703391749
121.86000340938568,-70.90180646575992,-70.90180646575992
121.87000340938567,-70.90331722339305,-70.90331722339305
121.88000340938568,-70.90476003009462,-70.90476003009462
121.89000340938568,-70.90613566537378,-70.90613566537378
121.90000340938568,-70.90744495549673,-70.90744495549673
121.91000340938568,-70.90868876538576,-70.90868876538576
121.92000340938569,-70.90986799159764,-70.90986799159764
121.93000340938568,-70.91098355630199,-70.91098355630199
121.94000340938568,-70.91203640209397,-70.91203640209397
121.95000340938569,-70.91302748751278,-70.91302748751278
121.96000340938568,-70.91395160161925,-70.91395160161925
121.97000340938568,-70.9148070178818,-70.9148070178818
121.98000340938569,-70.91559340595958,-70.91559340595958
121.99000340938568,-70.91631108301623,-70.91631108301623
122.00000340938568,-70.91696072668573,-70.91696072668573
122.01000340938567,-70.91754322512952,-70.91754322512952
122.02000340938568,-70.91805958859526,-70.91805958859526
122.03000340938569,-70.91851089585995,-70.91851089585995
122.04000340938568,-70.91889826164541,-70.91889826164541
122.05000340938568,-70.91922281676047,-70.91922281676047
122.06000340938569,-70.91948569602287,-70.91948569602287
122.07000340938568,-70.91968803093299,-70.91968803093299
122.08000340938568,-70.91983094527583,-70.91983094527583
122.09000340938569,-70.91991555253301,-70.91991555253301
122.10000340938568,-70.91994295440855,-70.91994295440855
122.11000340938568,-70.91991424005688,-70.91991424005688
122.12000340938567,-70.91983048572595,-70.91983048572595
122.13000340938568,-70.91969275465212,-70.91969275465212
122.14000340938568,-70.91950209709861,-70.91950209709861
122.15000340938568,-70.91925955048413,-70.91925955048413
122.16000340938568,-70.91896613953739,-70.91896613953739
122.17000340938569,-70.91862287649168,-70.91862287649168
122.18000340938568,-70.9182307612911,-70.9182307612911
122.19000340938568,-70.91779078173974,-70.91779078173974
122.20000340938569,-70.91730391372013,-70.91730391372013
122.21000340938568,-70.91677112130301,-70.91677112130301
122.22000340938568,-70.91619335696507,-70.91619335696507
122.23000340938569,-70.9155715617061,-70.9155715617061
122.24000340938568,-70.91490666518374,-70.91490666518374
122.25000340938568,-70.91419958586013,-70.91419958586013
122.26000340938567,-70.9134512311151,-70.9134512311151
122.27000340938568,-70.9126624973632,-70.9126624973632
122.28000340938569,-70.91183427017057,-70.91183427017057
122.29000340938568,-70.91096742436432,-70.91096742436432
122.30000340938568,-70.91006282413699,-70.91006282413699
122.31000340938569,-70.90912132314374,-70.90912132314374
122.32000340938568,-70.90814376460843,-70.90814376460843
122.33000340938568,-70.90713098141991,-70.90713098141991
122.34000340938569,-70.90608379622834,-70.90608379622834
122.35000340938568,-70.90500302154108,-70.90500302154108
122.36000340938568,-70.90388945980516,-70.90388945980516
122.37000340938567,-70.90274390351827,-70.90274390351827
122.38000340938568,-70.90156713530726,-70.90156713530726
122.39000340938568,-70.90035992802336,-70.90035992802336
122.40000343322754,-70.89912304188756,-70.89912304188756
122.41000343322754,-70.89785723628106,-70.89785723628106
122.42000343322754,-70.89656325242521,-70.89656325242521
122.43000343322754,-70.8952418249721,-70.8952418249721
122.44000343322755,-70.89389367924446,-70.89389367924446
122.45000343322754,-70.89251953132012,-70.89251953132012
122.46000343322754,-70.89112008814594,-70.89112008814594
122.47000343322753,-70.88969604759725,-70.88969604759725
122.48000343322754,-70.88824809857546,-70.88824809857546
122.49000343322754,-70.88677692108843,-70.88677692108843
122.50000343322753,-70.88528318634874,-70.88528318634874
122.51000343322754,-70.88376755685118,-70.88376755685118
122.52000343322754,-70.88223068645883,-70.88223068645883
122.53000343322753,-70.8806732205074,-70.8806732205074
122.54000343322754,-70.87909579585906,-70.87909579585906
122.55000343322754,-70.87749904100576,-70.87749904100576
122.56000343322754,-70.87588357615367,-70.87588357615367
122.57000343322754,-70.87425001330587,-70.87425001330587
122.58000343322755,-70.8725989563431,-70.8725989563431
122.59000343322754,-70.87093100111852,-70.87093100111852
122.60000343322754,-70.86924673550901,-70.86924673550901
122.61000343322753,-70.86754673954268,-70.86754673954268
122.62000343322754,-70.86583158544698,-70.86583158544698
122.63000343322754,-70.86410183774342,-70.86410183774342
122.64000343322753,-70.86235805332645,-70.86235805332645
122.65000343322754,-70.86060078153122,-70.86060078153122
122.66000343322754,-70.85883056425264,-70.85883056425264
122.67000343322754,-70.85704793598033,-70.85704793598033
122.68000343322754,-70.855253423893,-70.855253423893
122.69000343322755,-70.85344754794679,-70.85344754794679
122.70000343322754,-70.8516308209549,-70.8516308209549
122.71000343322754,-70.84980374863996,-70.84980374863996
122.72000343322753,-70.84796682973682,-70.84796682973682
122.73000343322754,-70.84612055605879,-70.84612055605879
122.74000343322754,-70.84426541257426,-70.84426541257426
122.75000343322753,-70.84240187748287,-70.84240187748287
122.76000343322754,-70.8405304222831,-70.8405304222831
122.77000343322754,-70.83865151186204,-70.83865151186204
122.78000343322753,-70.83676560455844,-70.83676560455844
122.79000343322754,-70.83487315223286,-70.83487315223286
122.80000343322754,-70.8329746003439,-70.8329746003439
122.81000343322754,-70.83107038802547,-70.83107038802547
122.82000343322754,-70.82916094815916,-70.82916094815916
122.83000343322755,-70.82724670743228,-70.82724670743228
122.84000343322754,-70.82532808640825,-70.82532808640825
122.85000343322754,-70.82340549962062,-70.82340549962062
122.86000343322753,-70.82147935561049,-70.82147935561049
122.87000343322754,-70.81955005700752,-70.81955005700752
122.88000343322754,-70.81761800060787,-70.81761800060787
122.89000343322753,-70.81568357743686,-70.81568357743686
122.90000343322754,-70.81374717279567,-70.81374717279567
122.91000343322754,-70.81180916636029,-70.81180916636029
122.92000343322754,-70.80986993222163,-70.80986993222163
122.93000343322754,-70.80792983896059,-70.80792983896059
122.94000343322755,-70.80598924970631,-70.80598924970631
122.95000343322754,-70.8040485222135,-70.8040485222135
122.96000343322754,-70.8021080089068,-70.8021080089068
122.97000343322753,-70.800168056962,-70.800168056962
122.98000343322754,-70.79822900835141,-70.79822900835141
122.99000343322754,-70.79629119991837,-70.79629119991837
123.00000343322753,-70.79435496342354,-70.79435496342354
123.01000343322754,-70.79242062561924,-70.79242062561924
123.02000343322754,-70.79048850830422,-70.79048850830422
123.03000343322753,-70.78855892838604,-70.78855892838604
123.04000343322754,-70.78663219792206,-70.78663219792206
123.05000343322754,-70.78470862420436,-70.78470862420436
123.06000343322754,-70.78278850979476,-70.78278850979476
123.07000343322754,-70.78087215259178,-70.78087215259178
123.08000343322755,-70.77895984588066,-70.77895984588066
123.09000343322754,-70.77705187840631,-70.77705187840631
123.10000343322754,-70.77514853440199,-70.77514853440199
123.11000343322753,-70.77325009365855,-70.77325009365855
123.12000343322754,-70.77135683157576,-70.77135683157576
123.13000343322754,-70.76946901922379,-70.76946901922379
123.14000343322753,-70.76758692338059,-70.76758692338059
123.15000343322754,-70.76571080659093,-70.76571080659093
123.16000343322754,-70.76384092722654,-70.76384092722654
123.17000343322754,-70.76197753951485,-70.76197753951485
123.18000343322754,-70.76012089362283,-70.76012089362283
123.19000343322755,-70.75827123567221,-70.75827123567221
123.20000343322754,-70.75642880780835,-70.75642880780835
123.21000343322754,-70.75458768321565,-70.75458768321565
123.22000343322753,-70.75274539667961,-70.75274539667961
123.23000343322754,-70.75090086608967,-70.75090086608967
123.24000343322754,-70.74905364836302,-70.74905364836302
123.2500034570694,-70.74720365073318,-70.74720365073318
123.2600034570694,-70.74535100054683,-70.74535100054683
123.2700034570694,-70.74349593216891,-70.74349593216891
123.2800034570694,-70.74163875242728,-70.74163875242728
123.2900034570694,-70.73977980489016,-70.73977980489016
123.3000034570694,-70.73791945102376,-70.73791945102376
123.3100034570694,-70.7360580590098,-70.7360580590098
123.32000345706939,-70.73419599717691,-70.73419599717691
123.3300034570694,-70.73233363022355,-70.73233363022355
123.3400034570694,-70.73047131721395,-70.73047131721395
123.35000345706939,-70.72860941056283,-70.72860941056283
123.3600034570694,-70.72674825565466,-70.72674825565466
123.3700034570694,-70.7248881908202,-70.7248881908202
123.38000345706939,-70.7230295475302,-70.7230295475302
123.3900034570694,-70.72117265066353,-70.72117265066353
123.4000034570694,-70.71931781882834,-70.71931781882834
123.4100034570694,-70.71746536470083,-70.71746536470083
123.4200034570694,-70.7156155953317,-70.7156155953317
123.4300034570694,-70.71376881244773,-70.71376881244773
123.4400034570694,-70.711925312703,-70.711925312703
123.4500034570694,-70.71008538794064,-70.71008538794064
123.46000345706939,-70.70824932538254,-70.70824932538254
123.4700034570694,-70.70641740781895,-70.70641740781895
123.4800034570694,-70.70458991377699,-70.70458991377699
123.49000345706939,-70.7027671176515,-70.7027671176515
123.5000034570694,-70.70094928983026,-70.70094928983026
123.5100034570694,-70.6991366968082,-70.6991366968082
123.5200034570694,-70.69732960126848,-70.69732960126848
123.5300034570694,-70.69552826216551,-70.69552826216551
123.5400034570694,-70.69373293479124,-70.69373293479124
123.5500034570694,-70.69194387086335,-70.69194387086335
123.5600034570694,-70.69016131855936,-70.69016131855936
123.57000345706939,-70.6883855225576,-70.6883855225576
123.5800034570694,-70.68661672409489,-70.68661672409489
123.5900034570694,-70.68485516101534,-70.68485516101534
123.60000345706939,-70.68310106778587,-70.68310106778587
123.6100034570694,-70.68135467552996,-70.68135467552996
123.6200034570694,-70.679616212094,-70.679616212094
123.63000345706939,-70.67788590202768,-70.67788590202768
123.6400034570694,-70.67616396663598,-70.67616396663598
123.6500034570694,-70.67445062400884,-70.67445062400884
123.6600034570694,-70.67274608902818,-70.67274608902818
123.6700034570694,-70.6710505734081,-70.6710505734081
123.6800034570694,-70.66936428572012,-70.66936428572012
123.6900034570694,-70.66768743139863,-70.66768743139863
123.7000034570694,-70.66602021276296,-70.66602021276296
123.71000345706939,-70.66436282906788,-70.66436282906788
123.7200034570694,-70.66271547649362,-70.66271547649362
123.7300034570694,-70.66107834817149,-70.66107834817149
123.74000345706939,-70.6594516342376,-70.6594516342376
123.7500034570694,-70.65783552180696,-70.65783552180696
123.7600034570694,-70.65623019503357,-70.65623019503357
123.7700034570694,-70.6546358351124,-70.6546358351124
123.7800034570694,-70.65305262030988,-70.65305262030988
123.7900034570694,-70.6514807259813,-70.6514807259813
123.8000034570694,-70.64992032459276,-70.64992032459276
123.8100034570694,-70.64837158573897,-70.64837158573897
123.82000345706939,-70.64683467618192,-70.64683467618192
123.8300034570694,-70.64530975985794,-70.64530975985794
123.8400034570694,-70.64379699791627,-70.64379699791627
123.85000345706939,-70.64229654872271,-70.64229654872271
123.8600034570694,-70.64080856789326,-70.64080856789326
123.8700034570694,-70.63933320832164,-70.63933320832164
123.88000345706939,-70.63787062019739,-70.63787062019739
123.8900034570694,-70.63642095102404,-70.63642095102404
123.9000034570694,-70.63498434566128,-70.63498434566128
123.9100034570694,-70.63356094632509,-70.63356094632509
123.9200034570694,-70.63215089263065,-70.63215089263065
123.9300034570694,-70.6307543216057,-70.6307543216057
123.9400034570694,-70.62937136772972,-70.62937136772972
123.9500034570694,-70.62800216293647,-70.62800216293647
123.96000345706939,-70.62664068308814,-70.62664068308814
123.9700034570694,-70.62528436045554,-70.62528436045554
123.9800034570694,-70.62393200911033,-70.62393200911033
123.99000345706939,-70.6225830822252,-70.6225830822252
124.0000034570694,-70.62123738832506,-70.62123738832506
124.0100034570694,-70.61989494372993,-70.61989494372993
124.0200034570694,-70.618555886008,-70.618555886008
124.0300034570694,-70.6172204219405,-70.6172204219405
124.0400034570694,-70.61588879621617,-70.61588879621617
124.0500034570694,-70.61456127263219,-70.61456127263219
124.0600034570694,-70.61323812290551,-70.61323812290551
124.07000345706939,-70.6119196200836,-70.6119196200836
124.0800034570694,-70.61060603478373,-70.61060603478373
124.0900034570694,-70.60929763316008,-70.60929763316008
124.10000348091125,-70.60799467277229,-70.60799467277229
124.11000348091126,-70.60669741459455,-70.60669741459455
124.12000348091125,-70.6054061043618,-70.6054061043618
124.13000348091126,-70.60412098514897,-70.60412098514897
124.14000348091126,-70.60284229453318,-70.60284229453318
124.15000348091125,-70.6015702648912,-70.6015702648912
124.16000348091126,-70.60030512372302,-70.60030512372302
124.17000348091125,-70.59904709393842,-70.59904709393842
124.18000348091125,-70.59779639414637,-70.59779639414637
124.19000348091126,-70.596553238893,-70.596553238893
124.20000348091125,-70.59531783890412,-70.59531783890412
124.21000348091125,-70.5940904012663,-70.5940904012663
124.22000348091126,-70.59287112959383,-70.59287112959383
124.23000348091125,-70.59166022419922,-70.59166022419922
124.24000348091126,-70.59045788218219,-70.59045788218219
124.25000348091126,-70.58926429758418,-70.58926429758418
124.26000348091125,-70.58807966144676,-70.58807966144676
124.27000348091126,-70.58690416190248,-70.58690416190248
124.28000348091126,-70.58573798424582,-70.58573798424582
124.29000348091125,-70.58458131100332,-70.58458131100332
124.30000348091126,-70.58343432196104,-70.58343432196104
124.31000348091125,-70.5822971942337,-70.5822971942337
124.32000348091125,-70.58117010228494,-70.58117010228494
124.33000348091126,-70.58005321796679,-70.58005321796679
124.34000348091125,-70.57894671055149,-70.57894671055149
124.35000348091125,-70.57785074675141,-70.57785074675141
124.36000348091126,-70.57676549074854,-70.57676549074854
124.37000348091125,-70.57569110421898,-70.57569110421898
124.38000348091126,-70.57462774633704,-70.57462774633704
124.39000348091126,-70.57357557380179,-70.57357557380179
124.40000348091125,-70.57253474085717,-70.57253474085717
124.41000348091126,-70.57150539930268,-70.57150539930268
124.42000348091125,-70.57048769851242,-70.57048769851242
124.43000348091125,-70.56948178543985,-70.56948178543985
124.44000348091126,-70.56848780464502,-70.56848780464502
124.45000348091125,-70.56750589828981,-70.56750589828981
124.46000348091125,-70.56653005827752,-70.56653005827752
124.47000348091126,-70.56555773016605,-70.56555773016605
124.48000348091125,-70.56458774015566,-70.56458774015566
124.49000348091126,-70.56361955301105,-70.56361955301105
124.50000348091126,-70.56265298853833,-70.56265298853833
124.51000348091125,-70.56168807418855,-70.56168807418855
124.52000348091126,-70.56072495859296,-70.56072495859296
124.53000348091126,-70.55976385958147,-70.55976385958147
124.54000348091125,-70.55880503289181,-70.55880503289181
124.55000348091126,-70.55784875338509,-70.55784875338509
124.56000348091125,-70.55689530385955,-70.55689530385955
124.57000348091125,-70.55594496847287,-70.55594496847287
124.58000348091126,-70.55499802897211,-70.55499802897211
124.59000348091125,-70.55405476264394,-70.55405476264394
124.60000348091125,-70.55311544126712,-70.55311544126712
124.61000348091126,-70.5521803307509,-70.5521803307509
124.62000348091125,-70.55124969105924,-70.55124969105924
124.63000348091126,-70.55032377637312,-70.55032377637312
124.64000348091126,-70.54940283534566,-70.54940283534566
124.65000348091125,-70.54848711139954,-70.54848711139954
124.66000348091126,-70.54757684303965,-70.54757684303965
124.67000348091125,-70.54667226412832,-70.54667226412832
124.68000348091125,-70.54577360418808,-70.54577360418808
124.69000348091126,-70.54488108862337,-70.54488108862337
124.70000348091125,-70.54399493894279,-70.54399493894279
124.71000348091125,-70.54311537294774,-70.54311537294774
124.72000348091126,-70.54224260491159,-70.54224260491159
124.73000348091125,-70.54137684571069,-70.54137684571069
124.74000348091126,-70.54051830293844,-70.54051830293844
124.75000348091126,-70.5396671810405,-70.5396671810405
124.76000348091125,-70.53882368137543,-70.53882368137543
124.77000348091126,-70.53798800230355,-70.53798800230355
124.78000348091126,-70.53716033925386,-70.53716033925386
124.79000348091125,-70.53634088478657,-70.53634088478657
124.80000348091126,-70.5355298286307,-70.5355298286307
124.81000348091125,-70.53472735773094,-70.53472735773094
124.82000348091125,-70.53393365628364,-70.53393365628364
124.83000348091126,-70.5331489057693,-70.5331489057693
124.84000348091125,-70.53237328497623,-70.53237328497623
124.85000348091125,-70.53160697002426,-70.53160697002426
124.86000348091126,-70.53085013440688,-70.53085013440688
124.87000348091125,-70.53010294897679,-70.53010294897679
124.88000348091126,-70.52936558198724,-70.52936558198724
124.89000348091126,-70.52863819911099,-70.52863819911099
124.90000348091125,-70.52792096344086,-70.52792096344086
124.91000348091126,-70.52721403551801,-70.52721403551801
124.92000348091125,-70.52651757332262,-70.52651757332262
124.93000348091125,-70.5258317323292,-70.5258317323292
124.94000348091126,-70.52515666549449,-70.52515666549449
124.95000350475311,-70.52449252167969,-70.52449252167969
124.96000350475312,-70.52383330849186,-70.52383330849186
124.97000350475311,-70.52317648051174,-70.52317648051174
124.98000350475311,-70.52252087348438,-70.52252087348438
124.99000350475312,-70.52186596110964,-70.52186596110964
125.00000350475311,-70.52121157168709,-70.52121157168709
125.01000350475312,-70.52055774084157,-70.52055774084157
125.0200035047531,-70.51990462513817,-70.51990462513817
125.03000350475311,-70.51925245012482,-70.51925245012482
125.04000350475312,-70.51860147906991,-70.51860147906991
125.05000350475311,-70.51795199421998,-70.51795199421998
125.06000350475311,-70.51730428559884,-70.51730428559884
125.07000350475312,-70.51665864444188,-70.51665864444188
125.08000350475311,-70.51601535946209,-70.51601535946209
125.09000350475311,-70.51537471475608,-70.51537471475608
125.10000350475312,-70.51473698880845,-70.51473698880845
125.11000350475311,-70.51410245411495,-70.51410245411495
125.12000350475311,-70.51347137708454,-70.51347137708454
125.13000350475312,-70.51284401824404,-70.51284401824404
125.14000350475311,-70.51222063247246,-70.51222063247246
125.15000350475312,-70.51160146930604,-70.51160146930604
125.1600035047531,-70.51098677324484,-70.51098677324484
125.17000350475311,-70.51037678405262,-70.51037678405262
125.18000350475312,-70.50977173703254,-70.50977173703254
125.19000350475311,-70.50917186326424,-70.50917186326424
125.20000350475311,-70.50857738982876,-70.50857738982876
125.21000350475312,-70.50798239848754,-70.50798239848754
125.22000350475311,-70.50738442096242,-70.50738442096242
125.23000350475311,-70.5067823672099,-70.5067823672099
125.24000350475312,-70.50617578401233,-70.50617578401233
125.25000350475311,-70.50556457183187,-70.50556457183187
125.26000350475312,-70.50494883760959,-70.50494883760959
125.2700035047531,-70.50432880849868,-70.50432880849868
125.28000350475311,-70.50370477994285,-70.50370477994285
125.29000350475312,-70.50307708451385,-70.50307708451385
125.30000350475311,-70.50244607316937,-70.50244607316937
125.31000350475311,-70.50181210409707,-70.50181210409707
125.32000350475312,-70.50117553619087,-70.50117553619087
125.33000350475311,-70.50053672529702,-70.50053672529702
125.34000350475311,-70.4998960221755,-70.4998960221755
125.35000350475312,-70.49925377148992,-70.49925377148992
125.36000350475311,-70.498610311416,-70.498610311416
125.37000350475311,-70.49796597360718,-70.49796597360718
125.38000350475312,-70.49732108333494,-70.49732108333494
125.39000350475311,-70.49667595977556,-70.49667595977556
125.40000350475312,-70.49603091628008,-70.49603091628008
125.4100035047531,-70.49538626069044,-70.49538626069044
125.42000350475311,-70.49474229564208,-70.49474229564208
125.43000350475312,-70.49409931881164,-70.49409931881164
125.44000350475311,-70.49345762318534,-70.49345762318534
125.45000350475311,-70.49281749724621,-70.49281749724621
125.46000350475312,-70.4921792251809,-70.4921792251809
125.47000350475311,-70.49154308704269,-70.49154308704269
125.48000350475311,-70.49090935887615,-70.49090935887615
125.49000350475312,-70.49027831284475,-70.49027831284475
125.50000350475311,-70.48965021734107,-70.48965021734107
125.51000350475312,-70.48902533704259,-70.48902533704259
125.5200035047531,-70.48840393305149,-70.48840393305149
125.53000350475311,-70.48778626287843,-70.48778626287843
125.54000350475312,-70.4871725805488,-70.4871725805488
125.55000350475311,-70.48656313663957,-70.48656313663957
125.56000350475311,-70.48595817830278,-70.48595817830278
125.57000350475312,-70.48535794931509,-70.48535794931509
125.58000350475311,-70.48476269011039,-70.48476269011039
125.59000350475311,-70.48417263779105,-70.48417263779105
125.60000350475312,-70.48358802616292,-70.48358802616292
125.61000350475311,-70.48300908575926,-70.48300908575926
125.62000350475311,-70.48243604385553,-70.48243604385553
125.63000350475312,-70.48186912447785,-70.48186912447785
125.64000350475311,-70.48130854843794,-70.48130854843794
125.65000350475312,-70.48075453334265,-70.48075453334265
125.6600035047531,-70.48020729360375,-70.48020729360375
125.67000350475311,-70.47966704047003,-70.47966704047003
125.68000350475312,-70.47913398201405,-70.47913398201405
125.69000350475311,-70.47860832317087,-70.47860832317087
125.70000350475311,-70.47809026574902,-70.47809026574902
125.71000350475312,-70.47758000844753,-70.47758000844753
125.72000350475311,-70.47707774686944,-70.47707774686944
125.73000350475311,-70.4765836735393,-70.4765836735393
125.74000350475312,-70.47609797791144,-70.47609797791144
125.75000350475311,-70.47562084639728,-70.47562084639728
125.76000350475312,-70.47515246239122,-70.47515246239122
125.7700035047531,-70.4746930062711,-70.4746930062711
125.78000350475311,-70.47424265541932,-70.47424265541932
125.79000350475312,-70.47380158425123,-70.47380158425123
125.80000352859497,-70.47336996322124,-70.47336996322124
125.81000352859498,-70.47294796293401,-70.47294796293401
125.82000352859497,-70.47253574795828,-70.47253574795828
125.83000352859497,-70.47213348103803,-70.47213348103803
125.84000352859498,-70.4717413220454,-70.4717413220454
125.85000352859497,-70.4713594279951,-70.4713594279951
125.86000352859497,-70.4709879530981,-70.4709879530981
125.87000352859496,-70.47062704875205,-70.47062704875205
125.88000352859497,-70.47027686358702,-70.47027686358702
125.89000352859497,-70.46993754346217,-70.46993754346217
125.90000352859497,-70.46960923152987,-70.46960923152987
125.91000352859497,-70.46929206822816,-70.46929206822816
125.92000352859498,-70.46898619130938,-70.46898619130938
125.93000352859497,-70.46869173587918,-70.46869173587918
125.94000352859497,-70.46840883440342,-70.46840883440342
125.95000352859498,-70.46813761675122,-70.46813761675122
125.96000352859497,-70.46787207340331,-70.46787207340331
125.97000352859497,-70.46760964450185,-70.46760964450185
125.98000352859498,-70.46734914852976,-70.46734914852976
125.99000352859497,-70.46709004110902,-70.46709004110902
126.00000352859497,-70.46683213193117,-70.46683213193117
126.01000352859496,-70.46657543762184,-70.46657543762184
126.02000352859497,-70.4663200954375,-70.4663200954375
126.03000352859497,-70.46606631139389,-70.46606631139389
126.04000352859497,-70.46581432903321,-70.46581432903321
126.05000352859497,-70.4655644107133,-70.4655644107133
126.06000352859498,-70.46531682644554,-70.46531682644554
126.07000352859497,-70.46507184736852,-70.46507184736852
126.08000352859497,-70.46482974199186,-70.46482974199186
126.09000352859498,-70.4645907741737,-70.4645907741737
126.10000352859497,-70.46435520211904,-70.46435520211904
126.11000352859497,-70.46412327798967,-70.46412327798967
126.12000352859496,-70.46389524790136,-70.46389524790136
126.13000352859497,-70.46367135205976,-70.46367135205976
126.14000352859497,-70.46345182506249,-70.46345182506249
126.15000352859497,-70.46323689618848,-70.46323689618848
126.16000352859497,-70.46302678973782,-70.46302678973782
126.17000352859498,-70.46282172532779,-70.46282172532779
126.18000352859497,-70.46262191817468,-70.46262191817468
126.19000352859497,-70.4624275793572,-70.4624275793572
126.20000352859498,-70.46223891604465,-70.46223891604465
126.21000352859497,-70.4620499958193,-70.4620499958193
126.22000352859497,-70.46185833489375,-70.46185833489375
126.23000352859498,-70.46166282685685,-70.46166282685685
126.24000352859497,-70.46146300162452,-70.46146300162452
126.25000352859497,-70.46125874247055,-70.46125874247055
126.26000352859496,-70.46105013896542,-70.46105013896542
126.27000352859497,-70.46083740076875,-70.46083740076875
126.28000352859497,-70.46062080578707,-70.46062080578707
126.29000352859497,-70.46040066899289,-70.46040066899289
126.30000352859497,-70.46017732374051,-70.46017732374051
126.31000352859498,-70.45995111063334,-70.45995111063334
126.32000352859497,-70.45972237101168,-70.45972237101168
126.33000352859497,-70.45949144320316,-70.45949144320316
126.34000352859498,-70.45925866051876,-70.45925866051876
126.35000352859497,-70.45902435023514,-70.45902435023514
126.36000352859497,-70.4587888332419,-70.4587888332419
126.37000352859496,-70.4585524239813,-70.4585524239813
126.38000352859497,-70.45831543063828,-70.45831543063828
126.39000352859497,-70.45807815537928,-70.45807815537928
126.40000352859497,-70.45784089470146,-70.45784089470146
126.41000352859497,-70.45760393969036,-70.45760393969036
126.42000352859498,-70.45736757638683,-70.45736757638683
126.43000352859497,-70.45713208599558,-70.45713208599558
126.44000352859497,-70.45689774515827,-70.45689774515827
126.45000352859498,-70.45666482618658,-70.45666482618658
126.46000352859497,-70.45643359724274,-70.45643359724274
126.47000352859497,-70.45620432249629,-70.45620432249629
126.48000352859498,-70.45597726228165,-70.45597726228165
126.49000352859497,-70.45575267320821,-70.45575267320821
126.50000352859497,-70.45553080828094,-70.45553080828094
126.51000352859496,-70.4553119169806,-70.4553119169806
126.52000352859497,-70.45509624533244,-70.45509624533244
126.53000352859497,-70.45488403598767,-70.45488403598767
126.54000352859497,-70.45467552826105,-70.45467552826105
126.55000352859497,-70.45447095819056,-70.45447095819056
126.56000352859498,-70.45427055858875,-70.45427055858875
126.57000352859497,-70.45407455905443,-70.45407455905443
126.58000352859497,-70.45388318601334,-70.45388318601334
126.59000352859498,-70.45369666275408,-70.45369666275408
126.60000352859497,-70.45351520944483,-70.45351520944483
126.61000352859497,-70.45333904315498,-70.45333904315498
126.62000352859496,-70.45316837787463,-70.45316837787463
126.63000352859497,-70.45300342453136,-70.45300342453136
126.64000352859497,-70.45284439102339,-70.45284439102339
126.65000355243683,-70.4526914818407,-70.4526914818407
126.66000355243683,-70.45254489957986,-70.45254489957986
126.67000355243682,-70.45240484271974,-70.45240484271974
126.68000355243683,-70.45227150714557,-70.45227150714557
126.69000355243683,-70.4521450857531,-70.4521450857531
126.70000355243683,-70.45202576851624,-70.45202576851624
126.71000355243683,-70.45191374245931,-70.45191374245931
126.72000355243682,-70.45180919168735,-70.45180919168735
126.73000355243683,-70.45171229740491,-70.45171229740491
126.74000355243683,-70.45162323793055,-70.45162323793055
126.75000355243682,-70.45154218871012,-70.45154218871012
126.76000355243683,-70.45146932233533,-70.45146932233533
126.77000355243683,-70.45140480856084,-70.45140480856084
126.78000355243682,-70.45134881432894,-70.45134881432894
126.79000355243683,-70.45130150376207,-70.45130150376207
126.80000355243683,-70.45126303822269,-70.45126303822269
126.81000355243683,-70.45123357630031,-70.45123357630031
126.82000355243683,-70.45121327384052,-70.45121327384052
126.83000355243684,-70.45120228397313,-70.45120228397313
126.84000355243683,-70.4512007571131,-70.4512007571131
126.85000355243683,-70.45120884099995,-70.45120884099995
126.86000355243682,-70.45122668071014,-70.45122668071014
126.87000355243683,-70.45125441868095,-70.45125441868095
126.88000355243683,-70.45129219471809,-70.45129219471809
126.89000355243682,-70.45134014606249,-70.45134014606249
126.90000355243683,-70.45139840735385,-70.45139840735385
126.91000355243683,-70.45146711070001,-70.45146711070001
126.92000355243682,-70.45154638566076,-70.45154638566076
126.93000355243683,-70.45163635930557,-70.45163635930557
126.94000355243683,-70.45173715622553,-70.45173715622553
126.95000355243683,-70.45184889854994,-70.45184889854994
126.96000355243683,-70.4519655717512,-70.4519655717512
126.97000355243682,-70.45208461112867,-70.45208461112867
126.98000355243683,-70.45220483012596,-70.45220483012596
126.99000355243683,-70.45232567914539,-70.45232567914539
127.00000355243682,-70.45244696258031,-70.45244696258031
127.01000355243683,-70.45256869169312,-70.45256869169312
127.02000355243683,-70.45269099834391,-70.45269099834391
127.03000355243682,-70.45281408310946,-70.45281408310946
127.04000355243683,-70.45293818410589,-70.45293818410589
127.05000355243683,-70.45306355827105,-70.45306355827105
127.06000355243683,-70.45319047020176,-70.45319047020176
127.07000355243683,-70.45331918563826,-70.45331918563826
127.08000355243684,-70.45344996772361,-70.45344996772361
127.09000355243683,-70.45358307499609,-70.45358307499609
127.10000355243683,-70.45371876035472,-70.45371876035472
127.11000355243682,-70.45385727074071,-70.45385727074071
127.12000355243683,-70.4539988470701,-70.4539988470701
127.13000355243683,-70.4541437244263,-70.4541437244263
127.14000355243682,-70.45429213233406,-70.45429213233406
127.15000355243683,-70.45444429507802,-70.45444429507802
127.16000355243683,-70.45460043201332,-70.45460043201332
127.17000355243682,-70.45476075789945,-70.45476075789945
127.18000355243683,-70.45492548316443,-70.45492548316443
127.19000355243683,-70.45509481417425,-70.45509481417425
127.20000355243683,-70.45526895346403,-70.45526895346403
127.21000355243683,-70.45544809992859,-70.45544809992859
127.22000355243682,-70.45563244901726,-70.45563244901726
127.23000355243683,-70.45582219287395,-70.45582219287395
127.24000355243683,-70.45601752047631,-70.45601752047631
127.25000355243682,-70.45621861774404,-70.45621861774404
127.26000355243683,-70.45642566764475,-70.45642566764475
127.27000355243683,-70.45663885027491,-70.45663885027491
127.28000355243682,-70.45685834293653,-70.45685834293653
127.29000355243683,-70.45708432018986,-70.45708432018986
127.30000355243683,-70.4573169539218,-70.4573169539218
127.31000355243683,-70.45755641340035,-70.45755641340035
127.32000355243683,-70.45780286527791,-70.45780286527791
127.33000355243684,-70.45805647367828,-70.45805647367828
127.34000355243683,-70.45831740019794,-70.45831740019794
127.35000355243683,-70.45858580392994,-70.45858580392994
127.36000355243682,-70.45886184152131,-70.45886184152131
127.37000355243683,-70.4591456671733,-70.4591456671733
127.38000355243683,-70.45943743265303,-70.45943743265303
127.39000355243682,-70.45973728734307,-70.45973728734307
127.40000355243683,-70.46004537823677,-70.46004537823677
127.41000355243683,-70.46036184996545,-70.46036184996545
127.42000355243682,-70.46068684481676,-70.46068684481676
127.43000355243683,-70.46102050273481,-70.46102050273481
127.44000355243683,-70.46136296135758,-70.46136296135758
127.45000355243683,-70.46171435603004,-70.46171435603004
127.46000355243683,-70.46206868486577,-70.46206868486577
127.47000355243682,-70.46242339675881,-70.46242339675881
127.48000355243683,-70.46277731906284,-70.46277731906284
127.49000355243683,-70.46312991627262,-70.46312991627262
127.50000357627869,-70.46348100781641,-70.46348100781641
127.51000357627869,-70.46383061753963,-70.46383061753963
127.52000357627868,-70.46417889250246,-70.46417889250246
127.53000357627869,-70.46452604769864,-70.46452604769864
127.54000357627869,-70.46487233569789,-70.46487233569789
127.55000357627868,-70.46521802791601,-70.46521802791601
127.56000357627869,-70.46556340347225,-70.46556340347225
127.57000357627868,-70.46590874266049,-70.46590874266049
127.58000357627868,-70.46625432318523,-70.46625432318523
127.59000357627869,-70.46660041815089,-70.46660041815089
127.60000357627868,-70.46694729507378,-70.46694729507378
127.61000357627869,-70.46729521545781,-70.46729521545781
127.62000357627869,-70.46764443481256,-70.46764443481256
127.63000357627868,-70.4679952027878,-70.4679952027878
127.64000357627869,-70.46834776348254,-70.46834776348254
127.65000357627869,-70.46870235571201,-70.46870235571201
127.66000357627868,-70.46905921333975,-70.46905921333975
127.67000357627869,-70.46941856562583,-70.46941856562583
127.6800035762787,-70.46978063743602,-70.46978063743602
127.69000357627868,-70.4701456495557,-70.4701456495557
127.70000357627869,-70.4705138188817,-70.4705138188817
127.71000357627868,-70.47088535863102,-70.47088535863102
127.72000357627869,-70.47126047851211,-70.47126047851211
127.73000357627869,-70.47163938488664,-70.47163938488664
127.74000357627868,-70.47202228088676,-70.47202228088676
127.75000357627869,-70.47240936650836,-70.47240936650836
127.76000357627869,-70.4728008387437,-70.4728008387437
127.77000357627868,-70.47319689164108,-70.47319689164108
127.78000357627869,-70.47359771636702,-70.47359771636702
127.79000357627869,-70.4740035012887,-70.4740035012887
127.80000357627868,-70.47441443202096,-70.47441443202096
127.81000357627869,-70.47483069145225,-70.47483069145225
127.82000357627868,-70.47525245980216,-70.47525245980216
127.83000357627868,-70.4756799146531,-70.4756799146531
127.84000357627869,-70.47611323098201,-70.47611323098201
127.85000357627868,-70.4765525811672,-70.4765525811672
127.86000357627869,-70.47699813505393,-70.47699813505393
127.87000357627869,-70.47745005993248,-70.47745005993248
127.88000357627868,-70.47790852058226,-70.47790852058226
127.89000357627869,-70.47837367928909,-70.47837367928909
127.90000357627869,-70.4788456958516,-70.4788456958516
127.91000357627868,-70.47932472760853,-70.47932472760853
127.92000357627869,-70.47981092945,-70.47981092945
127.9300035762787,-70.48030445383203,-70.48030445383203
127.94000357627868,-70.48080545078618,-70.48080545078618
127.95000357627869,-70.48131406794346,-70.48131406794346
127.96000357627868,-70.48182431415599,-70.48182431415599
127.97000357627869,-70.48233365017337,-70.48233365017337
127.98000357627869,-70.48284091548669,-70.48284091548669
127.99000357627868,-70.48334558675919,-70.48334558675919
128.0000035762787,-70.48384749466766,-70.48384749466766
128.01000357627868,-70.48434667675892,-70.48434667675892
128.0200035762787,-70.48484329112824,-70.48484329112824
128.0300035762787,-70.48533756452382,-70.48533756452382
128.04000357627868,-70.48582976114488,-70.48582976114488
128.0500035762787,-70.48632016390663,-70.48632016390663
128.0600035762787,-70.48680906329417,-70.48680906329417
128.07000357627868,-70.48729675083047,-70.48729675083047
128.0800035762787,-70.48778351531755,-70.48778351531755
128.0900035762787,-70.48826964083173,-70.48826964083173
128.10000357627868,-70.48875540571932,-70.48875540571932
128.1100035762787,-70.48924108221203,-70.48924108221203
128.1200035762787,-70.48972693640297,-70.48972693640297
128.13000357627868,-70.4902132284226,-70.4902132284226
128.14000357627867,-70.49070021270794,-70.49070021270794
128.1500035762787,-70.49118813831183,-70.49118813831183
128.16000357627868,-70.49167724923521,-70.49167724923521
128.17000357627867,-70.49216778471626,-70.49216778471626
128.1800035762787,-70.49265997952502,-70.49265997952502
128.19000357627868,-70.49315406421121,-70.49315406421121
128.20000357627868,-70.4936502653382,-70.4936502653382
128.2100035762787,-70.49414880568311,-70.49414880568311
128.22000357627869,-70.49464990441209,-70.49464990441209
128.23000357627868,-70.4951537772233,-70.4951537772233
128.2400035762787,-70.49566063647266,-70.49566063647266
128.2500035762787,-70.49617069130363,-70.49617069130363
128.26000357627868,-70.49668414772681,-70.49668414772681
128.2700035762787,-70.49720120872553,-70.49720120872553
128.2800035762787,-70.49772207428431,-70.49772207428431
128.29000357627868,-70.49824694150509,-70.49824694150509
128.3000035762787,-70.49877600461666,-70.49877600461666
128.3100035762787,-70.49930945504532,-70.49930945504532
128.32000357627868,-70.49984748144324,-70.49984748144324
128.3300035762787,-70.50039026971994,-70.50039026971994
128.3400035762787,-70.50093800310255,-70.50093800310255
128.35000360012054,-70.50149086344462,-70.50149086344462
128.36000360012054,-70.50204902601145,-70.50204902601145
128.37000360012055,-70.50261266737567,-70.50261266737567
128.38000360012055,-70.50318196017417,-70.50318196017417
128.39000360012054,-70.5037570744898,-70.5037570744898
128.40000360012056,-70.50433817781952,-70.50433817781952
128.41000360012055,-70.50492543510174,-70.50492543510174
128.42000360012054,-70.50551900876023,-70.50551900876023
128.43000360012056,-70.50611905868114,-70.50611905868114
128.44000360012055,-70.50672574225366,-70.50672574225366
128.45000360012054,-70.5073392143839,-70.5073392143839
128.46000360012056,-70.50795962750806,-70.50795962750806
128.47000360012055,-70.50858713159263,-70.50858713159263
128.48000360012054,-70.50922187417385,-70.50922187417385
128.49000360012053,-70.50986400035859,-70.50986400035859
128.50000360012055,-70.51051365284182,-70.51051365284182
128.51000360012054,-70.51117097193969,-70.51117097193969
128.52000360012053,-70.51183609557248,-70.51183609557248
128.53000360012055,-70.51250915931065,-70.51250915931065
128.54000360012054,-70.51319029637065,-70.51319029637065
128.55000360012053,-70.51387963764925,-70.51387963764925
128.56000360012055,-70.5145773117362,-70.5145773117362
128.57000360012054,-70.51528344491409,-70.51528344491409
128.58000360012053,-70.5159981612088,-70.5159981612088
128.59000360012055,-70.51672158237449,-70.51672158237449
128.60000360012054,-70.51745382792764,-70.51745382792764
128.61000360012054,-70.51819501516941,-70.51819501516941
128.62000360012055,-70.51894525920495,-70.51894525920495
128.63000360012055,-70.51970467293846,-70.51970467293846
128.64000360012054,-70.52047336713517,-70.52047336713517
128.65000360012056,-70.5212514503918,-70.5212514503918
128.66000360012055,-70.52203902919713,-70.52203902919713
128.67000360012054,-70.52283620791971,-70.52283620791971
128.68000360012056,-70.52364308886736,-70.52364308886736
128.69000360012055,-70.52445977226138,-70.52445977226138
128.70000360012054,-70.52528635628674,-70.52528635628674
128.71000360012056,-70.52611679666664,-70.52611679666664
128.72000360012055,-70.52694850390084,-70.52694850390084
128.73000360012054,-70.52778026847447,-70.52778026847447
128.74000360012053,-70.52861151875639,-70.52861151875639
128.75000360012055,-70.5294420376986,-70.5294420376986
128.76000360012054,-70.53027181557667,-70.53027181557667
128.77000360012053,-70.53110096365643,-70.53110096365643
128.78000360012055,-70.5319296622456,-70.5319296622456
128.79000360012054,-70.5327581295075,-70.5327581295075
128.80000360012053,-70.53358660270399,-70.53358660270399
128.81000360012055,-70.53441532707377,-70.53441532707377
128.82000360012054,-70.53524454925811,-70.53524454925811
128.83000360012053,-70.53607451362235,-70.53607451362235
128.84000360012055,-70.53690546019249,-70.53690546019249
128.85000360012054,-70.53773762367696,-70.53773762367696
128.86000360012054,-70.5385712331012,-70.5385712331012
128.87000360012055,-70.53940651177564,-70.53940651177564
128.88000360012055,-70.54024367746325,-70.54024367746325
128.89000360012054,-70.54108294269241,-70.54108294269241
128.90000360012056,-70.54192451502284,-70.54192451502284
128.91000360012055,-70.54276859741724,-70.54276859741724
128.92000360012054,-70.54361538851909,-70.54361538851909
128.93000360012056,-70.54446508294367,-70.54446508294367
128.94000360012055,-70.54531787155219,-70.54531787155219
128.95000360012054,-70.5461739416635,-70.5461739416635
128.96000360012056,-70.54703347726014,-70.54703347726014
128.97000360012055,-70.54789665916604,-70.54789665916604
128.98000360012054,-70.548763665203,-70.548763665203
128.99000360012053,-70.54963467029859,-70.54963467029859
129.00000360012055,-70.5505098466349,-70.5505098466349
129.01000360012054,-70.55138936371122,-70.55138936371122
129.02000360012053,-70.55227338843511,-70.55227338843511
129.03000360012055,-70.55316208520347,-70.55316208520347
129.04000360012054,-70.55405561597009,-70.55405561597009
129.05000360012053,-70.55495414026421,-70.55495414026421
129.06000360012055,-70.5558578152761,-70.5558578152761
129.07000360012054,-70.55676679585582,-70.55676679585582
129.08000360012053,-70.55768123458596,-70.55768123458596
129.09000360012055,-70.55860128178792,-70.55860128178792
129.10000360012054,-70.5595270855453,-70.5595270855453
129.11000360012054,-70.56045879174313,-70.56045879174313
129.12000360012055,-70.56139654407168,-70.56139654407168
129.13000360012055,-70.56234048406576,-70.56234048406576
129.14000360012054,-70.56329075109299,-70.56329075109299
129.15000360012056,-70.56424748240407,-70.56424748240407
129.16000360012055,-70.56521081310967,-70.56521081310967
129.17000360012054,-70.56618087621767,-70.56618087621767
129.18000360012056,-70.56715780265063,-70.56715780265063
129.19000360012055,-70.56814172123511,-70.56814172123511
129.2000036239624,-70.56913276110404,-70.56913276110404
129.2100036239624,-70.57012489784553,-70.57012489784553
129.2200036239624,-70.57111557118894,-70.57111557118894
129.2300036239624,-70.572103599296,-70.572103599296
129.2400036239624,-70.57308843854338,-70.57308843854338
129.2500036239624,-70.57406990000132,-70.57406990000132
129.2600036239624,-70.57504800211811,-70.57504800211811
129.2700036239624,-70.57602288430043,-70.57602288430043
129.28000362396241,-70.5769947549652,-70.5769947549652
129.2900036239624,-70.5779638602979,-70.5779638602979
129.3000036239624,-70.5789304655026,-70.5789304655026
129.31000362396242,-70.57989484363469,-70.57989484363469
129.3200036239624,-70.58085726906404,-70.58085726906404
129.3300036239624,-70.5818180137285,-70.5818180137285
129.3400036239624,-70.58277734511809,-70.58277734511809
129.3500036239624,-70.58373552526918,-70.58373552526918
129.3600036239624,-70.58469281037264,-70.58469281037264
129.3700036239624,-70.58564945075791,-70.58564945075791
129.3800036239624,-70.5866056910707,-70.5866056910707
129.3900036239624,-70.58756177052928,-70.58756177052928
129.4000036239624,-70.58851792323864,-70.58851792323864
129.4100036239624,-70.58947437851236,-70.58947437851236
129.4200036239624,-70.59043136118875,-70.59043136118875
129.4300036239624,-70.59138909189232,-70.59138909189232
129.4400036239624,-70.59234778729758,-70.59234778729758
129.4500036239624,-70.59330766034772,-70.59330766034772
129.4600036239624,-70.59426892047016,-70.59426892047016
129.4700036239624,-70.59523177371848,-70.59523177371848
129.4800036239624,-70.59619642294751,-70.59619642294751
129.4900036239624,-70.59716306793068,-70.59716306793068
129.5000036239624,-70.59813190546038,-70.59813190546038
129.5100036239624,-70.59910312945891,-70.59910312945891
129.5200036239624,-70.6000769310543,-70.6000769310543
129.53000362396241,-70.60105349863973,-70.60105349863973
129.5400036239624,-70.60203301793024,-70.60203301793024
129.5500036239624,-70.60301567203477,-70.60301567203477
129.56000362396242,-70.60400164148547,-70.60400164148547
129.5700036239624,-70.60499110426072,-70.60499110426072
129.5800036239624,-70.60598423585472,-70.60598423585472
129.5900036239624,-70.60698120926324,-70.60698120926324
129.6000036239624,-70.60798219504228,-70.60798219504228
129.6100036239624,-70.60898736131215,-70.60898736131215
129.6200036239624,-70.60999687379348,-70.60999687379348
129.6300036239624,-70.61101089580188,-70.61101089580188
129.6400036239624,-70.61202958828186,-70.61202958828186
129.6500036239624,-70.61305310982623,-70.61305310982623
129.6600036239624,-70.61408161667399,-70.61408161667399
129.6700036239624,-70.61511526272922,-70.61511526272922
129.6800036239624,-70.61615419958287,-70.61615419958287
129.6900036239624,-70.61719857653453,-70.61719857653453
129.7000036239624,-70.61824854056559,-70.61824854056559
129.7100036239624,-70.61929808783295,-70.61929808783295
129.7200036239624,-70.62034467387038,-70.62034467387038
129.7300036239624,-70.62138713575195,-70.62138713575195
129.7400036239624,-70.62242494894862,-70.62242494894862
129.7500036239624,-70.62345794362813,-70.62345794362813
129.7600036239624,-70.62448615724391,-70.62448615724391
129.7700036239624,-70.62550974804871,-70.62550974804871
129.78000362396241,-70.62652894314418,-70.62652894314418
129.7900036239624,-70.62754400716486,-70.62754400716486
129.8000036239624,-70.62855522358578,-70.62855522358578
129.81000362396242,-70.62956288352203,-70.62956288352203
129.8200036239624,-70.6305672791702,-70.6305672791702
129.8300036239624,-70.63156870010178,-70.63156870010178
129.8400036239624,-70.63256743121075,-70.63256743121075
129.8500036239624,-70.63356375172958,-70.63356375172958
129.8600036239624,-70.63455793483112,-70.63455793483112
129.8700036239624,-70.63555024763208,-70.63555024763208
129.8800036239624,-70.63654095134432,-70.63654095134432
129.8900036239624,-70.63753030154683,-70.63753030154683
129.9000036239624,-70.63851854851369,-70.63851854851369
129.9100036239624,-70.639505937528,-70.639505937528
129.9200036239624,-70.64049270917337,-70.64049270917337
129.9300036239624,-70.641479099657,-70.641479099657
129.9400036239624,-70.64246534101926,-70.64246534101926
129.9500036239624,-70.64345166138506,-70.64345166138506
129.9600036239624,-70.64443213474331,-70.64443213474331
129.9700036239624,-70.64540429453649,-70.64540429453649
129.9800036239624,-70.64636705509834,-70.64636705509834
129.9900036239624,-70.64731996836947,-70.64731996836947
130.0000036239624,-70.64826294018145,-70.64826294018145
130.0100036239624,-70.64919608288263,-70.64919608288263
130.0200036239624,-70.6501196288837,-70.6501196288837
130.03000362396241,-70.65103387875448,-70.65103387875448
130.0400036239624,-70.65193916994222,-70.65193916994222
130.05000364780426,-70.65283586023433,-70.65283586023433
130.06000364780425,-70.65372430802498,-70.65372430802498
130.07000364780427,-70.65460487870295,-70.65460487870295
130.08000364780426,-70.6554779322759,-70.6554779322759
130.09000364780425,-70.65634382353959,-70.65634382353959
130.10000364780427,-70.65720290109508,-70.65720290109508
130.11000364780426,-70.65805550696459,-70.65805550696459
130.12000364780425,-70.65890197656768,-70.65890197656768
130.13000364780427,-70.65974263891204,-70.65974263891204
130.14000364780426,-70.6605778168584,-70.6605778168584
130.15000364780425,-70.6614078274306,-70.6614078274306
130.16000364780427,-70.66223298215313,-70.66223298215313
130.17000364780426,-70.66305358733514,-70.66305358733514
130.18000364780426,-70.66386994435152,-70.66386994435152
130.19000364780425,-70.66468234990597,-70.66468234990597
130.20000364780427,-70.66549109625916,-70.66549109625916
130.21000364780426,-70.66629647139553,-70.66629647139553
130.22000364780425,-70.66709875923154,-70.66709875923154
130.23000364780427,-70.66789823973102,-70.66789823973102
130.24000364780426,-70.66869518904213,-70.66869518904213
130.25000364780425,-70.66948987959856,-70.66948987959856
130.26000364780427,-70.67028258023593,-70.67028258023593
130.27000364780426,-70.67107355621872,-70.67107355621872
130.28000364780425,-70.67186306937268,-70.67186306937268
130.29000364780427,-70.67265137808819,-70.67265137808819
130.30000364780426,-70.6734387373887,-70.6734387373887
130.31000364780425,-70.67422539898877,-70.67422539898877
130.32000364780427,-70.67501161129711,-70.67501161129711
130.33000364780426,-70.67579761948302,-70.67579761948302
130.34000364780425,-70.67658366548335,-70.67658366548335
130.35000364780427,-70.6773699880321,-70.6773699880321
130.36000364780426,-70.6781568226951,-70.6781568226951
130.37000364780425,-70.67894440186248,-70.67894440186248
130.38000364780427,-70.67973295480252,-70.67973295480252
130.39000364780426,-70.68052270764964,-70.68052270764964
130.40000364780425,-70.68131388344169,-70.68131388344169
130.41000364780427,-70.68210670213433,-70.68210670213433
130.42000364780426,-70.68290138059537,-70.68290138059537
130.43000364780426,-70.6836981326562,-70.6836981326562
130.44000364780425,-70.6844971690889,-70.6844971690889
130.45000364780427,-70.68529869766071,-70.68529869766071
130.46000364780426,-70.6861029231131,-70.6861029231131
130.47000364780425,-70.68691004719707,-70.68691004719707
130.48000364780427,-70.68772026870238,-70.68772026870238
130.49000364780426,-70.68853378344149,-70.68853378344149
130.50000364780425,-70.68935078428505,-70.68935078428505
130.51000364780427,-70.6901714611935,-70.6901714611935
130.52000364780426,-70.69099600120096,-70.69099600120096
130.53000364780425,-70.69182458846912,-70.69182458846912
130.54000364780427,-70.6926574042769,-70.6926574042769
130.55000364780426,-70.6934946270569,-70.6934946270569
130.56000364780425,-70.69433643239819,-70.69433643239819
130.57000364780427,-70.69518299309134,-70.69518299309134
130.58000364780426,-70.6960344791267,-70.6960344791267
130.59000364780425,-70.69689105773084,-70.69689105773084
130.60000364780427,-70.6977528933747,-70.6977528933747
130.61000364780426,-70.69862014779709,-70.69862014779709
130.62000364780425,-70.69949298004131,-70.69949298004131
130.63000364780427,-70.70037154645833,-70.70037154645833
130.64000364780426,-70.70125600073172,-70.70125600073172
130.65000364780425,-70.7021464939221,-70.7021464939221
130.66000364780427,-70.70304317445203,-70.70304317445203
130.67000364780426,-70.70394618817055,-70.70394618817055
130.68000364780426,-70.7048556783538,-70.7048556783538
130.69000364780425,-70.70577178572113,-70.70577178572113
130.70000364780427,-70.70669464848571,-70.70669464848571
130.71000364780426,-70.70762440235596,-70.70762440235596
130.72000364780425,-70.70856118057186,-70.70856118057186
130.73000364780427,-70.70950511392283,-70.70950511392283
130.74000364780426,-70.71045633077622,-70.71045633077622
130.75000364780425,-70.7114149571005,-70.7114149571005
130.76000364780427,-70.71238111649767,-70.71238111649767
130.77000364780426,-70.7133549302034,-70.7133549302034
130.78000364780425,-70.71433651715353,-70.71433651715353
130.79000364780427,-70.71532599396907,-70.71532599396907
130.80000364780426,-70.71632347501027,-70.71632347501027
130.81000364780425,-70.71732907237578,-70.71732907237578
130.82000364780427,-70.71834289596016,-70.71834289596016
130.83000364780426,-70.71936505344598,-70.71936505344598
130.84000364780425,-70.72039565035118,-70.72039565035118
130.85000364780427,-70.72143479004833,-70.72143479004833
130.86000364780426,-70.72248257377773,-70.72248257377773
130.87000364780425,-70.72353910069059,-70.72353910069059
130.88000364780427,-70.72460446787119,-70.72460446787119
130.89000364780426,-70.72567877035264,-70.72567877035264
130.90000367164612,-70.72676210372629,-70.72676210372629
130.9100036716461,-70.72785455387907,-70.72785455387907
130.92000367164613,-70.7289562123963,-70.7289562123963
130.93000367164612,-70.7300671663695,-70.7300671663695
130.9400036716461,-70.73118750097846,-70.73118750097846
130.95000367164613,-70.73231729949052,-70.73231729949052
130.96000367164612,-70.73345664330184,-70.73345664330184
130.9700036716461,-70.73460561196387,-70.73460561196387
130.98000367164613,-70.73576428319518,-70.73576428319518
130.99000367164612,-70.73693273290625,-70.73693273290625
131.0000036716461,-70.73811103524042,-70.73811103524042
131.01000367164613,-70.73929926257364,-70.73929926257364
131.02000367164612,-70.74049748554664,-70.74049748554664
131.0300036716461,-70.74170577311045,-70.74170577311045
131.0400036716461,-70.74292419250295,-70.74292419250295
131.05000367164612,-70.7441528093128,-70.7441528093128
131.06000367164611,-70.74539168747825,-70.74539168747825
131.0700036716461,-70.74664088932688,-70.74664088932688
131.08000367164612,-70.74790047558267,-70.74790047558267
131.09000367164612,-70.74917050539501,-70.74917050539501
131.1000036716461,-70.75045103635503,-70.75045103635503
131.11000367164613,-70.75174212453322,-70.75174212453322
131.12000367164612,-70.75304382447976,-70.75304382447976
131.1300036716461,-70.75435618926079,-70.75435618926079
131.14000367164613,-70.75567927046657,-70.75567927046657
131.15000367164612,-70.75701311823963,-70.75701311823963
131.1600036716461,-70.75835778130654,-70.75835778130654
131.17000367164613,-70.7597133069716,-70.7597133069716
131.18000367164612,-70.76107974115183,-70.76107974115183
131.1900036716461,-70.76245712840655,-70.76245712840655
131.20000367164613,-70.7638455119521,-70.7638455119521
131.21000367164612,-70.76523877178553,-70.76523877178553
131.2200036716461,-70.76663425575792,-70.76663425575792
131.23000367164613,-70.76803069710954,-70.76803069710954
131.24000367164612,-70.76942746971251,-70.76942746971251
131.2500036716461,-70.77082430380383,-70.77082430380383
131.26000367164613,-70.77222113825535,-70.77222113825535
131.27000367164612,-70.77361803393025,-70.77361803393025
131.2800036716461,-70.77501512160842,-70.77501512160842
131.2900036716461,-70.77641257066828,-70.77641257066828
131.30000367164612,-70.77781057028874,-70.77781057028874
131.31000367164611,-70.77920931828054,-70.77920931828054
131.3200036716461,-70.78060901452446,-70.78060901452446
131.33000367164612,-70.78200985724062,-70.78200985724062
131.34000367164612,-70.78341204094689,-70.78341204094689
131.3500036716461,-70.78481575547399,-70.78481575547399
131.36000367164613,-70.78622118558948,-70.78622118558948
131.37000367164612,-70.78762851095911,-70.78762851095911
131.3800036716461,-70.78903790634193,-70.78903790634193
131.39000367164613,-70.7904495418683,-70.7904495418683
131.40000367164612,-70.79186358332305,-70.79186358332305
131.4100036716461,-70.79328019250467,-70.79328019250467
131.42000367164613,-70.79469952750388,-70.79469952750388
131.43000367164612,-70.79612174300867,-70.79612174300867
131.4400036716461,-70.79754699054034,-70.79754699054034
131.45000367164613,-70.79897541869454,-70.79897541869454
131.46000367164612,-70.80040100826933,-70.80040100826933
131.4700036716461,-70.80182120843301,-70.80182120843301
131.48000367164613,-70.80323485329977,-70.80323485329977
131.49000367164612,-70.80464141695309,-70.80464141695309
131.5000036716461,-70.80604072910086,-70.80604072910086
131.51000367164613,-70.80743282736029,-70.80743282736029
131.52000367164612,-70.80881787062488,-70.80881787062488
131.5300036716461,-70.81019608703194,-70.81019608703194
131.5400036716461,-70.81156774265989,-70.81156774265989
131.55000367164612,-70.81293312275068,-70.81293312275068
131.56000367164611,-70.81429252056527,-70.81429252056527
131.5700036716461,-70.81564623081512,-70.81564623081512
131.58000367164612,-70.81699454595065,-70.81699454595065
131.59000367164612,-70.81833775412294,-70.81833775412294
131.6000036716461,-70.8196761382047,-70.8196761382047
131.61000367164613,-70.82100997540483,-70.82100997540483
131.62000367164612,-70.82233953722577,-70.82233953722577
131.6300036716461,-70.8236650896579,-70.8236650896579
131.64000367164613,-70.82498689343612,-70.82498689343612
131.65000367164612,-70.82630520433831,-70.82630520433831
131.6600036716461,-70.82762027352828,-70.82762027352828
131.67000367164613,-70.8289323478144,-70.8289323478144
131.68000367164612,-70.83024166994517,-70.83024166994517
131.6900036716461,-70.83154847886703,-70.83154847886703
131.70000367164613,-70.83285300989928,-70.83285300989928
131.71000367164612,-70.83415549496752,-70.83415549496752
131.7200036716461,-70.83545616272846,-70.83545616272846
131.73000367164613,-70.8367552387428,-70.8367552387428
131.74000367164612,-70.83805294556235,-70.83805294556235
131.75000369548798,-70.83934950592725,-70.83934950592725
131.76000369548797,-70.84064513049981,-70.84064513049981
131.770003695488,-70.84194003646788,-70.84194003646788
131.78000369548798,-70.84323443525004,-70.84323443525004
131.79000369548797,-70.84452853561058,-70.84452853561058
131.800003695488,-70.84582254374229,-70.84582254374229
131.81000369548798,-70.84711666326102,-70.84711666326102
131.82000369548797,-70.8484110952499,-70.8484110952499
131.830003695488,-70.84970603828509,-70.84970603828509
131.84000369548798,-70.85100168845446,-70.85100168845446
131.85000369548797,-70.85229823937364,-70.85229823937364
131.860003695488,-70.85359588220003,-70.85359588220003
131.87000369548798,-70.85489480564041,-70.85489480564041
131.88000369548797,-70.85619519596717,-70.85619519596717
131.89000369548796,-70.85749723702595,-70.85749723702595
131.90000369548798,-70.8588011102507,-70.8588011102507
131.91000369548797,-70.86010699466144,-70.86010699466144
131.92000369548796,-70.86141506687343,-70.86141506687343
131.93000369548798,-70.86272550110986,-70.86272550110986
131.94000369548797,-70.86403846920757,-70.86403846920757
131.95000369548796,-70.86535414061822,-70.86535414061822
131.96000369548798,-70.86666651195688,-70.86666651195688
131.97000369548797,-70.86797305168574,-70.86797305168574
131.98000369548797,-70.86927261454392,-70.86927261454392
131.99000369548799,-70.87056469574092,-70.87056469574092
132.00000369548798,-70.87184914621875,-70.87184914621875
132.01000369548797,-70.87312602479463,-70.87312602479463
132.020003695488,-70.87439551134815,-70.87439551134815
132.03000369548798,-70.87565785468618,-70.87565785468618
132.04000369548797,-70.87691334118884,-70.87691334118884
132.050003695488,-70.87816227596672,-70.87816227596672
132.06000369548798,-70.87940497168627,-70.87940497168627
132.07000369548797,-70.88064174197339,-70.88064174197339
132.080003695488,-70.88187289769027,-70.88187289769027
132.09000369548798,-70.88309874488233,-70.88309874488233
132.10000369548797,-70.88431958378487,-70.88431958378487
132.110003695488,-70.88553570841825,-70.88553570841825
132.12000369548798,-70.88674740657922,-70.88674740657922
132.13000369548797,-70.88795496003175,-70.88795496003175
132.14000369548796,-70.88915864474411,-70.88915864474411
132.15000369548798,-70.89035873121955,-70.89035873121955
132.16000369548797,-70.89155548481708,-70.89155548481708
132.17000369548796,-70.89274916605322,-70.89274916605322
132.18000369548798,-70.89394003089744,-70.89394003089744
132.19000369548797,-70.89512833100027,-70.89512833100027
132.20000369548796,-70.89631431394488,-70.89631431394488
132.21000369548798,-70.89749822344658,-70.89749822344658
132.22000369548797,-70.8986802995075,-70.8986802995075
132.23000369548797,-70.89986077859062,-70.89986077859062
132.24000369548799,-70.90103989371845,-70.90103989371845
132.25000369548798,-70.90221787461927,-70.90221787461927
132.26000369548797,-70.9033949477975,-70.9033949477975
132.270003695488,-70.90457133662763,-70.90457133662763
132.28000369548798,-70.90574726141391,-70.90574726141391
132.29000369548797,-70.90692293947464,-70.90692293947464
132.300003695488,-70.90809858516351,-70.90809858516351
132.31000369548798,-70.90927440993605,-70.90927440993605
132.32000369548797,-70.91045062239047,-70.91045062239047
132.330003695488,-70.9116274282866,-70.9116274282866
132.34000369548798,-70.91280503059808,-70.91280503059808
132.35000369548797,-70.91398362951621,-70.91398362951621
132.360003695488,-70.91516342250218,-70.91516342250218
132.37000369548798,-70.91634460427537,-70.91634460427537
132.38000369548797,-70.91752736686935,-70.91752736686935
132.39000369548796,-70.91871189961857,-70.91871189961857
132.40000369548798,-70.91989838921033,-70.91989838921033
132.41000369548797,-70.92108701967,-70.92108701967
132.42000369548796,-70.92227797239275,-70.92227797239275
132.43000369548798,-70.9234714261598,-70.9234714261598
132.44000369548797,-70.92466755715893,-70.92466755715893
132.45000369548796,-70.92586653897746,-70.92586653897746
132.46000369548798,-70.92706854265872,-70.92706854265872
132.47000369548797,-70.92827373666897,-70.92827373666897
132.48000369548797,-70.92948228694551,-70.92948228694551
132.49000369548799,-70.93069435690587,-70.93069435690587
132.50000369548798,-70.93191010745342,-70.93191010745342
132.51000369548797,-70.93312969700727,-70.93312969700727
132.520003695488,-70.93435328151304,-70.93435328151304
132.53000369548798,-70.93558101444698,-70.93558101444698
132.54000369548797,-70.93681304686147,-70.93681304686147
132.550003695488,-70.9380495273779,-70.9380495273779
132.56000369548798,-70.93929060220499,-70.93929060220499
132.57000369548797,-70.94053641517031,-70.94053641517031
132.580003695488,-70.94178710772933,-70.94178710772933
132.59000369548798,-70.94304281898704,-70.94304281898704
132.60000371932983,-70.9443036887121,-70.9443036887121
132.61000371932982,-70.94556984537758,-70.94556984537758
132.62000371932984,-70.94684142411406,-70.94684142411406
132.63000371932984,-70.94811855481151,-70.94811855481151
132.64000371932983,-70.94940136509024,-70.94940136509024
132.65000371932985,-70.95068998033666,-70.95068998033666
132.66000371932984,-70.95198452372847,-70.95198452372847
132.67000371932983,-70.95328511623147,-70.95328511623147
132.68000371932985,-70.954591876642,-70.954591876642
132.69000371932984,-70.95590492160605,-70.95590492160605
132.70000371932983,-70.95722436562828,-70.95722436562828
132.71000371932985,-70.9585503210933,-70.9585503210933
132.72000371932984,-70.95988289830285,-70.95988289830285
132.73000371932983,-70.96122220547574,-70.96122220547574
132.74000371932982,-70.96256834878587,-70.96256834878587
132.75000371932984,-70.96392143237833,-70.96392143237833
132.76000371932983,-70.96528155838405,-70.96528155838405
132.77000371932982,-70.96664882694971,-70.96664882694971
132.78000371932984,-70.96802333625692,-70.96802333625692
132.79000371932983,-70.96940518253903,-70.96940518253903
132.80000371932982,-70.97079446010285,-70.97079446010285
132.81000371932984,-70.97219126136586,-70.97219126136586
132.82000371932983,-70.97359567684357,-70.97359567684357
132.83000371932982,-70.97500779521988,-70.97500779521988
132.84000371932984,-70.97642770332813,-70.97642770332813
132.85000371932983,-70.97785548616814,-70.97785548616814
132.86000371932982,-70.9792912269729,-70.9792912269729
132.87000371932984,-70.98073500718908,-70.98073500718908
132.88000371932984,-70.98218690650634,-70.98218690650634
132.89000371932983,-70.9836470028967,-70.9836470028967
132.90000371932985,-70.98511537261177,-70.98511537261177
132.91000371932984,-70.98659209021055,-70.98659209021055
132.92000371932983,-70.98807722858866,-70.98807722858866
132.93000371932985,-70.9895708589997,-70.9895708589997
132.94000371932984,-70.99107305106284,-70.99107305106284
132.95000371932983,-70.992583872789,-70.992583872789
132.96000371932985,-70.994097208272,-70.994097208272
132.97000371932984,-70.99561042056914,-70.99561042056914
132.98000371932983,-70.99712226232714,-70.99712226232714
132.99000371932982,-70.99863212859758,-70.99863212859758
133.00000371932984,-71.00013977168116,-71.00013977168116
133.01000371932983,-71.00164515291863,-71.00164515291863
133.02000371932982,-71.00314835578749,-71.00314835578749
133.03000371932984,-71.00464953368427,-71.00464953368427
133.04000371932983,-71.00614887849063,-71.00614887849063
133.05000371932982,-71.00764660175248,-71.00764660175248
133.06000371932984,-71.00914292345595,-71.00914292345595
133.07000371932983,-71.01063806547766,-71.01063806547766
133.08000371932982,-71.01213224779254,-71.01213224779254
133.09000371932984,-71.01362568647322,-71.01362568647322
133.10000371932983,-71.01511859268903,-71.01511859268903
133.11000371932982,-71.01661117231984,-71.01661117231984
133.12000371932984,-71.01810362593538,-71.01810362593538
133.13000371932984,-71.01959614896694,-71.01959614896694
133.14000371932983,-71.02108893200226,-71.02108893200226
133.15000371932985,-71.02258216107725,-71.02258216107725
133.16000371932984,-71.0240760180082,-71.0240760180082
133.17000371932983,-71.02557068070969,-71.02557068070969
133.18000371932985,-71.02706632347407,-71.02706632347407
133.19000371932984,-71.02856311721334,-71.02856311721334
133.20000371932983,-71.03006122970257,-71.03006122970257
133.21000371932985,-71.03156082577705,-71.03156082577705
133.22000371932984,-71.03306206749959,-71.03306206749959
133.23000371932983,-71.03456511430862,-71.03456511430862
133.24000371932982,-71.03607012315088,-71.03607012315088
133.25000371932984,-71.03757724858355,-71.03757724858355
133.26000371932983,-71.03908664287823,-71.03908664287823
133.27000371932982,-71.04059845609422,-71.04059845609422
133.28000371932984,-71.04211283613876,-71.04211283613876
133.29000371932983,-71.0436299288272,-71.0436299288272
133.30000371932982,-71.0451498779488,-71.0451498779488
133.31000371932984,-71.04667282528904,-71.04667282528904
133.32000371932983,-71.04819891066771,-71.04819891066771
133.33000371932982,-71.04972827196947,-71.04972827196947
133.34000371932984,-71.05126104517832,-71.05126104517832
133.35000371932983,-71.0527973643843,-71.0527973643843
133.36000371932982,-71.05433736182273,-71.05433736182273
133.37000371932984,-71.05588116786241,-71.05588116786241
133.38000371932984,-71.05742891104279,-71.05742891104279
133.39000371932983,-71.058980718096,-71.058980718096
133.40000371932985,-71.06053671391777,-71.06053671391777
133.41000371932984,-71.06209702161676,-71.06209702161676
133.42000371932983,-71.0636617625095,-71.0636617625095
133.43000371932985,-71.0652310561269,-71.0652310561269
133.44000371932984,-71.06680502023171,-71.06680502023171
133.4500037431717,-71.06838377457943,-71.06838377457943
133.46000374317168,-71.0699674259119,-71.0699674259119
133.4700037431717,-71.07155609045401,-71.07155609045401
133.4800037431717,-71.07314987895724,-71.07314987895724
133.49000374317168,-71.07474890044492,-71.07474890044492
133.5000037431717,-71.07635326220598,-71.07635326220598
133.5100037431717,-71.07796306981058,-71.07796306981058
133.52000374317169,-71.07957842714534,-71.07957842714534
133.5300037431717,-71.08119943637531,-71.08119943637531
133.5400037431717,-71.08282619798389,-71.08282619798389
133.5500037431717,-71.08445881077256,-71.08445881077256
133.5600037431717,-71.08609737186961,-71.08609737186961
133.5700037431717,-71.08774197675893,-71.08774197675893
133.5800037431717,-71.08939271924714,-71.08939271924714
133.59000374317168,-71.09104969152015,-71.09104969152015
133.6000037431717,-71.09271298413174,-71.09271298413174
133.6100037431717,-71.09438268601036,-71.09438268601036
133.62000374317168,-71.09605888448249,-71.09605888448249
133.6300037431717,-71.09774166527757,-71.09774166527757
133.6400037431717,-71.09943111253368,-71.09943111253368
133.65000374317168,-71.10112730882874,-71.10112730882874
133.6600037431717,-71.10283033517099,-71.10283033517099
133.6700037431717,-71.10454027102186,-71.10454027102186
133.68000374317168,-71.1062571943057,-71.1062571943057
133.6900037431717,-71.1079811814343,-71.1079811814343
133.7000037431717,-71.10971230729325,-71.10971230729325
133.71000374317168,-71.11145064527554,-71.11145064527554
133.7200037431717,-71.11319626730753,-71.11319626730753
133.7300037431717,-71.11494924382657,-71.11494924382657
133.74000374317168,-71.1167096438246,-71.1167096438246
133.7500037431717,-71.11847753483411,-71.11847753483411
133.7600037431717,-71.12025298297984,-71.12025298297984
133.77000374317169,-71.12203605295485,-71.12203605295485
133.7800037431717,-71.12382680805054,-71.12382680805054
133.7900037431717,-71.12562531018844,-71.12562531018844
133.8000037431717,-71.12743161990134,-71.12743161990134
133.8100037431717,-71.12924579637051,-71.12924579637051
133.8200037431717,-71.13106789742464,-71.13106789742464
133.8300037431717,-71.13289797957276,-71.13289797957276
133.84000374317168,-71.13473609800444,-71.13473609800444
133.8500037431717,-71.13658230660084,-71.13658230660084
133.8600037431717,-71.13843665796537,-71.13843665796537
133.87000374317168,-71.14029920341824,-71.14029920341824
133.8800037431717,-71.14216999303804,-71.14216999303804
133.8900037431717,-71.14404907564713,-71.14404907564713
133.90000374317168,-71.14593649883095,-71.14593649883095
133.9100037431717,-71.14783230897913,-71.14783230897913
133.9200037431717,-71.14973655126413,-71.14973655126413
133.93000374317168,-71.15164926968195,-71.15164926968195
133.9400037431717,-71.15357050705617,-71.15357050705617
133.9500037431717,-71.15550030504558,-71.15550030504558
133.96000374317168,-71.15743870417455,-71.15743870417455
133.9700037431717,-71.15938574382695,-71.15938574382695
133.9800037431717,-71.16134146228407,-71.16134146228407
133.99000374317168,-71.16330589671918,-71.16330589671918
134.0000037431717,-71.165279083214,-71.165279083214
134.0100037431717,-71.16726105677853,-71.16726105677853
134.02000374317169,-71.16925185137119,-71.16925185137119
134.0300037431717,-71.17125149989472,-71.17125149989472
134.0400037431717,-71.17326003422724,-71.17326003422724
134.0500037431717,-71.17527748522204,-71.17527748522204
134.0600037431717,-71.17730388272857,-71.17730388272857
134.0700037431717,-71.17933925560338,-71.17933925560338
134.0800037431717,-71.18138363173547,-71.18138363173547
134.09000374317168,-71.18343703803005,-71.18343703803005
134.1000037431717,-71.18549950045964,-71.18549950045964
134.1100037431717,-71.18757104403672,-71.18757104403672
134.12000374317168,-71.18965169286116,-71.18965169286116
134.1300037431717,-71.19174147011978,-71.19174147011978
134.1400037431717,-71.19384039808979,-71.19384039808979
134.15000374317168,-71.19594849816454,-71.19594849816454
134.1600037431717,-71.198065790867,-71.198065790867
134.1700037431717,-71.20019229585145,-71.20019229585145
134.18000374317168,-71.20232803192084,-71.20232803192084
134.1900037431717,-71.20447301703672,-71.20447301703672
134.2000037431717,-71.20662726833892,-71.20662726833892
134.21000374317168,-71.2087908021417,-71.2087908021417
134.2200037431717,-71.21096363397099,-71.21096363397099
134.2300037431717,-71.21314577854892,-71.21314577854892
134.24000374317168,-71.21533724982594,-71.21533724982594
134.2500037431717,-71.2175380609731,-71.2175380609731
134.2600037431717,-71.21974822441065,-71.21974822441065
134.27000374317169,-71.22196775181384,-71.22196775181384
134.2800037431717,-71.22419665411834,-71.22419665411834
134.2900037431717,-71.22643494153522,-71.22643494153522
134.30000376701355,-71.22868262892011,-71.22868262892011
134.31000376701354,-71.23093971440379,-71.23093971440379
134.32000376701356,-71.23320621139816,-71.23320621139816
134.33000376701355,-71.23548212732284,-71.23548212732284
134.34000376701354,-71.23776746894112,-71.23776746894112
134.35000376701356,-71.24006224233672,-71.24006224233672
134.36000376701355,-71.24236645295267,-71.24236645295267
134.37000376701354,-71.24468010558307,-71.24468010558307
134.38000376701356,-71.24700320439662,-71.24700320439662
134.39000376701355,-71.24933575294365,-71.24933575294365
134.40000376701354,-71.25167775415346,-71.25167775415346
134.41000376701356,-71.25402921035523,-71.25402921035523
134.42000376701355,-71.25639012328712,-71.25639012328712
134.43000376701355,-71.25876049410854,-71.25876049410854
134.44000376701354,-71.26114032340433,-71.26114032340433
134.45000376701356,-71.26352961118351,-71.26352961118351
134.46000376701355,-71.26592835690563,-71.26592835690563
134.47000376701354,-71.26833655948681,-71.26833655948681
134.48000376701356,-71.2707542172957,-71.2707542172957
134.49000376701355,-71.27318132817294,-71.27318132817294
134.50000376701354,-71.27561788944837,-71.27561788944837
134.51000376701356,-71.27806389792255,-71.27806389792255
134.52000376701355,-71.28051934990839,-71.28051934990839
134.53000376701354,-71.28298424120382,-71.28298424120382
134.54000376701356,-71.2854585671394,-71.2854585671394
134.55000376701355,-71.28794232253935,-71.28794232253935
134.56000376701354,-71.29043550177958,-71.29043550177958
134.57000376701356,-71.29293809875921,-71.29293809875921
134.58000376701355,-71.2954501069196,-71.2954501069196
134.59000376701354,-71.29797151925594,-71.29797151925594
134.60000376701356,-71.30050232833034,-71.30050232833034
134.61000376701355,-71.3030425262494,-71.3030425262494
134.62000376701354,-71.30559210470669,-71.30559210470669
134.63000376701356,-71.30815105497629,-71.30815105497629
134.64000376701355,-71.31071936791417,-71.31071936791417
134.65000376701354,-71.3132970339742,-71.3132970339742
134.66000376701356,-71.31588404320514,-71.31588404320514
134.67000376701355,-71.31848038527002,-71.31848038527002
134.68000376701355,-71.32108604943852,-71.32108604943852
134.69000376701354,-71.32370102461311,-71.32370102461311
134.70000376701356,-71.32632529931266,-71.32632529931266
134.71000376701355,-71.32895886169723,-71.32895886169723
134.72000376701354,-71.33160169956255,-71.33160169956255
134.73000376701356,-71.3342538003608,-71.3342538003608
134.74000376701355,-71.33691515117698,-71.33691515117698
134.75000376701354,-71.33958573877774,-71.33958573877774
134.76000376701356,-71.34226554958552,-71.34226554958552
134.77000376701355,-71.34495456969098,-71.34495456969098
134.78000376701354,-71.34765278485706,-71.34765278485706
134.79000376701356,-71.35036018054534,-71.35036018054534
134.80000376701355,-71.35307674188974,-71.35307674188974
134.81000376701354,-71.35580245373276,-71.35580245373276
134.82000376701356,-71.35853730060175,-71.35853730060175
134.83000376701355,-71.36128126673584,-71.36128126673584
134.84000376701354,-71.36403433608683,-71.36403433608683
134.85000376701356,-71.36679649232194,-71.36679649232194
134.86000376701355,-71.36956771882572,-71.36956771882572
134.87000376701354,-71.37234799871165,-71.37234799871165
134.88000376701356,-71.37513731481755,-71.37513731481755
134.89000376701355,-71.37793564972571,-71.37793564972571
134.90000376701354,-71.38074298575582,-71.38074298575582
134.91000376701356,-71.38355930498287,-71.38355930498287
134.92000376701355,-71.3863845892173,-71.3863845892173
134.93000376701355,-71.38921882003226,-71.38921882003226
134.94000376701354,-71.39206197876382,-71.39206197876382
134.95000376701356,-71.3949140465116,-71.3949140465116
134.96000376701355,-71.39777500414397,-71.39777500414397
134.97000376701354,-71.40064483229658,-71.40064483229658
134.98000376701356,-71.40352351139192,-71.40352351139192
134.99000376701355,-71.40641102163359,-71.40641102163359
135.00000376701354,-71.40930734300777,-71.40930734300777
135.01000376701356,-71.41221245530444,-71.41221245530444
135.02000376701355,-71.41512633809147,-71.41512633809147
135.03000376701354,-71.41804897074772,-71.41804897074772
135.04000376701356,-71.42098033245796,-71.42098033245796
135.05000376701355,-71.42392040220402,-71.42392040220402
135.06000376701354,-71.42686915878018,-71.42686915878018
135.07000376701356,-71.42982658080537,-71.42982658080537
135.08000376701355,-71.43279264671395,-71.43279264671395
135.09000376701354,-71.43576733475882,-71.43576733475882
135.10000376701356,-71.43875062303097,-71.43875062303097
135.11000376701355,-71.44174248942761,-71.44174248942761
135.12000376701354,-71.44474291170943,-71.44474291170943
135.13000376701356,-71.44775186745862,-71.44775186745862
135.14000376701355,-71.45076933409358,-71.45076933409358
135.1500037908554,-71.45379529610075,-71.45379529610075
135.1600037908554,-71.45682971621645,-71.45682971621645
135.17000379085542,-71.45987257857267,-71.45987257857267
135.1800037908554,-71.46292385999615,-71.46292385999615
135.1900037908554,-71.46598353717317,-71.46598353717317
135.20000379085542,-71.4690515866432,-71.4690515866432
135.2100037908554,-71.47212798481816,-71.47212798481816
135.2200037908554,-71.4752127079737,-71.4752127079737
135.23000379085542,-71.47830573225033,-71.47830573225033
135.2400037908554,-71.48140703367159,-71.48140703367159
135.2500037908554,-71.48451658812046,-71.48451658812046
135.26000379085542,-71.48763437138443,-71.48763437138443
135.2700037908554,-71.49076035911804,-71.49076035911804
135.2800037908554,-71.49389452685588,-71.49389452685588
135.2900037908554,-71.49703685003601,-71.49703685003601
135.3000037908554,-71.50018730398175,-71.50018730398175
135.3100037908554,-71.50334586389853,-71.50334586389853
135.3200037908554,-71.50651250489133,-71.50651250489133
135.33000379085541,-71.50968720197834,-71.50968720197834
135.3400037908554,-71.51286993006808,-71.51286993006808
135.3500037908554,-71.51606066397386,-71.51606066397386
135.36000379085542,-71.51925937842026,-71.51925937842026
135.3700037908554,-71.52246604803356,-71.52246604803356
135.3800037908554,-71.52568064735416,-71.52568064735416
135.39000379085542,-71.52890315085088,-71.52890315085088
135.4000037908554,-71.53213353287646,-71.53213353287646
135.4100037908554,-71.53537176774155,-71.53537176774155
135.42000379085542,-71.53861782965076,-71.53861782965076
135.4300037908554,-71.54187169273594,-71.54187169273594
135.4400037908554,-71.54513333105969,-71.54513333105969
135.45000379085542,-71.54840271861478,-71.54840271861478
135.4600037908554,-71.55167982931933,-71.55167982931933
135.4700037908554,-71.55496463702023,-71.55496463702023
135.48000379085542,-71.55825711551068,-71.55825711551068
135.4900037908554,-71.56155723851235,-71.56155723851235
135.5000037908554,-71.56486497968834,-71.56486497968834
135.51000379085542,-71.56818031263624,-71.56818031263624
135.5200037908554,-71.57150321090309,-71.57150321090309
135.5300037908554,-71.57483364798017,-71.57483364798017
135.5400037908554,-71.57817159730082,-71.57817159730082
135.5500037908554,-71.58151703225292,-71.58151703225292
135.5600037908554,-71.58486992616433,-71.58486992616433
135.5700037908554,-71.58823025233048,-71.58823025233048
135.58000379085541,-71.59159798399222,-71.59159798399222
135.5900037908554,-71.59497309434111,-71.59497309434111
135.6000037908554,-71.59835555653234,-71.59835555653234
135.61000379085542,-71.6017453436861,-71.6017453436861
135.6200037908554,-71.60514242887122,-71.60514242887122
135.6300037908554,-71.6085467851356,-71.6085467851356
135.64000379085542,-71.61195838547879,-71.61195838547879
135.6500037908554,-71.61537720286796,-71.61537720286796
135.6600037908554,-71.61880321023551,-71.61880321023551
135.67000379085542,-71.62223638049487,-71.62223638049487
135.6800037908554,-71.62567668652201,-71.62567668652201
135.6900037908554,-71.62912410116735,-71.62912410116735
135.70000379085542,-71.63257859725769,-71.63257859725769
135.7100037908554,-71.63604014759201,-71.63604014759201
135.7200037908554,-71.63950872494968,-71.63950872494968
135.73000379085542,-71.64298430208673,-71.64298430208673
135.7400037908554,-71.64646685173834,-71.64646685173834
135.7500037908554,-71.64995634662338,-71.64995634662338
135.76000379085542,-71.65345275944078,-71.65345275944078
135.7700037908554,-71.65695606287868,-71.65695606287868
135.7800037908554,-71.66046622960704,-71.66046622960704
135.7900037908554,-71.66398323228088,-71.66398323228088
135.8000037908554,-71.6675070435497,-71.6675070435497
135.8100037908554,-71.67103763604685,-71.67103763604685
135.8200037908554,-71.67457498240346,-71.67457498240346
135.83000379085541,-71.67811905524124,-71.67811905524124
135.8400037908554,-71.68166982716015,-71.68166982716015
135.8500037908554,-71.68522727078442,-71.68522727078442
135.86000379085542,-71.68879135870371,-71.68879135870371
135.8700037908554,-71.6923620635162,-71.6923620635162
135.8800037908554,-71.69593935783432,-71.69593935783432
135.89000379085542,-71.69952321424866,-71.69952321424866
135.9000037908554,-71.70311360535702,-71.70311360535702
135.9100037908554,-71.7067105037605,-71.7067105037605
135.92000379085542,-71.71031388206184,-71.71031388206184
135.9300037908554,-71.71392371286139,-71.71392371286139
135.9400037908554,-71.71753996877966,-71.71753996877966
135.95000379085542,-71.72116262243608,-71.72116262243608
135.9600037908554,-71.7247853915565,-71.7247853915565
135.9700037908554,-71.72840550891867,-71.72840550891867
135.98000379085542,-71.73202161261808,-71.73202161261808
135.9900037908554,-71.73563299135023,-71.73563299135023
136.00000381469727,-71.73923930499345,-71.73923930499345
136.01000381469726,-71.74284040059521,-71.74284040059521
136.02000381469728,-71.74643627621417,-71.74643627621417
136.03000381469727,-71.75002699384784,-71.75002699384784
136.04000381469726,-71.75361265631508,-71.75361265631508
136.05000381469728,-71.75719338826913,-71.75719338826913
136.06000381469727,-71.76076932479832,-71.76076932479832
136.07000381469726,-71.76434060482072,-71.76434060482072
136.08000381469728,-71.76790736723021,-71.76790736723021
136.09000381469727,-71.77146974880063,-71.77146974880063
136.10000381469726,-71.77502788314662,-71.77502788314662
136.11000381469728,-71.77858190030469,-71.77858190030469
136.12000381469727,-71.78213192665457,-71.78213192665457
136.13000381469726,-71.78567808505015,-71.78567808505015
136.14000381469725,-71.78922049507187,-71.78922049507187
136.15000381469727,-71.79275927331436,-71.79275927331436
136.16000381469726,-71.79629453364869,-71.79629453364869
136.17000381469725,-71.7998263875082,-71.7998263875082
136.18000381469727,-71.8033549441595,-71.8033549441595
136.19000381469726,-71.80688031090767,-71.80688031090767
136.20000381469725,-71.81040259328825,-71.81040259328825
136.21000381469727,-71.81392189526811,-71.81392189526811
136.22000381469726,-71.81743831936156,-71.81743831936156
136.23000381469726,-71.82095196676995,-71.82095196676995
136.24000381469727,-71.82446293748512,-71.82446293748512
136.25000381469727,-71.82797133034904,-71.82797133034904
136.26000381469726,-71.83147724316464,-71.83147724316464
136.27000381469728,-71.83498077272615,-71.83498077272615
136.28000381469727,-71.83848201484362,-71.83848201484362
136.29000381469726,-71.84198106443051,-71.84198106443051
136.30000381469728,-71.8454780155016,-71.8454780155016
136.31000381469727,-71.8489729611809,-71.8489729611809
136.32000381469726,-71.85246599374732,-71.85246599374732
136.33000381469728,-71.85595720462725,-71.85595720462725
136.34000381469727,-71.85944668439379,-71.85944668439379
136.35000381469726,-71.86293452279811,-71.86293452279811
136.36000381469728,-71.86642080874329,-71.86642080874329
136.37000381469727,-71.86990563029761,-71.86990563029761
136.38000381469726,-71.87338907468556,-71.87338907468556
136.39000381469725,-71.87687122827522,-71.87687122827522
136.40000381469727,-71.88035217661137,-71.88035217661137
136.41000381469726,-71.88383200435169,-71.88383200435169
136.42000381469725,-71.88731079531405,-71.88731079531405
136.43000381469727,-71.89078863242824,-71.89078863242824
136.44000381469726,-71.89426559776541,-71.89426559776541
136.45000381469725,-71.89774177251067,-71.89774177251067
136.46000381469727,-71.90121723694973,-71.90121723694973
136.47000381469726,-71.90469207047883,-71.90469207047883
136.48000381469726,-71.90816635159476,-71.90816635159476
136.49000381469727,-71.91164015789133,-71.91164015789133
136.50000381469727,-71.9151135660448,-71.9151135660448
136.51000381469726,-71.91858665180828,-71.91858665180828
136.52000381469728,-71.92205949002259,-71.92205949002259
136.53000381469727,-71.92553215459377,-71.92553215459377
136.54000381469726,-71.92900471850004,-71.92900471850004
136.55000381469728,-71.93247725378855,-71.93247725378855
136.56000381469727,-71.93594983156109,-71.93594983156109
136.57000381469726,-71.93942252199133,-71.93942252199133
136.58000381469728,-71.94289539429948,-71.94289539429948
136.59000381469727,-71.9463685167719,-71.9463685167719
136.60000381469726,-71.9498419567571,-71.9498419567571
136.61000381469728,-71.95331578064665,-71.95331578064665
136.62000381469727,-71.95679005389535,-71.95679005389535
136.63000381469726,-71.96026484101938,-71.96026484101938
136.64000381469725,-71.96374020557433,-71.96374020557433
136.65000381469727,-71.96721621018835,-71.96721621018835
136.66000381469726,-71.97069291654104,-71.97069291654104
136.67000381469725,-71.97417038539157,-71.97417038539157
136.68000381469727,-71.9776486765506,-71.9776486765506
136.69000381469726,-71.9811278488915,-71.9811278488915
136.70000381469725,-71.98460796036352,-71.98460796036352
136.71000381469727,-71.9880890679958,-71.9880890679958
136.72000381469726,-71.99157122787433,-71.99157122787433
136.73000381469726,-71.99505449519509,-71.99505449519509
136.74000381469727,-71.99853892422107,-71.99853892422107
136.75000381469727,-72.0020245683113,-72.0020245683113
136.76000381469726,-72.0055114799151,-72.0055114799151
136.77000381469728,-72.00899971059566,-72.00899971059566
136.78000381469727,-72.01248931100083,-72.01248931100083
136.79000381469726,-72.01598033090731,-72.01598033090731
136.80000381469728,-72.01947281921206,-72.01947281921206
136.81000381469727,-72.0229668239167,-72.0229668239167
136.82000381469726,-72.02646239216999,-72.02646239216999
136.83000381469728,-72.02995957024451,-72.02995957024451
136.84000381469727,-72.03345840356137,-72.03345840356137
136.85000383853912,-72.03695894502533,-72.03695894502533
136.86000383853911,-72.04046122171076,-72.04046122171076
136.87000383853913,-72.0439652848206,-72.0439652848206
136.88000383853912,-72.04747117641672,-72.04747117641672
136.89000383853912,-72.0509789377361,-72.0509789377361
136.90000383853913,-72.05448860919753,-72.05448860919753
136.91000383853913,-72.05800023042052,-72.05800023042052
136.92000383853912,-72.06151384021548,-72.06151384021548
136.93000383853914,-72.06502947659936,-72.06502947659936
136.94000383853913,-72.06854717681395,-72.06854717681395
136.95000383853912,-72.07206697731127,-72.07206697731127
136.96000383853914,-72.07558891378619,-72.07558891378619
136.97000383853913,-72.07911302116464,-72.07911302116464
136.98000383853912,-72.08263933361481,-72.08263933361481
136.9900038385391,-72.08616788457496,-72.08616788457496
137.00000383853913,-72.08969870672675,-72.08969870672675
137.01000383853912,-72.09323183203496,-72.09323183203496
137.0200038385391,-72.0967672917357,-72.0967672917357
137.03000383853913,-72.10030511635775,-72.10030511635775
137.04000383853912,-72.10384533571185,-72.10384533571185
137.0500038385391,-72.1073879789289,-72.1073879789289
137.06000383853913,-72.11093307444001,-72.11093307444001
137.07000383853912,-72.11448064999303,-72.11448064999303
137.0800038385391,-72.11803073265979,-72.11803073265979
137.09000383853913,-72.1215833488555,-72.1215833488555
137.10000383853912,-72.12513852433955,-72.12513852433955
137.11000383853911,-72.12869628421024,-72.12869628421024
137.12000383853913,-72.13225665292914,-72.13225665292914
137.13000383853912,-72.13581965433748,-72.13581965433748
137.14000383853912,-72.1393853116241,-72.1393853116241
137.15000383853913,-72.14295364738571,-72.14295364738571
137.16000383853913,-72.14652468358713,-72.14652468358713
137.17000383853912,-72.15009844160745,-72.15009844160745
137.18000383853914,-72.15367494223736,-72.15367494223736
137.19000383853913,-72.15725420565225,-72.15725420565225
137.20000383853912,-72.16083625147714,-72.16083625147714
137.21000383853914,-72.16442109875464,-72.16442109875464
137.22000383853913,-72.16800876594831,-72.16800876594831
137.23000383853912,-72.17159927100417,-72.17159927100417
137.2400038385391,-72.17519263128513,-72.17519263128513
137.25000383853913,-72.17878886362638,-72.17878886362638
137.26000383853912,-72.18238798432301,-72.18238798432301
137.2700038385391,-72.1859900091465,-72.1859900091465
137.28000383853913,-72.18959495335343,-72.18959495335343
137.29000383853912,-72.19320283168483,-72.19320283168483
137.3000038385391,-72.19681365837174,-72.19681365837174
137.31000383853913,-72.20042744715666,-72.20042744715666
137.32000383853912,-72.20404421129177,-72.20404421129177
137.3300038385391,-72.2076639635321,-72.2076639635321
137.34000383853913,-72.2112867161694,-72.2112867161694
137.35000383853912,-72.2149124810149,-72.2149124810149
137.36000383853911,-72.21854126942861,-72.21854126942861
137.37000383853913,-72.22217309230302,-72.22217309230302
137.38000383853912,-72.22580796008431,-72.22580796008431
137.39000383853912,-72.22944588276813,-72.22944588276813
137.40000383853913,-72.23308686993164,-72.23308686993164
137.41000383853913,-72.23673093070306,-72.23673093070306
137.42000383853912,-72.24037807379753,-72.24037807379753
137.43000383853914,-72.24402830750695,-72.24402830750695
137.44000383853913,-72.24768163971905,-72.24768163971905
137.45000383853912,-72.25133807790347,-72.25133807790347
137.46000383853914,-72.25499762914292,-72.25499762914292
137.47000383853913,-72.25866030011323,-72.25866030011323
137.48000383853912,-72.26232609711755,-72.26232609711755
137.4900038385391,-72.26599502606878,-72.26599502606878
137.50000383853913,-72.2696670925089,-72.2696670925089
137.51000383853912,-72.27334230160697,-72.27334230160697
137.5200038385391,-72.27702065816935,-72.27702065816935
137.53000383853913,-72.28070216664257,-72.28070216664257
137.54000383853912,-72.28438683111601,-72.28438683111601
137.5500038385391,-72.28807465534496,-72.28807465534496
137.56000383853913,-72.29176564273523,-72.29176564273523
137.57000383853912,-72.2954597963607,-72.2954597963607
137.5800038385391,-72.29915711894371,-72.29915711894371
137.59000383853913,-72.30285761291434,-72.30285761291434
137.60000383853912,-72.30656128035521,-72.30656128035521
137.61000383853911,-72.31026812304036,-72.31026812304036
137.62000383853913,-72.31397814244265,-72.31397814244265
137.63000383853912,-72.31769133971773,-72.31769133971773
137.64000383853912,-72.32140771571768,-72.32140771571768
137.65000383853913,-72.32512727101751,-72.32512727101751
137.66000383853913,-72.32885000588101,-72.32885000588101
137.67000383853912,-72.33257592029786,-72.33257592029786
137.68000383853914,-72.33630501397673,-72.33630501397673
137.69000383853913,-72.3400372863396,-72.3400372863396
137.70000386238098,-72.3437727454365,-72.3437727454365
137.71000386238097,-72.34751137238224,-72.34751137238224
137.720003862381,-72.3512531746822,-72.3512531746822
137.73000386238098,-72.35499815069258,-72.35499815069258
137.74000386238097,-72.35874629853429,-72.35874629853429
137.750003862381,-72.36249761606418,-72.36249761606418
137.76000386238098,-72.36625210089707,-72.36625210089707
137.77000386238097,-72.37000975040515,-72.37000975040515
137.780003862381,-72.37377056172159,-72.37377056172159
137.79000386238098,-72.3775345317486,-72.3775345317486
137.80000386238098,-72.38130165715323,-72.38130165715323
137.810003862381,-72.38507193438119,-72.38507193438119
137.820003862381,-72.38884535965111,-72.38884535965111
137.83000386238098,-72.392621928974,-72.392621928974
137.84000386238097,-72.39640163813392,-72.39640163813392
137.850003862381,-72.40018448271765,-72.40018448271765
137.86000386238098,-72.40397045809094,-72.40397045809094
137.87000386238097,-72.40775955942263,-72.40775955942263
137.880003862381,-72.41155178168576,-72.41155178168576
137.89000386238098,-72.41534711964775,-72.41534711964775
137.90000386238097,-72.41914556788609,-72.41914556788609
137.910003862381,-72.42294712079712,-72.42294712079712
137.92000386238098,-72.42675177258081,-72.42675177258081
137.93000386238097,-72.43055951726204,-72.43055951726204
137.940003862381,-72.43437034868354,-72.43437034868354
137.95000386238098,-72.43818426050812,-72.43818426050812
137.96000386238097,-72.44199492595924,-72.44199492595924
137.970003862381,-72.44579956759455,-72.44579956759455
137.98000386238098,-72.44959682699127,-72.44959682699127
137.99000386238097,-72.4533860026119,-72.4533860026119
138.000003862381,-72.45716675894772,-72.45716675894772
138.01000386238098,-72.46093897545221,-72.46093897545221
138.02000386238097,-72.46470265802347,-72.46470265802347
138.030003862381,-72.4684578858331,-72.4684578858331
138.04000386238098,-72.47220477932952,-72.47220477932952
138.05000386238098,-72.47594348104937,-72.47594348104937
138.060003862381,-72.47967414418106,-72.47967414418106
138.070003862381,-72.48339692581833,-72.48339692581833
138.08000386238098,-72.48711198310453,-72.48711198310453
138.09000386238097,-72.49081947109649,-72.49081947109649
138.100003862381,-72.49451954172166,-72.49451954172166
138.11000386238098,-72.4982123433122,-72.4982123433122
138.12000386238097,-72.5018980205275,-72.5018980205275
138.130003862381,-72.50557671450251,-72.50557671450251
138.14000386238098,-72.50924856304775,-72.50924856304775
138.15000386238097,-72.51291370097013,-72.51291370097013
138.160003862381,-72.51657226030012,-72.51657226030012
138.17000386238098,-72.52022437059574,-72.52022437059574
138.18000386238097,-72.52387015918075,-72.52387015918075
138.190003862381,-72.52750975137609,-72.52750975137609
138.20000386238098,-72.53114327067524,-72.53114327067524
138.21000386238097,-72.53476451088615,-72.53476451088615
138.220003862381,-72.53837081836829,-72.53837081836829
138.23000386238098,-72.5419609590998,-72.5419609590998
138.24000386238097,-72.54553435567736,-72.54553435567736
138.250003862381,-72.5490907961354,-72.5490907961354
138.26000386238098,-72.55263028282549,-72.55263028282549
138.27000386238097,-72.55615294378954,-72.55615294378954
138.280003862381,-72.55965897957375,-72.55965897957375
138.29000386238098,-72.56314863125021,-72.56314863125021
138.30000386238098,-72.56662216120243,-72.56662216120243
138.310003862381,-72.57007984169464,-72.57007984169464
138.320003862381,-72.57352194813485,-72.57352194813485
138.33000386238098,-72.57694875521614,-72.57694875521614
138.34000386238097,-72.58036053476351,-72.58036053476351
138.350003862381,-72.58375755470891,-72.58375755470891
138.36000386238098,-72.58714007858926,-72.58714007858926
138.37000386238097,-72.59050836551147,-72.59050836551147
138.380003862381,-72.59386267023109,-72.59386267023109
138.39000386238098,-72.5972032434009,-72.5972032434009
138.40000386238097,-72.60053033182537,-72.60053033182537
138.410003862381,-72.60384417872001,-72.60384417872001
138.42000386238098,-72.60714502399415,-72.60714502399415
138.43000386238097,-72.61043310446537,-72.61043310446537
138.440003862381,-72.61370865409314,-72.61370865409314
138.45000386238098,-72.61697190413808,-72.61697190413808
138.46000386238097,-72.62022308334345,-72.62022308334345
138.470003862381,-72.62346241804724,-72.62346241804724
138.48000386238098,-72.62669013228981,-72.62669013228981
138.49000386238097,-72.62990644793486,-72.62990644793486
138.500003862381,-72.63311158470654,-72.63311158470654
138.51000386238098,-72.63630576026549,-72.63630576026549
138.52000386238097,-72.6394891902561,-72.6394891902561
138.530003862381,-72.64266208833777,-72.64266208833777
138.54000386238098,-72.64582466622385,-72.64582466622385
138.55000388622284,-72.64897714118668,-72.64897714118668
138.56000388622283,-72.65211970603917,-72.65211970603917
138.57000388622285,-72.65525257424986,-72.65525257424986
138.58000388622284,-72.65837594984018,-72.65837594984018
138.59000388622283,-72.66149003494843,-72.66149003494843
138.60000388622285,-72.66459502978914,-72.66459502978914
138.61000388622284,-72.66769113266429,-72.66769113266429
138.62000388622283,-72.67077853998514,-72.67077853998514
138.63000388622285,-72.67385744622851,-72.67385744622851
138.64000388622284,-72.676928043953,-72.676928043953
138.65000388622283,-72.67999052379275,-72.67999052379275
138.66000388622285,-72.68304507444641,-72.68304507444641
138.67000388622284,-72.68609188266323,-72.68609188266323
138.68000388622283,-72.6891311332593,-72.6891311332593
138.69000388622283,-72.69216300909311,-72.69216300909311
138.70000388622285,-72.69518769106435,-72.69518769106435
138.71000388622284,-72.69820535810834,-72.69820535810834
138.72000388622283,-72.70121618720201,-72.70121618720201
138.73000388622285,-72.70422035335014,-72.70422035335014
138.74000388622284,-72.70721802958529,-72.70721802958529
138.75000388622283,-72.71020938697433,-72.71020938697433
138.76000388622285,-72.71319459459468,-72.71319459459468
138.77000388622284,-72.71617381955967,-72.71617381955967
138.78000388622283,-72.71914722701023,-72.71914722701023
138.79000388622285,-72.72211498009943,-72.72211498009943
138.80000388622284,-72.72507724002733,-72.72507724002733
138.81000388622283,-72.72803416601083,-72.72803416601083
138.82000388622285,-72.73098591531979,-72.73098591531979
138.83000388622284,-72.7339326432407,-72.7339326432407
138.84000388622283,-72.73687450311627,-72.73687450311627
138.85000388622285,-72.73981164633766,-72.73981164633766
138.86000388622284,-72.74274422234797,-72.74274422234797
138.87000388622283,-72.7456723786606,-72.7456723786606
138.88000388622285,-72.7485962608449,-72.7485962608449
138.89000388622284,-72.7515160125552,-72.7515160125552
138.90000388622283,-72.75443177553618,-72.75443177553618
138.91000388622285,-72.75734368962645,-72.75734368962645
138.92000388622284,-72.76025189275605,-72.76025189275605
138.93000388622283,-72.76315652097922,-72.76315652097922
138.94000388622283,-72.76605770848343,-72.76605770848343
138.95000388622285,-72.7689555875905,-72.7689555875905
138.96000388622284,-72.77185028875444,-72.77185028875444
138.97000388622283,-72.77474194060684,-72.77474194060684
138.98000388622285,-72.77763066994531,-72.77763066994531
138.99000388622284,-72.7805166017481,-72.7805166017481
139.00000388622283,-72.78339985919239,-72.78339985919239
139.01000388622285,-72.78628056367444,-72.78628056367444
139.02000388622284,-72.7891588348078,-72.7891588348078
139.03000388622283,-72.79203479044712,-72.79203479044712
139.04000388622285,-72.79490854669928,-72.79490854669928
139.05000388622284,-72.79778021793982,-72.79778021793982
139.06000388622283,-72.80064991681729,-72.80064991681729
139.07000388622285,-72.8035177542805,-72.8035177542805
139.08000388622284,-72.80638383960505,-72.80638383960505
139.09000388622283,-72.80924828036417,-72.80924828036417
139.10000388622285,-72.81211118249641,-72.81211118249641
139.11000388622284,-72.81497265028825,-72.81497265028825
139.12000388622283,-72.81783278639186,-72.81783278639186
139.13000388622285,-72.82069169185853,-72.82069169185853
139.14000388622284,-72.82354946614564,-72.82354946614564
139.15000388622283,-72.82640620711709,-72.82640620711709
139.16000388622285,-72.82926201108661,-72.82926201108661
139.17000388622284,-72.83211697281023,-72.83211697281023
139.18000388622283,-72.83497118551551,-72.83497118551551
139.19000388622283,-72.83782474091188,-72.83782474091188
139.20000388622285,-72.84067772921196,-72.84067772921196
139.21000388622284,-72.84352388566147,-72.84352388566147
139.22000388622283,-72.84636051341316,-72.84636051341316
139.23000388622285,-72.84918634123048,-72.84918634123048
139.24000388622284,-72.85200075704087,-72.85200075704087
139.25000388622283,-72.85480351551378,-72.85480351551378
139.26000388622285,-72.85759458618453,-72.85759458618453
139.27000388622284,-72.86037406444821,-72.86037406444821
139.28000388622283,-72.86314211809929,-72.86314211809929
139.29000388622285,-72.86589895519413,-72.86589895519413
139.30000388622284,-72.86864480475661,-72.86864480475661
139.31000388622283,-72.87137990528156,-72.87137990528156
139.32000388622285,-72.87410449798578,-72.87410449798578
139.33000388622284,-72.87681882292331,-72.87681882292331
139.34000388622283,-72.87952311688386,-72.87952311688386
139.35000388622285,-72.88221761231405,-72.88221761231405
139.36000388622284,-72.88490253688606,-72.88490253688606
139.37000388622283,-72.88757811345108,-72.88757811345108
139.38000388622285,-72.89024456016915,-72.89024456016915
139.39000388622284,-72.8929020907406,-72.8929020907406
139.4000039100647,-72.89555092104423,-72.89555092104423
139.4100039100647,-72.89819124414004,-72.89819124414004
139.4200039100647,-72.90082326849253,-72.90082326849253
139.4300039100647,-72.90344719291058,-72.90344719291058
139.4400039100647,-72.90606321314766,-72.90606321314766
139.4500039100647,-72.90867152207662,-72.90867152207662
139.4600039100647,-72.91126595109299,-72.91126595109299
139.4700039100647,-72.91384390190449,-72.91384390190449
139.4800039100647,-72.91640420221732,-72.91640420221732
139.4900039100647,-72.91894633870707,-72.91894633870707
139.5000039100647,-72.92147016436346,-72.92147016436346
139.5100039100647,-72.9239757465643,-72.9239757465643
139.5200039100647,-72.92646327800277,-72.92646327800277
139.5300039100647,-72.92893302323982,-72.92893302323982
139.54000391006468,-72.93138528655369,-72.93138528655369
139.5500039100647,-72.93382039264834,-72.93382039264834
139.5600039100647,-72.936238675154,-72.936238675154
139.57000391006468,-72.93864046989441,-72.93864046989441
139.5800039100647,-72.941026111011,-72.941026111011
139.5900039100647,-72.94339592881536,-72.94339592881536
139.6000039100647,-72.9457502487521,-72.9457502487521
139.6100039100647,-72.94808939095053,-72.94808939095053
139.6200039100647,-72.95041367015261,-72.95041367015261
139.6300039100647,-72.95272339586396,-72.95272339586396
139.6400039100647,-72.95501887256486,-72.95501887256486
139.6500039100647,-72.95730039999926,-72.95730039999926
139.6600039100647,-72.95956827346868,-72.95956827346868
139.6700039100647,-72.96182278409609,-72.96182278409609
139.6800039100647,-72.96406421908031,-72.96406421908031
139.6900039100647,-72.96629286192896,-72.96629286192896
139.7000039100647,-72.96850899263583,-72.96850899263583
139.7100039100647,-72.97071288786924,-72.97071288786924
139.7200039100647,-72.97290482110556,-72.97290482110556
139.7300039100647,-72.97508506275693,-72.97508506275693
139.7400039100647,-72.9772538802657,-72.9772538802657
139.7500039100647,-72.97941153820062,-72.97941153820062
139.7600039100647,-72.98155829832254,-72.98155829832254
139.7700039100647,-72.9836944196337,-72.9836944196337
139.7800039100647,-72.98582015843374,-72.98582015843374
139.79000391006468,-72.98793576835604,-72.98793576835604
139.8000039100647,-72.99004150040183,-72.99004150040183
139.8100039100647,-72.992137602952,-72.992137602952
139.82000391006468,-72.99422432179738,-72.99422432179738
139.8300039100647,-72.99630190014679,-72.99630190014679
139.8400039100647,-72.99837057864849,-72.99837057864849
139.8500039100647,-73.00043059538075,-73.00043059538075
139.8600039100647,-73.00248218589208,-73.00248218589208
139.8700039100647,-73.00452558315527,-73.00452558315527
139.8800039100647,-73.00656101762705,-73.00656101762705
139.8900039100647,-73.0085887172132,-73.0085887172132
139.9000039100647,-73.01060890728509,-73.01060890728509
139.9100039100647,-73.01262181068911,-73.01262181068911
139.9200039100647,-73.0146276477249,-73.0146276477249
139.9300039100647,-73.01662663617833,-73.01662663617833
139.9400039100647,-73.01861899130205,-73.01861899130205
139.9500039100647,-73.02060492583199,-73.02060492583199
139.9600039100647,-73.02258464998377,-73.02258464998377
139.9700039100647,-73.02455837146,-73.02455837146
139.9800039100647,-73.02652629544835,-73.02652629544835
139.9900039100647,-73.02848862463989,-73.02848862463989
140.0000039100647,-73.03044555921669,-73.03044555921669
140.0100039100647,-73.03239729688302,-73.03239729688302
140.0200039100647,-73.03434403284167,-73.03434403284167
140.0300039100647,-73.03628595982232,-73.03628595982232
140.04000391006468,-73.03822326809636,-73.03822326809636
140.0500039100647,-73.04015614546648,-73.04015614546648
140.0600039100647,-73.04208477729311,-73.04208477729311
140.07000391006468,-73.04400934648841,-73.04400934648841
140.0800039100647,-73.04593003354202,-73.04593003354202
140.0900039100647,-73.0478470165205,-73.0478470165205
140.1000039100647,-73.04976047109001,-73.04976047109001
140.1100039100647,-73.05167057053919,-73.05167057053919
140.1200039100647,-73.05357748575115,-73.05357748575115
140.1300039100647,-73.0554813852686,-73.0554813852686
140.1400039100647,-73.0573824352664,-73.0573824352664
140.1500039100647,-73.0592807995936,-73.0592807995936
140.1600039100647,-73.06117663978237,-73.06117663978237
140.1700039100647,-73.0630701150621,-73.0630701150621
140.1800039100647,-73.06496138235728,-73.06496138235728
140.1900039100647,-73.0668505963412,-73.0668505963412
140.2000039100647,-73.0687379094357,-73.0687379094357
140.2100039100647,-73.07061710088703,-73.07061710088703
140.2200039100647,-73.07248552876504,-73.07248552876504
140.2300039100647,-73.07434198049965,-73.07434198049965
140.2400039100647,-73.07618590395258,-73.07618590395258
140.25000393390656,-73.07801711845293,-73.07801711845293
140.26000393390655,-73.07983564494424,-73.07983564494424
140.27000393390657,-73.08164164296069,-73.08164164296069
140.28000393390656,-73.08343533940523,-73.08343533940523
140.29000393390655,-73.08521700072185,-73.08521700072185
140.30000393390657,-73.08698691353412,-73.08698691353412
140.31000393390656,-73.08874537312319,-73.08874537312319
140.32000393390655,-73.09049267665813,-73.09049267665813
140.33000393390657,-73.09222911930682,-73.09222911930682
140.34000393390656,-73.09395499212421,-73.09395499212421
140.35000393390655,-73.09567058100292,-73.09567058100292
140.36000393390657,-73.09737616624554,-73.09737616624554
140.37000393390656,-73.09907202250112,-73.09907202250112
140.38000393390655,-73.10075841895174,-73.10075841895174
140.39000393390654,-73.1024356195403,-73.1024356195403
140.40000393390656,-73.10410388327155,-73.10410388327155
140.41000393390655,-73.10576346452018,-73.10576346452018
140.42000393390654,-73.1074146133396,-73.1074146133396
140.43000393390656,-73.10905757573046,-73.10905757573046
140.44000393390655,-73.11069259387871,-73.11069259387871
140.45000393390654,-73.1123199063815,-73.1123199063815
140.46000393390656,-73.11393974842872,-73.11393974842872
140.47000393390655,-73.11555235198324,-73.11555235198324
140.48000393390654,-73.11715794590452,-73.11715794590452
140.49000393390656,-73.11875675608452,-73.11875675608452
140.50000393390656,-73.1203490055392,-73.1203490055392
140.51000393390655,-73.12193491450853,-73.12193491450853
140.52000393390657,-73.12351470053366,-73.12351470053366
140.53000393390656,-73.12508857849585,-73.12508857849585
140.54000393390655,-73.12665676069274,-73.12665676069274
140.55000393390657,-73.1282194568906,-73.1282194568906
140.56000393390656,-73.12977687433279,-73.12977687433279
140.57000393390655,-73.13132921781047,-73.13132921781047
140.58000393390657,-73.13287668966584,-73.13287668966584
140.59000393390656,-73.1344194898099,-73.1344194898099
140.60000393390655,-73.1359578157754,-73.1359578157754
140.61000393390657,-73.13749186271532,-73.13749186271532
140.62000393390656,-73.13902182340125,-73.13902182340125
140.63000393390655,-73.1405478882731,-73.1405478882731
140.64000393390654,-73.14207024543688,-73.14207024543688
140.65000393390656,-73.14358908068334,-73.14358908068334
140.66000393390655,-73.14510457747396,-73.14510457747396
140.67000393390654,-73.14661691699285,-73.14661691699285
140.68000393390656,-73.14812627811878,-73.14812627811878
140.69000393390655,-73.14963283746326,-73.14963283746326
140.70000393390654,-73.151136769365,-73.151136769365
140.71000393390656,-73.15263824590632,-73.15263824590632
140.72000393390655,-73.15413743692062,-73.15413743692062
140.73000393390654,-73.15563450999696,-73.15563450999696
140.74000393390656,-73.15712963051344,-73.15712963051344
140.75000393390656,-73.1586229616125,-73.1586229616125
140.76000393390655,-73.16011466424668,-73.16011466424668
140.77000393390657,-73.16160489717139,-73.16160489717139
140.78000393390656,-73.16309381696121,-73.16309381696121
140.79000393390655,-73.16458157800798,-73.16458157800798
140.80000393390657,-73.16606833255958,-73.16606833255958
140.81000393390656,-73.16755423070772,-73.16755423070772
140.82000393390655,-73.16903942041793,-73.16903942041793
140.83000393390657,-73.1705240475387,-73.1705240475387
140.84000393390656,-73.17200825580854,-73.17200825580854
140.85000393390655,-73.17349218686425,-73.17349218686425
140.86000393390657,-73.1749759802876,-73.1749759802876
140.87000393390656,-73.17645977358644,-73.17645977358644
140.88000393390655,-73.17794370221543,-73.17794370221543
140.89000393390654,-73.17942789960682,-73.17942789960682
140.90000393390656,-73.1809124971729,-73.1809124971729
140.91000393390655,-73.18239762431415,-73.18239762431415
140.92000393390654,-73.18388340844999,-73.18388340844999
140.93000393390656,-73.18536997504447,-73.18536997504447
140.94000393390655,-73.18685744759452,-73.18685744759452
140.95000393390654,-73.18834594766935,-73.18834594766935
140.96000393390656,-73.18983559490778,-73.18983559490778
140.97000393390655,-73.19132650705309,-73.19132650705309
140.98000393390654,-73.19281879996808,-73.19281879996808
140.99000393390656,-73.19431258763743,-73.19431258763743
141.00000393390656,-73.19580798219253,-73.19580798219253
141.01000393390655,-73.19730509395374,-73.19730509395374
141.02000393390657,-73.19880403140722,-73.19880403140722
141.03000393390656,-73.20030490124367,-73.20030490124367
141.04000393390655,-73.20180780837408,-73.20180780837408
141.05000393390657,-73.20331285595488,-73.20331285595488
141.06000393390656,-73.20482014539044,-73.20482014539044
141.07000393390655,-73.2063297763608,-73.2063297763608
141.08000393390657,-73.2078418468461,-73.2078418468461
141.09000393390656,-73.20935645312382,-73.20935645312382
141.1000039577484,-73.21087369342209,-73.21087369342209
141.1100039577484,-73.21239365347793,-73.21239365347793
141.12000395774842,-73.21391642822279,-73.21391642822279
141.13000395774841,-73.2154421073573,-73.2154421073573
141.1400039577484,-73.21697077899228,-73.21697077899228
141.15000395774842,-73.21850252964585,-73.21850252964585
141.16000395774842,-73.22003744428427,-73.22003744428427
141.1700039577484,-73.22157560632334,-73.22157560632334
141.18000395774843,-73.22311709765377,-73.22311709765377
141.19000395774842,-73.2246619986502,-73.2246619986502
141.2000039577484,-73.22621038820034,-73.22621038820034
141.21000395774843,-73.22776234371314,-73.22776234371314
141.22000395774842,-73.22931794114324,-73.22931794114324
141.2300039577484,-73.23087725500677,-73.23087725500677
141.2400039577484,-73.23244035840638,-73.23244035840638
141.25000395774842,-73.23400732302993,-73.23400732302993
141.2600039577484,-73.2355782191705,-73.2355782191705
141.2700039577484,-73.23715311576885,-73.23715311576885
141.28000395774842,-73.23873208040978,-73.23873208040978
141.2900039577484,-73.2403151793288,-73.2403151793288
141.3000039577484,-73.24190247746085,-73.24190247746085
141.31000395774842,-73.24349403842008,-73.24349403842008
141.3200039577484,-73.24508992455654,-73.24508992455654
141.3300039577484,-73.24669019692477,-73.24669019692477
141.34000395774842,-73.24829491534993,-73.24829491534993
141.3500039577484,-73.249904138402,-73.249904138402
141.3600039577484,-73.25151792344192,-73.25151792344192
141.37000395774842,-73.25313632663038,-73.25313632663038
141.38000395774841,-73.25475940292121,-73.25475940292121
141.3900039577484,-73.25638720610483,-73.25638720610483
141.40000395774842,-73.25801978882478,-73.25801978882478
141.41000395774842,-73.25965720256218,-73.25965720256218
141.4200039577484,-73.2612994976923,-73.2612994976923
141.43000395774843,-73.26294672346388,-73.26294672346388
141.44000395774842,-73.26459892802353,-73.26459892802353
141.4500039577484,-73.26625615845292,-73.26625615845292
141.46000395774843,-73.26791207268982,-73.26791207268982
141.47000395774842,-73.26956391873912,-73.26956391873912
141.4800039577484,-73.27121037910806,-73.27121037910806
141.4900039577484,-73.2728507997677,-73.2728507997677
141.50000395774842,-73.27448489592156,-73.27448489592156
141.5100039577484,-73.27611259921217,-73.27611259921217
141.5200039577484,-73.2777339681448,-73.2777339681448
141.53000395774842,-73.27934913428382,-73.27934913428382
141.5400039577484,-73.28095826988614,-73.28095826988614
141.5500039577484,-73.28256156850568,-73.28256156850568
141.56000395774842,-73.28415923340003,-73.28415923340003
141.5700039577484,-73.28575147076427,-73.28575147076427
141.5800039577484,-73.28733848583573,-73.28733848583573
141.59000395774842,-73.28892048074559,-73.28892048074559
141.6000039577484,-73.29049765347746,-73.29049765347746
141.6100039577484,-73.29207019744594,-73.29207019744594
141.62000395774842,-73.29363830141625,-73.29363830141625
141.63000395774841,-73.29520214969804,-73.29520214969804
141.6400039577484,-73.29676192236461,-73.29676192236461
141.65000395774842,-73.2983177955459,-73.2983177955459
141.66000395774842,-73.2998699417618,-73.2998699417618
141.6700039577484,-73.30141853019605,-73.30141853019605
141.68000395774843,-73.3029637269643,-73.3029637269643
141.69000395774842,-73.30450569536067,-73.30450569536067
141.7000039577484,-73.30604459606776,-73.30604459606776
141.71000395774843,-73.30757419607905,-73.30757419607905
141.72000395774842,-73.3090918532831,-73.3090918532831
141.7300039577484,-73.31059635977441,-73.31059635977441
141.7400039577484,-73.31208717051172,-73.31208717051172
141.75000395774842,-73.3135641089956,-73.3135641089956
141.7600039577484,-73.31502721446122,-73.31502721446122
141.7700039577484,-73.31647665230801,-73.31647665230801
141.78000395774842,-73.31791266030949,-73.31791266030949
141.7900039577484,-73.31933551627075,-73.31933551627075
141.8000039577484,-73.32074551862688,-73.32074551862688
141.81000395774842,-73.32214297487536,-73.32214297487536
141.8200039577484,-73.32352819481505,-73.32352819481505
141.8300039577484,-73.32490148663,-73.32490148663
141.84000395774842,-73.32626315478323,-73.32626315478323
141.8500039577484,-73.3276134989462,-73.3276134989462
141.8600039577484,-73.32895281356637,-73.32895281356637
141.87000395774842,-73.33028138781845,-73.33028138781845
141.88000395774841,-73.33159950572161,-73.33159950572161
141.8900039577484,-73.33290744640648,-73.33290744640648
141.90000395774842,-73.3342054844135,-73.3342054844135
141.91000395774842,-73.33549388994493,-73.33549388994493
141.9200039577484,-73.3367729291872,-73.3367729291872
141.93000395774843,-73.33804286454169,-73.33804286454169
141.94000395774842,-73.33930395487022,-73.33930395487022
141.95000398159027,-73.34055645867656,-73.34055645867656
141.96000398159026,-73.34180062231678,-73.34180062231678
141.97000398159028,-73.34303669813906,-73.34303669813906
141.98000398159027,-73.34426493257388,-73.34426493257388
141.99000398159026,-73.3454855692563,-73.3454855692563
142.00000398159028,-73.34669884913677,-73.34669884913677
142.01000398159027,-73.3479050105193,-73.3479050105193
142.02000398159026,-73.34910428914529,-73.34910428914529
142.03000398159028,-73.35029691822803,-73.35029691822803
142.04000398159027,-73.35148312848361,-73.35148312848361
142.05000398159027,-73.35266314820208,-73.35266314820208
142.06000398159028,-73.35383720321312,-73.35383720321312
142.07000398159028,-73.35500551694814,-73.35500551694814
142.08000398159027,-73.35616831043988,-73.35616831043988
142.09000398159026,-73.35732580235128,-73.35732580235128
142.10000398159028,-73.35847820894918,-73.35847820894918
142.11000398159027,-73.35962574413976,-73.35962574413976
142.12000398159026,-73.36076861946295,-73.36076861946295
142.13000398159028,-73.36190704409431,-73.36190704409431
142.14000398159027,-73.36304122486321,-73.36304122486321
142.15000398159026,-73.36417136622346,-73.36417136622346
142.16000398159028,-73.36529767029333,-73.36529767029333
142.17000398159027,-73.36642033682186,-73.36642033682186
142.18000398159026,-73.36753956321023,-73.36753956321023
142.19000398159028,-73.36865554451859,-73.36865554451859
142.20000398159027,-73.36976847344519,-73.36976847344519
142.21000398159026,-73.37087854035184,-73.37087854035184
142.22000398159028,-73.37198593325506,-73.37198593325506
142.23000398159027,-73.37309083782615,-73.37309083782615
142.24000398159026,-73.37419343740646,-73.37419343740646
142.25000398159028,-73.37529391301106,-73.37529391301106
142.26000398159027,-73.37639244331048,-73.37639244331048
142.27000398159026,-73.37748920467754,-73.37748920467754
142.28000398159028,-73.37858437116708,-73.37858437116708
142.29000398159027,-73.37967811451148,-73.37967811451148
142.30000398159027,-73.38077060415618,-73.38077060415618
142.31000398159028,-73.38186200726197,-73.38186200726197
142.32000398159028,-73.38295248869116,-73.38295248869116
142.33000398159027,-73.38404221104862,-73.38404221104862
142.34000398159026,-73.3851313346746,-73.3851313346746
142.35000398159028,-73.38622001765843,-73.38622001765843
142.36000398159027,-73.38730841584335,-73.38730841584335
142.37000398159026,-73.38839668285091,-73.38839668285091
142.38000398159028,-73.38948497009152,-73.38948497009152
142.39000398159027,-73.39057342677141,-73.39057342677141
142.40000398159026,-73.39166219990751,-73.39166219990751
142.41000398159028,-73.39275143434284,-73.39275143434284
142.42000398159027,-73.39384127275392,-73.39384127275392
142.43000398159026,-73.39493185568016,-73.39493185568016
142.44000398159028,-73.39602332153291,-73.39602332153291
142.45000398159027,-73.39711580660597,-73.39711580660597
142.46000398159026,-73.39817254922329,-73.39817254922329
142.47000398159028,-73.39917354114725,-73.39917354114725
142.48000398159027,-73.40010779516706,-73.40010779516706
142.49000398159026,-73.40096864598598,-73.40096864598598
142.50000398159028,-73.4017517118385,-73.4017517118385
142.51000398159027,-73.40245395447221,-73.40245395447221
142.52000398159026,-73.40307321097858,-73.40307321097858
142.53000398159028,-73.40360794161808,-73.40360794161808
142.54000398159027,-73.40405708139282,-73.40405708139282
142.55000398159027,-73.40441994395883,-73.40441994395883
142.56000398159028,-73.40469615369976,-73.40469615369976
142.57000398159028,-73.40488559424264,-73.40488559424264
142.58000398159027,-73.404988367381,-73.404988367381
142.59000398159026,-73.40500475934354,-73.40500475934354
142.60000398159028,-73.40493521252522,-73.40493521252522
142.61000398159027,-73.40478030152262,-73.40478030152262
142.62000398159026,-73.40454071270348,-73.40454071270348
142.63000398159028,-73.40421722673405,-73.40421722673405
142.64000398159027,-73.40381070358868,-73.40381070358868
142.65000398159026,-73.40332206968039,-73.40332206968039
142.66000398159028,-73.4027523068209,-73.4027523068209
142.67000398159027,-73.40210244272465,-73.40210244272465
142.68000398159026,-73.40137354281906,-73.40137354281906
142.69000398159028,-73.40056670323597,-73.40056670323597
142.70000398159027,-73.39968304475406,-73.39968304475406
142.71000398159026,-73.39872370760114,-73.39872370760114
142.72000398159028,-73.39768984695877,-73.39768984695877
142.73000398159027,-73.39658262910446,-73.39658262910446
142.74000398159026,-73.39540322806458,-73.39540322806458
142.75000398159028,-73.3941528227968,-73.3941528227968
142.76000398159027,-73.39283259463588,-73.39283259463588
142.77000398159026,-73.39144372524554,-73.39144372524554
142.78000398159028,-73.38998739472314,-73.38998739472314
142.79000398159027,-73.38846478006539,-73.38846478006539
142.80000400543213,-73.38687704997706,-73.38687704997706
142.81000400543212,-73.38522537868198,-73.38522537868198
142.82000400543214,-73.38351092281265,-73.38351092281265
142.83000400543213,-73.38173483504538,-73.38173483504538
142.84000400543212,-73.37989825980465,-73.37989825980465
142.85000400543214,-73.37800233263974,-73.37800233263974
142.86000400543213,-73.37604817969401,-73.37604817969401
142.87000400543212,-73.37403691726036,-73.37403691726036
142.88000400543214,-73.37196965138372,-73.37196965138372
142.89000400543213,-73.36984747755491,-73.36984747755491
142.90000400543212,-73.36767148045395,-73.36767148045395
142.91000400543214,-73.36544273371987,-73.36544273371987
142.92000400543213,-73.36316229979245,-73.36316229979245
142.93000400543212,-73.36083122975774,-73.36083122975774
142.94000400543212,-73.3584505632587,-73.3584505632587
142.95000400543213,-73.35602132841693,-73.35602132841693
142.96000400543213,-73.353544541756,-73.353544541756
142.97000400543212,-73.35102120820979,-73.35102120820979
142.98000400543214,-73.34845232106291,-73.34845232106291
142.99000400543213,-73.3458388619812,-73.3458388619812
143.00000400543212,-73.34318180103854,-73.34318180103854
143.01000400543214,-73.34048209670593,-73.34048209670593
143.02000400543213,-73.33774069592371,-73.33774069592371
143.03000400543212,-73.33495853415845,-73.33495853415845
143.04000400543214,-73.33213653542057,-73.33213653542057
143.05000400543213,-73.32927561237285,-73.32927561237285
143.06000400543212,-73.3263766663722,-73.3263766663722
143.07000400543214,-73.323440587553,-73.323440587553
143.08000400543213,-73.32046825492401,-73.32046825492401
143.09000400543212,-73.3174605364369,-73.3174605364369
143.10000400543214,-73.31441828907346,-73.31441828907346
143.11000400543213,-73.31134235893674,-73.31134235893674
143.12000400543212,-73.30823358136337,-73.30823358136337
143.13000400543214,-73.30509278101168,-73.30509278101168
143.14000400543213,-73.30192077192757,-73.30192077192757
143.15000400543212,-73.29871835770757,-73.29871835770757
143.16000400543214,-73.2954863315267,-73.2954863315267
143.17000400543213,-73.29222547630482,-73.29222547630482
143.18000400543212,-73.2889365647634,-73.2889365647634
143.19000400543212,-73.28562035954506,-73.28562035954506
143.20000400543213,-73.28227761332178,-73.28227761332178
143.21000400543213,-73.27890268427588,-73.27890268427588
143.22000400543212,-73.27549351159345,-73.27549351159345
143.23000400543214,-73.27204946087762,-73.27204946087762
143.24000400543213,-73.26857055322004,-73.26857055322004
143.25000400543212,-73.26505717095345,-73.26505717095345
143.26000400543214,-73.26150990475632,-73.26150990475632
143.27000400543213,-73.25792946406192,-73.25792946406192
143.28000400543212,-73.25431662325038,-73.25431662325038
143.29000400543214,-73.25067218929662,-73.25067218929662
143.30000400543213,-73.2469969823926,-73.2469969823926
143.31000400543212,-73.24329182446685,-73.24329182446685
143.32000400543214,-73.23955753245608,-73.23955753245608
143.33000400543213,-73.23579491444102,-73.23579491444102
143.34000400543212,-73.23200476764266,-73.23200476764266
143.35000400543214,-73.22818787742831,-73.22818787742831
143.36000400543213,-73.22434501697226,-73.22434501697226
143.37000400543212,-73.22047694727299,-73.22047694727299
143.38000400543214,-73.21658441741192,-73.21658441741192
143.39000400543213,-73.21266816485587,-73.21266816485587
143.40000400543212,-73.20872891587689,-73.20872891587689
143.41000400543214,-73.2047673859005,-73.2047673859005
143.42000400543213,-73.20078427991479,-73.20078427991479
143.43000400543212,-73.19678029278616,-73.19678029278616
143.44000400543212,-73.19275610961019,-73.19275610961019
143.45000400543213,-73.18871240598874,-73.18871240598874
143.46000400543213,-73.18464984829289,-73.18464984829289
143.47000400543212,-73.18056909390681,-73.18056909390681
143.48000400543214,-73.17647079142131,-73.17647079142131
143.49000400543213,-73.17235558086176,-73.17235558086176
143.50000400543212,-73.16822409381557,-73.16822409381557
143.51000400543214,-73.1640769536234,-73.1640769536234
143.52000400543213,-73.15991477548702,-73.15991477548702
143.53000400543212,-73.15573816662902,-73.15573816662902
143.54000400543214,-73.15154772638631,-73.15154772638631
143.55000400543213,-73.14734404632915,-73.14734404632915
143.56000400543212,-73.14312771035884,-73.14312771035884
143.57000400543214,-73.13889929481562,-73.13889929481562
143.58000400543213,-73.13465936854416,-73.13465936854416
143.59000400543212,-73.1304084929899,-73.1304084929899
143.60000400543214,-73.12614722229031,-73.12614722229031
143.61000400543213,-73.1218761033216,-73.1218761033216
143.62000400543212,-73.11759567579166,-73.11759567579166
143.63000400543214,-73.11330647231905,-73.11330647231905
143.64000400543213,-73.10900901848537,-73.10900901848537
143.650004029274,-73.10470382265346,-73.10470382265346
143.66000402927398,-73.1003914170298,-73.1003914170298
143.670004029274,-73.09607229628463,-73.09607229628463
143.680004029274,-73.0917469585338,-73.0917469585338
143.69000402927398,-73.08741589519457,-73.08741589519457
143.700004029274,-73.08307959102117,-73.08307959102117
143.710004029274,-73.0787385242039,-73.0787385242039
143.72000402927398,-73.07439316640927,-73.07439316640927
143.730004029274,-73.0700439828313,-73.0700439828313
143.740004029274,-73.06569143226294,-73.06569143226294
143.75000402927398,-73.06133596716259,-73.06133596716259
143.760004029274,-73.05697803370396,-73.05697803370396
143.770004029274,-73.05261807181826,-73.05261807181826
143.78000402927398,-73.04825651530263,-73.04825651530263
143.79000402927397,-73.0438937918167,-73.0438937918167
143.800004029274,-73.03953032299526,-73.03953032299526
143.81000402927398,-73.03516652445863,-73.03516652445863
143.82000402927397,-73.03080280591732,-73.03080280591732
143.830004029274,-73.02643957119957,-73.02643957119957
143.84000402927398,-73.02207721830979,-73.02207721830979
143.85000402927398,-73.01771613950874,-73.01771613950874
143.860004029274,-73.01335672134397,-73.01335672134397
143.87000402927399,-73.00899934472308,-73.00899934472308
143.88000402927398,-73.00464438496532,-73.00464438496532
143.890004029274,-73.00029221185451,-73.00029221185451
143.900004029274,-72.99594318971803,-72.99594318971803
143.91000402927398,-72.99159767745611,-72.99159767745611
143.920004029274,-72.98725602860452,-72.98725602860452
143.930004029274,-72.9829185914007,-72.9829185914007
143.94000402927398,-72.9785857088329,-72.9785857088329
143.950004029274,-72.9742577187038,-72.9742577187038
143.960004029274,-72.96993495366615,-72.96993495366615
143.97000402927398,-72.96561774129997,-72.96561774129997
143.980004029274,-72.96130640415673,-72.96130640415673
143.990004029274,-72.9570012598155,-72.9570012598155
144.00000402927398,-72.95270262093395,-72.95270262093395
144.010004029274,-72.94841079530904,-72.94841079530904
144.020004029274,-72.94412608592167,-72.94412608592167
144.03000402927398,-72.93984879100856,-72.93984879100856
144.04000402927397,-72.93557920409681,-72.93557920409681
144.050004029274,-72.93131761405378,-72.93131761405378
144.06000402927398,-72.92706430516529,-72.92706430516529
144.07000402927397,-72.92281955715424,-72.92281955715424
144.080004029274,-72.91858364526264,-72.91858364526264
144.09000402927398,-72.91435684028238,-72.91435684028238
144.10000402927398,-72.9101394086171,-72.9101394086171
144.110004029274,-72.90593161232364,-72.90593161232364
144.12000402927399,-72.90173370916693,-72.90173370916693
144.13000402927398,-72.89754595268477,-72.89754595268477
144.140004029274,-72.89336859220805,-72.89336859220805
144.150004029274,-72.88920187292949,-72.88920187292949
144.16000402927398,-72.8850460359529,-72.8850460359529
144.170004029274,-72.88090131833826,-72.88090131833826
144.180004029274,-72.87676795313897,-72.87676795313897
144.19000402927398,-72.8726461694684,-72.8726461694684
144.200004029274,-72.86853619252916,-72.86853619252916
144.210004029274,-72.86443824367278,-72.86443824367278
144.22000402927398,-72.86035254044432,-72.86035254044432
144.230004029274,-72.85627929662671,-72.85627929662671
144.240004029274,-72.85221872227619,-72.85221872227619
144.25000402927398,-72.84817102378099,-72.84817102378099
144.260004029274,-72.84413640391189,-72.84413640391189
144.270004029274,-72.84011506183195,-72.84011506183195
144.28000402927398,-72.83610719319167,-72.83610719319167
144.29000402927397,-72.8321129901237,-72.8321129901237
144.300004029274,-72.82813264132758,-72.82813264132758
144.31000402927398,-72.82416633207947,-72.82416633207947
144.32000402927397,-72.82021424428942,-72.82021424428942
144.330004029274,-72.81627655653698,-72.81627655653698
144.34000402927398,-72.81235344413035,-72.81235344413035
144.35000402927398,-72.80844507911617,-72.80844507911617
144.360004029274,-72.80455163035998,-72.80455163035998
144.37000402927399,-72.80067326354167,-72.80067326354167
144.38000402927398,-72.7968101412241,-72.7968101412241
144.390004029274,-72.79296242289112,-72.79296242289112
144.400004029274,-72.78913026497136,-72.78913026497136
144.41000402927398,-72.78531382090478,-72.78531382090478
144.420004029274,-72.7815132411532,-72.7815132411532
144.430004029274,-72.77772867324023,-72.77772867324023
144.44000402927398,-72.77396026180091,-72.77396026180091
144.450004029274,-72.77020814861605,-72.77020814861605
144.460004029274,-72.7664724726387,-72.7664724726387
144.47000402927398,-72.76275337004506,-72.76275337004506
144.480004029274,-72.75905097426855,-72.75905097426855
144.490004029274,-72.75536541601622,-72.75536541601622
144.50000405311584,-72.75169681457986,-72.75169681457986
144.51000405311584,-72.74804531287965,-72.74804531287965
144.52000405311585,-72.74441102490565,-72.74441102490565
144.53000405311585,-72.74079407085523,-72.74079407085523
144.54000405311584,-72.73719456839326,-72.73719456839326
144.55000405311586,-72.73361263268205,-72.73361263268205
144.56000405311585,-72.73004837639226,-72.73004837639226
144.57000405311584,-72.72650190974574,-72.72650190974574
144.58000405311586,-72.7229733405714,-72.7229733405714
144.59000405311585,-72.71946277429652,-72.71946277429652
144.60000405311584,-72.71597031401159,-72.71597031401159
144.61000405311586,-72.71249606048545,-72.71249606048545
144.62000405311585,-72.70904011218705,-72.70904011218705
144.63000405311584,-72.70560256533864,-72.70560256533864
144.64000405311583,-72.70218351393046,-72.70218351393046
144.65000405311585,-72.6987830497557,-72.6987830497557
144.66000405311584,-72.69540126243369,-72.69540126243369
144.67000405311583,-72.69203823943154,-72.69203823943154
144.68000405311585,-72.68869406612467,-72.68869406612467
144.69000405311584,-72.68536882577969,-72.68536882577969
144.70000405311583,-72.68206259962055,-72.68206259962055
144.71000405311585,-72.67877546683744,-72.67877546683744
144.72000405311584,-72.6755075046169,-72.6755075046169
144.73000405311583,-72.67225878816154,-72.67225878816154
144.74000405311585,-72.6690293907362,-72.6690293907362
144.75000405311584,-72.6658193836673,-72.6658193836673
144.76000405311584,-72.66262883639807,-72.66262883639807
144.77000405311585,-72.65945781648318,-72.65945781648318
144.78000405311585,-72.6563063896391,-72.6563063896391
144.79000405311584,-72.65317461975667,-72.65317461975667
144.80000405311586,-72.65006256893425,-72.65006256893425
144.81000405311585,-72.64697029748194,-72.64697029748194
144.82000405311584,-72.64389786396558,-72.64389786396558
144.83000405311586,-72.64084532523864,-72.64084532523864
144.84000405311585,-72.63781273643107,-72.63781273643107
144.85000405311584,-72.63480015099324,-72.63480015099324
144.86000405311586,-72.63180762073613,-72.63180762073613
144.87000405311585,-72.62883519581541,-72.62883519581541
144.88000405311584,-72.62588292479417,-72.62588292479417
144.89000405311583,-72.62295085462597,-72.62295085462597
144.90000405311585,-72.62003903070769,-72.62003903070769
144.91000405311584,-72.61714749687916,-72.61714749687916
144.92000405311583,-72.61427629546617,-72.61427629546617
144.93000405311585,-72.61142546728145,-72.61142546728145
144.94000405311584,-72.60859505165085,-72.60859505165085
144.95000405311583,-72.60578508643505,-72.60578508643505
144.96000405311585,-72.6029892816981,-72.6029892816981
144.97000405311584,-72.60020490246737,-72.60020490246737
144.98000405311583,-72.59743063521056,-72.59743063521056
144.99000405311585,-72.59466582417136,-72.59466582417136
145.00000405311584,-72.59191017972175,-72.59191017972175
145.01000405311584,-72.58916362674526,-72.58916362674526
145.02000405311585,-72.58642621572274,-72.58642621572274
145.03000405311585,-72.58369806929545,-72.58369806929545
145.04000405311584,-72.58097935011713,-72.58097935011713
145.05000405311586,-72.5782702415503,-72.5782702415503
145.06000405311585,-72.57557093617159,-72.57557093617159
145.07000405311584,-72.57288162900643,-72.57288162900643
145.08000405311586,-72.57020251368016,-72.57020251368016
145.09000405311585,-72.5675337802845,-72.5675337802845
145.10000405311584,-72.56487561432792,-72.56487561432792
145.11000405311586,-72.56222819635349,-72.56222819635349
145.12000405311585,-72.55959170184873,-72.55959170184873
145.13000405311584,-72.55696630142634,-72.55696630142634
145.14000405311583,-72.55435216107486,-72.55435216107486
145.15000405311585,-72.55174944247375,-72.55174944247375
145.16000405311584,-72.54915830328835,-72.54915830328835
145.17000405311583,-72.54657889748381,-72.54657889748381
145.18000405311585,-72.54401137559948,-72.54401137559948
145.19000405311584,-72.54145588497815,-72.54145588497815
145.20000405311583,-72.53891257001567,-72.53891257001567
145.21000405311585,-72.53638157232376,-72.53638157232376
145.22000405311584,-72.53386303091442,-72.53386303091442
145.23000405311583,-72.53135708232868,-72.53135708232868
145.24000405311585,-72.52886386076175,-72.52886386076175
145.25000405311584,-72.52638349817983,-72.52638349817983
145.26000405311584,-72.52391612438724,-72.52391612438724
145.27000405311585,-72.52146186709915,-72.52146186709915
145.28000405311585,-72.5190208520318,-72.5190208520318
145.29000405311584,-72.51659320291031,-72.51659320291031
145.30000405311586,-72.51417904154677,-72.51417904154677
145.31000405311585,-72.51177848785629,-72.51177848785629
145.32000405311584,-72.50939165990444,-72.50939165990444
145.33000405311586,-72.50701867392006,-72.50701867392006
145.34000405311585,-72.50465964430754,-72.50465964430754
145.3500040769577,-72.50231467810418,-72.50231467810418
145.3600040769577,-72.49998389735293,-72.49998389735293
145.3700040769577,-72.49766740549393,-72.49766740549393
145.3800040769577,-72.49536530983387,-72.49536530983387
145.3900040769577,-72.49307771593281,-72.49307771593281
145.4000040769577,-72.49080472760723,-72.49080472760723
145.4100040769577,-72.48854644693058,-72.48854644693058
145.4200040769577,-72.4863029742602,-72.4863029742602
145.43000407695772,-72.48407440822152,-72.48407440822152
145.4400040769577,-72.48186084571826,-72.48186084571826
145.4500040769577,-72.47966238195268,-72.47966238195268
145.46000407695772,-72.47747911041321,-72.47747911041321
145.4700040769577,-72.47531112287967,-72.47531112287967
145.4800040769577,-72.47315850944308,-72.47315850944308
145.4900040769577,-72.47102135850463,-72.47102135850463
145.5000040769577,-72.46889975677708,-72.46889975677708
145.5100040769577,-72.46679378928798,-72.46679378928798
145.5200040769577,-72.4647035393864,-72.4647035393864
145.5300040769577,-72.46262908877199,-72.46262908877199
145.5400040769577,-72.46057051747387,-72.46057051747387
145.5500040769577,-72.45852790385072,-72.45852790385072
145.5600040769577,-72.45650132465256,-72.45650132465256
145.5700040769577,-72.45449085495578,-72.45449085495578
145.5800040769577,-72.452496568231,-72.452496568231
145.5900040769577,-72.45051853631972,-72.45051853631972
145.6000040769577,-72.44855682944342,-72.44855682944342
145.6100040769577,-72.44661151623083,-72.44661151623083
145.6200040769577,-72.44468266371041,-72.44468266371041
145.6300040769577,-72.44277033733306,-72.44277033733306
145.6400040769577,-72.44087460097087,-72.44087460097087
145.6500040769577,-72.43899551694858,-72.43899551694858
145.6600040769577,-72.43713314601537,-72.43713314601537
145.6700040769577,-72.4352875473953,-72.4352875473953
145.68000407695772,-72.43345877877809,-72.43345877877809
145.6900040769577,-72.43164689633888,-72.43164689633888
145.7000040769577,-72.42985195475151,-72.42985195475151
145.71000407695772,-72.42807400718867,-72.42807400718867
145.7200040769577,-72.42631310534094,-72.42631310534094
145.7300040769577,-72.42456929943796,-72.42456929943796
145.7400040769577,-72.4228426382496,-72.4228426382496
145.7500040769577,-72.42113316910972,-72.42113316910972
145.7600040769577,-72.41944093790548,-72.41944093790548
145.7700040769577,-72.41776598912138,-72.41776598912138
145.7800040769577,-72.41610836584016,-72.41610836584016
145.7900040769577,-72.41446810974486,-72.41446810974486
145.8000040769577,-72.41284526115219,-72.41284526115219
145.8100040769577,-72.41123985901852,-72.41123985901852
145.8200040769577,-72.40965194092931,-72.40965194092931
145.8300040769577,-72.40808154316527,-72.40808154316527
145.8400040769577,-72.40652870067487,-72.40652870067487
145.8500040769577,-72.40499344709104,-72.40499344709104
145.8600040769577,-72.40347581476672,-72.40347581476672
145.8700040769577,-72.40197583476889,-72.40197583476889
145.8800040769577,-72.40049353690266,-72.40049353690266
145.8900040769577,-72.39902894972863,-72.39902894972863
145.9000040769577,-72.3975821005617,-72.3975821005617
145.9100040769577,-72.39615301550208,-72.39615301550208
145.9200040769577,-72.39474171943984,-72.39474171943984
145.93000407695772,-72.39334823607604,-72.39334823607604
145.9400040769577,-72.3919725879204,-72.3919725879204
145.9500040769577,-72.39061479633958,-72.39061479633958
145.96000407695772,-72.38927488153358,-72.38927488153358
145.9700040769577,-72.38795286255949,-72.38795286255949
145.9800040769577,-72.3866487573768,-72.3866487573768
145.9900040769577,-72.38536258281233,-72.38536258281233
146.0000040769577,-72.38409435460876,-72.38409435460876
146.0100040769577,-72.38284408743158,-72.38284408743158
146.0200040769577,-72.38161179487368,-72.38161179487368
146.0300040769577,-72.38039748948343,-72.38039748948343
146.0400040769577,-72.37920118275557,-72.37920118275557
146.0500040769577,-72.37802288517932,-72.37802288517932
146.0600040769577,-72.37686260621123,-72.37686260621123
146.0700040769577,-72.37572035432825,-72.37572035432825
146.0800040769577,-72.37459613701007,-72.37459613701007
146.0900040769577,-72.37348996077485,-72.37348996077485
146.1000040769577,-72.37240183117265,-72.37240183117265
146.1100040769577,-72.37133175282608,-72.37133175282608
146.1200040769577,-72.37027972940508,-72.37027972940508
146.1300040769577,-72.36924576367181,-72.36924576367181
146.1400040769577,-72.36822985748115,-72.36822985748115
146.1500040769577,-72.36723201180305,-72.36723201180305
146.1600040769577,-72.36625222671303,-72.36625222671303
146.1700040769577,-72.3652905014278,-72.3652905014278
146.18000407695772,-72.3643468343184,-72.3643468343184
146.1900040769577,-72.36342122288582,-72.36342122288582
146.20000410079956,-72.36251366167369,-72.36251366167369
146.21000410079955,-72.36162415092296,-72.36162415092296
146.22000410079957,-72.36075268347533,-72.36075268347533
146.23000410079956,-72.359899253602,-72.359899253602
146.24000410079955,-72.3590638547928,-72.3590638547928
146.25000410079957,-72.35824647977502,-72.35824647977502
146.26000410079956,-72.35744712050233,-72.35744712050233
146.27000410079955,-72.35666576818903,-72.35666576818903
146.28000410079957,-72.3559024133147,-72.3559024133147
146.29000410079956,-72.35515704563153,-72.35515704563153
146.30000410079955,-72.35442965418085,-72.35442965418085
146.31000410079957,-72.35372022730118,-72.35372022730118
146.32000410079957,-72.35302875263393,-72.35302875263393
146.33000410079956,-72.35235521715748,-72.35235521715748
146.34000410079955,-72.35169960716398,-72.35169960716398
146.35000410079957,-72.35106190829082,-72.35106190829082
146.36000410079956,-72.35044210553164,-72.35044210553164
146.37000410079955,-72.34984018323773,-72.34984018323773
146.38000410079957,-72.34925612513055,-72.34925612513055
146.39000410079956,-72.34868991431618,-72.34868991431618
146.40000410079955,-72.34814153330791,-72.34814153330791
146.41000410079957,-72.34761096399947,-72.34761096399947
146.42000410079956,-72.347098187699,-72.347098187699
146.43000410079955,-72.34660318514732,-72.34660318514732
146.44000410079957,-72.34612593652955,-72.34612593652955
146.45000410079956,-72.34566642142833,-72.34566642142833
146.46000410079955,-72.34521831218201,-72.34521831218201
146.47000410079957,-72.34477882446909,-72.34477882446909
146.48000410079956,-72.34434659103096,-72.34434659103096
146.49000410079955,-72.34392090075661,-72.34392090075661
146.50000410079957,-72.34350140806782,-72.34350140806782
146.51000410079956,-72.3430879819447,-72.3430879819447
146.52000410079955,-72.3426806173648,-72.3426806173648
146.53000410079957,-72.34227938210962,-72.34227938210962
146.54000410079956,-72.34188438473669,-72.34188438473669
146.55000410079955,-72.34149575536026,-72.34149575536026
146.56000410079957,-72.34111363422328,-72.34111363422328
146.57000410079957,-72.34073816491255,-72.34073816491255
146.58000410079956,-72.34036949053379,-72.34036949053379
146.59000410079955,-72.34000775157725,-72.34000775157725
146.60000410079957,-72.33965308486123,-72.33965308486123
146.61000410079956,-72.33930562310643,-72.33930562310643
146.62000410079955,-72.33896549486596,-72.33896549486596
146.63000410079957,-72.33863282467372,-72.33863282467372
146.64000410079956,-72.33830773328768,-72.33830773328768
146.65000410079955,-72.33799033797114,-72.33799033797114
146.66000410079957,-72.33768075279892,-72.33768075279892
146.67000410079956,-72.33737908894652,-72.33737908894652
146.68000410079955,-72.33708545491903,-72.33708545491903
146.69000410079957,-72.3367999568254,-72.3367999568254
146.70000410079956,-72.3365226985569,-72.3365226985569
146.71000410079955,-72.33624747610769,-72.33624747610769
146.72000410079957,-72.33597162714393,-72.33597162714393
146.73000410079956,-72.33569390500797,-72.33569390500797
146.74000410079955,-72.33541371795629,-72.33541371795629
146.75000410079957,-72.33513083870858,-72.33513083870858
146.76000410079956,-72.33484525354748,-72.33484525354748
146.77000410079955,-72.33455707385893,-72.33455707385893
146.78000410079957,-72.33426648298371,-72.33426648298371
146.79000410079956,-72.33397370424008,-72.33397370424008
146.80000410079955,-72.33367898173383,-72.33367898173383
146.81000410079957,-72.33338256891429,-72.33338256891429
146.82000410079957,-72.3330847218828,-72.3330847218828
146.83000410079956,-72.33278569549145,-72.33278569549145
146.84000410079955,-72.33248574127113,-72.33248574127113
146.85000410079957,-72.33218510633967,-72.33218510633967
146.86000410079956,-72.33188403298246,-72.33188403298246
146.87000410079955,-72.33158275858044,-72.33158275858044
146.88000410079957,-72.33128151574495,-72.33128151574495
146.89000410079956,-72.33098053255772,-72.33098053255772
146.90000410079955,-72.33068003283935,-72.33068003283935
146.91000410079957,-72.3303802364493,-72.3303802364493
146.92000410079956,-72.33008135954094,-72.33008135954094
146.93000410079955,-72.32978361482493,-72.32978361482493
146.94000410079957,-72.32948721179828,-72.32948721179828
146.95000410079956,-72.32919235691527,-72.32919235691527
146.96000410079955,-72.32889925378475,-72.32889925378475
146.97000410079957,-72.3286081032969,-72.3286081032969
146.98000410079956,-72.32831910374522,-72.32831910374522
146.99000410079955,-72.32803245093588,-72.32803245093588
147.00000410079957,-72.3277483382646,-72.3277483382646
147.01000410079956,-72.3274669567663,-72.3274669567663
147.02000410079955,-72.3271884952206,-72.3271884952206
147.03000410079957,-72.3269131401408,-72.3269131401408
147.04000410079956,-72.32664107583906,-72.32664107583906
147.05000412464142,-72.32637248380985,-72.32637248380985
147.0600041246414,-72.32610754531873,-72.32610754531873
147.07000412464143,-72.3258464375632,-72.3258464375632
147.08000412464142,-72.32558933624671,-72.32558933624671
147.0900041246414,-72.32533641495921,-72.32533641495921
147.10000412464143,-72.32508784517272,-72.32508784517272
147.11000412464142,-72.3248437962583,-72.3248437962583
147.1200041246414,-72.32460443548449,-72.32460443548449
147.13000412464143,-72.32436992799826,-72.32436992799826
147.14000412464142,-72.32414043684405,-72.32414043684405
147.1500041246414,-72.32391612297148,-72.32391612297148
147.16000412464143,-72.32369714521495,-72.32369714521495
147.17000412464142,-72.3234836603048,-72.3234836603048
147.1800041246414,-72.3232758228651,-72.3232758228651
147.1900041246414,-72.32307378541961,-72.32307378541961
147.20000412464142,-72.32287769836697,-72.32287769836697
147.21000412464142,-72.32268771001398,-72.32268771001398
147.2200041246414,-72.32250396655134,-72.32250396655134
147.23000412464143,-72.32232661207674,-72.32232661207674
147.24000412464142,-72.3221557885691,-72.3221557885691
147.2500041246414,-72.32199163592576,-72.32199163592576
147.26000412464143,-72.32183429193431,-72.32183429193431
147.27000412464142,-72.32168389228778,-72.32168389228778
147.2800041246414,-72.32154057060644,-72.32154057060644
147.29000412464143,-72.32140445841789,-72.32140445841789
147.30000412464142,-72.32127568517184,-72.32127568517184
147.3100041246414,-72.32115437824409,-72.32115437824409
147.32000412464143,-72.32104066296748,-72.32104066296748
147.33000412464142,-72.32093466260011,-72.32093466260011
147.3400041246414,-72.32083649835924,-72.32083649835924
147.35000412464143,-72.32074628942773,-72.32074628942773
147.36000412464142,-72.32066415296588,-72.32066415296588
147.3700041246414,-72.32059020410037,-72.32059020410037
147.38000412464143,-72.32052455597912,-72.32052455597912
147.39000412464142,-72.32046731973082,-72.32046731973082
147.4000041246414,-72.32041860451982,-72.32041860451982
147.41000412464143,-72.3203785175293,-72.3203785175293
147.42000412464142,-72.32034716398375,-72.32034716398375
147.4300041246414,-72.32032464717662,-72.32032464717662
147.4400041246414,-72.32031106846227,-72.32031106846227
147.45000412464142,-72.32030652728194,-72.32030652728194
147.46000412464142,-72.32030481749887,-72.32030481749887
147.4700041246414,-72.32030327420458,-72.32030327420458
147.48000412464143,-72.32030064765728,-72.32030064765728
147.49000412464142,-72.32029634249699,-72.32029634249699
147.5000041246414,-72.32029012731817,-72.32029012731817
147.51000412464143,-72.32028198378673,-72.32028198378673
147.52000412464142,-72.32027201812811,-72.32027201812811
147.5300041246414,-72.3202604080035,-72.3202604080035
147.54000412464143,-72.32024737050334,-72.32024737050334
147.55000412464142,-72.32023314296727,-72.32023314296727
147.5600041246414,-72.3202179715382,-72.3202179715382
147.57000412464143,-72.32020210444934,-72.32020210444934
147.58000412464142,-72.32018578815727,-72.32018578815727
147.5900041246414,-72.32016926526917,-72.32016926526917
147.60000412464143,-72.3201527734578,-72.3201527734578
147.61000412464142,-72.32013654506657,-72.32013654506657
147.6200041246414,-72.32012080704239,-72.32012080704239
147.63000412464143,-72.32010578109343,-72.32010578109343
147.64000412464142,-72.32009168395561,-72.32009168395561
147.6500041246414,-72.32007872766226,-72.32007872766226
147.66000412464143,-72.32006711987215,-72.32006711987215
147.67000412464142,-72.32005706414881,-72.32005706414881
147.6800041246414,-72.32004876024972,-72.32004876024972
147.6900041246414,-72.32004240435334,-72.32004240435334
147.70000412464142,-72.32003818929269,-72.32003818929269
147.71000412464142,-72.32003630471208,-72.32003630471208
147.7200041246414,-72.32003693727418,-72.32003693727418
147.73000412464143,-72.32004027077663,-72.32004027077663
147.74000412464142,-72.32004648626469,-72.32004648626469
147.7500041246414,-72.32005576214932,-72.32005576214932
147.76000412464143,-72.3200682742936,-72.3200682742936
147.77000412464142,-72.32008419608023,-72.32008419608023
147.7800041246414,-72.32010369847094,-72.32010369847094
147.79000412464143,-72.32012695007248,-72.32012695007248
147.80000412464142,-72.32015411716719,-72.32015411716719
147.8100041246414,-72.32018536375756,-72.32018536375756
147.82000412464143,-72.32022085160918,-72.32022085160918
147.83000412464142,-72.32026074025009,-72.32026074025009
147.8400041246414,-72.3203051870279,-72.3203051870279
147.85000412464143,-72.32035434710451,-72.32035434710451
147.86000412464142,-72.32040837347867,-72.32040837347867
147.8700041246414,-72.32046741701738,-72.32046741701738
147.88000412464143,-72.320531626458,-72.320531626458
147.89000412464142,-72.32060114840836,-72.32060114840836
147.90000414848328,-72.32067612755971,-72.32067612755971
147.91000414848327,-72.32075670597669,-72.32075670597669
147.9200041484833,-72.32084302415323,-72.32084302415323
147.93000414848328,-72.32093522033188,-72.32093522033188
147.94000414848327,-72.32103343069639,-72.32103343069639
147.9500041484833,-72.32113778937675,-72.32113778937675
147.96000414848328,-72.3212484284331,-72.3212484284331
147.97000414848327,-72.32136547791004,-72.32136547791004
147.9800041484833,-72.32148906580612,-72.32148906580612
147.99000414848328,-72.32161931810555,-72.32161931810555
148.00000414848327,-72.3217563587695,-72.3217563587695
148.0100041484833,-72.32190030976732,-72.32190030976732
148.02000414848328,-72.32205129106464,-72.32205129106464
148.03000414848327,-72.32220942066566,-72.32220942066566
148.04000414848326,-72.32237481458421,-72.32237481458421
148.05000414848328,-72.32254758688485,-72.32254758688485
148.06000414848327,-72.32272784967307,-72.32272784967307
148.07000414848326,-72.32291571313169,-72.32291571313169
148.08000414848328,-72.32311128551343,-72.32311128551343
148.09000414848327,-72.32331467315129,-72.32331467315129
148.10000414848326,-72.32352598049516,-72.32352598049516
148.11000414848328,-72.32374531010204,-72.32374531010204
148.12000414848328,-72.32397276265232,-72.32397276265232
148.13000414848327,-72.3242084369688,-72.3242084369688
148.14000414848329,-72.32445243003754,-72.32445243003754
148.15000414848328,-72.32470483700597,-72.32470483700597
148.16000414848327,-72.32496575122558,-72.32496575122558
148.1700041484833,-72.32523526421738,-72.32523526421738
148.18000414848328,-72.32551346573715,-72.32551346573715
148.19000414848327,-72.32580044377451,-72.32580044377451
148.2000041484833,-72.32609628454345,-72.32609628454345
148.21000414848328,-72.32640107254232,-72.32640107254232
148.22000414848327,-72.32671489052925,-72.32671489052925
148.2300041484833,-72.32703781957657,-72.32703781957657
148.24000414848328,-72.3273699390363,-72.3273699390363
148.25000414848327,-72.32771132661448,-72.32771132661448
148.2600041484833,-72.32806205835269,-72.32806205835269
148.27000414848328,-72.32842220864207,-72.32842220864207
148.28000414848327,-72.32879185024512,-72.32879185024512
148.29000414848326,-72.32917105434002,-72.32917105434002
148.30000414848328,-72.3295598905013,-72.3295598905013
148.31000414848327,-72.32995842671933,-72.32995842671933
148.32000414848326,-72.33036672944988,-72.33036672944988
148.33000414848328,-72.33078486359457,-72.33078486359457
148.34000414848327,-72.3312128925324,-72.3312128925324
148.35000414848326,-72.33165087814267,-72.33165087814267
148.36000414848328,-72.33209888081024,-72.33209888081024
148.37000414848328,-72.33255695945704,-72.33255695945704
148.38000414848327,-72.33302517153898,-72.33302517153898
148.39000414848329,-72.33350357308939,-72.33350357308939
148.40000414848328,-72.33399221870465,-72.33399221870465
148.41000414848327,-72.3344911615926,-72.3344911615926
148.4200041484833,-72.33500045356554,-72.33500045356554
148.43000414848328,-72.33552014506817,-72.33552014506817
148.44000414848327,-72.33605028519554,-72.33605028519554
148.4500041484833,-72.33659092171018,-72.33659092171018
148.46000414848328,-72.33714210104831,-72.33714210104831
148.47000414848327,-72.33770386833842,-72.33770386833842
148.4800041484833,-72.33827626744451,-72.33827626744451
148.49000414848328,-72.33885934094037,-72.33885934094037
148.50000414848327,-72.33945313015444,-72.33945313015444
148.5100041484833,-72.34005767519025,-72.34005767519025
148.52000414848328,-72.34067301490988,-72.34067301490988
148.53000414848327,-72.34129918698252,-72.34129918698252
148.54000414848326,-72.34193622789024,-72.34193622789024
148.55000414848328,-72.34258417294411,-72.34258417294411
148.56000414848327,-72.3432430562954,-72.3432430562954
148.57000414848326,-72.3439129109509,-72.3439129109509
148.58000414848328,-72.3445937688043,-72.3445937688043
148.59000414848327,-72.34528566063048,-72.34528566063048
148.60000414848326,-72.34598861610831,-72.34598861610831
148.61000414848328,-72.34670266384637,-72.34670266384637
148.62000414848328,-72.34742783138158,-72.34742783138158
148.63000414848327,-72.34816414520135,-72.34816414520135
148.64000414848329,-72.34891163076735,-72.34891163076735
148.65000414848328,-72.3496703125093,-72.3496703125093
148.66000414848327,-72.35044021387056,-72.35044021387056
148.6700041484833,-72.3512213572844,-72.3512213572844
148.68000414848328,-72.35201376421189,-72.35201376421189
148.69000414848327,-72.35281745515992,-72.35281745515992
148.7000041484833,-72.35363244968975,-72.35363244968975
148.71000414848328,-72.35445876641289,-72.35445876641289
148.72000414848327,-72.35529642303658,-72.35529642303658
148.7300041484833,-72.35614543635153,-72.35614543635153
148.74000414848328,-72.35700582225026,-72.35700582225026
148.75000417232513,-72.35787759784431,-72.35787759784431
148.76000417232513,-72.35876077315918,-72.35876077315918
148.77000417232514,-72.35965536353288,-72.35965536353288
148.78000417232514,-72.36056138142034,-72.36056138142034
148.79000417232513,-72.36147883844644,-72.36147883844644
148.80000417232515,-72.36240774543431,-72.36240774543431
148.81000417232514,-72.36334811239219,-72.36334811239219
148.82000417232513,-72.36429994853621,-72.36429994853621
148.83000417232515,-72.36526326231326,-72.36526326231326
148.84000417232514,-72.36623806138356,-72.36623806138356
148.85000417232513,-72.36722435267804,-72.36722435267804
148.86000417232515,-72.36822214236953,-72.36822214236953
148.87000417232514,-72.3692314358939,-72.3692314358939
148.88000417232513,-72.37025223797443,-72.37025223797443
148.89000417232512,-72.37128455263172,-72.37128455263172
148.90000417232514,-72.37232838318072,-72.37232838318072
148.91000417232513,-72.37338373224813,-72.37338373224813
148.92000417232512,-72.37445060178848,-72.37445060178848
148.93000417232514,-72.37552899309277,-72.37552899309277
148.94000417232513,-72.37661890679195,-72.37661890679195
148.95000417232512,-72.37772034287575,-72.37772034287575
148.96000417232514,-72.37882699068267,-72.37882699068267
148.97000417232513,-72.37993608546779,-72.37993608546779
148.98000417232512,-72.38104628004785,-72.38104628004785
148.99000417232514,-72.38215688330438,-72.38215688330438
149.00000417232513,-72.3832675695112,-72.3832675695112
149.01000417232513,-72.38437822734092,-72.38437822734092
149.02000417232514,-72.38548887129684,-72.38548887129684
149.03000417232514,-72.38659958854744,-72.38659958854744
149.04000417232513,-72.38771050690278,-72.38771050690278
149.05000417232515,-72.38882177562894,-72.38882177562894
149.06000417232514,-72.3899335539767,-72.3899335539767
149.07000417232513,-72.39104600449397,-72.39104600449397
149.08000417232515,-72.39215928912728,-72.39215928912728
149.09000417232514,-72.39327356713112,-72.39327356713112
149.10000417232513,-72.39438899402252,-72.39438899402252
149.11000417232515,-72.39550572112911,-72.39550572112911
149.12000417232514,-72.39662389556226,-72.39662389556226
149.13000417232513,-72.39774366033232,-72.39774366033232
149.14000417232512,-72.39886515462494,-72.39886515462494
149.15000417232514,-72.39998851405562,-72.39998851405562
149.16000417232513,-72.40111387098563,-72.40111387098563
149.17000417232512,-72.40224135482599,-72.40224135482599
149.18000417232514,-72.40337109226061,-72.40337109226061
149.19000417232513,-72.40450320751371,-72.40450320751371
149.20000417232512,-72.40563782254046,-72.40563782254046
149.21000417232514,-72.40677505721114,-72.40677505721114
149.22000417232513,-72.40791502945969,-72.40791502945969
149.23000417232512,-72.40905785542377,-72.40905785542377
149.24000417232514,-72.41020364956195,-72.41020364956195
149.25000417232513,-72.41135252471841,-72.41135252471841
149.26000417232513,-72.41250459222337,-72.41250459222337
149.27000417232514,-72.41365996195923,-72.41365996195923
149.28000417232514,-72.41481874238822,-72.41481874238822
149.29000417232513,-72.41598104060877,-72.41598104060877
149.30000417232515,-72.41714696241135,-72.41714696241135
149.31000417232514,-72.41831661226254,-72.41831661226254
149.32000417232513,-72.41949009337272,-72.41949009337272
149.33000417232515,-72.42066750767245,-72.42066750767245
149.34000417232514,-72.4218489558468,-72.4218489558468
149.35000417232513,-72.42303453734614,-72.42303453734614
149.36000417232515,-72.42422435038301,-72.42422435038301
149.37000417232514,-72.42541849194325,-72.42541849194325
149.38000417232513,-72.42661705779321,-72.42661705779321
149.39000417232512,-72.42782014247388,-72.42782014247388
149.40000417232514,-72.42902783929875,-72.42902783929875
149.41000417232513,-72.43024024036124,-72.43024024036124
149.42000417232512,-72.43145743652984,-72.43145743652984
149.43000417232514,-72.43267951744677,-72.43267951744677
149.44000417232513,-72.43390657153851,-72.43390657153851
149.45000417232512,-72.43513868599621,-72.43513868599621
149.46000417232514,-72.43637594678258,-72.43637594678258
149.47000417232513,-72.43761843863004,-72.43761843863004
149.48000417232512,-72.43886624504142,-72.43886624504142
149.49000417232514,-72.44011944828614,-72.44011944828614
149.50000417232513,-72.44137812940818,-72.44137812940818
149.51000417232513,-72.44264236820578,-72.44264236820578
149.52000417232514,-72.44391224326219,-72.44391224326219
149.53000417232514,-72.44518783190838,-72.44518783190838
149.54000417232513,-72.44646921026138,-72.44646921026138
149.55000417232515,-72.44775645320045,-72.44775645320045
149.56000417232514,-72.44904963437209,-72.44904963437209
149.57000417232513,-72.45034882621212,-72.45034882621212
149.58000417232515,-72.45165409991807,-72.45165409991807
149.59000417232514,-72.45296552547819,-72.45296552547819
149.600004196167,-72.45428317479887,-72.45428317479887
149.61000419616698,-72.45560710917731,-72.45560710917731
149.620004196167,-72.45693739807102,-72.45693739807102
149.630004196167,-72.45827410661974,-72.45827410661974
149.64000419616698,-72.45961729877557,-72.45961729877557
149.650004196167,-72.46096703728122,-72.46096703728122
149.660004196167,-72.46232338370555,-72.46232338370555
149.67000419616699,-72.46368639841816,-72.46368639841816
149.680004196167,-72.46505614063105,-72.46505614063105
149.690004196167,-72.46643266837165,-72.46643266837165
149.700004196167,-72.46781603851771,-72.46781603851771
149.710004196167,-72.46920630678397,-72.46920630678397
149.720004196167,-72.47060352774487,-72.47060352774487
149.730004196167,-72.4720077548335,-72.4720077548335
149.74000419616698,-72.47341904034687,-72.47341904034687
149.750004196167,-72.4748374354626,-72.4748374354626
149.760004196167,-72.47626299025258,-72.47626299025258
149.77000419616698,-72.47769575366961,-72.47769575366961
149.780004196167,-72.47913577357137,-72.47913577357137
149.790004196167,-72.48058309672435,-72.48058309672435
149.80000419616698,-72.48203776884306,-72.48203776884306
149.810004196167,-72.48349983454001,-72.48349983454001
149.820004196167,-72.48496933737675,-72.48496933737675
149.83000419616698,-72.48644631987572,-72.48644631987572
149.840004196167,-72.48793082351104,-72.48793082351104
149.850004196167,-72.48942288872905,-72.48942288872905
149.86000419616698,-72.49092255494641,-72.49092255494641
149.870004196167,-72.49242986058545,-72.49242986058545
149.880004196167,-72.49394484305368,-72.49394484305368
149.89000419616698,-72.49546753877435,-72.49546753877435
149.900004196167,-72.49699798319585,-72.49699798319585
149.910004196167,-72.49853621078339,-72.49853621078339
149.92000419616699,-72.50008225507182,-72.50008225507182
149.930004196167,-72.5016361486146,-72.5016361486146
149.940004196167,-72.5031979230437,-72.5031979230437
149.950004196167,-72.50476760906571,-72.50476760906571
149.960004196167,-72.50634523645472,-72.50634523645472
149.970004196167,-72.50793083409407,-72.50793083409407
149.980004196167,-72.5095244299706,-72.5095244299706
149.99000419616698,-72.51112605118279,-72.51112605118279
150.000004196167,-72.51273572395144,-72.51273572395144
150.010004196167,-72.51435347362704,-72.51435347362704
150.02000419616698,-72.51597932472608,-72.51597932472608
150.030004196167,-72.51761330090014,-72.51761330090014
150.040004196167,-72.51925542498019,-72.51925542498019
150.05000419616698,-72.52090571896996,-72.52090571896996
150.060004196167,-72.52256420407114,-72.52256420407114
150.070004196167,-72.52423090066482,-72.52423090066482
150.08000419616698,-72.52590582835461,-72.52590582835461
150.090004196167,-72.52758900596773,-72.52758900596773
150.100004196167,-72.52928045154256,-72.52928045154256
150.11000419616698,-72.53098018237536,-72.53098018237536
150.120004196167,-72.53268821500455,-72.53268821500455
150.130004196167,-72.53440456521562,-72.53440456521562
150.14000419616698,-72.53612924808252,-72.53612924808252
150.150004196167,-72.5378622779549,-72.5378622779549
150.160004196167,-72.53960366845374,-72.53960366845374
150.17000419616699,-72.54135343252824,-72.54135343252824
150.180004196167,-72.54311158241585,-72.54311158241585
150.190004196167,-72.54487812967912,-72.54487812967912
150.200004196167,-72.5466530852012,-72.5466530852012
150.210004196167,-72.54839454619447,-72.54839454619447
150.220004196167,-72.55008527105889,-72.55008527105889
150.230004196167,-72.55171584545484,-72.55171584545484
150.24000419616698,-72.55328094544916,-72.55328094544916
150.250004196167,-72.55477773858757,-72.55477773858757
150.260004196167,-72.55620488270604,-72.55620488270604
150.27000419616698,-72.55756190080297,-72.55756190080297
150.280004196167,-72.55884880742882,-72.55884880742882
150.290004196167,-72.56006589183146,-72.56006589183146
150.30000419616698,-72.56121359471202,-72.56121359471202
150.310004196167,-72.56229243946355,-72.56229243946355
150.320004196167,-72.56330299472785,-72.56330299472785
150.33000419616698,-72.56424585478561,-72.56424585478561
150.340004196167,-72.56512162974755,-72.56512162974755
150.350004196167,-72.56593094120562,-72.56593094120562
150.36000419616698,-72.56667442058603,-72.56667442058603
150.370004196167,-72.56735270888281,-72.56735270888281
150.380004196167,-72.56796645691273,-72.56796645691273
150.39000419616698,-72.56851632568994,-72.56851632568994
150.400004196167,-72.56900298669338,-72.56900298669338
150.410004196167,-72.56942712203916,-72.56942712203916
150.42000419616699,-72.56978942437553,-72.56978942437553
150.430004196167,-72.57009059669328,-72.57009059669328
150.440004196167,-72.57033135193394,-72.57033135193394
150.45000422000885,-72.57051241292925,-72.57051241292925
150.46000422000884,-72.57063450993327,-72.57063450993327
150.47000422000886,-72.57069838316336,-72.57069838316336
150.48000422000885,-72.57070477973092,-72.57070477973092
150.49000422000884,-72.57065445366217,-72.57065445366217
150.50000422000886,-72.57054816516646,-72.57054816516646
150.51000422000885,-72.57038667993362,-72.57038667993362
150.52000422000884,-72.57017076845034,-72.57017076845034
150.53000422000886,-72.56990120533985,-72.56990120533985
150.54000422000885,-72.56957876868621,-72.56957876868621
150.55000422000884,-72.56920423943106,-72.56920423943106
150.56000422000886,-72.56877840077084,-72.56877840077084
150.57000422000885,-72.56830203757262,-72.56830203757262
150.58000422000885,-72.56777593585143,-72.56777593585143
150.59000422000884,-72.56720088221466,-72.56720088221466
150.60000422000886,-72.56657766341341,-72.56657766341341
150.61000422000885,-72.56590706585686,-72.56590706585686
150.62000422000884,-72.56518987515871,-72.56518987515871
150.63000422000886,-72.56442687575102,-72.56442687575102
150.64000422000885,-72.56361885047218,-72.56361885047218
150.65000422000884,-72.56276658020423,-72.56276658020423
150.66000422000886,-72.56187084353313,-72.56187084353313
150.67000422000885,-72.56093241639948,-72.56093241639948
150.68000422000884,-72.55995207182825,-72.55995207182825
150.69000422000886,-72.55893057959601,-72.55893057959601
150.70000422000885,-72.55786870599202,-72.55786870599202
150.71000422000884,-72.55676089062075,-72.55676089062075
150.72000422000886,-72.5556051256327,-72.5556051256327
150.73000422000885,-72.55440082024087,-72.55440082024087
150.74000422000884,-72.55314803679178,-72.55314803679178
150.75000422000886,-72.55184719921336,-72.55184719921336
150.76000422000885,-72.55049894164792,-72.55049894164792
150.77000422000884,-72.54910401966461,-72.54910401966461
150.78000422000886,-72.54766325693231,-72.54766325693231
150.79000422000885,-72.54617751306249,-72.54617751306249
150.80000422000884,-72.54464766433114,-72.54464766433114
150.81000422000886,-72.54307459208697,-72.54307459208697
150.82000422000885,-72.54145917593141,-72.54145917593141
150.83000422000885,-72.53980228978126,-72.53980228978126
150.84000422000884,-72.53810479960029,-72.53810479960029
150.85000422000886,-72.53636756231803,-72.53636756231803
150.86000422000885,-72.53459142526216,-72.53459142526216
150.87000422000884,-72.53277722602655,-72.53277722602655
150.88000422000886,-72.53092579256328,-72.53092579256328
150.89000422000885,-72.52903794330604,-72.52903794330604
150.90000422000884,-72.52711448743845,-72.52711448743845
150.91000422000886,-72.52515622511137,-72.52515622511137
150.92000422000885,-72.52316394764664,-72.52316394764664
150.93000422000884,-72.52113843777782,-72.52113843777782
150.94000422000886,-72.51908046984948,-72.51908046984948
150.95000422000885,-72.51699080995711,-72.51699080995711
150.96000422000884,-72.5148702161081,-72.5148702161081
150.97000422000886,-72.51271943833589,-72.51271943833589
150.98000422000885,-72.5105392188058,-72.5105392188058
150.99000422000884,-72.50833029191527,-72.50833029191527
151.00000422000886,-72.5060933843643,-72.5060933843643
151.01000422000885,-72.5038292152051,-72.5038292152051
151.02000422000884,-72.50153849591366,-72.50153849591366
151.03000422000886,-72.4992219304369,-72.4992219304369
151.04000422000885,-72.4968802152132,-72.4968802152132
151.05000422000884,-72.49451403922485,-72.49451403922485
151.06000422000886,-72.49212408401831,-72.49212408401831
151.07000422000885,-72.4897110237603,-72.4897110237603
151.08000422000885,-72.48727552520391,-72.48727552520391
151.09000422000884,-72.48481824777923,-72.48481824777923
151.10000422000886,-72.48233984357282,-72.48233984357282
151.11000422000885,-72.47984095736156,-72.47984095736156
151.12000422000884,-72.47732222664892,-72.47732222664892
151.13000422000886,-72.4747842816716,-72.4747842816716
151.14000422000885,-72.472227745433,-72.472227745433
151.15000422000884,-72.469653233722,-72.469653233722
151.16000422000886,-72.46706135514576,-72.46706135514576
151.17000422000885,-72.46445271114446,-72.46445271114446
151.18000422000884,-72.46182789602517,-72.46182789602517
151.19000422000886,-72.45918749699574,-72.45918749699574
151.20000422000885,-72.45653209418703,-72.45653209418703
151.21000422000884,-72.45386226068685,-72.45386226068685
151.22000422000886,-72.45117856257083,-72.45117856257083
151.23000422000885,-72.44848155894624,-72.44848155894624
151.24000422000884,-72.44577180196552,-72.44577180196552
151.25000422000886,-72.44304983688473,-72.44304983688473
151.26000422000885,-72.44031620208884,-72.44031620208884
151.27000422000884,-72.43757142913987,-72.43757142913987
151.28000422000886,-72.43481604280448,-72.43481604280448
151.29000422000885,-72.43205056109223,-72.43205056109223
151.3000042438507,-72.42927548870841,-72.42927548870841
151.3100042438507,-72.42649134348743,-72.42649134348743
151.32000424385072,-72.42369861689791,-72.42369861689791
151.3300042438507,-72.42089780038093,-72.42089780038093
151.3400042438507,-72.41808937885726,-72.41808937885726
151.35000424385072,-72.41527383077879,-72.41527383077879
151.3600042438507,-72.41245162813708,-72.41245162813708
151.3700042438507,-72.40962323656636,-72.40962323656636
151.38000424385072,-72.40678911534364,-72.40678911534364
151.3900042438507,-72.40394971746682,-72.40394971746682
151.4000042438507,-72.40110548968408,-72.40110548968408
151.41000424385072,-72.39825687256733,-72.39825687256733
151.4200042438507,-72.39540430054807,-72.39540430054807
151.4300042438507,-72.39254820197074,-72.39254820197074
151.4400042438507,-72.38968899914437,-72.38968899914437
151.4500042438507,-72.38682710841127,-72.38682710841127
151.4600042438507,-72.3839629401698,-72.3839629401698
151.4700042438507,-72.38109689894925,-72.38109689894925
151.48000424385071,-72.3782293834604,-72.3782293834604
151.4900042438507,-72.37536078664452,-72.37536078664452
151.5000042438507,-72.37249149571917,-72.37249149571917
151.51000424385072,-72.36962189226054,-72.36962189226054
151.5200042438507,-72.36675235222712,-72.36675235222712
151.5300042438507,-72.36388324601907,-72.36388324601907
151.54000424385072,-72.36101493855452,-72.36101493855452
151.5500042438507,-72.35814778930724,-72.35814778930724
151.5600042438507,-72.35528215234018,-72.35528215234018
151.57000424385072,-72.35241837641028,-72.35241837641028
151.5800042438507,-72.34955680497505,-72.34955680497505
151.5900042438507,-72.34669777627082,-72.34669777627082
151.60000424385072,-72.34384162337393,-72.34384162337393
151.6100042438507,-72.34098867421767,-72.34098867421767
151.6200042438507,-72.3381392516986,-72.3381392516986
151.63000424385072,-72.33529367368132,-72.33529367368132
151.6400042438507,-72.33245225309348,-72.33245225309348
151.6500042438507,-72.32961529794335,-72.32961529794335
151.66000424385072,-72.32678311139996,-72.32678311139996
151.6700042438507,-72.32395599183667,-72.32395599183667
151.6800042438507,-72.32113423287976,-72.32113423287976
151.6900042438507,-72.31831812346522,-72.31831812346522
151.7000042438507,-72.31550794789412,-72.31550794789412
151.7100042438507,-72.31270398586821,-72.31270398586821
151.7200042438507,-72.30990651257233,-72.30990651257233
151.73000424385071,-72.3071157987004,-72.3071157987004
151.7400042438507,-72.30433211051925,-72.30433211051925
151.7500042438507,-72.3015557099128,-72.3015557099128
151.76000424385072,-72.29878685443119,-72.29878685443119
151.7700042438507,-72.29602579735405,-72.29602579735405
151.7800042438507,-72.2932727877265,-72.2932727877265
151.79000424385072,-72.29052807040911,-72.29052807040911
151.8000042438507,-72.28779188613966,-72.28779188613966
151.8100042438507,-72.28506447157079,-72.28506447157079
151.82000424385072,-72.28234605933393,-72.28234605933393
151.8300042438507,-72.27963687805797,-72.27963687805797
151.8400042438507,-72.27693715244895,-72.27693715244895
151.85000424385072,-72.27424710331644,-72.27424710331644
151.8600042438507,-72.27156694762847,-72.27156694762847
151.8700042438507,-72.26889689855791,-72.26889689855791
151.88000424385072,-72.26623716553824,-72.26623716553824
151.8900042438507,-72.26358795428331,-72.26358795428331
151.9000042438507,-72.26094946686443,-72.26094946686443
151.91000424385072,-72.25832190174219,-72.25832190174219
151.9200042438507,-72.2557054537846,-72.2557054537846
151.9300042438507,-72.25310031436749,-72.25310031436749
151.9400042438507,-72.25050667137037,-72.25050667137037
151.9500042438507,-72.24792470923761,-72.24792470923761
151.9600042438507,-72.24534831703211,-72.24534831703211
151.9700042438507,-72.24277492135089,-72.24277492135089
151.98000424385071,-72.24020336025,-72.24020336025
151.9900042438507,-72.23763312278723,-72.23763312278723
152.0000042438507,-72.23506405904683,-72.23506405904683
152.01000424385072,-72.23249622967703,-72.23249622967703
152.0200042438507,-72.22992981774365,-72.22992981774365
152.0300042438507,-72.22736507588193,-72.22736507588193
152.04000424385072,-72.22480229450511,-72.22480229450511
152.0500042438507,-72.22224178274908,-72.22224178274908
152.0600042438507,-72.2196838571706,-72.2196838571706
152.07000424385072,-72.21712883510784,-72.21712883510784
152.0800042438507,-72.21457703088589,-72.21457703088589
152.0900042438507,-72.21202875376234,-72.21202875376234
152.10000424385072,-72.20948430691779,-72.20948430691779
152.1100042438507,-72.20694398707424,-72.20694398707424
152.1200042438507,-72.20440808446484,-72.20440808446484
152.13000424385072,-72.20187688299656,-72.20187688299656
152.1400042438507,-72.19935066051465,-72.19935066051465
152.15000426769257,-72.19682968314969,-72.19682968314969
152.16000426769256,-72.19431422962816,-72.19431422962816
152.17000426769258,-72.19180455553905,-72.19180455553905
152.18000426769257,-72.18930091766593,-72.18930091766593
152.19000426769256,-72.18680356822594,-72.18680356822594
152.20000426769258,-72.18431275510243,-72.18431275510243
152.21000426769257,-72.18182243598702,-72.18182243598702
152.22000426769256,-72.1793301023023,-72.1793301023023
152.23000426769258,-72.17683465521101,-72.17683465521101
152.24000426769257,-72.17433564592103,-72.17433564592103
152.25000426769256,-72.17183298606844,-72.17183298606844
152.26000426769258,-72.16932679741699,-72.16932679741699
152.27000426769257,-72.16681732385663,-72.16681732385663
152.28000426769256,-72.16430487861528,-72.16430487861528
152.29000426769255,-72.16178981250668,-72.16178981250668
152.30000426769257,-72.15927249492692,-72.15927249492692
152.31000426769256,-72.15675330255752,-72.15675330255752
152.32000426769255,-72.15423261272156,-72.15423261272156
152.33000426769257,-72.15171079962367,-72.15171079962367
152.34000426769256,-72.149188232261,-72.149188232261
152.35000426769255,-72.14666527342868,-72.14666527342868
152.36000426769257,-72.14414227930645,-72.14414227930645
152.37000426769256,-72.14161959942429,-72.14161959942429
152.38000426769256,-72.13909757682342,-72.13909757682342
152.39000426769258,-72.13657654830678,-72.13657654830678
152.40000426769257,-72.13405684473709,-72.13405684473709
152.41000426769256,-72.13153879135405,-72.13153879135405
152.42000426769258,-72.12902270805647,-72.12902270805647
152.43000426769257,-72.12650890966309,-72.12650890966309
152.44000426769256,-72.12399770617331,-72.12399770617331
152.45000426769258,-72.12148940296782,-72.12148940296782
152.46000426769257,-72.11898430100179,-72.11898430100179
152.47000426769256,-72.11648269695009,-72.11648269695009
152.48000426769258,-72.11398488337447,-72.11398488337447
152.49000426769257,-72.11149114880331,-72.11149114880331
152.50000426769256,-72.10900177787167,-72.10900177787167
152.51000426769258,-72.10651705138186,-72.10651705138186
152.52000426769257,-72.10403724638326,-72.10403724638326
152.53000426769256,-72.1015626362327,-72.1015626362327
152.54000426769255,-72.09909349065745,-72.09909349065745
152.55000426769257,-72.09663007578335,-72.09663007578335
152.56000426769256,-72.0941726541885,-72.0941726541885
152.57000426769255,-72.09172148493556,-72.09172148493556
152.58000426769257,-72.08927682359405,-72.08927682359405
152.59000426769256,-72.0868389222594,-72.0868389222594
152.60000426769255,-72.08440802959745,-72.08440802959745
152.61000426769257,-72.0819843908479,-72.0819843908479
152.62000426769256,-72.07956824785053,-72.07956824785053
152.63000426769256,-72.07715983905882,-72.07715983905882
152.64000426769258,-72.07475939957715,-72.07475939957715
152.65000426769257,-72.07236716112122,-72.07236716112122
152.66000426769256,-72.06998335210506,-72.06998335210506
152.67000426769258,-72.06760819759491,-72.06760819759491
152.68000426769257,-72.06524191937403,-72.06524191937403
152.69000426769256,-72.0628847359202,-72.0628847359202
152.70000426769258,-72.06053686244543,-72.06053686244543
152.71000426769257,-72.05819851089554,-72.05819851089554
152.72000426769256,-72.05586988997342,-72.05586988997342
152.73000426769258,-72.05355120515985,-72.05355120515985
152.74000426769257,-72.05124265871646,-72.05124265871646
152.75000426769256,-72.04894444972342,-72.04894444972342
152.76000426769258,-72.04665677407425,-72.04665677407425
152.77000426769257,-72.04437982450528,-72.04437982450528
152.78000426769256,-72.04211379063278,-72.04211379063278
152.79000426769255,-72.03985885893047,-72.03985885893047
152.80000426769257,-72.03761521278092,-72.03761521278092
152.81000426769256,-72.03538303249735,-72.03538303249735
152.82000426769255,-72.03316249531657,-72.03316249531657
152.83000426769257,-72.0309537754662,-72.0309537754662
152.84000426769256,-72.02875704412497,-72.02875704412497
152.85000426769255,-72.02657246950437,-72.02657246950437
152.86000426769257,-72.02440021683758,-72.02440021683758
152.87000426769256,-72.02224044841091,-72.02224044841091
152.88000426769256,-72.02009332359209,-72.02009332359209
152.89000426769258,-72.01795899883483,-72.01795899883483
152.90000426769257,-72.01583762773261,-72.01583762773261
152.91000426769256,-72.01372936101893,-72.01372936101893
152.92000426769258,-72.01163434661451,-72.01163434661451
152.93000426769257,-72.00955272961559,-72.00955272961559
152.94000426769256,-72.00748465236569,-72.00748465236569
152.95000426769258,-72.00543025444502,-72.00543025444502
152.96000426769257,-72.00338967272049,-72.00338967272049
152.97000426769256,-72.00136304135394,-72.00136304135394
152.98000426769258,-71.999350491832,-71.999350491832
152.99000426769257,-71.99735215300474,-71.99735215300474
153.00000429153442,-71.99536814637236,-71.99536814637236
153.01000429153441,-71.99339860506646,-71.99339860506646
153.02000429153443,-71.99144364538424,-71.99144364538424
153.03000429153442,-71.98950338585495,-71.98950338585495
153.04000429153442,-71.98757794250447,-71.98757794250447
153.05000429153444,-71.98566742886196,-71.98566742886196
153.06000429153443,-71.98377195601216,-71.98377195601216
153.07000429153442,-71.98189163260292,-71.98189163260292
153.08000429153444,-71.98002656487506,-71.98002656487506
153.09000429153443,-71.97817685670114,-71.97817685670114
153.10000429153442,-71.97634260960551,-71.97634260960551
153.11000429153444,-71.97452392277835,-71.97452392277835
153.12000429153443,-71.97272089312453,-71.97272089312453
153.13000429153442,-71.97093361527467,-71.97093361527467
153.1400042915344,-71.96916218163086,-71.96916218163086
153.15000429153443,-71.96740668236744,-71.96740668236744
153.16000429153442,-71.96566720546537,-71.96566720546537
153.1700042915344,-71.96394383676665,-71.96394383676665
153.18000429153443,-71.96223665995915,-71.96223665995915
153.19000429153442,-71.96054575662995,-71.96054575662995
153.2000042915344,-71.9588712062878,-71.9588712062878
153.21000429153443,-71.95721308637991,-71.95721308637991
153.22000429153442,-71.95557147232503,-71.95557147232503
153.2300042915344,-71.95394643753976,-71.95394643753976
153.24000429153443,-71.95233805345717,-71.95233805345717
153.25000429153442,-71.95074638955747,-71.95074638955747
153.26000429153441,-71.94917151340307,-71.94917151340307
153.27000429153443,-71.94761349064464,-71.94761349064464
153.28000429153442,-71.94607238505822,-71.94607238505822
153.29000429153442,-71.94454825856864,-71.94454825856864
153.30000429153444,-71.9430411712813,-71.9430411712813
153.31000429153443,-71.94155118147796,-71.94155118147796
153.32000429153442,-71.9400783456748,-71.9400783456748
153.33000429153444,-71.93862271864394,-71.93862271864394
153.34000429153443,-71.93718435339987,-71.93718435339987
153.35000429153442,-71.93576330127085,-71.93576330127085
153.36000429153444,-71.93435961189797,-71.93435961189797
153.37000429153443,-71.93297333325448,-71.93297333325448
153.38000429153442,-71.93160451168303,-71.93160451168303
153.3900042915344,-71.93025319191547,-71.93025319191547
153.40000429153443,-71.92891941707518,-71.92891941707518
153.41000429153442,-71.92760322873437,-71.92760322873437
153.4200042915344,-71.92630466690474,-71.92630466690474
153.43000429153443,-71.92502377009349,-71.92502377009349
153.44000429153442,-71.92376057527424,-71.92376057527424
153.4500042915344,-71.92251511796445,-71.92251511796445
153.46000429153443,-71.92128743221548,-71.92128743221548
153.47000429153442,-71.9200775506203,-71.9200775506203
153.4800042915344,-71.91888550438269,-71.91888550438269
153.49000429153443,-71.9177113232885,-71.9177113232885
153.50000429153442,-71.91655503574914,-71.91655503574914
153.51000429153441,-71.91541666882932,-71.91541666882932
153.52000429153443,-71.91429624824599,-71.91429624824599
153.53000429153442,-71.91319379840591,-71.91319379840591
153.54000429153442,-71.91210934241059,-71.91210934241059
153.55000429153444,-71.91104290209786,-71.91104290209786
153.56000429153443,-71.90999449802176,-71.90999449802176
153.57000429153442,-71.9089641495203,-71.9089641495203
153.58000429153444,-71.90795187469804,-71.90795187469804
153.59000429153443,-71.90695769046017,-71.90695769046017
153.60000429153442,-71.90598161251731,-71.90598161251731
153.61000429153444,-71.90502365543654,-71.90502365543654
153.62000429153443,-71.90408383260606,-71.90408383260606
153.63000429153442,-71.903162156309,-71.903162156309
153.6400042915344,-71.90225863769425,-71.90225863769425
153.65000429153443,-71.90137328683545,-71.90137328683545
153.66000429153442,-71.90050611270716,-71.90050611270716
153.6700042915344,-71.89965712322699,-71.89965712322699
153.68000429153443,-71.89882632527808,-71.89882632527808
153.69000429153442,-71.89801372469176,-71.89801372469176
153.7000042915344,-71.89721932629661,-71.89721932629661
153.71000429153443,-71.89644313393038,-71.89644313393038
153.72000429153442,-71.89568515044013,-71.89568515044013
153.7300042915344,-71.894945377707,-71.894945377707
153.74000429153443,-71.89422381666652,-71.89422381666652
153.75000429153442,-71.89352046730376,-71.89352046730376
153.76000429153441,-71.89283532870024,-71.89283532870024
153.77000429153443,-71.89216839902807,-71.89216839902807
153.78000429153442,-71.89151967555259,-71.89151967555259
153.79000429153442,-71.89088915467917,-71.89088915467917
153.80000429153444,-71.8902768319527,-71.8902768319527
153.81000429153443,-71.88968270204037,-71.88968270204037
153.82000429153442,-71.88910675881043,-71.88910675881043
153.83000429153444,-71.88854899528545,-71.88854899528545
153.84000429153443,-71.88800940368817,-71.88800940368817
153.85000431537628,-71.88748797420382,-71.88748797420382
153.86000431537627,-71.8869847000195,-71.8869847000195
153.8700043153763,-71.88649956970697,-71.88649956970697
153.88000431537628,-71.88603257239366,-71.88603257239366
153.89000431537627,-71.88558369644726,-71.88558369644726
153.9000043153763,-71.88515292952566,-71.88515292952566
153.91000431537628,-71.88474025854408,-71.88474025854408
153.92000431537627,-71.88434566974095,-71.88434566974095
153.9300043153763,-71.88396914863222,-71.88396914863222
153.94000431537629,-71.88361068005943,-71.88361068005943
153.95000431537628,-71.88327024820508,-71.88327024820508
153.9600043153763,-71.88294783657372,-71.88294783657372
153.9700043153763,-71.88264342802965,-71.88264342802965
153.98000431537628,-71.88235700480818,-71.88235700480818
153.99000431537627,-71.88208854849316,-71.88208854849316
154.0000043153763,-71.88183804008402,-71.88183804008402
154.01000431537628,-71.88160545995568,-71.88160545995568
154.02000431537627,-71.88139078789818,-71.88139078789818
154.0300043153763,-71.88119400310848,-71.88119400310848
154.04000431537628,-71.88101508421661,-71.88101508421661
154.05000431537627,-71.8808540092769,-71.8808540092769
154.0600043153763,-71.88071075581126,-71.88071075581126
154.07000431537628,-71.88058530078696,-71.88058530078696
154.08000431537627,-71.88047762063042,-71.88047762063042
154.0900043153763,-71.88038769125492,-71.88038769125492
154.10000431537628,-71.88031548804861,-71.88031548804861
154.11000431537627,-71.8802609859049,-71.8802609859049
154.1200043153763,-71.88022415921252,-71.88022415921252
154.13000431537628,-71.88020498187093,-71.88020498187093
154.14000431537627,-71.88020342731028,-71.88020342731028
154.1500043153763,-71.8802194684852,-71.8802194684852
154.16000431537628,-71.88025307788365,-71.88025307788365
154.17000431537627,-71.88030422754933,-71.88030422754933
154.1800043153763,-71.88037288908257,-71.88037288908257
154.19000431537629,-71.88045903363432,-71.88045903363432
154.20000431537628,-71.88056263194035,-71.88056263194035
154.2100043153763,-71.8806773914506,-71.8806773914506
154.2200043153763,-71.88080054153683,-71.88080054153683
154.23000431537628,-71.88093071893749,-71.88093071893749
154.24000431537627,-71.88106721136599,-71.88106721136599
154.2500043153763,-71.88120966888921,-71.88120966888921
154.26000431537628,-71.88135795415363,-71.88135795415363
154.27000431537627,-71.88151205458323,-71.88151205458323
154.2800043153763,-71.88167202968066,-71.88167202968066
154.29000431537628,-71.88183797931471,-71.88183797931471
154.30000431537627,-71.88201002471094,-71.88201002471094
154.3100043153763,-71.88218829714104,-71.88218829714104
154.32000431537628,-71.88237293125425,-71.88237293125425
154.33000431537627,-71.88256406129821,-71.88256406129821
154.3400043153763,-71.88276181900528,-71.88276181900528
154.35000431537628,-71.88296633256037,-71.88296633256037
154.36000431537627,-71.88317772620528,-71.88317772620528
154.3700043153763,-71.88339612015935,-71.88339612015935
154.38000431537628,-71.88362163074768,-71.88362163074768
154.39000431537627,-71.88385437068428,-71.88385437068428
154.4000043153763,-71.88409444932023,-71.88409444932023
154.41000431537628,-71.88434197296213,-71.88434197296213
154.42000431537627,-71.88459704514511,-71.88459704514511
154.4300043153763,-71.88485976687156,-71.88485976687156
154.44000431537629,-71.885130236868,-71.885130236868
154.45000431537628,-71.88540855178115,-71.88540855178115
154.4600043153763,-71.88569480633453,-71.88569480633453
154.4700043153763,-71.88598909350519,-71.88598909350519
154.48000431537628,-71.88629150463608,-71.88629150463608
154.49000431537627,-71.88660212955044,-71.88660212955044
154.5000043153763,-71.88692105662219,-71.88692105662219
154.51000431537628,-71.8872483728766,-71.8872483728766
154.52000431537627,-71.88758416403482,-71.88758416403482
154.5300043153763,-71.88792851455943,-71.88792851455943
154.54000431537628,-71.88828150770952,-71.88828150770952
154.55000431537627,-71.88864322557824,-71.88864322557824
154.5600043153763,-71.88901374908643,-71.88901374908643
154.57000431537628,-71.88939315802551,-71.88939315802551
154.58000431537627,-71.8897815310744,-71.8897815310744
154.5900043153763,-71.8901789458087,-71.8901789458087
154.60000431537628,-71.89058547868866,-71.89058547868866
154.61000431537627,-71.89100120509123,-71.89100120509123
154.6200043153763,-71.8914261993068,-71.8914261993068
154.63000431537628,-71.89186053452664,-71.89186053452664
154.64000431537627,-71.89230428284817,-71.89230428284817
154.6500043153763,-71.89275751529844,-71.89275751529844
154.66000431537628,-71.89322030179001,-71.89322030179001
154.67000431537627,-71.89369271115339,-71.89369271115339
154.6800043153763,-71.89417481112797,-71.89417481112797
154.69000431537629,-71.89466666833457,-71.89466666833457
154.70000433921814,-71.89516834951056,-71.89516834951056
154.71000433921813,-71.89567365204319,-71.89567365204319
154.72000433921815,-71.89617989877615,-71.89617989877615
154.73000433921814,-71.89668581836348,-71.89668581836348
154.74000433921813,-71.89719078990395,-71.89719078990395
154.75000433921815,-71.8976945543091,-71.8976945543091
154.76000433921814,-71.89819706442736,-71.89819706442736
154.77000433921813,-71.89869839726136,-71.89869839726136
154.78000433921815,-71.89919870121129,-71.89919870121129
154.79000433921814,-71.89969816435105,-71.89969816435105
154.80000433921813,-71.90019699543002,-71.90019699543002
154.81000433921815,-71.90069541251675,-71.90069541251675
154.82000433921814,-71.90119363633093,-71.90119363633093
154.83000433921814,-71.90169188643377,-71.90169188643377
154.84000433921813,-71.90219037914206,-71.90219037914206
154.85000433921815,-71.90268932647952,-71.90268932647952
154.86000433921814,-71.90318893572979,-71.90318893572979
154.87000433921813,-71.90368940940313,-71.90368940940313
154.88000433921815,-71.90419094535106,-71.90419094535106
154.89000433921814,-71.90469373701104,-71.90469373701104
154.90000433921813,-71.9051979736855,-71.9051979736855
154.91000433921815,-71.90570384085585,-71.90570384085585
154.92000433921814,-71.90621152041895,-71.90621152041895
154.93000433921813,-71.90672119096288,-71.90672119096288
154.94000433921815,-71.90723302800595,-71.90723302800595
154.95000433921814,-71.90774720417957,-71.90774720417957
154.96000433921813,-71.90825762396605,-71.90825762396605
154.97000433921815,-71.90876171295001,-71.90876171295001
154.98000433921814,-71.90925830267476,-71.90925830267476
154.99000433921813,-71.90974687408604,-71.90974687408604
155.00000433921815,-71.91022726889699,-71.91022726889699
155.01000433921814,-71.91069953982945,-71.91069953982945
155.02000433921813,-71.91116386281378,-71.91116386281378
155.03000433921815,-71.91162048429386,-71.91162048429386
155.04000433921814,-71.91206968955458,-71.91206968955458
155.05000433921813,-71.91251178370122,-71.91251178370122
155.06000433921815,-71.91294708037613,-71.91294708037613
155.07000433921814,-71.91337589508262,-71.91337589508262
155.08000433921814,-71.91379854140484,-71.91379854140484
155.09000433921813,-71.91421532890732,-71.91421532890732
155.10000433921815,-71.91462656211874,-71.91462656211874
155.11000433921814,-71.91503254007466,-71.91503254007466
155.12000433921813,-71.91543355629187,-71.91543355629187
155.13000433921815,-71.91582989889345,-71.91582989889345
155.14000433921814,-71.91622185083766,-71.91622185083766
155.15000433921813,-71.91660969022169,-71.91660969022169
155.16000433921815,-71.916993690545,-71.916993690545
155.17000433921814,-71.91737412098638,-71.91737412098638
155.18000433921813,-71.91775124666877,-71.91775124666877
155.19000433921815,-71.91812532888348,-71.91812532888348
155.20000433921814,-71.9184966252769,-71.9184966252769
155.21000433921813,-71.91886539003077,-71.91886539003077
155.22000433921815,-71.91923187400415,-71.91923187400415
155.23000433921814,-71.91959632484242,-71.91959632484242
155.24000433921813,-71.91995898712875,-71.91995898712875
155.25000433921815,-71.92032010241488,-71.92032010241488
155.26000433921814,-71.920679909313,-71.920679909313
155.27000433921813,-71.92103864357917,-71.92103864357917
155.28000433921815,-71.92139653813275,-71.92139653813275
155.29000433921814,-71.92175382310242,-71.92175382310242
155.30000433921813,-71.9221107258655,-71.9221107258655
155.31000433921815,-71.92246747108041,-71.92246747108041
155.32000433921814,-71.92282428069521,-71.92282428069521
155.33000433921814,-71.92318137396207,-71.92318137396207
155.34000433921813,-71.92353896746462,-71.92353896746462
155.35000433921815,-71.92389727513084,-71.92389727513084
155.36000433921814,-71.92425650822165,-71.92425650822165
155.37000433921813,-71.92461687536859,-71.92461687536859
155.38000433921815,-71.92497858255928,-71.92497858255928
155.39000433921814,-71.92534183314443,-71.92534183314443
155.40000433921813,-71.92570682784851,-71.92570682784851
155.41000433921815,-71.92607376477355,-71.92607376477355
155.42000433921814,-71.9264428394082,-71.9264428394082
155.43000433921813,-71.92681424463628,-71.92681424463628
155.44000433921815,-71.92718817071686,-71.92718817071686
155.45000433921814,-71.9275648053371,-71.9275648053371
155.46000433921813,-71.92794433356137,-71.92794433356137
155.47000433921815,-71.92832693789224,-71.92832693789224
155.48000433921814,-71.92871279822474,-71.92871279822474
155.49000433921813,-71.92910209189958,-71.92910209189958
155.50000433921815,-71.92949499369331,-71.92949499369331
155.51000433921814,-71.92989167582051,-71.92989167582051
155.52000433921813,-71.93029230794954,-71.93029230794954
155.53000433921815,-71.93069705723507,-71.93069705723507
155.54000433921814,-71.93110608827511,-71.93110608827511
155.55000436306,-71.93151956415639,-71.93151956415639
155.56000436306,-71.93193764252588,-71.93193764252588
155.57000436306,-71.93236048146225,-71.93236048146225
155.58000436306,-71.93278823560739,-71.93278823560739
155.59000436306,-71.93322105714321,-71.93322105714321
155.60000436306,-71.93365909580007,-71.93365909580007
155.61000436306,-71.93410249888167,-71.93410249888167
155.62000436306,-71.93455141126988,-71.93455141126988
155.63000436306,-71.93500597546416,-71.93500597546416
155.64000436306,-71.93546633156033,-71.93546633156033
155.65000436306,-71.9359326173059,-71.9359326173059
155.66000436306,-71.93640496810205,-71.93640496810205
155.67000436306,-71.93688351699846,-71.93688351699846
155.68000436306,-71.93736839476202,-71.93736839476202
155.69000436305998,-71.93785972984173,-71.93785972984173
155.70000436306,-71.93835764844005,-71.93835764844005
155.71000436306,-71.93886227447283,-71.93886227447283
155.72000436305999,-71.93937372965163,-71.93937372965163
155.73000436306,-71.93989213345253,-71.93989213345253
155.74000436306,-71.94041760317097,-71.94041760317097
155.75000436306,-71.94095025391022,-71.94095025391022
155.76000436306,-71.94149019864369,-71.94149019864369
155.77000436306,-71.94203754818005,-71.94203754818005
155.78000436306,-71.9425924112555,-71.9425924112555
155.79000436306,-71.94315489448061,-71.94315489448061
155.80000436306,-71.94372510241686,-71.94372510241686
155.81000436306,-71.94430313755282,-71.94430313755282
155.82000436306,-71.94488910038598,-71.94488910038598
155.83000436306,-71.94548308937267,-71.94548308937267
155.84000436306,-71.9460852010118,-71.9460852010118
155.85000436306,-71.9466955298261,-71.9466955298261
155.86000436306,-71.94731416839875,-71.94731416839875
155.87000436306,-71.94794120738973,-71.94794120738973
155.88000436306,-71.94857673557226,-71.94857673557226
155.89000436306,-71.94922083983332,-71.94922083983332
155.90000436306,-71.94987360521135,-71.94987360521135
155.91000436306,-71.95053511491287,-71.95053511491287
155.92000436306,-71.95120545033299,-71.95120545033299
155.93000436306,-71.95188469107482,-71.95188469107482
155.94000436305998,-71.9525729149742,-71.9525729149742
155.95000436306,-71.95327019812453,-71.95327019812453
155.96000436306,-71.95397661489285,-71.95397661489285
155.97000436305999,-71.95469223794188,-71.95469223794188
155.98000436306,-71.95541713824943,-71.95541713824943
155.99000436306,-71.9561513851328,-71.9561513851328
156.00000436306,-71.95689504627912,-71.95689504627912
156.01000436306,-71.95764818775024,-71.95764818775024
156.02000436306,-71.95841087399873,-71.95841087399873
156.03000436306,-71.95918316791897,-71.95918316791897
156.04000436306,-71.95996513083088,-71.95996513083088
156.05000436306,-71.96075682253242,-71.96075682253242
156.06000436306,-71.96155830130208,-71.96155830130208
156.07000436306,-71.96236962391816,-71.96236962391816
156.08000436306,-71.96319084568125,-71.96319084568125
156.09000436306,-71.96402202044061,-71.96402202044061
156.10000436306,-71.96486320060772,-71.96486320060772
156.11000436306,-71.9657144371766,-71.9657144371766
156.12000436306,-71.96657577975176,-71.96657577975176
156.13000436306,-71.96744727654827,-71.96744727654827
156.14000436306,-71.96832897442317,-71.96832897442317
156.15000436306,-71.96922091890809,-71.96922091890809
156.16000436306,-71.97012315420204,-71.97012315420204
156.17000436306,-71.97103572318765,-71.97103572318765
156.18000436306,-71.97195866749361,-71.97195866749361
156.19000436305998,-71.97289202746313,-71.97289202746313
156.20000436306,-71.97383584219592,-71.97383584219592
156.21000436306,-71.97478387815701,-71.97478387815701
156.22000436305999,-71.97573342780926,-71.97573342780926
156.23000436306,-71.976683192235,-71.976683192235
156.24000436306,-71.97763252377588,-71.97763252377588
156.25000436306,-71.97858113706346,-71.97858113706346
156.26000436306,-71.97952895895781,-71.97952895895781
156.27000436306,-71.98047604060106,-71.98047604060106
156.28000436306,-71.98142250459107,-71.98142250459107
156.29000436306,-71.98236851323048,-71.98236851323048
156.30000436306,-71.98331424946224,-71.98331424946224
156.31000436306,-71.98425990554524,-71.98425990554524
156.32000436306,-71.98520567637703,-71.98520567637703
156.33000436306,-71.98615175568676,-71.98615175568676
156.34000436306,-71.98709833395984,-71.98709833395984
156.35000436306,-71.98804559740147,-71.98804559740147
156.36000436306,-71.98899372753216,-71.98899372753216
156.37000436306,-71.98994290113426,-71.98994290113426
156.38000436306,-71.99089329041294,-71.99089329041294
156.39000436306,-71.9918450632517,-71.9918450632517
156.40000438690186,-71.9927983857596,-71.9927983857596
156.41000438690185,-71.99375341353233,-71.99375341353233
156.42000438690187,-71.99471030551705,-71.99471030551705
156.43000438690186,-71.99566921523402,-71.99566921523402
156.44000438690185,-71.9966302932792,-71.9966302932792
156.45000438690187,-71.99759368753213,-71.99759368753213
156.46000438690186,-71.99855954335317,-71.99855954335317
156.47000438690185,-71.99952800372888,-71.99952800372888
156.48000438690187,-72.00049920942328,-72.00049920942328
156.49000438690186,-72.00147329907212,-72.00147329907212
156.50000438690185,-72.00245040929877,-72.00245040929877
156.51000438690187,-72.00343067479902,-72.00343067479902
156.52000438690186,-72.00441422840339,-72.00441422840339
156.53000438690185,-72.00540120113054,-72.00540120113054
156.54000438690184,-72.00639172223644,-72.00639172223644
156.55000438690186,-72.00738591927542,-72.00738591927542
156.56000438690185,-72.00838391809755,-72.00838391809755
156.57000438690184,-72.00938584290552,-72.00938584290552
156.58000438690186,-72.01039181626481,-72.01039181626481
156.59000438690185,-72.01140195912691,-72.01140195912691
156.60000438690184,-72.01241639082855,-72.01241639082855
156.61000438690186,-72.01343522913562,-72.01343522913562
156.62000438690185,-72.01445859021132,-72.01445859021132
156.63000438690185,-72.01548658866679,-72.01548658866679
156.64000438690186,-72.01651933753695,-72.01651933753695
156.65000438690186,-72.01755694830221,-72.01755694830221
156.66000438690185,-72.01859953089804,-72.01859953089804
156.67000438690187,-72.01964719369109,-72.01964719369109
156.68000438690186,-72.0207000435041,-72.0207000435041
156.69000438690185,-72.02175818563742,-72.02175818563742
156.70000438690187,-72.02282172383758,-72.02282172383758
156.71000438690186,-72.0238907603122,-72.0238907603122
156.72000438690185,-72.02496539574402,-72.02496539574402
156.73000438690187,-72.02604572928789,-72.02604572928789
156.74000438690186,-72.02713185857407,-72.02713185857407
156.75000438690185,-72.0282238796984,-72.0282238796984
156.76000438690187,-72.0293218872581,-72.0293218872581
156.77000438690186,-72.03042597432425,-72.03042597432425
156.78000438690185,-72.03153623247182,-72.03153623247182
156.79000438690184,-72.03265275177097,-72.03265275177097
156.80000438690186,-72.03377562079305,-72.03377562079305
156.81000438690185,-72.03490492661048,-72.03490492661048
156.82000438690184,-72.0360407548255,-72.0360407548255
156.83000438690186,-72.03718318955703,-72.03718318955703
156.84000438690185,-72.03833231345646,-72.03833231345646
156.85000438690184,-72.03948820769351,-72.03948820769351
156.86000438690186,-72.04065095201439,-72.04065095201439
156.87000438690185,-72.04182062468449,-72.04182062468449
156.88000438690185,-72.04299730255184,-72.04299730255184
156.89000438690186,-72.04418106103024,-72.04418106103024
156.90000438690186,-72.04537197409547,-72.04537197409547
156.91000438690185,-72.04657011433063,-72.04657011433063
156.92000438690187,-72.04777555290926,-72.04777555290926
156.93000438690186,-72.04898835960981,-72.04898835960981
156.94000438690185,-72.05020860282636,-72.05020860282636
156.95000438690187,-72.05143634958937,-72.05143634958937
156.96000438690186,-72.05267166555649,-72.05267166555649
156.97000438690185,-72.05391461504156,-72.05391461504156
156.98000438690187,-72.05516526100863,-72.05516526100863
156.99000438690186,-72.05642366509502,-72.05642366509502
157.00000438690185,-72.05768988763674,-72.05768988763674
157.01000438690187,-72.0589639876423,-72.0589639876423
157.02000438690186,-72.06024602283298,-72.06024602283298
157.03000438690185,-72.06153604965027,-72.06153604965027
157.04000438690184,-72.0628341232616,-72.0628341232616
157.05000438690186,-72.06414029758146,-72.06414029758146
157.06000438690185,-72.06545462526965,-72.06545462526965
157.07000438690184,-72.06677715775866,-72.06677715775866
157.08000438690186,-72.06810794525519,-72.06810794525519
157.09000438690185,-72.06944703675151,-72.06944703675151
157.10000438690184,-72.0707944800585,-72.0707944800585
157.11000438690186,-72.07215032179518,-72.07215032179518
157.12000438690185,-72.07351460739508,-72.07351460739508
157.13000438690185,-72.07488738116531,-72.07488738116531
157.14000438690186,-72.07626868623093,-72.07626868623093
157.15000438690186,-72.07765856460477,-72.07765856460477
157.16000438690185,-72.07905705718179,-72.07905705718179
157.17000438690187,-72.08046420372719,-72.08046420372719
157.18000438690186,-72.08188004293436,-72.08188004293436
157.19000438690185,-72.08330461241108,-72.08330461241108
157.20000438690187,-72.08473794868709,-72.08473794868709
157.21000438690186,-72.0861738049805,-72.0861738049805
157.22000438690185,-72.08760946623545,-72.08760946623545
157.23000438690187,-72.08904362845885,-72.08904362845885
157.24000438690186,-72.09047564021067,-72.09047564021067
157.2500044107437,-72.09190521653848,-72.09190521653848
157.2600044107437,-72.09333227504162,-72.09333227504162
157.27000441074372,-72.09475686823298,-72.09475686823298
157.28000441074371,-72.09617911696965,-72.09617911696965
157.2900044107437,-72.09759918204475,-72.09759918204475
157.30000441074372,-72.09901724509524,-72.09901724509524
157.31000441074372,-72.10043349722666,-72.10043349722666
157.3200044107437,-72.1018481323531,-72.1018481323531
157.33000441074373,-72.10326134334727,-72.10326134334727
157.34000441074372,-72.10467331996927,-72.10467331996927
157.3500044107437,-72.10608424783737,-72.10608424783737
157.36000441074373,-72.10749430799076,-72.10749430799076
157.37000441074372,-72.10890367686478,-72.10890367686478
157.3800044107437,-72.11031252641475,-72.11031252641475
157.3900044107437,-72.11172102439025,-72.11172102439025
157.40000441074372,-72.11312933460361,-72.11312933460361
157.4100044107437,-72.11453761726676,-72.11453761726676
157.4200044107437,-72.11594602924252,-72.11594602924252
157.43000441074372,-72.11735472434135,-72.11735472434135
157.4400044107437,-72.11876385353088,-72.11876385353088
157.4500044107437,-72.1201735651859,-72.1201735651859
157.46000441074372,-72.12158400522186,-72.12158400522186
157.4700044107437,-72.12299531729467,-72.12299531729467
157.4800044107437,-72.12440764291338,-72.12440764291338
157.49000441074372,-72.12582112155695,-72.12582112155695
157.5000044107437,-72.12723589078601,-72.12723589078601
157.5100044107437,-72.12865208628247,-72.12865208628247
157.52000441074372,-72.13006984198162,-72.13006984198162
157.53000441074371,-72.13148929006182,-72.13148929006182
157.5400044107437,-72.13291056102835,-72.13291056102835
157.55000441074372,-72.13433378374981,-72.13433378374981
157.56000441074372,-72.1357590854715,-72.1357590854715
157.5700044107437,-72.13718659186227,-72.13718659186227
157.58000441074373,-72.13861642702315,-72.13861642702315
157.59000441074372,-72.14004871349756,-72.14004871349756
157.6000044107437,-72.14148357229796,-72.14148357229796
157.61000441074373,-72.14292112292142,-72.14292112292142
157.62000441074372,-72.14436148333166,-72.14436148333166
157.6300044107437,-72.14580476998675,-72.14580476998675
157.6400044107437,-72.14725109784035,-72.14725109784035
157.65000441074372,-72.14870058034796,-72.14870058034796
157.6600044107437,-72.15015332946211,-72.15015332946211
157.6700044107437,-72.15160945564894,-72.15160945564894
157.68000441074372,-72.15306906788146,-72.15306906788146
157.6900044107437,-72.15453227362465,-72.15453227362465
157.7000044107437,-72.15599917888139,-72.15599917888139
157.71000441074372,-72.15746359964695,-72.15746359964695
157.7200044107437,-72.15892288676784,-72.15892288676784
157.7300044107437,-72.16037580315788,-72.16037580315788
157.74000441074372,-72.1618217644788,-72.1618217644788
157.7500044107437,-72.16326054940433,-72.16326054940433
157.7600044107437,-72.16469214914662,-72.16469214914662
157.77000441074372,-72.1661166792725,-72.1661166792725
157.78000441074371,-72.16753432668733,-72.16753432668733
157.7900044107437,-72.16894531778324,-72.16894531778324
157.80000441074372,-72.17034989935026,-72.17034989935026
157.81000441074372,-72.17174832712644,-72.17174832712644
157.8200044107437,-72.17314085915703,-72.17314085915703
157.83000441074373,-72.17452775192233,-72.17452775192233
157.84000441074372,-72.17590925826494,-72.17590925826494
157.8500044107437,-72.17728562632861,-72.17728562632861
157.86000441074373,-72.17865709915053,-72.17865709915053
157.87000441074372,-72.18002391458116,-72.18002391458116
157.8800044107437,-72.1813863054577,-72.1813863054577
157.8900044107437,-72.18274449983797,-72.18274449983797
157.90000441074372,-72.18409872128116,-72.18409872128116
157.9100044107437,-72.18544918915593,-72.18544918915593
157.9200044107437,-72.18679611892624,-72.18679611892624
157.93000441074372,-72.18813972241473,-72.18813972241473
157.9400044107437,-72.1894802080359,-72.1894802080359
157.9500044107437,-72.19081778101037,-72.19081778101037
157.96000441074372,-72.19215264353478,-72.19215264353478
157.9700044107437,-72.19348499494436,-72.19348499494436
157.9800044107437,-72.19481503185004,-72.19481503185004
157.99000441074372,-72.196142948248,-72.196142948248
158.0000044107437,-72.19746893562392,-72.19746893562392
158.0100044107437,-72.19879318301543,-72.19879318301543
158.02000441074372,-72.2001158771002,-72.2001158771002
158.03000441074371,-72.20143720223045,-72.20143720223045
158.0400044107437,-72.20275734050477,-72.20275734050477
158.05000441074372,-72.20407647178845,-72.20407647178845
158.06000441074372,-72.20539477374602,-72.20539477374602
158.0700044107437,-72.20671242189233,-72.20671242189233
158.08000441074373,-72.20802958958713,-72.20802958958713
158.09000441074372,-72.20934644805851,-72.20934644805851
158.10000443458557,-72.21066316956342,-72.21066316956342
158.11000443458556,-72.21197991486858,-72.21197991486858
158.12000443458558,-72.21329685204152,-72.21329685204152
158.13000443458557,-72.21461414394574,-72.21461414394574
158.14000443458556,-72.21593195137307,-72.21593195137307
158.15000443458558,-72.21725043305902,-72.21725043305902
158.16000443458557,-72.21856974568229,-72.21856974568229
158.17000443458556,-72.219890043868,-72.219890043868
158.18000443458558,-72.22121148020727,-72.22121148020727
158.19000443458557,-72.22253420525483,-72.22253420525483
158.20000443458557,-72.22385836752778,-72.22385836752778
158.21000443458558,-72.22518411352235,-72.22518411352235
158.22000443458558,-72.22651158771707,-72.22651158771707
158.23000443458557,-72.22784093257744,-72.22784093257744
158.24000443458556,-72.2291722885643,-72.2291722885643
158.25000443458558,-72.2305057941383,-72.2305057941383
158.26000443458557,-72.2318415857639,-72.2318415857639
158.27000443458556,-72.23317979793417,-72.23317979793417
158.28000443458558,-72.2345205631694,-72.2345205631694
158.29000443458557,-72.23586401200215,-72.23586401200215
158.30000443458556,-72.23721027302693,-72.23721027302693
158.31000443458558,-72.23855947287804,-72.23855947287804
158.32000443458557,-72.23991173626408,-72.23991173626408
158.33000443458556,-72.2412671859495,-72.2412671859495
158.34000443458558,-72.24262594281072,-72.24262594281072
158.35000443458557,-72.2439881257804,-72.2439881257804
158.36000443458556,-72.24535385192426,-72.24535385192426
158.37000443458558,-72.24672323641838,-72.24672323641838
158.38000443458557,-72.24809639256415,-72.24809639256415
158.39000443458556,-72.24947343180892,-72.24947343180892
158.40000443458558,-72.25085446375338,-72.25085446375338
158.41000443458557,-72.25223959616433,-72.25223959616433
158.42000443458556,-72.25362893500385,-72.25362893500385
158.43000443458558,-72.25502258441708,-72.25502258441708
158.44000443458557,-72.25642064676687,-72.25642064676687
158.45000443458557,-72.25782322263471,-72.25782322263471
158.46000443458558,-72.25923041084228,-72.25923041084228
158.47000443458558,-72.26064230847636,-72.26064230847636
158.48000443458557,-72.26205901087936,-72.26205901087936
158.49000443458556,-72.26348061168582,-72.26348061168582
158.50000443458558,-72.26490720282224,-72.26490720282224
158.51000443458557,-72.26633887454396,-72.26633887454396
158.52000443458556,-72.26777571542317,-72.26777571542317
158.53000443458558,-72.2692178123925,-72.2692178123925
158.54000443458557,-72.2706652507445,-72.2706652507445
158.55000443458556,-72.27211811415857,-72.27211811415857
158.56000443458558,-72.2735764846874,-72.2735764846874
158.57000443458557,-72.27504044281636,-72.27504044281636
158.58000443458556,-72.27651006745421,-72.27651006745421
158.59000443458558,-72.27798543595614,-72.27798543595614
158.60000443458557,-72.27946662413608,-72.27946662413608
158.61000443458556,-72.28095370628601,-72.28095370628601
158.62000443458558,-72.28244675519595,-72.28244675519595
158.63000443458557,-72.28394584216849,-72.28394584216849
158.64000443458556,-72.28545103703,-72.28545103703
158.65000443458558,-72.28696240815034,-72.28696240815034
158.66000443458557,-72.28848002247673,-72.28848002247673
158.67000443458556,-72.29000394551353,-72.29000394551353
158.68000443458558,-72.29153424136904,-72.29153424136904
158.69000443458557,-72.29307097276119,-72.29307097276119
158.70000443458557,-72.29461420104091,-72.29461420104091
158.71000443458558,-72.29616398619106,-72.29616398619106
158.72000443458558,-72.29772038686365,-72.29772038686365
158.73000443458557,-72.29928346039256,-72.29928346039256
158.74000443458556,-72.30085326279351,-72.30085326279351
158.75000443458558,-72.30242984880469,-72.30242984880469
158.76000443458557,-72.30401327187292,-72.30401327187292
158.77000443458556,-72.3056035842,-72.3056035842
158.78000443458558,-72.30720083674326,-72.30720083674326
158.79000443458557,-72.30880507922062,-72.30880507922062
158.80000443458556,-72.31041636015037,-72.31041636015037
158.81000443458558,-72.31203472687271,-72.31203472687271
158.82000443458557,-72.31366022551597,-72.31366022551597
158.83000443458556,-72.31529290105614,-72.31529290105614
158.84000443458558,-72.31693279732684,-72.31693279732684
158.85000443458557,-72.31857995702582,-72.31857995702582
158.86000443458556,-72.32023442171965,-72.32023442171965
158.87000443458558,-72.32189623189709,-72.32189623189709
158.88000443458557,-72.32356542693364,-72.32356542693364
158.89000443458556,-72.32524204514671,-72.32524204514671
158.90000443458558,-72.32692612378506,-72.32692612378506
158.91000443458557,-72.32861769905642,-72.32861769905642
158.92000443458556,-72.33031680613699,-72.33031680613699
158.93000443458558,-72.3320234792031,-72.3320234792031
158.94000443458557,-72.33373775139437,-72.33373775139437
158.95000445842743,-72.3354596589935,-72.3354596589935
158.96000445842742,-72.33718922502864,-72.33718922502864
158.97000445842744,-72.33892648379785,-72.33892648379785
158.98000445842743,-72.34067146459884,-72.34067146459884
158.99000445842742,-72.34242419579243,-72.34242419579243
159.00000445842744,-72.34418470481371,-72.34418470481371
159.01000445842743,-72.34595301819934,-72.34595301819934
159.02000445842742,-72.34772916158784,-72.34772916158784
159.03000445842744,-72.3495131597407,-72.3495131597407
159.04000445842743,-72.35130503653848,-72.35130503653848
159.05000445842742,-72.35310481502022,-72.35310481502022
159.06000445842744,-72.3549125173814,-72.3549125173814
159.07000445842743,-72.35672816497771,-72.35672816497771
159.08000445842742,-72.35855177835977,-72.35855177835977
159.09000445842742,-72.36038337726197,-72.36038337726197
159.10000445842743,-72.3622229806298,-72.3622229806298
159.11000445842743,-72.36407060661963,-72.36407060661963
159.12000445842742,-72.36592627262694,-72.36592627262694
159.13000445842744,-72.36778999527739,-72.36778999527739
159.14000445842743,-72.36966179046435,-72.36966179046435
159.15000445842742,-72.3715416733291,-72.3715416733291
159.16000445842744,-72.37342965829566,-72.37342965829566
159.17000445842743,-72.37532575907638,-72.37532575907638
159.18000445842742,-72.37722998866673,-72.37722998866673
159.19000445842744,-72.37914235938685,-72.37914235938685
159.20000445842743,-72.38106288286616,-72.38106288286616
159.21000445842742,-72.38298526028267,-72.38298526028267
159.22000445842744,-72.38490673966855,-72.38490673966855
159.23000445842743,-72.38682598647345,-72.38682598647345
159.24000445842742,-72.38874232189389,-72.38874232189389
159.25000445842744,-72.39065543218076,-72.39065543218076
159.26000445842743,-72.39256521770312,-72.39256521770312
159.27000445842742,-72.39447170448123,-72.39447170448123
159.28000445842744,-72.39637499098798,-72.39637499098798
159.29000445842743,-72.39827521622763,-72.39827521622763
159.30000445842742,-72.40017254051654,-72.40017254051654
159.31000445842744,-72.40206713409081,-72.40206713409081
159.32000445842743,-72.40395917036034,-72.40395917036034
159.33000445842742,-72.40584882209808,-72.40584882209808
159.34000445842742,-72.40773625931732,-72.40773625931732
159.35000445842743,-72.40962164823803,-72.40962164823803
159.36000445842743,-72.41150515085056,-72.41150515085056
159.37000445842742,-72.4133869248763,-72.4133869248763
159.38000445842744,-72.41526712389931,-72.41526712389931
159.39000445842743,-72.41714589762559,-72.41714589762559
159.40000445842742,-72.41902339216966,-72.41902339216966
159.41000445842744,-72.42089975035812,-72.42089975035812
159.42000445842743,-72.4227751120055,-72.4227751120055
159.43000445842742,-72.42464961420043,-72.42464961420043
159.44000445842744,-72.42652339151086,-72.42652339151086
159.45000445842743,-72.4283965762219,-72.4283965762219
159.46000445842742,-72.43026929848489,-72.43026929848489
159.47000445842744,-72.43214168650577,-72.43214168650577
159.48000445842743,-72.4340138666427,-72.4340138666427
159.49000445842742,-72.43588596354223,-72.43588596354223
159.50000445842744,-72.43775810022525,-72.43775810022525
159.51000445842743,-72.43963039815408,-72.43963039815408
159.52000445842742,-72.44150297730346,-72.44150297730346
159.53000445842744,-72.44337595622669,-72.44337595622669
159.54000445842743,-72.445249452068,-72.445249452068
159.55000445842742,-72.44712358063202,-72.44712358063202
159.56000445842744,-72.44899845638757,-72.44899845638757
159.57000445842743,-72.45087419249063,-72.45087419249063
159.58000445842742,-72.4527509008105,-72.4527509008105
159.59000445842742,-72.45462869194074,-72.45462869194074
159.60000445842743,-72.45650767520978,-72.45650767520978
159.61000445842743,-72.45838795867422,-72.45838795867422
159.62000445842742,-72.46026964915625,-72.46026964915625
159.63000445842744,-72.46215285221382,-72.46215285221382
159.64000445842743,-72.46403767214244,-72.46403767214244
159.65000445842742,-72.46592421201632,-72.46592421201632
159.66000445842744,-72.46781257363654,-72.46781257363654
159.67000445842743,-72.46970285756349,-72.46970285756349
159.68000445842742,-72.47159516309851,-72.47159516309851
159.69000445842744,-72.47348958831321,-72.47348958831321
159.70000445842743,-72.47538622999747,-72.47538622999747
159.71000445842742,-72.47728518370882,-72.47728518370882
159.72000445842744,-72.4791865437376,-72.4791865437376
159.73000445842743,-72.4810904031221,-72.4810904031221
159.74000445842742,-72.48299685363365,-72.48299685363365
159.75000445842744,-72.48490598579755,-72.48490598579755
159.76000445842743,-72.48681788887544,-72.48681788887544
159.77000445842742,-72.48873265088015,-72.48873265088015
159.78000445842744,-72.49065035855219,-72.49065035855219
159.79000445842743,-72.49257109738569,-72.49257109738569
159.8000044822693,-72.49449495619398,-72.49449495619398
159.81000448226928,-72.49642200881419,-72.49642200881419
159.8200044822693,-72.4983523415537,-72.4983523415537
159.8300044822693,-72.50028603488862,-72.50028603488862
159.84000448226928,-72.50222316805723,-72.50222316805723
159.8500044822693,-72.50416381906665,-72.50416381906665
159.8600044822693,-72.50610806466833,-72.50610806466833
159.87000448226928,-72.50805598039692,-72.50805598039692
159.8800044822693,-72.51000764055173,-72.51000764055173
159.8900044822693,-72.51196311820297,-72.51196311820297
159.90000448226928,-72.51392248520828,-72.51392248520828
159.9100044822693,-72.51588581221141,-72.51588581221141
159.9200044822693,-72.51785316865039,-72.51785316865039
159.93000448226928,-72.51982462276442,-72.51982462276442
159.94000448226927,-72.52180024159415,-72.52180024159415
159.9500044822693,-72.52378009100023,-72.52378009100023
159.96000448226928,-72.52576423565749,-72.52576423565749
159.97000448226927,-72.52775273906994,-72.52775273906994
159.9800044822693,-72.5297456635935,-72.5297456635935
159.99000448226928,-72.53174307040054,-72.53174307040054
160.00000448226928,-72.53374501953417,-72.53374501953417
160.0100044822693,-72.53575156990017,-72.53575156990017
160.0200044822693,-72.53776277926248,-72.53776277926248
160.03000448226928,-72.53977870427899,-72.53977870427899
160.0400044822693,-72.54179940048877,-72.54179940048877
160.0500044822693,-72.5438249223126,-72.5438249223126
160.06000448226928,-72.5458553230969,-72.5458553230969
160.0700044822693,-72.54789065510461,-72.54789065510461
160.0800044822693,-72.54993096950831,-72.54993096950831
160.09000448226928,-72.55197631643067,-72.55197631643067
160.1000044822693,-72.55402674492682,-72.55402674492682
160.1100044822693,-72.55608230301982,-72.55608230301982
160.12000448226928,-72.55814303769313,-72.55814303769313
160.1300044822693,-72.56020899490254,-72.56020899490254
160.1400044822693,-72.56228021958718,-72.56228021958718
160.15000448226928,-72.5643567556951,-72.5643567556951
160.1600044822693,-72.56643864616653,-72.56643864616653
160.1700044822693,-72.56852593296713,-72.56852593296713
160.18000448226928,-72.57061865709187,-72.57061865709187
160.19000448226927,-72.57271685856065,-72.57271685856065
160.2000044822693,-72.57482057645181,-72.57482057645181
160.21000448226928,-72.57692352122949,-72.57692352122949
160.22000448226927,-72.57902295940879,-72.57902295940879
160.2300044822693,-72.58111757847546,-72.58111757847546
160.24000448226928,-72.5832067231622,-72.5832067231622
160.25000448226928,-72.58529010402515,-72.58529010402515
160.2600044822693,-72.587367646101,-72.587367646101
160.2700044822693,-72.58943940015804,-72.58943940015804
160.28000448226928,-72.59150548944851,-72.59150548944851
160.2900044822693,-72.59356607763368,-72.59356607763368
160.3000044822693,-72.59562134954678,-72.59562134954678
160.31000448226928,-72.59767149976231,-72.59767149976231
160.3200044822693,-72.59971672585183,-72.59971672585183
160.3300044822693,-72.60175722452763,-72.60175722452763
160.34000448226928,-72.6037931895297,-72.6037931895297
160.3500044822693,-72.60582481059278,-72.60582481059278
160.3600044822693,-72.60785227300015,-72.60785227300015
160.37000448226928,-72.60987575753032,-72.60987575753032
160.3800044822693,-72.61189544062316,-72.61189544062316
160.3900044822693,-72.61391149459216,-72.61391149459216
160.40000448226928,-72.61592408795595,-72.61592408795595
160.4100044822693,-72.61793338571783,-72.61793338571783
160.4200044822693,-72.61993954962827,-72.61993954962827
160.43000448226928,-72.62194273850254,-72.62194273850254
160.44000448226927,-72.62394310840959,-72.62394310840959
160.4500044822693,-72.62594081292147,-72.62594081292147
160.46000448226928,-72.62793600323704,-72.62793600323704
160.47000448226927,-72.62992882841259,-72.62992882841259
160.4800044822693,-72.63191943542068,-72.63191943542068
160.49000448226928,-72.63390796931007,-72.63390796931007
160.50000448226928,-72.63589457328095,-72.63589457328095
160.5100044822693,-72.63787938876874,-72.63787938876874
160.5200044822693,-72.63986255550925,-72.63986255550925
160.53000448226928,-72.64184421159334,-72.64184421159334
160.5400044822693,-72.64382449350218,-72.64382449350218
160.5500044822693,-72.64580353614596,-72.64580353614596
160.56000448226928,-72.6477814729048,-72.6477814729048
160.5700044822693,-72.64975843565095,-72.64975843565095
160.5800044822693,-72.65173455475002,-72.65173455475002
160.59000448226928,-72.65370995908698,-72.65370995908698
160.6000044822693,-72.65568477607947,-72.65568477607947
160.6100044822693,-72.65765913169456,-72.65765913169456
160.62000448226928,-72.65963315042039,-72.65963315042039
160.6300044822693,-72.66160695531487,-72.66160695531487
160.6400044822693,-72.66358066798782,-72.66358066798782
160.65000450611115,-72.66555441330594,-72.66555441330594
160.66000450611114,-72.66752830058878,-72.66752830058878
160.67000450611116,-72.66950245182392,-72.66950245182392
160.68000450611115,-72.67147698284904,-72.67147698284904
160.69000450611114,-72.6734520080687,-72.6734520080687
160.70000450611116,-72.67542764045984,-72.67542764045984
160.71000450611115,-72.67740399153742,-72.67740399153742
160.72000450611114,-72.67938117140449,-72.67938117140449
160.73000450611116,-72.68135928871796,-72.68135928871796
160.74000450611115,-72.68333845069077,-72.68333845069077
160.75000450611114,-72.68531876311825,-72.68531876311825
160.76000450611116,-72.68730033035999,-72.68730033035999
160.77000450611115,-72.68928325532457,-72.68928325532457
160.78000450611114,-72.69126763952815,-72.69126763952815
160.79000450611113,-72.69325358304143,-72.69325358304143
160.80000450611115,-72.6952411845168,-72.6952411845168
160.81000450611114,-72.69723054118414,-72.69723054118414
160.82000450611113,-72.69922174887428,-72.69922174887428
160.83000450611115,-72.70121490199372,-72.70121490199372
160.84000450611114,-72.70321009354993,-72.70321009354993
160.85000450611113,-72.70520741515742,-72.70520741515742
160.86000450611115,-72.707206957025,-72.707206957025
160.87000450611114,-72.70920880797934,-72.70920880797934
160.88000450611113,-72.71121305547703,-72.71121305547703
160.89000450611115,-72.7132197855909,-72.7132197855909
160.90000450611115,-72.71522908302934,-72.71522908302934
160.91000450611114,-72.71724103112933,-72.71724103112933
160.92000450611116,-72.71925571189598,-72.71925571189598
160.93000450611115,-72.72127320597632,-72.72127320597632
160.94000450611114,-72.72329359269534,-72.72329359269534
160.95000450611116,-72.72531695003916,-72.72531695003916
160.96000450611115,-72.72734335467385,-72.72734335467385
160.97000450611114,-72.72937288197487,-72.72937288197487
160.98000450611116,-72.73140560600581,-72.73140560600581
160.99000450611115,-72.73344159954183,-72.73344159954183
161.00000450611114,-72.73548093408027,-72.73548093408027
161.01000450611116,-72.73752367984869,-72.73752367984869
161.02000450611115,-72.73956990581686,-72.73956990581686
161.03000450611114,-72.74161967971159,-72.74161967971159
161.04000450611113,-72.74367306800896,-72.74367306800896
161.05000450611115,-72.7457301359692,-72.7457301359692
161.06000450611114,-72.74779094763149,-72.74779094763149
161.07000450611113,-72.74985556582917,-72.74985556582917
161.08000450611115,-72.75192405221667,-72.75192405221667
161.09000450611114,-72.75399646724317,-72.75399646724317
161.10000450611113,-72.7560728701949,-72.7560728701949
161.11000450611115,-72.75815331920076,-72.75815331920076
161.12000450611114,-72.76023787124855,-72.76023787124855
161.13000450611113,-72.76232658217516,-72.76232658217516
161.14000450611115,-72.76441950670149,-72.76441950670149
161.15000450611115,-72.76651669842624,-72.76651669842624
161.16000450611114,-72.76861820985754,-72.76861820985754
161.17000450611116,-72.77072409241097,-72.77072409241097
161.18000450611115,-72.77283439642774,-72.77283439642774
161.19000450611114,-72.77494917116502,-72.77494917116502
161.20000450611116,-72.7770684648503,-72.7770684648503
161.21000450611115,-72.77919232464971,-72.77919232464971
161.22000450611114,-72.78132079670631,-72.78132079670631
161.23000450611116,-72.7834539261498,-72.7834539261498
161.24000450611115,-72.78559175708507,-72.78559175708507
161.25000450611114,-72.78773433263774,-72.78773433263774
161.26000450611116,-72.78988169494855,-72.78988169494855
161.27000450611115,-72.79203388518751,-72.79203388518751
161.28000450611114,-72.79419094354856,-72.79419094354856
161.29000450611113,-72.79635290929988,-72.79635290929988
161.30000450611115,-72.79851982076048,-72.79851982076048
161.31000450611114,-72.80069171532796,-72.80069171532796
161.32000450611113,-72.8028686294805,-72.8028686294805
161.33000450611115,-72.80505059878944,-72.80505059878944
161.34000450611114,-72.80723765795743,-72.80723765795743
161.35000450611113,-72.8094298407917,-72.8094298407917
161.36000450611115,-72.81162718022938,-72.81162718022938
161.37000450611114,-72.81382970835078,-72.81382970835078
161.38000450611113,-72.81603745640862,-72.81603745640862
161.39000450611115,-72.81825045478732,-72.81825045478732
161.40000450611115,-72.82046873307652,-72.82046873307652
161.41000450611114,-72.82269232003902,-72.82269232003902
161.42000450611116,-72.82492124364684,-72.82492124364684
161.43000450611115,-72.82715553107036,-72.82715553107036
161.44000450611114,-72.82939520869506,-72.82939520869506
161.45000450611116,-72.83164030214607,-72.83164030214607
161.46000450611115,-72.83388448511315,-72.83388448511315
161.47000450611114,-72.8361250000645,-72.8361250000645
161.48000450611116,-72.83836051570039,-72.83836051570039
161.49000450611115,-72.84059036050306,-72.84059036050306
161.500004529953,-72.84281423557968,-72.84281423557968
161.510004529953,-72.84503204158322,-72.84503204158322
161.520004529953,-72.84724382151605,-72.84724382151605
161.530004529953,-72.84944968600401,-72.84944968600401
161.540004529953,-72.85164978646822,-72.85164978646822
161.55000452995301,-72.85384429581995,-72.85384429581995
161.560004529953,-72.8560333969678,-72.8560333969678
161.570004529953,-72.85821727604936,-72.85821727604936
161.58000452995302,-72.86039611856751,-72.86039611856751
161.590004529953,-72.86257010727286,-72.86257010727286
161.600004529953,-72.86473942108735,-72.86473942108735
161.61000452995302,-72.86690423471255,-72.86690423471255
161.620004529953,-72.86906471851894,-72.86906471851894
161.630004529953,-72.87122103873718,-72.87122103873718
161.640004529953,-72.87337335765471,-72.87337335765471
161.650004529953,-72.87552183396343,-72.87552183396343
161.660004529953,-72.8776666229979,-72.8776666229979
161.670004529953,-72.87980787705938,-72.87980787705938
161.680004529953,-72.88194574565719,-72.88194574565719
161.690004529953,-72.88408037575816,-72.88408037575816
161.700004529953,-72.88621191198267,-72.88621191198267
161.710004529953,-72.88834049679474,-72.88834049679474
161.720004529953,-72.89046627063064,-72.89046627063064
161.730004529953,-72.89258937205777,-72.89258937205777
161.740004529953,-72.89470993786787,-72.89470993786787
161.750004529953,-72.8968281031648,-72.8968281031648
161.760004529953,-72.89894400147223,-72.89894400147223
161.770004529953,-72.90105776475639,-72.90105776475639
161.780004529953,-72.90316952349461,-72.90316952349461
161.790004529953,-72.90527940673098,-72.90527940673098
161.80000452995301,-72.90738754207909,-72.90738754207909
161.810004529953,-72.90949405578134,-72.90949405578134
161.820004529953,-72.91159907271444,-72.91159907271444
161.83000452995302,-72.91370271640139,-72.91370271640139
161.840004529953,-72.91580510904286,-72.91580510904286
161.850004529953,-72.91790637149765,-72.91790637149765
161.86000452995302,-72.92000662332978,-72.92000662332978
161.870004529953,-72.92210598275624,-72.92210598275624
161.880004529953,-72.92420456671564,-72.92420456671564
161.890004529953,-72.92630249082838,-72.92630249082838
161.900004529953,-72.92839986939406,-72.92839986939406
161.910004529953,-72.93049681541412,-72.93049681541412
161.920004529953,-72.93259344057921,-72.93259344057921
161.930004529953,-72.93468985527369,-72.93468985527369
161.940004529953,-72.93678616856555,-72.93678616856555
161.950004529953,-72.93888248821469,-72.93888248821469
161.960004529953,-72.94097892065788,-72.94097892065788
161.970004529953,-72.94307557103225,-72.94307557103225
161.980004529953,-72.94517254314128,-72.94517254314128
161.990004529953,-72.94726993948528,-72.94726993948528
162.000004529953,-72.94936786123368,-72.94936786123368
162.010004529953,-72.95146640825698,-72.95146640825698
162.020004529953,-72.95356567909475,-72.95356567909475
162.030004529953,-72.9556657709741,-72.9556657709741
162.040004529953,-72.9577667798037,-72.9577667798037
162.05000452995301,-72.9598688001899,-72.9598688001899
162.060004529953,-72.96197192541356,-72.96197192541356
162.070004529953,-72.96407624746234,-72.96407624746234
162.08000452995302,-72.96618185700625,-72.96618185700625
162.090004529953,-72.96828884341176,-72.96828884341176
162.100004529953,-72.97039729475676,-72.97039729475676
162.11000452995302,-72.97250729780943,-72.97250729780943
162.120004529953,-72.97461893805433,-72.97461893805433
162.130004529953,-72.97673229970005,-72.97673229970005
162.140004529953,-72.97884746566389,-72.97884746566389
162.150004529953,-72.98096451759204,-72.98096451759204
162.160004529953,-72.98308353585615,-72.98308353585615
162.170004529953,-72.98520459957078,-72.98520459957078
162.180004529953,-72.9873277865931,-72.9873277865931
162.190004529953,-72.98945317353594,-72.98945317353594
162.200004529953,-72.99158083576464,-72.99158083576464
162.210004529953,-72.99371084741973,-72.99371084741973
162.220004529953,-72.9958432814061,-72.9958432814061
162.230004529953,-72.99797820941485,-72.99797820941485
162.240004529953,-73.00011570192787,-73.00011570192787
162.250004529953,-73.00225582822657,-73.00225582822657
162.260004529953,-73.00439865639835,-73.00439865639835
162.270004529953,-73.00654425334997,-73.00654425334997
162.280004529953,-73.00869268481276,-73.00869268481276
162.290004529953,-73.01084401536131,-73.01084401536131
162.30000452995301,-73.01299830839761,-73.01299830839761
162.310004529953,-73.01515562620533,-73.01515562620533
162.320004529953,-73.01731602990219,-73.01731602990219
162.33000452995302,-73.01947957950331,-73.01947957950331
162.340004529953,-73.02164633389883,-73.02164633389883
162.35000455379486,-73.02381635604411,-73.02381635604411
162.36000455379485,-73.0259896923179,-73.0259896923179
162.37000455379487,-73.02816640347024,-73.02816640347024
162.38000455379486,-73.03034654403899,-73.03034654403899
162.39000455379485,-73.03253016750323,-73.03253016750323
162.40000455379487,-73.03471732628336,-73.03471732628336
162.41000455379486,-73.03690807175909,-73.03690807175909
162.42000455379485,-73.03910245427322,-73.03910245427322
162.43000455379487,-73.04130052316347,-73.04130052316347
162.44000455379486,-73.04350232674005,-73.04350232674005
162.45000455379486,-73.04570791231805,-73.04570791231805
162.46000455379487,-73.04791732624348,-73.04791732624348
162.47000455379487,-73.05013061386491,-73.05013061386491
162.48000455379486,-73.05234781956837,-73.05234781956837
162.49000455379485,-73.05456898679824,-73.05456898679824
162.50000455379487,-73.05679415804832,-73.05679415804832
162.51000455379486,-73.05902337486374,-73.05902337486374
162.52000455379485,-73.06125667789186,-73.06125667789186
162.53000455379487,-73.06349410685232,-73.06349410685232
162.54000455379486,-73.06573570057161,-73.06573570057161
162.55000455379485,-73.06798149698429,-73.06798149698429
162.56000455379487,-73.07023153314677,-73.07023153314677
162.57000455379486,-73.07248584524352,-73.07248584524352
162.58000455379485,-73.07474446859817,-73.07474446859817
162.59000455379487,-73.07700743770049,-73.07700743770049
162.60000455379486,-73.07927478619608,-73.07927478619608
162.61000455379485,-73.08154654689808,-73.08154654689808
162.62000455379487,-73.08382275181364,-73.08382275181364
162.63000455379486,-73.08610343214002,-73.08610343214002
162.64000455379485,-73.08838861828457,-73.08838861828457
162.65000455379487,-73.09067833986482,-73.09067833986482
162.66000455379486,-73.09297262572368,-73.09297262572368
162.67000455379485,-73.09527150393893,-73.09527150393893
162.68000455379487,-73.09757500183271,-73.09757500183271
162.69000455379486,-73.0998831459962,-73.0998831459962
162.70000455379486,-73.10219596227671,-73.10219596227671
162.71000455379487,-73.10451347578932,-73.10451347578932
162.72000455379487,-73.10683571095527,-73.10683571095527
162.73000455379486,-73.10916269146722,-73.10916269146722
162.74000455379485,-73.11149444033026,-73.11149444033026
162.75000455379487,-73.11383097986982,-73.11383097986982
162.76000455379486,-73.1161723317367,-73.1161723317367
162.77000455379485,-73.11851851689875,-73.11851851689875
162.78000455379487,-73.12086955568704,-73.12086955568704
162.79000455379486,-73.12322546776707,-73.12322546776707
162.80000455379485,-73.12558627216407,-73.12558627216407
162.81000455379487,-73.12795198729336,-73.12795198729336
162.82000455379486,-73.13032263092421,-73.13032263092421
162.83000455379485,-73.13269822022426,-73.13269822022426
162.84000455379487,-73.13507877175525,-73.13507877175525
162.85000455379486,-73.13746430148719,-73.13746430148719
162.86000455379485,-73.13985482480058,-73.13985482480058
162.87000455379487,-73.14225035649474,-73.14225035649474
162.88000455379486,-73.14465091079249,-73.14465091079249
162.89000455379485,-73.14705650137842,-73.14705650137842
162.90000455379487,-73.14946714135988,-73.14946714135988
162.91000455379486,-73.15188284330632,-73.15188284330632
162.92000455379485,-73.15430361925165,-73.15430361925165
162.93000455379487,-73.15672948069768,-73.15672948069768
162.94000455379486,-73.15916043863113,-73.15916043863113
162.95000455379486,-73.16159650352041,-73.16159650352041
162.96000455379487,-73.16403768532385,-73.16403768532385
162.97000455379487,-73.16648399349874,-73.16648399349874
162.98000455379486,-73.16893543703047,-73.16893543703047
162.99000455379485,-73.17139202439269,-73.17139202439269
163.00000455379487,-73.17385376360703,-73.17385376360703
163.01000455379486,-73.17632066221456,-73.17632066221456
163.02000455379485,-73.17879272728894,-73.17879272728894
163.03000455379487,-73.18126996546081,-73.18126996546081
163.04000455379486,-73.18375238290335,-73.18375238290335
163.05000455379485,-73.18623998535715,-73.18623998535715
163.06000455379487,-73.18873277811547,-73.18873277811547
163.07000455379486,-73.19123076605982,-73.19123076605982
163.08000455379485,-73.19373395365078,-73.19373395365078
163.09000455379487,-73.19624234491992,-73.19624234491992
163.10000455379486,-73.19875594349014,-73.19875594349014
163.11000455379485,-73.20127475259267,-73.20127475259267
163.12000455379487,-73.2037987750695,-73.2037987750695
163.13000455379486,-73.2063280133534,-73.2063280133534
163.14000455379485,-73.20886246951528,-73.20886246951528
163.15000455379487,-73.21140214524438,-73.21140214524438
163.16000455379486,-73.21394704184044,-73.21394704184044
163.17000455379485,-73.21649716026263,-73.21649716026263
163.18000455379487,-73.21905250109991,-73.21905250109991
163.19000455379486,-73.22161306458896,-73.22161306458896
163.20000457763672,-73.22417885672255,-73.22417885672255
163.2100045776367,-73.22674986485545,-73.22674986485545
163.22000457763673,-73.22932609427995,-73.22932609427995
163.23000457763672,-73.23190754387413,-73.23190754387413
163.2400045776367,-73.23449421219254,-73.23449421219254
163.25000457763673,-73.23708609747644,-73.23708609747644
163.26000457763672,-73.23968319764367,-73.23968319764367
163.2700045776367,-73.2422855103025,-73.2422855103025
163.28000457763673,-73.24489303274918,-73.24489303274918
163.29000457763672,-73.24750576199052,-73.24750576199052
163.3000045776367,-73.25012369474578,-73.25012369474578
163.31000457763673,-73.25274682742274,-73.25274682742274
163.32000457763672,-73.25537515615305,-73.25537515615305
163.3300045776367,-73.25800867679753,-73.25800867679753
163.3400045776367,-73.26064738493477,-73.26064738493477
163.35000457763672,-73.26329127587228,-73.26329127587228
163.36000457763672,-73.26594034464527,-73.26594034464527
163.3700045776367,-73.2685945860439,-73.2685945860439
163.38000457763673,-73.27125399457884,-73.27125399457884
163.39000457763672,-73.27391856452762,-73.27391856452762
163.4000045776367,-73.27658828990003,-73.27658828990003
163.41000457763673,-73.27926316448156,-73.27926316448156
163.42000457763672,-73.28194318180256,-73.28194318180256
163.4300045776367,-73.28462833517081,-73.28462833517081
163.44000457763673,-73.28731861764486,-73.28731861764486
163.45000457763672,-73.29001402206603,-73.29001402206603
163.4600045776367,-73.29271454105664,-73.29271454105664
163.47000457763673,-73.29542016701366,-73.29542016701366
163.48000457763672,-73.29813089211204,-73.29813089211204
163.4900045776367,-73.30084670831724,-73.30084670831724
163.50000457763673,-73.30356760739741,-73.30356760739741
163.51000457763672,-73.30629358090341,-73.30629358090341
163.5200045776367,-73.30902462018491,-73.30902462018491
163.53000457763673,-73.31176071640891,-73.31176071640891
163.54000457763672,-73.31450186053269,-73.31450186053269
163.5500045776367,-73.31724804332472,-73.31724804332472
163.56000457763673,-73.31999925537626,-73.31999925537626
163.57000457763672,-73.32275548708273,-73.32275548708273
163.5800045776367,-73.32551672867119,-73.32551672867119
163.5900045776367,-73.3282829701771,-73.3282829701771
163.60000457763672,-73.3310542014799,-73.3310542014799
163.61000457763672,-73.33383041228015,-73.33383041228015
163.6200045776367,-73.33661159211317,-73.33661159211317
163.63000457763673,-73.33939773034164,-73.33939773034164
163.64000457763672,-73.34218881618007,-73.34218881618007
163.6500045776367,-73.34498483867797,-73.34498483867797
163.66000457763673,-73.34778578673038,-73.34778578673038
163.67000457763672,-73.35059164908303,-73.35059164908303
163.6800045776367,-73.35340241432692,-73.35340241432692
163.69000457763673,-73.3562180709134,-73.3562180709134
163.70000457763672,-73.35903860714556,-73.35903860714556
163.7100045776367,-73.36186401119498,-73.36186401119498
163.72000457763673,-73.36469427108834,-73.36469427108834
163.73000457763672,-73.36752937470716,-73.36752937470716
163.7400045776367,-73.37036930982045,-73.37036930982045
163.75000457763673,-73.37321406405593,-73.37321406405593
163.76000457763672,-73.376063624921,-73.376063624921
163.7700045776367,-73.37891797978772,-73.37891797978772
163.78000457763673,-73.38177711591453,-73.38177711591453
163.79000457763672,-73.3846410204407,-73.3846410204407
163.8000045776367,-73.38750968038752,-73.38750968038752
163.81000457763673,-73.3903830826572,-73.3903830826572
163.82000457763672,-73.39326121404086,-73.39326121404086
163.8300045776367,-73.39614406122186,-73.39614406122186
163.8400045776367,-73.39903161078536,-73.39903161078536
163.85000457763672,-73.4019238491863,-73.4019238491863
163.86000457763672,-73.40482076279712,-73.40482076279712
163.8700045776367,-73.40772233789001,-73.40772233789001
163.88000457763673,-73.41062856062716,-73.41062856062716
163.89000457763672,-73.4135394170771,-73.4135394170771
163.9000045776367,-73.41645489322433,-73.41645489322433
163.91000457763673,-73.41937497494456,-73.41937497494456
163.92000457763672,-73.42229964803016,-73.42229964803016
163.9300045776367,-73.42522889819715,-73.42522889819715
163.94000457763673,-73.42816271106345,-73.42816271106345
163.95000457763672,-73.43110107215279,-73.43110107215279
163.9600045776367,-73.43404396692615,-73.43404396692615
163.97000457763673,-73.43699138076163,-73.43699138076163
163.98000457763672,-73.43994329894512,-73.43994329894512
163.9900045776367,-73.44289970669702,-73.44289970669702
164.00000457763673,-73.44586058915974,-73.44586058915974
164.01000457763672,-73.44882593139914,-73.44882593139914
164.0200045776367,-73.45179571842321,-73.45179571842321
164.03000457763673,-73.45476993515439,-73.45476993515439
164.04000457763672,-73.4577485664541,-73.4577485664541
164.05000460147858,-73.46073160422678,-73.46073160422678
164.06000460147857,-73.46371901900989,-73.46371901900989
164.0700046014786,-73.46671080255517,-73.46671080255517
164.08000460147858,-73.46970693946724,-73.46970693946724
164.09000460147857,-73.47270741430214,-73.47270741430214
164.1000046014786,-73.47571221155019,-73.47571221155019
164.11000460147858,-73.47872131564182,-73.47872131564182
164.12000460147857,-73.48173471096062,-73.48173471096062
164.1300046014786,-73.48475238182608,-73.48475238182608
164.14000460147858,-73.48777431251538,-73.48777431251538
164.15000460147857,-73.49080048725864,-73.49080048725864
164.1600046014786,-73.49383089023422,-73.49383089023422
164.17000460147858,-73.49686550555681,-73.49686550555681
164.18000460147857,-73.49990431731426,-73.49990431731426
164.19000460147856,-73.50294730954649,-73.50294730954649
164.20000460147858,-73.50599446624993,-73.50599446624993
164.21000460147857,-73.50904577137322,-73.50904577137322
164.22000460147856,-73.51210120882801,-73.51210120882801
164.23000460147858,-73.51516076250083,-73.51516076250083
164.24000460147857,-73.51822441620814,-73.51822441620814
164.25000460147857,-73.52129215375516,-73.52129215375516
164.26000460147858,-73.52436395891165,-73.52436395891165
164.27000460147858,-73.52743981539672,-73.52743981539672
164.28000460147857,-73.53051970691027,-73.53051970691027
164.29000460147859,-73.53360361711884,-73.53360361711884
164.30000460147858,-73.53669152965631,-73.53669152965631
164.31000460147857,-73.53978342812769,-73.53978342812769
164.3200046014786,-73.54287929611094,-73.54287929611094
164.33000460147858,-73.5459791171542,-73.5459791171542
164.34000460147857,-73.5490828747788,-73.5490828747788
164.3500046014786,-73.55219055248338,-73.55219055248338
164.36000460147858,-73.55530213374476,-73.55530213374476
164.37000460147857,-73.55841760201857,-73.55841760201857
164.3800046014786,-73.56153694073134,-73.56153694073134
164.39000460147858,-73.56466013328928,-73.56466013328928
164.40000460147857,-73.56778716308827,-73.56778716308827
164.4100046014786,-73.57091801350043,-73.57091801350043
164.42000460147858,-73.57405266787585,-73.57405266787585
164.43000460147857,-73.5771911095512,-73.5771911095512
164.44000460147856,-73.58033332185413,-73.58033332185413
164.45000460147858,-73.58347928809198,-73.58347928809198
164.46000460147857,-73.58662256960669,-73.58662256960669
164.47000460147856,-73.5897603335388,-73.5897603335388
164.48000460147858,-73.59289118865878,-73.59289118865878
164.49000460147857,-73.5960144111043,-73.5960144111043
164.50000460147857,-73.59912964893867,-73.59912964893867
164.51000460147858,-73.6022367687329,-73.6022367687329
164.52000460147858,-73.6053357656918,-73.6053357656918
164.53000460147857,-73.60842670965543,-73.60842670965543
164.54000460147859,-73.61150971262694,-73.61150971262694
164.55000460147858,-73.61458490927333,-73.61458490927333
164.56000460147857,-73.61765244532253,-73.61765244532253
164.5700046014786,-73.62071247069909,-73.62071247069909
164.58000460147858,-73.62376513562617,-73.62376513562617
164.59000460147857,-73.62681058843323,-73.62681058843323
164.6000046014786,-73.62984897447795,-73.62984897447795
164.61000460147858,-73.63288043568245,-73.63288043568245
164.62000460147857,-73.63590511046301,-73.63590511046301
164.6300046014786,-73.63892313384508,-73.63892313384508
164.64000460147858,-73.64193463766932,-73.64193463766932
164.65000460147857,-73.64493975089714,-73.64493975089714
164.6600046014786,-73.64793859987758,-73.64793859987758
164.67000460147858,-73.65093130859886,-73.65093130859886
164.68000460147857,-73.65391799895762,-73.65391799895762
164.69000460147856,-73.65689879096361,-73.65689879096361
164.70000460147858,-73.65987380296136,-73.65987380296136
164.71000460147857,-73.66284315174399,-73.66284315174399
164.72000460147856,-73.66580695273981,-73.66580695273981
164.73000460147858,-73.66876532011143,-73.66876532011143
164.74000460147857,-73.671718366844,-73.671718366844
164.75000460147857,-73.6746662048384,-73.6746662048384
164.76000460147858,-73.67760894497532,-73.67760894497532
164.77000460147858,-73.68054669717317,-73.68054669717317
164.78000460147857,-73.68347957040139,-73.68347957040139
164.79000460147859,-73.68640767274164,-73.68640767274164
164.80000460147858,-73.68933111139474,-73.68933111139474
164.81000460147857,-73.69224999270656,-73.69224999270656
164.8200046014786,-73.6951644221741,-73.6951644221741
164.83000460147858,-73.69807450445842,-73.69807450445842
164.84000460147857,-73.70098034337597,-73.70098034337597
164.8500046014786,-73.7038820419091,-73.7038820419091
164.86000460147858,-73.70677970220665,-73.70677970220665
164.87000460147857,-73.7096734255734,-73.7096734255734
164.8800046014786,-73.71256331246872,-73.71256331246872
164.89000460147858,-73.71544946247857,-73.71544946247857
164.90000462532043,-73.71833198120662,-73.71833198120662
164.91000462532043,-73.72121095278823,-73.72121095278823
164.92000462532044,-73.72408648108329,-73.72408648108329
164.93000462532044,-73.72695866217944,-73.72695866217944
164.94000462532043,-73.72982759128438,-73.72982759128438
164.95000462532045,-73.73269336270617,-73.73269336270617
164.96000462532044,-73.7355560698183,-73.7355560698183
164.97000462532043,-73.73841580508478,-73.73841580508478
164.98000462532045,-73.74127266003963,-73.74127266003963
164.99000462532044,-73.74412672526208,-73.74412672526208
165.00000462532043,-73.74697809041982,-73.74697809041982
165.01000462532045,-73.7498268442092,-73.7498268442092
165.02000462532044,-73.75267307435658,-73.75267307435658
165.03000462532043,-73.75551686765394,-73.75551686765394
165.04000462532042,-73.75835830990613,-73.75835830990613
165.05000462532044,-73.7611974859565,-73.7611974859565
165.06000462532043,-73.76403447966307,-73.76403447966307
165.07000462532042,-73.76686937390647,-73.76686937390647
165.08000462532044,-73.76970225059172,-73.76970225059172
165.09000462532043,-73.77253319062899,-73.77253319062899
165.10000462532042,-73.7753622739444,-73.7753622739444
165.11000462532044,-73.7781895794777,-73.7781895794777
165.12000462532043,-73.78101518518521,-73.78101518518521
165.13000462532042,-73.78383916802004,-73.78383916802004
165.14000462532044,-73.78666160395423,-73.78666160395423
165.15000462532043,-73.78948256797644,-73.78948256797644
165.16000462532043,-73.79230213407308,-73.79230213407308
165.17000462532044,-73.79512037525038,-73.79512037525038
165.18000462532044,-73.79793736352946,-73.79793736352946
165.19000462532043,-73.80075316996242,-73.80075316996242
165.20000462532045,-73.80356786460143,-73.80356786460143
165.21000462532044,-73.80637507580161,-73.80637507580161
165.22000462532043,-73.80917204747658,-73.80917204747658
165.23000462532045,-73.81195746849315,-73.81195746849315
165.24000462532044,-73.81473069606054,-73.81473069606054
165.25000462532043,-73.81749145947167,-73.81749145947167
165.26000462532045,-73.82023970623517,-73.82023970623517
165.27000462532044,-73.82297551193074,-73.82297551193074
165.28000462532043,-73.8256990260966,-73.8256990260966
165.29000462532042,-73.82841043963329,-73.82841043963329
165.30000462532044,-73.8311099652888,-73.8311099652888
165.31000462532043,-73.83379782599306,-73.83379782599306
165.32000462532042,-73.83647424801603,-73.83647424801603
165.33000462532044,-73.83913945700733,-73.83913945700733
165.34000462532043,-73.8417936758728,-73.8417936758728
165.35000462532042,-73.84443712362861,-73.84443712362861
165.36000462532044,-73.84707001498676,-73.84707001498676
165.37000462532043,-73.84969256024954,-73.84969256024954
165.38000462532042,-73.85230496544999,-73.85230496544999
165.39000462532044,-73.85490743258904,-73.85490743258904
165.40000462532043,-73.8575001598896,-73.8575001598896
165.41000462532043,-73.86008334210281,-73.86008334210281
165.42000462532044,-73.86265717076981,-73.86265717076981
165.43000462532044,-73.86522183448055,-73.86522183448055
165.44000462532043,-73.86777751910759,-73.86777751910759
165.45000462532045,-73.87032440798698,-73.87032440798698
165.46000462532044,-73.87286268209766,-73.87286268209766
165.47000462532043,-73.87539252021728,-73.87539252021728
165.48000462532045,-73.87791409902431,-73.87791409902431
165.49000462532044,-73.88042759323132,-73.88042759323132
165.50000462532043,-73.8829331756377,-73.8829331756377
165.51000462532045,-73.8854310172354,-73.8854310172354
165.52000462532044,-73.88792128724617,-73.88792128724617
165.53000462532043,-73.89040415318101,-73.89040415318101
165.54000462532042,-73.89287978085545,-73.89287978085545
165.55000462532044,-73.89534833444807,-73.89534833444807
165.56000462532043,-73.89780997651532,-73.89780997651532
165.57000462532042,-73.900264868006,-73.900264868006
165.58000462532044,-73.90271316828304,-73.90271316828304
165.59000462532043,-73.9051550351225,-73.9051550351225
165.60000462532042,-73.90759062473332,-73.90759062473332
165.61000462532044,-73.9100200917497,-73.9100200917497
165.62000462532043,-73.91244358925022,-73.91244358925022
165.63000462532042,-73.91486126875108,-73.91486126875108
165.64000462532044,-73.91727328020615,-73.91727328020615
165.65000462532043,-73.91967977200044,-73.91967977200044
165.66000462532043,-73.92208089097052,-73.92208089097052
165.67000462532044,-73.92447678238202,-73.92447678238202
165.68000462532044,-73.92686758992662,-73.92686758992662
165.69000462532043,-73.92925345575344,-73.92925345575344
165.70000462532045,-73.93163452043217,-73.93163452043217
165.71000462532044,-73.93401092295666,-73.93401092295666
165.72000462532043,-73.9363828007618,-73.9363828007618
165.73000462532045,-73.93875028971814,-73.93875028971814
165.74000462532044,-73.94111352410661,-73.94111352410661
165.7500046491623,-73.94347264227525,-73.94347264227525
165.76000464916228,-73.94582776413681,-73.94582776413681
165.7700046491623,-73.94817902490983,-73.94817902490983
165.7800046491623,-73.95052655260778,-73.95052655260778
165.79000464916228,-73.95287047369399,-73.95287047369399
165.8000046491623,-73.95521091306657,-73.95521091306657
165.8100046491623,-73.9575479940591,-73.9575479940591
165.82000464916229,-73.95988183845701,-73.95988183845701
165.8300046491623,-73.9622125665045,-73.9622125665045
165.8400046491623,-73.96454029688307,-73.96454029688307
165.8500046491623,-73.9668651467399,-73.9668651467399
165.8600046491623,-73.96918723168407,-73.96918723168407
165.8700046491623,-73.97150666580222,-73.97150666580222
165.8800046491623,-73.97382356165532,-73.97382356165532
165.89000464916228,-73.97613803028294,-73.97613803028294
165.9000046491623,-73.97845018122555,-73.97845018122555
165.9100046491623,-73.9807601225123,-73.9807601225123
165.92000464916228,-73.9830679606867,-73.9830679606867
165.9300046491623,-73.98537380079372,-73.98537380079372
165.9400046491623,-73.98767774641999,-73.98767774641999
165.95000464916228,-73.98997989967391,-73.98997989967391
165.9600046491623,-73.99228036121092,-73.99228036121092
165.9700046491623,-73.99457923022825,-73.99457923022825
165.98000464916228,-73.99687660449378,-73.99687660449378
165.9900046491623,-73.9991725803464,-73.9991725803464
166.0000046491623,-74.0014672527033,-74.0014672527033
166.01000464916228,-74.00376071506815,-74.00376071506815
166.0200046491623,-74.00605305956573,-74.00605305956573
166.0300046491623,-74.00834437692221,-74.00834437692221
166.04000464916228,-74.01063475648243,-74.01063475648243
166.0500046491623,-74.01292428624768,-74.01292428624768
166.0600046491623,-74.01521305285195,-74.01521305285195
166.07000464916229,-74.01750114158952,-74.01750114158952
166.0800046491623,-74.01978863644251,-74.01978863644251
166.0900046491623,-74.02207562005772,-74.02207562005772
166.1000046491623,-74.02436217378964,-74.02436217378964
166.1100046491623,-74.02664837769534,-74.02664837769534
166.1200046491623,-74.02893431055381,-74.02893431055381
166.1300046491623,-74.03122004988914,-74.03122004988914
166.14000464916228,-74.0335056719458,-74.0335056719458
166.1500046491623,-74.03579125174804,-74.03579125174804
166.1600046491623,-74.03807686307273,-74.03807686307273
166.17000464916228,-74.0403625784976,-74.0403625784976
166.1800046491623,-74.04264846939698,-74.04264846939698
166.1900046491623,-74.0449346059203,-74.0449346059203
166.20000464916228,-74.04722105707425,-74.04722105707425
166.2100046491623,-74.04950789069183,-74.04950789069183
166.2200046491623,-74.05179517344085,-74.05179517344085
166.23000464916228,-74.05408297084759,-74.05408297084759
166.2400046491623,-74.05637134732493,-74.05637134732493
166.2500046491623,-74.05866036616055,-74.05866036616055
166.26000464916228,-74.06095008953615,-74.06095008953615
166.2700046491623,-74.0632405785546,-74.0632405785546
166.2800046491623,-74.06553189321806,-74.06553189321806
166.29000464916228,-74.067824092482,-74.067824092482
166.3000046491623,-74.0701172342499,-74.0701172342499
166.3100046491623,-74.07241137537697,-74.07241137537697
166.32000464916229,-74.07470657169675,-74.07470657169675
166.3300046491623,-74.07700287801124,-74.07700287801124
166.3400046491623,-74.07930034814153,-74.07930034814153
166.3500046491623,-74.08159903490561,-74.08159903490561
166.3600046491623,-74.08389899013561,-74.08389899013561
166.3700046491623,-74.08620026470292,-74.08620026470292
166.3800046491623,-74.0885029085314,-74.0885029085314
166.39000464916228,-74.09080697058764,-74.09080697058764
166.4000046491623,-74.09311249892522,-74.09311249892522
166.4100046491623,-74.0954195406604,-74.0954195406604
166.42000464916228,-74.0977281420062,-74.0977281420062
166.4300046491623,-74.10003834828635,-74.10003834828635
166.4400046491623,-74.10235020392729,-74.10235020392729
166.45000464916228,-74.10466375249986,-74.10466375249986
166.4600046491623,-74.10697903669465,-74.10697903669465
166.4700046491623,-74.10929609836134,-74.10929609836134
166.48000464916228,-74.11161497850404,-74.11161497850404
166.4900046491623,-74.11393571730751,-74.11393571730751
166.5000046491623,-74.11625835412565,-74.11625835412565
166.51000464916228,-74.11858292752123,-74.11858292752123
166.5200046491623,-74.12090947525486,-74.12090947525486
166.5300046491623,-74.1232380342882,-74.1232380342882
166.54000464916228,-74.12556864083244,-74.12556864083244
166.5500046491623,-74.12790133031314,-74.12790133031314
166.5600046491623,-74.13023613741034,-74.13023613741034
166.57000464916229,-74.13257309606675,-74.13257309606675
166.5800046491623,-74.13491223947445,-74.13491223947445
166.5900046491623,-74.13725360011705,-74.13725360011705
166.60000467300415,-74.13959721533573,-74.13959721533573
166.61000467300414,-74.14194310505343,-74.14194310505343
166.62000467300416,-74.14429130518997,-74.14429130518997
166.63000467300415,-74.14664184543315,-74.14664184543315
166.64000467300414,-74.14899475478768,-74.14899475478768
166.65000467300416,-74.15135006160503,-74.15135006160503
166.66000467300415,-74.15370779356304,-74.15370779356304
166.67000467300414,-74.1560679776993,-74.1560679776993
166.68000467300416,-74.15843064042272,-74.15843064042272
166.69000467300415,-74.16079580748986,-74.16079580748986
166.70000467300414,-74.16316350405869,-74.16316350405869
166.71000467300416,-74.16553375467241,-74.16553375467241
166.72000467300415,-74.16790658326516,-74.16790658326516
166.73000467300415,-74.17028201317578,-74.17028201317578
166.74000467300414,-74.17266006717287,-74.17266006717287
166.75000467300416,-74.17504076742973,-74.17504076742973
166.76000467300415,-74.17742413555796,-74.17742413555796
166.77000467300414,-74.17981019261158,-74.17981019261158
166.78000467300416,-74.18219895908628,-74.18219895908628
166.79000467300415,-74.18459045493503,-74.18459045493503
166.80000467300414,-74.18698469957978,-74.18698469957978
166.81000467300416,-74.18938171190918,-74.18938171190918
166.82000467300415,-74.19178151029315,-74.19178151029315
166.83000467300414,-74.1941841125785,-74.1941841125785
166.84000467300416,-74.19658953612009,-74.19658953612009
166.85000467300415,-74.198997797764,-74.198997797764
166.86000467300414,-74.20140891387312,-74.20140891387312
166.87000467300416,-74.20382290031814,-74.20382290031814
166.88000467300415,-74.2062397724893,-74.2062397724893
166.89000467300414,-74.2086595453265,-74.2086595453265
166.90000467300416,-74.21108223328828,-74.21108223328828
166.91000467300415,-74.21350785038787,-74.21350785038787
166.92000467300414,-74.21593641018177,-74.21593641018177
166.93000467300416,-74.21836792579077,-74.21836792579077
166.94000467300415,-74.22080240989075,-74.22080240989075
166.95000467300414,-74.2232398747354,-74.2232398747354
166.96000467300416,-74.22568033215865,-74.22568033215865
166.97000467300415,-74.2281237935649,-74.2281237935649
166.98000467300415,-74.23057026996062,-74.23057026996062
166.99000467300414,-74.23301977194396,-74.23301977194396
167.00000467300416,-74.23547230971748,-74.23547230971748
167.01000467300415,-74.2379278930876,-74.2379278930876
167.02000467300414,-74.24038653146944,-74.24038653146944
167.03000467300416,-74.2428482339164,-74.2428482339164
167.04000467300415,-74.2453130090913,-74.2453130090913
167.05000467300414,-74.24778086528904,-74.24778086528904
167.06000467300416,-74.25025181044435,-74.25025181044435
167.07000467300415,-74.25272585213848,-74.25272585213848
167.08000467300414,-74.2552029976007,-74.2552029976007
167.09000467300416,-74.25768325370883,-74.25768325370883
167.10000467300415,-74.26016662699844,-74.26016662699844
167.11000467300414,-74.26265312367251,-74.26265312367251
167.12000467300416,-74.26514274960438,-74.26514274960438
167.13000467300415,-74.2676355103332,-74.2676355103332
167.14000467300414,-74.27013141109367,-74.27013141109367
167.15000467300416,-74.27263045678978,-74.27263045678978
167.16000467300415,-74.2751326520172,-74.2751326520172
167.17000467300414,-74.27763800106963,-74.27763800106963
167.18000467300416,-74.28014650794248,-74.28014650794248
167.19000467300415,-74.28265817632408,-74.28265817632408
167.20000467300414,-74.28517300962245,-74.28517300962245
167.21000467300416,-74.28768452768075,-74.28768452768075
167.22000467300415,-74.29018989034829,-74.29018989034829
167.23000467300415,-74.29268771258134,-74.29268771258134
167.24000467300414,-74.29517728277163,-74.29517728277163
167.25000467300416,-74.29765826450178,-74.29765826450178
167.26000467300415,-74.30013054167419,-74.30013054167419
167.27000467300414,-74.30259412781213,-74.30259412781213
167.28000467300416,-74.30504911152165,-74.30504911152165
167.29000467300415,-74.30749562376369,-74.30749562376369
167.30000467300414,-74.30993381815648,-74.30993381815648
167.31000467300416,-74.31236385925239,-74.31236385925239
167.32000467300415,-74.31478591565066,-74.31478591565066
167.33000467300414,-74.3172001560171,-74.3172001560171
167.34000467300416,-74.31960674690042,-74.31960674690042
167.35000467300415,-74.32200585165138,-74.32200585165138
167.36000467300414,-74.32439762994319,-74.32439762994319
167.37000467300416,-74.32678223768363,-74.32678223768363
167.38000467300415,-74.32915982717115,-74.32915982717115
167.39000467300414,-74.33153054728308,-74.33153054728308
167.40000467300416,-74.33389454378865,-74.33389454378865
167.41000467300415,-74.3362519596043,-74.3362519596043
167.42000467300414,-74.33860293508569,-74.33860293508569
167.43000467300416,-74.34094760826501,-74.34094760826501
167.44000467300415,-74.34328611508396,-74.34328611508396
167.450004696846,-74.34561859513039,-74.34561859513039
167.460004696846,-74.3479451695894,-74.3479451695894
167.47000469684602,-74.35026597476207,-74.35026597476207
167.480004696846,-74.35258113990669,-74.35258113990669
167.490004696846,-74.35489079290801,-74.35489079290801
167.50000469684602,-74.35719506037297,-74.35719506037297
167.510004696846,-74.35949406768277,-74.35949406768277
167.520004696846,-74.36178793907185,-74.36178793907185
167.53000469684602,-74.36407679764369,-74.36407679764369
167.540004696846,-74.3663607654127,-74.3663607654127
167.550004696846,-74.36863996333605,-74.36863996333605
167.56000469684602,-74.37091451133307,-74.37091451133307
167.570004696846,-74.37318452828207,-74.37318452828207
167.580004696846,-74.37545013205965,-74.37545013205965
167.590004696846,-74.3777114395179,-74.3777114395179
167.600004696846,-74.37996856650635,-74.37996856650635
167.610004696846,-74.38222162783894,-74.38222162783894
167.620004696846,-74.38447073735144,-74.38447073735144
167.63000469684602,-74.386716007832,-74.386716007832
167.640004696846,-74.38895755105689,-74.38895755105689
167.650004696846,-74.39119547778162,-74.39119547778162
167.66000469684602,-74.39342989771811,-74.39342989771811
167.670004696846,-74.39566091952997,-74.39566091952997
167.680004696846,-74.39788865084262,-74.39788865084262
167.69000469684602,-74.40011319823735,-74.40011319823735
167.700004696846,-74.40233466720207,-74.40233466720207
167.710004696846,-74.40455316218019,-74.40455316218019
167.72000469684602,-74.40676878653426,-74.40676878653426
167.730004696846,-74.40898164252934,-74.40898164252934
167.740004696846,-74.41119183137643,-74.41119183137643
167.75000469684602,-74.41339945315512,-74.41339945315512
167.760004696846,-74.41560460686709,-74.41560460686709
167.770004696846,-74.41780739042022,-74.41780739042022
167.78000469684602,-74.420007900591,-74.420007900591
167.790004696846,-74.42220623307233,-74.42220623307233
167.800004696846,-74.42440248242185,-74.42440248242185
167.81000469684602,-74.42659674209608,-74.42659674209608
167.820004696846,-74.4287891044293,-74.4287891044293
167.830004696846,-74.43097966063355,-74.43097966063355
167.840004696846,-74.43316850080761,-74.43316850080761
167.850004696846,-74.4353557139331,-74.4353557139331
167.860004696846,-74.4375413878664,-74.4375413878664
167.870004696846,-74.43972560934583,-74.43972560934583
167.88000469684602,-74.44190846399339,-74.44190846399339
167.890004696846,-74.44409003630368,-74.44409003630368
167.900004696846,-74.44627040968555,-74.44627040968555
167.91000469684602,-74.44844966641021,-74.44844966641021
167.920004696846,-74.45062788764332,-74.45062788764332
167.930004696846,-74.4528051534574,-74.4528051534574
167.94000469684602,-74.45498154281557,-74.45498154281557
167.950004696846,-74.4571571335771,-74.4571571335771
167.960004696846,-74.45933200252341,-74.45933200252341
167.97000469684602,-74.46150622533628,-74.46150622533628
167.980004696846,-74.46367987661827,-74.46367987661827
167.990004696846,-74.46585302988447,-74.46585302988447
168.00000469684602,-74.46802575758532,-74.46802575758532
168.010004696846,-74.47019813111417,-74.47019813111417
168.020004696846,-74.47237022078342,-74.47237022078342
168.03000469684602,-74.47454209586546,-74.47454209586546
168.040004696846,-74.47671382458537,-74.47671382458537
168.050004696846,-74.47888547412933,-74.47888547412933
168.06000469684602,-74.48105711064375,-74.48105711064375
168.070004696846,-74.48322879924346,-74.48322879924346
168.080004696846,-74.48540060404298,-74.48540060404298
168.090004696846,-74.48757258813671,-74.48757258813671
168.100004696846,-74.48974481361667,-74.48974481361667
168.110004696846,-74.49191734158076,-74.49191734158076
168.120004696846,-74.49409023214265,-74.49409023214265
168.13000469684602,-74.49626354442806,-74.49626354442806
168.140004696846,-74.4984373366054,-74.4984373366054
168.150004696846,-74.50061166587948,-74.50061166587948
168.16000469684602,-74.50278658850505,-74.50278658850505
168.170004696846,-74.50496215978337,-74.50496215978337
168.180004696846,-74.50713843408015,-74.50713843408015
168.19000469684602,-74.50931546484539,-74.50931546484539
168.200004696846,-74.51149330460524,-74.51149330460524
168.210004696846,-74.51367200497829,-74.51367200497829
168.22000469684602,-74.51585161668206,-74.51585161668206
168.230004696846,-74.51803218955115,-74.51803218955115
168.240004696846,-74.52021377253097,-74.52021377253097
168.25000469684602,-74.5223964136996,-74.5223964136996
168.260004696846,-74.52458016026421,-74.52458016026421
168.270004696846,-74.52676505859421,-74.52676505859421
168.28000469684602,-74.52895115420172,-74.52895115420172
168.290004696846,-74.53113849176836,-74.53113849176836
168.30000472068787,-74.53332712035396,-74.53332712035396
168.31000472068786,-74.5355170725939,-74.5355170725939
168.32000472068788,-74.537708395904,-74.537708395904
168.33000472068787,-74.53990113172323,-74.53990113172323
168.34000472068786,-74.5420953207005,-74.5420953207005
168.35000472068788,-74.54429100269448,-74.54429100269448
168.36000472068787,-74.54648821678573,-74.54648821678573
168.37000472068786,-74.54868700131374,-74.54868700131374
168.38000472068788,-74.55088739385717,-74.55088739385717
168.39000472068787,-74.55308943124717,-74.55308943124717
168.40000472068786,-74.55529314957104,-74.55529314957104
168.41000472068788,-74.55749858420704,-74.55749858420704
168.42000472068787,-74.55970576980663,-74.55970576980663
168.43000472068786,-74.5619147403197,-74.5619147403197
168.44000472068785,-74.56412552899714,-74.56412552899714
168.45000472068787,-74.56633816839026,-74.56633816839026
168.46000472068786,-74.56855269037554,-74.56855269037554
168.47000472068785,-74.57076912615118,-74.57076912615118
168.48000472068787,-74.57298750625257,-74.57298750625257
168.49000472068786,-74.57520786056097,-74.57520786056097
168.50000472068785,-74.57743021830775,-74.57743021830775
168.51000472068787,-74.57965460808727,-74.57965460808727
168.52000472068787,-74.58188105786074,-74.58188105786074
168.53000472068786,-74.58410959497031,-74.58410959497031
168.54000472068788,-74.5863402461356,-74.5863402461356
168.55000472068787,-74.58857303747318,-74.58857303747318
168.56000472068786,-74.59080799450604,-74.59080799450604
168.57000472068788,-74.59304514216822,-74.59304514216822
168.58000472068787,-74.59528450480873,-74.59528450480873
168.59000472068786,-74.5975261061849,-74.5975261061849
168.60000472068788,-74.59976996950938,-74.59976996950938
168.61000472068787,-74.60201611743615,-74.60201611743615
168.62000472068786,-74.60426457205423,-74.60426457205423
168.63000472068788,-74.6065153549172,-74.6065153549172
168.64000472068787,-74.60876848703991,-74.60876848703991
168.65000472068786,-74.61102398889814,-74.61102398889814
168.66000472068788,-74.61328188047021,-74.61328188047021
168.67000472068787,-74.61554218119487,-74.61554218119487
168.68000472068786,-74.61780491002055,-74.61780491002055
168.69000472068785,-74.62007008539418,-74.62007008539418
168.70000472068787,-74.622337725262,-74.622337725262
168.71000472068786,-74.62460133411372,-74.62460133411372
168.72000472068785,-74.62685807283488,-74.62685807283488
168.73000472068787,-74.62910656384553,-74.62910656384553
168.74000472068786,-74.63134610584545,-74.63134610584545
168.75000472068785,-74.63357637423333,-74.63357637423333
168.76000472068787,-74.63579726554777,-74.63579726554777
168.77000472068787,-74.63800880635283,-74.63800880635283
168.78000472068786,-74.64021109847785,-74.64021109847785
168.79000472068788,-74.64240428612605,-74.64240428612605
168.80000472068787,-74.6445885361166,-74.6445885361166
168.81000472068786,-74.64676402609562,-74.64676402609562
168.82000472068788,-74.64893093762421,-74.64893093762421
168.83000472068787,-74.65108945217266,-74.65108945217266
168.84000472068786,-74.65323974895126,-74.65323974895126
168.85000472068788,-74.6553820038094,-74.6553820038094
168.86000472068787,-74.65751638873667,-74.65751638873667
168.87000472068786,-74.65964307182108,-74.65964307182108
168.88000472068788,-74.66176221735346,-74.66176221735346
168.89000472068787,-74.66387398606416,-74.66387398606416
168.90000472068786,-74.6659785354029,-74.6659785354029
168.91000472068788,-74.66807601981942,-74.66807601981942
168.92000472068787,-74.67016659104675,-74.67016659104675
168.93000472068786,-74.67225039833978,-74.67225039833978
168.94000472068785,-74.67432758871998,-74.67432758871998
168.95000472068787,-74.67639830715439,-74.67639830715439
168.96000472068786,-74.67846269674588,-74.67846269674588
168.97000472068785,-74.68052089885022,-74.68052089885022
168.98000472068787,-74.68257305322489,-74.68257305322489
168.99000472068786,-74.68461929810957,-74.68461929810957
169.00000472068785,-74.68665977033739,-74.68665977033739
169.01000472068787,-74.6886946053819,-74.6886946053819
169.02000472068787,-74.69072393741534,-74.69072393741534
169.03000472068786,-74.69274789935685,-74.69274789935685
169.04000472068788,-74.69476662291278,-74.69476662291278
169.05000472068787,-74.6967802385902,-74.6967802385902
169.06000472068786,-74.69878887572379,-74.69878887572379
169.07000472068788,-74.700792662508,-74.700792662508
169.08000472068787,-74.70279172596925,-74.70279172596925
169.09000472068786,-74.7047861920202,-74.7047861920202
169.10000472068788,-74.7067761854254,-74.7067761854254
169.11000472068787,-74.70876182981041,-74.70876182981041
169.12000472068786,-74.7107432476827,-74.7107432476827
169.13000472068788,-74.7127205603975,-74.7127205603975
169.14000472068787,-74.7146938881682,-74.7146938881682
169.15000474452972,-74.71666335477462,-74.71666335477462
169.16000474452972,-74.71862906875207,-74.71862906875207
169.17000474452973,-74.72059115157005,-74.72059115157005
169.18000474452973,-74.72254971884378,-74.72254971884378
169.19000474452972,-74.72450488500911,-74.72450488500911
169.20000474452974,-74.72645676334892,-74.72645676334892
169.21000474452973,-74.72840546595695,-74.72840546595695
169.22000474452972,-74.73035110373493,-74.73035110373493
169.23000474452974,-74.73229378641571,-74.73229378641571
169.24000474452973,-74.73423362253698,-74.73423362253698
169.25000474452972,-74.73617071943627,-74.73617071943627
169.26000474452974,-74.73810518324234,-74.73810518324234
169.27000474452973,-74.74003711888882,-74.74003711888882
169.28000474452972,-74.74196663010942,-74.74196663010942
169.2900047445297,-74.74389381942426,-74.74389381942426
169.30000474452973,-74.74581878814693,-74.74581878814693
169.31000474452972,-74.74774163637252,-74.74774163637252
169.3200047445297,-74.74966246298739,-74.74966246298739
169.33000474452973,-74.75158136567207,-74.75158136567207
169.34000474452972,-74.75349844088488,-74.75349844088488
169.3500047445297,-74.75541378388893,-74.75541378388893
169.36000474452973,-74.75732748872497,-74.75732748872497
169.37000474452972,-74.7592396482221,-74.7592396482221
169.3800047445297,-74.76115035402086,-74.76115035402086
169.39000474452973,-74.76305969654533,-74.76305969654533
169.40000474452972,-74.76496776503478,-74.76496776503478
169.41000474452972,-74.76687464751734,-74.76687464751734
169.42000474452973,-74.76878043083813,-74.76878043083813
169.43000474452973,-74.77068520064566,-74.77068520064566
169.44000474452972,-74.77258904142306,-74.77258904142306
169.45000474452974,-74.77449203646201,-74.77449203646201
169.46000474452973,-74.77639426787402,-74.77639426787402
169.47000474452972,-74.7782958166295,-74.7782958166295
169.48000474452974,-74.78019676251724,-74.78019676251724
169.49000474452973,-74.78209718417982,-74.78209718417982
169.50000474452972,-74.78399715911087,-74.78399715911087
169.51000474452974,-74.78589676367577,-74.78589676367577
169.52000474452973,-74.78779607308026,-74.78779607308026
169.53000474452972,-74.78969516143255,-74.78969516143255
169.5400047445297,-74.7915941017004,-74.7915941017004
169.55000474452973,-74.79349296576257,-74.79349296576257
169.56000474452972,-74.79539182437382,-74.79539182437382
169.5700047445297,-74.79729074720697,-74.79729074720697
169.58000474452973,-74.79918980285487,-74.79918980285487
169.59000474452972,-74.80108905882241,-74.80108905882241
169.6000047445297,-74.80298858155446,-74.80298858155446
169.61000474452973,-74.8048884364295,-74.8048884364295
169.62000474452972,-74.80678868778645,-74.80678868778645
169.6300047445297,-74.80868939890627,-74.80868939890627
169.64000474452973,-74.81059063205518,-74.81059063205518
169.65000474452972,-74.81249244846941,-74.81249244846941
169.66000474452972,-74.81439490837032,-74.81439490837032
169.67000474452973,-74.81629807099112,-74.81629807099112
169.68000474452973,-74.81820199453922,-74.81820199453922
169.69000474452972,-74.82010673626873,-74.82010673626873
169.70000474452974,-74.82201235244979,-74.82201235244979
169.71000474452973,-74.82391889838522,-74.82391889838522
169.72000474452972,-74.82582642841672,-74.82582642841672
169.73000474452974,-74.8277349959563,-74.8277349959563
169.74000474452973,-74.82964465347204,-74.82964465347204
169.75000474452972,-74.83155545250207,-74.83155545250207
169.76000474452974,-74.83346744367802,-74.83346744367802
169.77000474452973,-74.83538067672353,-74.83538067672353
169.78000474452972,-74.83729520046239,-74.83729520046239
169.7900047445297,-74.83921106282784,-74.83921106282784
169.80000474452973,-74.84112831089249,-74.84112831089249
169.81000474452972,-74.84304699085278,-74.84304699085278
169.8200047445297,-74.84496714804757,-74.84496714804757
169.83000474452973,-74.84688882698478,-74.84688882698478
169.84000474452972,-74.84881207131372,-74.84881207131372
169.8500047445297,-74.85073692387135,-74.85073692387135
169.86000474452973,-74.85266342666984,-74.85266342666984
169.87000474452972,-74.85459162092403,-74.85459162092403
169.8800047445297,-74.85652154704513,-74.85652154704513
169.89000474452973,-74.85845324465086,-74.85845324465086
169.90000474452972,-74.86038675259162,-74.86038675259162
169.91000474452972,-74.86232210893763,-74.86232210893763
169.92000474452973,-74.86425935100456,-74.86425935100456
169.93000474452973,-74.86619851537037,-74.86619851537037
169.94000474452972,-74.86813963785262,-74.86813963785262
169.95000474452974,-74.870082753557,-74.870082753557
169.96000474452973,-74.87202789684092,-74.87202789684092
169.97000474452972,-74.8739751013777,-74.8739751013777
169.98000474452974,-74.87592440012249,-74.87592440012249
169.99000474452973,-74.87787582533217,-74.87787582533217
170.00000476837158,-74.87982941323641,-74.87982941323641
170.01000476837157,-74.88178518544257,-74.88178518544257
170.0200047683716,-74.883743176823,-74.883743176823
170.03000476837158,-74.88570341695414,-74.88570341695414
170.04000476837157,-74.88766593475313,-74.88766593475313
170.0500047683716,-74.88963075850239,-74.88963075850239
170.06000476837158,-74.89159791585374,-74.89159791585374
170.07000476837158,-74.8935674338316,-74.8935674338316
170.0800047683716,-74.89553933883039,-74.89553933883039
170.09000476837159,-74.89751365666038,-74.89751365666038
170.10000476837158,-74.89949041251236,-74.89949041251236
170.1100047683716,-74.90146963100173,-74.90146963100173
170.1200047683716,-74.90345133614676,-74.90345133614676
170.13000476837158,-74.90543555138721,-74.90543555138721
170.14000476837157,-74.9074222996169,-74.9074222996169
170.1500047683716,-74.90941160315217,-74.90941160315217
170.16000476837158,-74.91140348375065,-74.91140348375065
170.17000476837157,-74.91339796265022,-74.91339796265022
170.1800047683716,-74.91539506053293,-74.91539506053293
170.19000476837158,-74.91739479755718,-74.91739479755718
170.20000476837157,-74.91939719335593,-74.91939719335593
170.2100047683716,-74.9214022670561,-74.9214022670561
170.22000476837158,-74.92341003726665,-74.92341003726665
170.23000476837157,-74.9254205221057,-74.9254205221057
170.2400047683716,-74.92743373919359,-74.92743373919359
170.25000476837158,-74.92944970566016,-74.92944970566016
170.26000476837157,-74.93146843817792,-74.93146843817792
170.2700047683716,-74.93348995292469,-74.93348995292469
170.28000476837158,-74.93551426561092,-74.93551426561092
170.29000476837157,-74.93754139151005,-74.93754139151005
170.3000047683716,-74.93957134542492,-74.93957134542492
170.31000476837158,-74.94160414172306,-74.94160414172306
170.32000476837158,-74.94363979432536,-74.94363979432536
170.3300047683716,-74.9456783167267,-74.9456783167267
170.34000476837159,-74.94771972199587,-74.94771972199587
170.35000476837158,-74.94976402277959,-74.94976402277959
170.3600047683716,-74.95181123131219,-74.95181123131219
170.3700047683716,-74.95386135941429,-74.95386135941429
170.38000476837158,-74.95591441851445,-74.95591441851445
170.39000476837157,-74.95797041963989,-74.95797041963989
170.4000047683716,-74.96002937343331,-74.96002937343331
170.41000476837158,-74.96209129014045,-74.96209129014045
170.42000476837157,-74.96415617964892,-74.96415617964892
170.4300047683716,-74.96622405145514,-74.96622405145514
170.44000476837158,-74.96829491470031,-74.96829491470031
170.45000476837157,-74.97036877815944,-74.97036877815944
170.4600047683716,-74.97244565025348,-74.97244565025348
170.47000476837158,-74.97452553904951,-74.97452553904951
170.48000476837157,-74.97660845227314,-74.97660845227314
170.4900047683716,-74.97869439731208,-74.97869439731208
170.50000476837158,-74.98078338120807,-74.98078338120807
170.51000476837157,-74.98287541068643,-74.98287541068643
170.5200047683716,-74.98497049213805,-74.98497049213805
170.53000476837158,-74.98706863163726,-74.98706863163726
170.54000476837157,-74.98916983494688,-74.98916983494688
170.5500047683716,-74.99127410751899,-74.99127410751899
170.56000476837158,-74.99338145448944,-74.99338145448944
170.57000476837158,-74.99549188070255,-74.99549188070255
170.5800047683716,-74.99760539071711,-74.99760539071711
170.59000476837159,-74.99972198878352,-74.99972198878352
170.60000476837158,-75.00184167886678,-75.00184167886678
170.6100047683716,-75.00396446466077,-75.00396446466077
170.6200047683716,-75.00609034957131,-75.00609034957131
170.63000476837158,-75.0082193367403,-75.0082193367403
170.64000476837157,-75.01035142902711,-75.01035142902711
170.6500047683716,-75.01248662903797,-75.01248662903797
170.66000476837158,-75.01462493911647,-75.01462493911647
170.67000476837157,-75.01676636134074,-75.01676636134074
170.6800047683716,-75.018910897545,-75.018910897545
170.69000476837158,-75.02105854930814,-75.02105854930814
170.70000476837157,-75.02320931797288,-75.02320931797288
170.7100047683716,-75.02536320463025,-75.02536320463025
170.72000476837158,-75.027520210144,-75.027520210144
170.73000476837157,-75.02968033514145,-75.02968033514145
170.7400047683716,-75.03184358002291,-75.03184358002291
170.75000476837158,-75.03400994495428,-75.03400994495428
170.76000476837157,-75.0361794298891,-75.0361794298891
170.7700047683716,-75.03835203455499,-75.03835203455499
170.78000476837158,-75.04052775846732,-75.04052775846732
170.79000476837157,-75.04270660093006,-75.04270660093006
170.8000047683716,-75.04488856104915,-75.04488856104915
170.81000476837158,-75.04707363769815,-75.04707363769815
170.82000476837158,-75.04926182957847,-75.04926182957847
170.8300047683716,-75.05145313518774,-75.05145313518774
170.84000476837159,-75.05364755280938,-75.05364755280938
170.85000479221344,-75.05584508578758,-75.05584508578758
170.86000479221343,-75.05804572158834,-75.05804572158834
170.87000479221345,-75.06024946316506,-75.06024946316506
170.88000479221344,-75.06245630805333,-75.06245630805333
170.89000479221343,-75.06466625363737,-75.06466625363737
170.90000479221345,-75.06687929710512,-75.06687929710512
170.91000479221344,-75.06909543548798,-75.06909543548798
170.92000479221343,-75.07131466562953,-75.07131466562953
170.93000479221345,-75.07353698421898,-75.07353698421898
170.94000479221344,-75.07576238776345,-75.07576238776345
170.95000479221343,-75.0779908726313,-75.0779908726313
170.96000479221345,-75.08022243501529,-75.08022243501529
170.97000479221344,-75.0824570709549,-75.0824570709549
170.98000479221344,-75.08469477634829,-75.08469477634829
170.99000479221343,-75.08693554691445,-75.08693554691445
171.00000479221345,-75.08917937825726,-75.08917937825726
171.01000479221344,-75.09142626580713,-75.09142626580713
171.02000479221343,-75.09367620487323,-75.09367620487323
171.03000479221345,-75.09592919061245,-75.09592919061245
171.04000479221344,-75.0981852180386,-75.0981852180386
171.05000479221343,-75.10044428203855,-75.10044428203855
171.06000479221345,-75.10270637736393,-75.10270637736393
171.07000479221344,-75.10497149863187,-75.10497149863187
171.08000479221343,-75.10723964033578,-75.10723964033578
171.09000479221345,-75.1095107968354,-75.1095107968354
171.10000479221344,-75.11178496237537,-75.11178496237537
171.11000479221343,-75.11406213106513,-75.11406213106513
171.12000479221345,-75.11634229690502,-75.11634229690502
171.13000479221344,-75.11862545377058,-75.11862545377058
171.14000479221343,-75.1209115954244,-75.1209115954244
171.15000479221345,-75.12320071551918,-75.12320071551918
171.16000479221344,-75.12549280760594,-75.12549280760594
171.17000479221343,-75.12778786509709,-75.12778786509709
171.18000479221345,-75.13008588132455,-75.13008588132455
171.19000479221344,-75.13238684949047,-75.13238684949047
171.20000479221343,-75.13469076272384,-75.13469076272384
171.21000479221345,-75.13699105455643,-75.13699105455643
171.22000479221344,-75.13928484039869,-75.13928484039869
171.23000479221344,-75.14157070761269,-75.14157070761269
171.24000479221343,-75.14384792487726,-75.14384792487726
171.25000479221345,-75.1461161405102,-75.1461161405102
171.26000479221344,-75.14837522589939,-75.14837522589939
171.27000479221343,-75.1506251837438,-75.1506251837438
171.28000479221345,-75.15286609296633,-75.15286609296633
171.29000479221344,-75.15509807557748,-75.15509807557748
171.30000479221343,-75.15732127677045,-75.15732127677045
171.31000479221345,-75.15953585307871,-75.15953585307871
171.32000479221344,-75.1617419653938,-75.1617419653938
171.33000479221343,-75.163939774953,-75.163939774953
171.34000479221345,-75.1661294411029,-75.1661294411029
171.35000479221344,-75.16831112019953,-75.16831112019953
171.36000479221343,-75.17048496512837,-75.17048496512837
171.37000479221345,-75.17265112520974,-75.17265112520974
171.38000479221344,-75.17480974631766,-75.17480974631766
171.39000479221343,-75.1769609711116,-75.1769609711116
171.40000479221345,-75.17910493930809,-75.17910493930809
171.41000479221344,-75.1812417879482,-75.1812417879482
171.42000479221343,-75.18337165168035,-75.18337165168035
171.43000479221345,-75.18549466300412,-75.18549466300412
171.44000479221344,-75.18761095248443,-75.18761095248443
171.45000479221343,-75.18972064894865,-75.18972064894865
171.46000479221345,-75.19182387964464,-75.19182387964464
171.47000479221344,-75.19392077040996,-75.19392077040996
171.48000479221344,-75.19601144574578,-75.19601144574578
171.49000479221343,-75.1980960289457,-75.1980960289457
171.50000479221345,-75.20017464216161,-75.20017464216161
171.51000479221344,-75.2022474064736,-75.2022474064736
171.52000479221343,-75.20431444193373,-75.20431444193373
171.53000479221345,-75.20637586761339,-75.20637586761339
171.54000479221344,-75.2084318016315,-75.2084318016315
171.55000479221343,-75.21048236117093,-75.21048236117093
171.56000479221345,-75.21252766250477,-75.21252766250477
171.57000479221344,-75.21456782100135,-75.21456782100135
171.58000479221343,-75.21660295113487,-75.21660295113487
171.59000479221345,-75.2186331664892,-75.2186331664892
171.60000479221344,-75.22065857974563,-75.22065857974563
171.61000479221343,-75.22267930267888,-75.22267930267888
171.62000479221345,-75.22469544619307,-75.22469544619307
171.63000479221344,-75.22670712024225,-75.22670712024225
171.64000479221343,-75.2287144339006,-75.2287144339006
171.65000479221345,-75.23071749529937,-75.23071749529937
171.66000479221344,-75.23271641162981,-75.23271641162981
171.67000479221343,-75.23471128915568,-75.23471128915568
171.68000479221345,-75.23670223319759,-75.23670223319759
171.69000479221344,-75.23868934809339,-75.23868934809339
171.7000048160553,-75.2406727419524,-75.2406727419524
171.7100048160553,-75.24265250772109,-75.24265250772109
171.7200048160553,-75.24462875155416,-75.24462875155416
171.7300048160553,-75.24660157386695,-75.24660157386695
171.7400048160553,-75.24857107407489,-75.24857107407489
171.7500048160553,-75.25053735059703,-75.25053735059703
171.7600048160553,-75.25250050082526,-75.25250050082526
171.7700048160553,-75.2544606211292,-75.2544606211292
171.7800048160553,-75.25641780685815,-75.25641780685815
171.7900048160553,-75.25837215231634,-75.25837215231634
171.8000048160553,-75.2603237507849,-75.2603237507849
171.8100048160553,-75.2622726944949,-75.2622726944949
171.8200048160553,-75.2642190746288,-75.2642190746288
171.8300048160553,-75.26616298132575,-75.26616298132575
171.84000481605528,-75.26810450368193,-75.26810450368193
171.8500048160553,-75.27004372972745,-75.27004372972745
171.8600048160553,-75.27198074644407,-75.27198074644407
171.87000481605529,-75.2739156397621,-75.2739156397621
171.8800048160553,-75.27584849455475,-75.27584849455475
171.8900048160553,-75.27777939464094,-75.27777939464094
171.9000048160553,-75.27970842279525,-75.27970842279525
171.9100048160553,-75.28163566073212,-75.28163566073212
171.9200048160553,-75.28356118911015,-75.28356118911015
171.9300048160553,-75.28548508755225,-75.28548508755225
171.9400048160553,-75.28740743462336,-75.28740743462336
171.9500048160553,-75.28932830784642,-75.28932830784642
171.9600048160553,-75.29124778371691,-75.29124778371691
171.9700048160553,-75.29316593768526,-75.29316593768526
171.9800048160553,-75.29508284417163,-75.29508284417163
171.9900048160553,-75.29699857656071,-75.29699857656071
172.0000048160553,-75.29891320722948,-75.29891320722948
172.0100048160553,-75.30082680751711,-75.30082680751711
172.0200048160553,-75.30273944777065,-75.30273944777065
172.0300048160553,-75.30465119732041,-75.30465119732041
172.0400048160553,-75.30656212448149,-75.30656212448149
172.0500048160553,-75.30847229659442,-75.30847229659442
172.0600048160553,-75.310381780007,-75.310381780007
172.0700048160553,-75.31229064006496,-75.31229064006496
172.0800048160553,-75.31419894116345,-75.31419894116345
172.09000481605528,-75.31610674670743,-75.31610674670743
172.1000048160553,-75.31801411915613,-75.31801411915613
172.1100048160553,-75.31992111999415,-75.31992111999415
172.12000481605529,-75.32182780976977,-75.32182780976977
172.1300048160553,-75.32373424810201,-75.32373424810201
172.1400048160553,-75.32564049365274,-75.32564049365274
172.1500048160553,-75.32754660417123,-75.32754660417123
172.1600048160553,-75.32945263649391,-75.32945263649391
172.1700048160553,-75.33135864654265,-75.33135864654265
172.1800048160553,-75.3332646893354,-75.3332646893354
172.1900048160553,-75.33517081900604,-75.33517081900604
172.2000048160553,-75.3370770887883,-75.3370770887883
172.2100048160553,-75.33897697457125,-75.33897697457125
172.2200048160553,-75.34086764332353,-75.34086764332353
172.2300048160553,-75.34274773713528,-75.34274773713528
172.2400048160553,-75.3446165804681,-75.3446165804681
172.2500048160553,-75.34647387768398,-75.34647387768398
172.2600048160553,-75.34831955604774,-75.34831955604774
172.2700048160553,-75.35015367374683,-75.35015367374683
172.2800048160553,-75.35197636466438,-75.35197636466438
172.2900048160553,-75.35378780514061,-75.35378780514061
172.3000048160553,-75.35558819407733,-75.35558819407733
172.3100048160553,-75.35737774103127,-75.35737774103127
172.3200048160553,-75.35915665920295,-75.35915665920295
172.3300048160553,-75.36092516145867,-75.36092516145867
172.34000481605528,-75.36268345808146,-75.36268345808146
172.3500048160553,-75.36443175565722,-75.36443175565722
172.3600048160553,-75.3661702566275,-75.3661702566275
172.37000481605529,-75.36789915918554,-75.36789915918554
172.3800048160553,-75.36961865740403,-75.36961865740403
172.3900048160553,-75.37132894147157,-75.37132894147157
172.4000048160553,-75.3730301979784,-75.3730301979784
172.4100048160553,-75.37472261017822,-75.37472261017822
172.4200048160553,-75.37640635829274,-75.37640635829274
172.4300048160553,-75.37808161974901,-75.37808161974901
172.4400048160553,-75.37974856941943,-75.37974856941943
172.4500048160553,-75.38140737981117,-75.38140737981117
172.4600048160553,-75.38305164158344,-75.38305164158344
172.4700048160553,-75.38467863759905,-75.38467863759905
172.4800048160553,-75.38628712566401,-75.38628712566401
172.4900048160553,-75.38787654541059,-75.38787654541059
172.5000048160553,-75.38944671572094,-75.38944671572094
172.5100048160553,-75.39099767769562,-75.39099767769562
172.5200048160553,-75.39252960268892,-75.39252960268892
172.5300048160553,-75.39404273705864,-75.39404273705864
172.5400048160553,-75.3955373689539,-75.3955373689539
172.55000483989716,-75.39701381192856,-75.39701381192856
172.56000483989715,-75.39847237891841,-75.39847237891841
172.57000483989717,-75.39991339655505,-75.39991339655505
172.58000483989716,-75.40133718684987,-75.40133718684987
172.59000483989715,-75.40274406858113,-75.40274406858113
172.60000483989717,-75.40413435619175,-75.40413435619175
172.61000483989716,-75.4055083592771,-75.4055083592771
172.62000483989715,-75.40686638253632,-75.40686638253632
172.63000483989717,-75.40820872584497,-75.40820872584497
172.64000483989716,-75.40953568449464,-75.40953568449464
172.65000483989715,-75.41084754945669,-75.41084754945669
172.66000483989717,-75.412144607662,-75.412144607662
172.67000483989716,-75.41342714226658,-75.41342714226658
172.68000483989715,-75.41469543289561,-75.41469543289561
172.69000483989714,-75.415949755839,-75.415949755839
172.70000483989716,-75.41719038427435,-75.41719038427435
172.71000483989715,-75.41841100688228,-75.41841100688228
172.72000483989714,-75.41960900564904,-75.41960900564904
172.73000483989716,-75.42078323742827,-75.42078323742827
172.74000483989715,-75.42193324036442,-75.42193324036442
172.75000483989714,-75.42305893120775,-75.42305893120775
172.76000483989716,-75.42416044817473,-75.42416044817473
172.77000483989715,-75.42523805892019,-75.42523805892019
172.78000483989715,-75.42629210526145,-75.42629210526145
172.79000483989716,-75.42732296997104,-75.42732296997104
172.80000483989716,-75.42833105677711,-75.42833105677711
172.81000483989715,-75.42931677851931,-75.42931677851931
172.82000483989717,-75.43028055012837,-75.43028055012837
172.83000483989716,-75.43122278459049,-75.43122278459049
172.84000483989715,-75.43214389074738,-75.43214389074738
172.85000483989717,-75.43304427214929,-75.43304427214929
172.86000483989716,-75.43392432658932,-75.43392432658932
172.87000483989715,-75.43478444599113,-75.43478444599113
172.88000483989717,-75.43562501654556,-75.43562501654556
172.89000483989716,-75.43644641890528,-75.43644641890528
172.90000483989715,-75.43724902846925,-75.43724902846925
172.91000483989717,-75.43803321565402,-75.43803321565402
172.92000483989716,-75.43879934615526,-75.43879934615526
172.93000483989715,-75.43954778119037,-75.43954778119037
172.94000483989714,-75.44027887771334,-75.44027887771334
172.95000483989716,-75.44099298860537,-75.44099298860537
172.96000483989715,-75.44169046283582,-75.44169046283582
172.97000483989714,-75.4423716456183,-75.4423716456183
172.98000483989716,-75.44303687847753,-75.44303687847753
172.99000483989715,-75.44368649940569,-75.44368649940569
173.00000483989714,-75.44432084288863,-75.44432084288863
173.01000483989716,-75.44494024001119,-75.44494024001119
173.02000483989715,-75.44554501847082,-75.44554501847082
173.03000483989715,-75.44613550265123,-75.44613550265123
173.04000483989716,-75.44671201364933,-75.44671201364933
173.05000483989716,-75.44727486928794,-75.44727486928794
173.06000483989715,-75.44782438414697,-75.44782438414697
173.07000483989717,-75.44836086958496,-75.44836086958496
173.08000483989716,-75.44888463371784,-75.44888463371784
173.09000483989715,-75.44939598148301,-75.44939598148301
173.10000483989717,-75.44989521460838,-75.44989521460838
173.11000483989716,-75.45038263162215,-75.45038263162215
173.12000483989715,-75.45085852786323,-75.45085852786323
173.13000483989717,-75.4513231954735,-75.4513231954735
173.14000483989716,-75.45177692342875,-75.45177692342875
173.15000483989715,-75.45221999751315,-75.45221999751315
173.16000483989717,-75.45265270032385,-75.45265270032385
173.17000483989716,-75.45307531128708,-75.45307531128708
173.18000483989715,-75.45348810666587,-75.45348810666587
173.19000483989714,-75.4538913595393,-75.4538913595393
173.20000483989716,-75.45428533983586,-75.45428533983586
173.21000483989715,-75.45467031431494,-75.45467031431494
173.22000483989714,-75.45504654658806,-75.45504654658806
173.23000483989716,-75.45541429711962,-75.45541429711962
173.24000483989715,-75.45577382323071,-75.45577382323071
173.25000483989714,-75.45612537912615,-75.45612537912615
173.26000483989716,-75.45646921587772,-75.45646921587772
173.27000483989715,-75.45680558144618,-75.45680558144618
173.28000483989715,-75.45713472070572,-75.45713472070572
173.29000483989716,-75.45745687542492,-75.45745687542492
173.30000483989716,-75.45777228431923,-75.45777228431923
173.31000483989715,-75.45808118302043,-75.45808118302043
173.32000483989717,-75.45838380412847,-75.45838380412847
173.33000483989716,-75.45868037720679,-75.45868037720679
173.34000483989715,-75.45897112881177,-75.45897112881177
173.35000483989717,-75.4592562824755,-75.4592562824755
173.36000483989716,-75.45953605878304,-75.45953605878304
173.37000483989715,-75.45981067531785,-75.45981067531785
173.38000483989717,-75.46008034675704,-75.46008034675704
173.39000483989716,-75.46034528480767,-75.46034528480767
173.400004863739,-75.46060569892259,-75.46060569892259
173.410004863739,-75.4608617937779,-75.4608617937779
173.42000486373902,-75.4611137730817,-75.4611137730817
173.43000486373901,-75.46136183705663,-75.46136183705663
173.440004863739,-75.46160618309725,-75.46160618309725
173.45000486373903,-75.46184700579859,-75.46184700579859
173.46000486373902,-75.46208449697593,-75.46208449697593
173.470004863739,-75.46231884569008,-75.46231884569008
173.48000486373903,-75.46255023826969,-75.46255023826969
173.49000486373902,-75.46277885832508,-75.46277885832508
173.500004863739,-75.46300488678419,-75.46300488678419
173.51000486373903,-75.46322850192485,-75.46322850192485
173.52000486373902,-75.46344987935329,-75.46344987935329
173.530004863739,-75.46366919209594,-75.46366919209594
173.540004863739,-75.46388661057503,-75.46388661057503
173.55000486373902,-75.4641023026423,-75.4641023026423
173.560004863739,-75.46431643362112,-75.46431643362112
173.570004863739,-75.46452916630956,-75.46452916630956
173.58000486373902,-75.46474066102267,-75.46474066102267
173.590004863739,-75.46495107560811,-75.46495107560811
173.600004863739,-75.46516056547459,-75.46516056547459
173.61000486373902,-75.46536928361289,-75.46536928361289
173.620004863739,-75.46557738062513,-75.46557738062513
173.630004863739,-75.46578500475928,-75.46578500475928
173.64000486373902,-75.46599230192012,-75.46599230192012
173.650004863739,-75.46619941569979,-75.46619941569979
173.660004863739,-75.46640648739513,-75.46640648739513
173.67000486373902,-75.46661365605773,-75.46661365605773
173.68000486373901,-75.46682105848868,-75.46682105848868
173.690004863739,-75.46702882928766,-75.46702882928766
173.70000486373903,-75.46723710086829,-75.46723710086829
173.71000486373902,-75.46744600348008,-75.46744600348008
173.720004863739,-75.46765566523558,-75.46765566523558
173.73000486373903,-75.46786621213674,-75.46786621213674
173.74000486373902,-75.46807776810431,-75.46807776810431
173.750004863739,-75.4682904550008,-75.4682904550008
173.76000486373903,-75.46850439264915,-75.46850439264915
173.77000486373902,-75.46871969885109,-75.46871969885109
173.780004863739,-75.46893648944493,-75.46893648944493
173.790004863739,-75.46915487828416,-75.46915487828416
173.80000486373902,-75.46937497729563,-75.46937497729563
173.810004863739,-75.46959689648281,-75.46959689648281
173.820004863739,-75.46982074396678,-75.46982074396678
173.83000486373902,-75.47004662600226,-75.47004662600226
173.840004863739,-75.47027464698665,-75.47027464698665
173.850004863739,-75.47050490952088,-75.47050490952088
173.86000486373902,-75.47073751438178,-75.47073751438178
173.870004863739,-75.4709725605943,-75.4709725605943
173.880004863739,-75.47121014541932,-75.47121014541932
173.89000486373902,-75.47145036439727,-75.47145036439727
173.900004863739,-75.4716933113519,-75.4716933113519
173.910004863739,-75.4719390784312,-75.4719390784312
173.92000486373902,-75.47218775611506,-75.47218775611506
173.93000486373901,-75.47243943325651,-75.47243943325651
173.940004863739,-75.47269419706767,-75.47269419706767
173.95000486373903,-75.47295213318519,-75.47295213318519
173.96000486373902,-75.4732133256522,-75.4732133256522
173.970004863739,-75.47347785697231,-75.47347785697231
173.98000486373903,-75.47374580810342,-75.47374580810342
173.99000486373902,-75.47401725848819,-75.47401725848819
174.000004863739,-75.47429228608985,-75.47429228608985
174.01000486373903,-75.47457096739578,-75.47457096739578
174.02000486373902,-75.47485337742411,-75.47485337742411
174.030004863739,-75.47513958977233,-75.47513958977233
174.040004863739,-75.47542967662508,-75.47542967662508
174.05000486373902,-75.47572370876907,-75.47572370876907
174.060004863739,-75.47602175561826,-75.47602175561826
174.070004863739,-75.4763238852219,-75.4763238852219
174.08000486373902,-75.4766301643023,-75.4766301643023
174.090004863739,-75.47694065826336,-75.47694065826336
174.100004863739,-75.47725543119746,-75.47725543119746
174.11000486373902,-75.47757454592205,-75.47757454592205
174.120004863739,-75.4778980639838,-75.4778980639838
174.130004863739,-75.478226045686,-75.478226045686
174.14000486373902,-75.47855855010869,-75.47855855010869
174.150004863739,-75.47889563510188,-75.47889563510188
174.160004863739,-75.47923735733637,-75.47923735733637
174.17000486373902,-75.47958377229503,-75.47958377229503
174.18000486373901,-75.47993493430806,-75.47993493430806
174.190004863739,-75.48029089654982,-75.48029089654982
174.20000486373903,-75.48065171107088,-75.48065171107088
174.21000486373902,-75.4810108443477,-75.4810108443477
174.220004863739,-75.48136546183376,-75.48136546183376
174.23000486373903,-75.48171420689107,-75.48171420689107
174.24000486373902,-75.48205640630977,-75.48205640630977
174.25000488758087,-75.48239176803774,-75.48239176803774
174.26000488758086,-75.48272022059727,-75.48272022059727
174.27000488758088,-75.48304182570966,-75.48304182570966
174.28000488758087,-75.48335671966119,-75.48335671966119
174.29000488758086,-75.48366508083446,-75.48366508083446
174.30000488758088,-75.48396710969052,-75.48396710969052
174.31000488758087,-75.48426301690299,-75.48426301690299
174.32000488758086,-75.48455301633642,-75.48455301633642
174.33000488758088,-75.48483732103632,-75.48483732103632
174.34000488758087,-75.48511614102392,-75.48511614102392
174.35000488758087,-75.48538968221312,-75.48538968221312
174.36000488758089,-75.48565814595447,-75.48565814595447
174.37000488758088,-75.48592172896225,-75.48592172896225
174.38000488758087,-75.48618062346598,-75.48618062346598
174.39000488758086,-75.48643501745349,-75.48643501745349
174.40000488758088,-75.48668509498239,-75.48668509498239
174.41000488758087,-75.48693103648158,-75.48693103648158
174.42000488758086,-75.48717301901742,-75.48717301901742
174.43000488758088,-75.48741121661126,-75.48741121661126
174.44000488758087,-75.48764580043634,-75.48764580043634
174.45000488758086,-75.487876939062,-75.487876939062
174.46000488758088,-75.48810479862259,-75.48810479862259
174.47000488758087,-75.48832954298355,-75.48832954298355
174.48000488758086,-75.48855133386523,-75.48855133386523
174.49000488758088,-75.48877033096461,-75.48877033096461
174.50000488758087,-75.48898669205651,-75.48898669205651
174.51000488758086,-75.48920057306088,-75.48920057306088
174.52000488758088,-75.48941212811695,-75.48941212811695
174.53000488758087,-75.48962150964027,-75.48962150964027
174.54000488758086,-75.48982886835908,-75.48982886835908
174.55000488758088,-75.49003435334194,-75.49003435334194
174.56000488758087,-75.49023811205195,-75.49023811205195
174.57000488758086,-75.49044029035798,-75.49044029035798
174.58000488758088,-75.49064103254385,-75.49064103254385
174.59000488758087,-75.49084048133155,-75.49084048133155
174.60000488758087,-75.49103877790232,-75.49103877790232
174.61000488758089,-75.49123606188348,-75.49123606188348
174.62000488758088,-75.4914324713693,-75.4914324713693
174.63000488758087,-75.49162814291893,-75.49162814291893
174.64000488758086,-75.49182321156485,-75.49182321156485
174.65000488758088,-75.49201781081885,-75.49201781081885
174.66000488758087,-75.49221207265373,-75.49221207265373
174.67000488758086,-75.49240612753154,-75.49240612753154
174.68000488758088,-75.4926001043854,-75.4926001043854
174.69000488758087,-75.49279413061485,-75.49279413061485
174.70000488758086,-75.49298833210854,-75.49298833210854
174.71000488758088,-75.49318283323605,-75.49318283323605
174.72000488758087,-75.49337775682316,-75.49337775682316
174.73000488758086,-75.49357322419641,-75.49357322419641
174.74000488758088,-75.49376935514188,-75.49376935514188
174.75000488758087,-75.49396626793211,-75.49396626793211
174.76000488758086,-75.49416407932557,-75.49416407932557
174.77000488758088,-75.49436290456408,-75.49436290456408
174.78000488758087,-75.4945628573679,-75.4945628573679
174.79000488758086,-75.49476404995256,-75.49476404995256
174.80000488758088,-75.49496659301826,-75.49496659301826
174.81000488758087,-75.49517059576387,-75.49517059576387
174.82000488758086,-75.49537616588653,-75.49537616588653
174.83000488758088,-75.49558340959351,-75.49558340959351
174.84000488758087,-75.49579243158092,-75.49579243158092
174.85000488758087,-75.49600333508442,-75.49600333508442
174.86000488758089,-75.49621622184141,-75.49621622184141
174.87000488758088,-75.49643119212168,-75.49643119212168
174.88000488758087,-75.49664834472205,-75.49664834472205
174.89000488758086,-75.49686777699326,-75.49686777699326
174.90000488758088,-75.49708958481074,-75.49708958481074
174.91000488758087,-75.49731386261672,-75.49731386261672
174.92000488758086,-75.4975407034237,-75.4975407034237
174.93000488758088,-75.4977701987918,-75.4977701987918
174.94000488758087,-75.49800243887617,-75.49800243887617
174.95000488758086,-75.49823751241489,-75.49823751241489
174.96000488758088,-75.4984755067519,-75.4984755067519
174.97000488758087,-75.49871650782408,-75.49871650782408
174.98000488758086,-75.49896060019292,-75.49896060019292
174.99000488758088,-75.4992078670527,-75.4992078670527
175.00000488758087,-75.49945839022219,-75.49945839022219
175.01000488758086,-75.49971225016328,-75.49971225016328
175.02000488758088,-75.49996952601177,-75.49996952601177
175.03000488758087,-75.50023029555972,-75.50023029555972
175.04000488758086,-75.50049463528758,-75.50049463528758
175.05000488758088,-75.50076262035817,-75.50076262035817
175.06000488758087,-75.50103432464454,-75.50103432464454
175.07000488758086,-75.5013098207243,-75.5013098207243
175.08000488758088,-75.50158917991193,-75.50158917991193
175.09000488758087,-75.50187247223523,-75.50187247223523
175.10000491142273,-75.50215976718682,-75.50215976718682
175.11000491142272,-75.50245113095941,-75.50245113095941
175.12000491142274,-75.50274663054356,-75.50274663054356
175.13000491142273,-75.50304633104801,-75.50304633104801
175.14000491142272,-75.5033502963791,-75.5033502963791
175.15000491142274,-75.5036585892632,-75.5036585892632
175.16000491142273,-75.5039712712203,-75.5039712712203
175.17000491142272,-75.50428840262649,-75.50428840262649
175.18000491142274,-75.50461004269434,-75.50461004269434
175.19000491142273,-75.50493624949158,-75.50493624949158
175.20000491142272,-75.50526707995843,-75.50526707995843
175.21000491142274,-75.50560258992128,-75.50560258992128
175.22000491142273,-75.50594283409086,-75.50594283409086
175.23000491142272,-75.50628786610271,-75.50628786610271
175.24000491142272,-75.50663773849378,-75.50663773849378
175.25000491142274,-75.5069925027394,-75.5069925027394
175.26000491142273,-75.50735220925279,-75.50735220925279
175.27000491142272,-75.50771690741419,-75.50771690741419
175.28000491142274,-75.50808664557096,-75.50808664557096
175.29000491142273,-75.5084614710396,-75.5084614710396
175.30000491142272,-75.50884143013094,-75.50884143013094
175.31000491142274,-75.5092265681721,-75.5092265681721
175.32000491142273,-75.5096169294962,-75.5096169294962
175.33000491142272,-75.5100125574642,-75.5100125574642
175.34000491142274,-75.51041349448828,-75.51041349448828
175.35000491142273,-75.51081978202001,-75.51081978202001
175.36000491142272,-75.51123146057688,-75.51123146057688
175.37000491142274,-75.51164856976746,-75.51164856976746
175.38000491142273,-75.51207114826158,-75.51207114826158
175.39000491142272,-75.51249923384495,-75.51249923384495
175.40000491142274,-75.51293286341739,-75.51293286341739
175.41000491142273,-75.51337207298602,-75.51337207298602
175.42000491142272,-75.51381689770737,-75.51381689770737
175.43000491142274,-75.51426737186642,-75.51426737186642
175.44000491142273,-75.51472352891066,-75.51472352891066
175.45000491142272,-75.51518540145827,-75.51518540145827
175.46000491142274,-75.51565302129502,-75.51565302129502
175.47000491142273,-75.51612641940567,-75.51612641940567
175.48000491142272,-75.51660562596561,-75.51660562596561
175.49000491142272,-75.51709067036616,-75.51709067036616
175.50000491142274,-75.51758158121606,-75.51758158121606
175.51000491142273,-75.51807838635672,-75.51807838635672
175.52000491142272,-75.51858111286546,-75.51858111286546
175.53000491142274,-75.51908978708663,-75.51908978708663
175.54000491142273,-75.51960443460429,-75.51960443460429
175.55000491142272,-75.52012508029532,-75.52012508029532
175.56000491142274,-75.52065174831256,-75.52065174831256
175.57000491142273,-75.5211844620955,-75.5211844620955
175.58000491142272,-75.52172324438492,-75.52172324438492
175.59000491142274,-75.52226811723959,-75.52226811723959
175.60000491142273,-75.52281910203386,-75.52281910203386
175.61000491142272,-75.52337621948406,-75.52337621948406
175.62000491142274,-75.52393948963592,-75.52393948963592
175.63000491142273,-75.52450893188846,-75.52450893188846
175.64000491142272,-75.52508456499821,-75.52508456499821
175.65000491142274,-75.52566640709856,-75.52566640709856
175.66000491142273,-75.52625447568458,-75.52625447568458
175.67000491142272,-75.52684878764535,-75.52684878764535
175.68000491142274,-75.52744935927473,-75.52744935927473
175.69000491142273,-75.52805620624966,-75.52805620624966
175.70000491142272,-75.52866934367101,-75.52866934367101
175.71000491142274,-75.52928878606363,-75.52928878606363
175.72000491142273,-75.52991454738005,-75.52991454738005
175.73000491142272,-75.53054664100819,-75.53054664100819
175.74000491142272,-75.53118507977644,-75.53118507977644
175.75000491142274,-75.53182987597796,-75.53182987597796
175.76000491142273,-75.53248104136348,-75.53248104136348
175.77000491142272,-75.53313858714876,-75.53313858714876
175.78000491142274,-75.53380252403615,-75.53380252403615
175.79000491142273,-75.53447286220859,-75.53447286220859
175.80000491142272,-75.53514961133727,-75.53514961133727
175.81000491142274,-75.53583278060839,-75.53583278060839
175.82000491142273,-75.53652237871067,-75.53652237871067
175.83000491142272,-75.53721841384076,-75.53721841384076
175.84000491142274,-75.53792089372644,-75.53792089372644
175.85000491142273,-75.53862982562323,-75.53862982562323
175.86000491142272,-75.539345216322,-75.539345216322
175.87000491142274,-75.54006707216531,-75.54006707216531
175.88000491142273,-75.54079539903897,-75.54079539903897
175.89000491142272,-75.54153020240102,-75.54153020240102
175.90000491142274,-75.54227148725771,-75.54227148725771
175.91000491142273,-75.5430192581885,-75.5430192581885
175.92000491142272,-75.54377351936571,-75.54377351936571
175.93000491142274,-75.54453427453167,-75.54453427453167
175.94000491142273,-75.54530152702851,-75.54530152702851
175.9500049352646,-75.54607528163592,-75.54607528163592
175.96000493526458,-75.5468555372338,-75.5468555372338
175.9700049352646,-75.54764229779283,-75.54764229779283
175.9800049352646,-75.5484355650736,-75.5484355650736
175.99000493526458,-75.54923534046888,-75.54923534046888
176.0000049352646,-75.55004162501262,-75.55004162501262
176.0100049352646,-75.55085441933936,-75.55085441933936
176.02000493526458,-75.55167372375125,-75.55167372375125
176.0300049352646,-75.55249953818031,-75.55249953818031
176.0400049352646,-75.55333186221355,-75.55333186221355
176.05000493526458,-75.55417069510814,-75.55417069510814
176.0600049352646,-75.55501603576646,-75.55501603576646
176.0700049352646,-75.55586788276544,-75.55586788276544
176.08000493526458,-75.55672623435167,-75.55672623435167
176.09000493526457,-75.55759108845298,-75.55759108845298
176.1000049352646,-75.55846244267907,-75.55846244267907
176.11000493526458,-75.55934029433105,-75.55934029433105
176.12000493526457,-75.5602246403977,-75.5602246403977
176.1300049352646,-75.56111547757939,-75.56111547757939
176.14000493526459,-75.56201280226935,-75.56201280226935
176.15000493526458,-75.5629166105664,-75.5629166105664
176.1600049352646,-75.56382689829528,-75.56382689829528
176.1700049352646,-75.56474366097991,-75.56474366097991
176.18000493526458,-75.56566689388285,-75.56566689388285
176.1900049352646,-75.56659659199155,-75.56659659199155
176.2000049352646,-75.56753275002065,-75.56753275002065
176.21000493526458,-75.56847536243092,-75.56847536243092
176.2200049352646,-75.56942442340318,-75.56942442340318
176.2300049352646,-75.57037992688302,-75.57037992688302
176.24000493526458,-75.57134186655841,-75.57134186655841
176.2500049352646,-75.57231023587534,-75.57231023587534
176.2600049352646,-75.57328502802073,-75.57328502802073
176.27000493526458,-75.57426623596244,-75.57426623596244
176.2800049352646,-75.57525385243206,-75.57525385243206
176.2900049352646,-75.57624786992052,-75.57624786992052
176.30000493526458,-75.57724828070187,-75.57724828070187
176.3100049352646,-75.57825507682446,-75.57825507682446
176.3200049352646,-75.57926825010831,-75.57926825010831
176.33000493526458,-75.58028779218402,-75.58028779218402
176.34000493526457,-75.5813136944579,-75.5813136944579
176.3500049352646,-75.58234594810934,-75.58234594810934
176.36000493526458,-75.58338454414485,-75.58338454414485
176.37000493526457,-75.58442947334993,-75.58442947334993
176.3800049352646,-75.58548072633148,-75.58548072633148
176.39000493526459,-75.58653829348562,-75.58653829348562
176.40000493526458,-75.58760216504318,-75.58760216504318
176.4100049352646,-75.58867233101866,-75.58867233101866
176.4200049352646,-75.58974878125306,-75.58974878125306
176.43000493526458,-75.59083150542327,-75.59083150542327
176.4400049352646,-75.59192049301612,-75.59192049301612
176.4500049352646,-75.59301573334896,-75.59301573334896
176.46000493526458,-75.59411721556323,-75.59411721556323
176.4700049352646,-75.59522492863917,-75.59522492863917
176.4800049352646,-75.5963388614032,-75.5963388614032
176.49000493526458,-75.59745900250103,-75.59745900250103
176.5000049352646,-75.59858534043954,-75.59858534043954
176.5100049352646,-75.59971786355919,-75.59971786355919
176.52000493526458,-75.600856560043,-75.600856560043
176.5300049352646,-75.60200141794273,-75.60200141794273
176.5400049352646,-75.60315242514635,-75.60315242514635
176.55000493526458,-75.60430956941603,-75.60430956941603
176.5600049352646,-75.60547283835989,-75.60547283835989
176.5700049352646,-75.60664221945467,-75.60664221945467
176.58000493526458,-75.60781770003005,-75.60781770003005
176.59000493526457,-75.60899926729967,-75.60899926729967
176.6000049352646,-75.61018690833716,-75.61018690833716
176.61000493526458,-75.61138061009135,-75.61138061009135
176.62000493526457,-75.61258035937549,-75.61258035937549
176.6300049352646,-75.6137861429017,-75.6137861429017
176.64000493526459,-75.61499794725398,-75.61499794725398
176.65000493526458,-75.61621575888387,-75.61621575888387
176.6600049352646,-75.61743956415064,-75.61743956415064
176.6700049352646,-75.61866934928167,-75.61866934928167
176.68000493526458,-75.61990510039668,-75.61990510039668
176.6900049352646,-75.62114680352136,-75.62114680352136
176.7000049352646,-75.62239444456105,-75.62239444456105
176.71000493526458,-75.62364800931967,-75.62364800931967
176.7200049352646,-75.62490748350098,-75.62490748350098
176.7300049352646,-75.62617285270363,-75.62617285270363
176.74000493526458,-75.62744410244372,-75.62744410244372
176.7500049352646,-75.62872121813385,-75.62872121813385
176.7600049352646,-75.63000418508241,-75.63000418508241
176.77000493526458,-75.6312929885225,-75.6312929885225
176.7800049352646,-75.63258761359141,-75.63258761359141
176.7900049352646,-75.63388804533588,-75.63388804533588
176.80000495910645,-75.63519427183653,-75.63519427183653
176.81000495910644,-75.63650627178231,-75.63650627178231
176.82000495910646,-75.63782403304411,-75.63782403304411
176.83000495910645,-75.63914754035126,-75.63914754035126
176.84000495910644,-75.64047677835279,-75.64047677835279
176.85000495910646,-75.6418117316077,-75.6418117316077
176.86000495910645,-75.64315238461232,-75.64315238461232
176.87000495910644,-75.64449872178541,-75.64449872178541
176.88000495910646,-75.64585072748318,-75.64585072748318
176.89000495910645,-75.64720838597441,-75.64720838597441
176.90000495910644,-75.64857168148447,-75.64857168148447
176.91000495910646,-75.6499405981532,-75.6499405981532
176.92000495910645,-75.65131512006907,-75.65131512006907
176.93000495910644,-75.65269523124874,-75.65269523124874
176.94000495910643,-75.65408091566314,-75.65408091566314
176.95000495910645,-75.65547215720892,-75.65547215720892
176.96000495910644,-75.6568689397206,-75.6568689397206
176.97000495910643,-75.65827124699739,-75.65827124699739
176.98000495910645,-75.6596790627672,-75.6596790627672
176.99000495910644,-75.66109237071252,-75.66109237071252
177.00000495910643,-75.66251115446764,-75.66251115446764
177.01000495910645,-75.6639353976017,-75.6639353976017
177.02000495910644,-75.66536508365792,-75.66536508365792
177.03000495910644,-75.66680019610646,-75.66680019610646
177.04000495910645,-75.6682407183851,-75.6682407183851
177.05000495910645,-75.66968663388471,-75.66968663388471
177.06000495910644,-75.67113792596106,-75.67113792596106
177.07000495910646,-75.67259457791488,-75.67259457791488
177.08000495910645,-75.67405657302163,-75.67405657302163
177.09000495910644,-75.67552389449827,-75.67552389449827
177.10000495910646,-75.67699652554121,-75.67699652554121
177.11000495910645,-75.67847444928796,-75.67847444928796
177.12000495910644,-75.67995764887283,-75.67995764887283
177.13000495910646,-75.68144610737052,-75.68144610737052
177.14000495910645,-75.68293980782727,-75.68293980782727
177.15000495910644,-75.68443873326295,-75.68443873326295
177.16000495910646,-75.68594286666689,-75.68594286666689
177.17000495910645,-75.6874521909895,-75.6874521909895
177.18000495910644,-75.68896668916645,-75.68896668916645
177.19000495910643,-75.69048634408698,-75.69048634408698
177.20000495910645,-75.69201113863566,-75.69201113863566
177.21000495910644,-75.69354105565158,-75.69354105565158
177.22000495910643,-75.69507607797388,-75.69507607797388
177.23000495910645,-75.69661618839855,-75.69661618839855
177.24000495910644,-75.69816136970033,-75.69816136970033
177.25000495910643,-75.69971160464337,-75.69971160464337
177.26000495910645,-75.70126687596851,-75.70126687596851
177.27000495910644,-75.70282716637804,-75.70282716637804
177.28000495910644,-75.70439245859035,-75.70439245859035
177.29000495910645,-75.7059627352908,-75.7059627352908
177.30000495910645,-75.70753797913996,-75.70753797913996
177.31000495910644,-75.70911817279574,-75.70911817279574
177.32000495910646,-75.71070329889164,-75.71070329889164
177.33000495910645,-75.71229334005466,-75.71229334005466
177.34000495910644,-75.71388827890071,-75.71388827890071
177.35000495910646,-75.71548809803453,-75.71548809803453
177.36000495910645,-75.71709278003262,-75.71709278003262
177.37000495910644,-75.71870230748816,-75.71870230748816
177.38000495910646,-75.72031666297052,-75.72031666297052
177.39000495910645,-75.72193582903559,-75.72193582903559
177.40000495910644,-75.7235597882549,-75.7235597882549
177.41000495910646,-75.72518852316172,-75.72518852316172
177.42000495910645,-75.72682201630283,-75.72682201630283
177.43000495910644,-75.72846025022731,-75.72846025022731
177.44000495910643,-75.73010320745968,-75.73010320745968
177.45000495910645,-75.73175087052557,-75.73175087052557
177.46000495910644,-75.73340322196799,-75.73340322196799
177.47000495910643,-75.73506024430233,-75.73506024430233
177.48000495910645,-75.73672192005726,-75.73672192005726
177.49000495910644,-75.73838823175717,-75.73838823175717
177.50000495910643,-75.74005916191939,-75.74005916191939
177.51000495910645,-75.74173469308334,-75.74173469308334
177.52000495910644,-75.74341480775976,-75.74341480775976
177.53000495910644,-75.74509948849315,-75.74509948849315
177.54000495910645,-75.74678871780935,-75.74678871780935
177.55000495910645,-75.74848247823574,-75.74848247823574
177.56000495910644,-75.75018075232337,-75.75018075232337
177.57000495910646,-75.75188352261135,-75.75188352261135
177.58000495910645,-75.75359077165291,-75.75359077165291
177.59000495910644,-75.75530248199678,-75.75530248199678
177.60000495910646,-75.75701863621254,-75.75701863621254
177.61000495910645,-75.75873921686532,-75.75873921686532
177.62000495910644,-75.76046420653884,-75.76046420653884
177.63000495910646,-75.76219358782113,-75.76219358782113
177.64000495910645,-75.76392734329592,-75.76392734329592
177.6500049829483,-75.76566545971993,-75.76566545971993
177.6600049829483,-75.76740791143366,-75.76740791143366
177.6700049829483,-75.76915468520109,-75.76915468520109
177.6800049829483,-75.77090576363453,-75.77090576363453
177.6900049829483,-75.7726611293956,-75.7726611293956
177.70000498294831,-75.77442076515158,-75.77442076515158
177.7100049829483,-75.77617803779577,-75.77617803779577
177.7200049829483,-75.77793002825321,-75.77793002825321
177.73000498294832,-75.77967530218724,-75.77967530218724
177.7400049829483,-75.78141311249588,-75.78141311249588
177.7500049829483,-75.78314309506817,-75.78314309506817
177.76000498294832,-75.78486511086187,-75.78486511086187
177.7700049829483,-75.78657915332451,-75.78657915332451
177.7800049829483,-75.78828529287564,-75.78828529287564
177.7900049829483,-75.7899836434575,-75.7899836434575
177.8000049829483,-75.79167434247735,-75.79167434247735
177.8100049829483,-75.7933575388568,-75.7933575388568
177.8200049829483,-75.79503338598147,-75.79503338598147
177.8300049829483,-75.79670203766136,-75.79670203766136
177.8400049829483,-75.79836364587081,-75.79836364587081
177.8500049829483,-75.80001835965321,-75.80001835965321
177.8600049829483,-75.80166632461784,-75.80166632461784
177.8700049829483,-75.80330768286505,-75.80330768286505
177.8800049829483,-75.8049425730917,-75.8049425730917
177.8900049829483,-75.8065711308296,-75.8065711308296
177.9000049829483,-75.80819348871209,-75.80819348871209
177.9100049829483,-75.80980977676347,-75.80980977676347
177.9200049829483,-75.81142012265877,-75.81142012265877
177.9300049829483,-75.81302465198138,-75.81302465198138
177.9400049829483,-75.81462348845008,-75.81462348845008
177.95000498294831,-75.81621675411016,-75.81621675411016
177.9600049829483,-75.81780456948428,-75.81780456948428
177.9700049829483,-75.81938705373545,-75.81938705373545
177.98000498294832,-75.8209643247842,-75.8209643247842
177.9900049829483,-75.82253649937613,-75.82253649937613
178.0000049829483,-75.82410369320388,-75.82410369320388
178.01000498294832,-75.82566602094376,-75.82566602094376
178.0200049829483,-75.82722359629882,-75.82722359629882
178.0300049829483,-75.82877653207521,-75.82877653207521
178.0400049829483,-75.83032494017742,-75.83032494017742
178.0500049829483,-75.83186893164326,-75.83186893164326
178.0600049829483,-75.83340861667244,-75.83340861667244
178.0700049829483,-75.83494410460933,-75.83494410460933
178.0800049829483,-75.83647550398116,-75.83647550398116
178.0900049829483,-75.83800292246069,-75.83800292246069
178.1000049829483,-75.83952646690517,-75.83952646690517
178.1100049829483,-75.84104624333264,-75.84104624333264
178.1200049829483,-75.84256235691315,-75.84256235691315
178.1300049829483,-75.84407491198226,-75.84407491198226
178.1400049829483,-75.84558401199779,-75.84558401199779
178.1500049829483,-75.84708975956282,-75.84708975956282
178.1600049829483,-75.84859225640155,-75.84859225640155
178.1700049829483,-75.85009160335795,-75.85009160335795
178.1800049829483,-75.85158790038372,-75.85158790038372
178.1900049829483,-75.85308124651789,-75.85308124651789
178.20000498294831,-75.85457173990108,-75.85457173990108
178.2100049829483,-75.85605285562612,-75.85605285562612
178.2200049829483,-75.85752178575596,-75.85752178575596
178.23000498294832,-75.85897720767308,-75.85897720767308
178.2400049829483,-75.86041848570443,-75.86041848570443
178.2500049829483,-75.86184536661914,-75.86184536661914
178.26000498294832,-75.8632578214923,-75.8632578214923
178.2700049829483,-75.86465595306343,-75.86465595306343
178.2800049829483,-75.8660399401479,-75.8660399401479
178.2900049829483,-75.86741000414878,-75.86741000414878
178.3000049829483,-75.86876638899749,-75.86876638899749
178.3100049829483,-75.87010934914268,-75.87010934914268
178.3200049829483,-75.87143914253039,-75.87143914253039
178.3300049829483,-75.8727560265178,-75.8727560265178
178.3400049829483,-75.87406025562579,-75.87406025562579
178.3500049829483,-75.87535208043678,-75.87535208043678
178.3600049829483,-75.8766317470909,-75.8766317470909
178.3700049829483,-75.87789949718096,-75.87789949718096
178.3800049829483,-75.87915556787604,-75.87915556787604
178.3900049829483,-75.88040019215548,-75.88040019215548
178.4000049829483,-75.88163359907134,-75.88163359907134
178.4100049829483,-75.88285601402835,-75.88285601402835
178.4200049829483,-75.88406765905938,-75.88406765905938
178.4300049829483,-75.88526875307474,-75.88526875307474
178.4400049829483,-75.88645951207722,-75.88645951207722
178.45000498294831,-75.88764014937263,-75.88764014937263
178.4600049829483,-75.88881087571424,-75.88881087571424
178.4700049829483,-75.88997189946329,-75.88997189946329
178.48000498294832,-75.89112342670944,-75.89112342670944
178.4900049829483,-75.89226566136122,-75.89226566136122
178.50000500679016,-75.89339880792771,-75.89339880792771
178.51000500679015,-75.89452306076707,-75.89452306076707
178.52000500679017,-75.89563862043147,-75.89563862043147
178.53000500679016,-75.89674568279678,-75.89674568279678
178.54000500679015,-75.89784444185453,-75.89784444185453
178.55000500679017,-75.89893508974144,-75.89893508974144
178.56000500679016,-75.90001781672031,-75.90001781672031
178.57000500679015,-75.90109281124356,-75.90109281124356
178.58000500679017,-75.90216025994584,-75.90216025994584
178.59000500679016,-75.9032203476359,-75.9032203476359
178.60000500679016,-75.90427325733323,-75.90427325733323
178.61000500679017,-75.90531917024298,-75.90531917024298
178.62000500679017,-75.90635826576066,-75.90635826576066
178.63000500679016,-75.90739072150251,-75.90739072150251
178.64000500679015,-75.90841671324446,-75.90841671324446
178.65000500679017,-75.90943641500176,-75.90943641500176
178.66000500679016,-75.91044999894706,-75.91044999894706
178.67000500679015,-75.91145763544718,-75.91145763544718
178.68000500679017,-75.91245949306973,-75.91245949306973
178.69000500679016,-75.91345573854919,-75.91345573854919
178.70000500679015,-75.91444653681538,-75.91444653681538
178.71000500679017,-75.91543205097726,-75.91543205097726
178.72000500679016,-75.91641244232001,-75.91641244232001
178.73000500679015,-75.91738787030438,-75.91738787030438
178.74000500679017,-75.91835849257951,-75.91835849257951
178.75000500679016,-75.9193244649577,-75.9193244649577
178.76000500679015,-75.92028594144232,-75.92028594144232
178.77000500679017,-75.92124307421511,-75.92124307421511
178.78000500679016,-75.92219601364124,-75.92219601364124
178.79000500679015,-75.92314490825274,-75.92314490825274
178.80000500679017,-75.9240899048013,-75.9240899048013
178.81000500679016,-75.92503114819657,-75.92503114819657
178.82000500679015,-75.92596878157013,-75.92596878157013
178.83000500679017,-75.92690294624228,-75.92690294624228
178.84000500679016,-75.92783378174113,-75.92783378174113
178.85000500679016,-75.92876142580172,-75.92876142580172
178.86000500679017,-75.92968601438871,-75.92968601438871
178.87000500679017,-75.93060768168014,-75.93060768168014
178.88000500679016,-75.93152656010096,-75.93152656010096
178.89000500679015,-75.93244278031744,-75.93244278031744
178.90000500679017,-75.93335647123516,-75.93335647123516
178.91000500679016,-75.93426776001616,-75.93426776001616
178.92000500679015,-75.9351767720981,-75.9351767720981
178.93000500679017,-75.93608363120799,-75.93608363120799
178.94000500679016,-75.93698845933257,-75.93698845933257
178.95000500679015,-75.93789137679204,-75.93789137679204
178.96000500679017,-75.9387925021999,-75.9387925021999
178.97000500679016,-75.93969195247999,-75.93969195247999
178.98000500679015,-75.94058984290288,-75.94058984290288
178.99000500679017,-75.94148628709252,-75.94148628709252
179.00000500679016,-75.94238139700971,-75.94238139700971
179.01000500679015,-75.94327528299956,-75.94327528299956
179.02000500679017,-75.94416805378188,-75.94416805378188
179.03000500679016,-75.94505981647875,-75.94505981647875
179.04000500679015,-75.9459506766121,-75.9459506766121
179.05000500679017,-75.9468407381356,-75.9468407381356
179.06000500679016,-75.94773010342979,-75.94773010342979
179.07000500679015,-75.94861887333114,-75.94861887333114
179.08000500679017,-75.94950714713339,-75.94950714713339
179.09000500679016,-75.95039502260876,-75.95039502260876
179.10000500679016,-75.95128259601967,-75.95128259601967
179.11000500679017,-75.95216996213824,-75.95216996213824
179.12000500679017,-75.95305721424835,-75.95305721424835
179.13000500679016,-75.95394444417668,-75.95394444417668
179.14000500679015,-75.95483174229025,-75.95483174229025
179.15000500679017,-75.95571919751995,-75.95571919751995
179.16000500679016,-75.95660689738038,-75.95660689738038
179.17000500679015,-75.95749492797064,-75.95749492797064
179.18000500679017,-75.95838337400389,-75.95838337400389
179.19000500679016,-75.95927231881207,-75.95927231881207
179.20000500679015,-75.96016184435683,-75.96016184435683
179.21000500679017,-75.96105203126118,-75.96105203126118
179.22000500679016,-75.96194295880329,-75.96194295880329
179.23000500679015,-75.96283470495162,-75.96283470495162
179.24000500679017,-75.96372734636348,-75.96372734636348
179.25000500679016,-75.9646209584076,-75.9646209584076
179.26000500679015,-75.96551561517312,-75.96551561517312
179.27000500679017,-75.96641138949337,-75.96641138949337
179.28000500679016,-75.9673083529557,-75.9673083529557
179.29000500679015,-75.96820657591329,-75.96820657591329
179.30000500679017,-75.96910612749537,-75.96910612749537
179.31000500679016,-75.97000707564054,-75.97000707564054
179.32000500679015,-75.97090948709355,-75.97090948709355
179.33000500679017,-75.97181342742205,-75.97181342742205
179.34000500679016,-75.97271896102538,-75.97271896102538
179.35000503063202,-75.97362615334016,-75.97362615334016
179.360005030632,-75.97453506217478,-75.97453506217478
179.37000503063203,-75.97544575070141,-75.97544575070141
179.38000503063202,-75.97635827881012,-75.97635827881012
179.390005030632,-75.97727270533285,-75.97727270533285
179.40000503063203,-75.97818908800681,-75.97818908800681
179.41000503063202,-75.97910748350769,-75.97910748350769
179.420005030632,-75.98002794746557,-75.98002794746557
179.43000503063203,-75.98095053446646,-75.98095053446646
179.44000503063202,-75.98187529807907,-75.98187529807907
179.450005030632,-75.98280229086423,-75.98280229086423
179.46000503063203,-75.983724932522,-75.983724932522
179.47000503063202,-75.9846403661566,-75.9846403661566
179.48000503063201,-75.9855472227098,-75.9855472227098
179.490005030632,-75.98644482120058,-75.98644482120058
179.50000503063202,-75.98733286369527,-75.98733286369527
179.51000503063202,-75.98821127689848,-75.98821127689848
179.520005030632,-75.98908011942468,-75.98908011942468
179.53000503063203,-75.98993952603956,-75.98993952603956
179.54000503063202,-75.99078967417823,-75.99078967417823
179.550005030632,-75.99163076382679,-75.99163076382679
179.56000503063203,-75.9924630055561,-75.9924630055561
179.57000503063202,-75.99328661346904,-75.99328661346904
179.580005030632,-75.99410180112204,-75.99410180112204
179.59000503063203,-75.9949087793468,-75.9949087793468
179.60000503063202,-75.99570775509737,-75.99570775509737
179.610005030632,-75.99649893100562,-75.99649893100562
179.62000503063203,-75.99728250527816,-75.99728250527816
179.63000503063202,-75.99805867186373,-75.99805867186373
179.640005030632,-75.99882762063682,-75.99882762063682
179.65000503063203,-75.99958953776175,-75.99958953776175
179.66000503063202,-76.00034460592502,-76.00034460592502
179.670005030632,-76.00109300464923,-76.00109300464923
179.68000503063203,-76.00183491054952,-76.00183491054952
179.69000503063202,-76.00257049757953,-76.00257049757953
179.700005030632,-76.00329993720028,-76.00329993720028
179.71000503063203,-76.00402339861205,-76.00402339861205
179.72000503063202,-76.00474104885964,-76.00474104885964
179.73000503063201,-76.00545305298962,-76.00545305298962
179.740005030632,-76.00615957415012,-76.00615957415012
179.75000503063202,-76.00686077367898,-76.00686077367898
179.76000503063202,-76.00755681117944,-76.00755681117944
179.770005030632,-76.0082478445871,-76.0082478445871
179.78000503063203,-76.00893403020781,-76.00893403020781
179.79000503063202,-76.00961552276452,-76.00961552276452
179.800005030632,-76.01029247543755,-76.01029247543755
179.81000503063203,-76.01096503987645,-76.01096503987645
179.82000503063202,-76.01163336623675,-76.01163336623675
179.830005030632,-76.01229760315974,-76.01229760315974
179.84000503063203,-76.01295789783387,-76.01295789783387
179.85000503063202,-76.01361439595642,-76.01361439595642
179.860005030632,-76.01426724178509,-76.01426724178509
179.87000503063203,-76.01491657808752,-76.01491657808752
179.88000503063202,-76.01556254618043,-76.01556254618043
179.890005030632,-76.01620528592807,-76.01620528592807
179.90000503063203,-76.01684493572697,-76.01684493572697
179.91000503063202,-76.01748163251192,-76.01748163251192
179.920005030632,-76.01811551175591,-76.01811551175591
179.93000503063203,-76.01874670747195,-76.01874670747195
179.94000503063202,-76.01937535220186,-76.01937535220186
179.950005030632,-76.02000157700509,-76.02000157700509
179.96000503063203,-76.02062551150325,-76.02062551150325
179.97000503063202,-76.02124728380899,-76.02124728380899
179.98000503063201,-76.02186702060169,-76.02186702060169
179.990005030632,-76.02248484704828,-76.02248484704828
180.00000503063202,-76.0231008868601,-76.0231008868601
180.01000503063202,-76.02371526227142,-76.02371526227142
180.020005030632,-76.02432809404,-76.02432809404
180.03000503063203,-76.02493950145947,-76.02493950145947
180.04000503063202,-76.02554960232379,-76.02554960232379
180.050005030632,-76.02615851298603,-76.02615851298603
180.06000503063203,-76.02676634831413,-76.02676634831413
180.07000503063202,-76.02737322171892,-76.02737322171892
180.080005030632,-76.02797924513746,-76.02797924513746
180.09000503063203,-76.0285845290573,-76.0285845290573
180.10000503063202,-76.02918918249837,-76.02918918249837
180.110005030632,-76.0297933130396,-76.0297933130396
180.12000503063203,-76.03039702681278,-76.03039702681278
180.13000503063202,-76.03100042850578,-76.03100042850578
180.140005030632,-76.03160362137335,-76.03160362137335
180.15000503063203,-76.03220670724856,-76.03220670724856
180.16000503063202,-76.03280978652252,-76.03280978652252
180.170005030632,-76.03341295819521,-76.03341295819521
180.18000503063203,-76.03401631984002,-76.03401631984002
180.19000503063202,-76.0346199676418,-76.0346199676418
180.20000505447388,-76.03522399782663,-76.03522399782663
180.21000505447387,-76.03582850092717,-76.03582850092717
180.2200050544739,-76.03643357041003,-76.03643357041003
180.23000505447388,-76.03703929693636,-76.03703929693636
180.24000505447387,-76.03764576981419,-76.03764576981419
180.2500050544739,-76.03825307700295,-76.03825307700295
180.26000505447388,-76.03886130512778,-76.03886130512778
180.27000505447387,-76.03947053948147,-76.03947053948147
180.2800050544739,-76.04008086403785,-76.04008086403785
180.29000505447388,-76.04069236146044,-76.04069236146044
180.30000505447387,-76.04130511312873,-76.04130511312873
180.3100050544739,-76.04191919912239,-76.04191919912239
180.32000505447388,-76.04253469825264,-76.04253469825264
180.33000505447387,-76.04315168805803,-76.04315168805803
180.34000505447386,-76.04377024483583,-76.04377024483583
180.35000505447388,-76.04439044363875,-76.04439044363875
180.36000505447387,-76.04501235827377,-76.04501235827377
180.37000505447386,-76.04563606134003,-76.04563606134003
180.38000505447388,-76.046261624226,-76.046261624226
180.39000505447387,-76.04688911712296,-76.04688911712296
180.40000505447387,-76.04751860904493,-76.04751860904493
180.41000505447388,-76.04815016782081,-76.04815016782081
180.42000505447388,-76.04878386012011,-76.04878386012011
180.43000505447387,-76.04941975146383,-76.04941975146383
180.4400050544739,-76.05005790624809,-76.05005790624809
180.45000505447388,-76.05069838772192,-76.05069838772192
180.46000505447387,-76.0513412580306,-76.0513412580306
180.4700050544739,-76.05198657821347,-76.05198657821347
180.48000505447388,-76.05263440823421,-76.05263440823421
180.49000505447387,-76.05328480695569,-76.05328480695569
180.5000050544739,-76.0539378321955,-76.0539378321955
180.51000505447388,-76.05459354069626,-76.05459354069626
180.52000505447387,-76.05525198817266,-76.05525198817266
180.5300050544739,-76.05591322930069,-76.05591322930069
180.54000505447388,-76.05657731774079,-76.05657731774079
180.55000505447387,-76.05724430614703,-76.05724430614703
180.5600050544739,-76.05791424618208,-76.05791424618208
180.57000505447388,-76.05858718851191,-76.05858718851191
180.58000505447387,-76.05926318284095,-76.05926318284095
180.59000505447386,-76.05994227791695,-76.05994227791695
180.60000505447388,-76.06062452152509,-76.06062452152509
180.61000505447387,-76.0613099605112,-76.0613099605112
180.62000505447386,-76.0619986408149,-76.0619986408149
180.63000505447388,-76.06269060745123,-76.06269060745123
180.64000505447387,-76.06338590452357,-76.06338590452357
180.65000505447387,-76.0640845752573,-76.0640845752573
180.66000505447388,-76.06478666198922,-76.06478666198922
180.67000505447388,-76.06549220618709,-76.06549220618709
180.68000505447387,-76.06620124845513,-76.06620124845513
180.6900050544739,-76.06691382856138,-76.06691382856138
180.70000505447388,-76.06762998542564,-76.06762998542564
180.71000505447387,-76.06834975714858,-76.06834975714858
180.7200050544739,-76.06907318101297,-76.06907318101297
180.73000505447388,-76.06980029349694,-76.06980029349694
180.74000505447387,-76.0705311302848,-76.0705311302848
180.7500050544739,-76.07126572627375,-76.07126572627375
180.76000505447388,-76.07200411559157,-76.07200411559157
180.77000505447387,-76.07274633159861,-76.07274633159861
180.7800050544739,-76.07349240691347,-76.07349240691347
180.79000505447388,-76.0742423734035,-76.0742423734035
180.80000505447387,-76.07499626218573,-76.07499626218573
180.8100050544739,-76.07575410368646,-76.07575410368646
180.82000505447388,-76.07651592758737,-76.07651592758737
180.83000505447387,-76.07728176289211,-76.07728176289211
180.84000505447386,-76.07805163789908,-76.07805163789908
180.85000505447388,-76.07882558022098,-76.07882558022098
180.86000505447387,-76.07960361680045,-76.07960361680045
180.87000505447386,-76.0803857739041,-76.0803857739041
180.88000505447388,-76.08117207714807,-76.08117207714807
180.89000505447387,-76.08196255150341,-76.08196255150341
180.90000505447387,-76.08275722130162,-76.08275722130162
180.91000505447388,-76.08355611024506,-76.08355611024506
180.92000505447388,-76.08435924139967,-76.08435924139967
180.93000505447387,-76.08516663724615,-76.08516663724615
180.9400050544739,-76.08597831964833,-76.08597831964833
180.95000505447388,-76.08679430986312,-76.08679430986312
180.96000505447387,-76.08761462857967,-76.08761462857967
180.9700050544739,-76.08843929590384,-76.08843929590384
180.98000505447388,-76.08926833136755,-76.08926833136755
180.99000505447387,-76.09010175394,-76.09010175394
181.0000050544739,-76.09093958204522,-76.09093958204522
181.01000505447388,-76.09178183354787,-76.09178183354787
181.02000505447387,-76.09262852578672,-76.09262852578672
181.0300050544739,-76.09347967556833,-76.09347967556833
181.04000505447388,-76.09433529917052,-76.09433529917052
181.05000507831573,-76.09519541440763,-76.09519541440763
181.06000507831573,-76.09606003245963,-76.09606003245963
181.07000507831575,-76.09692917012035,-76.09692917012035
181.08000507831574,-76.09780284164884,-76.09780284164884
181.09000507831573,-76.09868106082588,-76.09868106082588
181.10000507831575,-76.09956384096972,-76.09956384096972
181.11000507831574,-76.10045119489827,-76.10045119489827
181.12000507831573,-76.10134313498472,-76.10134313498472
181.13000507831575,-76.102239673139,-76.102239673139
181.14000507831574,-76.10314082080863,-76.10314082080863
181.15000507831573,-76.10404658901854,-76.10404658901854
181.16000507831575,-76.1049569883498,-76.1049569883498
181.17000507831574,-76.10587202894413,-76.10587202894413
181.18000507831573,-76.10679172052036,-76.10679172052036
181.19000507831572,-76.1077160723882,-76.1077160723882
181.20000507831574,-76.10864509344565,-76.10864509344565
181.21000507831573,-76.10957879217041,-76.10957879217041
181.22000507831572,-76.1105171766481,-76.1105171766481
181.23000507831574,-76.1114602545851,-76.1114602545851
181.24000507831573,-76.11240803327509,-76.11240803327509
181.25000507831572,-76.11336051965165,-76.11336051965165
181.26000507831574,-76.11431772027052,-76.11431772027052
181.27000507831573,-76.11527964129978,-76.11527964129978
181.28000507831572,-76.11624628856079,-76.11624628856079
181.29000507831574,-76.11721766750952,-76.11721766750952
181.30000507831573,-76.11819378324809,-76.11819378324809
181.31000507831573,-76.11917464053076,-76.11917464053076
181.32000507831575,-76.12016024378042,-76.12016024378042
181.33000507831574,-76.12115059706008,-76.12115059706008
181.34000507831573,-76.12214570412253,-76.12214570412253
181.35000507831575,-76.12314556838754,-76.12314556838754
181.36000507831574,-76.1241501929441,-76.1241501929441
181.37000507831573,-76.12515958057378,-76.12515958057378
181.38000507831575,-76.12617373374636,-76.12617373374636
181.39000507831574,-76.12719265462366,-76.12719265462366
181.40000507831573,-76.12821634506537,-76.12821634506537
181.41000507831575,-76.12924480663037,-76.12924480663037
181.42000507831574,-76.13027804058231,-76.13027804058231
181.43000507831573,-76.13131604791442,-76.13131604791442
181.44000507831572,-76.13235882931454,-76.13235882931454
181.45000507831574,-76.13340638520918,-76.13340638520918
181.46000507831573,-76.13445206984568,-76.13445206984568
181.47000507831572,-76.1354929691452,-76.1354929691452
181.48000507831574,-76.13652766054703,-76.13652766054703
181.49000507831573,-76.13755541168881,-76.13755541168881
181.50000507831572,-76.13857587470083,-76.13857587470083
181.51000507831574,-76.13958892752777,-76.13958892752777
181.52000507831573,-76.14059458091538,-76.14059458091538
181.53000507831572,-76.14159292262323,-76.14159292262323
181.54000507831574,-76.14258408381293,-76.14258408381293
181.55000507831573,-76.1435682188973,-76.1435682188973
181.56000507831573,-76.14454549355207,-76.14454549355207
181.57000507831575,-76.14551607761042,-76.14551607761042
181.58000507831574,-76.14648014100796,-76.14648014100796
181.59000507831573,-76.14743785158367,-76.14743785158367
181.60000507831575,-76.1483893738848,-76.1483893738848
181.61000507831574,-76.14933486874111,-76.14933486874111
181.62000507831573,-76.15027449317267,-76.15027449317267
181.63000507831575,-76.15120840050456,-76.15120840050456
181.64000507831574,-76.15213674060072,-76.15213674060072
181.65000507831573,-76.15305966014868,-76.15305966014868
181.66000507831575,-76.15397730295383,-76.15397730295383
181.67000507831574,-76.15488981021524,-76.15488981021524
181.68000507831573,-76.15579732076883,-76.15579732076883
181.69000507831572,-76.15669997133664,-76.15669997133664
181.70000507831574,-76.15759789670864,-76.15759789670864
181.71000507831573,-76.15849122992422,-76.15849122992422
181.72000507831572,-76.15938010241344,-76.15938010241344
181.73000507831574,-76.16026464412137,-76.16026464412137
181.74000507831573,-76.16114498361284,-76.16114498361284
181.75000507831572,-76.16202124815534,-76.16202124815534
181.76000507831574,-76.16289356377109,-76.16289356377109
181.77000507831573,-76.16376205532387,-76.16376205532387
181.78000507831572,-76.16462684653678,-76.16462684653678
181.79000507831574,-76.16548806002926,-76.16548806002926
181.80000507831573,-76.16634581735396,-76.16634581735396
181.81000507831573,-76.16720023900865,-76.16720023900865
181.82000507831575,-76.16805144444847,-76.16805144444847
181.83000507831574,-76.16889955209774,-76.16889955209774
181.84000507831573,-76.16974467936619,-76.16974467936619
181.85000507831575,-76.17058694262286,-76.17058694262286
181.86000507831574,-76.17142645721417,-76.17142645721417
181.87000507831573,-76.17226333747371,-76.17226333747371
181.88000507831575,-76.17309769668971,-76.17309769668971
181.89000507831574,-76.17392964710793,-76.17392964710793
181.9000051021576,-76.17475930191965,-76.17475930191965
181.91000510215758,-76.17558676733769,-76.17558676733769
181.9200051021576,-76.17641215444058,-76.17641215444058
181.9300051021576,-76.17723557127715,-76.17723557127715
181.94000510215758,-76.17805712481118,-76.17805712481118
181.9500051021576,-76.17887692094288,-76.17887692094288
181.9600051021576,-76.1796884152331,-76.1796884152331
181.9700051021576,-76.18048879635505,-76.18048879635505
181.9800051021576,-76.18127674454038,-76.18127674454038
181.9900051021576,-76.1820516297803,-76.1820516297803
182.0000051021576,-76.18281320592348,-76.18281320592348
182.0100051021576,-76.18356145190425,-76.18356145190425
182.0200051021576,-76.18429647868943,-76.18429647868943
182.0300051021576,-76.18501847341213,-76.18501847341213
182.04000510215758,-76.18572766577968,-76.18572766577968
182.0500051021576,-76.18642430788138,-76.18642430788138
182.0600051021576,-76.18710866216632,-76.18710866216632
182.07000510215758,-76.18778099438266,-76.18778099438266
182.0800051021576,-76.18844156947752,-76.18844156947752
182.0900051021576,-76.18909064934937,-76.18909064934937
182.10000510215758,-76.18972849173296,-76.18972849173296
182.1100051021576,-76.19035534971698,-76.19035534971698
182.1200051021576,-76.19097147163477,-76.19097147163477
182.13000510215758,-76.1915771012128,-76.1915771012128
182.1400051021576,-76.19217247777225,-76.19217247777225
182.1500051021576,-76.19275783653335,-76.19275783653335
182.16000510215758,-76.19333340888095,-76.19333340888095
182.1700051021576,-76.19389942266906,-76.19389942266906
182.1800051021576,-76.1944561024307,-76.1944561024307
182.19000510215758,-76.19500366966054,-76.19500366966054
182.2000051021576,-76.19554234297873,-76.19554234297873
182.2100051021576,-76.19607233830321,-76.19607233830321
182.2200051021576,-76.19659386900935,-76.19659386900935
182.2300051021576,-76.19710714605219,-76.19710714605219
182.2400051021576,-76.19761237806193,-76.19761237806193
182.2500051021576,-76.19810977144044,-76.19810977144044
182.2600051021576,-76.19859953042578,-76.19859953042578
182.2700051021576,-76.19908185714405,-76.19908185714405
182.2800051021576,-76.19955695167187,-76.19955695167187
182.29000510215758,-76.20002501205927,-76.20002501205927
182.3000051021576,-76.20048623436384,-76.20048623436384
182.3100051021576,-76.20094081267096,-76.20094081267096
182.32000510215758,-76.2013889391378,-76.2013889391378
182.3300051021576,-76.20183080396382,-76.20183080396382
182.3400051021576,-76.20226659543049,-76.20226659543049
182.35000510215758,-76.20269649988914,-76.20269649988914
182.3600051021576,-76.20312070180123,-76.20312070180123
182.3700051021576,-76.20353938369217,-76.20353938369217
182.38000510215758,-76.2039527261916,-76.2039527261916
182.3900051021576,-76.20436090800847,-76.20436090800847
182.4000051021576,-76.2047641059571,-76.2047641059571
182.41000510215758,-76.20516249492825,-76.20516249492825
182.4200051021576,-76.20555624791798,-76.20555624791798
182.4300051021576,-76.20594553600093,-76.20594553600093
182.44000510215758,-76.20633052833368,-76.20633052833368
182.4500051021576,-76.20671139218453,-76.20671139218453
182.4600051021576,-76.20708829288837,-76.20708829288837
182.4700051021576,-76.20746139386628,-76.20746139386628
182.4800051021576,-76.20783085665714,-76.20783085665714
182.4900051021576,-76.20819684085927,-76.20819684085927
182.5000051021576,-76.20855950417213,-76.20855950417213
182.5100051021576,-76.20891900240193,-76.20891900240193
182.5200051021576,-76.20927548942282,-76.20927548942282
182.5300051021576,-76.2096291172342,-76.2096291172342
182.54000510215758,-76.20998003593607,-76.20998003593607
182.5500051021576,-76.21032839372667,-76.21032839372667
182.5600051021576,-76.21067433692572,-76.21067433692572
182.57000510215758,-76.21101800996593,-76.21101800996593
182.5800051021576,-76.21135955540558,-76.21135955540558
182.5900051021576,-76.2116991139496,-76.2116991139496
182.60000510215758,-76.21203682441973,-76.21203682441973
182.6100051021576,-76.21237282380275,-76.21237282380275
182.6200051021576,-76.2127072472262,-76.2127072472262
182.63000510215758,-76.2130402279866,-76.2130402279866
182.6400051021576,-76.21337189757195,-76.21337189757195
182.6500051021576,-76.21370238561887,-76.21370238561887
182.66000510215758,-76.21403181998458,-76.21403181998458
182.6700051021576,-76.2143603267236,-76.2143603267236
182.6800051021576,-76.21468803009704,-76.21468803009704
182.69000510215758,-76.21501505259506,-76.21501505259506
182.7000051021576,-76.21534151495422,-76.21534151495422
182.7100051021576,-76.21566088520052,-76.21566088520052
182.7200051021576,-76.2159703658353,-76.2159703658353
182.7300051021576,-76.21626865098467,-76.21626865098467
182.7400051021576,-76.21655512425117,-76.21655512425117
182.75000512599945,-76.21682955328531,-76.21682955328531
182.76000512599944,-76.21709192832449,-76.21709192832449
182.77000512599946,-76.21734237314452,-76.21734237314452
182.78000512599945,-76.21758108641329,-76.21758108641329
182.79000512599944,-76.21780830880247,-76.21780830880247
182.80000512599946,-76.21802430280759,-76.21802430280759
182.81000512599945,-76.21822934073745,-76.21822934073745
182.82000512599944,-76.21842369763897,-76.21842369763897
182.83000512599946,-76.21860764725864,-76.21860764725864
182.84000512599945,-76.21878145977155,-76.21878145977155
182.85000512599944,-76.21894540071544,-76.21894540071544
182.86000512599946,-76.21909973050431,-76.21909973050431
182.87000512599946,-76.21924470435773,-76.21924470435773
182.88000512599945,-76.21938057243669,-76.21938057243669
182.89000512599944,-76.21950758010736,-76.21950758010736
182.90000512599946,-76.21962596820721,-76.21962596820721
182.91000512599945,-76.21973597337919,-76.21973597337919
182.92000512599944,-76.21983782834972,-76.21983782834972
182.93000512599946,-76.21993176218787,-76.21993176218787
182.94000512599945,-76.22001800057123,-76.22001800057123
182.95000512599944,-76.22009676597993,-76.22009676597993
182.96000512599946,-76.22016827789112,-76.22016827789112
182.97000512599945,-76.22023275292858,-76.22023275292858
182.98000512599944,-76.22029040501272,-76.22029040501272
182.99000512599946,-76.22034144546282,-76.22034144546282
183.00000512599945,-76.22038608310042,-76.22038608310042
183.01000512599944,-76.2204245243379,-76.2204245243379
183.02000512599946,-76.22045697323085,-76.22045697323085
183.03000512599945,-76.22048363153873,-76.22048363153873
183.04000512599944,-76.22050469879296,-76.22050469879296
183.05000512599946,-76.22052037229955,-76.22052037229955
183.06000512599945,-76.22053084719943,-76.22053084719943
183.07000512599944,-76.22053631648643,-76.22053631648643
183.08000512599946,-76.22053697102692,-76.22053697102692
183.09000512599945,-76.22053299957362,-76.22053299957362
183.10000512599944,-76.22052458880071,-76.22052458880071
183.11000512599946,-76.22051192328207,-76.22051192328207
183.12000512599946,-76.22049518553182,-76.22049518553182
183.13000512599945,-76.22047455599491,-76.22047455599491
183.14000512599944,-76.22045021306732,-76.22045021306732
183.15000512599946,-76.22042233308865,-76.22042233308865
183.16000512599945,-76.22039109034544,-76.22039109034544
183.17000512599944,-76.22035665710766,-76.22035665710766
183.18000512599946,-76.22031920359859,-76.22031920359859
183.19000512599945,-76.22027889800921,-76.22027889800921
183.20000512599944,-76.22023590650225,-76.22023590650225
183.21000512599946,-76.22018374305586,-76.22018374305586
183.22000512599945,-76.2201196562722,-76.2201196562722
183.23000512599944,-76.22004238626383,-76.22004238626383
183.24000512599946,-76.2199513623276,-76.2199513623276
183.25000512599945,-76.2198463968927,-76.2198463968927
183.26000512599944,-76.21972752664189,-76.21972752664189
183.27000512599946,-76.21959491940234,-76.21959491940234
183.28000512599945,-76.21944881825198,-76.21944881825198
183.29000512599944,-76.21928950787172,-76.21928950787172
183.30000512599946,-76.21911729438969,-76.21911729438969
183.31000512599945,-76.21893249335294,-76.21893249335294
183.32000512599944,-76.21873542263334,-76.21873542263334
183.33000512599946,-76.21852639839068,-76.21852639839068
183.34000512599945,-76.21830573283782,-76.21830573283782
183.35000512599944,-76.21807373309788,-76.21807373309788
183.36000512599946,-76.21783070077628,-76.21783070077628
183.37000512599946,-76.21757693185472,-76.21757693185472
183.38000512599945,-76.21731271684988,-76.21731271684988
183.39000512599944,-76.21703834104909,-76.21703834104909
183.40000512599946,-76.21675408481316,-76.21675408481316
183.41000512599945,-76.21646022386906,-76.21646022386906
183.42000512599944,-76.21615702960892,-76.21615702960892
183.43000512599946,-76.21584476935318,-76.21584476935318
183.44000512599945,-76.21552370658652,-76.21552370658652
183.45000512599944,-76.2151941012023,-76.2151941012023
183.46000512599946,-76.21484956087527,-76.21484956087527
183.47000512599945,-76.21448742659514,-76.21448742659514
183.48000512599944,-76.214106529664,-76.214106529664
183.49000512599946,-76.21370638951586,-76.21370638951586
183.50000512599945,-76.21328690776906,-76.21328690776906
183.51000512599944,-76.21284820943886,-76.21284820943886
183.52000512599946,-76.21239054988347,-76.21239054988347
183.53000512599945,-76.21191425894101,-76.21191425894101
183.54000512599944,-76.21141970734703,-76.21141970734703
183.55000512599946,-76.2109072865945,-76.2109072865945
183.56000512599945,-76.21037739690503,-76.21037739690503
183.57000512599944,-76.2098304402204,-76.2098304402204
183.58000512599946,-76.20926681611562,-76.20926681611562
183.59000512599945,-76.20868691958373,-76.20868691958373
183.6000051498413,-76.2080911385231,-76.2080911385231
183.6100051498413,-76.20747985888573,-76.20747985888573
183.62000514984132,-76.20685345626767,-76.20685345626767
183.6300051498413,-76.20621230152113,-76.20621230152113
183.6400051498413,-76.20555675968448,-76.20555675968448
183.65000514984132,-76.2048871902487,-76.2048871902487
183.6600051498413,-76.20420394743478,-76.20420394743478
183.6700051498413,-76.20350738053135,-76.20350738053135
183.68000514984132,-76.20279783411927,-76.20279783411927
183.6900051498413,-76.20207564833207,-76.20207564833207
183.7000051498413,-76.2013411590243,-76.2013411590243
183.71000514984132,-76.20059469800407,-76.20059469800407
183.7200051498413,-76.19983659313785,-76.19983659313785
183.7300051498413,-76.19906716851408,-76.19906716851408
183.7400051498413,-76.19828674453147,-76.19828674453147
183.75000514984131,-76.19749563800093,-76.19749563800093
183.7600051498413,-76.1966941622317,-76.1966941622317
183.7700051498413,-76.19588262706651,-76.19588262706651
183.78000514984132,-76.19506133897022,-76.19506133897022
183.7900051498413,-76.19423060103736,-76.19423060103736
183.8000051498413,-76.19339071305286,-76.19339071305286
183.81000514984132,-76.19254197152443,-76.19254197152443
183.8200051498413,-76.19168466968425,-76.19168466968425
183.8300051498413,-76.1908190975199,-76.1908190975199
183.84000514984132,-76.18994554179493,-76.18994554179493
183.8500051498413,-76.18906428607379,-76.18906428607379
183.8600051498413,-76.18817561069578,-76.18817561069578
183.87000514984132,-76.18727979283801,-76.18727979283801
183.8800051498413,-76.1863771064722,-76.1863771064722
183.8900051498413,-76.18546782240982,-76.18546782240982
183.90000514984132,-76.18455220830735,-76.18455220830735
183.9100051498413,-76.18363052864196,-76.18363052864196
183.9200051498413,-76.18270304476431,-76.18270304476431
183.93000514984132,-76.18177001488182,-76.18177001488182
183.9400051498413,-76.18083169405494,-76.18083169405494
183.9500051498413,-76.17988833423382,-76.17988833423382
183.96000514984132,-76.17894018425058,-76.17894018425058
183.9700051498413,-76.1779874898344,-76.1779874898344
183.9800051498413,-76.17703049360935,-76.17703049360935
183.9900051498413,-76.17606943513222,-76.17606943513222
184.00000514984131,-76.17510455087627,-76.17510455087627
184.0100051498413,-76.17413607424831,-76.17413607424831
184.0200051498413,-76.17316423562174,-76.17316423562174
184.03000514984132,-76.17218926233286,-76.17218926233286
184.0400051498413,-76.17121137868111,-76.17121137868111
184.0500051498413,-76.170230805989,-76.170230805989
184.06000514984132,-76.1692477625732,-76.1692477625732
184.0700051498413,-76.1682624637703,-76.1682624637703
184.0800051498413,-76.16727512196496,-76.16727512196496
184.09000514984132,-76.16628594661637,-76.16628594661637
184.1000051498413,-76.16529514424607,-76.16529514424607
184.1100051498413,-76.16430291847519,-76.16430291847519
184.12000514984132,-76.16330947005163,-76.16330947005163
184.1300051498413,-76.16231499684935,-76.16231499684935
184.1400051498413,-76.16131969389654,-76.16131969389654
184.15000514984132,-76.16032375341014,-76.16032375341014
184.1600051498413,-76.15932736479675,-76.15932736479675
184.1700051498413,-76.15833071467608,-76.15833071467608
184.18000514984132,-76.15733398692582,-76.15733398692582
184.1900051498413,-76.15633736267864,-76.15633736267864
184.2000051498413,-76.155341020347,-76.155341020347
184.21000514984132,-76.15433849444756,-76.15433849444756
184.2200051498413,-76.15332705096203,-76.15332705096203
184.2300051498413,-76.15230544552315,-76.15230544552315
184.2400051498413,-76.15127312172805,-76.15127312172805
184.25000514984131,-76.15022990532012,-76.15022990532012
184.2600051498413,-76.14917584541986,-76.14917584541986
184.2700051498413,-76.14811112147001,-76.14811112147001
184.28000514984132,-76.14703598737431,-76.14703598737431
184.2900051498413,-76.14595073788091,-76.14595073788091
184.3000051498413,-76.14485568844296,-76.14485568844296
184.31000514984132,-76.14375116321808,-76.14375116321808
184.3200051498413,-76.14263748800286,-76.14263748800286
184.3300051498413,-76.14151498620663,-76.14151498620663
184.34000514984132,-76.14038397667304,-76.14038397667304
184.3500051498413,-76.1392447725329,-76.1392447725329
184.3600051498413,-76.13809768081578,-76.13809768081578
184.37000514984132,-76.13694300237982,-76.13694300237982
184.3800051498413,-76.13578103205207,-76.13578103205207
184.3900051498413,-76.1346120589535,-76.1346120589535
184.40000514984132,-76.13343636675819,-76.13343636675819
184.4100051498413,-76.13225423405223,-76.13225423405223
184.4200051498413,-76.13106593462308,-76.13106593462308
184.43000514984132,-76.12987173776949,-76.12987173776949
184.4400051498413,-76.12867190854628,-76.12867190854628
184.45000517368317,-76.12746670512409,-76.12746670512409
184.46000517368316,-76.12625639046186,-76.12625639046186
184.47000517368318,-76.12504121530964,-76.12504121530964
184.48000517368317,-76.12382142978535,-76.12382142978535
184.49000517368316,-76.1225972806576,-76.1225972806576
184.50000517368318,-76.12136901144315,-76.12136901144315
184.51000517368317,-76.12013686253196,-76.12013686253196
184.52000517368316,-76.11890107123237,-76.11890107123237
184.53000517368318,-76.11766187186285,-76.11766187186285
184.54000517368317,-76.11641949581127,-76.11641949581127
184.55000517368316,-76.11517417157509,-76.11517417157509
184.56000517368318,-76.11392612481559,-76.11392612481559
184.57000517368317,-76.11267557838708,-76.11267557838708
184.58000517368316,-76.11142275237567,-76.11142275237567
184.59000517368315,-76.11016786412208,-76.11016786412208
184.60000517368317,-76.10891112825742,-76.10891112825742
184.61000517368316,-76.10765275671928,-76.10765275671928
184.62000517368315,-76.10639295876798,-76.10639295876798
184.63000517368317,-76.10513194101028,-76.10513194101028
184.64000517368316,-76.10386990741789,-76.10386990741789
184.65000517368316,-76.1026070593415,-76.1026070593415
184.66000517368317,-76.10134359551094,-76.10134359551094
184.67000517368317,-76.10007971208438,-76.10007971208438
184.68000517368316,-76.0988156026252,-76.0988156026252
184.69000517368318,-76.09755145813902,-76.09755145813902
184.70000517368317,-76.09628746708024,-76.09628746708024
184.71000517368316,-76.09501718037588,-76.09501718037588
184.72000517368318,-76.09373787796017,-76.09373787796017
184.73000517368317,-76.09244832846258,-76.09244832846258
184.74000517368316,-76.09114798808642,-76.09114798808642
184.75000517368318,-76.0898366949895,-76.0898366949895
184.76000517368317,-76.08851451059168,-76.08851451059168
184.77000517368316,-76.08718162658562,-76.08718162658562
184.78000517368318,-76.08583830909129,-76.08583830909129
184.79000517368317,-76.0844848650369,-76.0844848650369
184.80000517368316,-76.08312162202758,-76.08312162202758
184.81000517368318,-76.08174891633337,-76.08174891633337
184.82000517368317,-76.08036708583855,-76.08036708583855
184.83000517368316,-76.07897646601438,-76.07897646601438
184.84000517368315,-76.07757738769642,-76.07757738769642
184.85000517368317,-76.07617017599266,-76.07617017599266
184.86000517368316,-76.07475514984188,-76.07475514984188
184.87000517368315,-76.07333262196777,-76.07333262196777
184.88000517368317,-76.07190289902753,-76.07190289902753
184.89000517368316,-76.07046628187531,-76.07046628187531
184.90000517368316,-76.06902306589078,-76.06902306589078
184.91000517368317,-76.06757354128634,-76.06757354128634
184.92000517368317,-76.06611799341199,-76.06611799341199
184.93000517368316,-76.0646567030482,-76.0646567030482
184.94000517368318,-76.06318994667049,-76.06318994667049
184.95000517368317,-76.06171799665506,-76.06171799665506
184.96000517368316,-76.06023449032052,-76.06023449032052
184.97000517368318,-76.05873679130667,-76.05873679130667
184.98000517368317,-76.05722375023727,-76.05722375023727
184.99000517368316,-76.05569490407542,-76.05569490407542
185.00000517368318,-76.0541501707185,-76.0541501707185
185.01000517368317,-76.05258969045596,-76.05258969045596
185.02000517368316,-76.05101373307554,-76.05101373307554
185.03000517368318,-76.04942264206926,-76.04942264206926
185.04000517368317,-76.04781680108876,-76.04781680108876
185.05000517368316,-76.04619661386329,-76.04619661386329
185.06000517368318,-76.0445624921867,-76.0445624921867
185.07000517368317,-76.04291484890393,-76.04291484890393
185.08000517368316,-76.04125409390292,-76.04125409390292
185.09000517368315,-76.03958063190625,-76.03958063190625
185.10000517368317,-76.03789486138045,-76.03789486138045
185.11000517368316,-76.0361971741009,-76.0361971741009
185.12000517368315,-76.034487955107,-76.034487955107
185.13000517368317,-76.03276758287026,-76.03276758287026
185.14000517368316,-76.0310364295117,-76.0310364295117
185.15000517368316,-76.02929486116903,-76.02929486116903
185.16000517368317,-76.02754323829905,-76.02754323829905
185.17000517368317,-76.025781915958,-76.025781915958
185.18000517368316,-76.02401124409076,-76.02401124409076
185.19000517368318,-76.0222315677995,-76.0222315677995
185.20000517368317,-76.02044322753679,-76.02044322753679
185.21000517368316,-76.01864655931504,-76.01864655931504
185.22000517368318,-76.01684189488097,-76.01684189488097
185.23000517368317,-76.01502956182352,-76.01502956182352
185.24000517368316,-76.0132098837403,-76.0132098837403
185.25000517368318,-76.01138318030587,-76.01138318030587
185.26000517368317,-76.0095497673612,-76.0095497673612
185.27000517368316,-76.00770995700746,-76.00770995700746
185.28000517368318,-76.00586405766184,-76.00586405766184
185.29000517368317,-76.00401237407836,-76.00401237407836
185.30000519752502,-76.00215520301866,-76.00215520301866
185.31000519752502,-76.00029285092589,-76.00029285092589
185.32000519752503,-75.99842560750514,-75.99842560750514
185.33000519752503,-75.99655376334293,-75.99655376334293
185.34000519752502,-75.99467760557,-75.99467760557
185.35000519752504,-75.99279741785533,-75.99279741785533
185.36000519752503,-75.99091348044348,-75.99091348044348
185.37000519752502,-75.98902607015832,-75.98902607015832
185.38000519752504,-75.98713546043453,-75.98713546043453
185.39000519752503,-75.98524192129858,-75.98524192129858
185.40000519752502,-75.98334571941808,-75.98334571941808
185.41000519752504,-75.9814471181023,-75.9814471181023
185.42000519752503,-75.9795463773093,-75.9795463773093
185.43000519752502,-75.97764375366958,-75.97764375366958
185.440005197525,-75.97573950049261,-75.97573950049261
185.45000519752503,-75.97383386778823,-75.97383386778823
185.46000519752502,-75.97192048044147,-75.97192048044147
185.470005197525,-75.96999668612911,-75.96999668612911
185.48000519752503,-75.96806131812119,-75.96806131812119
185.49000519752502,-75.96611389537274,-75.96611389537274
185.500005197525,-75.96415431739526,-75.96415431739526
185.51000519752503,-75.96218270579392,-75.96218270579392
185.52000519752502,-75.96019931137587,-75.96019931137587
185.530005197525,-75.95820445839739,-75.95820445839739
185.54000519752503,-75.95619851098728,-75.95619851098728
185.55000519752502,-75.95418185302256,-75.95418185302256
185.56000519752502,-75.95215487616245,-75.95215487616245
185.57000519752503,-75.95011797280873,-75.95011797280873
185.58000519752503,-75.94807153207894,-75.94807153207894
185.59000519752502,-75.94601593760369,-75.94601593760369
185.60000519752504,-75.94395156646279,-75.94395156646279
185.61000519752503,-75.94187878874143,-75.94187878874143
185.62000519752502,-75.93979796748425,-75.93979796748425
185.63000519752504,-75.93770945888856,-75.93770945888856
185.64000519752503,-75.93561361254132,-75.93561361254132
185.65000519752502,-75.93351077178522,-75.93351077178522
185.66000519752504,-75.93140127403284,-75.93140127403284
185.67000519752503,-75.92928545106763,-75.92928545106763
185.68000519752502,-75.92716362937153,-75.92716362937153
185.690005197525,-75.92503613034818,-75.92503613034818
185.70000519752503,-75.92290327061633,-75.92290327061633
185.71000519752502,-75.92076536215828,-75.92076536215828
185.720005197525,-75.91862271253714,-75.91862271253714
185.73000519752503,-75.91647562505693,-75.91647562505693
185.74000519752502,-75.91432439886994,-75.91432439886994
185.750005197525,-75.91216932912353,-75.91216932912353
185.76000519752503,-75.9100107070448,-75.9100107070448
185.77000519752502,-75.9078488200225,-75.9078488200225
185.780005197525,-75.90568395171032,-75.90568395171032
185.79000519752503,-75.90351638205763,-75.90351638205763
185.80000519752502,-75.90134638739049,-75.90134638739049
185.81000519752502,-75.89917424045395,-75.89917424045395
185.82000519752503,-75.89700021046065,-75.89700021046065
185.83000519752503,-75.89482456311117,-75.89482456311117
185.84000519752502,-75.89264756065603,-75.89264756065603
185.85000519752504,-75.89046946191883,-75.89046946191883
185.86000519752503,-75.88829052230457,-75.88829052230457
185.87000519752502,-75.88611099385099,-75.88611099385099
185.88000519752504,-75.88393112525469,-75.88393112525469
185.89000519752503,-75.88175116186783,-75.88175116186783
185.90000519752502,-75.87957134574528,-75.87957134574528
185.91000519752504,-75.87739191565831,-75.87739191565831
185.92000519752503,-75.87521310711952,-75.87521310711952
185.93000519752502,-75.87303515239323,-75.87303515239323
185.940005197525,-75.87085828053063,-75.87085828053063
185.95000519752503,-75.8686827173805,-75.8686827173805
185.96000519752502,-75.8665020741575,-75.8665020741575
185.970005197525,-75.86431368014824,-75.86431368014824
185.98000519752503,-75.8621163483521,-75.8621163483521
185.99000519752502,-75.85990957663132,-75.85990957663132
186.000005197525,-75.85769324297308,-75.85769324297308
186.01000519752503,-75.85546744725546,-75.85546744725546
186.02000519752502,-75.85323241845155,-75.85323241845155
186.030005197525,-75.85098845891793,-75.85098845891793
186.04000519752503,-75.84873591090842,-75.84873591090842
186.05000519752502,-75.8464751364426,-75.8464751364426
186.06000519752502,-75.84420650535188,-75.84420650535188
186.07000519752503,-75.84193038828735,-75.84193038828735
186.08000519752503,-75.8396471526646,-75.8396471526646
186.09000519752502,-75.8373571605177,-75.8373571605177
186.10000519752504,-75.83506076740598,-75.83506076740598
186.11000519752503,-75.83275832198329,-75.83275832198329
186.12000519752502,-75.83045016598066,-75.83045016598066
186.13000519752504,-75.82813663439772,-75.82813663439772
186.14000519752503,-75.8258180557368,-75.8258180557368
186.15000522136688,-75.8234947468417,-75.8234947468417
186.16000522136687,-75.82116703534183,-75.82116703534183
186.1700052213669,-75.81883522682037,-75.81883522682037
186.18000522136688,-75.81649962718876,-75.81649962718876
186.19000522136687,-75.81416053744562,-75.81416053744562
186.2000052213669,-75.81181825392343,-75.81181825392343
186.21000522136688,-75.8094730684957,-75.8094730684957
186.22000522136688,-75.80712526875358,-75.80712526875358
186.2300052213669,-75.80477513818447,-75.80477513818447
186.24000522136689,-75.80242295628614,-75.80242295628614
186.25000522136688,-75.800068998711,-75.800068998711
186.2600052213669,-75.79771353734971,-75.79771353734971
186.2700052213669,-75.79535684041772,-75.79535684041772
186.28000522136688,-75.79299917256081,-75.79299917256081
186.29000522136687,-75.790640794883,-75.790640794883
186.3000052213669,-75.78828196504247,-75.78828196504247
186.31000522136688,-75.78592293726967,-75.78592293726967
186.32000522136687,-75.78356396243136,-75.78356396243136
186.3300052213669,-75.78120528807426,-75.78120528807426
186.34000522136688,-75.77884715842798,-75.77884715842798
186.35000522136687,-75.77648981448445,-75.77648981448445
186.3600052213669,-75.77413349399392,-75.77413349399392
186.37000522136688,-75.77177843149173,-75.77177843149173
186.38000522136687,-75.7694248583426,-75.7694248583426
186.3900052213669,-75.76707300275687,-75.76707300275687
186.40000522136688,-75.76472308979396,-75.76472308979396
186.41000522136687,-75.76237534140951,-75.76237534140951
186.4200052213669,-75.76002997646206,-75.76002997646206
186.43000522136688,-75.75768721073847,-75.75768721073847
186.44000522136687,-75.7553472569649,-75.7553472569649
186.4500052213669,-75.75301032483787,-75.75301032483787
186.46000522136688,-75.75067002057702,-75.75067002057702
186.47000522136688,-75.74832366323353,-75.74832366323353
186.4800052213669,-75.74597005351906,-75.74597005351906
186.49000522136689,-75.74360867613778,-75.74360867613778
186.50000522136688,-75.74123939548716,-75.74123939548716
186.5100052213669,-75.73886229763943,-75.73886229763943
186.5200052213669,-75.73647759766939,-75.73647759766939
186.53000522136688,-75.734085584018,-75.734085584018
186.54000522136687,-75.73168658503744,-75.73168658503744
186.5500052213669,-75.72928094889664,-75.72928094889664
186.56000522136688,-75.72686903164066,-75.72686903164066
186.57000522136687,-75.72445119019903,-75.72445119019903
186.5800052213669,-75.72202777835507,-75.72202777835507
186.59000522136688,-75.7195991445908,-75.7195991445908
186.60000522136687,-75.71716563099992,-75.71716563099992
186.6100052213669,-75.71472757288693,-75.71472757288693
186.62000522136688,-75.71228529870177,-75.71228529870177
186.63000522136687,-75.70983913027585,-75.70983913027585
186.6400052213669,-75.70738938305192,-75.70738938305192
186.65000522136688,-75.70493636645485,-75.70493636645485
186.66000522136687,-75.70248038419149,-75.70248038419149
186.6700052213669,-75.70002173461825,-75.70002173461825
186.68000522136688,-75.69756071101233,-75.69756071101233
186.69000522136687,-75.69509760184481,-75.69509760184481
186.7000052213669,-75.69263269102905,-75.69263269102905
186.71000522136688,-75.69016625812597,-75.69016625812597
186.72000522136688,-75.6876985785345,-75.6876985785345
186.7300052213669,-75.68522992366327,-75.68522992366327
186.74000522136689,-75.68276056103402,-75.68276056103402
186.75000522136688,-75.68029075443783,-75.68029075443783
186.7600052213669,-75.67782076402469,-75.67782076402469
186.7700052213669,-75.67535084637976,-75.67535084637976
186.78000522136688,-75.67288125461803,-75.67288125461803
186.79000522136687,-75.67041223843808,-75.67041223843808
186.8000052213669,-75.66794404419437,-75.66794404419437
186.81000522136688,-75.66547691493996,-75.66547691493996
186.82000522136687,-75.66301109045519,-75.66301109045519
186.8300052213669,-75.66054680731798,-75.66054680731798
186.84000522136688,-75.65808429891491,-75.65808429891491
186.85000522136687,-75.65562379548057,-75.65562379548057
186.8600052213669,-75.65316552412942,-75.65316552412942
186.87000522136688,-75.65070970887189,-75.65070970887189
186.88000522136687,-75.64825657064952,-75.64825657064952
186.8900052213669,-75.645806327347,-75.645806327347
186.90000522136688,-75.6433591938183,-75.6433591938183
186.91000522136687,-75.64091538191927,-75.64091538191927
186.9200052213669,-75.63847510049249,-75.63847510049249
186.93000522136688,-75.63603855543538,-75.63603855543538
186.94000522136687,-75.63360594968138,-75.63360594968138
186.9500052213669,-75.63117748323351,-75.63117748323351
186.96000522136688,-75.6287533531759,-75.6287533531759
186.97000522136688,-75.62633375369822,-75.62633375369822
186.9800052213669,-75.62391887612279,-75.62391887612279
186.99000522136689,-75.62150890890166,-75.62150890890166
187.00000524520874,-75.6191040319106,-75.6191040319106
187.01000524520873,-75.61670443942639,-75.61670443942639
187.02000524520875,-75.61431030570537,-75.61431030570537
187.03000524520874,-75.61192180794696,-75.61192180794696
187.04000524520873,-75.60953912061667,-75.60953912061667
187.05000524520875,-75.60716241541986,-75.60716241541986
187.06000524520874,-75.60479186134421,-75.60479186134421
187.07000524520873,-75.60242762467809,-75.60242762467809
187.08000524520875,-75.6000698690355,-75.6000698690355
187.09000524520874,-75.59771875536737,-75.59771875536737
187.10000524520873,-75.59537444199205,-75.59537444199205
187.11000524520875,-75.59303708461263,-75.59303708461263
187.12000524520874,-75.59070683633628,-75.59070683633628
187.13000524520874,-75.58838384770628,-75.58838384770628
187.14000524520873,-75.58606826671678,-75.58606826671678
187.15000524520875,-75.58376023884327,-75.58376023884327
187.16000524520874,-75.5814599070397,-75.5814599070397
187.17000524520873,-75.5791674118062,-75.5791674118062
187.18000524520875,-75.57688289117179,-75.57688289117179
187.19000524520874,-75.57460648074448,-75.57460648074448
187.20000524520873,-75.57233831372157,-75.57233831372157
187.21000524520875,-75.5700785209134,-75.5700785209134
187.22000524520874,-75.56782723077178,-75.56782723077178
187.23000524520873,-75.56558456941039,-75.56558456941039
187.24000524520875,-75.56335066063502,-75.56335066063502
187.25000524520874,-75.56112562595887,-75.56112562595887
187.26000524520873,-75.55890958464121,-75.55890958464121
187.27000524520875,-75.55670265368535,-75.55670265368535
187.28000524520874,-75.55450494789065,-75.55450494789065
187.29000524520873,-75.55231657985951,-75.55231657985951
187.30000524520875,-75.55013766003597,-75.55013766003597
187.31000524520874,-75.54796829670822,-75.54796829670822
187.32000524520873,-75.54580859605156,-75.54580859605156
187.33000524520875,-75.54365866215704,-75.54365866215704
187.34000524520874,-75.54151859702377,-75.54151859702377
187.35000524520873,-75.53938850062228,-75.53938850062228
187.36000524520875,-75.53726847089688,-75.53726847089688
187.37000524520874,-75.5351586037874,-75.5351586037874
187.38000524520874,-75.53305899326321,-75.53305899326321
187.39000524520873,-75.53096973134416,-75.53096973134416
187.40000524520875,-75.52889090812167,-75.52889090812167
187.41000524520874,-75.52682261178344,-75.52682261178344
187.42000524520873,-75.52476492862667,-75.52476492862667
187.43000524520875,-75.52271794310988,-75.52271794310988
187.44000524520874,-75.5206817378381,-75.5206817378381
187.45000524520873,-75.51865639363014,-75.51865639363014
187.46000524520875,-75.51663540913351,-75.51663540913351
187.47000524520874,-75.5146159858584,-75.5146159858584
187.48000524520873,-75.5125968037162,-75.5125968037162
187.49000524520875,-75.51057722578375,-75.51057722578375
187.50000524520874,-75.50855699489769,-75.50855699489769
187.51000524520873,-75.50653607609422,-75.50653607609422
187.52000524520875,-75.50451456423723,-75.50451456423723
187.53000524520874,-75.50249262849002,-75.50249262849002
187.54000524520873,-75.50047047898562,-75.50047047898562
187.55000524520875,-75.49844834678545,-75.49844834678545
187.56000524520874,-75.49642647197105,-75.49642647197105
187.57000524520873,-75.49440509666118,-75.49440509666118
187.58000524520875,-75.49238446102592,-75.49238446102592
187.59000524520874,-75.49036480110608,-75.49036480110608
187.60000524520873,-75.48834634776127,-75.48834634776127
187.61000524520875,-75.48632932626593,-75.48632932626593
187.62000524520874,-75.48431395623942,-75.48431395623942
187.63000524520874,-75.48230045188228,-75.48230045188228
187.64000524520873,-75.4802890222095,-75.4802890222095
187.65000524520875,-75.47827987141936,-75.47827987141936
187.66000524520874,-75.47627319921753,-75.47627319921753
187.67000524520873,-75.47426920112387,-75.47426920112387
187.68000524520875,-75.4722680687954,-75.4722680687954
187.69000524520874,-75.47026999026767,-75.47026999026767
187.70000524520873,-75.46827515021448,-75.46827515021448
187.71000524520875,-75.46628373014724,-75.46628373014724
187.72000524520874,-75.46429590859532,-75.46429590859532
187.73000524520873,-75.46231186125439,-75.46231186125439
187.74000524520875,-75.46033176113696,-75.46033176113696
187.75000524520874,-75.45835577865948,-75.45835577865948
187.76000524520873,-75.45638408176102,-75.45638408176102
187.77000524520875,-75.45441683598624,-75.45441683598624
187.78000524520874,-75.45245420454145,-75.45245420454145
187.79000524520873,-75.45049634836492,-75.45049634836492
187.80000524520875,-75.44854342616753,-75.44854342616753
187.81000524520874,-75.44659559448408,-75.44659559448408
187.82000524520873,-75.44465300771114,-75.44465300771114
187.83000524520875,-75.44271581813842,-75.44271581813842
187.84000524520874,-75.44078417596415,-75.44078417596415
187.8500052690506,-75.43885822472765,-75.43885822472765
187.8600052690506,-75.436938119724,-75.436938119724
187.8700052690506,-75.43502400041501,-75.43502400041501
187.8800052690506,-75.43311600886763,-75.43311600886763
187.8900052690506,-75.43121428514954,-75.43121428514954
187.9000052690506,-75.42931896733688,-75.42931896733688
187.9100052690506,-75.42743019153302,-75.42743019153302
187.9200052690506,-75.42554809189888,-75.42554809189888
187.9300052690506,-75.42367280062184,-75.42367280062184
187.9400052690506,-75.42180444794828,-75.42180444794828
187.9500052690506,-75.4199431621964,-75.4199431621964
187.9600052690506,-75.41808906975557,-75.41808906975557
187.9700052690506,-75.41624229510172,-75.41624229510172
187.9800052690506,-75.41440296079644,-75.41440296079644
187.99000526905058,-75.41257118750762,-75.41257118750762
188.0000052690506,-75.41074709401316,-75.41074709401316
188.0100052690506,-75.40893079719855,-75.40893079719855
188.02000526905059,-75.40712241209603,-75.40712241209603
188.0300052690506,-75.4053220518605,-75.4053220518605
188.0400052690506,-75.40352982779225,-75.40352982779225
188.0500052690506,-75.40174584936398,-75.40174584936398
188.0600052690506,-75.39997022420607,-75.39997022420607
188.0700052690506,-75.39820305813485,-75.39820305813485
188.0800052690506,-75.3964444551496,-75.3964444551496
188.0900052690506,-75.39469451745663,-75.39469451745663
188.1000052690506,-75.39295334546327,-75.39295334546327
188.1100052690506,-75.39122103781801,-75.39122103781801
188.1200052690506,-75.38949769140432,-75.38949769140432
188.1300052690506,-75.38778340134199,-75.38778340134199
188.1400052690506,-75.38607826102513,-75.38607826102513
188.1500052690506,-75.38438236212647,-75.38438236212647
188.1600052690506,-75.38269579459956,-75.38269579459956
188.1700052690506,-75.38101864669055,-75.38101864669055
188.1800052690506,-75.37935100498179,-75.37935100498179
188.1900052690506,-75.37769295438092,-75.37769295438092
188.2000052690506,-75.37604457813192,-75.37604457813192
188.2100052690506,-75.37440595783444,-75.37440595783444
188.2200052690506,-75.37277717347744,-75.37277717347744
188.2300052690506,-75.37115830342597,-75.37115830342597
188.24000526905058,-75.36954942444653,-75.36954942444653
188.2500052690506,-75.36795061172204,-75.36795061172204
188.2600052690506,-75.36636193888567,-75.36636193888567
188.27000526905059,-75.36478347798585,-75.36478347798585
188.2800052690506,-75.36321529956354,-75.36321529956354
188.2900052690506,-75.36165747262375,-75.36165747262375
188.3000052690506,-75.36011006467612,-75.36011006467612
188.3100052690506,-75.35857314172222,-75.35857314172222
188.3200052690506,-75.35704676829775,-75.35704676829775
188.3300052690506,-75.35553100749185,-75.35553100749185
188.3400052690506,-75.35402592092554,-75.35402592092554
188.3500052690506,-75.35253156879836,-75.35253156879836
188.3600052690506,-75.35104800991482,-75.35104800991482
188.3700052690506,-75.34957530166744,-75.34957530166744
188.3800052690506,-75.34811350006856,-75.34811350006856
188.3900052690506,-75.34666265977135,-75.34666265977135
188.4000052690506,-75.34522283406783,-75.34522283406783
188.4100052690506,-75.34379407493005,-75.34379407493005
188.4200052690506,-75.34237643300747,-75.34237643300747
188.4300052690506,-75.34096995764436,-75.34096995764436
188.4400052690506,-75.33957469689638,-75.33957469689638
188.4500052690506,-75.33819069755216,-75.33819069755216
188.4600052690506,-75.33681800514509,-75.33681800514509
188.4700052690506,-75.33545666396179,-75.33545666396179
188.4800052690506,-75.3341067170772,-75.3341067170772
188.49000526905058,-75.33276820633941,-75.33276820633941
188.5000052690506,-75.33144117240954,-75.33144117240954
188.5100052690506,-75.33012565477229,-75.33012565477229
188.52000526905059,-75.32882169174714,-75.32882169174714
188.5300052690506,-75.32752932049662,-75.32752932049662
188.5400052690506,-75.32624857705552,-75.32624857705552
188.5500052690506,-75.32497949634174,-75.32497949634174
188.5600052690506,-75.32372211216504,-75.32372211216504
188.5700052690506,-75.32247645723669,-75.32247645723669
188.5800052690506,-75.32124256321046,-75.32124256321046
188.5900052690506,-75.32002046066391,-75.32002046066391
188.6000052690506,-75.31881017912565,-75.31881017912565
188.6100052690506,-75.3176117470928,-75.3176117470928
188.6200052690506,-75.3164251920588,-75.3164251920588
188.6300052690506,-75.3152505404946,-75.3152505404946
188.6400052690506,-75.31408781788154,-75.31408781788154
188.6500052690506,-75.3129370487353,-75.3129370487353
188.6600052690506,-75.31179825659096,-75.31179825659096
188.6700052690506,-75.3106714640576,-75.3106714640576
188.6800052690506,-75.30955669277712,-75.30955669277712
188.6900052690506,-75.30845396348256,-75.30845396348256
188.70000529289246,-75.30736329340081,-75.30736329340081
188.71000529289245,-75.30628470668974,-75.30628470668974
188.72000529289247,-75.30521821874387,-75.30521821874387
188.73000529289246,-75.30416384673586,-75.30416384673586
188.74000529289245,-75.30312160696823,-75.30312160696823
188.75000529289247,-75.30209151489694,-75.30209151489694
188.76000529289246,-75.30107358515137,-75.30107358515137
188.77000529289245,-75.30006783152913,-75.30006783152913
188.78000529289247,-75.29907426703087,-75.29907426703087
188.79000529289246,-75.29809290383969,-75.29809290383969
188.80000529289245,-75.29712375336064,-75.29712375336064
188.81000529289247,-75.29616682622313,-75.29616682622313
188.82000529289246,-75.29522213229808,-75.29522213229808
188.83000529289245,-75.29428968069543,-75.29428968069543
188.84000529289244,-75.29336947978517,-75.29336947978517
188.85000529289246,-75.29246153720756,-75.29246153720756
188.86000529289245,-75.29156585989242,-75.29156585989242
188.87000529289244,-75.29068245405183,-75.29068245405183
188.88000529289246,-75.2898113252125,-75.2898113252125
188.89000529289245,-75.28895247819743,-75.28895247819743
188.90000529289244,-75.28810591716103,-75.28810591716103
188.91000529289246,-75.28727164560678,-75.28727164560678
188.92000529289245,-75.2864496663574,-75.2864496663574
188.93000529289245,-75.28563998161096,-75.28563998161096
188.94000529289247,-75.2848425929179,-75.2848425929179
188.95000529289246,-75.28405750121131,-75.28405750121131
188.96000529289245,-75.28328470681284,-75.28328470681284
188.97000529289247,-75.2825242094245,-75.2825242094245
188.98000529289246,-75.28177600815829,-75.28177600815829
188.99000529289245,-75.28104010154779,-75.28104010154779
189.00000529289247,-75.28031648754148,-75.28031648754148
189.01000529289246,-75.27960516351982,-75.27960516351982
189.02000529289245,-75.27890612630178,-75.27890612630178
189.03000529289247,-75.27821937216747,-75.27821937216747
189.04000529289246,-75.27754489684523,-75.27754489684523
189.05000529289245,-75.276882695533,-75.276882695533
189.06000529289247,-75.27623276290429,-75.27623276290429
189.07000529289246,-75.27559509311446,-75.27559509311446
189.08000529289245,-75.27496967982975,-75.27496967982975
189.09000529289244,-75.27435651619436,-75.27435651619436
189.10000529289246,-75.27375559487383,-75.27375559487383
189.11000529289245,-75.2731669080473,-75.2731669080473
189.12000529289244,-75.27259044742733,-75.27259044742733
189.13000529289246,-75.27202620424407,-75.27202620424407
189.14000529289245,-75.2714741692801,-75.2714741692801
189.15000529289244,-75.27093433288015,-75.27093433288015
189.16000529289246,-75.27040668492266,-75.27040668492266
189.17000529289245,-75.26989121485896,-75.26989121485896
189.18000529289245,-75.26938791170312,-75.26938791170312
189.19000529289247,-75.26889676407436,-75.26889676407436
189.20000529289246,-75.26841776014365,-75.26841776014365
189.21000529289245,-75.26794432473777,-75.26794432473777
189.22000529289247,-75.26747357418701,-75.26747357418701
189.23000529289246,-75.2670040997022,-75.2670040997022
189.24000529289245,-75.26653517482364,-75.26653517482364
189.25000529289247,-75.26606645301572,-75.26606645301572
189.26000529289246,-75.2655978106479,-75.2655978106479
189.27000529289245,-75.26512925492321,-75.26512925492321
189.28000529289247,-75.26466086857167,-75.26466086857167
189.29000529289246,-75.264192776583,-75.264192776583
189.30000529289245,-75.2637251262435,-75.2637251262435
189.31000529289247,-75.2632580752697,-75.2632580752697
189.32000529289246,-75.26279178479426,-75.26279178479426
189.33000529289245,-75.2623264153944,-75.2623264153944
189.34000529289244,-75.26186212490143,-75.26186212490143
189.35000529289246,-75.26139906731512,-75.26139906731512
189.36000529289245,-75.26093739236195,-75.26093739236195
189.37000529289244,-75.26047724545775,-75.26047724545775
189.38000529289246,-75.2600187678461,-75.2600187678461
189.39000529289245,-75.25956209687806,-75.25956209687806
189.40000529289244,-75.25910736630874,-75.25910736630874
189.41000529289246,-75.25865470660621,-75.25865470660621
189.42000529289245,-75.25820424527063,-75.25820424527063
189.43000529289245,-75.25775610709965,-75.25775610709965
189.44000529289247,-75.2573104144289,-75.2573104144289
189.45000529289246,-75.25686728736201,-75.25686728736201
189.46000529289245,-75.25642684395162,-75.25642684395162
189.47000529289247,-75.25598920037186,-75.25598920037186
189.48000529289246,-75.25555447104044,-75.25555447104044
189.49000529289245,-75.25512276874089,-75.25512276874089
189.50000529289247,-75.25469420472292,-75.25469420472292
189.51000529289246,-75.25426888878187,-75.25426888878187
189.52000529289245,-75.25384692932676,-75.25384692932676
189.53000529289247,-75.25342843343476,-75.25342843343476
189.54000529289246,-75.25301350688095,-75.25301350688095
189.5500053167343,-75.25260225321448,-75.25260225321448
189.5600053167343,-75.25219477771678,-75.25219477771678
189.57000531673432,-75.25179118148598,-75.25179118148598
189.58000531673432,-75.25139156543665,-75.25139156543665
189.5900053167343,-75.25099602930425,-75.25099602930425
189.60000531673433,-75.25060467166983,-75.25060467166983
189.61000531673432,-75.25021758994207,-75.25021758994207
189.6200053167343,-75.24983488038978,-75.24983488038978
189.63000531673433,-75.2494566381222,-75.2494566381222
189.64000531673432,-75.24908295709939,-75.24908295709939
189.6500053167343,-75.24871393012629,-75.24871393012629
189.66000531673433,-75.24834964887705,-75.24834964887705
189.67000531673432,-75.24799020383396,-75.24799020383396
189.6800053167343,-75.24763568436626,-75.24763568436626
189.6900053167343,-75.24728617865567,-75.24728617865567
189.70000531673432,-75.24694177373686,-75.24694177373686
189.7100053167343,-75.2466025554728,-75.2466025554728
189.7200053167343,-75.24626860856647,-75.24626860856647
189.73000531673432,-75.24594001655761,-75.24594001655761
189.7400053167343,-75.245616861808,-75.245616861808
189.7500053167343,-75.24529922550705,-75.24529922550705
189.76000531673432,-75.24498718768199,-75.24498718768199
189.7700053167343,-75.24468082717657,-75.24468082717657
189.7800053167343,-75.2443802216604,-75.2443802216604
189.79000531673432,-75.24408544762545,-75.24408544762545
189.8000053167343,-75.24379658040036,-75.24379658040036
189.8100053167343,-75.24351369413021,-75.24351369413021
189.82000531673432,-75.24323686178921,-75.24323686178921
189.83000531673432,-75.24296615518364,-75.24296615518364
189.8400053167343,-75.24270164493423,-75.24270164493423
189.85000531673433,-75.24244340051825,-75.24244340051825
189.86000531673432,-75.2421914902295,-75.2421914902295
189.8700053167343,-75.241945981212,-75.241945981212
189.88000531673433,-75.24170693944156,-75.24170693944156
189.89000531673432,-75.24147442974733,-75.24147442974733
189.9000053167343,-75.24124851580945,-75.24124851580945
189.91000531673433,-75.24102926015794,-75.24102926015794
189.92000531673432,-75.24081672418154,-75.24081672418154
189.9300053167343,-75.24061096813674,-75.24061096813674
189.9400053167343,-75.24041205115276,-75.24041205115276
189.95000531673432,-75.24022003124524,-75.24022003124524
189.9600053167343,-75.24003496529892,-75.24003496529892
189.9700053167343,-75.23985690908464,-75.23985690908464
189.98000531673432,-75.23968591728634,-75.23968591728634
189.9900053167343,-75.23952204348241,-75.23952204348241
190.0000053167343,-75.23936534017153,-75.23936534017153
190.01000531673432,-75.23921585875662,-75.23921585875662
190.0200053167343,-75.2390736495833,-75.2390736495833
190.0300053167343,-75.23893876191907,-75.23893876191907
190.04000531673432,-75.23881124399367,-75.23881124399367
190.0500053167343,-75.23869114296477,-75.23869114296477
190.0600053167343,-75.23857850496654,-75.23857850496654
190.07000531673432,-75.23847337510304,-75.23847337510304
190.08000531673432,-75.23837579745141,-75.23837579745141
190.0900053167343,-75.23828581506204,-75.23828581506204
190.10000531673433,-75.23820347001596,-75.23820347001596
190.11000531673432,-75.23812880336412,-75.23812880336412
190.1200053167343,-75.23806185520556,-75.23806185520556
190.13000531673433,-75.23800266464032,-75.23800266464032
190.14000531673432,-75.23795126981071,-75.23795126981071
190.1500053167343,-75.23790770789273,-75.23790770789273
190.16000531673433,-75.23787201514268,-75.23787201514268
190.17000531673432,-75.23784422684969,-75.23784422684969
190.1800053167343,-75.23782437739682,-75.23782437739682
190.1900053167343,-75.2378125002406,-75.2378125002406
190.20000531673432,-75.23780862794048,-75.23780862794048
190.2100053167343,-75.23781279214596,-75.23781279214596
190.2200053167343,-75.23782502362764,-75.23782502362764
190.23000531673432,-75.23784535227705,-75.23784535227705
190.2400053167343,-75.23787380711504,-75.23787380711504
190.2500053167343,-75.2379104163116,-75.2379104163116
190.26000531673432,-75.23795520719011,-75.23795520719011
190.2700053167343,-75.2380082062346,-75.2380082062346
190.2800053167343,-75.23806943909844,-75.23806943909844
190.29000531673432,-75.23813893062007,-75.23813893062007
190.3000053167343,-75.23821670483953,-75.23821670483953
190.3100053167343,-75.2383027849949,-75.2383027849949
190.32000531673432,-75.23839719352537,-75.23839719352537
190.33000531673432,-75.23849995210817,-75.23849995210817
190.3400053167343,-75.23861108165478,-75.23861108165478
190.35000531673433,-75.2387306023086,-75.2387306023086
190.36000531673432,-75.23885853346034,-75.23885853346034
190.3700053167343,-75.2389948937806,-75.2389948937806
190.38000531673433,-75.23913970120249,-75.23913970120249
190.39000531673432,-75.23929297293563,-75.23929297293563
190.40000534057617,-75.2394547258708,-75.2394547258708
190.41000534057616,-75.23962497507127,-75.23962497507127
190.42000534057618,-75.23980373600126,-75.23980373600126
190.43000534057617,-75.23999102309739,-75.23999102309739
190.44000534057616,-75.24018685012152,-75.24018685012152
190.45000534057618,-75.24039123017627,-75.24039123017627
190.46000534057617,-75.24059761302128,-75.24059761302128
190.47000534057617,-75.24080313773622,-75.24080313773622
190.48000534057618,-75.24100641739996,-75.24100641739996
190.49000534057618,-75.2412067469108,-75.2412067469108
190.50000534057617,-75.24140380075282,-75.24140380075282
190.51000534057619,-75.24159747608081,-75.24159747608081
190.52000534057618,-75.24178780070044,-75.24178780070044
190.53000534057617,-75.24197487782624,-75.24197487782624
190.54000534057616,-75.24215885284612,-75.24215885284612
190.55000534057618,-75.24233989338855,-75.24233989338855
190.56000534057617,-75.24251817741617,-75.24251817741617
190.57000534057616,-75.24269388629509,-75.24269388629509
190.58000534057618,-75.24286720076495,-75.24286720076495
190.59000534057617,-75.24303829872501,-75.24303829872501
190.60000534057616,-75.24320735419703,-75.24320735419703
190.61000534057618,-75.24337453685361,-75.24337453685361
190.62000534057617,-75.24354001196664,-75.24354001196664
190.63000534057616,-75.24370394054584,-75.24370394054584
190.64000534057618,-75.24386647961288,-75.24386647961288
190.65000534057617,-75.2440277824858,-75.2440277824858
190.66000534057616,-75.24418799910367,-75.24418799910367
190.67000534057618,-75.24434727630788,-75.24434727630788
190.68000534057617,-75.24450575812517,-75.24450575812517
190.69000534057616,-75.24466358601603,-75.24466358601603
190.70000534057618,-75.24482089906941,-75.24482089906941
190.71000534057617,-75.24497783419244,-75.24497783419244
190.72000534057617,-75.24513452630111,-75.24513452630111
190.73000534057618,-75.24529110842397,-75.24529110842397
190.74000534057618,-75.24544771181614,-75.24544771181614
190.75000534057617,-75.24560446607951,-75.24560446607951
190.76000534057619,-75.24576149921099,-75.24576149921099
190.77000534057618,-75.24591893769643,-75.24591893769643
190.78000534057617,-75.2460769065407,-75.2460769065407
190.79000534057616,-75.24623552932601,-75.24623552932601
190.80000534057618,-75.24639492825081,-75.24639492825081
190.81000534057617,-75.24655522413443,-75.24655522413443
190.82000534057616,-75.24671653647684,-75.24671653647684
190.83000534057618,-75.24687898343612,-75.24687898343612
190.84000534057617,-75.2470426818747,-75.2470426818747
190.85000534057616,-75.24720774733939,-75.24720774733939
190.86000534057618,-75.24737429410001,-75.24737429410001
190.87000534057617,-75.24754243511838,-75.24754243511838
190.88000534057616,-75.24771228209222,-75.24771228209222
190.89000534057618,-75.24788394542047,-75.24788394542047
190.90000534057617,-75.24805753420512,-75.24805753420512
190.91000534057616,-75.24823315629618,-75.24823315629618
190.92000534057618,-75.24841091823095,-75.24841091823095
190.93000534057617,-75.24859092527106,-75.24859092527106
190.94000534057616,-75.24877328138514,-75.24877328138514
190.95000534057618,-75.24895808926087,-75.24895808926087
190.96000534057617,-75.24914545027282,-75.24914545027282
190.97000534057617,-75.24933546451899,-75.24933546451899
190.98000534057618,-75.24952823081013,-75.24952823081013
190.99000534057618,-75.2497238466397,-75.2497238466397
191.00000534057617,-75.24992240821584,-75.24992240821584
191.01000534057619,-75.25012401045585,-75.25012401045585
191.02000534057618,-75.25032874696245,-75.25032874696245
191.03000534057617,-75.2505367100536,-75.2505367100536
191.04000534057616,-75.25074799074714,-75.25074799074714
191.05000534057618,-75.2509626787711,-75.2509626787711
191.06000534057617,-75.25118086255532,-75.25118086255532
191.07000534057616,-75.25140262923199,-75.25140262923199
191.08000534057618,-75.25162806466261,-75.25162806466261
191.09000534057617,-75.25185725340626,-75.25185725340626
191.10000534057616,-75.25209027874352,-75.25209027874352
191.11000534057618,-75.25232722268545,-75.25232722268545
191.12000534057617,-75.25256816595208,-75.25256816595208
191.13000534057616,-75.25281318801149,-75.25281318801149
191.14000534057618,-75.25306236704616,-75.25306236704616
191.15000534057617,-75.25331577999978,-75.25331577999978
191.16000534057616,-75.25357350255638,-75.25357350255638
191.17000534057618,-75.25383560914169,-75.25383560914169
191.18000534057617,-75.25410217294974,-75.25410217294974
191.19000534057616,-75.25437326593837,-75.25437326593837
191.20000534057618,-75.25464895884407,-75.25464895884407
191.21000534057617,-75.25492932116697,-75.25492932116697
191.22000534057617,-75.25521442120703,-75.25521442120703
191.23000534057618,-75.25550432606006,-75.25550432606006
191.24000534057618,-75.25579910162227,-75.25579910162227
191.25000536441803,-75.25609881331381,-75.25609881331381
191.26000536441802,-75.25640352325999,-75.25640352325999
191.27000536441804,-75.25671329451279,-75.25671329451279
191.28000536441803,-75.25702818826804,-75.25702818826804
191.29000536441802,-75.25734826457807,-75.25734826457807
191.30000536441804,-75.25767358234218,-75.25767358234218
191.31000536441803,-75.25800419933272,-75.25800419933272
191.32000536441802,-75.25834017219167,-75.25834017219167
191.33000536441804,-75.25868155646144,-75.25868155646144
191.34000536441803,-75.25902840656791,-75.25902840656791
191.35000536441802,-75.25938077584459,-75.25938077584459
191.36000536441804,-75.2597387165565,-75.2597387165565
191.37000536441803,-75.26010227987534,-75.26010227987534
191.38000536441803,-75.26047151592792,-75.26047151592792
191.39000536441802,-75.26084647377435,-75.26084647377435
191.40000536441804,-75.26122720144144,-75.26122720144144
191.41000536441803,-75.26161374592414,-75.26161374592414
191.42000536441802,-75.26200615319887,-75.26200615319887
191.43000536441804,-75.26240446823583,-75.26240446823583
191.44000536441803,-75.26280873499235,-75.26280873499235
191.45000536441802,-75.26321899645554,-75.26321899645554
191.46000536441804,-75.26363529462499,-75.26363529462499
191.47000536441803,-75.26405767054368,-75.26405767054368
191.48000536441802,-75.26448616428661,-75.26448616428661
191.49000536441804,-75.26492081499667,-75.26492081499667
191.50000536441803,-75.26536166086451,-75.26536166086451
191.51000536441802,-75.26580873918529,-75.26580873918529
191.52000536441804,-75.26626208632617,-75.26626208632617
191.53000536441803,-75.26672173775214,-75.26672173775214
191.54000536441802,-75.26718772803706,-75.26718772803706
191.55000536441804,-75.26766009088503,-75.26766009088503
191.56000536441803,-75.26813885911528,-75.26813885911528
191.57000536441802,-75.26862406470839,-75.26862406470839
191.58000536441804,-75.26911573878706,-75.26911573878706
191.59000536441803,-75.26961391163313,-75.26961391163313
191.60000536441802,-75.2701186127124,-75.2701186127124
191.61000536441804,-75.27062987066303,-75.27062987066303
191.62000536441803,-75.27114771332064,-75.27114771332064
191.63000536441803,-75.2716721677304,-75.2716721677304
191.64000536441802,-75.2722032601521,-75.2722032601521
191.65000536441804,-75.27274101606939,-75.27274101606939
191.66000536441803,-75.27328546019513,-75.27328546019513
191.67000536441802,-75.27383661650134,-75.27383661650134
191.68000536441804,-75.27439450820509,-75.27439450820509
191.69000536441803,-75.27495915777978,-75.27495915777978
191.70000536441802,-75.27553058699907,-75.27553058699907
191.71000536441804,-75.27610881691174,-75.27610881691174
191.72000536441803,-75.27669386785296,-75.27669386785296
191.73000536441802,-75.27728575947283,-75.27728575947283
191.74000536441804,-75.27788451072992,-75.27788451072992
191.75000536441803,-75.27849013990505,-75.27849013990505
191.76000536441802,-75.27910266462042,-75.27910266462042
191.77000536441804,-75.27972210183226,-75.27972210183226
191.78000536441803,-75.2803484678567,-75.2803484678567
191.79000536441802,-75.28098177836358,-75.28098177836358
191.80000536441804,-75.28162204839762,-75.28162204839762
191.81000536441803,-75.2822692923816,-75.2822692923816
191.82000536441802,-75.28292352412377,-75.28292352412377
191.83000536441804,-75.28358475683419,-75.28358475683419
191.84000536441803,-75.284253003118,-75.284253003118
191.85000536441802,-75.28492827500324,-75.28492827500324
191.86000536441804,-75.28561058394446,-75.28561058394446
191.87000536441803,-75.28629994081793,-75.28629994081793
191.88000536441803,-75.28699635595238,-75.28699635595238
191.89000536441802,-75.28769983911417,-75.28769983911417
191.90000536441804,-75.28841039951642,-75.28841039951642
191.91000536441803,-75.28912804585104,-75.28912804585104
191.92000536441802,-75.28985278628564,-75.28985278628564
191.93000536441804,-75.29058462845681,-75.29058462845681
191.94000536441803,-75.29132357948544,-75.29132357948544
191.95000536441802,-75.29206964600337,-75.29206964600337
191.96000536441804,-75.29282283413173,-75.29282283413173
191.97000536441803,-75.29358314951293,-75.29358314951293
191.98000536441802,-75.2943505973093,-75.2943505973093
191.99000536441804,-75.29512518219637,-75.29512518219637
192.00000536441803,-75.29590690839092,-75.29590690839092
192.01000536441802,-75.29669577964573,-75.29669577964573
192.02000536441804,-75.29749179926785,-75.29749179926785
192.03000536441803,-75.29829497011121,-75.29829497011121
192.04000536441802,-75.29910529459983,-75.29910529459983
192.05000536441804,-75.29992277471584,-75.29992277471584
192.06000536441803,-75.30074741202239,-75.30074741202239
192.07000536441802,-75.30157920766892,-75.30157920766892
192.08000536441804,-75.30241816238717,-75.30241816238717
192.09000536441803,-75.30326427649963,-75.30326427649963
192.1000053882599,-75.30411755197248,-75.30411755197248
192.11000538825988,-75.30497798430369,-75.30497798430369
192.1200053882599,-75.30584557464948,-75.30584557464948
192.1300053882599,-75.30672032177483,-75.30672032177483
192.14000538825988,-75.30760222407677,-75.30760222407677
192.1500053882599,-75.3084912795911,-75.3084912795911
192.1600053882599,-75.30938748599024,-75.30938748599024
192.17000538825988,-75.31029084059351,-75.31029084059351
192.1800053882599,-75.31120134035228,-75.31120134035228
192.1900053882599,-75.31211898189193,-75.31211898189193
192.20000538825988,-75.31304376149079,-75.31304376149079
192.2100053882599,-75.31397567510263,-75.31397567510263
192.2200053882599,-75.31491471834379,-75.31491471834379
192.23000538825988,-75.31586088651524,-75.31586088651524
192.24000538825987,-75.31681417459696,-75.31681417459696
192.2500053882599,-75.31777457727297,-75.31777457727297
192.26000538825988,-75.31874208889754,-75.31874208889754
192.27000538825988,-75.319716703538,-75.319716703538
192.2800053882599,-75.32069841496872,-75.32069841496872
192.29000538825989,-75.32168721666135,-75.32168721666135
192.30000538825988,-75.32268310181692,-75.32268310181692
192.3100053882599,-75.32368606334579,-75.32368606334579
192.3200053882599,-75.32469609388082,-75.32469609388082
192.33000538825988,-75.32571318579389,-75.32571318579389
192.3400053882599,-75.3267373311822,-75.3267373311822
192.3500053882599,-75.32776852188567,-75.32776852188567
192.36000538825988,-75.32880674947666,-75.32880674947666
192.3700053882599,-75.32985200529649,-75.32985200529649
192.3800053882599,-75.33090428042131,-75.33090428042131
192.39000538825988,-75.33196356567365,-75.33196356567365
192.4000053882599,-75.33302985166043,-75.33302985166043
192.4100053882599,-75.33410312873521,-75.33410312873521
192.42000538825988,-75.335183387036,-75.335183387036
192.4300053882599,-75.33627061646175,-75.33627061646175
192.4400053882599,-75.33736480668475,-75.33736480668475
192.45000538825988,-75.33846594717473,-75.33846594717473
192.4600053882599,-75.33957402717469,-75.33957402717469
192.4700053882599,-75.34068903571375,-75.34068903571375
192.48000538825988,-75.34181096161738,-75.34181096161738
192.49000538825987,-75.34293979351924,-75.34293979351924
192.5000053882599,-75.34407551983536,-75.34407551983536
192.51000538825988,-75.34521812879908,-75.34521812879908
192.52000538825988,-75.34636760844366,-75.34636760844366
192.5300053882599,-75.34752394662007,-75.34752394662007
192.54000538825989,-75.3486871309844,-75.3486871309844
192.55000538825988,-75.34985714901762,-75.34985714901762
192.5600053882599,-75.35103398803223,-75.35103398803223
192.5700053882599,-75.35221763514303,-75.35221763514303
192.58000538825988,-75.3534080773069,-75.3534080773069
192.5900053882599,-75.35460530131611,-75.35460530131611
192.6000053882599,-75.35580929378882,-75.35580929378882
192.61000538825988,-75.3570200411922,-75.3570200411922
192.6200053882599,-75.35823752982844,-75.35823752982844
192.6300053882599,-75.35946174583626,-75.35946174583626
192.64000538825988,-75.36069267521917,-75.36069267521917
192.6500053882599,-75.36193030382192,-75.36193030382192
192.6600053882599,-75.36317461733644,-75.36317461733644
192.67000538825988,-75.36442560132113,-75.36442560132113
192.6800053882599,-75.36568324118966,-75.36568324118966
192.6900053882599,-75.36694752222829,-75.36694752222829
192.70000538825988,-75.36821842957116,-75.36821842957116
192.7100053882599,-75.36948937058499,-75.36948937058499
192.7200053882599,-75.37075744778777,-75.37075744778777
192.73000538825988,-75.3720212405812,-75.3720212405812
192.74000538825987,-75.37328001184137,-75.37328001184137
192.7500053882599,-75.37453340522116,-75.37453340522116
192.76000538825988,-75.37578128800783,-75.37578128800783
192.77000538825988,-75.37702365902192,-75.37702365902192
192.7800053882599,-75.37826059330986,-75.37826059330986
192.79000538825989,-75.37949220887218,-75.37949220887218
192.80000538825988,-75.38071864670738,-75.38071864670738
192.8100053882599,-75.38194005890624,-75.38194005890624
192.8200053882599,-75.38315660164656,-75.38315660164656
192.83000538825988,-75.38436843117101,-75.38436843117101
192.8400053882599,-75.38557570160212,-75.38557570160212
192.8500053882599,-75.38677856378989,-75.38677856378989
192.86000538825988,-75.38797716490573,-75.38797716490573
192.8700053882599,-75.3891716483102,-75.3891716483102
192.8800053882599,-75.3903621537151,-75.3903621537151
192.89000538825988,-75.39154881741766,-75.39154881741766
192.9000053882599,-75.39273177258283,-75.39273177258283
192.9100053882599,-75.39391114953025,-75.39391114953025
192.92000538825988,-75.39508707604456,-75.39508707604456
192.9300053882599,-75.39625967757864,-75.39625967757864
192.9400053882599,-75.39742907754653,-75.39742907754653
192.95000541210175,-75.39859540025446,-75.39859540025446
192.96000541210174,-75.39975875997668,-75.39975875997668
192.97000541210176,-75.40091927780735,-75.40091927780735
192.98000541210175,-75.40207707061256,-75.40207707061256
192.99000541210174,-75.4032322539562,-75.4032322539562
193.00000541210176,-75.40438494216427,-75.40438494216427
193.01000541210175,-75.40553524840266,-75.40553524840266
193.02000541210174,-75.40668328472594,-75.40668328472594
193.03000541210176,-75.40782916213676,-75.40782916213676
193.04000541210175,-75.40897299060778,-75.40897299060778
193.05000541210174,-75.41011487910772,-75.41011487910772
193.06000541210176,-75.41125493563717,-75.41125493563717
193.07000541210175,-75.41239326722403,-75.41239326722403
193.08000541210174,-75.41352997994957,-75.41352997994957
193.09000541210173,-75.41466517894402,-75.41466517894402
193.10000541210175,-75.41579896839332,-75.41579896839332
193.11000541210174,-75.41693145152149,-75.41693145152149
193.12000541210173,-75.41806273062726,-75.41806273062726
193.13000541210175,-75.41919290704155,-75.41919290704155
193.14000541210174,-75.42032208114901,-75.42032208114901
193.15000541210173,-75.4214503523655,-75.4214503523655
193.16000541210175,-75.42257781913935,-75.42257781913935
193.17000541210174,-75.42370457894914,-75.42370457894914
193.18000541210174,-75.4248307282808,-75.4248307282808
193.19000541210175,-75.42595636263592,-75.42595636263592
193.20000541210175,-75.42708157652109,-75.42708157652109
193.21000541210174,-75.42820646343364,-75.42820646343364
193.22000541210176,-75.42933111586889,-75.42933111586889
193.23000541210175,-75.43045562528982,-75.43045562528982
193.24000541210174,-75.43158008214817,-75.43158008214817
193.25000541210176,-75.43270457586016,-75.43270457586016
193.26000541210175,-75.4338291948119,-75.4338291948119
193.27000541210174,-75.43495402633972,-75.43495402633972
193.28000541210176,-75.43607915675467,-75.43607915675467
193.29000541210175,-75.43720467130277,-75.43720467130277
193.30000541210174,-75.43833065418102,-75.43833065418102
193.31000541210176,-75.43945718854043,-75.43945718854043
193.32000541210175,-75.44058435646625,-75.44058435646625
193.33000541210174,-75.44171223899511,-75.44171223899511
193.34000541210173,-75.44284091610048,-75.44284091610048
193.35000541210175,-75.4439704666937,-75.4439704666937
193.36000541210174,-75.44510096862565,-75.44510096862565
193.37000541210173,-75.44623249870018,-75.44623249870018
193.38000541210175,-75.44736513264013,-75.44736513264013
193.39000541210174,-75.44849894512161,-75.44849894512161
193.40000541210173,-75.44963400976435,-75.44963400976435
193.41000541210175,-75.45077039914652,-75.45077039914652
193.42000541210174,-75.4519081847647,-75.4519081847647
193.43000541210174,-75.453047437095,-75.453047437095
193.44000541210175,-75.45418822554672,-75.45418822554672
193.45000541210175,-75.45533061849935,-75.45533061849935
193.46000541210174,-75.45647468328521,-75.45647468328521
193.47000541210176,-75.4576204862124,-75.4576204862124
193.48000541210175,-75.45876809255184,-75.45876809255184
193.49000541210174,-75.45991756656393,-75.45991756656393
193.50000541210176,-75.46106897147756,-75.46106897147756
193.51000541210175,-75.46222236950459,-75.46222236950459
193.52000541210174,-75.46337782186292,-75.46337782186292
193.53000541210176,-75.46453538875876,-75.46453538875876
193.54000541210175,-75.46569512940198,-75.46569512940198
193.55000541210174,-75.46685710203201,-75.46685710203201
193.56000541210176,-75.4680213638797,-75.4680213638797
193.57000541210175,-75.46918797122271,-75.46918797122271
193.58000541210174,-75.47035697935436,-75.47035697935436
193.59000541210173,-75.47152844262062,-75.47152844262062
193.60000541210175,-75.47270241441186,-75.47270241441186
193.61000541210174,-75.47387894716685,-75.47387894716685
193.62000541210173,-75.47505809239259,-75.47505809239259
193.63000541210175,-75.47623990067848,-75.47623990067848
193.64000541210174,-75.47742442165821,-75.47742442165821
193.65000541210173,-75.47861170408433,-75.47861170408433
193.66000541210175,-75.47980179578865,-75.47980179578865
193.67000541210174,-75.48099474371136,-75.48099474371136
193.68000541210174,-75.48219059390614,-75.48219059390614
193.69000541210175,-75.48338939155,-75.48338939155
193.70000541210175,-75.48459118093267,-75.48459118093267
193.71000541210174,-75.48579600549206,-75.48579600549206
193.72000541210176,-75.48700390781966,-75.48700390781966
193.73000541210175,-75.48821492965223,-75.48821492965223
193.74000541210174,-75.4894291118902,-75.4894291118902
193.75000541210176,-75.49064649461074,-75.49064649461074
193.76000541210175,-75.49186711706629,-75.49186711706629
193.77000541210174,-75.49309101771253,-75.49309101771253
193.78000541210176,-75.49431823418215,-75.49431823418215
193.79000541210175,-75.49554880333638,-75.49554880333638
193.8000054359436,-75.49678276418439,-75.49678276418439
193.8100054359436,-75.49802014615608,-75.49802014615608
193.8200054359436,-75.4992609867084,-75.4992609867084
193.8300054359436,-75.50050531960682,-75.50050531960682
193.8400054359436,-75.50175317788919,-75.50175317788919
193.85000543594361,-75.50300459383473,-75.50300459383473
193.8600054359436,-75.50425959899995,-75.50425959899995
193.8700054359436,-75.50551822422838,-75.50551822422838
193.88000543594362,-75.5067804996413,-75.5067804996413
193.8900054359436,-75.50804645465446,-75.50804645465446
193.9000054359436,-75.50931611799857,-75.50931611799857
193.91000543594362,-75.51058951770477,-75.51058951770477
193.9200054359436,-75.51186668113465,-75.51186668113465
193.9300054359436,-75.51314763498347,-75.51314763498347
193.9400054359436,-75.51443240527763,-75.51443240527763
193.9500054359436,-75.51572101739161,-75.51572101739161
193.9600054359436,-75.5170134960609,-75.5170134960609
193.9700054359436,-75.51830986538877,-75.51830986538877
193.9800054359436,-75.51961014884799,-75.51961014884799
193.9900054359436,-75.52091436927998,-75.52091436927998
194.0000054359436,-75.52222254893415,-75.52222254893415
194.0100054359436,-75.52353470944128,-75.52353470944128
194.0200054359436,-75.52485087185605,-75.52485087185605
194.0300054359436,-75.5261710566264,-75.5261710566264
194.0400054359436,-75.52749528363388,-75.52749528363388
194.0500054359436,-75.528823572188,-75.528823572188
194.0600054359436,-75.53015594102847,-75.53015594102847
194.0700054359436,-75.5314924083493,-75.5314924083493
194.0800054359436,-75.53283299178648,-75.53283299178648
194.0900054359436,-75.53417770845054,-75.53417770845054
194.10000543594361,-75.53552657490695,-75.53552657490695
194.1100054359436,-75.53687960719745,-75.53687960719745
194.1200054359436,-75.53823682084676,-75.53823682084676
194.13000543594362,-75.53959823087872,-75.53959823087872
194.1400054359436,-75.54096385180812,-75.54096385180812
194.1500054359436,-75.54233369764472,-75.54233369764472
194.16000543594362,-75.5437077819253,-75.5437077819253
194.1700054359436,-75.54508611768976,-75.54508611768976
194.1800054359436,-75.54646871751758,-75.54646871751758
194.1900054359436,-75.5478555935072,-75.5478555935072
194.2000054359436,-75.54924675730678,-75.54924675730678
194.2100054359436,-75.55064222010677,-75.55064222010677
194.2200054359436,-75.55204199264725,-75.55204199264725
194.2300054359436,-75.55344608523082,-75.55344608523082
194.2400054359436,-75.55485450770927,-75.55485450770927
194.2500054359436,-75.55626726953984,-75.55626726953984
194.2600054359436,-75.55768437972472,-75.55768437972472
194.2700054359436,-75.5591058468673,-75.5591058468673
194.2800054359436,-75.56053167916676,-75.56053167916676
194.2900054359436,-75.56196188440491,-75.56196188440491
194.3000054359436,-75.56339646997563,-75.56339646997563
194.3100054359436,-75.56483544287744,-75.56483544287744
194.3200054359436,-75.56627880972724,-75.56627880972724
194.3300054359436,-75.5677265767589,-75.5677265767589
194.3400054359436,-75.5691787498374,-75.5691787498374
194.35000543594361,-75.57063533445881,-75.57063533445881
194.3600054359436,-75.5720963357641,-75.5720963357641
194.3700054359436,-75.57356175851473,-75.57356175851473
194.38000543594362,-75.57503160714674,-75.57503160714674
194.3900054359436,-75.57650588573107,-75.57650588573107
194.4000054359436,-75.57798459801774,-75.57798459801774
194.41000543594362,-75.57946774741339,-75.57946774741339
194.4200054359436,-75.58095533699029,-75.58095533699029
194.4300054359436,-75.5824473694983,-75.5824473694983
194.4400054359436,-75.58394384737154,-75.58394384737154
194.4500054359436,-75.5854447727327,-75.5854447727327
194.4600054359436,-75.58695014738778,-75.58695014738778
194.4700054359436,-75.5884599728452,-75.5884599728452
194.4800054359436,-75.58997425030353,-75.58997425030353
194.4900054359436,-75.591492980683,-75.591492980683
194.5000054359436,-75.59301616459688,-75.59301616459688
194.5100054359436,-75.59454380239006,-75.59454380239006
194.5200054359436,-75.59607589411216,-75.59607589411216
194.5300054359436,-75.59761243954416,-75.59761243954416
194.5400054359436,-75.59915343819432,-75.59915343819432
194.5500054359436,-75.60069888930167,-75.60069888930167
194.5600054359436,-75.60224879184565,-75.60224879184565
194.5700054359436,-75.60380314455776,-75.60380314455776
194.5800054359436,-75.60536194589098,-75.60536194589098
194.5900054359436,-75.60692519405818,-75.60692519405818
194.60000543594361,-75.60849288703574,-75.60849288703574
194.6100054359436,-75.61006502254709,-75.61006502254709
194.6200054359436,-75.6116415980815,-75.6116415980815
194.63000543594362,-75.61322261090157,-75.61322261090157
194.6400054359436,-75.61480805802742,-75.61480805802742
194.65000545978546,-75.61639794005339,-75.61639794005339
194.66000545978545,-75.61799224599794,-75.61799224599794
194.67000545978547,-75.61959097598141,-75.61959097598141
194.68000545978546,-75.62119412616029,-75.62119412616029
194.69000545978545,-75.62280169246363,-75.62280169246363
194.70000545978547,-75.62441367061263,-75.62441367061263
194.71000545978546,-75.62603005613465,-75.62603005613465
194.72000545978545,-75.62765084435836,-75.62765084435836
194.73000545978547,-75.62927603040144,-75.62927603040144
194.74000545978546,-75.63090560920233,-75.63090560920233
194.75000545978546,-75.63253957549549,-75.63253957549549
194.76000545978548,-75.63417792383926,-75.63417792383926
194.77000545978547,-75.63582064860326,-75.63582064860326
194.78000545978546,-75.63746774397482,-75.63746774397482
194.79000545978545,-75.63911920396717,-75.63911920396717
194.80000545978547,-75.6407750224268,-75.6407750224268
194.81000545978546,-75.64243519301804,-75.64243519301804
194.82000545978545,-75.64409970924254,-75.64409970924254
194.83000545978547,-75.64576856443539,-75.64576856443539
194.84000545978546,-75.64744175176257,-75.64744175176257
194.85000545978545,-75.64911926424726,-75.64911926424726
194.86000545978547,-75.65080109474866,-75.65080109474866
194.87000545978546,-75.6524872359673,-75.6524872359673
194.88000545978545,-75.65417768045279,-75.65417768045279
194.89000545978547,-75.65587242062115,-75.65587242062115
194.90000545978546,-75.65757144872197,-75.65757144872197
194.91000545978545,-75.6592747568827,-75.6592747568827
194.92000545978547,-75.66098233707571,-75.66098233707571
194.93000545978546,-75.66269418115125,-75.66269418115125
194.94000545978545,-75.66441028080924,-75.66441028080924
194.95000545978547,-75.66613062762876,-75.66613062762876
194.96000545978546,-75.66785521305161,-75.66785521305161
194.97000545978545,-75.6695840284086,-75.6695840284086
194.98000545978547,-75.6713170648817,-75.6713170648817
194.99000545978546,-75.67305431354214,-75.67305431354214
195.00000545978546,-75.6747957653472,-75.6747957653472
195.01000545978548,-75.67654141112608,-75.67654141112608
195.02000545978547,-75.67829124159397,-75.67829124159397
195.03000545978546,-75.68004524736664,-75.68004524736664
195.04000545978545,-75.68180341893355,-75.68180341893355
195.05000545978547,-75.68356574667618,-75.68356574667618
195.06000545978546,-75.685332220879,-75.685332220879
195.07000545978545,-75.68710283171207,-75.68710283171207
195.08000545978547,-75.688877569258,-75.688877569258
195.09000545978546,-75.69065642347825,-75.69065642347825
195.10000545978545,-75.6924393842592,-75.6924393842592
195.11000545978547,-75.69422644136945,-75.69422644136945
195.12000545978546,-75.69601758448802,-75.69601758448802
195.13000545978545,-75.69781280321205,-75.69781280321205
195.14000545978547,-75.69961208704908,-75.69961208704908
195.15000545978546,-75.70141542540256,-75.70141542540256
195.16000545978545,-75.70322280759704,-75.70322280759704
195.17000545978547,-75.70503422288077,-75.70503422288077
195.18000545978546,-75.70684966040939,-75.70684966040939
195.19000545978545,-75.70866910925389,-75.70866910925389
195.20000545978547,-75.71049255842154,-75.71049255842154
195.21000545978546,-75.71231999682527,-75.71231999682527
195.22000545978545,-75.7141514133138,-75.7141514133138
195.23000545978547,-75.71598679665686,-75.71598679665686
195.24000545978546,-75.71782613555185,-75.71782613555185
195.25000545978546,-75.71966941861524,-75.71966941861524
195.26000545978548,-75.72151663441257,-75.72151663441257
195.27000545978547,-75.72336777143201,-75.72336777143201
195.28000545978546,-75.72522281809145,-75.72522281809145
195.29000545978545,-75.72708176275502,-75.72708176275502
195.30000545978547,-75.72894459371824,-75.72894459371824
195.31000545978546,-75.73081129920318,-75.73081129920318
195.32000545978545,-75.7326818673923,-75.7326818673923
195.33000545978547,-75.73455628640478,-75.73455628640478
195.34000545978546,-75.7364345442898,-75.7364345442898
195.35000545978545,-75.73831662905103,-75.73831662905103
195.36000545978547,-75.74020252863028,-75.74020252863028
195.37000545978546,-75.74209223092146,-75.74209223092146
195.38000545978545,-75.7439857237651,-75.7439857237651
195.39000545978547,-75.74588299496267,-75.74588299496267
195.40000545978546,-75.74778403224488,-75.74778403224488
195.41000545978545,-75.74968882331656,-75.74968882331656
195.42000545978547,-75.75159735581342,-75.75159735581342
195.43000545978546,-75.75350961734311,-75.75350961734311
195.44000545978545,-75.75542559546776,-75.75542559546776
195.45000545978547,-75.75734527770275,-75.75734527770275
195.46000545978546,-75.75926203669344,-75.75926203669344
195.47000545978545,-75.76117295855525,-75.76117295855525
195.48000545978547,-75.76307661382457,-75.76307661382457
195.49000545978546,-75.76497226006511,-75.76497226006511
195.50000548362732,-75.76685954219155,-75.76685954219155
195.5100054836273,-75.76873831654548,-75.76873831654548
195.52000548362733,-75.77060858545798,-75.77060858545798
195.53000548362732,-75.77247042362701,-75.77247042362701
195.5400054836273,-75.77432394921945,-75.77432394921945
195.55000548362733,-75.7761693038439,-75.7761693038439
195.56000548362732,-75.77800664057261,-75.77800664057261
195.5700054836273,-75.77983611689687,-75.77983611689687
195.58000548362733,-75.7816578907112,-75.7816578907112
195.59000548362732,-75.78347211803639,-75.78347211803639
195.6000054836273,-75.7852789519209,-75.7852789519209
195.61000548362733,-75.78707854195954,-75.78707854195954
195.62000548362732,-75.78887103419042,-75.78887103419042
195.63000548362731,-75.7906565712308,-75.7906565712308
195.6400054836273,-75.79243529247069,-75.79243529247069
195.65000548362733,-75.794207334392,-75.794207334392
195.66000548362732,-75.79597283081382,-75.79597283081382
195.6700054836273,-75.79773191319211,-75.79773191319211
195.68000548362733,-75.79948471084212,-75.79948471084212
195.69000548362732,-75.8012313511869,-75.8012313511869
195.7000054836273,-75.80297195993012,-75.80297195993012
195.71000548362733,-75.80470004290707,-75.80470004290707
195.72000548362732,-75.8064128203202,-75.8064128203202
195.7300054836273,-75.80810899640746,-75.80810899640746
195.74000548362733,-75.80978796172937,-75.80978796172937
195.75000548362732,-75.81144948885311,-75.81144948885311
195.7600054836273,-75.81309357446075,-75.81309357446075
195.77000548362733,-75.81472034682066,-75.81472034682066
195.78000548362732,-75.81633001023201,-75.81633001023201
195.7900054836273,-75.81792281167388,-75.81792281167388
195.80000548362733,-75.81949902070276,-75.81949902070276
195.81000548362732,-75.82105891756416,-75.82105891756416
195.8200054836273,-75.82260278609286,-75.82260278609286
195.83000548362733,-75.82413090970714,-75.82413090970714
195.84000548362732,-75.82564356916556,-75.82564356916556
195.8500054836273,-75.82714104141095,-75.82714104141095
195.86000548362733,-75.82862359912342,-75.82862359912342
195.87000548362732,-75.8300915105858,-75.8300915105858
195.88000548362731,-75.8315450397947,-75.8315450397947
195.8900054836273,-75.83298444671122,-75.83298444671122
195.90000548362733,-75.83440998747989,-75.83440998747989
195.91000548362732,-75.83582191471616,-75.83582191471616
195.9200054836273,-75.83722047778008,-75.83722047778008
195.93000548362733,-75.83860592299474,-75.83860592299474
195.94000548362732,-75.83997849385915,-75.83997849385915
195.9500054836273,-75.84133843124161,-75.84133843124161
195.96000548362733,-75.84268597352272,-75.84268597352272
195.97000548362732,-75.84402135672592,-75.84402135672592
195.9800054836273,-75.84534481462174,-75.84534481462174
195.99000548362733,-75.84665657883906,-75.84665657883906
196.00000548362732,-75.84795687890414,-75.84795687890414
196.0100054836273,-75.84924594231128,-75.84924594231128
196.02000548362733,-75.85052399456565,-75.85052399456565
196.03000548362732,-75.85179125920797,-75.85179125920797
196.0400054836273,-75.85304795784819,-75.85304795784819
196.05000548362733,-75.85429431018134,-75.85429431018134
196.06000548362732,-75.85553053396991,-75.85553053396991
196.0700054836273,-75.85675684510247,-75.85675684510247
196.08000548362733,-75.85797345754867,-75.85797345754867
196.09000548362732,-75.85918058337612,-75.85918058337612
196.1000054836273,-75.86037843273915,-75.86037843273915
196.11000548362733,-75.86156721389018,-75.86156721389018
196.12000548362732,-75.86274713315143,-75.86274713315143
196.13000548362731,-75.86391839491114,-75.86391839491114
196.1400054836273,-75.8650812016342,-75.8650812016342
196.15000548362733,-75.8662357538129,-75.8662357538129
196.16000548362732,-75.86738225000205,-75.86738225000205
196.1700054836273,-75.86852088679454,-75.86852088679454
196.18000548362733,-75.86965185878907,-75.86965185878907
196.19000548362732,-75.87077535861317,-75.87077535861317
196.2000054836273,-75.87189157690496,-75.87189157690496
196.21000548362733,-75.8730007023116,-75.8730007023116
196.22000548362732,-75.87410292146077,-75.87410292146077
196.2300054836273,-75.87519841898018,-75.87519841898018
196.24000548362733,-75.87628737749625,-75.87628737749625
196.25000548362732,-75.87736997759993,-75.87736997759993
196.2600054836273,-75.87844639786876,-75.87844639786876
196.27000548362733,-75.87951681486477,-75.87951681486477
196.28000548362732,-75.8805814031094,-75.8805814031094
196.2900054836273,-75.88164033512614,-75.88164033512614
196.30000548362733,-75.88269378139798,-75.88269378139798
196.31000548362732,-75.88374191039374,-75.88374191039374
196.3200054836273,-75.88478488854943,-75.88478488854943
196.33000548362733,-75.88582288030362,-75.88582288030362
196.34000548362732,-75.88685604806687,-75.88685604806687
196.35000550746918,-75.8878845546915,-75.8878845546915
196.36000550746917,-75.8889085536714,-75.8889085536714
196.3700055074692,-75.88992820388962,-75.88992820388962
196.38000550746918,-75.8909436597424,-75.8909436597424
196.39000550746917,-75.89195507367445,-75.89195507367445
196.4000055074692,-75.89296259614301,-75.89296259614301
196.41000550746918,-75.89396637563132,-75.89396637563132
196.42000550746917,-75.89496655867318,-75.89496655867318
196.4300055074692,-75.89596328985041,-75.89596328985041
196.44000550746918,-75.8969567118042,-75.8969567118042
196.45000550746917,-75.89794696524903,-75.89794696524903
196.4600055074692,-75.8989275645431,-75.8989275645431
196.47000550746918,-75.8998957426859,-75.8998957426859
196.48000550746917,-75.90085021794576,-75.90085021794576
196.49000550746916,-75.90179039498068,-75.90179039498068
196.50000550746918,-75.90271606012519,-75.90271606012519
196.51000550746917,-75.90362722318935,-75.90362722318935
196.52000550746916,-75.90452402483521,-75.90452402483521
196.53000550746918,-75.90540668087732,-75.90540668087732
196.54000550746917,-75.90627544884427,-75.90627544884427
196.55000550746917,-75.90713060790992,-75.90713060790992
196.56000550746919,-75.90797244692949,-75.90797244692949
196.57000550746918,-75.90880125736494,-75.90880125736494
196.58000550746917,-75.90961732928763,-75.90961732928763
196.5900055074692,-75.9104209491246,-75.9104209491246
196.60000550746918,-75.9112123985387,-75.9112123985387
196.61000550746917,-75.91199195400885,-75.91199195400885
196.6200055074692,-75.91275988671093,-75.91275988671093
196.63000550746918,-75.91351646267348,-75.91351646267348
196.64000550746917,-75.91426194301198,-75.91426194301198
196.6500055074692,-75.91499658423199,-75.91499658423199
196.66000550746918,-75.91572063851586,-75.91572063851586
196.67000550746917,-75.91643435402102,-75.91643435402102
196.6800055074692,-75.91713797514154,-75.91713797514154
196.69000550746918,-75.91783174274809,-75.91783174274809
196.70000550746917,-75.91851589439281,-75.91851589439281
196.7100055074692,-75.91919066451784,-75.91919066451784
196.72000550746918,-75.91985628457631,-75.91985628457631
196.73000550746917,-75.92051298318582,-75.92051298318582
196.74000550746916,-75.92116098624842,-75.92116098624842
196.75000550746918,-75.92180051703791,-75.92180051703791
196.76000550746917,-75.92243179628154,-75.92243179628154
196.77000550746916,-75.9230550422337,-75.9230550422337
196.78000550746918,-75.92367047072693,-75.92367047072693
196.79000550746917,-75.92427829519927,-75.92427829519927
196.80000550746917,-75.92487872678879,-75.92487872678879
196.81000550746919,-75.92547197430456,-75.92547197430456
196.82000550746918,-75.9260582442895,-75.9260582442895
196.83000550746917,-75.92663774102857,-75.92663774102857
196.8400055074692,-75.92721066656836,-75.92721066656836
196.85000550746918,-75.92777722073596,-75.92777722073596
196.86000550746917,-75.92833760115003,-75.92833760115003
196.8700055074692,-75.928892003236,-75.928892003236
196.88000550746918,-75.92944062022212,-75.92944062022212
196.89000550746917,-75.92998364316445,-75.92998364316445
196.9000055074692,-75.93052126093747,-75.93052126093747
196.91000550746918,-75.93105366024493,-75.93105366024493
196.92000550746917,-75.9315810256416,-75.9315810256416
196.9300055074692,-75.93210353951635,-75.93210353951635
196.94000550746918,-75.93262138211422,-75.93262138211422
196.95000550746917,-75.9331347315298,-75.9331347315298
196.9600055074692,-75.93363713767008,-75.93363713767008
196.97000550746918,-75.93412587083765,-75.93412587083765
196.98000550746917,-75.93459968707532,-75.93459968707532
196.99000550746916,-75.93505802889166,-75.93505802889166
197.00000550746918,-75.93550072036582,-75.93550072036582
197.01000550746917,-75.93592780889762,-75.93592780889762
197.02000550746916,-75.93633947245954,-75.93633947245954
197.03000550746918,-75.93673596391936,-75.93673596391936
197.04000550746917,-75.93711757753624,-75.93711757753624
197.05000550746917,-75.93748462886255,-75.93748462886255
197.06000550746919,-75.93783744279249,-75.93783744279249
197.07000550746918,-75.9381763464742,-75.9381763464742
197.08000550746917,-75.93850166530004,-75.93850166530004
197.0900055074692,-75.93881372065759,-75.93881372065759
197.10000550746918,-75.9391128288149,-75.9391128288149
197.11000550746917,-75.93939930047121,-75.93939930047121
197.1200055074692,-75.93967344068305,-75.93967344068305
197.13000550746918,-75.93993554895744,-75.93993554895744
197.14000550746917,-75.94018591956264,-75.94018591956264
197.1500055074692,-75.9404248417663,-75.9404248417663
197.16000550746918,-75.9406526001597,-75.9406526001597
197.17000550746917,-75.94086947492728,-75.94086947492728
197.1800055074692,-75.94107574214658,-75.94107574214658
197.19000550746918,-75.94127167399101,-75.94127167399101
197.20000553131104,-75.94145753940909,-75.94145753940909
197.21000553131103,-75.94163360249082,-75.94163360249082
197.22000553131105,-75.94180012539701,-75.94180012539701
197.23000553131104,-75.94195736659236,-75.94195736659236
197.24000553131103,-75.94210558146766,-75.94210558146766
197.25000553131105,-75.94224502243483,-75.94224502243483
197.26000553131104,-75.94237593898208,-75.94237593898208
197.27000553131103,-75.9424985777683,-75.9424985777683
197.28000553131105,-75.94261318267232,-75.94261318267232
197.29000553131104,-75.94271999483435,-75.94271999483435
197.30000553131103,-75.94281925271304,-75.94281925271304
197.31000553131105,-75.9429111921039,-75.9429111921039
197.32000553131104,-75.94299604615705,-75.94299604615705
197.33000553131103,-75.94307404542263,-75.94307404542263
197.34000553131102,-75.94314541788457,-75.94314541788457
197.35000553131104,-75.94321038891894,-75.94321038891894
197.36000553131103,-75.9432691813661,-75.9432691813661
197.37000553131102,-75.94332201552076,-75.94332201552076
197.38000553131104,-75.9433691091375,-75.9433691091375
197.39000553131103,-75.94341067744105,-75.94341067744105
197.40000553131102,-75.94344693315234,-75.94344693315234
197.41000553131104,-75.94347808648105,-75.94347808648105
197.42000553131103,-75.94350434513736,-75.94350434513736
197.43000553131102,-75.94352591433754,-75.94352591433754
197.44000553131104,-75.9435429968179,-75.9435429968179
197.45000553131104,-75.94355579283088,-75.94355579283088
197.46000553131103,-75.94356450017658,-75.94356450017658
197.47000553131105,-75.9435693141944,-75.9435693141944
197.48000553131104,-75.94357042776765,-75.94357042776765
197.49000553131103,-75.94356803133569,-75.94356803133569
197.50000553131105,-75.94356231291748,-75.94356231291748
197.51000553131104,-75.94355345808792,-75.94355345808792
197.52000553131103,-75.94354165003331,-75.94354165003331
197.53000553131105,-75.94352706952697,-75.94352706952697
197.54000553131104,-75.94350989496003,-75.94350989496003
197.55000553131103,-75.94349030234919,-75.94349030234919
197.56000553131105,-75.94346846533578,-75.94346846533578
197.57000553131104,-75.9434445552145,-75.9434445552145
197.58000553131103,-75.94341874093932,-75.94341874093932
197.59000553131102,-75.94339118913236,-75.94339118913236
197.60000553131104,-75.94336206412518,-75.94336206412518
197.61000553131103,-75.94333152792751,-75.94333152792751
197.62000553131102,-75.9432997402838,-75.9432997402838
197.63000553131104,-75.94326685866118,-75.94326685866118
197.64000553131103,-75.94323303828558,-75.94323303828558
197.65000553131102,-75.94319843213896,-75.94319843213896
197.66000553131104,-75.94316319098886,-75.94316319098886
197.67000553131103,-75.94312746340077,-75.94312746340077
197.68000553131102,-75.94309139576274,-75.94309139576274
197.69000553131104,-75.94305513227967,-75.94305513227967
197.70000553131104,-75.94301881501504,-75.94301881501504
197.71000553131103,-75.94297595877373,-75.94297595877373
197.72000553131105,-75.94292379964179,-75.94292379964179
197.73000553131104,-75.94286105971038,-75.94286105971038
197.74000553131103,-75.94278714768842,-75.94278714768842
197.75000553131105,-75.94270185394447,-75.94270185394447
197.76000553131104,-75.94260519216624,-75.94260519216624
197.77000553131103,-75.94249730663658,-75.94249730663658
197.78000553131105,-75.94237841651542,-75.94237841651542
197.79000553131104,-75.942248782319,-75.942248782319
197.80000553131103,-75.94210868585444,-75.94210868585444
197.81000553131105,-75.94195841824057,-75.94195841824057
197.82000553131104,-75.94179827286162,-75.94179827286162
197.83000553131103,-75.94162854134485,-75.94162854134485
197.84000553131102,-75.94144951133063,-75.94144951133063
197.85000553131104,-75.9412614654191,-75.9412614654191
197.86000553131103,-75.94106468066532,-75.94106468066532
197.87000553131102,-75.94085942853881,-75.94085942853881
197.88000553131104,-75.94064597508287,-75.94064597508287
197.89000553131103,-75.94042458117656,-75.94042458117656
197.90000553131102,-75.94019550282002,-75.94019550282002
197.91000553131104,-75.93995899144288,-75.93995899144288
197.92000553131103,-75.9397152942267,-75.9397152942267
197.93000553131102,-75.9394646543831,-75.9394646543831
197.94000553131104,-75.93920731137428,-75.93920731137428
197.95000553131104,-75.93894350115438,-75.93894350115438
197.96000553131103,-75.93867345635793,-75.93867345635793
197.97000553131105,-75.93839740647347,-75.93839740647347
197.98000553131104,-75.93811557797459,-75.93811557797459
197.99000553131103,-75.93782819445028,-75.93782819445028
198.00000553131105,-75.93753547668818,-75.93753547668818
198.01000553131104,-75.93723764278855,-75.93723764278855
198.02000553131103,-75.93693490822969,-75.93693490822969
198.03000553131105,-75.93662748592477,-75.93662748592477
198.04000553131104,-75.93631558627236,-75.93631558627236
198.0500055551529,-75.93599941645688,-75.93599941645688
198.06000555515288,-75.93567918347881,-75.93567918347881
198.0700055551529,-75.93535508970798,-75.93535508970798
198.0800055551529,-75.93502733587557,-75.93502733587557
198.09000555515289,-75.93469612037083,-75.93469612037083
198.1000055551529,-75.93436163925085,-75.93436163925085
198.1100055551529,-75.93402408626548,-75.93402408626548
198.1200055551529,-75.93368365285635,-75.93368365285635
198.1300055551529,-75.93334052817984,-75.93334052817984
198.1400055551529,-75.93299489912927,-75.93299489912927
198.1500055551529,-75.93264695031841,-75.93264695031841
198.1600055551529,-75.9322968641021,-75.9322968641021
198.1700055551529,-75.9319448206056,-75.9319448206056
198.1800055551529,-75.93159099770804,-75.93159099770804
198.19000555515288,-75.93123557105116,-75.93123557105116
198.2000055551529,-75.93087871407558,-75.93087871407558
198.2100055551529,-75.93052059797964,-75.93052059797964
198.22000555515288,-75.93016139178,-75.93016139178
198.2300055551529,-75.9298012622956,-75.9298012622956
198.2400055551529,-75.92944037414186,-75.92944037414186
198.25000555515288,-75.92907888977129,-75.92907888977129
198.2600055551529,-75.9287169694529,-75.9287169694529
198.2700055551529,-75.92835477131213,-75.92835477131213
198.28000555515288,-75.92799245131796,-75.92799245131796
198.2900055551529,-75.92763016329545,-75.92763016329545
198.3000055551529,-75.92726805895656,-75.92726805895656
198.31000555515288,-75.92690628788537,-75.92690628788537
198.3200055551529,-75.92654499755544,-75.92654499755544
198.3300055551529,-75.92618433336445,-75.92618433336445
198.34000555515289,-75.92582443862037,-75.92582443862037
198.3500055551529,-75.92546545455811,-75.92546545455811
198.3600055551529,-75.92510752036182,-75.92510752036182
198.3700055551529,-75.9247507731774,-75.9247507731774
198.3800055551529,-75.92439534812972,-75.92439534812972
198.3900055551529,-75.92404137831319,-75.92404137831319
198.4000055551529,-75.92368899483704,-75.92368899483704
198.4100055551529,-75.9233383268318,-75.9233383268318
198.4200055551529,-75.92298950143483,-75.92298950143483
198.4300055551529,-75.92264264385317,-75.92264264385317
198.44000555515288,-75.92229787735391,-75.92229787735391
198.4500055551529,-75.92195532327301,-75.92195532327301
198.4600055551529,-75.92161510103351,-75.92161510103351
198.47000555515288,-75.92127732819048,-75.92127732819048
198.4800055551529,-75.9209421204148,-75.9209421204148
198.4900055551529,-75.92060959150461,-75.92060959150461
198.50000555515288,-75.92027985344201,-75.92027985344201
198.5100055551529,-75.91995301637998,-75.91995301637998
198.5200055551529,-75.91962918865671,-75.91962918865671
198.53000555515288,-75.91930847681573,-75.91930847681573
198.5400055551529,-75.9189909856554,-75.9189909856554
198.5500055551529,-75.9186768181823,-75.9186768181823
198.56000555515288,-75.91836607570487,-75.91836607570487
198.5700055551529,-75.91805885777929,-75.91805885777929
198.5800055551529,-75.91775526227082,-75.91775526227082
198.59000555515289,-75.91745538537423,-75.91745538537423
198.6000055551529,-75.91715932159589,-75.91715932159589
198.6100055551529,-75.91686716380578,-75.91686716380578
198.6200055551529,-75.91657900323197,-75.91657900323197
198.6300055551529,-75.91629492950125,-75.91629492950125
198.6400055551529,-75.91601503062756,-75.91601503062756
198.6500055551529,-75.91573939306426,-75.91573939306426
198.6600055551529,-75.9154681016909,-75.9154681016909
198.6700055551529,-75.91520123984829,-75.91520123984829
198.6800055551529,-75.91493888934723,-75.91493888934723
198.69000555515288,-75.91468113049432,-75.91468113049432
198.7000055551529,-75.91442804210894,-75.91442804210894
198.7100055551529,-75.9141797015314,-75.9141797015314
198.72000555515288,-75.91393618463465,-75.91393618463465
198.7300055551529,-75.91369756587734,-75.91369756587734
198.7400055551529,-75.91346391827679,-75.91346391827679
198.75000555515288,-75.91323531345067,-75.91323531345067
198.7600055551529,-75.91301182162272,-75.91301182162272
198.7700055551529,-75.91279351166426,-75.91279351166426
198.78000555515288,-75.91258045108019,-75.91258045108019
198.7900055551529,-75.91237270603109,-75.91237270603109
198.8000055551529,-75.91217034137773,-75.91217034137773
198.81000555515288,-75.91197342066214,-75.91197342066214
198.8200055551529,-75.91178200614361,-75.91178200614361
198.8300055551529,-75.91159615880647,-75.91159615880647
198.84000555515289,-75.91141593837087,-75.91141593837087
198.8500055551529,-75.91124140334445,-75.91124140334445
198.8600055551529,-75.91107261098037,-75.91107261098037
198.8700055551529,-75.91090961734564,-75.91090961734564
198.8800055551529,-75.91075247732023,-75.91075247732023
198.8900055551529,-75.91060124458232,-75.91060124458232
198.90000557899475,-75.91045597133406,-75.91045597133406
198.91000557899474,-75.91031670967536,-75.91031670967536
198.92000557899476,-75.9101835094865,-75.9101835094865
198.93000557899475,-75.91005641991698,-75.91005641991698
198.94000557899474,-75.90993548900957,-75.90993548900957
198.95000557899476,-75.90982076372485,-75.90982076372485
198.96000557899475,-75.90970566803543,-75.90970566803543
198.97000557899474,-75.90958734705886,-75.90958734705886
198.98000557899476,-75.90946443245431,-75.90946443245431
198.99000557899475,-75.9093362432835,-75.9093362432835
199.00000557899475,-75.90920248112982,-75.90920248112982
199.01000557899476,-75.9090630718593,-75.9090630718593
199.02000557899476,-75.90891807281805,-75.90891807281805
199.03000557899475,-75.9087676171586,-75.9087676171586
199.04000557899474,-75.90861188031127,-75.90861188031127
199.05000557899476,-75.90845105989331,-75.90845105989331
199.06000557899475,-75.90828536374381,-75.90828536374381
199.07000557899474,-75.90811500287778,-75.90811500287778
199.08000557899476,-75.90794018745451,-75.90794018745451
199.09000557899475,-75.9077611245621,-75.9077611245621
199.10000557899474,-75.90757801712991,-75.90757801712991
199.11000557899476,-75.90739106346561,-75.90739106346561
199.12000557899475,-75.90720045718818,-75.90720045718818
199.13000557899474,-75.90700638740178,-75.90700638740178
199.14000557899476,-75.90680903892621,-75.90680903892621
199.15000557899475,-75.9066085925942,-75.9066085925942
199.16000557899474,-75.90640522559298,-75.90640522559298
199.17000557899476,-75.90619911173341,-75.90619911173341
199.18000557899475,-75.90599042172857,-75.90599042172857
199.19000557899474,-75.90577932344314,-75.90577932344314
199.20000557899476,-75.90556598211944,-75.90556598211944
199.21000557899475,-75.90535056052636,-75.90535056052636
199.22000557899474,-75.90513321916443,-75.90513321916443
199.23000557899476,-75.90491411639275,-75.90491411639275
199.24000557899475,-75.90469340851266,-75.90469340851266
199.25000557899475,-75.904471249911,-75.904471249911
199.26000557899476,-75.90424779310447,-75.90424779310447
199.27000557899476,-75.90402318882747,-75.90402318882747
199.28000557899475,-75.90379758607969,-75.90379758607969
199.29000557899474,-75.90357113217158,-75.90357113217158
199.30000557899476,-75.90334397276106,-75.90334397276106
199.31000557899475,-75.90311625189025,-75.90311625189025
199.32000557899474,-75.90288811200259,-75.90288811200259
199.33000557899476,-75.90265969396522,-75.90265969396522
199.34000557899475,-75.90243113707619,-75.90243113707619
199.35000557899474,-75.90220257908315,-75.90220257908315
199.36000557899476,-75.90197415620104,-75.90197415620104
199.37000557899475,-75.90174600309172,-75.90174600309172
199.38000557899474,-75.90151825290467,-75.90151825290467
199.39000557899476,-75.9012910372534,-75.9012910372534
199.40000557899475,-75.90106448621556,-75.90106448621556
199.41000557899474,-75.90083872835932,-75.90083872835932
199.42000557899476,-75.90061389073266,-75.90061389073266
199.43000557899475,-75.9003900988387,-75.9003900988387
199.44000557899474,-75.9001674766911,-75.9001674766911
199.45000557899476,-75.89994614676716,-75.89994614676716
199.46000557899475,-75.8997196093493,-75.8997196093493
199.47000557899474,-75.89948508501631,-75.89948508501631
199.48000557899476,-75.89924128024072,-75.89924128024072
199.49000557899475,-75.89898758831225,-75.89898758831225
199.50000557899475,-75.89872378451204,-75.89872378451204
199.51000557899476,-75.89844986784178,-75.89844986784178
199.52000557899476,-75.89816596826122,-75.89816596826122
199.53000557899475,-75.89787229097217,-75.89787229097217
199.54000557899474,-75.89756908293683,-75.89756908293683
199.55000557899476,-75.89725661271757,-75.89725661271757
199.56000557899475,-75.89693515855008,-75.89693515855008
199.57000557899474,-75.89660500125227,-75.89660500125227
199.58000557899476,-75.89626642020843,-75.89626642020843
199.59000557899475,-75.89591969114001,-75.89591969114001
199.60000557899474,-75.89556508499689,-75.89556508499689
199.61000557899476,-75.89520286751008,-75.89520286751008
199.62000557899475,-75.89483329910612,-75.89483329910612
199.63000557899474,-75.89445663506675,-75.89445663506675
199.64000557899476,-75.89407312577272,-75.89407312577272
199.65000557899475,-75.8936830169842,-75.8936830169842
199.66000557899474,-75.8932865501621,-75.8932865501621
199.67000557899476,-75.8928839627691,-75.8928839627691
199.68000557899475,-75.89247548851371,-75.89247548851371
199.69000557899474,-75.892061357623,-75.892061357623
199.70000557899476,-75.89164179702468,-75.89164179702468
199.71000557899475,-75.89121041130346,-75.89121041130346
199.72000557899474,-75.89076452359534,-75.89076452359534
199.73000557899476,-75.89030294150447,-75.89030294150447
199.74000557899475,-75.88982515822008,-75.88982515822008
199.7500056028366,-75.88933104663144,-75.88933104663144
199.7600056028366,-75.88882070580502,-75.88882070580502
199.77000560283662,-75.88829436142223,-75.88829436142223
199.7800056028366,-75.88775231461574,-75.88775231461574
199.7900056028366,-75.88719490743101,-75.88719490743101
199.80000560283662,-75.88662250273656,-75.88662250273656
199.8100056028366,-75.88603547227486,-75.88603547227486
199.8200056028366,-75.8854341896204,-75.8854341896204
199.83000560283662,-75.88481902618366,-75.88481902618366
199.8400056028366,-75.88419034896812,-75.88419034896812
199.8500056028366,-75.8835485194966,-75.8835485194966
199.86000560283662,-75.88289389334587,-75.88289389334587
199.8700056028366,-75.88222682008285,-75.88222682008285
199.8800056028366,-75.88154764340904,-75.88154764340904
199.8900056028366,-75.8808567014131,-75.8808567014131
199.90000560283661,-75.88015432685795,-75.88015432685795
199.9100056028366,-75.87944084748408,-75.87944084748408
199.9200056028366,-75.87871658631171,-75.87871658631171
199.93000560283662,-75.87798186188267,-75.87798186188267
199.9400056028366,-75.87723698850274,-75.87723698850274
199.9500056028366,-75.87648227647838,-75.87648227647838
199.96000560283662,-75.87571803227038,-75.87571803227038
199.9700056028366,-75.87494455863822,-75.87494455863822
199.9800056028366,-75.87416215480998,-75.87416215480998
199.99000560283662,-75.87337111654901,-75.87337111654901
200.0000056028366,-75.87257173627694,-75.87257173627694
200.0100056028366,-75.87176430313438,-75.87176430313438
200.02000560283662,-75.87094910305709,-75.87094910305709
200.0300056028366,-75.8701264188096,-75.8701264188096
200.0400056028366,-75.86929653002935,-75.86929653002935
200.05000560283662,-75.868459713296,-75.868459713296
200.0600056028366,-75.8676162421206,-75.8676162421206
200.0700056028366,-75.86676638698414,-75.86676638698414
200.08000560283662,-75.86591041535635,-75.86591041535635
200.0900056028366,-75.86504859170036,-75.86504859170036
200.1000056028366,-75.86418117751501,-75.86418117751501
200.11000560283662,-75.86330843131549,-75.86330843131549
200.1200056028366,-75.86243060865449,-75.86243060865449
200.1300056028366,-75.86154796213377,-75.86154796213377
200.1400056028366,-75.86066074140203,-75.86066074140203
200.15000560283661,-75.85976919316695,-75.85976919316695
200.1600056028366,-75.85887356118604,-75.85887356118604
200.1700056028366,-75.85797408631194,-75.85797408631194
200.18000560283662,-75.85707100646168,-75.85707100646168
200.1900056028366,-75.85616455664143,-75.85616455664143
200.2000056028366,-75.85525496893332,-75.85525496893332
200.21000560283662,-75.85434247253222,-75.85434247253222
200.2200056028366,-75.85342729371995,-75.85342729371995
200.2300056028366,-75.85250965590772,-75.85250965590772
200.24000560283662,-75.85158977962972,-75.85158977962972
200.2500056028366,-75.8506678825307,-75.8506678825307
200.2600056028366,-75.84974417942152,-75.84974417942152
200.27000560283662,-75.8488188822578,-75.8488188822578
200.2800056028366,-75.8478922001592,-75.8478922001592
200.2900056028366,-75.84696433941868,-75.84696433941868
200.30000560283662,-75.84603550352767,-75.84603550352767
200.3100056028366,-75.84510589317614,-75.84510589317614
200.3200056028366,-75.84417570626822,-75.84417570626822
200.33000560283662,-75.84324513794556,-75.84324513794556
200.3400056028366,-75.84231438059298,-75.84231438059298
200.3500056028366,-75.84138362386997,-75.84138362386997
200.36000560283662,-75.84045305471065,-75.84045305471065
200.3700056028366,-75.83952285734593,-75.83952285734593
200.3800056028366,-75.83859321332812,-75.83859321332812
200.3900056028366,-75.83766430153361,-75.83766430153361
200.40000560283661,-75.83673629820262,-75.83673629820262
200.4100056028366,-75.83580937694039,-75.83580937694039
200.4200056028366,-75.83488370875881,-75.83488370875881
200.43000560283662,-75.83395946206164,-75.83395946206164
200.4400056028366,-75.83303680269884,-75.83303680269884
200.4500056028366,-75.8321158939574,-75.8321158939574
200.46000560283662,-75.83119689662205,-75.83119689662205
200.4700056028366,-75.83027996895004,-75.83027996895004
200.4800056028366,-75.8293652667419,-75.8293652667419
200.49000560283662,-75.82845294330899,-75.82845294330899
200.5000056028366,-75.82754314953705,-75.82754314953705
200.5100056028366,-75.8266360338979,-75.8266360338979
200.52000560283662,-75.82573174246788,-75.82573174246788
200.5300056028366,-75.82483041894454,-75.82483041894454
200.5400056028366,-75.82393220469056,-75.82393220469056
200.55000560283662,-75.82303723873903,-75.82303723873903
200.5600056028366,-75.82214565781287,-75.82214565781287
200.5700056028366,-75.8212575963639,-75.8212575963639
200.58000560283662,-75.82037318659167,-75.82037318659167
200.5900056028366,-75.81949255845664,-75.81949255845664
200.60000562667847,-75.8186158376229,-75.8186158376229
200.61000562667846,-75.817743153843,-75.817743153843
200.62000562667848,-75.8168746284374,-75.8168746284374
200.63000562667847,-75.81601038267382,-75.81601038267382
200.64000562667846,-75.81515053570669,-75.81515053570669
200.65000562667848,-75.81429520460213,-75.81429520460213
200.66000562667847,-75.81344450436752,-75.81344450436752
200.67000562667846,-75.81259854794993,-75.81259854794993
200.68000562667848,-75.81175744629249,-75.81175744629249
200.69000562667847,-75.81092130831979,-75.81092130831979
200.70000562667846,-75.81009024102022,-75.81009024102022
200.71000562667848,-75.80925773879233,-75.80925773879233
200.72000562667847,-75.80842101199131,-75.80842101199131
200.73000562667846,-75.80757875474802,-75.80757875474802
200.74000562667845,-75.80673034683431,-75.80673034683431
200.75000562667847,-75.80587554915991,-75.80587554915991
200.76000562667846,-75.80501434569014,-75.80501434569014
200.77000562667845,-75.80414685079879,-75.80414685079879
200.78000562667847,-75.80327325358981,-75.80327325358981
200.79000562667846,-75.80239378445346,-75.80239378445346
200.80000562667846,-75.80150869499607,-75.80150869499607
200.81000562667847,-75.80061824609467,-75.80061824609467
200.82000562667847,-75.79972270084988,-75.79972270084988
200.83000562667846,-75.79882232059884,-75.79882232059884
200.84000562667848,-75.79791736271314,-75.79791736271314
200.85000562667847,-75.79700807950292,-75.79700807950292
200.86000562667846,-75.7960947178044,-75.7960947178044
200.87000562667848,-75.79517751893131,-75.79517751893131
200.88000562667847,-75.79425671881403,-75.79425671881403
200.89000562667846,-75.79333254829503,-75.79333254829503
200.90000562667848,-75.7924052334453,-75.7924052334453
200.91000562667847,-75.79147499585225,-75.79147499585225
200.92000562667846,-75.79054205299117,-75.79054205299117
200.93000562667848,-75.7896066184606,-75.7896066184606
200.94000562667847,-75.78866890225171,-75.78866890225171
200.95000562667846,-75.78772911099321,-75.78772911099321
200.96000562667848,-75.7867874481385,-75.7867874481385
200.97000562667847,-75.78584411413411,-75.78584411413411
200.98000562667846,-75.78489930657807,-75.78489930657807
200.99000562667845,-75.78395322033728,-75.78395322033728
201.00000562667847,-75.78300604766528,-75.78300604766528
201.01000562667846,-75.78205797828447,-75.78205797828447
201.02000562667845,-75.78110919947187,-75.78110919947187
201.03000562667847,-75.78015989611187,-75.78015989611187
201.04000562667846,-75.77921025076968,-75.77921025076968
201.05000562667846,-75.77826044372092,-75.77826044372092
201.06000562667847,-75.77731065300749,-75.77731065300749
201.07000562667847,-75.7763610544611,-75.7763610544611
201.08000562667846,-75.77541182172618,-75.77541182172618
201.09000562667848,-75.77446312630268,-75.77446312630268
201.10000562667847,-75.77351513753845,-75.77351513753845
201.11000562667846,-75.77256802268097,-75.77256802268097
201.12000562667848,-75.77162194685745,-75.77162194685745
201.13000562667847,-75.77067707311355,-75.77067707311355
201.14000562667846,-75.76973356242144,-75.76973356242144
201.15000562667848,-75.76879157368285,-75.76879157368285
201.16000562667847,-75.76785126373355,-75.76785126373355
201.17000562667846,-75.7669127873685,-75.7669127873685
201.18000562667848,-75.76597629734985,-75.76597629734985
201.19000562667847,-75.76504194439728,-75.76504194439728
201.20000562667846,-75.76410987720897,-75.76410987720897
201.21000562667848,-75.76318024247213,-75.76318024247213
201.22000562667847,-75.76225318486043,-75.76225318486043
201.23000562667846,-75.76132884705952,-75.76132884705952
201.24000562667845,-75.76040736975052,-75.76040736975052
201.25000562667847,-75.75948889163638,-75.75948889163638
201.26000562667846,-75.75857354945283,-75.75857354945283
201.27000562667845,-75.75766147796287,-75.75766147796287
201.28000562667847,-75.75675280998435,-75.75675280998435
201.29000562667846,-75.75584767637173,-75.75584767637173
201.30000562667846,-75.75494620606182,-75.75494620606182
201.31000562667847,-75.75404852605448,-75.75404852605448
201.32000562667847,-75.75315476143587,-75.75315476143587
201.33000562667846,-75.75226503539793,-75.75226503539793
201.34000562667848,-75.75137946922541,-75.75137946922541
201.35000562667847,-75.75049818233013,-75.75049818233013
201.36000562667846,-75.74962129226247,-75.74962129226247
201.37000562667848,-75.7487489147025,-75.7487489147025
201.38000562667847,-75.74788116348618,-75.74788116348618
201.39000562667846,-75.74701815063774,-75.74701815063774
201.40000562667848,-75.74615998633722,-75.74615998633722
201.41000562667847,-75.74530677897641,-75.74530677897641
201.42000562667846,-75.74445863515062,-75.74445863515062
201.43000562667848,-75.74361565968705,-75.74361565968705
201.44000562667847,-75.74277795562874,-75.74277795562874
201.45000565052032,-75.74194562231223,-75.74194562231223
201.46000565052032,-75.74111876329756,-75.74111876329756
201.47000565052033,-75.74029747443551,-75.74029747443551
201.48000565052033,-75.73948185187619,-75.73948185187619
201.49000565052032,-75.73867199008993,-75.73867199008993
201.50000565052034,-75.73786798187159,-75.73786798187159
201.51000565052033,-75.7370699183492,-75.7370699183492
201.52000565052032,-75.73627788901348,-75.73627788901348
201.53000565052034,-75.73549198173035,-75.73549198173035
201.54000565052033,-75.73471228275034,-75.73471228275034
201.55000565052032,-75.73393887673171,-75.73393887673171
201.56000565052034,-75.73317184676267,-75.73317184676267
201.57000565052033,-75.73241127434615,-75.73241127434615
201.58000565052032,-75.73165723945532,-75.73165723945532
201.5900056505203,-75.73090982053286,-75.73090982053286
201.60000565052033,-75.73016909450233,-75.73016909450233
201.61000565052032,-75.72943513678963,-75.72943513678963
201.6200056505203,-75.72870802133383,-75.72870802133383
201.63000565052033,-75.72798782061419,-75.72798782061419
201.64000565052032,-75.72727460565645,-75.72727460565645
201.6500056505203,-75.72656844606047,-75.72656844606047
201.66000565052033,-75.72586940999673,-75.72586940999673
201.67000565052032,-75.72517756424486,-75.72517756424486
201.68000565052031,-75.72449297419072,-75.72449297419072
201.69000565052033,-75.7238157038578,-75.7238157038578
201.70000565052032,-75.72314581591681,-75.72314581591681
201.71000565052032,-75.72247676839547,-75.72247676839547
201.72000565052033,-75.72180573177228,-75.72180573177228
201.73000565052033,-75.72113135924114,-75.72113135924114
201.74000565052032,-75.72045298949439,-75.72045298949439
201.75000565052034,-75.71977034252055,-75.71977034252055
201.76000565052033,-75.71908336168346,-75.71908336168346
201.77000565052032,-75.71839212115816,-75.71839212115816
201.78000565052034,-75.71769677032238,-75.71769677032238
201.79000565052033,-75.71699750032246,-75.71699750032246
201.80000565052032,-75.71629452403397,-75.71629452403397
201.81000565052034,-75.71558806408346,-75.71558806408346
201.82000565052033,-75.71487834584549,-75.71487834584549
201.83000565052032,-75.71416559343803,-75.71416559343803
201.8400056505203,-75.71345002750579,-75.71345002750579
201.85000565052033,-75.71273186416053,-75.71273186416053
201.86000565052032,-75.71201131450843,-75.71201131450843
201.8700056505203,-75.71128858462986,-75.71128858462986
201.88000565052033,-75.71056387571579,-75.71056387571579
201.89000565052032,-75.70983738435996,-75.70983738435996
201.9000056505203,-75.70910930283058,-75.70910930283058
201.91000565052033,-75.7083798194353,-75.7083798194353
201.92000565052032,-75.70764911878484,-75.70764911878484
201.93000565052031,-75.70691738210108,-75.70691738210108
201.94000565052033,-75.70618478746174,-75.70618478746174
201.95000565052032,-75.70545151000965,-75.70545151000965
201.96000565052032,-75.70471772216742,-75.70471772216742
201.97000565052033,-75.7039835938061,-75.7039835938061
201.98000565052033,-75.7032492923629,-75.7032492923629
201.99000565052032,-75.70251498299336,-75.70251498299336
202.00000565052034,-75.70178082864564,-75.70178082864564
202.01000565052033,-75.70104699017536,-75.70104699017536
202.02000565052032,-75.70031362638419,-75.70031362638419
202.03000565052034,-75.69958089412155,-75.69958089412155
202.04000565052033,-75.69884894829771,-75.69884894829771
202.05000565052032,-75.69811794195003,-75.69811794195003
202.06000565052034,-75.69738802626689,-75.69738802626689
202.07000565052033,-75.69665935060799,-75.69665935060799
202.08000565052032,-75.69593206254707,-75.69593206254707
202.0900056505203,-75.69520630788512,-75.69520630788512
202.10000565052033,-75.69448223065432,-75.69448223065432
202.11000565052032,-75.69375997313841,-75.69375997313841
202.1200056505203,-75.69303967588412,-75.69303967588412
202.13000565052033,-75.69232147771994,-75.69232147771994
202.14000565052032,-75.69160551573228,-75.69160551573228
202.1500056505203,-75.69089192530623,-75.69089192530623
202.16000565052033,-75.69018084011948,-75.69018084011948
202.17000565052032,-75.6894723921284,-75.6894723921284
202.18000565052031,-75.68876671159705,-75.68876671159705
202.19000565052033,-75.68806392709531,-75.68806392709531
202.20000565052032,-75.68736416548319,-75.68736416548319
202.21000565052032,-75.68666755194086,-75.68666755194086
202.22000565052033,-75.68597420996211,-75.68597420996211
202.23000565052033,-75.68528426134968,-75.68528426134968
202.24000565052032,-75.68459782624035,-75.68459782624035
202.25000565052034,-75.68391502307341,-75.68391502307341
202.26000565052033,-75.68323596863785,-75.68323596863785
202.27000565052032,-75.68256077804384,-75.68256077804384
202.28000565052034,-75.68188956475042,-75.68188956475042
202.29000565052033,-75.68122244055179,-75.68122244055179
202.30000567436218,-75.68055951402226,-75.68055951402226
202.31000567436217,-75.67990089683475,-75.67990089683475
202.3200056743622,-75.67924669427192,-75.67924669427192
202.33000567436218,-75.67859701156742,-75.67859701156742
202.34000567436217,-75.67795195235276,-75.67795195235276
202.3500056743622,-75.67731161862957,-75.67731161862957
202.36000567436218,-75.67667611079884,-75.67667611079884
202.37000567436218,-75.67604552766699,-75.67604552766699
202.3800056743622,-75.67541996644613,-75.67541996644613
202.3900056743622,-75.67479952277921,-75.67479952277921
202.40000567436218,-75.67418429073457,-75.67418429073457
202.4100056743622,-75.67357436282035,-75.67357436282035
202.4200056743622,-75.67296983000361,-75.67296983000361
202.43000567436218,-75.67237078171385,-75.67237078171385
202.44000567436217,-75.67177730583761,-75.67177730583761
202.4500056743622,-75.67118948876818,-75.67118948876818
202.46000567436218,-75.6706074153689,-75.6706074153689
202.47000567436217,-75.67003116903737,-75.67003116903737
202.4800056743622,-75.66946083166918,-75.66946083166918
202.49000567436218,-75.66889648369826,-75.66889648369826
202.50000567436217,-75.66833820410544,-75.66833820410544
202.5100056743622,-75.66778607041736,-75.66778607041736
202.52000567436218,-75.66724015873723,-75.66724015873723
202.53000567436217,-75.66670054374582,-75.66670054374582
202.5400056743622,-75.66616729871673,-75.66616729871673
202.55000567436218,-75.66564049553061,-75.66564049553061
202.56000567436217,-75.66512020469253,-75.66512020469253
202.5700056743622,-75.66460649533838,-75.66460649533838
202.58000567436218,-75.66409943522946,-75.66409943522946
202.59000567436217,-75.66359909081874,-75.66359909081874
202.6000056743622,-75.6631055272183,-75.6631055272183
202.61000567436218,-75.66261880822404,-75.66261880822404
202.62000567436218,-75.66213899634195,-75.66213899634195
202.6300056743622,-75.66166615276977,-75.66166615276977
202.6400056743622,-75.6612003374541,-75.6612003374541
202.65000567436218,-75.6607416090799,-75.6607416090799
202.6600056743622,-75.66029002507318,-75.66029002507318
202.6700056743622,-75.65984564164957,-75.65984564164957
202.68000567436218,-75.65940851378393,-75.65940851378393
202.69000567436217,-75.6589786952656,-75.6589786952656
202.7000056743622,-75.65855623869243,-75.65855623869243
202.71000567436218,-75.6581411954624,-75.6581411954624
202.72000567436217,-75.6577336158386,-75.6577336158386
202.7300056743622,-75.6573335489336,-75.6573335489336
202.74000567436218,-75.65694104269367,-75.65694104269367
202.75000567436217,-75.65655614397797,-75.65655614397797
202.7600056743622,-75.65617889851403,-75.65617889851403
202.77000567436218,-75.65580935094987,-75.65580935094987
202.78000567436217,-75.6554475448423,-75.6554475448423
202.7900056743622,-75.65509352268141,-75.65509352268141
202.80000567436218,-75.65474732590069,-75.65474732590069
202.81000567436217,-75.65440899489758,-75.65440899489758
202.8200056743622,-75.6540785690344,-75.6540785690344
202.83000567436218,-75.65375608665968,-75.65375608665968
202.84000567436217,-75.65344158512093,-75.65344158512093
202.8500056743622,-75.65313510077667,-75.65313510077667
202.86000567436218,-75.65283666900298,-75.65283666900298
202.87000567436218,-75.6525463242235,-75.6525463242235
202.8800056743622,-75.65226409989742,-75.65226409989742
202.8900056743622,-75.65199002853929,-75.65199002853929
202.90000567436218,-75.65172414175842,-75.65172414175842
202.9100056743622,-75.65146647024353,-75.65146647024353
202.9200056743622,-75.65121704376584,-75.65121704376584
202.93000567436218,-75.65097589121676,-75.65097589121676
202.94000567436217,-75.65074304061515,-75.65074304061515
202.9500056743622,-75.65051851911865,-75.65051851911865
202.96000567436218,-75.65029575477011,-75.65029575477011
202.97000567436217,-75.65007188488617,-75.65007188488617
202.9800056743622,-75.64984552861108,-75.64984552861108
202.99000567436218,-75.64961599040389,-75.64961599040389
203.00000567436217,-75.64938295615079,-75.64938295615079
203.0100056743622,-75.64914633540481,-75.64914633540481
203.02000567436218,-75.64890616888454,-75.64890616888454
203.03000567436217,-75.64866257296316,-75.64866257296316
203.0400056743622,-75.64841570623236,-75.64841570623236
203.05000567436218,-75.64816574945358,-75.64816574945358
203.06000567436217,-75.64791289366,-75.64791289366
203.0700056743622,-75.64765733309954,-75.64765733309954
203.08000567436218,-75.64739926124335,-75.64739926124335
203.09000567436217,-75.64713886855938,-75.64713886855938
203.1000056743622,-75.64687634145291,-75.64687634145291
203.11000567436218,-75.64661186179737,-75.64661186179737
203.12000567436218,-75.64634560688232,-75.64634560688232
203.1300056743622,-75.6460777495767,-75.6460777495767
203.1400056743622,-75.64580845856979,-75.64580845856979
203.15000569820404,-75.64553789804532,-75.64553789804532
203.16000569820403,-75.64526623056109,-75.64526623056109
203.17000569820405,-75.64499361350067,-75.64499361350067
203.18000569820404,-75.64472020190014,-75.64472020190014
203.19000569820403,-75.64444614806058,-75.64444614806058
203.20000569820405,-75.64417160178812,-75.64417160178812
203.21000569820404,-75.64389671052619,-75.64389671052619
203.22000569820403,-75.64362161958374,-75.64362161958374
203.23000569820405,-75.64334647223191,-75.64334647223191
203.24000569820404,-75.64307140982287,-75.64307140982287
203.25000569820403,-75.64279657189707,-75.64279657189707
203.26000569820405,-75.64252209626292,-75.64252209626292
203.27000569820405,-75.64224811906473,-75.64224811906473
203.28000569820404,-75.64197477484048,-75.64197477484048
203.29000569820403,-75.64170219655595,-75.64170219655595
203.30000569820405,-75.6414305156504,-75.6414305156504
203.31000569820404,-75.64115986207625,-75.64115986207625
203.32000569820403,-75.64089036430103,-75.64089036430103
203.33000569820405,-75.64062214933152,-75.64062214933152
203.34000569820404,-75.64035534274569,-75.64035534274569
203.35000569820403,-75.64009006868666,-75.64009006868666
203.36000569820405,-75.63982644988651,-75.63982644988651
203.37000569820404,-75.63956460764459,-75.63956460764459
203.38000569820403,-75.63930466186068,-75.63930466186068
203.39000569820405,-75.63904673103262,-75.63904673103262
203.40000569820404,-75.63879093222633,-75.63879093222633
203.41000569820403,-75.63853738113256,-75.63853738113256
203.42000569820405,-75.63828619203035,-75.63828619203035
203.43000569820404,-75.63803747777958,-75.63803747777958
203.44000569820403,-75.6377913498493,-75.6377913498493
203.45000569820405,-75.63754791828798,-75.63754791828798
203.46000569820404,-75.6373072917597,-75.6373072917597
203.47000569820403,-75.63706957751307,-75.63706957751307
203.48000569820405,-75.63683488138106,-75.63683488138106
203.49000569820404,-75.63660330781398,-75.63660330781398
203.50000569820403,-75.63637495983369,-75.63637495983369
203.51000569820405,-75.63614993907218,-75.63614993907218
203.52000569820405,-75.63592834575013,-75.63592834575013
203.53000569820404,-75.63571027868784,-75.63571027868784
203.54000569820403,-75.63549583530974,-75.63549583530974
203.55000569820405,-75.63528511164596,-75.63528511164596
203.56000569820404,-75.63507820232134,-75.63507820232134
203.57000569820403,-75.63487520058325,-75.63487520058325
203.58000569820405,-75.63467619827922,-75.63467619827922
203.59000569820404,-75.63448128588894,-75.63448128588894
203.60000569820403,-75.63429055249615,-75.63429055249615
203.61000569820405,-75.63410408582472,-75.63410408582472
203.62000569820404,-75.63392197222142,-75.63392197222142
203.63000569820403,-75.63374429667024,-75.63374429667024
203.64000569820405,-75.63357114280211,-75.63357114280211
203.65000569820404,-75.63340259290214,-75.63340259290214
203.66000569820403,-75.63323872791094,-75.63323872791094
203.67000569820405,-75.63307962742611,-75.63307962742611
203.68000569820404,-75.63292536972551,-75.63292536972551
203.69000569820403,-75.63277603176438,-75.63277603176438
203.70000569820405,-75.63263168917989,-75.63263168917989
203.71000569820404,-75.63249241631162,-75.63249241631162
203.72000569820403,-75.63235828620627,-75.63235828620627
203.73000569820405,-75.63222937061877,-75.63222937061877
203.74000569820404,-75.6321057400231,-75.6321057400231
203.75000569820403,-75.63198746363959,-75.63198746363959
203.76000569820405,-75.63187460942243,-75.63187460942243
203.77000569820405,-75.63176724407055,-75.63176724407055
203.78000569820404,-75.63166543305385,-75.63166543305385
203.79000569820403,-75.63156924061796,-75.63156924061796
203.80000569820405,-75.63147872979084,-75.63147872979084
203.81000569820404,-75.63139396237628,-75.63139396237628
203.82000569820403,-75.63131499900348,-75.63131499900348
203.83000569820405,-75.63124189910263,-75.63124189910263
203.84000569820404,-75.63117472094025,-75.63117472094025
203.85000569820403,-75.63111352160976,-75.63111352160976
203.86000569820405,-75.63105835706256,-75.63105835706256
203.87000569820404,-75.63100928209464,-75.63100928209464
203.88000569820403,-75.63096635038205,-75.63096635038205
203.89000569820405,-75.63092961447975,-75.63092961447975
203.90000569820404,-75.63089912584525,-75.63089912584525
203.91000569820403,-75.63087493482686,-75.63087493482686
203.92000569820405,-75.63085709070093,-75.63085709070093
203.93000569820404,-75.63084564165227,-75.63084564165227
203.94000569820403,-75.63084063483451,-75.63084063483451
203.95000569820405,-75.63084211632676,-75.63084211632676
203.96000569820404,-75.63085013118454,-75.63085013118454
203.97000569820403,-75.63086472342492,-75.63086472342492
203.98000569820405,-75.63088593607056,-75.63088593607056
203.99000569820404,-75.63091381111592,-75.63091381111592
204.0000057220459,-75.63094838966634,-75.63094838966634
204.0100057220459,-75.63098971161801,-75.63098971161801
204.0200057220459,-75.63103781610377,-75.63103781610377
204.0300057220459,-75.63109274122638,-75.63109274122638
204.0400057220459,-75.63115452415794,-75.63115452415794
204.0500057220459,-75.63122320113463,-75.63122320113463
204.0600057220459,-75.63129880747138,-75.63129880747138
204.0700057220459,-75.63138137756677,-75.63138137756677
204.0800057220459,-75.63147094492982,-75.63147094492982
204.0900057220459,-75.63156754216739,-75.63156754216739
204.1000057220459,-75.63167120102668,-75.63167120102668
204.1100057220459,-75.63178195236733,-75.63178195236733
204.1200057220459,-75.6318998262138,-75.6318998262138
204.1300057220459,-75.63202485174689,-75.63202485174689
204.14000572204588,-75.63215705730113,-75.63215705730113
204.1500057220459,-75.63229647039427,-75.63229647039427
204.1600057220459,-75.63244311774051,-75.63244311774051
204.1700057220459,-75.6325970252468,-75.6325970252468
204.1800057220459,-75.63275821803431,-75.63275821803431
204.1900057220459,-75.63292672043107,-75.63292672043107
204.2000057220459,-75.63310255601651,-75.63310255601651
204.2100057220459,-75.63328574761634,-75.63328574761634
204.2200057220459,-75.63347631727663,-75.63347631727663
204.2300057220459,-75.63367428633964,-75.63367428633964
204.2400057220459,-75.63387967539965,-75.63387967539965
204.2500057220459,-75.63409250434387,-75.63409250434387
204.2600057220459,-75.6343127923533,-75.6343127923533
204.2700057220459,-75.63454055790471,-75.63454055790471
204.2800057220459,-75.63477581878189,-75.63477581878189
204.2900057220459,-75.63501859210177,-75.63501859210177
204.3000057220459,-75.63526889431442,-75.63526889431442
204.3100057220459,-75.63552674120622,-75.63552674120622
204.3200057220459,-75.6357921479054,-75.6357921479054
204.3300057220459,-75.6360651289139,-75.6360651289139
204.3400057220459,-75.63634569810047,-75.63634569810047
204.3500057220459,-75.63663386871521,-75.63663386871521
204.3600057220459,-75.63692965337897,-75.63692965337897
204.3700057220459,-75.6372330641244,-75.6372330641244
204.3800057220459,-75.63754411238229,-75.63754411238229
204.39000572204588,-75.63786280899636,-75.63786280899636
204.4000057220459,-75.63818916425205,-75.63818916425205
204.4100057220459,-75.63852318783685,-75.63852318783685
204.4200057220459,-75.63886488889604,-75.63886488889604
204.4300057220459,-75.63921427602335,-75.63921427602335
204.4400057220459,-75.63957135724871,-75.63957135724871
204.4500057220459,-75.63993614009073,-75.63993614009073
204.4600057220459,-75.6403086315282,-75.6403086315282
204.4700057220459,-75.64068883802825,-75.64068883802825
204.4800057220459,-75.64107676553597,-75.64107676553597
204.4900057220459,-75.64147241950889,-75.64147241950889
204.5000057220459,-75.64187580487629,-75.64187580487629
204.5100057220459,-75.64228692612129,-75.64228692612129
204.5200057220459,-75.64270578721494,-75.64270578721494
204.5300057220459,-75.64313239167056,-75.64313239167056
204.5400057220459,-75.64356674252073,-75.64356674252073
204.5500057220459,-75.6440088423537,-75.6440088423537
204.5600057220459,-75.6444586932975,-75.6444586932975
204.5700057220459,-75.6449162970501,-75.6449162970501
204.5800057220459,-75.64538165484929,-75.64538165484929
204.5900057220459,-75.64585476751012,-75.64585476751012
204.6000057220459,-75.64633563543475,-75.64633563543475
204.6100057220459,-75.64682425860026,-75.64682425860026
204.6200057220459,-75.64732063656808,-75.64732063656808
204.6300057220459,-75.64782476850328,-75.64782476850328
204.64000572204588,-75.6483366531677,-75.6483366531677
204.6500057220459,-75.64885628894315,-75.64885628894315
204.6600057220459,-75.64938367380847,-75.64938367380847
204.6700057220459,-75.64991880538075,-75.64991880538075
204.6800057220459,-75.6504616808973,-75.6504616808973
204.6900057220459,-75.65101229722801,-75.65101229722801
204.7000057220459,-75.6515706508824,-75.6515706508824
204.7100057220459,-75.65213013708977,-75.65213013708977
204.7200057220459,-75.65268786043886,-75.65268786043886
204.7300057220459,-75.65324240781513,-75.65324240781513
204.7400057220459,-75.65379305193827,-75.65379305193827
204.7500057220459,-75.6543394474597,-75.6543394474597
204.7600057220459,-75.65488147327146,-75.65488147327146
204.7700057220459,-75.65541914000787,-75.65541914000787
204.7800057220459,-75.65595253450971,-75.65595253450971
204.7900057220459,-75.65648178645625,-75.65648178645625
204.8000057220459,-75.65700704830232,-75.65700704830232
204.8100057220459,-75.65752848334175,-75.65752848334175
204.8200057220459,-75.65804625868194,-75.65804625868194
204.8300057220459,-75.65856054121784,-75.65856054121784
204.8400057220459,-75.6590714954271,-75.6590714954271
204.85000574588776,-75.65957928345664,-75.65957928345664
204.86000574588775,-75.66008405983537,-75.66008405983537
204.87000574588777,-75.66058597869545,-75.66058597869545
204.88000574588776,-75.6610851890119,-75.6610851890119
204.89000574588775,-75.66158183610348,-75.66158183610348
204.90000574588777,-75.66207606190868,-75.66207606190868
204.91000574588776,-75.66256800529432,-75.66256800529432
204.92000574588775,-75.66305780233415,-75.66305780233415
204.93000574588777,-75.66354558658263,-75.66354558658263
204.94000574588776,-75.66403148931057,-75.66403148931057
204.95000574588775,-75.66451563970088,-75.66451563970088
204.96000574588777,-75.66499816505407,-75.66499816505407
204.97000574588776,-75.66547919091025,-75.66547919091025
204.98000574588775,-75.66595884120952,-75.66595884120952
204.99000574588774,-75.66643723836812,-75.66643723836812
205.00000574588776,-75.6669145033974,-75.6669145033974
205.01000574588775,-75.66739075594624,-75.66739075594624
205.02000574588774,-75.66786611440422,-75.66786611440422
205.03000574588776,-75.66834069591545,-75.66834069591545
205.04000574588775,-75.66881461642345,-75.66881461642345
205.05000574588774,-75.66928799071599,-75.66928799071599
205.06000574588776,-75.66976093243306,-75.66976093243306
205.07000574588776,-75.67023355408537,-75.67023355408537
205.08000574588775,-75.6707059670888,-75.6707059670888
205.09000574588777,-75.67117828174638,-75.67117828174638
205.10000574588776,-75.67165060725074,-75.67165060725074
205.11000574588775,-75.67212305172102,-75.67212305172102
205.12000574588777,-75.67259572217354,-75.67259572217354
205.13000574588776,-75.67306872452853,-75.67306872452853
205.14000574588775,-75.67354216361822,-75.67354216361822
205.15000574588777,-75.6740161431638,-75.6740161431638
205.16000574588776,-75.67449076578346,-75.67449076578346
205.17000574588775,-75.67496613298945,-75.67496613298945
205.18000574588777,-75.67544234517945,-75.67544234517945
205.19000574588776,-75.67591950164052,-75.67591950164052
205.20000574588775,-75.67639770052179,-75.67639770052179
205.21000574588777,-75.67687703884982,-75.67687703884982
205.22000574588776,-75.67735761252369,-75.67735761252369
205.23000574588775,-75.67783951629859,-75.67783951629859
205.24000574588774,-75.67832284379803,-75.67832284379803
205.25000574588776,-75.67880768747462,-75.67880768747462
205.26000574588775,-75.67929413865943,-75.67929413865943
205.27000574588774,-75.6797822875235,-75.6797822875235
205.28000574588776,-75.68027222307754,-75.68027222307754
205.29000574588775,-75.68076403317677,-75.68076403317677
205.30000574588774,-75.68125780453023,-75.68125780453023
205.31000574588776,-75.68175362268016,-75.68175362268016
205.32000574588776,-75.68225157200432,-75.68225157200432
205.33000574588775,-75.68275173573292,-75.68275173573292
205.34000574588777,-75.68325419593369,-75.68325419593369
205.35000574588776,-75.68375903349924,-75.68375903349924
205.36000574588775,-75.6842663281933,-75.6842663281933
205.37000574588777,-75.68477615860905,-75.68477615860905
205.38000574588776,-75.68528860219162,-75.68528860219162
205.39000574588775,-75.6858037352342,-75.6858037352342
205.40000574588777,-75.6863216328893,-75.6863216328893
205.41000574588776,-75.68684236916108,-75.68684236916108
205.42000574588775,-75.68736601691297,-75.68736601691297
205.43000574588777,-75.68789264789092,-75.68789264789092
205.44000574588776,-75.68842233268691,-75.68842233268691
205.45000574588775,-75.68895514077563,-75.68895514077563
205.46000574588777,-75.68949114052336,-75.68949114052336
205.47000574588776,-75.69003039917557,-75.69003039917557
205.48000574588775,-75.6905729828693,-75.6905729828693
205.49000574588774,-75.69111895663924,-75.69111895663924
205.50000574588776,-75.69166838443209,-75.69166838443209
205.51000574588775,-75.69222132910035,-75.69222132910035
205.52000574588774,-75.69277785242014,-75.69277785242014
205.53000574588776,-75.69333801508591,-75.69333801508591
205.54000574588775,-75.69390187673723,-75.69390187673723
205.55000574588774,-75.69446949594779,-75.69446949594779
205.56000574588776,-75.69504093024227,-75.69504093024227
205.57000574588776,-75.69561623611138,-75.69561623611138
205.58000574588775,-75.69619546900618,-75.69619546900618
205.59000574588777,-75.69677868335273,-75.69677868335273
205.60000574588776,-75.69736593255894,-75.69736593255894
205.61000574588775,-75.69795726903065,-75.69795726903065
205.62000574588777,-75.69855274416149,-75.69855274416149
205.63000574588776,-75.69915240836642,-75.69915240836642
205.64000574588775,-75.69975631108088,-75.69975631108088
205.65000574588777,-75.70036450076563,-75.70036450076563
205.66000574588776,-75.70097702492141,-75.70097702492141
205.67000574588775,-75.70159393008318,-75.70159393008318
205.68000574588777,-75.70221526186185,-75.70221526186185
205.69000574588776,-75.70284106491833,-75.70284106491833
205.70000576972961,-75.70347138448862,-75.70347138448862
205.7100057697296,-75.70410626042488,-75.70410626042488
205.72000576972962,-75.70474573612826,-75.70474573612826
205.73000576972962,-75.70538985262313,-75.70538985262313
205.7400057697296,-75.70603865004635,-75.70603865004635
205.75000576972963,-75.7066921676726,-75.7066921676726
205.76000576972962,-75.70735044388968,-75.70735044388968
205.7700057697296,-75.70801351623608,-75.70801351623608
205.78000576972963,-75.70868142140792,-75.70868142140792
205.79000576972962,-75.70935419525576,-75.70935419525576
205.8000057697296,-75.71003187280567,-75.71003187280567
205.81000576972963,-75.71071448826831,-75.71071448826831
205.82000576972962,-75.71140207503535,-75.71140207503535
205.8300057697296,-75.71209466571206,-75.71209466571206
205.8400057697296,-75.71279229210516,-75.71279229210516
205.85000576972962,-75.7134949852578,-75.7134949852578
205.8600057697296,-75.71420277541758,-75.71420277541758
205.8700057697296,-75.71491569209113,-75.71491569209113
205.88000576972962,-75.71563376402092,-75.71563376402092
205.8900057697296,-75.71635701921039,-75.71635701921039
205.9000057697296,-75.71708548494115,-75.71708548494115
205.91000576972962,-75.71781918776607,-75.71781918776607
205.9200057697296,-75.71855815351613,-75.71855815351613
205.9300057697296,-75.71930240732206,-75.71930240732206
205.94000576972962,-75.72005197362262,-75.72005197362262
205.95000576972961,-75.72080687616851,-75.72080687616851
205.9600057697296,-75.72156713804019,-75.72156713804019
205.97000576972962,-75.72233278162503,-75.72233278162503
205.98000576972962,-75.72310382867667,-75.72310382867667
205.9900057697296,-75.72388030029663,-75.72388030029663
206.00000576972963,-75.72466221692247,-75.72466221692247
206.01000576972962,-75.72544959838238,-75.72544959838238
206.0200057697296,-75.72624246387477,-75.72624246387477
206.03000576972963,-75.72704083196835,-75.72704083196835
206.04000576972962,-75.72784472063894,-75.72784472063894
206.0500057697296,-75.72865414725712,-75.72865414725712
206.06000576972963,-75.7294691286075,-75.7294691286075
206.07000576972962,-75.73028968088242,-75.73028968088242
206.0800057697296,-75.73111581971179,-75.73111581971179
206.0900057697296,-75.73194756014865,-75.73194756014865
206.10000576972962,-75.7327849166972,-75.7327849166972
206.1100057697296,-75.73362790330508,-75.73362790330508
206.1200057697296,-75.73447653337922,-75.73447653337922
206.13000576972962,-75.73533081979564,-75.73533081979564
206.1400057697296,-75.73619077490221,-75.73619077490221
206.1500057697296,-75.73705641051886,-75.73705641051886
206.16000576972962,-75.737927737966,-75.737927737966
206.1700057697296,-75.73880476804985,-75.73880476804985
206.1800057697296,-75.73968751109348,-75.73968751109348
206.19000576972962,-75.74057597692855,-75.74057597692855
206.20000576972961,-75.7414701748798,-75.7414701748798
206.2100057697296,-75.74237011382374,-75.74237011382374
206.22000576972962,-75.74327580216091,-75.74327580216091
206.23000576972962,-75.74418724782362,-75.74418724782362
206.2400057697296,-75.7451044583069,-75.7451044583069
206.25000576972963,-75.74602744064708,-75.74602744064708
206.26000576972962,-75.74695620143912,-75.74695620143912
206.2700057697296,-75.74789074684759,-75.74789074684759
206.28000576972963,-75.74883108260957,-75.74883108260957
206.29000576972962,-75.74977721404021,-75.74977721404021
206.3000057697296,-75.75072914604564,-75.75072914604564
206.31000576972963,-75.75168688311146,-75.75168688311146
206.32000576972962,-75.7526504293347,-75.7526504293347
206.3300057697296,-75.75361978841553,-75.75361978841553
206.3400057697296,-75.75459496366466,-75.75459496366466
206.35000576972962,-75.75557595800784,-75.75557595800784
206.3600057697296,-75.75656277398552,-75.75656277398552
206.3700057697296,-75.75755541377761,-75.75755541377761
206.38000576972962,-75.75855387920487,-75.75855387920487
206.3900057697296,-75.75955817171032,-75.75955817171032
206.4000057697296,-75.76056829239414,-75.76056829239414
206.41000576972962,-75.76158424200865,-75.76158424200865
206.4200057697296,-75.7626060209586,-75.7626060209586
206.4300057697296,-75.76363362931937,-75.76363362931937
206.44000576972962,-75.76466706682886,-75.76466706682886
206.45000576972961,-75.76570633289425,-75.76570633289425
206.4600057697296,-75.76675142661168,-75.76675142661168
206.47000576972962,-75.76780234675263,-75.76780234675263
206.48000576972962,-75.76885909179126,-75.76885909179126
206.4900057697296,-75.76992165987873,-75.76992165987873
206.50000576972963,-75.77099004887553,-75.77099004887553
206.51000576972962,-75.77206425634417,-75.77206425634417
206.5200057697296,-75.77314427955032,-75.77314427955032
206.53000576972963,-75.77423011548667,-75.77423011548667
206.54000576972962,-75.77532176085833,-75.77532176085833
206.55000579357147,-75.77641921469976,-75.77641921469976
206.56000579357146,-75.77752246796364,-75.77752246796364
206.57000579357148,-75.77863151912703,-75.77863151912703
206.58000579357147,-75.77974636381022,-75.77974636381022
206.59000579357146,-75.7808669973903,-75.7808669973903
206.60000579357148,-75.78199341497141,-75.78199341497141
206.61000579357147,-75.7831256114186,-75.7831256114186
206.62000579357147,-75.78426358134648,-75.78426358134648
206.63000579357148,-75.78540731913299,-75.78540731913299
206.64000579357148,-75.78655681891142,-75.78655681891142
206.65000579357147,-75.78771207458875,-75.78771207458875
206.6600057935715,-75.78887307983815,-75.78887307983815
206.67000579357148,-75.79003982810436,-75.79003982810436
206.68000579357147,-75.79121231262901,-75.79121231262901
206.69000579357146,-75.79239052641265,-75.79239052641265
206.70000579357148,-75.79357446225822,-75.79357446225822
206.71000579357147,-75.79476411274386,-75.79476411274386
206.72000579357146,-75.79595947025612,-75.79595947025612
206.73000579357148,-75.79716052697674,-75.79716052697674
206.74000579357147,-75.79836727487287,-75.79836727487287
206.75000579357146,-75.79957970574308,-75.79957970574308
206.76000579357148,-75.80079781117277,-75.80079781117277
206.77000579357147,-75.80202158256004,-75.80202158256004
206.78000579357146,-75.80325101112977,-75.80325101112977
206.79000579357148,-75.80448608791411,-75.80448608791411
206.80000579357147,-75.80572680377402,-75.80572680377402
206.81000579357146,-75.80697314939557,-75.80697314939557
206.82000579357148,-75.80822511527958,-75.80822511527958
206.83000579357147,-75.80948269178141,-75.80948269178141
206.84000579357146,-75.81074586906864,-75.81074586906864
206.85000579357148,-75.81201463715438,-75.81201463715438
206.86000579357147,-75.81328898590212,-75.81328898590212
206.87000579357147,-75.81456890499722,-75.81456890499722
206.88000579357148,-75.8158543839964,-75.8158543839964
206.89000579357148,-75.8171454122812,-75.8171454122812
206.90000579357147,-75.81844197910176,-75.81844197910176
206.9100057935715,-75.81974407356077,-75.81974407356077
206.92000579357148,-75.8210516846174,-75.8210516846174
206.93000579357147,-75.82236480108365,-75.82236480108365
206.94000579357146,-75.82368341165228,-75.82368341165228
206.95000579357148,-75.82500750486882,-75.82500750486882
206.96000579357147,-75.82633706914312,-75.82633706914312
206.97000579357146,-75.8276720927645,-75.8276720927645
206.98000579357148,-75.8290125639008,-75.8290125639008
206.99000579357147,-75.83035847058801,-75.83035847058801
207.00000579357146,-75.83170980073702,-75.83170980073702
207.01000579357148,-75.83306654214192,-75.83306654214192
207.02000579357147,-75.83442868249311,-75.83442868249311
207.03000579357146,-75.83579620935288,-75.83579620935288
207.04000579357148,-75.83716911018206,-75.83716911018206
207.05000579357147,-75.83854737231995,-75.83854737231995
207.06000579357146,-75.83993098300898,-75.83993098300898
207.07000579357148,-75.84131992938592,-75.84131992938592
207.08000579357147,-75.84271419847059,-75.84271419847059
207.09000579357146,-75.84411377719917,-75.84411377719917
207.10000579357148,-75.84551865240617,-75.84551865240617
207.11000579357147,-75.84692881082846,-75.84692881082846
207.12000579357147,-75.84834423910145,-75.84834423910145
207.13000579357148,-75.84976492378266,-75.84976492378266
207.14000579357148,-75.85119085131905,-75.85119085131905
207.15000579357147,-75.85262200809738,-75.85262200809738
207.1600057935715,-75.85405838039138,-75.85405838039138
207.17000579357148,-75.85549995440256,-75.85549995440256
207.18000579357147,-75.8569467162542,-75.8569467162542
207.19000579357146,-75.85839865198432,-75.85839865198432
207.20000579357148,-75.85985574755509,-75.85985574755509
207.21000579357147,-75.86131136618214,-75.86131136618214
207.22000579357146,-75.86276259014873,-75.86276259014873
207.23000579357148,-75.86420798823285,-75.86420798823285
207.24000579357147,-75.86564681715312,-75.86564681715312
207.25000579357146,-75.8670787169607,-75.8670787169607
207.26000579357148,-75.86850355289302,-75.86850355289302
207.27000579357147,-75.869921322678,-75.869921322678
207.28000579357146,-75.87133210096346,-75.87133210096346
207.29000579357148,-75.87273600578445,-75.87273600578445
207.30000579357147,-75.87413317851288,-75.87413317851288
207.31000579357146,-75.87552377188291,-75.87552377188291
207.32000579357148,-75.87690794291709,-75.87690794291709
207.33000579357147,-75.87828584890349,-75.87828584890349
207.34000579357146,-75.87965764515566,-75.87965764515566
207.35000579357148,-75.88102348388716,-75.88102348388716
207.36000579357147,-75.88238351372843,-75.88238351372843
207.37000579357147,-75.88373787966273,-75.88373787966273
207.38000579357148,-75.88508672314687,-75.88508672314687
207.39000579357148,-75.88643018231163,-75.88643018231163
207.40000581741333,-75.88776839547138,-75.88776839547138
207.41000581741332,-75.88910148861758,-75.88910148861758
207.42000581741334,-75.89042959488992,-75.89042959488992
207.43000581741333,-75.89175284201026,-75.89175284201026
207.44000581741332,-75.89307135572363,-75.89307135572363
207.45000581741334,-75.89438525999371,-75.89438525999371
207.46000581741333,-75.89568805190812,-75.89568805190812
207.47000581741332,-75.89697694790284,-75.89697694790284
207.48000581741334,-75.89825065030095,-75.89825065030095
207.49000581741333,-75.89950854854025,-75.89950854854025
207.50000581741332,-75.90075041445552,-75.90075041445552
207.51000581741334,-75.90197624418023,-75.90197624418023
207.52000581741333,-75.9031861654726,-75.9031861654726
207.53000581741333,-75.90438038211255,-75.90438038211255
207.54000581741332,-75.9055591404523,-75.9055591404523
207.55000581741334,-75.90672270933132,-75.90672270933132
207.56000581741333,-75.9078713681306,-75.9078713681306
207.57000581741332,-75.90900539971003,-75.90900539971003
207.58000581741334,-75.91012508638217,-75.91012508638217
207.59000581741333,-75.9112307076532,-75.9112307076532
207.60000581741332,-75.91232253911436,-75.91232253911436
207.61000581741334,-75.91340085195696,-75.91340085195696
207.62000581741333,-75.91446591287563,-75.91446591287563
207.63000581741332,-75.9155179841884,-75.9155179841884
207.64000581741334,-75.91655732403662,-75.91655732403662
207.65000581741333,-75.91758418669382,-75.91758418669382
207.66000581741332,-75.91859882280949,-75.91859882280949
207.67000581741334,-75.91960147968418,-75.91960147968418
207.68000581741333,-75.92059240150266,-75.92059240150266
207.69000581741332,-75.92157182957425,-75.92157182957425
207.70000581741334,-75.92254000248798,-75.92254000248798
207.71000581741333,-75.92349715628401,-75.92349715628401
207.72000581741332,-75.92444352459792,-75.92444352459792
207.73000581741334,-75.92537933874864,-75.92537933874864
207.74000581741333,-75.92630482784314,-75.92630482784314
207.75000581741332,-75.9272202188561,-75.9272202188561
207.76000581741334,-75.9281257366724,-75.9281257366724
207.77000581741333,-75.92902160413678,-75.92902160413678
207.78000581741333,-75.9299080420967,-75.9299080420967
207.79000581741332,-75.93078526941464,-75.93078526941464
207.80000581741334,-75.93165350299947,-75.93165350299947
207.81000581741333,-75.93251295781305,-75.93251295781305
207.82000581741332,-75.93336384687089,-75.93336384687089
207.83000581741334,-75.93420638126207,-75.93420638126207
207.84000581741333,-75.93504077012058,-75.93504077012058
207.85000581741332,-75.93586722065754,-75.93586722065754
207.86000581741334,-75.93668593813621,-75.93668593813621
207.87000581741333,-75.93749712586694,-75.93749712586694
207.88000581741332,-75.93830098519827,-75.93830098519827
207.89000581741334,-75.93909771552349,-75.93909771552349
207.90000581741333,-75.93988751424412,-75.93988751424412
207.91000581741332,-75.94067057680931,-75.94067057680931
207.92000581741334,-75.94144709666801,-75.94144709666801
207.93000581741333,-75.94221726526057,-75.94221726526057
207.94000581741332,-75.94298127204642,-75.94298127204642
207.95000581741334,-75.94373930445894,-75.94373930445894
207.96000581741333,-75.94448492003104,-75.94448492003104
207.97000581741332,-75.94521539756262,-75.94521539756262
207.98000581741334,-75.94592950196679,-75.94592950196679
207.99000581741333,-75.94662668485203,-75.94662668485203
208.00000581741332,-75.947306779571,-75.947306779571
208.01000581741334,-75.94796984292178,-75.94796984292178
208.02000581741333,-75.94861606236931,-75.94861606236931
208.03000581741333,-75.94924570036312,-75.94924570036312
208.04000581741332,-75.94985906083735,-75.94985906083735
208.05000581741334,-75.95045646909195,-75.95045646909195
208.06000581741333,-75.95103825980084,-75.95103825980084
208.07000581741332,-75.95160476996777,-75.95160476996777
208.08000581741334,-75.95215633487734,-75.95215633487734
208.09000581741333,-75.95269328581983,-75.95269328581983
208.10000581741332,-75.9532159490317,-75.9532159490317
208.11000581741334,-75.95372464518924,-75.95372464518924
208.12000581741333,-75.95421968930056,-75.95421968930056
208.13000581741332,-75.9547013908889,-75.9547013908889
208.14000581741334,-75.95517005420392,-75.95517005420392
208.15000581741333,-75.95562597848838,-75.95562597848838
208.16000581741332,-75.95606945831176,-75.95606945831176
208.17000581741334,-75.95650078382944,-75.95650078382944
208.18000581741333,-75.95692024104144,-75.95692024104144
208.19000581741332,-75.95732811203858,-75.95732811203858
208.20000581741334,-75.95772467520989,-75.95772467520989
208.21000581741333,-75.95810357745893,-75.95810357745893
208.22000581741332,-75.95846218642517,-75.95846218642517
208.23000581741334,-75.95879935495384,-75.95879935495384
208.24000581741333,-75.95911462159346,-75.95911462159346
208.2500058412552,-75.9594079063981,-75.9594079063981
208.26000584125518,-75.9596793497948,-75.9596793497948
208.2700058412552,-75.95992922432042,-75.95992922432042
208.2800058412552,-75.96015787586639,-75.96015787586639
208.29000584125518,-75.96036569104548,-75.96036569104548
208.3000058412552,-75.96055307710596,-75.96055307710596
208.3100058412552,-75.96072044993421,-75.96072044993421
208.32000584125518,-75.96086822706346,-75.96086822706346
208.3300058412552,-75.96099682361346,-75.96099682361346
208.3400058412552,-75.96110665007662,-75.96110665007662
208.35000584125518,-75.96119811121338,-75.96119811121338
208.3600058412552,-75.9612716055596,-75.9612716055596
208.3700058412552,-75.9613275253819,-75.9613275253819
208.38000584125518,-75.96136625679819,-75.96136625679819
208.39000584125517,-75.96138818002359,-75.96138818002359
208.4000058412552,-75.96139366963722,-75.96139366963722
208.41000584125518,-75.96138309489707,-75.96138309489707
208.42000584125518,-75.96135682000909,-75.96135682000909
208.4300058412552,-75.96131520440068,-75.96131520440068
208.44000584125519,-75.96125860292646,-75.96125860292646
208.45000584125518,-75.96118736611344,-75.96118736611344
208.4600058412552,-75.96110184030172,-75.96110184030172
208.4700058412552,-75.96100236780994,-75.96100236780994
208.48000584125518,-75.96088928705463,-75.96088928705463
208.4900058412552,-75.96076293267161,-75.96076293267161
208.5000058412552,-75.96062363559497,-75.96062363559497
208.51000584125518,-75.96047172313452,-75.96047172313452
208.5200058412552,-75.96030751904394,-75.96030751904394
208.5300058412552,-75.96013134356573,-75.96013134356573
208.54000584125518,-75.95994351348035,-75.95994351348035
208.5500058412552,-75.9597443421319,-75.9597443421319
208.5600058412552,-75.95953413946346,-75.95953413946346
208.57000584125518,-75.95931321205326,-75.95931321205326
208.5800058412552,-75.95908186310373,-75.95908186310373
208.5900058412552,-75.95884039248006,-75.95884039248006
208.60000584125518,-75.95858909672792,-75.95858909672792
208.6100058412552,-75.95832826907439,-75.95832826907439
208.6200058412552,-75.95805819945097,-75.95805819945097
208.63000584125518,-75.95777917447334,-75.95777917447334
208.64000584125517,-75.95749147748889,-75.95749147748889
208.6500058412552,-75.95719538856737,-75.95719538856737
208.66000584125518,-75.9568911844992,-75.9568911844992
208.67000584125518,-75.95657913881563,-75.95657913881563
208.6800058412552,-75.95625952180733,-75.95625952180733
208.69000584125519,-75.95593260050276,-75.95593260050276
208.70000584125518,-75.95559863871482,-75.95559863871482
208.7100058412552,-75.95525127166069,-75.95525127166069
208.7200058412552,-75.95488785565408,-75.95488785565408
208.73000584125518,-75.95450723219349,-75.95450723219349
208.7400058412552,-75.95410892836713,-75.95410892836713
208.7500058412552,-75.95369285183172,-75.95369285183172
208.76000584125518,-75.9532591325051,-75.9532591325051
208.7700058412552,-75.95280802975252,-75.95280802975252
208.7800058412552,-75.95233987668232,-75.95233987668232
208.79000584125518,-75.95185504662207,-75.95185504662207
208.8000058412552,-75.95135393303592,-75.95135393303592
208.8100058412552,-75.95083693753175,-75.95083693753175
208.82000584125518,-75.95030446283418,-75.95030446283418
208.8300058412552,-75.94975690873385,-75.94975690873385
208.8400058412552,-75.94919466987943,-75.94919466987943
208.85000584125518,-75.94861813466632,-75.94861813466632
208.8600058412552,-75.94802768482026,-75.94802768482026
208.8700058412552,-75.9474236952925,-75.9474236952925
208.88000584125518,-75.9468065344364,-75.9468065344364
208.89000584125517,-75.94617656426338,-75.94617656426338
208.9000058412552,-75.94553414074925,-75.94553414074925
208.91000584125518,-75.94487961411795,-75.94487961411795
208.92000584125518,-75.94421332920511,-75.94421332920511
208.9300058412552,-75.94353562567231,-75.94353562567231
208.94000584125519,-75.94284683830848,-75.94284683830848
208.95000584125518,-75.94214729723505,-75.94214729723505
208.9600058412552,-75.94143732810211,-75.94143732810211
208.9700058412552,-75.94071725225707,-75.94071725225707
208.98000584125518,-75.93998738690019,-75.93998738690019
208.9900058412552,-75.93924804521099,-75.93924804521099
209.0000058412552,-75.9384995364321,-75.9384995364321
209.01000584125518,-75.93774216600686,-75.93774216600686
209.0200058412552,-75.93697623564078,-75.93697623564078
209.0300058412552,-75.93620204333457,-75.93620204333457
209.04000584125518,-75.93541988350047,-75.93541988350047
209.0500058412552,-75.93463004697989,-75.93463004697989
209.0600058412552,-75.93383282108688,-75.93383282108688
209.07000584125518,-75.93302848966667,-75.93302848966667
209.0800058412552,-75.93221733311825,-75.93221733311825
209.0900058412552,-75.93139962841408,-75.93139962841408
209.10000586509705,-75.93057564718518,-75.93057564718518
209.11000586509704,-75.92974566355679,-75.92974566355679
209.12000586509706,-75.92890994249024,-75.92890994249024
209.13000586509705,-75.92806874753457,-75.92806874753457
209.14000586509704,-75.9272223389615,-75.9272223389615
209.15000586509706,-75.9263709737571,-75.9263709737571
209.16000586509705,-75.9255149056332,-75.9255149056332
209.17000586509704,-75.92465438506972,-75.92465438506972
209.18000586509706,-75.92378965932514,-75.92378965932514
209.19000586509705,-75.92292097243696,-75.92292097243696
209.20000586509704,-75.92204856526149,-75.92204856526149
209.21000586509706,-75.92117267547482,-75.92117267547482
209.22000586509705,-75.92029353759631,-75.92029353759631
209.23000586509704,-75.91941138300399,-75.91941138300399
209.24000586509703,-75.91852643998237,-75.91852643998237
209.25000586509705,-75.91763893369227,-75.91763893369227
209.26000586509704,-75.91674908621037,-75.91674908621037
209.27000586509703,-75.91585711656349,-75.91585711656349
209.28000586509705,-75.91496324073009,-75.91496324073009
209.29000586509704,-75.9140676716768,-75.9140676716768
209.30000586509703,-75.91317061935685,-75.91317061935685
209.31000586509705,-75.91227229074862,-75.91227229074862
209.32000586509704,-75.91137288987663,-75.91137288987663
209.33000586509704,-75.91047261781769,-75.91047261781769
209.34000586509705,-75.90957167275143,-75.90957167275143
209.35000586509705,-75.90867024994101,-75.90867024994101
209.36000586509704,-75.90776854180753,-75.90776854180753
209.37000586509706,-75.90686673791402,-75.90686673791402
209.38000586509705,-75.90596502498987,-75.90596502498987
209.39000586509704,-75.90506358697975,-75.90506358697975
209.40000586509706,-75.9041626050486,-75.9041626050486
209.41000586509705,-75.90326225760708,-75.90326225760708
209.42000586509704,-75.90236272035386,-75.90236272035386
209.43000586509706,-75.90146416626938,-75.90146416626938
209.44000586509705,-75.90056676566287,-75.90056676566287
209.45000586509704,-75.89967068619949,-75.89967068619949
209.46000586509706,-75.89877609290487,-75.89877609290487
209.47000586509705,-75.89788314821485,-75.89788314821485
209.48000586509704,-75.89699201198341,-75.89699201198341
209.49000586509703,-75.8961028415201,-75.8961028415201
209.50000586509705,-75.89521579160082,-75.89521579160082
209.51000586509704,-75.89433101452153,-75.89433101452153
209.52000586509703,-75.8934486600893,-75.8934486600893
209.53000586509705,-75.89256887566596,-75.89256887566596
209.54000586509704,-75.89169180619528,-75.89169180619528
209.55000586509703,-75.89081759422714,-75.89081759422714
209.56000586509705,-75.88994637994726,-75.88994637994726
209.57000586509704,-75.88907830119014,-75.88907830119014
209.58000586509704,-75.88821349347765,-75.88821349347765
209.59000586509705,-75.88735209005347,-75.88735209005347
209.60000586509705,-75.88649422186107,-75.88649422186107
209.61000586509704,-75.88564001763338,-75.88564001763338
209.62000586509706,-75.88478960388545,-75.88478960388545
209.63000586509705,-75.88394310493939,-75.88394310493939
209.64000586509704,-75.8831006429551,-75.8831006429551
209.65000586509706,-75.88226233795676,-75.88226233795676
209.66000586509705,-75.88142830785493,-75.88142830785493
209.67000586509704,-75.88059866847658,-75.88059866847658
209.68000586509706,-75.87977353358923,-75.87977353358923
209.69000586509705,-75.87895301490953,-75.87895301490953
209.70000586509704,-75.87813722216137,-75.87813722216137
209.71000586509706,-75.87732626306652,-75.87732626306652
209.72000586509705,-75.8765202434008,-75.8765202434008
209.73000586509704,-75.8757192669813,-75.8757192669813
209.74000586509703,-75.87492343573186,-75.87492343573186
209.75000586509705,-75.8741328496714,-75.8741328496714
209.76000586509704,-75.87334760696636,-75.87334760696636
209.77000586509703,-75.87256780391765,-75.87256780391765
209.78000586509705,-75.87179353503005,-75.87179353503005
209.79000586509704,-75.87102489301519,-75.87102489301519
209.80000586509703,-75.87026196879187,-75.87026196879187
209.81000586509705,-75.86950485154654,-75.86950485154654
209.82000586509704,-75.86875362873748,-75.86875362873748
209.83000586509704,-75.86800838611042,-75.86800838611042
209.84000586509705,-75.86726920773809,-75.86726920773809
209.85000586509705,-75.86653617602992,-75.86653617602992
209.86000586509704,-75.86580937176373,-75.86580937176373
209.87000586509706,-75.86508887409708,-75.86508887409708
209.88000586509705,-75.8643747605942,-75.8643747605942
209.89000586509704,-75.86366710725052,-75.86366710725052
209.90000586509706,-75.86296598850731,-75.86296598850731
209.91000586509705,-75.86227147727239,-75.86227147727239
209.92000586509704,-75.86158364495485,-75.86158364495485
209.93000586509706,-75.86090256146299,-75.86090256146299
209.94000586509705,-75.86022829523947,-75.86022829523947
209.9500058889389,-75.85956091169126,-75.85956091169126
209.9600058889389,-75.85890047959417,-75.85890047959417
209.9700058889389,-75.8582470614939,-75.8582470614939
209.9800058889389,-75.85760072015552,-75.85760072015552
209.9900058889389,-75.85696151697896,-75.85696151697896
210.00000588893892,-75.85632951202177,-75.85632951202177
210.0100058889389,-75.85570476399064,-75.85570476399064
210.0200058889389,-75.85508733029594,-75.85508733029594
210.03000588893892,-75.85447726704245,-75.85447726704245
210.0400058889389,-75.85387462906533,-75.85387462906533
210.0500058889389,-75.85327946993141,-75.85327946993141
210.06000588893892,-75.85269184197038,-75.85269184197038
210.0700058889389,-75.85211179628911,-75.85211179628911
210.0800058889389,-75.85153938279375,-75.85153938279375
210.0900058889389,-75.85097465019547,-75.85097465019547
210.1000058889389,-75.8504176460325,-75.8504176460325
210.1100058889389,-75.84986841667983,-75.84986841667983
210.1200058889389,-75.84932700739964,-75.84932700739964
210.1300058889389,-75.84879346230457,-75.84879346230457
210.1400058889389,-75.84826782441358,-75.84826782441358
210.1500058889389,-75.84775013564966,-75.84775013564966
210.1600058889389,-75.84724043686975,-75.84724043686975
210.1700058889389,-75.84673876786306,-75.84673876786306
210.1800058889389,-75.84624516737283,-75.84624516737283
210.1900058889389,-75.8457596731292,-75.8457596731292
210.2000058889389,-75.8452823218319,-75.8452823218319
210.2100058889389,-75.84481314919248,-75.84481314919248
210.2200058889389,-75.84435218992543,-75.84435218992543
210.2300058889389,-75.8438994777904,-75.8438994777904
210.2400058889389,-75.8434550455839,-75.8434550455839
210.25000588893892,-75.84301892515862,-75.84301892515862
210.2600058889389,-75.84259114744202,-75.84259114744202
210.2700058889389,-75.8421717424516,-75.8421717424516
210.28000588893892,-75.84176073930203,-75.84176073930203
210.2900058889389,-75.84135816621433,-75.84135816621433
210.3000058889389,-75.84096405053714,-75.84096405053714
210.31000588893892,-75.84057841876381,-75.84057841876381
210.3200058889389,-75.84020129653351,-75.84020129653351
210.3300058889389,-75.83983270865775,-75.83983270865775
210.3400058889389,-75.8394726791126,-75.8394726791126
210.3500058889389,-75.83912123107137,-75.83912123107137
210.3600058889389,-75.83877838690553,-75.83877838690553
210.3700058889389,-75.83844416819876,-75.83844416819876
210.3800058889389,-75.83811859576507,-75.83811859576507
210.3900058889389,-75.83780168964246,-75.83780168964246
210.4000058889389,-75.83749346912911,-75.83749346912911
210.4100058889389,-75.83719395278013,-75.83719395278013
210.4200058889389,-75.83690315841396,-75.83690315841396
210.4300058889389,-75.83662110314216,-75.83662110314216
210.4400058889389,-75.83634780335936,-75.83634780335936
210.4500058889389,-75.83608327475768,-75.83608327475768
210.4600058889389,-75.8358275323625,-75.8358275323625
210.4700058889389,-75.83558059050347,-75.83558059050347
210.4800058889389,-75.83534246284897,-75.83534246284897
210.4900058889389,-75.83511316241815,-75.83511316241815
210.50000588893892,-75.8348927015886,-75.8348927015886
210.5100058889389,-75.83468109208587,-75.83468109208587
210.5200058889389,-75.83447834502041,-75.83447834502041
210.53000588893892,-75.83428447089368,-75.83428447089368
210.5400058889389,-75.83409947957713,-75.83409947957713
210.5500058889389,-75.83392338036627,-75.83392338036627
210.56000588893892,-75.83375618196123,-75.83375618196123
210.5700058889389,-75.83359789247275,-75.83359789247275
210.5800058889389,-75.83344851945911,-75.83344851945911
210.5900058889389,-75.83330806990743,-75.83330806990743
210.6000058889389,-75.83317655025196,-75.83317655025196
210.6100058889389,-75.83305396638545,-75.83305396638545
210.6200058889389,-75.83294032365478,-75.83294032365478
210.6300058889389,-75.83283562690016,-75.83283562690016
210.6400058889389,-75.83273988041995,-75.83273988041995
210.6500058889389,-75.83265308801181,-75.83265308801181
210.6600058889389,-75.83257525297964,-75.83257525297964
210.6700058889389,-75.83250637811577,-75.83250637811577
210.6800058889389,-75.83244646572956,-75.83244646572956
210.6900058889389,-75.83239551766209,-75.83239551766209
210.7000058889389,-75.83235353526722,-75.83235353526722
210.7100058889389,-75.8323205194429,-75.8323205194429
210.7200058889389,-75.83229647062446,-75.83229647062446
210.7300058889389,-75.83228138879032,-75.83228138879032
210.7400058889389,-75.83227527350391,-75.83227527350391
210.75000588893892,-75.83227812386721,-75.83227812386721
210.7600058889389,-75.83228993855474,-75.83228993855474
210.7700058889389,-75.83231071582333,-75.83231071582333
210.78000588893892,-75.83234045352756,-75.83234045352756
210.7900058889389,-75.83237914909142,-75.83237914909142
210.80000591278076,-75.83242679965971,-75.83242679965971
210.81000591278075,-75.83248340167802,-75.83248340167802
210.82000591278077,-75.8325489514698,-75.8325489514698
210.83000591278076,-75.83262344489923,-75.83262344489923
210.84000591278075,-75.83270687745072,-75.83270687745072
210.85000591278077,-75.83279924425484,-75.83279924425484
210.86000591278076,-75.83290054004884,-75.83290054004884
210.87000591278075,-75.8330107592351,-75.8330107592351
210.88000591278077,-75.8331298958526,-75.8331298958526
210.89000591278077,-75.83325794358744,-75.83325794358744
210.90000591278076,-75.83339489580922,-75.83339489580922
210.91000591278078,-75.83354074552363,-75.83354074552363
210.92000591278077,-75.83369548541609,-75.83369548541609
210.93000591278076,-75.83385910785388,-75.83385910785388
210.94000591278075,-75.83403160488463,-75.83403160488463
210.95000591278077,-75.8342129682268,-75.8342129682268
210.96000591278076,-75.83440318929941,-75.83440318929941
210.97000591278075,-75.83460225922944,-75.83460225922944
210.98000591278077,-75.83481016883559,-75.83481016883559
210.99000591278076,-75.83502690863337,-75.83502690863337
211.00000591278075,-75.83525246887237,-75.83525246887237
211.01000591278077,-75.8354868394963,-75.8354868394963
211.02000591278076,-75.83573001017743,-75.83573001017743
211.03000591278075,-75.83598197032235,-75.83598197032235
211.04000591278077,-75.83624270906287,-75.83624270906287
211.05000591278076,-75.83651221526291,-75.83651221526291
211.06000591278075,-75.8367904775313,-75.8367904775313
211.07000591278077,-75.83707748421344,-75.83707748421344
211.08000591278076,-75.83737322341214,-75.83737322341214
211.09000591278075,-75.83767768298924,-75.83767768298924
211.10000591278077,-75.83799085054095,-75.83799085054095
211.11000591278076,-75.83831271345034,-75.83831271345034
211.12000591278075,-75.83864325884947,-75.83864325884947
211.13000591278077,-75.83898247365455,-75.83898247365455
211.14000591278077,-75.83933034453618,-75.83933034453618
211.15000591278076,-75.83968685796256,-75.83968685796256
211.16000591278078,-75.84005200017968,-75.84005200017968
211.17000591278077,-75.84042575720845,-75.84042575720845
211.18000591278076,-75.84080811486707,-75.84080811486707
211.19000591278075,-75.84119905877199,-75.84119905877199
211.20000591278077,-75.84159857433335,-75.84159857433335
211.21000591278076,-75.84200002922992,-75.84200002922992
211.22000591278075,-75.84240051004623,-75.84240051004623
211.23000591278077,-75.84279858952517,-75.84279858952517
211.24000591278076,-75.84319352811696,-75.84319352811696
211.25000591278075,-75.84358496931547,-75.84358496931547
211.26000591278077,-75.84397278153604,-75.84397278153604
211.27000591278076,-75.84435696540788,-75.84435696540788
211.28000591278075,-75.84473759809671,-75.84473759809671
211.29000591278077,-75.84511479983922,-75.84511479983922
211.30000591278076,-75.84548871384524,-75.84548871384524
211.31000591278075,-75.84585949431192,-75.84585949431192
211.32000591278077,-75.84622729939412,-75.84622729939412
211.33000591278076,-75.8465922871593,-75.8465922871593
211.34000591278075,-75.84695461337779,-75.84695461337779
211.35000591278077,-75.84731443040506,-75.84731443040506
211.36000591278076,-75.847671886719,-75.847671886719
211.37000591278075,-75.84802712685611,-75.84802712685611
211.38000591278077,-75.84838029153775,-75.84838029153775
211.39000591278077,-75.84873151793887,-75.84873151793887
211.40000591278076,-75.84908093997939,-75.84908093997939
211.41000591278078,-75.84942868857385,-75.84942868857385
211.42000591278077,-75.84977489198664,-75.84977489198664
211.43000591278076,-75.85011967605054,-75.85011967605054
211.44000591278075,-75.85046316443302,-75.85046316443302
211.45000591278077,-75.85080547881216,-75.85080547881216
211.46000591278076,-75.85114012093184,-75.85114012093184
211.47000591278075,-75.85146431041798,-75.85146431041798
211.48000591278077,-75.85177675192676,-75.85177675192676
211.49000591278076,-75.85207683668446,-75.85207683668446
211.50000591278075,-75.85236433790303,-75.85236433790303
211.51000591278077,-75.8526392527094,-75.8526392527094
211.52000591278076,-75.85290170948308,-75.85290170948308
211.53000591278075,-75.85315191224214,-75.85315191224214
211.54000591278077,-75.85339010719031,-75.85339010719031
211.55000591278076,-75.85361656264939,-75.85361656264939
211.56000591278075,-75.85383155709151,-75.85383155709151
211.57000591278077,-75.8540353721257,-75.8540353721257
211.58000591278076,-75.8542282884373,-75.8542282884373
211.59000591278075,-75.85441058359312,-75.85441058359312
211.60000591278077,-75.85458253091754,-75.85458253091754
211.61000591278076,-75.85474439904023,-75.85474439904023
211.62000591278075,-75.85489645181121,-75.85489645181121
211.63000591278077,-75.85503894841996,-75.85503894841996
211.64000591278077,-75.85517214364901,-75.85517214364901
211.65000593662262,-75.85529628844284,-75.85529628844284
211.6600059366226,-75.85541162898924,-75.85541162898924
211.67000593662263,-75.85551840885843,-75.85551840885843
211.68000593662262,-75.85561686797368,-75.85561686797368
211.6900059366226,-75.85570724318582,-75.85570724318582
211.70000593662263,-75.85578976842926,-75.85578976842926
211.71000593662262,-75.85586467493812,-75.85586467493812
211.7200059366226,-75.8559321913581,-75.8559321913581
211.73000593662263,-75.85599254387142,-75.85599254387142
211.74000593662262,-75.85604595628142,-75.85604595628142
211.7500059366226,-75.8560926501278,-75.8560926501278
211.76000593662263,-75.85613284471721,-75.85613284471721
211.77000593662262,-75.85616675719808,-75.85616675719808
211.78000593662262,-75.85619460257749,-75.85619460257749
211.7900059366226,-75.85621659376555,-75.85621659376555
211.80000593662263,-75.85623294161871,-75.85623294161871
211.81000593662262,-75.85624385490696,-75.85624385490696
211.8200059366226,-75.85624954037087,-75.85624954037087
211.83000593662263,-75.85625020271853,-75.85625020271853
211.84000593662262,-75.85624604461098,-75.85624604461098
211.8500059366226,-75.8562372666898,-75.8562372666898
211.86000593662263,-75.85622406755331,-75.85622406755331
211.87000593662262,-75.85620664377122,-75.85620664377122
211.8800059366226,-75.85618518987255,-75.85618518987255
211.89000593662263,-75.85615989834294,-75.85615989834294
211.90000593662262,-75.8561309596212,-75.8561309596212
211.9100059366226,-75.85609856209734,-75.85609856209734
211.92000593662263,-75.85606289210459,-75.85606289210459
211.93000593662262,-75.85602413390936,-75.85602413390936
211.9400059366226,-75.8559824697189,-75.8559824697189
211.95000593662263,-75.85593807966015,-75.85593807966015
211.96000593662262,-75.85588452443278,-75.85588452443278
211.9700059366226,-75.85581908247248,-75.85581908247248
211.98000593662263,-75.85574051670757,-75.85574051670757
211.99000593662262,-75.85564827593353,-75.85564827593353
212.0000059366226,-75.85554219016515,-75.85554219016515
212.01000593662263,-75.85542231247426,-75.85542231247426
212.02000593662262,-75.85528882625944,-75.85528882625944
212.03000593662262,-75.85514198960124,-75.85514198960124
212.0400059366226,-75.85498210176276,-75.85498210176276
212.05000593662263,-75.85480948308798,-75.85480948308798
212.06000593662262,-75.85462446303656,-75.85462446303656
212.0700059366226,-75.85442737312665,-75.85442737312665
212.08000593662263,-75.85421854292001,-75.85421854292001
212.09000593662262,-75.85399829776428,-75.85399829776428
212.1000059366226,-75.85376695770434,-75.85376695770434
212.11000593662263,-75.85352483705243,-75.85352483705243
212.12000593662262,-75.85327224427022,-75.85327224427022
212.1300059366226,-75.85300948212914,-75.85300948212914
212.14000593662263,-75.8527368479622,-75.8527368479622
212.15000593662262,-75.85245463397236,-75.85245463397236
212.1600059366226,-75.85216312751847,-75.85216312751847
212.17000593662263,-75.85186261140662,-75.85186261140662
212.18000593662262,-75.85155336418187,-75.85155336418187
212.1900059366226,-75.85123566036644,-75.85123566036644
212.20000593662263,-75.85090977065171,-75.85090977065171
212.21000593662262,-75.85057596211335,-75.85057596211335
212.2200059366226,-75.85023449836261,-75.85023449836261
212.23000593662263,-75.84988563967477,-75.84988563967477
212.24000593662262,-75.8495296431239,-75.8495296431239
212.2500059366226,-75.84916676265698,-75.84916676265698
212.26000593662263,-75.84879724921025,-75.84879724921025
212.27000593662262,-75.8484213507477,-75.8484213507477
212.28000593662262,-75.84803931235206,-75.84803931235206
212.2900059366226,-75.84765137624692,-75.84765137624692
212.30000593662263,-75.84725778184416,-75.84725778184416
212.31000593662262,-75.84685876580258,-75.84685876580258
212.3200059366226,-75.84645456202536,-75.84645456202536
212.33000593662263,-75.84604540170565,-75.84604540170565
212.34000593662262,-75.84563151332388,-75.84563151332388
212.3500059366226,-75.84521312271102,-75.84521312271102
212.36000593662263,-75.84479045302047,-75.84479045302047
212.37000593662262,-75.84436372475594,-75.84436372475594
212.3800059366226,-75.84393315578403,-75.84393315578403
212.39000593662263,-75.84349896134898,-75.84349896134898
212.40000593662262,-75.84306135408747,-75.84306135408747
212.4100059366226,-75.84262054401772,-75.84262054401772
212.42000593662263,-75.84217673858346,-75.84217673858346
212.43000593662262,-75.84173014261415,-75.84173014261415
212.4400059366226,-75.84128095838393,-75.84128095838393
212.45000593662263,-75.84082938559057,-75.84082938559057
212.46000593662262,-75.84037562138573,-75.84037562138573
212.4700059366226,-75.83991986035043,-75.83991986035043
212.48000593662263,-75.83946229453791,-75.83946229453791
212.49000593662262,-75.839003113476,-75.839003113476
212.50000596046448,-75.8385425030785,-75.8385425030785
212.51000596046447,-75.83808065003339,-75.83808065003339
212.5200059604645,-75.83761773525399,-75.83761773525399
212.53000596046448,-75.83715393826495,-75.83715393826495
212.54000596046447,-75.83668943611968,-75.83668943611968
212.5500059604645,-75.83622440341094,-75.83622440341094
212.56000596046448,-75.83575901229315,-75.83575901229315
212.57000596046447,-75.83529343248667,-75.83529343248667
212.5800059604645,-75.83482783129955,-75.83482783129955
212.59000596046448,-75.83436237363436,-75.83436237363436
212.60000596046447,-75.83389722201824,-75.83389722201824
212.6100059604645,-75.83343253660892,-75.83343253660892
212.62000596046448,-75.83296847520056,-75.83296847520056
212.63000596046447,-75.83250519325986,-75.83250519325986
212.64000596046446,-75.83204284393177,-75.83204284393177
212.65000596046448,-75.83158157805538,-75.83158157805538
212.66000596046447,-75.83112154418568,-75.83112154418568
212.67000596046447,-75.8306628886136,-75.8306628886136
212.68000596046448,-75.83020575538515,-75.83020575538515
212.69000596046448,-75.82975028631618,-75.82975028631618
212.70000596046447,-75.82929662100015,-75.82929662100015
212.71000596046449,-75.82884489685075,-75.82884489685075
212.72000596046448,-75.82839524910204,-75.82839524910204
212.73000596046447,-75.82794781083885,-75.82794781083885
212.7400059604645,-75.82750271301096,-75.82750271301096
212.75000596046448,-75.82706008445057,-75.82706008445057
212.76000596046447,-75.82662005190082,-75.82662005190082
212.7700059604645,-75.82618274002728,-75.82618274002728
212.78000596046448,-75.82574827144069,-75.82574827144069
212.79000596046447,-75.8253167667236,-75.8253167667236
212.8000059604645,-75.82488834444223,-75.82488834444223
212.81000596046448,-75.82446312117229,-75.82446312117229
212.82000596046447,-75.82404121151443,-75.82404121151443
212.8300059604645,-75.82362272811987,-75.82362272811987
212.84000596046448,-75.82320778171022,-75.82320778171022
212.85000596046447,-75.82279648109326,-75.82279648109326
212.8600059604645,-75.82238893319705,-75.82238893319705
212.87000596046448,-75.82198524306989,-75.82198524306989
212.88000596046447,-75.82158551390988,-75.82158551390988
212.89000596046446,-75.82118984710092,-75.82118984710092
212.90000596046448,-75.8207983422118,-75.8207983422118
212.91000596046447,-75.82041109703214,-75.82041109703214
212.92000596046447,-75.8200282075753,-75.8200282075753
212.93000596046448,-75.81964976811837,-75.81964976811837
212.94000596046448,-75.8192758712094,-75.8192758712094
212.95000596046447,-75.81890660769848,-75.81890660769848
212.96000596046449,-75.81854206674412,-75.81854206674412
212.97000596046448,-75.81818233584778,-75.81818233584778
212.98000596046447,-75.81782750086043,-75.81782750086043
212.9900059604645,-75.81747764601953,-75.81747764601953
213.00000596046448,-75.8171328539534,-75.8171328539534
213.01000596046447,-75.8167932056956,-75.8167932056956
213.0200059604645,-75.81645878074214,-75.81645878074214
213.03000596046448,-75.81612965702266,-75.81612965702266
213.04000596046447,-75.81580591094588,-75.81580591094588
213.0500059604645,-75.81548761742786,-75.81548761742786
213.06000596046448,-75.81517484987295,-75.81517484987295
213.07000596046447,-75.81486768024678,-75.81486768024678
213.0800059604645,-75.81456617905225,-75.81456617905225
213.09000596046448,-75.81427041534818,-75.81427041534818
213.10000596046447,-75.81398045681107,-75.81398045681107
213.1100059604645,-75.81369636970284,-75.81369636970284
213.12000596046448,-75.81341821892195,-75.81341821892195
213.13000596046447,-75.81314606800527,-75.81314606800527
213.14000596046446,-75.8128799791601,-75.8128799791601
213.15000596046448,-75.8126200132672,-75.8126200132672
213.16000596046447,-75.81236622989483,-75.81236622989483
213.17000596046447,-75.8121186873417,-75.8121186873417
213.18000596046448,-75.81187744264264,-75.81187744264264
213.19000596046448,-75.8116425515553,-75.8116425515553
213.20000596046447,-75.81141406863094,-75.81141406863094
213.21000596046449,-75.81119204719096,-75.81119204719096
213.22000596046448,-75.81097653935794,-75.81097653935794
213.23000596046447,-75.81076759607173,-75.81076759607173
213.2400059604645,-75.81056526711234,-75.81056526711234
213.25000596046448,-75.81036960109601,-75.81036960109601
213.26000596046447,-75.81018064550926,-75.81018064550926
213.2700059604645,-75.80999844672938,-75.80999844672938
213.28000596046448,-75.80982305000487,-75.80982305000487
213.29000596046447,-75.80965449952535,-75.80965449952535
213.3000059604645,-75.80949283839522,-75.80949283839522
213.31000596046448,-75.80933810865251,-75.80933810865251
213.32000596046447,-75.80919035130792,-75.80919035130792
213.3300059604645,-75.8090496063401,-75.8090496063401
213.34000596046448,-75.808915912696,-75.808915912696
213.35000598430634,-75.80878930805453,-75.80878930805453
213.36000598430633,-75.80866983001607,-75.80866983001607
213.37000598430635,-75.80855751427492,-75.80855751427492
213.38000598430634,-75.8084523958634,-75.8084523958634
213.39000598430633,-75.80835450891252,-75.80835450891252
213.40000598430635,-75.8082638865935,-75.8082638865935
213.41000598430634,-75.80818056117552,-75.80818056117552
213.42000598430633,-75.80810456402114,-75.80810456402114
213.43000598430635,-75.80803592561972,-75.80803592561972
213.44000598430634,-75.8079746755625,-75.8079746755625
213.45000598430633,-75.8079208425831,-75.8079208425831
213.46000598430635,-75.80787445457484,-75.80787445457484
213.47000598430634,-75.80783553858306,-75.80783553858306
213.48000598430633,-75.80780412083705,-75.80780412083705
213.49000598430632,-75.8077802267433,-75.8077802267433
213.50000598430634,-75.80776388090743,-75.80776388090743
213.51000598430633,-75.80775510714936,-75.80775510714936
213.52000598430632,-75.80775392851203,-75.80775392851203
213.53000598430634,-75.80776036727819,-75.80776036727819
213.54000598430633,-75.80777444495997,-75.80777444495997
213.55000598430632,-75.80779618233478,-75.80779618233478
213.56000598430634,-75.80782559945516,-75.80782559945516
213.57000598430633,-75.80786271563491,-75.80786271563491
213.58000598430633,-75.80790754950412,-75.80790754950412
213.59000598430634,-75.80796011896734,-75.80796011896734
213.60000598430634,-75.80802044124225,-75.80802044124225
213.61000598430633,-75.80808853288477,-75.80808853288477
213.62000598430635,-75.80816440977479,-75.80816440977479
213.63000598430634,-75.80824808712187,-75.80824808712187
213.64000598430633,-75.80833957950635,-75.80833957950635
213.65000598430635,-75.80843890085917,-75.80843890085917
213.66000598430634,-75.80854606448017,-75.80854606448017
213.67000598430633,-75.80866108306459,-75.80866108306459
213.68000598430635,-75.80878396868398,-75.80878396868398
213.69000598430634,-75.8089147328102,-75.8089147328102
213.70000598430633,-75.80905338632361,-75.80905338632361
213.71000598430635,-75.80919993954119,-75.80919993954119
213.72000598430634,-75.80935440218498,-75.80935440218498
213.73000598430633,-75.80951678342079,-75.80951678342079
213.74000598430632,-75.80968709186341,-75.80968709186341
213.75000598430634,-75.8098653355773,-75.8098653355773
213.76000598430633,-75.81005152209003,-75.81005152209003
213.77000598430632,-75.81024565839458,-75.81024565839458
213.78000598430634,-75.8104477509659,-75.8104477509659
213.79000598430633,-75.81065780576695,-75.81065780576695
213.80000598430632,-75.8108758282577,-75.8108758282577
213.81000598430634,-75.81110182340139,-75.81110182340139
213.82000598430633,-75.81133579565235,-75.81133579565235
213.83000598430633,-75.81157774900716,-75.81157774900716
213.84000598430634,-75.81182768698848,-75.81182768698848
213.85000598430634,-75.81208561262861,-75.81208561262861
213.86000598430633,-75.81235152852737,-75.81235152852737
213.87000598430635,-75.81262543681541,-75.81262543681541
213.88000598430634,-75.81290733918594,-75.81290733918594
213.89000598430633,-75.81319723688922,-75.81319723688922
213.90000598430635,-75.81349513076118,-75.81349513076118
213.91000598430634,-75.81380102118393,-75.81380102118393
213.92000598430633,-75.81411490813869,-75.81411490813869
213.93000598430635,-75.81443679121328,-75.81443679121328
213.94000598430634,-75.81476666956807,-75.81476666956807
213.95000598430633,-75.81510454196903,-75.81510454196903
213.96000598430635,-75.81545040680925,-75.81545040680925
213.97000598430634,-75.81580426207208,-75.81580426207208
213.98000598430633,-75.8161661053803,-75.8161661053803
213.99000598430632,-75.81653593397492,-75.81653593397492
214.00000598430634,-75.81691374474265,-75.81691374474265
214.01000598430633,-75.81729953419286,-75.81729953419286
214.02000598430632,-75.8176932985011,-75.8176932985011
214.03000598430634,-75.81809503348182,-75.81809503348182
214.04000598430633,-75.81850473460682,-75.81850473460682
214.05000598430632,-75.81892239702275,-75.81892239702275
214.06000598430634,-75.81934801553253,-75.81934801553253
214.07000598430633,-75.81978158461206,-75.81978158461206
214.08000598430633,-75.82022309842512,-75.82022309842512
214.09000598430634,-75.82067255082585,-75.82067255082585
214.10000598430634,-75.82112993533845,-75.82112993533845
214.11000598430633,-75.82159524519216,-75.82159524519216
214.12000598430635,-75.82206847333173,-75.82206847333173
214.13000598430634,-75.82254961238316,-75.82254961238316
214.14000598430633,-75.82303865470143,-75.82303865470143
214.15000598430635,-75.82353559235456,-75.82353559235456
214.16000598430634,-75.8240404171131,-75.8240404171131
214.17000598430633,-75.82455312049379,-75.82455312049379
214.18000598430635,-75.82507369374268,-75.82507369374268
214.19000598430634,-75.8256021278147,-75.8256021278147
214.2000060081482,-75.82613841471309,-75.82613841471309
214.21000600814818,-75.82667592572739,-75.82667592572739
214.2200060081482,-75.82721175398757,-75.82721175398757
214.2300060081482,-75.82774447714367,-75.82774447714367
214.24000600814819,-75.82827336035467,-75.82827336035467
214.2500060081482,-75.8287980517056,-75.8287980517056
214.2600060081482,-75.82931842408526,-75.82931842408526
214.2700060081482,-75.82983448256063,-75.82983448256063
214.2800060081482,-75.83034630870263,-75.83034630870263
214.2900060081482,-75.83085402709806,-75.83085402709806
214.3000060081482,-75.83135778528977,-75.83135778528977
214.3100060081482,-75.83185774180119,-75.83185774180119
214.3200060081482,-75.83235405907978,-75.83235405907978
214.3300060081482,-75.83284689946815,-75.83284689946815
214.34000600814818,-75.8333364229942,-75.8333364229942
214.3500060081482,-75.83382278626078,-75.83382278626078
214.3600060081482,-75.83430614195291,-75.83430614195291
214.37000600814818,-75.83478663880753,-75.83478663880753
214.3800060081482,-75.835264421733,-75.835264421733
214.3900060081482,-75.83573963204432,-75.83573963204432
214.40000600814818,-75.83621240777438,-75.83621240777438
214.4100060081482,-75.83668288396024,-75.83668288396024
214.4200060081482,-75.83715119291459,-75.83715119291459
214.43000600814818,-75.83761746453754,-75.83761746453754
214.4400060081482,-75.83808182651929,-75.83808182651929
214.4500060081482,-75.83854440451644,-75.83854440451644
214.46000600814818,-75.83900532238611,-75.83900532238611
214.4700060081482,-75.83946470232706,-75.83946470232706
214.4800060081482,-75.83992266495645,-75.83992266495645
214.49000600814819,-75.84037932948968,-75.84037932948968
214.5000060081482,-75.84083481378943,-75.84083481378943
214.5100060081482,-75.8412892344181,-75.8412892344181
214.5200060081482,-75.84174270674345,-75.84174270674345
214.5300060081482,-75.84219534496962,-75.84219534496962
214.5400060081482,-75.84264726214151,-75.84264726214151
214.5500060081482,-75.84309857022967,-75.84309857022967
214.5600060081482,-75.8435493801259,-75.8435493801259
214.5700060081482,-75.84399980162944,-75.84399980162944
214.5800060081482,-75.84444994351323,-75.84444994351323
214.59000600814818,-75.84489991350013,-75.84489991350013
214.6000060081482,-75.84534981827393,-75.84534981827393
214.6100060081482,-75.84579976347204,-75.84579976347204
214.62000600814818,-75.84624985370044,-75.84624985370044
214.6300060081482,-75.84670019252651,-75.84670019252651
214.6400060081482,-75.84715088245956,-75.84715088245956
214.65000600814818,-75.84760202498086,-75.84760202498086
214.6600060081482,-75.8480537205085,-75.8480537205085
214.6700060081482,-75.84850606840354,-75.84850606840354
214.68000600814818,-75.84895916695486,-75.84895916695486
214.6900060081482,-75.84941311339176,-75.84941311339176
214.7000060081482,-75.84986800385406,-75.84986800385406
214.71000600814818,-75.85031731494276,-75.85031731494276
214.7200060081482,-75.85075824152158,-75.85075824152158
214.7300060081482,-75.85118946381884,-75.85118946381884
214.74000600814819,-75.8516103489078,-75.8516103489078
214.7500060081482,-75.8520206460546,-75.8520206460546
214.7600060081482,-75.85242032855737,-75.85242032855737
214.7700060081482,-75.85280950105275,-75.85280950105275
214.7800060081482,-75.8531883438694,-75.8531883438694
214.7900060081482,-75.85355707950727,-75.85355707950727
214.8000060081482,-75.85391595258594,-75.85391595258594
214.8100060081482,-75.85426521782583,-75.85426521782583
214.8200060081482,-75.85460513301918,-75.85460513301918
214.8300060081482,-75.85493595497199,-75.85493595497199
214.84000600814818,-75.8552579372889,-75.8552579372889
214.8500060081482,-75.85557132924929,-75.85557132924929
214.8600060081482,-75.85587637533308,-75.85587637533308
214.87000600814818,-75.85617331515819,-75.85617331515819
214.8800060081482,-75.85646238360879,-75.85646238360879
214.8900060081482,-75.8567438110644,-75.8567438110644
214.90000600814818,-75.85701782369544,-75.85701782369544
214.9100060081482,-75.85728464378148,-75.85728464378148
214.9200060081482,-75.8575444899494,-75.8575444899494
214.93000600814818,-75.85779757746431,-75.85779757746431
214.9400060081482,-75.85804411847299,-75.85804411847299
214.9500060081482,-75.8582843221899,-75.8582843221899
214.96000600814818,-75.85851839508138,-75.85851839508138
214.9700060081482,-75.85874654102291,-75.85874654102291
214.9800060081482,-75.8589689614157,-75.8589689614157
214.99000600814819,-75.85918585530017,-75.85918585530017
215.0000060081482,-75.85939741947196,-75.85939741947196
215.0100060081482,-75.85960384851249,-75.85960384851249
215.0200060081482,-75.85980533487997,-75.85980533487997
215.0300060081482,-75.86000206895181,-75.86000206895181
215.0400060081482,-75.86019423906622,-75.86019423906622
215.05000603199005,-75.86038203200135,-75.86038203200135
215.06000603199004,-75.86056563120238,-75.86056563120238
215.07000603199006,-75.86074521952304,-75.86074521952304
215.08000603199005,-75.86092097741066,-75.86092097741066
215.09000603199004,-75.86109308338216,-75.86109308338216
215.10000603199006,-75.86126171404642,-75.86126171404642
215.11000603199005,-75.86142704406318,-75.86142704406318
215.12000603199004,-75.86158924621341,-75.86158924621341
215.13000603199006,-75.8617484913685,-75.8617484913685
215.14000603199005,-75.86190494848408,-75.86190494848408
215.15000603199005,-75.86205878462715,-75.86205878462715
215.16000603199006,-75.86221016496013,-75.86221016496013
215.17000603199006,-75.86235925274582,-75.86235925274582
215.18000603199005,-75.86250620934068,-75.86250620934068
215.19000603199004,-75.86265119421485,-75.86265119421485
215.20000603199006,-75.86279436493732,-75.86279436493732
215.21000603199005,-75.86293587718117,-75.86293587718117
215.22000603199004,-75.86307588472567,-75.86307588472567
215.23000603199006,-75.86321453945942,-75.86321453945942
215.24000603199005,-75.86335199137122,-75.86335199137122
215.25000603199004,-75.86348838857121,-75.86348838857121
215.26000603199006,-75.86362387727746,-75.86362387727746
215.27000603199005,-75.86375860183763,-75.86375860183763
215.28000603199004,-75.86389270471426,-75.86389270471426
215.29000603199006,-75.86402632649593,-75.86402632649593
215.30000603199005,-75.86415960590992,-75.86415960590992
215.31000603199004,-75.86429267982096,-75.86429267982096
215.32000603199006,-75.86442568323635,-75.86442568323635
215.33000603199005,-75.86455874932116,-75.86455874932116
215.34000603199004,-75.86469200939048,-75.86469200939048
215.35000603199006,-75.86482559293451,-75.86482559293451
215.36000603199005,-75.86495962760866,-75.86495962760866
215.37000603199004,-75.86509423926685,-75.86509423926685
215.38000603199006,-75.86522955194539,-75.86522955194539
215.39000603199005,-75.86536568789461,-75.86536568789461
215.40000603199005,-75.8655027675691,-75.8655027675691
215.41000603199006,-75.8656409096482,-75.8656409096482
215.42000603199006,-75.86578023104893,-75.86578023104893
215.43000603199005,-75.8659208469367,-75.8659208469367
215.44000603199004,-75.86606287072684,-75.86606287072684
215.45000603199006,-75.86620641411136,-75.86620641411136
215.46000603199005,-75.86635158706326,-75.86635158706326
215.47000603199004,-75.86649849785356,-75.86649849785356
215.48000603199006,-75.86664725305371,-75.86664725305371
215.49000603199005,-75.86679795756233,-75.86679795756233
215.50000603199004,-75.86695071461023,-75.86695071461023
215.51000603199006,-75.86710562577325,-75.86710562577325
215.52000603199005,-75.8672627909892,-75.8672627909892
215.53000603199004,-75.8674223085863,-75.8674223085863
215.54000603199006,-75.86758427525974,-75.86758427525974
215.55000603199005,-75.86774878612218,-75.86774878612218
215.56000603199004,-75.86791593469941,-75.86791593469941
215.57000603199006,-75.86808581295533,-75.86808581295533
215.58000603199005,-75.86825851130881,-75.86825851130881
215.59000603199004,-75.86843411862468,-75.86843411862468
215.60000603199006,-75.8686127222629,-75.8686127222629
215.61000603199005,-75.86879440805913,-75.86879440805913
215.62000603199004,-75.86897926037877,-75.86897926037877
215.63000603199006,-75.86916736209932,-75.86916736209932
215.64000603199005,-75.86935879463607,-75.86935879463607
215.65000603199005,-75.86955363795343,-75.86955363795343
215.66000603199006,-75.86975197059783,-75.86975197059783
215.67000603199006,-75.86995386969927,-75.86995386969927
215.68000603199005,-75.8701594109829,-75.8701594109829
215.69000603199004,-75.87036866879129,-75.87036866879129
215.70000603199006,-75.87058171609999,-75.87058171609999
215.71000603199005,-75.87079862452427,-75.87079862452427
215.72000603199004,-75.87101946435375,-75.87101946435375
215.73000603199006,-75.87124430455157,-75.87124430455157
215.74000603199005,-75.87147321275962,-75.87147321275962
215.75000603199004,-75.87170625535175,-75.87170625535175
215.76000603199006,-75.8719434974006,-75.8719434974006
215.77000603199005,-75.87218500273627,-75.87218500273627
215.78000603199004,-75.8724308339335,-75.8724308339335
215.79000603199006,-75.87268105233427,-75.87268105233427
215.80000603199005,-75.87293571806306,-75.87293571806306
215.81000603199004,-75.87319489005141,-75.87319489005141
215.82000603199006,-75.87345862604495,-75.87345862604495
215.83000603199005,-75.87372698260255,-75.87372698260255
215.84000603199004,-75.87400001513525,-75.87400001513525
215.85000603199006,-75.8742777779089,-75.8742777779089
215.86000603199005,-75.87456032406605,-75.87456032406605
215.87000603199004,-75.87484770562729,-75.87484770562729
215.88000603199006,-75.87513997351608,-75.87513997351608
215.89000603199005,-75.87543717758234,-75.87543717758234
215.9000060558319,-75.875739367301,-75.875739367301
215.9100060558319,-75.87604658897553,-75.87604658897553
215.92000605583192,-75.8763588899604,-75.8763588899604
215.9300060558319,-75.87667631589942,-75.87667631589942
215.9400060558319,-75.87699891141038,-75.87699891141038
215.95000605583192,-75.87732672011576,-75.87732672011576
215.9600060558319,-75.87765978464077,-75.87765978464077
215.9700060558319,-75.87799814664781,-75.87799814664781
215.98000605583192,-75.87834184681714,-75.87834184681714
215.9900060558319,-75.87869092488828,-75.87869092488828
216.0000060558319,-75.8790454196734,-75.8790454196734
216.01000605583192,-75.87940536904676,-75.87940536904676
216.0200060558319,-75.87977080997643,-75.87977080997643
216.0300060558319,-75.8801417785384,-75.8801417785384
216.0400060558319,-75.88051830990882,-75.88051830990882
216.05000605583191,-75.88090043839146,-75.88090043839146
216.0600060558319,-75.88128819744053,-75.88128819744053
216.0700060558319,-75.88168161965275,-75.88168161965275
216.08000605583192,-75.88208073678615,-75.88208073678615
216.0900060558319,-75.8824855797751,-75.8824855797751
216.1000060558319,-75.88289617873293,-75.88289617873293
216.11000605583192,-75.88331256297762,-75.88331256297762
216.1200060558319,-75.88373476103482,-75.88373476103482
216.1300060558319,-75.88416280063983,-75.88416280063983
216.14000605583192,-75.88459670878069,-75.88459670878069
216.1500060558319,-75.88503651166211,-75.88503651166211
216.1600060558319,-75.88548223475371,-75.88548223475371
216.17000605583192,-75.88593390279628,-75.88593390279628
216.1800060558319,-75.88639153978836,-75.88639153978836
216.1900060558319,-75.8868551690255,-75.8868551690255
216.20000605583192,-75.88732481309772,-75.88732481309772
216.2100060558319,-75.8878004938946,-75.8878004938946
216.2200060558319,-75.88828223262493,-75.88828223262493
216.23000605583192,-75.88877004981663,-75.88877004981663
216.2400060558319,-75.8892639653513,-75.8892639653513
216.2500060558319,-75.88976399843564,-75.88976399843564
216.26000605583192,-75.89027016764018,-75.89027016764018
216.2700060558319,-75.89078249089889,-75.89078249089889
216.2800060558319,-75.89130098552337,-75.89130098552337
216.2900060558319,-75.89182566820504,-75.89182566820504
216.30000605583191,-75.89235655502924,-75.89235655502924
216.3100060558319,-75.89289366148287,-75.89289366148287
216.3200060558319,-75.89343700246482,-75.89343700246482
216.33000605583192,-75.89398659228908,-75.89398659228908
216.3400060558319,-75.89454244469975,-75.89454244469975
216.3500060558319,-75.89510457288827,-75.89510457288827
216.36000605583192,-75.89567298946771,-75.89567298946771
216.3700060558319,-75.89624770653161,-75.89624770653161
216.3800060558319,-75.8968287356134,-75.8968287356134
216.39000605583192,-75.89741608773194,-75.89741608773194
216.4000060558319,-75.89800977338341,-75.89800977338341
216.4100060558319,-75.89860980254468,-75.89860980254468
216.42000605583192,-75.8992161846821,-75.8992161846821
216.4300060558319,-75.89982892878326,-75.89982892878326
216.4400060558319,-75.90044804331957,-75.90044804331957
216.45000605583192,-75.90107353631245,-75.90107353631245
216.4600060558319,-75.90170541527176,-75.90170541527176
216.4700060558319,-75.90234368726331,-75.90234368726331
216.48000605583192,-75.90298835889045,-75.90298835889045
216.4900060558319,-75.90363943628834,-75.90363943628834
216.5000060558319,-75.90429692516629,-75.90429692516629
216.51000605583192,-75.90496083078807,-75.90496083078807
216.5200060558319,-75.90563115796496,-75.90563115796496
216.5300060558319,-75.90630791110813,-75.90630791110813
216.5400060558319,-75.90699109420801,-75.90699109420801
216.55000605583191,-75.90768071082954,-75.90768071082954
216.5600060558319,-75.90837676413598,-75.90837676413598
216.5700060558319,-75.90907925689591,-75.90907925689591
216.58000605583192,-75.90978819146987,-75.90978819146987
216.5900060558319,-75.91050356985546,-75.91050356985546
216.6000060558319,-75.91122539365261,-75.91122539365261
216.61000605583192,-75.91195366410406,-75.91195366410406
216.6200060558319,-75.91268838205818,-75.91268838205818
216.6300060558319,-75.91342954802377,-75.91342954802377
216.64000605583192,-75.91417716214148,-75.91417716214148
216.6500060558319,-75.91493122419664,-75.91493122419664
216.6600060558319,-75.91569173364279,-75.91569173364279
216.67000605583192,-75.91645868958355,-75.91645868958355
216.6800060558319,-75.91723209079107,-75.91723209079107
216.6900060558319,-75.91801193571105,-75.91801193571105
216.70000605583192,-75.91879822246453,-75.91879822246453
216.7100060558319,-75.91959094885422,-75.91959094885422
216.7200060558319,-75.92039011236486,-75.92039011236486
216.73000605583192,-75.9211957101785,-75.9211957101785
216.7400060558319,-75.92200773917415,-75.92200773917415
216.75000607967377,-75.92282619788939,-75.92282619788939
216.76000607967376,-75.9236510787331,-75.9236510787331
216.77000607967378,-75.92448237962661,-75.92448237962661
216.78000607967377,-75.92532009629369,-75.92532009629369
216.79000607967376,-75.92616422416043,-75.92616422416043
216.80000607967378,-75.92701475841403,-75.92701475841403
216.81000607967377,-75.92787169393362,-75.92787169393362
216.82000607967376,-75.92873502535903,-75.92873502535903
216.83000607967378,-75.92960474705889,-75.92960474705889
216.84000607967377,-75.93048085314479,-75.93048085314479
216.85000607967376,-75.9313633374975,-75.9313633374975
216.86000607967378,-75.93225219371564,-75.93225219371564
216.87000607967377,-75.93314741518134,-75.93314741518134
216.88000607967376,-75.93404899502968,-75.93404899502968
216.89000607967375,-75.93495692616183,-75.93495692616183
216.90000607967377,-75.93587120124856,-75.93587120124856
216.91000607967376,-75.93679181273903,-75.93679181273903
216.92000607967375,-75.93771875284679,-75.93771875284679
216.93000607967377,-75.93865201357686,-75.93865201357686
216.94000607967376,-75.93959158671768,-75.93959158671768
216.95000607967376,-75.94053746384292,-75.94053746384292
216.96000607967378,-75.94148963632294,-75.94148963632294
216.97000607967377,-75.94244809532006,-75.94244809532006
216.98000607967376,-75.94341283180249,-75.94341283180249
216.99000607967378,-75.94438383654125,-75.94438383654125
217.00000607967377,-75.94536110010809,-75.94536110010809
217.01000607967376,-75.94634461287832,-75.94634461287832
217.02000607967378,-75.94733436506218,-75.94733436506218
217.03000607967377,-75.94833034667147,-75.94833034667147
217.04000607967376,-75.94933254754945,-75.94933254754945
217.05000607967378,-75.95034095734725,-75.95034095734725
217.06000607967377,-75.95135556555374,-75.95135556555374
217.07000607967376,-75.9523763614803,-75.9523763614803
217.08000607967378,-75.95340333428997,-75.95340333428997
217.09000607967377,-75.95443647296013,-75.95443647296013
217.10000607967376,-75.95547576631522,-75.95547576631522
217.11000607967378,-75.95652120302034,-75.95652120302034
217.12000607967377,-75.95757277159238,-75.95757277159238
217.13000607967376,-75.95863046039105,-75.95863046039105
217.14000607967375,-75.95969425763333,-75.95969425763333
217.15000607967377,-75.9607641513758,-75.9607641513758
217.16000607967376,-75.96184012954642,-75.96184012954642
217.17000607967375,-75.96292217991922,-75.96292217991922
217.18000607967377,-75.96401029014812,-75.96401029014812
217.19000607967376,-75.9651044477352,-75.9651044477352
217.20000607967376,-75.96620464005666,-75.96620464005666
217.21000607967378,-75.9673108543555,-75.9673108543555
217.22000607967377,-75.96842307774779,-75.96842307774779
217.23000607967376,-75.96954129723514,-75.96954129723514
217.24000607967378,-75.97066549968463,-75.97066549968463
217.25000607967377,-75.97179567184412,-75.97179567184412
217.26000607967376,-75.97293180034602,-75.97293180034602
217.27000607967378,-75.97407387170499,-75.97407387170499
217.28000607967377,-75.97522187233491,-75.97522187233491
217.29000607967376,-75.97637578852142,-75.97637578852142
217.30000607967378,-75.97753560645371,-75.97753560645371
217.31000607967377,-75.97870131221009,-75.97870131221009
217.32000607967376,-75.97987289176568,-75.97987289176568
217.33000607967378,-75.98105033100364,-75.98105033100364
217.34000607967377,-75.98223361568137,-75.98223361568137
217.35000607967376,-75.98342273148931,-75.98342273148931
217.36000607967378,-75.98461766400655,-75.98461766400655
217.37000607967377,-75.98581839871304,-75.98581839871304
217.38000607967376,-75.98702492102073,-75.98702492102073
217.39000607967375,-75.98823721622591,-75.98823721622591
217.40000607967377,-75.98945526955075,-75.98945526955075
217.41000607967376,-75.99067906613679,-75.99067906613679
217.42000607967375,-75.99190859103739,-75.99190859103739
217.43000607967377,-75.99314382922103,-75.99314382922103
217.44000607967376,-75.99438476557346,-75.99438476557346
217.45000607967376,-75.99563138491477,-75.99563138491477
217.46000607967378,-75.99688367198107,-75.99688367198107
217.47000607967377,-75.99814161143202,-75.99814161143202
217.48000607967376,-75.99940518786948,-75.99940518786948
217.49000607967378,-76.00067438579978,-76.00067438579978
217.50000607967377,-76.0019491896833,-76.0019491896833
217.51000607967376,-76.00322958390745,-76.00322958390745
217.52000607967378,-76.00451555278342,-76.00451555278342
217.53000607967377,-76.00580708056697,-76.00580708056697
217.54000607967376,-76.00710415145005,-76.00710415145005
217.55000607967378,-76.00840674956672,-76.00840674956672
217.56000607967377,-76.00971485898495,-76.00971485898495
217.57000607967376,-76.01102846372656,-76.01102846372656
217.58000607967378,-76.01234754774461,-76.01234754774461
217.59000607967377,-76.01367209495301,-76.01367209495301
217.60000610351562,-76.01500209235796,-76.01500209235796
217.61000610351562,-76.0163375174539,-76.0163375174539
217.62000610351564,-76.01767835712252,-76.01767835712252
217.63000610351563,-76.01902459507244,-76.01902459507244
217.64000610351562,-76.02037621496109,-76.02037621496109
217.65000610351564,-76.02173320038884,-76.02173320038884
217.66000610351563,-76.0230955349202,-76.0230955349202
217.67000610351562,-76.02446320207945,-76.02446320207945
217.68000610351564,-76.02583618533929,-76.02583618533929
217.69000610351563,-76.02721446813966,-76.02721446813966
217.70000610351562,-76.02859803387055,-76.02859803387055
217.71000610351564,-76.02998022822058,-76.02998022822058
217.72000610351563,-76.03135812432566,-76.03135812432566
217.73000610351562,-76.03273028517458,-76.03273028517458
217.7400061035156,-76.03409596328821,-76.03409596328821
217.75000610351563,-76.03545479536848,-76.03545479536848
217.76000610351562,-76.03680664384277,-76.03680664384277
217.7700061035156,-76.03815150399804,-76.03815150399804
217.78000610351563,-76.0394894482121,-76.0394894482121
217.79000610351562,-76.04082059240639,-76.04082059240639
217.8000061035156,-76.04214507593527,-76.04214507593527
217.81000610351563,-76.04346304957795,-76.04346304957795
217.82000610351562,-76.0447746684627,-76.0447746684627
217.83000610351561,-76.04608008802107,-76.04608008802107
217.84000610351563,-76.04737946175084,-76.04737946175084
217.85000610351562,-76.0486729400791,-76.0486729400791
217.86000610351562,-76.04996066989973,-76.04996066989973
217.87000610351564,-76.05124279447561,-76.05124279447561
217.88000610351563,-76.05251945355685,-76.05251945355685
217.89000610351562,-76.05379078363809,-76.05379078363809
217.90000610351564,-76.05505691820437,-76.05505691820437
217.91000610351563,-76.05631798805294,-76.05631798805294
217.92000610351562,-76.05757412154443,-76.05757412154443
217.93000610351564,-76.05882544486047,-76.05882544486047
217.94000610351563,-76.06007208224297,-76.06007208224297
217.95000610351562,-76.06131415616399,-76.06131415616399
217.96000610351564,-76.06255178753776,-76.06255178753776
217.97000610351563,-76.06378509583463,-76.06378509583463
217.98000610351562,-76.06501419919981,-76.06501419919981
217.9900061035156,-76.06623921455828,-76.06623921455828
218.00000610351563,-76.06746025771648,-76.06746025771648
218.01000610351562,-76.06867744338844,-76.06867744338844
218.0200061035156,-76.06989088528532,-76.06989088528532
218.03000610351563,-76.07110069615217,-76.07110069615217
218.04000610351562,-76.07230698777667,-76.07230698777667
218.0500061035156,-76.07350987103315,-76.07350987103315
218.06000610351563,-76.07470945589573,-76.07470945589573
218.07000610351562,-76.0759058514554,-76.0759058514554
218.08000610351561,-76.07709916591068,-76.07709916591068
218.09000610351563,-76.07828950658859,-76.07828950658859
218.10000610351562,-76.07947697993156,-76.07947697993156
218.11000610351562,-76.08066169149942,-76.08066169149942
218.12000610351564,-76.08184374597897,-76.08184374597897
218.13000610351563,-76.08302324715801,-76.08302324715801
218.14000610351562,-76.08420029791947,-76.08420029791947
218.15000610351564,-76.08537500025211,-76.08537500025211
218.16000610351563,-76.08654745522765,-76.08654745522765
218.17000610351562,-76.08771776298502,-76.08771776298502
218.18000610351564,-76.08888602274341,-76.08888602274341
218.19000610351563,-76.0900523327792,-76.0900523327792
218.20000610351562,-76.0912167904163,-76.0912167904163
218.21000610351564,-76.09237949201477,-76.09237949201477
218.22000610351563,-76.09354053297419,-76.09354053297419
218.23000610351562,-76.09470000772014,-76.09470000772014
218.2400061035156,-76.09585800969663,-76.09585800969663
218.25000610351563,-76.0970146313541,-76.0970146313541
218.26000610351562,-76.0981699641375,-76.0981699641375
218.2700061035156,-76.09932409850309,-76.09932409850309
218.28000610351563,-76.10047712389635,-76.10047712389635
218.29000610351562,-76.10162912874979,-76.10162912874979
218.3000061035156,-76.1027802004626,-76.1027802004626
218.31000610351563,-76.10393042543292,-76.10393042543292
218.32000610351562,-76.10507988902492,-76.10507988902492
218.33000610351561,-76.10622867556499,-76.10622867556499
218.34000610351563,-76.10737686836667,-76.10737686836667
218.35000610351562,-76.10852454970183,-76.10852454970183
218.36000610351562,-76.10967180080101,-76.10967180080101
218.37000610351564,-76.11081870187168,-76.11081870187168
218.38000610351563,-76.11196533207577,-76.11196533207577
218.39000610351562,-76.11311176956019,-76.11311176956019
218.40000610351564,-76.11425809141494,-76.11425809141494
218.41000610351563,-76.11540437370272,-76.11540437370272
218.42000610351562,-76.11655069146968,-76.11655069146968
218.43000610351564,-76.11769711871668,-76.11769711871668
218.44000610351563,-76.11884372842776,-76.11884372842776
218.45000612735748,-76.11999059528728,-76.11999059528728
218.46000612735747,-76.12113113961088,-76.12113113961088
218.4700061273575,-76.12226252078943,-76.12226252078943
218.48000612735748,-76.1233833860699,-76.1233833860699
218.49000612735747,-76.12449307204089,-76.12449307204089
218.5000061273575,-76.12559129895183,-76.12559129895183
218.51000612735749,-76.12667801206709,-76.12667801206709
218.52000612735748,-76.12775328872209,-76.12775328872209
218.5300061273575,-76.12881728249859,-76.12881728249859
218.5400061273575,-76.1298701896374,-76.1298701896374
218.55000612735748,-76.13091222892679,-76.13091222892679
218.5600061273575,-76.13194362967411,-76.13194362967411
218.5700061273575,-76.13296462464436,-76.13296462464436
218.58000612735748,-76.13397544597565,-76.13397544597565
218.59000612735747,-76.13497632298225,-76.13497632298225
218.6000061273575,-76.135967480991,-76.135967480991
218.61000612735748,-76.13694914090587,-76.13694914090587
218.62000612735747,-76.13792151908902,-76.13792151908902
218.6300061273575,-76.13888482751179,-76.13888482751179
218.64000612735748,-76.13983927398664,-76.13983927398664
218.65000612735747,-76.14078506244708,-76.14078506244708
218.6600061273575,-76.14172239324783,-76.14172239324783
218.67000612735748,-76.14265146343809,-76.14265146343809
218.68000612735747,-76.14357246701712,-76.14357246701712
218.6900061273575,-76.14448559518412,-76.14448559518412
218.70000612735748,-76.14539103653262,-76.14539103653262
218.71000612735747,-76.14628233061131,-76.14628233061131
218.7200061273575,-76.14715674784168,-76.14715674784168
218.73000612735748,-76.14801304864051,-76.14801304864051
218.74000612735747,-76.14885068195173,-76.14885068195173
218.7500061273575,-76.14966947955494,-76.14966947955494
218.76000612735749,-76.15046949746858,-76.15046949746858
218.77000612735748,-76.15125092298155,-76.15125092298155
218.7800061273575,-76.15201401889472,-76.15201401889472
218.7900061273575,-76.15275908993472,-76.15275908993472
218.80000612735748,-76.1534864626546,-76.1534864626546
218.8100061273575,-76.15419647342898,-76.15419647342898
218.8200061273575,-76.15488946137847,-76.15488946137847
218.83000612735748,-76.15556576435159,-76.15556576435159
218.84000612735747,-76.15622571664403,-76.15622571664403
218.8500061273575,-76.15686964791881,-76.15686964791881
218.86000612735748,-76.15749788268413,-76.15749788268413
218.87000612735747,-76.15811074025352,-76.15811074025352
218.8800061273575,-76.15870853481887,-76.15870853481887
218.89000612735748,-76.15929157570874,-76.15929157570874
218.90000612735747,-76.15986016766497,-76.15986016766497
218.9100061273575,-76.16041461110721,-76.16041461110721
218.92000612735748,-76.16095520242578,-76.16095520242578
218.93000612735747,-76.16148223421258,-76.16148223421258
218.9400061273575,-76.16199599549589,-76.16199599549589
218.95000612735748,-76.16249677192052,-76.16249677192052
218.96000612735747,-76.16298484593439,-76.16298484593439
218.9700061273575,-76.16346049690529,-76.16346049690529
218.98000612735748,-76.16392400125214,-76.16392400125214
218.99000612735747,-76.16437563254033,-76.16437563254033
219.0000061273575,-76.16481566154813,-76.16481566154813
219.01000612735749,-76.16524435637332,-76.16524435637332
219.02000612735748,-76.16566198243086,-76.16566198243086
219.0300061273575,-76.16606880253259,-76.16606880253259
219.0400061273575,-76.16646507689761,-76.16646507689761
219.05000612735748,-76.16685106318997,-76.16685106318997
219.0600061273575,-76.1672270165399,-76.1672270165399
219.0700061273575,-76.16759318954958,-76.16759318954958
219.08000612735748,-76.16794983229482,-76.16794983229482
219.09000612735747,-76.16829719236236,-76.16829719236236
219.1000061273575,-76.16863551481464,-76.16863551481464
219.11000612735748,-76.16896504222629,-76.16896504222629
219.12000612735747,-76.1692860146556,-76.1692860146556
219.1300061273575,-76.16959866966539,-76.16959866966539
219.14000612735748,-76.16990324232447,-76.16990324232447
219.15000612735747,-76.17019996518435,-76.17019996518435
219.1600061273575,-76.17048906828961,-76.17048906828961
219.17000612735748,-76.17077077918701,-76.17077077918701
219.18000612735747,-76.17104532290293,-76.17104532290293
219.1900061273575,-76.17131292196945,-76.17131292196945
219.20000612735748,-76.1715737963961,-76.1715737963961
219.21000612735747,-76.1718281636886,-76.1718281636886
219.2200061273575,-76.17207623884494,-76.17207623884494
219.23000612735748,-76.17231823435276,-76.17231823435276
219.24000612735747,-76.17255436019552,-76.17255436019552
219.2500061273575,-76.17278482386675,-76.17278482386675
219.26000612735749,-76.17300983034933,-76.17300983034933
219.27000612735748,-76.17322958213815,-76.17322958213815
219.2800061273575,-76.17344427924033,-76.17344427924033
219.2900061273575,-76.1736541191796,-76.1736541191796
219.30000615119934,-76.17385929750225,-76.17385929750225
219.31000615119933,-76.17406000579942,-76.17406000579942
219.32000615119935,-76.17425643470958,-76.17425643470958
219.33000615119934,-76.1744487719138,-76.1744487719138
219.34000615119933,-76.17463720265273,-76.17463720265273
219.35000615119935,-76.1748219097395,-76.1748219097395
219.36000615119934,-76.17500307357545,-76.17500307357545
219.37000615119933,-76.17518087214367,-76.17518087214367
219.38000615119935,-76.17535548105421,-76.17535548105421
219.39000615119934,-76.175527073518,-76.175527073518
219.40000615119934,-76.1756958204001,-76.1756958204001
219.41000615119935,-76.17586189020004,-76.17586189020004
219.42000615119935,-76.17602544908878,-76.17602544908878
219.43000615119934,-76.17618666091306,-76.17618666091306
219.44000615119933,-76.17634568721262,-76.17634568721262
219.45000615119935,-76.17650268723837,-76.17650268723837
219.46000615119934,-76.17665781796848,-76.17665781796848
219.47000615119933,-76.17681123411931,-76.17681123411931
219.48000615119935,-76.17696308817867,-76.17696308817867
219.49000615119934,-76.17711353040114,-76.17711353040114
219.50000615119933,-76.17726270885188,-76.17726270885188
219.51000615119935,-76.17741076938879,-76.17741076938879
219.52000615119934,-76.17755785572228,-76.17755785572228
219.53000615119933,-76.17770410940628,-76.17770410940628
219.54000615119935,-76.17784966986535,-76.17784966986535
219.55000615119934,-76.177994674404,-76.177994674404
219.56000615119933,-76.17813925825322,-76.17813925825322
219.57000615119935,-76.17828355455941,-76.17828355455941
219.58000615119934,-76.17842769441499,-76.17842769441499
219.59000615119933,-76.17857180689381,-76.17857180689381
219.60000615119935,-76.17871601904046,-76.17871601904046
219.61000615119934,-76.17886045591713,-76.17886045591713
219.62000615119933,-76.17900524060154,-76.17900524060154
219.63000615119935,-76.17915049423812,-76.17915049423812
219.64000615119934,-76.17929633601966,-76.17929633601966
219.65000615119934,-76.17944288323605,-76.17944288323605
219.66000615119935,-76.17959025127428,-76.17959025127428
219.67000615119935,-76.17973855366404,-76.17973855366404
219.68000615119934,-76.17988790207296,-76.17988790207296
219.69000615119933,-76.18003840634245,-76.18003840634245
219.70000615119935,-76.18019017449458,-76.18019017449458
219.71000615119934,-76.18034331276796,-76.18034331276796
219.72000615119933,-76.18049792563266,-76.18049792563266
219.73000615119935,-76.18065411580133,-76.18065411580133
219.74000615119934,-76.1808119842569,-76.1808119842569
219.75000615119933,-76.1809716302741,-76.1809716302741
219.76000615119935,-76.1811331514315,-76.1811331514315
219.77000615119934,-76.18129664364815,-76.18129664364815
219.78000615119933,-76.18146220118547,-76.18146220118547
219.79000615119935,-76.1816299166727,-76.1816299166727
219.80000615119934,-76.18179988112212,-76.18179988112212
219.81000615119933,-76.18197218396442,-76.18197218396442
219.82000615119935,-76.18214691305462,-76.18214691305462
219.83000615119934,-76.18232415468864,-76.18232415468864
219.84000615119933,-76.18250399363517,-76.18250399363517
219.85000615119935,-76.18268651315337,-76.18268651315337
219.86000615119934,-76.18287179498031,-76.18287179498031
219.87000615119933,-76.1830599194055,-76.1830599194055
219.88000615119935,-76.18325096524539,-76.18325096524539
219.89000615119934,-76.18344500988428,-76.18344500988428
219.90000615119934,-76.1836421292688,-76.1836421292688
219.91000615119935,-76.18384239795934,-76.18384239795934
219.92000615119935,-76.18404588912458,-76.18404588912458
219.93000615119934,-76.18425267456053,-76.18425267456053
219.94000615119933,-76.1844628247258,-76.1844628247258
219.95000615119935,-76.1846764087338,-76.1846764087338
219.96000615119934,-76.18489349439297,-76.18489349439297
219.97000615119933,-76.18511414821046,-76.18511414821046
219.98000615119935,-76.18533843541957,-76.18533843541957
219.99000615119934,-76.18556641997776,-76.18556641997776
220.00000615119933,-76.18579816460488,-76.18579816460488
220.01000615119935,-76.18603373079951,-76.18603373079951
220.02000615119934,-76.1862731788267,-76.1862731788267
220.03000615119933,-76.18651656777409,-76.18651656777409
220.04000615119935,-76.18676395554593,-76.18676395554593
220.05000615119934,-76.18701539887344,-76.18701539887344
220.06000615119933,-76.1872709533498,-76.1872709533498
220.07000615119935,-76.18753067343435,-76.18753067343435
220.08000615119934,-76.18779461245416,-76.18779461245416
220.09000615119933,-76.18806282265794,-76.18806282265794
220.10000615119935,-76.18833535518776,-76.18833535518776
220.11000615119934,-76.18861226012903,-76.18861226012903
220.12000615119933,-76.18889358650831,-76.18889358650831
220.13000615119935,-76.189179382303,-76.189179382303
220.14000615119934,-76.18946969446336,-76.18946969446336
220.1500061750412,-76.18976456963948,-76.18976456963948
220.1600061750412,-76.19006405138745,-76.19006405138745
220.1700061750412,-76.19036818434178,-76.19036818434178
220.1800061750412,-76.19067701149434,-76.19067701149434
220.1900061750412,-76.190990574876,-76.190990574876
220.2000061750412,-76.19130891557361,-76.19130891557361
220.2100061750412,-76.19163207374814,-76.19163207374814
220.2200061750412,-76.19196008863138,-76.19196008863138
220.2300061750412,-76.19229299857342,-76.19229299857342
220.2400061750412,-76.19263084100528,-76.19263084100528
220.2500061750412,-76.19297365250227,-76.19297365250227
220.2600061750412,-76.19332146876022,-76.19332146876022
220.2700061750412,-76.19367432463174,-76.19367432463174
220.2800061750412,-76.19403225412123,-76.19403225412123
220.29000617504119,-76.19439529042059,-76.19439529042059
220.3000061750412,-76.19476346587518,-76.19476346587518
220.3100061750412,-76.19513681204982,-76.19513681204982
220.3200061750412,-76.1955153597108,-76.1955153597108
220.3300061750412,-76.19589913884093,-76.19589913884093
220.3400061750412,-76.19628817865721,-76.19628817865721
220.3500061750412,-76.19668250760236,-76.19668250760236
220.3600061750412,-76.19708215338972,-76.19708215338972
220.3700061750412,-76.19748714298571,-76.19748714298571
220.3800061750412,-76.19789750263632,-76.19789750263632
220.3900061750412,-76.19831325786227,-76.19831325786227
220.4000061750412,-76.19873443349381,-76.19873443349381
220.4100061750412,-76.19916105364794,-76.19916105364794
220.4200061750412,-76.19959314177503,-76.19959314177503
220.4300061750412,-76.2000307206426,-76.2000307206426
220.4400061750412,-76.20047381235162,-76.20047381235162
220.4500061750412,-76.20092243835992,-76.20092243835992
220.4600061750412,-76.20137661946809,-76.20137661946809
220.4700061750412,-76.20183637584637,-76.20183637584637
220.4800061750412,-76.20230172704093,-76.20230172704093
220.4900061750412,-76.20277269197517,-76.20277269197517
220.5000061750412,-76.20324928897588,-76.20324928897588
220.5100061750412,-76.20373153576358,-76.20373153576358
220.5200061750412,-76.20421944947239,-76.20421944947239
220.5300061750412,-76.20471304665949,-76.20471304665949
220.54000617504119,-76.20521234330312,-76.20521234330312
220.5500061750412,-76.20571735482396,-76.20571735482396
220.5600061750412,-76.20622809608587,-76.20622809608587
220.5700061750412,-76.20674458140755,-76.20674458140755
220.5800061750412,-76.20726682457172,-76.20726682457172
220.5900061750412,-76.20779483882774,-76.20779483882774
220.6000061750412,-76.20832863690084,-76.20832863690084
220.6100061750412,-76.20886823101247,-76.20886823101247
220.6200061750412,-76.20941363286785,-76.20941363286785
220.6300061750412,-76.20996485368603,-76.20996485368603
220.6400061750412,-76.21052190417973,-76.21052190417973
220.6500061750412,-76.21108479458975,-76.21108479458975
220.6600061750412,-76.21165353467843,-76.21165353467843
220.6700061750412,-76.212228133738,-76.212228133738
220.6800061750412,-76.21280860060082,-76.21280860060082
220.6900061750412,-76.213394943649,-76.213394943649
220.7000061750412,-76.21398717080201,-76.21398717080201
220.7100061750412,-76.21457863776861,-76.21457863776861
220.7200061750412,-76.2151664366738,-76.2151664366738
220.7300061750412,-76.2157491527578,-76.2157491527578
220.7400061750412,-76.21632606204756,-76.21632606204756
220.7500061750412,-76.2168968252743,-76.2168968252743
220.7600061750412,-76.21746132901266,-76.21746132901266
220.7700061750412,-76.21801959254509,-76.21801959254509
220.7800061750412,-76.21857171198387,-76.21857171198387
220.79000617504119,-76.21911782663895,-76.21911782663895
220.8000061750412,-76.21965809883628,-76.21965809883628
220.8100061750412,-76.22019270190238,-76.22019270190238
220.8200061750412,-76.22072181307402,-76.22072181307402
220.8300061750412,-76.22124560945166,-76.22124560945166
220.8400061750412,-76.22176426575103,-76.22176426575103
220.8500061750412,-76.22227795319718,-76.22227795319718
220.8600061750412,-76.22278683905648,-76.22278683905648
220.8700061750412,-76.22329108653821,-76.22329108653821
220.8800061750412,-76.22379085495905,-76.22379085495905
220.8900061750412,-76.22428629996656,-76.22428629996656
220.9000061750412,-76.22477757381026,-76.22477757381026
220.9100061750412,-76.22526482568229,-76.22526482568229
220.9200061750412,-76.22574820196493,-76.22574820196493
220.9300061750412,-76.22622784651483,-76.22622784651483
220.9400061750412,-76.22670390087022,-76.22670390087022
220.9500061750412,-76.22717650449496,-76.22717650449496
220.9600061750412,-76.2276457949122,-76.2276457949122
220.9700061750412,-76.22811190789386,-76.22811190789386
220.9800061750412,-76.22857497756117,-76.22857497756117
220.9900061750412,-76.22903513650523,-76.22903513650523
221.00000619888306,-76.22949251695483,-76.22949251695483
221.01000619888305,-76.22994724648537,-76.22994724648537
221.02000619888307,-76.23039945463827,-76.23039945463827
221.03000619888306,-76.2308492685937,-76.2308492685937
221.04000619888305,-76.23129681429559,-76.23129681429559
221.05000619888307,-76.2317422164898,-76.2317422164898
221.06000619888306,-76.23218559872716,-76.23218559872716
221.07000619888305,-76.23262708341132,-76.23262708341132
221.08000619888307,-76.23306679176999,-76.23306679176999
221.09000619888306,-76.23350484390224,-76.23350484390224
221.10000619888305,-76.23394135876666,-76.23394135876666
221.11000619888307,-76.23437645416563,-76.23437645416563
221.12000619888306,-76.23481024678333,-76.23481024678333
221.13000619888305,-76.23524285214394,-76.23524285214394
221.14000619888304,-76.23567438463543,-76.23567438463543
221.15000619888306,-76.23610495749999,-76.23610495749999
221.16000619888305,-76.23653468282245,-76.23653468282245
221.17000619888304,-76.2369636715279,-76.2369636715279
221.18000619888306,-76.23739203338236,-76.23739203338236
221.19000619888305,-76.23781987698041,-76.23781987698041
221.20000619888305,-76.23824730974304,-76.23824730974304
221.21000619888306,-76.23867443791117,-76.23867443791117
221.22000619888306,-76.23910136654207,-76.23910136654207
221.23000619888305,-76.23952819951072,-76.23952819951072
221.24000619888307,-76.23995503948096,-76.23995503948096
221.25000619888306,-76.24038198793093,-76.24038198793093
221.26000619888305,-76.24080914513297,-76.24080914513297
221.27000619888307,-76.24123661016426,-76.24123661016426
221.28000619888306,-76.2416644808785,-76.2416644808785
221.29000619888305,-76.24209285394167,-76.24209285394167
221.30000619888307,-76.24252182478972,-76.24252182478972
221.31000619888306,-76.24295148765691,-76.24295148765691
221.32000619888305,-76.24338193556325,-76.24338193556325
221.33000619888307,-76.24381326031394,-76.24381326031394
221.34000619888306,-76.24424555250548,-76.24424555250548
221.35000619888305,-76.24467890152457,-76.24467890152457
221.36000619888307,-76.24511339553858,-76.24511339553858
221.37000619888306,-76.24554912151957,-76.24554912151957
221.38000619888305,-76.24598616523085,-76.24598616523085
221.39000619888304,-76.24642461122852,-76.24642461122852
221.40000619888306,-76.2468645428797,-76.2468645428797
221.41000619888305,-76.2473060423371,-76.2473060423371
221.42000619888304,-76.24774919058208,-76.24774919058208
221.43000619888306,-76.24819406739879,-76.24819406739879
221.44000619888305,-76.24864075139902,-76.24864075139902
221.45000619888305,-76.24908931999768,-76.24908931999768
221.46000619888306,-76.24953984945085,-76.24953984945085
221.47000619888306,-76.24999241485307,-76.24999241485307
221.48000619888305,-76.25044709013464,-76.25044709013464
221.49000619888307,-76.25090394807566,-76.25090394807566
221.50000619888306,-76.25136306030372,-76.25136306030372
221.51000619888305,-76.25182449731427,-76.25182449731427
221.52000619888307,-76.25228832846818,-76.25228832846818
221.53000619888306,-76.25275462200702,-76.25275462200702
221.54000619888305,-76.2532234450487,-76.2532234450487
221.55000619888307,-76.25369486360658,-76.25369486360658
221.56000619888306,-76.25416894259826,-76.25416894259826
221.57000619888305,-76.25464574583755,-76.25464574583755
221.58000619888307,-76.2551253360688,-76.2551253360688
221.59000619888306,-76.25560777495345,-76.25560777495345
221.60000619888305,-76.25609312307981,-76.25609312307981
221.61000619888307,-76.2565814399986,-76.2565814399986
221.62000619888306,-76.25707278421282,-76.25707278421282
221.63000619888305,-76.25756721316115,-76.25756721316115
221.64000619888304,-76.25806478328273,-76.25806478328273
221.65000619888306,-76.25856554998357,-76.25856554998357
221.66000619888305,-76.25906956765292,-76.25906956765292
221.67000619888304,-76.2595768897046,-76.2595768897046
221.68000619888306,-76.26008756852848,-76.26008756852848
221.69000619888305,-76.26060165556237,-76.26060165556237
221.70000619888305,-76.26111920125662,-76.26111920125662
221.71000619888306,-76.26164025511078,-76.26164025511078
221.72000619888306,-76.26216486566466,-76.26216486566466
221.73000619888305,-76.26269308051857,-76.26269308051857
221.74000619888307,-76.26322494635448,-76.26322494635448
221.75000619888306,-76.26376050891633,-76.26376050891633
221.76000619888305,-76.26429981304557,-76.26429981304557
221.77000619888307,-76.26484290267625,-76.26484290267625
221.78000619888306,-76.26538982085727,-76.26538982085727
221.79000619888305,-76.26594060975641,-76.26594060975641
221.80000619888307,-76.26649531067169,-76.26649531067169
221.81000619888306,-76.26705396403453,-76.26705396403453
221.82000619888305,-76.26761660942377,-76.26761660942377
221.83000619888307,-76.26818328558466,-76.26818328558466
221.84000619888306,-76.26875403042692,-76.26875403042692
221.85000622272491,-76.26932888241,-76.26932888241
221.8600062227249,-76.26990787508268,-76.26990787508268
221.87000622272492,-76.2704910452756,-76.2704910452756
221.88000622272492,-76.27107842767134,-76.27107842767134
221.8900062227249,-76.27167005617204,-76.27167005617204
221.90000622272493,-76.2722659639052,-76.2722659639052
221.91000622272492,-76.2728661832437,-76.2728661832437
221.9200062227249,-76.27347074579319,-76.27347074579319
221.93000622272493,-76.27407968242709,-76.27407968242709
221.94000622272492,-76.27469302327866,-76.27469302327866
221.9500062227249,-76.27531079775608,-76.27531079775608
221.96000622272493,-76.27593303455045,-76.27593303455045
221.97000622272492,-76.27655976165663,-76.27655976165663
221.9800062227249,-76.27719100635946,-76.27719100635946
221.9900062227249,-76.27782679526433,-76.27782679526433
222.00000622272492,-76.27846715429357,-76.27846715429357
222.0100062227249,-76.27911210869958,-76.27911210869958
222.0200062227249,-76.279761683069,-76.279761683069
222.03000622272492,-76.28041590135085,-76.28041590135085
222.0400062227249,-76.28107478683654,-76.28107478683654
222.0500062227249,-76.28173836219895,-76.28173836219895
222.06000622272492,-76.28240664946257,-76.28240664946257
222.0700062227249,-76.28307967005578,-76.28307967005578
222.0800062227249,-76.28375744478046,-76.28375744478046
222.09000622272492,-76.28443999385232,-76.28443999385232
222.10000622272491,-76.2851273368748,-76.2851273368748
222.1100062227249,-76.2858194928967,-76.2858194928967
222.12000622272492,-76.286516480373,-76.286516480373
222.13000622272492,-76.28721831719213,-76.28721831719213
222.1400062227249,-76.28792502067927,-76.28792502067927
222.15000622272493,-76.28863660761351,-76.28863660761351
222.16000622272492,-76.28935309422702,-76.28935309422702
222.1700062227249,-76.29007449621501,-76.29007449621501
222.18000622272493,-76.29080082875372,-76.29080082875372
222.19000622272492,-76.29153210648468,-76.29153210648468
222.2000062227249,-76.29226834354118,-76.29226834354118
222.21000622272493,-76.29300289418771,-76.29300289418771
222.22000622272492,-76.29373285280842,-76.29373285280842
222.2300062227249,-76.29445680835288,-76.29445680835288
222.2400062227249,-76.29517404119663,-76.29517404119663
222.25000622272492,-76.29588421678102,-76.29588421678102
222.2600062227249,-76.29658722654561,-76.29658722654561
222.2700062227249,-76.29728309478126,-76.29728309478126
222.28000622272492,-76.29797192263882,-76.29797192263882
222.2900062227249,-76.29865385450995,-76.29865385450995
222.3000062227249,-76.29932905780775,-76.29932905780775
222.31000622272492,-76.29999771093698,-76.29999771093698
222.3200062227249,-76.30065999621256,-76.30065999621256
222.3300062227249,-76.30131609580148,-76.30131609580148
222.34000622272492,-76.30196618946434,-76.30196618946434
222.35000622272491,-76.30261045345249,-76.30261045345249
222.3600062227249,-76.30324906003115,-76.30324906003115
222.37000622272492,-76.30387809649237,-76.30387809649237
222.38000622272492,-76.30449163298654,-76.30449163298654
222.3900062227249,-76.30508361157221,-76.30508361157221
222.40000622272493,-76.30564855666496,-76.30564855666496
222.41000622272492,-76.30618169450042,-76.30618169450042
222.4200062227249,-76.3066788878927,-76.3066788878927
222.43000622272493,-76.30713653998308,-76.30713653998308
222.44000622272492,-76.30755150878218,-76.30755150878218
222.4500062227249,-76.30792103878781,-76.30792103878781
222.46000622272493,-76.30823604679398,-76.30823604679398
222.47000622272492,-76.30849148028791,-76.30849148028791
222.4800062227249,-76.30868403617639,-76.30868403617639
222.4900062227249,-76.30881132811537,-76.30881132811537
222.50000622272492,-76.30887155531401,-76.30887155531401
222.5100062227249,-76.30886332236759,-76.30886332236759
222.5200062227249,-76.30878552791697,-76.30878552791697
222.53000622272492,-76.3086372929862,-76.3086372929862
222.5400062227249,-76.30841791368853,-76.30841791368853
222.5500062227249,-76.30812682910371,-76.30812682910371
222.56000622272492,-76.30776359876548,-76.30776359876548
222.5700062227249,-76.30732788636385,-76.30732788636385
222.5800062227249,-76.30681944748552,-76.30681944748552
222.59000622272492,-76.3062381201113,-76.3062381201113
222.60000622272491,-76.30558381695076,-76.30558381695076
222.6100062227249,-76.30485651912926,-76.30485651912926
222.62000622272492,-76.30405627083806,-76.30405627083806
222.63000622272492,-76.30318317463707,-76.30318317463707
222.6400062227249,-76.3022373873588,-76.3022373873588
222.65000622272493,-76.3012191163788,-76.3012191163788
222.66000622272492,-76.30012861624591,-76.30012861624591
222.6700062227249,-76.29896618558631,-76.29896618558631
222.68000622272493,-76.29773216422957,-76.29773216422957
222.69000622272492,-76.29642693053526,-76.29642693053526
222.70000624656677,-76.29505089562362,-76.29505089562362
222.71000624656676,-76.29360451397541,-76.29360451397541
222.72000624656678,-76.2920882620873,-76.2920882620873
222.73000624656677,-76.29050264896898,-76.29050264896898
222.74000624656676,-76.28884821107505,-76.28884821107505
222.75000624656678,-76.28712551042969,-76.28712551042969
222.76000624656677,-76.2853351329191,-76.2853351329191
222.77000624656677,-76.28347768655892,-76.28347768655892
222.78000624656678,-76.28155379996166,-76.28155379996166
222.79000624656678,-76.27956412081252,-76.27956412081252
222.80000624656677,-76.27750931444459,-76.27750931444459
222.8100062465668,-76.27539006249609,-76.27539006249609
222.82000624656678,-76.27320706161491,-76.27320706161491
222.83000624656677,-76.27096102223572,-76.27096102223572
222.84000624656676,-76.26865266743432,-76.26865266743432
222.85000624656678,-76.26628273181804,-76.26628273181804
222.86000624656677,-76.26385196048103,-76.26385196048103
222.87000624656676,-76.2613611080113,-76.2613611080113
222.88000624656678,-76.25881093754792,-76.25881093754792
222.89000624656677,-76.25620221987636,-76.25620221987636
222.90000624656676,-76.25353573260182,-76.25353573260182
222.91000624656678,-76.25081225931062,-76.25081225931062
222.92000624656677,-76.24803258883196,-76.24803258883196
222.93000624656676,-76.24519751450488,-76.24519751450488
222.94000624656678,-76.24230783347292,-76.24230783347292
222.95000624656677,-76.23936434604997,-76.23936434604997
222.96000624656676,-76.23636785509622,-76.23636785509622
222.97000624656678,-76.2333191654236,-76.2333191654236
222.98000624656677,-76.23021908325121,-76.23021908325121
222.99000624656676,-76.22706841567162,-76.22706841567162
223.00000624656678,-76.22386797013927,-76.22386797013927
223.01000624656677,-76.22061855403315,-76.22061855403315
223.02000624656677,-76.21732097418815,-76.21732097418815
223.03000624656678,-76.21397603647098,-76.21397603647098
223.04000624656678,-76.21058454538316,-76.21058454538316
223.05000624656677,-76.20714730370457,-76.20714730370457
223.0600062465668,-76.20366511210959,-76.20366511210959
223.07000624656678,-76.20013876884711,-76.20013876884711
223.08000624656677,-76.19656906943094,-76.19656906943094
223.09000624656676,-76.19295680633218,-76.19295680633218
223.10000624656678,-76.1893027687027,-76.1893027687027
223.11000624656677,-76.18560774210766,-76.18560774210766
223.12000624656676,-76.18187250828379,-76.18187250828379
223.13000624656678,-76.1780978449094,-76.1780978449094
223.14000624656677,-76.17428452538381,-76.17428452538381
223.15000624656676,-76.17043331860546,-76.17043331860546
223.16000624656678,-76.1665449888184,-76.1665449888184
223.17000624656677,-76.16262029541141,-76.16262029541141
223.18000624656676,-76.15865999273623,-76.15865999273623
223.19000624656678,-76.1546648299901,-76.1546648299901
223.20000624656677,-76.1506355510328,-76.1506355510328
223.21000624656676,-76.14656625143523,-76.14656625143523
223.22000624656678,-76.14245475612825,-76.14245475612825
223.23000624656677,-76.13830037865213,-76.13830037865213
223.24000624656676,-76.1341031192972,-76.1341031192972
223.25000624656678,-76.12986335876884,-76.12986335876884
223.26000624656677,-76.12558169889758,-76.12558169889758
223.27000624656677,-76.12125886910627,-76.12125886910627
223.28000624656678,-76.11689567016926,-76.11689567016926
223.29000624656678,-76.11249294028946,-76.11249294028946
223.30000624656677,-76.10805153470392,-76.10805153470392
223.3100062465668,-76.10357231350571,-76.10357231350571
223.32000624656678,-76.0990561344175,-76.0990561344175
223.33000624656677,-76.09450384867965,-76.09450384867965
223.34000624656676,-76.08991629871176,-76.08991629871176
223.35000624656678,-76.08529431696066,-76.08529431696066
223.36000624656677,-76.08063872539381,-76.08063872539381
223.37000624656676,-76.07595033541459,-76.07595033541459
223.38000624656678,-76.07122994794817,-76.07122994794817
223.39000624656677,-76.0664783536948,-76.0664783536948
223.40000624656676,-76.06169633341163,-76.06169633341163
223.41000624656678,-76.05688465819254,-76.05688465819254
223.42000624656677,-76.05204408978264,-76.05204408978264
223.43000624656676,-76.04717538081864,-76.04717538081864
223.44000624656678,-76.04227927508971,-76.04227927508971
223.45000624656677,-76.03735650773625,-76.03735650773625
223.46000624656676,-76.03240780546061,-76.03240780546061
223.47000624656678,-76.02743388668773,-76.02743388668773
223.48000624656677,-76.02243546168886,-76.02243546168886
223.49000624656676,-76.0174132327376,-76.0174132327376
223.50000624656678,-76.01236789419563,-76.01236789419563
223.51000624656677,-76.0073001326108,-76.0073001326108
223.52000624656677,-76.00221062681749,-76.00221062681749
223.53000624656678,-75.99710004798959,-75.99710004798959
223.54000624656678,-75.99196905972245,-75.99196905972245
223.55000627040863,-75.9868183057935,-75.9868183057935
223.56000627040862,-75.98164845929162,-75.98164845929162
223.57000627040864,-75.9764601491451,-75.9764601491451
223.58000627040863,-75.97125400913062,-75.97125400913062
223.59000627040862,-75.96603066568672,-75.96603066568672
223.60000627040864,-75.96079073793982,-75.96079073793982
223.61000627040863,-75.95553483776601,-75.95553483776601
223.62000627040862,-75.95026356980775,-75.95026356980775
223.63000627040864,-75.94497753152837,-75.94497753152837
223.64000627040863,-75.93967731323666,-75.93967731323666
223.65000627040862,-75.93436349813197,-75.93436349813197
223.66000627040864,-75.92903666234108,-75.92903666234108
223.67000627040863,-75.92369737493763,-75.92369737493763
223.68000627040863,-75.91834619802488,-75.91834619802488
223.69000627040862,-75.91298368671207,-75.91298368671207
223.70000627040864,-75.90761038920397,-75.90761038920397
223.71000627040863,-75.90222684682064,-75.90222684682064
223.72000627040862,-75.89683359403307,-75.89683359403307
223.73000627040864,-75.89143115853084,-75.89143115853084
223.74000627040863,-75.88602006122063,-75.88602006122063
223.75000627040862,-75.88060081630698,-75.88060081630698
223.76000627040864,-75.87517393132312,-75.87517393132312
223.77000627040863,-75.86973990717321,-75.86973990717321
223.78000627040862,-75.86429923818616,-75.86429923818616
223.79000627040864,-75.8588524121459,-75.8588524121459
223.80000627040863,-75.85339991035896,-75.85339991035896
223.81000627040862,-75.84794220768507,-75.84794220768507
223.82000627040864,-75.84247977260104,-75.84247977260104
223.83000627040863,-75.83701306723087,-75.83701306723087
223.84000627040862,-75.83154254740937,-75.83154254740937
223.85000627040864,-75.82606866273034,-75.82606866273034
223.86000627040863,-75.8205918565967,-75.8205918565967
223.87000627040862,-75.81511256627114,-75.81511256627114
223.88000627040864,-75.80963122291823,-75.80963122291823
223.89000627040863,-75.80414825167125,-75.80414825167125
223.90000627040862,-75.79866407168461,-75.79866407168461
223.91000627040864,-75.7931790961682,-75.7931790961682
223.92000627040863,-75.78769373246158,-75.78769373246158
223.93000627040863,-75.78220838208469,-75.78220838208469
223.94000627040862,-75.776723440767,-75.776723440767
223.95000627040864,-75.77123929853346,-75.77123929853346
223.96000627040863,-75.76575633973846,-75.76575633973846
223.97000627040862,-75.76027494313416,-75.76027494313416
223.98000627040864,-75.75479548191446,-75.75479548191446
223.99000627040863,-75.74931832376919,-75.74931832376919
224.00000627040862,-75.7438438309401,-75.7438438309401
224.01000627040864,-75.73837236027711,-75.73837236027711
224.02000627040863,-75.73290426329481,-75.73290426329481
224.03000627040862,-75.7274398862248,-75.7274398862248
224.04000627040864,-75.72197957006233,-75.72197957006233
224.05000627040863,-75.71652365063875,-75.71652365063875
224.06000627040862,-75.71107245865184,-75.71107245865184
224.07000627040864,-75.70562631974144,-75.70562631974144
224.08000627040863,-75.70018555453167,-75.70018555453167
224.09000627040862,-75.69475047868636,-75.69475047868636
224.10000627040864,-75.68932140296936,-75.68932140296936
224.11000627040863,-75.68389863328447,-75.68389863328447
224.12000627040862,-75.67848247074151,-75.67848247074151
224.13000627040864,-75.6730732117085,-75.6730732117085
224.14000627040863,-75.66767114785185,-75.66767114785185
224.15000627040862,-75.66227656620497,-75.66227656620497
224.16000627040864,-75.65688974920899,-75.65688974920899
224.17000627040863,-75.6515109747729,-75.6515109747729
224.18000627040863,-75.6461405163125,-75.6461405163125
224.19000627040862,-75.64077864282524,-75.64077864282524
224.20000627040864,-75.63542561891522,-75.63542561891522
224.21000627040863,-75.63008170485685,-75.63008170485685
224.22000627040862,-75.62474715664429,-75.62474715664429
224.23000627040864,-75.6194222260573,-75.6194222260573
224.24000627040863,-75.61410716067383,-75.61410716067383
224.25000627040862,-75.60880220394434,-75.60880220394434
224.26000627040864,-75.60350759524492,-75.60350759524492
224.27000627040863,-75.59822356991226,-75.59822356991226
224.28000627040862,-75.5929503592984,-75.5929503592984
224.29000627040864,-75.58768819081968,-75.58768819081968
224.30000627040863,-75.58243728800342,-75.58243728800342
224.31000627040862,-75.57719787053473,-75.57719787053473
224.32000627040864,-75.57197015430235,-75.57197015430235
224.33000627040863,-75.56675435144268,-75.56675435144268
224.34000627040862,-75.56155067039671,-75.56155067039671
224.35000627040864,-75.55635931594193,-75.55635931594193
224.36000627040863,-75.55118048924729,-75.55118048924729
224.37000627040862,-75.54601438790286,-75.54601438790286
224.38000627040864,-75.54086120598535,-75.54086120598535
224.39000627040863,-75.53572113409284,-75.53572113409284
224.4000062942505,-75.5305943471682,-75.5305943471682
224.41000629425048,-75.52548105344184,-75.52548105344184
224.4200062942505,-75.52038142108047,-75.52038142108047
224.4300062942505,-75.5152956271839,-75.5152956271839
224.44000629425048,-75.51022384560837,-75.51022384560837
224.4500062942505,-75.50516624695408,-75.50516624695408
224.4600062942505,-75.50012299866691,-75.50012299866691
224.47000629425048,-75.49509426503755,-75.49509426503755
224.4800062942505,-75.49008020725293,-75.49008020725293
224.4900062942505,-75.48508098343068,-75.48508098343068
224.50000629425048,-75.48009674867434,-75.48009674867434
224.5100062942505,-75.47512765510623,-75.47512765510623
224.5200062942505,-75.47017385188774,-75.47017385188774
224.53000629425048,-75.46523548527817,-75.46523548527817
224.54000629425047,-75.46031269867507,-75.46031269867507
224.5500062942505,-75.45540563262881,-75.45540563262881
224.56000629425048,-75.45051442490676,-75.45051442490676
224.57000629425048,-75.44563921051257,-75.44563921051257
224.5800062942505,-75.44078012172145,-75.44078012172145
224.5900062942505,-75.43593728811199,-75.43593728811199
224.60000629425048,-75.43111083663203,-75.43111083663203
224.6100062942505,-75.42630089159972,-75.42630089159972
224.6200062942505,-75.42150757474748,-75.42150757474748
224.63000629425048,-75.4167310052673,-75.4167310052673
224.6400062942505,-75.41197129982369,-75.41197129982369
224.6500062942505,-75.40722857260137,-75.40722857260137
224.66000629425048,-75.4025029353418,-75.4025029353418
224.6700062942505,-75.3977944973672,-75.3977944973672
224.6800062942505,-75.39310336561577,-75.39310336561577
224.69000629425048,-75.38842964466171,-75.38842964466171
224.7000062942505,-75.38377343677442,-75.38377343677442
224.7100062942505,-75.3791348419293,-75.3791348419293
224.72000629425048,-75.37451395783533,-75.37451395783533
224.7300062942505,-75.3699108799739,-75.3699108799739
224.7400062942505,-75.36532570162557,-75.36532570162557
224.75000629425048,-75.3607585139073,-75.3607585139073
224.7600062942505,-75.35620940578784,-75.35620940578784
224.7700062942505,-75.3516784641405,-75.3516784641405
224.78000629425048,-75.34716577372912,-75.34716577372912
224.79000629425047,-75.3426714172794,-75.3426714172794
224.8000062942505,-75.33819547548953,-75.33819547548953
224.81000629425048,-75.33373802705425,-75.33373802705425
224.82000629425048,-75.32929914870545,-75.32929914870545
224.8300062942505,-75.32487891520735,-75.32487891520735
224.8400062942505,-75.3204773994284,-75.3204773994284
224.85000629425048,-75.31609467233343,-75.31609467233343
224.8600062942505,-75.31173080302126,-75.31173080302126
224.8700062942505,-75.30738585875032,-75.30738585875032
224.88000629425048,-75.30305990496437,-75.30305990496437
224.8900062942505,-75.29875300531302,-75.29875300531302
224.9000062942505,-75.29446522168234,-75.29446522168234
224.91000629425048,-75.29019661421718,-75.29019661421718
224.9200062942505,-75.28594724134078,-75.28594724134078
224.9300062942505,-75.28171715978142,-75.28171715978142
224.94000629425048,-75.27750642459705,-75.27750642459705
224.9500062942505,-75.27331508920078,-75.27331508920078
224.9600062942505,-75.26914320538391,-75.26914320538391
224.97000629425048,-75.2649908233212,-75.2649908233212
224.9800062942505,-75.26085799162601,-75.26085799162601
224.9900062942505,-75.25674475734212,-75.25674475734212
225.00000629425048,-75.25265116597683,-75.25265116597683
225.0100062942505,-75.24857726152872,-75.24857726152872
225.0200062942505,-75.24452308649172,-75.24452308649172
225.03000629425048,-75.24048868189689,-75.24048868189689
225.04000629425047,-75.23647408731647,-75.23647408731647
225.0500062942505,-75.23247934089994,-75.23247934089994
225.06000629425048,-75.22850447937681,-75.22850447937681
225.07000629425048,-75.22454953809076,-75.22454953809076
225.0800062942505,-75.22061455100801,-75.22061455100801
225.0900062942505,-75.21669955074532,-75.21669955074532
225.10000629425048,-75.21280456857605,-75.21280456857605
225.1100062942505,-75.20892963447866,-75.20892963447866
225.1200062942505,-75.20507477712293,-75.20507477712293
225.13000629425048,-75.2012400239019,-75.2012400239019
225.1400062942505,-75.19742540094776,-75.19742540094776
225.1500062942505,-75.19363093314445,-75.19363093314445
225.16000629425048,-75.18985664417356,-75.18985664417356
225.1700062942505,-75.1861025564923,-75.1861025564923
225.1800062942505,-75.18236869137174,-75.18236869137174
225.19000629425048,-75.17865506891032,-75.17865506891032
225.2000062942505,-75.17496170805799,-75.17496170805799
225.2100062942505,-75.17128862662567,-75.17128862662567
225.22000629425048,-75.16763584129394,-75.16763584129394
225.2300062942505,-75.16400336764173,-75.16400336764173
225.2400062942505,-75.16039122015184,-75.16039122015184
225.25000631809235,-75.15679940369095,-75.15679940369095
225.26000631809234,-75.15322794777711,-75.15322794777711
225.27000631809236,-75.14967685511273,-75.14967685511273
225.28000631809235,-75.14614613598467,-75.14614613598467
225.29000631809234,-75.1426357996599,-75.1426357996599
225.30000631809236,-75.13914585441675,-75.13914585441675
225.31000631809235,-75.13567630753644,-75.13567630753644
225.32000631809234,-75.13222716534156,-75.13222716534156
225.33000631809236,-75.12879843320559,-75.12879843320559
225.34000631809235,-75.1253901155396,-75.1253901155396
225.35000631809234,-75.12200221584817,-75.12200221584817
225.36000631809236,-75.11863473671498,-75.11863473671498
225.37000631809235,-75.11528767981989,-75.11528767981989
225.38000631809234,-75.11196104595678,-75.11196104595678
225.39000631809233,-75.10865483505519,-75.10865483505519
225.40000631809235,-75.10536904617096,-75.10536904617096
225.41000631809234,-75.10210367752737,-75.10210367752737
225.42000631809233,-75.09885872649738,-75.09885872649738
225.43000631809235,-75.09563418964055,-75.09563418964055
225.44000631809234,-75.09243006269942,-75.09243006269942
225.45000631809233,-75.08924634063277,-75.08924634063277
225.46000631809235,-75.08608301759594,-75.08608301759594
225.47000631809235,-75.08294008698643,-75.08294008698643
225.48000631809234,-75.07981754142567,-75.07981754142567
225.49000631809236,-75.07671537278948,-75.07671537278948
225.50000631809235,-75.07363357221958,-75.07363357221958
225.51000631809234,-75.07057213012442,-75.07057213012442
225.52000631809236,-75.06753103619165,-75.06753103619165
225.53000631809235,-75.06451027941391,-75.06451027941391
225.54000631809234,-75.06150984807638,-75.06150984807638
225.55000631809236,-75.05852972979343,-75.05852972979343
225.56000631809235,-75.05556991149852,-75.05556991149852
225.57000631809234,-75.05263037945376,-75.05263037945376
225.58000631809236,-75.04971111927756,-75.04971111927756
225.59000631809235,-75.04681211594873,-75.04681211594873
225.60000631809234,-75.04393335380641,-75.04393335380641
225.61000631809236,-75.04107481656871,-75.04107481656871
225.62000631809235,-75.03823648733643,-75.03823648733643
225.63000631809234,-75.03541834861835,-75.03541834861835
225.64000631809233,-75.03262038231354,-75.03262038231354
225.65000631809235,-75.02984256975527,-75.02984256975527
225.66000631809234,-75.02708489167944,-75.02708489167944
225.67000631809233,-75.02434732827534,-75.02434732827534
225.68000631809235,-75.02162985916345,-75.02162985916345
225.69000631809234,-75.01893246342406,-75.01893246342406
225.70000631809233,-75.0162551195941,-75.0162551195941
225.71000631809235,-75.01359780567839,-75.01359780567839
225.72000631809235,-75.01096049915681,-75.01096049915681
225.73000631809234,-75.0083431770104,-75.0083431770104
225.74000631809236,-75.00574581568964,-75.00574581568964
225.75000631809235,-75.00316839117303,-75.00316839117303
225.76000631809234,-75.00061087893124,-75.00061087893124
225.77000631809236,-74.99807325397848,-74.99807325397848
225.78000631809235,-74.99555549082822,-74.99555549082822
225.79000631809234,-74.99305756354228,-74.99305756354228
225.80000631809236,-74.9905794457297,-74.9905794457297
225.81000631809235,-74.98812111054285,-74.98812111054285
225.82000631809234,-74.98568253069344,-74.98568253069344
225.83000631809236,-74.98326367845627,-74.98326367845627
225.84000631809235,-74.98086452569076,-74.98086452569076
225.85000631809234,-74.978485043817,-74.978485043817
225.86000631809236,-74.97612520386049,-74.97612520386049
225.87000631809235,-74.97378497643075,-74.97378497643075
225.88000631809234,-74.97146433173707,-74.97146433173707
225.89000631809233,-74.9691632396082,-74.9691632396082
225.90000631809235,-74.96688166947034,-74.96688166947034
225.91000631809234,-74.96461959038824,-74.96461959038824
225.92000631809233,-74.96237697105325,-74.96237697105325
225.93000631809235,-74.96015377977633,-74.96015377977633
225.94000631809234,-74.95794998452779,-74.95794998452779
225.95000631809233,-74.95576555291406,-74.95576555291406
225.96000631809235,-74.9536004521995,-74.9536004521995
225.97000631809235,-74.9514546493117,-74.9514546493117
225.98000631809234,-74.94932811083541,-74.94932811083541
225.99000631809236,-74.94722080304003,-74.94722080304003
226.00000631809235,-74.9451326918617,-74.9451326918617
226.01000631809234,-74.94306374292434,-74.94306374292434
226.02000631809236,-74.9410139215425,-74.9410139215425
226.03000631809235,-74.93898319273275,-74.93898319273275
226.04000631809234,-74.93697152121103,-74.93697152121103
226.05000631809236,-74.93497887138619,-74.93497887138619
226.06000631809235,-74.93300520740114,-74.93300520740114
226.07000631809234,-74.93105049309843,-74.93105049309843
226.08000631809236,-74.92911469205436,-74.92911469205436
226.09000631809235,-74.92719776756935,-74.92719776756935
226.1000063419342,-74.92529967816883,-74.92529967816883
226.1100063419342,-74.9234203957055,-74.9234203957055
226.12000634193421,-74.92155987813429,-74.92155987813429
226.1300063419342,-74.91971808772509,-74.91971808772509
226.1400063419342,-74.9178949865056,-74.9178949865056
226.15000634193422,-74.91609053624559,-74.91609053624559
226.1600063419342,-74.91430469850329,-74.91430469850329
226.1700063419342,-74.9125374345947,-74.9125374345947
226.18000634193422,-74.91078870560438,-74.91078870560438
226.1900063419342,-74.90905847240268,-74.90905847240268
226.2000063419342,-74.90734669563889,-74.90734669563889
226.21000634193422,-74.9056467972378,-74.9056467972378
226.2200063419342,-74.90395587369176,-74.90395587369176
226.2300063419342,-74.9022724916543,-74.9022724916543
226.2400063419342,-74.90059589907179,-74.90059589907179
226.2500063419342,-74.89892572384868,-74.89892572384868
226.2600063419342,-74.8972618171039,-74.8972618171039
226.2700063419342,-74.8956041611785,-74.8956041611785
226.2800063419342,-74.89395281434257,-74.89395281434257
226.2900063419342,-74.89230787742378,-74.89230787742378
226.3000063419342,-74.8906694738548,-74.8906694738548
226.3100063419342,-74.88903773768823,-74.88903773768823
226.3200063419342,-74.88741280659869,-74.88741280659869
226.3300063419342,-74.88579481785297,-74.88579481785297
226.3400063419342,-74.88418390608938,-74.88418390608938
226.3500063419342,-74.88258020222143,-74.88258020222143
226.3600063419342,-74.880983833018,-74.880983833018
226.37000634193421,-74.87939492100698,-74.87939492100698
226.3800063419342,-74.87781358464717,-74.87781358464717
226.3900063419342,-74.87623993857785,-74.87623993857785
226.40000634193422,-74.87467409393722,-74.87467409393722
226.4100063419342,-74.87311615865741,-74.87311615865741
226.4200063419342,-74.8715662377907,-74.8715662377907
226.43000634193422,-74.87002443374362,-74.87002443374362
226.4400063419342,-74.86849084657621,-74.86849084657621
226.4500063419342,-74.86696557419042,-74.86696557419042
226.46000634193422,-74.86544871251517,-74.86544871251517
226.4700063419342,-74.86394035567618,-74.86394035567618
226.4800063419342,-74.86244059614482,-74.86244059614482
226.4900063419342,-74.86094952483796,-74.86094952483796
226.5000063419342,-74.85946723122393,-74.85946723122393
226.5100063419342,-74.85799380339165,-74.85799380339165
226.5200063419342,-74.85652932813824,-74.85652932813824
226.5300063419342,-74.85507389101346,-74.85507389101346
226.5400063419342,-74.85362757633787,-74.85362757633787
226.5500063419342,-74.85219046728528,-74.85219046728528
226.5600063419342,-74.85076264588317,-74.85076264588317
226.5700063419342,-74.8493441930441,-74.8493441930441
226.5800063419342,-74.84793518856044,-74.84793518856044
226.5900063419342,-74.84653571115001,-74.84653571115001
226.6000063419342,-74.8451458384394,-74.8451458384394
226.6100063419342,-74.84376564698711,-74.84376564698711
226.62000634193421,-74.84239521227609,-74.84239521227609
226.6300063419342,-74.84103460872859,-74.84103460872859
226.6400063419342,-74.8396839096819,-74.8396839096819
226.65000634193422,-74.83834318742014,-74.83834318742014
226.6600063419342,-74.83701251314741,-74.83701251314741
226.6700063419342,-74.83569195699123,-74.83569195699123
226.68000634193422,-74.83438158801779,-74.83438158801779
226.6900063419342,-74.83308147419521,-74.83308147419521
226.7000063419342,-74.83179168243146,-74.83179168243146
226.71000634193422,-74.83051227853507,-74.83051227853507
226.7200063419342,-74.82924332722712,-74.82924332722712
226.7300063419342,-74.82798489214395,-74.82798489214395
226.7400063419342,-74.82673703583542,-74.82673703583542
226.7500063419342,-74.82549981974923,-74.82549981974923
226.7600063419342,-74.82427330422713,-74.82427330422713
226.7700063419342,-74.82305754853081,-74.82305754853081
226.7800063419342,-74.82185261081209,-74.82185261081209
226.7900063419342,-74.820658548126,-74.820658548126
226.8000063419342,-74.81947541643508,-74.81947541643508
226.8100063419342,-74.81830327059168,-74.81830327059168
226.8200063419342,-74.8171421643544,-74.8171421643544
226.8300063419342,-74.81599215038553,-74.81599215038553
226.8400063419342,-74.81485328024394,-74.81485328024394
226.8500063419342,-74.81372560440725,-74.81372560440725
226.8600063419342,-74.81260917224843,-74.81260917224843
226.87000634193421,-74.81150403206709,-74.81150403206709
226.8800063419342,-74.81041023106573,-74.81041023106573
226.8900063419342,-74.80932781535573,-74.80932781535573
226.90000634193422,-74.80825682999307,-74.80825682999307
226.9100063419342,-74.80719731894764,-74.80719731894764
226.9200063419342,-74.80614932511818,-74.80614932511818
226.93000634193422,-74.80511289034656,-74.80511289034656
226.9400063419342,-74.80408805541778,-74.80408805541778
226.95000636577606,-74.80307485764843,-74.80307485764843
226.96000636577605,-74.8020733405699,-74.8020733405699
226.97000636577607,-74.80108353939025,-74.80108353939025
226.98000636577606,-74.80010549071626,-74.80010549071626
226.99000636577605,-74.79913923012518,-74.79913923012518
227.00000636577607,-74.79818479219388,-74.79818479219388
227.01000636577606,-74.79724221046708,-74.79724221046708
227.02000636577606,-74.79631151749061,-74.79631151749061
227.03000636577607,-74.7953927448223,-74.7953927448223
227.04000636577607,-74.79448592303001,-74.79448592303001
227.05000636577606,-74.79359108168856,-74.79359108168856
227.06000636577608,-74.79270824940932,-74.79270824940932
227.07000636577607,-74.7918374538475,-74.7918374538475
227.08000636577606,-74.79097872168826,-74.79097872168826
227.09000636577605,-74.79013207869407,-74.79013207869407
227.10000636577607,-74.78929754966097,-74.78929754966097
227.11000636577606,-74.7884751584755,-74.7884751584755
227.12000636577605,-74.78766492810273,-74.78766492810273
227.13000636577607,-74.78686688060465,-74.78686688060465
227.14000636577606,-74.78608103712797,-74.78608103712797
227.15000636577605,-74.78530741794,-74.78530741794
227.16000636577607,-74.78454604242374,-74.78454604242374
227.17000636577606,-74.78379692909752,-74.78379692909752
227.18000636577605,-74.78306009560387,-74.78306009560387
227.19000636577607,-74.78233555874627,-74.78233555874627
227.20000636577606,-74.7816233344743,-74.7816233344743
227.21000636577605,-74.78091691039931,-74.78091691039931
227.22000636577607,-74.78021344133792,-74.78021344133792
227.23000636577606,-74.77951154854617,-74.77951154854617
227.24000636577605,-74.77881053233783,-74.77881053233783
227.25000636577607,-74.77811007135091,-74.77811007135091
227.26000636577606,-74.77741006625301,-74.77741006625301
227.27000636577606,-74.77671054802624,-74.77671054802624
227.28000636577607,-74.77601162284108,-74.77601162284108
227.29000636577607,-74.77531343886216,-74.77531343886216
227.30000636577606,-74.77461616631527,-74.77461616631527
227.31000636577608,-74.7739199856118,-74.7739199856118
227.32000636577607,-74.77322508034739,-74.77322508034739
227.33000636577606,-74.77253163328916,-74.77253163328916
227.34000636577605,-74.77183982419977,-74.77183982419977
227.35000636577607,-74.77114982870829,-74.77114982870829
227.36000636577606,-74.77046181791137,-74.77046181791137
227.37000636577605,-74.76977595825848,-74.76977595825848
227.38000636577607,-74.76909241174675,-74.76909241174675
227.39000636577606,-74.76841133614745,-74.76841133614745
227.40000636577605,-74.76773288531766,-74.76773288531766
227.41000636577607,-74.76705720952012,-74.76705720952012
227.42000636577606,-74.76638445572394,-74.76638445572394
227.43000636577605,-74.7657147678545,-74.7657147678545
227.44000636577607,-74.76504828706915,-74.76504828706915
227.45000636577606,-74.7643851519547,-74.7643851519547
227.46000636577605,-74.76371897331693,-74.76371897331693
227.47000636577607,-74.76304702685745,-74.76304702685745
227.48000636577606,-74.76236805301987,-74.76236805301987
227.49000636577605,-74.76168146987841,-74.76168146987841
227.50000636577607,-74.76098707262857,-74.76098707262857
227.51000636577606,-74.76028487740861,-74.76028487740861
227.52000636577606,-74.75957502970262,-74.75957502970262
227.53000636577607,-74.75885774929112,-74.75885774929112
227.54000636577607,-74.75813329711372,-74.75813329711372
227.55000636577606,-74.75740195537597,-74.75740195537597
227.56000636577608,-74.75666401571522,-74.75666401571522
227.57000636577607,-74.755919772191,-74.755919772191
227.58000636577606,-74.75516951731244,-74.75516951731244
227.59000636577605,-74.75441353985998,-74.75441353985998
227.60000636577607,-74.75365212375091,-74.75365212375091
227.61000636577606,-74.75288554761265,-74.75288554761265
227.62000636577605,-74.75211408472724,-74.75211408472724
227.63000636577607,-74.7513380031729,-74.7513380031729
227.64000636577606,-74.75055756605713,-74.75055756605713
227.65000636577605,-74.74977303181643,-74.74977303181643
227.66000636577607,-74.7489846545209,-74.7489846545209
227.67000636577606,-74.74819268416631,-74.74819268416631
227.68000636577605,-74.7473973669226,-74.7473973669226
227.69000636577607,-74.74659894539927,-74.74659894539927
227.70000636577606,-74.7457976588238,-74.7457976588238
227.71000636577605,-74.74498722062202,-74.74498722062202
227.72000636577607,-74.74416500735308,-74.74416500735308
227.73000636577606,-74.74332985898204,-74.74332985898204
227.74000636577605,-74.74248129196448,-74.74248129196448
227.75000636577607,-74.74161919882695,-74.74161919882695
227.76000636577606,-74.74074369206897,-74.74074369206897
227.77000636577606,-74.73985501256408,-74.73985501256408
227.78000636577607,-74.73895347458435,-74.73895347458435
227.79000636577607,-74.73803943263553,-74.73803943263553
227.80000638961792,-74.7371132593886,-74.7371132593886
227.8100063896179,-74.73617534259927,-74.73617534259927
227.82000638961793,-74.73522606506957,-74.73522606506957
227.83000638961792,-74.73426580926916,-74.73426580926916
227.8400063896179,-74.73329495302583,-74.73329495302583
227.85000638961793,-74.73231386841212,-74.73231386841212
227.86000638961792,-74.73132292130344,-74.73132292130344
227.8700063896179,-74.73032247131799,-74.73032247131799
227.88000638961793,-74.7293128719375,-74.7293128719375
227.89000638961792,-74.72829447075674,-74.72829447075674
227.90000638961791,-74.72726760980147,-74.72726760980147
227.91000638961793,-74.7262326258034,-74.7262326258034
227.92000638961792,-74.72518985047527,-74.72518985047527
227.93000638961792,-74.72413961082472,-74.72413961082472
227.9400063896179,-74.7230822293308,-74.7230822293308
227.95000638961793,-74.72201802421543,-74.72201802421543
227.96000638961792,-74.72094079058606,-74.72094079058606
227.9700063896179,-74.71984798465073,-74.71984798465073
227.98000638961793,-74.71873852450499,-74.71873852450499
227.99000638961792,-74.71761200348438,-74.71761200348438
228.0000063896179,-74.71646838983874,-74.71646838983874
228.01000638961793,-74.7153078707348,-74.7153078707348
228.02000638961792,-74.71413076072172,-74.71413076072172
228.0300063896179,-74.71293744673834,-74.71293744673834
228.04000638961793,-74.71172835502438,-74.71172835502438
228.05000638961792,-74.71050393124993,-74.71050393124993
228.0600063896179,-74.70926462866232,-74.70926462866232
228.07000638961793,-74.70801090114794,-74.70801090114794
228.08000638961792,-74.70674319922244,-74.70674319922244
228.0900063896179,-74.70546196785774,-74.70546196785774
228.10000638961793,-74.70416764538302,-74.70416764538302
228.11000638961792,-74.70286066304531,-74.70286066304531
228.1200063896179,-74.70154144494579,-74.70154144494579
228.13000638961793,-74.7002104081926,-74.7002104081926
228.14000638961792,-74.69886796315278,-74.69886796315278
228.15000638961791,-74.69751451373689,-74.69751451373689
228.16000638961793,-74.69615045773985,-74.69615045773985
228.17000638961792,-74.69477618710366,-74.69477618710366
228.18000638961792,-74.69339208820783,-74.69339208820783
228.1900063896179,-74.69199854209909,-74.69199854209909
228.20000638961793,-74.69059592472755,-74.69059592472755
228.21000638961792,-74.68917809267501,-74.68917809267501
228.2200063896179,-74.68774256136808,-74.68774256136808
228.23000638961793,-74.68628830660167,-74.68628830660167
228.24000638961792,-74.68481497818976,-74.68481497818976
228.2500063896179,-74.68332259983517,-74.68332259983517
228.26000638961793,-74.68181141317469,-74.68181141317469
228.27000638961792,-74.68028178633851,-74.68028178633851
228.2800063896179,-74.67873415896774,-74.67873415896774
228.29000638961793,-74.67716900917742,-74.67716900917742
228.30000638961792,-74.67558683367643,-74.67558683367643
228.3100063896179,-74.67398813597157,-74.67398813597157
228.32000638961793,-74.67237341940638,-74.67237341940638
228.33000638961792,-74.67074318319183,-74.67074318319183
228.3400063896179,-74.66909792022616,-74.66909792022616
228.35000638961793,-74.6674381160273,-74.6674381160273
228.36000638961792,-74.66576424828061,-74.66576424828061
228.3700063896179,-74.66407678680405,-74.66407678680405
228.38000638961793,-74.66237619370426,-74.66237619370426
228.39000638961792,-74.6606629236335,-74.6606629236335
228.40000638961791,-74.65893742410358,-74.65893742410358
228.41000638961793,-74.65720013581256,-74.65720013581256
228.42000638961792,-74.65545149292493,-74.65545149292493
228.43000638961792,-74.65369192337559,-74.65369192337559
228.4400063896179,-74.65192184910735,-74.65192184910735
228.45000638961793,-74.65014168631355,-74.65014168631355
228.46000638961792,-74.64835184562142,-74.64835184562142
228.4700063896179,-74.64655273225084,-74.64655273225084
228.48000638961793,-74.64474474620098,-74.64474474620098
228.49000638961792,-74.64292828233195,-74.64292828233195
228.5000063896179,-74.64110373050552,-74.64110373050552
228.51000638961793,-74.63927147566858,-74.63927147566858
228.52000638961792,-74.63743189792808,-74.63743189792808
228.5300063896179,-74.63558537263523,-74.63558537263523
228.54000638961793,-74.63373227043554,-74.63373227043554
228.55000638961792,-74.63187295732338,-74.63187295732338
228.5600063896179,-74.63000779468078,-74.63000779468078
228.57000638961793,-74.62813713933548,-74.62813713933548
228.58000638961792,-74.62626134358133,-74.62626134358133
228.5900063896179,-74.6243807552271,-74.6243807552271
228.60000638961793,-74.62249571761541,-74.62249571761541
228.61000638961792,-74.62060656964908,-74.62060656964908
228.6200063896179,-74.6187136458303,-74.6187136458303
228.63000638961793,-74.61681727627861,-74.61681727627861
228.64000638961792,-74.61491778674831,-74.61491778674831
228.65000641345978,-74.61301549413942,-74.61301549413942
228.66000641345977,-74.61111072460334,-74.61111072460334
228.6700064134598,-74.60920378647744,-74.60920378647744
228.68000641345978,-74.60729498831667,-74.60729498831667
228.69000641345977,-74.60538463444853,-74.60538463444853
228.7000064134598,-74.6034730249843,-74.6034730249843
228.71000641345978,-74.60156045584904,-74.60156045584904
228.72000641345977,-74.59964721879366,-74.59964721879366
228.7300064134598,-74.59773360144506,-74.59773360144506
228.74000641345978,-74.59581988730051,-74.59581988730051
228.75000641345977,-74.59390635578492,-74.59390635578492
228.7600064134598,-74.59199328223721,-74.59199328223721
228.77000641345978,-74.59008093799457,-74.59008093799457
228.78000641345977,-74.58816959036858,-74.58816959036858
228.79000641345976,-74.58625950269881,-74.58625950269881
228.80000641345978,-74.5843509343803,-74.5843509343803
228.81000641345977,-74.58244414088213,-74.58244414088213
228.82000641345977,-74.58053937380197,-74.58053937380197
228.83000641345978,-74.57863688087063,-74.57863688087063
228.84000641345978,-74.5767369059944,-74.5767369059944
228.85000641345977,-74.57483968928119,-74.57483968928119
228.8600064134598,-74.57294546709348,-74.57294546709348
228.87000641345978,-74.57105447204573,-74.57105447204573
228.88000641345977,-74.5691669330701,-74.5691669330701
228.8900064134598,-74.56728307543484,-74.56728307543484
228.90000641345978,-74.56540312077134,-74.56540312077134
228.91000641345977,-74.56352728712427,-74.56352728712427
228.9200064134598,-74.56165578897352,-74.56165578897352
228.93000641345978,-74.5597888372773,-74.5597888372773
228.94000641345977,-74.55792663948598,-74.55792663948598
228.9500064134598,-74.55606939961326,-74.55606939961326
228.96000641345978,-74.55421731824251,-74.55421731824251
228.97000641345977,-74.55237059256699,-74.55237059256699
228.9800064134598,-74.55052941643504,-74.55052941643504
228.99000641345978,-74.54869398036905,-74.54869398036905
229.00000641345977,-74.54686447162675,-74.54686447162675
229.0100064134598,-74.5450410742039,-74.5450410742039
229.02000641345978,-74.54322396889484,-74.54322396889484
229.03000641345977,-74.54141333331813,-74.54141333331813
229.04000641345976,-74.5396093419596,-74.5396093419596
229.05000641345978,-74.53781216618731,-74.53781216618731
229.06000641345977,-74.53602197431778,-74.53602197431778
229.07000641345977,-74.53423893162392,-74.53423893162392
229.08000641345978,-74.53246320039649,-74.53246320039649
229.09000641345978,-74.53069493994691,-74.53069493994691
229.10000641345977,-74.52893430667005,-74.52893430667005
229.1100064134598,-74.52718145407631,-74.52718145407631
229.12000641345978,-74.52543653280391,-74.52543653280391
229.13000641345977,-74.52369969068207,-74.52369969068207
229.1400064134598,-74.52197107275482,-74.52197107275482
229.15000641345978,-74.52025082129992,-74.52025082129992
229.16000641345977,-74.51853907588635,-74.51853907588635
229.1700064134598,-74.51683597340559,-74.51683597340559
229.18000641345978,-74.5151416480932,-74.5151416480932
229.19000641345977,-74.51345623156962,-74.51345623156962
229.2000064134598,-74.51177985286216,-74.51177985286216
229.21000641345978,-74.51011263846296,-74.51011263846296
229.22000641345977,-74.50845471234804,-74.50845471234804
229.2300064134598,-74.50680619600112,-74.50680619600112
229.24000641345978,-74.50516720846097,-74.50516720846097
229.25000641345977,-74.5035378663428,-74.5035378663428
229.2600064134598,-74.50191828388547,-74.50191828388547
229.27000641345978,-74.50030857296662,-74.50030857296662
229.28000641345977,-74.49870884313137,-74.49870884313137
229.29000641345976,-74.49711920163864,-74.49711920163864
229.30000641345978,-74.49553975350473,-74.49553975350473
229.31000641345977,-74.49397060149015,-74.49397060149015
229.32000641345977,-74.49241184617026,-74.49241184617026
229.33000641345978,-74.490863585949,-74.490863585949
229.34000641345978,-74.48932591708332,-74.48932591708332
229.35000641345977,-74.4877989337297,-74.4877989337297
229.3600064134598,-74.4862827279551,-74.4862827279551
229.37000641345978,-74.48477738978158,-74.48477738978158
229.38000641345977,-74.48328300720267,-74.48328300720267
229.3900064134598,-74.48179966622297,-74.48179966622297
229.40000641345978,-74.48032745088102,-74.48032745088102
229.41000641345977,-74.47886644326788,-74.47886644326788
229.4200064134598,-74.4774167235589,-74.4774167235589
229.43000641345978,-74.47597837006013,-74.47597837006013
229.44000641345977,-74.47455145921664,-74.47455145921664
229.4500064134598,-74.47313606564113,-74.47313606564113
229.46000641345978,-74.47172576977124,-74.47172576977124
229.47000641345977,-74.47031780359339,-74.47031780359339
229.4800064134598,-74.46891085775974,-74.46891085775974
229.49000641345978,-74.4675042973584,-74.4675042973584
229.50000643730164,-74.46609785923043,-74.46609785923043
229.51000643730163,-74.46469150986259,-74.46469150986259
229.52000643730165,-74.4632853340395,-74.4632853340395
229.53000643730164,-74.46187949344142,-74.46187949344142
229.54000643730163,-74.46047419026765,-74.46047419026765
229.55000643730165,-74.45906964749162,-74.45906964749162
229.56000643730164,-74.45766609704926,-74.45766609704926
229.57000643730163,-74.45626377293664,-74.45626377293664
229.58000643730165,-74.4548629072544,-74.4548629072544
229.59000643730164,-74.45346372806091,-74.45346372806091
229.60000643730163,-74.45206645830285,-74.45206645830285
229.61000643730165,-74.45067131541872,-74.45067131541872
229.62000643730164,-74.4492785112962,-74.4492785112962
229.63000643730163,-74.44788825245242,-74.44788825245242
229.64000643730162,-74.44650074030528,-74.44650074030528
229.65000643730164,-74.44511617152064,-74.44511617152064
229.66000643730163,-74.44373473831526,-74.44373473831526
229.67000643730162,-74.44235662881104,-74.44235662881104
229.68000643730164,-74.44098202728489,-74.44098202728489
229.69000643730163,-74.4396111144798,-74.4396111144798
229.70000643730162,-74.4382440678102,-74.4382440678102
229.71000643730164,-74.43687457259271,-74.43687457259271
229.72000643730163,-74.43549996289406,-74.43549996289406
229.73000643730163,-74.43411902968865,-74.43411902968865
229.74000643730164,-74.43273123713097,-74.43273123713097
229.75000643730164,-74.43133642345315,-74.43133642345315
229.76000643730163,-74.42993464558307,-74.42993464558307
229.77000643730165,-74.42852608804328,-74.42852608804328
229.78000643730164,-74.4271110081948,-74.4271110081948
229.79000643730163,-74.42568970330032,-74.42568970330032
229.80000643730165,-74.42426249078791,-74.42426249078791
229.81000643730164,-74.42282969648858,-74.42282969648858
229.82000643730163,-74.42139164772671,-74.42139164772671
229.83000643730165,-74.41994866938984,-74.41994866938984
229.84000643730164,-74.41850108177884,-74.41850108177884
229.85000643730163,-74.41704919955288,-74.41704919955288
229.86000643730165,-74.41559333132012,-74.41559333132012
229.87000643730164,-74.4141337795723,-74.4141337795723
229.88000643730163,-74.4126708409009,-74.4126708409009
229.89000643730162,-74.41120480622742,-74.41120480622742
229.90000643730164,-74.40973596114023,-74.40973596114023
229.91000643730163,-74.40826458619907,-74.40826458619907
229.92000643730162,-74.40679095726583,-74.40679095726583
229.93000643730164,-74.40531534577957,-74.40531534577957
229.94000643730163,-74.40383801898341,-74.40383801898341
229.95000643730162,-74.40235924018624,-74.40235924018624
229.96000643730164,-74.40087926892937,-74.40087926892937
229.97000643730163,-74.39939836117101,-74.39939836117101
229.98000643730163,-74.39791676942922,-74.39791676942922
229.99000643730164,-74.39643474288623,-74.39643474288623
230.00000643730164,-74.39495252749528,-74.39495252749528
230.01000643730163,-74.39347036609726,-74.39347036609726
230.02000643730165,-74.39198849844867,-74.39198849844867
230.03000643730164,-74.39050716131644,-74.39050716131644
230.04000643730163,-74.38902658851661,-74.38902658851661
230.05000643730165,-74.38754701095733,-74.38754701095733
230.06000643730164,-74.38606865666934,-74.38606865666934
230.07000643730163,-74.38459175085404,-74.38459175085404
230.08000643730165,-74.38311651588756,-74.38311651588756
230.09000643730164,-74.38164317134441,-74.38164317134441
230.10000643730163,-74.38017193405042,-74.38017193405042
230.11000643730165,-74.37870301804794,-74.37870301804794
230.12000643730164,-74.37723663464298,-74.37723663464298
230.13000643730163,-74.37577299238816,-74.37577299238816
230.14000643730162,-74.37431229714305,-74.37431229714305
230.15000643730164,-74.37285475203419,-74.37285475203419
230.16000643730163,-74.37140055749308,-74.37140055749308
230.17000643730162,-74.36994991125266,-74.36994991125266
230.18000643730164,-74.3685030083598,-74.3685030083598
230.19000643730163,-74.36706004118298,-74.36706004118298
230.20000643730162,-74.3656211994333,-74.3656211994333
230.21000643730164,-74.36418667015215,-74.36418667015215
230.22000643730163,-74.36275663774785,-74.36275663774785
230.23000643730163,-74.3613312839746,-74.3613312839746
230.24000643730164,-74.35991078797345,-74.35991078797345
230.25000643730164,-74.35849532625667,-74.35849532625667
230.26000643730163,-74.35708507273775,-74.35708507273775
230.27000643730165,-74.35568019873327,-74.35568019873327
230.28000643730164,-74.35428087298953,-74.35428087298953
230.29000643730163,-74.35288726167225,-74.35288726167225
230.30000643730165,-74.35149952839139,-74.35149952839139
230.31000643730164,-74.35011783423676,-74.35011783423676
230.32000643730163,-74.34874233774933,-74.34874233774933
230.33000643730165,-74.34737319497397,-74.34737319497397
230.34000643730164,-74.34601055945099,-74.34601055945099
230.3500064611435,-74.34465457901747,-74.34465457901747
230.36000646114348,-74.34330540875192,-74.34330540875192
230.3700064611435,-74.34196319156531,-74.34196319156531
230.3800064611435,-74.34062807118791,-74.34062807118791
230.39000646114349,-74.33930018893625,-74.33930018893625
230.4000064611435,-74.33797968374662,-74.33797968374662
230.4100064611435,-74.33666669215468,-74.33666669215468
230.4200064611435,-74.33536134836545,-74.33536134836545
230.4300064611435,-74.33406378424111,-74.33406378424111
230.4400064611435,-74.33277412933042,-74.33277412933042
230.4500064611435,-74.33149251087025,-74.33149251087025
230.4600064611435,-74.33021905383954,-74.33021905383954
230.4700064611435,-74.32895388096503,-74.32895388096503
230.4800064611435,-74.32769711271948,-74.32769711271948
230.49000646114348,-74.32644886736807,-74.32644886736807
230.5000064611435,-74.3252092609838,-74.3252092609838
230.5100064611435,-74.3239784074822,-74.3239784074822
230.52000646114348,-74.32275641860478,-74.32275641860478
230.5300064611435,-74.32154340397119,-74.32154340397119
230.5400064611435,-74.3203394710984,-74.3203394710984
230.55000646114348,-74.31914472540704,-74.31914472540704
230.5600064611435,-74.31795927026221,-74.31795927026221
230.5700064611435,-74.3167832069814,-74.3167832069814
230.58000646114348,-74.31561663486801,-74.31561663486801
230.5900064611435,-74.31445965121168,-74.31445965121168
230.6000064611435,-74.31331235134243,-74.31331235134243
230.61000646114348,-74.31217482862395,-74.31217482862395
230.6200064611435,-74.31104717449482,-74.31104717449482
230.6300064611435,-74.30992947846433,-74.30992947846433
230.64000646114349,-74.30882182818213,-74.30882182818213
230.6500064611435,-74.30772430940895,-74.30772430940895
230.6600064611435,-74.30663700606497,-74.30663700606497
230.6700064611435,-74.30556000024562,-74.30556000024562
230.6800064611435,-74.30449337224901,-74.30449337224901
230.6900064611435,-74.3034372005945,-74.3034372005945
230.7000064611435,-74.30239156203203,-74.30239156203203
230.7100064611435,-74.3013565315866,-74.3013565315866
230.7200064611435,-74.3003321825664,-74.3003321825664
230.7300064611435,-74.29931858658186,-74.29931858658186
230.74000646114348,-74.29831581357128,-74.29831581357128
230.7500064611435,-74.29732393182489,-74.29732393182489
230.7600064611435,-74.29634300799555,-74.29634300799555
230.77000646114348,-74.29537310713712,-74.29537310713712
230.7800064611435,-74.29441429270142,-74.29441429270142
230.7900064611435,-74.29346662658506,-74.29346662658506
230.80000646114348,-74.2925301691286,-74.2925301691286
230.8100064611435,-74.2916049791457,-74.2916049791457
230.8200064611435,-74.29069111395239,-74.29069111395239
230.83000646114348,-74.28978862936965,-74.28978862936965
230.8400064611435,-74.28889757975136,-74.28889757975136
230.8500064611435,-74.28801801800695,-74.28801801800695
230.86000646114348,-74.28714999562136,-74.28714999562136
230.8700064611435,-74.28629356265866,-74.28629356265866
230.8800064611435,-74.28544876780718,-74.28544876780718
230.89000646114349,-74.28461565837628,-74.28461565837628
230.9000064611435,-74.28379428033769,-74.28379428033769
230.9100064611435,-74.28298467831941,-74.28298467831941
230.9200064611435,-74.2821868956372,-74.2821868956372
230.9300064611435,-74.28140097431367,-74.28140097431367
230.9400064611435,-74.28062695509263,-74.28062695509263
230.9500064611435,-74.27986487745932,-74.27986487745932
230.9600064611435,-74.27910830444095,-74.27910830444095
230.9700064611435,-74.2783544416942,-74.2783544416942
230.9800064611435,-74.27760195004154,-74.27760195004154
230.99000646114348,-74.27685016328482,-74.27685016328482
231.0000064611435,-74.27609878969169,-74.27609878969169
231.0100064611435,-74.27534775692105,-74.27534775692105
231.02000646114348,-74.27459712104299,-74.27459712104299
231.0300064611435,-74.2738470118966,-74.2738470118966
231.0400064611435,-74.27309760021511,-74.27309760021511
231.05000646114348,-74.27234907787269,-74.27234907787269
231.0600064611435,-74.27160164618023,-74.27160164618023
231.0700064611435,-74.2708555089449,-74.2708555089449
231.08000646114348,-74.27011086856173,-74.27011086856173
231.0900064611435,-74.26936792385759,-74.26936792385759
231.1000064611435,-74.26862686902429,-74.26862686902429
231.11000646114348,-74.26787732811225,-74.26787732811225
231.1200064611435,-74.26710761910435,-74.26710761910435
231.1300064611435,-74.26630767656654,-74.26630767656654
231.14000646114349,-74.26546923366095,-74.26546923366095
231.1500064611435,-74.2645855080825,-74.2645855080825
231.1600064611435,-74.26365090580923,-74.26365090580923
231.1700064611435,-74.26266079918943,-74.26266079918943
231.1800064611435,-74.26161136121836,-74.26161136121836
231.1900064611435,-74.26049943734805,-74.26049943734805
231.20000648498535,-74.25932244033463,-74.25932244033463
231.21000648498534,-74.25807827773882,-74.25807827773882
231.22000648498536,-74.25676526646917,-74.25676526646917
231.23000648498535,-74.2553820856191,-74.2553820856191
231.24000648498534,-74.25392772505883,-74.25392772505883
231.25000648498536,-74.25240144411198,-74.25240144411198
231.26000648498535,-74.25080273625754,-74.25080273625754
231.27000648498534,-74.24913129892641,-74.24913129892641
231.28000648498536,-74.24738700745718,-74.24738700745718
231.29000648498535,-74.24556989258214,-74.24556989258214
231.30000648498535,-74.24368012091061,-74.24368012091061
231.31000648498537,-74.24171797792113,-74.24171797792113
231.32000648498536,-74.23968385312597,-74.23968385312597
231.33000648498535,-74.23757822709163,-74.23757822709163
231.34000648498534,-74.23540166004399,-74.23540166004399
231.35000648498536,-74.23315478183125,-74.23315478183125
231.36000648498535,-74.23083828313818,-74.23083828313818
231.37000648498534,-74.22845290770795,-74.22845290770795
231.38000648498536,-74.22599944545215,-74.22599944545215
231.39000648498535,-74.22347872640057,-74.22347872640057
231.40000648498534,-74.22089161528513,-74.22089161528513
231.41000648498536,-74.2182390068116,-74.2182390068116
231.42000648498535,-74.21552182136269,-74.21552182136269
231.43000648498534,-74.21274100125893,-74.21274100125893
231.44000648498536,-74.20989750741066,-74.20989750741066
231.45000648498535,-74.20699231631293,-74.20699231631293
231.46000648498534,-74.20402641736148,-74.20402641736148
231.47000648498536,-74.20100081050177,-74.20100081050177
231.48000648498535,-74.19791650407475,-74.19791650407475
231.49000648498534,-74.19477451292042,-74.19477451292042
231.50000648498536,-74.19157585667541,-74.19157585667541
231.51000648498535,-74.18832155822817,-74.18832155822817
231.52000648498534,-74.18501264236829,-74.18501264236829
231.53000648498536,-74.1816501345376,-74.1816501345376
231.54000648498535,-74.17823505974746,-74.17823505974746
231.55000648498535,-74.17476844155885,-74.17476844155885
231.56000648498537,-74.17125130121039,-74.17125130121039
231.57000648498536,-74.16768465680593,-74.16768465680593
231.58000648498535,-74.1640695226117,-74.1640695226117
231.59000648498534,-74.16040690837619,-74.16040690837619
231.60000648498536,-74.15669781878391,-74.15669781878391
231.61000648498535,-74.15294325290265,-74.15294325290265
231.62000648498534,-74.14914420373911,-74.14914420373911
231.63000648498536,-74.14530165777035,-74.14530165777035
231.64000648498535,-74.14141659462447,-74.14141659462447
231.65000648498534,-74.1374899867033,-74.1374899867033
231.66000648498536,-74.13352279887745,-74.13352279887745
231.67000648498535,-74.12951598822679,-74.12951598822679
231.68000648498534,-74.12547050378315,-74.12547050378315
231.69000648498536,-74.12138728634088,-74.12138728634088
231.70000648498535,-74.11726726822893,-74.11726726822893
231.71000648498534,-74.11311137316441,-74.11311137316441
231.72000648498536,-74.10892051610351,-74.10892051610351
231.73000648498535,-74.10469560308726,-74.10469560308726
231.74000648498534,-74.10043753116253,-74.10043753116253
231.75000648498536,-74.09614718825554,-74.09614718825554
231.76000648498535,-74.09182545308545,-74.09182545308545
231.77000648498534,-74.08747319511306,-74.08747319511306
231.78000648498536,-74.0830912744724,-74.0830912744724
231.79000648498535,-74.07868054190907,-74.07868054190907
231.80000648498535,-74.07424183876545,-74.07424183876545
231.81000648498537,-74.06977599692418,-74.06977599692418
231.82000648498536,-74.06528383881498,-74.06528383881498
231.83000648498535,-74.06076617737718,-74.06076617737718
231.84000648498534,-74.05622381607967,-74.05622381607967
231.85000648498536,-74.05165754888375,-74.05165754888375
231.86000648498535,-74.04706816028992,-74.04706816028992
231.87000648498534,-74.04245642533466,-74.04245642533466
231.88000648498536,-74.03782310960993,-74.03782310960993
231.89000648498535,-74.03316896928084,-74.03316896928084
231.90000648498534,-74.02849475112114,-74.02849475112114
231.91000648498536,-74.02380119254626,-74.02380119254626
231.92000648498535,-74.01908902163392,-74.01908902163392
231.93000648498534,-74.01435895720881,-74.01435895720881
231.94000648498536,-74.00961170881247,-74.00961170881247
231.95000648498535,-74.00484797682353,-74.00484797682353
231.96000648498534,-74.00006845245382,-74.00006845245382
231.97000648498536,-73.99527381783638,-73.99527381783638
231.98000648498535,-73.99046474605709,-73.99046474605709
231.99000648498534,-73.98564190121472,-73.98564190121472
232.00000648498536,-73.98080593848861,-73.98080593848861
232.01000648498535,-73.97595750419303,-73.97595750419303
232.02000648498534,-73.97109723584241,-73.97109723584241
232.03000648498536,-73.9662257622141,-73.9662257622141
232.04000648498535,-73.96134370341191,-73.96134370341191
232.0500065088272,-73.95645165928083,-73.95645165928083
232.0600065088272,-73.95155025607566,-73.95155025607566
232.07000650882722,-73.94664007666343,-73.94664007666343
232.0800065088272,-73.94172170714575,-73.94172170714575
232.0900065088272,-73.9367957253079,-73.9367957253079
232.10000650882722,-73.93186270067322,-73.93186270067322
232.1100065088272,-73.92692319458628,-73.92692319458628
232.1200065088272,-73.92197776030244,-73.92197776030244
232.13000650882722,-73.91702694302522,-73.91702694302522
232.1400065088272,-73.91207128002135,-73.91207128002135
232.1500065088272,-73.90711130066909,-73.90711130066909
232.16000650882722,-73.90214752653662,-73.90214752653662
232.1700065088272,-73.8971804714806,-73.8971804714806
232.1800065088272,-73.89221064169202,-73.89221064169202
232.1900065088272,-73.88723853579549,-73.88723853579549
232.20000650882722,-73.88226464491362,-73.88226464491362
232.2100065088272,-73.87728301849539,-73.87728301849539
232.2200065088272,-73.87229132552878,-73.87229132552878
232.23000650882722,-73.86728867701771,-73.86728867701771
232.2400065088272,-73.8622748475248,-73.8622748475248
232.2500065088272,-73.85724997816396,-73.85724997816396
232.26000650882722,-73.85221442230862,-73.85221442230862
232.2700065088272,-73.8471686551154,-73.8471686551154
232.2800065088272,-73.8421132191383,-73.8421132191383
232.29000650882722,-73.83704869161926,-73.83704869161926
232.3000065088272,-73.83197566492323,-73.83197566492323
232.3100065088272,-73.82689473485134,-73.82689473485134
232.32000650882722,-73.82180649386075,-73.82180649386075
232.3300065088272,-73.81671152718432,-73.81671152718432
232.3400065088272,-73.81161041077668,-73.81161041077668
232.35000650882722,-73.8065037103055,-73.8065037103055
232.3600065088272,-73.80139198081925,-73.80139198081925
232.3700065088272,-73.79627576679131,-73.79627576679131
232.38000650882722,-73.79115560233059,-73.79115560233059
232.3900065088272,-73.78603201156156,-73.78603201156156
232.4000065088272,-73.78090550897447,-73.78090550897447
232.41000650882722,-73.77577659984831,-73.77577659984831
232.4200065088272,-73.77064578060316,-73.77064578060316
232.4300065088272,-73.7655135391721,-73.7655135391721
232.4400065088272,-73.76038035532564,-73.76038035532564
232.45000650882722,-73.75524670094251,-73.75524670094251
232.4600065088272,-73.75011304028806,-73.75011304028806
232.4700065088272,-73.74497983025866,-73.74497983025866
232.48000650882722,-73.73984752057311,-73.73984752057311
232.4900065088272,-73.73471655396867,-73.73471655396867
232.5000065088272,-73.72958736636306,-73.72958736636306
232.51000650882722,-73.7244603870204,-73.7244603870204
232.5200065088272,-73.71933603865979,-73.71933603865979
232.5300065088272,-73.71421473760896,-73.71421473760896
232.54000650882722,-73.70909689388806,-73.70909689388806
232.5500065088272,-73.70398291133667,-73.70398291133667
232.5600065088272,-73.69887318767681,-73.69887318767681
232.57000650882722,-73.69376811463201,-73.69376811463201
232.5800065088272,-73.68866807799922,-73.68866807799922
232.5900065088272,-73.68357345770038,-73.68357345770038
232.60000650882722,-73.67848462789352,-73.67848462789352
232.6100065088272,-73.6734019570101,-73.6734019570101
232.6200065088272,-73.66832580784508,-73.66832580784508
232.63000650882722,-73.66325653758946,-73.66325653758946
232.6400065088272,-73.65819449792481,-73.65819449792481
232.6500065088272,-73.65314003505489,-73.65314003505489
232.66000650882722,-73.64809348977664,-73.64809348977664
232.6700065088272,-73.64305519753366,-73.64305519753366
232.6800065088272,-73.63802548847508,-73.63802548847508
232.6900065088272,-73.63300468749922,-73.63300468749922
232.70000650882722,-73.62799311430267,-73.62799311430267
232.7100065088272,-73.62299108346338,-73.62299108346338
232.7200065088272,-73.61799890446098,-73.61799890446098
232.73000650882722,-73.61301688173502,-73.61301688173502
232.7400065088272,-73.60804531474452,-73.60804531474452
232.7500065088272,-73.60308449801663,-73.60308449801663
232.76000650882722,-73.59813472119203,-73.59813472119203
232.7700065088272,-73.59319626907225,-73.59319626907225
232.7800065088272,-73.58826942168265,-73.58826942168265
232.79000650882722,-73.58335445432022,-73.58335445432022
232.8000065088272,-73.57845163758486,-73.57845163758486
232.8100065088272,-73.5735612374479,-73.5735612374479
232.82000650882722,-73.56868351529009,-73.56868351529009
232.8300065088272,-73.5638187279691,-73.5638187279691
232.8400065088272,-73.55896712783294,-73.55896712783294
232.85000650882722,-73.55412896281837,-73.55412896281837
232.8600065088272,-73.54930447644934,-73.54930447644934
232.8700065088272,-73.5444939079149,-73.5444939079149
232.88000650882722,-73.53969749211599,-73.53969749211599
232.8900065088272,-73.53491545970853,-73.53491545970853
232.90000653266907,-73.53014802578923,-73.53014802578923
232.91000653266906,-73.52539543540928,-73.52539543540928
232.92000653266908,-73.5206578953942,-73.5206578953942
232.93000653266907,-73.51593561987936,-73.51593561987936
232.94000653266906,-73.51122881901071,-73.51122881901071
232.95000653266908,-73.50653769896981,-73.50653769896981
232.96000653266907,-73.50186246202448,-73.50186246202448
232.97000653266906,-73.49720330657794,-73.49720330657794
232.98000653266908,-73.4925604272154,-73.4925604272154
232.99000653266907,-73.48793401473627,-73.48793401473627
233.00000653266906,-73.48332425622506,-73.48332425622506
233.01000653266908,-73.47873133507096,-73.47873133507096
233.02000653266907,-73.47415543102309,-73.47415543102309
233.03000653266906,-73.46959672024472,-73.46959672024472
233.04000653266905,-73.46505537535036,-73.46505537535036
233.05000653266907,-73.46053156544507,-73.46053156544507
233.06000653266906,-73.4560254561714,-73.4560254561714
233.07000653266905,-73.45153720975432,-73.45153720975432
233.08000653266907,-73.44706698505198,-73.44706698505198
233.09000653266907,-73.44261493758646,-73.44261493758646
233.10000653266906,-73.43818121959319,-73.43818121959319
233.11000653266908,-73.43376598005224,-73.43376598005224
233.12000653266907,-73.42936936475338,-73.42936936475338
233.13000653266906,-73.4249915163146,-73.4249915163146
233.14000653266908,-73.42063257423627,-73.42063257423627
233.15000653266907,-73.41629267493713,-73.41629267493713
233.16000653266906,-73.41197195178752,-73.41197195178752
233.17000653266908,-73.40767053516956,-73.40767053516956
233.18000653266907,-73.40338855250226,-73.40338855250226
233.19000653266906,-73.39912612828606,-73.39912612828606
233.20000653266908,-73.3948833841331,-73.3948833841331
233.21000653266907,-73.39066043881724,-73.39066043881724
233.22000653266906,-73.38645740830339,-73.38645740830339
233.23000653266908,-73.3822744057943,-73.3822744057943
233.24000653266907,-73.37811154176126,-73.37811154176126
233.25000653266906,-73.37396892398455,-73.37396892398455
233.26000653266908,-73.36984665758743,-73.36984665758743
233.27000653266907,-73.36574484507132,-73.36574484507132
233.28000653266906,-73.36166358636608,-73.36166358636608
233.29000653266905,-73.3576029788424,-73.3576029788424
233.30000653266907,-73.3535631173605,-73.3535631173605
233.31000653266906,-73.34954409431153,-73.34954409431153
233.32000653266905,-73.3455459996414,-73.3455459996414
233.33000653266907,-73.34156892087455,-73.34156892087455
233.34000653266907,-73.33761294317942,-73.33761294317942
233.35000653266906,-73.33367814936474,-73.33367814936474
233.36000653266908,-73.3297646199482,-73.3297646199482
233.37000653266907,-73.3258724331592,-73.3258724331592
233.38000653266906,-73.3220016649916,-73.3220016649916
233.39000653266908,-73.31815238922825,-73.31815238922825
233.40000653266907,-73.31432467746303,-73.31432467746303
233.41000653266906,-73.31051859914358,-73.31051859914358
233.42000653266908,-73.30673422160379,-73.30673422160379
233.43000653266907,-73.30297161008177,-73.30297161008177
233.44000653266906,-73.29923082776614,-73.29923082776614
233.45000653266908,-73.29551193581692,-73.29551193581692
233.46000653266907,-73.29181499338887,-73.29181499338887
233.47000653266906,-73.2881400576738,-73.2881400576738
233.48000653266908,-73.28448718391674,-73.28448718391674
233.49000653266907,-73.28085642544966,-73.28085642544966
233.50000653266906,-73.2772478337245,-73.2772478337245
233.51000653266908,-73.27366145832616,-73.27366145832616
233.52000653266907,-73.27009734702654,-73.27009734702654
233.53000653266906,-73.2665555457702,-73.2665555457702
233.54000653266905,-73.26303609874405,-73.26303609874405
233.55000653266907,-73.25953904838144,-73.25953904838144
233.56000653266906,-73.25606443538422,-73.25606443538422
233.57000653266905,-73.25261229875781,-73.25261229875781
233.58000653266907,-73.24918267583378,-73.24918267583378
233.59000653266907,-73.2457756022993,-73.2457756022993
233.60000653266906,-73.24239111220662,-73.24239111220662
233.61000653266908,-73.2390292380213,-73.2390292380213
233.62000653266907,-73.23569001061946,-73.23569001061946
233.63000653266906,-73.23237345933144,-73.23237345933144
233.64000653266908,-73.22907961196142,-73.22907961196142
233.65000653266907,-73.22580849480218,-73.22580849480218
233.66000653266906,-73.22256013266741,-73.22256013266741
233.67000653266908,-73.21933454890774,-73.21933454890774
233.68000653266907,-73.2161317654227,-73.2161317654227
233.69000653266906,-73.21295180272621,-73.21295180272621
233.70000653266908,-73.20979467990325,-73.20979467990325
233.71000653266907,-73.20665403652282,-73.20665403652282
233.72000653266906,-73.20352710436075,-73.20352710436075
233.73000653266908,-73.20041255011452,-73.20041255011452
233.74000653266907,-73.19730970394436,-73.19730970394436
233.75000655651093,-73.19421825777714,-73.19421825777714
233.76000655651092,-73.19113814174055,-73.19113814174055
233.77000655651094,-73.18806939020126,-73.18806939020126
233.78000655651093,-73.18501211724683,-73.18501211724683
233.79000655651092,-73.18196647688414,-73.18196647688414
233.80000655651094,-73.17893264351504,-73.17893264351504
233.81000655651093,-73.1759108003498,-73.1759108003498
233.82000655651092,-73.17290113257998,-73.17290113257998
233.83000655651094,-73.16990382351916,-73.16990382351916
233.84000655651093,-73.16691905247966,-73.16691905247966
233.85000655651092,-73.16394699376104,-73.16394699376104
233.86000655651094,-73.16098781623866,-73.16098781623866
233.87000655651093,-73.15804168336999,-73.15804168336999
233.88000655651092,-73.15510875336669,-73.15510875336669
233.8900065565109,-73.15218917948309,-73.15218917948309
233.90000655651093,-73.14928311036324,-73.14928311036324
233.91000655651092,-73.14639069036974,-73.14639069036974
233.9200065565109,-73.14351205990506,-73.14351205990506
233.93000655651093,-73.14064735572421,-73.14064735572421
233.94000655651092,-73.13779671119933,-73.13779671119933
233.9500065565109,-73.1349602565543,-73.1349602565543
233.96000655651093,-73.13213811907778,-73.13213811907778
233.97000655651092,-73.12933042330923,-73.12933042330923
233.98000655651092,-73.12653729119538,-73.12653729119538
233.99000655651093,-73.1237588422228,-73.1237588422228
234.00000655651093,-73.120995193542,-73.120995193542
234.01000655651092,-73.11824646004409,-73.11824646004409
234.02000655651094,-73.11551275448801,-73.11551275448801
234.03000655651093,-73.11279418752802,-73.11279418752802
234.04000655651092,-73.11009086779544,-73.11009086779544
234.05000655651094,-73.10740290195498,-73.10740290195498
234.06000655651093,-73.10473039474184,-73.10473039474184
234.07000655651092,-73.10207344899602,-73.10207344899602
234.08000655651094,-73.09943216571149,-73.09943216571149
234.09000655651093,-73.09680664403916,-73.09680664403916
234.10000655651092,-73.09419698132926,-73.09419698132926
234.11000655651094,-73.09160327314581,-73.09160327314581
234.12000655651093,-73.08902561328162,-73.08902561328162
234.13000655651092,-73.08646409378065,-73.08646409378065
234.1400065565109,-73.08391880494369,-73.08391880494369
234.15000655651093,-73.08138983535632,-73.08138983535632
234.16000655651092,-73.07887727187449,-73.07887727187449
234.1700065565109,-73.0763811996521,-73.0763811996521
234.18000655651093,-73.07390170215962,-73.07390170215962
234.19000655651092,-73.07143886116717,-73.07143886116717
234.2000065565109,-73.0689927567679,-73.0689927567679
234.21000655651093,-73.06656346740264,-73.06656346740264
234.22000655651092,-73.06415106983769,-73.06415106983769
234.23000655651092,-73.0617556391845,-73.0617556391845
234.24000655651093,-73.05937724891463,-73.05937724891463
234.25000655651093,-73.05701597086653,-73.05701597086653
234.26000655651092,-73.05467187524276,-73.05467187524276
234.27000655651094,-73.05234503064109,-73.05234503064109
234.28000655651093,-73.05003550403306,-73.05003550403306
234.29000655651092,-73.04774336079848,-73.04774336079848
234.30000655651094,-73.04546866472327,-73.04546866472327
234.31000655651093,-73.04321147801035,-73.04321147801035
234.32000655651092,-73.04097186128983,-73.04097186128983
234.33000655651094,-73.03874987362781,-73.03874987362781
234.34000655651093,-73.03654557253813,-73.03654557253813
234.35000655651092,-73.03435901399727,-73.03435901399727
234.36000655651094,-73.0321902524427,-73.0321902524427
234.37000655651093,-73.03003934080046,-73.03003934080046
234.38000655651092,-73.02790633047879,-73.02790633047879
234.3900065565109,-73.02579127139579,-73.02579127139579
234.40000655651093,-73.02369421197679,-73.02369421197679
234.41000655651092,-73.02161519918309,-73.02161519918309
234.4200065565109,-73.01955427850312,-73.01955427850312
234.43000655651093,-73.01751149398217,-73.01751149398217
234.44000655651092,-73.01548688823759,-73.01548688823759
234.4500065565109,-73.0134805024382,-73.0134805024382
234.46000655651093,-73.01149237637614,-73.01149237637614
234.47000655651092,-73.00952254842338,-73.00952254842338
234.48000655651092,-73.00757105555995,-73.00757105555995
234.49000655651093,-73.00563793342117,-73.00563793342117
234.50000655651093,-73.00372321626588,-73.00372321626588
234.51000655651092,-73.00182693701944,-73.00182693701944
234.52000655651094,-72.99994912726787,-72.99994912726787
234.53000655651093,-72.99808981727817,-72.99808981727817
234.54000655651092,-72.99624903603811,-72.99624903603811
234.55000655651094,-72.99442681121361,-72.99442681121361
234.56000655651093,-72.99262316923082,-72.99262316923082
234.57000655651092,-72.99083813523195,-72.99083813523195
234.58000655651094,-72.98907173311873,-72.98907173311873
234.59000655651093,-72.98732398556858,-72.98732398556858
234.60000658035278,-72.98559490992605,-72.98559490992605
234.61000658035277,-72.98388453471254,-72.98388453471254
234.6200065803528,-72.98219287482438,-72.98219287482438
234.63000658035278,-72.98051994815755,-72.98051994815755
234.64000658035278,-72.97886577144645,-72.97886577144645
234.6500065803528,-72.9772303602625,-72.9772303602625
234.66000658035279,-72.97561372906391,-72.97561372906391
234.67000658035278,-72.97401589118338,-72.97401589118338
234.6800065803528,-72.97243685884774,-72.97243685884774
234.6900065803528,-72.97087664319984,-72.97087664319984
234.70000658035278,-72.96933525431128,-72.96933525431128
234.7100065803528,-72.96781270118068,-72.96781270118068
234.7200065803528,-72.96630899177207,-72.96630899177207
234.73000658035278,-72.9648241330054,-72.9648241330054
234.74000658035277,-72.96335813078797,-72.96335813078797
234.7500065803528,-72.96191099002873,-72.96191099002873
234.76000658035278,-72.96048271463216,-72.96048271463216
234.77000658035277,-72.95907330752681,-72.95907330752681
234.7800065803528,-72.95768277069459,-72.95768277069459
234.79000658035278,-72.9563111051389,-72.9563111051389
234.80000658035277,-72.954958310947,-72.954958310947
234.8100065803528,-72.95362438727678,-72.95362438727678
234.82000658035278,-72.95230933236992,-72.95230933236992
234.83000658035277,-72.95101314358324,-72.95101314358324
234.8400065803528,-72.94973581738302,-72.94973581738302
234.85000658035278,-72.94847734934943,-72.94847734934943
234.86000658035277,-72.94723773422922,-72.94723773422922
234.8700065803528,-72.94601696590583,-72.94601696590583
234.88000658035278,-72.94481503744265,-72.94481503744265
234.89000658035278,-72.94363194106921,-72.94363194106921
234.9000065803528,-72.94246766822161,-72.94246766822161
234.91000658035279,-72.94132220953043,-72.94132220953043
234.92000658035278,-72.9401955548436,-72.9401955548436
234.9300065803528,-72.93908769323754,-72.93908769323754
234.9400065803528,-72.93799861303725,-72.93799861303725
234.95000658035278,-72.93692830180677,-72.93692830180677
234.9600065803528,-72.93587674638904,-72.93587674638904
234.9700065803528,-72.93484393289444,-72.93484393289444
234.98000658035278,-72.93382984672607,-72.93382984672607
234.99000658035277,-72.9328344725834,-72.9328344725834
235.0000065803528,-72.93185779446577,-72.93185779446577
235.01000658035278,-72.93089979571411,-72.93089979571411
235.02000658035277,-72.929960458996,-72.929960458996
235.0300065803528,-72.92903976630805,-72.92903976630805
235.04000658035278,-72.92813769901109,-72.92813769901109
235.05000658035277,-72.92725423783753,-72.92725423783753
235.0600065803528,-72.92638936289464,-72.92638936289464
235.07000658035278,-72.92554305366238,-72.92554305366238
235.08000658035277,-72.92471528903693,-72.92471528903693
235.0900065803528,-72.92390604730444,-72.92390604730444
235.10000658035278,-72.92311530617232,-72.92311530617232
235.11000658035277,-72.92234304277808,-72.92234304277808
235.1200065803528,-72.92158923369426,-72.92158923369426
235.13000658035278,-72.92085385493903,-72.92085385493903
235.14000658035278,-72.92013688199242,-72.92013688199242
235.1500065803528,-72.91943828979362,-72.91943828979362
235.16000658035279,-72.91875805275814,-72.91875805275814
235.17000658035278,-72.91809614479129,-72.91809614479129
235.1800065803528,-72.91745253929093,-72.91745253929093
235.1900065803528,-72.9168272091422,-72.9168272091422
235.20000658035278,-72.91622012676676,-72.91622012676676
235.2100065803528,-72.91562490760711,-72.91562490760711
235.2200065803528,-72.91503874433242,-72.91503874433242
235.23000658035278,-72.91446025918806,-72.91446025918806
235.24000658035277,-72.91388873595687,-72.91388873595687
235.2500065803528,-72.91332382686015,-72.91332382686015
235.26000658035278,-72.91276540024582,-72.91276540024582
235.27000658035277,-72.91221345124578,-72.91221345124578
235.2800065803528,-72.91166804809107,-72.91166804809107
235.29000658035278,-72.91112929976927,-72.91112929976927
235.30000658035277,-72.9105973366409,-72.9105973366409
235.3100065803528,-72.91007229888176,-72.91007229888176
235.32000658035278,-72.90955432969996,-72.90955432969996
235.33000658035277,-72.90904357145375,-72.90904357145375
235.3400065803528,-72.90854016352539,-72.90854016352539
235.35000658035278,-72.90804424129492,-72.90804424129492
235.36000658035277,-72.90755593571755,-72.90755593571755
235.3700065803528,-72.90707537327384,-72.90707537327384
235.38000658035278,-72.90660267615574,-72.90660267615574
235.39000658035278,-72.90613796252659,-72.90613796252659
235.4000065803528,-72.90568134681673,-72.90568134681673
235.41000658035279,-72.90523294006506,-72.90523294006506
235.42000658035278,-72.9047928502114,-72.9047928502114
235.4300065803528,-72.90436118236309,-72.90436118236309
235.4400065803528,-72.90393803907165,-72.90393803907165
235.45000660419464,-72.9035235195516,-72.9035235195516
235.46000660419463,-72.90311136838093,-72.90311136838093
235.47000660419465,-72.90269890210372,-72.90269890210372
235.48000660419464,-72.90228486609867,-72.90228486609867
235.49000660419463,-72.90186866587943,-72.90186866587943
235.50000660419465,-72.90145007415315,-72.90145007415315
235.51000660419464,-72.90102907863124,-72.90102907863124
235.52000660419463,-72.90060579278922,-72.90060579278922
235.53000660419465,-72.90018040223843,-72.90018040223843
235.54000660419464,-72.89975313245999,-72.89975313245999
235.55000660419464,-72.8993242294535,-72.8993242294535
235.56000660419465,-72.8988939481898,-72.8988939481898
235.57000660419465,-72.89846254587164,-72.89846254587164
235.58000660419464,-72.89803027804948,-72.89803027804948
235.59000660419463,-72.897597396516,-72.897597396516
235.60000660419465,-72.89716414825308,-72.89716414825308
235.61000660419464,-72.89673077502799,-72.89673077502799
235.62000660419463,-72.8962975133596,-72.8962975133596
235.63000660419465,-72.89586459466757,-72.89586459466757
235.64000660419464,-72.89543224552806,-72.89543224552806
235.65000660419463,-72.89500068799266,-72.89500068799266
235.66000660419465,-72.89457013988346,-72.89457013988346
235.67000660419464,-72.89414081509172,-72.89414081509172
235.68000660419463,-72.89371292386193,-72.89371292386193
235.69000660419465,-72.89328667300504,-72.89328667300504
235.70000660419464,-72.89286226614338,-72.89286226614338
235.71000660419463,-72.89243990387676,-72.89243990387676
235.72000660419465,-72.89201978394522,-72.89201978394522
235.73000660419464,-72.89160210135728,-72.89160210135728
235.74000660419463,-72.8911870485074,-72.8911870485074
235.75000660419465,-72.89077481526523,-72.89077481526523
235.76000660419464,-72.89036558906761,-72.89036558906761
235.77000660419463,-72.88995955496732,-72.88995955496732
235.78000660419465,-72.88955689569318,-72.88955689569318
235.79000660419464,-72.88915779170006,-72.88915779170006
235.80000660419464,-72.88876242120061,-72.88876242120061
235.81000660419465,-72.88837096017537,-72.88837096017537
235.82000660419465,-72.88798358241982,-72.88798358241982
235.83000660419464,-72.88760045955924,-72.88760045955924
235.84000660419463,-72.88722176105422,-72.88722176105422
235.85000660419465,-72.88684765421456,-72.88684765421456
235.86000660419464,-72.88647830420499,-72.88647830420499
235.87000660419463,-72.88611387406615,-72.88611387406615
235.88000660419465,-72.88575452469811,-72.88575452469811
235.89000660419464,-72.8854004148807,-72.8854004148807
235.90000660419463,-72.8850517012876,-72.8850517012876
235.91000660419465,-72.88470853845094,-72.88470853845094
235.92000660419464,-72.88437107880304,-72.88437107880304
235.93000660419463,-72.88403947266454,-72.88403947266454
235.94000660419465,-72.88371386823079,-72.88371386823079
235.95000660419464,-72.88339441160328,-72.88339441160328
235.96000660419463,-72.88307489384245,-72.88307489384245
235.97000660419465,-72.88275267945922,-72.88275267945922
235.98000660419464,-72.88242655999593,-72.88242655999593
235.99000660419463,-72.88209598644043,-72.88209598644043
236.00000660419465,-72.88176077631918,-72.88176077631918
236.01000660419464,-72.88142096150713,-72.88142096150713
236.02000660419463,-72.88107669898348,-72.88107669898348
236.03000660419465,-72.88072821715394,-72.88072821715394
236.04000660419464,-72.88037578359406,-72.88037578359406
236.05000660419464,-72.88001968567455,-72.88001968567455
236.06000660419465,-72.87966021898835,-72.87966021898835
236.07000660419465,-72.87929768060039,-72.87929768060039
236.08000660419464,-72.87893236515706,-72.87893236515706
236.09000660419463,-72.87856456276288,-72.87856456276288
236.10000660419465,-72.87819455795531,-72.87819455795531
236.11000660419464,-72.87782262926703,-72.87782262926703
236.12000660419463,-72.8774490491967,-72.8774490491967
236.13000660419465,-72.87707408438266,-72.87707408438266
236.14000660419464,-72.87669799585973,-72.87669799585973
236.15000660419463,-72.87632103935987,-72.87632103935987
236.16000660419465,-72.87594346565545,-72.87594346565545
236.17000660419464,-72.87556552083518,-72.87556552083518
236.18000660419463,-72.87518744661597,-72.87518744661597
236.19000660419465,-72.87480948057883,-72.87480948057883
236.20000660419464,-72.87443185640383,-72.87443185640383
236.21000660419463,-72.87405480405178,-72.87405480405178
236.22000660419465,-72.87367854996832,-72.87367854996832
236.23000660419464,-72.8733033171865,-72.8733033171865
236.24000660419463,-72.87292932550179,-72.87292932550179
236.25000660419465,-72.87255679154961,-72.87255679154961
236.26000660419464,-72.8721859289044,-72.8721859289044
236.27000660419463,-72.87181694816098,-72.87181694816098
236.28000660419465,-72.87145005701863,-72.87145005701863
236.29000660419464,-72.8710854602973,-72.8710854602973
236.3000066280365,-72.87072335917476,-72.87072335917476
236.3100066280365,-72.8703639546452,-72.8703639546452
236.3200066280365,-72.87000744239805,-72.87000744239805
236.3300066280365,-72.86965401629006,-72.86965401629006
236.3400066280365,-72.86930386750255,-72.86930386750255
236.3500066280365,-72.86895718459755,-72.86895718459755
236.3600066280365,-72.86861415350965,-72.86861415350965
236.3700066280365,-72.86827495757375,-72.86827495757375
236.3800066280365,-72.86793977755431,-72.86793977755431
236.3900066280365,-72.8676087916396,-72.8676087916396
236.4000066280365,-72.86728217547282,-72.86728217547282
236.4100066280365,-72.86696010218049,-72.86696010218049
236.4200066280365,-72.86664274234685,-72.86664274234685
236.4300066280365,-72.86633026405669,-72.86633026405669
236.44000662803649,-72.8660228329101,-72.8660228329101
236.4500066280365,-72.86572061202301,-72.86572061202301
236.4600066280365,-72.8654237620339,-72.8654237620339
236.4700066280365,-72.8651324411484,-72.8651324411484
236.4800066280365,-72.86484680512343,-72.86484680512343
236.4900066280365,-72.86456700727683,-72.86456700727683
236.5000066280365,-72.86429319853696,-72.86429319853696
236.5100066280365,-72.86402552741652,-72.86402552741652
236.5200066280365,-72.86376414004948,-72.86376414004948
236.5300066280365,-72.86350918020332,-72.86350918020332
236.5400066280365,-72.86326078928971,-72.86326078928971
236.5500066280365,-72.86301910638022,-72.86301910638022
236.5600066280365,-72.86278426822008,-72.86278426822008
236.5700066280365,-72.8625564092575,-72.8625564092575
236.5800066280365,-72.86233566164445,-72.86233566164445
236.5900066280365,-72.86212215525053,-72.86212215525053
236.6000066280365,-72.86191601770295,-72.86191601770295
236.6100066280365,-72.86171737438218,-72.86171737438218
236.6200066280365,-72.86152634844765,-72.86152634844765
236.6300066280365,-72.86134306085403,-72.86134306085403
236.6400066280365,-72.86116763037556,-72.86116763037556
236.6500066280365,-72.86100017361274,-72.86100017361274
236.6600066280365,-72.860840805023,-72.860840805023
236.6700066280365,-72.86068963693558,-72.86068963693558
236.6800066280365,-72.86054677956587,-72.86054677956587
236.69000662803649,-72.86041234103857,-72.86041234103857
236.7000066280365,-72.86028642741164,-72.86028642741164
236.7100066280365,-72.86016279245698,-72.86016279245698
236.7200066280365,-72.86003876204461,-72.86003876204461
236.7300066280365,-72.85991308850478,-72.85991308850478
236.7400066280365,-72.859785183393,-72.859785183393
236.7500066280365,-72.85965482470628,-72.85965482470628
236.7600066280365,-72.85952200479026,-72.85952200479026
236.7700066280365,-72.85938684110958,-72.85938684110958
236.7800066280365,-72.85924952269362,-72.85924952269362
236.7900066280365,-72.85911027784023,-72.85911027784023
236.8000066280365,-72.85896935480662,-72.85896935480662
236.8100066280365,-72.85882701023753,-72.85882701023753
236.8200066280365,-72.85868350247223,-72.85868350247223
236.8300066280365,-72.85853908762012,-72.85853908762012
236.8400066280365,-72.85839401749152,-72.85839401749152
236.8500066280365,-72.85824853856965,-72.85824853856965
236.8600066280365,-72.85810289158371,-72.85810289158371
236.8700066280365,-72.85795731149952,-72.85795731149952
236.8800066280365,-72.85781202769118,-72.85781202769118
236.8900066280365,-72.85766726420225,-72.85766726420225
236.9000066280365,-72.8575232400898,-72.8575232400898
236.9100066280365,-72.85738016972299,-72.85738016972299
236.9200066280365,-72.85723826311624,-72.85723826311624
236.9300066280365,-72.85709772621748,-72.85709772621748
236.94000662803649,-72.85695876115376,-72.85695876115376
236.9500066280365,-72.85682156647928,-72.85682156647928
236.9600066280365,-72.8566863373666,-72.8566863373666
236.9700066280365,-72.85655326579355,-72.85655326579355
236.9800066280365,-72.85642254068215,-72.85642254068215
236.9900066280365,-72.85629434804501,-72.85629434804501
237.0000066280365,-72.85616887108375,-72.85616887108375
237.0100066280365,-72.85604629030587,-72.85604629030587
237.0200066280365,-72.8559267835696,-72.8559267835696
237.0300066280365,-72.85581052619571,-72.85581052619571
237.0400066280365,-72.85569769101517,-72.85569769101517
237.0500066280365,-72.85558844839771,-72.85558844839771
237.0600066280365,-72.85548296632437,-72.85548296632437
237.0700066280365,-72.85538141042306,-72.85538141042306
237.0800066280365,-72.85528394398395,-72.85528394398395
237.0900066280365,-72.85519072800057,-72.85519072800057
237.1000066280365,-72.85510192119335,-72.85510192119335
237.1100066280365,-72.85501768002892,-72.85501768002892
237.1200066280365,-72.85493815874288,-72.85493815874288
237.1300066280365,-72.85486350936135,-72.85486350936135
237.1400066280365,-72.85479388170715,-72.85479388170715
237.15000665187836,-72.85472942326808,-72.85472942326808
237.16000665187835,-72.85467027982999,-72.85467027982999
237.17000665187837,-72.85461659455117,-72.85461659455117
237.18000665187836,-72.85456850859771,-72.85456850859771
237.19000665187835,-72.85452616100876,-72.85452616100876
237.20000665187837,-72.85448968870149,-72.85448968870149
237.21000665187836,-72.85445922649174,-72.85445922649174
237.22000665187835,-72.85443490708788,-72.85443490708788
237.23000665187837,-72.85441686112125,-72.85441686112125
237.24000665187836,-72.85440521714916,-72.85440521714916
237.25000665187835,-72.85440010166228,-72.85440010166228
237.26000665187837,-72.85440163910778,-72.85440163910778
237.27000665187836,-72.85440995188353,-72.85440995188353
237.28000665187835,-72.85442516037375,-72.85442516037375
237.29000665187834,-72.85444738295321,-72.85444738295321
237.30000665187836,-72.85447673598188,-72.85447673598188
237.31000665187835,-72.85451333383864,-72.85451333383864
237.32000665187834,-72.8545572889318,-72.8545572889318
237.33000665187836,-72.85460871171611,-72.85460871171611
237.34000665187835,-72.85466771068882,-72.85466771068882
237.35000665187835,-72.85473439242043,-72.85473439242043
237.36000665187836,-72.85480886156834,-72.85480886156834
237.37000665187836,-72.85489122087937,-72.85489122087937
237.38000665187835,-72.85498157122478,-72.85498157122478
237.39000665187837,-72.85508001158965,-72.85508001158965
237.40000665187836,-72.85518663912526,-72.85518663912526
237.41000665187835,-72.85530154911717,-72.85530154911717
237.42000665187837,-72.85542483503545,-72.85542483503545
237.43000665187836,-72.85555658854283,-72.85555658854283
237.44000665187835,-72.85569689950715,-72.85569689950715
237.45000665187837,-72.85584585602898,-72.85584585602898
237.46000665187836,-72.85600354443767,-72.85600354443767
237.47000665187835,-72.85617004932857,-72.85617004932857
237.48000665187837,-72.8563454535692,-72.8563454535692
237.49000665187836,-72.85652983831481,-72.85652983831481
237.50000665187835,-72.85672328302854,-72.85672328302854
237.51000665187837,-72.85692586549798,-72.85692586549798
237.52000665187836,-72.85713766185295,-72.85713766185295
237.53000665187835,-72.8573587465961,-72.8573587465961
237.54000665187834,-72.8575891925949,-72.8575891925949
237.55000665187836,-72.85782907111377,-72.85782907111377
237.56000665187835,-72.85807845182512,-72.85807845182512
237.57000665187834,-72.85833740283572,-72.85833740283572
237.58000665187836,-72.85860599070536,-72.85860599070536
237.59000665187835,-72.85888428044422,-72.85888428044422
237.60000665187835,-72.85917233556135,-72.85917233556135
237.61000665187836,-72.85947021804968,-72.85947021804968
237.62000665187836,-72.85977798842038,-72.85977798842038
237.63000665187835,-72.86009570573654,-72.86009570573654
237.64000665187837,-72.86042342760132,-72.86042342760132
237.65000665187836,-72.86076121017418,-72.86076121017418
237.66000665187835,-72.86110910823034,-72.86110910823034
237.67000665187837,-72.86146717511988,-72.86146717511988
237.68000665187836,-72.86183546283661,-72.86183546283661
237.69000665187835,-72.86221402199675,-72.86221402199675
237.70000665187837,-72.86260290188552,-72.86260290188552
237.71000665187836,-72.8629957996097,-72.8629957996097
237.72000665187835,-72.86338998487389,-72.86338998487389
237.73000665187837,-72.86378415447275,-72.86378415447275
237.74000665187836,-72.86417766505726,-72.86417766505726
237.75000665187835,-72.86457024039609,-72.86457024039609
237.76000665187837,-72.86496181925446,-72.86496181925446
237.77000665187836,-72.8653524662381,-72.8653524662381
237.78000665187835,-72.86574231818221,-72.86574231818221
237.79000665187834,-72.8661315518938,-72.8661315518938
237.80000665187836,-72.86652036484563,-72.86652036484563
237.81000665187835,-72.86690896362542,-72.86690896362542
237.82000665187834,-72.86729755718282,-72.86729755718282
237.83000665187836,-72.86768635297041,-72.86768635297041
237.84000665187835,-72.86807555483657,-72.86807555483657
237.85000665187835,-72.8684653619821,-72.8684653619821
237.86000665187836,-72.86885596856106,-72.86885596856106
237.87000665187836,-72.86924756363958,-72.86924756363958
237.88000665187835,-72.86964033136674,-72.86964033136674
237.89000665187837,-72.87003445125515,-72.87003445125515
237.90000665187836,-72.87043009846751,-72.87043009846751
237.91000665187835,-72.87082744415706,-72.87082744415706
237.92000665187837,-72.8712266557678,-72.8712266557678
237.93000665187836,-72.87162789731867,-72.87162789731867
237.94000665187835,-72.87203132965769,-72.87203132965769
237.95000665187837,-72.87243711067725,-72.87243711067725
237.96000665187836,-72.87284539552874,-72.87284539552874
237.97000665187835,-72.87325633677851,-72.87325633677851
237.98000665187837,-72.87367008456083,-72.87367008456083
237.99000665187836,-72.87408678668699,-72.87408678668699
238.00000667572021,-72.87450658977518,-72.87450658977518
238.0100066757202,-72.8749296353184,-72.8749296353184
238.02000667572023,-72.87535606577134,-72.87535606577134
238.03000667572022,-72.87578602062005,-72.87578602062005
238.0400066757202,-72.87621963741805,-72.87621963741805
238.05000667572023,-72.87665705184531,-72.87665705184531
238.06000667572022,-72.87709839774483,-72.87709839774483
238.0700066757202,-72.87754380714881,-72.87754380714881
238.08000667572023,-72.8779934103043,-72.8779934103043
238.09000667572022,-72.87844733569774,-72.87844733569774
238.1000066757202,-72.87890571008587,-72.87890571008587
238.11000667572023,-72.8793686584917,-72.8793686584917
238.12000667572022,-72.87983630422062,-72.87983630422062
238.1300066757202,-72.88030876888776,-72.88030876888776
238.1400066757202,-72.8807861724148,-72.8807861724148
238.15000667572022,-72.88126863303098,-72.88126863303098
238.1600066757202,-72.88175626730634,-72.88175626730634
238.1700066757202,-72.88224919013065,-72.88224919013065
238.18000667572022,-72.88274751473413,-72.88274751473413
238.1900066757202,-72.8832513526973,-72.8832513526973
238.2000066757202,-72.88376081393989,-72.88376081393989
238.21000667572022,-72.88426965410963,-72.88426965410963
238.2200066757202,-72.88477520201509,-72.88477520201509
238.2300066757202,-72.88527621355306,-72.88527621355306
238.24000667572022,-72.8857721042963,-72.8857721042963
238.25000667572021,-72.8862626566267,-72.8862626566267
238.2600066757202,-72.8867478676444,-72.8867478676444
238.27000667572023,-72.88722785993481,-72.88722785993481
238.28000667572022,-72.88770282793872,-72.88770282793872
238.2900066757202,-72.88817300575866,-72.88817300575866
238.30000667572023,-72.88863864773249,-72.88863864773249
238.31000667572022,-72.88910001696226,-72.88910001696226
238.3200066757202,-72.88955737851111,-72.88955737851111
238.33000667572023,-72.89001099553475,-72.89001099553475
238.34000667572022,-72.89046112718218,-72.89046112718218
238.3500066757202,-72.89090802753695,-72.89090802753695
238.36000667572023,-72.89135194519416,-72.89135194519416
238.37000667572022,-72.89179312324005,-72.89179312324005
238.3800066757202,-72.89223179940106,-72.89223179940106
238.3900066757202,-72.89266820630137,-72.89266820630137
238.40000667572022,-72.8931025717703,-72.8931025717703
238.4100066757202,-72.89353511917349,-72.89353511917349
238.4200066757202,-72.8939660676831,-72.8939660676831
238.43000667572022,-72.89439563258324,-72.89439563258324
238.4400066757202,-72.89482402550703,-72.89482402550703
238.4500066757202,-72.89525145466165,-72.89525145466165
238.46000667572022,-72.89567177186609,-72.89567177186609
238.4700066757202,-72.89608240119846,-72.89608240119846
238.4800066757202,-72.8964821927637,-72.8964821927637
238.49000667572022,-72.89687065524376,-72.89687065524376
238.50000667572021,-72.89724766311842,-72.89724766311842
238.5100066757202,-72.8976133046201,-72.8976133046201
238.52000667572023,-72.89796779256676,-72.89796779256676
238.53000667572022,-72.89831141079608,-72.89831141079608
238.5400066757202,-72.89864448197109,-72.89864448197109
238.55000667572023,-72.89896734826294,-72.89896734826294
238.56000667572022,-72.89928035983898,-72.89928035983898
238.5700066757202,-72.89958386812135,-72.89958386812135
238.58000667572023,-72.89987822191681,-72.89987822191681
238.59000667572022,-72.90016376534282,-72.90016376534282
238.6000066757202,-72.90044083677004,-72.90044083677004
238.61000667572023,-72.90070976841923,-72.90070976841923
238.62000667572022,-72.90097088632209,-72.90097088632209
238.6300066757202,-72.90122451049236,-72.90122451049236
238.6400066757202,-72.9014709551843,-72.9014709551843
238.65000667572022,-72.90171052918268,-72.90171052918268
238.6600066757202,-72.90194353613747,-72.90194353613747
238.6700066757202,-72.90217027484526,-72.90217027484526
238.68000667572022,-72.9023910395427,-72.9023910395427
238.6900066757202,-72.90260612012581,-72.90260612012581
238.7000066757202,-72.90281580239554,-72.90281580239554
238.71000667572022,-72.90301401532592,-72.90301401532592
238.7200066757202,-72.90319825986738,-72.90319825986738
238.7300066757202,-72.90336746240075,-72.90336746240075
238.74000667572022,-72.90352120722116,-72.90352120722116
238.75000667572021,-72.90365944373438,-72.90365944373438
238.7600066757202,-72.90378233437927,-72.90378233437927
238.77000667572023,-72.90389016547908,-72.90389016547908
238.78000667572022,-72.90398329365541,-72.90398329365541
238.7900066757202,-72.90406211362924,-72.90406211362924
238.80000667572023,-72.90412703888349,-72.90412703888349
238.81000667572022,-72.9041784901687,-72.9041784901687
238.8200066757202,-72.9042168887611,-72.9042168887611
238.83000667572023,-72.90424265259334,-72.90424265259334
238.84000667572022,-72.90425619415274,-72.90425619415274
238.85000669956207,-72.90425791943939,-72.90425791943939
238.86000669956206,-72.9042482275229,-72.9042482275229
238.87000669956208,-72.9042275106564,-72.9042275106564
238.88000669956207,-72.90419615424005,-72.90419615424005
238.89000669956206,-72.90415453720728,-72.90415453720728
238.90000669956208,-72.90410303226994,-72.90410303226994
238.91000669956208,-72.90404200626946,-72.90404200626946
238.92000669956207,-72.90397182045696,-72.90397182045696
238.93000669956209,-72.90389283077853,-72.90389283077853
238.94000669956208,-72.9038053881236,-72.9038053881236
238.95000669956207,-72.90370983853477,-72.90370983853477
238.9600066995621,-72.90360017163734,-72.90360017163734
238.97000669956208,-72.90347394841682,-72.90347394841682
238.98000669956207,-72.90333015453488,-72.90333015453488
238.99000669956206,-72.90316843280588,-72.90316843280588
239.00000669956208,-72.90298879041762,-72.90298879041762
239.01000669956207,-72.90279144683208,-72.90279144683208
239.02000669956206,-72.90257674462867,-72.90257674462867
239.03000669956208,-72.90234509596446,-72.90234509596446
239.04000669956207,-72.90209695032999,-72.90209695032999
239.05000669956206,-72.90183277524764,-72.90183277524764
239.06000669956208,-72.90155304479411,-72.90155304479411
239.07000669956207,-72.90125823280269,-72.90125823280269
239.08000669956206,-72.90094880906636,-72.90094880906636
239.09000669956208,-72.90062523720596,-72.90062523720596
239.10000669956207,-72.90028797365365,-72.90028797365365
239.11000669956206,-72.89993746725256,-72.89993746725256
239.12000669956208,-72.89957415921091,-72.89957415921091
239.13000669956207,-72.89919848328955,-72.89919848328955
239.14000669956206,-72.89881086606354,-72.89881086606354
239.15000669956208,-72.89841172722454,-72.89841172722454
239.16000669956208,-72.8980014799128,-72.8980014799128
239.17000669956207,-72.8975805310234,-72.8975805310234
239.18000669956209,-72.89714928148182,-72.89714928148182
239.19000669956208,-72.89670812651374,-72.89670812651374
239.20000669956207,-72.89625745585077,-72.89625745585077
239.2100066995621,-72.89579130419861,-72.89579130419861
239.22000669956208,-72.89530727676053,-72.89530727676053
239.23000669956207,-72.89480440257833,-72.89480440257833
239.24000669956206,-72.89428236715366,-72.89428236715366
239.25000669956208,-72.89374121963323,-72.89374121963323
239.26000669956207,-72.89318122078673,-72.89318122078673
239.27000669956206,-72.89260275383074,-72.89260275383074
239.28000669956208,-72.89200627090295,-72.89200627090295
239.29000669956207,-72.8913922608277,-72.8913922608277
239.30000669956206,-72.89076122983644,-72.89076122983644
239.31000669956208,-72.89011369004719,-72.89011369004719
239.32000669956207,-72.88945015275266,-72.88945015275266
239.33000669956206,-72.88877112457213,-72.88877112457213
239.34000669956208,-72.88807710535612,-72.88807710535612
239.35000669956207,-72.88736858716955,-72.88736858716955
239.36000669956206,-72.88664605390169,-72.88664605390169
239.37000669956208,-72.88590998124484,-72.88590998124484
239.38000669956207,-72.8851608368585,-72.8851608368585
239.39000669956206,-72.88439908066067,-72.88439908066067
239.40000669956208,-72.88362516513729,-72.88362516513729
239.41000669956208,-72.88283953570047,-72.88283953570047
239.42000669956207,-72.88204263094887,-72.88204263094887
239.43000669956209,-72.88123488302661,-72.88123488302661
239.44000669956208,-72.88041671782054,-72.88041671782054
239.45000669956207,-72.87958855522737,-72.87958855522737
239.4600066995621,-72.87874446257082,-72.87874446257082
239.47000669956208,-72.87788207647424,-72.87788207647424
239.48000669956207,-72.87700045660156,-72.87700045660156
239.49000669956206,-72.87609931836622,-72.87609931836622
239.50000669956208,-72.8751787402337,-72.8751787402337
239.51000669956207,-72.87423901172434,-72.87423901172434
239.52000669956206,-72.87328054424889,-72.87328054424889
239.53000669956208,-72.87230381759542,-72.87230381759542
239.54000669956207,-72.87130934772289,-72.87130934772289
239.55000669956206,-72.87029766745837,-72.87029766745837
239.56000669956208,-72.86926931504492,-72.86926931504492
239.57000669956207,-72.86822482736426,-72.86822482736426
239.58000669956206,-72.86716473615424,-72.86716473615424
239.59000669956208,-72.86608956589403,-72.86608956589403
239.60000669956207,-72.86499983281955,-72.86499983281955
239.61000669956206,-72.86389604452722,-72.86389604452722
239.62000669956208,-72.86277869995898,-72.86277869995898
239.63000669956207,-72.86164828959048,-72.86164828959048
239.64000669956206,-72.86050529571581,-72.86050529571581
239.65000669956208,-72.8593501927897,-72.8593501927897
239.66000669956208,-72.85818344775585,-72.85818344775585
239.67000669956207,-72.85700552035932,-72.85700552035932
239.68000669956209,-72.85581686345643,-72.85581686345643
239.69000669956208,-72.85461792328009,-72.85461792328009
239.70000672340393,-72.8534091368114,-72.8534091368114
239.71000672340392,-72.85219094345645,-72.85219094345645
239.72000672340394,-72.8509637680802,-72.8509637680802
239.73000672340393,-72.84972803256774,-72.84972803256774
239.74000672340392,-72.84848415311009,-72.84848415311009
239.75000672340394,-72.8472325403475,-72.8472325403475
239.76000672340393,-72.84597359947617,-72.84597359947617
239.77000672340392,-72.84470773033745,-72.84470773033745
239.78000672340394,-72.84343532749544,-72.84343532749544
239.79000672340393,-72.8421567803168,-72.8421567803168
239.80000672340392,-72.84087247303272,-72.84087247303272
239.81000672340394,-72.8395827848042,-72.8395827848042
239.82000672340394,-72.83828808976168,-72.83828808976168
239.83000672340393,-72.8369887570656,-72.8369887570656
239.84000672340392,-72.83568515094348,-72.83568515094348
239.85000672340394,-72.83437763073023,-72.83437763073023
239.86000672340393,-72.83306655091553,-72.83306655091553
239.87000672340392,-72.83175226117648,-72.83175226117648
239.88000672340394,-72.83043510640863,-72.83043510640863
239.89000672340393,-72.82911542676214,-72.82911542676214
239.90000672340392,-72.82779355767615,-72.82779355767615
239.91000672340394,-72.82646982991362,-72.82646982991362
239.92000672340393,-72.82514456959225,-72.82514456959225
239.93000672340392,-72.82381809821878,-72.82381809821878
239.94000672340394,-72.82249073271934,-72.82249073271934
239.95000672340393,-72.82116278546656,-72.82116278546656
239.96000672340392,-72.81983456432573,-72.81983456432573
239.97000672340394,-72.81850637266578,-72.81850637266578
239.98000672340393,-72.81717850941676,-72.81717850941676
239.99000672340392,-72.81585126907716,-72.81585126907716
240.00000672340394,-72.81452494178254,-72.81452494178254
240.01000672340393,-72.81319981330185,-72.81319981330185
240.02000672340392,-72.81187616508892,-72.81187616508892
240.03000672340394,-72.81055427432673,-72.81055427432673
240.04000672340393,-72.80923441393956,-72.80923441393956
240.05000672340392,-72.80791685264929,-72.80791685264929
240.06000672340394,-72.80660185501259,-72.80660185501259
240.07000672340394,-72.80528968142366,-72.80528968142366
240.08000672340393,-72.80398058819459,-72.80398058819459
240.09000672340392,-72.80267482756047,-72.80267482756047
240.10000672340394,-72.8013726477327,-72.8013726477327
240.11000672340393,-72.80007429293236,-72.80007429293236
240.12000672340392,-72.79878000342977,-72.79878000342977
240.13000672340394,-72.79749001557892,-72.79749001557892
240.14000672340393,-72.796204561857,-72.796204561857
240.15000672340392,-72.79492387089758,-72.79492387089758
240.16000672340394,-72.7936481675407,-72.7936481675407
240.17000672340393,-72.79237767286267,-72.79237767286267
240.18000672340392,-72.79111260421902,-72.79111260421902
240.19000672340394,-72.78985317527757,-72.78985317527757
240.20000672340393,-72.78859959606883,-72.78859959606883
240.21000672340392,-72.78734573628971,-72.78734573628971
240.22000672340394,-72.78608903295007,-72.78608903295007
240.23000672340393,-72.7848283461947,-72.7848283461947
240.24000672340392,-72.78356319286604,-72.78356319286604
240.25000672340394,-72.78229345405244,-72.78229345405244
240.26000672340393,-72.78101922315551,-72.78101922315551
240.27000672340392,-72.77974071680181,-72.77974071680181
240.28000672340394,-72.7784582212904,-72.7784582212904
240.29000672340393,-72.777172060405,-72.777172060405
240.30000672340392,-72.77588257612048,-72.77588257612048
240.31000672340394,-72.77459011712713,-72.77459011712713
240.32000672340394,-72.77329503208753,-72.77329503208753
240.33000672340393,-72.77199766585706,-72.77199766585706
240.34000672340392,-72.77069835738341,-72.77069835738341
240.35000672340394,-72.76939743872558,-72.76939743872558
240.36000672340393,-72.76809523470253,-72.76809523470253
240.37000672340392,-72.7667920628685,-72.7667920628685
240.38000672340394,-72.76548823373207,-72.76548823373207
240.39000672340393,-72.76418405106678,-72.76418405106678
240.40000672340392,-72.76287981225292,-72.76287981225292
240.41000672340394,-72.76157580863618,-72.76157580863618
240.42000672340393,-72.76027232586695,-72.76027232586695
240.43000672340392,-72.75896964420518,-72.75896964420518
240.44000672340394,-72.75766803883137,-72.75766803883137
240.45000672340393,-72.75636778006314,-72.75636778006314
240.46000672340392,-72.75506913362351,-72.75506913362351
240.47000672340394,-72.7537723607905,-72.7537723607905
240.48000672340393,-72.75247771862256,-72.75247771862256
240.49000672340392,-72.75118546007369,-72.75118546007369
240.50000672340394,-72.74989583415278,-72.74989583415278
240.51000672340393,-72.7486090860064,-72.7486090860064
240.52000672340392,-72.74732545704859,-72.74732545704859
240.53000672340394,-72.74604518504864,-72.74604518504864
240.54000672340393,-72.74476850418301,-72.74476850418301
240.5500067472458,-72.74349564211597,-72.74349564211597
240.56000674724578,-72.74222683214373,-72.74222683214373
240.5700067472458,-72.74096229509018,-72.74096229509018
240.5800067472458,-72.73970225145548,-72.73970225145548
240.59000674724578,-72.7384469184574,-72.7384469184574
240.6000067472458,-72.73719651006023,-72.73719651006023
240.6100067472458,-72.7359512370062,-72.7359512370062
240.62000674724578,-72.73471130687393,-72.73471130687393
240.6300067472458,-72.7334769240696,-72.7334769240696
240.6400067472458,-72.73224828989824,-72.73224828989824
240.65000674724578,-72.7310256025739,-72.7310256025739
240.6600067472458,-72.72980905724702,-72.72980905724702
240.6700067472458,-72.72859884603787,-72.72859884603787
240.68000674724578,-72.7273951580596,-72.7273951580596
240.69000674724577,-72.72619817944177,-72.72619817944177
240.7000067472458,-72.72500809336168,-72.72500809336168
240.71000674724579,-72.72382508005825,-72.72382508005825
240.72000674724578,-72.7226493168727,-72.7226493168727
240.7300067472458,-72.72148097824541,-72.72148097824541
240.7400067472458,-72.72032023577748,-72.72032023577748
240.75000674724578,-72.71916725822251,-72.71916725822251
240.7600067472458,-72.71802221152926,-72.71802221152926
240.7700067472458,-72.71688525885523,-72.71688525885523
240.78000674724578,-72.71575656060219,-72.71575656060219
240.7900067472458,-72.71463627441679,-72.71463627441679
240.8000067472458,-72.71352455524149,-72.71352455524149
240.81000674724578,-72.71242155533169,-72.71242155533169
240.8200067472458,-72.71132742426609,-72.71132742426609
240.8300067472458,-72.7102423089838,-72.7102423089838
240.84000674724578,-72.70916635381187,-72.70916635381187
240.8500067472458,-72.70809970047928,-72.70809970047928
240.8600067472458,-72.70704248813998,-72.70704248813998
240.87000674724578,-72.70599485342596,-72.70599485342596
240.8800067472458,-72.70495693042669,-72.70495693042669
240.8900067472458,-72.70392885075002,-72.70392885075002
240.90000674724578,-72.70291074353416,-72.70291074353416
240.9100067472458,-72.70190273547277,-72.70190273547277
240.9200067472458,-72.70090495084554,-72.70090495084554
240.93000674724578,-72.69991751153381,-72.69991751153381
240.94000674724577,-72.69894053704817,-72.69894053704817
240.9500067472458,-72.6979741445693,-72.6979741445693
240.96000674724579,-72.69701844894789,-72.69701844894789
240.97000674724578,-72.69607356275154,-72.69607356275154
240.9800067472458,-72.69513959628068,-72.69513959628068
240.9900067472458,-72.6942166575813,-72.6942166575813
241.00000674724578,-72.69330485250623,-72.69330485250623
241.0100067472458,-72.69240428470782,-72.69240428470782
241.0200067472458,-72.6915150556609,-72.6915150556609
241.03000674724578,-72.6906372647145,-72.6906372647145
241.0400067472458,-72.68977100909504,-72.68977100909504
241.0500067472458,-72.68891638394369,-72.68891638394369
241.06000674724578,-72.6880734823361,-72.6880734823361
241.0700067472458,-72.68724239530364,-72.68724239530364
241.0800067472458,-72.68642321186798,-72.68642321186798
241.09000674724578,-72.68561601904828,-72.68561601904828
241.1000067472458,-72.6848209019098,-72.6848209019098
241.1100067472458,-72.68403794356367,-72.68403794356367
241.12000674724578,-72.68326722521807,-72.68326722521807
241.1300067472458,-72.6825088261704,-72.6825088261704
241.1400067472458,-72.68176282385977,-72.68176282385977
241.15000674724578,-72.681029293871,-72.681029293871
241.1600067472458,-72.68030830997617,-72.68030830997617
241.1700067472458,-72.67959994414188,-72.67959994414188
241.18000674724578,-72.67890426654984,-72.67890426654984
241.19000674724577,-72.67822134565687,-72.67822134565687
241.2000067472458,-72.67755124816749,-72.67755124816749
241.21000674724579,-72.6768940390727,-72.6768940390727
241.22000674724578,-72.67624978171061,-72.67624978171061
241.2300067472458,-72.67561853772878,-72.67561853772878
241.2400067472458,-72.67500036715077,-72.67500036715077
241.25000674724578,-72.6743953283728,-72.6743953283728
241.2600067472458,-72.67380347820584,-72.67380347820584
241.2700067472458,-72.67322487188262,-72.67322487188262
241.28000674724578,-72.67265956308725,-72.67265956308725
241.2900067472458,-72.67210760397235,-72.67210760397235
241.3000067472458,-72.67156904518458,-72.67156904518458
241.31000674724578,-72.67104393586823,-72.67104393586823
241.3200067472458,-72.67053232370985,-72.67053232370985
241.3300067472458,-72.67003425495277,-72.67003425495277
241.34000674724578,-72.66954977441127,-72.66954977441127
241.3500067472458,-72.66907892549246,-72.66907892549246
241.3600067472458,-72.66862175021485,-72.66862175021485
241.37000674724578,-72.66817828922368,-72.66817828922368
241.3800067472458,-72.66774858183346,-72.66774858183346
241.3900067472458,-72.66733266602114,-72.66733266602114
241.40000677108765,-72.6669305774985,-72.6669305774985
241.41000677108764,-72.66654235360092,-72.66654235360092
241.42000677108766,-72.66616802742057,-72.66616802742057
241.43000677108765,-72.66580763182014,-72.66580763182014
241.44000677108764,-72.66546119841654,-72.66546119841654
241.45000677108766,-72.6651287576151,-72.6651287576151
241.46000677108765,-72.66480401048658,-72.66480401048658
241.47000677108764,-72.66448422177385,-72.66448422177385
241.48000677108766,-72.66416807941921,-72.66416807941921
241.49000677108765,-72.66385492935443,-72.66385492935443
241.50000677108764,-72.66354448348471,-72.66354448348471
241.51000677108766,-72.6632366680185,-72.6632366680185
241.52000677108765,-72.66293153444308,-72.66293153444308
241.53000677108764,-72.66262920607758,-72.66262920607758
241.54000677108763,-72.66232984589539,-72.66232984589539
241.55000677108765,-72.66203363724551,-72.66203363724551
241.56000677108764,-72.66174077234882,-72.66174077234882
241.57000677108763,-72.66145144560488,-72.66145144560488
241.58000677108765,-72.66116584973523,-72.66116584973523
241.59000677108764,-72.66088417369195,-72.66088417369195
241.60000677108764,-72.66060660167224,-72.66060660167224
241.61000677108765,-72.66033331272105,-72.66033331272105
241.62000677108765,-72.66006448069363,-72.66006448069363
241.63000677108764,-72.65980027446884,-72.65980027446884
241.64000677108766,-72.65954085820421,-72.65954085820421
241.65000677108765,-72.65928639170082,-72.65928639170082
241.66000677108764,-72.65903703068403,-72.65903703068403
241.67000677108766,-72.65879292718239,-72.65879292718239
241.68000677108765,-72.65855422976688,-72.65855422976688
241.69000677108764,-72.65832108383543,-72.65832108383543
241.70000677108766,-72.65809363185504,-72.65809363185504
241.71000677108765,-72.65786568576986,-72.65786568576986
241.72000677108764,-72.65763461946905,-72.65763461946905
241.73000677108766,-72.65739922864904,-72.65739922864904
241.74000677108765,-72.65715896582853,-72.65715896582853
241.75000677108764,-72.6569136484795,-72.6569136484795
241.76000677108766,-72.65666330739599,-72.65666330739599
241.77000677108765,-72.65640809782462,-72.65640809782462
241.78000677108764,-72.65614824601347,-72.65614824601347
241.79000677108763,-72.65588401711206,-72.65588401711206
241.80000677108765,-72.65561569592063,-72.65561569592063
241.81000677108764,-72.65534357543123,-72.65534357543123
241.82000677108763,-72.65506795010616,-72.65506795010616
241.83000677108765,-72.65478911207336,-72.65478911207336
241.84000677108764,-72.65450734903393,-72.65450734903393
241.85000677108764,-72.65422294325754,-72.65422294325754
241.86000677108765,-72.65393617119896,-72.65393617119896
241.87000677108765,-72.65364730347444,-72.65364730347444
241.88000677108764,-72.65335660503358,-72.65335660503358
241.89000677108766,-72.65306433544163,-72.65306433544163
241.90000677108765,-72.65277074921076,-72.65277074921076
241.91000677108764,-72.65247609610934,-72.65247609610934
241.92000677108766,-72.65218062147306,-72.65218062147306
241.93000677108765,-72.65188456650166,-72.65188456650166
241.94000677108764,-72.65158816848515,-72.65158816848515
241.95000677108766,-72.6512916610584,-72.6512916610584
241.96000677108765,-72.65098894752022,-72.65098894752022
241.97000677108764,-72.65067749200009,-72.65067749200009
241.98000677108766,-72.65035617954383,-72.65035617954383
241.99000677108765,-72.650024551166,-72.650024551166
242.00000677108764,-72.64968251202322,-72.64968251202322
242.01000677108766,-72.64933017982614,-72.64933017982614
242.02000677108765,-72.6489677959311,-72.6489677959311
242.03000677108764,-72.6485956719325,-72.6485956719325
242.04000677108763,-72.64821415754845,-72.64821415754845
242.05000677108765,-72.64782362135327,-72.64782362135327
242.06000677108764,-72.64742443933113,-72.64742443933113
242.07000677108763,-72.64701698814319,-72.64701698814319
242.08000677108765,-72.64660164133139,-72.64660164133139
242.09000677108764,-72.6461787671909,-72.6461787671909
242.10000677108764,-72.6457487278011,-72.6457487278011
242.11000677108765,-72.64531187860365,-72.64531187860365
242.12000677108765,-72.64486856837705,-72.64486856837705
242.13000677108764,-72.64441913943628,-72.64441913943628
242.14000677108766,-72.64396392788562,-72.64396392788562
242.15000677108765,-72.64350326395552,-72.64350326395552
242.16000677108764,-72.64303747229873,-72.64303747229873
242.17000677108766,-72.64256687233036,-72.64256687233036
242.18000677108765,-72.64209177847448,-72.64209177847448
242.19000677108764,-72.64161250045468,-72.64161250045468
242.20000677108766,-72.64112934349092,-72.64112934349092
242.21000677108765,-72.64063628323926,-72.64063628323926
242.22000677108764,-72.64013085489235,-72.64013085489235
242.23000677108766,-72.63961201348113,-72.63961201348113
242.24000677108765,-72.6390793690881,-72.6390793690881
242.2500067949295,-72.63853289374143,-72.63853289374143
242.2600067949295,-72.6379727749985,-72.6379727749985
242.27000679492951,-72.63739931944858,-72.63739931944858
242.2800067949295,-72.63681290431552,-72.63681290431552
242.2900067949295,-72.63621394412655,-72.63621394412655
242.30000679492952,-72.6356028714739,-72.6356028714739
242.3100067949295,-72.63498012552364,-72.63498012552364
242.3200067949295,-72.63434614536261,-72.63434614536261
242.33000679492952,-72.63370136610862,-72.63370136610862
242.3400067949295,-72.6330462168867,-72.6330462168867
242.3500067949295,-72.63238111979173,-72.63238111979173
242.36000679492952,-72.63170648951152,-72.63170648951152
242.3700067949295,-72.63102273330402,-72.63102273330402
242.3800067949295,-72.63033025116731,-72.63033025116731
242.3900067949295,-72.6296294361445,-72.6296294361445
242.4000067949295,-72.6289206746254,-72.6289206746254
242.4100067949295,-72.62820434668649,-72.62820434668649
242.4200067949295,-72.62748082639895,-72.62748082639895
242.4300067949295,-72.62675048210798,-72.62675048210798
242.4400067949295,-72.62601367672433,-72.62601367672433
242.4500067949295,-72.62527076791186,-72.62527076791186
242.4600067949295,-72.62451578541096,-72.62451578541096
242.4700067949295,-72.62374631704772,-72.62374631704772
242.4800067949295,-72.6229613694398,-72.6229613694398
242.4900067949295,-72.6221606033624,-72.6221606033624
242.5000067949295,-72.62134404202335,-72.62134404202335
242.5100067949295,-72.62051191955013,-72.62051191955013
242.52000679492951,-72.61966459214318,-72.61966459214318
242.5300067949295,-72.61880248468026,-72.61880248468026
242.5400067949295,-72.61792605863756,-72.61792605863756
242.55000679492952,-72.61703579283045,-72.61703579283045
242.5600067949295,-72.61613217199684,-72.61613217199684
242.5700067949295,-72.6152156800778,-72.6152156800778
242.58000679492952,-72.61428679639454,-72.61428679639454
242.5900067949295,-72.61334599359266,-72.61334599359266
242.6000067949295,-72.6123937366595,-72.6123937366595
242.61000679492952,-72.61143048249946,-72.61143048249946
242.6200067949295,-72.61045667996261,-72.61045667996261
242.6300067949295,-72.60947277000942,-72.60947277000942
242.6400067949295,-72.60847918601158,-72.60847918601158
242.6500067949295,-72.60747635407954,-72.60747635407954
242.6600067949295,-72.60646469339679,-72.60646469339679
242.6700067949295,-72.60544461653434,-72.60544461653434
242.6800067949295,-72.60441652976382,-72.60441652976382
242.6900067949295,-72.60338083331382,-72.60338083331382
242.7000067949295,-72.6023379215967,-72.6023379215967
242.7100067949295,-72.60128186366805,-72.60128186366805
242.7200067949295,-72.60021028506014,-72.60021028506014
242.7300067949295,-72.59912222906596,-72.59912222906596
242.7400067949295,-72.59801739233949,-72.59801739233949
242.7500067949295,-72.59689583327933,-72.59689583327933
242.7600067949295,-72.59575782057088,-72.59575782057088
242.77000679492951,-72.59460374433844,-72.59460374433844
242.7800067949295,-72.5934340628134,-72.5934340628134
242.7900067949295,-72.59224927024552,-72.59224927024552
242.80000679492952,-72.59104987767194,-72.59104987767194
242.8100067949295,-72.58983640148905,-72.58983640148905
242.8200067949295,-72.58860935675565,-72.58860935675565
242.83000679492952,-72.58736925339043,-72.58736925339043
242.8400067949295,-72.58611659411841,-72.58611659411841
242.8500067949295,-72.58485187347165,-72.58485187347165
242.86000679492952,-72.58357557741547,-72.58357557741547
242.8700067949295,-72.58228818335186,-72.58228818335186
242.8800067949295,-72.58099016031154,-72.58099016031154
242.8900067949295,-72.57968196925276,-72.57968196925276
242.9000067949295,-72.57836406340846,-72.57836406340846
242.9100067949295,-72.57703688860803,-72.57703688860803
242.9200067949295,-72.57570088362819,-72.57570088362819
242.9300067949295,-72.57435648048195,-72.57435648048195
242.9400067949295,-72.57300410469783,-72.57300410469783
242.9500067949295,-72.57164417556595,-72.57164417556595
242.9600067949295,-72.57027710635458,-72.57027710635458
242.9700067949295,-72.5689033044918,-72.5689033044918
242.9800067949295,-72.5675231717493,-72.5675231717493
242.9900067949295,-72.566137104353,-72.566137104353
243.0000067949295,-72.56474549314423,-72.56474549314423
243.0100067949295,-72.56334872366928,-72.56334872366928
243.02000679492951,-72.56194717628661,-72.56194717628661
243.0300067949295,-72.56054122624798,-72.56054122624798
243.0400067949295,-72.55913124375353,-72.55913124375353
243.05000679492952,-72.55771759404891,-72.55771759404891
243.0600067949295,-72.55630063746595,-72.55630063746595
243.0700067949295,-72.55488072947625,-72.55488072947625
243.08000679492952,-72.55345822075128,-72.55345822075128
243.0900067949295,-72.55203345718101,-72.55203345718101
243.10000681877136,-72.55060677656252,-72.55060677656252
243.11000681877135,-72.54917852217119,-72.54917852217119
243.12000681877137,-72.54774902248285,-72.54774902248285
243.13000681877136,-72.54631860473509,-72.54631860473509
243.14000681877135,-72.54488759159352,-72.54488759159352
243.15000681877137,-72.54345630118249,-72.54345630118249
243.16000681877136,-72.54202504710648,-72.54202504710648
243.17000681877136,-72.54059413849747,-72.54059413849747
243.18000681877137,-72.53916388004625,-72.53916388004625
243.19000681877137,-72.53773457201045,-72.53773457201045
243.20000681877136,-72.53630651028777,-72.53630651028777
243.21000681877138,-72.53487367397659,-72.53487367397659
243.22000681877137,-72.5334335967173,-72.5334335967173
243.23000681877136,-72.53198522954021,-72.53198522954021
243.24000681877135,-72.53052817702853,-72.53052817702853
243.25000681877137,-72.52906240587625,-72.52906240587625
243.26000681877136,-72.52758809346665,-72.52758809346665
243.27000681877135,-72.52610553905346,-72.52610553905346
243.28000681877137,-72.52461511043174,-72.52461511043174
243.29000681877136,-72.52311721179245,-72.52311721179245
243.30000681877135,-72.52161226452549,-72.52161226452549
243.31000681877137,-72.52010069576386,-72.52010069576386
243.32000681877136,-72.51858293169876,-72.51858293169876
243.33000681877135,-72.51705939376771,-72.51705939376771
243.34000681877137,-72.51553049660447,-72.51553049660447
243.35000681877136,-72.51399664705191,-72.51399664705191
243.36000681877135,-72.51245824380489,-72.51245824380489
243.37000681877137,-72.51091567741621,-72.51091567741621
243.38000681877136,-72.50936933049873,-72.50936933049873
243.39000681877135,-72.50781957805323,-72.50781957805323
243.40000681877137,-72.50626678780858,-72.50626678780858
243.41000681877136,-72.5047113205765,-72.5047113205765
243.42000681877136,-72.50315353060309,-72.50315353060309
243.43000681877137,-72.50159376589657,-72.50159376589657
243.44000681877137,-72.5000323684884,-72.5000323684884
243.45000681877136,-72.49846967472442,-72.49846967472442
243.46000681877138,-72.49690601546801,-72.49690601546801
243.47000681877137,-72.49534171632114,-72.49534171632114
243.48000681877136,-72.4937770978056,-72.4937770978056
243.49000681877135,-72.49221247549895,-72.49221247549895
243.50000681877137,-72.49064816019084,-72.49064816019084
243.51000681877136,-72.48908445800134,-72.48908445800134
243.52000681877135,-72.48752167047881,-72.48752167047881
243.53000681877137,-72.48596009470575,-72.48596009470575
243.54000681877136,-72.48440002337529,-72.48440002337529
243.55000681877135,-72.48284174488084,-72.48284174488084
243.56000681877137,-72.48128554334573,-72.48128554334573
243.57000681877136,-72.4797316987416,-72.4797316987416
243.58000681877135,-72.47818048688801,-72.47818048688801
243.59000681877137,-72.47663217954741,-72.47663217954741
243.60000681877136,-72.47508704444994,-72.47508704444994
243.61000681877135,-72.4735453453295,-72.4735453453295
243.62000681877137,-72.47200734198908,-72.47200734198908
243.63000681877136,-72.47047329033717,-72.47047329033717
243.64000681877135,-72.46894344239502,-72.46894344239502
243.65000681877137,-72.46741804637033,-72.46741804637033
243.66000681877136,-72.46589734667843,-72.46589734667843
243.67000681877136,-72.46438158396897,-72.46438158396897
243.68000681877137,-72.46287099516758,-72.46287099516758
243.69000681877137,-72.46136581351125,-72.46136581351125
243.70000681877136,-72.45986626856745,-72.45986626856745
243.71000681877138,-72.4583725862816,-72.4583725862816
243.72000681877137,-72.45688498899985,-72.45688498899985
243.73000681877136,-72.45540369549512,-72.45540369549512
243.74000681877135,-72.45392892101664,-72.45392892101664
243.75000681877137,-72.45246087731144,-72.45246087731144
243.76000681877136,-72.45099977264553,-72.45099977264553
243.77000681877135,-72.44954581184882,-72.44954581184882
243.78000681877137,-72.44809919634892,-72.44809919634892
243.79000681877136,-72.44666012419144,-72.44666012419144
243.80000681877135,-72.44522879007398,-72.44522879007398
243.81000681877137,-72.44380538538552,-72.44380538538552
243.82000681877136,-72.44239009822532,-72.44239009822532
243.83000681877135,-72.44098311344894,-72.44098311344894
243.84000681877137,-72.43958461269014,-72.43958461269014
243.85000681877136,-72.43819477440357,-72.43819477440357
243.86000681877135,-72.43681377388401,-72.43681377388401
243.87000681877137,-72.43544178330211,-72.43544178330211
243.88000681877136,-72.43407897173834,-72.43407897173834
243.89000681877135,-72.43272550522903,-72.43272550522903
243.90000681877137,-72.43138154676808,-72.43138154676808
243.91000681877136,-72.43004725636058,-72.43004725636058
243.92000681877136,-72.42872279106079,-72.42872279106079
243.93000681877137,-72.42740830498794,-72.42740830498794
243.94000681877137,-72.42610394935804,-72.42610394935804
243.95000684261322,-72.42480986945557,-72.42480986945557
243.9600068426132,-72.42351991433951,-72.42351991433951
243.97000684261323,-72.42223147458324,-72.42223147458324
243.98000684261322,-72.42094336062179,-72.42094336062179
243.9900068426132,-72.41965503698007,-72.41965503698007
244.00000684261323,-72.41836633123518,-72.41836633123518
244.01000684261322,-72.41707728281087,-72.41707728281087
244.0200068426132,-72.41578805427628,-72.41578805427628
244.03000684261323,-72.414498878051,-72.414498878051
244.04000684261322,-72.41321002436216,-72.41321002436216
244.05000684261321,-72.41192178200563,-72.41192178200563
244.06000684261323,-72.41063444694058,-72.41063444694058
244.07000684261322,-72.40934831560968,-72.40934831560968
244.08000684261322,-72.40806368111971,-72.40806368111971
244.0900068426132,-72.40678083121533,-72.40678083121533
244.10000684261323,-72.4055000472839,-72.4055000472839
244.11000684261322,-72.40422160399491,-72.40422160399491
244.1200068426132,-72.40294576930265,-72.40294576930265
244.13000684261323,-72.4016728046743,-72.4016728046743
244.14000684261322,-72.40040296537234,-72.40040296537234
244.1500068426132,-72.3991365008243,-72.3991365008243
244.16000684261323,-72.3978736549737,-72.3978736549737
244.17000684261322,-72.3966146665952,-72.3966146665952
244.1800068426132,-72.39535976964585,-72.39535976964585
244.19000684261323,-72.39410919352699,-72.39410919352699
244.20000684261322,-72.3928631633294,-72.3928631633294
244.2100068426132,-72.39162190008275,-72.39162190008275
244.22000684261323,-72.39038562092081,-72.39038562092081
244.23000684261322,-72.38915453928199,-72.38915453928199
244.2400068426132,-72.38792886503359,-72.38792886503359
244.25000684261323,-72.38670880461983,-72.38670880461983
244.26000684261322,-72.38549456115625,-72.38549456115625
244.2700068426132,-72.38428633454303,-72.38428633454303
244.28000684261323,-72.3830843215405,-72.3830843215405
244.29000684261322,-72.38188871584568,-72.38188871584568
244.30000684261321,-72.38069970815809,-72.38069970815809
244.31000684261323,-72.37951748624162,-72.37951748624162
244.32000684261322,-72.37834223496118,-72.37834223496118
244.33000684261322,-72.37717413633987,-72.37717413633987
244.3400068426132,-72.37601336960114,-72.37601336960114
244.35000684261323,-72.37486011118932,-72.37486011118932
244.36000684261322,-72.37371453482628,-72.37371453482628
244.3700068426132,-72.3725768115079,-72.3725768115079
244.38000684261323,-72.37144710956966,-72.37144710956966
244.39000684261322,-72.37032559468591,-72.37032559468591
244.4000068426132,-72.36921242990141,-72.36921242990141
244.41000684261323,-72.36810777566697,-72.36810777566697
244.42000684261322,-72.36701178983782,-72.36701178983782
244.4300068426132,-72.36592462771065,-72.36592462771065
244.44000684261323,-72.36484644204737,-72.36484644204737
244.45000684261322,-72.36377738307918,-72.36377738307918
244.4600068426132,-72.36271130076061,-72.36271130076061
244.47000684261323,-72.36164559314143,-72.36164559314143
244.48000684261322,-72.36057907419294,-72.36057907419294
244.4900068426132,-72.3595112117311,-72.3595112117311
244.50000684261323,-72.35844183662488,-72.35844183662488
244.51000684261322,-72.35737099168698,-72.35737099168698
244.5200068426132,-72.35629884305168,-72.35629884305168
244.53000684261323,-72.3552256268969,-72.3552256268969
244.54000684261322,-72.35415161740447,-72.35415161740447
244.55000684261321,-72.3530771075623,-72.3530771075623
244.56000684261323,-72.35200239770995,-72.35200239770995
244.57000684261322,-72.35092778888799,-72.35092778888799
244.58000684261322,-72.34985357899714,-72.34985357899714
244.5900068426132,-72.34878006075526,-72.34878006075526
244.60000684261323,-72.34770752070293,-72.34770752070293
244.61000684261322,-72.34663623882422,-72.34663623882422
244.6200068426132,-72.3455664885522,-72.3455664885522
244.63000684261323,-72.34449853696754,-72.34449853696754
244.64000684261322,-72.34343264509064,-72.34343264509064
244.6500068426132,-72.34236906821684,-72.34236906821684
244.66000684261323,-72.34130805628412,-72.34130805628412
244.67000684261322,-72.34024985417865,-72.34024985417865
244.6800068426132,-72.33919470205332,-72.33919470205332
244.69000684261323,-72.33814283558733,-72.33814283558733
244.70000684261322,-72.33709448625629,-72.33709448625629
244.7100068426132,-72.33604988152472,-72.33604988152472
244.72000684261323,-72.3350092450455,-72.3350092450455
244.73000684261322,-72.33397279682411,-72.33397279682411
244.7400068426132,-72.33294075336806,-72.33294075336806
244.75000684261323,-72.33191332777862,-72.33191332777862
244.76000684261322,-72.33089072989848,-72.33089072989848
244.7700068426132,-72.32987316637133,-72.32987316637133
244.78000684261323,-72.32886084073498,-72.32886084073498
244.79000684261322,-72.32785395350614,-72.32785395350614
244.80000686645508,-72.32685269982004,-72.32685269982004
244.81000686645507,-72.32585727905996,-72.32585727905996
244.8200068664551,-72.32486788053951,-72.32486788053951
244.83000686645508,-72.32388469315252,-72.32388469315252
244.84000686645507,-72.32290790297246,-72.32290790297246
244.8500068664551,-72.32193769330229,-72.32193769330229
244.86000686645508,-72.32097424471489,-72.32097424471489
244.87000686645507,-72.32001773506046,-72.32001773506046
244.8800068664551,-72.31906833950492,-72.31906833950492
244.89000686645508,-72.3181262305336,-72.3181262305336
244.90000686645507,-72.3171915779993,-72.3171915779993
244.9100068664551,-72.31626454912087,-72.31626454912087
244.92000686645508,-72.31534530851101,-72.31534530851101
244.93000686645507,-72.31443401819737,-72.31443401819737
244.94000686645506,-72.31353083764233,-72.31353083764233
244.95000686645508,-72.31263592374656,-72.31263592374656
244.96000686645507,-72.31174943087935,-72.31174943087935
244.97000686645507,-72.31087151089916,-72.31087151089916
244.98000686645508,-72.31000231315637,-72.31000231315637
244.99000686645508,-72.30914198452403,-72.30914198452403
245.00000686645507,-72.30829066940969,-72.30829066940969
245.0100068664551,-72.3074485097745,-72.3074485097745
245.02000686645508,-72.30661564515202,-72.30661564515202
245.03000686645507,-72.30579221265546,-72.30579221265546
245.0400068664551,-72.30497834702084,-72.30497834702084
245.05000686645508,-72.30417418059407,-72.30417418059407
245.06000686645507,-72.30337984337538,-72.30337984337538
245.0700068664551,-72.30259546301689,-72.30259546301689
245.08000686645508,-72.30182116485705,-72.30182116485705
245.09000686645507,-72.30105707193715,-72.30105707193715
245.1000068664551,-72.30030330501454,-72.30030330501454
245.11000686645508,-72.2995599825825,-72.2995599825825
245.12000686645507,-72.29882722089147,-72.29882722089147
245.1300068664551,-72.29810513397929,-72.29810513397929
245.14000686645508,-72.29739383368232,-72.29739383368232
245.15000686645507,-72.29669342964435,-72.29669342964435
245.1600068664551,-72.2960040293527,-72.2960040293527
245.17000686645508,-72.29532573816498,-72.29532573816498
245.18000686645507,-72.29465865930385,-72.29465865930385
245.19000686645506,-72.29400289390516,-72.29400289390516
245.20000686645508,-72.29335854101633,-72.29335854101633
245.21000686645507,-72.29272569763671,-72.29272569763671
245.22000686645507,-72.2921044587304,-72.2921044587304
245.23000686645508,-72.29149491724029,-72.29149491724029
245.24000686645508,-72.29089716411674,-72.29089716411674
245.25000686645507,-72.29031128835113,-72.29031128835113
245.2600068664551,-72.28973737696593,-72.28973737696593
245.27000686645508,-72.28917551506697,-72.28917551506697
245.28000686645507,-72.28862578584719,-72.28862578584719
245.2900068664551,-72.288088270616,-72.288088270616
245.30000686645508,-72.2875630488145,-72.2875630488145
245.31000686645507,-72.28705019804062,-72.28705019804062
245.3200068664551,-72.28654979407855,-72.28654979407855
245.33000686645508,-72.28606191089898,-72.28606191089898
245.34000686645507,-72.28558662070175,-72.28558662070175
245.3500068664551,-72.28512399392083,-72.28512399392083
245.36000686645508,-72.28467409925658,-72.28467409925658
245.37000686645507,-72.2842370037047,-72.2842370037047
245.3800068664551,-72.28381277254793,-72.28381277254793
245.39000686645508,-72.28340146940829,-72.28340146940829
245.40000686645507,-72.28300315624011,-72.28300315624011
245.4100068664551,-72.28261789337988,-72.28261789337988
245.42000686645508,-72.28224573954674,-72.28224573954674
245.43000686645507,-72.28188675186847,-72.28188675186847
245.44000686645506,-72.28154098589926,-72.28154098589926
245.45000686645508,-72.28120849564507,-72.28120849564507
245.46000686645507,-72.28088933358232,-72.28088933358232
245.47000686645507,-72.28058355067749,-72.28058355067749
245.48000686645508,-72.28029119640813,-72.28029119640813
245.49000686645508,-72.28001231878011,-72.28001231878011
245.50000686645507,-72.27974696434026,-72.27974696434026
245.5100068664551,-72.27949517821625,-72.27949517821625
245.52000686645508,-72.27925700411933,-72.27925700411933
245.53000686645507,-72.27903248435737,-72.27903248435737
245.5400068664551,-72.27882165988761,-72.27882165988761
245.55000686645508,-72.27862457028641,-72.27862457028641
245.56000686645507,-72.27844125381185,-72.27844125381185
245.5700068664551,-72.27827174739706,-72.27827174739706
245.58000686645508,-72.27811608668033,-72.27811608668033
245.59000686645507,-72.27797430600711,-72.27797430600711
245.6000068664551,-72.27784643848425,-72.27784643848425
245.61000686645508,-72.277732515947,-72.277732515947
245.62000686645507,-72.2776325690116,-72.2776325690116
245.6300068664551,-72.27754662709035,-72.27754662709035
245.64000686645508,-72.2774747184037,-72.2774747184037
245.65000689029694,-72.27741686985526,-72.27741686985526
245.66000689029693,-72.27737310764088,-72.27737310764088
245.67000689029695,-72.2773434563128,-72.2773434563128
245.68000689029694,-72.2773279394896,-72.2773279394896
245.69000689029693,-72.27732657968852,-72.27732657968852
245.70000689029695,-72.27733939832335,-72.27733939832335
245.71000689029694,-72.27736641572764,-72.27736641572764
245.72000689029693,-72.27740765118786,-72.27740765118786
245.73000689029695,-72.27746312293607,-72.27746312293607
245.74000689029694,-72.27753284818058,-72.27753284818058
245.75000689029693,-72.27761684311687,-72.27761684311687
245.76000689029695,-72.27771512294814,-72.27771512294814
245.77000689029694,-72.27782770187615,-72.27782770187615
245.78000689029693,-72.27795459315104,-72.27795459315104
245.79000689029692,-72.27809580905765,-72.27809580905765
245.80000689029694,-72.27825136096239,-72.27825136096239
245.81000689029693,-72.27842125928746,-72.27842125928746
245.82000689029692,-72.27860551355758,-72.27860551355758
245.83000689029694,-72.27880413239053,-72.27880413239053
245.84000689029693,-72.27901712352539,-72.27901712352539
245.85000689029692,-72.27924449384257,-72.27924449384257
245.86000689029694,-72.27948624935053,-72.27948624935053
245.87000689029693,-72.27974239522766,-72.27974239522766
245.88000689029693,-72.28001293582352,-72.28001293582352
245.89000689029695,-72.28029787467446,-72.28029787467446
245.90000689029694,-72.28059721450433,-72.28059721450433
245.91000689029693,-72.2809109572539,-72.2809109572539
245.92000689029695,-72.28123910408237,-72.28123910408237
245.93000689029694,-72.2815816553937,-72.2815816553937
245.94000689029693,-72.2819386108258,-72.2819386108258
245.95000689029695,-72.2823099692901,-72.2823099692901
245.96000689029694,-72.28269572895574,-72.28269572895574
245.97000689029693,-72.28309588727925,-72.28309588727925
245.98000689029695,-72.28351044101713,-72.28351044101713
245.99000689029694,-72.2839393862245,-72.2839393862245
246.00000689029693,-72.28438271827758,-72.28438271827758
246.01000689029695,-72.28484043188764,-72.28484043188764
246.02000689029694,-72.28531252109035,-72.28531252109035
246.03000689029693,-72.28579897928238,-72.28579897928238
246.04000689029692,-72.28629979921585,-72.28629979921585
246.05000689029694,-72.28681497301524,-72.28681497301524
246.06000689029693,-72.28734449219449,-72.28734449219449
246.07000689029692,-72.28788834765486,-72.28788834765486
246.08000689029694,-72.28844652969453,-72.28844652969453
246.09000689029693,-72.28901902802917,-72.28901902802917
246.10000689029692,-72.28960583179294,-72.28960583179294
246.11000689029694,-72.2902069295627,-72.2902069295627
246.12000689029693,-72.29082230934385,-72.29082230934385
246.13000689029693,-72.29145195859397,-72.29145195859397
246.14000689029695,-72.29209586423767,-72.29209586423767
246.15000689029694,-72.29275401267034,-72.29275401267034
246.16000689029693,-72.29342638975257,-72.29342638975257
246.17000689029695,-72.29411298084923,-72.29411298084923
246.18000689029694,-72.29481377081204,-72.29481377081204
246.19000689029693,-72.29552874399728,-72.29552874399728
246.20000689029695,-72.29625788428079,-72.29625788428079
246.21000689029694,-72.29700117504674,-72.29700117504674
246.22000689029693,-72.29775859923043,-72.29775859923043
246.23000689029695,-72.29853013929555,-72.29853013929555
246.24000689029694,-72.2993157772489,-72.2993157772489
246.25000689029693,-72.30011549465097,-72.30011549465097
246.26000689029695,-72.30092927263254,-72.30092927263254
246.27000689029694,-72.30175709189717,-72.30175709189717
246.28000689029693,-72.30259893271388,-72.30259893271388
246.29000689029692,-72.30345477494633,-72.30345477494633
246.30000689029694,-72.30432459804625,-72.30432459804625
246.31000689029693,-72.30520838107441,-72.30520838107441
246.32000689029692,-72.30610610269318,-72.30610610269318
246.33000689029694,-72.30701774117674,-72.30701774117674
246.34000689029693,-72.307943274424,-72.307943274424
246.35000689029692,-72.30888267996804,-72.30888267996804
246.36000689029694,-72.30983593497474,-72.30983593497474
246.37000689029693,-72.31080301624404,-72.31080301624404
246.38000689029693,-72.31178390023435,-72.31178390023435
246.39000689029695,-72.31277856305752,-72.31277856305752
246.40000689029694,-72.31378698048891,-72.31378698048891
246.41000689029693,-72.31480912796496,-72.31480912796496
246.42000689029695,-72.31584498060963,-72.31584498060963
246.43000689029694,-72.31689451321857,-72.31689451321857
246.44000689029693,-72.31795770027634,-72.31795770027634
246.45000689029695,-72.31903451596062,-72.31903451596062
246.46000689029694,-72.32012493414013,-72.32012493414013
246.47000689029693,-72.32122892840488,-72.32122892840488
246.48000689029695,-72.32234647204558,-72.32234647204558
246.49000689029694,-72.32347753807532,-72.32347753807532
246.5000069141388,-72.32462210194672,-72.32462210194672
246.51000691413878,-72.32578013071502,-72.32578013071502
246.5200069141388,-72.32695159922824,-72.32695159922824
246.5300069141388,-72.32813647942976,-72.32813647942976
246.5400069141388,-72.32933474299016,-72.32933474299016
246.5500069141388,-72.33054636133836,-72.33054636133836
246.5600069141388,-72.33177130564046,-72.33177130564046
246.5700069141388,-72.33300954683192,-72.33300954683192
246.5800069141388,-72.33426105561244,-72.33426105561244
246.5900069141388,-72.3355258024415,-72.3355258024415
246.6000069141388,-72.33680375756526,-72.33680375756526
246.6100069141388,-72.3380948910022,-72.3380948910022
246.6200069141388,-72.33939917254564,-72.33939917254564
246.6300069141388,-72.34071657179028,-72.34071657179028
246.64000691413878,-72.34204705811113,-72.34204705811113
246.6500069141388,-72.34339060068734,-72.34339060068734
246.6600069141388,-72.3447471685022,-72.3447471685022
246.67000691413878,-72.34611673033481,-72.34611673033481
246.6800069141388,-72.34749925477423,-72.34749925477423
246.6900069141388,-72.34889471023384,-72.34889471023384
246.70000691413878,-72.35030306493955,-72.35030306493955
246.7100069141388,-72.35172428693483,-72.35172428693483
246.7200069141388,-72.3531583441038,-72.3531583441038
246.73000691413878,-72.35460520414686,-72.35460520414686
246.7400069141388,-72.35606483460168,-72.35606483460168
246.7500069141388,-72.35753720284771,-72.35753720284771
246.76000691413878,-72.35902227610397,-72.35902227610397
246.7700069141388,-72.36052002143708,-72.36052002143708
246.7800069141388,-72.36203040575438,-72.36203040575438
246.7900069141388,-72.36355339584344,-72.36355339584344
246.8000069141388,-72.36508895831878,-72.36508895831878
246.8100069141388,-72.36663705966546,-72.36663705966546
246.8200069141388,-72.36819766623647,-72.36819766623647
246.8300069141388,-72.36977074425276,-72.36977074425276
246.8400069141388,-72.37135625979286,-72.37135625979286
246.8500069141388,-72.37295417882292,-72.37295417882292
246.8600069141388,-72.37456446718926,-72.37456446718926
246.8700069141388,-72.37618709060533,-72.37618709060533
246.8800069141388,-72.37782201468066,-72.37782201468066
246.89000691413878,-72.3794692049095,-72.3794692049095
246.9000069141388,-72.38112862666944,-72.38112862666944
246.9100069141388,-72.38280024523738,-72.38280024523738
246.92000691413878,-72.38448402578945,-72.38448402578945
246.9300069141388,-72.3861799333932,-72.3861799333932
246.9400069141388,-72.38788793302763,-72.38788793302763
246.95000691413878,-72.3896079895679,-72.3896079895679
246.9600069141388,-72.39134006779764,-72.39134006779764
246.9700069141388,-72.39308413241781,-72.39308413241781
246.98000691413878,-72.39484014804685,-72.39484014804685
246.9900069141388,-72.39660807920798,-72.39660807920798
247.0000069141388,-72.39838789034825,-72.39838789034825
247.01000691413878,-72.40017954583986,-72.40017954583986
247.0200069141388,-72.40198300997409,-72.40198300997409
247.0300069141388,-72.40379824697185,-72.40379824697185
247.0400069141388,-72.4056252209807,-72.4056252209807
247.0500069141388,-72.40746389608442,-72.40746389608442
247.0600069141388,-72.4093142363102,-72.4093142363102
247.0700069141388,-72.41117620560064,-72.41117620560064
247.0800069141388,-72.41304976785312,-72.41304976785312
247.0900069141388,-72.41493488690044,-72.41493488690044
247.1000069141388,-72.41683152651636,-72.41683152651636
247.1100069141388,-72.41873965043156,-72.41873965043156
247.1200069141388,-72.42065922231973,-72.42065922231973
247.1300069141388,-72.42259020580231,-72.42259020580231
247.14000691413878,-72.42453256446046,-72.42453256446046
247.1500069141388,-72.42648626182704,-72.42648626182704
247.1600069141388,-72.42845126138785,-72.42845126138785
247.17000691413878,-72.43042752659503,-72.43042752659503
247.1800069141388,-72.43241502085968,-72.43241502085968
247.1900069141388,-72.4344137075529,-72.4344137075529
247.20000691413878,-72.43642355001677,-72.43642355001677
247.2100069141388,-72.4384445115577,-72.4384445115577
247.2200069141388,-72.4404765554492,-72.4404765554492
247.23000691413878,-72.44251964494546,-72.44251964494546
247.2400069141388,-72.444573743262,-72.444573743262
247.2500069141388,-72.44663881359624,-72.44663881359624
247.26000691413878,-72.44871481911707,-72.44871481911707
247.2700069141388,-72.45080172298024,-72.45080172298024
247.2800069141388,-72.4528994883232,-72.4528994883232
247.2900069141388,-72.45500807824918,-72.45500807824918
247.3000069141388,-72.45712745586505,-72.45712745586505
247.3100069141388,-72.45925758424762,-72.45925758424762
247.3200069141388,-72.46139842647035,-72.46139842647035
247.3300069141388,-72.46354994558875,-72.46354994558875
247.3400069141388,-72.4657121046682,-72.4657121046682
247.35000693798065,-72.46788487191591,-72.46788487191591
247.36000693798064,-72.47006820005453,-72.47006820005453
247.37000693798066,-72.47226205725093,-72.47226205725093
247.38000693798065,-72.47446640653361,-72.47446640653361
247.39000693798064,-72.47668121093226,-72.47668121093226
247.40000693798066,-72.47890643347365,-72.47890643347365
247.41000693798065,-72.48114203719614,-72.48114203719614
247.42000693798065,-72.48338798511567,-72.48338798511567
247.43000693798066,-72.48564424027884,-72.48564424027884
247.44000693798066,-72.48791076572046,-72.48791076572046
247.45000693798065,-72.49018752449085,-72.49018752449085
247.46000693798067,-72.4924744796509,-72.4924744796509
247.47000693798066,-72.49477159425847,-72.49477159425847
247.48000693798065,-72.49707883138832,-72.49707883138832
247.49000693798064,-72.49939615413686,-72.49939615413686
247.50000693798066,-72.50172352560219,-72.50172352560219
247.51000693798065,-72.50406090889965,-72.50406090889965
247.52000693798064,-72.50640826716449,-72.50640826716449
247.53000693798066,-72.50876556354783,-72.50876556354783
247.54000693798065,-72.51113276122048,-72.51113276122048
247.55000693798064,-72.5135098233571,-72.5135098233571
247.56000693798066,-72.51589671317251,-72.51589671317251
247.57000693798065,-72.51829339390265,-72.51829339390265
247.58000693798064,-72.52069982880076,-72.52069982880076
247.59000693798066,-72.52311598114225,-72.52311598114225
247.60000693798065,-72.52554181422954,-72.52554181422954
247.61000693798064,-72.52797729138734,-72.52797729138734
247.62000693798066,-72.5304223759781,-72.5304223759781
247.63000693798065,-72.53287703138058,-72.53287703138058
247.64000693798064,-72.53534122101189,-72.53534122101189
247.65000693798066,-72.53781490831534,-72.53781490831534
247.66000693798065,-72.5402980567645,-72.5402980567645
247.67000693798065,-72.5427906298753,-72.5427906298753
247.68000693798066,-72.54529259117649,-72.54529259117649
247.69000693798066,-72.54780390425209,-72.54780390425209
247.70000693798065,-72.55032453270806,-72.55032453270806
247.71000693798067,-72.55285444019063,-72.55285444019063
247.72000693798066,-72.5553935903892,-72.5553935903892
247.73000693798065,-72.55794194702182,-72.55794194702182
247.74000693798064,-72.56049947384291,-72.56049947384291
247.75000693798066,-72.56306613465813,-72.56306613465813
247.76000693798065,-72.56564189330284,-72.56564189330284
247.77000693798064,-72.56822671365886,-72.56822671365886
247.78000693798066,-72.57082055964656,-72.57082055964656
247.79000693798065,-72.57342339523895,-72.57342339523895
247.80000693798064,-72.57603518444024,-72.57603518444024
247.81000693798066,-72.57865589130233,-72.57865589130233
247.82000693798065,-72.5812854799299,-72.5812854799299
247.83000693798064,-72.58392391445874,-72.58392391445874
247.84000693798066,-72.58657115908727,-72.58657115908727
247.85000693798065,-72.58922717805072,-72.58922717805072
247.86000693798064,-72.59189193563512,-72.59189193563512
247.87000693798066,-72.59456539617824,-72.59456539617824
247.88000693798065,-72.59724752406278,-72.59724752406278
247.89000693798064,-72.5999382837201,-72.5999382837201
247.90000693798066,-72.60263763964257,-72.60263763964257
247.91000693798065,-72.60534555635925,-72.60534555635925
247.92000693798065,-72.60806199846468,-72.60806199846468
247.93000693798066,-72.61078693059696,-72.61078693059696
247.94000693798066,-72.61352031745261,-72.61352031745261
247.95000693798065,-72.61626212378265,-72.61626212378265
247.96000693798067,-72.61901231438927,-72.61901231438927
247.97000693798066,-72.6217708541282,-72.6217708541282
247.98000693798065,-72.62453770791247,-72.62453770791247
247.99000693798064,-72.62731284071474,-72.62731284071474
248.00000693798066,-72.63009621756204,-72.63009621756204
248.01000693798065,-72.63288780353743,-72.63288780353743
248.02000693798064,-72.63568756378089,-72.63568756378089
248.03000693798066,-72.63849546349597,-72.63849546349597
248.04000693798065,-72.64131146794188,-72.64131146794188
248.05000693798064,-72.64413554243619,-72.64413554243619
248.06000693798066,-72.64696765235786,-72.64696765235786
248.07000693798065,-72.64980776314395,-72.64980776314395
248.08000693798064,-72.65265584029245,-72.65265584029245
248.09000693798066,-72.65551184936591,-72.65551184936591
248.10000693798065,-72.65837575598454,-72.65837575598454
248.11000693798064,-72.66124752584074,-72.66124752584074
248.12000693798066,-72.66412712467677,-72.66412712467677
248.13000693798065,-72.66701451830312,-72.66701451830312
248.14000693798064,-72.66990967259392,-72.66990967259392
248.15000693798066,-72.67281255349168,-72.67281255349168
248.16000693798065,-72.67572312700106,-72.67572312700106
248.17000693798065,-72.67864135917732,-72.67864135917732
248.18000693798066,-72.68156721615729,-72.68156721615729
248.19000693798066,-72.68450066414032,-72.68450066414032
248.2000069618225,-72.68744167639417,-72.68744167639417
248.2100069618225,-72.69039020527515,-72.69039020527515
248.22000696182252,-72.69334622413952,-72.69334622413952
248.2300069618225,-72.69630969946012,-72.69630969946012
248.2400069618225,-72.69928059776248,-72.69928059776248
248.25000696182252,-72.70225888564829,-72.70225888564829
248.2600069618225,-72.70524452979276,-72.70524452979276
248.2700069618225,-72.70823749692045,-72.70823749692045
248.28000696182252,-72.71123775383823,-72.71123775383823
248.2900069618225,-72.71424526741268,-72.71424526741268
248.3000069618225,-72.71726000459375,-72.71726000459375
248.31000696182252,-72.72028193239801,-72.72028193239801
248.32000696182251,-72.72331101789881,-72.72331101789881
248.3300069618225,-72.72634722824866,-72.72634722824866
248.3400069618225,-72.72939053066274,-72.72939053066274
248.35000696182252,-72.73244089244203,-72.73244089244203
248.3600069618225,-72.73549828094602,-72.73549828094602
248.3700069618225,-72.73856266360983,-72.73856266360983
248.38000696182252,-72.74163400793496,-72.74163400793496
248.3900069618225,-72.74471228150786,-72.74471228150786
248.4000069618225,-72.74779745196702,-72.74779745196702
248.41000696182252,-72.75088948704324,-72.75088948704324
248.4200069618225,-72.75398835453079,-72.75398835453079
248.4300069618225,-72.7570940222859,-72.7570940222859
248.44000696182252,-72.76020645825804,-72.76020645825804
248.4500069618225,-72.76332563045256,-72.76332563045256
248.4600069618225,-72.76645150696552,-72.76645150696552
248.47000696182252,-72.76958405594652,-72.76958405594652
248.4800069618225,-72.77272324562969,-72.77272324562969
248.4900069618225,-72.7758690443241,-72.7758690443241
248.50000696182252,-72.77902142040737,-72.77902142040737
248.5100069618225,-72.78218034233515,-72.78218034233515
248.5200069618225,-72.78534577863655,-72.78534577863655
248.53000696182252,-72.78851769792043,-72.78851769792043
248.5400069618225,-72.79169606886099,-72.79169606886099
248.5500069618225,-72.79488086020893,-72.79488086020893
248.56000696182252,-72.79807204079816,-72.79807204079816
248.57000696182251,-72.80126957952895,-72.80126957952895
248.5800069618225,-72.80447344537492,-72.80447344537492
248.5900069618225,-72.80768360739843,-72.80768360739843
248.60000696182252,-72.81090003472423,-72.81090003472423
248.6100069618225,-72.81412269655956,-72.81412269655956
248.6200069618225,-72.81735156218825,-72.81735156218825
248.63000696182252,-72.82058660096597,-72.82058660096597
248.6400069618225,-72.82382778232372,-72.82382778232372
248.6500069618225,-72.82707507577547,-72.82707507577547
248.66000696182252,-72.83032845090335,-72.83032845090335
248.6700069618225,-72.83358787736735,-72.83358787736735
248.6800069618225,-72.8368533249082,-72.8368533249082
248.69000696182252,-72.84012476334699,-72.84012476334699
248.7000069618225,-72.84340216256885,-72.84340216256885
248.7100069618225,-72.84667913702299,-72.84667913702299
248.72000696182252,-72.84995287231668,-72.84995287231668
248.7300069618225,-72.85322198165817,-72.85322198165817
248.7400069618225,-72.85648573910741,-72.85648573910741
248.75000696182252,-72.85974378701607,-72.85974378701607
248.7600069618225,-72.86299598410214,-72.86299598410214
248.7700069618225,-72.86624231637366,-72.86624231637366
248.78000696182252,-72.86948284362458,-72.86948284362458
248.7900069618225,-72.87271766726455,-72.87271766726455
248.8000069618225,-72.8759469109986,-72.8759469109986
248.81000696182252,-72.87917070931101,-72.87917070931101
248.82000696182251,-72.88238920070428,-72.88238920070428
248.8300069618225,-72.88560252380141,-72.88560252380141
248.8400069618225,-72.8888108152374,-72.8888108152374
248.85000696182252,-72.89201420855262,-72.89201420855262
248.8600069618225,-72.89521283379052,-72.89521283379052
248.8700069618225,-72.89840681740492,-72.89840681740492
248.88000696182252,-72.90159628240268,-72.90159628240268
248.8900069618225,-72.9047813485639,-72.9047813485639
248.9000069618225,-72.90796213274923,-72.90796213274923
248.91000696182252,-72.91113874916843,-72.91113874916843
248.9200069618225,-72.9143113096478,-72.9143113096478
248.9300069618225,-72.91747992390454,-72.91747992390454
248.94000696182252,-72.92064469976567,-72.92064469976567
248.9500069618225,-72.92380574334723,-72.92380574334723
248.9600069618225,-72.92696315925417,-72.92696315925417
248.97000696182252,-72.93011705070144,-72.93011705070144
248.9800069618225,-72.93326751965226,-72.93326751965226
248.9900069618225,-72.93641466689976,-72.93641466689976
249.00000696182252,-72.93955859216926,-72.93955859216926
249.0100069618225,-72.94269939418388,-72.94269939418388
249.0200069618225,-72.94583717070373,-72.94583717070373
249.03000696182252,-72.94897201858454,-72.94897201858454
249.0400069618225,-72.95210403381779,-72.95210403381779
249.05000698566437,-72.95523331899017,-72.95523331899017
249.06000698566436,-72.95835995351169,-72.95835995351169
249.07000698566438,-72.96148403832483,-72.96148403832483
249.08000698566437,-72.96460566612076,-72.96460566612076
249.09000698566436,-72.96772492879495,-72.96772492879495
249.10000698566438,-72.97084191743868,-72.97084191743868
249.11000698566437,-72.97395672235099,-72.97395672235099
249.12000698566436,-72.97706943301878,-72.97706943301878
249.13000698566438,-72.98018013813937,-72.98018013813937
249.14000698566437,-72.98328892559522,-72.98328892559522
249.15000698566436,-72.98639588245577,-72.98639588245577
249.16000698566438,-72.98950109495081,-72.98950109495081
249.17000698566437,-72.99260464850146,-72.99260464850146
249.18000698566436,-72.99570662768775,-72.99570662768775
249.19000698566435,-72.99880711622276,-72.99880711622276
249.20000698566437,-73.00190619699858,-73.00190619699858
249.21000698566436,-73.00500395201826,-73.00500395201826
249.22000698566436,-73.00810046243289,-73.00810046243289
249.23000698566437,-73.01119580850828,-73.01119580850828
249.24000698566437,-73.01429006963532,-73.01429006963532
249.25000698566436,-73.01738332430793,-73.01738332430793
249.26000698566438,-73.02047565012913,-73.02047565012913
249.27000698566437,-73.02356712380752,-73.02356712380752
249.28000698566436,-73.02665782113291,-73.02665782113291
249.29000698566438,-73.02974781699537,-73.02974781699537
249.30000698566437,-73.03283718536255,-73.03283718536255
249.31000698566436,-73.03592599929809,-73.03592599929809
249.32000698566438,-73.03901433092418,-73.03901433092418
249.33000698566437,-73.04210225145314,-73.04210225145314
249.34000698566436,-73.04518983116805,-73.04518983116805
249.35000698566438,-73.0482771394194,-73.0482771394194
249.36000698566437,-73.0513642446356,-73.0513642446356
249.37000698566436,-73.05445121431165,-73.05445121431165
249.38000698566438,-73.05753811501481,-73.05753811501481
249.39000698566437,-73.06062501238505,-73.06062501238505
249.40000698566436,-73.0637119711253,-73.0637119711253
249.41000698566438,-73.0667990550129,-73.0667990550129
249.42000698566437,-73.06988632690236,-73.06988632690236
249.43000698566436,-73.07297384872378,-73.07297384872378
249.44000698566435,-73.07606168147804,-73.07606168147804
249.45000698566437,-73.07914988525889,-73.07914988525889
249.46000698566436,-73.08223214306132,-73.08223214306132
249.47000698566436,-73.08530571927732,-73.08530571927732
249.48000698566437,-73.08836930939248,-73.08836930939248
249.49000698566437,-73.09142227084972,-73.09142227084972
249.50000698566436,-73.09446432956607,-73.09446432956607
249.51000698566438,-73.09749542757423,-73.09749542757423
249.52000698566437,-73.10051563365508,-73.10051563365508
249.53000698566436,-73.10352508974212,-73.10352508974212
249.54000698566438,-73.10652397860828,-73.10652397860828
249.55000698566437,-73.10951250453653,-73.10951250453653
249.56000698566436,-73.11249088175283,-73.11249088175283
249.57000698566438,-73.11545932765245,-73.11545932765245
249.58000698566437,-73.11841805889368,-73.11841805889368
249.59000698566436,-73.12136728927766,-73.12136728927766
249.60000698566438,-73.12430722865751,-73.12430722865751
249.61000698566437,-73.12723808251462,-73.12723808251462
249.62000698566436,-73.13016005187632,-73.13016005187632
249.63000698566438,-73.13307333346216,-73.13307333346216
249.64000698566437,-73.13597811991711,-73.13597811991711
249.65000698566436,-73.13887460007827,-73.13887460007827
249.66000698566438,-73.14176295929839,-73.14176295929839
249.67000698566437,-73.14464337969545,-73.14464337969545
249.68000698566436,-73.14751604043299,-73.14751604043299
249.69000698566435,-73.15038111793399,-73.15038111793399
249.70000698566437,-73.15323878609624,-73.15323878609624
249.71000698566436,-73.15608283437471,-73.15608283437471
249.72000698566436,-73.15891063596322,-73.15891063596322
249.73000698566437,-73.16172099541733,-73.16172099541733
249.74000698566437,-73.1645133788565,-73.1645133788565
249.75000698566436,-73.16728762027928,-73.16728762027928
249.76000698566438,-73.17004376910982,-73.17004376910982
249.77000698566437,-73.17278200082367,-73.17278200082367
249.78000698566436,-73.1755025633299,-73.1755025633299
249.79000698566438,-73.17820574466379,-73.17820574466379
249.80000698566437,-73.1808918536669,-73.1808918536669
249.81000698566436,-73.1835612084266,-73.1835612084266
249.82000698566438,-73.18621412951092,-73.18621412951092
249.83000698566437,-73.18885093607797,-73.18885093607797
249.84000698566436,-73.19147194372938,-73.19147194372938
249.85000698566438,-73.1940774634455,-73.1940774634455
249.86000698566437,-73.19666780115011,-73.19666780115011
249.87000698566436,-73.19924325761689,-73.19924325761689
249.88000698566438,-73.20180412861947,-73.20180412861947
249.89000698566437,-73.20435070515127,-73.20435070515127
249.90000700950623,-73.20688327972144,-73.20688327972144
249.91000700950622,-73.20940212250682,-73.20940212250682
249.92000700950624,-73.21190751792196,-73.21190751792196
249.93000700950623,-73.21439974056914,-73.21439974056914
249.94000700950622,-73.21687906159131,-73.21687906159131
249.95000700950624,-73.21934574885712,-73.21934574885712
249.96000700950623,-73.22180006709846,-73.22180006709846
249.97000700950622,-73.22424227807569,-73.22424227807569
249.98000700950624,-73.2266726406951,-73.2266726406951
249.99000700950623,-73.22909141108823,-73.22909141108823
250.00000700950622,-73.23149884271925,-73.23149884271925
250.01000700950624,-73.23389518644164,-73.23389518644164
250.02000700950623,-73.236280690546,-73.236280690546
250.03000700950622,-73.23865560080252,-73.23865560080252
250.0400070095062,-73.24102016051195,-73.24102016051195
250.05000700950623,-73.24337461052598,-73.24337461052598
250.06000700950622,-73.24571918924873,-73.24571918924873
250.0700070095062,-73.24805413268912,-73.24805413268912
250.08000700950623,-73.25037967443731,-73.25037967443731
250.09000700950622,-73.25269604569215,-73.25269604569215
250.10000700950621,-73.25500347526398,-73.25500347526398
250.11000700950623,-73.25730218958967,-73.25730218958967
250.12000700950622,-73.2595924127048,-73.2595924127048
250.13000700950622,-73.26187436628042,-73.26187436628042
250.14000700950623,-73.26414826959945,-73.26414826959945
250.15000700950623,-73.26641433956621,-73.26641433956621
250.16000700950622,-73.26867279070272,-73.26867279070272
250.17000700950624,-73.27092383516143,-73.27092383516143
250.18000700950623,-73.27316768270853,-73.27316768270853
250.19000700950622,-73.27540454071976,-73.27540454071976
250.20000700950624,-73.27763461421513,-73.27763461421513
250.21000700950623,-73.27985810581453,-73.27985810581453
250.22000700950622,-73.28207521577765,-73.28207521577765
250.23000700950624,-73.28428614198533,-73.28428614198533
250.24000700950623,-73.28649107994562,-73.28649107994562
250.25000700950622,-73.28869022279689,-73.28869022279689
250.26000700950624,-73.29088376133528,-73.29088376133528
250.27000700950623,-73.2930718839657,-73.2930718839657
250.28000700950622,-73.29525477677198,-73.29525477677198
250.2900070095062,-73.29743262347647,-73.29743262347647
250.30000700950623,-73.29960560546655,-73.29960560546655
250.31000700950622,-73.30177390180485,-73.30177390180485
250.3200070095062,-73.30393768922316,-73.30393768922316
250.33000700950623,-73.30609714214972,-73.30609714214972
250.34000700950622,-73.3082524326995,-73.3082524326995
250.35000700950621,-73.31040373070363,-73.31040373070363
250.36000700950623,-73.31255120371556,-73.31255120371556
250.37000700950622,-73.31469501700462,-73.31469501700462
250.38000700950622,-73.31683533359599,-73.31683533359599
250.39000700950623,-73.31897231426716,-73.31897231426716
250.40000700950623,-73.32110611755732,-73.32110611755732
250.41000700950622,-73.3232368997961,-73.3232368997961
250.42000700950624,-73.32536481510571,-73.32536481510571
250.43000700950623,-73.32749001541599,-73.32749001541599
250.44000700950622,-73.3296126504979,-73.3296126504979
250.45000700950624,-73.33173286794398,-73.33173286794398
250.46000700950623,-73.33385081321,-73.33385081321
250.47000700950622,-73.3359666296336,-73.3359666296336
250.48000700950624,-73.33808045843485,-73.33808045843485
250.49000700950623,-73.34019243874852,-73.34019243874852
250.50000700950622,-73.34230270761704,-73.34230270761704
250.51000700950624,-73.3444114000405,-73.3444114000405
250.52000700950623,-73.34651864896878,-73.34651864896878
250.53000700950622,-73.34862458533846,-73.34862458533846
250.5400070095062,-73.35072933806877,-73.35072933806877
250.55000700950623,-73.35283303409678,-73.35283303409678
250.56000700950622,-73.35493579839053,-73.35493579839053
250.5700070095062,-73.3570377539624,-73.3570377539624
250.58000700950623,-73.35913902191085,-73.35913902191085
250.59000700950622,-73.3612397214073,-73.3612397214073
250.60000700950621,-73.3633399697212,-73.3633399697212
250.61000700950623,-73.36543988226889,-73.36543988226889
250.62000700950622,-73.36753957258806,-73.36753957258806
250.63000700950622,-73.3696391524067,-73.3696391524067
250.64000700950623,-73.3717387316028,-73.3717387316028
250.65000700950623,-73.37383841828166,-73.37383841828166
250.66000700950622,-73.37593831875557,-73.37593831875557
250.67000700950624,-73.37803853758675,-73.37803853758675
250.68000700950623,-73.38013917758816,-73.38013917758816
250.69000700950622,-73.38224033985628,-73.38224033985628
250.70000700950624,-73.38434212378615,-73.38434212378615
250.71000700950623,-73.38644462708186,-73.38644462708186
250.72000700950622,-73.38854794580075,-73.38854794580075
250.73000700950624,-73.3906521743356,-73.3906521743356
250.74000700950623,-73.39275740546248,-73.39275740546248
250.75000703334808,-73.39486373537135,-73.39486373537135
250.76000703334807,-73.39697124362031,-73.39697124362031
250.7700070333481,-73.39908002322443,-73.39908002322443
250.78000703334808,-73.40119016064837,-73.40119016064837
250.79000703334808,-73.40330174082132,-73.40330174082132
250.8000070333481,-73.40541484716834,-73.40541484716834
250.81000703334809,-73.40752956161536,-73.40752956161536
250.82000703334808,-73.40964596460849,-73.40964596460849
250.8300070333481,-73.41176413513962,-73.41176413513962
250.8400070333481,-73.41388415076315,-73.41388415076315
250.85000703334808,-73.41600608760092,-73.41600608760092
250.8600070333481,-73.41813002039173,-73.41813002039173
250.8700070333481,-73.42025602247425,-73.42025602247425
250.88000703334808,-73.42238416581678,-73.42238416581678
250.89000703334807,-73.42451452105173,-73.42451452105173
250.9000070333481,-73.42664715746787,-73.42664715746787
250.91000703334808,-73.42878214303808,-73.42878214303808
250.92000703334807,-73.43091954444101,-73.43091954444101
250.9300070333481,-73.43305942706793,-73.43305942706793
250.94000703334808,-73.4352018550497,-73.4352018550497
250.95000703334807,-73.43734689127811,-73.43734689127811
250.9600070333481,-73.43948819202915,-73.43948819202915
250.97000703334808,-73.44162301234569,-73.44162301234569
250.98000703334807,-73.44375004504981,-73.44375004504981
250.9900070333481,-73.44586864783705,-73.44586864783705
251.00000703334808,-73.44797854836216,-73.44797854836216
251.01000703334807,-73.45007969111279,-73.45007969111279
251.0200070333481,-73.45217214765216,-73.45217214765216
251.03000703334808,-73.45425606270699,-73.45425606270699
251.04000703334808,-73.45633162175679,-73.45633162175679
251.0500070333481,-73.4583990315697,-73.4583990315697
251.06000703334809,-73.46045850862355,-73.46045850862355
251.07000703334808,-73.46251027230356,-73.46251027230356
251.0800070333481,-73.46455454098134,-73.46455454098134
251.0900070333481,-73.46659152989606,-73.46659152989606
251.10000703334808,-73.4686214500815,-73.4686214500815
251.1100070333481,-73.47064450793765,-73.47064450793765
251.1200070333481,-73.47266090517115,-73.47266090517115
251.13000703334808,-73.4746708389453,-73.4746708389453
251.14000703334807,-73.47667450211917,-73.47667450211917
251.1500070333481,-73.4786720835641,-73.4786720835641
251.16000703334808,-73.48066376843886,-73.48066376843886
251.17000703334807,-73.48264973849807,-73.48264973849807
251.1800070333481,-73.48463017235647,-73.48463017235647
251.19000703334808,-73.48660524572333,-73.48660524572333
251.20000703334807,-73.48857513161357,-73.48857513161357
251.2100070333481,-73.49054000053823,-73.49054000053823
251.22000703334808,-73.49250002065764,-73.49250002065764
251.23000703334807,-73.4944553579147,-73.4944553579147
251.2400070333481,-73.49640617615096,-73.49640617615096
251.25000703334808,-73.49835263719608,-73.49835263719608
251.26000703334807,-73.50029490095592,-73.50029490095592
251.2700070333481,-73.50223312548991,-73.50223312548991
251.28000703334808,-73.50416746703684,-73.50416746703684
251.29000703334808,-73.50609808009123,-73.50609808009123
251.3000070333481,-73.50802511742374,-73.50802511742374
251.31000703334809,-73.50994873010727,-73.50994873010727
251.32000703334808,-73.51186906756013,-73.51186906756013
251.3300070333481,-73.51378627755756,-73.51378627755756
251.3400070333481,-73.51570050623455,-73.51570050623455
251.35000703334808,-73.51761189812673,-73.51761189812673
251.3600070333481,-73.51952059615701,-73.51952059615701
251.3700070333481,-73.5214267416441,-73.5214267416441
251.38000703334808,-73.52333047432737,-73.52333047432737
251.39000703334807,-73.52523193235781,-73.52523193235781
251.4000070333481,-73.52713125229391,-73.52713125229391
251.41000703334808,-73.52902856912975,-73.52902856912975
251.42000703334807,-73.53092401626986,-73.53092401626986
251.4300070333481,-73.53281772555582,-73.53281772555582
251.44000703334808,-73.53470982724477,-73.53470982724477
251.45000703334807,-73.53660045003498,-73.53660045003498
251.4600070333481,-73.53848972104596,-73.53848972104596
251.47000703334808,-73.54037776582493,-73.54037776582493
251.48000703334807,-73.5422647083749,-73.5422647083749
251.4900070333481,-73.54415067111819,-73.54415067111819
251.50000703334808,-73.54603577492516,-73.54603577492516
251.51000703334807,-73.54792013909363,-73.54792013909363
251.5200070333481,-73.54980388139006,-73.54980388139006
251.53000703334808,-73.55168711800727,-73.55168711800727
251.54000703334808,-73.55356996361168,-73.55356996361168
251.5500070333481,-73.5554525313161,-73.5554525313161
251.56000703334809,-73.55733493268582,-73.55733493268582
251.57000703334808,-73.5592172777783,-73.5592172777783
251.5800070333481,-73.5610996751012,-73.5610996751012
251.5900070333481,-73.56298223166219,-73.56298223166219
251.60000705718994,-73.56486505741904,-73.56486505741904
251.61000705718993,-73.5667482473738,-73.5667482473738
251.62000705718995,-73.56863190848681,-73.56863190848681
251.63000705718994,-73.57051614173679,-73.57051614173679
251.64000705718993,-73.57240104661561,-73.57240104661561
251.65000705718995,-73.57428672114031,-73.57428672114031
251.66000705718994,-73.57617326185319,-73.57617326185319
251.67000705718993,-73.57806076384989,-73.57806076384989
251.68000705718995,-73.57994932075765,-73.57994932075765
251.69000705718994,-73.58183902478092,-73.58183902478092
251.70000705718994,-73.58372996667472,-73.58372996667472
251.71000705718996,-73.58561581804322,-73.58561581804322
251.72000705718995,-73.58749385630645,-73.58749385630645
251.73000705718994,-73.58936279935355,-73.58936279935355
251.74000705718993,-73.59122203105181,-73.59122203105181
251.75000705718995,-73.59307130575814,-73.59307130575814
251.76000705718994,-73.5949105948623,-73.5949105948623
251.77000705718993,-73.5967399968479,-73.5967399968479
251.78000705718995,-73.59855968327015,-73.59855968327015
251.79000705718994,-73.60036986627927,-73.60036986627927
251.80000705718993,-73.60217077910853,-73.60217077910853
251.81000705718995,-73.60396266447898,-73.60396266447898
251.82000705718994,-73.60574576775016,-73.60574576775016
251.83000705718993,-73.60752033302522,-73.60752033302522
251.84000705718995,-73.60928660101312,-73.60928660101312
251.85000705718994,-73.61104480794464,-73.61104480794464
251.86000705718993,-73.61279518515707,-73.61279518515707
251.87000705718995,-73.61453795900272,-73.61453795900272
251.88000705718994,-73.61627335103395,-73.61627335103395
251.89000705718993,-73.61800157824041,-73.61800157824041
251.90000705718995,-73.61972285332361,-73.61972285332361
251.91000705718994,-73.6214373850146,-73.6214373850146
251.92000705718993,-73.62314537837815,-73.62314537837815
251.93000705718995,-73.62484703506166,-73.62484703506166
251.94000705718994,-73.62654255352504,-73.62654255352504
251.95000705718994,-73.62823212928053,-73.62823212928053
251.96000705718996,-73.62990953397818,-73.62990953397818
251.97000705718995,-73.63157214615136,-73.63157214615136
251.98000705718994,-73.63321878461855,-73.63321878461855
251.99000705718993,-73.63484893361719,-73.63484893361719
252.00000705718995,-73.6364624472012,-73.6364624472012
252.01000705718994,-73.63805939579854,-73.63805939579854
252.02000705718993,-73.63963997624076,-73.63963997624076
252.03000705718995,-73.64120445777685,-73.64120445777685
252.04000705718994,-73.6427531495915,-73.6427531495915
252.05000705718993,-73.64428638132539,-73.64428638132539
252.06000705718995,-73.64580449146364,-73.64580449146364
252.07000705718994,-73.6473078205336,-73.6473078205336
252.08000705718993,-73.64879670718665,-73.64879670718665
252.09000705718995,-73.65027148606355,-73.65027148606355
252.10000705718994,-73.6517324867415,-73.6517324867415
252.11000705718993,-73.65318003326522,-73.65318003326522
252.12000705718995,-73.65461444411388,-73.65461444411388
252.13000705718994,-73.65603603233266,-73.65603603233266
252.14000705718993,-73.65744510576145,-73.65744510576145
252.15000705718995,-73.65884196735306,-73.65884196735306
252.16000705718994,-73.6602269154422,-73.6602269154422
252.17000705718993,-73.66160024402507,-73.66160024402507
252.18000705718995,-73.66296224303947,-73.66296224303947
252.19000705718994,-73.66431319857867,-73.66431319857867
252.20000705718994,-73.66565339309314,-73.66565339309314
252.21000705718996,-73.66698310556181,-73.66698310556181
252.22000705718995,-73.66830261166703,-73.66830261166703
252.23000705718994,-73.66961218388568,-73.66961218388568
252.24000705718993,-73.67091209161907,-73.67091209161907
252.25000705718995,-73.67220260128926,-73.67220260128926
252.26000705718994,-73.67348397637232,-73.67348397637232
252.27000705718993,-73.67475647749892,-73.67475647749892
252.28000705718995,-73.67602036248495,-73.67602036248495
252.29000705718994,-73.67727588637682,-73.67727588637682
252.30000705718993,-73.6785233014915,-73.6785233014915
252.31000705718995,-73.67976285741155,-73.67976285741155
252.32000705718994,-73.68099480105906,-73.68099480105906
252.33000705718993,-73.68221937666604,-73.68221937666604
252.34000705718995,-73.68343682580422,-73.68343682580422
252.35000705718994,-73.68464738740943,-73.68464738740943
252.36000705718993,-73.68585129775639,-73.68585129775639
252.37000705718995,-73.68704879050775,-73.68704879050775
252.38000705718994,-73.68824009668134,-73.68824009668134
252.39000705718993,-73.68942544468152,-73.68942544468152
252.40000705718995,-73.6906050602949,-73.6906050602949
252.41000705718994,-73.69177916668107,-73.69177916668107
252.42000705718993,-73.69294798440787,-73.69294798440787
252.43000705718995,-73.69411173142811,-73.69411173142811
252.44000705718994,-73.6952706230806,-73.6952706230806
252.4500070810318,-73.6964248748694,-73.6964248748694
252.4600070810318,-73.69757469143677,-73.69757469143677
252.4700070810318,-73.69872028311819,-73.69872028311819
252.4800070810318,-73.69986185489394,-73.69986185489394
252.4900070810318,-73.70099960918333,-73.70099960918333
252.5000070810318,-73.7021337458144,-73.7021337458144
252.5100070810318,-73.70326446207434,-73.70326446207434
252.5200070810318,-73.70439195268695,-73.70439195268695
252.5300070810318,-73.70551640983705,-73.70551640983705
252.5400070810318,-73.70663802316416,-73.70663802316416
252.5500070810318,-73.70775697980174,-73.70775697980174
252.5600070810318,-73.70887346435522,-73.70887346435522
252.5700070810318,-73.70998765893196,-73.70998765893196
252.5800070810318,-73.71109974314938,-73.71109974314938
252.59000708103179,-73.7122098941498,-73.7122098941498
252.6000070810318,-73.71331828661488,-73.71331828661488
252.6100070810318,-73.71442509276818,-73.71442509276818
252.6200070810318,-73.71553048240148,-73.71553048240148
252.6300070810318,-73.71663462289021,-73.71663462289021
252.6400070810318,-73.71773767919909,-73.71773767919909
252.6500070810318,-73.71883981391004,-73.71883981391004
252.6600070810318,-73.71994118721794,-73.71994118721794
252.6700070810318,-73.72104195697118,-73.72104195697118
252.6800070810318,-73.72214227868484,-73.72214227868484
252.6900070810318,-73.72324230554153,-73.72324230554153
252.7000070810318,-73.72434218842892,-73.72434218842892
252.7100070810318,-73.72544207594798,-73.72544207594798
252.7200070810318,-73.7265421144175,-73.7265421144175
252.7300070810318,-73.72764244793406,-73.72764244793406
252.7400070810318,-73.72874321834563,-73.72874321834563
252.7500070810318,-73.72984456529315,-73.72984456529315
252.7600070810318,-73.73094662623036,-73.73094662623036
252.7700070810318,-73.73204953644812,-73.73204953644812
252.7800070810318,-73.73315342907787,-73.73315342907787
252.7900070810318,-73.73425843511323,-73.73425843511323
252.8000070810318,-73.73536468345868,-73.73536468345868
252.8100070810318,-73.73647230090745,-73.73647230090745
252.8200070810318,-73.73758141219953,-73.73758141219953
252.8300070810318,-73.73869214002019,-73.73869214002019
252.84000708103179,-73.73980460502771,-73.73980460502771
252.8500070810318,-73.74091892587467,-73.74091892587467
252.8600070810318,-73.74203521922094,-73.74203521922094
252.8700070810318,-73.7431535997705,-73.7431535997705
252.8800070810318,-73.7442741802728,-73.7442741802728
252.8900070810318,-73.74539707156556,-73.74539707156556
252.9000070810318,-73.74652238257588,-73.74652238257588
252.9100070810318,-73.74765022035929,-73.74765022035929
252.9200070810318,-73.74878069009974,-73.74878069009974
252.9300070810318,-73.74991389515252,-73.74991389515252
252.9400070810318,-73.75104993704014,-73.75104993704014
252.9500070810318,-73.75218891550182,-73.75218891550182
252.9600070810318,-73.753330928496,-73.753330928496
252.9700070810318,-73.75447607222004,-73.75447607222004
252.9800070810318,-73.75562444114145,-73.75562444114145
252.9900070810318,-73.75677612800203,-73.75677612800203
253.0000070810318,-73.75793122387243,-73.75793122387243
253.0100070810318,-73.75908981812792,-73.75908981812792
253.0200070810318,-73.76025199849892,-73.76025199849892
253.0300070810318,-73.76141785107805,-73.76141785107805
253.0400070810318,-73.7625874603516,-73.7625874603516
253.0500070810318,-73.76376090921283,-73.76376090921283
253.0600070810318,-73.76493827897785,-73.76493827897785
253.0700070810318,-73.76611964939572,-73.76611964939572
253.0800070810318,-73.76730509870941,-73.76730509870941
253.09000708103179,-73.76849470362612,-73.76849470362612
253.1000070810318,-73.76968853937096,-73.76968853937096
253.1100070810318,-73.7708866796865,-73.7708866796865
253.1200070810318,-73.7720891968528,-73.7720891968528
253.1300070810318,-73.77329616172678,-73.77329616172678
253.1400070810318,-73.77450764373359,-73.77450764373359
253.1500070810318,-73.77572371089556,-73.77572371089556
253.1600070810318,-73.77694442986945,-73.77694442986945
253.1700070810318,-73.77816986593496,-73.77816986593496
253.1800070810318,-73.77940008303055,-73.77940008303055
253.1900070810318,-73.78063514375727,-73.78063514375727
253.2000070810318,-73.7818751094223,-73.7818751094223
253.2100070810318,-73.78312004002932,-73.78312004002932
253.2200070810318,-73.78436999431267,-73.78436999431267
253.2300070810318,-73.78562502974839,-73.78562502974839
253.2400070810318,-73.78688520256149,-73.78688520256149
253.2500070810318,-73.78815056776976,-73.78815056776976
253.2600070810318,-73.78942117917204,-73.78942117917204
253.2700070810318,-73.79069708938961,-73.79069708938961
253.2800070810318,-73.79197834985476,-73.79197834985476
253.2900070810318,-73.79326501085156,-73.79326501085156
253.30000710487366,-73.79455712459215,-73.79455712459215
253.31000710487365,-73.79585473297028,-73.79585473297028
253.32000710487367,-73.79715788593151,-73.79715788593151
253.33000710487366,-73.79846662929772,-73.79846662929772
253.34000710487365,-73.7997810077939,-73.7997810077939
253.35000710487367,-73.80110106510115,-73.80110106510115
253.36000710487366,-73.80242684383096,-73.80242684383096
253.37000710487365,-73.80375838557248,-73.80375838557248
253.38000710487367,-73.80509573089297,-73.80509573089297
253.39000710487366,-73.80643891935435,-73.80643891935435
253.40000710487365,-73.80778798953213,-73.80778798953213
253.41000710487367,-73.8091429790296,-73.8091429790296
253.42000710487366,-73.81050392446927,-73.81050392446927
253.43000710487365,-73.81187086154743,-73.81187086154743
253.44000710487364,-73.8132438250169,-73.8132438250169
253.45000710487366,-73.81462284870636,-73.81462284870636
253.46000710487365,-73.81600796554861,-73.81600796554861
253.47000710487364,-73.81739920756372,-73.81739920756372
253.48000710487366,-73.81879660591201,-73.81879660591201
253.49000710487365,-73.82020019086876,-73.82020019086876
253.50000710487365,-73.82160999185778,-73.82160999185778
253.51000710487367,-73.8230260374727,-73.8230260374727
253.52000710487366,-73.82444835545598,-73.82444835545598
253.53000710487365,-73.82587697274427,-73.82587697274427
253.54000710487367,-73.82731191546877,-73.82731191546877
253.55000710487366,-73.82875320895451,-73.82875320895451
253.56000710487365,-73.83020087776052,-73.83020087776052
253.57000710487367,-73.83165494565846,-73.83165494565846
253.58000710487366,-73.83311543567496,-73.83311543567496
253.59000710487365,-73.83458237007079,-73.83458237007079
253.60000710487367,-73.83605577039567,-73.83605577039567
253.61000710487366,-73.83753565744429,-73.83753565744429
253.62000710487365,-73.83902205131356,-73.83902205131356
253.63000710487367,-73.84051497140211,-73.84051497140211
253.64000710487366,-73.84201443639095,-73.84201443639095
253.65000710487365,-73.84352046430035,-73.84352046430035
253.66000710487367,-73.84503307246919,-73.84503307246919
253.67000710487366,-73.84655227756645,-73.84655227756645
253.68000710487365,-73.84807809562088,-73.84807809562088
253.69000710487364,-73.84961054201081,-73.84961054201081
253.70000710487366,-73.85114963147988,-73.85114963147988
253.71000710487365,-73.85269537815807,-73.85269537815807
253.72000710487364,-73.8542477955511,-73.8542477955511
253.73000710487366,-73.85580689656065,-73.85580689656065
253.74000710487365,-73.85737269350057,-73.85737269350057
253.75000710487365,-73.85894519809098,-73.85894519809098
253.76000710487367,-73.86052442147785,-73.86052442147785
253.77000710487366,-73.86211037424428,-73.86211037424428
253.78000710487365,-73.86370306639965,-73.86370306639965
253.79000710487367,-73.8653025074153,-73.8653025074153
253.80000710487366,-73.86690870621464,-73.86690870621464
253.81000710487365,-73.86852167119251,-73.86852167119251
253.82000710487367,-73.87014141020661,-73.87014141020661
253.83000710487366,-73.87176793060766,-73.87176793060766
253.84000710487365,-73.87340123923589,-73.87340123923589
253.85000710487367,-73.8750413424254,-73.8750413424254
253.86000710487366,-73.87668824601847,-73.87668824601847
253.87000710487365,-73.87834195537083,-73.87834195537083
253.88000710487367,-73.8800024753609,-73.8800024753609
253.89000710487366,-73.88166981040187,-73.88166981040187
253.90000710487365,-73.88334396443629,-73.88334396443629
253.91000710487367,-73.88502494094352,-73.88502494094352
253.92000710487366,-73.88671274297118,-73.88671274297118
253.93000710487365,-73.88840737311511,-73.88840737311511
253.94000710487364,-73.8901088335349,-73.8901088335349
253.95000710487366,-73.89181712597194,-73.89181712597194
253.96000710487365,-73.89353225173195,-73.89353225173195
253.97000710487364,-73.89525421172722,-73.89525421172722
253.98000710487366,-73.89698300644038,-73.89698300644038
253.99000710487365,-73.89871863596683,-73.89871863596683
254.00000710487365,-73.90046109999952,-73.90046109999952
254.01000710487367,-73.9022103978423,-73.9022103978423
254.02000710487366,-73.90396652842865,-73.90396652842865
254.03000710487365,-73.9057294903049,-73.9057294903049
254.04000710487367,-73.90749928165626,-73.90749928165626
254.05000710487366,-73.90927590029698,-73.90927590029698
254.06000710487365,-73.91105934367744,-73.91105934367744
254.07000710487367,-73.91284960891775,-73.91284960891775
254.08000710487366,-73.9146466927711,-73.9146466927711
254.09000710487365,-73.91645059165786,-73.91645059165786
254.10000710487367,-73.9182613016677,-73.9182613016677
254.11000710487366,-73.92007881854508,-73.92007881854508
254.12000710487365,-73.92190313772407,-73.92190313772407
254.13000710487367,-73.92373425432415,-73.92373425432415
254.14000710487366,-73.9255721631392,-73.9255721631392
254.15000712871552,-73.92741686304902,-73.92741686304902
254.1600071287155,-73.92926833949124,-73.92926833949124
254.17000712871553,-73.93112659071117,-73.93112659071117
254.18000712871552,-73.93299161031014,-73.93299161031014
254.1900071287155,-73.93486339159908,-73.93486339159908
254.20000712871553,-73.93674192759583,-73.93674192759583
254.21000712871552,-73.93862721105872,-73.93862721105872
254.2200071287155,-73.94051923445697,-73.94051923445697
254.23000712871553,-73.94241798999319,-73.94241798999319
254.24000712871552,-73.94432346960451,-73.94432346960451
254.2500071287155,-73.94623566497447,-73.94623566497447
254.26000712871553,-73.94815456752521,-73.94815456752521
254.27000712871552,-73.95008016843124,-73.95008016843124
254.2800071287155,-73.95201245862079,-73.95201245862079
254.2900071287155,-73.9539514287697,-73.9539514287697
254.30000712871552,-73.95589706932822,-73.95589706932822
254.3100071287155,-73.95784937051117,-73.95784937051117
254.3200071287155,-73.95980832229209,-73.95980832229209
254.33000712871552,-73.96177391443042,-73.96177391443042
254.3400071287155,-73.96374613645486,-73.96374613645486
254.3500071287155,-73.96572497767946,-73.96572497767946
254.36000712871552,-73.96771042721228,-73.96771042721228
254.3700071287155,-73.96970247394026,-73.96970247394026
254.3800071287155,-73.97170110654363,-73.97170110654363
254.39000712871552,-73.97370631350212,-73.97370631350212
254.40000712871552,-73.9757180830961,-73.9757180830961
254.4100071287155,-73.97773640341283,-73.97773640341283
254.42000712871553,-73.97976126234819,-73.97976126234819
254.43000712871552,-73.98179264760549,-73.98179264760549
254.4400071287155,-73.9838305466933,-73.9838305466933
254.45000712871553,-73.98587494695906,-73.98587494695906
254.46000712871552,-73.98792583555661,-73.98792583555661
254.4700071287155,-73.98998319947246,-73.98998319947246
254.48000712871553,-73.99204702552073,-73.99204702552073
254.49000712871552,-73.99411730033306,-73.99411730033306
254.5000071287155,-73.99619401039956,-73.99619401039956
254.51000712871553,-73.99827714202134,-73.99827714202134
254.52000712871552,-74.00036668136234,-74.00036668136234
254.5300071287155,-74.00246261441858,-74.00246261441858
254.5400071287155,-74.0045649270366,-74.0045649270366
254.55000712871552,-74.00667360491329,-74.00667360491329
254.5600071287155,-74.00878863359475,-74.00878863359475
254.5700071287155,-74.01090999847847,-74.01090999847847
254.58000712871552,-74.01303768483488,-74.01303768483488
254.5900071287155,-74.01517167778096,-74.01517167778096
254.6000071287155,-74.01731196230917,-74.01731196230917
254.61000712871552,-74.01945852326155,-74.01945852326155
254.6200071287155,-74.02161134537428,-74.02161134537428
254.6300071287155,-74.0237704132333,-74.0237704132333
254.64000712871552,-74.02593571130897,-74.02593571130897
254.65000712871552,-74.02810722394065,-74.02810722394065
254.6600071287155,-74.0302849353602,-74.0302849353602
254.67000712871553,-74.03246882967088,-74.03246882967088
254.68000712871552,-74.0346588908648,-74.0346588908648
254.6900071287155,-74.0368551028153,-74.0368551028153
254.70000712871553,-74.03905744929935,-74.03905744929935
254.71000712871552,-74.04126591396347,-74.04126591396347
254.7200071287155,-74.0434804803752,-74.0434804803752
254.73000712871553,-74.04570113197605,-74.04570113197605
254.74000712871552,-74.0479278521109,-74.0479278521109
254.7500071287155,-74.05016062403003,-74.05016062403003
254.76000712871553,-74.05239943088242,-74.05239943088242
254.77000712871552,-74.05464425573126,-74.05464425573126
254.7800071287155,-74.05689508153704,-74.05689508153704
254.7900071287155,-74.0591518911739,-74.0591518911739
254.80000712871552,-74.06141466742189,-74.06141466742189
254.8100071287155,-74.06368339297536,-74.06368339297536
254.8200071287155,-74.06595805045448,-74.06595805045448
254.83000712871552,-74.06823862239305,-74.06823862239305
254.8400071287155,-74.07052509123758,-74.07052509123758
254.8500071287155,-74.07281743935211,-74.07281743935211
254.86000712871552,-74.07511564903922,-74.07511564903922
254.8700071287155,-74.07741970251315,-74.07741970251315
254.8800071287155,-74.07972958193129,-74.07972958193129
254.89000712871552,-74.0820452693584,-74.0820452693584
254.90000712871552,-74.08436674680318,-74.08436674680318
254.9100071287155,-74.08669399620433,-74.08669399620433
254.92000712871553,-74.08902699943957,-74.08902699943957
254.93000712871552,-74.09136573830078,-74.09136573830078
254.9400071287155,-74.09371019455479,-74.09371019455479
254.95000712871553,-74.09606034987208,-74.09606034987208
254.96000712871552,-74.09840972018459,-74.09840972018459
254.9700071287155,-74.10075545358755,-74.10075545358755
254.98000712871553,-74.10309615005762,-74.10309615005762
254.99000712871552,-74.10543108161231,-74.10543108161231
255.00000715255737,-74.10775990023815,-74.10775990023815
255.01000715255736,-74.11008246123158,-74.11008246123158
255.02000715255738,-74.1123987659248,-74.1123987659248
255.03000715255737,-74.11470888510509,-74.11470888510509
255.04000715255737,-74.11701293182101,-74.11701293182101
255.05000715255738,-74.11931104178959,-74.11931104178959
255.06000715255738,-74.12160336165711,-74.12160336165711
255.07000715255737,-74.1238900421394,-74.1238900421394
255.08000715255739,-74.12617123405033,-74.12617123405033
255.09000715255738,-74.12844708616142,-74.12844708616142
255.10000715255737,-74.13071774406234,-74.13071774406234
255.1100071525574,-74.13298334976568,-74.13298334976568
255.12000715255738,-74.13524404157896,-74.13524404157896
255.13000715255737,-74.13749995427112,-74.13749995427112
255.14000715255736,-74.13975121927655,-74.13975121927655
255.15000715255738,-74.1419979650066,-74.1419979650066
255.16000715255737,-74.14424031712512,-74.14424031712512
255.17000715255736,-74.14647839882055,-74.14647839882055
255.18000715255738,-74.14871233106369,-74.14871233106369
255.19000715255737,-74.150942232839,-74.150942232839
255.20000715255736,-74.15316822133157,-74.15316822133157
255.21000715255738,-74.15539041211348,-74.15539041211348
255.22000715255737,-74.15760891927717,-74.15760891927717
255.23000715255736,-74.15982385556735,-74.15982385556735
255.24000715255738,-74.16203533247263,-74.16203533247263
255.25000715255737,-74.16424346031036,-74.16424346031036
255.26000715255736,-74.1664483482981,-74.1664483482981
255.27000715255738,-74.16865010461653,-74.16865010461653
255.28000715255737,-74.1708488364319,-74.1708488364319
255.29000715255737,-74.17304464996305,-74.17304464996305
255.30000715255738,-74.17523765047831,-74.17523765047831
255.31000715255738,-74.17742794233112,-74.17742794233112
255.32000715255737,-74.1796156289505,-74.1796156289505
255.33000715255739,-74.18180081289354,-74.18180081289354
255.34000715255738,-74.18398359580495,-74.18398359580495
255.35000715255737,-74.18616407843561,-74.18616407843561
255.3600071525574,-74.18834236067585,-74.18834236067585
255.37000715255738,-74.19051854149292,-74.19051854149292
255.38000715255737,-74.19269271896663,-74.19269271896663
255.39000715255736,-74.19486499027273,-74.19486499027273
255.40000715255738,-74.19703545168784,-74.19703545168784
255.41000715255737,-74.19920419856463,-74.19920419856463
255.42000715255736,-74.2013713253326,-74.2013713253326
255.43000715255738,-74.20353692549224,-74.20353692549224
255.44000715255737,-74.20570109160988,-74.20570109160988
255.45000715255736,-74.20786391530412,-74.20786391530412
255.46000715255738,-74.21002548724736,-74.21002548724736
255.47000715255737,-74.21218589714363,-74.21218589714363
255.48000715255736,-74.21434523373085,-74.21434523373085
255.49000715255738,-74.21650358478222,-74.21650358478222
255.50000715255737,-74.2186610370859,-74.2186610370859
255.51000715255736,-74.22081767645221,-74.22081767645221
255.52000715255738,-74.2229735876835,-74.2229735876835
255.53000715255737,-74.22512885461255,-74.22512885461255
255.54000715255737,-74.22728356006317,-74.22728356006317
255.55000715255738,-74.22943778584751,-74.22943778584751
255.56000715255738,-74.23159161278215,-74.23159161278215
255.57000715255737,-74.23374512067032,-74.23374512067032
255.58000715255739,-74.23589838831722,-74.23589838831722
255.59000715255738,-74.23805149350642,-74.23805149350642
255.60000715255737,-74.24020451299431,-74.24020451299431
255.6100071525574,-74.24235752255231,-74.24235752255231
255.62000715255738,-74.24451059691977,-74.24451059691977
255.63000715255737,-74.24666380982515,-74.24666380982515
255.64000715255736,-74.24881723398394,-74.24881723398394
255.65000715255738,-74.2509709411067,-74.2509709411067
255.66000715255737,-74.2531250018832,-74.2531250018832
255.67000715255736,-74.2552794860029,-74.2552794860029
255.68000715255738,-74.25743446215155,-74.25743446215155
255.69000715255737,-74.2595899980064,-74.2595899980064
255.70000715255736,-74.26174616023808,-74.26174616023808
255.71000715255738,-74.26390301454117,-74.26390301454117
255.72000715255737,-74.26606062560515,-74.26606062560515
255.73000715255736,-74.2682190571257,-74.2682190571257
255.74000715255738,-74.27037837183369,-74.27037837183369
255.75000715255737,-74.2725386314692,-74.2725386314692
255.76000715255736,-74.27469989680365,-74.27469989680365
255.77000715255738,-74.27686222763572,-74.27686222763572
255.78000715255737,-74.27902568280463,-74.27902568280463
255.79000715255737,-74.28119032020034,-74.28119032020034
255.80000715255738,-74.2833561967522,-74.2833561967522
255.81000715255738,-74.28552336844938,-74.28552336844938
255.82000715255737,-74.28769189034594,-74.28769189034594
255.83000715255739,-74.28986181655927,-74.28986181655927
255.84000715255738,-74.29203320029548,-74.29203320029548
255.85000717639923,-74.29420609900428,-74.29420609900428
255.86000717639922,-74.29638055371635,-74.29638055371635
255.87000717639924,-74.29855662006854,-74.29855662006854
255.88000717639923,-74.30073434763553,-74.30073434763553
255.89000717639922,-74.30291378510478,-74.30291378510478
255.90000717639924,-74.30509498029525,-74.30509498029525
255.91000717639923,-74.3072779801348,-74.3072779801348
255.92000717639922,-74.30946283070344,-74.30946283070344
255.93000717639924,-74.31164957722525,-74.31164957722525
255.94000717639923,-74.31383826406343,-74.31383826406343
255.95000717639923,-74.31602893476092,-74.31602893476092
255.96000717639924,-74.318221632005,-74.318221632005
255.97000717639924,-74.32041639768475,-74.32041639768475
255.98000717639923,-74.32261327286466,-74.32261327286466
255.99000717639922,-74.32481229780242,-74.32481229780242
256.0000071763992,-74.32701351196629,-74.32701351196629
256.01000717639926,-74.3292169540231,-74.3292169540231
256.02000717639925,-74.33142266186759,-74.33142266186759
256.03000717639924,-74.33363067261874,-74.33363067261874
256.04000717639923,-74.33584102263526,-74.33584102263526
256.0500071763992,-74.33805374752343,-74.33805374752343
256.0600071763992,-74.34026888212668,-74.34026888212668
256.07000717639926,-74.34248646057284,-74.34248646057284
256.08000717639925,-74.34470651625294,-74.34470651625294
256.09000717639924,-74.3469290818217,-74.3469290818217
256.10000717639923,-74.34915418923853,-74.34915418923853
256.1100071763992,-74.35138186975439,-74.35138186975439
256.1200071763992,-74.35361215392469,-74.35361215392469
256.1300071763992,-74.35584507161636,-74.35584507161636
256.14000717639925,-74.35808065201415,-74.35808065201415
256.15000717639924,-74.36031892364095,-74.36031892364095
256.16000717639923,-74.36255991434486,-74.36255991434486
256.1700071763992,-74.36480365133431,-74.36480365133431
256.1800071763992,-74.36705016116517,-74.36705016116517
256.1900071763992,-74.36929946974752,-74.36929946974752
256.20000717639925,-74.37155160237613,-74.37155160237613
256.21000717639924,-74.37380658371751,-74.37380658371751
256.22000717639924,-74.37606443782586,-74.37606443782586
256.2300071763992,-74.37832518814396,-74.37832518814396
256.2400071763992,-74.38058885753296,-74.38058885753296
256.2500071763992,-74.38285546824152,-74.38285546824152
256.26000717639926,-74.38512504196338,-74.38512504196338
256.27000717639925,-74.38739759979563,-74.38739759979563
256.28000717639924,-74.38967316228148,-74.38967316228148
256.29000717639923,-74.39195174939789,-74.39195174939789
256.3000071763992,-74.39423338057654,-74.39423338057654
256.3100071763992,-74.39651807470851,-74.39651807470851
256.32000717639926,-74.39880585014114,-74.39880585014114
256.33000717639925,-74.40109672469578,-74.40109672469578
256.34000717639924,-74.40339071566805,-74.40339071566805
256.35000717639923,-74.40568783984949,-74.40568783984949
256.3600071763992,-74.40798811352087,-74.40798811352087
256.3700071763992,-74.41029155245786,-74.41029155245786
256.3800071763992,-74.41259817194556,-74.41259817194556
256.39000717639925,-74.41490798679324,-74.41490798679324
256.40000717639924,-74.41722101132021,-74.41722101132021
256.41000717639923,-74.4195372593693,-74.4195372593693
256.4200071763992,-74.4218567443323,-74.4218567443323
256.4300071763992,-74.42417947913557,-74.42417947913557
256.4400071763992,-74.42650547625183,-74.42650547625183
256.45000717639925,-74.42883474771507,-74.42883474771507
256.46000717639924,-74.43116730510854,-74.43116730510854
256.47000717639924,-74.43350315959358,-74.43350315959358
256.4800071763992,-74.43584232190088,-74.43584232190088
256.4900071763992,-74.43818480234171,-74.43818480234171
256.5000071763992,-74.44053061082629,-74.44053061082629
256.51000717639926,-74.44287975683538,-74.44287975683538
256.52000717639925,-74.44523224946003,-74.44523224946003
256.53000717639924,-74.44758809739818,-74.44758809739818
256.54000717639923,-74.44994730895029,-74.44994730895029
256.5500071763992,-74.45230989204022,-74.45230989204022
256.5600071763992,-74.45467585421348,-74.45467585421348
256.57000717639926,-74.45704520264412,-74.45704520264412
256.58000717639925,-74.45941794413375,-74.45941794413375
256.59000717639924,-74.46179408513217,-74.46179408513217
256.60000717639923,-74.4641736317215,-74.4641736317215
256.6100071763992,-74.46655658964929,-74.46655658964929
256.6200071763992,-74.46894296430234,-74.46894296430234
256.6300071763992,-74.47133276074332,-74.47133276074332
256.64000717639925,-74.47372598369797,-74.47372598369797
256.65000717639924,-74.4761226375601,-74.4761226375601
256.66000717639923,-74.4785227264036,-74.4785227264036
256.6700071763992,-74.48092625396598,-74.48092625396598
256.6800071763992,-74.48333322369584,-74.48333322369584
256.6900071763992,-74.4857436387297,-74.4857436387297
256.7000072002411,-74.48815750762947,-74.48815750762947
256.7100072002411,-74.49056832002209,-74.49056832002209
256.72000720024107,-74.49297323355367,-74.49297323355367
256.73000720024106,-74.49537085938408,-74.49537085938408
256.7400072002411,-74.4977604839453,-74.4977604839453
256.7500072002411,-74.50014176989028,-74.50014176989028
256.7600072002411,-74.50251460077851,-74.50251460077851
256.7700072002411,-74.50487899009178,-74.50487899009178
256.7800072002411,-74.50723502657603,-74.50723502657603
256.79000720024106,-74.50958284139635,-74.50958284139635
256.8000072002411,-74.51192258838847,-74.51192258838847
256.8100072002411,-74.51425443230504,-74.51425443230504
256.8200072002411,-74.5165785419232,-74.5165785419232
256.8300072002411,-74.51889508602615,-74.51889508602615
256.8400072002411,-74.52120423125868,-74.52120423125868
256.85000720024107,-74.52350614098604,-74.52350614098604
256.8600072002411,-74.52580097487235,-74.52580097487235
256.8700072002411,-74.52808888876521,-74.52808888876521
256.8800072002411,-74.53037003485115,-74.53037003485115
256.8900072002411,-74.53264456187463,-74.53264456187463
256.9000072002411,-74.534912615414,-74.534912615414
256.91000720024107,-74.53717433817287,-74.53717433817287
256.9200072002411,-74.53942987026237,-74.53942987026237
256.9300072002411,-74.54167934942505,-74.54167934942505
256.9400072002411,-74.54392291130641,-74.54392291130641
256.9500072002411,-74.5461606896135,-74.5461606896135
256.9600072002411,-74.54839281630501,-74.54839281630501
256.97000720024107,-74.55061942171999,-74.55061942171999
256.98000720024106,-74.55284063472303,-74.55284063472303
256.9900072002411,-74.55505658278169,-74.55505658278169
257.0000072002411,-74.5572673920657,-74.5572673920657
257.0100072002411,-74.55947318750621,-74.55947318750621
257.0200072002411,-74.56167409285527,-74.56167409285527
257.0300072002411,-74.56387023073249,-74.56387023073249
257.04000720024106,-74.56606172266068,-74.56606172266068
257.0500072002411,-74.56824868907088,-74.56824868907088
257.0600072002411,-74.57043124935429,-74.57043124935429
257.0700072002411,-74.57260952186293,-74.57260952186293
257.0800072002411,-74.57478362390383,-74.57478362390383
257.0900072002411,-74.57695367177308,-74.57695367177308
257.10000720024107,-74.57911978072647,-74.57911978072647
257.1100072002411,-74.58128206501735,-74.58128206501735
257.1200072002411,-74.58344063786717,-74.58344063786717
257.1300072002411,-74.585595611459,-74.585595611459
257.1400072002411,-74.58774709695555,-74.58774709695555
257.1500072002411,-74.5898952044897,-74.5898952044897
257.16000720024107,-74.59204004313492,-74.59204004313492
257.1700072002411,-74.59418172091557,-74.59418172091557
257.1800072002411,-74.59632034481058,-74.59632034481058
257.1900072002411,-74.59845602073042,-74.59845602073042
257.2000072002411,-74.60058885351026,-74.60058885351026
257.2100072002411,-74.60271894692222,-74.60271894692222
257.22000720024107,-74.60484640364413,-74.60484640364413
257.23000720024106,-74.6069713252691,-74.6069713252691
257.2400072002411,-74.6090938123062,-74.6090938123062
257.2500072002411,-74.61121396414575,-74.61121396414575
257.2600072002411,-74.61333187908838,-74.61333187908838
257.2700072002411,-74.6154476543258,-74.6154476543258
257.2800072002411,-74.61756138593118,-74.61756138593118
257.29000720024106,-74.61967316886674,-74.61967316886674
257.3000072002411,-74.62178309698785,-74.62178309698785
257.3100072002411,-74.62389126300793,-74.62389126300793
257.3200072002411,-74.62599775853657,-74.62599775853657
257.3300072002411,-74.62810267405764,-74.62810267405764
257.3400072002411,-74.63020609892828,-74.63020609892828
257.35000720024107,-74.63230812138626,-74.63230812138626
257.3600072002411,-74.63440882853665,-74.63440882853665
257.3700072002411,-74.63650830637275,-74.63650830637275
257.3800072002411,-74.6386066397666,-74.6386066397666
257.3900072002411,-74.64070391247198,-74.64070391247198
257.4000072002411,-74.64280020711479,-74.64280020711479
257.41000720024107,-74.64489560521753,-74.64489560521753
257.4200072002411,-74.64699018718149,-74.64699018718149
257.4300072002411,-74.64908403231404,-74.64908403231404
257.4400072002411,-74.65117721881508,-74.65117721881508
257.4500072002411,-74.65326982377265,-74.65326982377265
257.4600072002411,-74.65535540792814,-74.65535540792814
257.47000720024107,-74.65743119006399,-74.65743119006399
257.48000720024106,-74.6594958506007,-74.6594958506007
257.4900072002411,-74.66154874594984,-74.66154874594984
257.5000072002411,-74.6635896087333,-74.6635896087333
257.5100072002411,-74.66561839216659,-74.66561839216659
257.5200072002411,-74.66763517891266,-74.66763517891266
257.5300072002411,-74.66964012626131,-74.66964012626131
257.54000720024106,-74.67163343324786,-74.67163343324786
257.55000722408295,-74.67361532558711,-74.67361532558711
257.56000722408294,-74.67558602497294,-74.67558602497294
257.57000722408293,-74.67754577059188,-74.67754577059188
257.5800072240829,-74.67949479612771,-74.67949479612771
257.59000722408297,-74.68143333234406,-74.68143333234406
257.60000722408296,-74.6833616059812,-74.6833616059812
257.61000722408295,-74.68527983930979,-74.68527983930979
257.62000722408294,-74.68718825002603,-74.68718825002603
257.63000722408293,-74.68908705141102,-74.68908705141102
257.6400072240829,-74.6909764525384,-74.6909764525384
257.65000722408297,-74.69285665858327,-74.69285665858327
257.66000722408296,-74.6947278710918,-74.6947278710918
257.67000722408295,-74.69659028828161,-74.69659028828161
257.68000722408294,-74.69844410527531,-74.69844410527531
257.69000722408293,-74.70028951434878,-74.70028951434878
257.7000072240829,-74.70212670513796,-74.70212670513796
257.710007224083,-74.7039558648035,-74.7039558648035
257.72000722408296,-74.70577717816515,-74.70577717816515
257.73000722408295,-74.7075908278587,-74.7075908278587
257.74000722408294,-74.70939699443741,-74.70939699443741
257.75000722408294,-74.71119585644219,-74.71119585644219
257.7600072240829,-74.71298759049215,-74.71298759049215
257.770007224083,-74.71477237133368,-74.71477237133368
257.78000722408296,-74.7165503719094,-74.7165503719094
257.79000722408296,-74.71832176338593,-74.71832176338593
257.80000722408295,-74.72008671517536,-74.72008671517536
257.81000722408294,-74.7218453949784,-74.7218453949784
257.82000722408293,-74.72359796879562,-74.72359796879562
257.8300072240829,-74.72534460094931,-74.72534460094931
257.84000722408297,-74.7270854540929,-74.7270854540929
257.85000722408296,-74.72882068922178,-74.72882068922178
257.86000722408295,-74.73055046566334,-74.73055046566334
257.87000722408294,-74.73227494111315,-74.73227494111315
257.88000722408293,-74.73399427160531,-74.73399427160531
257.8900072240829,-74.73570861153505,-74.73570861153505
257.90000722408297,-74.73741811365937,-74.73741811365937
257.91000722408296,-74.73912292907933,-74.73912292907933
257.92000722408295,-74.74082320726431,-74.74082320726431
257.93000722408294,-74.74251909602872,-74.74251909602872
257.94000722408293,-74.74421074155077,-74.74421074155077
257.9500072240829,-74.74589828836552,-74.74589828836552
257.960007224083,-74.74758187935089,-74.74758187935089
257.97000722408296,-74.74926165575143,-74.74926165575143
257.98000722408295,-74.75093775716078,-74.75093775716078
257.99000722408294,-74.75261032153446,-74.75261032153446
258.00000722408294,-74.75427948518237,-74.75427948518237
258.0100072240829,-74.75594538277126,-74.75594538277126
258.020007224083,-74.75760814733432,-74.75760814733432
258.03000722408296,-74.75926791026987,-74.75926791026987
258.04000722408296,-74.76092480133178,-74.76092480133178
258.05000722408295,-74.76257894865871,-74.76257894865871
258.06000722408294,-74.76423047874772,-74.76423047874772
258.07000722408293,-74.76587951648034,-74.76587951648034
258.0800072240829,-74.76752618512438,-74.76752618512438
258.09000722408297,-74.7691706063352,-74.7691706063352
258.10000722408296,-74.77081290016197,-74.77081290016197
258.11000722408295,-74.77245318505506,-74.77245318505506
258.12000722408294,-74.77409157786444,-74.77409157786444
258.13000722408293,-74.77572819388114,-74.77572819388114
258.1400072240829,-74.77736314678846,-74.77736314678846
258.15000722408297,-74.7789965487062,-74.7789965487062
258.16000722408296,-74.78062851020272,-74.78062851020272
258.17000722408295,-74.7822591402845,-74.7822591402845
258.18000722408294,-74.78388854642482,-74.78388854642482
258.19000722408293,-74.7855168345514,-74.7855168345514
258.2000072240829,-74.78714410907696,-74.78714410907696
258.210007224083,-74.78877047289582,-74.78877047289582
258.22000722408296,-74.79039602739084,-74.79039602739084
258.23000722408295,-74.7920208724648,-74.7920208724648
258.24000722408294,-74.79364510653842,-74.79364510653842
258.25000722408294,-74.79526882654552,-74.79526882654552
258.2600072240829,-74.79689212797308,-74.79689212797308
258.270007224083,-74.79851510484666,-74.79851510484666
258.28000722408296,-74.80013784977425,-74.80013784977425
258.29000722408296,-74.80176045392079,-74.80176045392079
258.30000722408295,-74.8033830070531,-74.8033830070531
258.31000722408294,-74.80500559752215,-74.80500559752215
258.32000722408293,-74.80662831230642,-74.80662831230642
258.3300072240829,-74.80825123699368,-74.80825123699368
258.34000722408297,-74.80987445581513,-74.80987445581513
258.35000722408296,-74.81149805165201,-74.81149805165201
258.36000722408295,-74.81312210604905,-74.81312210604905
258.37000722408294,-74.81474669923088,-74.81474669923088
258.38000722408293,-74.81637191009894,-74.81637191009894
258.3900072240829,-74.8179978162594,-74.8179978162594
258.4000072479248,-74.8196244979136,-74.8196244979136
258.4100072479248,-74.82125202237047,-74.82125202237047
258.4200072479248,-74.82288046727999,-74.82288046727999
258.4300072479248,-74.82450990519753,-74.82450990519753
258.4400072479248,-74.82614040742735,-74.82614040742735
258.4500072479248,-74.8277720440648,-74.8277720440648
258.4600072479248,-74.8294048839981,-74.8294048839981
258.4700072479248,-74.83103899492517,-74.83103899492517
258.4800072479248,-74.83267444335044,-74.83267444335044
258.4900072479248,-74.83431129462625,-74.83431129462625
258.5000072479248,-74.8359496129474,-74.8359496129474
258.5100072479248,-74.83758946136835,-74.83758946136835
258.5200072479248,-74.83923090179987,-74.83923090179987
258.5300072479248,-74.84087399506792,-74.84087399506792
258.5400072479248,-74.84251880089157,-74.84251880089157
258.5500072479248,-74.84416537787357,-74.84416537787357
258.56000724792483,-74.84581378357504,-74.84581378357504
258.5700072479248,-74.84746407447675,-74.84746407447675
258.5800072479248,-74.84911630602127,-74.84911630602127
258.5900072479248,-74.85077053260297,-74.85077053260297
258.6000072479248,-74.8524268075931,-74.8524268075931
258.6100072479248,-74.85408518336669,-74.85408518336669
258.62000724792483,-74.85574571128582,-74.85574571128582
258.6300072479248,-74.85740844172642,-74.85740844172642
258.6400072479248,-74.8590734240952,-74.8590734240952
258.6500072479248,-74.86074070684063,-74.86074070684063
258.6600072479248,-74.86241033744929,-74.86241033744929
258.6700072479248,-74.86408236249326,-74.86408236249326
258.6800072479248,-74.86575682758851,-74.86575682758851
258.6900072479248,-74.86743377746502,-74.86743377746502
258.7000072479248,-74.86911325593647,-74.86911325593647
258.7100072479248,-74.87079530592878,-74.87079530592878
258.7200072479248,-74.87247996949566,-74.87247996949566
258.7300072479248,-74.87416728781615,-74.87416728781615
258.7400072479248,-74.8758573012227,-74.8758573012227
258.7500072479248,-74.87755004919218,-74.87755004919218
258.7600072479248,-74.87924557038203,-74.87924557038203
258.7700072479248,-74.88094390262026,-74.88094390262026
258.7800072479248,-74.88264508293764,-74.88264508293764
258.7900072479248,-74.88434914753743,-74.88434914753743
258.8000072479248,-74.8860561318604,-74.8860561318604
258.81000724792483,-74.88776607056232,-74.88776607056232
258.8200072479248,-74.8894789975298,-74.8894789975298
258.8300072479248,-74.8911949458924,-74.8911949458924
258.8400072479248,-74.89291394803732,-74.89291394803732
258.8500072479248,-74.89463603560449,-74.89463603560449
258.8600072479248,-74.89636123952226,-74.89636123952226
258.87000724792483,-74.89808958999315,-74.89808958999315
258.8800072479248,-74.89982111651895,-74.89982111651895
258.8900072479248,-74.90155584790637,-74.90155584790637
258.9000072479248,-74.90329381226216,-74.90329381226216
258.9100072479248,-74.90503503704039,-74.90503503704039
258.9200072479248,-74.90677954900562,-74.90677954900562
258.9300072479248,-74.90852737428574,-74.90852737428574
258.9400072479248,-74.91027853833816,-74.91027853833816
258.9500072479248,-74.91203306599276,-74.91203306599276
258.9600072479248,-74.91378444387725,-74.91378444387725
258.9700072479248,-74.91552982997062,-74.91552982997062
258.9800072479248,-74.91726784947467,-74.91726784947467
258.9900072479248,-74.91899780638082,-74.91899780638082
259.0000072479248,-74.92071938268997,-74.92071938268997
259.0100072479248,-74.92243248220849,-74.92243248220849
259.0200072479248,-74.92413713907305,-74.92413713907305
259.0300072479248,-74.92583346279493,-74.92583346279493
259.0400072479248,-74.92752160519052,-74.92752160519052
259.0500072479248,-74.92920174056863,-74.92920174056863
259.06000724792483,-74.93087405390388,-74.93087405390388
259.0700072479248,-74.93253873387975,-74.93253873387975
259.0800072479248,-74.93419596889659,-74.93419596889659
259.0900072479248,-74.93584594487687,-74.93584594487687
259.1000072479248,-74.9374888441667,-74.9374888441667
259.1100072479248,-74.93912484508232,-74.93912484508232
259.12000724792483,-74.94075412181083,-74.94075412181083
259.1300072479248,-74.94237684456887,-74.94237684456887
259.1400072479248,-74.94399317983205,-74.94399317983205
259.1500072479248,-74.94560329060954,-74.94560329060954
259.1600072479248,-74.94720733674322,-74.94720733674322
259.1700072479248,-74.9488054751979,-74.9488054751979
259.1800072479248,-74.95039786030921,-74.95039786030921
259.1900072479248,-74.95198464401967,-74.95198464401967
259.2000072479248,-74.95356597605557,-74.95356597605557
259.2100072479248,-74.95514200414793,-74.95514200414793
259.2200072479248,-74.9567128741572,-74.9567128741572
259.2300072479248,-74.95827873018892,-74.95827873018892
259.2400072479248,-74.95983971471821,-74.95983971471821
259.25000727176666,-74.96139597236443,-74.96139597236443
259.26000727176665,-74.96294763515584,-74.96294763515584
259.27000727176664,-74.96449484483057,-74.96449484483057
259.28000727176664,-74.96603773803632,-74.96603773803632
259.2900072717667,-74.96757645009764,-74.96757645009764
259.3000072717667,-74.96911111501961,-74.96911111501961
259.31000727176666,-74.97064186553624,-74.97064186553624
259.32000727176666,-74.97216883310874,-74.97216883310874
259.33000727176665,-74.97369214795343,-74.97369214795343
259.34000727176664,-74.97521193904578,-74.97521193904578
259.3500072717667,-74.97672833411724,-74.97672833411724
259.3600072717667,-74.97824145967073,-74.97824145967073
259.37000727176667,-74.97975144097973,-74.97975144097973
259.38000727176666,-74.98125840207244,-74.98125840207244
259.39000727176665,-74.98276246575585,-74.98276246575585
259.40000727176664,-74.98426375358386,-74.98426375358386
259.4100072717667,-74.98576238589212,-74.98576238589212
259.4200072717667,-74.98725848175486,-74.98725848175486
259.43000727176667,-74.98875215900388,-74.98875215900388
259.44000727176666,-74.99024353420968,-74.99024353420968
259.45000727176665,-74.99173272270268,-74.99173272270268
259.46000727176664,-74.99321983853987,-74.99321983853987
259.4700072717667,-74.99470499451724,-74.99470499451724
259.4800072717667,-74.9961883021655,-74.9961883021655
259.4900072717667,-74.99766987173915,-74.99766987173915
259.50000727176666,-74.99914981222423,-74.99914981222423
259.51000727176665,-75.00062823133206,-75.00062823133206
259.52000727176664,-75.00210523548654,-75.00210523548654
259.53000727176664,-75.00358092983878,-75.00358092983878
259.5400072717667,-75.00505541826605,-75.00505541826605
259.5500072717667,-75.00652880335382,-75.00652880335382
259.56000727176666,-75.00800118641703,-75.00800118641703
259.57000727176666,-75.00947266748408,-75.00947266748408
259.58000727176665,-75.01094334530232,-75.01094334530232
259.59000727176664,-75.01241331734245,-75.01241331734245
259.6000072717667,-75.01388267980252,-75.01388267980252
259.6100072717667,-75.01535152760641,-75.01535152760641
259.62000727176667,-75.01681995440578,-75.01681995440578
259.63000727176666,-75.0182880525983,-75.0182880525983
259.64000727176665,-75.0197559132969,-75.0197559132969
259.65000727176664,-75.02122362636996,-75.02122362636996
259.6600072717667,-75.02269128043085,-75.02269128043085
259.6700072717667,-75.02415896283416,-75.02415896283416
259.68000727176667,-75.02562675969729,-75.02562675969729
259.69000727176666,-75.0270947559059,-75.0270947559059
259.70000727176665,-75.02856303510602,-75.02856303510602
259.71000727176664,-75.03002513253163,-75.03002513253163
259.7200072717667,-75.03147826000075,-75.03147826000075
259.7300072717667,-75.03292109821163,-75.03292109821163
259.7400072717667,-75.03435300711456,-75.03435300711456
259.75000727176666,-75.03577372461564,-75.03577372461564
259.76000727176665,-75.03718321019117,-75.03718321019117
259.77000727176664,-75.03858155322371,-75.03858155322371
259.78000727176664,-75.03996891796989,-75.03996891796989
259.7900072717667,-75.04134551045993,-75.04134551045993
259.8000072717667,-75.0427115586356,-75.0427115586356
259.81000727176666,-75.04406730050968,-75.04406730050968
259.82000727176666,-75.04541297720073,-75.04541297720073
259.83000727176665,-75.0467488289456,-75.0467488289456
259.84000727176664,-75.04807509287019,-75.04807509287019
259.8500072717667,-75.04939200194032,-75.04939200194032
259.8600072717667,-75.05069978445201,-75.05069978445201
259.87000727176667,-75.05199866399933,-75.05199866399933
259.88000727176666,-75.05328885957876,-75.05328885957876
259.89000727176665,-75.05457058584096,-75.05457058584096
259.90000727176664,-75.05584405337773,-75.05584405337773
259.9100072717667,-75.05710946903943,-75.05710946903943
259.9200072717667,-75.05836703616541,-75.05836703616541
259.93000727176667,-75.0596169548956,-75.0596169548956
259.94000727176666,-75.06085942239764,-75.06085942239764
259.95000727176665,-75.06209463304833,-75.06209463304833
259.96000727176664,-75.06332277863586,-75.06332277863586
259.9700072717667,-75.0645440485109,-75.0645440485109
259.9800072717667,-75.06575862969116,-75.06575862969116
259.9900072717667,-75.06696670701163,-75.06696670701163
260.00000727176666,-75.06816846319714,-75.06816846319714
260.01000727176665,-75.06936407891897,-75.06936407891897
260.02000727176664,-75.07055373289691,-75.07055373289691
260.03000727176664,-75.07173760190943,-75.07173760190943
260.0400072717667,-75.07291586088294,-75.07291586088294
260.0500072717667,-75.07408868287989,-75.07408868287989
260.06000727176666,-75.07525623915731,-75.07525623915731
260.07000727176666,-75.07641869917587,-75.07641869917587
260.08000727176665,-75.07757623062503,-75.07757623062503
260.09000727176664,-75.0787289994233,-75.0787289994233
260.1000072956085,-75.07987717247978,-75.07987717247978
260.1100072956085,-75.08102090674414,-75.08102090674414
260.1200072956085,-75.08216036565099,-75.08216036565099
260.1300072956085,-75.08329570815935,-75.08329570815935
260.14000729560854,-75.08442709149631,-75.08442709149631
260.15000729560853,-75.08555467116079,-75.08555467116079
260.1600072956085,-75.08667860092817,-75.08667860092817
260.1700072956085,-75.08779903284695,-75.08779903284695
260.1800072956085,-75.08891611723942,-75.08891611723942
260.1900072956085,-75.0900300027104,-75.0900300027104
260.20000729560854,-75.09114083614051,-75.09114083614051
260.21000729560853,-75.09224876268766,-75.09224876268766
260.2200072956085,-75.09335392579294,-75.09335392579294
260.2300072956085,-75.094456467177,-75.094456467177
260.2400072956085,-75.09555652684905,-75.09555652684905
260.2500072956085,-75.09665424309944,-75.09665424309944
260.26000729560855,-75.09774975250699,-75.09774975250699
260.27000729560854,-75.09884318994985,-75.09884318994985
260.2800072956085,-75.09993468858883,-75.09993468858883
260.2900072956085,-75.1010243798929,-75.1010243798929
260.3000072956085,-75.1021123936435,-75.1021123936435
260.3100072956085,-75.1031988579167,-75.1031988579167
260.32000729560855,-75.10428389910707,-75.10428389910707
260.33000729560854,-75.10536764192298,-75.10536764192298
260.34000729560853,-75.10645020941624,-75.10645020941624
260.3500072956085,-75.10753172296054,-75.10753172296054
260.3600072956085,-75.10861230227343,-75.10861230227343
260.3700072956085,-75.10969206541115,-75.10969206541115
260.3800072956085,-75.11077112880953,-75.11077112880953
260.39000729560854,-75.11184960724917,-75.11184960724917
260.40000729560853,-75.11292761388157,-75.11292761388157
260.4100072956085,-75.11400526026496,-75.11400526026496
260.4200072956085,-75.11508265632868,-75.11508265632868
260.4300072956085,-75.1161599104112,-75.1161599104112
260.4400072956085,-75.11723712926572,-75.11723712926572
260.45000729560854,-75.11831441806686,-75.11831441806686
260.46000729560853,-75.1193918804222,-75.1193918804222
260.4700072956085,-75.12046961839741,-75.12046961839741
260.4800072956085,-75.12154773249397,-75.12154773249397
260.4900072956085,-75.12262632170012,-75.12262632170012
260.5000072956085,-75.1237054834763,-75.1237054834763
260.51000729560855,-75.1247853137798,-75.1247853137798
260.52000729560854,-75.12586590705769,-75.12586590705769
260.5300072956085,-75.12694735629705,-75.12694735629705
260.5400072956085,-75.1280297530006,-75.1280297530006
260.5500072956085,-75.12911318722254,-75.12911318722254
260.5600072956085,-75.13019774756035,-75.13019774756035
260.57000729560855,-75.13128352119696,-75.13128352119696
260.58000729560854,-75.13237059387929,-75.13237059387929
260.59000729560853,-75.133459049963,-75.133459049963
260.6000072956085,-75.13454897240615,-75.13454897240615
260.6100072956085,-75.13564044278942,-75.13564044278942
260.6200072956085,-75.13673354134042,-75.13673354134042
260.6300072956085,-75.13782834691814,-75.13782834691814
260.64000729560854,-75.13892493705355,-75.13892493705355
260.65000729560853,-75.14002338795427,-75.14002338795427
260.6600072956085,-75.14112377451887,-75.14112377451887
260.6700072956085,-75.14222617034665,-75.14222617034665
260.6800072956085,-75.14333064776183,-75.14333064776183
260.6900072956085,-75.14443727781354,-75.14443727781354
260.70000729560854,-75.1455461303025,-75.1455461303025
260.71000729560853,-75.14665727377938,-75.14665727377938
260.7200072956085,-75.14777077558247,-75.14777077558247
260.7300072956085,-75.14888670182725,-75.14888670182725
260.7400072956085,-75.15000511743834,-75.15000511743834
260.7500072956085,-75.15112608614115,-75.15112608614115
260.76000729560855,-75.15224967049768,-75.15224967049768
260.77000729560854,-75.15337593191926,-75.15337593191926
260.7800072956085,-75.15450493066368,-75.15450493066368
260.7900072956085,-75.15563672585807,-75.15563672585807
260.8000072956085,-75.1567713755182,-75.1567713755182
260.8100072956085,-75.15790893654948,-75.15790893654948
260.82000729560855,-75.15904946477238,-75.15904946477238
260.83000729560854,-75.16019301492064,-75.16019301492064
260.84000729560853,-75.16133964067794,-75.16133964067794
260.8500072956085,-75.16248939466483,-75.16248939466483
260.8600072956085,-75.16364232847117,-75.16364232847117
260.8700072956085,-75.16479849265828,-75.16479849265828
260.8800072956085,-75.16595793678695,-75.16595793678695
260.89000729560854,-75.16712070940201,-75.16712070940201
260.90000729560853,-75.16828685807079,-75.16828685807079
260.9100072956085,-75.16945642938414,-75.16945642938414
260.9200072956085,-75.17062946897717,-75.17062946897717
260.9300072956085,-75.17180602152752,-75.17180602152752
260.9400072956085,-75.17298613079176,-75.17298613079176
260.9500073194504,-75.17416984240063,-75.17416984240063
260.96000731945037,-75.17535719264838,-75.17535719264838
260.97000731945036,-75.17654822534442,-75.17654822534442
260.98000731945035,-75.17774298061364,-75.17774298061364
260.9900073194504,-75.17894149770412,-75.17894149770412
261.0000073194504,-75.18014381499366,-75.18014381499366
261.0100073194504,-75.18134997002089,-75.18134997002089
261.0200073194504,-75.1825599994648,-75.1825599994648
261.03000731945036,-75.18377393918863,-75.18377393918863
261.04000731945035,-75.18499182423575,-75.18499182423575
261.0500073194504,-75.18621368883238,-75.18621368883238
261.0600073194504,-75.18743956641062,-75.18743956641062
261.0700073194504,-75.1886694896226,-75.1886694896226
261.0800073194504,-75.18990349035157,-75.18990349035157
261.09000731945036,-75.19114159970692,-75.19114159970692
261.10000731945036,-75.19238384803725,-75.19238384803725
261.1100073194504,-75.1936302649665,-75.1936302649665
261.1200073194504,-75.19488087937704,-75.19488087937704
261.1300073194504,-75.19613571942699,-75.19613571942699
261.1400073194504,-75.19739481256363,-75.19739481256363
261.15000731945037,-75.19865818553951,-75.19865818553951
261.16000731945036,-75.19992586439828,-75.19992586439828
261.1700073194504,-75.20119787452029,-75.20119787452029
261.1800073194504,-75.20247424060398,-75.20247424060398
261.1900073194504,-75.20375498668899,-75.20375498668899
261.2000073194504,-75.20504013615056,-75.20504013615056
261.21000731945037,-75.2063297117282,-75.2063297117282
261.22000731945036,-75.20762373553801,-75.20762373553801
261.23000731945035,-75.20892222904864,-75.20892222904864
261.2400073194504,-75.21022521311933,-75.21022521311933
261.2500073194504,-75.21153270800956,-75.21153270800956
261.2600073194504,-75.21284473337168,-75.21284473337168
261.2700073194504,-75.21416130826252,-75.21416130826252
261.28000731945036,-75.2154824511732,-75.2154824511732
261.29000731945035,-75.21680818001671,-75.21680818001671
261.3000073194504,-75.21813851213427,-75.21813851213427
261.3100073194504,-75.21947346431418,-75.21947346431418
261.3200073194504,-75.22081305280213,-75.22081305280213
261.3300073194504,-75.22215729329007,-75.22215729329007
261.34000731945036,-75.22350620095199,-75.22350620095199
261.35000731945036,-75.2248597904237,-75.2248597904237
261.3600073194504,-75.22621807584379,-75.22621807584379
261.3700073194504,-75.2275810708276,-75.2275810708276
261.3800073194504,-75.22894878848568,-75.22894878848568
261.3900073194504,-75.23032124145058,-75.23032124145058
261.40000731945037,-75.23169844186171,-75.23169844186171
261.41000731945036,-75.23308040136449,-75.23308040136449
261.4200073194504,-75.23446713115545,-75.23446713115545
261.4300073194504,-75.23585864195283,-75.23585864195283
261.4400073194504,-75.23725494403031,-75.23725494403031
261.4500073194504,-75.23864685775071,-75.23864685775071
261.46000731945037,-75.2400237192606,-75.2400237192606
261.47000731945036,-75.24137630603276,-75.24137630603276
261.48000731945035,-75.24269710389557,-75.24269710389557
261.4900073194504,-75.24397995588708,-75.24397995588708
261.5000073194504,-75.24521971773443,-75.24521971773443
261.5100073194504,-75.24641202077335,-75.24641202077335
261.5200073194504,-75.24755311961202,-75.24755311961202
261.53000731945036,-75.24863979138651,-75.24863979138651
261.54000731945035,-75.24966926410556,-75.24966926410556
261.5500073194504,-75.25063916151866,-75.25063916151866
261.5600073194504,-75.25154745779962,-75.25154745779962
261.5700073194504,-75.25239243879787,-75.25239243879787
261.5800073194504,-75.25317266811314,-75.25317266811314
261.59000731945036,-75.25388695702014,-75.25388695702014
261.60000731945036,-75.25453433773939,-75.25453433773939
261.6100073194504,-75.25511403963884,-75.25511403963884
261.6200073194504,-75.25562546800734,-75.25562546800734
261.6300073194504,-75.25606818521703,-75.25606818521703
261.6400073194504,-75.25644189391612,-75.25644189391612
261.65000731945037,-75.25674642214264,-75.25674642214264
261.66000731945036,-75.25698171001638,-75.25698171001638
261.6700073194504,-75.25714779796076,-75.25714779796076
261.6800073194504,-75.25724481619326,-75.25724481619326
261.6900073194504,-75.25727297536726,-75.25727297536726
261.7000073194504,-75.2572325582317,-75.2572325582317
261.71000731945037,-75.25712391216267,-75.25712391216267
261.72000731945036,-75.25694744248952,-75.25694744248952
261.73000731945035,-75.25670360654807,-75.25670360654807
261.7400073194504,-75.2563929083022,-75.2563929083022
261.7500073194504,-75.25601589352597,-75.25601589352597
261.7600073194504,-75.25557314546532,-75.25557314546532
261.7700073194504,-75.25506528094589,-75.25506528094589
261.78000731945036,-75.25449294680622,-75.25449294680622
261.79000731945035,-75.25385681673845,-75.25385681673845
261.80000734329224,-75.25315758670253,-75.25315758670253
261.8100073432922,-75.25239597880037,-75.25239597880037
261.8200073432922,-75.25157272936315,-75.25157272936315
261.8300073432922,-75.25068859297542,-75.25068859297542
261.84000734329226,-75.24974433895598,-75.24974433895598
261.85000734329225,-75.24874074955953,-75.24874074955953
261.86000734329224,-75.2476786182988,-75.2476786182988
261.87000734329223,-75.24655874844366,-75.24655874844366
261.8800073432922,-75.24538195161865,-75.24538195161865
261.8900073432922,-75.24414904650236,-75.24414904650236
261.90000734329226,-75.2428608576891,-75.2428608576891
261.91000734329225,-75.24151821454946,-75.24151821454946
261.92000734329224,-75.24012195029853,-75.24012195029853
261.93000734329223,-75.23867290101532,-75.23867290101532
261.9400073432922,-75.23717190484147,-75.23717190484147
261.9500073432922,-75.23561980117331,-75.23561980117331
261.96000734329226,-75.23401742993563,-75.23401742993563
261.97000734329225,-75.23236563093562,-75.23236563093562
261.98000734329224,-75.23066524322162,-75.23066524322162
261.99000734329223,-75.2289171045299,-75.2289171045299
262.0000073432922,-75.22712205073535,-75.22712205073535
262.0100073432922,-75.22528091538825,-75.22528091538825
262.02000734329226,-75.22339452924449,-75.22339452924449
262.03000734329225,-75.22146371984613,-75.22146371984613
262.04000734329225,-75.21948931115682,-75.21948931115682
262.05000734329224,-75.21747212316922,-75.21747212316922
262.0600073432922,-75.21541297160509,-75.21541297160509
262.0700073432922,-75.21331266759947,-75.21331266759947
262.0800073432922,-75.21117201741899,-75.21117201741899
262.09000734329226,-75.20899182218513,-75.20899182218513
262.10000734329225,-75.20677287766698,-75.20677287766698
262.11000734329224,-75.20451597403512,-75.20451597403512
262.12000734329223,-75.20222189567521,-75.20222189567521
262.1300073432922,-75.19989142099183,-75.19989142099183
262.1400073432922,-75.19752532224328,-75.19752532224328
262.15000734329226,-75.19512436538034,-75.19512436538034
262.16000734329225,-75.19268930990575,-75.19268930990575
262.17000734329224,-75.19022090876165,-75.19022090876165
262.18000734329223,-75.18771990818544,-75.18771990818544
262.1900073432922,-75.18518704761658,-75.18518704761658
262.2000073432922,-75.18262305960933,-75.18262305960933
262.21000734329226,-75.18002866973988,-75.18002866973988
262.22000734329225,-75.17740459652043,-75.17740459652043
262.23000734329224,-75.17475155135644,-75.17475155135644
262.24000734329223,-75.17207023847958,-75.17207023847958
262.2500073432922,-75.16936135487026,-75.16936135487026
262.2600073432922,-75.16662559025545,-75.16662559025545
262.27000734329226,-75.16386362704739,-75.16386362704739
262.28000734329225,-75.16107614031782,-75.16107614031782
262.29000734329225,-75.15826379777978,-75.15826379777978
262.30000734329224,-75.15542725976266,-75.15542725976266
262.3100073432922,-75.15256717921098,-75.15256717921098
262.3200073432922,-75.14968420165744,-75.14968420165744
262.3300073432922,-75.14677896524003,-75.14677896524003
262.34000734329226,-75.14385210070434,-75.14385210070434
262.35000734329225,-75.14090423137456,-75.14090423137456
262.36000734329224,-75.13793597322177,-75.13793597322177
262.37000734329223,-75.1349479348184,-75.1349479348184
262.3800073432922,-75.1319407174137,-75.1319407174137
262.3900073432922,-75.12891491489746,-75.12891491489746
262.40000734329226,-75.12587111387177,-75.12587111387177
262.41000734329225,-75.1228098936439,-75.1228098936439
262.42000734329224,-75.11973182628344,-75.11973182628344
262.43000734329223,-75.11663747663118,-75.11663747663118
262.4400073432922,-75.11352740234518,-75.11352740234518
262.4500073432922,-75.11040215393776,-75.11040215393776
262.46000734329226,-75.10726227481682,-75.10726227481682
262.47000734329225,-75.10410830131143,-75.10410830131143
262.48000734329224,-75.10094076273802,-75.10094076273802
262.49000734329223,-75.09776018143414,-75.09776018143414
262.5000073432922,-75.09456707278764,-75.09456707278764
262.5100073432922,-75.09136194532033,-75.09136194532033
262.52000734329226,-75.08814530070119,-75.08814530070119
262.53000734329225,-75.08491763381987,-75.08491763381987
262.54000734329225,-75.08167943282633,-75.08167943282633
262.55000734329224,-75.07843117919182,-75.07843117919182
262.5600073432922,-75.07517334775089,-75.07517334775089
262.5700073432922,-75.07190640677824,-75.07190640677824
262.5800073432922,-75.06863081801109,-75.06863081801109
262.59000734329226,-75.06534703673297,-75.06534703673297
262.60000734329225,-75.06205551180855,-75.06205551180855
262.61000734329224,-75.05875668576327,-75.05875668576327
262.62000734329223,-75.05545099482978,-75.05545099482978
262.6300073432922,-75.05213886900218,-75.05213886900218
262.6400073432922,-75.04882073209646,-75.04882073209646
262.6500073671341,-75.04549699390205,-75.04549699390205
262.6600073671341,-75.04216808188772,-75.04216808188772
262.6700073671341,-75.03883439379159,-75.03883439379159
262.68000736713407,-75.03549632932587,-75.03549632932587
262.6900073671341,-75.03215428232322,-75.03215428232322
262.7000073671341,-75.02880864079131,-75.02880864079131
262.7100073671341,-75.02545978699,-75.02545978699
262.7200073671341,-75.02210809748397,-75.02210809748397
262.7300073671341,-75.0187539431919,-75.0187539431919
262.74000736713407,-75.01539768945543,-75.01539768945543
262.7500073671341,-75.01203969610668,-75.01203969610668
262.7600073671341,-75.00868031751713,-75.00868031751713
262.7700073671341,-75.00531990266093,-75.00531990266093
262.7800073671341,-75.0019587951713,-75.0019587951713
262.7900073671341,-74.99859733340998,-74.99859733340998
262.80000736713407,-74.9952358505319,-74.9952358505319
262.8100073671341,-74.99187467452258,-74.99187467452258
262.8200073671341,-74.98851412825964,-74.98851412825964
262.8300073671341,-74.98515452959226,-74.98515452959226
262.8400073671341,-74.98179619138622,-74.98179619138622
262.8500073671341,-74.97843942158707,-74.97843942158707
262.8600073671341,-74.97508452325997,-74.97508452325997
262.8700073671341,-74.97173179468,-74.97173179468
262.8800073671341,-74.96838152936553,-74.96838152936553
262.8900073671341,-74.96503401613121,-74.96503401613121
262.9000073671341,-74.96168953916106,-74.96168953916106
262.9100073671341,-74.95834837806996,-74.95834837806996
262.9200073671341,-74.95501080792334,-74.95501080792334
262.93000736713407,-74.95167709933631,-74.95167709933631
262.9400073671341,-74.94834751849633,-74.94834751849633
262.9500073671341,-74.9450223272367,-74.9450223272367
262.9600073671341,-74.94169524363957,-74.94169524363957
262.9700073671341,-74.93836365523585,-74.93836365523585
262.9800073671341,-74.93502641641312,-74.93502641641312
262.99000736713407,-74.93168305967757,-74.93168305967757
263.0000073671341,-74.92833349420117,-74.92833349420117
263.0100073671341,-74.92497784897881,-74.92497784897881
263.0200073671341,-74.92161638077863,-74.92161638077863
263.0300073671341,-74.9182494187574,-74.9182494187574
263.0400073671341,-74.91487733113746,-74.91487733113746
263.05000736713407,-74.91150050519956,-74.91150050519956
263.0600073671341,-74.9081193353448,-74.9081193353448
263.0700073671341,-74.9047342160934,-74.9047342160934
263.0800073671341,-74.90134553808369,-74.90134553808369
263.0900073671341,-74.8979536858807,-74.8979536858807
263.1000073671341,-74.89455903690983,-74.89455903690983
263.1100073671341,-74.89116196105923,-74.89116196105923
263.1200073671341,-74.8877628206152,-74.8877628206152
263.1300073671341,-74.88436197049192,-74.88436197049192
263.1400073671341,-74.88095975850212,-74.88095975850212
263.1500073671341,-74.8775565257082,-74.8775565257082
263.1600073671341,-74.87415260676079,-74.87415260676079
263.1700073671341,-74.87074833025798,-74.87074833025798
263.18000736713407,-74.8673440190396,-74.8673440190396
263.1900073671341,-74.8639399904842,-74.8639399904842
263.2000073671341,-74.86053655674607,-74.86053655674607
263.2100073671341,-74.85713402501199,-74.85713402501199
263.2200073671341,-74.85373269767258,-74.85373269767258
263.2300073671341,-74.8503328725144,-74.8503328725144
263.24000736713407,-74.84693484286896,-74.84693484286896
263.2500073671341,-74.8435388977255,-74.8435388977255
263.2600073671341,-74.84014532187956,-74.84014532187956
263.2700073671341,-74.83675439602384,-74.83675439602384
263.2800073671341,-74.8333663968229,-74.8333663968229
263.2900073671341,-74.82998159702069,-74.82998159702069
263.30000736713407,-74.82660026547579,-74.82660026547579
263.3100073671341,-74.82322266724904,-74.82322266724904
263.3200073671341,-74.81984906365182,-74.81984906365182
263.3300073671341,-74.81647971230669,-74.81647971230669
263.3400073671341,-74.81311486716541,-74.81311486716541
263.3500073671341,-74.80975477858763,-74.80975477858763
263.3600073671341,-74.80639969335415,-74.80639969335415
263.3700073671341,-74.8030498547042,-74.8030498547042
263.3800073671341,-74.7997055023852,-74.7997055023852
263.3900073671341,-74.79636687266107,-74.79636687266107
263.4000073671341,-74.79303419837656,-74.79303419837656
263.4100073671341,-74.78970770894944,-74.78970770894944
263.4200073671341,-74.78638763042716,-74.78638763042716
263.43000736713407,-74.78307418549686,-74.78307418549686
263.4400073671341,-74.77976759350713,-74.77976759350713
263.4500073671341,-74.77646807053162,-74.77646807053162
263.4600073671341,-74.77317582935454,-74.77317582935454
263.4700073671341,-74.7698910795078,-74.7698910795078
263.4800073671341,-74.76661402730136,-74.76661402730136
263.49000736713407,-74.76334487586404,-74.76334487586404
263.50000739097595,-74.76008381736348,-74.76008381736348
263.51000739097594,-74.75683106415872,-74.75683106415872
263.52000739097593,-74.75358680214438,-74.75358680214438
263.5300073909759,-74.7503512218969,-74.7503512218969
263.540007390976,-74.7471245109433,-74.7471245109433
263.55000739097596,-74.74390685374323,-74.74390685374323
263.56000739097595,-74.74069843176171,-74.74069843176171
263.57000739097595,-74.73749942345698,-74.73749942345698
263.58000739097594,-74.73431000433658,-74.73431000433658
263.5900073909759,-74.73113034695338,-74.73113034695338
263.600007390976,-74.72796062096502,-74.72796062096502
263.61000739097597,-74.72480099313069,-74.72480099313069
263.62000739097596,-74.72165162736508,-74.72165162736508
263.63000739097595,-74.71851268474273,-74.71851268474273
263.64000739097594,-74.71538432352517,-74.71538432352517
263.65000739097593,-74.71226669921374,-74.71226669921374
263.660007390976,-74.7091599645554,-74.7091599645554
263.67000739097597,-74.7060642695628,-74.7060642695628
263.68000739097596,-74.70297976155638,-74.70297976155638
263.69000739097595,-74.69990658520048,-74.69990658520048
263.70000739097594,-74.69684488251322,-74.69684488251322
263.71000739097593,-74.69378827594277,-74.69378827594277
263.720007390976,-74.69073404684742,-74.69073404684742
263.73000739097597,-74.68768094014563,-74.68768094014563
263.74000739097596,-74.68462837824474,-74.68462837824474
263.75000739097595,-74.6815761604986,-74.6815761604986
263.76000739097594,-74.67852430686905,-74.67852430686905
263.77000739097593,-74.67547296610294,-74.67547296610294
263.7800073909759,-74.67242236055165,-74.67242236055165
263.790007390976,-74.66937275290654,-74.66937275290654
263.80000739097596,-74.66632442621638,-74.66632442621638
263.81000739097595,-74.66327767199421,-74.66327767199421
263.82000739097595,-74.66023278321173,-74.66023278321173
263.83000739097594,-74.65719005030486,-74.65719005030486
263.8400073909759,-74.65414975895646,-74.65414975895646
263.850007390976,-74.6511121890268,-74.6511121890268
263.86000739097597,-74.64807761413954,-74.64807761413954
263.87000739097596,-74.64504630161147,-74.64504630161147
263.88000739097595,-74.64201851265848,-74.64201851265848
263.89000739097594,-74.63899450264698,-74.63899450264698
263.90000739097593,-74.63597452143416,-74.63597452143416
263.910007390976,-74.63295881369135,-74.63295881369135
263.92000739097597,-74.62994761923996,-74.62994761923996
263.93000739097596,-74.62694117334223,-74.62694117334223
263.94000739097595,-74.62393970697117,-74.62393970697117
263.95000739097594,-74.62094344703695,-74.62094344703695
263.96000739097593,-74.61795261663231,-74.61795261663231
263.970007390976,-74.61496743517138,-74.61496743517138
263.98000739097597,-74.61198811858844,-74.61198811858844
263.99000739097596,-74.60901487945141,-74.60901487945141
264.00000739097595,-74.60604792709239,-74.60604792709239
264.01000739097594,-74.60308746770117,-74.60308746770117
264.02000739097593,-74.60013370442437,-74.60013370442437
264.0300073909759,-74.59718683742346,-74.59718683742346
264.040007390976,-74.59424706396243,-74.59424706396243
264.05000739097596,-74.59131457844033,-74.59131457844033
264.06000739097595,-74.5883895724621,-74.5883895724621
264.07000739097595,-74.58547223486639,-74.58547223486639
264.08000739097594,-74.58256275177617,-74.58256275177617
264.0900073909759,-74.57966130660544,-74.57966130660544
264.100007390976,-74.57676808011627,-74.57676808011627
264.11000739097597,-74.57384232997181,-74.57384232997181
264.12000739097596,-74.57087932515985,-74.57087932515985
264.13000739097595,-74.56787732477773,-74.56787732477773
264.14000739097594,-74.56483473608296,-74.56483473608296
264.15000739097593,-74.56175012863407,-74.56175012863407
264.160007390976,-74.55862227047922,-74.55862227047922
264.17000739097597,-74.55545010216817,-74.55545010216817
264.18000739097596,-74.55223270273686,-74.55223270273686
264.19000739097595,-74.54896926537474,-74.54896926537474
264.20000739097594,-74.54565908275806,-74.54565908275806
264.21000739097593,-74.54229503660629,-74.54229503660629
264.220007390976,-74.53887374927356,-74.53887374927356
264.23000739097597,-74.53539338941208,-74.53539338941208
264.24000739097596,-74.53185288463798,-74.53185288463798
264.25000739097595,-74.52825161881121,-74.52825161881121
264.26000739097594,-74.52458927295964,-74.52458927295964
264.27000739097593,-74.52086573044541,-74.52086573044541
264.2800073909759,-74.51708101842623,-74.51708101842623
264.290007390976,-74.51323527110651,-74.51323527110651
264.30000739097596,-74.50932870623109,-74.50932870623109
264.31000739097595,-74.50536160957716,-74.50536160957716
264.32000739097595,-74.50133432440269,-74.50133432440269
264.33000739097594,-74.49724724396525,-74.49724724396525
264.3400073909759,-74.49310080596278,-74.49310080596278
264.3500074148178,-74.48889547817188,-74.48889547817188
264.3600074148178,-74.48463179475954,-74.48463179475954
264.3700074148178,-74.48031029385977,-74.48031029385977
264.3800074148178,-74.47593155413422,-74.47593155413422
264.39000741481783,-74.4714961827411,-74.4714961827411
264.4000074148178,-74.4670048130386,-74.4670048130386
264.4100074148178,-74.46245810251408,-74.46245810251408
264.4200074148178,-74.45785673081487,-74.45785673081487
264.4300074148178,-74.45320139789264,-74.45320139789264
264.4400074148178,-74.44849282226106,-74.44849282226106
264.45000741481783,-74.44373173929716,-74.44373173929716
264.4600074148178,-74.43891889968434,-74.43891889968434
264.4700074148178,-74.43405506790467,-74.43405506790467
264.4800074148178,-74.42914102081276,-74.42914102081276
264.4900074148178,-74.42417754628863,-74.42417754628863
264.5000074148178,-74.41916544197346,-74.41916544197346
264.51000741481784,-74.41410551404731,-74.41410551404731
264.5200074148178,-74.40899857610512,-74.40899857610512
264.5300074148178,-74.40384544810135,-74.40384544810135
264.5400074148178,-74.3986469553276,-74.3986469553276
264.5500074148178,-74.39340392745945,-74.39340392745945
264.5600074148178,-74.38811719768492,-74.38811719768492
264.57000741481784,-74.38278760186071,-74.38278760186071
264.5800074148178,-74.377415977729,-74.377415977729
264.5900074148178,-74.37200316419293,-74.37200316419293
264.6000074148178,-74.36655000061046,-74.36655000061046
264.6100074148178,-74.36105732617133,-74.36105732617133
264.6200074148178,-74.35552597929049,-74.35552597929049
264.6300074148178,-74.34995679705045,-74.34995679705045
264.64000741481783,-74.344350614682,-74.344350614682
264.6500074148178,-74.33870826506914,-74.33870826506914
264.6600074148178,-74.33303057829978,-74.33303057829978
264.6700074148178,-74.32731838123809,-74.32731838123809
264.6800074148178,-74.32157249713785,-74.32157249713785
264.6900074148178,-74.31579374529558,-74.31579374529558
264.70000741481783,-74.309982940678,-74.309982940678
264.7100074148178,-74.30414089363956,-74.30414089363956
264.7200074148178,-74.29826840961903,-74.29826840961903
264.7300074148178,-74.29236628888617,-74.29236628888617
264.7400074148178,-74.28643532628266,-74.28643532628266
264.7500074148178,-74.28047631099628,-74.28047631099628
264.76000741481784,-74.27449002635636,-74.27449002635636
264.7700074148178,-74.26847724965792,-74.26847724965792
264.7800074148178,-74.26243875194953,-74.26243875194953
264.7900074148178,-74.25637529793012,-74.25637529793012
264.8000074148178,-74.25028764575192,-74.25028764575192
264.8100074148178,-74.24417654691678,-74.24417654691678
264.82000741481784,-74.23804274615833,-74.23804274615833
264.8300074148178,-74.23188698133053,-74.23188698133053
264.8400074148178,-74.22570998330369,-74.22570998330369
264.8500074148178,-74.21951247588751,-74.21951247588751
264.8600074148178,-74.21329517576899,-74.21329517576899
264.8700074148178,-74.20705879243467,-74.20705879243467
264.8800074148178,-74.20080402810886,-74.20080402810886
264.89000741481783,-74.19453157771592,-74.19453157771592
264.9000074148178,-74.18824212883295,-74.18824212883295
264.9100074148178,-74.18193636165826,-74.18193636165826
264.9200074148178,-74.17561494899842,-74.17561494899842
264.9300074148178,-74.16927855622448,-74.16927855622448
264.9400074148178,-74.16292784126392,-74.16292784126392
264.95000741481783,-74.15656345460992,-74.15656345460992
264.9600074148178,-74.15018603928665,-74.15018603928665
264.9700074148178,-74.1437962308855,-74.1437962308855
264.9800074148178,-74.13739465754455,-74.13739465754455
264.9900074148178,-74.13098193996294,-74.13098193996294
265.0000074148178,-74.12455869143226,-74.12455869143226
265.01000741481784,-74.11812551782769,-74.11812551782769
265.0200074148178,-74.11168301764693,-74.11168301764693
265.0300074148178,-74.10523178204721,-74.10523178204721
265.0400074148178,-74.09877239482802,-74.09877239482802
265.0500074148178,-74.09230543251532,-74.09230543251532
265.0600074148178,-74.08583146435828,-74.08583146435828
265.07000741481784,-74.07935105237453,-74.07935105237453
265.0800074148178,-74.0728647513929,-74.0728647513929
265.0900074148178,-74.0663731090887,-74.0663731090887
265.1000074148178,-74.0598766660268,-74.0598766660268
265.1100074148178,-74.05337595570195,-74.05337595570195
265.1200074148178,-74.0468715045941,-74.0468715045941
265.1300074148178,-74.04036383220372,-74.04036383220372
265.14000741481783,-74.0338534510943,-74.0338534510943
265.1500074148178,-74.02734086696461,-74.02734086696461
265.1600074148178,-74.02082657868806,-74.02082657868806
265.1700074148178,-74.01431107835481,-74.01431107835481
265.1800074148178,-74.00779485134346,-74.00779485134346
265.1900074148178,-74.0012783763538,-74.0012783763538
265.20000743865967,-73.99476210994901,-73.99476210994901
265.21000743865966,-73.98824654869351,-73.98824654869351
265.22000743865965,-73.98173213612993,-73.98173213612993
265.23000743865964,-73.97521932481472,-73.97521932481472
265.2400074386597,-73.96870856094874,-73.96870856094874
265.2500074386597,-73.96220028438465,-73.96220028438465
265.26000743865967,-73.95569492870894,-73.95569492870894
265.27000743865966,-73.94919292129717,-73.94919292129717
265.28000743865965,-73.94269468336034,-73.94269468336034
265.29000743865964,-73.93620063002152,-73.93620063002152
265.3000074386597,-73.92971117034054,-73.92971117034054
265.3100074386597,-73.92322670742337,-73.92322670742337
265.3200074386597,-73.91674763843326,-73.91674763843326
265.33000743865966,-73.91027435467939,-73.91027435467939
265.34000743865965,-73.90380724167879,-73.90380724167879
265.35000743865965,-73.89734667918283,-73.89734667918283
265.3600074386597,-73.89089304127009,-73.89089304127009
265.3700074386597,-73.88444669638038,-73.88444669638038
265.3800074386597,-73.87800800741246,-73.87800800741246
265.39000743865967,-73.8715773317374,-73.8715773317374
265.40000743865966,-73.8651550212738,-73.8651550212738
265.41000743865965,-73.85874142255011,-73.85874142255011
265.4200074386597,-73.85233687677164,-73.85233687677164
265.4300074386597,-73.84594171986016,-73.84594171986016
265.4400074386597,-73.8395562825227,-73.8395562825227
265.45000743865967,-73.83318089030101,-73.83318089030101
265.46000743865966,-73.82680942917482,-73.82680942917482
265.47000743865965,-73.8204393974721,-73.8204393974721
265.48000743865964,-73.81406973766272,-73.81406973766272
265.4900074386597,-73.807700059773,-73.807700059773
265.5000074386597,-73.80133034434414,-73.80133034434414
265.51000743865967,-73.79496078776175,-73.79496078776175
265.52000743865966,-73.78859171141058,-73.78859171141058
265.53000743865965,-73.78222350701125,-73.78222350701125
265.54000743865964,-73.7758566037044,-73.7758566037044
265.5500074386597,-73.76949144828757,-73.76949144828757
265.5600074386597,-73.76312849343344,-73.76312849343344
265.5700074386597,-73.75676819076737,-73.75676819076737
265.58000743865966,-73.75041098695382,-73.75041098695382
265.59000743865965,-73.74405732153278,-73.74405732153278
265.60000743865965,-73.73770762590306,-73.73770762590306
265.6100074386597,-73.73136232292563,-73.73136232292563
265.6200074386597,-73.72502182692408,-73.72502182692408
265.6300074386597,-73.71868654387204,-73.71868654387204
265.64000743865967,-73.71235687174234,-73.71235687174234
265.65000743865966,-73.70603320082856,-73.70603320082856
265.66000743865965,-73.69971591413466,-73.69971591413466
265.6700074386597,-73.6934053877229,-73.6934053877229
265.6800074386597,-73.68710199104068,-73.68710199104068
265.6900074386597,-73.68080608720834,-73.68080608720834
265.70000743865967,-73.67451803331038,-73.67451803331038
265.71000743865966,-73.6682381806067,-73.6682381806067
265.72000743865965,-73.66196687477326,-73.66196687477326
265.73000743865964,-73.65570445606643,-73.65570445606643
265.7400074386597,-73.64945125949738,-73.64945125949738
265.7500074386597,-73.64320761497542,-73.64320761497542
265.76000743865967,-73.63697384743507,-73.63697384743507
265.77000743865966,-73.63075027694859,-73.63075027694859
265.78000743865965,-73.6245372188179,-73.6245372188179
265.79000743865964,-73.61833498367866,-73.61833498367866
265.8000074386597,-73.61214387757757,-73.61214387757757
265.8100074386597,-73.60596420201381,-73.60596420201381
265.8200074386597,-73.59979625406613,-73.59979625406613
265.83000743865966,-73.59364032638581,-73.59364032638581
265.84000743865965,-73.58749670729661,-73.58749670729661
265.85000743865965,-73.58136568082718,-73.58136568082718
265.8600074386597,-73.57524752674573,-73.57524752674573
265.8700074386597,-73.56914252063002,-73.56914252063002
265.8800074386597,-73.56305093390138,-73.56305093390138
265.89000743865967,-73.55697303385622,-73.55697303385622
265.90000743865966,-73.55090908371147,-73.55090908371147
265.91000743865965,-73.54485934262055,-73.54485934262055
265.9200074386597,-73.53882406576017,-73.53882406576017
265.9300074386597,-73.53280350429765,-73.53280350429765
265.9400074386597,-73.52679790548396,-73.52679790548396
265.95000743865967,-73.52080751265618,-73.52080751265618
265.96000743865966,-73.5148325652657,-73.5148325652657
265.97000743865965,-73.50887329893081,-73.50887329893081
265.98000743865964,-73.5029299454616,-73.5029299454616
265.9900074386597,-73.4970027328883,-73.4970027328883
266.0000074386597,-73.49109188549697,-73.49109188549697
266.01000743865967,-73.48519762385288,-73.48519762385288
266.02000743865966,-73.47932016485633,-73.47932016485633
266.03000743865965,-73.47345972174583,-73.47345972174583
266.04000743865964,-73.46761650414025,-73.46761650414025
266.0500074625015,-73.4617907042041,-73.4617907042041
266.0600074625015,-73.45598255220787,-73.45598255220787
266.0700074625015,-73.45019223321576,-73.45019223321576
266.0800074625015,-73.44441994268898,-73.44441994268898
266.09000746250155,-73.43866587264357,-73.43866587264357
266.10000746250154,-73.43293021167338,-73.43293021167338
266.1100074625015,-73.42721314497663,-73.42721314497663
266.1200074625015,-73.4215148543961,-73.4215148543961
266.1300074625015,-73.41583551843179,-73.41583551843179
266.1400074625015,-73.41017531230902,-73.41017531230902
266.15000746250155,-73.40453440797998,-73.40453440797998
266.16000746250154,-73.3989129741585,-73.3989129741585
266.17000746250153,-73.39331117637197,-73.39331117637197
266.1800074625015,-73.38772917698218,-73.38772917698218
266.1900074625015,-73.38216713519944,-73.38216713519944
266.2000074625015,-73.37662520715497,-73.37662520715497
266.21000746250155,-73.37110354590533,-73.37110354590533
266.22000746250154,-73.36560230146884,-73.36560230146884
266.23000746250153,-73.3601216208571,-73.3601216208571
266.2400074625015,-73.35466164811533,-73.35466164811533
266.2500074625015,-73.34922252435274,-73.34922252435274
266.2600074625015,-73.34380438775831,-73.34380438775831
266.27000746250155,-73.33840737365286,-73.33840737365286
266.28000746250154,-73.3330316145248,-73.3330316145248
266.29000746250153,-73.32767724003412,-73.32767724003412
266.3000074625015,-73.32234437706916,-73.32234437706916
266.3100074625015,-73.31703314976802,-73.31703314976802
266.3200074625015,-73.31174367955788,-73.31174367955788
266.3300074625015,-73.30647608516901,-73.30647608516901
266.34000746250155,-73.30123048268828,-73.30123048268828
266.35000746250154,-73.29600698557891,-73.29600698557891
266.3600074625015,-73.29080570469911,-73.29080570469911
266.3700074625015,-73.2856267483631,-73.2856267483631
266.3800074625015,-73.28047022234756,-73.28047022234756
266.3900074625015,-73.27533622991808,-73.27533622991808
266.40000746250155,-73.27022487187905,-73.27022487187905
266.41000746250154,-73.26513624659535,-73.26513624659535
266.42000746250153,-73.26007045001477,-73.26007045001477
266.4300074625015,-73.25502757570953,-73.25502757570953
266.4400074625015,-73.25000771489779,-73.25000771489779
266.4500074625015,-73.24501095647715,-73.24501095647715
266.46000746250155,-73.24003738704427,-73.24003738704427
266.47000746250154,-73.23508709092776,-73.23508709092776
266.48000746250153,-73.23016015023148,-73.23016015023148
266.4900074625015,-73.2252566448376,-73.2252566448376
266.5000074625015,-73.22037665246503,-73.22037665246503
266.5100074625015,-73.21552024866034,-73.21552024866034
266.52000746250155,-73.21068750685465,-73.21068750685465
266.53000746250154,-73.20587849838219,-73.20587849838219
266.54000746250153,-73.20109329250035,-73.20109329250035
266.5500074625015,-73.19633195642608,-73.19633195642608
266.5600074625015,-73.19159455535438,-73.19159455535438
266.5700074625015,-73.18688115250006,-73.18688115250006
266.5800074625015,-73.18219180909554,-73.18219180909554
266.59000746250155,-73.17752658445184,-73.17752658445184
266.60000746250154,-73.17288553595621,-73.17288553595621
266.6100074625015,-73.1682687191122,-73.1682687191122
266.6200074625015,-73.16367618754498,-73.16367618754498
266.6300074625015,-73.15910799306147,-73.15910799306147
266.6400074625015,-73.15456418564465,-73.15456418564465
266.65000746250155,-73.15004481349273,-73.15004481349273
266.66000746250154,-73.1455499230399,-73.1455499230399
266.67000746250153,-73.14107955896786,-73.14107955896786
266.6800074625015,-73.13663376425075,-73.13663376425075
266.6900074625015,-73.13221258017697,-73.13221258017697
266.7000074625015,-73.12781604635236,-73.12781604635236
266.71000746250155,-73.12344420072021,-73.12344420072021
266.72000746250154,-73.11909707962269,-73.11909707962269
266.73000746250153,-73.11477471779382,-73.11477471779382
266.7400074625015,-73.11047714837864,-73.11047714837864
266.7500074625015,-73.10620440296502,-73.10620440296502
266.7600074625015,-73.10195651160534,-73.10195651160534
266.77000746250155,-73.09773350284428,-73.09773350284428
266.78000746250154,-73.09353540372432,-73.09353540372432
266.79000746250153,-73.08936223981019,-73.08936223981019
266.8000074625015,-73.08521403522157,-73.08521403522157
266.8100074625015,-73.08109081264234,-73.08109081264234
266.8200074625015,-73.07699259334063,-73.07699259334063
266.8300074625015,-73.07291939720378,-73.07291939720378
266.84000746250155,-73.06887124273558,-73.06887124273558
266.85000746250154,-73.06484814708652,-73.06484814708652
266.8600074625015,-73.06085012608565,-73.06085012608565
266.8700074625015,-73.0568771942387,-73.0568771942387
266.8800074625015,-73.05292936475429,-73.05292936475429
266.8900074625015,-73.04900664957977,-73.04900664957977
266.9000074863434,-73.04510905010737,-73.04510905010737
266.9100074863434,-73.04123659440654,-73.04123659440654
266.92000748634337,-73.03738928132891,-73.03738928132891
266.93000748634336,-73.03356711790724,-73.03356711790724
266.9400074863434,-73.02977010995365,-73.02977010995365
266.9500074863434,-73.02599826213668,-73.02599826213668
266.9600074863434,-73.02225157795527,-73.02225157795527
266.9700074863434,-73.018530059786,-73.018530059786
266.98000748634337,-73.01483370887976,-73.01483370887976
266.99000748634336,-73.01116252538809,-73.01116252538809
267.0000074863434,-73.00751650838056,-73.00751650838056
267.0100074863434,-73.00389565585245,-73.00389565585245
267.0200074863434,-73.0002999647413,-73.0002999647413
267.0300074863434,-72.99672943096247,-72.99672943096247
267.04000748634337,-72.99318404940018,-72.99318404940018
267.05000748634336,-72.98966381393143,-72.98966381393143
267.0600074863434,-72.98616871744676,-72.98616871744676
267.0700074863434,-72.98269875186001,-72.98269875186001
267.0800074863434,-72.97925390811783,-72.97925390811783
267.0900074863434,-72.97583417622067,-72.97583417622067
267.1000074863434,-72.97243954525054,-72.97243954525054
267.11000748634336,-72.96907000335867,-72.96907000335867
267.1200074863434,-72.96572553779102,-72.96572553779102
267.1300074863434,-72.96240613491295,-72.96240613491295
267.1400074863434,-72.95911178021234,-72.95911178021234
267.1500074863434,-72.95584245829788,-72.95584245829788
267.1600074863434,-72.95259815295309,-72.95259815295309
267.17000748634337,-72.9493788471136,-72.9493788471136
267.18000748634336,-72.9461845228917,-72.9461845228917
267.1900074863434,-72.94301516159248,-72.94301516159248
267.2000074863434,-72.93987074371388,-72.93987074371388
267.2100074863434,-72.93674489097823,-72.93674489097823
267.2200074863434,-72.93363479742129,-72.93363479742129
267.23000748634337,-72.93053908709041,-72.93053908709041
267.24000748634336,-72.92745704694245,-72.92745704694245
267.2500074863434,-72.9243883334773,-72.9243883334773
267.2600074863434,-72.9213328201133,-72.9213328201133
267.2700074863434,-72.9182905075183,-72.9182905075183
267.2800074863434,-72.91526146974921,-72.91526146974921
267.29000748634337,-72.91224582171246,-72.91224582171246
267.30000748634336,-72.90924369968656,-72.90924369968656
267.3100074863434,-72.90625524968323,-72.90625524968323
267.3200074863434,-72.90328062058963,-72.90328062058963
267.3300074863434,-72.90031996029404,-72.90031996029404
267.3400074863434,-72.89737341346337,-72.89737341346337
267.3500074863434,-72.89444112056813,-72.89444112056813
267.36000748634336,-72.89152321740175,-72.89152321740175
267.3700074863434,-72.88861983504849,-72.88861983504849
267.3800074863434,-72.88573110005436,-72.88573110005436
267.3900074863434,-72.8828571346779,-72.8828571346779
267.4000074863434,-72.87999805720398,-72.87999805720398
267.4100074863434,-72.87715398226868,-72.87715398226868
267.42000748634337,-72.87432502115983,-72.87432502115983
267.43000748634336,-72.87151128209082,-72.87151128209082
267.4400074863434,-72.86871287047579,-72.86871287047579
267.4500074863434,-72.86592988912369,-72.86592988912369
267.4600074863434,-72.86315608697785,-72.86315608697785
267.4700074863434,-72.86038878030627,-72.86038878030627
267.48000748634337,-72.85762671250338,-72.85762671250338
267.49000748634336,-72.85486928785316,-72.85486928785316
267.5000074863434,-72.85211627861156,-72.85211627861156
267.5100074863434,-72.84936767263339,-72.84936767263339
267.5200074863434,-72.84662358393052,-72.84662358393052
267.5300074863434,-72.84388419886967,-72.84388419886967
267.54000748634337,-72.8411497437872,-72.8411497437872
267.55000748634336,-72.83842046555381,-72.83842046555381
267.5600074863434,-72.83569661997376,-72.83569661997376
267.5700074863434,-72.83297846495961,-72.83297846495961
267.5800074863434,-72.83026625664489,-72.83026625664489
267.5900074863434,-72.827560247242,-72.827560247242
267.6000074863434,-72.82486068398673,-72.82486068398673
267.61000748634336,-72.82216780871106,-72.82216780871106
267.6200074863434,-72.81948185780416,-72.81948185780416
267.6300074863434,-72.81680306235178,-72.81680306235178
267.6400074863434,-72.8141316484018,-72.8141316484018
267.6500074863434,-72.81146783726005,-72.81146783726005
267.6600074863434,-72.80881184581986,-72.80881184581986
267.67000748634337,-72.80616388683902,-72.80616388683902
267.68000748634336,-72.80352416920705,-72.80352416920705
267.6900074863434,-72.80089289820148,-72.80089289820148
267.7000074863434,-72.79827027570077,-72.79827027570077
267.7100074863434,-72.79565650036949,-72.79565650036949
267.7200074863434,-72.79305176780527,-72.79305176780527
267.73000748634337,-72.79045627068749,-72.79045627068749
267.74000748634336,-72.78787019889691,-72.78787019889691
267.75000751018524,-72.78529373345917,-72.78529373345917
267.76000751018523,-72.78272707119845,-72.78272707119845
267.7700075101852,-72.78017038792842,-72.78017038792842
267.7800075101852,-72.77762386311049,-72.77762386311049
267.79000751018526,-72.77508767374746,-72.77508767374746
267.80000751018525,-72.77256199441386,-72.77256199441386
267.81000751018524,-72.77004699728198,-72.77004699728198
267.82000751018523,-72.76754285215911,-72.76754285215911
267.8300075101852,-72.76504972651696,-72.76504972651696
267.8400075101852,-72.76256778547469,-72.76256778547469
267.85000751018526,-72.76009719184358,-72.76009719184358
267.86000751018526,-72.7576381061103,-72.7576381061103
267.87000751018525,-72.75519068647543,-72.75519068647543
267.88000751018524,-72.7527550888441,-72.7527550888441
267.8900075101852,-72.75033146683865,-72.75033146683865
267.9000075101852,-72.7479199717888,-72.7479199717888
267.91000751018527,-72.74552075275207,-72.74552075275207
267.92000751018526,-72.74313395650913,-72.74313395650913
267.93000751018525,-72.74075972759582,-72.74075972759582
267.94000751018524,-72.73839820826127,-72.73839820826127
267.95000751018523,-72.73604953850304,-72.73604953850304
267.9600075101852,-72.73371385606745,-72.73371385606745
267.97000751018527,-72.73139129645843,-72.73139129645843
267.98000751018526,-72.72908199292715,-72.72908199292715
267.99000751018525,-72.7267860764921,-72.7267860764921
268.00000751018524,-72.72450367594075,-72.72450367594075
268.01000751018523,-72.72223491784729,-72.72223491784729
268.0200075101852,-72.7199799265634,-72.7199799265634
268.0300075101852,-72.71773882423535,-72.71773882423535
268.04000751018526,-72.71551173081211,-72.71551173081211
268.05000751018525,-72.713298764056,-72.713298764056
268.06000751018524,-72.71110003954902,-72.71110003954902
268.07000751018523,-72.70891567071143,-72.70891567071143
268.0800075101852,-72.7067457688023,-72.7067457688023
268.0900075101852,-72.70459044293,-72.70459044293
268.10000751018526,-72.70244980008171,-72.70244980008171
268.11000751018526,-72.70032394511136,-72.70032394511136
268.12000751018525,-72.69821298077677,-72.69821298077677
268.13000751018524,-72.69611700774541,-72.69611700774541
268.1400075101852,-72.6940361245844,-72.6940361245844
268.1500075101852,-72.69197042782456,-72.69197042782456
268.16000751018527,-72.68992001192409,-72.68992001192409
268.17000751018526,-72.68788496931785,-72.68788496931785
268.18000751018525,-72.68586539042384,-72.68586539042384
268.19000751018524,-72.68386136364198,-72.68386136364198
268.20000751018523,-72.68187297539619,-72.68187297539619
268.2100075101852,-72.6799003101491,-72.6799003101491
268.22000751018527,-72.67794345039319,-72.67794345039319
268.23000751018526,-72.67600247669266,-72.67600247669266
268.24000751018525,-72.67407746769332,-72.67407746769332
268.25000751018524,-72.6721685001415,-72.6721685001415
268.26000751018523,-72.67027564889848,-72.67027564889848
268.2700075101852,-72.66839898696239,-72.66839898696239
268.2800075101852,-72.66653858547987,-72.66653858547987
268.29000751018526,-72.66469451377444,-72.66469451377444
268.30000751018525,-72.66286683935617,-72.66286683935617
268.31000751018524,-72.66105562794252,-72.66105562794252
268.32000751018523,-72.65926094349632,-72.65926094349632
268.3300075101852,-72.65748284820381,-72.65748284820381
268.3400075101852,-72.65572140252587,-72.65572140252587
268.35000751018526,-72.65397666521291,-72.65397666521291
268.36000751018526,-72.65224869331097,-72.65224869331097
268.37000751018525,-72.65053754219949,-72.65053754219949
268.38000751018524,-72.64884326558067,-72.64884326558067
268.3900075101852,-72.64716591553538,-72.64716591553538
268.4000075101852,-72.64550554253023,-72.64550554253023
268.41000751018527,-72.64386219541521,-72.64386219541521
268.42000751018526,-72.64223592146038,-72.64223592146038
268.43000751018525,-72.64062676638682,-72.64062676638682
268.44000751018524,-72.6390347743619,-72.6390347743619
268.45000751018523,-72.63745998803911,-72.63745998803911
268.4600075101852,-72.63590244855259,-72.63590244855259
268.47000751018527,-72.63436219556662,-72.63436219556662
268.48000751018526,-72.6328392672688,-72.6328392672688
268.49000751018525,-72.63133370039803,-72.63133370039803
268.50000751018524,-72.62984553027079,-72.62984553027079
268.51000751018523,-72.62837479078644,-72.62837479078644
268.5200075101852,-72.6269215144546,-72.6269215144546
268.5300075101852,-72.62548573241152,-72.62548573241152
268.54000751018526,-72.62406747444288,-72.62406747444288
268.55000751018525,-72.62266676899192,-72.62266676899192
268.56000751018524,-72.62128364318681,-72.62128364318681
268.57000751018523,-72.61991812285007,-72.61991812285007
268.5800075101852,-72.61857023253141,-72.61857023253141
268.5900075101852,-72.61723999550694,-72.61723999550694
268.6000075340271,-72.61592743068066,-72.61592743068066
268.6100075340271,-72.61463256515452,-72.61463256515452
268.6200075340271,-72.6133554153389,-72.6133554153389
268.6300075340271,-72.6120959996317,-72.6120959996317
268.6400075340271,-72.6108543352478,-72.6108543352478
268.6500075340271,-72.6096304382448,-72.6096304382448
268.6600075340271,-72.6084243235404,-72.6084243235404
268.6700075340271,-72.60723600490746,-72.60723600490746
268.6800075340271,-72.6060654950324,-72.6060654950324
268.6900075340271,-72.60491280548673,-72.60491280548673
268.7000075340271,-72.60377794677729,-72.60377794677729
268.7100075340271,-72.60266092832742,-72.60266092832742
268.7200075340271,-72.60156175854878,-72.60156175854878
268.7300075340271,-72.60048044479511,-72.60048044479511
268.7400075340271,-72.59941699341096,-72.59941699341096
268.7500075340271,-72.59837140974125,-72.59837140974125
268.7600075340271,-72.5973436981549,-72.5973436981549
268.7700075340271,-72.59633386205104,-72.59633386205104
268.7800075340271,-72.59534190386111,-72.59534190386111
268.7900075340271,-72.59436782508813,-72.59436782508813
268.8000075340271,-72.59341162631219,-72.59341162631219
268.8100075340271,-72.59247330719964,-72.59247330719964
268.8200075340271,-72.59155286651334,-72.59155286651334
268.8300075340271,-72.59065030214683,-72.59065030214683
268.8400075340271,-72.5897656111163,-72.5897656111163
268.8500075340271,-72.5888987895907,-72.5888987895907
268.8600075340271,-72.58804983290096,-72.58804983290096
268.8700075340271,-72.58721873553803,-72.58721873553803
268.8800075340271,-72.58640549119802,-72.58640549119802
268.8900075340271,-72.58561009276315,-72.58561009276315
268.9000075340271,-72.58483253233031,-72.58483253233031
268.9100075340271,-72.58407280122582,-72.58407280122582
268.9200075340271,-72.58333089000594,-72.58333089000594
268.9300075340271,-72.58260678849399,-72.58260678849399
268.9400075340271,-72.5819004857593,-72.5819004857593
268.9500075340271,-72.58121197015613,-72.58121197015613
268.9600075340271,-72.58054122933477,-72.58054122933477
268.9700075340271,-72.57988825022099,-72.57988825022099
268.9800075340271,-72.57925301907618,-72.57925301907618
268.9900075340271,-72.57863552146759,-72.57863552146759
269.0000075340271,-72.57803574231362,-72.57803574231362
269.0100075340271,-72.57745366586609,-72.57745366586609
269.0200075340271,-72.57688927573169,-72.57688927573169
269.0300075340271,-72.57634255489421,-72.57634255489421
269.0400075340271,-72.57581348571702,-72.57581348571702
269.0500075340271,-72.57530204994245,-72.57530204994245
269.0600075340271,-72.57480822872722,-72.57480822872722
269.0700075340271,-72.57433200262989,-72.57433200262989
269.0800075340271,-72.5738733516311,-72.5738733516311
269.0900075340271,-72.5734322551452,-72.5734322551452
269.1000075340271,-72.57300869202983,-72.57300869202983
269.1100075340271,-72.57260264058793,-72.57260264058793
269.1200075340271,-72.57221407858565,-72.57221407858565
269.1300075340271,-72.57184298327066,-72.57184298327066
269.1400075340271,-72.57148933135245,-72.57148933135245
269.1500075340271,-72.57115309905181,-72.57115309905181
269.1600075340271,-72.57083426206769,-72.57083426206769
269.1700075340271,-72.57053279562447,-72.57053279562447
269.1800075340271,-72.57024867444294,-72.57024867444294
269.1900075340271,-72.56998187279692,-72.56998187279692
269.2000075340271,-72.56973236447132,-72.56973236447132
269.2100075340271,-72.56949379568346,-72.56949379568346
269.2200075340271,-72.56926336772618,-72.56926336772618
269.2300075340271,-72.56903970419481,-72.56903970419481
269.2400075340271,-72.56882208760162,-72.56882208760162
269.2500075340271,-72.56861016773549,-72.56861016773549
269.2600075340271,-72.56840381002134,-72.56840381002134
269.2700075340271,-72.56820300653547,-72.56820300653547
269.2800075340271,-72.56800782253022,-72.56800782253022
269.2900075340271,-72.56781836422336,-72.56781836422336
269.3000075340271,-72.56763475946397,-72.56763475946397
269.3100075340271,-72.56745714620955,-72.56745714620955
269.3200075340271,-72.56728566573875,-72.56728566573875
269.3300075340271,-72.56712045877117,-72.56712045877117
269.3400075340271,-72.56696166334281,-72.56696166334281
269.3500075340271,-72.5668094137309,-72.5668094137309
269.3600075340271,-72.56666384005382,-72.56666384005382
269.3700075340271,-72.56652506819407,-72.56652506819407
269.3800075340271,-72.56639321994392,-72.56639321994392
269.3900075340271,-72.56626841327115,-72.56626841327115
269.4000075340271,-72.56615076260243,-72.56615076260243
269.4100075340271,-72.56604037913722,-72.56604037913722
269.4200075340271,-72.56593737113687,-72.56593737113687
269.4300075340271,-72.56584184420905,-72.56584184420905
269.4400075340271,-72.56575390150594,-72.56575390150594
269.45000755786896,-72.56567364379572,-72.56567364379572
269.46000755786895,-72.56560117038494,-72.56560117038494
269.47000755786894,-72.56553657810039,-72.56553657810039
269.48000755786893,-72.56547996224876,-72.56547996224876
269.490007557869,-72.56543141650472,-72.56543141650472
269.50000755786897,-72.56539103300592,-72.56539103300592
269.51000755786896,-72.5653589024479,-72.5653589024479
269.52000755786895,-72.565335114133,-72.565335114133
269.53000755786894,-72.56531975604865,-72.56531975604865
269.54000755786893,-72.56531291488113,-72.56531291488113
269.550007557869,-72.56531467606361,-72.56531467606361
269.56000755786897,-72.5653251238065,-72.5653251238065
269.57000755786896,-72.56534434114914,-72.56534434114914
269.58000755786895,-72.5653724099194,-72.5653724099194
269.59000755786894,-72.56540941078758,-72.56540941078758
269.60000755786893,-72.56545542327584,-72.56545542327584
269.610007557869,-72.56551052574775,-72.56551052574775
269.620007557869,-72.56557479542923,-72.56557479542923
269.63000755786896,-72.56564830839991,-72.56564830839991
269.64000755786896,-72.56573113961147,-72.56573113961147
269.65000755786895,-72.56582336287049,-72.56582336287049
269.66000755786894,-72.56592505084124,-72.56592505084124
269.670007557869,-72.56603627507835,-72.56603627507835
269.680007557869,-72.56615710595946,-72.56615710595946
269.69000755786897,-72.56628761275792,-72.56628761275792
269.70000755786896,-72.56642786358844,-72.56642786358844
269.71000755786895,-72.56657792542313,-72.56657792542313
269.72000755786894,-72.56673786410511,-72.56673786410511
269.73000755786893,-72.56690774431807,-72.56690774431807
269.740007557869,-72.56708762959663,-72.56708762959663
269.75000755786897,-72.56727758234926,-72.56727758234926
269.76000755786896,-72.56747766382348,-72.56747766382348
269.77000755786895,-72.56768793412625,-72.56768793412625
269.78000755786894,-72.56790845220858,-72.56790845220858
269.79000755786893,-72.56813927590075,-72.56813927590075
269.800007557869,-72.56838046186026,-72.56838046186026
269.81000755786897,-72.56863206561513,-72.56863206561513
269.82000755786896,-72.56889414156058,-72.56889414156058
269.83000755786895,-72.56916674293936,-72.56916674293936
269.84000755786894,-72.56944992186276,-72.56944992186276
269.85000755786893,-72.56974372931363,-72.56974372931363
269.860007557869,-72.57004821514217,-72.57004821514217
269.870007557869,-72.5703634280729,-72.5703634280729
269.88000755786896,-72.57068941571636,-72.57068941571636
269.89000755786896,-72.57102622456253,-72.57102622456253
269.90000755786895,-72.57137389998623,-72.57137389998623
269.91000755786894,-72.57173248626306,-72.57173248626306
269.920007557869,-72.57210202656634,-72.57210202656634
269.930007557869,-72.5724825629708,-72.5724825629708
269.94000755786897,-72.57287413646883,-72.57287413646883
269.95000755786896,-72.57327678697813,-72.57327678697813
269.96000755786895,-72.57369055332495,-72.57369055332495
269.97000755786894,-72.57411547328451,-72.57411547328451
269.98000755786893,-72.57455158356275,-72.57455158356275
269.990007557869,-72.57499891981973,-72.57499891981973
270.00000755786897,-72.57545751666476,-72.57545751666476
270.01000755786896,-72.57592740767467,-72.57592740767467
270.02000755786895,-72.57640862540313,-72.57640862540313
270.03000755786894,-72.57690120137656,-72.57690120137656
270.04000755786893,-72.57740516611871,-72.57740516611871
270.050007557869,-72.57792054914421,-72.57792054914421
270.06000755786897,-72.5784473789804,-72.5784473789804
270.07000755786896,-72.57898568315996,-72.57898568315996
270.08000755786895,-72.57953548825343,-72.57953548825343
270.09000755786894,-72.58009681986225,-72.58009681986225
270.10000755786893,-72.58066970263225,-72.58066970263225
270.110007557869,-72.58125416026087,-72.58125416026087
270.120007557869,-72.58185021551664,-72.58185021551664
270.13000755786896,-72.5824578902241,-72.5824578902241
270.14000755786896,-72.583077205303,-72.583077205303
270.15000755786895,-72.58370818077694,-72.58370818077694
270.16000755786894,-72.5843508357503,-72.5843508357503
270.170007557869,-72.58500518845379,-72.58500518845379
270.180007557869,-72.58567125623435,-72.58567125623435
270.19000755786897,-72.58634905557662,-72.58634905557662
270.20000755786896,-72.58703860210805,-72.58703860210805
270.21000755786895,-72.5877399106062,-72.5877399106062
270.22000755786894,-72.58845299501598,-72.58845299501598
270.23000755786893,-72.58917786844869,-72.58917786844869
270.240007557869,-72.58991454320568,-72.58991454320568
270.25000755786897,-72.59066303077917,-72.59066303077917
270.26000755786896,-72.59142334186808,-72.59142334186808
270.27000755786895,-72.59219548637279,-72.59219548637279
270.28000755786894,-72.59297947343458,-72.59297947343458
270.29000755786893,-72.59377531142053,-72.59377531142053
270.3000075817108,-72.59458300987262,-72.59458300987262
270.3100075817108,-72.59540257183774,-72.59540257183774
270.3200075817108,-72.5962340053226,-72.5962340053226
270.3300075817108,-72.59707731574136,-72.59707731574136
270.34000758171084,-72.59793250778048,-72.59793250778048
270.3500075817108,-72.59879958541765,-72.59879958541765
270.3600075817108,-72.59967855193975,-72.59967855193975
270.3700075817108,-72.6005694099443,-72.6005694099443
270.3800075817108,-72.60147216134588,-72.60147216134588
270.3900075817108,-72.60238680740115,-72.60238680740115
270.40000758171084,-72.60331334869983,-72.60331334869983
270.41000758171083,-72.60425178518607,-72.60425178518607
270.4200075817108,-72.6052021161624,-72.6052021161624
270.4300075817108,-72.60616434030555,-72.60616434030555
270.4400075817108,-72.60713845567511,-72.60713845567511
270.4500075817108,-72.60812445971035,-72.60812445971035
270.46000758171084,-72.60912234925766,-72.60912234925766
270.47000758171083,-72.61013212055244,-72.61013212055244
270.4800075817108,-72.61115376926145,-72.61115376926145
270.4900075817108,-72.61218729047458,-72.61218729047458
270.5000075817108,-72.61323267871302,-72.61323267871302
270.5100075817108,-72.61428992793448,-72.61428992793448
270.52000758171084,-72.61535903155831,-72.61535903155831
270.53000758171083,-72.61643998245724,-72.61643998245724
270.5400075817108,-72.61753277297451,-72.61753277297451
270.5500075817108,-72.61863739492877,-72.61863739492877
270.5600075817108,-72.61975383961315,-72.61975383961315
270.5700075817108,-72.62088209783107,-72.62088209783107
270.5800075817108,-72.62202215988167,-72.62202215988167
270.59000758171084,-72.62317401556396,-72.62317401556396
270.6000075817108,-72.62433765420245,-72.62433765420245
270.6100075817108,-72.62551306464763,-72.62551306464763
270.6200075817108,-72.62670023527967,-72.62670023527967
270.6300075817108,-72.62789915402365,-72.62789915402365
270.6400075817108,-72.62910980835021,-72.62910980835021
270.65000758171084,-72.63033218528297,-72.63033218528297
270.66000758171083,-72.63156627140579,-72.63156627140579
270.6700075817108,-72.63281205289451,-72.63281205289451
270.6800075817108,-72.63406951547805,-72.63406951547805
270.6900075817108,-72.63533864448851,-72.63533864448851
270.7000075817108,-72.63661942483527,-72.63661942483527
270.71000758171084,-72.63790550601767,-72.63790550601767
270.72000758171083,-72.63919409619022,-72.63919409619022
270.7300075817108,-72.64048382683951,-72.64048382683951
270.7400075817108,-72.64177398858565,-72.64177398858565
270.7500075817108,-72.64306423938609,-72.64306423938609
270.7600075817108,-72.64435445289149,-72.64435445289149
270.77000758171084,-72.64564462947155,-72.64564462947155
270.78000758171083,-72.64693484280528,-72.64693484280528
270.7900075817108,-72.6482252076808,-72.6482252076808
270.8000075817108,-72.64951586069978,-72.64951586069978
270.8100075817108,-72.65080694876664,-72.65080694876664
270.8200075817108,-72.65209862230468,-72.65209862230468
270.8300075817108,-72.65339103138191,-72.65339103138191
270.84000758171084,-72.65468432357684,-72.65468432357684
270.8500075817108,-72.6559786429176,-72.6559786429176
270.8600075817108,-72.65727412944203,-72.65727412944203
270.8700075817108,-72.65857091913588,-72.65857091913588
270.8800075817108,-72.6598691440683,-72.6598691440683
270.8900075817108,-72.66116893264535,-72.66116893264535
270.90000758171084,-72.66247040989548,-72.66247040989548
270.91000758171083,-72.66377369775041,-72.66377369775041
270.9200075817108,-72.66507891535045,-72.66507891535045
270.9300075817108,-72.66638617929279,-72.66638617929279
270.9400075817108,-72.66769560387662,-72.66769560387662
270.9500075817108,-72.6690073012833,-72.6690073012833
270.96000758171084,-72.67032138179366,-72.67032138179366
270.97000758171083,-72.67163795390303,-72.67163795390303
270.9800075817108,-72.6729571244691,-72.6729571244691
270.9900075817108,-72.67427899881686,-72.67427899881686
271.0000075817108,-72.67560368083441,-72.67560368083441
271.0100075817108,-72.67693127303257,-72.67693127303257
271.02000758171084,-72.67826187662914,-72.67826187662914
271.03000758171083,-72.67959559158294,-72.67959559158294
271.0400075817108,-72.6809325166406,-72.6809325166406
271.0500075817108,-72.6822727493665,-72.6822727493665
271.0600075817108,-72.68361638616224,-72.68361638616224
271.0700075817108,-72.68496352230926,-72.68496352230926
271.0800075817108,-72.68631425196166,-72.68631425196166
271.09000758171084,-72.68766866815737,-72.68766866815737
271.1000075817108,-72.68902686283627,-72.68902686283627
271.1100075817108,-72.69038892685288,-72.69038892685288
271.1200075817108,-72.69175494993807,-72.69175494993807
271.1300075817108,-72.69312502076434,-72.69312502076434
271.1400075817108,-72.69449922689009,-72.69449922689009
271.1500076055527,-72.69587765807337,-72.69587765807337
271.16000760555266,-72.6972603931315,-72.6972603931315
271.17000760555266,-72.69864751960836,-72.69864751960836
271.18000760555265,-72.70003912068327,-72.70003912068327
271.1900076055527,-72.70143527842771,-72.70143527842771
271.2000076055527,-72.70283607380323,-72.70283607380323
271.2100076055527,-72.70424158665912,-72.70424158665912
271.22000760555267,-72.70565189573608,-72.70565189573608
271.23000760555266,-72.70706707865682,-72.70706707865682
271.24000760555265,-72.70848721193691,-72.70848721193691
271.2500076055527,-72.70991237094931,-72.70991237094931
271.2600076055527,-72.71134262995598,-72.71134262995598
271.2700076055527,-72.7127780620982,-72.7127780620982
271.28000760555267,-72.71421873938102,-72.71421873938102
271.29000760555266,-72.71566473269888,-72.71566473269888
271.30000760555265,-72.71711611181348,-72.71711611181348
271.3100076055527,-72.7185729453617,-72.7185729453617
271.3200076055527,-72.72003530084257,-72.72003530084257
271.3300076055527,-72.72150324465716,-72.72150324465716
271.34000760555267,-72.72297684205877,-72.72297684205877
271.35000760555266,-72.72445615720419,-72.72445615720419
271.36000760555265,-72.72594125311944,-72.72594125311944
271.3700076055527,-72.72743219170945,-72.72743219170945
271.3800076055527,-72.72892903378704,-72.72892903378704
271.3900076055527,-72.73043183903478,-72.73043183903478
271.4000076055527,-72.73194066604647,-72.73194066604647
271.41000760555266,-72.73345557231266,-72.73345557231266
271.42000760555266,-72.73497661423082,-72.73497661423082
271.43000760555265,-72.73650384710447,-72.73650384710447
271.4400076055527,-72.73803732516234,-72.73803732516234
271.4500076055527,-72.73957710153553,-72.73957710153553
271.4600076055527,-72.74112322830707,-72.74112322830707
271.47000760555267,-72.7426757564835,-72.7426757564835
271.48000760555266,-72.74423473600463,-72.74423473600463
271.49000760555265,-72.74580021576747,-72.74580021576747
271.5000076055527,-72.74737224361961,-72.74737224361961
271.5100076055527,-72.74895086637116,-72.74895086637116
271.5200076055527,-72.75053612980957,-72.75053612980957
271.53000760555267,-72.7521280786848,-72.7521280786848
271.54000760555266,-72.75372675673867,-72.75372675673867
271.55000760555265,-72.75533220671042,-72.75533220671042
271.5600076055527,-72.75694447033817,-72.75694447033817
271.5700076055527,-72.75856358837159,-72.75856358837159
271.5800076055527,-72.76018960057456,-72.76018960057456
271.59000760555267,-72.76182254574766,-72.76182254574766
271.60000760555266,-72.76346246171569,-72.76346246171569
271.61000760555265,-72.76510938536019,-72.76510938536019
271.6200076055527,-72.76676335261597,-72.76676335261597
271.6300076055527,-72.76842439847053,-72.76842439847053
271.6400076055527,-72.77009255699478,-72.77009255699478
271.6500076055527,-72.77176786134133,-72.77176786134133
271.66000760555266,-72.77345034375927,-72.77345034375927
271.67000760555266,-72.77514003557978,-72.77514003557978
271.68000760555265,-72.77683696726962,-72.77683696726962
271.6900076055527,-72.77854116840459,-72.77854116840459
271.7000076055527,-72.7802526676915,-72.7802526676915
271.7100076055527,-72.78197149297237,-72.78197149297237
271.72000760555267,-72.78369767124111,-72.78369767124111
271.73000760555266,-72.78543122865916,-72.78543122865916
271.74000760555265,-72.78717219055262,-72.78717219055262
271.7500076055527,-72.78892058142424,-72.78892058142424
271.7600076055527,-72.79067642496143,-72.79067642496143
271.7700076055527,-72.79243974405908,-72.79243974405908
271.78000760555267,-72.79421056080825,-72.79421056080825
271.79000760555266,-72.79598889653157,-72.79598889653157
271.80000760555265,-72.79777477176802,-72.79777477176802
271.8100076055527,-72.79956820629772,-72.79956820629772
271.8200076055527,-72.80136921915062,-72.80136921915062
271.8300076055527,-72.80317782860683,-72.80317782860683
271.84000760555267,-72.80499405221323,-72.80499405221323
271.85000760555266,-72.80681790679931,-72.80681790679931
271.86000760555265,-72.80864940847353,-72.80864940847353
271.8700076055527,-72.81048857263272,-72.81048857263272
271.8800076055527,-72.81233541399094,-72.81233541399094
271.8900076055527,-72.81418994656832,-72.81418994656832
271.9000076055527,-72.81605218370004,-72.81605218370004
271.91000760555266,-72.8179221380641,-72.8179221380641
271.92000760555266,-72.81979982166817,-72.81979982166817
271.93000760555265,-72.82168524588809,-72.82168524588809
271.9400076055527,-72.82357842143394,-72.82357842143394
271.9500076055527,-72.82547935840498,-72.82547935840498
271.9600076055527,-72.82738806626325,-72.82738806626325
271.97000760555267,-72.82930455386258,-72.82930455386258
271.98000760555266,-72.83122882945514,-72.83122882945514
271.99000760555265,-72.83316090068993,-72.83316090068993
272.00000762939453,-72.83510077924862,-72.83510077924862
272.0100076293945,-72.8370484623953,-72.8370484623953
272.0200076293945,-72.83900396063284,-72.83900396063284
272.0300076293945,-72.84096727931316,-72.84096727931316
272.04000762939455,-72.84293842322741,-72.84293842322741
272.05000762939454,-72.84491739662114,-72.84491739662114
272.06000762939453,-72.84690420321459,-72.84690420321459
272.0700076293945,-72.84889884617951,-72.84889884617951
272.0800076293945,-72.85090132817763,-72.85090132817763
272.0900076293945,-72.85291165134653,-72.85291165134653
272.10000762939455,-72.85492981732585,-72.85492981732585
272.11000762939454,-72.85695582725745,-72.85695582725745
272.12000762939454,-72.85898968179126,-72.85898968179126
272.1300076293945,-72.86103138108557,-72.86103138108557
272.1400076293945,-72.86308092483377,-72.86308092483377
272.1500076293945,-72.86513831226256,-72.86513831226256
272.16000762939456,-72.86720354213554,-72.86720354213554
272.17000762939455,-72.8692766127445,-72.8692766127445
272.18000762939454,-72.8713575219629,-72.8713575219629
272.19000762939453,-72.87344626721034,-72.87344626721034
272.2000076293945,-72.87554284547915,-72.87554284547915
272.2100076293945,-72.87764089598086,-72.87764089598086
272.22000762939456,-72.87973762847427,-72.87973762847427
272.23000762939455,-72.88183168046436,-72.88183168046436
272.24000762939454,-72.88392235046624,-72.88392235046624
272.25000762939453,-72.88600930529533,-72.88600930529533
272.2600076293945,-72.88809242799405,-72.88809242799405
272.2700076293945,-72.89017172870602,-72.89017172870602
272.2800076293945,-72.89224729107782,-72.89224729107782
272.29000762939455,-72.8943192400458,-72.8943192400458
272.30000762939454,-72.89638772249549,-72.89638772249549
272.31000762939453,-72.89845289571957,-72.89845289571957
272.3200076293945,-72.90051492064151,-72.90051492064151
272.3300076293945,-72.90257395790574,-72.90257395790574
272.3400076293945,-72.90463016576584,-72.90463016576584
272.35000762939455,-72.90668369898972,-72.90668369898972
272.36000762939454,-72.9087347084232,-72.9087347084232
272.37000762939454,-72.91078334093731,-72.91078334093731
272.3800076293945,-72.91282973954986,-72.91282973954986
272.3900076293945,-72.9148740436534,-72.9148740436534
272.4000076293945,-72.91691638932457,-72.91691638932457
272.41000762939456,-72.91895690959932,-72.91895690959932
272.42000762939455,-72.92099573474874,-72.92099573474874
272.43000762939454,-72.92303299254392,-72.92303299254392
272.44000762939453,-72.92506880848013,-72.92506880848013
272.4500076293945,-72.92710330599925,-72.92710330599925
272.4600076293945,-72.92913660663567,-72.92913660663567
272.47000762939456,-72.93116883017218,-72.93116883017218
272.48000762939455,-72.93320009478181,-72.93320009478181
272.49000762939454,-72.93523051712032,-72.93523051712032
272.50000762939453,-72.93726021240846,-72.93726021240846
272.5100076293945,-72.9392892945239,-72.9392892945239
272.5200076293945,-72.94131787605603,-72.94131787605603
272.5300076293945,-72.9433460683338,-72.9433460683338
272.54000762939455,-72.94537398148354,-72.94537398148354
272.55000762939454,-72.94740172445232,-72.94740172445232
272.56000762939453,-72.9494294050449,-72.9494294050449
272.5700076293945,-72.95145712992618,-72.95145712992618
272.5800076293945,-72.95348500463798,-72.95348500463798
272.5900076293945,-72.95551313361099,-72.95551313361099
272.60000762939455,-72.95750809015678,-72.95750809015678
272.61000762939454,-72.95946070571088,-72.95946070571088
272.62000762939454,-72.96136573138854,-72.96136573138854
272.6300076293945,-72.96321859688457,-72.96321859688457
272.6400076293945,-72.96501509743328,-72.96501509743328
272.6500076293945,-72.96675142849503,-72.96675142849503
272.66000762939456,-72.96842422501767,-72.96842422501767
272.67000762939455,-72.9700305725088,-72.9700305725088
272.68000762939454,-72.9715679957489,-72.9715679957489
272.69000762939453,-72.97303443335815,-72.97303443335815
272.7000076293945,-72.97442820481321,-72.97442820481321
272.7100076293945,-72.97574797434362,-72.97574797434362
272.72000762939456,-72.97699271466624,-72.97699271466624
272.73000762939455,-72.97816167228784,-72.97816167228784
272.74000762939454,-72.97925433532923,-72.97925433532923
272.75000762939453,-72.98027040425706,-72.98027040425706
272.7600076293945,-72.98120976562396,-72.98120976562396
272.7700076293945,-72.98207246873511,-72.98207246873511
272.7800076293945,-72.9828587050275,-72.9828587050275
272.79000762939455,-72.98356878988089,-72.98356878988089
272.80000762939454,-72.98420314670972,-72.98420314670972
272.81000762939453,-72.98476229290603,-72.98476229290603
272.8200076293945,-72.98524682758412,-72.98524682758412
272.8300076293945,-72.98565742078034,-72.98565742078034
272.8400076293945,-72.98599480399832,-72.98599480399832
272.8500076532364,-72.98625976249475,-72.98625976249475
272.8600076532364,-72.98645312523225,-72.98645312523225
272.87000765323637,-72.98657576288507,-72.98657576288507
272.88000765323636,-72.98662857889384,-72.98662857889384
272.8900076532364,-72.9866125053454,-72.9866125053454
272.9000076532364,-72.98652849853048,-72.98652849853048
272.9100076532364,-72.98637753500482,-72.98637753500482
272.9200076532364,-72.98616060808303,-72.98616060808303
272.9300076532364,-72.98587872476959,-72.98587872476959
272.94000765323636,-72.98553290299654,-72.98553290299654
272.9500076532364,-72.98512416918223,-72.98512416918223
272.9600076532364,-72.98464719027358,-72.98464719027358
272.9700076532364,-72.98410021418648,-72.98410021418648
272.9800076532364,-72.98348292229304,-72.98348292229304
272.9900076532364,-72.98279566000218,-72.98279566000218
273.00000765323637,-72.98203914219505,-72.98203914219505
273.0100076532364,-72.98121429962251,-72.98121429962251
273.0200076532364,-72.98032218848068,-72.98032218848068
273.0300076532364,-72.97936393573028,-72.97936393573028
273.0400076532364,-72.97834070589835,-72.97834070589835
273.0500076532364,-72.97725368090111,-72.97725368090111
273.06000765323637,-72.97610404777909,-72.97610404777909
273.0700076532364,-72.9748929912794,-72.9748929912794
273.0800076532364,-72.97362168936917,-72.97362168936917
273.0900076532364,-72.97229131062107,-72.97229131062107
273.1000076532364,-72.97090301270035,-72.97090301270035
273.1100076532364,-72.96945794154024,-72.96945794154024
273.12000765323637,-72.96795723092636,-72.96795723092636
273.13000765323636,-72.9664020023589,-72.9664020023589
273.1400076532364,-72.96479336500242,-72.96479336500242
273.1500076532364,-72.96313241577117,-72.96313241577117
273.1600076532364,-72.96142023941894,-72.96142023941894
273.1700076532364,-72.95965790864908,-72.95965790864908
273.1800076532364,-72.95784648423638,-72.95784648423638
273.19000765323636,-72.95598701513,-72.95598701513
273.2000076532364,-72.9540805385622,-72.9540805385622
273.2100076532364,-72.95212808014777,-72.95212808014777
273.2200076532364,-72.95013065395494,-72.95013065395494
273.2300076532364,-72.94808926259384,-72.94808926259384
273.2400076532364,-72.946004897281,-72.946004897281
273.25000765323637,-72.94387853791412,-72.94387853791412
273.2600076532364,-72.94171115310267,-72.94171115310267
273.2700076532364,-72.93950370026621,-72.93950370026621
273.2800076532364,-72.93725712566265,-72.93725712566265
273.2900076532364,-72.93497236444179,-72.93497236444179
273.3000076532364,-72.9326503407013,-72.9326503407013
273.31000765323637,-72.93029196756336,-72.93029196756336
273.3200076532364,-72.92789814718157,-72.92789814718157
273.3300076532364,-72.92546977083698,-72.92546977083698
273.3400076532364,-72.92300771896893,-72.92300771896893
273.3500076532364,-72.92051286123362,-72.92051286123362
273.3600076532364,-72.91798605658106,-72.91798605658106
273.37000765323637,-72.91542815329049,-72.91542815329049
273.38000765323636,-72.91283998904812,-72.91283998904812
273.3900076532364,-72.91022239100262,-72.91022239100262
273.4000076532364,-72.9075761758274,-72.9075761758274
273.4100076532364,-72.90490214979789,-72.90490214979789
273.4200076532364,-72.90220110885092,-72.90220110885092
273.4300076532364,-72.89947383865962,-72.89947383865962
273.44000765323636,-72.8967211146886,-72.8967211146886
273.4500076532364,-72.8939437022973,-72.8939437022973
273.4600076532364,-72.89113600096809,-72.89113600096809
273.4700076532364,-72.88829597231626,-72.88829597231626
273.4800076532364,-72.88542299757883,-72.88542299757883
273.4900076532364,-72.88251711077693,-72.88251711077693
273.50000765323637,-72.87957870577416,-72.87957870577416
273.5100076532364,-72.87660838405141,-72.87660838405141
273.5200076532364,-72.87360686539174,-72.87360686539174
273.5300076532364,-72.87057493420139,-72.87057493420139
273.5400076532364,-72.8675134072307,-72.8675134072307
273.5500076532364,-72.86442311422307,-72.86442311422307
273.56000765323637,-72.86130488635894,-72.86130488635894
273.5700076532364,-72.85815954952841,-72.85815954952841
273.5800076532364,-72.85498792047099,-72.85498792047099
273.5900076532364,-72.85179080471663,-72.85179080471663
273.6000076532364,-72.84856899556026,-72.84856899556026
273.6100076532364,-72.84532327371726,-72.84532327371726
273.62000765323637,-72.8420544073171,-72.8420544073171
273.63000765323636,-72.83876315212868,-72.83876315212868
273.6400076532364,-72.83545025187097,-72.83545025187097
273.6500076532364,-72.8321164385986,-72.8321164385986
273.6600076532364,-72.82876243305861,-72.82876243305861
273.6700076532364,-72.82538894507121,-72.82538894507121
273.6800076532364,-72.82199667387518,-72.82199667387518
273.69000765323636,-72.81858630841823,-72.81858630841823
273.70000767707825,-72.81515851949891,-72.81515851949891
273.71000767707824,-72.81170764486491,-72.81170764486491
273.72000767707823,-72.80823155678337,-72.80823155678337
273.7300076770782,-72.80472955443192,-72.80472955443192
273.74000767707827,-72.80120158992688,-72.80120158992688
273.75000767707826,-72.79764797578898,-72.79764797578898
273.76000767707825,-72.79406923283925,-72.79406923283925
273.77000767707824,-72.7904660010388,-72.7904660010388
273.78000767707823,-72.7868389858663,-72.7868389858663
273.7900076770782,-72.78318892608625,-72.78318892608625
273.80000767707827,-72.77951657441879,-72.77951657441879
273.81000767707826,-72.77582268600382,-72.77582268600382
273.82000767707825,-72.77210801173858,-72.77210801173858
273.83000767707824,-72.76837329436074,-72.76837329436074
273.84000767707823,-72.76461926642175,-72.76461926642175
273.8500076770782,-72.76084664928274,-72.76084664928274
273.8600076770783,-72.75705615273688,-72.75705615273688
273.87000767707826,-72.75324847503093,-72.75324847503093
273.88000767707825,-72.74942430305121,-72.74942430305121
273.89000767707824,-72.74558431267187,-72.74558431267187
273.90000767707824,-72.74172916907942,-72.74172916907942
273.9100076770782,-72.73785952714925,-72.73785952714925
273.9200076770783,-72.73397603182501,-72.73397603182501
273.93000767707827,-72.73007931839189,-72.73007931839189
273.94000767707826,-72.72617001283922,-72.72617001283922
273.95000767707825,-72.722248732094,-72.722248732094
273.96000767707824,-72.71831608427051,-72.71831608427051
273.97000767707823,-72.71437266889112,-72.71437266889112
273.9800076770782,-72.71041907709954,-72.71041907709954
273.99000767707827,-72.70645589179712,-72.70645589179712
274.00000767707826,-72.70248368782627,-72.70248368782627
274.01000767707825,-72.6985030321048,-72.6985030321048
274.02000767707824,-72.69451448374926,-72.69451448374926
274.03000767707823,-72.69051859417762,-72.69051859417762
274.0400076770782,-72.68651590722688,-72.68651590722688
274.05000767707827,-72.682506959258,-72.682506959258
274.06000767707826,-72.6784922792192,-72.6784922792192
274.07000767707825,-72.67447238874433,-72.67447238874433
274.08000767707824,-72.67044780223607,-72.67044780223607
274.09000767707823,-72.66641902691516,-72.66641902691516
274.1000076770782,-72.66238656291956,-72.66238656291956
274.1100076770783,-72.6583509033656,-72.6583509033656
274.12000767707826,-72.6543125343889,-72.6543125343889
274.13000767707825,-72.65027193525046,-72.65027193525046
274.14000767707824,-72.64622957835023,-72.64622957835023
274.15000767707824,-72.64218592931982,-72.64218592931982
274.1600076770782,-72.63814144707996,-72.63814144707996
274.1700076770783,-72.63409658388869,-72.63409658388869
274.18000767707827,-72.63005178540116,-72.63005178540116
274.19000767707826,-72.62600749073162,-72.62600749073162
274.20000767707825,-72.62196413251355,-72.62196413251355
274.21000767707824,-72.61791580838313,-72.61791580838313
274.22000767707823,-72.61386016865794,-72.61386016865794
274.2300076770782,-72.60979628181526,-72.60979628181526
274.24000767707827,-72.60572387042355,-72.60572387042355
274.25000767707826,-72.6016430192103,-72.6016430192103
274.26000767707825,-72.59755402326547,-72.59755402326547
274.27000767707824,-72.5934572988939,-72.5934572988939
274.28000767707823,-72.58935333007979,-72.58935333007979
274.2900076770782,-72.5852426362148,-72.5852426362148
274.30000767707827,-72.58112575275602,-72.58112575275602
274.31000767707826,-72.57700321969183,-72.57700321969183
274.32000767707825,-72.57287557479901,-72.57287557479901
274.33000767707824,-72.56874334975822,-72.56874334975822
274.34000767707823,-72.56460706809115,-72.56460706809115
274.3500076770782,-72.56046724411806,-72.56046724411806
274.3600076770783,-72.55632438261894,-72.55632438261894
274.37000767707826,-72.55217897880881,-72.55217897880881
274.38000767707825,-72.54803151850841,-72.54803151850841
274.39000767707824,-72.54388247849201,-72.54388247849201
274.40000767707824,-72.53973232684582,-72.53973232684582
274.4100076770782,-72.53558152327612,-72.53558152327612
274.4200076770783,-72.53143051949532,-72.53143051949532
274.43000767707827,-72.52727975954834,-72.52727975954834
274.44000767707826,-72.52312968008331,-72.52312968008331
274.45000767707825,-72.5189807106378,-72.5189807106378
274.46000767707824,-72.51483327386445,-72.51483327386445
274.47000767707823,-72.51068778575805,-72.51068778575805
274.4800076770782,-72.50654465582502,-72.50654465582502
274.49000767707827,-72.50240428727356,-72.50240428727356
274.50000767707826,-72.49826707713665,-72.49826707713665
274.51000767707825,-72.49413341642756,-72.49413341642756
274.52000767707824,-72.49000369023975,-72.49000369023975
274.53000767707823,-72.48587827786497,-72.48587827786497
274.5400076770782,-72.48175755288192,-72.48175755288192
274.5500077009201,-72.47764187345497,-72.47764187345497
274.5600077009201,-72.4735316216105,-72.4735316216105
274.5700077009201,-72.46942714450148,-72.46942714450148
274.5800077009201,-72.4653287936763,-72.4653287936763
274.5900077009201,-72.46123691534582,-72.46123691534582
274.6000077009201,-72.45715185044747,-72.45715185044747
274.6100077009201,-72.45307393471089,-72.45307393471089
274.6200077009201,-72.44900349869435,-72.44900349869435
274.6300077009201,-72.44494086784393,-72.44494086784393
274.6400077009201,-72.44088636254911,-72.44088636254911
274.6500077009201,-72.43684029817658,-72.43684029817658
274.6600077009201,-72.43280298515727,-72.43280298515727
274.6700077009201,-72.42877472896538,-72.42877472896538
274.6800077009201,-72.42475583023321,-72.42475583023321
274.6900077009201,-72.42074658476209,-72.42074658476209
274.7000077009201,-72.41674728357255,-72.41674728357255
274.71000770092013,-72.4127519039199,-72.4127519039199
274.7200077009201,-72.40875796763993,-72.40875796763993
274.7300077009201,-72.40476441236561,-72.40476441236561
274.7400077009201,-72.40077082957643,-72.40077082957643
274.7500077009201,-72.3967771734355,-72.3967771734355
274.7600077009201,-72.39278360938725,-72.39278360938725
274.77000770092013,-72.38879042527489,-72.38879042527489
274.7800077009201,-72.38479797784514,-72.38479797784514
274.7900077009201,-72.38080666059768,-72.38080666059768
274.8000077009201,-72.37681688445139,-72.37681688445139
274.8100077009201,-72.37282906624887,-72.37282906624887
274.8200077009201,-72.36884362200274,-72.36884362200274
274.8300077009201,-72.36486096303057,-72.36486096303057
274.8400077009201,-72.36088149387612,-72.36088149387612
274.8500077009201,-72.35690561129664,-72.35690561129664
274.8600077009201,-72.35293370385514,-72.35293370385514
274.8700077009201,-72.34896615195713,-72.34896615195713
274.8800077009201,-72.34500332798888,-72.34500332798888
274.8900077009201,-72.3410455966513,-72.3410455966513
274.9000077009201,-72.3370933152856,-72.3370933152856
274.9100077009201,-72.33314683424594,-72.33314683424594
274.9200077009201,-72.32920649720785,-72.32920649720785
274.9300077009201,-72.32527264150569,-72.32527264150569
274.9400077009201,-72.32134559841022,-72.32134559841022
274.9500077009201,-72.3174256933832,-72.3174256933832
274.96000770092013,-72.31351324629172,-72.31351324629172
274.9700077009201,-72.30960857164798,-72.30960857164798
274.9800077009201,-72.30571197875024,-72.30571197875024
274.9900077009201,-72.301823771857,-72.301823771857
275.0000077009201,-72.29794425032127,-72.29794425032127
275.0100077009201,-72.2940737087031,-72.2940737087031
275.02000770092013,-72.29021243687627,-72.29021243687627
275.0300077009201,-72.28636072015098,-72.28636072015098
275.0400077009201,-72.28251883932215,-72.28251883932215
275.0500077009201,-72.27868707075174,-72.27868707075174
275.0600077009201,-72.27486568646417,-72.27486568646417
275.0700077009201,-72.27105495417489,-72.27105495417489
275.0800077009201,-72.26725513737418,-72.26725513737418
275.0900077009201,-72.2634664953472,-72.2634664953472
275.1000077009201,-72.25968928326333,-72.25968928326333
275.1100077009201,-72.2559237521719,-72.2559237521719
275.1200077009201,-72.25217014909187,-72.25217014909187
275.1300077009201,-72.24842871702253,-72.24842871702253
275.1400077009201,-72.24469969500565,-72.24469969500565
275.1500077009201,-72.24098331813964,-72.24098331813964
275.1600077009201,-72.237279817613,-72.237279817613
275.1700077009201,-72.23358942076881,-72.23358942076881
275.1800077009201,-72.22991235111353,-72.22991235111353
275.1900077009201,-72.22624882835939,-72.22624882835939
275.2000077009201,-72.22259906846475,-72.22259906846475
275.21000770092013,-72.21895699274444,-72.21895699274444
275.2200077009201,-72.21532005887119,-72.21532005887119
275.2300077009201,-72.21168713739587,-72.21168713739587
275.2400077009201,-72.20805775181981,-72.20805775181981
275.2500077009201,-72.20443178820317,-72.20443178820317
275.2600077009201,-72.2008093441527,-72.2008093441527
275.27000770092013,-72.19719064012862,-72.19719064012862
275.2800077009201,-72.19357596615042,-72.19357596615042
275.2900077009201,-72.18996564967581,-72.18996564967581
275.3000077009201,-72.18636003631816,-72.18636003631816
275.3100077009201,-72.1827594783977,-72.1827594783977
275.3200077009201,-72.17916432815703,-72.17916432815703
275.3300077009201,-72.17557493396255,-72.17557493396255
275.3400077009201,-72.17199163818304,-72.17199163818304
275.3500077009201,-72.168414776178,-72.168414776178
275.3600077009201,-72.16484467592039,-72.16484467592039
275.3700077009201,-72.16128165797625,-72.16128165797625
275.3800077009201,-72.15772603569052,-72.15772603569052
275.3900077009201,-72.15417811549392,-72.15417811549392
275.40000772476196,-72.15063818878767,-72.15063818878767
275.41000772476195,-72.14710656603863,-72.14710656603863
275.42000772476194,-72.14358352648395,-72.14358352648395
275.43000772476194,-72.140069352197,-72.140069352197
275.440007724762,-72.1365643199325,-72.1365643199325
275.450007724762,-72.13306870134589,-72.13306870134589
275.46000772476197,-72.12958276326609,-72.12958276326609
275.47000772476196,-72.12610676783578,-72.12610676783578
275.48000772476195,-72.12264097271901,-72.12264097271901
275.49000772476194,-72.11918563122639,-72.11918563122639
275.500007724762,-72.1157409924697,-72.1157409924697
275.510007724762,-72.1123073014386,-72.1123073014386
275.52000772476197,-72.10888479914513,-72.10888479914513
275.53000772476196,-72.10547372267749,-72.10547372267749
275.54000772476195,-72.10207430528773,-72.10207430528773
275.55000772476194,-72.09868677646502,-72.09868677646502
275.560007724762,-72.09531136198123,-72.09531136198123
275.570007724762,-72.09194828396083,-72.09194828396083
275.58000772476197,-72.0885977609274,-72.0885977609274
275.59000772476196,-72.08526000785558,-72.08526000785558
275.60000772476195,-72.08193523617422,-72.08193523617422
275.61000772476194,-72.0786236538572,-72.0786236538572
275.620007724762,-72.07532546541566,-72.07532546541566
275.630007724762,-72.07204087197591,-72.07204087197591
275.640007724762,-72.06877007125678,-72.06877007125678
275.65000772476196,-72.06551325763476,-72.06551325763476
275.66000772476195,-72.06227062217674,-72.06227062217674
275.67000772476194,-72.05904235265268,-72.05904235265268
275.68000772476194,-72.05582863355957,-72.05582863355957
275.690007724762,-72.05262964615893,-72.05262964615893
275.700007724762,-72.04944556851424,-72.04944556851424
275.71000772476197,-72.04627657548929,-72.04627657548929
275.72000772476196,-72.04312283879598,-72.04312283879598
275.73000772476195,-72.03998452699527,-72.03998452699527
275.74000772476194,-72.03686180557132,-72.03686180557132
275.750007724762,-72.03375483691114,-72.03375483691114
275.760007724762,-72.03066378034491,-72.03066378034491
275.77000772476197,-72.02758879217421,-72.02758879217421
275.78000772476196,-72.02453002569874,-72.02453002569874
275.79000772476195,-72.0214876312473,-72.0214876312473
275.80000772476194,-72.01846175618772,-72.01846175618772
275.810007724762,-72.0154525449759,-72.0154525449759
275.820007724762,-72.01246013915994,-72.01246013915994
275.83000772476197,-72.00948467742563,-72.00948467742563
275.84000772476196,-72.00652629560854,-72.00652629560854
275.85000772476195,-72.0035851267441,-72.0035851267441
275.86000772476194,-72.00066130105766,-72.00066130105766
275.870007724762,-71.99775494602932,-71.99775494602932
275.880007724762,-71.99486618640168,-71.99486618640168
275.890007724762,-71.99199514420599,-71.99199514420599
275.90000772476196,-71.98914193881161,-71.98914193881161
275.91000772476195,-71.98630668692131,-71.98630668692131
275.92000772476194,-71.98348950261676,-71.98348950261676
275.93000772476194,-71.98069049739131,-71.98069049739131
275.940007724762,-71.97790978016904,-71.97790978016904
275.950007724762,-71.97514745734179,-71.97514745734179
275.96000772476197,-71.97239736409627,-71.97239736409627
275.97000772476196,-71.96965686138405,-71.96965686138405
275.98000772476195,-71.96692471923924,-71.96692471923924
275.99000772476194,-71.96420035938334,-71.96420035938334
276.000007724762,-71.96148356585219,-71.96148356585219
276.010007724762,-71.95877433451668,-71.95877433451668
276.02000772476197,-71.95607278471348,-71.95607278471348
276.03000772476196,-71.95337910615761,-71.95337910615761
276.04000772476195,-71.9506935269144,-71.9506935269144
276.05000772476194,-71.94801629422953,-71.94801629422953
276.060007724762,-71.94534766308412,-71.94534766308412
276.070007724762,-71.94268788949066,-71.94268788949066
276.08000772476197,-71.94003722665138,-71.94003722665138
276.09000772476196,-71.93739592289798,-71.93739592289798
276.10000772476195,-71.93476422066065,-71.93476422066065
276.11000772476194,-71.93214235611212,-71.93214235611212
276.120007724762,-71.92953055911615,-71.92953055911615
276.130007724762,-71.92692905344856,-71.92692905344856
276.140007724762,-71.92433805705808,-71.92433805705808
276.15000772476196,-71.9217577824239,-71.9217577824239
276.16000772476195,-71.91918843687779,-71.91918843687779
276.17000772476194,-71.9166302229392,-71.9166302229392
276.18000772476194,-71.91408333862627,-71.91408333862627
276.190007724762,-71.91154797769903,-71.91154797769903
276.200007724762,-71.90902432994342,-71.90902432994342
276.21000772476197,-71.9065063187347,-71.9065063187347
276.22000772476196,-71.90399138901589,-71.90399138901589
276.23000772476195,-71.90147839248225,-71.90147839248225
276.24000772476194,-71.89896683099849,-71.89896683099849
276.2500077486038,-71.89645656162917,-71.89645656162917
276.2600077486038,-71.89394767025661,-71.89394767025661
276.2700077486038,-71.89144034758081,-71.89144034758081
276.2800077486038,-71.88893485998402,-71.88893485998402
276.29000774860384,-71.88643151162135,-71.88643151162135
276.30000774860383,-71.88393062531281,-71.88393062531281
276.3100077486038,-71.88143253112501,-71.88143253112501
276.3200077486038,-71.87893755971906,-71.87893755971906
276.3300077486038,-71.87644603850924,-71.87644603850924
276.3400077486038,-71.87395828959917,-71.87395828959917
276.35000774860384,-71.87147462878477,-71.87147462878477
276.36000774860383,-71.86899536519074,-71.86899536519074
276.3700077486038,-71.86652080121169,-71.86652080121169
276.3800077486038,-71.86405123272884,-71.86405123272884
276.3900077486038,-71.8615869493779,-71.8615869493779
276.4000077486038,-71.85912823489151,-71.85912823489151
276.41000774860385,-71.85667536741998,-71.85667536741998
276.42000774860384,-71.85422861986224,-71.85422861986224
276.4300077486038,-71.85178826012508,-71.85178826012508
276.4400077486038,-71.8493545514414,-71.8493545514414
276.4500077486038,-71.84692775254781,-71.84692775254781
276.4600077486038,-71.84450811794261,-71.84450811794261
276.47000774860385,-71.84209589801463,-71.84209589801463
276.48000774860384,-71.8396913392359,-71.8396913392359
276.49000774860383,-71.83729468426867,-71.83729468426867
276.5000077486038,-71.83490617210549,-71.83490617210549
276.5100077486038,-71.83252603813358,-71.83252603813358
276.5200077486038,-71.83015451425406,-71.83015451425406
276.5300077486038,-71.82779182892659,-71.82779182892659
276.54000774860384,-71.82543820724818,-71.82543820724818
276.55000774860383,-71.82309387099221,-71.82309387099221
276.5600077486038,-71.82075903866934,-71.82075903866934
276.5700077486038,-71.81843392555987,-71.81843392555987
276.5800077486038,-71.81611874374684,-71.81611874374684
276.5900077486038,-71.81381370216356,-71.81381370216356
276.60000774860384,-71.81151900659096,-71.81151900659096
276.61000774860383,-71.80923485970425,-71.80923485970425
276.6200077486038,-71.80696146109845,-71.80696146109845
276.6300077486038,-71.8046990072971,-71.8046990072971
276.6400077486038,-71.80244769178086,-71.80244769178086
276.6500077486038,-71.80020770500221,-71.80020770500221
276.66000774860385,-71.79797923440907,-71.79797923440907
276.67000774860384,-71.79576246444354,-71.79576246444354
276.6800077486038,-71.79355757658288,-71.79355757658288
276.6900077486038,-71.7913647493432,-71.7913647493432
276.7000077486038,-71.78918415829838,-71.78918415829838
276.7100077486038,-71.78701597609981,-71.78701597609981
276.72000774860385,-71.7848603724914,-71.7848603724914
276.73000774860384,-71.78271751432369,-71.78271751432369
276.74000774860383,-71.78058756557508,-71.78058756557508
276.7500077486038,-71.77847068736956,-71.77847068736956
276.7600077486038,-71.77636703797937,-71.77636703797937
276.7700077486038,-71.77427677288264,-71.77427677288264
276.7800077486038,-71.77220004473855,-71.77220004473855
276.79000774860384,-71.77013700343183,-71.77013700343183
276.80000774860383,-71.76808779607677,-71.76808779607677
276.8100077486038,-71.76605256706233,-71.76605256706233
276.8200077486038,-71.76403145803637,-71.76403145803637
276.8300077486038,-71.76202460796375,-71.76202460796375
276.8400077486038,-71.76003215311896,-71.76003215311896
276.85000774860384,-71.75805422711987,-71.75805422711987
276.86000774860383,-71.75609096094254,-71.75609096094254
276.8700077486038,-71.75414248295753,-71.75414248295753
276.8800077486038,-71.75220891893596,-71.75220891893596
276.8900077486038,-71.7502903920851,-71.7502903920851
276.9000077486038,-71.74838702306275,-71.74838702306275
276.91000774860385,-71.7464989300038,-71.7464989300038
276.92000774860384,-71.74462622853864,-71.74462622853864
276.9300077486038,-71.74276903183184,-71.74276903183184
276.9400077486038,-71.74092745058601,-71.74092745058601
276.9500077486038,-71.7391015930844,-71.7391015930844
276.9600077486038,-71.73728531801284,-71.73728531801284
276.97000774860385,-71.73547599875442,-71.73547599875442
276.98000774860384,-71.73367241299715,-71.73367241299715
276.99000774860383,-71.73187398774877,-71.73187398774877
277.0000077486038,-71.73008051095718,-71.73008051095718
277.0100077486038,-71.72829198158082,-71.72829198158082
277.0200077486038,-71.72650852157359,-71.72650852157359
277.0300077486038,-71.72473032296824,-71.72473032296824
277.04000774860384,-71.72295761601669,-71.72295761601669
277.05000774860383,-71.72119065007217,-71.72119065007217
277.0600077486038,-71.71942968222397,-71.71942968222397
277.0700077486038,-71.71767497059273,-71.71767497059273
277.0800077486038,-71.71592677055496,-71.71592677055496
277.0900077486038,-71.71418533265376,-71.71418533265376
277.1000077724457,-71.71245089747192,-71.71245089747192
277.11000777244567,-71.71072371179042,-71.71072371179042
277.12000777244566,-71.70900400373601,-71.70900400373601
277.13000777244565,-71.70729199954506,-71.70729199954506
277.1400077724457,-71.70558791971612,-71.70558791971612
277.1500077724457,-71.70389197932377,-71.70389197932377
277.1600077724457,-71.70220438837863,-71.70220438837863
277.1700077724457,-71.70052535211919,-71.70052535211919
277.18000777244566,-71.69885507134215,-71.69885507134215
277.19000777244565,-71.69719374266111,-71.69719374266111
277.2000077724457,-71.69554155875778,-71.69554155875778
277.2100077724457,-71.69389870858119,-71.69389870858119
277.2200077724457,-71.69226537754108,-71.69226537754108
277.2300077724457,-71.69064174767799,-71.69064174767799
277.24000777244567,-71.68902799778643,-71.68902799778643
277.25000777244566,-71.68742430354799,-71.68742430354799
277.2600077724457,-71.68583083763595,-71.68583083763595
277.2700077724457,-71.6842477698013,-71.6842477698013
277.2800077724457,-71.68267526695152,-71.68267526695152
277.2900077724457,-71.68111349322108,-71.68111349322108
277.30000777244567,-71.67956261003592,-71.67956261003592
277.31000777244566,-71.67802277615729,-71.67802277615729
277.3200077724457,-71.67649414771864,-71.67649414771864
277.3300077724457,-71.6749768782902,-71.6749768782902
277.3400077724457,-71.67347111889161,-71.67347111889161
277.3500077724457,-71.67197701803543,-71.67197701803543
277.36000777244567,-71.67049472175005,-71.67049472175005
277.37000777244566,-71.66902437360594,-71.66902437360594
277.38000777244565,-71.66756611473735,-71.66756611473735
277.3900077724457,-71.66612008387624,-71.66612008387624
277.4000077724457,-71.66468641735844,-71.66468641735844
277.4100077724457,-71.6632652491431,-71.6632652491431
277.4200077724457,-71.66185671084074,-71.66185671084074
277.43000777244566,-71.66046093173664,-71.66046093173664
277.44000777244565,-71.65907803876958,-71.65907803876958
277.4500077724457,-71.65770815660899,-71.65770815660899
277.4600077724457,-71.6563451676339,-71.6563451676339
277.4700077724457,-71.65498646521121,-71.65498646521121
277.4800077724457,-71.6536308453771,-71.6536308453771
277.49000777244567,-71.65227775272402,-71.65227775272402
277.50000777244566,-71.65092699237708,-71.65092699237708
277.5100077724457,-71.6495785802023,-71.6495785802023
277.5200077724457,-71.64823265494678,-71.64823265494678
277.5300077724457,-71.64688942537028,-71.64688942537028
277.5400077724457,-71.64554913842144,-71.64554913842144
277.55000777244567,-71.64421206018808,-71.64421206018808
277.56000777244566,-71.64287846448676,-71.64287846448676
277.5700077724457,-71.64154862620511,-71.64154862620511
277.5800077724457,-71.64022281750763,-71.64022281750763
277.5900077724457,-71.63890130574714,-71.63890130574714
277.6000077724457,-71.63758435246505,-71.63758435246505
277.61000777244567,-71.63627221301157,-71.63627221301157
277.62000777244566,-71.6349651365008,-71.6349651365008
277.63000777244565,-71.63366336602891,-71.63366336602891
277.6400077724457,-71.63236713892822,-71.63236713892822
277.6500077724457,-71.63107668709388,-71.63107668709388
277.6600077724457,-71.62979223733234,-71.62979223733234
277.6700077724457,-71.62851401167102,-71.62851401167102
277.68000777244566,-71.62724222763485,-71.62724222763485
277.69000777244565,-71.62597709855692,-71.62597709855692
277.7000077724457,-71.62471883376169,-71.62471883376169
277.7100077724457,-71.62346763881212,-71.62346763881212
277.7200077724457,-71.62222371566969,-71.62222371566969
277.7300077724457,-71.62098726286192,-71.62098726286192
277.74000777244567,-71.61975847561253,-71.61975847561253
277.75000777244566,-71.61853754595663,-71.61853754595663
277.7600077724457,-71.61732466285241,-71.61732466285241
277.7700077724457,-71.61612001226493,-71.61612001226493
277.7800077724457,-71.61492377722354,-71.61492377722354
277.7900077724457,-71.61373613791008,-71.61373613791008
277.80000777244567,-71.61255727169915,-71.61255727169915
277.81000777244566,-71.61138735321921,-71.61138735321921
277.8200077724457,-71.61022655438883,-71.61022655438883
277.8300077724457,-71.6090750444534,-71.6090750444534
277.8400077724457,-71.60793299001209,-71.60793299001209
277.8500077724457,-71.60680055506424,-71.60680055506424
277.86000777244567,-71.60567790100973,-71.60567790100973
277.87000777244566,-71.60456518671184,-71.60456518671184
277.88000777244565,-71.60346256846958,-71.60346256846958
277.8900077724457,-71.6023702000835,-71.6023702000835
277.9000077724457,-71.6012882328418,-71.6012882328418
277.9100077724457,-71.60021681556233,-71.60021681556233
277.9200077724457,-71.59915609459648,-71.59915609459648
277.93000777244566,-71.59810621383758,-71.59810621383758
277.94000777244565,-71.59706731476554,-71.59706731476554
277.95000779628754,-71.59603953398937,-71.59603953398937
277.9600077962875,-71.59502301308149,-71.59502301308149
277.9700077962875,-71.59401788384248,-71.59401788384248
277.9800077962875,-71.5930242781662,-71.5930242781662
277.99000779628756,-71.59204232561241,-71.59204232561241
278.00000779628755,-71.59107215339316,-71.59107215339316
278.01000779628754,-71.59011388639681,-71.59011388639681
278.02000779628753,-71.58916764721009,-71.58916764721009
278.0300077962875,-71.58823355613137,-71.58823355613137
278.0400077962875,-71.58731173118767,-71.58731173118767
278.05000779628756,-71.58640228815636,-71.58640228815636
278.06000779628755,-71.58550534055846,-71.58550534055846
278.07000779628754,-71.58462099970474,-71.58462099970474
278.08000779628753,-71.58374937470124,-71.58374937470124
278.0900077962875,-71.58289057246628,-71.58289057246628
278.1000077962875,-71.58204469776341,-71.58204469776341
278.11000779628756,-71.58121185318004,-71.58121185318004
278.12000779628755,-71.58039213919847,-71.58039213919847
278.13000779628754,-71.57958565417137,-71.57958565417137
278.14000779628753,-71.57879249436334,-71.57879249436334
278.1500077962875,-71.57801275396069,-71.57801275396069
278.1600077962875,-71.57724652510856,-71.57724652510856
278.17000779628756,-71.57649389789721,-71.57649389789721
278.18000779628755,-71.57575496040782,-71.57575496040782
278.19000779628755,-71.57502979872898,-71.57502979872898
278.20000779628754,-71.5743184969633,-71.5743184969633
278.2100077962875,-71.57362113726445,-71.57362113726445
278.2200077962875,-71.57293779985615,-71.57293779985615
278.2300077962875,-71.5722685630242,-71.5722685630242
278.24000779628756,-71.5716135031734,-71.5716135031734
278.25000779628755,-71.57097269483953,-71.57097269483953
278.26000779628754,-71.5703462106905,-71.5703462106905
278.27000779628753,-71.56973412155318,-71.56973412155318
278.2800077962875,-71.56913649646265,-71.56913649646265
278.2900077962875,-71.56855340263844,-71.56855340263844
278.30000779628756,-71.56798490553837,-71.56798490553837
278.31000779628755,-71.56743106886752,-71.56743106886752
278.32000779628754,-71.56689195458847,-71.56689195458847
278.33000779628753,-71.56636762295909,-71.56636762295909
278.3400077962875,-71.56585813255381,-71.56585813255381
278.3500077962875,-71.56536354026355,-71.56536354026355
278.36000779628756,-71.56488390133542,-71.56488390133542
278.37000779628755,-71.56441926938622,-71.56441926938622
278.38000779628754,-71.56396969642144,-71.56396969642144
278.39000779628753,-71.56353523285544,-71.56353523285544
278.4000077962875,-71.5631159275401,-71.5631159275401
278.4100077962875,-71.56271182776601,-71.56271182776601
278.42000779628756,-71.56232297930416,-71.56232297930416
278.43000779628755,-71.56194942640677,-71.56194942640677
278.44000779628755,-71.56159121185561,-71.56159121185561
278.45000779628754,-71.56124837694179,-71.56124837694179
278.4600077962875,-71.56092096151258,-71.56092096151258
278.4700077962875,-71.56060900399189,-71.56060900399189
278.4800077962875,-71.56031254138047,-71.56031254138047
278.49000779628756,-71.5600316092912,-71.5600316092912
278.50000779628755,-71.55976624195029,-71.55976624195029
278.51000779628754,-71.55951647226132,-71.55951647226132
278.52000779628753,-71.55928233176328,-71.55928233176328
278.5300077962875,-71.55906385068407,-71.55906385068407
278.5400077962875,-71.55886105796027,-71.55886105796027
278.55000779628756,-71.55867398123773,-71.55867398123773
278.56000779628755,-71.55850264690686,-71.55850264690686
278.57000779628754,-71.5583470801145,-71.5583470801145
278.58000779628753,-71.55820730476538,-71.55820730476538
278.5900077962875,-71.55808334358338,-71.55808334358338
278.6000077962875,-71.5579752180721,-71.5579752180721
278.61000779628756,-71.55788294858058,-71.55788294858058
278.62000779628755,-71.55780655429024,-71.55780655429024
278.63000779628754,-71.55774605325509,-71.55774605325509
278.64000779628753,-71.55770146238277,-71.55770146238277
278.6500077962875,-71.5576727975029,-71.5576727975029
278.6600077962875,-71.55766007333801,-71.55766007333801
278.67000779628756,-71.55766330353491,-71.55766330353491
278.68000779628755,-71.55768250068809,-71.55768250068809
278.69000779628755,-71.55771767635922,-71.55771767635922
278.70000779628754,-71.55776884106596,-71.55776884106596
278.7100077962875,-71.55783600434289,-71.55783600434289
278.7200077962875,-71.5579191746993,-71.5579191746993
278.7300077962875,-71.55801835968714,-71.55801835968714
278.74000779628756,-71.55813356589252,-71.55813356589252
278.75000779628755,-71.55826479894075,-71.55826479894075
278.76000779628754,-71.55841206352845,-71.55841206352845
278.77000779628753,-71.55857536343935,-71.55857536343935
278.7800077962875,-71.55875470154882,-71.55875470154882
278.7900077962875,-71.55895007984114,-71.55895007984114
278.8000078201294,-71.55916149992402,-71.55916149992402
278.8100078201294,-71.55938896108754,-71.55938896108754
278.8200078201294,-71.55963246316432,-71.55963246316432
278.83000782012937,-71.55989200472783,-71.55989200472783
278.8400078201294,-71.56016758351572,-71.56016758351572
278.8500078201294,-71.56045919645359,-71.56045919645359
278.8600078201294,-71.5607668396785,-71.5607668396785
278.8700078201294,-71.56109050854775,-71.56109050854775
278.8800078201294,-71.56143019763688,-71.56143019763688
278.89000782012937,-71.56178590078005,-71.56178590078005
278.9000078201294,-71.56215761104787,-71.56215761104787
278.9100078201294,-71.56254532079538,-71.56254532079538
278.9200078201294,-71.56294902165374,-71.56294902165374
278.9300078201294,-71.56336870453536,-71.56336870453536
278.9400078201294,-71.56380435966975,-71.56380435966975
278.9500078201294,-71.56425597659519,-71.56425597659519
278.9600078201294,-71.56471730955799,-71.56471730955799
278.9700078201294,-71.5651856207937,-71.5651856207937
278.9800078201294,-71.56565957478388,-71.56565957478388
278.9900078201294,-71.56613848504578,-71.56613848504578
279.0000078201294,-71.5666220265322,-71.5666220265322
279.0100078201294,-71.56711008615363,-71.56711008615363
279.0200078201294,-71.56760267505156,-71.56760267505156
279.0300078201294,-71.56809987587548,-71.56809987587548
279.0400078201294,-71.56860181105111,-71.56860181105111
279.0500078201294,-71.56910862374386,-71.56910862374386
279.0600078201294,-71.56962046650163,-71.56962046650163
279.0700078201294,-71.57013749461298,-71.57013749461298
279.08000782012937,-71.5706598622991,-71.5706598622991
279.0900078201294,-71.57118772064618,-71.57118772064618
279.1000078201294,-71.57172121658449,-71.57172121658449
279.1100078201294,-71.57226049247349,-71.57226049247349
279.1200078201294,-71.57280568610872,-71.57280568610872
279.1300078201294,-71.57335693086115,-71.57335693086115
279.14000782012937,-71.57391435594324,-71.57391435594324
279.1500078201294,-71.574478086746,-71.574478086746
279.1600078201294,-71.57504824512206,-71.57504824512206
279.1700078201294,-71.57562494971182,-71.57562494971182
279.1800078201294,-71.57620831623552,-71.57620831623552
279.1900078201294,-71.57679845769516,-71.57679845769516
279.2000078201294,-71.57739548464588,-71.57739548464588
279.2100078201294,-71.5779995053664,-71.5779995053664
279.2200078201294,-71.57861062602603,-71.57861062602603
279.2300078201294,-71.57922895083514,-71.57922895083514
279.2400078201294,-71.57985458215508,-71.57985458215508
279.2500078201294,-71.58048762061236,-71.58048762061236
279.2600078201294,-71.58112816517475,-71.58112816517475
279.2700078201294,-71.58177631323262,-71.58177631323262
279.2800078201294,-71.58243216065725,-71.58243216065725
279.2900078201294,-71.58309580184617,-71.58309580184617
279.3000078201294,-71.58376732976954,-71.58376732976954
279.3100078201294,-71.58444683601239,-71.58444683601239
279.3200078201294,-71.58513441077658,-71.58513441077658
279.33000782012937,-71.5858301429379,-71.5858301429379
279.3400078201294,-71.58653412003412,-71.58653412003412
279.3500078201294,-71.58724642830379,-71.58724642830379
279.3600078201294,-71.58796715269024,-71.58796715269024
279.3700078201294,-71.58869637683816,-71.58869637683816
279.3800078201294,-71.58943418311881,-71.58943418311881
279.39000782012937,-71.59018065262951,-71.59018065262951
279.4000078201294,-71.59093586520632,-71.59093586520632
279.4100078201294,-71.59169989939764,-71.59169989939764
279.4200078201294,-71.59247283251452,-71.59247283251452
279.4300078201294,-71.5932547405994,-71.5932547405994
279.4400078201294,-71.59404569843993,-71.59404569843993
279.4500078201294,-71.59484577956351,-71.59484577956351
279.4600078201294,-71.59565505624144,-71.59565505624144
279.4700078201294,-71.59647359949969,-71.59647359949969
279.4800078201294,-71.59730147910811,-71.59730147910811
279.4900078201294,-71.59813876359043,-71.59813876359043
279.5000078201294,-71.59898552022484,-71.59898552022484
279.5100078201294,-71.59984181504386,-71.59984181504386
279.5200078201294,-71.60070771284511,-71.60070771284511
279.5300078201294,-71.6015832771695,-71.6015832771695
279.5400078201294,-71.60246857034124,-71.60246857034124
279.5500078201294,-71.60336365344115,-71.60336365344115
279.5600078201294,-71.6042685863173,-71.6042685863173
279.5700078201294,-71.60518342760817,-71.60518342760817
279.58000782012937,-71.60610823472605,-71.60610823472605
279.5900078201294,-71.6070430638566,-71.6070430638566
279.6000078201294,-71.60798796998883,-71.60798796998883
279.6100078201294,-71.60894300690164,-71.60894300690164
279.6200078201294,-71.60990822716563,-71.60990822716563
279.6300078201294,-71.61088368217511,-71.61088368217511
279.64000782012937,-71.6118694221314,-71.6118694221314
279.65000784397125,-71.61286549842376,-71.61286549842376
279.66000784397124,-71.61387195419275,-71.61387195419275
279.67000784397123,-71.6148888384376,-71.6148888384376
279.6800078439712,-71.61591619669947,-71.61591619669947
279.6900078439713,-71.61695407333802,-71.61695407333802
279.70000784397126,-71.61800251159177,-71.61800251159177
279.71000784397125,-71.61906155356006,-71.61906155356006
279.72000784397125,-71.62013124020106,-71.62013124020106
279.73000784397124,-71.62121161137965,-71.62121161137965
279.7400078439712,-71.62230270583441,-71.62230270583441
279.7500078439713,-71.62340456121363,-71.62340456121363
279.76000784397127,-71.62451721408502,-71.62451721408502
279.77000784397126,-71.62564069991255,-71.62564069991255
279.78000784397125,-71.62677505310808,-71.62677505310808
279.79000784397124,-71.62792030702235,-71.62792030702235
279.80000784397123,-71.62907649395156,-71.62907649395156
279.8100078439713,-71.63024364514841,-71.63024364514841
279.82000784397127,-71.63142179083886,-71.63142179083886
279.83000784397126,-71.6326109602375,-71.6326109602375
279.84000784397125,-71.63381118152402,-71.63381118152402
279.85000784397124,-71.63502248190292,-71.63502248190292
279.86000784397123,-71.6362448875838,-71.6362448875838
279.8700078439713,-71.63747842379125,-71.63747842379125
279.88000784397127,-71.63872311478328,-71.63872311478328
279.89000784397126,-71.63997898387609,-71.63997898387609
279.90000784397125,-71.64124605341652,-71.64124605341652
279.91000784397124,-71.64252434484189,-71.64252434484189
279.92000784397123,-71.64381387863263,-71.64381387863263
279.9300078439712,-71.645114674375,-71.645114674375
279.9400078439713,-71.64642675075996,-71.64642675075996
279.95000784397126,-71.64775012556889,-71.64775012556889
279.96000784397125,-71.64908481570964,-71.64908481570964
279.97000784397125,-71.65043083722077,-71.65043083722077
279.98000784397124,-71.65178820527835,-71.65178820527835
279.9900078439712,-71.65315693420501,-71.65315693420501
280.0000078439713,-71.65453703748896,-71.65453703748896
280.01000784397127,-71.6559285277931,-71.6559285277931
280.02000784397126,-71.65733141695767,-71.65733141695767
280.03000784397125,-71.6587457160188,-71.6587457160188
280.04000784397124,-71.66017143522558,-71.66017143522558
280.05000784397123,-71.66160858402817,-71.66160858402817
280.0600078439713,-71.66305717110573,-71.66305717110573
280.07000784397127,-71.66451720437951,-71.66451720437951
280.08000784397126,-71.66598869101013,-71.66598869101013
280.09000784397125,-71.66747163743035,-71.66747163743035
280.10000784397124,-71.66896604931867,-71.66896604931867
280.11000784397123,-71.67047193163818,-71.67047193163818
280.1200078439713,-71.6719892886359,-71.6719892886359
280.13000784397127,-71.67351812387413,-71.67351812387413
280.14000784397126,-71.67505844019523,-71.67505844019523
280.15000784397125,-71.67661023978197,-71.67661023978197
280.16000784397124,-71.67817352414065,-71.67817352414065
280.17000784397123,-71.67974829410394,-71.67974829410394
280.1800078439712,-71.68133454986281,-71.68133454986281
280.1900078439713,-71.6829322909588,-71.6829322909588
280.20000784397126,-71.68454151630641,-71.68454151630641
280.21000784397125,-71.68616222418036,-71.68616222418036
280.22000784397125,-71.68779441226185,-71.68779441226185
280.23000784397124,-71.68943807760269,-71.68943807760269
280.2400078439712,-71.69109321668876,-71.69109321668876
280.2500078439713,-71.69275982539332,-71.69275982539332
280.26000784397127,-71.69443789901976,-71.69443789901976
280.27000784397126,-71.69612743230415,-71.69612743230415
280.28000784397125,-71.69782841942481,-71.69782841942481
280.29000784397124,-71.69954085400362,-71.69954085400362
280.30000784397123,-71.70126472911933,-71.70126472911933
280.3100078439713,-71.7030000373257,-71.7030000373257
280.32000784397127,-71.70474677064253,-71.70474677064253
280.33000784397126,-71.70650492057517,-71.70650492057517
280.34000784397125,-71.70827447812756,-71.70827447812756
280.35000784397124,-71.71005543378432,-71.71005543378432
280.36000784397123,-71.71184777756093,-71.71184777756093
280.3700078439713,-71.7136514989785,-71.7136514989785
280.38000784397127,-71.71546658707803,-71.71546658707803
280.39000784397126,-71.71729303044654,-71.71729303044654
280.40000784397125,-71.71913081718927,-71.71913081718927
280.41000784397124,-71.72097993498107,-71.72097993498107
280.42000784397123,-71.72284037104463,-71.72284037104463
280.4300078439712,-71.72471211214969,-71.72471211214969
280.4400078439713,-71.72659514466548,-71.72659514466548
280.45000784397126,-71.72848945451595,-71.72848945451595
280.46000784397125,-71.73039502722207,-71.73039502722207
280.47000784397125,-71.732311847889,-71.732311847889
280.48000784397124,-71.73423990122784,-71.73423990122784
280.4900078439712,-71.73617917155111,-71.73617917155111
280.5000078678131,-71.738129647432,-71.738129647432
280.5100078678131,-71.7400913031702,-71.7400913031702
280.5200078678131,-71.74206412652882,-71.74206412652882
280.5300078678131,-71.744048100337,-71.744048100337
280.54000786781313,-71.74604320703058,-71.74604320703058
280.5500078678131,-71.74804942871614,-71.74804942871614
280.5600078678131,-71.75006674713052,-71.75006674713052
280.5700078678131,-71.7520951436885,-71.7520951436885
280.5800078678131,-71.75413459946552,-71.75413459946552
280.5900078678131,-71.75618509520399,-71.75618509520399
280.60000786781313,-71.75824661132977,-71.75824661132977
280.6100078678131,-71.76031912794124,-71.76031912794124
280.6200078678131,-71.76240262484892,-71.76240262484892
280.6300078678131,-71.76449708154601,-71.76449708154601
280.6400078678131,-71.76660247721144,-71.76660247721144
280.6500078678131,-71.7687187907631,-71.7687187907631
280.66000786781314,-71.7708460008131,-71.7708460008131
280.6700078678131,-71.7729840856875,-71.7729840856875
280.6800078678131,-71.77513302345078,-71.77513302345078
280.6900078678131,-71.77729279189124,-71.77729279189124
280.7000078678131,-71.77946336852455,-71.77946336852455
280.7100078678131,-71.78164473060819,-71.78164473060819
280.72000786781314,-71.78383685516437,-71.78383685516437
280.73000786781313,-71.78603971893817,-71.78603971893817
280.7400078678131,-71.78825329844571,-71.78825329844571
280.7500078678131,-71.79047756995351,-71.79047756995351
280.7600078678131,-71.79271250950335,-71.79271250950335
280.7700078678131,-71.79495809290343,-71.79495809290343
280.7800078678131,-71.79721429573111,-71.79721429573111
280.79000786781313,-71.7994810933618,-71.7994810933618
280.8000078678131,-71.8017584609229,-71.8017584609229
280.8100078678131,-71.80404637336189,-71.80404637336189
280.8200078678131,-71.80634480540056,-71.80634480540056
280.8300078678131,-71.80865373156594,-71.80865373156594
280.8400078678131,-71.81097312618212,-71.81097312618212
280.85000786781313,-71.81330296339125,-71.81330296339125
280.8600078678131,-71.81564321712897,-71.81564321712897
280.8700078678131,-71.81799386115641,-71.81799386115641
280.8800078678131,-71.82035486904859,-71.82035486904859
280.8900078678131,-71.82272621421167,-71.82272621421167
280.9000078678131,-71.82510786986607,-71.82510786986607
280.91000786781314,-71.8274998090767,-71.8274998090767
280.9200078678131,-71.82990200472855,-71.82990200472855
280.9300078678131,-71.83231442956834,-71.83231442956834
280.9400078678131,-71.83473705615148,-71.83473705615148
280.9500078678131,-71.83716985691282,-71.83716985691282
280.9600078678131,-71.83961280411586,-71.83961280411586
280.97000786781314,-71.84206586987808,-71.84206586987808
280.98000786781313,-71.84452902619314,-71.84452902619314
280.9900078678131,-71.8470022448909,-71.8470022448909
281.0000078678131,-71.84948549767712,-71.84948549767712
281.0100078678131,-71.85197875613754,-71.85197875613754
281.0200078678131,-71.85448199169745,-71.85448199169745
281.0300078678131,-71.85699517568354,-71.85699517568354
281.04000786781313,-71.85951827928513,-71.85951827928513
281.0500078678131,-71.86205127358352,-71.86205127358352
281.0600078678131,-71.86459412953833,-71.86459412953833
281.0700078678131,-71.86714681799202,-71.86714681799202
281.0800078678131,-71.86970930967773,-71.86970930967773
281.0900078678131,-71.8722815752209,-71.8722815752209
281.10000786781313,-71.87486358515571,-71.87486358515571
281.1100078678131,-71.87745530989504,-71.87745530989504
281.1200078678131,-71.88005671977498,-71.88005671977498
281.1300078678131,-71.88266778502391,-71.88266778502391
281.1400078678131,-71.88528847576963,-71.88528847576963
281.1500078678131,-71.88791876206507,-71.88791876206507
281.16000786781314,-71.8905586138688,-71.8905586138688
281.1700078678131,-71.89320800105534,-71.89320800105534
281.1800078678131,-71.89586689341935,-71.89586689341935
281.1900078678131,-71.89853526068471,-71.89853526068471
281.2000078678131,-71.90121307248064,-71.90121307248064
281.2100078678131,-71.90390029837435,-71.90390029837435
281.22000786781314,-71.90659690785357,-71.90659690785357
281.23000786781313,-71.90930287034774,-71.90930287034774
281.2400078678131,-71.91201815520769,-71.91201815520769
281.2500078678131,-71.91474273174107,-71.91474273174107
281.2600078678131,-71.91747656915828,-71.91747656915828
281.2700078678131,-71.92021963663846,-71.92021963663846
281.2800078678131,-71.9229719032997,-71.9229719032997
281.29000786781313,-71.9257333381995,-71.9257333381995
281.3000078678131,-71.92850391033748,-71.92850391033748
281.3100078678131,-71.93128358867338,-71.93128358867338
281.3200078678131,-71.93407234211608,-71.93407234211608
281.3300078678131,-71.93687013951546,-71.93687013951546
281.3400078678131,-71.9396769496847,-71.9396769496847
281.35000789165497,-71.9424927481113,-71.9424927481113
281.36000789165496,-71.94531749015336,-71.94531749015336
281.37000789165495,-71.9481511511576,-71.9481511511576
281.38000789165494,-71.95099369978556,-71.95099369978556
281.390007891655,-71.95384510466869,-71.95384510466869
281.400007891655,-71.95670533438789,-71.95670533438789
281.41000789165497,-71.95957435751308,-71.95957435751308
281.42000789165496,-71.96245214257,-71.96245214257
281.43000789165495,-71.96533865805549,-71.96533865805549
281.44000789165494,-71.96823387245027,-71.96823387245027
281.450007891655,-71.97113775420877,-71.97113775420877
281.460007891655,-71.97405027176102,-71.97405027176102
281.470007891655,-71.97697139351621,-71.97697139351621
281.48000789165496,-71.97990108787126,-71.97990108787126
281.49000789165495,-71.98283932319748,-71.98283932319748
281.50000789165495,-71.98578606785344,-71.98578606785344
281.510007891655,-71.98874129019028,-71.98874129019028
281.520007891655,-71.9917049585361,-71.9917049585361
281.530007891655,-71.99467704120813,-71.99467704120813
281.54000789165497,-71.99765750653205,-71.99765750653205
281.55000789165496,-72.00064632280466,-72.00064632280466
281.56000789165495,-72.0036434583323,-72.0036434583323
281.570007891655,-72.00664888140226,-72.00664888140226
281.580007891655,-72.00966256031313,-72.00966256031313
281.590007891655,-72.0126844633452,-72.0126844633452
281.60000789165497,-72.01571455879657,-72.01571455879657
281.61000789165496,-72.01875281495839,-72.01875281495839
281.62000789165495,-72.02179920010774,-72.02179920010774
281.63000789165494,-72.02485368254426,-72.02485368254426
281.640007891655,-72.02791623057175,-72.02791623057175
281.650007891655,-72.03098681249013,-72.03098681249013
281.66000789165497,-72.03406539661589,-72.03406539661589
281.67000789165496,-72.03715195127182,-72.03715195127182
281.68000789165495,-72.04024644478257,-72.04024644478257
281.69000789165494,-72.04334884549019,-72.04334884549019
281.700007891655,-72.04645912175093,-72.04645912175093
281.710007891655,-72.04957724192859,-72.04957724192859
281.720007891655,-72.05270317440055,-72.05270317440055
281.73000789165496,-72.05583688756283,-72.05583688756283
281.74000789165495,-72.05897834982734,-72.05897834982734
281.75000789165495,-72.06212752962232,-72.06212752962232
281.760007891655,-72.06528439540277,-72.06528439540277
281.770007891655,-72.06844891562461,-72.06844891562461
281.780007891655,-72.07162105878548,-72.07162105878548
281.79000789165497,-72.07480079338924,-72.07480079338924
281.80000789165496,-72.07798808796798,-72.07798808796798
281.81000789165495,-72.08118291107684,-72.08118291107684
281.820007891655,-72.08438523130037,-72.08438523130037
281.830007891655,-72.08759501724361,-72.08759501724361
281.840007891655,-72.09081223754083,-72.09081223754083
281.85000789165497,-72.09403686084421,-72.09403686084421
281.86000789165496,-72.09726885584112,-72.09726885584112
281.87000789165495,-72.1005081912606,-72.1005081912606
281.88000789165494,-72.10375483584332,-72.10375483584332
281.890007891655,-72.1070087583572,-72.1070087583572
281.900007891655,-72.11026992761387,-72.11026992761387
281.91000789165497,-72.11353831246358,-72.11353831246358
281.92000789165496,-72.11681388178016,-72.11681388178016
281.93000789165495,-72.12009660446172,-72.12009660446172
281.94000789165494,-72.12338644946362,-72.12338644946362
281.950007891655,-72.12668338575777,-72.12668338575777
281.960007891655,-72.12998109027033,-72.12998109027033
281.970007891655,-72.13327677485256,-72.13327677485256
281.98000789165496,-72.1365690648476,-72.1365690648476
281.99000789165495,-72.13985724010551,-72.13985724010551
282.00000789165495,-72.143140945287,-72.143140945287
282.010007891655,-72.14642003939731,-72.14642003939731
282.020007891655,-72.14969450751204,-72.14969450751204
282.030007891655,-72.15296440782902,-72.15296440782902
282.04000789165497,-72.15622983972385,-72.15622983972385
282.05000789165496,-72.15949092463403,-72.15949092463403
282.06000789165495,-72.16274779464413,-72.16274779464413
282.070007891655,-72.16600058576952,-72.16600058576952
282.080007891655,-72.16924943409707,-72.16924943409707
282.090007891655,-72.17249447368906,-72.17249447368906
282.10000789165497,-72.17573583549704,-72.17573583549704
282.11000789165496,-72.17897364695534,-72.17897364695534
282.12000789165495,-72.1822080318953,-72.1822080318953
282.13000789165494,-72.18543911067303,-72.18543911067303
282.140007891655,-72.18866700040886,-72.18866700040886
282.150007891655,-72.1918918152874,-72.1918918152874
282.16000789165497,-72.19511366679153,-72.19511366679153
282.17000789165496,-72.19833266404954,-72.19833266404954
282.18000789165495,-72.20154891401833,-72.20154891401833
282.19000789165494,-72.2047625217486,-72.2047625217486
282.2000079154968,-72.20797359820497,-72.20797359820497
282.2100079154968,-72.21117593083427,-72.21117593083427
282.2200079154968,-72.21436686752088,-72.21436686752088
282.2300079154968,-72.21754516219237,-72.21754516219237
282.24000791549685,-72.22071022278406,-72.22071022278406
282.25000791549684,-72.22386182132674,-72.22386182132674
282.26000791549683,-72.2269999433642,-72.2269999433642
282.2700079154968,-72.23012469969042,-72.23012469969042
282.2800079154968,-72.23323627335843,-72.23323627335843
282.2900079154968,-72.23633488776134,-72.23633488776134
282.30000791549685,-72.23942078752218,-72.23942078752218
282.31000791549684,-72.24249422707865,-72.24249422707865
282.32000791549683,-72.24555546397048,-72.24555546397048
282.3300079154968,-72.24860475499638,-72.24860475499638
282.3400079154968,-72.25164235410094,-72.25164235410094
282.3500079154968,-72.25466851130335,-72.25466851130335
282.36000791549685,-72.25768347225788,-72.25768347225788
282.37000791549684,-72.26068747819893,-72.26068747819893
282.38000791549683,-72.26368076603435,-72.26368076603435
282.3900079154968,-72.26666356859255,-72.26666356859255
282.4000079154968,-72.26963611488493,-72.26963611488493
282.4100079154968,-72.27259863038897,-72.27259863038897
282.42000791549685,-72.27555133729899,-72.27555133729899
282.43000791549684,-72.27849445477823,-72.27849445477823
282.44000791549684,-72.28142819918742,-72.28142819918742
282.4500079154968,-72.28435278424446,-72.28435278424446
282.4600079154968,-72.28726842118883,-72.28726842118883
282.4700079154968,-72.2901753189263,-72.2901753189263
282.4800079154968,-72.29307368416242,-72.29307368416242
282.49000791549685,-72.29596372143718,-72.29596372143718
282.50000791549684,-72.29884563327101,-72.29884563327101
282.51000791549683,-72.30171962017583,-72.30171962017583
282.5200079154968,-72.30458588071743,-72.30458588071743
282.5300079154968,-72.30744461155925,-72.30744461155925
282.5400079154968,-72.31029600749447,-72.31029600749447
282.55000791549685,-72.3131402614437,-72.3131402614437
282.56000791549684,-72.31597756451167,-72.31597756451167
282.57000791549683,-72.3188081059475,-72.3188081059475
282.5800079154968,-72.32163207319314,-72.32163207319314
282.5900079154968,-72.32444965186214,-72.32444965186214
282.6000079154968,-72.32726102575815,-72.32726102575815
282.61000791549685,-72.3300663768576,-72.3300663768576
282.62000791549684,-72.33286588530972,-72.33286588530972
282.63000791549683,-72.33565972943398,-72.33565972943398
282.6400079154968,-72.33844808572042,-72.33844808572042
282.6500079154968,-72.34123112881704,-72.34123112881704
282.6600079154968,-72.34400903152748,-72.34400903152748
282.67000791549685,-72.34678196479835,-72.34678196479835
282.68000791549684,-72.34955009773485,-72.34955009773485
282.69000791549684,-72.35231359756536,-72.35231359756536
282.7000079154968,-72.35507262965288,-72.35507262965288
282.7100079154968,-72.35782735749338,-72.35782735749338
282.7200079154968,-72.36057794271748,-72.36057794271748
282.7300079154968,-72.36332454505578,-72.36332454505578
282.74000791549685,-72.36606732237337,-72.36606732237337
282.75000791549684,-72.36880643065614,-72.36880643065614
282.76000791549683,-72.37154202398985,-72.37154202398985
282.7700079154968,-72.37427425459111,-72.37427425459111
282.7800079154968,-72.37700327278354,-72.37700327278354
282.7900079154968,-72.3797292270167,-72.3797292270167
282.80000791549685,-72.38245226384875,-72.38245226384875
282.81000791549684,-72.38517252796586,-72.38517252796586
282.82000791549683,-72.38789016217075,-72.38789016217075
282.8300079154968,-72.39060530741305,-72.39060530741305
282.8400079154968,-72.3933181027569,-72.3933181027569
282.8500079154968,-72.39602868541049,-72.39602868541049
282.86000791549685,-72.39873719072845,-72.39873719072845
282.87000791549684,-72.40144375221493,-72.40144375221493
282.88000791549683,-72.40414850153029,-72.40414850153029
282.8900079154968,-72.40685156849094,-72.40685156849094
282.9000079154968,-72.40955308110934,-72.40955308110934
282.9100079154968,-72.41225316556078,-72.41225316556078
282.92000791549685,-72.41495194622317,-72.41495194622317
282.93000791549684,-72.4176495456704,-72.4176495456704
282.94000791549684,-72.42034608468462,-72.42034608468462
282.9500079154968,-72.42304168228061,-72.42304168228061
282.9600079154968,-72.42573013927752,-72.42573013927752
282.9700079154968,-72.42840880409992,-72.42840880409992
282.9800079154968,-72.4310764425395,-72.4310764425395
282.99000791549685,-72.43373247565385,-72.43373247565385
283.00000791549684,-72.43637668897149,-72.43637668897149
283.01000791549683,-72.43900908140404,-72.43900908140404
283.0200079154968,-72.44162977672106,-72.44162977672106
283.0300079154968,-72.44423897034272,-72.44423897034272
283.0400079154968,-72.44683689735636,-72.44683689735636
283.0500079393387,-72.44942381947334,-72.44942381947334
283.0600079393387,-72.45199998890945,-72.45199998890945
283.07000793933867,-72.45456567872981,-72.45456567872981
283.08000793933866,-72.45712115424051,-72.45712115424051
283.0900079393387,-72.45966667708619,-72.45966667708619
283.1000079393387,-72.46220250419003,-72.46220250419003
283.1100079393387,-72.4647288873315,-72.4647288873315
283.1200079393387,-72.4672460730779,-72.4672460730779
283.13000793933867,-72.46975430294704,-72.46975430294704
283.14000793933866,-72.47225381364903,-72.47225381364903
283.1500079393387,-72.47474483734928,-72.47474483734928
283.1600079393387,-72.47722760202248,-72.47722760202248
283.1700079393387,-72.47970233169517,-72.47970233169517
283.1800079393387,-72.48216924672951,-72.48216924672951
283.19000793933867,-72.48462856407274,-72.48462856407274
283.20000793933866,-72.48708049743477,-72.48708049743477
283.2100079393387,-72.48952525751908,-72.48952525751908
283.2200079393387,-72.49196305212705,-72.49196305212705
283.2300079393387,-72.49439408634053,-72.49439408634053
283.2400079393387,-72.49681856261026,-72.49681856261026
283.2500079393387,-72.49923668087294,-72.49923668087294
283.26000793933866,-72.50164863861097,-72.50164863861097
283.2700079393387,-72.50405463094883,-72.50405463094883
283.2800079393387,-72.50645485069661,-72.50645485069661
283.2900079393387,-72.50884948838898,-72.50884948838898
283.3000079393387,-72.51123873234766,-72.51123873234766
283.3100079393387,-72.51362276870759,-72.51362276870759
283.32000793933867,-72.51600178144746,-72.51600178144746
283.33000793933866,-72.51837595239897,-72.51837595239897
283.3400079393387,-72.52074546129562,-72.52074546129562
283.3500079393387,-72.52311048576605,-72.52311048576605
283.3600079393387,-72.52547120135637,-72.52547120135637
283.3700079393387,-72.52782778153419,-72.52782778153419
283.38000793933867,-72.5301803977194,-72.5301803977194
283.39000793933866,-72.53252921928014,-72.53252921928014
283.4000079393387,-72.53487441354689,-72.53487441354689
283.4100079393387,-72.53721614580469,-72.53721614580469
283.4200079393387,-72.5395545793262,-72.5395545793262
283.4300079393387,-72.54188987535181,-72.54188987535181
283.44000793933867,-72.5442221931144,-72.5442221931144
283.45000793933866,-72.54655168985086,-72.54655168985086
283.4600079393387,-72.54887852077609,-72.54887852077609
283.4700079393387,-72.55120283913725,-72.55120283913725
283.4800079393387,-72.55352479617494,-72.55352479617494
283.4900079393387,-72.55584454116774,-72.55584454116774
283.5000079393387,-72.55816222141658,-72.55816222141658
283.51000793933866,-72.56047798225644,-72.56047798225644
283.5200079393387,-72.56279196706721,-72.56279196706721
283.5300079393387,-72.56510431728533,-72.56510431728533
283.5400079393387,-72.56741517240313,-72.56741517240313
283.5500079393387,-72.56972466999505,-72.56972466999505
283.5600079393387,-72.57203294570243,-72.57203294570243
283.57000793933867,-72.57434013327925,-72.57434013327925
283.58000793933866,-72.5766463645534,-72.5766463645534
283.5900079393387,-72.57895176947488,-72.57895176947488
283.6000079393387,-72.58125647613161,-72.58125647613161
283.6100079393387,-72.58356061072358,-72.58356061072358
283.6200079393387,-72.58586429761249,-72.58586429761249
283.63000793933867,-72.5881676593072,-72.5881676593072
283.64000793933866,-72.59047081649638,-72.59047081649638
283.6500079393387,-72.59277388804465,-72.59277388804465
283.6600079393387,-72.59507699102285,-72.59507699102285
283.6700079393387,-72.59738024070172,-72.59738024070172
283.6800079393387,-72.59968375057619,-72.59968375057619
283.69000793933867,-72.60198763238428,-72.60198763238428
283.70000793933866,-72.60429199611275,-72.60429199611275
283.7100079393387,-72.60659695001428,-72.60659695001428
283.7200079393387,-72.60890260061728,-72.60890260061728
283.7300079393387,-72.61120905275293,-72.61120905275293
283.7400079393387,-72.61351640955665,-72.61351640955665
283.7500079393387,-72.615824772491,-72.615824772491
283.76000793933866,-72.61813424134829,-72.61813424134829
283.7700079393387,-72.62044491429613,-72.62044491429613
283.7800079393387,-72.62275688785196,-72.62275688785196
283.7900079393387,-72.6250702569355,-72.6250702569355
283.8000079393387,-72.62738511486133,-72.62738511486133
283.8100079393387,-72.62970155335536,-72.62970155335536
283.82000793933867,-72.63201966259179,-72.63201966259179
283.83000793933866,-72.63433953118059,-72.63433953118059
283.8400079393387,-72.63666124620428,-72.63666124620428
283.8500079393387,-72.63898489323053,-72.63898489323053
283.8600079393387,-72.64131055631596,-72.64131055631596
283.8700079393387,-72.64363831803058,-72.64363831803058
283.88000793933867,-72.64596825947959,-72.64596825947959
283.89000793933866,-72.64830046030714,-72.64830046030714
283.90000796318054,-72.65063500429072,-72.65063500429072
283.91000796318053,-72.65297195710342,-72.65297195710342
283.9200079631805,-72.65531139967113,-72.65531139967113
283.9300079631805,-72.65765340600053,-72.65765340600053
283.94000796318056,-72.65999804869202,-72.65999804869202
283.95000796318055,-72.66234539900657,-72.66234539900657
283.96000796318054,-72.66469552686975,-72.66469552686975
283.97000796318054,-72.66704850086377,-72.66704850086377
283.9800079631805,-72.66940438827439,-72.66940438827439
283.9900079631805,-72.67176325507175,-72.67176325507175
284.00000796318056,-72.67412516597591,-72.67412516597591
284.01000796318056,-72.67649018441932,-72.67649018441932
284.02000796318055,-72.67885837259864,-72.67885837259864
284.03000796318054,-72.68122979146125,-72.68122979146125
284.0400079631805,-72.68360450076857,-72.68360450076857
284.0500079631805,-72.68598255904023,-72.68598255904023
284.06000796318057,-72.68836402364482,-72.68836402364482
284.07000796318056,-72.69074895075029,-72.69074895075029
284.08000796318055,-72.69313739538622,-72.69313739538622
284.09000796318054,-72.69552941143492,-72.69552941143492
284.10000796318053,-72.69792505164092,-72.69792505164092
284.1100079631805,-72.70032436765138,-72.70032436765138
284.12000796318057,-72.70272741000807,-72.70272741000807
284.13000796318056,-72.70513422816815,-72.70513422816815
284.14000796318055,-72.70754487051666,-72.70754487051666
284.15000796318054,-72.70995938438837,-72.70995938438837
284.16000796318053,-72.71237781607154,-72.71237781607154
284.1700079631805,-72.71480021083573,-72.71480021083573
284.1800079631805,-72.7172266129205,-72.7172266129205
284.19000796318056,-72.71965706557752,-72.71965706557752
284.20000796318055,-72.72209161106444,-72.72209161106444
284.21000796318054,-72.72453029067569,-72.72453029067569
284.22000796318054,-72.72697314473695,-72.72697314473695
284.2300079631805,-72.7294202126297,-72.7294202126297
284.2400079631805,-72.7318715328132,-72.7318715328132
284.25000796318056,-72.73432714279494,-72.73432714279494
284.26000796318056,-72.7367870792115,-72.7367870792115
284.27000796318055,-72.7392513777736,-72.7392513777736
284.28000796318054,-72.74172007331917,-72.74172007331917
284.2900079631805,-72.74419319983365,-72.74419319983365
284.3000079631805,-72.74667079041647,-72.74667079041647
284.31000796318057,-72.74915287733207,-72.74915287733207
284.32000796318056,-72.75163949201567,-72.75163949201567
284.33000796318055,-72.75413066507696,-72.75413066507696
284.34000796318054,-72.75662642630193,-72.75662642630193
284.35000796318053,-72.75912680469422,-72.75912680469422
284.3600079631805,-72.76163182846773,-72.76163182846773
284.37000796318057,-72.76414152505494,-72.76414152505494
284.38000796318056,-72.76665592111998,-72.76665592111998
284.39000796318055,-72.76917504257736,-72.76917504257736
284.40000796318054,-72.77169891459954,-72.77169891459954
284.41000796318053,-72.77422756162306,-72.77422756162306
284.4200079631805,-72.77676100736582,-72.77676100736582
284.4300079631805,-72.77929927482921,-72.77929927482921
284.44000796318056,-72.78184238632399,-72.78184238632399
284.45000796318055,-72.78439036345759,-72.78439036345759
284.46000796318054,-72.7869432271597,-72.7869432271597
284.47000796318054,-72.78950099769729,-72.78950099769729
284.4800079631805,-72.79206369466571,-72.79206369466571
284.4900079631805,-72.794631337031,-72.794631337031
284.50000796318056,-72.79720394308303,-72.79720394308303
284.51000796318056,-72.799781530513,-72.799781530513
284.52000796318055,-72.8023641163697,-72.8023641163697
284.53000796318054,-72.80495171710722,-72.80495171710722
284.5400079631805,-72.80754434856028,-72.80754434856028
284.5500079631805,-72.8101420259653,-72.8101420259653
284.56000796318057,-72.81274476398556,-72.81274476398556
284.57000796318056,-72.81535257671135,-72.81535257671135
284.58000796318055,-72.81796547765,-72.81796547765
284.59000796318054,-72.82058347975888,-72.82058347975888
284.60000796318053,-72.8232065954377,-72.8232065954377
284.6100079631805,-72.82583483656138,-72.82583483656138
284.62000796318057,-72.82846821444535,-72.82846821444535
284.63000796318056,-72.83110673989472,-72.83110673989472
284.64000796318055,-72.83375042318856,-72.83375042318856
284.65000796318054,-72.83639927410223,-72.83639927410223
284.66000796318053,-72.83905330191506,-72.83905330191506
284.6700079631805,-72.84171251539303,-72.84171251539303
284.6800079631805,-72.84437692283187,-72.84437692283187
284.69000796318056,-72.84704653203289,-72.84704653203289
284.70000796318055,-72.8497213503489,-72.8497213503489
284.71000796318054,-72.85239503022315,-72.85239503022315
284.72000796318054,-72.85506479409104,-72.85506479409104
284.7300079631805,-72.85772929138174,-72.85772929138174
284.7400079631805,-72.8603878319072,-72.8603878319072
284.7500079870224,-72.863040099647,-72.863040099647
284.7600079870224,-72.86568597550382,-72.86568597550382
284.7700079870224,-72.86832548617149,-72.86832548617149
284.7800079870224,-72.87095872535609,-72.87095872535609
284.7900079870224,-72.87358582789395,-72.87358582789395
284.8000079870224,-72.87620695046103,-72.87620695046103
284.8100079870224,-72.8788222600355,-72.8788222600355
284.8200079870224,-72.88143192715145,-72.88143192715145
284.8300079870224,-72.8840361220183,-72.8840361220183
284.8400079870224,-72.8866350123787,-72.8866350123787
284.8500079870224,-72.88922876244746,-72.88922876244746
284.8600079870224,-72.89181753248569,-72.89181753248569
284.8700079870224,-72.89440147872526,-72.89440147872526
284.8800079870224,-72.89698075350152,-72.89698075350152
284.8900079870224,-72.89955550550768,-72.89955550550768
284.9000079870224,-72.90212588006916,-72.90212588006916
284.9100079870224,-72.90469201944556,-72.90469201944556
284.9200079870224,-72.90725406309281,-72.90725406309281
284.9300079870224,-72.90981214795109,-72.90981214795109
284.9400079870224,-72.91236640862765,-72.91236640862765
284.9500079870224,-72.91491697765257,-72.91491697765257
284.9600079870224,-72.9174576258054,-72.9174576258054
284.9700079870224,-72.9199856957289,-72.9199856957289
284.9800079870224,-72.9224999571641,-72.9224999571641
284.9900079870224,-72.92499983974136,-72.92499983974136
285.0000079870224,-72.92748514024191,-72.92748514024191
285.0100079870224,-72.92995587060501,-72.92995587060501
285.0200079870224,-72.93241216882342,-72.93241216882342
285.0300079870224,-72.93485424547805,-72.93485424547805
285.0400079870224,-72.93728235150526,-72.93728235150526
285.0500079870224,-72.93969675894752,-72.93969675894752
285.0600079870224,-72.94209774940025,-72.94209774940025
285.0700079870224,-72.94448560727432,-72.94448560727432
285.0800079870224,-72.94686061591563,-72.94686061591563
285.0900079870224,-72.9492230554782,-72.9492230554782
285.1000079870224,-72.95157320183095,-72.95157320183095
285.1100079870224,-72.95391132615306,-72.95391132615306
285.1200079870224,-72.95623769484303,-72.95623769484303
285.1300079870224,-72.95855256963732,-72.95855256963732
285.1400079870224,-72.96085620786613,-72.96085620786613
285.1500079870224,-72.96314886269869,-72.96314886269869
285.1600079870224,-72.96543078345604,-72.96543078345604
285.1700079870224,-72.96770221586343,-72.96770221586343
285.1800079870224,-72.96996340230086,-72.96996340230086
285.1900079870224,-72.97221458202459,-72.97221458202459
285.2000079870224,-72.97445599134359,-72.97445599134359
285.2100079870224,-72.9766878638144,-72.9766878638144
285.2200079870224,-72.97891043034969,-72.97891043034969
285.2300079870224,-72.98112391935582,-72.98112391935582
285.2400079870224,-72.98332855682607,-72.98332855682607
285.2500079870224,-72.98552456641518,-72.98552456641518
285.2600079870224,-72.9877121694919,-72.9877121694919
285.2700079870224,-72.98989158521692,-72.98989158521692
285.2800079870224,-72.99206303057515,-72.99206303057515
285.2900079870224,-72.9942267203962,-72.9942267203962
285.3000079870224,-72.99638286739564,-72.99638286739564
285.3100079870224,-72.99853168217248,-72.99853168217248
285.3200079870224,-73.00067337324548,-73.00067337324548
285.3300079870224,-73.00280814704418,-73.00280814704418
285.3400079870224,-73.00493620793219,-73.00493620793219
285.3500079870224,-73.0070577581922,-73.0070577581922
285.3600079870224,-73.00917299804438,-73.00917299804438
285.3700079870224,-73.0112821256288,-73.0112821256288
285.3800079870224,-73.01338533701255,-73.01338533701255
285.3900079870224,-73.01548282619447,-73.01548282619447
285.4000079870224,-73.01757478508965,-73.01757478508965
285.4100079870224,-73.01966140353663,-73.01966140353663
285.4200079870224,-73.02174286929254,-73.02174286929254
285.4300079870224,-73.02381936800724,-73.02381936800724
285.4400079870224,-73.02589108326752,-73.02589108326752
285.4500079870224,-73.02795819654979,-73.02795819654979
285.4600079870224,-73.03002088724972,-73.03002088724972
285.4700079870224,-73.03207933265372,-73.03207933265372
285.4800079870224,-73.03413370795732,-73.03413370795732
285.4900079870224,-73.0361841862703,-73.0361841862703
285.5000079870224,-73.03823093859609,-73.03823093859609
285.5100079870224,-73.04027413383959,-73.04027413383959
285.5200079870224,-73.04231393882496,-73.04231393882496
285.5300079870224,-73.04435051828978,-73.04435051828978
285.5400079870224,-73.04638403487205,-73.04638403487205
285.5500079870224,-73.04841464913046,-73.04841464913046
285.5600079870224,-73.05044251955631,-73.05044251955631
285.5700079870224,-73.05246780256124,-73.05246780256124
285.5800079870224,-73.05449065249961,-73.05449065249961
285.5900079870224,-73.05651122166142,-73.05651122166142
285.60000801086426,-73.05852966508951,-73.05852966508951
285.61000801086425,-73.0605461213756,-73.0605461213756
285.62000801086424,-73.06256074148473,-73.06256074148473
285.63000801086423,-73.06457366955772,-73.06457366955772
285.6400080108643,-73.06658504771936,-73.06658504771936
285.65000801086427,-73.06859501609513,-73.06859501609513
285.66000801086426,-73.07060371280811,-73.07060371280811
285.67000801086425,-73.07261127400564,-73.07261127400564
285.68000801086424,-73.0746178338599,-73.0746178338599
285.69000801086423,-73.0766235245971,-73.0766235245971
285.7000080108643,-73.07862847648244,-73.07862847648244
285.71000801086427,-73.08063281786312,-73.08063281786312
285.72000801086426,-73.08263667515924,-73.08263667515924
285.73000801086425,-73.0846401728909,-73.0846401728909
285.74000801086424,-73.08664343367741,-73.08664343367741
285.75000801086424,-73.08864657827668,-73.08864657827668
285.7600080108643,-73.09064972558137,-73.09064972558137
285.7700080108643,-73.09265299264379,-73.09265299264379
285.78000801086426,-73.09465649466362,-73.09465649466362
285.79000801086426,-73.09666034505294,-73.09666034505294
285.80000801086425,-73.09866465541029,-73.09866465541029
285.81000801086424,-73.10066953554745,-73.10066953554745
285.8200080108643,-73.102675093517,-73.102675093517
285.8300080108643,-73.1046814356189,-73.1046814356189
285.84000801086427,-73.10668866641407,-73.10668866641407
285.85000801086426,-73.10869688874402,-73.10869688874402
285.86000801086425,-73.11070620376572,-73.11070620376572
285.87000801086424,-73.112716710931,-73.112716710931
285.88000801086423,-73.11472850803528,-73.11472850803528
285.8900080108643,-73.11674169121454,-73.11674169121454
285.90000801086427,-73.11875635498319,-73.11875635498319
285.91000801086426,-73.1207725922226,-73.1207725922226
285.92000801086425,-73.12279049423327,-73.12279049423327
285.93000801086424,-73.12481015072302,-73.12481015072302
285.94000801086423,-73.12683164983125,-73.12683164983125
285.9500080108643,-73.12885507816021,-73.12885507816021
285.96000801086427,-73.1308741434397,-73.1308741434397
285.97000801086426,-73.13288613623789,-73.13288613623789
285.98000801086425,-73.13488977848915,-73.13488977848915
285.99000801086424,-73.13688445396966,-73.13688445396966
286.00000801086424,-73.13886991458746,-73.13886991458746
286.0100080108643,-73.14084612791518,-73.14084612791518
286.0200080108643,-73.14281318776659,-73.14281318776659
286.03000801086426,-73.14477126052789,-73.14477126052789
286.04000801086426,-73.14672055284396,-73.14672055284396
286.05000801086425,-73.14866129225678,-73.14866129225678
286.06000801086424,-73.15059371565556,-73.15059371565556
286.0700080108643,-73.15251806250777,-73.15251806250777
286.0800080108643,-73.15443457094804,-73.15443457094804
286.09000801086427,-73.15634347568049,-73.15634347568049
286.10000801086426,-73.15824500690769,-73.15824500690769
286.11000801086425,-73.1601393899067,-73.1601393899067
286.12000801086424,-73.16202684497968,-73.16202684497968
286.13000801086423,-73.16390758758838,-73.16390758758838
286.1400080108643,-73.16578182863442,-73.16578182863442
286.15000801086427,-73.16764977471212,-73.16764977471212
286.16000801086426,-73.16951162846205,-73.16951162846205
286.17000801086425,-73.17136758883524,-73.17136758883524
286.18000801086424,-73.17321785136485,-73.17321785136485
286.19000801086423,-73.1750626084026,-73.1750626084026
286.2000080108643,-73.1769020493532,-73.1769020493532
286.21000801086427,-73.17873636085815,-73.17873636085815
286.22000801086426,-73.18056572691945,-73.18056572691945
286.23000801086425,-73.18239032908049,-73.18239032908049
286.24000801086424,-73.18421034652529,-73.18421034652529
286.25000801086424,-73.18602595618148,-73.18602595618148
286.2600080108643,-73.18783733278806,-73.18783733278806
286.2700080108643,-73.18964464898814,-73.18964464898814
286.28000801086426,-73.19144807536968,-73.19144807536968
286.29000801086426,-73.19324778053232,-73.19324778053232
286.30000801086425,-73.19504393110533,-73.19504393110533
286.31000801086424,-73.19683669179486,-73.19683669179486
286.3200080108643,-73.1986262254108,-73.1986262254108
286.3300080108643,-73.20041269289334,-73.20041269289334
286.34000801086427,-73.20219625331794,-73.20219625331794
286.35000801086426,-73.20397706392352,-73.20397706392352
286.36000801086425,-73.20575528012745,-73.20575528012745
286.37000801086424,-73.20753105552419,-73.20753105552419
286.38000801086423,-73.20930454190663,-73.20930454190663
286.3900080108643,-73.21107588926482,-73.21107588926482
286.40000801086427,-73.21284524579207,-73.21284524579207
286.41000801086426,-73.21461275791529,-73.21461275791529
286.42000801086425,-73.21637857024905,-73.21637857024905
286.43000801086424,-73.21814282565104,-73.21814282565104
286.44000801086423,-73.21990566520742,-73.21990566520742
286.4500080347061,-73.22166723243,-73.22166723243
286.4600080347061,-73.22342765647178,-73.22342765647178
286.4700080347061,-73.22518707732324,-73.22518707732324
286.4800080347061,-73.22694562902187,-73.22694562902187
286.49000803470614,-73.22870344386341,-73.22870344386341
286.5000080347061,-73.23046065238978,-73.23046065238978
286.5100080347061,-73.23221738341472,-73.23221738341472
286.5200080347061,-73.23397376400578,-73.23397376400578
286.5300080347061,-73.23572991951205,-73.23572991951205
286.5400080347061,-73.23748597357361,-73.23748597357361
286.55000803470614,-73.23924204809259,-73.23924204809259
286.56000803470613,-73.2409982632877,-73.2409982632877
286.5700080347061,-73.24275473766434,-73.24275473766434
286.5800080347061,-73.24451158805157,-73.24451158805157
286.5900080347061,-73.2462689295818,-73.2462689295818
286.6000080347061,-73.24802687571999,-73.24802687571999
286.61000803470614,-73.24978553828073,-73.24978553828073
286.62000803470613,-73.25154502739903,-73.25154502739903
286.6300080347061,-73.25330545157972,-73.25330545157972
286.6400080347061,-73.25506691769183,-73.25506691769183
286.6500080347061,-73.25682953097557,-73.25682953097557
286.6600080347061,-73.25859339506054,-73.25859339506054
286.67000803470614,-73.26035861197222,-73.26035861197222
286.68000803470613,-73.26212528214059,-73.26212528214059
286.6900080347061,-73.263893504422,-73.263893504422
286.7000080347061,-73.26566337610443,-73.26566337610443
286.7100080347061,-73.26742860412669,-73.26742860412669
286.7200080347061,-73.2691864851132,-73.2691864851132
286.7300080347061,-73.2709357497273,-73.2709357497273
286.74000803470614,-73.27267579163959,-73.27267579163959
286.7500080347061,-73.27440637330562,-73.27440637330562
286.7600080347061,-73.27612747315959,-73.27612747315959
286.7700080347061,-73.27783919605538,-73.27783919605538
286.7800080347061,-73.27954171945808,-73.27954171945808
286.7900080347061,-73.28123526108948,-73.28123526108948
286.80000803470614,-73.28292005950286,-73.28292005950286
286.81000803470613,-73.28459636255151,-73.28459636255151
286.8200080347061,-73.2862644205428,-73.2862644205428
286.8300080347061,-73.28792448237493,-73.28792448237493
286.8400080347061,-73.28957679340995,-73.28957679340995
286.8500080347061,-73.29122159439333,-73.29122159439333
286.86000803470614,-73.29285912104123,-73.29285912104123
286.87000803470613,-73.29448960398712,-73.29448960398712
286.8800080347061,-73.2961132689174,-73.2961132689174
286.8900080347061,-73.2977303368302,-73.2977303368302
286.9000080347061,-73.29934102433592,-73.29934102433592
286.9100080347061,-73.30094554396645,-73.30094554396645
286.92000803470614,-73.30254410445421,-73.30254410445421
286.93000803470613,-73.30413691100618,-73.30413691100618
286.9400080347061,-73.30572416554332,-73.30572416554332
286.9500080347061,-73.30730606692188,-73.30730606692188
286.9600080347061,-73.30888281112499,-73.30888281112499
286.9700080347061,-73.31045459140259,-73.31045459140259
286.9800080347061,-73.31202159842744,-73.31202159842744
286.99000803470614,-73.31358402039905,-73.31358402039905
287.0000080347061,-73.3151420431567,-73.3151420431567
287.0100080347061,-73.31669585024464,-73.31669585024464
287.0200080347061,-73.31824562300288,-73.31824562300288
287.0300080347061,-73.31979154060305,-73.31979154060305
287.0400080347061,-73.32133378012189,-73.32133378012189
287.05000803470614,-73.32287251656032,-73.32287251656032
287.06000803470613,-73.32440792288315,-73.32440792288315
287.0700080347061,-73.3259401700631,-73.3259401700631
287.0800080347061,-73.32746942707458,-73.32746942707458
287.0900080347061,-73.328995860939,-73.328995860939
287.1000080347061,-73.33051963672612,-73.33051963672612
287.11000803470614,-73.33204091758458,-73.33204091758458
287.12000803470613,-73.3335598647247,-73.3335598647247
287.1300080347061,-73.33507663744909,-73.33507663744909
287.1400080347061,-73.3365913931554,-73.3365913931554
287.1500080347061,-73.3381042873551,-73.3381042873551
287.1600080347061,-73.33961547365256,-73.33961547365256
287.17000803470614,-73.34112510378196,-73.34112510378196
287.18000803470613,-73.34263332757976,-73.34263332757976
287.1900080347061,-73.34414029303235,-73.34414029303235
287.2000080347061,-73.34564614622504,-73.34564614622504
287.2100080347061,-73.34715103140722,-73.34715103140722
287.2200080347061,-73.34865509095283,-73.34865509095283
287.2300080347061,-73.35015846539257,-73.35015846539257
287.24000803470614,-73.3516612934057,-73.3516612934057
287.2500080347061,-73.35316371182273,-73.35316371182273
287.2600080347061,-73.35466585563775,-73.35466585563775
287.2700080347061,-73.35616785803147,-73.35616785803147
287.2800080347061,-73.35766985034284,-73.35766985034284
287.2900080347061,-73.3591719621041,-73.3591719621041
287.300008058548,-73.36067432462099,-73.36067432462099
287.31000805854796,-73.36217705666009,-73.36217705666009
287.32000805854796,-73.36368028592936,-73.36368028592936
287.33000805854795,-73.36518413478446,-73.36518413478446
287.340008058548,-73.36668872379572,-73.36668872379572
287.350008058548,-73.36819417178059,-73.36819417178059
287.360008058548,-73.36970059580496,-73.36970059580496
287.37000805854797,-73.37120811117114,-73.37120811117114
287.38000805854796,-73.37271683146719,-73.37271683146719
287.39000805854795,-73.37422686855888,-73.37422686855888
287.400008058548,-73.37573833259539,-73.37573833259539
287.410008058548,-73.37725133202342,-73.37725133202342
287.420008058548,-73.3787659736129,-73.3787659736129
287.43000805854797,-73.38028236246032,-73.38028236246032
287.44000805854796,-73.3818006019812,-73.3818006019812
287.45000805854795,-73.38332079395546,-73.38332079395546
287.460008058548,-73.38484303852229,-73.38484303852229
287.470008058548,-73.38636743420169,-73.38636743420169
287.480008058548,-73.38789407790189,-73.38789407790189
287.49000805854797,-73.38942306493377,-73.38942306493377
287.50000805854796,-73.39095448901745,-73.39095448901745
287.51000805854795,-73.39248844231489,-73.39248844231489
287.520008058548,-73.39402501542573,-73.39402501542573
287.530008058548,-73.39556429740567,-73.39556429740567
287.540008058548,-73.39710637579687,-73.39710637579687
287.550008058548,-73.39865133661728,-73.39865133661728
287.56000805854796,-73.40019926438679,-73.40019926438679
287.57000805854796,-73.40175024215748,-73.40175024215748
287.58000805854795,-73.40330435148913,-73.40330435148913
287.590008058548,-73.40486167250286,-73.40486167250286
287.600008058548,-73.4064222838804,-73.4064222838804
287.610008058548,-73.4079862628738,-73.4079862628738
287.62000805854797,-73.40955368533038,-73.40955368533038
287.63000805854796,-73.41112462570459,-73.41112462570459
287.64000805854795,-73.41269915706856,-73.41269915706856
287.650008058548,-73.4142773511331,-73.4142773511331
287.660008058548,-73.41585927825338,-73.41585927825338
287.670008058548,-73.4174450074491,-73.4174450074491
287.68000805854797,-73.41903460642999,-73.41903460642999
287.69000805854796,-73.42062814159702,-73.42062814159702
287.70000805854795,-73.42222567805587,-73.42222567805587
287.710008058548,-73.42382727964895,-73.42382727964895
287.720008058548,-73.42543300895157,-73.42543300895157
287.730008058548,-73.42704292729526,-73.42704292729526
287.74000805854797,-73.42865709478033,-73.42865709478033
287.75000805854796,-73.43027557029575,-73.43027557029575
287.76000805854795,-73.43189841151853,-73.43189841151853
287.770008058548,-73.43352567495569,-73.43352567495569
287.780008058548,-73.43515741592873,-73.43515741592873
287.790008058548,-73.4367936886053,-73.4367936886053
287.800008058548,-73.43843454602028,-73.43843454602028
287.81000805854796,-73.44008004005885,-73.44008004005885
287.82000805854796,-73.44173022151267,-73.44173022151267
287.83000805854795,-73.44338514005852,-73.44338514005852
287.840008058548,-73.44504484429184,-73.44504484429184
287.850008058548,-73.44670938174112,-73.44670938174112
287.860008058548,-73.44837879886317,-73.44837879886317
287.87000805854797,-73.4500531410843,-73.4500531410843
287.88000805854796,-73.45173245278467,-73.45173245278467
287.89000805854795,-73.45341677733514,-73.45341677733514
287.900008058548,-73.45510615710302,-73.45510615710302
287.910008058548,-73.45680063346161,-73.45680063346161
287.920008058548,-73.45850024680489,-73.45850024680489
287.93000805854797,-73.46020503655915,-73.46020503655915
287.94000805854796,-73.4619150412073,-73.4619150412073
287.95000805854795,-73.46363029828078,-73.46363029828078
287.960008058548,-73.46535084440171,-73.46535084440171
287.970008058548,-73.46707671526289,-73.46707671526289
287.980008058548,-73.46880794565554,-73.46880794565554
287.99000805854797,-73.47054456948656,-73.47054456948656
288.00000805854796,-73.47228661979179,-73.47228661979179
288.01000805854795,-73.47403412873655,-73.47403412873655
288.020008058548,-73.47578712762626,-73.47578712762626
288.030008058548,-73.4775456469425,-73.4775456469425
288.040008058548,-73.47930971631988,-73.47930971631988
288.050008058548,-73.48107936458281,-73.48107936458281
288.06000805854796,-73.48285461975074,-73.48285461975074
288.07000805854796,-73.48463550905082,-73.48463550905082
288.08000805854795,-73.48642205891115,-73.48642205891115
288.090008058548,-73.48821429500956,-73.48821429500956
288.100008058548,-73.49001224225474,-73.49001224225474
288.110008058548,-73.49181592479053,-73.49181592479053
288.12000805854797,-73.49362536604143,-73.49362536604143
288.13000805854796,-73.4954405886933,-73.4954405886933
288.14000805854795,-73.4972616147127,-73.4972616147127
288.15000808238983,-73.49908846971812,-73.49908846971812
288.1600080823898,-73.50092116559502,-73.50092116559502
288.1700080823898,-73.50275972653361,-73.50275972653361
288.1800080823898,-73.50460417173491,-73.50460417173491
288.19000808238985,-73.50645451972666,-73.50645451972666
288.20000808238984,-73.50831078839677,-73.50831078839677
288.21000808238983,-73.51017299495525,-73.51017299495525
288.2200080823898,-73.51204115599795,-73.51204115599795
288.2300080823898,-73.51391528747148,-73.51391528747148
288.2400080823898,-73.51579540471901,-73.51579540471901
288.25000808238985,-73.51768152246716,-73.51768152246716
288.26000808238985,-73.5195736548373,-73.5195736548373
288.27000808238984,-73.52147181536198,-73.52147181536198
288.2800080823898,-73.52337601699685,-73.52337601699685
288.2900080823898,-73.52528627211024,-73.52528627211024
288.3000080823898,-73.52720259250785,-73.52720259250785
288.31000808238986,-73.52912498944235,-73.52912498944235
288.32000808238985,-73.53105347361618,-73.53105347361618
288.33000808238984,-73.53298805519485,-73.53298805519485
288.34000808238983,-73.5349287438062,-73.5349287438062
288.3500080823898,-73.53687554854557,-73.53687554854557
288.3600080823898,-73.53882847801147,-73.53882847801147
288.37000808238986,-73.54078754027076,-73.54078754027076
288.38000808238985,-73.54275274291304,-73.54275274291304
288.39000808238984,-73.54472409301844,-73.54472409301844
288.40000808238983,-73.54670159719039,-73.54670159719039
288.4100080823898,-73.54868526154699,-73.54868526154699
288.4200080823898,-73.55067509173999,-73.55067509173999
288.4300080823898,-73.5526710929677,-73.5526710929677
288.44000808238985,-73.55467326995628,-73.55467326995628
288.45000808238984,-73.55668162699484,-73.55668162699484
288.46000808238983,-73.55868975208841,-73.55868975208841
288.4700080823898,-73.56069483840659,-73.56069483840659
288.4800080823898,-73.56269551999418,-73.56269551999418
288.4900080823898,-73.56469109769384,-73.56469109769384
288.50000808238985,-73.56668124367843,-73.56668124367843
288.51000808238985,-73.56866584808297,-73.56866584808297
288.52000808238984,-73.57064492905947,-73.57064492905947
288.5300080823898,-73.57261857876246,-73.57261857876246
288.5400080823898,-73.57458693088046,-73.57458693088046
288.5500080823898,-73.57655014109524,-73.57655014109524
288.56000808238986,-73.57850837552974,-73.57850837552974
288.57000808238985,-73.58046180385493,-73.58046180385493
288.58000808238984,-73.58241059540721,-73.58241059540721
288.59000808238983,-73.58435491703518,-73.58435491703518
288.6000080823898,-73.58629493202814,-73.58629493202814
288.6100080823898,-73.58823079967395,-73.58823079967395
288.62000808238986,-73.59016267518545,-73.59016267518545
288.63000808238985,-73.59209070987268,-73.59209070987268
288.64000808238984,-73.59401505133623,-73.59401505133623
288.65000808238983,-73.59593584380669,-73.59593584380669
288.6600080823898,-73.59785322840145,-73.59785322840145
288.6700080823898,-73.59976734344039,-73.59976734344039
288.6800080823898,-73.60167832467461,-73.60167832467461
288.69000808238985,-73.60358630554488,-73.60358630554488
288.70000808238984,-73.60549141737943,-73.60549141737943
288.71000808238983,-73.60739378956343,-73.60739378956343
288.7200080823898,-73.60929354970467,-73.60929354970467
288.7300080823898,-73.61119082374644,-73.61119082374644
288.7400080823898,-73.61308573609452,-73.61308573609452
288.75000808238985,-73.61497840967313,-73.61497840967313
288.76000808238985,-73.61686896603125,-73.61686896603125
288.77000808238984,-73.61875752539827,-73.61875752539827
288.7800080823898,-73.62064420672797,-73.62064420672797
288.7900080823898,-73.62252912771963,-73.62252912771963
288.8000080823898,-73.62441240487215,-73.62441240487215
288.81000808238986,-73.62629415351829,-73.62629415351829
288.82000808238985,-73.62817448781014,-73.62817448781014
288.83000808238984,-73.63005352075835,-73.63005352075835
288.84000808238983,-73.63193136422836,-73.63193136422836
288.8500080823898,-73.63380812896769,-73.63380812896769
288.8600080823898,-73.63568392457255,-73.63568392457255
288.87000808238986,-73.63755885952646,-73.63755885952646
288.88000808238985,-73.63943304118614,-73.63943304118614
288.89000808238984,-73.6413065757717,-73.6413065757717
288.90000808238983,-73.64317956837607,-73.64317956837607
288.9100080823898,-73.64505212296999,-73.64505212296999
288.9200080823898,-73.64692434237212,-73.64692434237212
288.9300080823898,-73.64879632827522,-73.64879632827522
288.94000808238985,-73.65066818121666,-73.65066818121666
288.95000808238984,-73.65254000058843,-73.65254000058843
288.96000808238983,-73.65440546060833,-73.65440546060833
288.9700080823898,-73.65626184459147,-73.65626184459147
288.9800080823898,-73.6581078779062,-73.6581078779062
288.9900080823898,-73.6599429527859,-73.6599429527859
289.0000081062317,-73.66176683687621,-73.66176683687621
289.0100081062317,-73.66357950227516,-73.66357950227516
289.02000810623167,-73.66538106160341,-73.66538106160341
289.03000810623166,-73.66717169646407,-73.66717169646407
289.0400081062317,-73.6689516292685,-73.6689516292685
289.0500081062317,-73.67072110375061,-73.67072110375061
289.0600081062317,-73.67248037328244,-73.67248037328244
289.0700081062317,-73.67422969405595,-73.67422969405595
289.0800081062317,-73.6759693211402,-73.6759693211402
289.09000810623166,-73.67769950633125,-73.67769950633125
289.1000081062317,-73.67942049706376,-73.67942049706376
289.1100081062317,-73.6811325359786,-73.6811325359786
289.1200081062317,-73.68283586084478,-73.68283586084478
289.1300081062317,-73.68453070468986,-73.68453070468986
289.1400081062317,-73.68621729604335,-73.68621729604335
289.15000810623167,-73.68789585922671,-73.68789585922671
289.1600081062317,-73.68956661462006,-73.68956661462006
289.1700081062317,-73.69122977898417,-73.69122977898417
289.1800081062317,-73.69288556570353,-73.69288556570353
289.1900081062317,-73.69453418500309,-73.69453418500309
289.2000081062317,-73.69617584416518,-73.69617584416518
289.21000810623167,-73.69780432049596,-73.69780432049596
289.2200081062317,-73.699417001174,-73.699417001174
289.2300081062317,-73.7010127149338,-73.7010127149338
289.2400081062317,-73.70259095656951,-73.70259095656951
289.2500081062317,-73.70415159104599,-73.70415159104599
289.2600081062317,-73.70569469990673,-73.70569469990673
289.27000810623167,-73.70722049124875,-73.70722049124875
289.28000810623166,-73.70872924563989,-73.70872924563989
289.2900081062317,-73.71022128362158,-73.71022128362158
289.3000081062317,-73.71169694620666,-73.71169694620666
289.3100081062317,-73.71315658324454,-73.71315658324454
289.3200081062317,-73.71460054661235,-73.71460054661235
289.3300081062317,-73.71602918628697,-73.71602918628697
289.34000810623166,-73.71744284820525,-73.71744284820525
289.3500081062317,-73.71884187317804,-73.71884187317804
289.3600081062317,-73.72022659645113,-73.72022659645113
289.3700081062317,-73.72159734766953,-73.72159734766953
289.3800081062317,-73.72295445095713,-73.72295445095713
289.3900081062317,-73.72429822520402,-73.72429822520402
289.40000810623167,-73.72562898432935,-73.72562898432935
289.4100081062317,-73.72694703757345,-73.72694703757345
289.4200081062317,-73.72825268977559,-73.72825268977559
289.4300081062317,-73.72954624163236,-73.72954624163236
289.4400081062317,-73.73082798992304,-73.73082798992304
289.4500081062317,-73.73209822771558,-73.73209822771558
289.46000810623167,-73.73335081531079,-73.73335081531079
289.4700081062317,-73.73458322398699,-73.73458322398699
289.4800081062317,-73.735794366451,-73.735794366451
289.4900081062317,-73.73698382100652,-73.73698382100652
289.5000081062317,-73.73815153549513,-73.73815153549513
289.5100081062317,-73.73929767363138,-73.73929767363138
289.52000810623167,-73.74042252491249,-73.74042252491249
289.53000810623166,-73.74152645052804,-73.74152645052804
289.5400081062317,-73.74260985083147,-73.74260985083147
289.5500081062317,-73.74367314581364,-73.74367314581364
289.5600081062317,-73.74471676349032,-73.74471676349032
289.5700081062317,-73.74574113305258,-73.74574113305258
289.5800081062317,-73.74674668096824,-73.74674668096824
289.59000810623166,-73.74773382879722,-73.74773382879722
289.6000081062317,-73.74870299216354,-73.74870299216354
289.6100081062317,-73.74965458027523,-73.74965458027523
289.6200081062317,-73.75058899587958,-73.75058899587958
289.6300081062317,-73.75150663539046,-73.75150663539046
289.6400081062317,-73.7524078891301,-73.7524078891301
289.65000810623167,-73.7532931416076,-73.7532931416076
289.6600081062317,-73.75416277183214,-73.75416277183214
289.6700081062317,-73.75501715357362,-73.75501715357362
289.6800081062317,-73.75585665562527,-73.75585665562527
289.6900081062317,-73.75668164204694,-73.75668164204694
289.7000081062317,-73.75749247234067,-73.75749247234067
289.71000810623167,-73.75828307167342,-73.75828307167342
289.7200081062317,-73.75905097674901,-73.75905097674901
289.7300081062317,-73.75979516539785,-73.75979516539785
289.7400081062317,-73.76051528041745,-73.76051528041745
289.7500081062317,-73.76121133344775,-73.76121133344775
289.7600081062317,-73.76188355122538,-73.76188355122538
289.77000810623167,-73.76253228547101,-73.76253228547101
289.78000810623166,-73.76315795878917,-73.76315795878917
289.7900081062317,-73.76376103212596,-73.76376103212596
289.8000081062317,-73.76434198522988,-73.76434198522988
289.8100081062317,-73.76490130504733,-73.76490130504733
289.8200081062317,-73.7654394788689,-73.7654394788689
289.8300081062317,-73.76595699044552,-73.76595699044552
289.84000810623166,-73.76645431781658,-73.76645431781658
289.85000813007355,-73.76693193340229,-73.76693193340229
289.86000813007354,-73.7673902989401,-73.7673902989401
289.87000813007353,-73.76782987246256,-73.76782987246256
289.8800081300735,-73.76825110367054,-73.76825110367054
289.89000813007357,-73.76865443540612,-73.76865443540612
289.90000813007356,-73.76904030394243,-73.76904030394243
289.91000813007355,-73.76940913926828,-73.76940913926828
289.92000813007354,-73.76976136540559,-73.76976136540559
289.93000813007353,-73.77009740065121,-73.77009740065121
289.9400081300735,-73.77041765782774,-73.77041765782774
289.95000813007357,-73.77072254449544,-73.77072254449544
289.96000813007356,-73.77101246311851,-73.77101246311851
289.97000813007355,-73.77128781124763,-73.77128781124763
289.98000813007354,-73.77154898163835,-73.77154898163835
289.99000813007353,-73.77179636237761,-73.77179636237761
290.0000081300735,-73.77203033697515,-73.77203033697515
290.0100081300736,-73.77225128445507,-73.77225128445507
290.02000813007356,-73.77245957940576,-73.77245957940576
290.03000813007355,-73.77265559208584,-73.77265559208584
290.04000813007355,-73.7728396884222,-73.7728396884222
290.05000813007354,-73.77301223009738,-73.77301223009738
290.0600081300735,-73.77317357455259,-73.77317357455259
290.0700081300736,-73.77332407505085,-73.77332407505085
290.08000813007357,-73.77346408068823,-73.77346408068823
290.09000813007356,-73.7735939364273,-73.7735939364273
290.10000813007355,-73.77371398311884,-73.77371398311884
290.11000813007354,-73.77382455751629,-73.77382455751629
290.12000813007353,-73.77392599232029,-73.77392599232029
290.1300081300735,-73.77401861615203,-73.77401861615203
290.14000813007357,-73.77410275362182,-73.77410275362182
290.15000813007356,-73.77417872531417,-73.77417872531417
290.16000813007355,-73.77424684780932,-73.77424684780932
290.17000813007354,-73.77430743371919,-73.77430743371919
290.18000813007353,-73.77436079168805,-73.77436079168805
290.1900081300735,-73.77440722640921,-73.77440722640921
290.20000813007357,-73.77444703865466,-73.77444703865466
290.21000813007356,-73.77448052528736,-73.77448052528736
290.22000813007355,-73.77450797927867,-73.77450797927867
290.23000813007354,-73.77452968973012,-73.77452968973012
290.24000813007353,-73.77454594189996,-73.77454594189996
290.2500081300735,-73.77455701721108,-73.77455701721108
290.2600081300736,-73.77456319328829,-73.77456319328829
290.27000813007356,-73.77456474396294,-73.77456474396294
290.28000813007355,-73.77456193931995,-73.77456193931995
290.29000813007355,-73.77455504569762,-73.77455504569762
290.30000813007354,-73.77454432572135,-73.77454432572135
290.3100081300735,-73.77453003832916,-73.77453003832916
290.3200081300736,-73.77451243880047,-73.77451243880047
290.33000813007357,-73.7744917787854,-73.7744917787854
290.34000813007356,-73.77446830630583,-73.77446830630583
290.35000813007355,-73.77444226582153,-73.77444226582153
290.36000813007354,-73.77441389821645,-73.77441389821645
290.37000813007353,-73.77438344086694,-73.77438344086694
290.3800081300735,-73.7743511276361,-73.7743511276361
290.39000813007357,-73.77431718893364,-73.77431718893364
290.40000813007356,-73.77428185171878,-73.77428185171878
290.41000813007355,-73.77424533953976,-73.77424533953976
290.42000813007354,-73.77420787257626,-73.77420787257626
290.43000813007353,-73.77416966764962,-73.77416966764962
290.4400081300735,-73.77413093826696,-73.77413093826696
290.45000813007357,-73.77409189463438,-73.77409189463438
290.46000813007356,-73.77405274371631,-73.77405274371631
290.47000813007355,-73.7740136892458,-73.7740136892458
290.48000813007354,-73.77397493177273,-73.77397493177273
290.49000813007353,-73.77393666865635,-73.77393666865635
290.5000081300735,-73.77389909416019,-73.77389909416019
290.5100081300736,-73.7738623994286,-73.7738623994286
290.52000813007356,-73.7738267725426,-73.7738267725426
290.53000813007355,-73.77379239856072,-73.77379239856072
290.54000813007355,-73.77375945952629,-73.77375945952629
290.55000813007354,-73.77372813451572,-73.77372813451572
290.5600081300735,-73.77369859967774,-73.77369859967774
290.5700081300736,-73.7736710282443,-73.7736710282443
290.58000813007357,-73.7736455905831,-73.7736455905831
290.59000813007356,-73.77362245420944,-73.77362245420944
290.60000813007355,-73.77360178384858,-73.77360178384858
290.61000813007354,-73.77358374144372,-73.77358374144372
290.62000813007353,-73.77356848617947,-73.77356848617947
290.6300081300735,-73.77355617454347,-73.77355617454347
290.64000813007357,-73.77354696033804,-73.77354696033804
290.65000813007356,-73.77354099472649,-73.77354099472649
290.66000813007355,-73.77353842623484,-73.77353842623484
290.67000813007354,-73.77353940081765,-73.77353940081765
290.68000813007353,-73.7735440618798,-73.7735440618798
290.6900081300735,-73.77355255029474,-73.77355255029474
290.7000081539154,-73.7735650044694,-73.7735650044694
290.7100081539154,-73.7735815602871,-73.7735815602871
290.7200081539154,-73.77360235125545,-73.77360235125545
290.7300081539154,-73.7736275084712,-73.7736275084712
290.7400081539154,-73.77365716065198,-73.77365716065198
290.7500081539154,-73.77369143417606,-73.77369143417606
290.7600081539154,-73.77373045311482,-73.77373045311482
290.7700081539154,-73.77377433927373,-73.77377433927373
290.7800081539154,-73.77382321218471,-73.77382321218471
290.7900081539154,-73.77387718917456,-73.77387718917456
290.8000081539154,-73.77393638536682,-73.77393638536682
290.8100081539154,-73.77400091372486,-73.77400091372486
290.8200081539154,-73.77407088507564,-73.77407088507564
290.8300081539154,-73.77414640814217,-73.77414640814217
290.8400081539154,-73.77422758956286,-73.77422758956286
290.8500081539154,-73.7743145339283,-73.7743145339283
290.86000815391543,-73.77440734380275,-73.77440734380275
290.8700081539154,-73.77450611975149,-73.77450611975149
290.8800081539154,-73.77461096037194,-73.77461096037194
290.8900081539154,-73.77472196231939,-73.77472196231939
290.9000081539154,-73.77483922033448,-73.77483922033448
290.9100081539154,-73.77496282725757,-73.77496282725757
290.92000815391543,-73.77509287406626,-73.77509287406626
290.9300081539154,-73.77522944990976,-73.77522944990976
290.9400081539154,-73.77537264211017,-73.77537264211017
290.9500081539154,-73.77552253620371,-73.77552253620371
290.9600081539154,-73.77567921597048,-73.77567921597048
290.9700081539154,-73.77584276343669,-73.77584276343669
290.9800081539154,-73.77601325892464,-73.77601325892464
290.9900081539154,-73.77619078105894,-73.77619078105894
291.0000081539154,-73.77637540679986,-73.77637540679986
291.0100081539154,-73.77656721146202,-73.77656721146202
291.0200081539154,-73.77676626873462,-73.77676626873462
291.0300081539154,-73.7769726507087,-73.7769726507087
291.0400081539154,-73.77718642791253,-73.77718642791253
291.0500081539154,-73.7774076693112,-73.7774076693112
291.0600081539154,-73.77763644233416,-73.77763644233416
291.0700081539154,-73.77787281291118,-73.77787281291118
291.0800081539154,-73.7781168454777,-73.7781168454777
291.0900081539154,-73.77836860300218,-73.77836860300218
291.1000081539154,-73.77862814701236,-73.77862814701236
291.11000815391543,-73.77889553762033,-73.77889553762033
291.1200081539154,-73.77917083351113,-73.77917083351113
291.1300081539154,-73.77945409199843,-73.77945409199843
291.1400081539154,-73.77974536903707,-73.77974536903707
291.1500081539154,-73.78004471923612,-73.78004471923612
291.1600081539154,-73.78035219587625,-73.78035219587625
291.17000815391543,-73.78066785093407,-73.78066785093407
291.1800081539154,-73.78099173509935,-73.78099173509935
291.1900081539154,-73.78132389779634,-73.78132389779634
291.2000081539154,-73.78166438720659,-73.78166438720659
291.2100081539154,-73.78201325026976,-73.78201325026976
291.2200081539154,-73.78237053271573,-73.78237053271573
291.2300081539154,-73.78273627909098,-73.78273627909098
291.2400081539154,-73.78311053275779,-73.78311053275779
291.2500081539154,-73.78349333591468,-73.78349333591468
291.2600081539154,-73.78388472962756,-73.78388472962756
291.2700081539154,-73.78428475382854,-73.78428475382854
291.2800081539154,-73.78469344735439,-73.78469344735439
291.2900081539154,-73.78511084793247,-73.78511084793247
291.3000081539154,-73.78553699221708,-73.78553699221708
291.3100081539154,-73.78597191581768,-73.78597191581768
291.3200081539154,-73.78641565328462,-73.78641565328462
291.3300081539154,-73.7868682381449,-73.7868682381449
291.3400081539154,-73.78732970292394,-73.78732970292394
291.3500081539154,-73.78780007912877,-73.78780007912877
291.36000815391543,-73.78827939730182,-73.78827939730182
291.3700081539154,-73.78876768699318,-73.78876768699318
291.3800081539154,-73.78926497682929,-73.78926497682929
291.3900081539154,-73.78977129447301,-73.78977129447301
291.4000081539154,-73.79028666669427,-73.79028666669427
291.4100081539154,-73.79081111931359,-73.79081111931359
291.42000815391543,-73.79134467727717,-73.79134467727717
291.4300081539154,-73.79188736463787,-73.79188736463787
291.4400081539154,-73.79243920459365,-73.79243920459365
291.4500081539154,-73.79300021946162,-73.79300021946162
291.4600081539154,-73.7935704307376,-73.7935704307376
291.4700081539154,-73.79414985908191,-73.79414985908191
291.4800081539154,-73.79473852432258,-73.79473852432258
291.4900081539154,-73.79533644549689,-73.79533644549689
291.5000081539154,-73.79594364085203,-73.79594364085203
291.5100081539154,-73.79656012782937,-73.79656012782937
291.5200081539154,-73.79718592312437,-73.79718592312437
291.5300081539154,-73.79782104267771,-73.79782104267771
291.5400081539154,-73.79846550165908,-73.79846550165908
291.55000817775726,-73.79911931608244,-73.79911931608244
291.56000817775725,-73.79978249659978,-73.79978249659978
291.57000817775724,-73.80045505774012,-73.80045505774012
291.58000817775724,-73.80113701182084,-73.80113701182084
291.5900081777573,-73.80182837046891,-73.80182837046891
291.6000081777573,-73.80252914463236,-73.80252914463236
291.61000817775727,-73.80323934458904,-73.80323934458904
291.62000817775726,-73.80395897996237,-73.80395897996237
291.63000817775725,-73.804688059718,-73.804688059718
291.64000817775724,-73.8054265921909,-73.8054265921909
291.6500081777573,-73.80617458508583,-73.80617458508583
291.6600081777573,-73.80693204549068,-73.80693204549068
291.67000817775727,-73.80769897988964,-73.80769897988964
291.68000817775726,-73.80847539415649,-73.80847539415649
291.69000817775725,-73.80926129358316,-73.80926129358316
291.70000817775724,-73.81005668288657,-73.81005668288657
291.7100081777573,-73.81085513146377,-73.81085513146377
291.7200081777573,-73.81165382714305,-73.81165382714305
291.73000817775727,-73.81245140361048,-73.81245140361048
291.74000817775726,-73.81324716349198,-73.81324716349198
291.75000817775725,-73.81404078184596,-73.81404078184596
291.76000817775724,-73.81483215217816,-73.81483215217816
291.7700081777573,-73.81562129618626,-73.81562129618626
291.7800081777573,-73.81640830951599,-73.81640830951599
291.7900081777573,-73.81719332914491,-73.81719332914491
291.80000817775726,-73.8179765137846,-73.8179765137846
291.81000817775725,-73.81875803227418,-73.81875803227418
291.82000817775724,-73.81953805668637,-73.81953805668637
291.83000817775724,-73.82031675844516,-73.82031675844516
291.8400081777573,-73.82109430614128,-73.82109430614128
291.8500081777573,-73.82187086450439,-73.82187086450439
291.86000817775727,-73.82264659396851,-73.82264659396851
291.87000817775726,-73.82342165061023,-73.82342165061023
291.88000817775725,-73.82419618631187,-73.82419618631187
291.89000817775724,-73.82497034900362,-73.82497034900362
291.9000081777573,-73.8257442829901,-73.8257442829901
291.9100081777573,-73.82651812923382,-73.82651812923382
291.92000817775727,-73.82729202567288,-73.82729202567288
291.93000817775726,-73.82806610746844,-73.82806610746844
291.94000817775725,-73.82884050727301,-73.82884050727301
291.95000817775724,-73.82961535540869,-73.82961535540869
291.9600081777573,-73.83039078009539,-73.83039078009539
291.9700081777573,-73.83116690759394,-73.83116690759394
291.98000817775727,-73.83194386231827,-73.83194386231827
291.99000817775726,-73.83272176697335,-73.83272176697335
292.00000817775725,-73.83350074265823,-73.83350074265823
292.01000817775724,-73.8342809089268,-73.8342809089268
292.0200081777573,-73.83506238386155,-73.83506238386155
292.0300081777573,-73.83584528413202,-73.83584528413202
292.0400081777573,-73.83662972503069,-73.83662972503069
292.05000817775726,-73.83741582050847,-73.83741582050847
292.06000817775725,-73.83820368321598,-73.83820368321598
292.07000817775724,-73.83899342451562,-73.83899342451562
292.08000817775724,-73.83978515449031,-73.83978515449031
292.0900081777573,-73.84057898198108,-73.84057898198108
292.1000081777573,-73.84137501457472,-73.84137501457472
292.11000817775727,-73.84217335862783,-73.84217335862783
292.12000817775726,-73.84297411926208,-73.84297411926208
292.13000817775725,-73.84377740035887,-73.84377740035887
292.14000817775724,-73.84458330459087,-73.84458330459087
292.1500081777573,-73.84539193338794,-73.84539193338794
292.1600081777573,-73.84620338695356,-73.84620338695356
292.17000817775727,-73.84701776427548,-73.84701776427548
292.18000817775726,-73.84783516310031,-73.84783516310031
292.19000817775725,-73.84865567994491,-73.84865567994491
292.20000817775724,-73.8494794100991,-73.8494794100991
292.2100081777573,-73.8503064476104,-73.8503064476104
292.2200081777573,-73.85113688529931,-73.85113688529931
292.23000817775727,-73.85197081474608,-73.85197081474608
292.24000817775726,-73.85280832627971,-73.85280832627971
292.25000817775725,-73.85364950901749,-73.85364950901749
292.26000817775724,-73.85449445081704,-73.85449445081704
292.2700081777573,-73.85534323829354,-73.85534323829354
292.2800081777573,-73.85619595683224,-73.85619595683224
292.2900081777573,-73.85705269058053,-73.85705269058053
292.30000817775726,-73.85791352244244,-73.85791352244244
292.31000817775725,-73.85877853408859,-73.85877853408859
292.32000817775724,-73.85964780595125,-73.85964780595125
292.33000817775724,-73.86052141722956,-73.86052141722956
292.3400081777573,-73.86139944589684,-73.86139944589684
292.3500081777573,-73.86228196870078,-73.86228196870078
292.36000817775727,-73.86316906116302,-73.86316906116302
292.37000817775726,-73.86406079758193,-73.86406079758193
292.38000817775725,-73.86495725104722,-73.86495725104722
292.39000817775724,-73.86585849343872,-73.86585849343872
292.4000082015991,-73.86676459758147,-73.86676459758147
292.4100082015991,-73.8676756286515,-73.8676756286515
292.4200082015991,-73.86859165706034,-73.86859165706034
292.4300082015991,-73.86951274989684,-73.86951274989684
292.44000820159914,-73.87043897307842,-73.87043897307842
292.45000820159913,-73.87137039132983,-73.87137039132983
292.4600082015991,-73.87230706821299,-73.87230706821299
292.4700082015991,-73.87324906614141,-73.87324906614141
292.4800082015991,-73.8741964463572,-73.8741964463572
292.4900082015991,-73.87514926896885,-73.87514926896885
292.50000820159914,-73.87610759293567,-73.87610759293567
292.51000820159913,-73.87707147609301,-73.87707147609301
292.5200082015991,-73.87804097516728,-73.87804097516728
292.5300082015991,-73.879016145755,-73.879016145755
292.5400082015991,-73.87999704235395,-73.87999704235395
292.5500082015991,-73.88098371837258,-73.88098371837258
292.56000820159915,-73.8819762261269,-73.8819762261269
292.57000820159914,-73.88297461686149,-73.88297461686149
292.5800082015991,-73.88397894075472,-73.88397894075472
292.5900082015991,-73.88498924691719,-73.88498924691719
292.6000082015991,-73.88600558342799,-73.88600558342799
292.6100082015991,-73.88702799731865,-73.88702799731865
292.62000820159915,-73.88805653459394,-73.88805653459394
292.63000820159914,-73.8890912402325,-73.8890912402325
292.64000820159913,-73.89013215823118,-73.89013215823118
292.6500082015991,-73.89117933156349,-73.89117933156349
292.6600082015991,-73.89223280221405,-73.89223280221405
292.6700082015991,-73.89329261120112,-73.89329261120112
292.6800082015991,-73.8943587985778,-73.8943587985778
292.69000820159914,-73.89543140344213,-73.89543140344213
292.70000820159913,-73.89651046392595,-73.89651046392595
292.7100082015991,-73.89759601725397,-73.89759601725397
292.7200082015991,-73.89868809969204,-73.89868809969204
292.7300082015991,-73.89978674661188,-73.89978674661188
292.7400082015991,-73.90089199248304,-73.90089199248304
292.75000820159914,-73.90200387086537,-73.90200387086537
292.76000820159913,-73.9031224144462,-73.9031224144462
292.7700082015991,-73.90424765502777,-73.90424765502777
292.7800082015991,-73.90537962357219,-73.90537962357219
292.7900082015991,-73.90651835015284,-73.90651835015284
292.8000082015991,-73.90766386402458,-73.90766386402458
292.81000820159915,-73.9088161936043,-73.9088161936043
292.82000820159914,-73.90997536648896,-73.90997536648896
292.8300082015991,-73.91114140945652,-73.91114140945652
292.8400082015991,-73.91231434848285,-73.91231434848285
292.8500082015991,-73.91349420876605,-73.91349420876605
292.8600082015991,-73.91468101470477,-73.91468101470477
292.87000820159915,-73.91587478993591,-73.91587478993591
292.88000820159914,-73.91707555732677,-73.91707555732677
292.89000820159913,-73.91828333900797,-73.91828333900797
292.9000082015991,-73.91949815634374,-73.91949815634374
292.9100082015991,-73.92072002998597,-73.92072002998597
292.9200082015991,-73.92194897984938,-73.92194897984938
292.9300082015991,-73.92318502515072,-73.92318502515072
292.94000820159914,-73.9244281843997,-73.9244281843997
292.95000820159913,-73.92567847539827,-73.92567847539827
292.9600082015991,-73.92693591528572,-73.92693591528572
292.9700082015991,-73.92820052051322,-73.92820052051322
292.9800082015991,-73.92947230686468,-73.92947230686468
292.9900082015991,-73.93075128946359,-73.93075128946359
293.00000820159914,-73.93203748279868,-73.93203748279868
293.01000820159913,-73.93333090071926,-73.93333090071926
293.0200082015991,-73.93463155643747,-73.93463155643747
293.0300082015991,-73.93593946255164,-73.93593946255164
293.0400082015991,-73.93725463104109,-73.93725463104109
293.0500082015991,-73.93857707328505,-73.93857707328505
293.06000820159915,-73.93990680007893,-73.93990680007893
293.07000820159914,-73.94124382161223,-73.94124382161223
293.0800082015991,-73.94258814751907,-73.94258814751907
293.0900082015991,-73.94393978684408,-73.94393978684408
293.1000082015991,-73.94529874809145,-73.94529874809145
293.1100082015991,-73.9466650392031,-73.9466650392031
293.12000820159915,-73.94803866757185,-73.94803866757185
293.13000820159914,-73.94941964007285,-73.94941964007285
293.14000820159913,-73.95080796303112,-73.95080796303112
293.1500082015991,-73.95220364226228,-73.95220364226228
293.1600082015991,-73.95360668307507,-73.95360668307507
293.1700082015991,-73.95501709025972,-73.95501709025972
293.1800082015991,-73.95643486812804,-73.95643486812804
293.19000820159914,-73.95786002048362,-73.95786002048362
293.20000820159913,-73.95929255066301,-73.95929255066301
293.2100082015991,-73.96073246151875,-73.96073246151875
293.2200082015991,-73.96217975544815,-73.96217975544815
293.2300082015991,-73.96363443437836,-73.96363443437836
293.2400082015991,-73.96509649977665,-73.96509649977665
293.250008225441,-73.96656595618481,-73.96656595618481
293.26000822544097,-73.96804279722382,-73.96804279722382
293.27000822544096,-73.96952702651834,-73.96952702651834
293.28000822544095,-73.97101864380585,-73.97101864380585
293.290008225441,-73.9725176484144,-73.9725176484144
293.300008225441,-73.97402403923579,-73.97402403923579
293.310008225441,-73.97553781477971,-73.97553781477971
293.320008225441,-73.97705897315268,-73.97705897315268
293.33000822544096,-73.9785875120595,-73.9785875120595
293.34000822544095,-73.98012342882383,-73.98012342882383
293.350008225441,-73.98166672039784,-73.98166672039784
293.360008225441,-73.98321738335049,-73.98321738335049
293.370008225441,-73.98477541388344,-73.98477541388344
293.380008225441,-73.98634080784517,-73.98634080784517
293.39000822544097,-73.98791356071388,-73.98791356071388
293.40000822544096,-73.98949366763473,-73.98949366763473
293.410008225441,-73.99108112339943,-73.99108112339943
293.420008225441,-73.99267592246647,-73.99267592246647
293.430008225441,-73.99427805895704,-73.99427805895704
293.440008225441,-73.99588752666857,-73.99588752666857
293.45000822544097,-73.99750431908193,-73.99750431908193
293.46000822544096,-73.99912842934755,-73.99912842934755
293.470008225441,-74.0007598503143,-74.0007598503143
293.480008225441,-74.0023985745366,-74.0023985745366
293.490008225441,-74.00404459424998,-74.00404459424998
293.500008225441,-74.00569790140273,-74.00569790140273
293.51000822544097,-74.00735848765717,-74.00735848765717
293.52000822544096,-74.00902634438386,-74.00902634438386
293.53000822544095,-74.01070146267232,-74.01070146267232
293.540008225441,-74.01238383334697,-74.01238383334697
293.550008225441,-74.01407344695338,-74.01407344695338
293.560008225441,-74.01577029377128,-74.01577029377128
293.570008225441,-74.01747436382992,-74.01747436382992
293.58000822544096,-74.01918564688138,-74.01918564688138
293.59000822544095,-74.02090413244856,-74.02090413244856
293.600008225441,-74.02262980979201,-74.02262980979201
293.610008225441,-74.02436266793644,-74.02436266793644
293.620008225441,-74.02610269566641,-74.02610269566641
293.630008225441,-74.02784988152845,-74.02784988152845
293.64000822544097,-74.02960421384735,-74.02960421384735
293.65000822544096,-74.03136568071407,-74.03136568071407
293.660008225441,-74.03313427000471,-74.03313427000471
293.670008225441,-74.03490996936246,-74.03490996936246
293.680008225441,-74.03669276623837,-74.03669276623837
293.690008225441,-74.03848264786365,-74.03848264786365
293.70000822544097,-74.04027960125448,-74.04027960125448
293.71000822544096,-74.04208361324865,-74.04208361324865
293.720008225441,-74.04389467045588,-74.04389467045588
293.730008225441,-74.04571275931534,-74.04571275931534
293.740008225441,-74.04753786607083,-74.04753786607083
293.750008225441,-74.04936997676866,-74.04936997676866
293.76000822544097,-74.05120907727466,-74.05120907727466
293.77000822544096,-74.0530551532905,-74.0530551532905
293.78000822544095,-74.05490819031841,-74.05490819031841
293.790008225441,-74.05676817370232,-74.05676817370232
293.800008225441,-74.05863508861269,-74.05863508861269
293.810008225441,-74.06050892004944,-74.06050892004944
293.820008225441,-74.06238965285921,-74.06238965285921
293.83000822544096,-74.06427727172111,-74.06427727172111
293.84000822544095,-74.0661717611538,-74.0661717611538
293.850008225441,-74.06807310553101,-74.06807310553101
293.860008225441,-74.06998128906883,-74.06998128906883
293.870008225441,-74.07189629585474,-74.07189629585474
293.880008225441,-74.07381810980446,-74.07381810980446
293.89000822544097,-74.07574671470944,-74.07574671470944
293.90000822544096,-74.07768209422392,-74.07768209422392
293.910008225441,-74.07962423184739,-74.07962423184739
293.920008225441,-74.0815731109678,-74.0815731109678
293.930008225441,-74.08352871483972,-74.08352871483972
293.940008225441,-74.08549102658075,-74.08549102658075
293.95000822544097,-74.08746002919203,-74.08746002919203
293.96000822544096,-74.08943570556099,-74.08943570556099
293.970008225441,-74.09141803843781,-74.09141803843781
293.980008225441,-74.09340701046935,-74.09340701046935
293.990008225441,-74.09540260417917,-74.09540260417917
294.000008225441,-74.09740480198768,-74.09740480198768
294.01000822544097,-74.09941358620186,-74.09941358620186
294.02000822544096,-74.10142893902272,-74.10142893902272
294.03000822544095,-74.10345084255562,-74.10345084255562
294.040008225441,-74.10547927879139,-74.10547927879139
294.050008225441,-74.10751422963236,-74.10751422963236
294.060008225441,-74.109555676879,-74.109555676879
294.070008225441,-74.11160360223042,-74.11160360223042
294.08000822544096,-74.11365798730523,-74.11365798730523
294.09000822544095,-74.11571881363214,-74.11571881363214
294.10000824928284,-74.1177860675678,-74.1177860675678
294.1100082492828,-74.11985972064306,-74.11985972064306
294.1200082492828,-74.1219397590167,-74.1219397590167
294.1300082492828,-74.12402616387817,-74.12402616387817
294.14000824928286,-74.12611891633391,-74.12611891633391
294.15000824928285,-74.12821799741519,-74.12821799741519
294.16000824928284,-74.13032338807866,-74.13032338807866
294.17000824928283,-74.13243506919669,-74.13243506919669
294.1800082492828,-74.13455302158374,-74.13455302158374
294.1900082492828,-74.13667722598011,-74.13667722598011
294.20000824928286,-74.13880766305623,-74.13880766305623
294.21000824928285,-74.14093784444512,-74.14093784444512
294.22000824928284,-74.14306491598748,-74.14306491598748
294.23000824928283,-74.14518747621278,-74.14518747621278
294.2400082492828,-74.14730479608646,-74.14730479608646
294.2500082492828,-74.1494165212291,-74.1494165212291
294.26000824928286,-74.15152251730835,-74.15152251730835
294.27000824928285,-74.15362277945228,-74.15362277945228
294.28000824928284,-74.15571737781632,-74.15571737781632
294.29000824928283,-74.1578064248169,-74.1578064248169
294.3000082492828,-74.15989005550884,-74.15989005550884
294.3100082492828,-74.16196841588831,-74.16196841588831
294.32000824928286,-74.16404165596363,-74.16404165596363
294.33000824928286,-74.16610992584519,-74.16610992584519
294.34000824928285,-74.16817337353639,-74.16817337353639
294.35000824928284,-74.1702321438664,-74.1702321438664
294.3600082492828,-74.17228637803336,-74.17228637803336
294.3700082492828,-74.17433621352785,-74.17433621352785
294.3800082492828,-74.1763817842555,-74.1763817842555
294.39000824928286,-74.17842322078947,-74.17842322078947
294.40000824928285,-74.18046065064883,-74.18046065064883
294.41000824928284,-74.18249419857399,-74.18249419857399
294.42000824928283,-74.1845239868212,-74.1845239868212
294.4300082492828,-74.18655013542102,-74.18655013542102
294.4400082492828,-74.18857276238485,-74.18857276238485
294.45000824928286,-74.19059198393056,-74.19059198393056
294.46000824928285,-74.19260791463108,-74.19260791463108
294.47000824928284,-74.19462066757582,-74.19462066757582
294.48000824928283,-74.19663035448758,-74.19663035448758
294.4900082492828,-74.19863708583021,-74.19863708583021
294.5000082492828,-74.2006409708837,-74.2006409708837
294.51000824928286,-74.20264211782691,-74.20264211782691
294.52000824928285,-74.20464063376807,-74.20464063376807
294.53000824928284,-74.20663662481901,-74.20663662481901
294.54000824928283,-74.2086301961253,-74.2086301961253
294.5500082492828,-74.21062145186264,-74.21062145186264
294.5600082492828,-74.21261049530291,-74.21261049530291
294.57000824928286,-74.21459742878052,-74.21459742878052
294.58000824928286,-74.21658235375067,-74.21658235375067
294.59000824928285,-74.21856537075132,-74.21856537075132
294.60000824928284,-74.22054657943103,-74.22054657943103
294.6100082492828,-74.22252607854533,-74.22252607854533
294.6200082492828,-74.22450396594917,-74.22450396594917
294.6300082492828,-74.22648033859221,-74.22648033859221
294.64000824928286,-74.22845529252703,-74.22845529252703
294.65000824928285,-74.23042892289287,-74.23042892289287
294.66000824928284,-74.23240132389344,-74.23240132389344
294.67000824928283,-74.2343725888252,-74.2343725888252
294.6800082492828,-74.23634281004512,-74.23634281004512
294.6900082492828,-74.23831207897287,-74.23831207897287
294.70000824928286,-74.24028048608254,-74.24028048608254
294.71000824928285,-74.24224812088583,-74.24224812088583
294.72000824928284,-74.24421507192581,-74.24421507192581
294.73000824928283,-74.2461814268,-74.2461814268
294.7400082492828,-74.24814727211685,-74.24814727211685
294.7500082492828,-74.25011269350372,-74.25011269350372
294.76000824928286,-74.2520777756044,-74.2520777756044
294.77000824928285,-74.25404260206896,-74.25404260206896
294.78000824928284,-74.25600725555547,-74.25600725555547
294.79000824928283,-74.25797181771347,-74.25797181771347
294.8000082492828,-74.25993636921315,-74.25993636921315
294.8100082492828,-74.26190098969691,-74.26190098969691
294.82000824928286,-74.26386575779262,-74.26386575779262
294.83000824928286,-74.26583075114192,-74.26583075114192
294.84000824928285,-74.26779604635419,-74.26779604635419
294.85000824928284,-74.26976171903843,-74.26976171903843
294.8600082492828,-74.27172784377284,-74.27172784377284
294.8700082492828,-74.27369449414118,-74.27369449414118
294.8800082492828,-74.2756617426992,-74.2756617426992
294.89000824928286,-74.27762966099942,-74.27762966099942
294.90000824928285,-74.27959831957656,-74.27959831957656
294.91000824928284,-74.28156778796159,-74.28156778796159
294.92000824928283,-74.2835381346739,-74.2835381346739
294.9300082492828,-74.28550942722353,-74.28550942722353
294.9400082492828,-74.28748173213225,-74.28748173213225
294.9500082731247,-74.28945511960636,-74.28945511960636
294.9600082731247,-74.29142964478822,-74.29142964478822
294.9700082731247,-74.29340537588494,-74.29340537588494
294.98000827312467,-74.29538237544229,-74.29538237544229
294.9900082731247,-74.29736070502709,-74.29736070502709
295.0000082731247,-74.29934042521424,-74.29934042521424
295.0100082731247,-74.30132159562017,-74.30132159562017
295.0200082731247,-74.30330427488128,-74.30330427488128
295.0300082731247,-74.30528852069737,-74.30528852069737
295.04000827312467,-74.30727438979237,-74.30727438979237
295.0500082731247,-74.309261937941,-74.309261937941
295.0600082731247,-74.3112512199867,-74.3112512199867
295.0700082731247,-74.31324228983603,-74.31324228983603
295.0800082731247,-74.31523520045772,-74.31523520045772
295.0900082731247,-74.31723000390683,-74.31723000390683
295.1000082731247,-74.31922675131354,-74.31922675131354
295.1100082731247,-74.32122549291206,-74.32122549291206
295.1200082731247,-74.32322627803858,-74.32322627803858
295.1300082731247,-74.32522915511964,-74.32522915511964
295.1400082731247,-74.32723417171293,-74.32723417171293
295.1500082731247,-74.32924137449464,-74.32924137449464
295.1600082731247,-74.33125080926534,-74.33125080926534
295.1700082731247,-74.3332625209754,-74.3332625209754
295.1800082731247,-74.33527655370465,-74.33527655370465
295.1900082731247,-74.3372929507117,-74.3372929507117
295.2000082731247,-74.3393117544019,-74.3393117544019
295.2100082731247,-74.34132651963124,-74.34132651963124
295.2200082731247,-74.34333444426669,-74.34333444426669
295.23000827312467,-74.34533418199509,-74.34533418199509
295.2400082731247,-74.34732505994255,-74.34732505994255
295.2500082731247,-74.34930678015522,-74.34930678015522
295.2600082731247,-74.35127926461271,-74.35127926461271
295.2700082731247,-74.35324256440971,-74.35324256440971
295.2800082731247,-74.35519680518286,-74.35519680518286
295.29000827312467,-74.35714215434078,-74.35714215434078
295.3000082731247,-74.35907880133651,-74.35907880133651
295.3100082731247,-74.36100694595434,-74.36100694595434
295.3200082731247,-74.36292679141575,-74.36292679141575
295.3300082731247,-74.36483854039916,-74.36483854039916
295.3400082731247,-74.3667423928814,-74.3667423928814
295.3500082731247,-74.3686385450342,-74.3686385450342
295.3600082731247,-74.37052718878878,-74.37052718878878
295.3700082731247,-74.37240851173725,-74.37240851173725
295.3800082731247,-74.37428269730698,-74.37428269730698
295.3900082731247,-74.37614992495539,-74.37614992495539
295.4000082731247,-74.37801037050308,-74.37801037050308
295.4100082731247,-74.3798642063864,-74.3798642063864
295.4200082731247,-74.38171160195026,-74.38171160195026
295.4300082731247,-74.38355272373487,-74.38355272373487
295.4400082731247,-74.38538773567258,-74.38538773567258
295.4500082731247,-74.38721679931975,-74.38721679931975
295.4600082731247,-74.38904007400568,-74.38904007400568
295.4700082731247,-74.39085771701032,-74.39085771701032
295.48000827312467,-74.39266988367348,-74.39266988367348
295.4900082731247,-74.39447672752281,-74.39447672752281
295.5000082731247,-74.39627840034062,-74.39627840034062
295.5100082731247,-74.3980750522439,-74.3980750522439
295.5200082731247,-74.39986683176114,-74.39986683176114
295.5300082731247,-74.40165388585748,-74.40165388585748
295.54000827312467,-74.40343635999449,-74.40343635999449
295.5500082731247,-74.40521439816015,-74.40521439816015
295.5600082731247,-74.40698814288683,-74.40698814288683
295.5700082731247,-74.40875773526697,-74.40875773526697
295.5800082731247,-74.41052331498166,-74.41052331498166
295.5900082731247,-74.4122850203036,-74.4122850203036
295.6000082731247,-74.41404298811334,-74.41404298811334
295.6100082731247,-74.41579735388135,-74.41579735388135
295.6200082731247,-74.41754825169753,-74.41754825169753
295.6300082731247,-74.41929581427102,-74.41929581427102
295.6400082731247,-74.42104017291005,-74.42104017291005
295.6500082731247,-74.42278145754344,-74.42278145754344
295.6600082731247,-74.42451979671617,-74.42451979671617
295.6700082731247,-74.42625531756137,-74.42625531756137
295.6800082731247,-74.42798814582987,-74.42798814582987
295.6900082731247,-74.42971840588518,-74.42971840588518
295.7000082731247,-74.43144622068843,-74.43144622068843
295.7100082731247,-74.43317171180512,-74.43317171180512
295.7200082731247,-74.43489499939078,-74.43489499939078
295.73000827312467,-74.43661620221783,-74.43661620221783
295.7400082731247,-74.43833543762871,-74.43833543762871
295.7500082731247,-74.4400528215881,-74.4400528215881
295.7600082731247,-74.44176846865224,-74.44176846865224
295.7700082731247,-74.44348249196268,-74.44348249196268
295.7800082731247,-74.44519500326498,-74.44519500326498
295.79000827312467,-74.44690611290062,-74.44690611290062
295.80000829696655,-74.44861593388713,-74.44861593388713
295.81000829696654,-74.45032456561344,-74.45032456561344
295.82000829696653,-74.45203211830952,-74.45203211830952
295.8300082969665,-74.45373869672044,-74.45373869672044
295.8400082969666,-74.45544440421064,-74.45544440421064
295.85000829696656,-74.45714934275917,-74.45714934275917
295.86000829696656,-74.45885361295642,-74.45885361295642
295.87000829696655,-74.46055731402156,-74.46055731402156
295.88000829696654,-74.46226054379684,-74.46226054379684
295.8900082969665,-74.46396339876138,-74.46396339876138
295.9000082969666,-74.46566597402129,-74.46566597402129
295.91000829696657,-74.46736836334703,-74.46736836334703
295.92000829696656,-74.46907065914053,-74.46907065914053
295.93000829696655,-74.47077295247998,-74.47077295247998
295.94000829696654,-74.47247533310193,-74.47247533310193
295.95000829696653,-74.47417788940805,-74.47417788940805
295.9600082969666,-74.4758742106373,-74.4758742106373
295.97000829696657,-74.47756153515711,-74.47756153515711
295.98000829696656,-74.4792385592807,-74.4792385592807
295.99000829696655,-74.4809046534703,-74.4809046534703
296.00000829696654,-74.48255956326237,-74.48255956326237
296.01000829696653,-74.48420325405347,-74.48420325405347
296.0200082969666,-74.48583582006097,-74.48583582006097
296.03000829696657,-74.48745742970713,-74.48745742970713
296.04000829696656,-74.48906829275943,-74.48906829275943
296.05000829696655,-74.49066864058682,-74.49066864058682
296.06000829696654,-74.4922587144242,-74.4922587144242
296.07000829696653,-74.49383875845893,-74.49383875845893
296.0800082969665,-74.49540901585794,-74.49540901585794
296.0900082969666,-74.49696972660055,-74.49696972660055
296.10000829696656,-74.49852112636815,-74.49852112636815
296.11000829696656,-74.50006344613092,-74.50006344613092
296.12000829696655,-74.50159691202894,-74.50159691202894
296.13000829696654,-74.50312174555471,-74.50312174555471
296.1400082969665,-74.50463816375965,-74.50463816375965
296.1500082969666,-74.50614637958893,-74.50614637958893
296.16000829696657,-74.50764660211864,-74.50764660211864
296.17000829696656,-74.50913903688209,-74.50913903688209
296.18000829696655,-74.51062388613347,-74.51062388613347
296.19000829696654,-74.51210134906069,-74.51210134906069
296.20000829696653,-74.51357162201337,-74.51357162201337
296.2100082969666,-74.51502839804215,-74.51502839804215
296.22000829696657,-74.51646902015074,-74.51646902015074
296.23000829696656,-74.51789228900249,-74.51789228900249
296.24000829696655,-74.51929767879629,-74.51929767879629
296.25000829696654,-74.5206850381327,-74.5206850381327
296.26000829696653,-74.52205443475185,-74.52205443475185
296.2700082969666,-74.52340606455009,-74.52340606455009
296.28000829696657,-74.52474019694796,-74.52474019694796
296.29000829696656,-74.52605714203554,-74.52605714203554
296.30000829696655,-74.52735723087758,-74.52735723087758
296.31000829696654,-74.5286408037617,-74.5286408037617
296.32000829696653,-74.52990820329752,-74.52990820329752
296.3300082969665,-74.53115977044567,-74.53115977044567
296.3400082969666,-74.53239584237434,-74.53239584237434
296.35000829696656,-74.53361675132857,-74.53361675132857
296.36000829696656,-74.53482282419736,-74.53482282419736
296.37000829696655,-74.53601438244588,-74.53601438244588
296.38000829696654,-74.5371917422306,-74.5371917422306
296.3900082969665,-74.5383552146423,-74.5383552146423
296.4000082969666,-74.53950510598492,-74.53950510598492
296.41000829696657,-74.54064171808224,-74.54064171808224
296.42000829696656,-74.54176534850473,-74.54176534850473
296.43000829696655,-74.54287629088259,-74.54287629088259
296.44000829696654,-74.54397483510799,-74.54397483510799
296.45000829696653,-74.54506126749884,-74.54506126749884
296.4600082969666,-74.54612936883731,-74.54612936883731
296.47000829696657,-74.5471765707983,-74.5471765707983
296.48000829696656,-74.5482017625923,-74.5482017625923
296.49000829696655,-74.54920450648937,-74.54920450648937
296.50000829696654,-74.55018473857938,-74.55018473857938
296.51000829696653,-74.55114261341431,-74.55114261341431
296.5200082969666,-74.55207841295365,-74.55207841295365
296.53000829696657,-74.5529924919307,-74.5529924919307
296.54000829696656,-74.55388524498456,-74.55388524498456
296.55000829696655,-74.55475708689248,-74.55475708689248
296.56000829696654,-74.5556084408464,-74.5556084408464
296.57000829696653,-74.55643973155642,-74.55643973155642
296.5800082969665,-74.55725138125949,-74.55725138125949
296.5900082969666,-74.55804380754209,-74.55804380754209
296.60000829696656,-74.55881742224335,-74.55881742224335
296.61000829696656,-74.5595726310162,-74.5595726310162
296.62000829696655,-74.56030983323707,-74.56030983323707
296.63000829696654,-74.56102942212264,-74.56102942212264
296.6400082969665,-74.56173178499519,-74.56173178499519
296.6500083208084,-74.5624173051642,-74.5624173051642
296.6600083208084,-74.56308635566539,-74.56308635566539
296.6700083208084,-74.56373930947001,-74.56373930947001
296.6800083208084,-74.56437653302328,-74.56437653302328
296.69000832080843,-74.56499838820856,-74.56499838820856
296.7000083208084,-74.56560523251075,-74.56560523251075
296.7100083208084,-74.56619741920147,-74.56619741920147
296.7200083208084,-74.56677529748093,-74.56677529748093
296.7300083208084,-74.5673392126054,-74.5673392126054
296.7400083208084,-74.56788950599598,-74.56788950599598
296.75000832080843,-74.5684265153127,-74.5684265153127
296.7600083208084,-74.56895057453464,-74.56895057453464
296.7700083208084,-74.5694620140219,-74.5694620140219
296.7800083208084,-74.56996116056676,-74.56996116056676
296.7900083208084,-74.5704483374344,-74.5704483374344
296.8000083208084,-74.57092386437904,-74.57092386437904
296.81000832080844,-74.57138805769223,-74.57138805769223
296.8200083208084,-74.57184123022404,-74.57184123022404
296.8300083208084,-74.5722836913867,-74.5722836913867
296.8400083208084,-74.57271574718766,-74.57271574718766
296.8500083208084,-74.573137700222,-74.573137700222
296.8600083208084,-74.57354984971475,-74.57354984971475
296.87000832080844,-74.57395249149079,-74.57395249149079
296.88000832080843,-74.57434591801893,-74.57434591801893
296.8900083208084,-74.57473041840092,-74.57473041840092
296.9000083208084,-74.57510627838379,-74.57510627838379
296.9100083208084,-74.57547378036865,-74.57547378036865
296.9200083208084,-74.57583320342135,-74.57583320342135
296.9300083208084,-74.57618482327837,-74.57618482327837
296.94000832080843,-74.57652891234038,-74.57652891234038
296.9500083208084,-74.57686573971742,-74.57686573971742
296.9600083208084,-74.57719557119577,-74.57719557119577
296.9700083208084,-74.57751866928594,-74.57751866928594
296.9800083208084,-74.57783529319771,-74.57783529319771
296.9900083208084,-74.5781456988943,-74.5781456988943
297.00000832080843,-74.5784501390564,-74.5784501390564
297.0100083208084,-74.57874886313584,-74.57874886313584
297.0200083208084,-74.57904211734366,-74.57904211734366
297.0300083208084,-74.57933014468968,-74.57933014468968
297.0400083208084,-74.57961318495943,-74.57961318495943
297.0500083208084,-74.57989147476637,-74.57989147476637
297.06000832080844,-74.58016524755183,-74.58016524755183
297.0700083208084,-74.58043473361872,-74.58043473361872
297.0800083208084,-74.5807001601213,-74.5807001601213
297.0900083208084,-74.58096175110136,-74.58096175110136
297.1000083208084,-74.58121972750504,-74.58121972750504
297.1100083208084,-74.58147430721971,-74.58147430721971
297.12000832080844,-74.5817257050578,-74.5817257050578
297.13000832080843,-74.58197413280683,-74.58197413280683
297.1400083208084,-74.58221979924022,-74.58221979924022
297.1500083208084,-74.58246291015003,-74.58246291015003
297.1600083208084,-74.58270366835752,-74.58270366835752
297.1700083208084,-74.58294227373621,-74.58294227373621
297.1800083208084,-74.5831789232367,-74.5831789232367
297.19000832080843,-74.58341381092075,-74.58341381092075
297.2000083208084,-74.58364712797464,-74.58364712797464
297.2100083208084,-74.58387906273612,-74.58387906273612
297.2200083208084,-74.5841098007193,-74.5841098007193
297.2300083208084,-74.58433952464794,-74.58433952464794
297.2400083208084,-74.58456841445872,-74.58456841445872
297.25000832080843,-74.58479664735233,-74.58479664735233
297.2600083208084,-74.58502439780673,-74.58502439780673
297.2700083208084,-74.5852518375981,-74.5852518375981
297.2800083208084,-74.58547913584067,-74.58547913584067
297.2900083208084,-74.5857064590023,-74.5857064590023
297.3000083208084,-74.58593397093517,-74.58593397093517
297.31000832080844,-74.58616183290174,-74.58616183290174
297.3200083208084,-74.58639020360064,-74.58639020360064
297.3300083208084,-74.5866192391959,-74.5866192391959
297.3400083208084,-74.58684909333836,-74.58684909333836
297.3500083208084,-74.58707991718877,-74.58707991718877
297.3600083208084,-74.5873118594699,-74.5873118594699
297.37000832080844,-74.58754506645715,-74.58754506645715
297.38000832080843,-74.5877796820383,-74.5877796820383
297.3900083208084,-74.58801584770924,-74.58801584770924
297.4000083208084,-74.58825370262844,-74.58825370262844
297.4100083208084,-74.58849338363243,-74.58849338363243
297.4200083208084,-74.58873502524376,-74.58873502524376
297.4300083208084,-74.5889787597396,-74.5889787597396
297.44000832080843,-74.58922471714124,-74.58922471714124
297.4500083208084,-74.58947302524969,-74.58947302524969
297.4600083208084,-74.58972380968792,-74.58972380968792
297.4700083208084,-74.58997719389737,-74.58997719389737
297.4800083208084,-74.59023329919619,-74.59023329919619
297.4900083208084,-74.59049224478738,-74.59049224478738
297.50000834465027,-74.5907541484059,-74.5907541484059
297.51000834465026,-74.59101912386568,-74.59101912386568
297.52000834465025,-74.59128728480812,-74.59128728480812
297.53000834465024,-74.59155874223337,-74.59155874223337
297.5400083446503,-74.59183360516221,-74.59183360516221
297.5500083446503,-74.5921119806591,-74.5921119806591
297.56000834465027,-74.59239397384808,-74.59239397384808
297.57000834465026,-74.59267968795284,-74.59267968795284
297.58000834465025,-74.59296922430046,-74.59296922430046
297.59000834465024,-74.59326268235141,-74.59326268235141
297.6000083446503,-74.59356015974811,-74.59356015974811
297.6100083446503,-74.59386175230465,-74.59386175230465
297.6200083446503,-74.59416755404388,-74.59416755404388
297.63000834465026,-74.59447765722355,-74.59447765722355
297.64000834465025,-74.59479215236428,-74.59479215236428
297.65000834465025,-74.59511112825642,-74.59511112825642
297.6600083446503,-74.59543467200233,-74.59543467200233
297.6700083446503,-74.59576286901984,-74.59576286901984
297.6800083446503,-74.59609580307719,-74.59609580307719
297.69000834465027,-74.59643355631665,-74.59643355631665
297.70000834465026,-74.59677620926624,-74.59677620926624
297.71000834465025,-74.59712384087933,-74.59712384087933
297.7200083446503,-74.59747652852792,-74.59747652852792
297.7300083446503,-74.59783434804758,-74.59783434804758
297.7400083446503,-74.5981973737464,-74.5981973737464
297.75000834465027,-74.59856567843816,-74.59856567843816
297.76000834465026,-74.59893933345818,-74.59893933345818
297.77000834465025,-74.59931840866787,-74.59931840866787
297.78000834465024,-74.599702972493,-74.599702972493
297.7900083446503,-74.60009309193913,-74.60009309193913
297.8000083446503,-74.60048883262724,-74.60048883262724
297.81000834465027,-74.6008902587635,-74.6008902587635
297.82000834465026,-74.60129743322352,-74.60129743322352
297.83000834465025,-74.60171041752486,-74.60171041752486
297.84000834465024,-74.60212927186193,-74.60212927186193
297.8500083446503,-74.60255405513443,-74.60255405513443
297.8600083446503,-74.60298482492904,-74.60298482492904
297.8700083446503,-74.60342163759839,-74.60342163759839
297.88000834465026,-74.60386454821968,-74.60386454821968
297.89000834465025,-74.60431361064767,-74.60431361064767
297.90000834465025,-74.60476887752161,-74.60476887752161
297.9100083446503,-74.60523040028305,-74.60523040028305
297.9200083446503,-74.60569822917873,-74.60569822917873
297.9300083446503,-74.6061724133141,-74.6061724133141
297.94000834465027,-74.60665300063062,-74.60665300063062
297.95000834465026,-74.60714003795205,-74.60714003795205
297.96000834465025,-74.60762706509794,-74.60762706509794
297.9700083446503,-74.60811127859958,-74.60811127859958
297.9800083446503,-74.60859133585546,-74.60859133585546
297.9900083446503,-74.60906656984571,-74.60906656984571
298.00000834465027,-74.6095366894746,-74.6095366894746
298.01000834465026,-74.61000162398436,-74.61000162398436
298.02000834465025,-74.61046143177309,-74.61046143177309
298.03000834465024,-74.61091624558786,-74.61091624558786
298.0400083446503,-74.61136623961107,-74.61136623961107
298.0500083446503,-74.61181160967018,-74.61181160967018
298.06000834465027,-74.61225256148565,-74.61225256148565
298.07000834465026,-74.61268930373886,-74.61268930373886
298.08000834465025,-74.613122044143,-74.613122044143
298.09000834465024,-74.6135509872243,-74.6135509872243
298.1000083446503,-74.61397633329537,-74.61397633329537
298.1100083446503,-74.61439827799211,-74.61439827799211
298.1200083446503,-74.61481701223927,-74.61481701223927
298.13000834465026,-74.6152327223817,-74.6152327223817
298.14000834465025,-74.61564559044906,-74.61564559044906
298.15000834465025,-74.61605579447446,-74.61605579447446
298.1600083446503,-74.61646350877442,-74.61646350877442
298.1700083446503,-74.6168689042704,-74.6168689042704
298.1800083446503,-74.61727214876299,-74.61727214876299
298.19000834465027,-74.61767340715876,-74.61767340715876
298.20000834465026,-74.61807284170429,-74.61807284170429
298.21000834465025,-74.61847061216399,-74.61847061216399
298.2200083446503,-74.61886687598341,-74.61886687598341
298.2300083446503,-74.61926178843821,-74.61926178843821
298.2400083446503,-74.6196555027372,-74.6196555027372
298.25000834465027,-74.62004817013181,-74.62004817013181
298.26000834465026,-74.62043993997294,-74.62043993997294
298.27000834465025,-74.62083095982727,-74.62083095982727
298.28000834465024,-74.62122137549152,-74.62122137549152
298.2900083446503,-74.62161133105757,-74.62161133105757
298.3000083446503,-74.62200096894958,-74.62200096894958
298.31000834465027,-74.62239042994776,-74.62239042994776
298.32000834465026,-74.62277985322557,-74.62277985322557
298.33000834465025,-74.62316937636717,-74.62316937636717
298.34000834465024,-74.62355913537736,-74.62355913537736
298.3500083684921,-74.62394926563022,-74.62394926563022
298.3600083684921,-74.62433989815855,-74.62433989815855
298.3700083684921,-74.62473116523387,-74.62473116523387
298.3800083684921,-74.62512319666953,-74.62512319666953
298.39000836849215,-74.62551612074353,-74.62551612074353
298.40000836849214,-74.62591006420185,-74.62591006420185
298.41000836849213,-74.62630515226358,-74.62630515226358
298.4200083684921,-74.62670150862816,-74.62670150862816
298.4300083684921,-74.6270992554698,-74.6270992554698
298.4400083684921,-74.62749851344026,-74.62749851344026
298.45000836849215,-74.62789940167056,-74.62789940167056
298.46000836849214,-74.62829553030518,-74.62829553030518
298.47000836849213,-74.62868416689953,-74.62868416689953
298.4800083684921,-74.62906403987171,-74.62906403987171
298.4900083684921,-74.62943455294487,-74.62943455294487
298.5000083684921,-74.62979548543373,-74.62979548543373
298.51000836849215,-74.63014683660917,-74.63014683660917
298.52000836849214,-74.63048873441478,-74.63048873441478
298.53000836849213,-74.63082138071148,-74.63082138071148
298.5400083684921,-74.63114501829286,-74.63114501829286
298.5500083684921,-74.63145991110541,-74.63145991110541
298.5600083684921,-74.63176633245642,-74.63176633245642
298.57000836849215,-74.6320645580942,-74.6320645580942
298.58000836849214,-74.6323548622462,-74.6323548622462
298.59000836849214,-74.63263751541287,-74.63263751541287
298.6000083684921,-74.63291278331675,-74.63291278331675
298.6100083684921,-74.63318092643304,-74.63318092643304
298.6200083684921,-74.63344219993448,-74.63344219993448
298.6300083684921,-74.63369685385776,-74.63369685385776
298.64000836849215,-74.63394513332355,-74.63394513332355
298.65000836849214,-74.63418727885555,-74.63418727885555
298.66000836849213,-74.63442352667023,-74.63442352667023
298.6700083684921,-74.63465410898249,-74.63465410898249
298.6800083684921,-74.63487925426676,-74.63487925426676
298.6900083684921,-74.63509918749799,-74.63509918749799
298.70000836849215,-74.635314130388,-74.635314130388
298.71000836849214,-74.63552430152693,-74.63552430152693
298.72000836849213,-74.6357299165856,-74.6357299165856
298.7300083684921,-74.63593118843049,-74.63593118843049
298.7400083684921,-74.6361283272448,-74.6361283272448
298.7500083684921,-74.63632154060952,-74.63632154060952
298.76000836849215,-74.63651103361622,-74.63651103361622
298.77000836849214,-74.63669700892666,-74.63669700892666
298.78000836849213,-74.63687966680486,-74.63687966680486
298.7900083684921,-74.6370592051826,-74.6370592051826
298.8000083684921,-74.63723581970373,-74.63723581970373
298.8100083684921,-74.63740970376121,-74.63740970376121
298.82000836849215,-74.6375810485094,-74.6375810485094
298.83000836849214,-74.63775004287068,-74.63775004287068
298.84000836849214,-74.63791687360418,-74.63791687360418
298.8500083684921,-74.63808172526274,-74.63808172526274
298.8600083684921,-74.63824478025697,-74.63824478025697
298.8700083684921,-74.63840621882491,-74.63840621882491
298.8800083684921,-74.63856621906935,-74.63856621906935
298.89000836849215,-74.63872495694484,-74.63872495694484
298.90000836849214,-74.63888260628653,-74.63888260628653
298.91000836849213,-74.63903933879219,-74.63903933879219
298.9200083684921,-74.63919532403254,-74.63919532403254
298.9300083684921,-74.6393507294825,-74.6393507294825
298.9400083684921,-74.63950572049846,-74.63950572049846
298.95000836849215,-74.63966046033308,-74.63966046033308
298.96000836849214,-74.63981511013529,-74.63981511013529
298.97000836849213,-74.63996982897115,-74.63996982897115
298.9800083684921,-74.64012477381189,-74.64012477381189
298.9900083684921,-74.64028009954802,-74.64028009954802
299.0000083684921,-74.64043595899312,-74.64043595899312
299.01000836849215,-74.6405925028988,-74.6405925028988
299.02000836849214,-74.64074987995683,-74.64074987995683
299.03000836849213,-74.6409082368032,-74.6409082368032
299.0400083684921,-74.64106771803655,-74.64106771803655
299.0500083684921,-74.6412284662134,-74.6412284662134
299.0600083684921,-74.64139062186817,-74.64139062186817
299.07000836849215,-74.64155432350907,-74.64155432350907
299.08000836849214,-74.64171970765422,-74.64171970765422
299.09000836849214,-74.6418869088133,-74.6418869088133
299.1000083684921,-74.6420560595235,-74.6420560595235
299.1100083684921,-74.6422272903376,-74.6422272903376
299.1200083684921,-74.64240072986107,-74.64240072986107
299.1300083684921,-74.6425765047295,-74.6425765047295
299.14000836849215,-74.64275473966879,-74.64275473966879
299.15000836849214,-74.64293555745067,-74.64293555745067
299.16000836849213,-74.64311907896366,-74.64311907896366
299.1700083684921,-74.64330542318098,-74.64330542318098
299.1800083684921,-74.64349470720558,-74.64349470720558
299.1900083684921,-74.64368704626818,-74.64368704626818
299.200008392334,-74.64388255420894,-74.64388255420894
299.210008392334,-74.64408134164928,-74.64408134164928
299.22000839233397,-74.64428351874992,-74.64428351874992
299.23000839233396,-74.64448919341648,-74.64448919341648
299.240008392334,-74.64469847176761,-74.64469847176761
299.250008392334,-74.64491145812707,-74.64491145812707
299.260008392334,-74.64512825507846,-74.64512825507846
299.270008392334,-74.64534896343874,-74.64534896343874
299.28000839233397,-74.64557368231148,-74.64557368231148
299.29000839233396,-74.64580250907109,-74.64580250907109
299.300008392334,-74.64603553940862,-74.64603553940862
299.310008392334,-74.64627286732824,-74.64627286732824
299.320008392334,-74.646514585173,-74.646514585173
299.330008392334,-74.64676078363308,-74.64676078363308
299.34000839233397,-74.64701155176758,-74.64701155176758
299.35000839233396,-74.64726697704214,-74.64726697704214
299.360008392334,-74.64752714530246,-74.64752714530246
299.370008392334,-74.64779214082252,-74.64779214082252
299.380008392334,-74.64806204631256,-74.64806204631256
299.390008392334,-74.64833694294055,-74.64833694294055
299.400008392334,-74.64861691034267,-74.64861691034267
299.41000839233396,-74.64890202663561,-74.64890202663561
299.420008392334,-74.64919236846009,-74.64919236846009
299.430008392334,-74.64948801096423,-74.64948801096423
299.440008392334,-74.649789027834,-74.649789027834
299.450008392334,-74.65009549132293,-74.65009549132293
299.460008392334,-74.65040747223746,-74.65040747223746
299.47000839233397,-74.65072503999416,-74.65072503999416
299.48000839233396,-74.6510482625992,-74.6510482625992
299.490008392334,-74.65137720669193,-74.65137720669193
299.500008392334,-74.65171193755468,-74.65171193755468
299.510008392334,-74.65205251911325,-74.65205251911325
299.520008392334,-74.65239901397096,-74.65239901397096
299.53000839233397,-74.65275148343017,-74.65275148343017
299.54000839233396,-74.65310998747563,-74.65310998747563
299.550008392334,-74.65347458483339,-74.65347458483339
299.560008392334,-74.65384533295939,-74.65384533295939
299.570008392334,-74.65422228805485,-74.65422228805485
299.580008392334,-74.65460550511237,-74.65460550511237
299.59000839233397,-74.65499503788186,-74.65499503788186
299.60000839233396,-74.6553909389318,-74.6553909389318
299.610008392334,-74.6557932596434,-74.6557932596434
299.620008392334,-74.65620205022623,-74.65620205022623
299.630008392334,-74.65661735974258,-74.65661735974258
299.640008392334,-74.65703923610619,-74.65703923610619
299.650008392334,-74.65746772612461,-74.65746772612461
299.66000839233396,-74.65790287547462,-74.65790287547462
299.670008392334,-74.65834472876394,-74.65834472876394
299.680008392334,-74.65879332950594,-74.65879332950594
299.690008392334,-74.6592487201561,-74.6592487201561
299.700008392334,-74.65971094211518,-74.65971094211518
299.710008392334,-74.66018003575796,-74.66018003575796
299.72000839233397,-74.66065604043442,-74.66065604043442
299.73000839233396,-74.66113899448402,-74.66113899448402
299.740008392334,-74.66162893525872,-74.66162893525872
299.750008392334,-74.6621258991227,-74.6621258991227
299.760008392334,-74.66262992148017,-74.66262992148017
299.770008392334,-74.66314103678766,-74.66314103678766
299.78000839233397,-74.66365927855205,-74.66365927855205
299.79000839233396,-74.66418467936103,-74.66418467936103
299.800008392334,-74.66471727089025,-74.66471727089025
299.810008392334,-74.66525708391876,-74.66525708391876
299.820008392334,-74.66580414833238,-74.66580414833238
299.830008392334,-74.66635849314228,-74.66635849314228
299.84000839233397,-74.66692014650116,-74.66692014650116
299.85000839233396,-74.66748913570993,-74.66748913570993
299.860008392334,-74.6680654872382,-74.6680654872382
299.870008392334,-74.66864922672158,-74.66864922672158
299.880008392334,-74.66924037898636,-74.66924037898636
299.890008392334,-74.6698389680641,-74.6698389680641
299.900008392334,-74.67044501718287,-74.67044501718287
299.91000839233396,-74.6710585488017,-74.6710585488017
299.920008392334,-74.67167958461823,-74.67167958461823
299.930008392334,-74.67230814556329,-74.67230814556329
299.940008392334,-74.67294425182247,-74.67294425182247
299.950008392334,-74.67358792286227,-74.67358792286227
299.960008392334,-74.67423917740594,-74.67423917740594
299.97000839233397,-74.67489803348508,-74.67489803348508
299.98000839233396,-74.67556450841543,-74.67556450841543
299.990008392334,-74.67623861883511,-74.67623861883511
300.000008392334,-74.67692038068725,-74.67692038068725
300.010008392334,-74.67760980925807,-74.67760980925807
300.020008392334,-74.67830691916566,-74.67830691916566
300.03000839233397,-74.67901172437914,-74.67901172437914
300.04000839233396,-74.67972423822302,-74.67972423822302
300.05000841617584,-74.68044447512172,-74.68044447512172
300.06000841617583,-74.68117244373853,-74.68117244373853
300.0700084161758,-74.68190815722701,-74.68190815722701
300.0800084161758,-74.68265162645646,-74.68265162645646
300.09000841617586,-74.68340286169467,-74.68340286169467
300.10000841617585,-74.68416187263153,-74.68416187263153
300.11000841617584,-74.68492866837512,-74.68492866837512
300.12000841617584,-74.6857032574717,-74.6857032574717
300.1300084161758,-74.68648564790651,-74.68648564790651
300.1400084161758,-74.68727584712241,-74.68727584712241
300.15000841617587,-74.68807386201928,-74.68807386201928
300.16000841617586,-74.68887969895539,-74.68887969895539
300.17000841617585,-74.68969336378649,-74.68969336378649
300.18000841617584,-74.69051486182661,-74.69051486182661
300.19000841617583,-74.69134419790463,-74.69134419790463
300.2000084161758,-74.69218137633655,-74.69218137633655
300.21000841617587,-74.69302640094931,-74.69302640094931
300.22000841617586,-74.69387927509499,-74.69387927509499
300.23000841617585,-74.69474000163848,-74.69474000163848
300.24000841617584,-74.69560858297615,-74.69560858297615
300.25000841617583,-74.69648502105376,-74.69648502105376
300.2600084161758,-74.69736931734789,-74.69736931734789
300.27000841617587,-74.69826147290412,-74.69826147290412
300.28000841617586,-74.69916148832206,-74.69916148832206
300.29000841617585,-74.70006936376555,-74.70006936376555
300.30000841617584,-74.70098509897082,-74.70098509897082
300.31000841617583,-74.70190869326278,-74.70190869326278
300.3200084161758,-74.70284014555779,-74.70284014555779
300.3300084161758,-74.70377945434913,-74.70377945434913
300.34000841617586,-74.70472661775514,-74.70472661775514
300.35000841617585,-74.7056816334868,-74.7056816334868
300.36000841617584,-74.70664449886519,-74.70664449886519
300.37000841617584,-74.7076152108473,-74.7076152108473
300.3800084161758,-74.70859376599945,-74.70859376599945
300.3900084161758,-74.70958016054506,-74.70958016054506
300.40000841617587,-74.7105743903162,-74.7105743903162
300.41000841617586,-74.71157645081252,-74.71157645081252
300.42000841617585,-74.71258633716693,-74.71258633716693
300.43000841617584,-74.71360404418377,-74.71360404418377
300.44000841617583,-74.71462956632301,-74.71462956632301
300.4500084161758,-74.71566289771985,-74.71566289771985
300.46000841617587,-74.71669751457452,-74.71669751457452
300.47000841617586,-74.71773055591446,-74.71773055591446
300.48000841617585,-74.71876062459553,-74.71876062459553
300.49000841617584,-74.71978700085721,-74.71978700085721
300.50000841617583,-74.72080934220924,-74.72080934220924
300.5100084161758,-74.72182752761528,-74.72182752761528
300.52000841617587,-74.72284156616381,-74.72284156616381
300.53000841617586,-74.72385154221347,-74.72385154221347
300.54000841617585,-74.7248575823784,-74.7248575823784
300.55000841617584,-74.72585983574126,-74.72585983574126
300.56000841617583,-74.72685846206542,-74.72685846206542
300.5700084161758,-74.72785362483201,-74.72785362483201
300.5800084161758,-74.72884548728982,-74.72884548728982
300.59000841617586,-74.7298342102598,-74.7298342102598
300.60000841617585,-74.73081995104114,-74.73081995104114
300.61000841617584,-74.73180286296689,-74.73180286296689
300.62000841617584,-74.73278309535304,-74.73278309535304
300.6300084161758,-74.73376079360682,-74.73376079360682
300.6400084161758,-74.73473609949959,-74.73473609949959
300.65000841617587,-74.73570915145271,-74.73570915145271
300.66000841617586,-74.73668008484275,-74.73668008484275
300.67000841617585,-74.73764903226545,-74.73764903226545
300.68000841617584,-74.73861612382025,-74.73861612382025
300.69000841617583,-74.73958148734658,-74.73958148734658
300.7000084161758,-74.74054524861783,-74.74054524861783
300.71000841617587,-74.74150753152547,-74.74150753152547
300.72000841617586,-74.74246845824983,-74.74246845824983
300.73000841617585,-74.7434281493485,-74.7434281493485
300.74000841617584,-74.7443867239124,-74.7443867239124
300.75000841617583,-74.74534429961494,-74.74534429961494
300.7600084161758,-74.74630099280795,-74.74630099280795
300.77000841617587,-74.74725691857971,-74.74725691857971
300.78000841617586,-74.74821219079958,-74.74821219079958
300.79000841617585,-74.74916692215334,-74.74916692215334
300.80000841617584,-74.75012122419423,-74.75012122419423
300.81000841617583,-74.75107520733945,-74.75107520733945
300.8200084161758,-74.7520289809001,-74.7520289809001
300.8300084161758,-74.75298265309631,-74.75298265309631
300.84000841617586,-74.75393633106661,-74.75393633106661
300.85000841617585,-74.75489012087316,-74.75489012087316
300.86000841617584,-74.75584412750088,-74.75584412750088
300.87000841617584,-74.75679845486358,-74.75679845486358
300.8800084161758,-74.75775320579788,-74.75775320579788
300.8900084161758,-74.75870848205716,-74.75870848205716
300.9000084400177,-74.75966438660546,-74.75966438660546
300.9100084400177,-74.76062101449469,-74.76062101449469
300.9200084400177,-74.76157846650054,-74.76157846650054
300.9300084400177,-74.76253684005029,-74.76253684005029
300.9400084400177,-74.76349623145771,-74.76349623145771
300.9500084400177,-74.76445673594688,-74.76445673594688
300.9600084400177,-74.76541844763354,-74.76541844763354
300.9700084400177,-74.76638145951779,-74.76638145951779
300.9800084400177,-74.76734586349208,-74.76734586349208
300.9900084400177,-74.76831175032336,-74.76831175032336
301.0000084400177,-74.76927920966149,-74.76927920966149
301.0100084400177,-74.77024833002338,-74.77024833002338
301.0200084400177,-74.77121919879382,-74.77121919879382
301.0300084400177,-74.77219190225216,-74.77219190225216
301.0400084400177,-74.77316652550698,-74.77316652550698
301.0500084400177,-74.77414315255902,-74.77414315255902
301.0600084400177,-74.77512186627118,-74.77512186627118
301.0700084400177,-74.77610274836343,-74.77610274836343
301.0800084400177,-74.77708587941126,-74.77708587941126
301.0900084400177,-74.7780713388791,-74.7780713388791
301.1000084400177,-74.77905920507759,-74.77905920507759
301.1100084400177,-74.78004955518522,-74.78004955518522
301.1200084400177,-74.78104246525889,-74.78104246525889
301.1300084400177,-74.78203801021708,-74.78203801021708
301.1400084400177,-74.78303626385745,-74.78303626385745
301.1500084400177,-74.78403729884987,-74.78403729884987
301.1600084400177,-74.78504118675359,-74.78504118675359
301.1700084400177,-74.78604799799871,-74.78604799799871
301.1800084400177,-74.78705780191466,-74.78705780191466
301.1900084400177,-74.78807066672128,-74.78807066672128
301.2000084400177,-74.78908665952855,-74.78908665952855
301.2100084400177,-74.79010584636674,-74.79010584636674
301.2200084400177,-74.79112829215349,-74.79112829215349
301.2300084400177,-74.79215406073895,-74.79215406073895
301.2400084400177,-74.7931832148786,-74.7931832148786
301.2500084400177,-74.79421581627719,-74.79421581627719
301.2600084400177,-74.79525192555204,-74.79525192555204
301.2700084400177,-74.79629160227694,-74.79629160227694
301.2800084400177,-74.79733490496226,-74.79733490496226
301.2900084400177,-74.79838189108042,-74.79838189108042
301.3000084400177,-74.79943261706802,-74.79943261706802
301.3100084400177,-74.800487138334,-74.800487138334
301.3200084400177,-74.80154550925636,-74.80154550925636
301.3300084400177,-74.80260778321447,-74.80260778321447
301.3400084400177,-74.80367401256807,-74.80367401256807
301.3500084400177,-74.80474424870025,-74.80474424870025
301.3600084400177,-74.80581854198829,-74.80581854198829
301.3700084400177,-74.80689694184086,-74.80689694184086
301.3800084400177,-74.80797949669352,-74.80797949669352
301.3900084400177,-74.80906625402415,-74.80906625402415
301.4000084400177,-74.81015726035436,-74.81015726035436
301.4100084400177,-74.81125256126091,-74.81125256126091
301.4200084400177,-74.81235220140306,-74.81235220140306
301.4300084400177,-74.81345622449408,-74.81345622449408
301.4400084400177,-74.81456467333992,-74.81456467333992
301.4500084400177,-74.81567758985291,-74.81567758985291
301.4600084400177,-74.81678848809723,-74.81678848809723
301.4700084400177,-74.81789454911778,-74.81789454911778
301.4800084400177,-74.81899441915111,-74.81899441915111
301.4900084400177,-74.82008742212243,-74.82008742212243
301.5000084400177,-74.82117325919434,-74.82117325919434
301.5100084400177,-74.82225185274362,-74.82225185274362
301.5200084400177,-74.82332325495011,-74.82332325495011
301.5300084400177,-74.82438759288522,-74.82438759288522
301.5400084400177,-74.82544503545611,-74.82544503545611
301.5500084400177,-74.82649577361349,-74.82649577361349
301.5600084400177,-74.82754000854736,-74.82754000854736
301.5700084400177,-74.82857794471438,-74.82857794471438
301.5800084400177,-74.8296097858998,-74.8296097858998
301.5900084400177,-74.83063573299589,-74.83063573299589
301.6000084400177,-74.83165598292837,-74.83165598292837
301.6100084400177,-74.83267072821369,-74.83267072821369
301.6200084400177,-74.8336801568732,-74.8336801568732
301.6300084400177,-74.83468445259923,-74.83468445259923
301.6400084400177,-74.8356837949906,-74.8356837949906
301.6500084400177,-74.83667835983717,-74.83667835983717
301.6600084400177,-74.83766831944511,-74.83766831944511
301.6700084400177,-74.83865384289562,-74.83865384289562
301.6800084400177,-74.83963509634293,-74.83963509634293
301.6900084400177,-74.84061224322608,-74.84061224322608
301.7000084400177,-74.84158544450358,-74.84158544450358
301.7100084400177,-74.84255485880516,-74.84255485880516
301.7200084400177,-74.84352064260779,-74.84352064260779
301.7300084400177,-74.84448295037325,-74.84448295037325
301.7400084400177,-74.8454419346359,-74.8454419346359
301.75000846385956,-74.84639774840154,-74.84639774840154
301.76000846385955,-74.84735053607703,-74.84735053607703
301.77000846385954,-74.8483004472539,-74.8483004472539
301.78000846385953,-74.84924762760546,-74.84924762760546
301.7900084638596,-74.85019222121709,-74.85019222121709
301.80000846385957,-74.85113437064012,-74.85113437064012
301.81000846385956,-74.85207421688055,-74.85207421688055
301.82000846385955,-74.85301189947359,-74.85301189947359
301.83000846385954,-74.85394755644732,-74.85394755644732
301.84000846385953,-74.85488132437457,-74.85488132437457
301.8500084638596,-74.85581333836089,-74.85581333836089
301.8600084638596,-74.85674373206658,-74.85674373206658
301.87000846385956,-74.8576726376975,-74.8576726376975
301.88000846385955,-74.85860018601615,-74.85860018601615
301.89000846385954,-74.85952650634786,-74.85952650634786
301.90000846385954,-74.86045172657263,-74.86045172657263
301.9100084638596,-74.86137597313201,-74.86137597313201
301.9200084638596,-74.8622993710236,-74.8622993710236
301.93000846385956,-74.86322204380092,-74.86322204380092
301.94000846385956,-74.86414411357917,-74.86414411357917
301.95000846385955,-74.86506570103582,-74.86506570103582
301.96000846385954,-74.86598692538597,-74.86598692538597
301.9700084638596,-74.86690790441395,-74.86690790441395
301.9800084638596,-74.86782875445581,-74.86782875445581
301.99000846385957,-74.86874959040667,-74.86874959040667
302.00000846385956,-74.86967052570714,-74.86967052570714
302.01000846385955,-74.87059167235783,-74.87059167235783
302.02000846385954,-74.87151314092613,-74.87151314092613
302.03000846385953,-74.87243504052054,-74.87243504052054
302.0400084638596,-74.8733574788203,-74.8733574788203
302.05000846385957,-74.8742805620612,-74.8742805620612
302.06000846385956,-74.87520439504621,-74.87520439504621
302.07000846385955,-74.87612908115538,-74.87612908115538
302.08000846385954,-74.87705472232875,-74.87705472232875
302.09000846385953,-74.87798141908893,-74.87798141908893
302.1000084638596,-74.87890927052986,-74.87890927052986
302.1100084638596,-74.8798383743519,-74.8798383743519
302.12000846385956,-74.88076882682105,-74.88076882682105
302.13000846385955,-74.88170072281035,-74.88170072281035
302.14000846385954,-74.88263415580955,-74.88263415580955
302.15000846385954,-74.88356921790282,-74.88356921790282
302.1600084638596,-74.88450599979228,-74.88450599979228
302.1700084638596,-74.8854445908044,-74.8854445908044
302.18000846385956,-74.886385078897,-74.886385078897
302.19000846385956,-74.88732755067532,-74.88732755067532
302.20000846385955,-74.88827209138695,-74.88827209138695
302.21000846385954,-74.88921878493298,-74.88921878493298
302.2200084638596,-74.89016771388188,-74.89016771388188
302.2300084638596,-74.89111895948048,-74.89111895948048
302.24000846385957,-74.89207260165178,-74.89207260165178
302.25000846385956,-74.89302871902126,-74.89302871902126
302.26000846385955,-74.89398738890151,-74.89398738890151
302.27000846385954,-74.89494868733756,-74.89494868733756
302.28000846385953,-74.89591268908897,-74.89591268908897
302.2900084638596,-74.89687946764865,-74.89687946764865
302.30000846385957,-74.89784909524447,-74.89784909524447
302.31000846385956,-74.8988216428774,-74.8988216428774
302.32000846385955,-74.89979718031562,-74.89979718031562
302.33000846385954,-74.90077577608069,-74.90077577608069
302.34000846385953,-74.90175749750281,-74.90175749750281
302.3500084638596,-74.90274241069687,-74.90274241069687
302.3600084638596,-74.90373058060267,-74.90373058060267
302.37000846385956,-74.90472207097619,-74.90472207097619
302.38000846385955,-74.9057169444072,-74.9057169444072
302.39000846385954,-74.90671526232647,-74.90671526232647
302.40000846385954,-74.90771708502267,-74.90771708502267
302.4100084638596,-74.90872247166132,-74.90872247166132
302.4200084638596,-74.90973148027766,-74.90973148027766
302.43000846385956,-74.91074416780323,-74.91074416780323
302.44000846385956,-74.9117605900749,-74.9117605900749
302.45000846385955,-74.9127808018465,-74.9127808018465
302.46000846385954,-74.91380485678609,-74.91380485678609
302.4700084638596,-74.91483280751325,-74.91483280751325
302.4800084638596,-74.91586470559994,-74.91586470559994
302.49000846385957,-74.91690060158413,-74.91690060158413
302.50000846385956,-74.91794054496336,-74.91794054496336
302.51000846385955,-74.91898458422935,-74.91898458422935
302.52000846385954,-74.92003276687484,-74.92003276687484
302.53000846385953,-74.92108513940124,-74.92108513940124
302.5400084638596,-74.92214174732568,-74.92214174732568
302.55000846385957,-74.92320263520752,-74.92320263520752
302.56000846385956,-74.92426784664224,-74.92426784664224
302.57000846385955,-74.92533742429183,-74.92533742429183
302.58000846385954,-74.92641140987772,-74.92641140987772
302.59000846385953,-74.92748984420693,-74.92748984420693
302.6000084877014,-74.92857276975056,-74.92857276975056
302.6100084877014,-74.92966022038017,-74.92966022038017
302.6200084877014,-74.93075223674984,-74.93075223674984
302.6300084877014,-74.93184885610101,-74.93184885610101
302.64000848770144,-74.93295011481048,-74.93295011481048
302.6500084877014,-74.9340560483958,-74.9340560483958
302.6600084877014,-74.935166691534,-74.935166691534
302.6700084877014,-74.93628207807915,-74.93628207807915
302.6800084877014,-74.93740224105339,-74.93740224105339
302.6900084877014,-74.93852721267365,-74.93852721267365
302.70000848770144,-74.93965702436995,-74.93965702436995
302.71000848770143,-74.94079170675897,-74.94079170675897
302.7200084877014,-74.94193128970008,-74.94193128970008
302.7300084877014,-74.94307580227427,-74.94307580227427
302.7400084877014,-74.94422527282467,-74.94422527282467
302.7500084877014,-74.94537972892424,-74.94537972892424
302.76000848770144,-74.94653919742179,-74.94653919742179
302.77000848770143,-74.94770370443564,-74.94770370443564
302.7800084877014,-74.94887327537482,-74.94887327537482
302.7900084877014,-74.95004793493911,-74.95004793493911
302.8000084877014,-74.9512277071341,-74.9512277071341
302.8100084877014,-74.95241261526799,-74.95241261526799
302.82000848770144,-74.95360268197378,-74.95360268197378
302.83000848770143,-74.95479792923153,-74.95479792923153
302.8400084877014,-74.95599837834834,-74.95599837834834
302.8500084877014,-74.95720404999597,-74.95720404999597
302.8600084877014,-74.95841496418124,-74.95841496418124
302.8700084877014,-74.95963114030796,-74.95963114030796
302.8800084877014,-74.9608525971445,-74.9608525971445
302.89000848770144,-74.96207935284697,-74.96207935284697
302.9000084877014,-74.96331142497033,-74.96331142497033
302.9100084877014,-74.96454883047406,-74.96454883047406
302.9200084877014,-74.9657915857317,-74.9657915857317
302.9300084877014,-74.96703970652601,-74.96703970652601
302.9400084877014,-74.9682932080955,-74.9682932080955
302.95000848770144,-74.96955210509412,-74.96955210509412
302.96000848770143,-74.97081641164255,-74.97081641164255
302.9700084877014,-74.97208614129569,-74.97208614129569
302.9800084877014,-74.97336130708273,-74.97336130708273
302.9900084877014,-74.9746419215091,-74.9746419215091
303.0000084877014,-74.97592799654942,-74.97592799654942
303.01000848770144,-74.97721954367229,-74.97721954367229
303.02000848770143,-74.97851657382981,-74.97851657382981
303.0300084877014,-74.979819097491,-74.979819097491
303.0400084877014,-74.9811271246319,-74.9811271246319
303.0500084877014,-74.98244066472472,-74.98244066472472
303.0600084877014,-74.98375972679405,-74.98375972679405
303.07000848770144,-74.98508431938073,-74.98508431938073
303.08000848770143,-74.98641445056953,-74.98641445056953
303.0900084877014,-74.98775012798447,-74.98775012798447
303.1000084877014,-74.98909135881215,-74.98909135881215
303.1100084877014,-74.99043814978725,-74.99043814978725
303.1200084877014,-74.99179050721978,-74.99179050721978
303.1300084877014,-74.9931484369913,-74.9931484369913
303.14000848770144,-74.99451194455236,-74.99451194455236
303.1500084877014,-74.99588103494979,-74.99588103494979
303.1600084877014,-74.99725571281981,-74.99725571281981
303.1700084877014,-74.998635982409,-74.998635982409
303.1800084877014,-75.00002184755272,-75.00002184755272
303.1900084877014,-75.00141331170144,-75.00141331170144
303.20000848770144,-75.00281037793037,-75.00281037793037
303.21000848770143,-75.00421304891846,-75.00421304891846
303.2200084877014,-75.00562132701084,-75.00562132701084
303.2300084877014,-75.00703521414923,-75.00703521414923
303.2400084877014,-75.00845471193705,-75.00845471193705
303.2500084877014,-75.00987982161489,-75.00987982161489
303.26000848770144,-75.01131054408837,-75.01131054408837
303.27000848770143,-75.01274687991739,-75.01274687991739
303.2800084877014,-75.0141888293091,-75.0141888293091
303.2900084877014,-75.01563639216333,-75.01563639216333
303.3000084877014,-75.01708956803859,-75.01708956803859
303.3100084877014,-75.01854835617009,-75.01854835617009
303.32000848770144,-75.02001275548758,-75.02001275548758
303.33000848770143,-75.02148276461278,-75.02148276461278
303.3400084877014,-75.02295838185827,-75.02295838185827
303.3500084877014,-75.02443960522766,-75.02443960522766
303.3600084877014,-75.02592643244479,-75.02592643244479
303.3700084877014,-75.02741886093068,-75.02741886093068
303.3800084877014,-75.0289168878226,-75.0289168878226
303.39000848770144,-75.03042050997752,-75.03042050997752
303.4000084877014,-75.03192972398968,-75.03192972398968
303.4100084877014,-75.03344452616128,-75.03344452616128
303.4200084877014,-75.03496491254165,-75.03496491254165
303.4300084877014,-75.0364908789096,-75.0364908789096
303.4400084877014,-75.03802242078737,-75.03802242078737
303.4500085115433,-75.0395595371063,-75.0395595371063
303.46000851154326,-75.04110221558777,-75.04110221558777
303.47000851154326,-75.0426504546387,-75.0426504546387
303.48000851154325,-75.04420424879272,-75.04420424879272
303.4900085115433,-75.04576359234993,-75.04576359234993
303.5000085115433,-75.04732847937441,-75.04732847937441
303.5100085115433,-75.048898903699,-75.048898903699
303.52000851154327,-75.05047485893218,-75.05047485893218
303.53000851154326,-75.05205633846064,-75.05205633846064
303.54000851154325,-75.05364333546062,-75.05364333546062
303.5500085115433,-75.05523584288555,-75.05523584288555
303.5600085115433,-75.05683385347858,-75.05683385347858
303.5700085115433,-75.05843735978523,-75.05843735978523
303.58000851154327,-75.06004635413409,-75.06004635413409
303.59000851154326,-75.06166082867269,-75.06166082867269
303.60000851154325,-75.06328077534666,-75.06328077534666
303.6100085115433,-75.06490618589878,-75.06490618589878
303.6200085115433,-75.06653705189983,-75.06653705189983
303.6300085115433,-75.06817336471713,-75.06817336471713
303.6400085115433,-75.06981511555654,-75.06981511555654
303.65000851154326,-75.07146229542941,-75.07146229542941
303.66000851154325,-75.07311489517468,-75.07311489517468
303.6700085115433,-75.0747729054654,-75.0747729054654
303.6800085115433,-75.07643631680347,-75.07643631680347
303.6900085115433,-75.0781051195208,-75.0781051195208
303.7000085115433,-75.07977930378468,-75.07977930378468
303.71000851154326,-75.08145885960825,-75.08145885960825
303.72000851154326,-75.08314377684533,-75.08314377684533
303.73000851154325,-75.0848340451977,-75.0848340451977
303.7400085115433,-75.08652965421393,-75.08652965421393
303.7500085115433,-75.08823059329016,-75.08823059329016
303.7600085115433,-75.08993685168245,-75.08993685168245
303.77000851154327,-75.09164841851437,-75.09164841851437
303.78000851154326,-75.09336528273391,-75.09336528273391
303.79000851154325,-75.09508743319749,-75.09508743319749
303.8000085115433,-75.09681485859473,-75.09681485859473
303.8100085115433,-75.098547547495,-75.098547547495
303.8200085115433,-75.10028548833972,-75.10028548833972
303.83000851154327,-75.10202866944634,-75.10202866944634
303.84000851154326,-75.1037770789852,-75.1037770789852
303.85000851154325,-75.10553070502054,-75.10553070502054
303.8600085115433,-75.10728953551053,-75.10728953551053
303.8700085115433,-75.10905355827518,-75.10905355827518
303.8800085115433,-75.11082276102542,-75.11082276102542
303.8900085115433,-75.11259713136688,-75.11259713136688
303.90000851154326,-75.11437665679192,-75.11437665679192
303.91000851154325,-75.11616132467351,-75.11616132467351
303.9200085115433,-75.11795112229574,-75.11795112229574
303.9300085115433,-75.11974603682249,-75.11974603682249
303.9400085115433,-75.1215460553354,-75.1215460553354
303.9500085115433,-75.12335116479116,-75.12335116479116
303.96000851154326,-75.12516135208034,-75.12516135208034
303.97000851154326,-75.12697660397461,-75.12697660397461
303.98000851154325,-75.12879690715803,-75.12879690715803
303.9900085115433,-75.1306222482307,-75.1306222482307
304.0000085115433,-75.13245261369191,-75.13245261369191
304.0100085115433,-75.13428798997144,-75.13428798997144
304.02000851154327,-75.13612836339462,-75.13612836339462
304.03000851154326,-75.1379737202131,-75.1379737202131
304.04000851154325,-75.13982404659262,-75.13982404659262
304.0500085115433,-75.14167932863147,-75.14167932863147
304.0600085115433,-75.1435395523341,-75.1435395523341
304.0700085115433,-75.1454047036395,-75.1454047036395
304.08000851154327,-75.14727476840326,-75.14727476840326
304.09000851154326,-75.14914973242462,-75.14914973242462
304.10000851154325,-75.15102958141459,-75.15102958141459
304.1100085115433,-75.15291430101868,-75.15291430101868
304.1200085115433,-75.15480387683178,-75.15480387683178
304.1300085115433,-75.15669829435438,-75.15669829435438
304.1400085115433,-75.15859753904387,-75.15859753904387
304.15000851154326,-75.1605015962943,-75.1605015962943
304.16000851154325,-75.16241045143305,-75.16241045143305
304.1700085115433,-75.1643240897247,-75.1643240897247
304.1800085115433,-75.1662424963822,-75.1662424963822
304.1900085115433,-75.16816565655714,-75.16816565655714
304.2000085115433,-75.17009355535346,-75.17009355535346
304.21000851154326,-75.17202617781848,-75.17202617781848
304.22000851154326,-75.17396350894055,-75.17396350894055
304.23000851154325,-75.17590553366936,-75.17590553366936
304.2400085115433,-75.1778522368944,-75.1778522368944
304.2500085115433,-75.17980360346347,-75.17980360346347
304.2600085115433,-75.18175961818322,-75.18175961818322
304.27000851154327,-75.18372026580138,-75.18372026580138
304.28000851154326,-75.18568553102862,-75.18568553102862
304.29000851154325,-75.18765539854101,-75.18765539854101
304.30000853538513,-75.18962985766801,-75.18962985766801
304.3100085353851,-75.19160888360584,-75.19160888360584
304.3200085353851,-75.19359246558764,-75.19359246558764
304.3300085353851,-75.19558058812677,-75.19558058812677
304.34000853538515,-75.19757323569713,-75.19757323569713
304.35000853538514,-75.19957039274577,-75.19957039274577
304.36000853538513,-75.20157204367696,-75.20157204367696
304.3700085353851,-75.20357817286643,-75.20357817286643
304.3800085353851,-75.20558876465105,-75.20558876465105
304.3900085353851,-75.20760380334954,-75.20760380334954
304.40000853538515,-75.20962327324453,-75.20962327324453
304.41000853538515,-75.21164715858451,-75.21164715858451
304.42000853538514,-75.21367544360281,-75.21367544360281
304.4300085353851,-75.21570811250052,-75.21570811250052
304.4400085353851,-75.21774514945608,-75.21774514945608
304.4500085353851,-75.21978653861484,-75.21978653861484
304.46000853538516,-75.22182569759207,-75.22182569759207
304.47000853538515,-75.22385973091197,-75.22385973091197
304.48000853538514,-75.2258872169929,-75.2258872169929
304.49000853538513,-75.22790741642312,-75.22790741642312
304.5000085353851,-75.22991996996221,-75.22991996996221
304.5100085353851,-75.231924741733,-75.231924741733
304.52000853538516,-75.23392172734509,-75.23392172734509
304.53000853538515,-75.23591099871797,-75.23591099871797
304.54000853538514,-75.23789267088682,-75.23789267088682
304.55000853538513,-75.23986688210788,-75.23986688210788
304.5600085353851,-75.2418337819807,-75.2418337819807
304.5700085353851,-75.24379352443556,-75.24379352443556
304.5800085353851,-75.24574626373018,-75.24574626373018
304.59000853538515,-75.2476921522262,-75.2476921522262
304.60000853538514,-75.24963133929441,-75.24963133929441
304.61000853538513,-75.25156397082165,-75.25156397082165
304.6200085353851,-75.2534901891277,-75.2534901891277
304.6300085353851,-75.25541013308955,-75.25541013308955
304.6400085353851,-75.25732393837575,-75.25732393837575
304.65000853538515,-75.25923173771841,-75.25923173771841
304.66000853538515,-75.26113366117374,-75.26113366117374
304.67000853538514,-75.26302983644149,-75.26302983644149
304.6800085353851,-75.26492038908486,-75.26492038908486
304.6900085353851,-75.26680544273383,-75.26680544273383
304.7000085353851,-75.26868511933779,-75.26868511933779
304.71000853538516,-75.27055953927281,-75.27055953927281
304.72000853538515,-75.27242882152491,-75.27242882152491
304.73000853538514,-75.27429308378224,-75.27429308378224
304.74000853538513,-75.27615244256235,-75.27615244256235
304.7500085353851,-75.27800701325344,-75.27800701325344
304.7600085353851,-75.27985691021523,-75.27985691021523
304.77000853538516,-75.2817022468152,-75.2817022468152
304.78000853538515,-75.2835431354803,-75.2835431354803
304.79000853538514,-75.285379687692,-75.285379687692
304.80000853538513,-75.287212014067,-75.287212014067
304.8100085353851,-75.28904022433119,-75.28904022433119
304.8200085353851,-75.29086442734246,-75.29086442734246
304.8300085353851,-75.29268473111097,-75.29268473111097
304.84000853538515,-75.29450124277125,-75.29450124277125
304.85000853538514,-75.29631406861448,-75.29631406861448
304.86000853538513,-75.29812331406693,-75.29812331406693
304.8700085353851,-75.29992908369512,-75.29992908369512
304.8800085353851,-75.30173148119175,-75.30173148119175
304.8900085353851,-75.3035306093734,-75.3035306093734
304.90000853538515,-75.30532657017415,-75.30532657017415
304.91000853538515,-75.30711946462634,-75.30711946462634
304.92000853538514,-75.30890939287092,-75.30890939287092
304.9300085353851,-75.31069645412559,-75.31069645412559
304.9400085353851,-75.31248074670047,-75.31248074670047
304.9500085353851,-75.3142623679563,-75.3142623679563
304.96000853538516,-75.31604141433917,-75.31604141433917
304.97000853538515,-75.31781798132381,-75.31781798132381
304.98000853538514,-75.31959216344715,-75.31959216344715
304.99000853538513,-75.32136405427177,-75.32136405427177
305.0000085353851,-75.32313374639773,-75.32313374639773
305.0100085353851,-75.32490133144647,-75.32490133144647
305.02000853538516,-75.32666690004845,-75.32666690004845
305.03000853538515,-75.3284305418549,-75.3284305418549
305.04000853538514,-75.33019234550727,-75.33019234550727
305.05000853538513,-75.33195239866069,-75.33195239866069
305.0600085353851,-75.33371078796023,-75.33371078796023
305.0700085353851,-75.33546759904043,-75.33546759904043
305.0800085353851,-75.33722291654483,-75.33722291654483
305.09000853538515,-75.33897682407371,-75.33897682407371
305.10000853538514,-75.34072940423495,-75.34072940423495
305.11000853538513,-75.3424807386081,-75.3424807386081
305.1200085353851,-75.34423090776392,-75.34423090776392
305.1300085353851,-75.34597999124959,-75.34597999124959
305.1400085353851,-75.3477280675913,-75.3477280675913
305.150008559227,-75.3494752184751,-75.3494752184751
305.160008559227,-75.35122151207105,-75.35122151207105
305.17000855922697,-75.35296702802192,-75.35296702802192
305.18000855922696,-75.35471184080022,-75.35471184080022
305.190008559227,-75.35645602385435,-75.35645602385435
305.200008559227,-75.35819964965387,-75.35819964965387
305.210008559227,-75.35993621159933,-75.35993621159933
305.220008559227,-75.36166289574419,-75.36166289574419
305.230008559227,-75.36337836369681,-75.36337836369681
305.24000855922696,-75.36508195949018,-75.36508195949018
305.250008559227,-75.36677340702161,-75.36677340702161
305.260008559227,-75.36845265300316,-75.36845265300316
305.270008559227,-75.37011977491157,-75.37011977491157
305.280008559227,-75.37177492572386,-75.37177492572386
305.290008559227,-75.37341830071281,-75.37341830071281
305.30000855922697,-75.37505011746131,-75.37505011746131
305.310008559227,-75.3766706039942,-75.3766706039942
305.320008559227,-75.37827999178077,-75.37827999178077
305.330008559227,-75.37987851169899,-75.37987851169899
305.340008559227,-75.38146639183093,-75.38146639183093
305.350008559227,-75.38304385634531,-75.38304385634531
305.36000855922697,-75.38461112501679,-75.38461112501679
305.370008559227,-75.38616841318144,-75.38616841318144
305.380008559227,-75.38771593180442,-75.38771593180442
305.390008559227,-75.38925388777035,-75.38925388777035
305.400008559227,-75.39078248410937,-75.39078248410937
305.410008559227,-75.39230192034637,-75.39230192034637
305.42000855922697,-75.3938123927255,-75.3938123927255
305.43000855922696,-75.39531409450208,-75.39531409450208
305.440008559227,-75.39680721614859,-75.39680721614859
305.450008559227,-75.39829194557001,-75.39829194557001
305.460008559227,-75.3997618874821,-75.3997618874821
305.470008559227,-75.40121434005755,-75.40121434005755
305.480008559227,-75.40264807666294,-75.40264807666294
305.49000855922696,-75.40406255245912,-75.40406255245912
305.500008559227,-75.4054576017392,-75.4054576017392
305.510008559227,-75.40683328085412,-75.40683328085412
305.520008559227,-75.40818977617603,-75.40818977617603
305.530008559227,-75.40952734886112,-75.40952734886112
305.540008559227,-75.41084630163381,-75.41084630163381
305.55000855922697,-75.41214695883858,-75.41214695883858
305.560008559227,-75.41342965455536,-75.41342965455536
305.570008559227,-75.41469472564378,-75.41469472564378
305.580008559227,-75.41594250767886,-75.41594250767886
305.590008559227,-75.41717333276884,-75.41717333276884
305.600008559227,-75.41838752842486,-75.41838752842486
305.61000855922697,-75.41958541708917,-75.41958541708917
305.620008559227,-75.42076731605475,-75.42076731605475
305.630008559227,-75.42193353757816,-75.42193353757816
305.640008559227,-75.42308438910882,-75.42308438910882
305.650008559227,-75.424220173554,-75.424220173554
305.660008559227,-75.42534118956446,-75.42534118956446
305.67000855922697,-75.42644773181077,-75.42644773181077
305.68000855922696,-75.42754009120445,-75.42754009120445
305.690008559227,-75.42861855515429,-75.42861855515429
305.700008559227,-75.42968340772138,-75.42968340772138
305.710008559227,-75.43072834757672,-75.43072834757672
305.720008559227,-75.4317507677097,-75.4317507677097
305.730008559227,-75.43274953615621,-75.43274953615621
305.74000855922696,-75.43372420219077,-75.43372420219077
305.750008559227,-75.43467469355343,-75.43467469355343
305.760008559227,-75.43560115929911,-75.43560115929911
305.770008559227,-75.43650387771451,-75.43650387771451
305.780008559227,-75.43738320105436,-75.43738320105436
305.790008559227,-75.43823952228472,-75.43823952228472
305.80000855922697,-75.43907325511591,-75.43907325511591
305.810008559227,-75.43988482214003,-75.43988482214003
305.820008559227,-75.44067464781686,-75.44067464781686
305.830008559227,-75.44144315445614,-75.44144315445614
305.840008559227,-75.44219075997424,-75.44219075997424
305.850008559227,-75.44291787681942,-75.44291787681942
305.86000855922697,-75.44362491145459,-75.44362491145459
305.870008559227,-75.44431226428664,-75.44431226428664
305.880008559227,-75.44498032978298,-75.44498032978298
305.890008559227,-75.44562949668814,-75.44562949668814
305.900008559227,-75.44626014831469,-75.44626014831469
305.910008559227,-75.446872662784,-75.446872662784
305.92000855922697,-75.44746741335602,-75.44746741335602
305.93000855922696,-75.44804476861796,-75.44804476861796
305.940008559227,-75.44860509273784,-75.44860509273784
305.950008559227,-75.44914874564046,-75.44914874564046
305.960008559227,-75.44967608317928,-75.44967608317928
305.970008559227,-75.45018745728648,-75.45018745728648
305.980008559227,-75.45068321607314,-75.45068321607314
305.99000855922696,-75.45116370395027,-75.45116370395027
306.00000858306885,-75.45162926278243,-75.45162926278243
306.01000858306884,-75.4520802275208,-75.4520802275208
306.02000858306883,-75.45251693302576,-75.45251693302576
306.0300085830688,-75.45293970952868,-75.45293970952868
306.04000858306887,-75.45334888383752,-75.45334888383752
306.05000858306886,-75.45374477936494,-75.45374477936494
306.06000858306885,-75.45412771613572,-75.45412771613572
306.07000858306884,-75.45449801082721,-75.45449801082721
306.08000858306883,-75.45485597677018,-75.45485597677018
306.0900085830688,-75.45520192396566,-75.45520192396566
306.10000858306887,-75.45553615910012,-75.45553615910012
306.11000858306886,-75.45585898553068,-75.45585898553068
306.12000858306885,-75.45617070331568,-75.45617070331568
306.13000858306884,-75.45647160921649,-75.45647160921649
306.14000858306883,-75.45676199669268,-75.45676199669268
306.1500085830688,-75.4570421559004,-75.4570421559004
306.1600085830689,-75.45731237372321,-75.45731237372321
306.17000858306886,-75.45757293374588,-75.45757293374588
306.18000858306885,-75.45782411629696,-75.45782411629696
306.19000858306885,-75.45806619841287,-75.45806619841287
306.20000858306884,-75.45829945387644,-75.45829945387644
306.2100085830688,-75.45852415322136,-75.45852415322136
306.2200085830689,-75.4587405637136,-75.4587405637136
306.23000858306887,-75.45894894939315,-75.45894894939315
306.24000858306886,-75.45914957104318,-75.45914957104318
306.25000858306885,-75.45934268625139,-75.45934268625139
306.26000858306884,-75.45952854938233,-75.45952854938233
306.27000858306883,-75.45970741160245,-75.45970741160245
306.2800085830688,-75.45987952089793,-75.45987952089793
306.29000858306887,-75.46004512207307,-75.46004512207307
306.30000858306886,-75.46020445677887,-75.46020445677887
306.31000858306885,-75.46035776352036,-75.46035776352036
306.32000858306884,-75.46050527767994,-75.46050527767994
306.33000858306883,-75.46064723152648,-75.46064723152648
306.3400085830688,-75.46078385422577,-75.46078385422577
306.35000858306887,-75.46091537187654,-75.46091537187654
306.36000858306886,-75.4610420075152,-75.4610420075152
306.37000858306885,-75.46116398115458,-75.46116398115458
306.38000858306884,-75.46128150976791,-75.46128150976791
306.39000858306883,-75.46139480734064,-75.46139480734064
306.4000085830688,-75.46150408487904,-75.46150408487904
306.4100085830689,-75.46160955044161,-75.46160955044161
306.42000858306886,-75.46171140913694,-75.46171140913694
306.43000858306885,-75.46180986317164,-75.46180986317164
306.44000858306885,-75.46190511186326,-75.46190511186326
306.45000858306884,-75.46199735165598,-75.46199735165598
306.4600085830688,-75.46208677616835,-75.46208677616835
306.4700085830689,-75.46217357618464,-75.46217357618464
306.48000858306887,-75.46225793970487,-75.46225793970487
306.49000858306886,-75.4623400519531,-75.4623400519531
306.50000858306885,-75.46242009541442,-75.46242009541442
306.51000858306884,-75.46249824984257,-75.46249824984257
306.52000858306883,-75.46257469231185,-75.46257469231185
306.5300085830688,-75.46264959722161,-75.46264959722161
306.54000858306887,-75.46272313631556,-75.46272313631556
306.55000858306886,-75.46279547873375,-75.46279547873375
306.56000858306885,-75.46286679101982,-75.46286679101982
306.57000858306884,-75.46293723715651,-75.46293723715651
306.58000858306883,-75.46300697857157,-75.46300697857157
306.5900085830688,-75.4630761742014,-75.4630761742014
306.60000858306887,-75.46314498047765,-75.46314498047765
306.61000858306886,-75.46321355137175,-75.46321355137175
306.62000858306885,-75.46328203842533,-75.46328203842533
306.63000858306884,-75.46335059076941,-75.46335059076941
306.64000858306883,-75.46341935515368,-75.46341935515368
306.6500085830688,-75.46348847597997,-75.46348847597997
306.6600085830689,-75.46355809529268,-75.46355809529268
306.67000858306886,-75.46362835285994,-75.46362835285994
306.68000858306885,-75.46369938616368,-75.46369938616368
306.69000858306885,-75.46377133042874,-75.46377133042874
306.70000858306884,-75.46384431866016,-75.46384431866016
306.7100085830688,-75.46391848166938,-75.46391848166938
306.7200085830689,-75.46399394808623,-75.46399394808623
306.73000858306887,-75.4640708443839,-75.4640708443839
306.74000858306886,-75.46414929493069,-75.46414929493069
306.75000858306885,-75.46422942198483,-75.46422942198483
306.76000858306884,-75.4643113457501,-75.4643113457501
306.77000858306883,-75.46439518436148,-75.46439518436148
306.7800085830688,-75.46448105394921,-75.46448105394921
306.79000858306887,-75.46456906863867,-75.46456906863867
306.80000858306886,-75.46465934058985,-75.46465934058985
306.81000858306885,-75.46475198001795,-75.46475198001795
306.82000858306884,-75.46484709520541,-75.46484709520541
306.83000858306883,-75.46494479254137,-75.46494479254137
306.8400085830688,-75.4650451765426,-75.4650451765426
306.8500086069107,-75.46514835011804,-75.46514835011804
306.8600086069107,-75.46525441362684,-75.46525441362684
306.8700086069107,-75.46536346634228,-75.46536346634228
306.8800086069107,-75.46547560552322,-75.46547560552322
306.8900086069107,-75.46559092667131,-75.46559092667131
306.9000086069107,-75.46570952354625,-75.46570952354625
306.9100086069107,-75.46583148821246,-75.46583148821246
306.9200086069107,-75.46595691103332,-75.46595691103332
306.9300086069107,-75.46608588071327,-75.46608588071327
306.9400086069107,-75.46621848431138,-75.46621848431138
306.9500086069107,-75.46635480725406,-75.46635480725406
306.9600086069107,-75.46649493338555,-75.46649493338555
306.9700086069107,-75.46663894496707,-75.46663894496707
306.9800086069107,-75.46678692268684,-75.46678692268684
306.9900086069107,-75.46693894571757,-75.46693894571757
307.0000086069107,-75.46709509170243,-75.46709509170243
307.01000860691073,-75.46725543680176,-75.46725543680176
307.0200086069107,-75.46742005569479,-75.46742005569479
307.0300086069107,-75.46758902158989,-75.46758902158989
307.0400086069107,-75.46776240628503,-75.46776240628503
307.0500086069107,-75.46794028016065,-75.46794028016065
307.0600086069107,-75.46812271219028,-75.46812271219028
307.07000860691073,-75.46830976997906,-75.46830976997906
307.0800086069107,-75.46850151977237,-75.46850151977237
307.0900086069107,-75.46869802648007,-75.46869802648007
307.1000086069107,-75.4688993536981,-75.4688993536981
307.1100086069107,-75.46910556370949,-75.46910556370949
307.1200086069107,-75.46931671752095,-75.46931671752095
307.1300086069107,-75.46953287487595,-75.46953287487595
307.1400086069107,-75.46975409426553,-75.46975409426553
307.1500086069107,-75.46998043295397,-75.46998043295397
307.1600086069107,-75.47021194700292,-75.47021194700292
307.1700086069107,-75.47044869127139,-75.47044869127139
307.1800086069107,-75.47069071943167,-75.47069071943167
307.1900086069107,-75.4709380840108,-75.4709380840108
307.2000086069107,-75.47119083638205,-75.47119083638205
307.2100086069107,-75.47144902679493,-75.47144902679493
307.2200086069107,-75.47171270439335,-75.47171270439335
307.2300086069107,-75.47198191721264,-75.47198191721264
307.2400086069107,-75.47225671220751,-75.47225671220751
307.2500086069107,-75.47253713527185,-75.47253713527185
307.26000860691073,-75.4728232312615,-75.4728232312615
307.2700086069107,-75.47311504397682,-75.47311504397682
307.2800086069107,-75.47341261621753,-75.47341261621753
307.2900086069107,-75.47371598976702,-75.47371598976702
307.3000086069107,-75.47402520542691,-75.47402520542691
307.3100086069107,-75.47434030301679,-75.47434030301679
307.32000860691073,-75.47466132139594,-75.47466132139594
307.3300086069107,-75.47498829847731,-75.47498829847731
307.3400086069107,-75.47532127124772,-75.47532127124772
307.3500086069107,-75.47566027575566,-75.47566027575566
307.3600086069107,-75.47600534715922,-75.47600534715922
307.3700086069107,-75.47635651971953,-75.47635651971953
307.3800086069107,-75.47671382681072,-75.47671382681072
307.3900086069107,-75.47707730094126,-75.47707730094126
307.4000086069107,-75.47744697377979,-75.47744697377979
307.4100086069107,-75.47782287613141,-75.47782287613141
307.4200086069107,-75.47820503799522,-75.47820503799522
307.4300086069107,-75.47859348853166,-75.47859348853166
307.4400086069107,-75.47898825609973,-75.47898825609973
307.4500086069107,-75.47938936827823,-75.47938936827823
307.4600086069107,-75.47979026725318,-75.47979026725318
307.4700086069107,-75.48018809498015,-75.48018809498015
307.4800086069107,-75.48058147171646,-75.48058147171646
307.4900086069107,-75.48096970148472,-75.48096970148472
307.5000086069107,-75.48135246898784,-75.48135246898784
307.51000860691073,-75.48172968221598,-75.48172968221598
307.5200086069107,-75.48210138020976,-75.48210138020976
307.5300086069107,-75.48246767766766,-75.48246767766766
307.5400086069107,-75.48282873163497,-75.48282873163497
307.5500086069107,-75.48318472151307,-75.48318472151307
307.5600086069107,-75.48353583714811,-75.48353583714811
307.57000860691073,-75.48388227185134,-75.48388227185134
307.5800086069107,-75.4842242183438,-75.4842242183438
307.5900086069107,-75.48456186658625,-75.48456186658625
307.6000086069107,-75.48489540265881,-75.48489540265881
307.6100086069107,-75.48522500834021,-75.48522500834021
307.6200086069107,-75.48555086100396,-75.48555086100396
307.6300086069107,-75.48587313378577,-75.48587313378577
307.6400086069107,-75.4861919958172,-75.4861919958172
307.6500086069107,-75.48650761254147,-75.48650761254147
307.6600086069107,-75.4868201459948,-75.4868201459948
307.6700086069107,-75.48712975512592,-75.48712975512592
307.6800086069107,-75.48743659602263,-75.48743659602263
307.6900086069107,-75.48774082219744,-75.48774082219744
307.70000863075256,-75.48804258548654,-75.48804258548654
307.71000863075255,-75.48833544829563,-75.48833544829563
307.72000863075255,-75.48861667425935,-75.48861667425935
307.73000863075254,-75.48888500357984,-75.48888500357984
307.7400086307526,-75.48913985930263,-75.48913985930263
307.7500086307526,-75.48938104422092,-75.48938104422092
307.76000863075257,-75.48960858356166,-75.48960858356166
307.77000863075256,-75.48982263279429,-75.48982263279429
307.78000863075255,-75.49002342226711,-75.49002342226711
307.79000863075254,-75.49021122392094,-75.49021122392094
307.8000086307526,-75.49038633133081,-75.49038633133081
307.8100086307526,-75.49054904779634,-75.49054904779634
307.82000863075257,-75.49069967935944,-75.49069967935944
307.83000863075256,-75.490838530779,-75.490838530779
307.84000863075255,-75.49096590335637,-75.49096590335637
307.85000863075254,-75.49108209379621,-75.49108209379621
307.8600086307526,-75.49118739376827,-75.49118739376827
307.8700086307526,-75.4912820898408,-75.4912820898408
307.88000863075257,-75.49136646361505,-75.49136646361505
307.89000863075256,-75.49144079192992,-75.49144079192992
307.90000863075255,-75.49150534719598,-75.49150534719598
307.91000863075254,-75.49156039765005,-75.49156039765005
307.9200086307526,-75.4916062076674,-75.4916062076674
307.9300086307526,-75.49164303799172,-75.49164303799172
307.9400086307526,-75.49167114596094,-75.49167114596094
307.95000863075256,-75.49169078573337,-75.49169078573337
307.96000863075255,-75.49170220843614,-75.49170220843614
307.97000863075255,-75.49170566231726,-75.49170566231726
307.98000863075254,-75.49170139285953,-75.49170139285953
307.9900086307526,-75.49168964291282,-75.49168964291282
308.0000086307526,-75.4916706527277,-75.4916706527277
308.01000863075257,-75.49164466007363,-75.49164466007363
308.02000863075256,-75.49161190025814,-75.49161190025814
308.03000863075255,-75.49157260618361,-75.49157260618361
308.04000863075254,-75.49152700839014,-75.49152700839014
308.0500086307526,-75.4914753350671,-75.4914753350671
308.0600086307526,-75.49141781208746,-75.49141781208746
308.07000863075257,-75.49135466301045,-75.49135466301045
308.08000863075256,-75.49128610909803,-75.49128610909803
308.09000863075255,-75.49121236934238,-75.49121236934238
308.10000863075254,-75.49113366042958,-75.49113366042958
308.1100086307526,-75.49105019678196,-75.49105019678196
308.1200086307526,-75.49096219052983,-75.49096219052983
308.13000863075257,-75.49086985152495,-75.49086985152495
308.14000863075256,-75.49077338734298,-75.49077338734298
308.15000863075255,-75.49067300328676,-75.49067300328676
308.16000863075254,-75.49056890236281,-75.49056890236281
308.1700086307526,-75.49046128529095,-75.49046128529095
308.1800086307526,-75.4903503505191,-75.4903503505191
308.1900086307526,-75.49023629419654,-75.49023629419654
308.20000863075256,-75.49011931018644,-75.49011931018644
308.21000863075255,-75.48999300621158,-75.48999300621158
308.22000863075255,-75.4898546889999,-75.4898546889999
308.23000863075254,-75.48970314224607,-75.48970314224607
308.2400086307526,-75.4895378319855,-75.4895378319855
308.2500086307526,-75.48935860338882,-75.48935860338882
308.26000863075257,-75.4891655233829,-75.4891655233829
308.27000863075256,-75.48895878838034,-75.48895878838034
308.28000863075255,-75.48873866885093,-75.48873866885093
308.29000863075254,-75.48850547603062,-75.48850547603062
308.3000086307526,-75.48825954190212,-75.48825954190212
308.3100086307526,-75.48800120727412,-75.48800120727412
308.32000863075257,-75.48773081478885,-75.48773081478885
308.33000863075256,-75.48744870488805,-75.48744870488805
308.34000863075255,-75.48715521362516,-75.48715521362516
308.35000863075254,-75.48685067154943,-75.48685067154943
308.3600086307526,-75.48653540327247,-75.48653540327247
308.3700086307526,-75.48620972738215,-75.48620972738215
308.38000863075257,-75.48587395661177,-75.48587395661177
308.39000863075256,-75.48552839805713,-75.48552839805713
308.40000863075255,-75.4851733535152,-75.4851733535152
308.41000863075254,-75.48480911977481,-75.48480911977481
308.4200086307526,-75.48443598889979,-75.48443598889979
308.4300086307526,-75.48405424851808,-75.48405424851808
308.4400086307526,-75.48366418206794,-75.48366418206794
308.45000863075256,-75.48326606900484,-75.48326606900484
308.46000863075255,-75.48285360268518,-75.48285360268518
308.47000863075255,-75.48242417395639,-75.48242417395639
308.48000863075254,-75.48197664933348,-75.48197664933348
308.4900086307526,-75.48151057651775,-75.48151057651775
308.5000086307526,-75.48102588136139,-75.48102588136139
308.51000863075257,-75.48052271051105,-75.48052271051105
308.52000863075256,-75.48000133926348,-75.48000133926348
308.53000863075255,-75.47946211619107,-75.47946211619107
308.54000863075254,-75.47890542986616,-75.47890542986616
308.5500086545944,-75.47833168752332,-75.47833168752332
308.5600086545944,-75.47774130861332,-75.47774130861332
308.5700086545944,-75.4771347097597,-75.4771347097597
308.5800086545944,-75.47651230606041,-75.47651230606041
308.59000865459444,-75.47587450759373,-75.47587450759373
308.60000865459443,-75.47522171833047,-75.47522171833047
308.6100086545944,-75.4745543356992,-75.4745543356992
308.6200086545944,-75.47387275051922,-75.47387275051922
308.6300086545944,-75.47317734715466,-75.47317734715466
308.6400086545944,-75.47246850375262,-75.47246850375262
308.65000865459444,-75.47174659257375,-75.47174659257375
308.66000865459444,-75.47101198026319,-75.47101198026319
308.6700086545944,-75.470265028176,-75.470265028176
308.6800086545944,-75.46950609263335,-75.46950609263335
308.6900086545944,-75.468735525174,-75.468735525174
308.7000086545944,-75.46795367275232,-75.46795367275232
308.71000865459445,-75.46716087794508,-75.46716087794508
308.72000865459444,-75.46635747909725,-75.46635747909725
308.7300086545944,-75.46554381045723,-75.46554381045723
308.7400086545944,-75.4647202023012,-75.4647202023012
308.7500086545944,-75.46388698103362,-75.46388698103362
308.7600086545944,-75.46304446926047,-75.46304446926047
308.77000865459445,-75.46219298585774,-75.46219298585774
308.78000865459444,-75.46133284605537,-75.46133284605537
308.79000865459443,-75.46046436144415,-75.46046436144415
308.8000086545944,-75.45958784005373,-75.45958784005373
308.8100086545944,-75.45870358636519,-75.45870358636519
308.8200086545944,-75.45781190135382,-75.45781190135382
308.8300086545944,-75.45691308250368,-75.45691308250368
308.84000865459444,-75.45600742384119,-75.45600742384119
308.85000865459443,-75.45509521594335,-75.45509521594335
308.8600086545944,-75.45417674596337,-75.45417674596337
308.8700086545944,-75.45325229764534,-75.45325229764534
308.8800086545944,-75.45232215131453,-75.45232215131453
308.8900086545944,-75.45138658393762,-75.45138658393762
308.90000865459444,-75.45044586908152,-75.45044586908152
308.91000865459444,-75.44950027696812,-75.44950027696812
308.9200086545944,-75.44855007446449,-75.44855007446449
308.9300086545944,-75.44759552510254,-75.44759552510254
308.9400086545944,-75.44663688909233,-75.44663688909233
308.9500086545944,-75.44567442332303,-75.44567442332303
308.96000865459445,-75.44470838138976,-75.44470838138976
308.97000865459444,-75.44373901360144,-75.44373901360144
308.9800086545944,-75.44276656699171,-75.44276656699171
308.9900086545944,-75.44179128533864,-75.44179128533864
309.0000086545944,-75.44081340917329,-75.44081340917329
309.0100086545944,-75.43983317579902,-75.43983317579902
309.02000865459445,-75.43885081931761,-75.43885081931761
309.03000865459444,-75.43786657062935,-75.43786657062935
309.04000865459443,-75.43688065745542,-75.43688065745542
309.0500086545944,-75.43589330436009,-75.43589330436009
309.0600086545944,-75.43490473277143,-75.43490473277143
309.0700086545944,-75.43391516099304,-75.43391516099304
309.0800086545944,-75.43292480422616,-75.43292480422616
309.09000865459444,-75.43193387459617,-75.43193387459617
309.10000865459443,-75.43094258115964,-75.43094258115964
309.1100086545944,-75.42995112994531,-75.42995112994531
309.1200086545944,-75.42895972396768,-75.42895972396768
309.1300086545944,-75.42796856323234,-75.42796856323234
309.1400086545944,-75.42697784478669,-75.42697784478669
309.15000865459444,-75.42598776272263,-75.42598776272263
309.16000865459444,-75.42499850822017,-75.42499850822017
309.1700086545944,-75.42401026953422,-75.42401026953422
309.1800086545944,-75.42302323207048,-75.42302323207048
309.1900086545944,-75.42203757837308,-75.42203757837308
309.2000086545944,-75.4210534881588,-75.4210534881588
309.21000865459445,-75.4200645635328,-75.4200645635328
309.22000865459444,-75.41906810231245,-75.41906810231245
309.2300086545944,-75.418062877515,-75.418062877515
309.2400086545944,-75.4170483434139,-75.4170483434139
309.2500086545944,-75.41602433258645,-75.41602433258645
309.2600086545944,-75.41499089865302,-75.41499089865302
309.27000865459445,-75.41394822409451,-75.41394822409451
309.28000865459444,-75.41289656488097,-75.41289656488097
309.29000865459443,-75.41183621716105,-75.41183621716105
309.3000086545944,-75.41076749734353,-75.41076749734353
309.3100086545944,-75.40969073015081,-75.40969073015081
309.3200086545944,-75.40860624168515,-75.40860624168515
309.3300086545944,-75.40751435541344,-75.40751435541344
309.34000865459444,-75.40641539001135,-75.40641539001135
309.35000865459443,-75.40530965828118,-75.40530965828118
309.3600086545944,-75.40419746673192,-75.40419746673192
309.3700086545944,-75.40307911553488,-75.40307911553488
309.3800086545944,-75.40195489869187,-75.40195489869187
309.3900086545944,-75.4008251043365,-75.4008251043365
309.4000086784363,-75.3996900123167,-75.3996900123167
309.41000867843627,-75.39854990534448,-75.39854990534448
309.42000867843626,-75.39740505314833,-75.39740505314833
309.43000867843625,-75.39625572350859,-75.39625572350859
309.4400086784363,-75.39510217983634,-75.39510217983634
309.4500086784363,-75.39394468143675,-75.39394468143675
309.4600086784363,-75.39278348367179,-75.39278348367179
309.4700086784363,-75.39161883818339,-75.39161883818339
309.48000867843626,-75.3904509930109,-75.3904509930109
309.49000867843625,-75.38928019276055,-75.38928019276055
309.5000086784363,-75.38810667868846,-75.38810667868846
309.5100086784363,-75.38693068881551,-75.38693068881551
309.5200086784363,-75.38575245801441,-75.38575245801441
309.5300086784363,-75.38457221807263,-75.38457221807263
309.54000867843627,-75.38339019777095,-75.38339019777095
309.55000867843626,-75.38220662292302,-75.38220662292302
309.5600086784363,-75.38102171641759,-75.38102171641759
309.5700086784363,-75.37983569828125,-75.37983569828125
309.5800086784363,-75.37864878568779,-75.37864878568779
309.5900086784363,-75.37746119302729,-75.37746119302729
309.60000867843627,-75.37627313188774,-75.37627313188774
309.61000867843626,-75.37508481110233,-75.37508481110233
309.6200086784363,-75.37389643679623,-75.37389643679623
309.6300086784363,-75.37270821235309,-75.37270821235309
309.6400086784363,-75.37152033848889,-75.37152033848889
309.6500086784363,-75.3703330132327,-75.3703330132327
309.66000867843627,-75.36914643195618,-75.36914643195618
309.67000867843626,-75.36796078740039,-75.36796078740039
309.68000867843625,-75.36677626967563,-75.36677626967563
309.6900086784363,-75.36559306628243,-75.36559306628243
309.7000086784363,-75.36441136212855,-75.36441136212855
309.7100086784363,-75.36322477051071,-75.36322477051071
309.7200086784363,-75.36203059812279,-75.36203059812279
309.73000867843626,-75.36082762603255,-75.36082762603255
309.74000867843625,-75.35961531622327,-75.35961531622327
309.7500086784363,-75.35839350888105,-75.35839350888105
309.7600086784363,-75.35716226522761,-75.35716226522761
309.7700086784363,-75.35592177534757,-75.35592177534757
309.7800086784363,-75.35467230286564,-75.35467230286564
309.79000867843627,-75.35341415164714,-75.35341415164714
309.80000867843626,-75.3521476458365,-75.3521476458365
309.8100086784363,-75.35087311795921,-75.35087311795921
309.8200086784363,-75.34959090194711,-75.34959090194711
309.8300086784363,-75.34830132915783,-75.34830132915783
309.8400086784363,-75.34700472617659,-75.34700472617659
309.85000867843627,-75.34570141374155,-75.34570141374155
309.86000867843626,-75.34439170631974,-75.34439170631974
309.8700086784363,-75.3430759120757,-75.3430759120757
309.8800086784363,-75.341754333015,-75.341754333015
309.8900086784363,-75.3404272652638,-75.3404272652638
309.9000086784363,-75.33909499940975,-75.33909499940975
309.91000867843627,-75.33775782076846,-75.33775782076846
309.92000867843626,-75.33641600977808,-75.33641600977808
309.93000867843625,-75.33506984220872,-75.33506984220872
309.9400086784363,-75.3337195894688,-75.3337195894688
309.9500086784363,-75.33236551883749,-75.33236551883749
309.9600086784363,-75.33100132806247,-75.33100132806247
309.9700086784363,-75.32962440570815,-75.32962440570815
309.98000867843626,-75.328233613036,-75.328233613036
309.99000867843625,-75.32682849101096,-75.32682849101096
310.0000086784363,-75.32540895779003,-75.32540895779003
310.0100086784363,-75.32397515167878,-75.32397515167878
310.0200086784363,-75.32252733909574,-75.32252733909574
310.0300086784363,-75.32106585928906,-75.32106585928906
310.04000867843627,-75.31959109109751,-75.31959109109751
310.05000867843626,-75.31810343303361,-75.31810343303361
310.0600086784363,-75.31660329142511,-75.31660329142511
310.0700086784363,-75.31509107344803,-75.31509107344803
310.0800086784363,-75.31356718315845,-75.31356718315845
310.0900086784363,-75.31203201932726,-75.31203201932726
310.10000867843627,-75.31048597436138,-75.31048597436138
310.11000867843626,-75.30892943389672,-75.30892943389672
310.1200086784363,-75.30736277674312,-75.30736277674312
310.1300086784363,-75.3057863750536,-75.3057863750536
310.1400086784363,-75.30420059460874,-75.30420059460874
310.1500086784363,-75.30260579510806,-75.30260579510806
310.16000867843627,-75.30100233051718,-75.30100233051718
310.17000867843626,-75.29939054935303,-75.29939054935303
310.18000867843625,-75.29777079498442,-75.29777079498442
310.1900086784363,-75.29614340587037,-75.29614340587037
310.2000086784363,-75.29450871580475,-75.29450871580475
310.2100086784363,-75.29286049289455,-75.29286049289455
310.2200086784363,-75.29119619379891,-75.29119619379891
310.23000867843626,-75.28951474662621,-75.28951474662621
310.24000867843625,-75.28781575825155,-75.28781575825155
310.25000870227814,-75.28609920789512,-75.28609920789512
310.2600087022781,-75.28436530644204,-75.28436530644204
310.2700087022781,-75.28261438006935,-75.28261438006935
310.2800087022781,-75.28084683115611,-75.28084683115611
310.29000870227816,-75.27906310102355,-75.27906310102355
310.30000870227815,-75.27726365003863,-75.27726365003863
310.31000870227814,-75.27544894572905,-75.27544894572905
310.32000870227813,-75.27361945584487,-75.27361945584487
310.3300087022781,-75.27177564436846,-75.27177564436846
310.3400087022781,-75.26991796936319,-75.26991796936319
310.35000870227816,-75.26804688187204,-75.26804688187204
310.36000870227815,-75.26616282554502,-75.26616282554502
310.37000870227814,-75.26426623654496,-75.26426623654496
310.38000870227813,-75.26235754374795,-75.26235754374795
310.3900087022781,-75.26043716900497,-75.26043716900497
310.4000087022781,-75.25850552744262,-75.25850552744262
310.41000870227816,-75.25656302780956,-75.25656302780956
310.42000870227815,-75.25461007277848,-75.25461007277848
310.43000870227814,-75.25264705920023,-75.25264705920023
310.44000870227813,-75.25067437841437,-75.25067437841437
310.4500087022781,-75.24869241642833,-75.24869241642833
310.4600087022781,-75.2467015541295,-75.2467015541295
310.47000870227816,-75.24470216746714,-75.24470216746714
310.48000870227816,-75.24269462759007,-75.24269462759007
310.49000870227815,-75.24067930096147,-75.24067930096147
310.50000870227814,-75.23865654949803,-75.23865654949803
310.5100087022781,-75.23662673063063,-75.23662673063063
310.5200087022781,-75.23459019739246,-75.23459019739246
310.5300087022781,-75.23254729850454,-75.23254729850454
310.54000870227816,-75.23049837840428,-75.23049837840428
310.55000870227815,-75.22844377732282,-75.22844377732282
310.56000870227814,-75.22638383131336,-75.22638383131336
310.57000870227813,-75.2243188722826,-75.2243188722826
310.5800087022781,-75.22224922804541,-75.22224922804541
310.5900087022781,-75.22017522234155,-75.22017522234155
310.60000870227816,-75.21809717484554,-75.21809717484554
310.61000870227815,-75.2160154012338,-75.2160154012338
310.62000870227814,-75.2139302131655,-75.2139302131655
310.63000870227813,-75.21184191833507,-75.21184191833507
310.6400087022781,-75.209750820468,-75.209750820468
310.6500087022781,-75.20765721936354,-75.20765721936354
310.66000870227816,-75.20556141088701,-75.20556141088701
310.67000870227815,-75.20346368702388,-75.20346368702388
310.68000870227814,-75.2013643358774,-75.2013643358774
310.69000870227813,-75.19926364167429,-75.19926364167429
310.7000087022781,-75.19716188481505,-75.19716188481505
310.7100087022781,-75.19505279100407,-75.19505279100407
310.72000870227816,-75.19293377055853,-75.19293377055853
310.73000870227816,-75.1908037037135,-75.1908037037135
310.74000870227815,-75.18866214884869,-75.18866214884869
310.75000870227814,-75.18650904040395,-75.18650904040395
310.7600087022781,-75.18434453205131,-75.18434453205131
310.7700087022781,-75.1821689046903,-75.1821689046903
310.7800087022781,-75.17998251122938,-75.17998251122938
310.79000870227816,-75.17778574334541,-75.17778574334541
310.80000870227815,-75.17557901158146,-75.17557901158146
310.81000870227814,-75.17336273345663,-75.17336273345663
310.82000870227813,-75.17113732655328,-75.17113732655328
310.8300087022781,-75.16890320451452,-75.16890320451452
310.8400087022781,-75.1666607748937,-75.1666607748937
310.85000870227816,-75.16441043811106,-75.16441043811106
310.86000870227815,-75.1621525870374,-75.1621525870374
310.87000870227814,-75.15988760695764,-75.15988760695764
310.88000870227813,-75.15761587578756,-75.15761587578756
310.8900087022781,-75.15533776431243,-75.15533776431243
310.9000087022781,-75.1530536365679,-75.1530536365679
310.91000870227816,-75.15076385016998,-75.15076385016998
310.92000870227815,-75.14846875662381,-75.14846875662381
310.93000870227814,-75.14616870165578,-75.14616870165578
310.94000870227813,-75.14386402545928,-75.14386402545928
310.9500087022781,-75.14155506297473,-75.14155506297473
310.9600087022781,-75.13924214409201,-75.13924214409201
310.97000870227816,-75.13692559382547,-75.13692559382547
310.98000870227816,-75.13460573249588,-75.13460573249588
310.99000870227815,-75.13228287586952,-75.13228287586952
311.00000870227814,-75.1299573352968,-75.1299573352968
311.0100087022781,-75.12762941779785,-75.12762941779785
311.0200087022781,-75.1252994261882,-75.1252994261882
311.0300087022781,-75.12296765912691,-75.12296765912691
311.04000870227816,-75.12063441121677,-75.12063441121677
311.05000870227815,-75.11829997306064,-75.11829997306064
311.06000870227814,-75.1159646313081,-75.1159646313081
311.07000870227813,-75.11362866873056,-75.11362866873056
311.0800087022781,-75.1112923642318,-75.1112923642318
311.0900087022781,-75.10895599293785,-75.10895599293785
311.10000872612,-75.10661982062176,-75.10661982062176
311.11000872612,-75.10428412602961,-75.10428412602961
311.12000872612,-75.10194916752036,-75.10194916752036
311.13000872611997,-75.09961520534455,-75.09961520534455
311.14000872612,-75.09728249609039,-75.09728249609039
311.15000872612,-75.09495129278397,-75.09495129278397
311.16000872612,-75.09262184483688,-75.09262184483688
311.17000872612,-75.0902943981203,-75.0902943981203
311.18000872612,-75.08796919496442,-75.08796919496442
311.19000872611997,-75.08564647420467,-75.08564647420467
311.20000872612,-75.08332647119144,-75.08332647119144
311.21000872612,-75.08100941783776,-75.08100941783776
311.22000872612,-75.07869554261744,-75.07869554261744
311.23000872612,-75.07638507060229,-75.07638507060229
311.24000872612,-75.07407822349083,-75.07407822349083
311.25000872612,-75.07177521963348,-75.07177521963348
311.26000872612,-75.06947627406328,-75.06947627406328
311.27000872612,-75.06718159850135,-75.06718159850135
311.28000872612,-75.06489140140629,-75.06489140140629
311.29000872612,-75.0626058879823,-75.0626058879823
311.30000872612,-75.0603252602208,-75.0603252602208
311.31000872612,-75.05804971691914,-75.05804971691914
311.32000872612,-75.05577945370497,-75.05577945370497
311.33000872612,-75.05351466308078,-75.05351466308078
311.34000872612,-75.0512555344315,-75.0512555344315
311.35000872612,-75.04900225405652,-75.04900225405652
311.36000872612,-75.04675500520709,-75.04675500520709
311.37000872612,-75.04451396809911,-75.04451396809911
311.38000872611997,-75.04227931996827,-75.04227931996827
311.39000872612,-75.04005123505347,-75.04005123505347
311.40000872612,-75.03782988467366,-75.03782988467366
311.41000872612,-75.03561543724855,-75.03561543724855
311.42000872612,-75.03340805827308,-75.03340805827308
311.43000872612,-75.03120791043183,-75.03120791043183
311.44000872611997,-75.02901515355734,-75.02901515355734
311.45000872612,-75.0268299446982,-75.0268299446982
311.46000872612,-75.02464590290371,-75.02464590290371
311.47000872612,-75.02246032494907,-75.02246032494907
311.48000872612,-75.02027197534419,-75.02027197534419
311.49000872612,-75.01808029628705,-75.01808029628705
311.50000872612,-75.01588510626686,-75.01588510626686
311.51000872612,-75.01368644352925,-75.01368644352925
311.52000872612,-75.01148447426772,-75.01148447426772
311.53000872612,-75.00927943753148,-75.00927943753148
311.54000872612,-75.00707161200653,-75.00707161200653
311.55000872612,-75.00486129619918,-75.00486129619918
311.56000872612,-75.00264879656955,-75.00264879656955
311.57000872612,-75.00043442060085,-75.00043442060085
311.58000872612,-74.99821847288335,-74.99821847288335
311.59000872612,-74.9960012529124,-74.9960012529124
311.60000872612,-74.99378305410494,-74.99378305410494
311.61000872612,-74.9915641633516,-74.9915641633516
311.62000872612,-74.98934486103188,-74.98934486103188
311.63000872611997,-74.98712542118862,-74.98712542118862
311.64000872612,-74.98490611182147,-74.98490611182147
311.65000872612,-74.98268719524086,-74.98268719524086
311.66000872612,-74.98046892839997,-74.98046892839997
311.67000872612,-74.97825156323006,-74.97825156323006
311.68000872612,-74.97603534694969,-74.97603534694969
311.69000872611997,-74.9738205223453,-74.9738205223453
311.70000872612,-74.97160732800458,-74.97160732800458
311.71000872612,-74.96939599854055,-74.96939599854055
311.72000872612,-74.96718676479387,-74.96718676479387
311.73000872612,-74.96497985397124,-74.96497985397124
311.74000872612,-74.96277548980947,-74.96277548980947
311.75000872612,-74.9605738926864,-74.9605738926864
311.76000872612,-74.95837527972621,-74.95837527972621
311.77000872612,-74.9561798649114,-74.9561798649114
311.78000872612,-74.95398785913552,-74.95398785913552
311.79000872612,-74.95179947028538,-74.95179947028538
311.80000872612,-74.94961490330056,-74.94961490330056
311.81000872612,-74.94743436021899,-74.94743436021899
311.82000872612,-74.94525804022217,-74.94525804022217
311.83000872612,-74.9430861396969,-74.9430861396969
311.84000872612,-74.94091885223943,-74.94091885223943
311.85000872612,-74.93875636870158,-74.93875636870158
311.86000872612,-74.93659887722052,-74.93659887722052
311.87000872612,-74.93444656324928,-74.93444656324928
311.88000872611997,-74.93229960957405,-74.93229960957405
311.89000872612,-74.93015819632564,-74.93015819632564
311.90000872612,-74.92802250101991,-74.92802250101991
311.91000872612,-74.92589269855836,-74.92589269855836
311.92000872612,-74.92376896127536,-74.92376896127536
311.93000872612,-74.92165145892692,-74.92165145892692
311.94000872611997,-74.91954035871998,-74.91954035871998
311.95000874996185,-74.91743582031523,-74.91743582031523
311.96000874996184,-74.91533149028173,-74.91533149028173
311.97000874996183,-74.91322467292412,-74.91322467292412
311.9800087499618,-74.91111414340904,-74.91111414340904
311.9900087499619,-74.9089993538577,-74.9089993538577
312.00000874996186,-74.90688013232374,-74.90688013232374
312.01000874996186,-74.90475652650056,-74.90475652650056
312.02000874996185,-74.90262871200028,-74.90262871200028
312.03000874996184,-74.90049693732472,-74.90049693732472
312.0400087499618,-74.89836149069576,-74.89836149069576
312.0500087499619,-74.89622268024085,-74.89622268024085
312.06000874996187,-74.89408082212326,-74.89408082212326
312.07000874996186,-74.8919362336483,-74.8919362336483
312.08000874996185,-74.88978922927342,-74.88978922927342
312.09000874996184,-74.8876401184836,-74.8876401184836
312.10000874996183,-74.88548920472343,-74.88548920472343
312.1100087499619,-74.88333678500496,-74.88333678500496
312.12000874996187,-74.88118314986117,-74.88118314986117
312.13000874996186,-74.87902858354943,-74.87902858354943
312.14000874996185,-74.87687336433311,-74.87687336433311
312.15000874996184,-74.87471776480714,-74.87471776480714
312.16000874996183,-74.87256205223984,-74.87256205223984
312.1700087499619,-74.87040648889982,-74.87040648889982
312.18000874996187,-74.86825133235537,-74.86825133235537
312.19000874996186,-74.86609683573346,-74.86609683573346
312.20000874996185,-74.86394324798532,-74.86394324798532
312.21000874996184,-74.86179081406468,-74.86179081406468
312.22000874996183,-74.85963977514187,-74.85963977514187
312.2300087499618,-74.85749036873601,-74.85749036873601
312.2400087499619,-74.85534282887411,-74.85534282887411
312.25000874996186,-74.85319738619627,-74.85319738619627
312.26000874996186,-74.85105426806787,-74.85105426806787
312.27000874996185,-74.84891369864121,-74.84891369864121
312.28000874996184,-74.84677589896887,-74.84677589896887
312.2900087499618,-74.84464108702694,-74.84464108702694
312.3000087499619,-74.8425094778121,-74.8425094778121
312.31000874996187,-74.84038128336131,-74.84038128336131
312.32000874996186,-74.83825671279882,-74.83825671279882
312.33000874996185,-74.83613597237807,-74.83613597237807
312.34000874996184,-74.83401926551355,-74.83401926551355
312.35000874996183,-74.83190679281616,-74.83190679281616
312.3600087499619,-74.82979875209091,-74.82979875209091
312.37000874996187,-74.82769533840583,-74.82769533840583
312.38000874996186,-74.82559674406826,-74.82559674406826
312.39000874996185,-74.8235031586767,-74.8235031586767
312.40000874996184,-74.82141476912409,-74.82141476912409
312.41000874996183,-74.81933175961316,-74.81933175961316
312.4200087499619,-74.8172543116896,-74.8172543116896
312.43000874996187,-74.81518260424284,-74.81518260424284
312.44000874996186,-74.81311681353255,-74.81311681353255
312.45000874996185,-74.81105711318976,-74.81105711318976
312.46000874996184,-74.80900367424495,-74.80900367424495
312.47000874996183,-74.80695666514531,-74.80695666514531
312.4800087499618,-74.80491625176927,-74.80491625176927
312.4900087499619,-74.80288259742751,-74.80288259742751
312.50000874996186,-74.80085586289735,-74.80085586289735
312.51000874996186,-74.79883620643649,-74.79883620643649
312.52000874996185,-74.79682378377446,-74.79682378377446
312.53000874996184,-74.79481874818072,-74.79481874818072
312.5400087499618,-74.79282125042619,-74.79282125042619
312.5500087499619,-74.79083143883577,-74.79083143883577
312.56000874996187,-74.78884945928779,-74.78884945928779
312.57000874996186,-74.78687545524981,-74.78687545524981
312.58000874996185,-74.7849095677728,-74.7849095677728
312.59000874996184,-74.78295193553278,-74.78295193553278
312.60000874996183,-74.78100269482854,-74.78100269482854
312.6100087499619,-74.7790619796149,-74.7790619796149
312.62000874996187,-74.7771299215311,-74.7771299215311
312.63000874996186,-74.77520664989108,-74.77520664989108
312.64000874996185,-74.77329229171687,-74.77329229171687
312.65000874996184,-74.77138697177736,-74.77138697177736
312.66000874996183,-74.7694908125837,-74.7694908125837
312.6700087499619,-74.76760393440553,-74.76760393440553
312.68000874996187,-74.76572645532853,-74.76572645532853
312.69000874996186,-74.76385849122163,-74.76385849122163
312.70000874996185,-74.76200015580316,-74.76200015580316
312.71000874996184,-74.76015156064152,-74.76015156064152
312.72000874996183,-74.75831281518629,-74.75831281518629
312.7300087499618,-74.75648402676713,-74.75648402676713
312.7400087499619,-74.7546653006492,-74.7546653006492
312.75000874996186,-74.75285674001913,-74.75285674001913
312.76000874996186,-74.75105844603377,-74.75105844603377
312.77000874996185,-74.74927051781766,-74.74927051781766
312.78000874996184,-74.74749305251473,-74.74749305251473
312.7900087499618,-74.74572614528628,-74.74572614528628
312.8000087738037,-74.74396988515758,-74.74396988515758
312.8100087738037,-74.74222437179668,-74.74222437179668
312.8200087738037,-74.74048969034855,-74.74048969034855
312.8300087738037,-74.73876592828633,-74.73876592828633
312.84000877380373,-74.73705317121886,-74.73705317121886
312.8500087738037,-74.73535150290053,-74.73535150290053
312.8600087738037,-74.73366100527022,-74.73366100527022
312.8700087738037,-74.7319817584578,-74.7319817584578
312.8800087738037,-74.7303138408069,-74.7303138408069
312.8900087738037,-74.72865732891029,-74.72865732891029
312.90000877380373,-74.7270122976105,-74.7270122976105
312.9100087738037,-74.72537882004579,-74.72537882004579
312.9200087738037,-74.72375696763152,-74.72375696763152
312.9300087738037,-74.72214681014022,-74.72214681014022
312.9400087738037,-74.72054841566462,-74.72054841566462
312.9500087738037,-74.7189618506725,-74.7189618506725
312.96000877380374,-74.71738718001839,-74.71738718001839
312.9700087738037,-74.7158244669545,-74.7158244669545
312.9800087738037,-74.71427377316908,-74.71427377316908
312.9900087738037,-74.71273515879479,-74.71273515879479
313.0000087738037,-74.71120868243075,-74.71120868243075
313.0100087738037,-74.70969440116009,-74.70969440116009
313.02000877380374,-74.7081923705879,-74.7081923705879
313.03000877380373,-74.7067026448252,-74.7067026448252
313.0400087738037,-74.70522527653586,-74.70522527653586
313.0500087738037,-74.70376031696848,-74.70376031696848
313.0600087738037,-74.70230781593177,-74.70230781593177
313.0700087738037,-74.70086782185098,-74.70086782185098
313.0800087738037,-74.69944038177523,-74.69944038177523
313.09000877380373,-74.69802554138833,-74.69802554138833
313.1000087738037,-74.69662334504805,-74.69662334504805
313.1100087738037,-74.695233835774,-74.695233835774
313.1200087738037,-74.69385705529709,-74.69385705529709
313.1300087738037,-74.69249304405697,-74.69249304405697
313.1400087738037,-74.69114184122505,-74.69114184122505
313.15000877380373,-74.68980348472797,-74.68980348472797
313.1600087738037,-74.688478011262,-74.688478011262
313.1700087738037,-74.68716545630444,-74.68716545630444
313.1800087738037,-74.68586585414646,-74.68586585414646
313.1900087738037,-74.684579237889,-74.684579237889
313.2000087738037,-74.6833056394706,-74.6833056394706
313.21000877380374,-74.68204508968813,-74.68204508968813
313.2200087738037,-74.68079761820849,-74.68079761820849
313.2300087738037,-74.67956325358021,-74.67956325358021
313.2400087738037,-74.67834202327015,-74.67834202327015
313.2500087738037,-74.67713395365071,-74.67713395365071
313.2600087738037,-74.67593907003065,-74.67593907003065
313.27000877380374,-74.6747573966642,-74.6747573966642
313.28000877380373,-74.67358895677809,-74.67358895677809
313.2900087738037,-74.67243377259338,-74.67243377259338
313.3000087738037,-74.67129186529947,-74.67129186529947
313.3100087738037,-74.67016325511464,-74.67016325511464
313.3200087738037,-74.66904796129013,-74.66904796129013
313.3300087738037,-74.66794600208728,-74.66794600208728
313.34000877380373,-74.66685739486121,-74.66685739486121
313.3500087738037,-74.6657821560123,-74.6657821560123
313.3600087738037,-74.66472030102265,-74.66472030102265
313.3700087738037,-74.6636718444958,-74.6636718444958
313.3800087738037,-74.66263680010732,-74.66263680010732
313.3900087738037,-74.66161518068958,-74.66161518068958
313.40000877380373,-74.66060699820108,-74.66060699820108
313.4100087738037,-74.65961226375703,-74.65961226375703
313.4200087738037,-74.65863098762155,-74.65863098762155
313.4300087738037,-74.65766317924589,-74.65766317924589
313.4400087738037,-74.6567088472771,-74.6567088472771
313.4500087738037,-74.65576799955959,-74.65576799955959
313.46000877380374,-74.65484064314073,-74.65484064314073
313.4700087738037,-74.6539267843159,-74.6539267843159
313.4800087738037,-74.65302642860702,-74.65302642860702
313.4900087738037,-74.65213958078014,-74.65213958078014
313.5000087738037,-74.65126624487486,-74.65126624487486
313.5100087738037,-74.65040642420628,-74.65040642420628
313.52000877380374,-74.64956012136865,-74.64956012136865
313.53000877380373,-74.64872733825771,-74.64872733825771
313.5400087738037,-74.64790807606673,-74.64790807606673
313.5500087738037,-74.64710233532169,-74.64710233532169
313.5600087738037,-74.64631011587689,-74.64631011587689
313.5700087738037,-74.64553141692309,-74.64553141692309
313.5800087738037,-74.6447662370052,-74.6447662370052
313.59000877380373,-74.64401457402273,-74.64401457402273
313.6000087738037,-74.6432764252574,-74.6432764252574
313.6100087738037,-74.64255178736751,-74.64255178736751
313.6200087738037,-74.64184065640556,-74.64184065640556
313.6300087738037,-74.64114302782151,-74.64114302782151
313.6400087738037,-74.64045889648798,-74.64045889648798
313.65000879764557,-74.63978825510155,-74.63978825510155
313.66000879764556,-74.6391311006097,-74.6391311006097
313.67000879764555,-74.63848742451894,-74.63848742451894
313.68000879764554,-74.63785721944848,-74.63785721944848
313.6900087976456,-74.63724047746133,-74.63724047746133
313.7000087976456,-74.63663719010061,-74.63663719010061
313.71000879764557,-74.63604734838101,-74.63604734838101
313.72000879764556,-74.63547094280145,-74.63547094280145
313.73000879764555,-74.63490796334355,-74.63490796334355
313.74000879764554,-74.63435839951103,-74.63435839951103
313.7500087976456,-74.6338222403026,-74.6338222403026
313.7600087976456,-74.63329947424512,-74.63329947424512
313.7700087976456,-74.632790089393,-74.632790089393
313.78000879764556,-74.63229407333182,-74.63229407333182
313.79000879764556,-74.63181141319356,-74.63181141319356
313.80000879764555,-74.63134209565324,-74.63134209565324
313.8100087976456,-74.63088610695158,-74.63088610695158
313.8200087976456,-74.6304434329006,-74.6304434329006
313.8300087976456,-74.63001405887604,-74.63001405887604
313.84000879764557,-74.62959796984481,-74.62959796984481
313.85000879764556,-74.62919515035723,-74.62919515035723
313.86000879764555,-74.62880558455456,-74.62880558455456
313.8700087976456,-74.62842925618664,-74.62842925618664
313.8800087976456,-74.62806614861563,-74.62806614861563
313.8900087976456,-74.627716244816,-74.627716244816
313.90000879764557,-74.62737952738512,-74.62737952738512
313.91000879764556,-74.62705597855407,-74.62705597855407
313.92000879764555,-74.626745580187,-74.626745580187
313.93000879764554,-74.6264483137901,-74.6264483137901
313.9400087976456,-74.62616416052528,-74.62616416052528
313.9500087976456,-74.6258931012094,-74.6258931012094
313.96000879764557,-74.62563511631433,-74.62563511631433
313.97000879764556,-74.62539018598586,-74.62539018598586
313.98000879764555,-74.62515829004774,-74.62515829004774
313.99000879764554,-74.62493940799604,-74.62493940799604
314.0000087976456,-74.6247335190173,-74.6247335190173
314.0100087976456,-74.62454060199633,-74.62454060199633
314.0200087976456,-74.62436063550679,-74.62436063550679
314.03000879764556,-74.62419359781971,-74.62419359781971
314.04000879764556,-74.6240394669343,-74.6240394669343
314.05000879764555,-74.62389822054828,-74.62389822054828
314.0600087976456,-74.62376983608749,-74.62376983608749
314.0700087976456,-74.62365429069509,-74.62365429069509
314.0800087976456,-74.62355156125058,-74.62355156125058
314.09000879764557,-74.6234616243745,-74.6234616243745
314.10000879764556,-74.62338445641319,-74.62338445641319
314.11000879764555,-74.62332003346987,-74.62332003346987
314.1200087976456,-74.62326833139642,-74.62326833139642
314.1300087976456,-74.62322932579937,-74.62322932579937
314.1400087976456,-74.62320299204994,-74.62320299204994
314.15000879764557,-74.62318930526926,-74.62318930526926
314.16000879764556,-74.62318824037007,-74.62318824037007
314.17000879764555,-74.6231997720192,-74.6231997720192
314.18000879764554,-74.62322387468069,-74.62322387468069
314.1900087976456,-74.62326052258572,-74.62326052258572
314.2000087976456,-74.62330968976892,-74.62330968976892
314.21000879764557,-74.6233713500421,-74.6233713500421
314.22000879764556,-74.62344547702143,-74.62344547702143
314.23000879764555,-74.62353204412504,-74.62353204412504
314.24000879764554,-74.6236310245694,-74.6236310245694
314.2500087976456,-74.62374239138666,-74.62374239138666
314.2600087976456,-74.62386611742134,-74.62386611742134
314.2700087976456,-74.62400217532672,-74.62400217532672
314.28000879764556,-74.62415053759392,-74.62415053759392
314.29000879764556,-74.62431117651042,-74.62431117651042
314.30000879764555,-74.6244840642248,-74.6244840642248
314.3100087976456,-74.62466917269875,-74.62466917269875
314.3200087976456,-74.62486647373152,-74.62486647373152
314.3300087976456,-74.62507593897185,-74.62507593897185
314.34000879764557,-74.62529753990101,-74.62529753990101
314.35000879764556,-74.62553124785309,-74.62553124785309
314.36000879764555,-74.62577703401162,-74.62577703401162
314.3700087976456,-74.6260348694125,-74.6260348694125
314.3800087976456,-74.62630472493987,-74.62630472493987
314.3900087976456,-74.62658657136159,-74.62658657136159
314.40000879764557,-74.62688037929415,-74.62688037929415
314.41000879764556,-74.62718611922433,-74.62718611922433
314.42000879764555,-74.62750376150416,-74.62750376150416
314.43000879764554,-74.62783327635344,-74.62783327635344
314.4400087976456,-74.62817463389906,-74.62817463389906
314.4500087976456,-74.62852780411697,-74.62852780411697
314.46000879764557,-74.62889275687809,-74.62889275687809
314.47000879764556,-74.6292694619365,-74.6292694619365
314.48000879764555,-74.62965788893068,-74.62965788893068
314.49000879764554,-74.63005800740571,-74.63005800740571
314.5000088214874,-74.63046978776595,-74.63046978776595
314.5100088214874,-74.63089319741991,-74.63089319741991
314.5200088214874,-74.6313282065269,-74.6313282065269
314.5300088214874,-74.63177478422256,-74.63177478422256
314.54000882148745,-74.63223289953949,-74.63223289953949
314.55000882148744,-74.6327025214232,-74.6327025214232
314.56000882148743,-74.6331836187343,-74.6331836187343
314.5700088214874,-74.63367616024057,-74.63367616024057
314.5800088214874,-74.6341801146206,-74.6341801146206
314.5900088214874,-74.63469545047742,-74.63469545047742
314.60000882148745,-74.63522213633836,-74.63522213633836
314.61000882148744,-74.63576014064846,-74.63576014064846
314.62000882148743,-74.63630943178039,-74.63630943178039
314.6300088214874,-74.63686997803289,-74.63686997803289
314.6400088214874,-74.63744174764172,-74.63744174764172
314.6500088214874,-74.63802470877087,-74.63802470877087
314.66000882148745,-74.63861882951208,-74.63861882951208
314.67000882148744,-74.63922407790892,-74.63922407790892
314.68000882148743,-74.63984042194052,-74.63984042194052
314.6900088214874,-74.64046782951854,-74.64046782951854
314.7000088214874,-74.64110626849377,-74.64110626849377
314.7100088214874,-74.6417557066978,-74.6417557066978
314.72000882148745,-74.64241611186631,-74.64241611186631
314.73000882148744,-74.64308745171313,-74.64308745171313
314.74000882148744,-74.64376969390128,-74.64376969390128
314.7500088214874,-74.6444628060285,-74.6444628060285
314.7600088214874,-74.64516675567103,-74.64516675567103
314.7700088214874,-74.64588151035198,-74.64588151035198
314.7800088214874,-74.64660703755422,-74.64660703755422
314.79000882148745,-74.64734330472413,-74.64734330472413
314.80000882148744,-74.64809027927323,-74.64809027927323
314.81000882148743,-74.64884792858301,-74.64884792858301
314.8200088214874,-74.6496162199895,-74.6496162199895
314.8300088214874,-74.65039512080894,-74.65039512080894
314.8400088214874,-74.65118459831143,-74.65118459831143
314.85000882148745,-74.65198461976682,-74.65198461976682
314.86000882148744,-74.65279515239756,-74.65279515239756
314.87000882148743,-74.65361616341191,-74.65361616341191
314.8800088214874,-74.65444761998559,-74.65444761998559
314.8900088214874,-74.65528948928423,-74.65528948928423
314.9000088214874,-74.656141738451,-74.656141738451
314.91000882148745,-74.65700433460704,-74.65700433460704
314.92000882148744,-74.65787724485433,-74.65787724485433
314.93000882148743,-74.65876043629034,-74.65876043629034
314.9400088214874,-74.65965387599698,-74.65965387599698
314.9500088214874,-74.6605575310381,-74.6605575310381
314.9600088214874,-74.66147136846966,-74.66147136846966
314.97000882148745,-74.6623953553428,-74.6623953553428
314.98000882148744,-74.66332945869625,-74.66332945869625
314.99000882148744,-74.66427364557221,-74.66427364557221
315.0000088214874,-74.66522788299216,-74.66522788299216
315.0100088214874,-74.66619213798008,-74.66619213798008
315.0200088214874,-74.66716637756642,-74.66716637756642
315.0300088214874,-74.66815056876894,-74.66815056876894
315.04000882148745,-74.66914467861841,-74.66914467861841
315.05000882148744,-74.67014867413178,-74.67014867413178
315.06000882148743,-74.6711625223519,-74.6711625223519
315.0700088214874,-74.67218619029377,-74.67218619029377
315.0800088214874,-74.67321964501626,-74.67321964501626
315.0900088214874,-74.67426285355357,-74.67426285355357
315.10000882148745,-74.6753157829523,-74.6753157829523
315.11000882148744,-74.67637840028377,-74.67637840028377
315.12000882148743,-74.67745067261717,-74.67745067261717
315.1300088214874,-74.67853256703509,-74.67853256703509
315.1400088214874,-74.67962405064544,-74.67962405064544
315.1500088214874,-74.68072509054826,-74.68072509054826
315.16000882148745,-74.68183565386953,-74.68183565386953
315.17000882148744,-74.6829557077435,-74.6829557077435
315.18000882148743,-74.68408521933726,-74.68408521933726
315.1900088214874,-74.68522415581461,-74.68522415581461
315.2000088214874,-74.68637248437636,-74.68637248437636
315.2100088214874,-74.68753017223213,-74.68753017223213
315.22000882148745,-74.68869718661617,-74.68869718661617
315.23000882148744,-74.6898734947831,-74.6898734947831
315.24000882148744,-74.69105906400665,-74.69105906400665
315.2500088214874,-74.69225386159536,-74.69225386159536
315.2600088214874,-74.69345785486574,-74.69345785486574
315.2700088214874,-74.6946710111785,-74.6946710111785
315.2800088214874,-74.69589329790188,-74.69589329790188
315.29000882148745,-74.6971246824475,-74.6971246824475
315.30000882148744,-74.69836513223972,-74.69836513223972
315.31000882148743,-74.69961461474324,-74.69961461474324
315.3200088214874,-74.70087309745814,-74.70087309745814
315.3300088214874,-74.70214054789504,-74.70214054789504
315.3400088214874,-74.70341693360545,-74.70341693360545
315.3500088453293,-74.704702225242,-74.704702225242
315.3600088453293,-74.70599638432371,-74.70599638432371
315.37000884532927,-74.70729938153185,-74.70729938153185
315.38000884532926,-74.70861118455109,-74.70861118455109
315.3900088453293,-74.70993176110446,-74.70993176110446
315.4000088453293,-74.71126107894997,-74.71126107894997
315.4100088453293,-74.71259910587959,-74.71259910587959
315.4200088453293,-74.71394580972446,-74.71394580972446
315.43000884532927,-74.71530115835415,-74.71530115835415
315.44000884532926,-74.71666511966815,-74.71666511966815
315.4500088453293,-74.71803766162007,-74.71803766162007
315.4600088453293,-74.71941875219473,-74.71941875219473
315.4700088453293,-74.72080835942255,-74.72080835942255
315.4800088453293,-74.72220645137024,-74.72220645137024
315.49000884532927,-74.72361299614329,-74.72361299614329
315.50000884532926,-74.72502796190147,-74.72502796190147
315.5100088453293,-74.72645131683176,-74.72645131683176
315.5200088453293,-74.72788302917922,-74.72788302917922
315.5300088453293,-74.7293230672317,-74.7293230672317
315.5400088453293,-74.73077139930582,-74.73077139930582
315.5500088453293,-74.7322279937945,-74.7322279937945
315.56000884532926,-74.73369281910331,-74.73369281910331
315.5700088453293,-74.73516584370502,-74.73516584370502
315.5800088453293,-74.73664703611361,-74.73664703611361
315.5900088453293,-74.73813636489041,-74.73813636489041
315.6000088453293,-74.73963379865211,-74.73963379865211
315.6100088453293,-74.74113930604562,-74.74113930604562
315.62000884532927,-74.74265285578579,-74.74265285578579
315.63000884532926,-74.7441744166272,-74.7441744166272
315.6400088453293,-74.74570395738348,-74.74570395738348
315.6500088453293,-74.74724144691284,-74.74724144691284
315.6600088453293,-74.74878685412291,-74.74878685412291
315.6700088453293,-74.75034014797177,-74.75034014797177
315.68000884532927,-74.75190129747524,-74.75190129747524
315.69000884532926,-74.75347027170056,-74.75347027170056
315.7000088453293,-74.7550470397645,-74.7550470397645
315.7100088453293,-74.75663157084139,-74.75663157084139
315.7200088453293,-74.7582238341566,-74.7582238341566
315.7300088453293,-74.75982379899149,-74.75982379899149
315.74000884532927,-74.76143143467992,-74.76143143467992
315.75000884532926,-74.76304671061136,-74.76304671061136
315.7600088453293,-74.76466959622901,-74.76466959622901
315.7700088453293,-74.76630006103605,-74.76630006103605
315.7800088453293,-74.76793807457993,-74.76793807457993
315.7900088453293,-74.76958360649073,-74.76958360649073
315.8000088453293,-74.77123662642818,-74.77123662642818
315.81000884532926,-74.7728971041198,-74.7728971041198
315.8200088453293,-74.77456500935575,-74.77456500935575
315.8300088453293,-74.77624031197635,-74.77624031197635
315.8400088453293,-74.77792298187651,-74.77792298187651
315.8500088453293,-74.7796129890224,-74.7796129890224
315.8600088453293,-74.78131030342907,-74.78131030342907
315.87000884532927,-74.78301489517315,-74.78301489517315
315.88000884532926,-74.78472673439566,-74.78472673439566
315.8900088453293,-74.78644579129364,-74.78644579129364
315.9000088453293,-74.78817203611807,-74.78817203611807
315.9100088453293,-74.7899054391793,-74.7899054391793
315.9200088453293,-74.79164597087416,-74.79164597087416
315.93000884532927,-74.79339360162793,-74.79339360162793
315.94000884532926,-74.79514830193636,-74.79514830193636
315.9500088453293,-74.7969100423697,-74.7969100423697
315.9600088453293,-74.79867879354308,-74.79867879354308
315.9700088453293,-74.80045452614824,-74.80045452614824
315.9800088453293,-74.80223721092149,-74.80223721092149
315.99000884532927,-74.80402681868048,-74.80402681868048
316.00000884532926,-74.80582332029549,-74.80582332029549
316.0100088453293,-74.80762668669676,-74.80762668669676
316.0200088453293,-74.80943688887685,-74.80943688887685
316.0300088453293,-74.81125389791224,-74.81125389791224
316.0400088453293,-74.81307768490767,-74.81307768490767
316.0500088453293,-74.81490822106898,-74.81490822106898
316.06000884532926,-74.81674547763423,-74.81674547763423
316.0700088453293,-74.81858942592244,-74.81858942592244
316.0800088453293,-74.82044003731251,-74.82044003731251
316.0900088453293,-74.8222972832446,-74.8222972832446
316.1000088453293,-74.82416113523313,-74.82416113523313
316.1100088453293,-74.82603156485202,-74.82603156485202
316.12000884532927,-74.82790854374224,-74.82790854374224
316.13000884532926,-74.82979204359827,-74.82979204359827
316.1400088453293,-74.83168203619424,-74.83168203619424
316.1500088453293,-74.83357849336342,-74.83357849336342
316.1600088453293,-74.83548138700641,-74.83548138700641
316.1700088453293,-74.83739068908943,-74.83739068908943
316.18000884532927,-74.8393063716427,-74.8393063716427
316.19000884532926,-74.84122840676658,-74.84122840676658
316.20000886917114,-74.84315677121491,-74.84315677121491
316.21000886917113,-74.84509142805878,-74.84509142805878
316.2200088691711,-74.84703235415071,-74.84703235415071
316.2300088691711,-74.84897952185707,-74.84897952185707
316.24000886917116,-74.85093290361465,-74.85093290361465
316.25000886917115,-74.85289247191908,-74.85289247191908
316.26000886917114,-74.85485819933162,-74.85485819933162
316.27000886917114,-74.85683005848655,-74.85683005848655
316.2800088691711,-74.85880802207076,-74.85880802207076
316.2900088691711,-74.86079206286465,-74.86079206286465
316.30000886917117,-74.86278215369109,-74.86278215369109
316.31000886917116,-74.86477826744269,-74.86477826744269
316.32000886917115,-74.86678037709535,-74.86678037709535
316.33000886917114,-74.86878845567972,-74.86878845567972
316.34000886917113,-74.87080247629744,-74.87080247629744
316.3500088691711,-74.8728224121161,-74.8728224121161
316.36000886917117,-74.87484823637074,-74.87484823637074
316.37000886917116,-74.87687992237373,-74.87687992237373
316.38000886917115,-74.87891744349413,-74.87891744349413
316.39000886917114,-74.8809607731671,-74.8809607731671
316.40000886917113,-74.88300988490495,-74.88300988490495
316.4100088691711,-74.88506475229157,-74.88506475229157
316.42000886917117,-74.88712534896212,-74.88712534896212
316.43000886917116,-74.88919164863906,-74.88919164863906
316.44000886917115,-74.89126362509869,-74.89126362509869
316.45000886917114,-74.89334125218608,-74.89334125218608
316.46000886917113,-74.89541796648186,-74.89541796648186
316.4700088691711,-74.8974908762867,-74.8974908762867
316.4800088691711,-74.89955855761944,-74.89955855761944
316.49000886917116,-74.90162026588604,-74.90162026588604
316.50000886917115,-74.90367563509258,-74.90367563509258
316.51000886917114,-74.90572452172076,-74.90572452172076
316.52000886917114,-74.90776691318823,-74.90776691318823
316.5300088691711,-74.9098028728949,-74.9098028728949
316.5400088691711,-74.91183250719418,-74.91183250719418
316.55000886917117,-74.913855945509,-74.913855945509
316.56000886917116,-74.91587332855778,-74.91587332855778
316.57000886917115,-74.9178848013347,-74.9178848013347
316.58000886917114,-74.91989050915112,-74.91989050915112
316.59000886917113,-74.92189059542635,-74.92189059542635
316.6000088691711,-74.92388520056936,-74.92388520056936
316.61000886917117,-74.92587446153436,-74.92587446153436
316.62000886917116,-74.9278585117015,-74.9278585117015
316.63000886917115,-74.9298374810491,-74.9298374810491
316.64000886917114,-74.93181149634887,-74.93181149634887
316.65000886917113,-74.93378068147089,-74.93378068147089
316.6600088691711,-74.93574515764654,-74.93574515764654
316.67000886917117,-74.93770504376906,-74.93770504376906
316.68000886917116,-74.93966045663107,-74.93966045663107
316.69000886917115,-74.94161151113917,-74.94161151113917
316.70000886917114,-74.94355832052602,-74.94355832052602
316.71000886917113,-74.94550099652521,-74.94550099652521
316.7200088691711,-74.94743964949693,-74.94743964949693
316.7300088691711,-74.94937438855536,-74.94937438855536
316.74000886917116,-74.95130532167603,-74.95130532167603
316.75000886917115,-74.95323255576231,-74.95323255576231
316.76000886917114,-74.95515619672386,-74.95515619672386
316.77000886917114,-74.95707634953845,-74.95707634953845
316.7800088691711,-74.9589931182588,-74.9589931182588
316.7900088691711,-74.96090660608874,-74.96090660608874
316.80000886917117,-74.96281691537142,-74.96281691537142
316.81000886917116,-74.96472414762387,-74.96472414762387
316.82000886917115,-74.9666284035537,-74.9666284035537
316.83000886917114,-74.96852978305806,-74.96852978305806
316.84000886917113,-74.97042838521722,-74.97042838521722
316.8500088691711,-74.97232430832219,-74.97232430832219
316.86000886917117,-74.97421764984722,-74.97421764984722
316.87000886917116,-74.97610850644617,-74.97610850644617
316.88000886917115,-74.97799697397625,-74.97799697397625
316.89000886917114,-74.97988314745658,-74.97988314745658
316.90000886917113,-74.98176712106743,-74.98176712106743
316.9100088691711,-74.98364898816311,-74.98364898816311
316.92000886917117,-74.9855288412407,-74.9855288412407
316.93000886917116,-74.98740677194198,-74.98740677194198
316.94000886917115,-74.98928287103493,-74.98928287103493
316.95000886917114,-74.99115722841319,-74.99115722841319
316.96000886917113,-74.99302993308797,-74.99302993308797
316.9700088691711,-74.99490107317952,-74.99490107317952
316.9800088691711,-74.99677073589858,-74.99677073589858
316.99000886917116,-74.99863900754615,-74.99863900754615
317.00000886917115,-75.00050597351412,-75.00050597351412
317.01000886917114,-75.00237171826225,-75.00237171826225
317.02000886917114,-75.00423632531775,-75.00423632531775
317.0300088691711,-75.00609987727361,-75.00609987727361
317.0400088691711,-75.0079624557819,-75.0079624557819
317.050008893013,-75.00982414598359,-75.00982414598359
317.060008893013,-75.0116850187644,-75.0116850187644
317.070008893013,-75.01354515735933,-75.01354515735933
317.080008893013,-75.01540463959994,-75.01540463959994
317.090008893013,-75.0172635423691,-75.0172635423691
317.100008893013,-75.01912194157894,-75.01912194157894
317.110008893013,-75.02097991218794,-75.02097991218794
317.120008893013,-75.0228375281764,-75.0228375281764
317.130008893013,-75.0246948625621,-75.0246948625621
317.140008893013,-75.02655198739174,-75.02655198739174
317.150008893013,-75.02840897376304,-75.02840897376304
317.160008893013,-75.03026589177676,-75.03026589177676
317.170008893013,-75.03212281059243,-75.03212281059243
317.180008893013,-75.03397979840616,-75.03397979840616
317.190008893013,-75.03583692244698,-75.03583692244698
317.200008893013,-75.03769424898015,-75.03769424898015
317.210008893013,-75.03955184332233,-75.03955184332233
317.220008893013,-75.04140976983882,-75.04140976983882
317.230008893013,-75.04326809193425,-75.04326809193425
317.240008893013,-75.04512687208624,-75.04512687208624
317.250008893013,-75.04698617181432,-75.04698617181432
317.260008893013,-75.048846051706,-75.048846051706
317.270008893013,-75.05070657141495,-75.05070657141495
317.280008893013,-75.05256778967527,-75.05256778967527
317.290008893013,-75.0544297642902,-75.0544297642902
317.300008893013,-75.05629255215197,-75.05629255215197
317.310008893013,-75.05815620924224,-75.05815620924224
317.320008893013,-75.06002079062318,-75.06002079062318
317.330008893013,-75.06188635048136,-75.06188635048136
317.340008893013,-75.06375294209147,-75.06375294209147
317.350008893013,-75.06562061785552,-75.06562061785552
317.360008893013,-75.06748942928104,-75.06748942928104
317.370008893013,-75.06935942701155,-75.06935942701155
317.380008893013,-75.0712306608273,-75.0712306608273
317.390008893013,-75.07310317964841,-75.07310317964841
317.400008893013,-75.07497703153369,-75.07497703153369
317.410008893013,-75.0768522637057,-75.0768522637057
317.420008893013,-75.07872892255203,-75.07872892255203
317.430008893013,-75.08060705363224,-75.08060705363224
317.440008893013,-75.08248670167401,-75.08248670167401
317.450008893013,-75.08436791060336,-75.08436791060336
317.460008893013,-75.08625072352271,-75.08625072352271
317.470008893013,-75.08813518275524,-75.08813518275524
317.480008893013,-75.09002132982394,-75.09002132982394
317.490008893013,-75.09190920546398,-75.09190920546398
317.500008893013,-75.09379884965294,-75.09379884965294
317.510008893013,-75.09569030158119,-75.09569030158119
317.520008893013,-75.09758359969767,-75.09758359969767
317.530008893013,-75.09947878168775,-75.09947878168775
317.540008893013,-75.10137588450029,-75.10137588450029
317.550008893013,-75.10327494435302,-75.10327494435302
317.560008893013,-75.1051759967227,-75.1051759967227
317.570008893013,-75.10707907638842,-75.10707907638842
317.580008893013,-75.1089842174038,-75.1089842174038
317.590008893013,-75.11089145313,-75.11089145313
317.600008893013,-75.11280081623306,-75.11280081623306
317.610008893013,-75.1147123386823,-75.1147123386823
317.620008893013,-75.1166260517908,-75.1166260517908
317.630008893013,-75.11854198617732,-75.11854198617732
317.640008893013,-75.12046017181757,-75.12046017181757
317.650008893013,-75.1223806380341,-75.1223806380341
317.660008893013,-75.12430341348049,-75.12430341348049
317.670008893013,-75.1262285262049,-75.1262285262049
317.680008893013,-75.12815600359771,-75.12815600359771
317.690008893013,-75.13008587244897,-75.13008587244897
317.700008893013,-75.13201815892896,-75.13201815892896
317.710008893013,-75.13395288859027,-75.13395288859027
317.720008893013,-75.13589008640623,-75.13589008640623
317.730008893013,-75.13782977673506,-75.13782977673506
317.740008893013,-75.13977198338108,-75.13977198338108
317.750008893013,-75.1417167295552,-75.1417167295552
317.760008893013,-75.14366403790048,-75.14366403790048
317.770008893013,-75.1456139305063,-75.1456139305063
317.780008893013,-75.1475664289026,-75.1475664289026
317.790008893013,-75.1495215540744,-75.1495215540744
317.800008893013,-75.15147932647383,-75.15147932647383
317.810008893013,-75.15343976602018,-75.15343976602018
317.820008893013,-75.15540289210996,-75.15540289210996
317.830008893013,-75.15736872362243,-75.15736872362243
317.840008893013,-75.15933727892131,-75.15933727892131
317.850008893013,-75.16130857587369,-75.16130857587369
317.860008893013,-75.16328263186051,-75.16328263186051
317.870008893013,-75.16525946375182,-75.16525946375182
317.880008893013,-75.16723908795785,-75.16723908795785
317.890008893013,-75.16922152039554,-75.16922152039554
317.90000891685486,-75.17120678125174,-75.17120678125174
317.91000891685485,-75.17319487608586,-75.17319487608586
317.92000891685484,-75.1751858241452,-75.1751858241452
317.93000891685483,-75.17717963952282,-75.17717963952282
317.9400089168549,-75.17917633587813,-75.17917633587813
317.95000891685487,-75.18117592641921,-75.18117592641921
317.96000891685486,-75.1831784239286,-75.1831784239286
317.97000891685485,-75.1851838407707,-75.1851838407707
317.98000891685484,-75.18719218889191,-75.18719218889191
317.99000891685483,-75.18920347982662,-75.18920347982662
318.0000089168549,-75.19121772470059,-75.19121772470059
318.0100089168549,-75.19323493424686,-75.19323493424686
318.02000891685486,-75.19525511880029,-75.19525511880029
318.03000891685485,-75.19727828830958,-75.19727828830958
318.04000891685484,-75.19930445234854,-75.19930445234854
318.05000891685484,-75.20133362010104,-75.20133362010104
318.0600089168549,-75.20336580039597,-75.20336580039597
318.0700089168549,-75.20540100169355,-75.20540100169355
318.08000891685487,-75.20743923208782,-75.20743923208782
318.09000891685486,-75.20948049932291,-75.20948049932291
318.10000891685485,-75.21152481079962,-75.21152481079962
318.11000891685484,-75.21357217356966,-75.21357217356966
318.1200089168549,-75.21562259434353,-75.21562259434353
318.1300089168549,-75.21767607951062,-75.21767607951062
318.14000891685487,-75.21973263513799,-75.21973263513799
318.15000891685486,-75.22179226694632,-75.22179226694632
318.16000891685485,-75.22385498034696,-75.22385498034696
318.17000891685484,-75.22592078045831,-75.22592078045831
318.18000891685483,-75.22798967207284,-75.22798967207284
318.1900089168549,-75.23006165967884,-75.23006165967884
318.20000891685487,-75.23213674748108,-75.23213674748108
318.21000891685486,-75.23421493937556,-75.23421493937556
318.22000891685485,-75.23629623897266,-75.23629623897266
318.23000891685484,-75.23838064960819,-75.23838064960819
318.24000891685483,-75.24046817432988,-75.24046817432988
318.2500089168549,-75.24255881590986,-75.24255881590986
318.2600089168549,-75.2446525768512,-75.2446525768512
318.27000891685486,-75.24674945938695,-75.24674945938695
318.28000891685485,-75.24884946550422,-75.24884946550422
318.29000891685484,-75.25095259691322,-75.25095259691322
318.30000891685484,-75.25305885507126,-75.25305885507126
318.3100089168549,-75.2551682411937,-75.2551682411937
318.3200089168549,-75.25728075625244,-75.25728075625244
318.33000891685487,-75.25939640096519,-75.25939640096519
318.34000891685486,-75.26151517582187,-75.26151517582187
318.35000891685485,-75.26363708107762,-75.26363708107762
318.36000891685484,-75.26576211675192,-75.26576211675192
318.3700089168549,-75.26789028263873,-75.26789028263873
318.3800089168549,-75.27002157832425,-75.27002157832425
318.39000891685487,-75.27215600315239,-75.27215600315239
318.40000891685486,-75.27429355626585,-75.27429355626585
318.41000891685485,-75.27643423658745,-75.27643423658745
318.42000891685484,-75.27857804284298,-75.27857804284298
318.43000891685483,-75.28072497355076,-75.28072497355076
318.4400089168549,-75.28287502701015,-75.28287502701015
318.45000891685487,-75.2850282013511,-75.2850282013511
318.46000891685486,-75.28717792163731,-75.28717792163731
318.47000891685485,-75.28932130296249,-75.28932130296249
318.48000891685484,-75.2914569353923,-75.2914569353923
318.49000891685483,-75.2935840915906,-75.2935840915906
318.5000089168549,-75.2957024245644,-75.2957024245644
318.5100089168549,-75.29781181071897,-75.29781181071897
318.52000891685486,-75.29991225790364,-75.29991225790364
318.53000891685485,-75.3020038502313,-75.3020038502313
318.54000891685484,-75.30408671486829,-75.30408671486829
318.55000891685484,-75.30616100209474,-75.30616100209474
318.5600089168549,-75.3082268734296,-75.3082268734296
318.5700089168549,-75.31028449463791,-75.31028449463791
318.58000891685487,-75.31233403169414,-75.31233403169414
318.59000891685486,-75.3143756485878,-75.3143756485878
318.60000891685485,-75.31640950619726,-75.31640950619726
318.61000891685484,-75.31843576181159,-75.31843576181159
318.6200089168549,-75.32045456903629,-75.32045456903629
318.6300089168549,-75.3224660779425,-75.3224660779425
318.64000891685487,-75.3244704352632,-75.3244704352632
318.65000891685486,-75.3264677846781,-75.3264677846781
318.66000891685485,-75.32845826712143,-75.32845826712143
318.67000891685484,-75.33044202102094,-75.33044202102094
318.68000891685483,-75.33241918255537,-75.33241918255537
318.6900089168549,-75.33438988589815,-75.33438988589815
318.70000891685487,-75.33635426339409,-75.33635426339409
318.71000891685486,-75.33831244573791,-75.33831244573791
318.72000891685485,-75.3402645620958,-75.3402645620958
318.73000891685484,-75.34221074024336,-75.34221074024336
318.74000891685483,-75.34415110667173,-75.34415110667173
318.7500089406967,-75.34608579125792,-75.34608579125792
318.7600089406967,-75.34801490888316,-75.34801490888316
318.7700089406967,-75.34993858719979,-75.34993858719979
318.7800089406967,-75.35185694818263,-75.35185694818263
318.79000894069674,-75.35377011276871,-75.35377011276871
318.8000089406967,-75.35567820092011,-75.35567820092011
318.8100089406967,-75.35758133160058,-75.35758133160058
318.8200089406967,-75.35947962280528,-75.35947962280528
318.8300089406967,-75.36137319158195,-75.36137319158195
318.8400089406967,-75.36326215401763,-75.36326215401763
318.85000894069674,-75.36514662522451,-75.36514662522451
318.86000894069673,-75.36702671938845,-75.36702671938845
318.8700089406967,-75.36890254971122,-75.36890254971122
318.8800089406967,-75.37077422842846,-75.37077422842846
318.8900089406967,-75.37264186682376,-75.37264186682376
318.9000089406967,-75.37450557517258,-75.37450557517258
318.91000894069674,-75.37636546277739,-75.37636546277739
318.92000894069673,-75.37822163794927,-75.37822163794927
318.9300089406967,-75.38007420799401,-75.38007420799401
318.9400089406967,-75.38192327918951,-75.38192327918951
318.9500089406967,-75.38376895681536,-75.38376895681536
318.9600089406967,-75.38561134510802,-75.38561134510802
318.97000894069674,-75.38745054727548,-75.38745054727548
318.98000894069673,-75.38928666548605,-75.38928666548605
318.9900089406967,-75.39111980084846,-75.39111980084846
319.0000089406967,-75.39295005342102,-75.39295005342102
319.0100089406967,-75.39477752220401,-75.39477752220401
319.0200089406967,-75.39660230512145,-75.39660230512145
319.0300089406967,-75.39842449903553,-75.39842449903553
319.04000894069674,-75.40024419971513,-75.40024419971513
319.0500089406967,-75.40206150185858,-75.40206150185858
319.0600089406967,-75.40387649908826,-75.40387649908826
319.0700089406967,-75.40568928393277,-75.40568928393277
319.0800089406967,-75.40749994782105,-75.40749994782105
319.0900089406967,-75.40930858110919,-75.40930858110919
319.10000894069674,-75.41111527304975,-75.41111527304975
319.11000894069673,-75.41292011181108,-75.41292011181108
319.1200089406967,-75.41472318446276,-75.41472318446276
319.1300089406967,-75.4165245769917,-75.4165245769917
319.1400089406967,-75.41832437428258,-75.41832437428258
319.1500089406967,-75.42012266013651,-75.42012266013651
319.16000894069674,-75.42191951726443,-75.42191951726443
319.17000894069673,-75.42371502730086,-75.42371502730086
319.1800089406967,-75.42550927078257,-75.42550927078257
319.1900089406967,-75.42730232718428,-75.42730232718428
319.2000089406967,-75.4290942748874,-75.4290942748874
319.2100089406967,-75.43088519120737,-75.43088519120737
319.22000894069674,-75.43267515239127,-75.43267515239127
319.23000894069673,-75.43446423363189,-75.43446423363189
319.2400089406967,-75.43625250905131,-75.43625250905131
319.2500089406967,-75.43804005171732,-75.43804005171732
319.2600089406967,-75.43982693365881,-75.43982693365881
319.2700089406967,-75.44161322585416,-75.44161322585416
319.2800089406967,-75.44339899825148,-75.44339899825148
319.29000894069674,-75.44518431975939,-75.44518431975939
319.3000089406967,-75.44696925827917,-75.44696925827917
319.3100089406967,-75.44875388067186,-75.44875388067186
319.3200089406967,-75.45053825281194,-75.45053825281194
319.3300089406967,-75.45232243955394,-75.45232243955394
319.3400089406967,-75.45410650476992,-75.45410650476992
319.35000894069674,-75.45589051133354,-75.45589051133354
319.36000894069673,-75.4576745211387,-75.4576745211387
319.3700089406967,-75.45945859511318,-75.45945859511318
319.3800089406967,-75.46124279321053,-75.46124279321053
319.3900089406967,-75.46302717444496,-75.46302717444496
319.4000089406967,-75.4648117968634,-75.4648117968634
319.41000894069674,-75.46659671757774,-75.46659671757774
319.42000894069673,-75.46838199277295,-75.46838199277295
319.4300089406967,-75.47016767770552,-75.47016767770552
319.4400089406967,-75.47195382671644,-75.47195382671644
319.4500089406967,-75.47374049324327,-75.47374049324327
319.4600089406967,-75.47552772983165,-75.47552772983165
319.47000894069674,-75.47731558812933,-75.47731558812933
319.48000894069673,-75.47910411890594,-75.47910411890594
319.4900089406967,-75.48089337205421,-75.48089337205421
319.5000089406967,-75.48268339662698,-75.48268339662698
319.5100089406967,-75.48447424079373,-75.48447424079373
319.5200089406967,-75.48626595189884,-75.48626595189884
319.5300089406967,-75.48805857644625,-75.48805857644625
319.54000894069674,-75.48985216011825,-75.48985216011825
319.5500089406967,-75.49164674776831,-75.49164674776831
319.5600089406967,-75.4934423834505,-75.4934423834505
319.5700089406967,-75.49523911041655,-75.49523911041655
319.5800089406967,-75.49703697113367,-75.49703697113367
319.5900089406967,-75.49883600727213,-75.49883600727213
319.6000089645386,-75.50063626402634,-75.50063626402634
319.61000896453857,-75.50243777298493,-75.50243777298493
319.62000896453856,-75.50424057780322,-75.50424057780322
319.63000896453855,-75.50604471712906,-75.50604471712906
319.6400089645386,-75.50785022886204,-75.50785022886204
319.6500089645386,-75.50965715018832,-75.50965715018832
319.6600089645386,-75.51146551755976,-75.51146551755976
319.67000896453857,-75.51327536672352,-75.51327536672352
319.68000896453856,-75.51508673272387,-75.51508673272387
319.69000896453855,-75.51689964991168,-75.51689964991168
319.7000089645386,-75.51871415195104,-75.51871415195104
319.7100089645386,-75.52053027184041,-75.52053027184041
319.7200089645386,-75.52234804189368,-75.52234804189368
319.73000896453857,-75.52416749377318,-75.52416749377318
319.74000896453856,-75.52598865848903,-75.52598865848903
319.75000896453855,-75.52781156641159,-75.52781156641159
319.7600089645386,-75.5296362472702,-75.5296362472702
319.7700089645386,-75.5314627301786,-75.5314627301786
319.7800089645386,-75.53329104361838,-75.53329104361838
319.7900089645386,-75.53512121547085,-75.53512121547085
319.80000896453856,-75.53695327302515,-75.53695327302515
319.81000896453855,-75.5387872429407,-75.5387872429407
319.8200089645386,-75.54062315132725,-75.54062315132725
319.8300089645386,-75.54246102370168,-75.54246102370168
319.8400089645386,-75.5443008850135,-75.5443008850135
319.8500089645386,-75.54614275963914,-75.54614275963914
319.86000896453857,-75.54798667140746,-75.54798667140746
319.87000896453856,-75.54983264360897,-75.54983264360897
319.88000896453855,-75.55168069897374,-75.55168069897374
319.8900089645386,-75.55353085971541,-75.55353085971541
319.9000089645386,-75.55538314750689,-75.55538314750689
319.9100089645386,-75.55723758351839,-75.55723758351839
319.92000896453857,-75.55909418839549,-75.55909418839549
319.93000896453856,-75.56095298229117,-75.56095298229117
319.94000896453855,-75.56281398485206,-75.56281398485206
319.9500089645386,-75.56467721523187,-75.56467721523187
319.9600089645386,-75.56654269211312,-75.56654269211312
319.9700089645386,-75.56841043368817,-75.56841043368817
319.98000896453857,-75.57028045768986,-75.57028045768986
319.99000896453856,-75.57215278139176,-75.57215278139176
320.00000896453855,-75.57402742160039,-75.57402742160039
320.0100089645386,-75.57590439465842,-75.57590439465842
320.0200089645386,-75.57778371650149,-75.57778371650149
320.0300089645386,-75.57966540259862,-75.57966540259862
320.0400089645386,-75.5815494679917,-75.5815494679917
320.05000896453856,-75.58343592731049,-75.58343592731049
320.06000896453855,-75.5853247947563,-75.5853247947563
320.0700089645386,-75.58721608411587,-75.58721608411587
320.0800089645386,-75.58910980877965,-75.58910980877965
320.0900089645386,-75.59100598172543,-75.59100598172543
320.1000089645386,-75.5929046155426,-75.5929046155426
320.11000896453857,-75.59480572243149,-75.59480572243149
320.12000896453856,-75.59670931420081,-75.59670931420081
320.13000896453855,-75.59861540229835,-75.59861540229835
320.1400089645386,-75.60052399778928,-75.60052399778928
320.1500089645386,-75.60243511136392,-75.60243511136392
320.1600089645386,-75.60434875335999,-75.60434875335999
320.17000896453857,-75.60626493377293,-75.60626493377293
320.18000896453856,-75.60818366222588,-75.60818366222588
320.19000896453855,-75.61010494800017,-75.61010494800017
320.2000089645386,-75.61202880004656,-75.61202880004656
320.2100089645386,-75.61394862538933,-75.61394862538933
320.2200089645386,-75.61586153682727,-75.61586153682727
320.23000896453857,-75.617766128356,-75.617766128356
320.24000896453856,-75.61966167938762,-75.61966167938762
320.25000896453855,-75.62154785115027,-75.62154785115027
320.2600089645386,-75.62342452911642,-75.62342452911642
320.2700089645386,-75.62529173066835,-75.62529173066835
320.2800089645386,-75.62714954966519,-75.62714954966519
320.2900089645386,-75.62899812310953,-75.62899812310953
320.30000896453856,-75.63083761112647,-75.63083761112647
320.31000896453855,-75.63266818503259,-75.63266818503259
320.3200089645386,-75.63449002033286,-75.63449002033286
320.3300089645386,-75.63630329265762,-75.63630329265762
320.3400089645386,-75.63810817553704,-75.63810817553704
320.3500089645386,-75.63990483930255,-75.63990483930255
320.36000896453857,-75.64169345058905,-75.64169345058905
320.37000896453856,-75.64347417225724,-75.64347417225724
320.38000896453855,-75.64524716350677,-75.64524716350677
320.3900089645386,-75.64701258010479,-75.64701258010479
320.4000089645386,-75.64877057468334,-75.64877057468334
320.4100089645386,-75.65052129698468,-75.65052129698468
320.42000896453857,-75.65226489417334,-75.65226489417334
320.43000896453856,-75.65400151106608,-75.65400151106608
320.44000896453855,-75.6557312903633,-75.6557312903633
320.45000898838043,-75.65745437693869,-75.65745437693869
320.4600089883804,-75.65916429656656,-75.65916429656656
320.4700089883804,-75.66085829419491,-75.66085829419491
320.4800089883804,-75.6625350915813,-75.6625350915813
320.49000898838045,-75.6641940952104,-75.6641940952104
320.50000898838044,-75.66583509266846,-75.66583509266846
320.51000898838043,-75.66745809498086,-75.66745809498086
320.5200089883804,-75.66906324431943,-75.66906324431943
320.5300089883804,-75.67065075856256,-75.67065075856256
320.5400089883804,-75.67222089795519,-75.67222089795519
320.55000898838045,-75.67377394510292,-75.67377394510292
320.56000898838045,-75.67531019306278,-75.67531019306278
320.57000898838044,-75.67682993830337,-75.67682993830337
320.5800089883804,-75.67833347668287,-75.67833347668287
320.5900089883804,-75.67982110121137,-75.67982110121137
320.6000089883804,-75.68129310092037,-75.68129310092037
320.61000898838046,-75.6827497603895,-75.6827497603895
320.62000898838045,-75.68419135964298,-75.68419135964298
320.63000898838044,-75.68561817424859,-75.68561817424859
320.64000898838043,-75.68703047555648,-75.68703047555648
320.6500089883804,-75.68842853094326,-75.68842853094326
320.6600089883804,-75.68981260409882,-75.68981260409882
320.67000898838046,-75.69118295528904,-75.69118295528904
320.68000898838045,-75.69253984158225,-75.69253984158225
320.69000898838044,-75.6938835170761,-75.6938835170761
320.70000898838043,-75.69521423305139,-75.69521423305139
320.7100089883804,-75.69653223816772,-75.69653223816772
320.7200089883804,-75.69783777856819,-75.69783777856819
320.7300089883804,-75.69913109800102,-75.69913109800102
320.74000898838045,-75.70041243789859,-75.70041243789859
320.75000898838044,-75.7016820374602,-75.7016820374602
320.76000898838043,-75.70294013370791,-75.70294013370791
320.7700089883804,-75.7041869615172,-75.7041869615172
320.7800089883804,-75.70542275366421,-75.70542275366421
320.7900089883804,-75.70664774085947,-75.70664774085947
320.80000898838045,-75.70786215174518,-75.70786215174518
320.81000898838045,-75.70906621291724,-75.70906621291724
320.82000898838044,-75.71026014892497,-75.71026014892497
320.8300089883804,-75.71144418230095,-75.71144418230095
320.8400089883804,-75.71261853353467,-75.71261853353467
320.8500089883804,-75.71378342105523,-75.71378342105523
320.86000898838046,-75.71493906127598,-75.71493906127598
320.87000898838045,-75.71608566855164,-75.71608566855164
320.88000898838044,-75.71722345517598,-75.71722345517598
320.89000898838043,-75.71835263139313,-75.71835263139313
320.9000089883804,-75.71947340536488,-75.71947340536488
320.9100089883804,-75.72058598319704,-75.72058598319704
320.92000898838046,-75.72169056888092,-75.72169056888092
320.93000898838045,-75.72278736434136,-75.72278736434136
320.94000898838044,-75.72380781226698,-75.72380781226698
320.95000898838043,-75.72472927994139,-75.72472927994139
320.9600089883804,-75.72554430523283,-75.72554430523283
320.9700089883804,-75.72625036930998,-75.72625036930998
320.9800089883804,-75.72684679559013,-75.72684679559013
320.99000898838045,-75.7273336996253,-75.7273336996253
321.00000898838044,-75.72771159023053,-75.72771159023053
321.01000898838043,-75.72798120405487,-75.72798120405487
321.0200089883804,-75.72814343163624,-75.72814343163624
321.0300089883804,-75.72819928115993,-75.72819928115993
321.0400089883804,-75.72814985799351,-75.72814985799351
321.05000898838045,-75.72799635072067,-75.72799635072067
321.06000898838045,-75.72774001994662,-75.72774001994662
321.07000898838044,-75.72738218831161,-75.72738218831161
321.0800089883804,-75.72692423123958,-75.72692423123958
321.0900089883804,-75.72636756829874,-75.72636756829874
321.1000089883804,-75.7257136552414,-75.7257136552414
321.11000898838046,-75.72496397670471,-75.72496397670471
321.12000898838045,-75.72412003959418,-75.72412003959418
321.13000898838044,-75.72318336725473,-75.72318336725473
321.14000898838043,-75.72215549425937,-75.72215549425937
321.1500089883804,-75.72103796191746,-75.72103796191746
321.1600089883804,-75.7198323143153,-75.7198323143153
321.17000898838046,-75.71854009496094,-75.71854009496094
321.18000898838045,-75.71716284386073,-75.71716284386073
321.19000898838044,-75.71570209505418,-75.71570209505418
321.20000898838043,-75.71415937452204,-75.71415937452204
321.2100089883804,-75.71253619840377,-75.71253619840377
321.2200089883804,-75.71083407153989,-75.71083407153989
321.2300089883804,-75.70905448621225,-75.70905448621225
321.24000898838045,-75.70719892112405,-75.70719892112405
321.25000898838044,-75.70526884053747,-75.70526884053747
321.26000898838043,-75.70326569360738,-75.70326569360738
321.2700089883804,-75.70119091380536,-75.70119091380536
321.2800089883804,-75.69904591847481,-75.69904591847481
321.2900089883804,-75.69683210848699,-75.69683210848699
321.3000090122223,-75.69455086253248,-75.69455086253248
321.3100090122223,-75.69220355843323,-75.69220355843323
321.3200090122223,-75.68979154119569,-75.68979154119569
321.33000901222226,-75.68731614374772,-75.68731614374772
321.3400090122223,-75.6847786818481,-75.6847786818481
321.3500090122223,-75.68218045406513,-75.68218045406513
321.3600090122223,-75.67952274179837,-75.67952274179837
321.3700090122223,-75.67680680933215,-75.67680680933215
321.3800090122223,-75.6740339038986,-75.6740339038986
321.39000901222227,-75.67120525578923,-75.67120525578923
321.4000090122223,-75.66832207845812,-75.66832207845812
321.4100090122223,-75.66538556865599,-75.66538556865599
321.4200090122223,-75.6623969065631,-75.6623969065631
321.4300090122223,-75.65935725591702,-75.65935725591702
321.4400090122223,-75.65626776419248,-75.65626776419248
321.45000901222227,-75.6531295627587,-75.6531295627587
321.4600090122223,-75.6499437670333,-75.6499437670333
321.4700090122223,-75.64671147666164,-75.64671147666164
321.4800090122223,-75.6434337756819,-75.6434337756819
321.4900090122223,-75.64011173271624,-75.64011173271624
321.5000090122223,-75.63674640113558,-75.63674640113558
321.51000901222227,-75.6333388192419,-75.6333388192419
321.5200090122223,-75.6298900104632,-75.6298900104632
321.5300090122223,-75.62640098349299,-75.62640098349299
321.5400090122223,-75.62287273253466,-75.62287273253466
321.5500090122223,-75.61930623743447,-75.61930623743447
321.5600090122223,-75.61570246387284,-75.61570246387284
321.5700090122223,-75.61206236355609,-75.61206236355609
321.58000901222226,-75.60838687438891,-75.60838687438891
321.5900090122223,-75.60467692063897,-75.60467692063897
321.6000090122223,-75.60093341313127,-75.60093341313127
321.6100090122223,-75.5971572494169,-75.5971572494169
321.6200090122223,-75.5933493139528,-75.5933493139528
321.6300090122223,-75.58951047826322,-75.58951047826322
321.64000901222227,-75.58564160111705,-75.58564160111705
321.6500090122223,-75.58174352869123,-75.58174352869123
321.6600090122223,-75.57781709473291,-75.57781709473291
321.6700090122223,-75.57386312075009,-75.57386312075009
321.6800090122223,-75.56988241616239,-75.56988241616239
321.6900090122223,-75.56587577843453,-75.56587577843453
321.70000901222227,-75.5618439932831,-75.5618439932831
321.7100090122223,-75.55778783479782,-75.55778783479782
321.7200090122223,-75.55370806560347,-75.55370806560347
321.7300090122223,-75.5496054370401,-75.5496054370401
321.7400090122223,-75.5454806892825,-75.5454806892825
321.7500090122223,-75.5413345515112,-75.5413345515112
321.76000901222227,-75.53716774204905,-75.53716774204905
321.7700090122223,-75.53298096850612,-75.53298096850612
321.7800090122223,-75.52877492793951,-75.52877492793951
321.7900090122223,-75.5245503069743,-75.5245503069743
321.8000090122223,-75.5203077819551,-75.5203077819551
321.8100090122223,-75.516048019096,-75.516048019096
321.8200090122223,-75.5117716746004,-75.5117716746004
321.83000901222226,-75.5074793947936,-75.5074793947936
321.8400090122223,-75.50317181628068,-75.50317181628068
321.8500090122223,-75.49884956603988,-75.49884956603988
321.8600090122223,-75.4945132615916,-75.4945132615916
321.8700090122223,-75.49016351110589,-75.49016351110589
321.8800090122223,-75.48580091352162,-75.48580091352162
321.89000901222227,-75.48142605868581,-75.48142605868581
321.9000090122223,-75.47703952747449,-75.47703952747449
321.9100090122223,-75.47264189191088,-75.47264189191088
321.9200090122223,-75.46823371528126,-75.46823371528126
321.9300090122223,-75.46381555225314,-75.46381555225314
321.9400090122223,-75.45938794899853,-75.45938794899853
321.95000901222227,-75.45495144330657,-75.45495144330657
321.9600090122223,-75.45050656469384,-75.45050656469384
321.9700090122223,-75.44605383451214,-75.44605383451214
321.9800090122223,-75.44159376607003,-75.44159376607003
321.9900090122223,-75.4371268647343,-75.4371268647343
322.0000090122223,-75.43265362803417,-75.43265362803417
322.01000901222227,-75.42817454577992,-75.42817454577992
322.0200090122223,-75.42369010013616,-75.42369010013616
322.0300090122223,-75.41920076577597,-75.41920076577597
322.0400090122223,-75.41470700993568,-75.41470700993568
322.0500090122223,-75.41020929253597,-75.41020929253597
322.0600090122223,-75.40570806627825,-75.40570806627825
322.0700090122223,-75.40120377674323,-75.40120377674323
322.08000901222226,-75.39669686247389,-75.39669686247389
322.0900090122223,-75.3921877550946,-75.3921877550946
322.1000090122223,-75.38767687939358,-75.38767687939358
322.1100090122223,-75.38316465338966,-75.38316465338966
322.1200090122223,-75.37865148848573,-75.37865148848573
322.1300090122223,-75.37413778948611,-75.37413778948611
322.14000901222227,-75.36962395473216,-75.36962395473216
322.15000903606415,-75.36511036541785,-75.36511036541785
322.16000903606414,-75.36059742870279,-75.36059742870279
322.17000903606413,-75.35608551327974,-75.35608551327974
322.1800090360641,-75.35157499244757,-75.35157499244757
322.19000903606417,-75.34706623345942,-75.34706623345942
322.20000903606416,-75.34255959758457,-75.34255959758457
322.21000903606415,-75.33804886782457,-75.33804886782457
322.22000903606414,-75.33353151671433,-75.33353151671433
322.23000903606413,-75.3290064879023,-75.3290064879023
322.2400090360641,-75.32447340287759,-75.32447340287759
322.25000903606417,-75.31993225842518,-75.31993225842518
322.26000903606416,-75.31538326962973,-75.31538326962973
322.27000903606415,-75.31082677782749,-75.31082677782749
322.28000903606414,-75.30626319541493,-75.30626319541493
322.29000903606413,-75.30169297258742,-75.30169297258742
322.3000090360641,-75.2971165774341,-75.2971165774341
322.3100090360642,-75.29253448407499,-75.29253448407499
322.32000903606416,-75.28794716571605,-75.28794716571605
322.33000903606415,-75.28335509068185,-75.28335509068185
322.34000903606415,-75.27875872024077,-75.27875872024077
322.35000903606414,-75.2741585075804,-75.2741585075804
322.3600090360641,-75.26955489736692,-75.26955489736692
322.3700090360642,-75.26494832576745,-75.26494832576745
322.38000903606417,-75.26033922059922,-75.26033922059922
322.39000903606416,-75.25572800164927,-75.25572800164927
322.40000903606415,-75.25111508102802,-75.25111508102802
322.41000903606414,-75.24650086348507,-75.24650086348507
322.42000903606413,-75.24188574678772,-75.24188574678772
322.4300090360641,-75.2372701220152,-75.2372701220152
322.44000903606417,-75.2326543738439,-75.2326543738439
322.45000903606416,-75.22803888082552,-75.22803888082552
322.46000903606415,-75.22342401558825,-75.22342401558825
322.47000903606414,-75.21881014507731,-75.21881014507731
322.48000903606413,-75.21419763069197,-75.21419763069197
322.4900090360641,-75.20958682848766,-75.20958682848766
322.50000903606417,-75.2049780892659,-75.2049780892659
322.51000903606416,-75.20037175874108,-75.20037175874108
322.52000903606415,-75.19576817763449,-75.19576817763449
322.53000903606414,-75.19116768176319,-75.19116768176319
322.54000903606413,-75.18657060212992,-75.18657060212992
322.5500090360641,-75.18197726499638,-75.18197726499638
322.5600090360642,-75.17738799197468,-75.17738799197468
322.57000903606416,-75.17280310006231,-75.17280310006231
322.58000903606415,-75.16822290171858,-75.16822290171858
322.59000903606415,-75.16364770492018,-75.16364770492018
322.60000903606414,-75.15907781318504,-75.15907781318504
322.6100090360641,-75.15451352566218,-75.15451352566218
322.6200090360642,-75.14995513713505,-75.14995513713505
322.63000903606417,-75.14540293808953,-75.14540293808953
322.64000903606416,-75.14085721473467,-75.14085721473467
322.65000903606415,-75.13631824907256,-75.13631824907256
322.66000903606414,-75.13178631889417,-75.13178631889417
322.67000903606413,-75.1272616978538,-75.1272616978538
322.6800090360641,-75.12274465547252,-75.12274465547252
322.69000903606417,-75.11823545720249,-75.11823545720249
322.70000903606416,-75.1137343644405,-75.1137343644405
322.71000903606415,-75.10923508301745,-75.10923508301745
322.72000903606414,-75.10473499904323,-75.10473499904323
322.73000903606413,-75.10023296714176,-75.10023296714176
322.7400090360641,-75.09572851949389,-75.09572851949389
322.75000903606417,-75.091221564158,-75.091221564158
322.76000903606416,-75.08671222848756,-75.08671222848756
322.77000903606415,-75.08220076733966,-75.08220076733966
322.78000903606414,-75.07768750789245,-75.07768750789245
322.79000903606413,-75.07317281652067,-75.07317281652067
322.8000090360641,-75.06865707885383,-75.06865707885383
322.8100090360642,-75.0641406879153,-75.0641406879153
322.82000903606416,-75.05962403716144,-75.05962403716144
322.83000903606415,-75.05510751648193,-75.05510751648193
322.84000903606415,-75.05059151001322,-75.05059151001322
322.85000903606414,-75.04607639506607,-75.04607639506607
322.8600090360641,-75.04156254167687,-75.04156254167687
322.8700090360642,-75.03705031258633,-75.03705031258633
322.88000903606417,-75.03254006336344,-75.03254006336344
322.89000903606416,-75.02803214271614,-75.02803214271614
322.90000903606415,-75.02352689278374,-75.02352689278374
322.91000903606414,-75.01902464946514,-75.01902464946514
322.92000903606413,-75.01452574274022,-75.01452574274022
322.9300090360641,-75.0100304969636,-75.0100304969636
322.94000903606417,-75.00553923111806,-75.00553923111806
322.95000903606416,-75.00105225905554,-75.00105225905554
322.96000903606415,-74.99656988970797,-74.99656988970797
322.97000903606414,-74.99209242726766,-74.99209242726766
322.98000903606413,-74.98762017134156,-74.98762017134156
322.9900090360641,-74.98315341709177,-74.98315341709177
323.000009059906,-74.97869244473293,-74.97869244473293
323.010009059906,-74.97423756215807,-74.97423756215807
323.020009059906,-74.96978904121096,-74.96978904121096
323.030009059906,-74.96534716032518,-74.96534716032518
323.040009059906,-74.96091219395605,-74.96091219395605
323.050009059906,-74.95648441262715,-74.95648441262715
323.060009059906,-74.95206408299644,-74.95206408299644
323.070009059906,-74.9476514679026,-74.9476514679026
323.080009059906,-74.94324682641317,-74.94324682641317
323.090009059906,-74.93885041383558,-74.93885041383558
323.10000905990603,-74.93446248177774,-74.93446248177774
323.110009059906,-74.93008327818916,-74.93008327818916
323.120009059906,-74.92571304736158,-74.92571304736158
323.130009059906,-74.92135202998233,-74.92135202998233
323.140009059906,-74.9170004631428,-74.9170004631428
323.150009059906,-74.91265858038321,-74.91265858038321
323.16000905990603,-74.9083266117045,-74.9083266117045
323.170009059906,-74.90400478359373,-74.90400478359373
323.180009059906,-74.89969331905729,-74.89969331905729
323.190009059906,-74.89539243763366,-74.89539243763366
323.200009059906,-74.89110235543643,-74.89110235543643
323.210009059906,-74.88682328514476,-74.88682328514476
323.22000905990603,-74.88255543605455,-74.88255543605455
323.230009059906,-74.87829901408803,-74.87829901408803
323.240009059906,-74.87405422183157,-74.87405422183157
323.250009059906,-74.86982125854212,-74.86982125854212
323.260009059906,-74.86560032019382,-74.86560032019382
323.270009059906,-74.86139159946921,-74.86139159946921
323.280009059906,-74.8571952858214,-74.8571952858214
323.290009059906,-74.85301156547673,-74.85301156547673
323.300009059906,-74.84884062145004,-74.84884062145004
323.310009059906,-74.84468263360445,-74.84468263360445
323.320009059906,-74.84053777863969,-74.84053777863969
323.330009059906,-74.83640623014921,-74.83640623014921
323.340009059906,-74.832288158623,-74.832288158623
323.35000905990603,-74.82818373149718,-74.82818373149718
323.360009059906,-74.82409311314727,-74.82409311314727
323.370009059906,-74.82001646495144,-74.82001646495144
323.380009059906,-74.81595394528945,-74.81595394528945
323.390009059906,-74.81190570959355,-74.81190570959355
323.400009059906,-74.8078719103585,-74.8078719103585
323.41000905990603,-74.80385269718059,-74.80385269718059
323.420009059906,-74.79984821677587,-74.79984821677587
323.430009059906,-74.79585861300913,-74.79585861300913
323.440009059906,-74.79188402692978,-74.79188402692978
323.450009059906,-74.78792459679951,-74.78792459679951
323.460009059906,-74.78398045810994,-74.78398045810994
323.47000905990603,-74.78005174361671,-74.78005174361671
323.480009059906,-74.77613858338628,-74.77613858338628
323.490009059906,-74.77224110479075,-74.77224110479075
323.500009059906,-74.76835943256457,-74.76835943256457
323.510009059906,-74.76449368880934,-74.76449368880934
323.520009059906,-74.76064399305412,-74.76064399305412
323.530009059906,-74.75681046224146,-74.75681046224146
323.540009059906,-74.75299321080149,-74.75299321080149
323.550009059906,-74.74919235064742,-74.74919235064742
323.560009059906,-74.74540799122529,-74.74540799122529
323.570009059906,-74.74164023951835,-74.74164023951835
323.580009059906,-74.73788920010024,-74.73788920010024
323.590009059906,-74.73415497514986,-74.73415497514986
323.60000905990603,-74.73043766448225,-74.73043766448225
323.610009059906,-74.72673736558693,-74.72673736558693
323.620009059906,-74.72305417362762,-74.72305417362762
323.630009059906,-74.71938818150745,-74.71938818150745
323.640009059906,-74.71573947987127,-74.71573947987127
323.650009059906,-74.71210815714062,-74.71210815714062
323.66000905990603,-74.7084942995329,-74.7084942995329
323.670009059906,-74.70489799111314,-74.70489799111314
323.680009059906,-74.70131931379822,-74.70131931379822
323.690009059906,-74.69775834738341,-74.69775834738341
323.700009059906,-74.69421516957766,-74.69421516957766
323.710009059906,-74.69068985604117,-74.69068985604117
323.72000905990603,-74.68718248039816,-74.68718248039816
323.730009059906,-74.68369311426284,-74.68369311426284
323.740009059906,-74.6802218272618,-74.6802218272618
323.750009059906,-74.676768687073,-74.676768687073
323.760009059906,-74.67333375944634,-74.67333375944634
323.770009059906,-74.66991710822892,-74.66991710822892
323.780009059906,-74.66651879538529,-74.66651879538529
323.790009059906,-74.66313888103015,-74.66313888103015
323.800009059906,-74.6597774234534,-74.6597774234534
323.810009059906,-74.65643447913521,-74.65643447913521
323.820009059906,-74.65311010277712,-74.65311010277712
323.830009059906,-74.6498043473333,-74.6498043473333
323.840009059906,-74.64651726403036,-74.64651726403036
323.85000908374786,-74.64324889459338,-74.64324889459338
323.86000908374785,-74.6399993024932,-74.6399993024932
323.87000908374785,-74.63676852604289,-74.63676852604289
323.88000908374784,-74.63355660978696,-74.63355660978696
323.8900090837479,-74.63036359666852,-74.63036359666852
323.9000090837479,-74.62718952801104,-74.62718952801104
323.91000908374787,-74.62403444359711,-74.62403444359711
323.92000908374786,-74.62089838165338,-74.62089838165338
323.93000908374785,-74.61778137888237,-74.61778137888237
323.94000908374784,-74.61468347048665,-74.61468347048665
323.9500090837479,-74.6116046902036,-74.6116046902036
323.9600090837479,-74.60854507028999,-74.60854507028999
323.97000908374787,-74.60550464158798,-74.60550464158798
323.98000908374786,-74.60248343350972,-74.60248343350972
323.99000908374785,-74.59948147407742,-74.59948147407742
324.00000908374784,-74.59649878994892,-74.59649878994892
324.0100090837479,-74.59353540640933,-74.59353540640933
324.0200090837479,-74.59059134743212,-74.59059134743212
324.03000908374787,-74.58766663566111,-74.58766663566111
324.04000908374786,-74.58476129244939,-74.58476129244939
324.05000908374785,-74.58187533788931,-74.58187533788931
324.06000908374784,-74.5790087907991,-74.5790087907991
324.0700090837479,-74.57616166876856,-74.57616166876856
324.0800090837479,-74.57333398817386,-74.57333398817386
324.0900090837479,-74.57052576418216,-74.57052576418216
324.10000908374786,-74.56773701078517,-74.56773701078517
324.11000908374785,-74.56496774081181,-74.56496774081181
324.12000908374785,-74.5622179659499,-74.5622179659499
324.13000908374784,-74.55948769675669,-74.55948769675669
324.1400090837479,-74.55677694267169,-74.55677694267169
324.1500090837479,-74.55408571204019,-74.55408571204019
324.16000908374787,-74.55141401215994,-74.55141401215994
324.17000908374786,-74.54876184923668,-74.54876184923668
324.18000908374785,-74.54612922844692,-74.54612922844692
324.19000908374784,-74.54351615394152,-74.54351615394152
324.2000090837479,-74.54092262886566,-74.54092262886566
324.2100090837479,-74.53834865535623,-74.53834865535623
324.22000908374787,-74.53579423458682,-74.53579423458682
324.23000908374786,-74.53325936675459,-74.53325936675459
324.24000908374785,-74.5307440511233,-74.5307440511233
324.25000908374784,-74.52824828601811,-74.52824828601811
324.2600090837479,-74.52577206883802,-74.52577206883802
324.2700090837479,-74.52331539609806,-74.52331539609806
324.28000908374787,-74.52087826340892,-74.52087826340892
324.29000908374786,-74.51846066551481,-74.51846066551481
324.30000908374785,-74.5160625962944,-74.5160625962944
324.31000908374784,-74.51368404879659,-74.51368404879659
324.3200090837479,-74.51132501522117,-74.51132501522117
324.3300090837479,-74.50898548695288,-74.50898548695288
324.3400090837479,-74.50666545458543,-74.50666545458543
324.35000908374786,-74.50436490790456,-74.50436490790456
324.36000908374785,-74.50208383593153,-74.50208383593153
324.37000908374785,-74.49982222690247,-74.49982222690247
324.38000908374784,-74.49758006832751,-74.49758006832751
324.3900090837479,-74.49535734695026,-74.49535734695026
324.4000090837479,-74.49315404881034,-74.49315404881034
324.41000908374787,-74.49097015922027,-74.49097015922027
324.42000908374786,-74.48880566279179,-74.48880566279179
324.43000908374785,-74.4866605434397,-74.4866605434397
324.44000908374784,-74.48453478440574,-74.48453478440574
324.4500090837479,-74.48242836825966,-74.48242836825966
324.4600090837479,-74.48034127692553,-74.48034127692553
324.47000908374787,-74.47827349167065,-74.47827349167065
324.48000908374786,-74.47622499312723,-74.47622499312723
324.49000908374785,-74.47419576131145,-74.47419576131145
324.50000908374784,-74.47218577562478,-74.47218577562478
324.5100090837479,-74.47019501486278,-74.47019501486278
324.5200090837479,-74.46822345723933,-74.46822345723933
324.53000908374787,-74.46627108038213,-74.46627108038213
324.54000908374786,-74.46433786134425,-74.46433786134425
324.55000908374785,-74.46242377662637,-74.46242377662637
324.56000908374784,-74.460528802178,-74.460528802178
324.5700090837479,-74.45865291340783,-74.45865291340783
324.5800090837479,-74.45679608518263,-74.45679608518263
324.5900090837479,-74.4549582918619,-74.4549582918619
324.60000908374786,-74.45313950729273,-74.45313950729273
324.61000908374785,-74.45133970480269,-74.45133970480269
324.62000908374785,-74.44955885725247,-74.44955885725247
324.63000908374784,-74.44779693699748,-74.44779693699748
324.6400090837479,-74.44605391592121,-74.44605391592121
324.6500090837479,-74.4443297654443,-74.4443297654443
324.66000908374787,-74.44262445653088,-74.44262445653088
324.67000908374786,-74.44093795969786,-74.44093795969786
324.68000908374785,-74.43927024501856,-74.43927024501856
324.69000908374784,-74.43762128212492,-74.43762128212492
324.7000091075897,-74.4359910363538,-74.4359910363538
324.7100091075897,-74.4343794843257,-74.4343794843257
324.7200091075897,-74.43278659047121,-74.43278659047121
324.7300091075897,-74.43121232278943,-74.43121232278943
324.74000910758974,-74.42965664888177,-74.42965664888177
324.75000910758973,-74.4281195359562,-74.4281195359562
324.7600091075897,-74.42660095084024,-74.42660095084024
324.7700091075897,-74.42510086000101,-74.42510086000101
324.7800091075897,-74.42361922953516,-74.42361922953516
324.7900091075897,-74.4221560251933,-74.4221560251933
324.80000910758974,-74.42071121235725,-74.42071121235725
324.81000910758974,-74.41928475608628,-74.41928475608628
324.8200091075897,-74.41787662109196,-74.41787662109196
324.8300091075897,-74.41648677177659,-74.41648677177659
324.8400091075897,-74.41511517219008,-74.41511517219008
324.8500091075897,-74.41376178609144,-74.41376178609144
324.86000910758975,-74.41242657692939,-74.41242657692939
324.87000910758974,-74.41110950783617,-74.41110950783617
324.88000910758973,-74.40981054166103,-74.40981054166103
324.8900091075897,-74.40852964096253,-74.40852964096253
324.9000091075897,-74.40726676802215,-74.40726676802215
324.9100091075897,-74.40602188482161,-74.40602188482161
324.92000910758975,-74.40479495309597,-74.40479495309597
324.93000910758974,-74.40358593430398,-74.40358593430398
324.94000910758973,-74.40239478964574,-74.40239478964574
324.9500091075897,-74.40122148007106,-74.40122148007106
324.9600091075897,-74.40006596626986,-74.40006596626986
324.9700091075897,-74.39892820869728,-74.39892820869728
324.9800091075897,-74.39780816758292,-74.39780816758292
324.99000910758974,-74.39670580290175,-74.39670580290175
325.00000910758973,-74.39562107441894,-74.39562107441894
325.0100091075897,-74.39455394167351,-74.39455394167351
325.0200091075897,-74.39350436399151,-74.39350436399151
325.0300091075897,-74.39247230048002,-74.39247230048002
325.0400091075897,-74.39145771005245,-74.39145771005245
325.05000910758974,-74.39046055140417,-74.39046055140417
325.06000910758974,-74.38948078304982,-74.38948078304982
325.0700091075897,-74.38851836330808,-74.38851836330808
325.0800091075897,-74.38757325030416,-74.38757325030416
325.0900091075897,-74.38664540198641,-74.38664540198641
325.1000091075897,-74.38573477613392,-74.38573477613392
325.11000910758975,-74.3848413303444,-74.3848413303444
325.12000910758974,-74.38396502204553,-74.38396502204553
325.13000910758973,-74.3831058085047,-74.3831058085047
325.1400091075897,-74.38226364683166,-74.38226364683166
325.1500091075897,-74.38143849396636,-74.38143849396636
325.1600091075897,-74.38063030671728,-74.38063030671728
325.17000910758975,-74.37983904173845,-74.37983904173845
325.18000910758974,-74.37906465554303,-74.37906465554303
325.19000910758973,-74.37830710449893,-74.37830710449893
325.2000091075897,-74.37756634484474,-74.37756634484474
325.2100091075897,-74.3768423326829,-74.3768423326829
325.2200091075897,-74.37613502399876,-74.37613502399876
325.2300091075897,-74.3754443746376,-74.3754443746376
325.24000910758974,-74.37477034034286,-74.37477034034286
325.25000910758973,-74.37411287672724,-74.37411287672724
325.2600091075897,-74.37347193930569,-74.37347193930569
325.2700091075897,-74.37284748347207,-74.37284748347207
325.2800091075897,-74.37223946452076,-74.37223946452076
325.2900091075897,-74.37164783764335,-74.37164783764335
325.30000910758974,-74.37107255794052,-74.37107255794052
325.31000910758974,-74.37051358039483,-74.37051358039483
325.3200091075897,-74.36997085992742,-74.36997085992742
325.3300091075897,-74.36944435135224,-74.36944435135224
325.3400091075897,-74.36893400940313,-74.36893400940313
325.3500091075897,-74.36843978872304,-74.36843978872304
325.36000910758975,-74.36796164388909,-74.36796164388909
325.37000910758974,-74.36749952940642,-74.36749952940642
325.38000910758973,-74.36705339969113,-74.36705339969113
325.3900091075897,-74.36662320911095,-74.36662320911095
325.4000091075897,-74.36620891192992,-74.36620891192992
325.4100091075897,-74.36581046239006,-74.36581046239006
325.42000910758975,-74.36542781464769,-74.36542781464769
325.43000910758974,-74.36506092281131,-74.36506092281131
325.44000910758973,-74.36470974092316,-74.36470974092316
325.4500091075897,-74.36437422298395,-74.36437422298395
325.4600091075897,-74.36405432293854,-74.36405432293854
325.4700091075897,-74.36374999469207,-74.36374999469207
325.4800091075897,-74.36346119209702,-74.36346119209702
325.49000910758974,-74.36318786896263,-74.36318786896263
325.50000910758973,-74.36292997906432,-74.36292997906432
325.5100091075897,-74.36268747613794,-74.36268747613794
325.5200091075897,-74.36246031388404,-74.36246031388404
325.5300091075897,-74.3622484459718,-74.3622484459718
325.5400091075897,-74.36205182603835,-74.36205182603835
325.5500091314316,-74.3618704072673,-74.3618704072673
325.56000913143157,-74.36170414416773,-74.36170414416773
325.57000913143156,-74.3615529897926,-74.3615529897926
325.58000913143155,-74.36141689770074,-74.36141689770074
325.5900091314316,-74.36129582141884,-74.36129582141884
325.6000091314316,-74.36118971444785,-74.36118971444785
325.6100091314316,-74.36109853028752,-74.36109853028752
325.6200091314316,-74.36102222242552,-74.36102222242552
325.63000913143156,-74.36096074432892,-74.36096074432892
325.64000913143155,-74.36091404946036,-74.36091404946036
325.6500091314316,-74.36088209127584,-74.36088209127584
325.6600091314316,-74.36086482323427,-74.36086482323427
325.6700091314316,-74.36086219879546,-74.36086219879546
325.6800091314316,-74.3608741713983,-74.3608741713983
325.69000913143157,-74.36090069450422,-74.36090069450422
325.70000913143156,-74.36094172156825,-74.36094172156825
325.7100091314316,-74.36099720605687,-74.36099720605687
325.7200091314316,-74.36106710143723,-74.36106710143723
325.7300091314316,-74.36115136119487,-74.36115136119487
325.7400091314316,-74.36124993881124,-74.36124993881124
325.75000913143157,-74.36136278779742,-74.36136278779742
325.76000913143156,-74.36148986166816,-74.36148986166816
325.7700091314316,-74.3616311139567,-74.3616311139567
325.7800091314316,-74.36178649822145,-74.36178649822145
325.7900091314316,-74.36195596802482,-74.36195596802482
325.8000091314316,-74.36213947695418,-74.36213947695418
325.81000913143157,-74.36233697863507,-74.36233697863507
325.82000913143156,-74.36254842669376,-74.36254842669376
325.83000913143155,-74.3627737748009,-74.3627737748009
325.8400091314316,-74.36301297664272,-74.36301297664272
325.8500091314316,-74.36326598594519,-74.36326598594519
325.8600091314316,-74.36353275644403,-74.36353275644403
325.8700091314316,-74.36381324192745,-74.36381324192745
325.88000913143156,-74.3641073961996,-74.3641073961996
325.89000913143155,-74.36441517310985,-74.36441517310985
325.9000091314316,-74.36473652654536,-74.36473652654536
325.9100091314316,-74.36507141041994,-74.36507141041994
325.9200091314316,-74.36541977868967,-74.36541977868967
325.9300091314316,-74.36578158534341,-74.36578158534341
325.94000913143157,-74.36615678442769,-74.36615678442769
325.95000913143156,-74.36654533000706,-74.36654533000706
325.9600091314316,-74.36694717621538,-74.36694717621538
325.9700091314316,-74.36736227721028,-74.36736227721028
325.9800091314316,-74.36779058720252,-74.36779058720252
325.9900091314316,-74.3682320604508,-74.3682320604508
326.00000913143157,-74.36868665125613,-74.36868665125613
326.01000913143156,-74.36915431397512,-74.36915431397512
326.0200091314316,-74.36963500300594,-74.36963500300594
326.0300091314316,-74.37012867280731,-74.37012867280731
326.0400091314316,-74.37063527788781,-74.37063527788781
326.0500091314316,-74.37115477280189,-74.37115477280189
326.06000913143157,-74.3716871121638,-74.3716871121638
326.07000913143156,-74.37223225064538,-74.37223225064538
326.08000913143155,-74.37279014296536,-74.37279014296536
326.0900091314316,-74.37336074391408,-74.37336074391408
326.1000091314316,-74.37394400832552,-74.37394400832552
326.1100091314316,-74.37453989110374,-74.37453989110374
326.1200091314316,-74.37514834720383,-74.37514834720383
326.13000913143156,-74.3757693316478,-74.3757693316478
326.14000913143155,-74.37640279951458,-74.37640279951458
326.1500091314316,-74.37704870595434,-74.37704870595434
326.1600091314316,-74.37770700617155,-74.37770700617155
326.1700091314316,-74.37837765543617,-74.37837765543617
326.1800091314316,-74.37906060908554,-74.37906060908554
326.19000913143157,-74.37975582253318,-74.37975582253318
326.20000913143156,-74.38046325124192,-74.38046325124192
326.2100091314316,-74.38117635809985,-74.38117635809985
326.2200091314316,-74.38189225276285,-74.38189225276285
326.2300091314316,-74.38260950272293,-74.38260950272293
326.2400091314316,-74.38332735035492,-74.38332735035492
326.25000913143157,-74.38404541419976,-74.38404541419976
326.26000913143156,-74.38476353388266,-74.38476353388266
326.2700091314316,-74.3854816792141,-74.3854816792141
326.2800091314316,-74.38619989560267,-74.38619989560267
326.2900091314316,-74.38691827116676,-74.38691827116676
326.3000091314316,-74.38763691701094,-74.38763691701094
326.31000913143157,-74.38835595548892,-74.38835595548892
326.32000913143156,-74.38907551324465,-74.38907551324465
326.33000913143155,-74.38979571723898,-74.38979571723898
326.3400091314316,-74.39051669255151,-74.39051669255151
326.3500091314316,-74.39123856128352,-74.39123856128352
326.3600091314316,-74.39196144208377,-74.39196144208377
326.3700091314316,-74.39268545007664,-74.39268545007664
326.38000913143156,-74.3934106969534,-74.3934106969534
326.39000913143155,-74.3941372912491,-74.3941372912491
326.40000915527344,-74.39486534030743,-74.39486534030743
326.4100091552734,-74.39559494367164,-74.39559494367164
326.4200091552734,-74.39632620371592,-74.39632620371592
326.4300091552734,-74.39705921898361,-74.39705921898361
326.44000915527346,-74.3977940861565,-74.3977940861565
326.45000915527345,-74.39853090023858,-74.39853090023858
326.46000915527344,-74.39926975472032,-74.39926975472032
326.47000915527343,-74.4000107417285,-74.4000107417285
326.4800091552734,-74.40075395214227,-74.40075395214227
326.4900091552734,-74.40149947569793,-74.40149947569793
326.50000915527346,-74.4022474010653,-74.4022474010653
326.51000915527345,-74.40299781591148,-74.40299781591148
326.52000915527344,-74.40375080697648,-74.40375080697648
326.53000915527343,-74.40450646009077,-74.40450646009077
326.5400091552734,-74.40526486020383,-74.40526486020383
326.5500091552734,-74.40602609143984,-74.40602609143984
326.56000915527346,-74.4067902370929,-74.4067902370929
326.57000915527345,-74.40755737963119,-74.40755737963119
326.58000915527344,-74.4083276007269,-74.4083276007269
326.59000915527344,-74.40910098125806,-74.40910098125806
326.6000091552734,-74.40987760129002,-74.40987760129002
326.6100091552734,-74.41065754009907,-74.41065754009907
326.62000915527346,-74.41144087614435,-74.41144087614435
326.63000915527346,-74.41222768707907,-74.41222768707907
326.64000915527345,-74.41301804974412,-74.41301804974412
326.65000915527344,-74.41381204015367,-74.41381204015367
326.6600091552734,-74.41460973349129,-74.41460973349129
326.6700091552734,-74.41541120409762,-74.41541120409762
326.6800091552734,-74.41621652547926,-74.41621652547926
326.69000915527346,-74.41702577027043,-74.41702577027043
326.70000915527345,-74.41783901025167,-74.41783901025167
326.71000915527344,-74.41865631632974,-74.41865631632974
326.72000915527343,-74.41947775852526,-74.41947775852526
326.7300091552734,-74.42030340597783,-74.42030340597783
326.7400091552734,-74.42113332693417,-74.42113332693417
326.75000915527346,-74.4219675887308,-74.4219675887308
326.76000915527345,-74.42280625780332,-74.42280625780332
326.77000915527344,-74.423649399668,-74.423649399668
326.78000915527343,-74.4244970789371,-74.4244970789371
326.7900091552734,-74.42534935927381,-74.42534935927381
326.8000091552734,-74.42620630343254,-74.42620630343254
326.81000915527346,-74.42706797323477,-74.42706797323477
326.82000915527345,-74.42793442955278,-74.42793442955278
326.83000915527344,-74.42880573234349,-74.42880573234349
326.84000915527344,-74.42968194060344,-74.42968194060344
326.8500091552734,-74.43056311239881,-74.43056311239881
326.8600091552734,-74.43144930484745,-74.43144930484745
326.87000915527346,-74.43234057412799,-74.43234057412799
326.88000915527346,-74.43323697547707,-74.43323697547707
326.89000915527345,-74.43413856318175,-74.43413856318175
326.90000915527344,-74.43504539059771,-74.43504539059771
326.9100091552734,-74.43595751012484,-74.43595751012484
326.9200091552734,-74.43687497323664,-74.43687497323664
326.9300091552734,-74.43779783045615,-74.43779783045615
326.94000915527346,-74.43872613139384,-74.43872613139384
326.95000915527345,-74.43965992470591,-74.43965992470591
326.96000915527344,-74.44059925812499,-74.44059925812499
326.97000915527343,-74.4415441784716,-74.4415441784716
326.9800091552734,-74.4424947316276,-74.4424947316276
326.9900091552734,-74.44345096256538,-74.44345096256538
327.00000915527346,-74.44441291534689,-74.44441291534689
327.01000915527345,-74.44538063312358,-74.44538063312358
327.02000915527344,-74.44635415814089,-74.44635415814089
327.03000915527343,-74.44733353175596,-74.44733353175596
327.0400091552734,-74.44831879442287,-74.44831879442287
327.0500091552734,-74.44930998571729,-74.44930998571729
327.06000915527346,-74.45030714432613,-74.45030714432613
327.07000915527345,-74.45131030808176,-74.45131030808176
327.08000915527344,-74.45231951392725,-74.45231951392725
327.09000915527344,-74.45333479795492,-74.45333479795492
327.1000091552734,-74.45435619540703,-74.45435619540703
327.1100091552734,-74.45538374067115,-74.45538374067115
327.12000915527346,-74.45641746730388,-74.45641746730388
327.13000915527346,-74.45745740802151,-74.45745740802151
327.14000915527345,-74.45850359470937,-74.45850359470937
327.15000915527344,-74.45955605845266,-74.45955605845266
327.1600091552734,-74.46061482952197,-74.46061482952197
327.1700091552734,-74.46167993737248,-74.46167993737248
327.1800091552734,-74.46275141067122,-74.46275141067122
327.19000915527346,-74.46382927730474,-74.46382927730474
327.20000915527345,-74.46491356437497,-74.46491356437497
327.21000915527344,-74.46600429821774,-74.46600429821774
327.22000915527343,-74.46710150440045,-74.46710150440045
327.2300091552734,-74.46820520773242,-74.46820520773242
327.2400091552734,-74.46931543228683,-74.46931543228683
327.2500091791153,-74.47043220406015,-74.47043220406015
327.2600091791153,-74.47155554035729,-74.47155554035729
327.2700091791153,-74.47268546567445,-74.47268546567445
327.28000917911527,-74.47382200118884,-74.47382200118884
327.2900091791153,-74.47496516736297,-74.47496516736297
327.3000091791153,-74.47611498395652,-74.47611498395652
327.3100091791153,-74.47727147004632,-74.47727147004632
327.3200091791153,-74.47843464402663,-74.47843464402663
327.3300091791153,-74.47960452361971,-74.47960452361971
327.34000917911527,-74.4807811258798,-74.4807811258798
327.3500091791153,-74.48196446722206,-74.48196446722206
327.3600091791153,-74.4831545634015,-74.4831545634015
327.3700091791153,-74.48435142952658,-74.48435142952658
327.3800091791153,-74.48555508008346,-74.48555508008346
327.3900091791153,-74.48676552894213,-74.48676552894213
327.4000091791153,-74.48798278935031,-74.48798278935031
327.4100091791153,-74.48920687396189,-74.48920687396189
327.4200091791153,-74.49043779481032,-74.49043779481032
327.4300091791153,-74.49167556335493,-74.49167556335493
327.4400091791153,-74.4929201904627,-74.4929201904627
327.4500091791153,-74.49417168644699,-74.49417168644699
327.4600091791153,-74.49543006103045,-74.49543006103045
327.4700091791153,-74.49669532339524,-74.49669532339524
327.4800091791153,-74.4979674821567,-74.4979674821567
327.4900091791153,-74.49924654539971,-74.49924654539971
327.5000091791153,-74.50053252067207,-74.50053252067207
327.5100091791153,-74.50182541499609,-74.50182541499609
327.5200091791153,-74.50312523486393,-74.50312523486393
327.53000917911527,-74.50443198627288,-74.50443198627288
327.5400091791153,-74.50574567468935,-74.50574567468935
327.5500091791153,-74.50706630511345,-74.50706630511345
327.5600091791153,-74.50839388202316,-74.50839388202316
327.5700091791153,-74.50972840944361,-74.50972840944361
327.5800091791153,-74.5110698909085,-74.5110698909085
327.59000917911527,-74.5124183294746,-74.5124183294746
327.6000091791153,-74.51377372776149,-74.51377372776149
327.6100091791153,-74.51513608791194,-74.51513608791194
327.6200091791153,-74.51650541163319,-74.51650541163319
327.6300091791153,-74.51788170018688,-74.51788170018688
327.6400091791153,-74.51926495440156,-74.51926495440156
327.6500091791153,-74.52065517468408,-74.52065517468408
327.6600091791153,-74.52205236101513,-74.52205236101513
327.6700091791153,-74.52345651296045,-74.52345651296045
327.6800091791153,-74.52486762968945,-74.52486762968945
327.6900091791153,-74.526285709963,-74.526285709963
327.7000091791153,-74.5277107521357,-74.5277107521357
327.7100091791153,-74.52914275419417,-74.52914275419417
327.7200091791153,-74.53058171373343,-74.53058171373343
327.7300091791153,-74.53202762797238,-74.53202762797238
327.7400091791153,-74.53348049376213,-74.53348049376213
327.7500091791153,-74.53494030759656,-74.53494030759656
327.7600091791153,-74.5364070656026,-74.5364070656026
327.7700091791153,-74.53788076356287,-74.53788076356287
327.78000917911527,-74.53936139690666,-74.53936139690666
327.7900091791153,-74.54084896073148,-74.54084896073148
327.8000091791153,-74.54234344979102,-74.54234344979102
327.8100091791153,-74.54384485852013,-74.54384485852013
327.8200091791153,-74.54535318102424,-74.54535318102424
327.8300091791153,-74.54686841109394,-74.54686841109394
327.84000917911527,-74.5483905422139,-74.5483905422139
327.8500091791153,-74.54991956754694,-74.54991956754694
327.8600091791153,-74.551455479973,-74.551455479973
327.8700091791153,-74.55299827205565,-74.55299827205565
327.8800091791153,-74.55454793607406,-74.55454793607406
327.8900091791153,-74.55610446403603,-74.55610446403603
327.9000091791153,-74.55766784765518,-74.55766784765518
327.9100091791153,-74.55923807836854,-74.55923807836854
327.9200091791153,-74.56081514734409,-74.56081514734409
327.9300091791153,-74.5623990454859,-74.5623990454859
327.9400091791153,-74.56398976342606,-74.56398976342606
327.9500091791153,-74.56558729156004,-74.56558729156004
327.9600091791153,-74.56719162001028,-74.56719162001028
327.9700091791153,-74.56880273867333,-74.56880273867333
327.9800091791153,-74.57042063717655,-74.57042063717655
327.9900091791153,-74.57204530493341,-74.57204530493341
328.0000091791153,-74.57367673110372,-74.57367673110372
328.0100091791153,-74.57531490462793,-74.57531490462793
328.0200091791153,-74.57695981422127,-74.57695981422127
328.03000917911527,-74.57861144836953,-74.57861144836953
328.0400091791153,-74.58026979534965,-74.58026979534965
328.0500091791153,-74.5819348432301,-74.5819348432301
328.0600091791153,-74.5836065798531,-74.5836065798531
328.0700091791153,-74.58528499287085,-74.58528499287085
328.0800091791153,-74.58697006972605,-74.58697006972605
328.09000917911527,-74.5886617976722,-74.5886617976722
328.10000920295715,-74.59036016781633,-74.59036016781633
328.11000920295714,-74.59206515894532,-74.59206515894532
328.12000920295714,-74.59377676175527,-74.59377676175527
328.1300092029571,-74.59549496275004,-74.59549496275004
328.1400092029572,-74.59721974824672,-74.59721974824672
328.15000920295716,-74.5989511043965,-74.5989511043965
328.16000920295716,-74.60068901716888,-74.60068901716888
328.17000920295715,-74.60243347236312,-74.60243347236312
328.18000920295714,-74.60418445562578,-74.60418445562578
328.1900092029571,-74.60594195243924,-74.60594195243924
328.2000092029572,-74.60770594812259,-74.60770594812259
328.21000920295717,-74.60946991430835,-74.60946991430835
328.22000920295716,-74.61123097957325,-74.61123097957325
328.23000920295715,-74.61298773431321,-74.61298773431321
328.24000920295714,-74.61473944553622,-74.61473944553622
328.25000920295713,-74.61648575727034,-74.61648575727034
328.2600092029572,-74.61822653507433,-74.61822653507433
328.27000920295717,-74.61996177488521,-74.61996177488521
328.28000920295716,-74.62169154829655,-74.62169154829655
328.29000920295715,-74.62341596963286,-74.62341596963286
328.30000920295714,-74.62513517617973,-74.62513517617973
328.31000920295713,-74.62684931637813,-74.62684931637813
328.3200092029572,-74.6285585429421,-74.6285585429421
328.33000920295717,-74.6302630087825,-74.6302630087825
328.34000920295716,-74.6319628648788,-74.6319628648788
328.35000920295715,-74.63365825912945,-74.63365825912945
328.36000920295714,-74.63534933589743,-74.63534933589743
328.37000920295714,-74.63703623590774,-74.63703623590774
328.3800092029571,-74.63871909638615,-74.63871909638615
328.3900092029572,-74.64039805126747,-74.64039805126747
328.40000920295716,-74.64207323149486,-74.64207323149486
328.41000920295716,-74.64374476526424,-74.64374476526424
328.42000920295715,-74.64541277832943,-74.64541277832943
328.43000920295714,-74.64707739422133,-74.64707739422133
328.4400092029571,-74.64873873449831,-74.64873873449831
328.4500092029572,-74.65039691893273,-74.65039691893273
328.46000920295717,-74.65205206565467,-74.65205206565467
328.47000920295716,-74.6537042913245,-74.6537042913245
328.48000920295715,-74.65535371122485,-74.65535371122485
328.49000920295714,-74.65700043939177,-74.65700043939177
328.50000920295713,-74.65864458865894,-74.65864458865894
328.5100092029572,-74.66028627075178,-74.66028627075178
328.52000920295717,-74.66192559632994,-74.66192559632994
328.53000920295716,-74.6635626750114,-74.6635626750114
328.54000920295715,-74.66519761545185,-74.66519761545185
328.55000920295714,-74.6668305253216,-74.6668305253216
328.56000920295713,-74.66846151133998,-74.66846151133998
328.5700092029572,-74.67009067929514,-74.67009067929514
328.58000920295717,-74.67171813404157,-74.67171813404157
328.59000920295716,-74.67334397950742,-74.67334397950742
328.60000920295715,-74.67496831869968,-74.67496831869968
328.61000920295714,-74.67659125369994,-74.67659125369994
328.62000920295714,-74.67821288565806,-74.67821288565806
328.6300092029571,-74.67983331478898,-74.67983331478898
328.6400092029572,-74.68145264037555,-74.68145264037555
328.65000920295716,-74.68307096074297,-74.68307096074297
328.66000920295716,-74.6846883732663,-74.6846883732663
328.67000920295715,-74.68630497436413,-74.68630497436413
328.68000920295714,-74.68792085947604,-74.68792085947604
328.6900092029571,-74.68953612307138,-74.68953612307138
328.7000092029572,-74.69115085863756,-74.69115085863756
328.71000920295717,-74.69276515865225,-74.69276515865225
328.72000920295716,-74.69437911461301,-74.69437911461301
328.73000920295715,-74.69599281699182,-74.69599281699182
328.74000920295714,-74.69760635525819,-74.69760635525819
328.75000920295713,-74.6992198178516,-74.6992198178516
328.7600092029572,-74.70083329219625,-74.70083329219625
328.77000920295717,-74.7024468646727,-74.7024468646727
328.78000920295716,-74.70406062063253,-74.70406062063253
328.79000920295715,-74.70567464439388,-74.70567464439388
328.80000920295714,-74.70728901920819,-74.70728901920819
328.81000920295713,-74.70890382730447,-74.70890382730447
328.8200092029572,-74.71051914984697,-74.71051914984697
328.83000920295717,-74.71213506695538,-74.71213506695538
328.84000920295716,-74.71375165768578,-74.71375165768578
328.85000920295715,-74.71536900005094,-74.71536900005094
328.86000920295714,-74.71698717100061,-74.71698717100061
328.87000920295714,-74.71860624643554,-74.71860624643554
328.8800092029571,-74.7202263011996,-74.7202263011996
328.8900092029572,-74.72184740907545,-74.72184740907545
328.90000920295716,-74.72346964281486,-74.72346964281486
328.91000920295716,-74.725093074091,-74.725093074091
328.92000920295715,-74.7267177735468,-74.7267177735468
328.93000920295714,-74.72834381078236,-74.72834381078236
328.9400092029571,-74.7299712543502,-74.7299712543502
328.950009226799,-74.7316001756364,-74.7316001756364
328.960009226799,-74.7332306333757,-74.7332306333757
328.970009226799,-74.73486269689076,-74.73486269689076
328.980009226799,-74.73649643059025,-74.73649643059025
328.99000922679903,-74.7381318978914,-74.7381318978914
329.000009226799,-74.73976916117502,-74.73976916117502
329.010009226799,-74.7414082818149,-74.7414082818149
329.020009226799,-74.74304932018688,-74.74304932018688
329.030009226799,-74.74469233565334,-74.74469233565334
329.040009226799,-74.74633738659804,-74.74633738659804
329.05000922679903,-74.74798453042311,-74.74798453042311
329.060009226799,-74.74963382353579,-74.74963382353579
329.070009226799,-74.75128532137614,-74.75128532137614
329.080009226799,-74.75293907842499,-74.75293907842499
329.090009226799,-74.75459514820491,-74.75459514820491
329.100009226799,-74.75625358327817,-74.75625358327817
329.11000922679904,-74.75791443526404,-74.75791443526404
329.120009226799,-74.75957775486646,-74.75957775486646
329.130009226799,-74.76124359183824,-74.76124359183824
329.140009226799,-74.7629119950268,-74.7629119950268
329.150009226799,-74.76458301236424,-74.76458301236424
329.160009226799,-74.7662566908785,-74.7662566908785
329.17000922679904,-74.7679330766933,-74.7679330766933
329.18000922679903,-74.76961221507662,-74.76961221507662
329.190009226799,-74.77129415038935,-74.77129415038935
329.200009226799,-74.77297892613412,-74.77297892613412
329.210009226799,-74.77466658494926,-74.77466658494926
329.220009226799,-74.77635716862518,-74.77635716862518
329.230009226799,-74.77805071811629,-74.77805071811629
329.24000922679903,-74.77974727352135,-74.77974727352135
329.250009226799,-74.7814468741338,-74.7814468741338
329.260009226799,-74.78314955841512,-74.78314955841512
329.270009226799,-74.78485536403942,-74.78485536403942
329.280009226799,-74.78656432786339,-74.78656432786339
329.290009226799,-74.78827648595447,-74.78827648595447
329.30000922679903,-74.78999187360108,-74.78999187360108
329.310009226799,-74.79171052533158,-74.79171052533158
329.320009226799,-74.79343247489267,-74.79343247489267
329.330009226799,-74.79515775529413,-74.79515775529413
329.340009226799,-74.79688639878529,-74.79688639878529
329.350009226799,-74.7986184368831,-74.7986184368831
329.36000922679904,-74.80035390038599,-74.80035390038599
329.370009226799,-74.80209281935659,-74.80209281935659
329.380009226799,-74.80383522315755,-74.80383522315755
329.390009226799,-74.80558114044155,-74.80558114044155
329.400009226799,-74.80733059918218,-74.80733059918218
329.410009226799,-74.8090836266657,-74.8090836266657
329.42000922679904,-74.81084024948865,-74.81084024948865
329.43000922679903,-74.8126004935934,-74.8126004935934
329.440009226799,-74.81436438426117,-74.81436438426117
329.450009226799,-74.8161319461113,-74.8161319461113
329.460009226799,-74.81789667192092,-74.81789667192092
329.470009226799,-74.81965572097235,-74.81965572097235
329.480009226799,-74.82140771791538,-74.82140771791538
329.49000922679903,-74.82315196535714,-74.82315196535714
329.500009226799,-74.82488814348096,-74.82488814348096
329.510009226799,-74.82661615410328,-74.82661615410328
329.520009226799,-74.82833602930582,-74.82833602930582
329.530009226799,-74.83004787656832,-74.83004787656832
329.540009226799,-74.83175184575967,-74.83175184575967
329.55000922679903,-74.83344810933997,-74.83344810933997
329.560009226799,-74.83513685051615,-74.83513685051615
329.570009226799,-74.83681825633113,-74.83681825633113
329.580009226799,-74.83849251363986,-74.83849251363986
329.590009226799,-74.8401598069174,-74.8401598069174
329.600009226799,-74.8418203171553,-74.8418203171553
329.61000922679904,-74.84347422139248,-74.84347422139248
329.620009226799,-74.84512169261482,-74.84512169261482
329.630009226799,-74.84676289990536,-74.84676289990536
329.640009226799,-74.84839800865653,-74.84839800865653
329.650009226799,-74.85002718086547,-74.85002718086547
329.660009226799,-74.85165057540023,-74.85165057540023
329.67000922679904,-74.85326834829401,-74.85326834829401
329.68000922679903,-74.85488065299592,-74.85488065299592
329.690009226799,-74.85648764057626,-74.85648764057626
329.700009226799,-74.85808945994901,-74.85808945994901
329.710009226799,-74.85968625804165,-74.85968625804165
329.720009226799,-74.86127817992646,-74.86127817992646
329.730009226799,-74.86286536895784,-74.86286536895784
329.74000922679903,-74.86444796686074,-74.86444796686074
329.750009226799,-74.86602611382801,-74.86602611382801
329.760009226799,-74.86759994859693,-74.86759994859693
329.770009226799,-74.86916960848629,-74.86916960848629
329.780009226799,-74.87073522944718,-74.87073522944718
329.790009226799,-74.87229694611466,-74.87229694611466
329.80000925064087,-74.87385489553505,-74.87385489553505
329.81000925064086,-74.87540920233414,-74.87540920233414
329.82000925064085,-74.87696000102795,-74.87696000102795
329.83000925064084,-74.87850742115789,-74.87850742115789
329.8400092506409,-74.88005159103487,-74.88005159103487
329.8500092506409,-74.88159263772867,-74.88159263772867
329.86000925064087,-74.88313068706374,-74.88313068706374
329.87000925064086,-74.88466586365806,-74.88466586365806
329.88000925064085,-74.88619829087924,-74.88619829087924
329.89000925064084,-74.88772809085316,-74.88772809085316
329.9000092506409,-74.88925538447343,-74.88925538447343
329.9100092506409,-74.8907802913977,-74.8907802913977
329.9200092506409,-74.89230293001096,-74.89230293001096
329.93000925064086,-74.89382341747098,-74.89382341747098
329.94000925064086,-74.89534186965757,-74.89534186965757
329.95000925064085,-74.89685840121003,-74.89685840121003
329.9600092506409,-74.89836658816212,-74.89836658816212
329.9700092506409,-74.89986367644691,-74.89986367644691
329.9800092506409,-74.90134837827978,-74.90134837827978
329.99000925064087,-74.90282008389069,-74.90282008389069
330.00000925064086,-74.90427856079347,-74.90427856079347
330.01000925064085,-74.90572379767757,-74.90572379767757
330.0200092506409,-74.90715591293853,-74.90715591293853
330.0300092506409,-74.90857509973135,-74.90857509973135
330.0400092506409,-74.90998159291884,-74.90998159291884
330.05000925064087,-74.91137564923353,-74.91137564923353
330.06000925064086,-74.91275753544924,-74.91275753544924
330.07000925064085,-74.91412752143148,-74.91412752143148
330.08000925064084,-74.91548587608645,-74.91548587608645
330.0900092506409,-74.91683286519522,-74.91683286519522
330.1000092506409,-74.91816875026527,-74.91816875026527
330.11000925064087,-74.91949378808286,-74.91949378808286
330.12000925064086,-74.92080823060998,-74.92080823060998
330.13000925064085,-74.92211232512119,-74.92211232512119
330.14000925064084,-74.92340631440807,-74.92340631440807
330.1500092506409,-74.92469043707608,-74.92469043707608
330.1600092506409,-74.92596492781766,-74.92596492781766
330.1700092506409,-74.92723001768152,-74.92723001768152
330.18000925064086,-74.92848593434226,-74.92848593434226
330.19000925064086,-74.92973290230675,-74.92973290230675
330.20000925064085,-74.9309711431313,-74.9309711431313
330.2100092506409,-74.93219433623436,-74.93219433623436
330.2200092506409,-74.93339983136185,-74.93339983136185
330.2300092506409,-74.9345864439616,-74.9345864439616
330.24000925064087,-74.93575366666227,-74.93575366666227
330.25000925064086,-74.93690136851193,-74.93690136851193
330.26000925064085,-74.93802963884733,-74.93802963884733
330.2700092506409,-74.93913869583601,-74.93913869583601
330.2800092506409,-74.94022883157585,-74.94022883157585
330.2900092506409,-74.94130037904094,-74.94130037904094
330.30000925064087,-74.94235369228352,-74.94235369228352
330.31000925064086,-74.94338913461752,-74.94338913461752
330.32000925064085,-74.94440707165718,-74.94440707165718
330.33000925064084,-74.94540786733087,-74.94540786733087
330.3400092506409,-74.94639188167845,-74.94639188167845
330.3500092506409,-74.9473594697505,-74.9473594697505
330.36000925064087,-74.94831098110876,-74.94831098110876
330.37000925064086,-74.94924675978137,-74.94924675978137
330.38000925064085,-74.95016714435334,-74.95016714435334
330.39000925064084,-74.95107246821138,-74.95107246821138
330.4000092506409,-74.95196305979893,-74.95196305979893
330.4100092506409,-74.95283924292274,-74.95283924292274
330.4200092506409,-74.95370133699883,-74.95370133699883
330.43000925064086,-74.95454965730164,-74.95454965730164
330.44000925064086,-74.95538451520464,-74.95538451520464
330.45000925064085,-74.95620621834885,-74.95620621834885
330.4600092506409,-74.95701507082939,-74.95701507082939
330.4700092506409,-74.95781137332057,-74.95781137332057
330.4800092506409,-74.95859542320375,-74.95859542320375
330.49000925064087,-74.95936751466448,-74.95936751466448
330.50000925064086,-74.96012793877478,-74.96012793877478
330.51000925064085,-74.9608769835508,-74.9608769835508
330.5200092506409,-74.96161493402407,-74.96161493402407
330.5300092506409,-74.96234207227049,-74.96234207227049
330.5400092506409,-74.96305867746278,-74.96305867746278
330.55000925064087,-74.96376502587049,-74.96376502587049
330.56000925064086,-74.9644613909118,-74.9644613909118
330.57000925064085,-74.9651480431455,-74.9651480431455
330.58000925064084,-74.96582525032103,-74.96582525032103
330.5900092506409,-74.96649327733549,-74.96649327733549
330.6000092506409,-74.96715238628526,-74.96715238628526
330.61000925064087,-74.9678028364432,-74.9678028364432
330.62000925064086,-74.96844488428988,-74.96844488428988
330.63000925064085,-74.96907878348946,-74.96907878348946
330.64000925064084,-74.96970478490891,-74.96970478490891
330.6500092744827,-74.97032313809919,-74.97032313809919
330.6600092744827,-74.97093408535402,-74.97093408535402
330.6700092744827,-74.97153787066077,-74.97153787066077
330.6800092744827,-74.97213473370046,-74.97213473370046
330.69000927448275,-74.97272491136984,-74.97272491136984
330.70000927448274,-74.9733086377738,-74.9733086377738
330.71000927448273,-74.97387960348942,-74.97387960348942
330.7200092744827,-74.97443517162381,-74.97443517162381
330.7300092744827,-74.97497417153907,-74.97497417153907
330.7400092744827,-74.97549610977637,-74.97549610977637
330.75000927448275,-74.97600086899845,-74.97600086899845
330.76000927448274,-74.97648855170925,-74.97648855170925
330.77000927448273,-74.97695938867389,-74.97695938867389
330.7800092744827,-74.97741368393223,-74.97741368393223
330.7900092744827,-74.97785178169356,-74.97785178169356
330.8000092744827,-74.97827404650833,-74.97827404650833
330.81000927448275,-74.97868085141302,-74.97868085141302
330.82000927448274,-74.97907257097334,-74.97907257097334
330.83000927448273,-74.97944957730456,-74.97944957730456
330.8400092744827,-74.97981223786175,-74.97981223786175
330.8500092744827,-74.98016091434337,-74.98016091434337
330.8600092744827,-74.98049596223031,-74.98049596223031
330.87000927448275,-74.98081773072971,-74.98081773072971
330.88000927448275,-74.98112656291232,-74.98112656291232
330.89000927448274,-74.98142279594016,-74.98142279594016
330.9000092744827,-74.98170676138582,-74.98170676138582
330.9100092744827,-74.981978785515,-74.981978785515
330.9200092744827,-74.98223918958611,-74.98223918958611
330.9300092744827,-74.98248829010939,-74.98248829010939
330.94000927448275,-74.98272639911313,-74.98272639911313
330.95000927448274,-74.98295382434272,-74.98295382434272
330.96000927448273,-74.98317086942824,-74.98317086942824
330.9700092744827,-74.98337783407612,-74.98337783407612
330.9800092744827,-74.98357501420917,-74.98357501420917
330.9900092744827,-74.98376270205604,-74.98376270205604
331.00000927448275,-74.98394118628698,-74.98394118628698
331.01000927448274,-74.9841107520843,-74.9841107520843
331.02000927448273,-74.9842716812236,-74.9842716812236
331.0300092744827,-74.9844242521139,-74.9844242521139
331.0400092744827,-74.98456873987638,-74.98456873987638
331.0500092744827,-74.98470541638932,-74.98470541638932
331.06000927448275,-74.9848345503115,-74.9848345503115
331.07000927448274,-74.98495640712262,-74.98495640712262
331.08000927448273,-74.98507124916273,-74.98507124916273
331.0900092744827,-74.98517933563778,-74.98517933563778
331.1000092744827,-74.98528092266433,-74.98528092266433
331.1100092744827,-74.9853762632644,-74.9853762632644
331.12000927448275,-74.98546560742396,-74.98546560742396
331.13000927448275,-74.98554920205633,-74.98554920205633
331.14000927448274,-74.98562729106115,-74.98562729106115
331.1500092744827,-74.9857001153283,-74.9857001153283
331.1600092744827,-74.98576791273359,-74.98576791273359
331.1700092744827,-74.98583091817957,-74.98583091817957
331.1800092744827,-74.98588936359405,-74.98588936359405
331.19000927448275,-74.98594347795164,-74.98594347795164
331.20000927448274,-74.98599348728013,-74.98599348728013
331.21000927448273,-74.98603961467694,-74.98603961467694
331.2200092744827,-74.98608208032469,-74.98608208032469
331.2300092744827,-74.98612110151173,-74.98612110151173
331.2400092744827,-74.98615689263606,-74.98615689263606
331.25000927448275,-74.98618966522422,-74.98618966522422
331.26000927448274,-74.98621962795607,-74.98621962795607
331.27000927448273,-74.98624698666579,-74.98624698666579
331.2800092744827,-74.98627194436729,-74.98627194436729
331.2900092744827,-74.98629470128131,-74.98629470128131
331.3000092744827,-74.98631545482245,-74.98631545482245
331.31000927448275,-74.98633439965849,-74.98633439965849
331.32000927448274,-74.98635172769153,-74.98635172769153
331.33000927448273,-74.9863676280944,-74.9863676280944
331.3400092744827,-74.9863822873283,-74.9863822873283
331.3500092744827,-74.98639588916312,-74.98639588916312
331.3600092744827,-74.98640861469428,-74.98640861469428
331.37000927448275,-74.98642064236915,-74.98642064236915
331.38000927448275,-74.98643214798967,-74.98643214798967
331.39000927448274,-74.98644330475804,-74.98644330475804
331.4000092744827,-74.98645428329036,-74.98645428329036
331.4100092744827,-74.98646525162546,-74.98646525162546
331.4200092744827,-74.9864763752556,-74.9864763752556
331.4300092744827,-74.9864878171506,-74.9864878171506
331.44000927448275,-74.98649973777972,-74.98649973777972
331.45000927448274,-74.98651229513959,-74.98651229513959
331.46000927448273,-74.98651910497792,-74.98651910497792
331.4700092744827,-74.98651745706549,-74.98651745706549
331.4800092744827,-74.98650610812156,-74.98650610812156
331.4900092744827,-74.98648449253119,-74.98648449253119
331.5000092983246,-74.98645242113258,-74.98645242113258
331.5100092983246,-74.98640992515769,-74.98640992515769
331.52000929832457,-74.98635716428376,-74.98635716428376
331.53000929832456,-74.98629437177223,-74.98629437177223
331.5400092983246,-74.98622182136744,-74.98622182136744
331.5500092983246,-74.98613980742378,-74.98613980742378
331.5600092983246,-74.98604863310194,-74.98604863310194
331.5700092983246,-74.98594860341133,-74.98594860341133
331.58000929832457,-74.98584002123341,-74.98584002123341
331.59000929832456,-74.98572318514377,-74.98572318514377
331.6000092983246,-74.98559838835968,-74.98559838835968
331.6100092983246,-74.98546591825935,-74.98546591825935
331.6200092983246,-74.98532605635789,-74.98532605635789
331.6300092983246,-74.98517907846526,-74.98517907846526
331.64000929832457,-74.98502525493896,-74.98502525493896
331.65000929832456,-74.98486485100327,-74.98486485100327
331.6600092983246,-74.98469812704032,-74.98469812704032
331.6700092983246,-74.98452533893035,-74.98452533893035
331.6800092983246,-74.98434673829401,-74.98434673829401
331.6900092983246,-74.98416257279546,-74.98416257279546
331.7000092983246,-74.98397308631117,-74.98397308631117
331.71000929832456,-74.98377851916722,-74.98377851916722
331.7200092983246,-74.98357910829283,-74.98357910829283
331.7300092983246,-74.98337508737453,-74.98337508737453
331.7400092983246,-74.98316668696258,-74.98316668696258
331.7500092983246,-74.982954134604,-74.982954134604
331.7600092983246,-74.98273765490606,-74.98273765490606
331.77000929832457,-74.98251746966332,-74.98251746966332
331.78000929832456,-74.98229379786613,-74.98229379786613
331.7900092983246,-74.98206685578629,-74.98206685578629
331.8000092983246,-74.98183685703847,-74.98183685703847
331.8100092983246,-74.98160401258544,-74.98160401258544
331.8200092983246,-74.98136853080482,-74.98136853080482
331.83000929832457,-74.98113061749733,-74.98113061749733
331.84000929832456,-74.98089047593665,-74.98089047593665
331.8500092983246,-74.98064830687464,-74.98064830687464
331.8600092983246,-74.98040430856156,-74.98040430856156
331.8700092983246,-74.9801586767814,-74.9801586767814
331.8800092983246,-74.97991160483909,-74.97991160483909
331.89000929832457,-74.97966328360381,-74.97966328360381
331.90000929832456,-74.97941390150561,-74.97941390150561
331.9100092983246,-74.9791636445591,-74.9791636445591
331.9200092983246,-74.97891269636882,-74.97891269636882
331.9300092983246,-74.97866123813375,-74.97866123813375
331.9400092983246,-74.97840944868258,-74.97840944868258
331.9500092983246,-74.9781575044609,-74.9781575044609
331.96000929832456,-74.97790557956245,-74.97790557956245
331.9700092983246,-74.97765384571873,-74.97765384571873
331.9800092983246,-74.97740247232326,-74.97740247232326
331.9900092983246,-74.97715162645035,-74.97715162645035
332.0000092983246,-74.97690147285266,-74.97690147285266
332.0100092983246,-74.97665217397795,-74.97665217397795
332.02000929832457,-74.97640388999308,-74.97640388999308
332.03000929832456,-74.9761567787796,-74.9761567787796
332.0400092983246,-74.97591099595817,-74.97591099595817
332.0500092983246,-74.97566669488819,-74.97566669488819
332.0600092983246,-74.97542402670689,-74.97542402670689
332.0700092983246,-74.97518314033329,-74.97518314033329
332.08000929832457,-74.9749441824536,-74.9749441824536
332.09000929832456,-74.9747072975776,-74.9747072975776
332.1000092983246,-74.97447262802962,-74.97447262802962
332.1100092983246,-74.97424031397229,-74.97424031397229
332.1200092983246,-74.97401049342963,-74.97401049342963
332.1300092983246,-74.97378330228787,-74.97378330228787
332.14000929832457,-74.97355887431253,-74.97355887431253
332.15000929832456,-74.97333734117835,-74.97333734117835
332.1600092983246,-74.97311883247492,-74.97311883247492
332.1700092983246,-74.97290347572716,-74.97290347572716
332.1800092983246,-74.97269139641786,-74.97269139641786
332.1900092983246,-74.97248271798658,-74.97248271798658
332.2000092983246,-74.97227756188815,-74.97227756188815
332.21000929832456,-74.97206951002366,-74.97206951002366
332.2200092983246,-74.97185581845959,-74.97185581845959
332.2300092983246,-74.97163521048377,-74.97163521048377
332.2400092983246,-74.97140708736843,-74.97140708736843
332.2500092983246,-74.97117122728781,-74.97117122728781
332.2600092983246,-74.9709276289746,-74.9709276289746
332.27000929832457,-74.97067642006856,-74.97067642006856
332.28000929832456,-74.97041780211165,-74.97041780211165
332.2900092983246,-74.97015201744186,-74.97015201744186
332.3000092983246,-74.96987932931708,-74.96987932931708
332.3100092983246,-74.96960001010693,-74.96960001010693
332.3200092983246,-74.96931433433437,-74.96931433433437
332.33000929832457,-74.96902257470316,-74.96902257470316
332.34000929832456,-74.9687249999425,-74.9687249999425
332.35000932216644,-74.96842187296048,-74.96842187296048
332.36000932216643,-74.96811345332132,-74.96811345332132
332.3700093221664,-74.96779999290717,-74.96779999290717
332.3800093221664,-74.9674817389091,-74.9674817389091
332.39000932216646,-74.9671589333572,-74.9671589333572
332.40000932216645,-74.96683181349309,-74.96683181349309
332.41000932216645,-74.96650061201406,-74.96650061201406
332.42000932216644,-74.96616555742894,-74.96616555742894
332.4300093221664,-74.96582687432111,-74.96582687432111
332.4400093221664,-74.96548478360207,-74.96548478360207
332.45000932216647,-74.96513950272569,-74.96513950272569
332.46000932216646,-74.96479124590958,-74.96479124590958
332.47000932216645,-74.9644402242663,-74.9644402242663
332.48000932216644,-74.96408664597378,-74.96408664597378
332.49000932216643,-74.96373071640028,-74.96373071640028
332.5000093221664,-74.9633726381939,-74.9633726381939
332.51000932216647,-74.96301261138694,-74.96301261138694
332.52000932216646,-74.96265083346724,-74.96265083346724
332.53000932216645,-74.96228749943783,-74.96228749943783
332.54000932216644,-74.96192280187918,-74.96192280187918
332.55000932216643,-74.96155693098333,-74.96155693098333
332.5600093221664,-74.96119007460575,-74.96119007460575
332.57000932216647,-74.96082241828039,-74.96082241828039
332.58000932216646,-74.9604541452671,-74.9604541452671
332.59000932216645,-74.9600854365693,-74.9600854365693
332.60000932216644,-74.95971647094649,-74.95971647094649
332.61000932216643,-74.95934742493553,-74.95934742493553
332.6200093221664,-74.9589784728713,-74.9589784728713
332.6300093221664,-74.95860978688887,-74.95860978688887
332.64000932216646,-74.958241536948,-74.958241536948
332.65000932216645,-74.95787389083732,-74.95787389083732
332.66000932216645,-74.95750701419108,-74.95750701419108
332.67000932216644,-74.95714107047382,-74.95714107047382
332.6800093221664,-74.95677622102548,-74.95677622102548
332.6900093221664,-74.95641262504641,-74.95641262504641
332.70000932216647,-74.95605043961258,-74.95605043961258
332.71000932216646,-74.95568981968746,-74.95568981968746
332.72000932216645,-74.95533091812813,-74.95533091812813
332.73000932216644,-74.95497388568077,-74.95497388568077
332.74000932216643,-74.95461887101236,-74.95461887101236
332.7500093221664,-74.95426602070604,-74.95426602070604
332.76000932216647,-74.95391547926992,-74.95391547926992
332.77000932216646,-74.95356738915335,-74.95356738915335
332.78000932216645,-74.95322189075517,-74.95322189075517
332.79000932216644,-74.95287912243239,-74.95287912243239
332.80000932216643,-74.95253922050101,-74.95253922050101
332.8100093221664,-74.95220231927965,-74.95220231927965
332.82000932216647,-74.95186855105942,-74.95186855105942
332.83000932216646,-74.95153804614108,-74.95153804614108
332.84000932216645,-74.95121093283889,-74.95121093283889
332.85000932216644,-74.95088733750089,-74.95088733750089
332.86000932216643,-74.95056738450454,-74.95056738450454
332.8700093221664,-74.95025119630358,-74.95025119630358
332.8800093221664,-74.9499388933916,-74.9499388933916
332.89000932216646,-74.94963059436202,-74.94963059436202
332.90000932216645,-74.94932641589654,-74.94932641589654
332.91000932216645,-74.94902647278673,-74.94902647278673
332.92000932216644,-74.94873087794825,-74.94873087794825
332.9300093221664,-74.94843974244823,-74.94843974244823
332.9400093221664,-74.94815317549626,-74.94815317549626
332.95000932216647,-74.94787128446742,-74.94787128446742
332.96000932216646,-74.94759417492396,-74.94759417492396
332.97000932216645,-74.94732195063871,-74.94732195063871
332.98000932216644,-74.94705471358999,-74.94705471358999
332.99000932216643,-74.94679256399064,-74.94679256399064
333.0000093221664,-74.946535600315,-74.946535600315
333.01000932216647,-74.94628391928643,-74.94628391928643
333.02000932216646,-74.94603761591677,-74.94603761591677
333.03000932216645,-74.94579678351784,-74.94579678351784
333.04000932216644,-74.94556151370791,-74.94556151370791
333.05000932216643,-74.94533189644538,-74.94533189644538
333.0600093221664,-74.94510802004169,-74.94510802004169
333.07000932216647,-74.94488997115538,-74.94488997115538
333.08000932216646,-74.94467783484657,-74.94467783484657
333.09000932216645,-74.94447169456228,-74.94447169456228
333.10000932216644,-74.94427163217826,-74.94427163217826
333.11000932216643,-74.94407772798937,-74.94407772798937
333.1200093221664,-74.94389006075055,-74.94389006075055
333.1300093221664,-74.94370870767692,-74.94370870767692
333.14000932216646,-74.9435337444684,-74.9435337444684
333.15000932216645,-74.94336524534357,-74.94336524534357
333.16000932216645,-74.94320328301576,-74.94320328301576
333.17000932216644,-74.94304792874726,-74.94304792874726
333.1800093221664,-74.94289925235229,-74.94289925235229
333.1900093221664,-74.94275732221132,-74.94275732221132
333.2000093460083,-74.94262220496014,-74.94262220496014
333.2100093460083,-74.94249396684832,-74.94249396684832
333.2200093460083,-74.94237267171638,-74.94237267171638
333.2300093460083,-74.94225838239632,-74.94225838239632
333.2400093460083,-74.94215116035967,-74.94215116035967
333.2500093460083,-74.94205106576602,-74.94205106576602
333.2600093460083,-74.9419581574415,-74.9419581574415
333.2700093460083,-74.94187249292659,-74.94187249292659
333.2800093460083,-74.94179412847534,-74.94179412847534
333.2900093460083,-74.94172311909131,-74.94172311909131
333.3000093460083,-74.94165951849833,-74.94165951849833
333.3100093460083,-74.94160337922021,-74.94160337922021
333.3200093460083,-74.94155475254007,-74.94155475254007
333.3300093460083,-74.94151368854907,-74.94151368854907
333.3400093460083,-74.94148023614896,-74.94148023614896
333.3500093460083,-74.94145444307736,-74.94145444307736
333.3600093460083,-74.94143635590753,-74.94143635590753
333.3700093460083,-74.9414260200758,-74.9414260200758
333.3800093460083,-74.94142347989371,-74.94142347989371
333.3900093460083,-74.94142877856403,-74.94142877856403
333.4000093460083,-74.94144195819315,-74.94144195819315
333.4100093460083,-74.94146305980773,-74.94146305980773
333.4200093460083,-74.94149212336698,-74.94149212336698
333.4300093460083,-74.94152918777914,-74.94152918777914
333.4400093460083,-74.94157429092608,-74.94157429092608
333.4500093460083,-74.94162746964723,-74.94162746964723
333.4600093460083,-74.94168875978595,-74.94168875978595
333.4700093460083,-74.9417581961869,-74.9417581961869
333.4800093460083,-74.9418358127233,-74.9418358127233
333.4900093460083,-74.94192164228923,-74.94192164228923
333.5000093460083,-74.94201571682748,-74.94201571682748
333.5100093460083,-74.94211806733801,-74.94211806733801
333.5200093460083,-74.9422287238963,-74.9422287238963
333.5300093460083,-74.94234771567588,-74.94234771567588
333.5400093460083,-74.94247507092965,-74.94247507092965
333.5500093460083,-74.94261081703203,-74.94261081703203
333.5600093460083,-74.94275498048599,-74.94275498048599
333.5700093460083,-74.94290758691685,-74.94290758691685
333.5800093460083,-74.94306866111721,-74.94306866111721
333.5900093460083,-74.94323822703494,-74.94323822703494
333.6000093460083,-74.94341630777963,-74.94341630777963
333.6100093460083,-74.94360292565946,-74.94360292565946
333.6200093460083,-74.94379810217404,-74.94379810217404
333.6300093460083,-74.94400185803563,-74.94400185803563
333.6400093460083,-74.94421421318084,-74.94421421318084
333.6500093460083,-74.94443518677389,-74.94443518677389
333.6600093460083,-74.94466479722365,-74.94466479722365
333.6700093460083,-74.94490306218594,-74.94490306218594
333.6800093460083,-74.94514999860075,-74.94514999860075
333.6900093460083,-74.94540562266566,-74.94540562266566
333.7000093460083,-74.94566994987044,-74.94566994987044
333.7100093460083,-74.94594299501566,-74.94594299501566
333.7200093460083,-74.94622477219716,-74.94622477219716
333.7300093460083,-74.94651529483514,-74.94651529483514
333.7400093460083,-74.946814575677,-74.946814575677
333.7500093460083,-74.94712262680527,-74.94712262680527
333.7600093460083,-74.94743945965996,-74.94743945965996
333.7700093460083,-74.94776508504258,-74.94776508504258
333.7800093460083,-74.94809951311395,-74.94809951311395
333.7900093460083,-74.94844275342398,-74.94844275342398
333.8000093460083,-74.9487948148861,-74.9487948148861
333.8100093460083,-74.94915570584554,-74.94915570584554
333.8200093460083,-74.94952543403016,-74.94952543403016
333.8300093460083,-74.94990400659927,-74.94990400659927
333.8400093460083,-74.95029143012177,-74.95029143012177
333.8500093460083,-74.95068771061257,-74.95068771061257
333.8600093460083,-74.95109285352031,-74.95109285352031
333.8700093460083,-74.95150686375518,-74.95150686375518
333.8800093460083,-74.9519297456777,-74.9519297456777
333.8900093460083,-74.9523615031168,-74.9523615031168
333.9000093460083,-74.95280213938398,-74.95280213938398
333.9100093460083,-74.95325165727144,-74.95325165727144
333.9200093460083,-74.95371005906851,-74.95371005906851
333.9300093460083,-74.9541773465609,-74.9541773465609
333.9400093460083,-74.95465352103885,-74.95465352103885
333.9500093460083,-74.95513858332572,-74.95513858332572
333.9600093460083,-74.95562599577005,-74.95562599577005
333.9700093460083,-74.95611289572209,-74.95611289572209
333.9800093460083,-74.95659788901946,-74.95659788901946
333.9900093460083,-74.95708026089146,-74.95708026089146
334.0000093460083,-74.95755967489767,-74.95755967489767
334.0100093460083,-74.95803601659861,-74.95803601659861
334.0200093460083,-74.95850930192692,-74.95850930192692
334.0300093460083,-74.9589796221471,-74.9589796221471
334.0400093460083,-74.95944711074522,-74.95944711074522
334.05000936985016,-74.95991192465952,-74.95991192465952
334.06000936985015,-74.96037422804068,-74.96037422804068
334.07000936985014,-74.96083419193734,-74.96083419193734
334.08000936985013,-74.96129198585689,-74.96129198585689
334.0900093698502,-74.96174777670728,-74.96174777670728
334.10000936985017,-74.962201727695,-74.962201727695
334.11000936985016,-74.96265399789301,-74.96265399789301
334.12000936985015,-74.96310474216222,-74.96310474216222
334.13000936985014,-74.96355411131299,-74.96355411131299
334.14000936985013,-74.9640022523442,-74.9640022523442
334.1500093698502,-74.9644493087432,-74.9644493087432
334.1600093698502,-74.96489542078851,-74.96489542078851
334.17000936985016,-74.96534072585463,-74.96534072585463
334.18000936985015,-74.96578535865378,-74.96578535865378
334.19000936985015,-74.96622945150123,-74.96622945150123
334.20000936985014,-74.96667313450286,-74.96667313450286
334.2100093698502,-74.96710999693305,-74.96710999693305
334.2200093698502,-74.96753730223637,-74.96753730223637
334.23000936985017,-74.96795378129941,-74.96795378129941
334.24000936985016,-74.9683588433823,-74.9683588433823
334.25000936985015,-74.96875227506412,-74.96875227506412
334.26000936985014,-74.96913408398626,-74.96913408398626
334.2700093698502,-74.96950440726802,-74.96950440726802
334.2800093698502,-74.969863456503,-74.969863456503
334.29000936985017,-74.97021148466828,-74.97021148466828
334.30000936985016,-74.97054876630159,-74.97054876630159
334.31000936985015,-74.9708755856957,-74.9708755856957
334.32000936985014,-74.97119222991535,-74.97119222991535
334.33000936985013,-74.97149898484653,-74.97149898484653
334.3400093698502,-74.97179613298438,-74.97179613298438
334.35000936985017,-74.97208395237271,-74.97208395237271
334.36000936985016,-74.97236271612924,-74.97236271612924
334.37000936985015,-74.9726326923852,-74.9726326923852
334.38000936985014,-74.97289414444468,-74.97289414444468
334.39000936985013,-74.97314733097309,-74.97314733097309
334.4000093698502,-74.97339250634158,-74.97339250634158
334.4100093698502,-74.9736299208852,-74.9736299208852
334.42000936985016,-74.9738598211952,-74.9738598211952
334.43000936985015,-74.97408245038807,-74.97408245038807
334.44000936985015,-74.9742980482893,-74.9742980482893
334.45000936985014,-74.97450685170053,-74.97450685170053
334.4600093698502,-74.97470909452537,-74.97470909452537
334.4700093698502,-74.97490500791746,-74.97490500791746
334.48000936985017,-74.97509482041121,-74.97509482041121
334.49000936985016,-74.9752787580392,-74.9752787580392
334.50000936985015,-74.97545704438403,-74.97545704438403
334.51000936985014,-74.97562990068148,-74.97562990068148
334.5200093698502,-74.97579754583948,-74.97579754583948
334.5300093698502,-74.97596019650744,-74.97596019650744
334.54000936985017,-74.97611806710704,-74.97611806710704
334.55000936985016,-74.97627136985483,-74.97627136985483
334.56000936985015,-74.97642031479192,-74.97642031479192
334.57000936985014,-74.97656510977471,-74.97656510977471
334.58000936985013,-74.97670596051455,-74.97670596051455
334.5900093698502,-74.97684307057469,-74.97684307057469
334.60000936985017,-74.97697664135701,-74.97697664135701
334.61000936985016,-74.97710687213382,-74.97710687213382
334.62000936985015,-74.97723396003938,-74.97723396003938
334.63000936985014,-74.97735810005112,-74.97735810005112
334.64000936985013,-74.97747948501747,-74.97747948501747
334.6500093698502,-74.97759830562325,-74.97759830562325
334.6600093698502,-74.9777147504262,-74.9777147504262
334.67000936985016,-74.97782900581895,-74.97782900581895
334.68000936985015,-74.97794125604703,-74.97794125604703
334.69000936985015,-74.97805168319577,-74.97805168319577
334.70000936985014,-74.9781604672181,-74.9781604672181
334.7100093698502,-74.97826778586614,-74.97826778586614
334.7200093698502,-74.97837381477527,-74.97837381477527
334.73000936985017,-74.97847872741342,-74.97847872741342
334.74000936985016,-74.97858269507722,-74.97858269507722
334.75000936985015,-74.9786858869304,-74.9786858869304
334.76000936985014,-74.97878846995978,-74.97878846995978
334.7700093698502,-74.97889060901802,-74.97889060901802
334.7800093698502,-74.97899246680355,-74.97899246680355
334.79000936985017,-74.9790942038767,-74.9790942038767
334.80000936985016,-74.97919597865535,-74.97919597865535
334.81000936985015,-74.97929794742944,-74.97929794742944
334.82000936985014,-74.97940026435128,-74.97940026435128
334.83000936985013,-74.9795030814669,-74.9795030814669
334.8400093698502,-74.97960654870953,-74.97960654870953
334.85000936985017,-74.97971081390581,-74.97971081390581
334.86000936985016,-74.97981602278256,-74.97981602278256
334.87000936985015,-74.97992231898513,-74.97992231898513
334.88000936985014,-74.98002984408382,-74.98002984408382
334.89000936985013,-74.98013873758539,-74.98013873758539
334.900009393692,-74.98024913720099,-74.98024913720099
334.910009393692,-74.98036117783026,-74.98036117783026
334.920009393692,-74.98047499310314,-74.98047499310314
334.930009393692,-74.98059071438544,-74.98059071438544
334.94000939369204,-74.98070847103178,-74.98070847103178
334.950009393692,-74.98082839041047,-74.98082839041047
334.960009393692,-74.98095059791706,-74.98095059791706
334.970009393692,-74.98107521697794,-74.98107521697794
334.980009393692,-74.98120236907259,-74.98120236907259
334.990009393692,-74.98133217374287,-74.98133217374287
335.00000939369204,-74.98146474862598,-74.98146474862598
335.01000939369203,-74.98160020944339,-74.98160020944339
335.020009393692,-74.98173867002942,-74.98173867002942
335.030009393692,-74.98188024235773,-74.98188024235773
335.040009393692,-74.98202503653684,-74.98202503653684
335.050009393692,-74.98217316084266,-74.98217316084266
335.06000939369204,-74.98232472172323,-74.98232472172323
335.07000939369203,-74.98247982383138,-74.98247982383138
335.080009393692,-74.98263857002254,-74.98263857002254
335.090009393692,-74.98280106138662,-74.98280106138662
335.100009393692,-74.98296739726115,-74.98296739726115
335.110009393692,-74.98313767524326,-74.98313767524326
335.12000939369204,-74.98331199121041,-74.98331199121041
335.13000939369203,-74.98349043934248,-74.98349043934248
335.140009393692,-74.98367311212974,-74.98367311212974
335.150009393692,-74.9838601004018,-74.9838601004018
335.160009393692,-74.98405149333759,-74.98405149333759
335.170009393692,-74.98424737848342,-74.98424737848342
335.180009393692,-74.9844478417717,-74.9844478417717
335.19000939369204,-74.98465296754786,-74.98465296754786
335.200009393692,-74.98486283857595,-74.98486283857595
335.210009393692,-74.98507753605371,-74.98507753605371
335.220009393692,-74.98529713963921,-74.98529713963921
335.230009393692,-74.98552172746236,-74.98552172746236
335.240009393692,-74.98575137616413,-74.98575137616413
335.25000939369204,-74.98598616087507,-74.98598616087507
335.26000939369203,-74.98622615526526,-74.98622615526526
335.270009393692,-74.98647143154069,-74.98647143154069
335.280009393692,-74.98672206048731,-74.98672206048731
335.290009393692,-74.98697811146276,-74.98697811146276
335.300009393692,-74.98723965242478,-74.98723965242478
335.31000939369204,-74.98750674993303,-74.98750674993303
335.32000939369203,-74.98777946920197,-74.98777946920197
335.330009393692,-74.98805787408453,-74.98805787408453
335.340009393692,-74.98834202709503,-74.98834202709503
335.350009393692,-74.988631989435,-74.988631989435
335.360009393692,-74.98892782100882,-74.98892782100882
335.37000939369204,-74.98922958044447,-74.98922958044447
335.38000939369203,-74.98953732507972,-74.98953732507972
335.390009393692,-74.98985111102482,-74.98985111102482
335.400009393692,-74.9901709931566,-74.9901709931566
335.410009393692,-74.99049702511427,-74.99049702511427
335.420009393692,-74.99082925934526,-74.99082925934526
335.430009393692,-74.99116774711698,-74.99116774711698
335.44000939369204,-74.9915125385256,-74.9915125385256
335.450009393692,-74.99186368251056,-74.99186368251056
335.460009393692,-74.99222122686467,-74.99222122686467
335.470009393692,-74.99258521827333,-74.99258521827333
335.480009393692,-74.99295570229775,-74.99295570229775
335.490009393692,-74.99333272341399,-74.99333272341399
335.50000939369204,-74.9937163250187,-74.9937163250187
335.51000939369203,-74.99410654944427,-74.99410654944427
335.520009393692,-74.99450343797221,-74.99450343797221
335.530009393692,-74.99490703085591,-74.99490703085591
335.540009393692,-74.99531736732759,-74.99531736732759
335.550009393692,-74.99573448560456,-74.99573448560456
335.56000939369204,-74.99615842293021,-74.99615842293021
335.57000939369203,-74.99658921555697,-74.99658921555697
335.580009393692,-74.99702689877856,-74.99702689877856
335.590009393692,-74.99747150692949,-74.99747150692949
335.600009393692,-74.99792307342123,-74.99792307342123
335.610009393692,-74.99838163073439,-74.99838163073439
335.62000939369204,-74.99884721044185,-74.99884721044185
335.63000939369203,-74.99931984322089,-74.99931984322089
335.640009393692,-74.99979955886526,-74.99979955886526
335.650009393692,-75.00028638628876,-75.00028638628876
335.660009393692,-75.00078035355864,-75.00078035355864
335.670009393692,-75.00128148788995,-75.00128148788995
335.680009393692,-75.00178981566562,-75.00178981566562
335.69000939369204,-75.00230536244524,-75.00230536244524
335.700009393692,-75.00282815298009,-75.00282815298009
335.710009393692,-75.0033516689564,-75.0033516689564
335.720009393692,-75.0038730690405,-75.0038730690405
335.730009393692,-75.00439098098991,-75.00439098098991
335.740009393692,-75.00490471205397,-75.00490471205397
335.7500094175339,-75.00541394896504,-75.00541394896504
335.76000941753387,-75.00591859663686,-75.00591859663686
335.77000941753386,-75.00641869381607,-75.00641869381607
335.78000941753385,-75.00691435311647,-75.00691435311647
335.7900094175339,-75.00740572913826,-75.00740572913826
335.8000094175339,-75.00789299857085,-75.00789299857085
335.8100094175339,-75.00837634839608,-75.00837634839608
335.82000941753387,-75.00885596889889,-75.00885596889889
335.83000941753386,-75.00933204968968,-75.00933204968968
335.84000941753385,-75.00980477751591,-75.00980477751591
335.8500094175339,-75.01027433517966,-75.01027433517966
335.8600094175339,-75.01074090111027,-75.01074090111027
335.8700094175339,-75.01120464926662,-75.01120464926662
335.88000941753387,-75.01166574931295,-75.01166574931295
335.89000941753386,-75.01212436686458,-75.01212436686458
335.90000941753385,-75.01258066379317,-75.01258066379317
335.9100094175339,-75.01303479852018,-75.01303479852018
335.9200094175339,-75.01348692631224,-75.01348692631224
335.9300094175339,-75.01393719956951,-75.01393719956951
335.9400094175339,-75.01438576804114,-75.01438576804114
335.95000941753386,-75.01483277906696,-75.01483277906696
335.96000941753385,-75.01527837774113,-75.01527837774113
335.9700094175339,-75.01572270706926,-75.01572270706926
335.9800094175339,-75.01616590811471,-75.01616590811471
335.9900094175339,-75.01660812011401,-75.01660812011401
336.0000094175339,-75.01704948056849,-75.01704948056849
336.01000941753387,-75.0174901253131,-75.0174901253131
336.02000941753386,-75.01793018859304,-75.01793018859304
336.03000941753385,-75.0183698031082,-75.0183698031082
336.0400094175339,-75.01880910006847,-75.01880910006847
336.0500094175339,-75.01924820922981,-75.01924820922981
336.0600094175339,-75.01968725890875,-75.01968725890875
336.07000941753387,-75.02012637601175,-75.02012637601175
336.08000941753386,-75.02056568605639,-75.02056568605639
336.09000941753385,-75.0210053131801,-75.0210053131801
336.1000094175339,-75.02144538016428,-75.02144538016428
336.1100094175339,-75.0218860083964,-75.0218860083964
336.1200094175339,-75.0223273179457,-75.0223273179457
336.13000941753387,-75.0227694275049,-75.0227694275049
336.14000941753386,-75.02321245442752,-75.02321245442752
336.15000941753385,-75.0236565147133,-75.0236565147133
336.1600094175339,-75.02410172300709,-75.02410172300709
336.1700094175339,-75.0245481926089,-75.0245481926089
336.1800094175339,-75.02499603547248,-75.02499603547248
336.1900094175339,-75.02544536219212,-75.02544536219212
336.20000941753386,-75.0258962820081,-75.0258962820081
336.21000941753385,-75.02634890280729,-75.02634890280729
336.2200094175339,-75.026803331113,-75.026803331113
336.2300094175339,-75.0272596721221,-75.0272596721221
336.2400094175339,-75.02771802963758,-75.02771802963758
336.2500094175339,-75.02817850613263,-75.02817850613263
336.26000941753387,-75.02864120270887,-75.02864120270887
336.27000941753386,-75.02910621911371,-75.02910621911371
336.28000941753385,-75.02957365373955,-75.02957365373955
336.2900094175339,-75.0300436036281,-75.0300436036281
336.3000094175339,-75.03051616447276,-75.03051616447276
336.3100094175339,-75.03099143059693,-75.03099143059693
336.32000941753387,-75.0314694950018,-75.0314694950018
336.33000941753386,-75.03195044932555,-75.03195044932555
336.34000941753385,-75.03243438387324,-75.03243438387324
336.3500094175339,-75.03292138760872,-75.03292138760872
336.3600094175339,-75.03341154816572,-75.03341154816572
336.3700094175339,-75.03390495185324,-75.03390495185324
336.38000941753387,-75.03440168364483,-75.03440168364483
336.39000941753386,-75.03490182721278,-75.03490182721278
336.40000941753385,-75.03540546490797,-75.03540546490797
336.4100094175339,-75.03591267778394,-75.03591267778394
336.4200094175339,-75.03642354558511,-75.03642354558511
336.4300094175339,-75.0369381467613,-75.0369381467613
336.4400094175339,-75.03745655848499,-75.03745655848499
336.45000941753386,-75.03797885665657,-75.03797885665657
336.46000941753385,-75.03850511589191,-75.03850511589191
336.4700094175339,-75.03903540956776,-75.03903540956776
336.4800094175339,-75.03956980979531,-75.03956980979531
336.4900094175339,-75.04010838744387,-75.04010838744387
336.5000094175339,-75.0406512121423,-75.0406512121423
336.51000941753387,-75.04119835229069,-75.04119835229069
336.52000941753386,-75.04174987509346,-75.04174987509346
336.53000941753385,-75.04230584652825,-75.04230584652825
336.5400094175339,-75.0428663313797,-75.0428663313797
336.5500094175339,-75.04343139324475,-75.04343139324475
336.5600094175339,-75.04400109454305,-75.04400109454305
336.57000941753387,-75.04457549653806,-75.04457549653806
336.58000941753386,-75.04515465931826,-75.04515465931826
336.59000941753385,-75.04573864183658,-75.04573864183658
336.60000944137573,-75.04632750330705,-75.04632750330705
336.6100094413757,-75.04692129763993,-75.04692129763993
336.6200094413757,-75.04752008178123,-75.04752008178123
336.6300094413757,-75.04812391019863,-75.04812391019863
336.64000944137575,-75.04873283628432,-75.04873283628432
336.65000944137574,-75.0493469123281,-75.0493469123281
336.66000944137573,-75.04996618954983,-75.04996618954983
336.6700094413757,-75.05059071811452,-75.05059071811452
336.6800094413757,-75.05122054713911,-75.05122054713911
336.6900094413757,-75.05185572471052,-75.05185572471052
336.70000944137576,-75.05249629787463,-75.05249629787463
336.71000944137575,-75.05314231267356,-75.05314231267356
336.72000944137574,-75.0537938141324,-75.0537938141324
336.7300094413757,-75.05445084629133,-75.05445084629133
336.7400094413757,-75.0551134522171,-75.0551134522171
336.7500094413757,-75.05578167400078,-75.05578167400078
336.76000944137576,-75.05645555275494,-75.05645555275494
336.77000944137575,-75.05713512867858,-75.05713512867858
336.78000944137574,-75.05782044100216,-75.05782044100216
336.79000944137573,-75.05851152805295,-75.05851152805295
336.8000094413757,-75.05920842723607,-75.05920842723607
336.8100094413757,-75.05991117505732,-75.05991117505732
336.82000944137576,-75.06061980710719,-75.06061980710719
336.83000944137575,-75.06133435812795,-75.06133435812795
336.84000944137574,-75.0620548619681,-75.0620548619681
336.85000944137573,-75.06278135162543,-75.06278135162543
336.8600094413757,-75.06351385925622,-75.06351385925622
336.8700094413757,-75.06425241615482,-75.06425241615482
336.8800094413757,-75.06499705281202,-75.06499705281202
336.89000944137575,-75.06574779889235,-75.06574779889235
336.90000944137574,-75.0665046832522,-75.0665046832522
336.91000944137573,-75.0672677339565,-75.0672677339565
336.9200094413757,-75.06803697827425,-75.06803697827425
336.9300094413757,-75.06881244271685,-75.06881244271685
336.9400094413757,-75.06959415301857,-75.06959415301857
336.95000944137576,-75.07038213416455,-75.07038213416455
336.96000944137575,-75.07117641039571,-75.07117641039571
336.97000944137574,-75.07197700520648,-75.07197700520648
336.9800094413757,-75.07278394137991,-75.07278394137991
336.9900094413757,-75.07359724098417,-75.07359724098417
337.0000094413757,-75.07441692536973,-75.07441692536973
337.01000944137576,-75.07524301521876,-75.07524301521876
337.02000944137575,-75.07607553049783,-75.07607553049783
337.03000944137574,-75.07691449052234,-75.07691449052234
337.04000944137573,-75.07775991391179,-75.07775991391179
337.0500094413757,-75.07861181865981,-75.07861181865981
337.0600094413757,-75.07947022210008,-75.07947022210008
337.07000944137576,-75.08033514091892,-75.08033514091892
337.08000944137575,-75.08120659117836,-75.08120659117836
337.09000944137574,-75.08208458832941,-75.08208458832941
337.10000944137573,-75.08296914719992,-75.08296914719992
337.1100094413757,-75.0838602820201,-75.0838602820201
337.1200094413757,-75.08475800642316,-75.08475800642316
337.1300094413757,-75.08566233345417,-75.08566233345417
337.14000944137575,-75.08657327558848,-75.08657327558848
337.15000944137574,-75.08749084473068,-75.08749084473068
337.16000944137573,-75.08841505222358,-75.08841505222358
337.1700094413757,-75.08934590885558,-75.08934590885558
337.1800094413757,-75.09028342487014,-75.09028342487014
337.1900094413757,-75.09122760998427,-75.09122760998427
337.20000944137576,-75.09217847338658,-75.09217847338658
337.21000944137575,-75.09313602373169,-75.09313602373169
337.22000944137574,-75.09410026917627,-75.09410026917627
337.2300094413757,-75.09507121736202,-75.09507121736202
337.2400094413757,-75.0960488754479,-75.0960488754479
337.2500094413757,-75.09703325009336,-75.09703325009336
337.26000944137576,-75.09802434747237,-75.09802434747237
337.27000944137575,-75.09902217329673,-75.09902217329673
337.28000944137574,-75.10002673279813,-75.10002673279813
337.29000944137573,-75.1010380307623,-75.1010380307623
337.3000094413757,-75.10205607151283,-75.10205607151283
337.3100094413757,-75.10308085892078,-75.10308085892078
337.32000944137576,-75.10411239643526,-75.10411239643526
337.33000944137575,-75.10515068706067,-75.10515068706067
337.34000944137574,-75.10619573338315,-75.10619573338315
337.35000944137573,-75.10724753756136,-75.10724753756136
337.3600094413757,-75.10830610135166,-75.10830610135166
337.3700094413757,-75.10937142609986,-75.10937142609986
337.3800094413757,-75.11044351275312,-75.11044351275312
337.39000944137575,-75.1115223618652,-75.1115223618652
337.40000944137574,-75.11260797359922,-75.11260797359922
337.41000944137573,-75.11370034774716,-75.11370034774716
337.4200094413757,-75.11479948372202,-75.11479948372202
337.4300094413757,-75.115905380571,-75.115905380571
337.4400094413757,-75.11701803697329,-75.11701803697329
337.4500094652176,-75.11813745391804,-75.11813745391804
337.4600094652176,-75.11925706948107,-75.11925706948107
337.4700094652176,-75.12037401249424,-75.12037401249424
337.48000946521756,-75.12148688086386,-75.12148688086386
337.4900094652176,-75.12259495347688,-75.12259495347688
337.5000094652176,-75.12369788852087,-75.12369788852087
337.5100094652176,-75.12479556684562,-75.12479556684562
337.5200094652176,-75.12588800015756,-75.12588800015756
337.5300094652176,-75.12697527588581,-75.12697527588581
337.54000946521757,-75.12805752401019,-75.12805752401019
337.5500094652176,-75.12913489718225,-75.12913489718225
337.5600094652176,-75.13020755885796,-75.13020755885796
337.5700094652176,-75.13127567631791,-75.13127567631791
337.5800094652176,-75.13233941666785,-75.13233941666785
337.5900094652176,-75.13339894464235,-75.13339894464235
337.60000946521757,-75.13445442149,-75.13445442149
337.6100094652176,-75.13550600454884,-75.13550600454884
337.6200094652176,-75.13655384715567,-75.13655384715567
337.6300094652176,-75.13759809878576,-75.13759809878576
337.6400094652176,-75.13863890527317,-75.13863890527317
337.6500094652176,-75.13967640915774,-75.13967640915774
337.66000946521757,-75.14071074992252,-75.14071074992252
337.6700094652176,-75.14174206430444,-75.14174206430444
337.6800094652176,-75.14277048655296,-75.14277048655296
337.6900094652176,-75.14379614868072,-75.14379614868072
337.7000094652176,-75.14481918062866,-75.14481918062866
337.7100094652176,-75.14583971048238,-75.14583971048238
337.7200094652176,-75.14685786460285,-75.14685786460285
337.73000946521756,-75.14787376776046,-75.14787376776046
337.7400094652176,-75.14888754324492,-75.14888754324492
337.7500094652176,-75.14989931293901,-75.14989931293901
337.7600094652176,-75.15090919740537,-75.15090919740537
337.7700094652176,-75.15191731594689,-75.15191731594689
337.7800094652176,-75.15292378665424,-75.15292378665424
337.79000946521757,-75.1539287264148,-75.1539287264148
337.8000094652176,-75.15493225098632,-75.15493225098632
337.8100094652176,-75.15593447500592,-75.15593447500592
337.8200094652176,-75.15693551198028,-75.15693551198028
337.8300094652176,-75.15793547432791,-75.15793547432791
337.8400094652176,-75.1589344733857,-75.1589344733857
337.85000946521757,-75.1599326193869,-75.1599326193869
337.8600094652176,-75.16093002150387,-75.16093002150387
337.8700094652176,-75.16192678781366,-75.16192678781366
337.8800094652176,-75.16292302531909,-75.16292302531909
337.8900094652176,-75.16391883992489,-75.16391883992489
337.9000094652176,-75.16491433646347,-75.16491433646347
337.91000946521757,-75.16590961865992,-75.16590961865992
337.9200094652176,-75.16690478915233,-75.16690478915233
337.9300094652176,-75.1678999494708,-75.1678999494708
337.9400094652176,-75.16889520002931,-75.16889520002931
337.9500094652176,-75.16989064013127,-75.16989064013127
337.9600094652176,-75.17088636796834,-75.17088636796834
337.9700094652176,-75.17188248060096,-75.17188248060096
337.98000946521756,-75.17287907396752,-75.17287907396752
337.9900094652176,-75.17387624287747,-75.17387624287747
338.0000094652176,-75.1748740809791,-75.1748740809791
338.0100094652176,-75.17587268081334,-75.17587268081334
338.0200094652176,-75.17687213376004,-75.17687213376004
338.0300094652176,-75.17787253005088,-75.17787253005088
338.04000946521757,-75.17887395878046,-75.17887395878046
338.0500094652176,-75.17987650788658,-75.17987650788658
338.0600094652176,-75.18088026415765,-75.18088026415765
338.0700094652176,-75.18188531322984,-75.18188531322984
338.0800094652176,-75.18289173958122,-75.18289173958122
338.0900094652176,-75.18389962655326,-75.18389962655326
338.10000946521757,-75.18490905632753,-75.18490905632753
338.1100094652176,-75.18592010993983,-75.18592010993983
338.1200094652176,-75.18693286726878,-75.18693286726878
338.1300094652176,-75.18794740706319,-75.18794740706319
338.1400094652176,-75.18896380691578,-75.18896380691578
338.1500094652176,-75.18998214328914,-75.18998214328914
338.16000946521757,-75.19100249150841,-75.19100249150841
338.1700094652176,-75.19202492575897,-75.19202492575897
338.1800094652176,-75.193049519094,-75.193049519094
338.1900094652176,-75.19407634345373,-75.19407634345373
338.2000094652176,-75.19510546966121,-75.19510546966121
338.2100094652176,-75.19613040625131,-75.19613040625131
338.2200094652176,-75.19714834737276,-75.19714834737276
338.23000946521756,-75.19815795963322,-75.19815795963322
338.2400094652176,-75.19915859054807,-75.19915859054807
338.2500094652176,-75.20014996652829,-75.20014996652829
338.2600094652176,-75.20113203612401,-75.20113203612401
338.2700094652176,-75.20210487813837,-75.20210487813837
338.2800094652176,-75.20306864646142,-75.20306864646142
338.29000946521757,-75.20402353684729,-75.20402353684729
338.30000948905945,-75.20496976929962,-75.20496976929962
338.31000948905944,-75.20590756712656,-75.20590756712656
338.32000948905943,-75.20683716357627,-75.20683716357627
338.3300094890594,-75.20775878873995,-75.20775878873995
338.34000948905947,-75.20867266962385,-75.20867266962385
338.35000948905946,-75.20957902905369,-75.20957902905369
338.36000948905945,-75.21047808523208,-75.21047808523208
338.37000948905944,-75.2113700516449,-75.2113700516449
338.38000948905943,-75.21225513721755,-75.21225513721755
338.3900094890594,-75.21313354656085,-75.21313354656085
338.40000948905947,-75.21400548023566,-75.21400548023566
338.41000948905946,-75.21487113508846,-75.21487113508846
338.42000948905945,-75.21573070453341,-75.21573070453341
338.43000948905944,-75.21658437878202,-75.21658437878202
338.44000948905943,-75.21743234513652,-75.21743234513652
338.4500094890594,-75.21827478814599,-75.21827478814599
338.4600094890595,-75.21911188981612,-75.21911188981612
338.47000948905946,-75.21994382976742,-75.21994382976742
338.48000948905946,-75.22077078535422,-75.22077078535422
338.49000948905945,-75.22159293176851,-75.22159293176851
338.50000948905944,-75.22241044216108,-75.22241044216108
338.5100094890594,-75.22322348769106,-75.22322348769106
338.5200094890595,-75.22403223762085,-75.22403223762085
338.53000948905947,-75.22483685931986,-75.22483685931986
338.54000948905946,-75.22563751836616,-75.22563751836616
338.55000948905945,-75.22643437852868,-75.22643437852868
338.56000948905944,-75.22722760183406,-75.22722760183406
338.57000948905943,-75.2280173485781,-75.2280173485781
338.5800094890594,-75.22880377733208,-75.22880377733208
338.59000948905947,-75.22958704496466,-75.22958704496466
338.60000948905946,-75.23036730665065,-75.23036730665065
338.61000948905945,-75.23114471588805,-75.23114471588805
338.62000948905944,-75.23191942449223,-75.23191942449223
338.63000948905943,-75.23269158261137,-75.23269158261137
338.6400094890594,-75.23346133871684,-75.23346133871684
338.65000948905947,-75.23422883961113,-75.23422883961113
338.66000948905946,-75.23499423042719,-75.23499423042719
338.67000948905945,-75.23575765465453,-75.23575765465453
338.68000948905944,-75.23651925409293,-75.23651925409293
338.69000948905943,-75.2372791688866,-75.2372791688866
338.7000094890594,-75.23803753752092,-75.23803753752092
338.7100094890595,-75.23879449682404,-75.23879449682404
338.72000948905946,-75.23955018194286,-75.23955018194286
338.73000948905946,-75.24030472639163,-75.24030472639163
338.74000948905945,-75.2410582620075,-75.2410582620075
338.75000948905944,-75.24181091897924,-75.24181091897924
338.7600094890594,-75.24256282583806,-75.24256282583806
338.7700094890595,-75.24331410946475,-75.24331410946475
338.78000948905947,-75.24406489509086,-75.24406489509086
338.79000948905946,-75.24481530631643,-75.24481530631643
338.80000948905945,-75.24556546508643,-75.24556546508643
338.81000948905944,-75.2463154917197,-75.2463154917197
338.82000948905943,-75.24706550489597,-75.24706550489597
338.8300094890594,-75.2478156216787,-75.2478156216787
338.84000948905947,-75.24856595752158,-75.24856595752158
338.85000948905946,-75.24931662624002,-75.24931662624002
338.86000948905945,-75.25006774006195,-75.25006774006195
338.87000948905944,-75.25081940961923,-75.25081940961923
338.88000948905943,-75.25157174395088,-75.25157174395088
338.8900094890594,-75.25232485051751,-75.25232485051751
338.90000948905947,-75.25307883519713,-75.25307883519713
338.91000948905946,-75.2538338023067,-75.2538338023067
338.92000948905945,-75.2545898546044,-75.2545898546044
338.93000948905944,-75.25534709331271,-75.25534709331271
338.94000948905943,-75.25610561811516,-75.25610561811516
338.9500094890594,-75.25686552715688,-75.25686552715688
338.9600094890595,-75.25762035125241,-75.25762035125241
338.97000948905946,-75.25836730948468,-75.25836730948468
338.98000948905946,-75.25910509419589,-75.25910509419589
338.99000948905945,-75.2598330787719,-75.2598330787719
339.00000948905944,-75.26055101541301,-75.26055101541301
339.0100094890594,-75.26125887825611,-75.26125887825611
339.0200094890595,-75.26195677139224,-75.26195677139224
339.03000948905947,-75.26264487366655,-75.26264487366655
339.04000948905946,-75.26332340546907,-75.26332340546907
339.05000948905945,-75.26399260879921,-75.26399260879921
339.06000948905944,-75.2646527353957,-75.2646527353957
339.07000948905943,-75.26530403975123,-75.26530403975123
339.0800094890594,-75.26594677511444,-75.26594677511444
339.09000948905947,-75.26658119130411,-75.26658119130411
339.10000948905946,-75.26720753360229,-75.26720753360229
339.11000948905945,-75.26782604229147,-75.26782604229147
339.12000948905944,-75.26843695261881,-75.26843695261881
339.13000948905943,-75.26904049491642,-75.26904049491642
339.1400094890594,-75.26963689486199,-75.26963689486199
339.1500095129013,-75.2702263751816,-75.2702263751816
339.1600095129013,-75.27080915030739,-75.27080915030739
339.1700095129013,-75.27138543516837,-75.27138543516837
339.1800095129013,-75.2719554397658,-75.2719554397658
339.1900095129013,-75.27251937086386,-75.27251937086386
339.2000095129013,-75.2730774321816,-75.2730774321816
339.2100095129013,-75.27362982458762,-75.27362982458762
339.2200095129013,-75.27417674626412,-75.27417674626412
339.2300095129013,-75.27471839283356,-75.27471839283356
339.2400095129013,-75.27525495748469,-75.27525495748469
339.25000951290133,-75.27578663104867,-75.27578663104867
339.2600095129013,-75.27631360212106,-75.27631360212106
339.2700095129013,-75.27683605708386,-75.27683605708386
339.2800095129013,-75.27735418020094,-75.27735418020094
339.2900095129013,-75.27786815362198,-75.27786815362198
339.3000095129013,-75.27837815747131,-75.27837815747131
339.31000951290133,-75.27888436984674,-75.27888436984674
339.3200095129013,-75.27938696685928,-75.27938696685928
339.3300095129013,-75.279886122643,-75.279886122643
339.3400095129013,-75.28038200937499,-75.28038200937499
339.3500095129013,-75.28087479730048,-75.28087479730048
339.3600095129013,-75.28136465474267,-75.28136465474267
339.37000951290133,-75.28185174809462,-75.28185174809462
339.3800095129013,-75.28233624185548,-75.28233624185548
339.3900095129013,-75.28281829859978,-75.28281829859978
339.4000095129013,-75.28329807903212,-75.28329807903212
339.4100095129013,-75.28377574193593,-75.28377574193593
339.4200095129013,-75.28425144422279,-75.28425144422279
339.4300095129013,-75.28472534092012,-75.28472534092012
339.4400095129013,-75.28519758517096,-75.28519758517096
339.4500095129013,-75.28566832824114,-75.28566832824114
339.4600095129013,-75.28613771952935,-75.28613771952935
339.4700095129013,-75.28660590656034,-75.28660590656034
339.4800095129013,-75.28707303499301,-75.28707303499301
339.4900095129013,-75.28753924862656,-75.28753924862656
339.50000951290133,-75.28800468941587,-75.28800468941587
339.5100095129013,-75.28846949745359,-75.28846949745359
339.5200095129013,-75.28893381098783,-75.28893381098783
339.5300095129013,-75.28939776643452,-75.28939776643452
339.5400095129013,-75.28986149838099,-75.28986149838099
339.5500095129013,-75.2903251395789,-75.2903251395789
339.56000951290133,-75.2907888209693,-75.2907888209693
339.5700095129013,-75.29125267168526,-75.29125267168526
339.5800095129013,-75.29171681905667,-75.29171681905667
339.5900095129013,-75.29218138861629,-75.29218138861629
339.6000095129013,-75.29264650412415,-75.29264650412415
339.6100095129013,-75.29311228754443,-75.29311228754443
339.62000951290133,-75.29357885909856,-75.29357885909856
339.6300095129013,-75.29404633724026,-75.29404633724026
339.6400095129013,-75.29451483867966,-75.29451483867966
339.6500095129013,-75.29498447840167,-75.29498447840167
339.6600095129013,-75.29545536966353,-75.29545536966353
339.6700095129013,-75.29592762400439,-75.29592762400439
339.6800095129013,-75.29640135128145,-75.29640135128145
339.6900095129013,-75.29687665965007,-75.29687665965007
339.7000095129013,-75.29735365559378,-75.29735365559378
339.7100095129013,-75.29783244394616,-75.29783244394616
339.7200095129013,-75.29831312787458,-75.29831312787458
339.7300095129013,-75.29879580892126,-75.29879580892126
339.7400095129013,-75.2992805870083,-75.2992805870083
339.75000951290133,-75.2997675604375,-75.2997675604375
339.7600095129013,-75.3002568259333,-75.3002568259333
339.7700095129013,-75.3007484786206,-75.3007484786206
339.7800095129013,-75.30124261206178,-75.30124261206178
339.7900095129013,-75.30173931828003,-75.30173931828003
339.8000095129013,-75.30223868773444,-75.30223868773444
339.81000951290133,-75.30274080938267,-75.30274080938267
339.8200095129013,-75.3032457706701,-75.3032457706701
339.8300095129013,-75.30375365753319,-75.30375365753319
339.8400095129013,-75.30426455444186,-75.30426455444186
339.8500095129013,-75.30477854439803,-75.30477854439803
339.8600095129013,-75.30529570894201,-75.30529570894201
339.87000951290133,-75.30581612819111,-75.30581612819111
339.8800095129013,-75.30633988083783,-75.30633988083783
339.8900095129013,-75.30686704416672,-75.30686704416672
339.9000095129013,-75.30739769407852,-75.30739769407852
339.9100095129013,-75.30793190508977,-75.30793190508977
339.9200095129013,-75.30846975035466,-75.30846975035466
339.9300095129013,-75.309011301697,-75.309011301697
339.9400095129013,-75.30955662959688,-75.30955662959688
339.9500095129013,-75.31010580322057,-75.31010580322057
339.9600095129013,-75.31065889043154,-75.31065889043154
339.9700095129013,-75.31121595781424,-75.31121595781424
339.9800095129013,-75.3117770706711,-75.3117770706711
339.9900095129013,-75.31234229306264,-75.31234229306264
340.00000953674316,-75.31291168916333,-75.31291168916333
340.01000953674315,-75.31348531785522,-75.31348531785522
340.02000953674315,-75.31406324084998,-75.31406324084998
340.03000953674314,-75.31464551733411,-75.31464551733411
340.0400095367432,-75.31523220529445,-75.31523220529445
340.0500095367432,-75.3158233615676,-75.3158233615676
340.06000953674317,-75.31641904181748,-75.31641904181748
340.07000953674316,-75.31701930057527,-75.31701930057527
340.08000953674315,-75.31762419125819,-75.31762419125819
340.09000953674314,-75.31823376616524,-75.31823376616524
340.1000095367432,-75.3188480764937,-75.3188480764937
340.1100095367432,-75.31946717236323,-75.31946717236323
340.12000953674317,-75.32009110281884,-75.32009110281884
340.13000953674316,-75.32071991585683,-75.32071991585683
340.14000953674315,-75.32135365842498,-75.32135365842498
340.15000953674314,-75.32199237645148,-75.32199237645148
340.1600095367432,-75.32263611484446,-75.32263611484446
340.1700095367432,-75.32328491750843,-75.32328491750843
340.18000953674317,-75.32393882736439,-75.32393882736439
340.19000953674316,-75.32459788636109,-75.32459788636109
340.20000953674315,-75.3252621354792,-75.3252621354792
340.21000953674314,-75.32593161474867,-75.32593161474867
340.2200095367432,-75.32660636327108,-75.32660636327108
340.2300095367432,-75.32728641921557,-75.32728641921557
340.2400095367432,-75.32797181985026,-75.32797181985026
340.25000953674316,-75.32866260153526,-75.32866260153526
340.26000953674315,-75.32935879974484,-75.32935879974484
340.27000953674315,-75.33006044908721,-75.33006044908721
340.28000953674314,-75.33076758329848,-75.33076758329848
340.2900095367432,-75.33148023528047,-75.33148023528047
340.3000095367432,-75.33219843706644,-75.33219843706644
340.31000953674317,-75.3329222198988,-75.3329222198988
340.32000953674316,-75.33365161417862,-75.33365161417862
340.33000953674315,-75.3343866495145,-75.3343866495145
340.34000953674314,-75.33512735471835,-75.33512735471835
340.3500095367432,-75.3358737578213,-75.3358737578213
340.3600095367432,-75.3366258860917,-75.3366258860917
340.37000953674317,-75.33738376602369,-75.33738376602369
340.38000953674316,-75.3381474233754,-75.3381474233754
340.39000953674315,-75.33891688316261,-75.33891688316261
340.40000953674314,-75.33969216967947,-75.33969216967947
340.4100095367432,-75.34047330649177,-75.34047330649177
340.4200095367432,-75.34126031647106,-75.34126031647106
340.43000953674317,-75.34205322178002,-75.34205322178002
340.44000953674316,-75.34285204390378,-75.34285204390378
340.45000953674315,-75.34365680365043,-75.34365680365043
340.46000953674314,-75.34446752116664,-75.34446752116664
340.4700095367432,-75.34528421593158,-75.34528421593158
340.4800095367432,-75.34610690678386,-75.34610690678386
340.4900095367432,-75.34693561192557,-75.34693561192557
340.50000953674316,-75.34777034892477,-75.34777034892477
340.51000953674315,-75.34861113473755,-75.34861113473755
340.52000953674315,-75.34945798571181,-75.34945798571181
340.53000953674314,-75.3503109175832,-75.3503109175832
340.5400095367432,-75.35116994550481,-75.35116994550481
340.5500095367432,-75.35203508405633,-75.35203508405633
340.56000953674317,-75.35290634721625,-75.35290634721625
340.57000953674316,-75.35378374842594,-75.35378374842594
340.58000953674315,-75.35466730055093,-75.35466730055093
340.59000953674314,-75.35555701592018,-75.35555701592018
340.6000095367432,-75.356452906307,-75.356452906307
340.6100095367432,-75.35735498297102,-75.35735498297102
340.62000953674317,-75.3582632566377,-75.3582632566377
340.63000953674316,-75.35917773751517,-75.35917773751517
340.64000953674315,-75.36009843530545,-75.36009843530545
340.65000953674314,-75.36102535920972,-75.36102535920972
340.6600095367432,-75.36195851794159,-75.36195851794159
340.6700095367432,-75.36289791972092,-75.36289791972092
340.68000953674317,-75.36384357229173,-75.36384357229173
340.69000953674316,-75.36479548293467,-75.36479548293467
340.70000953674315,-75.36575365845457,-75.36575365845457
340.71000953674314,-75.3667181052074,-75.3667181052074
340.7200095367432,-75.36768882910187,-75.36768882910187
340.7300095367432,-75.36866583560419,-75.36866583560419
340.7400095367432,-75.3696491297381,-75.3696491297381
340.75000953674316,-75.37063871610117,-75.37063871610117
340.76000953674315,-75.37163459887859,-75.37163459887859
340.77000953674315,-75.37263678183518,-75.37263678183518
340.78000953674314,-75.37364526832442,-75.37364526832442
340.7900095367432,-75.37466006129736,-75.37466006129736
340.8000095367432,-75.37568116330281,-75.37568116330281
340.81000953674317,-75.37670857652058,-75.37670857652058
340.82000953674316,-75.37774230272626,-75.37774230272626
340.83000953674315,-75.378782343327,-75.378782343327
340.84000953674314,-75.37982869936096,-75.37982869936096
340.850009560585,-75.38088137400085,-75.38088137400085
340.860009560585,-75.38194036256223,-75.38194036256223
340.870009560585,-75.38300566749015,-75.38300566749015
340.880009560585,-75.38407728837933,-75.38407728837933
340.89000956058504,-75.38515522450427,-75.38515522450427
340.90000956058503,-75.38623947479965,-75.38623947479965
340.910009560585,-75.38733003784903,-75.38733003784903
340.920009560585,-75.38842691193547,-75.38842691193547
340.930009560585,-75.38953009500075,-75.38953009500075
340.940009560585,-75.39063958467625,-75.39063958467625
340.95000956058504,-75.39175537828994,-75.39175537828994
340.96000956058504,-75.39287089369026,-75.39287089369026
340.970009560585,-75.39398324478383,-75.39398324478383
340.980009560585,-75.39509102259211,-75.39509102259211
340.990009560585,-75.3961935016341,-75.3961935016341
341.000009560585,-75.3972903371279,-75.3972903371279
341.01000956058505,-75.39838140783361,-75.39838140783361
341.02000956058504,-75.39946672389969,-75.39946672389969
341.03000956058503,-75.40054637156345,-75.40054637156345
341.040009560585,-75.40162047985591,-75.40162047985591
341.050009560585,-75.40268920065922,-75.40268920065922
341.060009560585,-75.40375269678523,-75.40375269678523
341.07000956058505,-75.40481113497718,-75.40481113497718
341.08000956058504,-75.40586468189579,-75.40586468189579
341.09000956058503,-75.40691350191109,-75.40691350191109
341.100009560585,-75.4079577559903,-75.4079577559903
341.110009560585,-75.40899760124431,-75.40899760124431
341.120009560585,-75.4100331908522,-75.4100331908522
341.130009560585,-75.41106467417688,-75.41106467417688
341.14000956058504,-75.4120921970354,-75.4120921970354
341.15000956058503,-75.41311590197155,-75.41311590197155
341.160009560585,-75.41413592853947,-75.41413592853947
341.170009560585,-75.41515241360791,-75.41515241360791
341.180009560585,-75.41616549160072,-75.41616549160072
341.190009560585,-75.41717529475314,-75.41717529475314
341.20000956058504,-75.41818195327986,-75.41818195327986
341.21000956058504,-75.41918559558849,-75.41918559558849
341.220009560585,-75.42018634840963,-75.42018634840963
341.230009560585,-75.42118433691462,-75.42118433691462
341.240009560585,-75.4221796848434,-75.4221796848434
341.250009560585,-75.42317251456699,-75.42317251456699
341.26000956058505,-75.42416294718707,-75.42416294718707
341.27000956058504,-75.4251511025667,-75.4251511025667
341.28000956058503,-75.4261370993929,-75.4261370993929
341.290009560585,-75.4271210552038,-75.4271210552038
341.300009560585,-75.42810308643591,-75.42810308643591
341.310009560585,-75.42908330840912,-75.42908330840912
341.32000956058505,-75.43006183539087,-75.43006183539087
341.33000956058504,-75.4310387805643,-75.4310387805643
341.34000956058503,-75.43201425605827,-75.43201425605827
341.350009560585,-75.43298837294412,-75.43298837294412
341.360009560585,-75.43396124124719,-75.43396124124719
341.370009560585,-75.43493296992257,-75.43493296992257
341.380009560585,-75.43590366688798,-75.43590366688798
341.39000956058504,-75.43687343898596,-75.43687343898596
341.40000956058503,-75.43784239200062,-75.43784239200062
341.410009560585,-75.43881063064364,-75.43881063064364
341.420009560585,-75.43977825855175,-75.43977825855175
341.430009560585,-75.44074537827642,-75.44074537827642
341.440009560585,-75.44171209129286,-75.44171209129286
341.45000956058504,-75.44267849797724,-75.44267849797724
341.46000956058504,-75.44364469759694,-75.44364469759694
341.470009560585,-75.4446107883285,-75.4446107883285
341.480009560585,-75.44557686723142,-75.44557686723142
341.490009560585,-75.44654303025573,-75.44654303025573
341.500009560585,-75.44750937221974,-75.44750937221974
341.51000956058505,-75.44847598683536,-75.44847598683536
341.52000956058504,-75.44944296667231,-75.44944296667231
341.53000956058503,-75.45041040318026,-75.45041040318026
341.540009560585,-75.45137838667341,-75.45137838667341
341.550009560585,-75.45234700632076,-75.45234700632076
341.560009560585,-75.45331635016527,-75.45331635016527
341.57000956058505,-75.45428650510465,-75.45428650510465
341.58000956058504,-75.45525755691436,-75.45525755691436
341.59000956058503,-75.45622959020695,-75.45622959020695
341.600009560585,-75.45720268847415,-75.45720268847415
341.610009560585,-75.45817693404854,-75.45817693404854
341.620009560585,-75.4591524081602,-75.4591524081602
341.630009560585,-75.4601291908696,-75.4601291908696
341.64000956058504,-75.46110736113123,-75.46110736113123
341.65000956058503,-75.46208699674617,-75.46208699674617
341.660009560585,-75.46306817440468,-75.46306817440468
341.670009560585,-75.4640509696684,-75.4640509696684
341.680009560585,-75.46503545698062,-75.46503545698062
341.690009560585,-75.46602170966477,-75.46602170966477
341.7000095844269,-75.46700980228681,-75.46700980228681
341.71000958442687,-75.46799980126379,-75.46799980126379
341.72000958442686,-75.46899177894439,-75.46899177894439
341.73000958442685,-75.46998580423569,-75.46998580423569
341.7400095844269,-75.47098194497192,-75.47098194497192
341.7500095844269,-75.4719802678828,-75.4719802678828
341.7600095844269,-75.47298083864554,-75.47298083864554
341.7700095844269,-75.47398372184793,-75.47398372184793
341.78000958442686,-75.47498898101362,-75.47498898101362
341.79000958442685,-75.47599667862548,-75.47599667862548
341.8000095844269,-75.4770068760996,-75.4770068760996
341.8100095844269,-75.47801963382456,-75.47801963382456
341.8200095844269,-75.4790350111558,-75.4790350111558
341.8300095844269,-75.48005306641205,-75.48005306641205
341.84000958442687,-75.48107385690918,-75.48107385690918
341.85000958442686,-75.48209743893891,-75.48209743893891
341.8600095844269,-75.48312386780248,-75.48312386780248
341.8700095844269,-75.48415319781247,-75.48415319781247
341.8800095844269,-75.48518548228212,-75.48518548228212
341.8900095844269,-75.48622077356353,-75.48622077356353
341.90000958442687,-75.48725912303416,-75.48725912303416
341.91000958442686,-75.48830058112638,-75.48830058112638
341.9200095844269,-75.48934519731891,-75.48934519731891
341.9300095844269,-75.49039302015109,-75.49039302015109
341.9400095844269,-75.49144409722288,-75.49144409722288
341.9500095844269,-75.49249847523528,-75.49249847523528
341.96000958442687,-75.4935561999662,-75.4935561999662
341.97000958442686,-75.49461731628827,-75.49461731628827
341.98000958442685,-75.49568186819165,-75.49568186819165
341.9900095844269,-75.49674989877198,-75.49674989877198
342.0000095844269,-75.49782145026757,-75.49782145026757
342.0100095844269,-75.49889656403701,-75.49889656403701
342.0200095844269,-75.49997528059649,-75.49997528059649
342.03000958442686,-75.50105763960936,-75.50105763960936
342.04000958442685,-75.50214367991174,-75.50214367991174
342.0500095844269,-75.50323343949819,-75.50323343949819
342.0600095844269,-75.50432695556471,-75.50432695556471
342.0700095844269,-75.5054242644975,-75.5054242644975
342.0800095844269,-75.50652540186854,-75.50652540186854
342.09000958442687,-75.50763040247993,-75.50763040247993
342.10000958442686,-75.50873930036005,-75.50873930036005
342.1100095844269,-75.50985212874473,-75.50985212874473
342.1200095844269,-75.51096892011768,-75.51096892011768
342.1300095844269,-75.5120897062292,-75.5120897062292
342.1400095844269,-75.51321451806285,-75.51321451806285
342.15000958442687,-75.51434338588794,-75.51434338588794
342.16000958442686,-75.51547633924908,-75.51547633924908
342.1700095844269,-75.51661340697015,-75.51661340697015
342.1800095844269,-75.5177546171724,-75.5177546171724
342.1900095844269,-75.51889999727396,-75.51889999727396
342.2000095844269,-75.52004957402549,-75.52004957402549
342.21000958442687,-75.52119678261674,-75.52119678261674
342.22000958442686,-75.52233876004797,-75.52233876004797
342.23000958442685,-75.52347412254403,-75.52347412254403
342.2400095844269,-75.52460217060938,-75.52460217060938
342.2500095844269,-75.5257225857457,-75.5257225857457
342.2600095844269,-75.52683527302645,-75.52683527302645
342.2700095844269,-75.52794026881529,-75.52794026881529
342.28000958442686,-75.52903768540472,-75.52903768540472
342.29000958442685,-75.53012767766779,-75.53012767766779
342.3000095844269,-75.53121042306222,-75.53121042306222
342.3100095844269,-75.53228610972828,-75.53228610972828
342.3200095844269,-75.53335492947056,-75.53335492947056
342.3300095844269,-75.53441707374144,-75.53441707374144
342.34000958442687,-75.53547273141574,-75.53547273141574
342.35000958442686,-75.53652208770198,-75.53652208770198
342.3600095844269,-75.53756532366248,-75.53756532366248
342.3700095844269,-75.53860261615537,-75.53860261615537
342.3800095844269,-75.53963413795834,-75.53963413795834
342.3900095844269,-75.54066005800766,-75.54066005800766
342.40000958442687,-75.54168054170096,-75.54168054170096
342.41000958442686,-75.54269575118177,-75.54269575118177
342.4200095844269,-75.54370584561097,-75.54370584561097
342.4300095844269,-75.54471098147141,-75.54471098147141
342.4400095844269,-75.54571131275424,-75.54571131275424
342.4500095844269,-75.54670699120527,-75.54670699120527
342.46000958442687,-75.54769816646147,-75.54769816646147
342.47000958442686,-75.54868498623405,-75.54868498623405
342.48000958442685,-75.5496675964243,-75.5496675964243
342.4900095844269,-75.5506461412292,-75.5506461412292
342.5000095844269,-75.55162076324568,-75.55162076324568
342.5100095844269,-75.55259160351943,-75.55259160351943
342.5200095844269,-75.5535588016323,-75.5535588016323
342.53000958442686,-75.55452249572186,-75.55452249572186
342.54000958442685,-75.55548282255702,-75.55548282255702
342.55000960826874,-75.5564399198118,-75.5564399198118
342.56000960826873,-75.55739391697244,-75.55739391697244
342.5700096082687,-75.55834494908669,-75.55834494908669
342.5800096082687,-75.55929314759437,-75.55929314759437
342.59000960826876,-75.56023864265066,-75.56023864265066
342.60000960826875,-75.5611815631209,-75.5611815631209
342.61000960826874,-75.56212203659183,-75.56212203659183
342.62000960826873,-75.56306018936615,-75.56306018936615
342.6300096082687,-75.56399614646817,-75.56399614646817
342.6400096082687,-75.56493003163841,-75.56493003163841
342.65000960826876,-75.56586196733909,-75.56586196733909
342.66000960826875,-75.56679207474016,-75.56679207474016
342.67000960826874,-75.56772047373076,-75.56772047373076
342.68000960826873,-75.56864728290908,-75.56864728290908
342.6900096082687,-75.56957261955999,-75.56957261955999
342.7000096082687,-75.57049659969054,-75.57049659969054
342.71000960826876,-75.57141933799458,-75.57141933799458
342.72000960826875,-75.57234094786102,-75.57234094786102
342.73000960826874,-75.57326154137478,-75.57326154137478
342.74000960826874,-75.5741812293055,-75.5741812293055
342.7500096082687,-75.57510012110401,-75.57510012110401
342.7600096082687,-75.57601832493091,-75.57601832493091
342.77000960826877,-75.57693594759337,-75.57693594759337
342.78000960826876,-75.57785309460967,-75.57785309460967
342.79000960826875,-75.57876987017221,-75.57876987017221
342.80000960826874,-75.5796863771543,-75.5796863771543
342.81000960826873,-75.58060271711022,-75.58060271711022
342.8200096082687,-75.58151899028765,-75.58151899028765
342.8300096082687,-75.582435295607,-75.582435295607
342.84000960826876,-75.58335173068713,-75.58335173068713
342.85000960826875,-75.58426839183304,-75.58426839183304
342.86000960826874,-75.58518537405035,-75.58518537405035
342.87000960826873,-75.58610277102308,-75.58610277102308
342.8800096082687,-75.58702067515846,-75.58702067515846
342.8900096082687,-75.58793917755268,-75.58793917755268
342.90000960826876,-75.5888583680151,-75.5888583680151
342.91000960826875,-75.58977833507079,-75.58977833507079
342.92000960826874,-75.5906991659655,-75.5906991659655
342.93000960826873,-75.59162094667602,-75.59162094667602
342.9400096082687,-75.5925437619062,-75.5925437619062
342.9500096082687,-75.59346769510543,-75.59346769510543
342.96000960826876,-75.5943862317141,-75.5943862317141
342.97000960826875,-75.59529656200861,-75.59529656200861
342.98000960826874,-75.59619735634696,-75.59619735634696
342.99000960826874,-75.59708796941642,-75.59708796941642
343.0000096082687,-75.59796813667182,-75.59796813667182
343.0100096082687,-75.59883781677757,-75.59883781677757
343.02000960826877,-75.59969709924113,-75.59969709924113
343.03000960826876,-75.60054614897334,-75.60054614897334
343.04000960826875,-75.60138517292843,-75.60138517292843
343.05000960826874,-75.60221440010497,-75.60221440010497
343.06000960826873,-75.6030340696077,-75.6030340696077
343.0700096082687,-75.60384442362844,-75.60384442362844
343.0800096082687,-75.60464570344328,-75.60464570344328
343.09000960826876,-75.6054381471657,-75.6054381471657
343.10000960826875,-75.6062219886695,-75.6062219886695
343.11000960826874,-75.60699745709876,-75.60699745709876
343.12000960826873,-75.60776477683963,-75.60776477683963
343.1300096082687,-75.60852416760001,-75.60852416760001
343.1400096082687,-75.60927584470167,-75.60927584470167
343.15000960826876,-75.61002001934627,-75.61002001934627
343.16000960826875,-75.61075689891139,-75.61075689891139
343.17000960826874,-75.61148668726817,-75.61148668726817
343.18000960826873,-75.61220958500851,-75.61220958500851
343.1900096082687,-75.61292578970156,-75.61292578970156
343.2000096082687,-75.61363549609796,-75.61363549609796
343.21000960826876,-75.61433889632491,-75.61433889632491
343.22000960826875,-75.61503618001258,-75.61503618001258
343.23000960826874,-75.61572753446396,-75.61572753446396
343.24000960826874,-75.61641314471944,-75.61641314471944
343.2500096082687,-75.61709319369537,-75.61709319369537
343.2600096082687,-75.61776786223038,-75.61776786223038
343.27000960826877,-75.61843732917171,-75.61843732917171
343.28000960826876,-75.61910177140305,-75.61910177140305
343.29000960826875,-75.61976136391891,-75.61976136391891
343.30000960826874,-75.6204162798335,-75.6204162798335
343.31000960826873,-75.62106669041373,-75.62106669041373
343.3200096082687,-75.62171276512333,-75.62171276512333
343.3300096082687,-75.62235467161419,-75.62235467161419
343.34000960826876,-75.62299257574495,-75.62299257574495
343.35000960826875,-75.62362664161309,-75.62362664161309
343.36000960826874,-75.6242570315364,-75.6242570315364
343.37000960826873,-75.62488390608104,-75.62488390608104
343.3800096082687,-75.6255074240474,-75.6255074240474
343.3900096082687,-75.62612774248623,-75.62612774248623
343.4000096321106,-75.62674501817389,-75.62674501817389
343.4100096321106,-75.62735940170802,-75.62735940170802
343.4200096321106,-75.62797104638793,-75.62797104638793
343.43000963211057,-75.62858010225922,-75.62858010225922
343.4400096321106,-75.62918671765773,-75.62918671765773
343.4500096321106,-75.62979103914608,-75.62979103914608
343.4600096321106,-75.63039321156765,-75.63039321156765
343.4700096321106,-75.63099337801854,-75.63099337801854
343.4800096321106,-75.63159167985285,-75.63159167985285
343.49000963211057,-75.63218825670364,-75.63218825670364
343.5000096321106,-75.6327832464458,-75.6327832464458
343.5100096321106,-75.6333767852578,-75.6333767852578
343.5200096321106,-75.63396900756092,-75.63396900756092
343.5300096321106,-75.63456004607278,-75.63456004607278
343.5400096321106,-75.63515003178345,-75.63515003178345
343.5500096321106,-75.63573909396919,-75.63573909396919
343.5600096321106,-75.63632736020448,-75.63632736020448
343.5700096321106,-75.63691495635456,-75.63691495635456
343.5800096321106,-75.63750200659827,-75.63750200659827
343.5900096321106,-75.6380886334146,-75.6380886334146
343.6000096321106,-75.63867495760334,-75.63867495760334
343.6100096321106,-75.63926109829451,-75.63926109829451
343.6200096321106,-75.63984717293245,-75.63984717293245
343.6300096321106,-75.64043329732782,-75.64043329732782
343.6400096321106,-75.64101958562767,-75.64101958562767
343.6500096321106,-75.64160615032878,-75.64160615032878
343.6600096321106,-75.64219310231191,-75.64219310231191
343.6700096321106,-75.64278055083642,-75.64278055083642
343.68000963211057,-75.64336860353208,-75.64336860353208
343.6900096321106,-75.64395736645267,-75.64395736645267
343.7000096321106,-75.64454694404714,-75.64454694404714
343.7100096321106,-75.64513083893142,-75.64513083893142
343.7200096321106,-75.64570626087695,-75.64570626087695
343.7300096321106,-75.64627190038794,-75.64627190038794
343.74000963211057,-75.64682713246894,-75.64682713246894
343.7500096321106,-75.64737171280481,-75.64737171280481
343.7600096321106,-75.64790562011216,-75.64790562011216
343.7700096321106,-75.64842896371624,-75.64842896371624
343.7800096321106,-75.64894192804113,-75.64894192804113
343.7900096321106,-75.64944473926175,-75.64944473926175
343.8000096321106,-75.64993764527537,-75.64993764527537
343.8100096321106,-75.65042090376699,-75.65042090376699
343.8200096321106,-75.65089477518417,-75.65089477518417
343.8300096321106,-75.65135951872755,-75.65135951872755
343.8400096321106,-75.65181539014633,-75.65181539014633
343.8500096321106,-75.6522626406097,-75.6522626406097
343.8600096321106,-75.65270151628224,-75.65270151628224
343.8700096321106,-75.65313225822538,-75.65313225822538
343.8800096321106,-75.65355510256417,-75.65355510256417
343.8900096321106,-75.65397028074268,-75.65397028074268
343.9000096321106,-75.654378019793,-75.654378019793
343.9100096321106,-75.65477854264675,-75.65477854264675
343.9200096321106,-75.65517206844696,-75.65517206844696
343.93000963211057,-75.6555588128057,-75.6555588128057
343.9400096321106,-75.65593898803685,-75.65593898803685
343.9500096321106,-75.65631280337901,-75.65631280337901
343.9600096321106,-75.65668046518847,-75.65668046518847
343.9700096321106,-75.65704217708719,-75.65704217708719
343.9800096321106,-75.65739814010736,-75.65739814010736
343.99000963211057,-75.65774855279007,-75.65774855279007
344.0000096321106,-75.6580936113018,-75.6580936113018
344.0100096321106,-75.65843350951342,-75.65843350951342
344.0200096321106,-75.65876843904454,-75.65876843904454
344.0300096321106,-75.6590985893616,-75.6590985893616
344.0400096321106,-75.659424147797,-75.659424147797
344.0500096321106,-75.65974529957607,-75.65974529957607
344.0600096321106,-75.66006222788431,-75.66006222788431
344.0700096321106,-75.66037511386743,-75.66037511386743
344.0800096321106,-75.66068413665992,-75.66068413665992
344.0900096321106,-75.66098947340205,-75.66098947340205
344.1000096321106,-75.66129129926313,-75.66129129926313
344.1100096321106,-75.66158978743115,-75.66158978743115
344.1200096321106,-75.66188510914792,-75.66188510914792
344.1300096321106,-75.66217743368665,-75.66217743368665
344.1400096321106,-75.66246692839538,-75.66246692839538
344.1500096321106,-75.6627537586779,-75.6627537586779
344.1600096321106,-75.66303808800973,-75.66303808800973
344.1700096321106,-75.66332007792252,-75.66332007792252
344.18000963211057,-75.66359988803121,-75.66359988803121
344.1900096321106,-75.66387767603767,-75.66387767603767
344.2000096321106,-75.66415359772148,-75.66415359772148
344.2100096321106,-75.66442780693477,-75.66442780693477
344.2200096321106,-75.66470045565113,-75.66470045565113
344.2300096321106,-75.66497169391063,-75.66497169391063
344.24000963211057,-75.66524166986478,-75.66524166986478
344.25000965595245,-75.6655105304187,-75.6655105304187
344.26000965595244,-75.66577841865647,-75.66577841865647
344.27000965595244,-75.66604547770368,-75.66604547770368
344.2800096559524,-75.66631184817109,-75.66631184817109
344.2900096559525,-75.6665776687976,-75.6665776687976
344.30000965595246,-75.66684307645879,-75.66684307645879
344.31000965595246,-75.66710820616726,-75.66710820616726
344.32000965595245,-75.66737319109302,-75.66737319109302
344.33000965595244,-75.66763816257478,-75.66763816257478
344.34000965595243,-75.66790325011102,-75.66790325011102
344.3500096559525,-75.66816858137292,-75.66816858137292
344.36000965595247,-75.66843428223817,-75.66843428223817
344.37000965595246,-75.66870047676561,-75.66870047676561
344.38000965595245,-75.66896728722527,-75.66896728722527
344.39000965595244,-75.66923483411416,-75.66923483411416
344.40000965595243,-75.66950323615701,-75.66950323615701
344.4100096559525,-75.6697726103164,-75.6697726103164
344.42000965595247,-75.67004307180763,-75.67004307180763
344.43000965595246,-75.67031473411873,-75.67031473411873
344.44000965595245,-75.67058770900717,-75.67058770900717
344.45000965595244,-75.67086210653068,-75.67086210653068
344.46000965595243,-75.67113803504559,-75.67113803504559
344.4700096559525,-75.67141560122761,-75.67141560122761
344.4800096559525,-75.67169491008205,-75.67169491008205
344.49000965595246,-75.67197606494474,-75.67197606494474
344.50000965595245,-75.67225916753392,-75.67225916753392
344.51000965595244,-75.6725443179229,-75.6725443179229
344.52000965595244,-75.67283161457337,-75.67283161457337
344.5300096559524,-75.67312115434707,-75.67312115434707
344.5400096559525,-75.67341303252417,-75.67341303252417
344.55000965595246,-75.67370734281526,-75.67370734281526
344.56000965595246,-75.67400417736945,-75.67400417736945
344.57000965595245,-75.67430362679669,-75.67430362679669
344.58000965595244,-75.6746057801799,-75.6746057801799
344.59000965595243,-75.67491072509664,-75.67491072509664
344.6000096559525,-75.6752185476259,-75.6752185476259
344.61000965595247,-75.67552933234862,-75.67552933234862
344.62000965595246,-75.67584316241228,-75.67584316241228
344.63000965595245,-75.67616011949039,-75.67616011949039
344.64000965595244,-75.67648028382779,-75.67648028382779
344.65000965595243,-75.6768037342478,-75.6768037342478
344.6600096559525,-75.67713054817165,-75.67713054817165
344.67000965595247,-75.6774608016267,-75.6774608016267
344.68000965595246,-75.67779456927173,-75.67779456927173
344.69000965595245,-75.67813192440344,-75.67813192440344
344.70000965595244,-75.67847293897786,-75.67847293897786
344.71000965595243,-75.6788176836224,-75.6788176836224
344.7200096559525,-75.6791662276457,-75.6791662276457
344.7300096559525,-75.6795186390683,-75.6795186390683
344.74000965595246,-75.67987498461677,-75.67987498461677
344.75000965595245,-75.68023532976024,-75.68023532976024
344.76000965595244,-75.68059973870524,-75.68059973870524
344.77000965595244,-75.68096827443418,-75.68096827443418
344.7800096559524,-75.68134099869528,-75.68134099869528
344.7900096559525,-75.68171797202467,-75.68171797202467
344.80000965595246,-75.68209925377849,-75.68209925377849
344.81000965595246,-75.68248490213112,-75.68248490213112
344.82000965595245,-75.68287497408919,-75.68287497408919
344.83000965595244,-75.6832695255072,-75.6832695255072
344.84000965595243,-75.68366861110705,-75.68366861110705
344.8500096559525,-75.68407228448774,-75.68407228448774
344.86000965595247,-75.6844805981593,-75.6844805981593
344.87000965595246,-75.68489360351381,-75.68489360351381
344.88000965595245,-75.6853113508834,-75.6853113508834
344.89000965595244,-75.68573388952164,-75.68573388952164
344.90000965595243,-75.68616126763354,-75.68616126763354
344.9100096559525,-75.68659353239455,-75.68659353239455
344.92000965595247,-75.68703072995714,-75.68703072995714
344.93000965595246,-75.68747290545724,-75.68747290545724
344.94000965595245,-75.68792010303652,-75.68792010303652
344.95000965595244,-75.68837236585532,-75.68837236585532
344.96000965595243,-75.68882313233,-75.68882313233
344.9700096559525,-75.68926955099047,-75.68926955099047
344.9800096559525,-75.68971025264723,-75.68971025264723
344.99000965595246,-75.69014455360215,-75.69014455360215
345.00000965595245,-75.69057215170255,-75.69057215170255
345.01000965595244,-75.69099296853628,-75.69099296853628
345.02000965595244,-75.69140705693457,-75.69140705693457
345.0300096559524,-75.69181454546046,-75.69181454546046
345.0400096559525,-75.69221560499523,-75.69221560499523
345.05000965595246,-75.692610428719,-75.692610428719
345.06000965595246,-75.69299922013127,-75.69299922013127
345.07000965595245,-75.69338218607611,-75.69338218607611
345.08000965595244,-75.69375953269324,-75.69375953269324
345.09000965595243,-75.69413146319977,-75.69413146319977
345.1000096797943,-75.6944981776902,-75.6944981776902
345.1100096797943,-75.69485986914286,-75.69485986914286
345.1200096797943,-75.69521672867359,-75.69521672867359
345.1300096797943,-75.69556894209947,-75.69556894209947
345.14000967979433,-75.6959166911084,-75.6959166911084
345.1500096797943,-75.69626015354426,-75.69626015354426
345.1600096797943,-75.69659950370804,-75.69659950370804
345.1700096797943,-75.69693491266621,-75.69693491266621
345.1800096797943,-75.69726654848756,-75.69726654848756
345.1900096797943,-75.69759457652081,-75.69759457652081
345.20000967979433,-75.69791915958108,-75.69791915958108
345.2100096797943,-75.69824045815126,-75.69824045815126
345.2200096797943,-75.69855863051441,-75.69855863051441
345.2300096797943,-75.69887383292503,-75.69887383292503
345.2400096797943,-75.69918621967511,-75.69918621967511
345.2500096797943,-75.69949594322934,-75.69949594322934
345.26000967979434,-75.69980315429021,-75.69980315429021
345.2700096797943,-75.7001080018484,-75.7001080018484
345.2800096797943,-75.70041063325438,-75.70041063325438
345.2900096797943,-75.70071119426223,-75.70071119426223
345.3000096797943,-75.70100982903348,-75.70100982903348
345.3100096797943,-75.70130668021912,-75.70130668021912
345.32000967979434,-75.70160188892945,-75.70160188892945
345.33000967979433,-75.70189559478547,-75.70189559478547
345.3400096797943,-75.7021879359153,-75.7021879359153
345.3500096797943,-75.70247904896475,-75.70247904896475
345.3600096797943,-75.70276906912042,-75.70276906912042
345.3700096797943,-75.70305813009418,-75.70305813009418
345.3800096797943,-75.70334636413912,-75.70334636413912
345.39000967979433,-75.70363390204926,-75.70363390204926
345.4000096797943,-75.7039208731605,-75.7039208731605
345.4100096797943,-75.70420740533463,-75.70420740533463
345.4200096797943,-75.7044936249999,-75.7044936249999
345.4300096797943,-75.7047796571128,-75.7047796571128
345.4400096797943,-75.70506562516715,-75.70506562516715
345.45000967979433,-75.70535165119732,-75.70535165119732
345.4600096797943,-75.7056378557825,-75.7056378557825
345.4700096797943,-75.70592435802355,-75.70592435802355
345.4800096797943,-75.70621127558647,-75.70621127558647
345.4900096797943,-75.70649872464125,-75.70649872464125
345.5000096797943,-75.70678681992727,-75.70678681992727
345.51000967979434,-75.70707567470537,-75.70707567470537
345.5200096797943,-75.7073654007774,-75.7073654007774
345.5300096797943,-75.70765610848478,-75.70765610848478
345.5400096797943,-75.70794790671864,-75.70794790671864
345.5500096797943,-75.70824090291146,-75.70824090291146
345.5600096797943,-75.70853520304212,-75.70853520304212
345.57000967979434,-75.70883091164404,-75.70883091164404
345.58000967979433,-75.70912813180873,-75.70912813180873
345.5900096797943,-75.70942696518205,-75.70942696518205
345.6000096797943,-75.70972751196902,-75.70972751196902
345.6100096797943,-75.71002987095586,-75.71002987095586
345.6200096797943,-75.71033413949739,-75.71033413949739
345.6300096797943,-75.7106404135218,-75.7106404135218
345.64000967979433,-75.710948787556,-75.710948787556
345.6500096797943,-75.71125935470816,-75.71125935470816
345.6600096797943,-75.71157220669426,-75.71157220669426
345.6700096797943,-75.71188743383374,-75.71188743383374
345.6800096797943,-75.71220512506905,-75.71220512506905
345.6900096797943,-75.71252536795703,-75.71252536795703
345.70000967979433,-75.71284824868562,-75.71284824868562
345.7100096797943,-75.713173852081,-75.713173852081
345.7200096797943,-75.71350226162694,-75.71350226162694
345.7300096797943,-75.7138335594634,-75.7138335594634
345.7400096797943,-75.71416782639675,-75.71416782639675
345.7500096797943,-75.71450514190435,-75.71450514190435
345.76000967979434,-75.71484558415825,-75.71484558415825
345.7700096797943,-75.71518923003117,-75.71518923003117
345.7800096797943,-75.71553615508871,-75.71553615508871
345.7900096797943,-75.71588643362288,-75.71588643362288
345.8000096797943,-75.71624013865738,-75.71624013865738
345.8100096797943,-75.71659734194546,-75.71659734194546
345.82000967979434,-75.71695811400039,-75.71695811400039
345.83000967979433,-75.71732252409278,-75.71732252409278
345.8400096797943,-75.71769064027073,-75.71769064027073
345.8500096797943,-75.71806252936561,-75.71806252936561
345.8600096797943,-75.71843825698602,-75.71843825698602
345.8700096797943,-75.71881788757089,-75.71881788757089
345.8800096797943,-75.71920148436487,-75.71920148436487
345.89000967979433,-75.71958910944278,-75.71958910944278
345.9000096797943,-75.71998082373058,-75.71998082373058
345.9100096797943,-75.72037668699853,-75.72037668699853
345.9200096797943,-75.72077675788819,-75.72077675788819
345.9300096797943,-75.72118109390871,-75.72118109390871
345.9400096797943,-75.72158975146115,-75.72158975146115
345.95000970363617,-75.72200278684222,-75.72200278684222
345.96000970363616,-75.7224202523187,-75.7224202523187
345.97000970363615,-75.72284220198878,-75.72284220198878
345.98000970363614,-75.72326868793921,-75.72326868793921
345.9900097036362,-75.72369976120423,-75.72369976120423
346.0000097036362,-75.72413547176549,-75.72413547176549
346.0100097036362,-75.7245758685833,-75.7245758685833
346.02000970363616,-75.72502099960101,-75.72502099960101
346.03000970363615,-75.72547091176794,-75.72547091176794
346.04000970363614,-75.72592565102754,-75.72592565102754
346.0500097036362,-75.72638526234739,-75.72638526234739
346.0600097036362,-75.72684978972462,-75.72684978972462
346.0700097036362,-75.72731927620453,-75.72731927620453
346.08000970363616,-75.72779376388857,-75.72779376388857
346.09000970363616,-75.7282732939347,-75.7282732939347
346.10000970363615,-75.72875790659143,-75.72875790659143
346.1100097036362,-75.72924764118302,-75.72924764118302
346.1200097036362,-75.72974253613732,-75.72974253613732
346.1300097036362,-75.73024262899939,-75.73024262899939
346.14000970363617,-75.73074795644234,-75.73074795644234
346.15000970363616,-75.73125855426042,-75.73125855426042
346.16000970363615,-75.73177445740163,-75.73177445740163
346.1700097036362,-75.73229569996244,-75.73229569996244
346.1800097036362,-75.73282231522253,-75.73282231522253
346.1900097036362,-75.73335433562114,-75.73335433562114
346.20000970363617,-75.73389179279881,-75.73389179279881
346.21000970363616,-75.734428109404,-75.734428109404
346.22000970363615,-75.73496042064333,-75.73496042064333
346.23000970363614,-75.7354873450659,-75.7354873450659
346.2400097036362,-75.73600818731862,-75.73600818731862
346.2500097036362,-75.73652263398043,-75.73652263398043
346.2600097036362,-75.73703059568311,-75.73703059568311
346.27000970363616,-75.73753211453808,-75.73753211453808
346.28000970363615,-75.73802730862124,-75.73802730862124
346.29000970363614,-75.73851633849792,-75.73851633849792
346.3000097036362,-75.73899938720353,-75.73899938720353
346.3100097036362,-75.73947664828133,-75.73947664828133
346.3200097036362,-75.7399483187632,-75.7399483187632
346.33000970363616,-75.74041459513427,-75.74041459513427
346.34000970363616,-75.74087567112433,-75.74087567112433
346.35000970363615,-75.74133173659507,-75.74133173659507
346.3600097036362,-75.7417829770876,-75.7417829770876
346.3700097036362,-75.74222957376868,-75.74222957376868
346.3800097036362,-75.74267170354167,-75.74267170354167
346.39000970363617,-75.743109539314,-75.743109539314
346.40000970363616,-75.74354325029394,-75.74354325029394
346.41000970363615,-75.74397300227469,-75.74397300227469
346.4200097036362,-75.74439895794805,-75.74439895794805
346.4300097036362,-75.74482127715117,-75.74482127715117
346.4400097036362,-75.74524011712563,-75.74524011712563
346.45000970363617,-75.74565563271015,-75.74565563271015
346.46000970363616,-75.74606797652126,-75.74606797652126
346.47000970363615,-75.74647729912334,-75.74647729912334
346.48000970363614,-75.74688374915262,-75.74688374915262
346.4900097036362,-75.74728747342482,-75.74728747342482
346.5000097036362,-75.74768861703994,-75.74768861703994
346.5100097036362,-75.74808732344277,-75.74808732344277
346.52000970363616,-75.74848373448918,-75.74848373448918
346.53000970363615,-75.74887799051542,-75.74887799051542
346.54000970363614,-75.74927023035639,-75.74927023035639
346.5500097036362,-75.74966059139197,-75.74966059139197
346.5600097036362,-75.75004920956856,-75.75004920956856
346.5700097036362,-75.75043621942812,-75.75043621942812
346.58000970363616,-75.75082175411804,-75.75082175411804
346.59000970363616,-75.75120594539113,-75.75120594539113
346.60000970363615,-75.75158892363751,-75.75158892363751
346.6100097036362,-75.75197081786247,-75.75197081786247
346.6200097036362,-75.7523517557208,-75.7523517557208
346.6300097036362,-75.75273186350138,-75.75273186350138
346.64000970363617,-75.75311126611825,-75.75311126611825
346.65000970363616,-75.75349008714036,-75.75349008714036
346.66000970363615,-75.75386844876353,-75.75386844876353
346.6700097036362,-75.75424647181735,-75.75424647181735
346.6800097036362,-75.75462427575957,-75.75462427575957
346.6900097036362,-75.75500197869167,-75.75500197869167
346.70000970363617,-75.7553796973237,-75.7553796973237
346.71000970363616,-75.75575754701693,-75.75575754701693
346.72000970363615,-75.75613564172639,-75.75613564172639
346.73000970363614,-75.75651409406265,-75.75651409406265
346.7400097036362,-75.7568930152432,-75.7568930152432
346.7500097036362,-75.75727251509828,-75.75727251509828
346.7600097036362,-75.7576527020934,-75.7576527020934
346.77000970363616,-75.75803368330013,-75.75803368330013
346.78000970363615,-75.758415564416,-75.758415564416
346.79000970363614,-75.75879844976413,-75.75879844976413
346.800009727478,-75.7591824432057,-75.7591824432057
346.810009727478,-75.75956764448367,-75.75956764448367
346.820009727478,-75.75995415468304,-75.75995415468304
346.830009727478,-75.76034207264439,-75.76034207264439
346.84000972747805,-75.76073149581649,-75.76073149581649
346.85000972747804,-75.7611225202914,-75.7611225202914
346.86000972747803,-75.76151524079496,-75.76151524079496
346.870009727478,-75.76190975070676,-75.76190975070676
346.880009727478,-75.76230614204945,-75.76230614204945
346.890009727478,-75.76270450549521,-75.76270450549521
346.90000972747805,-75.76310493037931,-75.76310493037931
346.91000972747804,-75.76350750470539,-75.76350750470539
346.92000972747803,-75.7639123151435,-75.7639123151435
346.930009727478,-75.76431944706086,-75.76431944706086
346.940009727478,-75.76472898448881,-75.76472898448881
346.950009727478,-75.76514101016186,-75.76514101016186
346.96000972747805,-75.76554899490301,-75.76554899490301
346.97000972747804,-75.76595012316086,-75.76595012316086
346.98000972747803,-75.76634306282696,-75.76634306282696
346.990009727478,-75.76672716764755,-75.76672716764755
347.000009727478,-75.76710217295096,-75.76710217295096
347.010009727478,-75.76746803769437,-75.76746803769437
347.02000972747805,-75.76782485187664,-75.76782485187664
347.03000972747805,-75.76817278097423,-75.76817278097423
347.04000972747804,-75.76851203247028,-75.76851203247028
347.050009727478,-75.7688428358256,-75.7688428358256
347.060009727478,-75.76916543050834,-75.76916543050834
347.070009727478,-75.7694800589771,-75.7694800589771
347.080009727478,-75.76978696263791,-75.76978696263791
347.09000972747805,-75.77008637962362,-75.77008637962362
347.10000972747804,-75.77037854369871,-75.77037854369871
347.11000972747803,-75.77066368382303,-75.77066368382303
347.120009727478,-75.77094202404007,-75.77094202404007
347.130009727478,-75.77121378366604,-75.77121378366604
347.140009727478,-75.77147917749664,-75.77147917749664
347.15000972747805,-75.77173841613315,-75.77173841613315
347.16000972747804,-75.77199170626888,-75.77199170626888
347.17000972747803,-75.77223925098771,-75.77223925098771
347.180009727478,-75.77248125004407,-75.77248125004407
347.190009727478,-75.77271790007903,-75.77271790007903
347.200009727478,-75.77294939486528,-75.77294939486528
347.21000972747805,-75.77316931475052,-75.77316931475052
347.22000972747804,-75.7733749529345,-75.7733749529345
347.23000972747803,-75.77356508508672,-75.77356508508672
347.240009727478,-75.77373917180428,-75.77373917180428
347.250009727478,-75.77389705438557,-75.77389705438557
347.260009727478,-75.77403879693546,-75.77403879693546
347.27000972747805,-75.77416459380899,-75.77416459380899
347.28000972747805,-75.77427471409489,-75.77427471409489
347.29000972747804,-75.77436946819485,-75.77436946819485
347.300009727478,-75.77444918779031,-75.77444918779031
347.310009727478,-75.7745142139068,-75.7745142139068
347.320009727478,-75.77456488988705,-75.77456488988705
347.330009727478,-75.77460155738297,-75.77460155738297
347.34000972747805,-75.77462455412535,-75.77462455412535
347.35000972747804,-75.77463421283757,-75.77463421283757
347.36000972747803,-75.77463086077222,-75.77463086077222
347.370009727478,-75.77461481963336,-75.77461481963336
347.380009727478,-75.77458640571668,-75.77458640571668
347.390009727478,-75.77454593014615,-75.77454593014615
347.40000972747805,-75.77449369916927,-75.77449369916927
347.41000972747804,-75.77443001445089,-75.77443001445089
347.42000972747803,-75.7743551733487,-75.7743551733487
347.430009727478,-75.77426946917956,-75.77426946917956
347.440009727478,-75.77417319145502,-75.77417319145502
347.450009727478,-75.774066626075,-75.774066626075
347.46000972747805,-75.77395005548809,-75.77395005548809
347.47000972747804,-75.77382375889133,-75.77382375889133
347.48000972747803,-75.77368801228862,-75.77368801228862
347.490009727478,-75.77354308864673,-75.77354308864673
347.500009727478,-75.77338925796646,-75.77338925796646
347.510009727478,-75.77322678733739,-75.77322678733739
347.52000972747805,-75.7730559410241,-75.7730559410241
347.53000972747805,-75.77287698050317,-75.77287698050317
347.54000972747804,-75.77269016448497,-75.77269016448497
347.550009727478,-75.7724957489697,-75.7724957489697
347.560009727478,-75.77229398726317,-75.77229398726317
347.570009727478,-75.77208512999151,-75.77208512999151
347.580009727478,-75.77186942510507,-75.77186942510507
347.59000972747805,-75.77164711792155,-75.77164711792155
347.60000972747804,-75.77141845110648,-75.77141845110648
347.61000972747803,-75.771183664685,-75.771183664685
347.620009727478,-75.77094299606256,-75.77094299606256
347.630009727478,-75.77069668000848,-75.77069668000848
347.640009727478,-75.77044494866605,-75.77044494866605
347.6500097513199,-75.77018803095632,-75.77018803095632
347.6600097513199,-75.76992615497628,-75.76992615497628
347.67000975131987,-75.76965954443872,-75.76965954443872
347.68000975131986,-75.76938842101558,-75.76938842101558
347.6900097513199,-75.76911300375886,-75.76911300375886
347.7000097513199,-75.7688335091228,-75.7688335091228
347.7100097513199,-75.76855015094654,-75.76855015094654
347.7200097513199,-75.76826314046842,-75.76826314046842
347.73000975131987,-75.76797268633939,-75.76797268633939
347.74000975131986,-75.76767899460965,-75.76767899460965
347.7500097513199,-75.76738226874288,-75.76738226874288
347.7600097513199,-75.76708270962018,-75.76708270962018
347.7700097513199,-75.76678051555817,-75.76678051555817
347.7800097513199,-75.76647588230277,-75.76647588230277
347.7900097513199,-75.7661690030447,-75.7661690030447
347.80000975131986,-75.76586006842949,-75.76586006842949
347.8100097513199,-75.76554926655709,-75.76554926655709
347.8200097513199,-75.76523678301645,-75.76523678301645
347.8300097513199,-75.76492280086954,-75.76492280086954
347.8400097513199,-75.76460750068053,-75.76460750068053
347.8500097513199,-75.76429106051893,-75.76429106051893
347.86000975131986,-75.7639736559822,-75.7639736559822
347.8700097513199,-75.76365546021138,-75.76365546021138
347.8800097513199,-75.76333664389072,-75.76333664389072
347.8900097513199,-75.7630173752673,-75.7630173752673
347.9000097513199,-75.76269782017191,-75.76269782017191
347.9100097513199,-75.76237814204516,-75.76237814204516
347.92000975131987,-75.76205850192241,-75.76205850192241
347.93000975131986,-75.76173905849043,-75.76173905849043
347.9400097513199,-75.76141996806184,-75.76141996806184
347.9500097513199,-75.76110138463171,-75.76110138463171
347.9600097513199,-75.76077685202438,-75.76077685202438
347.9700097513199,-75.76044362681242,-75.76044362681242
347.98000975131987,-75.76010044793516,-75.76010044793516
347.99000975131986,-75.75974673911108,-75.75974673911108
348.0000097513199,-75.75938230461688,-75.75938230461688
348.0100097513199,-75.75900717131626,-75.75900717131626
348.0200097513199,-75.7586214960559,-75.7586214960559
348.0300097513199,-75.75822551011395,-75.75822551011395
348.0400097513199,-75.75781948576432,-75.75781948576432
348.05000975131986,-75.7574037161881,-75.7574037161881
348.0600097513199,-75.75697850356104,-75.75697850356104
348.0700097513199,-75.75654415203792,-75.75654415203792
348.0800097513199,-75.75610096371905,-75.75610096371905
348.0900097513199,-75.75564923645106,-75.75564923645106
348.1000097513199,-75.75518926273836,-75.75518926273836
348.11000975131986,-75.75472132932043,-75.75472132932043
348.1200097513199,-75.75424571708827,-75.75424571708827
348.1300097513199,-75.75376270126814,-75.75376270126814
348.1400097513199,-75.75327255166978,-75.75327255166978
348.1500097513199,-75.75277553298899,-75.75277553298899
348.1600097513199,-75.75227190515743,-75.75227190515743
348.17000975131987,-75.7517619236043,-75.7517619236043
348.18000975131986,-75.75124583959031,-75.75124583959031
348.1900097513199,-75.75072390040525,-75.75072390040525
348.2000097513199,-75.75019634964656,-75.75019634964656
348.2100097513199,-75.74966342737959,-75.74966342737959
348.2200097513199,-75.74912537031224,-75.74912537031224
348.23000975131987,-75.74858241195768,-75.74858241195768
348.24000975131986,-75.7480347827583,-75.7480347827583
348.2500097513199,-75.74748271017667,-75.74748271017667
348.2600097513199,-75.74692641879639,-75.74692641879639
348.2700097513199,-75.74636613039732,-75.74636613039732
348.2800097513199,-75.74580206402494,-75.74580206402494
348.2900097513199,-75.74523443605209,-75.74523443605209
348.30000975131986,-75.74466346020044,-75.74466346020044
348.3100097513199,-75.74408934760861,-75.74408934760861
348.3200097513199,-75.74351230685802,-75.74351230685802
348.3300097513199,-75.74293254399755,-75.74293254399755
348.3400097513199,-75.7423502625657,-75.7423502625657
348.3500097513199,-75.74176566363319,-75.74176566363319
348.36000975131986,-75.74117894580066,-75.74117894580066
348.3700097513199,-75.74059030520978,-75.74059030520978
348.3800097513199,-75.73999993559141,-75.73999993559141
348.3900097513199,-75.73940802824467,-75.73940802824467
348.4000097513199,-75.7388147720842,-75.7388147720842
348.4100097513199,-75.73822035360267,-75.73822035360267
348.42000975131987,-75.73762495693344,-75.73762495693344
348.43000975131986,-75.73702876383258,-75.73702876383258
348.4400097513199,-75.73643195370835,-75.73643195370835
348.4500097513199,-75.73583470360067,-75.73583470360067
348.4600097513199,-75.73523718822528,-75.73523718822528
348.4700097513199,-75.73463957996293,-75.73463957996293
348.48000975131987,-75.7340420488873,-75.7340420488873
348.49000975131986,-75.73344476274704,-75.73344476274704
348.50000977516174,-75.7328478856023,-75.7328478856023
348.51000977516173,-75.73225158347498,-75.73225158347498
348.5200097751617,-75.73165601584822,-75.73165601584822
348.5300097751617,-75.73106134138554,-75.73106134138554
348.54000977516176,-75.73046771648664,-75.73046771648664
348.55000977516175,-75.72987529532321,-75.72987529532321
348.56000977516175,-75.72928422985032,-75.72928422985032
348.57000977516174,-75.7286946698099,-75.7286946698099
348.5800097751617,-75.72810676275812,-75.72810676275812
348.5900097751617,-75.72752065405943,-75.72752065405943
348.60000977516177,-75.72693648692307,-75.72693648692307
348.61000977516176,-75.72635440240093,-75.72635440240093
348.62000977516175,-75.72577453942374,-75.72577453942374
348.63000977516174,-75.72519703480121,-75.72519703480121
348.64000977516173,-75.72462202322518,-75.72462202322518
348.6500097751617,-75.72404963731583,-75.72404963731583
348.66000977516177,-75.7234800076185,-75.7234800076185
348.67000977516176,-75.7229132626176,-75.7229132626176
348.68000977516175,-75.7223495287645,-75.7223495287645
348.69000977516174,-75.72178893050103,-75.72178893050103
348.70000977516173,-75.72123159025247,-75.72123159025247
348.7100097751617,-75.72067102501099,-75.72067102501099
348.72000977516177,-75.7201044631331,-75.7201044631331
348.73000977516176,-75.71953061496002,-75.71953061496002
348.74000977516175,-75.7189488755956,-75.7189488755956
348.75000977516174,-75.71835902080248,-75.71835902080248
348.76000977516173,-75.71776104910067,-75.71776104910067
348.7700097751617,-75.7171550892133,-75.7171550892133
348.7800097751617,-75.71654134450343,-75.71654134450343
348.79000977516176,-75.71592005954328,-75.71592005954328
348.80000977516175,-75.71529150005827,-75.71529150005827
348.81000977516175,-75.7146559409956,-75.7146559409956
348.82000977516174,-75.71401365950469,-75.71401365950469
348.8300097751617,-75.71336493092547,-75.71336493092547
348.8400097751617,-75.71271002658827,-75.71271002658827
348.85000977516177,-75.71204921274443,-75.71204921274443
348.86000977516176,-75.71138275008911,-75.71138275008911
348.87000977516175,-75.71071089375174,-75.71071089375174
348.88000977516174,-75.71003389342715,-75.71003389342715
348.89000977516173,-75.70935199365655,-75.70935199365655
348.9000097751617,-75.70866543412613,-75.70866543412613
348.91000977516177,-75.70797445000589,-75.70797445000589
348.92000977516176,-75.70727927223504,-75.70727927223504
348.93000977516175,-75.70658012781243,-75.70658012781243
348.94000977516174,-75.70587724005394,-75.70587724005394
348.95000977516173,-75.70517082881811,-75.70517082881811
348.9600097751617,-75.70446111069924,-75.70446111069924
348.97000977516177,-75.70374829919689,-75.70374829919689
348.98000977516176,-75.70303260487053,-75.70303260487053
348.99000977516175,-75.70231423544999,-75.70231423544999
349.00000977516174,-75.70159339595222,-75.70159339595222
349.01000977516173,-75.70087028876402,-75.70087028876402
349.0200097751617,-75.70014511372743,-75.70014511372743
349.0300097751617,-75.69941806819419,-75.69941806819419
349.04000977516176,-75.69868934709046,-75.69868934709046
349.05000977516175,-75.69795914295543,-75.69795914295543
349.06000977516175,-75.69722764597483,-75.69722764597483
349.07000977516174,-75.6964950440206,-75.6964950440206
349.0800097751617,-75.69576152268544,-75.69576152268544
349.0900097751617,-75.6950272652883,-75.6950272652883
349.10000977516177,-75.69429245292294,-75.69429245292294
349.11000977516176,-75.69355726442767,-75.69355726442767
349.12000977516175,-75.69282187645634,-75.69282187645634
349.13000977516174,-75.69208646344964,-75.69208646344964
349.14000977516173,-75.69135119767323,-75.69135119767323
349.1500097751617,-75.69061624921628,-75.69061624921628
349.16000977516177,-75.68988178598781,-75.68988178598781
349.17000977516176,-75.68914797375129,-75.68914797375129
349.18000977516175,-75.68841497612307,-75.68841497612307
349.19000977516174,-75.68768295457288,-75.68768295457288
349.20000977516173,-75.686952068452,-75.686952068452
349.2100097751617,-75.68622247498183,-75.68622247498183
349.22000977516177,-75.68549432926844,-75.68549432926844
349.23000977516176,-75.68476778430983,-75.68476778430983
349.24000977516175,-75.68404299101459,-75.68404299101459
349.25000977516174,-75.68332009819628,-75.68332009819628
349.26000977516173,-75.68259925258555,-75.68259925258555
349.2700097751617,-75.68188059886343,-75.68188059886343
349.2800097751617,-75.6811642796365,-75.6811642796365
349.29000977516176,-75.68045043545499,-75.68045043545499
349.30000977516175,-75.67973920484827,-75.67973920484827
349.31000977516175,-75.67903072430332,-75.67903072430332
349.32000977516174,-75.67832512830566,-75.67832512830566
349.3300097751617,-75.6776225493091,-75.6776225493091
349.3400097751617,-75.67692311781254,-75.67692311781254
349.3500097990036,-75.67622696065132,-75.67622696065132
349.3600097990036,-75.6755342076876,-75.6755342076876
349.3700097990036,-75.67484498181899,-75.67484498181899
349.3800097990036,-75.67415940568459,-75.67415940568459
349.3900097990036,-75.67347760000706,-75.67347760000706
349.4000097990036,-75.67279968356418,-75.67279968356418
349.4100097990036,-75.67212577326174,-75.67212577326174
349.4200097990036,-75.67145598410514,-75.67145598410514
349.4300097990036,-75.6707904292415,-75.6707904292415
349.4400097990036,-75.67012921995816,-75.67012921995816
349.4500097990036,-75.66947246569917,-75.66947246569917
349.4600097990036,-75.66882027408832,-75.66882027408832
349.4700097990036,-75.66817275094617,-75.66817275094617
349.4800097990036,-75.66753000028784,-75.66753000028784
349.4900097990036,-75.66689212436617,-75.66689212436617
349.5000097990036,-75.66625922365625,-75.66625922365625
349.5100097990036,-75.6656313969149,-75.6656313969149
349.5200097990036,-75.6650087411463,-75.6650087411463
349.5300097990036,-75.6643913516579,-75.6643913516579
349.5400097990036,-75.66377932205776,-75.66377932205776
349.5500097990036,-75.66317274427382,-75.66317274427382
349.5600097990036,-75.66257170858223,-75.66257170858223
349.5700097990036,-75.66197630360699,-75.66197630360699
349.5800097990036,-75.66138661634574,-75.66138661634574
349.5900097990036,-75.66080273219607,-75.66080273219607
349.6000097990036,-75.66022473494333,-75.66022473494333
349.6100097990036,-75.65965270682359,-75.65965270682359
349.6200097990036,-75.65908672848332,-75.65908672848332
349.6300097990036,-75.65852687905212,-75.65852687905212
349.6400097990036,-75.65797323612954,-75.65797323612954
349.6500097990036,-75.65742587579139,-75.65742587579139
349.6600097990036,-75.65688487265035,-75.65688487265035
349.6700097990036,-75.65635029982197,-75.65635029982197
349.6800097990036,-75.65582222897615,-75.65582222897615
349.6900097990036,-75.65530073034219,-75.65530073034219
349.7000097990036,-75.6547858727239,-75.6547858727239
349.7100097990036,-75.6542777235191,-75.6542777235191
349.7200097990036,-75.65377634874753,-75.65377634874753
349.7300097990036,-75.6532818130418,-75.6532818130418
349.7400097990036,-75.65279417968371,-75.65279417968371
349.7500097990036,-75.65231351061732,-75.65231351061732
349.7600097990036,-75.65183986646227,-75.65183986646227
349.7700097990036,-75.6513733065233,-75.6513733065233
349.7800097990036,-75.65091388884272,-75.65091388884272
349.7900097990036,-75.65046167015498,-75.65046167015498
349.8000097990036,-75.6500167059608,-75.6500167059608
349.8100097990036,-75.6495790505045,-75.6495790505045
349.8200097990036,-75.64914875681333,-75.64914875681333
349.8300097990036,-75.64872587669964,-75.64872587669964
349.8400097990036,-75.64831046077992,-75.64831046077992
349.8500097990036,-75.64790255849842,-75.64790255849842
349.8600097990036,-75.64750221812227,-75.64750221812227
349.8700097990036,-75.64710948678587,-75.64710948678587
349.8800097990036,-75.64672441048725,-75.64672441048725
349.8900097990036,-75.64634703409047,-75.64634703409047
349.9000097990036,-75.64597740137907,-75.64597740137907
349.9100097990036,-75.6456155550305,-75.6456155550305
349.9200097990036,-75.64526153666037,-75.64526153666037
349.9300097990036,-75.64491538681712,-75.64491538681712
349.9400097990036,-75.64457714500904,-75.64457714500904
349.9500097990036,-75.6442468497064,-75.6442468497064
349.9600097990036,-75.6439245383617,-75.6439245383617
349.9700097990036,-75.64361024744113,-75.64361024744113
349.9800097990036,-75.64330401241732,-75.64330401241732
349.9900097990036,-75.64300586777019,-75.64300586777019
350.0000097990036,-75.6427158470377,-75.6427158470377
350.0100097990036,-75.64243398279794,-75.64243398279794
350.0200097990036,-75.64216030670175,-75.64216030670175
350.0300097990036,-75.64189484946796,-75.64189484946796
350.0400097990036,-75.64163764091357,-75.64163764091357
350.0500097990036,-75.64138870996433,-75.64138870996433
350.0600097990036,-75.64114808465992,-75.64114808465992
350.0700097990036,-75.64091579217106,-75.64091579217106
350.0800097990036,-75.64069185879517,-75.64069185879517
350.0900097990036,-75.64047631000254,-75.64047631000254
350.1000097990036,-75.64026917043032,-75.64026917043032
350.1100097990036,-75.64007046388252,-75.64007046388252
350.1200097990036,-75.63988021335615,-75.63988021335615
350.1300097990036,-75.6396984410487,-75.6396984410487
350.1400097990036,-75.63952516838593,-75.63952516838593
350.1500097990036,-75.63936041599852,-75.63936041599852
350.1600097990036,-75.63920420377376,-75.63920420377376
350.1700097990036,-75.63905655082208,-75.63905655082208
350.1800097990036,-75.63891747553473,-75.63891747553473
350.1900097990036,-75.63878699556304,-75.63878699556304
350.20000982284546,-75.63866512754959,-75.63866512754959
350.21000982284545,-75.63855188833632,-75.63855188833632
350.22000982284544,-75.6384472931197,-75.6384472931197
350.23000982284543,-75.63835135674117,-75.63835135674117
350.2400098228455,-75.63826409336485,-75.63826409336485
350.25000982284547,-75.63818551648802,-75.63818551648802
350.26000982284546,-75.63811563894289,-75.63811563894289
350.27000982284545,-75.63805447291932,-75.63805447291932
350.28000982284544,-75.63800202998068,-75.63800202998068
350.29000982284543,-75.63795832103781,-75.63795832103781
350.3000098228455,-75.63792335641173,-75.63792335641173
350.3100098228455,-75.63789714577833,-75.63789714577833
350.32000982284546,-75.63787969825249,-75.63787969825249
350.33000982284545,-75.63787102233339,-75.63787102233339
350.34000982284545,-75.63787112595367,-75.63787112595367
350.35000982284544,-75.63788001646355,-75.63788001646355
350.3600098228455,-75.6378977006556,-75.6378977006556
350.3700098228455,-75.63792418475155,-75.63792418475155
350.38000982284547,-75.63795947444824,-75.63795947444824
350.39000982284546,-75.63800357489664,-75.63800357489664
350.40000982284545,-75.6380564907182,-75.6380564907182
350.41000982284544,-75.63811822601467,-75.63811822601467
350.4200098228455,-75.6381887843722,-75.6381887843722
350.4300098228455,-75.63826816886534,-75.63826816886534
350.44000982284547,-75.6383563820852,-75.6383563820852
350.45000982284546,-75.63845342612426,-75.63845342612426
350.46000982284545,-75.6385593025974,-75.6385593025974
350.47000982284544,-75.63867401264346,-75.63867401264346
350.48000982284543,-75.63879755693117,-75.63879755693117
350.4900098228455,-75.63892993567968,-75.63892993567968
350.50000982284547,-75.63907114865174,-75.63907114865174
350.51000982284546,-75.63922119516243,-75.63922119516243
350.52000982284545,-75.6393800740957,-75.6393800740957
350.53000982284544,-75.63954778389689,-75.63954778389689
350.54000982284543,-75.63972432259483,-75.63972432259483
350.5500098228455,-75.63990968780607,-75.63990968780607
350.5600098228455,-75.64010387672585,-75.64010387672585
350.57000982284546,-75.64030688614984,-75.64030688614984
350.58000982284545,-75.64051871247536,-75.64051871247536
350.59000982284545,-75.64073935171986,-75.64073935171986
350.60000982284544,-75.64096879951421,-75.64096879951421
350.6100098228455,-75.64120705109836,-75.64120705109836
350.6200098228455,-75.6414541013495,-75.6414541013495
350.63000982284547,-75.64170994478468,-75.64170994478468
350.64000982284546,-75.64197457555144,-75.64197457555144
350.65000982284545,-75.64224798745715,-75.64224798745715
350.66000982284544,-75.64253017395258,-75.64253017395258
350.6700098228455,-75.64282112815043,-75.64282112815043
350.6800098228455,-75.64312084282437,-75.64312084282437
350.69000982284547,-75.64342931041901,-75.64342931041901
350.70000982284546,-75.64374652305331,-75.64374652305331
350.71000982284545,-75.64407247252852,-75.64407247252852
350.72000982284544,-75.64440715033699,-75.64440715033699
350.73000982284543,-75.64475054765244,-75.64475054765244
350.7400098228455,-75.64510265535425,-75.64510265535425
350.75000982284547,-75.6454634640203,-75.6454634640203
350.76000982284546,-75.64583296393326,-75.64583296393326
350.77000982284545,-75.64621114509121,-75.64621114509121
350.78000982284544,-75.6465979972091,-75.6465979972091
350.79000982284543,-75.64699350971806,-75.64699350971806
350.8000098228455,-75.64739767178533,-75.64739767178533
350.8100098228455,-75.64781047230213,-75.64781047230213
350.82000982284546,-75.64823189990399,-75.64823189990399
350.83000982284545,-75.64866194295124,-75.64866194295124
350.84000982284545,-75.6491005895704,-75.6491005895704
350.85000982284544,-75.64954782762355,-75.64954782762355
350.8600098228455,-75.65000364473296,-75.65000364473296
350.8700098228455,-75.65046802827325,-75.65046802827325
350.88000982284547,-75.6509409653865,-75.6509409653865
350.89000982284546,-75.65142244299139,-75.65142244299139
350.90000982284545,-75.65191244775579,-75.65191244775579
350.91000982284544,-75.65241096614884,-75.65241096614884
350.9200098228455,-75.65291798439505,-75.65291798439505
350.9300098228455,-75.65343348852318,-75.65343348852318
350.94000982284547,-75.6539574643286,-75.6539574643286
350.95000982284546,-75.65448989742136,-75.65448989742136
350.96000982284545,-75.6550307731889,-75.6550307731889
350.97000982284544,-75.65558007682682,-75.65558007682682
350.98000982284543,-75.65613779332413,-75.65613779332413
350.9900098228455,-75.65670390749641,-75.65670390749641
351.00000982284547,-75.65727840394285,-75.65727840394285
351.01000982284546,-75.65786126709712,-75.65786126709712
351.02000982284545,-75.65845248119574,-75.65845248119574
351.03000982284544,-75.65905203031163,-75.65905203031163
351.04000982284543,-75.65965989832627,-75.65965989832627
351.0500098466873,-75.66027607042496,-75.66027607042496
351.0600098466873,-75.66090052724634,-75.66090052724634
351.0700098466873,-75.66153325361513,-75.66153325361513
351.0800098466873,-75.66217423274269,-75.66217423274269
351.09000984668734,-75.66282344769215,-75.66282344769215
351.1000098466873,-75.66348088135803,-75.66348088135803
351.1100098466873,-75.66414651650844,-75.66414651650844
351.1200098466873,-75.66482033573101,-75.66482033573101
351.1300098466873,-75.66550232148111,-75.66550232148111
351.1400098466873,-75.66619245606678,-75.66619245606678
351.15000984668734,-75.66689072166037,-75.66689072166037
351.16000984668733,-75.66759710028032,-75.66759710028032
351.1700098466873,-75.66831157383167,-75.66831157383167
351.1800098466873,-75.66903412406879,-75.66903412406879
351.1900098466873,-75.6697647326272,-75.6697647326272
351.2000098466873,-75.670503381014,-75.670503381014
351.21000984668734,-75.67124344738744,-75.67124344738744
351.22000984668733,-75.67198202035097,-75.67198202035097
351.2300098466873,-75.67271767137173,-75.67271767137173
351.2400098466873,-75.6734496581514,-75.6734496581514
351.2500098466873,-75.67417762066673,-75.67417762066673
351.2600098466873,-75.67490142338586,-75.67490142338586
351.27000984668734,-75.67562106281122,-75.67562106281122
351.28000984668734,-75.67633661190386,-75.67633661190386
351.2900098466873,-75.67704818671342,-75.67704818671342
351.3000098466873,-75.67775592628536,-75.67775592628536
351.3100098466873,-75.67845998073844,-75.67845998073844
351.3200098466873,-75.67916050426223,-75.67916050426223
351.3300098466873,-75.67985765103727,-75.67985765103727
351.34000984668734,-75.68055157304282,-75.68055157304282
351.3500098466873,-75.68124241895121,-75.68124241895121
351.3600098466873,-75.68193033366342,-75.68193033366342
351.3700098466873,-75.68261545822513,-75.68261545822513
351.3800098466873,-75.68329792997626,-75.68329792997626
351.3900098466873,-75.68397788278139,-75.68397788278139
351.40000984668734,-75.68465544733928,-75.68465544733928
351.41000984668733,-75.68533075144131,-75.68533075144131
351.4200098466873,-75.68600392030861,-75.68600392030861
351.4300098466873,-75.6866750768131,-75.6866750768131
351.4400098466873,-75.68734434172192,-75.68734434172192
351.4500098466873,-75.68801183390809,-75.68801183390809
351.46000984668734,-75.68867767053035,-75.68867767053035
351.47000984668733,-75.68934196716444,-75.68934196716444
351.4800098466873,-75.69000483794747,-75.69000483794747
351.4900098466873,-75.6906663956818,-75.6906663956818
351.5000098466873,-75.69132675190554,-75.69132675190554
351.5100098466873,-75.69198601698987,-75.69198601698987
351.52000984668734,-75.69264430016973,-75.69264430016973
351.53000984668734,-75.69330170961747,-75.69330170961747
351.5400098466873,-75.69395835245359,-75.69395835245359
351.5500098466873,-75.69461433479677,-75.69461433479677
351.5600098466873,-75.69526976176763,-75.69526976176763
351.5700098466873,-75.69592473750593,-75.69592473750593
351.5800098466873,-75.69657936519816,-75.69657936519816
351.59000984668734,-75.69723374706086,-75.69723374706086
351.6000098466873,-75.69788798435405,-75.69788798435405
351.6100098466873,-75.69854217739464,-75.69854217739464
351.6200098466873,-75.699196425541,-75.699196425541
351.6300098466873,-75.69985082717271,-75.69985082717271
351.6400098466873,-75.7005054797321,-75.7005054797321
351.65000984668734,-75.70116047967494,-75.70116047967494
351.66000984668733,-75.70181592248412,-75.70181592248412
351.6700098466873,-75.70247190266771,-75.70247190266771
351.6800098466873,-75.70312851373404,-75.70312851373404
351.6900098466873,-75.70378584821245,-75.70378584821245
351.7000098466873,-75.70444399760879,-75.70444399760879
351.71000984668734,-75.70510305243992,-75.70510305243992
351.72000984668733,-75.70576310219181,-75.70576310219181
351.7300098466873,-75.70642423533924,-75.70642423533924
351.7400098466873,-75.70708653933048,-75.70708653933048
351.7500098466873,-75.70775010057248,-75.70775010057248
351.7600098466873,-75.70841500443989,-75.70841500443989
351.77000984668734,-75.70908133525852,-75.70908133525852
351.78000984668734,-75.70974917631462,-75.70974917631462
351.7900098466873,-75.71041860984788,-75.71041860984788
351.8000098466873,-75.71108971703295,-75.71108971703295
351.8100098466873,-75.71176257800272,-75.71176257800272
351.8200098466873,-75.71243727180956,-75.71243727180956
351.8300098466873,-75.71311387646882,-75.71311387646882
351.84000984668734,-75.71379246892404,-75.71379246892404
351.8500098466873,-75.71447312506294,-75.71447312506294
351.8600098466873,-75.7151559197134,-75.7151559197134
351.8700098466873,-75.71584092663484,-75.71584092663484
351.8800098466873,-75.71652821853658,-75.71652821853658
351.8900098466873,-75.71721786705918,-75.71721786705918
351.9000098705292,-75.7179099444405,-75.7179099444405
351.91000987052917,-75.71860451693342,-75.71860451693342
351.92000987052916,-75.71930165465493,-75.71930165465493
351.93000987052915,-75.72000142504167,-75.72000142504167
351.9400098705292,-75.72070389447448,-75.72070389447448
351.9500098705292,-75.7214091283088,-75.7214091283088
351.9600098705292,-75.72211719085306,-75.72211719085306
351.97000987052917,-75.72282814538993,-75.72282814538993
351.98000987052916,-75.72354205416515,-75.72354205416515
351.99000987052915,-75.7242589784051,-75.7242589784051
352.0000098705292,-75.72497897832736,-75.72497897832736
352.0100098705292,-75.7257021131189,-75.7257021131189
352.0200098705292,-75.7264284409769,-75.7264284409769
352.03000987052917,-75.72715801909216,-75.72715801909216
352.04000987052916,-75.7278909036626,-75.7278909036626
352.05000987052915,-75.72862714989884,-75.72862714989884
352.0600098705292,-75.72936681204013,-75.72936681204013
352.0700098705292,-75.73010994334398,-75.73010994334398
352.0800098705292,-75.73085659610517,-75.73085659610517
352.0900098705292,-75.73160682166035,-75.73160682166035
352.10000987052916,-75.73236067040206,-75.73236067040206
352.11000987052915,-75.73311819176878,-75.73311819176878
352.1200098705292,-75.73387943427227,-75.73387943427227
352.1300098705292,-75.73464444549278,-75.73464444549278
352.1400098705292,-75.73541327209618,-75.73541327209618
352.1500098705292,-75.73618595984843,-75.73618595984843
352.16000987052917,-75.73696255359478,-75.73696255359478
352.17000987052916,-75.7377430972964,-75.7377430972964
352.18000987052915,-75.73852763401729,-75.73852763401729
352.1900098705292,-75.73931620596964,-75.73931620596964
352.2000098705292,-75.74010885447721,-75.74010885447721
352.2100098705292,-75.74090562001705,-75.74090562001705
352.22000987052917,-75.74170654221548,-75.74170654221548
352.23000987052916,-75.74251165984427,-75.74251165984427
352.24000987052915,-75.74332101085746,-75.74332101085746
352.2500098705292,-75.7441346323682,-75.7441346323682
352.2600098705292,-75.74495256070341,-75.74495256070341
352.2700098705292,-75.74577483135212,-75.74577483135212
352.28000987052917,-75.74660147903508,-75.74660147903508
352.29000987052916,-75.7474325376687,-75.7474325376687
352.30000987052915,-75.74826804039112,-75.74826804039112
352.3100098705292,-75.74910801956608,-75.74910801956608
352.3200098705292,-75.7499525068162,-75.7499525068162
352.3300098705292,-75.75080153299484,-75.75080153299484
352.3400098705292,-75.75165512821843,-75.75165512821843
352.35000987052916,-75.75251332186859,-75.75251332186859
352.36000987052915,-75.75337614259787,-75.75337614259787
352.3700098705292,-75.75424361834462,-75.75424361834462
352.3800098705292,-75.75511577633432,-75.75511577633432
352.3900098705292,-75.75599264311049,-75.75599264311049
352.4000098705292,-75.7568742445069,-75.7568742445069
352.41000987052917,-75.75776060568847,-75.75776060568847
352.42000987052916,-75.75865175113806,-75.75865175113806
352.43000987052915,-75.7595477046795,-75.7595477046795
352.4400098705292,-75.76044848947708,-75.76044848947708
352.4500098705292,-75.76135412805388,-75.76135412805388
352.4600098705292,-75.76226464229846,-75.76226464229846
352.47000987052917,-75.76318005344639,-75.76318005344639
352.48000987052916,-75.7641003821473,-75.7641003821473
352.49000987052915,-75.7650256484001,-75.7650256484001
352.5000098705292,-75.76595587161577,-75.76595587161577
352.5100098705292,-75.76689107061213,-75.76689107061213
352.5200098705292,-75.76783126360341,-75.76783126360341
352.53000987052917,-75.76877646823895,-75.76877646823895
352.54000987052916,-75.76972670158285,-75.76972670158285
352.55000987052915,-75.77068198014297,-75.77068198014297
352.5600098705292,-75.7716423198606,-75.7716423198606
352.5700098705292,-75.77260773613583,-75.77260773613583
352.5800098705292,-75.77357824382042,-75.77357824382042
352.5900098705292,-75.77455385723765,-75.77455385723765
352.60000987052916,-75.77553459017601,-75.77553459017601
352.61000987052915,-75.77652045591242,-75.77652045591242
352.6200098705292,-75.77751146720048,-75.77751146720048
352.6300098705292,-75.77850763630025,-75.77850763630025
352.6400098705292,-75.77950897497809,-75.77950897497809
352.6500098705292,-75.78051549450115,-75.78051549450115
352.66000987052917,-75.78152720565463,-75.78152720565463
352.67000987052916,-75.78254411874659,-75.78254411874659
352.68000987052915,-75.78356624362017,-75.78356624362017
352.6900098705292,-75.78459358965662,-75.78459358965662
352.7000098705292,-75.78562616577986,-75.78562616577986
352.7100098705292,-75.78666398046279,-75.78666398046279
352.72000987052917,-75.78770704174256,-75.78770704174256
352.73000987052916,-75.78875535721464,-75.78875535721464
352.74000987052915,-75.7898089340496,-75.7898089340496
352.75000989437103,-75.79086778153004,-75.79086778153004
352.760009894371,-75.7919319009515,-75.7919319009515
352.770009894371,-75.79300130074057,-75.79300130074057
352.780009894371,-75.79407598641002,-75.79407598641002
352.79000989437105,-75.79515596309358,-75.79515596309358
352.80000989437104,-75.79624123551334,-75.79624123551334
352.81000989437103,-75.79733180802309,-75.79733180802309
352.820009894371,-75.79842768459245,-75.79842768459245
352.830009894371,-75.79952886881318,-75.79952886881318
352.840009894371,-75.80063536390625,-75.80063536390625
352.85000989437106,-75.80174717274848,-75.80174717274848
352.86000989437105,-75.8028642978452,-75.8028642978452
352.87000989437104,-75.80398674135007,-75.80398674135007
352.880009894371,-75.80511450507657,-75.80511450507657
352.890009894371,-75.80624759050856,-75.80624759050856
352.900009894371,-75.80738599878205,-75.80738599878205
352.91000989437106,-75.8085297307127,-75.8085297307127
352.92000989437105,-75.80967878678986,-75.80967878678986
352.93000989437104,-75.8108331671758,-75.8108331671758
352.94000989437103,-75.81199287173732,-75.81199287173732
352.950009894371,-75.813157900017,-75.813157900017
352.960009894371,-75.8143282512748,-75.8143282512748
352.97000989437106,-75.81550392444998,-75.81550392444998
352.98000989437105,-75.81668491820041,-75.81668491820041
352.99000989437104,-75.81787123089318,-75.81787123089318
353.00000989437103,-75.81906286060777,-75.81906286060777
353.010009894371,-75.82025980514983,-75.82025980514983
353.020009894371,-75.8214620620532,-75.8214620620532
353.030009894371,-75.8226696285733,-75.8226696285733
353.04000989437105,-75.82388250170223,-75.82388250170223
353.05000989437104,-75.8251006781793,-75.8251006781793
353.06000989437103,-75.82632415447627,-75.82632415447627
353.070009894371,-75.82755292682813,-75.82755292682813
353.080009894371,-75.82878699120772,-75.82878699120772
353.090009894371,-75.83002634334204,-75.83002634334204
353.10000989437106,-75.83127097872725,-75.83127097872725
353.11000989437105,-75.83252089261558,-75.83252089261558
353.12000989437104,-75.83377608004143,-75.83377608004143
353.130009894371,-75.83503653579687,-75.83503653579687
353.140009894371,-75.8363022544657,-75.8363022544657
353.150009894371,-75.83757323039232,-75.83757323039232
353.16000989437106,-75.83884945771655,-75.83884945771655
353.17000989437105,-75.84013093037508,-75.84013093037508
353.18000989437104,-75.84141764207115,-75.84141764207115
353.19000989437103,-75.84270958632655,-75.84270958632655
353.200009894371,-75.84400675645153,-75.84400675645153
353.210009894371,-75.84530914556414,-75.84530914556414
353.22000989437106,-75.84661674657991,-75.84661674657991
353.23000989437105,-75.84792955221803,-75.84792955221803
353.24000989437104,-75.84924755503451,-75.84924755503451
353.25000989437103,-75.85057074738405,-75.85057074738405
353.260009894371,-75.85189912143335,-75.85189912143335
353.270009894371,-75.85323266919166,-75.85323266919166
353.280009894371,-75.85457138247857,-75.85457138247857
353.29000989437105,-75.85591525295266,-75.85591525295266
353.30000989437104,-75.85726427209904,-75.85726427209904
353.31000989437103,-75.8586184312335,-75.8586184312335
353.320009894371,-75.85997772151086,-75.85997772151086
353.330009894371,-75.86134213394598,-75.86134213394598
353.340009894371,-75.86271165937082,-75.86271165937082
353.35000989437106,-75.86408628848672,-75.86408628848672
353.36000989437105,-75.86546601183495,-75.86546601183495
353.37000989437104,-75.86685081979908,-75.86685081979908
353.380009894371,-75.86824070263168,-75.86824070263168
353.390009894371,-75.86963565045262,-75.86963565045262
353.400009894371,-75.87103565322064,-75.87103565322064
353.41000989437106,-75.87244070076339,-75.87244070076339
353.42000989437105,-75.87385078279696,-75.87385078279696
353.43000989437104,-75.87526588887084,-75.87526588887084
353.44000989437103,-75.8766860084331,-75.8766860084331
353.450009894371,-75.87811113079991,-75.87811113079991
353.460009894371,-75.87954124515439,-75.87954124515439
353.47000989437106,-75.88097634056928,-75.88097634056928
353.48000989437105,-75.88241640599277,-75.88241640599277
353.49000989437104,-75.8838614302569,-75.8838614302569
353.50000989437103,-75.8853114020882,-75.8853114020882
353.510009894371,-75.88676631009335,-75.88676631009335
353.520009894371,-75.88822614276563,-75.88822614276563
353.530009894371,-75.88969088850206,-75.88969088850206
353.54000989437105,-75.89116053558601,-75.89116053558601
353.55000989437104,-75.89263507219748,-75.89263507219748
353.56000989437103,-75.89411448643317,-75.89411448643317
353.570009894371,-75.89559876627429,-75.89559876627429
353.580009894371,-75.89708789960335,-75.89708789960335
353.590009894371,-75.8985818742151,-75.8985818742151
353.6000099182129,-75.90008068139275,-75.90008068139275
353.6100099182129,-75.90158430160933,-75.90158430160933
353.6200099182129,-75.90309272595024,-75.90309272595024
353.63000991821286,-75.90460594184776,-75.90460594184776
353.6400099182129,-75.90612393665874,-75.90612393665874
353.6500099182129,-75.90764669765677,-75.90764669765677
353.6600099182129,-75.90917421202809,-75.90917421202809
353.6700099182129,-75.9107064668841,-75.9107064668841
353.6800099182129,-75.91224344926208,-75.91224344926208
353.69000991821287,-75.91378514611681,-75.91378514611681
353.7000099182129,-75.91533154433354,-75.91533154433354
353.7100099182129,-75.91688263072228,-75.91688263072228
353.7200099182129,-75.9184383920337,-75.9184383920337
353.7300099182129,-75.91999881494485,-75.91999881494485
353.7400099182129,-75.92156388604984,-75.92156388604984
353.75000991821287,-75.92313359190199,-75.92313359190199
353.7600099182129,-75.92470791897294,-75.92470791897294
353.7700099182129,-75.92628685368479,-75.92628685368479
353.7800099182129,-75.92787038239852,-75.92787038239852
353.7900099182129,-75.9294584914041,-75.9294584914041
353.8000099182129,-75.93105116694844,-75.93105116694844
353.81000991821287,-75.93264839520673,-75.93264839520673
353.8200099182129,-75.93425016232109,-75.93425016232109
353.8300099182129,-75.93585645436403,-75.93585645436403
353.8400099182129,-75.93746725735672,-75.93746725735672
353.8500099182129,-75.93908255727737,-75.93908255727737
353.8600099182129,-75.94070234005584,-75.94070234005584
353.8700099182129,-75.9423265915659,-75.9423265915659
353.88000991821286,-75.94395529764635,-75.94395529764635
353.8900099182129,-75.94558844408178,-75.94558844408178
353.9000099182129,-75.94722601661843,-75.94722601661843
353.9100099182129,-75.94886800096116,-75.94886800096116
353.9200099182129,-75.95051438276253,-75.95051438276253
353.9300099182129,-75.9521651476595,-75.9521651476595
353.94000991821287,-75.95382028122486,-75.95382028122486
353.9500099182129,-75.95547976900922,-75.95547976900922
353.9600099182129,-75.9571369645745,-75.9571369645745
353.9700099182129,-75.9587889450226,-75.9587889450226
353.9800099182129,-75.9604342758338,-75.9604342758338
353.9900099182129,-75.96207221132786,-75.96207221132786
354.00000991821287,-75.96370238966327,-75.96370238966327
354.0100099182129,-75.96532467455098,-75.96532467455098
354.0200099182129,-75.96693906243499,-75.96693906243499
354.0300099182129,-75.96854562685775,-75.96854562685775
354.0400099182129,-75.97014448489765,-75.97014448489765
354.0500099182129,-75.97173577710706,-75.97173577710706
354.06000991821287,-75.97331965551999,-75.97331965551999
354.0700099182129,-75.97489627656684,-75.97489627656684
354.0800099182129,-75.97646579704852,-75.97646579704852
354.0900099182129,-75.97802837187677,-75.97802837187677
354.1000099182129,-75.97958415295497,-75.97958415295497
354.1100099182129,-75.98113328870035,-75.98113328870035
354.1200099182129,-75.98267592394896,-75.98267592394896
354.13000991821286,-75.98421220007594,-75.98421220007594
354.1400099182129,-75.98574225522799,-75.98574225522799
354.1500099182129,-75.9872662246074,-75.9872662246074
354.1600099182129,-75.98878424073872,-75.98878424073872
354.1700099182129,-75.99029643374936,-75.99029643374936
354.1800099182129,-75.9918029316416,-75.9918029316416
354.19000991821287,-75.99330386048169,-75.99330386048169
354.2000099182129,-75.99479934461522,-75.99479934461522
354.2100099182129,-75.99628950684188,-75.99628950684188
354.2200099182129,-75.99777446853417,-75.99777446853417
354.2300099182129,-75.99925434976224,-75.99925434976224
354.2400099182129,-76.00072926942308,-76.00072926942308
354.25000991821287,-76.00219934527301,-76.00219934527301
354.2600099182129,-76.00366469404706,-76.00366469404706
354.2700099182129,-76.00512543144954,-76.00512543144954
354.2800099182129,-76.0065816722411,-76.0065816722411
354.2900099182129,-76.00803353025547,-76.00803353025547
354.3000099182129,-76.00948111842612,-76.00948111842612
354.31000991821287,-76.0109245487903,-76.0109245487903
354.3200099182129,-76.01236393250565,-76.01236393250565
354.3300099182129,-76.01379937987167,-76.01379937987167
354.3400099182129,-76.01523100030136,-76.01523100030136
354.3500099182129,-76.01665890236511,-76.01665890236511
354.3600099182129,-76.01808319373461,-76.01808319373461
354.3700099182129,-76.01950398123009,-76.01950398123009
354.38000991821286,-76.02092137076855,-76.02092137076855
354.3900099182129,-76.02233546739267,-76.02233546739267
354.4000099182129,-76.02374637523107,-76.02374637523107
354.4100099182129,-76.02515419752379,-76.02515419752379
354.4200099182129,-76.02655903657609,-76.02655903657609
354.4300099182129,-76.0279609937853,-76.0279609937853
354.44000991821287,-76.0293601696007,-76.0293601696007
354.45000994205475,-76.03075666685793,-76.03075666685793
354.46000994205474,-76.03214393957015,-76.03214393957015
354.47000994205473,-76.03351917805543,-76.03351917805543
354.4800099420547,-76.03488105813484,-76.03488105813484
354.49000994205477,-76.03622894418841,-76.03622894418841
354.50000994205476,-76.0375625838344,-76.0375625838344
354.51000994205475,-76.03888194950116,-76.03888194950116
354.52000994205474,-76.04018714554965,-76.04018714554965
354.53000994205473,-76.04147835252387,-76.04147835252387
354.5400099420547,-76.04275579361159,-76.04275579361159
354.55000994205477,-76.0440197145334,-76.0440197145334
354.56000994205476,-76.04527037151162,-76.04527037151162
354.57000994205475,-76.0465080242249,-76.0465080242249
354.58000994205474,-76.04773293170766,-76.04773293170766
354.59000994205473,-76.0489453501384,-76.0489453501384
354.6000099420547,-76.05014553167662,-76.05014553167662
354.6100099420548,-76.05133372400334,-76.05133372400334
354.62000994205476,-76.05251017021044,-76.05251017021044
354.63000994205476,-76.05367510891,-76.05367510891
354.64000994205475,-76.05482877448613,-76.05482877448613
354.65000994205474,-76.0559713973514,-76.0559713973514
354.6600099420547,-76.05710320422988,-76.05710320422988
354.6700099420548,-76.05822441843748,-76.05822441843748
354.68000994205477,-76.05933526013159,-76.05933526013159
354.69000994205476,-76.0604359465286,-76.0604359465286
354.70000994205475,-76.06152669210168,-76.06152669210168
354.71000994205474,-76.06260106914017,-76.06260106914017
354.72000994205473,-76.06365637631153,-76.06365637631153
354.7300099420547,-76.0646914004104,-76.0646914004104
354.74000994205477,-76.06570561583457,-76.06570561583457
354.75000994205476,-76.06669887926067,-76.06669887926067
354.76000994205475,-76.06767127116969,-76.06767127116969
354.77000994205474,-76.06862300304557,-76.06862300304557
354.78000994205473,-76.06955436164273,-76.06955436164273
354.7900099420547,-76.07046567546871,-76.07046567546871
354.80000994205477,-76.0713572946778,-76.0713572946778
354.81000994205476,-76.07222957908724,-76.07222957908724
354.82000994205475,-76.07308289112713,-76.07308289112713
354.83000994205474,-76.0739175917747,-76.0739175917747
354.84000994205473,-76.074734038325,-76.074734038325
354.8500099420547,-76.07553258324438,-76.07553258324438
354.8600099420548,-76.07631357372586,-76.07631357372586
354.87000994205476,-76.07707735155037,-76.07707735155037
354.88000994205476,-76.07782425324693,-76.07782425324693
354.89000994205475,-76.07855461029075,-76.07855461029075
354.90000994205474,-76.07926874938445,-76.07926874938445
354.9100099420547,-76.07996699273072,-76.07996699273072
354.9200099420548,-76.08064965830292,-76.08064965830292
354.93000994205477,-76.08131706010141,-76.08131706010141
354.94000994205476,-76.08196950836813,-76.08196950836813
354.95000994205475,-76.08260730976004,-76.08260730976004
354.96000994205474,-76.08323076755254,-76.08323076755254
354.97000994205473,-76.08384018172701,-76.08384018172701
354.9800099420547,-76.08443584913734,-76.08443584913734
354.99000994205477,-76.08501806355535,-76.08501806355535
355.00000994205476,-76.08558711580359,-76.08558711580359
355.01000994205475,-76.08614329377356,-76.08614329377356
355.02000994205474,-76.0866868825083,-76.0866868825083
355.03000994205473,-76.08721816422984,-76.08721816422984
355.0400099420547,-76.08773741836715,-76.08773741836715
355.05000994205477,-76.08824492159431,-76.08824492159431
355.06000994205476,-76.08874094783764,-76.08874094783764
355.07000994205475,-76.08922576829715,-76.08922576829715
355.08000994205474,-76.08969965145018,-76.08969965145018
355.09000994205473,-76.0901628630668,-76.0901628630668
355.1000099420547,-76.09061566621342,-76.09061566621342
355.1100099420548,-76.09105832124446,-76.09105832124446
355.12000994205476,-76.09149108581232,-76.09149108581232
355.13000994205476,-76.09191421487094,-76.09191421487094
355.14000994205475,-76.09232796066804,-76.09232796066804
355.15000994205474,-76.09273257275657,-76.09273257275657
355.1600099420547,-76.09312829798202,-76.09312829798202
355.1700099420548,-76.09351538047137,-76.09351538047137
355.18000994205477,-76.09389406167307,-76.09389406167307
355.19000994205476,-76.09426458031658,-76.09426458031658
355.20000994205475,-76.09462717243326,-76.09462717243326
355.21000994205474,-76.09497543115539,-76.09497543115539
355.22000994205473,-76.09530667753747,-76.09530667753747
355.2300099420547,-76.09561972101847,-76.09561972101847
355.24000994205477,-76.09591405838067,-76.09591405838067
355.25000994205476,-76.09618956822764,-76.09618956822764
355.26000994205475,-76.096446352377,-76.096446352377
355.27000994205474,-76.09668464292285,-76.09668464292285
355.28000994205473,-76.09690474647054,-76.09690474647054
355.2900099420547,-76.09710701052161,-76.09710701052161
355.3000099658966,-76.0972918038295,-76.0972918038295
355.3100099658966,-76.09745950253618,-76.09745950253618
355.3200099658966,-76.09761048597407,-76.09761048597407
355.3300099658966,-76.09774513059722,-76.09774513059722
355.3400099658966,-76.09786380832139,-76.09786380832139
355.3500099658966,-76.0979668853637,-76.0979668853637
355.3600099658966,-76.09805472181483,-76.09805472181483
355.3700099658966,-76.098127671513,-76.098127671513
355.3800099658966,-76.09818608223091,-76.09818608223091
355.3900099658966,-76.09823029589039,-76.09823029589039
355.40000996589663,-76.09826064886273,-76.09826064886273
355.4100099658966,-76.09827747226859,-76.09827747226859
355.4200099658966,-76.09828109227354,-76.09828109227354
355.4300099658966,-76.09827183034888,-76.09827183034888
355.4400099658966,-76.09825000353041,-76.09825000353041
355.4500099658966,-76.09821592461167,-76.09821592461167
355.46000996589663,-76.09816990234694,-76.09816990234694
355.4700099658966,-76.09811224159598,-76.09811224159598
355.4800099658966,-76.09804324348389,-76.09804324348389
355.4900099658966,-76.0979632054924,-76.0979632054924
355.5000099658966,-76.097872421589,-76.097872421589
355.5100099658966,-76.09777118228887,-76.09777118228887
355.52000996589663,-76.09765977473856,-76.09765977473856
355.5300099658966,-76.09753848277222,-76.09753848277222
355.5400099658966,-76.09740758697212,-76.09740758697212
355.5500099658966,-76.09726736469577,-76.09726736469577
355.5600099658966,-76.09711809013257,-76.09711809013257
355.5700099658966,-76.09696003431979,-76.09696003431979
355.5800099658966,-76.09679346518611,-76.09679346518611
355.5900099658966,-76.09661864755519,-76.09661864755519
355.6000099658966,-76.09643584318314,-76.09643584318314
355.6100099658966,-76.09624531077583,-76.09624531077583
355.6200099658966,-76.09604730599766,-76.09604730599766
355.6300099658966,-76.095842081492,-76.095842081492
355.6400099658966,-76.09562988688694,-76.09562988688694
355.65000996589663,-76.0954109688315,-76.0954109688315
355.6600099658966,-76.09518557098609,-76.09518557098609
355.6700099658966,-76.09495393404507,-76.09495393404507
355.6800099658966,-76.09471629574102,-76.09471629574102
355.6900099658966,-76.09447289086833,-76.09447289086833
355.7000099658966,-76.09422395129565,-76.09422395129565
355.71000996589663,-76.09396306780428,-76.09396306780428
355.7200099658966,-76.093687559241,-76.093687559241
355.7300099658966,-76.09339623262491,-76.09339623262491
355.7400099658966,-76.09308858215323,-76.09308858215323
355.7500099658966,-76.09276448361302,-76.09276448361302
355.7600099658966,-76.09242403577102,-76.09242403577102
355.77000996589663,-76.09206746743757,-76.09206746743757
355.7800099658966,-76.09169508164871,-76.09169508164871
355.7900099658966,-76.09130722212247,-76.09130722212247
355.8000099658966,-76.09090425308776,-76.09090425308776
355.8100099658966,-76.09048654731146,-76.09048654731146
355.8200099658966,-76.090054479044,-76.090054479044
355.8300099658966,-76.089608419963,-76.089608419963
355.8400099658966,-76.08914873696662,-76.08914873696662
355.8500099658966,-76.08867579105838,-76.08867579105838
355.8600099658966,-76.08818993691334,-76.08818993691334
355.8700099658966,-76.08769152278886,-76.08769152278886
355.8800099658966,-76.08718089069409,-76.08718089069409
355.8900099658966,-76.08665837662933,-76.08665837662933
355.90000996589663,-76.08612431089969,-76.08612431089969
355.9100099658966,-76.08557901841812,-76.08557901841812
355.9200099658966,-76.08502281903573,-76.08502281903573
355.9300099658966,-76.08445602777198,-76.08445602777198
355.9400099658966,-76.08387895510833,-76.08387895510833
355.9500099658966,-76.0832919071771,-76.0832919071771
355.96000996589663,-76.08269518598495,-76.08269518598495
355.9700099658966,-76.08208908956462,-76.08208908956462
355.9800099658966,-76.08147391211847,-76.08147391211847
355.9900099658966,-76.08084994414556,-76.08084994414556
356.0000099658966,-76.08021747255265,-76.08021747255265
356.0100099658966,-76.07957678074682,-76.07957678074682
356.02000996589663,-76.07892814870209,-76.07892814870209
356.0300099658966,-76.07827185302827,-76.07827185302827
356.0400099658966,-76.07760816703801,-76.07760816703801
356.0500099658966,-76.07693736077867,-76.07693736077867
356.0600099658966,-76.07625970108992,-76.07625970108992
356.0700099658966,-76.07557545163034,-76.07557545163034
356.0800099658966,-76.07488487290946,-76.07488487290946
356.0900099658966,-76.07418822231448,-76.07418822231448
356.1000099658966,-76.07348575414312,-76.07348575414312
356.1100099658966,-76.07277771962085,-76.07277771962085
356.1200099658966,-76.07206436691312,-76.07206436691312
356.1300099658966,-76.07134594114825,-76.07134594114825
356.1400099658966,-76.07062268443859,-76.07062268443859
356.15000998973846,-76.06989483416172,-76.06989483416172
356.16000998973846,-76.06916262989317,-76.06916262989317
356.17000998973845,-76.06842630307332,-76.06842630307332
356.18000998973844,-76.06768608389424,-76.06768608389424
356.1900099897385,-76.06694219960721,-76.06694219960721
356.2000099897385,-76.06619487453496,-76.06619487453496
356.21000998973847,-76.06544433008939,-76.06544433008939
356.22000998973846,-76.0646907847868,-76.0646907847868
356.23000998973845,-76.06393445425017,-76.06393445425017
356.24000998973844,-76.06317555124956,-76.06317555124956
356.2500099897385,-76.06241428569801,-76.06241428569801
356.2600099897385,-76.06165086466284,-76.06165086466284
356.27000998973847,-76.06084720641857,-76.06084720641857
356.28000998973846,-76.06000270141249,-76.06000270141249
356.29000998973845,-76.0591187076729,-76.0591187076729
356.30000998973844,-76.0581953607842,-76.0581953607842
356.3100099897385,-76.05723188947015,-76.05723188947015
356.3200099897385,-76.05622702164578,-76.05622702164578
356.33000998973847,-76.05517924198485,-76.05517924198485
356.34000998973846,-76.05408694568051,-76.05408694568051
356.35000998973845,-76.05294853035066,-76.05294853035066
356.36000998973844,-76.0517624507162,-76.0517624507162
356.3700099897385,-76.0505272503427,-76.0505272503427
356.3800099897385,-76.04924157899804,-76.04924157899804
356.3900099897385,-76.04790420089007,-76.04790420089007
356.40000998973846,-76.04651399716397,-76.04651399716397
356.41000998973846,-76.04506996481794,-76.04506996481794
356.42000998973845,-76.04357121347998,-76.04357121347998
356.43000998973844,-76.04201696078678,-76.04201696078678
356.4400099897385,-76.04040652726583,-76.04040652726583
356.4500099897385,-76.03873933074327,-76.03873933074327
356.46000998973847,-76.03700825012065,-76.03700825012065
356.47000998973846,-76.03520997944119,-76.03520997944119
356.48000998973845,-76.03334278421653,-76.03334278421653
356.49000998973844,-76.03140569588281,-76.03140569588281
356.5000099897385,-76.0293982015788,-76.0293982015788
356.5100099897385,-76.0273200810137,-76.0273200810137
356.52000998973847,-76.0251713091919,-76.0251713091919
356.53000998973846,-76.02295199653442,-76.02295199653442
356.54000998973845,-76.02066235147669,-76.02066235147669
356.55000998973844,-76.01830265674906,-76.01830265674906
356.5600099897385,-76.0158732540115,-76.0158732540115
356.5700099897385,-76.01337453364587,-76.01337453364587
356.58000998973847,-76.01080692775892,-76.01080692775892
356.59000998973846,-76.00817090515372,-76.00817090515372
356.60000998973845,-76.00546696764424,-76.00546696764424
356.61000998973844,-76.00269564713915,-76.00269564713915
356.6200099897385,-75.99985750324971,-75.99985750324971
356.6300099897385,-75.99695312127405,-75.99695312127405
356.6400099897385,-75.99398311038854,-75.99398311038854
356.65000998973846,-75.99094810201454,-75.99094810201454
356.66000998973846,-75.98784874831242,-75.98784874831242
356.67000998973845,-75.98468572072943,-75.98468572072943
356.68000998973844,-75.98145970866777,-75.98145970866777
356.6900099897385,-75.97817141816759,-75.97817141816759
356.7000099897385,-75.97482157069727,-75.97482157069727
356.71000998973847,-75.971404278512,-75.971404278512
356.72000998973846,-75.96791739316603,-75.96791739316603
356.73000998973845,-75.96436026814253,-75.96436026814253
356.74000998973844,-75.9607329579729,-75.9607329579729
356.7500099897385,-75.95703591192992,-75.95703591192992
356.7600099897385,-75.9532698144153,-75.9532698144153
356.77000998973847,-75.94943549096229,-75.94943549096229
356.78000998973846,-75.94553385142926,-75.94553385142926
356.79000998973845,-75.9415658554538,-75.9415658554538
356.80000998973844,-75.93753249144532,-75.93753249144532
356.8100099897385,-75.9334347637276,-75.9334347637276
356.8200099897385,-75.92927368473975,-75.92927368473975
356.83000998973847,-75.92505027019526,-75.92505027019526
356.84000998973846,-75.92076553624155,-75.92076553624155
356.85000998973845,-75.91642049764971,-75.91642049764971
356.86000998973844,-75.91201616676501,-75.91201616676501
356.8700099897385,-75.90755355286242,-75.90755355286242
356.8800099897385,-75.90303366173191,-75.90303366173191
356.8900099897385,-75.89845749541954,-75.89845749541954
356.90000998973846,-75.89382605201652,-75.89382605201652
356.91000998973846,-75.88914032551672,-75.88914032551672
356.92000998973845,-75.88440130565624,-75.88440130565624
356.93000998973844,-75.87960997778245,-75.87960997778245
356.9400099897385,-75.87476732268794,-75.87476732268794
356.9500099897385,-75.86987431645724,-75.86987431645724
356.96000998973847,-75.86493193027911,-75.86493193027911
356.97000998973846,-75.85994113031155,-75.85994113031155
356.98000998973845,-75.85490287747182,-75.85490287747182
356.99000998973844,-75.84981812725155,-75.84981812725155
357.0000100135803,-75.84468781731657,-75.84468781731657
357.0100100135803,-75.83951291610505,-75.83951291610505
357.0200100135803,-75.83429434973178,-75.83429434973178
357.0300100135803,-75.82903305016781,-75.82903305016781
357.04001001358034,-75.82372994312358,-75.82372994312358
357.05001001358033,-75.81838594782465,-75.81838594782465
357.0600100135803,-75.81300197684322,-75.81300197684322
357.0700100135803,-75.80757893596908,-75.80757893596908
357.0800100135803,-75.80211772404323,-75.80211772404323
357.0900100135803,-75.796619232832,-75.796619232832
357.10001001358035,-75.79108434688868,-75.79108434688868
357.11001001358034,-75.78551394341318,-75.78551394341318
357.1200100135803,-75.77990889216855,-75.77990889216855
357.1300100135803,-75.77427005535202,-75.77427005535202
357.1400100135803,-75.76859828749132,-75.76859828749132
357.1500100135803,-75.76289443537223,-75.76289443537223
357.16001001358035,-75.75715933793249,-75.75715933793249
357.17001001358034,-75.75139382620206,-75.75139382620206
357.18001001358033,-75.74559872321724,-75.74559872321724
357.1900100135803,-75.73977484396022,-75.73977484396022
357.2000100135803,-75.73392299532831,-75.73392299532831
357.2100100135803,-75.72803737631007,-75.72803737631007
357.22001001358035,-75.7221158932599,-75.7221158932599
357.23001001358034,-75.71615793067966,-75.71615793067966
357.24001001358033,-75.71016355371803,-75.71016355371803
357.2500100135803,-75.70413320346233,-75.70413320346233
357.2600100135803,-75.69806753848896,-75.69806753848896
357.2700100135803,-75.69196734175716,-75.69196734175716
357.2800100135803,-75.68583346462255,-75.68583346462255
357.29001001358034,-75.6796667931413,-75.6796667931413
357.30001001358033,-75.6734682277827,-75.6734682277827
357.3100100135803,-75.66723867136997,-75.66723867136997
357.3200100135803,-75.6609790219692,-75.6609790219692
357.3300100135803,-75.65469016882881,-75.65469016882881
357.3400100135803,-75.64837299016284,-75.64837299016284
357.35001001358035,-75.64202835205364,-75.64202835205364
357.36001001358034,-75.63565710802837,-75.63565710802837
357.3700100135803,-75.6292600990314,-75.6292600990314
357.3800100135803,-75.62283815359872,-75.62283815359872
357.3900100135803,-75.6163920881447,-75.6163920881447
357.4000100135803,-75.60992270734371,-75.60992270734371
357.41001001358035,-75.60343080444663,-75.60343080444663
357.42001001358034,-75.59691716164265,-75.59691716164265
357.43001001358033,-75.5903825503794,-75.5903825503794
357.4400100135803,-75.58382773166058,-75.58382773166058
357.4500100135803,-75.57725345630497,-75.57725345630497
357.4600100135803,-75.57066046520845,-75.57066046520845
357.47001001358035,-75.56404948950848,-75.56404948950848
357.48001001358034,-75.55742125082706,-75.55742125082706
357.49001001358033,-75.55077646142264,-75.55077646142264
357.5000100135803,-75.54411582432407,-75.54411582432407
357.5100100135803,-75.53744003349077,-75.53744003349077
357.5200100135803,-75.53074977392883,-75.53074977392883
357.5300100135803,-75.52404572179346,-75.52404572179346
357.54001001358034,-75.51732854450889,-75.51732854450889
357.55001001358033,-75.51059890083928,-75.51059890083928
357.5600100135803,-75.50385744100541,-75.50385744100541
357.5700100135803,-75.49710480675505,-75.49710480675505
357.5800100135803,-75.49034163143389,-75.49034163143389
357.5900100135803,-75.48356854006146,-75.48356854006146
357.60001001358035,-75.47678614942441,-75.47678614942441
357.61001001358034,-75.46999506812746,-75.46999506812746
357.6200100135803,-75.46319589665839,-75.46319589665839
357.6300100135803,-75.45638922746876,-75.45638922746876
357.6400100135803,-75.44957564502243,-75.44957564502243
357.6500100135803,-75.44275572588322,-75.44275572588322
357.66001001358035,-75.43593003875459,-75.43593003875459
357.67001001358034,-75.42909914456007,-75.42909914456007
357.68001001358033,-75.42226359649825,-75.42226359649825
357.6900100135803,-75.41542394011105,-75.41542394011105
357.7000100135803,-75.40858071335651,-75.40858071335651
357.7100100135803,-75.40173444664794,-75.40173444664794
357.72001001358035,-75.39488566293133,-75.39488566293133
357.73001001358034,-75.38803487775627,-75.38803487775627
357.74001001358033,-75.3811825993362,-75.3811825993362
357.7500100135803,-75.37432932859981,-75.37432932859981
357.7600100135803,-75.3674755592775,-75.3674755592775
357.7700100135803,-75.36062177794969,-75.36062177794969
357.7800100135803,-75.35376846411802,-75.35376846411802
357.79001001358034,-75.34691609026827,-75.34691609026827
357.80001001358033,-75.34006512194186,-75.34006512194186
357.8100100135803,-75.33321601780267,-75.33321601780267
357.8200100135803,-75.32636922968575,-75.32636922968575
357.8300100135803,-75.31952520268854,-75.31952520268854
357.8400100135803,-75.31268437522053,-75.31268437522053
357.8500100374222,-75.30584716278372,-75.30584716278372
357.86001003742217,-75.29901402320621,-75.29901402320621
357.87001003742216,-75.29218535896432,-75.29218535896432
357.88001003742215,-75.28536158239136,-75.28536158239136
357.8900100374222,-75.27854309948049,-75.27854309948049
357.9000100374222,-75.27173030994528,-75.27173030994528
357.9100100374222,-75.26492360728692,-75.26492360728692
357.9200100374222,-75.2581233788346,-75.2581233788346
357.93001003742216,-75.2513300058564,-75.2513300058564
357.94001003742216,-75.24454386359503,-75.24454386359503
357.9500100374222,-75.23776532134596,-75.23776532134596
357.9600100374222,-75.23099474250594,-75.23099474250594
357.9700100374222,-75.22423248467226,-75.22423248467226
357.9800100374222,-75.21747889968005,-75.21747889968005
357.99001003742217,-75.21073433367248,-75.21073433367248
358.00001003742216,-75.20399912717146,-75.20399912717146
358.0100100374222,-75.19727361513401,-75.19727361513401
358.0200100374222,-75.19055812704083,-75.19055812704083
358.0300100374222,-75.18385298692813,-75.18385298692813
358.0400100374222,-75.17715851346779,-75.17715851346779
358.05001003742217,-75.17047502002994,-75.17047502002994
358.06001003742216,-75.16380281475011,-75.16380281475011
358.0700100374222,-75.15714220058068,-75.15714220058068
358.0800100374222,-75.15049347536909,-75.15049347536909
358.0900100374222,-75.14385693188889,-75.14385693188889
358.1000100374222,-75.13723285793837,-75.13723285793837
358.11001003742217,-75.13062153638927,-75.13062153638927
358.12001003742216,-75.1240232452393,-75.1240232452393
358.13001003742215,-75.1174382576664,-75.1174382576664
358.1400100374222,-75.110866842109,-75.110866842109
358.1500100374222,-75.10430926231072,-75.10430926231072
358.1600100374222,-75.09776577738329,-75.09776577738329
358.1700100374222,-75.09123664187436,-75.09123664187436
358.18001003742216,-75.084722105792,-75.084722105792
358.19001003742216,-75.07822241471038,-75.07822241471038
358.2000100374222,-75.07173780978209,-75.07173780978209
358.2100100374222,-75.065268527824,-75.065268527824
358.2200100374222,-75.05881480136209,-75.05881480136209
358.2300100374222,-75.05237685868146,-75.05237685868146
358.24001003742217,-75.0459549238859,-75.0459549238859
358.25001003742216,-75.03954921695966,-75.03954921695966
358.2600100374222,-75.03315995380136,-75.03315995380136
358.2700100374222,-75.02678734629683,-75.02678734629683
358.2800100374222,-75.02043160237588,-75.02043160237588
358.2900100374222,-75.01409292602669,-75.01409292602669
358.30001003742217,-75.00777151738761,-75.00777151738761
358.31001003742216,-75.0014675727773,-75.0014675727773
358.3200100374222,-74.99518128476578,-74.99518128476578
358.3300100374222,-74.98891284219428,-74.98891284219428
358.3400100374222,-74.98266243023856,-74.98266243023856
358.3500100374222,-74.97643023046521,-74.97643023046521
358.36001003742217,-74.97021642086536,-74.97021642086536
358.37001003742216,-74.96402117592623,-74.96402117592623
358.38001003742215,-74.95784466664128,-74.95784466664128
358.3900100374222,-74.95168706059646,-74.95168706059646
358.4000100374222,-74.94554852198681,-74.94554852198681
358.4100100374222,-74.9394292116678,-74.9394292116678
358.4200100374222,-74.9333292872126,-74.9333292872126
358.43001003742216,-74.92724890295733,-74.92724890295733
358.44001003742216,-74.92118821001051,-74.92118821001051
358.4500100374222,-74.91514735633888,-74.91514735633888
358.4600100374222,-74.90912648680857,-74.90912648680857
358.4700100374222,-74.90312574318952,-74.90312574318952
358.4800100374222,-74.89714526422249,-74.89714526422249
358.49001003742217,-74.89118518566679,-74.89118518566679
358.50001003742216,-74.8852456403345,-74.8852456403345
358.5100100374222,-74.8793267581259,-74.8793267581259
358.5200100374222,-74.8734286660656,-74.8734286660656
358.5300100374222,-74.86755148836217,-74.86755148836217
358.5400100374222,-74.86169534642316,-74.86169534642316
358.55001003742217,-74.85586035891062,-74.85586035891062
358.56001003742216,-74.85004664176658,-74.85004664176658
358.5700100374222,-74.84425430826923,-74.84425430826923
358.5800100374222,-74.83848346904783,-74.83848346904783
358.5900100374222,-74.83273423212016,-74.83273423212016
358.6000100374222,-74.82700670295779,-74.82700670295779
358.61001003742217,-74.8213009844849,-74.8213009844849
358.62001003742216,-74.8156171771345,-74.8156171771345
358.63001003742215,-74.80995537887567,-74.80995537887567
358.6400100374222,-74.80431568525897,-74.80431568525897
358.6500100374222,-74.79869818942922,-74.79869818942922
358.6600100374222,-74.79310298219234,-74.79310298219234
358.6700100374222,-74.78753015200597,-74.78753015200597
358.68001003742216,-74.78197978503796,-74.78197978503796
358.69001003742216,-74.77645196521036,-74.77645196521036
358.70001006126404,-74.7709467610781,-74.7709467610781
358.71001006126403,-74.76546427841325,-74.76546427841325
358.720010061264,-74.76000458134773,-74.76000458134773
358.730010061264,-74.75456774506218,-74.75456774506218
358.74001006126406,-74.74915384262081,-74.74915384262081
358.75001006126405,-74.74376294501634,-74.74376294501634
358.76001006126404,-74.73839512118738,-74.73839512118738
358.77001006126403,-74.73305043805969,-74.73305043805969
358.780010061264,-74.72772896055936,-74.72772896055936
358.790010061264,-74.72243075165369,-74.72243075165369
358.80001006126406,-74.71715587237983,-74.71715587237983
358.81001006126405,-74.71190438186156,-74.71190438186156
358.82001006126404,-74.70667633734364,-74.70667633734364
358.83001006126403,-74.70147179421343,-74.70147179421343
358.840010061264,-74.69629080603804,-74.69629080603804
358.850010061264,-74.6911334245805,-74.6911334245805
358.86001006126406,-74.68599969982499,-74.68599969982499
358.87001006126405,-74.68088968001626,-74.68088968001626
358.88001006126404,-74.6758034116534,-74.6758034116534
358.89001006126404,-74.67074093956013,-74.67074093956013
358.900010061264,-74.66570230686679,-74.66570230686679
358.910010061264,-74.66068755505316,-74.66068755505316
358.92001006126407,-74.65569672396856,-74.65569672396856
358.93001006126406,-74.65072985186843,-74.65072985186843
358.94001006126405,-74.64578697542099,-74.64578697542099
358.95001006126404,-74.64086812973537,-74.64086812973537
358.96001006126403,-74.63597334837138,-74.63597334837138
358.970010061264,-74.63110266339355,-74.63110266339355
358.980010061264,-74.62625610536455,-74.62625610536455
358.99001006126406,-74.62143370338029,-74.62143370338029
359.00001006126405,-74.61663548508245,-74.61663548508245
359.01001006126404,-74.61186147667486,-74.61186147667486
359.02001006126403,-74.60711170297694,-74.60711170297694
359.030010061264,-74.60238618739193,-74.60238618739193
359.040010061264,-74.59768495198466,-74.59768495198466
359.05001006126406,-74.59300801744489,-74.59300801744489
359.06001006126405,-74.58835540315587,-74.58835540315587
359.07001006126404,-74.58372712718577,-74.58372712718577
359.08001006126403,-74.57912320631046,-74.57912320631046
359.090010061264,-74.5745436560316,-74.5745436560316
359.100010061264,-74.56998849061058,-74.56998849061058
359.11001006126406,-74.56545772306107,-74.56545772306107
359.12001006126405,-74.56095136519845,-74.56095136519845
359.13001006126404,-74.55646942761996,-74.55646942761996
359.14001006126404,-74.55201191976381,-74.55201191976381
359.150010061264,-74.54757884989185,-74.54757884989185
359.160010061264,-74.54317022512812,-74.54317022512812
359.17001006126407,-74.53878605146824,-74.53878605146824
359.18001006126406,-74.53442633378482,-74.53442633378482
359.19001006126405,-74.53009107587019,-74.53009107587019
359.20001006126404,-74.52578028043426,-74.52578028043426
359.21001006126403,-74.5214939491109,-74.5214939491109
359.220010061264,-74.51723208250749,-74.51723208250749
359.230010061264,-74.51299468019724,-74.51299468019724
359.24001006126406,-74.50878174072047,-74.50878174072047
359.25001006126405,-74.5045932616345,-74.5045932616345
359.26001006126404,-74.5004292395006,-74.5004292395006
359.27001006126403,-74.49628570340269,-74.49628570340269
359.280010061264,-74.49215673365357,-74.49215673365357
359.290010061264,-74.48803630435023,-74.48803630435023
359.30001006126406,-74.48391897568355,-74.48391897568355
359.31001006126405,-74.47980000850752,-74.47980000850752
359.32001006126404,-74.47567529807338,-74.47567529807338
359.33001006126403,-74.47154127717538,-74.47154127717538
359.340010061264,-74.46739483008723,-74.46739483008723
359.350010061264,-74.46323322340838,-74.46323322340838
359.36001006126406,-74.45905405135406,-74.45905405135406
359.37001006126405,-74.4548551919031,-74.4548551919031
359.38001006126404,-74.45063477101576,-74.45063477101576
359.39001006126404,-74.446391132999,-74.446391132999
359.400010061264,-74.44212281552844,-74.44212281552844
359.410010061264,-74.43782852848787,-74.43782852848787
359.42001006126407,-74.43350713583229,-74.43350713583229
359.43001006126406,-74.42915763997651,-74.42915763997651
359.44001006126405,-74.4247791682426,-74.4247791682426
359.45001006126404,-74.42037096111827,-74.42037096111827
359.46001006126403,-74.41592587301271,-74.41592587301271
359.470010061264,-74.41144050485934,-74.41144050485934
359.480010061264,-74.40691300519771,-74.40691300519771
359.49001006126406,-74.4023422791989,-74.4023422791989
359.50001006126405,-74.39772768276814,-74.39772768276814
359.51001006126404,-74.39306886090337,-74.39306886090337
359.52001006126403,-74.3883656509706,-74.3883656509706
359.530010061264,-74.38361802297547,-74.38361802297547
359.540010061264,-74.37882604215075,-74.37882604215075
359.5500100851059,-74.37398983366032,-74.37398983366032
359.5600100851059,-74.3691096132028,-74.3691096132028
359.5700100851059,-74.364185608,-74.364185608
359.58001008510587,-74.35921809563295,-74.35921809563295
359.5900100851059,-74.35420738770563,-74.35420738770563
359.6000100851059,-74.3491538262452,-74.3491538262452
359.6100100851059,-74.34405778093992,-74.34405778093992
359.6200100851059,-74.33891964689158,-74.33891964689158
359.6300100851059,-74.33373984279028,-74.33373984279028
359.64001008510587,-74.32851880925296,-74.32851880925296
359.6500100851059,-74.32325700735011,-74.32325700735011
359.6600100851059,-74.31795491728917,-74.31795491728917
359.6700100851059,-74.31261303713191,-74.31261303713191
359.6800100851059,-74.30723188158579,-74.30723188158579
359.6900100851059,-74.30181198090648,-74.30181198090648
359.7000100851059,-74.29635387976735,-74.29635387976735
359.7100100851059,-74.2908581362414,-74.2908581362414
359.7200100851059,-74.28532532077887,-74.28532532077887
359.7300100851059,-74.27975601525927,-74.27975601525927
359.7400100851059,-74.27415081206055,-74.27415081206055
359.7500100851059,-74.26851031317929,-74.26851031317929
359.7600100851059,-74.26283512935578,-74.26283512935578
359.7700100851059,-74.25712587928125,-74.25712587928125
359.7800100851059,-74.25138318882628,-74.25138318882628
359.7900100851059,-74.24560769025348,-74.24560769025348
359.8000100851059,-74.23980002155588,-74.23980002155588
359.8100100851059,-74.23396082574894,-74.23396082574894
359.8200100851059,-74.22809075021279,-74.22809075021279
359.83001008510587,-74.22219044610851,-74.22219044610851
359.8400100851059,-74.21626056775305,-74.21626056775305
359.8500100851059,-74.2103017720897,-74.2103017720897
359.8600100851059,-74.20431471813372,-74.20431471813372
359.8700100851059,-74.19830006648331,-74.19830006648331
359.8800100851059,-74.19225847882775,-74.19225847882775
359.89001008510587,-74.18619061750492,-74.18619061750492
359.9000100851059,-74.18009714506235,-74.18009714506235
359.9100100851059,-74.17397872385158,-74.17397872385158
359.9200100851059,-74.16783601563534,-74.16783601563534
359.9300100851059,-74.16166968122437,-74.16166968122437
359.9400100851059,-74.15548038014028,-74.15548038014028
359.9500100851059,-74.14926877027708,-74.14926877027708
359.9600100851059,-74.14303550759774,-74.14303550759774
359.9700100851059,-74.13678124584158,-74.13678124584158
359.9800100851059,-74.13050663626515,-74.13050663626515
359.9900100851059,-74.12421232735471,-74.12421232735471
360.0000100851059,-74.1178989645897,-74.1178989645897
360.0100100851059,-74.111567190248,-74.111567190248
360.0200100851059,-74.10521764314396,-74.10521764314396
360.0300100851059,-74.09885095846893,-74.09885095846893
360.0400100851059,-74.0924677675709,-74.0924677675709
360.0500100851059,-74.08606869779662,-74.08606869779662
360.0600100851059,-74.07965437232068,-74.07965437232068
360.0700100851059,-74.07322540998351,-74.07322540998351
360.08001008510587,-74.06678242516509,-74.06678242516509
360.0900100851059,-74.06032602763608,-74.06032602763608
360.1000100851059,-74.05385682244395,-74.05385682244395
360.1100100851059,-74.0473754097989,-74.0473754097989
360.1200100851059,-74.04088238495537,-74.04088238495537
360.1300100851059,-74.03437833811776,-74.03437833811776
360.14001008510587,-74.02786385436583,-74.02786385436583
360.1500100851059,-74.02133951354844,-74.02133951354844
360.1600100851059,-74.01480589023055,-74.01480589023055
360.1700100851059,-74.00826355360822,-74.00826355360822
360.1800100851059,-74.0017130674547,-74.0017130674547
360.1900100851059,-73.99515499004764,-73.99515499004764
360.2000100851059,-73.98858987414944,-73.98858987414944
360.2100100851059,-73.98201826693136,-73.98201826693136
360.2200100851059,-73.97544070995642,-73.97544070995642
360.2300100851059,-73.96885773912896,-73.96885773912896
360.2400100851059,-73.96226988467532,-73.96226988467532
360.2500100851059,-73.95567767110826,-73.95567767110826
360.2600100851059,-73.94908161721865,-73.94908161721865
360.2700100851059,-73.94248223604009,-73.94248223604009
360.2800100851059,-73.93588003486393,-73.93588003486393
360.2900100851059,-73.92927551520062,-73.92927551520062
360.3000100851059,-73.92266917278572,-73.92266917278572
360.3100100851059,-73.91606149757592,-73.91606149757592
360.3200100851059,-73.90945297376501,-73.90945297376501
360.33001008510587,-73.90284407975267,-73.90284407975267
360.3400100851059,-73.8962352881769,-73.8962352881769
360.3500100851059,-73.88962706592233,-73.88962706592233
360.3600100851059,-73.88301987411865,-73.88301987411865
360.3700100851059,-73.87641416817043,-73.87641416817043
360.3800100851059,-73.86981039775134,-73.86981039775134
360.39001008510587,-73.86320900683702,-73.86320900683702
360.40001010894775,-73.85661041801048,-73.85661041801048
360.41001010894774,-73.85001509536465,-73.85001509536465
360.42001010894774,-73.84342345015844,-73.84342345015844
360.4300101089477,-73.83683590378834,-73.83683590378834
360.4400101089478,-73.83025287206765,-73.83025287206765
360.45001010894777,-73.82367476525596,-73.82367476525596
360.46001010894776,-73.81709555130314,-73.81709555130314
360.47001010894775,-73.81051281652437,-73.81051281652437
360.48001010894774,-73.80392559318737,-73.80392559318737
360.49001010894773,-73.79733358186155,-73.79733358186155
360.5000101089478,-73.79073685392731,-73.79073685392731
360.51001010894777,-73.78413569651377,-73.78413569651377
360.52001010894776,-73.77753052133637,-73.77753052133637
360.53001010894775,-73.77092180980934,-73.77092180980934
360.54001010894774,-73.76431007990786,-73.76431007990786
360.55001010894773,-73.75769586630774,-73.75769586630774
360.5600101089478,-73.75107970852386,-73.75107970852386
360.57001010894777,-73.74446214397202,-73.74446214397202
360.58001010894776,-73.73784370400273,-73.73784370400273
360.59001010894775,-73.73122491174593,-73.73122491174593
360.60001010894774,-73.72460628110291,-73.72460628110291
360.61001010894773,-73.71798831634392,-73.71798831634392
360.6200101089478,-73.71137151213702,-73.71137151213702
360.6300101089478,-73.70475635377143,-73.70475635377143
360.64001010894776,-73.69814331747149,-73.69814331747149
360.65001010894775,-73.69153287078024,-73.69153287078024
360.66001010894774,-73.6849254729317,-73.6849254729317
360.67001010894774,-73.67832157523259,-73.67832157523259
360.6800101089477,-73.67172162139184,-73.67172162139184
360.6900101089478,-73.66512604783986,-73.66512604783986
360.70001010894777,-73.65853528398796,-73.65853528398796
360.71001010894776,-73.65194975251484,-73.65194975251484
360.72001010894775,-73.64536986955831,-73.64536986955831
360.73001010894774,-73.63879604491505,-73.63879604491505
360.74001010894773,-73.63222868223522,-73.63222868223522
360.7500101089478,-73.62566817913489,-73.62566817913489
360.76001010894777,-73.61911492737782,-73.61911492737782
360.77001010894776,-73.61256931296712,-73.61256931296712
360.78001010894775,-73.60603171625519,-73.60603171625519
360.79001010894774,-73.5995025120536,-73.5995025120536
360.80001010894773,-73.59298206970863,-73.59298206970863
360.8100101089478,-73.58647075317481,-73.58647075317481
360.82001010894777,-73.57996892111186,-73.57996892111186
360.83001010894776,-73.57347692692572,-73.57347692692572
360.84001010894775,-73.56699511882505,-73.56699511882505
360.85001010894774,-73.56052383991025,-73.56052383991025
360.86001010894773,-73.55406342819487,-73.55406342819487
360.8700101089478,-73.54761421669005,-73.54761421669005
360.8800101089478,-73.54117653341046,-73.54117653341046
360.89001010894776,-73.53475070145615,-73.53475070145615
360.90001010894775,-73.52833703904196,-73.52833703904196
360.91001010894774,-73.52193585954612,-73.52193585954612
360.92001010894774,-73.51554747154987,-73.51554747154987
360.9300101089477,-73.50917217888443,-73.50917217888443
360.9400101089478,-73.50281028066293,-73.50281028066293
360.95001010894777,-73.49646207133827,-73.49646207133827
360.96001010894776,-73.490127840718,-73.490127840718
360.97001010894775,-73.4838078740272,-73.4838078740272
360.98001010894774,-73.47750245193964,-73.47750245193964
360.99001010894773,-73.47121185061194,-73.47121185061194
361.0000101089478,-73.46493634172776,-73.46493634172776
361.01001010894777,-73.4586761925432,-73.4586761925432
361.02001010894776,-73.45243166591827,-73.45243166591827
361.03001010894775,-73.44620302035351,-73.44620302035351
361.04001010894774,-73.43999051004032,-73.43999051004032
361.05001010894773,-73.43379438488996,-73.43379438488996
361.0600101089478,-73.42761489058839,-73.42761489058839
361.07001010894777,-73.42145226861513,-73.42145226861513
361.08001010894776,-73.41530675630128,-73.41530675630128
361.09001010894775,-73.40917858685255,-73.40917858685255
361.10001010894774,-73.4030679893973,-73.4030679893973
361.11001010894773,-73.39697518904026,-73.39697518904026
361.1200101089478,-73.39090040687572,-73.39090040687572
361.1300101089478,-73.38484386004183,-73.38484386004183
361.14001010894776,-73.37880576178058,-73.37880576178058
361.15001010894775,-73.37278632141899,-73.37278632141899
361.16001010894774,-73.36678574448189,-73.36678574448189
361.17001010894774,-73.3608042326755,-73.3608042326755
361.1800101089477,-73.35484198395658,-73.35484198395658
361.1900101089478,-73.34889919256018,-73.34889919256018
361.20001010894777,-73.34297604905606,-73.34297604905606
361.21001010894776,-73.33707274035545,-73.33707274035545
361.22001010894775,-73.3311894497918,-73.3311894497918
361.23001010894774,-73.32532635713227,-73.32532635713227
361.24001010894773,-73.31948363861075,-73.31948363861075
361.2500101327896,-73.31366145314374,-73.31366145314374
361.2600101327896,-73.30785999783967,-73.30785999783967
361.2700101327896,-73.30207942469346,-73.30207942469346
361.2800101327896,-73.29631989628085,-73.29631989628085
361.29001013278963,-73.29058157183613,-73.29058157183613
361.3000101327896,-73.2848646073174,-73.2848646073174
361.3100101327896,-73.27916915542583,-73.27916915542583
361.3200101327896,-73.27349536566837,-73.27349536566837
361.3300101327896,-73.26784338437295,-73.26784338437295
361.3400101327896,-73.26221335474091,-73.26221335474091
361.35001013278963,-73.25660541687023,-73.25660541687023
361.3600101327896,-73.25101970780527,-73.25101970780527
361.3700101327896,-73.2454563615739,-73.2454563615739
361.3800101327896,-73.23991550922551,-73.23991550922551
361.3900101327896,-73.23439727884428,-73.23439727884428
361.4000101327896,-73.22890179563136,-73.22890179563136
361.41001013278964,-73.22342918189112,-73.22342918189112
361.4200101327896,-73.217979557101,-73.217979557101
361.4300101327896,-73.21255303792982,-73.21255303792982
361.4400101327896,-73.20714973828477,-73.20714973828477
361.4500101327896,-73.20176976934512,-73.20176976934512
361.4600101327896,-73.19641323959083,-73.19641323959083
361.47001013278964,-73.19108025483507,-73.19108025483507
361.48001013278963,-73.1857709182686,-73.1857709182686
361.4900101327896,-73.18048533048639,-73.18048533048639
361.5000101327896,-73.17522358951746,-73.17522358951746
361.5100101327896,-73.16998579087166,-73.16998579087166
361.5200101327896,-73.16477202757324,-73.16477202757324
361.5300101327896,-73.15958239016376,-73.15958239016376
361.54001013278963,-73.15441696677284,-73.15441696677284
361.5500101327896,-73.14927584313011,-73.14927584313011
361.5600101327896,-73.1441591025934,-73.1441591025934
361.5700101327896,-73.13906682619945,-73.13906682619945
361.5800101327896,-73.13399909268377,-73.13399909268377
361.5900101327896,-73.12895597849004,-73.12895597849004
361.60001013278963,-73.12393755784622,-73.12393755784622
361.6100101327896,-73.1189439027674,-73.1189439027674
361.6200101327896,-73.11397508307891,-73.11397508307891
361.6300101327896,-73.10903116645696,-73.10903116645696
361.6400101327896,-73.10411221846708,-73.10411221846708
361.6500101327896,-73.09921830258185,-73.09921830258185
361.66001013278964,-73.09434948019828,-73.09434948019828
361.6700101327896,-73.08950581068898,-73.08950581068898
361.6800101327896,-73.08468735142499,-73.08468735142499
361.6900101327896,-73.07989415778866,-73.07989415778866
361.7000101327896,-73.07512628321403,-73.07512628321403
361.7100101327896,-73.07038377922699,-73.07038377922699
361.72001013278964,-73.06566669543491,-73.06566669543491
361.73001013278963,-73.06097507958236,-73.06097507958236
361.7400101327896,-73.05630897758394,-73.05630897758394
361.7500101327896,-73.05166843351593,-73.05166843351593
361.7600101327896,-73.0470534896772,-73.0470534896772
361.7700101327896,-73.04246418659505,-73.04246418659505
361.7800101327896,-73.03790056305934,-73.03790056305934
361.79001013278963,-73.03336265614634,-73.03336265614634
361.8000101327896,-73.0288505012233,-73.0288505012233
361.8100101327896,-73.02436413200907,-73.02436413200907
361.8200101327896,-73.01990358056794,-73.01990358056794
361.8300101327896,-73.01546887735698,-73.01546887735698
361.8400101327896,-73.01106005122749,-73.01106005122749
361.85001013278963,-73.00667712945263,-73.00667712945263
361.8600101327896,-73.00232013776262,-73.00232013776262
361.8700101327896,-72.99798910036849,-72.99798910036849
361.8800101327896,-72.993684039964,-72.993684039964
361.8900101327896,-72.98940497775926,-72.98940497775926
361.9000101327896,-72.98515193350588,-72.98515193350588
361.91001013278964,-72.98092492551395,-72.98092492551395
361.9200101327896,-72.97672397067828,-72.97672397067828
361.9300101327896,-72.97254908449354,-72.97254908449354
361.9400101327896,-72.96840028107532,-72.96840028107532
361.9500101327896,-72.96427757319248,-72.96427757319248
361.9600101327896,-72.96017460833566,-72.96017460833566
361.97001013278964,-72.95608861399914,-72.95608861399914
361.98001013278963,-72.95201825047289,-72.95201825047289
361.9900101327896,-72.94796284226557,-72.94796284226557
362.0000101327896,-72.94392208410738,-72.94392208410738
362.0100101327896,-72.93989588781486,-72.93989588781486
362.0200101327896,-72.93588429223763,-72.93588429223763
362.0300101327896,-72.93188740904958,-72.93188740904958
362.04001013278963,-72.92790539005956,-72.92790539005956
362.0500101327896,-72.9239384075847,-72.9239384075847
362.0600101327896,-72.91998664273255,-72.91998664273255
362.0700101327896,-72.91605027852908,-72.91605027852908
362.0800101327896,-72.91212949598548,-72.91212949598548
362.0900101327896,-72.90822447198487,-72.90822447198487
362.10001015663147,-72.90433536896795,-72.90433536896795
362.11001015663146,-72.90046237160459,-72.90046237160459
362.12001015663145,-72.89660563114298,-72.89660563114298
362.13001015663144,-72.89276530271982,-72.89276530271982
362.1400101566315,-72.88894153637322,-72.88894153637322
362.1500101566315,-72.88513447737148,-72.88513447737148
362.1600101566315,-72.88134426657881,-72.88134426657881
362.17001015663146,-72.87757104078246,-72.87757104078246
362.18001015663145,-72.87381493299876,-72.87381493299876
362.19001015663144,-72.87007607274339,-72.87007607274339
362.2000101566315,-72.86635458629706,-72.86635458629706
362.2100101566315,-72.86265059689522,-72.86265059689522
362.2200101566315,-72.85896422495524,-72.85896422495524
362.23001015663147,-72.85529558819549,-72.85529558819549
362.24001015663146,-72.85164480181068,-72.85164480181068
362.25001015663145,-72.84801197857558,-72.84801197857558
362.2600101566315,-72.8443972289452,-72.8443972289452
362.2700101566315,-72.84080066115608,-72.84080066115608
362.2800101566315,-72.83722238129594,-72.83722238129594
362.29001015663147,-72.83366249336359,-72.83366249336359
362.30001015663146,-72.83012109932825,-72.83012109932825
362.31001015663145,-72.82659829917974,-72.82659829917974
362.3200101566315,-72.82309419096134,-72.82309419096134
362.3300101566315,-72.81960887081088,-72.81960887081088
362.3400101566315,-72.81614243298597,-72.81614243298597
362.35001015663147,-72.81269496989493,-72.81269496989493
362.36001015663146,-72.80926657210047,-72.80926657210047
362.37001015663145,-72.80585732837254,-72.80585732837254
362.38001015663144,-72.80246732567852,-72.80246732567852
362.3900101566315,-72.79909664920642,-72.79909664920642
362.4000101566315,-72.79574538237776,-72.79574538237776
362.4100101566315,-72.79241360686157,-72.79241360686157
362.42001015663146,-72.78910140259444,-72.78910140259444
362.43001015663145,-72.78580884776956,-72.78580884776956
362.44001015663144,-72.7825360188663,-72.7825360188663
362.4500101566315,-72.77928299066224,-72.77928299066224
362.4600101566315,-72.77604983621612,-72.77604983621612
362.4700101566315,-72.77283662690014,-72.77283662690014
362.48001015663147,-72.76964343242058,-72.76964343242058
362.49001015663146,-72.76647032079029,-72.76647032079029
362.50001015663145,-72.76331735836945,-72.76331735836945
362.5100101566315,-72.76018460985894,-72.76018460985894
362.5200101566315,-72.75707213831495,-72.75707213831495
362.5300101566315,-72.7539800051653,-72.7539800051653
362.54001015663147,-72.75090827020259,-72.75090827020259
362.55001015663146,-72.74785699160512,-72.74785699160512
362.56001015663145,-72.74482622594863,-72.74482622594863
362.5700101566315,-72.74181602821733,-72.74181602821733
362.5800101566315,-72.73882645180707,-72.73882645180707
362.5900101566315,-72.73585754854406,-72.73585754854406
362.60001015663147,-72.73290936868956,-72.73290936868956
362.61001015663146,-72.72998196095135,-72.72998196095135
362.62001015663145,-72.72707537250461,-72.72707537250461
362.63001015663144,-72.72418964899886,-72.72418964899886
362.6400101566315,-72.7213248345736,-72.7213248345736
362.6500101566315,-72.71848097184714,-72.71848097184714
362.6600101566315,-72.7156581019696,-72.7156581019696
362.67001015663146,-72.71285626460407,-72.71285626460407
362.68001015663145,-72.71007549796393,-72.71007549796393
362.69001015663144,-72.70731583879304,-72.70731583879304
362.7000101566315,-72.70457732240813,-72.70457732240813
362.7100101566315,-72.70185364117407,-72.70185364117407
362.7200101566315,-72.69914205407522,-72.69914205407522
362.73001015663147,-72.69644124701182,-72.69644124701182
362.74001015663146,-72.69375056707933,-72.69375056707933
362.75001015663145,-72.69106972974706,-72.69106972974706
362.7600101566315,-72.68839866642962,-72.68839866642962
362.7700101566315,-72.68573743487454,-72.68573743487454
362.7800101566315,-72.68308616524558,-72.68308616524558
362.79001015663147,-72.68044502762547,-72.68044502762547
362.80001015663146,-72.67781421247193,-72.67781421247193
362.81001015663145,-72.67519391899701,-72.67519391899701
362.8200101566315,-72.67258434832826,-72.67258434832826
362.8300101566315,-72.66998569960951,-72.66998569960951
362.8400101566315,-72.66739816785217,-72.66739816785217
362.85001015663147,-72.6648219428996,-72.6648219428996
362.86001015663146,-72.66225720905268,-72.66225720905268
362.87001015663145,-72.65970414500464,-72.65970414500464
362.88001015663144,-72.65716292406864,-72.65716292406864
362.8900101566315,-72.65463371442222,-72.65463371442222
362.9000101566315,-72.65211667946554,-72.65211667946554
362.9100101566315,-72.6496119781482,-72.6496119781482
362.92001015663146,-72.6471197653139,-72.6471197653139
362.93001015663145,-72.64464019195722,-72.64464019195722
362.94001015663144,-72.64217340554293,-72.64217340554293
362.9500101804733,-72.63971954437349,-72.63971954437349
362.9600101804733,-72.63727876119947,-72.63727876119947
362.9700101804733,-72.6348511882819,-72.6348511882819
362.9800101804733,-72.63243696098525,-72.63243696098525
362.99001018047335,-72.63003621204952,-72.63003621204952
363.00001018047334,-72.62764907170637,-72.62764907170637
363.01001018047333,-72.62527566778009,-72.62527566778009
363.0200101804733,-72.62291612577067,-72.62291612577067
363.0300101804733,-72.62057056893818,-72.62057056893818
363.0400101804733,-72.6182391183547,-72.6182391183547
363.05001018047335,-72.61592189295362,-72.61592189295362
363.06001018047334,-72.61361900957297,-72.61361900957297
363.07001018047333,-72.61133058301756,-72.61133058301756
363.0800101804733,-72.60905672606324,-72.60905672606324
363.0900101804733,-72.60679754950617,-72.60679754950617
363.1000101804733,-72.60455316216826,-72.60455316216826
363.11001018047335,-72.6023236709448,-72.6023236709448
363.12001018047334,-72.60010918079556,-72.60010918079556
363.13001018047333,-72.59790979478306,-72.59790979478306
363.1400101804733,-72.59572561407693,-72.59572561407693
363.1500101804733,-72.59355673797292,-72.59355673797292
363.1600101804733,-72.59140326389631,-72.59140326389631
363.17001018047335,-72.5892652874308,-72.5892652874308
363.18001018047335,-72.58714290231158,-72.58714290231158
363.19001018047334,-72.5850362004379,-72.5850362004379
363.2000101804733,-72.58294527189649,-72.58294527189649
363.2100101804733,-72.58086387461266,-72.58086387461266
363.2200101804733,-72.57878932639842,-72.57878932639842
363.2300101804733,-72.57672036877082,-72.57672036877082
363.24001018047335,-72.57465640254354,-72.57465640254354
363.25001018047334,-72.572597195598,-72.572597195598
363.26001018047333,-72.5705427307984,-72.5705427307984
363.2700101804733,-72.56849311661985,-72.56849311661985
363.2800101804733,-72.56644853338113,-72.56644853338113
363.2900101804733,-72.56440920082838,-72.56440920082838
363.30001018047335,-72.56237535868779,-72.56237535868779
363.31001018047334,-72.56034725505195,-72.56034725505195
363.32001018047333,-72.55832513956253,-72.55832513956253
363.3300101804733,-72.55630925952008,-72.55630925952008
363.3400101804733,-72.5542998577461,-72.5542998577461
363.3500101804733,-72.55229717155073,-72.55229717155073
363.36001018047335,-72.55030143233294,-72.55030143233294
363.37001018047334,-72.54831286553235,-72.54831286553235
363.38001018047333,-72.54633169082311,-72.54633169082311
363.3900101804733,-72.5443581223851,-72.5443581223851
363.4000101804733,-72.5423923692397,-72.5423923692397
363.4100101804733,-72.5404346355745,-72.5404346355745
363.42001018047335,-72.53848512104965,-72.53848512104965
363.43001018047335,-72.53654402113082,-72.53654402113082
363.44001018047334,-72.5346115273194,-72.5346115273194
363.4500101804733,-72.53268782740199,-72.53268782740199
363.4600101804733,-72.53076678039754,-72.53076678039754
363.4700101804733,-72.5288458011293,-72.5288458011293
363.4800101804733,-72.52692372555192,-72.52692372555192
363.49001018047335,-72.52500004703158,-72.52500004703158
363.50001018047334,-72.52307462443751,-72.52307462443751
363.51001018047333,-72.52114753035572,-72.52114753035572
363.5200101804733,-72.51921896183299,-72.51921896183299
363.5300101804733,-72.51728918676929,-72.51728918676929
363.5400101804733,-72.5153585116075,-72.5153585116075
363.55001018047335,-72.51342726192564,-72.51342726192564
363.56001018047334,-72.51149577089168,-72.51149577089168
363.57001018047333,-72.50956437248874,-72.50956437248874
363.5800101804733,-72.50763339762888,-72.50763339762888
363.5900101804733,-72.50570317206785,-72.50570317206785
363.6000101804733,-72.50377401536495,-72.50377401536495
363.61001018047335,-72.50184624049668,-72.50184624049668
363.62001018047334,-72.49992015380727,-72.49992015380727
363.63001018047333,-72.49799605522674,-72.49799605522674
363.6400101804733,-72.49607423853129,-72.49607423853129
363.6500101804733,-72.49415499166744,-72.49415499166744
363.6600101804733,-72.49223859709404,-72.49223859709404
363.67001018047335,-72.49032533208978,-72.49032533208978
363.68001018047335,-72.48841546905706,-72.48841546905706
363.69001018047334,-72.4865092757817,-72.4865092757817
363.7000101804733,-72.48460701564076,-72.48460701564076
363.7100101804733,-72.48270894783523,-72.48270894783523
363.7200101804733,-72.48081532757418,-72.48081532757418
363.7300101804733,-72.47892640620711,-72.47892640620711
363.74001018047335,-72.47704243134001,-72.47704243134001
363.75001018047334,-72.4751636469837,-72.4751636469837
363.76001018047333,-72.47329029363733,-72.47329029363733
363.7700101804733,-72.47142260835805,-72.47142260835805
363.7800101804733,-72.46956082482824,-72.46956082482824
363.7900101804733,-72.46770517344747,-72.46770517344747
363.8000102043152,-72.4658558769502,-72.4658558769502
363.8100102043152,-72.4640131680682,-72.4640131680682
363.82001020431517,-72.46217726315403,-72.46217726315403
363.83001020431516,-72.46034837982462,-72.46034837982462
363.8400102043152,-72.45852673258287,-72.45852673258287
363.8500102043152,-72.4567125328495,-72.4567125328495
363.8600102043152,-72.45490598899823,-72.45490598899823
363.8700102043152,-72.45310730634414,-72.45310730634414
363.88001020431517,-72.45131668719826,-72.45131668719826
363.89001020431516,-72.44953433085438,-72.44953433085438
363.9000102043152,-72.44772852393723,-72.44772852393723
363.9100102043152,-72.44588358105267,-72.44588358105267
363.9200102043152,-72.44398998810013,-72.44398998810013
363.9300102043152,-72.44204148206221,-72.44204148206221
363.9400102043152,-72.44003386833614,-72.44003386833614
363.95001020431516,-72.43796432592832,-72.43796432592832
363.9600102043152,-72.43583095918494,-72.43583095918494
363.9700102043152,-72.43363250559106,-72.43363250559106
363.9800102043152,-72.4313681447942,-72.4313681447942
363.9900102043152,-72.42903737301192,-72.42903737301192
364.0000102043152,-72.42663991969116,-72.42663991969116
364.01001020431517,-72.42417569146643,-72.42417569146643
364.0200102043152,-72.42164473400577,-72.42164473400577
364.0300102043152,-72.41904720552074,-72.41904720552074
364.0400102043152,-72.41638335799044,-72.41638335799044
364.0500102043152,-72.41365352354515,-72.41365352354515
364.0600102043152,-72.41085810425706,-72.41085810425706
364.07001020431517,-72.40799756425568,-72.40799756425568
364.08001020431516,-72.40507242345443,-72.40507242345443
364.0900102043152,-72.40208325230189,-72.40208325230189
364.1000102043152,-72.39903066738334,-72.39903066738334
364.1100102043152,-72.39591532749762,-72.39591532749762
364.1200102043152,-72.39273793021003,-72.39273793021003
364.13001020431517,-72.38949920868384,-72.38949920868384
364.14001020431516,-72.38619992874621,-72.38619992874621
364.1500102043152,-72.38284088621423,-72.38284088621423
364.1600102043152,-72.37942290429322,-72.37942290429322
364.1700102043152,-72.37594683123979,-72.37594683123979
364.1800102043152,-72.37241353807534,-72.37241353807534
364.1900102043152,-72.36882391646341,-72.36882391646341
364.20001020431516,-72.3651788766811,-72.3651788766811
364.2100102043152,-72.36147934571324,-72.36147934571324
364.2200102043152,-72.35772626544217,-72.35772626544217
364.2300102043152,-72.35392059092756,-72.35392059092756
364.2400102043152,-72.35006328877728,-72.35006328877728
364.2500102043152,-72.34615533563411,-72.34615533563411
364.26001020431517,-72.34219771670736,-72.34219771670736
364.2700102043152,-72.33819142441664,-72.33819142441664
364.2800102043152,-72.33413745709348,-72.33413745709348
364.2900102043152,-72.33003681777245,-72.33003681777245
364.3000102043152,-72.32589051304716,-72.32589051304716
364.3100102043152,-72.32169955198422,-72.32169955198422
364.32001020431517,-72.31746494509993,-72.31746494509993
364.33001020431516,-72.31318770345412,-72.31318770345412
364.3400102043152,-72.30886883772362,-72.30886883772362
364.3500102043152,-72.30450935736887,-72.30450935736887
364.3600102043152,-72.30011026986878,-72.30011026986878
364.3700102043152,-72.29567257998077,-72.29567257998077
364.38001020431517,-72.29119728906208,-72.29119728906208
364.39001020431516,-72.28668539444539,-72.28668539444539
364.4000102043152,-72.28213788882448,-72.28213788882448
364.4100102043152,-72.27755575973917,-72.27755575973917
364.4200102043152,-72.27293998903454,-72.27293998903454
364.4300102043152,-72.2682915523963,-72.2682915523963
364.4400102043152,-72.2636114189224,-72.2636114189224
364.45001020431516,-72.25890055072699,-72.25890055072699
364.4600102043152,-72.25415990252651,-72.25415990252651
364.4700102043152,-72.24939042135192,-72.24939042135192
364.4800102043152,-72.24459304619886,-72.24459304619886
364.4900102043152,-72.23976870775297,-72.23976870775297
364.5000102043152,-72.23491832810751,-72.23491832810751
364.51001020431517,-72.23004282056604,-72.23004282056604
364.5200102043152,-72.22514308938834,-72.22514308938834
364.5300102043152,-72.22022002958965,-72.22022002958965
364.5400102043152,-72.21527452682217,-72.21527452682217
364.5500102043152,-72.21030745714688,-72.21030745714688
364.5600102043152,-72.20531968693136,-72.20531968693136
364.57001020431517,-72.20031207273436,-72.20031207273436
364.58001020431516,-72.19528546116285,-72.19528546116285
364.5900102043152,-72.19024068881453,-72.19024068881453
364.6000102043152,-72.1851785821848,-72.1851785821848
364.6100102043152,-72.18009995760029,-72.18009995760029
364.6200102043152,-72.17500562116196,-72.17500562116196
364.63001020431517,-72.16989636870701,-72.16989636870701
364.64001020431516,-72.16477298578062,-72.16477298578062
364.65001022815704,-72.15963623537134,-72.15963623537134
364.66001022815703,-72.15448690678414,-72.15448690678414
364.670010228157,-72.14932574239428,-72.14932574239428
364.680010228157,-72.14415348642976,-72.14415348642976
364.69001022815706,-72.13897087278337,-72.13897087278337
364.70001022815705,-72.13377862506148,-72.13377862506148
364.71001022815705,-72.12857745657932,-72.12857745657932
364.72001022815704,-72.12336807042391,-72.12336807042391
364.730010228157,-72.11815115947678,-72.11815115947678
364.740010228157,-72.11292740644348,-72.11292740644348
364.75001022815707,-72.10769748393355,-72.10769748393355
364.76001022815706,-72.10246205447586,-72.10246205447586
364.77001022815705,-72.09722177061236,-72.09722177061236
364.78001022815704,-72.09197727493209,-72.09197727493209
364.79001022815703,-72.08672920015387,-72.08672920015387
364.800010228157,-72.08147816917793,-72.08147816917793
364.81001022815707,-72.07622479517393,-72.07622479517393
364.82001022815706,-72.07096968164139,-72.07096968164139
364.83001022815705,-72.06571342250693,-72.06571342250693
364.84001022815704,-72.06045660217676,-72.06045660217676
364.85001022815703,-72.05519979564023,-72.05519979564023
364.860010228157,-72.04994356854684,-72.04994356854684
364.87001022815707,-72.04468847728758,-72.04468847728758
364.88001022815706,-72.03943506908982,-72.03943506908982
364.89001022815705,-72.03418388209887,-72.03418388209887
364.90001022815704,-72.02893544547449,-72.02893544547449
364.91001022815703,-72.02369027948788,-72.02369027948788
364.920010228157,-72.01844889558974,-72.01844889558974
364.930010228157,-72.01321179653978,-72.01321179653978
364.94001022815706,-72.007979476467,-72.007979476467
364.95001022815705,-72.00275242099273,-72.00275242099273
364.96001022815705,-71.99753110729878,-71.99753110729878
364.97001022815704,-71.99231600425524,-71.99231600425524
364.980010228157,-71.98710757248973,-71.98710757248973
364.990010228157,-71.98190626450398,-71.98190626450398
365.00001022815707,-71.97671252473783,-71.97671252473783
365.01001022815706,-71.97152678971194,-71.97152678971194
365.02001022815705,-71.96634948809371,-71.96634948809371
365.03001022815704,-71.9611810408058,-71.9611810408058
365.04001022815703,-71.95602186112079,-71.95602186112079
365.050010228157,-71.95087235475533,-71.95087235475533
365.06001022815707,-71.94573291996744,-71.94573291996744
365.07001022815706,-71.94060394765205,-71.94060394765205
365.08001022815705,-71.9354858214427,-71.9354858214427
365.09001022815704,-71.93037891779505,-71.93037891779505
365.10001022815703,-71.92528360610868,-71.92528360610868
365.110010228157,-71.92020024877743,-71.92020024877743
365.12001022815707,-71.91512920132588,-71.91512920132588
365.13001022815706,-71.91007081248662,-71.91007081248662
365.14001022815705,-71.90502542427198,-71.90502542427198
365.15001022815704,-71.89999337210759,-71.89999337210759
365.16001022815703,-71.89497498489337,-71.89497498489337
365.170010228157,-71.8899705851029,-71.8899705851029
365.180010228157,-71.88498048888125,-71.88498048888125
365.19001022815706,-71.88000500611533,-71.88000500611533
365.20001022815705,-71.87504444053805,-71.87504444053805
365.21001022815705,-71.87009908982557,-71.87009908982557
365.22001022815704,-71.86516924565524,-71.86516924565524
365.230010228157,-71.8602551938222,-71.8602551938222
365.240010228157,-71.85535721429919,-71.85535721429919
365.25001022815707,-71.85047558134636,-71.85047558134636
365.26001022815706,-71.8456105635579,-71.8456105635579
365.27001022815705,-71.84076242400162,-71.84076242400162
365.28001022815704,-71.83593142024259,-71.83593142024259
365.29001022815703,-71.83111780445304,-71.83111780445304
365.300010228157,-71.82632182350767,-71.82632182350767
365.31001022815707,-71.82154371903101,-71.82154371903101
365.32001022815706,-71.81678372748745,-71.81678372748745
365.33001022815705,-71.8120420802742,-71.8120420802742
365.34001022815704,-71.80731900376833,-71.80731900376833
365.35001022815703,-71.80261471943949,-71.80261471943949
365.360010228157,-71.79792944389445,-71.79792944389445
365.37001022815707,-71.79326338895912,-71.79326338895912
365.38001022815706,-71.78861676176132,-71.78861676176132
365.39001022815705,-71.78398976479738,-71.78398976479738
365.40001022815704,-71.77938259599588,-71.77938259599588
365.41001022815703,-71.77479544880781,-71.77479544880781
365.420010228157,-71.7702285122443,-71.7702285122443
365.430010228157,-71.76568197097953,-71.76568197097953
365.44001022815706,-71.76115600539588,-71.76115600539588
365.45001022815705,-71.75665079166163,-71.75665079166163
365.46001022815705,-71.75216650179176,-71.75216650179176
365.47001022815704,-71.74770330372128,-71.74770330372128
365.480010228157,-71.74326136134364,-71.74326136134364
365.490010228157,-71.73884083461851,-71.73884083461851
365.5000102519989,-71.73444186912806,-71.73444186912806
365.5100102519989,-71.7300646380836,-71.7300646380836
365.5200102519989,-71.72570927940896,-71.72570927940896
365.5300102519989,-71.72137593782948,-71.72137593782948
365.5400102519989,-71.71706475442214,-71.71706475442214
365.5500102519989,-71.71277586666831,-71.71277586666831
365.5600102519989,-71.70850940851005,-71.70850940851005
365.5700102519989,-71.70426551041142,-71.70426551041142
365.5800102519989,-71.7000442994045,-71.7000442994045
365.5900102519989,-71.69584589914778,-71.69584589914778
365.6000102519989,-71.6916704299922,-71.6916704299922
365.6100102519989,-71.68751800902662,-71.68751800902662
365.6200102519989,-71.68338875011905,-71.68338875011905
365.6300102519989,-71.67928276398301,-71.67928276398301
365.6400102519989,-71.67520015823345,-71.67520015823345
365.6500102519989,-71.67114103741272,-71.67114103741272
365.6600102519989,-71.6671055030705,-71.6671055030705
365.6700102519989,-71.66309365378906,-71.66309365378906
365.6800102519989,-71.65910558524807,-71.65910558524807
365.6900102519989,-71.65514139025184,-71.65514139025184
365.7000102519989,-71.65120115880262,-71.65120115880262
365.7100102519989,-71.64727873615544,-71.64727873615544
365.72001025199893,-71.64337148412513,-71.64337148412513
365.7300102519989,-71.63947816899764,-71.63947816899764
365.7400102519989,-71.63559820613034,-71.63559820613034
365.7500102519989,-71.63173137145537,-71.63173137145537
365.7600102519989,-71.62787765144996,-71.62787765144996
365.7700102519989,-71.62403715503177,-71.62403715503177
365.7800102519989,-71.62021006063515,-71.62021006063515
365.7900102519989,-71.61639658432468,-71.61639658432468
365.8000102519989,-71.61259696067326,-71.61259696067326
365.8100102519989,-71.60881143139832,-71.60881143139832
365.8200102519989,-71.60504023872599,-71.60504023872599
365.8300102519989,-71.60128362160093,-71.60128362160093
365.8400102519989,-71.59754181365933,-71.59754181365933
365.8500102519989,-71.59381504224469,-71.59381504224469
365.8600102519989,-71.59010352807884,-71.59010352807884
365.8700102519989,-71.58640748524404,-71.58640748524404
365.8800102519989,-71.58272712143882,-71.58272712143882
365.8900102519989,-71.57906263826506,-71.57906263826506
365.9000102519989,-71.57541423158307,-71.57541423158307
365.9100102519989,-71.57178209189019,-71.57178209189019
365.9200102519989,-71.56816640464719,-71.56816640464719
365.9300102519989,-71.56456735062626,-71.56456735062626
365.9400102519989,-71.56098510615001,-71.56098510615001
365.9500102519989,-71.55741984341104,-71.55741984341104
365.9600102519989,-71.55387173066437,-71.55387173066437
365.97001025199893,-71.5503409324251,-71.5503409324251
365.9800102519989,-71.54682760965581,-71.54682760965581
365.9900102519989,-71.54333191992626,-71.54333191992626
366.0000102519989,-71.53985401753067,-71.53985401753067
366.0100102519989,-71.53639405362254,-71.53639405362254
366.0200102519989,-71.53295217629507,-71.53295217629507
366.0300102519989,-71.5295285306933,-71.5295285306933
366.0400102519989,-71.52612325906406,-71.52612325906406
366.0500102519989,-71.5227365008472,-71.5227365008472
366.0600102519989,-71.51936839273672,-71.51936839273672
366.0700102519989,-71.51601906871262,-71.51601906871262
366.0800102519989,-71.51268866010652,-71.51268866010652
366.0900102519989,-71.50937729563941,-71.50937729563941
366.1000102519989,-71.50608510146135,-71.50608510146135
366.1100102519989,-71.50281220117385,-71.50281220117385
366.1200102519989,-71.49955871588958,-71.49955871588958
366.1300102519989,-71.49632476423692,-71.49632476423692
366.1400102519989,-71.49311046238518,-71.49311046238518
366.1500102519989,-71.48991592410735,-71.48991592410735
366.1600102519989,-71.48674126076027,-71.48674126076027
366.1700102519989,-71.48358658134181,-71.48358658134181
366.1800102519989,-71.48045199247437,-71.48045199247437
366.1900102519989,-71.47733759846537,-71.47733759846537
366.2000102519989,-71.47424350131027,-71.47424350131027
366.2100102519989,-71.47116980072343,-71.47116980072343
366.22001025199893,-71.46811659413625,-71.46811659413625
366.2300102519989,-71.46508397674509,-71.46508397674509
366.2400102519989,-71.4620720415132,-71.4620720415132
366.2500102519989,-71.4590808791913,-71.4590808791913
366.2600102519989,-71.45611057834962,-71.45611057834962
366.2700102519989,-71.45316122538321,-71.45316122538321
366.2800102519989,-71.45023290453115,-71.45023290453115
366.2900102519989,-71.44732569791537,-71.44732569791537
366.3000102519989,-71.44443968553605,-71.44443968553605
366.3100102519989,-71.44157494530462,-71.44157494530462
366.3200102519989,-71.43873155306781,-71.43873155306781
366.3300102519989,-71.43590958260751,-71.43590958260751
366.3400102519989,-71.43310910567739,-71.43310910567739
366.35001027584076,-71.4303301854216,-71.4303301854216
366.36001027584075,-71.42757290287722,-71.42757290287722
366.37001027584074,-71.4248373171347,-71.4248373171347
366.38001027584073,-71.42212349203304,-71.42212349203304
366.3900102758408,-71.41943148947564,-71.41943148947564
366.40001027584077,-71.4167613694416,-71.4167613694416
366.41001027584076,-71.41411319002634,-71.41411319002634
366.42001027584075,-71.41148700746027,-71.41148700746027
366.43001027584074,-71.40888287610676,-71.40888287610676
366.44001027584073,-71.40630084851804,-71.40630084851804
366.4500102758408,-71.40374097543466,-71.40374097543466
366.4600102758408,-71.4012033057988,-71.4012033057988
366.47001027584076,-71.39868788679462,-71.39868788679462
366.48001027584075,-71.39619476385452,-71.39619476385452
366.49001027584075,-71.39372398068569,-71.39372398068569
366.50001027584074,-71.39127557929103,-71.39127557929103
366.5100102758408,-71.38884959997917,-71.38884959997917
366.5200102758408,-71.38644608140805,-71.38644608140805
366.53001027584077,-71.38406506057883,-71.38406506057883
366.54001027584076,-71.38170657287539,-71.38170657287539
366.55001027584075,-71.37937065207944,-71.37937065207944
366.56001027584074,-71.37705733038176,-71.37705733038176
366.5700102758408,-71.37476663841869,-71.37476663841869
366.5800102758408,-71.37249860527507,-71.37249860527507
366.59001027584077,-71.37025325851603,-71.37025325851603
366.60001027584076,-71.36803062420698,-71.36803062420698
366.61001027584075,-71.36583072692882,-71.36583072692882
366.62001027584074,-71.36365358979857,-71.36365358979857
366.63001027584073,-71.3614992344927,-71.3614992344927
366.6400102758408,-71.35936768125454,-71.35936768125454
366.65001027584077,-71.3572589489382,-71.3572589489382
366.66001027584076,-71.35517305499437,-71.35517305499437
366.67001027584075,-71.35311001552216,-71.35311001552216
366.68001027584074,-71.35106984526925,-71.35106984526925
366.69001027584073,-71.34905255765747,-71.34905255765747
366.7000102758408,-71.34705816478998,-71.34705816478998
366.7100102758408,-71.34508667749492,-71.34508667749492
366.72001027584076,-71.34313810531847,-71.34313810531847
366.73001027584075,-71.34121245655626,-71.34121245655626
366.74001027584075,-71.33930973826244,-71.33930973826244
366.75001027584074,-71.33742995628408,-71.33742995628408
366.7600102758408,-71.33557311526705,-71.33557311526705
366.7700102758408,-71.3337392186633,-71.3337392186633
366.78001027584077,-71.33192826878746,-71.33192826878746
366.79001027584076,-71.33014026676904,-71.33014026676904
366.80001027584075,-71.32837521264085,-71.32837521264085
366.81001027584074,-71.32663310531645,-71.32663310531645
366.8200102758408,-71.32491394260236,-71.32491394260236
366.8300102758408,-71.32321772124168,-71.32321772124168
366.84001027584077,-71.32154443690297,-71.32154443690297
366.85001027584076,-71.31989408421862,-71.31989408421862
366.86001027584075,-71.3182666567895,-71.3182666567895
366.87001027584074,-71.31666214719355,-71.31666214719355
366.88001027584073,-71.3150805470284,-71.3150805470284
366.8900102758408,-71.31352184689139,-71.31352184689139
366.90001027584077,-71.31198603643358,-71.31198603643358
366.91001027584076,-71.31047310434565,-71.31047310434565
366.92001027584075,-71.30898303837718,-71.30898303837718
366.93001027584074,-71.30751582536435,-71.30751582536435
366.94001027584073,-71.30607145124269,-71.30607145124269
366.9500102758408,-71.30464990105405,-71.30464990105405
366.9600102758408,-71.30324494473842,-71.30324494473842
366.97001027584076,-71.30185385233841,-71.30185385233841
366.98001027584075,-71.30047529276784,-71.30047529276784
366.99001027584075,-71.29910858231189,-71.29910858231189
367.00001027584074,-71.2977533976072,-71.2977533976072
367.0100102758408,-71.29640962645624,-71.29640962645624
367.0200102758408,-71.29507728024659,-71.29507728024659
367.03001027584077,-71.29375644127055,-71.29375644127055
367.04001027584076,-71.29244723107021,-71.29244723107021
367.05001027584075,-71.29114979139746,-71.29114979139746
367.06001027584074,-71.28986427290633,-71.28986427290633
367.0700102758408,-71.28859082852642,-71.28859082852642
367.0800102758408,-71.28732960967481,-71.28732960967481
367.09001027584077,-71.28608076419077,-71.28608076419077
367.10001027584076,-71.2848444353683,-71.2848444353683
367.11001027584075,-71.2836207615332,-71.2836207615332
367.12001027584074,-71.28240987607161,-71.28240987607161
367.13001027584073,-71.28121190758117,-71.28121190758117
367.1400102758408,-71.28002698016523,-71.28002698016523
367.15001027584077,-71.27885521375356,-71.27885521375356
367.16001027584076,-71.27769672442933,-71.27769672442933
367.17001027584075,-71.2765516247479,-71.2765516247479
367.18001027584074,-71.27542002402816,-71.27542002402816
367.19001027584073,-71.2743020285991,-71.2743020285991
367.2000102996826,-71.27319773942722,-71.27319773942722
367.2100102996826,-71.27210105132833,-71.27210105132833
367.2200102996826,-71.27100934795611,-71.27100934795611
367.2300102996826,-71.26992141237054,-71.26992141237054
367.24001029968264,-71.26883667336321,-71.26883667336321
367.25001029968263,-71.26775491873627,-71.26775491873627
367.2600102996826,-71.26667614628322,-71.26667614628322
367.2700102996826,-71.26560047631948,-71.26560047631948
367.2800102996826,-71.2645280991267,-71.2645280991267
367.2900102996826,-71.26345924335735,-71.26345924335735
367.30001029968264,-71.26239415702146,-71.26239415702146
367.31001029968263,-71.26133309624232,-71.26133309624232
367.3200102996826,-71.26027631863927,-71.26027631863927
367.3300102996826,-71.25922407954715,-71.25922407954715
367.3400102996826,-71.25817663000261,-71.25817663000261
367.3500102996826,-71.2571342157055,-71.2571342157055
367.36001029968264,-71.25609707668842,-71.25609707668842
367.37001029968263,-71.2550654472591,-71.2550654472591
367.3800102996826,-71.25403955620936,-71.25403955620936
367.3900102996826,-71.25301962706621,-71.25301962706621
367.4000102996826,-71.25200587842885,-71.25200587842885
367.4100102996826,-71.25099852428089,-71.25099852428089
367.42001029968264,-71.24999777430374,-71.24999777430374
367.43001029968264,-71.24900383414713,-71.24900383414713
367.4400102996826,-71.24801690569599,-71.24801690569599
367.4500102996826,-71.2470371872934,-71.2470371872934
367.4600102996826,-71.24605866529653,-71.24605866529653
367.4700102996826,-71.24507882044442,-71.24507882044442
367.4800102996826,-71.24409652872956,-71.24409652872956
367.49001029968264,-71.2431113107112,-71.2431113107112
367.50001029968263,-71.24212304493682,-71.24212304493682
367.5100102996826,-71.2411318189993,-71.2411318189993
367.5200102996826,-71.24013784211144,-71.24013784211144
367.5300102996826,-71.23914139260347,-71.23914139260347
367.5400102996826,-71.23814278630906,-71.23814278630906
367.55001029968264,-71.23714235760036,-71.23714235760036
367.56001029968263,-71.23614044813132,-71.23614044813132
367.5700102996826,-71.23513740021585,-71.23513740021585
367.5800102996826,-71.23413355304767,-71.23413355304767
367.5900102996826,-71.23312924068856,-71.23312924068856
367.6000102996826,-71.23212479103712,-71.23212479103712
367.61001029968264,-71.23112052546989,-71.23112052546989
367.62001029968263,-71.23011675879337,-71.23011675879337
367.6300102996826,-71.22911379945315,-71.22911379945315
367.6400102996826,-71.2281119497797,-71.2281119497797
367.6500102996826,-71.22711150633319,-71.22711150633319
367.6600102996826,-71.22611276020226,-71.22611276020226
367.67001029968264,-71.2251159973103,-71.2251159973103
367.68001029968264,-71.22412149870057,-71.22412149870057
367.6900102996826,-71.2231295408114,-71.2231295408114
367.7000102996826,-71.22214039565667,-71.22214039565667
367.7100102996826,-71.22115433106539,-71.22115433106539
367.7200102996826,-71.22017161082272,-71.22017161082272
367.7300102996826,-71.21919249482987,-71.21919249482987
367.74001029968264,-71.2182172392065,-71.2182172392065
367.75001029968263,-71.21724609643856,-71.21724609643856
367.7600102996826,-71.21627931542179,-71.21627931542179
367.7700102996826,-71.21531714157193,-71.21531714157193
367.7800102996826,-71.21435981687351,-71.21435981687351
367.7900102996826,-71.21340757995101,-71.21340757995101
367.80001029968264,-71.21246066611143,-71.21246066611143
367.81001029968263,-71.21151930735687,-71.21151930735687
367.8200102996826,-71.21058373247416,-71.21058373247416
367.8300102996826,-71.20965416701692,-71.20965416701692
367.8400102996826,-71.20873083336616,-71.20873083336616
367.8500102996826,-71.20781395073034,-71.20781395073034
367.86001029968264,-71.20690373518484,-71.20690373518484
367.87001029968263,-71.20600039968876,-71.20600039968876
367.8800102996826,-71.20510415407976,-71.20510415407976
367.8900102996826,-71.20421520512883,-71.20421520512883
367.9000102996826,-71.20333375652933,-71.20333375652933
367.9100102996826,-71.20246000892269,-71.20246000892269
367.92001029968264,-71.20159415990243,-71.20159415990243
367.93001029968264,-71.20073640404976,-71.20073640404976
367.9400102996826,-71.19988693294123,-71.19988693294123
367.9500102996826,-71.19904593514303,-71.19904593514303
367.9600102996826,-71.19821359626015,-71.19821359626015
367.9700102996826,-71.19739009893281,-71.19739009893281
367.9800102996826,-71.19657562283933,-71.19657562283933
367.99001029968264,-71.19577034474496,-71.19577034474496
368.00001029968263,-71.19497443849188,-71.19497443849188
368.0100102996826,-71.19418807503263,-71.19418807503263
368.0200102996826,-71.1934114224493,-71.1934114224493
368.0300102996826,-71.19264464594448,-71.19264464594448
368.0400102996826,-71.19188790788998,-71.19188790788998
368.0500103235245,-71.19114136606446,-71.19114136606446
368.06001032352447,-71.19040518079257,-71.19040518079257
368.07001032352446,-71.1896795042363,-71.1896795042363
368.08001032352445,-71.18896448759412,-71.18896448759412
368.0900103235245,-71.18826027933406,-71.18826027933406
368.1000103235245,-71.18756702519613,-71.18756702519613
368.1100103235245,-71.18688486822195,-71.18688486822195
368.12001032352447,-71.18621394878592,-71.18621394878592
368.13001032352446,-71.185554404602,-71.185554404602
368.14001032352445,-71.1849063707542,-71.1849063707542
368.1500103235245,-71.18426997972756,-71.18426997972756
368.1600103235245,-71.18364536141715,-71.18364536141715
368.1700103235245,-71.18303264315904,-71.18303264315904
368.18001032352447,-71.18243194975022,-71.18243194975022
368.19001032352446,-71.18184340348553,-71.18184340348553
368.20001032352445,-71.18126712416624,-71.18126712416624
368.2100103235245,-71.18069702757603,-71.18069702757603
368.2200103235245,-71.18013052065511,-71.18013052065511
368.2300103235245,-71.1795664044867,-71.1795664044867
368.2400103235245,-71.17900412435579,-71.17900412435579
368.25001032352446,-71.17844348343039,-71.17844348343039
368.26001032352445,-71.17788449396689,-71.17788449396689
368.2700103235245,-71.17732728998693,-71.17732728998693
368.2800103235245,-71.17677207478395,-71.17677207478395
368.2900103235245,-71.17621908935538,-71.17621908935538
368.3000103235245,-71.17566859347262,-71.17566859347262
368.31001032352447,-71.17512085441166,-71.17512085441166
368.32001032352446,-71.17457614034298,-71.17457614034298
368.33001032352445,-71.1740347165645,-71.1740347165645
368.3400103235245,-71.1734968435031,-71.1734968435031
368.3500103235245,-71.17296277567718,-71.17296277567718
368.3600103235245,-71.17243276136884,-71.17243276136884
368.37001032352447,-71.171907042587,-71.171907042587
368.38001032352446,-71.17138585527557,-71.17138585527557
368.39001032352445,-71.17086942960518,-71.17086942960518
368.4000103235245,-71.17035799027356,-71.17035799027356
368.4100103235245,-71.169851756889,-71.169851756889
368.4200103235245,-71.16935094425678,-71.16935094425678
368.43001032352447,-71.168855762697,-71.168855762697
368.44001032352446,-71.16836641830702,-71.16836641830702
368.45001032352445,-71.1678831131977,-71.1678831131977
368.4600103235245,-71.1673998458068,-71.1673998458068
368.4700103235245,-71.16691410376663,-71.16691410376663
368.4800103235245,-71.16642476748342,-71.16642476748342
368.4900103235245,-71.16593136049127,-71.16593136049127
368.50001032352446,-71.16543376329017,-71.16543376329017
368.51001032352445,-71.16493206471387,-71.16493206471387
368.5200103235245,-71.16442647465139,-71.16442647465139
368.5300103235245,-71.16391727167765,-71.16391727167765
368.5400103235245,-71.16340477150305,-71.16340477150305
368.5500103235245,-71.16288930810484,-71.16288930810484
368.56001032352447,-71.16237122245163,-71.16237122245163
368.57001032352446,-71.16185085597104,-71.16185085597104
368.58001032352445,-71.16132854676164,-71.16132854676164
368.5900103235245,-71.16080462760563,-71.16080462760563
368.6000103235245,-71.16027942494544,-71.16027942494544
368.6100103235245,-71.15975325855172,-71.15975325855172
368.62001032352447,-71.15922644150704,-71.15922644150704
368.63001032352446,-71.15869928037887,-71.15869928037887
368.64001032352445,-71.15817207550602,-71.15817207550602
368.6500103235245,-71.1576451213491,-71.1576451213491
368.6600103235245,-71.1571187068064,-71.1571187068064
368.6700103235245,-71.15659311551559,-71.15659311551559
368.68001032352447,-71.15606862616961,-71.15606862616961
368.69001032352446,-71.15554551275638,-71.15554551275638
368.70001032352445,-71.15502404481438,-71.15502404481438
368.7100103235245,-71.1545044876218,-71.1545044876218
368.7200103235245,-71.15398710235378,-71.15398710235378
368.7300103235245,-71.15347214627637,-71.15347214627637
368.7400103235245,-71.1529598728606,-71.1529598728606
368.75001032352446,-71.15245053187897,-71.15245053187897
368.76001032352445,-71.15194436952349,-71.15194436952349
368.7700103235245,-71.15144162848458,-71.15144162848458
368.7800103235245,-71.1509425480193,-71.1509425480193
368.7900103235245,-71.15044736401856,-71.15044736401856
368.8000103235245,-71.14995630903866,-71.14995630903866
368.81001032352447,-71.1494696123843,-71.1494696123843
368.82001032352446,-71.14898750012328,-71.14898750012328
368.83001032352445,-71.14851019512002,-71.14851019512002
368.8400103235245,-71.1480379170872,-71.1480379170872
368.8500103235245,-71.14757088259618,-71.14757088259618
368.8600103235245,-71.14710930511042,-71.14710930511042
368.87001032352447,-71.14665339499243,-71.14665339499243
368.88001032352446,-71.14620335955469,-71.14620335955469
368.89001032352445,-71.14575940306325,-71.14575940306325
368.90001034736633,-71.145321725714,-71.145321725714
368.9100103473663,-71.14489052781883,-71.14489052781883
368.9200103473663,-71.1444660035603,-71.1444660035603
368.9300103473663,-71.14404834521696,-71.14404834521696
368.94001034736635,-71.14363774208297,-71.14363774208297
368.95001034736634,-71.14323438052806,-71.14323438052806
368.96001034736634,-71.14283844400525,-71.14283844400525
368.9700103473663,-71.1424501130467,-71.1424501130467
368.9800103473663,-71.14206956531861,-71.14206956531861
368.9900103473663,-71.14169697560577,-71.14169697560577
369.00001034736636,-71.14133251584654,-71.14133251584654
369.01001034736635,-71.14097635515107,-71.14097635515107
369.02001034736634,-71.14062865980613,-71.14062865980613
369.03001034736633,-71.1402895933151,-71.1402895933151
369.0400103473663,-71.13995931640426,-71.13995931640426
369.0500103473663,-71.13963798703247,-71.13963798703247
369.06001034736636,-71.13932576043749,-71.13932576043749
369.07001034736635,-71.13902278914465,-71.13902278914465
369.08001034736634,-71.13872922297159,-71.13872922297159
369.09001034736633,-71.1384452090847,-71.1384452090847
369.1000103473663,-71.13817089198265,-71.13817089198265
369.1100103473663,-71.13790641354555,-71.13790641354555
369.12001034736636,-71.13765191304753,-71.13765191304753
369.13001034736635,-71.13740752716794,-71.13740752716794
369.14001034736634,-71.13717339004548,-71.13717339004548
369.15001034736633,-71.13694963326914,-71.13694963326914
369.1600103473663,-71.1367363859057,-71.1367363859057
369.1700103473663,-71.13653377454888,-71.13653377454888
369.1800103473663,-71.13634192332032,-71.13634192332032
369.19001034736635,-71.13616095389746,-71.13616095389746
369.20001034736634,-71.1359909855384,-71.1359909855384
369.21001034736634,-71.13583213510942,-71.13583213510942
369.2200103473663,-71.13568451711379,-71.13568451711379
369.2300103473663,-71.13554824369388,-71.13554824369388
369.2400103473663,-71.13542342468139,-71.13542342468139
369.25001034736636,-71.13531016761182,-71.13531016761182
369.26001034736635,-71.13520857774765,-71.13520857774765
369.27001034736634,-71.13511875810688,-71.13511875810688
369.28001034736633,-71.13504080950452,-71.13504080950452
369.2900103473663,-71.13497483052355,-71.13497483052355
369.3000103473663,-71.13492091760551,-71.13492091760551
369.31001034736636,-71.13487916503439,-71.13487916503439
369.32001034736635,-71.13484966497313,-71.13484966497313
369.33001034736634,-71.13483250749178,-71.13483250749178
369.34001034736633,-71.13482778058591,-71.13482778058591
369.3500103473663,-71.13483557021114,-71.13483557021114
369.3600103473663,-71.13485596029356,-71.13485596029356
369.37001034736636,-71.13488903276378,-71.13488903276378
369.38001034736635,-71.13493486758591,-71.13493486758591
369.39001034736634,-71.13499354277634,-71.13499354277634
369.40001034736633,-71.1350651344209,-71.1350651344209
369.4100103473663,-71.13514971671222,-71.13514971671222
369.4200103473663,-71.13524736196699,-71.13524736196699
369.4300103473663,-71.13535814065169,-71.13535814065169
369.44001034736635,-71.13548212139989,-71.13548212139989
369.45001034736634,-71.13561937105308,-71.13561937105308
369.46001034736634,-71.13576375809163,-71.13576375809163
369.4700103473663,-71.13591263975081,-71.13591263975081
369.4800103473663,-71.13606476669908,-71.13606476669908
369.4900103473663,-71.13621953374765,-71.13621953374765
369.50001034736636,-71.1363766938257,-71.1363766938257
369.51001034736635,-71.13653620934818,-71.13653620934818
369.52001034736634,-71.13669816498407,-71.13669816498407
369.53001034736633,-71.13686271525845,-71.13686271525845
369.5400103473663,-71.13703005300896,-71.13703005300896
369.5500103473663,-71.13720039048435,-71.13720039048435
369.56001034736636,-71.1373739480852,-71.1373739480852
369.57001034736635,-71.13755094779806,-71.13755094779806
369.58001034736634,-71.13773160938318,-71.13773160938318
369.59001034736633,-71.13791614839099,-71.13791614839099
369.6000103473663,-71.1381047751595,-71.1381047751595
369.6100103473663,-71.13829769442577,-71.13829769442577
369.62001034736636,-71.13849510532589,-71.13849510532589
369.63001034736635,-71.1386972015845,-71.1386972015845
369.64001034736634,-71.13890417178594,-71.13890417178594
369.65001034736633,-71.1391161997281,-71.1391161997281
369.6600103473663,-71.13933346472193,-71.13933346472193
369.6700103473663,-71.13955614191885,-71.13955614191885
369.6800103473663,-71.13978440261283,-71.13978440261283
369.69001034736635,-71.14001841449817,-71.14001841449817
369.70001034736634,-71.14025834190667,-71.14025834190667
369.71001034736634,-71.14050434600368,-71.14050434600368
369.7200103473663,-71.14075658497966,-71.14075658497966
369.7300103473663,-71.14101521420272,-71.14101521420272
369.7400103473663,-71.14128038634728,-71.14128038634728
369.7500103712082,-71.14155225215515,-71.14155225215515
369.7600103712082,-71.14183095796521,-71.14183095796521
369.7700103712082,-71.14211664962411,-71.14211664962411
369.78001037120816,-71.14240947004451,-71.14240947004451
369.7900103712082,-71.14270955987276,-71.14270955987276
369.8000103712082,-71.14301705753667,-71.14301705753667
369.8100103712082,-71.14333209931573,-71.14333209931573
369.8200103712082,-71.14365481936751,-71.14365481936751
369.8300103712082,-71.14398534974677,-71.14398534974677
369.84001037120817,-71.14432382046593,-71.14432382046593
369.8500103712082,-71.14467035949365,-71.14467035949365
369.8600103712082,-71.14502509279222,-71.14502509279222
369.8700103712082,-71.14538814434681,-71.14538814434681
369.8800103712082,-71.14575963615373,-71.14575963615373
369.8900103712082,-71.1461396882609,-71.1461396882609
369.90001037120817,-71.14652841876757,-71.14652841876757
369.9100103712082,-71.14692594386165,-71.14692594386165
369.9200103712082,-71.14733237779632,-71.14733237779632
369.9300103712082,-71.14774783293664,-71.14774783293664
369.9400103712082,-71.14817241977002,-71.14817241977002
369.9500103712082,-71.14860624687807,-71.14860624687807
369.96001037120817,-71.14904942098457,-71.14904942098457
369.9700103712082,-71.14950204696036,-71.14950204696036
369.9800103712082,-71.14996422783375,-71.14996422783375
369.9900103712082,-71.15043606478942,-71.15043606478942
370.0000103712082,-71.15091765718614,-71.15091765718614
370.0100103712082,-71.1514091025786,-71.1514091025786
370.0200103712082,-71.15191049671884,-71.15191049671884
370.03001037120816,-71.15242193356221,-71.15242193356221
370.0400103712082,-71.15294350528893,-71.15294350528893
370.0500103712082,-71.15347530231452,-71.15347530231452
370.0600103712082,-71.15401741329237,-71.15401741329237
370.0700103712082,-71.15456992513566,-71.15456992513566
370.0800103712082,-71.15513292302464,-71.15513292302464
370.09001037120817,-71.1557064904356,-71.1557064904356
370.1000103712082,-71.15629070910961,-71.15629070910961
370.1100103712082,-71.15688565912829,-71.15688565912829
370.1200103712082,-71.15749141887493,-71.15749141887493
370.1300103712082,-71.15810806507146,-71.15810806507146
370.1400103712082,-71.15873567278874,-71.15873567278874
370.15001037120817,-71.1593743154578,-71.1593743154578
370.1600103712082,-71.16002406490199,-71.16002406490199
370.1700103712082,-71.16068499130944,-71.16068499130944
370.1800103712082,-71.16135716329009,-71.16135716329009
370.1900103712082,-71.16204064786527,-71.16204064786527
370.2000103712082,-71.1627355105001,-71.1627355105001
370.21001037120817,-71.16344181510382,-71.16344181510382
370.2200103712082,-71.1641596240431,-71.1641596240431
370.2300103712082,-71.16488899817165,-71.16488899817165
370.2400103712082,-71.1656299968536,-71.1656299968536
370.2500103712082,-71.1663826779271,-71.1663826779271
370.2600103712082,-71.16714709778547,-71.16714709778547
370.2700103712082,-71.16792331135227,-71.16792331135227
370.28001037120816,-71.16871137210796,-71.16871137210796
370.2900103712082,-71.16951133210593,-71.16951133210593
370.3000103712082,-71.1703232419868,-71.1703232419868
370.3100103712082,-71.17114715100179,-71.17114715100179
370.3200103712082,-71.17198310700678,-71.17198310700678
370.3300103712082,-71.17283115650211,-71.17283115650211
370.34001037120817,-71.17369134463722,-71.17369134463722
370.3500103712082,-71.17456371523373,-71.17456371523373
370.3600103712082,-71.17544831078571,-71.17544831078571
370.3700103712082,-71.17634517248501,-71.17634517248501
370.3800103712082,-71.1772543402493,-71.1772543402493
370.3900103712082,-71.17817585271479,-71.17817585271479
370.40001037120817,-71.17910974726207,-71.17910974726207
370.4100103712082,-71.18005606003123,-71.18005606003123
370.4200103712082,-71.18101482594729,-71.18101482594729
370.4300103712082,-71.18198607871696,-71.18198607871696
370.4400103712082,-71.1829698508549,-71.1829698508549
370.4500103712082,-71.18396617371056,-71.18396617371056
370.46001037120817,-71.18496887543405,-71.18496887543405
370.4700103712082,-71.1859752752505,-71.1859752752505
370.4800103712082,-71.18698408706204,-71.18698408706204
370.4900103712082,-71.18799466980484,-71.18799466980484
370.5000103712082,-71.18900674129162,-71.18900674129162
370.5100103712082,-71.19002022952876,-71.19002022952876
370.5200103712082,-71.19103518544452,-71.19103518544452
370.53001037120816,-71.19205173049767,-71.19205173049767
370.5400103712082,-71.19307002513062,-71.19307002513062
370.5500103712082,-71.19409024983504,-71.19409024983504
370.5600103712082,-71.19511259391945,-71.19511259391945
370.5700103712082,-71.19613724887493,-71.19613724887493
370.5800103712082,-71.19716440463095,-71.19716440463095
370.59001037120817,-71.19819424750519,-71.19819424750519
370.60001039505005,-71.19922696165727,-71.19922696165727
370.61001039505004,-71.20026271886982,-71.20026271886982
370.62001039505003,-71.20130169327216,-71.20130169327216
370.63001039505,-71.20234405167768,-71.20234405167768
370.64001039505007,-71.20338995634407,-71.20338995634407
370.65001039505006,-71.20443956526024,-71.20443956526024
370.66001039505005,-71.20549303246929,-71.20549303246929
370.67001039505004,-71.20655050839348,-71.20655050839348
370.68001039505003,-71.2076121400984,-71.2076121400984
370.69001039505,-71.2086780715553,-71.2086780715553
370.70001039505007,-71.20974844386966,-71.20974844386966
370.71001039505006,-71.21082339546753,-71.21082339546753
370.72001039505005,-71.21190306228883,-71.21190306228883
370.73001039505004,-71.21298757789805,-71.21298757789805
370.74001039505004,-71.21407707364463,-71.21407707364463
370.75001039505,-71.21517167874482,-71.21517167874482
370.7600103950501,-71.21627152038029,-71.21627152038029
370.77001039505006,-71.21737672378532,-71.21737672378532
370.78001039505006,-71.218487412306,-71.218487412306
370.79001039505005,-71.2196037074391,-71.2196037074391
370.80001039505004,-71.2207257289007,-71.2207257289007
370.81001039505,-71.22185359464545,-71.22185359464545
370.8200103950501,-71.22298742092205,-71.22298742092205
370.83001039505007,-71.22412732226329,-71.22412732226329
370.84001039505006,-71.22527341155647,-71.22527341155647
370.85001039505005,-71.22642580002949,-71.22642580002949
370.86001039505004,-71.22758459726853,-71.22758459726853
370.87001039505003,-71.22874991126193,-71.22874991126193
370.88001039505,-71.22992184836954,-71.22992184836954
370.89001039505007,-71.23110051335941,-71.23110051335941
370.90001039505006,-71.232286009418,-71.232286009418
370.91001039505005,-71.2334784381412,-71.2334784381412
370.92001039505004,-71.23467789955458,-71.23467789955458
370.93001039505003,-71.2358844921204,-71.2358844921204
370.94001039505,-71.23709831273808,-71.23709831273808
370.95001039505007,-71.23831945675647,-71.23831945675647
370.96001039505006,-71.2395480179736,-71.2395480179736
370.97001039505005,-71.24078408863323,-71.24078408863323
370.98001039505004,-71.24202775945962,-71.24202775945962
370.99001039505004,-71.24327911963387,-71.24327911963387
371.00001039505,-71.24453825682066,-71.24453825682066
371.0100103950501,-71.24580525715906,-71.24580525715906
371.02001039505006,-71.24708020527025,-71.24708020527025
371.03001039505006,-71.2483631842828,-71.2483631842828
371.04001039505005,-71.24965427581769,-71.24965427581769
371.05001039505004,-71.25095355999683,-71.25095355999683
371.06001039505,-71.25226111547492,-71.25226111547492
371.0700103950501,-71.2535770194054,-71.2535770194054
371.08001039505007,-71.2549013474925,-71.2549013474925
371.09001039505006,-71.25623417397259,-71.25623417397259
371.10001039505005,-71.25757557162288,-71.25757557162288
371.11001039505004,-71.25892561179167,-71.25892561179167
371.12001039505003,-71.26028436438331,-71.26028436438331
371.13001039505,-71.26165189787619,-71.26165189787619
371.14001039505007,-71.26302827933527,-71.26302827933527
371.15001039505006,-71.26441357442091,-71.26441357442091
371.16001039505005,-71.26580784739902,-71.26580784739902
371.17001039505004,-71.26721116114953,-71.26721116114953
371.18001039505003,-71.2686235771879,-71.2686235771879
371.19001039505,-71.27004515564259,-71.27004515564259
371.20001039505007,-71.27147595531908,-71.27147595531908
371.21001039505006,-71.27290982329724,-71.27290982329724
371.22001039505005,-71.27434410133681,-71.27434410133681
371.23001039505004,-71.27577752721224,-71.27577752721224
371.24001039505004,-71.27720948425298,-71.27720948425298
371.25001039505,-71.27863971487085,-71.27863971487085
371.2600103950501,-71.2800681717257,-71.2800681717257
371.27001039505006,-71.28149493041417,-71.28149493041417
371.28001039505006,-71.28292013699055,-71.28292013699055
371.29001039505005,-71.28434397641958,-71.28434397641958
371.30001039505004,-71.28576665364412,-71.28576665364412
371.31001039505,-71.28718838230024,-71.28718838230024
371.3200103950501,-71.28860937810252,-71.28860937810252
371.33001039505007,-71.29002985510019,-71.29002985510019
371.34001039505006,-71.29145002357876,-71.29145002357876
371.35001039505005,-71.2928700890886,-71.2928700890886
371.36001039505004,-71.29429025203714,-71.29429025203714
371.37001039505003,-71.29571070766661,-71.29571070766661
371.38001039505,-71.29713164621172,-71.29713164621172
371.39001039505007,-71.29855325319265,-71.29855325319265
371.40001039505006,-71.29997570970008,-71.29997570970008
371.41001039505005,-71.30139919272645,-71.30139919272645
371.42001039505004,-71.30282387546949,-71.30282387546949
371.43001039505003,-71.30424992761716,-71.30424992761716
371.44001039505,-71.30567751557896,-71.30567751557896
371.4500104188919,-71.307106806137,-71.307106806137
371.4600104188919,-71.30853795302379,-71.30853795302379
371.4700104188919,-71.30997111748239,-71.30997111748239
371.4800104188919,-71.31140645483111,-71.31140645483111
371.4900104188919,-71.31284411798387,-71.31284411798387
371.5000104188919,-71.31428425753624,-71.31428425753624
371.5100104188919,-71.31572702187701,-71.31572702187701
371.5200104188919,-71.31717255726872,-71.31717255726872
371.5300104188919,-71.31862100788653,-71.31862100788653
371.5400104188919,-71.32007251588887,-71.32007251588887
371.55001041889193,-71.32152722146076,-71.32152722146076
371.5600104188919,-71.32298526286088,-71.32298526286088
371.5700104188919,-71.32444677643552,-71.32444677643552
371.5800104188919,-71.32591189665872,-71.32591189665872
371.5900104188919,-71.32738075614262,-71.32738075614262
371.6000104188919,-71.32885348568551,-71.32885348568551
371.61001041889193,-71.33033021426328,-71.33033021426328
371.6200104188919,-71.33181106904175,-71.33181106904175
371.6300104188919,-71.33329617541743,-71.33329617541743
371.6400104188919,-71.33478565698938,-71.33478565698938
371.6500104188919,-71.33627963559766,-71.33627963559766
371.6600104188919,-71.33777823133299,-71.33777823133299
371.67001041889193,-71.3392815625188,-71.3392815625188
371.6800104188919,-71.340789745737,-71.340789745737
371.6900104188919,-71.34230289585443,-71.34230289585443
371.7000104188919,-71.3438211259823,-71.3438211259823
371.7100104188919,-71.34533833087927,-71.34533833087927
371.7200104188919,-71.3468519028724,-71.3468519028724
371.7300104188919,-71.34836063124551,-71.34836063124551
371.7400104188919,-71.34986395100493,-71.34986395100493
371.7500104188919,-71.35136165618405,-71.35136165618405
371.7600104188919,-71.35285375086781,-71.35285375086781
371.7700104188919,-71.35434036180355,-71.35434036180355
371.7800104188919,-71.35582168588446,-71.35582168588446
371.7900104188919,-71.3572979585816,-71.3572979585816
371.80001041889193,-71.3587694349654,-71.3587694349654
371.8100104188919,-71.36023637844798,-71.36023637844798
371.8200104188919,-71.36169905413337,-71.36169905413337
371.8300104188919,-71.36315772504871,-71.36315772504871
371.8400104188919,-71.36461265008677,-71.36461265008677
371.8500104188919,-71.36606408298067,-71.36606408298067
371.86001041889193,-71.36751227192235,-71.36751227192235
371.8700104188919,-71.36895745950146,-71.36895745950146
371.8800104188919,-71.37039988290593,-71.37039988290593
371.8900104188919,-71.37183977417318,-71.37183977417318
371.9000104188919,-71.37327736047959,-71.37327736047959
371.9100104188919,-71.37471286448147,-71.37471286448147
371.92001041889193,-71.37614650460559,-71.37614650460559
371.9300104188919,-71.37757849531069,-71.37757849531069
371.9400104188919,-71.37900904736902,-71.37900904736902
371.9500104188919,-71.38043836806165,-71.38043836806165
371.9600104188919,-71.38186666137769,-71.38186666137769
371.9700104188919,-71.38329412819704,-71.38329412819704
371.9800104188919,-71.38472096641026,-71.38472096641026
371.9900104188919,-71.3861473710517,-71.3861473710517
372.0000104188919,-71.38757353441984,-71.38757353441984
372.0100104188919,-71.38899964614562,-71.38899964614562
372.0200104188919,-71.39042589327691,-71.39042589327691
372.0300104188919,-71.39185246033584,-71.39185246033584
372.0400104188919,-71.39327952939286,-71.39327952939286
372.05001041889193,-71.39470728010394,-71.39470728010394
372.0600104188919,-71.39613588973984,-71.39613588973984
372.0700104188919,-71.39756553322395,-71.39756553322395
372.0800104188919,-71.39899638317542,-71.39899638317542
372.0900104188919,-71.40042860991085,-71.40042860991085
372.1000104188919,-71.40186238149506,-71.40186238149506
372.11001041889193,-71.40329786372682,-71.40329786372682
372.1200104188919,-71.40473522018085,-71.40473522018085
372.1300104188919,-71.40617461220126,-71.40617461220126
372.1400104188919,-71.40761619894924,-71.40761619894924
372.1500104188919,-71.40906013736794,-71.40906013736794
372.1600104188919,-71.41050658223672,-71.41050658223672
372.17001041889193,-71.41195568615618,-71.41195568615618
372.1800104188919,-71.41340759956697,-71.41340759956697
372.1900104188919,-71.41486247075565,-71.41486247075565
372.2000104188919,-71.41632044587027,-71.41632044587027
372.2100104188919,-71.41778166893582,-71.41778166893582
372.2200104188919,-71.41924628184398,-71.41924628184398
372.2300104188919,-71.42071442438724,-71.42071442438724
372.2400104188919,-71.42218623423591,-71.42218623423591
372.2500104188919,-71.42366184699122,-71.42366184699122
372.2600104188919,-71.42514139616662,-71.42514139616662
372.2700104188919,-71.42662501321009,-71.42662501321009
372.2800104188919,-71.42811282750617,-71.42811282750617
372.2900104188919,-71.42960496639007,-71.42960496639007
372.30001044273376,-71.431101558736,-71.431101558736
372.31001044273376,-71.4326027207146,-71.4326027207146
372.32001044273375,-71.43410857714655,-71.43410857714655
372.33001044273374,-71.43561924730905,-71.43561924730905
372.3400104427338,-71.43713484850029,-71.43713484850029
372.3500104427338,-71.43865549604607,-71.43865549604607
372.36001044273377,-71.44018130330865,-71.44018130330865
372.37001044273376,-71.44171238172623,-71.44171238172623
372.38001044273375,-71.44324884079589,-71.44324884079589
372.39001044273374,-71.444790788106,-71.444790788106
372.4000104427338,-71.44633832933712,-71.44633832933712
372.4100104427338,-71.44789156831672,-71.44789156831672
372.42001044273377,-71.44945060697171,-71.44945060697171
372.43001044273376,-71.45101554540072,-71.45101554540072
372.44001044273375,-71.4525864818709,-71.4525864818709
372.45001044273374,-71.45416351281385,-71.45416351281385
372.4600104427338,-71.4557405067159,-71.4557405067159
372.4700104427338,-71.45731483470962,-71.45731483470962
372.48001044273377,-71.4588852668205,-71.4588852668205
372.49001044273376,-71.46045121967623,-71.46045121967623
372.50001044273375,-71.46201246939475,-71.46201246939475
372.51001044273374,-71.46356900239947,-71.46356900239947
372.5200104427338,-71.46512092793604,-71.46512092793604
372.5300104427338,-71.46666842551012,-71.46666842551012
372.5400104427338,-71.46821171324558,-71.46821171324558
372.55001044273376,-71.46975102894082,-71.46975102894082
372.56001044273376,-71.47128661877275,-71.47128661877275
372.57001044273375,-71.47281873066343,-71.47281873066343
372.58001044273374,-71.47428275368749,-71.47428275368749
372.5900104427338,-71.47565741526513,-71.47565741526513
372.6000104427338,-71.47693575956532,-71.47693575956532
372.61001044273377,-71.47811549552989,-71.47811549552989
372.62001044273376,-71.47919606884007,-71.47919606884007
372.63001044273375,-71.48017766969367,-71.48017766969367
372.64001044273374,-71.48106085568777,-71.48106085568777
372.6500104427338,-71.4818463954078,-71.4818463954078
372.6600104427338,-71.48253519867578,-71.48253519867578
372.67001044273377,-71.4831282825086,-71.4831282825086
372.68001044273376,-71.48362675200913,-71.48362675200913
372.69001044273375,-71.48403178752322,-71.48403178752322
372.70001044273374,-71.4843446342829,-71.4843446342829
372.7100104427338,-71.48456659330205,-71.48456659330205
372.7200104427338,-71.48469901286587,-71.48469901286587
372.73001044273377,-71.48474328061471,-71.48474328061471
372.74001044273376,-71.48470081620681,-71.48470081620681
372.75001044273375,-71.48457306461077,-71.48457306461077
372.76001044273374,-71.4843614900442,-71.4843614900442
372.7700104427338,-71.48406757058609,-71.48406757058609
372.7800104427338,-71.48369279339902,-71.48369279339902
372.7900104427338,-71.48323865056818,-71.48323865056818
372.80001044273376,-71.48270663549026,-71.48270663549026
372.81001044273376,-71.48209823974219,-71.48209823974219
372.82001044273375,-71.48141495043666,-71.48141495043666
372.83001044273374,-71.4806582479473,-71.4806582479473
372.8400104427338,-71.47982960396578,-71.47982960396578
372.8500104427338,-71.47893047990551,-71.47893047990551
372.86001044273377,-71.4779623255241,-71.4779623255241
372.87001044273376,-71.47692657780688,-71.47692657780688
372.88001044273375,-71.47582466001383,-71.47582466001383
372.89001044273374,-71.4746579809095,-71.4746579809095
372.9000104427338,-71.47342793414863,-71.47342793414863
372.9100104427338,-71.47213589776868,-71.47213589776868
372.92001044273377,-71.47078323377706,-71.47078323377706
372.93001044273376,-71.46937128784582,-71.46937128784582
372.94001044273375,-71.46790138908423,-71.46790138908423
372.95001044273374,-71.46637484986897,-71.46637484986897
372.9600104427338,-71.46479296571034,-71.46479296571034
372.9700104427338,-71.46315701521428,-71.46315701521428
372.98001044273377,-71.46146826002575,-71.46146826002575
372.99001044273376,-71.45972794486347,-71.45972794486347
373.00001044273375,-71.4579372975347,-71.4579372975347
373.01001044273374,-71.45609752899938,-71.45609752899938
373.0200104427338,-71.4542098334663,-71.4542098334663
373.0300104427338,-71.45227538846488,-71.45227538846488
373.0400104427338,-71.45029535498358,-71.45029535498358
373.05001044273376,-71.44827087758404,-71.44827087758404
373.06001044273376,-71.4462030845394,-71.4462030845394
373.07001044273375,-71.44409308798308,-71.44409308798308
373.08001044273374,-71.44194198405656,-71.44194198405656
373.0900104427338,-71.43975085306303,-71.43975085306303
373.1000104427338,-71.43752075966184,-71.43752075966184
373.11001044273377,-71.43525275298629,-71.43525275298629
373.12001044273376,-71.43294786686033,-71.43294786686033
373.13001044273375,-71.43060711993964,-71.43060711993964
373.14001044273374,-71.42823151591188,-71.42823151591188
373.1500104665756,-71.42582203791147,-71.42582203791147
373.1600104665756,-71.42337967154475,-71.42337967154475
373.1700104665756,-71.42090537105933,-71.42090537105933
373.1800104665756,-71.41840008194872,-71.41840008194872
373.19001046657564,-71.415864735665,-71.415864735665
373.20001046657563,-71.41330024973028,-71.41330024973028
373.2100104665756,-71.41070752793524,-71.41070752793524
373.2200104665756,-71.40808746051897,-71.40808746051897
373.2300104665756,-71.40544092431932,-71.40544092431932
373.2400104665756,-71.40276878297473,-71.40276878297473
373.25001046657565,-71.40007188707017,-71.40007188707017
373.26001046657564,-71.39735107433144,-71.39735107433144
373.2700104665756,-71.3946071697808,-71.3946071697808
373.2800104665756,-71.39184098590528,-71.39184098590528
373.2900104665756,-71.38905332284347,-71.38905332284347
373.3000104665756,-71.38624496850423,-71.38624496850423
373.31001046657565,-71.38341669878943,-71.38341669878943
373.32001046657564,-71.38056927771036,-71.38056927771036
373.33001046657563,-71.37770345755872,-71.37770345755872
373.3400104665756,-71.3748199790765,-71.3748199790765
373.3500104665756,-71.37191957160384,-71.37191957160384
373.3600104665756,-71.36900295321837,-71.36900295321837
373.37001046657565,-71.36607083092045,-71.36607083092045
373.38001046657564,-71.363123900755,-71.363123900755
373.39001046657563,-71.36016284797826,-71.36016284797826
373.4000104665756,-71.35718834718394,-71.35718834718394
373.4100104665756,-71.35420106247201,-71.35420106247201
373.4200104665756,-71.35120164756744,-71.35120164756744
373.4300104665756,-71.34819074599433,-71.34819074599433
373.44001046657564,-71.34516899118432,-71.34516899118432
373.45001046657563,-71.34213700661986,-71.34213700661986
373.4600104665756,-71.33909540599133,-71.33909540599133
373.4700104665756,-71.33604479330651,-71.33604479330651
373.4800104665756,-71.33298576303216,-71.33298576303216
373.4900104665756,-71.32991890022869,-71.32991890022869
373.50001046657565,-71.32684478067988,-71.32684478067988
373.51001046657564,-71.32376397100003,-71.32376397100003
373.5200104665756,-71.32067702879844,-71.32067702879844
373.5300104665756,-71.31758450275751,-71.31758450275751
373.5400104665756,-71.3144869327948,-71.3144869327948
373.5500104665756,-71.31138485016423,-71.31138485016423
373.56001046657565,-71.30827877756046,-71.30827877756046
373.57001046657564,-71.30516922928116,-71.30516922928116
373.58001046657563,-71.30205671129974,-71.30205671129974
373.5900104665756,-71.29894172139242,-71.29894172139242
373.6000104665756,-71.2958247492561,-71.2958247492561
373.6100104665756,-71.29270627661963,-71.29270627661963
373.62001046657565,-71.28958677735427,-71.28958677735427
373.63001046657564,-71.28646671757214,-71.28646671757214
373.64001046657563,-71.2833465557504,-71.2833465557504
373.6500104665756,-71.28022674281954,-71.28022674281954
373.6600104665756,-71.27710772227115,-71.27710772227115
373.6700104665756,-71.27398993026263,-71.27398993026263
373.6800104665756,-71.27087379572403,-71.27087379572403
373.69001046657564,-71.26775974045347,-71.26775974045347
373.70001046657563,-71.26464817922098,-71.26464817922098
373.7100104665756,-71.26153951984412,-71.26153951984412
373.7200104665756,-71.25843416331307,-71.25843416331307
373.7300104665756,-71.25533250387184,-71.25533250387184
373.7400104665756,-71.2522349290986,-71.2522349290986
373.75001046657565,-71.24914182002738,-71.24914182002738
373.76001046657564,-71.24605355121477,-71.24605355121477
373.7700104665756,-71.2429704908343,-71.2429704908343
373.7800104665756,-71.2398930007719,-71.2398930007719
373.7900104665756,-71.2368214367088,-71.2368214367088
373.8000104665756,-71.23375614820254,-71.23375614820254
373.81001046657565,-71.23069747878496,-71.23069747878496
373.82001046657564,-71.22764576603502,-71.22764576603502
373.83001046657563,-71.22460134165637,-71.22460134165637
373.8400104665756,-71.22156453157562,-71.22156453157562
373.8500104665756,-71.21853565601755,-71.21853565601755
373.8600104665756,-71.21551502956599,-71.21551502956599
373.87001046657565,-71.21250296126647,-71.21250296126647
373.88001046657564,-71.20949975469317,-71.20949975469317
373.89001046657563,-71.2065057080203,-71.2065057080203
373.9000104665756,-71.2035211141173,-71.2035211141173
373.9100104665756,-71.20054626058325,-71.20054626058325
373.9200104665756,-71.1975814298689,-71.1975814298689
373.9300104665756,-71.19462689931049,-71.19462689931049
373.94001046657564,-71.19168294121525,-71.19168294121525
373.95001046657563,-71.18874982293937,-71.18874982293937
373.9600104665756,-71.18582780694155,-71.18582780694155
373.9700104665756,-71.18291715086532,-71.18291715086532
373.9800104665756,-71.18001810758966,-71.18001810758966
373.9900104665756,-71.17713092531774,-71.17713092531774
374.0000104904175,-71.17425584077094,-71.17425584077094
374.01001049041747,-71.17139310670017,-71.17139310670017
374.02001049041746,-71.16854295075171,-71.16854295075171
374.03001049041745,-71.16570560301379,-71.16570560301379
374.0400104904175,-71.16288128920864,-71.16288128920864
374.0500104904175,-71.16007023076105,-71.16007023076105
374.0600104904175,-71.15727264483384,-71.15727264483384
374.0700104904175,-71.15448874441559,-71.15448874441559
374.08001049041746,-71.15171873835811,-71.15171873835811
374.09001049041746,-71.14896283144164,-71.14896283144164
374.1000104904175,-71.14622122442978,-71.14622122442978
374.1100104904175,-71.14349411415269,-71.14349411415269
374.1200104904175,-71.14078169350567,-71.14078169350567
374.1300104904175,-71.13808415155486,-71.13808415155486
374.14001049041747,-71.1354016735763,-71.1354016735763
374.15001049041746,-71.132734441108,-71.132734441108
374.1600104904175,-71.13008263199085,-71.13008263199085
374.1700104904175,-71.12744642044251,-71.12744642044251
374.1800104904175,-71.12482597708076,-71.12482597708076
374.1900104904175,-71.1222214690213,-71.1222214690213
374.20001049041747,-71.11963305987305,-71.11963305987305
374.21001049041746,-71.11706090981495,-71.11706090981495
374.2200104904175,-71.11450517565542,-71.11450517565542
374.2300104904175,-71.11196601085264,-71.11196601085264
374.2400104904175,-71.10944356557562,-71.10944356557562
374.2500104904175,-71.10693798676202,-71.10693798676202
374.26001049041747,-71.10444941813681,-71.10444941813681
374.27001049041746,-71.1019780002981,-71.1019780002981
374.28001049041745,-71.09952387071057,-71.09952387071057
374.2900104904175,-71.09708716379419,-71.09708716379419
374.3000104904175,-71.09466801094159,-71.09466801094159
374.3100104904175,-71.09226654057453,-71.09226654057453
374.3200104904175,-71.08988287817368,-71.08988287817368
374.33001049041746,-71.0875171463446,-71.0875171463446
374.34001049041746,-71.08516946482663,-71.08516946482663
374.3500104904175,-71.08283995056063,-71.08283995056063
374.3600104904175,-71.0805287177086,-71.0805287177086
374.3700104904175,-71.07823587770966,-71.07823587770966
374.3800104904175,-71.07596153931541,-71.07596153931541
374.39001049041747,-71.07370580861514,-71.07370580861514
374.40001049041746,-71.07146878907962,-71.07146878907962
374.4100104904175,-71.06925058162336,-71.06925058162336
374.4200104904175,-71.06705128460094,-71.06705128460094
374.4300104904175,-71.0648709938858,-71.0648709938858
374.4400104904175,-71.0627098028635,-71.0627098028635
374.45001049041747,-71.06056780249185,-71.06056780249185
374.46001049041746,-71.05843888934986,-71.05843888934986
374.4700104904175,-71.0563204436957,-71.0563204436957
374.4800104904175,-71.05421123673176,-71.05421123673176
374.4900104904175,-71.052110682324,-71.052110682324
374.5000104904175,-71.05001855145316,-71.05001855145316
374.51001049041747,-71.04793482389563,-71.04793482389563
374.52001049041746,-71.04585960123136,-71.04585960123136
374.53001049041745,-71.04379305452433,-71.04379305452433
374.5400104904175,-71.04173539286218,-71.04173539286218
374.5500104904175,-71.0396868444883,-71.0396868444883
374.5600104904175,-71.03764764553968,-71.03764764553968
374.5700104904175,-71.035618033448,-71.035618033448
374.58001049041746,-71.03359824320462,-71.03359824320462
374.59001049041746,-71.03158850529064,-71.03158850529064
374.6000104904175,-71.02958904467786,-71.02958904467786
374.6100104904175,-71.02760008045595,-71.02760008045595
374.6200104904175,-71.025621825808,-71.025621825808
374.6300104904175,-71.02365448818428,-71.02365448818428
374.64001049041747,-71.02169826957987,-71.02169826957987
374.65001049041746,-71.0197533668667,-71.0197533668667
374.6600104904175,-71.01781997210887,-71.01781997210887
374.6700104904175,-71.01589827287599,-71.01589827287599
374.6800104904175,-71.01398845254323,-71.01398845254323
374.6900104904175,-71.0120906905451,-71.0120906905451
374.70001049041747,-71.01020516262454,-71.01020516262454
374.71001049041746,-71.0083258534003,-71.0083258534003
374.7200104904175,-71.00645022763763,-71.00645022763763
374.7300104904175,-71.00457713918722,-71.00457713918722
374.7400104904175,-71.00270608339189,-71.00270608339189
374.7500104904175,-71.00083691184193,-71.00083691184193
374.76001049041747,-70.99896968421905,-70.99896968421905
374.77001049041746,-70.99710458141816,-70.99710458141816
374.78001049041745,-70.99524185334342,-70.99524185334342
374.7900104904175,-70.99338178746595,-70.99338178746595
374.8000104904175,-70.99152469002367,-70.99152469002367
374.8100104904175,-70.98967087474838,-70.98967087474838
374.8200104904175,-70.9878206563321,-70.9878206563321
374.83001049041746,-70.98597434663574,-70.98597434663574
374.84001049041746,-70.98413225266066,-70.98413225266066
374.85001051425934,-70.98229467117206,-70.98229467117206
374.86001051425933,-70.980461905825,-70.980461905825
374.8700105142593,-70.97863424082942,-70.97863424082942
374.8800105142593,-70.97681195868395,-70.97681195868395
374.89001051425936,-70.9749953360314,-70.9749953360314
374.90001051425935,-70.97318464398438,-70.97318464398438
374.91001051425934,-70.97138014842251,-70.97138014842251
374.92001051425933,-70.96958211030959,-70.96958211030959
374.9300105142593,-70.96779078597115,-70.96779078597115
374.9400105142593,-70.96599778819439,-70.96599778819439
374.95001051425936,-70.96419333464698,-70.96419333464698
374.96001051425935,-70.96236900629255,-70.96236900629255
374.97001051425934,-70.96051800114166,-70.96051800114166
374.98001051425933,-70.95863480279627,-70.95863480279627
374.9900105142593,-70.9567148538121,-70.9567148538121
375.0000105142593,-70.95475432993206,-70.95475432993206
375.01001051425936,-70.95274999441241,-70.95274999441241
375.02001051425935,-70.9506991013791,-70.9506991013791
375.03001051425935,-70.94859932705249,-70.94859932705249
375.04001051425934,-70.94644871682306,-70.94644871682306
375.0500105142593,-70.94424564194578,-70.94424564194578
375.0600105142593,-70.94198876262855,-70.94198876262855
375.07001051425937,-70.93967699576027,-70.93967699576027
375.08001051425936,-70.93730948645394,-70.93730948645394
375.09001051425935,-70.93488558279657,-70.93488558279657
375.10001051425934,-70.93240481338884,-70.93240481338884
375.11001051425933,-70.92986686740831,-70.92986686740831
375.1200105142593,-70.9272715768722,-70.9272715768722
375.1300105142593,-70.92461890089392,-70.92461890089392
375.14001051425936,-70.92190891172794,-70.92190891172794
375.15001051425935,-70.91914178231252,-70.91914178231252
375.16001051425934,-70.91631777525599,-70.91631777525599
375.17001051425933,-70.91343723303676,-70.91343723303676
375.1800105142593,-70.91050056924378,-70.91050056924378
375.1900105142593,-70.90750826081879,-70.90750826081879
375.20001051425936,-70.90446084109988,-70.90446084109988
375.21001051425935,-70.90135889362217,-70.90135889362217
375.22001051425934,-70.89820304655895,-70.89820304655895
375.23001051425933,-70.89499396775713,-70.89499396775713
375.2400105142593,-70.89173236026052,-70.89173236026052
375.2500105142593,-70.88841895829668,-70.88841895829668
375.26001051425936,-70.88505452365439,-70.88505452365439
375.27001051425935,-70.88163984243164,-70.88163984243164
375.28001051425935,-70.87817572206416,-70.87817572206416
375.29001051425934,-70.87466298867763,-70.87466298867763
375.3000105142593,-70.87110248465287,-70.87110248465287
375.3100105142593,-70.86749506643697,-70.86749506643697
375.32001051425937,-70.86384160254023,-70.86384160254023
375.33001051425936,-70.86014297172521,-70.86014297172521
375.34001051425935,-70.85640006133647,-70.85640006133647
375.35001051425934,-70.85261376580509,-70.85261376580509
375.36001051425933,-70.84878498525849,-70.84878498525849
375.3700105142593,-70.84491462425467,-70.84491462425467
375.3800105142593,-70.84100359062293,-70.84100359062293
375.39001051425936,-70.83705279440719,-70.83705279440719
375.40001051425935,-70.83306314691168,-70.83306314691168
375.41001051425934,-70.8290355597746,-70.8290355597746
375.42001051425933,-70.82497094416556,-70.82497094416556
375.4300105142593,-70.82087021004182,-70.82087021004182
375.4400105142593,-70.81673426544648,-70.81673426544648
375.45001051425936,-70.81256401588696,-70.81256401588696
375.46001051425935,-70.80836036372632,-70.80836036372632
375.47001051425934,-70.8041242076573,-70.8041242076573
375.48001051425933,-70.79985644222879,-70.79985644222879
375.4900105142593,-70.79555795735833,-70.79555795735833
375.5000105142593,-70.79122963793631,-70.79122963793631
375.51001051425936,-70.78687236344796,-70.78687236344796
375.52001051425935,-70.78248700760437,-70.78248700760437
375.53001051425935,-70.77807443802807,-70.77807443802807
375.54001051425934,-70.77363551596466,-70.77363551596466
375.5500105142593,-70.7691710960089,-70.7691710960089
375.5600105142593,-70.76468202585633,-70.76468202585633
375.57001051425937,-70.76016914608017,-70.76016914608017
375.58001051425936,-70.75563328993262,-70.75563328993262
375.59001051425935,-70.75107528314817,-70.75107528314817
375.60001051425934,-70.74649594377689,-70.74649594377689
375.61001051425933,-70.74189608205013,-70.74189608205013
375.6200105142593,-70.73727650022875,-70.73727650022875
375.6300105142593,-70.73263799248598,-70.73263799248598
375.64001051425936,-70.72798134479224,-70.72798134479224
375.65001051425935,-70.72330733484003,-70.72330733484003
375.66001051425934,-70.71861673192278,-70.71861673192278
375.67001051425933,-70.71391029691316,-70.71391029691316
375.6800105142593,-70.70918878214918,-70.70918878214918
375.6900105142593,-70.70445293140945,-70.70445293140945
375.7000105381012,-70.69970346854421,-70.69970346854421
375.7100105381012,-70.69493498478832,-70.69493498478832
375.7200105381012,-70.69014549653106,-70.69014549653106
375.73001053810117,-70.68533441032285,-70.68533441032285
375.7400105381012,-70.68050176726449,-70.68050176726449
375.7500105381012,-70.67564795861486,-70.67564795861486
375.7600105381012,-70.6707735777872,-70.6707735777872
375.7700105381012,-70.66587933345569,-70.66587933345569
375.7800105381012,-70.66096599721492,-70.66096599721492
375.79001053810117,-70.65603437206653,-70.65603437206653
375.8000105381012,-70.65108527347903,-70.65108527347903
375.8100105381012,-70.64611951811182,-70.64611951811182
375.8200105381012,-70.64113791715044,-70.64113791715044
375.8300105381012,-70.63614127256167,-70.63614127256167
375.8400105381012,-70.6311303750183,-70.6311303750183
375.8500105381012,-70.62610600291515,-70.62610600291515
375.8600105381012,-70.62106892198176,-70.62106892198176
375.8700105381012,-70.61601988527667,-70.61601988527667
375.8800105381012,-70.61095963340868,-70.61095963340868
375.8900105381012,-70.60588889482234,-70.60588889482234
375.9000105381012,-70.60080838617606,-70.60080838617606
375.9100105381012,-70.59571881265705,-70.59571881265705
375.9200105381012,-70.59062086839224,-70.59062086839224
375.9300105381012,-70.58551523671234,-70.58551523671234
375.9400105381012,-70.5804025905182,-70.5804025905182
375.9500105381012,-70.57528359251279,-70.57528359251279
375.9600105381012,-70.57015889546572,-70.57015889546572
375.9700105381012,-70.565029142431,-70.565029142431
375.98001053810117,-70.55989496697914,-70.55989496697914
375.9900105381012,-70.55475699332693,-70.55475699332693
376.0000105381012,-70.54961583654901,-70.54961583654901
376.0100105381012,-70.54447210271003,-70.54447210271003
376.0200105381012,-70.53932638899632,-70.53932638899632
376.0300105381012,-70.53417928385885,-70.53417928385885
376.04001053810117,-70.5290313671027,-70.5290313671027
376.0500105381012,-70.52388321002867,-70.52388321002867
376.0600105381012,-70.51873537550978,-70.51873537550978
376.0700105381012,-70.51358841809187,-70.51358841809187
376.0800105381012,-70.50844288409131,-70.50844288409131
376.0900105381012,-70.50329931169428,-70.50329931169428
376.1000105381012,-70.49815823100919,-70.49815823100919
376.1100105381012,-70.49302016416998,-70.49302016416998
376.1200105381012,-70.48788562542646,-70.48788562542646
376.1300105381012,-70.48275512119795,-70.48275512119795
376.1400105381012,-70.47762915015255,-70.47762915015255
376.1500105381012,-70.47250820329866,-70.47250820329866
376.1600105381012,-70.46739276404865,-70.46739276404865
376.1700105381012,-70.46228330829257,-70.46228330829257
376.1800105381012,-70.45718030446854,-70.45718030446854
376.1900105381012,-70.45208421364306,-70.45208421364306
376.2000105381012,-70.44699548957345,-70.44699548957345
376.2100105381012,-70.44191457879043,-70.44191457879043
376.2200105381012,-70.43684192065453,-70.43684192065453
376.23001053810117,-70.43177794744368,-70.43177794744368
376.2400105381012,-70.42672308441402,-70.42672308441402
376.2500105381012,-70.42167774987004,-70.42167774987004
376.2600105381012,-70.41664235524517,-70.41664235524517
376.2700105381012,-70.41161730516939,-70.41161730516939
376.2800105381012,-70.40660299752577,-70.40660299752577
376.29001053810117,-70.40159982353875,-70.40159982353875
376.3000105381012,-70.39660816785057,-70.39660816785057
376.3100105381012,-70.3916284085724,-70.3916284085724
376.3200105381012,-70.38666091735183,-70.38666091735183
376.3300105381012,-70.38170605946685,-70.38170605946685
376.3400105381012,-70.37676419388978,-70.37676419388978
376.3500105381012,-70.3718356733423,-70.3718356733423
376.3600105381012,-70.36692084438144,-70.36692084438144
376.3700105381012,-70.36202004745017,-70.36202004745017
376.3800105381012,-70.35713361697731,-70.35713361697731
376.3900105381012,-70.35226188141256,-70.35226188141256
376.4000105381012,-70.34740516333322,-70.34740516333322
376.4100105381012,-70.3425637794808,-70.3425637794808
376.4200105381012,-70.33773804084083,-70.33773804084083
376.4300105381012,-70.33292825271626,-70.33292825271626
376.4400105381012,-70.32813471479588,-70.32813471479588
376.4500105381012,-70.32335772122055,-70.32335772122055
376.4600105381012,-70.31859756063277,-70.31859756063277
376.4700105381012,-70.31385451628009,-70.31385451628009
376.48001053810117,-70.30912886604268,-70.30912886604268
376.4900105381012,-70.30442088253507,-70.30442088253507
376.5000105381012,-70.29973083314805,-70.29973083314805
376.5100105381012,-70.29505898011746,-70.29505898011746
376.5200105381012,-70.29040558060682,-70.29040558060682
376.5300105381012,-70.2857708867474,-70.2857708867474
376.54001053810117,-70.28115514572278,-70.28115514572278
376.55001056194305,-70.27655858887863,-70.27655858887863
376.56001056194305,-70.27198147561731,-70.27198147561731
376.57001056194304,-70.2674240276245,-70.2674240276245
376.580010561943,-70.26288647288955,-70.26288647288955
376.5900105619431,-70.25836903475503,-70.25836903475503
376.60001056194307,-70.2538719320023,-70.2538719320023
376.61001056194306,-70.2493953788729,-70.2493953788729
376.62001056194305,-70.24493958515286,-70.24493958515286
376.63001056194304,-70.24050475623442,-70.24050475623442
376.64001056194303,-70.23609109316646,-70.23609109316646
376.6500105619431,-70.231698792715,-70.231698792715
376.66001056194307,-70.22732804740966,-70.22732804740966
376.67001056194306,-70.22297904564137,-70.22297904564137
376.68001056194305,-70.21865197167175,-70.21865197167175
376.69001056194304,-70.21434700571125,-70.21434700571125
376.70001056194303,-70.21006432397678,-70.21006432397678
376.7100105619431,-70.20580409874457,-70.20580409874457
376.72001056194307,-70.20156649840715,-70.20156649840715
376.73001056194306,-70.19735168751218,-70.19735168751218
376.74001056194305,-70.19315982684324,-70.19315982684324
376.75001056194304,-70.1889910734479,-70.1889910734479
376.76001056194303,-70.18484558070227,-70.18484558070227
376.7700105619431,-70.1807234983577,-70.1807234983577
376.7800105619431,-70.17662497260126,-70.17662497260126
376.79001056194306,-70.17255014609084,-70.17255014609084
376.80001056194305,-70.16849915802709,-70.16849915802709
376.81001056194305,-70.1644721441763,-70.1644721441763
376.82001056194304,-70.16046923694196,-70.16046923694196
376.830010561943,-70.15649056539989,-70.15649056539989
376.8400105619431,-70.15253625535978,-70.15253625535978
376.85001056194307,-70.14860642939327,-70.14860642939327
376.86001056194306,-70.14470120689495,-70.14470120689495
376.87001056194305,-70.14082070412613,-70.14082070412613
376.88001056194304,-70.13696503425517,-70.13696503425517
376.89001056194303,-70.13313430740466,-70.13313430740466
376.9000105619431,-70.12932863069696,-70.12932863069696
376.91001056194307,-70.1255481083086,-70.1255481083086
376.92001056194306,-70.12179284148891,-70.12179284148891
376.93001056194305,-70.11806292863395,-70.11806292863395
376.94001056194304,-70.11435846529864,-70.11435846529864
376.95001056194303,-70.11067954425248,-70.11067954425248
376.9600105619431,-70.10702625553053,-70.10702625553053
376.97001056194307,-70.10339868644968,-70.10339868644968
376.98001056194306,-70.09979692168358,-70.09979692168358
376.99001056194305,-70.09622104326579,-70.09622104326579
377.00001056194304,-70.09267113064269,-70.09267113064269
377.01001056194303,-70.08914726072892,-70.08914726072892
377.0200105619431,-70.08564950792022,-70.08564950792022
377.0300105619431,-70.08217794415432,-70.08217794415432
377.04001056194306,-70.07873263892009,-70.07873263892009
377.05001056194305,-70.07531365932,-70.07531365932
377.06001056194305,-70.07192107009237,-70.07192107009237
377.07001056194304,-70.06855493364685,-70.06855493364685
377.080010561943,-70.06521531011853,-70.06521531011853
377.0900105619431,-70.0619022573754,-70.0619022573754
377.10001056194307,-70.05861583106929,-70.05861583106929
377.11001056194306,-70.05535608467073,-70.05535608467073
377.12001056194305,-70.05212306948597,-70.05212306948597
377.13001056194304,-70.04891683470504,-70.04891683470504
377.14001056194303,-70.04573742744034,-70.04573742744034
377.1500105619431,-70.04258489272948,-70.04258489272948
377.16001056194307,-70.03945927360509,-70.03945927360509
377.17001056194306,-70.0363606110955,-70.0363606110955
377.18001056194305,-70.0332889442804,-70.0332889442804
377.19001056194304,-70.03024431028537,-70.03024431028537
377.20001056194303,-70.02722674435702,-70.02722674435702
377.2100105619431,-70.02423627985121,-70.02423627985121
377.22001056194307,-70.02127294829548,-70.02127294829548
377.23001056194306,-70.01833677939625,-70.01833677939625
377.24001056194305,-70.01542780106992,-70.01542780106992
377.25001056194304,-70.01254603947622,-70.01254603947622
377.26001056194303,-70.00969151905362,-70.00969151905362
377.2700105619431,-70.00686426252557,-70.00686426252557
377.2800105619431,-70.00406429094821,-70.00406429094821
377.29001056194306,-70.0012916237119,-70.0012916237119
377.30001056194305,-69.99854627859038,-69.99854627859038
377.31001056194305,-69.99582827176457,-69.99582827176457
377.32001056194304,-69.99313761783667,-69.99313761783667
377.330010561943,-69.99047432986293,-69.99047432986293
377.3400105619431,-69.98783841936249,-69.98783841936249
377.35001056194307,-69.98522989637203,-69.98522989637203
377.36001056194306,-69.9826487694407,-69.9826487694407
377.37001056194305,-69.98009504566656,-69.98009504566656
377.38001056194304,-69.97756873072522,-69.97756873072522
377.39001056194303,-69.97506982887926,-69.97506982887926
377.4000105857849,-69.97259833712451,-69.97259833712451
377.4100105857849,-69.97015426882791,-69.97015426882791
377.4200105857849,-69.96773761819135,-69.96773761819135
377.4300105857849,-69.9653483840797,-69.9653483840797
377.44001058578493,-69.96298656405995,-69.96298656405995
377.4500105857849,-69.9606521544226,-69.9606521544226
377.4600105857849,-69.95833905508071,-69.95833905508071
377.4700105857849,-69.95604459488274,-69.95604459488274
377.4800105857849,-69.95376747487705,-69.95376747487705
377.4900105857849,-69.95150703193505,-69.95150703193505
377.50001058578493,-69.94926295721253,-69.94926295721253
377.5100105857849,-69.94703514955354,-69.94703514955354
377.5200105857849,-69.94482362932494,-69.94482362932494
377.5300105857849,-69.94262848656307,-69.94262848656307
377.5400105857849,-69.9404498497358,-69.9404498497358
377.5500105857849,-69.93828786695389,-69.93828786695389
377.56001058578494,-69.93614269479606,-69.93614269479606
377.5700105857849,-69.93401449174598,-69.93401449174598
377.5800105857849,-69.93190341440732,-69.93190341440732
377.5900105857849,-69.92980961551196,-69.92980961551196
377.6000105857849,-69.9277332429037,-69.9277332429037
377.6100105857849,-69.92567443916012,-69.92567443916012
377.62001058578494,-69.92363334156917,-69.92363334156917
377.63001058578493,-69.92161008234515,-69.92161008234515
377.6400105857849,-69.91960478888612,-69.91960478888612
377.6500105857849,-69.91761758409443,-69.91761758409443
377.6600105857849,-69.91564858673784,-69.91564858673784
377.6700105857849,-69.91369791173614,-69.91369791173614
377.6800105857849,-69.9117656704856,-69.9117656704856
377.69001058578493,-69.90985197109771,-69.90985197109771
377.7000105857849,-69.90795691864585,-69.90795691864585
377.7100105857849,-69.90608061538525,-69.90608061538525
377.7200105857849,-69.90422316090732,-69.90422316090732
377.7300105857849,-69.9023846523201,-69.9023846523201
377.7400105857849,-69.90056518436559,-69.90056518436559
377.75001058578493,-69.89876484954873,-69.89876484954873
377.7600105857849,-69.89698373822213,-69.89698373822213
377.7700105857849,-69.89522193868491,-69.89522193868491
377.7800105857849,-69.89347953724574,-69.89347953724574
377.7900105857849,-69.8917566182883,-69.8917566182883
377.8000105857849,-69.89005326431479,-69.89005326431479
377.81001058578494,-69.88836955601465,-69.88836955601465
377.8200105857849,-69.88670557227144,-69.88670557227144
377.8300105857849,-69.88506139023599,-69.88506139023599
377.8400105857849,-69.88343708530499,-69.88343708530499
377.8500105857849,-69.88183273118307,-69.88183273118307
377.8600105857849,-69.88024839990135,-69.88024839990135
377.87001058578494,-69.87868416180528,-69.87868416180528
377.88001058578493,-69.87714008561241,-69.87714008561241
377.8900105857849,-69.8756162384032,-69.8756162384032
377.9000105857849,-69.8741126856361,-69.8741126856361
377.9100105857849,-69.87262949116808,-69.87262949116808
377.9200105857849,-69.87116671725687,-69.87116671725687
377.9300105857849,-69.86972442457451,-69.86972442457451
377.94001058578493,-69.86830267221484,-69.86830267221484
377.9500105857849,-69.86690151770605,-69.86690151770605
377.9600105857849,-69.86552101703028,-69.86552101703028
377.9700105857849,-69.86416122459977,-69.86416122459977
377.9800105857849,-69.86282219329667,-69.86282219329667
377.9900105857849,-69.86150397446984,-69.86150397446984
378.00001058578493,-69.86020661795051,-69.86020661795051
378.0100105857849,-69.85893017205049,-69.85893017205049
378.0200105857849,-69.85767468357076,-69.85767468357076
378.0300105857849,-69.85644019782062,-69.85644019782062
378.0400105857849,-69.8552267586247,-69.8552267586247
378.0500105857849,-69.85403440832496,-69.85403440832496
378.06001058578494,-69.85286318779414,-69.85286318779414
378.0700105857849,-69.85171313644828,-69.85171313644828
378.0800105857849,-69.85058429225559,-69.85058429225559
378.0900105857849,-69.84947669174066,-69.84947669174066
378.1000105857849,-69.8483903700094,-69.8483903700094
378.1100105857849,-69.84732536073943,-69.84732536073943
378.12001058578494,-69.84628169620079,-69.84628169620079
378.13001058578493,-69.84525940727364,-69.84525940727364
378.1400105857849,-69.84425852345325,-69.84425852345325
378.1500105857849,-69.84327907285643,-69.84327907285643
378.1600105857849,-69.84232108224131,-69.84232108224131
378.1700105857849,-69.84138457702464,-69.84138457702464
378.1800105857849,-69.84046958127831,-69.84046958127831
378.19001058578493,-69.83957611774967,-69.83957611774967
378.2000105857849,-69.83870420786776,-69.83870420786776
378.2100105857849,-69.83785387176992,-69.83785387176992
378.2200105857849,-69.83702512830479,-69.83702512830479
378.2300105857849,-69.83621799504557,-69.83621799504557
378.2400105857849,-69.83543248829938,-69.83543248829938
378.25001060962677,-69.83466862131826,-69.83466862131826
378.26001060962676,-69.8339264116242,-69.8339264116242
378.27001060962675,-69.83320586993482,-69.83320586993482
378.28001060962674,-69.83250700764152,-69.83250700764152
378.2900106096268,-69.83182983495607,-69.83182983495607
378.3000106096268,-69.83117436089421,-69.83117436089421
378.3100106096268,-69.83054059330148,-69.83054059330148
378.32001060962676,-69.82992853888416,-69.82992853888416
378.33001060962675,-69.8293382031816,-69.8293382031816
378.34001060962675,-69.82876959063034,-69.82876959063034
378.3500106096268,-69.82822270454704,-69.82822270454704
378.3600106096268,-69.82769754713135,-69.82769754713135
378.3700106096268,-69.82719411951423,-69.82719411951423
378.38001060962677,-69.82671242175158,-69.82671242175158
378.39001060962676,-69.82625245283158,-69.82625245283158
378.40001060962675,-69.82581421069658,-69.82581421069658
378.4100106096268,-69.82539769226898,-69.82539769226898
378.4200106096268,-69.82500289344591,-69.82500289344591
378.4300106096268,-69.82462980910765,-69.82462980910765
378.44001060962677,-69.8242784331609,-69.8242784331609
378.45001060962676,-69.82394875853466,-69.82394875853466
378.46001060962675,-69.82364077717925,-69.82364077717925
378.4700106096268,-69.82335448009714,-69.82335448009714
378.4800106096268,-69.82308985736601,-69.82308985736601
378.4900106096268,-69.82284689811993,-69.82284689811993
378.50001060962677,-69.8226255905969,-69.8226255905969
378.51001060962676,-69.82242592212819,-69.82242592212819
378.52001060962675,-69.82224787916469,-69.82224787916469
378.53001060962674,-69.82209144727702,-69.82209144727702
378.5400106096268,-69.82195661118693,-69.82195661118693
378.5500106096268,-69.8218433547625,-69.8218433547625
378.5600106096268,-69.82175166104169,-69.82175166104169
378.57001060962676,-69.82168151222587,-69.82168151222587
378.58001060962675,-69.82163288973037,-69.82163288973037
378.59001060962675,-69.82160577415735,-69.82160577415735
378.6000106096268,-69.82160014533461,-69.82160014533461
378.6100106096268,-69.82161598231745,-69.82161598231745
378.6200106096268,-69.82165326339111,-69.82165326339111
378.63001060962677,-69.82171196610592,-69.82171196610592
378.64001060962676,-69.8217920672657,-69.8217920672657
378.65001060962675,-69.82189354295684,-69.82189354295684
378.6600106096268,-69.82201636855098,-69.82201636855098
378.6700106096268,-69.82216051871562,-69.82216051871562
378.6800106096268,-69.82232596743796,-69.82232596743796
378.69001060962677,-69.82251268801431,-69.82251268801431
378.70001060962676,-69.82272065308031,-69.82272065308031
378.71001060962675,-69.82294983462222,-69.82294983462222
378.7200106096268,-69.8232002039667,-69.8232002039667
378.7300106096268,-69.8234717318272,-69.8234717318272
378.7400106096268,-69.82376438827973,-69.82376438827973
378.75001060962677,-69.8240781427907,-69.8240781427907
378.76001060962676,-69.82441296422223,-69.82441296422223
378.77001060962675,-69.824768820848,-69.824768820848
378.78001060962674,-69.82514568037315,-69.82514568037315
378.7900106096268,-69.82554350990372,-69.82554350990372
378.8000106096268,-69.82596227601533,-69.82596227601533
378.8100106096268,-69.82640194471581,-69.82640194471581
378.82001060962676,-69.82686248147215,-69.82686248147215
378.83001060962675,-69.82734385122892,-69.82734385122892
378.84001060962675,-69.82784601840874,-69.82784601840874
378.8500106096268,-69.82836894691715,-69.82836894691715
378.8600106096268,-69.8289126001594,-69.8289126001594
378.8700106096268,-69.82947694104922,-69.82947694104922
378.88001060962677,-69.83006193201456,-69.83006193201456
378.89001060962676,-69.83066753501848,-69.83066753501848
378.90001060962675,-69.83129371153846,-69.83129371153846
378.9100106096268,-69.8319404226151,-69.8319404226151
378.9200106096268,-69.83260762883374,-69.83260762883374
378.9300106096268,-69.83329529033969,-69.83329529033969
378.94001060962677,-69.83400336684579,-69.83400336684579
378.95001060962676,-69.83473181764757,-69.83473181764757
378.96001060962675,-69.83548060162482,-69.83548060162482
378.9700106096268,-69.83624967725463,-69.83624967725463
378.9800106096268,-69.83703900261102,-69.83703900261102
378.9900106096268,-69.83784853537993,-69.83784853537993
379.00001060962677,-69.8386782328616,-69.8386782328616
379.01001060962676,-69.83952805199682,-69.83952805199682
379.02001060962675,-69.8403979493478,-69.8403979493478
379.03001060962674,-69.84128788112477,-69.84128788112477
379.0400106096268,-69.842197803175,-69.842197803175
379.0500106096268,-69.84312767102705,-69.84312767102705
379.0600106096268,-69.84407743984175,-69.84407743984175
379.07001060962676,-69.84504706447872,-69.84504706447872
379.08001060962675,-69.84603649945849,-69.84603649945849
379.09001060962675,-69.84704569899972,-69.84704569899972
379.1000106334686,-69.84807461945056,-69.84807461945056
379.1100106334686,-69.84912320957875,-69.84912320957875
379.1200106334686,-69.85019142506015,-69.85019142506015
379.1300106334686,-69.85127921892715,-69.85127921892715
379.14001063346865,-69.85238654392201,-69.85238654392201
379.15001063346864,-69.85351335251072,-69.85351335251072
379.16001063346863,-69.8546595968875,-69.8546595968875
379.1700106334686,-69.85582522898869,-69.85582522898869
379.1800106334686,-69.85701020048795,-69.85701020048795
379.1900106334686,-69.85821446281862,-69.85821446281862
379.20001063346865,-69.85943796716371,-69.85943796716371
379.21001063346864,-69.86068066446933,-69.86068066446933
379.22001063346863,-69.86194250544978,-69.86194250544978
379.2300106334686,-69.86322344060032,-69.86322344060032
379.2400106334686,-69.86452342017978,-69.86452342017978
379.2500106334686,-69.86584239425275,-69.86584239425275
379.26001063346865,-69.86718031265606,-69.86718031265606
379.27001063346864,-69.86853712503218,-69.86853712503218
379.28001063346863,-69.86991278081719,-69.86991278081719
379.2900106334686,-69.87130722926712,-69.87130722926712
379.3000106334686,-69.87272041944465,-69.87272041944465
379.3100106334686,-69.87415230021665,-69.87415230021665
379.32001063346866,-69.87560282028616,-69.87560282028616
379.33001063346865,-69.877071928179,-69.877071928179
379.34001063346864,-69.87855957226034,-69.87855957226034
379.3500106334686,-69.88006570072284,-69.88006570072284
379.3600106334686,-69.88159026160058,-69.88159026160058
379.3700106334686,-69.8831332027813,-69.8831332027813
379.3800106334686,-69.88469447199384,-69.88469447199384
379.39001063346865,-69.88627401684496,-69.88627401684496
379.40001063346864,-69.88787178476898,-69.88787178476898
379.41001063346863,-69.88948772308567,-69.88948772308567
379.4200106334686,-69.89112177897734,-69.89112177897734
379.4300106334686,-69.89277389950341,-69.89277389950341
379.4400106334686,-69.8944440315977,-69.8944440315977
379.45001063346865,-69.8961321220751,-69.8961321220751
379.46001063346864,-69.89783811763915,-69.89783811763915
379.47001063346863,-69.8995619648833,-69.8995619648833
379.4800106334686,-69.9013036102898,-69.9013036102898
379.4900106334686,-69.90306300024343,-69.90306300024343
379.5000106334686,-69.90484008102378,-69.90484008102378
379.51001063346865,-69.9066347988275,-69.9066347988275
379.52001063346864,-69.90844709975312,-69.90844709975312
379.53001063346863,-69.91027692981471,-69.91027692981471
379.5400106334686,-69.91212423493128,-69.91212423493128
379.5500106334686,-69.91398896095717,-69.91398896095717
379.5600106334686,-69.9158710536649,-69.9158710536649
379.57001063346866,-69.91777045875628,-69.91777045875628
379.58001063346865,-69.91968712185007,-69.91968712185007
379.59001063346864,-69.92162098851959,-69.92162098851959
379.6000106334686,-69.92357200426795,-69.92357200426795
379.6100106334686,-69.92554011453161,-69.92554011453161
379.6200106334686,-69.92752526469705,-69.92752526469705
379.6300106334686,-69.92952740008779,-69.92952740008779
379.64001063346865,-69.93154646599938,-69.93154646599938
379.65001063346864,-69.93358240765679,-69.93358240765679
379.66001063346863,-69.93563517025113,-69.93563517025113
379.6700106334686,-69.93770469893539,-69.93770469893539
379.6800106334686,-69.9397909388203,-69.9397909388203
379.6900106334686,-69.94189383498333,-69.94189383498333
379.70001063346865,-69.94401333247335,-69.94401333247335
379.71001063346864,-69.94614327753806,-69.94614327753806
379.72001063346863,-69.94828094424986,-69.94828094424986
379.7300106334686,-69.95042497848802,-69.95042497848802
379.7400106334686,-69.95257466201171,-69.95257466201171
379.7500106334686,-69.9547296312255,-69.9547296312255
379.76001063346865,-69.95688973091832,-69.95688973091832
379.77001063346864,-69.95905492838688,-69.95905492838688
379.78001063346863,-69.96122526180469,-69.96122526180469
379.7900106334686,-69.96340080911877,-69.96340080911877
379.8000106334686,-69.96558166937584,-69.96558166937584
379.8100106334686,-69.96776795157939,-69.96776795157939
379.82001063346866,-69.96995976814253,-69.96995976814253
379.83001063346865,-69.97215723113602,-69.97215723113602
379.84001063346864,-69.97436045023774,-69.97436045023774
379.8500106334686,-69.9765695317046,-69.9765695317046
379.8600106334686,-69.97878457798036,-69.97878457798036
379.8700106334686,-69.98100568763765,-69.98100568763765
379.8800106334686,-69.98323295551877,-69.98323295551877
379.89001063346865,-69.98546647300168,-69.98546647300168
379.90001063346864,-69.9877063282716,-69.9877063282716
379.91001063346863,-69.98995260663072,-69.98995260663072
379.9200106334686,-69.99220539077118,-69.99220539077118
379.9300106334686,-69.9944647610486,-69.9944647610486
379.9400106334686,-69.99673079572213,-69.99673079572213
379.9500106573105,-69.99900357655834,-69.99900357655834
379.9600106573105,-70.00128316738231,-70.00128316738231
379.97001065731047,-70.00356964665586,-70.00356964665586
379.98001065731046,-70.00586308600948,-70.00586308600948
379.9900106573105,-70.00816355575355,-70.00816355575355
380.0000106573105,-70.01047112495833,-70.01047112495833
380.0100106573105,-70.01278586155038,-70.01278586155038
380.0200106573105,-70.01510783234522,-70.01510783234522
380.03001065731047,-70.01743710312948,-70.01743710312948
380.04001065731046,-70.01977373868712,-70.01977373868712
380.0500106573105,-70.02211780283426,-70.02211780283426
380.0600106573105,-70.02446935844908,-70.02446935844908
380.0700106573105,-70.02682846749423,-70.02682846749423
380.0800106573105,-70.02919519102977,-70.02919519102977
380.0900106573105,-70.03156958921095,-70.03156958921095
380.10001065731046,-70.03395172132247,-70.03395172132247
380.1100106573105,-70.03634164577856,-70.03634164577856
380.1200106573105,-70.03873942010395,-70.03873942010395
380.1300106573105,-70.04114510096686,-70.04114510096686
380.1400106573105,-70.04355874415458,-70.04355874415458
380.1500106573105,-70.04598040458873,-70.04598040458873
380.16001065731047,-70.04841013630482,-70.04841013630482
380.1700106573105,-70.05084799248061,-70.05084799248061
380.1800106573105,-70.0532940253832,-70.0532940253832
380.1900106573105,-70.05574828643302,-70.05574828643302
380.2000106573105,-70.05821082613751,-70.05821082613751
380.2100106573105,-70.06068169412244,-70.06068169412244
380.22001065731047,-70.06316093912132,-70.06316093912132
380.23001065731046,-70.06564860897056,-70.06564860897056
380.2400106573105,-70.0681447506075,-70.0681447506075
380.2500106573105,-70.07064941006836,-70.07064941006836
380.2600106573105,-70.07316263247911,-70.07316263247911
380.2700106573105,-70.0756844620679,-70.0756844620679
380.28001065731047,-70.07821494214406,-70.07821494214406
380.29001065731046,-70.08075411511442,-70.08075411511442
380.3000106573105,-70.08330202246944,-70.08330202246944
380.3100106573105,-70.0858587047953,-70.0858587047953
380.3200106573105,-70.0884242017595,-70.0884242017595
380.3300106573105,-70.09099855211765,-70.09099855211765
380.3400106573105,-70.0935817937122,-70.0935817937122
380.35001065731046,-70.09617396349252,-70.09617396349252
380.3600106573105,-70.09877509747444,-70.09877509747444
380.3700106573105,-70.10138523078139,-70.10138523078139
380.3800106573105,-70.10400439762442,-70.10400439762442
380.3900106573105,-70.1066326313197,-70.1066326313197
380.4000106573105,-70.10926996428816,-70.10926996428816
380.41001065731047,-70.11191642803593,-70.11191642803593
380.4200106573105,-70.11457205319293,-70.11457205319293
380.4300106573105,-70.1172368694822,-70.1172368694822
380.4400106573105,-70.11991090576309,-70.11991090576309
380.4500106573105,-70.12259419000021,-70.12259419000021
380.4600106573105,-70.1252867492882,-70.1252867492882
380.47001065731047,-70.12798860984766,-70.12798860984766
380.48001065731046,-70.1306997970352,-70.1306997970352
380.4900106573105,-70.13342033534403,-70.13342033534403
380.5000106573105,-70.13615024842663,-70.13615024842663
380.5100106573105,-70.13888955906768,-70.13888955906768
380.5200106573105,-70.1416382892239,-70.1416382892239
380.53001065731047,-70.14439646000491,-70.14439646000491
380.54001065731046,-70.14716409169898,-70.14716409169898
380.5500106573105,-70.1499412037776,-70.1499412037776
380.5600106573105,-70.15272781488494,-70.15272781488494
380.5700106573105,-70.15552394286023,-70.15552394286023
380.5800106573105,-70.15832960474157,-70.15832960474157
380.5900106573105,-70.16114481678039,-70.16114481678039
380.60001065731046,-70.16396959443166,-70.16396959443166
380.6100106573105,-70.16680395237663,-70.16680395237663
380.6200106573105,-70.16964790453326,-70.16964790453326
380.6300106573105,-70.1725014640314,-70.1725014640314
380.6400106573105,-70.17536464327534,-70.17536464327534
380.6500106573105,-70.17823745389593,-70.17823745389593
380.66001065731047,-70.18111990681166,-70.18111990681166
380.6700106573105,-70.18401201218424,-70.18401201218424
380.6800106573105,-70.18691377946895,-70.18691377946895
380.6900106573105,-70.18982521739184,-70.18982521739184
380.7000106573105,-70.19274633399293,-70.19274633399293
380.7100106573105,-70.19567713658722,-70.19567713658722
380.72001065731047,-70.19861763182493,-70.19861763182493
380.73001065731046,-70.20156782565783,-70.20156782565783
380.7400106573105,-70.20452772336574,-70.20452772336574
380.7500106573105,-70.20749732957029,-70.20749732957029
380.7600106573105,-70.21047664823367,-70.21047664823367
380.7700106573105,-70.21346568265795,-70.21346568265795
380.78001065731047,-70.21646443552837,-70.21646443552837
380.79001065731046,-70.21947290887576,-70.21947290887576
380.80001068115234,-70.22249111131812,-70.22249111131812
380.81001068115233,-70.22551902930375,-70.22551902930375
380.8200106811523,-70.22855667018327,-70.22855667018327
380.8300106811523,-70.23160403354922,-70.23160403354922
380.84001068115236,-70.23466111841202,-70.23466111841202
380.85001068115236,-70.23772792320213,-70.23772792320213
380.86001068115235,-70.24080444575985,-70.24080444575985
380.87001068115234,-70.24389068337388,-70.24389068337388
380.8800106811523,-70.24698663276955,-70.24698663276955
380.8900106811523,-70.25009229013409,-70.25009229013409
380.90001068115237,-70.253207651091,-70.253207651091
380.91001068115236,-70.2563327107476,-70.2563327107476
380.92001068115235,-70.25946746367997,-70.25946746367997
380.93001068115234,-70.26261190394328,-70.26261190394328
380.94001068115233,-70.26576602509316,-70.26576602509316
380.9500106811523,-70.26892982016528,-70.26892982016528
380.96001068115237,-70.27210328172092,-70.27210328172092
380.97001068115236,-70.2752864018265,-70.2752864018265
380.98001068115235,-70.27847917206874,-70.27847917206874
380.99001068115234,-70.28168158355376,-70.28168158355376
381.00001068115233,-70.28489362693641,-70.28489362693641
381.0100106811523,-70.28811529240795,-70.28811529240795
381.02001068115237,-70.29134656971067,-70.29134656971067
381.03001068115236,-70.2945874481531,-70.2945874481531
381.04001068115235,-70.2978379165978,-70.2978379165978
381.05001068115234,-70.30109796348526,-70.30109796348526
381.06001068115233,-70.304367576833,-70.304367576833
381.0700106811523,-70.30764674423655,-70.30764674423655
381.0800106811523,-70.3109354529056,-70.3109354529056
381.09001068115236,-70.3142336896355,-70.3142336896355
381.10001068115236,-70.31754144082775,-70.31754144082775
381.11001068115235,-70.3208586924969,-70.3208586924969
381.12001068115234,-70.32418543029164,-70.32418543029164
381.1300106811523,-70.32752163946766,-70.32752163946766
381.1400106811523,-70.33086730492705,-70.33086730492705
381.15001068115237,-70.3342224112069,-70.3342224112069
381.16001068115236,-70.3375869424921,-70.3375869424921
381.17001068115235,-70.34096088261829,-70.34096088261829
381.18001068115234,-70.3443442150839,-70.3443442150839
381.19001068115233,-70.3477369230425,-70.3477369230425
381.2000106811523,-70.35113898933079,-70.35113898933079
381.21001068115237,-70.35455039645495,-70.35455039645495
381.22001068115236,-70.35797112660536,-70.35797112660536
381.23001068115235,-70.3614011616595,-70.3614011616595
381.24001068115234,-70.36484048319879,-70.36484048319879
381.25001068115233,-70.36828907249547,-70.36828907249547
381.2600106811523,-70.37174691052654,-70.37174691052654
381.27001068115237,-70.3752139779923,-70.3752139779923
381.28001068115236,-70.37869025528943,-70.37869025528943
381.29001068115235,-70.38217572256337,-70.38217572256337
381.30001068115234,-70.38567035966034,-70.38567035966034
381.31001068115233,-70.38917414618373,-70.38917414618373
381.3200106811523,-70.39268706145985,-70.39268706145985
381.3300106811523,-70.39620908456617,-70.39620908456617
381.34001068115236,-70.39974019432617,-70.39974019432617
381.35001068115236,-70.40328036930897,-70.40328036930897
381.36001068115235,-70.40682958786158,-70.40682958786158
381.37001068115234,-70.41038782807762,-70.41038782807762
381.3800106811523,-70.41395506782453,-70.41395506782453
381.3900106811523,-70.41753128475462,-70.41753128475462
381.40001068115237,-70.42111645627159,-70.42111645627159
381.41001068115236,-70.42471055958563,-70.42471055958563
381.42001068115235,-70.4283135716912,-70.4283135716912
381.43001068115234,-70.4319254693653,-70.4319254693653
381.44001068115233,-70.43554622918575,-70.43554622918575
381.4500106811523,-70.43917582752971,-70.43917582752971
381.46001068115237,-70.44281424058566,-70.44281424058566
381.47001068115236,-70.44646144434128,-70.44646144434128
381.48001068115235,-70.4501174146065,-70.4501174146065
381.49001068115234,-70.45378212700204,-70.45378212700204
381.50001068115233,-70.45745555697349,-70.45745555697349
381.5100106811523,-70.46113767979735,-70.46113767979735
381.52001068115237,-70.464828470573,-70.464828470573
381.53001068115236,-70.46852790422959,-70.46852790422959
381.54001068115235,-70.47223595554667,-70.47223595554667
381.55001068115234,-70.4759525991342,-70.4759525991342
381.56001068115233,-70.47967780945706,-70.47967780945706
381.5700106811523,-70.48341156082441,-70.48341156082441
381.5800106811523,-70.4871538273966,-70.4871538273966
381.59001068115236,-70.4909045831891,-70.4909045831891
381.60001068115236,-70.49466380207612,-70.49466380207612
381.61001068115235,-70.49843145779909,-70.49843145779909
381.62001068115234,-70.50220752396494,-70.50220752396494
381.6300106811523,-70.50599197405762,-70.50599197405762
381.6400106811523,-70.5097847814301,-70.5097847814301
381.6500107049942,-70.51358592834931,-70.51358592834931
381.6600107049942,-70.51739536986163,-70.51739536986163
381.6700107049942,-70.52121308796657,-70.52121308796657
381.6800107049942,-70.52503905555004,-70.52503905555004
381.6900107049942,-70.5288732453727,-70.5288732453727
381.7000107049942,-70.5327156301001,-70.5327156301001
381.7100107049942,-70.5365600294603,-70.5365600294603
381.7200107049942,-70.54040371899809,-70.54040371899809
381.7300107049942,-70.5442453567273,-70.5442453567273
381.7400107049942,-70.54808424112846,-70.54808424112846
381.7500107049942,-70.5519200277527,-70.5519200277527
381.7600107049942,-70.55575258194204,-70.55575258194204
381.7700107049942,-70.55958189242733,-70.55958189242733
381.7800107049942,-70.56340801941576,-70.56340801941576
381.7900107049942,-70.56723106332839,-70.56723106332839
381.8000107049942,-70.57105114604269,-70.57105114604269
381.8100107049942,-70.57486839970134,-70.57486839970134
381.8200107049942,-70.57868296012334,-70.57868296012334
381.8300107049942,-70.58249496304197,-70.58249496304197
381.8400107049942,-70.58630454201547,-70.58630454201547
381.8500107049942,-70.5901118274005,-70.5901118274005
381.8600107049942,-70.59391694591525,-70.59391694591525
381.87001070499423,-70.59772002059336,-70.59772002059336
381.8800107049942,-70.6015211708999,-70.6015211708999
381.8900107049942,-70.6053205129814,-70.6053205129814
381.9000107049942,-70.60911815993079,-70.60911815993079
381.9100107049942,-70.6129142220752,-70.6129142220752
381.9200107049942,-70.61670880725157,-70.61670880725157
381.9300107049942,-70.62050202105854,-70.62050202105854
381.9400107049942,-70.6242939670715,-70.6242939670715
381.9500107049942,-70.6280847470574,-70.6280847470574
381.9600107049942,-70.63187446111854,-70.63187446111854
381.9700107049942,-70.63566320786501,-70.63566320786501
381.9800107049942,-70.63945108452371,-70.63945108452371
381.9900107049942,-70.64323818703708,-70.64323818703708
382.0000107049942,-70.6470246101593,-70.6470246101593
382.0100107049942,-70.6508104475165,-70.6508104475165
382.0200107049942,-70.65459579167913,-70.65459579167913
382.0300107049942,-70.65838073417703,-70.65838073417703
382.0400107049942,-70.66216536557123,-70.66216536557123
382.0500107049942,-70.66594977547497,-70.66594977547497
382.0600107049942,-70.6697340525574,-70.6697340525574
382.0700107049942,-70.67351828457552,-70.67351828457552
382.0800107049942,-70.67730255837333,-70.67730255837333
382.0900107049942,-70.68108695990948,-70.68108695990948
382.1000107049942,-70.68487157424308,-70.68487157424308
382.1100107049942,-70.68865648555466,-70.68865648555466
382.12001070499423,-70.69244177712807,-70.69244177712807
382.1300107049942,-70.69622753135154,-70.69622753135154
382.1400107049942,-70.70001382973197,-70.70001382973197
382.1500107049942,-70.70380075287682,-70.70380075287682
382.1600107049942,-70.70758838048323,-70.70758838048323
382.1700107049942,-70.71137679135789,-70.71137679135789
382.1800107049942,-70.71516606338352,-70.71516606338352
382.1900107049942,-70.71895627352121,-70.71895627352121
382.2000107049942,-70.72274749782852,-70.72274749782852
382.2100107049942,-70.72653981142268,-70.72653981142268
382.2200107049942,-70.73033328849257,-70.73033328849257
382.2300107049942,-70.73412800228634,-70.73412800228634
382.2400107049942,-70.73792402511623,-70.73792402511623
382.2500107049942,-70.74172142834054,-70.74172142834054
382.2600107049942,-70.74552028237039,-70.74552028237039
382.2700107049942,-70.74932065666066,-70.74932065666066
382.2800107049942,-70.75312261970619,-70.75312261970619
382.2900107049942,-70.75692623904891,-70.75692623904891
382.3000107049942,-70.76073158126897,-70.76073158126897
382.3100107049942,-70.76453871196802,-70.76453871196802
382.3200107049942,-70.7683476958006,-70.7683476958006
382.3300107049942,-70.7721585964382,-70.7721585964382
382.3400107049942,-70.77597147660093,-70.77597147660093
382.3500107049942,-70.77978639803094,-70.77978639803094
382.3600107049942,-70.78360342150056,-70.78360342150056
382.37001070499423,-70.78742260682844,-70.78742260682844
382.3800107049942,-70.79124401286465,-70.79124401286465
382.3900107049942,-70.79506769748646,-70.79506769748646
382.4000107049942,-70.79889371761962,-70.79889371761962
382.4100107049942,-70.80272212923354,-70.80272212923354
382.4200107049942,-70.80655298732194,-70.80655298732194
382.4300107049942,-70.81038634595804,-70.81038634595804
382.4400107049942,-70.81422225825017,-70.81422225825017
382.4500107049942,-70.81806077634509,-70.81806077634509
382.4600107049942,-70.82190195147436,-70.82190195147436
382.4700107049942,-70.8257458339211,-70.8257458339211
382.4800107049942,-70.8295924730328,-70.8295924730328
382.4900107049942,-70.83344191724555,-70.83344191724555
382.50001072883606,-70.83729422322641,-70.83729422322641
382.51001072883605,-70.84114941923889,-70.84114941923889
382.52001072883604,-70.84500756010836,-70.84500756010836
382.53001072883603,-70.84886869061565,-70.84886869061565
382.5400107288361,-70.85273285463859,-70.85273285463859
382.55001072883607,-70.85660009516208,-70.85660009516208
382.56001072883606,-70.86047045428248,-70.86047045428248
382.57001072883605,-70.86434397322462,-70.86434397322462
382.58001072883604,-70.86822069234017,-70.86822069234017
382.59001072883603,-70.87210065110844,-70.87210065110844
382.6000107288361,-70.87598388815925,-70.87598388815925
382.6100107288361,-70.87987044127796,-70.87987044127796
382.62001072883606,-70.8837603473928,-70.8837603473928
382.63001072883606,-70.88765364261475,-70.88765364261475
382.64001072883605,-70.89155036221794,-70.89155036221794
382.65001072883604,-70.89545054065418,-70.89545054065418
382.6600107288361,-70.89935421157521,-70.89935421157521
382.6700107288361,-70.90326140782516,-70.90326140782516
382.68001072883607,-70.90717216144729,-70.90717216144729
382.69001072883606,-70.91108650370451,-70.91108650370451
382.70001072883605,-70.91500446507546,-70.91500446507546
382.71001072883604,-70.91892607527143,-70.91892607527143
382.7200107288361,-70.92285136324969,-70.92285136324969
382.7300107288361,-70.92678035719918,-70.92678035719918
382.74001072883607,-70.93071308456854,-70.93071308456854
382.75001072883606,-70.93464957207517,-70.93464957207517
382.76001072883605,-70.93858984570032,-70.93858984570032
382.77001072883604,-70.94253393070936,-70.94253393070936
382.78001072883603,-70.94648185163915,-70.94648185163915
382.7900107288361,-70.95043363234775,-70.95043363234775
382.80001072883607,-70.95438929597785,-70.95438929597785
382.81001072883606,-70.95834886500052,-70.95834886500052
382.82001072883605,-70.96231236119746,-70.96231236119746
382.83001072883604,-70.9662798056831,-70.9662798056831
382.84001072883603,-70.9702512189137,-70.9702512189137
382.8500107288361,-70.97422662067665,-70.97422662067665
382.8600107288361,-70.9782060301341,-70.9782060301341
382.87001072883606,-70.98218946579563,-70.98218946579563
382.88001072883606,-70.98617694555432,-70.98617694555432
382.89001072883605,-70.99016848667098,-70.99016848667098
382.90001072883604,-70.99416410579518,-70.99416410579518
382.9100107288361,-70.99816381897378,-70.99816381897378
382.9200107288361,-71.00216764166369,-71.00216764166369
382.93001072883607,-71.00617558872658,-71.00617558872658
382.94001072883606,-71.01018767443789,-71.01018767443789
382.95001072883605,-71.01420391251663,-71.01420391251663
382.96001072883604,-71.01822431609078,-71.01822431609078
382.9700107288361,-71.02224889775954,-71.02224889775954
382.9800107288361,-71.02627766955572,-71.02627766955572
382.99001072883607,-71.03031064297727,-71.03031064297727
383.00001072883606,-71.0343478289846,-71.0343478289846
383.01001072883605,-71.03838923801052,-71.03838923801052
383.02001072883604,-71.04243487997061,-71.04243487997061
383.03001072883603,-71.04648476427266,-71.04648476427266
383.0400107288361,-71.05053889981046,-71.05053889981046
383.05001072883607,-71.05459729499113,-71.05459729499113
383.06001072883606,-71.05865995773166,-71.05865995773166
383.07001072883605,-71.0627268954604,-71.0627268954604
383.08001072883604,-71.06679811513405,-71.06679811513405
383.09001072883603,-71.0708736232383,-71.0708736232383
383.1000107288361,-71.07495342580543,-71.07495342580543
383.1100107288361,-71.07903752839904,-71.07903752839904
383.12001072883606,-71.08312593615419,-71.08312593615419
383.13001072883606,-71.08721865374497,-71.08721865374497
383.14001072883605,-71.09131568542688,-71.09131568542688
383.15001072883604,-71.0954170350218,-71.0954170350218
383.1600107288361,-71.09952270593399,-71.09952270593399
383.1700107288361,-71.10363270114979,-71.10363270114979
383.18001072883607,-71.10774702325145,-71.10774702325145
383.19001072883606,-71.11186567441621,-71.11186567441621
383.20001072883605,-71.11598865642333,-71.11598865642333
383.21001072883604,-71.1201097662277,-71.1201097662277
383.2200107288361,-71.1242262846563,-71.1242262846563
383.2300107288361,-71.1283368858253,-71.1283368858253
383.24001072883607,-71.13244088899172,-71.13244088899172
383.25001072883606,-71.13653797292856,-71.13653797292856
383.26001072883605,-71.14062802750786,-71.14062802750786
383.27001072883604,-71.14471106670788,-71.14471106670788
383.28001072883603,-71.1487871763065,-71.1487871763065
383.2900107288361,-71.15285648244497,-71.15285648244497
383.30001072883607,-71.15691913273677,-71.15691913273677
383.31001072883606,-71.16097528498763,-71.16097528498763
383.32001072883605,-71.16502510060879,-71.16502510060879
383.33001072883604,-71.1690687407808,-71.1690687407808
383.34001072883603,-71.1731063643942,-71.1731063643942
383.3500107526779,-71.17713813657038,-71.17713813657038
383.3600107526779,-71.18116418985514,-71.18116418985514
383.3700107526779,-71.18518468175908,-71.18518468175908
383.3800107526779,-71.18919975645994,-71.18919975645994
383.39001075267794,-71.19320955466225,-71.19320955466225
383.40001075267793,-71.19721421382758,-71.19721421382758
383.4100107526779,-71.20121386851442,-71.20121386851442
383.4200107526779,-71.20520865062277,-71.20520865062277
383.4300107526779,-71.20919868963283,-71.20919868963283
383.4400107526779,-71.21318411284733,-71.21318411284733
383.45001075267794,-71.21716504558954,-71.21716504558954
383.46001075267793,-71.22114161135832,-71.22114161135832
383.4700107526779,-71.22511393198074,-71.22511393198074
383.4800107526779,-71.22908212772539,-71.22908212772539
383.4900107526779,-71.23304631741676,-71.23304631741676
383.5000107526779,-71.23700661851865,-71.23700661851865
383.51001075267794,-71.24096314720175,-71.24096314720175
383.52001075267793,-71.24491601840045,-71.24491601840045
383.5300107526779,-71.24886534586031,-71.24886534586031
383.5400107526779,-71.25281124216505,-71.25281124216505
383.5500107526779,-71.25675381879209,-71.25675381879209
383.5600107526779,-71.26069318609838,-71.26069318609838
383.57001075267794,-71.26462945337148,-71.26462945337148
383.58001075267794,-71.2685627288204,-71.2685627288204
383.5900107526779,-71.27249311959267,-71.27249311959267
383.6000107526779,-71.27642073177483,-71.27642073177483
383.6100107526779,-71.28034567039771,-71.28034567039771
383.6200107526779,-71.28426803944684,-71.28426803944684
383.6300107526779,-71.28818794183837,-71.28818794183837
383.64001075267794,-71.29210547946019,-71.29210547946019
383.65001075267793,-71.29602075310773,-71.29602075310773
383.6600107526779,-71.29993386253057,-71.29993386253057
383.6700107526779,-71.30384490640743,-71.30384490640743
383.6800107526779,-71.30775398235168,-71.30775398235168
383.6900107526779,-71.31166118690425,-71.31166118690425
383.70001075267794,-71.3155666155164,-71.3155666155164
383.71001075267793,-71.31946414127557,-71.31946414127557
383.7200107526779,-71.32335113026824,-71.32335113026824
383.7300107526779,-71.3272263449732,-71.3272263449732
383.7400107526779,-71.33108919400547,-71.33108919400547
383.7500107526779,-71.3349394456875,-71.3349394456875
383.76001075267794,-71.33877707928347,-71.33877707928347
383.77001075267793,-71.34260219771444,-71.34260219771444
383.7800107526779,-71.34641497515449,-71.34641497515449
383.7900107526779,-71.35021562549234,-71.35021562549234
383.8000107526779,-71.35400438340194,-71.35400438340194
383.8100107526779,-71.3577814930274,-71.3577814930274
383.82001075267794,-71.36154720133999,-71.36154720133999
383.83001075267794,-71.36530175433867,-71.36530175433867
383.8400107526779,-71.36904539492863,-71.36904539492863
383.8500107526779,-71.37277836188618,-71.37277836188618
383.8600107526779,-71.37650088941145,-71.37650088941145
383.8700107526779,-71.38021320704327,-71.38021320704327
383.8800107526779,-71.38391553981516,-71.38391553981516
383.89001075267794,-71.38760810844893,-71.38760810844893
383.90001075267793,-71.3912911296512,-71.3912911296512
383.9100107526779,-71.39496481638085,-71.39496481638085
383.9200107526779,-71.3986293781349,-71.3986293781349
383.9300107526779,-71.40228502119,-71.40228502119
383.9400107526779,-71.40593194879992,-71.40593194879992
383.95001075267794,-71.40957036144096,-71.40957036144096
383.96001075267793,-71.41320045693176,-71.41320045693176
383.9700107526779,-71.41682243061499,-71.41682243061499
383.9800107526779,-71.42043647545957,-71.42043647545957
383.9900107526779,-71.42404278217363,-71.42404278217363
384.0000107526779,-71.42764153928019,-71.42764153928019
384.01001075267794,-71.43123293319842,-71.43123293319842
384.02001075267793,-71.43481714831277,-71.43481714831277
384.0300107526779,-71.43839436699797,-71.43839436699797
384.0400107526779,-71.44196476966872,-71.44196476966872
384.0500107526779,-71.4455285348239,-71.4455285348239
384.0600107526779,-71.44908583904872,-71.44908583904872
384.07001075267794,-71.45263685705532,-71.45263685705532
384.08001075267794,-71.45618176169188,-71.45618176169188
384.0900107526779,-71.45972072396064,-71.45972072396064
384.1000107526779,-71.4632539130063,-71.4632539130063
384.1100107526779,-71.46678149615126,-71.46678149615126
384.1200107526779,-71.4703036388788,-71.4703036388788
384.1300107526779,-71.47382050485491,-71.47382050485491
384.14001075267794,-71.47733225592837,-71.47733225592837
384.15001075267793,-71.48083905211355,-71.48083905211355
384.1600107526779,-71.48434105160969,-71.48434105160969
384.1700107526779,-71.48783841081229,-71.48783841081229
384.1800107526779,-71.49133128429047,-71.49133128429047
384.1900107526779,-71.49481982480019,-71.49481982480019
384.2000107765198,-71.49830419158683,-71.49830419158683
384.21001077651977,-71.50178451717869,-71.50178451717869
384.22001077651976,-71.50526095721052,-71.50526095721052
384.23001077651975,-71.50873365718694,-71.50873365718694
384.2400107765198,-71.51220276083059,-71.51220276083059
384.2500107765198,-71.51566841004974,-71.51566841004974
384.2600107765198,-71.51913074495442,-71.51913074495442
384.27001077651977,-71.52258990386534,-71.52258990386534
384.28001077651976,-71.52604602331235,-71.52604602331235
384.29001077651975,-71.52949923802707,-71.52949923802707
384.3000107765198,-71.53294968097264,-71.53294968097264
384.3100107765198,-71.5363974833424,-71.5363974833424
384.3200107765198,-71.53984277455804,-71.53984277455804
384.33001077651977,-71.54328568227459,-71.54328568227459
384.34001077651976,-71.54672633240332,-71.54672633240332
384.35001077651975,-71.5501648490999,-71.5501648490999
384.3600107765198,-71.55360135479228,-71.55360135479228
384.3700107765198,-71.55703597016736,-71.55703597016736
384.3800107765198,-71.5604688142047,-71.5604688142047
384.3900107765198,-71.56390000416535,-71.56390000416535
384.40001077651976,-71.56732965560708,-71.56732965560708
384.41001077651975,-71.57075788241565,-71.57075788241565
384.4200107765198,-71.57418479677197,-71.57418479677197
384.4300107765198,-71.57761050920652,-71.57761050920652
384.4400107765198,-71.5810351285867,-71.5810351285867
384.4500107765198,-71.58445876213898,-71.58445876213898
384.46001077651977,-71.58788151544785,-71.58788151544785
384.47001077651976,-71.59130349247778,-71.59130349247778
384.48001077651975,-71.59472479558178,-71.59472479558178
384.4900107765198,-71.59814552553307,-71.59814552553307
384.5000107765198,-71.60156578149987,-71.60156578149987
384.5100107765198,-71.60498566109696,-71.60498566109696
384.52001077651977,-71.60840526037187,-71.60840526037187
384.53001077651976,-71.61182467383577,-71.61182467383577
384.54001077651975,-71.61524399445177,-71.61524399445177
384.5500107765198,-71.61866331369076,-71.61866331369076
384.5600107765198,-71.62208272150887,-71.62208272150887
384.5700107765198,-71.62550230637434,-71.62550230637434
384.58001077651977,-71.62892215528368,-71.62892215528368
384.59001077651976,-71.63234235376885,-71.63234235376885
384.60001077651975,-71.63576298592903,-71.63576298592903
384.6100107765198,-71.63918413442094,-71.63918413442094
384.6200107765198,-71.64260588048616,-71.64260588048616
384.6300107765198,-71.6460283039672,-71.6460283039672
384.6400107765198,-71.64945148331684,-71.64945148331684
384.65001077651976,-71.65287549562474,-71.65287549562474
384.66001077651975,-71.65630041660677,-71.65630041660677
384.6700107765198,-71.65972632064727,-71.65972632064727
384.6800107765198,-71.6631532807986,-71.6631532807986
384.6900107765198,-71.666581368795,-71.666581368795
384.7000107765198,-71.67001065508319,-71.67001065508319
384.71001077651977,-71.67344120881421,-71.67344120881421
384.72001077651976,-71.67687309787048,-71.67687309787048
384.73001077651975,-71.68030638888956,-71.68030638888956
384.7400107765198,-71.68374114725319,-71.68374114725319
384.7500107765198,-71.68717743712715,-71.68717743712715
384.7600107765198,-71.69061532146719,-71.69061532146719
384.77001077651977,-71.6940548620406,-71.6940548620406
384.78001077651976,-71.69749611939842,-71.69749611939842
384.79001077651975,-71.7009391529591,-71.7009391529591
384.8000107765198,-71.70438402097137,-71.70438402097137
384.8100107765198,-71.70783078054265,-71.70783078054265
384.8200107765198,-71.7112794876633,-71.7112794876633
384.83001077651977,-71.71473019720821,-71.71473019720821
384.84001077651976,-71.7181829629435,-71.7181829629435
384.85001077651975,-71.7216378375787,-71.7216378375787
384.8600107765198,-71.72509487272164,-71.72509487272164
384.8700107765198,-71.72855411894834,-71.72855411894834
384.8800107765198,-71.73201562577775,-71.73201562577775
384.8900107765198,-71.73547944170448,-71.73547944170448
384.90001077651976,-71.73894561422055,-71.73894561422055
384.91001077651975,-71.74241418978484,-71.74241418978484
384.9200107765198,-71.74588521389151,-71.74588521389151
384.9300107765198,-71.74935873105342,-71.74935873105342
384.9400107765198,-71.7528347848188,-71.7528347848188
384.9500107765198,-71.75631341778167,-71.75631341778167
384.96001077651977,-71.75979467160555,-71.75979467160555
384.97001077651976,-71.7632785870267,-71.7632785870267
384.98001077651975,-71.76676520386889,-71.76676520386889
384.9900107765198,-71.77025456104646,-71.77025456104646
385.0000107765198,-71.77374669660146,-71.77374669660146
385.0100107765198,-71.7772416476886,-71.7772416476886
385.02001077651977,-71.78073945060801,-71.78073945060801
385.03001077651976,-71.78424014079903,-71.78424014079903
385.04001077651975,-71.78774375287715,-71.78774375287715
385.05001080036163,-71.79125032896093,-71.79125032896093
385.0600108003616,-71.79475988532887,-71.79475988532887
385.0700108003616,-71.79827246245864,-71.79827246245864
385.0800108003616,-71.80178809172183,-71.80178809172183
385.09001080036165,-71.8053068036938,-71.8053068036938
385.10001080036164,-71.80882862818846,-71.80882862818846
385.11001080036164,-71.81235359423927,-71.81235359423927
385.1200108003616,-71.81588173015818,-71.81588173015818
385.1300108003616,-71.81941306349684,-71.81941306349684
385.1400108003616,-71.82294762108036,-71.82294762108036
385.15001080036166,-71.82648542902332,-71.82648542902332
385.16001080036165,-71.83002651274087,-71.83002651274087
385.17001080036164,-71.83357089692434,-71.83357089692434
385.18001080036163,-71.83711860560494,-71.83711860560494
385.1900108003616,-71.84066966212606,-71.84066966212606
385.2000108003616,-71.8442240891558,-71.8442240891558
385.21001080036166,-71.84777564176912,-71.84777564176912
385.22001080036165,-71.85132159466222,-71.85132159466222
385.23001080036164,-71.85486062963837,-71.85486062963837
385.24001080036163,-71.85839207971561,-71.85839207971561
385.2500108003616,-71.86191564063535,-71.86191564063535
385.2600108003616,-71.86543122100063,-71.86543122100063
385.27001080036166,-71.86893885438948,-71.86893885438948
385.28001080036165,-71.87243864662118,-71.87243864662118
385.29001080036164,-71.87593074395865,-71.87593074395865
385.30001080036163,-71.87941531408977,-71.87941531408977
385.3100108003616,-71.8828925347485,-71.8828925347485
385.3200108003616,-71.88636258705789,-71.88636258705789
385.3300108003616,-71.88982565166769,-71.88982565166769
385.34001080036165,-71.89328190667896,-71.89328190667896
385.35001080036164,-71.89673152656577,-71.89673152656577
385.36001080036164,-71.9001746817885,-71.9001746817885
385.3700108003616,-71.90361153867454,-71.90361153867454
385.3800108003616,-71.9070422595963,-71.9070422595963
385.3900108003616,-71.91046700317797,-71.91046700317797
385.40001080036166,-71.91388592459964,-71.91388592459964
385.41001080036165,-71.91729917587432,-71.91729917587432
385.42001080036164,-71.92070690612687,-71.92070690612687
385.43001080036163,-71.92410926184166,-71.92410926184166
385.4400108003616,-71.9275063871105,-71.9275063871105
385.4500108003616,-71.93089842381363,-71.93089842381363
385.46001080036166,-71.93428551179689,-71.93428551179689
385.47001080036165,-71.93766778903492,-71.93766778903492
385.48001080036164,-71.94104539173124,-71.94104539173124
385.49001080036163,-71.94441845444899,-71.94441845444899
385.5000108003616,-71.94778711017842,-71.94778711017842
385.5100108003616,-71.95115149042783,-71.95115149042783
385.52001080036166,-71.95451172526727,-71.95451172526727
385.53001080036165,-71.9578679434007,-71.9578679434007
385.54001080036164,-71.96122027217103,-71.96122027217103
385.55001080036163,-71.9645688376203,-71.9645688376203
385.5600108003616,-71.9679137645089,-71.9679137645089
385.5700108003616,-71.97125517632065,-71.97125517632065
385.5800108003616,-71.97459319530276,-71.97459319530276
385.59001080036165,-71.9779279424476,-71.9779279424476
385.60001080036164,-71.98125953752614,-71.98125953752614
385.61001080036164,-71.98458809907204,-71.98458809907204
385.6200108003616,-71.98791374439399,-71.98791374439399
385.6300108003616,-71.99123658958555,-71.99123658958555
385.6400108003616,-71.9945567495022,-71.9945567495022
385.65001080036166,-71.99787433778887,-71.99787433778887
385.66001080036165,-72.00118946686091,-72.00118946686091
385.67001080036164,-72.00450224790643,-72.00450224790643
385.68001080036163,-72.00781279087535,-72.00781279087535
385.6900108003616,-72.01112120448646,-72.01112120448646
385.7000108003616,-72.0144275962316,-72.0144275962316
385.71001080036166,-72.01772579108494,-72.01772579108494
385.72001080036165,-72.02101314150212,-72.02101314150212
385.73001080036164,-72.02428840972155,-72.02428840972155
385.74001080036163,-72.02755101010875,-72.02755101010875
385.7500108003616,-72.03080071992541,-72.03080071992541
385.7600108003616,-72.0340375291514,-72.0340375291514
385.77001080036166,-72.03726155239059,-72.03726155239059
385.78001080036165,-72.04047297599159,-72.04047297599159
385.79001080036164,-72.04367202619177,-72.04367202619177
385.80001080036163,-72.04685895003084,-72.04685895003084
385.8100108003616,-72.05003400394052,-72.05003400394052
385.8200108003616,-72.05319744708405,-72.05319744708405
385.8300108003616,-72.05634953744784,-72.05634953744784
385.84001080036165,-72.05949052979113,-72.05949052979113
385.85001080036164,-72.06262067453333,-72.06262067453333
385.86001080036164,-72.0657402173444,-72.0657402173444
385.8700108003616,-72.06884939908113,-72.06884939908113
385.8800108003616,-72.07194845587362,-72.07194845587362
385.8900108003616,-72.07503761941788,-72.07503761941788
385.9000108242035,-72.07811712454136,-72.07811712454136
385.9100108242035,-72.08118718014198,-72.08118718014198
385.9200108242035,-72.08424801355649,-72.08424801355649
385.93001082420346,-72.08729984138019,-72.08729984138019
385.9400108242035,-72.09034287706463,-72.09034287706463
385.9500108242035,-72.09337733111434,-72.09337733111434
385.9600108242035,-72.09639712384838,-72.09639712384838
385.9700108242035,-72.09939970567208,-72.09939970567208
385.9800108242035,-72.10238393707169,-72.10238393707169
385.99001082420347,-72.10534933019909,-72.10534933019909
386.0000108242035,-72.10829575944666,-72.10829575944666
386.0100108242035,-72.11122331115223,-72.11122331115223
386.0200108242035,-72.1141321954973,-72.1141321954973
386.0300108242035,-72.11702269359891,-72.11702269359891
386.0400108242035,-72.11989512569535,-72.11989512569535
386.05001082420347,-72.12274983203142,-72.12274983203142
386.0600108242035,-72.12558716150012,-72.12558716150012
386.0700108242035,-72.12840746494051,-72.12840746494051
386.0800108242035,-72.13121109132565,-72.13121109132565
386.0900108242035,-72.1339983856243,-72.1339983856243
386.1000108242035,-72.13676968777429,-72.13676968777429
386.11001082420347,-72.13952533222951,-72.13952533222951
386.1200108242035,-72.14226564790756,-72.14226564790756
386.1300108242035,-72.14499095831542,-72.14499095831542
386.1400108242035,-72.14770158177309,-72.14770158177309
386.1500108242035,-72.15039783169505,-72.15039783169505
386.1600108242035,-72.15308001688466,-72.15308001688466
386.1700108242035,-72.15574844179827,-72.15574844179827
386.18001082420346,-72.15840340678051,-72.15840340678051
386.1900108242035,-72.16104520831622,-72.16104520831622
386.2000108242035,-72.16367413919006,-72.16367413919006
386.2100108242035,-72.16628419636423,-72.16628419636423
386.2200108242035,-72.16887290972564,-72.16887290972564
386.2300108242035,-72.17143921987176,-72.17143921987176
386.24001082420347,-72.17398271891024,-72.17398271891024
386.2500108242035,-72.17650336076426,-72.17650336076426
386.2600108242035,-72.17900131072062,-72.17900131072062
386.2700108242035,-72.18147685722462,-72.18147685722462
386.2800108242035,-72.18393035895433,-72.18393035895433
386.2900108242035,-72.18636221291854,-72.18636221291854
386.30001082420347,-72.18877283535899,-72.18877283535899
386.3100108242035,-72.1911626503795,-72.1911626503795
386.3200108242035,-72.19353208321854,-72.19353208321854
386.3300108242035,-72.19588155642123,-72.19588155642123
386.3400108242035,-72.19821148773812,-72.19821148773812
386.3500108242035,-72.20052228905907,-72.20052228905907
386.36001082420347,-72.20281436598506,-72.20281436598506
386.3700108242035,-72.20508811777023,-72.20508811777023
386.3800108242035,-72.20734393742181,-72.20734393742181
386.3900108242035,-72.20958221197859,-72.20958221197859
386.4000108242035,-72.21180332276188,-72.21180332276188
386.4100108242035,-72.21400764565867,-72.21400764565867
386.4200108242035,-72.21619555140856,-72.21619555140856
386.43001082420346,-72.21836740584055,-72.21836740584055
386.4400108242035,-72.22052357012869,-72.22052357012869
386.4500108242035,-72.22266440096077,-72.22266440096077
386.4600108242035,-72.22478395474545,-72.22478395474545
386.4700108242035,-72.2268798231423,-72.2268798231423
386.4800108242035,-72.2289510088776,-72.2289510088776
386.49001082420347,-72.23099716588875,-72.23099716588875
386.5000108242035,-72.23301830941314,-72.23301830941314
386.5100108242035,-72.23501466540954,-72.23501466540954
386.5200108242035,-72.2369865822789,-72.2369865822789
386.5300108242035,-72.23893447787688,-72.23893447787688
386.5400108242035,-72.24085880761359,-72.24085880761359
386.55001082420347,-72.24276004535194,-72.24276004535194
386.5600108242035,-72.24463867198516,-72.24463867198516
386.5700108242035,-72.24649516875655,-72.24649516875655
386.5800108242035,-72.2483300134195,-72.2483300134195
386.5900108242035,-72.25014367813169,-72.25014367813169
386.6000108242035,-72.25193662840913,-72.25193662840913
386.61001082420347,-72.25370932270633,-72.25370932270633
386.6200108242035,-72.25546221235247,-72.25546221235247
386.6300108242035,-72.25719574167607,-72.25719574167607
386.6400108242035,-72.25891034827535,-72.25891034827535
386.6500108242035,-72.26060646329631,-72.26060646329631
386.6600108242035,-72.26228451171552,-72.26228451171552
386.6700108242035,-72.2639449126323,-72.2639449126323
386.68001082420346,-72.26558807951942,-72.26558807951942
386.6900108242035,-72.26721442046687,-72.26721442046687
386.7000108242035,-72.2688243383804,-72.2688243383804
386.7100108242035,-72.27041193286105,-72.27041193286105
386.7200108242035,-72.27197484057285,-72.27197484057285
386.7300108242035,-72.2735121094666,-72.2735121094666
386.74001082420347,-72.27502343842896,-72.27502343842896
386.75001084804535,-72.27650889066888,-72.27650889066888
386.76001084804534,-72.27796872887014,-72.27796872887014
386.77001084804533,-72.27940334831409,-72.27940334831409
386.7800108480453,-72.28081320942522,-72.28081320942522
386.79001084804537,-72.28219880950853,-72.28219880950853
386.80001084804536,-72.28356066360196,-72.28356066360196
386.81001084804535,-72.28489929310034,-72.28489929310034
386.82001084804534,-72.28621521905345,-72.28621521905345
386.83001084804533,-72.28750895834736,-72.28750895834736
386.8400108480453,-72.28878102159538,-72.28878102159538
386.8500108480454,-72.29003191209804,-72.29003191209804
386.86001084804536,-72.291262125453,-72.291262125453
386.87001084804535,-72.29247214948693,-72.29247214948693
386.88001084804534,-72.29366246440286,-72.29366246440286
386.89001084804534,-72.29483354304654,-72.29483354304654
386.9000108480453,-72.2959858512006,-72.2959858512006
386.9100108480454,-72.29711984787632,-72.29711984787632
386.92001084804537,-72.29823598561485,-72.29823598561485
386.93001084804536,-72.29933471077416,-72.29933471077416
386.94001084804535,-72.3004164637242,-72.3004164637242
386.95001084804534,-72.30148167911179,-72.30148167911179
386.96001084804533,-72.302530786034,-72.302530786034
386.9700108480454,-72.30356420818731,-72.30356420818731
386.98001084804537,-72.30458236401995,-72.30458236401995
386.99001084804536,-72.30558566684982,-72.30558566684982
387.00001084804535,-72.3065745249783,-72.3065745249783
387.01001084804534,-72.30754934176589,-72.30754934176589
387.02001084804533,-72.3085105157218,-72.3085105157218
387.0300108480453,-72.30945844057483,-72.30945844057483
387.04001084804537,-72.31039350529976,-72.31039350529976
387.05001084804536,-72.31131609420623,-72.31131609420623
387.06001084804535,-72.31222658698088,-72.31222658698088
387.07001084804534,-72.31312535869564,-72.31312535869564
387.08001084804533,-72.31401277987007,-72.31401277987007
387.0900108480453,-72.31488921649004,-72.31488921649004
387.1000108480454,-72.31575503004588,-72.31575503004588
387.11001084804536,-72.31661057756047,-72.31661057756047
387.12001084804535,-72.31745621161396,-72.31745621161396
387.13001084804534,-72.31829228036334,-72.31829228036334
387.14001084804534,-72.31911912757248,-72.31911912757248
387.1500108480453,-72.31993709263185,-72.31993709263185
387.1600108480454,-72.3207465105889,-72.3207465105889
387.17001084804537,-72.3215477121661,-72.3215477121661
387.18001084804536,-72.32234102377984,-72.32234102377984
387.19001084804535,-72.32312676757361,-72.32312676757361
387.20001084804534,-72.32390526143591,-72.32390526143591
387.21001084804533,-72.32467681903087,-72.32467681903087
387.2200108480454,-72.32544174981842,-72.32544174981842
387.23001084804537,-72.32620035907094,-72.32620035907094
387.24001084804536,-72.32695294792127,-72.32695294792127
387.25001084804535,-72.32769981336827,-72.32769981336827
387.26001084804534,-72.32844124830734,-72.32844124830734
387.27001084804533,-72.32917754157465,-72.32917754157465
387.2800108480453,-72.32990897794859,-72.32990897794859
387.29001084804537,-72.33063583820491,-72.33063583820491
387.30001084804536,-72.33135839911894,-72.33135839911894
387.31001084804535,-72.33207693352624,-72.33207693352624
387.32001084804534,-72.33279171032346,-72.33279171032346
387.33001084804533,-72.3335029945158,-72.3335029945158
387.3400108480453,-72.33421104724141,-72.33421104724141
387.3500108480454,-72.3349161258057,-72.3349161258057
387.36001084804536,-72.33561848372,-72.33561848372
387.37001084804535,-72.33631837071555,-72.33631837071555
387.38001084804534,-72.33701603279697,-72.33701603279697
387.39001084804534,-72.3377117122665,-72.3377117122665
387.4000108480453,-72.33840564775444,-72.33840564775444
387.4100108480454,-72.33909807425194,-72.33909807425194
387.42001084804537,-72.33978922315147,-72.33978922315147
387.43001084804536,-72.34047932228532,-72.34047932228532
387.44001084804535,-72.34116859593958,-72.34116859593958
387.45001084804534,-72.34185726491317,-72.34185726491317
387.46001084804533,-72.34254554654396,-72.34254554654396
387.4700108480454,-72.34323365472916,-72.34323365472916
387.48001084804537,-72.34392179998619,-72.34392179998619
387.49001084804536,-72.34461018946085,-72.34461018946085
387.50001084804535,-72.34529902699086,-72.34529902699086
387.51001084804534,-72.3459885131174,-72.3459885131174
387.52001084804533,-72.34667884513145,-72.34667884513145
387.5300108480453,-72.34737021711496,-72.34737021711496
387.54001084804537,-72.34806281995321,-72.34806281995321
387.55001084804536,-72.34875684140165,-72.34875684140165
387.56001084804535,-72.34945246610044,-72.34945246610044
387.57001084804534,-72.35014987560952,-72.35014987560952
387.58001084804533,-72.3508492484531,-72.3508492484531
387.5900108480453,-72.35155076015177,-72.35155076015177
387.6000108718872,-72.35225458493171,-72.35225458493171
387.6100108718872,-72.35296088906824,-72.35296088906824
387.6200108718872,-72.3536698409377,-72.3536698409377
387.6300108718872,-72.35438160439381,-72.35438160439381
387.6400108718872,-72.35509634045856,-72.35509634045856
387.6500108718872,-72.35581420734569,-72.35581420734569
387.6600108718872,-72.35653536052685,-72.35653536052685
387.6700108718872,-72.35725995272705,-72.35725995272705
387.6800108718872,-72.35798813399202,-72.35798813399202
387.6900108718872,-72.35872005169148,-72.35872005169148
387.70001087188723,-72.3594558505843,-72.3594558505843
387.7100108718872,-72.36019567281951,-72.36019567281951
387.7200108718872,-72.36093965799886,-72.36093965799886
387.7300108718872,-72.36168794317379,-72.36168794317379
387.7400108718872,-72.36244066291691,-72.36244066291691
387.7500108718872,-72.36319794933976,-72.36319794933976
387.76001087188723,-72.36395993211079,-72.36395993211079
387.7700108718872,-72.36472673850615,-72.36472673850615
387.7800108718872,-72.36549849342288,-72.36549849342288
387.7900108718872,-72.3662753194343,-72.3662753194343
387.8000108718872,-72.36705733679668,-72.36705733679668
387.8100108718872,-72.36784466349293,-72.36784466349293
387.82001087188723,-72.36863741526221,-72.36863741526221
387.8300108718872,-72.36943570561503,-72.36943570561503
387.8400108718872,-72.37023964589628,-72.37023964589628
387.8500108718872,-72.37104934528705,-72.37104934528705
387.8600108718872,-72.37186491083168,-72.37186491083168
387.8700108718872,-72.37268644748134,-72.37268644748134
387.8800108718872,-72.37351405812147,-72.37351405812147
387.8900108718872,-72.37434784359404,-72.37434784359404
387.9000108718872,-72.37518790272584,-72.37518790272584
387.9100108718872,-72.37603433236755,-72.37603433236755
387.9200108718872,-72.37688722739216,-72.37688722739216
387.9300108718872,-72.37774668076494,-72.37774668076494
387.9400108718872,-72.37861278352321,-72.37861278352321
387.95001087188723,-72.37948562484445,-72.37948562484445
387.9600108718872,-72.3803652920453,-72.3803652920453
387.9700108718872,-72.38125187063055,-72.38125187063055
387.9800108718872,-72.38214544429236,-72.38214544429236
387.9900108718872,-72.38304609494087,-72.38304609494087
388.0000108718872,-72.38395390276132,-72.38395390276132
388.01001087188723,-72.38486894618978,-72.38486894618978
388.0200108718872,-72.38579130198907,-72.38579130198907
388.0300108718872,-72.38672104522065,-72.38672104522065
388.0400108718872,-72.38765824930744,-72.38765824930744
388.0500108718872,-72.38860298604565,-72.38860298604565
388.0600108718872,-72.38955532562021,-72.38955532562021
388.07001087188723,-72.3905153366397,-72.3905153366397
388.0800108718872,-72.3914830861444,-72.3914830861444
388.0900108718872,-72.39245863965337,-72.39245863965337
388.1000108718872,-72.39344206116148,-72.39344206116148
388.1100108718872,-72.39443341317185,-72.39443341317185
388.1200108718872,-72.39543275672506,-72.39543275672506
388.1300108718872,-72.39644015139667,-72.39644015139667
388.1400108718872,-72.39745565534889,-72.39745565534889
388.1500108718872,-72.39847932533071,-72.39847932533071
388.1600108718872,-72.39951121670741,-72.39951121670741
388.1700108718872,-72.4005513834724,-72.4005513834724
388.1800108718872,-72.40159987827921,-72.40159987827921
388.1900108718872,-72.40265675245053,-72.40265675245053
388.20001087188723,-72.40372205600264,-72.40372205600264
388.2100108718872,-72.40479583766063,-72.40479583766063
388.2200108718872,-72.40587814489595,-72.40587814489595
388.2300108718872,-72.406969023919,-72.406969023919
388.2400108718872,-72.40806851970767,-72.40806851970767
388.2500108718872,-72.40917667601977,-72.40917667601977
388.26001087188723,-72.41029353543479,-72.41029353543479
388.2700108718872,-72.41141913934764,-72.41141913934764
388.2800108718872,-72.41255352799257,-72.41255352799257
388.2900108718872,-72.41369674046204,-72.41369674046204
388.3000108718872,-72.41484881471995,-72.41484881471995
388.3100108718872,-72.4160097876274,-72.4160097876274
388.32001087188723,-72.41717969494432,-72.41717969494432
388.3300108718872,-72.41835857136616,-72.41835857136616
388.3400108718872,-72.41954645052756,-72.41954645052756
388.3500108718872,-72.4207433650117,-72.4207433650117
388.3600108718872,-72.42194934637402,-72.42194934637402
388.3700108718872,-72.42316442517365,-72.42316442517365
388.3800108718872,-72.42438863095614,-72.42438863095614
388.3900108718872,-72.4256219922903,-72.4256219922903
388.4000108718872,-72.42686453677634,-72.42686453677634
388.4100108718872,-72.42811629106319,-72.42811629106319
388.4200108718872,-72.42937728086692,-72.42937728086692
388.4300108718872,-72.43064753097063,-72.43064753097063
388.4400108718872,-72.4319270652613,-72.4319270652613
388.45001089572906,-72.4332159097805,-72.4332159097805
388.46001089572906,-72.43451408053245,-72.43451408053245
388.47001089572905,-72.4358216017755,-72.4358216017755
388.48001089572904,-72.4371384938829,-72.4371384938829
388.4900108957291,-72.43846477639605,-72.43846477639605
388.5000108957291,-72.43980046802929,-72.43980046802929
388.51001089572907,-72.44114558666016,-72.44114558666016
388.52001089572906,-72.44250014937234,-72.44250014937234
388.53001089572905,-72.44386417246339,-72.44386417246339
388.54001089572904,-72.44523767144956,-72.44523767144956
388.5500108957291,-72.44662066107381,-72.44662066107381
388.5600108957291,-72.44801315532474,-72.44801315532474
388.57001089572907,-72.44941516745408,-72.44941516745408
388.58001089572906,-72.4508267099776,-72.4508267099776
388.59001089572905,-72.45224779468178,-72.45224779468178
388.60001089572904,-72.45367843265534,-72.45367843265534
388.6100108957291,-72.45511863427943,-72.45511863427943
388.6200108957291,-72.456568409257,-72.456568409257
388.6300108957291,-72.45802776660295,-72.45802776660295
388.64001089572906,-72.45949671467153,-72.45949671467153
388.65001089572905,-72.46097526115605,-72.46097526115605
388.66001089572904,-72.46246341311574,-72.46246341311574
388.6700108957291,-72.46396117697138,-72.46396117697138
388.6800108957291,-72.46546855850218,-72.46546855850218
388.6900108957291,-72.46698556288717,-72.46698556288717
388.70001089572906,-72.46851219469261,-72.46851219469261
388.71001089572906,-72.47004845789088,-72.47004845789088
388.72001089572905,-72.47159435586804,-72.47159435586804
388.73001089572904,-72.47314989142852,-72.47314989142852
388.7400108957291,-72.47471506681119,-72.47471506681119
388.7500108957291,-72.47628988369966,-72.47628988369966
388.76001089572907,-72.4778743432122,-72.4778743432122
388.77001089572906,-72.47946844594212,-72.47946844594212
388.78001089572905,-72.48107219193356,-72.48107219193356
388.79001089572904,-72.48268558072388,-72.48268558072388
388.8000108957291,-72.48430861132172,-72.48430861132172
388.8100108957291,-72.48594128222871,-72.48594128222871
388.82001089572907,-72.48758359144868,-72.48758359144868
388.83001089572906,-72.4892355364958,-72.4892355364958
388.84001089572905,-72.49089711439576,-72.49089711439576
388.85001089572904,-72.49256832170416,-72.49256832170416
388.8600108957291,-72.49424915449507,-72.49424915449507
388.8700108957291,-72.49593960839375,-72.49593960839375
388.8800108957291,-72.49763967857423,-72.49763967857423
388.89001089572906,-72.49934935976582,-72.49934935976582
388.90001089572905,-72.5010686462408,-72.5010686462408
388.91001089572904,-72.50279753185511,-72.50279753185511
388.9200108957291,-72.5045360100496,-72.5045360100496
388.9300108957291,-72.5062840738245,-72.5062840738245
388.9400108957291,-72.5080417157858,-72.5080417157858
388.95001089572906,-72.50980892813037,-72.50980892813037
388.96001089572906,-72.51158570265888,-72.51158570265888
388.97001089572905,-72.51337203078613,-72.51337203078613
388.98001089572904,-72.51516790353618,-72.51516790353618
388.9900108957291,-72.51697331155812,-72.51697331155812
389.0000108957291,-72.51878824513116,-72.51878824513116
389.01001089572907,-72.52061269416951,-72.52061269416951
389.02001089572906,-72.52244664822635,-72.52244664822635
389.03001089572905,-72.52429009650568,-72.52429009650568
389.04001089572904,-72.52614302786372,-72.52614302786372
389.0500108957291,-72.52800543080723,-72.52800543080723
389.0600108957291,-72.52987729352479,-72.52987729352479
389.07001089572907,-72.53175860386479,-72.53175860386479
389.08001089572906,-72.53364934935044,-72.53364934935044
389.09001089572905,-72.53554951719377,-72.53554951719377
389.10001089572904,-72.53745909428724,-72.53745909428724
389.1100108957291,-72.53937806721834,-72.53937806721834
389.1200108957291,-72.54130642227435,-72.54130642227435
389.1300108957291,-72.54324414544462,-72.54324414544462
389.14001089572906,-72.54519122243151,-72.54519122243151
389.15001089572905,-72.54714763864351,-72.54714763864351
389.16001089572904,-72.5491133792138,-72.5491133792138
389.1700108957291,-72.55108842898842,-72.55108842898842
389.1800108957291,-72.55307277256671,-72.55307277256671
389.1900108957291,-72.55506639424728,-72.55506639424728
389.20001089572906,-72.55706927809402,-72.55706927809402
389.21001089572906,-72.55908140789217,-72.55908140789217
389.22001089572905,-72.56110276719323,-72.56110276719323
389.23001089572904,-72.56313333930258,-72.56313333930258
389.2400108957291,-72.56517310725499,-72.56517310725499
389.2500108957291,-72.5672220538776,-72.5672220538776
389.26001089572907,-72.56928016174024,-72.56928016174024
389.27001089572906,-72.57134741319604,-72.57134741319604
389.28001089572905,-72.57342379036788,-72.57342379036788
389.29001089572904,-72.57550927514335,-72.57550927514335
389.3000109195709,-72.57760385420686,-72.57760385420686
389.3100109195709,-72.57970749908549,-72.57970749908549
389.3200109195709,-72.58182019596491,-72.58182019596491
389.3300109195709,-72.58394192592702,-72.58394192592702
389.34001091957094,-72.58607266980856,-72.58607266980856
389.35001091957093,-72.58821240826359,-72.58821240826359
389.3600109195709,-72.5903611217469,-72.5903611217469
389.3700109195709,-72.59251879053511,-72.59251879053511
389.3800109195709,-72.59468539470728,-72.59468539470728
389.3900109195709,-72.59686091415423,-72.59686091415423
389.40001091957095,-72.59904532859866,-72.59904532859866
389.41001091957094,-72.60123861758086,-72.60123861758086
389.4200109195709,-72.60343042395394,-72.60343042395394
389.4300109195709,-72.60560911641693,-72.60560911641693
389.4400109195709,-72.6077646476203,-72.6077646476203
389.4500109195709,-72.60988873123839,-72.60988873123839
389.46001091957095,-72.6119745341388,-72.6119745341388
389.47001091957094,-72.61401638653291,-72.61401638653291
389.48001091957093,-72.61600956495413,-72.61600956495413
389.4900109195709,-72.61795013035731,-72.61795013035731
389.5000109195709,-72.6198348029029,-72.6198348029029
389.5100109195709,-72.62166086198502,-72.62166086198502
389.52001091957095,-72.62342606463646,-72.62342606463646
389.53001091957094,-72.6250965354362,-72.6250965354362
389.54001091957093,-72.62666220434532,-72.62666220434532
389.5500109195709,-72.62811814634195,-72.62811814634195
389.5600109195709,-72.62946036668355,-72.62946036668355
389.5700109195709,-72.63068523156959,-72.63068523156959
389.5800109195709,-72.6317894878442,-72.6317894878442
389.59001091957094,-72.63277031528536,-72.63277031528536
389.60001091957093,-72.6336253405556,-72.6336253405556
389.6100109195709,-72.63435262130155,-72.63435262130155
389.6200109195709,-72.63495061463405,-72.63495061463405
389.6300109195709,-72.63541813960765,-72.63541813960765
389.6400109195709,-72.63575433900301,-72.63575433900301
389.65001091957095,-72.63595864311061,-72.63595864311061
389.66001091957094,-72.63603073674616,-72.63603073674616
389.6700109195709,-72.6359705297079,-72.6359705297079
389.6800109195709,-72.63577813078564,-72.63577813078564
389.6900109195709,-72.6354538248553,-72.6354538248553
389.7000109195709,-72.63499805284648,-72.63499805284648
389.71001091957095,-72.63441139420974,-72.63441139420974
389.72001091957094,-72.6336945515224,-72.6336945515224
389.73001091957093,-72.63284833694325,-72.63284833694325
389.7400109195709,-72.63187366026115,-72.63187366026115
389.7500109195709,-72.63077151833835,-72.63077151833835
389.7600109195709,-72.629542985746,-72.629542985746
389.77001091957095,-72.62818920637098,-72.62818920637098
389.78001091957094,-72.62671138594189,-72.62671138594189
389.79001091957093,-72.62511078534529,-72.62511078534529
389.8000109195709,-72.6233887145715,-72.6233887145715
389.8100109195709,-72.62154652727152,-72.62154652727152
389.8200109195709,-72.61958561583036,-72.61958561583036
389.8300109195709,-72.61750740690722,-72.61750740690722
389.84001091957094,-72.61531335733075,-72.61531335733075
389.85001091957093,-72.61300495043908,-72.61300495043908
389.8600109195709,-72.61058369265027,-72.61058369265027
389.8700109195709,-72.608051110417,-72.608051110417
389.8800109195709,-72.60540874733906,-72.60540874733906
389.8900109195709,-72.60265816159999,-72.60265816159999
389.90001091957095,-72.59980092355168,-72.59980092355168
389.91001091957094,-72.59683861352754,-72.59683861352754
389.9200109195709,-72.5937728198196,-72.5937728198196
389.9300109195709,-72.59060513681449,-72.59060513681449
389.9400109195709,-72.5873371632814,-72.5873371632814
389.9500109195709,-72.58397050075375,-72.58397050075375
389.96001091957095,-72.58050675211467,-72.58050675211467
389.97001091957094,-72.57694752022235,-72.57694752022235
389.98001091957093,-72.57329440663732,-72.57329440663732
389.9900109195709,-72.56954901052778,-72.56954901052778
390.0000109195709,-72.56571292755974,-72.56571292755974
390.0100109195709,-72.561787748938,-72.561787748938
390.02001091957095,-72.5577750604717,-72.5577750604717
390.03001091957094,-72.55367644177736,-72.55367644177736
390.04001091957093,-72.54949346547565,-72.54949346547565
390.0500109195709,-72.54522769649293,-72.54522769649293
390.0600109195709,-72.54088069139732,-72.54088069139732
390.0700109195709,-72.5364539977807,-72.5364539977807
390.0800109195709,-72.53194915374458,-72.53194915374458
390.09001091957094,-72.52736768734285,-72.52736768734285
390.10001091957093,-72.52271111613055,-72.52271111613055
390.1100109195709,-72.5179809467369,-72.5179809467369
390.1200109195709,-72.51317867446886,-72.51317867446886
390.1300109195709,-72.50830578294918,-72.50830578294918
390.1400109195709,-72.50336374377639,-72.50336374377639
390.1500109434128,-72.49835400431097,-72.49835400431097
390.1600109434128,-72.49327803497222,-72.49327803497222
390.17001094341276,-72.48813725790302,-72.48813725790302
390.18001094341275,-72.4829330939334,-72.4829330939334
390.1900109434128,-72.4776669506581,-72.4776669506581
390.2000109434128,-72.4723402222617,-72.4723402222617
390.2100109434128,-72.46695428933943,-72.46695428933943
390.2200109434128,-72.46151051877624,-72.46151051877624
390.23001094341276,-72.45601026362945,-72.45601026362945
390.24001094341276,-72.45045486301493,-72.45045486301493
390.2500109434128,-72.44484564201649,-72.44484564201649
390.2600109434128,-72.43918391162275,-72.43918391162275
390.2700109434128,-72.4334709686707,-72.4334709686707
390.2800109434128,-72.42770809577812,-72.42770809577812
390.29001094341277,-72.42189656132996,-72.42189656132996
390.30001094341276,-72.41603761943777,-72.41603761943777
390.3100109434128,-72.41013250994207,-72.41013250994207
390.3200109434128,-72.40418245838497,-72.40418245838497
390.3300109434128,-72.39818867603215,-72.39818867603215
390.3400109434128,-72.39215235990886,-72.39215235990886
390.35001094341277,-72.38607469275871,-72.38607469275871
390.36001094341276,-72.37995684314659,-72.37995684314659
390.3700109434128,-72.37379996543214,-72.37379996543214
390.3800109434128,-72.36760519985818,-72.36760519985818
390.3900109434128,-72.36137367257145,-72.36137367257145
390.4000109434128,-72.35510649569032,-72.35510649569032
390.4100109434128,-72.34880476737328,-72.34880476737328
390.42001094341276,-72.34246957186073,-72.34246957186073
390.43001094341275,-72.33610197957263,-72.33610197957263
390.4400109434128,-72.32970304716082,-72.32970304716082
390.4500109434128,-72.32327381759877,-72.32327381759877
390.4600109434128,-72.31680902100064,-72.31680902100064
390.4700109434128,-72.31030692330386,-72.31030692330386
390.48001094341276,-72.30376719667788,-72.30376719667788
390.49001094341276,-72.29719015774164,-72.29719015774164
390.5000109434128,-72.29057647668274,-72.29057647668274
390.5100109434128,-72.28392702602994,-72.28392702602994
390.5200109434128,-72.27724279188732,-72.27724279188732
390.5300109434128,-72.27052482058792,-72.27052482058792
390.54001094341277,-72.26377418655224,-72.26377418655224
390.55001094341276,-72.25699197305522,-72.25699197305522
390.5600109434128,-72.25017926077221,-72.25017926077221
390.5700109434128,-72.24333712109724,-72.24333712109724
390.5800109434128,-72.23646661234326,-72.23646661234326
390.5900109434128,-72.22956877773852,-72.22956877773852
390.60001094341277,-72.22264464447072,-72.22264464447072
390.61001094341276,-72.21569522337563,-72.21569522337563
390.6200109434128,-72.20872150900549,-72.20872150900549
390.6300109434128,-72.20172447990502,-72.20172447990502
390.6400109434128,-72.1947050989638,-72.1947050989638
390.6500109434128,-72.18766431386055,-72.18766431386055
390.6600109434128,-72.1806030574781,-72.1806030574781
390.67001094341276,-72.17352224833034,-72.17352224833034
390.68001094341275,-72.16642279094805,-72.16642279094805
390.6900109434128,-72.15930557621753,-72.15930557621753
390.7000109434128,-72.15217148177068,-72.15217148177068
390.7100109434128,-72.14502137223873,-72.14502137223873
390.7200109434128,-72.137856099561,-72.137856099561
390.73001094341276,-72.13067650323181,-72.13067650323181
390.74001094341276,-72.12348341052561,-72.12348341052561
390.7500109434128,-72.11627763672966,-72.11627763672966
390.7600109434128,-72.10905998532974,-72.10905998532974
390.7700109434128,-72.10183124818971,-72.10183124818971
390.7800109434128,-72.09459220573605,-72.09459220573605
390.79001094341277,-72.08734362710939,-72.08734362710939
390.80001094341276,-72.0800862703183,-72.0800862703183
390.8100109434128,-72.07282088237359,-72.07282088237359
390.8200109434128,-72.06554819944853,-72.06554819944853
390.8300109434128,-72.05826894698653,-72.05826894698653
390.8400109434128,-72.05098383984193,-72.05098383984193
390.85001094341277,-72.04369358239241,-72.04369358239241
390.86001094341276,-72.03639886865753,-72.03639886865753
390.8700109434128,-72.02910038242244,-72.02910038242244
390.8800109434128,-72.02179879735694,-72.02179879735694
390.8900109434128,-72.01449477710266,-72.01449477710266
390.9000109434128,-72.0071889753958,-72.0071889753958
390.9100109434128,-71.9998820361813,-71.9998820361813
390.92001094341276,-71.99257459369441,-71.99257459369441
390.93001094341275,-71.98526727260622,-71.98526727260622
390.9400109434128,-71.97796068807449,-71.97796068807449
390.9500109434128,-71.97065544589407,-71.97065544589407
390.9600109434128,-71.96335214256189,-71.96335214256189
390.9700109434128,-71.95605136539862,-71.95605136539862
390.98001094341276,-71.94875369264894,-71.94875369264894
390.99001094341276,-71.94145969356379,-71.94145969356379
391.00001096725464,-71.93416991115151,-71.93416991115151
391.01001096725463,-71.92688493173458,-71.92688493173458
391.0200109672546,-71.91960528083631,-71.91960528083631
391.0300109672546,-71.91233149276187,-71.91233149276187
391.04001096725466,-71.90506409331246,-71.90506409331246
391.05001096725465,-71.89780359990284,-71.89780359990284
391.06001096725464,-71.89055052162395,-71.89055052162395
391.07001096725463,-71.8833053593671,-71.8833053593671
391.0800109672546,-71.87606860590941,-71.87606860590941
391.0900109672546,-71.86884074600263,-71.86884074600263
391.10001096725466,-71.86162225646383,-71.86162225646383
391.11001096725465,-71.85441360628296,-71.85441360628296
391.12001096725464,-71.84721525669592,-71.84721525669592
391.13001096725463,-71.840027661288,-71.840027661288
391.1400109672546,-71.83285126608497,-71.83285126608497
391.1500109672546,-71.82568650963445,-71.82568650963445
391.16001096725466,-71.81853382311056,-71.81853382311056
391.17001096725465,-71.81139363038302,-71.81139363038302
391.18001096725465,-71.80426634811721,-71.80426634811721
391.19001096725464,-71.79715238588143,-71.79715238588143
391.2000109672546,-71.79005214619049,-71.79005214619049
391.2100109672546,-71.78296602462846,-71.78296602462846
391.22001096725467,-71.77589440991528,-71.77589440991528
391.23001096725466,-71.76883768399965,-71.76883768399965
391.24001096725465,-71.76179622215062,-71.76179622215062
391.25001096725464,-71.75477039302744,-71.75477039302744
391.26001096725463,-71.7477605587727,-71.7477605587727
391.2700109672546,-71.7407670750885,-71.7407670750885
391.2800109672546,-71.73379029131074,-71.73379029131074
391.29001096725466,-71.72683055052724,-71.72683055052724
391.30001096725465,-71.71988818961174,-71.71988818961174
391.31001096725464,-71.71296353933081,-71.71296353933081
391.32001096725463,-71.70605692441072,-71.70605692441072
391.3300109672546,-71.6991686636159,-71.6991686636159
391.3400109672546,-71.69229906984958,-71.69229906984958
391.35001096725466,-71.68544845018891,-71.68544845018891
391.36001096725465,-71.6786171060063,-71.6786171060063
391.37001096725464,-71.67180533300582,-71.67180533300582
391.38001096725463,-71.66501342131967,-71.66501342131967
391.3900109672546,-71.65824165557349,-71.65824165557349
391.4000109672546,-71.65149031496385,-71.65149031496385
391.41001096725466,-71.64475967333541,-71.64475967333541
391.42001096725465,-71.63804999923943,-71.63804999923943
391.43001096725465,-71.63136155601212,-71.63136155601212
391.44001096725464,-71.6246946018431,-71.6246946018431
391.4500109672546,-71.61804938985094,-71.61804938985094
391.4600109672546,-71.61142616813412,-71.61142616813412
391.47001096725467,-71.6048251798563,-71.6048251798563
391.48001096725466,-71.5982466633158,-71.5982466633158
391.49001096725465,-71.59169085199227,-71.59169085199227
391.50001096725464,-71.58515797462708,-71.58515797462708
391.51001096725463,-71.5786482552829,-71.5786482552829
391.5200109672546,-71.5721619134182,-71.5721619134182
391.5300109672546,-71.56569916392387,-71.56569916392387
391.54001096725466,-71.55926021721969,-71.55926021721969
391.55001096725465,-71.55284527929147,-71.55284527929147
391.56001096725464,-71.54645455177118,-71.54645455177118
391.57001096725463,-71.54008823196715,-71.54008823196715
391.5800109672546,-71.53374651296323,-71.53374651296323
391.5900109672546,-71.52742958364878,-71.52742958364878
391.60001096725466,-71.52113762878626,-71.52113762878626
391.61001096725465,-71.5148708290674,-71.5148708290674
391.62001096725464,-71.50862936117868,-71.50862936117868
391.63001096725463,-71.50241339783604,-71.50241339783604
391.6400109672546,-71.4962231078665,-71.4962231078665
391.6500109672546,-71.49005865624869,-71.49005865624869
391.66001096725466,-71.48392020416533,-71.48392020416533
391.67001096725465,-71.4778079090594,-71.4778079090594
391.68001096725465,-71.47172192469084,-71.47172192469084
391.69001096725464,-71.46566240118328,-71.46566240118328
391.7000109672546,-71.45962948508469,-71.45962948508469
391.7100109672546,-71.4536233194066,-71.4536233194066
391.72001096725467,-71.4476440436709,-71.4476440436709
391.73001096725466,-71.44169179397673,-71.44169179397673
391.74001096725465,-71.43576670304812,-71.43576670304812
391.75001096725464,-71.42986890025362,-71.42986890025362
391.76001096725463,-71.4239985116907,-71.4239985116907
391.7700109672546,-71.4181556602083,-71.4181556602083
391.7800109672546,-71.41234046545787,-71.41234046545787
391.79001096725466,-71.40655304396267,-71.40655304396267
391.80001096725465,-71.40079350912103,-71.40079350912103
391.81001096725464,-71.39506197128814,-71.39506197128814
391.82001096725463,-71.38935853779044,-71.38935853779044
391.8300109672546,-71.38368331300464,-71.38368331300464
391.8400109672546,-71.37803639835388,-71.37803639835388
391.8500109910965,-71.37241787901866,-71.37241787901866
391.8600109910965,-71.36682787753992,-71.36682787753992
391.8700109910965,-71.36126647336884,-71.36126647336884
391.88001099109647,-71.35573375664329,-71.35573375664329
391.8900109910965,-71.35022981479027,-71.35022981479027
391.9000109910965,-71.34475473255672,-71.34475473255672
391.9100109910965,-71.33930859203534,-71.33930859203534
391.9200109910965,-71.33389147271758,-71.33389147271758
391.9300109910965,-71.32850345153781,-71.32850345153781
391.94001099109647,-71.3231446028914,-71.3231446028914
391.9500109910965,-71.31781499869521,-71.31781499869521
391.9600109910965,-71.31250849562382,-71.31250849562382
391.9700109910965,-71.30722244837902,-71.30722244837902
391.9800109910965,-71.30195560984518,-71.30195560984518
391.9900109910965,-71.29670737971075,-71.29670737971075
392.0000109910965,-71.29147751738509,-71.29147751738509
392.0100109910965,-71.286265992636,-71.286265992636
392.0200109910965,-71.28107289780955,-71.28107289780955
392.0300109910965,-71.27589839502467,-71.27589839502467
392.0400109910965,-71.2707426843267,-71.2707426843267
392.0500109910965,-71.26560598462164,-71.26560598462164
392.0600109910965,-71.26048852224177,-71.26048852224177
392.0700109910965,-71.25539052430348,-71.25539052430348
392.0800109910965,-71.25031221489567,-71.25031221489567
392.0900109910965,-71.24525381301311,-71.24525381301311
392.1000109910965,-71.24021553158325,-71.24021553158325
392.1100109910965,-71.2351975770599,-71.2351975770599
392.1200109910965,-71.23020014947701,-71.23020014947701
392.13001099109647,-71.22522344260462,-71.22522344260462
392.1400109910965,-71.22026764428391,-71.22026764428391
392.1500109910965,-71.2153329367644,-71.2153329367644
392.1600109910965,-71.21041949706064,-71.21041949706064
392.1700109910965,-71.2055274972971,-71.2055274972971
392.1800109910965,-71.20065710501383,-71.20065710501383
392.19001099109647,-71.19580848345478,-71.19580848345478
392.2000109910965,-71.19098179183777,-71.19098179183777
392.2100109910965,-71.18617718555025,-71.18617718555025
392.2200109910965,-71.18139481637323,-71.18139481637323
392.2300109910965,-71.17663483264144,-71.17663483264144
392.2400109910965,-71.17189737940623,-71.17189737940623
392.2500109910965,-71.16718259855249,-71.16718259855249
392.2600109910965,-71.16249062891296,-71.16249062891296
392.2700109910965,-71.15782160638148,-71.15782160638148
392.2800109910965,-71.15317566397917,-71.15317566397917
392.2900109910965,-71.14855293194928,-71.14855293194928
392.3000109910965,-71.14395353781654,-71.14395353781654
392.3100109910965,-71.13937760642534,-71.13937760642534
392.3200109910965,-71.13482526003295,-71.13482526003295
392.3300109910965,-71.13029661830788,-71.13029661830788
392.3400109910965,-71.12579179839747,-71.12579179839747
392.3500109910965,-71.1213109149573,-71.1213109149573
392.3600109910965,-71.11685408018455,-71.11685408018455
392.3700109910965,-71.11242140385552,-71.11242140385552
392.38001099109647,-71.10801299333191,-71.10801299333191
392.3900109910965,-71.10362895360252,-71.10362895360252
392.4000109910965,-71.099269387308,-71.099269387308
392.4100109910965,-71.09493439474495,-71.09493439474495
392.4200109910965,-71.09062407392433,-71.09062407392433
392.4300109910965,-71.08633852054487,-71.08633852054487
392.44001099109647,-71.08207782804067,-71.08207782804067
392.4500109910965,-71.07784208759871,-71.07784208759871
392.4600109910965,-71.07363138817419,-71.07363138817419
392.4700109910965,-71.06944581649365,-71.06944581649365
392.4800109910965,-71.06528545709709,-71.06528545709709
392.4900109910965,-71.06115039235051,-71.06115039235051
392.5000109910965,-71.05704070244786,-71.05704070244786
392.5100109910965,-71.0529564654385,-71.0529564654385
392.5200109910965,-71.04889775724148,-71.04889775724148
392.5300109910965,-71.04486465168682,-71.04486465168682
392.5400109910965,-71.04085722048755,-71.04085722048755
392.5500109910965,-71.03687553328442,-71.03687553328442
392.5600109910965,-71.0329196576827,-71.0329196576827
392.5700109910965,-71.02898965923349,-71.02898965923349
392.5800109910965,-71.02508560146818,-71.02508560146818
392.5900109910965,-71.02120754590634,-71.02120754590634
392.6000109910965,-71.01735555211374,-71.01735555211374
392.6100109910965,-71.01352967765757,-71.01352967765757
392.6200109910965,-71.0097299781693,-71.0097299781693
392.63001099109647,-71.00595650735309,-71.00595650735309
392.6400109910965,-71.00220931700991,-71.00220931700991
392.6500109910965,-70.99848845703576,-70.99848845703576
392.6600109910965,-70.99479397546273,-70.99479397546273
392.6700109910965,-70.99112591846408,-70.99112591846408
392.6800109910965,-70.98748433038246,-70.98748433038246
392.69001099109647,-70.98386925374426,-70.98386925374426
392.70001101493835,-70.9802807207521,-70.9802807207521
392.71001101493835,-70.97671878750947,-70.97671878750947
392.72001101493834,-70.97318348259839,-70.97318348259839
392.7300110149383,-70.96967484148664,-70.96967484148664
392.7400110149384,-70.96619289792154,-70.96619289792154
392.75001101493837,-70.96273768394782,-70.96273768394782
392.76001101493836,-70.95930922993173,-70.95930922993173
392.77001101493835,-70.95590756458068,-70.95590756458068
392.78001101493834,-70.95253271497297,-70.95253271497297
392.79001101493833,-70.94918470655061,-70.94918470655061
392.8000110149384,-70.94586356316336,-70.94586356316336
392.81001101493837,-70.94256930708062,-70.94256930708062
392.82001101493836,-70.93930195900269,-70.93930195900269
392.83001101493835,-70.93606153809708,-70.93606153809708
392.84001101493834,-70.93284806201072,-70.93284806201072
392.85001101493833,-70.9296615468703,-70.9296615468703
392.8600110149384,-70.92650200733824,-70.92650200733824
392.87001101493837,-70.92336945660522,-70.92336945660522
392.88001101493836,-70.9202639064035,-70.9202639064035
392.89001101493835,-70.9171853670533,-70.9171853670533
392.90001101493834,-70.9141338474639,-70.9141338474639
392.91001101493833,-70.91110935515226,-70.91110935515226
392.9200110149384,-70.9081118962718,-70.9081118962718
392.9300110149384,-70.9051414756116,-70.9051414756116
392.94001101493836,-70.90219809664515,-70.90219809664515
392.95001101493835,-70.89928176151436,-70.89928176151436
392.96001101493835,-70.89639247107336,-70.89639247107336
392.97001101493834,-70.89353022489568,-70.89353022489568
392.9800110149383,-70.89069502129578,-70.89069502129578
392.9900110149384,-70.88788685734464,-70.88788685734464
393.00001101493837,-70.88510572889555,-70.88510572889555
393.01001101493836,-70.8823516305809,-70.8823516305809
393.02001101493835,-70.87962455585823,-70.87962455585823
393.03001101493834,-70.87692449701329,-70.87692449701329
393.04001101493833,-70.87425144515905,-70.87425144515905
393.0500110149384,-70.87160539029298,-70.87160539029298
393.06001101493837,-70.86898632128147,-70.86898632128147
393.07001101493836,-70.86639422588739,-70.86639422588739
393.08001101493835,-70.86382909078561,-70.86382909078561
393.09001101493834,-70.86129090158512,-70.86129090158512
393.10001101493833,-70.8587796428424,-70.8587796428424
393.1100110149384,-70.85629529806694,-70.85629529806694
393.12001101493837,-70.85383784975467,-70.85383784975467
393.13001101493836,-70.8514072793988,-70.8514072793988
393.14001101493835,-70.8490035674877,-70.8490035674877
393.15001101493834,-70.84662669355008,-70.84662669355008
393.16001101493833,-70.84427663614804,-70.84427663614804
393.1700110149384,-70.84195337290724,-70.84195337290724
393.1800110149384,-70.83965688051511,-70.83965688051511
393.19001101493836,-70.83738713475076,-70.83738713475076
393.20001101493835,-70.83514411048762,-70.83514411048762
393.21001101493835,-70.83292160865386,-70.83292160865386
393.22001101493834,-70.83071690472876,-70.83071690472876
393.2300110149383,-70.82852866373071,-70.82852866373071
393.2400110149384,-70.82635619416396,-70.82635619416396
393.25001101493837,-70.82419916303672,-70.82419916303672
393.26001101493836,-70.8220574475843,-70.8220574475843
393.27001101493835,-70.81993104818248,-70.81993104818248
393.28001101493834,-70.81782003598877,-70.81782003598877
393.29001101493833,-70.8157245213531,-70.8157245213531
393.3000110149384,-70.81364463487047,-70.81364463487047
393.31001101493837,-70.81158051609935,-70.81158051609935
393.32001101493836,-70.80953230690578,-70.80953230690578
393.33001101493835,-70.80750014767095,-70.80750014767095
393.34001101493834,-70.80548417526616,-70.80548417526616
393.35001101493833,-70.80348452200239,-70.80348452200239
393.3600110149384,-70.8015013152563,-70.8015013152563
393.37001101493837,-70.79953467746529,-70.79953467746529
393.38001101493836,-70.79758472626396,-70.79758472626396
393.39001101493835,-70.79565157480145,-70.79565157480145
393.40001101493834,-70.79373533203969,-70.79373533203969
393.41001101493833,-70.79183610309414,-70.79183610309414
393.4200110149384,-70.78995398955057,-70.78995398955057
393.4300110149384,-70.78808908972007,-70.78808908972007
393.44001101493836,-70.78624149894995,-70.78624149894995
393.45001101493835,-70.78441130981825,-70.78441130981825
393.46001101493835,-70.7825986123453,-70.7825986123453
393.47001101493834,-70.78080349418158,-70.78080349418158
393.4800110149383,-70.77902604074724,-70.77902604074724
393.4900110149384,-70.77726633536197,-70.77726633536197
393.50001101493837,-70.7755244593585,-70.7755244593585
393.51001101493836,-70.77380049217794,-70.77380049217794
393.52001101493835,-70.77209451145613,-70.77209451145613
393.53001101493834,-70.77040659308037,-70.77040659308037
393.54001101493833,-70.76873681124425,-70.76873681124425
393.5500110387802,-70.76708523458744,-70.76708523458744
393.5600110387802,-70.76545194197574,-70.76545194197574
393.5700110387802,-70.76383699885044,-70.76383699885044
393.5800110387802,-70.76224047307747,-70.76224047307747
393.59001103878023,-70.76066243101232,-70.76066243101232
393.6000110387802,-70.7591029375389,-70.7591029375389
393.6100110387802,-70.75756205607054,-70.75756205607054
393.6200110387802,-70.75603984854595,-70.75603984854595
393.6300110387802,-70.75453637547972,-70.75453637547972
393.6400110387802,-70.7530516959644,-70.7530516959644
393.65001103878024,-70.75158586764128,-70.75158586764128
393.6600110387802,-70.75013894676661,-70.75013894676661
393.6700110387802,-70.74871098818407,-70.74871098818407
393.6800110387802,-70.74730204533894,-70.74730204533894
393.6900110387802,-70.74591217029203,-70.74591217029203
393.7000110387802,-70.74454141371076,-70.74454141371076
393.71001103878024,-70.74318365953205,-70.74318365953205
393.7200110387802,-70.74183626079181,-70.74183626079181
393.7300110387802,-70.74049795743595,-70.74049795743595
393.7400110387802,-70.73916813133923,-70.73916813133923
393.7500110387802,-70.73784652173678,-70.73784652173678
393.7600110387802,-70.73653307720662,-70.73653307720662
393.77001103878024,-70.73522786875738,-70.73522786875738
393.78001103878023,-70.73393103754933,-70.73393103754933
393.7900110387802,-70.73264276338813,-70.73264276338813
393.8000110387802,-70.73136324581024,-70.73136324581024
393.8100110387802,-70.73009269281684,-70.73009269281684
393.8200110387802,-70.72883131424294,-70.72883131424294
393.8300110387802,-70.72757931796602,-70.72757931796602
393.84001103878023,-70.7263369078365,-70.7263369078365
393.8500110387802,-70.72510428269216,-70.72510428269216
393.8600110387802,-70.72388163592404,-70.72388163592404
393.8700110387802,-70.72266915545367,-70.72266915545367
393.8800110387802,-70.72146702392742,-70.72146702392742
393.8900110387802,-70.72027541895302,-70.72027541895302
393.90001103878024,-70.71909451344376,-70.71909451344376
393.9100110387802,-70.71792447592118,-70.71792447592118
393.9200110387802,-70.71676547081779,-70.71676547081779
393.9300110387802,-70.71561765876751,-70.71561765876751
393.9400110387802,-70.71448119686644,-70.71448119686644
393.9500110387802,-70.71335623889486,-70.71335623889486
393.96001103878024,-70.71224293551899,-70.71224293551899
393.9700110387802,-70.71114143444647,-70.71114143444647
393.9800110387802,-70.71005188058919,-70.71005188058919
393.9900110387802,-70.70897441619924,-70.70897441619924
394.0000110387802,-70.70790918097401,-70.70790918097401
394.0100110387802,-70.7068563121345,-70.7068563121345
394.02001103878024,-70.70581594451599,-70.70581594451599
394.03001103878023,-70.70478821064218,-70.70478821064218
394.0400110387802,-70.7037732407687,-70.7037732407687
394.0500110387802,-70.70277116294378,-70.70277116294378
394.0600110387802,-70.70178210303786,-70.70178210303786
394.0700110387802,-70.70080618479022,-70.70080618479022
394.0800110387802,-70.69984352983492,-70.69984352983492
394.09001103878023,-70.69889425773137,-70.69889425773137
394.1000110387802,-70.6979584859795,-70.6979584859795
394.1100110387802,-70.69703633004548,-70.69703633004548
394.1200110387802,-70.69612790337274,-70.69612790337274
394.1300110387802,-70.69523331740535,-70.69523331740535
394.1400110387802,-70.69435268160092,-70.69435268160092
394.15001103878024,-70.6934861034494,-70.6934861034494
394.1600110387802,-70.69263368845215,-70.69263368845215
394.1700110387802,-70.69179554018342,-70.69179554018342
394.1800110387802,-70.69097176026266,-70.69097176026266
394.1900110387802,-70.69016244836628,-70.69016244836628
394.2000110387802,-70.68936770226728,-70.68936770226728
394.21001103878024,-70.68858761781641,-70.68858761781641
394.2200110387802,-70.68782228896286,-70.68782228896286
394.2300110387802,-70.68707180776795,-70.68707180776795
394.2400110387802,-70.68633626440923,-70.68633626440923
394.2500110387802,-70.68561574717445,-70.68561574717445
394.2600110387802,-70.6849103425101,-70.6849103425101
394.27001103878024,-70.68422013499456,-70.68422013499456
394.28001103878023,-70.68354520737913,-70.68354520737913
394.2900110387802,-70.68288564057131,-70.68288564057131
394.3000110387802,-70.68224151367366,-70.68224151367366
394.3100110387802,-70.6816129039669,-70.6816129039669
394.3200110387802,-70.68099988694736,-70.68099988694736
394.3300110387802,-70.68040253632266,-70.68040253632266
394.34001103878023,-70.6798209240266,-70.6798209240266
394.3500110387802,-70.67925512024568,-70.67925512024568
394.3600110387802,-70.67870519341395,-70.67870519341395
394.3700110387802,-70.67817121024049,-70.67817121024049
394.3800110387802,-70.67765323571582,-70.67765323571582
394.3900110387802,-70.67715133312207,-70.67715133312207
394.40001106262207,-70.67666556290503,-70.67666556290503
394.41001106262206,-70.67619598734206,-70.67619598734206
394.42001106262205,-70.67574266349803,-70.67574266349803
394.43001106262204,-70.67530564798611,-70.67530564798611
394.4400110626221,-70.67488499579903,-70.67488499579903
394.4500110626221,-70.67448076031513,-70.67448076031513
394.4600110626221,-70.67409299331074,-70.67409299331074
394.47001106262206,-70.67372174497639,-70.67372174497639
394.48001106262205,-70.6733670639348,-70.6733670639348
394.49001106262205,-70.67302899726822,-70.67302899726822
394.5000110626221,-70.67270759051932,-70.67270759051932
394.5100110626221,-70.67240288770613,-70.67240288770613
394.5200110626221,-70.67211493133867,-70.67211493133867
394.53001106262207,-70.67184376245517,-70.67184376245517
394.54001106262206,-70.67158942062426,-70.67158942062426
394.55001106262205,-70.67135194394142,-70.67135194394142
394.5600110626221,-70.6711313690915,-70.6711313690915
394.5700110626221,-70.67092773132039,-70.67092773132039
394.5800110626221,-70.67074106447724,-70.67074106447724
394.59001106262207,-70.67057140101602,-70.67057140101602
394.60001106262206,-70.67041877202902,-70.67041877202902
394.61001106262205,-70.67028320725976,-70.67028320725976
394.6200110626221,-70.67016473510421,-70.67016473510421
394.6300110626221,-70.67006338263516,-70.67006338263516
394.6400110626221,-70.66997917562813,-70.66997917562813
394.65001106262207,-70.66991213857817,-70.66991213857817
394.66001106262206,-70.66986229468915,-70.66986229468915
394.67001106262205,-70.66982966593868,-70.66982966593868
394.68001106262204,-70.66981427303745,-70.66981427303745
394.6900110626221,-70.6698161354963,-70.6698161354963
394.7000110626221,-70.66983527159965,-70.66983527159965
394.7100110626221,-70.66987169846757,-70.66987169846757
394.72001106262206,-70.66992543203816,-70.66992543203816
394.73001106262205,-70.66999648707596,-70.66999648707596
394.74001106262205,-70.67008487722694,-70.67008487722694
394.7500110626221,-70.67019061499805,-70.67019061499805
394.7600110626221,-70.6703137117969,-70.6703137117969
394.7700110626221,-70.6704541779353,-70.6704541779353
394.78001106262207,-70.67061202263834,-70.67061202263834
394.79001106262206,-70.67078725407895,-70.67078725407895
394.80001106262205,-70.670979879376,-70.670979879376
394.8100110626221,-70.67118990461324,-70.67118990461324
394.8200110626221,-70.67141733488069,-70.67141733488069
394.8300110626221,-70.67166217423184,-70.67166217423184
394.84001106262207,-70.67192442576571,-70.67192442576571
394.85001106262206,-70.67220409158466,-70.67220409158466
394.86001106262205,-70.67250117285138,-70.67250117285138
394.8700110626221,-70.67281566977667,-70.67281566977667
394.8800110626221,-70.67314758164561,-70.67314758164561
394.8900110626221,-70.67349690682344,-70.67349690682344
394.90001106262207,-70.67386364278448,-70.67386364278448
394.91001106262206,-70.67424778610959,-70.67424778610959
394.92001106262205,-70.67464933250457,-70.67464933250457
394.93001106262204,-70.67506827683232,-70.67506827683232
394.9400110626221,-70.67550461309249,-70.67550461309249
394.9500110626221,-70.67595833446622,-70.67595833446622
394.9600110626221,-70.67642943330591,-70.67642943330591
394.97001106262206,-70.6769179011658,-70.6769179011658
394.98001106262205,-70.67742372880332,-70.67742372880332
394.99001106262205,-70.67794690619985,-70.67794690619985
395.0000110626221,-70.67848742257331,-70.67848742257331
395.0100110626221,-70.67904526637707,-70.67904526637707
395.0200110626221,-70.67962042533233,-70.67962042533233
395.03001106262207,-70.6802128864271,-70.6802128864271
395.04001106262206,-70.68082263593824,-70.68082263593824
395.05001106262205,-70.68144965943245,-70.68144965943245
395.0600110626221,-70.68209394177646,-70.68209394177646
395.0700110626221,-70.68275546716724,-70.68275546716724
395.0800110626221,-70.68343421912802,-70.68343421912802
395.09001106262207,-70.68413018051955,-70.68413018051955
395.10001106262206,-70.68484333355784,-70.68484333355784
395.11001106262205,-70.68557365982367,-70.68557365982367
395.1200110626221,-70.68632114027932,-70.68632114027932
395.1300110626221,-70.68708575525824,-70.68708575525824
395.1400110626221,-70.6878674845058,-70.6878674845058
395.15001106262207,-70.68866630716451,-70.68866630716451
395.16001106262206,-70.6894822017926,-70.6894822017926
395.17001106262205,-70.69031514638614,-70.69031514638614
395.18001106262204,-70.69116511837618,-70.69116511837618
395.1900110626221,-70.69203209464263,-70.69203209464263
395.2000110626221,-70.69291605152333,-70.69291605152333
395.2100110626221,-70.6938169648236,-70.6938169648236
395.22001106262206,-70.69473480982421,-70.69473480982421
395.23001106262205,-70.69566956129415,-70.69566956129415
395.24001106262205,-70.69662119350733,-70.69662119350733
395.2500110864639,-70.69758968254844,-70.69758968254844
395.2600110864639,-70.69857499713827,-70.69857499713827
395.2700110864639,-70.69957711234852,-70.69957711234852
395.2800110864639,-70.70059600052005,-70.70059600052005
395.29001108646395,-70.70163163355653,-70.70163163355653
395.30001108646394,-70.70268398289222,-70.70268398289222
395.31001108646393,-70.70375301953175,-70.70375301953175
395.3200110864639,-70.70483871405183,-70.70483871405183
395.3300110864639,-70.70594103659707,-70.70594103659707
395.3400110864639,-70.70705995688755,-70.70705995688755
395.35001108646395,-70.70819544426179,-70.70819544426179
395.36001108646394,-70.70934746763602,-70.70934746763602
395.37001108646393,-70.71051599554718,-70.71051599554718
395.3800110864639,-70.71170099614514,-70.71170099614514
395.3900110864639,-70.71290243720765,-70.71290243720765
395.4000110864639,-70.71412028614124,-70.71412028614124
395.41001108646395,-70.71535450998971,-70.71535450998971
395.42001108646394,-70.71660507544607,-70.71660507544607
395.43001108646394,-70.71787194885482,-70.71787194885482
395.4400110864639,-70.71915509622288,-70.71915509622288
395.4500110864639,-70.72045448323205,-70.72045448323205
395.4600110864639,-70.7217639098109,-70.7217639098109
395.47001108646396,-70.72308064327821,-70.72308064327821
395.48001108646395,-70.72440333755601,-70.72440333755601
395.49001108646394,-70.7257312887047,-70.7257312887047
395.5000110864639,-70.72706415065944,-70.72706415065944
395.5100110864639,-70.72840178741993,-70.72840178741993
395.5200110864639,-70.72974418635656,-70.72974418635656
395.5300110864639,-70.73109140604504,-70.73109140604504
395.54001108646395,-70.73244354489317,-70.73244354489317
395.55001108646394,-70.73380072227151,-70.73380072227151
395.56001108646393,-70.73516306730437,-70.73516306730437
395.5700110864639,-70.7365307122393,-70.7365307122393
395.5800110864639,-70.73790378869165,-70.73790378869165
395.5900110864639,-70.73928242558173,-70.73928242558173
395.60001108646395,-70.74066674809748,-70.74066674809748
395.61001108646394,-70.74205687729255,-70.74205687729255
395.62001108646393,-70.74345293005364,-70.74345293005364
395.6300110864639,-70.74485501923667,-70.74485501923667
395.6400110864639,-70.74626325394108,-70.74626325394108
395.6500110864639,-70.7476777397859,-70.7476777397859
395.66001108646395,-70.74909857924465,-70.74909857924465
395.67001108646394,-70.75052587189408,-70.75052587189408
395.68001108646394,-70.75195971474076,-70.75195971474076
395.6900110864639,-70.75340020238819,-70.75340020238819
395.7000110864639,-70.7548474273163,-70.7548474273163
395.7100110864639,-70.75630148002635,-70.75630148002635
395.72001108646396,-70.75776244921346,-70.75776244921346
395.73001108646395,-70.7592304218987,-70.7592304218987
395.74001108646394,-70.76070548355626,-70.76070548355626
395.7500110864639,-70.76218771817386,-70.76218771817386
395.7600110864639,-70.76367720837344,-70.76367720837344
395.7700110864639,-70.76517403546391,-70.76517403546391
395.7800110864639,-70.76667827949302,-70.76667827949302
395.79001108646395,-70.76819001928591,-70.76819001928591
395.80001108646394,-70.76970933249638,-70.76970933249638
395.81001108646393,-70.771236295634,-70.771236295634
395.8200110864639,-70.77277098407819,-70.77277098407819
395.8300110864639,-70.77431347211015,-70.77431347211015
395.8400110864639,-70.77586383291083,-70.77586383291083
395.85001108646395,-70.77742213859568,-70.77742213859568
395.86001108646394,-70.7789884602067,-70.7789884602067
395.87001108646393,-70.78056286770592,-70.78056286770592
395.8800110864639,-70.78214543002048,-70.78214543002048
395.8900110864639,-70.78373621499686,-70.78373621499686
395.9000110864639,-70.78533528943984,-70.78533528943984
395.91001108646395,-70.78694271910106,-70.78694271910106
395.92001108646394,-70.7885585686647,-70.7885585686647
395.93001108646394,-70.79018290177164,-70.79018290177164
395.9400110864639,-70.79181578099872,-70.79181578099872
395.9500110864639,-70.79345726785645,-70.79345726785645
395.9600110864639,-70.79510742281217,-70.79510742281217
395.97001108646396,-70.79676630526953,-70.79676630526953
395.98001108646395,-70.79843397357241,-70.79843397357241
395.99001108646394,-70.8001104850012,-70.8001104850012
396.0000110864639,-70.80179589576683,-70.80179589576683
396.0100110864639,-70.80349026102142,-70.80349026102142
396.0200110864639,-70.80519363486421,-70.80519363486421
396.0300110864639,-70.80690607032054,-70.80690607032054
396.04001108646395,-70.80862761935266,-70.80862761935266
396.05001108646394,-70.81035833287596,-70.81035833287596
396.06001108646393,-70.8120982607413,-70.8120982607413
396.0700110864639,-70.81384745172592,-70.81384745172592
396.0800110864639,-70.81560595356723,-70.81560595356723
396.0900110864639,-70.81737381295501,-70.81737381295501
396.1000111103058,-70.81915107974966,-70.81915107974966
396.1100111103058,-70.82093779009358,-70.82093779009358
396.12001111030577,-70.82273399173273,-70.82273399173273
396.13001111030576,-70.82453972716583,-70.82453972716583
396.1400111103058,-70.82635503786956,-70.82635503786956
396.1500111103058,-70.82817996427806,-70.82817996427806
396.1600111103058,-70.83001454579117,-70.83001454579117
396.1700111103058,-70.83185882080649,-70.83185882080649
396.18001111030577,-70.83371282670781,-70.83371282670781
396.19001111030576,-70.83557659985097,-70.83557659985097
396.2000111103058,-70.83745017560233,-70.83745017560233
396.2100111103058,-70.83933358832915,-70.83933358832915
396.2200111103058,-70.84122687141367,-70.84122687141367
396.2300111103058,-70.84313005725211,-70.84313005725211
396.2400111103058,-70.84504317725897,-70.84504317725897
396.25001111030576,-70.84696626188669,-70.84696626188669
396.2600111103058,-70.84889934062583,-70.84889934062583
396.2700111103058,-70.85084244202723,-70.85084244202723
396.2800111103058,-70.85279559367049,-70.85279559367049
396.2900111103058,-70.85475882221347,-70.85475882221347
396.3000111103058,-70.85673215337953,-70.85673215337953
396.31001111030577,-70.85871561197914,-70.85871561197914
396.3200111103058,-70.86070922190711,-70.86070922190711
396.3300111103058,-70.86271300615604,-70.86271300615604
396.3400111103058,-70.86472698682127,-70.86472698682127
396.3500111103058,-70.866751185112,-70.866751185112
396.3600111103058,-70.86878562136272,-70.86878562136272
396.37001111030577,-70.8708303150396,-70.8708303150396
396.38001111030576,-70.87288528475223,-70.87288528475223
396.3900111103058,-70.87495054825027,-70.87495054825027
396.4000111103058,-70.87702612246092,-70.87702612246092
396.4100111103058,-70.87911202346854,-70.87911202346854
396.4200111103058,-70.881208266541,-70.881208266541
396.43001111030577,-70.88331486612458,-70.88331486612458
396.44001111030576,-70.88543183587583,-70.88543183587583
396.4500111103058,-70.88755918864514,-70.88755918864514
396.4600111103058,-70.88969075576021,-70.88969075576021
396.4700111103058,-70.89182384296112,-70.89182384296112
396.4800111103058,-70.89395714499732,-70.89395714499732
396.4900111103058,-70.8960899995891,-70.8960899995891
396.50001111030576,-70.89822210250495,-70.89822210250495
396.5100111103058,-70.90035335956388,-70.90035335956388
396.5200111103058,-70.90248379977602,-70.90248379977602
396.5300111103058,-70.90461352312177,-70.90461352312177
396.5400111103058,-70.90674266917526,-70.90674266917526
396.5500111103058,-70.908871398207,-70.908871398207
396.56001111030577,-70.91099987995109,-70.91099987995109
396.5700111103058,-70.91312828700545,-70.91312828700545
396.5800111103058,-70.915256791056,-70.915256791056
396.5900111103058,-70.91738556079383,-70.91738556079383
396.6000111103058,-70.9195147609024,-70.9195147609024
396.6100111103058,-70.92164455163903,-70.92164455163903
396.62001111030577,-70.92377508879905,-70.92377508879905
396.63001111030576,-70.92590652385242,-70.92590652385242
396.6400111103058,-70.92803900420898,-70.92803900420898
396.6500111103058,-70.93017267350403,-70.93017267350403
396.6600111103058,-70.93230767190283,-70.93230767190283
396.6700111103058,-70.93444413639139,-70.93444413639139
396.68001111030577,-70.93658220104288,-70.93658220104288
396.69001111030576,-70.93872199726289,-70.93872199726289
396.7000111103058,-70.94086365399335,-70.94086365399335
396.7100111103058,-70.94300729788199,-70.94300729788199
396.7200111103058,-70.94515305348595,-70.94515305348595
396.7300111103058,-70.94730104334216,-70.94730104334216
396.7400111103058,-70.94945138814607,-70.94945138814607
396.75001111030576,-70.95160420680148,-70.95160420680148
396.7600111103058,-70.95375961652704,-70.95375961652704
396.7700111103058,-70.95591773292068,-70.95591773292068
396.7800111103058,-70.95807866999654,-70.95807866999654
396.7900111103058,-70.96024254025481,-70.96024254025481
396.8000111103058,-70.9624094547218,-70.9624094547218
396.81001111030577,-70.96457952296191,-70.96457952296191
396.8200111103058,-70.9667528531073,-70.9667528531073
396.8300111103058,-70.96892955189594,-70.96892955189594
396.8400111103058,-70.97110972466531,-70.97110972466531
396.8500111103058,-70.97329347538101,-70.97329347538101
396.8600111103058,-70.97548090664915,-70.97548090664915
396.87001111030577,-70.97767211970873,-70.97767211970873
396.88001111030576,-70.97986721444006,-70.97986721444006
396.8900111103058,-70.9820662893939,-70.9820662893939
396.9000111103058,-70.98426944177075,-70.98426944177075
396.9100111103058,-70.98647676743076,-70.98647676743076
396.9200111103058,-70.98868836090203,-70.98868836090203
396.93001111030577,-70.99090431535853,-70.99090431535853
396.94001111030576,-70.9931247226564,-70.9931247226564
396.95001113414764,-70.99534967862145,-70.99534967862145
396.96001113414763,-70.99757307200287,-70.99757307200287
396.9700111341476,-70.99979228643518,-70.99979228643518
396.9800111341476,-71.00200609062878,-71.00200609062878
396.99001113414766,-71.00421389652546,-71.00421389652546
397.00001113414766,-71.0064154740295,-71.0064154740295
397.01001113414765,-71.00861080276957,-71.00861080276957
397.02001113414764,-71.01079998514682,-71.01079998514682
397.0300111341476,-71.01298319405954,-71.01298319405954
397.0400111341476,-71.0151606414476,-71.0151606414476
397.05001113414767,-71.01733255942759,-71.01733255942759
397.06001113414766,-71.01949918901796,-71.01949918901796
397.07001113414765,-71.02166077352422,-71.02166077352422
397.08001113414764,-71.02381755473752,-71.02381755473752
397.09001113414763,-71.02596977089644,-71.02596977089644
397.1000111341476,-71.0281176556035,-71.0281176556035
397.11001113414767,-71.03026143745011,-71.03026143745011
397.12001113414766,-71.0324013399409,-71.0324013399409
397.13001113414765,-71.03453758164648,-71.03453758164648
397.14001113414764,-71.03667037644519,-71.03667037644519
397.15001113414763,-71.03879993383269,-71.03879993383269
397.1600111341476,-71.04092645919201,-71.04092645919201
397.17001113414767,-71.04305015410203,-71.04305015410203
397.18001113414766,-71.04517121659137,-71.04517121659137
397.19001113414765,-71.0472898413832,-71.0472898413832
397.20001113414764,-71.04940622008807,-71.04940622008807
397.21001113414763,-71.05152054139934,-71.05152054139934
397.2200111341476,-71.0536329912556,-71.0536329912556
397.2300111341476,-71.05574375295755,-71.05574375295755
397.24001113414766,-71.05785300729379,-71.05785300729379
397.25001113414766,-71.0599609326448,-71.0599609326448
397.26001113414765,-71.06206770504589,-71.06206770504589
397.27001113414764,-71.06417349827097,-71.06417349827097
397.2800111341476,-71.06627848387699,-71.06627848387699
397.2900111341476,-71.06838283126503,-71.06838283126503
397.30001113414767,-71.07048670770894,-71.07048670770894
397.31001113414766,-71.07259027840416,-71.07259027840416
397.32001113414765,-71.07469370647294,-71.07469370647294
397.33001113414764,-71.07679715300192,-71.07679715300192
397.34001113414763,-71.07890077706648,-71.07890077706648
397.3500111341476,-71.08100473572844,-71.08100473572844
397.36001113414767,-71.08310918406222,-71.08310918406222
397.37001113414766,-71.08521427516705,-71.08521427516705
397.38001113414765,-71.08732016017527,-71.08732016017527
397.39001113414764,-71.0894269882487,-71.0894269882487
397.40001113414763,-71.09153490660968,-71.09153490660968
397.4100111341476,-71.09364406051765,-71.09364406051765
397.42001113414767,-71.09575459330124,-71.09575459330124
397.43001113414766,-71.09786664635949,-71.09786664635949
397.44001113414765,-71.09998035915723,-71.09998035915723
397.45001113414764,-71.10209586923678,-71.10209586923678
397.46001113414763,-71.10421331222045,-71.10421331222045
397.4700111341476,-71.1063328218236,-71.1063328218236
397.4800111341476,-71.10845452985966,-71.10845452985966
397.49001113414766,-71.11057856622831,-71.11057856622831
397.50001113414766,-71.11270505895675,-71.11270505895675
397.51001113414765,-71.11483413417808,-71.11483413417808
397.52001113414764,-71.11696591614376,-71.11696591614376
397.5300111341476,-71.11910052724271,-71.11910052724271
397.5400111341476,-71.12123808799451,-71.12123808799451
397.55001113414767,-71.12337871707075,-71.12337871707075
397.56001113414766,-71.12552253129326,-71.12552253129326
397.57001113414765,-71.12766964565786,-71.12766964565786
397.58001113414764,-71.12982017332959,-71.12982017332959
397.59001113414763,-71.13197422565295,-71.13197422565295
397.6000111341476,-71.13413191218059,-71.13413191218059
397.61001113414767,-71.13629334065868,-71.13629334065868
397.62001113414766,-71.13845861706027,-71.13845861706027
397.63001113414765,-71.1406278455893,-71.1406278455893
397.64001113414764,-71.14280112867141,-71.14280112867141
397.65001113414763,-71.14497856700932,-71.14497856700932
397.6600111341476,-71.14716025956021,-71.14716025956021
397.67001113414767,-71.14934630355955,-71.14934630355955
397.68001113414766,-71.1515367945457,-71.1515367945457
397.69001113414765,-71.15373182634752,-71.15373182634752
397.70001113414764,-71.15593149112634,-71.15593149112634
397.71001113414763,-71.1581358793698,-71.1581358793698
397.7200111341476,-71.16034507991321,-71.16034507991321
397.7300111341476,-71.1625591799556,-71.1625591799556
397.74001113414766,-71.16477826506531,-71.16477826506531
397.75001113414766,-71.16700241921453,-71.16700241921453
397.76001113414765,-71.16923172477121,-71.16923172477121
397.77001113414764,-71.17146626252749,-71.17146626252749
397.7800111341476,-71.17370611171731,-71.17370611171731
397.7900111341476,-71.17595135001771,-71.17595135001771
397.8000111579895,-71.17820205893395,-71.17820205893395
397.8100111579895,-71.18045830238947,-71.18045830238947
397.8200111579895,-71.18272015886262,-71.18272015886262
397.8300111579895,-71.18498769998995,-71.18498769998995
397.8400111579895,-71.18726099593631,-71.18726099593631
397.8500111579895,-71.18954011542431,-71.18954011542431
397.8600111579895,-71.19182512572245,-71.19182512572245
397.8700111579895,-71.19411609268631,-71.19411609268631
397.8800111579895,-71.19641308076031,-71.19641308076031
397.8900111579895,-71.19871615299498,-71.19871615299498
397.9000111579895,-71.20102537106725,-71.20102537106725
397.9100111579895,-71.20334079529987,-71.20334079529987
397.9200111579895,-71.20566248466078,-71.20566248466078
397.9300111579895,-71.20799049678843,-71.20799049678843
397.9400111579895,-71.21032488802035,-71.21032488802035
397.9500111579895,-71.21266571339268,-71.21266571339268
397.9600111579895,-71.2150130266552,-71.2150130266552
397.9700111579895,-71.21736688029834,-71.21736688029834
397.9800111579895,-71.21972732556239,-71.21972732556239
397.9900111579895,-71.22209441243925,-71.22209441243925
398.0000111579895,-71.22446818972604,-71.22446818972604
398.0100111579895,-71.22684870499513,-71.22684870499513
398.02001115798953,-71.22923600464134,-71.22923600464134
398.0300111579895,-71.23163013388543,-71.23163013388543
398.0400111579895,-71.2340311367907,-71.2340311367907
398.0500111579895,-71.23643905626753,-71.23643905626753
398.0600111579895,-71.2388539341116,-71.2388539341116
398.0700111579895,-71.24127581099968,-71.24127581099968
398.0800111579895,-71.24370472651526,-71.24370472651526
398.0900111579895,-71.2461407191512,-71.2461407191512
398.1000111579895,-71.24858382633172,-71.24858382633172
398.1100111579895,-71.2510340844298,-71.2510340844298
398.1200111579895,-71.2534915287817,-71.2534915287817
398.1300111579895,-71.25595619368079,-71.25595619368079
398.1400111579895,-71.25842811243102,-71.25842811243102
398.1500111579895,-71.26090731732322,-71.26090731732322
398.1600111579895,-71.26339383966891,-71.26339383966891
398.1700111579895,-71.26588770981319,-71.26588770981319
398.1800111579895,-71.26838895713725,-71.26838895713725
398.1900111579895,-71.27089761007512,-71.27089761007512
398.2000111579895,-71.27341369614473,-71.27341369614473
398.2100111579895,-71.27593724193505,-71.27593724193505
398.2200111579895,-71.2784682731382,-71.2784682731382
398.2300111579895,-71.28100681454524,-71.28100681454524
398.2400111579895,-71.28355289009002,-71.28355289009002
398.2500111579895,-71.28610652281913,-71.28610652281913
398.2600111579895,-71.28866773494015,-71.28866773494015
398.27001115798953,-71.29123654781613,-71.29123654781613
398.2800111579895,-71.29381298197892,-71.29381298197892
398.2900111579895,-71.29639705715027,-71.29639705715027
398.3000111579895,-71.29898879224966,-71.29898879224966
398.3100111579895,-71.30158820539249,-71.30158820539249
398.3200111579895,-71.30419531393272,-71.30419531393272
398.3300111579895,-71.3068101344386,-71.3068101344386
398.3400111579895,-71.30943268273266,-71.30943268273266
398.3500111579895,-71.31206297388924,-71.31206297388924
398.3600111579895,-71.3147010222514,-71.3147010222514
398.3700111579895,-71.31734684142698,-71.31734684142698
398.3800111579895,-71.3200004443281,-71.3200004443281
398.3900111579895,-71.32266184315914,-71.32266184315914
398.4000111579895,-71.3253310494314,-71.3253310494314
398.4100111579895,-71.32800807398566,-71.32800807398566
398.4200111579895,-71.33069292697493,-71.33069292697493
398.4300111579895,-71.33338561790744,-71.33338561790744
398.4400111579895,-71.33608615564249,-71.33608615564249
398.4500111579895,-71.33879454839698,-71.33879454839698
398.4600111579895,-71.34150458347202,-71.34150458347202
398.4700111579895,-71.34421354422732,-71.34421354422732
398.4800111579895,-71.34692011158091,-71.34692011158091
398.4900111579895,-71.34962361330352,-71.34962361330352
398.5000111579895,-71.35232373741653,-71.35232373741653
398.5100111579895,-71.3550203832938,-71.3550203832938
398.52001115798953,-71.35771357438327,-71.35771357438327
398.5300111579895,-71.36040340569522,-71.36040340569522
398.5400111579895,-71.36309001224494,-71.36309001224494
398.5500111579895,-71.36577355012598,-71.36577355012598
398.5600111579895,-71.36845418519145,-71.36845418519145
398.5700111579895,-71.37113208643889,-71.37113208643889
398.5800111579895,-71.37380742219224,-71.37380742219224
398.5900111579895,-71.3764803580533,-71.3764803580533
398.6000111579895,-71.37915105582469,-71.37915105582469
398.6100111579895,-71.38181967312106,-71.38181967312106
398.6200111579895,-71.38448636331454,-71.38448636331454
398.6300111579895,-71.38715127568366,-71.38715127568366
398.6400111579895,-71.3898145556579,-71.3898145556579
398.65001118183136,-71.39247635142675,-71.39247635142675
398.66001118183135,-71.39513678891304,-71.39513678891304
398.67001118183134,-71.39779601007452,-71.39779601007452
398.68001118183133,-71.40045414781702,-71.40045414781702
398.6900111818314,-71.40311133256579,-71.40311133256579
398.70001118183137,-71.40576769247679,-71.40576769247679
398.71001118183136,-71.40842335359729,-71.40842335359729
398.72001118183135,-71.41107844005161,-71.41107844005161
398.73001118183134,-71.4137330741561,-71.4137330741561
398.74001118183133,-71.41638737652123,-71.41638737652123
398.7500111818314,-71.41904146615224,-71.41904146615224
398.7600111818314,-71.42169546054039,-71.42169546054039
398.77001118183136,-71.42434947571022,-71.42434947571022
398.78001118183136,-71.42700362627434,-71.42700362627434
398.79001118183135,-71.42965802548117,-71.42965802548117
398.80001118183134,-71.43231278524893,-71.43231278524893
398.8100111818314,-71.43496801619978,-71.43496801619978
398.8200111818314,-71.43762382766461,-71.43762382766461
398.83001118183137,-71.44028032771728,-71.44028032771728
398.84001118183136,-71.44293762319207,-71.44293762319207
398.85001118183135,-71.44559581966757,-71.44559581966757
398.86001118183134,-71.44825502150415,-71.44825502150415
398.8700111818314,-71.45091533183289,-71.45091533183289
398.8800111818314,-71.45357685256123,-71.45357685256123
398.89001118183137,-71.45623968437744,-71.45623968437744
398.90001118183136,-71.45890392675413,-71.45890392675413
398.91001118183135,-71.46156967794353,-71.46156967794353
398.92001118183134,-71.46423703498343,-71.46423703498343
398.93001118183133,-71.46690609367755,-71.46690609367755
398.9400111818314,-71.46957694863193,-71.46957694863193
398.95001118183137,-71.47224969321938,-71.47224969321938
398.96001118183136,-71.47491818786719,-71.47491818786719
398.97001118183135,-71.47757979492509,-71.47757979492509
398.98001118183134,-71.48023327620801,-71.48023327620801
398.99001118183133,-71.48287804090138,-71.48287804090138
399.0000111818314,-71.4855138584521,-71.4855138584521
399.0100111818314,-71.48814070938991,-71.48814070938991
399.02001118183136,-71.49075869788145,-71.49075869788145
399.03001118183136,-71.4933679991589,-71.4933679991589
399.04001118183135,-71.49596882790107,-71.49596882790107
399.05001118183134,-71.4985614192538,-71.4985614192538
399.0600111818314,-71.50114601749401,-71.50114601749401
399.0700111818314,-71.50372286939,-71.50372286939
399.08001118183137,-71.50629222039709,-71.50629222039709
399.09001118183136,-71.50885431254876,-71.50885431254876
399.10001118183135,-71.51140938342502,-71.51140938342502
399.11001118183134,-71.5139576657284,-71.5139576657284
399.1200111818314,-71.51649938721546,-71.51649938721546
399.1300111818314,-71.51903477084434,-71.51903477084434
399.14001118183137,-71.52156403502569,-71.52156403502569
399.15001118183136,-71.52408739389655,-71.52408739389655
399.16001118183135,-71.52660505761952,-71.52660505761952
399.17001118183134,-71.52911723265822,-71.52911723265822
399.18001118183133,-71.53162412204387,-71.53162412204387
399.1900111818314,-71.53412592560471,-71.53412592560471
399.20001118183137,-71.53662284018591,-71.53662284018591
399.21001118183136,-71.53911505979704,-71.53911505979704
399.22001118183135,-71.54160277579511,-71.54160277579511
399.23001118183134,-71.54408617700533,-71.54408617700533
399.24001118183133,-71.54656544983028,-71.54656544983028
399.2500111818314,-71.5490407783326,-71.5490407783326
399.2600111818314,-71.551512344339,-71.551512344339
399.27001118183136,-71.55398032748118,-71.55398032748118
399.28001118183136,-71.55644490526358,-71.55644490526358
399.29001118183135,-71.55890625310096,-71.55890625310096
399.30001118183134,-71.56136454437167,-71.56136454437167
399.3100111818314,-71.56381995041986,-71.56381995041986
399.3200111818314,-71.56627264060153,-71.56627264060153
399.33001118183137,-71.56872278230371,-71.56872278230371
399.34001118183136,-71.57117054095755,-71.57117054095755
399.35001118183135,-71.57361608004628,-71.57361608004628
399.36001118183134,-71.57605956111321,-71.57605956111321
399.3700111818314,-71.57850114378927,-71.57850114378927
399.3800111818314,-71.58094098579517,-71.58094098579517
399.39001118183137,-71.5833792429317,-71.5833792429317
399.40001118183136,-71.58581606909844,-71.58581606909844
399.41001118183135,-71.58825161629514,-71.58825161629514
399.42001118183134,-71.59068603462748,-71.59068603462748
399.43001118183133,-71.5931194723107,-71.5931194723107
399.4400111818314,-71.5955520756679,-71.5955520756679
399.45001118183137,-71.59798398915493,-71.59798398915493
399.46001118183136,-71.60040911346351,-71.60040911346351
399.47001118183135,-71.60282485672577,-71.60282485672577
399.48001118183134,-71.60523002828673,-71.60523002828673
399.49001118183133,-71.60762408527687,-71.60762408527687
399.5000112056732,-71.61000685068785,-71.61000685068785
399.5100112056732,-71.6123783412689,-71.6123783412689
399.5200112056732,-71.61473871404829,-71.61473871404829
399.5300112056732,-71.61708819090147,-71.61708819090147
399.54001120567324,-71.61942703257131,-71.61942703257131
399.55001120567323,-71.6217555196874,-71.6217555196874
399.5600112056732,-71.62407394142797,-71.62407394142797
399.5700112056732,-71.62638258884567,-71.62638258884567
399.5800112056732,-71.62868175109342,-71.62868175109342
399.5900112056732,-71.63097171329949,-71.63097171329949
399.60001120567324,-71.63325275554595,-71.63325275554595
399.61001120567323,-71.63552515245078,-71.63552515245078
399.6200112056732,-71.63778917311991,-71.63778917311991
399.6300112056732,-71.64004508127456,-71.64004508127456
399.6400112056732,-71.64229313551118,-71.64229313551118
399.6500112056732,-71.6445335896069,-71.6445335896069
399.66001120567324,-71.6467666928006,-71.6467666928006
399.67001120567323,-71.6489926900901,-71.6489926900901
399.6800112056732,-71.6512118224952,-71.6512118224952
399.6900112056732,-71.65342432729508,-71.65342432729508
399.7000112056732,-71.655630438246,-71.655630438246
399.7100112056732,-71.6578303857662,-71.6578303857662
399.72001120567325,-71.66002439709081,-71.66002439709081
399.73001120567324,-71.66221269640847,-71.66221269640847
399.7400112056732,-71.6643955049682,-71.6643955049682
399.7500112056732,-71.66657304121057,-71.66657304121057
399.7600112056732,-71.66874552081448,-71.66874552081448
399.7700112056732,-71.67091315679565,-71.67091315679565
399.7800112056732,-71.6730761595563,-71.6730761595563
399.79001120567324,-71.67523473692528,-71.67523473692528
399.80001120567323,-71.67738909421917,-71.67738909421917
399.8100112056732,-71.67953943427379,-71.67953943427379
399.8200112056732,-71.68168595746624,-71.68168595746624
399.8300112056732,-71.68382886174092,-71.68382886174092
399.8400112056732,-71.68596834264679,-71.68596834264679
399.85001120567324,-71.68810459333885,-71.68810459333885
399.86001120567323,-71.69023780460245,-71.69023780460245
399.8700112056732,-71.69236816488034,-71.69236816488034
399.8800112056732,-71.69449586025549,-71.69449586025549
399.8900112056732,-71.69662107448744,-71.69662107448744
399.9000112056732,-71.69874398901653,-71.69874398901653
399.91001120567324,-71.70086478298316,-71.70086478298316
399.92001120567323,-71.70298363320218,-71.70298363320218
399.9300112056732,-71.70510071421675,-71.70510071421675
399.9400112056732,-71.70721619828477,-71.70721619828477
399.9500112056732,-71.70933025538146,-71.70933025538146
399.9600112056732,-71.71144305323344,-71.71144305323344
399.97001120567325,-71.71355475730078,-71.71355475730078
399.98001120567324,-71.71566553079971,-71.71566553079971
399.9900112056732,-71.71777553471433,-71.71777553471433
400.0000112056732,-71.719884927805,-71.719884927805
400.0100112056732,-71.72199386660284,-71.72199386660284
400.0200112056732,-71.72410250545275,-71.72410250545275
400.0300112056732,-71.72621099649884,-71.72621099649884
400.04001120567324,-71.72831948969872,-71.72831948969872
400.05001120567323,-71.73042813283939,-71.73042813283939
400.0600112056732,-71.73253707156258,-71.73253707156258
400.0700112056732,-71.73464644935774,-71.73464644935774
400.0800112056732,-71.73675640756228,-71.73675640756228
400.0900112056732,-71.73886708542884,-71.73886708542884
400.10001120567324,-71.74097862008504,-71.74097862008504
400.11001120567323,-71.74309114657135,-71.74309114657135
400.1200112056732,-71.7452047978504,-71.7452047978504
400.1300112056732,-71.74731970482402,-71.74731970482402
400.1400112056732,-71.74943599635458,-71.74943599635458
400.1500112056732,-71.75155379925847,-71.75155379925847
400.16001120567324,-71.75367323835825,-71.75367323835825
400.17001120567323,-71.75579443645736,-71.75579443645736
400.1800112056732,-71.75791751438047,-71.75791751438047
400.1900112056732,-71.76004259099463,-71.76004259099463
400.2000112056732,-71.76216978320866,-71.76216978320866
400.2100112056732,-71.76429920601267,-71.76429920601267
400.22001120567325,-71.76643097245841,-71.76643097245841
400.23001120567324,-71.76856519371572,-71.76856519371572
400.2400112056732,-71.7707019790708,-71.7707019790708
400.2500112056732,-71.77284143595,-71.77284143595
400.2600112056732,-71.7749836699275,-71.7749836699275
400.2700112056732,-71.77712878474843,-71.77712878474843
400.2800112056732,-71.77927688235275,-71.77927688235275
400.29001120567324,-71.78142806290369,-71.78142806290369
400.30001120567323,-71.78358242476841,-71.78358242476841
400.3100112056732,-71.78574006456718,-71.78574006456718
400.3200112056732,-71.78790107718659,-71.78790107718659
400.3300112056732,-71.79006555580095,-71.79006555580095
400.3400112056732,-71.7922335918745,-71.7922335918745
400.3500112295151,-71.79440528035879,-71.79440528035879
400.36001122951507,-71.79658069905246,-71.79658069905246
400.37001122951506,-71.79875993959634,-71.79875993959634
400.38001122951505,-71.80094308684343,-71.80094308684343
400.3900112295151,-71.80313022402828,-71.80313022402828
400.4000112295151,-71.8053214328206,-71.8053214328206
400.4100112295151,-71.80751679331159,-71.80751679331159
400.42001122951507,-71.80971638402322,-71.80971638402322
400.43001122951506,-71.81192028195957,-71.81192028195957
400.44001122951505,-71.8141285626015,-71.8141285626015
400.4500112295151,-71.81634129994369,-71.81634129994369
400.4600112295151,-71.81855856648698,-71.81855856648698
400.4700112295151,-71.8207804332762,-71.8207804332762
400.48001122951507,-71.82300696991527,-71.82300696991527
400.49001122951506,-71.82523824456814,-71.82523824456814
400.50001122951505,-71.8274743240076,-71.8274743240076
400.5100112295151,-71.8297152736127,-71.8297152736127
400.5200112295151,-71.83196115737988,-71.83196115737988
400.5300112295151,-71.83421203795753,-71.83421203795753
400.5400112295151,-71.83646797665224,-71.83646797665224
400.55001122951506,-71.83872903344938,-71.83872903344938
400.56001122951506,-71.84099526703874,-71.84099526703874
400.5700112295151,-71.84326673481013,-71.84326673481013
400.5800112295151,-71.84554349289022,-71.84554349289022
400.5900112295151,-71.84782559615796,-71.84782559615796
400.6000112295151,-71.85011309823291,-71.85011309823291
400.61001122951507,-71.85240605153254,-71.85240605153254
400.62001122951506,-71.85470450726693,-71.85470450726693
400.63001122951505,-71.85700851545825,-71.85700851545825
400.6400112295151,-71.85931812495646,-71.85931812495646
400.6500112295151,-71.86163338345379,-71.86163338345379
400.6600112295151,-71.86395433750393,-71.86395433750393
400.67001122951507,-71.8662810325258,-71.8662810325258
400.68001122951506,-71.86861351284398,-71.86861351284398
400.69001122951505,-71.87095182167573,-71.87095182167573
400.7000112295151,-71.87329600116443,-71.87329600116443
400.7100112295151,-71.87564609239197,-71.87564609239197
400.7200112295151,-71.87800213538586,-71.87800213538586
400.73001122951507,-71.88036416913866,-71.88036416913866
400.74001122951506,-71.8827322316316,-71.8827322316316
400.75001122951505,-71.88510635982783,-71.88510635982783
400.7600112295151,-71.8874865897089,-71.8874865897089
400.7700112295151,-71.8898729562804,-71.8898729562804
400.7800112295151,-71.89226549356647,-71.89226549356647
400.7900112295151,-71.89466423466396,-71.89466423466396
400.80001122951506,-71.89706921171901,-71.89706921171901
400.81001122951506,-71.89948045595989,-71.89948045595989
400.8200112295151,-71.9018979977095,-71.9018979977095
400.8300112295151,-71.90432186638431,-71.90432186638431
400.8400112295151,-71.90675209053016,-71.90675209053016
400.8500112295151,-71.9091886978071,-71.9091886978071
400.86001122951507,-71.9116317150413,-71.9116317150413
400.87001122951506,-71.91408116819093,-71.91408116819093
400.88001122951505,-71.91653708239015,-71.91653708239015
400.8900112295151,-71.91899948195042,-71.91899948195042
400.9000112295151,-71.92146839038286,-71.92146839038286
400.9100112295151,-71.92394383039212,-71.92394383039212
400.92001122951507,-71.92642582390826,-71.92642582390826
400.93001122951506,-71.92891439208117,-71.92891439208117
400.94001122951505,-71.93140955530089,-71.93140955530089
400.9500112295151,-71.93391133321038,-71.93391133321038
400.9600112295151,-71.93641974471186,-71.93641974471186
400.9700112295151,-71.93893480798077,-71.93893480798077
400.98001122951507,-71.94145654048448,-71.94145654048448
400.99001122951506,-71.94398495896834,-71.94398495896834
401.00001122951505,-71.94652007948362,-71.94652007948362
401.0100112295151,-71.94906191741246,-71.94906191741246
401.0200112295151,-71.9516104874575,-71.9516104874575
401.0300112295151,-71.95416580365992,-71.95416580365992
401.0400112295151,-71.95672787939328,-71.95672787939328
401.05001122951506,-71.95929672739358,-71.95929672739358
401.06001122951506,-71.96187235977641,-71.96187235977641
401.0700112295151,-71.96445478801697,-71.96445478801697
401.0800112295151,-71.96704402299653,-71.96704402299653
401.0900112295151,-71.96964007497127,-71.96964007497127
401.1000112295151,-71.97224295360488,-71.97224295360488
401.11001122951507,-71.97485266797696,-71.97485266797696
401.12001122951506,-71.97746922660366,-71.97746922660366
401.13001122951505,-71.98009263742227,-71.98009263742227
401.1400112295151,-71.98272290780247,-71.98272290780247
401.1500112295151,-71.98536004457111,-71.98536004457111
401.1600112295151,-71.98800405402275,-71.98800405402275
401.17001122951507,-71.99065494191328,-71.99065494191328
401.18001122951506,-71.99331271346328,-71.99331271346328
401.19001122951505,-71.9959773733845,-71.9959773733845
401.20001125335693,-71.99864893225121,-71.99864893225121
401.2100112533569,-72.00132738106923,-72.00132738106923
401.2200112533569,-72.00401272937009,-72.00401272937009
401.2300112533569,-72.00670497989876,-72.00670497989876
401.24001125335695,-72.0094041349005,-72.0094041349005
401.25001125335694,-72.01211019615718,-72.01211019615718
401.26001125335694,-72.01482316499782,-72.01482316499782
401.2700112533569,-72.01754304228187,-72.01754304228187
401.2800112533569,-72.0202698284389,-72.0202698284389
401.2900112533569,-72.02300352344369,-72.02300352344369
401.30001125335696,-72.0257441268505,-72.0257441268505
401.31001125335695,-72.02849163778028,-72.02849163778028
401.32001125335694,-72.03124605494412,-72.03124605494412
401.33001125335693,-72.03400737663364,-72.03400737663364
401.3400112533569,-72.03677560073588,-72.03677560073588
401.3500112533569,-72.0395507247496,-72.0395507247496
401.36001125335696,-72.04233274577382,-72.04233274577382
401.37001125335695,-72.0451216605256,-72.0451216605256
401.38001125335694,-72.04791746533927,-72.04791746533927
401.39001125335693,-72.05072015618045,-72.05072015618045
401.4000112533569,-72.05352972865624,-72.05352972865624
401.4100112533569,-72.05634617799548,-72.05634617799548
401.42001125335696,-72.0591694990843,-72.0591694990843
401.43001125335695,-72.0619996864654,-72.0619996864654
401.44001125335694,-72.06483673433483,-72.06483673433483
401.45001125335693,-72.06768063654451,-72.06768063654451
401.4600112533569,-72.07052510200701,-72.07052510200701
401.4700112533569,-72.07336737151513,-72.07336737151513
401.4800112533569,-72.07620609773767,-72.07620609773767
401.49001125335695,-72.07904058685371,-72.07904058685371
401.50001125335694,-72.08187050908842,-72.08187050908842
401.51001125335694,-72.08469574836694,-72.08469574836694
401.5200112533569,-72.08751631415868,-72.08751631415868
401.5300112533569,-72.09033228851406,-72.09033228851406
401.5400112533569,-72.09314379420356,-72.09314379420356
401.55001125335696,-72.09595097558875,-72.09595097558875
401.56001125335695,-72.09875398724562,-72.09875398724562
401.57001125335694,-72.1015529872578,-72.1015529872578
401.58001125335693,-72.10434813336893,-72.10434813336893
401.5900112533569,-72.10713958089183,-72.10713958089183
401.6000112533569,-72.10992748166112,-72.10992748166112
401.61001125335696,-72.1127119835904,-72.1127119835904
401.62001125335695,-72.11549323063642,-72.11549323063642
401.63001125335694,-72.11827136291055,-72.11827136291055
401.64001125335693,-72.12104651694538,-72.12104651694538
401.6500112533569,-72.12381882598277,-72.12381882598277
401.6600112533569,-72.12658842023663,-72.12658842023663
401.67001125335696,-72.12935542721051,-72.12935542721051
401.68001125335695,-72.1321199719278,-72.1321199719278
401.69001125335694,-72.13488217718013,-72.13488217718013
401.70001125335693,-72.13764216372705,-72.13764216372705
401.7100112533569,-72.14040005048093,-72.14040005048093
401.7200112533569,-72.14315595463114,-72.14315595463114
401.7300112533569,-72.14590999178341,-72.14590999178341
401.74001125335695,-72.14866227608043,-72.14866227608043
401.75001125335694,-72.15141292027361,-72.15141292027361
401.76001125335694,-72.154162035807,-72.154162035807
401.7700112533569,-72.15690973288037,-72.15690973288037
401.7800112533569,-72.15965612046934,-72.15965612046934
401.7900112533569,-72.16240130640391,-72.16240130640391
401.80001125335696,-72.16514539737824,-72.16514539737824
401.81001125335695,-72.16788849898174,-72.16788849898174
401.82001125335694,-72.17063071570794,-72.17063071570794
401.83001125335693,-72.17337215098735,-72.17337215098735
401.8400112533569,-72.17611290716896,-72.17611290716896
401.8500112533569,-72.17885308555115,-72.17885308555115
401.86001125335696,-72.18159278638798,-72.18159278638798
401.87001125335695,-72.18433210885532,-72.18433210885532
401.88001125335694,-72.18707115110402,-72.18707115110402
401.89001125335693,-72.1898100102203,-72.1898100102203
401.9000112533569,-72.19254878223755,-72.19254878223755
401.9100112533569,-72.19528756212036,-72.19528756212036
401.92001125335696,-72.19802644378348,-72.19802644378348
401.93001125335695,-72.20076552006408,-72.20076552006408
401.94001125335694,-72.20350488274629,-72.20350488274629
401.95001125335693,-72.20624462253305,-72.20624462253305
401.9600112533569,-72.20898482903839,-72.20898482903839
401.9700112533569,-72.21172559081546,-72.21172559081546
401.9800112533569,-72.21446699531992,-72.21446699531992
401.99001125335695,-72.21720912891936,-72.21720912891936
402.00001125335694,-72.21995207689201,-72.21995207689201
402.01001125335694,-72.2226959234301,-72.2226959234301
402.0200112533569,-72.2254407516152,-72.2254407516152
402.0300112533569,-72.22818664343859,-72.22818664343859
402.0400112533569,-72.23093367979006,-72.23093367979006
402.0500112771988,-72.23368194700508,-72.23368194700508
402.0600112771988,-72.2364315106917,-72.2364315106917
402.0700112771988,-72.23918245497997,-72.23918245497997
402.08001127719876,-72.24193485634726,-72.24193485634726
402.0900112771988,-72.24468879018949,-72.24468879018949
402.1000112771988,-72.24744433079077,-72.24744433079077
402.1100112771988,-72.25020155134567,-72.25020155134567
402.1200112771988,-72.2529605239473,-72.2529605239473
402.1300112771988,-72.25572131960031,-72.25572131960031
402.14001127719877,-72.25848400822281,-72.25848400822281
402.1500112771988,-72.26124865863947,-72.26124865863947
402.1600112771988,-72.2640153385976,-72.2640153385976
402.1700112771988,-72.26678411476324,-72.26678411476324
402.1800112771988,-72.2695550527219,-72.2695550527219
402.1900112771988,-72.2723282169993,-72.2723282169993
402.20001127719877,-72.27510367104777,-72.27510367104777
402.2100112771988,-72.27788147727225,-72.27788147727225
402.2200112771988,-72.28066169701692,-72.28066169701692
402.2300112771988,-72.28344439057301,-72.28344439057301
402.2400112771988,-72.28622961719644,-72.28622961719644
402.2500112771988,-72.28901743510951,-72.28901743510951
402.26001127719877,-72.2918079014882,-72.2918079014882
402.2700112771988,-72.29460107252586,-72.29460107252586
402.2800112771988,-72.29739700336596,-72.29739700336596
402.2900112771988,-72.30019574815246,-72.30019574815246
402.3000112771988,-72.30299736003806,-72.30299736003806
402.3100112771988,-72.30580189117524,-72.30580189117524
402.3200112771988,-72.30860939273566,-72.30860939273566
402.33001127719876,-72.31141991491683,-72.31141991491683
402.3400112771988,-72.31423350695215,-72.31423350695215
402.3500112771988,-72.31705021710195,-72.31705021710195
402.3600112771988,-72.31987009268532,-72.31987009268532
402.3700112771988,-72.3226931800767,-72.3226931800767
402.3800112771988,-72.3255195247104,-72.3255195247104
402.39001127719877,-72.328349171107,-72.328349171107
402.4000112771988,-72.33118216287005,-72.33118216287005
402.4100112771988,-72.33401854267946,-72.33401854267946
402.4200112771988,-72.33685835233257,-72.33685835233257
402.4300112771988,-72.33970163273065,-72.33970163273065
402.4400112771988,-72.34254842390338,-72.34254842390338
402.45001127719877,-72.34539876498255,-72.34539876498255
402.4600112771988,-72.34824638480178,-72.34824638480178
402.4700112771988,-72.35108855696589,-72.35108855696589
402.4800112771988,-72.35392397178751,-72.35392397178751
402.4900112771988,-72.35675197504813,-72.35675197504813
402.5000112771988,-72.35957227741044,-72.35957227741044
402.51001127719877,-72.36238480357436,-72.36238480357436
402.5200112771988,-72.36518960376472,-72.36518960376472
402.5300112771988,-72.36798680062044,-72.36798680062044
402.5400112771988,-72.37077655722601,-72.37077655722601
402.5500112771988,-72.37355905791408,-72.37355905791408
402.5600112771988,-72.37633449684652,-72.37633449684652
402.5700112771988,-72.37910307130487,-72.37910307130487
402.58001127719876,-72.38186497781795,-72.38186497781795
402.5900112771988,-72.3846204100704,-72.3846204100704
402.6000112771988,-72.38736955782849,-72.38736955782849
402.6100112771988,-72.39011260654213,-72.39011260654213
402.6200112771988,-72.39284973726862,-72.39284973726862
402.6300112771988,-72.3955811268059,-72.3955811268059
402.64001127719877,-72.39830694793783,-72.39830694793783
402.6500112771988,-72.40102736974805,-72.40102736974805
402.6600112771988,-72.40374255787911,-72.40374255787911
402.6700112771988,-72.40645267483707,-72.40645267483707
402.6800112771988,-72.4091578802608,-72.4091578802608
402.6900112771988,-72.41185833113467,-72.41185833113467
402.70001127719877,-72.41455418200124,-72.41455418200124
402.7100112771988,-72.41723927000936,-72.41723927000936
402.7200112771988,-72.4199109792615,-72.4199109792615
402.7300112771988,-72.42256811080352,-72.42256811080352
402.7400112771988,-72.4252101207167,-72.4252101207167
402.7500112771988,-72.42783682939611,-72.42783682939611
402.76001127719877,-72.43044827059106,-72.43044827059106
402.7700112771988,-72.4330446028998,-72.4330446028998
402.7800112771988,-72.43562605664867,-72.43562605664867
402.7900112771988,-72.43819290189701,-72.43819290189701
402.8000112771988,-72.4407454292999,-72.4407454292999
402.8100112771988,-72.44328393864959,-72.44328393864959
402.8200112771988,-72.44580873219178,-72.44580873219178
402.83001127719876,-72.44832011075201,-72.44832011075201
402.8400112771988,-72.45081837165041,-72.45081837165041
402.8500112771988,-72.4533038076353,-72.4533038076353
402.8600112771988,-72.4557767064386,-72.4557767064386
402.8700112771988,-72.4582373507335,-72.4582373507335
402.8800112771988,-72.46068601825223,-72.46068601825223
402.89001127719877,-72.46312298202878,-72.46312298202878
402.90001130104065,-72.46554851644503,-72.46554851644503
402.91001130104064,-72.46796287439447,-72.46796287439447
402.92001130104063,-72.47036632231516,-72.47036632231516
402.9300113010406,-72.4727591171979,-72.4727591171979
402.94001130104067,-72.4751415126702,-72.4751415126702
402.95001130104066,-72.47751375914146,-72.47751375914146
402.96001130104065,-72.47987610402058,-72.47987610402058
402.97001130104064,-72.48222879182364,-72.48222879182364
402.98001130104063,-72.48457206431375,-72.48457206431375
402.9900113010406,-72.48690616059048,-72.48690616059048
403.0000113010407,-72.48923131717063,-72.48923131717063
403.01001130104066,-72.49154776808003,-72.49154776808003
403.02001130104065,-72.49385574487175,-72.49385574487175
403.03001130104064,-72.49615547670929,-72.49615547670929
403.04001130104064,-72.49844719037566,-72.49844719037566
403.0500113010406,-72.50073111032337,-72.50073111032337
403.0600113010407,-72.50300745866271,-72.50300745866271
403.07001130104067,-72.50527645521551,-72.50527645521551
403.08001130104066,-72.50753831750764,-72.50753831750764
403.09001130104065,-72.50979326079054,-72.50979326079054
403.10001130104064,-72.51204149803095,-72.51204149803095
403.11001130104063,-72.51428323992792,-72.51428323992792
403.1200113010407,-72.51651869492258,-72.51651869492258
403.13001130104067,-72.51874806917851,-72.51874806917851
403.14001130104066,-72.52097156660278,-72.52097156660278
403.15001130104065,-72.52318938883461,-72.52318938883461
403.16001130104064,-72.52540173524608,-72.52540173524608
403.17001130104063,-72.52760880295423,-72.52760880295423
403.1800113010406,-72.52981078680652,-72.52981078680652
403.19001130104067,-72.53200787938769,-72.53200787938769
403.20001130104066,-72.53420027102102,-72.53420027102102
403.21001130104065,-72.53638814976767,-72.53638814976767
403.22001130104064,-72.5385717014323,-72.5385717014323
403.23001130104063,-72.54075110955188,-72.54075110955188
403.2400113010406,-72.54292655541617,-72.54292655541617
403.2500113010407,-72.54509821806471,-72.54509821806471
403.26001130104066,-72.5472662742877,-72.5472662742877
403.27001130104065,-72.5494308986289,-72.5494308986289
403.28001130104064,-72.55159226339435,-72.55159226339435
403.29001130104064,-72.55375053866136,-72.55375053866136
403.3000113010406,-72.55590589228285,-72.55590589228285
403.3100113010407,-72.55805848988717,-72.55805848988717
403.32001130104067,-72.56020849490989,-72.56020849490989
403.33001130104066,-72.56235606856707,-72.56235606856707
403.34001130104065,-72.56450136988731,-72.56450136988731
403.35001130104064,-72.56664455571851,-72.56664455571851
403.36001130104063,-72.56878578074655,-72.56878578074655
403.3700113010407,-72.570925197475,-72.570925197475
403.38001130104067,-72.57306295627613,-72.57306295627613
403.39001130104066,-72.5751992053799,-72.5751992053799
403.40001130104065,-72.57733409089047,-72.57733409089047
403.41001130104064,-72.57946775680173,-72.57946775680173
403.42001130104063,-72.58160034501176,-72.58160034501176
403.4300113010406,-72.58373199533268,-72.58373199533268
403.44001130104067,-72.58586284550061,-72.58586284550061
403.45001130104066,-72.58799303119429,-72.58799303119429
403.46001130104065,-72.59012268606848,-72.59012268606848
403.47001130104064,-72.59225194174668,-72.59225194174668
403.48001130104063,-72.59438092783618,-72.59438092783618
403.4900113010406,-72.59650977194762,-72.59650977194762
403.5000113010407,-72.59863859972656,-72.59863859972656
403.51001130104066,-72.6007675348518,-72.6007675348518
403.52001130104065,-72.60289669905785,-72.60289669905785
403.53001130104064,-72.605026212158,-72.605026212158
403.54001130104064,-72.60715619204576,-72.60715619204576
403.5500113010406,-72.60928675474219,-72.60928675474219
403.5600113010407,-72.61141801436587,-72.61141801436587
403.57001130104067,-72.61355008320444,-72.61355008320444
403.58001130104066,-72.61568307167951,-72.61568307167951
403.59001130104065,-72.61781708841899,-72.61781708841899
403.60001130104064,-72.61995224022544,-72.61995224022544
403.61001130104063,-72.62208863213374,-72.62208863213374
403.6200113010407,-72.62422636740132,-72.62422636740132
403.63001130104067,-72.62636554754171,-72.62636554754171
403.64001130104066,-72.62850627233415,-72.62850627233415
403.65001130104065,-72.63064863985073,-72.63064863985073
403.66001130104064,-72.63279274646338,-72.63279274646338
403.67001130104063,-72.63493868687583,-72.63493868687583
403.6800113010406,-72.63708655412636,-72.63708655412636
403.69001130104067,-72.63923643962671,-72.63923643962671
403.70001130104066,-72.64138843316537,-72.64138843316537
403.71001130104065,-72.64353628924135,-72.64353628924135
403.72001130104064,-72.6456773211011,-72.6456773211011
403.73001130104063,-72.64781026374983,-72.64781026374983
403.7400113010406,-72.64993450953494,-72.64993450953494
403.7500113248825,-72.65204982145748,-72.65204982145748
403.7600113248825,-72.65415616151252,-72.65415616151252
403.7700113248825,-72.65625363217589,-72.65625363217589
403.7800113248825,-72.65834240282254,-72.65834240282254
403.7900113248825,-72.66042268270336,-72.66042268270336
403.8000113248825,-72.66249470168677,-72.66249470168677
403.8100113248825,-72.66455869881365,-72.66455869881365
403.8200113248825,-72.6666149155486,-72.6666149155486
403.8300113248825,-72.66866359192696,-72.66866359192696
403.8400113248825,-72.67070496443637,-72.67070496443637
403.85001132488253,-72.67273926498756,-72.67273926498756
403.8600113248825,-72.67476672048893,-72.67476672048893
403.8700113248825,-72.67678755277366,-72.67678755277366
403.8800113248825,-72.67880197879552,-72.67880197879552
403.8900113248825,-72.68081021085742,-72.68081021085742
403.9000113248825,-72.68281245690544,-72.68281245690544
403.91001132488253,-72.68480892083862,-72.68480892083862
403.9200113248825,-72.68679980281806,-72.68679980281806
403.9300113248825,-72.68878529952431,-72.68878529952431
403.9400113248825,-72.69076560439316,-72.69076560439316
403.9500113248825,-72.69274090784535,-72.69274090784535
403.9600113248825,-72.69471139748181,-72.69471139748181
403.97001132488253,-72.69667725820817,-72.69667725820817
403.9800113248825,-72.6986386724211,-72.6986386724211
403.9900113248825,-72.70059582008025,-72.70059582008025
404.0000113248825,-72.70254887884916,-72.70254887884916
404.0100113248825,-72.70449802416158,-72.70449802416158
404.0200113248825,-72.70644342928391,-72.70644342928391
404.0300113248825,-72.70838526539553,-72.70838526539553
404.0400113248825,-72.71032370161986,-72.71032370161986
404.0500113248825,-72.71225890507287,-72.71225890507287
404.0600113248825,-72.71419104091542,-72.71419104091542
404.0700113248825,-72.7161202723448,-72.7161202723448
404.0800113248825,-72.71804676064953,-72.71804676064953
404.0900113248825,-72.71997066522623,-72.71997066522623
404.10001132488253,-72.72189214358748,-72.72189214358748
404.1100113248825,-72.72381135136585,-72.72381135136585
404.1200113248825,-72.72572844236585,-72.72572844236585
404.1300113248825,-72.72764356852828,-72.72764356852828
404.1400113248825,-72.72955687996922,-72.72955687996922
404.1500113248825,-72.7314685249622,-72.7314685249622
404.16001132488253,-72.7333786499852,-72.7333786499852
404.1700113248825,-72.73528739967269,-72.73528739967269
404.1800113248825,-72.73719491687066,-72.73719491687066
404.1900113248825,-72.73910134262094,-72.73910134262094
404.2000113248825,-72.74100681615664,-72.74100681615664
404.2100113248825,-72.74291147492167,-72.74291147492167
404.22001132488253,-72.74481545458104,-72.74481545458104
404.2300113248825,-72.74671888900546,-72.74671888900546
404.2400113248825,-72.74862191030874,-72.74862191030874
404.2500113248825,-72.75052464881679,-72.75052464881679
404.2600113248825,-72.75242723309916,-72.75242723309916
404.2700113248825,-72.75432978996942,-72.75432978996942
404.2800113248825,-72.75623244449423,-72.75623244449423
404.2900113248825,-72.7581353199907,-72.7581353199907
404.3000113248825,-72.76003853803742,-72.76003853803742
404.3100113248825,-72.7619422184926,-72.7619422184926
404.3200113248825,-72.7638464794927,-72.7638464794927
404.3300113248825,-72.76575143747144,-72.76575143747144
404.3400113248825,-72.76765720713969,-72.76765720713969
404.35001132488253,-72.76956390153518,-72.76956390153518
404.3600113248825,-72.77147163201413,-72.77147163201413
404.3700113248825,-72.77338050824672,-72.77338050824672
404.3800113248825,-72.77529063824079,-72.77529063824079
404.3900113248825,-72.77720212835969,-72.77720212835969
404.4000113248825,-72.77911508332237,-72.77911508332237
404.41001132488253,-72.78102960622525,-72.78102960622525
404.4200113248825,-72.7829457985398,-72.7829457985398
404.4300113248825,-72.78486376012434,-72.78486376012434
404.4400113248825,-72.7867835892428,-72.7867835892428
404.4500113248825,-72.78870538259939,-72.78870538259939
404.4600113248825,-72.79062923530364,-72.79062923530364
404.47001132488253,-72.79255524091637,-72.79255524091637
404.4800113248825,-72.7944834914383,-72.7944834914383
404.4900113248825,-72.7964140773726,-72.7964140773726
404.5000113248825,-72.79834708767953,-72.79834708767953
404.5100113248825,-72.80028260981842,-72.80028260981842
404.5200113248825,-72.80222072975332,-72.80222072975332
404.5300113248825,-72.80416153197591,-72.80416153197591
404.5400113248825,-72.80610509951582,-72.80610509951582
404.5500113248825,-72.80805151393714,-72.80805151393714
404.5600113248825,-72.81000085539283,-72.81000085539283
404.5700113248825,-72.81195320259427,-72.81195320259427
404.5800113248825,-72.81390863284686,-72.81390863284686
404.5900113248825,-72.81586722207267,-72.81586722207267
404.60001134872437,-72.81782904946745,-72.81782904946745
404.61001134872436,-72.81979417888296,-72.81979417888296
404.62001134872435,-72.82176268678515,-72.82176268678515
404.63001134872434,-72.82373464365801,-72.82373464365801
404.6400113487244,-72.82571011865791,-72.82571011865791
404.6500113487244,-72.82768917963152,-72.82768917963152
404.66001134872437,-72.82967189314354,-72.82967189314354
404.67001134872436,-72.83165832446481,-72.83165832446481
404.68001134872435,-72.83364853760494,-72.83364853760494
404.69001134872434,-72.83564259532615,-72.83564259532615
404.7000113487244,-72.83764055915411,-72.83764055915411
404.7100113487244,-72.83963613859859,-72.83963613859859
404.72001134872437,-72.84162661205916,-72.84162661205916
404.73001134872436,-72.84361068392036,-72.84361068392036
404.74001134872435,-72.84558771805703,-72.84558771805703
404.75001134872434,-72.84755744530038,-72.84755744530038
404.7600113487244,-72.84951981152717,-72.84951981152717
404.7700113487244,-72.85147488861968,-72.85147488861968
404.7800113487244,-72.85342282093457,-72.85342282093457
404.79001134872436,-72.8553637931432,-72.8553637931432
404.80001134872435,-72.85729801092053,-72.85729801092053
404.81001134872434,-72.85922568945337,-72.85922568945337
404.8200113487244,-72.8611470466761,-72.8611470466761
404.8300113487244,-72.86306229940459,-72.86306229940459
404.8400113487244,-72.86497166121825,-72.86497166121825
404.85001134872437,-72.86687534141396,-72.86687534141396
404.86001134872436,-72.86877354457195,-72.86877354457195
404.87001134872435,-72.87066647050916,-72.87066647050916
404.88001134872434,-72.87255431443727,-72.87255431443727
404.8900113487244,-72.8744372672053,-72.8744372672053
404.9000113487244,-72.87631551559834,-72.87631551559834
404.91001134872437,-72.87818924264131,-72.87818924264131
404.92001134872436,-72.88005862789545,-72.88005862789545
404.93001134872435,-72.88192384771637,-72.88192384771637
404.94001134872434,-72.8837850755031,-72.8837850755031
404.9500113487244,-72.88564248192853,-72.88564248192853
404.9600113487244,-72.88749623507623,-72.88749623507623
404.97001134872437,-72.88934650064718,-72.88934650064718
404.98001134872436,-72.89119344206789,-72.89119344206789
404.99001134872435,-72.89303722062243,-72.89303722062243
405.00001134872434,-72.89487799554614,-72.89487799554614
405.0100113487244,-72.89671592409523,-72.89671592409523
405.0200113487244,-72.89855116162812,-72.89855116162812
405.0300113487244,-72.90038386166313,-72.90038386166313
405.04001134872436,-72.90221417590814,-72.90221417590814
405.05001134872435,-72.90404225432616,-72.90404225432616
405.06001134872434,-72.90586824514479,-72.90586824514479
405.0700113487244,-72.90769229489128,-72.90769229489128
405.0800113487244,-72.90951454841765,-72.90951454841765
405.0900113487244,-72.91133514891303,-72.91133514891303
405.10001134872437,-72.91315423791418,-72.91315423791418
405.11001134872436,-72.91497195532504,-72.91497195532504
405.12001134872435,-72.91678843941878,-72.91678843941878
405.13001134872434,-72.91860382684935,-72.91860382684935
405.1400113487244,-72.92041825266209,-72.92041825266209
405.1500113487244,-72.92223185027913,-72.92223185027913
405.16001134872437,-72.92404475152144,-72.92404475152144
405.17001134872436,-72.92585708661184,-72.92585708661184
405.18001134872435,-72.92766898417044,-72.92766898417044
405.19001134872434,-72.92948057123279,-72.92948057123279
405.2000113487244,-72.93129197321329,-72.93129197321329
405.2100113487244,-72.9330969553633,-72.9330969553633
405.22001134872437,-72.9348928561168,-72.9348928561168
405.23001134872436,-72.93667844133846,-72.93667844133846
405.24001134872435,-72.93845313678992,-72.93845313678992
405.25001134872434,-72.94021673528032,-72.94021673528032
405.2600113487244,-72.94196924450327,-72.94196924450327
405.2700113487244,-72.94371079786607,-72.94371079786607
405.2800113487244,-72.94544160092589,-72.94544160092589
405.29001134872436,-72.94716189913942,-72.94716189913942
405.30001134872435,-72.94887195855489,-72.94887195855489
405.31001134872434,-72.95057205426383,-72.95057205426383
405.3200113487244,-72.95226246362438,-72.95226246362438
405.3300113487244,-72.95394346241547,-72.95394346241547
405.3400113487244,-72.9556153226705,-72.9556153226705
405.35001134872437,-72.95727831164308,-72.95727831164308
405.36001134872436,-72.95893269135202,-72.95893269135202
405.37001134872435,-72.96057871854899,-72.96057871854899
405.38001134872434,-72.96221664484032,-72.96221664484032
405.3900113487244,-72.96384671695921,-72.96384671695921
405.4000113487244,-72.96546917703317,-72.96546917703317
405.41001134872437,-72.96708426290246,-72.96708426290246
405.42001134872436,-72.96869220840452,-72.96869220840452
405.43001134872435,-72.97029324362657,-72.97029324362657
405.44001134872434,-72.97188759515903,-72.97188759515903
405.4500113725662,-72.9734754900788,-72.9734754900788
405.4600113725662,-72.97505714099312,-72.97505714099312
405.4700113725662,-72.97663276894767,-72.97663276894767
405.4800113725662,-72.9782025883558,-72.9782025883558
405.49001137256624,-72.97976681093701,-72.97976681093701
405.50001137256623,-72.98132564580452,-72.98132564580452
405.5100113725662,-72.98287929955147,-72.98287929955147
405.5200113725662,-72.98442797631222,-72.98442797631222
405.5300113725662,-72.98597187781789,-72.98597187781789
405.5400113725662,-72.98751120344906,-72.98751120344906
405.55001137256625,-72.98904615028677,-72.98904615028677
405.56001137256624,-72.99057691311864,-72.99057691311864
405.5700113725662,-72.99210368449113,-72.99210368449113
405.5800113725662,-72.99362665472331,-72.99362665472331
405.5900113725662,-72.99514601190747,-72.99514601190747
405.6000113725662,-72.99666194196381,-72.99666194196381
405.61001137256625,-72.99817462862543,-72.99817462862543
405.62001137256624,-72.99968425344623,-72.99968425344623
405.63001137256623,-73.00119099583661,-73.00119099583661
405.6400113725662,-73.00269503303497,-73.00269503303497
405.6500113725662,-73.00419654015899,-73.00419654015899
405.6600113725662,-73.00569569017277,-73.00569569017277
405.67001137256625,-73.00719265392584,-73.00719265392584
405.68001137256624,-73.00868760012756,-73.00868760012756
405.69001137256623,-73.01018069538374,-73.01018069538374
405.7000113725662,-73.01167210417212,-73.01167210417212
405.7100113725662,-73.01315562410747,-73.01315562410747
405.7200113725662,-73.01462862954641,-73.01462862954641
405.7300113725662,-73.01608992333036,-73.01608992333036
405.74001137256624,-73.01753896843059,-73.01753896843059
405.75001137256623,-73.01897559471354,-73.01897559471354
405.7600113725662,-73.02039984666428,-73.02039984666428
405.7700113725662,-73.02181189410791,-73.02181189410791
405.7800113725662,-73.02321197857248,-73.02321197857248
405.7900113725662,-73.02460038103102,-73.02460038103102
405.80001137256625,-73.02597740253684,-73.02597740253684
405.81001137256624,-73.02734335271947,-73.02734335271947
405.8200113725662,-73.02869854296588,-73.02869854296588
405.8300113725662,-73.03004328258596,-73.03004328258596
405.8400113725662,-73.03137787665794,-73.03137787665794
405.8500113725662,-73.03270262498235,-73.03270262498235
405.86001137256625,-73.03401782164345,-73.03401782164345
405.87001137256624,-73.03532375499145,-73.03532375499145
405.88001137256623,-73.03662070776032,-73.03662070776032
405.8900113725662,-73.03790895732739,-73.03790895732739
405.9000113725662,-73.03918877601477,-73.03918877601477
405.9100113725662,-73.0404604314126,-73.0404604314126
405.92001137256625,-73.0417241866398,-73.0417241866398
405.93001137256624,-73.04298030064075,-73.04298030064075
405.94001137256623,-73.04422902841831,-73.04422902841831
405.9500113725662,-73.04547062125617,-73.04547062125617
405.9600113725662,-73.0467053269001,-73.0467053269001
405.9700113725662,-73.04793338971827,-73.04793338971827
405.9800113725662,-73.04915505086304,-73.04915505086304
405.99001137256624,-73.05037054836225,-73.05037054836225
406.00001137256623,-73.05158011724203,-73.05158011724203
406.0100113725662,-73.05278398959308,-73.05278398959308
406.0200113725662,-73.05398239466837,-73.05398239466837
406.0300113725662,-73.05517555893,-73.05517555893
406.0400113725662,-73.05636370609605,-73.05636370609605
406.05001137256625,-73.05754705720531,-73.05754705720531
406.06001137256624,-73.0587258306356,-73.0587258306356
406.0700113725662,-73.05990024214653,-73.05990024214653
406.0800113725662,-73.06107050490587,-73.06107050490587
406.0900113725662,-73.0622368295102,-73.0622368295102
406.1000113725662,-73.06339942399545,-73.06339942399545
406.11001137256625,-73.06455849388117,-73.06455849388117
406.12001137256624,-73.06571424216173,-73.06571424216173
406.13001137256623,-73.066866869338,-73.066866869338
406.1400113725662,-73.06801657341936,-73.06801657341936
406.1500113725662,-73.06916354992639,-73.06916354992639
406.1600113725662,-73.07030799192846,-73.07030799192846
406.17001137256625,-73.07145009003231,-73.07145009003231
406.18001137256624,-73.07259003240856,-73.07259003240856
406.19001137256623,-73.07372800477857,-73.07372800477857
406.2000113725662,-73.07486419046363,-73.07486419046363
406.2100113725662,-73.07599877034787,-73.07599877034787
406.2200113725662,-73.07713192292232,-73.07713192292232
406.2300113725662,-73.07826382429035,-73.07826382429035
406.24001137256624,-73.07939464816516,-73.07939464816516
406.25001137256623,-73.08052456590528,-73.08052456590528
406.2600113725662,-73.08165374648992,-73.08165374648992
406.2700113725662,-73.08278235656859,-73.08278235656859
406.2800113725662,-73.08391056045566,-73.08391056045566
406.2900113725662,-73.08503852012808,-73.08503852012808
406.3000113964081,-73.08616639795966,-73.08616639795966
406.3100113964081,-73.08729434596995,-73.08729434596995
406.32001139640806,-73.0884225219387,-73.0884225219387
406.33001139640805,-73.08955107871502,-73.08955107871502
406.3400113964081,-73.09068016687384,-73.09068016687384
406.3500113964081,-73.09180993477793,-73.09180993477793
406.3600113964081,-73.09294052854901,-73.09294052854901
406.3700113964081,-73.09407209211312,-73.09407209211312
406.38001139640807,-73.0952047672041,-73.0952047672041
406.39001139640806,-73.09633869338501,-73.09633869338501
406.4000113964081,-73.09747400805651,-73.09747400805651
406.4100113964081,-73.09861084648456,-73.09861084648456
406.4200113964081,-73.09974934181957,-73.09974934181957
406.4300113964081,-73.10088962509504,-73.10088962509504
406.44001139640807,-73.102031825268,-73.102031825268
406.45001139640806,-73.10317606921268,-73.10317606921268
406.4600113964081,-73.10432248176654,-73.10432248176654
406.4700113964081,-73.10547118573125,-73.10547118573125
406.4800113964081,-73.10662230189466,-73.10662230189466
406.4900113964081,-73.10777594904434,-73.10777594904434
406.50001139640807,-73.1089322439936,-73.1089322439936
406.51001139640806,-73.11009130160893,-73.11009130160893
406.5200113964081,-73.11125323480715,-73.11125323480715
406.5300113964081,-73.11241815459294,-73.11241815459294
406.5400113964081,-73.11358617005598,-73.11358617005598
406.5500113964081,-73.11475738842255,-73.11475738842255
406.5600113964081,-73.11593191505946,-73.11593191505946
406.57001139640806,-73.11710985347689,-73.11710985347689
406.58001139640805,-73.11829130537,-73.11829130537
406.5900113964081,-73.11947637064263,-73.11947637064263
406.6000113964081,-73.12066514739765,-73.12066514739765
406.6100113964081,-73.12185773198044,-73.12185773198044
406.6200113964081,-73.12305421900814,-73.12305421900814
406.63001139640807,-73.12425470135163,-73.12425470135163
406.64001139640806,-73.12545927017906,-73.12545927017906
406.6500113964081,-73.12666801498678,-73.12666801498678
406.6600113964081,-73.12788102359512,-73.12788102359512
406.6700113964081,-73.12909838219271,-73.12909838219271
406.6800113964081,-73.13032017531359,-73.13032017531359
406.69001139640807,-73.13154648590859,-73.13154648590859
406.70001139640806,-73.13277739532177,-73.13277739532177
406.7100113964081,-73.13401298334239,-73.13401298334239
406.7200113964081,-73.1352533281995,-73.1352533281995
406.7300113964081,-73.13649850660119,-73.13649850660119
406.7400113964081,-73.13774859372957,-73.13774859372957
406.75001139640807,-73.13900366327672,-73.13900366327672
406.76001139640806,-73.14026378745677,-73.14026378745677
406.7700113964081,-73.14152903703292,-73.14152903703292
406.7800113964081,-73.14279948132591,-73.14279948132591
406.7900113964081,-73.14407518823577,-73.14407518823577
406.8000113964081,-73.14535622425792,-73.14535622425792
406.8100113964081,-73.14664265450848,-73.14664265450848
406.82001139640806,-73.14793454273735,-73.14793454273735
406.83001139640805,-73.1492319513404,-73.1492319513404
406.8400113964081,-73.15053494137901,-73.15053494137901
406.8500113964081,-73.15184357261104,-73.15184357261104
406.8600113964081,-73.1531579034856,-73.1531579034856
406.8700113964081,-73.15447799119565,-73.15447799119565
406.88001139640807,-73.15580389164653,-73.15580389164653
406.89001139640806,-73.1571356595068,-73.1571356595068
406.9000113964081,-73.15847334821585,-73.15847334821585
406.9100113964081,-73.1598170100015,-73.1598170100015
406.9200113964081,-73.16116669589611,-73.16116669589611
406.9300113964081,-73.16252245576092,-73.16252245576092
406.94001139640807,-73.16388433828082,-73.16388433828082
406.95001139640806,-73.16525239099074,-73.16525239099074
406.9600113964081,-73.16662666031628,-73.16662666031628
406.9700113964081,-73.1680071915415,-73.1680071915415
406.9800113964081,-73.16939402886182,-73.16939402886182
406.9900113964081,-73.17078721538523,-73.17078721538523
407.00001139640807,-73.17218679315069,-73.17218679315069
407.01001139640806,-73.17359280314422,-73.17359280314422
407.0200113964081,-73.17500528530512,-73.17500528530512
407.0300113964081,-73.17642427855829,-73.17642427855829
407.0400113964081,-73.17784982080298,-73.17784982080298
407.0500113964081,-73.17928194894748,-73.17928194894748
407.0600113964081,-73.18072069892611,-73.18072069892611
407.07001139640806,-73.18216610569213,-73.18216610569213
407.08001139640805,-73.18361820324257,-73.18361820324257
407.0900113964081,-73.18507702465058,-73.18507702465058
407.1000113964081,-73.18654260204659,-73.18654260204659
407.1100113964081,-73.18801496665326,-73.18801496665326
407.1200113964081,-73.18949414878543,-73.18949414878543
407.13001139640807,-73.19098017787765,-73.19098017787765
407.14001139640806,-73.19247308248526,-73.19247308248526
407.15001142024994,-73.19397289387811,-73.19397289387811
407.16001142024993,-73.19547963178394,-73.19547963178394
407.1700114202499,-73.19699332574925,-73.19699332574925
407.1800114202499,-73.19851400095936,-73.19851400095936
407.19001142024996,-73.20004168178615,-73.20004168178615
407.20001142024995,-73.20157639179877,-73.20157639179877
407.21001142024994,-73.2031181537836,-73.2031181537836
407.22001142024993,-73.20466698973587,-73.20466698973587
407.2300114202499,-73.20622292090128,-73.20622292090128
407.2400114202499,-73.20778596776023,-73.20778596776023
407.25001142024996,-73.20935615005727,-73.20935615005727
407.26001142024995,-73.21093348680084,-73.21093348680084
407.27001142024994,-73.21251799627984,-73.21251799627984
407.28001142024993,-73.21410969606157,-73.21410969606157
407.2900114202499,-73.2157086030393,-73.2157086030393
407.3000114202499,-73.21731473340225,-73.21731473340225
407.31001142024996,-73.21892810265062,-73.21892810265062
407.32001142024995,-73.22054872563925,-73.22054872563925
407.33001142024995,-73.22217661654976,-73.22217661654976
407.34001142024994,-73.22381178892344,-73.22381178892344
407.3500114202499,-73.22545425565724,-73.22545425565724
407.3600114202499,-73.22710402902298,-73.22710402902298
407.37001142024997,-73.22876112067715,-73.22876112067715
407.38001142024996,-73.23042554165845,-73.23042554165845
407.39001142024995,-73.23209730242037,-73.23209730242037
407.40001142024994,-73.23377641280796,-73.23377641280796
407.41001142024993,-73.23546288209756,-73.23546288209756
407.4200114202499,-73.23715671898644,-73.23715671898644
407.4300114202499,-73.23885793161658,-73.23885793161658
407.44001142024996,-73.240566527559,-73.240566527559
407.45001142024995,-73.24228251386278,-73.24228251386278
407.46001142024994,-73.2439995106648,-73.2439995106648
407.47001142024993,-73.2457147278984,-73.2457147278984
407.4800114202499,-73.24742681014864,-73.24742681014864
407.4900114202499,-73.24913506582809,-73.24913506582809
407.50001142024996,-73.25083917301458,-73.25083917301458
407.51001142024995,-73.25253902662855,-73.25253902662855
407.52001142024994,-73.2542346489392,-73.2542346489392
407.53001142024993,-73.25592613568807,-73.25592613568807
407.5400114202499,-73.25761362376367,-73.25761362376367
407.5500114202499,-73.25929727179378,-73.25929727179378
407.56001142024996,-73.26097724852812,-73.26097724852812
407.57001142024995,-73.2626537260966,-73.2626537260966
407.58001142024995,-73.26432687607634,-73.26432687607634
407.59001142024994,-73.26599686737427,-73.26599686737427
407.6000114202499,-73.26766386517315,-73.26766386517315
407.6100114202499,-73.26932803048798,-73.26932803048798
407.62001142024997,-73.27098952011005,-73.27098952011005
407.63001142024996,-73.27264848677171,-73.27264848677171
407.64001142024995,-73.27430507937396,-73.27430507937396
407.65001142024994,-73.275959443287,-73.275959443287
407.66001142024993,-73.27761172066387,-73.27761172066387
407.6700114202499,-73.27926205071542,-73.27926205071542
407.6800114202499,-73.28091056998156,-73.28091056998156
407.69001142024996,-73.28255741257279,-73.28255741257279
407.70001142024995,-73.28420271035702,-73.28420271035702
407.71001142024994,-73.28584020328275,-73.28584020328275
407.72001142024993,-73.28746722179368,-73.28746722179368
407.7300114202499,-73.2890825305907,-73.2890825305907
407.7400114202499,-73.29068555744861,-73.29068555744861
407.75001142024996,-73.29227609898155,-73.29227609898155
407.76001142024995,-73.29385416786279,-73.29385416786279
407.77001142024994,-73.29541990323845,-73.29541990323845
407.78001142024993,-73.29697351696566,-73.29697351696566
407.7900114202499,-73.29851526126104,-73.29851526126104
407.8000114202499,-73.30004540929585,-73.30004540929585
407.81001142024996,-73.3015642436336,-73.3015642436336
407.82001142024995,-73.30307204944195,-73.30307204944195
407.83001142024995,-73.30456911061744,-73.30456911061744
407.84001142024994,-73.30605570763343,-73.30605570763343
407.8500114202499,-73.30753211648619,-73.30753211648619
407.8600114202499,-73.30899860826378,-73.30899860826378
407.87001142024997,-73.31045544908774,-73.31045544908774
407.88001142024996,-73.31190290023962,-73.31190290023962
407.89001142024995,-73.31334121840723,-73.31334121840723
407.90001142024994,-73.31477065596954,-73.31477065596954
407.91001142024993,-73.3161914612997,-73.3161914612997
407.9200114202499,-73.31760387902632,-73.31760387902632
407.9300114202499,-73.31900815028656,-73.31900815028656
407.94001142024996,-73.32040451296996,-73.32040451296996
407.95001142024995,-73.32179320191186,-73.32179320191186
407.96001142024994,-73.32317444906545,-73.32317444906545
407.97001142024993,-73.32454848364459,-73.32454848364459
407.9800114202499,-73.32591553222552,-73.32591553222552
407.9900114202499,-73.32727581889912,-73.32727581889912
408.0000114440918,-73.32862956851321,-73.32862956851321
408.0100114440918,-73.3299769938922,-73.3299769938922
408.0200114440918,-73.33131831525307,-73.33131831525307
408.03001144409177,-73.33265374729726,-73.33265374729726
408.0400114440918,-73.33398350251139,-73.33398350251139
408.0500114440918,-73.33530779117538,-73.33530779117538
408.0600114440918,-73.33662682140825,-73.33662682140825
408.0700114440918,-73.33794079914766,-73.33794079914766
408.0800114440918,-73.33924992819489,-73.33924992819489
408.0900114440918,-73.34055441020855,-73.34055441020855
408.1000114440918,-73.34185444471385,-73.34185444471385
408.1100114440918,-73.3431502291024,-73.3431502291024
408.1200114440918,-73.34444195864205,-73.34444195864205
408.1300114440918,-73.34572982645977,-73.34572982645977
408.1400114440918,-73.34701402356218,-73.34701402356218
408.1500114440918,-73.34829473882833,-73.34829473882833
408.1600114440918,-73.34957215900243,-73.34957215900243
408.1700114440918,-73.35084646869986,-73.35084646869986
408.1800114440918,-73.35211785039422,-73.35211785039422
408.1900114440918,-73.35338648442357,-73.35338648442357
408.2000114440918,-73.35465254901054,-73.35465254901054
408.2100114440918,-73.35590982520957,-73.35590982520957
408.2200114440918,-73.35715568783762,-73.35715568783762
408.2300114440918,-73.3583889469142,-73.3583889469142
408.2400114440918,-73.35960907564653,-73.35960907564653
408.2500114440918,-73.36081591579592,-73.36081591579592
408.2600114440918,-73.36200952471546,-73.36200952471546
408.2700114440918,-73.36319008560677,-73.36319008560677
408.28001144409177,-73.36435785366196,-73.36435785366196
408.2900114440918,-73.36551312364911,-73.36551312364911
408.3000114440918,-73.36665621046839,-73.36665621046839
408.3100114440918,-73.3677874375418,-73.3677874375418
408.3200114440918,-73.36890713001864,-73.36890713001864
408.3300114440918,-73.37001561087094,-73.37001561087094
408.3400114440918,-73.37111319875677,-73.37111319875677
408.3500114440918,-73.37220020696051,-73.37220020696051
408.3600114440918,-73.37327694294886,-73.37327694294886
408.3700114440918,-73.37434370832928,-73.37434370832928
408.3800114440918,-73.37540079899355,-73.37540079899355
408.3900114440918,-73.37644850536184,-73.37644850536184
408.4000114440918,-73.37748711269884,-73.37748711269884
408.4100114440918,-73.37851690139398,-73.37851690139398
408.4200114440918,-73.37953814727932,-73.37953814727932
408.4300114440918,-73.38055112187979,-73.38055112187979
408.4400114440918,-73.38155609266278,-73.38155609266278
408.4500114440918,-73.38255332325691,-73.38255332325691
408.4600114440918,-73.38354307365701,-73.38354307365701
408.4700114440918,-73.38452560033782,-73.38452560033782
408.4800114440918,-73.385501156438,-73.385501156438
408.4900114440918,-73.38646999186176,-73.38646999186176
408.5000114440918,-73.3874323533955,-73.3874323533955
408.5100114440918,-73.38838848476524,-73.38838848476524
408.5200114440918,-73.38933862673227,-73.38933862673227
408.53001144409177,-73.39028301713745,-73.39028301713745
408.5400114440918,-73.39122189098325,-73.39122189098325
408.5500114440918,-73.39215548044687,-73.39215548044687
408.5600114440918,-73.39308401492845,-73.39308401492845
408.5700114440918,-73.39400772108962,-73.39400772108962
408.5800114440918,-73.39492682287154,-73.39492682287154
408.5900114440918,-73.39584154152415,-73.39584154152415
408.6000114440918,-73.39675209562984,-73.39675209562984
408.6100114440918,-73.39765870110163,-73.39765870110163
408.6200114440918,-73.39856157122802,-73.39856157122802
408.6300114440918,-73.39946091666641,-73.39946091666641
408.6400114440918,-73.40035694546746,-73.40035694546746
408.6500114440918,-73.40124986307654,-73.40124986307654
408.6600114440918,-73.40213987236348,-73.40213987236348
408.6700114440918,-73.40302717361988,-73.40302717361988
408.6800114440918,-73.40391196455674,-73.40391196455674
408.6900114440918,-73.40479444035404,-73.40479444035404
408.7000114440918,-73.40567479362747,-73.40567479362747
408.7100114440918,-73.40654681610971,-73.40654681610971
408.7200114440918,-73.40740789556257,-73.40740789556257
408.7300114440918,-73.40825685556534,-73.40825685556534
408.7400114440918,-73.40909318295779,-73.40909318295779
408.7500114440918,-73.40991673301272,-73.40991673301272
408.7600114440918,-73.41072757633698,-73.41072757633698
408.7700114440918,-73.41152590913603,-73.41152590913603
408.78001144409177,-73.41231199925242,-73.41231199925242
408.7900114440918,-73.41308615376856,-73.41308615376856
408.8000114440918,-73.41384869953961,-73.41384869953961
408.8100114440918,-73.41459997160979,-73.41459997160979
408.8200114440918,-73.4153403064086,-73.4153403064086
408.8300114440918,-73.41607003785026,-73.41607003785026
408.8400114440918,-73.41678949520518,-73.41678949520518
408.85001146793365,-73.4174990037317,-73.4174990037317
408.86001146793365,-73.41819887747788,-73.41819887747788
408.87001146793364,-73.41888942947061,-73.41888942947061
408.8800114679336,-73.41957096498498,-73.41957096498498
408.8900114679337,-73.42024378355637,-73.42024378355637
408.90001146793367,-73.42090817929781,-73.42090817929781
408.91001146793366,-73.42156444117401,-73.42156444117401
408.92001146793365,-73.42221285333767,-73.42221285333767
408.93001146793364,-73.42285369539678,-73.42285369539678
408.94001146793363,-73.42348724266154,-73.42348724266154
408.9500114679337,-73.42411376637155,-73.42411376637155
408.96001146793367,-73.42472713469527,-73.42472713469527
408.97001146793366,-73.42532481170662,-73.42532481170662
408.98001146793365,-73.42590569662468,-73.42590569662468
408.99001146793364,-73.42646935113792,-73.42646935113792
409.00001146793363,-73.42701570464905,-73.42701570464905
409.0100114679337,-73.427544901171,-73.427544901171
409.02001146793367,-73.42805720961782,-73.42805720961782
409.03001146793366,-73.42855296991685,-73.42855296991685
409.04001146793365,-73.42903256061307,-73.42903256061307
409.05001146793364,-73.42949637945532,-73.42949637945532
409.06001146793363,-73.42994483181909,-73.42994483181909
409.0700114679337,-73.4303783239206,-73.4303783239206
409.0800114679337,-73.43079725894036,-73.43079725894036
409.09001146793366,-73.4312020348938,-73.4312020348938
409.10001146793365,-73.43159304361093,-73.43159304361093
409.11001146793365,-73.43197067030431,-73.43197067030431
409.12001146793364,-73.43233529353802,-73.43233529353802
409.1300114679336,-73.43268728535868,-73.43268728535868
409.1400114679337,-73.43302701158807,-73.43302701158807
409.15001146793367,-73.43335483212923,-73.43335483212923
409.16001146793366,-73.43367110123417,-73.43367110123417
409.17001146793365,-73.43397616786574,-73.43397616786574
409.18001146793364,-73.43427037591269,-73.43427037591269
409.19001146793363,-73.43455406446533,-73.43455406446533
409.2000114679337,-73.43482756804481,-73.43482756804481
409.21001146793367,-73.43509121677269,-73.43509121677269
409.22001146793366,-73.43534533653722,-73.43534533653722
409.23001146793365,-73.4355902491262,-73.4355902491262
409.24001146793364,-73.43582627236704,-73.43582627236704
409.25001146793363,-73.43605372022394,-73.43605372022394
409.2600114679337,-73.4362729028683,-73.4362729028683
409.27001146793367,-73.43648412676372,-73.43648412676372
409.28001146793366,-73.43668769473582,-73.43668769473582
409.29001146793365,-73.43688390601073,-73.43688390601073
409.30001146793364,-73.43707305626793,-73.43707305626793
409.31001146793363,-73.43725543767775,-73.43725543767775
409.3200114679337,-73.4374313389335,-73.4374313389335
409.3300114679337,-73.4376010452726,-73.4376010452726
409.34001146793366,-73.4377648385208,-73.4377648385208
409.35001146793365,-73.43792299709625,-73.43792299709625
409.36001146793365,-73.43807579604028,-73.43807579604028
409.37001146793364,-73.43822350701612,-73.43822350701612
409.3800114679336,-73.43836639835784,-73.43836639835784
409.3900114679337,-73.43850473505579,-73.43850473505579
409.40001146793367,-73.43863877878837,-73.43863877878837
409.41001146793366,-73.43876878793775,-73.43876878793775
409.42001146793365,-73.4388950175824,-73.4388950175824
409.43001146793364,-73.43901771953759,-73.43901771953759
409.44001146793363,-73.43913714235022,-73.43913714235022
409.4500114679337,-73.43925353133059,-73.43925353133059
409.46001146793367,-73.43936712854943,-73.43936712854943
409.47001146793366,-73.43947817287219,-73.43947817287219
409.48001146793365,-73.43958689994626,-73.43958689994626
409.49001146793364,-73.43969354224959,-73.43969354224959
409.50001146793363,-73.43979832907955,-73.43979832907955
409.5100114679337,-73.43990148658781,-73.43990148658781
409.52001146793367,-73.44000323778566,-73.44000323778566
409.53001146793366,-73.44010380257285,-73.44010380257285
409.54001146793365,-73.44020339774825,-73.44020339774825
409.55001146793364,-73.44030223703017,-73.44030223703017
409.56001146793363,-73.44040053108253,-73.44040053108253
409.5700114679337,-73.44049848751729,-73.44049848751729
409.5800114679337,-73.44059631093522,-73.44059631093522
409.59001146793366,-73.44069420292406,-73.44069420292406
409.60001146793365,-73.44079236211343,-73.44079236211343
409.61001146793365,-73.44089098417435,-73.44089098417435
409.62001146793364,-73.4409902618303,-73.4409902618303
409.6300114679336,-73.44109038490456,-73.44109038490456
409.6400114679337,-73.44119154032315,-73.44119154032315
409.65001146793367,-73.44129391216109,-73.44129391216109
409.66001146793366,-73.44139768165044,-73.44139768165044
409.67001146793365,-73.44150302719547,-73.44150302719547
409.68001146793364,-73.44161012442096,-73.44161012442096
409.69001146793363,-73.44171914616895,-73.44171914616895
409.7000114917755,-73.44183026282435,-73.44183026282435
409.7100114917755,-73.44194364125053,-73.44194364125053
409.7200114917755,-73.44205944640909,-73.44205944640909
409.7300114917755,-73.44217784033123,-73.44217784033123
409.74001149177553,-73.44229898241788,-73.44229898241788
409.7500114917755,-73.44242302943624,-73.44242302943624
409.7600114917755,-73.44255013558787,-73.44255013558787
409.7700114917755,-73.4426804524951,-73.4426804524951
409.7800114917755,-73.44281412924973,-73.44281412924973
409.7900114917755,-73.44295131243693,-73.44295131243693
409.80001149177554,-73.4430921461469,-73.4430921461469
409.8100114917755,-73.44323677202733,-73.44323677202733
409.8200114917755,-73.44338532929181,-73.44338532929181
409.8300114917755,-73.44353795474372,-73.44353795474372
409.8400114917755,-73.44369478280922,-73.44369478280922
409.8500114917755,-73.44385594556375,-73.44385594556375
409.86001149177554,-73.44402157276934,-73.44402157276934
409.87001149177553,-73.44419179187096,-73.44419179187096
409.8800114917755,-73.44436672805553,-73.44436672805553
409.8900114917755,-73.44454650425695,-73.44454650425695
409.9000114917755,-73.44473124119384,-73.44473124119384
409.9100114917755,-73.44492105738955,-73.44492105738955
409.92001149177554,-73.44511606919997,-73.44511606919997
409.93001149177553,-73.44531639084228,-73.44531639084228
409.9400114917755,-73.44552213441743,-73.44552213441743
409.9500114917755,-73.44573340992514,-73.44573340992514
409.9600114917755,-73.44595032531764,-73.44595032531764
409.9700114917755,-73.44617298650029,-73.44617298650029
409.9800114917755,-73.4464014973658,-73.4464014973658
409.99001149177553,-73.4466359598197,-73.4466359598197
410.0000114917755,-73.44687647380447,-73.44687647380447
410.0100114917755,-73.44712313731755,-73.44712313731755
410.0200114917755,-73.44737604644922,-73.44737604644922
410.0300114917755,-73.44763529539485,-73.44763529539485
410.0400114917755,-73.44790097649397,-73.44790097649397
410.05001149177554,-73.4481731802367,-73.4481731802367
410.0600114917755,-73.44845199529621,-73.44845199529621
410.0700114917755,-73.44873750855511,-73.44873750855511
410.0800114917755,-73.44902980512211,-73.44902980512211
410.0900114917755,-73.44932896837109,-73.44932896837109
410.1000114917755,-73.44963507994444,-73.44963507994444
410.11001149177554,-73.44994821977492,-73.44994821977492
410.12001149177553,-73.4502684661349,-73.4502684661349
410.1300114917755,-73.45059589563452,-73.45059589563452
410.1400114917755,-73.45093058324233,-73.45093058324233
410.1500114917755,-73.45127260234013,-73.45127260234013
410.1600114917755,-73.45162202468903,-73.45162202468903
410.17001149177554,-73.45197892050446,-73.45197892050446
410.18001149177553,-73.45234335846011,-73.45234335846011
410.1900114917755,-73.45271540568868,-73.45271540568868
410.2000114917755,-73.45309512783396,-73.45309512783396
410.2100114917755,-73.4534825890475,-73.4534825890475
410.2200114917755,-73.45387785202155,-73.45387785202155
410.2300114917755,-73.4542809780102,-73.4542809780102
410.24001149177553,-73.45469202684077,-73.45469202684077
410.2500114917755,-73.45511105695155,-73.45511105695155
410.2600114917755,-73.4555381253823,-73.4555381253823
410.2700114917755,-73.45597328782196,-73.45597328782196
410.2800114917755,-73.45641659861919,-73.45641659861919
410.2900114917755,-73.45686811078839,-73.45686811078839
410.30001149177554,-73.45732787604003,-73.45732787604003
410.3100114917755,-73.45779594480692,-73.45779594480692
410.3200114917755,-73.45827236625021,-73.45827236625021
410.3300114917755,-73.45875718827915,-73.45875718827915
410.3400114917755,-73.45925045757407,-73.45925045757407
410.3500114917755,-73.45975221960107,-73.45975221960107
410.36001149177554,-73.46026251862962,-73.46026251862962
410.37001149177553,-73.4607813977498,-73.4607813977498
410.3800114917755,-73.46130889888543,-73.46130889888543
410.3900114917755,-73.46184506282455,-73.46184506282455
410.4000114917755,-73.46238992922416,-73.46238992922416
410.4100114917755,-73.46294353662553,-73.46294353662553
410.42001149177554,-73.46350592247676,-73.46350592247676
410.43001149177553,-73.4640771231412,-73.4640771231412
410.4400114917755,-73.46465717392915,-73.46465717392915
410.4500114917755,-73.46524610910072,-73.46524610910072
410.4600114917755,-73.46584396187728,-73.46584396187728
410.4700114917755,-73.46645076446507,-73.46645076446507
410.4800114917755,-73.46706654806788,-73.46706654806788
410.49001149177553,-73.46769134291463,-73.46769134291463
410.5000114917755,-73.46832517823984,-73.46832517823984
410.5100114917755,-73.46896808234703,-73.46896808234703
410.5200114917755,-73.46962008257442,-73.46962008257442
410.5300114917755,-73.47028120533946,-73.47028120533946
410.5400114917755,-73.47095147614074,-73.47095147614074
410.55001151561737,-73.47163092119992,-73.47163092119992
410.56001151561736,-73.47231956102854,-73.47231956102854
410.57001151561735,-73.47301742003242,-73.47301742003242
410.58001151561734,-73.47372452020058,-73.47372452020058
410.5900115156174,-73.47444088265192,-73.47444088265192
410.6000115156174,-73.47516652769065,-73.47516652769065
410.6100115156174,-73.47590147477452,-73.47590147477452
410.62001151561736,-73.47664574257254,-73.47664574257254
410.63001151561735,-73.4773993489375,-73.4773993489375
410.64001151561735,-73.47816231094504,-73.47816231094504
410.6500115156174,-73.47893464490446,-73.47893464490446
410.6600115156174,-73.47971636635866,-73.47971636635866
410.6700115156174,-73.48050749008729,-73.48050749008729
410.68001151561737,-73.48130803014811,-73.48130803014811
410.69001151561736,-73.48211799985887,-73.48211799985887
410.70001151561735,-73.48293741183322,-73.48293741183322
410.7100115156174,-73.48375987280139,-73.48375987280139
410.7200115156174,-73.48458259161711,-73.48458259161711
410.7300115156174,-73.48540421643486,-73.48540421643486
410.74001151561737,-73.48622406123881,-73.48622406123881
410.75001151561736,-73.48704181067475,-73.48704181067475
410.76001151561735,-73.48785736672548,-73.48785736672548
410.7700115156174,-73.4886707588384,-73.4886707588384
410.7800115156174,-73.48948208992579,-73.48948208992579
410.7900115156174,-73.49029150387257,-73.49029150387257
410.80001151561737,-73.49109916606119,-73.49109916606119
410.81001151561736,-73.49190525175645,-73.49190525175645
410.82001151561735,-73.49270993930466,-73.49270993930466
410.83001151561734,-73.49351340621789,-73.49351340621789
410.8400115156174,-73.49431582704,-73.49431582704
410.8500115156174,-73.49511737233563,-73.49511737233563
410.8600115156174,-73.49591820821261,-73.49591820821261
410.87001151561736,-73.49671849630911,-73.49671849630911
410.88001151561735,-73.49751839394274,-73.49751839394274
410.89001151561735,-73.49831805435701,-73.49831805435701
410.9000115156174,-73.49911762704812,-73.49911762704812
410.9100115156174,-73.49991725807223,-73.49991725807223
410.9200115156174,-73.5007170903208,-73.5007170903208
410.93001151561737,-73.50151726381104,-73.50151726381104
410.94001151561736,-73.50231791593365,-73.50231791593365
410.95001151561735,-73.50311918165961,-73.50311918165961
410.9600115156174,-73.50391478680726,-73.50391478680726
410.9700115156174,-73.50470205894959,-73.50470205894959
410.9800115156174,-73.50547976413554,-73.50547976413554
410.99001151561737,-73.50624733328709,-73.50624733328709
411.00001151561736,-73.50700456707114,-73.50700456707114
411.01001151561735,-73.50775148260459,-73.50775148260459
411.0200115156174,-73.50848822361594,-73.50848822361594
411.0300115156174,-73.5092150064904,-73.5092150064904
411.0400115156174,-73.50993208779136,-73.50993208779136
411.05001151561737,-73.51063974482093,-73.51063974482093
411.06001151561736,-73.5113382640023,-73.5113382640023
411.07001151561735,-73.51202793412041,-73.51202793412041
411.08001151561734,-73.51270904237326,-73.51270904237326
411.0900115156174,-73.51338187230168,-73.51338187230168
411.1000115156174,-73.51404670268884,-73.51404670268884
411.1100115156174,-73.51470380716133,-73.51470380716133
411.12001151561736,-73.51535345413545,-73.51535345413545
411.13001151561735,-73.51599590695065,-73.51599590695065
411.14001151561735,-73.51663142413666,-73.51663142413666
411.1500115156174,-73.51726025970406,-73.51726025970406
411.1600115156174,-73.5178826634369,-73.5178826634369
411.1700115156174,-73.51849888120313,-73.51849888120313
411.18001151561737,-73.5191091551966,-73.5191091551966
411.19001151561736,-73.51971372417117,-73.51971372417117
411.20001151561735,-73.52031282366518,-73.52031282366518
411.2100115156174,-73.52090668615985,-73.52090668615985
411.2200115156174,-73.52149554125677,-73.52149554125677
411.2300115156174,-73.52207961576771,-73.52207961576771
411.24001151561737,-73.52265913385338,-73.52265913385338
411.25001151561736,-73.52323431710406,-73.52323431710406
411.26001151561735,-73.52380538461347,-73.52380538461347
411.2700115156174,-73.52437255302975,-73.52437255302975
411.2800115156174,-73.52493603662683,-73.52493603662683
411.2900115156174,-73.52549604731357,-73.52549604731357
411.30001151561737,-73.52605279470228,-73.52605279470228
411.31001151561736,-73.5266064860925,-73.5266064860925
411.32001151561735,-73.52715732653071,-73.52715732653071
411.33001151561734,-73.52770551879712,-73.52770551879712
411.3400115156174,-73.52825126343197,-73.52825126343197
411.3500115156174,-73.52879475873686,-73.52879475873686
411.3600115156174,-73.52933620078217,-73.52933620078217
411.37001151561736,-73.52987578342808,-73.52987578342808
411.38001151561735,-73.53041369829181,-73.53041369829181
411.39001151561735,-73.53095013478524,-73.53095013478524
411.40001153945923,-73.53148528137845,-73.53148528137845
411.4100115394592,-73.532019320487,-73.532019320487
411.4200115394592,-73.53255243614679,-73.53255243614679
411.4300115394592,-73.53308480890739,-73.53308480890739
411.44001153945925,-73.53361661709964,-73.53361661709964
411.45001153945924,-73.534148036837,-73.534148036837
411.46001153945923,-73.53467924202637,-73.53467924202637
411.4700115394592,-73.53521040437255,-73.53521040437255
411.4800115394592,-73.5357416933705,-73.5357416933705
411.4900115394592,-73.53627327631443,-73.53627327631443
411.50001153945925,-73.5368053182945,-73.5368053182945
411.51001153945924,-73.53733798221417,-73.53733798221417
411.52001153945923,-73.53787142877245,-73.53787142877245
411.5300115394592,-73.53840581651035,-73.53840581651035
411.5400115394592,-73.53894130176488,-73.53894130176488
411.5500115394592,-73.53947803871333,-73.53947803871333
411.56001153945925,-73.54001617937048,-73.54001617937048
411.57001153945924,-73.54055587359773,-73.54055587359773
411.58001153945924,-73.541097269103,-73.541097269103
411.5900115394592,-73.54164051146498,-73.54164051146498
411.6000115394592,-73.54218574412153,-73.54218574412153
411.6100115394592,-73.54273310841187,-73.54273310841187
411.62001153945926,-73.54328274355696,-73.54328274355696
411.63001153945925,-73.54383478667647,-73.54383478667647
411.64001153945924,-73.54438937283297,-73.54438937283297
411.65001153945923,-73.54494663499611,-73.54494663499611
411.6600115394592,-73.545506704084,-73.545506704084
411.6700115394592,-73.54606970897055,-73.54606970897055
411.6800115394592,-73.54663577649933,-73.54663577649933
411.69001153945925,-73.54720503149834,-73.54720503149834
411.70001153945924,-73.54777759679995,-73.54777759679995
411.71001153945923,-73.54834718298498,-73.54834718298498
411.7200115394592,-73.54891110469465,-73.54891110469465
411.7300115394592,-73.54946811582285,-73.54946811582285
411.7400115394592,-73.55001763540399,-73.55001763540399
411.75001153945925,-73.55055945216166,-73.55055945216166
411.76001153945924,-73.55109357109572,-73.55109357109572
411.77001153945923,-73.5516201235482,-73.5516201235482
411.7800115394592,-73.55213931315136,-73.55213931315136
411.7900115394592,-73.55265138334615,-73.55265138334615
411.8000115394592,-73.5531565978577,-73.5531565978577
411.81001153945925,-73.55365522912227,-73.55365522912227
411.82001153945924,-73.55414755145101,-73.55414755145101
411.83001153945924,-73.55463383713533,-73.55463383713533
411.8400115394592,-73.55511435432967,-73.55511435432967
411.8500115394592,-73.55558936600835,-73.55558936600835
411.8600115394592,-73.5560591295375,-73.5560591295375
411.87001153945926,-73.55652389662325,-73.55652389662325
411.88001153945925,-73.55698391351329,-73.55698391351329
411.89001153945924,-73.5574394212414,-73.5574394212414
411.90001153945923,-73.5578906559281,-73.5578906559281
411.9100115394592,-73.55833784912703,-73.55833784912703
411.9200115394592,-73.55878122810235,-73.55878122810235
411.9300115394592,-73.559221016135,-73.559221016135
411.94001153945925,-73.55965743277353,-73.55965743277353
411.95001153945924,-73.56009069404105,-73.56009069404105
411.96001153945923,-73.5605210126533,-73.5605210126533
411.9700115394592,-73.56094859816997,-73.56094859816997
411.9800115394592,-73.56137365715948,-73.56137365715948
411.9900115394592,-73.56179639332376,-73.56179639332376
412.00001153945925,-73.56221700758279,-73.56221700758279
412.01001153945924,-73.5626356982071,-73.5626356982071
412.02001153945923,-73.56305266085455,-73.56305266085455
412.0300115394592,-73.56346808865737,-73.56346808865737
412.0400115394592,-73.56388217227985,-73.56388217227985
412.0500115394592,-73.56429509995402,-73.56429509995402
412.06001153945925,-73.56470705753625,-73.56470705753625
412.07001153945924,-73.56511822852514,-73.56511822852514
412.08001153945924,-73.56552879410123,-73.56552879410123
412.0900115394592,-73.56593893315646,-73.56593893315646
412.1000115394592,-73.5663488223033,-73.5663488223033
412.1100115394592,-73.5667586359056,-73.5667586359056
412.12001153945926,-73.56716854608737,-73.56716854608737
412.13001153945925,-73.56757872275541,-73.56757872275541
412.14001153945924,-73.56798933360162,-73.56798933360162
412.15001153945923,-73.56840054413655,-73.56840054413655
412.1600115394592,-73.56881251767244,-73.56881251767244
412.1700115394592,-73.56922541535772,-73.56922541535772
412.1800115394592,-73.56963939617917,-73.56963939617917
412.19001153945925,-73.57005461696363,-73.57005461696363
412.20001153945924,-73.57047123240265,-73.57047123240265
412.21001153945923,-73.57088939504962,-73.57088939504962
412.2200115394592,-73.57130925533947,-73.57130925533947
412.2300115394592,-73.57173096160207,-73.57173096160207
412.2400115394592,-73.57215466004529,-73.57215466004529
412.2500115633011,-73.57258049582174,-73.57258049582174
412.2600115633011,-73.57300860894685,-73.57300860894685
412.27001156330107,-73.57343914040135,-73.57343914040135
412.28001156330106,-73.57387222809953,-73.57387222809953
412.2900115633011,-73.57430800790276,-73.57430800790276
412.3000115633011,-73.57474661364387,-73.57474661364387
412.3100115633011,-73.57518817712575,-73.57518817712575
412.3200115633011,-73.57563282813268,-73.57563282813268
412.33001156330107,-73.57608069445914,-73.57608069445914
412.34001156330106,-73.5765319019122,-73.5765319019122
412.3500115633011,-73.57698657431338,-73.57698657431338
412.3600115633011,-73.57744483354081,-73.57744483354081
412.3700115633011,-73.57790679950807,-73.57790679950807
412.3800115633011,-73.57837259020553,-73.57837259020553
412.3900115633011,-73.57884232171465,-73.57884232171465
412.40001156330106,-73.57931610819676,-73.57931610819676
412.4100115633011,-73.57979406193444,-73.57979406193444
412.4200115633011,-73.58027629333812,-73.58027629333812
412.4300115633011,-73.58076291096235,-73.58076291096235
412.4400115633011,-73.5812540215064,-73.5812540215064
412.4500115633011,-73.58174972986582,-73.58174972986582
412.46001156330107,-73.58224372601532,-73.58224372601532
412.4700115633011,-73.5827333058946,-73.5827333058946
412.4800115633011,-73.58321720556427,-73.58321720556427
412.4900115633011,-73.58369482669214,-73.58369482669214
412.5000115633011,-73.58416594099057,-73.58416594099057
412.5100115633011,-73.58463053672767,-73.58463053672767
412.52001156330107,-73.5850887287308,-73.5850887287308
412.53001156330106,-73.58554070431721,-73.58554070431721
412.5400115633011,-73.58598669079076,-73.58598669079076
412.5500115633011,-73.58642693593787,-73.58642693593787
412.5600115633011,-73.5868616963954,-73.5868616963954
412.5700115633011,-73.58729123086341,-73.58729123086341
412.58001156330107,-73.58771579617402,-73.58771579617402
412.59001156330106,-73.58813564519824,-73.58813564519824
412.6000115633011,-73.58855102577797,-73.58855102577797
412.6100115633011,-73.58896218031194,-73.58896218031194
412.6200115633011,-73.5893693457376,-73.5893693457376
412.6300115633011,-73.58977275365199,-73.58977275365199
412.6400115633011,-73.5901726306202,-73.5901726306202
412.65001156330106,-73.59056919847518,-73.59056919847518
412.6600115633011,-73.59096267462343,-73.59096267462343
412.6700115633011,-73.59135327237179,-73.59135327237179
412.6800115633011,-73.59174120119272,-73.59174120119272
412.6900115633011,-73.5921266669923,-73.5921266669923
412.7000115633011,-73.59250987231712,-73.59250987231712
412.71001156330107,-73.59289101657515,-73.59289101657515
412.7200115633011,-73.5932702961717,-73.5932702961717
412.7300115633011,-73.59364790468724,-73.59364790468724
412.7400115633011,-73.59402403299917,-73.59402403299917
412.7500115633011,-73.59439886937488,-73.59439886937488
412.7600115633011,-73.59477259955882,-73.59477259955882
412.77001156330107,-73.59514540686972,-73.59514540686972
412.78001156330106,-73.59551747225683,-73.59551747225683
412.7900115633011,-73.59588897434016,-73.59588897434016
412.8000115633011,-73.59626008947777,-73.59626008947777
412.8100115633011,-73.5966309918028,-73.5966309918028
412.8200115633011,-73.5970018532431,-73.5970018532431
412.83001156330107,-73.59737284355982,-73.59737284355982
412.84001156330106,-73.5977441303733,-73.5977441303733
412.8500115633011,-73.59811587918715,-73.59811587918715
412.8600115633011,-73.59848825337954,-73.59848825337954
412.8700115633011,-73.59886141425048,-73.59886141425048
412.8800115633011,-73.59923552101999,-73.59923552101999
412.8900115633011,-73.59961073085283,-73.59961073085283
412.90001156330106,-73.59998719884965,-73.59998719884965
412.9100115633011,-73.60036507807821,-73.60036507807821
412.9200115633011,-73.60074451957054,-73.60074451957054
412.9300115633011,-73.60112567232079,-73.60112567232079
412.9400115633011,-73.60150868332967,-73.60150868332967
412.9500115633011,-73.60189369756763,-73.60189369756763
412.96001156330107,-73.60228085802962,-73.60228085802962
412.9700115633011,-73.60267030570083,-73.60267030570083
412.9800115633011,-73.60306217959291,-73.60306217959291
412.9900115633011,-73.60345661673867,-73.60345661673867
413.0000115633011,-73.60385375221111,-73.60385375221111
413.0100115633011,-73.60425371913257,-73.60425371913257
413.02001156330107,-73.6046566486609,-73.6046566486609
413.03001156330106,-73.60506267003669,-73.60506267003669
413.0400115633011,-73.60547191056013,-73.60547191056013
413.0500115633011,-73.60588449561943,-73.60588449561943
413.0600115633011,-73.60630054869483,-73.60630054869483
413.0700115633011,-73.6067201913822,-73.6067201913822
413.08001156330107,-73.60714354337505,-73.60714354337505
413.09001156330106,-73.60757072250796,-73.60757072250796
413.10001158714294,-73.60800184577714,-73.60800184577714
413.11001158714294,-73.60843702526353,-73.60843702526353
413.1200115871429,-73.6088763742598,-73.6088763742598
413.1300115871429,-73.6093200032254,-73.6093200032254
413.14001158714296,-73.60976802081154,-73.60976802081154
413.15001158714296,-73.61022053388231,-73.61022053388231
413.16001158714295,-73.61067764750076,-73.61067764750076
413.17001158714294,-73.6111394649628,-73.6111394649628
413.1800115871429,-73.61160608782376,-73.61160608782376
413.1900115871429,-73.61207761588429,-73.61207761588429
413.20001158714297,-73.61255414721613,-73.61255414721613
413.21001158714296,-73.61303577819726,-73.61303577819726
413.22001158714295,-73.61352260348798,-73.61352260348798
413.23001158714294,-73.61401471607714,-73.61401471607714
413.24001158714293,-73.61451220728347,-73.61451220728347
413.2500115871429,-73.61501516678155,-73.61501516678155
413.26001158714297,-73.61552368259498,-73.61552368259498
413.27001158714296,-73.6160378411439,-73.6160378411439
413.28001158714295,-73.61655772723279,-73.61655772723279
413.29001158714294,-73.61708342408615,-73.61708342408615
413.30001158714293,-73.61761501334847,-73.61761501334847
413.3100115871429,-73.61815257510446,-73.61815257510446
413.320011587143,-73.61869618791039,-73.61869618791039
413.33001158714296,-73.61924592878209,-73.61924592878209
413.34001158714295,-73.61980187324787,-73.61980187324787
413.35001158714294,-73.62036409532261,-73.62036409532261
413.36001158714294,-73.62093266755767,-73.62093266755767
413.3700115871429,-73.6215076610385,-73.6215076610385
413.3800115871429,-73.62208914539985,-73.62208914539985
413.39001158714296,-73.62267718887084,-73.62267718887084
413.40001158714296,-73.62327185825244,-73.62327185825244
413.41001158714295,-73.623873218952,-73.623873218952
413.42001158714294,-73.624481334994,-73.624481334994
413.4300115871429,-73.6250962690473,-73.6250962690473
413.4400115871429,-73.62571808244329,-73.62571808244329
413.45001158714297,-73.62634683514952,-73.62634683514952
413.46001158714296,-73.62698258585633,-73.62698258585633
413.47001158714295,-73.627625391927,-73.627625391927
413.48001158714294,-73.62827530946075,-73.62827530946075
413.49001158714293,-73.62893239327332,-73.62893239327332
413.5000115871429,-73.62959669693913,-73.62959669693913
413.51001158714297,-73.63026827279026,-73.63026827279026
413.52001158714296,-73.63094717193641,-73.63094717193641
413.53001158714295,-73.63163344429219,-73.63163344429219
413.54001158714294,-73.63232713856965,-73.63232713856965
413.55001158714293,-73.63302830231628,-73.63302830231628
413.5600115871429,-73.63373698190905,-73.63373698190905
413.570011587143,-73.6344532225911,-73.6344532225911
413.58001158714296,-73.63517706846801,-73.63517706846801
413.59001158714295,-73.63590856253236,-73.63590856253236
413.60001158714294,-73.63664774667971,-73.63664774667971
413.61001158714294,-73.63739466172,-73.63739466172
413.6200115871429,-73.6381493473866,-73.6381493473866
413.6300115871429,-73.63891184235212,-73.63891184235212
413.64001158714296,-73.63968218425951,-73.63968218425951
413.65001158714296,-73.64046040971178,-73.64046040971178
413.66001158714295,-73.64124655429993,-73.64124655429993
413.67001158714294,-73.64204065261886,-73.64204065261886
413.6800115871429,-73.6428427382767,-73.6428427382767
413.6900115871429,-73.64365284389571,-73.64365284389571
413.70001158714297,-73.64447100115589,-73.64447100115589
413.71001158714296,-73.64529724077599,-73.64529724077599
413.72001158714295,-73.64613159255393,-73.64613159255393
413.73001158714294,-73.64697408535805,-73.64697408535805
413.74001158714293,-73.64782474715112,-73.64782474715112
413.7500115871429,-73.64868360500218,-73.64868360500218
413.76001158714297,-73.64955068510183,-73.64955068510183
413.77001158714296,-73.65042601276724,-73.65042601276724
413.78001158714295,-73.65130961245539,-73.65130961245539
413.79001158714294,-73.65220150778829,-73.65220150778829
413.80001158714293,-73.65310172155255,-73.65310172155255
413.8100115871429,-73.65401027570508,-73.65401027570508
413.820011587143,-73.6549271914092,-73.6549271914092
413.83001158714296,-73.65585248901446,-73.65585248901446
413.84001158714295,-73.65678618810114,-73.65678618810114
413.85001158714294,-73.65772830747227,-73.65772830747227
413.86001158714294,-73.65867886516169,-73.65867886516169
413.8700115871429,-73.65963787845571,-73.65963787845571
413.8800115871429,-73.66060536390341,-73.66060536390341
413.89001158714296,-73.66158133732864,-73.66158133732864
413.90001158714296,-73.66256581382599,-73.66256581382599
413.91001158714295,-73.66355880778812,-73.66355880778812
413.92001158714294,-73.66456033291317,-73.66456033291317
413.9300115871429,-73.66557040221043,-73.66557040221043
413.9400115871429,-73.66658902801669,-73.66658902801669
413.9500116109848,-73.66761622444528,-73.66761622444528
413.9600116109848,-73.6686455749621,-73.6686455749621
413.9700116109848,-73.66967428155638,-73.66967428155638
413.9800116109848,-73.67070098675694,-73.67070098675694
413.9900116109848,-73.67172500065651,-73.67172500065651
414.0000116109848,-73.67274600499428,-73.67274600499428
414.0100116109848,-73.6737638994868,-73.6737638994868
414.0200116109848,-73.67477871173132,-73.67477871173132
414.0300116109848,-73.67579054307319,-73.67579054307319
414.0400116109848,-73.67679953604937,-73.67679953604937
414.0500116109848,-73.67780585486334,-73.67780585486334
414.0600116109848,-73.67880967374866,-73.67880967374866
414.0700116109848,-73.67981117013396,-73.67981117013396
414.0800116109848,-73.68081052073258,-73.68081052073258
414.0900116109848,-73.68180789939885,-73.68180789939885
414.1000116109848,-73.68280347607033,-73.68280347607033
414.1100116109848,-73.68379741634833,-73.68379741634833
414.1200116109848,-73.68478988143136,-73.68478988143136
414.1300116109848,-73.68578102827928,-73.68578102827928
414.1400116109848,-73.68677100986544,-73.68677100986544
414.1500116109848,-73.68775997547223,-73.68775997547223
414.1600116109848,-73.68874807102067,-73.68874807102067
414.17001161098483,-73.68973543932452,-73.68973543932452
414.1800116109848,-73.69072222040138,-73.69072222040138
414.1900116109848,-73.69170855169865,-73.69170855169865
414.2000116109848,-73.6926945683008,-73.6926945683008
414.2100116109848,-73.69368040313192,-73.69368040313192
414.2200116109848,-73.69466618709211,-73.69466618709211
414.2300116109848,-73.69565204921977,-73.69565204921977
414.2400116109848,-73.69663811678844,-73.69663811678844
414.2500116109848,-73.69762451539427,-73.69762451539427
414.2600116109848,-73.69861136907136,-73.69861136907136
414.2700116109848,-73.69959880031534,-73.69959880031534
414.2800116109848,-73.70058693016315,-73.70058693016315
414.2900116109848,-73.70157587824102,-73.70157587824102
414.3000116109848,-73.70256576277856,-73.70256576277856
414.3100116109848,-73.70355670066006,-73.70355670066006
414.3200116109848,-73.70454880743537,-73.70454880743537
414.3300116109848,-73.70554219733216,-73.70554219733216
414.3400116109848,-73.706536983301,-73.706536983301
414.3500116109848,-73.70753327698384,-73.70753327698384
414.3600116109848,-73.70853118875158,-73.70853118875158
414.3700116109848,-73.70953082770198,-73.70953082770198
414.3800116109848,-73.71053230165089,-73.71053230165089
414.3900116109848,-73.71153571715531,-73.71153571715531
414.4000116109848,-73.7125411794884,-73.7125411794884
414.4100116109848,-73.71354879268311,-73.71354879268311
414.42001161098483,-73.71455865947705,-73.71455865947705
414.4300116109848,-73.71557088135039,-73.71557088135039
414.4400116109848,-73.71658555851528,-73.71658555851528
414.4500116109848,-73.71760278991499,-73.71760278991499
414.4600116109848,-73.71861624607715,-73.71861624607715
414.4700116109848,-73.71962321047516,-73.71962321047516
414.4800116109848,-73.72062240986203,-73.72062240986203
414.4900116109848,-73.72161323837294,-73.72161323837294
414.5000116109848,-73.72259546138307,-73.72259546138307
414.5100116109848,-73.72356906174268,-73.72356906174268
414.5200116109848,-73.7245341496314,-73.7245341496314
414.5300116109848,-73.72549090838238,-73.72549090838238
414.5400116109848,-73.72643956191332,-73.72643956191332
414.5500116109848,-73.72738035515899,-73.72738035515899
414.5600116109848,-73.72831354244609,-73.72831354244609
414.5700116109848,-73.72923938062304,-73.72923938062304
414.5800116109848,-73.73015812515001,-73.73015812515001
414.5900116109848,-73.73107002794865,-73.73107002794865
414.6000116109848,-73.73197533631802,-73.73197533631802
414.6100116109848,-73.73287429253034,-73.73287429253034
414.6200116109848,-73.73376713374286,-73.73376713374286
414.6300116109848,-73.73465409215234,-73.73465409215234
414.6400116109848,-73.73553539526061,-73.73553539526061
414.6500116109848,-73.73641126614423,-73.73641126614423
414.6600116109848,-73.73728192378498,-73.73728192378498
414.67001161098483,-73.73814758333218,-73.73814758333218
414.6800116109848,-73.73900845639061,-73.73900845639061
414.6900116109848,-73.73986475126152,-73.73986475126152
414.7000116109848,-73.74071667314823,-73.74071667314823
414.7100116109848,-73.74156442433228,-73.74156442433228
414.7200116109848,-73.74240820433789,-73.74240820433789
414.7300116109848,-73.74324821007465,-73.74324821007465
414.7400116109848,-73.74408463594382,-73.74408463594382
414.7500116109848,-73.74491767393368,-73.74491767393368
414.7600116109848,-73.74574751369552,-73.74574751369552
414.7700116109848,-73.74657434263119,-73.74657434263119
414.7800116109848,-73.74739834593322,-73.74739834593322
414.7900116109848,-73.74821970662938,-73.74821970662938
414.80001163482666,-73.74903860756996,-73.74903860756996
414.81001163482665,-73.74985522366725,-73.74985522366725
414.82001163482664,-73.75066973361787,-73.75066973361787
414.83001163482663,-73.75148231213653,-73.75148231213653
414.8400116348267,-73.75229313188655,-73.75229313188655
414.85001163482667,-73.75310236354667,-73.75310236354667
414.86001163482666,-73.75391017576213,-73.75391017576213
414.87001163482665,-73.7547167352072,-73.7547167352072
414.88001163482664,-73.75552220656513,-73.75552220656513
414.89001163482664,-73.7563267525426,-73.7563267525426
414.9000116348267,-73.75713053386005,-73.75713053386005
414.9100116348267,-73.75793370929219,-73.75793370929219
414.92001163482666,-73.75873643563654,-73.75873643563654
414.93001163482666,-73.75953886772832,-73.75953886772832
414.94001163482665,-73.76034115845663,-73.76034115845663
414.95001163482664,-73.76114345874878,-73.76114345874878
414.9600116348267,-73.76194591760294,-73.76194591760294
414.9700116348267,-73.76274868204679,-73.76274868204679
414.98001163482667,-73.76355189719845,-73.76355189719845
414.99001163482666,-73.7643557062305,-73.7643557062305
415.00001163482665,-73.76516025038443,-73.76516025038443
415.01001163482664,-73.76596566898107,-73.76596566898107
415.0200116348267,-73.76677209942129,-73.76677209942129
415.0300116348267,-73.76757967721072,-73.76757967721072
415.04001163482667,-73.76838853593868,-73.76838853593868
415.05001163482666,-73.76919880730756,-73.76919880730756
415.06001163482665,-73.77001062112505,-73.77001062112505
415.07001163482664,-73.77082410532769,-73.77082410532769
415.08001163482663,-73.77163938597657,-73.77163938597657
415.0900116348267,-73.77245658727313,-73.77245658727313
415.10001163482667,-73.77327583155936,-73.77327583155936
415.11001163482666,-73.77409723935511,-73.77409723935511
415.12001163482665,-73.7749209293375,-73.7749209293375
415.13001163482664,-73.77574701836808,-73.77574701836808
415.14001163482664,-73.77657562149899,-73.77657562149899
415.1500116348267,-73.7774068519786,-73.7774068519786
415.1600116348267,-73.77824082127957,-73.77824082127957
415.17001163482666,-73.77907763909947,-73.77907763909947
415.18001163482666,-73.77991741337748,-73.77991741337748
415.19001163482665,-73.78076025030192,-73.78076025030192
415.20001163482664,-73.78160625432744,-73.78160625432744
415.2100116348267,-73.78244909580711,-73.78244909580711
415.2200116348267,-73.78328606071605,-73.78328606071605
415.23001163482667,-73.78411587912322,-73.78411587912322
415.24001163482666,-73.78493794860506,-73.78493794860506
415.25001163482665,-73.78575203790811,-73.78575203790811
415.26001163482664,-73.78655813305313,-73.78655813305313
415.2700116348267,-73.78735634712774,-73.78735634712774
415.2800116348267,-73.7881468660753,-73.7881468660753
415.29001163482667,-73.78892991611562,-73.78892991611562
415.30001163482666,-73.78970574419643,-73.78970574419643
415.31001163482665,-73.7904746063373,-73.7904746063373
415.32001163482664,-73.79123676080175,-73.79123676080175
415.33001163482663,-73.79199246416631,-73.79199246416631
415.3400116348267,-73.79274196920055,-73.79274196920055
415.35001163482667,-73.79348552380362,-73.79348552380362
415.36001163482666,-73.79422337056263,-73.79422337056263
415.37001163482665,-73.7949557467414,-73.7949557467414
415.38001163482664,-73.79568288439957,-73.79568288439957
415.39001163482664,-73.79640501068238,-73.79640501068238
415.4000116348267,-73.79712234811109,-73.79712234811109
415.4100116348267,-73.79783511490648,-73.79783511490648
415.42001163482666,-73.79854352527661,-73.79854352527661
415.43001163482666,-73.79924778970855,-73.79924778970855
415.44001163482665,-73.7999481152037,-73.7999481152037
415.45001163482664,-73.80064470552234,-73.80064470552234
415.4600116348267,-73.80133776134409,-73.80133776134409
415.4700116348267,-73.80202748045926,-73.80202748045926
415.48001163482667,-73.80271405789654,-73.80271405789654
415.49001163482666,-73.80339768605394,-73.80339768605394
415.50001163482665,-73.80407855479561,-73.80407855479561
415.51001163482664,-73.80475685154602,-73.80475685154602
415.5200116348267,-73.80543276136532,-73.80543276136532
415.5300116348267,-73.8061064670016,-73.8061064670016
415.54001163482667,-73.80677814895296,-73.80677814895296
415.55001163482666,-73.80744798549954,-73.80744798549954
415.56001163482665,-73.80811615276423,-73.80811615276423
415.57001163482664,-73.80878282472575,-73.80878282472575
415.58001163482663,-73.80944817324034,-73.80944817324034
415.5900116348267,-73.8101123680692,-73.8101123680692
415.60001163482667,-73.81077557691478,-73.81077557691478
415.61001163482666,-73.81143796541389,-73.81143796541389
415.62001163482665,-73.8120996971516,-73.8120996971516
415.63001163482664,-73.81276093369812,-73.81276093369812
415.64001163482664,-73.81342183458828,-73.81342183458828
415.6500116586685,-73.81408255891888,-73.81408255891888
415.6600116586685,-73.81474325908508,-73.81474325908508
415.6700116586685,-73.81540409018014,-73.81540409018014
415.6800116586685,-73.81606520375315,-73.81606520375315
415.69001165866854,-73.81672674935082,-73.81672674935082
415.70001165866853,-73.817388874581,-73.817388874581
415.7100116586685,-73.8180517250584,-73.8180517250584
415.7200116586685,-73.81871544445417,-73.81871544445417
415.7300116586685,-73.81938017447604,-73.81938017447604
415.7400116586685,-73.82004605489992,-73.82004605489992
415.75001165866854,-73.82071322355897,-73.82071322355897
415.76001165866853,-73.8213818163594,-73.8213818163594
415.7700116586685,-73.82205196728403,-73.82205196728403
415.7800116586685,-73.82272380840172,-73.82272380840172
415.7900116586685,-73.82339746989364,-73.82339746989364
415.8000116586685,-73.82407308003872,-73.82407308003872
415.81001165866854,-73.82475076522603,-73.82475076522603
415.82001165866853,-73.82543064998471,-73.82543064998471
415.8300116586685,-73.82611285697178,-73.82611285697178
415.8400116586685,-73.82679750699468,-73.82679750699468
415.8500116586685,-73.82748471901544,-73.82748471901544
415.8600116586685,-73.82817461016862,-73.82817461016862
415.87001165866855,-73.82886729577264,-73.82886729577264
415.88001165866854,-73.8295628893544,-73.8295628893544
415.8900116586685,-73.8302615026148,-73.8302615026148
415.9000116586685,-73.8309632455022,-73.8309632455022
415.9100116586685,-73.83166822617754,-73.83166822617754
415.9200116586685,-73.83237655106694,-73.83237655106694
415.9300116586685,-73.83308832483141,-73.83308832483141
415.94001165866854,-73.83380365042356,-73.83380365042356
415.95001165866853,-73.83452262907926,-73.83452262907926
415.9600116586685,-73.83524536032827,-73.83524536032827
415.9700116586685,-73.83597194202495,-73.83597194202495
415.9800116586685,-73.8367024703376,-73.8367024703376
415.9900116586685,-73.8374370397952,-73.8374370397952
416.00001165866854,-73.8381757432769,-73.8381757432769
416.01001165866853,-73.83891867204538,-73.83891867204538
416.0200116586685,-73.83966591573798,-73.83966591573798
416.0300116586685,-73.84041756240524,-73.84041756240524
416.0400116586685,-73.84117369851916,-73.84117369851916
416.0500116586685,-73.84193440898406,-73.84193440898406
416.06001165866854,-73.84269977715873,-73.84269977715873
416.07001165866853,-73.84346988486799,-73.84346988486799
416.0800116586685,-73.84424481241042,-73.84424481241042
416.0900116586685,-73.8450246385978,-73.8450246385978
416.1000116586685,-73.84580944074311,-73.84580944074311
416.1100116586685,-73.8465992947021,-73.8465992947021
416.12001165866855,-73.84739427486338,-73.84739427486338
416.13001165866854,-73.84819445417577,-73.84819445417577
416.1400116586685,-73.84899990417982,-73.84899990417982
416.1500116586685,-73.8498106949992,-73.8498106949992
416.1600116586685,-73.85062689537011,-73.85062689537011
416.1700116586685,-73.85144857265168,-73.85144857265168
416.1800116586685,-73.8522757928424,-73.8522757928424
416.19001165866854,-73.85310862060317,-73.85310862060317
416.20001165866853,-73.85394711926584,-73.85394711926584
416.2100116586685,-73.85478491193669,-73.85478491193669
416.2200116586685,-73.85561924130944,-73.85561924130944
416.2300116586685,-73.85644879602519,-73.85644879602519
416.2400116586685,-73.85727293329978,-73.85727293329978
416.25001165866854,-73.85809138229003,-73.85809138229003
416.26001165866853,-73.85890409006026,-73.85890409006026
416.2700116586685,-73.8597111312647,-73.8597111312647
416.2800116586685,-73.86051265391875,-73.86051265391875
416.2900116586685,-73.86130884675704,-73.86130884675704
416.3000116586685,-73.86209991966176,-73.86209991966176
416.31001165866854,-73.86288609202825,-73.86288609202825
416.32001165866853,-73.86366758588377,-73.86366758588377
416.3300116586685,-73.86444462200636,-73.86444462200636
416.3400116586685,-73.8652174177668,-73.8652174177668
416.3500116586685,-73.86598618606614,-73.86598618606614
416.3600116586685,-73.86675113490561,-73.86675113490561
416.37001165866855,-73.86751246735632,-73.86751246735632
416.38001165866854,-73.86827038170692,-73.86827038170692
416.3900116586685,-73.86902507171166,-73.86902507171166
416.4000116586685,-73.86977672692235,-73.86977672692235
416.4100116586685,-73.87052553297414,-73.87052553297414
416.4200116586685,-73.87127167190198,-73.87127167190198
416.4300116586685,-73.8720153224129,-73.8720153224129
416.44001165866854,-73.87275666012917,-73.87275666012917
416.45001165866853,-73.87349585780551,-73.87349585780551
416.4600116586685,-73.87423308553166,-73.87423308553166
416.4700116586685,-73.87496851087039,-73.87496851087039
416.4800116586685,-73.87570229903822,-73.87570229903822
416.4900116586685,-73.87643461299578,-73.87643461299578
416.5000116825104,-73.87716561528256,-73.87716561528256
416.51001168251037,-73.877895461162,-73.877895461162
416.52001168251036,-73.87862430913236,-73.87862430913236
416.53001168251035,-73.87935231402321,-73.87935231402321
416.5400116825104,-73.88007962876767,-73.88007962876767
416.5500116825104,-73.8808064044584,-73.8808064044584
416.5600116825104,-73.88153279038501,-73.88153279038501
416.57001168251037,-73.882258934069,-73.882258934069
416.58001168251036,-73.88298498125314,-73.88298498125314
416.59001168251035,-73.88371107597139,-73.88371107597139
416.6000116825104,-73.88443736050519,-73.88443736050519
416.6100116825104,-73.88516397545081,-73.88516397545081
416.6200116825104,-73.88589105969781,-73.88589105969781
416.63001168251037,-73.8866187504445,-73.8866187504445
416.64001168251036,-73.88734718321645,-73.88734718321645
416.65001168251035,-73.88807649184731,-73.88807649184731
416.6600116825104,-73.88880680850755,-73.88880680850755
416.6700116825104,-73.8895382637086,-73.8895382637086
416.6800116825104,-73.89027098628947,-73.89027098628947
416.6900116825104,-73.89100510344024,-73.89100510344024
416.70001168251036,-73.89174074068167,-73.89174074068167
416.71001168251036,-73.89247802189975,-73.89247802189975
416.7200116825104,-73.89321706932415,-73.89321706932415
416.7300116825104,-73.89395800354443,-73.89395800354443
416.7400116825104,-73.89470094350463,-73.89470094350463
416.7500116825104,-73.89544600652034,-73.89544600652034
416.76001168251037,-73.89619330827571,-73.89619330827571
416.77001168251036,-73.89694296283037,-73.89694296283037
416.78001168251035,-73.89769508261735,-73.89769508261735
416.7900116825104,-73.8984497784542,-73.8984497784542
416.8000116825104,-73.89920715956195,-73.89920715956195
416.8100116825104,-73.89996733354657,-73.89996733354657
416.82001168251037,-73.90073040641283,-73.90073040641283
416.83001168251036,-73.90149648259118,-73.90149648259118
416.84001168251035,-73.90226566492152,-73.90226566492152
416.8500116825104,-73.90303805467677,-73.90303805467677
416.8600116825104,-73.90381375155191,-73.90381375155191
416.8700116825104,-73.90459285369023,-73.90459285369023
416.88001168251037,-73.90537545768882,-73.90537545768882
416.89001168251036,-73.90616165859932,-73.90616165859932
416.90001168251035,-73.90695154994745,-73.90695154994745
416.9100116825104,-73.90774522373347,-73.90774522373347
416.9200116825104,-73.90854277045464,-73.90854277045464
416.9300116825104,-73.9093442791083,-73.9093442791083
416.9400116825104,-73.91014983719445,-73.91014983719445
416.95001168251036,-73.91095953073038,-73.91095953073038
416.96001168251036,-73.9117734442854,-73.9117734442854
416.9700116825104,-73.91259166095308,-73.91259166095308
416.9800116825104,-73.91341426238851,-73.91341426238851
416.9900116825104,-73.91424132881782,-73.91424132881782
417.0000116825104,-73.9150729390501,-73.9150729390501
417.01001168251037,-73.91590917046125,-73.91590917046125
417.02001168251036,-73.91675009905195,-73.91675009905195
417.03001168251035,-73.9175957994344,-73.9175957994344
417.0400116825104,-73.9184463448457,-73.9184463448457
417.0500116825104,-73.91930180716562,-73.91930180716562
417.0600116825104,-73.92016225693419,-73.92016225693419
417.07001168251037,-73.92102776334218,-73.92102776334218
417.08001168251036,-73.92189839426892,-73.92189839426892
417.09001168251035,-73.92277421628695,-73.92277421628695
417.1000116825104,-73.92365529467395,-73.92365529467395
417.1100116825104,-73.92454169341656,-73.92454169341656
417.1200116825104,-73.92543347524774,-73.92543347524774
417.13001168251037,-73.92633070164547,-73.92633070164547
417.14001168251036,-73.92723343282792,-73.92723343282792
417.15001168251035,-73.92814172779552,-73.92814172779552
417.1600116825104,-73.92905564434751,-73.92905564434751
417.1700116825104,-73.92997523905325,-73.92997523905325
417.1800116825104,-73.93090056732736,-73.93090056732736
417.1900116825104,-73.93183168338601,-73.93183168338601
417.20001168251036,-73.93276864028225,-73.93276864028225
417.21001168251036,-73.9337050435618,-73.9337050435618
417.2200116825104,-73.93463812233998,-73.93463812233998
417.2300116825104,-73.93556655337561,-73.93556655337561
417.2400116825104,-73.93648968288849,-73.93648968288849
417.2500116825104,-73.93740722959592,-73.93740722959592
417.26001168251037,-73.93831913052514,-73.93831913052514
417.27001168251036,-73.93922545060006,-73.93922545060006
417.28001168251035,-73.94012632836008,-73.94012632836008
417.2900116825104,-73.94102194327303,-73.94102194327303
417.3000116825104,-73.94191249617879,-73.94191249617879
417.3100116825104,-73.94279819756122,-73.94279819756122
417.32001168251037,-73.94367926076822,-73.94367926076822
417.33001168251036,-73.944555898026,-73.944555898026
417.34001168251035,-73.94542831832119,-73.94542831832119
417.35001170635223,-73.94629672838282,-73.94629672838282
417.3600117063522,-73.94716132400849,-73.94716132400849
417.3700117063522,-73.94802230241683,-73.94802230241683
417.3800117063522,-73.94887985411495,-73.94887985411495
417.39001170635225,-73.94973416522282,-73.94973416522282
417.40001170635225,-73.9505854177964,-73.9505854177964
417.41001170635224,-73.95143379011354,-73.95143379011354
417.4200117063522,-73.9522794569784,-73.9522794569784
417.4300117063522,-73.95312258999758,-73.95312258999758
417.4400117063522,-73.95396335783683,-73.95396335783683
417.45001170635226,-73.9548019264121,-73.9548019264121
417.46001170635225,-73.95563201108757,-73.95563201108757
417.47001170635224,-73.95645095066043,-73.95645095066043
417.48001170635223,-73.95725753088551,-73.95725753088551
417.4900117063522,-73.95805120618202,-73.95805120618202
417.5000117063522,-73.95883180266081,-73.95883180266081
417.51001170635226,-73.95959936396176,-73.95959936396176
417.52001170635225,-73.96035406087383,-73.96035406087383
417.53001170635224,-73.96109613708079,-73.96109613708079
417.54001170635223,-73.96182587652498,-73.96182587652498
417.5500117063522,-73.96254358380813,-73.96254358380813
417.5600117063522,-73.96324957258146,-73.96324957258146
417.57001170635226,-73.96394415865754,-73.96394415865754
417.58001170635225,-73.96462765611197,-73.96462765611197
417.59001170635224,-73.96530037513563,-73.96530037513563
417.60001170635223,-73.96596262096584,-73.96596262096584
417.6100117063522,-73.96661469345975,-73.96661469345975
417.6200117063522,-73.9672568870373,-73.9672568870373
417.6300117063522,-73.96788949082541,-73.96788949082541
417.64001170635225,-73.96851278889872,-73.96851278889872
417.65001170635225,-73.96912706058505,-73.96912706058505
417.66001170635224,-73.96973258076605,-73.96973258076605
417.6700117063522,-73.9703296201486,-73.9703296201486
417.6800117063522,-73.97091844554679,-73.97091844554679
417.6900117063522,-73.9714993201078,-73.9714993201078
417.70001170635226,-73.97207250350509,-73.97207250350509
417.71001170635225,-73.97263825214756,-73.97263825214756
417.72001170635224,-73.97319681929662,-73.97319681929662
417.73001170635223,-73.97374845520919,-73.97374845520919
417.7400117063522,-73.97429340725358,-73.97429340725358
417.7500117063522,-73.97483191999508,-73.97483191999508
417.76001170635226,-73.97536423525523,-73.97536423525523
417.77001170635225,-73.97589059220556,-73.97589059220556
417.78001170635224,-73.97641122738158,-73.97641122738158
417.79001170635223,-73.97692637474309,-73.97692637474309
417.8000117063522,-73.97743626569682,-73.97743626569682
417.8100117063522,-73.97794112914833,-73.97794112914833
417.82001170635226,-73.97844119148894,-73.97844119148894
417.83001170635225,-73.97893667663068,-73.97893667663068
417.84001170635224,-73.97942780601642,-73.97942780601642
417.85001170635223,-73.97991479862827,-73.97991479862827
417.8600117063522,-73.9803978709959,-73.9803978709959
417.8700117063522,-73.9808772372108,-73.9808772372108
417.8800117063522,-73.98135310891911,-73.98135310891911
417.89001170635225,-73.98182569532263,-73.98182569532263
417.90001170635225,-73.98229520319421,-73.98229520319421
417.91001170635224,-73.98276183688428,-73.98276183688428
417.9200117063522,-73.98322579831107,-73.98322579831107
417.9300117063522,-73.98368728696241,-73.98368728696241
417.9400117063522,-73.98414649990188,-73.98414649990188
417.95001170635226,-73.9846036317848,-73.9846036317848
417.96001170635225,-73.98505887484033,-73.98505887484033
417.97001170635224,-73.98551241888518,-73.98551241888518
417.98001170635223,-73.98596445133899,-73.98596445133899
417.9900117063522,-73.98641515720745,-73.98641515720745
418.0000117063522,-73.98686471910962,-73.98686471910962
418.01001170635226,-73.98731331726779,-73.98731331726779
418.02001170635225,-73.9877611295172,-73.9877611295172
418.03001170635224,-73.98820833132126,-73.98820833132126
418.04001170635223,-73.98865509577823,-73.98865509577823
418.0500117063522,-73.98910159362234,-73.98910159362234
418.0600117063522,-73.98954799323133,-73.98954799323133
418.07001170635226,-73.98999446066082,-73.98999446066082
418.08001170635225,-73.99044115961914,-73.99044115961914
418.09001170635224,-73.99088825150376,-73.99088825150376
418.10001170635223,-73.99133589540362,-73.99133589540362
418.1100117063522,-73.99178424811676,-73.99178424811676
418.1200117063522,-73.9922334641524,-73.9922334641524
418.1300117063522,-73.99268369575547,-73.99268369575547
418.14001170635225,-73.99313509292438,-73.99313509292438
418.15001170635225,-73.99358780340464,-73.99358780340464
418.16001170635224,-73.9940419727171,-73.9940419727171
418.1700117063522,-73.99449774419085,-73.99449774419085
418.1800117063522,-73.9949552589364,-73.9949552589364
418.1900117063522,-73.99541465590485,-73.99541465590485
418.2000117301941,-73.9958760729594,-73.9958760729594
418.2100117301941,-73.99633964256832,-73.99633964256832
418.2200117301941,-73.99680549831689,-73.99680549831689
418.23001173019406,-73.99727377059757,-73.99727377059757
418.2400117301941,-73.99774458772114,-73.99774458772114
418.2500117301941,-73.99821807591671,-73.99821807591671
418.2600117301941,-73.99869435935436,-73.99869435935436
418.2700117301941,-73.99917356015973,-73.99917356015973
418.2800117301941,-73.99965579845527,-73.99965579845527
418.29001173019407,-74.00014119233585,-74.00014119233585
418.3000117301941,-74.00062985793589,-74.00062985793589
418.3100117301941,-74.00112190941215,-74.00112190941215
418.3200117301941,-74.00161745898262,-74.00161745898262
418.3300117301941,-74.00211661693716,-74.00211661693716
418.3400117301941,-74.00261949166126,-74.00261949166126
418.35001173019407,-74.00312618965486,-74.00312618965486
418.3600117301941,-74.00363681554856,-74.00363681554856
418.3700117301941,-74.00415147211702,-74.00415147211702
418.3800117301941,-74.00467026032533,-74.00467026032533
418.3900117301941,-74.00519327931194,-74.00519327931194
418.4000117301941,-74.00572062643509,-74.00572062643509
418.41001173019407,-74.00625239728183,-74.00625239728183
418.4200117301941,-74.0067886856876,-74.0067886856876
418.4300117301941,-74.00732958376723,-74.00732958376723
418.4400117301941,-74.00787518191306,-74.00787518191306
418.4500117301941,-74.00842556883858,-74.00842556883858
418.4600117301941,-74.00898083157145,-74.00898083157145
418.4700117301941,-74.0095410554974,-74.0095410554974
418.48001173019406,-74.01010632436926,-74.01010632436926
418.4900117301941,-74.0106767203326,-74.0106767203326
418.5000117301941,-74.01125232392367,-74.01125232392367
418.5100117301941,-74.0118332141239,-74.0118332141239
418.5200117301941,-74.01241946834944,-74.01241946834944
418.5300117301941,-74.0130111624692,-74.0130111624692
418.54001173019407,-74.01360837085252,-74.01360837085252
418.5500117301941,-74.01421116637376,-74.01421116637376
418.5600117301941,-74.01481962040661,-74.01481962040661
418.5700117301941,-74.01543380288383,-74.01543380288383
418.5800117301941,-74.01605378228167,-74.01605378228167
418.5900117301941,-74.01667962567093,-74.01667962567093
418.60001173019407,-74.01731139869503,-74.01731139869503
418.6100117301941,-74.0179491656239,-74.0179491656239
418.6200117301941,-74.01859298934949,-74.01859298934949
418.6300117301941,-74.01924293142334,-74.01924293142334
418.6400117301941,-74.01989905205639,-74.01989905205639
418.6500117301941,-74.0205614101397,-74.0205614101397
418.66001173019407,-74.02123006327753,-74.02123006327753
418.6700117301941,-74.02190506777386,-74.02190506777386
418.6800117301941,-74.02258647868688,-74.02258647868688
418.6900117301941,-74.02327434981707,-74.02327434981707
418.7000117301941,-74.0239687337435,-74.0239687337435
418.7100117301941,-74.02466968181085,-74.02466968181085
418.7200117301941,-74.02537724419334,-74.02537724419334
418.73001173019406,-74.02609146987172,-74.02609146987172
418.7400117301941,-74.02681240665454,-74.02681240665454
418.7500117301941,-74.02754010121477,-74.02754010121477
418.7600117301941,-74.02827459908586,-74.02827459908586
418.7700117301941,-74.02901594468781,-74.02901594468781
418.7800117301941,-74.02976418133429,-74.02976418133429
418.79001173019407,-74.0305193512564,-74.0305193512564
418.8000117301941,-74.03128149561319,-74.03128149561319
418.8100117301941,-74.03205065450712,-74.03205065450712
418.8200117301941,-74.0328268670102,-74.0328268670102
418.8300117301941,-74.03361017115427,-74.03361017115427
418.8400117301941,-74.03440060395681,-74.03440060395681
418.85001173019407,-74.03519820144996,-74.03519820144996
418.8600117301941,-74.03600299869488,-74.03600299869488
418.8700117301941,-74.0368150297579,-74.0368150297579
418.8800117301941,-74.03763432776019,-74.03763432776019
418.8900117301941,-74.038460924881,-74.038460924881
418.9000117301941,-74.03929485237852,-74.03929485237852
418.91001173019407,-74.04013614060783,-74.04013614060783
418.9200117301941,-74.040984818986,-74.040984818986
418.9300117301941,-74.04184091608549,-74.04184091608549
418.9400117301941,-74.04270445957356,-74.04270445957356
418.9500117301941,-74.04357547627495,-74.04357547627495
418.9600117301941,-74.04445399215233,-74.04445399215233
418.9700117301941,-74.04534003234397,-74.04534003234397
418.98001173019406,-74.0462336211568,-74.0462336211568
418.9900117301941,-74.04713478208686,-74.04713478208686
419.0000117301941,-74.04804353782957,-74.04804353782957
419.0100117301941,-74.04895991029694,-74.04895991029694
419.0200117301941,-74.04988392061698,-74.04988392061698
419.0300117301941,-74.05081558917094,-74.05081558917094
419.04001173019407,-74.05175493556483,-74.05175493556483
419.05001175403595,-74.05270198093315,-74.05270198093315
419.06001175403594,-74.0536567389373,-74.0536567389373
419.07001175403593,-74.05461922922338,-74.05461922922338
419.0800117540359,-74.05558946850701,-74.05558946850701
419.09001175403597,-74.05656747280985,-74.05656747280985
419.10001175403596,-74.05755325746941,-74.05755325746941
419.11001175403595,-74.05854683713822,-74.05854683713822
419.12001175403594,-74.05954822580497,-74.05954822580497
419.13001175403593,-74.06055743679875,-74.06055743679875
419.1400117540359,-74.0615744828073,-74.0615744828073
419.150011754036,-74.06259937588932,-74.06259937588932
419.16001175403596,-74.06363212745636,-74.06363212745636
419.17001175403595,-74.06467274832184,-74.06467274832184
419.18001175403595,-74.06572124867975,-74.06572124867975
419.19001175403594,-74.0667776381442,-74.0667776381442
419.2000117540359,-74.06784192572337,-74.06784192572337
419.210011754036,-74.06890766081068,-74.06890766081068
419.22001175403597,-74.06997202357466,-74.06997202357466
419.23001175403596,-74.07103364504741,-74.07103364504741
419.24001175403595,-74.0720918275098,-74.0720918275098
419.25001175403594,-74.073146247006,-74.073146247006
419.26001175403593,-74.07419679884136,-74.07419679884136
419.270011754036,-74.0752435070251,-74.0752435070251
419.28001175403597,-74.07628646985624,-74.07628646985624
419.29001175403596,-74.07732582722373,-74.07732582722373
419.30001175403595,-74.07836174095051,-74.07836174095051
419.31001175403594,-74.07939438311169,-74.07939438311169
419.32001175403593,-74.08042392916506,-74.08042392916506
419.3300117540359,-74.08145055399324,-74.08145055399324
419.34001175403597,-74.08247442977672,-74.08247442977672
419.35001175403596,-74.08349572489536,-74.08349572489536
419.36001175403595,-74.08451460351333,-74.08451460351333
419.37001175403594,-74.08553122550424,-74.08553122550424
419.38001175403593,-74.0865457466124,-74.0865457466124
419.3900117540359,-74.0875583187038,-74.0875583187038
419.400011754036,-74.0885690900463,-74.0885690900463
419.41001175403596,-74.08957820563721,-74.08957820563721
419.42001175403595,-74.09058580748226,-74.09058580748226
419.43001175403595,-74.0915920348642,-74.0915920348642
419.44001175403594,-74.09259702459121,-74.09259702459121
419.4500117540359,-74.09360091118612,-74.09360091118612
419.460011754036,-74.09460382709125,-74.09460382709125
419.47001175403597,-74.09560590282862,-74.09560590282862
419.48001175403596,-74.09660726710582,-74.09660726710582
419.49001175403595,-74.0976080469569,-74.0976080469569
419.50001175403594,-74.09860836781598,-74.09860836781598
419.51001175403593,-74.09960835360596,-74.09960835360596
419.520011754036,-74.10060812680284,-74.10060812680284
419.53001175403597,-74.10160780847737,-74.10160780847737
419.54001175403596,-74.10260751834966,-74.10260751834966
419.55001175403595,-74.1036073748259,-74.1036073748259
419.56001175403594,-74.10460749501094,-74.10460749501094
419.57001175403593,-74.10560799473396,-74.10560799473396
419.5800117540359,-74.10660898857824,-74.10660898857824
419.59001175403597,-74.10761058986972,-74.10761058986972
419.60001175403596,-74.1086129107187,-74.1086129107187
419.61001175403595,-74.10961606199787,-74.10961606199787
419.62001175403594,-74.11062015334333,-74.11062015334333
419.63001175403593,-74.11162529319226,-74.11162529319226
419.6400117540359,-74.11263158874266,-74.11263158874266
419.650011754036,-74.11363914598479,-74.11363914598479
419.66001175403596,-74.11464806967324,-74.11464806967324
419.67001175403595,-74.11565846334967,-74.11565846334967
419.68001175403595,-74.11667042932162,-74.11667042932162
419.69001175403594,-74.11768406867427,-74.11768406867427
419.7000117540359,-74.1186994812555,-74.1186994812555
419.710011754036,-74.1197167656827,-74.1197167656827
419.72001175403597,-74.12073601934704,-74.12073601934704
419.73001175403596,-74.12175733840375,-74.12175733840375
419.74001175403595,-74.12278081775023,-74.12278081775023
419.75001175403594,-74.12380655106605,-74.12380655106605
419.76001175403593,-74.1248346307817,-74.1248346307817
419.770011754036,-74.1258651480804,-74.1258651480804
419.78001175403597,-74.12689819291765,-74.12689819291765
419.79001175403596,-74.1279338539899,-74.1279338539899
419.80001175403595,-74.12897221876369,-74.12897221876369
419.81001175403594,-74.13001337347481,-74.13001337347481
419.82001175403593,-74.1310574031008,-74.1310574031008
419.8300117540359,-74.13210439139357,-74.13210439139357
419.84001175403597,-74.1331544208683,-74.1331544208683
419.85001175403596,-74.13420757281337,-74.13420757281337
419.86001175403595,-74.13526392728531,-74.13526392728531
419.87001175403594,-74.13632356310836,-74.13632356310836
419.88001175403593,-74.13738655791208,-74.13738655791208
419.8900117540359,-74.13845298807628,-74.13845298807628
419.9000117778778,-74.13952293133693,-74.13952293133693
419.9100117778778,-74.14059645659025,-74.14059645659025
419.9200117778778,-74.141673639149,-74.141673639149
419.9300117778778,-74.14275455059112,-74.14275455059112
419.9400117778778,-74.14383926131377,-74.14383926131377
419.9500117778778,-74.14492784052473,-74.14492784052473
419.9600117778778,-74.14602035625919,-74.14602035625919
419.9700117778778,-74.14711687539238,-74.14711687539238
419.9800117778778,-74.14821746362124,-74.14821746362124
419.9900117778778,-74.1493221855046,-74.1493221855046
420.00001177787783,-74.15043110444219,-74.15043110444219
420.0100117778778,-74.15154428270294,-74.15154428270294
420.0200117778778,-74.15266178143038,-74.15266178143038
420.0300117778778,-74.15378366063392,-74.15378366063392
420.0400117778778,-74.1549099792269,-74.1549099792269
420.0500117778778,-74.15604079501158,-74.15604079501158
420.06001177787783,-74.1571761646841,-74.1571761646841
420.0700117778778,-74.15831614388091,-74.15831614388091
420.0800117778778,-74.15946078713951,-74.15946078713951
420.0900117778778,-74.16061014793894,-74.16061014793894
420.1000117778778,-74.16176427870575,-74.16176427870575
420.1100117778778,-74.16292323081615,-74.16292323081615
420.12001177787783,-74.16408705459946,-74.16408705459946
420.1300117778778,-74.16525579937426,-74.16525579937426
420.1400117778778,-74.166429513428,-74.166429513428
420.1500117778778,-74.16760824404051,-74.16760824404051
420.1600117778778,-74.1687920375037,-74.1687920375037
420.1700117778778,-74.16998093911447,-74.16998093911447
420.1800117778778,-74.17117499319315,-74.17117499319315
420.1900117778778,-74.17237424309728,-74.17237424309728
420.2000117778778,-74.17357873122214,-74.17357873122214
420.2100117778778,-74.17478849901943,-74.17478849901943
420.2200117778778,-74.17600358700702,-74.17600358700702
420.2300117778778,-74.17722403476989,-74.17722403476989
420.2400117778778,-74.17844988098219,-74.17844988098219
420.25001177787783,-74.17968116341854,-74.17968116341854
420.2600117778778,-74.18091791895162,-74.18091791895162
420.2700117778778,-74.18216018355993,-74.18216018355993
420.2800117778778,-74.18340799237284,-74.18340799237284
420.2900117778778,-74.18466137963281,-74.18466137963281
420.3000117778778,-74.18592037873867,-74.18592037873867
420.31001177787783,-74.18718502224822,-74.18718502224822
420.3200117778778,-74.18845534188465,-74.18845534188465
420.3300117778778,-74.18973136854027,-74.18973136854027
420.3400117778778,-74.1910131323029,-74.1910131323029
420.3500117778778,-74.19230066246156,-74.19230066246156
420.3600117778778,-74.19359398750277,-74.19359398750277
420.37001177787783,-74.19489313513675,-74.19489313513675
420.3800117778778,-74.19619813230233,-74.19619813230233
420.3900117778778,-74.19750900516529,-74.19750900516529
420.4000117778778,-74.1988257791509,-74.1988257791509
420.4100117778778,-74.2001484789346,-74.2001484789346
420.4200117778778,-74.20147712846048,-74.20147712846048
420.4300117778778,-74.20281175095643,-74.20281175095643
420.4400117778778,-74.20415236891822,-74.20415236891822
420.4500117778778,-74.20549900415331,-74.20549900415331
420.4600117778778,-74.20685167776473,-74.20685167776473
420.4700117778778,-74.20821041017811,-74.20821041017811
420.4800117778778,-74.20957522112982,-74.20957522112982
420.4900117778778,-74.2109461297061,-74.2109461297061
420.50001177787783,-74.21232315432162,-74.21232315432162
420.5100117778778,-74.21370631275266,-74.21370631275266
420.5200117778778,-74.21509562212198,-74.21509562212198
420.5300117778778,-74.21649109893806,-74.21649109893806
420.5400117778778,-74.21789275906947,-74.21789275906947
420.5500117778778,-74.21930061778916,-74.21930061778916
420.56001177787783,-74.22071468974566,-74.22071468974566
420.5700117778778,-74.22213498900723,-74.22213498900723
420.5800117778778,-74.22356152905012,-74.22356152905012
420.5900117778778,-74.22499432277112,-74.22499432277112
420.6000117778778,-74.22643338249897,-74.22643338249897
420.6100117778778,-74.227878719992,-74.227878719992
420.62001177787783,-74.22933034645362,-74.22933034645362
420.6300117778778,-74.23078827256191,-74.23078827256191
420.6400117778778,-74.23225250842496,-74.23225250842496
420.6500117778778,-74.23372306364563,-74.23372306364563
420.6600117778778,-74.23519994728717,-74.23519994728717
420.6700117778778,-74.23668316791499,-74.23668316791499
420.6800117778778,-74.23817273356607,-74.23817273356607
420.6900117778778,-74.23966865180228,-74.23966865180228
420.7000117778778,-74.24117092967077,-74.24117092967077
420.7100117778778,-74.24267957374667,-74.24267957374667
420.7200117778778,-74.2441945901328,-74.2441945901328
420.7300117778778,-74.24571598444643,-74.24571598444643
420.7400117778778,-74.24724376185293,-74.24724376185293
420.75001180171967,-74.248777930706,-74.248777930706
420.76001180171966,-74.25031848799283,-74.25031848799283
420.77001180171965,-74.25186544114581,-74.25186544114581
420.78001180171964,-74.25341879354212,-74.25341879354212
420.7900118017197,-74.2549785481465,-74.2549785481465
420.8000118017197,-74.25654470748064,-74.25654470748064
420.81001180171967,-74.25811727366305,-74.25811727366305
420.82001180171966,-74.25969624840607,-74.25969624840607
420.83001180171965,-74.2612816330027,-74.2612816330027
420.84001180171964,-74.2628734283717,-74.2628734283717
420.8500118017197,-74.26447163502513,-74.26447163502513
420.8600118017197,-74.26607625310128,-74.26607625310128
420.87001180171967,-74.26768728235729,-74.26768728235729
420.88001180171966,-74.26930472218339,-74.26930472218339
420.89001180171965,-74.27092857159742,-74.27092857159742
420.90001180171964,-74.2725588292664,-74.2725588292664
420.9100118017197,-74.27419549348882,-74.27419549348882
420.9200118017197,-74.2758385622307,-74.2758385622307
420.9300118017197,-74.2774880331112,-74.2774880331112
420.94001180171966,-74.27914390341202,-74.27914390341202
420.95001180171965,-74.2808061700823,-74.2808061700823
420.96001180171965,-74.28247482974423,-74.28247482974423
420.9700118017197,-74.28414987870536,-74.28414987870536
420.9800118017197,-74.28583131295278,-74.28583131295278
420.9900118017197,-74.28751912816463,-74.28751912816463
421.00001180171967,-74.28921331971593,-74.28921331971593
421.01001180171966,-74.29091388267956,-74.29091388267956
421.02001180171965,-74.29262081183802,-74.29262081183802
421.03001180171964,-74.29433410168473,-74.29433410168473
421.0400118017197,-74.29605374642281,-74.29605374642281
421.0500118017197,-74.29777973997533,-74.29777973997533
421.06001180171967,-74.29951207599628,-74.29951207599628
421.07001180171966,-74.30125074786342,-74.30125074786342
421.08001180171965,-74.30299574869211,-74.30299574869211
421.09001180171964,-74.30474707133158,-74.30474707133158
421.1000118017197,-74.30650470838201,-74.30650470838201
421.1100118017197,-74.30826865218901,-74.30826865218901
421.12001180171967,-74.31003889484208,-74.31003889484208
421.13001180171966,-74.31181542819066,-74.31181542819066
421.14001180171965,-74.31359824385999,-74.31359824385999
421.15001180171964,-74.31538733321524,-74.31538733321524
421.1600118017197,-74.3171826874073,-74.3171826874073
421.1700118017197,-74.31898429735695,-74.31898429735695
421.1800118017197,-74.32079215375714,-74.32079215375714
421.19001180171966,-74.32260624708495,-74.32260624708495
421.20001180171965,-74.3244265676064,-74.3244265676064
421.21001180171965,-74.32625310536856,-74.32625310536856
421.2200118017197,-74.32808585021482,-74.32808585021482
421.2300118017197,-74.3299247917895,-74.3299247917895
421.2400118017197,-74.33176991953262,-74.33176991953262
421.25001180171967,-74.3336212226864,-74.3336212226864
421.26001180171966,-74.33547869029267,-74.33547869029267
421.27001180171965,-74.33734231122429,-74.33734231122429
421.28001180171964,-74.33921207416131,-74.33921207416131
421.2900118017197,-74.34108796758196,-74.34108796758196
421.3000118017197,-74.34296997981579,-74.34296997981579
421.31001180171967,-74.34485809900036,-74.34485809900036
421.32001180171966,-74.34675231309834,-74.34675231309834
421.33001180171965,-74.34865260990878,-74.34865260990878
421.34001180171964,-74.35055897707645,-74.35055897707645
421.3500118017197,-74.35247140206405,-74.35247140206405
421.3600118017197,-74.35438987217722,-74.35438987217722
421.37001180171967,-74.3563143745859,-74.3563143745859
421.38001180171966,-74.35824489628577,-74.35824489628577
421.39001180171965,-74.36018142412867,-74.36018142412867
421.40001180171964,-74.36212394481662,-74.36212394481662
421.4100118017197,-74.36407244491167,-74.36407244491167
421.4200118017197,-74.36602691083307,-74.36602691083307
421.4300118017197,-74.36798732886372,-74.36798732886372
421.44001180171966,-74.36995368514675,-74.36995368514675
421.45001180171965,-74.37192596569992,-74.37192596569992
421.46001180171965,-74.37390415639554,-74.37390415639554
421.4700118017197,-74.37588824299036,-74.37588824299036
421.4800118017197,-74.37787821110763,-74.37787821110763
421.4900118017197,-74.37987404625959,-74.37987404625959
421.50001180171967,-74.38187573383377,-74.38187573383377
421.51001180171966,-74.3838832590928,-74.3838832590928
421.52001180171965,-74.38589660719776,-74.38589660719776
421.53001180171964,-74.38791576317783,-74.38791576317783
421.5400118017197,-74.38994071196903,-74.38994071196903
421.5500118017197,-74.39197143840394,-74.39197143840394
421.56001180171967,-74.39400792719375,-74.39400792719375
421.57001180171966,-74.39605016294718,-74.39605016294718
421.58001180171965,-74.39809813019181,-74.39809813019181
421.59001180171964,-74.40015181333125,-74.40015181333125
421.6000118255615,-74.40221120159015,-74.40221120159015
421.6100118255615,-74.40427626942393,-74.40427626942393
421.6200118255615,-74.40634700582402,-74.40634700582402
421.6300118255615,-74.40842339484168,-74.40842339484168
421.64001182556154,-74.41050542043195,-74.41050542043195
421.65001182556153,-74.41259306646776,-74.41259306646776
421.6600118255615,-74.41468631673624,-74.41468631673624
421.6700118255615,-74.4167851549445,-74.4167851549445
421.6800118255615,-74.41888956471306,-74.41888956471306
421.6900118255615,-74.42099952958527,-74.42099952958527
421.70001182556155,-74.42311503304157,-74.42311503304157
421.71001182556154,-74.42522956381212,-74.42522956381212
421.7200118255615,-74.42734025853716,-74.42734025853716
421.7300118255615,-74.42944571208211,-74.42944571208211
421.7400118255615,-74.43154519427004,-74.43154519427004
421.7500118255615,-74.43363835101908,-74.43363835101908
421.76001182556155,-74.43572504915879,-74.43572504915879
421.77001182556154,-74.43780528549601,-74.43780528549601
421.78001182556153,-74.43987913219306,-74.43987913219306
421.7900118255615,-74.44194670390613,-74.44194670390613
421.8000118255615,-74.44400813807457,-74.44400813807457
421.8100118255615,-74.44606358316294,-74.44606358316294
421.82001182556155,-74.4481131917495,-74.4481131917495
421.83001182556154,-74.45015711655412,-74.45015711655412
421.84001182556153,-74.45219550825568,-74.45219550825568
421.8500118255615,-74.45422851437995,-74.45422851437995
421.8600118255615,-74.45625627885092,-74.45625627885092
421.8700118255615,-74.45827894194355,-74.45827894194355
421.8800118255615,-74.4602966403548,-74.4602966403548
421.89001182556154,-74.46230950748944,-74.46230950748944
421.90001182556153,-74.46431767369727,-74.46431767369727
421.9100118255615,-74.46632126659314,-74.46632126659314
421.9200118255615,-74.46832041131728,-74.46832041131728
421.9300118255615,-74.47031523080135,-74.47031523080135
421.9400118255615,-74.47230584597709,-74.47230584597709
421.95001182556155,-74.47429237599205,-74.47429237599205
421.96001182556154,-74.47627493836465,-74.47627493836465
421.9700118255615,-74.47825364914421,-74.47825364914421
421.9800118255615,-74.4802286230116,-74.4802286230116
421.9900118255615,-74.48219997340549,-74.48219997340549
422.0000118255615,-74.48416781259566,-74.48416781259566
422.01001182556155,-74.48613225174958,-74.48613225174958
422.02001182556154,-74.48809340097833,-74.48809340097833
422.03001182556153,-74.49005136939753,-74.49005136939753
422.0400118255615,-74.49200626514354,-74.49200626514354
422.0500118255615,-74.49395819542306,-74.49395819542306
422.0600118255615,-74.49590726649585,-74.49590726649585
422.07001182556155,-74.49785358373755,-74.49785358373755
422.08001182556154,-74.49979725160509,-74.49979725160509
422.09001182556153,-74.50173837365135,-74.50173837365135
422.1000118255615,-74.50367705254004,-74.50367705254004
422.1100118255615,-74.50561339003873,-74.50561339003873
422.1200118255615,-74.50754748702168,-74.50754748702168
422.1300118255615,-74.50947944344698,-74.50947944344698
422.14001182556154,-74.51140935836541,-74.51140935836541
422.15001182556153,-74.5133373299216,-74.5133373299216
422.1600118255615,-74.51526345533223,-74.51526345533223
422.1700118255615,-74.51718783087853,-74.51718783087853
422.1800118255615,-74.51911055191741,-74.51911055191741
422.1900118255615,-74.5210317128401,-74.5210317128401
422.20001182556155,-74.5229514071088,-74.5229514071088
422.21001182556154,-74.52486972721077,-74.52486972721077
422.2200118255615,-74.52678676466199,-74.52678676466199
422.2300118255615,-74.5287026100172,-74.5287026100172
422.2400118255615,-74.53061735283569,-74.53061735283569
422.2500118255615,-74.53253108169693,-74.53253108169693
422.26001182556155,-74.53444388418194,-74.53444388418194
422.27001182556154,-74.5363558468841,-74.5363558468841
422.28001182556153,-74.53826705537519,-74.53826705537519
422.2900118255615,-74.54017759423725,-74.54017759423725
422.3000118255615,-74.54208754702852,-74.54208754702852
422.3100118255615,-74.54399699629437,-74.54399699629437
422.32001182556155,-74.54590602355937,-74.54590602355937
422.33001182556154,-74.54781470934431,-74.54781470934431
422.34001182556153,-74.54972313313492,-74.54972313313492
422.3500118255615,-74.55163137339336,-74.55163137339336
422.3600118255615,-74.55353950755669,-74.55353950755669
422.3700118255615,-74.55544761204868,-74.55544761204868
422.3800118255615,-74.55735576225689,-74.55735576225689
422.39001182556154,-74.5592640325658,-74.5592640325658
422.40001182556153,-74.56117249631271,-74.56117249631271
422.4100118255615,-74.56308122583623,-74.56308122583623
422.4200118255615,-74.56499029244,-74.56499029244
422.4300118255615,-74.56689976642316,-74.56689976642316
422.4400118255615,-74.56880971708016,-74.56880971708016
422.4500118494034,-74.57072021722166,-74.57072021722166
422.4600118494034,-74.57263132502487,-74.57263132502487
422.47001184940336,-74.57454311130205,-74.57454311130205
422.48001184940335,-74.57645564133166,-74.57645564133166
422.4900118494034,-74.57836897938341,-74.57836897938341
422.5000118494034,-74.58028318874513,-74.58028318874513
422.5100118494034,-74.58219833171853,-74.58219833171853
422.5200118494034,-74.58411446964155,-74.58411446964155
422.53001184940337,-74.58603166285724,-74.58603166285724
422.54001184940336,-74.58794997076134,-74.58794997076134
422.5500118494034,-74.58986945178152,-74.58986945178152
422.5600118494034,-74.5917901633928,-74.5917901633928
422.5700118494034,-74.59371216212752,-74.59371216212752
422.5800118494034,-74.59563550356478,-74.59563550356478
422.59001184940337,-74.59756024236611,-74.59756024236611
422.60001184940336,-74.59948643225947,-74.59948643225947
422.6100118494034,-74.60141412605196,-74.60141412605196
422.6200118494034,-74.60334337564026,-74.60334337564026
422.6300118494034,-74.60527423202521,-74.60527423202521
422.6400118494034,-74.60720674528956,-74.60720674528956
422.65001184940337,-74.60914096465913,-74.60914096465913
422.66001184940336,-74.61107693844683,-74.61107693844683
422.6700118494034,-74.61301471411312,-74.61301471411312
422.6800118494034,-74.61495433824638,-74.61495433824638
422.6900118494034,-74.6168958565828,-74.6168958565828
422.7000118494034,-74.61883931400365,-74.61883931400365
422.7100118494034,-74.62078475455522,-74.62078475455522
422.72001184940336,-74.622732221454,-74.622732221454
422.73001184940335,-74.6246817570892,-74.6246817570892
422.7400118494034,-74.62663340302711,-74.62663340302711
422.7500118494034,-74.62858720004958,-74.62858720004958
422.7600118494034,-74.63054318811433,-74.63054318811433
422.7700118494034,-74.63250140640929,-74.63250140640929
422.78001184940337,-74.63446189333155,-74.63446189333155
422.79001184940336,-74.63642468651146,-74.63642468651146
422.8000118494034,-74.63838982281456,-74.63838982281456
422.8100118494034,-74.6403573383424,-74.6403573383424
422.8200118494034,-74.64232726846281,-74.64232726846281
422.8300118494034,-74.64429964779912,-74.64429964779912
422.84001184940337,-74.64627451024423,-74.64627451024423
422.85001184940336,-74.64825188897022,-74.64825188897022
422.8600118494034,-74.65023181644204,-74.65023181644204
422.8700118494034,-74.65221432440454,-74.65221432440454
422.8800118494034,-74.65419944393686,-74.65419944393686
422.8900118494034,-74.65618720539969,-74.65618720539969
422.90001184940337,-74.6581776384921,-74.6581776384921
422.91001184940336,-74.6601707722333,-74.6601707722333
422.9200118494034,-74.66216663498841,-74.66216663498841
422.9300118494034,-74.66416525448014,-74.66416525448014
422.9400118494034,-74.66616665776185,-74.66616665776185
422.9500118494034,-74.6681708712584,-74.6681708712584
422.9600118494034,-74.67017792076322,-74.67017792076322
422.97001184940336,-74.67218783145697,-74.67218783145697
422.98001184940335,-74.67420062790684,-74.67420062790684
422.9900118494034,-74.67621633405625,-74.67621633405625
423.0000118494034,-74.67823497328,-74.67823497328
423.0100118494034,-74.68025656834475,-74.68025656834475
423.0200118494034,-74.68228114143878,-74.68228114143878
423.03001184940337,-74.68430871418224,-74.68430871418224
423.04001184940336,-74.6863393076279,-74.6863393076279
423.0500118494034,-74.68837294225557,-74.68837294225557
423.0600118494034,-74.69040963801658,-74.69040963801658
423.0700118494034,-74.69244941430199,-74.69244941430199
423.0800118494034,-74.69449228998317,-74.69449228998317
423.09001184940337,-74.69653828338346,-74.69653828338346
423.10001184940336,-74.6985413196238,-74.6985413196238
423.1100118494034,-74.70048187110692,-74.70048187110692
423.1200118494034,-74.70235057054747,-74.70235057054747
423.1300118494034,-74.70414242339191,-74.70414242339191
423.1400118494034,-74.7058546541933,-74.7058546541933
423.15001184940337,-74.70748571353461,-74.70748571353461
423.16001184940336,-74.70903476088759,-74.70903476088759
423.1700118494034,-74.71050138007465,-74.71050138007465
423.1800118494034,-74.71188541905417,-74.71188541905417
423.1900118494034,-74.71318689871447,-74.71318689871447
423.2000118494034,-74.71440596055699,-74.71440596055699
423.2100118494034,-74.7155363172914,-74.7155363172914
423.22001184940336,-74.7165754168751,-74.7165754168751
423.23001184940335,-74.71752223320055,-74.71752223320055
423.2400118494034,-74.7183764726809,-74.7183764726809
423.2500118494034,-74.71913826924175,-74.71913826924175
423.2600118494034,-74.71980802479183,-74.71980802479183
423.2700118494034,-74.72038631470565,-74.72038631470565
423.28001184940337,-74.72087383011424,-74.72087383011424
423.29001184940336,-74.72127134221921,-74.72127134221921
423.30001187324524,-74.72157968059123,-74.72157968059123
423.31001187324523,-74.72179971566933,-74.72179971566933
423.3200118732452,-74.7219323546858,-74.7219323546858
423.3300118732452,-74.72197853138289,-74.72197853138289
423.34001187324526,-74.72193920274965,-74.72193920274965
423.35001187324525,-74.7218153457208,-74.7218153457208
423.36001187324524,-74.72160795470786,-74.72160795470786
423.37001187324523,-74.72131803958105,-74.72131803958105
423.3800118732452,-74.72094662400455,-74.72094662400455
423.3900118732452,-74.72049474393914,-74.72049474393914
423.40001187324526,-74.71996344631994,-74.71996344631994
423.41001187324525,-74.71935378783834,-74.71935378783834
423.42001187324524,-74.71866683377907,-74.71866683377907
423.43001187324523,-74.71790365697024,-74.71790365697024
423.4400118732452,-74.71706533672919,-74.71706533672919
423.4500118732452,-74.71615295789728,-74.71615295789728
423.46001187324526,-74.7151676099154,-74.7151676099154
423.47001187324526,-74.7141103859197,-74.7141103859197
423.48001187324525,-74.712982381894,-74.712982381894
423.49001187324524,-74.71178469584108,-74.71178469584108
423.5000118732452,-74.71051842703596,-74.71051842703596
423.5100118732452,-74.70918467526549,-74.70918467526549
423.52001187324527,-74.7077845401282,-74.7077845401282
423.53001187324526,-74.70631912037653,-74.70631912037653
423.54001187324525,-74.70478951325332,-74.70478951325332
423.55001187324524,-74.70319681391157,-74.70319681391157
423.56001187324523,-74.70154211483506,-74.70154211483506
423.5700118732452,-74.69982650529687,-74.69982650529687
423.5800118732452,-74.69805107084007,-74.69805107084007
423.59001187324526,-74.69621689278522,-74.69621689278522
423.60001187324525,-74.69432504781358,-74.69432504781358
423.61001187324524,-74.69237660748638,-74.69237660748638
423.62001187324523,-74.69037263786045,-74.69037263786045
423.6300118732452,-74.68831419911425,-74.68831419911425
423.6400118732452,-74.68620234517674,-74.68620234517674
423.65001187324526,-74.68403812338579,-74.68403812338579
423.66001187324525,-74.68182257421068,-74.68182257421068
423.67001187324524,-74.679556730899,-74.679556730899
423.68001187324523,-74.67724161926317,-74.67724161926317
423.6900118732452,-74.67487825737355,-74.67487825737355
423.7000118732452,-74.67246765536194,-74.67246765536194
423.71001187324526,-74.67001081517202,-74.67001081517202
423.72001187324526,-74.66750873037542,-74.66750873037542
423.73001187324525,-74.66496238596291,-74.66496238596291
423.74001187324524,-74.66237275819873,-74.66237275819873
423.7500118732452,-74.65974081444314,-74.65974081444314
423.7600118732452,-74.657067513008,-74.657067513008
423.77001187324527,-74.65435380304058,-74.65435380304058
423.78001187324526,-74.65160062437691,-74.65160062437691
423.79001187324525,-74.64880890746345,-74.64880890746345
423.80001187324524,-74.64597957324135,-74.64597957324135
423.81001187324523,-74.64311353306886,-74.64311353306886
423.8200118732452,-74.64021168865214,-74.64021168865214
423.8300118732452,-74.63727493196778,-74.63727493196778
423.84001187324526,-74.63430414521176,-74.63430414521176
423.85001187324525,-74.63130020075846,-74.63130020075846
423.86001187324524,-74.62826396110307,-74.62826396110307
423.87001187324523,-74.62519627886874,-74.62519627886874
423.8800118732452,-74.62209799673253,-74.62209799673253
423.8900118732452,-74.61896994745442,-74.61896994745442
423.90001187324526,-74.61581295385037,-74.61581295385037
423.91001187324525,-74.6126278287766,-74.6126278287766
423.92001187324524,-74.60941537516237,-74.60941537516237
423.93001187324523,-74.60617638598201,-74.60617638598201
423.9400118732452,-74.60291164430332,-74.60291164430332
423.9500118732452,-74.599621923305,-74.599621923305
423.96001187324526,-74.59630148520337,-74.59630148520337
423.97001187324526,-74.59294824133858,-74.59294824133858
423.98001187324525,-74.58956155546709,-74.58956155546709
423.99001187324524,-74.58614145817519,-74.58614145817519
424.0000118732452,-74.58268834727974,-74.58268834727974
424.0100118732452,-74.57920283226649,-74.57920283226649
424.02001187324527,-74.57568564318105,-74.57568564318105
424.03001187324526,-74.57213757585853,-74.57213757585853
424.04001187324525,-74.56855945906729,-74.56855945906729
424.05001187324524,-74.56495213473497,-74.56495213473497
424.06001187324523,-74.56131644620996,-74.56131644620996
424.0700118732452,-74.55765323142407,-74.55765323142407
424.0800118732452,-74.55396331893168,-74.55396331893168
424.09001187324526,-74.5502475258,-74.5502475258
424.10001187324525,-74.5465066565729,-74.5465066565729
424.11001187324524,-74.54274150291641,-74.54274150291641
424.12001187324523,-74.53895284356474,-74.53895284356474
424.1300118732452,-74.5351414445801,-74.5351414445801
424.1400118732452,-74.53130805964165,-74.53130805964165
424.1500118970871,-74.52745342121617,-74.52745342121617
424.1600118970871,-74.52357827762063,-74.52357827762063
424.1700118970871,-74.51968333848502,-74.51968333848502
424.18001189708707,-74.51576931159659,-74.51576931159659
424.1900118970871,-74.51183689410593,-74.51183689410593
424.2000118970871,-74.50788677282243,-74.50788677282243
424.2100118970871,-74.50391962444476,-74.50391962444476
424.2200118970871,-74.49993611583864,-74.49993611583864
424.2300118970871,-74.4959369041967,-74.4959369041967
424.2400118970871,-74.49192263725749,-74.49192263725749
424.2500118970871,-74.48789395346762,-74.48789395346762
424.2600118970871,-74.48385148213637,-74.48385148213637
424.2700118970871,-74.47979584356511,-74.47979584356511
424.2800118970871,-74.47572764919067,-74.47572764919067
424.2900118970871,-74.47164750171217,-74.47164750171217
424.3000118970871,-74.46755599519963,-74.46755599519963
424.3100118970871,-74.46345371518079,-74.46345371518079
424.3200118970871,-74.45934123876208,-74.45934123876208
424.3300118970871,-74.45521913472322,-74.45521913472322
424.3400118970871,-74.45108796359341,-74.45108796359341
424.3500118970871,-74.44694827776243,-74.44694827776243
424.3600118970871,-74.44280062154074,-74.44280062154074
424.3700118970871,-74.43864553125681,-74.43864553125681
424.3800118970871,-74.43448353534485,-74.43448353534485
424.3900118970871,-74.43031515440256,-74.43031515440256
424.4000118970871,-74.42614090130067,-74.42614090130067
424.4100118970871,-74.4219612812152,-74.4219612812152
424.4200118970871,-74.417776791762,-74.417776791762
424.43001189708707,-74.41358792301986,-74.41358792301986
424.4400118970871,-74.40939515763249,-74.40939515763249
424.4500118970871,-74.40519897088684,-74.40519897088684
424.4600118970871,-74.40099983077805,-74.40099983077805
424.4700118970871,-74.39679819807648,-74.39679819807648
424.4800118970871,-74.39259452643013,-74.39259452643013
424.4900118970871,-74.38838926240128,-74.38838926240128
424.5000118970871,-74.38418284557147,-74.38418284557147
424.5100118970871,-74.37997570860351,-74.37997570860351
424.5200118970871,-74.37576827730355,-74.37576827730355
424.5300118970871,-74.37156097071681,-74.37156097071681
424.5400118970871,-74.36735420119666,-74.36735420119666
424.5500118970871,-74.36314837446275,-74.36314837446275
424.5600118970871,-74.35894388967876,-74.35894388967876
424.5700118970871,-74.35474113953828,-74.35474113953828
424.5800118970871,-74.35054051033613,-74.35054051033613
424.5900118970871,-74.34634238202673,-74.34634238202673
424.6000118970871,-74.34214712829336,-74.34214712829336
424.6100118970871,-74.33795511665312,-74.33795511665312
424.6200118970871,-74.33376670850473,-74.33376670850473
424.6300118970871,-74.32958225919475,-74.32958225919475
424.6400118970871,-74.32540211810058,-74.32540211810058
424.6500118970871,-74.32122662871078,-74.32122662871078
424.6600118970871,-74.31705612867036,-74.31705612867036
424.6700118970871,-74.3128909498832,-74.3128909498832
424.68001189708707,-74.30873141854612,-74.30873141854612
424.6900118970871,-74.30457785524425,-74.30457785524425
424.7000118970871,-74.30043057503157,-74.30043057503157
424.7100118970871,-74.29628988746028,-74.29628988746028
424.7200118970871,-74.29215609669414,-74.29215609669414
424.7300118970871,-74.28802950154282,-74.28802950154282
424.7400118970871,-74.28391039554093,-74.28391039554093
424.7500118970871,-74.27979906703372,-74.27979906703372
424.7600118970871,-74.2756957992224,-74.2756957992224
424.7700118970871,-74.27160087022213,-74.27160087022213
424.7800118970871,-74.26751455315166,-74.26751455315166
424.7900118970871,-74.26343711619792,-74.26343711619792
424.8000118970871,-74.25936882266903,-74.25936882266903
424.8100118970871,-74.25530993105055,-74.25530993105055
424.8200118970871,-74.25126069509653,-74.25126069509653
424.8300118970871,-74.24722136388365,-74.24722136388365
424.8400118970871,-74.24319218184694,-74.24319218184694
424.8500118970871,-74.23917338889474,-74.23917338889474
424.8600118970871,-74.23516522041,-74.23516522041
424.8700118970871,-74.23116790735314,-74.23116790735314
424.8800118970871,-74.22718167631857,-74.22718167631857
424.8900118970871,-74.22320674957656,-74.22320674957656
424.9000118970871,-74.21924334514159,-74.21924334514159
424.9100118970871,-74.21529167685142,-74.21529167685142
424.9200118970871,-74.21135195438681,-74.21135195438681
424.93001189708707,-74.20742438335456,-74.20742438335456
424.9400118970871,-74.20350916535085,-74.20350916535085
424.9500118970871,-74.19960649799857,-74.19960649799857
424.9600118970871,-74.19571657499446,-74.19571657499446
424.9700118970871,-74.19183958620599,-74.19183958620599
424.9800118970871,-74.18797571768584,-74.18797571768584
424.9900118970871,-74.18412515174296,-74.18412515174296
425.00001192092896,-74.18028805786219,-74.18028805786219
425.01001192092895,-74.17646462933648,-74.17646462933648
425.02001192092894,-74.17265502837179,-74.17265502837179
425.0300119209289,-74.16885942282332,-74.16885942282332
425.040011920929,-74.16507797706967,-74.16507797706967
425.05001192092897,-74.16131085204393,-74.16131085204393
425.06001192092896,-74.15755820528369,-74.15755820528369
425.07001192092895,-74.15382019100797,-74.15382019100797
425.08001192092894,-74.15009696014334,-74.15009696014334
425.09001192092893,-74.14638866037544,-74.14638866037544
425.100011920929,-74.14269543620578,-74.14269543620578
425.11001192092897,-74.1390174289673,-74.1390174289673
425.12001192092896,-74.13535477692045,-74.13535477692045
425.13001192092895,-74.13170761525633,-74.13170761525633
425.14001192092894,-74.12807607616918,-74.12807607616918
425.15001192092893,-74.12446028886681,-74.12446028886681
425.160011920929,-74.12086037965832,-74.12086037965832
425.17001192092897,-74.11727647196807,-74.11727647196807
425.18001192092896,-74.11370868638333,-74.11370868638333
425.19001192092895,-74.1101571407035,-74.1101571407035
425.20001192092894,-74.1066219499827,-74.1066219499827
425.21001192092893,-74.10310322655111,-74.10310322655111
425.220011920929,-74.09960108007644,-74.09960108007644
425.230011920929,-74.09611561760374,-74.09611561760374
425.24001192092896,-74.09264694357125,-74.09264694357125
425.25001192092896,-74.08919515988656,-74.08919515988656
425.26001192092895,-74.08576036593189,-74.08576036593189
425.27001192092894,-74.08234265861626,-74.08234265861626
425.2800119209289,-74.07894213241332,-74.07894213241332
425.290011920929,-74.07555887939634,-74.07555887939634
425.30001192092897,-74.07219298927907,-74.07219298927907
425.31001192092896,-74.06884454942961,-74.06884454942961
425.32001192092895,-74.06551364494483,-74.06551364494483
425.33001192092894,-74.0622003586514,-74.0622003586514
425.34001192092893,-74.05890477114934,-74.05890477114934
425.350011920929,-74.05562696085578,-74.05562696085578
425.36001192092897,-74.05236700402527,-74.05236700402527
425.37001192092896,-74.04912497479665,-74.04912497479665
425.38001192092895,-74.04590094520827,-74.04590094520827
425.39001192092894,-74.04269498524157,-74.04269498524157
425.40001192092893,-74.03950716285217,-74.03950716285217
425.410011920929,-74.03633754400111,-74.03633754400111
425.42001192092897,-74.03318619267606,-74.03318619267606
425.43001192092896,-74.0300531709301,-74.0300531709301
425.44001192092895,-74.02693853891866,-74.02693853891866
425.45001192092894,-74.02384235490763,-74.02384235490763
425.46001192092893,-74.02076467532866,-74.02076467532866
425.470011920929,-74.01770555478244,-74.01770555478244
425.480011920929,-74.01466504608814,-74.01466504608814
425.49001192092896,-74.01164320029606,-74.01164320029606
425.50001192092896,-74.00864006672056,-74.00864006672056
425.51001192092895,-74.00565569295878,-74.00565569295878
425.52001192092894,-74.00269012493429,-74.00269012493429
425.5300119209289,-73.99974340692106,-73.99974340692106
425.540011920929,-73.99681558155118,-73.99681558155118
425.55001192092897,-73.99390668985188,-73.99390668985188
425.56001192092896,-73.99101677127328,-73.99101677127328
425.57001192092895,-73.9881458637028,-73.9881458637028
425.58001192092894,-73.98529400352331,-73.98529400352331
425.59001192092893,-73.98246122557522,-73.98246122557522
425.600011920929,-73.97964756322196,-73.97964756322196
425.61001192092897,-73.97685304838141,-73.97685304838141
425.62001192092896,-73.9740777115301,-73.9740777115301
425.63001192092895,-73.97132158172144,-73.97132158172144
425.64001192092894,-73.96858468661908,-73.96858468661908
425.65001192092893,-73.96586705252179,-73.96586705252179
425.660011920929,-73.96316870436549,-73.96316870436549
425.67001192092897,-73.96048966577415,-73.96048966577415
425.68001192092896,-73.95782995905748,-73.95782995905748
425.69001192092895,-73.95518960523724,-73.95518960523724
425.70001192092894,-73.95256862406869,-73.95256862406869
425.71001192092893,-73.94996058969272,-73.94996058969272
425.720011920929,-73.94736270330377,-73.94736270330377
425.730011920929,-73.94477361506631,-73.94477361506631
425.74001192092896,-73.94219264508585,-73.94219264508585
425.75001192092896,-73.93961948621434,-73.93961948621434
425.76001192092895,-73.93705404960379,-73.93705404960379
425.77001192092894,-73.93449637418192,-73.93449637418192
425.7800119209289,-73.93194657223297,-73.93194657223297
425.790011920929,-73.92940479667091,-73.92940479667091
425.80001192092897,-73.92687122136144,-73.92687122136144
425.81001192092896,-73.92434602948589,-73.92434602948589
425.82001192092895,-73.92182940662504,-73.92182940662504
425.83001192092894,-73.9193215368683,-73.9193215368683
425.84001192092893,-73.91682260067165,-73.91682260067165
425.8500119447708,-73.91433276786567,-73.91433276786567
425.8600119447708,-73.91185222101468,-73.91185222101468
425.8700119447708,-73.90938111970753,-73.90938111970753
425.8800119447708,-73.9069196245586,-73.9069196245586
425.89001194477083,-73.90446789148506,-73.90446789148506
425.9000119447708,-73.90202607205826,-73.90202607205826
425.9100119447708,-73.8995943138336,-73.8995943138336
425.9200119447708,-73.89717276064327,-73.89717276064327
425.9300119447708,-73.89476155291096,-73.89476155291096
425.9400119447708,-73.89236082789806,-73.89236082789806
425.95001194477084,-73.88997071992895,-73.88997071992895
425.9600119447708,-73.88758492162626,-73.88758492162626
425.9700119447708,-73.88520074821265,-73.88520074821265
425.9800119447708,-73.88278627540265,-73.88278627540265
425.9900119447708,-73.88032350400798,-73.88032350400798
426.0000119447708,-73.87780244676662,-73.87780244676662
426.01001194477084,-73.87521701875781,-73.87521701875781
426.02001194477083,-73.872563190701,-73.872563190701
426.0300119447708,-73.86983814187593,-73.86983814187593
426.0400119447708,-73.86703984604058,-73.86703984604058
426.0500119447708,-73.86416685188539,-73.86416685188539
426.0600119447708,-73.86121815424552,-73.86121815424552
426.07001194477084,-73.8581931098642,-73.8581931098642
426.08001194477083,-73.85509137653885,-73.85509137653885
426.0900119447708,-73.85191286583274,-73.85191286583274
426.1000119447708,-73.84865770447199,-73.84865770447199
426.1100119447708,-73.84532620205981,-73.84532620205981
426.1200119447708,-73.84191882351637,-73.84191882351637
426.1300119447708,-73.83843616555359,-73.83843616555359
426.14001194477083,-73.83487893637684,-73.83487893637684
426.1500119447708,-73.83124793823771,-73.83124793823771
426.1600119447708,-73.82754405242068,-73.82754405242068
426.1700119447708,-73.82376822630324,-73.82376822630324
426.1800119447708,-73.81992146219835,-73.81992146219835
426.1900119447708,-73.81600480777,-73.81600480777
426.20001194477084,-73.81201934779726,-73.81201934779726
426.2100119447708,-73.80795976623591,-73.80795976623591
426.2200119447708,-73.8038243918977,-73.8038243918977
426.2300119447708,-73.79961301968127,-73.79961301968127
426.2400119447708,-73.79532612864149,-73.79532612864149
426.2500119447708,-73.79096458138976,-73.79096458138976
426.26001194477084,-73.78652946659957,-73.78652946659957
426.27001194477083,-73.78202200572346,-73.78202200572346
426.2800119447708,-73.77744349616655,-73.77744349616655
426.2900119447708,-73.77279527644635,-73.77279527644635
426.3000119447708,-73.7680787047389,-73.7680787047389
426.3100119447708,-73.76329514557469,-73.76329514557469
426.32001194477084,-73.75844596163078,-73.75844596163078
426.33001194477083,-73.75353250862192,-73.75353250862192
426.3400119447708,-73.7485561321742,-73.7485561321742
426.3500119447708,-73.74351816586646,-73.74351816586646
426.3600119447708,-73.7384199301055,-73.7384199301055
426.3700119447708,-73.73326273145115,-73.73326273145115
426.3800119447708,-73.72804786226105,-73.72804786226105
426.39001194477083,-73.72277660049676,-73.72277660049676
426.4000119447708,-73.71745020966996,-73.71745020966996
426.4100119447708,-73.71206993884167,-73.71206993884167
426.4200119447708,-73.70663702267345,-73.70663702267345
426.4300119447708,-73.70115268150742,-73.70115268150742
426.4400119447708,-73.6956181214453,-73.6956181214453
426.45001194477084,-73.69003453444495,-73.69003453444495
426.4600119447708,-73.6844030983841,-73.6844030983841
426.4700119447708,-73.67872497720278,-73.67872497720278
426.4800119447708,-73.67300132096709,-73.67300132096709
426.4900119447708,-73.66723326597335,-73.66723326597335
426.5000119447708,-73.66142193483505,-73.66142193483505
426.51001194477084,-73.65556843659023,-73.65556843659023
426.52001194477083,-73.64967386677883,-73.64967386677883
426.5300119447708,-73.6437393075524,-73.6437393075524
426.5400119447708,-73.6377658277672,-73.6377658277672
426.5500119447708,-73.63175448305441,-73.63175448305441
426.5600119447708,-73.62570631595932,-73.62570631595932
426.57001194477084,-73.61962235599991,-73.61962235599991
426.58001194477083,-73.61350361979893,-73.61350361979893
426.5900119447708,-73.6073511111484,-73.6073511111484
426.6000119447708,-73.60116582112583,-73.60116582112583
426.6100119447708,-73.5949487282035,-73.5949487282035
426.6200119447708,-73.5887007983383,-73.5887007983383
426.6300119447708,-73.58242298507507,-73.58242298507507
426.64001194477083,-73.57611622965993,-73.57611622965993
426.6500119447708,-73.56978146113588,-73.56978146113588
426.6600119447708,-73.56341959644527,-73.56341959644527
426.6700119447708,-73.55703154055425,-73.55703154055425
426.6800119447708,-73.55061818652884,-73.55061818652884
426.6900119447708,-73.54418041566912,-73.54418041566912
426.70001196861267,-73.53771908221319,-73.53771908221319
426.71001196861266,-73.53123507494642,-73.53123507494642
426.72001196861265,-73.52472922516898,-73.52472922516898
426.73001196861264,-73.51820236815595,-73.51820236815595
426.7400119686127,-73.51165532793834,-73.51165532793834
426.7500119686127,-73.50508891741725,-73.50508891741725
426.7600119686127,-73.49850393848264,-73.49850393848264
426.77001196861266,-73.49190118211672,-73.49190118211672
426.78001196861265,-73.4852814284868,-73.4852814284868
426.79001196861265,-73.47864544707703,-73.47864544707703
426.8000119686127,-73.47199399678067,-73.47199399678067
426.8100119686127,-73.46532782601255,-73.46532782601255
426.8200119686127,-73.4586476728314,-73.4586476728314
426.83001196861267,-73.45195426500663,-73.45195426500663
426.84001196861266,-73.44524832016606,-73.44524832016606
426.85001196861265,-73.43853054589842,-73.43853054589842
426.8600119686127,-73.43180163983085,-73.43180163983085
426.8700119686127,-73.42506228977291,-73.42506228977291
426.8800119686127,-73.41831317378643,-73.41831317378643
426.89001196861267,-73.41155496030929,-73.41155496030929
426.90001196861266,-73.40478830825832,-73.40478830825832
426.91001196861265,-73.39801386713502,-73.39801386713502
426.9200119686127,-73.39123227711808,-73.39123227711808
426.9300119686127,-73.38444416917919,-73.38444416917919
426.9400119686127,-73.37765016518442,-73.37765016518442
426.95001196861267,-73.37085087797672,-73.37085087797672
426.96001196861266,-73.36404052312359,-73.36404052312359
426.97001196861265,-73.35721690472748,-73.35721690472748
426.98001196861264,-73.3503792568724,-73.3503792568724
426.9900119686127,-73.343527471328,-73.343527471328
427.0000119686127,-73.33666180267332,-73.33666180267332
427.0100119686127,-73.3297827151007,-73.3297827151007
427.02001196861266,-73.32289079255446,-73.32289079255446
427.03001196861265,-73.31598668474372,-73.31598668474372
427.04001196861265,-73.30907107468856,-73.30907107468856
427.0500119686127,-73.30214465926794,-73.30214465926794
427.0600119686127,-73.29520813764195,-73.29520813764195
427.0700119686127,-73.28826220454397,-73.28826220454397
427.08001196861267,-73.28130754640877,-73.28130754640877
427.09001196861266,-73.2743448393482,-73.2743448393482
427.10001196861265,-73.26737474817091,-73.26737474817091
427.1100119686127,-73.2603979260367,-73.2603979260367
427.1200119686127,-73.25341501451595,-73.25341501451595
427.1300119686127,-73.2464266438197,-73.2464266438197
427.14001196861267,-73.23943343314606,-73.23943343314606
427.15001196861266,-73.23243599108669,-73.23243599108669
427.16001196861265,-73.22543491601122,-73.22543491601122
427.1700119686127,-73.21843079645356,-73.21843079645356
427.1800119686127,-73.21142421146291,-73.21142421146291
427.1900119686127,-73.20441573093903,-73.20441573093903
427.20001196861267,-73.19740591594243,-73.19740591594243
427.21001196861266,-73.19038894661303,-73.19038894661303
427.22001196861265,-73.18336258322364,-73.18336258322364
427.23001196861264,-73.17632601320616,-73.17632601320616
427.2400119686127,-73.16927908082147,-73.16927908082147
427.2500119686127,-73.16222199307487,-73.16222199307487
427.2600119686127,-73.15515516692376,-73.15515516692376
427.27001196861266,-73.14807913965062,-73.14807913965062
427.28001196861265,-73.14099451500458,-73.14099451500458
427.29001196861265,-73.1339019308741,-73.1339019308741
427.3000119686127,-73.12680203986072,-73.12680203986072
427.3100119686127,-73.11969549775559,-73.11969549775559
427.3200119686127,-73.112582956808,-73.112582956808
427.33001196861267,-73.1054650618994,-73.1054650618994
427.34001196861266,-73.09834244847546,-73.09834244847546
427.35001196861265,-73.09121574158041,-73.09121574158041
427.3600119686127,-73.08408555550785,-73.08408555550785
427.3700119686127,-73.07695249380451,-73.07695249380451
427.3800119686127,-73.06981714952664,-73.06981714952664
427.39001196861267,-73.06268010553292,-73.06268010553292
427.40001196861266,-73.05554193488221,-73.05554193488221
427.41001196861265,-73.0484032011941,-73.0484032011941
427.4200119686127,-73.0412644590224,-73.0412644590224
427.4300119686127,-73.03412625416317,-73.03412625416317
427.4400119686127,-73.02698912398992,-73.02698912398992
427.45001196861267,-73.01985359770998,-73.01985359770998
427.46001196861266,-73.01272019662909,-73.01272019662909
427.47001196861265,-73.00558943433455,-73.00558943433455
427.48001196861264,-72.99846181693583,-72.99846181693583
427.4900119686127,-72.99133784318938,-72.99133784318938
427.5000119686127,-72.98421800468627,-72.98421800468627
427.5100119686127,-72.97710278596257,-72.97710278596257
427.52001196861266,-72.96999266465282,-72.96999266465282
427.53001196861265,-72.96288811156099,-72.96288811156099
427.54001196861265,-72.95578959078485,-72.95578959078485
427.55001199245453,-72.94869754290876,-72.94869754290876
427.5600119924545,-72.94161245266878,-72.94161245266878
427.5700119924545,-72.934534747629,-72.934534747629
427.5800119924545,-72.92746486586739,-72.92746486586739
427.59001199245455,-72.92040323913345,-72.92040323913345
427.60001199245454,-72.91335029291507,-72.91335029291507
427.61001199245453,-72.90630644650106,-72.90630644650106
427.6200119924545,-72.89927211302437,-72.89927211302437
427.6300119924545,-72.8922476995347,-72.8922476995347
427.6400119924545,-72.88523360703891,-72.88523360703891
427.65001199245455,-72.87823023056978,-72.87823023056978
427.66001199245454,-72.8712379592183,-72.8712379592183
427.67001199245453,-72.86425717619305,-72.86425717619305
427.6800119924545,-72.85728825888701,-72.85728825888701
427.6900119924545,-72.8503315788819,-72.8503315788819
427.7000119924545,-72.84338750205222,-72.84338750205222
427.71001199245455,-72.83645638857739,-72.83645638857739
427.72001199245454,-72.82953859300271,-72.82953859300271
427.73001199245454,-72.82263446428482,-72.82263446428482
427.7400119924545,-72.81574434584843,-72.81574434584843
427.7500119924545,-72.80886857562261,-72.80886857562261
427.7600119924545,-72.80200748611173,-72.80200748611173
427.77001199245456,-72.79516140440346,-72.79516140440346
427.78001199245455,-72.78833065226843,-72.78833065226843
427.79001199245454,-72.78151554616932,-72.78151554616932
427.80001199245453,-72.77471639733136,-72.77471639733136
427.8100119924545,-72.76793351178685,-72.76793351178685
427.8200119924545,-72.76116719042612,-72.76116719042612
427.8300119924545,-72.75441772904018,-72.75441772904018
427.84001199245455,-72.74768541837432,-72.74768541837432
427.85001199245454,-72.74097054418516,-72.74097054418516
427.86001199245453,-72.73427338726705,-72.73427338726705
427.8700119924545,-72.72759422354109,-72.72759422354109
427.8800119924545,-72.72093332407667,-72.72093332407667
427.8900119924545,-72.71429095514307,-72.71429095514307
427.90001199245455,-72.70766737826906,-72.70766737826906
427.91001199245454,-72.70106285027438,-72.70106285027438
427.92001199245453,-72.69447762334244,-72.69447762334244
427.9300119924545,-72.68791194507382,-72.68791194507382
427.9400119924545,-72.68136605850573,-72.68136605850573
427.9500119924545,-72.67484020217636,-72.67484020217636
427.96001199245455,-72.66832828479622,-72.66832828479622
427.97001199245454,-72.66182777296822,-72.66182777296822
427.98001199245454,-72.65533755382037,-72.65533755382037
427.9900119924545,-72.64885717017744,-72.64885717017744
428.0000119924545,-72.64238652845764,-72.64238652845764
428.0100119924545,-72.63592574682554,-72.63592574682554
428.02001199245456,-72.62947506610793,-72.62947506610793
428.03001199245455,-72.62303479623648,-72.62303479623648
428.04001199245454,-72.61660528403662,-72.61660528403662
428.05001199245453,-72.61018689387528,-72.61018689387528
428.0600119924545,-72.60377999618304,-72.60377999618304
428.0700119924545,-72.5973849607338,-72.5973849607338
428.0800119924545,-72.59100215277992,-72.59100215277992
428.09001199245455,-72.58463193098851,-72.58463193098851
428.10001199245454,-72.57827464646272,-72.57827464646272
428.11001199245453,-72.57193064233881,-72.57193064233881
428.1200119924545,-72.56560025382817,-72.56560025382817
428.1300119924545,-72.55928380838174,-72.55928380838174
428.1400119924545,-72.55298162603405,-72.55298162603405
428.15001199245455,-72.546694019751,-72.546694019751
428.16001199245454,-72.54042129576078,-72.54042129576078
428.17001199245453,-72.53416375393742,-72.53416375393742
428.1800119924545,-72.52792168810134,-72.52792168810134
428.1900119924545,-72.5216953862977,-72.5216953862977
428.2000119924545,-72.51548513107757,-72.51548513107757
428.21001199245455,-72.50928488852642,-72.50928488852642
428.22001199245454,-72.50309217413547,-72.50309217413547
428.23001199245454,-72.49690592025594,-72.49690592025594
428.2400119924545,-72.49072571304885,-72.49072571304885
428.2500119924545,-72.48455150111985,-72.48455150111985
428.2600119924545,-72.47838344411353,-72.47838344411353
428.27001199245456,-72.47222182382977,-72.47222182382977
428.28001199245455,-72.46606699087148,-72.46606699087148
428.29001199245454,-72.45991933252962,-72.45991933252962
428.30001199245453,-72.4537792534896,-72.4537792534896
428.3100119924545,-72.44764716441686,-72.44764716441686
428.3200119924545,-72.44152347523601,-72.44152347523601
428.3300119924545,-72.43540859132165,-72.43540859132165
428.34001199245455,-72.42930291141884,-72.42930291141884
428.35001199245454,-72.4232068266502,-72.4232068266502
428.36001199245453,-72.41712072015649,-72.41712072015649
428.3700119924545,-72.41104496708543,-72.41104496708543
428.3800119924545,-72.40497993480137,-72.40497993480137
428.3900119924545,-72.39892598316135,-72.39892598316135
428.4000120162964,-72.39288345048686,-72.39288345048686
428.4100120162964,-72.38685271150305,-72.38685271150305
428.42001201629637,-72.3808340912494,-72.3808340912494
428.43001201629636,-72.3748279230029,-72.3748279230029
428.4400120162964,-72.3688345341571,-72.3688345341571
428.4500120162964,-72.36285424647161,-72.36285424647161
428.4600120162964,-72.35688737628783,-72.35688737628783
428.4700120162964,-72.35093423472442,-72.35093423472442
428.48001201629637,-72.34499512784645,-72.34499512784645
428.49001201629636,-72.33907035679469,-72.33907035679469
428.5000120162964,-72.3331602179345,-72.3331602179345
428.5100120162964,-72.32726500294292,-72.32726500294292
428.5200120162964,-72.32138499893796,-72.32138499893796
428.5300120162964,-72.31552048852794,-72.31552048852794
428.5400120162964,-72.30967174990028,-72.30967174990028
428.55001201629636,-72.30383905690609,-72.30383905690609
428.5600120162964,-72.29802267907776,-72.29802267907776
428.5700120162964,-72.29222288171303,-72.29222288171303
428.5800120162964,-72.28643992591337,-72.28643992591337
428.5900120162964,-72.28067406863565,-72.28067406863565
428.6000120162964,-72.27492556270629,-72.27492556270629
428.61001201629637,-72.26919465687625,-72.26919465687625
428.6200120162964,-72.26348159587025,-72.26348159587025
428.6300120162964,-72.25778662038503,-72.25778662038503
428.6400120162964,-72.2521099671492,-72.2521099671492
428.6500120162964,-72.24645186893046,-72.24645186893046
428.6600120162964,-72.24081255458599,-72.24081255458599
428.67001201629637,-72.23519224907993,-72.23519224907993
428.68001201629636,-72.22959117351131,-72.22959117351131
428.6900120162964,-72.22400954514323,-72.22400954514323
428.7000120162964,-72.21844757743516,-72.21844757743516
428.7100120162964,-72.2129054800663,-72.2129054800663
428.7200120162964,-72.20738345896147,-72.20738345896147
428.73001201629637,-72.20188171631891,-72.20188171631891
428.74001201629636,-72.1964004506517,-72.1964004506517
428.7500120162964,-72.19093985679679,-72.19093985679679
428.7600120162964,-72.18550012594987,-72.18550012594987
428.7700120162964,-72.18008144571125,-72.18008144571125
428.7800120162964,-72.17468400007193,-72.17468400007193
428.7900120162964,-72.16930796950201,-72.16930796950201
428.80001201629636,-72.16395353092521,-72.16395353092521
428.8100120162964,-72.15862085779851,-72.15862085779851
428.8200120162964,-72.15331012008863,-72.15331012008863
428.8300120162964,-72.14802148434994,-72.14802148434994
428.8400120162964,-72.1427551137409,-72.1427551137409
428.8500120162964,-72.13751116802992,-72.13751116802992
428.86001201629637,-72.13228980366392,-72.13228980366392
428.8700120162964,-72.12709117377936,-72.12709117377936
428.8800120162964,-72.12191542824068,-72.12191542824068
428.8900120162964,-72.11676271366585,-72.11676271366585
428.9000120162964,-72.11163317347487,-72.11163317347487
428.9100120162964,-72.1065269478867,-72.1065269478867
428.92001201629637,-72.10144417399536,-72.10144417399536
428.93001201629636,-72.09638498577456,-72.09638498577456
428.9400120162964,-72.09134951412716,-72.09134951412716
428.9500120162964,-72.08633788690422,-72.08633788690422
428.9600120162964,-72.08135022893244,-72.08135022893244
428.9700120162964,-72.07638666207133,-72.07638666207133
428.98001201629637,-72.07144730522995,-72.07144730522995
428.99001201629636,-72.06653227439652,-72.06653227439652
429.0000120162964,-72.06164168268673,-72.06164168268673
429.0100120162964,-72.0567756403671,-72.0567756403671
429.0200120162964,-72.05193425487688,-72.05193425487688
429.0300120162964,-72.04711763088712,-72.04711763088712
429.0400120162964,-72.04232587030963,-72.04232587030963
429.05001201629636,-72.03755907235026,-72.03755907235026
429.0600120162964,-72.03281733351947,-72.03281733351947
429.0700120162964,-72.02810074768333,-72.02810074768333
429.0800120162964,-72.02340940608921,-72.02340940608921
429.0900120162964,-72.0187433973964,-72.0187433973964
429.1000120162964,-72.014102807705,-72.014102807705
429.11001201629637,-72.009487720601,-72.009487720601
429.1200120162964,-72.0048982171816,-72.0048982171816
429.1300120162964,-72.00033437608074,-72.00033437608074
429.1400120162964,-71.99579627351696,-71.99579627351696
429.1500120162964,-71.9912839832946,-71.9912839832946
429.1600120162964,-71.9867975768727,-71.9867975768727
429.17001201629637,-71.9823371233802,-71.9823371233802
429.18001201629636,-71.97790268963182,-71.97790268963182
429.1900120162964,-71.97349434018285,-71.97349434018285
429.2000120162964,-71.96911213733382,-71.96911213733382
429.2100120162964,-71.96475614118938,-71.96475614118938
429.2200120162964,-71.96042640967549,-71.96042640967549
429.23001201629637,-71.95612299855827,-71.95612299855827
429.24001201629636,-71.95184596150213,-71.95184596150213
429.25001204013824,-71.9475953399405,-71.9475953399405
429.26001204013824,-71.94337120369019,-71.94337120369019
429.2700120401382,-71.93917359001641,-71.93917359001641
429.2800120401382,-71.9350025443827,-71.9350025443827
429.29001204013827,-71.93085811028429,-71.93085811028429
429.30001204013826,-71.9267403292628,-71.9267403292628
429.31001204013825,-71.92264924093875,-71.92264924093875
429.32001204013824,-71.91858488304123,-71.91858488304123
429.33001204013823,-71.91454729143,-71.91454729143
429.3400120401382,-71.91053650013443,-71.91053650013443
429.35001204013827,-71.90655254137415,-71.90655254137415
429.36001204013826,-71.90259544557247,-71.90259544557247
429.37001204013825,-71.89866524140696,-71.89866524140696
429.38001204013824,-71.89476195581543,-71.89476195581543
429.39001204013823,-71.89088561403254,-71.89088561403254
429.4000120401382,-71.88703623960645,-71.88703623960645
429.41001204013827,-71.88321385443524,-71.88321385443524
429.42001204013826,-71.87941847878828,-71.87941847878828
429.43001204013825,-71.87565013131973,-71.87565013131973
429.44001204013824,-71.87190882910026,-71.87190882910026
429.45001204013823,-71.86819458765738,-71.86819458765738
429.4600120401382,-71.86450742096397,-71.86450742096397
429.4700120401383,-71.86084734149448,-71.86084734149448
429.48001204013826,-71.85721436023906,-71.85721436023906
429.49001204013825,-71.85360848670803,-71.85360848670803
429.50001204013824,-71.85002972898673,-71.85002972898673
429.51001204013824,-71.84643868790664,-71.84643868790664
429.5200120401382,-71.84283065236448,-71.84283065236448
429.5300120401382,-71.83920379081624,-71.83920379081624
429.54001204013827,-71.83555641544604,-71.83555641544604
429.55001204013826,-71.8318869971823,-71.8318869971823
429.56001204013825,-71.82819420120833,-71.82819420120833
429.57001204013824,-71.82447686194608,-71.82447686194608
429.58001204013823,-71.8207339501901,-71.8207339501901
429.5900120401382,-71.81696454933339,-71.81696454933339
429.60001204013827,-71.81316784096649,-71.81316784096649
429.61001204013826,-71.80934309671939,-71.80934309671939
429.62001204013825,-71.80548967333687,-71.80548967333687
429.63001204013824,-71.80160700924182,-71.80160700924182
429.64001204013823,-71.7976946216417,-71.7976946216417
429.6500120401382,-71.79375210360105,-71.79375210360105
429.66001204013827,-71.78977912100325,-71.78977912100325
429.67001204013826,-71.78577540930546,-71.78577540930546
429.68001204013825,-71.78174077017701,-71.78174077017701
429.69001204013824,-71.77767506801591,-71.77767506801591
429.70001204013823,-71.77357822642773,-71.77357822642773
429.7100120401382,-71.7694502247474,-71.7694502247474
429.7200120401383,-71.76529109458333,-71.76529109458333
429.73001204013826,-71.76110091647027,-71.76110091647027
429.74001204013825,-71.75687981663154,-71.75687981663154
429.75001204013824,-71.75262796383979,-71.75262796383979
429.76001204013824,-71.74834556643268,-71.74834556643268
429.7700120401382,-71.7440328694731,-71.7440328694731
429.7800120401382,-71.73969015201686,-71.73969015201686
429.79001204013827,-71.73531772459093,-71.73531772459093
429.80001204013826,-71.73091592669712,-71.73091592669712
429.81001204013825,-71.72648512458146,-71.72648512458146
429.82001204013824,-71.72202570902726,-71.72202570902726
429.83001204013823,-71.71753809334096,-71.71753809334096
429.8400120401382,-71.71302271141519,-71.71302271141519
429.85001204013827,-71.7084800159481,-71.7084800159481
429.86001204013826,-71.70391047675533,-71.70391047675533
429.87001204013825,-71.69931457915537,-71.69931457915537
429.88001204013824,-71.69469282250832,-71.69469282250832
429.89001204013823,-71.69004571880969,-71.69004571880969
429.9000120401382,-71.6853737913994,-71.6853737913994
429.91001204013827,-71.68067757371452,-71.68067757371452
429.92001204013826,-71.67595760818192,-71.67595760818192
429.93001204013825,-71.6712144451257,-71.6712144451257
429.94001204013824,-71.66644864176502,-71.66644864176502
429.95001204013823,-71.6616607612994,-71.6616607612994
429.9600120401382,-71.65685137203036,-71.65685137203036
429.9700120401383,-71.65202104655141,-71.65202104655141
429.98001204013826,-71.64717036097724,-71.64717036097724
429.99001204013825,-71.64229989425361,-71.64229989425361
430.00001204013824,-71.63741022748853,-71.63741022748853
430.01001204013824,-71.63250194333196,-71.63250194333196
430.0200120401382,-71.62757562542744,-71.62757562542744
430.0300120401382,-71.62263185784859,-71.62263185784859
430.04001204013827,-71.61767122463361,-71.61767122463361
430.05001204013826,-71.61269430930348,-71.61269430930348
430.06001204013825,-71.60770169444515,-71.60770169444515
430.07001204013824,-71.60269396130106,-71.60269396130106
430.08001204013823,-71.59767168942794,-71.59767168942794
430.0900120401382,-71.59263545633029,-71.59263545633029
430.1000120639801,-71.5875858251125,-71.5875858251125
430.1100120639801,-71.58252339226267,-71.58252339226267
430.1200120639801,-71.57744871539563,-71.57744871539563
430.1300120639801,-71.57236236087451,-71.57236236087451
430.1400120639801,-71.56726489166591,-71.56726489166591
430.1500120639801,-71.56215686713901,-71.56215686713901
430.1600120639801,-71.55703884283086,-71.55703884283086
430.1700120639801,-71.55191137029992,-71.55191137029992
430.1800120639801,-71.5467749969262,-71.5467749969262
430.1900120639801,-71.54163026579494,-71.54163026579494
430.2000120639801,-71.53647771553315,-71.53647771553315
430.2100120639801,-71.53131788019857,-71.53131788019857
430.2200120639801,-71.5261512891574,-71.5261512891574
430.2300120639801,-71.52097846698483,-71.52097846698483
430.2400120639801,-71.51579993337872,-71.51579993337872
430.2500120639801,-71.51061620306453,-71.51061620306453
430.2600120639801,-71.50542778571872,-71.50542778571872
430.2700120639801,-71.50023518591605,-71.50023518591605
430.2800120639801,-71.49503890306079,-71.49503890306079
430.2900120639801,-71.48983943133997,-71.48983943133997
430.3000120639801,-71.48463725966509,-71.48463725966509
430.3100120639801,-71.47943287165832,-71.47943287165832
430.32001206398013,-71.47422674559515,-71.47422674559515
430.3300120639801,-71.46901935439907,-71.46901935439907
430.3400120639801,-71.46381116559539,-71.46381116559539
430.3500120639801,-71.45860264132382,-71.45860264132382
430.3600120639801,-71.45339423829883,-71.45339423829883
430.3700120639801,-71.44818640782468,-71.44818640782468
430.3800120639801,-71.44297959576788,-71.44297959576788
430.3900120639801,-71.43777424257364,-71.43777424257364
430.4000120639801,-71.43257078327221,-71.43257078327221
430.4100120639801,-71.42736964746645,-71.42736964746645
430.4200120639801,-71.42217125936564,-71.42217125936564
430.4300120639801,-71.41697603776548,-71.41697603776548
430.4400120639801,-71.41178439609779,-71.41178439609779
430.4500120639801,-71.40659674242984,-71.40659674242984
430.4600120639801,-71.4014134794875,-71.4014134794875
430.4700120639801,-71.39623500467006,-71.39623500467006
430.4800120639801,-71.39106171007963,-71.39106171007963
430.4900120639801,-71.38589398254851,-71.38589398254851
430.5000120639801,-71.38073220367221,-71.38073220367221
430.5100120639801,-71.37557674982351,-71.37557674982351
430.5200120639801,-71.3704279921857,-71.3704279921857
430.5300120639801,-71.36528629679813,-71.36528629679813
430.5400120639801,-71.36015202456595,-71.36015202456595
430.5500120639801,-71.35502553132167,-71.35502553132167
430.5600120639801,-71.3499071678377,-71.3499071678377
430.57001206398013,-71.3447972798721,-71.3447972798721
430.5800120639801,-71.33969620819991,-71.33969620819991
430.5900120639801,-71.33460428866289,-71.33460428866289
430.6000120639801,-71.32952185219153,-71.32952185219153
430.6100120639801,-71.32444922484903,-71.32444922484903
430.6200120639801,-71.31938672789025,-71.31938672789025
430.6300120639801,-71.31433467777023,-71.31433467777023
430.6400120639801,-71.30929338620753,-71.30929338620753
430.6500120639801,-71.30426316020512,-71.30426316020512
430.6600120639801,-71.2992443021268,-71.2992443021268
430.6700120639801,-71.29423710969517,-71.29423710969517
430.6800120639801,-71.28924187607419,-71.28924187607419
430.6900120639801,-71.28425888987425,-71.28425888987425
430.7000120639801,-71.27928843522695,-71.27928843522695
430.7100120639801,-71.27433079180332,-71.27433079180332
430.7200120639801,-71.26938623487403,-71.26938623487403
430.7300120639801,-71.26445503534292,-71.26445503534292
430.7400120639801,-71.25953745979288,-71.25953745979288
430.7500120639801,-71.25463377053497,-71.25463377053497
430.7600120639801,-71.24974422562498,-71.24974422562498
430.7700120639801,-71.24486907894902,-71.24486907894902
430.7800120639801,-71.24000858022599,-71.24000858022599
430.7900120639801,-71.23516297508192,-71.23516297508192
430.8000120639801,-71.23033250507191,-71.23033250507191
430.8100120639801,-71.22551740772738,-71.22551740772738
430.82001206398013,-71.22071791660795,-71.22071791660795
430.8300120639801,-71.21593426133666,-71.21593426133666
430.8400120639801,-71.2111666676377,-71.2111666676377
430.8500120639801,-71.20641535738552,-71.20641535738552
430.8600120639801,-71.20168054864871,-71.20168054864871
430.8700120639801,-71.19696245572749,-71.19696245572749
430.8800120639801,-71.1922612891903,-71.1922612891903
430.8900120639801,-71.18757725592795,-71.18757725592795
430.9000120639801,-71.18291055918057,-71.18291055918057
430.9100120639801,-71.17826139859021,-71.17826139859021
430.9200120639801,-71.17362997023466,-71.17362997023466
430.9300120639801,-71.16901646668043,-71.16901646668043
430.9400120639801,-71.1644210769934,-71.1644210769934
430.95001208782196,-71.15984397591436,-71.15984397591436
430.96001208782195,-71.15528536752049,-71.15528536752049
430.97001208782194,-71.1507454197328,-71.1507454197328
430.98001208782193,-71.1462243080885,-71.1462243080885
430.990012087822,-71.14172220485693,-71.14172220485693
431.000012087822,-71.13723927904849,-71.13723927904849
431.01001208782196,-71.13277569646894,-71.13277569646894
431.02001208782195,-71.12833161975365,-71.12833161975365
431.03001208782194,-71.12390720840423,-71.12390720840423
431.04001208782194,-71.11950261882713,-71.11950261882713
431.050012087822,-71.11511800436485,-71.11511800436485
431.060012087822,-71.11075351534663,-71.11075351534663
431.07001208782196,-71.1064092991004,-71.1064092991004
431.08001208782196,-71.10208550001357,-71.10208550001357
431.09001208782195,-71.09778225956634,-71.09778225956634
431.10001208782194,-71.09349971633993,-71.09349971633993
431.110012087822,-71.08923800608999,-71.08923800608999
431.120012087822,-71.08499726174882,-71.08499726174882
431.13001208782197,-71.08077761347992,-71.08077761347992
431.14001208782196,-71.07657918870039,-71.07657918870039
431.15001208782195,-71.07240211212154,-71.07240211212154
431.16001208782194,-71.06824650578486,-71.06824650578486
431.170012087822,-71.06411248908177,-71.06411248908177
431.180012087822,-71.0600001788002,-71.0600001788002
431.19001208782197,-71.05590968915119,-71.05590968915119
431.20001208782196,-71.0518411317925,-71.0518411317925
431.21001208782195,-71.04779461587518,-71.04779461587518
431.22001208782194,-71.04377024807097,-71.04377024807097
431.23001208782193,-71.03976813260056,-71.03976813260056
431.240012087822,-71.03578837125868,-71.03578837125868
431.250012087822,-71.03183106346027,-71.03183106346027
431.26001208782196,-71.02789630624339,-71.02789630624339
431.27001208782195,-71.0239841943385,-71.0239841943385
431.28001208782194,-71.02009482015913,-71.02009482015913
431.29001208782194,-71.01622827385144,-71.01622827385144
431.300012087822,-71.01238464332422,-71.01238464332422
431.310012087822,-71.00856401427512,-71.00856401427512
431.32001208782196,-71.00476647019835,-71.00476647019835
431.33001208782196,-71.00099209245194,-71.00099209245194
431.34001208782195,-70.99724096025288,-70.99724096025288
431.35001208782194,-70.99351315070817,-70.99351315070817
431.360012087822,-70.98980873886768,-70.98980873886768
431.370012087822,-70.98612779771783,-70.98612779771783
431.38001208782197,-70.98247039823111,-70.98247039823111
431.39001208782196,-70.97883660937181,-70.97883660937181
431.40001208782195,-70.97522649814275,-70.97522649814275
431.41001208782194,-70.97164012960809,-70.97164012960809
431.420012087822,-70.96807756689783,-70.96807756689783
431.430012087822,-70.96453887124673,-70.96453887124673
431.44001208782197,-70.96102410203476,-70.96102410203476
431.45001208782196,-70.95753331678075,-70.95753331678075
431.46001208782195,-70.95406657119032,-70.95406657119032
431.47001208782194,-70.9506239191736,-70.9506239191736
431.48001208782193,-70.94720541284809,-70.94720541284809
431.490012087822,-70.94381110260466,-70.94381110260466
431.500012087822,-70.9404410370937,-70.9404410370937
431.51001208782196,-70.93709526326077,-70.93709526326077
431.52001208782195,-70.9337738263702,-70.9337738263702
431.53001208782194,-70.93047677002397,-70.93047677002397
431.54001208782194,-70.92720413619091,-70.92720413619091
431.550012087822,-70.9239559652256,-70.9239559652256
431.560012087822,-70.92073229587338,-70.92073229587338
431.57001208782196,-70.91753316532072,-70.91753316532072
431.58001208782196,-70.91435860919164,-70.91435860919164
431.59001208782195,-70.91120866158265,-70.91120866158265
431.60001208782194,-70.9080833550818,-70.9080833550818
431.610012087822,-70.90498272077772,-70.90498272077772
431.620012087822,-70.90190678829052,-70.90190678829052
431.63001208782197,-70.89885558580691,-70.89885558580691
431.64001208782196,-70.89582914004441,-70.89582914004441
431.65001208782195,-70.89282747634442,-70.89282747634442
431.66001208782194,-70.88985061864261,-70.88985061864261
431.670012087822,-70.88689858949058,-70.88689858949058
431.680012087822,-70.8839714101,-70.8839714101
431.69001208782197,-70.88106910032697,-70.88106910032697
431.70001208782196,-70.87819167872793,-70.87819167872793
431.71001208782195,-70.87533916254542,-70.87533916254542
431.72001208782194,-70.87251156774391,-70.87251156774391
431.73001208782193,-70.86970890902295,-70.86970890902295
431.740012087822,-70.8669311998326,-70.8669311998326
431.750012087822,-70.86417845239073,-70.86417845239073
431.76001208782196,-70.86145067770829,-70.86145067770829
431.77001208782195,-70.85874788559403,-70.85874788559403
431.78001208782194,-70.85607008466985,-70.85607008466985
431.79001208782194,-70.85341728240549,-70.85341728240549
431.8000121116638,-70.85078947886527,-70.85078947886527
431.8100121116638,-70.84818669181085,-70.84818669181085
431.8200121116638,-70.84560891897448,-70.84560891897448
431.8300121116638,-70.84305616332408,-70.84305616332408
431.84001211166384,-70.84052842675331,-70.84052842675331
431.85001211166383,-70.83802571007509,-70.83802571007509
431.8600121116638,-70.83554801304005,-70.83554801304005
431.8700121116638,-70.83309533437622,-70.83309533437622
431.8800121116638,-70.83066767176898,-70.83066767176898
431.8900121116638,-70.8282650219113,-70.8282650219113
431.90001211166384,-70.82588738048594,-70.82588738048594
431.91001211166383,-70.8235347421879,-70.8235347421879
431.9200121116638,-70.82120710076784,-70.82120710076784
431.9300121116638,-70.81890444900722,-70.81890444900722
431.9400121116638,-70.81662677874372,-70.81662677874372
431.9500121116638,-70.81437408089742,-70.81437408089742
431.96001211166384,-70.81214634546741,-70.81214634546741
431.97001211166383,-70.80994356155861,-70.80994356155861
431.9800121116638,-70.80776571738237,-70.80776571738237
431.9900121116638,-70.80561280027614,-70.80561280027614
432.0000121116638,-70.80348479672267,-70.80348479672267
432.0100121116638,-70.80138169235138,-70.80138169235138
432.02001211166385,-70.79930347196128,-70.79930347196128
432.03001211166384,-70.79725011951585,-70.79725011951585
432.0400121116638,-70.79522161817309,-70.79522161817309
432.0500121116638,-70.79321795029144,-70.79321795029144
432.0600121116638,-70.7912390974342,-70.7912390974342
432.0700121116638,-70.78928504040573,-70.78928504040573
432.0800121116638,-70.78735575921591,-70.78735575921591
432.09001211166384,-70.78545123315355,-70.78545123315355
432.10001211166383,-70.78357144073837,-70.78357144073837
432.1100121116638,-70.78171635977507,-70.78171635977507
432.1200121116638,-70.7798859673387,-70.7798859673387
432.1300121116638,-70.77808023980594,-70.77808023980594
432.1400121116638,-70.77629915284633,-70.77629915284633
432.15001211166384,-70.77454268144582,-70.77454268144582
432.16001211166383,-70.77281079990384,-70.77281079990384
432.1700121116638,-70.77110348186514,-70.77110348186514
432.1800121116638,-70.76942070031014,-70.76942070031014
432.1900121116638,-70.76776242757279,-70.76776242757279
432.2000121116638,-70.76612863536364,-70.76612863536364
432.21001211166384,-70.76451929474722,-70.76451929474722
432.22001211166383,-70.76293437618263,-70.76293437618263
432.2300121116638,-70.76137384951149,-70.76137384951149
432.2400121116638,-70.75983768398953,-70.75983768398953
432.2500121116638,-70.75832584828274,-70.75832584828274
432.2600121116638,-70.75683831046966,-70.75683831046966
432.27001211166385,-70.75537503806083,-70.75537503806083
432.28001211166384,-70.75393599801092,-70.75393599801092
432.2900121116638,-70.75252115672883,-70.75252115672883
432.3000121116638,-70.75113048006263,-70.75113048006263
432.3100121116638,-70.7497639333371,-70.7497639333371
432.3200121116638,-70.74842148135619,-70.74842148135619
432.3300121116638,-70.74710308839028,-70.74710308839028
432.34001211166384,-70.74580871821433,-70.74580871821433
432.35001211166383,-70.74453833409964,-70.74453833409964
432.3600121116638,-70.7432918988275,-70.7432918988275
432.3700121116638,-70.74206937469263,-70.74206937469263
432.3800121116638,-70.74087072351537,-70.74087072351537
432.3900121116638,-70.73969590665055,-70.73969590665055
432.40001211166384,-70.73854488498132,-70.73854488498132
432.41001211166383,-70.73741761894975,-70.73741761894975
432.4200121116638,-70.73631406855289,-70.73631406855289
432.4300121116638,-70.7352341933475,-70.7352341933475
432.4400121116638,-70.73417795245922,-70.73417795245922
432.4500121116638,-70.73314530459791,-70.73314530459791
432.46001211166384,-70.73213620804803,-70.73213620804803
432.47001211166383,-70.73115062069617,-70.73115062069617
432.4800121116638,-70.73018850002114,-70.73018850002114
432.4900121116638,-70.72924980311579,-70.72924980311579
432.5000121116638,-70.72833448666873,-70.72833448666873
432.5100121116638,-70.72744250701899,-70.72744250701899
432.52001211166385,-70.72657382010581,-70.72657382010581
432.53001211166384,-70.72572838151208,-70.72572838151208
432.5400121116638,-70.7249061464568,-70.7249061464568
432.5500121116638,-70.72410706981195,-70.72410706981195
432.5600121116638,-70.7233311061033,-70.7233311061033
432.5700121116638,-70.72257820950118,-70.72257820950118
432.5800121116638,-70.72184833386191,-70.72184833386191
432.59001211166384,-70.7211414327069,-70.7211414327069
432.60001211166383,-70.72045745923107,-70.72045745923107
432.6100121116638,-70.71979636631086,-70.71979636631086
432.6200121116638,-70.71915810652791,-70.71915810652791
432.6300121116638,-70.71854263214406,-70.71854263214406
432.6400121116638,-70.71794989512634,-70.71794989512634
432.6500121355057,-70.71737984580577,-70.71737984580577
432.66001213550567,-70.71683243835939,-70.71683243835939
432.67001213550566,-70.71630762244821,-70.71630762244821
432.68001213550565,-70.71580534891746,-70.71580534891746
432.6900121355057,-70.7153255683435,-70.7153255683435
432.7000121355057,-70.71486823102461,-70.71486823102461
432.7100121355057,-70.71443328700173,-70.71443328700173
432.72001213550567,-70.71402068606677,-70.71402068606677
432.73001213550566,-70.71363037775457,-70.71363037775457
432.74001213550565,-70.71326231136851,-70.71326231136851
432.7500121355057,-70.71291643596332,-70.71291643596332
432.7600121355057,-70.71259270036948,-70.71259270036948
432.7700121355057,-70.71229105318321,-70.71229105318321
432.7800121355057,-70.71201144278206,-70.71201144278206
432.79001213550566,-70.71175381731518,-70.71175381731518
432.80001213550565,-70.7115181247236,-70.7115181247236
432.8100121355057,-70.71130431275049,-70.71130431275049
432.8200121355057,-70.7111123289199,-70.7111123289199
432.8300121355057,-70.71094212056047,-70.71094212056047
432.8400121355057,-70.71079363480528,-70.71079363480528
432.85001213550566,-70.71066681860853,-70.71066681860853
432.86001213550566,-70.71056161871239,-70.71056161871239
432.8700121355057,-70.71047798170912,-70.71047798170912
432.8800121355057,-70.71041585399348,-70.71041585399348
432.8900121355057,-70.71037518178902,-70.71037518178902
432.9000121355057,-70.71035591115829,-70.71035591115829
432.91001213550567,-70.71035798799234,-70.71035798799234
432.92001213550566,-70.71038135802416,-70.71038135802416
432.93001213550565,-70.7104259668296,-70.7104259668296
432.9400121355057,-70.71049175983327,-70.71049175983327
432.9500121355057,-70.71057868230781,-70.71057868230781
432.9600121355057,-70.71068667939473,-70.71068667939473
432.97001213550567,-70.71081569607941,-70.71081569607941
432.98001213550566,-70.71096567721224,-70.71096567721224
432.99001213550565,-70.71113656751301,-70.71113656751301
433.0000121355057,-70.71132831158309,-70.71132831158309
433.0100121355057,-70.7115408538807,-70.7115408538807
433.0200121355057,-70.71177413875634,-70.71177413875634
433.0300121355057,-70.71202811043993,-70.71202811043993
433.04001213550566,-70.71230271303422,-70.71230271303422
433.05001213550565,-70.71259789054817,-70.71259789054817
433.0600121355057,-70.71291358686156,-70.71291358686156
433.0700121355057,-70.71324974577848,-70.71324974577848
433.0800121355057,-70.71360631098435,-70.71360631098435
433.0900121355057,-70.71398322605708,-70.71398322605708
433.10001213550566,-70.71438043450584,-70.71438043450584
433.11001213550566,-70.71479787972808,-70.71479787972808
433.1200121355057,-70.71523550504217,-70.71523550504217
433.1300121355057,-70.7156932536846,-70.7156932536846
433.1400121355057,-70.71617106880606,-70.71617106880606
433.1500121355057,-70.7166688934714,-70.7166688934714
433.16001213550567,-70.71718667068309,-70.71718667068309
433.17001213550566,-70.71772434336467,-70.71772434336467
433.18001213550565,-70.71828185437285,-70.71828185437285
433.1900121355057,-70.71885914648948,-70.71885914648948
433.2000121355057,-70.71945616244088,-70.71945616244088
433.2100121355057,-70.72007284489314,-70.72007284489314
433.22001213550567,-70.72070913645875,-70.72070913645875
433.23001213550566,-70.72136497968336,-70.72136497968336
433.24001213550565,-70.72204031706649,-70.72204031706649
433.2500121355057,-70.72273509104897,-70.72273509104897
433.2600121355057,-70.72344924403866,-70.72344924403866
433.2700121355057,-70.72418271840003,-70.72418271840003
433.2800121355057,-70.72493545643647,-70.72493545643647
433.29001213550566,-70.72570740043179,-70.72570740043179
433.30001213550565,-70.72649849262552,-70.72649849262552
433.3100121355057,-70.72730867521861,-70.72730867521861
433.3200121355057,-70.72813789038396,-70.72813789038396
433.3300121355057,-70.72898608027317,-70.72898608027317
433.3400121355057,-70.72985318699683,-70.72985318699683
433.35001213550566,-70.73073915264891,-70.73073915264891
433.36001213550566,-70.73164391930956,-70.73164391930956
433.3700121355057,-70.73256742901975,-70.73256742901975
433.3800121355057,-70.73350962381542,-70.73350962381542
433.3900121355057,-70.73447044572063,-70.73447044572063
433.4000121355057,-70.73544983673595,-70.73544983673595
433.41001213550567,-70.7364477388529,-70.7364477388529
433.42001213550566,-70.73746409406456,-70.73746409406456
433.43001213550565,-70.73849884434965,-70.73849884434965
433.4400121355057,-70.73955193167087,-70.73955193167087
433.4500121355057,-70.74062329801946,-70.74062329801946
433.4600121355057,-70.74171288535616,-70.74171288535616
433.47001213550567,-70.7428206356536,-70.7428206356536
433.48001213550566,-70.74394649089871,-70.74394649089871
433.49001213550565,-70.74509039306838,-70.74509039306838
433.50001215934753,-70.74625228692537,-70.74625228692537
433.5100121593475,-70.74743210898393,-70.74743210898393
433.5200121593475,-70.7486298039591,-70.7486298039591
433.5300121593475,-70.74984531388719,-70.74984531388719
433.54001215934755,-70.75107858080236,-70.75107858080236
433.55001215934755,-70.75232954677786,-70.75232954677786
433.56001215934754,-70.75359815388133,-70.75359815388133
433.5700121593475,-70.7548843442075,-70.7548843442075
433.5800121593475,-70.75618805987061,-70.75618805987061
433.5900121593475,-70.75750924301833,-70.75750924301833
433.60001215934756,-70.75884783581787,-70.75884783581787
433.61001215934755,-70.76020378047556,-70.76020378047556
433.62001215934754,-70.7615770191993,-70.7615770191993
433.63001215934753,-70.76296749425558,-70.76296749425558
433.6400121593475,-70.76437514792654,-70.76437514792654
433.6500121593475,-70.76579992253191,-70.76579992253191
433.66001215934756,-70.76724176043385,-70.76724176043385
433.67001215934755,-70.76870060401856,-70.76870060401856
433.68001215934754,-70.77017639572365,-70.77017639572365
433.69001215934753,-70.7716690780171,-70.7716690780171
433.7000121593475,-70.7731785934179,-70.7731785934179
433.7100121593475,-70.7747048844796,-70.7747048844796
433.72001215934756,-70.77624789379439,-70.77624789379439
433.73001215934755,-70.77780756401081,-70.77780756401081
433.74001215934754,-70.77938383782498,-70.77938383782498
433.75001215934753,-70.78097665797426,-70.78097665797426
433.7600121593475,-70.78258596725152,-70.78258596725152
433.7700121593475,-70.78421170849377,-70.78421170849377
433.7800121593475,-70.78585382459478,-70.78585382459478
433.79001215934755,-70.78751225850414,-70.78751225850414
433.80001215934755,-70.78918695322673,-70.78918695322673
433.81001215934754,-70.79087785181025,-70.79087785181025
433.8200121593475,-70.79258489738164,-70.79258489738164
433.8300121593475,-70.79430803310649,-70.79430803310649
433.8400121593475,-70.7960472022252,-70.7960472022252
433.85001215934756,-70.79780234803044,-70.79780234803044
433.86001215934755,-70.79957341387819,-70.79957341387819
433.87001215934754,-70.80136034318932,-70.80136034318932
433.88001215934753,-70.80316307944531,-70.80316307944531
433.8900121593475,-70.8049815662018,-70.8049815662018
433.9000121593475,-70.80681574706848,-70.80681574706848
433.91001215934756,-70.80866556572892,-70.80866556572892
433.92001215934755,-70.81053096594952,-70.81053096594952
433.93001215934754,-70.81241189154147,-70.81241189154147
433.94001215934753,-70.81430828639328,-70.81430828639328
433.9500121593475,-70.81622009447464,-70.81622009447464
433.9600121593475,-70.8181472598293,-70.8181472598293
433.97001215934756,-70.8200897265558,-70.8200897265558
433.98001215934755,-70.82204743885154,-70.82204743885154
433.99001215934754,-70.82402034097693,-70.82402034097693
434.00001215934753,-70.82600837726868,-70.82600837726868
434.0100121593475,-70.82801149213992,-70.82801149213992
434.0200121593475,-70.8300296300937,-70.8300296300937
434.0300121593475,-70.83206273569448,-70.83206273569448
434.04001215934755,-70.8341107536003,-70.8341107536003
434.05001215934755,-70.8361736285433,-70.8361736285433
434.06001215934754,-70.83825130533802,-70.83825130533802
434.0700121593475,-70.84034372888647,-70.84034372888647
434.0800121593475,-70.84245084417445,-70.84245084417445
434.0900121593475,-70.84457259626409,-70.84457259626409
434.10001215934756,-70.84670893031232,-70.84670893031232
434.11001215934755,-70.84885979155074,-70.84885979155074
434.12001215934754,-70.85102512530845,-70.85102512530845
434.13001215934753,-70.85320487699275,-70.85320487699275
434.1400121593475,-70.85539899211267,-70.85539899211267
434.1500121593475,-70.8576074162467,-70.8576074162467
434.16001215934756,-70.85983009507532,-70.85983009507532
434.17001215934755,-70.8620669743716,-70.8620669743716
434.18001215934754,-70.86431799999627,-70.86431799999627
434.19001215934753,-70.86658311789733,-70.86658311789733
434.2000121593475,-70.86886227412201,-70.86886227412201
434.2100121593475,-70.87115541480047,-70.87115541480047
434.22001215934756,-70.87346248617021,-70.87346248617021
434.23001215934755,-70.87578343455093,-70.87578343455093
434.24001215934754,-70.87811820636188,-70.87811820636188
434.25001215934753,-70.88046674812136,-70.88046674812136
434.2600121593475,-70.88282900643512,-70.88282900643512
434.2700121593475,-70.88520492801493,-70.88520492801493
434.2800121593475,-70.88759445965978,-70.88759445965978
434.29001215934755,-70.88999754827314,-70.88999754827314
434.30001215934755,-70.89241414086761,-70.89241414086761
434.31001215934754,-70.89484418452341,-70.89484418452341
434.3200121593475,-70.89728762645201,-70.89728762645201
434.3300121593475,-70.8997444139519,-70.8997444139519
434.3400121593475,-70.9022144944114,-70.9022144944114
434.3500121831894,-70.9046978212596,-70.9046978212596
434.3600121831894,-70.9071943303068,-70.9071943303068
434.3700121831894,-70.90970397511353,-70.90970397511353
434.38001218318936,-70.9122267034967,-70.9122267034967
434.3900121831894,-70.91476246336191,-70.91476246336191
434.4000121831894,-70.91731120272243,-70.91731120272243
434.4100121831894,-70.91987286969608,-70.91987286969608
434.4200121831894,-70.92244741250704,-70.92244741250704
434.4300121831894,-70.92503477946703,-70.92503477946703
434.44001218318937,-70.92763491901414,-70.92763491901414
434.4500121831894,-70.930247779685,-70.930247779685
434.4600121831894,-70.93287331011886,-70.93287331011886
434.4700121831894,-70.93551145905394,-70.93551145905394
434.4800121831894,-70.93816217535027,-70.93816217535027
434.4900121831894,-70.94082540796556,-70.94082540796556
434.50001218318937,-70.94350110596847,-70.94350110596847
434.5100121831894,-70.94618921853032,-70.94618921853032
434.5200121831894,-70.94888969493749,-70.94888969493749
434.5300121831894,-70.951602484582,-70.951602484582
434.5400121831894,-70.95432753696271,-70.95432753696271
434.5500121831894,-70.95706480169417,-70.95706480169417
434.5600121831894,-70.95981422848764,-70.95981422848764
434.5700121831894,-70.96257576716772,-70.96257576716772
434.5800121831894,-70.96534936767623,-70.96534936767623
434.5900121831894,-70.96813498006692,-70.96813498006692
434.6000121831894,-70.97093255448928,-70.97093255448928
434.6100121831894,-70.97374204121226,-70.97374204121226
434.6200121831894,-70.97656339062821,-70.97656339062821
434.63001218318936,-70.97939655321613,-70.97939655321613
434.6400121831894,-70.98224147958356,-70.98224147958356
434.6500121831894,-70.98509812044333,-70.98509812044333
434.6600121831894,-70.98796642662946,-70.98796642662946
434.6700121831894,-70.99084634907759,-70.99084634907759
434.6800121831894,-70.9937378388373,-70.9937378388373
434.69001218318937,-70.99664084707399,-70.99664084707399
434.7000121831894,-70.99955532506664,-70.99955532506664
434.7100121831894,-71.00248122420389,-71.00248122420389
434.7200121831894,-71.00541849598909,-71.00541849598909
434.7300121831894,-71.0083670920407,-71.0083670920407
434.7400121831894,-71.01132696409712,-71.01132696409712
434.75001218318937,-71.01429806399706,-71.01429806399706
434.7600121831894,-71.0172803436909,-71.0172803436909
434.7700121831894,-71.02027375526689,-71.02027375526689
434.7800121831894,-71.02327825090845,-71.02327825090845
434.7900121831894,-71.02629378292117,-71.02629378292117
434.8000121831894,-71.02932030371981,-71.02932030371981
434.8100121831894,-71.03235776583756,-71.03235776583756
434.8200121831894,-71.03540612191378,-71.03540612191378
434.8300121831894,-71.0384653247266,-71.0384653247266
434.8400121831894,-71.04153532714109,-71.04153532714109
434.8500121831894,-71.04461608215738,-71.04461608215738
434.8600121831894,-71.047707542884,-71.047707542884
434.8700121831894,-71.05080966254046,-71.05080966254046
434.88001218318936,-71.05392239447517,-71.05392239447517
434.8900121831894,-71.05704569213945,-71.05704569213945
434.9000121831894,-71.06017950910832,-71.06017950910832
434.9100121831894,-71.06332379907518,-71.06332379907518
434.9200121831894,-71.06647851582909,-71.06647851582909
434.9300121831894,-71.06964361330326,-71.06964361330326
434.94001218318937,-71.07281904553228,-71.07281904553228
434.9500121831894,-71.0760047666684,-71.0760047666684
434.9600121831894,-71.07920073098472,-71.07920073098472
434.9700121831894,-71.08240689286747,-71.08240689286747
434.9800121831894,-71.08562320681945,-71.08562320681945
434.9900121831894,-71.08884962746629,-71.08884962746629
435.00001218318937,-71.0920861095349,-71.0920861095349
435.0100121831894,-71.09533260788226,-71.09533260788226
435.0200121831894,-71.09858907748466,-71.09858907748466
435.0300121831894,-71.10185547342705,-71.10185547342705
435.0400121831894,-71.10513175090529,-71.10513175090529
435.0500121831894,-71.10841786524291,-71.10841786524291
435.0600121831894,-71.11171377188826,-71.11171377188826
435.0700121831894,-71.11501942639606,-71.11501942639606
435.0800121831894,-71.11833478442,-71.11833478442
435.0900121831894,-71.1216598017615,-71.1216598017615
435.1000121831894,-71.124994434332,-71.124994434332
435.1100121831894,-71.12833863814075,-71.12833863814075
435.1200121831894,-71.13169236934269,-71.13169236934269
435.13001218318936,-71.13505558418909,-71.13505558418909
435.1400121831894,-71.13842823904794,-71.13842823904794
435.1500121831894,-71.14181029041221,-71.14181029041221
435.1600121831894,-71.14520169489381,-71.14520169489381
435.1700121831894,-71.14860240922344,-71.14860240922344
435.1800121831894,-71.15201239022858,-71.15201239022858
435.19001218318937,-71.15543159487906,-71.15543159487906
435.20001220703125,-71.15885998840851,-71.15885998840851
435.21001220703124,-71.1622975117235,-71.1622975117235
435.22001220703123,-71.16574413024082,-71.16574413024082
435.2300122070312,-71.16919980140888,-71.16919980140888
435.24001220703127,-71.1726644827595,-71.1726644827595
435.25001220703126,-71.17613813195223,-71.17613813195223
435.26001220703125,-71.17962070677275,-71.17962070677275
435.27001220703124,-71.18311216510867,-71.18311216510867
435.28001220703123,-71.18661246497241,-71.18661246497241
435.2900122070312,-71.1901215644833,-71.1901215644833
435.3000122070313,-71.19363942188963,-71.19363942188963
435.31001220703126,-71.19716599555109,-71.19716599555109
435.32001220703125,-71.20070124393494,-71.20070124393494
435.33001220703125,-71.20424512564462,-71.20424512564462
435.34001220703124,-71.20779759937516,-71.20779759937516
435.3500122070312,-71.21135862395342,-71.21135862395342
435.3600122070313,-71.21492815832411,-71.21492815832411
435.37001220703127,-71.21850616153716,-71.21850616153716
435.38001220703126,-71.22209259276788,-71.22209259276788
435.39001220703125,-71.22568741130041,-71.22568741130041
435.40001220703124,-71.22929057653675,-71.22929057653675
435.41001220703123,-71.23290204800178,-71.23290204800178
435.4200122070313,-71.23652178531576,-71.23652178531576
435.43001220703127,-71.2401497482365,-71.2401497482365
435.44001220703126,-71.24378589663146,-71.24378589663146
435.45001220703125,-71.24743019047125,-71.24743019047125
435.46001220703124,-71.25108258986113,-71.25108258986113
435.47001220703123,-71.2547430550001,-71.2547430550001
435.4800122070312,-71.25841154621499,-71.25841154621499
435.49001220703127,-71.26208802394663,-71.26208802394663
435.50001220703126,-71.26577244875456,-71.26577244875456
435.51001220703125,-71.26946478129793,-71.26946478129793
435.52001220703124,-71.2731649823636,-71.2731649823636
435.53001220703123,-71.27687301284772,-71.27687301284772
435.5400122070312,-71.28058883376265,-71.28058883376265
435.5500122070313,-71.2843124062331,-71.2843124062331
435.56001220703126,-71.28804369149503,-71.28804369149503
435.57001220703125,-71.29178265090992,-71.29178265090992
435.58001220703125,-71.29552924593226,-71.29552924593226
435.59001220703124,-71.29928343816158,-71.29928343816158
435.6000122070312,-71.30304518927072,-71.30304518927072
435.6100122070313,-71.3068144610707,-71.3068144610707
435.62001220703127,-71.31059121549396,-71.31059121549396
435.63001220703126,-71.31437541456056,-71.31437541456056
435.64001220703125,-71.31816702042848,-71.31816702042848
435.65001220703124,-71.32196599533609,-71.32196599533609
435.66001220703123,-71.3257723016748,-71.3257723016748
435.6700122070313,-71.32958590191802,-71.32958590191802
435.68001220703127,-71.33340675866256,-71.33340675866256
435.69001220703126,-71.33723483462143,-71.33723483462143
435.70001220703125,-71.34107009260312,-71.34107009260312
435.71001220703124,-71.34490626940479,-71.34490626940479
435.72001220703123,-71.34874059498459,-71.34874059498459
435.7300122070312,-71.3525716971104,-71.3525716971104
435.74001220703127,-71.35639885123466,-71.35639885123466
435.75001220703126,-71.36022169404505,-71.36022169404505
435.76001220703125,-71.36404007463888,-71.36404007463888
435.77001220703124,-71.36785396728926,-71.36785396728926
435.78001220703123,-71.3716634190209,-71.3716634190209
435.7900122070312,-71.37546851805773,-71.37546851805773
435.8000122070313,-71.37926937489486,-71.37926937489486
435.81001220703126,-71.38306611096684,-71.38306611096684
435.82001220703125,-71.38685885202918,-71.38685885202918
435.83001220703125,-71.39064772428326,-71.39064772428326
435.84001220703124,-71.39443285230199,-71.39443285230199
435.8500122070312,-71.3982143579429,-71.3982143579429
435.8600122070313,-71.40199235986678,-71.40199235986678
435.87001220703127,-71.40576697350342,-71.40576697350342
435.88001220703126,-71.40953831113028,-71.40953831113028
435.89001220703125,-71.41330648207699,-71.41330648207699
435.90001220703124,-71.41707159301467,-71.41707159301467
435.91001220703123,-71.42083374820652,-71.42083374820652
435.9200122070313,-71.42459304976093,-71.42459304976093
435.93001220703127,-71.42834959787497,-71.42834959787497
435.94001220703126,-71.43210349104022,-71.43210349104022
435.95001220703125,-71.43585482624476,-71.43585482624476
435.96001220703124,-71.439603699096,-71.439603699096
435.97001220703123,-71.44335020398582,-71.44335020398582
435.9800122070312,-71.44709443418449,-71.44709443418449
435.99001220703127,-71.45083648194225,-71.45083648194225
436.00001220703126,-71.4545764385613,-71.4545764385613
436.01001220703125,-71.45831439446312,-71.45831439446312
436.02001220703124,-71.46205043921967,-71.46205043921967
436.03001220703123,-71.46578466160965,-71.46578466160965
436.0400122070312,-71.469517149634,-71.469517149634
436.0500122308731,-71.47324799943571,-71.47324799943571
436.0600122308731,-71.476977279766,-71.476977279766
436.0700122308731,-71.48070508529788,-71.48070508529788
436.0800122308731,-71.48443150111098,-71.48443150111098
436.0900122308731,-71.48815661156553,-71.48815661156553
436.1000122308731,-71.49188050029328,-71.49188050029328
436.1100122308731,-71.49560325020965,-71.49560325020965
436.1200122308731,-71.4993249434983,-71.4993249434983
436.1300122308731,-71.50304566161859,-71.50304566161859
436.1400122308731,-71.50676548527176,-71.50676548527176
436.15001223087313,-71.51048449441626,-71.51048449441626
436.1600122308731,-71.5142027682678,-71.5142027682678
436.1700122308731,-71.51792038524553,-71.51792038524553
436.1800122308731,-71.52163742300152,-71.52163742300152
436.1900122308731,-71.5253539584028,-71.5253539584028
436.2000122308731,-71.52907006751855,-71.52907006751855
436.21001223087313,-71.53278582561293,-71.53278582561293
436.2200122308731,-71.53650130713099,-71.53650130713099
436.2300122308731,-71.54021658569842,-71.54021658569842
436.2400122308731,-71.54393173410851,-71.54393173410851
436.2500122308731,-71.54764682430616,-71.54764682430616
436.2600122308731,-71.55136192740117,-71.55136192740117
436.27001223087314,-71.555077113654,-71.555077113654
436.2800122308731,-71.55879245244701,-71.55879245244701
436.2900122308731,-71.56250801230675,-71.56250801230675
436.3000122308731,-71.56622386089886,-71.56622386089886
436.3100122308731,-71.56994006499907,-71.56994006499907
436.3200122308731,-71.57365669052064,-71.57365669052064
436.3300122308731,-71.57737380247163,-71.57737380247163
436.3400122308731,-71.58109146500365,-71.58109146500365
436.3500122308731,-71.58480974135425,-71.58480974135425
436.3600122308731,-71.58852869389224,-71.58852869389224
436.3700122308731,-71.59224838407671,-71.59224838407671
436.3800122308731,-71.59596887248824,-71.59596887248824
436.3900122308731,-71.59969021881062,-71.59969021881062
436.40001223087313,-71.6034124818314,-71.6034124818314
436.4100122308731,-71.60713571944562,-71.60713571944562
436.4200122308731,-71.61085998866966,-71.61085998866966
436.4300122308731,-71.61458534561746,-71.61458534561746
436.4400122308731,-71.61831184551664,-71.61831184551664
436.4500122308731,-71.62203954271041,-71.62203954271041
436.46001223087313,-71.62576849066019,-71.62576849066019
436.4700122308731,-71.62949874195023,-71.62949874195023
436.4800122308731,-71.63323034827557,-71.63323034827557
436.4900122308731,-71.63696336045828,-71.63696336045828
436.5000122308731,-71.6406978284558,-71.6406978284558
436.5100122308731,-71.64443380135587,-71.64443380135587
436.52001223087314,-71.64817132739353,-71.64817132739353
436.5300122308731,-71.65191045392554,-71.65191045392554
436.5400122308731,-71.65565122747589,-71.65565122747589
436.5500122308731,-71.65939369371193,-71.65939369371193
436.5600122308731,-71.66313789745526,-71.66313789745526
436.5700122308731,-71.6668838827012,-71.6668838827012
436.5800122308731,-71.67063169259931,-71.67063169259931
436.5900122308731,-71.6743813694912,-71.6743813694912
436.6000122308731,-71.67813295487667,-71.67813295487667
436.6100122308731,-71.68188648946729,-71.68188648946729
436.6200122308731,-71.68564201315458,-71.68564201315458
436.6300122308731,-71.68939956502528,-71.68939956502528
436.6400122308731,-71.6931591833853,-71.6931591833853
436.65001223087313,-71.69692090574357,-71.69692090574357
436.6600122308731,-71.70068476883479,-71.70068476883479
436.6700122308731,-71.70445080862567,-71.70445080862567
436.6800122308731,-71.70821906030078,-71.70821906030078
436.6900122308731,-71.71198955830468,-71.71198955830468
436.7000122308731,-71.71576233631943,-71.71576233631943
436.71001223087313,-71.7195374272935,-71.7195374272935
436.7200122308731,-71.72331486342716,-71.72331486342716
436.7300122308731,-71.72709467619538,-71.72709467619538
436.7400122308731,-71.7308768963643,-71.7308768963643
436.7500122308731,-71.73466155396513,-71.73466155396513
436.7600122308731,-71.7384486783385,-71.7384486783385
436.77001223087314,-71.74223829812644,-71.74223829812644
436.7800122308731,-71.74603044127082,-71.74603044127082
436.7900122308731,-71.7498251350309,-71.7498251350309
436.8000122308731,-71.75362240600134,-71.75362240600134
436.8100122308731,-71.75742228010631,-71.75742228010631
436.8200122308731,-71.76122478260439,-71.76122478260439
436.8300122308731,-71.76502993810026,-71.76502993810026
436.8400122308731,-71.76883777055946,-71.76883777055946
436.8500122308731,-71.77264830331708,-71.77264830331708
436.8600122308731,-71.77646155906444,-71.77646155906444
436.8700122308731,-71.7802775598783,-71.7802775598783
436.8800122308731,-71.78409632722277,-71.78409632722277
436.8900122308731,-71.78791788195772,-71.78791788195772
436.90001225471497,-71.79174225346006,-71.79174225346006
436.91001225471496,-71.79556944318527,-71.79556944318527
436.92001225471495,-71.79939947930735,-71.79939947930735
436.93001225471494,-71.80323238034329,-71.80323238034329
436.940012254715,-71.80706816423894,-71.80706816423894
436.950012254715,-71.81090684836502,-71.81090684836502
436.96001225471497,-71.8147484495569,-71.8147484495569
436.97001225471496,-71.8185929840992,-71.8185929840992
436.98001225471495,-71.82244046772652,-71.82244046772652
436.99001225471494,-71.82629091565823,-71.82629091565823
437.000012254715,-71.83014434258034,-71.83014434258034
437.010012254715,-71.83400076265846,-71.83400076265846
437.02001225471497,-71.83786018955568,-71.83786018955568
437.03001225471496,-71.84172263643894,-71.84172263643894
437.04001225471495,-71.84558811596402,-71.84558811596402
437.05001225471494,-71.84945664030562,-71.84945664030562
437.060012254715,-71.85332822116193,-71.85332822116193
437.070012254715,-71.85720286974373,-71.85720286974373
437.080012254715,-71.86108059680886,-71.86108059680886
437.09001225471496,-71.86496141264129,-71.86496141264129
437.10001225471495,-71.86884532707442,-71.86884532707442
437.11001225471495,-71.87273234949564,-71.87273234949564
437.120012254715,-71.87662248884935,-71.87662248884935
437.130012254715,-71.88051575364565,-71.88051575364565
437.140012254715,-71.88441215195957,-71.88441215195957
437.15001225471497,-71.88831169145666,-71.88831169145666
437.16001225471496,-71.89221437938411,-71.89221437938411
437.17001225471495,-71.89612022257104,-71.89612022257104
437.18001225471494,-71.90002922744101,-71.90002922744101
437.190012254715,-71.90394140004138,-71.90394140004138
437.200012254715,-71.9078567460014,-71.9078567460014
437.21001225471497,-71.9117752705873,-71.9117752705873
437.22001225471496,-71.91569697867105,-71.91569697867105
437.23001225471495,-71.91962187475556,-71.91962187475556
437.24001225471494,-71.92354996297709,-71.92354996297709
437.250012254715,-71.92748124711025,-71.92748124711025
437.260012254715,-71.93141573057633,-71.93141573057633
437.27001225471497,-71.93535341644083,-71.93535341644083
437.28001225471496,-71.93929430742544,-71.93929430742544
437.29001225471495,-71.94323840591251,-71.94323840591251
437.30001225471494,-71.94718571395185,-71.94718571395185
437.310012254715,-71.95113623326603,-71.95113623326603
437.320012254715,-71.95508996524323,-71.95508996524323
437.330012254715,-71.95904691096518,-71.95904691096518
437.34001225471496,-71.96300707119744,-71.96300707119744
437.35001225471495,-71.96697044639214,-71.96697044639214
437.36001225471495,-71.9709370367007,-71.9709370367007
437.370012254715,-71.97490684198746,-71.97490684198746
437.380012254715,-71.97887986180444,-71.97887986180444
437.390012254715,-71.9828560954276,-71.9828560954276
437.40001225471497,-71.9868355418526,-71.9868355418526
437.41001225471496,-71.9908181997829,-71.9908181997829
437.42001225471495,-71.99480406765392,-71.99480406765392
437.43001225471494,-71.99879314363267,-71.99879314363267
437.440012254715,-72.00278542562641,-72.00278542562641
437.450012254715,-72.00678091126892,-72.00678091126892
437.46001225471497,-72.01077959794505,-72.01077959794505
437.47001225471496,-72.01478148278913,-72.01478148278913
437.48001225471495,-72.01878656268627,-72.01878656268627
437.49001225471494,-72.02279483428053,-72.02279483428053
437.500012254715,-72.02680629396747,-72.02680629396747
437.510012254715,-72.03082093791917,-72.03082093791917
437.52001225471497,-72.03483876207035,-72.03483876207035
437.53001225471496,-72.03885976213809,-72.03885976213809
437.54001225471495,-72.04288393359138,-72.04288393359138
437.55001225471494,-72.04691127171407,-72.04691127171407
437.560012254715,-72.05094177155986,-72.05094177155986
437.570012254715,-72.05497542796138,-72.05497542796138
437.580012254715,-72.0590122355579,-72.0590122355579
437.59001225471496,-72.06305218877563,-72.06305218877563
437.60001225471495,-72.06709528184751,-72.06709528184751
437.61001225471495,-72.07114150880273,-72.07114150880273
437.620012254715,-72.07519086348377,-72.07519086348377
437.630012254715,-72.07924333954058,-72.07924333954058
437.640012254715,-72.08329893044099,-72.08329893044099
437.65001225471497,-72.08735762946854,-72.08735762946854
437.66001225471496,-72.09141942971448,-72.09141942971448
437.67001225471495,-72.09548432411577,-72.09548432411577
437.68001225471494,-72.0995523054193,-72.0995523054193
437.690012254715,-72.10362336621799,-72.10362336621799
437.700012254715,-72.1076974989237,-72.1076974989237
437.71001225471497,-72.11177469579538,-72.11177469579538
437.72001225471496,-72.11585494892537,-72.11585494892537
437.73001225471495,-72.11993825025215,-72.11993825025215
437.74001225471494,-72.12402459156021,-72.12402459156021
437.7500122785568,-72.12811397421838,-72.12811397421838
437.7600122785568,-72.13220637025726,-72.13220637025726
437.7700122785568,-72.13630178072884,-72.13630178072884
437.7800122785568,-72.14040019683314,-72.14040019683314
437.79001227855684,-72.14450160962201,-72.14450160962201
437.80001227855684,-72.14860601002798,-72.14860601002798
437.8100122785568,-72.15271338883286,-72.15271338883286
437.8200122785568,-72.15682373668001,-72.15682373668001
437.8300122785568,-72.16093704411341,-72.16093704411341
437.8400122785568,-72.16505330152543,-72.16505330152543
437.85001227855685,-72.1691724991872,-72.1691724991872
437.86001227855684,-72.17329462725795,-72.17329462725795
437.8700122785568,-72.17741967576825,-72.17741967576825
437.8800122785568,-72.18154763464162,-72.18154763464162
437.8900122785568,-72.18567849368348,-72.18567849368348
437.9000122785568,-72.18981224258457,-72.18981224258457
437.91001227855685,-72.19394887093009,-72.19394887093009
437.92001227855684,-72.19808836820054,-72.19808836820054
437.93001227855683,-72.20223072376906,-72.20223072376906
437.9400122785568,-72.20637592690431,-72.20637592690431
437.9500122785568,-72.21052396676988,-72.21052396676988
437.9600122785568,-72.21467483244946,-72.21467483244946
437.97001227855685,-72.2188285129201,-72.2188285129201
437.98001227855684,-72.22298499705259,-72.22298499705259
437.99001227855683,-72.22714427365374,-72.22714427365374
438.0000122785568,-72.23130633141612,-72.23130633141612
438.0100122785568,-72.23547115895424,-72.23547115895424
438.0200122785568,-72.2396387447929,-72.2396387447929
438.0300122785568,-72.24380907738315,-72.24380907738315
438.04001227855684,-72.24798214508422,-72.24798214508422
438.05001227855684,-72.25215793617839,-72.25215793617839
438.0600122785568,-72.25633643887521,-72.25633643887521
438.0700122785568,-72.26051764130393,-72.26051764130393
438.0800122785568,-72.26470153151153,-72.26470153151153
438.0900122785568,-72.26888809748229,-72.26888809748229
438.10001227855685,-72.27307732713652,-72.27307732713652
438.11001227855684,-72.27726920830645,-72.27726920830645
438.1200122785568,-72.28146372877252,-72.28146372877252
438.1300122785568,-72.28566087623764,-72.28566087623764
438.1400122785568,-72.28986063835278,-72.28986063835278
438.1500122785568,-72.29406300270746,-72.29406300270746
438.16001227855685,-72.2982679568122,-72.2982679568122
438.17001227855684,-72.30247548813321,-72.30247548813321
438.18001227855683,-72.3066855840772,-72.3066855840772
438.1900122785568,-72.31089823199213,-72.31089823199213
438.2000122785568,-72.31511341916512,-72.31511341916512
438.2100122785568,-72.31932482036152,-72.31932482036152
438.22001227855685,-72.32352965179199,-72.32352965179199
438.23001227855684,-72.32772654624199,-72.32772654624199
438.24001227855683,-72.3319147925209,-72.3319147925209
438.2500122785568,-72.33609404515356,-72.33609404515356
438.2600122785568,-72.34026417364304,-72.34026417364304
438.2700122785568,-72.3444251741015,-72.3444251741015
438.2800122785568,-72.34857711619316,-72.34857711619316
438.29001227855684,-72.3527201111938,-72.3527201111938
438.30001227855684,-72.35685429283953,-72.35685429283953
438.3100122785568,-72.36097980590176,-72.36097980590176
438.3200122785568,-72.36509679942097,-72.36509679942097
438.3300122785568,-72.36920542285469,-72.36920542285469
438.3400122785568,-72.37330582393848,-72.37330582393848
438.35001227855685,-72.37739814759377,-72.37739814759377
438.36001227855684,-72.38148253547385,-72.38148253547385
438.3700122785568,-72.38555912586226,-72.38555912586226
438.3800122785568,-72.38962805378405,-72.38962805378405
438.3900122785568,-72.39368945123219,-72.39368945123219
438.4000122785568,-72.39774344742128,-72.39774344742128
438.41001227855685,-72.40179016904878,-72.40179016904878
438.42001227855684,-72.40582974056092,-72.40582974056092
438.43001227855683,-72.4098622843889,-72.4098622843889
438.4400122785568,-72.41388792114462,-72.41388792114462
438.4500122785568,-72.4179067698464,-72.4179067698464
438.4600122785568,-72.42191262708326,-72.42191262708326
438.47001227855685,-72.42590283480448,-72.42590283480448
438.48001227855684,-72.42987615238245,-72.42987615238245
438.49001227855683,-72.43383199506127,-72.43383199506127
438.5000122785568,-72.43777014331182,-72.43777014331182
438.5100122785568,-72.44169059194778,-72.44169059194778
438.5200122785568,-72.44559346167911,-72.44559346167911
438.5300122785568,-72.44947894603288,-72.44947894603288
438.54001227855684,-72.45334727940545,-72.45334727940545
438.55001227855684,-72.45719871786878,-72.45719871786878
438.5600122785568,-72.46103352778128,-72.46103352778128
438.5700122785568,-72.46485197900003,-72.46485197900003
438.5800122785568,-72.46865434104087,-72.46865434104087
438.5900122785568,-72.47244088089326,-72.47244088089326
438.6000123023987,-72.47621187095618,-72.47621187095618
438.6100123023987,-72.47996755258353,-72.47996755258353
438.62001230239866,-72.48370818999192,-72.48370818999192
438.63001230239865,-72.48743403431614,-72.48743403431614
438.6400123023987,-72.4911453328359,-72.4911453328359
438.6500123023987,-72.49484232922052,-72.49484232922052
438.6600123023987,-72.49852526379438,-72.49852526379438
438.6700123023987,-72.50219437377531,-72.50219437377531
438.68001230239867,-72.50584989350313,-72.50584989350313
438.69001230239866,-72.50949205464188,-72.50949205464188
438.7000123023987,-72.51312108634527,-72.51312108634527
438.7100123023987,-72.51673721540294,-72.51673721540294
438.7200123023987,-72.52034066637911,-72.52034066637911
438.7300123023987,-72.52393166169679,-72.52393166169679
438.74001230239867,-72.52751042171661,-72.52751042171661
438.75001230239866,-72.53107716483191,-72.53107716483191
438.7600123023987,-72.53463210748674,-72.53463210748674
438.7700123023987,-72.53817546423146,-72.53817546423146
438.7800123023987,-72.54170744775641,-72.54170744775641
438.7900123023987,-72.5452282689151,-72.5452282689151
438.80001230239867,-72.54873813672636,-72.54873813672636
438.81001230239866,-72.55223725838108,-72.55223725838108
438.8200123023987,-72.55572583927732,-72.55572583927732
438.8300123023987,-72.55920408298408,-72.55920408298408
438.8400123023987,-72.56267219126795,-72.56267219126795
438.8500123023987,-72.56613036405604,-72.56613036405604
438.8600123023987,-72.56957879946093,-72.56957879946093
438.87001230239866,-72.57301769377305,-72.57301769377305
438.88001230239865,-72.57644724141815,-72.57644724141815
438.8900123023987,-72.5798676349941,-72.5798676349941
438.9000123023987,-72.5832790652165,-72.5832790652165
438.9100123023987,-72.5866817209636,-72.5866817209636
438.9200123023987,-72.59007578919856,-72.59007578919856
438.93001230239867,-72.5934614550257,-72.5934614550257
438.94001230239866,-72.59683890165788,-72.59683890165788
438.9500123023987,-72.60020831039456,-72.60020831039456
438.9600123023987,-72.60356986062568,-72.60356986062568
438.9700123023987,-72.60692372982994,-72.60692372982994
438.9800123023987,-72.61027009357426,-72.61027009357426
438.99001230239867,-72.61360912549883,-72.61360912549883
439.00001230239866,-72.61694099731679,-72.61694099731679
439.0100123023987,-72.62026587880034,-72.62026587880034
439.0200123023987,-72.62358393779607,-72.62358393779607
439.0300123023987,-72.6268953402194,-72.6268953402194
439.0400123023987,-72.63020025005004,-72.63020025005004
439.05001230239867,-72.63349882932644,-72.63349882932644
439.06001230239866,-72.63679123817452,-72.63679123817452
439.0700123023987,-72.64007763475817,-72.64007763475817
439.0800123023987,-72.64335817533157,-72.64335817533157
439.0900123023987,-72.64663301422176,-72.64663301422176
439.1000123023987,-72.64990230384119,-72.64990230384119
439.1100123023987,-72.65316619466499,-72.65316619466499
439.12001230239866,-72.65642483528293,-72.65642483528293
439.13001230239865,-72.65967837236802,-72.65967837236802
439.1400123023987,-72.66292695069255,-72.66292695069255
439.1500123023987,-72.6661707131486,-72.6661707131486
439.1600123023987,-72.66940980074682,-72.66940980074682
439.1700123023987,-72.67264435261585,-72.67264435261585
439.18001230239867,-72.67587450602967,-72.67587450602967
439.19001230239866,-72.67910039640313,-72.67910039640313
439.2000123023987,-72.68232215730514,-72.68232215730514
439.2100123023987,-72.6855399204702,-72.6855399204702
439.2200123023987,-72.68875381582106,-72.68875381582106
439.2300123023987,-72.69196397146331,-72.69196397146331
439.24001230239867,-72.69517051370015,-72.69517051370015
439.25001230239866,-72.69837356705008,-72.69837356705008
439.2600123023987,-72.70157325426268,-72.70157325426268
439.2700123023987,-72.70476969631541,-72.70476969631541
439.2800123023987,-72.70796301244678,-72.70796301244678
439.2900123023987,-72.71115332016801,-72.71115332016801
439.30001230239867,-72.71434073524425,-72.71434073524425
439.31001230239866,-72.71752537175712,-72.71752537175712
439.3200123023987,-72.72070734208724,-72.72070734208724
439.3300123023987,-72.7238867569427,-72.7238867569427
439.3400123023987,-72.72706372535099,-72.72706372535099
439.3500123023987,-72.73023835471561,-72.73023835471561
439.3600123023987,-72.73341075078335,-72.73341075078335
439.37001230239866,-72.73658101770043,-72.73658101770043
439.38001230239865,-72.73974925799313,-72.73974925799313
439.3900123023987,-72.74291557261076,-72.74291557261076
439.4000123023987,-72.74608006092225,-72.74608006092225
439.4100123023987,-72.74924282074167,-72.74924282074167
439.4200123023987,-72.7524039483558,-72.7524039483558
439.43001230239867,-72.75556353850168,-72.75556353850168
439.44001230239866,-72.75872168442419,-72.75872168442419
439.45001232624054,-72.7618784853745,-72.7618784853745
439.46001232624053,-72.76503401658823,-72.76503401658823
439.4700123262405,-72.7681883743804,-72.7681883743804
439.4800123262405,-72.77134164610733,-72.77134164610733
439.49001232624056,-72.77449391769261,-72.77449391769261
439.50001232624055,-72.77764527364333,-72.77764527364333
439.51001232624054,-72.78079579705863,-72.78079579705863
439.52001232624053,-72.7839455696712,-72.7839455696712
439.5300123262405,-72.7870946718372,-72.7870946718372
439.5400123262405,-72.79024318255476,-72.79024318255476
439.55001232624056,-72.7933911794953,-72.7933911794953
439.56001232624055,-72.79653873899639,-72.79653873899639
439.57001232624054,-72.79968593610357,-72.79968593610357
439.58001232624054,-72.80283284456314,-72.80283284456314
439.5900123262405,-72.80597953684853,-72.80597953684853
439.6000123262405,-72.80912608417206,-72.80912608417206
439.61001232624056,-72.81227255650951,-72.81227255650951
439.62001232624056,-72.81541902260396,-72.81541902260396
439.63001232624055,-72.8185655499829,-72.8185655499829
439.64001232624054,-72.82171220497702,-72.82171220497702
439.6500123262405,-72.82485905272648,-72.82485905272648
439.6600123262405,-72.8280061572146,-72.8280061572146
439.67001232624057,-72.83115358126551,-72.83115358126551
439.68001232624056,-72.83430138655991,-72.83430138655991
439.69001232624055,-72.83744963365797,-72.83744963365797
439.70001232624054,-72.84059838200487,-72.84059838200487
439.71001232624053,-72.84374768995717,-72.84374768995717
439.7200123262405,-72.84689761478006,-72.84689761478006
439.7300123262405,-72.850048212684,-72.850048212684
439.74001232624056,-72.85319953880924,-72.85319953880924
439.75001232624055,-72.85635164726867,-72.85635164726867
439.76001232624054,-72.85950459114216,-72.85950459114216
439.77001232624053,-72.86265842249963,-72.86265842249963
439.7800123262405,-72.86581319240923,-72.86581319240923
439.7900123262405,-72.8689689509523,-72.8689689509523
439.80001232624056,-72.87212574724848,-72.87212574724848
439.81001232624055,-72.87528362943999,-72.87528362943999
439.82001232624054,-72.87844264473819,-72.87844264473819
439.83001232624054,-72.88160283940952,-72.88160283940952
439.8400123262405,-72.88476425880555,-72.88476425880555
439.8500123262405,-72.88792694736465,-72.88792694736465
439.86001232624056,-72.89109094863426,-72.89109094863426
439.87001232624056,-72.8942563052777,-72.8942563052777
439.88001232624055,-72.89742305908592,-72.89742305908592
439.89001232624054,-72.90059125099026,-72.90059125099026
439.9000123262405,-72.90376092107786,-72.90376092107786
439.9100123262405,-72.90693210858024,-72.90693210858024
439.92001232624057,-72.91010485193031,-72.91010485193031
439.93001232624056,-72.91327918874333,-72.91327918874333
439.94001232624055,-72.91645515582101,-72.91645515582101
439.95001232624054,-72.9196327891874,-72.9196327891874
439.96001232624053,-72.92281212408152,-72.92281212408152
439.9700123262405,-72.92599319497964,-72.92599319497964
439.9800123262405,-72.9291760355944,-72.9291760355944
439.99001232624056,-72.93236067890392,-72.93236067890392
440.00001232624055,-72.93554715713816,-72.93554715713816
440.01001232624054,-72.93873550180578,-72.93873550180578
440.02001232624053,-72.94192574370213,-72.94192574370213
440.0300123262405,-72.94511791292243,-72.94511791292243
440.0400123262405,-72.94831203886608,-72.94831203886608
440.05001232624056,-72.95150815024358,-72.95150815024358
440.06001232624055,-72.95470627510096,-72.95470627510096
440.07001232624054,-72.95790644080179,-72.95790644080179
440.08001232624054,-72.96110867407656,-72.96110867407656
440.0900123262405,-72.96431300099526,-72.96431300099526
440.1000123262405,-72.96751944700382,-72.96751944700382
440.11001232624056,-72.97072803690838,-72.97072803690838
440.12001232624056,-72.97393879490383,-72.97393879490383
440.13001232624055,-72.97715174458004,-72.97715174458004
440.14001232624054,-72.9803669089176,-72.9803669089176
440.1500123262405,-72.98358431032736,-72.98358431032736
440.1600123262405,-72.98680397061703,-72.98680397061703
440.17001232624057,-72.99002591102794,-72.99002591102794
440.18001232624056,-72.99325015223071,-72.99325015223071
440.19001232624055,-72.99647671435832,-72.99647671435832
440.20001232624054,-72.99970561697486,-72.99970561697486
440.21001232624053,-73.00293687911046,-73.00293687911046
440.2200123262405,-73.00617051926486,-73.00617051926486
440.2300123262405,-73.00940655542207,-73.00940655542207
440.24001232624056,-73.01264500503486,-73.01264500503486
440.25001232624055,-73.01588588505471,-73.01588588505471
440.26001232624054,-73.01912921193912,-73.01912921193912
440.27001232624053,-73.02237500163467,-73.02237500163467
440.2800123262405,-73.02562326961848,-73.02562326961848
440.2900123262405,-73.02887403088307,-73.02887403088307
440.3000123500824,-73.0321273076917,-73.0321273076917
440.3100123500824,-73.03538309862974,-73.03538309862974
440.3200123500824,-73.03864142501496,-73.03864142501496
440.33001235008237,-73.04190230000142,-73.04190230000142
440.3400123500824,-73.04516573629735,-73.04516573629735
440.3500123500824,-73.0484317461711,-73.0484317461711
440.3600123500824,-73.0517003414588,-73.0517003414588
440.3700123500824,-73.05497153357052,-73.05497153357052
440.3800123500824,-73.05824533351067,-73.05824533351067
440.3900123500824,-73.06152175186489,-73.06152175186489
440.4000123500824,-73.06480079882043,-73.06480079882043
440.4100123500824,-73.06808248415443,-73.06808248415443
440.4200123500824,-73.07136681726158,-73.07136681726158
440.4300123500824,-73.07465380715246,-73.07465380715246
440.4400123500824,-73.07794346244798,-73.07794346244798
440.4500123500824,-73.08123579139325,-73.08123579139325
440.4600123500824,-73.08452442424795,-73.08452442424795
440.4700123500824,-73.08780657104994,-73.08780657104994
440.4800123500824,-73.09108087315957,-73.09108087315957
440.4900123500824,-73.09434663449423,-73.09434663449423
440.5000123500824,-73.09760352812107,-73.09760352812107
440.5100123500824,-73.10085144388457,-73.10085144388457
440.5200123500824,-73.10409039914084,-73.10409039914084
440.5300123500824,-73.10732048513601,-73.10732048513601
440.5400123500824,-73.11054183473756,-73.11054183473756
440.5500123500824,-73.11375460308518,-73.11375460308518
440.5600123500824,-73.11695895603758,-73.11695895603758
440.5700123500824,-73.12015506338057,-73.12015506338057
440.58001235008237,-73.12334309491601,-73.12334309491601
440.5900123500824,-73.12652321833234,-73.12652321833234
440.6000123500824,-73.12969559809223,-73.12969559809223
440.6100123500824,-73.1328603950086,-73.1328603950086
440.6200123500824,-73.13601776612676,-73.13601776612676
440.6300123500824,-73.13916786487395,-73.13916786487395
440.6400123500824,-73.14231084127826,-73.14231084127826
440.6500123500824,-73.1454468422314,-73.1454468422314
440.6600123500824,-73.14857601177589,-73.14857601177589
440.6700123500824,-73.15169849136751,-73.15169849136751
440.6800123500824,-73.15481442013208,-73.15481442013208
440.6900123500824,-73.15792393507701,-73.15792393507701
440.7000123500824,-73.16102717128801,-73.16102717128801
440.7100123500824,-73.16411787796127,-73.16411787796127
440.7200123500824,-73.16719338687668,-73.16719338687668
440.7300123500824,-73.17025246159012,-73.17025246159012
440.7400123500824,-73.17329452787672,-73.17329452787672
440.7500123500824,-73.17631938009849,-73.17631938009849
440.7600123500824,-73.179327028746,-73.179327028746
440.7700123500824,-73.18231761113944,-73.18231761113944
440.7800123500824,-73.18529133772829,-73.18529133772829
440.7900123500824,-73.18824845986958,-73.18824845986958
440.8000123500824,-73.19118925044577,-73.19118925044577
440.8100123500824,-73.19411399234947,-73.19411399234947
440.8200123500824,-73.19702297166128,-73.19702297166128
440.83001235008237,-73.19991647375285,-73.19991647375285
440.8400123500824,-73.2027947811261,-73.2027947811261
440.8500123500824,-73.20565817234119,-73.20565817234119
440.8600123500824,-73.20850692153626,-73.20850692153626
440.8700123500824,-73.21134129835428,-73.21134129835428
440.8800123500824,-73.21416156803303,-73.21416156803303
440.8900123500824,-73.21696799164226,-73.21696799164226
440.9000123500824,-73.2197608263375,-73.2197608263375
440.9100123500824,-73.22254032562033,-73.22254032562033
440.9200123500824,-73.2253067396011,-73.2253067396011
440.9300123500824,-73.22806031523876,-73.22806031523876
440.9400123500824,-73.23080129653212,-73.23080129653212
440.9500123500824,-73.23352992473413,-73.23352992473413
440.9600123500824,-73.23624004909996,-73.23624004909996
440.9700123500824,-73.23892910431964,-73.23892910431964
440.9800123500824,-73.2415959574064,-73.2415959574064
440.9900123500824,-73.24424013734493,-73.24424013734493
441.0000123500824,-73.24686154114492,-73.24686154114492
441.0100123500824,-73.24946028126527,-73.24946028126527
441.0200123500824,-73.25203659614486,-73.25203659614486
441.0300123500824,-73.25459079653018,-73.25459079653018
441.0400123500824,-73.25712323314637,-73.25712323314637
441.0500123500824,-73.25963427733745,-73.25963427733745
441.0600123500824,-73.26212430948472,-73.26212430948472
441.0700123500824,-73.26459371220568,-73.26459371220568
441.08001235008237,-73.26704286643273,-73.26704286643273
441.0900123500824,-73.26947214926405,-73.26947214926405
441.1000123500824,-73.27188193286332,-73.27188193286332
441.1100123500824,-73.27427258398646,-73.27427258398646
441.1200123500824,-73.27664446391307,-73.27664446391307
441.1300123500824,-73.27899792853191,-73.27899792853191
441.1400123500824,-73.28133332855697,-73.28133332855697
441.15001237392426,-73.28365101532579,-73.28365101532579
441.16001237392425,-73.28595131892548,-73.28595131892548
441.17001237392424,-73.28823458171755,-73.28823458171755
441.1800123739242,-73.29050113635098,-73.29050113635098
441.1900123739243,-73.29275131152859,-73.29275131152859
441.20001237392427,-73.29498543219634,-73.29498543219634
441.21001237392426,-73.29720381971889,-73.29720381971889
441.22001237392425,-73.29940679198023,-73.29940679198023
441.23001237392424,-73.30159466351596,-73.30159466351596
441.24001237392423,-73.30376774560206,-73.30376774560206
441.2500123739243,-73.30592634633149,-73.30592634633149
441.26001237392427,-73.30807077066353,-73.30807077066353
441.27001237392426,-73.3102013204908,-73.3102013204908
441.28001237392425,-73.31231829465918,-73.31231829465918
441.29001237392424,-73.31442198901607,-73.31442198901607
441.30001237392423,-73.31651269643355,-73.31651269643355
441.3100123739243,-73.31859070681449,-73.31859070681449
441.32001237392427,-73.32065630710372,-73.32065630710372
441.33001237392426,-73.3227097813214,-73.3227097813214
441.34001237392425,-73.3247514105598,-73.3247514105598
441.35001237392424,-73.3267814729703,-73.3267814729703
441.36001237392423,-73.32880024378859,-73.32880024378859
441.3700123739243,-73.33080799532773,-73.33080799532773
441.3800123739243,-73.33280499698766,-73.33280499698766
441.39001237392426,-73.33479151523589,-73.33479151523589
441.40001237392426,-73.33676781365325,-73.33676781365325
441.41001237392425,-73.33873415286826,-73.33873415286826
441.42001237392424,-73.34069079061953,-73.34069079061953
441.4300123739242,-73.34263798171611,-73.34263798171611
441.4400123739243,-73.34457597806089,-73.34457597806089
441.45001237392427,-73.34650502866003,-73.34650502866003
441.46001237392426,-73.34842537959297,-73.34842537959297
441.47001237392425,-73.35033727406085,-73.35033727406085
441.48001237392424,-73.3522409523503,-73.3522409523503
441.49001237392423,-73.35413665185922,-73.35413665185922
441.5000123739243,-73.35602460711605,-73.35602460711605
441.51001237392427,-73.35790504975347,-73.35790504975347
441.52001237392426,-73.35977820854352,-73.35977820854352
441.53001237392425,-73.36164430939188,-73.36164430939188
441.54001237392424,-73.36350357536708,-73.36350357536708
441.55001237392423,-73.3653562266867,-73.3653562266867
441.5600123739243,-73.36720248074451,-73.36720248074451
441.57001237392427,-73.36904255211404,-73.36904255211404
441.58001237392426,-73.3708766525677,-73.3708766525677
441.59001237392425,-73.37270499109084,-73.37270499109084
441.60001237392424,-73.3745277738879,-73.3745277738879
441.61001237392423,-73.37634520440608,-73.37634520440608
441.6200123739243,-73.37815748335034,-73.37815748335034
441.6300123739243,-73.3799648087039,-73.3799648087039
441.64001237392426,-73.38176737571884,-73.38176737571884
441.65001237392426,-73.38356537696443,-73.38356537696443
441.66001237392425,-73.3853590023384,-73.3853590023384
441.67001237392424,-73.38714843907646,-73.38714843907646
441.6800123739242,-73.38893387176867,-73.38893387176867
441.6900123739243,-73.39071548239008,-73.39071548239008
441.70001237392427,-73.39249345032256,-73.39249345032256
441.71001237392426,-73.39426795236764,-73.39426795236764
441.72001237392425,-73.3960391627651,-73.3960391627651
441.73001237392424,-73.39780725320604,-73.39780725320604
441.74001237392423,-73.39957239288013,-73.39957239288013
441.7500123739243,-73.4013347484805,-73.4013347484805
441.76001237392427,-73.40309448421998,-73.40309448421998
441.77001237392426,-73.40485176186426,-73.40485176186426
441.78001237392425,-73.4066067407524,-73.4066067407524
441.79001237392424,-73.40835957780956,-73.40835957780956
441.80001237392423,-73.41011042757852,-73.41011042757852
441.8100123739243,-73.4118594422502,-73.4118594422502
441.82001237392427,-73.41360677167101,-73.41360677167101
441.83001237392426,-73.41535256336705,-73.41535256336705
441.84001237392425,-73.41709696258796,-73.41709696258796
441.85001237392424,-73.4188401122981,-73.4188401122981
441.86001237392423,-73.42058215322358,-73.42058215322358
441.8700123739243,-73.42232322387359,-73.42232322387359
441.8800123739243,-73.4240634605458,-73.4240634605458
441.89001237392426,-73.42580299737557,-73.42580299737557
441.90001237392426,-73.42754196634563,-73.42754196634563
441.91001237392425,-73.4292804973071,-73.4292804973071
441.92001237392424,-73.43101871800145,-73.43101871800145
441.9300123739242,-73.43275675410251,-73.43275675410251
441.9400123739243,-73.43449472922208,-73.43449472922208
441.95001237392427,-73.43623276492968,-73.43623276492968
441.96001237392426,-73.4379645764927,-73.4379645764927
441.97001237392425,-73.43968747576456,-73.43968747576456
441.98001237392424,-73.44140021134541,-73.44140021134541
441.99001237392423,-73.44310219593436,-73.44310219593436
442.0000123977661,-73.4447932154804,-73.4447932154804
442.0100123977661,-73.44647325998366,-73.44647325998366
442.0200123977661,-73.44814245798906,-73.44814245798906
442.0300123977661,-73.4498010064915,-73.4498010064915
442.04001239776613,-73.45144914258218,-73.45144914258218
442.0500123977661,-73.45308712400782,-73.45308712400782
442.0600123977661,-73.4547152176005,-73.4547152176005
442.0700123977661,-73.45633369245522,-73.45633369245522
442.0800123977661,-73.45794281603236,-73.45794281603236
442.0900123977661,-73.45954285203676,-73.45954285203676
442.10001239776614,-73.46113405934248,-73.46113405934248
442.1100123977661,-73.462716691558,-73.462716691558
442.1200123977661,-73.464290996987,-73.464290996987
442.1300123977661,-73.46585721877595,-73.46585721877595
442.1400123977661,-73.4674155951493,-73.4674155951493
442.1500123977661,-73.46896635971324,-73.46896635971324
442.16001239776614,-73.4705097417894,-73.4705097417894
442.17001239776613,-73.47204596666518,-73.47204596666518
442.1800123977661,-73.47357525590076,-73.47357525590076
442.1900123977661,-73.47509782755101,-73.47509782755101
442.2000123977661,-73.47661389638694,-73.47661389638694
442.2100123977661,-73.47812367408906,-73.47812367408906
442.22001239776614,-73.47962736941554,-73.47962736941554
442.23001239776613,-73.48112518831547,-73.48112518831547
442.2400123977661,-73.4826173340748,-73.4826173340748
442.2500123977661,-73.4841040074118,-73.4841040074118
442.2600123977661,-73.48558540655883,-73.48558540655883
442.2700123977661,-73.4870617273302,-73.4870617273302
442.2800123977661,-73.48853316319814,-73.48853316319814
442.29001239776613,-73.48999990532973,-73.48999990532973
442.3000123977661,-73.49146214263362,-73.49146214263362
442.3100123977661,-73.4929200618012,-73.4929200618012
442.3200123977661,-73.49437384734047,-73.49437384734047
442.3300123977661,-73.4958236815908,-73.4958236815908
442.3400123977661,-73.49726974475062,-73.49726974475062
442.35001239776614,-73.49871221489697,-73.49871221489697
442.3600123977661,-73.50015126799603,-73.50015126799603
442.3700123977661,-73.50158707793317,-73.50158707793317
442.3800123977661,-73.50301981650148,-73.50301981650148
442.3900123977661,-73.50444965342749,-73.50444965342749
442.4000123977661,-73.5058767563798,-73.5058767563798
442.41001239776614,-73.50730129097761,-73.50730129097761
442.42001239776613,-73.50872342078836,-73.50872342078836
442.4300123977661,-73.51014330735819,-73.51014330735819
442.4400123977661,-73.51156111019075,-73.51156111019075
442.4500123977661,-73.51297698677995,-73.51297698677995
442.4600123977661,-73.51439109260595,-73.51439109260595
442.47001239776614,-73.51580358113817,-73.51580358113817
442.48001239776613,-73.51721460384906,-73.51721460384906
442.4900123977661,-73.5186243102258,-73.5186243102258
442.5000123977661,-73.52003284776904,-73.52003284776904
442.5100123977661,-73.52144036201592,-73.52144036201592
442.5200123977661,-73.5228469965192,-73.5228469965192
442.5300123977661,-73.52425289289766,-73.52425289289766
442.54001239776613,-73.52565819080804,-73.52565819080804
442.5500123977661,-73.52706302797708,-73.52706302797708
442.5600123977661,-73.52846754020143,-73.52846754020143
442.5700123977661,-73.52987186136212,-73.52987186136212
442.5800123977661,-73.53127612343333,-73.53127612343333
442.5900123977661,-73.53268045650017,-73.53268045650017
442.60001239776614,-73.53408498875734,-73.53408498875734
442.6100123977661,-73.5354898465226,-73.5354898465226
442.6200123977661,-73.53689515426923,-73.53689515426923
442.6300123977661,-73.53830103460648,-73.53830103460648
442.6400123977661,-73.53970760833096,-73.53970760833096
442.6500123977661,-73.5411149943932,-73.5411149943932
442.66001239776614,-73.54252330993656,-73.54252330993656
442.67001239776613,-73.54393267032442,-73.54393267032442
442.6800123977661,-73.54534318913723,-73.54534318913723
442.6900123977661,-73.5467549781709,-73.5467549781709
442.7000123977661,-73.54816814748496,-73.54816814748496
442.7100123977661,-73.54958280539368,-73.54958280539368
442.72001239776614,-73.55099905847975,-73.55099905847975
442.73001239776613,-73.5524170116338,-73.5524170116338
442.7400123977661,-73.55383676803429,-73.55383676803429
442.7500123977661,-73.55525842919123,-73.55525842919123
442.7600123977661,-73.55668209494367,-73.55668209494367
442.7700123977661,-73.55810786348255,-73.55810786348255
442.7800123977661,-73.55953583136608,-73.55953583136608
442.79001239776613,-73.56096609355174,-73.56096609355174
442.8000123977661,-73.56239874335628,-73.56239874335628
442.8100123977661,-73.56383387253982,-73.56383387253982
442.8200123977661,-73.56527157128491,-73.56527157128491
442.8300123977661,-73.5667119282184,-73.5667119282184
442.8400123977661,-73.56815503042957,-73.56815503042957
442.85001242160797,-73.56960096691978,-73.56960096691978
442.86001242160796,-73.57104981488358,-73.57104981488358
442.87001242160795,-73.5725016603091,-73.5725016603091
442.88001242160794,-73.57395658428968,-73.57395658428968
442.890012421608,-73.57541466645978,-73.57541466645978
442.900012421608,-73.57687598501357,-73.57687598501357
442.910012421608,-73.57834061671663,-73.57834061671663
442.92001242160796,-73.57980863692059,-73.57980863692059
442.93001242160796,-73.58128011959047,-73.58128011959047
442.94001242160795,-73.58275513729944,-73.58275513729944
442.950012421608,-73.58423376126113,-73.58423376126113
442.960012421608,-73.58571606135546,-73.58571606135546
442.970012421608,-73.58720210611422,-73.58720210611422
442.98001242160797,-73.58869196276285,-73.58869196276285
442.99001242160796,-73.59018569722647,-73.59018569722647
443.00001242160795,-73.59168337414313,-73.59168337414313
443.010012421608,-73.59318505688341,-73.59318505688341
443.020012421608,-73.5946908075702,-73.5946908075702
443.030012421608,-73.59620068707588,-73.59620068707588
443.04001242160797,-73.59771475505612,-73.59771475505612
443.05001242160796,-73.59923306995955,-73.59923306995955
443.06001242160795,-73.60075568904956,-73.60075568904956
443.070012421608,-73.60228266840755,-73.60228266840755
443.080012421608,-73.60381406293784,-73.60381406293784
443.090012421608,-73.60534992641996,-73.60534992641996
443.10001242160797,-73.60689031149468,-73.60689031149468
443.11001242160796,-73.60843526967366,-73.60843526967366
443.12001242160795,-73.60998485136408,-73.60998485136408
443.13001242160794,-73.6115391059048,-73.6115391059048
443.140012421608,-73.61309808152886,-73.61309808152886
443.150012421608,-73.61466182543775,-73.61466182543775
443.160012421608,-73.61623038376167,-73.61623038376167
443.17001242160796,-73.61780380161548,-73.61780380161548
443.18001242160796,-73.61938212307804,-73.61938212307804
443.19001242160795,-73.62096539123938,-73.62096539123938
443.200012421608,-73.62255364818286,-73.62255364818286
443.210012421608,-73.62414051448775,-73.62414051448775
443.220012421608,-73.62572321809064,-73.62572321809064
443.23001242160797,-73.62730042845438,-73.62730042845438
443.24001242160796,-73.62887148186061,-73.62887148186061
443.25001242160795,-73.63043608575674,-73.63043608575674
443.260012421608,-73.63199416522956,-73.63199416522956
443.270012421608,-73.63354577300336,-73.63354577300336
443.280012421608,-73.6350910353846,-73.6350910353846
443.29001242160797,-73.63663011976787,-73.63663011976787
443.30001242160796,-73.63816321509812,-73.63816321509812
443.31001242160795,-73.63969052028175,-73.63969052028175
443.320012421608,-73.6412122373299,-73.6412122373299
443.330012421608,-73.64272856745744,-73.64272856745744
443.340012421608,-73.6442397089296,-73.6442397089296
443.35001242160797,-73.64574585600224,-73.64574585600224
443.36001242160796,-73.6472471984723,-73.6472471984723
443.37001242160795,-73.6487439216382,-73.6487439216382
443.38001242160794,-73.65023620641472,-73.65023620641472
443.390012421608,-73.65172422961281,-73.65172422961281
443.400012421608,-73.65320816421439,-73.65320816421439
443.410012421608,-73.654688179683,-73.654688179683
443.42001242160796,-73.65616444224274,-73.65616444224274
443.43001242160796,-73.65763711515278,-73.65763711515278
443.44001242160795,-73.65910635893367,-73.65910635893367
443.450012421608,-73.66057233160602,-73.66057233160602
443.460012421608,-73.66203518882732,-73.66203518882732
443.470012421608,-73.66349508408024,-73.66349508408024
443.48001242160797,-73.66495216880259,-73.66495216880259
443.49001242160796,-73.66640659248678,-73.66640659248678
443.50001242160795,-73.66785850279241,-73.66785850279241
443.510012421608,-73.6693080456068,-73.6693080456068
443.520012421608,-73.67075536512081,-73.67075536512081
443.530012421608,-73.67220060388077,-73.67220060388077
443.54001242160797,-73.67364390282297,-73.67364390282297
443.55001242160796,-73.6750854013352,-73.6750854013352
443.56001242160795,-73.67652523725516,-73.67652523725516
443.570012421608,-73.67796354690526,-73.67796354690526
443.580012421608,-73.6794004651246,-73.6794004651246
443.590012421608,-73.68083612525334,-73.68083612525334
443.60001242160797,-73.68227065917408,-73.68227065917408
443.61001242160796,-73.68370419730418,-73.68370419730418
443.62001242160795,-73.68513686860118,-73.68513686860118
443.63001242160794,-73.68656880058668,-73.68656880058668
443.640012421608,-73.68800011931253,-73.68800011931253
443.650012421608,-73.68943094939445,-73.68943094939445
443.660012421608,-73.69086141400058,-73.69086141400058
443.67001242160796,-73.69229163486065,-73.69229163486065
443.68001242160796,-73.69372173225648,-73.69372173225648
443.69001242160795,-73.6951518250251,-73.6951518250251
443.70001244544983,-73.69658203396861,-73.69658203396861
443.7100124454498,-73.69801246822722,-73.69801246822722
443.7200124454498,-73.69944324570464,-73.69944324570464
443.7300124454498,-73.70087447946926,-73.70087447946926
443.74001244544985,-73.7023062811426,-73.7023062811426
443.75001244544984,-73.70373876090869,-73.70373876090869
443.76001244544983,-73.70517202750432,-73.70517202750432
443.7700124454498,-73.70660618822505,-73.70660618822505
443.7800124454498,-73.70804134893369,-73.70804134893369
443.7900124454498,-73.70947761406977,-73.70947761406977
443.80001244544985,-73.71091508662626,-73.71091508662626
443.81001244544984,-73.71235386817499,-73.71235386817499
443.82001244544983,-73.71379405886698,-73.71379405886698
443.8300124454498,-73.71523575742309,-73.71523575742309
443.8400124454498,-73.71667906115499,-73.71667906115499
443.8500124454498,-73.71812406597053,-73.71812406597053
443.86001244544985,-73.71957086635221,-73.71957086635221
443.87001244544985,-73.72101955539739,-73.72101955539739
443.88001244544984,-73.72247022480686,-73.72247022480686
443.8900124454498,-73.72392296489666,-73.72392296489666
443.9000124454498,-73.72537786460278,-73.72537786460278
443.9100124454498,-73.72683501148819,-73.72683501148819
443.92001244544986,-73.72829449173727,-73.72829449173727
443.93001244544985,-73.72975639020042,-73.72975639020042
443.94001244544984,-73.73122079036308,-73.73122079036308
443.95001244544983,-73.73268777436995,-73.73268777436995
443.9600124454498,-73.73415099298114,-73.73415099298114
443.9700124454498,-73.7356077095582,-73.7356077095582
443.9800124454498,-73.73705663079508,-73.73705663079508
443.99001244544985,-73.73849713084842,-73.73849713084842
444.00001244544984,-73.7399289552176,-73.7399289552176
444.01001244544983,-73.74135206698075,-73.74135206698075
444.0200124454498,-73.74276655668379,-73.74276655668379
444.0300124454498,-73.7441725881817,-73.7441725881817
444.0400124454498,-73.74557036609627,-73.74557036609627
444.05001244544985,-73.74696011625615,-73.74696011625615
444.06001244544984,-73.74834207408063,-73.74834207408063
444.07001244544983,-73.74971647772243,-73.74971647772243
444.0800124454498,-73.75108356415123,-73.75108356415123
444.0900124454498,-73.75244356699642,-73.75244356699642
444.1000124454498,-73.75379671549389,-73.75379671549389
444.11001244544985,-73.75514323401569,-73.75514323401569
444.12001244544985,-73.75648334205391,-73.75648334205391
444.13001244544984,-73.75781725434076,-73.75781725434076
444.1400124454498,-73.75914518108615,-73.75914518108615
444.1500124454498,-73.76046732830326,-73.76046732830326
444.1600124454498,-73.76178389809056,-73.76178389809056
444.17001244544986,-73.76309508891639,-73.76309508891639
444.18001244544985,-73.7644010959046,-73.7644010959046
444.19001244544984,-73.7657021110603,-73.7657021110603
444.20001244544983,-73.76699832349033,-73.76699832349033
444.2100124454498,-73.76828348700977,-73.76828348700977
444.2200124454498,-73.76955496857613,-73.76955496857613
444.2300124454498,-73.7708115781052,-73.7708115781052
444.24001244544985,-73.77205279225838,-73.77205279225838
444.25001244544984,-73.77327845832252,-73.77327845832252
444.26001244544983,-73.77448864041932,-73.77448864041932
444.2700124454498,-73.77568352941037,-73.77568352941037
444.2800124454498,-73.77686338878964,-73.77686338878964
444.2900124454498,-73.7780285220922,-73.7780285220922
444.30001244544985,-73.77917925345355,-73.77917925345355
444.31001244544984,-73.78031591591237,-73.78031591591237
444.32001244544983,-73.78143884460926,-73.78143884460926
444.3300124454498,-73.78254837287346,-73.78254837287346
444.3400124454498,-73.78364483006587,-73.78364483006587
444.3500124454498,-73.78472854051697,-73.78472854051697
444.36001244544985,-73.78579982308592,-73.78579982308592
444.37001244544985,-73.78685899109726,-73.78685899109726
444.38001244544984,-73.78790635247287,-73.78790635247287
444.3900124454498,-73.78894221000378,-73.78894221000378
444.4000124454498,-73.78996686159226,-73.78996686159226
444.4100124454498,-73.79098060058521,-73.79098060058521
444.42001244544986,-73.79198371603249,-73.79198371603249
444.43001244544985,-73.79297649295681,-73.79297649295681
444.44001244544984,-73.79395921257799,-73.79395921257799
444.45001244544983,-73.79493215251783,-73.79493215251783
444.4600124454498,-73.79588915297376,-73.79588915297376
444.4700124454498,-73.79682766807323,-73.79682766807323
444.4800124454498,-73.79774659472464,-73.79774659472464
444.49001244544985,-73.79864549609137,-73.79864549609137
444.50001244544984,-73.79952430534414,-73.79952430534414
444.51001244544983,-73.80038317180482,-73.80038317180482
444.5200124454498,-73.80122237082746,-73.80122237082746
444.5300124454498,-73.80204224962667,-73.80204224962667
444.5400124454498,-73.80284319470755,-73.80284319470755
444.5500124692917,-73.80362561422683,-73.80362561422683
444.5600124692917,-73.80438991880513,-73.80438991880513
444.57001246929167,-73.80513652608778,-73.80513652608778
444.58001246929166,-73.80586584914987,-73.80586584914987
444.5900124692917,-73.80657829629207,-73.80657829629207
444.6000124692917,-73.80727426995584,-73.80727426995584
444.6100124692917,-73.80795416629125,-73.80795416629125
444.6200124692917,-73.80861837509237,-73.80861837509237
444.63001246929167,-73.80926727992527,-73.80926727992527
444.64001246929166,-73.80990125838723,-73.80990125838723
444.6500124692917,-73.8105206823725,-73.8105206823725
444.6600124692917,-73.81112591836957,-73.81112591836957
444.6700124692917,-73.81171732776144,-73.81171732776144
444.6800124692917,-73.81229526705754,-73.81229526705754
444.6900124692917,-73.81286008814735,-73.81286008814735
444.70001246929166,-73.81341213849782,-73.81341213849782
444.7100124692917,-73.81394532704597,-73.81394532704597
444.7200124692917,-73.81445717694045,-73.81445717694045
444.7300124692917,-73.81494665363397,-73.81494665363397
444.7400124692917,-73.81541338815231,-73.81541338815231
444.7500124692917,-73.81585738078694,-73.81585738078694
444.76001246929167,-73.81627884718898,-73.81627884718898
444.7700124692917,-73.8166781282015,-73.8166781282015
444.7800124692917,-73.81705563572346,-73.81705563572346
444.7900124692917,-73.81741182008821,-73.81741182008821
444.8000124692917,-73.81774715057817,-73.81774715057817
444.8100124692917,-73.81806210374263,-73.81806210374263
444.82001246929167,-73.81835715660159,-73.81835715660159
444.83001246929166,-73.81863278270777,-73.81863278270777
444.8400124692917,-73.81888944998344,-73.81888944998344
444.8500124692917,-73.81912761970543,-73.81912761970543
444.8600124692917,-73.81934774601903,-73.81934774601903
444.8700124692917,-73.81955027590747,-73.81955027590747
444.88001246929167,-73.81973564933352,-73.81973564933352
444.89001246929166,-73.81990429947459,-73.81990429947459
444.9000124692917,-73.82005665303608,-73.82005665303608
444.9100124692917,-73.82019313055174,-73.82019313055174
444.9200124692917,-73.82031414664232,-73.82031414664232
444.9300124692917,-73.82042011031253,-73.82042011031253
444.9400124692917,-73.82051142519364,-73.82051142519364
444.95001246929166,-73.82058848973055,-73.82058848973055
444.9600124692917,-73.82065169736968,-73.82065169736968
444.9700124692917,-73.82070143673052,-73.82070143673052
444.9800124692917,-73.82073809174533,-73.82073809174533
444.9900124692917,-73.82076204174832,-73.82076204174832
445.0000124692917,-73.82077366159795,-73.82077366159795
445.01001246929167,-73.82077332175326,-73.82077332175326
445.0200124692917,-73.82076138833919,-73.82076138833919
445.0300124692917,-73.82073822321796,-73.82073822321796
445.0400124692917,-73.82070418401959,-73.82070418401959
445.0500124692917,-73.82065962421264,-73.82065962421264
445.0600124692917,-73.8206048931288,-73.8206048931288
445.07001246929167,-73.82054033598446,-73.82054033598446
445.08001246929166,-73.82046629393831,-73.82046629393831
445.0900124692917,-73.82038310408039,-73.82038310408039
445.1000124692917,-73.82029109948155,-73.82029109948155
445.1100124692917,-73.82019060920415,-73.82019060920415
445.1200124692917,-73.82008195832691,-73.82008195832691
445.13001246929167,-73.81996546795365,-73.81996546795365
445.14001246929166,-73.81984145523667,-73.81984145523667
445.1500124692917,-73.81971023338905,-73.81971023338905
445.1600124692917,-73.81957211170592,-73.81957211170592
445.1700124692917,-73.81942739559746,-73.81942739559746
445.1800124692917,-73.8192763865586,-73.8192763865586
445.1900124692917,-73.8191193822421,-73.8191193822421
445.20001246929166,-73.8189566764346,-73.8189566764346
445.2100124692917,-73.81878855909673,-73.81878855909673
445.2200124692917,-73.81861531638098,-73.81861531638098
445.2300124692917,-73.81843723063692,-73.81843723063692
445.2400124692917,-73.81825458043463,-73.81825458043463
445.2500124692917,-73.81806764059502,-73.81806764059502
445.26001246929167,-73.81787668220815,-73.81787668220815
445.2700124692917,-73.81768197264836,-73.81768197264836
445.2800124692917,-73.8174837755939,-73.8174837755939
445.2900124692917,-73.81728235106135,-73.81728235106135
445.3000124692917,-73.81707795543029,-73.81707795543029
445.3100124692917,-73.8168708414468,-73.8168708414468
445.32001246929167,-73.81666125826384,-73.81666125826384
445.33001246929166,-73.8164494514825,-73.8164494514825
445.3400124692917,-73.81623566313304,-73.81623566313304
445.3500124692917,-73.81602013175304,-73.81602013175304
445.3600124692917,-73.81580309236563,-73.81580309236563
445.3700124692917,-73.81558477654666,-73.81558477654666
445.38001246929167,-73.81536541242825,-73.81536541242825
445.39001246929166,-73.815145224743,-73.815145224743
445.40001249313354,-73.81492443431762,-73.81492443431762
445.41001249313354,-73.81470326019287,-73.81470326019287
445.4200124931335,-73.81448191653362,-73.81448191653362
445.4300124931335,-73.81426061472325,-73.81426061472325
445.44001249313357,-73.81403956288996,-73.81403956288996
445.45001249313356,-73.81381896592367,-73.81381896592367
445.46001249313355,-73.81359902553038,-73.81359902553038
445.47001249313354,-73.8133799402399,-73.8133799402399
445.48001249313353,-73.81316190542832,-73.81316190542832
445.4900124931335,-73.81294511338302,-73.81294511338302
445.50001249313357,-73.81272975331184,-73.81272975331184
445.51001249313356,-73.81251601136373,-73.81251601136373
445.52001249313355,-73.81230407069701,-73.81230407069701
445.53001249313354,-73.81209411146943,-73.81209411146943
445.54001249313353,-73.81188631088713,-73.81188631088713
445.5500124931335,-73.8116808432552,-73.8116808432552
445.56001249313357,-73.81147787997708,-73.81147787997708
445.57001249313356,-73.81127758959794,-73.81127758959794
445.58001249313355,-73.81108013784655,-73.81108013784655
445.59001249313354,-73.81088568766243,-73.81088568766243
445.60001249313353,-73.8106943992126,-73.8106943992126
445.6100124931335,-73.81050642994332,-73.81050642994332
445.6200124931336,-73.81032193460139,-73.81032193460139
445.63001249313356,-73.8101410652672,-73.8101410652672
445.64001249313355,-73.80996397137858,-73.80996397137858
445.65001249313354,-73.80979079978012,-73.80979079978012
445.66001249313354,-73.80962169473773,-73.80962169473773
445.6700124931335,-73.80945679797412,-73.80945679797412
445.6800124931335,-73.80929624870694,-73.80929624870694
445.69001249313357,-73.80914018366406,-73.80914018366406
445.70001249313356,-73.80898873712013,-73.80898873712013
445.71001249313355,-73.80883560939107,-73.80883560939107
445.72001249313354,-73.80867811713546,-73.80867811713546
445.73001249313353,-73.80851502092689,-73.80851502092689
445.7400124931335,-73.80834574838396,-73.80834574838396
445.75001249313357,-73.80817009772841,-73.80817009772841
445.76001249313356,-73.80798808383081,-73.80798808383081
445.77001249313355,-73.8077998479467,-73.8077998479467
445.78001249313354,-73.8076056035114,-73.8076056035114
445.79001249313353,-73.80740560352616,-73.80740560352616
445.8000124931335,-73.80720012100964,-73.80720012100964
445.81001249313357,-73.8069894373678,-73.8069894373678
445.82001249313356,-73.80677383556544,-73.80677383556544
445.83001249313355,-73.80655359621144,-73.80655359621144
445.84001249313354,-73.80632899546029,-73.80632899546029
445.85001249313353,-73.80610030395628,-73.80610030395628
445.8600124931335,-73.80586778643115,-73.80586778643115
445.8700124931336,-73.80563170168001,-73.80563170168001
445.88001249313356,-73.80539230271614,-73.80539230271614
445.89001249313355,-73.80514983708635,-73.80514983708635
445.90001249313354,-73.80490454715688,-73.80490454715688
445.91001249313354,-73.80465667045708,-73.80465667045708
445.9200124931335,-73.80440643999587,-73.80440643999587
445.9300124931335,-73.8041540845492,-73.8041540845492
445.94001249313357,-73.803899828928,-73.803899828928
445.95001249313356,-73.80364389421189,-73.80364389421189
445.96001249313355,-73.80338649794534,-73.80338649794534
445.97001249313354,-73.80312785432548,-73.80312785432548
445.98001249313353,-73.80286817435166,-73.80286817435166
445.9900124931335,-73.80260766595877,-73.80260766595877
446.00001249313357,-73.80234653414115,-73.80234653414115
446.01001249313356,-73.80208498103089,-73.80208498103089
446.02001249313355,-73.80182320598743,-73.80182320598743
446.03001249313354,-73.80156140568783,-73.80156140568783
446.04001249313353,-73.80129977417178,-73.80129977417178
446.0500124931335,-73.80103850289154,-73.80103850289154
446.06001249313357,-73.8007777807642,-73.8007777807642
446.07001249313356,-73.80051779422014,-73.80051779422014
446.08001249313355,-73.80025872721778,-73.80025872721778
446.09001249313354,-73.80000076128358,-73.80000076128358
446.10001249313353,-73.79974407554494,-73.79974407554494
446.1100124931335,-73.79948884674391,-73.79948884674391
446.1200124931336,-73.79923524926193,-73.79923524926193
446.13001249313356,-73.79898345512827,-73.79898345512827
446.14001249313355,-73.79873363405801,-73.79873363405801
446.15001249313354,-73.79848595345241,-73.79848595345241
446.16001249313354,-73.79824057841937,-73.79824057841937
446.1700124931335,-73.79799767178395,-73.79799767178395
446.1800124931335,-73.79775739411302,-73.79775739411302
446.19001249313357,-73.79751990369253,-73.79751990369253
446.20001249313356,-73.79728535659746,-73.79728535659746
446.21001249313355,-73.79704747646089,-73.79704747646089
446.22001249313354,-73.79680360312729,-73.79680360312729
446.23001249313353,-73.79655252031799,-73.79655252031799
446.2400124931335,-73.79629367886747,-73.79629367886747
446.2500125169754,-73.79602689963569,-73.79602689963569
446.2600125169754,-73.79575222208231,-73.79575222208231
446.2700125169754,-73.79546981025042,-73.79546981025042
446.2800125169754,-73.79517990102428,-73.79517990102428
446.2900125169754,-73.7948827708417,-73.7948827708417
446.3000125169754,-73.79457871620916,-73.79457871620916
446.3100125169754,-73.7942680419952,-73.7942680419952
446.3200125169754,-73.79395105460064,-73.79395105460064
446.3300125169754,-73.79362805806325,-73.79362805806325
446.3400125169754,-73.79329935190722,-73.79329935190722
446.3500125169754,-73.79296523011436,-73.79296523011436
446.3600125169754,-73.79262598068544,-73.79262598068544
446.3700125169754,-73.79228188560627,-73.79228188560627
446.3800125169754,-73.7919332210245,-73.7919332210245
446.3900125169754,-73.79158025751484,-73.79158025751484
446.4000125169754,-73.79122326038133,-73.79122326038133
446.4100125169754,-73.79086248999127,-73.79086248999127
446.4200125169754,-73.79049820208184,-73.79049820208184
446.4300125169754,-73.79013064803418,-73.79013064803418
446.4400125169754,-73.78976007514451,-73.78976007514451
446.4500125169754,-73.78938672683847,-73.78938672683847
446.4600125169754,-73.78901084287763,-73.78901084287763
446.47001251697543,-73.7886326595216,-73.7886326595216
446.4800125169754,-73.78825240968892,-73.78825240968892
446.4900125169754,-73.78787032307152,-73.78787032307152
446.5000125169754,-73.78748662627125,-73.78748662627125
446.5100125169754,-73.7871015428485,-73.7871015428485
446.5200125169754,-73.78671529344226,-73.78671529344226
446.5300125169754,-73.7863280958128,-73.7863280958128
446.5400125169754,-73.7859401649148,-73.7859401649148
446.5500125169754,-73.7855517129331,-73.7855517129331
446.5600125169754,-73.78516294934218,-73.78516294934218
446.5700125169754,-73.78477408092424,-73.78477408092424
446.5800125169754,-73.7843853118071,-73.7843853118071
446.5900125169754,-73.78399684350259,-73.78399684350259
446.6000125169754,-73.78360887490882,-73.78360887490882
446.6100125169754,-73.78322160234616,-73.78322160234616
446.6200125169754,-73.78283521958241,-73.78283521958241
446.6300125169754,-73.78244991783086,-73.78244991783086
446.6400125169754,-73.7820658857821,-73.7820658857821
446.6500125169754,-73.78168330959953,-73.78168330959953
446.6600125169754,-73.78130237295694,-73.78130237295694
446.6700125169754,-73.7809232570412,-73.7809232570412
446.6800125169754,-73.78054614056063,-73.78054614056063
446.6900125169754,-73.78017119976136,-73.78017119976136
446.7000125169754,-73.77979860843712,-73.77979860843712
446.7100125169754,-73.7794285379344,-73.7794285379344
446.72001251697543,-73.77906115719246,-73.77906115719246
446.7300125169754,-73.77869663273052,-73.77869663273052
446.7400125169754,-73.77833512866594,-73.77833512866594
446.7500125169754,-73.777976806714,-73.777976806714
446.7600125169754,-73.77762182623698,-73.77762182623698
446.7700125169754,-73.77727034421729,-73.77727034421729
446.7800125169754,-73.77692251529244,-73.77692251529244
446.7900125169754,-73.77657849178438,-73.77657849178438
446.8000125169754,-73.7762384236694,-73.7762384236694
446.8100125169754,-73.77590245863688,-73.77590245863688
446.8200125169754,-73.77557074207603,-73.77557074207603
446.8300125169754,-73.77524341710607,-73.77524341710607
446.8400125169754,-73.77492062458711,-73.77492062458711
446.8500125169754,-73.77460250313393,-73.77460250313393
446.8600125169754,-73.77428918913603,-73.77428918913603
446.8700125169754,-73.77398081677296,-73.77398081677296
446.8800125169754,-73.77367751803308,-73.77367751803308
446.8900125169754,-73.77337942273054,-73.77337942273054
446.9000125169754,-73.77308665851997,-73.77308665851997
446.9100125169754,-73.77279935091413,-73.77279935091413
446.9200125169754,-73.77251762330003,-73.77251762330003
446.9300125169754,-73.77224159696708,-73.77224159696708
446.9400125169754,-73.77197139112262,-73.77197139112262
446.9500125169754,-73.77170712289463,-73.77170712289463
446.9600125169754,-73.7714489073786,-73.7714489073786
446.97001251697543,-73.77119685762528,-73.77119685762528
446.9800125169754,-73.77095108469122,-73.77095108469122
446.9900125169754,-73.77071169762438,-73.77071169762438
447.0000125169754,-73.77047880351816,-73.77047880351816
447.0100125169754,-73.77025250750779,-73.77025250750779
447.0200125169754,-73.77003291279064,-73.77003291279064
447.0300125169754,-73.7698201206589,-73.7698201206589
447.0400125169754,-73.76961423051574,-73.76961423051574
447.0500125169754,-73.76941533988366,-73.76941533988366
447.0600125169754,-73.76922354443747,-73.76922354443747
447.0700125169754,-73.76903893800325,-73.76903893800325
447.0800125169754,-73.7688616126164,-73.7688616126164
447.0900125169754,-73.76869165851727,-73.76869165851727
447.10001254081726,-73.76852916376387,-73.76852916376387
447.11001254081725,-73.76837421586765,-73.76837421586765
447.12001254081724,-73.76822689938297,-73.76822689938297
447.13001254081723,-73.76808729756674,-73.76808729756674
447.1400125408173,-73.76795549199146,-73.76795549199146
447.1500125408173,-73.7678315625419,-73.7678315625419
447.16001254081726,-73.76771558745416,-73.76771558745416
447.17001254081725,-73.76760764333362,-73.76760764333362
447.18001254081724,-73.76750780515538,-73.76750780515538
447.19001254081724,-73.76741614631801,-73.76741614631801
447.2000125408173,-73.767332738631,-73.767332738631
447.2100125408173,-73.76725765235238,-73.76725765235238
447.22001254081727,-73.76719095619883,-73.76719095619883
447.23001254081726,-73.76713271737097,-73.76713271737097
447.24001254081725,-73.76708300156834,-73.76708300156834
447.25001254081724,-73.76704187301226,-73.76704187301226
447.2600125408173,-73.76700939445297,-73.76700939445297
447.2700125408173,-73.76698562720568,-73.76698562720568
447.28001254081727,-73.76697063116818,-73.76697063116818
447.29001254081726,-73.76696446482002,-73.76696446482002
447.30001254081725,-73.7669671852556,-73.7669671852556
447.31001254081724,-73.76697884819463,-73.76697884819463
447.3200125408173,-73.76699950801768,-73.76699950801768
447.3300125408173,-73.76702921775806,-73.76702921775806
447.34001254081727,-73.76706802914386,-73.76706802914386
447.35001254081726,-73.76711599259279,-73.76711599259279
447.36001254081725,-73.76717315725101,-73.76717315725101
447.37001254081724,-73.76723957099726,-73.76723957099726
447.38001254081723,-73.7673152804695,-73.7673152804695
447.3900125408173,-73.76740033107052,-73.76740033107052
447.4000125408173,-73.7674947669792,-73.7674947669792
447.41001254081726,-73.76759863120056,-73.76759863120056
447.42001254081725,-73.76771196553939,-73.76771196553939
447.43001254081724,-73.76783481064801,-73.76783481064801
447.44001254081724,-73.7679672060315,-73.7679672060315
447.4500125408173,-73.76810919005106,-73.76810919005106
447.4600125408173,-73.7682543711189,-73.7682543711189
447.47001254081727,-73.76839997374657,-73.76839997374657
447.48001254081726,-73.76854466697134,-73.76854466697134
447.49001254081725,-73.76868778784674,-73.76868778784674
447.50001254081724,-73.76882904509941,-73.76882904509941
447.5100125408173,-73.76896836521345,-73.76896836521345
447.5200125408173,-73.76910580219996,-73.76910580219996
447.53001254081727,-73.76924148337201,-73.76924148337201
447.54001254081726,-73.7693755767421,-73.7693755767421
447.55001254081725,-73.76950827145498,-73.76950827145498
447.56001254081724,-73.76963976615748,-73.76963976615748
447.5700125408173,-73.76977026214576,-73.76977026214576
447.5800125408173,-73.76989995947069,-73.76989995947069
447.59001254081727,-73.77002905479388,-73.77002905479388
447.60001254081726,-73.77015774034986,-73.77015774034986
447.61001254081725,-73.77028620352539,-73.77028620352539
447.62001254081724,-73.77041462681471,-73.77041462681471
447.63001254081723,-73.77054318799227,-73.77054318799227
447.6400125408173,-73.77067206038801,-73.77067206038801
447.6500125408173,-73.77080141317657,-73.77080141317657
447.66001254081726,-73.77093141171744,-73.77093141171744
447.67001254081725,-73.77106221783724,-73.77106221783724
447.68001254081724,-73.77119399015555,-73.77119399015555
447.69001254081724,-73.77132688427903,-73.77132688427903
447.7000125408173,-73.77146105307386,-73.77146105307386
447.7100125408173,-73.7715966468239,-73.7715966468239
447.72001254081727,-73.77173381341929,-73.77173381341929
447.73001254081726,-73.77187269848942,-73.77187269848942
447.74001254081725,-73.77201344553801,-73.77201344553801
447.75001254081724,-73.77215619603206,-73.77215619603206
447.7600125408173,-73.77230108950224,-73.77230108950224
447.7700125408173,-73.77244826359933,-73.77244826359933
447.78001254081727,-73.77259785416857,-73.77259785416857
447.79001254081726,-73.7727499953007,-73.7727499953007
447.80001254081725,-73.77290481935941,-73.77290481935941
447.81001254081724,-73.77306245704442,-73.77306245704442
447.8200125408173,-73.77322303739206,-73.77322303739206
447.8300125408173,-73.77338668781358,-73.77338668781358
447.84001254081727,-73.77355353411282,-73.77355353411282
447.85001254081726,-73.77372370049811,-73.77372370049811
447.86001254081725,-73.77389730959477,-73.77389730959477
447.87001254081724,-73.77407448246542,-73.77407448246542
447.88001254081723,-73.77425533860901,-73.77425533860901
447.8900125408173,-73.77443999597278,-73.77443999597278
447.9000125408173,-73.7746285709538,-73.7746285709538
447.91001254081726,-73.77482117840917,-73.77482117840917
447.92001254081725,-73.77501793166101,-73.77501793166101
447.93001254081724,-73.77521894248788,-73.77521894248788
447.94001254081724,-73.77542432114487,-73.77542432114487
447.9500125646591,-73.7756341768567,-73.7756341768567
447.9600125646591,-73.77584861583708,-73.77584861583708
447.9700125646591,-73.7760677442578,-73.7760677442578
447.9800125646591,-73.776291666275,-73.776291666275
447.99001256465914,-73.77652048452595,-73.77652048452595
448.00001256465913,-73.77675430016257,-73.77675430016257
448.0100125646591,-73.7769932128116,-73.7769932128116
448.0200125646591,-73.77723732059535,-73.77723732059535
448.0300125646591,-73.77748672014084,-73.77748672014084
448.0400125646591,-73.77774150657514,-73.77774150657514
448.05001256465914,-73.77800177355239,-73.77800177355239
448.06001256465913,-73.77826761322795,-73.77826761322795
448.0700125646591,-73.7785391162837,-73.7785391162837
448.0800125646591,-73.77881637193197,-73.77881637193197
448.0900125646591,-73.77909946792686,-73.77909946792686
448.1000125646591,-73.77938849055806,-73.77938849055806
448.11001256465914,-73.77968352465865,-73.77968352465865
448.12001256465913,-73.77998465362496,-73.77998465362496
448.1300125646591,-73.7802919594205,-73.7802919594205
448.1400125646591,-73.78060552257537,-73.78060552257537
448.1500125646591,-73.78092542221009,-73.78092542221009
448.1600125646591,-73.78125173603105,-73.78125173603105
448.17001256465915,-73.78158454033978,-73.78158454033978
448.18001256465914,-73.78192391005445,-73.78192391005445
448.1900125646591,-73.7822699187098,-73.7822699187098
448.2000125646591,-73.78262263845974,-73.78262263845974
448.2100125646591,-73.7829821401159,-73.7829821401159
448.2200125646591,-73.78334849312165,-73.78334849312165
448.2300125646591,-73.78372176559046,-73.78372176559046
448.24001256465914,-73.7841020243013,-73.7841020243013
448.25001256465913,-73.78448933471182,-73.78448933471182
448.2600125646591,-73.78488376097252,-73.78488376097252
448.2700125646591,-73.78528536595117,-73.78528536595117
448.2800125646591,-73.78569421122106,-73.78569421122106
448.2900125646591,-73.78611035707574,-73.78611035707574
448.30001256465914,-73.78653386255512,-73.78653386255512
448.31001256465913,-73.78696478545545,-73.78696478545545
448.3200125646591,-73.78740318232404,-73.78740318232404
448.3300125646591,-73.78784910849072,-73.78784910849072
448.3400125646591,-73.7883026180649,-73.7883026180649
448.3500125646591,-73.78876376396236,-73.78876376396236
448.36001256465914,-73.78923259790766,-73.78923259790766
448.37001256465913,-73.78970917045265,-73.78970917045265
448.3800125646591,-73.79019353096888,-73.79019353096888
448.3900125646591,-73.79068572769852,-73.79068572769852
448.4000125646591,-73.79118580773279,-73.79118580773279
448.4100125646591,-73.79169381703245,-73.79169381703245
448.42001256465915,-73.79220980045612,-73.79220980045612
448.43001256465914,-73.79273380175142,-73.79273380175142
448.4400125646591,-73.79326586357465,-73.79326586357465
448.4500125646591,-73.7938060275162,-73.7938060275162
448.4600125646591,-73.7943479015553,-73.7943479015553
448.4700125646591,-73.79488871096912,-73.79488871096912
448.4800125646591,-73.795427126132,-73.795427126132
448.49001256465914,-73.7959624857032,-73.7959624857032
448.50001256465913,-73.7964945002225,-73.7964945002225
448.5100125646591,-73.79702309814984,-73.79702309814984
448.5200125646591,-73.79754833560862,-73.79754833560862
448.5300125646591,-73.79807034214728,-73.79807034214728
448.5400125646591,-73.7985892881348,-73.7985892881348
448.55001256465914,-73.7991053651989,-73.7991053651989
448.56001256465913,-73.79961877456105,-73.79961877456105
448.5700125646591,-73.80012972020938,-73.80012972020938
448.5800125646591,-73.80063840497121,-73.80063840497121
448.5900125646591,-73.80114502839197,-73.80114502839197
448.6000125646591,-73.80164978567458,-73.80164978567458
448.61001256465914,-73.80215286722883,-73.80215286722883
448.62001256465913,-73.8026544586741,-73.8026544586741
448.6300125646591,-73.80315474096898,-73.80315474096898
448.6400125646591,-73.8036538906767,-73.8036538906767
448.6500125646591,-73.80415208028006,-73.80415208028006
448.6600125646591,-73.80464947849647,-73.80464947849647
448.67001256465915,-73.80514625057226,-73.80514625057226
448.68001256465914,-73.80564255855732,-73.80564255855732
448.6900125646591,-73.80613856156332,-73.80613856156332
448.7000125646591,-73.80663441599009,-73.80663441599009
448.7100125646591,-73.8071302756839,-73.8071302756839
448.7200125646591,-73.80762629214217,-73.80762629214217
448.7300125646591,-73.80812261462555,-73.80812261462555
448.74001256465914,-73.8086193902893,-73.8086193902893
448.75001256465913,-73.80911676428842,-73.80911676428842
448.7600125646591,-73.80961487985286,-73.80961487985286
448.7700125646591,-73.81011387836517,-73.81011387836517
448.7800125646591,-73.81061389942226,-73.81061389942226
448.7900125646591,-73.81111508086963,-73.81111508086963
448.800012588501,-73.81161756005267,-73.81161756005267
448.81001258850097,-73.81212146906553,-73.81212146906553
448.82001258850096,-73.81262694194251,-73.81262694194251
448.83001258850095,-73.81313410989992,-73.81313410989992
448.840012588501,-73.8136431025823,-73.8136431025823
448.850012588501,-73.81415404801216,-73.81415404801216
448.860012588501,-73.81466707266668,-73.81466707266668
448.87001258850097,-73.81518230145274,-73.81518230145274
448.88001258850096,-73.81569985771692,-73.81569985771692
448.89001258850095,-73.81621986326041,-73.81621986326041
448.900012588501,-73.81674243833537,-73.81674243833537
448.910012588501,-73.81726770165905,-73.81726770165905
448.920012588501,-73.81779577041127,-73.81779577041127
448.930012588501,-73.8183267602358,-73.8183267602358
448.94001258850096,-73.81886078525076,-73.81886078525076
448.95001258850095,-73.819397958039,-73.819397958039
448.960012588501,-73.81993838966551,-73.81993838966551
448.970012588501,-73.82048218966317,-73.82048218966317
448.980012588501,-73.82102946604708,-73.82102946604708
448.990012588501,-73.82158032532286,-73.82158032532286
449.00001258850097,-73.82213487246935,-73.82213487246935
449.01001258850096,-73.8226932109605,-73.8226932109605
449.020012588501,-73.82325544277079,-73.82325544277079
449.030012588501,-73.8238216683504,-73.8238216683504
449.040012588501,-73.82439198667632,-73.82439198667632
449.050012588501,-73.82496649520648,-73.82496649520648
449.06001258850097,-73.8255452899202,-73.8255452899202
449.07001258850096,-73.826128465312,-73.826128465312
449.08001258850095,-73.8267161144083,-73.8267161144083
449.090012588501,-73.82730832875093,-73.82730832875093
449.100012588501,-73.82790519842031,-73.82790519842031
449.110012588501,-73.82850681204063,-73.82850681204063
449.12001258850097,-73.8291132567813,-73.8291132567813
449.13001258850096,-73.82972461837785,-73.82972461837785
449.14001258850095,-73.83034098112445,-73.83034098112445
449.150012588501,-73.83096242788777,-73.83096242788777
449.160012588501,-73.831589040121,-73.831589040121
449.170012588501,-73.83222089785656,-73.83222089785656
449.180012588501,-73.83285807974188,-73.83285807974188
449.19001258850096,-73.83350066302772,-73.83350066302772
449.20001258850095,-73.834148723584,-73.834148723584
449.210012588501,-73.83480233591139,-73.83480233591139
449.220012588501,-73.83546157314107,-73.83546157314107
449.230012588501,-73.83612650707727,-73.83612650707727
449.240012588501,-73.83679720816143,-73.83679720816143
449.25001258850097,-73.83747374551852,-73.83747374551852
449.26001258850096,-73.83815618695051,-73.83815618695051
449.270012588501,-73.8388445989648,-73.8388445989648
449.280012588501,-73.8395390467651,-73.8395390467651
449.290012588501,-73.84023959427395,-73.84023959427395
449.300012588501,-73.84094630414631,-73.84094630414631
449.31001258850097,-73.84165923776507,-73.84165923776507
449.32001258850096,-73.84237845528484,-73.84237845528484
449.33001258850095,-73.84310401561493,-73.84310401561493
449.340012588501,-73.84383597643503,-73.84383597643503
449.350012588501,-73.84457439422503,-73.84457439422503
449.360012588501,-73.84531932426209,-73.84531932426209
449.37001258850097,-73.84607082063182,-73.84607082063182
449.38001258850096,-73.84682893625714,-73.84682893625714
449.39001258850095,-73.84759372288882,-73.84759372288882
449.400012588501,-73.84836523113121,-73.84836523113121
449.410012588501,-73.84914351044755,-73.84914351044755
449.420012588501,-73.84992860919249,-73.84992860919249
449.430012588501,-73.85072057459739,-73.85072057459739
449.44001258850096,-73.85151945278672,-73.85151945278672
449.45001258850095,-73.85232528881038,-73.85232528881038
449.460012588501,-73.85313812664694,-73.85313812664694
449.470012588501,-73.85395800919845,-73.85395800919845
449.480012588501,-73.85478497833138,-73.85478497833138
449.490012588501,-73.85561907486878,-73.85561907486878
449.50001258850097,-73.85646033861235,-73.85646033861235
449.51001258850096,-73.85730880835415,-73.85730880835415
449.520012588501,-73.85816452186934,-73.85816452186934
449.530012588501,-73.85902751596991,-73.85902751596991
449.540012588501,-73.859897826481,-73.859897826481
449.550012588501,-73.86077548827478,-73.86077548827478
449.56001258850097,-73.86166053525339,-73.86166053525339
449.57001258850096,-73.8625530003931,-73.8625530003931
449.58001258850095,-73.86345291574254,-73.86345291574254
449.590012588501,-73.86436031243353,-73.86436031243353
449.600012588501,-73.8652752207061,-73.8652752207061
449.610012588501,-73.86619766988227,-73.86619766988227
449.62001258850097,-73.86712768843168,-73.86712768843168
449.63001258850096,-73.86806530395185,-73.86806530395185
449.64001258850095,-73.86901054316569,-73.86901054316569
449.65001261234283,-73.86996343423935,-73.86996343423935
449.6600126123428,-73.87092399772203,-73.87092399772203
449.6700126123428,-73.8718922600851,-73.8718922600851
449.6800126123428,-73.87286824476017,-73.87286824476017
449.69001261234285,-73.87385197436713,-73.87385197436713
449.70001261234285,-73.87484347074474,-73.87484347074474
449.71001261234284,-73.87584275495261,-73.87584275495261
449.7200126123428,-73.87684984728222,-73.87684984728222
449.7300126123428,-73.87786476727261,-73.87786476727261
449.7400126123428,-73.87888753370734,-73.87888753370734
449.75001261234286,-73.87991816464732,-73.87991816464732
449.76001261234285,-73.88095667742787,-73.88095667742787
449.77001261234284,-73.88200308866027,-73.88200308866027
449.78001261234283,-73.88305741425907,-73.88305741425907
449.7900126123428,-73.88411966944271,-73.88411966944271
449.8000126123428,-73.88518986874185,-73.88518986874185
449.81001261234286,-73.88626802602205,-73.88626802602205
449.82001261234285,-73.88735415448186,-73.88735415448186
449.83001261234284,-73.88844826665766,-73.88844826665766
449.84001261234283,-73.88955037444521,-73.88955037444521
449.8500126123428,-73.89066048911485,-73.89066048911485
449.8600126123428,-73.89177862130286,-73.89177862130286
449.87001261234286,-73.89290478102141,-73.89290478102141
449.88001261234285,-73.89403897768187,-73.89403897768187
449.89001261234284,-73.89518122011512,-73.89518122011512
449.90001261234283,-73.89633151652797,-73.89633151652797
449.9100126123428,-73.89748987457594,-73.89748987457594
449.9200126123428,-73.89865630132795,-73.89865630132795
449.9300126123428,-73.89983080329637,-73.89983080329637
449.94001261234285,-73.90101338643463,-73.90101338643463
449.95001261234285,-73.90220405616135,-73.90220405616135
449.96001261234284,-73.90340281734157,-73.90340281734157
449.9700126123428,-73.90460967432452,-73.90460967432452
449.9800126123428,-73.9058246309305,-73.9058246309305
449.9900126123428,-73.9070476904677,-73.9070476904677
450.00001261234286,-73.90827885574515,-73.90827885574515
450.01001261234285,-73.90951812907203,-73.90951812907203
450.02001261234284,-73.91076551226075,-73.91076551226075
450.03001261234283,-73.91202100666439,-73.91202100666439
450.0400126123428,-73.91328461313509,-73.91328461313509
450.0500126123428,-73.91455633207146,-73.91455633207146
450.06001261234286,-73.91583616342028,-73.91583616342028
450.07001261234285,-73.91712410666568,-73.91712410666568
450.08001261234284,-73.91842016084932,-73.91842016084932
450.09001261234283,-73.91972432458003,-73.91972432458003
450.1000126123428,-73.92103659602843,-73.92103659602843
450.1100126123428,-73.92235697295197,-73.92235697295197
450.12001261234286,-73.92368545269285,-73.92368545269285
450.13001261234285,-73.92502203216614,-73.92502203216614
450.14001261234284,-73.92636670790236,-73.92636670790236
450.15001261234283,-73.92771947603002,-73.92771947603002
450.1600126123428,-73.92908033229152,-73.92908033229152
450.1700126123428,-73.93044927203266,-73.93044927203266
450.1800126123428,-73.93182629023732,-73.93182629023732
450.19001261234285,-73.933211381503,-73.933211381503
450.20001261234285,-73.93460454008608,-73.93460454008608
450.21001261234284,-73.93600575987112,-73.93600575987112
450.2200126123428,-73.93741503437678,-73.93741503437678
450.2300126123428,-73.93883235679351,-73.93883235679351
450.2400126123428,-73.94025771996355,-73.94025771996355
450.25001261234286,-73.94169111640812,-73.94169111640812
450.26001261234285,-73.94313253830008,-73.94313253830008
450.27001261234284,-73.94458197749401,-73.94458197749401
450.28001261234283,-73.94603942552686,-73.94603942552686
450.2900126123428,-73.94750487363126,-73.94750487363126
450.3000126123428,-73.94897831272219,-73.94897831272219
450.31001261234286,-73.95045973341755,-73.95045973341755
450.32001261234285,-73.95194912604163,-73.95194912604163
450.33001261234284,-73.95344648062154,-73.95344648062154
450.34001261234283,-73.95495178689853,-73.95495178689853
450.3500126123428,-73.9564650343393,-73.9564650343393
450.3600126123428,-73.9579862121153,-73.9579862121153
450.37001261234286,-73.95951530915316,-73.95951530915316
450.38001261234285,-73.96105231409311,-73.96105231409311
450.39001261234284,-73.96259721532688,-73.96259721532688
450.40001261234283,-73.96415000097859,-73.96415000097859
450.4100126123428,-73.9657106589178,-73.9657106589178
450.4200126123428,-73.96727917677893,-73.96727917677893
450.4300126123428,-73.96885554193064,-73.96885554193064
450.44001261234285,-73.97043974154175,-73.97043974154175
450.45001261234285,-73.97203176250633,-73.97203176250633
450.46001261234284,-73.97363159150689,-73.97363159150689
450.4700126123428,-73.97523921499949,-73.97523921499949
450.4800126123428,-73.97685461920615,-73.97685461920615
450.4900126123428,-73.97847779015308,-73.97847779015308
450.5000126361847,-73.98010871751175,-73.98010871751175
450.5100126361847,-73.98174737914013,-73.98174737914013
450.5200126361847,-73.98339376427305,-73.98339376427305
450.53001263618467,-73.98504785808889,-73.98504785808889
450.5400126361847,-73.98670964557348,-73.98670964557348
450.5500126361847,-73.98837911151874,-73.98837911151874
450.5600126361847,-73.99005624052307,-73.99005624052307
450.5700126361847,-73.99174101700464,-73.99174101700464
450.5800126361847,-73.99343342518064,-73.99343342518064
450.59001263618467,-73.99513344911236,-73.99513344911236
450.6000126361847,-73.99684107267018,-73.99684107267018
450.6100126361847,-73.99855627955306,-73.99855627955306
450.6200126361847,-74.00027905328469,-74.00027905328469
450.6300126361847,-74.00200937724792,-74.00200937724792
450.6400126361847,-74.00374723463167,-74.00374723463167
450.65001263618467,-74.0054926084823,-74.0054926084823
450.6600126361847,-74.00724548168779,-74.00724548168779
450.6700126361847,-74.00900583698903,-74.00900583698903
450.6800126361847,-74.01077365696194,-74.01077365696194
450.6900126361847,-74.01254892405326,-74.01254892405326
450.7000126361847,-74.01433162055666,-74.01433162055666
450.7100126361847,-74.0161152720053,-74.0161152720053
450.7200126361847,-74.01789703221638,-74.01789703221638
450.7300126361847,-74.01967550524134,-74.01967550524134
450.7400126361847,-74.02144996637062,-74.02144996637062
450.7500126361847,-74.02322006482383,-74.02322006482383
450.7600126361847,-74.02498566942624,-74.02498566942624
450.7700126361847,-74.0267467780886,-74.0267467780886
450.78001263618467,-74.02850346348342,-74.02850346348342
450.7900126361847,-74.03025584032758,-74.03025584032758
450.8000126361847,-74.03200404576874,-74.03200404576874
450.8100126361847,-74.03374822770579,-74.03374822770579
450.8200126361847,-74.03548853789852,-74.03548853789852
450.8300126361847,-74.03722512802436,-74.03722512802436
450.84001263618467,-74.03895814753427,-74.03895814753427
450.8500126361847,-74.04068774254219,-74.04068774254219
450.8600126361847,-74.04241405540154,-74.04241405540154
450.8700126361847,-74.04413722462066,-74.04413722462066
450.8800126361847,-74.04585738501619,-74.04585738501619
450.8900126361847,-74.0475746679447,-74.0475746679447
450.90001263618467,-74.04928920159252,-74.04928920159252
450.9100126361847,-74.0510011112634,-74.0510011112634
450.9200126361847,-74.05271051967682,-74.05271051967682
450.9300126361847,-74.05441754722071,-74.05441754722071
450.9400126361847,-74.0561223121685,-74.0561223121685
450.9500126361847,-74.05782493090123,-74.05782493090123
450.9600126361847,-74.05952551807461,-74.05952551807461
450.9700126361847,-74.06122418677397,-74.06122418677397
450.9800126361847,-74.06292104863317,-74.06292104863317
450.9900126361847,-74.06461621393962,-74.06461621393962
451.0000126361847,-74.06630979173201,-74.06630979173201
451.0100126361847,-74.06800188986408,-74.06800188986408
451.0200126361847,-74.06969261505219,-74.06969261505219
451.03001263618467,-74.07138207294236,-74.07138207294236
451.0400126361847,-74.07307036814395,-74.07307036814395
451.0500126361847,-74.07475760424968,-74.07475760424968
451.0600126361847,-74.07644388385306,-74.07644388385306
451.0700126361847,-74.07812930856936,-74.07812930856936
451.0800126361847,-74.07981397906605,-74.07981397906605
451.09001263618467,-74.0814979950394,-74.0814979950394
451.1000126361847,-74.08318145524592,-74.08318145524592
451.1100126361847,-74.08486445747616,-74.08486445747616
451.1200126361847,-74.08654709858226,-74.08654709858226
451.1300126361847,-74.08822947445515,-74.08822947445515
451.1400126361847,-74.08991168002825,-74.08991168002825
451.15001263618467,-74.09159380928621,-74.09159380928621
451.1600126361847,-74.09327595522696,-74.09327595522696
451.1700126361847,-74.09495820989615,-74.09495820989615
451.1800126361847,-74.09664066434632,-74.09664066434632
451.1900126361847,-74.09832340864844,-74.09832340864844
451.2000126361847,-74.10000653189014,-74.10000653189014
451.2100126361847,-74.1016836581424,-74.1016836581424
451.2200126361847,-74.10335204294442,-74.10335204294442
451.2300126361847,-74.10501039285114,-74.10501039285114
451.2400126361847,-74.10665808549035,-74.10665808549035
451.2500126361847,-74.10829487199656,-74.10829487199656
451.2600126361847,-74.10992072245224,-74.10992072245224
451.2700126361847,-74.11153573532043,-74.11153573532043
451.28001263618467,-74.11314008304718,-74.11314008304718
451.2900126361847,-74.11473397930789,-74.11473397930789
451.3000126361847,-74.11631765936826,-74.11631765936826
451.3100126361847,-74.11789136839661,-74.11789136839661
451.3200126361847,-74.11945535454669,-74.11945535454669
451.3300126361847,-74.12100986500889,-74.12100986500889
451.34001263618467,-74.12255514386241,-74.12255514386241
451.35001266002655,-74.12409143459776,-74.12409143459776
451.36001266002654,-74.12561896503858,-74.12561896503858
451.37001266002653,-74.12713796930689,-74.12713796930689
451.3800126600265,-74.12864867320346,-74.12864867320346
451.39001266002657,-74.13015129814855,-74.13015129814855
451.40001266002656,-74.13164606148064,-74.13164606148064
451.41001266002655,-74.13313317673249,-74.13313317673249
451.42001266002654,-74.13461285391458,-74.13461285391458
451.43001266002653,-74.13608529976914,-74.13608529976914
451.4400126600265,-74.1375507180092,-74.1375507180092
451.4500126600266,-74.13900930952245,-74.13900930952245
451.46001266002656,-74.14045480575655,-74.14045480575655
451.47001266002655,-74.14188457005294,-74.14188457005294
451.48001266002655,-74.14329741616383,-74.14329741616383
451.49001266002654,-74.14469282800489,-74.14469282800489
451.5000126600265,-74.14607066202257,-74.14607066202257
451.5100126600266,-74.14743099266569,-74.14743099266569
451.52001266002657,-74.14877402181536,-74.14877402181536
451.53001266002656,-74.15010002442457,-74.15010002442457
451.54001266002655,-74.15140931578111,-74.15140931578111
451.55001266002654,-74.15270223191189,-74.15270223191189
451.56001266002653,-74.15397911790137,-74.15397911790137
451.5700126600266,-74.15524032099059,-74.15524032099059
451.58001266002657,-74.15648618666039,-74.15648618666039
451.59001266002656,-74.15771705647204,-74.15771705647204
451.60001266002655,-74.15893326694564,-74.15893326694564
451.61001266002654,-74.16013514915672,-74.16013514915672
451.62001266002653,-74.16132302865155,-74.16132302865155
451.6300126600265,-74.16249722556593,-74.16249722556593
451.64001266002657,-74.16365805488886,-74.16365805488886
451.65001266002656,-74.1648058267111,-74.1648058267111
451.66001266002655,-74.16594084655728,-74.16594084655728
451.67001266002654,-74.16706341561168,-74.16706341561168
451.68001266002653,-74.16817383102433,-74.16817383102433
451.6900126600265,-74.16927238609641,-74.16927238609641
451.7000126600266,-74.17035937050849,-74.17035937050849
451.71001266002656,-74.17142860209962,-74.17142860209962
451.72001266002655,-74.17247753141567,-74.17247753141567
451.73001266002655,-74.17350505916534,-74.17350505916534
451.74001266002654,-74.17451075567953,-74.17451075567953
451.7500126600265,-74.17549456312895,-74.17549456312895
451.7600126600266,-74.17645664092824,-74.17645664092824
451.77001266002657,-74.17739727514653,-74.17739727514653
451.78001266002656,-74.17831682407443,-74.17831682407443
451.79001266002655,-74.17921568553201,-74.17921568553201
451.80001266002654,-74.18009427721331,-74.18009427721331
451.81001266002653,-74.18095302501362,-74.18095302501362
451.8200126600266,-74.18179235612959,-74.18179235612959
451.83001266002657,-74.18261269512823,-74.18261269512823
451.84001266002656,-74.18341446177936,-74.18341446177936
451.85001266002655,-74.18419806996842,-74.18419806996842
451.86001266002654,-74.18496392724461,-74.18496392724461
451.87001266002653,-74.18571243477354,-74.18571243477354
451.8800126600265,-74.1864439874527,-74.1864439874527
451.89001266002657,-74.1871589741452,-74.1871589741452
451.90001266002656,-74.1878577779812,-74.1878577779812
451.91001266002655,-74.18854077662239,-74.18854077662239
451.92001266002654,-74.18920834257455,-74.18920834257455
451.93001266002653,-74.18986084342528,-74.18986084342528
451.9400126600265,-74.19049864207216,-74.19049864207216
451.9500126600266,-74.19112209693053,-74.19112209693053
451.96001266002656,-74.19172509340258,-74.19172509340258
451.97001266002655,-74.19230514989296,-74.19230514989296
451.98001266002655,-74.19286123452413,-74.19286123452413
451.99001266002654,-74.19339298436252,-74.19339298436252
452.0000126600265,-74.19390040754136,-74.19390040754136
452.0100126600266,-74.19438372865598,-74.19438372865598
452.02001266002657,-74.19484329809696,-74.19484329809696
452.03001266002656,-74.19527953767194,-74.19527953767194
452.04001266002655,-74.1956929078335,-74.1956929078335
452.05001266002654,-74.19608388807205,-74.19608388807205
452.06001266002653,-74.19645296521901,-74.19645296521901
452.0700126600266,-74.19680062656397,-74.19680062656397
452.08001266002657,-74.1971273559306,-74.1971273559306
452.09001266002656,-74.19743363149368,-74.19743363149368
452.10001266002655,-74.197719924728,-74.197719924728
452.11001266002654,-74.19798669996112,-74.19798669996112
452.12001266002653,-74.19823441430421,-74.19823441430421
452.1300126600265,-74.19846351780753,-74.19846351780753
452.14001266002657,-74.19867445368104,-74.19867445368104
452.15001266002656,-74.19886765862044,-74.19886765862044
452.16001266002655,-74.19904356308247,-74.19904356308247
452.17001266002654,-74.19920259158593,-74.19920259158593
452.18001266002653,-74.19934516296615,-74.19934516296615
452.1900126600265,-74.1994716906184,-74.1994716906184
452.2000126838684,-74.19958258297481,-74.19958258297481
452.2100126838684,-74.1996782425693,-74.1996782425693
452.2200126838684,-74.19975906796097,-74.19975906796097
452.2300126838684,-74.19982545260818,-74.19982545260818
452.24001268386843,-74.19987778533687,-74.19987778533687
452.2500126838684,-74.19991645043594,-74.19991645043594
452.2600126838684,-74.19994182773469,-74.19994182773469
452.2700126838684,-74.19995429265465,-74.19995429265465
452.2800126838684,-74.19995421631083,-74.19995421631083
452.2900126838684,-74.19994196551619,-74.19994196551619
452.30001268386843,-74.19991790285906,-74.19991790285906
452.3100126838684,-74.199882386734,-74.199882386734
452.3200126838684,-74.19983577134322,-74.19983577134322
452.3300126838684,-74.1997784067755,-74.1997784067755
452.3400126838684,-74.19971063898872,-74.19971063898872
452.3500126838684,-74.19963280985671,-74.19963280985671
452.36001268386843,-74.19954525717995,-74.19954525717995
452.3700126838684,-74.1994483146998,-74.1994483146998
452.3800126838684,-74.1993423121263,-74.1993423121263
452.3900126838684,-74.19922757516143,-74.19922757516143
452.4000126838684,-74.19910442549833,-74.19910442549833
452.4100126838684,-74.19897318083676,-74.19897318083676
452.42001268386844,-74.19883415492845,-74.19883415492845
452.4300126838684,-74.19868765755854,-74.19868765755854
452.4400126838684,-74.19853399459112,-74.19853399459112
452.4500126838684,-74.19837346797185,-74.19837346797185
452.4600126838684,-74.19820637574666,-74.19820637574666
452.4700126838684,-74.19803301208411,-74.19803301208411
452.4800126838684,-74.19785366729546,-74.19785366729546
452.49001268386843,-74.197668627847,-74.197668627847
452.5000126838684,-74.19747817638307,-74.19747817638307
452.5100126838684,-74.19728259176142,-74.19728259176142
452.5200126838684,-74.19708214906882,-74.19708214906882
452.5300126838684,-74.19687711961231,-74.19687711961231
452.5400126838684,-74.19666777098669,-74.19666777098669
452.55001268386843,-74.19645436708431,-74.19645436708431
452.5600126838684,-74.19623716810928,-74.19623716810928
452.5700126838684,-74.19601643060543,-74.19601643060543
452.5800126838684,-74.19579240749067,-74.19579240749067
452.5900126838684,-74.19556534806772,-74.19556534806772
452.6000126838684,-74.19533549807467,-74.19533549807467
452.61001268386843,-74.19510309969053,-74.19510309969053
452.6200126838684,-74.19486839157312,-74.19486839157312
452.6300126838684,-74.19463160888765,-74.19463160888765
452.6400126838684,-74.19439298331574,-74.19439298331574
452.6500126838684,-74.19415274313192,-74.19415274313192
452.6600126838684,-74.19391111316725,-74.19391111316725
452.67001268386844,-74.19366831489663,-74.19366831489663
452.6800126838684,-74.19342456644335,-74.19342456644335
452.6900126838684,-74.19318008261627,-74.19318008261627
452.7000126838684,-74.1929350749277,-74.1929350749277
452.7100126838684,-74.19268975163946,-74.19268975163946
452.7200126838684,-74.19244431778517,-74.19244431778517
452.7300126838684,-74.19219897520578,-74.19219897520578
452.74001268386843,-74.1919539225749,-74.1919539225749
452.7500126838684,-74.19170935544001,-74.19170935544001
452.7600126838684,-74.19146546625129,-74.19146546625129
452.7700126838684,-74.19122244438562,-74.19122244438562
452.7800126838684,-74.19098047620068,-74.19098047620068
452.7900126838684,-74.19073974503632,-74.19073974503632
452.80001268386843,-74.19050043126272,-74.19050043126272
452.8100126838684,-74.19026271230099,-74.19026271230099
452.8200126838684,-74.19002676269217,-74.19002676269217
452.8300126838684,-74.18979275408088,-74.18979275408088
452.8400126838684,-74.1895608552752,-74.1895608552752
452.8500126838684,-74.18933123227772,-74.18933123227772
452.86001268386843,-74.18910404830496,-74.18910404830496
452.8700126838684,-74.18887946382971,-74.18887946382971
452.8800126838684,-74.18865763661174,-74.18865763661174
452.8900126838684,-74.18843872172165,-74.18843872172165
452.9000126838684,-74.18822287158623,-74.18822287158623
452.9100126838684,-74.1880102360139,-74.1880102360139
452.92001268386844,-74.1878009622104,-74.1878009622104
452.9300126838684,-74.18759519484199,-74.18759519484199
452.9400126838684,-74.18739307603308,-74.18739307603308
452.9500126838684,-74.18719474542087,-74.18719474542087
452.9600126838684,-74.18700034018288,-74.18700034018288
452.9700126838684,-74.18680999505388,-74.18680999505388
452.9800126838684,-74.18662384236492,-74.18662384236492
452.99001268386843,-74.18644201207482,-74.18644201207482
453.0000126838684,-74.18626463180702,-74.18626463180702
453.0100126838684,-74.18609182686328,-74.18609182686328
453.0200126838684,-74.18592372026242,-74.18592372026242
453.0300126838684,-74.18576043276778,-74.18576043276778
453.0400126838684,-74.18560208292125,-74.18560208292125
453.05001270771027,-74.18544878670063,-74.18544878670063
453.06001270771026,-74.18530065902421,-74.18530065902421
453.07001270771025,-74.18515781154505,-74.18515781154505
453.08001270771024,-74.18502035418258,-74.18502035418258
453.0900127077103,-74.18488839478071,-74.18488839478071
453.1000127077103,-74.18476203912243,-74.18476203912243
453.11001270771027,-74.18464139097262,-74.18464139097262
453.12001270771026,-74.18452655207885,-74.18452655207885
453.13001270771025,-74.18441762220998,-74.18441762220998
453.14001270771024,-74.18431469920917,-74.18431469920917
453.1500127077103,-74.18421787898424,-74.18421787898424
453.1600127077103,-74.18412725554975,-74.18412725554975
453.17001270771027,-74.18404292104964,-74.18404292104964
453.18001270771026,-74.18396496578514,-74.18396496578514
453.19001270771025,-74.18389347824284,-74.18389347824284
453.20001270771024,-74.18382854511408,-74.18382854511408
453.2100127077103,-74.18377025131004,-74.18377025131004
453.2200127077103,-74.18371868002065,-74.18371868002065
453.2300127077103,-74.18367391270223,-74.18367391270223
453.24001270771026,-74.18363602910588,-74.18363602910588
453.25001270771025,-74.18360510733473,-74.18360510733473
453.26001270771025,-74.1835812238226,-74.1835812238226
453.2700127077103,-74.18356445337993,-74.18356445337993
453.2800127077103,-74.18355486922799,-74.18355486922799
453.2900127077103,-74.18355254299348,-74.18355254299348
453.30001270771027,-74.18355754475336,-74.18355754475336
453.31001270771026,-74.18356994305189,-74.18356994305189
453.32001270771025,-74.1835898049049,-74.1835898049049
453.33001270771024,-74.18361719585752,-74.18361719585752
453.3400127077103,-74.18365217997194,-74.18365217997194
453.3500127077103,-74.18369481985314,-74.18369481985314
453.36001270771027,-74.1837451766965,-74.1837451766965
453.37001270771026,-74.18380331027541,-74.18380331027541
453.38001270771025,-74.18386927897755,-74.18386927897755
453.39001270771024,-74.18394313982746,-74.18394313982746
453.4000127077103,-74.18402494850174,-74.18402494850174
453.4100127077103,-74.18411475933945,-74.18411475933945
453.42001270771027,-74.18421262538365,-74.18421262538365
453.43001270771026,-74.1843185983737,-74.1843185983737
453.44001270771025,-74.18443272878324,-74.18443272878324
453.45001270771024,-74.18455506584257,-74.18455506584257
453.4600127077103,-74.18468565753682,-74.18468565753682
453.4700127077103,-74.18482455063584,-74.18482455063584
453.4800127077103,-74.18497179071834,-74.18497179071834
453.49001270771026,-74.18512742217185,-74.18512742217185
453.50001270771025,-74.1852914882263,-74.1852914882263
453.51001270771025,-74.18546403096408,-74.18546403096408
453.5200127077103,-74.18564509134521,-74.18564509134521
453.5300127077103,-74.18583470920557,-74.18583470920557
453.5400127077103,-74.18603292328935,-74.18603292328935
453.55001270771027,-74.1862397712709,-74.1862397712709
453.56001270771026,-74.18645528974494,-74.18645528974494
453.57001270771025,-74.18667951427074,-74.18667951427074
453.58001270771024,-74.18691247936822,-74.18691247936822
453.5900127077103,-74.18715421854108,-74.18715421854108
453.6000127077103,-74.18740476429984,-74.18740476429984
453.61001270771027,-74.18766414816271,-74.18766414816271
453.62001270771026,-74.18793240066624,-74.18793240066624
453.63001270771025,-74.18820955140846,-74.18820955140846
453.64001270771024,-74.18849562902702,-74.18849562902702
453.6500127077103,-74.1887906612409,-74.1887906612409
453.6600127077103,-74.18909467485877,-74.18909467485877
453.67001270771027,-74.18940769577253,-74.18940769577253
453.68001270771026,-74.18972974900971,-74.18972974900971
453.69001270771025,-74.19006085870937,-74.19006085870937
453.70001270771024,-74.19040104815183,-74.19040104815183
453.7100127077103,-74.19075033976681,-74.19075033976681
453.7200127077103,-74.19110875515271,-74.19110875515271
453.7300127077103,-74.19147631508623,-74.19147631508623
453.74001270771026,-74.19185303953188,-74.19185303953188
453.75001270771025,-74.19223894767028,-74.19223894767028
453.76001270771025,-74.1926340578821,-74.1926340578821
453.7700127077103,-74.19303838777935,-74.19303838777935
453.7800127077103,-74.19345195421499,-74.19345195421499
453.7900127077103,-74.1938747733043,-74.1938747733043
453.80001270771027,-74.194306860391,-74.194306860391
453.81001270771026,-74.19474823012766,-74.19474823012766
453.82001270771025,-74.19519889643881,-74.19519889643881
453.83001270771024,-74.19565887253437,-74.19565887253437
453.8400127077103,-74.19612817094861,-74.19612817094861
453.8500127077103,-74.196606803529,-74.196606803529
453.86001270771027,-74.19709478143494,-74.19709478143494
453.87001270771026,-74.19759211518806,-74.19759211518806
453.88001270771025,-74.19809881464384,-74.19809881464384
453.89001270771024,-74.19861488901991,-74.19861488901991
453.9000127315521,-74.19914034814721,-74.19914034814721
453.9100127315521,-74.19967519753646,-74.19967519753646
453.9200127315521,-74.20021944574412,-74.20021944574412
453.9300127315521,-74.20077309952667,-74.20077309952667
453.94001273155214,-74.20133616504268,-74.20133616504268
453.95001273155214,-74.2019086478658,-74.2019086478658
453.9600127315521,-74.20249055300532,-74.20249055300532
453.9700127315521,-74.20308188489406,-74.20308188489406
453.9800127315521,-74.20368264740743,-74.20368264740743
453.9900127315521,-74.20429284388533,-74.20429284388533
454.00001273155215,-74.20491247712313,-74.20491247712313
454.01001273155214,-74.20554154937487,-74.20554154937487
454.02001273155213,-74.20618006238678,-74.20618006238678
454.0300127315521,-74.20682801738825,-74.20682801738825
454.0400127315521,-74.20748541509249,-74.20748541509249
454.0500127315521,-74.20815225573428,-74.20815225573428
454.06001273155215,-74.20882853905078,-74.20882853905078
454.07001273155214,-74.20951426429109,-74.20951426429109
454.08001273155213,-74.21020943023657,-74.21020943023657
454.0900127315521,-74.21091403520892,-74.21091403520892
454.1000127315521,-74.21162807705147,-74.21162807705147
454.1100127315521,-74.2123515531765,-74.2123515531765
454.12001273155215,-74.21308446054391,-74.21308446054391
454.13001273155214,-74.21382679567718,-74.21382679567718
454.14001273155213,-74.21457855466616,-74.21457855466616
454.1500127315521,-74.21533973318547,-74.21533973318547
454.1600127315521,-74.21611032648129,-74.21611032648129
454.1700127315521,-74.21689032941025,-74.21689032941025
454.1800127315521,-74.21767973641259,-74.21767973641259
454.19001273155214,-74.21847854153222,-74.21847854153222
454.20001273155214,-74.21928673842751,-74.21928673842751
454.2100127315521,-74.22009784848916,-74.22009784848916
454.2200127315521,-74.22090903173654,-74.22090903173654
454.2300127315521,-74.22171890227558,-74.22171890227558
454.2400127315521,-74.22252674703923,-74.22252674703923
454.25001273155215,-74.22333222766305,-74.22333222766305
454.26001273155214,-74.22413522565198,-74.22413522565198
454.27001273155213,-74.22493575162093,-74.22493575162093
454.2800127315521,-74.22573389079434,-74.22573389079434
454.2900127315521,-74.22652977018255,-74.22652977018255
454.3000127315521,-74.22732353891024,-74.22732353891024
454.31001273155215,-74.22811535651392,-74.22811535651392
454.32001273155214,-74.22890538603856,-74.22890538603856
454.33001273155213,-74.22969379007694,-74.22969379007694
454.3400127315521,-74.2304807286524,-74.2304807286524
454.3500127315521,-74.2312663580918,-74.2312663580918
454.3600127315521,-74.23205083062386,-74.23205083062386
454.37001273155215,-74.23283429432351,-74.23283429432351
454.38001273155214,-74.23361689322745,-74.23361689322745
454.39001273155213,-74.2343987676352,-74.2343987676352
454.4000127315521,-74.23518005436472,-74.23518005436472
454.4100127315521,-74.23596088706913,-74.23596088706913
454.4200127315521,-74.23674139653777,-74.23674139653777
454.4300127315521,-74.23752171095308,-74.23752171095308
454.44001273155214,-74.23830195614825,-74.23830195614825
454.45001273155214,-74.23908225579444,-74.23908225579444
454.4600127315521,-74.23985625801821,-74.23985625801821
454.4700127315521,-74.24062124912071,-74.24062124912071
454.4800127315521,-74.24137596856272,-74.24137596856272
454.4900127315521,-74.24211982764578,-74.24211982764578
454.50001273155215,-74.24285261135121,-74.24285261135121
454.51001273155214,-74.24357432358943,-74.24357432358943
454.52001273155213,-74.24428509646826,-74.24428509646826
454.5300127315521,-74.24498513582252,-74.24498513582252
454.5400127315521,-74.24567468843509,-74.24567468843509
454.5500127315521,-74.24635402237463,-74.24635402237463
454.56001273155215,-74.24702341531962,-74.24702341531962
454.57001273155214,-74.24768314763428,-74.24768314763428
454.58001273155213,-74.24833349847881,-74.24833349847881
454.5900127315521,-74.2489747436086,-74.2489747436086
454.6000127315521,-74.24960715433309,-74.24960715433309
454.6100127315521,-74.25023099704606,-74.25023099704606
454.62001273155215,-74.25084653318393,-74.25084653318393
454.63001273155214,-74.25145401935954,-74.25145401935954
454.64001273155213,-74.25205370760119,-74.25205370760119
454.6500127315521,-74.25264584565764,-74.25264584565764
454.6600127315521,-74.25323067726332,-74.25323067726332
454.6700127315521,-74.25380844246236,-74.25380844246236
454.6800127315521,-74.2543793778165,-74.2543793778165
454.69001273155214,-74.25494371668954,-74.25494371668954
454.70001273155214,-74.25550168939387,-74.25550168939387
454.7100127315521,-74.25605352340982,-74.25605352340982
454.7200127315521,-74.25659944349239,-74.25659944349239
454.7300127315521,-74.25713967183289,-74.25713967183289
454.7400127315521,-74.25767442813809,-74.25767442813809
454.750012755394,-74.25820393097693,-74.25820393097693
454.760012755394,-74.25872839279278,-74.25872839279278
454.77001275539396,-74.25924802758828,-74.25924802758828
454.78001275539395,-74.25976304583656,-74.25976304583656
454.790012755394,-74.26027365585131,-74.26027365585131
454.800012755394,-74.26078006377672,-74.26078006377672
454.810012755394,-74.26128247360806,-74.26128247360806
454.820012755394,-74.26178108722193,-74.26178108722193
454.83001275539397,-74.26227610438991,-74.26227610438991
454.84001275539396,-74.26276772277107,-74.26276772277107
454.850012755394,-74.2632561379197,-74.2632561379197
454.860012755394,-74.26374154331452,-74.26374154331452
454.870012755394,-74.26422413032111,-74.26422413032111
454.880012755394,-74.26470408821146,-74.26470408821146
454.89001275539397,-74.26518160416774,-74.26518160416774
454.90001275539396,-74.26565686327423,-74.26565686327423
454.910012755394,-74.26613004851599,-74.26613004851599
454.920012755394,-74.26660134077105,-74.26660134077105
454.930012755394,-74.2670709188186,-74.2670709188186
454.940012755394,-74.26753895933916,-74.26753895933916
454.95001275539397,-74.26800563689167,-74.26800563689167
454.96001275539396,-74.26847112393783,-74.26847112393783
454.970012755394,-74.26893559083803,-74.26893559083803
454.980012755394,-74.26939920583128,-74.26939920583128
454.990012755394,-74.2698621350609,-74.2698621350609
455.000012755394,-74.27032454256198,-74.27032454256198
455.010012755394,-74.27078659027359,-74.27078659027359
455.02001275539396,-74.2712484380089,-74.2712484380089
455.03001275539395,-74.27171024351765,-74.27171024351765
455.040012755394,-74.27217216243166,-74.27217216243166
455.050012755394,-74.27263434830132,-74.27263434830132
455.060012755394,-74.27309695259586,-74.27309695259586
455.070012755394,-74.27356012471763,-74.27356012471763
455.08001275539397,-74.27402401198118,-74.27402401198118
455.09001275539396,-74.27448875964703,-74.27448875964703
455.100012755394,-74.27495451092352,-74.27495451092352
455.110012755394,-74.27542140697157,-74.27542140697157
455.120012755394,-74.27588958691211,-74.27588958691211
455.130012755394,-74.27635918783703,-74.27635918783703
455.14001275539397,-74.27683034483617,-74.27683034483617
455.15001275539396,-74.27730319097373,-74.27730319097373
455.160012755394,-74.27777785733271,-74.27777785733271
455.170012755394,-74.27825447300933,-74.27825447300933
455.180012755394,-74.27873316513099,-74.27873316513099
455.190012755394,-74.27921405887373,-74.27921405887373
455.20001275539397,-74.27969727745892,-74.27969727745892
455.21001275539396,-74.28018294218363,-74.28018294218363
455.220012755394,-74.28067117242566,-74.28067117242566
455.230012755394,-74.28116208565446,-74.28116208565446
455.240012755394,-74.28165579746809,-74.28165579746809
455.250012755394,-74.28215242156791,-74.28215242156791
455.260012755394,-74.28265206982344,-74.28265206982344
455.27001275539396,-74.28315485223781,-74.28315485223781
455.28001275539395,-74.28366087699972,-74.28366087699972
455.290012755394,-74.28417025048131,-74.28417025048131
455.300012755394,-74.2846830772711,-74.2846830772711
455.310012755394,-74.28519946015899,-74.28519946015899
455.320012755394,-74.28571950019027,-74.28571950019027
455.33001275539397,-74.28624329665574,-74.28624329665574
455.34001275539396,-74.28677094711095,-74.28677094711095
455.350012755394,-74.28730254741446,-74.28730254741446
455.360012755394,-74.28783819171366,-74.28783819171366
455.370012755394,-74.28837797248828,-74.28837797248828
455.380012755394,-74.2889219805572,-74.2889219805572
455.39001275539397,-74.28947030509018,-74.28947030509018
455.40001275539396,-74.29002303362003,-74.29002303362003
455.410012755394,-74.29058025208836,-74.29058025208836
455.420012755394,-74.2911420448422,-74.2911420448422
455.430012755394,-74.29170849463594,-74.29170849463594
455.440012755394,-74.29227968269113,-74.29227968269113
455.45001275539397,-74.29285568866683,-74.29285568866683
455.46001275539396,-74.29343011288353,-74.29343011288353
455.470012755394,-74.29400019674968,-74.29400019674968
455.480012755394,-74.29456463602077,-74.29456463602077
455.490012755394,-74.29512279880674,-74.29512279880674
455.500012755394,-74.29567442717418,-74.29567442717418
455.510012755394,-74.29621948218788,-74.29621948218788
455.52001275539396,-74.29675805308929,-74.29675805308929
455.53001275539395,-74.29729030274173,-74.29729030274173
455.540012755394,-74.29781643481958,-74.29781643481958
455.550012755394,-74.29833667412706,-74.29833667412706
455.560012755394,-74.29885125486582,-74.29885125486582
455.570012755394,-74.2993604137637,-74.2993604137637
455.58001275539397,-74.29986438611458,-74.29986438611458
455.59001275539396,-74.30036340364526,-74.30036340364526
455.60001277923584,-74.30085769462023,-74.30085769462023
455.61001277923583,-74.30134747869151,-74.30134747869151
455.6200127792358,-74.30183297394466,-74.30183297394466
455.6300127792358,-74.30231439231623,-74.30231439231623
455.64001277923586,-74.30279194105515,-74.30279194105515
455.65001277923585,-74.3032658230076,-74.3032658230076
455.66001277923584,-74.30373623694577,-74.30373623694577
455.67001277923583,-74.30420337786259,-74.30420337786259
455.6800127792358,-74.30466743726075,-74.30466743726075
455.6900127792358,-74.30512860339037,-74.30512860339037
455.70001277923586,-74.30558706147092,-74.30558706147092
455.71001277923585,-74.30604299390302,-74.30604299390302
455.72001277923584,-74.30649658039891,-74.30649658039891
455.73001277923584,-74.30694799815252,-74.30694799815252
455.7400127792358,-74.30739742195135,-74.30739742195135
455.7500127792358,-74.30784502427628,-74.30784502427628
455.76001277923586,-74.30829097539105,-74.30829097539105
455.77001277923586,-74.30873544341952,-74.30873544341952
455.78001277923585,-74.3091785944065,-74.3091785944065
455.79001277923584,-74.30962059235897,-74.30962059235897
455.80001277923583,-74.31006159930058,-74.31006159930058
455.8100127792358,-74.31050177529701,-74.31050177529701
455.82001277923587,-74.31094127849076,-74.31094127849076
455.83001277923586,-74.31138026512554,-74.31138026512554
455.84001277923585,-74.31181888957143,-74.31181888957143
455.85001277923584,-74.31225730433188,-74.31225730433188
455.86001277923583,-74.31269566006895,-74.31269566006895
455.8700127792358,-74.31313410560524,-74.31313410560524
455.8800127792358,-74.31357278794475,-74.31357278794475
455.89001277923586,-74.3140118522555,-74.3140118522555
455.90001277923585,-74.3144514419203,-74.3144514419203
455.91001277923584,-74.31489169850737,-74.31489169850737
455.92001277923583,-74.31533276180087,-74.31533276180087
455.9300127792358,-74.31577476977738,-74.31577476977738
455.9400127792358,-74.31621785863817,-74.31621785863817
455.95001277923586,-74.31666216280314,-74.31666216280314
455.96001277923585,-74.3171078149155,-74.3171078149155
455.97001277923584,-74.31755494585151,-74.31755494585151
455.98001277923584,-74.31800368471939,-74.31800368471939
455.9900127792358,-74.31845415887186,-74.31845415887186
456.0000127792358,-74.31890649391063,-74.31890649391063
456.01001277923586,-74.31936081368059,-74.31936081368059
456.02001277923586,-74.31981724029053,-74.31981724029053
456.03001277923585,-74.3202758941123,-74.3202758941123
456.04001277923584,-74.32073689379341,-74.32073689379341
456.05001277923583,-74.3212003562587,-74.3212003562587
456.0600127792358,-74.32166639671713,-74.32166639671713
456.07001277923587,-74.3221351286823,-74.3221351286823
456.08001277923586,-74.32260666396014,-74.32260666396014
456.09001277923585,-74.32308111266609,-74.32308111266609
456.10001277923584,-74.32355858324938,-74.32355858324938
456.11001277923583,-74.32403918248583,-74.32403918248583
456.1200127792358,-74.3245230154849,-74.3245230154849
456.1300127792358,-74.32501018571591,-74.32501018571591
456.14001277923586,-74.32550079499858,-74.32550079499858
456.15001277923585,-74.32599494352746,-74.32599494352746
456.16001277923584,-74.32649272988802,-74.32649272988802
456.17001277923583,-74.32699425105136,-74.32699425105136
456.1800127792358,-74.32749960239701,-74.32749960239701
456.1900127792358,-74.32800887770992,-74.32800887770992
456.20001277923586,-74.32852216922069,-74.32852216922069
456.21001277923585,-74.32903956759458,-74.32903956759458
456.22001277923584,-74.32956116194784,-74.32956116194784
456.23001277923584,-74.33008703987333,-74.33008703987333
456.2400127792358,-74.33061728743387,-74.33061728743387
456.2500127792358,-74.3311519891866,-74.3311519891866
456.26001277923586,-74.33169122820075,-74.33169122820075
456.27001277923586,-74.33223508605087,-74.33223508605087
456.28001277923585,-74.33278364286163,-74.33278364286163
456.29001277923584,-74.33333697729063,-74.33333697729063
456.30001277923583,-74.33389516656976,-74.33389516656976
456.3100127792358,-74.33445828649143,-74.33445828649143
456.32001277923587,-74.33502641143691,-74.33502641143691
456.33001277923586,-74.33559961439478,-74.33559961439478
456.34001277923585,-74.33617796697136,-74.33617796697136
456.35001277923584,-74.33676153940617,-74.33676153940617
456.36001277923583,-74.33735040056757,-74.33735040056757
456.3700127792358,-74.33794461799889,-74.33794461799889
456.3800127792358,-74.3385442579086,-74.3385442579086
456.39001277923586,-74.33914938518936,-74.33914938518936
456.40001277923585,-74.33976006345222,-74.33976006345222
456.41001277923584,-74.34037635500115,-74.34037635500115
456.42001277923583,-74.3409983208834,-74.3409983208834
456.4300127792358,-74.34162602088925,-74.34162602088925
456.4400127792358,-74.3422595135743,-74.3422595135743
456.4500128030777,-74.34289885778396,-74.34289885778396
456.4600128030777,-74.34353762399638,-74.34353762399638
456.4700128030777,-74.3441730311177,-74.3441730311177
456.48001280307767,-74.34480375219223,-74.34480375219223
456.4900128030777,-74.34542913335336,-74.34542913335336
456.5000128030777,-74.34604889524968,-74.34604889524968
456.5100128030777,-74.34666297797402,-74.34666297797402
456.5200128030777,-74.34727145019943,-74.34727145019943
456.5300128030777,-74.34787445456665,-74.34787445456665
456.5400128030777,-74.34847217483947,-74.34847217483947
456.5500128030777,-74.3490648162168,-74.3490648162168
456.5600128030777,-74.3496525936044,-74.3496525936044
456.5700128030777,-74.35023572471516,-74.35023572471516
456.5800128030777,-74.35081442610952,-74.35081442610952
456.5900128030777,-74.35138891107236,-74.35138891107236
456.6000128030777,-74.35195938851777,-74.35195938851777
456.6100128030777,-74.35252606254947,-74.35252606254947
456.6200128030777,-74.35308913242888,-74.35308913242888
456.6300128030777,-74.35364879272164,-74.35364879272164
456.6400128030777,-74.3542052335514,-74.3542052335514
456.6500128030777,-74.3547586409191,-74.3547586409191
456.6600128030777,-74.35530919697989,-74.35530919697989
456.6700128030777,-74.35585708039594,-74.35585708039594
456.6800128030777,-74.35640246655018,-74.35640246655018
456.6900128030777,-74.35694552783656,-74.35694552783656
456.7000128030777,-74.35748643386017,-74.35748643386017
456.7100128030777,-74.35801886808876,-74.35801886808876
456.7200128030777,-74.35854015735508,-74.35854015735508
456.73001280307767,-74.35904908332743,-74.35904908332743
456.7400128030777,-74.35954509993311,-74.35954509993311
456.7500128030777,-74.36002803478002,-74.36002803478002
456.7600128030777,-74.36049793413869,-74.36049793413869
456.7700128030777,-74.36095497210479,-74.36095497210479
456.7800128030777,-74.36139939602776,-74.36139939602776
456.7900128030777,-74.36183149370491,-74.36183149370491
456.8000128030777,-74.36225157371184,-74.36225157371184
456.8100128030777,-74.36265995366522,-74.36265995366522
456.8200128030777,-74.36305695336573,-74.36305695336573
456.8300128030777,-74.36344289084091,-74.36344289084091
456.8400128030777,-74.36381808020296,-74.36381808020296
456.8500128030777,-74.36418283055173,-74.36418283055173
456.8600128030777,-74.36453744556506,-74.36453744556506
456.8700128030777,-74.36488222342089,-74.36488222342089
456.8800128030777,-74.36521745697165,-74.36521745697165
456.8900128030777,-74.36554343395649,-74.36554343395649
456.9000128030777,-74.3658604373386,-74.3658604373386
456.9100128030777,-74.36616874556348,-74.36616874556348
456.9200128030777,-74.36646863287226,-74.36646863287226
456.9300128030777,-74.36676036956928,-74.36676036956928
456.9400128030777,-74.36704422223872,-74.36704422223872
456.9500128030777,-74.36732045395284,-74.36732045395284
456.9600128030777,-74.36758284093443,-74.36758284093443
456.9700128030777,-74.36782880257427,-74.36782880257427
456.98001280307767,-74.36805721255251,-74.36805721255251
456.9900128030777,-74.36826761609746,-74.36826761609746
457.0000128030777,-74.36845993139868,-74.36845993139868
457.0100128030777,-74.36863429455462,-74.36863429455462
457.0200128030777,-74.36879096870459,-74.36879096870459
457.0300128030777,-74.36893028945961,-74.36893028945961
457.0400128030777,-74.36905263207063,-74.36905263207063
457.0500128030777,-74.36915839175312,-74.36915839175312
457.0600128030777,-74.36924797194854,-74.36924797194854
457.0700128030777,-74.36932177745402,-74.36932177745402
457.0800128030777,-74.36938021044692,-74.36938021044692
457.0900128030777,-74.36942366835886,-74.36942366835886
457.1000128030777,-74.36945254276527,-74.36945254276527
457.1100128030777,-74.36946721895426,-74.36946721895426
457.1200128030777,-74.36946807589351,-74.36946807589351
457.1300128030777,-74.36945548634198,-74.36945548634198
457.1400128030777,-74.369429817106,-74.369429817106
457.1500128030777,-74.36939142932728,-74.36939142932728
457.1600128030777,-74.36934067881249,-74.36934067881249
457.1700128030777,-74.36927791627456,-74.36927791627456
457.1800128030777,-74.36920348763292,-74.36920348763292
457.1900128030777,-74.36911773421922,-74.36911773421922
457.2000128030777,-74.36902099301282,-74.36902099301282
457.2100128030777,-74.36891359680594,-74.36891359680594
457.2200128030777,-74.36879587436205,-74.36879587436205
457.23001280307767,-74.3686681505411,-74.3686681505411
457.2400128030777,-74.36853074639862,-74.36853074639862
457.2500128030777,-74.36838397931027,-74.36838397931027
457.2600128030777,-74.3682281630272,-74.3682281630272
457.2700128030777,-74.36806360773909,-74.36806360773909
457.2800128030777,-74.36789062014178,-74.36789062014178
457.2900128030777,-74.36770950346194,-74.36770950346194
457.30001282691956,-74.367520557068,-74.367520557068
457.31001282691955,-74.3673240782596,-74.3673240782596
457.32001282691954,-74.36712035967052,-74.36712035967052
457.3300128269195,-74.36690969101629,-74.36690969101629
457.3400128269196,-74.3666923586928,-74.3666923586928
457.35001282691957,-74.36646864577932,-74.36646864577932
457.36001282691956,-74.3662388320521,-74.3662388320521
457.37001282691955,-74.36600319402372,-74.36600319402372
457.38001282691954,-74.36576200491758,-74.36576200491758
457.39001282691953,-74.36551553468591,-74.36551553468591
457.4000128269196,-74.3652640500421,-74.3652640500421
457.41001282691957,-74.36500781445011,-74.36500781445011
457.42001282691956,-74.36474708812632,-74.36474708812632
457.43001282691955,-74.36448212806984,-74.36448212806984
457.44001282691954,-74.36421318805797,-74.36421318805797
457.45001282691953,-74.36394051866789,-74.36394051866789
457.4600128269196,-74.36366436725973,-74.36366436725973
457.4700128269196,-74.36338497802613,-74.36338497802613
457.48001282691956,-74.36310259197441,-74.36310259197441
457.49001282691955,-74.36281744695017,-74.36281744695017
457.50001282691954,-74.36252977764882,-74.36252977764882
457.51001282691954,-74.3622398156242,-74.3622398156242
457.5200128269196,-74.36194778931502,-74.36194778931502
457.5300128269196,-74.36165392404781,-74.36165392404781
457.54001282691956,-74.36135844205559,-74.36135844205559
457.55001282691956,-74.36106156249058,-74.36106156249058
457.56001282691955,-74.36076350145333,-74.36076350145333
457.57001282691954,-74.36046447199372,-74.36046447199372
457.5800128269195,-74.3601646841381,-74.3601646841381
457.5900128269196,-74.35986434491504,-74.35986434491504
457.60001282691957,-74.35956365835813,-74.35956365835813
457.61001282691956,-74.35926282553983,-74.35926282553983
457.62001282691955,-74.35896204458405,-74.35896204458405
457.63001282691954,-74.35866151068889,-74.35866151068889
457.64001282691953,-74.35836141614482,-74.35836141614482
457.6500128269196,-74.35806195035889,-74.35806195035889
457.66001282691957,-74.35776329989979,-74.35776329989979
457.67001282691956,-74.357465648469,-74.357465648469
457.68001282691955,-74.35716917697212,-74.35716917697212
457.69001282691954,-74.35687406351578,-74.35687406351578
457.70001282691953,-74.35658048344179,-74.35658048344179
457.7100128269196,-74.35628860935212,-74.35628860935212
457.7200128269196,-74.35599861112482,-74.35599861112482
457.73001282691956,-74.35571065594807,-74.35571065594807
457.74001282691955,-74.35542490834136,-74.35542490834136
457.75001282691954,-74.35514153017228,-74.35514153017228
457.76001282691954,-74.35486068070549,-74.35486068070549
457.7700128269196,-74.35458251659122,-74.35458251659122
457.7800128269196,-74.35430719191952,-74.35430719191952
457.79001282691956,-74.3540348582537,-74.3540348582537
457.80001282691956,-74.35376566460862,-74.35376566460862
457.81001282691955,-74.35349975754188,-74.35349975754188
457.82001282691954,-74.35323728113002,-74.35323728113002
457.8300128269195,-74.35297837701697,-74.35297837701697
457.8400128269196,-74.35272318441935,-74.35272318441935
457.85001282691957,-74.35247184018014,-74.35247184018014
457.86001282691956,-74.35222447878633,-74.35222447878633
457.87001282691955,-74.35198123238654,-74.35198123238654
457.88001282691954,-74.35174223081752,-74.35174223081752
457.89001282691953,-74.35150760163513,-74.35150760163513
457.9000128269196,-74.35127747013414,-74.35127747013414
457.91001282691957,-74.35105195939707,-74.35105195939707
457.92001282691956,-74.35083119028904,-74.35083119028904
457.93001282691955,-74.35061528149893,-74.35061528149893
457.94001282691954,-74.35040434956474,-74.35040434956474
457.95001282691953,-74.35019850889888,-74.35019850889888
457.9600128269196,-74.3499978718071,-74.3499978718071
457.9700128269196,-74.34980254852533,-74.34980254852533
457.98001282691956,-74.34961264723898,-74.34961264723898
457.99001282691955,-74.34942827410588,-74.34942827410588
458.00001282691954,-74.3492495332903,-74.3492495332903
458.01001282691954,-74.34907652696947,-74.34907652696947
458.0200128269196,-74.34890935538162,-74.34890935538162
458.0300128269196,-74.34874811682857,-74.34874811682857
458.04001282691956,-74.34859290772135,-74.34859290772135
458.05001282691956,-74.34844382259513,-74.34844382259513
458.06001282691955,-74.34830095411837,-74.34830095411837
458.07001282691954,-74.34816439314241,-74.34816439314241
458.0800128269195,-74.34803422870803,-74.34803422870803
458.0900128269196,-74.34791054808359,-74.34791054808359
458.10001282691957,-74.34779343676752,-74.34779343676752
458.11001282691956,-74.34768297852787,-74.34768297852787
458.12001282691955,-74.34757925542593,-74.34757925542593
458.13001282691954,-74.34748234782622,-74.34748234782622
458.14001282691953,-74.34739233442154,-74.34739233442154
458.1500128507614,-74.3473092920727,-74.3473092920727
458.1600128507614,-74.34723329664408,-74.34723329664408
458.1700128507614,-74.3471644217277,-74.3471644217277
458.1800128507614,-74.34710273959193,-74.34710273959193
458.19001285076143,-74.34704832093537,-74.34704832093537
458.2000128507614,-74.34700123491557,-74.34700123491557
458.2100128507614,-74.34696154918636,-74.34696154918636
458.2200128507614,-74.34692932989273,-74.34692932989273
458.2300128507614,-74.34690464173208,-74.34690464173208
458.2400128507614,-74.34688754792079,-74.34688754792079
458.25001285076144,-74.34687811026166,-74.34687811026166
458.2600128507614,-74.34687638913762,-74.34687638913762
458.2700128507614,-74.34688244354774,-74.34688244354774
458.2800128507614,-74.3468963311035,-74.3468963311035
458.2900128507614,-74.34691810807522,-74.34691810807522
458.3000128507614,-74.34694782939711,-74.34694782939711
458.31001285076144,-74.34698554868413,-74.34698554868413
458.32001285076143,-74.34703131825832,-74.34703131825832
458.3300128507614,-74.34708518915676,-74.34708518915676
458.3400128507614,-74.3471472111619,-74.3471472111619
458.3500128507614,-74.34721743282371,-74.34721743282371
458.3600128507614,-74.34729590146213,-74.34729590146213
458.37001285076144,-74.34738266317667,-74.34738266317667
458.38001285076143,-74.34747776289736,-74.34747776289736
458.3900128507614,-74.3475812443679,-74.3475812443679
458.4000128507614,-74.34769315019322,-74.34769315019322
458.4100128507614,-74.34781352182699,-74.34781352182699
458.4200128507614,-74.34794239961195,-74.34794239961195
458.4300128507614,-74.34807982278014,-74.34807982278014
458.44001285076143,-74.34822582946657,-74.34822582946657
458.4500128507614,-74.3483804567568,-74.3483804567568
458.4600128507614,-74.3485437406605,-74.3485437406605
458.4700128507614,-74.34871571614842,-74.34871571614842
458.4800128507614,-74.3488964171798,-74.3488964171798
458.4900128507614,-74.34908587668866,-74.34908587668866
458.50001285076144,-74.34928412661579,-74.34928412661579
458.5100128507614,-74.34949119792557,-74.34949119792557
458.5200128507614,-74.34970712061353,-74.34970712061353
458.5300128507614,-74.34993192372379,-74.34993192372379
458.5400128507614,-74.35016563537077,-74.35016563537077
458.5500128507614,-74.35040828272935,-74.35040828272935
458.56001285076144,-74.35065989207504,-74.35065989207504
458.57001285076143,-74.35092048879073,-74.35092048879073
458.5800128507614,-74.35119009737025,-74.35119009737025
458.5900128507614,-74.3514687414396,-74.3514687414396
458.6000128507614,-74.35175644377252,-74.35175644377252
458.6100128507614,-74.35205322629656,-74.35205322629656
458.62001285076144,-74.3523591101086,-74.3523591101086
458.63001285076143,-74.35267411550234,-74.35267411550234
458.6400128507614,-74.35299826193648,-74.35299826193648
458.6500128507614,-74.35333156810228,-74.35333156810228
458.6600128507614,-74.35367405190492,-74.35367405190492
458.6700128507614,-74.35402573047072,-74.35402573047072
458.6800128507614,-74.35438662018343,-74.35438662018343
458.69001285076143,-74.35475673667692,-74.35475673667692
458.7000128507614,-74.35513609484728,-74.35513609484728
458.7100128507614,-74.3555182260402,-74.3555182260402
458.7200128507614,-74.35590030685778,-74.35590030685778
458.7300128507614,-74.35628097037657,-74.35628097037657
458.7400128507614,-74.35665952336495,-74.35665952336495
458.75001285076144,-74.35703564762245,-74.35703564762245
458.7600128507614,-74.35740924489888,-74.35740924489888
458.7700128507614,-74.35778034592245,-74.35778034592245
458.7800128507614,-74.3581490557968,-74.3581490557968
458.7900128507614,-74.35851552116328,-74.35851552116328
458.8000128507614,-74.35887991045887,-74.35887991045887
458.81001285076144,-74.35924240219498,-74.35924240219498
458.82001285076143,-74.35960317806277,-74.35960317806277
458.8300128507614,-74.35996241897985,-74.35996241897985
458.8400128507614,-74.36032030292628,-74.36032030292628
458.8500128507614,-74.36067700388703,-74.36067700388703
458.8600128507614,-74.36103269141826,-74.36103269141826
458.87001285076144,-74.36138753059129,-74.36138753059129
458.88001285076143,-74.36174168214126,-74.36174168214126
458.8900128507614,-74.36209530275072,-74.36209530275072
458.9000128507614,-74.36244854532274,-74.36244854532274
458.9100128507614,-74.36280155931966,-74.36280155931966
458.9200128507614,-74.36315449104026,-74.36315449104026
458.9300128507614,-74.36350748389673,-74.36350748389673
458.94001285076143,-74.36386067866988,-74.36386067866988
458.9500128507614,-74.3642142137169,-74.3642142137169
458.9600128507614,-74.36456822516625,-74.36456822516625
458.9700128507614,-74.36492284707782,-74.36492284707782
458.9800128507614,-74.365278211566,-74.365278211566
458.9900128507614,-74.36563444892944,-74.36563444892944
459.00001287460327,-74.36599168860344,-74.36599168860344
459.01001287460326,-74.36635005582632,-74.36635005582632
459.02001287460325,-74.3667096768097,-74.3667096768097
459.03001287460324,-74.36707067540533,-74.36707067540533
459.0400128746033,-74.36743317399548,-74.36743317399548
459.0500128746033,-74.36779729351805,-74.36779729351805
459.0600128746033,-74.36816315351633,-74.36816315351633
459.07001287460326,-74.36853087214152,-74.36853087214152
459.08001287460326,-74.36890056619387,-74.36890056619387
459.09001287460325,-74.3692723511103,-74.3692723511103
459.1000128746033,-74.36964634101251,-74.36964634101251
459.1100128746033,-74.37002264867024,-74.37002264867024
459.1200128746033,-74.37040138555368,-74.37040138555368
459.13001287460327,-74.37078266179587,-74.37078266179587
459.14001287460326,-74.37116658623063,-74.37116658623063
459.15001287460325,-74.37155326636092,-74.37155326636092
459.1600128746033,-74.37194280839019,-74.37194280839019
459.1700128746033,-74.37233531719684,-74.37233531719684
459.1800128746033,-74.37273089636676,-74.37273089636676
459.19001287460327,-74.37312964815033,-74.37312964815033
459.20001287460326,-74.3735316734981,-74.3735316734981
459.21001287460325,-74.3739370720309,-74.3739370720309
459.2200128746033,-74.37434594206434,-74.37434594206434
459.2300128746033,-74.37475838060872,-74.37475838060872
459.2400128746033,-74.37517448333628,-74.37517448333628
459.25001287460327,-74.37559434461166,-74.37559434461166
459.26001287460326,-74.37601805748716,-74.37601805748716
459.27001287460325,-74.37644571369746,-74.37644571369746
459.28001287460324,-74.3768774036712,-74.3768774036712
459.2900128746033,-74.3773132165065,-74.3773132165065
459.3000128746033,-74.37775324000614,-74.37775324000614
459.3100128746033,-74.37819756065812,-74.37819756065812
459.32001287460326,-74.37864626364706,-74.37864626364706
459.33001287460326,-74.37909943285013,-74.37909943285013
459.34001287460325,-74.37955715085207,-74.37955715085207
459.3500128746033,-74.38001949894158,-74.38001949894158
459.3600128746033,-74.38048655711465,-74.38048655711465
459.3700128746033,-74.38095840407568,-74.38095840407568
459.38001287460327,-74.38143511726605,-74.38143511726605
459.39001287460326,-74.38191677283022,-74.38191677283022
459.40001287460325,-74.38240344565415,-74.38240344565415
459.4100128746033,-74.3828952093592,-74.3828952093592
459.4200128746033,-74.38339213630907,-74.38339213630907
459.4300128746033,-74.38389429761784,-74.38389429761784
459.44001287460327,-74.38440176315801,-74.38440176315801
459.45001287460326,-74.38491460156462,-74.38491460156462
459.46001287460325,-74.38543288024967,-74.38543288024967
459.4700128746033,-74.38595666539068,-74.38595666539068
459.4800128746033,-74.3864860219706,-74.3864860219706
459.4900128746033,-74.38702101376154,-74.38702101376154
459.50001287460327,-74.38756170334955,-74.38756170334955
459.51001287460326,-74.38810815211791,-74.38810815211791
459.52001287460325,-74.38866042029225,-74.38866042029225
459.53001287460324,-74.38921856692131,-74.38921856692131
459.5400128746033,-74.38978264989875,-74.38978264989875
459.5500128746033,-74.39035272596878,-74.39035272596878
459.5600128746033,-74.3909288507389,-74.3909288507389
459.57001287460326,-74.39151107869186,-74.39151107869186
459.58001287460326,-74.39209946318815,-74.39209946318815
459.59001287460325,-74.39269405648294,-74.39269405648294
459.6000128746033,-74.39329490973454,-74.39329490973454
459.6100128746033,-74.39390207301089,-74.39390207301089
459.6200128746033,-74.39451559531139,-74.39451559531139
459.63001287460327,-74.39513552456705,-74.39513552456705
459.64001287460326,-74.39576190764748,-74.39576190764748
459.65001287460325,-74.396394790378,-74.396394790378
459.6600128746033,-74.39703421756322,-74.39703421756322
459.6700128746033,-74.39768023296469,-74.39768023296469
459.6800128746033,-74.39833287934994,-74.39833287934994
459.69001287460327,-74.39899219848064,-74.39899219848064
459.70001287460326,-74.39965823111879,-74.39965823111879
459.71001287460325,-74.40033101705868,-74.40033101705868
459.7200128746033,-74.4010105951251,-74.4010105951251
459.7300128746033,-74.40169700318765,-74.40169700318765
459.7400128746033,-74.40239027815407,-74.40239027815407
459.75001287460327,-74.40309045602267,-74.40309045602267
459.76001287460326,-74.40379757185067,-74.40379757185067
459.77001287460325,-74.40451165977477,-74.40451165977477
459.78001287460324,-74.40523275303549,-74.40523275303549
459.7900128746033,-74.40596088400115,-74.40596088400115
459.8000128746033,-74.40669608413072,-74.40669608413072
459.8100128746033,-74.40743838402634,-74.40743838402634
459.82001287460326,-74.4081878134315,-74.4081878134315
459.83001287460326,-74.408944401233,-74.408944401233
459.84001287460325,-74.40970817549837,-74.40970817549837
459.85001289844513,-74.41047916527373,-74.41047916527373
459.8600128984451,-74.41125739333752,-74.41125739333752
459.8700128984451,-74.41204288709187,-74.41204288709187
459.8800128984451,-74.41283567134637,-74.41283567134637
459.89001289844515,-74.41363577012591,-74.41363577012591
459.90001289844514,-74.41444320667539,-74.41444320667539
459.91001289844513,-74.41525800348415,-74.41525800348415
459.9200128984451,-74.41608018227755,-74.41608018227755
459.9300128984451,-74.41690976403858,-74.41690976403858
459.9400128984451,-74.41774676900683,-74.41774676900683
459.95001289844515,-74.41859121671642,-74.41859121671642
459.96001289844514,-74.4194431259762,-74.4194431259762
459.97001289844513,-74.42030251487293,-74.42030251487293
459.9800128984451,-74.42116940083002,-74.42116940083002
459.9900128984451,-74.42204380056545,-74.42204380056545
460.0000128984451,-74.4229257301308,-74.4229257301308
460.01001289844515,-74.42381520488912,-74.42381520488912
460.02001289844515,-74.42471223957361,-74.42471223957361
460.03001289844514,-74.42561684826084,-74.42561684826084
460.0400128984451,-74.42652904437644,-74.42652904437644
460.0500128984451,-74.42744884072665,-74.42744884072665
460.0600128984451,-74.42837624949884,-74.42837624949884
460.07001289844516,-74.42931128226613,-74.42931128226613
460.08001289844515,-74.43025394999577,-74.43025394999577
460.09001289844514,-74.43120426306156,-74.43120426306156
460.10001289844513,-74.43216223126667,-74.43216223126667
460.1100128984451,-74.43312786381186,-74.43312786381186
460.1200128984451,-74.43410116934172,-74.43410116934172
460.1300128984451,-74.43508215593926,-74.43508215593926
460.14001289844515,-74.43607083113778,-74.43607083113778
460.15001289844514,-74.43706720192802,-74.43706720192802
460.16001289844513,-74.43807127476484,-74.43807127476484
460.1700128984451,-74.43908305557895,-74.43908305557895
460.1800128984451,-74.44010254977509,-74.44010254977509
460.1900128984451,-74.4411297622457,-74.4411297622457
460.20001289844515,-74.44216469739428,-74.44216469739428
460.21001289844514,-74.4432073591064,-74.4432073591064
460.22001289844513,-74.444257750797,-74.444257750797
460.2300128984451,-74.44531587538656,-74.44531587538656
460.2400128984451,-74.44638173533616,-74.44638173533616
460.2500128984451,-74.4474553326314,-74.4474553326314
460.26001289844515,-74.4485366687971,-74.4485366687971
460.27001289844515,-74.4496257449222,-74.4496257449222
460.28001289844514,-74.45072256162578,-74.45072256162578
460.2900128984451,-74.45182711911383,-74.45182711911383
460.3000128984451,-74.45293941714404,-74.45293941714404
460.3100128984451,-74.45405945506404,-74.45405945506404
460.32001289844516,-74.45518723179015,-74.45518723179015
460.33001289844515,-74.45632274583711,-74.45632274583711
460.34001289844514,-74.45746599531977,-74.45746599531977
460.35001289844513,-74.45861697794781,-74.45861697794781
460.3600128984451,-74.45977569103647,-74.45977569103647
460.3700128984451,-74.46094213152843,-74.46094213152843
460.3800128984451,-74.4621162959787,-74.4621162959787
460.39001289844515,-74.46329818058031,-74.46329818058031
460.40001289844514,-74.46448778113955,-74.46448778113955
460.41001289844513,-74.46568509312416,-74.46568509312416
460.4200128984451,-74.46689011163653,-74.46689011163653
460.4300128984451,-74.46810283143496,-74.46810283143496
460.4400128984451,-74.46932324692945,-74.46932324692945
460.45001289844515,-74.47055135220046,-74.47055135220046
460.46001289844514,-74.47178714099097,-74.47178714099097
460.47001289844513,-74.47303060672637,-74.47303060672637
460.4800128984451,-74.47428174250302,-74.47428174250302
460.4900128984451,-74.47554054110145,-74.47554054110145
460.5000128984451,-74.47680699500559,-74.47680699500559
460.51001289844515,-74.47808109638106,-74.47808109638106
460.52001289844515,-74.47936283709514,-74.47936283709514
460.53001289844514,-74.48065220873347,-74.48065220873347
460.5400128984451,-74.48194920258453,-74.48194920258453
460.5500128984451,-74.4832538096541,-74.4832538096541
460.5600128984451,-74.48456602066175,-74.48456602066175
460.57001289844516,-74.48588582606439,-74.48588582606439
460.58001289844515,-74.48721321604593,-74.48721321604593
460.59001289844514,-74.48854818052477,-74.48854818052477
460.60001289844513,-74.48989070915478,-74.48989070915478
460.6100128984451,-74.49124079133858,-74.49124079133858
460.6200128984451,-74.49259841623085,-74.49259841623085
460.6300128984451,-74.49396357273896,-74.49396357273896
460.64001289844515,-74.49533624952925,-74.49533624952925
460.65001289844514,-74.4967164350129,-74.4967164350129
460.66001289844513,-74.49810411739239,-74.49810411739239
460.6700128984451,-74.49949928463563,-74.49949928463563
460.6800128984451,-74.50090192446876,-74.50090192446876
460.6900128984451,-74.5023120244214,-74.5023120244214
460.700012922287,-74.50372957516468,-74.50372957516468
460.710012922287,-74.50514805728585,-74.50514805728585
460.72001292228697,-74.50652711053377,-74.50652711053377
460.73001292228696,-74.50786453815667,-74.50786453815667
460.740012922287,-74.50916074866262,-74.50916074866262
460.750012922287,-74.51041533169582,-74.51041533169582
460.760012922287,-74.5116272116306,-74.5116272116306
460.770012922287,-74.51279495427424,-74.51279495427424
460.78001292228697,-74.51391696442967,-74.51391696442967
460.79001292228696,-74.51499160368603,-74.51499160368603
460.800012922287,-74.51601726069916,-74.51601726069916
460.810012922287,-74.51699239302606,-74.51699239302606
460.820012922287,-74.5179155513305,-74.5179155513305
460.830012922287,-74.5187853924103,-74.5187853924103
460.840012922287,-74.51960068513512,-74.51960068513512
460.85001292228696,-74.52036031180755,-74.52036031180755
460.860012922287,-74.521063266678,-74.521063266678
460.870012922287,-74.52170865269221,-74.52170865269221
460.880012922287,-74.52229567718825,-74.52229567718825
460.890012922287,-74.5228236470366,-74.5228236470366
460.900012922287,-74.52329196351208,-74.52329196351208
460.91001292228697,-74.52370011716961,-74.52370011716961
460.920012922287,-74.52404768271776,-74.52404768271776
460.930012922287,-74.52433431410498,-74.52433431410498
460.940012922287,-74.52455973977861,-74.52455973977861
460.950012922287,-74.5247237581785,-74.5247237581785
460.960012922287,-74.52482623344066,-74.52482623344066
460.97001292228697,-74.52486709138444,-74.52486709138444
460.98001292228696,-74.52484631565197,-74.52484631565197
460.990012922287,-74.52476394412722,-74.52476394412722
461.000012922287,-74.5246200655417,-74.5246200655417
461.010012922287,-74.52441481629035,-74.52441481629035
461.020012922287,-74.524148377389,-74.524148377389
461.03001292228697,-74.52382097167846,-74.52382097167846
461.04001292228696,-74.52343286111523,-74.52343286111523
461.050012922287,-74.52298434429265,-74.52298434429265
461.060012922287,-74.52247575401836,-74.52247575401836
461.070012922287,-74.52190745511778,-74.52190745511778
461.080012922287,-74.52127984228527,-74.52127984228527
461.090012922287,-74.52059333808084,-74.52059333808084
461.10001292228696,-74.51984839107458,-74.51984839107458
461.110012922287,-74.51904547402391,-74.51904547402391
461.120012922287,-74.51818508220683,-74.51818508220683
461.130012922287,-74.51726773182166,-74.51726773182166
461.140012922287,-74.51629395844856,-74.51629395844856
461.150012922287,-74.51526431565517,-74.51526431565517
461.16001292228697,-74.51417937361208,-74.51417937361208
461.170012922287,-74.51303971781847,-74.51303971781847
461.180012922287,-74.51184594790814,-74.51184594790814
461.190012922287,-74.51059867644696,-74.51059867644696
461.200012922287,-74.50929852788819,-74.50929852788819
461.210012922287,-74.50794613750662,-74.50794613750662
461.22001292228697,-74.50654215043558,-74.50654215043558
461.23001292228696,-74.5050872207345,-74.5050872207345
461.240012922287,-74.50358201049875,-74.50358201049875
461.250012922287,-74.50202718903837,-74.50202718903837
461.260012922287,-74.50042343207238,-74.50042343207238
461.270012922287,-74.49877142098573,-74.49877142098573
461.28001292228697,-74.49707184212862,-74.49707184212862
461.29001292228696,-74.4953253861254,-74.4953253861254
461.300012922287,-74.49353274724679,-74.49353274724679
461.310012922287,-74.49169462280933,-74.49169462280933
461.320012922287,-74.48981171259526,-74.48981171259526
461.330012922287,-74.48788471831506,-74.48788471831506
461.340012922287,-74.48591434310087,-74.48591434310087
461.35001292228696,-74.4839012910101,-74.4839012910101
461.360012922287,-74.48184626657218,-74.48184626657218
461.370012922287,-74.4797499743646,-74.4797499743646
461.380012922287,-74.47761311857641,-74.47761311857641
461.390012922287,-74.475436402656,-74.475436402656
461.400012922287,-74.47322052892159,-74.47322052892159
461.41001292228697,-74.47096619822301,-74.47096619822301
461.420012922287,-74.46867410962582,-74.46867410962582
461.430012922287,-74.46634496007528,-74.46634496007528
461.440012922287,-74.46397944415028,-74.46397944415028
461.450012922287,-74.46157825375221,-74.46157825375221
461.460012922287,-74.45914207787273,-74.45914207787273
461.47001292228697,-74.45667160233312,-74.45667160233312
461.48001292228696,-74.45416750959772,-74.45416750959772
461.490012922287,-74.45163047850421,-74.45163047850421
461.500012922287,-74.44906118410967,-74.44906118410967
461.510012922287,-74.44646029748536,-74.44646029748536
461.520012922287,-74.44382848555283,-74.44382848555283
461.53001292228697,-74.44116641091352,-74.44116641091352
461.54001292228696,-74.43847473169335,-74.43847473169335
461.55001294612885,-74.43575409492765,-74.43575409492765
461.56001294612884,-74.4330051622776,-74.4330051622776
461.5700129461288,-74.4302285712767,-74.4302285712767
461.5800129461288,-74.42742496084955,-74.42742496084955
461.59001294612887,-74.4245949648433,-74.4245949648433
461.60001294612886,-74.42173921194197,-74.42173921194197
461.61001294612885,-74.41885832556336,-74.41885832556336
461.62001294612884,-74.41595292377649,-74.41595292377649
461.63001294612883,-74.41302361923154,-74.41302361923154
461.6400129461288,-74.41007101908765,-74.41007101908765
461.65001294612887,-74.40709572497367,-74.40709572497367
461.66001294612886,-74.40409833289563,-74.40409833289563
461.67001294612885,-74.40107943323069,-74.40107943323069
461.68001294612884,-74.3980396106483,-74.3980396106483
461.69001294612883,-74.394979444096,-74.394979444096
461.7000129461288,-74.39189950676209,-74.39189950676209
461.71001294612887,-74.3887938783246,-74.3887938783246
461.72001294612886,-74.38566028095065,-74.38566028095065
461.73001294612885,-74.38249789099734,-74.38249789099734
461.74001294612884,-74.37930655593937,-74.37930655593937
461.75001294612883,-74.37608649506937,-74.37608649506937
461.7600129461288,-74.37283814382133,-74.37283814382133
461.7700129461289,-74.36956206238135,-74.36956206238135
461.78001294612886,-74.36625888068818,-74.36625888068818
461.79001294612885,-74.36292926528982,-74.36292926528982
461.80001294612885,-74.35957389948678,-74.35957389948678
461.81001294612884,-74.35619347142972,-74.35619347142972
461.8200129461288,-74.3527886671424,-74.3527886671424
461.8300129461288,-74.34936016653948,-74.34936016653948
461.84001294612887,-74.34590864120983,-74.34590864120983
461.85001294612886,-74.34243475335991,-74.34243475335991
461.86001294612885,-74.33893915536696,-74.33893915536696
461.87001294612884,-74.33542248973288,-74.33542248973288
461.88001294612883,-74.33188538926181,-74.33188538926181
461.8900129461288,-74.32832847731628,-74.32832847731628
461.90001294612887,-74.32475236816548,-74.32475236816548
461.91001294612886,-74.32115766731646,-74.32115766731646
461.92001294612885,-74.31754497181403,-74.31754497181403
461.93001294612884,-74.3139148705654,-74.3139148705654
461.94001294612883,-74.31026794460327,-74.31026794460327
461.9500129461288,-74.30660476733732,-74.30660476733732
461.96001294612887,-74.30292590476814,-74.30292590476814
461.97001294612886,-74.29923191568162,-74.29923191568162
461.98001294612885,-74.29552335180907,-74.29552335180907
461.99001294612884,-74.2918007580055,-74.2918007580055
462.00001294612883,-74.28806467233629,-74.28806467233629
462.0100129461288,-74.2843156262223,-74.2843156262223
462.0200129461289,-74.28055414454043,-74.28055414454043
462.03001294612886,-74.27678074570346,-74.27678074570346
462.04001294612885,-74.27299594175577,-74.27299594175577
462.05001294612885,-74.26920023842943,-74.26920023842943
462.06001294612884,-74.26539413522518,-74.26539413522518
462.0700129461288,-74.2615781254693,-74.2615781254693
462.0800129461288,-74.25775269636286,-74.25775269636286
462.09001294612887,-74.25391832905437,-74.25391832905437
462.10001294612886,-74.2500754986729,-74.2500754986729
462.11001294612885,-74.24622467436103,-74.24622467436103
462.12001294612884,-74.24236631936907,-74.24236631936907
462.13001294612883,-74.23850089104819,-74.23850089104819
462.1400129461288,-74.23462884093136,-74.23462884093136
462.15001294612887,-74.23075061473783,-74.23075061473783
462.16001294612886,-74.22686665244733,-74.22686665244733
462.17001294612885,-74.22297738833132,-74.22297738833132
462.18001294612884,-74.21908325098116,-74.21908325098116
462.19001294612883,-74.2151846633598,-74.2151846633598
462.2000129461288,-74.21128204285249,-74.21128204285249
462.21001294612887,-74.20737580128453,-74.20737580128453
462.22001294612886,-74.20346634498168,-74.20346634498168
462.23001294612885,-74.19955407478743,-74.19955407478743
462.24001294612884,-74.19563938613119,-74.19563938613119
462.25001294612883,-74.19172266906274,-74.19172266906274
462.2600129461288,-74.18780430828437,-74.18780430828437
462.2700129461289,-74.18388468319083,-74.18388468319083
462.28001294612886,-74.1799641679276,-74.1799641679276
462.29001294612885,-74.17604313143198,-74.17604313143198
462.30001294612885,-74.17212193744957,-74.17212193744957
462.31001294612884,-74.16820094461511,-74.16820094461511
462.3200129461288,-74.16428050646894,-74.16428050646894
462.3300129461288,-74.16036097151091,-74.16036097151091
462.34001294612887,-74.15644268325023,-74.15644268325023
462.35001294612886,-74.15252598023407,-74.15252598023407
462.36001294612885,-74.14861119611302,-74.14861119611302
462.37001294612884,-74.14469865966042,-74.14469865966042
462.38001294612883,-74.14078869484092,-74.14078869484092
462.3900129461288,-74.13688162085506,-74.13688162085506
462.4000129699707,-74.13297774285253,-74.13297774285253
462.4100129699707,-74.12907738922934,-74.12907738922934
462.4200129699707,-74.12518085582091,-74.12518085582091
462.4300129699707,-74.12128844318242,-74.12128844318242
462.4400129699707,-74.11740044730779,-74.11740044730779
462.4500129699707,-74.1135171597185,-74.1135171597185
462.4600129699707,-74.10963240452337,-74.10963240452337
462.4700129699707,-74.10574363696381,-74.10574363696381
462.4800129699707,-74.1018497631928,-74.1018497631928
462.4900129699707,-74.09795036002433,-74.09795036002433
462.5000129699707,-74.09404537664625,-74.09404537664625
462.5100129699707,-74.09013497938571,-74.09013497938571
462.5200129699707,-74.08621946049807,-74.08621946049807
462.5300129699707,-74.08229918334747,-74.08229918334747
462.5400129699707,-74.07837454934452,-74.07837454934452
462.5500129699707,-74.0744459781113,-74.0744459781113
462.5600129699707,-74.07051389570213,-74.07051389570213
462.5700129699707,-74.06657872763786,-74.06657872763786
462.5800129699707,-74.06264089496251,-74.06264089496251
462.5900129699707,-74.05870081210126,-74.05870081210126
462.6000129699707,-74.05475888582738,-74.05475888582738
462.6100129699707,-74.05081551485473,-74.05081551485473
462.62001296997073,-74.04687108983988,-74.04687108983988
462.6300129699707,-74.0429259935848,-74.0429259935848
462.6400129699707,-74.03898060134887,-74.03898060134887
462.6500129699707,-74.03503528118263,-74.03503528118263
462.6600129699707,-74.03109039431021,-74.03109039431021
462.6700129699707,-74.02714629548633,-74.02714629548633
462.6800129699707,-74.02320333326995,-74.02320333326995
462.6900129699707,-74.01926185038151,-74.01926185038151
462.7000129699707,-74.01532218391964,-74.01532218391964
462.7100129699707,-74.01138466560926,-74.01138466560926
462.7200129699707,-74.00744962200821,-74.00744962200821
462.7300129699707,-74.00351737468738,-74.00351737468738
462.7400129699707,-73.9995882403856,-73.9995882403856
462.7500129699707,-73.99566253115249,-73.99566253115249
462.7600129699707,-73.99174055446609,-73.99174055446609
462.7700129699707,-73.98782261334892,-73.98782261334892
462.7800129699707,-73.98390900644694,-73.98390900644694
462.7900129699707,-73.98000002811939,-73.98000002811939
462.8000129699707,-73.97609596851383,-73.97609596851383
462.8100129699707,-73.97219711364897,-73.97219711364897
462.8200129699707,-73.96830374543329,-73.96830374543329
462.8300129699707,-73.96441614177041,-73.96441614177041
462.8400129699707,-73.96053457657102,-73.96053457657102
462.8500129699707,-73.95665931980973,-73.95665931980973
462.8600129699707,-73.95279063756853,-73.95279063756853
462.87001296997073,-73.94892879206839,-73.94892879206839
462.8800129699707,-73.94507404173169,-73.94507404173169
462.8900129699707,-73.94122664118805,-73.94122664118805
462.9000129699707,-73.93738684132477,-73.93738684132477
462.9100129699707,-73.93355488930986,-73.93355488930986
462.9200129699707,-73.92973102862382,-73.92973102862382
462.9300129699707,-73.92591549910819,-73.92591549910819
462.9400129699707,-73.9221085369699,-73.9221085369699
462.9500129699707,-73.91831037483095,-73.91831037483095
462.9600129699707,-73.91451479635815,-73.91451479635815
462.9700129699707,-73.91071920798719,-73.91071920798719
462.9800129699707,-73.90692246413893,-73.90692246413893
462.9900129699707,-73.9031240889584,-73.9031240889584
463.0000129699707,-73.89932397875955,-73.89932397875955
463.0100129699707,-73.89552224718516,-73.89552224718516
463.0200129699707,-73.89171913419928,-73.89171913419928
463.0300129699707,-73.88791495136986,-73.88791495136986
463.0400129699707,-73.88411004890402,-73.88411004890402
463.0500129699707,-73.88030479581334,-73.88030479581334
463.0600129699707,-73.87649956817111,-73.87649956817111
463.0700129699707,-73.87269474213626,-73.87269474213626
463.0800129699707,-73.86889069003436,-73.86889069003436
463.0900129699707,-73.86508777818834,-73.86508777818834
463.1000129699707,-73.86128636588158,-73.86128636588158
463.1100129699707,-73.85748680495374,-73.85748680495374
463.12001296997073,-73.85368943979013,-73.85368943979013
463.1300129699707,-73.84989460748561,-73.84989460748561
463.1400129699707,-73.846102638199,-73.846102638199
463.1500129699707,-73.84231385543954,-73.84231385543954
463.1600129699707,-73.83852857645249,-73.83852857645249
463.1700129699707,-73.83474711255175,-73.83474711255175
463.1800129699707,-73.8309697694253,-73.8309697694253
463.1900129699707,-73.82719684741795,-73.82719684741795
463.2000129699707,-73.82342864179431,-73.82342864179431
463.2100129699707,-73.81966544294923,-73.81966544294923
463.2200129699707,-73.8159075366262,-73.8159075366262
463.2300129699707,-73.81215520406855,-73.81215520406855
463.2400129699707,-73.8084087221694,-73.8084087221694
463.25001299381256,-73.80466835470729,-73.80466835470729
463.26001299381255,-73.80093438810155,-73.80093438810155
463.27001299381254,-73.79720707800443,-73.79720707800443
463.28001299381253,-73.79348668510288,-73.79348668510288
463.2900129938126,-73.78977346621997,-73.78977346621997
463.3000129938126,-73.78606767441917,-73.78606767441917
463.31001299381256,-73.782369559052,-73.782369559052
463.32001299381255,-73.77867936579563,-73.77867936579563
463.33001299381255,-73.77499733673325,-73.77499733673325
463.34001299381254,-73.77132371036947,-73.77132371036947
463.3500129938126,-73.76765872169668,-73.76765872169668
463.3600129938126,-73.76400260217926,-73.76400260217926
463.37001299381257,-73.76035557985398,-73.76035557985398
463.38001299381256,-73.75671787930138,-73.75671787930138
463.39001299381255,-73.75308972172238,-73.75308972172238
463.40001299381254,-73.74947132493618,-73.74947132493618
463.4100129938126,-73.74586290342114,-73.74586290342114
463.4200129938126,-73.74226466832818,-73.74226466832818
463.43001299381257,-73.73867682752486,-73.73867682752486
463.44001299381256,-73.73509958560719,-73.73509958560719
463.45001299381255,-73.73153314392505,-73.73153314392505
463.46001299381254,-73.72797770060559,-73.72797770060559
463.4700129938126,-73.7244334505931,-73.7244334505931
463.4800129938126,-73.7209005856548,-73.7209005856548
463.49001299381257,-73.71737929440134,-73.71737929440134
463.50001299381256,-73.7138697623386,-73.7138697623386
463.51001299381255,-73.71037217186452,-73.71037217186452
463.52001299381254,-73.7068867022975,-73.7068867022975
463.53001299381253,-73.70341352992035,-73.70341352992035
463.5400129938126,-73.69995282799091,-73.69995282799091
463.5500129938126,-73.6965047667532,-73.6965047667532
463.56001299381256,-73.69306951348878,-73.69306951348878
463.57001299381255,-73.68964723252779,-73.68964723252779
463.58001299381255,-73.68623808528324,-73.68623808528324
463.59001299381254,-73.68284223025653,-73.68284223025653
463.6000129938126,-73.67945982308778,-73.67945982308778
463.6100129938126,-73.6760910165674,-73.6760910165674
463.62001299381257,-73.67273596066916,-73.67273596066916
463.63001299381256,-73.66939480258145,-73.66939480258145
463.64001299381255,-73.66606768670562,-73.66606768670562
463.65001299381254,-73.66275475472426,-73.66275475472426
463.6600129938126,-73.65945614559739,-73.65945614559739
463.6700129938126,-73.65617199560073,-73.65617199560073
463.68001299381257,-73.65290243834453,-73.65290243834453
463.69001299381256,-73.64964760482306,-73.64964760482306
463.70001299381255,-73.64640762340956,-73.64640762340956
463.71001299381254,-73.6431761989212,-73.6431761989212
463.7200129938126,-73.63995064677528,-73.63995064677528
463.7300129938126,-73.63672972578712,-73.63672972578712
463.74001299381257,-73.63351286275307,-73.63351286275307
463.75001299381256,-73.63029985599037,-73.63029985599037
463.76001299381255,-73.62709072112632,-73.62709072112632
463.77001299381254,-73.62388560045852,-73.62388560045852
463.78001299381253,-73.6206847084847,-73.6206847084847
463.7900129938126,-73.61748829904904,-73.61748829904904
463.8000129938126,-73.6142966456471,-73.6142966456471
463.81001299381256,-73.61111002966396,-73.61111002966396
463.82001299381255,-73.60792873350665,-73.60792873350665
463.83001299381255,-73.60475303665508,-73.60475303665508
463.84001299381254,-73.60158321354528,-73.60158321354528
463.8500129938126,-73.59841953249675,-73.59841953249675
463.8600129938126,-73.59526225535278,-73.59526225535278
463.87001299381257,-73.59211163744345,-73.59211163744345
463.88001299381256,-73.58896792777766,-73.58896792777766
463.89001299381255,-73.58583136934911,-73.58583136934911
463.90001299381254,-73.58270219946624,-73.58270219946624
463.9100129938126,-73.57958065011526,-73.57958065011526
463.9200129938126,-73.57646694828827,-73.57646694828827
463.93001299381257,-73.57336131628348,-73.57336131628348
463.94001299381256,-73.57026397200335,-73.57026397200335
463.95001299381255,-73.56717512919428,-73.56717512919428
463.96001299381254,-73.56408858406728,-73.56408858406728
463.9700129938126,-73.56100173839913,-73.56100173839913
463.9800129938126,-73.55791343470914,-73.55791343470914
463.99001299381257,-73.55482318168924,-73.55482318168924
464.00001299381256,-73.5517308582608,-73.5517308582608
464.01001299381255,-73.5486365595866,-73.5486365595866
464.02001299381254,-73.54554050667194,-73.54554050667194
464.03001299381253,-73.54244299196458,-73.54244299196458
464.0400129938126,-73.5393443466258,-73.5393443466258
464.0500129938126,-73.53624492088485,-73.53624492088485
464.06001299381256,-73.5331450723398,-73.5331450723398
464.07001299381255,-73.53004515910736,-73.53004515910736
464.08001299381255,-73.526945535887,-73.526945535887
464.09001299381254,-73.52384655186037,-73.52384655186037
464.1000130176544,-73.52074854226362,-73.52074854226362
464.1100130176544,-73.51765185750565,-73.51765185750565
464.1200130176544,-73.51455681891882,-73.51455681891882
464.1300130176544,-73.51146374842132,-73.51146374842132
464.14001301765444,-73.5083729614315,-73.5083729614315
464.15001301765443,-73.50528476721755,-73.50528476721755
464.1600130176544,-73.50219946924672,-73.50219946924672
464.1700130176544,-73.4991173654999,-73.4991173654999
464.1800130176544,-73.49603874875542,-73.49603874875542
464.1900130176544,-73.49296390690681,-73.49296390690681
464.20001301765444,-73.48989312315648,-73.48989312315648
464.21001301765443,-73.48682667625054,-73.48682667625054
464.2200130176544,-73.48376484067002,-73.48376484067002
464.2300130176544,-73.48070788675479,-73.48070788675479
464.2400130176544,-73.47765608087637,-73.47765608087637
464.2500130176544,-73.47460968553058,-73.47460968553058
464.26001301765444,-73.47156895946168,-73.47156895946168
464.27001301765443,-73.4685341577253,-73.4685341577253
464.2800130176544,-73.46550553178577,-73.46550553178577
464.2900130176544,-73.46248332955221,-73.46248332955221
464.3000130176544,-73.45946779545902,-73.45946779545902
464.3100130176544,-73.45645917049383,-73.45645917049383
464.32001301765445,-73.45345769225963,-73.45345769225963
464.33001301765444,-73.45046359499526,-73.45046359499526
464.3400130176544,-73.44747710960615,-73.44747710960615
464.3500130176544,-73.44449846371664,-73.44449846371664
464.3600130176544,-73.44152788166987,-73.44152788166987
464.3700130176544,-73.43856558454709,-73.43856558454709
464.3800130176544,-73.43561179022798,-73.43561179022798
464.39001301765444,-73.43266671338063,-73.43266671338063
464.40001301765443,-73.42973056547753,-73.42973056547753
464.4100130176544,-73.42680355483236,-73.42680355483236
464.4200130176544,-73.42388588660462,-73.42388588660462
464.4300130176544,-73.42097776283508,-73.42097776283508
464.4400130176544,-73.41807938244175,-73.41807938244175
464.45001301765444,-73.4151909412553,-73.4151909412553
464.46001301765443,-73.41230623303201,-73.41230623303201
464.4700130176544,-73.40942265035957,-73.40942265035957
464.4800130176544,-73.40653902380859,-73.40653902380859
464.4900130176544,-73.40365484887421,-73.40365484887421
464.5000130176544,-73.40076999056768,-73.40076999056768
464.51001301765444,-73.39788452971139,-73.39788452971139
464.52001301765443,-73.39499867270735,-73.39499867270735
464.5300130176544,-73.39211269721676,-73.39211269721676
464.5400130176544,-73.38922691948433,-73.38922691948433
464.5500130176544,-73.38634167470777,-73.38634167470777
464.5600130176544,-73.38345730534384,-73.38345730534384
464.57001301765445,-73.38057415425214,-73.38057415425214
464.58001301765444,-73.37769256076183,-73.37769256076183
464.5900130176544,-73.37481285854494,-73.37481285854494
464.6000130176544,-73.37193537462147,-73.37193537462147
464.6100130176544,-73.3690604289012,-73.3690604289012
464.6200130176544,-73.36618833419732,-73.36618833419732
464.6300130176544,-73.36331939642196,-73.36331939642196
464.64001301765444,-73.36045391484825,-73.36045391484825
464.65001301765443,-73.35759218249514,-73.35759218249514
464.6600130176544,-73.35473448644876,-73.35473448644876
464.6700130176544,-73.35188110817894,-73.35188110817894
464.6800130176544,-73.34903232386482,-73.34903232386482
464.6900130176544,-73.34618840467326,-73.34618840467326
464.70001301765444,-73.34334961701848,-73.34334961701848
464.71001301765443,-73.34051622274815,-73.34051622274815
464.7200130176544,-73.33768847935511,-73.33768847935511
464.7300130176544,-73.33486664015206,-73.33486664015206
464.7400130176544,-73.33205095440971,-73.33205095440971
464.7500130176544,-73.32924166747335,-73.32924166747335
464.76001301765444,-73.3264390208838,-73.3264390208838
464.77001301765443,-73.32364325247904,-73.32364325247904
464.7800130176544,-73.3208545964568,-73.3208545964568
464.7900130176544,-73.31807328346383,-73.31807328346383
464.8000130176544,-73.31529954065934,-73.31529954065934
464.8100130176544,-73.31253359176358,-73.31253359176358
464.82001301765445,-73.30977565710455,-73.30977565710455
464.83001301765444,-73.30702595368075,-73.30702595368075
464.8400130176544,-73.30428469517713,-73.30428469517713
464.8500130176544,-73.30155209202836,-73.30155209202836
464.8600130176544,-73.29882835142564,-73.29882835142564
464.8700130176544,-73.29611367735866,-73.29611367735866
464.8800130176544,-73.29340827065577,-73.29340827065577
464.89001301765444,-73.29071232899895,-73.29071232899895
464.90001301765443,-73.28802604694806,-73.28802604694806
464.9100130176544,-73.28534961596107,-73.28534961596107
464.9200130176544,-73.28268322444683,-73.28268322444683
464.9300130176544,-73.2800270577541,-73.2800270577541
464.9400130176544,-73.27738129820528,-73.27738129820528
464.9500130414963,-73.27474611885145,-73.27474611885145
464.96001304149627,-73.27211532296432,-73.27211532296432
464.97001304149626,-73.26948628706218,-73.26948628706218
464.98001304149625,-73.26685782902277,-73.26685782902277
464.9900130414963,-73.26422943020226,-73.26422943020226
465.0000130414963,-73.26160094066388,-73.26160094066388
465.0100130414963,-73.25897242579751,-73.25897242579751
465.02001304149627,-73.25634407633261,-73.25634407633261
465.03001304149626,-73.2537161541555,-73.2537161541555
465.04001304149625,-73.25108895971432,-73.25108895971432
465.0500130414963,-73.2484628124412,-73.2484628124412
465.0600130414963,-73.24583803911163,-73.24583803911163
465.0700130414963,-73.24321496698694,-73.24321496698694
465.0800130414963,-73.24059391994392,-73.24059391994392
465.09001304149626,-73.23797521632223,-73.23797521632223
465.10001304149625,-73.23535916792342,-73.23535916792342
465.1100130414963,-73.23274607959348,-73.23274607959348
465.1200130414963,-73.23013624923685,-73.23013624923685
465.1300130414963,-73.22752996798603,-73.22752996798603
465.1400130414963,-73.22492752050678,-73.22492752050678
465.15001304149627,-73.22232918533958,-73.22232918533958
465.16001304149626,-73.21973523524169,-73.21973523524169
465.1700130414963,-73.21714593751642,-73.21714593751642
465.1800130414963,-73.2145615543333,-73.2145615543333
465.1900130414963,-73.2119823430032,-73.2119823430032
465.2000130414963,-73.20940855622162,-73.20940855622162
465.21001304149627,-73.20684044228588,-73.20684044228588
465.22001304149626,-73.20427824529675,-73.20427824529675
465.23001304149625,-73.20172220532157,-73.20172220532157
465.2400130414963,-73.19917255853194,-73.19917255853194
465.2500130414963,-73.19662953734995,-73.19662953734995
465.2600130414963,-73.19409337054385,-73.19409337054385
465.27001304149627,-73.19156428330943,-73.19156428330943
465.28001304149626,-73.18904249738529,-73.18904249738529
465.29001304149625,-73.18652823110972,-73.18652823110972
465.3000130414963,-73.18402169947399,-73.18402169947399
465.3100130414963,-73.18152311418727,-73.18152311418727
465.3200130414963,-73.1790326837402,-73.1790326837402
465.3300130414963,-73.17655061341361,-73.17655061341361
465.34001304149626,-73.17407710536162,-73.17407710536162
465.35001304149625,-73.17161235860719,-73.17161235860719
465.3600130414963,-73.16915656911397,-73.16915656911397
465.3700130414963,-73.16670992977241,-73.16670992977241
465.3800130414963,-73.16427263047514,-73.16427263047514
465.3900130414963,-73.16184485810066,-73.16184485810066
465.40001304149627,-73.15942679656087,-73.15942679656087
465.41001304149626,-73.15701862683159,-73.15701862683159
465.4200130414963,-73.15462052695655,-73.15462052695655
465.4300130414963,-73.1522326720842,-73.1522326720842
465.4400130414963,-73.14985523447847,-73.14985523447847
465.4500130414963,-73.14748838354792,-73.14748838354792
465.46001304149627,-73.14513228586952,-73.14513228586952
465.47001304149626,-73.1427871052079,-73.1427871052079
465.48001304149625,-73.14045300252367,-73.14045300252367
465.4900130414963,-73.13813013601204,-73.13813013601204
465.5000130414963,-73.13581866111214,-73.13581866111214
465.5100130414963,-73.13351873054778,-73.13351873054778
465.52001304149627,-73.13123049431073,-73.13123049431073
465.53001304149626,-73.12895409973213,-73.12895409973213
465.54001304149625,-73.12668969145196,-73.12668969145196
465.5500130414963,-73.12443741149069,-73.12443741149069
465.5600130414963,-73.12219739923762,-73.12219739923762
465.5700130414963,-73.11996979148036,-73.11996979148036
465.5800130414963,-73.11775472243336,-73.11775472243336
465.59001304149626,-73.11555232375927,-73.11555232375927
465.60001304149625,-73.11336272459124,-73.11336272459124
465.6100130414963,-73.111186051557,-73.111186051557
465.6200130414963,-73.10902242879608,-73.10902242879608
465.6300130414963,-73.1068719779876,-73.1068719779876
465.6400130414963,-73.10473481837307,-73.10473481837307
465.65001304149627,-73.10261106678918,-73.10261106678918
465.66001304149626,-73.1005008376784,-73.1005008376784
465.6700130414963,-73.09840424311373,-73.09840424311373
465.6800130414963,-73.09632139283565,-73.09632139283565
465.6900130414963,-73.0942523942682,-73.0942523942682
465.7000130414963,-73.09219735253126,-73.09219735253126
465.71001304149627,-73.09015637048628,-73.09015637048628
465.72001304149626,-73.08812954874881,-73.08812954874881
465.73001304149625,-73.08611698572014,-73.08611698572014
465.7400130414963,-73.08411877760068,-73.08411877760068
465.7500130414963,-73.08213501842005,-73.08213501842005
465.7600130414963,-73.0801658000643,-73.0801658000643
465.77001304149627,-73.0782112123103,-73.0782112123103
465.78001304149626,-73.0762713428209,-73.0762713428209
465.79001304149625,-73.07434627719255,-73.07434627719255
465.80001306533813,-73.07243609443344,-73.07243609443344
465.8100130653381,-73.07054088521511,-73.07054088521511
465.8200130653381,-73.06866072445646,-73.06866072445646
465.8300130653381,-73.06679568971937,-73.06679568971937
465.84001306533816,-73.06494585661656,-73.06494585661656
465.85001306533815,-73.06311129881365,-73.06311129881365
465.86001306533814,-73.06129208809396,-73.06129208809396
465.8700130653381,-73.05948829434753,-73.05948829434753
465.8800130653381,-73.05769998561883,-73.05769998561883
465.8900130653381,-73.05592722812608,-73.05592722812608
465.90001306533816,-73.05417008626667,-73.05417008626667
465.91001306533815,-73.05242862266302,-73.05242862266302
465.92001306533814,-73.05070289817138,-73.05070289817138
465.93001306533813,-73.04899297191467,-73.04899297191467
465.9400130653381,-73.04729890129882,-73.04729890129882
465.9500130653381,-73.04562074203928,-73.04562074203928
465.96001306533816,-73.04395218277602,-73.04395218277602
465.97001306533815,-73.04229049415103,-73.04229049415103
465.98001306533814,-73.04063437827675,-73.04063437827675
465.99001306533813,-73.03898319952353,-73.03898319952353
466.0000130653381,-73.0373366907913,-73.0373366907913
466.0100130653381,-73.03569480069557,-73.03569480069557
466.02001306533816,-73.0340576038971,-73.0340576038971
466.03001306533815,-73.03242524720505,-73.03242524720505
466.04001306533814,-73.03079791708875,-73.03079791708875
466.05001306533813,-73.02917582020953,-73.02917582020953
466.0600130653381,-73.02755917183217,-73.02755917183217
466.0700130653381,-73.02594818900896,-73.02594818900896
466.0800130653381,-73.02434308669866,-73.02434308669866
466.09001306533816,-73.02274407567369,-73.02274407567369
466.10001306533815,-73.02115136148225,-73.02115136148225
466.11001306533814,-73.01956514406213,-73.01956514406213
466.1200130653381,-73.01798561771677,-73.01798561771677
466.1300130653381,-73.01641297130143,-73.01641297130143
466.1400130653381,-73.01484738852754,-73.01484738852754
466.15001306533816,-73.01328904828334,-73.01328904828334
466.16001306533815,-73.0117381249665,-73.0117381249665
466.17001306533814,-73.01019478883116,-73.01019478883116
466.18001306533813,-73.00865920626873,-73.00865920626873
466.1900130653381,-73.00713154008861,-73.00713154008861
466.2000130653381,-73.00561194974696,-73.00561194974696
466.21001306533816,-73.00410059156793,-73.00410059156793
466.22001306533815,-73.00259761892441,-73.00259761892441
466.23001306533814,-73.00110318240044,-73.00110318240044
466.24001306533813,-72.99961742991277,-72.99961742991277
466.2500130653381,-72.998140506844,-72.998140506844
466.2600130653381,-72.99667255613718,-72.99667255613718
466.27001306533816,-72.9952137183831,-72.9952137183831
466.28001306533815,-72.99376413188686,-72.99376413188686
466.29001306533814,-72.9923239327288,-72.9923239327288
466.30001306533813,-72.99089325483682,-72.99089325483682
466.3100130653381,-72.98947223001282,-72.98947223001282
466.3200130653381,-72.98806098797799,-72.98806098797799
466.3300130653381,-72.98665965640384,-72.98665965640384
466.34001306533816,-72.98526836096148,-72.98526836096148
466.35001306533815,-72.98388722530565,-72.98388722530565
466.36001306533814,-72.98251637114427,-72.98251637114427
466.3700130653381,-72.98115591821679,-72.98115591821679
466.3800130653381,-72.979805984333,-72.979805984333
466.3900130653381,-72.97846668539673,-72.97846668539673
466.40001306533816,-72.97713813540095,-72.97713813540095
466.41001306533815,-72.97582044644024,-72.97582044644024
466.42001306533814,-72.97451372874988,-72.97451372874988
466.43001306533813,-72.97321809068075,-72.97321809068075
466.4400130653381,-72.97193363873153,-72.97193363873153
466.4500130653381,-72.97066047755932,-72.97066047755932
466.46001306533816,-72.9693923511517,-72.9693923511517
466.47001306533815,-72.9681265814966,-72.9681265814966
466.48001306533814,-72.96686192019175,-72.96686192019175
466.49001306533813,-72.96559778004283,-72.96559778004283
466.5000130653381,-72.96433394163428,-72.96433394163428
466.5100130653381,-72.96307040074623,-72.96307040074623
466.52001306533816,-72.96180727882806,-72.96180727882806
466.53001306533815,-72.96054476911665,-72.96054476911665
466.54001306533814,-72.95928310422465,-72.95928310422465
466.55001306533813,-72.95802253673446,-72.95802253673446
466.5600130653381,-72.95676332755403,-72.95676332755403
466.5700130653381,-72.95550573914072,-72.95550573914072
466.5800130653381,-72.9542500316325,-72.9542500316325
466.59001306533816,-72.95299646071389,-72.95299646071389
466.60001306533815,-72.9517452765924,-72.9517452765924
466.61001306533814,-72.95049672358276,-72.95049672358276
466.6200130653381,-72.94925104009106,-72.94925104009106
466.6300130653381,-72.94800845880428,-72.94800845880428
466.6400130653381,-72.94676920695672,-72.94676920695672
466.65001308918,-72.94553350370195,-72.94553350370195
466.66001308918,-72.94430157224983,-72.94430157224983
466.67001308918,-72.9430736224795,-72.9430736224795
466.68001308917997,-72.94184986303648,-72.94184986303648
466.69001308918,-72.94063049864583,-72.94063049864583
466.70001308918,-72.93941573034922,-72.93941573034922
466.71001308918,-72.938199400018,-72.938199400018
466.72001308918,-72.93697892450697,-72.93697892450697
466.73001308918,-72.93575314822661,-72.93575314822661
466.74001308917997,-72.93452157522123,-72.93452157522123
466.75001308918,-72.93328407600569,-72.93328407600569
466.76001308918,-72.93204073513687,-72.93204073513687
466.77001308918,-72.93079176181509,-72.93079176181509
466.78001308918,-72.9295374361257,-72.9295374361257
466.79001308918,-72.92827807669617,-72.92827807669617
466.80001308917997,-72.92701402129984,-72.92701402129984
466.81001308918,-72.92574561531261,-72.92574561531261
466.82001308918,-72.92447320494526,-72.92447320494526
466.83001308918,-72.92319713338192,-72.92319713338192
466.84001308918,-72.9219177386753,-72.9219177386753
466.85001308918,-72.92063535274772,-72.92063535274772
466.86001308918,-72.91935030097218,-72.91935030097218
466.87001308918,-72.91806290216417,-72.91806290216417
466.88001308918,-72.91677346876416,-72.91677346876416
466.89001308918,-72.91548230711216,-72.91548230711216
466.90001308918,-72.91418971777286,-72.91418971777286
466.91001308918,-72.9128959958761,-72.9128959958761
466.92001308918,-72.91160143141556,-72.91160143141556
466.93001308917997,-72.91030630953342,-72.91030630953342
466.94001308918,-72.90901091082893,-72.90901091082893
466.95001308918,-72.90771551152325,-72.90771551152325
466.96001308918,-72.90642038370908,-72.90642038370908
466.97001308918,-72.90512579549203,-72.90512579549203
466.98001308918,-72.90383201116592,-72.90383201116592
466.99001308917997,-72.90253929132398,-72.90253929132398
467.00001308918,-72.90124789298162,-72.90124789298162
467.01001308918,-72.8999580696646,-72.8999580696646
467.02001308918,-72.89867007148109,-72.89867007148109
467.03001308918,-72.89738414520124,-72.89738414520124
467.04001308918,-72.89610053430735,-72.89610053430735
467.05001308917997,-72.89481947905239,-72.89481947905239
467.06001308918,-72.89354121649286,-72.89354121649286
467.07001308918,-72.89226598051528,-72.89226598051528
467.08001308918,-72.89099400190909,-72.89099400190909
467.09001308918,-72.88972550833986,-72.88972550833986
467.10001308918,-72.88846072440882,-72.88846072440882
467.11001308918,-72.88719987166346,-72.88719987166346
467.12001308918,-72.88594316862005,-72.88594316862005
467.13001308918,-72.88469083076822,-72.88469083076822
467.14001308918,-72.88344307061443,-72.88344307061443
467.15001308918,-72.88220009768182,-72.88220009768182
467.16001308918,-72.88096211850831,-72.88096211850831
467.17001308918,-72.87972933669307,-72.87972933669307
467.18001308917997,-72.87850195289903,-72.87850195289903
467.19001308918,-72.87728016485332,-72.87728016485332
467.20001308918,-72.87606416736723,-72.87606416736723
467.21001308918,-72.87484780335632,-72.87484780335632
467.22001308918,-72.87362848793049,-72.87362848793049
467.23001308918,-72.87240506260073,-72.87240506260073
467.24001308917997,-72.87117702789317,-72.87117702789317
467.25001308918,-72.86994425038739,-72.86994425038739
467.26001308918,-72.86870681037692,-72.86870681037692
467.27001308918,-72.86746491251546,-72.86746491251546
467.28001308918,-72.86621883207751,-72.86621883207751
467.29001308918,-72.86496888260291,-72.86496888260291
467.30001308917997,-72.86371539652052,-72.86371539652052
467.31001308918,-72.86245871358366,-72.86245871358366
467.32001308918,-72.86119917409306,-72.86119917409306
467.33001308918,-72.85993711502893,-72.85993711502893
467.34001308918,-72.85867286796092,-72.85867286796092
467.35001308918,-72.85740675801301,-72.85740675801301
467.36001308918,-72.85613910347223,-72.85613910347223
467.37001308918,-72.85487021577673,-72.85487021577673
467.38001308918,-72.85360039969237,-72.85360039969237
467.39001308918,-72.8523299536126,-72.8523299536126
467.40001308918,-72.85105916986717,-72.85105916986717
467.41001308918,-72.84978833508649,-72.84978833508649
467.42001308918,-72.84851773050309,-72.84851773050309
467.43001308917997,-72.84724763227788,-72.84724763227788
467.44001308918,-72.84597831173726,-72.84597831173726
467.45001308918,-72.84471003563938,-72.84471003563938
467.46001308918,-72.84344306638968,-72.84344306638968
467.47001308918,-72.84217766220858,-72.84217766220858
467.48001308918,-72.84091407729373,-72.84091407729373
467.49001308917997,-72.83965256198488,-72.83965256198488
467.50001311302185,-72.83839335986335,-72.83839335986335
467.51001311302184,-72.8371367198697,-72.8371367198697
467.52001311302183,-72.83588287838114,-72.83588287838114
467.5300131130218,-72.83463207129834,-72.83463207129834
467.54001311302187,-72.83338453111908,-72.83338453111908
467.55001311302186,-72.83214048699222,-72.83214048699222
467.56001311302185,-72.83090016477925,-72.83090016477925
467.57001311302184,-72.8296637870829,-72.8296637870829
467.58001311302183,-72.8284315733111,-72.8284315733111
467.5900131130218,-72.82720373969677,-72.82720373969677
467.6000131130219,-72.82598049934268,-72.82598049934268
467.61001311302186,-72.824762062245,-72.824762062245
467.62001311302186,-72.82354863532215,-72.82354863532215
467.63001311302185,-72.82234042246067,-72.82234042246067
467.64001311302184,-72.82113762449467,-72.82113762449467
467.6500131130218,-72.81994043927304,-72.81994043927304
467.6600131130219,-72.81874906167748,-72.81874906167748
467.67001311302187,-72.81756368361103,-72.81756368361103
467.68001311302186,-72.81638449406091,-72.81638449406091
467.69001311302185,-72.81521167908777,-72.81521167908777
467.70001311302184,-72.81404542185946,-72.81404542185946
467.71001311302183,-72.81288590266881,-72.81288590266881
467.7200131130219,-72.8117332989658,-72.8117332989658
467.73001311302187,-72.81058778536566,-72.81058778536566
467.74001311302186,-72.80944953365605,-72.80944953365605
467.75001311302185,-72.80831871284195,-72.80831871284195
467.76001311302184,-72.80719548915967,-72.80719548915967
467.77001311302183,-72.80608002608336,-72.80608002608336
467.7800131130218,-72.80497248437365,-72.80497248437365
467.79001311302187,-72.80387302207231,-72.80387302207231
467.80001311302186,-72.80278179454089,-72.80278179454089
467.81001311302185,-72.80169895445896,-72.80169895445896
467.82001311302184,-72.80062465188342,-72.80062465188342
467.83001311302183,-72.7995590342327,-72.7995590342327
467.8400131130218,-72.79850224633218,-72.79850224633218
467.8500131130219,-72.79745443044126,-72.79745443044126
467.86001311302186,-72.7964157262393,-72.7964157262393
467.87001311302186,-72.79538627090955,-72.79538627090955
467.88001311302185,-72.79436619910477,-72.79436619910477
467.89001311302184,-72.79335564299271,-72.79335564299271
467.9000131130218,-72.79235473228762,-72.79235473228762
467.9100131130219,-72.79136359426447,-72.79136359426447
467.92001311302187,-72.79038235378835,-72.79038235378835
467.93001311302186,-72.78941113333296,-72.78941113333296
467.94001311302185,-72.78845005300909,-72.78845005300909
467.95001311302184,-72.78749923057906,-72.78749923057906
467.96001311302183,-72.78655878150508,-72.78655878150508
467.9700131130219,-72.78562881894054,-72.78562881894054
467.98001311302187,-72.78470945378488,-72.78470945378488
467.99001311302186,-72.78380079467786,-72.78380079467786
468.00001311302185,-72.78290294805808,-72.78290294805808
468.01001311302184,-72.78201601816299,-72.78201601816299
468.02001311302183,-72.78114010705532,-72.78114010705532
468.0300131130218,-72.78027531466245,-72.78027531466245
468.04001311302187,-72.77942173878246,-72.77942173878246
468.05001311302186,-72.7785794751288,-72.7785794751288
468.06001311302185,-72.77774861733843,-72.77774861733843
468.07001311302184,-72.77692925699596,-72.77692925699596
468.08001311302183,-72.77612148366921,-72.77612148366921
468.0900131130218,-72.77532538492618,-72.77532538492618
468.1000131130219,-72.77454104636156,-72.77454104636156
468.11001311302186,-72.77376855161563,-72.77376855161563
468.12001311302186,-72.77300798241343,-72.77300798241343
468.13001311302185,-72.77225941856294,-72.77225941856294
468.14001311302184,-72.77152293801598,-72.77152293801598
468.1500131130218,-72.77079861684643,-72.77079861684643
468.1600131130219,-72.77008652931036,-72.77008652931036
468.17001311302187,-72.76938674784837,-72.76938674784837
468.18001311302186,-72.7686993431331,-72.7686993431331
468.19001311302185,-72.76802438406119,-72.76802438406119
468.20001311302184,-72.76736193778704,-72.76736193778704
468.21001311302183,-72.76671206976827,-72.76671206976827
468.2200131130219,-72.7660748437539,-72.7660748437539
468.23001311302187,-72.76545032183614,-72.76545032183614
468.24001311302186,-72.76483856444355,-72.76483856444355
468.25001311302185,-72.76423963039781,-72.76423963039781
468.26001311302184,-72.76365357690321,-72.76365357690321
468.27001311302183,-72.76308045959226,-72.76308045959226
468.2800131130218,-72.76252033253465,-72.76252033253465
468.29001311302187,-72.76197324825723,-72.76197324825723
468.30001311302186,-72.76143925777416,-72.76143925777416
468.31001311302185,-72.76091841060699,-72.76091841060699
468.32001311302184,-72.76041075479708,-72.76041075479708
468.33001311302183,-72.75991633692796,-72.75991633692796
468.3400131130218,-72.75943520215807,-72.75943520215807
468.3500131368637,-72.75896739311172,-72.75896739311172
468.3600131368637,-72.75851295440812,-72.75851295440812
468.3700131368637,-72.75807192586161,-72.75807192586161
468.3800131368637,-72.7576443470868,-72.7576443470868
468.39001313686373,-72.75723025637865,-72.75723025637865
468.4000131368637,-72.75682969070871,-72.75682969070871
468.4100131368637,-72.75644268574305,-72.75644268574305
468.4200131368637,-72.75606927589112,-72.75606927589112
468.4300131368637,-72.7557094942928,-72.7557094942928
468.4400131368637,-72.75536337283846,-72.75536337283846
468.45001313686373,-72.75503094220858,-72.75503094220858
468.4600131368637,-72.75471223187768,-72.75471223187768
468.4700131368637,-72.7544072701358,-72.7544072701358
468.4800131368637,-72.75411608409699,-72.75411608409699
468.4900131368637,-72.75383869974691,-72.75383869974691
468.5000131368637,-72.75357514191019,-72.75357514191019
468.51001313686373,-72.75332543431107,-72.75332543431107
468.5200131368637,-72.75308959956934,-72.75308959956934
468.5300131368637,-72.75286765921817,-72.75286765921817
468.5400131368637,-72.75265963373684,-72.75265963373684
468.5500131368637,-72.75246554254471,-72.75246554254471
468.5600131368637,-72.75228540402351,-72.75228540402351
468.57001313686374,-72.75211923555509,-72.75211923555509
468.5800131368637,-72.75196705349697,-72.75196705349697
468.5900131368637,-72.7518288732263,-72.7518288732263
468.6000131368637,-72.75170470915909,-72.75170470915909
468.6100131368637,-72.7515945747428,-72.7515945747428
468.6200131368637,-72.75149848247707,-72.75149848247707
468.6300131368637,-72.75141644395809,-72.75141644395809
468.64001313686373,-72.751348469842,-72.751348469842
468.6500131368637,-72.75129456990764,-72.75129456990764
468.6600131368637,-72.75125475304586,-72.75125475304586
468.6700131368637,-72.75122902725487,-72.75122902725487
468.6800131368637,-72.75121739971281,-72.75121739971281
468.6900131368637,-72.7512198767282,-72.7512198767282
468.70001313686373,-72.75123646378346,-72.75123646378346
468.7100131368637,-72.75126716554831,-72.75126716554831
468.7200131368637,-72.75131198589459,-72.75131198589459
468.7300131368637,-72.75137092789211,-72.75137092789211
468.7400131368637,-72.75144399385215,-72.75144399385215
468.7500131368637,-72.75153118529393,-72.75153118529393
468.76001313686373,-72.75163250301175,-72.75163250301175
468.7700131368637,-72.75174794703462,-72.75174794703462
468.7800131368637,-72.75187751667274,-72.75187751667274
468.7900131368637,-72.75202121053503,-72.75202121053503
468.8000131368637,-72.75217902649365,-72.75217902649365
468.8100131368637,-72.75235096175201,-72.75235096175201
468.82001313686374,-72.75253701282003,-72.75253701282003
468.8300131368637,-72.75273717554165,-72.75273717554165
468.8400131368637,-72.75295144510584,-72.75295144510584
468.8500131368637,-72.7531798160388,-72.7531798160388
468.8600131368637,-72.75342228224577,-72.75342228224577
468.8700131368637,-72.75367883699084,-72.75367883699084
468.8800131368637,-72.75394947291745,-72.75394947291745
468.89001313686373,-72.75423418208234,-72.75423418208234
468.9000131368637,-72.75453295592507,-72.75453295592507
468.9100131368637,-72.75484578531226,-72.75484578531226
468.9200131368637,-72.75517266052914,-72.75517266052914
468.9300131368637,-72.75551357128381,-72.75551357128381
468.9400131368637,-72.75586850675828,-72.75586850675828
468.95001313686373,-72.75623745554898,-72.75623745554898
468.9600131368637,-72.75661406463635,-72.75661406463635
468.9700131368637,-72.7569955490918,-72.7569955490918
468.9800131368637,-72.7573805499983,-72.7573805499983
468.9900131368637,-72.7577683684138,-72.7577683684138
469.0000131368637,-72.75815867293193,-72.75815867293193
469.01001313686373,-72.75855134770845,-72.75855134770845
469.0200131368637,-72.7589464033065,-72.7589464033065
469.0300131368637,-72.75934392312841,-72.75934392312841
469.0400131368637,-72.75974403114621,-72.75974403114621
469.0500131368637,-72.76014687257566,-72.76014687257566
469.0600131368637,-72.76055260232111,-72.76055260232111
469.07001313686374,-72.76096137826849,-72.76096137826849
469.0800131368637,-72.76137335735358,-72.76137335735358
469.0900131368637,-72.76178869350807,-72.76178869350807
469.1000131368637,-72.76220753659248,-72.76220753659248
469.1100131368637,-72.76263003199267,-72.76263003199267
469.1200131368637,-72.76305632062208,-72.76305632062208
469.1300131368637,-72.76348653901672,-72.76348653901672
469.14001313686373,-72.76392081966915,-72.76392081966915
469.1500131368637,-72.76435929130231,-72.76435929130231
469.1600131368637,-72.76480207921483,-72.76480207921483
469.1700131368637,-72.76524930555193,-72.76524930555193
469.1800131368637,-72.76570108960841,-72.76570108960841
469.1900131368637,-72.76615754808263,-72.76615754808263
469.20001316070557,-72.76661879637358,-72.76661879637358
469.21001316070556,-72.76708494442614,-72.76708494442614
469.22001316070555,-72.7675561034094,-72.7675561034094
469.23001316070554,-72.76803238153711,-72.76803238153711
469.2400131607056,-72.76851388525208,-72.76851388525208
469.2500131607056,-72.769000719341,-72.769000719341
469.26001316070557,-72.7694929870111,-72.7694929870111
469.27001316070556,-72.76999078996309,-72.76999078996309
469.28001316070555,-72.7704942284452,-72.7704942284452
469.29001316070554,-72.7710034013239,-72.7710034013239
469.3000131607056,-72.7715184060899,-72.7715184060899
469.3100131607056,-72.77203933892292,-72.77203933892292
469.32001316070557,-72.7725662946868,-72.7725662946868
469.33001316070556,-72.7730993669811,-72.7730993669811
469.34001316070555,-72.77363864813408,-72.77363864813408
469.35001316070554,-72.77418422922992,-72.77418422922992
469.3600131607056,-72.77473620012115,-72.77473620012115
469.3700131607056,-72.77529464942401,-72.77529464942401
469.3800131607056,-72.77585966452723,-72.77585966452723
469.39001316070556,-72.77643133160889,-72.77643133160889
469.40001316070556,-72.77700973562193,-72.77700973562193
469.41001316070555,-72.77759496030507,-72.77759496030507
469.4200131607056,-72.77818708819625,-72.77818708819625
469.4300131607056,-72.77878620061124,-72.77878620061124
469.4400131607056,-72.77939237765277,-72.77939237765277
469.45001316070557,-72.78000569822113,-72.78000569822113
469.46001316070556,-72.78062623999082,-72.78062623999082
469.47001316070555,-72.78125407944395,-72.78125407944395
469.48001316070554,-72.78188929184317,-72.78188929184317
469.4900131607056,-72.78253195123794,-72.78253195123794
469.5000131607056,-72.78318213047329,-72.78318213047329
469.51001316070557,-72.78383990119228,-72.78383990119228
469.52001316070556,-72.78450533381489,-72.78450533381489
469.53001316070555,-72.7851784975658,-72.7851784975658
469.54001316070554,-72.78585946047315,-72.78585946047315
469.5500131607056,-72.78654828934344,-72.78654828934344
469.5600131607056,-72.78724504980136,-72.78724504980136
469.57001316070557,-72.78794980627248,-72.78794980627248
469.58001316070556,-72.78866262198503,-72.78866262198503
469.59001316070555,-72.78938355898256,-72.78938355898256
469.60001316070554,-72.79011267813168,-72.79011267813168
469.6100131607056,-72.79085003910123,-72.79085003910123
469.6200131607056,-72.79159570039378,-72.79159570039378
469.6300131607056,-72.79234971933855,-72.79234971933855
469.64001316070556,-72.79311215211351,-72.79311215211351
469.65001316070556,-72.79388305371785,-72.79388305371785
469.66001316070555,-72.79466247800997,-72.79466247800997
469.6700131607056,-72.79545047769352,-72.79545047769352
469.6800131607056,-72.7962471043339,-72.7962471043339
469.6900131607056,-72.79705240836866,-72.79705240836866
469.70001316070557,-72.79786643910643,-72.79786643910643
469.71001316070556,-72.79868924474177,-72.79868924474177
469.72001316070555,-72.79952087234454,-72.79952087234454
469.73001316070554,-72.80036136790419,-72.80036136790419
469.7400131607056,-72.80121077629656,-72.80121077629656
469.7500131607056,-72.8020691413191,-72.8020691413191
469.76001316070557,-72.80293650569094,-72.80293650569094
469.77001316070556,-72.80381291107017,-72.80381291107017
469.78001316070555,-72.80469839803838,-72.80469839803838
469.79001316070554,-72.8055930061417,-72.8055930061417
469.8000131607056,-72.80649677388097,-72.80649677388097
469.8100131607056,-72.80740973872159,-72.80740973872159
469.82001316070557,-72.80833193711902,-72.80833193711902
469.83001316070556,-72.80926340449707,-72.80926340449707
469.84001316070555,-72.81020417528431,-72.81020417528431
469.85001316070554,-72.81115428292975,-72.81115428292975
469.8600131607056,-72.81211375987834,-72.81211375987834
469.8700131607056,-72.81308263761501,-72.81308263761501
469.8800131607056,-72.81406094665698,-72.81406094665698
469.89001316070556,-72.81504871657566,-72.81504871657566
469.90001316070556,-72.81604597599402,-72.81604597599402
469.91001316070555,-72.81705275259334,-72.81705275259334
469.9200131607056,-72.81806907315769,-72.81806907315769
469.9300131607056,-72.81909496353838,-72.81909496353838
469.9400131607056,-72.82013044869794,-72.82013044869794
469.95001316070557,-72.82117555268374,-72.82117555268374
469.96001316070556,-72.82222395031431,-72.82222395031431
469.97001316070555,-72.82327288677787,-72.82327288677787
469.98001316070554,-72.82432103398676,-72.82432103398676
469.9900131607056,-72.82536772391862,-72.82536772391862
470.0000131607056,-72.82641265601784,-72.82641265601784
470.01001316070557,-72.82745574513518,-72.82745574513518
470.02001316070556,-72.82849703236575,-72.82849703236575
470.03001316070555,-72.82953663146414,-72.82953663146414
470.04001316070554,-72.83057469660142,-72.83057469660142
470.0500131845474,-72.83161140548319,-72.83161140548319
470.0600131845474,-72.83264693797157,-72.83264693797157
470.0700131845474,-72.83368148411341,-72.83368148411341
470.0800131845474,-72.83471523039412,-72.83471523039412
470.09001318454744,-72.83574836011503,-72.83574836011503
470.10001318454744,-72.83678105233227,-72.83678105233227
470.1100131845474,-72.83781348144824,-72.83781348144824
470.1200131845474,-72.83884581717797,-72.83884581717797
470.1300131845474,-72.83987822469749,-72.83987822469749
470.1400131845474,-72.84091086492042,-72.84091086492042
470.15001318454745,-72.8419438947856,-72.8419438947856
470.16001318454744,-72.84297746760116,-72.84297746760116
470.17001318454743,-72.84401173330224,-72.84401173330224
470.1800131845474,-72.84504683877459,-72.84504683877459
470.1900131845474,-72.84608292806614,-72.84608292806614
470.2000131845474,-72.8471201426234,-72.8471201426234
470.21001318454745,-72.84815862148224,-72.84815862148224
470.22001318454744,-72.8491985014176,-72.8491985014176
470.23001318454743,-72.85023991710243,-72.85023991710243
470.2400131845474,-72.85128300121359,-72.85128300121359
470.2500131845474,-72.85232788455059,-72.85232788455059
470.2600131845474,-72.85337469608724,-72.85337469608724
470.27001318454745,-72.85442356307446,-72.85442356307446
470.28001318454744,-72.8554746110905,-72.8554746110905
470.29001318454743,-72.85652796407847,-72.85652796407847
470.3000131845474,-72.85758374439293,-72.85758374439293
470.3100131845474,-72.85864207284581,-72.85864207284581
470.3200131845474,-72.85970306871751,-72.85970306871751
470.3300131845474,-72.86076684978097,-72.86076684978097
470.34001318454744,-72.86183353233451,-72.86183353233451
470.35001318454744,-72.86290323119457,-72.86290323119457
470.3600131845474,-72.86397605971644,-72.86397605971644
470.3700131845474,-72.8650521298061,-72.8650521298061
470.3800131845474,-72.86613155193203,-72.86613155193203
470.3900131845474,-72.8672144351147,-72.8672144351147
470.40001318454745,-72.868300886946,-72.868300886946
470.41001318454744,-72.86939101359329,-72.86939101359329
470.42001318454743,-72.87048491979186,-72.87048491979186
470.4300131845474,-72.87158270884889,-72.87158270884889
470.4400131845474,-72.87268448265776,-72.87268448265776
470.4500131845474,-72.87379034168782,-72.87379034168782
470.46001318454745,-72.87490038498977,-72.87490038498977
470.47001318454744,-72.87601471020163,-72.87601471020163
470.48001318454743,-72.87713341353877,-72.87713341353877
470.4900131845474,-72.87825658982128,-72.87825658982128
470.5000131845474,-72.87938433244042,-72.87938433244042
470.5100131845474,-72.8805167334047,-72.8805167334047
470.52001318454745,-72.88165388329239,-72.88165388329239
470.53001318454744,-72.8827958713088,-72.8827958713088
470.54001318454743,-72.88394278523612,-72.88394278523612
470.5500131845474,-72.88509471149085,-72.88509471149085
470.5600131845474,-72.88625173507705,-72.88625173507705
470.5700131845474,-72.88741393964582,-72.88741393964582
470.5800131845474,-72.88858140744286,-72.88858140744286
470.59001318454744,-72.8897542193553,-72.8897542193553
470.60001318454744,-72.89093245490261,-72.89093245490261
470.6100131845474,-72.89211619224513,-72.89211619224513
470.6200131845474,-72.89330550819246,-72.89330550819246
470.6300131845474,-72.89450047819639,-72.89450047819639
470.6400131845474,-72.89570117638847,-72.89570117638847
470.65001318454745,-72.89690767554522,-72.89690767554522
470.66001318454744,-72.89812004714241,-72.89812004714241
470.67001318454743,-72.89933836132587,-72.89933836132587
470.6800131845474,-72.90056268694597,-72.90056268694597
470.6900131845474,-72.90179309155069,-72.90179309155069
470.7000131845474,-72.9030296413886,-72.9030296413886
470.71001318454745,-72.90427240145148,-72.90427240145148
470.72001318454744,-72.90552143544764,-72.90552143544764
470.73001318454743,-72.90677680582611,-72.90677680582611
470.7400131845474,-72.90803857377584,-72.90803857377584
470.7500131845474,-72.90930679926755,-72.90930679926755
470.7600131845474,-72.9105815410296,-72.9105815410296
470.77001318454745,-72.91186285657174,-72.91186285657174
470.78001318454744,-72.91315080219071,-72.91315080219071
470.79001318454743,-72.91444543299586,-72.91444543299586
470.8000131845474,-72.91574680291117,-72.91574680291117
470.8100131845474,-72.91705496466439,-72.91705496466439
470.8200131845474,-72.91836996984003,-72.91836996984003
470.8300131845474,-72.91969186886853,-72.91969186886853
470.84001318454744,-72.92102071102481,-72.92102071102481
470.85001318454744,-72.9223565444625,-72.9223565444625
470.8600131845474,-72.92369941621564,-72.92369941621564
470.8700131845474,-72.92504937221901,-72.92504937221901
470.8800131845474,-72.9264064572911,-72.9264064572911
470.8900131845474,-72.92777071518307,-72.92777071518307
470.9000132083893,-72.92914219184203,-72.92914219184203
470.9100132083893,-72.93052092237772,-72.93052092237772
470.92001320838926,-72.93190695058315,-72.93190695058315
470.93001320838925,-72.93330031599577,-72.93330031599577
470.9400132083893,-72.93470105712052,-72.93470105712052
470.9500132083893,-72.93610921144868,-72.93610921144868
470.9600132083893,-72.93752481547607,-72.93752481547607
470.9700132083893,-72.9389479046987,-72.9389479046987
470.98001320838927,-72.94037851363966,-72.94037851363966
470.99001320838926,-72.94181667585816,-72.94181667585816
471.0000132083893,-72.94326242395358,-72.94326242395358
471.0100132083893,-72.94471578959583,-72.94471578959583
471.0200132083893,-72.94617680351352,-72.94617680351352
471.0300132083893,-72.94764549551176,-72.94764549551176
471.04001320838927,-72.94912189449916,-72.94912189449916
471.05001320838926,-72.95060602848585,-72.95060602848585
471.0600132083893,-72.95209792458628,-72.95209792458628
471.0700132083893,-72.95359760905254,-72.95359760905254
471.0800132083893,-72.95510510727638,-72.95510510727638
471.0900132083893,-72.95662044379388,-72.95662044379388
471.10001320838927,-72.95814364231121,-72.95814364231121
471.11001320838926,-72.95967472568682,-72.95967472568682
471.1200132083893,-72.96121371597485,-72.96121371597485
471.1300132083893,-72.96276063443078,-72.96276063443078
471.1400132083893,-72.9643155015097,-72.9643155015097
471.1500132083893,-72.96578785023763,-72.96578785023763
471.1600132083893,-72.9671421606926,-72.9671421606926
471.17001320838926,-72.96836347912327,-72.96836347912327
471.18001320838925,-72.9694456704698,-72.9694456704698
471.1900132083893,-72.97038721840146,-72.97038721840146
471.2000132083893,-72.97118923767047,-72.97118923767047
471.2100132083893,-72.97185435627976,-72.97185435627976
471.2200132083893,-72.97238604223834,-72.97238604223834
471.23001320838927,-72.97278819024805,-72.97278819024805
471.24001320838926,-72.97306486850346,-72.97306486850346
471.2500132083893,-72.97322016586787,-72.97322016586787
471.2600132083893,-72.97325810211922,-72.97325810211922
471.2700132083893,-72.97318257772268,-72.97318257772268
471.2800132083893,-72.9729973482639,-72.9729973482639
471.29001320838927,-72.97270601392276,-72.97270601392276
471.30001320838926,-72.97231201807156,-72.97231201807156
471.3100132083893,-72.97181865113832,-72.97181865113832
471.3200132083893,-72.97122905733903,-72.97122905733903
471.3300132083893,-72.97054624285752,-72.97054624285752
471.3400132083893,-72.96977308453735,-72.96977308453735
471.35001320838927,-72.968912338493,-72.968912338493
471.36001320838926,-72.96796664847608,-72.96796664847608
471.3700132083893,-72.96693855368393,-72.96693855368393
471.3800132083893,-72.96583049606376,-72.96583049606376
471.3900132083893,-72.9646448270131,-72.9646448270131
471.4000132083893,-72.96338381353173,-72.96338381353173
471.4100132083893,-72.96204964382451,-72.96204964382451
471.42001320838926,-72.96064443243579,-72.96064443243579
471.43001320838925,-72.95917022491153,-72.95917022491153
471.4400132083893,-72.95762900206007,-72.95762900206007
471.4500132083893,-72.9560226838122,-72.9560226838122
471.4600132083893,-72.9543467798935,-72.9543467798935
471.4700132083893,-72.9526003250126,-72.9526003250126
471.48001320838927,-72.95078373225111,-72.95078373225111
471.49001320838926,-72.94889802738993,-72.94889802738993
471.5000132083893,-72.9469445583726,-72.9469445583726
471.5100132083893,-72.94492484552445,-72.94492484552445
471.5200132083893,-72.94284049452371,-72.94284049452371
471.5300132083893,-72.94069314481605,-72.94069314481605
471.54001320838927,-72.9384844391987,-72.9384844391987
471.55001320838926,-72.93621600616684,-72.93621600616684
471.5600132083893,-72.9338894499615,-72.9338894499615
471.5700132083893,-72.93150634518831,-72.93150634518831
471.5800132083893,-72.92906823431747,-72.92906823431747
471.5900132083893,-72.92657662674065,-72.92657662674065
471.60001320838927,-72.92403299888315,-72.92403299888315
471.61001320838926,-72.92143879482774,-72.92143879482774
471.6200132083893,-72.91879542726039,-72.91879542726039
471.6300132083893,-72.91610427852618,-72.91610427852618
471.6400132083893,-72.91336670175714,-72.91336670175714
471.6500132083893,-72.9105840219658,-72.9105840219658
471.6600132083893,-72.90775753711281,-72.90775753711281
471.67001320838926,-72.9048885191086,-72.9048885191086
471.68001320838925,-72.90197821475854,-72.90197821475854
471.6900132083893,-72.89902784662273,-72.89902784662273
471.7000132083893,-72.89603861383769,-72.89603861383769
471.7100132083893,-72.89301169286313,-72.89301169286313
471.7200132083893,-72.88994823817536,-72.88994823817536
471.73001320838927,-72.88684938291715,-72.88684938291715
471.74001320838926,-72.88371623948248,-72.88371623948248
471.75001323223114,-72.88054989254289,-72.88054989254289
471.76001323223113,-72.87735142957418,-72.87735142957418
471.7700132322311,-72.8741218966169,-72.8741218966169
471.7800132322311,-72.8708623283079,-72.8708623283079
471.79001323223116,-72.86757374099123,-72.86757374099123
471.80001323223115,-72.86425713314846,-72.86425713314846
471.81001323223114,-72.86091348576251,-72.86091348576251
471.82001323223113,-72.85754376268274,-72.85754376268274
471.8300132322311,-72.85414891097636,-72.85414891097636
471.8400132322311,-72.85072986125144,-72.85072986125144
471.85001323223116,-72.8472875279854,-72.8472875279854
471.86001323223115,-72.84382280982484,-72.84382280982484
471.87001323223114,-72.84033658986878,-72.84033658986878
471.88001323223114,-72.83682973596464,-72.83682973596464
471.8900132322311,-72.8333031009721,-72.8333031009721
471.9000132322311,-72.82975752303719,-72.82975752303719
471.91001323223117,-72.82619382582627,-72.82619382582627
471.92001323223116,-72.82261281878782,-72.82261281878782
471.93001323223115,-72.8190152973895,-72.8190152973895
471.94001323223114,-72.81540204334748,-72.81540204334748
471.95001323223113,-72.811773824853,-72.811773824853
471.9600132322311,-72.80813139680141,-72.80813139680141
471.97001323223117,-72.80447550099575,-72.80447550099575
471.98001323223116,-72.8008068663724,-72.8008068663724
471.99001323223115,-72.79712620918413,-72.79712620918413
472.00001323223114,-72.7934342332262,-72.7934342332262
472.01001323223113,-72.7897316300232,-72.7897316300232
472.0200132322311,-72.78601907901962,-72.78601907901962
472.0300132322311,-72.78229724775942,-72.78229724775942
472.04001323223116,-72.77856679210136,-72.77856679210136
472.05001323223115,-72.77482835637919,-72.77482835637919
472.06001323223114,-72.77108257357325,-72.77108257357325
472.07001323223113,-72.76733006551433,-72.76733006551433
472.0800132322311,-72.76357144302439,-72.76357144302439
472.0900132322311,-72.75980730611559,-72.75980730611559
472.10001323223116,-72.75603824413542,-72.75603824413542
472.11001323223115,-72.75226483593877,-72.75226483593877
472.12001323223114,-72.74848765004903,-72.74848765004903
472.13001323223114,-72.7447072448262,-72.7447072448262
472.1400132322311,-72.74092416860663,-72.74092416860663
472.1500132322311,-72.7371389598672,-72.7371389598672
472.16001323223117,-72.73335214738266,-72.73335214738266
472.17001323223116,-72.72956425035794,-72.72956425035794
472.18001323223115,-72.72577577858104,-72.72577577858104
472.19001323223114,-72.72198723258973,-72.72198723258973
472.20001323223113,-72.71819910378399,-72.71819910378399
472.2100132322311,-72.7144055531732,-72.7144055531732
472.22001323223117,-72.71060430138874,-72.71060430138874
472.23001323223116,-72.70679448366988,-72.70679448366988
472.24001323223115,-72.70297588386342,-72.70297588386342
472.25001323223114,-72.69914864272258,-72.69914864272258
472.26001323223113,-72.69531310680752,-72.69531310680752
472.2700132322311,-72.69146973997549,-72.69146973997549
472.2800132322311,-72.68761907034417,-72.68761907034417
472.29001323223116,-72.68376165843607,-72.68376165843607
472.30001323223115,-72.67989807815113,-72.67989807815113
472.31001323223114,-72.67602890551586,-72.67602890551586
472.32001323223113,-72.67215471212083,-72.67215471212083
472.3300132322311,-72.6682760614177,-72.6682760614177
472.3400132322311,-72.66439350679242,-72.66439350679242
472.35001323223116,-72.66050759063256,-72.66050759063256
472.36001323223115,-72.65661884406808,-72.65661884406808
472.37001323223114,-72.65272778704136,-72.65272778704136
472.38001323223114,-72.64883492857267,-72.64883492857267
472.3900132322311,-72.64494076715665,-72.64494076715665
472.4000132322311,-72.64104579115903,-72.64104579115903
472.41001323223117,-72.63715047921819,-72.63715047921819
472.42001323223116,-72.63325530067614,-72.63325530067614
472.43001323223115,-72.62936071593137,-72.62936071593137
472.44001323223114,-72.62546717678687,-72.62546717678687
472.45001323223113,-72.62157512677317,-72.62157512677317
472.4600132322311,-72.61767869003495,-72.61767869003495
472.47001323223117,-72.61377554688889,-72.61377554688889
472.48001323223116,-72.60986479142694,-72.60986479142694
472.49001323223115,-72.6059461665299,-72.6059461665299
472.50001323223114,-72.60201977271252,-72.60201977271252
472.51001323223113,-72.59808591721567,-72.59808591721567
472.5200132322311,-72.59414502568882,-72.59414502568882
472.5300132322311,-72.59019758923264,-72.59019758923264
472.54001323223116,-72.58624413263222,-72.58624413263222
472.55001323223115,-72.58228519533098,-72.58228519533098
472.56001323223114,-72.57832132021527,-72.57832132021527
472.57001323223113,-72.57435304700067,-72.57435304700067
472.5800132322311,-72.57038090859473,-72.57038090859473
472.5900132322311,-72.56640542909108,-72.56640542909108
472.600013256073,-72.5624271133843,-72.5624271133843
472.610013256073,-72.5584464847139,-72.5584464847139
472.620013256073,-72.55446402800553,-72.55446402800553
472.63001325607297,-72.55048022785489,-72.55048022785489
472.640013256073,-72.54649555946897,-72.54649555946897
472.650013256073,-72.54251048904581,-72.54251048904581
472.660013256073,-72.53852547414255,-72.53852547414255
472.670013256073,-72.53454096405123,-72.53454096405123
472.680013256073,-72.53055740015493,-72.53055740015493
472.690013256073,-72.52657521620398,-72.52657521620398
472.700013256073,-72.52259483862092,-72.52259483862092
472.710013256073,-72.51861038539941,-72.51861038539941
472.720013256073,-72.51461952684005,-72.51461952684005
472.730013256073,-72.51062134585042,-72.51062134585042
472.740013256073,-72.50661557397315,-72.50661557397315
472.750013256073,-72.50260230054367,-72.50260230054367
472.760013256073,-72.49858182204017,-72.49858182204017
472.770013256073,-72.49455455381079,-72.49455455381079
472.780013256073,-72.49052097720768,-72.49052097720768
472.790013256073,-72.48648160776584,-72.48648160776584
472.800013256073,-72.48243697627399,-72.48243697627399
472.810013256073,-72.4783876174622,-72.4783876174622
472.820013256073,-72.4743340634495,-72.4743340634495
472.830013256073,-72.47027684004095,-72.47027684004095
472.840013256073,-72.46621646471915,-72.46621646471915
472.850013256073,-72.46215344570605,-72.46215344570605
472.860013256073,-72.4580882816609,-72.4580882816609
472.870013256073,-72.45402146169313,-72.45402146169313
472.88001325607297,-72.44995346558144,-72.44995346558144
472.890013256073,-72.44588476411786,-72.44588476411786
472.900013256073,-72.44181581946785,-72.44181581946785
472.910013256073,-72.43774708551919,-72.43774708551919
472.920013256073,-72.43367900826397,-72.43367900826397
472.930013256073,-72.42961202608822,-72.42961202608822
472.940013256073,-72.42554657009771,-72.42554657009771
472.950013256073,-72.42148306435081,-72.42148306435081
472.960013256073,-72.41741563481251,-72.41741563481251
472.970013256073,-72.41334195517665,-72.41334195517665
472.980013256073,-72.40926110998463,-72.40926110998463
472.990013256073,-72.4051728317011,-72.4051728317011
473.000013256073,-72.40107721028413,-72.40107721028413
473.010013256073,-72.3969745427005,-72.3969745427005
473.020013256073,-72.39286524480332,-72.39286524480332
473.030013256073,-72.38874979845139,-72.38874979845139
473.040013256073,-72.38462871979709,-72.38462871979709
473.050013256073,-72.38050254030894,-72.38050254030894
473.060013256073,-72.37637179548739,-72.37637179548739
473.070013256073,-72.37223701832619,-72.37223701832619
473.080013256073,-72.36809873558333,-72.36809873558333
473.090013256073,-72.3639574657884,-72.3639574657884
473.100013256073,-72.35981371830621,-72.35981371830621
473.110013256073,-72.35566799299706,-72.35566799299706
473.120013256073,-72.35152078027353,-72.35152078027353
473.13001325607297,-72.34737256127269,-72.34737256127269
473.140013256073,-72.34322380822303,-72.34322380822303
473.150013256073,-72.33907498477727,-72.33907498477727
473.160013256073,-72.3349265463868,-72.3349265463868
473.170013256073,-72.33077894064564,-72.33077894064564
473.180013256073,-72.32663260760313,-72.32663260760313
473.190013256073,-72.3224879800623,-72.3224879800623
473.200013256073,-72.31834548384144,-72.31834548384144
473.210013256073,-72.31420553799552,-72.31420553799552
473.220013256073,-72.31006855504826,-72.31006855504826
473.230013256073,-72.30593494113435,-72.30593494113435
473.240013256073,-72.30180509617546,-72.30180509617546
473.250013256073,-72.29767941403477,-72.29767941403477
473.260013256073,-72.29355828262668,-72.29355828262668
473.270013256073,-72.28944208400783,-72.28944208400783
473.280013256073,-72.28533119452584,-72.28533119452584
473.290013256073,-72.28122598485963,-72.28122598485963
473.300013256073,-72.27712682011173,-72.27712682011173
473.310013256073,-72.2730340599045,-72.2730340599045
473.320013256073,-72.26894805840276,-72.26894805840276
473.330013256073,-72.26486916442329,-72.26486916442329
473.340013256073,-72.26079772144948,-72.26079772144948
473.350013256073,-72.25673406771034,-72.25673406771034
473.360013256073,-72.25267853623106,-72.25267853623106
473.370013256073,-72.24863145486566,-72.24863145486566
473.38001325607297,-72.24459314636307,-72.24459314636307
473.390013256073,-72.24056392839677,-72.24056392839677
473.400013256073,-72.2365441136175,-72.2365441136175
473.410013256073,-72.23253400968558,-72.23253400968558
473.420013256073,-72.22853391933239,-72.22853391933239
473.430013256073,-72.22454414038629,-72.22454414038629
473.440013256073,-72.22056496582861,-72.22056496582861
473.45001327991486,-72.21659667437271,-72.21659667437271
473.46001327991485,-72.21263329598281,-72.21263329598281
473.47001327991484,-72.20867237189427,-72.20867237189427
473.48001327991483,-72.20471286138721,-72.20471286138721
473.4900132799149,-72.20075437145813,-72.20075437145813
473.50001327991487,-72.19679686708282,-72.19679686708282
473.51001327991486,-72.19284052102502,-72.19284052102502
473.52001327991485,-72.18888562584914,-72.18888562584914
473.53001327991484,-72.18493254110423,-72.18493254110423
473.54001327991483,-72.18098166164154,-72.18098166164154
473.5500132799149,-72.17703339860245,-72.17703339860245
473.56001327991487,-72.1730881681931,-72.1730881681931
473.57001327991486,-72.16914638507436,-72.16914638507436
473.58001327991485,-72.16520845866802,-72.16520845866802
473.59001327991484,-72.16127479115245,-72.16127479115245
473.60001327991483,-72.15734577651206,-72.15734577651206
473.6100132799149,-72.15342180021891,-72.15342180021891
473.6200132799149,-72.14950323924896,-72.14950323924896
473.63001327991486,-72.14559046229672,-72.14559046229672
473.64001327991485,-72.14168383012947,-72.14168383012947
473.65001327991484,-72.13778369592968,-72.13778369592968
473.66001327991484,-72.13389040567098,-72.13389040567098
473.6700132799149,-72.13000429845098,-72.13000429845098
473.6800132799149,-72.12612570684301,-72.12612570684301
473.69001327991487,-72.12225495718593,-72.12225495718593
473.70001327991486,-72.11839236981587,-72.11839236981587
473.71001327991485,-72.11453825935958,-72.11453825935958
473.72001327991484,-72.1106929349013,-72.1106929349013
473.73001327991483,-72.1068567001904,-72.1068567001904
473.7400132799149,-72.10302985378063,-72.10302985378063
473.75001327991487,-72.09921268920759,-72.09921268920759
473.76001327991486,-72.0954054950803,-72.0954054950803
473.77001327991485,-72.09160855522667,-72.09160855522667
473.78001327991484,-72.08782214876754,-72.08782214876754
473.79001327991483,-72.08404655021997,-72.08404655021997
473.8000132799149,-72.08028202958776,-72.08028202958776
473.81001327991487,-72.076528852404,-72.076528852404
473.82001327991486,-72.07278727983064,-72.07278727983064
473.83001327991485,-72.06905756870482,-72.06905756870482
473.84001327991484,-72.0653399715907,-72.0653399715907
473.85001327991483,-72.06163473684151,-72.06163473684151
473.8600132799149,-72.057942108653,-72.057942108653
473.8700132799149,-72.05426232709674,-72.05426232709674
473.88001327991486,-72.05059562817391,-72.05059562817391
473.89001327991485,-72.04694224385574,-72.04694224385574
473.90001327991484,-72.04330240212117,-72.04330240212117
473.91001327991484,-72.03967632699933,-72.03967632699933
473.9200132799149,-72.03606423861905,-72.03606423861905
473.9300132799149,-72.0324663532298,-72.0324663532298
473.94001327991487,-72.0288828832457,-72.0288828832457
473.95001327991486,-72.02531403728386,-72.02531403728386
473.96001327991485,-72.02176002020151,-72.02176002020151
473.97001327991484,-72.01822103311734,-72.01822103311734
473.98001327991483,-72.01469727348578,-72.01469727348578
473.9900132799149,-72.01118893507771,-72.01118893507771
474.00001327991487,-72.0076962080636,-72.0076962080636
474.01001327991486,-72.00421927902408,-72.00421927902408
474.02001327991485,-72.00075833099349,-72.00075833099349
474.03001327991484,-71.99731354348117,-71.99731354348117
474.04001327991483,-71.99388509253633,-71.99388509253633
474.0500132799149,-71.99047315075174,-71.99047315075174
474.06001327991487,-71.98707788731342,-71.98707788731342
474.07001327991486,-71.98369946803975,-71.98369946803975
474.08001327991485,-71.98033805541795,-71.98033805541795
474.09001327991484,-71.97699380860517,-71.97699380860517
474.10001327991483,-71.97366688352405,-71.97366688352405
474.1100132799149,-71.97035743284205,-71.97035743284205
474.1200132799149,-71.96706560603629,-71.96706560603629
474.13001327991486,-71.96379154943104,-71.96379154943104
474.14001327991485,-71.9605354062085,-71.9605354062085
474.15001327991484,-71.95729731648278,-71.95729731648278
474.16001327991484,-71.95407741728827,-71.95407741728827
474.1700132799149,-71.95087584263982,-71.95087584263982
474.1800132799149,-71.94769272358691,-71.94769272358691
474.19001327991487,-71.94452818820906,-71.94452818820906
474.20001327991486,-71.9413823616774,-71.9413823616774
474.21001327991485,-71.93824911653147,-71.93824911653147
474.22001327991484,-71.93512585323002,-71.93512585323002
474.23001327991483,-71.93201137763478,-71.93201137763478
474.2400132799149,-71.928905143015,-71.928905143015
474.25001327991487,-71.92580696143412,-71.92580696143412
474.26001327991486,-71.9227168539256,-71.9227168539256
474.27001327991485,-71.91963496279526,-71.91963496279526
474.28001327991484,-71.91656149894987,-71.91656149894987
474.29001327991483,-71.91349671024652,-71.91349671024652
474.3000133037567,-71.91044085528377,-71.91044085528377
474.3100133037567,-71.90739422129315,-71.90739422129315
474.3200133037567,-71.90435707380931,-71.90435707380931
474.3300133037567,-71.90132968217112,-71.90132968217112
474.34001330375673,-71.89831231020625,-71.89831231020625
474.3500133037567,-71.8953052152792,-71.8953052152792
474.3600133037567,-71.89230864795083,-71.89230864795083
474.3700133037567,-71.88932285201356,-71.88932285201356
474.3800133037567,-71.88634806470917,-71.88634806470917
474.3900133037567,-71.88338451701107,-71.88338451701107
474.40001330375674,-71.88043243402497,-71.88043243402497
474.4100133037567,-71.87749203533113,-71.87749203533113
474.4200133037567,-71.87456353530258,-71.87456353530258
474.4300133037567,-71.87164714345005,-71.87164714345005
474.4400133037567,-71.86874306469349,-71.86874306469349
474.4500133037567,-71.86585149963587,-71.86585149963587
474.46001330375674,-71.8629726447532,-71.8629726447532
474.47001330375673,-71.86010669261886,-71.86010669261886
474.4800133037567,-71.85725383207178,-71.85725383207178
474.4900133037567,-71.85441424836934,-71.85441424836934
474.5000133037567,-71.85158812331015,-71.85158812331015
474.5100133037567,-71.84877563535126,-71.84877563535126
474.52001330375674,-71.84597695971878,-71.84597695971878
474.53001330375673,-71.84319226847627,-71.84319226847627
474.5400133037567,-71.84042173061951,-71.84042173061951
474.5500133037567,-71.83766551213186,-71.83766551213186
474.5600133037567,-71.83492377603766,-71.83492377603766
474.5700133037567,-71.83219668247791,-71.83219668247791
474.5800133037567,-71.82948438873184,-71.82948438873184
474.59001330375673,-71.82678704929066,-71.82678704929066
474.6000133037567,-71.82410481585433,-71.82410481585433
474.6100133037567,-71.82143783739086,-71.82143783739086
474.6200133037567,-71.8187862601782,-71.8187862601782
474.6300133037567,-71.8161502278105,-71.8161502278105
474.6400133037567,-71.81352988124294,-71.81352988124294
474.65001330375674,-71.81092535880084,-71.81092535880084
474.6600133037567,-71.80833679623083,-71.80833679623083
474.6700133037567,-71.80576432669753,-71.80576432669753
474.6800133037567,-71.80320808082358,-71.80320808082358
474.6900133037567,-71.8006681867106,-71.8006681867106
474.7000133037567,-71.79814476993883,-71.79814476993883
474.71001330375674,-71.79563795362992,-71.79563795362992
474.72001330375673,-71.79314785843056,-71.79314785843056
474.7300133037567,-71.79067460254616,-71.79067460254616
474.7400133037567,-71.78821830176666,-71.78821830176666
474.7500133037567,-71.78577906947527,-71.78577906947527
474.7600133037567,-71.78335701668864,-71.78335701668864
474.77001330375674,-71.78095225205723,-71.78095225205723
474.78001330375673,-71.77856488188816,-71.77856488188816
474.7900133037567,-71.7761950101804,-71.7761950101804
474.8000133037567,-71.77384273863746,-71.77384273863746
474.8100133037567,-71.7715081666652,-71.7715081666652
474.8200133037567,-71.76919139144613,-71.76919139144613
474.8300133037567,-71.7668925079023,-71.7668925079023
474.84001330375673,-71.76461160875692,-71.76461160875692
474.8500133037567,-71.76234878452063,-71.76234878452063
474.8600133037567,-71.76010412356004,-71.76010412356004
474.8700133037567,-71.75787771206154,-71.75787771206154
474.8800133037567,-71.75566963411,-71.75566963411
474.8900133037567,-71.75347997167671,-71.75347997167671
474.90001330375674,-71.75130880462943,-71.75130880462943
474.9100133037567,-71.7491562107825,-71.7491562107825
474.9200133037567,-71.74702226591437,-71.74702226591437
474.9300133037567,-71.74490704376905,-71.74490704376905
474.9400133037567,-71.74281061610156,-71.74281061610156
474.9500133037567,-71.74073305268121,-71.74073305268121
474.96001330375674,-71.73867442133233,-71.73867442133233
474.97001330375673,-71.73663478792811,-71.73663478792811
474.9800133037567,-71.7346142164579,-71.7346142164579
474.9900133037567,-71.73261276899761,-71.73261276899761
475.0000133037567,-71.730630505763,-71.730630505763
475.0100133037567,-71.7286674851177,-71.7286674851177
475.02001330375674,-71.72672376360751,-71.72672376360751
475.03001330375673,-71.72479939597956,-71.72479939597956
475.0400133037567,-71.72289443518859,-71.72289443518859
475.0500133037567,-71.72100893244115,-71.72100893244115
475.0600133037567,-71.71914293720523,-71.71914293720523
475.0700133037567,-71.71729649722636,-71.71729649722636
475.0800133037567,-71.71546965855829,-71.71546965855829
475.09001330375673,-71.71366246558475,-71.71366246558475
475.1000133037567,-71.71187496104488,-71.71187496104488
475.1100133037567,-71.71010718603195,-71.71010718603195
475.1200133037567,-71.70835918003804,-71.70835918003804
475.1300133037567,-71.70663098097457,-71.70663098097457
475.1400133037567,-71.70492262517485,-71.70492262517485
475.1500133275986,-71.70323414341279,-71.70323414341279
475.16001332759856,-71.70156557706657,-71.70156557706657
475.17001332759855,-71.69991695378778,-71.69991695378778
475.18001332759854,-71.69828830386959,-71.69828830386959
475.1900133275986,-71.6966796561258,-71.6966796561258
475.2000133275986,-71.69509103792522,-71.69509103792522
475.2100133275986,-71.69352247522146,-71.69352247522146
475.22001332759856,-71.69197399255452,-71.69197399255452
475.23001332759856,-71.69044561308115,-71.69044561308115
475.24001332759855,-71.68893735859041,-71.68893735859041
475.2500133275986,-71.68744924954217,-71.68744924954217
475.2600133275986,-71.6859813050548,-71.6859813050548
475.2700133275986,-71.6845335429504,-71.6845335429504
475.28001332759857,-71.68310597974595,-71.68310597974595
475.29001332759856,-71.68169863070659,-71.68169863070659
475.30001332759855,-71.68031150984048,-71.68031150984048
475.3100133275986,-71.67894462992324,-71.67894462992324
475.3200133275986,-71.67759800252104,-71.67759800252104
475.3300133275986,-71.676271637992,-71.676271637992
475.34001332759857,-71.67496554552991,-71.67496554552991
475.35001332759856,-71.67367973316068,-71.67367973316068
475.36001332759855,-71.67241420776801,-71.67241420776801
475.3700133275986,-71.67116897511768,-71.67116897511768
475.3800133275986,-71.669944039856,-71.669944039856
475.3900133275986,-71.6687394055515,-71.6687394055515
475.4000133275986,-71.66755507468268,-71.66755507468268
475.41001332759856,-71.66639104868152,-71.66639104868152
475.42001332759855,-71.66524732792641,-71.66524732792641
475.43001332759854,-71.66412391178737,-71.66412391178737
475.4400133275986,-71.66302079861309,-71.66302079861309
475.4500133275986,-71.66193798575719,-71.66193798575719
475.4600133275986,-71.66087546960274,-71.66087546960274
475.47001332759856,-71.65983324557237,-71.65983324557237
475.48001332759856,-71.65881130813617,-71.65881130813617
475.49001332759855,-71.65780965083793,-71.65780965083793
475.5000133275986,-71.65682826630652,-71.65682826630652
475.5100133275986,-71.65586714625744,-71.65586714625744
475.5200133275986,-71.6549262815326,-71.6549262815326
475.53001332759857,-71.65400566209074,-71.65400566209074
475.54001332759856,-71.65310527703188,-71.65310527703188
475.55001332759855,-71.65222511462544,-71.65222511462544
475.5600133275986,-71.65136516229988,-71.65136516229988
475.5700133275986,-71.65052540666744,-71.65052540666744
475.5800133275986,-71.64970583354118,-71.64970583354118
475.59001332759857,-71.64890642793841,-71.64890642793841
475.60001332759856,-71.64812717411627,-71.64812717411627
475.61001332759855,-71.64736805554071,-71.64736805554071
475.6200133275986,-71.64662905495837,-71.64662905495837
475.6300133275986,-71.64591015436075,-71.64591015436075
475.6400133275986,-71.645211335016,-71.645211335016
475.6500133275986,-71.64453257747235,-71.64453257747235
475.66001332759856,-71.64387386159204,-71.64387386159204
475.67001332759855,-71.6432351665516,-71.6432351665516
475.68001332759854,-71.64261647083971,-71.64261647083971
475.6900133275986,-71.64201775228014,-71.64201775228014
475.7000133275986,-71.64143898805308,-71.64143898805308
475.7100133275986,-71.64088015468778,-71.64088015468778
475.72001332759856,-71.64034122809169,-71.64034122809169
475.73001332759856,-71.63982218354977,-71.63982218354977
475.74001332759855,-71.6393229957423,-71.6393229957423
475.7500133275986,-71.63884363874277,-71.63884363874277
475.7600133275986,-71.6383840860475,-71.6383840860475
475.7700133275986,-71.63794431058,-71.63794431058
475.78001332759857,-71.63752428468347,-71.63752428468347
475.79001332759856,-71.63712398016544,-71.63712398016544
475.80001332759855,-71.63674336826948,-71.63674336826948
475.8100133275986,-71.63638241971837,-71.63638241971837
475.8200133275986,-71.63604110470973,-71.63604110470973
475.8300133275986,-71.63571939291776,-71.63571939291776
475.84001332759857,-71.63541725350765,-71.63541725350765
475.85001332759856,-71.63513465516456,-71.63513465516456
475.86001332759855,-71.63487156607422,-71.63487156607422
475.8700133275986,-71.63462795394908,-71.63462795394908
475.8800133275986,-71.63440378603295,-71.63440378603295
475.8900133275986,-71.63419902910142,-71.63419902910142
475.9000133275986,-71.63401364949678,-71.63401364949678
475.91001332759856,-71.63384761310634,-71.63384761310634
475.92001332759855,-71.63370088537972,-71.63370088537972
475.93001332759854,-71.63357343135287,-71.63357343135287
475.9400133275986,-71.63346521563717,-71.63346521563717
475.9500133275986,-71.63337620243782,-71.63337620243782
475.9600133275986,-71.63330635556233,-71.63330635556233
475.97001332759856,-71.63325563842002,-71.63325563842002
475.98001332759856,-71.63322401404078,-71.63322401404078
475.99001332759855,-71.63321144507475,-71.63321144507475
476.00001335144043,-71.63321789382263,-71.63321789382263
476.0100133514404,-71.63324332223921,-71.63324332223921
476.0200133514404,-71.6332876918127,-71.6332876918127
476.0300133514404,-71.63335096377072,-71.63335096377072
476.04001335144045,-71.63343309899214,-71.63343309899214
476.05001335144044,-71.63353405803535,-71.63353405803535
476.06001335144043,-71.63365380111478,-71.63365380111478
476.0700133514404,-71.63379228812384,-71.63379228812384
476.0800133514404,-71.63394947865712,-71.63394947865712
476.0900133514404,-71.63412533199094,-71.63412533199094
476.10001335144045,-71.6343198071137,-71.6343198071137
476.11001335144044,-71.63453286271563,-71.63453286271563
476.12001335144043,-71.6347644571959,-71.6347644571959
476.1300133514404,-71.63501454868646,-71.63501454868646
476.1400133514404,-71.63528309504126,-71.63528309504126
476.1500133514404,-71.63557005384095,-71.63557005384095
476.16001335144045,-71.63587538240458,-71.63587538240458
476.17001335144045,-71.63619903780764,-71.63619903780764
476.18001335144044,-71.6365409768641,-71.6365409768641
476.1900133514404,-71.63690115615167,-71.63690115615167
476.2000133514404,-71.637279532,-71.637279532
476.2100133514404,-71.63767606052107,-71.63767606052107
476.22001335144046,-71.63809069759286,-71.63809069759286
476.23001335144045,-71.63852339887158,-71.63852339887158
476.24001335144044,-71.638974119792,-71.638974119792
476.25001335144043,-71.63944281558958,-71.63944281558958
476.2600133514404,-71.63992944128552,-71.63992944128552
476.2700133514404,-71.64043395170908,-71.64043395170908
476.2800133514404,-71.64095630147943,-71.64095630147943
476.29001335144045,-71.64149644503654,-71.64149644503654
476.30001335144044,-71.6420543366418,-71.6420543366418
476.31001335144043,-71.64262993035929,-71.64262993035929
476.3200133514404,-71.64322318008514,-71.64322318008514
476.3300133514404,-71.64383403954447,-71.64383403954447
476.3400133514404,-71.64446246230182,-71.64446246230182
476.35001335144045,-71.64510840174296,-71.64510840174296
476.36001335144044,-71.64577181111478,-71.64577181111478
476.37001335144043,-71.64645264349538,-71.64645264349538
476.3800133514404,-71.64715085183241,-71.64715085183241
476.3900133514404,-71.64786638891117,-71.64786638891117
476.4000133514404,-71.64859920738292,-71.64859920738292
476.41001335144045,-71.64934925976424,-71.64934925976424
476.42001335144045,-71.65011649844789,-71.65011649844789
476.43001335144044,-71.65090087568487,-71.65090087568487
476.4400133514404,-71.6517023436027,-71.6517023436027
476.4500133514404,-71.6525208542174,-71.6525208542174
476.4600133514404,-71.65335012180077,-71.65335012180077
476.47001335144046,-71.65418737528822,-71.65418737528822
476.48001335144045,-71.65503124694993,-71.65503124694993
476.49001335144044,-71.6558810177758,-71.6558810177758
476.50001335144043,-71.65673632978876,-71.65673632978876
476.5100133514404,-71.65759703670263,-71.65759703670263
476.5200133514404,-71.65846311637023,-71.65846311637023
476.5300133514404,-71.6593346182039,-71.6593346182039
476.54001335144045,-71.66021163158958,-71.66021163158958
476.55001335144044,-71.6610942668844,-71.6610942668844
476.56001335144043,-71.66198264418385,-71.66198264418385
476.5700133514404,-71.66287688669652,-71.66287688669652
476.5800133514404,-71.66377711695871,-71.66377711695871
476.5900133514404,-71.66468345480608,-71.66468345480608
476.60001335144045,-71.66559601634502,-71.66559601634502
476.61001335144044,-71.66651491358311,-71.66651491358311
476.62001335144043,-71.6674402543911,-71.6674402543911
476.6300133514404,-71.66837214266201,-71.66837214266201
476.6400133514404,-71.66931067858543,-71.66931067858543
476.6500133514404,-71.67025595896469,-71.67025595896469
476.66001335144045,-71.6712080775138,-71.6712080775138
476.67001335144045,-71.67216712515274,-71.67216712515274
476.68001335144044,-71.67313319030247,-71.67313319030247
476.6900133514404,-71.67410635911659,-71.67410635911659
476.7000133514404,-71.67508671568864,-71.67508671568864
476.7100133514404,-71.67607434224723,-71.67607434224723
476.72001335144046,-71.67706931933637,-71.67706931933637
476.73001335144045,-71.67807172590861,-71.67807172590861
476.74001335144044,-71.67908163949646,-71.67908163949646
476.75001335144043,-71.68009913624759,-71.68009913624759
476.7600133514404,-71.68112429106633,-71.68112429106633
476.7700133514404,-71.68215717762816,-71.68215717762816
476.7800133514404,-71.68319786848126,-71.68319786848126
476.79001335144045,-71.68424643504844,-71.68424643504844
476.80001335144044,-71.68530294771323,-71.68530294771323
476.81001335144043,-71.68636747579912,-71.68636747579912
476.8200133514404,-71.68744008762462,-71.68744008762462
476.8300133514404,-71.68852085051542,-71.68852085051542
476.8400133514404,-71.6896098308158,-71.6896098308158
476.8500133752823,-71.69070709650187,-71.69070709650187
476.8600133752823,-71.69181270679519,-71.69181270679519
476.87001337528227,-71.69292672770602,-71.69292672770602
476.88001337528226,-71.69404922173496,-71.69404922173496
476.8900133752823,-71.69518025042747,-71.69518025042747
476.9000133752823,-71.6963198743732,-71.6963198743732
476.9100133752823,-71.69746815319913,-71.69746815319913
476.9200133752823,-71.69862514559033,-71.69862514559033
476.9300133752823,-71.6997909092745,-71.6997909092745
476.94001337528226,-71.7009655010216,-71.7009655010216
476.9500133752823,-71.70214897662703,-71.70214897662703
476.9600133752823,-71.70333514739083,-71.70333514739083
476.9700133752823,-71.70452134042031,-71.70452134042031
476.9800133752823,-71.7057062863063,-71.7057062863063
476.9900133752823,-71.70688936413151,-71.70688936413151
477.00001337528226,-71.70807031353844,-71.70807031353844
477.0100133752823,-71.7092490852913,-71.7092490852913
477.0200133752823,-71.71042575365416,-71.71042575365416
477.0300133752823,-71.71160046378851,-71.71160046378851
477.0400133752823,-71.71277340008446,-71.71277340008446
477.0500133752823,-71.71394476719286,-71.71394476719286
477.06001337528227,-71.71511477874805,-71.71511477874805
477.0700133752823,-71.71628365072452,-71.71628365072452
477.0800133752823,-71.71745159763653,-71.71745159763653
477.0900133752823,-71.71861883052198,-71.71861883052198
477.1000133752823,-71.71978555587236,-71.71978555587236
477.1100133752823,-71.72095197527433,-71.72095197527433
477.12001337528227,-71.72211828534591,-71.72211828534591
477.13001337528226,-71.72328467791377,-71.72328467791377
477.1400133752823,-71.7244513402518,-71.7244513402518
477.1500133752823,-71.72561845541797,-71.72561845541797
477.1600133752823,-71.72678620252522,-71.72678620252522
477.1700133752823,-71.72795475706113,-71.72795475706113
477.1800133752823,-71.7291242911425,-71.7291242911425
477.19001337528226,-71.73029497377522,-71.73029497377522
477.2000133752823,-71.73146697104747,-71.73146697104747
477.2100133752823,-71.73263420007285,-71.73263420007285
477.2200133752823,-71.73379409348794,-71.73379409348794
477.2300133752823,-71.73494548657902,-71.73494548657902
477.2400133752823,-71.73608786210247,-71.73608786210247
477.25001337528226,-71.73722106237899,-71.73722106237899
477.2600133752823,-71.73834513984306,-71.73834513984306
477.2700133752823,-71.73946026946344,-71.73946026946344
477.2800133752823,-71.74056669616563,-71.74056669616563
477.2900133752823,-71.74166470321927,-71.74166470321927
477.3000133752823,-71.74275459328243,-71.74275459328243
477.31001337528227,-71.74383667712773,-71.74383667712773
477.3200133752823,-71.7449112670569,-71.7449112670569
477.3300133752823,-71.74597867311711,-71.74597867311711
477.3400133752823,-71.74703920104056,-71.74703920104056
477.3500133752823,-71.74809315124445,-71.74809315124445
477.3600133752823,-71.74914081846505,-71.74914081846505
477.37001337528227,-71.75018249167262,-71.75018249167262
477.38001337528226,-71.75121845426388,-71.75121845426388
477.3900133752823,-71.75224898433628,-71.75224898433628
477.4000133752823,-71.75327435496837,-71.75327435496837
477.4100133752823,-71.75429483452557,-71.75429483452557
477.4200133752823,-71.7553106869702,-71.7553106869702
477.4300133752823,-71.75632217211064,-71.75632217211064
477.44001337528226,-71.75732954586091,-71.75732954586091
477.4500133752823,-71.75833306044186,-71.75833306044186
477.4600133752823,-71.75932671633291,-71.75932671633291
477.4700133752823,-71.76030802999753,-71.76030802999753
477.4800133752823,-71.7612759202797,-71.7612759202797
477.4900133752823,-71.76222995299524,-71.76222995299524
477.50001337528226,-71.76317005289414,-71.76317005289414
477.5100133752823,-71.76409635414755,-71.76409635414755
477.5200133752823,-71.76500911273921,-71.76500911273921
477.5300133752823,-71.76590865386049,-71.76590865386049
477.5400133752823,-71.76679534026975,-71.76679534026975
477.5500133752823,-71.76766955333589,-71.76766955333589
477.56001337528227,-71.76853168174918,-71.76853168174918
477.5700133752823,-71.76938211492127,-71.76938211492127
477.5800133752823,-71.77022123921371,-71.77022123921371
477.5900133752823,-71.77104943587132,-71.77104943587132
477.6000133752823,-71.7718670800215,-71.7718670800215
477.6100133752823,-71.77267454027655,-71.77267454027655
477.62001337528227,-71.77347217869591,-71.77347217869591
477.63001337528226,-71.77426035095228,-71.77426035095228
477.6400133752823,-71.77503940660492,-71.77503940660492
477.6500133752823,-71.77580968937069,-71.77580968937069
477.6600133752823,-71.77657153747633,-71.77657153747633
477.6700133752823,-71.7773252839029,-71.7773252839029
477.6800133752823,-71.77807125670317,-71.77807125670317
477.69001337528226,-71.77880977920991,-71.77880977920991
477.70001339912415,-71.77954117200716,-71.77954117200716
477.71001339912414,-71.78025949678927,-71.78025949678927
477.7200133991241,-71.78096233675485,-71.78096233675485
477.7300133991241,-71.78164867534535,-71.78164867534535
477.74001339912417,-71.7823181423894,-71.7823181423894
477.75001339912416,-71.78297072599987,-71.78297072599987
477.76001339912415,-71.78360662302316,-71.78360662302316
477.77001339912414,-71.78422615136421,-71.78422615136421
477.78001339912413,-71.78482969740017,-71.78482969740017
477.7900133991241,-71.78541768429696,-71.78541768429696
477.80001339912417,-71.78599055306398,-71.78599055306398
477.81001339912416,-71.78654875127353,-71.78654875127353
477.82001339912415,-71.78709272645477,-71.78709272645477
477.83001339912414,-71.78762292231094,-71.78762292231094
477.84001339912413,-71.78813977666701,-71.78813977666701
477.8500133991241,-71.78864372047641,-71.78864372047641
477.86001339912417,-71.7891351774288,-71.7891351774288
477.87001339912416,-71.7896145639149,-71.7896145639149
477.88001339912415,-71.79008228920715,-71.79008228920715
477.89001339912414,-71.79053875571334,-71.79053875571334
477.90001339912413,-71.79098435929433,-71.79098435929433
477.9100133991241,-71.79141948957738,-71.79141948957738
477.9200133991242,-71.7918445302575,-71.7918445302575
477.93001339912416,-71.79225985936824,-71.79225985936824
477.94001339912415,-71.79266584953928,-71.79266584953928
477.95001339912415,-71.79306286822005,-71.79306286822005
477.96001339912414,-71.79344502836815,-71.79344502836815
477.9700133991241,-71.7938099591349,-71.7938099591349
477.9800133991241,-71.79415669132123,-71.79415669132123
477.99001339912417,-71.79448490159767,-71.79448490159767
478.00001339912416,-71.7947946243245,-71.7947946243245
478.01001339912415,-71.7950861019946,-71.7950861019946
478.02001339912414,-71.79535969753661,-71.79535969753661
478.03001339912413,-71.79561584167107,-71.79561584167107
478.0400133991241,-71.79585500128628,-71.79585500128628
478.05001339912417,-71.79607766043985,-71.79607766043985
478.06001339912416,-71.79628430910714,-71.79628430910714
478.07001339912415,-71.7964754365647,-71.7964754365647
478.08001339912414,-71.7966515276159,-71.7966515276159
478.09001339912413,-71.79681306055974,-71.79681306055974
478.1000133991241,-71.79696050619185,-71.79696050619185
478.11001339912417,-71.79709432741865,-71.79709432741865
478.12001339912416,-71.79721497925411,-71.79721497925411
478.13001339912415,-71.79732290896055,-71.79732290896055
478.14001339912414,-71.79741855635993,-71.79741855635993
478.15001339912413,-71.7975023541353,-71.7975023541353
478.1600133991241,-71.79757472815736,-71.79757472815736
478.1700133991242,-71.7976360977919,-71.7976360977919
478.18001339912416,-71.79768687617253,-71.79768687617253
478.19001339912415,-71.7977274704937,-71.7977274704937
478.20001339912415,-71.79775828219036,-71.79775828219036
478.21001339912414,-71.79777970717942,-71.79777970717942
478.2200133991241,-71.79779213601046,-71.79779213601046
478.2300133991241,-71.79779595403475,-71.79779595403475
478.24001339912417,-71.79779154151433,-71.79779154151433
478.25001339912416,-71.7977792737523,-71.7977792737523
478.26001339912415,-71.79775952118271,-71.79775952118271
478.27001339912414,-71.79773264947217,-71.79773264947217
478.28001339912413,-71.79769901956541,-71.79769901956541
478.2900133991241,-71.79765898777484,-71.79765898777484
478.30001339912417,-71.7976129058364,-71.7976129058364
478.31001339912416,-71.79756112094049,-71.79756112094049
478.32001339912415,-71.7975039757823,-71.7975039757823
478.33001339912414,-71.79744180863024,-71.79744180863024
478.34001339912413,-71.79737495332085,-71.79737495332085
478.3500133991241,-71.7973037393172,-71.7973037393172
478.36001339912417,-71.79722849173912,-71.79722849173912
478.37001339912416,-71.79714953140086,-71.79714953140086
478.38001339912415,-71.79706717480778,-71.79706717480778
478.39001339912414,-71.7969817342274,-71.7969817342274
478.40001339912413,-71.79689351767101,-71.79689351767101
478.4100133991241,-71.79680282895863,-71.79680282895863
478.4200133991242,-71.79670996772622,-71.79670996772622
478.43001339912416,-71.7966152294499,-71.7966152294499
478.44001339912415,-71.7965189054744,-71.7965189054744
478.45001339912415,-71.79642128304576,-71.79642128304576
478.46001339912414,-71.79632264533153,-71.79632264533153
478.4700133991241,-71.79622327144924,-71.79622327144924
478.4800133991241,-71.79612343648354,-71.79612343648354
478.49001339912417,-71.79602341153159,-71.79602341153159
478.50001339912416,-71.79592346371182,-71.79592346371182
478.51001339912415,-71.79582385620733,-71.79582385620733
478.52001339912414,-71.79572484828975,-71.79572484828975
478.53001339912413,-71.79562669533854,-71.79562669533854
478.5400133991241,-71.79552964888343,-71.79552964888343
478.550013422966,-71.7954339563929,-71.7954339563929
478.560013422966,-71.79533986224624,-71.79533986224624
478.570013422966,-71.79524760634796,-71.79524760634796
478.580013422966,-71.79515742510473,-71.79515742510473
478.590013422966,-71.7950695512209,-71.7950695512209
478.600013422966,-71.79498421374224,-71.79498421374224
478.610013422966,-71.79490163806742,-71.79490163806742
478.620013422966,-71.7948220459896,-71.7948220459896
478.630013422966,-71.794745655726,-71.794745655726
478.640013422966,-71.79467268196144,-71.79467268196144
478.650013422966,-71.79460333587318,-71.79460333587318
478.660013422966,-71.79453782516575,-71.79453782516575
478.670013422966,-71.79447635410015,-71.79447635410015
478.680013422966,-71.79441912353806,-71.79441912353806
478.690013422966,-71.79436633096537,-71.79436633096537
478.700013422966,-71.79431817054244,-71.79431817054244
478.71001342296603,-71.79426858479634,-71.79426858479634
478.720013422966,-71.7942150342582,-71.7942150342582
478.730013422966,-71.79415638264302,-71.79415638264302
478.740013422966,-71.79409214101848,-71.79409214101848
478.750013422966,-71.79402217948393,-71.79402217948393
478.760013422966,-71.79394657746742,-71.79394657746742
478.77001342296603,-71.79386553595724,-71.79386553595724
478.780013422966,-71.79377932477983,-71.79377932477983
478.790013422966,-71.79368825091716,-71.79368825091716
478.800013422966,-71.7935926394905,-71.7935926394905
478.810013422966,-71.79349282250878,-71.79349282250878
478.820013422966,-71.7933891322063,-71.7933891322063
478.830013422966,-71.79328189731046,-71.79328189731046
478.840013422966,-71.79317144101496,-71.79317144101496
478.850013422966,-71.79305807998168,-71.79305807998168
478.860013422966,-71.79294212399058,-71.79294212399058
478.870013422966,-71.7928238759236,-71.7928238759236
478.880013422966,-71.79270363197628,-71.79270363197628
478.890013422966,-71.79258168195508,-71.79258168195508
478.900013422966,-71.79245830959474,-71.79245830959474
478.910013422966,-71.79233379293869,-71.79233379293869
478.920013422966,-71.79220840462415,-71.79220840462415
478.930013422966,-71.7920824122128,-71.7920824122128
478.940013422966,-71.791956078477,-71.791956078477
478.950013422966,-71.7918296616133,-71.7918296616133
478.96001342296603,-71.7917034154978,-71.7917034154978
478.970013422966,-71.79157758983969,-71.79157758983969
478.980013422966,-71.7914524303715,-71.7914524303715
478.990013422966,-71.79132817898838,-71.79132817898838
479.000013422966,-71.79120507387812,-71.79120507387812
479.010013422966,-71.79108334962639,-71.79108334962639
479.02001342296603,-71.79096323730542,-71.79096323730542
479.030013422966,-71.79084496458391,-71.79084496458391
479.040013422966,-71.79072875577029,-71.79072875577029
479.050013422966,-71.79061483189186,-71.79061483189186
479.060013422966,-71.79050341075288,-71.79050341075288
479.070013422966,-71.7903947069865,-71.7903947069865
479.080013422966,-71.79028893208928,-71.79028893208928
479.090013422966,-71.7901862944923,-71.7901862944923
479.100013422966,-71.79008699953766,-71.79008699953766
479.110013422966,-71.78999124958396,-71.78999124958396
479.120013422966,-71.78989924399015,-71.78989924399015
479.130013422966,-71.78981117915805,-71.78981117915805
479.140013422966,-71.78972724858092,-71.78972724858092
479.150013422966,-71.78964764283009,-71.78964764283009
479.160013422966,-71.7895725496072,-71.7895725496072
479.170013422966,-71.78950215376194,-71.78950215376194
479.180013422966,-71.78943663731289,-71.78943663731289
479.190013422966,-71.78937617947746,-71.78937617947746
479.200013422966,-71.78932095668702,-71.78932095668702
479.21001342296603,-71.78926489468874,-71.78926489468874
479.220013422966,-71.78920543758905,-71.78920543758905
479.230013422966,-71.78914143323165,-71.78914143323165
479.240013422966,-71.78907237734663,-71.78907237734663
479.250013422966,-71.78899812522975,-71.78899812522975
479.260013422966,-71.78891874201172,-71.78891874201172
479.27001342296603,-71.78883441484291,-71.78883441484291
479.280013422966,-71.78874540016308,-71.78874540016308
479.290013422966,-71.78865199196598,-71.78865199196598
479.300013422966,-71.78855450278388,-71.78855450278388
479.310013422966,-71.78845325240309,-71.78845325240309
479.320013422966,-71.78834856122573,-71.78834856122573
479.330013422966,-71.78824074648067,-71.78824074648067
479.340013422966,-71.78813012020947,-71.78813012020947
479.350013422966,-71.78801698824999,-71.78801698824999
479.360013422966,-71.78790164986881,-71.78790164986881
479.370013422966,-71.78778439776977,-71.78778439776977
479.380013422966,-71.78766551825963,-71.78766551825963
479.390013422966,-71.78754529154148,-71.78754529154148
479.40001344680786,-71.78742399176313,-71.78742399176313
479.41001344680785,-71.7873018885106,-71.7873018885106
479.42001344680784,-71.7871792453738,-71.7871792453738
479.43001344680783,-71.78705632142253,-71.78705632142253
479.4400134468079,-71.7869333711739,-71.7869333711739
479.4500134468079,-71.78681064483283,-71.78681064483283
479.46001344680786,-71.78668838850223,-71.78668838850223
479.47001344680785,-71.78656684436024,-71.78656684436024
479.48001344680785,-71.78644625084219,-71.78644625084219
479.49001344680784,-71.78632684274578,-71.78632684274578
479.5000134468079,-71.78620885138074,-71.78620885138074
479.5100134468079,-71.78609250464727,-71.78609250464727
479.52001344680787,-71.78597802714721,-71.78597802714721
479.53001344680786,-71.78586564024764,-71.78586564024764
479.54001344680785,-71.7857555621499,-71.7857555621499
479.55001344680784,-71.78564800795922,-71.78564800795922
479.5600134468079,-71.78554318972202,-71.78554318972202
479.5700134468079,-71.7854413164749,-71.7854413164749
479.58001344680787,-71.78534259428069,-71.78534259428069
479.59001344680786,-71.78524722629199,-71.78524722629199
479.60001344680785,-71.78515541273569,-71.78515541273569
479.61001344680784,-71.785067350985,-71.785067350985
479.6200134468079,-71.78498323556342,-71.78498323556342
479.6300134468079,-71.78490325816867,-71.78490325816867
479.64001344680787,-71.78482760771234,-71.78482760771234
479.65001344680786,-71.78475647032363,-71.78475647032363
479.66001344680785,-71.78469002938219,-71.78469002938219
479.67001344680784,-71.78462846553032,-71.78462846553032
479.68001344680783,-71.78457195670238,-71.78457195670238
479.6900134468079,-71.7845206781212,-71.7845206781212
479.7000134468079,-71.78447480234618,-71.78447480234618
479.71001344680786,-71.78443449927747,-71.78443449927747
479.72001344680785,-71.78439993616239,-71.78439993616239
479.73001344680785,-71.78437127763604,-71.78437127763604
479.74001344680784,-71.78434868573017,-71.78434868573017
479.7500134468079,-71.78433231987965,-71.78433231987965
479.7600134468079,-71.78432233695715,-71.78432233695715
479.77001344680787,-71.78431889128912,-71.78431889128912
479.78001344680786,-71.7843221346744,-71.7843221346744
479.79001344680785,-71.78433221638565,-71.78433221638565
479.80001344680784,-71.78434928322052,-71.78434928322052
479.8100134468079,-71.78437347948905,-71.78437347948905
479.8200134468079,-71.7844049470609,-71.7844049470609
479.83001344680787,-71.7844438253621,-71.7844438253621
479.84001344680786,-71.78449025141809,-71.78449025141809
479.85001344680785,-71.78454435984149,-71.78454435984149
479.86001344680784,-71.7846062828904,-71.7846062828904
479.8700134468079,-71.78467615046968,-71.78467615046968
479.8800134468079,-71.78475409014203,-71.78475409014203
479.89001344680787,-71.78484022716653,-71.78484022716653
479.90001344680786,-71.78493468451519,-71.78493468451519
479.91001344680785,-71.78503758289453,-71.78503758289453
479.92001344680784,-71.7851490407595,-71.7851490407595
479.93001344680783,-71.785269174346,-71.785269174346
479.9400134468079,-71.78539809768985,-71.78539809768985
479.9500134468079,-71.78553592264045,-71.78553592264045
479.96001344680786,-71.7856827588841,-71.7856827588841
479.97001344680785,-71.78583871398851,-71.78583871398851
479.98001344680785,-71.78600389338709,-71.78600389338709
479.99001344680784,-71.78617840044387,-71.78617840044387
480.0000134468079,-71.78636233643488,-71.78636233643488
480.0100134468079,-71.7865558005924,-71.7865558005924
480.02001344680787,-71.78675889013176,-71.78675889013176
480.03001344680786,-71.7869717002642,-71.7869717002642
480.04001344680785,-71.78719432421717,-71.78719432421717
480.05001344680784,-71.787426853255,-71.787426853255
480.0600134468079,-71.78766937671492,-71.78766937671492
480.0700134468079,-71.78792198201354,-71.78792198201354
480.08001344680787,-71.78818475469389,-71.78818475469389
480.09001344680786,-71.78845777840883,-71.78845777840883
480.10001344680785,-71.78874113497437,-71.78874113497437
480.11001344680784,-71.78903490438739,-71.78903490438739
480.1200134468079,-71.789339164824,-71.789339164824
480.1300134468079,-71.78965399270167,-71.78965399270167
480.14001344680787,-71.7899794626634,-71.7899794626634
480.15001344680786,-71.79031564762597,-71.79031564762597
480.16001344680785,-71.79066261878258,-71.79066261878258
480.17001344680784,-71.79102044562742,-71.79102044562742
480.18001344680783,-71.79138919600116,-71.79138919600116
480.1900134468079,-71.7917689360747,-71.7917689360747
480.2000134468079,-71.79215973039568,-71.79215973039568
480.21001344680786,-71.79255539205337,-71.79255539205337
480.22001344680785,-71.7929532537395,-71.7929532537395
480.23001344680785,-71.79335205324516,-71.79335205324516
480.24001344680784,-71.79375117763331,-71.79375117763331
480.2500134706497,-71.79415037577381,-71.79415037577381
480.2600134706497,-71.79454960476718,-71.79454960476718
480.2700134706497,-71.794948947815,-71.794948947815
480.2800134706497,-71.79534855765,-71.79534855765
480.29001347064974,-71.79574862572147,-71.79574862572147
480.30001347064973,-71.79614936320884,-71.79614936320884
480.3100134706497,-71.79655098968061,-71.79655098968061
480.3200134706497,-71.79695372644684,-71.79695372644684
480.3300134706497,-71.79735779282178,-71.79735779282178
480.3400134706497,-71.7977634040426,-71.7977634040426
480.35001347064974,-71.79817077028424,-71.79817077028424
480.36001347064973,-71.7985800962966,-71.7985800962966
480.3700134706497,-71.79899158137478,-71.79899158137478
480.3800134706497,-71.7994054195402,-71.7994054195402
480.3900134706497,-71.7998217998329,-71.7998217998329
480.4000134706497,-71.80024090663301,-71.80024090663301
480.41001347064974,-71.80066291999955,-71.80066291999955
480.42001347064974,-71.80108801597727,-71.80108801597727
480.4300134706497,-71.80151636689004,-71.80151636689004
480.4400134706497,-71.80194814162157,-71.80194814162157
480.4500134706497,-71.80238350580525,-71.80238350580525
480.4600134706497,-71.80282262206936,-71.80282262206936
480.47001347064975,-71.80326565019438,-71.80326565019438
480.48001347064974,-71.80371274727771,-71.80371274727771
480.4900134706497,-71.80416406785623,-71.80416406785623
480.5000134706497,-71.8046197640084,-71.8046197640084
480.5100134706497,-71.8050799854752,-71.8050799854752
480.5200134706497,-71.805544879731,-71.805544879731
480.5300134706497,-71.80601459204331,-71.80601459204331
480.54001347064974,-71.80648926554197,-71.80648926554197
480.55001347064973,-71.80696904127998,-71.80696904127998
480.5600134706497,-71.8074540582618,-71.8074540582618
480.5700134706497,-71.80794445346335,-71.80794445346335
480.5800134706497,-71.80844036191303,-71.80844036191303
480.5900134706497,-71.80894191668435,-71.80894191668435
480.60001347064974,-71.80944924891436,-71.80944924891436
480.61001347064973,-71.80996248783656,-71.80996248783656
480.6200134706497,-71.81048176080725,-71.81048176080725
480.6300134706497,-71.81100719329558,-71.81100719329558
480.6400134706497,-71.8115389089301,-71.8115389089301
480.6500134706497,-71.81207702947705,-71.81207702947705
480.66001347064974,-71.81262167488751,-71.81262167488751
480.67001347064974,-71.81317296327184,-71.81317296327184
480.6800134706497,-71.81373101093847,-71.81373101093847
480.6900134706497,-71.81429593238452,-71.81429593238452
480.7000134706497,-71.81486784032442,-71.81486784032442
480.7100134706497,-71.81544684567695,-71.81544684567695
480.72001347064975,-71.81603305758783,-71.81603305758783
480.73001347064974,-71.8166265834313,-71.8166265834313
480.7400134706497,-71.81722752883228,-71.81722752883228
480.7500134706497,-71.817835997657,-71.817835997657
480.7600134706497,-71.81845209203449,-71.81845209203449
480.7700134706497,-71.8190759123595,-71.8190759123595
480.7800134706497,-71.8197075573077,-71.8197075573077
480.79001347064974,-71.82034712384342,-71.82034712384342
480.80001347064973,-71.82099470722234,-71.82099470722234
480.8100134706497,-71.82165040101374,-71.82165040101374
480.8200134706497,-71.82231429709968,-71.82231429709968
480.8300134706497,-71.8229864856963,-71.8229864856963
480.8400134706497,-71.82366705535169,-71.82366705535169
480.85001347064974,-71.82435609297251,-71.82435609297251
480.86001347064973,-71.82505368381356,-71.82505368381356
480.8700134706497,-71.82575991151889,-71.82575991151889
480.8800134706497,-71.82647485811657,-71.82647485811657
480.8900134706497,-71.827118810132,-71.827118810132
480.9000134706497,-71.8276604866307,-71.8276604866307
480.91001347064974,-71.82808524166374,-71.82808524166374
480.92001347064974,-71.82838535930897,-71.82838535930897
480.9300134706497,-71.82855706034734,-71.82855706034734
480.9400134706497,-71.8285991236608,-71.8285991236608
480.9500134706497,-71.82851204374641,-71.82851204374641
480.9600134706497,-71.82829746087438,-71.82829746087438
480.97001347064975,-71.82795776602494,-71.82795776602494
480.98001347064974,-71.82749582623784,-71.82749582623784
480.9900134706497,-71.82691479437855,-71.82691479437855
481.0000134706497,-71.82621797810573,-71.82621797810573
481.0100134706497,-71.82540875037526,-71.82540875037526
481.0200134706497,-71.82449048898263,-71.82449048898263
481.0300134706497,-71.82346653642544,-71.82346653642544
481.04001347064974,-71.8223401738885,-71.8223401738885
481.05001347064973,-71.82111460501403,-71.82111460501403
481.0600134706497,-71.81979294644538,-71.81979294644538
481.0700134706497,-71.81837822303827,-71.81837822303827
481.0800134706497,-71.81687336614881,-71.81687336614881
481.0900134706497,-71.81528121405832,-71.81528121405832
481.1000134944916,-71.81360450973176,-71.81360450973176
481.11001349449157,-71.81184591910842,-71.81184591910842
481.12001349449156,-71.81000801129669,-71.81000801129669
481.13001349449155,-71.80809327674451,-71.80809327674451
481.1400134944916,-71.80610412724,-71.80610412724
481.1500134944916,-71.80404289935095,-71.80404289935095
481.1600134944916,-71.80191185779164,-71.80191185779164
481.17001349449157,-71.79971319870796,-71.79971319870796
481.18001349449156,-71.79744905280589,-71.79744905280589
481.19001349449155,-71.79512148828861,-71.79512148828861
481.2000134944916,-71.79273251367883,-71.79273251367883
481.2100134944916,-71.79028408044125,-71.79028408044125
481.2200134944916,-71.78777808543829,-71.78777808543829
481.2300134944916,-71.78521637327808,-71.78521637327808
481.24001349449156,-71.78260073848571,-71.78260073848571
481.25001349449155,-71.77993292754533,-71.77993292754533
481.2600134944916,-71.77721464082276,-71.77721464082276
481.2700134944916,-71.77444753436629,-71.77444753436629
481.2800134944916,-71.77163322159407,-71.77163322159407
481.2900134944916,-71.76877327492237,-71.76877327492237
481.30001349449157,-71.76586922724856,-71.76586922724856
481.31001349449156,-71.76292257336799,-71.76292257336799
481.3200134944916,-71.7599347713177,-71.7599347713177
481.3300134944916,-71.75690724365778,-71.75690724365778
481.3400134944916,-71.75384137866689,-71.75384137866689
481.3500134944916,-71.75073853146073,-71.75073853146073
481.36001349449157,-71.74760002511287,-71.74760002511287
481.37001349449156,-71.74442715166593,-71.74442715166593
481.38001349449155,-71.74122117307662,-71.74122117307662
481.3900134944916,-71.73798332220584,-71.73798332220584
481.4000134944916,-71.734714803652,-71.734714803652
481.4100134944916,-71.73141679464284,-71.73141679464284
481.42001349449157,-71.72809044580877,-71.72809044580877
481.43001349449156,-71.72473688198401,-71.72473688198401
481.44001349449155,-71.72135720292101,-71.72135720292101
481.4500134944916,-71.71795248404032,-71.71795248404032
481.4600134944916,-71.71452377706233,-71.71452377706233
481.4700134944916,-71.7110721106972,-71.7110721106972
481.4800134944916,-71.70759849124344,-71.70759849124344
481.49001349449156,-71.70410390321851,-71.70410390321851
481.50001349449155,-71.70058930991866,-71.70058930991866
481.5100134944916,-71.69705565397152,-71.69705565397152
481.5200134944916,-71.69350385787898,-71.69350385787898
481.5300134944916,-71.68993482454273,-71.68993482454273
481.5400134944916,-71.68634943773857,-71.68634943773857
481.55001349449157,-71.68274856262668,-71.68274856262668
481.56001349449156,-71.67913304617932,-71.67913304617932
481.5700134944916,-71.67550371766312,-71.67550371766312
481.5800134944916,-71.67186138902784,-71.67186138902784
481.5900134944916,-71.66820685537327,-71.66820685537327
481.6000134944916,-71.6645408953053,-71.6645408953053
481.61001349449157,-71.66086427135336,-71.66086427135336
481.62001349449156,-71.65717773032956,-71.65717773032956
481.63001349449155,-71.65348200373009,-71.65348200373009
481.6400134944916,-71.64977780803109,-71.64977780803109
481.6500134944916,-71.64606584507551,-71.64606584507551
481.6600134944916,-71.64234680238984,-71.64234680238984
481.67001349449157,-71.63862135350395,-71.63862135350395
481.68001349449156,-71.63489015825974,-71.63489015825974
481.69001349449155,-71.63115386312377,-71.63115386312377
481.7000134944916,-71.62741310146728,-71.62741310146728
481.7100134944916,-71.62366849387637,-71.62366849387637
481.7200134944916,-71.6199206483886,-71.6199206483886
481.7300134944916,-71.61617016078608,-71.61617016078608
481.74001349449156,-71.61241761487517,-71.61241761487517
481.75001349449155,-71.60866358270034,-71.60866358270034
481.7600134944916,-71.60489849122257,-71.60489849122257
481.7700134944916,-71.60111151749828,-71.60111151749828
481.7800134944916,-71.5972933904881,-71.5972933904881
481.7900134944916,-71.5934365620131,-71.5934365620131
481.80001349449157,-71.58953490280852,-71.58953490280852
481.81001349449156,-71.58558341701742,-71.58558341701742
481.8200134944916,-71.58157802866042,-71.58157802866042
481.8300134944916,-71.57751542243517,-71.57751542243517
481.8400134944916,-71.5733929207812,-71.5733929207812
481.8500134944916,-71.56920838576774,-71.56920838576774
481.86001349449157,-71.56496013905567,-71.56496013905567
481.87001349449156,-71.56064689565761,-71.56064689565761
481.88001349449155,-71.55626770850455,-71.55626770850455
481.8900134944916,-71.55182192175418,-71.55182192175418
481.9000134944916,-71.5473091312483,-71.5473091312483
481.9100134944916,-71.5427291506626,-71.5427291506626
481.92001349449157,-71.53808198264441,-71.53808198264441
481.93001349449156,-71.53336779388536,-71.53336779388536
481.94001349449155,-71.52858689360099,-71.52858689360099
481.95001351833344,-71.52373970334509,-71.52373970334509
481.9600135183334,-71.51882057438931,-71.51882057438931
481.9700135183334,-71.51382742338407,-71.51382742338407
481.9800135183334,-71.50875965824727,-71.50875965824727
481.99001351833346,-71.5036174033255,-71.5036174033255
482.00001351833345,-71.4984012030889,-71.4984012030889
482.01001351833344,-71.4931118650636,-71.4931118650636
482.0200135183334,-71.48775036538555,-71.48775036538555
482.0300135183334,-71.48231779009299,-71.48231779009299
482.0400135183334,-71.47681529799546,-71.47681529799546
482.05001351833346,-71.47124409684088,-71.47124409684088
482.06001351833345,-71.46560542768344,-71.46560542768344
482.07001351833344,-71.45990055438287,-71.45990055438287
482.08001351833343,-71.45413075635336,-71.45413075635336
482.0900135183334,-71.44829732344459,-71.44829732344459
482.1000135183334,-71.44240155215695,-71.44240155215695
482.11001351833346,-71.43644474281844,-71.43644474281844
482.12001351833345,-71.43042819735005,-71.43042819735005
482.13001351833344,-71.42435321750091,-71.42435321750091
482.14001351833343,-71.41822110333436,-71.41822110333436
482.1500135183334,-71.41203315202381,-71.41203315202381
482.1600135183334,-71.4057906567472,-71.4057906567472
482.17001351833346,-71.39949490575482,-71.39949490575482
482.18001351833345,-71.39314718154536,-71.39314718154536
482.19001351833344,-71.38674876010853,-71.38674876010853
482.20001351833344,-71.38030091029056,-71.38030091029056
482.2100135183334,-71.37380489315524,-71.37380489315524
482.2200135183334,-71.36726196147082,-71.36726196147082
482.2300135183334,-71.36067335921501,-71.36067335921501
482.24001351833346,-71.35404032113773,-71.35404032113773
482.25001351833345,-71.34736407235816,-71.34736407235816
482.26001351833344,-71.34064582801784,-71.34064582801784
482.2700135183334,-71.33388679294023,-71.33388679294023
482.2800135183334,-71.32708816135904,-71.32708816135904
482.2900135183334,-71.32025111664522,-71.32025111664522
482.30001351833346,-71.31337683108902,-71.31337683108902
482.31001351833345,-71.30646646568083,-71.30646646568083
482.32001351833344,-71.29952116994595,-71.29952116994595
482.33001351833343,-71.29254208176249,-71.29254208176249
482.3400135183334,-71.28553032722472,-71.28553032722472
482.3500135183334,-71.27848702055479,-71.27848702055479
482.36001351833346,-71.2714132639501,-71.2714132639501
482.37001351833345,-71.26431014752731,-71.26431014752731
482.38001351833344,-71.25717874924399,-71.25717874924399
482.39001351833343,-71.25002013482734,-71.25002013482734
482.4000135183334,-71.24283535773273,-71.24283535773273
482.4100135183334,-71.23562545912105,-71.23562545912105
482.42001351833346,-71.22839146780883,-71.22839146780883
482.43001351833345,-71.22113440028157,-71.22113440028157
482.44001351833344,-71.21385526066196,-71.21385526066196
482.45001351833344,-71.20655504073406,-71.20655504073406
482.4600135183334,-71.1992347199493,-71.1992347199493
482.4700135183334,-71.191895265432,-71.191895265432
482.4800135183334,-71.1845376320189,-71.1845376320189
482.49001351833346,-71.1771627622977,-71.1771627622977
482.50001351833345,-71.16977158662851,-71.16977158662851
482.51001351833344,-71.16236502319205,-71.16236502319205
482.5200135183334,-71.15494397803937,-71.15494397803937
482.5300135183334,-71.14750934514782,-71.14750934514782
482.5400135183334,-71.14006200648022,-71.14006200648022
482.55001351833346,-71.13260283202935,-71.13260283202935
482.56001351833345,-71.12513267992021,-71.12513267992021
482.57001351833344,-71.11765239644076,-71.11765239644076
482.58001351833343,-71.11016281614047,-71.11016281614047
482.5900135183334,-71.10266476188036,-71.10266476188036
482.6000135183334,-71.09515904493477,-71.09515904493477
482.61001351833346,-71.08764646506405,-71.08764646506405
482.62001351833345,-71.08012781058859,-71.08012781058859
482.63001351833344,-71.07260385849364,-71.07260385849364
482.64001351833343,-71.06507537449858,-71.06507537449858
482.6500135183334,-71.05754311314197,-71.05754311314197
482.6600135183334,-71.05000781790086,-71.05000781790086
482.67001351833346,-71.0424702212511,-71.0424702212511
482.68001351833345,-71.03493104477593,-71.03493104477593
482.69001351833344,-71.02739099926279,-71.02739099926279
482.70001351833344,-71.01985078478745,-71.01985078478745
482.7100135183334,-71.01230492712898,-71.01230492712898
482.7200135183334,-71.00475142407856,-71.00475142407856
482.7300135183334,-70.99718965209925,-70.99718965209925
482.74001351833346,-70.98961961875311,-70.98961961875311
482.75001351833345,-70.98204167799598,-70.98204167799598
482.76001351833344,-70.97445638252611,-70.97445638252611
482.7700135183334,-70.96686439736013,-70.96686439736013
482.7800135183334,-70.95926644800035,-70.95926644800035
482.7900135183334,-70.95166328931374,-70.95166328931374
482.8000135421753,-70.94405566884717,-70.94405566884717
482.8100135421753,-70.93644438826038,-70.93644438826038
482.8200135421753,-70.92883018829617,-70.92883018829617
482.83001354217527,-70.92121381754606,-70.92121381754606
482.8400135421753,-70.91359601249287,-70.91359601249287
482.8500135421753,-70.90597749661517,-70.90597749661517
482.8600135421753,-70.89835898010847,-70.89835898010847
482.8700135421753,-70.89074115996908,-70.89074115996908
482.8800135421753,-70.88312472026342,-70.88312472026342
482.89001354217527,-70.87551033248613,-70.87551033248613
482.9000135421753,-70.8678986559789,-70.8678986559789
482.9100135421753,-70.86029033831588,-70.86029033831588
482.9200135421753,-70.85268601572183,-70.85268601572183
482.9300135421753,-70.84508631341767,-70.84508631341767
482.9400135421753,-70.83749184597824,-70.83749184597824
482.95001354217527,-70.82990321761588,-70.82990321761588
482.9600135421753,-70.82232102249661,-70.82232102249661
482.9700135421753,-70.81474584496128,-70.81474584496128
482.9800135421753,-70.80717825976451,-70.80717825976451
482.9900135421753,-70.79961883229618,-70.79961883229618
483.0000135421753,-70.79206811875746,-70.79206811875746
483.0100135421753,-70.78452666633571,-70.78452666633571
483.0200135421753,-70.77699501335736,-70.77699501335736
483.0300135421753,-70.76947368945743,-70.76947368945743
483.0400135421753,-70.76196321569059,-70.76196321569059
483.0500135421753,-70.75446410466027,-70.75446410466027
483.0600135421753,-70.74697686065808,-70.74697686065808
483.0700135421753,-70.73950197975333,-70.73950197975333
483.08001354217527,-70.73203994991874,-70.73203994991874
483.0900135421753,-70.72459125112083,-70.72459125112083
483.1000135421753,-70.71715635542327,-70.71715635542327
483.1100135421753,-70.70973572706707,-70.70973572706707
483.1200135421753,-70.7023298225944,-70.7023298225944
483.1300135421753,-70.69493909091513,-70.69493909091513
483.14001354217527,-70.68756397338628,-70.68756397338628
483.1500135421753,-70.68020490391599,-70.68020490391599
483.1600135421753,-70.67286230904249,-70.67286230904249
483.1700135421753,-70.66553660800417,-70.66553660800417
483.1800135421753,-70.65822821283355,-70.65822821283355
483.1900135421753,-70.65093752843903,-70.65093752843903
483.20001354217527,-70.64366495267473,-70.64366495267473
483.2100135421753,-70.63641087641658,-70.63641087641658
483.2200135421753,-70.62917568364954,-70.62917568364954
483.2300135421753,-70.62195975154818,-70.62195975154818
483.2400135421753,-70.6147634505288,-70.6147634505288
483.2500135421753,-70.60758714435596,-70.60758714435596
483.2600135421753,-70.60043119019878,-70.60043119019878
483.2700135421753,-70.59329593870397,-70.59329593870397
483.2800135421753,-70.58618173408539,-70.58618173408539
483.2900135421753,-70.57908891419225,-70.57908891419225
483.3000135421753,-70.5720178105626,-70.5720178105626
483.3100135421753,-70.56496874853582,-70.56496874853582
483.3200135421753,-70.55794204728197,-70.55794204728197
483.33001354217527,-70.5509380199128,-70.5509380199128
483.3400135421753,-70.54395697352167,-70.54395697352167
483.3500135421753,-70.53699920927629,-70.53699920927629
483.3600135421753,-70.5300650224858,-70.5300650224858
483.3700135421753,-70.52315470267003,-70.52315470267003
483.3800135421753,-70.51626853362409,-70.51626853362409
483.39001354217527,-70.50940679348933,-70.50940679348933
483.4000135421753,-70.50256975483371,-70.50256975483371
483.4100135421753,-70.49575768471043,-70.49575768471043
483.4200135421753,-70.48897084472924,-70.48897084472924
483.4300135421753,-70.48220949112675,-70.48220949112675
483.4400135421753,-70.47547387483658,-70.47547387483658
483.45001354217527,-70.46876424155043,-70.46876424155043
483.4600135421753,-70.46207471473969,-70.46207471473969
483.4700135421753,-70.45540286891631,-70.45540286891631
483.4800135421753,-70.44874765243252,-70.44874765243252
483.4900135421753,-70.44210864557425,-70.44210864557425
483.5000135421753,-70.4354857778702,-70.4354857778702
483.5100135421753,-70.42887918144895,-70.42887918144895
483.5200135421753,-70.42228910510497,-70.42228910510497
483.5300135421753,-70.4157158627427,-70.4157158627427
483.5400135421753,-70.40915980240699,-70.40915980240699
483.5500135421753,-70.40262128773186,-70.40262128773186
483.5600135421753,-70.39610068697263,-70.39610068697263
483.5700135421753,-70.38959836661022,-70.38959836661022
483.58001354217527,-70.38311468771226,-70.38311468771226
483.5900135421753,-70.37665000401529,-70.37665000401529
483.6000135421753,-70.37020466101524,-70.37020466101524
483.6100135421753,-70.36377899566322,-70.36377899566322
483.6200135421753,-70.35737333640448,-70.35737333640448
483.6300135421753,-70.35098800340731,-70.35098800340731
483.64001354217527,-70.34462330892184,-70.34462330892184
483.65001356601715,-70.33827954251905,-70.33827954251905
483.66001356601714,-70.33195703193586,-70.33195703193586
483.67001356601713,-70.32565605264553,-70.32565605264553
483.6800135660171,-70.31937688878185,-70.31937688878185
483.69001356601717,-70.31311981824375,-70.31311981824375
483.70001356601716,-70.3068851130143,-70.3068851130143
483.71001356601715,-70.30066693575955,-70.30066693575955
483.72001356601714,-70.29446289200065,-70.29446289200065
483.73001356601713,-70.28827195785328,-70.28827195785328
483.7400135660171,-70.28209373995091,-70.28209373995091
483.7500135660172,-70.2759281934291,-70.2759281934291
483.76001356601716,-70.26977547565151,-70.26977547565151
483.77001356601716,-70.26363586050189,-70.26363586050189
483.78001356601715,-70.25750968695097,-70.25750968695097
483.79001356601714,-70.25139732818093,-70.25139732818093
483.8000135660171,-70.24529917309378,-70.24529917309378
483.8100135660172,-70.23921561536262,-70.23921561536262
483.82001356601717,-70.23314704705093,-70.23314704705093
483.83001356601716,-70.22709385499553,-70.22709385499553
483.84001356601715,-70.22105641887882,-70.22105641887882
483.85001356601714,-70.21503511033846,-70.21503511033846
483.86001356601713,-70.20903029261788,-70.20903029261788
483.8700135660172,-70.20304232065386,-70.20304232065386
483.88001356601717,-70.19707154125201,-70.19707154125201
483.89001356601716,-70.19111829343863,-70.19111829343863
483.90001356601715,-70.18518290880601,-70.18518290880601
483.91001356601714,-70.1792657118765,-70.1792657118765
483.92001356601713,-70.17336702042489,-70.17336702042489
483.9300135660171,-70.16748714582118,-70.16748714582118
483.94001356601717,-70.1616263932993,-70.1616263932993
483.95001356601716,-70.15578506220857,-70.15578506220857
483.96001356601715,-70.14996344625703,-70.14996344625703
483.97001356601714,-70.14416183370363,-70.14416183370363
483.98001356601713,-70.13838050751814,-70.13838050751814
483.9900135660171,-70.13261974555783,-70.13261974555783
484.0000135660172,-70.12687982069647,-70.12687982069647
484.01001356601716,-70.12116100094093,-70.12116100094093
484.02001356601716,-70.11546354952249,-70.11546354952249
484.03001356601715,-70.10978772501299,-70.10978772501299
484.04001356601714,-70.10413378138847,-70.10413378138847
484.0500135660171,-70.09850196811588,-70.09850196811588
484.0600135660172,-70.09289253021545,-70.09289253021545
484.07001356601717,-70.08730570830888,-70.08730570830888
484.08001356601716,-70.08174173868956,-70.08174173868956
484.09001356601715,-70.07620085337656,-70.07620085337656
484.10001356601714,-70.07068328014616,-70.07068328014616
484.11001356601713,-70.0651892425787,-70.0651892425787
484.1200135660172,-70.05971896011025,-70.05971896011025
484.13001356601717,-70.05427264807545,-70.05427264807545
484.14001356601716,-70.04885051772872,-70.04885051772872
484.15001356601715,-70.04345277628362,-70.04345277628362
484.16001356601714,-70.03807962696452,-70.03807962696452
484.17001356601713,-70.03273126902498,-70.03273126902498
484.1800135660171,-70.02740789779367,-70.02740789779367
484.19001356601717,-70.02210970470095,-70.02210970470095
484.20001356601716,-70.01683687731399,-70.01683687731399
484.21001356601715,-70.01158351979296,-70.01158351979296
484.22001356601714,-70.0063471667237,-70.0063471667237
484.23001356601713,-70.00112671942986,-70.00112671942986
484.2400135660171,-69.99592170875809,-69.99592170875809
484.2500135660172,-69.99073201411449,-69.99073201411449
484.26001356601716,-69.98555771759293,-69.98555771759293
484.27001356601716,-69.98039901851074,-69.98039901851074
484.28001356601715,-69.97525618203437,-69.97525618203437
484.29001356601714,-69.97012950837369,-69.97012950837369
484.3000135660171,-69.96501931427822,-69.96501931427822
484.3100135660172,-69.95992592207946,-69.95992592207946
484.32001356601717,-69.95484965328092,-69.95484965328092
484.33001356601716,-69.949790824929,-69.949790824929
484.34001356601715,-69.94474974767604,-69.94474974767604
484.35001356601714,-69.93972672484377,-69.93972672484377
484.36001356601713,-69.93472205208093,-69.93472205208093
484.3700135660172,-69.92973601742453,-69.92973601742453
484.38001356601717,-69.92476890148635,-69.92476890148635
484.39001356601716,-69.91982097776838,-69.91982097776838
484.40001356601715,-69.91489251300733,-69.91489251300733
484.41001356601714,-69.90998376755222,-69.90998376755222
484.42001356601713,-69.90509499566294,-69.90509499566294
484.4300135660171,-69.9002264458554,-69.9002264458554
484.44001356601717,-69.89537836116283,-69.89537836116283
484.45001356601716,-69.8905509794007,-69.8905509794007
484.46001356601715,-69.88574453338528,-69.88574453338528
484.47001356601714,-69.88095925114624,-69.88095925114624
484.48001356601713,-69.87619535608233,-69.87619535608233
484.4900135660171,-69.87145306711331,-69.87145306711331
484.500013589859,-69.86673258760574,-69.86673258760574
484.510013589859,-69.8620341504614,-69.8620341504614
484.520013589859,-69.85735795065345,-69.85735795065345
484.530013589859,-69.8527041904212,-69.8527041904212
484.54001358985903,-69.84807306806721,-69.84807306806721
484.550013589859,-69.84346477803632,-69.84346477803632
484.560013589859,-69.83887951097137,-69.83887951097137
484.570013589859,-69.8343174537598,-69.8343174537598
484.580013589859,-69.8297787896259,-69.8297787896259
484.590013589859,-69.82526369814407,-69.82526369814407
484.60001358985903,-69.82077235529813,-69.82077235529813
484.610013589859,-69.81630493352574,-69.81630493352574
484.620013589859,-69.81186160175727,-69.81186160175727
484.630013589859,-69.80744252545546,-69.80744252545546
484.640013589859,-69.80304786664632,-69.80304786664632
484.650013589859,-69.7986777839558,-69.7986777839558
484.66001358985903,-69.79433243264099,-69.79433243264099
484.670013589859,-69.79001196463247,-69.79001196463247
484.680013589859,-69.78571652856398,-69.78571652856398
484.690013589859,-69.78144626979132,-69.78144626979132
484.700013589859,-69.7772013304293,-69.7772013304293
484.710013589859,-69.77298184938307,-69.77298184938307
484.72001358985904,-69.76878796238559,-69.76878796238559
484.730013589859,-69.76461980201654,-69.76461980201654
484.740013589859,-69.7604774977405,-69.7604774977405
484.750013589859,-69.75636117591898,-69.75636117591898
484.760013589859,-69.75227095986381,-69.75227095986381
484.770013589859,-69.74820696985533,-69.74820696985533
484.780013589859,-69.74416932317041,-69.74416932317041
484.79001358985903,-69.74015813412079,-69.74015813412079
484.800013589859,-69.73617351406173,-69.73617351406173
484.810013589859,-69.73221557144755,-69.73221557144755
484.820013589859,-69.72828441185037,-69.72828441185037
484.830013589859,-69.72438013799119,-69.72438013799119
484.840013589859,-69.72050284975678,-69.72050284975678
484.85001358985903,-69.71665264425069,-69.71665264425069
484.860013589859,-69.71282961581801,-69.71282961581801
484.870013589859,-69.70903385605857,-69.70903385605857
484.880013589859,-69.70526545388178,-69.70526545388178
484.890013589859,-69.70152449551887,-69.70152449551887
484.900013589859,-69.69781106457062,-69.69781106457062
484.91001358985903,-69.69412524200877,-69.69412524200877
484.920013589859,-69.69046710623537,-69.69046710623537
484.930013589859,-69.68683673309872,-69.68683673309872
484.940013589859,-69.68323419593163,-69.68323419593163
484.950013589859,-69.67965956556205,-69.67965956556205
484.960013589859,-69.67611291037525,-69.67611291037525
484.97001358985904,-69.67259429631397,-69.67259429631397
484.980013589859,-69.66910378692884,-69.66910378692884
484.990013589859,-69.665641443389,-69.665641443389
485.000013589859,-69.66220732454222,-69.66220732454222
485.010013589859,-69.6588014869097,-69.6588014869097
485.020013589859,-69.65542398473028,-69.65542398473028
485.030013589859,-69.65207487001034,-69.65207487001034
485.04001358985903,-69.64875419251419,-69.64875419251419
485.050013589859,-69.64546199982195,-69.64546199982195
485.060013589859,-69.64219833734958,-69.64219833734958
485.070013589859,-69.6389632483839,-69.6389632483839
485.080013589859,-69.63575677409726,-69.63575677409726
485.090013589859,-69.63257895359233,-69.63257895359233
485.10001358985903,-69.62942982392157,-69.62942982392157
485.110013589859,-69.6263094201141,-69.6263094201141
485.120013589859,-69.62321777521676,-69.62321777521676
485.130013589859,-69.62015492030301,-69.62015492030301
485.140013589859,-69.61712088451111,-69.61712088451111
485.150013589859,-69.6141156950813,-69.6141156950813
485.16001358985903,-69.61113937736039,-69.61113937736039
485.170013589859,-69.60819195484414,-69.60819195484414
485.180013589859,-69.60527344920536,-69.60527344920536
485.190013589859,-69.60238388030842,-69.60238388030842
485.200013589859,-69.59952326626498,-69.59952326626498
485.210013589859,-69.59668557577027,-69.59668557577027
485.22001358985904,-69.5938681894571,-69.5938681894571
485.230013589859,-69.59106984906357,-69.59106984906357
485.240013589859,-69.58828992467006,-69.58828992467006
485.250013589859,-69.58552813527292,-69.58552813527292
485.260013589859,-69.58278440368959,-69.58278440368959
485.270013589859,-69.58005877150227,-69.58005877150227
485.280013589859,-69.57735134793633,-69.57735134793633
485.29001358985903,-69.5746622791414,-69.5746622791414
485.300013589859,-69.57199172978353,-69.57199172978353
485.310013589859,-69.5693398721297,-69.5693398721297
485.320013589859,-69.56670687960974,-69.56670687960974
485.330013589859,-69.56409292323484,-69.56409292323484
485.340013589859,-69.56149816961818,-69.56149816961818
485.35001361370087,-69.55892277391565,-69.55892277391565
485.36001361370086,-69.55636690405929,-69.55636690405929
485.37001361370085,-69.55383070382548,-69.55383070382548
485.38001361370084,-69.551314317714,-69.551314317714
485.3900136137009,-69.5488178850892,-69.5488178850892
485.4000136137009,-69.54634154047234,-69.54634154047234
485.41001361370087,-69.54388541390516,-69.54388541390516
485.42001361370086,-69.54144963126328,-69.54144963126328
485.43001361370085,-69.53903431457108,-69.53903431457108
485.44001361370084,-69.53663958223517,-69.53663958223517
485.4500136137009,-69.53426554931688,-69.53426554931688
485.4600136137009,-69.53191232772204,-69.53191232772204
485.47001361370087,-69.52958002639478,-69.52958002639478
485.48001361370086,-69.52726875146351,-69.52726875146351
485.49001361370085,-69.5249786064011,-69.5249786064011
485.50001361370084,-69.52270969212464,-69.52270969212464
485.5100136137009,-69.52046210709504,-69.52046210709504
485.5200136137009,-69.51823594742795,-69.51823594742795
485.5300136137009,-69.51603130693016,-69.51603130693016
485.54001361370086,-69.51384827721192,-69.51384827721192
485.55001361370086,-69.51168694770438,-69.51168694770438
485.56001361370085,-69.50954740574196,-69.50954740574196
485.5700136137009,-69.50742973656591,-69.50742973656591
485.5800136137009,-69.50533402340595,-69.50533402340595
485.5900136137009,-69.5032603474714,-69.5032603474714
485.60001361370087,-69.50120878801222,-69.50120878801222
485.61001361370086,-69.49917942231909,-69.49917942231909
485.62001361370085,-69.49717232576783,-69.49717232576783
485.63001361370084,-69.49518757183307,-69.49518757183307
485.6400136137009,-69.49322523209375,-69.49322523209375
485.6500136137009,-69.49128537626984,-69.49128537626984
485.66001361370087,-69.48936807222175,-69.48936807222175
485.67001361370086,-69.48747338598714,-69.48747338598714
485.68001361370085,-69.48560138177196,-69.48560138177196
485.69001361370084,-69.48375212197416,-69.48375212197416
485.7000136137009,-69.48192566720518,-69.48192566720518
485.7100136137009,-69.48012207628906,-69.48012207628906
485.72001361370087,-69.47834140628471,-69.47834140628471
485.73001361370086,-69.47658371248653,-69.47658371248653
485.74001361370085,-69.47484904846513,-69.47484904846513
485.75001361370084,-69.47313746604824,-69.47313746604824
485.7600136137009,-69.47144901533683,-69.47144901533683
485.7700136137009,-69.46978374475017,-69.46978374475017
485.7800136137009,-69.46814170100076,-69.46814170100076
485.79001361370086,-69.4665229291178,-69.4665229291178
485.80001361370086,-69.46492747247378,-69.46492747247378
485.81001361370085,-69.46335537278408,-69.46335537278408
485.8200136137009,-69.46180667012544,-69.46180667012544
485.8300136137009,-69.46028140296134,-69.46028140296134
485.8400136137009,-69.45877960812214,-69.45877960812214
485.85001361370087,-69.45730132085298,-69.45730132085298
485.86001361370086,-69.45584657481463,-69.45584657481463
485.87001361370085,-69.4544154020951,-69.4544154020951
485.88001361370084,-69.45300783322834,-69.45300783322834
485.8900136137009,-69.45162389721345,-69.45162389721345
485.9000136137009,-69.45026362152466,-69.45026362152466
485.91001361370087,-69.44892703210972,-69.44892703210972
485.92001361370086,-69.44761415344546,-69.44761415344546
485.93001361370085,-69.44632500851105,-69.44632500851105
485.94001361370084,-69.44505961882135,-69.44505961882135
485.9500136137009,-69.44381800445753,-69.44381800445753
485.9600136137009,-69.4426001840489,-69.4426001840489
485.97001361370087,-69.44140617482077,-69.44140617482077
485.98001361370086,-69.44023599258871,-69.44023599258871
485.99001361370085,-69.43908965178147,-69.43908965178147
486.00001361370084,-69.43796716546474,-69.43796716546474
486.0100136137009,-69.4368685453402,-69.4368685453402
486.0200136137009,-69.43579380177393,-69.43579380177393
486.0300136137009,-69.43474294381724,-69.43474294381724
486.04001361370086,-69.43371597920495,-69.43371597920495
486.05001361370086,-69.43271291438757,-69.43271291438757
486.06001361370085,-69.4317337545435,-69.4317337545435
486.0700136137009,-69.43077850357952,-69.43077850357952
486.0800136137009,-69.42984716417419,-69.42984716417419
486.0900136137009,-69.42893973777694,-69.42893973777694
486.10001361370087,-69.42805622462248,-69.42805622462248
486.11001361370086,-69.42719662375859,-69.42719662375859
486.12001361370085,-69.42636093304978,-69.42636093304978
486.13001361370084,-69.42554914919705,-69.42554914919705
486.1400136137009,-69.42476126775772,-69.42476126775772
486.1500136137009,-69.42399728316157,-69.42399728316157
486.16001361370087,-69.42325718871373,-69.42325718871373
486.17001361370086,-69.42254097663842,-69.42254097663842
486.18001361370085,-69.42184863805495,-69.42184863805495
486.19001361370084,-69.4211801630297,-69.4211801630297
486.2000136375427,-69.42053553904132,-69.42053553904132
486.2100136375427,-69.41990872020133,-69.41990872020133
486.2200136375427,-69.41929705933758,-69.41929705933758
486.2300136375427,-69.41869926947446,-69.41869926947446
486.24001363754275,-69.4181146914211,-69.4181146914211
486.25001363754274,-69.41754301504048,-69.41754301504048
486.2600136375427,-69.41698413445363,-69.41698413445363
486.2700136375427,-69.4164380631373,-69.4164380631373
486.2800136375427,-69.41590488292145,-69.41590488292145
486.2900136375427,-69.41538471331573,-69.41538471331573
486.30001363754275,-69.41487769310503,-69.41487769310503
486.31001363754274,-69.41438396943701,-69.41438396943701
486.32001363754273,-69.41390369142071,-69.41390369142071
486.3300136375427,-69.41343700646962,-69.41343700646962
486.3400136375427,-69.41298405833577,-69.41298405833577
486.3500136375427,-69.4125449861749,-69.4125449861749
486.36001363754275,-69.41211992417068,-69.41211992417068
486.37001363754274,-69.41170900154852,-69.41170900154852
486.38001363754273,-69.41131234273227,-69.41131234273227
486.3900136375427,-69.41093006765234,-69.41093006765234
486.4000136375427,-69.41056229206438,-69.41056229206438
486.4100136375427,-69.41020912785157,-69.41020912785157
486.42001363754275,-69.4098706833484,-69.4098706833484
486.43001363754274,-69.40954706362967,-69.40954706362967
486.44001363754273,-69.40923837073824,-69.40923837073824
486.4500136375427,-69.40894470396199,-69.40894470396199
486.4600136375427,-69.40866012330599,-69.40866012330599
486.4700136375427,-69.40838209014643,-69.40838209014643
486.4800136375427,-69.4081094230353,-69.4081094230353
486.49001363754275,-69.40784156716704,-69.40784156716704
486.50001363754274,-69.40757831573515,-69.40757831573515
486.5100136375427,-69.4073196652886,-69.4073196652886
486.5200136375427,-69.40706573087006,-69.40706573087006
486.5300136375427,-69.40681669508388,-69.40681669508388
486.5400136375427,-69.4065727774472,-69.4065727774472
486.55001363754275,-69.40633421604083,-69.40633421604083
486.56001363754274,-69.40610125661354,-69.40610125661354
486.57001363754273,-69.40587414618722,-69.40587414618722
486.5800136375427,-69.40565312941348,-69.40565312941348
486.5900136375427,-69.40543844664391,-69.40543844664391
486.6000136375427,-69.40523033294944,-69.40523033294944
486.61001363754275,-69.40502901777707,-69.40502901777707
486.62001363754274,-69.40483472494925,-69.40483472494925
486.63001363754273,-69.40464767283768,-69.40464767283768
486.6400136375427,-69.40446807463951,-69.40446807463951
486.6500136375427,-69.40429613870684,-69.40429613870684
486.6600136375427,-69.40413206882084,-69.40413206882084
486.67001363754275,-69.40397606454289,-69.40397606454289
486.68001363754274,-69.40382832146145,-69.40382832146145
486.69001363754273,-69.4036890314613,-69.4036890314613
486.7000136375427,-69.40355838290617,-69.40355838290617
486.7100136375427,-69.40343656088294,-69.40343656088294
486.7200136375427,-69.40332374730596,-69.40332374730596
486.7300136375427,-69.40322012111397,-69.40322012111397
486.74001363754275,-69.40312585834235,-69.40312585834235
486.75001363754274,-69.40304113225903,-69.40304113225903
486.7600136375427,-69.40296611343449,-69.40296611343449
486.7700136375427,-69.40290096982508,-69.40290096982508
486.7800136375427,-69.40284586681662,-69.40284586681662
486.7900136375427,-69.40280096729319,-69.40280096729319
486.80001363754275,-69.40276643167282,-69.40276643167282
486.81001363754274,-69.40274241794009,-69.40274241794009
486.82001363754273,-69.4027290816889,-69.4027290816889
486.8300136375427,-69.40272657612907,-69.40272657612907
486.8400136375427,-69.40273505214056,-69.40273505214056
486.8500136375427,-69.40275465825388,-69.40275465825388
486.86001363754275,-69.40278554068425,-69.40278554068425
486.87001363754274,-69.40282784335217,-69.40282784335217
486.88001363754273,-69.40288170787676,-69.40288170787676
486.8900136375427,-69.40294727362225,-69.40294727362225
486.9000136375427,-69.40302467765856,-69.40302467765856
486.9100136375427,-69.403114054817,-69.403114054817
486.92001363754275,-69.40321553765754,-69.40321553765754
486.93001363754274,-69.4033292565148,-69.4033292565148
486.94001363754273,-69.40345533948293,-69.40345533948293
486.9500136375427,-69.40359391244472,-69.40359391244472
486.9600136375427,-69.40374509905493,-69.40374509905493
486.9700136375427,-69.40390902076375,-69.40390902076375
486.9800136375427,-69.40408579682222,-69.40408579682222
486.99001363754275,-69.40427554430312,-69.40427554430312
487.00001363754274,-69.40447837809634,-69.40447837809634
487.0100136375427,-69.4046944109162,-69.4046944109162
487.0200136375427,-69.4049237533175,-69.4049237533175
487.0300136375427,-69.40516651372688,-69.40516651372688
487.0400136375427,-69.40542279842403,-69.40542279842403
487.0500136613846,-69.40569271221041,-69.40569271221041
487.0600136613846,-69.40597635589047,-69.40597635589047
487.07001366138456,-69.40627383000049,-69.40627383000049
487.08001366138456,-69.4065852324083,-69.4065852324083
487.0900136613846,-69.40691065892005,-69.40691065892005
487.1000136613846,-69.4072502032647,-69.4072502032647
487.1100136613846,-69.40760395713728,-69.40760395713728
487.1200136613846,-69.40797201020735,-69.40797201020735
487.13001366138457,-69.40835445012597,-69.40835445012597
487.14001366138456,-69.40875136255863,-69.40875136255863
487.1500136613846,-69.40916283118024,-69.40916283118024
487.1600136613846,-69.40958893769431,-69.40958893769431
487.1700136613846,-69.41002976188008,-69.41002976188008
487.1800136613846,-69.41048538156471,-69.41048538156471
487.19001366138457,-69.41095587266025,-69.41095587266025
487.20001366138456,-69.41144130920529,-69.41144130920529
487.2100136613846,-69.41194176333822,-69.41194176333822
487.2200136613846,-69.41245730534027,-69.41245730534027
487.2300136613846,-69.41298800365323,-69.41298800365323
487.2400136613846,-69.41353392489772,-69.41353392489772
487.25001366138457,-69.41409513387622,-69.41409513387622
487.26001366138456,-69.41467169361783,-69.41467169361783
487.2700136613846,-69.41526366536642,-69.41526366536642
487.2800136613846,-69.41587110863041,-69.41587110863041
487.2900136613846,-69.41649408117618,-69.41649408117618
487.3000136613846,-69.41713263906317,-69.41713263906317
487.3100136613846,-69.41778683665831,-69.41778683665831
487.32001366138456,-69.4184567266491,-69.4184567266491
487.33001366138456,-69.41914236007636,-69.41914236007636
487.3400136613846,-69.41984378633344,-69.41984378633344
487.3500136613846,-69.42056105319708,-69.42056105319708
487.3600136613846,-69.42129420685984,-69.42129420685984
487.3700136613846,-69.42204329192295,-69.42204329192295
487.38001366138457,-69.42280835143721,-69.42280835143721
487.39001366138456,-69.42358942690664,-69.42358942690664
487.4000136613846,-69.42438655832234,-69.42438655832234
487.4100136613846,-69.4251997841651,-69.4251997841651
487.4200136613846,-69.42602914144166,-69.42602914144166
487.4300136613846,-69.42687466568556,-69.42687466568556
487.44001366138457,-69.42773639099195,-69.42773639099195
487.45001366138456,-69.42861435003184,-69.42861435003184
487.4600136613846,-69.42950253305975,-69.42950253305975
487.4700136613846,-69.4303983332443,-69.4303983332443
487.4800136613846,-69.43130050235463,-69.43130050235463
487.4900136613846,-69.43220841995978,-69.43220841995978
487.50001366138457,-69.43312181463489,-69.43312181463489
487.51001366138456,-69.43404061912838,-69.43404061912838
487.5200136613846,-69.43496488542704,-69.43496488542704
487.5300136613846,-69.43589473374354,-69.43589473374354
487.5400136613846,-69.43683032179709,-69.43683032179709
487.5500136613846,-69.43777182645236,-69.43777182645236
487.5600136613846,-69.43871943274023,-69.43871943274023
487.57001366138456,-69.43967332747636,-69.43967332747636
487.58001366138456,-69.44063369561239,-69.44063369561239
487.5900136613846,-69.44160071823173,-69.44160071823173
487.6000136613846,-69.44257457160344,-69.44257457160344
487.6100136613846,-69.44355542685241,-69.44355542685241
487.6200136613846,-69.44454344990748,-69.44454344990748
487.63001366138457,-69.44553880169437,-69.44553880169437
487.64001366138456,-69.44654163842434,-69.44654163842434
487.6500136613846,-69.44755211191257,-69.44755211191257
487.6600136613846,-69.44857036987766,-69.44857036987766
487.6700136613846,-69.44959655625631,-69.44959655625631
487.6800136613846,-69.4506308115056,-69.4506308115056
487.69001366138457,-69.45167327284729,-69.45167327284729
487.70001366138456,-69.45272407447662,-69.45272407447662
487.7100136613846,-69.45377730430337,-69.45377730430337
487.7200136613846,-69.45483045304546,-69.45483045304546
487.7300136613846,-69.45588236940239,-69.45588236940239
487.7400136613846,-69.45693252914644,-69.45693252914644
487.75001366138457,-69.45798075631586,-69.45798075631586
487.76001366138456,-69.45902707838779,-69.45902707838779
487.7700136613846,-69.46007164138986,-69.46007164138986
487.7800136613846,-69.46111465890584,-69.46111465890584
487.7900136613846,-69.46215638141013,-69.46215638141013
487.8000136613846,-69.46319707787119,-69.46319707787119
487.8100136613846,-69.4642370248654,-69.4642370248654
487.82001366138456,-69.46527650014588,-69.46527650014588
487.83001366138456,-69.46631577901938,-69.46631577901938
487.8400136613846,-69.46735513236231,-69.46735513236231
487.8500136613846,-69.46839482568193,-69.46839482568193
487.8600136613846,-69.46943511873526,-69.46943511873526
487.8700136613846,-69.47047626552558,-69.47047626552558
487.88001366138457,-69.47151851447842,-69.47151851447842
487.89001366138456,-69.47256210871177,-69.47256210871177
487.90001368522644,-69.4736072888409,-69.4736072888409
487.91001368522643,-69.47465428332485,-69.47465428332485
487.9200136852264,-69.47570332370114,-69.47570332370114
487.9300136852264,-69.47675463492037,-69.47675463492037
487.94001368522646,-69.47780843805963,-69.47780843805963
487.95001368522645,-69.47886495055339,-69.47886495055339
487.96001368522644,-69.479924386374,-69.479924386374
487.97001368522643,-69.48098695620382,-69.48098695620382
487.9800136852264,-69.48205286757234,-69.48205286757234
487.9900136852264,-69.48312232496801,-69.48312232496801
488.00001368522646,-69.48419552994334,-69.48419552994334
488.01001368522645,-69.48527268120988,-69.48527268120988
488.02001368522644,-69.48635397469798,-69.48635397469798
488.03001368522644,-69.48743960362592,-69.48743960362592
488.0400136852264,-69.48852975854007,-69.48852975854007
488.0500136852264,-69.48962462736985,-69.48962462736985
488.06001368522647,-69.49072439547233,-69.49072439547233
488.07001368522646,-69.49182924563387,-69.49182924563387
488.08001368522645,-69.49293935811527,-69.49293935811527
488.09001368522644,-69.49405491068036,-69.49405491068036
488.10001368522643,-69.49517607859963,-69.49517607859963
488.1100136852264,-69.49630303467912,-69.49630303467912
488.12001368522647,-69.49743594926295,-69.49743594926295
488.13001368522646,-69.49857499025279,-69.49857499025279
488.14001368522645,-69.49972032312382,-69.49972032312382
488.15001368522644,-69.50087211092918,-69.50087211092918
488.16001368522643,-69.50203051430871,-69.50203051430871
488.1700136852264,-69.503195691506,-69.503195691506
488.1800136852264,-69.50436779837206,-69.50436779837206
488.19001368522646,-69.50554698837225,-69.50554698837225
488.20001368522645,-69.50673341260195,-69.50673341260195
488.21001368522644,-69.50792721979309,-69.50792721979309
488.22001368522643,-69.50912855632161,-69.50912855632161
488.2300136852264,-69.51033756622353,-69.51033756622353
488.2400136852264,-69.51155439118986,-69.51155439118986
488.25001368522646,-69.51277917061259,-69.51277917061259
488.26001368522645,-69.51401204154537,-69.51401204154537
488.27001368522644,-69.51525313875517,-69.51525313875517
488.28001368522644,-69.51650259471671,-69.51650259471671
488.2900136852264,-69.51776053962736,-69.51776053962736
488.3000136852264,-69.51902710141955,-69.51902710141955
488.31001368522647,-69.52030240578434,-69.52030240578434
488.32001368522646,-69.52158657616555,-69.52158657616555
488.33001368522645,-69.52287973377972,-69.52287973377972
488.34001368522644,-69.5241819976539,-69.5241819976539
488.35001368522643,-69.52549348460997,-69.52549348460997
488.3600136852264,-69.52681430928496,-69.52681430928496
488.37001368522647,-69.5281445841674,-69.5281445841674
488.38001368522646,-69.52948441958641,-69.52948441958641
488.39001368522645,-69.53083392375282,-69.53083392375282
488.40001368522644,-69.53219320275906,-69.53219320275906
488.41001368522643,-69.5335623606073,-69.5335623606073
488.4200136852264,-69.53494149921224,-69.53494149921224
488.4300136852264,-69.53633071843167,-69.53633071843167
488.44001368522646,-69.53773011608904,-69.53773011608904
488.45001368522645,-69.53913978797281,-69.53913978797281
488.46001368522644,-69.54055982786863,-69.54055982786863
488.47001368522643,-69.54199032757647,-69.54199032757647
488.4800136852264,-69.54343137693692,-69.54343137693692
488.4900136852264,-69.5448830638194,-69.5448830638194
488.50001368522646,-69.54634547418226,-69.54634547418226
488.51001368522645,-69.54781869206683,-69.54781869206683
488.52001368522644,-69.54930279962753,-69.54930279962753
488.53001368522644,-69.55079787714152,-69.55079787714152
488.5400136852264,-69.55230400303942,-69.55230400303942
488.5500136852264,-69.55382125391475,-69.55382125391475
488.56001368522647,-69.55534970456388,-69.55534970456388
488.57001368522646,-69.5568894279686,-69.5568894279686
488.58001368522645,-69.55844049535493,-69.55844049535493
488.59001368522644,-69.56000297619377,-69.56000297619377
488.60001368522643,-69.56157693822114,-69.56157693822114
488.6100136852264,-69.56316244746495,-69.56316244746495
488.62001368522647,-69.56475956826237,-69.56475956826237
488.63001368522646,-69.56636836327723,-69.56636836327723
488.64001368522645,-69.56798889352183,-69.56798889352183
488.65001368522644,-69.56962121837057,-69.56962121837057
488.66001368522643,-69.57126539560073,-69.57126539560073
488.6700136852264,-69.57292148138656,-69.57292148138656
488.6800136852264,-69.57458953033841,-69.57458953033841
488.69001368522646,-69.57626959549894,-69.57626959549894
488.70001368522645,-69.57796172840384,-69.57796172840384
488.71001368522644,-69.57965992303792,-69.57965992303792
488.72001368522643,-69.58136158321255,-69.58136158321255
488.7300136852264,-69.58306547427058,-69.58306547427058
488.7400136852264,-69.5847709908083,-69.5847709908083
488.7500137090683,-69.58647788130872,-69.58647788130872
488.7600137090683,-69.58818608671969,-69.58818608671969
488.7700137090683,-69.589895679702,-69.589895679702
488.78001370906827,-69.59160679724597,-69.59160679724597
488.7900137090683,-69.59331961395779,-69.59331961395779
488.8000137090683,-69.59503432360871,-69.59503432360871
488.8100137090683,-69.59675112818357,-69.59675112818357
488.8200137090683,-69.59847023143196,-69.59847023143196
488.8300137090683,-69.60019183520936,-69.60019183520936
488.8400137090683,-69.60191613749728,-69.60191613749728
488.8500137090683,-69.60364333143421,-69.60364333143421
488.8600137090683,-69.6053736049526,-69.6053736049526
488.8700137090683,-69.60710714075317,-69.60710714075317
488.8800137090683,-69.60884411649756,-69.60884411649756
488.8900137090683,-69.61058470508834,-69.61058470508834
488.9000137090683,-69.61232907494893,-69.61232907494893
488.9100137090683,-69.61407739038417,-69.61407739038417
488.9200137090683,-69.61582981187011,-69.61582981187011
488.9300137090683,-69.61758649631692,-69.61758649631692
488.9400137090683,-69.6193475973521,-69.6193475973521
488.9500137090683,-69.62111326552687,-69.62111326552687
488.9600137090683,-69.62287758856192,-69.62287758856192
488.9700137090683,-69.62463806486899,-69.62463806486899
488.9800137090683,-69.62639355421751,-69.62639355421751
488.9900137090683,-69.62814354508674,-69.62814354508674
489.0000137090683,-69.62988787514449,-69.62988787514449
489.0100137090683,-69.63162658608951,-69.63162658608951
489.0200137090683,-69.63335983851788,-69.63335983851788
489.03001370906827,-69.63508786077837,-69.63508786077837
489.0400137090683,-69.63681091824638,-69.63681091824638
489.0500137090683,-69.63852929488489,-69.63852929488489
489.0600137090683,-69.64024328228993,-69.64024328228993
489.0700137090683,-69.64195317325759,-69.64195317325759
489.0800137090683,-69.64365925815193,-69.64365925815193
489.0900137090683,-69.64536182290333,-69.64536182290333
489.1000137090683,-69.64706114806091,-69.64706114806091
489.1100137090683,-69.64875750839948,-69.64875750839948
489.1200137090683,-69.6504511729272,-69.6504511729272
489.1300137090683,-69.65214240505514,-69.65214240505514
489.1400137090683,-69.65383146284691,-69.65383146284691
489.1500137090683,-69.65551859934509,-69.65551859934509
489.1600137090683,-69.65720406287828,-69.65720406287828
489.1700137090683,-69.65888809735426,-69.65888809735426
489.1800137090683,-69.66057094254167,-69.66057094254167
489.1900137090683,-69.66225283428966,-69.66225283428966
489.2000137090683,-69.66393400478205,-69.66393400478205
489.2100137090683,-69.66560861932327,-69.66560861932327
489.2200137090683,-69.66727425539571,-69.66727425539571
489.2300137090683,-69.66892985203297,-69.66892985203297
489.2400137090683,-69.67057497672644,-69.67057497672644
489.2500137090683,-69.672209545742,-69.672209545742
489.2600137090683,-69.67383367884784,-69.67383367884784
489.2700137090683,-69.6754476141304,-69.6754476141304
489.28001370906827,-69.67705165680545,-69.67705165680545
489.2900137090683,-69.67864614846208,-69.67864614846208
489.3000137090683,-69.68023144862634,-69.68023144862634
489.3100137090683,-69.68180792374588,-69.68180792374588
489.3200137090683,-69.68337594082023,-69.68337594082023
489.3300137090683,-69.68493586368743,-69.68493586368743
489.3400137090683,-69.68648805104698,-69.68648805104698
489.3500137090683,-69.68803285550312,-69.68803285550312
489.3600137090683,-69.68957062319373,-69.68957062319373
489.3700137090683,-69.69110169374407,-69.69110169374407
489.3800137090683,-69.69262640046513,-69.69262640046513
489.3900137090683,-69.6941450706009,-69.6941450706009
489.4000137090683,-69.69565802562893,-69.69565802562893
489.4100137090683,-69.69716558160216,-69.69716558160216
489.4200137090683,-69.69866804940843,-69.69866804940843
489.4300137090683,-69.70016573505748,-69.70016573505748
489.4400137090683,-69.7016589399286,-69.7016589399286
489.4500137090683,-69.70314796097722,-69.70314796097722
489.4600137090683,-69.70463309092673,-69.70463309092673
489.4700137090683,-69.70611461844437,-69.70611461844437
489.4800137090683,-69.70759282825543,-69.70759282825543
489.4900137090683,-69.70906800127983,-69.70906800127983
489.5000137090683,-69.71054041472892,-69.71054041472892
489.5100137090683,-69.71201034219628,-69.71201034219628
489.5200137090683,-69.7134780537292,-69.7134780537292
489.53001370906827,-69.71494381588015,-69.71494381588015
489.5400137090683,-69.71640789179382,-69.71640789179382
489.5500137090683,-69.71787054120493,-69.71787054120493
489.5600137090683,-69.71933202051376,-69.71933202051376
489.5700137090683,-69.7207925828047,-69.7207925828047
489.5800137090683,-69.72225247788369,-69.72225247788369
489.5900137090683,-69.72371195229371,-69.72371195229371
489.60001373291016,-69.72517125282135,-69.72517125282135
489.61001373291015,-69.72663061260738,-69.72663061260738
489.62001373291014,-69.72809027203313,-69.72809027203313
489.63001373291013,-69.72955046481223,-69.72955046481223
489.6400137329102,-69.73101142150448,-69.73101142150448
489.65001373291017,-69.73247336951529,-69.73247336951529
489.66001373291016,-69.73393653312529,-69.73393653312529
489.67001373291015,-69.73540113348967,-69.73540113348967
489.68001373291014,-69.7368673886611,-69.7368673886611
489.69001373291013,-69.73833551360752,-69.73833551360752
489.7000137329102,-69.73980572021425,-69.73980572021425
489.71001373291017,-69.7412782173186,-69.7412782173186
489.72001373291016,-69.74275321069618,-69.74275321069618
489.73001373291015,-69.74423090310387,-69.74423090310387
489.74001373291014,-69.74571149428905,-69.74571149428905
489.75001373291013,-69.74719518099414,-69.74719518099414
489.7600137329102,-69.7486821569808,-69.7486821569808
489.7700137329102,-69.75017261304686,-69.75017261304686
489.78001373291016,-69.75166673705573,-69.75166673705573
489.79001373291015,-69.75316471393192,-69.75316471393192
489.80001373291014,-69.75466672570123,-69.75466672570123
489.81001373291014,-69.7561729514898,-69.7561729514898
489.8200137329102,-69.75768356756524,-69.75768356756524
489.8300137329102,-69.7591987473405,-69.7591987473405
489.84001373291017,-69.76071866140622,-69.76071866140622
489.85001373291016,-69.76224347752962,-69.76224347752962
489.86001373291015,-69.76377336071248,-69.76377336071248
489.87001373291014,-69.76530847318705,-69.76530847318705
489.88001373291013,-69.76684897444412,-69.76684897444412
489.8900137329102,-69.76839502124989,-69.76839502124989
489.90001373291017,-69.7699467676778,-69.7699467676778
489.91001373291016,-69.77150436514559,-69.77150436514559
489.92001373291015,-69.77306796239479,-69.77306796239479
489.93001373291014,-69.77463770556777,-69.77463770556777
489.94001373291013,-69.77621373818836,-69.77621373818836
489.9500137329102,-69.77779620121737,-69.77779620121737
489.96001373291017,-69.77938523306022,-69.77938523306022
489.97001373291016,-69.78098096959418,-69.78098096959418
489.98001373291015,-69.78258354419782,-69.78258354419782
489.99001373291014,-69.78419308776594,-69.78419308776594
490.00001373291013,-69.78580972875378,-69.78580972875378
490.0100137329102,-69.7874335931967,-69.7874335931967
490.0200137329102,-69.78906480470363,-69.78906480470363
490.03001373291016,-69.79070348453827,-69.79070348453827
490.04001373291015,-69.79234975159645,-69.79234975159645
490.05001373291014,-69.7940037224586,-69.7940037224586
490.06001373291014,-69.79566551141006,-69.79566551141006
490.0700137329102,-69.79733523046356,-69.79733523046356
490.0800137329102,-69.79901298937926,-69.79901298937926
490.09001373291017,-69.80069889571746,-69.80069889571746
490.10001373291016,-69.8023930548202,-69.8023930548202
490.11001373291015,-69.80409556986704,-69.80409556986704
490.12001373291014,-69.80580654190709,-69.80580654190709
490.13001373291013,-69.80752606985826,-69.80752606985826
490.1400137329102,-69.80925425055209,-69.80925425055209
490.15001373291017,-69.81099117876175,-69.81099117876175
490.16001373291016,-69.81273694720275,-69.81273694720275
490.17001373291015,-69.81449164658888,-69.81449164658888
490.18001373291014,-69.81625536563593,-69.81625536563593
490.19001373291013,-69.8180281910995,-69.8180281910995
490.2000137329102,-69.81981020779484,-69.81981020779484
490.21001373291017,-69.82160149860633,-69.82160149860633
490.22001373291016,-69.82340214454791,-69.82340214454791
490.23001373291015,-69.82521222475866,-69.82521222475866
490.24001373291014,-69.82703181653413,-69.82703181653413
490.25001373291013,-69.82886099534888,-69.82886099534888
490.2600137329102,-69.83069983488228,-69.83069983488228
490.2700137329102,-69.83254840705195,-69.83254840705195
490.28001373291016,-69.83440678201883,-69.83440678201883
490.29001373291015,-69.83627502822833,-69.83627502822833
490.30001373291014,-69.83815321241795,-69.83815321241795
490.31001373291014,-69.84004139965364,-69.84004139965364
490.3200137329102,-69.84193965334876,-69.84193965334876
490.3300137329102,-69.84384803527375,-69.84384803527375
490.34001373291017,-69.84576660560377,-69.84576660560377
490.35001373291016,-69.84769542292061,-69.84769542292061
490.36001373291015,-69.84963454424242,-69.84963454424242
490.37001373291014,-69.85158402504359,-69.85158402504359
490.38001373291013,-69.85354391927767,-69.85354391927767
490.3900137329102,-69.85551427939878,-69.85551427939878
490.40001373291017,-69.85749515638827,-69.85749515638827
490.41001373291016,-69.85948659975345,-69.85948659975345
490.42001373291015,-69.86148865758616,-69.86148865758616
490.43001373291014,-69.86350137654902,-69.86350137654902
490.44001373291013,-69.86552480190937,-69.86552480190937
490.450013756752,-69.8675589824133,-69.8675589824133
490.460013756752,-69.86960395095961,-69.86960395095961
490.470013756752,-69.87165975353446,-69.87165975353446
490.480013756752,-69.87372643003904,-69.87372643003904
490.49001375675203,-69.87580401906168,-69.87580401906168
490.500013756752,-69.87789255792315,-69.87789255792315
490.510013756752,-69.87999208268064,-69.87999208268064
490.520013756752,-69.88210262814691,-69.88210262814691
490.530013756752,-69.88422422791031,-69.88422422791031
490.540013756752,-69.88635691437563,-69.88635691437563
490.55001375675204,-69.88850071874069,-69.88850071874069
490.560013756752,-69.89065567104583,-69.89065567104583
490.570013756752,-69.89282180017842,-69.89282180017842
490.580013756752,-69.8949991338932,-69.8949991338932
490.590013756752,-69.89718769882643,-69.89718769882643
490.600013756752,-69.89938752052612,-69.89938752052612
490.61001375675204,-69.9015986234526,-69.9015986234526
490.62001375675203,-69.90382103099682,-69.90382103099682
490.630013756752,-69.90605476550819,-69.90605476550819
490.640013756752,-69.90829984830295,-69.90829984830295
490.650013756752,-69.9105562996735,-69.9105562996735
490.660013756752,-69.91282413892174,-69.91282413892174
490.67001375675204,-69.91510338435437,-69.91510338435437
490.68001375675203,-69.91739405331376,-69.91739405331376
490.690013756752,-69.91969616218277,-69.91969616218277
490.700013756752,-69.92200972641282,-69.92200972641282
490.710013756752,-69.92433476052203,-69.92433476052203
490.720013756752,-69.9266712781188,-69.9266712781188
490.730013756752,-69.92901929190862,-69.92901929190862
490.74001375675203,-69.93137881373346,-69.93137881373346
490.750013756752,-69.933749854549,-69.933749854549
490.760013756752,-69.93613242447147,-69.93613242447147
490.770013756752,-69.93852653275343,-69.93852653275343
490.780013756752,-69.94093218784813,-69.94093218784813
490.790013756752,-69.94334939737267,-69.94334939737267
490.80001375675204,-69.94577816815247,-69.94577816815247
490.810013756752,-69.94821850622567,-69.94821850622567
490.820013756752,-69.95067041684942,-69.95067041684942
490.830013756752,-69.9531339045133,-69.9531339045133
490.840013756752,-69.95560897297139,-69.95560897297139
490.850013756752,-69.95809562522929,-69.95809562522929
490.86001375675204,-69.96059386357095,-69.96059386357095
490.87001375675203,-69.96310368955464,-69.96310368955464
490.880013756752,-69.96562510405205,-69.96562510405205
490.890013756752,-69.96815810722407,-69.96815810722407
490.900013756752,-69.97070269856539,-69.97070269856539
490.910013756752,-69.97325887690013,-69.97325887690013
490.92001375675204,-69.9758266403884,-69.9758266403884
490.93001375675203,-69.97840598654997,-69.97840598654997
490.940013756752,-69.98099691226751,-69.98099691226751
490.950013756752,-69.98359941379259,-69.98359941379259
490.960013756752,-69.98621348676566,-69.98621348676566
490.970013756752,-69.9888391262179,-69.9888391262179
490.980013756752,-69.99147632660305,-69.99147632660305
490.99001375675203,-69.99412508176621,-69.99412508176621
491.000013756752,-69.996785384984,-69.996785384984
491.010013756752,-69.9994572289787,-69.9994572289787
491.020013756752,-70.00214060590348,-70.00214060590348
491.030013756752,-70.004835507375,-70.004835507375
491.040013756752,-70.00754192447243,-70.00754192447243
491.05001375675204,-70.0102598477381,-70.0102598477381
491.060013756752,-70.01298926721057,-70.01298926721057
491.070013756752,-70.01573017239978,-70.01573017239978
491.080013756752,-70.01848255233041,-70.01848255233041
491.090013756752,-70.02124639552495,-70.02124639552495
491.100013756752,-70.02402169003409,-70.02402169003409
491.11001375675204,-70.02680842342409,-70.02680842342409
491.12001375675203,-70.0296065827885,-70.0296065827885
491.130013756752,-70.03241615478116,-70.03241615478116
491.140013756752,-70.03523712558471,-70.03523712558471
491.150013756752,-70.03806948094783,-70.03806948094783
491.160013756752,-70.04091320618286,-70.04091320618286
491.17001375675204,-70.04376828617465,-70.04376828617465
491.18001375675203,-70.04663470539558,-70.04663470539558
491.190013756752,-70.04951244790078,-70.04951244790078
491.200013756752,-70.05240149732445,-70.05240149732445
491.210013756752,-70.05530183692733,-70.05530183692733
491.220013756752,-70.05821344957774,-70.05821344957774
491.230013756752,-70.06113631773961,-70.06113631773961
491.24001375675203,-70.0640704235136,-70.0640704235136
491.250013756752,-70.0670157486429,-70.0670157486429
491.260013756752,-70.06997227449358,-70.06997227449358
491.270013756752,-70.07293998207075,-70.07293998207075
491.280013756752,-70.07591885204455,-70.07591885204455
491.290013756752,-70.07890886472764,-70.07890886472764
491.3000137805939,-70.0819100072569,-70.0819100072569
491.31001378059386,-70.08492224503341,-70.08492224503341
491.32001378059385,-70.0879455644783,-70.0879455644783
491.33001378059384,-70.09097994461062,-70.09097994461062
491.3400137805939,-70.09402536412225,-70.09402536412225
491.3500137805939,-70.0970818014111,-70.0970818014111
491.3600137805939,-70.10014923456728,-70.10014923456728
491.37001378059387,-70.10322764138954,-70.10322764138954
491.38001378059386,-70.106316999391,-70.106316999391
491.39001378059385,-70.1094172857862,-70.1094172857862
491.4000137805939,-70.11252847752868,-70.11252847752868
491.4100137805939,-70.1156505512905,-70.1156505512905
491.4200137805939,-70.11878348348773,-70.11878348348773
491.43001378059387,-70.1219272502435,-70.1219272502435
491.44001378059386,-70.1250818274679,-70.1250818274679
491.45001378059385,-70.12824719078685,-70.12824719078685
491.4600137805939,-70.13141720623254,-70.13141720623254
491.4700137805939,-70.13458917729798,-70.13458917729798
491.4800137805939,-70.13776178124955,-70.13776178124955
491.49001378059387,-70.14093433110361,-70.14093433110361
491.50001378059386,-70.14410649394853,-70.14410649394853
491.51001378059385,-70.14727814462313,-70.14727814462313
491.5200137805939,-70.1504492798666,-70.1504492798666
491.5300137805939,-70.15361996678236,-70.15361996678236
491.5400137805939,-70.15679031178173,-70.15679031178173
491.5500137805939,-70.15996044200514,-70.15996044200514
491.56001378059386,-70.16313049422357,-70.16313049422357
491.57001378059385,-70.16630060833191,-70.16630060833191
491.58001378059384,-70.16947092364202,-70.16947092364202
491.5900137805939,-70.17264157685958,-70.17264157685958
491.6000137805939,-70.17581270107071,-70.17581270107071
491.6100137805939,-70.1789844253531,-70.1789844253531
491.62001378059387,-70.18215687474705,-70.18215687474705
491.63001378059386,-70.18533017039167,-70.18533017039167
491.64001378059385,-70.18850442978632,-70.18850442978632
491.6500137805939,-70.19167976710445,-70.19167976710445
491.6600137805939,-70.19485629346886,-70.19485629346886
491.6700137805939,-70.19803411724756,-70.19803411724756
491.68001378059387,-70.20121334431896,-70.20121334431896
491.69001378059386,-70.2043940783065,-70.2043940783065
491.70001378059385,-70.20757642078465,-70.20757642078465
491.7100137805939,-70.21076047147324,-70.21076047147324
491.7200137805939,-70.21394632837159,-70.21394632837159
491.7300137805939,-70.21713408789553,-70.21713408789553
491.74001378059387,-70.22032384500312,-70.22032384500312
491.75001378059386,-70.22351569326446,-70.22351569326446
491.76001378059385,-70.2267097249597,-70.2267097249597
491.7700137805939,-70.22990603113024,-70.22990603113024
491.7800137805939,-70.23310470164053,-70.23310470164053
491.7900137805939,-70.2363058252096,-70.2363058252096
491.8000137805939,-70.23950948945055,-70.23950948945055
491.81001378059386,-70.24271578091066,-70.24271578091066
491.82001378059385,-70.2459247850703,-70.2459247850703
491.83001378059384,-70.24913658637702,-70.24913658637702
491.8400137805939,-70.25235126824703,-70.25235126824703
491.8500137805939,-70.2555689130886,-70.2555689130886
491.8600137805939,-70.2587896022931,-70.2587896022931
491.87001378059387,-70.26201341624136,-70.26201341624136
491.88001378059386,-70.26524043432264,-70.26524043432264
491.89001378059385,-70.26847073491422,-70.26847073491422
491.9000137805939,-70.27170439540076,-70.27170439540076
491.9100137805939,-70.27494149214422,-70.27494149214422
491.9200137805939,-70.27818210052295,-70.27818210052295
491.93001378059387,-70.28142629490048,-70.28142629490048
491.94001378059386,-70.28467414862827,-70.28467414862827
491.95001378059385,-70.28792573404213,-70.28792573404213
491.9600137805939,-70.29118112247339,-70.29118112247339
491.9700137805939,-70.29444038422041,-70.29444038422041
491.9800137805939,-70.29770358858106,-70.29770358858106
491.99001378059387,-70.30097080382744,-70.30097080382744
492.00001378059386,-70.30424209720277,-70.30424209720277
492.01001378059385,-70.30751753492041,-70.30751753492041
492.0200137805939,-70.310797182175,-70.310797182175
492.0300137805939,-70.31408110313384,-70.31408110313384
492.0400137805939,-70.31736936093175,-70.31736936093175
492.0500137805939,-70.32066201768241,-70.32066201768241
492.06001378059386,-70.32395913446443,-70.32395913446443
492.07001378059385,-70.32726077133515,-70.32726077133515
492.08001378059384,-70.33056698732143,-70.33056698732143
492.0900137805939,-70.33387784042951,-70.33387784042951
492.1000137805939,-70.33719338763889,-70.33719338763889
492.1100137805939,-70.34051368490086,-70.34051368490086
492.12001378059387,-70.34383878716706,-70.34383878716706
492.13001378059386,-70.3471687483591,-70.3471687483591
492.14001378059385,-70.35050362138487,-70.35050362138487
492.15001380443573,-70.35384346610618,-70.35384346610618
492.1600138044357,-70.35718831754274,-70.35718831754274
492.1700138044357,-70.36053823351227,-70.36053823351227
492.1800138044357,-70.36389326291332,-70.36389326291332
492.19001380443575,-70.3672534536727,-70.3672534536727
492.20001380443574,-70.37061885270515,-70.37061885270515
492.21001380443573,-70.37398337415148,-70.37398337415148
492.2200138044357,-70.37734438042757,-70.37734438042757
492.2300138044357,-70.38070061172256,-70.38070061172256
492.2400138044357,-70.38405144545088,-70.38405144545088
492.25001380443575,-70.38739661365805,-70.38739661365805
492.26001380443574,-70.39073605616868,-70.39073605616868
492.27001380443573,-70.39406983452027,-70.39406983452027
492.2800138044357,-70.39739808021928,-70.39739808021928
492.2900138044357,-70.40072096364415,-70.40072096364415
492.3000138044357,-70.40403867534921,-70.40403867534921
492.31001380443575,-70.40735141497235,-70.40735141497235
492.32001380443575,-70.41065938472637,-70.41065938472637
492.33001380443574,-70.41396278560825,-70.41396278560825
492.3400138044357,-70.4172618154068,-70.4172618154068
492.3500138044357,-70.42055666769238,-70.42055666769238
492.3600138044357,-70.42384753141603,-70.42384753141603
492.37001380443576,-70.42713459085067,-70.42713459085067
492.38001380443575,-70.43041802576722,-70.43041802576722
492.39001380443574,-70.43369801168132,-70.43369801168132
492.40001380443573,-70.43697472013552,-70.43697472013552
492.4100138044357,-70.44024831902213,-70.44024831902213
492.4200138044357,-70.44351897284992,-70.44351897284992
492.4300138044357,-70.44678684302009,-70.44678684302009
492.44001380443575,-70.45005208806452,-70.45005208806452
492.45001380443574,-70.45331486385463,-70.45331486385463
492.46001380443573,-70.45656918487578,-70.45656918487578
492.4700138044357,-70.45981251659698,-70.45981251659698
492.4800138044357,-70.4630437026525,-70.4630437026525
492.4900138044357,-70.4662622235628,-70.4662622235628
492.50001380443575,-70.46946791389122,-70.46946791389122
492.51001380443574,-70.47266081531933,-70.47266081531933
492.52001380443573,-70.47584109051976,-70.47584109051976
492.5300138044357,-70.47900897143496,-70.47900897143496
492.5400138044357,-70.48216472814875,-70.48216472814875
492.5500138044357,-70.48530865023415,-70.48530865023415
492.56001380443575,-70.48844103565325,-70.48844103565325
492.57001380443575,-70.49156218423697,-70.49156218423697
492.58001380443574,-70.49467239395953,-70.49467239395953
492.5900138044357,-70.49777195888991,-70.49777195888991
492.6000138044357,-70.50086116822199,-70.50086116822199
492.6100138044357,-70.50394030584144,-70.50394030584144
492.62001380443576,-70.50700965030245,-70.50700965030245
492.63001380443575,-70.51006947496928,-70.51006947496928
492.64001380443574,-70.51312004826825,-70.51312004826825
492.65001380443573,-70.51616163397837,-70.51616163397837
492.6600138044357,-70.51919449151444,-70.51919449151444
492.6700138044357,-70.52221887622963,-70.52221887622963
492.6800138044357,-70.5252350396594,-70.5252350396594
492.69001380443575,-70.52824322973787,-70.52824322973787
492.70001380443574,-70.53124369103591,-70.53124369103591
492.71001380443573,-70.53423666490295,-70.53423666490295
492.7200138044357,-70.53722238963488,-70.53722238963488
492.7300138044357,-70.54020110059209,-70.54020110059209
492.7400138044357,-70.54317303030935,-70.54317303030935
492.75001380443575,-70.54613840859577,-70.54613840859577
492.76001380443574,-70.54909746258951,-70.54909746258951
492.77001380443573,-70.55205041683672,-70.55205041683672
492.7800138044357,-70.55499749333798,-70.55499749333798
492.7900138044357,-70.55793891158683,-70.55793891158683
492.8000138044357,-70.56087488860128,-70.56087488860128
492.81001380443575,-70.56380563895944,-70.56380563895944
492.82001380443575,-70.56673137480992,-70.56673137480992
492.83001380443574,-70.56965230591499,-70.56965230591499
492.8400138044357,-70.57256863963039,-70.57256863963039
492.8500138044357,-70.57548058094079,-70.57548058094079
492.8600138044357,-70.57838833247207,-70.57838833247207
492.87001380443576,-70.58129209447407,-70.58129209447407
492.88001380443575,-70.584192064849,-70.584192064849
492.89001380443574,-70.58708843915127,-70.58708843915127
492.90001380443573,-70.58998141059426,-70.58998141059426
492.9100138044357,-70.59287117004182,-70.59287117004182
492.9200138044357,-70.59575790602868,-70.59575790602868
492.9300138044357,-70.59864180475388,-70.59864180475388
492.94001380443575,-70.60152305009137,-70.60152305009137
492.95001380443574,-70.60440182358181,-70.60440182358181
492.96001380443573,-70.6072783044618,-70.6072783044618
492.9700138044357,-70.6101526696395,-70.6101526696395
492.9800138044357,-70.61302509372265,-70.61302509372265
492.9900138044357,-70.61589574900607,-70.61589574900607
493.0000138282776,-70.61876481233061,-70.61876481233061
493.0100138282776,-70.62163243774002,-70.62163243774002
493.02001382827757,-70.62449879749772,-70.62449879749772
493.03001382827756,-70.62736405475364,-70.62736405475364
493.0400138282776,-70.63022837040009,-70.63022837040009
493.0500138282776,-70.633091903072,-70.633091903072
493.0600138282776,-70.63595480914653,-70.63595480914653
493.0700138282776,-70.63881724276949,-70.63881724276949
493.0800138282776,-70.64167935586303,-70.64167935586303
493.09001382827756,-70.64454129813159,-70.64454129813159
493.1000138282776,-70.64740321708061,-70.64740321708061
493.1100138282776,-70.65026525801858,-70.65026525801858
493.1200138282776,-70.65312756408495,-70.65312756408495
493.1300138282776,-70.65599027624678,-70.65599027624678
493.1400138282776,-70.65885353332648,-70.65885353332648
493.15001382827757,-70.66171747200421,-70.66171747200421
493.1600138282776,-70.66458222684547,-70.66458222684547
493.1700138282776,-70.66744793030918,-70.66744793030918
493.1800138282776,-70.67031471275976,-70.67031471275976
493.1900138282776,-70.6731827024856,-70.6731827024856
493.2000138282776,-70.6760520257287,-70.6760520257287
493.21001382827757,-70.67892280667016,-70.67892280667016
493.2200138282776,-70.68179516748158,-70.68179516748158
493.2300138282776,-70.68466922831078,-70.68466922831078
493.2400138282776,-70.68754510733889,-70.68754510733889
493.2500138282776,-70.69042292074572,-70.69042292074572
493.2600138282776,-70.6933027827693,-70.6933027827693
493.27001382827757,-70.69618480570522,-70.69618480570522
493.28001382827756,-70.6990690999432,-70.6990690999432
493.2900138282776,-70.70195577395143,-70.70195577395143
493.3000138282776,-70.70484493431435,-70.70484493431435
493.3100138282776,-70.70773668577627,-70.70773668577627
493.3200138282776,-70.71063113120888,-70.71063113120888
493.3300138282776,-70.71352837166322,-70.71352837166322
493.34001382827756,-70.71642850638956,-70.71642850638956
493.3500138282776,-70.7193316328465,-70.7193316328465
493.3600138282776,-70.72223784671388,-70.72223784671388
493.3700138282776,-70.72514724192983,-70.72514724192983
493.3800138282776,-70.72805991068556,-70.72805991068556
493.3900138282776,-70.73097594346908,-70.73097594346908
493.40001382827757,-70.73389542907907,-70.73389542907907
493.4100138282776,-70.73681845462298,-70.73681845462298
493.4200138282776,-70.73974510555938,-70.73974510555938
493.4300138282776,-70.74267546570879,-70.74267546570879
493.4400138282776,-70.74560961727828,-70.74560961727828
493.4500138282776,-70.748547640862,-70.748547640862
493.46001382827757,-70.75148961548162,-70.75148961548162
493.4700138282776,-70.75443561859537,-70.75443561859537
493.4800138282776,-70.75738572612187,-70.75738572612187
493.4900138282776,-70.76034001245486,-70.76034001245486
493.5000138282776,-70.76329855046589,-70.76329855046589
493.5100138282776,-70.76626141155737,-70.76626141155737
493.52001382827757,-70.76922866566674,-70.76922866566674
493.53001382827756,-70.77220038125239,-70.77220038125239
493.5400138282776,-70.77517662537531,-70.77517662537531
493.5500138282776,-70.77815746365928,-70.77815746365928
493.5600138282776,-70.78114296033249,-70.78114296033249
493.5700138282776,-70.78413317825105,-70.78413317825105
493.5800138282776,-70.78712817891966,-70.78712817891966
493.59001382827756,-70.79012802247964,-70.79012802247964
493.6000138282776,-70.79313276776493,-70.79313276776493
493.6100138282776,-70.7961424722888,-70.7961424722888
493.6200138282776,-70.79915719227697,-70.79915719227697
493.6300138282776,-70.80217698268571,-70.80217698268571
493.6400138282776,-70.80520189722061,-70.80520189722061
493.65001382827757,-70.80823198833089,-70.80823198833089
493.6600138282776,-70.81126730725713,-70.81126730725713
493.6700138282776,-70.81430790402558,-70.81430790402558
493.6800138282776,-70.81735382746821,-70.81735382746821
493.6900138282776,-70.82040512526733,-70.82040512526733
493.7000138282776,-70.82346184392641,-70.82346184392641
493.71001382827757,-70.82652402880902,-70.82652402880902
493.7200138282776,-70.82959172415593,-70.82959172415593
493.7300138282776,-70.83266497310485,-70.83266497310485
493.7400138282776,-70.83574381769117,-70.83574381769117
493.7500138282776,-70.83882829886308,-70.83882829886308
493.7600138282776,-70.8419184565327,-70.8419184565327
493.77001382827757,-70.8450143295346,-70.8450143295346
493.78001382827756,-70.84811595568787,-70.84811595568787
493.7900138282776,-70.85122337177769,-70.85122337177769
493.8000138282776,-70.85433661359616,-70.85433661359616
493.8100138282776,-70.8574557159476,-70.8574557159476
493.8200138282776,-70.86058071264553,-70.86058071264553
493.8300138282776,-70.86371163655951,-70.86371163655951
493.84001382827756,-70.86684851959656,-70.86684851959656
493.85001385211945,-70.86999140021774,-70.86999140021774
493.86001385211944,-70.87314029355448,-70.87314029355448
493.8700138521194,-70.87629523619688,-70.87629523619688
493.8800138521194,-70.8794562564089,-70.8794562564089
493.89001385211947,-70.88262338156531,-70.88262338156531
493.90001385211946,-70.88579663818524,-70.88579663818524
493.91001385211945,-70.8889760519205,-70.8889760519205
493.92001385211944,-70.89216164759738,-70.89216164759738
493.93001385211943,-70.89535344918134,-70.89535344918134
493.9400138521194,-70.89855147984048,-70.89855147984048
493.95001385211947,-70.90175576194689,-70.90175576194689
493.96001385211946,-70.90496631707434,-70.90496631707434
493.97001385211945,-70.9081831660032,-70.9081831660032
493.98001385211944,-70.91140632875909,-70.91140632875909
493.99001385211943,-70.91463582459942,-70.91463582459942
494.0000138521194,-70.91787167204335,-70.91787167204335
494.01001385211947,-70.92111388887413,-70.92111388887413
494.02001385211946,-70.92436249215288,-70.92436249215288
494.03001385211945,-70.92761749822468,-70.92761749822468
494.04001385211944,-70.93087892273176,-70.93087892273176
494.05001385211943,-70.9341467806253,-70.9341467806253
494.0600138521194,-70.93742108619098,-70.93742108619098
494.0700138521195,-70.94070185302104,-70.94070185302104
494.08001385211946,-70.94398909408129,-70.94398909408129
494.09001385211945,-70.94728282165237,-70.94728282165237
494.10001385211945,-70.95058304738917,-70.95058304738917
494.11001385211944,-70.9538897823358,-70.9538897823358
494.1200138521194,-70.95720303689168,-70.95720303689168
494.1300138521194,-70.96052282085985,-70.96052282085985
494.14001385211947,-70.96384914344543,-70.96384914344543
494.15001385211946,-70.96718201325409,-70.96718201325409
494.16001385211945,-70.97052143831571,-70.97052143831571
494.17001385211944,-70.9738674260913,-70.9738674260913
494.18001385211943,-70.9772199834693,-70.9772199834693
494.1900138521194,-70.98057911679386,-70.98057911679386
494.20001385211947,-70.98394483185167,-70.98394483185167
494.21001385211946,-70.98731713391058,-70.98731713391058
494.22001385211945,-70.99069602770724,-70.99069602770724
494.23001385211944,-70.99408151743575,-70.99408151743575
494.24001385211943,-70.99747360681046,-70.99747360681046
494.2500138521194,-71.00087229902317,-71.00087229902317
494.26001385211947,-71.00427759677154,-71.00427759677154
494.27001385211946,-71.0076895022764,-71.0076895022764
494.28001385211945,-71.01110801726384,-71.01110801726384
494.29001385211944,-71.01453314301217,-71.01453314301217
494.30001385211943,-71.01796488032097,-71.01796488032097
494.3100138521194,-71.02140322952324,-71.02140322952324
494.3200138521195,-71.02484819052935,-71.02484819052935
494.33001385211946,-71.02829976279077,-71.02829976279077
494.34001385211945,-71.03175794532204,-71.03175794532204
494.35001385211945,-71.035222736724,-71.035222736724
494.36001385211944,-71.03869413516504,-71.03869413516504
494.3700138521194,-71.0421721384168,-71.0421721384168
494.3800138521194,-71.04565674383115,-71.04565674383115
494.39001385211947,-71.04914794835594,-71.04914794835594
494.40001385211946,-71.05264574856986,-71.05264574856986
494.41001385211945,-71.05615014063713,-71.05615014063713
494.42001385211944,-71.0596611203674,-71.0596611203674
494.43001385211943,-71.06317868317971,-71.06317868317971
494.4400138521194,-71.06670282413023,-71.06670282413023
494.45001385211947,-71.0702335379161,-71.0702335379161
494.46001385211946,-71.07376462348425,-71.07376462348425
494.47001385211945,-71.07729336262004,-71.07729336262004
494.48001385211944,-71.08081842923623,-71.08081842923623
494.49001385211943,-71.08433914149575,-71.08433914149575
494.5000138521194,-71.08785517641138,-71.08785517641138
494.51001385211947,-71.09136642157524,-71.09136642157524
494.52001385211946,-71.09487288823541,-71.09487288823541
494.53001385211945,-71.09837465906979,-71.09837465906979
494.54001385211944,-71.10187185675096,-71.10187185675096
494.55001385211943,-71.10536462512313,-71.10536462512313
494.5600138521194,-71.10885311795776,-71.10885311795776
494.5700138521195,-71.11233749236933,-71.11233749236933
494.58001385211946,-71.1158179050303,-71.1158179050303
494.59001385211945,-71.1192945100932,-71.1192945100932
494.60001385211945,-71.12276745818835,-71.12276745818835
494.61001385211944,-71.12623689599113,-71.12623689599113
494.6200138521194,-71.12970296616825,-71.12970296616825
494.6300138521194,-71.13316580755635,-71.13316580755635
494.64001385211947,-71.13662555535808,-71.13662555535808
494.65001385211946,-71.14008234145957,-71.14008234145957
494.66001385211945,-71.14353629470689,-71.14353629470689
494.67001385211944,-71.14698754122071,-71.14698754122071
494.68001385211943,-71.15043620461475,-71.15043620461475
494.6900138521194,-71.15388240625047,-71.15388240625047
494.7000138759613,-71.15732627363826,-71.15732627363826
494.7100138759613,-71.16076790780102,-71.16076790780102
494.7200138759613,-71.16420743263629,-71.16420743263629
494.7300138759613,-71.1676449622503,-71.1676449622503
494.7400138759613,-71.1710806092474,-71.1710806092474
494.7500138759613,-71.17451448483551,-71.17451448483551
494.7600138759613,-71.17794669889535,-71.17794669889535
494.7700138759613,-71.18137736002775,-71.18137736002775
494.7800138759613,-71.18480657562533,-71.18480657562533
494.7900138759613,-71.18823445190999,-71.18823445190999
494.8000138759613,-71.19166109395256,-71.19166109395256
494.8100138759613,-71.19508660569582,-71.19508660569582
494.8200138759613,-71.19851109000386,-71.19851109000386
494.8300138759613,-71.20193464863556,-71.20193464863556
494.8400138759613,-71.20535738227792,-71.20535738227792
494.8500138759613,-71.20877939056041,-71.20877939056041
494.86001387596133,-71.21220077204558,-71.21220077204558
494.8700138759613,-71.21562162423773,-71.21562162423773
494.8800138759613,-71.2190420435859,-71.2190420435859
494.8900138759613,-71.22246212547022,-71.22246212547022
494.9000138759613,-71.22588196422143,-71.22588196422143
494.9100138759613,-71.22930165311227,-71.22930165311227
494.92001387596133,-71.23272128433969,-71.23272128433969
494.9300138759613,-71.2361409490384,-71.2361409490384
494.9400138759613,-71.23956073727737,-71.23956073727737
494.9500138759613,-71.24298073804292,-71.24298073804292
494.9600138759613,-71.24640103924041,-71.24640103924041
494.9700138759613,-71.24982172771085,-71.24982172771085
494.9800138759613,-71.25324288920596,-71.25324288920596
494.9900138759613,-71.25666460838605,-71.25666460838605
495.0000138759613,-71.26008696882538,-71.26008696882538
495.0100138759613,-71.26351005299979,-71.26351005299979
495.0200138759613,-71.26693394230459,-71.26693394230459
495.0300138759613,-71.27035871703833,-71.27035871703833
495.0400138759613,-71.27378445639701,-71.27378445639701
495.0500138759613,-71.27721123849221,-71.27721123849221
495.0600138759613,-71.28063914032897,-71.28063914032897
495.0700138759613,-71.28406823782075,-71.28406823782075
495.0800138759613,-71.28749860579136,-71.28749860579136
495.0900138759613,-71.29093031795855,-71.29093031795855
495.1000138759613,-71.29436344696559,-71.29436344696559
495.11001387596133,-71.29779806434343,-71.29779806434343
495.1200138759613,-71.30123424055597,-71.30123424055597
495.1300138759613,-71.30467204496841,-71.30467204496841
495.1400138759613,-71.30811154587202,-71.30811154587202
495.1500138759613,-71.31155281047899,-71.31155281047899
495.1600138759613,-71.31499590492056,-71.31499590492056
495.17001387596133,-71.31844089426112,-71.31844089426112
495.1800138759613,-71.32188784249564,-71.32188784249564
495.1900138759613,-71.32533681256884,-71.32533681256884
495.2000138759613,-71.32878786636766,-71.32878786636766
495.2100138759613,-71.3322348462123,-71.3322348462123
495.2200138759613,-71.33567508911662,-71.33567508911662
495.2300138759613,-71.33910732852537,-71.33910732852537
495.2400138759613,-71.34253094379791,-71.34253094379791
495.2500138759613,-71.3459456737549,-71.3459456737549
495.2600138759613,-71.34935146791717,-71.34935146791717
495.2700138759613,-71.35274839924267,-71.35274839924267
495.2800138759613,-71.35613661175277,-71.35613661175277
495.2900138759613,-71.35951628900338,-71.35951628900338
495.3000138759613,-71.36288763519316,-71.36288763519316
495.3100138759613,-71.36625086386447,-71.36625086386447
495.3200138759613,-71.36960619130217,-71.36960619130217
495.3300138759613,-71.37295383272574,-71.37295383272574
495.3400138759613,-71.37629400024838,-71.37629400024838
495.3500138759613,-71.37962690181539,-71.37962690181539
495.36001387596133,-71.38295274079861,-71.38295274079861
495.3700138759613,-71.38627171592915,-71.38627171592915
495.3800138759613,-71.38958402147517,-71.38958402147517
495.3900138759613,-71.39288984744933,-71.39288984744933
495.4000138759613,-71.39618937992873,-71.39618937992873
495.4100138759613,-71.3994828013234,-71.3994828013234
495.42001387596133,-71.40277029068905,-71.40277029068905
495.4300138759613,-71.4060520239571,-71.4060520239571
495.4400138759613,-71.40932817419147,-71.40932817419147
495.4500138759613,-71.41259891178996,-71.41259891178996
495.4600138759613,-71.4158644046586,-71.4158644046586
495.4700138759613,-71.41912481836718,-71.41912481836718
495.4800138759613,-71.42238031628189,-71.42238031628189
495.4900138759613,-71.42563105968189,-71.42563105968189
495.5000138759613,-71.42887720783372,-71.42887720783372
495.5100138759613,-71.4321189181053,-71.4321189181053
495.5200138759613,-71.43535634599303,-71.43535634599303
495.5300138759613,-71.43858964518965,-71.43858964518965
495.5400138759613,-71.44181896764483,-71.44181896764483
495.55001389980316,-71.4450444712594,-71.4450444712594
495.56001389980315,-71.44826628919297,-71.44826628919297
495.57001389980314,-71.4514845760074,-71.4514845760074
495.58001389980313,-71.4546994769156,-71.4546994769156
495.5900138998032,-71.45791113550774,-71.45791113550774
495.6000138998032,-71.46111969375865,-71.46111969375865
495.61001389980316,-71.46432529202934,-71.46432529202934
495.62001389980315,-71.46752806908087,-71.46752806908087
495.63001389980315,-71.47072816207722,-71.47072816207722
495.64001389980314,-71.47392570660043,-71.47392570660043
495.6500138998032,-71.47712083663198,-71.47712083663198
495.6600138998032,-71.48031368459475,-71.48031368459475
495.67001389980317,-71.48350438131301,-71.48350438131301
495.68001389980316,-71.48669305603451,-71.48669305603451
495.69001389980315,-71.48987983643642,-71.48987983643642
495.70001389980314,-71.49306484861611,-71.49306484861611
495.7100138998032,-71.4962482171011,-71.4962482171011
495.7200138998032,-71.49943006484486,-71.49943006484486
495.73001389980317,-71.50261051324402,-71.50261051324402
495.74001389980316,-71.50578968211575,-71.50578968211575
495.75001389980315,-71.50896768972117,-71.50896768972117
495.76001389980314,-71.51214465275933,-71.51214465275933
495.7700138998032,-71.51532068637307,-71.51532068637307
495.7800138998032,-71.51849590415611,-71.51849590415611
495.79001389980317,-71.52167041815618,-71.52167041815618
495.80001389980316,-71.52484433887619,-71.52484433887619
495.81001389980315,-71.5280177752652,-71.5280177752652
495.82001389980314,-71.53119083475492,-71.53119083475492
495.83001389980313,-71.53436362325108,-71.53436362325108
495.8400138998032,-71.53753624513146,-71.53753624513146
495.8500138998032,-71.5407088032588,-71.5407088032588
495.86001389980316,-71.54388139899206,-71.54388139899206
495.87001389980315,-71.54705413218876,-71.54705413218876
495.88001389980315,-71.55022710121636,-71.55022710121636
495.89001389980314,-71.5534004029517,-71.5534004029517
495.9000138998032,-71.55657413280667,-71.55657413280667
495.9100138998032,-71.55974838471342,-71.55974838471342
495.92001389980317,-71.56292325115638,-71.56292325115638
495.93001389980316,-71.56609882316269,-71.56609882316269
495.94001389980315,-71.56927519033617,-71.56927519033617
495.95001389980314,-71.57245244083627,-71.57245244083627
495.9600138998032,-71.57563066140524,-71.57563066140524
495.9700138998032,-71.57880993738358,-71.57880993738358
495.98001389980317,-71.5819903527139,-71.5819903527139
495.99001389980316,-71.58517198994637,-71.58517198994637
496.00001389980315,-71.58835493026487,-71.58835493026487
496.01001389980314,-71.5915392534812,-71.5915392534812
496.0200138998032,-71.59472503805783,-71.59472503805783
496.0300138998032,-71.59791236112089,-71.59791236112089
496.04001389980317,-71.60110129845337,-71.60110129845337
496.05001389980316,-71.6042919245309,-71.6042919245309
496.06001389980315,-71.60748431252675,-71.60748431252675
496.07001389980314,-71.61067853431386,-71.61067853431386
496.08001389980313,-71.61387466049732,-71.61387466049732
496.0900138998032,-71.61707276038987,-71.61707276038987
496.1000138998032,-71.62027290206737,-71.62027290206737
496.11001389980316,-71.62347515236152,-71.62347515236152
496.12001389980315,-71.62667957686894,-71.62667957686894
496.13001389980315,-71.62988623996375,-71.62988623996375
496.14001389980314,-71.63309520482179,-71.63309520482179
496.1500138998032,-71.63630653342172,-71.63630653342172
496.1600138998032,-71.63952028657108,-71.63952028657108
496.17001389980317,-71.64273652389628,-71.64273652389628
496.18001389980316,-71.64595530387338,-71.64595530387338
496.19001389980315,-71.64917668384088,-71.64917668384088
496.20001389980314,-71.65240072001085,-71.65240072001085
496.2100138998032,-71.65562746747761,-71.65562746747761
496.2200138998032,-71.65885698022369,-71.65885698022369
496.23001389980317,-71.66208931115051,-71.66208931115051
496.24001389980316,-71.66532451206876,-71.66532451206876
496.25001389980315,-71.66856263375122,-71.66856263375122
496.26001389980314,-71.67180372589051,-71.67180372589051
496.2700138998032,-71.67504783714386,-71.67504783714386
496.2800138998032,-71.67829501515445,-71.67829501515445
496.29001389980317,-71.68154530654421,-71.68154530654421
496.30001389980316,-71.68479875692626,-71.68479875692626
496.31001389980315,-71.68805541092794,-71.68805541092794
496.32001389980314,-71.69131531220224,-71.69131531220224
496.33001389980313,-71.69457850343686,-71.69457850343686
496.3400138998032,-71.69784502635952,-71.69784502635952
496.3500138998032,-71.70111492176186,-71.70111492176186
496.36001389980316,-71.70438822951125,-71.70438822951125
496.37001389980315,-71.70766498854353,-71.70766498854353
496.38001389980315,-71.71094523690547,-71.71094523690547
496.39001389980314,-71.71422901174168,-71.71422901174168
496.400013923645,-71.7175163571407,-71.7175163571407
496.410013923645,-71.72080729286272,-71.72080729286272
496.420013923645,-71.72410186124785,-71.72410186124785
496.430013923645,-71.72740009599308,-71.72740009599308
496.44001392364504,-71.73070202994626,-71.73070202994626
496.45001392364503,-71.73400769514055,-71.73400769514055
496.460013923645,-71.73731712279681,-71.73731712279681
496.470013923645,-71.74063034332384,-71.74063034332384
496.480013923645,-71.74394738634972,-71.74394738634972
496.490013923645,-71.74726828071312,-71.74726828071312
496.50001392364504,-71.75059305448296,-71.75059305448296
496.51001392364503,-71.75392173497698,-71.75392173497698
496.520013923645,-71.75725434875787,-71.75725434875787
496.530013923645,-71.76059092165859,-71.76059092165859
496.540013923645,-71.76393147877366,-71.76393147877366
496.550013923645,-71.76727604449633,-71.76727604449633
496.56001392364504,-71.77062464249089,-71.77062464249089
496.57001392364504,-71.7739772957438,-71.7739772957438
496.580013923645,-71.77733402654935,-71.77733402654935
496.590013923645,-71.78069485651415,-71.78069485651415
496.600013923645,-71.78405980658329,-71.78405980658329
496.610013923645,-71.78742889704826,-71.78742889704826
496.62001392364505,-71.7908021475551,-71.7908021475551
496.63001392364504,-71.79417957709663,-71.79417957709663
496.64001392364503,-71.79756120404207,-71.79756120404207
496.650013923645,-71.80094704615028,-71.80094704615028
496.660013923645,-71.80433712055334,-71.80433712055334
496.670013923645,-71.80773144380126,-71.80773144380126
496.680013923645,-71.81113003182438,-71.81113003182438
496.69001392364504,-71.81453289998078,-71.81453289998078
496.70001392364503,-71.81794006305138,-71.81794006305138
496.710013923645,-71.82134527265106,-71.82134527265106
496.720013923645,-71.8247457993771,-71.8247457993771
496.730013923645,-71.82814032033716,-71.82814032033716
496.740013923645,-71.8315281634991,-71.8315281634991
496.75001392364504,-71.83490901925343,-71.83490901925343
496.76001392364503,-71.83828279067419,-71.83828279067419
496.770013923645,-71.84164950566883,-71.84164950566883
496.780013923645,-71.84500926425551,-71.84500926425551
496.790013923645,-71.84836220683644,-71.84836220683644
496.800013923645,-71.85170849513756,-71.85170849513756
496.81001392364504,-71.85504830090535,-71.85504830090535
496.82001392364504,-71.85838179919774,-71.85838179919774
496.830013923645,-71.86170916458201,-71.86170916458201
496.840013923645,-71.86503056905723,-71.86503056905723
496.850013923645,-71.86834618098707,-71.86834618098707
496.860013923645,-71.87165616468236,-71.87165616468236
496.87001392364505,-71.87496068035223,-71.87496068035223
496.88001392364504,-71.8782598842335,-71.8782598842335
496.89001392364503,-71.8815539288344,-71.8815539288344
496.900013923645,-71.88484296322582,-71.88484296322582
496.910013923645,-71.88812713333712,-71.88812713333712
496.920013923645,-71.89140658221659,-71.89140658221659
496.930013923645,-71.89468145030446,-71.89468145030446
496.94001392364504,-71.89795187566891,-71.89795187566891
496.95001392364503,-71.90121799419722,-71.90121799419722
496.960013923645,-71.90447993977415,-71.90447993977415
496.970013923645,-71.90773784444244,-71.90773784444244
496.980013923645,-71.910991838516,-71.910991838516
496.990013923645,-71.91424205068654,-71.91424205068654
497.00001392364504,-71.91748860813286,-71.91748860813286
497.01001392364503,-71.9207316365644,-71.9207316365644
497.020013923645,-71.9239712603152,-71.9239712603152
497.030013923645,-71.92720760236315,-71.92720760236315
497.040013923645,-71.93044078440585,-71.93044078440585
497.050013923645,-71.93367092685119,-71.93367092685119
497.06001392364504,-71.93689814887612,-71.93689814887612
497.07001392364504,-71.94012256842635,-71.94012256842635
497.080013923645,-71.94334430224279,-71.94334430224279
497.090013923645,-71.94656346587004,-71.94656346587004
497.100013923645,-71.9497801736584,-71.9497801736584
497.110013923645,-71.95299453878046,-71.95299453878046
497.12001392364505,-71.95620667321842,-71.95620667321842
497.13001392364504,-71.95941668778651,-71.95941668778651
497.14001392364503,-71.96262469211341,-71.96262469211341
497.150013923645,-71.96583079464146,-71.96583079464146
497.160013923645,-71.96903510264065,-71.96903510264065
497.170013923645,-71.97223772219643,-71.97223772219643
497.180013923645,-71.97543875819757,-71.97543875819757
497.19001392364504,-71.97863831436231,-71.97863831436231
497.20001392364503,-71.981836493191,-71.981836493191
497.210013923645,-71.98502711929042,-71.98502711929042
497.220013923645,-71.98820754362735,-71.98820754362735
497.230013923645,-71.99137652623166,-71.99137652623166
497.240013923645,-71.99453347878475,-71.99453347878475
497.2500139474869,-71.99767818308545,-71.99767818308545
497.26001394748687,-72.00081061090164,-72.00081061090164
497.27001394748686,-72.00393088100655,-72.00393088100655
497.28001394748685,-72.00703917624658,-72.00703917624658
497.2900139474869,-72.01013571928252,-72.01013571928252
497.3000139474869,-72.01322075346624,-72.01322075346624
497.3100139474869,-72.01629453149627,-72.01629453149627
497.32001394748687,-72.01935730871683,-72.01935730871683
497.33001394748686,-72.02240933927483,-72.02240933927483
497.34001394748685,-72.02545087402454,-72.02545087402454
497.3500139474869,-72.02848215947274,-72.02848215947274
497.3600139474869,-72.03150343733985,-72.03150343733985
497.3700139474869,-72.03451494450529,-72.03451494450529
497.3800139474869,-72.03751691312219,-72.03751691312219
497.39001394748686,-72.04050957089444,-72.04050957089444
497.40001394748685,-72.0434931413187,-72.0434931413187
497.4100139474869,-72.04646784397914,-72.04646784397914
497.4200139474869,-72.04943389485085,-72.04943389485085
497.4300139474869,-72.05239150653755,-72.05239150653755
497.4400139474869,-72.05534088849811,-72.05534088849811
497.45001394748687,-72.05828224723825,-72.05828224723825
497.46001394748686,-72.06121578652909,-72.06121578652909
497.4700139474869,-72.06414170750497,-72.06414170750497
497.4800139474869,-72.06706020881934,-72.06706020881934
497.4900139474869,-72.06997148674243,-72.06997148674243
497.5000139474869,-72.07287573526585,-72.07287573526585
497.51001394748687,-72.07577314615631,-72.07577314615631
497.52001394748686,-72.07866390903719,-72.07866390903719
497.53001394748685,-72.08154821142905,-72.08154821142905
497.5400139474869,-72.08442623878854,-72.08442623878854
497.5500139474869,-72.08729817455433,-72.08729817455433
497.5600139474869,-72.09016420016927,-72.09016420016927
497.57001394748687,-72.09302449510926,-72.09302449510926
497.58001394748686,-72.09587923689804,-72.09587923689804
497.59001394748685,-72.09872860110673,-72.09872860110673
497.6000139474869,-72.10157276139059,-72.10157276139059
497.6100139474869,-72.10441188947163,-72.10441188947163
497.6200139474869,-72.10724615517091,-72.10724615517091
497.6300139474869,-72.11007572640904,-72.11007572640904
497.64001394748686,-72.11290076919431,-72.11290076919431
497.65001394748685,-72.1157214476428,-72.1157214476428
497.6600139474869,-72.11853792397258,-72.11853792397258
497.6700139474869,-72.12135035851006,-72.12135035851006
497.6800139474869,-72.12415890969675,-72.12415890969675
497.6900139474869,-72.12696373409268,-72.12696373409268
497.70001394748687,-72.1297649863567,-72.1297649863567
497.71001394748686,-72.13255653047734,-72.13255653047734
497.7200139474869,-72.13533576345351,-72.13533576345351
497.7300139474869,-72.13810149356694,-72.13810149356694
497.7400139474869,-72.14085318140772,-72.14085318140772
497.7500139474869,-72.14359065023145,-72.14359065023145
497.76001394748687,-72.14631393553692,-72.14631393553692
497.77001394748686,-72.14902319686661,-72.14902319686661
497.78001394748685,-72.1517186648627,-72.1517186648627
497.7900139474869,-72.15440060938151,-72.15440060938151
497.8000139474869,-72.1570693203965,-72.1570693203965
497.8100139474869,-72.15972509657209,-72.15972509657209
497.82001394748687,-72.16236823858618,-72.16236823858618
497.83001394748686,-72.1649990452897,-72.1649990452897
497.84001394748685,-72.16761781161247,-72.16761781161247
497.8500139474869,-72.17022482749262,-72.17022482749262
497.8600139474869,-72.17282037746449,-72.17282037746449
497.8700139474869,-72.17540474060907,-72.17540474060907
497.8800139474869,-72.17797819067805,-72.17797819067805
497.89001394748686,-72.18054099633663,-72.18054099633663
497.90001394748685,-72.1830934214664,-72.1830934214664
497.9100139474869,-72.18563572546881,-72.18563572546881
497.9200139474869,-72.18816816352839,-72.18816816352839
497.9300139474869,-72.19069098687764,-72.19069098687764
497.9400139474869,-72.193204443059,-72.193204443059
497.95001394748687,-72.1957087760916,-72.1957087760916
497.96001394748686,-72.19820422669505,-72.19820422669505
497.9700139474869,-72.20069103241336,-72.20069103241336
497.9800139474869,-72.20316942778379,-72.20316942778379
497.9900139474869,-72.2056396444007,-72.2056396444007
498.0000139474869,-72.20810191106122,-72.20810191106122
498.01001394748687,-72.21055645382485,-72.21055645382485
498.02001394748686,-72.21300349607534,-72.21300349607534
498.03001394748685,-72.21544325859931,-72.21544325859931
498.0400139474869,-72.21787595962381,-72.21787595962381
498.0500139474869,-72.2203018148464,-72.2203018148464
498.0600139474869,-72.22272103748699,-72.22272103748699
498.07001394748687,-72.22513383831273,-72.22513383831273
498.08001394748686,-72.22754042564378,-72.22754042564378
498.09001394748685,-72.22994100541123,-72.22994100541123
498.10001397132874,-72.2323357868313,-72.2323357868313
498.1100139713287,-72.23472495964295,-72.23472495964295
498.1200139713287,-72.23710872833566,-72.23710872833566
498.1300139713287,-72.23948728934482,-72.23948728934482
498.14001397132876,-72.24186083675045,-72.24186083675045
498.15001397132875,-72.24422956229574,-72.24422956229574
498.16001397132874,-72.24659365540762,-72.24659365540762
498.17001397132873,-72.24895330319282,-72.24895330319282
498.1800139713287,-72.2513086904471,-72.2513086904471
498.1900139713287,-72.25365999967106,-72.25365999967106
498.20001397132876,-72.25600741105866,-72.25600741105866
498.21001397132875,-72.25835110254081,-72.25835110254081
498.22001397132874,-72.2606912497493,-72.2606912497493
498.23001397132873,-72.26302802606439,-72.26302802606439
498.2400139713287,-72.26536160260892,-72.26536160260892
498.2500139713287,-72.26769214824044,-72.26769214824044
498.26001397132876,-72.27001982958323,-72.27001982958323
498.27001397132875,-72.27234481103828,-72.27234481103828
498.28001397132874,-72.27466725478332,-72.27466725478332
498.29001397132873,-72.27698732078943,-72.27698732078943
498.3000139713287,-72.27930516683242,-72.27930516683242
498.3100139713287,-72.28162094849064,-72.28162094849064
498.32001397132876,-72.28393481918421,-72.28393481918421
498.33001397132875,-72.28624693016114,-72.28624693016114
498.34001397132874,-72.28855743052603,-72.28855743052603
498.35001397132874,-72.2908664672468,-72.2908664672468
498.3600139713287,-72.2931741851744,-72.2931741851744
498.3700139713287,-72.29548072704578,-72.29548072704578
498.3800139713287,-72.29778623351754,-72.29778623351754
498.39001397132876,-72.30009084315788,-72.30009084315788
498.40001397132875,-72.30239469246767,-72.30239469246767
498.41001397132874,-72.30469791592056,-72.30469791592056
498.42001397132873,-72.30700064595067,-72.30700064595067
498.4300139713287,-72.30930301296137,-72.30930301296137
498.4400139713287,-72.31160514537547,-72.31160514537547
498.45001397132876,-72.31390716962731,-72.31390716962731
498.46001397132875,-72.3162092101819,-72.3162092101819
498.47001397132874,-72.3185113895604,-72.3185113895604
498.48001397132873,-72.32081382834771,-72.32081382834771
498.4900139713287,-72.32311664521394,-72.32311664521394
498.5000139713287,-72.32541995693757,-72.32541995693757
498.51001397132876,-72.32772387841412,-72.32772387841412
498.52001397132875,-72.3300285226778,-72.3300285226778
498.53001397132874,-72.33233400092197,-72.33233400092197
498.54001397132873,-72.33464042250479,-72.33464042250479
498.5500139713287,-72.33694789499154,-72.33694789499154
498.5600139713287,-72.3392565241481,-72.3392565241481
498.57001397132876,-72.34156641397111,-72.34156641397111
498.58001397132875,-72.34387766670132,-72.34387766670132
498.59001397132874,-72.34619038284715,-72.34619038284715
498.60001397132874,-72.34850466120491,-72.34850466120491
498.6100139713287,-72.35082059885711,-72.35082059885711
498.6200139713287,-72.35313829123017,-72.35313829123017
498.6300139713287,-72.35545783207552,-72.35545783207552
498.64001397132876,-72.3577793135036,-72.3577793135036
498.65001397132875,-72.36010282599857,-72.36010282599857
498.66001397132874,-72.3624284584465,-72.3624284584465
498.67001397132873,-72.36475629813852,-72.36475629813852
498.6800139713287,-72.36708643079709,-72.36708643079709
498.6900139713287,-72.36941894058926,-72.36941894058926
498.70001397132876,-72.37175391015776,-72.37175391015776
498.71001397132875,-72.37409142063093,-72.37409142063093
498.72001397132874,-72.3764315516301,-72.3764315516301
498.73001397132873,-72.37877438130363,-72.37877438130363
498.7400139713287,-72.38111998633809,-72.38111998633809
498.7500139713287,-72.38346844197834,-72.38346844197834
498.76001397132876,-72.38581982203767,-72.38581982203767
498.77001397132875,-72.38817419893178,-72.38817419893178
498.78001397132874,-72.39053164368029,-72.39053164368029
498.79001397132873,-72.39289222592319,-72.39289222592319
498.8000139713287,-72.39525601395522,-72.39525601395522
498.8100139713287,-72.39762307473318,-72.39762307473318
498.82001397132876,-72.39999347387396,-72.39999347387396
498.83001397132875,-72.40236727570068,-72.40236727570068
498.84001397132874,-72.40474454326508,-72.40474454326508
498.85001397132874,-72.40712533831748,-72.40712533831748
498.8600139713287,-72.4095097213801,-72.4095097213801
498.8700139713287,-72.4118977517157,-72.4118977517157
498.8800139713287,-72.41428948737435,-72.41428948737435
498.89001397132876,-72.41668498520272,-72.41668498520272
498.90001397132875,-72.41908430085638,-72.41908430085638
498.91001397132874,-72.42148748881228,-72.42148748881228
498.92001397132873,-72.42389460239089,-72.42389460239089
498.9300139713287,-72.42630569376426,-72.42630569376426
498.9400139713287,-72.42872081398325,-72.42872081398325
498.9500139951706,-72.43114001874906,-72.43114001874906
498.9600139951706,-72.43356334540566,-72.43356334540566
498.9700139951706,-72.4359908474439,-72.4359908474439
498.98001399517057,-72.43842257155418,-72.43842257155418
498.9900139951706,-72.44085856337414,-72.44085856337414
499.0000139951706,-72.44329886750933,-72.44329886750933
499.0100139951706,-72.44574352752922,-72.44574352752922
499.0200139951706,-72.4481925860043,-72.4481925860043
499.0300139951706,-72.45064608449933,-72.45064608449933
499.04001399517057,-72.4531040636118,-72.4531040636118
499.0500139951706,-72.45556656296029,-72.45556656296029
499.0600139951706,-72.4580336212044,-72.4580336212044
499.0700139951706,-72.46050527607588,-72.46050527607588
499.0800139951706,-72.46298156437126,-72.46298156437126
499.0900139951706,-72.46546252197327,-72.46546252197327
499.10001399517057,-72.46794818386836,-72.46794818386836
499.1100139951706,-72.47043858413755,-72.47043858413755
499.1200139951706,-72.47293375600371,-72.47293375600371
499.1300139951706,-72.47543373182711,-72.47543373182711
499.1400139951706,-72.4779385431046,-72.4779385431046
499.1500139951706,-72.480448220508,-72.480448220508
499.1600139951706,-72.4829627938627,-72.4829627938627
499.1700139951706,-72.48548229221093,-72.48548229221093
499.1800139951706,-72.48800674375731,-72.48800674375731
499.1900139951706,-72.49053617593972,-72.49053617593972
499.2000139951706,-72.49307061540391,-72.49307061540391
499.2100139951706,-72.49561008803526,-72.49561008803526
499.2200139951706,-72.4981546189562,-72.4981546189562
499.23001399517057,-72.50070423255578,-72.50070423255578
499.2400139951706,-72.50325895246871,-72.50325895246871
499.2500139951706,-72.50581880161543,-72.50581880161543
499.2600139951706,-72.5083838022099,-72.5083838022099
499.2700139951706,-72.51095397575773,-72.51095397575773
499.2800139951706,-72.5135293430703,-72.5135293430703
499.29001399517057,-72.51610992427099,-72.51610992427099
499.3000139951706,-72.518695738825,-72.518695738825
499.3100139951706,-72.52128680553778,-72.52128680553778
499.3200139951706,-72.52388314253909,-72.52388314253909
499.3300139951706,-72.52648476734603,-72.52648476734603
499.3400139951706,-72.52909169681517,-72.52909169681517
499.35001399517057,-72.53170394720911,-72.53170394720911
499.3600139951706,-72.53432153415599,-72.53432153415599
499.3700139951706,-72.53694447269008,-72.53694447269008
499.3800139951706,-72.53957277724543,-72.53957277724543
499.3900139951706,-72.5422064616643,-72.5422064616643
499.4000139951706,-72.54484553923628,-72.54484553923628
499.4100139951706,-72.54749002265356,-72.54749002265356
499.4200139951706,-72.550139924059,-72.550139924059
499.4300139951706,-72.55279525504723,-72.55279525504723
499.4400139951706,-72.55545602666913,-72.55545602666913
499.4500139951706,-72.55812224944461,-72.55812224944461
499.4600139951706,-72.5607939333577,-72.5607939333577
499.4700139951706,-72.56347108788353,-72.56347108788353
499.48001399517057,-72.56615372198083,-72.56615372198083
499.4900139951706,-72.56884184410855,-72.56884184410855
499.5000139951706,-72.57153546224248,-72.57153546224248
499.5100139951706,-72.5742345838477,-72.5742345838477
499.5200139951706,-72.57693921594192,-72.57693921594192
499.5300139951706,-72.5796493650336,-72.5796493650336
499.54001399517057,-72.58236503719155,-72.58236503719155
499.5500139951706,-72.58508623802612,-72.58508623802612
499.5600139951706,-72.5878129726981,-72.5878129726981
499.5700139951706,-72.59054524591544,-72.59054524591544
499.5800139951706,-72.59328306194962,-72.59328306194962
499.5900139951706,-72.59602642465572,-72.59602642465572
499.60001399517057,-72.5987753374639,-72.5987753374639
499.6100139951706,-72.60152980338079,-72.60152980338079
499.6200139951706,-72.6042898250069,-72.6042898250069
499.6300139951706,-72.60705540454327,-72.60705540454327
499.6400139951706,-72.60982654379761,-72.60982654379761
499.6500139951706,-72.61260324417951,-72.61260324417951
499.6600139951706,-72.61538550671825,-72.61538550671825
499.6700139951706,-72.61817333206086,-72.61817333206086
499.6800139951706,-72.62096672050427,-72.62096672050427
499.6900139951706,-72.62376567194738,-72.62376567194738
499.7000139951706,-72.62657018595473,-72.62657018595473
499.7100139951706,-72.62938026172685,-72.62938026172685
499.7200139951706,-72.63219589812924,-72.63219589812924
499.73001399517057,-72.63501709366207,-72.63501709366207
499.7400139951706,-72.63784384650673,-72.63784384650673
499.7500139951706,-72.64067615450065,-72.64067615450065
499.7600139951706,-72.64351401517607,-72.64351401517607
499.7700139951706,-72.64635742572392,-72.64635742572392
499.7800139951706,-72.64920638302682,-72.64920638302682
499.79001399517057,-72.65206088366074,-72.65206088366074
499.80001401901245,-72.65492093069683,-72.65492093069683
499.81001401901244,-72.6577865065166,-72.6577865065166
499.82001401901243,-72.66065761356539,-72.66065761356539
499.8300140190124,-72.66353424723205,-72.66353424723205
499.8400140190125,-72.66641640261281,-72.66641640261281
499.85001401901246,-72.66930407453471,-72.66930407453471
499.86001401901245,-72.67219725753526,-72.67219725753526
499.87001401901244,-72.67509594588887,-72.67509594588887
499.88001401901244,-72.67800013359583,-72.67800013359583
499.8900140190124,-72.68090981439593,-72.68090981439593
499.9000140190125,-72.68382498177657,-72.68382498177657
499.91001401901246,-72.68674562897573,-72.68674562897573
499.92001401901246,-72.68967174896294,-72.68967174896294
499.93001401901245,-72.69260333448632,-72.69260333448632
499.94001401901244,-72.69554037803786,-72.69554037803786
499.95001401901243,-72.6984828718832,-72.6984828718832
499.9600140190125,-72.70143080804867,-72.70143080804867
499.97001401901247,-72.70438417833199,-72.70438417833199
499.98001401901246,-72.70734297431474,-72.70734297431474
499.99001401901245,-72.71030718735129,-72.71030718735129
500.00001401901244,-72.71327680858201,-72.71327680858201
500.01001401901243,-72.7162518289372,-72.7162518289372
500.0200140190125,-72.71923223912808,-72.71923223912808
500.03001401901247,-72.72221802966686,-72.72221802966686
500.04001401901246,-72.7252091908648,-72.7252091908648
500.05001401901245,-72.72820571283766,-72.72820571283766
500.06001401901244,-72.73120758550866,-72.73120758550866
500.07001401901243,-72.73421479860305,-72.73421479860305
500.0800140190124,-72.73722734165047,-72.73722734165047
500.0900140190125,-72.74024520402135,-72.74024520402135
500.10001401901246,-72.74326837487735,-72.74326837487735
500.11001401901245,-72.74629684322414,-72.74629684322414
500.12001401901244,-72.74933059788027,-72.74933059788027
500.13001401901244,-72.7523696274962,-72.7523696274962
500.1400140190124,-72.75541392056337,-72.75541392056337
500.1500140190125,-72.75846346539157,-72.75846346539157
500.16001401901246,-72.76151825014047,-72.76151825014047
500.17001401901246,-72.76457826281231,-72.76457826281231
500.18001401901245,-72.76764349124876,-72.76764349124876
500.19001401901244,-72.7707139231396,-72.7707139231396
500.20001401901243,-72.773789546025,-72.773789546025
500.2100140190125,-72.77686399920248,-72.77686399920248
500.22001401901247,-72.77993448829233,-72.77993448829233
500.23001401901246,-72.7829996445939,-72.7829996445939
500.24001401901245,-72.78605875936677,-72.78605875936677
500.25001401901244,-72.78911149155255,-72.78911149155255
500.26001401901243,-72.79215771602553,-72.79215771602553
500.2700140190125,-72.79519743464863,-72.79519743464863
500.28001401901247,-72.7982307227998,-72.7982307227998
500.29001401901246,-72.80125769725727,-72.80125769725727
500.30001401901245,-72.80427849689907,-72.80427849689907
500.31001401901244,-72.80729327120851,-72.80729327120851
500.32001401901243,-72.8103021735125,-72.8103021735125
500.3300140190124,-72.81330535710634,-72.81330535710634
500.3400140190125,-72.81630297310679,-72.81630297310679
500.35001401901246,-72.81929516940629,-72.81929516940629
500.36001401901245,-72.82228209023776,-72.82228209023776
500.37001401901244,-72.82526387606863,-72.82526387606863
500.38001401901244,-72.82824066377026,-72.82824066377026
500.3900140190124,-72.83121258683207,-72.83121258683207
500.4000140190125,-72.8341797756579,-72.8341797756579
500.41001401901246,-72.83714235784198,-72.83714235784198
500.42001401901246,-72.84010045844721,-72.84010045844721
500.43001401901245,-72.84305420025453,-72.84305420025453
500.44001401901244,-72.84600370400014,-72.84600370400014
500.45001401901243,-72.84894908857429,-72.84894908857429
500.4600140190125,-72.85189047117113,-72.85189047117113
500.47001401901247,-72.85482796744915,-72.85482796744915
500.48001401901246,-72.85776169166674,-72.85776169166674
500.49001401901245,-72.86069175675644,-72.86069175675644
500.50001401901244,-72.86361827442109,-72.86361827442109
500.51001401901243,-72.86654135522055,-72.86654135522055
500.5200140190125,-72.86946110860815,-72.86946110860815
500.53001401901247,-72.8723776429773,-72.8723776429773
500.54001401901246,-72.87529106570341,-72.87529106570341
500.55001401901245,-72.8782014831699,-72.8782014831699
500.56001401901244,-72.8811090007763,-72.8811090007763
500.57001401901243,-72.88401372297905,-72.88401372297905
500.5800140190124,-72.88691575328393,-72.88691575328393
500.5900140190125,-72.88981519425778,-72.88981519425778
500.60001401901246,-72.89271214751852,-72.89271214751852
500.61001401901245,-72.89560671376572,-72.89560671376572
500.62001401901244,-72.89849899274871,-72.89849899274871
500.63001401901244,-72.90138908328376,-72.90138908328376
500.6400140190124,-72.90427708324059,-72.90427708324059
500.6500140428543,-72.90716309641954,-72.90716309641954
500.6600140428543,-72.91004720504746,-72.91004720504746
500.6700140428543,-72.91292951100026,-72.91292951100026
500.6800140428543,-72.91581010832685,-72.91581010832685
500.69001404285433,-72.91868909009938,-72.91868909009938
500.7000140428543,-72.92156654841006,-72.92156654841006
500.7100140428543,-72.92444257436749,-72.92444257436749
500.7200140428543,-72.92731725809116,-72.92731725809116
500.7300140428543,-72.93019068870011,-72.93019068870011
500.7400140428543,-72.93306295430311,-72.93306295430311
500.75001404285433,-72.93593414202518,-72.93593414202518
500.7600140428543,-72.93880433794884,-72.93880433794884
500.7700140428543,-72.94167362716914,-72.94167362716914
500.7800140428543,-72.94454209374454,-72.94454209374454
500.7900140428543,-72.94740982070506,-72.94740982070506
500.8000140428543,-72.95027689006577,-72.95027689006577
500.81001404285433,-72.95314338280659,-72.95314338280659
500.8200140428543,-72.95600937888071,-72.95600937888071
500.8300140428543,-72.95887495720923,-72.95887495720923
500.8400140428543,-72.96174019567633,-72.96174019567633
500.8500140428543,-72.96460517113391,-72.96460517113391
500.8600140428543,-72.96746995939772,-72.96746995939772
500.87001404285434,-72.97033463525777,-72.97033463525777
500.8800140428543,-72.97319927247216,-72.97319927247216
500.8900140428543,-72.9760639437582,-72.9760639437582
500.9000140428543,-72.97892872081351,-72.97892872081351
500.9100140428543,-72.9817936742984,-72.9817936742984
500.9200140428543,-72.98465887386703,-72.98465887386703
500.9300140428543,-72.98752438813985,-72.98752438813985
500.94001404285433,-72.99039028471367,-72.99039028471367
500.9500140428543,-72.9932566301907,-72.9932566301907
500.9600140428543,-72.99611712285936,-72.99611712285936
500.9700140428543,-72.99896903713802,-72.99896903713802
500.9800140428543,-73.00181107651407,-73.00181107651407
500.9900140428543,-73.00464260553632,-73.00464260553632
501.00001404285433,-73.00746335668566,-73.00746335668566
501.0100140428543,-73.01027327820408,-73.01027327820408
501.0200140428543,-73.01307244483337,-73.01307244483337
501.0300140428543,-73.0158610043031,-73.0158610043031
501.0400140428543,-73.0186391450353,-73.0186391450353
501.0500140428543,-73.02140707685217,-73.02140707685217
501.06001404285433,-73.02416501942119,-73.02416501942119
501.0700140428543,-73.02691319549069,-73.02691319549069
501.0800140428543,-73.0296518270108,-73.0296518270108
501.0900140428543,-73.0323811329503,-73.0323811329503
501.1000140428543,-73.03510132830527,-73.03510132830527
501.1100140428543,-73.03781262359067,-73.03781262359067
501.12001404285434,-73.04051522479872,-73.04051522479872
501.1300140428543,-73.04320933353803,-73.04320933353803
501.1400140428543,-73.0458951472743,-73.0458951472743
501.1500140428543,-73.04857285959768,-73.04857285959768
501.1600140428543,-73.0512426605336,-73.0512426605336
501.1700140428543,-73.05390473680178,-73.05390473680178
501.1800140428543,-73.05655927209537,-73.05655927209537
501.19001404285433,-73.05920644728772,-73.05920644728772
501.2000140428543,-73.06184644066747,-73.06184644066747
501.2100140428543,-73.06447305535333,-73.06447305535333
501.2200140428543,-73.06708367270939,-73.06708367270939
501.2300140428543,-73.06967710342984,-73.06967710342984
501.2400140428543,-73.07225281881323,-73.07225281881323
501.25001404285433,-73.07481065750687,-73.07481065750687
501.2600140428543,-73.07735067323098,-73.07735067323098
501.2700140428543,-73.07987304552097,-73.07987304552097
501.2800140428543,-73.0823780261708,-73.0823780261708
501.2900140428543,-73.08486590700609,-73.08486590700609
501.3000140428543,-73.0873370005319,-73.0873370005319
501.31001404285433,-73.08979162843131,-73.08979162843131
501.3200140428543,-73.09223011479146,-73.09223011479146
501.3300140428543,-73.09465278222349,-73.09465278222349
501.3400140428543,-73.0970599497077,-73.0970599497077
501.3500140428543,-73.09945193155359,-73.09945193155359
501.3600140428543,-73.10182903694368,-73.10182903694368
501.37001404285434,-73.10419156984779,-73.10419156984779
501.3800140428543,-73.10653982918126,-73.10653982918126
501.3900140428543,-73.10887410902937,-73.10887410902937
501.4000140428543,-73.11119469890018,-73.11119469890018
501.4100140428543,-73.11350188403635,-73.11350188403635
501.4200140428543,-73.11579594567228,-73.11579594567228
501.4300140428543,-73.11807716128156,-73.11807716128156
501.44001404285433,-73.1203458048215,-73.1203458048215
501.4500140428543,-73.12260214688645,-73.12260214688645
501.4600140428543,-73.12484645490963,-73.12484645490963
501.4700140428543,-73.1270789932815,-73.1270789932815
501.4800140428543,-73.12930002349503,-73.12930002349503
501.4900140428543,-73.13150980422073,-73.13150980422073
501.50001406669617,-73.13370859662975,-73.13370859662975
501.51001406669616,-73.13589664350751,-73.13589664350751
501.52001406669615,-73.13807420079668,-73.13807420079668
501.53001406669614,-73.14024151660107,-73.14024151660107
501.5400140666962,-73.14239883650121,-73.14239883650121
501.5500140666962,-73.14454640356887,-73.14454640356887
501.56001406669617,-73.14668445841103,-73.14668445841103
501.57001406669616,-73.14881323916859,-73.14881323916859
501.58001406669615,-73.1509329815247,-73.1509329815247
501.59001406669614,-73.15304391873835,-73.15304391873835
501.6000140666962,-73.15514628162242,-73.15514628162242
501.6100140666962,-73.15724029856193,-73.15724029856193
501.62001406669617,-73.15932619553044,-73.15932619553044
501.63001406669616,-73.1614041960625,-73.1614041960625
501.64001406669615,-73.16347452128207,-73.16347452128207
501.65001406669614,-73.16553738988188,-73.16553738988188
501.6600140666962,-73.16759301814601,-73.16759301814601
501.6700140666962,-73.16964161993164,-73.16964161993164
501.6800140666962,-73.17168340667337,-73.17168340667337
501.69001406669616,-73.17371858740184,-73.17371858740184
501.70001406669616,-73.17574736870709,-73.17574736870709
501.71001406669615,-73.17776995479264,-73.17776995479264
501.7200140666962,-73.17978654742937,-73.17978654742937
501.7300140666962,-73.18179734598108,-73.18179734598108
501.7400140666962,-73.18380254741164,-73.18380254741164
501.75001406669617,-73.1858023462752,-73.1858023462752
501.76001406669616,-73.18779693473715,-73.18779693473715
501.77001406669615,-73.18978650256689,-73.18978650256689
501.78001406669614,-73.19177123715203,-73.19177123715203
501.7900140666962,-73.19375132349266,-73.19375132349266
501.8000140666962,-73.19572694422213,-73.19572694422213
501.81001406669617,-73.19769827962156,-73.19769827962156
501.82001406669616,-73.19966550760415,-73.19966550760415
501.83001406669615,-73.20162880375003,-73.20162880375003
501.84001406669614,-73.20358834130354,-73.20358834130354
501.8500140666962,-73.20554429117733,-73.20554429117733
501.8600140666962,-73.20749682198259,-73.20749682198259
501.87001406669617,-73.20944610003082,-73.20944610003082
501.88001406669616,-73.21139228934231,-73.21139228934231
501.89001406669615,-73.21333555167212,-73.21333555167212
501.90001406669614,-73.21527604650224,-73.21527604650224
501.9100140666962,-73.21721393108207,-73.21721393108207
501.9200140666962,-73.21914936042812,-73.21914936042812
501.9300140666962,-73.2210824873383,-73.2210824873383
501.94001406669616,-73.22301346241478,-73.22301346241478
501.95001406669616,-73.22494243406283,-73.22494243406283
501.96001406669615,-73.22686954853337,-73.22686954853337
501.9700140666962,-73.2287949499215,-73.2287949499215
501.9800140666962,-73.23071878018217,-73.23071878018217
501.9900140666962,-73.23264117915585,-73.23264117915585
502.00001406669617,-73.23456228459237,-73.23456228459237
502.01001406669616,-73.23648223214707,-73.23648223214707
502.02001406669615,-73.2384011554158,-73.2384011554158
502.03001406669614,-73.24031918594495,-73.24031918594495
502.0400140666962,-73.24223645324977,-73.24223645324977
502.0500140666962,-73.24415308484808,-73.24415308484808
502.06001406669617,-73.24606920625862,-73.24606920625862
502.07001406669616,-73.2479849410292,-73.2479849410292
502.08001406669615,-73.24990041075858,-73.24990041075858
502.09001406669614,-73.2518157350988,-73.2518157350988
502.1000140666962,-73.25373103180242,-73.25373103180242
502.1100140666962,-73.25564641671889,-73.25564641671889
502.12001406669617,-73.25756200382776,-73.25756200382776
502.13001406669616,-73.25947790524754,-73.25947790524754
502.14001406669615,-73.2613942312594,-73.2613942312594
502.15001406669614,-73.26331109033056,-73.26331109033056
502.1600140666962,-73.2652285891261,-73.2652285891261
502.1700140666962,-73.26714683253705,-73.26714683253705
502.1800140666962,-73.26906592368637,-73.26906592368637
502.19001406669616,-73.27098596396895,-73.27098596396895
502.20001406669616,-73.27290705305641,-73.27290705305641
502.21001406669615,-73.27482289939348,-73.27482289939348
502.2200140666962,-73.2767308009096,-73.2767308009096
502.2300140666962,-73.27862948946243,-73.27862948946243
502.2400140666962,-73.28051835978933,-73.28051835978933
502.25001406669617,-73.28239717530974,-73.28239717530974
502.26001406669616,-73.28426591529796,-73.28426591529796
502.27001406669615,-73.28612468538262,-73.28612468538262
502.28001406669614,-73.28797366371684,-73.28797366371684
502.2900140666962,-73.28981306866827,-73.28981306866827
502.3000140666962,-73.2916431393898,-73.2916431393898
502.31001406669617,-73.29346412426284,-73.29346412426284
502.32001406669616,-73.29527627412628,-73.29527627412628
502.33001406669615,-73.29707983836096,-73.29707983836096
502.34001406669614,-73.29887506278114,-73.29887506278114
502.350014090538,-73.30066219281225,-73.30066219281225
502.360014090538,-73.30244145605774,-73.30244145605774
502.370014090538,-73.30421308780443,-73.30421308780443
502.380014090538,-73.30597731409902,-73.30597731409902
502.39001409053805,-73.30773435628913,-73.30773435628913
502.40001409053804,-73.3094844313093,-73.3094844313093
502.410014090538,-73.31122775199098,-73.31122775199098
502.420014090538,-73.31296452736186,-73.31296452736186
502.430014090538,-73.3146949629168,-73.3146949629168
502.440014090538,-73.3164192608425,-73.3164192608425
502.45001409053805,-73.31813762025828,-73.31813762025828
502.46001409053804,-73.31985023738588,-73.31985023738588
502.47001409053803,-73.32155730572278,-73.32155730572278
502.480014090538,-73.32325901617388,-73.32325901617388
502.490014090538,-73.32495555716311,-73.32495555716311
502.500014090538,-73.32664711475334,-73.32664711475334
502.51001409053805,-73.3283338727157,-73.3283338727157
502.52001409053804,-73.33001601260138,-73.33001601260138
502.53001409053803,-73.33169371380436,-73.33169371380436
502.540014090538,-73.33336715361825,-73.33336715361825
502.550014090538,-73.335036507259,-73.335036507259
502.560014090538,-73.33670194792164,-73.33670194792164
502.57001409053805,-73.33836364679946,-73.33836364679946
502.58001409053804,-73.34002177309804,-73.34002177309804
502.59001409053803,-73.34167649407622,-73.34167649407622
502.600014090538,-73.34332797504996,-73.34332797504996
502.610014090538,-73.34497637941202,-73.34497637941202
502.620014090538,-73.34662186862478,-73.34662186862478
502.630014090538,-73.34826460227048,-73.34826460227048
502.64001409053805,-73.3499047380155,-73.3499047380155
502.65001409053804,-73.35154243165888,-73.35154243165888
502.660014090538,-73.35317783709606,-73.35317783709606
502.670014090538,-73.35481110637306,-73.35481110637306
502.680014090538,-73.35644238964824,-73.35644238964824
502.690014090538,-73.35807183522829,-73.35807183522829
502.70001409053805,-73.35969958956248,-73.35969958956248
502.71001409053804,-73.36132579724818,-73.36132579724818
502.72001409053803,-73.36295060103507,-73.36295060103507
502.730014090538,-73.36457414183315,-73.36457414183315
502.740014090538,-73.3661089149591,-73.3661089149591
502.750014090538,-73.36753036117771,-73.36753036117771
502.76001409053805,-73.36883240469778,-73.36883240469778
502.77001409053804,-73.37001402769636,-73.37001402769636
502.78001409053803,-73.37107574900821,-73.37107574900821
502.790014090538,-73.37201864874024,-73.37201864874024
502.800014090538,-73.37284407390804,-73.37284407390804
502.810014090538,-73.37355353762185,-73.37355353762185
502.82001409053805,-73.37414867582658,-73.37414867582658
502.83001409053804,-73.37463122197772,-73.37463122197772
502.84001409053803,-73.37500298770202,-73.37500298770202
502.850014090538,-73.37526584612796,-73.37526584612796
502.860014090538,-73.37542171708635,-73.37542171708635
502.870014090538,-73.37547255391067,-73.37547255391067
502.880014090538,-73.37542033191876,-73.37542033191876
502.89001409053805,-73.37526703837497,-73.37526703837497
502.90001409053804,-73.37501466403586,-73.37501466403586
502.910014090538,-73.37466519598959,-73.37466519598959
502.920014090538,-73.37422061175708,-73.37422061175708
502.930014090538,-73.3736828744739,-73.3736828744739
502.940014090538,-73.37305392900832,-73.37305392900832
502.95001409053805,-73.37233569890554,-73.37233569890554
502.96001409053804,-73.37153008401036,-73.37153008401036
502.97001409053803,-73.37063895867787,-73.37063895867787
502.980014090538,-73.36966417046679,-73.36966417046679
502.990014090538,-73.3686075392439,-73.3686075392439
503.000014090538,-73.3674708566095,-73.3674708566095
503.01001409053805,-73.36625588560717,-73.36625588560717
503.02001409053804,-73.36496436060314,-73.36496436060314
503.03001409053803,-73.36359798740169,-73.36359798740169
503.040014090538,-73.36215844343201,-73.36215844343201
503.050014090538,-73.36064737809275,-73.36064737809275
503.060014090538,-73.35906641311865,-73.35906641311865
503.07001409053805,-73.35741714305344,-73.35741714305344
503.08001409053804,-73.35570113573385,-73.35570113573385
503.09001409053803,-73.35391993277916,-73.35391993277916
503.100014090538,-73.35207505017121,-73.35207505017121
503.110014090538,-73.35016797872956,-73.35016797872956
503.120014090538,-73.34820018468724,-73.34820018468724
503.130014090538,-73.3461731101994,-73.3461731101994
503.14001409053805,-73.34408817386776,-73.34408817386776
503.15001409053804,-73.34194677125102,-73.34194677125102
503.160014090538,-73.33975027532198,-73.33975027532198
503.170014090538,-73.3375000369733,-73.3375000369733
503.180014090538,-73.33519738546991,-73.33519738546991
503.190014090538,-73.33284362886707,-73.33284362886707
503.2000141143799,-73.33044004871289,-73.33044004871289
503.2100141143799,-73.32798153136197,-73.32798153136197
503.22001411437986,-73.32546652241636,-73.32546652241636
503.23001411437986,-73.32289489100508,-73.32289489100508
503.2400141143799,-73.32026715282967,-73.32026715282967
503.2500141143799,-73.31758417587427,-73.31758417587427
503.2600141143799,-73.31484702761146,-73.31484702761146
503.2700141143799,-73.3120568855433,-73.3120568855433
503.28001411437987,-73.30921498354107,-73.30921498354107
503.29001411437986,-73.30632257960036,-73.30632257960036
503.3000141143799,-73.30338093667461,-73.30338093667461
503.3100141143799,-73.30039131124865,-73.30039131124865
503.3200141143799,-73.2973549467935,-73.2973549467935
503.3300141143799,-73.29427307004612,-73.29427307004612
503.34001411437987,-73.2911468891202,-73.2911468891202
503.35001411437986,-73.2879775926356,-73.2879775926356
503.3600141143799,-73.28476634951089,-73.28476634951089
503.3700141143799,-73.2815143091318,-73.2815143091318
503.3800141143799,-73.27822260165715,-73.27822260165715
503.3900141143799,-73.2748923385171,-73.2748923385171
503.40001411437987,-73.27152461288372,-73.27152461288372
503.41001411437986,-73.26812050017284,-73.26812050017284
503.4200141143799,-73.26468105851104,-73.26468105851104
503.4300141143799,-73.26120732921561,-73.26120732921561
503.4400141143799,-73.25770033718975,-73.25770033718975
503.4500141143799,-73.25416109132813,-73.25416109132813
503.4600141143799,-73.25059058486279,-73.25059058486279
503.47001411437986,-73.24698979572128,-73.24698979572128
503.48001411437986,-73.24335968679985,-73.24335968679985
503.4900141143799,-73.23970120628024,-73.23970120628024
503.5000141143799,-73.23601528785399,-73.23601528785399
503.5100141143799,-73.23230285098772,-73.23230285098772
503.5200141143799,-73.22856480115836,-73.22856480115836
503.53001411437987,-73.22480203004379,-73.22480203004379
503.54001411437986,-73.22101541574276,-73.22101541574276
503.5500141143799,-73.21720582297733,-73.21720582297733
503.5600141143799,-73.21337410324652,-73.21337410324652
503.5700141143799,-73.20952109503051,-73.20952109503051
503.5800141143799,-73.20564762394592,-73.20564762394592
503.59001411437987,-73.20175450292234,-73.20175450292234
503.60001411437986,-73.19784253236176,-73.19784253236176
503.6100141143799,-73.19391250027304,-73.19391250027304
503.6200141143799,-73.18996518245366,-73.18996518245366
503.6300141143799,-73.1860013426159,-73.1860013426159
503.6400141143799,-73.18202173255494,-73.18202173255494
503.65001411437987,-73.1780270922749,-73.1780270922749
503.66001411437986,-73.17401815012818,-73.17401815012818
503.6700141143799,-73.16999562297723,-73.16999562297723
503.6800141143799,-73.16596021630573,-73.16596021630573
503.6900141143799,-73.16191262437536,-73.16191262437536
503.7000141143799,-73.15785353036065,-73.15785353036065
503.7100141143799,-73.15378360646363,-73.15378360646363
503.72001411437986,-73.14970351406382,-73.14970351406382
503.73001411437986,-73.14561390385792,-73.14561390385792
503.7400141143799,-73.1415154159581,-73.1415154159581
503.7500141143799,-73.13740868005651,-73.13740868005651
503.7600141143799,-73.13329431552533,-73.13329431552533
503.7700141143799,-73.12917293158264,-73.12917293158264
503.78001411437987,-73.12504512737222,-73.12504512737222
503.79001411437986,-73.12091149211432,-73.12091149211432
503.8000141143799,-73.11677260522983,-73.11677260522983
503.8100141143799,-73.11262903647004,-73.11262903647004
503.8200141143799,-73.10848134603168,-73.10848134603168
503.8300141143799,-73.10433008467865,-73.10433008467865
503.84001411437987,-73.10017579386434,-73.10017579386434
503.85001411437986,-73.09601900585433,-73.09601900585433
503.8600141143799,-73.09186024384681,-73.09186024384681
503.8700141143799,-73.08770002208182,-73.08770002208182
503.8800141143799,-73.08353884597362,-73.08353884597362
503.8900141143799,-73.07937721222574,-73.07937721222574
503.90001411437987,-73.07521560893004,-73.07521560893004
503.91001411437986,-73.07105451570052,-73.07105451570052
503.9200141143799,-73.06689440378256,-73.06689440378256
503.9300141143799,-73.06273573616926,-73.06273573616926
503.9400141143799,-73.05857896769831,-73.05857896769831
503.9500141143799,-73.05442454518261,-73.05442454518261
503.9600141143799,-73.05026654188109,-73.05026654188109
503.97001411437986,-73.04610260681383,-73.04610260681383
503.98001411437986,-73.0419318144473,-73.0419318144473
503.9900141143799,-73.03775389545298,-73.03775389545298
504.0000141143799,-73.03356894311138,-73.03356894311138
504.0100141143799,-73.02937726068309,-73.02937726068309
504.0200141143799,-73.02517927187613,-73.02517927187613
504.03001411437987,-73.02097546705696,-73.02097546705696
504.04001411437986,-73.01676637088336,-73.01676637088336
504.05001413822174,-73.01255251286268,-73.01255251286268
504.06001413822173,-73.00833445595472,-73.00833445595472
504.0700141382217,-73.00411272970983,-73.00411272970983
504.0800141382217,-72.9998878664626,-72.9998878664626
504.09001413822176,-72.9956603893092,-72.9956603893092
504.10001413822175,-72.99143081113816,-72.99143081113816
504.11001413822174,-72.98719963428204,-72.98719963428204
504.12001413822173,-72.98296735058616,-72.98296735058616
504.1300141382217,-72.9787344416157,-72.9787344416157
504.1400141382217,-72.97450137904613,-72.97450137904613
504.15001413822176,-72.97026862501157,-72.97026862501157
504.16001413822175,-72.96603663253762,-72.96603663253762
504.17001413822175,-72.9618058459256,-72.9618058459256
504.18001413822174,-72.95757670108483,-72.95757670108483
504.1900141382217,-72.9533496258926,-72.9533496258926
504.2000141382217,-72.94912504047255,-72.94912504047255
504.21001413822177,-72.9449033574925,-72.9449033574925
504.22001413822176,-72.94068498237138,-72.94068498237138
504.23001413822175,-72.93647031352657,-72.93647031352657
504.24001413822174,-72.93225974255938,-72.93225974255938
504.25001413822173,-72.92805365442851,-72.92805365442851
504.2600141382217,-72.92385242761696,-72.92385242761696
504.27001413822177,-72.91965643425982,-72.91965643425982
504.28001413822176,-72.91546604028825,-72.91546604028825
504.29001413822175,-72.91128160554462,-72.91128160554462
504.30001413822174,-72.90710348390459,-72.90710348390459
504.31001413822173,-72.9029320233462,-72.9029320233462
504.3200141382217,-72.89876756608173,-72.89876756608173
504.3300141382217,-72.89461044862146,-72.89461044862146
504.34001413822176,-72.8904610018728,-72.8904610018728
504.35001413822175,-72.88631955120626,-72.88631955120626
504.36001413822174,-72.88218641653631,-72.88218641653631
504.37001413822173,-72.87806191239356,-72.87806191239356
504.3800141382217,-72.87394634799587,-72.87394634799587
504.3900141382217,-72.86984002730424,-72.86984002730424
504.40001413822176,-72.86574324910087,-72.86574324910087
504.41001413822175,-72.8616563070453,-72.8616563070453
504.42001413822175,-72.85757948973244,-72.85757948973244
504.43001413822174,-72.85351308075838,-72.85351308075838
504.4400141382217,-72.84945735877767,-72.84945735877767
504.4500141382217,-72.84541259754761,-72.84541259754761
504.46001413822177,-72.8413790660149,-72.8413790660149
504.47001413822176,-72.83735702834778,-72.83735702834778
504.48001413822175,-72.83334674398415,-72.83334674398415
504.49001413822174,-72.82934846772397,-72.82934846772397
504.50001413822173,-72.82536244973532,-72.82536244973532
504.5100141382217,-72.8213889356412,-72.8213889356412
504.52001413822177,-72.8174281665594,-72.8174281665594
504.53001413822176,-72.81348037917007,-72.81348037917007
504.54001413822175,-72.80954580574283,-72.80954580574283
504.55001413822174,-72.8056246742035,-72.8056246742035
504.56001413822173,-72.80171720819244,-72.80171720819244
504.5700141382217,-72.79782362709977,-72.79782362709977
504.5800141382217,-72.79394414614194,-72.79394414614194
504.59001413822176,-72.79007897637284,-72.79007897637284
504.60001413822175,-72.7862283247618,-72.7862283247618
504.61001413822174,-72.7823923942453,-72.7823923942453
504.62001413822173,-72.77857138376211,-72.77857138376211
504.6300141382217,-72.77476548831189,-72.77476548831189
504.6400141382217,-72.77097489901074,-72.77097489901074
504.65001413822176,-72.76719980310992,-72.76719980310992
504.66001413822175,-72.76344038409223,-72.76344038409223
504.67001413822175,-72.75969682167609,-72.75969682167609
504.68001413822174,-72.75596929187957,-72.75596929187957
504.6900141382217,-72.75225796708206,-72.75225796708206
504.7000141382217,-72.74856301604812,-72.74856301604812
504.71001413822177,-72.74488460398044,-72.74488460398044
504.72001413822176,-72.74122289258432,-72.74122289258432
504.73001413822175,-72.73757804008976,-72.73757804008976
504.74001413822174,-72.73395020129426,-72.73395020129426
504.75001413822173,-72.73033952764526,-72.73033952764526
504.7600141382217,-72.72674616725511,-72.72674616725511
504.77001413822177,-72.72317026493731,-72.72317026493731
504.78001413822176,-72.71961196227261,-72.71961196227261
504.79001413822175,-72.71607139764323,-72.71607139764323
504.80001413822174,-72.71254870628471,-72.71254870628471
504.81001413822173,-72.70904402030759,-72.70904402030759
504.8200141382217,-72.7055574687709,-72.7055574687709
504.8300141382217,-72.70208917768917,-72.70208917768917
504.84001413822176,-72.69863927011185,-72.69863927011185
504.85001413822175,-72.69520786613593,-72.69520786613593
504.86001413822174,-72.69179508295366,-72.69179508295366
504.87001413822173,-72.6884010349089,-72.6884010349089
504.8800141382217,-72.68502583352033,-72.68502583352033
504.8900141382217,-72.68166958751259,-72.68166958751259
504.9000141620636,-72.67833239493682,-72.67833239493682
504.9100141620636,-72.67501437504997,-72.67501437504997
504.9200141620636,-72.67171562045769,-72.67171562045769
504.93001416206357,-72.66843622915961,-72.66843622915961
504.9400141620636,-72.66517629658674,-72.66517629658674
504.9500141620636,-72.66193591560365,-72.66193591560365
504.9600141620636,-72.6587088453203,-72.6587088453203
504.9700141620636,-72.65549240689487,-72.65549240689487
504.9800141620636,-72.65228534460502,-72.65228534460502
504.9900141620636,-72.64908706068755,-72.64908706068755
505.0000141620636,-72.64589732315184,-72.64589732315184
505.0100141620636,-72.64271611384201,-72.64271611384201
505.0200141620636,-72.63954353927966,-72.63954353927966
505.0300141620636,-72.63637977702892,-72.63637977702892
505.0400141620636,-72.6332250434296,-72.6332250434296
505.0500141620636,-72.63007957422622,-72.63007957422622
505.0600141620636,-72.62694361301544,-72.62694361301544
505.0700141620636,-72.62381740450951,-72.62381740450951
505.0800141620636,-72.62070119065726,-72.62070119065726
505.0900141620636,-72.61759520856837,-72.61759520856837
505.1000141620636,-72.61449968946684,-72.61449968946684
505.1100141620636,-72.61141485834617,-72.61141485834617
505.1200141620636,-72.6083409339266,-72.6083409339266
505.1300141620636,-72.6052781288715,-72.6052781288715
505.1400141620636,-72.60222665006492,-72.60222665006492
505.1500141620636,-72.59918669896832,-72.59918669896832
505.1600141620636,-72.59615847194053,-72.59615847194053
505.1700141620636,-72.5931421606107,-72.5931421606107
505.18001416206357,-72.59013795214176,-72.59013795214176
505.1900141620636,-72.58714602954291,-72.58714602954291
505.2000141620636,-72.58416657189375,-72.58416657189375
505.2100141620636,-72.58119343034676,-72.58119343034676
505.2200141620636,-72.57822401321184,-72.57822401321184
505.2300141620636,-72.57525714945892,-72.57525714945892
505.2400141620636,-72.57229232449326,-72.57229232449326
505.2500141620636,-72.56932938838273,-72.56932938838273
505.2600141620636,-72.56636840417688,-72.56636840417688
505.2700141620636,-72.56340955889752,-72.56340955889752
505.2800141620636,-72.56045311001817,-72.56045311001817
505.2900141620636,-72.55749935326772,-72.55749935326772
505.3000141620636,-72.55454860331801,-72.55454860331801
505.3100141620636,-72.55160118226053,-72.55160118226053
505.3200141620636,-72.54865741290519,-72.54865741290519
505.3300141620636,-72.54571761490207,-72.54571761490207
505.3400141620636,-72.54278210266035,-72.54278210266035
505.3500141620636,-72.53985118434176,-72.53985118434176
505.3600141620636,-72.53692516147454,-72.53692516147454
505.3700141620636,-72.53400432894057,-72.53400432894057
505.3800141620636,-72.53108897515858,-72.53108897515858
505.3900141620636,-72.5281793823668,-72.5281793823668
505.4000141620636,-72.52527582695932,-72.52527582695932
505.4100141620636,-72.52237857982145,-72.52237857982145
505.4200141620636,-72.51948790664208,-72.51948790664208
505.43001416206357,-72.51660406823626,-72.51660406823626
505.4400141620636,-72.51372732076331,-72.51372732076331
505.4500141620636,-72.51085791602065,-72.51085791602065
505.4600141620636,-72.50798978452109,-72.50798978452109
505.4700141620636,-72.50512040978967,-72.50512040978967
505.4800141620636,-72.50224869399298,-72.50224869399298
505.4900141620636,-72.49937419448767,-72.49937419448767
505.5000141620636,-72.49649683235332,-72.49649683235332
505.5100141620636,-72.49361674085536,-72.49361674085536
505.5200141620636,-72.49073417653028,-72.49073417653028
505.5300141620636,-72.48784946574015,-72.48784946574015
505.5400141620636,-72.4849629724664,-72.4849629724664
505.5500141620636,-72.4820750790412,-72.4820750790412
505.5600141620636,-72.47918617463715,-72.47918617463715
505.5700141620636,-72.47629664852793,-72.47629664852793
505.5800141620636,-72.47340688624436,-72.47340688624436
505.5900141620636,-72.47051726748927,-72.47051726748927
505.6000141620636,-72.467628165119,-72.467628165119
505.6100141620636,-72.46473994474017,-72.46473994474017
505.6200141620636,-72.46185296469798,-72.46185296469798
505.6300141620636,-72.45896757627992,-72.45896757627992
505.6400141620636,-72.45608412395237,-72.45608412395237
505.6500141620636,-72.4532029457353,-72.4532029457353
505.6600141620636,-72.45032437350692,-72.45032437350692
505.6700141620636,-72.44744873332567,-72.44744873332567
505.68001416206357,-72.44457634572451,-72.44457634572451
505.6900141620636,-72.44170752596935,-72.44170752596935
505.7000141620636,-72.43884258432247,-72.43884258432247
505.7100141620636,-72.43597551647228,-72.43597551647228
505.7200141620636,-72.43310386695276,-72.43310386695276
505.7300141620636,-72.43022659676863,-72.43022659676863
505.7400141620636,-72.42734332074058,-72.42734332074058
505.75001418590546,-72.4244540094587,-72.4244540094587
505.76001418590545,-72.42155886541657,-72.42155886541657
505.77001418590544,-72.41865819296736,-72.41865819296736
505.78001418590543,-72.41575237238943,-72.41575237238943
505.7900141859055,-72.41284182089849,-72.41284182089849
505.80001418590547,-72.40992697335973,-72.40992697335973
505.81001418590546,-72.4070082708056,-72.4070082708056
505.82001418590545,-72.40408615373538,-72.40408615373538
505.83001418590544,-72.40116105824914,-72.40116105824914
505.84001418590543,-72.39823341398012,-72.39823341398012
505.8500141859055,-72.39530364307896,-72.39530364307896
505.86001418590547,-72.3923721598292,-72.3923721598292
505.87001418590546,-72.3894393706241,-72.3894393706241
505.88001418590545,-72.38650567416786,-72.38650567416786
505.89001418590544,-72.38357146175731,-72.38357146175731
505.90001418590543,-72.38063711759108,-72.38063711759108
505.9100141859055,-72.37770301914159,-72.37770301914159
505.9200141859055,-72.37476953746291,-72.37476953746291
505.93001418590546,-72.37183703747961,-72.37183703747961
505.94001418590545,-72.36890587825685,-72.36890587825685
505.95001418590545,-72.3659764132608,-72.3659764132608
505.96001418590544,-72.36304268844759,-72.36304268844759
505.9700141859055,-72.3601022944813,-72.3601022944813
505.9800141859055,-72.35715423637947,-72.35715423637947
505.99001418590547,-72.35419817166502,-72.35419817166502
506.00001418590546,-72.35123411946631,-72.35123411946631
506.01001418590545,-72.34826230937307,-72.34826230937307
506.02001418590544,-72.34528309267341,-72.34528309267341
506.03001418590543,-72.34229688904999,-72.34229688904999
506.0400141859055,-72.33930415447712,-72.33930415447712
506.05001418590547,-72.33630536198433,-72.33630536198433
506.06001418590546,-72.33330099018252,-72.33330099018252
506.07001418590545,-72.330291516547,-72.330291516547
506.08001418590544,-72.32727741363537,-72.32727741363537
506.09001418590543,-72.32425914695824,-72.32425914695824
506.1000141859055,-72.32123717402317,-72.32123717402317
506.11001418590547,-72.31821194392339,-72.31821194392339
506.12001418590546,-72.31518389735682,-72.31518389735682
506.13001418590545,-72.3121534667951,-72.3121534667951
506.14001418590544,-72.30912107679818,-72.30912107679818
506.15001418590543,-72.30608714434484,-72.30608714434484
506.1600141859055,-72.30305207916899,-72.30305207916899
506.1700141859055,-72.30001628409619,-72.30001628409619
506.18001418590546,-72.29698015534773,-72.29698015534773
506.19001418590545,-72.29394408280805,-72.29394408280805
506.20001418590545,-72.2909084502901,-72.2909084502901
506.21001418590544,-72.28787363571064,-72.28787363571064
506.2200141859055,-72.28484001133992,-72.28484001133992
506.2300141859055,-72.28180794390106,-72.28180794390106
506.24001418590547,-72.2787777947802,-72.2787777947802
506.25001418590546,-72.27574992009741,-72.27574992009741
506.26001418590545,-72.27272467086347,-72.27272467086347
506.27001418590544,-72.26970239304015,-72.26970239304015
506.28001418590543,-72.26668342764444,-72.26668342764444
506.2900141859055,-72.26366811081688,-72.26366811081688
506.30001418590547,-72.26065677388193,-72.26065677388193
506.31001418590546,-72.25764974342968,-72.25764974342968
506.32001418590545,-72.2546473413377,-72.2546473413377
506.33001418590544,-72.25164988485064,-72.25164988485064
506.34001418590543,-72.24865768661772,-72.24865768661772
506.3500141859055,-72.24567105470054,-72.24567105470054
506.36001418590547,-72.24269029267066,-72.24269029267066
506.37001418590546,-72.23971569959626,-72.23971569959626
506.38001418590545,-72.23674757009545,-72.23674757009545
506.39001418590544,-72.23378619438324,-72.23378619438324
506.40001418590543,-72.23083185828565,-72.23083185828565
506.4100141859055,-72.22788484328262,-72.22788484328262
506.4200141859055,-72.22494542653101,-72.22494542653101
506.43001418590546,-72.22201388090141,-72.22201388090141
506.44001418590545,-72.21909047501114,-72.21909047501114
506.45001418590545,-72.21617547324932,-72.21617547324932
506.46001418590544,-72.21326913582168,-72.21326913582168
506.4700141859055,-72.21037171875618,-72.21037171875618
506.4800141859055,-72.20748347395492,-72.20748347395492
506.49001418590547,-72.20460464922672,-72.20460464922672
506.50001418590546,-72.20173548831688,-72.20173548831688
506.51001418590545,-72.19887623092741,-72.19887623092741
506.52001418590544,-72.19602711276144,-72.19602711276144
506.53001418590543,-72.19318836555652,-72.19318836555652
506.5400141859055,-72.19036021711632,-72.19036021711632
506.55001418590547,-72.18754289132687,-72.18754289132687
506.56001418590546,-72.18473660821802,-72.18473660821802
506.57001418590545,-72.18194158399544,-72.18194158399544
506.58001418590544,-72.17915803104822,-72.17915803104822
506.59001418590543,-72.17638615800439,-72.17638615800439
506.6000142097473,-72.17362616320275,-72.17362616320275
506.6100142097473,-72.17087826103813,-72.17087826103813
506.6200142097473,-72.16814264243841,-72.16814264243841
506.6300142097473,-72.1654195013377,-72.1654195013377
506.64001420974733,-72.16270902807751,-72.16270902807751
506.6500142097473,-72.16001140945917,-72.16001140945917
506.6600142097473,-72.15732682875456,-72.15732682875456
506.6700142097473,-72.1546554657691,-72.1546554657691
506.6800142097473,-72.15199749687208,-72.15199749687208
506.6900142097473,-72.14935309501575,-72.14935309501575
506.70001420974734,-72.14672242979003,-72.14672242979003
506.7100142097473,-72.14410566746511,-72.14410566746511
506.7200142097473,-72.14150297101193,-72.14150297101193
506.7300142097473,-72.1389145001421,-72.1389145001421
506.7400142097473,-72.13634041135154,-72.13634041135154
506.7500142097473,-72.13378085795563,-72.13378085795563
506.76001420974734,-72.13123599011841,-72.13123599011841
506.77001420974733,-72.12870595490544,-72.12870595490544
506.7800142097473,-72.12619089630294,-72.12619089630294
506.7900142097473,-72.12369095526799,-72.12369095526799
506.8000142097473,-72.12120626975707,-72.12120626975707
506.8100142097473,-72.11873697476486,-72.11873697476486
506.82001420974734,-72.11628320235596,-72.11628320235596
506.83001420974733,-72.1138450817207,-72.1138450817207
506.8400142097473,-72.11142273918013,-72.11142273918013
506.8500142097473,-72.1090162982462,-72.1090162982462
506.8600142097473,-72.10662587964799,-72.10662587964799
506.8700142097473,-72.10425160136961,-72.10425160136961
506.8800142097473,-72.1018935786897,-72.1018935786897
506.89001420974733,-72.09955192420094,-72.09955192420094
506.9000142097473,-72.09722674786022,-72.09722674786022
506.9100142097473,-72.0949181570243,-72.0949181570243
506.9200142097473,-72.09262625647662,-72.09262625647662
506.9300142097473,-72.09035114845743,-72.09035114845743
506.9400142097473,-72.08809293270434,-72.08809293270434
506.95001420974734,-72.08585170649178,-72.08585170649178
506.9600142097473,-72.08362756465512,-72.08362756465512
506.9700142097473,-72.08142059962407,-72.08142059962407
506.9800142097473,-72.07923090147263,-72.07923090147263
506.9900142097473,-72.07705855791787,-72.07705855791787
507.0000142097473,-72.07490365438169,-72.07490365438169
507.01001420974734,-72.07276627401643,-72.07276627401643
507.02001420974733,-72.07064649772555,-72.07064649772555
507.0300142097473,-72.06854440420764,-72.06854440420764
507.0400142097473,-72.06646006998392,-72.06646006998392
507.0500142097473,-72.0643935694294,-72.0643935694294
507.0600142097473,-72.06234497480216,-72.06234497480216
507.07001420974734,-72.0603143562573,-72.0603143562573
507.08001420974733,-72.05830178191688,-72.05830178191688
507.0900142097473,-72.05630731786819,-72.05630731786819
507.1000142097473,-72.0543310281981,-72.0543310281981
507.1100142097473,-72.05237297502036,-72.05237297502036
507.1200142097473,-72.05043321851488,-72.05043321851488
507.1300142097473,-72.04851181695507,-72.04851181695507
507.14001420974733,-72.04660882672249,-72.04660882672249
507.1500142097473,-72.0447243023506,-72.0447243023506
507.1600142097473,-72.04285829653502,-72.04285829653502
507.1700142097473,-72.04101086018255,-72.04101086018255
507.1800142097473,-72.03918204241151,-72.03918204241151
507.1900142097473,-72.03737189060207,-72.03737189060207
507.20001420974734,-72.03558045041494,-72.03558045041494
507.2100142097473,-72.03380776581471,-72.03380776581471
507.2200142097473,-72.03205387909108,-72.03205387909108
507.2300142097473,-72.03031883089479,-72.03031883089479
507.2400142097473,-72.02860266025155,-72.02860266025155
507.2500142097473,-72.02690540459805,-72.02690540459805
507.26001420974734,-72.02522709979792,-72.02522709979792
507.27001420974733,-72.02356778017177,-72.02356778017177
507.2800142097473,-72.02192747851137,-72.02192747851137
507.2900142097473,-72.02030622611268,-72.02030622611268
507.3000142097473,-72.01870405279958,-72.01870405279958
507.3100142097473,-72.01712098693449,-72.01712098693449
507.32001420974734,-72.01555705546544,-72.01555705546544
507.33001420974733,-72.0140122839119,-72.0140122839119
507.3400142097473,-72.01248669642388,-72.01248669642388
507.3500142097473,-72.01098031577556,-72.01098031577556
507.3600142097473,-72.0094931634121,-72.0094931634121
507.3700142097473,-72.00802525944647,-72.00802525944647
507.3800142097473,-72.00657662269104,-72.00657662269104
507.39001420974733,-72.00514727068537,-72.00514727068537
507.4000142097473,-72.00373721970303,-72.00373721970303
507.4100142097473,-72.00234648477995,-72.00234648477995
507.4200142097473,-72.00097507973251,-72.00097507973251
507.4300142097473,-71.99962301717727,-71.99962301717727
507.4400142097473,-71.99829030854535,-71.99829030854535
507.4500142335892,-71.99697696098718,-71.99697696098718
507.46001423358916,-71.99568298995695,-71.99568298995695
507.47001423358915,-71.99440840023806,-71.99440840023806
507.48001423358915,-71.99315319873925,-71.99315319873925
507.4900142335892,-71.99191739127828,-71.99191739127828
507.5000142335892,-71.9907009825956,-71.9907009825956
507.5100142335892,-71.98950397637358,-71.98950397637358
507.52001423358917,-71.98832637526486,-71.98832637526486
507.53001423358916,-71.98716818089284,-71.98716818089284
507.54001423358915,-71.9860293938931,-71.9860293938931
507.5500142335892,-71.9849100139066,-71.9849100139066
507.5600142335892,-71.98381003960178,-71.98381003960178
507.5700142335892,-71.98272946869679,-71.98272946869679
507.58001423358917,-71.98166829798177,-71.98166829798177
507.59001423358916,-71.98062652330069,-71.98062652330069
507.60001423358915,-71.97960413961258,-71.97960413961258
507.6100142335892,-71.9786011409816,-71.9786011409816
507.6200142335892,-71.97761752059198,-71.97761752059198
507.6300142335892,-71.97665327076912,-71.97665327076912
507.64001423358917,-71.97570838298375,-71.97570838298375
507.65001423358916,-71.97478284787415,-71.97478284787415
507.66001423358915,-71.97387665527319,-71.97387665527319
507.6700142335892,-71.97298979419685,-71.97298979419685
507.6800142335892,-71.97212225287691,-71.97212225287691
507.6900142335892,-71.97127401875505,-71.97127401875505
507.7000142335892,-71.97044507852232,-71.97044507852232
507.71001423358916,-71.96963541811716,-71.96963541811716
507.72001423358915,-71.96884502272843,-71.96884502272843
507.73001423358915,-71.96807387683965,-71.96807387683965
507.7400142335892,-71.9673219641974,-71.9673219641974
507.7500142335892,-71.96658926786336,-71.96658926786336
507.7600142335892,-71.96587577021408,-71.96587577021408
507.77001423358917,-71.96518145293865,-71.96518145293865
507.78001423358916,-71.96450629706753,-71.96450629706753
507.79001423358915,-71.96385028297563,-71.96385028297563
507.8000142335892,-71.96321339039544,-71.96321339039544
507.8100142335892,-71.96259559843864,-71.96259559843864
507.8200142335892,-71.96199688559432,-71.96199688559432
507.83001423358917,-71.96141722973366,-71.96141722973366
507.84001423358916,-71.96085660814842,-71.96085660814842
507.85001423358915,-71.96031499752995,-71.96031499752995
507.8600142335892,-71.95979237400272,-71.95979237400272
507.8700142335892,-71.95928871311513,-71.95928871311513
507.8800142335892,-71.95880398987316,-71.95880398987316
507.89001423358917,-71.95833817873928,-71.95833817873928
507.90001423358916,-71.95789125362785,-71.95789125362785
507.91001423358915,-71.95746318793746,-71.95746318793746
507.9200142335892,-71.95705395455023,-71.95705395455023
507.9300142335892,-71.95666352584513,-71.95666352584513
507.9400142335892,-71.95629187368598,-71.95629187368598
507.9500142335892,-71.95593896947364,-71.95593896947364
507.96001423358916,-71.95560478412462,-71.95560478412462
507.97001423358915,-71.95528928807335,-71.95528928807335
507.98001423358915,-71.95499245131504,-71.95499245131504
507.9900142335892,-71.95471424336924,-71.95471424336924
508.0000142335892,-71.95445463332366,-71.95445463332366
508.0100142335892,-71.9542135898413,-71.9542135898413
508.02001423358917,-71.95399108114098,-71.95399108114098
508.03001423358916,-71.95378707503743,-71.95378707503743
508.04001423358915,-71.95360153892132,-71.95360153892132
508.0500142335892,-71.95343443979891,-71.95343443979891
508.0600142335892,-71.95328574426391,-71.95328574426391
508.0700142335892,-71.95315541853145,-71.95315541853145
508.08001423358917,-71.95304342843508,-71.95304342843508
508.09001423358916,-71.9529497394427,-71.9529497394427
508.10001423358915,-71.95287431665118,-71.95287431665118
508.1100142335892,-71.95281712480977,-71.95281712480977
508.1200142335892,-71.95277812831023,-71.95277812831023
508.1300142335892,-71.95275729120067,-71.95275729120067
508.14001423358917,-71.95275457719801,-71.95275457719801
508.15001423358916,-71.95276994968228,-71.95276994968228
508.16001423358915,-71.95280337172736,-71.95280337172736
508.1700142335892,-71.95285480607059,-71.95285480607059
508.1800142335892,-71.95292421515978,-71.95292421515978
508.1900142335892,-71.9530115611204,-71.9530115611204
508.2000142335892,-71.95311680580193,-71.95311680580193
508.21001423358916,-71.9532399107596,-71.9532399107596
508.22001423358915,-71.95338083725638,-71.95338083725638
508.23001423358915,-71.9535395462757,-71.9535395462757
508.2400142335892,-71.95371599853785,-71.95371599853785
508.2500142335892,-71.95391015450062,-71.95391015450062
508.2600142335892,-71.95412197434248,-71.95412197434248
508.27001423358917,-71.9543514180192,-71.9543514180192
508.28001423358916,-71.95459844520835,-71.95459844520835
508.29001423358915,-71.95486301536349,-71.95486301536349
508.30001425743103,-71.95514508836261,-71.95514508836261
508.310014257431,-71.9554446219006,-71.9554446219006
508.320014257431,-71.95576157533054,-71.95576157533054
508.330014257431,-71.95609590718193,-71.95609590718193
508.34001425743105,-71.95644757577027,-71.95644757577027
508.35001425743104,-71.95681653919641,-71.95681653919641
508.36001425743103,-71.95720275535865,-71.95720275535865
508.370014257431,-71.95760618195447,-71.95760618195447
508.380014257431,-71.95802677647674,-71.95802677647674
508.390014257431,-71.95846449623521,-71.95846449623521
508.40001425743105,-71.95891929833878,-71.95891929833878
508.41001425743104,-71.95939113973452,-71.95939113973452
508.42001425743103,-71.9598799771831,-71.9598799771831
508.430014257431,-71.96038576725907,-71.96038576725907
508.440014257431,-71.96090846639233,-71.96090846639233
508.450014257431,-71.96144803082784,-71.96144803082784
508.46001425743106,-71.96199814555659,-71.96199814555659
508.47001425743105,-71.96255602442922,-71.96255602442922
508.48001425743104,-71.96312029204736,-71.96312029204736
508.490014257431,-71.9636902261742,-71.9636902261742
508.500014257431,-71.96426546849298,-71.96426546849298
508.510014257431,-71.96484587428897,-71.96484587428897
508.52001425743106,-71.9654314242411,-71.9654314242411
508.53001425743105,-71.96602217140223,-71.96602217140223
508.54001425743104,-71.9666182092914,-71.9666182092914
508.55001425743103,-71.96721965275984,-71.96721965275984
508.560014257431,-71.96782662655627,-71.96782662655627
508.570014257431,-71.96843925864306,-71.96843925864306
508.580014257431,-71.96905767638026,-71.96905767638026
508.59001425743105,-71.96968200441233,-71.96968200441233
508.60001425743104,-71.97031236364273,-71.97031236364273
508.61001425743103,-71.97094887084937,-71.97094887084937
508.620014257431,-71.97159163861973,-71.97159163861973
508.630014257431,-71.97224077553008,-71.97224077553008
508.640014257431,-71.97289638640059,-71.97289638640059
508.65001425743105,-71.9735585725929,-71.9735585725929
508.66001425743104,-71.97422743235292,-71.97422743235292
508.67001425743103,-71.97490306108341,-71.97490306108341
508.680014257431,-71.97558555161277,-71.97558555161277
508.690014257431,-71.9762749944704,-71.9762749944704
508.700014257431,-71.97697147807239,-71.97697147807239
508.71001425743106,-71.97767508893645,-71.97767508893645
508.72001425743105,-71.97838591182146,-71.97838591182146
508.73001425743104,-71.97910402987684,-71.97910402987684
508.740014257431,-71.97982952476833,-71.97982952476833
508.750014257431,-71.98056247674394,-71.98056247674394
508.760014257431,-71.98130296476,-71.98130296476
508.77001425743106,-71.98205106651851,-71.98205106651851
508.78001425743105,-71.9828068585266,-71.9828068585266
508.79001425743104,-71.98357041614989,-71.98357041614989
508.80001425743103,-71.98434181364038,-71.98434181364038
508.810014257431,-71.98512112418598,-71.98512112418598
508.820014257431,-71.985908419913,-71.985908419913
508.830014257431,-71.9867037719256,-71.9867037719256
508.84001425743105,-71.987507250284,-71.987507250284
508.85001425743104,-71.988318924062,-71.988318924062
508.86001425743103,-71.9891388613156,-71.9891388613156
508.870014257431,-71.98996712911362,-71.98996712911362
508.880014257431,-71.99080379353305,-71.99080379353305
508.890014257431,-71.99164891965961,-71.99164891965961
508.90001425743105,-71.9925025715805,-71.9925025715805
508.91001425743104,-71.9933648124123,-71.9933648124123
508.92001425743103,-71.99423570426201,-71.99423570426201
508.930014257431,-71.99511530825606,-71.99511530825606
508.940014257431,-71.99600368452722,-71.99600368452722
508.950014257431,-71.99690089221139,-71.99690089221139
508.96001425743106,-71.99780698944201,-71.99780698944201
508.97001425743105,-71.99872203335904,-71.99872203335904
508.98001425743104,-71.9996460801006,-71.9996460801006
508.990014257431,-72.00057918480209,-72.00057918480209
509.000014257431,-72.00152140159382,-72.00152140159382
509.010014257431,-72.00247278359966,-72.00247278359966
509.02001425743106,-72.00343338294975,-72.00343338294975
509.03001425743105,-72.00440325075562,-72.00440325075562
509.04001425743104,-72.00538243711054,-72.00538243711054
509.05001425743103,-72.00637099111812,-72.00637099111812
509.060014257431,-72.0073689608786,-72.0073689608786
509.070014257431,-72.00837639347235,-72.00837639347235
509.080014257431,-72.00939333498171,-72.00939333498171
509.09001425743105,-72.0104198304903,-72.0104198304903
509.10001425743104,-72.01145592407303,-72.01145592407303
509.11001425743103,-72.01250165881355,-72.01250165881355
509.120014257431,-72.01355707679907,-72.01355707679907
509.130014257431,-72.01462221911878,-72.01462221911878
509.140014257431,-72.0156971258719,-72.0156971258719
509.1500142812729,-72.01678183876841,-72.01678183876841
509.1600142812729,-72.01787639081786,-72.01787639081786
509.17001428127287,-72.01898082171074,-72.01898082171074
509.18001428127286,-72.02009516764399,-72.02009516764399
509.1900142812729,-72.02121946384315,-72.02121946384315
509.2000142812729,-72.02235374457169,-72.02235374457169
509.2100142812729,-72.02349176556632,-72.02349176556632
509.2200142812729,-72.02463081309816,-72.02463081309816
509.2300142812729,-72.02576958437966,-72.02576958437966
509.24001428127286,-72.02690742942137,-72.02690742942137
509.2500142812729,-72.0280440616016,-72.0280440616016
509.2600142812729,-72.02917940730644,-72.02917940730644
509.2700142812729,-72.03031351767459,-72.03031351767459
509.2800142812729,-72.0314465156079,-72.0314465156079
509.2900142812729,-72.03257856385376,-72.03257856385376
509.30001428127287,-72.03370984586313,-72.03370984586313
509.3100142812729,-72.03484055438068,-72.03484055438068
509.3200142812729,-72.0359708847545,-72.0359708847545
509.3300142812729,-72.03710103109869,-72.03710103109869
509.3400142812729,-72.03823118419828,-72.03823118419828
509.3500142812729,-72.0393615304922,-72.0393615304922
509.36001428127287,-72.04049225163575,-72.04049225163575
509.3700142812729,-72.0416235244885,-72.0416235244885
509.3800142812729,-72.04275552126734,-72.04275552126734
509.3900142812729,-72.04388840978304,-72.04388840978304
509.4000142812729,-72.0450223537844,-72.0450223537844
509.4100142812729,-72.04615751323978,-72.04615751323978
509.42001428127287,-72.04729404463671,-72.04729404463671
509.43001428127286,-72.04843210127434,-72.04843210127434
509.4400142812729,-72.04957183349,-72.04957183349
509.4500142812729,-72.05071338889096,-72.05071338889096
509.4600142812729,-72.05185063269809,-72.05185063269809
509.4700142812729,-72.05298096053279,-72.05298096053279
509.4800142812729,-72.05410317816096,-72.05410317816096
509.49001428127286,-72.05521674320804,-72.05521674320804
509.5000142812729,-72.056321475704,-72.056321475704
509.5100142812729,-72.05741740775717,-72.05741740775717
509.5200142812729,-72.05850469536405,-72.05850469536405
509.5300142812729,-72.059583565449,-72.059583565449
509.5400142812729,-72.06065428397315,-72.06065428397315
509.55001428127287,-72.06171713683773,-72.06171713683773
509.5600142812729,-72.06277241849162,-72.06277241849162
509.5700142812729,-72.0638204252583,-72.0638204252583
509.5800142812729,-72.06486145150264,-72.06486145150264
509.5900142812729,-72.06589578756433,-72.06589578756433
509.6000142812729,-72.06692371871736,-72.06692371871736
509.61001428127287,-72.06794552476705,-72.06794552476705
509.6200142812729,-72.06896147999866,-72.06896147999866
509.6300142812729,-72.06997185335392,-72.06997185335392
509.6400142812729,-72.07097690865861,-72.07097690865861
509.6500142812729,-72.07197690496065,-72.07197690496065
509.6600142812729,-72.07297209679871,-72.07297209679871
509.67001428127287,-72.07396273450904,-72.07396273450904
509.68001428127286,-72.07494906449391,-72.07494906449391
509.6900142812729,-72.07593132945419,-72.07593132945419
509.7000142812729,-72.07690976861647,-72.07690976861647
509.7100142812729,-72.07788461789201,-72.07788461789201
509.7200142812729,-72.0788561100449,-72.0788561100449
509.7300142812729,-72.07982447482837,-72.07982447482837
509.74001428127286,-72.08078993909088,-72.08078993909088
509.7500142812729,-72.08175272687124,-72.08175272687124
509.7600142812729,-72.08271305948614,-72.08271305948614
509.7700142812729,-72.08367115557705,-72.08367115557705
509.7800142812729,-72.08462723118897,-72.08462723118897
509.7900142812729,-72.08558149980128,-72.08558149980128
509.80001428127287,-72.08653417235602,-72.08653417235602
509.8100142812729,-72.08748545730694,-72.08748545730694
509.8200142812729,-72.0884355606337,-72.0884355606337
509.8300142812729,-72.0893846858646,-72.0893846858646
509.8400142812729,-72.09033303408428,-72.09033303408428
509.8500142812729,-72.09128080396407,-72.09128080396407
509.86001428127287,-72.09222819176233,-72.09222819176233
509.8700142812729,-72.09317539131945,-72.09317539131945
509.8800142812729,-72.0941225941172,-72.0941225941172
509.8900142812729,-72.09506998920577,-72.09506998920577
509.9000142812729,-72.0960177632848,-72.0960177632848
509.9100142812729,-72.09696610065456,-72.09696610065456
509.92001428127287,-72.09791518327033,-72.09791518327033
509.93001428127286,-72.0988651906945,-72.0988651906945
509.9400142812729,-72.09981630013772,-72.09981630013772
509.9500142812729,-72.10076868646479,-72.10076868646479
509.9600142812729,-72.10172252216721,-72.10172252216721
509.9700142812729,-72.10267797741386,-72.10267797741386
509.9800142812729,-72.1036352200176,-72.1036352200176
509.99001428127286,-72.10459441547553,-72.10459441547553
510.00001430511475,-72.1055557292296,-72.1055557292296
510.01001430511474,-72.10651931756806,-72.10651931756806
510.0200143051147,-72.10748534129435,-72.10748534129435
510.0300143051147,-72.10845395664074,-72.10845395664074
510.04001430511477,-72.1094253175589,-72.1094253175589
510.05001430511476,-72.1103995757105,-72.1103995757105
510.06001430511475,-72.11137688049209,-72.11137688049209
510.07001430511474,-72.11235737903688,-72.11235737903688
510.08001430511473,-72.11334121622382,-72.11334121622382
510.0900143051147,-72.11432853470484,-72.11432853470484
510.10001430511477,-72.11531947490617,-72.11531947490617
510.11001430511476,-72.11631417504833,-72.11631417504833
510.12001430511475,-72.1173127711396,-72.1173127711396
510.13001430511474,-72.11831539702067,-72.11831539702067
510.14001430511473,-72.1193221843697,-72.1193221843697
510.1500143051147,-72.12033326268529,-72.12033326268529
510.16001430511477,-72.12134875935355,-72.12134875935355
510.17001430511476,-72.12236879962994,-72.12236879962994
510.18001430511475,-72.1233935066629,-72.1233935066629
510.19001430511474,-72.12442300150572,-72.12442300150572
510.20001430511473,-72.12545740315024,-72.12545740315024
510.2100143051147,-72.1264968285241,-72.1264968285241
510.2200143051148,-72.12754139251903,-72.12754139251903
510.23001430511476,-72.12859120800627,-72.12859120800627
510.24001430511476,-72.12964638584388,-72.12964638584388
510.25001430511475,-72.13070703492302,-72.13070703492302
510.26001430511474,-72.13177326215725,-72.13177326215725
510.2700143051147,-72.1328451725066,-72.1328451725066
510.2800143051147,-72.13392286900626,-72.13392286900626
510.29001430511477,-72.13500645278064,-72.13500645278064
510.30001430511476,-72.13609602306028,-72.13609602306028
510.31001430511475,-72.1371916772029,-72.1371916772029
510.32001430511474,-72.13829351071342,-72.13829351071342
510.33001430511473,-72.13940161725705,-72.13940161725705
510.3400143051147,-72.14051608868934,-72.14051608868934
510.35001430511477,-72.14163701505854,-72.14163701505854
510.36001430511476,-72.14276448464533,-72.14276448464533
510.37001430511475,-72.14389858396875,-72.14389858396875
510.38001430511474,-72.14503939781272,-72.14503939781272
510.39001430511473,-72.14618700923947,-72.14618700923947
510.4000143051147,-72.14734149961164,-72.14734149961164
510.41001430511477,-72.14850294860611,-72.14850294860611
510.42001430511476,-72.14967143424731,-72.14967143424731
510.43001430511475,-72.15084703291302,-72.15084703291302
510.44001430511474,-72.15202981936937,-72.15202981936937
510.45001430511473,-72.15321986676351,-72.15321986676351
510.4600143051147,-72.1544172466699,-72.1544172466699
510.4700143051148,-72.15562202909636,-72.15562202909636
510.48001430511476,-72.15683428251158,-72.15683428251158
510.49001430511476,-72.15805407384457,-72.15805407384457
510.50001430511475,-72.15928146853352,-72.15928146853352
510.51001430511474,-72.1605165305188,-72.1605165305188
510.5200143051147,-72.1617593222677,-72.1617593222677
510.5300143051147,-72.16300990480755,-72.16300990480755
510.54001430511477,-72.16426833772802,-72.16426833772802
510.55001430511476,-72.16553467920964,-72.16553467920964
510.56001430511475,-72.16680898602587,-72.16680898602587
510.57001430511474,-72.16809131358572,-72.16809131358572
510.58001430511473,-72.16938171593182,-72.16938171593182
510.5900143051147,-72.17068024577772,-72.17068024577772
510.60001430511477,-72.17198695449623,-72.17198695449623
510.61001430511476,-72.17330189216456,-72.17330189216456
510.62001430511475,-72.1746251075823,-72.1746251075823
510.63001430511474,-72.17595664825468,-72.17595664825468
510.64001430511473,-72.1772965604593,-72.1772965604593
510.6500143051147,-72.17864488921934,-72.17864488921934
510.66001430511477,-72.18000167834875,-72.18000167834875
510.67001430511476,-72.18136697046023,-72.18136697046023
510.68001430511475,-72.18274080697361,-72.18274080697361
510.69001430511474,-72.18412322814622,-72.18412322814622
510.70001430511473,-72.18551427307985,-72.18551427307985
510.7100143051147,-72.18691397974345,-72.18691397974345
510.7200143051148,-72.18832238498993,-72.18832238498993
510.73001430511476,-72.18973952455642,-72.18973952455642
510.74001430511476,-72.19116543309389,-72.19116543309389
510.75001430511475,-72.19260014419157,-72.19260014419157
510.76001430511474,-72.19404369037181,-72.19404369037181
510.7700143051147,-72.19549610311756,-72.19549610311756
510.7800143051147,-72.1969574128852,-72.1969574128852
510.79001430511477,-72.19842764912231,-72.19842764912231
510.80001430511476,-72.19990684027384,-72.19990684027384
510.81001430511475,-72.20139501380227,-72.20139501380227
510.82001430511474,-72.20289219619829,-72.20289219619829
510.83001430511473,-72.20439841301771,-72.20439841301771
510.8400143051147,-72.20591368885448,-72.20591368885448
510.8500143289566,-72.20743805101841,-72.20743805101841
510.8600143289566,-72.20897151505201,-72.20897151505201
510.8700143289566,-72.21051410640422,-72.21051410640422
510.8800143289566,-72.21206584605947,-72.21206584605947
510.8900143289566,-72.21362675413693,-72.21362675413693
510.9000143289566,-72.21519684989491,-72.21519684989491
510.9100143289566,-72.21677615172598,-72.21677615172598
510.9200143289566,-72.21836467721693,-72.21836467721693
510.9300143289566,-72.2199624431097,-72.2199624431097
510.9400143289566,-72.22156946536369,-72.22156946536369
510.9500143289566,-72.22318575912317,-72.22318575912317
510.9600143289566,-72.22481133876703,-72.22481133876703
510.9700143289566,-72.22644621788369,-72.22644621788369
510.9800143289566,-72.22809040932319,-72.22809040932319
510.9900143289566,-72.22974392517376,-72.22974392517376
511.0000143289566,-72.2314067768038,-72.2314067768038
511.01001432895663,-72.23307897483791,-72.23307897483791
511.0200143289566,-72.23476052920346,-72.23476052920346
511.0300143289566,-72.23645144912106,-72.23645144912106
511.0400143289566,-72.23815174312456,-72.23815174312456
511.0500143289566,-72.23986141905972,-72.23986141905972
511.0600143289566,-72.24158048411537,-72.24158048411537
511.07001432895663,-72.24330894481305,-72.24330894481305
511.0800143289566,-72.24504680703018,-72.24504680703018
511.0900143289566,-72.24679407600885,-72.24679407600885
511.1000143289566,-72.2485507563633,-72.2485507563633
511.1100143289566,-72.25031685208747,-72.25031685208747
511.1200143289566,-72.25209236657427,-72.25209236657427
511.1300143289566,-72.25387730260853,-72.25387730260853
511.1400143289566,-72.25567166240023,-72.25567166240023
511.1500143289566,-72.25747544757434,-72.25747544757434
511.1600143289566,-72.25928865918566,-72.25928865918566
511.1700143289566,-72.26111129773591,-72.26111129773591
511.1800143289566,-72.26294336317154,-72.26294336317154
511.1900143289566,-72.26478485489832,-72.26478485489832
511.2000143289566,-72.26663577178934,-72.26663577178934
511.2100143289566,-72.26849611220148,-72.26849611220148
511.2200143289566,-72.27036587395659,-72.27036587395659
511.2300143289566,-72.27224505438946,-72.27224505438946
511.2400143289566,-72.27413365033479,-72.27413365033479
511.2500143289566,-72.27603165812708,-72.27603165812708
511.26001432895663,-72.27793907362488,-72.27793907362488
511.2700143289566,-72.27985589221629,-72.27985589221629
511.2800143289566,-72.2817821088237,-72.2817821088237
511.2900143289566,-72.28371771789836,-72.28371771789836
511.3000143289566,-72.2856627134635,-72.2856627134635
511.3100143289566,-72.28761708908024,-72.28761708908024
511.32001432895663,-72.2895808378855,-72.2895808378855
511.3300143289566,-72.29155395257968,-72.29155395257968
511.3400143289566,-72.29353642546052,-72.29353642546052
511.3500143289566,-72.29552824840141,-72.29552824840141
511.3600143289566,-72.29752941285642,-72.29752941285642
511.3700143289566,-72.29953990990026,-72.29953990990026
511.3800143289566,-72.30155973020524,-72.30155973020524
511.3900143289566,-72.30358886406746,-72.30358886406746
511.4000143289566,-72.30562730140083,-72.30562730140083
511.4100143289566,-72.30767503173696,-72.30767503173696
511.4200143289566,-72.30973204426103,-72.30973204426103
511.4300143289566,-72.31179832777485,-72.31179832777485
511.4400143289566,-72.31387387074672,-72.31387387074672
511.4500143289566,-72.31595866129815,-72.31595866129815
511.4600143289566,-72.3180526871979,-72.3180526871979
511.4700143289566,-72.32015593588957,-72.32015593588957
511.4800143289566,-72.32226839448379,-72.32226839448379
511.4900143289566,-72.32439004976966,-72.32439004976966
511.5000143289566,-72.32652088822137,-72.32652088822137
511.51001432895663,-72.32866089600512,-72.32866089600512
511.5200143289566,-72.33081005897863,-72.33081005897863
511.5300143289566,-72.33296836268694,-72.33296836268694
511.5400143289566,-72.33513579240199,-72.33513579240199
511.5500143289566,-72.3373123331017,-72.3373123331017
511.5600143289566,-72.33949796947384,-72.33949796947384
511.57001432895663,-72.34169268591856,-72.34169268591856
511.5800143289566,-72.34389646659163,-72.34389646659163
511.5900143289566,-72.34610929535877,-72.34610929535877
511.6000143289566,-72.34833115581995,-72.34833115581995
511.6100143289566,-72.35056203132599,-72.35056203132599
511.6200143289566,-72.35280190497105,-72.35280190497105
511.6300143289566,-72.35505075961375,-72.35505075961375
511.6400143289566,-72.35730857784449,-72.35730857784449
511.6500143289566,-72.35957534203236,-72.35957534203236
511.6600143289566,-72.36185103430913,-72.36185103430913
511.6700143289566,-72.36413563656865,-72.36413563656865
511.6800143289566,-72.36642913048438,-72.36642913048438
511.6900143289566,-72.36873149751511,-72.36873149751511
511.70001435279846,-72.37104272439468,-72.37104272439468
511.71001435279845,-72.37336278118566,-72.37336278118566
511.72001435279844,-72.37569165414571,-72.37569165414571
511.73001435279843,-72.37802932389916,-72.37802932389916
511.7400143527985,-72.3803757708537,-72.3803757708537
511.7500143527985,-72.38273097522364,-72.38273097522364
511.76001435279846,-72.38509491703715,-72.38509491703715
511.77001435279846,-72.38746757612135,-72.38746757612135
511.78001435279845,-72.3898489321307,-72.3898489321307
511.79001435279844,-72.39223896453282,-72.39223896453282
511.8000143527985,-72.39463765261664,-72.39463765261664
511.8100143527985,-72.39704497550169,-72.39704497550169
511.82001435279847,-72.39946091214358,-72.39946091214358
511.83001435279846,-72.401885441314,-72.401885441314
511.84001435279845,-72.40431854163772,-72.40431854163772
511.85001435279844,-72.40676019157817,-72.40676019157817
511.8600143527985,-72.4092103694423,-72.4092103694423
511.8700143527985,-72.41166905337377,-72.41166905337377
511.88001435279847,-72.41413622138398,-72.41413622138398
511.89001435279846,-72.41661185132735,-72.41661185132735
511.90001435279845,-72.41909592093205,-72.41909592093205
511.91001435279844,-72.42158840776449,-72.42158840776449
511.9200143527985,-72.42408928926895,-72.42408928926895
511.9300143527985,-72.42659854275617,-72.42659854275617
511.94001435279847,-72.4291161453976,-72.4291161453976
511.95001435279846,-72.43164207425403,-72.43164207425403
511.96001435279845,-72.43417630624167,-72.43417630624167
511.97001435279844,-72.43671881818041,-72.43671881818041
511.98001435279843,-72.43926958674875,-72.43926958674875
511.9900143527985,-72.44182858852245,-72.44182858852245
512.0000143527984,-72.44439579995516,-72.44439579995516
512.0100143527984,-72.44697119740269,-72.44697119740269
512.0200143527985,-72.44955475710935,-72.44955475710935
512.0300143527985,-72.45214645521334,-72.45214645521334
512.0400143527985,-72.45474626775633,-72.45474626775633
512.0500143527985,-72.45735417066052,-72.45735417066052
512.0600143527985,-72.4599701397796,-72.4599701397796
512.0700143527985,-72.46259415085655,-72.46259415085655
512.0800143527985,-72.46522617955078,-72.46522617955078
512.0900143527984,-72.46786620141587,-72.46786620141587
512.1000143527984,-72.47051419193393,-72.47051419193393
512.1100143527984,-72.47317012650419,-72.47317012650419
512.1200143527984,-72.47583398044424,-72.47583398044424
512.1300143527984,-72.47850572897619,-72.47850572897619
512.1400143527985,-72.4811853472518,-72.4811853472518
512.1500143527985,-72.48387281036435,-72.48387281036435
512.1600143527985,-72.48656809331257,-72.48656809331257
512.1700143527985,-72.48927117102174,-72.48927117102174
512.1800143527985,-72.49198201836695,-72.49198201836695
512.1900143527985,-72.49470061014604,-72.49470061014604
512.2000143527985,-72.49742692109245,-72.49742692109245
512.2100143527985,-72.5001546024035,-72.5001546024035
512.2200143527984,-72.50288085877423,-72.50288085877423
512.2300143527984,-72.50560431557216,-72.50560431557216
512.2400143527984,-72.50832425591554,-72.50832425591554
512.2500143527984,-72.51104032941521,-72.51104032941521
512.2600143527984,-72.51375240094197,-72.51375240094197
512.2700143527985,-72.5164604619629,-72.5164604619629
512.2800143527985,-72.51916457723497,-72.51916457723497
512.2900143527985,-72.52186485274426,-72.52186485274426
512.3000143527985,-72.52456141648591,-72.52456141648591
512.3100143527985,-72.52725440699938,-72.52725440699938
512.3200143527985,-72.52994396661688,-72.52994396661688
512.3300143527985,-72.53263023759347,-72.53263023759347
512.3400143527984,-72.53531336000557,-72.53531336000557
512.3500143527984,-72.53799347065616,-72.53799347065616
512.3600143527984,-72.54067070268206,-72.54067070268206
512.3700143527984,-72.54334518545133,-72.54334518545133
512.3800143527984,-72.54601704473455,-72.54601704473455
512.3900143527985,-72.5486864029213,-72.5486864029213
512.4000143527985,-72.55135337931769,-72.55135337931769
512.4100143527985,-72.55401809041653,-72.55401809041653
512.4200143527985,-72.55668065020204,-72.55668065020204
512.4300143527985,-72.55934117039905,-72.55934117039905
512.4400143527985,-72.56199976068862,-72.56199976068862
512.4500143527985,-72.56465652892577,-72.56465652892577
512.4600143527985,-72.5673115812972,-72.5673115812972
512.4700143527984,-72.56996502248771,-72.56996502248771
512.4800143527984,-72.57261695578478,-72.57261695578478
512.4900143527984,-72.57526748319584,-72.57526748319584
512.5000143527984,-72.57791670553716,-72.57791670553716
512.5100143527984,-72.58056472249056,-72.58056472249056
512.5200143527985,-72.58321163267509,-72.58321163267509
512.5300143527985,-72.58585753368813,-72.58585753368813
512.5400143527985,-72.58850252214567,-72.58850252214567
512.5500143766403,-72.59114669999663,-72.59114669999663
512.5600143766403,-72.59379014938108,-72.59379014938108
512.5700143766403,-72.596432970389,-72.596432970389
512.5800143766403,-72.59907525591845,-72.59907525591845
512.5900143766403,-72.6017170979721,-72.6017170979721
512.6000143766403,-72.60435858765585,-72.60435858765585
512.6100143766403,-72.60699981518184,-72.60699981518184
512.6200143766404,-72.60964086986293,-72.60964086986293
512.6300143766404,-72.61228184014355,-72.61228184014355
512.6400143766404,-72.6149228135336,-72.6149228135336
512.6500143766403,-72.61756387665325,-72.61756387665325
512.6600143766403,-72.62020511523042,-72.62020511523042
512.6700143766403,-72.62284661405658,-72.62284661405658
512.6800143766403,-72.62548845701842,-72.62548845701842
512.6900143766403,-72.62813072707117,-72.62813072707117
512.7000143766403,-72.6307735062393,-72.6307735062393
512.7100143766403,-72.63341687561388,-72.63341687561388
512.7200143766403,-72.6360609153421,-72.6360609153421
512.7300143766403,-72.63870570461461,-72.63870570461461
512.7400143766404,-72.64135132167003,-72.64135132167003
512.7500143766404,-72.64399784380295,-72.64399784380295
512.7600143766404,-72.64664534732286,-72.64664534732286
512.7700143766403,-72.64929390758104,-72.64929390758104
512.7800143766403,-72.65194359895749,-72.65194359895749
512.7900143766403,-72.6545944948548,-72.6545944948548
512.8000143766403,-72.6572466677014,-72.6572466677014
512.8100143766403,-72.65990018894846,-72.65990018894846
512.8200143766403,-72.66255512906174,-72.66255512906174
512.8300143766403,-72.66521155752199,-72.66521155752199
512.8400143766403,-72.66786954281929,-72.66786954281929
512.8500143766403,-72.67052915247014,-72.67052915247014
512.8600143766403,-72.67319045300316,-72.67319045300316
512.8700143766404,-72.67585350996751,-72.67585350996751
512.8800143766404,-72.67851838792586,-72.67851838792586
512.8900143766404,-72.6811851504515,-72.6811851504515
512.9000143766403,-72.68385386015306,-72.68385386015306
512.9100143766403,-72.68652457864188,-72.68652457864188
512.9200143766403,-72.6891973665698,-72.6891973665698
512.9300143766403,-72.6918722836102,-72.6918722836102
512.9400143766403,-72.69454938845578,-72.69454938845578
512.9500143766403,-72.69722873885952,-72.69722873885952
512.9600143766403,-72.69991039158626,-72.69991039158626
512.9700143766403,-72.70259440245533,-72.70259440245533
512.9800143766403,-72.70528082633422,-72.70528082633422
512.9900143766404,-72.70796971714348,-72.70796971714348
513.0000143766404,-72.71066112786185,-72.71066112786185
513.0100143766404,-72.71335511050805,-72.71335511050805
513.0200143766403,-72.71605171619719,-72.71605171619719
513.0300143766403,-72.71875099510177,-72.71875099510177
513.0400143766403,-72.72145299648663,-72.72145299648663
513.0500143766403,-72.7241577686815,-72.7241577686815
513.0600143766403,-72.72686535912398,-72.72686535912398
513.0700143766403,-72.7295758143626,-72.7295758143626
513.0800143766403,-72.73228918002707,-72.73228918002707
513.0900143766403,-72.73500550087047,-72.73500550087047
513.1000143766403,-72.73772482075945,-72.73772482075945
513.1100143766403,-72.74044718270657,-72.74044718270657
513.1200143766404,-72.74317262883392,-72.74317262883392
513.1300143766404,-72.74590120042804,-72.74590120042804
513.1400143766404,-72.74863293791849,-72.74863293791849
513.1500143766403,-72.7513678808799,-72.7513678808799
513.1600143766403,-72.75410606807162,-72.75410606807162
513.1700143766403,-72.7568475374073,-72.7568475374073
513.1800143766403,-72.75959232600147,-72.75959232600147
513.1900143766403,-72.7623404701354,-72.7623404701354
513.2000143766403,-72.76509200531586,-72.76509200531586
513.2100143766403,-72.76784696623656,-72.76784696623656
513.2200143766403,-72.77060538681067,-72.77060538681067
513.2300143766403,-72.77336730016707,-72.77336730016707
513.2400143766404,-72.77613273867739,-72.77613273867739
513.2500143766404,-72.7789017339434,-72.7789017339434
513.2600143766404,-72.7816743168119,-72.7816743168119
513.2700143766403,-72.78445051740336,-72.78445051740336
513.2800143766403,-72.78723036507888,-72.78723036507888
513.2900143766403,-72.79001388848343,-72.79001388848343
513.3000143766403,-72.79280111554829,-72.79280111554829
513.3100143766403,-72.7955920734818,-72.7955920734818
513.3200143766403,-72.79838678879327,-72.79838678879327
513.3300143766403,-72.80118528731002,-72.80118528731002
513.3400143766403,-72.80398759415641,-72.80398759415641
513.3500143766403,-72.806793733797,-72.806793733797
513.3600143766403,-72.8096037300156,-72.8096037300156
513.3700143766404,-72.81241760593447,-72.81241760593447
513.3800143766404,-72.81523538403928,-72.81523538403928
513.3900143766404,-72.81805708615087,-72.81805708615087
513.4000144004822,-72.82088274019408,-72.82088274019408
513.4100144004822,-72.82371235329789,-72.82371235329789
513.4200144004822,-72.8265459521114,-72.8265459521114
513.4300144004822,-72.82938355597864,-72.82938355597864
513.4400144004821,-72.83222518362784,-72.83222518362784
513.4500144004821,-72.8350708532042,-72.8350708532042
513.4600144004821,-72.83792058225318,-72.83792058225318
513.4700144004822,-72.84077438773738,-72.84077438773738
513.4800144004822,-72.84363228605847,-72.84363228605847
513.4900144004822,-72.84649429305884,-72.84649429305884
513.5000144004822,-72.84936042401542,-72.84936042401542
513.5100144004822,-72.85223069364407,-72.85223069364407
513.5200144004822,-72.85510511614258,-72.85510511614258
513.5300144004822,-72.8579837051579,-72.8579837051579
513.5400144004822,-72.86086647383007,-72.86086647383007
513.5500144004822,-72.86375343475862,-72.86375343475862
513.5600144004821,-72.86664460005045,-72.86664460005045
513.5700144004821,-72.86953998129069,-72.86953998129069
513.5800144004821,-72.87243958957612,-72.87243958957612
513.5900144004822,-72.87534343551445,-72.87534343551445
513.6000144004822,-72.87825152924067,-72.87825152924067
513.6100144004822,-72.8811638803986,-72.8811638803986
513.6200144004822,-72.8840804981646,-72.8840804981646
513.6300144004822,-72.88700139125895,-72.88700139125895
513.6400144004822,-72.88992656794744,-72.88992656794744
513.6500144004822,-72.89285603604277,-72.89285603604277
513.6600144004822,-72.89578980292669,-72.89578980292669
513.6700144004822,-72.89872787553197,-72.89872787553197
513.6800144004822,-72.90167026037399,-72.90167026037399
513.6900144004821,-72.90461696353438,-72.90461696353438
513.7000144004821,-72.90756799069355,-72.90756799069355
513.7100144004821,-72.91052334710956,-72.91052334710956
513.7200144004822,-72.91348303764019,-72.91348303764019
513.7300144004822,-72.91644706676406,-72.91644706676406
513.7400144004822,-72.91941543854973,-72.91941543854973
513.7500144004822,-72.92238815668284,-72.92238815668284
513.7600144004822,-72.92536522446996,-72.92536522446996
513.7700144004822,-72.92834664485035,-72.92834664485035
513.7800144004822,-72.93133242040058,-72.93133242040058
513.7900144004822,-72.93432255332962,-72.93432255332962
513.8000144004822,-72.93731704548355,-72.93731704548355
513.8100144004821,-72.94031589837225,-72.94031589837225
513.8200144004821,-72.94331911315406,-72.94331911315406
513.8300144004821,-72.94632669065288,-72.94632669065288
513.8400144004822,-72.94933863134347,-72.94933863134347
513.8500144004822,-72.9523549354073,-72.9523549354073
513.8600144004822,-72.9553756026655,-72.9553756026655
513.8700144004822,-72.95840063264805,-72.95840063264805
513.8800144004822,-72.96143002455479,-72.96143002455479
513.8900144004822,-72.96446377728435,-72.96446377728435
513.9000144004822,-72.96750188944097,-72.96750188944097
513.9100144004822,-72.97054435931912,-72.97054435931912
513.9200144004822,-72.97359118492948,-72.97359118492948
513.9300144004822,-72.97664236399773,-72.97664236399773
513.9400144004821,-72.97969789395368,-72.97969789395368
513.9500144004821,-72.98275777195978,-72.98275777195978
513.9600144004821,-72.98582199490639,-72.98582199490639
513.9700144004822,-72.98889055940542,-72.98889055940542
513.9800144004822,-72.99196346182931,-72.99196346182931
513.9900144004822,-72.99504069824843,-72.99504069824843
514.0000144004822,-72.9981222645194,-72.9981222645194
514.0100144004822,-73.00120815622411,-73.00120815622411
514.0200144004822,-73.00429836869377,-73.00429836869377
514.0300144004822,-73.0073928970422,-73.0073928970422
514.0400144004822,-73.01049173613009,-73.01049173613009
514.0500144004822,-73.01359488057143,-73.01359488057143
514.0600144004821,-73.0167023247722,-73.0167023247722
514.0700144004821,-73.01981406290159,-73.01981406290159
514.0800144004821,-73.02293008890834,-73.02293008890834
514.0900144004822,-73.02605039652168,-73.02605039652168
514.1000144004822,-73.02917497926445,-73.02917497926445
514.1100144004822,-73.03230383043659,-73.03230383043659
514.1200144004822,-73.03543694313356,-73.03543694313356
514.1300144004822,-73.03857431026245,-73.03857431026245
514.1400144004822,-73.04171592451671,-73.04171592451671
514.1500144004822,-73.04486177838535,-73.04486177838535
514.1600144004822,-73.04801186418847,-73.04801186418847
514.1700144004822,-73.05116617404654,-73.05116617404654
514.1800144004822,-73.05432469989415,-73.05432469989415
514.1900144004821,-73.05748743348052,-73.05748743348052
514.2000144004821,-73.06065436638025,-73.06065436638025
514.2100144004821,-73.06382548999291,-73.06382548999291
514.2200144004822,-73.06700079554086,-73.06700079554086
514.2300144004822,-73.07018027410028,-73.07018027410028
514.2400144004822,-73.07336391655242,-73.07336391655242
514.250014424324,-73.07655172120981,-73.07655172120981
514.260014424324,-73.07974366349244,-73.07974366349244
514.270014424324,-73.08293974137312,-73.08293974137312
514.280014424324,-73.08613994512481,-73.08613994512481
514.290014424324,-73.08934426484649,-73.08934426484649
514.300014424324,-73.09255269051434,-73.09255269051434
514.310014424324,-73.09576521194545,-73.09576521194545
514.3200144243241,-73.09898181880162,-73.09898181880162
514.3300144243241,-73.10220250064049,-73.10220250064049
514.3400144243241,-73.10542724685676,-73.10542724685676
514.3500144243241,-73.10865604671433,-73.10865604671433
514.360014424324,-73.11188888935222,-73.11188888935222
514.370014424324,-73.1151257637815,-73.1151257637815
514.380014424324,-73.11836665887913,-73.11836665887913
514.390014424324,-73.12161156341064,-73.12161156341064
514.400014424324,-73.12486046600712,-73.12486046600712
514.410014424324,-73.12811335519254,-73.12811335519254
514.420014424324,-73.13137021937563,-73.13137021937563
514.430014424324,-73.13463104684078,-73.13463104684078
514.4400144243241,-73.13789582576608,-73.13789582576608
514.4500144243241,-73.14116454424463,-73.14116454424463
514.4600144243241,-73.14443719022051,-73.14443719022051
514.4700144243241,-73.14771375155927,-73.14771375155927
514.480014424324,-73.15099421602018,-73.15099421602018
514.490014424324,-73.1542785712695,-73.1542785712695
514.500014424324,-73.15756680486355,-73.15756680486355
514.510014424324,-73.1608589042776,-73.1608589042776
514.520014424324,-73.16415485687534,-73.16415485687534
514.530014424324,-73.16745464994133,-73.16745464994133
514.540014424324,-73.17075827066894,-73.17075827066894
514.550014424324,-73.1740657061751,-73.1740657061751
514.560014424324,-73.17737694346602,-73.17737694346602
514.5700144243241,-73.18069196948896,-73.18069196948896
514.5800144243241,-73.18401077109742,-73.18401077109742
514.5900144243241,-73.18733333507357,-73.18733333507357
514.6000144243241,-73.19065964812074,-73.19065964812074
514.610014424324,-73.19398969685236,-73.19398969685236
514.620014424324,-73.19732346782274,-73.19732346782274
514.630014424324,-73.20066094752028,-73.20066094752028
514.640014424324,-73.20400212234506,-73.20400212234506
514.650014424324,-73.20734697864107,-73.20734697864107
514.660014424324,-73.21069550268003,-73.21069550268003
514.670014424324,-73.21404768067494,-73.21404768067494
514.680014424324,-73.21740349875965,-73.21740349875965
514.6900144243241,-73.22076294302491,-73.22076294302491
514.7000144243241,-73.22412599949176,-73.22412599949176
514.7100144243241,-73.22749265413294,-73.22749265413294
514.7200144243241,-73.23086289284598,-73.23086289284598
514.730014424324,-73.23423670148571,-73.23423670148571
514.740014424324,-73.23761406585695,-73.23761406585695
514.750014424324,-73.24099497169286,-73.24099497169286
514.760014424324,-73.24437940470064,-73.24437940470064
514.770014424324,-73.24776735051739,-73.24776735051739
514.780014424324,-73.2511587947415,-73.2511587947415
514.790014424324,-73.25455372292353,-73.25455372292353
514.800014424324,-73.25795212056809,-73.25795212056809
514.810014424324,-73.26135397313695,-73.26135397313695
514.8200144243241,-73.26475926604213,-73.26475926604213
514.8300144243241,-73.2681679846755,-73.2681679846755
514.8400144243241,-73.27158011436968,-73.27158011436968
514.8500144243241,-73.27499564041496,-73.27499564041496
514.860014424324,-73.27841454807707,-73.27841454807707
514.870014424324,-73.28183682258624,-73.28183682258624
514.880014424324,-73.28526244912642,-73.28526244912642
514.890014424324,-73.28869141284872,-73.28869141284872
514.900014424324,-73.2921236988855,-73.2921236988855
514.910014424324,-73.2955592923319,-73.2955592923319
514.920014424324,-73.29899817824007,-73.29899817824007
514.930014424324,-73.30244034165254,-73.30244034165254
514.9400144243241,-73.30588576756446,-73.30588576756446
514.9500144243241,-73.3093344409632,-73.3093344409632
514.9600144243241,-73.3127799483171,-73.3127799483171
514.9700144243241,-73.3162194683974,-73.3162194683974
514.980014424324,-73.31965161629577,-73.31965161629577
514.990014424324,-73.32307567209803,-73.32307567209803
515.000014424324,-73.32649128647185,-73.32649128647185
515.010014424324,-73.32989832785681,-73.32989832785681
515.020014424324,-73.33329679286206,-73.33329679286206
515.030014424324,-73.33668675249162,-73.33668675249162
515.040014424324,-73.34006831975816,-73.34006831975816
515.050014424324,-73.34344163027482,-73.34344163027482
515.060014424324,-73.3468068306604,-73.3468068306604
515.0700144243241,-73.35016407173164,-73.35016407173164
515.0800144243241,-73.35351350458119,-73.35351350458119
515.0900144243241,-73.35685527841372,-73.35685527841372
515.1000144481659,-73.36018954740878,-73.36018954740878
515.1100144481659,-73.36351643847155,-73.36351643847155
515.1200144481659,-73.36683609886579,-73.36683609886579
515.1300144481659,-73.37014866450369,-73.37014866450369
515.1400144481659,-73.37345426812334,-73.37345426812334
515.1500144481658,-73.37675303958011,-73.37675303958011
515.1600144481658,-73.38004510611289,-73.38004510611289
515.170014448166,-73.38333059261053,-73.38333059261053
515.1800144481659,-73.38660962186714,-73.38660962186714
515.1900144481659,-73.3898823147823,-73.3898823147823
515.2000144481659,-73.39314879058668,-73.39314879058668
515.2100144481659,-73.39640276158026,-73.39640276158026
515.2200144481659,-73.39964153511329,-73.39964153511329
515.2300144481659,-73.40286385525133,-73.40286385525133
515.2400144481659,-73.40606913065125,-73.40606913065125
515.2500144481659,-73.40925713992101,-73.40925713992101
515.2600144481659,-73.41242787870496,-73.41242787870496
515.2700144481659,-73.41558147003869,-73.41558147003869
515.2800144481658,-73.4187181105453,-73.4187181105453
515.290014448166,-73.42183803806928,-73.42183803806928
515.3000144481659,-73.4249415122413,-73.4249415122413
515.3100144481659,-73.42802880291526,-73.42802880291526
515.3200144481659,-73.43110018332986,-73.43110018332986
515.3300144481659,-73.43415592621585,-73.43415592621585
515.3400144481659,-73.43719630161546,-73.43719630161546
515.3500144481659,-73.44022157578583,-73.44022157578583
515.3600144481659,-73.4432320107728,-73.4432320107728
515.3700144481659,-73.44622786425766,-73.44622786425766
515.3800144481659,-73.4492093897326,-73.4492093897326
515.3900144481659,-73.45217683667545,-73.45217683667545
515.4000144481658,-73.45513045082681,-73.45513045082681
515.4100144481658,-73.4580704744525,-73.4580704744525
515.420014448166,-73.46099714659803,-73.46099714659803
515.4300144481659,-73.4639107033377,-73.4639107033377
515.4400144481659,-73.46681137795818,-73.46681137795818
515.4500144481659,-73.46969940115765,-73.46969940115765
515.4600144481659,-73.47257500120598,-73.47257500120598
515.4700144481659,-73.4754384040493,-73.4754384040493
515.4800144481659,-73.47828983343142,-73.47828983343142
515.4900144481659,-73.48112951098308,-73.48112951098308
515.5000144481659,-73.48395765630714,-73.48395765630714
515.5100144481659,-73.48677448699105,-73.48677448699105
515.5200144481659,-73.48958021868611,-73.48958021868611
515.5300144481658,-73.49237506514935,-73.49237506514935
515.540014448166,-73.49515923823199,-73.49515923823199
515.5500144481659,-73.49793294793598,-73.49793294793598
515.5600144481659,-73.50069640238387,-73.50069640238387
515.5700144481659,-73.50344980786963,-73.50344980786963
515.5800144481659,-73.50619336882177,-73.50619336882177
515.5900144481659,-73.5089272878369,-73.5089272878369
515.6000144481659,-73.51165176565371,-73.51165176565371
515.6100144481659,-73.5143670011544,-73.5143670011544
515.6200144481659,-73.51707319136759,-73.51707319136759
515.6300144481659,-73.51977053145951,-73.51977053145951
515.6400144481659,-73.52245921470113,-73.52245921470113
515.6500144481658,-73.52513943250209,-73.52513943250209
515.6600144481658,-73.52781137437677,-73.52781137437677
515.670014448166,-73.53047522792474,-73.53047522792474
515.6800144481659,-73.53313117887032,-73.53313117887032
515.6900144481659,-73.53577941099836,-73.53577941099836
515.7000144481659,-73.53842010618534,-73.53842010618534
515.7100144481659,-73.54105344437795,-73.54105344437795
515.7200144481659,-73.54367960359957,-73.54367960359957
515.7300144481659,-73.54629875993592,-73.54629875993592
515.7400144481659,-73.54891108752108,-73.54891108752108
515.7500144481659,-73.55151675856696,-73.55151675856696
515.7600144481659,-73.5541159433269,-73.5541159433269
515.7700144481659,-73.55670881010866,-73.55670881010866
515.7800144481658,-73.55929552527213,-73.55929552527213
515.790014448166,-73.56187625323233,-73.56187625323233
515.8000144481659,-73.56445115646885,-73.56445115646885
515.8100144481659,-73.56702039549255,-73.56702039549255
515.8200144481659,-73.56958412888252,-73.56958412888252
515.8300144481659,-73.57214251328375,-73.57214251328375
515.8400144481659,-73.57469570339866,-73.57469570339866
515.8500144481659,-73.57724385200022,-73.57724385200022
515.8600144481659,-73.57978710994267,-73.57978710994267
515.8700144481659,-73.58232562614302,-73.58232562614302
515.8800144481659,-73.58485954762267,-73.58485954762267
515.8900144481659,-73.5873890194898,-73.5873890194898
515.9000144481658,-73.58991418495143,-73.58991418495143
515.9100144481658,-73.59243518532772,-73.59243518532772
515.920014448166,-73.59495216005044,-73.59495216005044
515.9300144481659,-73.59746524669441,-73.59746524669441
515.9400144481659,-73.59997458096271,-73.59997458096271
515.9500144720078,-73.60248030266533,-73.60248030266533
515.9600144720077,-73.60497611011544,-73.60497611011544
515.9700144720077,-73.60745932458236,-73.60745932458236
515.9800144720077,-73.60992870151665,-73.60992870151665
515.9900144720077,-73.61238366214783,-73.61238366214783
516.0000144720077,-73.61482399791232,-73.61482399791232
516.0100144720077,-73.61724971707453,-73.61724971707453
516.0200144720078,-73.61966095478445,-73.61966095478445
516.0300144720078,-73.62205791909034,-73.62205791909034
516.0400144720078,-73.6244408584552,-73.6244408584552
516.0500144720078,-73.62681004226835,-73.62681004226835
516.0600144720078,-73.6291657492228,-73.6291657492228
516.0700144720078,-73.63150826051141,-73.63150826051141
516.0800144720077,-73.63383785587423,-73.63383785587423
516.0900144720077,-73.63615481146685,-73.63615481146685
516.1000144720077,-73.63845939877771,-73.63845939877771
516.1100144720077,-73.64075188418973,-73.64075188418973
516.1200144720077,-73.64303252888065,-73.64303252888065
516.1300144720077,-73.6453015890109,-73.6453015890109
516.1400144720078,-73.64755931592131,-73.64755931592131
516.1500144720078,-73.64980595645176,-73.64980595645176
516.1600144720078,-73.65204175320419,-73.65204175320419
516.1700144720078,-73.65426694485379,-73.65426694485379
516.1800144720078,-73.65648176639303,-73.65648176639303
516.1900144720078,-73.65868644938337,-73.65868644938337
516.2000144720078,-73.66088122214845,-73.66088122214845
516.2100144720077,-73.66305988401568,-73.66305988401568
516.2200144720077,-73.66521984123808,-73.66521984123808
516.2300144720077,-73.66735994049687,-73.66735994049687
516.2400144720077,-73.66947969390449,-73.66947969390449
516.2500144720077,-73.6715789833611,-73.6715789833611
516.2600144720077,-73.67365790704532,-73.67365790704532
516.2700144720078,-73.67571668948729,-73.67571668948729
516.2800144720078,-73.67775562756697,-73.67775562756697
516.2900144720078,-73.67977505803135,-73.67977505803135
516.3000144720078,-73.68177533802532,-73.68177533802532
516.3100144720078,-73.68375683346822,-73.68375683346822
516.3200144720078,-73.68571991224881,-73.68571991224881
516.3300144720077,-73.68766494029668,-73.68766494029668
516.3400144720077,-73.68959227944625,-73.68959227944625
516.3500144720077,-73.69150228633816,-73.69150228633816
516.3600144720077,-73.69339531198791,-73.69339531198791
516.3700144720077,-73.69527170170329,-73.69527170170329
516.3800144720077,-73.69713179522616,-73.69713179522616
516.3900144720078,-73.69897592695752,-73.69897592695752
516.4000144720078,-73.70080442626457,-73.70080442626457
516.4100144720078,-73.7026176177014,-73.7026176177014
516.4200144720078,-73.70441582135061,-73.70441582135061
516.4300144720078,-73.70619935305123,-73.70619935305123
516.4400144720078,-73.70796852461744,-73.70796852461744
516.4500144720078,-73.70972364404686,-73.70972364404686
516.4600144720077,-73.71146501569064,-73.71146501569064
516.4700144720077,-73.71319294038638,-73.71319294038638
516.4800144720077,-73.71490771560639,-73.71490771560639
516.4900144720077,-73.71660963553524,-73.71660963553524
516.5000144720077,-73.71829899117134,-73.71829899117134
516.5100144720077,-73.71997607039363,-73.71997607039363
516.5200144720078,-73.7216411580301,-73.7216411580301
516.5300144720078,-73.72329453588108,-73.72329453588108
516.5400144720078,-73.7249364827973,-73.7249364827973
516.5500144720078,-73.72656727467536,-73.72656727467536
516.5600144720078,-73.72818718449862,-73.72818718449862
516.5700144720078,-73.72979648236803,-73.72979648236803
516.5800144720077,-73.73139543550108,-73.73139543550108
516.5900144720077,-73.73298430826499,-73.73298430826499
516.6000144720077,-73.73456336216547,-73.73456336216547
516.6100144720077,-73.73613285586146,-73.73613285586146
516.6200144720077,-73.73769304519749,-73.73769304519749
516.6300144720077,-73.7392441831801,-73.7392441831801
516.6400144720078,-73.74078651997952,-73.74078651997952
516.6500144720078,-73.74232030297927,-73.74232030297927
516.6600144720078,-73.74384577673398,-73.74384577673398
516.6700144720078,-73.7453631829812,-73.7453631829812
516.6800144720078,-73.74687276067534,-73.74687276067534
516.6900144720078,-73.7483747459679,-73.7483747459679
516.7000144720078,-73.7498693722019,-73.7498693722019
516.7100144720077,-73.75135043832051,-73.75135043832051
516.7200144720077,-73.75281535495552,-73.75281535495552
516.7300144720077,-73.75426297489942,-73.75426297489942
516.7400144720077,-73.7556928170181,-73.7556928170181
516.7500144720077,-73.75710477015419,-73.75710477015419
516.7600144720077,-73.75849893933729,-73.75849893933729
516.7700144720078,-73.75987555567086,-73.75987555567086
516.7800144720078,-73.76123492223104,-73.76123492223104
516.7900144720078,-73.76257738148773,-73.76257738148773
516.8000144958496,-73.76390329892449,-73.76390329892449
516.8100144958496,-73.76521303871995,-73.76521303871995
516.8200144958496,-73.76650697602425,-73.76650697602425
516.8300144958496,-73.76778548021892,-73.76778548021892
516.8400144958496,-73.76904891597263,-73.76904891597263
516.8500144958496,-73.77029764219485,-73.77029764219485
516.8600144958496,-73.77153201157893,-73.77153201157893
516.8700144958497,-73.77275237054192,-73.77275237054192
516.8800144958497,-73.77395905936619,-73.77395905936619
516.8900144958496,-73.77515241245656,-73.77515241245656
516.9000144958496,-73.77633275862186,-73.77633275862186
516.9100144958496,-73.77750042138899,-73.77750042138899
516.9200144958496,-73.778655719276,-73.778655719276
516.9300144958496,-73.77979896609992,-73.77979896609992
516.9400144958496,-73.78093047117474,-73.78093047117474
516.9500144958496,-73.78205053954731,-73.78205053954731
516.9600144958496,-73.7831594722028,-73.7831594722028
516.9700144958496,-73.78425756618839,-73.78425756618839
516.9800144958496,-73.78534511479398,-73.78534511479398
516.9900144958497,-73.78642240763423,-73.78642240763423
517.0000144958497,-73.78748973078758,-73.78748973078758
517.0100144958496,-73.7885473668604,-73.7885473668604
517.0200144958496,-73.7895955950645,-73.7895955950645
517.0300144958496,-73.7906346912989,-73.7906346912989
517.0400144958496,-73.7916649281798,-73.7916649281798
517.0500144958496,-73.79268657509714,-73.79268657509714
517.0600144958496,-73.79369989826611,-73.79369989826611
517.0700144958496,-73.79470516073991,-73.79470516073991
517.0800144958496,-73.79570262246072,-73.79570262246072
517.0900144958496,-73.79669254027694,-73.79669254027694
517.1000144958496,-73.79767516796785,-73.79767516796785
517.1100144958496,-73.79865075624575,-73.79865075624575
517.1200144958497,-73.79961955282977,-73.79961955282977
517.1300144958497,-73.80058180239999,-73.80058180239999
517.1400144958496,-73.80153774665348,-73.80153774665348
517.1500144958496,-73.8024876243053,-73.8024876243053
517.1600144958496,-73.80343167110085,-73.80343167110085
517.1700144958496,-73.80437011984732,-73.80437011984732
517.1800144958496,-73.80530320041352,-73.80530320041352
517.1900144958496,-73.80623113974625,-73.80623113974625
517.2000144958496,-73.80715416188238,-73.80715416188238
517.2100144958496,-73.80807248798051,-73.80807248798051
517.2200144958496,-73.8089863363075,-73.8089863363075
517.2300144958496,-73.80989592228408,-73.80989592228408
517.2400144958497,-73.81080145846256,-73.81080145846256
517.2500144958497,-73.81170315459661,-73.81170315459661
517.2600144958496,-73.81260121759777,-73.81260121759777
517.2700144958496,-73.81349585159307,-73.81349585159307
517.2800144958496,-73.81438725792155,-73.81438725792155
517.2900144958496,-73.81527563515698,-73.81527563515698
517.3000144958496,-73.81616117912917,-73.81616117912917
517.3100144958496,-73.817044082939,-73.817044082939
517.3200144958496,-73.81792453697827,-73.81792453697827
517.3300144958496,-73.81880272894882,-73.81880272894882
517.3400144958496,-73.81967884387521,-73.81967884387521
517.3500144958496,-73.82055306412994,-73.82055306412994
517.3600144958496,-73.8214255694507,-73.8214255694507
517.3700144958497,-73.82229653696636,-73.82229653696636
517.3800144958497,-73.82316614121234,-73.82316614121234
517.3900144958496,-73.82403455414367,-73.82403455414367
517.4000144958496,-73.82490194517798,-73.82490194517798
517.4100144958496,-73.82576848119456,-73.82576848119456
517.4200144958496,-73.82663432656959,-73.82663432656959
517.4300144958496,-73.82749964318788,-73.82749964318788
517.4400144958496,-73.82836459047414,-73.82836459047414
517.4500144958496,-73.82922932541891,-73.82922932541891
517.4600144958496,-73.83008756586521,-73.83008756586521
517.4700144958496,-73.83093664615207,-73.83093664615207
517.4800144958496,-73.83177534479022,-73.83177534479022
517.4900144958497,-73.83260310749627,-73.83260310749627
517.5000144958497,-73.83341975072997,-73.83341975072997
517.5100144958496,-73.83422530775556,-73.83422530775556
517.5200144958496,-73.83501993837945,-73.83501993837945
517.5300144958496,-73.83580387478288,-73.83580387478288
517.5400144958496,-73.83657738890332,-73.83657738890332
517.5500144958496,-73.83734077289989,-73.83734077289989
517.5600144958496,-73.83809432750282,-73.83809432750282
517.5700144958496,-73.83883835519259,-73.83883835519259
517.5800144958496,-73.83957315625743,-73.83957315625743
517.5900144958496,-73.84029902667655,-73.84029902667655
517.6000144958496,-73.84101625705507,-73.84101625705507
517.6100144958496,-73.84172513221337,-73.84172513221337
517.6200144958497,-73.84242593112192,-73.84242593112192
517.6300144958497,-73.84311892706648,-73.84311892706648
517.6400144958496,-73.84380438792354,-73.84380438792354
517.6500145196915,-73.8444825780658,-73.8444825780658
517.6600145196915,-73.84515375221294,-73.84515375221294
517.6700145196914,-73.84581816547399,-73.84581816547399
517.6800145196914,-73.8464760671045,-73.8464760671045
517.6900145196914,-73.84712770240968,-73.84712770240968
517.7000145196914,-73.84777331296672,-73.84777331296672
517.7100145196914,-73.84841313679449,-73.84841313679449
517.7200145196915,-73.84904740855096,-73.84904740855096
517.7300145196915,-73.84967635968421,-73.84967635968421
517.7400145196915,-73.8503002185274,-73.8503002185274
517.7500145196915,-73.85091921043535,-73.85091921043535
517.7600145196915,-73.85153355786565,-73.85153355786565
517.7700145196915,-73.85214348044741,-73.85214348044741
517.7800145196915,-73.852749195073,-73.852749195073
517.7900145196915,-73.85335091593262,-73.85335091593262
517.8000145196914,-73.85394885456418,-73.85394885456418
517.8100145196914,-73.85454321990635,-73.85454321990635
517.8200145196914,-73.85513421833753,-73.85513421833753
517.8300145196914,-73.85572205368851,-73.85572205368851
517.8400145196915,-73.85630692728549,-73.85630692728549
517.8500145196915,-73.85688903796894,-73.85688903796894
517.8600145196915,-73.85746858210024,-73.85746858210024
517.8700145196915,-73.85804575360532,-73.85804575360532
517.8800145196915,-73.85862074397997,-73.85862074397997
517.8900145196915,-73.85919374228705,-73.85919374228705
517.9000145196915,-73.85976493520508,-73.85976493520508
517.9100145196915,-73.86033450701588,-73.86033450701588
517.9200145196914,-73.86090263962852,-73.86090263962852
517.9300145196914,-73.86146951257612,-73.86146951257612
517.9400145196914,-73.86203530306078,-73.86203530306078
517.9500145196914,-73.8626001859219,-73.8626001859219
517.9600145196914,-73.86316433369073,-73.86316433369073
517.9700145196915,-73.8637279165551,-73.8637279165551
517.9800145196915,-73.86429110243044,-73.86429110243044
517.9900145196915,-73.86485405691201,-73.86485405691201
518.0000145196915,-73.86541694331756,-73.86541694331756
518.0100145196915,-73.86597992270097,-73.86597992270097
518.0200145196915,-73.86654315385873,-73.86654315385873
518.0300145196915,-73.86710679333252,-73.86710679333252
518.0400145196915,-73.8676709954533,-73.8676709954533
518.0500145196914,-73.86823591231546,-73.86823591231546
518.0600145196914,-73.86880169381284,-73.86880169381284
518.0700145196914,-73.86936848765995,-73.86936848765995
518.0800145196914,-73.86993643938507,-73.86993643938507
518.0900145196915,-73.87050569235484,-73.87050569235484
518.1000145196915,-73.87107638781104,-73.87107638781104
518.1100145196915,-73.8716486648335,-73.8716486648335
518.1200145196915,-73.87222266041024,-73.87222266041024
518.1300145196915,-73.87279850942181,-73.87279850942181
518.1400145196915,-73.87337634466638,-73.87337634466638
518.1500145196915,-73.87395629687596,-73.87395629687596
518.1600145196915,-73.87453849473498,-73.87453849473498
518.1700145196914,-73.87512306489162,-73.87512306489162
518.1800145196914,-73.8757101319827,-73.8757101319827
518.1900145196914,-73.87629981864318,-73.87629981864318
518.2000145196914,-73.87689224553083,-73.87689224553083
518.2100145196914,-73.87748753133057,-73.87748753133057
518.2200145196915,-73.87808579279213,-73.87808579279213
518.2300145196915,-73.87868714473903,-73.87868714473903
518.2400145196915,-73.87929170007448,-73.87929170007448
518.2500145196915,-73.87989956981421,-73.87989956981421
518.2600145196915,-73.88051086310573,-73.88051086310573
518.2700145196915,-73.8811256872411,-73.8811256872411
518.2800145196915,-73.88174414767586,-73.88174414767586
518.2900145196915,-73.88236634804348,-73.88236634804348
518.3000145196914,-73.88299239018407,-73.88299239018407
518.3100145196914,-73.88362237414964,-73.88362237414964
518.3200145196914,-73.88425639824013,-73.88425639824013
518.3300145196914,-73.88489455900579,-73.88489455900579
518.3400145196915,-73.88553695127347,-73.88553695127347
518.3500145196915,-73.8861836681617,-73.8861836681617
518.3600145196915,-73.88683480112157,-73.88683480112157
518.3700145196915,-73.88749043991261,-73.88749043991261
518.3800145196915,-73.88815067264781,-73.88815067264781
518.3900145196915,-73.88881558581463,-73.88881558581463
518.4000145196915,-73.88948526429539,-73.88948526429539
518.4100145196915,-73.89015979137197,-73.89015979137197
518.4200145196914,-73.89083924874639,-73.89083924874639
518.4300145196914,-73.89152371657069,-73.89152371657069
518.4400145196914,-73.89221327345705,-73.89221327345705
518.4500145196914,-73.89290799649129,-73.89290799649129
518.4600145196914,-73.89360151937697,-73.89360151937697
518.4700145196915,-73.89429109676112,-73.89429109676112
518.4800145196915,-73.89497542975421,-73.89497542975421
518.4900145196915,-73.89565388815875,-73.89565388815875
518.5000145435333,-73.896326215359,-73.896326215359
518.5100145435333,-73.89699236774756,-73.89699236774756
518.5200145435333,-73.89765243406677,-73.89765243406677
518.5300145435333,-73.89830657466528,-73.89830657466528
518.5400145435333,-73.89895499048146,-73.89895499048146
518.5500145435333,-73.89959790346718,-73.89959790346718
518.5600145435333,-73.90023554492711,-73.90023554492711
518.5700145435334,-73.90086814866838,-73.90086814866838
518.5800145435334,-73.90149594709251,-73.90149594709251
518.5900145435334,-73.90211916904248,-73.90211916904248
518.6000145435333,-73.90273803874857,-73.90273803874857
518.6100145435333,-73.9033527754029,-73.9033527754029
518.6200145435333,-73.9039635931115,-73.9039635931115
518.6300145435333,-73.90457070105758,-73.90457070105758
518.6400145435333,-73.90517430374462,-73.90517430374462
518.6500145435333,-73.90577460132036,-73.90577460132036
518.6600145435333,-73.90637178989422,-73.90637178989422
518.6700145435333,-73.90696606182217,-73.90696606182217
518.6800145435333,-73.9075576059853,-73.9075576059853
518.6900145435334,-73.90814660805576,-73.90814660805576
518.7000145435334,-73.90873325070125,-73.90873325070125
518.7100145435334,-73.90931771377447,-73.90931771377447
518.7200145435334,-73.90990017449357,-73.90990017449357
518.7300145435333,-73.91048080756258,-73.91048080756258
518.7400145435333,-73.91105978531691,-73.91105978531691
518.7500145435333,-73.91163727780547,-73.91163727780547
518.7600145435333,-73.91221345288967,-73.91221345288967
518.7700145435333,-73.91278847630883,-73.91278847630883
518.7800145435333,-73.91336251174035,-73.91336251174035
518.7900145435333,-73.91393572085943,-73.91393572085943
518.8000145435333,-73.91450826337245,-73.91450826337245
518.8100145435333,-73.91508029707319,-73.91508029707319
518.8200145435334,-73.9156519778248,-73.9156519778248
518.8300145435334,-73.91622345963611,-73.91622345963611
518.8400145435334,-73.91679489465425,-73.91679489465425
518.8500145435333,-73.91736643319926,-73.91736643319926
518.8600145435333,-73.91793822374652,-73.91793822374652
518.8700145435333,-73.91851041296445,-73.91851041296445
518.8800145435333,-73.91908314574306,-73.91908314574306
518.8900145435333,-73.91965656514579,-73.91965656514579
518.9000145435333,-73.92023081247176,-73.92023081247176
518.9100145435333,-73.92080602723233,-73.92080602723233
518.9200145435333,-73.92138234716157,-73.92138234716157
518.9300145435333,-73.92195990822988,-73.92195990822988
518.9400145435334,-73.92253884464517,-73.92253884464517
518.9500145435334,-73.92311928886122,-73.92311928886122
518.9600145435334,-73.92369492732104,-73.92369492732104
518.9700145435334,-73.92426306881208,-73.92426306881208
518.9800145435333,-73.92482246887447,-73.92482246887447
518.9900145435333,-73.92537255178152,-73.92537255178152
519.0000145435333,-73.92591311362216,-73.92591311362216
519.0100145435333,-73.92644416809205,-73.92644416809205
519.0200145435333,-73.92696585611317,-73.92696585611317
519.0300145435333,-73.92747839154028,-73.92747839154028
519.0400145435333,-73.92798202846134,-73.92798202846134
519.0500145435333,-73.92847704163485,-73.92847704163485
519.0600145435333,-73.92896371481098,-73.92896371481098
519.0700145435334,-73.92944233385246,-73.92944233385246
519.0800145435334,-73.92991318282145,-73.92991318282145
519.0900145435334,-73.93037654181987,-73.93037654181987
519.1000145435333,-73.9308326859195,-73.9308326859195
519.1100145435333,-73.93128188475148,-73.93128188475148
519.1200145435333,-73.93172440241874,-73.93172440241874
519.1300145435333,-73.93216049767156,-73.93216049767156
519.1400145435333,-73.93259042415804,-73.93259042415804
519.1500145435333,-73.93301443071051,-73.93301443071051
519.1600145435333,-73.93343276168906,-73.93343276168906
519.1700145435333,-73.93384565723858,-73.93384565723858
519.1800145435333,-73.93425335358707,-73.93425335358707
519.1900145435334,-73.93465608326427,-73.93465608326427
519.2000145435334,-73.93505407536459,-73.93505407536459
519.2100145435334,-73.93544755567957,-73.93544755567957
519.2200145435334,-73.93583674689856,-73.93583674689856
519.2300145435333,-73.93622186873993,-73.93622186873993
519.2400145435333,-73.93660313806659,-73.93660313806659
519.2500145435333,-73.93698076899618,-73.93698076899618
519.2600145435333,-73.93735497295013,-73.93735497295013
519.2700145435333,-73.93772595878708,-73.93772595878708
519.2800145435333,-73.93809393281687,-73.93809393281687
519.2900145435333,-73.93845909885631,-73.93845909885631
519.3000145435333,-73.93882165828173,-73.93882165828173
519.3100145435333,-73.93918181007274,-73.93918181007274
519.3200145435334,-73.93953975079978,-73.93953975079978
519.3300145435334,-73.93989567473334,-73.93989567473334
519.3400145435334,-73.94024977376414,-73.94024977376414
519.3500145673752,-73.94060223832734,-73.94060223832734
519.3600145673752,-73.94095325403828,-73.94095325403828
519.3700145673752,-73.9413030067495,-73.9413030067495
519.3800145673752,-73.94165167920225,-73.94165167920225
519.3900145673751,-73.94199945186283,-73.94199945186283
519.4000145673751,-73.9423465029513,-73.9423465029513
519.4100145673751,-73.9426930084474,-73.9426930084474
519.4200145673752,-73.94303914207349,-73.94303914207349
519.4300145673752,-73.94338507534869,-73.94338507534869
519.4400145673752,-73.94373097755619,-73.94373097755619
519.4500145673752,-73.94407701576527,-73.94407701576527
519.4600145673752,-73.94442335483849,-73.94442335483849
519.4700145673752,-73.9447701574407,-73.9447701574407
519.4800145673752,-73.94511758405035,-73.94511758405035
519.4900145673752,-73.9454657929598,-73.9454657929598
519.5000145673752,-73.945814940279,-73.945814940279
519.5100145673752,-73.94616517997945,-73.94616517997945
519.5200145673751,-73.94651666384794,-73.94651666384794
519.5300145673751,-73.94686954154722,-73.94686954154722
519.5400145673752,-73.94722396057762,-73.94722396057762
519.5500145673752,-73.94758006635313,-73.94758006635313
519.5600145673752,-73.94793800214318,-73.94793800214318
519.5700145673752,-73.94829790913539,-73.94829790913539
519.5800145673752,-73.94865992640493,-73.94865992640493
519.5900145673752,-73.949024190975,-73.949024190975
519.6000145673752,-73.94939083778735,-73.94939083778735
519.6100145673752,-73.94975999973074,-73.94975999973074
519.6200145673752,-73.95013180765929,-73.95013180765929
519.6300145673752,-73.95050639040969,-73.95050639040969
519.6400145673751,-73.95088387478928,-73.95088387478928
519.6500145673751,-73.9512643856335,-73.9512643856335
519.6600145673751,-73.95164804577493,-73.95164804577493
519.6700145673752,-73.95203497608685,-73.95203497608685
519.6800145673752,-73.952425295495,-73.952425295495
519.6900145673752,-73.95281912098257,-73.95281912098257
519.7000145673752,-73.95321656761972,-73.95321656761972
519.7100145673752,-73.95361774856863,-73.95361774856863
519.7200145673752,-73.9540227751091,-73.9540227751091
519.7300145673752,-73.9544317566389,-73.9544317566389
519.7400145673752,-73.95484480070648,-73.95484480070648
519.7500145673752,-73.95526201303718,-73.95526201303718
519.7600145673752,-73.95568349752014,-73.95568349752014
519.7700145673751,-73.9561093562376,-73.9561093562376
519.7800145673751,-73.95653968949657,-73.95653968949657
519.7900145673752,-73.95697459583245,-73.95697459583245
519.8000145673752,-73.95741417204123,-73.95741417204123
519.8100145673752,-73.95785851315797,-73.95785851315797
519.8200145673752,-73.95830771252372,-73.95830771252372
519.8300145673752,-73.95876186177436,-73.95876186177436
519.8400145673752,-73.9592210508656,-73.9592210508656
519.8500145673752,-73.95968536809642,-73.95968536809642
519.8600145673752,-73.96015490010782,-73.96015490010782
519.8700145673752,-73.96062973192487,-73.96062973192487
519.8800145673752,-73.9611099469633,-73.9611099469633
519.8900145673751,-73.96159562704278,-73.96159562704278
519.9000145673751,-73.9620868524167,-73.9620868524167
519.9100145673751,-73.96258370177034,-73.96258370177034
519.9200145673752,-73.96308625225605,-73.96308625225605
519.9300145673752,-73.9635945795268,-73.9635945795268
519.9400145673752,-73.96410875769787,-73.96410875769787
519.9500145673752,-73.96462885943262,-73.96462885943262
519.9600145673752,-73.9651485080606,-73.9651485080606
519.9700145673752,-73.96566495176886,-73.96566495176886
519.9800145673752,-73.96617688670558,-73.96617688670558
519.9900145673752,-73.96668367843816,-73.96668367843816
520.0000145673752,-73.96718506487305,-73.96718506487305
520.0100145673752,-73.96768100199517,-73.96768100199517
520.0200145673751,-73.9681715733988,-73.9681715733988
520.0300145673751,-73.96865693599159,-73.96865693599159
520.0400145673752,-73.96913728728515,-73.96913728728515
520.0500145673752,-73.96961284583,-73.96961284583
520.0600145673752,-73.97008383949931,-73.97008383949931
520.0700145673752,-73.97055049867136,-73.97055049867136
520.0800145673752,-73.97101305229675,-73.97101305229675
520.0900145673752,-73.97147172575805,-73.97147172575805
520.1000145673752,-73.97192673979038,-73.97192673979038
520.1100145673752,-73.9723783101087,-73.9723783101087
520.1200145673752,-73.9728266473087,-73.9728266473087
520.1300145673752,-73.97327195705813,-73.97327195705813
520.1400145673751,-73.97371444034671,-73.97371444034671
520.1500145673751,-73.97415429380983,-73.97415429380983
520.1600145673751,-73.97459171001769,-73.97459171001769
520.1700145673752,-73.97502687781089,-73.97502687781089
520.1800145673752,-73.97545998256052,-73.97545998256052
520.1900145673752,-73.9758912064136,-73.9758912064136
520.200014591217,-73.97632072954599,-73.97632072954599
520.210014591217,-73.97674872625788,-73.97674872625788
520.220014591217,-73.97717537129503,-73.97717537129503
520.230014591217,-73.9775918147496,-73.9775918147496
520.240014591217,-73.97798774912721,-73.97798774912721
520.250014591217,-73.97835428546922,-73.97835428546922
520.260014591217,-73.97868421701884,-73.97868421701884
520.2700145912171,-73.97897167382206,-73.97897167382206
520.2800145912171,-73.97921178311998,-73.97921178311998
520.2900145912171,-73.97940043516219,-73.97940043516219
520.3000145912171,-73.97953413247383,-73.97953413247383
520.310014591217,-73.97960989001754,-73.97960989001754
520.320014591217,-73.9796251641906,-73.9796251641906
520.330014591217,-73.97957779823436,-73.97957779823436
520.340014591217,-73.97946597742487,-73.97946597742487
520.350014591217,-73.97928819083126,-73.97928819083126
520.360014591217,-73.97904319783909,-73.97904319783909
520.370014591217,-73.97872999859818,-73.97872999859818
520.380014591217,-73.97834780768903,-73.97834780768903
520.3900145912171,-73.97789603076119,-73.97789603076119
520.4000145912171,-73.97737424371076,-73.97737424371076
520.4100145912171,-73.97678217416059,-73.97678217416059
520.4200145912171,-73.9761196850113,-73.9761196850113
520.4300145912171,-73.97538675982106,-73.97538675982106
520.440014591217,-73.97458348979316,-73.97458348979316
520.450014591217,-73.97371006222657,-73.97371006222657
520.460014591217,-73.97276030256633,-73.97276030256633
520.470014591217,-73.97173173986108,-73.97173173986108
520.480014591217,-73.97062342179267,-73.97062342179267
520.490014591217,-73.96943512876824,-73.96943512876824
520.500014591217,-73.96816707025724,-73.96816707025724
520.510014591217,-73.9668197245469,-73.9668197245469
520.5200145912171,-73.96539374295529,-73.96539374295529
520.5300145912171,-73.96388989071617,-73.96388989071617
520.5400145912171,-73.96230900995751,-73.96230900995751
520.5500145912171,-73.96065199624283,-73.96065199624283
520.560014591217,-73.95891978338055,-73.95891978338055
520.570014591217,-73.95711333341447,-73.95711333341447
520.580014591217,-73.95523362980381,-73.95523362980381
520.590014591217,-73.95328167272602,-73.95328167272602
520.600014591217,-73.95125847561425,-73.95125847561425
520.610014591217,-73.94916506260694,-73.94916506260694
520.620014591217,-73.94700246653717,-73.94700246653717
520.630014591217,-73.94477172728725,-73.94477172728725
520.6400145912171,-73.9424738904335,-73.9424738904335
520.6500145912171,-73.94011000606473,-73.94011000606473
520.6600145912171,-73.93768112768305,-73.93768112768305
520.6700145912171,-73.93518831129029,-73.93518831129029
520.6800145912171,-73.93263261447883,-73.93263261447883
520.690014591217,-73.9300150956232,-73.9300150956232
520.700014591217,-73.92733681313948,-73.92733681313948
520.710014591217,-73.92459882472815,-73.92459882472815
520.720014591217,-73.92180218676044,-73.92180218676044
520.730014591217,-73.91894795362204,-73.91894795362204
520.740014591217,-73.9160371771302,-73.9160371771302
520.750014591217,-73.9130709059836,-73.9130709059836
520.760014591217,-73.91005018524199,-73.91005018524199
520.7700145912171,-73.90697605583989,-73.90697605583989
520.7800145912171,-73.90384955414153,-73.90384955414153
520.7900145912171,-73.90067171148425,-73.90067171148425
520.8000145912171,-73.89744355382298,-73.89744355382298
520.810014591217,-73.89416610132935,-73.89416610132935
520.820014591217,-73.8908403680509,-73.8908403680509
520.830014591217,-73.88746736159248,-73.88746736159248
520.840014591217,-73.8840480828087,-73.8840480828087
520.850014591217,-73.88058352553594,-73.88058352553594
520.860014591217,-73.87707467632904,-73.87707467632904
520.870014591217,-73.87352251422364,-73.87352251422364
520.880014591217,-73.8699280105066,-73.8699280105066
520.8900145912171,-73.86629212852783,-73.86629212852783
520.9000145912171,-73.86261582352009,-73.86261582352009
520.9100145912171,-73.85890004240773,-73.85890004240773
520.9200145912171,-73.85514572365904,-73.85514572365904
520.9300145912171,-73.85135379714684,-73.85135379714684
520.940014591217,-73.84752518403583,-73.84752518403583
520.950014591217,-73.84366079664572,-73.84366079664572
520.960014591217,-73.83975510450065,-73.83975510450065
520.970014591217,-73.83580618879256,-73.83580618879256
520.980014591217,-73.83181357025124,-73.83181357025124
520.990014591217,-73.82777743184185,-73.82777743184185
521.000014591217,-73.82369832175608,-73.82369832175608
521.010014591217,-73.81957699894045,-73.81957699894045
521.0200145912171,-73.8154143423632,-73.8154143423632
521.0300145912171,-73.81121129646931,-73.81121129646931
521.0400145912171,-73.80696883828321,-73.80696883828321
521.0500146150589,-73.80268794746254,-73.80268794746254
521.0600146150589,-73.79836963521224,-73.79836963521224
521.0700146150589,-73.79401487646095,-73.79401487646095
521.0800146150589,-73.78962464634955,-73.78962464634955
521.0900146150589,-73.785199907974,-73.785199907974
521.1000146150589,-73.78074161131298,-73.78074161131298
521.1100146150588,-73.77625069279686,-73.77625069279686
521.120014615059,-73.77172807525146,-73.77172807525146
521.1300146150589,-73.76717466811597,-73.76717466811597
521.1400146150589,-73.76259136765631,-73.76259136765631
521.1500146150589,-73.75797905734623,-73.75797905734623
521.1600146150589,-73.75333860820545,-73.75333860820545
521.1700146150589,-73.74867087910637,-73.74867087910637
521.1800146150589,-73.74397671712272,-73.74397671712272
521.1900146150589,-73.73925695779683,-73.73925695779683
521.2000146150589,-73.73451242540685,-73.73451242540685
521.2100146150589,-73.72973751012425,-73.72973751012425
521.2200146150589,-73.724930206781,-73.724930206781
521.2300146150588,-73.72008994644499,-73.72008994644499
521.240014615059,-73.7152168205152,-73.7152168205152
521.250014615059,-73.71031128426017,-73.71031128426017
521.2600146150589,-73.70537400262982,-73.70537400262982
521.2700146150589,-73.70040575976249,-73.70040575976249
521.2800146150589,-73.69540740456362,-73.69540740456362
521.2900146150589,-73.69037981798166,-73.69037981798166
521.3000146150589,-73.68532389335431,-73.68532389335431
521.3100146150589,-73.68024052474951,-73.68024052474951
521.3200146150589,-73.67513060012165,-73.67513060012165
521.3300146150589,-73.66999499742278,-73.66999499742278
521.3400146150589,-73.66483458252321,-73.66483458252321
521.3500146150589,-73.6596502082006,-73.6596502082006
521.3600146150588,-73.65444271380012,-73.65444271380012
521.370014615059,-73.64921292523006,-73.64921292523006
521.3800146150589,-73.64396165524296,-73.64396165524296
521.3900146150589,-73.63868970372702,-73.63868970372702
521.4000146150589,-73.63339785809394,-73.63339785809394
521.4100146150589,-73.62808689369432,-73.62808689369432
521.4200146150589,-73.62275757417576,-73.62275757417576
521.4300146150589,-73.61741065183713,-73.61741065183713
521.4400146150589,-73.61204686795423,-73.61204686795423
521.4500146150589,-73.6066669530711,-73.6066669530711
521.4600146150589,-73.6012652167826,-73.6012652167826
521.4700146150589,-73.59583956779232,-73.59583956779232
521.4800146150588,-73.59038934936359,-73.59038934936359
521.490014615059,-73.5849145647781,-73.5849145647781
521.500014615059,-73.57941558130847,-73.57941558130847
521.5100146150589,-73.57389297624455,-73.57389297624455
521.5200146150589,-73.56834744649439,-73.56834744649439
521.5300146150589,-73.56277975425257,-73.56277975425257
521.5400146150589,-73.55719069426698,-73.55719069426698
521.5500146150589,-73.55158107425588,-73.55158107425588
521.5600146150589,-73.54595170321862,-73.54595170321862
521.5700146150589,-73.54030338464045,-73.54030338464045
521.5800146150589,-73.53463691262763,-73.53463691262763
521.5900146150589,-73.52895306979984,-73.52895306979984
521.6000146150589,-73.52325262633036,-73.52325262633036
521.6100146150588,-73.51753633961324,-73.51753633961324
521.620014615059,-73.51180495426355,-73.51180495426355
521.6300146150589,-73.50605920240473,-73.50605920240473
521.6400146150589,-73.5002998039626,-73.5002998039626
521.6500146150589,-73.49452746709724,-73.49452746709724
521.6600146150589,-73.48874288859632,-73.48874288859632
521.6700146150589,-73.48294675421923,-73.48294675421923
521.6800146150589,-73.47713973910648,-73.47713973910648
521.6900146150589,-73.47132250806538,-73.47132250806538
521.7000146150589,-73.46549571590039,-73.46549571590039
521.7100146150589,-73.45966000765138,-73.45966000765138
521.7200146150589,-73.45381601885555,-73.45381601885555
521.7300146150588,-73.44796437575754,-73.44796437575754
521.740014615059,-73.44210569548584,-73.44210569548584
521.750014615059,-73.43624058626395,-73.43624058626395
521.7600146150589,-73.43036964752831,-73.43036964752831
521.7700146150589,-73.42449347010401,-73.42449347010401
521.7800146150589,-73.41861263629832,-73.41861263629832
521.7900146150589,-73.41272772005426,-73.41272772005426
521.8000146150589,-73.4068392870627,-73.4068392870627
521.8100146150589,-73.40094789483685,-73.40094789483685
521.8200146150589,-73.39505409284097,-73.39505409284097
521.8300146150589,-73.38915842255481,-73.38915842255481
521.8400146150589,-73.38326141758303,-73.38326141758303
521.8500146150589,-73.37736360373802,-73.37736360373802
521.8600146150588,-73.37146549909993,-73.37146549909993
521.870014615059,-73.3655676141137,-73.3655676141137
521.8800146150589,-73.35967045166929,-73.35967045166929
521.8900146150589,-73.35377450716108,-73.35377450716108
521.9000146389008,-73.34788025452349,-73.34788025452349
521.9100146389007,-73.34198820247327,-73.34198820247327
521.9200146389007,-73.33609881034052,-73.33609881034052
521.9300146389007,-73.33021254428364,-73.33021254428364
521.9400146389007,-73.3243298633242,-73.3243298633242
521.9500146389007,-73.31845121942358,-73.31845121942358
521.9600146389007,-73.31257705755652,-73.31257705755652
521.9700146389008,-73.30670781575745,-73.30670781575745
521.9800146389008,-73.3008439252219,-73.3008439252219
521.9900146389008,-73.29498581033256,-73.29498581033256
522.0000146389008,-73.28913388877396,-73.28913388877396
522.0100146389008,-73.28328857155644,-73.28328857155644
522.0200146389008,-73.27745026311871,-73.27745026311871
522.0300146389008,-73.2715857083858,-73.2715857083858
522.0400146389007,-73.26568604956658,-73.26568604956658
522.0500146389007,-73.25974637864253,-73.25974637864253
522.0600146389007,-73.25376247207694,-73.25376247207694
522.0700146389007,-73.24773047137056,-73.24773047137056
522.0800146389007,-73.24164691546835,-73.24164691546835
522.0900146389008,-73.2355087788407,-73.2355087788407
522.1000146389008,-73.22931348181284,-73.22931348181284
522.1100146389008,-73.2230588786715,-73.2230588786715
522.1200146389008,-73.21674323184264,-73.21674323184264
522.1300146389008,-73.2103651785574,-73.2103651785574
522.1400146389008,-73.20392369452806,-73.20392369452806
522.1500146389008,-73.19741805749183,-73.19741805749183
522.1600146389007,-73.19084781246339,-73.19084781246339
522.1700146389007,-73.18421273946309,-73.18421273946309
522.1800146389007,-73.17751282427074,-73.17751282427074
522.1900146389007,-73.17074823219936,-73.17074823219936
522.2000146389007,-73.16391928479086,-73.16391928479086
522.2100146389007,-73.15702643928616,-73.15702643928616
522.2200146389008,-73.15007027050818,-73.15007027050818
522.2300146389008,-73.14305145504159,-73.14305145504159
522.2400146389008,-73.13597075729065,-73.13597075729065
522.2500146389008,-73.12882901729465,-73.12882901729465
522.2600146389008,-73.1216271400703,-73.1216271400703
522.2700146389008,-73.11436608623319,-73.11436608623319
522.2800146389008,-73.10704686378003,-73.10704686378003
522.2900146389007,-73.09967052088717,-73.09967052088717
522.3000146389007,-73.09223813953817,-73.09223813953817
522.3100146389007,-73.08475082996125,-73.08475082996125
522.3200146389007,-73.07720972570809,-73.07720972570809
522.3300146389007,-73.06961597930051,-73.06961597930051
522.3400146389008,-73.06197075840191,-73.06197075840191
522.3500146389008,-73.0542752424495,-73.0542752424495
522.3600146389008,-73.04653061964325,-73.04653061964325
522.3700146389008,-73.0387380842866,-73.0387380842866
522.3800146389008,-73.03089883447466,-73.03089883447466
522.3900146389008,-73.02301407000523,-73.02301407000523
522.4000146389008,-73.0150849905304,-73.0150849905304
522.4100146389007,-73.00711279392935,-73.00711279392935
522.4200146389007,-72.99909867489336,-72.99909867489336
522.4300146389007,-72.9910438236092,-72.9910438236092
522.4400146389007,-72.98294942467248,-72.98294942467248
522.4500146389007,-72.9748166560697,-72.9748166560697
522.4600146389007,-72.96664668829946,-72.96664668829946
522.4700146389008,-72.9584406835823,-72.9584406835823
522.4800146389008,-72.95019979523065,-72.95019979523065
522.4900146389008,-72.94192516698014,-72.94192516698014
522.5000146389008,-72.93361793252097,-72.93361793252097
522.5100146389008,-72.92527921500452,-72.92527921500452
522.5200146389008,-72.91691012666928,-72.91691012666928
522.5300146389008,-72.90851176848987,-72.90851176848987
522.5400146389007,-72.90008522987716,-72.90008522987716
522.5500146389007,-72.89163158843463,-72.89163158843463
522.5600146389007,-72.88315190973454,-72.88315190973454
522.5700146389007,-72.87464724714661,-72.87464724714661
522.5800146389007,-72.86611864170708,-72.86611864170708
522.5900146389008,-72.85756712196483,-72.85756712196483
522.6000146389008,-72.84899370392422,-72.84899370392422
522.6100146389008,-72.84039939094936,-72.84039939094936
522.6200146389008,-72.83178517372994,-72.83178517372994
522.6300146389008,-72.82315203024753,-72.82315203024753
522.6400146389008,-72.81450092576212,-72.81450092576212
522.6500146389008,-72.80583281281346,-72.80583281281346
522.6600146389007,-72.79714863122912,-72.79714863122912
522.6700146389007,-72.78844930816592,-72.78844930816592
522.6800146389007,-72.77973575812761,-72.77973575812761
522.6900146389007,-72.77100888302759,-72.77100888302759
522.7000146389007,-72.76226957224064,-72.76226957224064
522.7100146389007,-72.75351870267913,-72.75351870267913
522.7200146389008,-72.7447571388238,-72.7447571388238
522.7300146389008,-72.73598573285626,-72.73598573285626
522.7400146389008,-72.7272053247013,-72.7272053247013
522.7500146627426,-72.71841672118988,-72.71841672118988
522.7600146627426,-72.70962077988086,-72.70962077988086
522.7700146627426,-72.70081828364027,-72.70081828364027
522.7800146627426,-72.6920100243095,-72.6920100243095
522.7900146627426,-72.68319678200484,-72.68319678200484
522.8000146627426,-72.67437932518067,-72.67437932518067
522.8100146627426,-72.6655584107392,-72.6655584107392
522.8200146627427,-72.65673478413177,-72.65673478413177
522.8300146627427,-72.6479091794812,-72.6479091794812
522.8400146627426,-72.63908231970638,-72.63908231970638
522.8500146627426,-72.6302549166001,-72.6302549166001
522.8600146627426,-72.62142767098182,-72.62142767098182
522.8700146627426,-72.61260127278811,-72.61260127278811
522.8800146627426,-72.60377640119704,-72.60377640119704
522.8900146627426,-72.59495372476302,-72.59495372476302
522.9000146627426,-72.58613390148348,-72.58613390148348
522.9100146627426,-72.577317578983,-72.577317578983
522.9200146627426,-72.56850539457552,-72.56850539457552
522.9300146627426,-72.55969797540772,-72.55969797540772
522.9400146627427,-72.55089593856948,-72.55089593856948
522.9500146627427,-72.5420998912271,-72.5420998912271
522.9600146627427,-72.53331043071053,-72.53331043071053
522.9700146627426,-72.52452814464826,-72.52452814464826
522.9800146627426,-72.51575361107211,-72.51575361107211
522.9900146627426,-72.50698739855126,-72.50698739855126
523.0000146627426,-72.49823006629246,-72.49823006629246
523.0100146627426,-72.4894821642415,-72.4894821642415
523.0200146627426,-72.48074423323015,-72.48074423323015
523.0300146627426,-72.4720168050635,-72.4720168050635
523.0400146627426,-72.46330040262984,-72.46330040262984
523.0500146627426,-72.45459554003966,-72.45459554003966
523.0600146627426,-72.44590272269356,-72.44590272269356
523.0700146627427,-72.4372224474212,-72.4372224474212
523.0800146627427,-72.42855520259394,-72.42855520259394
523.0900146627426,-72.41990146821018,-72.41990146821018
523.1000146627426,-72.4112617160123,-72.4112617160123
523.1100146627426,-72.40263640959431,-72.40263640959431
523.1200146627426,-72.39402600451426,-72.39402600451426
523.1300146627426,-72.38543094837087,-72.38543094837087
523.1400146627426,-72.37685168093732,-72.37685168093732
523.1500146627426,-72.36828863424815,-72.36828863424815
523.1600146627426,-72.35974223270406,-72.35974223270406
523.1700146627426,-72.35121289316345,-72.35121289316345
523.1800146627426,-72.34270102505471,-72.34270102505471
523.1900146627427,-72.3342070304637,-72.3342070304637
523.2000146627427,-72.3257313042394,-72.3257313042394
523.2100146627427,-72.31726793720452,-72.31726793720452
523.2200146627426,-72.30881455951074,-72.30881455951074
523.2300146627426,-72.30037021508012,-72.30037021508012
523.2400146627426,-72.29193460037693,-72.29193460037693
523.2500146627426,-72.28350777318101,-72.28350777318101
523.2600146627426,-72.27509000083361,-72.27509000083361
523.2700146627426,-72.26668167102702,-72.26668167102702
523.2800146627426,-72.25828323809678,-72.25828323809678
523.2900146627426,-72.24989519070006,-72.24989519070006
523.3000146627426,-72.24151803239462,-72.24151803239462
523.3100146627426,-72.23315227008142,-72.23315227008142
523.3200146627427,-72.22479840727296,-72.22479840727296
523.3300146627427,-72.21645694026184,-72.21645694026184
523.3400146627426,-72.20812835607377,-72.20812835607377
523.3500146627426,-72.1998131315128,-72.1998131315128
523.3600146627426,-72.19151173285472,-72.19151173285472
523.3700146627426,-72.18322461587577,-72.18322461587577
523.3800146627426,-72.17495222615587,-72.17495222615587
523.3900146627426,-72.16669499941614,-72.16669499941614
523.4000146627426,-72.15845336192989,-72.15845336192989
523.4100146627426,-72.15022773094469,-72.15022773094469
523.4200146627426,-72.14201851509245,-72.14201851509245
523.4300146627426,-72.1338261147323,-72.1338261147323
523.4400146627427,-72.12565092232859,-72.12565092232859
523.4500146627427,-72.11749332274377,-72.11749332274377
523.4600146627427,-72.109347414818,-72.109347414818
523.4700146627426,-72.10121082641271,-72.10121082641271
523.4800146627426,-72.09308259513195,-72.09308259513195
523.4900146627426,-72.08496240947925,-72.08496240947925
523.5000146627426,-72.07685031853565,-72.07685031853565
523.5100146627426,-72.06874658071123,-72.06874658071123
523.5200146627426,-72.0606515748424,-72.0606515748424
523.5300146627426,-72.052565746729,-72.052565746729
523.5400146627426,-72.04448957685908,-72.04448957685908
523.5500146627426,-72.03642356112671,-72.03642356112671
523.5600146627426,-72.02836819930957,-72.02836819930957
523.5700146627427,-72.0203239883386,-72.0203239883386
523.5800146627427,-72.01229141850673,-72.01229141850673
523.5900146627426,-72.00427097141782,-72.00427097141782
523.6000146865845,-71.99626309995733,-71.99626309995733
523.6100146865845,-71.98826830426269,-71.98826830426269
523.6200146865845,-71.98028701731656,-71.98028701731656
523.6300146865844,-71.97231968148185,-71.97231968148185
523.6400146865844,-71.96436672980582,-71.96436672980582
523.6500146865844,-71.95642858638506,-71.95642858638506
523.6600146865844,-71.94850566678532,-71.94850566678532
523.6700146865845,-71.94059837841318,-71.94059837841318
523.6800146865845,-71.93270712087597,-71.93270712087597
523.6900146865845,-71.92483228627776,-71.92483228627776
523.7000146865845,-71.91697425952819,-71.91697425952819
523.7100146865845,-71.90913341862088,-71.90913341862088
523.7200146865845,-71.90131013483128,-71.90131013483128
523.7300146865845,-71.8935047729321,-71.8935047729321
523.7400146865845,-71.88571769138659,-71.88571769138659
523.7500146865844,-71.87794924250316,-71.87794924250316
523.7600146865844,-71.87019977255534,-71.87019977255534
523.7700146865844,-71.86246962195978,-71.86246962195978
523.7800146865844,-71.8547591253424,-71.8547591253424
523.7900146865845,-71.84706861166084,-71.84706861166084
523.8000146865845,-71.8393984043145,-71.8393984043145
523.8100146865845,-71.83174882120339,-71.83174882120339
523.8200146865845,-71.82412017480114,-71.82412017480114
523.8300146865845,-71.81651277227132,-71.81651277227132
523.8400146865845,-71.80892691548217,-71.80892691548217
523.8500146865845,-71.80136290110279,-71.80136290110279
523.8600146865845,-71.79382102066045,-71.79382102066045
523.8700146865845,-71.78630156057197,-71.78630156057197
523.8800146865844,-71.77880480223824,-71.77880480223824
523.8900146865844,-71.77133102205936,-71.77133102205936
523.9000146865844,-71.76388049150027,-71.76388049150027
523.9100146865844,-71.75645347714249,-71.75645347714249
523.9200146865845,-71.74905024071776,-71.74905024071776
523.9300146865845,-71.74167103918907,-71.74167103918907
523.9400146865845,-71.73431612474751,-71.73431612474751
523.9500146865845,-71.72698574488852,-71.72698574488852
523.9600146865845,-71.71968014245647,-71.71968014245647
523.9700146865845,-71.71239955567972,-71.71239955567972
523.9800146865845,-71.70514421821544,-71.70514421821544
523.9900146865845,-71.6979143592099,-71.6979143592099
524.0000146865844,-71.69071020331423,-71.69071020331423
524.0100146865844,-71.68353197074596,-71.68353197074596
524.0200146865844,-71.67637987733087,-71.67637987733087
524.0300146865844,-71.66925413454722,-71.66925413454722
524.0400146865845,-71.66215494956259,-71.66215494956259
524.0500146865845,-71.65508252528842,-71.65508252528842
524.0600146865845,-71.6480370604066,-71.6480370604066
524.0700146865845,-71.64101874943957,-71.64101874943957
524.0800146865845,-71.63402778275965,-71.63402778275965
524.0900146865845,-71.62706434665232,-71.62706434665232
524.1000146865845,-71.62007550854037,-71.62007550854037
524.1100146865845,-71.6130494182378,-71.6130494182378
524.1200146865845,-71.6059830890367,-71.6059830890367
524.1300146865844,-71.59887520699438,-71.59887520699438
524.1400146865844,-71.59172490939703,-71.59172490939703
524.1500146865844,-71.58453157497702,-71.58453157497702
524.1600146865844,-71.57729477637652,-71.57729477637652
524.1700146865845,-71.57001425846678,-71.57001425846678
524.1800146865845,-71.56268992116199,-71.56268992116199
524.1900146865845,-71.55532180350043,-71.55532180350043
524.2000146865845,-71.54791006860007,-71.54791006860007
524.2100146865845,-71.54045498947539,-71.54045498947539
524.2200146865845,-71.532956935918,-71.532956935918
524.2300146865845,-71.52541636242783,-71.52541636242783
524.2400146865845,-71.51783379726311,-71.51783379726311
524.2500146865844,-71.510209832603,-71.510209832603
524.2600146865844,-71.50254511578095,-71.50254511578095
524.2700146865844,-71.49484034150261,-71.49484034150261
524.2800146865844,-71.48709624496107,-71.48709624496107
524.2900146865845,-71.47931359579572,-71.47931359579572
524.3000146865845,-71.47149319277668,-71.47149319277668
524.3100146865845,-71.46363585912874,-71.46363585912874
524.3200146865845,-71.45574243848004,-71.45574243848004
524.3300146865845,-71.44781379124403,-71.44781379124403
524.3400146865845,-71.43985079152336,-71.43985079152336
524.3500146865845,-71.43185432433414,-71.43185432433414
524.3600146865845,-71.42382528322291,-71.42382528322291
524.3700146865845,-71.41576456814907,-71.41576456814907
524.3800146865844,-71.40767308363776,-71.40767308363776
524.3900146865844,-71.39955173715218,-71.39955173715218
524.4000146865844,-71.39140143767075,-71.39140143767075
524.4100146865844,-71.38322309443821,-71.38322309443821
524.4200146865845,-71.37501761585624,-71.37501761585624
524.4300146865845,-71.36678590851822,-71.36678590851822
524.4400146865845,-71.35852887633445,-71.35852887633445
524.4500147104263,-71.35024740009368,-71.35024740009368
524.4600147104263,-71.34193620496566,-71.34193620496566
524.4700147104263,-71.33359345092855,-71.33359345092855
524.4800147104263,-71.32521871378442,-71.32521871378442
524.4900147104263,-71.31681221438076,-71.31681221438076
524.5000147104263,-71.30837453081017,-71.30837453081017
524.5100147104263,-71.29990644826779,-71.29990644826779
524.5200147104264,-71.29140887062371,-71.29140887062371
524.5300147104264,-71.28288276709438,-71.28288276709438
524.5400147104264,-71.27432913994417,-71.27432913994417
524.5500147104264,-71.26574900503749,-71.26574900503749
524.5600147104263,-71.25714338016843,-71.25714338016843
524.5700147104263,-71.24851327812313,-71.24851327812313
524.5800147104263,-71.23985970267744,-71.23985970267744
524.5900147104263,-71.23118364636333,-71.23118364636333
524.6000147104263,-71.22248608934815,-71.22248608934815
524.6100147104263,-71.21376799892435,-71.21376799892435
524.6200147104263,-71.20503032941276,-71.20503032941276
524.6300147104263,-71.19627402227938,-71.19627402227938
524.6400147104264,-71.18750000636317,-71.18750000636317
524.6500147104264,-71.17870919816134,-71.17870919816134
524.6600147104264,-71.16990250211552,-71.16990250211552
524.6700147104264,-71.16108081092779,-71.16108081092779
524.6800147104263,-71.15224500580818,-71.15224500580818
524.6900147104263,-71.14339595676503,-71.14339595676503
524.7000147104263,-71.13453452278968,-71.13453452278968
524.7100147104263,-71.12566155209738,-71.12566155209738
524.7200147104263,-71.11677788231043,-71.11677788231043
524.7300147104263,-71.107884340588,-71.107884340588
524.7400147104263,-71.09898174381536,-71.09898174381536
524.7500147104263,-71.09007089870356,-71.09007089870356
524.7600147104263,-71.08115260191147,-71.08115260191147
524.7700147104264,-71.07222764017041,-71.07222764017041
524.7800147104264,-71.06329679035674,-71.06329679035674
524.7900147104264,-71.05436081958632,-71.05436081958632
524.8000147104264,-71.04542048530796,-71.04542048530796
524.8100147104263,-71.03647653535562,-71.03647653535562
524.8200147104263,-71.027529708049,-71.027529708049
524.8300147104263,-71.01858073224975,-71.01858073224975
524.8400147104263,-71.00963032741076,-71.00963032741076
524.8500147104263,-71.00067920367016,-71.00067920367016
524.8600147104263,-70.9917280618972,-70.9917280618972
524.8700147104263,-70.98277759373852,-70.98277759373852
524.8800147104263,-70.9738284817182,-70.9738284817182
524.8900147104264,-70.96488139925043,-70.96488139925043
524.9000147104264,-70.95593701074155,-70.95593701074155
524.9100147104264,-70.94699597161802,-70.94699597161802
524.9200147104264,-70.9380589283966,-70.9380589283966
524.9300147104263,-70.9291265187512,-70.9291265187512
524.9400147104263,-70.92019937157119,-70.92019937157119
524.9500147104263,-70.91127810702092,-70.91127810702092
524.9600147104263,-70.90236333657411,-70.90236333657411
524.9700147104263,-70.89345566312633,-70.89345566312633
524.9800147104263,-70.88455568101612,-70.88455568101612
524.9900147104263,-70.87566397611317,-70.87566397611317
525.0000147104263,-70.86678112585965,-70.86678112585965
525.0100147104263,-70.8579076993549,-70.8579076993549
525.0200147104264,-70.84904425740578,-70.84904425740578
525.0300147104264,-70.84019135260809,-70.84019135260809
525.0400147104264,-70.83134952937691,-70.83134952937691
525.0500147104264,-70.82251932405696,-70.82251932405696
525.0600147104263,-70.81370126497386,-70.81370126497386
525.0700147104263,-70.80489587247928,-70.80489587247928
525.0800147104263,-70.79610365904743,-70.79610365904743
525.0900147104263,-70.7873251293317,-70.7873251293317
525.1000147104263,-70.7785607802273,-70.7785607802273
525.1100147104263,-70.76981110094971,-70.76981110094971
525.1200147104263,-70.76107657310797,-70.76107657310797
525.1300147104263,-70.75235767075927,-70.75235767075927
525.1400147104264,-70.74365486047772,-70.74365486047772
525.1500147104264,-70.73496860145471,-70.73496860145471
525.1600147104264,-70.72629934552211,-70.72629934552211
525.1700147104264,-70.71764753726991,-70.71764753726991
525.1800147104263,-70.70901361408045,-70.70901361408045
525.1900147104263,-70.70039800621005,-70.70039800621005
525.2000147104263,-70.69180113686589,-70.69180113686589
525.2100147104263,-70.683223422278,-70.683223422278
525.2200147104263,-70.67466527174614,-70.67466527174614
525.2300147104263,-70.66612708774491,-70.66612708774491
525.2400147104263,-70.65760926597193,-70.65760926597193
525.2500147104263,-70.64911219542415,-70.64911219542415
525.2600147104263,-70.6406362584586,-70.6406362584586
525.2700147104264,-70.6321818308763,-70.6321818308763
525.2800147104264,-70.62374928199566,-70.62374928199566
525.2900147104264,-70.61533897470561,-70.61533897470561
525.3000147342682,-70.60695124556096,-70.60695124556096
525.3100147342682,-70.5985864848143,-70.5985864848143
525.3200147342682,-70.59024501648439,-70.59024501648439
525.3300147342682,-70.5819271784585,-70.5819271784585
525.3400147342682,-70.57363330255491,-70.57363330255491
525.3500147342681,-70.56536371457545,-70.56536371457545
525.3600147342681,-70.55711873438864,-70.55711873438864
525.3700147342682,-70.54889867598146,-70.54889867598146
525.3800147342682,-70.54070384754634,-70.54070384754634
525.3900147342682,-70.53253455152142,-70.53253455152142
525.4000147342682,-70.52439108467594,-70.52439108467594
525.4100147342682,-70.51627373818076,-70.51627373818076
525.4200147342682,-70.5081827976527,-70.5081827976527
525.4300147342682,-70.50011854323854,-70.50011854323854
525.4400147342682,-70.49208124967929,-70.49208124967929
525.4500147342682,-70.48407118635348,-70.48407118635348
525.4600147342682,-70.47608248229625,-70.47608248229625
525.4700147342681,-70.4681127174069,-70.4681127174069
525.4800147342681,-70.46016085111454,-70.46016085111454
525.4900147342682,-70.45222648069884,-70.45222648069884
525.5000147342682,-70.4443095573891,-70.4443095573891
525.5100147342682,-70.43641023836405,-70.43641023836405
525.5200147342682,-70.42852879975024,-70.42852879975024
525.5300147342682,-70.42066558415826,-70.42066558415826
525.5400147342682,-70.4128209690649,-70.4128209690649
525.5500147342682,-70.40499534784342,-70.40499534784342
525.5600147342682,-70.3971891184262,-70.3971891184262
525.5700147342682,-70.3894026767115,-70.3894026767115
525.5800147342682,-70.3816364127685,-70.3816364127685
525.5900147342682,-70.37389070884554,-70.37389070884554
525.6000147342681,-70.3661659384094,-70.3661659384094
525.6100147342681,-70.35846246581946,-70.35846246581946
525.6200147342682,-70.35078064634116,-70.35078064634116
525.6300147342682,-70.34312082643196,-70.34312082643196
525.6400147342682,-70.33548334403746,-70.33548334403746
525.6500147342682,-70.32786852901515,-70.32786852901515
525.6600147342682,-70.32027670351377,-70.32027670351377
525.6700147342682,-70.31270818235028,-70.31270818235028
525.6800147342682,-70.30516327334976,-70.30516327334976
525.6900147342682,-70.2976422776881,-70.2976422776881
525.7000147342682,-70.29014549016595,-70.29014549016595
525.7100147342682,-70.28267319947071,-70.28267319947071
525.7200147342681,-70.27522568840806,-70.27522568840806
525.7300147342681,-70.26780323411771,-70.26780323411771
525.7400147342682,-70.26040610823681,-70.26040610823681
525.7500147342682,-70.25303457708986,-70.25303457708986
525.7600147342682,-70.24568890179641,-70.24568890179641
525.7700147342682,-70.2383693384353,-70.2383693384353
525.7800147342682,-70.23107613813114,-70.23107613813114
525.7900147342682,-70.22380954718645,-70.22380954718645
525.8000147342682,-70.21656980715288,-70.21656980715288
525.8100147342682,-70.20935715492685,-70.20935715492685
525.8200147342682,-70.2021718228373,-70.2021718228373
525.8300147342682,-70.19501403869342,-70.19501403869342
525.8400147342682,-70.18788402587187,-70.18788402587187
525.8500147342681,-70.18078200336826,-70.18078200336826
525.8600147342681,-70.17370818586504,-70.17370818586504
525.8700147342682,-70.16666278377798,-70.16666278377798
525.8800147342682,-70.15964600331648,-70.15964600331648
525.8900147342682,-70.15265804653403,-70.15265804653403
525.9000147342682,-70.14569911135874,-70.14569911135874
525.9100147342682,-70.13876939165314,-70.13876939165314
525.9200147342682,-70.13186907726866,-70.13186907726866
525.9300147342682,-70.12499835406996,-70.12499835406996
525.9400147342682,-70.11815740398511,-70.11815740398511
525.9500147342682,-70.11134640504967,-70.11134640504967
525.9600147342682,-70.10456553144589,-70.10456553144589
525.9700147342681,-70.09781495353569,-70.09781495353569
525.9800147342681,-70.09109483792605,-70.09109483792605
525.9900147342682,-70.08440534745543,-70.08440534745543
526.0000147342682,-70.07774664130339,-70.07774664130339
526.0100147342682,-70.07111887497005,-70.07111887497005
526.0200147342682,-70.06452220034153,-70.06452220034153
526.0300147342682,-70.05795676571674,-70.05795676571674
526.0400147342682,-70.05142271586256,-70.05142271586256
526.0500147342682,-70.04492019202388,-70.04492019202388
526.0600147342682,-70.03844933199608,-70.03844933199608
526.0700147342682,-70.03201027012736,-70.03201027012736
526.0800147342682,-70.02560313737926,-70.02560313737926
526.0900147342682,-70.01922806136169,-70.01922806136169
526.1000147342681,-70.01288516635253,-70.01288516635253
526.1100147342681,-70.00657457335723,-70.00657457335723
526.1200147342682,-70.000296400118,-70.000296400118
526.1300147342682,-69.99405076119807,-69.99405076119807
526.1400147342682,-69.98783776795605,-69.98783776795605
526.15001475811,-69.98165751391235,-69.98165751391235
526.16001475811,-69.97551013371968,-69.97551013371968
526.17001475811,-69.96939571463638,-69.96939571463638
526.18001475811,-69.96331435570303,-69.96331435570303
526.19001475811,-69.95726615297517,-69.95726615297517
526.20001475811,-69.9512511995501,-69.9512511995501
526.21001475811,-69.94526349576023,-69.94526349576023
526.2200147581101,-69.93930046908426,-69.93930046908426
526.2300147581101,-69.93336091805757,-69.93336091805757
526.2400147581101,-69.92744427613773,-69.92744427613773
526.2500147581101,-69.92155033000199,-69.92155033000199
526.2600147581101,-69.91567907277505,-69.91567907277505
526.27001475811,-69.90983061767697,-69.90983061767697
526.28001475811,-69.90400514600958,-69.90400514600958
526.29001475811,-69.89820287578812,-69.89820287578812
526.30001475811,-69.89242404290935,-69.89242404290935
526.31001475811,-69.88666888990738,-69.88666888990738
526.32001475811,-69.88093765939348,-69.88093765939348
526.33001475811,-69.87523059026219,-69.87523059026219
526.3400147581101,-69.86954791572595,-69.86954791572595
526.3500147581101,-69.86388986230814,-69.86388986230814
526.3600147581101,-69.8582566494824,-69.8582566494824
526.3700147581101,-69.85264848971721,-69.85264848971721
526.3800147581101,-69.84706558869087,-69.84706558869087
526.39001475811,-69.84150814557248,-69.84150814557248
526.40001475811,-69.83597635342048,-69.83597635342048
526.41001475811,-69.8304703995282,-69.8304703995282
526.42001475811,-69.82499046578101,-69.82499046578101
526.43001475811,-69.81953672898035,-69.81953672898035
526.44001475811,-69.81410936111399,-69.81410936111399
526.45001475811,-69.80870852966906,-69.80870852966906
526.46001475811,-69.80332832037921,-69.80332832037921
526.4700147581101,-69.7979662379515,-69.7979662379515
526.4800147581101,-69.79262115417008,-69.79262115417008
526.4900147581101,-69.78729257335611,-69.78729257335611
526.5000147581101,-69.78198035140466,-69.78198035140466
526.5100147581101,-69.77668454944107,-69.77668454944107
526.52001475811,-69.77140534773058,-69.77140534773058
526.53001475811,-69.76614299387374,-69.76614299387374
526.54001475811,-69.76089777158589,-69.76089777158589
526.55001475811,-69.75566998191346,-69.75566998191346
526.56001475811,-69.75045993209703,-69.75045993209703
526.57001475811,-69.74526792901948,-69.74526792901948
526.58001475811,-69.74009427547709,-69.74009427547709
526.5900147581101,-69.73493926818605,-69.73493926818605
526.6000147581101,-69.72980319682587,-69.72980319682587
526.6100147581101,-69.72468634367421,-69.72468634367421
526.6200147581101,-69.7195889836496,-69.7195889836496
526.6300147581101,-69.71451138450807,-69.71451138450807
526.64001475811,-69.70945380716249,-69.70945380716249
526.65001475811,-69.7044165060533,-69.7044165060533
526.66001475811,-69.69939972946983,-69.69939972946983
526.67001475811,-69.69440371994331,-69.69440371994331
526.68001475811,-69.68942871450025,-69.68942871450025
526.69001475811,-69.68447494500937,-69.68447494500937
526.70001475811,-69.67954263840461,-69.67954263840461
526.71001475811,-69.67463201693421,-69.67463201693421
526.7200147581101,-69.66974329832823,-69.66974329832823
526.7300147581101,-69.66487669600205,-69.66487669600205
526.7400147581101,-69.66003241919746,-69.66003241919746
526.7500147581101,-69.65521067311012,-69.65521067311012
526.7600147581101,-69.65041165900132,-69.65041165900132
526.77001475811,-69.64563557432214,-69.64563557432214
526.78001475811,-69.64088261276996,-69.64088261276996
526.79001475811,-69.63615296439475,-69.63615296439475
526.80001475811,-69.63144681563988,-69.63144681563988
526.81001475811,-69.6267643494199,-69.6267643494199
526.82001475811,-69.62210574515936,-69.62210574515936
526.83001475811,-69.61747117885918,-69.61747117885918
526.8400147581101,-69.61286082312719,-69.61286082312719
526.8500147581101,-69.6082748472254,-69.6082748472254
526.8600147581101,-69.6037134170908,-69.6037134170908
526.8700147581101,-69.59917669538679,-69.59917669538679
526.8800147581101,-69.5946648415222,-69.5946648415222
526.89001475811,-69.59017801168224,-69.59017801168224
526.90001475811,-69.58571635887311,-69.58571635887311
526.91001475811,-69.58128003291714,-69.58128003291714
526.92001475811,-69.5768691805059,-69.5768691805059
526.93001475811,-69.57248394520798,-69.57248394520798
526.94001475811,-69.56812446752382,-69.56812446752382
526.95001475811,-69.56379088485939,-69.56379088485939
526.96001475811,-69.55947727590595,-69.55947727590595
526.9700147581101,-69.55518112733968,-69.55518112733968
526.9800147581101,-69.5509012886647,-69.5509012886647
526.9900147581101,-69.54663724005881,-69.54663724005881
527.0000147819519,-69.54238880230079,-69.54238880230079
527.0100147819519,-69.53815603134765,-69.53815603134765
527.0200147819519,-69.53393907183637,-69.53393907183637
527.0300147819519,-69.52973814595538,-69.52973814595538
527.0400147819519,-69.52555351217622,-69.52555351217622
527.0500147819519,-69.52138544653334,-69.52138544653334
527.0600147819518,-69.5172342314976,-69.5172342314976
527.070014781952,-69.51310014940184,-69.51310014940184
527.080014781952,-69.50898347876073,-69.50898347876073
527.0900147819519,-69.50488449222189,-69.50488449222189
527.1000147819519,-69.50080345560653,-69.50080345560653
527.1100147819519,-69.49674062755408,-69.49674062755408
527.1200147819519,-69.49269625952874,-69.49269625952874
527.1300147819519,-69.48867059602657,-69.48867059602657
527.1400147819519,-69.48466387487483,-69.48466387487483
527.1500147819519,-69.4806763275877,-69.4806763275877
527.1600147819519,-69.47670817970985,-69.47670817970985
527.1700147819519,-69.47275965117475,-69.47275965117475
527.1800147819519,-69.46883095658926,-69.46883095658926
527.190014781952,-69.46492230555114,-69.46492230555114
527.200014781952,-69.46103390288914,-69.46103390288914
527.2100147819519,-69.45716594888756,-69.45716594888756
527.2200147819519,-69.45331863949887,-69.45331863949887
527.2300147819519,-69.4494921665073,-69.4494921665073
527.2400147819519,-69.4456867176936,-69.4456867176936
527.2500147819519,-69.4419024769665,-69.4419024769665
527.2600147819519,-69.43813962446747,-69.43813962446747
527.2700147819519,-69.43439833669629,-69.43439833669629
527.2800147819519,-69.43067878658866,-69.43067878658866
527.2900147819519,-69.42698114361129,-69.42698114361129
527.3000147819519,-69.42330557380738,-69.42330557380738
527.3100147819518,-69.41965223987593,-69.41965223987593
527.320014781952,-69.41602130123096,-69.41602130123096
527.330014781952,-69.41241291406182,-69.41241291406182
527.3400147819519,-69.40882723134965,-69.40882723134965
527.3500147819519,-69.40526440293652,-69.40526440293652
527.3600147819519,-69.40172457554841,-69.40172457554841
527.3700147819519,-69.39820789285005,-69.39820789285005
527.3800147819519,-69.39471449546747,-69.39471449546747
527.3900147819519,-69.39124452101362,-69.39124452101362
527.4000147819519,-69.38779810413385,-69.38779810413385
527.4100147819519,-69.38437537651983,-69.38437537651983
527.4200147819519,-69.3809764669541,-69.3809764669541
527.4300147819519,-69.37760150133309,-69.37760150133309
527.440014781952,-69.37425060267829,-69.37425060267829
527.450014781952,-69.37092389118452,-69.37092389118452
527.4600147819519,-69.36762148423209,-69.36762148423209
527.4700147819519,-69.36434349641404,-69.36434349641404
527.4800147819519,-69.36109003956604,-69.36109003956604
527.4900147819519,-69.35786122279227,-69.35786122279227
527.5000147819519,-69.35465715247696,-69.35465715247696
527.5100147819519,-69.35147793232419,-69.35147793232419
527.5200147819519,-69.34832366338799,-69.34832366338799
527.5300147819519,-69.34519444406622,-69.34519444406622
527.5400147819519,-69.34209037017371,-69.34209037017371
527.5500147819519,-69.33901153492131,-69.33901153492131
527.5600147819518,-69.33595802896188,-69.33595802896188
527.570014781952,-69.33292994041344,-69.33292994041344
527.580014781952,-69.32992735489523,-69.32992735489523
527.5900147819519,-69.32695035554721,-69.32695035554721
527.6000147819519,-69.32399902302878,-69.32399902302878
527.6100147819519,-69.32107343557286,-69.32107343557286
527.6200147819519,-69.31817366902243,-69.31817366902243
527.6300147819519,-69.31529979683033,-69.31529979683033
527.6400147819519,-69.31245189008368,-69.31245189008368
527.6500147819519,-69.30963001755143,-69.30963001755143
527.6600147819519,-69.30683424569973,-69.30683424569973
527.6700147819519,-69.30406463872201,-69.30406463872201
527.6800147819519,-69.30132125854509,-69.30132125854509
527.690014781952,-69.29860416487618,-69.29860416487618
527.700014781952,-69.29591341522881,-69.29591341522881
527.7100147819519,-69.29324906493972,-69.29324906493972
527.7200147819519,-69.29061116719977,-69.29061116719977
527.7300147819519,-69.28799977308039,-69.28799977308039
527.7400147819519,-69.28541493154678,-69.28541493154678
527.7500147819519,-69.28285668951223,-69.28285668951223
527.7600147819519,-69.28032509183156,-69.28032509183156
527.7700147819519,-69.2778201813541,-69.2778201813541
527.7800147819519,-69.27534199892303,-69.27534199892303
527.7900147819519,-69.27289058343102,-69.27289058343102
527.8000147819519,-69.27046597182209,-69.27046597182209
527.8100147819518,-69.26806819912136,-69.26806819912136
527.820014781952,-69.26569729846993,-69.26569729846993
527.830014781952,-69.2633533011528,-69.2633533011528
527.8400147819519,-69.26103623660579,-69.26103623660579
527.8500148057938,-69.2587461270022,-69.2587461270022
527.8600148057938,-69.25648300914982,-69.25648300914982
527.8700148057937,-69.25424690157261,-69.25424690157261
527.8800148057937,-69.25203782661724,-69.25203782661724
527.8900148057937,-69.24985580489458,-69.24985580489458
527.9000148057937,-69.24770085532806,-69.24770085532806
527.9100148057937,-69.24557299517771,-69.24557299517771
527.9200148057938,-69.24347224004708,-69.24347224004708
527.9300148057938,-69.2413986039392,-69.2413986039392
527.9400148057938,-69.23935209924758,-69.23935209924758
527.9500148057938,-69.23733273679461,-69.23733273679461
527.9600148057938,-69.23534052586238,-69.23534052586238
527.9700148057938,-69.23337547419386,-69.23337547419386
527.9800148057938,-69.23143758803775,-69.23143758803775
527.9900148057937,-69.22952687216016,-69.22952687216016
528.0000148057937,-69.22764332987039,-69.22764332987039
528.0100148057937,-69.22578696303536,-69.22578696303536
528.0200148057937,-69.22395777211553,-69.22395777211553
528.0300148057937,-69.22215575617692,-69.22215575617692
528.0400148057938,-69.2203809129074,-69.2203809129074
528.0500148057938,-69.21863323867457,-69.21863323867457
528.0600148057938,-69.2169127284752,-69.2169127284752
528.0700148057938,-69.21521937601999,-69.21521937601999
528.0800148057938,-69.2135531737419,-69.2135531737419
528.0900148057938,-69.2119141127977,-69.2119141127977
528.1000148057938,-69.21030218309829,-69.21030218309829
528.1100148057938,-69.20871737333322,-69.20871737333322
528.1200148057937,-69.20715967098052,-69.20715967098052
528.1300148057937,-69.20562906234692,-69.20562906234692
528.1400148057937,-69.20412553254968,-69.20412553254968
528.1500148057937,-69.20264906558297,-69.20264906558297
528.1600148057937,-69.20119964429394,-69.20119964429394
528.1700148057938,-69.19977725043076,-69.19977725043076
528.1800148057938,-69.19838186464636,-69.19838186464636
528.1900148057938,-69.19701346653113,-69.19701346653113
528.2000148057938,-69.1956720346017,-69.1956720346017
528.2100148057938,-69.19435754635143,-69.19435754635143
528.2200148057938,-69.19306997825747,-69.19306997825747
528.2300148057938,-69.19180930578716,-69.19180930578716
528.2400148057937,-69.19057550342391,-69.19057550342391
528.2500148057937,-69.18936854468697,-69.18936854468697
528.2600148057937,-69.1881884021555,-69.1881884021555
528.2700148057937,-69.18703504745905,-69.18703504745905
528.2800148057937,-69.18590845131087,-69.18590845131087
528.2900148057938,-69.18480858353085,-69.18480858353085
528.3000148057938,-69.18373541305978,-69.18373541305978
528.3100148057938,-69.18268890795105,-69.18268890795105
528.3200148057938,-69.18166903541737,-69.18166903541737
528.3300148057938,-69.1806757618293,-69.1806757618293
528.3400148057938,-69.17970905273295,-69.17970905273295
528.3500148057938,-69.17876887287169,-69.17876887287169
528.3600148057938,-69.17785518619144,-69.17785518619144
528.3700148057937,-69.17696795586033,-69.17696795586033
528.3800148057937,-69.17610714427205,-69.17610714427205
528.3900148057937,-69.17527271308757,-69.17527271308757
528.4000148057937,-69.17446462322408,-69.17446462322408
528.4100148057937,-69.17368283487288,-69.17368283487288
528.4200148057938,-69.1729273075093,-69.1729273075093
528.4300148057938,-69.17219799993498,-69.17219799993498
528.4400148057938,-69.17149487025206,-69.17149487025206
528.4500148057938,-69.17081787589856,-69.17081787589856
528.4600148057938,-69.17016697365439,-69.17016697365439
528.4700148057938,-69.16954211966087,-69.16954211966087
528.4800148057938,-69.16894326942227,-69.16894326942227
528.4900148057937,-69.168370377829,-69.168370377829
528.5000148057937,-69.16782339916057,-69.16782339916057
528.5100148057937,-69.16730228710415,-69.16730228710415
528.5200148057937,-69.16680699475687,-69.16680699475687
528.5300148057937,-69.1663374746571,-69.1663374746571
528.5400148057938,-69.16589367877523,-69.16589367877523
528.5500148057938,-69.16547555854099,-69.16547555854099
528.5600148057938,-69.16508306483391,-69.16508306483391
528.5700148057938,-69.16471614802009,-69.16471614802009
528.5800148057938,-69.16437475794135,-69.16437475794135
528.5900148057938,-69.16405884394618,-69.16405884394618
528.6000148057938,-69.1637683548783,-69.1637683548783
528.6100148057938,-69.16350323909562,-69.16350323909562
528.6200148057937,-69.16326344449311,-69.16326344449311
528.6300148057937,-69.16304891849262,-69.16304891849262
528.6400148057937,-69.1628596080644,-69.1628596080644
528.6500148057937,-69.16269545974424,-69.16269545974424
528.6600148057937,-69.16255641961841,-69.16255641961841
528.6700148057938,-69.16244243336003,-69.16244243336003
528.6800148057938,-69.1623534462297,-69.1623534462297
528.6900148057938,-69.16228940307252,-69.16228940307252
528.7000148296356,-69.16225024825145,-69.16225024825145
528.7100148296356,-69.16222990178855,-69.16222990178855
528.7200148296356,-69.16222567373487,-69.16222567373487
528.7300148296356,-69.16223623079779,-69.16223623079779
528.7400148296356,-69.1622608683554,-69.1622608683554
528.7500148296356,-69.16229923227434,-69.16229923227434
528.7600148296356,-69.16235117414301,-69.16235117414301
528.7700148296357,-69.16241666621261,-69.16241666621261
528.7800148296357,-69.16249575023555,-69.16249575023555
528.7900148296357,-69.16258850659895,-69.16258850659895
528.8000148296356,-69.16269503584662,-69.16269503584662
528.8100148296356,-69.16281544761951,-69.16281544761951
528.8200148296356,-69.16294985417478,-69.16294985417478
528.8300148296356,-69.16309836669758,-69.16309836669758
528.8400148296356,-69.16326109328426,-69.16326109328426
528.8500148296356,-69.16343813793922,-69.16343813793922
528.8600148296356,-69.16362960024527,-69.16362960024527
528.8700148296356,-69.16383557527492,-69.16383557527492
528.8800148296356,-69.16405615383655,-69.16405615383655
528.8900148296357,-69.16429142269004,-69.16429142269004
528.9000148296357,-69.16454146489531,-69.16454146489531
528.9100148296357,-69.16480636011329,-69.16480636011329
528.9200148296356,-69.16508618490886,-69.16508618490886
528.9300148296356,-69.16538101305304,-69.16538101305304
528.9400148296356,-69.16569091575526,-69.16569091575526
528.9500148296356,-69.16601596188575,-69.16601596188575
528.9600148296356,-69.16635019343602,-69.16635019343602
528.9700148296356,-69.16669104130419,-69.16669104130419
528.9800148296356,-69.16703729137396,-69.16703729137396
528.9900148296356,-69.16738835682511,-69.16738835682511
529.0000148296356,-69.16774400001147,-69.16774400001147
529.0100148296356,-69.1681041878586,-69.1681041878586
529.0200148296357,-69.16846900686866,-69.16846900686866
529.0300148296357,-69.16883861205011,-69.16883861205011
529.0400148296357,-69.16921319611563,-69.16921319611563
529.0500148296356,-69.16959297103475,-69.16959297103475
529.0600148296356,-69.1699781570281,-69.1699781570281
529.0700148296356,-69.17036897610328,-69.17036897610328
529.0800148296356,-69.17076564837785,-69.17076564837785
529.0900148296356,-69.17116839008648,-69.17116839008648
529.1000148296356,-69.17157741258596,-69.17157741258596
529.1100148296356,-69.17199292199395,-69.17199292199395
529.1200148296356,-69.17241511915832,-69.17241511915832
529.1300148296356,-69.17284419983697,-69.17284419983697
529.1400148296357,-69.17328035495635,-69.17328035495635
529.1500148296357,-69.17372377094567,-69.17372377094567
529.1600148296357,-69.174174630003,-69.174174630003
529.1700148296356,-69.17463311045495,-69.17463311045495
529.1800148296356,-69.1750993869655,-69.1750993869655
529.1900148296356,-69.17557363083583,-69.17557363083583
529.2000148296356,-69.1760560101918,-69.1760560101918
529.2100148296356,-69.17654669020169,-69.17654669020169
529.2200148296356,-69.17704583319062,-69.17704583319062
529.2300148296356,-69.17755359882815,-69.17755359882815
529.2400148296356,-69.1780701442115,-69.1780701442115
529.2500148296356,-69.17859562399272,-69.17859562399272
529.2600148296356,-69.17913019045164,-69.17913019045164
529.2700148296357,-69.17967399355202,-69.17967399355202
529.2800148296357,-69.18022718102249,-69.18022718102249
529.2900148296357,-69.18078989838779,-69.18078989838779
529.3000148296356,-69.1813622890178,-69.1813622890178
529.3100148296356,-69.18194449417007,-69.18194449417007
529.3200148296356,-69.18253665299497,-69.18253665299497
529.3300148296356,-69.18313890257893,-69.18313890257893
529.3400148296356,-69.1837513779479,-69.1837513779479
529.3500148296356,-69.18437421210669,-69.18437421210669
529.3600148296356,-69.18500753601751,-69.18500753601751
529.3700148296356,-69.18565147863333,-69.18565147863333
529.3800148296356,-69.18630616690484,-69.18630616690484
529.3900148296357,-69.18697172577993,-69.18697172577993
529.4000148296357,-69.18764827822788,-69.18764827822788
529.4100148296357,-69.18833594522067,-69.18833594522067
529.4200148296356,-69.18903484575888,-69.18903484575888
529.4300148296356,-69.18974509686679,-69.18974509686679
529.4400148296356,-69.1904668136006,-69.1904668136006
529.4500148296356,-69.19120010905097,-69.19120010905097
529.4600148296356,-69.19194509435056,-69.19194509435056
529.4700148296356,-69.19270187868666,-69.19270187868666
529.4800148296356,-69.19347056928633,-69.19347056928633
529.4900148296356,-69.19425127144592,-69.19425127144592
529.5000148296356,-69.19504408852792,-69.19504408852792
529.5100148296356,-69.1958491219573,-69.1958491219573
529.5200148296357,-69.19666647123913,-69.19666647123913
529.5300148296357,-69.19749623398184,-69.19749623398184
529.5400148296357,-69.19833850587587,-69.19833850587587
529.5500148534775,-69.19919338274637,-69.19919338274637
529.5600148534775,-69.20006095246218,-69.20006095246218
529.5700148534775,-69.20094130704643,-69.20094130704643
529.5800148534775,-69.20183453467287,-69.20183453467287
529.5900148534774,-69.20274072164412,-69.20274072164412
529.6000148534774,-69.20365995241485,-69.20365995241485
529.6100148534774,-69.2045923096121,-69.2045923096121
529.6200148534775,-69.2055378740306,-69.2055378740306
529.6300148534775,-69.20649672466168,-69.20649672466168
529.6400148534775,-69.20746893869676,-69.20746893869676
529.6500148534775,-69.20845459153638,-69.20845459153638
529.6600148534775,-69.20945375680795,-69.20945375680795
529.6700148534775,-69.21046650637867,-69.21046650637867
529.6800148534775,-69.21149291039022,-69.21149291039022
529.6900148534775,-69.21253303721947,-69.21253303721947
529.7000148534775,-69.2135869535535,-69.2135869535535
529.7100148534774,-69.21465472437352,-69.21465472437352
529.7200148534774,-69.2157364129714,-69.2157364129714
529.7300148534774,-69.21683208095995,-69.21683208095995
529.7400148534775,-69.21794178830291,-69.21794178830291
529.7500148534775,-69.21906559332689,-69.21906559332689
529.7600148534775,-69.22020355273463,-69.22020355273463
529.7700148534775,-69.22135572160826,-69.22135572160826
529.7800148534775,-69.222522153456,-69.222522153456
529.7900148534775,-69.22370290019744,-69.22370290019744
529.8000148534775,-69.22489801220142,-69.22489801220142
529.8100148534775,-69.22610753828504,-69.22610753828504
529.8200148534775,-69.22733152574686,-69.22733152574686
529.8300148534775,-69.22857002037034,-69.22857002037034
529.8400148534774,-69.22982306645571,-69.22982306645571
529.8500148534774,-69.23109070681312,-69.23109070681312
529.8600148534774,-69.2323729828124,-69.2323729828124
529.8700148534775,-69.23366993436363,-69.23366993436363
529.8800148534775,-69.23498159997746,-69.23498159997746
529.8900148534775,-69.23630801672286,-69.23630801672286
529.9000148534775,-69.23764922030988,-69.23764922030988
529.9100148534775,-69.23900524505817,-69.23900524505817
529.9200148534775,-69.2403761239275,-69.2403761239275
529.9300148534775,-69.24176188855019,-69.24176188855019
529.9400148534775,-69.24316256923345,-69.24316256923345
529.9500148534775,-69.24457819497835,-69.24457819497835
529.9600148534774,-69.24600879349147,-69.24600879349147
529.9700148534774,-69.24745439121008,-69.24745439121008
529.9800148534774,-69.24891501331585,-69.24891501331585
529.9900148534775,-69.25039068375591,-69.25039068375591
530.0000148534775,-69.25188142525485,-69.25188142525485
530.0100148534775,-69.25338725932946,-69.25338725932946
530.0200148534775,-69.25490820630942,-69.25490820630942
530.0300148534775,-69.25644428534797,-69.25644428534797
530.0400148534775,-69.25799551444099,-69.25799551444099
530.0500148534775,-69.25956191044784,-69.25956191044784
530.0600148534775,-69.26114348910903,-69.26114348910903
530.0700148534775,-69.26274026505487,-69.26274026505487
530.0800148534775,-69.2643522518116,-69.2643522518116
530.0900148534774,-69.26597946183901,-69.26597946183901
530.1000148534774,-69.26762190653972,-69.26762190653972
530.1100148534774,-69.26927959625391,-69.26927959625391
530.1200148534775,-69.27095254031155,-69.27095254031155
530.1300148534775,-69.27264074702046,-69.27264074702046
530.1400148534775,-69.27434422368066,-69.27434422368066
530.1500148534775,-69.27606297662356,-69.27606297662356
530.1600148534775,-69.27779701119447,-69.27779701119447
530.1700148534775,-69.27954633178871,-69.27954633178871
530.1800148534775,-69.28131094186574,-69.28131094186574
530.1900148534775,-69.28309084395477,-69.28309084395477
530.2000148534775,-69.28488603967413,-69.28488603967413
530.2100148534774,-69.28669652975016,-69.28669652975016
530.2200148534774,-69.28852231400981,-69.28852231400981
530.2300148534774,-69.29036339142469,-69.29036339142469
530.2400148534775,-69.29221976010392,-69.29221976010392
530.2500148534775,-69.29409141732239,-69.29409141732239
530.2600148534775,-69.29597835951195,-69.29597835951195
530.2700148534775,-69.29788058229462,-69.29788058229462
530.2800148534775,-69.29979808049305,-69.29979808049305
530.2900148534775,-69.30173084814929,-69.30173084814929
530.3000148534775,-69.3036788785099,-69.3036788785099
530.3100148534775,-69.30564216406542,-69.30564216406542
530.3200148534775,-69.30762069655464,-69.30762069655464
530.3300148534775,-69.30961446697626,-69.30961446697626
530.3400148534774,-69.31162346560626,-69.31162346560626
530.3500148534774,-69.31364768200028,-69.31364768200028
530.3600148534774,-69.31568710502079,-69.31568710502079
530.3700148534775,-69.31774172282772,-69.31774172282772
530.3800148534775,-69.31981152290957,-69.31981152290957
530.3900148534775,-69.32189649208888,-69.32189649208888
530.4000148773193,-69.32399662153536,-69.32399662153536
530.4100148773193,-69.3261118868085,-69.3261118868085
530.4200148773193,-69.32824227772959,-69.32824227772959
530.4300148773193,-69.33038777857229,-69.33038777857229
530.4400148773193,-69.33254837299019,-69.33254837299019
530.4500148773193,-69.33472404402868,-69.33472404402868
530.4600148773193,-69.33691477414999,-69.33691477414999
530.4700148773194,-69.33912054523405,-69.33912054523405
530.4800148773194,-69.34134133859435,-69.34134133859435
530.4900148773194,-69.34357713498011,-69.34357713498011
530.5000148773194,-69.34582791458492,-69.34582791458492
530.5100148773193,-69.34809365707252,-69.34809365707252
530.5200148773193,-69.35037434158647,-69.35037434158647
530.5300148773193,-69.35266994672533,-69.35266994672533
530.5400148773193,-69.35498045058321,-69.35498045058321
530.5500148773193,-69.35730583077327,-69.35730583077327
530.5600148773193,-69.35964606439738,-69.35964606439738
530.5700148773193,-69.36200112807957,-69.36200112807957
530.5800148773193,-69.36437099796935,-69.36437099796935
530.5900148773194,-69.36675564975312,-69.36675564975312
530.6000148773194,-69.36915505867239,-69.36915505867239
530.6100148773194,-69.37156919949184,-69.37156919949184
530.6200148773194,-69.37399804656332,-69.37399804656332
530.6300148773194,-69.37644157379926,-69.37644157379926
530.6400148773193,-69.3788997546871,-69.3788997546871
530.6500148773193,-69.38137256230499,-69.38137256230499
530.6600148773193,-69.38385996932269,-69.38385996932269
530.6700148773193,-69.38636194801038,-69.38636194801038
530.6800148773193,-69.38887847024861,-69.38887847024861
530.6900148773193,-69.39140950754474,-69.39140950754474
530.7000148773193,-69.39395503100793,-69.39395503100793
530.7100148773193,-69.39651501140726,-69.39651501140726
530.7200148773194,-69.39908941913447,-69.39908941913447
530.7300148773194,-69.40167822422991,-69.40167822422991
530.7400148773194,-69.40428139640169,-69.40428139640169
530.7500148773194,-69.40689890499682,-69.40689890499682
530.7600148773193,-69.4095307190467,-69.4095307190467
530.7700148773193,-69.41217680725775,-69.41217680725775
530.7800148773193,-69.41483713801466,-69.41483713801466
530.7900148773193,-69.41751167938186,-69.41751167938186
530.8000148773193,-69.4202003991418,-69.4202003991418
530.8100148773193,-69.42290326475351,-69.42290326475351
530.8200148773193,-69.4256202433997,-69.4256202433997
530.8300148773193,-69.4283513019747,-69.4283513019747
530.8400148773194,-69.43109640709147,-69.43109640709147
530.8500148773194,-69.43385552509227,-69.43385552509227
530.8600148773194,-69.43662862204776,-69.43662862204776
530.8700148773194,-69.43941566377174,-69.43941566377174
530.8800148773194,-69.44221661581719,-69.44221661581719
530.8900148773193,-69.44503144349083,-69.44503144349083
530.9000148773193,-69.44786011186247,-69.44786011186247
530.9100148773193,-69.45070258574636,-69.45070258574636
530.9200148773193,-69.45355882973392,-69.45355882973392
530.9300148773193,-69.45642880819227,-69.45642880819227
530.9400148773193,-69.45931248526229,-69.45931248526229
530.9500148773193,-69.46220982486645,-69.46220982486645
530.9600148773193,-69.46512079071647,-69.46512079071647
530.9700148773194,-69.46804534631794,-69.46804534631794
530.9800148773194,-69.47098345497581,-69.47098345497581
530.9900148773194,-69.47393507979501,-69.47393507979501
531.0000148773194,-69.47690018368715,-69.47690018368715
531.0100148773193,-69.47987872938658,-69.47987872938658
531.0200148773193,-69.48287067942984,-69.48287067942984
531.0300148773193,-69.48587599618504,-69.48587599618504
531.0400148773193,-69.48889464184694,-69.48889464184694
531.0500148773193,-69.49192657844988,-69.49192657844988
531.0600148773193,-69.49497176784342,-69.49497176784342
531.0700148773193,-69.4980301717316,-69.4980301717316
531.0800148773193,-69.50110175166706,-69.50110175166706
531.0900148773194,-69.50418646902504,-69.50418646902504
531.1000148773194,-69.50728428507334,-69.50728428507334
531.1100148773194,-69.51039516090164,-69.51039516090164
531.1200148773194,-69.51351905747843,-69.51351905747843
531.1300148773194,-69.51665593563901,-69.51665593563901
531.1400148773193,-69.51980575607483,-69.51980575607483
531.1500148773193,-69.52296847935541,-69.52296847935541
531.1600148773193,-69.52614406592721,-69.52614406592721
531.1700148773193,-69.52933247612363,-69.52933247612363
531.1800148773193,-69.53253367015542,-69.53253367015542
531.1900148773193,-69.53574760812121,-69.53574760812121
531.2000148773193,-69.53897425001227,-69.53897425001227
531.2100148773193,-69.5422074941304,-69.5422074941304
531.2200148773194,-69.54544464675446,-69.54544464675446
531.2300148773194,-69.5486843773041,-69.5486843773041
531.2400148773194,-69.55192598665933,-69.55192598665933
531.2500149011612,-69.55516913545559,-69.55516913545559
531.2600149011612,-69.55841366790568,-69.55841366790568
531.2700149011612,-69.56165957285938,-69.56165957285938
531.2800149011612,-69.56490690167918,-69.56490690167918
531.2900149011612,-69.5681557451011,-69.5681557451011
531.3000149011611,-69.57140621469696,-69.57140621469696
531.3100149011611,-69.57465843183269,-69.57465843183269
531.3200149011612,-69.57791252119374,-69.57791252119374
531.3300149011612,-69.58116860706427,-69.58116860706427
531.3400149011612,-69.58442681127906,-69.58442681127906
531.3500149011612,-69.58768725223638,-69.58768725223638
531.3600149011612,-69.59095004449897,-69.59095004449897
531.3700149011612,-69.59421529873802,-69.59421529873802
531.3800149011612,-69.59748312188107,-69.59748312188107
531.3900149011612,-69.60075361736337,-69.60075361736337
531.4000149011612,-69.60402688542254,-69.60402688542254
531.4100149011612,-69.60730302339624,-69.60730302339624
531.4200149011612,-69.6105821259805,-69.6105821259805
531.4300149011611,-69.61386428551404,-69.61386428551404
531.4400149011612,-69.61714959220934,-69.61714959220934
531.4500149011612,-69.62043813434968,-69.62043813434968
531.4600149011612,-69.62372999848448,-69.62372999848448
531.4700149011612,-69.62702526954179,-69.62702526954179
531.4800149011612,-69.63032403100988,-69.63032403100988
531.4900149011612,-69.63362636500369,-69.63362636500369
531.5000149011612,-69.63693235237967,-69.63693235237967
531.5100149011612,-69.64024207280814,-69.64024207280814
531.5200149011612,-69.64355560483125,-69.64355560483125
531.5300149011612,-69.64687302591871,-69.64687302591871
531.5400149011612,-69.65019441250004,-69.65019441250004
531.5500149011611,-69.6535198400086,-69.6535198400086
531.5600149011611,-69.65684938291587,-69.65684938291587
531.5700149011612,-69.66018311471628,-69.66018311471628
531.5800149011612,-69.66352110799163,-69.66352110799163
531.5900149011612,-69.66686343438299,-69.66686343438299
531.6000149011612,-69.67021016462121,-69.67021016462121
531.6100149011612,-69.67356136852875,-69.67356136852875
531.6200149011612,-69.67691711501261,-69.67691711501261
531.6300149011612,-69.68027747207638,-69.68027747207638
531.6400149011612,-69.68364250682951,-69.68364250682951
531.6500149011612,-69.68701228544792,-69.68701228544792
531.6600149011612,-69.69038687323032,-69.69038687323032
531.6700149011612,-69.69376633453828,-69.69376633453828
531.6800149011611,-69.69715073282809,-69.69715073282809
531.6900149011612,-69.700540130641,-69.700540130641
531.7000149011612,-69.70393458959529,-69.70393458959529
531.7100149011612,-69.70733417039747,-69.70733417039747
531.7200149011612,-69.7107389328019,-69.7107389328019
531.7300149011612,-69.71414893564851,-69.71414893564851
531.7400149011612,-69.7175642368472,-69.7175642368472
531.7500149011612,-69.72098489335151,-69.72098489335151
531.7600149011612,-69.72441096120613,-69.72441096120613
531.7700149011612,-69.7278424955015,-69.7278424955015
531.7800149011612,-69.73127955036729,-69.73127955036729
531.7900149011612,-69.73472217901761,-69.73472217901761
531.8000149011611,-69.73817043370869,-69.73817043370869
531.8100149011611,-69.74162436575246,-69.74162436575246
531.8200149011612,-69.74508402550752,-69.74508402550752
531.8300149011612,-69.7485494624147,-69.7485494624147
531.8400149011612,-69.75202072493317,-69.75202072493317
531.8500149011612,-69.75549786059696,-69.75549786059696
531.8600149011612,-69.75898091600565,-69.75898091600565
531.8700149011612,-69.76246993679949,-69.76246993679949
531.8800149011612,-69.7659649677029,-69.7659649677029
531.8900149011612,-69.76946605247895,-69.76946605247895
531.9000149011612,-69.77297323397093,-69.77297323397093
531.9100149011612,-69.77648655409554,-69.77648655409554
531.9200149011612,-69.78000605383835,-69.78000605383835
531.9300149011611,-69.78353177325843,-69.78353177325843
531.9400149011612,-69.7870637515076,-69.7870637515076
531.9500149011612,-69.79060202682308,-69.79060202682308
531.9600149011612,-69.79414663652065,-69.79414663652065
531.9700149011612,-69.79769761702012,-69.79769761702012
531.9800149011612,-69.80125500384975,-69.80125500384975
531.9900149011612,-69.80481883162963,-69.80481883162963
532.0000149011612,-69.80838913410342,-69.80838913410342
532.0100149011612,-69.81196594412607,-69.81196594412607
532.0200149011612,-69.8155492936875,-69.8155492936875
532.0300149011612,-69.81913921390087,-69.81913921390087
532.0400149011612,-69.82273573502462,-69.82273573502462
532.0500149011611,-69.82633888645121,-69.82633888645121
532.0600149011611,-69.82994869673304,-69.82994869673304
532.0700149011612,-69.83356519357511,-69.83356519357511
532.0800149011612,-69.83718840386005,-69.83718840386005
532.0900149011612,-69.84081835363952,-69.84081835363952
532.100014925003,-69.8444550767972,-69.8444550767972
532.110014925003,-69.84809858047015,-69.84809858047015
532.120014925003,-69.85174889688349,-69.85174889688349
532.130014925003,-69.85540604886722,-69.85540604886722
532.140014925003,-69.85907005846042,-69.85907005846042
532.150014925003,-69.86274094691056,-69.86274094691056
532.160014925003,-69.8664187346948,-69.8664187346948
532.1700149250031,-69.87010344153224,-69.87010344153224
532.1800149250031,-69.87379508639522,-69.87379508639522
532.1900149250031,-69.87749368748594,-69.87749368748594
532.2000149250031,-69.88119926228377,-69.88119926228377
532.2100149250031,-69.88490573509898,-69.88490573509898
532.220014925003,-69.8886104539615,-69.8886104539615
532.230014925003,-69.89231213584036,-69.89231213584036
532.240014925003,-69.8960101314169,-69.8960101314169
532.250014925003,-69.89970414437138,-69.89970414437138
532.260014925003,-69.90339408546444,-69.90339408546444
532.270014925003,-69.90707998693291,-69.90707998693291
532.280014925003,-69.91076195105991,-69.91076195105991
532.2900149250031,-69.91444011919542,-69.91444011919542
532.3000149250031,-69.91811465318503,-69.91811465318503
532.3100149250031,-69.921785724286,-69.921785724286
532.3200149250031,-69.92545350665102,-69.92545350665102
532.3300149250031,-69.92911817361745,-69.92911817361745
532.3400149250031,-69.93277989565553,-69.93277989565553
532.350014925003,-69.93643883936903,-69.93643883936903
532.360014925003,-69.9400951670785,-69.9400951670785
532.370014925003,-69.94374903677956,-69.94374903677956
532.380014925003,-69.9474006022903,-69.9474006022903
532.390014925003,-69.95105001348394,-69.95105001348394
532.400014925003,-69.95469741660055,-69.95469741660055
532.410014925003,-69.95834295452745,-69.95834295452745
532.4200149250031,-69.96198676709308,-69.96198676709308
532.4300149250031,-69.96562899130814,-69.96562899130814
532.4400149250031,-69.96926976161288,-69.96926976161288
532.4500149250031,-69.97290921008526,-69.97290921008526
532.4600149250031,-69.9765474666234,-69.9765474666234
532.470014925003,-69.98018465908373,-69.98018465908373
532.480014925003,-69.98382091341456,-69.98382091341456
532.490014925003,-69.98745635379058,-69.98745635379058
532.500014925003,-69.9910911026869,-69.9910911026869
532.510014925003,-69.99472528094603,-69.99472528094603
532.520014925003,-69.99835900786753,-69.99835900786753
532.530014925003,-70.00199240126577,-70.00199240126577
532.5400149250031,-70.00562557746615,-70.00562557746615
532.5500149250031,-70.00925865140327,-70.00925865140327
532.5600149250031,-70.01289173661225,-70.01289173661225
532.5700149250031,-70.0165249452633,-70.0165249452633
532.5800149250031,-70.02015838818127,-70.02015838818127
532.5900149250031,-70.02379217486703,-70.02379217486703
532.600014925003,-70.0274264134879,-70.0274264134879
532.610014925003,-70.0310612109049,-70.0310612109049
532.620014925003,-70.03469667268308,-70.03469667268308
532.630014925003,-70.03833290308103,-70.03833290308103
532.640014925003,-70.04197000506109,-70.04197000506109
532.650014925003,-70.04560808030526,-70.04560808030526
532.660014925003,-70.04924722918894,-70.04924722918894
532.6700149250031,-70.05288755080623,-70.05288755080623
532.6800149250031,-70.05652914295878,-70.05652914295878
532.6900149250031,-70.06017210217502,-70.06017210217502
532.7000149250031,-70.0638165236733,-70.0638165236733
532.7100149250031,-70.06746250139231,-70.06746250139231
532.720014925003,-70.071110127996,-70.071110127996
532.730014925003,-70.07475949484133,-70.07475949484133
532.740014925003,-70.0784106920188,-70.0784106920188
532.750014925003,-70.08206380831874,-70.08206380831874
532.760014925003,-70.08571893125735,-70.08571893125735
532.770014925003,-70.08937614706862,-70.08937614706862
532.780014925003,-70.09303554070111,-70.09303554070111
532.7900149250031,-70.09669719582419,-70.09669719582419
532.8000149250031,-70.10036119484661,-70.10036119484661
532.8100149250031,-70.10402761889462,-70.10402761889462
532.8200149250031,-70.10769654782177,-70.10769654782177
532.8300149250031,-70.11136806021352,-70.11136806021352
532.8400149250031,-70.11504223341178,-70.11504223341178
532.850014925003,-70.11871914349008,-70.11871914349008
532.860014925003,-70.12239886527375,-70.12239886527375
532.870014925003,-70.12608147234191,-70.12608147234191
532.880014925003,-70.12976703703721,-70.12976703703721
532.890014925003,-70.13345563046438,-70.13345563046438
532.900014925003,-70.13714732249342,-70.13714732249342
532.910014925003,-70.14084218178324,-70.14084218178324
532.9200149250031,-70.14454027576791,-70.14454027576791
532.9300149250031,-70.14824167069217,-70.14824167069217
532.9400149250031,-70.1519464315846,-70.1519464315846
532.9500149488449,-70.1556546311113,-70.1556546311113
532.9600149488449,-70.15936631430039,-70.15936631430039
532.9700149488449,-70.16308155142531,-70.16308155142531
532.9800149488449,-70.16680040281099,-70.16680040281099
532.9900149488449,-70.17052292761646,-70.17052292761646
533.0000149488449,-70.17424918384589,-70.17424918384589
533.0100149488449,-70.17797922836316,-70.17797922836316
533.020014948845,-70.18171311690628,-70.18171311690628
533.030014948845,-70.185450904087,-70.185450904087
533.0400149488449,-70.18919264341328,-70.18919264341328
533.0500149488449,-70.19293838727567,-70.19293838727567
533.0600149488449,-70.19668818698044,-70.19668818698044
533.0700149488449,-70.2004420927607,-70.2004420927607
533.0800149488449,-70.2042001537628,-70.2042001537628
533.0900149488449,-70.20796241807413,-70.20796241807413
533.1000149488449,-70.2117289327339,-70.2117289327339
533.1100149488449,-70.21549974374565,-70.21549974374565
533.1200149488449,-70.21927489606381,-70.21927489606381
533.1300149488449,-70.22305443365215,-70.22305443365215
533.140014948845,-70.22683839942763,-70.22683839942763
533.150014948845,-70.23062683534562,-70.23062683534562
533.160014948845,-70.23441978235357,-70.23441978235357
533.1700149488449,-70.23821728042034,-70.23821728042034
533.1800149488449,-70.24201936855656,-70.24201936855656
533.1900149488449,-70.24582608481104,-70.24582608481104
533.2000149488449,-70.24963746629624,-70.24963746629624
533.2100149488449,-70.25344742429188,-70.25344742429188
533.2200149488449,-70.25725331147717,-70.25725331147717
533.2300149488449,-70.26105385627606,-70.26105385627606
533.2400149488449,-70.26484842381427,-70.26484842381427
533.2500149488449,-70.2686367337436,-70.2686367337436
533.2600149488449,-70.27241871361804,-70.27241871361804
533.270014948845,-70.27619441289676,-70.27619441289676
533.280014948845,-70.27996395127057,-70.27996395127057
533.2900149488449,-70.2837274875676,-70.2837274875676
533.3000149488449,-70.28748520108972,-70.28748520108972
533.3100149488449,-70.29123728047898,-70.29123728047898
533.3200149488449,-70.29498391720772,-70.29498391720772
533.3300149488449,-70.29872530180988,-70.29872530180988
533.3400149488449,-70.30246162184696,-70.30246162184696
533.3500149488449,-70.306193060885,-70.306193060885
533.3600149488449,-70.30991979809235,-70.30991979809235
533.3700149488449,-70.31364200818491,-70.31364200818491
533.3800149488449,-70.31735986157926,-70.31735986157926
533.390014948845,-70.3210735246209,-70.3210735246209
533.400014948845,-70.32478315990177,-70.32478315990177
533.410014948845,-70.32848892652083,-70.32848892652083
533.4200149488449,-70.33219098038325,-70.33219098038325
533.4300149488449,-70.33588947447393,-70.33588947447393
533.4400149488449,-70.3395845590736,-70.3395845590736
533.4500149488449,-70.34327638197061,-70.34327638197061
533.4600149488449,-70.34695895594633,-70.34695895594633
533.4700149488449,-70.35062973854933,-70.35062973854933
533.4800149488449,-70.35428756378757,-70.35428756378757
533.4900149488449,-70.35793190216881,-70.35793190216881
533.5000149488449,-70.3615625782666,-70.3615625782666
533.5100149488449,-70.36517962396645,-70.36517962396645
533.520014948845,-70.36878319242109,-70.36878319242109
533.530014948845,-70.37237350637788,-70.37237350637788
533.5400149488449,-70.37595082704165,-70.37595082704165
533.5500149488449,-70.37951543545671,-70.37951543545671
533.5600149488449,-70.38306762135281,-70.38306762135281
533.5700149488449,-70.3866076766518,-70.3866076766518
533.5800149488449,-70.39013589169791,-70.39013589169791
533.5900149488449,-70.39365255322456,-70.39365255322456
533.6000149488449,-70.39715794333527,-70.39715794333527
533.6100149488449,-70.40065233908904,-70.40065233908904
533.6200149488449,-70.40413601244474,-70.40413601244474
533.6300149488449,-70.40760923041304,-70.40760923041304
533.640014948845,-70.41107225525919,-70.41107225525919
533.650014948845,-70.4145253448484,-70.4145253448484
533.660014948845,-70.41796875285695,-70.41796875285695
533.6700149488449,-70.42140272909553,-70.42140272909553
533.6800149488449,-70.42482751974272,-70.42482751974272
533.6900149488449,-70.42824336756951,-70.42824336756951
533.7000149488449,-70.43165051213785,-70.43165051213785
533.7100149488449,-70.43504918997438,-70.43504918997438
533.7200149488449,-70.4384396347115,-70.4384396347115
533.7300149488449,-70.44182207720186,-70.44182207720186
533.7400149488449,-70.44519674563233,-70.44519674563233
533.7500149488449,-70.44856386560998,-70.44856386560998
533.7600149488449,-70.45192366022059,-70.45192366022059
533.770014948845,-70.45527635009617,-70.45527635009617
533.780014948845,-70.45862215346529,-70.45862215346529
533.7900149488449,-70.46196128618718,-70.46196128618718
533.8000149726868,-70.46529396971884,-70.46529396971884
533.8100149726868,-70.4686203993752,-70.4686203993752
533.8200149726867,-70.47194079200956,-70.47194079200956
533.8300149726867,-70.47525535426479,-70.47525535426479
533.8400149726867,-70.47856429049648,-70.47856429049648
533.8500149726867,-70.48186780280835,-70.48186780280835
533.8600149726867,-70.48516609104426,-70.48516609104426
533.8700149726868,-70.48845935281634,-70.48845935281634
533.8800149726868,-70.49174778348136,-70.49174778348136
533.8900149726868,-70.49503157616489,-70.49503157616489
533.9000149726868,-70.4983109217389,-70.4983109217389
533.9100149726868,-70.50158600885646,-70.50158600885646
533.9200149726868,-70.50485702392619,-70.50485702392619
533.9300149726868,-70.50812415112985,-70.50812415112985
533.9400149726868,-70.51138757241235,-70.51138757241235
533.9500149726867,-70.5146474674944,-70.5146474674944
533.9600149726867,-70.51790401387537,-70.51790401387537
533.9700149726867,-70.52115738681721,-70.52115738681721
533.9800149726867,-70.52440775938041,-70.52440775938041
533.9900149726868,-70.52765530238993,-70.52765530238993
534.0000149726868,-70.53090018448283,-70.53090018448283
534.0100149726868,-70.53414257207874,-70.53414257207874
534.0200149726868,-70.53738262938627,-70.53738262938627
534.0300149726868,-70.54062051844231,-70.54062051844231
534.0400149726868,-70.54385639908013,-70.54385639908013
534.0500149726868,-70.54709042896002,-70.54709042896002
534.0600149726868,-70.55032276357342,-70.55032276357342
534.0700149726867,-70.55355355623823,-70.55355355623823
534.0800149726867,-70.556782958136,-70.556782958136
534.0900149726867,-70.56001111828927,-70.56001111828927
534.1000149726867,-70.56323818359627,-70.56323818359627
534.1100149726867,-70.56646429883,-70.56646429883
534.1200149726868,-70.56968960665336,-70.56968960665336
534.1300149726868,-70.57291424763865,-70.57291424763865
534.1400149726868,-70.57613836025712,-70.57613836025712
534.1500149726868,-70.57936208092586,-70.57936208092586
534.1600149726868,-70.58258554398087,-70.58258554398087
534.1700149726868,-70.58580888173287,-70.58580888173287
534.1800149726868,-70.58903222444206,-70.58903222444206
534.1900149726868,-70.59225570037295,-70.59225570037295
534.2000149726867,-70.59547943577518,-70.59547943577518
534.2100149726867,-70.59870355490183,-70.59870355490183
534.2200149726867,-70.601928180063,-70.601928180063
534.2300149726867,-70.60515343158642,-70.60515343158642
534.2400149726868,-70.60837942786081,-70.60837942786081
534.2500149726868,-70.61160628538454,-70.61160628538454
534.2600149726868,-70.61483411870594,-70.61483411870594
534.2700149726868,-70.61806304051754,-70.61806304051754
534.2800149726868,-70.62129316162311,-70.62129316162311
534.2900149726868,-70.62452459096981,-70.62452459096981
534.3000149726868,-70.62775743567573,-70.62775743567573
534.3100149726868,-70.63099180103379,-70.63099180103379
534.3200149726867,-70.6342277905346,-70.6342277905346
534.3300149726867,-70.63746550588387,-70.63746550588387
534.3400149726867,-70.64070504702792,-70.64070504702792
534.3500149726867,-70.6439465121442,-70.6439465121442
534.3600149726867,-70.64718999770301,-70.64718999770301
534.3700149726868,-70.65043559844005,-70.65043559844005
534.3800149726868,-70.65368340741472,-70.65368340741472
534.3900149726868,-70.65693351598962,-70.65693351598962
534.4000149726868,-70.66018601389486,-70.66018601389486
534.4100149726868,-70.66344098919471,-70.66344098919471
534.4200149726868,-70.66669852834687,-70.66669852834687
534.4300149726868,-70.66995871620529,-70.66995871620529
534.4400149726868,-70.6732216360295,-70.6732216360295
534.4500149726867,-70.67648736951188,-70.67648736951188
534.4600149726867,-70.67975599680557,-70.67975599680557
534.4700149726867,-70.68302759652329,-70.68302759652329
534.4800149726867,-70.6863022457746,-70.6863022457746
534.4900149726868,-70.68958002016133,-70.68958002016133
534.5000149726868,-70.69286099381658,-70.69286099381658
534.5100149726868,-70.69614523941381,-70.69614523941381
534.5200149726868,-70.699432828178,-70.699432828178
534.5300149726868,-70.70272382991914,-70.70272382991914
534.5400149726868,-70.70601831303608,-70.70601831303608
534.5500149726868,-70.70931634454456,-70.70931634454456
534.5600149726868,-70.71261799008403,-70.71261799008403
534.5700149726867,-70.71592331393995,-70.71592331393995
534.5800149726867,-70.71923237906297,-70.71923237906297
534.5900149726867,-70.72254524708343,-70.72254524708343
534.6000149726867,-70.7258619783301,-70.7258619783301
534.6100149726867,-70.72918263185117,-70.72918263185117
534.6200149726868,-70.73250726540836,-70.73250726540836
534.6300149726868,-70.73583593554393,-70.73583593554393
534.6400149726868,-70.73916869752591,-70.73916869752591
534.6500149965286,-70.7425056133785,-70.7425056133785
534.6600149965286,-70.74584672009195,-70.74584672009195
534.6700149965286,-70.74919207726761,-70.74919207726761
534.6800149965286,-70.75254173541487,-70.75254173541487
534.6900149965286,-70.75589574387911,-70.75589574387911
534.7000149965286,-70.7592541508801,-70.7592541508801
534.7100149965286,-70.76261700350342,-70.76261700350342
534.7200149965287,-70.7659843477312,-70.7659843477312
534.7300149965287,-70.7693562284475,-70.7693562284475
534.7400149965287,-70.7727326894673,-70.7727326894673
534.7500149965286,-70.7761137735301,-70.7761137735301
534.7600149965286,-70.77949952234279,-70.77949952234279
534.7700149965286,-70.78288997656583,-70.78288997656583
534.7800149965286,-70.78628517583812,-70.78628517583812
534.7900149965286,-70.78968515880487,-70.78968515880487
534.8000149965286,-70.79308996311849,-70.79308996311849
534.8100149965286,-70.7964996254475,-70.7964996254475
534.8200149965286,-70.79991418150519,-70.79991418150519
534.8300149965286,-70.8033336660535,-70.8033336660535
534.8400149965287,-70.8067581129175,-70.8067581129175
534.8500149965287,-70.81018755500496,-70.81018755500496
534.8600149965287,-70.8136220243163,-70.8136220243163
534.8700149965287,-70.81706155194709,-70.81706155194709
534.8800149965286,-70.8205061681179,-70.8205061681179
534.8900149965286,-70.82395590217756,-70.82395590217756
534.9000149965286,-70.82741078261817,-70.82741078261817
534.9100149965286,-70.83087083709323,-70.83087083709323
534.9200149965286,-70.83433609241686,-70.83433609241686
534.9300149965286,-70.83780657458834,-70.83780657458834
534.9400149965286,-70.8412823087983,-70.8412823087983
534.9500149965286,-70.84476331943691,-70.84476331943691
534.9600149965286,-70.8482434538588,-70.8482434538588
534.9700149965287,-70.85172003025302,-70.85172003025302
534.9800149965287,-70.85519175422571,-70.85519175422571
534.9900149965287,-70.85865797343988,-70.85865797343988
535.0000149965286,-70.86211839306638,-70.86211839306638
535.0100149965286,-70.86557292798518,-70.86557292798518
535.0200149965286,-70.86902161608073,-70.86902161608073
535.0300149965286,-70.87246456614957,-70.87246456614957
535.0400149965286,-70.87590192657925,-70.87590192657925
535.0500149965286,-70.87933386653312,-70.87933386653312
535.0600149965286,-70.88276056475964,-70.88276056475964
535.0700149965286,-70.88618220298092,-70.88618220298092
535.0800149965286,-70.88959896216748,-70.88959896216748
535.0900149965287,-70.89301102043436,-70.89301102043436
535.1000149965287,-70.89641855204368,-70.89641855204368
535.1100149965287,-70.89982172698195,-70.89982172698195
535.1200149965287,-70.90322071090829,-70.90322071090829
535.1300149965286,-70.90661566530562,-70.90661566530562
535.1400149965286,-70.91000674773558,-70.91000674773558
535.1500149965286,-70.91339411210024,-70.91339411210024
535.1600149965286,-70.91677790896865,-70.91677790896865
535.1700149965286,-70.92015828584395,-70.92015828584395
535.1800149965286,-70.92353538743524,-70.92353538743524
535.1900149965286,-70.92690935587878,-70.92690935587878
535.2000149965286,-70.93028033095108,-70.93028033095108
535.2100149965286,-70.93364845025751,-70.93364845025751
535.2200149965287,-70.93701384936273,-70.93701384936273
535.2300149965287,-70.94037666194976,-70.94037666194976
535.2400149965287,-70.9437370199093,-70.9437370199093
535.2500149965286,-70.94709505344198,-70.94709505344198
535.2600149965286,-70.95045089113414,-70.95045089113414
535.2700149965286,-70.95380466003049,-70.95380466003049
535.2800149965286,-70.95715648567453,-70.95715648567453
535.2900149965286,-70.96050649215867,-70.96050649215867
535.3000149965286,-70.96385480214737,-70.96385480214737
535.3100149965286,-70.96720153693245,-70.96720153693245
535.3200149965286,-70.97054681644691,-70.97054681644691
535.3300149965286,-70.97389075925372,-70.97389075925372
535.3400149965287,-70.97723348260905,-70.97723348260905
535.3500149965287,-70.98057510243531,-70.98057510243531
535.3600149965287,-70.98391573334133,-70.98391573334133
535.3700149965287,-70.98725548863112,-70.98725548863112
535.3800149965286,-70.9905944803039,-70.9905944803039
535.3900149965286,-70.99393281906997,-70.99393281906997
535.4000149965286,-70.99727061433289,-70.99727061433289
535.4100149965286,-71.00060797420107,-71.00060797420107
535.4200149965286,-71.00394500548734,-71.00394500548734
535.4300149965286,-71.00728181371578,-71.00728181371578
535.4400149965286,-71.01061850310707,-71.01061850310707
535.4500149965286,-71.01395517657954,-71.01395517657954
535.4600149965286,-71.01729193577401,-71.01729193577401
535.4700149965287,-71.02062888101834,-71.02062888101834
535.4800149965287,-71.02396611136243,-71.02396611136243
535.4900149965287,-71.02730372454208,-71.02730372454208
535.5000150203705,-71.03064182494826,-71.03064182494826
535.5100150203705,-71.03398049184527,-71.03398049184527
535.5200150203705,-71.03731982702972,-71.03731982702972
535.5300150203705,-71.04065992306471,-71.04065992306471
535.5400150203704,-71.04400087121861,-71.04400087121861
535.5500150203704,-71.04734276149148,-71.04734276149148
535.5600150203704,-71.05068568256817,-71.05068568256817
535.5700150203705,-71.05402972186835,-71.05402972186835
535.5800150203705,-71.05737496553594,-71.05737496553594
535.5900150203705,-71.06072149842149,-71.06072149842149
535.6000150203705,-71.06406940411486,-71.06406940411486
535.6100150203705,-71.06741876493345,-71.06741876493345
535.6200150203705,-71.07076966193837,-71.07076966193837
535.6300150203705,-71.07412217492146,-71.07412217492146
535.6400150203705,-71.07747638243812,-71.07747638243812
535.6500150203705,-71.08083236178283,-71.08083236178283
535.6600150203705,-71.08419018902343,-71.08419018902343
535.6700150203704,-71.08754993898152,-71.08754993898152
535.6800150203704,-71.09091168526393,-71.09091168526393
535.6900150203705,-71.09427550025258,-71.09427550025258
535.7000150203705,-71.0976414551273,-71.0976414551273
535.7100150203705,-71.10100961984311,-71.10100961984311
535.7200150203705,-71.10438006317526,-71.10438006317526
535.7300150203705,-71.10775285271268,-71.10775285271268
535.7400150203705,-71.11112805485527,-71.11112805485527
535.7500150203705,-71.11450573482789,-71.11450573482789
535.7600150203705,-71.11788595671496,-71.11788595671496
535.7700150203705,-71.12126878342909,-71.12126878342909
535.7800150203705,-71.12465427674529,-71.12465427674529
535.7900150203704,-71.12804249729915,-71.12804249729915
535.8000150203704,-71.13143350461914,-71.13143350461914
535.8100150203704,-71.13482735709599,-71.13482735709599
535.8200150203705,-71.13822411202693,-71.13822411202693
535.8300150203705,-71.14162382561717,-71.14162382561717
535.8400150203705,-71.14502655298085,-71.14502655298085
535.8500150203705,-71.148432348149,-71.148432348149
535.8600150203705,-71.15184126410668,-71.15184126410668
535.8700150203705,-71.15525335276756,-71.15525335276756
535.8800150203705,-71.15866866501594,-71.15866866501594
535.8900150203705,-71.1620872506895,-71.1620872506895
535.9000150203705,-71.16550915860515,-71.16550915860515
535.9100150203705,-71.16893443657766,-71.16893443657766
535.9200150203704,-71.17236313141068,-71.17236313141068
535.9300150203704,-71.17579528890812,-71.17579528890812
535.9400150203705,-71.17923095391559,-71.17923095391559
535.9500150203705,-71.18267017029383,-71.18267017029383
535.9600150203705,-71.18611298094854,-71.18611298094854
535.9700150203705,-71.18955942783214,-71.18955942783214
535.9800150203705,-71.19300955196101,-71.19300955196101
535.9900150203705,-71.19646339342684,-71.19646339342684
536.0000150203705,-71.19992099140515,-71.19992099140515
536.0100150203705,-71.20338238416626,-71.20338238416626
536.0200150203705,-71.20684760908516,-71.20684760908516
536.0300150203705,-71.21031670264647,-71.21031670264647
536.0400150203704,-71.2137897004672,-71.2137897004672
536.0500150203704,-71.21726663730597,-71.21726663730597
536.0600150203704,-71.22074754705405,-71.22074754705405
536.0700150203705,-71.22423246276702,-71.22423246276702
536.0800150203705,-71.22772141667724,-71.22772141667724
536.0900150203705,-71.23121444018852,-71.23121444018852
536.1000150203705,-71.23471156389544,-71.23471156389544
536.1100150203705,-71.23821281758711,-71.23821281758711
536.1200150203705,-71.24171823026987,-71.24171823026987
536.1300150203705,-71.2452278301637,-71.2452278301637
536.1400150203705,-71.24874164471551,-71.24874164471551
536.1500150203705,-71.25225970062638,-71.25225970062638
536.1600150203705,-71.25578202383073,-71.25578202383073
536.1700150203704,-71.25930863953839,-71.25930863953839
536.1800150203704,-71.26283957221673,-71.26283957221673
536.1900150203705,-71.26637484560875,-71.26637484560875
536.2000150203705,-71.26991448276678,-71.26991448276678
536.2100150203705,-71.27345229163491,-71.27345229163491
536.2200150203705,-71.27698557188364,-71.27698557188364
536.2300150203705,-71.28051301893831,-71.28051301893831
536.2400150203705,-71.28403397412742,-71.28403397412742
536.2500150203705,-71.28754813848228,-71.28754813848228
536.2600150203705,-71.29105542405499,-71.29105542405499
536.2700150203705,-71.29455586670592,-71.29455586670592
536.2800150203705,-71.2980495737686,-71.2980495737686
536.2900150203704,-71.30153669251236,-71.30153669251236
536.3000150203704,-71.30501739124107,-71.30501739124107
536.3100150203704,-71.30849184803022,-71.30849184803022
536.3200150203705,-71.311960244095,-71.311960244095
536.3300150203705,-71.3154227600222,-71.3154227600222
536.3400150203705,-71.31887957366045,-71.31887957366045
536.3500150442123,-71.32233086733332,-71.32233086733332
536.3600150442123,-71.32577679449994,-71.32577679449994
536.3700150442123,-71.3292175290781,-71.3292175290781
536.3800150442123,-71.33265323267347,-71.33265323267347
536.3900150442123,-71.33608406303058,-71.33608406303058
536.4000150442123,-71.33951017434553,-71.33951017434553
536.4100150442123,-71.34293171753151,-71.34293171753151
536.4200150442124,-71.34634884053322,-71.34634884053322
536.4300150442124,-71.34976168856478,-71.34976168856478
536.4400150442124,-71.35317040434546,-71.35317040434546
536.4500150442124,-71.35657512830205,-71.35657512830205
536.4600150442124,-71.3599759987482,-71.3599759987482
536.4700150442123,-71.36337315204194,-71.36337315204194
536.4800150442123,-71.36676672269301,-71.36676672269301
536.4900150442123,-71.37015684350895,-71.37015684350895
536.5000150442123,-71.37354364565147,-71.37354364565147
536.5100150442123,-71.37692725872884,-71.37692725872884
536.5200150442123,-71.38030781085057,-71.38030781085057
536.5300150442123,-71.38368542869019,-71.38368542869019
536.5400150442124,-71.38706023751303,-71.38706023751303
536.5500150442124,-71.3904323612338,-71.3904323612338
536.5600150442124,-71.39380192240169,-71.39380192240169
536.5700150442124,-71.39716904227518,-71.39716904227518
536.5800150442124,-71.40053384079171,-71.40053384079171
536.5900150442124,-71.40389643661712,-71.40389643661712
536.6000150442123,-71.40725694711517,-71.40725694711517
536.6100150442123,-71.41061548839473,-71.41061548839473
536.6200150442123,-71.41397217529618,-71.41397217529618
536.6300150442123,-71.41732712138806,-71.41732712138806
536.6400150442123,-71.4206804389774,-71.4206804389774
536.6500150442123,-71.42403223911312,-71.42403223911312
536.6600150442123,-71.42738263158564,-71.42738263158564
536.6700150442124,-71.43073172490786,-71.43073172490786
536.6800150442124,-71.434079626351,-71.434079626351
536.6900150442124,-71.4374264419013,-71.4374264419013
536.7000150442124,-71.44077227629715,-71.44077227629715
536.7100150442124,-71.4441172329913,-71.4441172329913
536.7200150442123,-71.44746141417905,-71.44746141417905
536.7300150442123,-71.45080492078148,-71.45080492078148
536.7400150442123,-71.4541478524527,-71.4541478524527
536.7500150442123,-71.45749030757244,-71.45749030757244
536.7600150442123,-71.46083238326236,-71.46083238326236
536.7700150442123,-71.46417417534917,-71.46417417534917
536.7800150442123,-71.46751577841323,-71.46751577841323
536.7900150442124,-71.47085728574704,-71.47085728574704
536.8000150442124,-71.47419878940092,-71.47419878940092
536.8100150442124,-71.47754038013615,-71.47754038013615
536.8200150442124,-71.48088214745708,-71.48088214745708
536.8300150442124,-71.4842241796104,-71.4842241796104
536.8400150442124,-71.48756656358428,-71.48756656358428
536.8500150442123,-71.49090938510933,-71.49090938510933
536.8600150442123,-71.49425272866038,-71.49425272866038
536.8700150442123,-71.49759667748673,-71.49759667748673
536.8800150442123,-71.50094131357271,-71.50094131357271
536.8900150442123,-71.50428671768518,-71.50428671768518
536.9000150442123,-71.50763296934727,-71.50763296934727
536.9100150442123,-71.51098014686633,-71.51098014686633
536.9200150442124,-71.51432832731285,-71.51432832731285
536.9300150442124,-71.51767758656018,-71.51767758656018
536.9400150442124,-71.52102799928089,-71.52102799928089
536.9500150442124,-71.52437963893266,-71.52437963893266
536.9600150442124,-71.52773257778678,-71.52773257778678
536.9700150442123,-71.53108688693105,-71.53108688693105
536.9800150442123,-71.53444263627844,-71.53444263627844
536.9900150442123,-71.53779989457205,-71.53779989457205
537.0000150442123,-71.54115872938412,-71.54115872938412
537.0100150442123,-71.54451920715162,-71.54451920715162
537.0200150442123,-71.54788139315671,-71.54788139315671
537.0300150442123,-71.55124535155328,-71.55124535155328
537.0400150442124,-71.55461114536999,-71.55461114536999
537.0500150442124,-71.55797883651887,-71.55797883651887
537.0600150442124,-71.56134848580065,-71.56134848580065
537.0700150442124,-71.56472015291413,-71.56472015291413
537.0800150442124,-71.56809389648167,-71.56809389648167
537.0900150442124,-71.57146977404031,-71.57146977404031
537.1000150442123,-71.5748478420618,-71.5748478420618
537.1100150442123,-71.5782281559638,-71.5782281559638
537.1200150442123,-71.58161077010726,-71.58161077010726
537.1300150442123,-71.58499573781917,-71.58499573781917
537.1400150442123,-71.58838311139931,-71.58838311139931
537.1500150442123,-71.59177294213067,-71.59177294213067
537.1600150442123,-71.59516528027966,-71.59516528027966
537.1700150442124,-71.59856017512857,-71.59856017512857
537.1800150442124,-71.60195767496731,-71.60195767496731
537.1900150442124,-71.60535782710923,-71.60535782710923
537.2000150680542,-71.6087606860054,-71.6087606860054
537.2100150680542,-71.6121662808583,-71.6121662808583
537.2200150680542,-71.61557466419947,-71.61557466419947
537.2300150680542,-71.6189858795483,-71.6189858795483
537.2400150680542,-71.62239996948622,-71.62239996948622
537.2500150680542,-71.6258169756972,-71.6258169756972
537.2600150680541,-71.62923693896028,-71.62923693896028
537.2700150680542,-71.63265989915371,-71.63265989915371
537.2800150680542,-71.63608589528144,-71.63608589528144
537.2900150680542,-71.63951496547374,-71.63951496547374
537.3000150680542,-71.64294714700365,-71.64294714700365
537.3100150680542,-71.64638247628069,-71.64638247628069
537.3200150680542,-71.64982098887799,-71.64982098887799
537.3300150680542,-71.65326271955688,-71.65326271955688
537.3400150680542,-71.65670770224044,-71.65670770224044
537.3500150680542,-71.6601559700526,-71.6601559700526
537.3600150680542,-71.66360755530553,-71.66360755530553
537.3700150680542,-71.66706248953471,-71.66706248953471
537.3800150680541,-71.67052080348145,-71.67052080348145
537.3900150680543,-71.67398252713609,-71.67398252713609
537.4000150680542,-71.67744768972717,-71.67744768972717
537.4100150680542,-71.68091631971743,-71.68091631971743
537.4200150680542,-71.68438844484837,-71.68438844484837
537.4300150680542,-71.68786409212218,-71.68786409212218
537.4400150680542,-71.69134328782873,-71.69134328782873
537.4500150680542,-71.69482605753541,-71.69482605753541
537.4600150680542,-71.69831242611353,-71.69831242611353
537.4700150680542,-71.70180241774544,-71.70180241774544
537.4800150680542,-71.70529605593102,-71.70529605593102
537.4900150680542,-71.70879336349486,-71.70879336349486
537.5000150680542,-71.7122943626014,-71.7122943626014
537.5100150680541,-71.71579907474653,-71.71579907474653
537.5200150680542,-71.71930752079929,-71.71930752079929
537.5300150680542,-71.72281972099177,-71.72281972099177
537.5400150680542,-71.72633569490718,-71.72633569490718
537.5500150680542,-71.72985546153227,-71.72985546153227
537.5600150680542,-71.73337903923321,-71.73337903923321
537.5700150680542,-71.73690644577515,-71.73690644577515
537.5800150680542,-71.7404376983251,-71.7404376983251
537.5900150680542,-71.74397281347211,-71.74397281347211
537.6000150680542,-71.74751180723224,-71.74751180723224
537.6100150680542,-71.75105469504113,-71.75105469504113
537.6200150680542,-71.7546014917858,-71.7546014917858
537.6300150680541,-71.75815221180837,-71.75815221180837
537.6400150680543,-71.76170686887394,-71.76170686887394
537.6500150680542,-71.76526547625451,-71.76526547625451
537.6600150680542,-71.76882804666921,-71.76882804666921
537.6700150680542,-71.7723945923212,-71.7723945923212
537.6800150680542,-71.77596512490571,-71.77596512490571
537.6900150680542,-71.77953965560394,-71.77953965560394
537.7000150680542,-71.78311819510382,-71.78311819510382
537.7100150680542,-71.78669449301759,-71.78669449301759
537.7200150680542,-71.79026581593754,-71.79026581593754
537.7300150680542,-71.79383083639884,-71.79383083639884
537.7400150680542,-71.79738887767158,-71.79738887767158
537.7500150680542,-71.80093962546339,-71.80093962546339
537.7600150680541,-71.80448297822049,-71.80448297822049
537.7700150680542,-71.8080189593382,-71.8080189593382
537.7800150680542,-71.81154766444565,-71.81154766444565
537.7900150680542,-71.81506922966018,-71.81506922966018
537.8000150680542,-71.81858381258179,-71.81858381258179
537.8100150680542,-71.82209158091393,-71.82209158091393
537.8200150680542,-71.82559270583086,-71.82559270583086
537.8300150680542,-71.82908735812897,-71.82908735812897
537.8400150680542,-71.83257570613736,-71.83257570613736
537.8500150680542,-71.83605791466772,-71.83605791466772
537.8600150680542,-71.83953414459003,-71.83953414459003
537.8700150680542,-71.84300455275964,-71.84300455275964
537.8800150680541,-71.84646929216356,-71.84646929216356
537.8900150680543,-71.84992851215462,-71.84992851215462
537.9000150680542,-71.85338235874242,-71.85338235874242
537.9100150680542,-71.85683097486128,-71.85683097486128
537.9200150680542,-71.86027450067402,-71.86027450067402
537.9300150680542,-71.86371307380072,-71.86371307380072
537.9400150680542,-71.86714682957371,-71.86714682957371
537.9500150680542,-71.87057590120656,-71.87057590120656
537.9600150680542,-71.87400042001165,-71.87400042001165
537.9700150680542,-71.87742051550437,-71.87742051550437
537.9800150680542,-71.88083631554689,-71.88083631554689
537.9900150680542,-71.88424794646264,-71.88424794646264
538.0000150680542,-71.8876555331003,-71.8876555331003
538.0100150680541,-71.89105919893198,-71.89105919893198
538.0200150680542,-71.89445906609606,-71.89445906609606
538.0300150680542,-71.89785525546156,-71.89785525546156
538.0400150680542,-71.90124788664443,-71.90124788664443
538.0500150918961,-71.90463708612053,-71.90463708612053
538.060015091896,-71.90802295497393,-71.90802295497393
538.070015091896,-71.91140561732539,-71.91140561732539
538.080015091896,-71.91478518807631,-71.91478518807631
538.090015091896,-71.91816178099515,-71.91816178099515
538.100015091896,-71.92153550869348,-71.92153550869348
538.110015091896,-71.92490648266521,-71.92490648266521
538.1200150918961,-71.92827481325392,-71.92827481325392
538.1300150918961,-71.9316406096975,-71.9316406096975
538.1400150918961,-71.93500398008557,-71.93500398008557
538.1500150918961,-71.9383650313879,-71.9383650313879
538.1600150918961,-71.9417238694323,-71.9417238694323
538.1700150918961,-71.94508059890025,-71.94508059890025
538.180015091896,-71.9484353233476,-71.9484353233476
538.190015091896,-71.95178814516903,-71.95178814516903
538.200015091896,-71.9551391656258,-71.9551391656258
538.210015091896,-71.95848848481232,-71.95848848481232
538.220015091896,-71.96183620168526,-71.96183620168526
538.230015091896,-71.96518241402747,-71.96518241402747
538.2400150918961,-71.96852721846486,-71.96852721846486
538.2500150918961,-71.97187071046007,-71.97187071046007
538.2600150918961,-71.97521298431742,-71.97521298431742
538.2700150918961,-71.97855413316478,-71.97855413316478
538.2800150918961,-71.98189424897022,-71.98189424897022
538.2900150918961,-71.9852334225232,-71.9852334225232
538.3000150918961,-71.98857174344384,-71.98857174344384
538.310015091896,-71.99190930018655,-71.99190930018655
538.320015091896,-71.99524618003804,-71.99524618003804
538.330015091896,-71.99858246911008,-71.99858246911008
538.340015091896,-72.00191825234732,-72.00191825234732
538.350015091896,-72.00525361353385,-72.00525361353385
538.360015091896,-72.00858863529096,-72.00858863529096
538.3700150918961,-72.01192339906983,-72.01192339906983
538.3800150918961,-72.01525798517865,-72.01525798517865
538.3900150918961,-72.01859247276471,-72.01859247276471
538.4000150918961,-72.02192693982431,-72.02192693982431
538.4100150918961,-72.0252614632003,-72.0252614632003
538.4200150918961,-72.02859611860563,-72.02859611860563
538.430015091896,-72.03193098061165,-72.03193098061165
538.440015091896,-72.03526612266485,-72.03526612266485
538.450015091896,-72.03860161707513,-72.03860161707513
538.460015091896,-72.04193753504161,-72.04193753504161
538.470015091896,-72.04527394664744,-72.04527394664744
538.480015091896,-72.04861092086276,-72.04861092086276
538.4900150918961,-72.0519485255641,-72.0519485255641
538.5000150918961,-72.05528682753237,-72.05528682753237
538.5100150918961,-72.05862589247097,-72.05862589247097
538.5200150918961,-72.06196578498076,-72.06196578498076
538.5300150918961,-72.06530656861644,-72.06530656861644
538.5400150918961,-72.06864830585296,-72.06864830585296
538.5500150918961,-72.07199105812637,-72.07199105812637
538.560015091896,-72.07533488580788,-72.07533488580788
538.570015091896,-72.07867984824391,-72.07867984824391
538.580015091896,-72.08202600373919,-72.08202600373919
538.590015091896,-72.08537340958809,-72.08537340958809
538.600015091896,-72.08872212206212,-72.08872212206212
538.610015091896,-72.09207219643085,-72.09207219643085
538.6200150918961,-72.09542368696967,-72.09542368696967
538.6300150918961,-72.09877664697889,-72.09877664697889
538.6400150918961,-72.10213112877362,-72.10213112877362
538.6500150918961,-72.10548718370082,-72.10548718370082
538.6600150918961,-72.10884486214748,-72.10884486214748
538.6700150918961,-72.11220421356016,-72.11220421356016
538.680015091896,-72.1155652864354,-72.1155652864354
538.690015091896,-72.11892812835369,-72.11892812835369
538.700015091896,-72.12229278596247,-72.12229278596247
538.710015091896,-72.12565930500593,-72.12565930500593
538.720015091896,-72.12902773032764,-72.12902773032764
538.730015091896,-72.13239810588364,-72.13239810588364
538.7400150918961,-72.13577047473893,-72.13577047473893
538.7500150918961,-72.1391448790951,-72.1391448790951
538.7600150918961,-72.1425213602982,-72.1425213602982
538.7700150918961,-72.1458999588241,-72.1458999588241
538.7800150918961,-72.14928071431686,-72.14928071431686
538.7900150918961,-72.15266366559216,-72.15266366559216
538.8000150918961,-72.15604885063681,-72.15604885063681
538.810015091896,-72.15943630662784,-72.15943630662784
538.820015091896,-72.16282606992576,-72.16282606992576
538.830015091896,-72.16621817611538,-72.16621817611538
538.840015091896,-72.1696126599869,-72.1696126599869
538.850015091896,-72.17300955555872,-72.17300955555872
538.860015091896,-72.17640889607672,-72.17640889607672
538.8700150918961,-72.17981071403374,-72.17981071403374
538.8800150918961,-72.18321504118838,-72.18321504118838
538.8900150918961,-72.18662190854668,-72.18662190854668
538.9000151157379,-72.19003135451185,-72.19003135451185
538.9100151157379,-72.19344339242662,-72.19344339242662
538.9200151157379,-72.19685805924084,-72.19685805924084
538.9300151157379,-72.20027538311402,-72.20027538311402
538.9400151157379,-72.20369539150155,-72.20369539150155
538.9500151157379,-72.20711811119183,-72.20711811119183
538.9600151157379,-72.21054356829329,-72.21054356829329
538.970015115738,-72.21397178824354,-72.21397178824354
538.980015115738,-72.21740279583193,-72.21740279583193
538.990015115738,-72.22083661519953,-72.22083661519953
539.0000151157379,-72.22427326985188,-72.22427326985188
539.0100151157379,-72.22771278265482,-72.22771278265482
539.0200151157379,-72.23115517585668,-72.23115517585668
539.0300151157379,-72.23460047109603,-72.23460047109603
539.0400151157379,-72.23804868940792,-72.23804868940792
539.0500151157379,-72.24149985123923,-72.24149985123923
539.0600151157379,-72.24495397642487,-72.24495397642487
539.0700151157379,-72.24841108423466,-72.24841108423466
539.0800151157379,-72.2518711933775,-72.2518711933775
539.090015115738,-72.2553343219782,-72.2553343219782
539.100015115738,-72.25880048763773,-72.25880048763773
539.110015115738,-72.2622697073674,-72.2622697073674
539.1200151157379,-72.26574199766686,-72.26574199766686
539.1300151157379,-72.26921737449821,-72.26921737449821
539.1400151157379,-72.27269585329371,-72.27269585329371
539.1500151157379,-72.27617744896905,-72.27617744896905
539.1600151157379,-72.27966217593222,-72.27966217593222
539.1700151157379,-72.28315004810318,-72.28315004810318
539.1800151157379,-72.28664107888561,-72.28664107888561
539.1900151157379,-72.29013528120069,-72.29013528120069
539.2000151157379,-72.29363266749394,-72.29363266749394
539.2100151157379,-72.2971332497432,-72.2971332497432
539.220015115738,-72.30063703943955,-72.30063703943955
539.230015115738,-72.30414404762958,-72.30414404762958
539.240015115738,-72.30765428491183,-72.30765428491183
539.2500151157379,-72.31116776142743,-72.31116776142743
539.2600151157379,-72.31468448687811,-72.31468448687811
539.2700151157379,-72.31820447054236,-72.31820447054236
539.2800151157379,-72.32172772126137,-72.32172772126137
539.2900151157379,-72.3252542474642,-72.3252542474642
539.3000151157379,-72.32878405716903,-72.32878405716903
539.3100151157379,-72.33231715798016,-72.33231715798016
539.3200151157379,-72.33585355709874,-72.33585355709874
539.3300151157379,-72.33939326133657,-72.33939326133657
539.340015115738,-72.34293627711182,-72.34293627711182
539.350015115738,-72.34648261046645,-72.34648261046645
539.360015115738,-72.35003226705778,-72.35003226705778
539.3700151157379,-72.3535852521872,-72.3535852521872
539.3800151157379,-72.35714157076451,-72.35714157076451
539.3900151157379,-72.3607012273641,-72.3607012273641
539.4000151157379,-72.36426422619478,-72.36426422619478
539.4100151157379,-72.36783057112396,-72.36783057112396
539.4200151157379,-72.37140026566394,-72.37140026566394
539.4300151157379,-72.37497331299765,-72.37497331299765
539.4400151157379,-72.37854971597514,-72.37854971597514
539.4500151157379,-72.38212947712141,-72.38212947712141
539.4600151157379,-72.38571259863531,-72.38571259863531
539.470015115738,-72.38929908239639,-72.38929908239639
539.480015115738,-72.39288892998343,-72.39288892998343
539.490015115738,-72.39648214265438,-72.39648214265438
539.5000151157379,-72.40007872137778,-72.40007872137778
539.5100151157379,-72.40367866681994,-72.40367866681994
539.5200151157379,-72.40728197935623,-72.40728197935623
539.5300151157379,-72.41088865906534,-72.41088865906534
539.5400151157379,-72.41449870576271,-72.41449870576271
539.5500151157379,-72.41811211896326,-72.41811211896326
539.5600151157379,-72.42172889793112,-72.42172889793112
539.5700151157379,-72.425349041636,-72.425349041636
539.5800151157379,-72.42897254881056,-72.42897254881056
539.590015115738,-72.43259941790076,-72.43259941790076
539.600015115738,-72.43622964711689,-72.43622964711689
539.610015115738,-72.43986323440637,-72.43986323440637
539.6200151157379,-72.44350017746945,-72.44350017746945
539.6300151157379,-72.44714047377252,-72.44714047377252
539.6400151157379,-72.45078412052167,-72.45078412052167
539.6500151157379,-72.45443111471977,-72.45443111471977
539.6600151157379,-72.45808145310852,-72.45808145310852
539.6700151157379,-72.46173513221281,-72.46173513221281
539.6800151157379,-72.46539214833768,-72.46539214833768
539.6900151157379,-72.46905249756638,-72.46905249756638
539.7000151157379,-72.4727161757698,-72.4727161757698
539.7100151157379,-72.47638317858839,-72.47638317858839
539.720015115738,-72.48005350147395,-72.48005350147395
539.730015115738,-72.48372713967433,-72.48372713967433
539.740015115738,-72.48740408822252,-72.48740408822252
539.7500151395798,-72.49108435071781,-72.49108435071781
539.7600151395798,-72.49476790429948,-72.49476790429948
539.7700151395798,-72.49845475216279,-72.49845475216279
539.7800151395797,-72.50214488857682,-72.50214488857682
539.7900151395797,-72.50583830762643,-72.50583830762643
539.8000151395797,-72.50953500320286,-72.50953500320286
539.8100151395797,-72.51323496904281,-72.51323496904281
539.8200151395798,-72.51693819868228,-72.51693819868228
539.8300151395798,-72.520644685514,-72.520644685514
539.8400151395798,-72.52435442273084,-72.52435442273084
539.8500151395798,-72.5280674033722,-72.5280674033722
539.8600151395798,-72.5317836203194,-72.5317836203194
539.8700151395798,-72.53550306630312,-72.53550306630312
539.8800151395798,-72.53922573386222,-72.53922573386222
539.8900151395798,-72.5429516154198,-72.5429516154198
539.9000151395798,-72.54668070323694,-72.54668070323694
539.9100151395797,-72.55041298941309,-72.55041298941309
539.9200151395797,-72.55414846591756,-72.55414846591756
539.9300151395797,-72.55788712456395,-72.55788712456395
539.9400151395798,-72.56162895703152,-72.56162895703152
539.9500151395798,-72.56537395487014,-72.56537395487014
539.9600151395798,-72.56912210948305,-72.56912210948305
539.9700151395798,-72.57287341214536,-72.57287341214536
539.9800151395798,-72.57662785399552,-72.57662785399552
539.9900151395798,-72.58038542605964,-72.58038542605964
540.0000151395798,-72.58414611923082,-72.58414611923082
540.0100151395798,-72.58790992427085,-72.58790992427085
540.0200151395798,-72.59167683183256,-72.59167683183256
540.0300151395797,-72.59544683244661,-72.59544683244661
540.0400151395797,-72.59921991652948,-72.59921991652948
540.0500151395797,-72.60299607438694,-72.60299607438694
540.0600151395797,-72.60677529621817,-72.60677529621817
540.0700151395798,-72.61055757209529,-72.61055757209529
540.0800151395798,-72.61434289199583,-72.61434289199583
540.0900151395798,-72.6181312457965,-72.6181312457965
540.1000151395798,-72.62192262327058,-72.62192262327058
540.1100151395798,-72.62571701407929,-72.62571701407929
540.1200151395798,-72.62951440779803,-72.62951440779803
540.1300151395798,-72.63331479389565,-72.63331479389565
540.1400151395798,-72.63711816176233,-72.63711816176233
540.1500151395798,-72.6409245006892,-72.6409245006892
540.1600151395797,-72.64473379987113,-72.64473379987113
540.1700151395797,-72.6485460484156,-72.6485460484156
540.1800151395797,-72.65236123535563,-72.65236123535563
540.1900151395798,-72.65617934962269,-72.65617934962269
540.2000151395798,-72.66000038007911,-72.66000038007911
540.2100151395798,-72.66382431550699,-72.66382431550699
540.2200151395798,-72.66765114458592,-72.66765114458592
540.2300151395798,-72.67148085594783,-72.67148085594783
540.2400151395798,-72.67531343813667,-72.67531343813667
540.2500151395798,-72.67914887962299,-72.67914887962299
540.2600151395798,-72.68298716880216,-72.68298716880216
540.2700151395798,-72.68682829400318,-72.68682829400318
540.2800151395797,-72.69067224348484,-72.69067224348484
540.2900151395797,-72.69451900544256,-72.69451900544256
540.3000151395797,-72.69836856799427,-72.69836856799427
540.3100151395797,-72.70222091920674,-72.70222091920674
540.3200151395798,-72.70607604707547,-72.70607604707547
540.3300151395798,-72.70993393954762,-72.70993393954762
540.3400151395798,-72.71379458448848,-72.71379458448848
540.3500151395798,-72.71765796972795,-72.71765796972795
540.3600151395798,-72.72152408302394,-72.72152408302394
540.3700151395798,-72.72539291209553,-72.72539291209553
540.3800151395798,-72.72926444458501,-72.72926444458501
540.3900151395798,-72.73313866810109,-72.73313866810109
540.4000151395798,-72.73701557019169,-72.73701557019169
540.4100151395797,-72.74089513836309,-72.74089513836309
540.4200151395797,-72.74477736006364,-72.74477736006364
540.4300151395797,-72.74866222270154,-72.74866222270154
540.4400151395798,-72.75254971362958,-72.75254971362958
540.4500151395798,-72.75643982018178,-72.75643982018178
540.4600151395798,-72.76033252961902,-72.76033252961902
540.4700151395798,-72.76422782917223,-72.76422782917223
540.4800151395798,-72.7681257060291,-72.7681257060291
540.4900151395798,-72.77202614734617,-72.77202614734617
540.5000151395798,-72.77592914023428,-72.77592914023428
540.5100151395798,-72.77983467176198,-72.77983467176198
540.5200151395798,-72.78374272898026,-72.78374272898026
540.5300151395797,-72.78765329888006,-72.78765329888006
540.5400151395797,-72.79156636844056,-72.79156636844056
540.5500151395797,-72.79548192459956,-72.79548192459956
540.5600151395797,-72.79939995425777,-72.79939995425777
540.5700151395798,-72.8033204442929,-72.8033204442929
540.5800151395798,-72.80724338155652,-72.80724338155652
540.5900151395798,-72.81116875285505,-72.81116875285505
540.6000151634216,-72.81509655434218,-72.81509655434218
540.6100151634216,-72.81902675408905,-72.81902675408905
540.6200151634216,-72.82295934815748,-72.82295934815748
540.6300151634216,-72.8268943232725,-72.8268943232725
540.6400151634216,-72.83083166612673,-72.83083166612673
540.6500151634216,-72.83477136338395,-72.83477136338395
540.6600151634216,-72.83871340169429,-72.83871340169429
540.6700151634217,-72.84265776768235,-72.84265776768235
540.6800151634217,-72.84660444795932,-72.84660444795932
540.6900151634217,-72.85055342910509,-72.85055342910509
540.7000151634217,-72.85450469769361,-72.85450469769361
540.7100151634216,-72.85845824027527,-72.85845824027527
540.7200151634216,-72.86241404338438,-72.86241404338438
540.7300151634216,-72.86637209354512,-72.86637209354512
540.7400151634216,-72.870332377262,-72.870332377262
540.7500151634216,-72.87429488102637,-72.87429488102637
540.7600151634216,-72.87825959132007,-72.87825959132007
540.7700151634216,-72.88222649460735,-72.88222649460735
540.7800151634216,-72.88619557734224,-72.88619557734224
540.7900151634217,-72.89016682597858,-72.89016682597858
540.8000151634217,-72.89414022693906,-72.89414022693906
540.8100151634217,-72.89811576666715,-72.89811576666715
540.8200151634217,-72.90209343156751,-72.90209343156751
540.8300151634216,-72.90607320805223,-72.90607320805223
540.8400151634216,-72.91005508252915,-72.91005508252915
540.8500151634216,-72.91403904139106,-72.91403904139106
540.8600151634216,-72.91802507103529,-72.91802507103529
540.8700151634216,-72.9220131578481,-72.9220131578481
540.8800151634216,-72.92600328820467,-72.92600328820467
540.8900151634216,-72.92999544849117,-72.92999544849117
540.9000151634216,-72.93398962507732,-72.93398962507732
540.9100151634216,-72.9379858043505,-72.9379858043505
540.9200151634217,-72.94198397266888,-72.94198397266888
540.9300151634217,-72.94598411642329,-72.94598411642329
540.9400151634217,-72.94998622196805,-72.94998622196805
540.9500151634217,-72.95399027567925,-72.95399027567925
540.9600151634216,-72.95798989632105,-72.95798989632105
540.9700151634216,-72.96198227688697,-72.96198227688697
540.9800151634216,-72.96596603960323,-72.96596603960323
540.9900151634216,-72.96994046842683,-72.96994046842683
541.0000151634216,-72.97390521613727,-72.97390521613727
541.0100151634216,-72.97786015223836,-72.97786015223836
541.0200151634216,-72.98180527385034,-72.98180527385034
541.0300151634216,-72.98574065217947,-72.98574065217947
541.0400151634217,-72.98966640030551,-72.98966640030551
541.0500151634217,-72.99358265388862,-72.99358265388862
541.0600151634217,-72.99748955960273,-72.99748955960273
541.0700151634217,-73.00138726838995,-73.00138726838995
541.0800151634216,-73.00527593152258,-73.00527593152258
541.0900151634216,-73.00915569847156,-73.00915569847156
541.1000151634216,-73.01302671583056,-73.01302671583056
541.1100151634216,-73.01688912684992,-73.01688912684992
541.1200151634216,-73.02074307134805,-73.02074307134805
541.1300151634216,-73.02458868582613,-73.02458868582613
541.1400151634216,-73.0284261037029,-73.0284261037029
541.1500151634216,-73.03225545555915,-73.03225545555915
541.1600151634216,-73.03607686945013,-73.03607686945013
541.1700151634217,-73.03989047111703,-73.03989047111703
541.1800151634217,-73.0436963842883,-73.0436963842883
541.1900151634217,-73.04749473084291,-73.04749473084291
541.2000151634217,-73.05128563102846,-73.05128563102846
541.2100151634216,-73.055069203615,-73.055069203615
541.2200151634216,-73.05884556603918,-73.05884556603918
541.2300151634216,-73.06261483450764,-73.06261483450764
541.2400151634216,-73.06637712410001,-73.06637712410001
541.2500151634216,-73.0701325488382,-73.0701325488382
541.2600151634216,-73.07388122177177,-73.07388122177177
541.2700151634216,-73.0776232549959,-73.0776232549959
541.2800151634216,-73.08135875971168,-73.08135875971168
541.2900151634217,-73.0850878462475,-73.0850878462475
541.3000151634217,-73.08881062409836,-73.08881062409836
541.3100151634217,-73.09252720192029,-73.09252720192029
541.3200151634217,-73.09623768754864,-73.09623768754864
541.3300151634216,-73.09994218799622,-73.09994218799622
541.3400151634216,-73.10364080946981,-73.10364080946981
541.3500151634216,-73.10733365737401,-73.10733365737401
541.3600151634216,-73.11102083628604,-73.11102083628604
541.3700151634216,-73.11470244996212,-73.11470244996212
541.3800151634216,-73.11837860134763,-73.11837860134763
541.3900151634216,-73.1220493925352,-73.1220493925352
541.4000151634216,-73.1257149247944,-73.1257149247944
541.4100151634216,-73.12937529853288,-73.12937529853288
541.4200151634217,-73.1330306132918,-73.1330306132918
541.4300151634217,-73.13668096776445,-73.13668096776445
541.4400151634217,-73.14032645975075,-73.14032645975075
541.4500151872635,-73.14396719483891,-73.14396719483891
541.4600151872635,-73.14760325170212,-73.14760325170212
541.4700151872635,-73.15123473413232,-73.15123473413232
541.4800151872635,-73.1548617363476,-73.1548617363476
541.4900151872635,-73.1584843516167,-73.1584843516167
541.5000151872634,-73.1621026723009,-73.1621026723009
541.5100151872634,-73.16571678982473,-73.16571678982473
541.5200151872635,-73.16932679466139,-73.16932679466139
541.5300151872635,-73.17293277634805,-73.17293277634805
541.5400151872635,-73.17653482346408,-73.17653482346408
541.5500151872635,-73.18013302362948,-73.18013302362948
541.5600151872635,-73.18372746349847,-73.18372746349847
541.5700151872635,-73.1873182287754,-73.1873182287754
541.5800151872635,-73.19090540417481,-73.19090540417481
541.5900151872635,-73.19448907345422,-73.19448907345422
541.6000151872635,-73.19806931938874,-73.19806931938874
541.6100151872635,-73.20164622377828,-73.20164622377828
541.6200151872634,-73.20521986744966,-73.20521986744966
541.6300151872634,-73.20879033024754,-73.20879033024754
541.6400151872635,-73.21235769104463,-73.21235769104463
541.6500151872635,-73.21592202773721,-73.21592202773721
541.6600151872635,-73.21948341723127,-73.21948341723127
541.6700151872635,-73.22304193546759,-73.22304193546759
541.6800151872635,-73.22659765741341,-73.22659765741341
541.6900151872635,-73.23015065706606,-73.23015065706606
541.7000151872635,-73.23370100744074,-73.23370100744074
541.7100151872635,-73.2372423891986,-73.2372423891986
541.7200151872635,-73.2407720699838,-73.2407720699838
541.7300151872635,-73.24428875113614,-73.24428875113614
541.7400151872635,-73.24779179724673,-73.24779179724673
541.7500151872634,-73.25128094214193,-73.25128094214193
541.7600151872634,-73.25475613625693,-73.25475613625693
541.7700151872635,-73.25821745717083,-73.25821745717083
541.7800151872635,-73.26166505590272,-73.26166505590272
541.7900151872635,-73.26509912458407,-73.26509912458407
541.8000151872635,-73.26851987706968,-73.26851987706968
541.8100151872635,-73.27192753738379,-73.27192753738379
541.8200151872635,-73.27532233291019,-73.27532233291019
541.8300151872635,-73.27870449047744,-73.27870449047744
541.8400151872635,-73.2820742342063,-73.2820742342063
541.8500151872635,-73.28543178443455,-73.28543178443455
541.8600151872635,-73.28877735723646,-73.28877735723646
541.8700151872634,-73.2921111643729,-73.2921111643729
541.8800151872634,-73.29543341339402,-73.29543341339402
541.8900151872635,-73.29874430786442,-73.29874430786442
541.9000151872635,-73.3020440476449,-73.3020440476449
541.9100151872635,-73.30533282917605,-73.30533282917605
541.9200151872635,-73.30861084573267,-73.30861084573267
541.9300151872635,-73.3118782876897,-73.3118782876897
541.9400151872635,-73.31513534273208,-73.31513534273208
541.9500151872635,-73.3183821960619,-73.3183821960619
541.9600151872635,-73.32161903055832,-73.32161903055832
541.9700151872635,-73.32484602692706,-73.32484602692706
541.9800151872635,-73.32806336381766,-73.32806336381766
541.9900151872635,-73.33127121792543,-73.33127121792543
542.0000151872634,-73.33446976408383,-73.33446976408383
542.0100151872634,-73.33765917532064,-73.33765917532064
542.0200151872635,-73.3408396229366,-73.3408396229366
542.0300151872635,-73.34401127652973,-73.34401127652973
542.0400151872635,-73.34717430404432,-73.34717430404432
542.0500151872635,-73.35032887179094,-73.35032887179094
542.0600151872635,-73.35347514448956,-73.35347514448956
542.0700151872635,-73.35661328527098,-73.35661328527098
542.0800151872635,-73.35974345569443,-73.35974345569443
542.0900151872635,-73.36286581575298,-73.36286581575298
542.1000151872635,-73.3659805238924,-73.3659805238924
542.1100151872635,-73.36908773700083,-73.36908773700083
542.1200151872634,-73.37218761042197,-73.37218761042197
542.1300151872634,-73.37528029795737,-73.37528029795737
542.1400151872635,-73.37836595185358,-73.37836595185358
542.1500151872635,-73.38144472283003,-73.38144472283003
542.1600151872635,-73.38451676003294,-73.38451676003294
542.1700151872635,-73.38758221107916,-73.38758221107916
542.1800151872635,-73.39064122202768,-73.39064122202768
542.1900151872635,-73.39369393738096,-73.39369393738096
542.2000151872635,-73.39674050009502,-73.39674050009502
542.2100151872635,-73.3997810515687,-73.3997810515687
542.2200151872635,-73.40281573164279,-73.40281573164279
542.2300151872635,-73.40584467860148,-73.40584467860148
542.2400151872635,-73.40886802916681,-73.40886802916681
542.2500151872634,-73.41188591851812,-73.41188591851812
542.2600151872634,-73.4148984802537,-73.4148984802537
542.2700151872635,-73.41790584643698,-73.41790584643698
542.2800151872635,-73.42090814756088,-73.42090814756088
542.2900151872635,-73.4239055125679,-73.4239055125679
542.3000152111053,-73.42689807597144,-73.42689807597144
542.3100152111053,-73.42988594937005,-73.42988594937005
542.3200152111053,-73.43286926419526,-73.43286926419526
542.3300152111053,-73.435848143198,-73.435848143198
542.3400152111053,-73.43882270760372,-73.43882270760372
542.3500152111053,-73.44179307710057,-73.44179307710057
542.3600152111053,-73.44475936985786,-73.44475936985786
542.3700152111054,-73.44772170250225,-73.44772170250225
542.3800152111054,-73.45068019017474,-73.45068019017474
542.3900152111054,-73.45363494648637,-73.45363494648637
542.4000152111054,-73.45658608355035,-73.45658608355035
542.4100152111054,-73.4595337119963,-73.4595337119963
542.4200152111054,-73.4624779409475,-73.4624779409475
542.4300152111053,-73.4654188780635,-73.4654188780635
542.4400152111053,-73.46835662953251,-73.46835662953251
542.4500152111053,-73.47129130008089,-73.47129130008089
542.4600152111053,-73.47422299296674,-73.47422299296674
542.4700152111053,-73.47715181003672,-73.47715181003672
542.4800152111053,-73.48007785168093,-73.48007785168093
542.4900152111054,-73.4830012168682,-73.4830012168682
542.5000152111054,-73.48592200317636,-73.48592200317636
542.5100152111054,-73.48884030674759,-73.48884030674759
542.5200152111054,-73.49175622234766,-73.49175622234766
542.5300152111054,-73.49466984336479,-73.49466984336479
542.5400152111054,-73.49758126181109,-73.49758126181109
542.5500152111053,-73.50049056834958,-73.50049056834958
542.5600152111053,-73.50339785228023,-73.50339785228023
542.5700152111053,-73.50630320157114,-73.50630320157114
542.5800152111053,-73.50920670287958,-73.50920670287958
542.5900152111053,-73.51210844153594,-73.51210844153594
542.6000152111053,-73.51500850157485,-73.51500850157485
542.6100152111053,-73.51790696574461,-73.51790696574461
542.6200152111054,-73.52080391550608,-73.52080391550608
542.6300152111054,-73.52369943107222,-73.52369943107222
542.6400152111054,-73.52659359139183,-73.52659359139183
542.6500152111054,-73.52948647417725,-73.52948647417725
542.6600152111054,-73.5323781559098,-73.5323781559098
542.6700152111054,-73.53526871186685,-73.53526871186685
542.6800152111053,-73.53815821611789,-73.53815821611789
542.6900152111053,-73.54104674152812,-73.54104674152812
542.7000152111053,-73.54393435980961,-73.54393435980961
542.7100152111053,-73.54682114149456,-73.54682114149456
542.7200152111053,-73.54970715595893,-73.54970715595893
542.7300152111053,-73.55259247144912,-73.55259247144912
542.7400152111054,-73.55547715508183,-73.55547715508183
542.7500152111054,-73.55836127286682,-73.55836127286682
542.7600152111054,-73.56124488969081,-73.56124488969081
542.7700152111054,-73.56412806936083,-73.56412806936083
542.7800152111054,-73.56701087461167,-73.56701087461167
542.7900152111054,-73.569893367115,-73.569893367115
542.8000152111053,-73.57277560747002,-73.57277560747002
542.8100152111053,-73.57565765525044,-73.57565765525044
542.8200152111053,-73.57853956900925,-73.57853956900925
542.8300152111053,-73.58142140626714,-73.58142140626714
542.8400152111053,-73.58430322355092,-73.58430322355092
542.8500152111053,-73.58718507639291,-73.58718507639291
542.8600152111053,-73.59006701934648,-73.59006701934648
542.8700152111054,-73.59294910599061,-73.59294910599061
542.8800152111054,-73.59583138896673,-73.59583138896673
542.8900152111054,-73.59871391995304,-73.59871391995304
542.9000152111054,-73.60159674970024,-73.60159674970024
542.9100152111054,-73.60447992804556,-73.60447992804556
542.9200152111054,-73.60736350391223,-73.60736350391223
542.9300152111053,-73.61024752531794,-73.61024752531794
542.9400152111053,-73.61313203941174,-73.61313203941174
542.9500152111053,-73.61601709245254,-73.61601709245254
542.9600152111053,-73.61890272983698,-73.61890272983698
542.9700152111053,-73.62178899612415,-73.62178899612415
542.9800152111053,-73.62467593501088,-73.62467593501088
542.9900152111054,-73.62756358937897,-73.62756358937897
543.0000152111054,-73.63045200129288,-73.63045200129288
543.0100152111054,-73.63334121199358,-73.63334121199358
543.0200152111054,-73.63623126193788,-73.63623126193788
543.0300152111054,-73.63912219078075,-73.63912219078075
543.0400152111054,-73.64201403739996,-73.64201403739996
543.0500152111053,-73.64490683993075,-73.64490683993075
543.0600152111053,-73.64780063573046,-73.64780063573046
543.0700152111053,-73.65069546141703,-73.65069546141703
543.0800152111053,-73.65359135286508,-73.65359135286508
543.0900152111053,-73.65648834522578,-73.65648834522578
543.1000152111053,-73.65938647294716,-73.65938647294716
543.1100152111053,-73.66228576974767,-73.66228576974767
543.1200152111054,-73.66518626866709,-73.66518626866709
543.1300152111054,-73.6680880020527,-73.6680880020527
543.1400152111054,-73.67099100157571,-73.67099100157571
543.1500152349472,-73.67389530514319,-73.67389530514319
543.1600152349472,-73.67680092928543,-73.67680092928543
543.1700152349472,-73.67970791057895,-73.67970791057895
543.1800152349472,-73.682616278093,-73.682616278093
543.1900152349472,-73.68552606023606,-73.68552606023606
543.2000152349472,-73.68843728480113,-73.68843728480113
543.2100152349472,-73.69134354855076,-73.69134354855076
543.2200152349473,-73.69424205817357,-73.69424205817357
543.2300152349472,-73.69713146336791,-73.69713146336791
543.2400152349472,-73.70001108155641,-73.70001108155641
543.2500152349472,-73.70288060204184,-73.70288060204184
543.2600152349472,-73.70573993241253,-73.70573993241253
543.2700152349472,-73.70858910850077,-73.70858910850077
543.2800152349472,-73.71142824037288,-73.71142824037288
543.2900152349472,-73.7142574797825,-73.7142574797825
543.3000152349472,-73.71707700068566,-73.71707700068566
543.3100152349472,-73.71988698758088,-73.71988698758088
543.3200152349472,-73.72268762869092,-73.72268762869092
543.3300152349472,-73.72547911201886,-73.72547911201886
543.3400152349473,-73.72826162318583,-73.72826162318583
543.3500152349473,-73.73103534435464,-73.73103534435464
543.3600152349472,-73.73380045376166,-73.73380045376166
543.3700152349472,-73.73655712563388,-73.73655712563388
543.3800152349472,-73.73930553033681,-73.73930553033681
543.3900152349472,-73.74204583460283,-73.74204583460283
543.4000152349472,-73.74477820177904,-73.74477820177904
543.4100152349472,-73.7475027921465,-73.7475027921465
543.4200152349472,-73.7502197631779,-73.7502197631779
543.4300152349472,-73.75292926979859,-73.75292926979859
543.4400152349472,-73.75563146459251,-73.75563146459251
543.4500152349472,-73.75832649803132,-73.75832649803132
543.4600152349472,-73.76101451861008,-73.76101451861008
543.4700152349473,-73.76369567301141,-73.76369567301141
543.4800152349472,-73.76637010623874,-73.76637010623874
543.4900152349472,-73.76903796170356,-73.76903796170356
543.5000152349472,-73.77169938128931,-73.77169938128931
543.5100152349472,-73.77435450546803,-73.77435450546803
543.5200152349472,-73.77700347332537,-73.77700347332537
543.5300152349472,-73.77964642262027,-73.77964642262027
543.5400152349472,-73.78228348980144,-73.78228348980144
543.5500152349472,-73.78491481005952,-73.78491481005952
543.5600152349472,-73.78754051734509,-73.78754051734509
543.5700152349472,-73.7901607443677,-73.7901607443677
543.5800152349472,-73.7927756226162,-73.7927756226162
543.5900152349473,-73.79538528237974,-73.79538528237974
543.6000152349473,-73.79798985274877,-73.79798985274877
543.6100152349472,-73.80058946159025,-73.80058946159025
543.6200152349472,-73.80318423558133,-73.80318423558133
543.6300152349472,-73.80577430019287,-73.80577430019287
543.6400152349472,-73.80835977969063,-73.80835977969063
543.6500152349472,-73.81094079713978,-73.81094079713978
543.6600152349472,-73.81351747436936,-73.81351747436936
543.6700152349472,-73.81608993202133,-73.81608993202133
543.6800152349472,-73.81865828950484,-73.81865828950484
543.6900152349472,-73.82122266499816,-73.82122266499816
543.7000152349472,-73.82378317545108,-73.82378317545108
543.7100152349472,-73.82633993659022,-73.82633993659022
543.7200152349473,-73.82889306287755,-73.82889306287755
543.7300152349472,-73.83144266757769,-73.83144266757769
543.7400152349472,-73.83398886266725,-73.83398886266725
543.7500152349472,-73.83653175888352,-73.83653175888352
543.7600152349472,-73.83907146571845,-73.83907146571845
543.7700152349472,-73.84160809140863,-73.84160809140863
543.7800152349472,-73.84414174294503,-73.84414174294503
543.7900152349472,-73.8466725260516,-73.8466725260516
543.8000152349472,-73.84920054519003,-73.84920054519003
543.8100152349472,-73.85172590357598,-73.85172590357598
543.8200152349472,-73.85424870315939,-73.85424870315939
543.8300152349472,-73.85676904463412,-73.85676904463412
543.8400152349473,-73.85928702743934,-73.85928702743934
543.8500152349473,-73.86180274976553,-73.86180274976553
543.8600152349472,-73.8643163085441,-73.8643163085441
543.8700152349472,-73.86682779946322,-73.86682779946322
543.8800152349472,-73.86933731695538,-73.86933731695538
543.8900152349472,-73.8718449542218,-73.8718449542218
543.9000152349472,-73.87435080320687,-73.87435080320687
543.9100152349472,-73.87685495465024,-73.87685495465024
543.9200152349472,-73.87935749803083,-73.87935749803083
543.9300152349472,-73.88185852162111,-73.88185852162111
543.9400152349472,-73.88435811246399,-73.88435811246399
543.9500152349472,-73.88685635640059,-73.88685635640059
543.9600152349472,-73.88935333805019,-73.88935333805019
543.9700152349473,-73.8918491408303,-73.8918491408303
543.9800152349472,-73.89431124325063,-73.89431124325063
543.9900152349472,-73.89672348091234,-73.89672348091234
544.0000152587891,-73.89907598239633,-73.89907598239633
544.010015258789,-73.90136216494608,-73.90136216494608
544.020015258789,-73.90357756386611,-73.90357756386611
544.030015258789,-73.90571910324746,-73.90571910324746
544.040015258789,-73.90778464728761,-73.90778464728761
544.050015258789,-73.90977270453712,-73.90977270453712
544.060015258789,-73.91168223493426,-73.91168223493426
544.0700152587891,-73.91351252314783,-73.91351252314783
544.0800152587891,-73.91526309458175,-73.91526309458175
544.0900152587891,-73.91693365900592,-73.91693365900592
544.1000152587891,-73.91852407216155,-73.91852407216155
544.1100152587891,-73.9200343091347,-73.9200343091347
544.1200152587891,-73.92146444548976,-73.92146444548976
544.1300152587891,-73.92281464351863,-73.92281464351863
544.140015258789,-73.92408514194452,-73.92408514194452
544.150015258789,-73.92527624795677,-73.92527624795677
544.160015258789,-73.92638833078135,-73.92638833078135
544.170015258789,-73.92742181635586,-73.92742181635586
544.180015258789,-73.92837718277042,-73.92837718277042
544.1900152587891,-73.92925495625987,-73.92925495625987
544.2000152587891,-73.93005570760401,-73.93005570760401
544.2100152587891,-73.93078004880974,-73.93078004880974
544.2200152587891,-73.9314286300687,-73.9314286300687
544.2300152587891,-73.93200213690538,-73.93200213690538
544.2400152587891,-73.93250128750806,-73.93250128750806
544.2500152587891,-73.93292683017157,-73.93292683017157
544.260015258789,-73.93327954092877,-73.93327954092877
544.270015258789,-73.93356022126156,-73.93356022126156
544.280015258789,-73.93376969596353,-73.93376969596353
544.290015258789,-73.9339088110739,-73.9339088110739
544.300015258789,-73.93397843195001,-73.93397843195001
544.310015258789,-73.93397944142023,-73.93397944142023
544.3200152587891,-73.93391273803563,-73.93391273803563
544.3300152587891,-73.93377923441841,-73.93377923441841
544.3400152587891,-73.93357985567918,-73.93357985567918
544.3500152587891,-73.93331553792906,-73.93331553792906
544.3600152587891,-73.93298722690325,-73.93298722690325
544.3700152587891,-73.93259587659279,-73.93259587659279
544.3800152587891,-73.93214244801358,-73.93214244801358
544.390015258789,-73.93162790801227,-73.93162790801227
544.400015258789,-73.93105322817478,-73.93105322817478
544.410015258789,-73.93041938372865,-73.93041938372865
544.420015258789,-73.92972735259295,-73.92972735259295
544.430015258789,-73.92897811443646,-73.92897811443646
544.4400152587891,-73.92817264979409,-73.92817264979409
544.4500152587891,-73.92731193926895,-73.92731193926895
544.4600152587891,-73.92639696272626,-73.92639696272626
544.4700152587891,-73.9254286986184,-73.9254286986184
544.4800152587891,-73.92440812326541,-73.92440812326541
544.4900152587891,-73.9233362102696,-73.9233362102696
544.5000152587891,-73.9222139298843,-73.9222139298843
544.510015258789,-73.92104224849439,-73.92104224849439
544.520015258789,-73.9198221280912,-73.9198221280912
544.530015258789,-73.91855452579703,-73.91855452579703
544.540015258789,-73.91724039342958,-73.91724039342958
544.550015258789,-73.91588067708823,-73.91588067708823
544.560015258789,-73.9144763167631,-73.9144763167631
544.5700152587891,-73.91302824599431,-73.91302824599431
544.5800152587891,-73.91153739155415,-73.91153739155415
544.5900152587891,-73.91000467312679,-73.91000467312679
544.6000152587891,-73.90843100304859,-73.90843100304859
544.6100152587891,-73.90681728603649,-73.90681728603649
544.6200152587891,-73.90516441899142,-73.90516441899142
544.6300152587891,-73.90347329075767,-73.90347329075767
544.640015258789,-73.90174478193627,-73.90174478193627
544.650015258789,-73.89997976471513,-73.89997976471513
544.660015258789,-73.8981791027238,-73.8981791027238
544.670015258789,-73.89634365085979,-73.89634365085979
544.680015258789,-73.8944742552012,-73.8944742552012
544.6900152587891,-73.89257175287487,-73.89257175287487
544.7000152587891,-73.89063697196343,-73.89063697196343
544.7100152587891,-73.88867073140881,-73.88867073140881
544.7200152587891,-73.88667384095949,-73.88667384095949
544.7300152587891,-73.8846471010824,-73.8846471010824
544.7400152587891,-73.88259130294347,-73.88259130294347
544.7500152587891,-73.88050722834568,-73.88050722834568
544.760015258789,-73.87839564969062,-73.87839564969062
544.770015258789,-73.8762573299721,-73.8762573299721
544.780015258789,-73.87409302275495,-73.87409302275495
544.790015258789,-73.87190347215093,-73.87190347215093
544.800015258789,-73.8696894128491,-73.8696894128491
544.810015258789,-73.86745157010216,-73.86745157010216
544.8200152587891,-73.86519065973343,-73.86519065973343
544.8300152587891,-73.86290738818163,-73.86290738818163
544.8400152587891,-73.86060245249658,-73.86060245249658
544.8500152826309,-73.85827653482701,-73.85827653482701
544.8600152826309,-73.85593032459734,-73.85593032459734
544.8700152826309,-73.85356448545113,-73.85356448545113
544.8800152826309,-73.8511796772719,-73.8511796772719
544.8900152826309,-73.84877655075532,-73.84877655075532
544.9000152826309,-73.84635574746616,-73.84635574746616
544.9100152826309,-73.84391789989529,-73.84391789989529
544.920015282631,-73.84146363151105,-73.84146363151105
544.930015282631,-73.83899355682138,-73.83899355682138
544.940015282631,-73.8365082814319,-73.8365082814319
544.9500152826309,-73.83400840212042,-73.83400840212042
544.9600152826309,-73.83149450688941,-73.83149450688941
544.9700152826309,-73.82896717505102,-73.82896717505102
544.9800152826309,-73.82642697730365,-73.82642697730365
544.9900152826309,-73.82387447579022,-73.82387447579022
545.0000152826309,-73.82131022417308,-73.82131022417308
545.0100152826309,-73.8187347677278,-73.8187347677278
545.0200152826309,-73.81614864340597,-73.81614864340597
545.0300152826309,-73.81355237991849,-73.81355237991849
545.040015282631,-73.81094649781859,-73.81094649781859
545.050015282631,-73.8083315095882,-73.8083315095882
545.060015282631,-73.80570791969907,-73.80570791969907
545.070015282631,-73.80307622471906,-73.80307622471906
545.0800152826309,-73.8004369133884,-73.8004369133884
545.0900152826309,-73.79779046671254,-73.79779046671254
545.1000152826309,-73.79513735801207,-73.79513735801207
545.1100152826309,-73.79247805305401,-73.79247805305401
545.1200152826309,-73.7898130101082,-73.7898130101082
545.1300152826309,-73.78714268004161,-73.78714268004161
545.1400152826309,-73.78446750639634,-73.78446750639634
545.1500152826309,-73.78178792548255,-73.78178792548255
545.1600152826309,-73.77910436647502,-73.77910436647502
545.170015282631,-73.77641725147885,-73.77641725147885
545.180015282631,-73.77372699562389,-73.77372699562389
545.190015282631,-73.77103400714364,-73.77103400714364
545.2000152826309,-73.76833868748211,-73.76833868748211
545.2100152826309,-73.76564143134608,-73.76564143134608
545.2200152826309,-73.76294262681752,-73.76294262681752
545.2300152826309,-73.76024265542603,-73.76024265542603
545.2400152826309,-73.75754189222607,-73.75754189222607
545.2500152826309,-73.75484070589656,-73.75484070589656
545.2600152826309,-73.75213945881328,-73.75213945881328
545.2700152826309,-73.74943850713424,-73.74943850713424
545.2800152826309,-73.74673820088555,-73.74673820088555
545.290015282631,-73.74403888402458,-73.74403888402458
545.300015282631,-73.74134089456227,-73.74134089456227
545.310015282631,-73.7386445645901,-73.7386445645901
545.320015282631,-73.73595022040202,-73.73595022040202
545.3300152826309,-73.73325818254693,-73.73325818254693
545.3400152826309,-73.73056876593448,-73.73056876593448
545.3500152826309,-73.7278822798834,-73.7278822798834
545.3600152826309,-73.72519902821496,-73.72519902821496
545.3700152826309,-73.72251930933488,-73.72251930933488
545.3800152826309,-73.71984341629756,-73.71984341629756
545.3900152826309,-73.71717163688459,-73.71717163688459
545.4000152826309,-73.71450425367892,-73.71450425367892
545.4100152826309,-73.71184154413908,-73.71184154413908
545.420015282631,-73.70918378067275,-73.70918378067275
545.430015282631,-73.70653123071044,-73.70653123071044
545.440015282631,-73.70388415677955,-73.70388415677955
545.4500152826309,-73.70124281656143,-73.70124281656143
545.4600152826309,-73.69860103794572,-73.69860103794572
545.4700152826309,-73.69595626046882,-73.69595626046882
545.4800152826309,-73.69330736462892,-73.69330736462892
545.4900152826309,-73.69065389537789,-73.69065389537789
545.5000152826309,-73.68799576586618,-73.68799576586618
545.5100152826309,-73.68533310363138,-73.68533310363138
545.5200152826309,-73.68266616036966,-73.68266616036966
545.5300152826309,-73.67999525781782,-73.67999525781782
545.540015282631,-73.67732075516572,-73.67732075516572
545.550015282631,-73.67464302958943,-73.67464302958943
545.560015282631,-73.67196246463483,-73.67196246463483
545.570015282631,-73.66927944341828,-73.66927944341828
545.5800152826309,-73.66659434477637,-73.66659434477637
545.5900152826309,-73.66390754119192,-73.66390754119192
545.6000152826309,-73.66121939773566,-73.66121939773566
545.6100152826309,-73.65853027175044,-73.65853027175044
545.6200152826309,-73.65584051280094,-73.65584051280094
545.6300152826309,-73.65315046290848,-73.65315046290848
545.6400152826309,-73.65046045684291,-73.65046045684291
545.6500152826309,-73.64777082245729,-73.64777082245729
545.6600152826309,-73.64508188107072,-73.64508188107072
545.670015282631,-73.64239394779449,-73.64239394779449
545.680015282631,-73.63970733187281,-73.63970733187281
545.690015282631,-73.63702233691339,-73.63702233691339
545.7000153064728,-73.63433925481034,-73.63433925481034
545.7100153064728,-73.63165839153017,-73.63165839153017
545.7200153064728,-73.62898002895444,-73.62898002895444
545.7300153064728,-73.62630445061401,-73.62630445061401
545.7400153064727,-73.62363193547935,-73.62363193547935
545.7500153064727,-73.6209627580896,-73.6209627580896
545.7600153064727,-73.61829718865755,-73.61829718865755
545.7700153064728,-73.61563549320252,-73.61563549320252
545.7800153064728,-73.61297793364021,-73.61297793364021
545.7900153064728,-73.61032476784034,-73.61032476784034
545.8000153064728,-73.60767624973339,-73.60767624973339
545.8100153064728,-73.60503262937323,-73.60503262937323
545.8200153064728,-73.60239415298321,-73.60239415298321
545.8300153064728,-73.59976106302058,-73.59976106302058
545.8400153064728,-73.59713359821998,-73.59713359821998
545.8500153064728,-73.59451199367338,-73.59451199367338
545.8600153064727,-73.59189648082766,-73.59189648082766
545.8700153064727,-73.58928728756338,-73.58928728756338
545.8800153064727,-73.58668463819666,-73.58668463819666
545.8900153064728,-73.58408875354347,-73.58408875354347
545.9000153064728,-73.5814998509666,-73.5814998509666
545.9100153064728,-73.5789181443796,-73.5789181443796
545.9200153064728,-73.57634384429683,-73.57634384429683
545.9300153064728,-73.5737771578451,-73.5737771578451
545.9400153064728,-73.57121828883824,-73.57121828883824
545.9500153064728,-73.56866743777218,-73.56866743777218
545.9600153064728,-73.56612480185109,-73.56612480185109
545.9700153064728,-73.56359057504505,-73.56359057504505
545.9800153064728,-73.56106494810636,-73.56106494810636
545.9900153064727,-73.55854810859509,-73.55854810859509
546.0000153064727,-73.55604024091579,-73.55604024091579
546.0100153064727,-73.55354152635051,-73.55354152635051
546.0200153064728,-73.55105214306764,-73.55105214306764
546.0300153064728,-73.54857226618458,-73.54857226618458
546.0400153064728,-73.546102067772,-73.546102067772
546.0500153064728,-73.54364171687898,-73.54364171687898
546.0600153064728,-73.54119137956793,-73.54119137956793
546.0700153064728,-73.53875121899105,-73.53875121899105
546.0800153064728,-73.53632139533806,-73.53632139533806
546.0900153064728,-73.53390206590949,-73.53390206590949
546.1000153064728,-73.53149338516856,-73.53149338516856
546.1100153064727,-73.5290955047152,-73.5290955047152
546.1200153064727,-73.52670857336264,-73.52670857336264
546.1300153064727,-73.52433273714558,-73.52433273714558
546.1400153064728,-73.52196813935292,-73.52196813935292
546.1500153064728,-73.51961492055867,-73.51961492055867
546.1600153064728,-73.51727321865793,-73.51727321865793
546.1700153064728,-73.51494316887842,-73.51494316887842
546.1800153064728,-73.51262490382297,-73.51262490382297
546.1900153064728,-73.51031855350179,-73.51031855350179
546.2000153064728,-73.50802424536258,-73.50802424536258
546.2100153064728,-73.50574210430936,-73.50574210430936
546.2200153064728,-73.50347225272942,-73.50347225272942
546.2300153064728,-73.5012148105364,-73.5012148105364
546.2400153064727,-73.49896989520279,-73.49896989520279
546.2500153064727,-73.49673762175829,-73.49673762175829
546.2600153064727,-73.49451810285906,-73.49451810285906
546.2700153064728,-73.49231144878918,-73.49231144878918
546.2800153064728,-73.490117767505,-73.490117767505
546.2900153064728,-73.48793716464884,-73.48793716464884
546.3000153064728,-73.48576974358456,-73.48576974358456
546.3100153064728,-73.48361560543113,-73.48361560543113
546.3200153064728,-73.48147484907707,-73.48147484907707
546.3300153064728,-73.47934757122887,-73.47934757122887
546.3400153064728,-73.47723386641493,-73.47723386641493
546.3500153064728,-73.47513382703642,-73.47513382703642
546.3600153064727,-73.47304754337922,-73.47304754337922
546.3700153064727,-73.47097510364883,-73.47097510364883
546.3800153064727,-73.46891659397997,-73.46891659397997
546.3900153064728,-73.46687209849426,-73.46687209849426
546.4000153064728,-73.46484169931594,-73.46484169931594
546.4100153064728,-73.46282547656622,-73.46282547656622
546.4200153064728,-73.46082350843191,-73.46082350843191
546.4300153064728,-73.45883587118453,-73.45883587118453
546.4400153064728,-73.45686263917788,-73.45686263917788
546.4500153064728,-73.45490388490263,-73.45490388490263
546.4600153064728,-73.452959679014,-73.452959679014
546.4700153064728,-73.45103009032849,-73.45103009032849
546.4800153064728,-73.44911518586675,-73.44911518586675
546.4900153064727,-73.44721503087158,-73.44721503087158
546.5000153064727,-73.44532968885983,-73.44532968885983
546.5100153064727,-73.44345922160885,-73.44345922160885
546.5200153064728,-73.44160368918782,-73.44160368918782
546.5300153064728,-73.43976315001711,-73.43976315001711
546.5400153064728,-73.43793766083817,-73.43793766083817
546.5500153303146,-73.43612727246143,-73.43612727246143
546.5600153303146,-73.43433204706719,-73.43433204706719
546.5700153303146,-73.43255203223174,-73.43255203223174
546.5800153303146,-73.43078727832689,-73.43078727832689
546.5900153303146,-73.4290378341788,-73.4290378341788
546.6000153303146,-73.42730374711276,-73.42730374711276
546.6100153303146,-73.42558506294777,-73.42558506294777
546.6200153303147,-73.4238818260205,-73.4238818260205
546.6300153303147,-73.42219407924449,-73.42219407924449
546.6400153303147,-73.42052186407646,-73.42052186407646
546.6500153303147,-73.41886522056798,-73.41886522056798
546.6600153303146,-73.41722418739356,-73.41722418739356
546.6700153303146,-73.41559880185072,-73.41559880185072
546.6800153303146,-73.41398909987669,-73.41398909987669
546.6900153303146,-73.41239511610203,-73.41239511610203
546.7000153303146,-73.41081688383186,-73.41081688383186
546.7100153303146,-73.40925443509121,-73.40925443509121
546.7200153303146,-73.4077078006242,-73.4077078006242
546.7300153303146,-73.40617700993505,-73.40617700993505
546.7400153303147,-73.404662091284,-73.404662091284
546.7500153303147,-73.40316307172685,-73.40316307172685
546.7600153303147,-73.40167997711964,-73.40167997711964
546.7700153303147,-73.40021283213612,-73.40021283213612
546.7800153303147,-73.39876166029553,-73.39876166029553
546.7900153303146,-73.39732648397631,-73.39732648397631
546.8000153303146,-73.39590732441982,-73.39590732441982
546.8100153303146,-73.39450420177134,-73.39450420177134
546.8200153303146,-73.39311713507188,-73.39311713507188
546.8300153303146,-73.39174614230609,-73.39174614230609
546.8400153303146,-73.3903912403882,-73.3903912403882
546.8500153303146,-73.38905244519404,-73.38905244519404
546.8600153303146,-73.38772977156697,-73.38772977156697
546.8700153303147,-73.38642323335245,-73.38642323335245
546.8800153303147,-73.3851328433897,-73.3851328433897
546.8900153303147,-73.38385861355275,-73.38385861355275
546.9000153303147,-73.38260055473546,-73.38260055473546
546.9100153303146,-73.38135867689938,-73.38135867689938
546.9200153303146,-73.38013298905919,-73.38013298905919
546.9300153303146,-73.37892349932035,-73.37892349932035
546.9400153303146,-73.37773021487169,-73.37773021487169
546.9500153303146,-73.37655314202746,-73.37655314202746
546.9600153303146,-73.3753922862131,-73.3753922862131
546.9700153303146,-73.37424765198503,-73.37424765198503
546.9800153303146,-73.37311924307998,-73.37311924307998
546.9900153303147,-73.37200706235613,-73.37200706235613
547.0000153303147,-73.37091111189616,-73.37091111189616
547.0100153303147,-73.36983139294571,-73.36983139294571
547.0200153303147,-73.36876790594913,-73.36876790594913
547.0300153303147,-73.36772065058717,-73.36772065058717
547.0400153303146,-73.36668962575867,-73.36668962575867
547.0500153303146,-73.36567482959595,-73.36567482959595
547.0600153303146,-73.36467625950591,-73.36467625950591
547.0700153303146,-73.36369391214265,-73.36369391214265
547.0800153303146,-73.36272778345496,-73.36272778345496
547.0900153303146,-73.36177786866352,-73.36177786866352
547.1000153303146,-73.36084416230241,-73.36084416230241
547.1100153303146,-73.35992665821264,-73.35992665821264
547.1200153303147,-73.35902534956028,-73.35902534956028
547.1300153303147,-73.3581402288582,-73.3581402288582
547.1400153303147,-73.35727128793236,-73.35727128793236
547.1500153303147,-73.35641851800123,-73.35641851800123
547.1600153303146,-73.35558190962938,-73.35558190962938
547.1700153303146,-73.35476145276263,-73.35476145276263
547.1800153303146,-73.35395713674734,-73.35395713674734
547.1900153303146,-73.3531689503123,-73.3531689503123
547.2000153303146,-73.35239688159638,-73.35239688159638
547.2100153303146,-73.35164091816496,-73.35164091816496
547.2200153303146,-73.35090104701148,-73.35090104701148
547.2300153303146,-73.35017725455108,-73.35017725455108
547.2400153303147,-73.34946952666036,-73.34946952666036
547.2500153303147,-73.34877784867679,-73.34877784867679
547.2600153303147,-73.34810220539347,-73.34810220539347
547.2700153303147,-73.34744258107075,-73.34744258107075
547.2800153303147,-73.3467989594697,-73.3467989594697
547.2900153303146,-73.34617132383588,-73.34617132383588
547.3000153303146,-73.34555965692113,-73.34555965692113
547.3100153303146,-73.34496394098326,-73.34496394098326
547.3200153303146,-73.3443841577825,-73.3443841577825
547.3300153303146,-73.34382028863078,-73.34382028863078
547.3400153303146,-73.3432723143713,-73.3432723143713
547.3500153303146,-73.34274021537355,-73.34274021537355
547.3600153303146,-73.34222397157963,-73.34222397157963
547.3700153303147,-73.34172356246674,-73.34172356246674
547.3800153303147,-73.34123896709545,-73.34123896709545
547.3900153303147,-73.34077016410099,-73.34077016410099
547.4000153541565,-73.34031713061285,-73.34031713061285
547.4100153541565,-73.33987984663541,-73.33987984663541
547.4200153541565,-73.33945828844057,-73.33945828844057
547.4300153541565,-73.33905243302353,-73.33905243302353
547.4400153541565,-73.33866225700383,-73.33866225700383
547.4500153541564,-73.33828773661122,-73.33828773661122
547.4600153541564,-73.33792884770308,-73.33792884770308
547.4700153541565,-73.3375855657634,-73.3375855657634
547.4800153541565,-73.33725786592585,-73.33725786592585
547.4900153541565,-73.33694572295391,-73.33694572295391
547.5000153541565,-73.3366491112718,-73.3366491112718
547.5100153541565,-73.33636800496222,-73.33636800496222
547.5200153541565,-73.33610237776489,-73.33610237776489
547.5300153541565,-73.33585220310196,-73.33585220310196
547.5400153541565,-73.33561745405787,-73.33561745405787
547.5500153541565,-73.33539810341416,-73.33539810341416
547.5600153541565,-73.33519412362389,-73.33519412362389
547.5700153541565,-73.33500548685925,-73.33500548685925
547.5800153541564,-73.3348321649674,-73.3348321649674
547.5900153541565,-73.33467412951978,-73.33467412951978
547.6000153541565,-73.33453135179622,-73.33453135179622
547.6100153541565,-73.3344038027962,-73.3344038027962
547.6200153541565,-73.33429145323555,-73.33429145323555
547.6300153541565,-73.33419427355372,-73.33419427355372
547.6400153541565,-73.33411223394356,-73.33411223394356
547.6500153541565,-73.33404530431157,-73.33404530431157
547.6600153541565,-73.33399345433727,-73.33399345433727
547.6700153541565,-73.33395665341983,-73.33395665341983
547.6800153541565,-73.33393487074179,-73.33393487074179
547.6900153541565,-73.33392807521953,-73.33392807521953
547.7000153541564,-73.33393623555345,-73.33393623555345
547.7100153541564,-73.3339593202093,-73.3339593202093
547.7200153541565,-73.33399729740653,-73.33399729740653
547.7300153541565,-73.33405013517523,-73.33405013517523
547.7400153541565,-73.3341178013116,-73.3341178013116
547.7500153541565,-73.33420026339935,-73.33420026339935
547.7600153541565,-73.33429748881427,-73.33429748881427
547.7700153541565,-73.33440944472873,-73.33440944472873
547.7800153541565,-73.33453609813083,-73.33453609813083
547.7900153541565,-73.33467741578801,-73.33467741578801
547.8000153541565,-73.33483336430592,-73.33483336430592
547.8100153541565,-73.33500391008425,-73.33500391008425
547.8200153541565,-73.33518901934667,-73.33518901934667
547.8300153541564,-73.33538865813897,-73.33538865813897
547.8400153541565,-73.33560279233215,-73.33560279233215
547.8500153541565,-73.33583138762933,-73.33583138762933
547.8600153541565,-73.33607440957486,-73.33607440957486
547.8700153541565,-73.3363318235329,-73.3363318235329
547.8800153541565,-73.33660359472542,-73.33660359472542
547.8900153541565,-73.33688968820933,-73.33688968820933
547.9000153541565,-73.33719006889658,-73.33719006889658
547.9100153541565,-73.33750470155671,-73.33750470155671
547.9200153541565,-73.33783355080229,-73.33783355080229
547.9300153541565,-73.33817658111758,-73.33817658111758
547.9400153541565,-73.3385337568453,-73.3385337568453
547.9500153541564,-73.33890504219146,-73.33890504219146
547.9600153541564,-73.33928400335996,-73.33928400335996
547.9700153541565,-73.33966780376386,-73.33966780376386
547.9800153541565,-73.34005504487538,-73.34005504487538
547.9900153541565,-73.34044499379412,-73.34044499379412
548.0000153541565,-73.34083728843297,-73.34083728843297
548.0100153541565,-73.3412317844056,-73.3412317844056
548.0200153541565,-73.34162846526779,-73.34162846526779
548.0300153541565,-73.34202738856047,-73.34202738856047
548.0400153541565,-73.34242865337872,-73.34242865337872
548.0500153541565,-73.34283238091392,-73.34283238091392
548.0600153541565,-73.3432387028537,-73.3432387028537
548.0700153541565,-73.34364775456936,-73.34364775456936
548.0800153541564,-73.34405967119717,-73.34405967119717
548.0900153541565,-73.34447458551053,-73.34447458551053
548.1000153541565,-73.34489262686775,-73.34489262686775
548.1100153541565,-73.34531392074791,-73.34531392074791
548.1200153541565,-73.34573858870318,-73.34573858870318
548.1300153541565,-73.34616674851813,-73.34616674851813
548.1400153541565,-73.34659851444152,-73.34659851444152
548.1500153541565,-73.3470339974678,-73.3470339974678
548.1600153541565,-73.34747330565034,-73.34747330565034
548.1700153541565,-73.34791654438918,-73.34791654438918
548.1800153541565,-73.34836381667007,-73.34836381667007
548.1900153541565,-73.3488152233427,-73.3488152233427
548.2000153541564,-73.34927086326918,-73.34927086326918
548.2100153541564,-73.34973083355109,-73.34973083355109
548.2200153541565,-73.35019522964949,-73.35019522964949
548.2300153541565,-73.35066414554058,-73.35066414554058
548.2400153541565,-73.35113767379468,-73.35113767379468
548.2500153779984,-73.3516159068263,-73.3516159068263
548.2600153779983,-73.35209893241965,-73.35209893241965
548.2700153779983,-73.35258684057135,-73.35258684057135
548.2800153779983,-73.35307971904822,-73.35307971904822
548.2900153779983,-73.35357765451796,-73.35357765451796
548.3000153779983,-73.35408073261992,-73.35408073261992
548.3100153779983,-73.35458903796827,-73.35458903796827
548.3200153779984,-73.35510265415398,-73.35510265415398
548.3300153779984,-73.35562166379324,-73.35562166379324
548.3400153779984,-73.35614614850738,-73.35614614850738
548.3500153779984,-73.35667618893976,-73.35667618893976
548.3600153779984,-73.35721186476685,-73.35721186476685
548.3700153779984,-73.35775325469456,-73.35775325469456
548.3800153779983,-73.35830043644695,-73.35830043644695
548.3900153779983,-73.35885348678003,-73.35885348678003
548.4000153779983,-73.3594124814623,-73.3594124814623
548.4100153779983,-73.35997749530381,-73.35997749530381
548.4200153779983,-73.36054860210868,-73.36054860210868
548.4300153779983,-73.36112587470633,-73.36112587470633
548.4400153779984,-73.36170938491496,-73.36170938491496
548.4500153779984,-73.36229920357886,-73.36229920357886
548.4600153779984,-73.36288900079211,-73.36288900079211
548.4700153779984,-73.36347604366388,-73.36347604366388
548.4800153779984,-73.36405903675404,-73.36405903675404
548.4900153779984,-73.36463734948174,-73.36463734948174
548.5000153779984,-73.36521072127054,-73.36521072127054
548.5100153779983,-73.3657791084096,-73.3657791084096
548.5200153779983,-73.36634259429367,-73.36634259429367
548.5300153779983,-73.36690133546367,-73.36690133546367
548.5400153779983,-73.36745552917108,-73.36745552917108
548.5500153779983,-73.36800539390964,-73.36800539390964
548.5600153779983,-73.36855115781675,-73.36855115781675
548.5700153779984,-73.36909305185135,-73.36909305185135
548.5800153779984,-73.36963130587249,-73.36963130587249
548.5900153779984,-73.3701661464923,-73.3701661464923
548.6000153779984,-73.37069779601023,-73.37069779601023
548.6100153779984,-73.37122647198092,-73.37122647198092
548.6200153779984,-73.37175238712695,-73.37175238712695
548.6300153779983,-73.37227574950529,-73.37227574950529
548.6400153779983,-73.37279676272608,-73.37279676272608
548.6500153779983,-73.37331562624345,-73.37331562624345
548.6600153779983,-73.37383253566632,-73.37383253566632
548.6700153779983,-73.37434768302063,-73.37434768302063
548.6800153779983,-73.37486125703195,-73.37486125703195
548.6900153779984,-73.37537344333838,-73.37537344333838
548.7000153779984,-73.37588442472675,-73.37588442472675
548.7100153779984,-73.37639438125834,-73.37639438125834
548.7200153779984,-73.37690349047256,-73.37690349047256
548.7300153779984,-73.37741192749992,-73.37741192749992
548.7400153779984,-73.37791986515886,-73.37791986515886
548.7500153779984,-73.37842747406728,-73.37842747406728
548.7600153779983,-73.37893492270122,-73.37893492270122
548.7700153779983,-73.37944237747895,-73.37944237747895
548.7800153779983,-73.37995000278718,-73.37995000278718
548.7900153779983,-73.38045796104592,-73.38045796104592
548.8000153779983,-73.38096641274166,-73.38096641274166
548.8100153779983,-73.38147551643306,-73.38147551643306
548.8200153779984,-73.38198542880318,-73.38198542880318
548.8300153779984,-73.38249630467747,-73.38249630467747
548.8400153779984,-73.38300829700552,-73.38300829700552
548.8500153779984,-73.38352155689708,-73.38352155689708
548.8600153779984,-73.38403623363024,-73.38403623363024
548.8700153779984,-73.38455247465374,-73.38455247465374
548.8800153779983,-73.38507042559736,-73.38507042559736
548.8900153779983,-73.385590230269,-73.385590230269
548.9000153779983,-73.38611203066716,-73.38611203066716
548.9100153779983,-73.38663596697779,-73.38663596697779
548.9200153779983,-73.387162177581,-73.387162177581
548.9300153779983,-73.3876907990407,-73.3876907990407
548.9400153779984,-73.38822196612263,-73.38822196612263
548.9500153779984,-73.38875581179776,-73.38875581179776
548.9600153779984,-73.38929246722948,-73.38929246722948
548.9700153779984,-73.38983206178666,-73.38983206178666
548.9800153779984,-73.3903747230425,-73.3903747230425
548.9900153779984,-73.39092057679144,-73.39092057679144
549.0000153779984,-73.39146974702913,-73.39146974702913
549.0100153779983,-73.39202235597585,-73.39202235597585
549.0200153779983,-73.39257852407802,-73.39257852407802
549.0300153779983,-73.39313837000307,-73.39313837000307
549.0400153779983,-73.39370201065539,-73.39370201065539
549.0500153779983,-73.39426956117865,-73.39426956117865
549.0600153779983,-73.39484113496331,-73.39484113496331
549.0700153779984,-73.39541684365426,-73.39541684365426
549.0800153779984,-73.39599679716343,-73.39599679716343
549.0900153779984,-73.39658110365211,-73.39658110365211
549.1000154018402,-73.39716987098453,-73.39716987098453
549.1100154018402,-73.3977632011066,-73.3977632011066
549.1200154018402,-73.39836119844294,-73.39836119844294
549.1300154018402,-73.3989639643314,-73.3989639643314
549.1400154018402,-73.39957159842807,-73.39957159842807
549.1500154018402,-73.40018419871441,-73.40018419871441
549.1600154018402,-73.40080186151675,-73.40080186151675
549.1700154018403,-73.4014246814896,-73.4014246814896
549.1800154018403,-73.40205275167602,-73.40205275167602
549.1900154018402,-73.40268616346448,-73.40268616346448
549.2000154018402,-73.40332500664483,-73.40332500664483
549.2100154018402,-73.40396936939457,-73.40396936939457
549.2200154018402,-73.40461933830512,-73.40461933830512
549.2300154018402,-73.40527499838642,-73.40527499838642
549.2400154018402,-73.40593643307892,-73.40593643307892
549.2500154018402,-73.4066037242807,-73.4066037242807
549.2600154018402,-73.4072769523475,-73.4072769523475
549.2700154018402,-73.40795619611032,-73.40795619611032
549.2800154018402,-73.40864153289213,-73.40864153289213
549.2900154018403,-73.40933303851826,-73.40933303851826
549.3000154018403,-73.41003078734138,-73.41003078734138
549.3100154018402,-73.41073485222833,-73.41073485222833
549.3200154018402,-73.41144530460635,-73.41144530460635
549.3300154018402,-73.41216221445681,-73.41216221445681
549.3400154018402,-73.41288565034795,-73.41288565034795
549.3500154018402,-73.41361567942619,-73.41361567942619
549.3600154018402,-73.41435236745113,-73.41435236745113
549.3700154018402,-73.41509577879701,-73.41509577879701
549.3800154018402,-73.41584597648477,-73.41584597648477
549.3900154018402,-73.41660302217268,-73.41660302217268
549.4000154018402,-73.41736697619257,-73.41736697619257
549.4100154018402,-73.41813789754733,-73.41813789754733
549.4200154018403,-73.41891584394811,-73.41891584394811
549.4300154018403,-73.4197008718132,-73.4197008718132
549.4400154018402,-73.42049303627834,-73.42049303627834
549.4500154018402,-73.42129239122046,-73.42129239122046
549.4600154018402,-73.42209898928131,-73.42209898928131
549.4700154018402,-73.4229128818576,-73.4229128818576
549.4800154018402,-73.4237341191443,-73.4237341191443
549.4900154018402,-73.42456275012468,-73.42456275012468
549.5000154018402,-73.42539882260662,-73.42539882260662
549.5100154018402,-73.4262423832243,-73.4262423832243
549.5200154018402,-73.42709347745236,-73.42709347745236
549.5300154018402,-73.427952149622,-73.427952149622
549.5400154018403,-73.4288184429464,-73.4288184429464
549.5500154018403,-73.42965544022864,-73.42965544022864
549.5600154018402,-73.4304624041517,-73.4304624041517
549.5700154018402,-73.43124050187606,-73.43124050187606
549.5800154018402,-73.4319897246186,-73.4319897246186
549.5900154018402,-73.43270919139904,-73.43270919139904
549.6000154018402,-73.43339754035178,-73.43339754035178
549.6100154018402,-73.43405317677393,-73.43405317677393
549.6200154018402,-73.43467442118488,-73.43467442118488
549.6300154018402,-73.43525959774739,-73.43525959774739
549.6400154018402,-73.43580708685634,-73.43580708685634
549.6500154018402,-73.43631535560776,-73.43631535560776
549.6600154018402,-73.43678297448734,-73.43678297448734
549.6700154018403,-73.43720862520695,-73.43720862520695
549.6800154018403,-73.43759110311717,-73.43759110311717
549.6900154018402,-73.43792931609659,-73.43792931609659
549.7000154018402,-73.43822228139636,-73.43822228139636
549.7100154018402,-73.43846912124249,-73.43846912124249
549.7200154018402,-73.43866905779842,-73.43866905779842
549.7300154018402,-73.43882140783596,-73.43882140783596
549.7400154018402,-73.43892557736218,-73.43892557736218
549.7500154018402,-73.43898105632677,-73.43898105632677
549.7600154018402,-73.43898741350714,-73.43898741350714
549.7700154018402,-73.43894429165508,-73.43894429165508
549.7800154018402,-73.43885140283496,-73.43885140283496
549.7900154018403,-73.43870852407393,-73.43870852407393
549.8000154018403,-73.4385154932428,-73.4385154932428
549.8100154018402,-73.43827220520421,-73.43827220520421
549.8200154018402,-73.43797860815268,-73.43797860815268
549.8300154018402,-73.4376347002495,-73.4376347002495
549.8400154018402,-73.43724052641667,-73.43724052641667
549.8500154018402,-73.43679617534025,-73.43679617534025
549.8600154018402,-73.4363017766707,-73.4363017766707
549.8700154018402,-73.43575749835804,-73.43575749835804
549.8800154018402,-73.43516354421125,-73.43516354421125
549.8900154018402,-73.4345201515384,-73.4345201515384
549.9000154018402,-73.43382758895197,-73.43382758895197
549.9100154018402,-73.43308615431644,-73.43308615431644
549.9200154018403,-73.43229617279506,-73.43229617279506
549.9300154018403,-73.43145799501566,-73.43145799501566
549.9400154018402,-73.43057199533125,-73.43057199533125
549.9500154256821,-73.4296385679735,-73.4296385679735
549.9600154256821,-73.4286517301119,-73.4286517301119
549.970015425682,-73.42760911255088,-73.42760911255088
549.980015425682,-73.42650980609166,-73.42650980609166
549.990015425682,-73.42535358531146,-73.42535358531146
550.000015425682,-73.42414061214278,-73.42414061214278
550.010015425682,-73.42287128128409,-73.42287128128409
550.0200154256821,-73.42154612908301,-73.42154612908301
550.0300154256821,-73.42016577842075,-73.42016577842075
550.0400154256821,-73.41873090512324,-73.41873090512324
550.0500154256821,-73.41724221748396,-73.41724221748396
550.0600154256821,-73.41570044368392,-73.41570044368392
550.0700154256821,-73.41410632409239,-73.41410632409239
550.0800154256821,-73.412460606537,-73.412460606537
550.090015425682,-73.41076404334211,-73.41076404334211
550.100015425682,-73.40901738956119,-73.40901738956119
550.110015425682,-73.40722140181153,-73.40722140181153
550.120015425682,-73.40537683757046,-73.40537683757046
550.130015425682,-73.40348445470131,-73.40348445470131
550.1400154256821,-73.40154501109893,-73.40154501109893
550.1500154256821,-73.39955926445603,-73.39955926445603
550.1600154256821,-73.39752797198055,-73.39752797198055
550.1700154256821,-73.39545189023382,-73.39545189023382
550.1800154256821,-73.3933317748963,-73.3933317748963
550.1900154256821,-73.39116838057221,-73.39116838057221
550.2000154256821,-73.38896246056251,-73.38896246056251
550.2100154256821,-73.38671476664477,-73.38671476664477
550.220015425682,-73.38442604886345,-73.38442604886345
550.230015425682,-73.3820970552833,-73.3820970552833
550.240015425682,-73.37972853178574,-73.37972853178574
550.250015425682,-73.37732122180743,-73.37732122180743
550.260015425682,-73.37487586614309,-73.37487586614309
550.2700154256821,-73.37239320269818,-73.37239320269818
550.2800154256821,-73.36987396631693,-73.36987396631693
550.2900154256821,-73.3673188885185,-73.3673188885185
550.3000154256821,-73.36472869731247,-73.36472869731247
550.3100154256821,-73.36210411700381,-73.36210411700381
550.3200154256821,-73.3594458680044,-73.3594458680044
550.3300154256821,-73.35675466664549,-73.35675466664549
550.340015425682,-73.35403122499817,-73.35403122499817
550.350015425682,-73.35127625070483,-73.35127625070483
550.360015425682,-73.34849044683418,-73.34849044683418
550.370015425682,-73.3456745117261,-73.3456745117261
550.380015425682,-73.34282913883949,-73.34282913883949
550.3900154256821,-73.33995501663483,-73.33995501663483
550.4000154256821,-73.33705282843914,-73.33705282843914
550.4100154256821,-73.33412325232817,-73.33412325232817
550.4200154256821,-73.3311669610197,-73.3311669610197
550.4300154256821,-73.32818462176874,-73.32818462176874
550.4400154256821,-73.32517689627662,-73.32517689627662
550.4500154256821,-73.32214444060553,-73.32214444060553
550.4600154256821,-73.3190879050889,-73.3190879050889
550.470015425682,-73.31600793425483,-73.31600793425483
550.480015425682,-73.31290516677882,-73.31290516677882
550.490015425682,-73.30978023539775,-73.30978023539775
550.500015425682,-73.30663376686843,-73.30663376686843
550.510015425682,-73.3034663819221,-73.3034663819221
550.5200154256821,-73.30027869518818,-73.30027869518818
550.5300154256821,-73.29707131521081,-73.29707131521081
550.5400154256821,-73.29384484435344,-73.29384484435344
550.5500154256821,-73.29059987880838,-73.29059987880838
550.5600154256821,-73.28733700856878,-73.28733700856878
550.5700154256821,-73.28405681739557,-73.28405681739557
550.5800154256821,-73.28075988280327,-73.28075988280327
550.590015425682,-73.27744677604895,-73.27744677604895
550.600015425682,-73.27411806214032,-73.27411806214032
550.610015425682,-73.27077429979954,-73.27077429979954
550.620015425682,-73.26741604149886,-73.26741604149886
550.630015425682,-73.26404383342614,-73.26404383342614
550.6400154256821,-73.26065821550817,-73.26065821550817
550.6500154256821,-73.25725972142894,-73.25725972142894
550.6600154256821,-73.25384887861689,-73.25384887861689
550.6700154256821,-73.25042620827624,-73.25042620827624
550.6800154256821,-73.2469922254011,-73.2469922254011
550.6900154256821,-73.24354743878628,-73.24354743878628
550.7000154256821,-73.24009235105424,-73.24009235105424
550.7100154256821,-73.23662745867512,-73.23662745867512
550.720015425682,-73.2331532519965,-73.2331532519965
550.730015425682,-73.2296702152623,-73.2296702152623
550.740015425682,-73.2261788266456,-73.2261788266456
550.750015425682,-73.2226795582865,-73.2226795582865
550.760015425682,-73.21917287631574,-73.21917287631574
550.7700154256821,-73.2156592408915,-73.2156592408915
550.7800154256821,-73.21213910622757,-73.21213910622757
550.7900154256821,-73.20861292064262,-73.20861292064262
550.8000154495239,-73.20508111817027,-73.20508111817027
550.8100154495239,-73.20154415224435,-73.20154415224435
550.8200154495239,-73.19800244531413,-73.19800244531413
550.8300154495239,-73.1944564224634,-73.1944564224634
550.8400154495239,-73.19090650308014,-73.19090650308014
550.8500154495239,-73.18735310089718,-73.18735310089718
550.8600154495239,-73.1837966240264,-73.1837966240264
550.870015449524,-73.1802374749966,-73.1802374749966
550.880015449524,-73.1766760508169,-73.1766760508169
550.890015449524,-73.17311274301174,-73.17311274301174
550.900015449524,-73.16954793766641,-73.16954793766641
550.9100154495239,-73.16598201547465,-73.16598201547465
550.9200154495239,-73.16241535178482,-73.16241535178482
550.9300154495239,-73.15884831665021,-73.15884831665021
550.9400154495239,-73.15528127487433,-73.15528127487433
550.9500154495239,-73.15171458605062,-73.15171458605062
550.9600154495239,-73.14814860462614,-73.14814860462614
550.9700154495239,-73.14458367995174,-73.14458367995174
550.9800154495239,-73.14102015630161,-73.14102015630161
550.990015449524,-73.13745837295991,-73.13745837295991
551.000015449524,-73.13389866424889,-73.13389866424889
551.010015449524,-73.13034135957302,-73.13034135957302
551.020015449524,-73.1267867834765,-73.1267867834765
551.030015449524,-73.123235255692,-73.123235255692
551.0400154495239,-73.11968709119522,-73.11968709119522
551.0500154495239,-73.11614260024028,-73.11614260024028
551.0600154495239,-73.1126020884265,-73.1126020884265
551.0700154495239,-73.10906585672872,-73.10906585672872
551.0800154495239,-73.10553420155897,-73.10553420155897
551.0900154495239,-73.102007414806,-73.102007414806
551.1000154495239,-73.09848578389587,-73.09848578389587
551.1100154495239,-73.09496959182005,-73.09496959182005
551.120015449524,-73.09145911721517,-73.09145911721517
551.130015449524,-73.08795463437761,-73.08795463437761
551.140015449524,-73.08445641332845,-73.08445641332845
551.150015449524,-73.08096471987224,-73.08096471987224
551.1600154495239,-73.07747981561135,-73.07747981561135
551.1700154495239,-73.07400195802386,-73.07400195802386
551.1800154495239,-73.07053140049858,-73.07053140049858
551.1900154495239,-73.06706839237802,-73.06706839237802
551.2000154495239,-73.06361317902267,-73.06361317902267
551.2100154495239,-73.06016600182193,-73.06016600182193
551.2200154495239,-73.05672709827988,-73.05672709827988
551.2300154495239,-73.05329670203317,-73.05329670203317
551.240015449524,-73.04987504289905,-73.04987504289905
551.250015449524,-73.04646234695109,-73.04646234695109
551.260015449524,-73.04305883651416,-73.04305883651416
551.270015449524,-73.03966473023442,-73.03966473023442
551.280015449524,-73.03628024313525,-73.03628024313525
551.2900154495239,-73.03290558663929,-73.03290558663929
551.3000154495239,-73.02954096861815,-73.02954096861815
551.3100154495239,-73.02618659343493,-73.02618659343493
551.3200154495239,-73.02284266199139,-73.02284266199139
551.3300154495239,-73.01950937177271,-73.01950937177271
551.3400154495239,-73.01618691686816,-73.01618691686816
551.3500154495239,-73.012875488033,-73.012875488033
551.3600154495239,-73.00957527272513,-73.00957527272513
551.370015449524,-73.00628645514067,-73.00628645514067
551.380015449524,-73.00300921626767,-73.00300921626767
551.390015449524,-72.9997437338944,-72.9997437338944
551.400015449524,-72.99649018269113,-72.99649018269113
551.4100154495239,-72.99324873421516,-72.99324873421516
551.4200154495239,-72.99001955695417,-72.99001955695417
551.4300154495239,-72.98680281638794,-72.98680281638794
551.4400154495239,-72.98359867499111,-72.98359867499111
551.4500154495239,-72.98040729231896,-72.98040729231896
551.4600154495239,-72.97722246034961,-72.97722246034961
551.4700154495239,-72.97404154823158,-72.97404154823158
551.4800154495239,-72.97086335559445,-72.97086335559445
551.490015449524,-72.96768734415113,-72.96768734415113
551.500015449524,-72.96451334389151,-72.96451334389151
551.510015449524,-72.96134140008525,-72.96134140008525
551.520015449524,-72.95817168348063,-72.95817168348063
551.530015449524,-72.95500443621735,-72.95500443621735
551.5400154495239,-72.95183993926592,-72.95183993926592
551.5500154495239,-72.9486784928815,-72.9486784928815
551.5600154495239,-72.94552040494627,-72.94552040494627
551.5700154495239,-72.94236598414292,-72.94236598414292
551.5800154495239,-72.93921553604056,-72.93921553604056
551.5900154495239,-72.93606936098529,-72.93606936098529
551.6000154495239,-72.93292775304717,-72.93292775304717
551.6100154495239,-72.92979099965524,-72.92979099965524
551.620015449524,-72.92665938156576,-72.92665938156576
551.630015449524,-72.92353317305827,-72.92353317305827
551.640015449524,-72.92041264222871,-72.92041264222871
551.6500154733658,-72.91729804390143,-72.91729804390143
551.6600154733658,-72.91418964968301,-72.91418964968301
551.6700154733658,-72.91108770373047,-72.91108770373047
551.6800154733658,-72.9079924527785,-72.9079924527785
551.6900154733657,-72.90490413899316,-72.90490413899316
551.7000154733657,-72.90182300018765,-72.90182300018765
551.7100154733657,-72.89874927009775,-72.89874927009775
551.7200154733658,-72.89568317851882,-72.89568317851882
551.7300154733658,-72.89262495150832,-72.89262495150832
551.7400154733658,-72.88957481151746,-72.88957481151746
551.7500154733658,-72.88653297751168,-72.88653297751168
551.7600154733658,-72.88349966509472,-72.88349966509472
551.7700154733658,-72.88047508660276,-72.88047508660276
551.7800154733658,-72.87745945115208,-72.87745945115208
551.7900154733658,-72.874452964758,-72.874452964758
551.8000154733658,-72.87140171868747,-72.87140171868747
551.8100154733658,-72.8682936113364,-72.8682936113364
551.8200154733657,-72.86512555063189,-72.86512555063189
551.8300154733657,-72.86189614220012,-72.86189614220012
551.8400154733658,-72.85860445197378,-72.85860445197378
551.8500154733658,-72.85524979598439,-72.85524979598439
551.8600154733658,-72.85183169347876,-72.85183169347876
551.8700154733658,-72.84834984545137,-72.84834984545137
551.8800154733658,-72.8448041172214,-72.8448041172214
551.8900154733658,-72.84119452206406,-72.84119452206406
551.9000154733658,-72.83752120557423,-72.83752120557423
551.9100154733658,-72.83378443091885,-72.83378443091885
551.9200154733658,-72.82998456509202,-72.82998456509202
551.9300154733658,-72.82612206622146,-72.82612206622146
551.9400154733657,-72.82219747212345,-72.82219747212345
551.9500154733657,-72.81821138992663,-72.81821138992663
551.9600154733657,-72.81415813742025,-72.81415813742025
551.9700154733658,-72.81003565654427,-72.81003565654427
551.9800154733658,-72.80584336420345,-72.80584336420345
551.9900154733658,-72.80158137912295,-72.80158137912295
552.0000154733658,-72.79725022306091,-72.79725022306091
552.0100154733658,-72.79285066315735,-72.79285066315735
552.0200154733658,-72.78838361789761,-72.78838361789761
552.0300154733658,-72.78385009929521,-72.78385009929521
552.0400154733658,-72.77925117699971,-72.77925117699971
552.0500154733658,-72.77458795577762,-72.77458795577762
552.0600154733658,-72.76986156125722,-72.76986156125722
552.0700154733657,-72.76507313079206,-72.76507313079206
552.0800154733657,-72.76022380750443,-72.76022380750443
552.0900154733658,-72.7553147363751,-72.7553147363751
552.1000154733658,-72.7503470616285,-72.7503470616285
552.1100154733658,-72.74532192488803,-72.74532192488803
552.1200154733658,-72.74024046394567,-72.74024046394567
552.1300154733658,-72.73510381184981,-72.73510381184981
552.1400154733658,-72.72991309618553,-72.72991309618553
552.1500154733658,-72.72466943856276,-72.72466943856276
552.1600154733658,-72.71937395418439,-72.71937395418439
552.1700154733658,-72.71402775148087,-72.71402775148087
552.1800154733658,-72.70863193178333,-72.70863193178333
552.1900154733657,-72.70318758908,-72.70318758908
552.2000154733657,-72.69769580975198,-72.69769580975198
552.2100154733657,-72.69215133519631,-72.69215133519631
552.2200154733658,-72.68655246529538,-72.68655246529538
552.2300154733658,-72.68089891994569,-72.68089891994569
552.2400154733658,-72.67519107344027,-72.67519107344027
552.2500154733658,-72.66942966154731,-72.66942966154731
552.2600154733658,-72.66361562889824,-72.66361562889824
552.2700154733658,-72.6577500392019,-72.6577500392019
552.2800154733658,-72.65183402119587,-72.65183402119587
552.2900154733658,-72.64586873597997,-72.64586873597997
552.3000154733658,-72.63985535734966,-72.63985535734966
552.3100154733658,-72.6337950600403,-72.6337950600403
552.3200154733657,-72.62768901277387,-72.62768901277387
552.3300154733657,-72.62153837422015,-72.62153837422015
552.3400154733658,-72.6153442908191,-72.6153442908191
552.3500154733658,-72.60910789562267,-72.60910789562267
552.3600154733658,-72.60283030780755,-72.60283030780755
552.3700154733658,-72.59651263261632,-72.59651263261632
552.3800154733658,-72.59015596143765,-72.59015596143765
552.3900154733658,-72.58376137208128,-72.58376137208128
552.4000154733658,-72.57732992902908,-72.57732992902908
552.4100154733658,-72.57086268376361,-72.57086268376361
552.4200154733658,-72.56436067504802,-72.56436067504802
552.4300154733658,-72.55782492918799,-72.55782492918799
552.4400154733657,-72.55125646028752,-72.55125646028752
552.4500154733657,-72.54465627049248,-72.54465627049248
552.4600154733657,-72.53802535016266,-72.53802535016266
552.4700154733658,-72.53136467805813,-72.53136467805813
552.4800154733658,-72.52467522151936,-72.52467522151936
552.4900154733658,-72.51795793656088,-72.51795793656088
552.5000154972076,-72.51121375198039,-72.51121375198039
552.5100154972076,-72.50444363357937,-72.50444363357937
552.5200154972076,-72.49764848825664,-72.49764848825664
552.5300154972076,-72.49082922793792,-72.49082922793792
552.5400154972076,-72.48398675376758,-72.48398675376758
552.5500154972076,-72.4771219561882,-72.4771219561882
552.5600154972076,-72.47023571499878,-72.47023571499878
552.5700154972077,-72.4633288994105,-72.4633288994105
552.5800154972077,-72.45640236815706,-72.45640236815706
552.5900154972077,-72.44945696950306,-72.44945696950306
552.6000154972077,-72.44249354133547,-72.44249354133547
552.6100154972077,-72.43551291122051,-72.43551291122051
552.6200154972076,-72.42851589647096,-72.42851589647096
552.6300154972076,-72.42150330418579,-72.42150330418579
552.6400154972076,-72.41447593132891,-72.41447593132891
552.6500154972076,-72.40743456476832,-72.40743456476832
552.6600154972076,-72.40037998137288,-72.40037998137288
552.6700154972076,-72.39331294804077,-72.39331294804077
552.6800154972076,-72.38623422176752,-72.38623422176752
552.6900154972077,-72.37914454971417,-72.37914454971417
552.7000154972077,-72.37204466928107,-72.37204466928107
552.7100154972077,-72.3649353081453,-72.3649353081453
552.7200154972077,-72.35781718434983,-72.35781718434983
552.7300154972077,-72.35069100636979,-72.35069100636979
552.7400154972077,-72.34355747316064,-72.34355747316064
552.7500154972076,-72.33641727423807,-72.33641727423807
552.7600154972076,-72.32927108975713,-72.32927108975713
552.7700154972076,-72.32211959056053,-72.32211959056053
552.7800154972076,-72.31496343827075,-72.31496343827075
552.7900154972076,-72.30780328534452,-72.30780328534452
552.8000154972076,-72.30063977515566,-72.30063977515566
552.8100154972076,-72.29347354206712,-72.29347354206712
552.8200154972077,-72.28630521149502,-72.28630521149502
552.8300154972077,-72.27913540000733,-72.27913540000733
552.8400154972077,-72.27196471537297,-72.27196471537297
552.8500154972077,-72.26479375663874,-72.26479375663874
552.8600154972077,-72.25762311422507,-72.25762311422507
552.8700154972076,-72.25045336999254,-72.25045336999254
552.8800154972076,-72.24328509731022,-72.24328509731022
552.8900154972076,-72.23611886116544,-72.23611886116544
552.9000154972076,-72.22895521817398,-72.22895521817398
552.9100154972076,-72.22179471674183,-72.22179471674183
552.9200154972076,-72.21463789707418,-72.21463789707418
552.9300154972076,-72.20748529130461,-72.20748529130461
552.9400154972077,-72.20033742353621,-72.20033742353621
552.9500154972077,-72.19319480995136,-72.19319480995136
552.9600154972077,-72.18605166880415,-72.18605166880415
552.9700154972077,-72.1789057527881,-72.1789057527881
552.9800154972077,-72.17175622547728,-72.17175622547728
552.9900154972077,-72.16460290120625,-72.16460290120625
553.0000154972076,-72.15744595432386,-72.15744595432386
553.0100154972076,-72.15028576774462,-72.15028576774462
553.0200154972076,-72.14312284388589,-72.14312284388589
553.0300154972076,-72.13595775108816,-72.13595775108816
553.0400154972076,-72.12879109129273,-72.12879109129273
553.0500154972076,-72.12162348067893,-72.12162348067893
553.0600154972076,-72.11445553809733,-72.11445553809733
553.0700154972077,-72.10728787834466,-72.10728787834466
553.0800154972077,-72.10012110829997,-72.10012110829997
553.0900154972077,-72.09295582490368,-72.09295582490368
553.1000154972077,-72.08579261415541,-72.08579261415541
553.1100154972077,-72.07863205078966,-72.07863205078966
553.1200154972076,-72.07147469832967,-72.07147469832967
553.1300154972076,-72.06432110931796,-72.06432110931796
553.1400154972076,-72.05717182567845,-72.05717182567845
553.1500154972076,-72.05002737911293,-72.05002737911293
553.1600154972076,-72.04288829151942,-72.04288829151942
553.1700154972076,-72.03575507535008,-72.03575507535008
553.1800154972076,-72.02862823400575,-72.02862823400575
553.1900154972077,-72.02150826214977,-72.02150826214977
553.2000154972077,-72.01439564602649,-72.01439564602649
553.2100154972077,-72.00729086372222,-72.00729086372222
553.2200154972077,-72.000194385409,-72.000194385409
553.2300154972077,-71.99310667358391,-71.99310667358391
553.2400154972077,-71.98602818324264,-71.98602818324264
553.2500154972076,-71.97895936207544,-71.97895936207544
553.2600154972076,-71.97190065059618,-71.97190065059618
553.2700154972076,-71.96485248232874,-71.96485248232874
553.2800154972076,-71.9578152839019,-71.9578152839019
553.2900154972076,-71.9507894751968,-71.9507894751968
553.3000154972076,-71.94377546943149,-71.94377546943149
553.3100154972076,-71.93677367327554,-71.93677367327554
553.3200154972077,-71.92978448694214,-71.92978448694214
553.3300154972077,-71.92280830429353,-71.92280830429353
553.3400154972077,-71.91584551288611,-71.91584551288611
553.3500155210495,-71.90889647752384,-71.90889647752384
553.3600155210495,-71.90196160656463,-71.90196160656463
553.3700155210495,-71.89504125260385,-71.89504125260385
553.3800155210495,-71.88813577881074,-71.88813577881074
553.3900155210495,-71.88124554244209,-71.88124554244209
553.4000155210495,-71.87437089489903,-71.87437089489903
553.4100155210494,-71.86751218177164,-71.86751218177164
553.4200155210495,-71.86066974291444,-71.86066974291444
553.4300155210495,-71.85384391253174,-71.85384391253174
553.4400155210495,-71.84703501918828,-71.84703501918828
553.4500155210495,-71.84024338590007,-71.84024338590007
553.4600155210495,-71.83346933019348,-71.83346933019348
553.4700155210495,-71.82671316413945,-71.82671316413945
553.4800155210495,-71.81997519442304,-71.81997519442304
553.4900155210495,-71.813255722418,-71.813255722418
553.5000155210495,-71.80655504420174,-71.80655504420174
553.5100155210495,-71.79987345063803,-71.79987345063803
553.5200155210495,-71.79321122744133,-71.79321122744133
553.5300155210494,-71.78656865519754,-71.78656865519754
553.5400155210496,-71.77994600945222,-71.77994600945222
553.5500155210495,-71.77334356074654,-71.77334356074654
553.5600155210495,-71.76676157467284,-71.76676157467284
553.5700155210495,-71.76020031192228,-71.76020031192228
553.5800155210495,-71.7536600283568,-71.7536600283568
553.5900155210495,-71.747140975041,-71.747140975041
553.6000155210495,-71.74064339832334,-71.74064339832334
553.6100155210495,-71.73416753985282,-71.73416753985282
553.6200155210495,-71.72771363665142,-71.72771363665142
553.6300155210495,-71.72128192117867,-71.72128192117867
553.6400155210495,-71.7148726213476,-71.7148726213476
553.6500155210495,-71.70848596061757,-71.70848596061757
553.6600155210494,-71.70212215801494,-71.70212215801494
553.6700155210495,-71.69578142820828,-71.69578142820828
553.6800155210495,-71.68946398154421,-71.68946398154421
553.6900155210495,-71.6831700240869,-71.6831700240869
553.7000155210495,-71.67689975770136,-71.67689975770136
553.7100155210495,-71.67065338007572,-71.67065338007572
553.7200155210495,-71.6644310847826,-71.6644310847826
553.7300155210495,-71.65823306133164,-71.65823306133164
553.7400155210495,-71.65205949521473,-71.65205949521473
553.7500155210495,-71.64591056794644,-71.64591056794644
553.7600155210495,-71.63978645713338,-71.63978645713338
553.7700155210495,-71.63368733650832,-71.63368733650832
553.7800155210494,-71.62761337597796,-71.62761337597796
553.7900155210496,-71.62156474166456,-71.62156474166456
553.8000155210495,-71.61554159598076,-71.61554159598076
553.8100155210495,-71.60954409765502,-71.60954409765502
553.8200155210495,-71.60357240177389,-71.60357240177389
553.8300155210495,-71.59762665983911,-71.59762665983911
553.8400155210495,-71.59170701981618,-71.59170701981618
553.8500155210495,-71.5858136261654,-71.5858136261654
553.8600155210495,-71.57994661990574,-71.57994661990574
553.8700155210495,-71.57410613865412,-71.57410613865412
553.8800155210495,-71.56829231666043,-71.56829231666043
553.8900155210495,-71.56250528484838,-71.56250528484838
553.9000155210495,-71.55674517089264,-71.55674517089264
553.9100155210494,-71.5510120992179,-71.5510120992179
553.9200155210495,-71.54530619107597,-71.54530619107597
553.9300155210495,-71.53962756456869,-71.53962756456869
553.9400155210495,-71.53397633469903,-71.53397633469903
553.9500155210495,-71.5283526134144,-71.5283526134144
553.9600155210495,-71.52275650963222,-71.52275650963222
553.9700155210495,-71.51718812929795,-71.51718812929795
553.9800155210495,-71.51164757543428,-71.51164757543428
553.9900155210495,-71.50613494814587,-71.50613494814587
554.0000155210495,-71.50065034470053,-71.50065034470053
554.0100155210495,-71.49519385953633,-71.49519385953633
554.0200155210495,-71.48976558430887,-71.48976558430887
554.0300155210494,-71.48436560795489,-71.48436560795489
554.0400155210496,-71.47899401668785,-71.47899401668785
554.0500155210495,-71.47365089408021,-71.47365089408021
554.0600155210495,-71.46833632104942,-71.46833632104942
554.0700155210495,-71.46305037595523,-71.46305037595523
554.0800155210495,-71.45779313458165,-71.45779313458165
554.0900155210495,-71.45256467019705,-71.45256467019705
554.1000155210495,-71.44736505360768,-71.44736505360768
554.1100155210495,-71.4421943531561,-71.4421943531561
554.1200155210495,-71.43705263477823,-71.43705263477823
554.1300155210495,-71.43193996204324,-71.43193996204324
554.1400155210495,-71.42685639616707,-71.42685639616707
554.1500155210495,-71.42180199606494,-71.42180199606494
554.1600155210494,-71.41677681838169,-71.41677681838169
554.1700155210495,-71.41178091749242,-71.41178091749242
554.1800155210495,-71.40681434560393,-71.40681434560393
554.1900155210495,-71.40187715272329,-71.40187715272329
554.2000155448914,-71.39696937503014,-71.39696937503014
554.2100155448913,-71.39209108173341,-71.39209108173341
554.2200155448913,-71.3872423047145,-71.3872423047145
554.2300155448913,-71.38242308559995,-71.38242308559995
554.2400155448913,-71.37763346399247,-71.37763346399247
554.2500155448913,-71.37287347748843,-71.37287347748843
554.2600155448913,-71.36814316173638,-71.36814316173638
554.2700155448914,-71.36344255043649,-71.36344255043649
554.2800155448914,-71.35877167540372,-71.35877167540372
554.2900155448914,-71.35413056657215,-71.35413056657215
554.3000155448914,-71.3495192520176,-71.3495192520176
554.3100155448914,-71.34493775798946,-71.34493775798946
554.3200155448914,-71.34038610897257,-71.34038610897257
554.3300155448914,-71.3358643276791,-71.3358643276791
554.3400155448913,-71.33137243506607,-71.33137243506607
554.3500155448913,-71.32691045038507,-71.32691045038507
554.3600155448913,-71.322478391215,-71.322478391215
554.3700155448913,-71.31807627346288,-71.31807627346288
554.3800155448913,-71.31370411140192,-71.31370411140192
554.3900155448914,-71.30936191769918,-71.30936191769918
554.4000155448914,-71.30504970343515,-71.30504970343515
554.4100155448914,-71.30076747813088,-71.30076747813088
554.4200155448914,-71.29651524977146,-71.29651524977146
554.4300155448914,-71.29229302482953,-71.29229302482953
554.4400155448914,-71.28810080829055,-71.28810080829055
554.4500155448914,-71.28393860366798,-71.28393860366798
554.4600155448913,-71.27980020083324,-71.27980020083324
554.4700155448913,-71.27568288575583,-71.27568288575583
554.4800155448913,-71.27158534315895,-71.27158534315895
554.4900155448913,-71.26750690588884,-71.26750690588884
554.5000155448913,-71.26344726791108,-71.26344726791108
554.5100155448913,-71.25940633482557,-71.25940633482557
554.5200155448914,-71.25538413600127,-71.25538413600127
554.5300155448914,-71.25138077166504,-71.25138077166504
554.5400155448914,-71.2473963810011,-71.2473963810011
554.5500155448914,-71.24343112301618,-71.24343112301618
554.5600155448914,-71.23948516510575,-71.23948516510575
554.5700155448914,-71.23555867634715,-71.23555867634715
554.5800155448914,-71.23165182368507,-71.23165182368507
554.5900155448913,-71.22776476984228,-71.22776476984228
554.6000155448913,-71.22389767232565,-71.22389767232565
554.6100155448913,-71.22005068304728,-71.22005068304728
554.6200155448913,-71.21622394828867,-71.21622394828867
554.6300155448913,-71.21241760893801,-71.21241760893801
554.6400155448914,-71.20863180074956,-71.20863180074956
554.6500155448914,-71.20486665469707,-71.20486665469707
554.6600155448914,-71.20112229731055,-71.20112229731055
554.6700155448914,-71.19739885101313,-71.19739885101313
554.6800155448914,-71.19369643442268,-71.19369643442268
554.6900155448914,-71.19001516263866,-71.19001516263866
554.7000155448914,-71.18635514747015,-71.18635514747015
554.7100155448913,-71.18271649766727,-71.18271649766727
554.7200155448913,-71.1790993190971,-71.1790993190971
554.7300155448913,-71.17550371491937,-71.17550371491937
554.7400155448913,-71.17192978571423,-71.17192978571423
554.7500155448913,-71.16837762962018,-71.16837762962018
554.7600155448913,-71.1648473424254,-71.1648473424254
554.7700155448914,-71.1613390176622,-71.1613390176622
554.7800155448914,-71.15785274669265,-71.15785274669265
554.7900155448914,-71.15438861875904,-71.15438861875904
554.8000155448914,-71.15094672104418,-71.15094672104418
554.8100155448914,-71.14752713873575,-71.14752713873575
554.8200155448914,-71.14412995504486,-71.14412995504486
554.8300155448914,-71.14075525127862,-71.14075525127862
554.8400155448913,-71.13740310682958,-71.13740310682958
554.8500155448913,-71.13407359922776,-71.13407359922776
554.8600155448913,-71.13076680416081,-71.13076680416081
554.8700155448913,-71.12748279550908,-71.12748279550908
554.8800155448913,-71.12422164533002,-71.12422164533002
554.8900155448914,-71.12098342390908,-71.12098342390908
554.9000155448914,-71.11776819976542,-71.11776819976542
554.9100155448914,-71.11457603966913,-71.11457603966913
554.9200155448914,-71.11140700863761,-71.11140700863761
554.9300155448914,-71.10826116996448,-71.10826116996448
554.9400155448914,-71.1051385852248,-71.1051385852248
554.9500155448914,-71.102039314312,-71.102039314312
554.9600155448913,-71.09896341540373,-71.09896341540373
554.9700155448913,-71.09591094500247,-71.09591094500247
554.9800155448913,-71.09288195793758,-71.09288195793758
554.9900155448913,-71.08987650737885,-71.08987650737885
555.0000155448913,-71.08689464485869,-71.08689464485869
555.0100155448913,-71.08393642025888,-71.08393642025888
555.0200155448914,-71.08100188183305,-71.08100188183305
555.0300155448914,-71.07809107622505,-71.07809107622505
555.0400155448914,-71.07520404846645,-71.07520404846645
555.0500155687332,-71.07234083518426,-71.07234083518426
555.0600155687332,-71.06950149193304,-71.06950149193304
555.0700155687332,-71.0666860520941,-71.0666860520941
555.0800155687332,-71.06389455441152,-71.06389455441152
555.0900155687332,-71.06112703606033,-71.06112703606033
555.1000155687332,-71.05838353267796,-71.05838353267796
555.1100155687332,-71.05566407838995,-71.05566407838995
555.1200155687333,-71.05296870580071,-71.05296870580071
555.1300155687333,-71.05029744602155,-71.05029744602155
555.1400155687332,-71.04765032867842,-71.04765032867842
555.1500155687332,-71.04502738191881,-71.04502738191881
555.1600155687332,-71.04242863243725,-71.04242863243725
555.1700155687332,-71.03985410548589,-71.03985410548589
555.1800155687332,-71.03730382488331,-71.03730382488331
555.1900155687332,-71.03477781302773,-71.03477781302773
555.2000155687332,-71.03227609091394,-71.03227609091394
555.2100155687332,-71.02979867815483,-71.02979867815483
555.2200155687332,-71.0273455929832,-71.0273455929832
555.2300155687332,-71.02491685226347,-71.02491685226347
555.2400155687333,-71.02251247151801,-71.02251247151801
555.2500155687333,-71.02013246494968,-71.02013246494968
555.2600155687333,-71.0177768454316,-71.0177768454316
555.2700155687332,-71.0154456245313,-71.0154456245313
555.2800155687332,-71.01313881253526,-71.01313881253526
555.2900155687332,-71.01085641845368,-71.01085641845368
555.3000155687332,-71.00859845003168,-71.00859845003168
555.3100155687332,-71.00636491379075,-71.00636491379075
555.3200155687332,-71.0041558150077,-71.0041558150077
555.3300155687332,-71.00197115774105,-71.00197115774105
555.3400155687332,-70.99981094486127,-70.99981094486127
555.3500155687332,-70.99767517805745,-70.99767517805745
555.3600155687332,-70.99556385783546,-70.99556385783546
555.3700155687333,-70.99347698355434,-70.99347698355434
555.3800155687333,-70.99141455344183,-70.99141455344183
555.3900155687332,-70.989376564591,-70.989376564591
555.4000155687332,-70.98736301299132,-70.98736301299132
555.4100155687332,-70.9853738935278,-70.9853738935278
555.4200155687332,-70.98340920001023,-70.98340920001023
555.4300155687332,-70.98146892519337,-70.98146892519337
555.4400155687332,-70.97955306075882,-70.97955306075882
555.4500155687332,-70.97766159737156,-70.97766159737156
555.4600155687332,-70.97579452466945,-70.97579452466945
555.4700155687332,-70.97395183128793,-70.97395183128793
555.4800155687332,-70.97213350486172,-70.97213350486172
555.4900155687333,-70.97033953203567,-70.97033953203567
555.5000155687333,-70.96856989852137,-70.96856989852137
555.5100155687333,-70.9668245890515,-70.9668245890515
555.5200155687332,-70.96510358744021,-70.96510358744021
555.5300155687332,-70.96340687656603,-70.96340687656603
555.5400155687332,-70.96173443841025,-70.96173443841025
555.5500155687332,-70.96008625404923,-70.96008625404923
555.5600155687332,-70.95846230369435,-70.95846230369435
555.5700155687332,-70.9568625666702,-70.9568625666702
555.5800155687332,-70.95528702146254,-70.95528702146254
555.5900155687332,-70.9537356456977,-70.9537356456977
555.6000155687332,-70.95220841619961,-70.95220841619961
555.6100155687332,-70.95070530895838,-70.95070530895838
555.6200155687333,-70.94922629916537,-70.94922629916537
555.6300155687333,-70.9477713612368,-70.9477713612368
555.6400155687332,-70.94634046879476,-70.94634046879476
555.6500155687332,-70.94493359472095,-70.94493359472095
555.6600155687332,-70.94355071111353,-70.94355071111353
555.6700155687332,-70.94219178936109,-70.94219178936109
555.6800155687332,-70.94085680011639,-70.94085680011639
555.6900155687332,-70.93954571331552,-70.93954571331552
555.7000155687332,-70.93825849819497,-70.93825849819497
555.7100155687332,-70.93699512330754,-70.93699512330754
555.7200155687332,-70.93575555651876,-70.93575555651876
555.7300155687332,-70.93453976503785,-70.93453976503785
555.7400155687333,-70.93334771540422,-70.93334771540422
555.7500155687333,-70.93217937352668,-70.93217937352668
555.7600155687333,-70.93103470467592,-70.93103470467592
555.7700155687332,-70.92991367350785,-70.92991367350785
555.7800155687332,-70.92881624405945,-70.92881624405945
555.7900155687332,-70.92774237977804,-70.92774237977804
555.8000155687332,-70.92669204351172,-70.92669204351172
555.8100155687332,-70.92566519754169,-70.92566519754169
555.8200155687332,-70.92466180357573,-70.92466180357573
555.8300155687332,-70.92368182276863,-70.92368182276863
555.8400155687332,-70.92272521572662,-70.92272521572662
555.8500155687332,-70.9217919425173,-70.9217919425173
555.8600155687332,-70.92088196268978,-70.92088196268978
555.8700155687333,-70.91999523526513,-70.91999523526513
555.8800155687333,-70.91913171877991,-70.91913171877991
555.8900155687332,-70.91829137124834,-70.91829137124834
555.9000155925751,-70.91747414827655,-70.91747414827655
555.9100155925751,-70.91668001087262,-70.91668001087262
555.920015592575,-70.91590891360026,-70.91590891360026
555.930015592575,-70.91516081260532,-70.91516081260532
555.940015592575,-70.91443566357516,-70.91443566357516
555.950015592575,-70.91373342174649,-70.91373342174649
555.960015592575,-70.9130540419298,-70.9130540419298
555.9700155925751,-70.91239747852019,-70.91239747852019
555.9800155925751,-70.91176368548895,-70.91176368548895
555.9900155925751,-70.91115261639527,-70.91115261639527
556.0000155925751,-70.91056422440853,-70.91056422440853
556.0100155925751,-70.90999846229884,-70.90999846229884
556.0200155925751,-70.9094552824727,-70.9094552824727
556.0300155925751,-70.90893463694995,-70.90893463694995
556.0400155925751,-70.9084364773912,-70.9084364773912
556.050015592575,-70.90796075507959,-70.90796075507959
556.060015592575,-70.90750742098615,-70.90750742098615
556.070015592575,-70.90707642570675,-70.90707642570675
556.080015592575,-70.90666771952418,-70.90666771952418
556.0900155925751,-70.90628125237191,-70.90628125237191
556.1000155925751,-70.90591697388535,-70.90591697388535
556.1100155925751,-70.90557483337507,-70.90557483337507
556.1200155925751,-70.90525477984549,-70.90525477984549
556.1300155925751,-70.90495676201174,-70.90495676201174
556.1400155925751,-70.90468072829222,-70.90468072829222
556.1500155925751,-70.90442662681734,-70.90442662681734
556.1600155925751,-70.90419440543886,-70.90419440543886
556.170015592575,-70.90398401174302,-70.90398401174302
556.180015592575,-70.90379539305641,-70.90379539305641
556.190015592575,-70.9036284964304,-70.9036284964304
556.200015592575,-70.90348326867432,-70.90348326867432
556.210015592575,-70.90335965635207,-70.90335965635207
556.2200155925751,-70.90325760578854,-70.90325760578854
556.2300155925751,-70.90317706307589,-70.90317706307589
556.2400155925751,-70.90311797407651,-70.90311797407651
556.2500155925751,-70.90308028443526,-70.90308028443526
556.2600155925751,-70.90306393957003,-70.90306393957003
556.2700155925751,-70.90306888470231,-70.90306888470231
556.2800155925751,-70.90309506484333,-70.90309506484333
556.2900155925751,-70.90314242480288,-70.90314242480288
556.300015592575,-70.9032109092019,-70.9032109092019
556.310015592575,-70.90330046248087,-70.90330046248087
556.320015592575,-70.90341102887719,-70.90341102887719
556.330015592575,-70.90354255247075,-70.90354255247075
556.3400155925751,-70.90369497715672,-70.90369497715672
556.3500155925751,-70.9038682466773,-70.9038682466773
556.3600155925751,-70.90406230460785,-70.90406230460785
556.3700155925751,-70.9042770943531,-70.9042770943531
556.3800155925751,-70.9045125591806,-70.9045125591806
556.3900155925751,-70.90476864220501,-70.90476864220501
556.4000155925751,-70.90504528641014,-70.90504528641014
556.4100155925751,-70.90534243462501,-70.90534243462501
556.420015592575,-70.905660029552,-70.905660029552
556.430015592575,-70.90599801377186,-70.90599801377186
556.440015592575,-70.90635632972668,-70.90635632972668
556.450015592575,-70.90673491974962,-70.90673491974962
556.460015592575,-70.90712754251778,-70.90712754251778
556.4700155925751,-70.9075314338949,-70.9075314338949
556.4800155925751,-70.90794522101714,-70.90794522101714
556.4900155925751,-70.90836817583208,-70.90836817583208
556.5000155925751,-70.90879992993797,-70.90879992993797
556.5100155925751,-70.90924032620718,-70.90924032620718
556.5200155925751,-70.9096893316908,-70.9096893316908
556.5300155925751,-70.9101469851804,-70.9101469851804
556.5400155925751,-70.91061336566284,-70.91061336566284
556.550015592575,-70.9110885733482,-70.9110885733482
556.560015592575,-70.91157271835604,-70.91157271835604
556.570015592575,-70.91206591409404,-70.91206591409404
556.580015592575,-70.9125682734185,-70.9125682734185
556.5900155925751,-70.91307990655922,-70.91307990655922
556.6000155925751,-70.9136009201091,-70.9136009201091
556.6100155925751,-70.91413141661371,-70.91413141661371
556.6200155925751,-70.91467149449973,-70.91467149449973
556.6300155925751,-70.91522124825423,-70.91522124825423
556.6400155925751,-70.91578076868049,-70.91578076868049
556.6500155925751,-70.91635014318742,-70.91635014318742
556.6600155925751,-70.91692945610585,-70.91692945610585
556.670015592575,-70.91751878899215,-70.91751878899215
556.680015592575,-70.91811822088269,-70.91811822088269
556.690015592575,-70.91872782853659,-70.91872782853659
556.700015592575,-70.91934768666637,-70.91934768666637
556.710015592575,-70.91997168360433,-70.91997168360433
556.7200155925751,-70.92059718373619,-70.92059718373619
556.7300155925751,-70.92122294133527,-70.92122294133527
556.7400155925751,-70.9218483541438,-70.9218483541438
556.7500156164169,-70.9224731797566,-70.9224731797566
556.7600156164169,-70.92309738141402,-70.92309738141402
556.7700156164169,-70.9237210499043,-70.9237210499043
556.7800156164169,-70.92434434524381,-70.92434434524381
556.7900156164169,-70.9249674666718,-70.9249674666718
556.8000156164169,-70.92559063371414,-70.92559063371414
556.8100156164169,-70.9262140749445,-70.9262140749445
556.820015616417,-70.92683802129183,-70.92683802129183
556.830015616417,-70.92746270231261,-70.92746270231261
556.840015616417,-70.92808834408034,-70.92808834408034
556.850015616417,-70.92871516817763,-70.92871516817763
556.860015616417,-70.92934339127333,-70.92934339127333
556.8700156164169,-70.92997322509287,-70.92997322509287
556.8800156164169,-70.93060487655337,-70.93060487655337
556.8900156164169,-70.93123854803696,-70.93123854803696
556.9000156164169,-70.93187443766362,-70.93187443766362
556.9100156164169,-70.93251273959163,-70.93251273959163
556.9200156164169,-70.93315364433678,-70.93315364433678
556.9300156164169,-70.93379733900444,-70.93379733900444
556.940015616417,-70.93444400752178,-70.93444400752178
556.950015616417,-70.93509383088198,-70.93509383088198
556.960015616417,-70.93574080216729,-70.93574080216729
556.970015616417,-70.93638239024776,-70.93638239024776
556.980015616417,-70.93701745308967,-70.93701745308967
556.9900156164169,-70.93764549120324,-70.93764549120324
557.0000156164169,-70.93826636250543,-70.93826636250543
557.0100156164169,-70.93888013406234,-70.93888013406234
557.0200156164169,-70.93948699504428,-70.93948699504428
557.0300156164169,-70.94008720442864,-70.94008720442864
557.0400156164169,-70.94068105945327,-70.94068105945327
557.0500156164169,-70.94126887673248,-70.94126887673248
557.0600156164169,-70.94185098095053,-70.94185098095053
557.070015616417,-70.94242769826126,-70.94242769826126
557.080015616417,-70.94299935247783,-70.94299935247783
557.090015616417,-70.94356626298645,-70.94356626298645
557.100015616417,-70.94412874375719,-70.94412874375719
557.110015616417,-70.9446871028877,-70.9446871028877
557.1200156164169,-70.94524164258141,-70.94524164258141
557.1300156164169,-70.945792659287,-70.945792659287
557.1400156164169,-70.94634044395639,-70.94634044395639
557.1500156164169,-70.9468852823317,-70.9468852823317
557.1600156164169,-70.94742745525117,-70.94742745525117
557.1700156164169,-70.94796723891801,-70.94796723891801
557.1800156164169,-70.9485049051986,-70.9485049051986
557.190015616417,-70.9490407218195,-70.9490407218195
557.200015616417,-70.94957495260924,-70.94957495260924
557.210015616417,-70.95010785765453,-70.95010785765453
557.220015616417,-70.95063969345446,-70.95063969345446
557.230015616417,-70.95117071309166,-70.95117071309166
557.2400156164169,-70.95170116629525,-70.95170116629525
557.2500156164169,-70.9522312995571,-70.9522312995571
557.2600156164169,-70.95276135621505,-70.95276135621505
557.2700156164169,-70.9532915765151,-70.9532915765151
557.2800156164169,-70.95382219766464,-70.95382219766464
557.2900156164169,-70.95435345388297,-70.95435345388297
557.3000156164169,-70.95488557641727,-70.95488557641727
557.3100156164169,-70.9554187936191,-70.9554187936191
557.320015616417,-70.95595333093651,-70.95595333093651
557.330015616417,-70.95648941095018,-70.95648941095018
557.340015616417,-70.95702725337813,-70.95702725337813
557.350015616417,-70.95756707511177,-70.95756707511177
557.360015616417,-70.9581090902079,-70.9581090902079
557.3700156164169,-70.9586535099128,-70.9586535099128
557.3800156164169,-70.95920054268626,-70.95920054268626
557.3900156164169,-70.95975039418524,-70.95975039418524
557.4000156164169,-70.96030326727359,-70.96030326727359
557.4100156164169,-70.96085936206306,-70.96085936206306
557.4200156164169,-70.96141887588634,-70.96141887588634
557.4300156164169,-70.9619820033259,-70.9619820033259
557.440015616417,-70.96254893620824,-70.96254893620824
557.450015616417,-70.96311986363429,-70.96311986363429
557.460015616417,-70.96368878623453,-70.96368878623453
557.470015616417,-70.96425318154976,-70.96425318154976
557.480015616417,-70.96481191621724,-70.96481191621724
557.4900156164169,-70.96536449905578,-70.96536449905578
557.5000156164169,-70.96591079582794,-70.96591079582794
557.5100156164169,-70.96645088088817,-70.96645088088817
557.5200156164169,-70.96698495009096,-70.96698495009096
557.5300156164169,-70.96751326848151,-70.96751326848151
557.5400156164169,-70.96803613874283,-70.96803613874283
557.5500156164169,-70.96855388229062,-70.96855388229062
557.5600156164169,-70.96906682796575,-70.96906682796575
557.570015616417,-70.96957530542728,-70.96957530542728
557.580015616417,-70.97007964137715,-70.97007964137715
557.590015616417,-70.97058015745205,-70.97058015745205
557.6000156402588,-70.97107717042317,-70.97107717042317
557.6100156402588,-70.97157098703575,-70.97157098703575
557.6200156402588,-70.97206191111458,-70.97206191111458
557.6300156402588,-70.97255023895849,-70.97255023895849
557.6400156402588,-70.97303626080166,-70.97303626080166
557.6500156402587,-70.9735202611295,-70.9735202611295
557.6600156402587,-70.97400251899504,-70.97400251899504
557.6700156402588,-70.9744833083196,-70.9744833083196
557.6800156402588,-70.97496289817809,-70.97496289817809
557.6900156402588,-70.97544155306863,-70.97544155306863
557.7000156402588,-70.97591953311479,-70.97591953311479
557.7100156402588,-70.97639090849171,-70.97639090849171
557.7200156402588,-70.97685322562525,-70.97685322562525
557.7300156402588,-70.97730541908665,-70.97730541908665
557.7400156402588,-70.97774706465405,-70.97774706465405
557.7500156402588,-70.97817809411625,-70.97817809411625
557.7600156402588,-70.97859864699939,-70.97859864699939
557.7700156402587,-70.9790089835928,-70.9790089835928
557.7800156402587,-70.97940943265407,-70.97940943265407
557.7900156402588,-70.97980035994134,-70.97980035994134
557.8000156402588,-70.98018214931756,-70.98018214931756
557.8100156402588,-70.98055519152841,-70.98055519152841
557.8200156402588,-70.9809198775812,-70.9809198775812
557.8300156402588,-70.98127659500774,-70.98127659500774
557.8400156402588,-70.98162572578968,-70.98162572578968
557.8500156402588,-70.98196764536372,-70.98196764536372
557.8600156402588,-70.98230272223718,-70.98230272223718
557.8700156402588,-70.98263131796455,-70.98263131796455
557.8800156402588,-70.98295378730288,-70.98295378730288
557.8900156402588,-70.98327047849617,-70.98327047849617
557.9000156402587,-70.98358173359415,-70.98358173359415
557.9100156402587,-70.9838878887521,-70.9838878887521
557.9200156402588,-70.98418927454118,-70.98418927454118
557.9300156402588,-70.9844862162522,-70.9844862162522
557.9400156402588,-70.98477903412007,-70.98477903412007
557.9500156402588,-70.98506804356172,-70.98506804356172
557.9600156402588,-70.98534737012218,-70.98534737012218
557.9700156402588,-70.98561461561802,-70.98561461561802
557.9800156402588,-70.98586876960609,-70.98586876960609
557.9900156402588,-70.98610946236603,-70.98610946236603
558.0000156402588,-70.98633667966558,-70.98633667966558
558.0100156402588,-70.98655061447143,-70.98655061447143
558.0200156402587,-70.98675157999674,-70.98675157999674
558.0300156402587,-70.98693995739296,-70.98693995739296
558.0400156402588,-70.98711616427356,-70.98711616427356
558.0500156402588,-70.98728063583663,-70.98728063583663
558.0600156402588,-70.98743381362624,-70.98743381362624
558.0700156402588,-70.9875761389379,-70.9875761389379
558.0800156402588,-70.98770804903775,-70.98770804903775
558.0900156402588,-70.98782997514326,-70.98782997514326
558.1000156402588,-70.98794234138404,-70.98794234138404
558.1100156402588,-70.98804556444799,-70.98804556444799
558.1200156402588,-70.98814005352924,-70.98814005352924
558.1300156402588,-70.98822621051562,-70.98822621051562
558.1400156402588,-70.98830443024559,-70.98830443024559
558.1500156402587,-70.9883751008371,-70.9883751008371
558.1600156402587,-70.98843860400508,-70.98843860400508
558.1700156402588,-70.98849531533833,-70.98849531533833
558.1800156402588,-70.98854560464217,-70.98854560464217
558.1900156402588,-70.98858983613569,-70.98858983613569
558.2000156402588,-70.98862836871254,-70.98862836871254
558.2100156402588,-70.98865537203494,-70.98865537203494
558.2200156402588,-70.98866849180196,-70.98866849180196
558.2300156402588,-70.98866676091801,-70.98866676091801
558.2400156402588,-70.98864985240117,-70.98864985240117
558.2500156402588,-70.98861779414742,-70.98861779414742
558.2600156402588,-70.98857082071191,-70.98857082071191
558.2700156402587,-70.98850928627579,-70.98850928627579
558.2800156402587,-70.98843361240081,-70.98843361240081
558.2900156402588,-70.98834425653241,-70.98834425653241
558.3000156402588,-70.9882416931683,-70.9882416931683
558.3100156402588,-70.9881264025823,-70.9881264025823
558.3200156402588,-70.98799886424867,-70.98799886424867
558.3300156402588,-70.98785955309292,-70.98785955309292
558.3400156402588,-70.98770893743436,-70.98770893743436
558.3500156402588,-70.9875474780036,-70.9875474780036
558.3600156402588,-70.9873756275432,-70.9873756275432
558.3700156402588,-70.98719383081257,-70.98719383081257
558.3800156402588,-70.98700252473856,-70.98700252473856
558.3900156402588,-70.98680213870625,-70.98680213870625
558.4000156402587,-70.98659309488266,-70.98659309488266
558.4100156402587,-70.98637580852636,-70.98637580852636
558.4200156402588,-70.98615068831073,-70.98615068831073
558.4300156402588,-70.98591813661749,-70.98591813661749
558.4400156402588,-70.98567854978553,-70.98567854978553
558.4500156641006,-70.98543231775237,-70.98543231775237
558.4600156641006,-70.9851798265838,-70.9851798265838
558.4700156641006,-70.98492145523869,-70.98492145523869
558.4800156641006,-70.98465757794412,-70.98465757794412
558.4900156641006,-70.98438856379384,-70.98438856379384
558.5000156641006,-70.98411477687802,-70.98411477687802
558.5100156641006,-70.98383657636188,-70.98383657636188
558.5200156641007,-70.9835543165788,-70.9835543165788
558.5300156641007,-70.98326834713829,-70.98326834713829
558.5400156641007,-70.98297901294333,-70.98297901294333
558.5500156641007,-70.98268665428103,-70.98268665428103
558.5600156641007,-70.98239160688978,-70.98239160688978
558.5700156641007,-70.98209420196753,-70.98209420196753
558.5800156641006,-70.98179476625295,-70.98179476625295
558.5900156641006,-70.98149362204519,-70.98149362204519
558.6000156641006,-70.98119108723269,-70.98119108723269
558.6100156641006,-70.9808874753583,-70.9808874753583
558.6200156641006,-70.98058309561534,-70.98058309561534
558.6300156641006,-70.98027825290526,-70.98027825290526
558.6400156641007,-70.97997324784913,-70.97997324784913
558.6500156641007,-70.97966837684511,-70.97966837684511
558.6600156641007,-70.97936393205848,-70.97936393205848
558.6700156641007,-70.97906020147485,-70.97906020147485
558.6800156641007,-70.97875746891678,-70.97875746891678
558.6900156641007,-70.97845601409104,-70.97845601409104
558.7000156641006,-70.9781561125867,-70.9781561125867
558.7100156641006,-70.9778580359183,-70.9778580359183
558.7200156641006,-70.97756205156325,-70.97756205156325
558.7300156641006,-70.97726842297736,-70.97726842297736
558.7400156641006,-70.97697740962285,-70.97697740962285
558.7500156641006,-70.97668926700638,-70.97668926700638
558.7600156641006,-70.97640424670212,-70.97640424670212
558.7700156641007,-70.97612259637823,-70.97612259637823
558.7800156641007,-70.97584455984756,-70.97584455984756
558.7900156641007,-70.97557037707472,-70.97557037707472
558.8000156641007,-70.9753002842083,-70.9753002842083
558.8100156641007,-70.97503451362165,-70.97503451362165
558.8200156641007,-70.97477329395475,-70.97477329395475
558.8300156641006,-70.97451685012669,-70.97451685012669
558.8400156641006,-70.97426540336778,-70.97426540336778
558.8500156641006,-70.97401917127732,-70.97401917127732
558.8600156641006,-70.9737783678275,-70.9737783678275
558.8700156641006,-70.97354320340779,-70.97354320340779
558.8800156641006,-70.97331388487294,-70.97331388487294
558.8900156641007,-70.97309061554839,-70.97309061554839
558.9000156641007,-70.97287359529892,-70.97287359529892
558.9100156641007,-70.97266302052915,-70.97266302052915
558.9200156641007,-70.9724590842419,-70.9724590842419
558.9300156641007,-70.97226197605804,-70.97226197605804
558.9400156641007,-70.97207188226228,-70.97207188226228
558.9500156641006,-70.97188898583337,-70.97188898583337
558.9600156641006,-70.97170728637494,-70.97170728637494
558.9700156641006,-70.9715242606989,-70.9715242606989
558.9800156641006,-70.9713387738399,-70.9713387738399
558.9900156641006,-70.97115033205577,-70.97115033205577
559.0000156641006,-70.97095879762378,-70.97095879762378
559.0100156641006,-70.97076424051671,-70.97076424051671
559.0200156641007,-70.97056685143488,-70.97056685143488
559.0300156641007,-70.97036688949616,-70.97036688949616
559.0400156641007,-70.97016465075308,-70.97016465075308
559.0500156641007,-70.96996044931593,-70.96996044931593
559.0600156641007,-70.96975460614698,-70.96975460614698
559.0700156641007,-70.96954744243406,-70.96954744243406
559.0800156641006,-70.96933927587573,-70.96933927587573
559.0900156641006,-70.96913041866263,-70.96913041866263
559.1000156641006,-70.96892117644269,-70.96892117644269
559.1100156641006,-70.96871184801901,-70.96871184801901
559.1200156641006,-70.96850272531069,-70.96850272531069
559.1300156641006,-70.96829409355838,-70.96829409355838
559.1400156641007,-70.9680862316071,-70.9680862316071
559.1500156641007,-70.96787941228041,-70.96787941228041
559.1600156641007,-70.96767390267864,-70.96767390267864
559.1700156641007,-70.96746996452416,-70.96746996452416
559.1800156641007,-70.96726785446974,-70.96726785446974
559.1900156641007,-70.96706782438623,-70.96706782438623
559.2000156641006,-70.96687012158483,-70.96687012158483
559.2100156641006,-70.96666880998849,-70.96666880998849
559.2200156641006,-70.96646142961622,-70.96646142961622
559.2300156641006,-70.96624690789812,-70.96624690789812
559.2400156641006,-70.96602481272227,-70.96602481272227
559.2500156641006,-70.96579506734606,-70.96579506734606
559.2600156641006,-70.96555780221422,-70.96555780221422
559.2700156641007,-70.96531326802958,-70.96531326802958
559.2800156641007,-70.96506178350486,-70.96506178350486
559.2900156641007,-70.96480370392453,-70.96480370392453
559.3000156879425,-70.96453940167974,-70.96453940167974
559.3100156879425,-70.96426925755773,-70.96426925755773
559.3200156879425,-70.96399365048102,-70.96399365048102
559.3300156879425,-70.9637129562106,-70.9637129562106
559.3400156879425,-70.96342754470926,-70.96342754470926
559.3500156879425,-70.96313777918996,-70.96313777918996
559.3600156879425,-70.96284401573624,-70.96284401573624
559.3700156879426,-70.96254660331044,-70.96254660331044
559.3800156879425,-70.96224588392663,-70.96224588392663
559.3900156879425,-70.96194219295712,-70.96194219295712
559.4000156879425,-70.96163585946258,-70.96163585946258
559.4100156879425,-70.96132720652307,-70.96132720652307
559.4200156879425,-70.96101655155347,-70.96101655155347
559.4300156879425,-70.96070420660398,-70.96070420660398
559.4400156879425,-70.9603904786391,-70.9603904786391
559.4500156879425,-70.96007566975359,-70.96007566975359
559.4600156879425,-70.9597600773857,-70.9597600773857
559.4700156879425,-70.95944399452665,-70.95944399452665
559.4800156879425,-70.95912770983482,-70.95912770983482
559.4900156879426,-70.9588115078014,-70.9588115078014
559.5000156879426,-70.95849566886278,-70.95849566886278
559.5100156879425,-70.95818046950727,-70.95818046950727
559.5200156879425,-70.95786618234591,-70.95786618234591
559.5300156879425,-70.95755307620863,-70.95755307620863
559.5400156879425,-70.95724141618645,-70.95724141618645
559.5500156879425,-70.95693146373387,-70.95693146373387
559.5600156879425,-70.95662347666486,-70.95662347666486
559.5700156879425,-70.95631770923353,-70.95631770923353
559.5800156879425,-70.95601441216557,-70.95601441216557
559.5900156879425,-70.95571383269085,-70.95571383269085
559.6000156879425,-70.95541621458165,-70.95541621458165
559.6100156879425,-70.95512179816767,-70.95512179816767
559.6200156879426,-70.95483082038419,-70.95483082038419
559.6300156879425,-70.95454351479033,-70.95454351479033
559.6400156879425,-70.95426011158386,-70.95426011158386
559.6500156879425,-70.9539808376212,-70.9539808376212
559.6600156879425,-70.95370591646915,-70.95370591646915
559.6700156879425,-70.95343556838975,-70.95343556838975
559.6800156879425,-70.95317001037971,-70.95317001037971
559.6900156879425,-70.95290945620125,-70.95290945620125
559.7000156879425,-70.95265411638616,-70.95265411638616
559.7100156879425,-70.95240419824708,-70.95240419824708
559.7200156879425,-70.95215990594,-70.95215990594
559.7300156879425,-70.95192144044009,-70.95192144044009
559.7400156879426,-70.95168899957899,-70.95168899957899
559.7500156879426,-70.95146277808325,-70.95146277808325
559.7600156879425,-70.95124296757433,-70.95124296757433
559.7700156879425,-70.95102975658511,-70.95102975658511
559.7800156879425,-70.95082333060971,-70.95082333060971
559.7900156879425,-70.95062387210511,-70.95062387210511
559.8000156879425,-70.95043156052039,-70.95043156052039
559.8100156879425,-70.95024657232221,-70.95024657232221
559.8200156879425,-70.95006908101114,-70.95006908101114
559.8300156879425,-70.9498992571532,-70.9498992571532
559.8400156879425,-70.94973726839352,-70.94973726839352
559.8500156879425,-70.94958327949684,-70.94958327949684
559.8600156879425,-70.9494374523682,-70.9494374523682
559.8700156879426,-70.94929994606291,-70.94929994606291
559.8800156879425,-70.94917091682261,-70.94917091682261
559.8900156879425,-70.94905051810699,-70.94905051810699
559.9000156879425,-70.94893890060962,-70.94893890060962
559.9100156879425,-70.94883621229175,-70.94883621229175
559.9200156879425,-70.94874259840063,-70.94874259840063
559.9300156879425,-70.94865820149992,-70.94865820149992
559.9400156879425,-70.94858316149853,-70.94858316149853
559.9500156879425,-70.9485176156709,-70.9485176156709
559.9600156879425,-70.94845552208822,-70.94845552208822
559.9700156879425,-70.9483943157466,-70.9483943157466
559.9800156879425,-70.94833281992491,-70.94833281992491
559.9900156879426,-70.94827049935105,-70.94827049935105
560.0000156879426,-70.94820717509009,-70.94820717509009
560.0100156879425,-70.94814287632148,-70.94814287632148
560.0200156879425,-70.94807775333189,-70.94807775333189
560.0300156879425,-70.948012025308,-70.948012025308
560.0400156879425,-70.94794594880999,-70.94794594880999
560.0500156879425,-70.94787979895095,-70.94787979895095
560.0600156879425,-70.9478138581526,-70.9478138581526
560.0700156879425,-70.94774840957264,-70.94774840957264
560.0800156879425,-70.94768373336125,-70.94768373336125
560.0900156879425,-70.94762010463448,-70.94762010463448
560.1000156879425,-70.94755779247998,-70.94755779247998
560.1100156879425,-70.94749705962703,-70.94749705962703
560.1200156879426,-70.94743816239571,-70.94743816239571
560.1300156879425,-70.9473813509375,-70.9473813509375
560.1400156879425,-70.94732686949148,-70.94732686949148
560.1500157117844,-70.94727495661289,-70.94727495661289
560.1600157117844,-70.94722584600976,-70.94722584600976
560.1700157117843,-70.94717976610484,-70.94717976610484
560.1800157117843,-70.94713694085725,-70.94713694085725
560.1900157117843,-70.94709758989565,-70.94709758989565
560.2000157117843,-70.94706192877983,-70.94706192877983
560.2100157117843,-70.94703016917124,-70.94703016917124
560.2200157117844,-70.94700251907958,-70.94700251907958
560.2300157117844,-70.94697918299298,-70.94697918299298
560.2400157117844,-70.94696036200837,-70.94696036200837
560.2500157117844,-70.94694625397369,-70.94694625397369
560.2600157117844,-70.94693705360059,-70.94693705360059
560.2700157117844,-70.94693295252783,-70.94693295252783
560.2800157117844,-70.94693413942741,-70.94693413942741
560.2900157117843,-70.9469408000793,-70.9469408000793
560.3000157117843,-70.94695311738853,-70.94695311738853
560.3100157117843,-70.94697127150128,-70.94697127150128
560.3200157117843,-70.94699543980042,-70.94699543980042
560.3300157117843,-70.94702579696519,-70.94702579696519
560.3400157117844,-70.9470625150139,-70.9470625150139
560.3500157117844,-70.9471057633434,-70.9471057633434
560.3600157117844,-70.94715570872643,-70.94715570872643
560.3700157117844,-70.94721251536733,-70.94721251536733
560.3800157117844,-70.94727634492436,-70.94727634492436
560.3900157117844,-70.94734735653148,-70.94734735653148
560.4000157117844,-70.94742570680955,-70.94742570680955
560.4100157117844,-70.94751154989893,-70.94751154989893
560.4200157117843,-70.94760503747557,-70.94760503747557
560.4300157117843,-70.94770631878094,-70.94770631878094
560.4400157117843,-70.94781554060644,-70.94781554060644
560.4500157117843,-70.94793284734983,-70.94793284734983
560.4600157117843,-70.94805838101801,-70.94805838101801
560.4700157117844,-70.94819228123652,-70.94819228123652
560.4800157117844,-70.94833468529716,-70.94833468529716
560.4900157117844,-70.94848572812512,-70.94848572812512
560.5000157117844,-70.94864554233874,-70.94864554233874
560.5100157117844,-70.94881425825476,-70.94881425825476
560.5200157117844,-70.94899200389703,-70.94899200389703
560.5300157117844,-70.94917890501931,-70.94917890501931
560.5400157117843,-70.94937508513841,-70.94937508513841
560.5500157117843,-70.94958066551455,-70.94958066551455
560.5600157117843,-70.94979576522579,-70.94979576522579
560.5700157117843,-70.95002050111711,-70.95002050111711
560.5800157117843,-70.9502549878734,-70.9502549878734
560.5900157117844,-70.95049933801621,-70.95049933801621
560.6000157117844,-70.95075366193568,-70.95075366193568
560.6100157117844,-70.95101806789512,-70.95101806789512
560.6200157117844,-70.95129266203612,-70.95129266203612
560.6300157117844,-70.95157754844394,-70.95157754844394
560.6400157117844,-70.95187282911594,-70.95187282911594
560.6500157117844,-70.95217860401881,-70.95217860401881
560.6600157117844,-70.95249497107943,-70.95249497107943
560.6700157117843,-70.95282202623326,-70.95282202623326
560.6800157117843,-70.95315986341478,-70.95315986341478
560.6900157117843,-70.95350857460156,-70.95350857460156
560.7000157117843,-70.9538682498267,-70.9538682498267
560.7100157117843,-70.95423279961952,-70.95423279961952
560.7200157117844,-70.95459961235038,-70.95459961235038
560.7300157117844,-70.95496746538589,-70.95496746538589
560.7400157117844,-70.95533577814534,-70.95533577814534
560.7500157117844,-70.95570432700029,-70.95570432700029
560.7600157117844,-70.95607309702321,-70.95607309702321
560.7700157117844,-70.95644219504511,-70.95644219504511
560.7800157117844,-70.9568117973736,-70.9568117973736
560.7900157117843,-70.95718211834166,-70.95718211834166
560.8000157117843,-70.95755339143213,-70.95755339143213
560.8100157117843,-70.9579258580601,-70.9579258580601
560.8200157117843,-70.95829976098705,-70.95829976098705
560.8300157117843,-70.95867534057966,-70.95867534057966
560.8400157117844,-70.95905283277081,-70.95905283277081
560.8500157117844,-70.95943246808713,-70.95943246808713
560.8600157117844,-70.95981447125851,-70.95981447125851
560.8700157117844,-70.9601990612146,-70.9601990612146
560.8800157117844,-70.96058645127856,-70.96058645127856
560.8900157117844,-70.96097684944421,-70.96097684944421
560.9000157117844,-70.96137045870717,-70.96137045870717
560.9100157117844,-70.96176747741002,-70.96176747741002
560.9200157117843,-70.96216809953263,-70.96216809953263
560.9300157117843,-70.96257251501132,-70.96257251501132
560.9400157117843,-70.96298090999078,-70.96298090999078
560.9500157117843,-70.96339346707337,-70.96339346707337
560.9600157117843,-70.96381036551445,-70.96381036551445
560.9700157117844,-70.96423178138792,-70.96423178138792
560.9800157117844,-70.96465788779626,-70.96465788779626
560.9900157117844,-70.96508885494823,-70.96508885494823
561.0000157356262,-70.9655248513355,-70.9655248513355
561.0100157356262,-70.96596603969978,-70.96596603969978
561.0200157356262,-70.96641258328164,-70.96641258328164
561.0300157356262,-70.96686464182308,-70.96686464182308
561.0400157356262,-70.9673223726333,-70.9673223726333
561.0500157356262,-70.9677859306332,-70.9677859306332
561.0600157356262,-70.96825546840962,-70.96825546840962
561.0700157356263,-70.96873113626744,-70.96873113626744
561.0800157356263,-70.96921308226162,-70.96921308226162
561.0900157356263,-70.96970145219947,-70.96970145219947
561.1000157356262,-70.9701963897232,-70.9701963897232
561.1100157356262,-70.9706980362692,-70.9706980362692
561.1200157356262,-70.971206531143,-70.971206531143
561.1300157356262,-70.97172201151638,-70.97172201151638
561.1400157356262,-70.97224461244406,-70.97224461244406
561.1500157356262,-70.9727744668722,-70.9727744668722
561.1600157356262,-70.97331170567642,-70.97331170567642
561.1700157356262,-70.97385645766809,-70.97385645766809
561.1800157356262,-70.97440884959141,-70.97440884959141
561.1900157356263,-70.97496900614188,-70.97496900614188
561.2000157356263,-70.97553705000632,-70.97553705000632
561.2100157356263,-70.97611310183406,-70.97611310183406
561.2200157356262,-70.97669728029031,-70.97669728029031
561.2300157356262,-70.97728970202836,-70.97728970202836
561.2400157356262,-70.97789048172858,-70.97789048172858
561.2500157356262,-70.97849973210742,-70.97849973210742
561.2600157356262,-70.97911756391252,-70.97911756391252
561.2700157356262,-70.97974408596494,-70.97974408596494
561.2800157356262,-70.98037940513686,-70.98037940513686
561.2900157356262,-70.98102362639413,-70.98102362639413
561.3000157356262,-70.98167685280104,-70.98167685280104
561.3100157356262,-70.98233918551796,-70.98233918551796
561.3200157356263,-70.9830107238335,-70.9830107238335
561.3300157356263,-70.98369156517678,-70.98369156517678
561.3400157356263,-70.98438180511735,-70.98438180511735
561.3500157356262,-70.98508153738864,-70.98508153738864
561.3600157356262,-70.98579085390722,-70.98579085390722
561.3700157356262,-70.98650984478319,-70.98650984478319
561.3800157356262,-70.98723859832519,-70.98723859832519
561.3900157356262,-70.9879772010626,-70.9879772010626
561.4000157356262,-70.98872573778169,-70.98872573778169
561.4100157356262,-70.98948429149974,-70.98948429149974
561.4200157356262,-70.99025294350994,-70.99025294350994
561.4300157356262,-70.99103177339386,-70.99103177339386
561.4400157356263,-70.9918208590168,-70.9918208590168
561.4500157356263,-70.9926202765866,-70.9926202765866
561.4600157356263,-70.99343010062627,-70.99343010062627
561.4700157356262,-70.99425040399936,-70.99425040399936
561.4800157356262,-70.99508125794335,-70.99508125794335
561.4900157356262,-70.99592273208212,-70.99592273208212
561.5000157356262,-70.99677489442303,-70.99677489442303
561.5100157356262,-70.99763781140041,-70.99763781140041
561.5200157356262,-70.99851154787004,-70.99851154787004
561.5300157356262,-70.99939616713908,-70.99939616713908
561.5400157356262,-71.0002917309836,-71.0002917309836
561.5500157356262,-71.00119829965148,-71.00119829965148
561.5600157356262,-71.00211593188325,-71.00211593188325
561.5700157356263,-71.0030446849506,-71.0030446849506
561.5800157356263,-71.0039846146558,-71.0039846146558
561.5900157356263,-71.00493577533221,-71.00493577533221
561.6000157356262,-71.00589821989166,-71.00589821989166
561.6100157356262,-71.006871999824,-71.006871999824
561.6200157356262,-71.007857165215,-71.007857165215
561.6300157356262,-71.00885376477214,-71.00885376477214
561.6400157356262,-71.0098618458241,-71.0098618458241
561.6500157356262,-71.01088145436539,-71.01088145436539
561.6600157356262,-71.0119126350456,-71.0119126350456
561.6700157356262,-71.0129554311991,-71.0129554311991
561.6800157356262,-71.01400988485206,-71.01400988485206
561.6900157356263,-71.01507603674756,-71.01507603674756
561.7000157356263,-71.01615392638178,-71.01615392638178
561.7100157356263,-71.01724359195828,-71.01724359195828
561.7200157356262,-71.01834507048696,-71.01834507048696
561.7300157356262,-71.01945839771317,-71.01945839771317
561.7400157356262,-71.02058360822222,-71.02058360822222
561.7500157356262,-71.02172073538338,-71.02172073538338
561.7600157356262,-71.02286981139953,-71.02286981139953
561.7700157356262,-71.02403086732372,-71.02403086732372
561.7800157356262,-71.02520393306304,-71.02520393306304
561.7900157356262,-71.02638903738973,-71.02638903738973
561.8000157356262,-71.02758620798616,-71.02758620798616
561.8100157356262,-71.0287954714173,-71.0287954714173
561.8200157356263,-71.03001685318445,-71.03001685318445
561.8300157356263,-71.03125037772517,-71.03125037772517
561.8400157356263,-71.03249606841082,-71.03249606841082
561.8500157594681,-71.0337539505978,-71.0337539505978
561.8600157594681,-71.03502403964819,-71.03502403964819
561.8700157594681,-71.03630635883152,-71.03630635883152
561.880015759468,-71.03760092747581,-71.03760092747581
561.890015759468,-71.03890776394795,-71.03890776394795
561.900015759468,-71.04022688561471,-71.04022688561471
561.910015759468,-71.04155830893302,-71.04155830893302
561.9200157594681,-71.04290204939258,-71.04290204939258
561.9300157594681,-71.04425812158254,-71.04425812158254
561.9400157594681,-71.04562653916769,-71.04562653916769
561.9500157594681,-71.04700731493031,-71.04700731493031
561.9600157594681,-71.04840046075867,-71.04840046075867
561.9700157594681,-71.04980598768267,-71.04980598768267
561.9800157594681,-71.05122390587455,-71.05122390587455
561.9900157594681,-71.05265422466618,-71.05265422466618
562.000015759468,-71.05409695254815,-71.05409695254815
562.010015759468,-71.05555209720794,-71.05555209720794
562.020015759468,-71.05701966552013,-71.05701966552013
562.030015759468,-71.05849966356361,-71.05849966356361
562.0400157594681,-71.05999209663567,-71.05999209663567
562.0500157594681,-71.06149696928617,-71.06149696928617
562.0600157594681,-71.06301428529108,-71.06301428529108
562.0700157594681,-71.06454404767388,-71.06454404767388
562.0800157594681,-71.06608625873383,-71.06608625873383
562.0900157594681,-71.06764092006146,-71.06764092006146
562.1000157594681,-71.06920803251012,-71.06920803251012
562.1100157594681,-71.07078759625453,-71.07078759625453
562.1200157594681,-71.07237961077614,-71.07237961077614
562.130015759468,-71.07398407487362,-71.07398407487362
562.140015759468,-71.0756009866836,-71.0756009866836
562.150015759468,-71.07723034369124,-71.07723034369124
562.160015759468,-71.07887214272579,-71.07887214272579
562.1700157594681,-71.08052637999087,-71.08052637999087
562.1800157594681,-71.082193051059,-71.082193051059
562.1900157594681,-71.08387215090278,-71.08387215090278
562.2000157594681,-71.0855636738685,-71.0855636738685
562.2100157594681,-71.08726142101447,-71.08726142101447
562.2200157594681,-71.08896267849178,-71.08896267849178
562.2300157594681,-71.09066612517826,-71.09066612517826
562.2400157594681,-71.09237108446496,-71.09237108446496
562.250015759468,-71.09407723858412,-71.09407723858412
562.260015759468,-71.0957844801956,-71.0957844801956
562.270015759468,-71.09749282529506,-71.09749282529506
562.280015759468,-71.09920236085928,-71.09920236085928
562.2900157594681,-71.10091321337137,-71.10091321337137
562.3000157594681,-71.10262552993697,-71.10262552993697
562.3100157594681,-71.10433946699241,-71.10433946699241
562.3200157594681,-71.10605518375941,-71.10605518375941
562.3300157594681,-71.10777283843632,-71.10777283843632
562.3400157594681,-71.10949258616313,-71.10949258616313
562.3500157594681,-71.11121457800084,-71.11121457800084
562.3600157594681,-71.11293896055734,-71.11293896055734
562.3700157594681,-71.1146658759423,-71.1146658759423
562.380015759468,-71.1163954619431,-71.1163954619431
562.390015759468,-71.1181278522841,-71.1181278522841
562.400015759468,-71.11986317693476,-71.11986317693476
562.410015759468,-71.12160156244144,-71.12160156244144
562.4200157594681,-71.12334313219473,-71.12334313219473
562.4300157594681,-71.12508800674023,-71.12508800674023
562.4400157594681,-71.12683630399708,-71.12683630399708
562.4500157594681,-71.128588139499,-71.128588139499
562.4600157594681,-71.13033742993312,-71.13033742993312
562.4700157594681,-71.13208157765297,-71.13208157765297
562.4800157594681,-71.13381937725417,-71.13381937725417
562.4900157594681,-71.13555026701266,-71.13555026701266
562.500015759468,-71.13727404314984,-71.13727404314984
562.510015759468,-71.13899071143099,-71.13899071143099
562.520015759468,-71.14070040006153,-71.14070040006153
562.530015759468,-71.14240330741987,-71.14240330741987
562.5400157594681,-71.14409967056109,-71.14409967056109
562.5500157594681,-71.1457897463791,-71.1457897463791
562.5600157594681,-71.14747380032557,-71.14747380032557
562.5700157594681,-71.14915209986582,-71.14915209986582
562.5800157594681,-71.15082491070112,-71.15082491070112
562.5900157594681,-71.15249249471397,-71.15249249471397
562.6000157594681,-71.15415510898258,-71.15415510898258
562.6100157594681,-71.15581300537026,-71.15581300537026
562.6200157594681,-71.1574664304961,-71.1574664304961
562.630015759468,-71.1591156258939,-71.1591156258939
562.640015759468,-71.16076082827952,-71.16076082827952
562.650015759468,-71.16240226986021,-71.16240226986021
562.660015759468,-71.16404017861356,-71.16404017861356
562.6700157594681,-71.16567477860069,-71.16567477860069
562.6800157594681,-71.16730629023321,-71.16730629023321
562.6900157594681,-71.16893493050766,-71.16893493050766
562.7000157833099,-71.17056091708088,-71.17056091708088
562.7100157833099,-71.17218445297802,-71.17218445297802
562.7200157833099,-71.17380574997759,-71.17380574997759
562.7300157833099,-71.17542501324421,-71.17542501324421
562.7400157833099,-71.17704244533473,-71.17704244533473
562.7500157833099,-71.17865824626865,-71.17865824626865
562.7600157833099,-71.18027261362282,-71.18027261362282
562.77001578331,-71.18188574257006,-71.18188574257006
562.78001578331,-71.18349782598185,-71.18349782598185
562.79001578331,-71.1851090544213,-71.1851090544213
562.80001578331,-71.18671961621028,-71.18671961621028
562.81001578331,-71.18832969744322,-71.18832969744322
562.8200157833099,-71.18993948201052,-71.18993948201052
562.8300157833099,-71.19154915162164,-71.19154915162164
562.8400157833099,-71.19315888583438,-71.19315888583438
562.8500157833099,-71.19476886203513,-71.19476886203513
562.8600157833099,-71.19637925547241,-71.19637925547241
562.8700157833099,-71.1979902392639,-71.1979902392639
562.8800157833099,-71.19960198438876,-71.19960198438876
562.89001578331,-71.20121465969099,-71.20121465969099
562.90001578331,-71.20282843190905,-71.20282843190905
562.91001578331,-71.20444346565465,-71.20444346565465
562.92001578331,-71.2060599234108,-71.2060599234108
562.93001578331,-71.20767796557244,-71.20767796557244
562.94001578331,-71.20929775040092,-71.20929775040092
562.9500157833099,-71.21091943406489,-71.21091943406489
562.9600157833099,-71.21253696723477,-71.21253696723477
562.9700157833099,-71.21414779007357,-71.21414779007357
562.9800157833099,-71.21575073629336,-71.21575073629336
562.9900157833099,-71.21734528361769,-71.21734528361769
563.0000157833099,-71.21893126769294,-71.21893126769294
563.0100157833099,-71.22050873340535,-71.22050873340535
563.02001578331,-71.2220778476759,-71.2220778476759
563.03001578331,-71.22363884708209,-71.22363884708209
563.04001578331,-71.2251920062806,-71.2251920062806
563.05001578331,-71.22673761912158,-71.22673761912158
563.06001578331,-71.22827598736333,-71.22827598736333
563.0700157833099,-71.22980741406641,-71.22980741406641
563.0800157833099,-71.23133219980419,-71.23133219980419
563.0900157833099,-71.2328506406224,-71.2328506406224
563.1000157833099,-71.23436302702724,-71.23436302702724
563.1100157833099,-71.23586964356853,-71.23586964356853
563.1200157833099,-71.23737076883347,-71.23737076883347
563.1300157833099,-71.2388666755801,-71.2388666755801
563.14001578331,-71.24035763102721,-71.24035763102721
563.15001578331,-71.24184389717192,-71.24184389717192
563.16001578331,-71.24332573106271,-71.24332573106271
563.17001578331,-71.24480338514999,-71.24480338514999
563.18001578331,-71.24627710753619,-71.24627710753619
563.19001578331,-71.24774714222461,-71.24774714222461
563.2000157833099,-71.24921372936647,-71.24921372936647
563.2100157833099,-71.25067089922771,-71.25067089922771
563.2200157833099,-71.25211617204019,-71.25211617204019
563.2300157833099,-71.25354846107042,-71.25354846107042
563.2400157833099,-71.25496732277156,-71.25496732277156
563.2500157833099,-71.25637267067573,-71.25637267067573
563.2600157833099,-71.25776462671817,-71.25776462671817
563.27001578331,-71.25914343405897,-71.25914343405897
563.28001578331,-71.26050940472912,-71.26050940472912
563.29001578331,-71.26186288811398,-71.26186288811398
563.30001578331,-71.26320425207486,-71.26320425207486
563.31001578331,-71.26453387171487,-71.26453387171487
563.3200157833099,-71.26585212278513,-71.26585212278513
563.3300157833099,-71.26715937793357,-71.26715937793357
563.3400157833099,-71.26845600464367,-71.26845600464367
563.3500157833099,-71.2697423642543,-71.2697423642543
563.3600157833099,-71.27101881157392,-71.27101881157392
563.3700157833099,-71.27228569483786,-71.27228569483786
563.3800157833099,-71.27354335589592,-71.27354335589592
563.39001578331,-71.27479213046962,-71.27479213046962
563.40001578331,-71.27603234847668,-71.27603234847668
563.41001578331,-71.27726433433541,-71.27726433433541
563.42001578331,-71.27848840726494,-71.27848840726494
563.43001578331,-71.27970488156048,-71.27970488156048
563.44001578331,-71.2809140668659,-71.2809140668659
563.4500157833099,-71.2821162683746,-71.2821162683746
563.4600157833099,-71.28331178701914,-71.28331178701914
563.4700157833099,-71.28450091965937,-71.28450091965937
563.4800157833099,-71.28568395920801,-71.28568395920801
563.4900157833099,-71.2868611947496,-71.2868611947496
563.5000157833099,-71.28803291166462,-71.28803291166462
563.5100157833099,-71.28919939170503,-71.28919939170503
563.52001578331,-71.29036091306884,-71.29036091306884
563.53001578331,-71.29151775048766,-71.29151775048766
563.54001578331,-71.29267017525105,-71.29267017525105
563.5500158071518,-71.29381845800138,-71.29381845800138
563.5600158071518,-71.29496285783108,-71.29496285783108
563.5700158071518,-71.29610363876056,-71.29610363876056
563.5800158071518,-71.29724105877405,-71.29724105877405
563.5900158071518,-71.2983753726174,-71.2983753726174
563.6000158071517,-71.29950683181892,-71.29950683181892
563.6100158071517,-71.3006356846994,-71.3006356846994
563.6200158071518,-71.3017621763887,-71.3017621763887
563.6300158071518,-71.3028865488589,-71.3028865488589
563.6400158071518,-71.30400904093678,-71.30400904093678
563.6500158071518,-71.30512988830696,-71.30512988830696
563.6600158071518,-71.30624932354038,-71.30624932354038
563.6700158071518,-71.30736757610642,-71.30736757610642
563.6800158071518,-71.30848487239012,-71.30848487239012
563.6900158071518,-71.30960143569429,-71.30960143569429
563.7000158071518,-71.31071748626549,-71.31071748626549
563.7100158071518,-71.3118332413151,-71.3118332413151
563.7200158071518,-71.31294891501591,-71.31294891501591
563.7300158071517,-71.31406471853747,-71.31406471853747
563.7400158071518,-71.31518086003298,-71.31518086003298
563.7500158071518,-71.3162975447,-71.3162975447
563.7600158071518,-71.3174149747569,-71.3174149747569
563.7700158071518,-71.3185333494728,-71.3185333494728
563.7800158071518,-71.31965286519633,-71.31965286519633
563.7900158071518,-71.32077371535753,-71.32077371535753
563.8000158071518,-71.32189609050006,-71.32189609050006
563.8100158071518,-71.32302017828671,-71.32302017828671
563.8200158071518,-71.32414616354049,-71.32414616354049
563.8300158071518,-71.32527422822442,-71.32527422822442
563.8400158071518,-71.32640455151643,-71.32640455151643
563.8500158071517,-71.32753730978284,-71.32753730978284
563.8600158071517,-71.32867267661392,-71.32867267661392
563.8700158071518,-71.32981082287172,-71.32981082287172
563.8800158071518,-71.33095191667317,-71.33095191667317
563.8900158071518,-71.33209612342421,-71.33209612342421
563.9000158071518,-71.33324360586391,-71.33324360586391
563.9100158071518,-71.3343945240661,-71.3343945240661
563.9200158071518,-71.3355490354571,-71.3355490354571
563.9300158071518,-71.33670729484871,-71.33670729484871
563.9400158071518,-71.33786945448819,-71.33786945448819
563.9500158071518,-71.33903566402127,-71.33903566402127
563.9600158071518,-71.34019985754534,-71.34019985754534
563.9700158071518,-71.34135946453274,-71.34135946453274
563.9800158071517,-71.34251331004212,-71.34251331004212
563.9900158071518,-71.34366086379124,-71.34366086379124
564.0000158071518,-71.34480195361603,-71.34480195361603
564.0100158071518,-71.3459366165606,-71.3459366165606
564.0200158071518,-71.3470650115131,-71.3470650115131
564.0300158071518,-71.34818736674565,-71.34818736674565
564.0400158071518,-71.34930394835919,-71.34930394835919
564.0500158071518,-71.35041504133875,-71.35041504133875
564.0600158071518,-71.3515209382756,-71.3515209382756
564.0700158071518,-71.35262193278815,-71.35262193278815
564.0800158071518,-71.35371831574801,-71.35371831574801
564.0900158071518,-71.35481037322945,-71.35481037322945
564.1000158071517,-71.35589838551465,-71.35589838551465
564.1100158071517,-71.35698262672283,-71.35698262672283
564.1200158071518,-71.35806336479689,-71.35806336479689
564.1300158071518,-71.35914086167192,-71.35914086167192
564.1400158071518,-71.36021537356835,-71.36021537356835
564.1500158071518,-71.36128715129888,-71.36128715129888
564.1600158071518,-71.36235644062884,-71.36235644062884
564.1700158071518,-71.36342348256191,-71.36342348256191
564.1800158071518,-71.36448851364266,-71.36448851364266
564.1900158071518,-71.36555176624017,-71.36555176624017
564.2000158071518,-71.36661346873765,-71.36661346873765
564.2100158071518,-71.36767384578324,-71.36767384578324
564.2200158071518,-71.36873311844766,-71.36873311844766
564.2300158071517,-71.36979150439784,-71.36979150439784
564.2400158071518,-71.37084921799296,-71.37084921799296
564.2500158071518,-71.37190647045749,-71.37190647045749
564.2600158071518,-71.37296346994222,-71.37296346994222
564.2700158071518,-71.37402042161595,-71.37402042161595
564.2800158071518,-71.37507752776399,-71.37507752776399
564.2900158071518,-71.37613498781711,-71.37613498781711
564.3000158071518,-71.37719299844532,-71.37719299844532
564.3100158071518,-71.37825175357622,-71.37825175357622
564.3200158071518,-71.37931144445984,-71.37931144445984
564.3300158071518,-71.38037225969194,-71.38037225969194
564.3400158071518,-71.38143438524648,-71.38143438524648
564.3500158071517,-71.38249800452705,-71.38249800452705
564.3600158071517,-71.3835632983643,-71.3835632983643
564.3700158071518,-71.38463044505882,-71.38463044505882
564.3800158071518,-71.38569962041157,-71.38569962041157
564.3900158071518,-71.38677099771107,-71.38677099771107
564.4000158309937,-71.38784475033478,-71.38784475033478
564.4100158309936,-71.38892104155622,-71.38892104155622
564.4200158309936,-71.39000003984822,-71.39000003984822
564.4300158309936,-71.3910819087295,-71.3910819087295
564.4400158309936,-71.39216680931438,-71.39216680931438
564.4500158309936,-71.39325490031558,-71.39325490031558
564.4600158309936,-71.39434012060401,-71.39434012060401
564.4700158309937,-71.39541990731529,-71.39541990731529
564.4800158309937,-71.39649309433447,-71.39649309433447
564.4900158309937,-71.39755916085927,-71.39755916085927
564.5000158309937,-71.39861794457727,-71.39861794457727
564.5100158309937,-71.39966949264682,-71.39966949264682
564.5200158309937,-71.40071397427666,-71.40071397427666
564.5300158309936,-71.40175162821234,-71.40175162821234
564.5400158309936,-71.40278273112725,-71.40278273112725
564.5500158309936,-71.40380757865425,-71.40380757865425
564.5600158309936,-71.4048264741401,-71.4048264741401
564.5700158309936,-71.40579776509183,-71.40579776509183
564.5800158309936,-71.40669737642754,-71.40669737642754
564.5900158309937,-71.40751316980337,-71.40751316980337
564.6000158309937,-71.40823936790962,-71.40823936790962
564.6100158309937,-71.40887360610652,-71.40887360610652
564.6200158309937,-71.40941537606793,-71.40941537606793
564.6300158309937,-71.4098651776611,-71.4098651776611
564.6400158309937,-71.41022404726877,-71.41022404726877
564.6500158309937,-71.41049329279006,-71.41049329279006
564.6600158309936,-71.41067434459116,-71.41067434459116
564.6700158309936,-71.41076867257152,-71.41076867257152
564.6800158309936,-71.41077774113805,-71.41077774113805
564.6900158309936,-71.4107029862157,-71.4107029862157
564.7000158309936,-71.41054580486376,-71.41054580486376
564.7100158309936,-71.41030133584484,-71.41030133584484
564.7200158309937,-71.40996817870324,-71.40996817870324
564.7300158309937,-71.4095462940045,-71.4095462940045
564.7400158309937,-71.40903625527315,-71.40903625527315
564.7500158309937,-71.408438966086,-71.408438966086
564.7600158309937,-71.40775551485562,-71.40775551485562
564.7700158309937,-71.40698709105676,-71.40698709105676
564.7800158309936,-71.40613493590932,-71.40613493590932
564.7900158309936,-71.40520031363725,-71.40520031363725
564.8000158309936,-71.40418449499623,-71.40418449499623
564.8100158309936,-71.40308874806885,-71.40308874806885
564.8200158309936,-71.40191433340595,-71.40191433340595
564.8300158309936,-71.40066250174854,-71.40066250174854
564.8400158309937,-71.39933449316024,-71.39933449316024
564.8500158309937,-71.39793153701132,-71.39793153701132
564.8600158309937,-71.39645485236119,-71.39645485236119
564.8700158309937,-71.39490564854779,-71.39490564854779
564.8800158309937,-71.39328512585041,-71.39328512585041
564.8900158309937,-71.39159447608222,-71.39159447608222
564.9000158309937,-71.38983488316377,-71.38983488316377
564.9100158309936,-71.38800752360106,-71.38800752360106
564.9200158309936,-71.3861135668741,-71.3861135668741
564.9300158309936,-71.38415417573286,-71.38415417573286
564.9400158309936,-71.38213050643984,-71.38213050643984
564.9500158309936,-71.3800437089296,-71.3800437089296
564.9600158309936,-71.3778949268954,-71.3778949268954
564.9700158309937,-71.37568529784423,-71.37568529784423
564.9800158309937,-71.37341595307157,-71.37341595307157
564.9900158309937,-71.37108801765977,-71.37108801765977
565.0000158309937,-71.36870261037991,-71.36870261037991
565.0100158309937,-71.36626084360896,-71.36626084360896
565.0200158309937,-71.36376382322837,-71.36376382322837
565.0300158309936,-71.36121264846366,-71.36121264846366
565.0400158309936,-71.35860841177589,-71.35860841177589
565.0500158309936,-71.3559521986957,-71.3559521986957
565.0600158309936,-71.35324508767556,-71.35324508767556
565.0700158309936,-71.35048814992996,-71.35048814992996
565.0800158309936,-71.34768244928622,-71.34768244928622
565.0900158309937,-71.3448290420123,-71.3448290420123
565.1000158309937,-71.34192897668028,-71.34192897668028
565.1100158309937,-71.33898329400849,-71.33898329400849
565.1200158309937,-71.3359930266955,-71.3359930266955
565.1300158309937,-71.33295919929665,-71.33295919929665
565.1400158309937,-71.32988282809198,-71.32988282809198
565.1500158309937,-71.32676492093847,-71.32676492093847
565.1600158309936,-71.32360647715147,-71.32360647715147
565.1700158309936,-71.32040848739443,-71.32040848739443
565.1800158309936,-71.31717193355378,-71.31717193355378
565.1900158309936,-71.31389778864136,-71.31389778864136
565.2000158309936,-71.31058701670013,-71.31058701670013
565.2100158309936,-71.30724057269973,-71.30724057269973
565.2200158309937,-71.30385940247929,-71.30385940247929
565.2300158309937,-71.30044444264495,-71.30044444264495
565.2400158309937,-71.29699662051077,-71.29699662051077
565.2500158548355,-71.29351684575924,-71.29351684575924
565.2600158548355,-71.29000604341084,-71.29000604341084
565.2700158548355,-71.2864651043819,-71.2864651043819
565.2800158548355,-71.28289491826969,-71.28289491826969
565.2900158548355,-71.27929636511223,-71.27929636511223
565.3000158548355,-71.27567031538078,-71.27567031538078
565.3100158548355,-71.27201762995792,-71.27201762995792
565.3200158548356,-71.26833916009474,-71.26833916009474
565.3300158548356,-71.2646357474421,-71.2646357474421
565.3400158548355,-71.26090822397953,-71.26090822397953
565.3500158548355,-71.25715741206434,-71.25715741206434
565.3600158548355,-71.25338412439692,-71.25338412439692
565.3700158548355,-71.24958916405632,-71.24958916405632
565.3800158548355,-71.24577332448689,-71.24577332448689
565.3900158548355,-71.24193738952657,-71.24193738952657
565.4000158548355,-71.23808213341246,-71.23808213341246
565.4100158548355,-71.23420832081175,-71.23420832081175
565.4200158548355,-71.230316706853,-71.230316706853
565.4300158548355,-71.2264080371476,-71.2264080371476
565.4400158548356,-71.2224830478209,-71.2224830478209
565.4500158548356,-71.21854246556741,-71.21854246556741
565.4600158548355,-71.21458081607803,-71.21458081607803
565.4700158548355,-71.2105961097239,-71.2105961097239
565.4800158548355,-71.20658774306104,-71.20658774306104
565.4900158548355,-71.20255574889764,-71.20255574889764
565.5000158548355,-71.19850051020865,-71.19850051020865
565.5100158548355,-71.19442261150125,-71.19442261150125
565.5200158548355,-71.19032275170083,-71.19032275170083
565.5300158548355,-71.18620169179172,-71.18620169179172
565.5400158548355,-71.18206022336291,-71.18206022336291
565.5500158548355,-71.17789914977467,-71.17789914977467
565.5600158548355,-71.17371927496679,-71.17371927496679
565.5700158548356,-71.16952139694456,-71.16952139694456
565.5800158548356,-71.16530630407672,-71.16530630407672
565.5900158548355,-71.16107477313206,-71.16107477313206
565.6000158548355,-71.15682756833962,-71.15682756833962
565.6100158548355,-71.15256544108385,-71.15256544108385
565.6200158548355,-71.14828912996514,-71.14828912996514
565.6300158548355,-71.14399936101177,-71.14399936101177
565.6400158548355,-71.13969684806094,-71.13969684806094
565.6500158548355,-71.13538229311104,-71.13538229311104
565.6600158548355,-71.13105638672488,-71.13105638672488
565.6700158548355,-71.12671980841702,-71.12671980841702
565.6800158548355,-71.12237322698,-71.12237322698
565.6900158548356,-71.11801730082357,-71.11801730082357
565.7000158548356,-71.11365267828727,-71.11365267828727
565.7100158548355,-71.10927999785382,-71.10927999785382
565.7200158548355,-71.10489988844724,-71.10489988844724
565.7300158548355,-71.10051296960074,-71.10051296960074
565.7400158548355,-71.09611985166983,-71.09611985166983
565.7500158548355,-71.09172113601873,-71.09172113601873
565.7600158548355,-71.08731741517151,-71.08731741517151
565.7700158548355,-71.08290927294682,-71.08290927294682
565.7800158548355,-71.07849728460945,-71.07849728460945
565.7900158548355,-71.07408201697685,-71.07408201697685
565.8000158548355,-71.06966402854944,-71.06966402854944
565.8100158548355,-71.06524386960783,-71.06524386960783
565.8200158548356,-71.06082208231965,-71.06082208231965
565.8300158548356,-71.05639920084758,-71.05639920084758
565.8400158548355,-71.05197575140362,-71.05197575140362
565.8500158548355,-71.04755225236715,-71.04755225236715
565.8600158548355,-71.04312921437865,-71.04312921437865
565.8700158548355,-71.03870714039823,-71.03870714039823
565.8800158548355,-71.03428652578599,-71.03428652578599
565.8900158548355,-71.02986785840065,-71.02986785840065
565.9000158548355,-71.02545161865699,-71.02545161865699
565.9100158548355,-71.02103827961508,-71.02103827961508
565.9200158548355,-71.01662830704166,-71.01662830704166
565.9300158548355,-71.01222215948681,-71.01222215948681
565.9400158548356,-71.00782028837098,-71.00782028837098
565.9500158548356,-71.00342313803971,-71.00342313803971
565.9600158548355,-70.99902497426348,-70.99902497426348
565.9700158548355,-70.99462354002213,-70.99462354002213
565.9800158548355,-70.99021796288777,-70.99021796288777
565.9900158548355,-70.9858080072539,-70.9858080072539
566.0000158548355,-70.9813937890719,-70.9813937890719
566.0100158548355,-70.97697562764564,-70.97697562764564
566.0200158548355,-70.97255395871794,-70.97255395871794
566.0300158548355,-70.96812928229753,-70.96812928229753
566.0400158548355,-70.96370213124469,-70.96370213124469
566.0500158548355,-70.95927305250902,-70.95927305250902
566.0600158548355,-70.95484259598587,-70.95484259598587
566.0700158548356,-70.9504113080246,-70.9504113080246
566.0800158548356,-70.9459797277657,-70.9459797277657
566.0900158548355,-70.9415483851685,-70.9415483851685
566.1000158786774,-70.93711778954747,-70.93711778954747
566.1100158786774,-70.93268847148997,-70.93268847148997
566.1200158786773,-70.92826091960967,-70.92826091960967
566.1300158786773,-70.92383562296908,-70.92383562296908
566.1400158786773,-70.91941306089818,-70.91941306089818
566.1500158786773,-70.91499370338171,-70.91499370338171
566.1600158786773,-70.91057801144181,-70.91057801144181
566.1700158786774,-70.90616643751068,-70.90616643751068
566.1800158786774,-70.90175942579934,-70.90175942579934
566.1900158786774,-70.89735741259302,-70.89735741259302
566.2000158786774,-70.89296082653111,-70.89296082653111
566.2100158786774,-70.88857008891159,-70.88857008891159
566.2200158786774,-70.88418561386709,-70.88418561386709
566.2300158786774,-70.87980780861203,-70.87980780861203
566.2400158786774,-70.87543707361044,-70.87543707361044
566.2500158786773,-70.87107380273557,-70.87107380273557
566.2600158786773,-70.86671838343533,-70.86671838343533
566.2700158786773,-70.86237119683892,-70.86237119683892
566.2800158786773,-70.85803261792205,-70.85803261792205
566.2900158786774,-70.85370301555773,-70.85370301555773
566.3000158786774,-70.84938275268165,-70.84938275268165
566.3100158786774,-70.8450721863306,-70.8450721863306
566.3200158786774,-70.84077166776541,-70.84077166776541
566.3300158786774,-70.83648154251874,-70.83648154251874
566.3400158786774,-70.83220215049451,-70.83220215049451
566.3500158786774,-70.82793382604595,-70.82793382604595
566.3600158786774,-70.82367689801346,-70.82367689801346
566.3700158786773,-70.81943168982345,-70.81943168982345
566.3800158786773,-70.81519851951745,-70.81519851951745
566.3900158786773,-70.81097769983785,-70.81097769983785
566.4000158786773,-70.80676953828154,-70.80676953828154
566.4100158786773,-70.80257433714456,-70.80257433714456
566.4200158786774,-70.79839239358458,-70.79839239358458
566.4300158786774,-70.79422399970099,-70.79422399970099
566.4400158786774,-70.79006944253013,-70.79006944253013
566.4500158786774,-70.78592900415154,-70.78592900415154
566.4600158786774,-70.78180296171571,-70.78180296171571
566.4700158786774,-70.77769158750549,-70.77769158750549
566.4800158786774,-70.77359514899013,-70.77359514899013
566.4900158786774,-70.76951390885158,-70.76951390885158
566.5000158786773,-70.76544812506782,-70.76544812506782
566.5100158786773,-70.76139805094489,-70.76139805094489
566.5200158786773,-70.75736393517069,-70.75736393517069
566.5300158786773,-70.7533460218555,-70.7533460218555
566.5400158786774,-70.7493445505945,-70.7493445505945
566.5500158786774,-70.74535975651786,-70.74535975651786
566.5600158786774,-70.74139187033994,-70.74139187033994
566.5700158786774,-70.73744111838714,-70.73744111838714
566.5800158786774,-70.73350772266785,-70.73350772266785
566.5900158786774,-70.7295919009264,-70.7295919009264
566.6000158786774,-70.7256938666703,-70.7256938666703
566.6100158786774,-70.7218138292379,-70.7218138292379
566.6200158786773,-70.71795199382247,-70.71795199382247
566.6300158786773,-70.71410856154874,-70.71410856154874
566.6400158786773,-70.71028372950586,-70.71028372950586
566.6500158786773,-70.70647769079244,-70.70647769079244
566.6600158786773,-70.70269063456702,-70.70269063456702
566.6700158786774,-70.69892274609958,-70.69892274609958
566.6800158786774,-70.69517420682307,-70.69517420682307
566.6900158786774,-70.6914451943509,-70.6914451943509
566.7000158786774,-70.68773588256774,-70.68773588256774
566.7100158786774,-70.68404029674342,-70.68404029674342
566.7200158786774,-70.68035592751531,-70.68035592751531
566.7300158786774,-70.67668164733522,-70.67668164733522
566.7400158786774,-70.6730169659479,-70.6730169659479
566.7500158786773,-70.66936174632474,-70.66936174632474
566.7600158786773,-70.66571605704875,-70.66571605704875
566.7700158786773,-70.66208008571543,-70.66208008571543
566.7800158786773,-70.65845408691094,-70.65845408691094
566.7900158786774,-70.65483835093107,-70.65483835093107
566.8000158786774,-70.65123318505285,-70.65123318505285
566.8100158786774,-70.64763890240138,-70.64763890240138
566.8200158786774,-70.6440558154664,-70.6440558154664
566.8300158786774,-70.64048423241564,-70.64048423241564
566.8400158786774,-70.63692445514734,-70.63692445514734
566.8500158786774,-70.6333767783389,-70.6333767783389
566.8600158786774,-70.62984148914013,-70.62984148914013
566.8700158786773,-70.62631886721107,-70.62631886721107
566.8800158786773,-70.62280918493335,-70.62280918493335
566.8900158786773,-70.61931270776286,-70.61931270776286
566.9000158786773,-70.61582969456305,-70.61582969456305
566.9100158786773,-70.61236039800157,-70.61236039800157
566.9200158786774,-70.60890506487357,-70.60890506487357
566.9300158786774,-70.60546393646077,-70.60546393646077
566.9400158786774,-70.60203724878878,-70.60203724878878
566.9500159025192,-70.59862522479753,-70.59862522479753
566.9600159025192,-70.59522196962277,-70.59522196962277
566.9700159025192,-70.59182502413826,-70.59182502413826
566.9800159025192,-70.58843331676432,-70.58843331676432
566.9900159025192,-70.58504641183782,-70.58504641183782
567.0000159025192,-70.58166422598337,-70.58166422598337
567.0100159025192,-70.57828688078159,-70.57828688078159
567.0200159025193,-70.57491461631466,-70.57491461631466
567.0300159025193,-70.57154773927333,-70.57154773927333
567.0400159025193,-70.5681865917519,-70.5681865917519
567.0500159025192,-70.56483153255394,-70.56483153255394
567.0600159025192,-70.56148292611282,-70.56148292611282
567.0700159025192,-70.55814113601842,-70.55814113601842
567.0800159025192,-70.55480652136771,-70.55480652136771
567.0900159025192,-70.55147943478869,-70.55147943478869
567.1000159025192,-70.54816022153895,-70.54816022153895
567.1100159025192,-70.54484921916065,-70.54484921916065
567.1200159025192,-70.54154675753448,-70.54154675753448
567.1300159025192,-70.5382531590912,-70.5382531590912
567.1400159025193,-70.53496873912643,-70.53496873912643
567.1500159025193,-70.53169380619062,-70.53169380619062
567.1600159025193,-70.52842866239243,-70.52842866239243
567.1700159025193,-70.52517360378764,-70.52517360378764
567.1800159025192,-70.52192892067141,-70.52192892067141
567.1900159025192,-70.51869489787163,-70.51869489787163
567.2000159025192,-70.51547181498977,-70.51547181498977
567.2100159025192,-70.51225994663375,-70.51225994663375
567.2200159025192,-70.50905956263237,-70.50905956263237
567.2300159025192,-70.50587092817968,-70.50587092817968
567.2400159025192,-70.502694303987,-70.502694303987
567.2500159025192,-70.49952994644066,-70.49952994644066
567.2600159025192,-70.49637810766804,-70.49637810766804
567.2700159025193,-70.49323903567868,-70.49323903567868
567.2800159025193,-70.49011297443799,-70.49011297443799
567.2900159025193,-70.48700016394916,-70.48700016394916
567.3000159025192,-70.4839008402887,-70.4839008402887
567.3100159025192,-70.48081523572057,-70.48081523572057
567.3200159025192,-70.47774357870057,-70.47774357870057
567.3300159025192,-70.47468609395229,-70.47468609395229
567.3400159025192,-70.47164300249283,-70.47164300249283
567.3500159025192,-70.46861452169439,-70.46861452169439
567.3600159025192,-70.46560086530914,-70.46560086530914
567.3700159025192,-70.46260224349716,-70.46260224349716
567.3800159025192,-70.45961886286737,-70.45961886286737
567.3900159025193,-70.45665092650968,-70.45665092650968
567.4000159025193,-70.45369863402311,-70.45369863402311
567.4100159025193,-70.45076218153683,-70.45076218153683
567.4200159025193,-70.4478417617517,-70.4478417617517
567.4300159025192,-70.44493756395224,-70.44493756395224
567.4400159025192,-70.4420497740411,-70.4420497740411
567.4500159025192,-70.43917857456908,-70.43917857456908
567.4600159025192,-70.43632414475637,-70.43632414475637
567.4700159025192,-70.43348666051848,-70.43348666051848
567.4800159025192,-70.43066629448829,-70.43066629448829
567.4900159025192,-70.42786321605372,-70.42786321605372
567.5000159025192,-70.42507759137033,-70.42507759137033
567.5100159025192,-70.42230958340527,-70.42230958340527
567.5200159025193,-70.41955935193724,-70.41955935193724
567.5300159025193,-70.41682705361256,-70.41682705361256
567.5400159025193,-70.41411284194632,-70.41411284194632
567.5500159025192,-70.41141686737083,-70.41141686737083
567.5600159025192,-70.40873927725605,-70.40873927725605
567.5700159025192,-70.40608021592462,-70.40608021592462
567.5800159025192,-70.40343982469186,-70.40343982469186
567.5900159025192,-70.4008182418966,-70.4008182418966
567.6000159025192,-70.39821560291772,-70.39821560291772
567.6100159025192,-70.39563204021212,-70.39563204021212
567.6200159025192,-70.3930676833398,-70.3930676833398
567.6300159025192,-70.39052265899568,-70.39052265899568
567.6400159025193,-70.3879970910286,-70.3879970910286
567.6500159025193,-70.38549110048959,-70.38549110048959
567.6600159025193,-70.38300480563011,-70.38300480563011
567.6700159025193,-70.38053832196279,-70.38053832196279
567.6800159025192,-70.37809176227717,-70.37809176227717
567.6900159025192,-70.37566523666597,-70.37566523666597
567.7000159025192,-70.37325885255444,-70.37325885255444
567.7100159025192,-70.37087271474617,-70.37087271474617
567.7200159025192,-70.36850692542595,-70.36850692542595
567.7300159025192,-70.36616158421555,-70.36616158421555
567.7400159025192,-70.36383678818342,-70.36383678818342
567.7500159025192,-70.36153263188966,-70.36153263188966
567.7600159025192,-70.35924920739446,-70.35924920739446
567.7700159025193,-70.35698660430572,-70.35698660430572
567.7800159025193,-70.35474490983181,-70.35474490983181
567.7900159025193,-70.35252420873533,-70.35252420873533
567.8000159263611,-70.35032457820708,-70.35032457820708
567.8100159263611,-70.34814610886811,-70.34814610886811
567.8200159263611,-70.34598887317003,-70.34598887317003
567.830015926361,-70.34385294660788,-70.34385294660788
567.840015926361,-70.34173840241431,-70.34173840241431
567.850015926361,-70.33964531160086,-70.33964531160086
567.860015926361,-70.33757374298693,-70.33757374298693
567.8700159263611,-70.33552376322727,-70.33552376322727
567.8800159263611,-70.33349543683451,-70.33349543683451
567.8900159263611,-70.33148882621103,-70.33148882621103
567.9000159263611,-70.32950399167943,-70.32950399167943
567.9100159263611,-70.32754099150837,-70.32754099150837
567.9200159263611,-70.32559988193933,-70.32559988193933
567.9300159263611,-70.32368071721254,-70.32368071721254
567.9400159263611,-70.32178354960745,-70.32178354960745
567.9500159263611,-70.31990842945223,-70.31990842945223
567.960015926361,-70.31804928947078,-70.31804928947078
567.970015926361,-70.31620351116848,-70.31620351116848
567.980015926361,-70.31436985249736,-70.31436985249736
567.9900159263611,-70.31254770725512,-70.31254770725512
568.0000159263611,-70.31073682248588,-70.31073682248588
568.0100159263611,-70.30893715154983,-70.30893715154983
568.0200159263611,-70.30714876799787,-70.30714876799787
568.0300159263611,-70.30537181377528,-70.30537181377528
568.0400159263611,-70.30360646806679,-70.30360646806679
568.0500159263611,-70.301852928623,-70.301852928623
568.0600159263611,-70.30011140070377,-70.30011140070377
568.0700159263611,-70.29838209054729,-70.29838209054729
568.080015926361,-70.29666520173352,-70.29666520173352
568.090015926361,-70.29496093317817,-70.29496093317817
568.100015926361,-70.29326947819912,-70.29326947819912
568.110015926361,-70.29159102416493,-70.29159102416493
568.1200159263611,-70.28992575252086,-70.28992575252086
568.1300159263611,-70.28827383900197,-70.28827383900197
568.1400159263611,-70.28663545392281,-70.28663545392281
568.1500159263611,-70.2850107625201,-70.2850107625201
568.1600159263611,-70.28339992532152,-70.28339992532152
568.1700159263611,-70.28180309845749,-70.28180309845749
568.1800159263611,-70.28022043396736,-70.28022043396736
568.1900159263611,-70.27865208008328,-70.27865208008328
568.2000159263611,-70.27709818147233,-70.27709818147233
568.210015926361,-70.27555887945593,-70.27555887945593
568.220015926361,-70.27403431218949,-70.27403431218949
568.230015926361,-70.27252461482487,-70.27252461482487
568.2400159263611,-70.27102991967377,-70.27102991967377
568.2500159263611,-70.26955035631858,-70.26955035631858
568.2600159263611,-70.26808605170348,-70.26808605170348
568.2700159263611,-70.26663713024465,-70.26663713024465
568.2800159263611,-70.26520371390234,-70.26520371390234
568.2900159263611,-70.26378592225927,-70.26378592225927
568.3000159263611,-70.26238387256292,-70.26238387256292
568.3100159263611,-70.26099767978347,-70.26099767978347
568.3200159263611,-70.259627456678,-70.259627456678
568.330015926361,-70.25827331379406,-70.25827331379406
568.340015926361,-70.2569353595291,-70.2569353595291
568.350015926361,-70.25561370016636,-70.25561370016636
568.360015926361,-70.25430843988104,-70.25430843988104
568.3700159263611,-70.25301968077167,-70.25301968077167
568.3800159263611,-70.25174752290727,-70.25174752290727
568.3900159263611,-70.25049206430285,-70.25049206430285
568.4000159263611,-70.24925340098486,-70.24925340098486
568.4100159263611,-70.24803162696931,-70.24803162696931
568.4200159263611,-70.24682683431196,-70.24682683431196
568.4300159263611,-70.24563911309222,-70.24563911309222
568.4400159263611,-70.24446855145126,-70.24446855145126
568.4500159263611,-70.24331523560825,-70.24331523560825
568.460015926361,-70.24217924985706,-70.24217924985706
568.470015926361,-70.24106067659478,-70.24106067659478
568.480015926361,-70.23995959632312,-70.23995959632312
568.4900159263611,-70.23887608767775,-70.23887608767775
568.5000159263611,-70.23781022744208,-70.23781022744208
568.5100159263611,-70.23676209053315,-70.23676209053315
568.5200159263611,-70.23573175005218,-70.23573175005218
568.5300159263611,-70.23471927727547,-70.23471927727547
568.5400159263611,-70.23372474167311,-70.23372474167311
568.5500159263611,-70.23274821092951,-70.23274821092951
568.5600159263611,-70.23178975095165,-70.23178975095165
568.5700159263611,-70.23084942588031,-70.23084942588031
568.580015926361,-70.2299272981084,-70.2299272981084
568.590015926361,-70.22902342831114,-70.22902342831114
568.600015926361,-70.22813787543768,-70.22813787543768
568.610015926361,-70.2272706967281,-70.2272706967281
568.6200159263611,-70.22642194774143,-70.22642194774143
568.6300159263611,-70.22559168236663,-70.22559168236663
568.6400159263611,-70.22477995284062,-70.22477995284062
568.6500159502029,-70.22398680786341,-70.22398680786341
568.6600159502029,-70.22321230023701,-70.22321230023701
568.6700159502029,-70.2224564753712,-70.2224564753712
568.6800159502029,-70.22171937902559,-70.22171937902559
568.6900159502029,-70.22100105539302,-70.22100105539302
568.7000159502029,-70.22030154710679,-70.22030154710679
568.7100159502029,-70.21962089525559,-70.21962089525559
568.720015950203,-70.21895913939694,-70.21895913939694
568.730015950203,-70.21831631758748,-70.21831631758748
568.740015950203,-70.21769246637287,-70.21769246637287
568.750015950203,-70.21708762083708,-70.21708762083708
568.760015950203,-70.21650181459117,-70.21650181459117
568.770015950203,-70.21593507981434,-70.21593507981434
568.7800159502029,-70.21538744725012,-70.21538744725012
568.7900159502029,-70.21485894622872,-70.21485894622872
568.8000159502029,-70.21434960469486,-70.21434960469486
568.8100159502029,-70.21385944921397,-70.21385944921397
568.8200159502029,-70.21338850499266,-70.21338850499266
568.8300159502029,-70.21293679588278,-70.21293679588278
568.840015950203,-70.21250434442332,-70.21250434442332
568.850015950203,-70.2120911718456,-70.2120911718456
568.860015950203,-70.21169729806476,-70.21169729806476
568.870015950203,-70.21132274175265,-70.21132274175265
568.880015950203,-70.21096752029386,-70.21096752029386
568.890015950203,-70.21063164984088,-70.21063164984088
568.9000159502029,-70.2103151453166,-70.2103151453166
568.9100159502029,-70.21001802043095,-70.21001802043095
568.9200159502029,-70.20974028769933,-70.20974028769933
568.9300159502029,-70.20948195846476,-70.20948195846476
568.9400159502029,-70.20924304290402,-70.20924304290402
568.9500159502029,-70.20902355004613,-70.20902355004613
568.9600159502029,-70.20882348779931,-70.20882348779931
568.970015950203,-70.20864286293043,-70.20864286293043
568.980015950203,-70.20848168114537,-70.20848168114537
568.990015950203,-70.20833994703796,-70.20833994703796
569.000015950203,-70.20821766414475,-70.20821766414475
569.010015950203,-70.20811483496013,-70.20811483496013
569.020015950203,-70.20803146092142,-70.20803146092142
569.0300159502029,-70.20796754245234,-70.20796754245234
569.0400159502029,-70.20792307898077,-70.20792307898077
569.0500159502029,-70.20789806892914,-70.20789806892914
569.0600159502029,-70.20789250974931,-70.20789250974931
569.0700159502029,-70.20790639793753,-70.20790639793753
569.0800159502029,-70.20793972901997,-70.20793972901997
569.090015950203,-70.20799249761517,-70.20799249761517
569.100015950203,-70.20806469741153,-70.20806469741153
569.110015950203,-70.20815632119721,-70.20815632119721
569.120015950203,-70.20826736085935,-70.20826736085935
569.130015950203,-70.20839780741277,-70.20839780741277
569.140015950203,-70.20854765102067,-70.20854765102067
569.1500159502029,-70.20871688098141,-70.20871688098141
569.1600159502029,-70.20890548577013,-70.20890548577013
569.1700159502029,-70.20911345302817,-70.20911345302817
569.1800159502029,-70.209340769595,-70.209340769595
569.1900159502029,-70.20958742151659,-70.20958742151659
569.2000159502029,-70.20985339404561,-70.20985339404561
569.2100159502029,-70.21013867167143,-70.21013867167143
569.220015950203,-70.21044323811486,-70.21044323811486
569.230015950203,-70.21076707637631,-70.21076707637631
569.240015950203,-70.2111101686962,-70.2111101686962
569.250015950203,-70.21147249660744,-70.21147249660744
569.260015950203,-70.21185404092545,-70.21185404092545
569.270015950203,-70.21225478178495,-70.21225478178495
569.2800159502029,-70.21267469861887,-70.21267469861887
569.2900159502029,-70.21311377019725,-70.21311377019725
569.3000159502029,-70.213571974624,-70.213571974624
569.3100159502029,-70.21404928935756,-70.21404928935756
569.3200159502029,-70.21454569121164,-70.21454569121164
569.3300159502029,-70.21506115636497,-70.21506115636497
569.340015950203,-70.21559566039676,-70.21559566039676
569.350015950203,-70.2161491782696,-70.2161491782696
569.360015950203,-70.21672168435154,-70.21672168435154
569.370015950203,-70.2173131524275,-70.2173131524275
569.380015950203,-70.2179235557066,-70.2179235557066
569.390015950203,-70.21855286682764,-70.21855286682764
569.4000159502029,-70.21920105789032,-70.21920105789032
569.4100159502029,-70.21986810043644,-70.21986810043644
569.4200159502029,-70.22055396547132,-70.22055396547132
569.4300159502029,-70.22125862349431,-70.22125862349431
569.4400159502029,-70.22198204447754,-70.22198204447754
569.4500159502029,-70.22272419788919,-70.22272419788919
569.4600159502029,-70.2234850527051,-70.2234850527051
569.470015950203,-70.22426457740238,-70.22426457740238
569.480015950203,-70.22506273999568,-70.22506273999568
569.490015950203,-70.22587950803194,-70.22587950803194
569.5000159740448,-70.22671485057867,-70.22671485057867
569.5100159740448,-70.22756873034942,-70.22756873034942
569.5200159740448,-70.22844111544276,-70.22844111544276
569.5300159740448,-70.22933197162652,-70.22933197162652
569.5400159740448,-70.23024126423618,-70.23024126423618
569.5500159740448,-70.23116895818062,-70.23116895818062
569.5600159740447,-70.23211501797107,-70.23211501797107
569.5700159740448,-70.2330794077148,-70.2330794077148
569.5800159740448,-70.23406209112602,-70.23406209112602
569.5900159740448,-70.23506303152739,-70.23506303152739
569.6000159740448,-70.23608219187501,-70.23608219187501
569.6100159740448,-70.2371195347536,-70.2371195347536
569.6200159740448,-70.23817502238482,-70.23817502238482
569.6300159740448,-70.23924861663406,-70.23924861663406
569.6400159740448,-70.24034027902992,-70.24034027902992
569.6500159740448,-70.24144997074484,-70.24144997074484
569.6600159740448,-70.24257765263435,-70.24257765263435
569.6700159740448,-70.24372328522352,-70.24372328522352
569.6800159740447,-70.24488682870827,-70.24488682870827
569.6900159740449,-70.2460682429899,-70.2460682429899
569.7000159740448,-70.24726748765931,-70.24726748765931
569.7100159740448,-70.24848452201059,-70.24848452201059
569.7200159740448,-70.24971930504098,-70.24971930504098
569.7300159740448,-70.25097179545722,-70.25097179545722
569.7400159740448,-70.25224195169872,-70.25224195169872
569.7500159740448,-70.25352973193422,-70.25352973193422
569.7600159740448,-70.25483509405909,-70.25483509405909
569.7700159740448,-70.2561579957085,-70.2561579957085
569.7800159740448,-70.25749839426001,-70.25749839426001
569.7900159740448,-70.25885624685085,-70.25885624685085
569.8000159740448,-70.26023151036954,-70.26023151036954
569.8100159740447,-70.26162414147039,-70.26162414147039
569.8200159740448,-70.26303409658226,-70.26303409658226
569.8300159740448,-70.26446133190127,-70.26446133190127
569.8400159740448,-70.2659058034035,-70.2659058034035
569.8500159740448,-70.26736746685026,-70.26736746685026
569.8600159740448,-70.26884627778993,-70.26884627778993
569.8700159740448,-70.2703421915822,-70.2703421915822
569.8800159740448,-70.27185516336804,-70.27185516336804
569.8900159740448,-70.27338514811157,-70.27338514811157
569.9000159740448,-70.27493210057037,-70.27493210057037
569.9100159740448,-70.27649597533005,-70.27649597533005
569.9200159740448,-70.27807672679778,-70.27807672679778
569.9300159740447,-70.27967430920515,-70.27967430920515
569.9400159740449,-70.28128867659541,-70.28128867659541
569.9500159740448,-70.28291978289137,-70.28291978289137
569.9600159740448,-70.28456146052622,-70.28456146052622
569.9700159740448,-70.28621098884071,-70.28621098884071
569.9800159740448,-70.28786702452483,-70.28786702452483
569.9900159740448,-70.28952886168457,-70.28952886168457
570.0000159740448,-70.29119614941503,-70.29119614941503
570.0100159740448,-70.2928687450407,-70.2928687450407
570.0200159740448,-70.2945466280393,-70.2945466280393
570.0300159740448,-70.2962298483269,-70.2962298483269
570.0400159740448,-70.29791849509424,-70.29791849509424
570.0500159740448,-70.29961267817222,-70.29961267817222
570.0600159740447,-70.30131251690955,-70.30131251690955
570.0700159740448,-70.30301813365374,-70.30301813365374
570.0800159740448,-70.30472965004589,-70.30472965004589
570.0900159740448,-70.30644718498837,-70.30644718498837
570.1000159740448,-70.30817085364897,-70.30817085364897
570.1100159740448,-70.3099007670847,-70.3099007670847
570.1200159740448,-70.31163703221598,-70.31163703221598
570.1300159740448,-70.31337975198947,-70.31337975198947
570.1400159740448,-70.31512902563746,-70.31512902563746
570.1500159740448,-70.31688494899251,-70.31688494899251
570.1600159740448,-70.31864761479487,-70.31864761479487
570.1700159740448,-70.32041711298122,-70.32041711298122
570.1800159740447,-70.32219353096752,-70.32219353096752
570.1900159740449,-70.32397695387185,-70.32397695387185
570.2000159740448,-70.32576746476008,-70.32576746476008
570.2100159740448,-70.3275590193829,-70.3275590193829
570.2200159740448,-70.3293490207127,-70.3293490207127
570.2300159740448,-70.33113624846003,-70.33113624846003
570.2400159740448,-70.3329201188217,-70.3329201188217
570.2500159740448,-70.33470040200484,-70.33470040200484
570.2600159740448,-70.3364770754763,-70.3364770754763
570.2700159740448,-70.33825023790183,-70.33825023790183
570.2800159740448,-70.34002005745447,-70.34002005745447
570.2900159740448,-70.3417867406971,-70.3417867406971
570.3000159740448,-70.3435505139591,-70.3435505139591
570.3100159740447,-70.34531161223914,-70.34531161223914
570.3200159740448,-70.34707027268429,-70.34707027268429
570.3300159740448,-70.34882673092103,-70.34882673092103
570.3400159740448,-70.35058121899337,-70.35058121899337
570.3500159978867,-70.3523339685635,-70.3523339685635
570.3600159978866,-70.35408519384438,-70.35408519384438
570.3700159978866,-70.3558351165966,-70.3558351165966
570.3800159978866,-70.35758394960793,-70.35758394960793
570.3900159978866,-70.35933190111126,-70.35933190111126
570.4000159978866,-70.36107917509992,-70.36107917509992
570.4100159978866,-70.36282597161005,-70.36282597161005
570.4200159978867,-70.36457248702756,-70.36457248702756
570.4300159978867,-70.36631891434948,-70.36631891434948
570.4400159978867,-70.36806544340179,-70.36806544340179
570.4500159978867,-70.36981226107936,-70.36981226107936
570.4600159978867,-70.37155955146977,-70.37155955146977
570.4700159978867,-70.37330749608911,-70.37330749608911
570.4800159978867,-70.3750562739205,-70.3750562739205
570.4900159978866,-70.37680606158305,-70.37680606158305
570.5000159978866,-70.37855703341673,-70.37855703341673
570.5100159978866,-70.38030936153241,-70.38030936153241
570.5200159978866,-70.38206321589499,-70.38206321589499
570.5300159978866,-70.38381876437184,-70.38381876437184
570.5400159978867,-70.38557617275896,-70.38557617275896
570.5500159978867,-70.38733560483628,-70.38733560483628
570.5600159978867,-70.38909722238766,-70.38909722238766
570.5700159978867,-70.39086118521234,-70.39086118521234
570.5800159978867,-70.39262765115049,-70.39262765115049
570.5900159978867,-70.39439677608856,-70.39439677608856
570.6000159978867,-70.39616871398671,-70.39616871398671
570.6100159978866,-70.39794361685435,-70.39794361685435
570.6200159978866,-70.39972163479572,-70.39972163479572
570.6300159978866,-70.40150291598638,-70.40150291598638
570.6400159978866,-70.40328760667943,-70.40328760667943
570.6500159978866,-70.40507585121856,-70.40507585121856
570.6600159978866,-70.40686779202822,-70.40686779202822
570.6700159978867,-70.40866356960483,-70.40866356960483
570.6800159978867,-70.41046332257618,-70.41046332257618
570.6900159978867,-70.41226718761625,-70.41226718761625
570.7000159978867,-70.41407529950395,-70.41407529950395
570.7100159978867,-70.41588779110275,-70.41588779110275
570.7200159978867,-70.41770479339556,-70.41770479339556
570.7300159978867,-70.41952643542763,-70.41952643542763
570.7400159978866,-70.42135284437313,-70.42135284437313
570.7500159978866,-70.42318414549,-70.42318414549
570.7600159978866,-70.42502046214666,-70.42502046214666
570.7700159978866,-70.42686191582041,-70.42686191582041
570.7800159978866,-70.42870862611456,-70.42870862611456
570.7900159978867,-70.43056071073596,-70.43056071073596
570.8000159978867,-70.43241828552847,-70.43241828552847
570.8100159978867,-70.4342814644702,-70.4342814644702
570.8200159978867,-70.43615035968004,-70.43615035968004
570.8300159978867,-70.43802508140719,-70.43802508140719
570.8400159978867,-70.4399057380868,-70.4399057380868
570.8500159978867,-70.44179243629416,-70.44179243629416
570.8600159978866,-70.4436852807863,-70.4436852807863
570.8700159978866,-70.44558437451165,-70.44558437451165
570.8800159978866,-70.44748981859553,-70.44748981859553
570.8900159978866,-70.44940171238605,-70.44940171238605
570.9000159978866,-70.45132015343295,-70.45132015343295
570.9100159978866,-70.45324523752008,-70.45324523752008
570.9200159978867,-70.4551770586584,-70.4551770586584
570.9300159978867,-70.45711570913231,-70.45711570913231
570.9400159978867,-70.4590612794604,-70.4590612794604
570.9500159978867,-70.46101385846879,-70.46101385846879
570.9600159978867,-70.46296739572621,-70.46296739572621
570.9700159978867,-70.46491929418988,-70.46491929418988
570.9800159978867,-70.4668683359286,-70.4668683359286
570.9900159978866,-70.46881394048744,-70.46881394048744
571.0000159978866,-70.47075588177975,-70.47075588177975
571.0100159978866,-70.47269414106539,-70.47269414106539
571.0200159978866,-70.47462882065705,-70.47462882065705
571.0300159978866,-70.47656009212731,-70.47656009212731
571.0400159978867,-70.47848816509418,-70.47848816509418
571.0500159978867,-70.48041326857826,-70.48041326857826
571.0600159978867,-70.48233563982758,-70.48233563982758
571.0700159978867,-70.4842555178204,-70.4842555178204
571.0800159978867,-70.48617313951928,-70.48617313951928
571.0900159978867,-70.48808873789203,-70.48808873789203
571.1000159978867,-70.49000254085728,-70.49000254085728
571.1100159978866,-70.49191477095597,-70.49191477095597
571.1200159978866,-70.49382564530148,-70.49382564530148
571.1300159978866,-70.49573537575426,-70.49573537575426
571.1400159978866,-70.49764416918619,-70.49764416918619
571.1500159978866,-70.49955222780491,-70.49955222780491
571.1600159978866,-70.50145974945994,-70.50145974945994
571.1700159978867,-70.50336692793795,-70.50336692793795
571.1800159978867,-70.50527395327056,-70.50527395327056
571.1900159978867,-70.5071810119514,-70.5071810119514
571.2000160217285,-70.5090882917201,-70.5090882917201
571.2100160217285,-70.51099596357619,-70.51099596357619
571.2200160217285,-70.51290420921683,-70.51290420921683
571.2300160217285,-70.51481320300417,-70.51481320300417
571.2400160217285,-70.51672311663799,-70.51672311663799
571.2500160217285,-70.51863411925414,-70.51863411925414
571.2600160217285,-70.52054637752722,-70.52054637752722
571.2700160217286,-70.52246005573107,-70.52246005573107
571.2800160217286,-70.52437531583941,-70.52437531583941
571.2900160217285,-70.52629231754239,-70.52629231754239
571.3000160217285,-70.52821121830378,-70.52821121830378
571.3100160217285,-70.53013217343093,-70.53013217343093
571.3200160217285,-70.5320553360742,-70.5320553360742
571.3300160217285,-70.53398085727636,-70.53398085727636
571.3400160217285,-70.5359088859889,-70.5359088859889
571.3500160217285,-70.53783956910209,-70.53783956910209
571.3600160217285,-70.5397730514625,-70.5397730514625
571.3700160217285,-70.54170947588308,-70.54170947588308
571.3800160217285,-70.54364898316891,-70.54364898316891
571.3900160217286,-70.54559171212216,-70.54559171212216
571.4000160217286,-70.54753779956816,-70.54753779956816
571.4100160217286,-70.54948738034597,-70.54948738034597
571.4200160217285,-70.5514405873371,-70.5514405873371
571.4300160217285,-70.55339755146474,-70.55339755146474
571.4400160217285,-70.5553584017108,-70.5553584017108
571.4500160217285,-70.55732326512809,-70.55732326512809
571.4600160217285,-70.55929226682926,-70.55929226682926
571.4700160217285,-70.5612655300342,-70.5612655300342
571.4800160217285,-70.56324317604184,-70.56324317604184
571.4900160217285,-70.56522532425701,-70.56522532425701
571.5000160217285,-70.56721209220015,-70.56721209220015
571.5100160217285,-70.56920359551125,-70.56920359551125
571.5200160217286,-70.57119994797698,-70.57119994797698
571.5300160217286,-70.57320126151761,-70.57320126151761
571.5400160217285,-70.57520764621408,-70.57520764621408
571.5500160217285,-70.57721921030944,-70.57721921030944
571.5600160217285,-70.57923606022149,-70.57923606022149
571.5700160217285,-70.58125830056052,-70.58125830056052
571.5800160217285,-70.58328603414395,-70.58328603414395
571.5900160217285,-70.58531936199526,-70.58531936199526
571.6000160217285,-70.587358383359,-70.587358383359
571.6100160217285,-70.58940319572696,-70.58940319572696
571.6200160217285,-70.59145389483433,-70.59145389483433
571.6300160217285,-70.59351057469242,-70.59351057469242
571.6400160217286,-70.59557332756115,-70.59557332756115
571.6500160217286,-70.59764224403004,-70.59764224403004
571.6600160217286,-70.59971741297484,-70.59971741297484
571.6700160217285,-70.60179892158128,-70.60179892158128
571.6800160217285,-70.6038868553765,-70.6038868553765
571.6900160217285,-70.60598129824099,-70.60598129824099
571.7000160217285,-70.60808233241752,-70.60808233241752
571.7100160217285,-70.61018388777428,-70.61018388777428
571.7200160217285,-70.61228335453238,-70.61228335453238
571.7300160217285,-70.61437950495227,-70.61437950495227
571.7400160217285,-70.61647175016185,-70.61647175016185
571.7500160217285,-70.61855985651583,-70.61855985651583
571.7600160217285,-70.62064379823943,-70.62064379823943
571.7700160217286,-70.62272367099392,-70.62272367099392
571.7800160217286,-70.62479963999611,-70.62479963999611
571.7900160217285,-70.62687190871965,-70.62687190871965
571.8000160217285,-70.62894070022986,-70.62894070022986
571.8100160217285,-70.63100624596682,-70.63100624596682
571.8200160217285,-70.63306877925392,-70.63306877925392
571.8300160217285,-70.63512853155673,-70.63512853155673
571.8400160217285,-70.63718573043815,-70.63718573043815
571.8500160217285,-70.63924059858404,-70.63924059858404
571.8600160217285,-70.64129335339068,-70.64129335339068
571.8700160217285,-70.64334420696872,-70.64334420696872
571.8800160217285,-70.64539336627902,-70.64539336627902
571.8900160217286,-70.64744103343592,-70.64744103343592
571.9000160217286,-70.64948740598719,-70.64948740598719
571.9100160217286,-70.6515326772399,-70.6515326772399
571.9200160217285,-70.65357703655792,-70.65357703655792
571.9300160217285,-70.65562066964446,-70.65562066964446
571.9400160217285,-70.65766375879218,-70.65766375879218
571.9500160217285,-70.65970648310106,-70.65970648310106
571.9600160217285,-70.66174901866322,-70.66174901866322
571.9700160217285,-70.66379153876363,-70.66379153876363
571.9800160217285,-70.66583421398266,-70.66583421398266
571.9900160217285,-70.66787721234054,-70.66787721234054
572.0000160217285,-70.66992069941385,-70.66992069941385
572.0100160217285,-70.67196483839663,-70.67196483839663
572.0200160217286,-70.67400979021095,-70.67400979021095
572.0300160217286,-70.67605571354386,-70.67605571354386
572.0400160217285,-70.67810276491821,-70.67810276491821
572.0500160455704,-70.68015110360784,-70.68015110360784
572.0600160455704,-70.68220087217885,-70.68220087217885
572.0700160455704,-70.68425222577316,-70.68425222577316
572.0800160455703,-70.68630531262735,-70.68630531262735
572.0900160455703,-70.68836027900025,-70.68836027900025
572.1000160455703,-70.69041726917237,-70.69041726917237
572.1100160455703,-70.69247642544768,-70.69247642544768
572.1200160455704,-70.69453788821096,-70.69453788821096
572.1300160455704,-70.69660179592056,-70.69660179592056
572.1400160455704,-70.69866828510159,-70.69866828510159
572.1500160455704,-70.70073749040031,-70.70073749040031
572.1600160455704,-70.70280954455738,-70.70280954455738
572.1700160455704,-70.70488457842633,-70.70488457842633
572.1800160455704,-70.70696272099697,-70.70696272099697
572.1900160455704,-70.70904409938736,-70.70904409938736
572.2000160455704,-70.71112883885625,-70.71112883885625
572.2100160455703,-70.71321706281935,-70.71321706281935
572.2200160455703,-70.71530889285704,-70.71530889285704
572.2300160455703,-70.7174044487091,-70.7174044487091
572.2400160455704,-70.719503848292,-70.719503848292
572.2500160455704,-70.72160720771775,-70.72160720771775
572.2600160455704,-70.7237146412801,-70.7237146412801
572.2700160455704,-70.72582626147452,-70.72582626147452
572.2800160455704,-70.72794217902413,-70.72794217902413
572.2900160455704,-70.73006250286431,-70.73006250286431
572.3000160455704,-70.73218734015411,-70.73218734015411
572.3100160455704,-70.73431679631649,-70.73431679631649
572.3200160455704,-70.73645097501068,-70.73645097501068
572.3300160455703,-70.73858997815745,-70.73858997815745
572.3400160455703,-70.7407339059561,-70.7407339059561
572.3500160455703,-70.7428828568939,-70.7428828568939
572.3600160455703,-70.74503692774557,-70.74503692774557
572.3700160455704,-70.74719621360059,-70.74719621360059
572.3800160455704,-70.74936080788567,-70.74936080788567
572.3900160455704,-70.75153080234077,-70.75153080234077
572.4000160455704,-70.75370628704069,-70.75370628704069
572.4100160455704,-70.75588735044738,-70.75588735044738
572.4200160455704,-70.75807407938169,-70.75807407938169
572.4300160455704,-70.76026655904681,-70.76026655904681
572.4400160455704,-70.76246487304968,-70.76246487304968
572.4500160455704,-70.76466910340963,-70.76466910340963
572.4600160455703,-70.7668731657841,-70.7668731657841
572.4700160455703,-70.76907444366181,-70.76907444366181
572.4800160455703,-70.77127170565643,-70.77127170565643
572.4900160455704,-70.77346436069412,-70.77346436069412
572.5000160455704,-70.77565217378856,-70.77565217378856
572.5100160455704,-70.77783511832777,-70.77783511832777
572.5200160455704,-70.78001328950607,-70.78001328950607
572.5300160455704,-70.78218685226975,-70.78218685226975
572.5400160455704,-70.78435601001387,-70.78435601001387
572.5500160455704,-70.786520985823,-70.786520985823
572.5600160455704,-70.78868201128633,-70.78868201128633
572.5700160455704,-70.79083931994973,-70.79083931994973
572.5800160455703,-70.792993143566,-70.792993143566
572.5900160455703,-70.79514371005006,-70.79514371005006
572.6000160455703,-70.79729124249606,-70.79729124249606
572.6100160455703,-70.7994359587851,-70.7994359587851
572.6200160455704,-70.80157807153908,-70.80157807153908
572.6300160455704,-70.803717788324,-70.803717788324
572.6400160455704,-70.80585531185005,-70.80585531185005
572.6500160455704,-70.80799084035527,-70.80799084035527
572.6600160455704,-70.81012456785312,-70.81012456785312
572.6700160455704,-70.81225668448222,-70.81225668448222
572.6800160455704,-70.81438737674716,-70.81438737674716
572.6900160455704,-70.8165168277971,-70.8165168277971
572.7000160455704,-70.81864521761514,-70.81864521761514
572.7100160455703,-70.82077272323737,-70.82077272323737
572.7200160455703,-70.82289951890613,-70.82289951890613
572.7300160455703,-70.82502577620502,-70.82502577620502
572.7400160455704,-70.82715166419648,-70.82715166419648
572.7500160455704,-70.8292773495408,-70.8292773495408
572.7600160455704,-70.83140299653252,-70.83140299653252
572.7700160455704,-70.83352876724803,-70.83352876724803
572.7800160455704,-70.83565482153773,-70.83565482153773
572.7900160455704,-70.83778131713329,-70.83778131713329
572.8000160455704,-70.83990840967103,-70.83990840967103
572.8100160455704,-70.842036252725,-70.842036252725
572.8200160455704,-70.8441649978623,-70.8441649978623
572.8300160455703,-70.84629479464365,-70.84629479464365
572.8400160455703,-70.848425790666,-70.848425790666
572.8500160455703,-70.85055813158687,-70.85055813158687
572.8600160455703,-70.85269196110767,-70.85269196110767
572.8700160455704,-70.85482742102789,-70.85482742102789
572.8800160455704,-70.85696465125596,-70.85696465125596
572.8900160455704,-70.85910378978669,-70.85910378978669
572.9000160694122,-70.86124497784456,-70.86124497784456
572.9100160694122,-70.86338833948784,-70.86338833948784
572.9200160694122,-70.86553401219777,-70.86553401219777
572.9300160694122,-70.8676821265007,-70.8676821265007
572.9400160694122,-70.86983281108625,-70.86983281108625
572.9500160694122,-70.87198619281185,-70.87198619281185
572.9600160694122,-70.87414239668466,-70.87414239668466
572.9700160694123,-70.87630154589958,-70.87630154589958
572.9800160694123,-70.87846376185364,-70.87846376185364
572.9900160694123,-70.88062916410216,-70.88062916410216
573.0000160694123,-70.88279787043139,-70.88279787043139
573.0100160694122,-70.88496999680486,-70.88496999680486
573.0200160694122,-70.88714565743072,-70.88714565743072
573.0300160694122,-70.88932496474338,-70.88932496474338
573.0400160694122,-70.89150802939155,-70.89150802939155
573.0500160694122,-70.8936949602854,-70.8936949602854
573.0600160694122,-70.89588586457756,-70.89588586457756
573.0700160694122,-70.89808084769274,-70.89808084769274
573.0800160694122,-70.90028001333219,-70.90028001333219
573.0900160694123,-70.9024834634674,-70.9024834634674
573.1000160694123,-70.90469129838947,-70.90469129838947
573.1100160694123,-70.90690361667434,-70.90690361667434
573.1200160694123,-70.90912051523101,-70.90912051523101
573.1300160694122,-70.91134208929354,-70.91134208929354
573.1400160694122,-70.9135684324282,-70.9135684324282
573.1500160694122,-70.915799636574,-70.915799636574
573.1600160694122,-70.91803579201391,-70.91803579201391
573.1700160694122,-70.92027698743439,-70.92027698743439
573.1800160694122,-70.92252330990021,-70.92252330990021
573.1900160694122,-70.92477484488461,-70.92477484488461
573.2000160694122,-70.92703167628127,-70.92703167628127
573.2100160694122,-70.92929388641437,-70.92929388641437
573.2200160694123,-70.93156155605386,-70.93156155605386
573.2300160694123,-70.933834764431,-70.933834764431
573.2400160694123,-70.93611358926003,-70.93611358926003
573.2500160694123,-70.93839810673009,-70.93839810673009
573.2600160694122,-70.94068839154721,-70.94068839154721
573.2700160694122,-70.94298451691913,-70.94298451691913
573.2800160694122,-70.94528655459452,-70.94528655459452
573.2900160694122,-70.94759457486524,-70.94759457486524
573.3000160694122,-70.94990864658713,-70.94990864658713
573.3100160694122,-70.95222883719619,-70.95222883719619
573.3200160694122,-70.954555212711,-70.954555212711
573.3300160694122,-70.9568878377624,-70.9568878377624
573.3400160694123,-70.95922677558977,-70.95922677558977
573.3500160694123,-70.96157208809059,-70.96157208809059
573.3600160694123,-70.96392383578853,-70.96392383578853
573.3700160694123,-70.96628207788677,-70.96628207788677
573.3800160694122,-70.96864687226102,-70.96864687226102
573.3900160694122,-70.97101827549673,-70.97101827549673
573.4000160694122,-70.97339634287144,-70.97339634287144
573.4100160694122,-70.97578112840775,-70.97578112840775
573.4200160694122,-70.97817268485238,-70.97817268485238
573.4300160694122,-70.98057106371634,-70.98057106371634
573.4400160694122,-70.98297631528358,-70.98297631528358
573.4500160694122,-70.98538848861601,-70.98538848861601
573.4600160694122,-70.98780144657424,-70.98780144657424
573.4700160694123,-70.99021253078222,-70.99021253078222
573.4800160694123,-70.99262047267086,-70.99262047267086
573.4900160694123,-70.99502464635651,-70.99502464635651
573.5000160694123,-70.9974247835367,-70.9974247835367
573.5100160694122,-70.99982082537613,-70.99982082537613
573.5200160694122,-71.00221283560744,-71.00221283560744
573.5300160694122,-71.00460094837108,-71.00460094837108
573.5400160694122,-71.00698533681644,-71.00698533681644
573.5500160694122,-71.0093661942552,-71.0093661942552
573.5600160694122,-71.0117437229706,-71.0117437229706
573.5700160694122,-71.01411812763185,-71.01411812763185
573.5800160694122,-71.01648961153815,-71.01648961153815
573.5900160694123,-71.01885837455916,-71.01885837455916
573.6000160694123,-71.02122461215923,-71.02122461215923
573.6100160694123,-71.0235885149684,-71.0235885149684
573.6200160694123,-71.02595026876162,-71.02595026876162
573.6300160694122,-71.02831005461695,-71.02831005461695
573.6400160694122,-71.03066804918934,-71.03066804918934
573.6500160694122,-71.0330244250056,-71.0330244250056
573.6600160694122,-71.03537935076262,-71.03537935076262
573.6700160694122,-71.03773299165326,-71.03773299165326
573.6800160694122,-71.04008550961196,-71.04008550961196
573.6900160694122,-71.04243706356837,-71.04243706356837
573.7000160694122,-71.04478780968732,-71.04478780968732
573.7100160694122,-71.04713790150808,-71.04713790150808
573.7200160694123,-71.04948749015645,-71.04948749015645
573.7300160694123,-71.05183672446118,-71.05183672446118
573.7400160694123,-71.05418575107521,-71.05418575107521
573.7500160932541,-71.0565347201755,-71.0565347201755
573.7600160932541,-71.05888376317583,-71.05888376317583
573.7700160932541,-71.06123302634182,-71.06123302634182
573.7800160932541,-71.06358264849979,-71.06358264849979
573.790016093254,-71.06593276667904,-71.06593276667904
573.800016093254,-71.06823075197417,-71.06823075197417
573.810016093254,-71.07046472796024,-71.07046472796024
573.8200160932541,-71.07263159546129,-71.07263159546129
573.8300160932541,-71.07472990529067,-71.07472990529067
573.8400160932541,-71.0767586534974,-71.0767586534974
573.8500160932541,-71.07871707810604,-71.07871707810604
573.8600160932541,-71.08060461477048,-71.08060461477048
573.8700160932541,-71.08242087690427,-71.08242087690427
573.8800160932541,-71.08416563943612,-71.08416563943612
573.8900160932541,-71.085838823336,-71.085838823336
573.9000160932541,-71.08744048069016,-71.08744048069016
573.9100160932541,-71.08897078047832,-71.08897078047832
573.920016093254,-71.0904299952585,-71.0904299952585
573.930016093254,-71.09181848883637,-71.09181848883637
573.9400160932541,-71.09313670505973,-71.09313670505973
573.9500160932541,-71.09438515766435,-71.09438515766435
573.9600160932541,-71.09556442120955,-71.09556442120955
573.9700160932541,-71.09667512299194,-71.09667512299194
573.9800160932541,-71.09771793591204,-71.09771793591204
573.9900160932541,-71.09869357215112,-71.09869357215112
574.0000160932541,-71.0996027775911,-71.0996027775911
574.0100160932541,-71.10044632695582,-71.10044632695582
574.0200160932541,-71.10122501948717,-71.10122501948717
574.0300160932541,-71.10193967517331,-71.10193967517331
574.040016093254,-71.10259113144076,-71.10259113144076
574.050016093254,-71.10318024020755,-71.10318024020755
574.060016093254,-71.10370786537176,-71.10370786537176
574.0700160932541,-71.1041748805049,-71.1041748805049
574.0800160932541,-71.10458216688313,-71.10458216688313
574.0900160932541,-71.10493061174796,-71.10493061174796
574.1000160932541,-71.10522110674589,-71.10522110674589
574.1100160932541,-71.10545454656189,-71.10545454656189
574.1200160932541,-71.10563182773005,-71.10563182773005
574.1300160932541,-71.10575384753218,-71.10575384753218
574.1400160932541,-71.10582150308747,-71.10582150308747
574.1500160932541,-71.10583569049237,-71.10583569049237
574.1600160932541,-71.10579730407606,-71.10579730407606
574.170016093254,-71.10570723574052,-71.10570723574052
574.180016093254,-71.10556637436773,-71.10556637436773
574.1900160932541,-71.10537560529933,-71.10537560529933
574.2000160932541,-71.10513580987535,-71.10513580987535
574.2100160932541,-71.1048478649995,-71.1048478649995
574.2200160932541,-71.10451264277395,-71.10451264277395
574.2300160932541,-71.10413101017551,-71.10413101017551
574.2400160932541,-71.10370382875189,-71.10370382875189
574.2500160932541,-71.10323195435319,-71.10323195435319
574.2600160932541,-71.10271623692583,-71.10271623692583
574.2700160932541,-71.10215752025691,-71.10215752025691
574.2800160932541,-71.10155664182439,-71.10155664182439
574.290016093254,-71.10091443261379,-71.10091443261379
574.300016093254,-71.10023171698668,-71.10023171698668
574.310016093254,-71.0995093125141,-71.0995093125141
574.3200160932541,-71.09874802990305,-71.09874802990305
574.3300160932541,-71.09794867288444,-71.09794867288444
574.3400160932541,-71.09711203810694,-71.09711203810694
574.3500160932541,-71.09623891506591,-71.09623891506591
574.3600160932541,-71.09533008604305,-71.09533008604305
574.3700160932541,-71.09438632605057,-71.09438632605057
574.3800160932541,-71.0934084027734,-71.0934084027734
574.3900160932541,-71.09239707653431,-71.09239707653431
574.4000160932541,-71.0913531002566,-71.0913531002566
574.4100160932541,-71.09027721943242,-71.09027721943242
574.420016093254,-71.08917017211321,-71.08917017211321
574.430016093254,-71.0880326888777,-71.0880326888777
574.4400160932541,-71.08686549283621,-71.08686549283621
574.4500160932541,-71.08566929962558,-71.08566929962558
574.4600160932541,-71.08444481739583,-71.08444481739583
574.4700160932541,-71.0831927468237,-71.0831927468237
574.4800160932541,-71.08191378111093,-71.08191378111093
574.4900160932541,-71.08060860599377,-71.08060860599377
574.5000160932541,-71.07927789977789,-71.07927789977789
574.5100160932541,-71.07792233332995,-71.07792233332995
574.5200160932541,-71.07654257009592,-71.07654257009592
574.5300160932541,-71.07513926614317,-71.07513926614317
574.540016093254,-71.07371307017651,-71.07371307017651
574.550016093254,-71.0722646235596,-71.0722646235596
574.560016093254,-71.07079456034838,-71.07079456034838
574.5700160932541,-71.06930350731677,-71.06930350731677
574.5800160932541,-71.06779208400793,-71.06779208400793
574.5900160932541,-71.06626090274582,-71.06626090274582
574.600016117096,-71.06471056497475,-71.06471056497475
574.6100161170959,-71.0631416760374,-71.0631416760374
574.6200161170959,-71.06155482324442,-71.06155482324442
574.6300161170959,-71.05995059042765,-71.05995059042765
574.6400161170959,-71.05832955443499,-71.05832955443499
574.6500161170959,-71.05669228513189,-71.05669228513189
574.6600161170959,-71.05503934545658,-71.05503934545658
574.670016117096,-71.05337129145981,-71.05337129145981
574.680016117096,-71.05168867236662,-71.05168867236662
574.690016117096,-71.04999203059077,-71.04999203059077
574.700016117096,-71.04828190180895,-71.04828190180895
574.710016117096,-71.04655881500693,-71.04655881500693
574.720016117096,-71.0448232925048,-71.0448232925048
574.7300161170959,-71.04307585004145,-71.04307585004145
574.7400161170959,-71.04131699679202,-71.04131699679202
574.7500161170959,-71.03954723543652,-71.03954723543652
574.7600161170959,-71.03776706220091,-71.03776706220091
574.7700161170959,-71.03597696691975,-71.03597696691975
574.7800161170959,-71.03417743306672,-71.03417743306672
574.790016117096,-71.03236893783335,-71.03236893783335
574.800016117096,-71.0305519521723,-71.0305519521723
574.810016117096,-71.02872694082414,-71.02872694082414
574.820016117096,-71.02689436241316,-71.02689436241316
574.830016117096,-71.02505466946948,-71.02505466946948
574.840016117096,-71.02320830848369,-71.02320830848369
574.850016117096,-71.02135571997765,-71.02135571997765
574.8600161170959,-71.01949733853489,-71.01949733853489
574.8700161170959,-71.01763359287689,-71.01763359287689
574.8800161170959,-71.01576490589997,-71.01576490589997
574.8900161170959,-71.01389169473502,-71.01389169473502
574.9000161170959,-71.0120143707963,-71.0120143707963
574.9100161170959,-71.01013333984208,-71.01013333984208
574.920016117096,-71.00824900201914,-71.00824900201914
574.930016117096,-71.0063617519373,-71.0063617519373
574.940016117096,-71.00447197867955,-71.00447197867955
574.950016117096,-71.00258006589807,-71.00258006589807
574.960016117096,-71.0006802061743,-71.0006802061743
574.970016117096,-70.99877006787993,-70.99877006787993
574.9800161170959,-70.99684870670247,-70.99684870670247
574.9900161170959,-70.99491581844244,-70.99491581844244
575.0000161170959,-70.99297145360886,-70.99297145360886
575.0100161170959,-70.99101586900278,-70.99101586900278
575.0200161170959,-70.98904944058584,-70.98904944058584
575.0300161170959,-70.9870726110883,-70.9870726110883
575.040016117096,-70.98508585846439,-70.98508585846439
575.050016117096,-70.98308967701995,-70.98308967701995
575.060016117096,-70.98108456607754,-70.98108456607754
575.070016117096,-70.97907102343426,-70.97907102343426
575.080016117096,-70.97704954156599,-70.97704954156599
575.090016117096,-70.97502060560537,-70.97502060560537
575.100016117096,-70.97298469237117,-70.97298469237117
575.1100161170959,-70.97094226998915,-70.97094226998915
575.1200161170959,-70.96889379788838,-70.96889379788838
575.1300161170959,-70.96683972702876,-70.96683972702876
575.1400161170959,-70.964780500198,-70.964780500198
575.1500161170959,-70.96271655233843,-70.96271655233843
575.1600161170959,-70.9606483109321,-70.9606483109321
575.170016117096,-70.95857619630364,-70.95857619630364
575.180016117096,-70.95650062198386,-70.95650062198386
575.190016117096,-70.9544219949426,-70.9544219949426
575.200016117096,-70.95234071589374,-70.95234071589374
575.210016117096,-70.95025717951081,-70.95025717951081
575.220016117096,-70.9481717746131,-70.9481717746131
575.2300161170959,-70.94608488437902,-70.94608488437902
575.2400161170959,-70.94399688647809,-70.94399688647809
575.2500161170959,-70.941908153227,-70.941908153227
575.2600161170959,-70.93981905169713,-70.93981905169713
575.2700161170959,-70.9377299438406,-70.9377299438406
575.2800161170959,-70.93564118658315,-70.93564118658315
575.290016117096,-70.93355313191333,-70.93355313191333
575.300016117096,-70.9314661269579,-70.9314661269579
575.310016117096,-70.92938051403912,-70.92938051403912
575.320016117096,-70.92729663076753,-70.92729663076753
575.330016117096,-70.92521481008247,-70.92521481008247
575.340016117096,-70.92313538029973,-70.92313538029973
575.350016117096,-70.9210586651795,-70.9210586651795
575.3600161170959,-70.91898498397296,-70.91898498397296
575.3700161170959,-70.9169146514538,-70.9169146514538
575.3800161170959,-70.91484797795893,-70.91484797795893
575.3900161170959,-70.91278526945953,-70.91278526945953
575.4000161170959,-70.91072682756584,-70.91072682756584
575.4100161170959,-70.90867294957123,-70.90867294957123
575.420016117096,-70.90662392849687,-70.90662392849687
575.430016117096,-70.90458005313727,-70.90458005313727
575.440016117096,-70.90254160807278,-70.90254160807278
575.4500161409378,-70.90050886887808,-70.90050886887808
575.4600161409378,-70.89847594462334,-70.89847594462334
575.4700161409378,-70.89644040207651,-70.89644040207651
575.4800161409378,-70.8944011995379,-70.8944011995379
575.4900161409378,-70.89235793585911,-70.89235793585911
575.5000161409378,-70.89031056538484,-70.89031056538484
575.5100161409378,-70.88825924967514,-70.88825924967514
575.5200161409379,-70.8862042704626,-70.8862042704626
575.5300161409378,-70.8841459773038,-70.8841459773038
575.5400161409378,-70.88208475602143,-70.88208475602143
575.5500161409378,-70.88002100980873,-70.88002100980873
575.5600161409378,-70.87795514792246,-70.87795514792246
575.5700161409378,-70.87588757910589,-70.87588757910589
575.5800161409378,-70.87381870778539,-70.87381870778539
575.5900161409378,-70.87174893201505,-70.87174893201505
575.6000161409378,-70.86967864252505,-70.86967864252505
575.6100161409378,-70.86760822229606,-70.86760822229606
575.6200161409378,-70.865538046569,-70.865538046569
575.6300161409378,-70.86346848303367,-70.86346848303367
575.6400161409379,-70.86139989212872,-70.86139989212872
575.6500161409379,-70.85933262736832,-70.85933262736832
575.6600161409378,-70.85726703565531,-70.85726703565531
575.6700161409378,-70.85520345766562,-70.85520345766562
575.6800161409378,-70.85314222811094,-70.85314222811094
575.6900161409378,-70.85108367601636,-70.85108367601636
575.7000161409378,-70.8490281249958,-70.8490281249958
575.7100161409378,-70.84697589344336,-70.84697589344336
575.7200161409378,-70.8449272947437,-70.8449272947437
575.7300161409378,-70.84288263742815,-70.84288263742815
575.7400161409378,-70.84084222533187,-70.84084222533187
575.7500161409378,-70.83880635773119,-70.83880635773119
575.7600161409378,-70.83677532943776,-70.83677532943776
575.7700161409379,-70.8347494309104,-70.8347494309104
575.7800161409378,-70.83272894834936,-70.83272894834936
575.7900161409378,-70.83071416376457,-70.83071416376457
575.8000161409378,-70.82870535504102,-70.82870535504102
575.8100161409378,-70.82670279601128,-70.82670279601128
575.8200161409378,-70.82470675651506,-70.82470675651506
575.8300161409378,-70.82271750242734,-70.82271750242734
575.8400161409378,-70.8207352957208,-70.8207352957208
575.8500161409378,-70.81876039450889,-70.81876039450889
575.8600161409378,-70.81679305308899,-70.81679305308899
575.8700161409378,-70.81483352195488,-70.81483352195488
575.8800161409378,-70.81288204787009,-70.81288204787009
575.8900161409379,-70.81093887385471,-70.81093887385471
575.9000161409379,-70.80900423926414,-70.80900423926414
575.9100161409378,-70.80707837978579,-70.80707837978579
575.9200161409378,-70.80516152747822,-70.80516152747822
575.9300161409378,-70.80325391081037,-70.80325391081037
575.9400161409378,-70.80135575467264,-70.80135575467264
575.9500161409378,-70.7994672804169,-70.7994672804169
575.9600161409378,-70.79758870588378,-70.79758870588378
575.9700161409378,-70.79572024542017,-70.79572024542017
575.9800161409378,-70.7938621099206,-70.7938621099206
575.9900161409378,-70.79200321763541,-70.79200321763541
576.0000161409378,-70.7901312283028,-70.7901312283028
576.0100161409378,-70.78823642515391,-70.78823642515391
576.0200161409379,-70.7863118368512,-70.7863118368512
576.0300161409378,-70.78435252569487,-70.78435252569487
576.0400161409378,-70.78235493931055,-70.78235493931055
576.0500161409378,-70.78031646091291,-70.78031646091291
576.0600161409378,-70.77823511900068,-70.77823511900068
576.0700161409378,-70.77610940248931,-70.77610940248931
576.0800161409378,-70.77393814168158,-70.77393814168158
576.0900161409378,-70.77172042994422,-70.77172042994422
576.1000161409378,-70.76945557048815,-70.76945557048815
576.1100161409378,-70.76714303898216,-70.76714303898216
576.1200161409378,-70.76478245620201,-70.76478245620201
576.1300161409378,-70.7623735673155,-70.7623735673155
576.1400161409379,-70.75991622558396,-70.75991622558396
576.1500161409379,-70.7574103791471,-70.7574103791471
576.1600161409378,-70.75485606003693,-70.75485606003693
576.1700161409378,-70.75225337483883,-70.75225337483883
576.1800161409378,-70.74960249665058,-70.74960249665058
576.1900161409378,-70.74690365806784,-70.74690365806784
576.2000161409378,-70.74415714502044,-70.74415714502044
576.2100161409378,-70.74136329128778,-70.74136329128778
576.2200161409378,-70.73852247365924,-70.73852247365924
576.2300161409378,-70.73563510758275,-70.73563510758275
576.2400161409378,-70.73270164330997,-70.73270164330997
576.2500161409378,-70.7297225623807,-70.7297225623807
576.2600161409378,-70.7266983745081,-70.7266983745081
576.2700161409379,-70.72362961475767,-70.72362961475767
576.2800161409378,-70.72051684100677,-70.72051684100677
576.2900161409378,-70.71736063160651,-70.71736063160651
576.3000161647797,-70.71416157571389,-70.71416157571389
576.3100161647797,-70.71092030172524,-70.71092030172524
576.3200161647796,-70.70763743016296,-70.70763743016296
576.3300161647796,-70.70431360227931,-70.70431360227931
576.3400161647796,-70.70094947107769,-70.70094947107769
576.3500161647796,-70.69754569998729,-70.69754569998729
576.3600161647796,-70.69410296165815,-70.69410296165815
576.3700161647797,-70.69062193685122,-70.69062193685122
576.3800161647797,-70.68710331340657,-70.68710331340657
576.3900161647797,-70.68354778528898,-70.68354778528898
576.4000161647797,-70.67995605171822,-70.67995605171822
576.4100161647797,-70.67632881636082,-70.67632881636082
576.4200161647797,-70.67266678656918,-70.67266678656918
576.4300161647797,-70.66897067268687,-70.66897067268687
576.4400161647796,-70.6652411873975,-70.6652411873975
576.4500161647796,-70.66147904511186,-70.66147904511186
576.4600161647796,-70.65768496143524,-70.65768496143524
576.4700161647796,-70.6538596526036,-70.6538596526036
576.4800161647796,-70.65000383500455,-70.65000383500455
576.4900161647797,-70.64611822472632,-70.64611822472632
576.5000161647797,-70.64220353714062,-70.64220353714062
576.5100161647797,-70.63826048646162,-70.63826048646162
576.5200161647797,-70.63428978540878,-70.63428978540878
576.5300161647797,-70.63029214484602,-70.63029214484602
576.5400161647797,-70.62626827345193,-70.62626827345193
576.5500161647797,-70.62221887741492,-70.62221887741492
576.5600161647797,-70.61814466012905,-70.61814466012905
576.5700161647796,-70.61404632196349,-70.61404632196349
576.5800161647796,-70.60992455996681,-70.60992455996681
576.5900161647796,-70.60578006766328,-70.60578006766328
576.6000161647796,-70.6016135348128,-70.6016135348128
576.6100161647796,-70.59742564722912,-70.59742564722912
576.6200161647797,-70.59321708655354,-70.59321708655354
576.6300161647797,-70.5889885301179,-70.5889885301179
576.6400161647797,-70.58474065074702,-70.58474065074702
576.6500161647797,-70.58047411660243,-70.58047411660243
576.6600161647797,-70.5761895910562,-70.5761895910562
576.6700161647797,-70.57188773255051,-70.57188773255051
576.6800161647797,-70.56756919446754,-70.56756919446754
576.6900161647796,-70.563234625013,-70.563234625013
576.7000161647796,-70.5588846671184,-70.5588846671184
576.7100161647796,-70.55451995834028,-70.55451995834028
576.7200161647796,-70.55014113075828,-70.55014113075828
576.7300161647796,-70.54574881091412,-70.54574881091412
576.7400161647797,-70.54134361971423,-70.54134361971423
576.7500161647797,-70.53692617237618,-70.53692617237618
576.7600161647797,-70.53249707835135,-70.53249707835135
576.7700161647797,-70.52805694128386,-70.52805694128386
576.7800161647797,-70.52360635894598,-70.52360635894598
576.7900161647797,-70.51914592320196,-70.51914592320196
576.8000161647797,-70.51467621995226,-70.51467621995226
576.8100161647797,-70.5101978291302,-70.5101978291302
576.8200161647796,-70.50571132463698,-70.50571132463698
576.8300161647796,-70.50121727432791,-70.50121727432791
576.8400161647796,-70.49671624000484,-70.49671624000484
576.8500161647796,-70.4922087773804,-70.4922087773804
576.8600161647796,-70.48769543605601,-70.48769543605601
576.8700161647797,-70.48317675952798,-70.48317675952798
576.8800161647797,-70.47865328519599,-70.47865328519599
576.8900161647797,-70.47412554431997,-70.47412554431997
576.9000161647797,-70.46959406203916,-70.46959406203916
576.9100161647797,-70.4650593573867,-70.4650593573867
576.9200161647797,-70.46052194326936,-70.46052194326936
576.9300161647797,-70.45598232648977,-70.45598232648977
576.9400161647796,-70.45144100776099,-70.45144100776099
576.9500161647796,-70.44689848170279,-70.44689848170279
576.9600161647796,-70.44235523688428,-70.44235523688428
576.9700161647796,-70.43781175579927,-70.43781175579927
576.9800161647796,-70.43326851492432,-70.43326851492432
576.9900161647797,-70.42872598471736,-70.42872598471736
577.0000161647797,-70.42418462965546,-70.42418462965546
577.0100161647797,-70.41964490824371,-70.41964490824371
577.0200161647797,-70.41510727305007,-70.41510727305007
577.0300161647797,-70.41057217073009,-70.41057217073009
577.0400161647797,-70.40604004205387,-70.40604004205387
577.0500161647797,-70.40151132194494,-70.40151132194494
577.0600161647797,-70.39698643950737,-70.39698643950737
577.0700161647796,-70.39246581805085,-70.39246581805085
577.0800161647796,-70.38794987513992,-70.38794987513992
577.0900161647796,-70.38343902261212,-70.38343902261212
577.1000161647796,-70.37893366662782,-70.37893366662782
577.1100161647796,-70.37443420769718,-70.37443420769718
577.1200161647797,-70.36994104071476,-70.36994104071476
577.1300161647797,-70.36545455503807,-70.36545455503807
577.1400161647797,-70.36097513445453,-70.36097513445453
577.1500161886215,-70.35650314663441,-70.35650314663441
577.1600161886215,-70.3520389857701,-70.3520389857701
577.1700161886215,-70.34758300862484,-70.34758300862484
577.1800161886215,-70.34313557729409,-70.34313557729409
577.1900161886215,-70.33869704854176,-70.33869704854176
577.2000161886215,-70.33426777385405,-70.33426777385405
577.2100161886215,-70.32984809947867,-70.32984809947867
577.2200161886216,-70.32543836644847,-70.32543836644847
577.2300161886216,-70.32103891067537,-70.32103891067537
577.2400161886216,-70.3166500629449,-70.3166500629449
577.2500161886215,-70.31227214898396,-70.31227214898396
577.2600161886215,-70.30790548949639,-70.30790548949639
577.2700161886215,-70.30355040023139,-70.30355040023139
577.2800161886215,-70.29920719197858,-70.29920719197858
577.2900161886215,-70.29487617067653,-70.29487617067653
577.3000161886215,-70.29055763741596,-70.29055763741596
577.3100161886215,-70.28625188848702,-70.28625188848702
577.3200161886215,-70.28195921544174,-70.28195921544174
577.3300161886215,-70.27767990512774,-70.27767990512774
577.3400161886216,-70.27341423974325,-70.27341423974325
577.3500161886216,-70.26916249687521,-70.26916249687521
577.3600161886216,-70.26492494954493,-70.26492494954493
577.3700161886215,-70.26070186625329,-70.26070186625329
577.3800161886215,-70.25649351103347,-70.25649351103347
577.3900161886215,-70.25230014348952,-70.25230014348952
577.4000161886215,-70.24812201883097,-70.24812201883097
577.4100161886215,-70.24395938795752,-70.24395938795752
577.4200161886215,-70.23981249745775,-70.23981249745775
577.4300161886215,-70.23568158967635,-70.23568158967635
577.4400161886215,-70.23156690276133,-70.23156690276133
577.4500161886215,-70.22746867069992,-70.22746867069992
577.4600161886215,-70.22338712337489,-70.22338712337489
577.4700161886216,-70.21932248658221,-70.21932248658221
577.4800161886216,-70.21527498212096,-70.21527498212096
577.4900161886216,-70.21124482778794,-70.21124482778794
577.5000161886215,-70.20723223745716,-70.20723223745716
577.5100161886215,-70.20323742110403,-70.20323742110403
577.5200161886215,-70.19926058485328,-70.19926058485328
577.5300161886215,-70.19530193103266,-70.19530193103266
577.5400161886215,-70.19136165820015,-70.19136165820015
577.5500161886215,-70.18743996118836,-70.18743996118836
577.5600161886215,-70.18353703116088,-70.18353703116088
577.5700161886215,-70.17965305564552,-70.17965305564552
577.5800161886215,-70.17578821856858,-70.17578821856858
577.5900161886216,-70.1719427002987,-70.1719427002987
577.6000161886216,-70.16811667771542,-70.16811667771542
577.6100161886216,-70.16431032420259,-70.16431032420259
577.6200161886215,-70.1605238097306,-70.1605238097306
577.6300161886215,-70.15675730086649,-70.15675730086649
577.6400161886215,-70.15301096083734,-70.15301096083734
577.6500161886215,-70.14928494955774,-70.14928494955774
577.6600161886215,-70.14557942367027,-70.14557942367027
577.6700161886215,-70.14189453659398,-70.14189453659398
577.6800161886215,-70.13823043854583,-70.13823043854583
577.6900161886215,-70.13458727659136,-70.13458727659136
577.7000161886215,-70.13096519467553,-70.13096519467553
577.7100161886215,-70.12736433367579,-70.12736433367579
577.7200161886216,-70.12378483141615,-70.12378483141615
577.7300161886216,-70.12022682273559,-70.12022682273559
577.7400161886216,-70.11669043949209,-70.11669043949209
577.7500161886215,-70.11317581060813,-70.11317581060813
577.7600161886215,-70.1096830621252,-70.1096830621252
577.7700161886215,-70.10621231723003,-70.10621231723003
577.7800161886215,-70.10276369627574,-70.10276369627574
577.7900161886215,-70.09933731683643,-70.09933731683643
577.8000161886215,-70.09593329372859,-70.09593329372859
577.8100161886215,-70.09255173905282,-70.09255173905282
577.8200161886215,-70.0891927622312,-70.0891927622312
577.8300161886215,-70.08585647003044,-70.08585647003044
577.8400161886216,-70.0825429666098,-70.0825429666098
577.8500161886216,-70.07925235354026,-70.07925235354026
577.8600161886216,-70.07598472984436,-70.07598472984436
577.8700161886215,-70.07274019202985,-70.07274019202985
577.8800161886215,-70.06951883411963,-70.06951883411963
577.8900161886215,-70.06632074767828,-70.06632074767828
577.9000161886215,-70.06314602186418,-70.06314602186418
577.9100161886215,-70.0599947434322,-70.0599947434322
577.9200161886215,-70.05686699678729,-70.05686699678729
577.9300161886215,-70.0537628640056,-70.0537628640056
577.9400161886215,-70.05068242486801,-70.05068242486801
577.9500161886215,-70.04762575687963,-70.04762575687963
577.9600161886215,-70.04459293532318,-70.04459293532318
577.9700161886216,-70.04158403326029,-70.04158403326029
577.9800161886216,-70.03859912158475,-70.03859912158475
577.9900161886216,-70.03563826902712,-70.03563826902712
578.0000162124634,-70.03270153522402,-70.03270153522402
578.0100162124634,-70.0297889987503,-70.0297889987503
578.0200162124634,-70.02690071498955,-70.02690071498955
578.0300162124634,-70.02403674437487,-70.02403674437487
578.0400162124633,-70.02119714531983,-70.02119714531983
578.0500162124633,-70.018381974263,-70.018381974263
578.0600162124633,-70.01559128567146,-70.01559128567146
578.0700162124634,-70.0128251320894,-70.0128251320894
578.0800162124634,-70.01008356416496,-70.01008356416496
578.0900162124634,-70.00736663065817,-70.00736663065817
578.1000162124634,-70.0046743784759,-70.0046743784759
578.1100162124634,-70.00200685270984,-70.00200685270984
578.1200162124634,-69.99936409663984,-69.99936409663984
578.1300162124634,-69.99674615176866,-69.99674615176866
578.1400162124634,-69.99415305785094,-69.99415305785094
578.1500162124634,-69.99158485291267,-69.99158485291267
578.1600162124633,-69.98904157327519,-69.98904157327519
578.1700162124633,-69.98652325357845,-69.98652325357845
578.1800162124633,-69.98402992679239,-69.98402992679239
578.1900162124634,-69.98156162426812,-69.98156162426812
578.2000162124634,-69.97911837575398,-69.97911837575398
578.2100162124634,-69.97670020938229,-69.97670020938229
578.2200162124634,-69.97430715174087,-69.97430715174087
578.2300162124634,-69.97193922786384,-69.97193922786384
578.2400162124634,-69.96959646125619,-69.96959646125619
578.2500162124634,-69.96727887392872,-69.96727887392872
578.2600162124634,-69.96498648641543,-69.96498648641543
578.2700162124634,-69.9627193177844,-69.9627193177844
578.2800162124634,-69.9604773856701,-69.9604773856701
578.2900162124633,-69.95826070628947,-69.95826070628947
578.3000162124633,-69.95606929445412,-69.95606929445412
578.3100162124633,-69.95390316360485,-69.95390316360485
578.3200162124634,-69.95176232582213,-69.95176232582213
578.3300162124634,-69.94964679186047,-69.94964679186047
578.3400162124634,-69.94755657112964,-69.94755657112964
578.3500162124634,-69.94549167176208,-69.94549167176208
578.3600162124634,-69.94345210060177,-69.94345210060177
578.3700162124634,-69.9414378632355,-69.9414378632355
578.3800162124634,-69.9394489639949,-69.9394489639949
578.3900162124634,-69.93748540600181,-69.93748540600181
578.4000162124634,-69.93554719115532,-69.93554719115532
578.4100162124633,-69.93363432017934,-69.93363432017934
578.4200162124633,-69.93174679261553,-69.93174679261553
578.4300162124633,-69.92988460685714,-69.92988460685714
578.4400162124634,-69.92804776014565,-69.92804776014565
578.4500162124634,-69.92623624863292,-69.92623624863292
578.4600162124634,-69.92445006733189,-69.92445006733189
578.4700162124634,-69.92268921019597,-69.92268921019597
578.4800162124634,-69.92095367008372,-69.92095367008372
578.4900162124634,-69.91924343882445,-69.91924343882445
578.5000162124634,-69.91755850718808,-69.91755850718808
578.5100162124634,-69.9158988649255,-69.9158988649255
578.5200162124634,-69.91426450078286,-69.91426450078286
578.5300162124634,-69.91265540252017,-69.91265540252017
578.5400162124633,-69.9110715569106,-69.9110715569106
578.5500162124633,-69.9095129497706,-69.9095129497706
578.5600162124633,-69.90797956597434,-69.90797956597434
578.5700162124634,-69.9064713894473,-69.9064713894473
578.5800162124634,-69.9049884032144,-69.9049884032144
578.5900162124634,-69.90353058938896,-69.90353058938896
578.6000162124634,-69.9020979291981,-69.9020979291981
578.6100162124634,-69.90069040299075,-69.90069040299075
578.6200162124634,-69.89930799024411,-69.89930799024411
578.6300162124634,-69.89795066960102,-69.89795066960102
578.6400162124634,-69.89661841886259,-69.89661841886259
578.6500162124634,-69.89531121500549,-69.89531121500549
578.6600162124633,-69.89402903420972,-69.89402903420972
578.6700162124633,-69.8927718518463,-69.8927718518463
578.6800162124633,-69.89153964251325,-69.89153964251325
578.6900162124634,-69.89033238002385,-69.89033238002385
578.7000162124634,-69.88915003745288,-69.88915003745288
578.7100162124634,-69.88799258710765,-69.88799258710765
578.7200162124634,-69.88686000058394,-69.88686000058394
578.7300162124634,-69.88575224873148,-69.88575224873148
578.7400162124634,-69.88466930171285,-69.88466930171285
578.7500162124634,-69.88361112897846,-69.88361112897846
578.7600162124634,-69.88257769929365,-69.88257769929365
578.7700162124634,-69.88156898075106,-69.88156898075106
578.7800162124634,-69.88058494078517,-69.88058494078517
578.7900162124633,-69.87962554616036,-69.87962554616036
578.8000162124633,-69.87869076301843,-69.87869076301843
578.8100162124633,-69.87778055685733,-69.87778055685733
578.8200162124634,-69.87689489255398,-69.87689489255398
578.8300162124634,-69.87603373438428,-69.87603373438428
578.8400162124634,-69.87519704601604,-69.87519704601604
578.8500162363052,-69.8743847886031,-69.8743847886031
578.8600162363052,-69.87359692857835,-69.87359692857835
578.8700162363052,-69.87283342586792,-69.87283342586792
578.8800162363052,-69.87209424184383,-69.87209424184383
578.8900162363052,-69.87137933733555,-69.87137933733555
578.9000162363052,-69.8706886726176,-69.8706886726176
578.9100162363052,-69.87002220746014,-69.87002220746014
578.9200162363053,-69.86937990108234,-69.86937990108234
578.9300162363053,-69.86876171222197,-69.86876171222197
578.9400162363053,-69.86816759908072,-69.86816759908072
578.9500162363053,-69.86759751938803,-69.86759751938803
578.9600162363053,-69.86705143038482,-69.86705143038482
578.9700162363052,-69.86652928883738,-69.86652928883738
578.9800162363052,-69.86603105103303,-69.86603105103303
578.9900162363052,-69.86555667281849,-69.86555667281849
579.0000162363052,-69.8651061095797,-69.8651061095797
579.0100162363052,-69.86467931626127,-69.86467931626127
579.0200162363052,-69.8642762473805,-69.8642762473805
579.0300162363052,-69.8638968570248,-69.8638968570248
579.0400162363053,-69.86354109885461,-69.86354109885461
579.0500162363053,-69.86320892614073,-69.86320892614073
579.0600162363053,-69.8629002917376,-69.8629002917376
579.0700162363053,-69.86261514811727,-69.86261514811727
579.0800162363053,-69.86235344735442,-69.86235344735442
579.0900162363052,-69.86211514114461,-69.86211514114461
579.1000162363052,-69.86190018082137,-69.86190018082137
579.1100162363052,-69.86170851735328,-69.86170851735328
579.1200162363052,-69.86154010134669,-69.86154010134669
579.1300162363052,-69.86139488306237,-69.86139488306237
579.1400162363052,-69.86127281241896,-69.86127281241896
579.1500162363052,-69.86117383899585,-69.86117383899585
579.1600162363052,-69.86109791204997,-69.86109791204997
579.1700162363053,-69.86104498050013,-69.86104498050013
579.1800162363053,-69.8610149929782,-69.8610149929782
579.1900162363053,-69.8610078977925,-69.8610078977925
579.2000162363053,-69.86102364294001,-69.86102364294001
579.2100162363053,-69.86105608898524,-69.86105608898524
579.2200162363052,-69.86110252076632,-69.86110252076632
579.2300162363052,-69.86116159221608,-69.86116159221608
579.2400162363052,-69.86123259106444,-69.86123259106444
579.2500162363052,-69.86131515812698,-69.86131515812698
579.2600162363052,-69.8614091414722,-69.8614091414722
579.2700162363052,-69.86151451085833,-69.86151451085833
579.2800162363052,-69.86163130631499,-69.86163130631499
579.2900162363053,-69.86175960715629,-69.86175960715629
579.3000162363053,-69.86189951345585,-69.86189951345585
579.3100162363053,-69.86205113492053,-69.86205113492053
579.3200162363053,-69.86221458440941,-69.86221458440941
579.3300162363053,-69.86238997422186,-69.86238997422186
579.3400162363052,-69.86257741403443,-69.86257741403443
579.3500162363052,-69.86277700992105,-69.86277700992105
579.3600162363052,-69.86298886393324,-69.86298886393324
579.3700162363052,-69.86321307406686,-69.86321307406686
579.3800162363052,-69.86344973440089,-69.86344973440089
579.3900162363052,-69.86369893535225,-69.86369893535225
579.4000162363052,-69.86396076397199,-69.86396076397199
579.4100162363052,-69.8642353042235,-69.8642353042235
579.4200162363053,-69.86452263727661,-69.86452263727661
579.4300162363053,-69.86482284179681,-69.86482284179681
579.4400162363053,-69.8651359941221,-69.8651359941221
579.4500162363053,-69.86546216852524,-69.86546216852524
579.4600162363053,-69.86580143735834,-69.86580143735834
579.4700162363052,-69.86615387122875,-69.86615387122875
579.4800162363052,-69.86651953911259,-69.86651953911259
579.4900162363052,-69.86689850848686,-69.86689850848686
579.5000162363052,-69.86729084539989,-69.86729084539989
579.5100162363052,-69.86769661457245,-69.86769661457245
579.5200162363052,-69.86811587943589,-69.86811587943589
579.5300162363052,-69.86854870221258,-69.86854870221258
579.5400162363053,-69.8689951439358,-69.8689951439358
579.5500162363053,-69.86945526451089,-69.86945526451089
579.5600162363053,-69.86992912271272,-69.86992912271272
579.5700162363053,-69.8704167762458,-69.8704167762458
579.5800162363053,-69.87091828172014,-69.87091828172014
579.5900162363052,-69.87143369470466,-69.87143369470466
579.6000162363052,-69.87196306970222,-69.87196306970222
579.6100162363052,-69.87250646018681,-69.87250646018681
579.6200162363052,-69.87306391859671,-69.87306391859671
579.6300162363052,-69.87363549633123,-69.87363549633123
579.6400162363052,-69.87422124376076,-69.87422124376076
579.6500162363052,-69.87482121023285,-69.87482121023285
579.6600162363052,-69.87543544406455,-69.87543544406455
579.6700162363053,-69.87606399253089,-69.87606399253089
579.6800162363053,-69.87670690190359,-69.87670690190359
579.6900162363053,-69.87736421739355,-69.87736421739355
579.7000162601471,-69.87803598479609,-69.87803598479609
579.7100162601471,-69.8787222441173,-69.8787222441173
579.7200162601471,-69.8794230390273,-69.8794230390273
579.7300162601471,-69.8801384106119,-69.8801384106119
579.7400162601471,-69.88086839893276,-69.88086839893276
579.750016260147,-69.88161304299396,-69.88161304299396
579.760016260147,-69.88237238077126,-69.88237238077126
579.7700162601471,-69.8831464491857,-69.8831464491857
579.7800162601471,-69.883935284151,-69.883935284151
579.7900162601471,-69.8847389205158,-69.8847389205158
579.8000162601471,-69.88555739210301,-69.88555739210301
579.8100162601471,-69.8863907316872,-69.8863907316872
579.8200162601471,-69.88723897102471,-69.88723897102471
579.8300162601471,-69.88810214083964,-69.88810214083964
579.8400162601471,-69.8889802708102,-69.8889802708102
579.8500162601471,-69.88987338959458,-69.88987338959458
579.8600162601471,-69.89078152484484,-69.89078152484484
579.870016260147,-69.89170470316598,-69.89170470316598
579.880016260147,-69.8926429501569,-69.8926429501569
579.8900162601471,-69.89359629041635,-69.89359629041635
579.9000162601471,-69.89456474752775,-69.89456474752775
579.9100162601471,-69.89554834406239,-69.89554834406239
579.9200162601471,-69.89654710160872,-69.89654710160872
579.9300162601471,-69.89756104074706,-69.89756104074706
579.9400162601471,-69.89859018109969,-69.89859018109969
579.9500162601471,-69.89963454128632,-69.89963454128632
579.9600162601471,-69.90069413896326,-69.90069413896326
579.9700162601471,-69.90176899081486,-69.90176899081486
579.9800162601471,-69.90285911256994,-69.90285911256994
579.9900162601471,-69.90396451900493,-69.90396451900493
580.000016260147,-69.9050852239546,-69.9050852239546
580.010016260147,-69.90622124031273,-69.90622124031273
580.0200162601471,-69.90737258003817,-69.90737258003817
580.0300162601471,-69.90853925418408,-69.90853925418408
580.0400162601471,-69.90972127287328,-69.90972127287328
580.0500162601471,-69.91091864534243,-69.91091864534243
580.0600162601471,-69.91213137991772,-69.91213137991772
580.0700162601471,-69.9133594840335,-69.9133594840335
580.0800162601471,-69.91460296426192,-69.91460296426192
580.0900162601471,-69.91586182629227,-69.91586182629227
580.1000162601471,-69.91713607496071,-69.91713607496071
580.1100162601471,-69.91842571423781,-69.91842571423781
580.120016260147,-69.91973074726076,-69.91973074726076
580.130016260147,-69.92105117633989,-69.92105117633989
580.1400162601471,-69.92238700294848,-69.92238700294848
580.1500162601471,-69.92373822775346,-69.92373822775346
580.1600162601471,-69.92510485060889,-69.92510485060889
580.1700162601471,-69.92648687057647,-69.92648687057647
580.1800162601471,-69.92788428592856,-69.92788428592856
580.1900162601471,-69.92929709415935,-69.92929709415935
580.2000162601471,-69.93072529200535,-69.93072529200535
580.2100162601471,-69.9321688754393,-69.9321688754393
580.2200162601471,-69.93362783967292,-69.93362783967292
580.2300162601471,-69.93510217919784,-69.93510217919784
580.2400162601471,-69.9365918877652,-69.9365918877652
580.250016260147,-69.93809695841168,-69.93809695841168
580.260016260147,-69.93961738345546,-69.93961738345546
580.2700162601471,-69.94115315452395,-69.94115315452395
580.2800162601471,-69.94270426255935,-69.94270426255935
580.2900162601471,-69.94427069780222,-69.94427069780222
580.3000162601471,-69.94585244983661,-69.94585244983661
580.3100162601471,-69.94744950757902,-69.94744950757902
580.3200162601471,-69.94906185929256,-69.94906185929256
580.3300162601471,-69.95068949260086,-69.95068949260086
580.3400162601471,-69.95233239448984,-69.95233239448984
580.3500162601471,-69.95399055132343,-69.95399055132343
580.3600162601471,-69.95566394884028,-69.95566394884028
580.370016260147,-69.9573525721923,-69.9573525721923
580.380016260147,-69.95905640591043,-69.95905640591043
580.3900162601471,-69.96077543395936,-69.96077543395936
580.4000162601471,-69.96250963971612,-69.96250963971612
580.4100162601471,-69.96425900597215,-69.96425900597215
580.4200162601471,-69.96602351499165,-69.96602351499165
580.4300162601471,-69.96780314845797,-69.96780314845797
580.4400162601471,-69.9695978875271,-69.9695978875271
580.4500162601471,-69.97140771280552,-69.97140771280552
580.4600162601471,-69.97322650530404,-69.97322650530404
580.4700162601471,-69.97505157463242,-69.97505157463242
580.4800162601471,-69.97688160113243,-69.97688160113243
580.4900162601471,-69.97871589957309,-69.97871589957309
580.500016260147,-69.98055413810641,-69.98055413810641
580.510016260147,-69.98239619226067,-69.98239619226067
580.5200162601471,-69.984242059317,-69.984242059317
580.5300162601471,-69.98609180682784,-69.98609180682784
580.5400162601471,-69.98794554166805,-69.98794554166805
580.550016283989,-69.98980339586632,-69.98980339586632
580.560016283989,-69.99166549783578,-69.99166549783578
580.5700162839889,-69.99353199239252,-69.99353199239252
580.5800162839889,-69.99540301934232,-69.99540301934232
580.5900162839889,-69.99727871587582,-69.99727871587582
580.6000162839889,-69.99915921552588,-69.99915921552588
580.6100162839889,-70.00104464778313,-70.00104464778313
580.620016283989,-70.00293513802721,-70.00293513802721
580.630016283989,-70.00483080767995,-70.00483080767995
580.640016283989,-70.00673177443207,-70.00673177443207
580.650016283989,-70.00863815254961,-70.00863815254961
580.660016283989,-70.01055005314338,-70.01055005314338
580.670016283989,-70.0124675844669,-70.0124675844669
580.680016283989,-70.01439085215797,-70.01439085215797
580.6900162839889,-70.0163199594838,-70.0163199594838
580.7000162839889,-70.01825500753287,-70.01825500753287
580.7100162839889,-70.02019609539154,-70.02019609539154
580.7200162839889,-70.02214332031203,-70.02214332031203
580.7300162839889,-70.02409677780979,-70.02409677780979
580.740016283989,-70.02605656179631,-70.02605656179631
580.750016283989,-70.02802276468164,-70.02802276468164
580.760016283989,-70.02999547741078,-70.02999547741078
580.770016283989,-70.03197478955113,-70.03197478955113
580.780016283989,-70.0339607893586,-70.0339607893586
580.790016283989,-70.03595356378756,-70.03595356378756
580.800016283989,-70.03795319855352,-70.03795319855352
580.810016283989,-70.03995977814748,-70.03995977814748
580.8200162839889,-70.04197338585048,-70.04197338585048
580.8300162839889,-70.04399410376803,-70.04399410376803
580.8400162839889,-70.04602201283465,-70.04602201283465
580.8500162839889,-70.04805719282983,-70.04805719282983
580.8600162839889,-70.05009972237019,-70.05009972237019
580.870016283989,-70.05214967892555,-70.05214967892555
580.880016283989,-70.05420713883355,-70.05420713883355
580.890016283989,-70.05627217728563,-70.05627217728563
580.900016283989,-70.05834486832985,-70.05834486832985
580.910016283989,-70.0604252848727,-70.0604252848727
580.920016283989,-70.06251349867946,-70.06251349867946
580.930016283989,-70.06460958039159,-70.06460958039159
580.9400162839889,-70.06671359948425,-70.06671359948425
580.9500162839889,-70.06882562431089,-70.06882562431089
580.9600162839889,-70.07094572206684,-70.07094572206684
580.9700162839889,-70.07307395881121,-70.07307395881121
580.9800162839889,-70.07521039945603,-70.07521039945603
580.990016283989,-70.07735510776584,-70.07735510776584
581.000016283989,-70.07950814637272,-70.07950814637272
581.010016283989,-70.0816695767456,-70.0816695767456
581.020016283989,-70.08383945921423,-70.08383945921423
581.030016283989,-70.08601785296067,-70.08601785296067
581.040016283989,-70.08820481602596,-70.08820481602596
581.050016283989,-70.09040040531816,-70.09040040531816
581.060016283989,-70.0926046766039,-70.0926046766039
581.0700162839889,-70.09481768449344,-70.09481768449344
581.0800162839889,-70.09703948247018,-70.09703948247018
581.0900162839889,-70.09927012289629,-70.09927012289629
581.1000162839889,-70.10150965699611,-70.10150965699611
581.1100162839889,-70.10375813487285,-70.10375813487285
581.120016283989,-70.10601560551082,-70.10601560551082
581.130016283989,-70.10828211677742,-70.10828211677742
581.140016283989,-70.1105577154262,-70.1105577154262
581.150016283989,-70.11284244709685,-70.11284244709685
581.160016283989,-70.11513635634624,-70.11513635634624
581.170016283989,-70.11743948663508,-70.11743948663508
581.180016283989,-70.11975188032939,-70.11975188032939
581.1900162839889,-70.12207357871159,-70.12207357871159
581.2000162839889,-70.12440462199221,-70.12440462199221
581.2100162839889,-70.12674504932062,-70.12674504932062
581.2200162839889,-70.12909489877903,-70.12909489877903
581.2300162839889,-70.13145420740543,-70.13145420740543
581.240016283989,-70.13382301117635,-70.13382301117635
581.250016283989,-70.1362013450528,-70.1362013450528
581.260016283989,-70.13858924295694,-70.13858924295694
581.270016283989,-70.14098673779215,-70.14098673779215
581.280016283989,-70.14339386144628,-70.14339386144628
581.290016283989,-70.14581064481908,-70.14581064481908
581.300016283989,-70.14823711779673,-70.14823711779673
581.310016283989,-70.15067330929566,-70.15067330929566
581.3200162839889,-70.15311924725367,-70.15311924725367
581.3300162839889,-70.15557495864734,-70.15557495864734
581.3400162839889,-70.15804046948531,-70.15804046948531
581.3500162839889,-70.16051580483756,-70.16051580483756
581.3600162839889,-70.163000988834,-70.163000988834
581.370016283989,-70.16549604467863,-70.16549604467863
581.380016283989,-70.16800099467153,-70.16800099467153
581.390016283989,-70.17051586017685,-70.17051586017685
581.4000163078308,-70.17304066769707,-70.17304066769707
581.4100163078308,-70.17557542482783,-70.17557542482783
581.4200163078308,-70.17812015626616,-70.17812015626616
581.4300163078308,-70.18067487986103,-70.18067487986103
581.4400163078308,-70.18323961260892,-70.18323961260892
581.4500163078308,-70.18581437065147,-70.18581437065147
581.4600163078308,-70.18839916929396,-70.18839916929396
581.4700163078309,-70.19099402301231,-70.19099402301231
581.4800163078309,-70.19359894548445,-70.19359894548445
581.4900163078308,-70.19621394956287,-70.19621394956287
581.5000163078308,-70.19883904730162,-70.19883904730162
581.5100163078308,-70.20147424998115,-70.20147424998115
581.5200163078308,-70.20411956809777,-70.20411956809777
581.5300163078308,-70.20677501138066,-70.20677501138066
581.5400163078308,-70.20944058880592,-70.20944058880592
581.5500163078308,-70.21211630860549,-70.21211630860549
581.5600163078308,-70.21480217827076,-70.21480217827076
581.5700163078308,-70.2174982045627,-70.2174982045627
581.5800163078308,-70.22020439354385,-70.22020439354385
581.5900163078309,-70.22292075054848,-70.22292075054848
581.6000163078309,-70.22564728022887,-70.22564728022887
581.6100163078308,-70.22838398654937,-70.22838398654937
581.6200163078308,-70.23113087279248,-70.23113087279248
581.6300163078308,-70.23388794157634,-70.23388794157634
581.6400163078308,-70.23665519485657,-70.23665519485657
581.6500163078308,-70.23943263394419,-70.23943263394419
581.6600163078308,-70.24222025950993,-70.24222025950993
581.6700163078308,-70.24501807159677,-70.24501807159677
581.6800163078308,-70.24782606963298,-70.24782606963298
581.6900163078308,-70.25064425242049,-70.25064425242049
581.7000163078308,-70.25347261817852,-70.25347261817852
581.7100163078308,-70.25631116451264,-70.25631116451264
581.7200163078309,-70.25915988846134,-70.25915988846134
581.7300163078309,-70.26201878649624,-70.26201878649624
581.7400163078308,-70.26488785449426,-70.26488785449426
581.7500163078308,-70.26776708779603,-70.26776708779603
581.7600163078308,-70.27065648119125,-70.27065648119125
581.7700163078308,-70.2735560289296,-70.2735560289296
581.7800163078308,-70.27646572472626,-70.27646572472626
581.7900163078308,-70.27938556177186,-70.27938556177186
581.8000163078308,-70.28231553275195,-70.28231553275195
581.8100163078308,-70.28525562984349,-70.28525562984349
581.8200163078308,-70.28820584471424,-70.28820584471424
581.8300163078308,-70.29116616855428,-70.29116616855428
581.8400163078309,-70.2941365920766,-70.2941365920766
581.8500163078309,-70.2971171055081,-70.2971171055081
581.8600163078308,-70.30010769862317,-70.30010769862317
581.8700163078308,-70.303108360722,-70.303108360722
581.8800163078308,-70.30611908066459,-70.30611908066459
581.8900163078308,-70.30913984686839,-70.30913984686839
581.9000163078308,-70.31217064731305,-70.31217064731305
581.9100163078308,-70.31521146955089,-70.31521146955089
581.9200163078308,-70.31826230071884,-70.31826230071884
581.9300163078308,-70.32132312753797,-70.32132312753797
581.9400163078308,-70.32439393632133,-70.32439393632133
581.9500163078308,-70.32746615011321,-70.32746615011321
581.9600163078308,-70.33052981465094,-70.33052981465094
581.9700163078309,-70.33357632512931,-70.33357632512931
581.9800163078309,-70.33659867381343,-70.33659867381343
581.9900163078308,-70.33959112120318,-70.33959112120318
582.0000163078308,-70.34254887361139,-70.34254887361139
582.0100163078308,-70.34546786108645,-70.34546786108645
582.0200163078308,-70.3483445946396,-70.3483445946396
582.0300163078308,-70.35117607173522,-70.35117607173522
582.0400163078308,-70.35395970915698,-70.35395970915698
582.0500163078308,-70.3566932913382,-70.3566932913382
582.0600163078308,-70.35937492803676,-70.35937492803676
582.0700163078308,-70.36200301816312,-70.36200301816312
582.0800163078308,-70.36457621813408,-70.36457621813408
582.0900163078309,-70.36709341388152,-70.36709341388152
582.1000163078309,-70.36955369602477,-70.36955369602477
582.1100163078308,-70.37195633769643,-70.37195633769643
582.1200163078308,-70.37430077486614,-70.37430077486614
582.1300163078308,-70.37658658883656,-70.37658658883656
582.1400163078308,-70.37881349068071,-70.37881349068071
582.1500163078308,-70.38098130736944,-70.38098130736944
582.1600163078308,-70.38308996952404,-70.38308996952404
582.1700163078308,-70.38513950042051,-70.38513950042051
582.1800163078308,-70.3871300063135,-70.3871300063135
582.1900163078308,-70.38906166772573,-70.38906166772573
582.2000163078308,-70.39093473174174,-70.39093473174174
582.2100163078308,-70.39274950509326,-70.39274950509326
582.2200163078309,-70.39450634799313,-70.39450634799313
582.2300163078309,-70.39620566861743,-70.39620566861743
582.2400163078308,-70.39784791812279,-70.39784791812279
582.2500163316727,-70.3994335899776,-70.3994335899776
582.2600163316727,-70.40096320073631,-70.40096320073631
582.2700163316727,-70.40243730943517,-70.40243730943517
582.2800163316726,-70.40385649886416,-70.40385649886416
582.2900163316726,-70.40522137650217,-70.40522137650217
582.3000163316726,-70.40653257182684,-70.40653257182684
582.3100163316726,-70.40779073390921,-70.40779073390921
582.3200163316727,-70.40899652917169,-70.40899652917169
582.3300163316727,-70.41015063941667,-70.41015063941667
582.3400163316727,-70.41125375994731,-70.41125375994731
582.3500163316727,-70.41230659790988,-70.41230659790988
582.3600163316727,-70.4133098707631,-70.4133098707631
582.3700163316727,-70.41426430487509,-70.41426430487509
582.3800163316727,-70.41517063420902,-70.41517063420902
582.3900163316727,-70.41602959917974,-70.41602959917974
582.4000163316726,-70.41684194554453,-70.41684194554453
582.4100163316726,-70.41760842341617,-70.41760842341617
582.4200163316726,-70.41832978631423,-70.41832978631423
582.4300163316726,-70.41900679035315,-70.41900679035315
582.4400163316727,-70.41964019343504,-70.41964019343504
582.4500163316727,-70.42023075455195,-70.42023075455195
582.4600163316727,-70.42077309348865,-70.42077309348865
582.4700163316727,-70.42126528029118,-70.42126528029118
582.4800163316727,-70.42170676515401,-70.42170676515401
582.4900163316727,-70.42209763712066,-70.42209763712066
582.5000163316727,-70.42243834054902,-70.42243834054902
582.5100163316727,-70.42272952757111,-70.42272952757111
582.5200163316727,-70.42297197128079,-70.42297197128079
582.5300163316726,-70.42316651343056,-70.42316651343056
582.5400163316726,-70.42331403277538,-70.42331403277538
582.5500163316726,-70.42341542598149,-70.42341542598149
582.5600163316726,-70.42347159606224,-70.42347159606224
582.5700163316727,-70.42348344549544,-70.42348344549544
582.5800163316727,-70.42345187218866,-70.42345187218866
582.5900163316727,-70.42337776710846,-70.42337776710846
582.6000163316727,-70.42326201303788,-70.42326201303788
582.6100163316727,-70.42310548391879,-70.42310548391879
582.6200163316727,-70.42290904459804,-70.42290904459804
582.6300163316727,-70.42267355076208,-70.42267355076208
582.6400163316727,-70.42239984903813,-70.42239984903813
582.6500163316726,-70.42208877709085,-70.42208877709085
582.6600163316726,-70.4217411638098,-70.4217411638098
582.6700163316726,-70.42135782940197,-70.42135782940197
582.6800163316726,-70.4209395855824,-70.4209395855824
582.6900163316727,-70.42048723565912,-70.42048723565912
582.7000163316727,-70.4200015746828,-70.4200015746828
582.7100163316727,-70.41948338949285,-70.41948338949285
582.7200163316727,-70.41893345880766,-70.41893345880766
582.7300163316727,-70.41835255329048,-70.41835255329048
582.7400163316727,-70.41774143558816,-70.41774143558816
582.7500163316727,-70.41710086035764,-70.41710086035764
582.7600163316727,-70.4164315743284,-70.4164315743284
582.7700163316727,-70.41573431627901,-70.41573431627901
582.7800163316726,-70.41500981708703,-70.41500981708703
582.7900163316726,-70.41425879972793,-70.41425879972793
582.8000163316726,-70.4134819793063,-70.4134819793063
582.8100163316726,-70.41268006304232,-70.41268006304232
582.8200163316727,-70.41185375026349,-70.41185375026349
582.8300163316727,-70.41100373248304,-70.41100373248304
582.8400163316727,-70.41013069333619,-70.41013069333619
582.8500163316727,-70.4092353086281,-70.4092353086281
582.8600163316727,-70.4083182463345,-70.4083182463345
582.8700163316727,-70.40738016661908,-70.40738016661908
582.8800163316727,-70.40642172184005,-70.40642172184005
582.8900163316727,-70.4054435565804,-70.4054435565804
582.9000163316726,-70.4044463076498,-70.4044463076498
582.9100163316726,-70.40343060412636,-70.40343060412636
582.9200163316726,-70.40239706736642,-70.40239706736642
582.9300163316726,-70.40134631101891,-70.40134631101891
582.9400163316727,-70.40027894107126,-70.40027894107126
582.9500163316727,-70.3991955558728,-70.3991955558728
582.9600163316727,-70.39809060997173,-70.39809060997173
582.9700163316727,-70.396961999704,-70.396961999704
582.9800163316727,-70.39580899511873,-70.39580899511873
582.9900163316727,-70.39463149944193,-70.39463149944193
583.0000163316727,-70.39342976597682,-70.39342976597682
583.0100163316727,-70.39220425083133,-70.39220425083133
583.0200163316727,-70.39095552642661,-70.39095552642661
583.0300163316726,-70.38968422946186,-70.38968422946186
583.0400163316726,-70.38839102962336,-70.38839102962336
583.0500163316726,-70.3870766107374,-70.3870766107374
583.0600163316726,-70.38574165959866,-70.38574165959866
583.0700163316727,-70.38438685934665,-70.38438685934665
583.0800163316727,-70.38301288576174,-70.38301288576174
583.0900163316727,-70.38162040518395,-70.38162040518395
583.1000163555145,-70.38021007016232,-70.38021007016232
583.1100163555145,-70.37878253250416,-70.37878253250416
583.1200163555145,-70.37733842323274,-70.37733842323274
583.1300163555145,-70.37587836606438,-70.37587836606438
583.1400163555145,-70.37440297440082,-70.37440297440082
583.1500163555145,-70.37291285167314,-70.37291285167314
583.1600163555145,-70.37140859169077,-70.37140859169077
583.1700163555146,-70.36989077897285,-70.36989077897285
583.1800163555146,-70.36835998908442,-70.36835998908442
583.1900163555146,-70.36681678889867,-70.36681678889867
583.2000163555145,-70.36526173688094,-70.36526173688094
583.2100163555145,-70.36369538331721,-70.36369538331721
583.2200163555145,-70.36211827052374,-70.36211827052374
583.2300163555145,-70.36053093305628,-70.36053093305628
583.2400163555145,-70.35893389784142,-70.35893389784142
583.2500163555145,-70.35732768436016,-70.35732768436016
583.2600163555145,-70.35571280477971,-70.35571280477971
583.2700163555145,-70.35408976404733,-70.35408976404733
583.2800163555145,-70.35245906005781,-70.35245906005781
583.2900163555146,-70.35082118368713,-70.35082118368713
583.3000163555146,-70.34917661895999,-70.34917661895999
583.3100163555146,-70.34752584307408,-70.34752584307408
583.3200163555146,-70.34586932651557,-70.34586932651557
583.3300163555145,-70.34420753312943,-70.34420753312943
583.3400163555145,-70.34254092018541,-70.34254092018541
583.3500163555145,-70.34086993845479,-70.34086993845479
583.3600163555145,-70.33919503228172,-70.33919503228172
583.3700163555145,-70.33751663962641,-70.33751663962641
583.3800163555145,-70.33583519215671,-70.33583519215671
583.3900163555145,-70.33415111527377,-70.33415111527377
583.4000163555145,-70.33246482820913,-70.33246482820913
583.4100163555145,-70.3307767440589,-70.3307767440589
583.4200163555146,-70.32908726984435,-70.32908726984435
583.4300163555146,-70.32739680657292,-70.32739680657292
583.4400163555146,-70.32570574929872,-70.32570574929872
583.4500163555145,-70.32401448715358,-70.32401448715358
583.4600163555145,-70.32231727537575,-70.32231727537575
583.4700163555145,-70.32061180911704,-70.32061180911704
583.4800163555145,-70.31889715785303,-70.31889715785303
583.4900163555145,-70.31717302565238,-70.31717302565238
583.5000163555145,-70.3154394682911,-70.3154394682911
583.5100163555145,-70.31369674602992,-70.31369674602992
583.5200163555145,-70.31194523713577,-70.31194523713577
583.5300163555145,-70.31018538586505,-70.31018538586505
583.5400163555146,-70.30841767112011,-70.30841767112011
583.5500163555146,-70.306642587656,-70.306642587656
583.5600163555146,-70.3048606348757,-70.3048606348757
583.5700163555146,-70.30307231025148,-70.30307231025148
583.5800163555145,-70.30127810558689,-70.30127810558689
583.5900163555145,-70.29947850497476,-70.29947850497476
583.6000163555145,-70.29767398383112,-70.29767398383112
583.6100163555145,-70.29586500852,-70.29586500852
583.6200163555145,-70.29405203635636,-70.29405203635636
583.6300163555145,-70.29223551581937,-70.29223551581937
583.6400163555145,-70.2904158868336,-70.2904158868336
583.6500163555145,-70.28859358114096,-70.28859358114096
583.6600163555145,-70.2867690226316,-70.2867690226316
583.6700163555146,-70.28494262769267,-70.28494262769267
583.6800163555146,-70.28311480554483,-70.28311480554483
583.6900163555146,-70.28128595848946,-70.28128595848946
583.7000163555145,-70.27945648221434,-70.27945648221434
583.7100163555145,-70.27762676601182,-70.27762676601182
583.7200163555145,-70.27579719298309,-70.27579719298309
583.7300163555145,-70.27396814023606,-70.27396814023606
583.7400163555145,-70.2721399790238,-70.2721399790238
583.7500163555145,-70.27031307491627,-70.27031307491627
583.7600163555145,-70.26848778793136,-70.26848778793136
583.7700163555145,-70.2666644726214,-70.2666644726214
583.7800163555145,-70.26484347820508,-70.26484347820508
583.7900163555146,-70.26302514864932,-70.26302514864932
583.8000163555146,-70.26120982276073,-70.26120982276073
583.8100163555146,-70.25939783425291,-70.25939783425291
583.8200163555146,-70.25758951182748,-70.25758951182748
583.8300163555145,-70.25578517921788,-70.25578517921788
583.8400163555145,-70.25398515529825,-70.25398515529825
583.8500163555145,-70.25218975409881,-70.25218975409881
583.8600163555145,-70.25039928486446,-70.25039928486446
583.8700163555145,-70.24861405213277,-70.24861405213277
583.8800163555145,-70.24683435574997,-70.24683435574997
583.8900163555145,-70.24506049094086,-70.24506049094086
583.9000163555145,-70.24329274835442,-70.24329274835442
583.9100163555145,-70.24153141409603,-70.24153141409603
583.9200163555146,-70.2397767697811,-70.2397767697811
583.9300163555146,-70.23802909258733,-70.23802909258733
583.9400163555146,-70.23628865527243,-70.23628865527243
583.9500163793564,-70.23455572211203,-70.23455572211203
583.9600163793564,-70.23283056544157,-70.23283056544157
583.9700163793564,-70.23111344091745,-70.23111344091745
583.9800163793564,-70.22940460409312,-70.22940460409312
583.9900163793563,-70.22770430631734,-70.22770430631734
584.0000163793563,-70.22601279478701,-70.22601279478701
584.0100163793563,-70.2243303125707,-70.2243303125707
584.0200163793564,-70.22265709866198,-70.22265709866198
584.0300163793564,-70.22099338801891,-70.22099338801891
584.0400163793564,-70.21933941159612,-70.21933941159612
584.0500163793564,-70.21769539638944,-70.21769539638944
584.0600163793564,-70.21606156548505,-70.21606156548505
584.0700163793564,-70.21443813807187,-70.21443813807187
584.0800163793564,-70.21282532951874,-70.21282532951874
584.0900163793564,-70.21122335138615,-70.21122335138615
584.1000163793564,-70.20963241147932,-70.20963241147932
584.1100163793564,-70.20805271387647,-70.20805271387647
584.1200163793563,-70.20648445899495,-70.20648445899495
584.1300163793563,-70.20492784359192,-70.20492784359192
584.1400163793564,-70.20338306084345,-70.20338306084345
584.1500163793564,-70.20185030035307,-70.20185030035307
584.1600163793564,-70.20032974820745,-70.20032974820745
584.1700163793564,-70.19882158702286,-70.19882158702286
584.1800163793564,-70.19732599596487,-70.19732599596487
584.1900163793564,-70.19584315078882,-70.19584315078882
584.2000163793564,-70.19437322390931,-70.19437322390931
584.2100163793564,-70.1929102690416,-70.1929102690416
584.2200163793564,-70.19145177609632,-70.19145177609632
584.2300163793564,-70.1899966092309,-70.1899966092309
584.2400163793563,-70.18854426841914,-70.18854426841914
584.2500163793563,-70.18709460708328,-70.18709460708328
584.2600163793563,-70.1856476850508,-70.1856476850508
584.2700163793564,-70.18420368220487,-70.18420368220487
584.2800163793564,-70.18276284655364,-70.18276284655364
584.2900163793564,-70.18132546288113,-70.18132546288113
584.3000163793564,-70.17989183399465,-70.17989183399465
584.3100163793564,-70.17846226952175,-70.17846226952175
584.3200163793564,-70.1770370793355,-70.1770370793355
584.3300163793564,-70.17561656981512,-70.17561656981512
584.3400163793564,-70.17420104180576,-70.17420104180576
584.3500163793564,-70.17279078964832,-70.17279078964832
584.3600163793564,-70.17138610077723,-70.17138610077723
584.3700163793563,-70.16998725574189,-70.16998725574189
584.3800163793563,-70.16859452839586,-70.16859452839586
584.3900163793564,-70.16720818617333,-70.16720818617333
584.4000163793564,-70.16582849044806,-70.16582849044806
584.4100163793564,-70.1644556968459,-70.1644556968459
584.4200163793564,-70.16309005559003,-70.16309005559003
584.4300163793564,-70.16173181180602,-70.16173181180602
584.4400163793564,-70.16038120579302,-70.16038120579302
584.4500163793564,-70.15903847328707,-70.15903847328707
584.4600163793564,-70.15770384565772,-70.15770384565772
584.4700163793564,-70.15637755011127,-70.15637755011127
584.4800163793564,-70.15505980985508,-70.15505980985508
584.4900163793563,-70.15375084426395,-70.15375084426395
584.5000163793563,-70.15245086898398,-70.15245086898398
584.5100163793563,-70.15116009604732,-70.15116009604732
584.5200163793564,-70.14987873398677,-70.14987873398677
584.5300163793564,-70.14860698792627,-70.14860698792627
584.5400163793564,-70.14734505962389,-70.14734505962389
584.5500163793564,-70.1460931475736,-70.1460931475736
584.5600163793564,-70.14485144703639,-70.14485144703639
584.5700163793564,-70.14362015011328,-70.14362015011328
584.5800163793564,-70.14239944579248,-70.14239944579248
584.5900163793564,-70.14118951998043,-70.14118951998043
584.6000163793564,-70.13999055554439,-70.13999055554439
584.6100163793564,-70.13880273235992,-70.13880273235992
584.6200163793563,-70.13762622732389,-70.13762622732389
584.6300163793563,-70.13646121440355,-70.13646121440355
584.6400163793564,-70.135307864653,-70.135307864653
584.6500163793564,-70.13416634625517,-70.13416634625517
584.6600163793564,-70.13303682452143,-70.13303682452143
584.6700163793564,-70.13191946195855,-70.13191946195855
584.6800163793564,-70.13081441825776,-70.13081441825776
584.6900163793564,-70.12972185031595,-70.12972185031595
584.7000163793564,-70.12864191230099,-70.12864191230099
584.7100163793564,-70.12757475563305,-70.12757475563305
584.7200163793564,-70.12652052901711,-70.12652052901711
584.7300163793564,-70.12547937847062,-70.12547937847062
584.7400163793563,-70.12445144734862,-70.12445144734862
584.7500163793563,-70.12343687636343,-70.12343687636343
584.7600163793563,-70.12243580360119,-70.12243580360119
584.7700163793564,-70.12144836454853,-70.12144836454853
584.7800163793564,-70.12047469212652,-70.12047469212652
584.7900163793564,-70.11951491668239,-70.11951491668239
584.8000164031982,-70.1185691637889,-70.1185691637889
584.8100164031982,-70.11763756330694,-70.11763756330694
584.8200164031982,-70.11672023577222,-70.11672023577222
584.8300164031982,-70.11581730154454,-70.11581730154454
584.8400164031982,-70.11492887855358,-70.11492887855358
584.8500164031982,-70.11405508228509,-70.11405508228509
584.8600164031982,-70.11319602585644,-70.11319602585644
584.8700164031983,-70.11235181999145,-70.11235181999145
584.8800164031983,-70.11152257308646,-70.11152257308646
584.8900164031983,-70.11070839119401,-70.11070839119401
584.9000164031983,-70.10990937806382,-70.10990937806382
584.9100164031983,-70.10912563517961,-70.10912563517961
584.9200164031982,-70.10835726175787,-70.10835726175787
584.9300164031982,-70.10760435478484,-70.10760435478484
584.9400164031982,-70.10686700903857,-70.10686700903857
584.9500164031982,-70.10614531711707,-70.10614531711707
584.9600164031982,-70.10543936944649,-70.10543936944649
584.9700164031982,-70.1047492543253,-70.1047492543253
584.9800164031982,-70.10407505794103,-70.10407505794103
584.9900164031983,-70.10341686436638,-70.10341686436638
585.0000164031983,-70.10277475563724,-70.10277475563724
585.0100164031983,-70.10214881173678,-70.10214881173678
585.0200164031983,-70.10153911062781,-70.10153911062781
585.0300164031983,-70.10094572827116,-70.10094572827116
585.0400164031983,-70.10036873865964,-70.10036873865964
585.0500164031982,-70.09980821384117,-70.09980821384117
585.0600164031982,-70.0992642239336,-70.0992642239336
585.0700164031982,-70.09873683715337,-70.09873683715337
585.0800164031982,-70.09822611984153,-70.09822611984153
585.0900164031982,-70.09773213647999,-70.09773213647999
585.1000164031982,-70.09725494971858,-70.09725494971858
585.1100164031982,-70.09679462039213,-70.09679462039213
585.1200164031983,-70.09635120755586,-70.09635120755586
585.1300164031983,-70.09592476850311,-70.09592476850311
585.1400164031983,-70.09551535877995,-70.09551535877995
585.1500164031983,-70.09512303221125,-70.09512303221125
585.1600164031983,-70.09474784092534,-70.09474784092534
585.1700164031982,-70.09438983537787,-70.09438983537787
585.1800164031982,-70.0940490643741,-70.0940490643741
585.1900164031982,-70.0937255750865,-70.0937255750865
585.2000164031982,-70.09341941306975,-70.09341941306975
585.2100164031982,-70.09312451576135,-70.09312451576135
585.2200164031982,-70.09283825367379,-70.09283825367379
585.2300164031982,-70.09255937089956,-70.09255937089956
585.2400164031983,-70.09228724777567,-70.09228724777567
585.2500164031983,-70.09202161890383,-70.09202161890383
585.2600164031983,-70.09176242640737,-70.09176242640737
585.2700164031983,-70.09150973375107,-70.09150973375107
585.2800164031983,-70.09126367388724,-70.09126367388724
585.2900164031983,-70.09102441803428,-70.09102441803428
585.3000164031982,-70.09079215691166,-70.09079215691166
585.3100164031982,-70.09056708958396,-70.09056708958396
585.3200164031982,-70.09034941688984,-70.09034941688984
585.3300164031982,-70.09013933768647,-70.09013933768647
585.3400164031982,-70.08993704683814,-70.08993704683814
585.3500164031982,-70.08974273419993,-70.08974273419993
585.3600164031982,-70.08955658424539,-70.08955658424539
585.3700164031983,-70.08937877604006,-70.08937877604006
585.3800164031983,-70.08920948342488,-70.08920948342488
585.3900164031983,-70.089048875292,-70.089048875292
585.4000164031983,-70.08889711588724,-70.08889711588724
585.4100164031983,-70.08875436516074,-70.08875436516074
585.4200164031982,-70.0886207790661,-70.0886207790661
585.4300164031982,-70.0884965098646,-70.0884965098646
585.4400164031982,-70.08838170634793,-70.08838170634793
585.4500164031982,-70.08827651410954,-70.08827651410954
585.4600164031982,-70.0881810757329,-70.0881810757329
585.4700164031982,-70.08809553094956,-70.08809553094956
585.4800164031982,-70.088020016831,-70.088020016831
585.4900164031983,-70.08795466788028,-70.08795466788028
585.5000164031983,-70.08789961618358,-70.08789961618358
585.5100164031983,-70.08785499147004,-70.08785499147004
585.5200164031983,-70.08782092121636,-70.08782092121636
585.5300164031983,-70.08779753070952,-70.08779753070952
585.5400164031983,-70.08778494311962,-70.08778494311962
585.5500164031982,-70.08778327952783,-70.08778327952783
585.5600164031982,-70.08779265899624,-70.08779265899624
585.5700164031982,-70.0878131985874,-70.0878131985874
585.5800164031982,-70.08784501341101,-70.08784501341101
585.5900164031982,-70.08788821664099,-70.08788821664099
585.6000164031982,-70.08794291954506,-70.08794291954506
585.6100164031982,-70.08800923150633,-70.08800923150633
585.6200164031983,-70.08808726003859,-70.08808726003859
585.6300164031983,-70.08817711081605,-70.08817711081605
585.6400164031983,-70.08827888767496,-70.08827888767496
585.6500164270401,-70.08839269288416,-70.08839269288416
585.6600164270401,-70.08851862613626,-70.08851862613626
585.6700164270401,-70.08865678608049,-70.08865678608049
585.6800164270401,-70.08880726933764,-70.08880726933764
585.6900164270401,-70.08897017075924,-70.08897017075924
585.70001642704,-70.08914558341172,-70.08914558341172
585.71001642704,-70.08933359863218,-70.08933359863218
585.7200164270402,-70.08953430598625,-70.08953430598625
585.7300164270401,-70.08974779332291,-70.08974779332291
585.7400164270401,-70.08997414676368,-70.08997414676368
585.7500164270401,-70.09021345070175,-70.09021345070175
585.7600164270401,-70.09046578783149,-70.09046578783149
585.7700164270401,-70.09073123914058,-70.09073123914058
585.7800164270401,-70.09100988395103,-70.09100988395103
585.7900164270401,-70.09130179988648,-70.09130179988648
585.8000164270401,-70.0916070629154,-70.0916070629154
585.8100164270401,-70.09192574735023,-70.09192574735023
585.8200164270401,-70.09225792585411,-70.09225792585411
585.83001642704,-70.09260366946359,-70.09260366946359
585.8400164270402,-70.09296304758699,-70.09296304758699
585.8500164270401,-70.09333612803349,-70.09333612803349
585.8600164270401,-70.09372297699885,-70.09372297699885
585.8700164270401,-70.09412365910973,-70.09412365910973
585.8800164270401,-70.09453823740233,-70.09453823740233
585.8900164270401,-70.09496677336088,-70.09496677336088
585.9000164270401,-70.09540932692488,-70.09540932692488
585.9100164270401,-70.09586595649007,-70.09586595649007
585.9200164270401,-70.09633671893423,-70.09633671893423
585.9300164270401,-70.09682166963087,-70.09682166963087
585.9400164270401,-70.09732086244811,-70.09732086244811
585.95001642704,-70.09783434978493,-70.09783434978493
585.96001642704,-70.09836218256804,-70.09836218256804
585.9700164270402,-70.09890441025921,-70.09890441025921
585.9800164270401,-70.09946108089223,-70.09946108089223
585.9900164270401,-70.10003224108812,-70.10003224108812
586.0000164270401,-70.10061793602597,-70.10061793602597
586.0100164270401,-70.1012182095154,-70.1012182095154
586.0200164270401,-70.10183310396846,-70.10183310396846
586.0300164270401,-70.102462660436,-70.102462660436
586.0400164270401,-70.10310691861832,-70.10310691861832
586.0500164270401,-70.1037659168714,-70.1037659168714
586.0600164270401,-70.10443969223401,-70.10443969223401
586.0700164270401,-70.10512828042918,-70.10512828042918
586.08001642704,-70.10583171589226,-70.10583171589226
586.0900164270402,-70.10655003177376,-70.10655003177376
586.1000164270401,-70.10728325997228,-70.10728325997228
586.1100164270401,-70.10803143113273,-70.10803143113273
586.1200164270401,-70.10879457464988,-70.10879457464988
586.1300164270401,-70.10957271871948,-70.10957271871948
586.1400164270401,-70.1103658903184,-70.1103658903184
586.1500164270401,-70.11117411524928,-70.11117411524928
586.1600164270401,-70.11199741812663,-70.11199741812663
586.1700164270401,-70.11283582240128,-70.11283582240128
586.1800164270401,-70.11368935039619,-70.11368935039619
586.1900164270401,-70.11455802329081,-70.11455802329081
586.20001642704,-70.11544186114203,-70.11544186114203
586.21001642704,-70.11633477364461,-70.11633477364461
586.2200164270402,-70.1172341051416,-70.1172341051416
586.2300164270401,-70.11813857405052,-70.11813857405052
586.2400164270401,-70.11904753522809,-70.11904753522809
586.2500164270401,-70.11996069805076,-70.11996069805076
586.2600164270401,-70.1208779797184,-70.1208779797184
586.2700164270401,-70.12179941912555,-70.12179941912555
586.2800164270401,-70.12272512507431,-70.12272512507431
586.2900164270401,-70.12365524510082,-70.12365524510082
586.3000164270401,-70.12458994671186,-70.12458994671186
586.3100164270401,-70.12552940626975,-70.12552940626975
586.3200164270401,-70.12647380240216,-70.12647380240216
586.33001642704,-70.12742331228903,-70.12742331228903
586.3400164270402,-70.12837810959556,-70.12837810959556
586.3500164270401,-70.12933836349832,-70.12933836349832
586.3600164270401,-70.13030423827168,-70.13030423827168
586.3700164270401,-70.13127589326044,-70.13127589326044
586.3800164270401,-70.13225348307277,-70.13225348307277
586.3900164270401,-70.13323715782224,-70.13323715782224
586.4000164270401,-70.13422706343599,-70.13422706343599
586.4100164270401,-70.13522334200061,-70.13522334200061
586.4200164270401,-70.13622613202871,-70.13622613202871
586.4300164270401,-70.13723556875613,-70.13723556875613
586.4400164270401,-70.13825178440108,-70.13825178440108
586.45001642704,-70.13927490837249,-70.13927490837249
586.46001642704,-70.14030506746111,-70.14030506746111
586.4700164270402,-70.1413423860296,-70.1413423860296
586.4800164270401,-70.1423869861454,-70.1423869861454
586.4900164270401,-70.14343898769175,-70.14343898769175
586.500016450882,-70.14449851102614,-70.14449851102614
586.510016450882,-70.14556566696365,-70.14556566696365
586.5200164508819,-70.14664057196289,-70.14664057196289
586.5300164508819,-70.14772333813347,-70.14772333813347
586.5400164508819,-70.14881407581896,-70.14881407581896
586.5500164508819,-70.1499128936102,-70.1499128936102
586.5600164508819,-70.1510198984164,-70.1510198984164
586.570016450882,-70.15213519547483,-70.15213519547483
586.580016450882,-70.15325888838535,-70.15325888838535
586.590016450882,-70.1543910791339,-70.1543910791339
586.600016450882,-70.15553186811208,-70.15553186811208
586.610016450882,-70.1566813541282,-70.1566813541282
586.620016450882,-70.15783963442135,-70.15783963442135
586.630016450882,-70.1590068046867,-70.1590068046867
586.640016450882,-70.16018295906751,-70.16018295906751
586.6500164508819,-70.16136819018249,-70.16136819018249
586.6600164508819,-70.16256258912162,-70.16256258912162
586.6700164508819,-70.16376624543612,-70.16376624543612
586.6800164508819,-70.16497924718536,-70.16497924718536
586.690016450882,-70.16620168091316,-70.16620168091316
586.700016450882,-70.1674336316577,-70.1674336316577
586.710016450882,-70.16866906919964,-70.16866906919964
586.720016450882,-70.16990540012581,-70.16990540012581
586.730016450882,-70.17114140551139,-70.17114140551139
586.740016450882,-70.17237650272052,-70.17237650272052
586.750016450882,-70.17361046329276,-70.17361046329276
586.760016450882,-70.17484326621653,-70.17484326621653
586.7700164508819,-70.17607501179162,-70.17607501179162
586.7800164508819,-70.17730586980328,-70.17730586980328
586.7900164508819,-70.17853604834295,-70.17853604834295
586.8000164508819,-70.17976577507564,-70.17976577507564
586.8100164508819,-70.18099528609305,-70.18099528609305
586.820016450882,-70.1822248193214,-70.1822248193214
586.830016450882,-70.18345461082903,-70.18345461082903
586.840016450882,-70.18468489270492,-70.18468489270492
586.850016450882,-70.18591589212056,-70.18591589212056
586.860016450882,-70.18714783088701,-70.18714783088701
586.870016450882,-70.18838092543108,-70.18838092543108
586.880016450882,-70.18961538697305,-70.18961538697305
586.890016450882,-70.19085142176247,-70.19085142176247
586.9000164508819,-70.19208923140471,-70.19208923140471
586.9100164508819,-70.19332901315309,-70.19332901315309
586.9200164508819,-70.1945709602109,-70.1945709602109
586.9300164508819,-70.19581526201692,-70.19581526201692
586.940016450882,-70.19706210448402,-70.19706210448402
586.950016450882,-70.1983116702266,-70.1983116702266
586.960016450882,-70.19956413873346,-70.19956413873346
586.970016450882,-70.20081968654412,-70.20081968654412
586.980016450882,-70.20207848740999,-70.20207848740999
586.990016450882,-70.2033407123848,-70.2033407123848
587.000016450882,-70.20460652995419,-70.20460652995419
587.010016450882,-70.20587610611037,-70.20587610611037
587.0200164508819,-70.20714960443588,-70.20714960443588
587.0300164508819,-70.20842718615545,-70.20842718615545
587.0400164508819,-70.2097090102064,-70.2097090102064
587.0500164508819,-70.21099523327985,-70.21099523327985
587.0600164508819,-70.21228600983913,-70.21228600983913
587.070016450882,-70.21358149218204,-70.21358149218204
587.080016450882,-70.21488183046657,-70.21488183046657
587.090016450882,-70.2161871727041,-70.2161871727041
587.100016450882,-70.21749766480868,-70.21749766480868
587.110016450882,-70.21881345062162,-70.21881345062162
587.120016450882,-70.22013467189169,-70.22013467189169
587.130016450882,-70.22146146832482,-70.22146146832482
587.140016450882,-70.22279397756967,-70.22279397756967
587.1500164508819,-70.22413233525307,-70.22413233525307
587.1600164508819,-70.22547667496555,-70.22547667496555
587.1700164508819,-70.22682712829993,-70.22682712829993
587.1800164508819,-70.2281838248318,-70.2281838248318
587.190016450882,-70.22954689214147,-70.22954689214147
587.200016450882,-70.23091645583604,-70.23091645583604
587.210016450882,-70.23228652074285,-70.23228652074285
587.220016450882,-70.23365453123075,-70.23365453123075
587.230016450882,-70.23501930671002,-70.23501930671002
587.240016450882,-70.23638030278967,-70.23638030278967
587.250016450882,-70.23773732894996,-70.23773732894996
587.260016450882,-70.23909040173412,-70.23909040173412
587.2700164508819,-70.2404396585648,-70.2404396585648
587.2800164508819,-70.24178530592951,-70.24178530592951
587.2900164508819,-70.24312758818904,-70.24312758818904
587.3000164508819,-70.24446676885518,-70.24446676885518
587.3100164508819,-70.24580311941628,-70.24580311941628
587.320016450882,-70.247136912805,-70.247136912805
587.330016450882,-70.24846841964717,-70.24846841964717
587.340016450882,-70.24979790620856,-70.24979790620856
587.3500164747238,-70.25112563656431,-70.25112563656431
587.3600164747238,-70.25245185954239,-70.25245185954239
587.3700164747238,-70.25377682769579,-70.25377682769579
587.3800164747238,-70.25510078478304,-70.25510078478304
587.3900164747238,-70.25642396920173,-70.25642396920173
587.4000164747238,-70.25774661431898,-70.25774661431898
587.4100164747238,-70.25906894875128,-70.25906894875128
587.4200164747239,-70.26039119667615,-70.26039119667615
587.4300164747239,-70.26171357814127,-70.26171357814127
587.4400164747238,-70.26303630927455,-70.26303630927455
587.4500164747238,-70.26435960251848,-70.26435960251848
587.4600164747238,-70.2656775457158,-70.2656775457158
587.4700164747238,-70.26698766663488,-70.26698766663488
587.4800164747238,-70.26828886747235,-70.26828886747235
587.4900164747238,-70.2695806857303,-70.2695806857303
587.5000164747238,-70.27086301189789,-70.27086301189789
587.5100164747238,-70.27213594267322,-70.27213594267322
587.5200164747238,-70.27339969482308,-70.27339969482308
587.5300164747238,-70.27465455340051,-70.27465455340051
587.5400164747239,-70.27590084061919,-70.27590084061919
587.5500164747239,-70.27713889714656,-70.27713889714656
587.5600164747239,-70.27836907097816,-70.27836907097816
587.5700164747238,-70.27959171090205,-70.27959171090205
587.5800164747238,-70.28080716278767,-70.28080716278767
587.5900164747238,-70.28201576755423,-70.28201576755423
587.6000164747238,-70.28321786015877,-70.28321786015877
587.6100164747238,-70.2844137692366,-70.2844137692366
587.6200164747238,-70.28560381706689,-70.28560381706689
587.6300164747238,-70.28678831972175,-70.28678831972175
587.6400164747238,-70.28796758735648,-70.28796758735648
587.6500164747238,-70.2891419245019,-70.2891419245019
587.6600164747238,-70.29031163039309,-70.29031163039309
587.6700164747239,-70.29147699924034,-70.29147699924034
587.6800164747239,-70.2926383205331,-70.2926383205331
587.6900164747238,-70.2937958792698,-70.2937958792698
587.7000164747238,-70.29494995619756,-70.29494995619756
587.7100164747238,-70.29609470515427,-70.29609470515427
587.7200164747238,-70.29722772095046,-70.29722772095046
587.7300164747238,-70.29834797273412,-70.29834797273412
587.7400164747238,-70.2994550645564,-70.2994550645564
587.7500164747238,-70.30054895292268,-70.30054895292268
587.7600164747238,-70.301629799944,-70.301629799944
587.7700164747238,-70.30269788721576,-70.30269788721576
587.7800164747238,-70.30375356401926,-70.30375356401926
587.7900164747239,-70.30479721611995,-70.30479721611995
587.8000164747239,-70.30582924715564,-70.30582924715564
587.8100164747239,-70.30685006741899,-70.30685006741899
587.8200164747238,-70.30786008737343,-70.30786008737343
587.8300164747238,-70.30885971392411,-70.30885971392411
587.8400164747238,-70.3098493483816,-70.3098493483816
587.8500164747238,-70.31082938545335,-70.31082938545335
587.8600164747238,-70.3118002128781,-70.3118002128781
587.8700164747238,-70.31276221140276,-70.31276221140276
587.8800164747238,-70.31371575491927,-70.31371575491927
587.8900164747238,-70.31466121076262,-70.31466121076262
587.9000164747238,-70.31559894000705,-70.31559894000705
587.9100164747238,-70.31652929776536,-70.31652929776536
587.9200164747239,-70.31745263351169,-70.31745263351169
587.9300164747239,-70.31836929134465,-70.31836929134465
587.9400164747238,-70.31927961024128,-70.31927961024128
587.9500164747238,-70.32018392427833,-70.32018392427833
587.9600164747238,-70.3210825628139,-70.3210825628139
587.9700164747238,-70.32197585066622,-70.32197585066622
587.9800164747238,-70.32286410826015,-70.32286410826015
587.9900164747238,-70.32374765174542,-70.32374765174542
588.0000164747238,-70.32462679310544,-70.32462679310544
588.0100164747238,-70.32550184024566,-70.32550184024566
588.0200164747238,-70.32637309707503,-70.32637309707503
588.0300164747238,-70.3272408635819,-70.3272408635819
588.0400164747239,-70.32810543586893,-70.32810543586893
588.0500164747239,-70.3289671062296,-70.3289671062296
588.0600164747239,-70.32982616317052,-70.32982616317052
588.0700164747238,-70.33068289147701,-70.33068289147701
588.0800164747238,-70.33153757219713,-70.33153757219713
588.0900164747238,-70.33239048274012,-70.33239048274012
588.1000164747238,-70.33324189683074,-70.33324189683074
588.1100164747238,-70.3340920845976,-70.3340920845976
588.1200164747238,-70.33494131256131,-70.33494131256131
588.1300164747238,-70.33578984366385,-70.33578984366385
588.1400164747238,-70.3366379372889,-70.3366379372889
588.1500164747238,-70.33748584926933,-70.33748584926933
588.1600164747238,-70.33833383194107,-70.33833383194107
588.1700164747239,-70.33918213411829,-70.33918213411829
588.1800164747239,-70.3400310011569,-70.3400310011569
588.1900164747238,-70.34088067492358,-70.34088067492358
588.2000164985657,-70.34173139588084,-70.34173139588084
588.2100164985657,-70.34258339499,-70.34258339499
588.2200164985657,-70.34343690588439,-70.34343690588439
588.2300164985656,-70.34429215679192,-70.34429215679192
588.2400164985656,-70.3451493725515,-70.3451493725515
588.2500164985656,-70.34600877468064,-70.34600877468064
588.2600164985656,-70.34687058136127,-70.34687058136127
588.2700164985657,-70.34773500746611,-70.34773500746611
588.2800164985657,-70.34860226461137,-70.34860226461137
588.2900164985657,-70.3494725611376,-70.3494725611376
588.3000164985657,-70.35034610214755,-70.35034610214755
588.3100164985657,-70.35122308954575,-70.35122308954575
588.3200164985657,-70.35210372202589,-70.35210372202589
588.3300164985657,-70.35298819514487,-70.35298819514487
588.3400164985657,-70.35387670130656,-70.35387670130656
588.3500164985657,-70.35476942979696,-70.35476942979696
588.3600164985656,-70.35566656682074,-70.35566656682074
588.3700164985656,-70.35656829551732,-70.35656829551732
588.3800164985656,-70.35747479598243,-70.35747479598243
588.3900164985657,-70.35838624531229,-70.35838624531229
588.4000164985657,-70.35930281761917,-70.35930281761917
588.4100164985657,-70.36022468405442,-70.36022468405442
588.4200164985657,-70.36115201284034,-70.36115201284034
588.4300164985657,-70.36208496929599,-70.36208496929599
588.4400164985657,-70.36302371587688,-70.36302371587688
588.4500164985657,-70.36396841218213,-70.36396841218213
588.4600164985657,-70.36491308790605,-70.36491308790605
588.4700164985657,-70.36585521858949,-70.36585521858949
588.4800164985656,-70.36679365626547,-70.36679365626547
588.4900164985656,-70.36772788912364,-70.36772788912364
588.5000164985656,-70.36865775877293,-70.36865775877293
588.5100164985656,-70.36958331319572,-70.36958331319572
588.5200164985657,-70.37050472051438,-70.37050472051438
588.5300164985657,-70.37142221713009,-70.37142221713009
588.5400164985657,-70.37233607650775,-70.37233607650775
588.5500164985657,-70.37324659046578,-70.37324659046578
588.5600164985657,-70.37415405804798,-70.37415405804798
588.5700164985657,-70.37505877897877,-70.37505877897877
588.5800164985657,-70.37596104993673,-70.37596104993673
588.5900164985657,-70.37686116255512,-70.37686116255512
588.6000164985657,-70.37775940241819,-70.37775940241819
588.6100164985656,-70.37865604871256,-70.37865604871256
588.6200164985656,-70.37955137419263,-70.37955137419263
588.6300164985656,-70.38044564539858,-70.38044564539858
588.6400164985657,-70.3813391229061,-70.3813391229061
588.6500164985657,-70.38223206167982,-70.38223206167982
588.6600164985657,-70.38312471139574,-70.38312471139574
588.6700164985657,-70.384017316753,-70.384017316753
588.6800164985657,-70.3849101177805,-70.3849101177805
588.6900164985657,-70.38580335009847,-70.38580335009847
588.7000164985657,-70.38669724515307,-70.38669724515307
588.7100164985657,-70.38758590184855,-70.38758590184855
588.7200164985657,-70.38846686520785,-70.38846686520785
588.7300164985656,-70.38933905631295,-70.38933905631295
588.7400164985656,-70.39020203184073,-70.39020203184073
588.7500164985656,-70.39105570129158,-70.39105570129158
588.7600164985656,-70.39190018003326,-70.39190018003326
588.7700164985657,-70.39273570303246,-70.39273570303246
588.7800164985657,-70.39356257313133,-70.39356257313133
588.7900164985657,-70.39438112976856,-70.39438112976856
588.8000164985657,-70.39519173035767,-70.39519173035767
588.8100164985657,-70.39599473915179,-70.39599473915179
588.8200164985657,-70.39679052073376,-70.39679052073376
588.8300164985657,-70.39757943629127,-70.39757943629127
588.8400164985657,-70.39836184163477,-70.39836184163477
588.8500164985657,-70.39913808618603,-70.39913808618603
588.8600164985656,-70.3999085126524,-70.3999085126524
588.8700164985656,-70.40067345695245,-70.40067345695245
588.8800164985656,-70.40143324847361,-70.40143324847361
588.8900164985657,-70.40218821029372,-70.40218821029372
588.9000164985657,-70.40293865953245,-70.40293865953245
588.9100164985657,-70.40368490767187,-70.40368490767187
588.9200164985657,-70.40442726084459,-70.40442726084459
588.9300164985657,-70.4051660201633,-70.4051660201633
588.9400164985657,-70.40590148193249,-70.40590148193249
588.9500164985657,-70.40663393791942,-70.40663393791942
588.9600164985657,-70.40736367551685,-70.40736367551685
588.9700164985657,-70.40809097794772,-70.40809097794772
588.9800164985656,-70.40881612440943,-70.40881612440943
588.9900164985656,-70.40953939017997,-70.40953939017997
589.0000164985656,-70.4102610467658,-70.4102610467658
589.0100164985656,-70.41098136197499,-70.41098136197499
589.0200164985657,-70.41170060000269,-70.41170060000269
589.0300164985657,-70.41241902151295,-70.41241902151295
589.0400164985657,-70.41313688368392,-70.41313688368392
589.0500165224075,-70.4138544419901,-70.4138544419901
589.0600165224075,-70.4145719433838,-70.4145719433838
589.0700165224075,-70.41528963661973,-70.41528963661973
589.0800165224075,-70.41600776543407,-70.41600776543407
589.0900165224075,-70.41672657030017,-70.41672657030017
589.1000165224075,-70.41744628843001,-70.41744628843001
589.1100165224075,-70.41816715382575,-70.41816715382575
589.1200165224076,-70.41888939730667,-70.41888939730667
589.1300165224076,-70.41961324650164,-70.41961324650164
589.1400165224076,-70.42033892590305,-70.42033892590305
589.1500165224076,-70.42106665685571,-70.42106665685571
589.1600165224075,-70.42179665758803,-70.42179665758803
589.1700165224075,-70.42252914324648,-70.42252914324648
589.1800165224075,-70.42326432589076,-70.42326432589076
589.1900165224075,-70.42400241451344,-70.42400241451344
589.2000165224075,-70.42474361507088,-70.42474361507088
589.2100165224075,-70.4254881304943,-70.4254881304943
589.2200165224075,-70.42623616069802,-70.42623616069802
589.2300165224075,-70.4269879026038,-70.4269879026038
589.2400165224076,-70.42774355017079,-70.42774355017079
589.2500165224076,-70.42850329439851,-70.42850329439851
589.2600165224076,-70.42926732335144,-70.42926732335144
589.2700165224076,-70.4300358221742,-70.4300358221742
589.2800165224075,-70.43080897311921,-70.43080897311921
589.2900165224075,-70.43158695555599,-70.43158695555599
589.3000165224075,-70.43236994599371,-70.43236994599371
589.3100165224075,-70.4331581181212,-70.4331581181212
589.3200165224075,-70.43395164278948,-70.43395164278948
589.3300165224075,-70.43475068806832,-70.43475068806832
589.3400165224075,-70.43555541924714,-70.43555541924714
589.3500165224075,-70.43636599887333,-70.43636599887333
589.3600165224075,-70.43718258676219,-70.43718258676219
589.3700165224076,-70.43800534001988,-70.43800534001988
589.3800165224076,-70.4388344130732,-70.4388344130732
589.3900165224076,-70.43966995767722,-70.43966995767722
589.4000165224076,-70.44051212296554,-70.44051212296554
589.4100165224075,-70.44136105545218,-70.44136105545218
589.4200165224075,-70.44221689905972,-70.44221689905972
589.4300165224075,-70.44307979515482,-70.44307979515482
589.4400165224075,-70.44394988254948,-70.44394988254948
589.4500165224075,-70.44482729756206,-70.44482729756206
589.4600165224075,-70.44571217399444,-70.44571217399444
589.4700165224075,-70.44660464319928,-70.44660464319928
589.4800165224075,-70.44750483408035,-70.44750483408035
589.4900165224076,-70.44841287313108,-70.44841287313108
589.5000165224076,-70.4493288844403,-70.4493288844403
589.5100165224076,-70.45025298974913,-70.45025298974913
589.5200165224076,-70.45118530845028,-70.45118530845028
589.5300165224075,-70.452125957617,-70.452125957617
589.5400165224075,-70.45307505203245,-70.45307505203245
589.5500165224075,-70.45403270422811,-70.45403270422811
589.5600165224075,-70.45499902448078,-70.45499902448078
589.5700165224075,-70.4559741208652,-70.4559741208652
589.5800165224075,-70.45695809925942,-70.45695809925942
589.5900165224075,-70.45795106338052,-70.45795106338052
589.6000165224075,-70.45895311480359,-70.45895311480359
589.6100165224075,-70.45996435300187,-70.45996435300187
589.6200165224076,-70.46098487536223,-70.46098487536223
589.6300165224076,-70.46201477719946,-70.46201477719946
589.6400165224076,-70.46305415178777,-70.46305415178777
589.6500165224076,-70.46410309040657,-70.46410309040657
589.6600165224075,-70.4651616823322,-70.4651616823322
589.6700165224075,-70.46623001487932,-70.46623001487932
589.6800165224075,-70.46730817343224,-70.46730817343224
589.6900165224075,-70.46839624145504,-70.46839624145504
589.7000165224075,-70.46949430052388,-70.46949430052388
589.7100165224075,-70.47060243034987,-70.47060243034987
589.7200165224075,-70.47172070880485,-70.47172070880485
589.7300165224075,-70.4728492119428,-70.4728492119428
589.7400165224076,-70.47398801401098,-70.47398801401098
589.7500165224076,-70.47513718750571,-70.47513718750571
589.7600165224076,-70.47629680316305,-70.47629680316305
589.7700165224076,-70.47746693000444,-70.47746693000444
589.7800165224075,-70.4786476353393,-70.4786476353393
589.7900165224075,-70.47983898481019,-70.47983898481019
589.8000165224075,-70.48104104239661,-70.48104104239661
589.8100165224075,-70.48225387044941,-70.48225387044941
589.8200165224075,-70.48347752970587,-70.48347752970587
589.8300165224075,-70.4847120793197,-70.4847120793197
589.8400165224075,-70.48595757686566,-70.48595757686566
589.8500165224075,-70.48721407838651,-70.48721407838651
589.8600165224075,-70.48848163840302,-70.48848163840302
589.8700165224076,-70.48976030990933,-70.48976030990933
589.8800165224076,-70.49105014444822,-70.49105014444822
589.8900165224076,-70.49235119209094,-70.49235119209094
589.9000165462494,-70.49366350458965,-70.49366350458965
589.9100165462494,-70.49498712294327,-70.49498712294327
589.9200165462494,-70.49632209604235,-70.49632209604235
589.9300165462494,-70.49766846832223,-70.49766846832223
589.9400165462494,-70.49902628284914,-70.49902628284914
589.9500165462493,-70.50039558136612,-70.50039558136612
589.9600165462493,-70.5017702652403,-70.5017702652403
589.9700165462494,-70.50314769035181,-70.50314769035181
589.9800165462494,-70.50452659309975,-70.50452659309975
589.9900165462494,-70.50590634846952,-70.50590634846952
590.0000165462494,-70.50728668680293,-70.50728668680293
590.0100165462494,-70.50866754650713,-70.50866754650713
590.0200165462494,-70.51004898762596,-70.51004898762596
590.0300165462494,-70.51143113995298,-70.51143113995298
590.0400165462494,-70.5128141717453,-70.5128141717453
590.0500165462494,-70.51419827098039,-70.51419827098039
590.0600165462494,-70.51558363423007,-70.51558363423007
590.0700165462493,-70.51697046006083,-70.51697046006083
590.0800165462493,-70.5183589453697,-70.5183589453697
590.0900165462494,-70.51974928329744,-70.51974928329744
590.1000165462494,-70.52114166227636,-70.52114166227636
590.1100165462494,-70.52253626564244,-70.52253626564244
590.1200165462494,-70.52393327161131,-70.52393327161131
590.1300165462494,-70.52533285345463,-70.52533285345463
590.1400165462494,-70.526735179793,-70.526735179793
590.1500165462494,-70.52814041489088,-70.52814041489088
590.1600165462494,-70.5295487189929,-70.5295487189929
590.1700165462494,-70.53096024862987,-70.53096024862987
590.1800165462494,-70.53237515688454,-70.53237515688454
590.1900165462494,-70.53379359368927,-70.53379359368927
590.2000165462493,-70.53521570600702,-70.53521570600702
590.2100165462493,-70.53664163805622,-70.53664163805622
590.2200165462494,-70.53807153146771,-70.53807153146771
590.2300165462494,-70.53950552547255,-70.53950552547255
590.2400165462494,-70.54094375696911,-70.54094375696911
590.2500165462494,-70.54238636065887,-70.54238636065887
590.2600165462494,-70.54383346916882,-70.54383346916882
590.2700165462494,-70.54528521308302,-70.54528521308302
590.2800165462494,-70.54674172102575,-70.54674172102575
590.2900165462494,-70.54820311973026,-70.54820311973026
590.3000165462494,-70.5496695340626,-70.5496695340626
590.3100165462494,-70.55114108709715,-70.55114108709715
590.3200165462493,-70.5526179001141,-70.5526179001141
590.3300165462493,-70.55410009263909,-70.55410009263909
590.3400165462494,-70.555587782493,-70.555587782493
590.3500165462494,-70.5570810857781,-70.5570810857781
590.3600165462494,-70.55858011691078,-70.55858011691078
590.3700165462494,-70.5600849886296,-70.5600849886296
590.3800165462494,-70.56159581202725,-70.56159581202725
590.3900165462494,-70.56311269654772,-70.56311269654772
590.4000165462494,-70.56463574998929,-70.56463574998929
590.4100165462494,-70.56616507853307,-70.56616507853307
590.4200165462494,-70.56770078673661,-70.56770078673661
590.4300165462494,-70.56924297753953,-70.56924297753953
590.4400165462494,-70.57079175229288,-70.57079175229288
590.4500165462493,-70.57234721073792,-70.57234721073792
590.4600165462493,-70.57390945102927,-70.57390945102927
590.4700165462494,-70.57547856973893,-70.57547856973893
590.4800165462494,-70.57705466186228,-70.57705466186228
590.4900165462494,-70.57863782082417,-70.57863782082417
590.5000165462494,-70.58022813848163,-70.58022813848163
590.5100165462494,-70.5818257051313,-70.5818257051313
590.5200165462494,-70.58343060952954,-70.58343060952954
590.5300165462494,-70.58504293888414,-70.58504293888414
590.5400165462494,-70.5866627788694,-70.5866627788694
590.5500165462494,-70.58829021363485,-70.58829021363485
590.5600165462494,-70.58992532580487,-70.58992532580487
590.5700165462493,-70.59156819649051,-70.59156819649051
590.5800165462493,-70.5932189053114,-70.5932189053114
590.5900165462494,-70.59487753038329,-70.59487753038329
590.6000165462494,-70.59654414834557,-70.59654414834557
590.6100165462494,-70.59821883435734,-70.59821883435734
590.6200165462494,-70.59990166209967,-70.59990166209967
590.6300165462494,-70.60159270382235,-70.60159270382235
590.6400165462494,-70.60329203030909,-70.60329203030909
590.6500165462494,-70.60499971091527,-70.60499971091527
590.6600165462494,-70.60671581357839,-70.60671581357839
590.6700165462494,-70.60844040481606,-70.60844040481606
590.6800165462494,-70.61017354974601,-70.61017354974601
590.6900165462494,-70.61191531209172,-70.61191531209172
590.7000165462493,-70.6136657541843,-70.6136657541843
590.7100165462493,-70.61542493700732,-70.61542493700732
590.7200165462494,-70.61719292017524,-70.61719292017524
590.7300165462494,-70.61896976196363,-70.61896976196363
590.7400165462494,-70.62075551931818,-70.62075551931818
590.7500165700912,-70.62255025213007,-70.62255025213007
590.7600165700912,-70.6243540061932,-70.6243540061932
590.7700165700912,-70.62616683876513,-70.62616683876513
590.7800165700912,-70.62798880158213,-70.62798880158213
590.7900165700912,-70.62981994511152,-70.62981994511152
590.8000165700912,-70.63166031855492,-70.63166031855492
590.8100165700912,-70.6335099698819,-70.6335099698819
590.8200165700913,-70.6353689458199,-70.6353689458199
590.8300165700913,-70.63723729188938,-70.63723729188938
590.8400165700913,-70.63911505238836,-70.63911505238836
590.8500165700913,-70.64100227043272,-70.64100227043272
590.8600165700913,-70.64289898795825,-70.64289898795825
590.8700165700913,-70.64480524574093,-70.64480524574093
590.8800165700912,-70.64672108339109,-70.64672108339109
590.8900165700912,-70.64864653938183,-70.64864653938183
590.9000165700912,-70.65058165107125,-70.65058165107125
590.9100165700912,-70.65252645468833,-70.65252645468833
590.9200165700912,-70.65448098537442,-70.65448098537442
590.9300165700912,-70.65644527716972,-70.65644527716972
590.9400165700913,-70.65841936305894,-70.65841936305894
590.9500165700913,-70.66040327495712,-70.66040327495712
590.9600165700913,-70.66239088887524,-70.66239088887524
590.9700165700913,-70.6643795433776,-70.6643795433776
590.9800165700913,-70.6663679608186,-70.6663679608186
590.9900165700913,-70.66835550380956,-70.66835550380956
591.0000165700912,-70.67034189126255,-70.67034189126255
591.0100165700912,-70.67232705090466,-70.67232705090466
591.0200165700912,-70.67431103265004,-70.67431103265004
591.0300165700912,-70.67629395660401,-70.67629395660401
591.0400165700912,-70.67827598174416,-70.67827598174416
591.0500165700912,-70.68025728714527,-70.68025728714527
591.0600165700912,-70.6822380608176,-70.6822380608176
591.0700165700913,-70.68421849311595,-70.68421849311595
591.0800165700913,-70.68619877301717,-70.68619877301717
591.0900165700913,-70.6881790860659,-70.6881790860659
591.1000165700913,-70.69015961338555,-70.69015961338555
591.1100165700913,-70.69214053128013,-70.69214053128013
591.1200165700913,-70.69412201122148,-70.69412201122148
591.1300165700912,-70.69610422000244,-70.69610422000244
591.1400165700912,-70.69808732000982,-70.69808732000982
591.1500165700912,-70.70007146952724,-70.70007146952724
591.1600165700912,-70.7020568230622,-70.7020568230622
591.1700165700912,-70.70404353164415,-70.70404353164415
591.1800165700912,-70.70603174307792,-70.70603174307792
591.1900165700913,-70.7080216022376,-70.7080216022376
591.2000165700913,-70.71001325125349,-70.71001325125349
591.2100165700913,-70.71200682970058,-70.71200682970058
591.2200165700913,-70.71400247479363,-70.71400247479363
591.2300165700913,-70.71600032151137,-70.71600032151137
591.2400165700913,-70.71800050270814,-70.71800050270814
591.2500165700912,-70.72000314923912,-70.72000314923912
591.2600165700912,-70.72200839003622,-70.72200839003622
591.2700165700912,-70.72401635218569,-70.72401635218569
591.2800165700912,-70.7260271609917,-70.7260271609917
591.2900165700912,-70.72804094001289,-70.72804094001289
591.3000165700912,-70.73005781113558,-70.73005781113558
591.3100165700912,-70.73207789456782,-70.73207789456782
591.3200165700913,-70.7341013089236,-70.7341013089236
591.3300165700913,-70.73612817119648,-70.73612817119648
591.3400165700913,-70.73815859681582,-70.73815859681582
591.3500165700913,-70.74019269963914,-70.74019269963914
591.3600165700913,-70.74223059198819,-70.74223059198819
591.3700165700913,-70.74427238465206,-70.74427238465206
591.3800165700912,-70.74631818688475,-70.74631818688475
591.3900165700912,-70.74836810644096,-70.74836810644096
591.4000165700912,-70.75042224954261,-70.75042224954261
591.4100165700912,-70.75248072094458,-70.75248072094458
591.4200165700912,-70.75454362388255,-70.75454362388255
591.4300165700912,-70.75661106010054,-70.75661106010054
591.4400165700913,-70.75868312986717,-70.75868312986717
591.4500165700913,-70.7607599319643,-70.7607599319643
591.4600165700913,-70.76284156369911,-70.76284156369911
591.4700165700913,-70.76492812089327,-70.76492812089327
591.4800165700913,-70.76701969791047,-70.76701969791047
591.4900165700913,-70.76911638764255,-70.76911638764255
591.5000165700912,-70.77121828152426,-70.77121828152426
591.5100165700912,-70.77332546953699,-70.77332546953699
591.5200165700912,-70.77543804019908,-70.77543804019908
591.5300165700912,-70.77755608059967,-70.77755608059967
591.5400165700912,-70.77967967636859,-70.77967967636859
591.5500165700912,-70.78180891172289,-70.78180891172289
591.5600165700912,-70.78394386942757,-70.78394386942757
591.5700165700913,-70.78608463083609,-70.78608463083609
591.5800165700913,-70.78823127589334,-70.78823127589334
591.5900165700913,-70.7903838831211,-70.7903838831211
591.6000165939331,-70.79254253479361,-70.79254253479361
591.6100165939331,-70.79470729638294,-70.79470729638294
591.6200165939331,-70.79687824734386,-70.79687824734386
591.6300165939331,-70.79905546065466,-70.79905546065466
591.6400165939331,-70.80123900791827,-70.80123900791827
591.6500165939331,-70.80342895936947,-70.80342895936947
591.660016593933,-70.80562538390048,-70.80562538390048
591.6700165939332,-70.80782834904815,-70.80782834904815
591.6800165939331,-70.81003792104461,-70.81003792104461
591.6900165939331,-70.81225416476897,-70.81225416476897
591.7000165939331,-70.81447714380633,-70.81447714380633
591.7100165939331,-70.81670692043193,-70.81670692043193
591.7200165939331,-70.81894355563534,-70.81894355563534
591.7300165939331,-70.82118710911251,-70.82118710911251
591.7400165939331,-70.82343763930888,-70.82343763930888
591.7500165939331,-70.82569520338922,-70.82569520338922
591.7600165939331,-70.82795985728166,-70.82795985728166
591.7700165939331,-70.83023165568193,-70.83023165568193
591.780016593933,-70.83251065204503,-70.83251065204503
591.7900165939332,-70.83479689862281,-70.83479689862281
591.8000165939332,-70.8370904464742,-70.8370904464742
591.8100165939331,-70.83939134544552,-70.83939134544552
591.8200165939331,-70.84169964421784,-70.84169964421784
591.8300165939331,-70.8440153903005,-70.8440153903005
591.8400165939331,-70.84633863005924,-70.84633863005924
591.8500165939331,-70.84866940870279,-70.84866940870279
591.8600165939331,-70.85100777031657,-70.85100777031657
591.8700165939331,-70.8533537578689,-70.8533537578689
591.8800165939331,-70.85570741320758,-70.85570741320758
591.8900165939331,-70.85806877710783,-70.85806877710783
591.9000165939331,-70.86043788925684,-70.86043788925684
591.910016593933,-70.86281478826162,-70.86281478826162
591.9200165939332,-70.86519951167033,-70.86519951167033
591.9300165939331,-70.86759209601172,-70.86759209601172
591.9400165939331,-70.8699925767576,-70.8699925767576
591.9500165939331,-70.87240098836702,-70.87240098836702
591.9600165939331,-70.8748173642841,-70.8748173642841
591.9700165939331,-70.87724173697418,-70.87724173697418
591.9800165939331,-70.87967413789679,-70.87967413789679
591.9900165939331,-70.88211459754854,-70.88211459754854
592.0000165939331,-70.8845631454777,-70.8845631454777
592.0100165939331,-70.88701981026648,-70.88701981026648
592.0200165939331,-70.88948461957902,-70.88948461957902
592.030016593933,-70.89195760013831,-70.89195760013831
592.0400165939332,-70.89443877776489,-70.89443877776489
592.0500165939332,-70.89692817738016,-70.89692817738016
592.0600165939331,-70.89942582301308,-70.89942582301308
592.0700165939331,-70.90193173782666,-70.90193173782666
592.0800165939331,-70.90444594409348,-70.90444594409348
592.0900165939331,-70.9069684632617,-70.9069684632617
592.1000165939331,-70.9094993159229,-70.9094993159229
592.1100165939331,-70.91203852184132,-70.91203852184132
592.1200165939331,-70.91458609996677,-70.91458609996677
592.1300165939331,-70.91714206842714,-70.91714206842714
592.1400165939331,-70.91970644456893,-70.91970644456893
592.1500165939331,-70.92227924494344,-70.92227924494344
592.160016593933,-70.9248604853338,-70.9248604853338
592.1700165939332,-70.92745018073929,-70.92745018073929
592.1800165939331,-70.93004834544512,-70.93004834544512
592.1900165939331,-70.9326549929629,-70.9326549929629
592.2000165939331,-70.93527013608144,-70.93527013608144
592.2100165939331,-70.93789378686604,-70.93789378686604
592.2200165939331,-70.94052595667104,-70.94052595667104
592.2300165939331,-70.94316665615902,-70.94316665615902
592.2400165939331,-70.9458158952905,-70.9458158952905
592.2500165939331,-70.94847368336194,-70.94847368336194
592.2600165939331,-70.95114002897569,-70.95114002897569
592.2700165939331,-70.95381494010267,-70.95381494010267
592.280016593933,-70.95649842404136,-70.95649842404136
592.2900165939332,-70.95919048744616,-70.95919048744616
592.3000165939332,-70.96189113636797,-70.96189113636797
592.3100165939331,-70.96460037621362,-70.96460037621362
592.3200165939331,-70.96731821177495,-70.96731821177495
592.3300165939331,-70.97004464726197,-70.97004464726197
592.3400165939331,-70.97277968627795,-70.97277968627795
592.3500165939331,-70.97552333183961,-70.97552333183961
592.3600165939331,-70.97827558638531,-70.97827558638531
592.3700165939331,-70.98103645180166,-70.98103645180166
592.3800165939331,-70.98380592941109,-70.98380592941109
592.3900165939331,-70.98658401999205,-70.98658401999205
592.4000165939331,-70.98937072376806,-70.98937072376806
592.410016593933,-70.99216604043197,-70.99216604043197
592.4200165939332,-70.99496996916697,-70.99496996916697
592.4300165939331,-70.99778250863775,-70.99778250863775
592.4400165939331,-71.00060365699557,-71.00060365699557
592.450016617775,-71.0034334186396,-71.0034334186396
592.460016617775,-71.0062717772921,-71.0062717772921
592.470016617775,-71.00911873632695,-71.00911873632695
592.4800166177749,-71.0119742919625,-71.0119742919625
592.4900166177749,-71.01483843994458,-71.01483843994458
592.5000166177749,-71.0177111755427,-71.0177111755427
592.5100166177749,-71.0205924935966,-71.0205924935966
592.520016617775,-71.02348238847897,-71.02348238847897
592.530016617775,-71.0263808541544,-71.0263808541544
592.540016617775,-71.02928788413291,-71.02928788413291
592.550016617775,-71.03220347150199,-71.03220347150199
592.560016617775,-71.03512760894976,-71.03512760894976
592.570016617775,-71.0380602887435,-71.0380602887435
592.580016617775,-71.04100150275556,-71.04100150275556
592.590016617775,-71.04395124245113,-71.04395124245113
592.6000166177749,-71.04690949891223,-71.04690949891223
592.6100166177749,-71.04987626285185,-71.04987626285185
592.6200166177749,-71.05285152458751,-71.05285152458751
592.6300166177749,-71.05583527409337,-71.05583527409337
592.640016617775,-71.05882750094494,-71.05882750094494
592.650016617775,-71.06182819439894,-71.06182819439894
592.660016617775,-71.06483734333564,-71.06483734333564
592.670016617775,-71.06785493630476,-71.06785493630476
592.680016617775,-71.070880961521,-71.070880961521
592.690016617775,-71.07391540685346,-71.07391540685346
592.700016617775,-71.07695825985016,-71.07695825985016
592.710016617775,-71.08000331243267,-71.08000331243267
592.720016617775,-71.08304783970412,-71.08304783970412
592.7300166177749,-71.08609050927762,-71.08609050927762
592.7400166177749,-71.08913063338812,-71.08913063338812
592.7500166177749,-71.09216788337302,-71.09216788337302
592.7600166177749,-71.09520214131638,-71.09520214131638
592.770016617775,-71.09823341305402,-71.09823341305402
592.780016617775,-71.10126177587235,-71.10126177587235
592.790016617775,-71.10428734705549,-71.10428734705549
592.800016617775,-71.10731026503589,-71.10731026503589
592.810016617775,-71.11033067811398,-71.11033067811398
592.820016617775,-71.1133487378756,-71.1133487378756
592.830016617775,-71.11636459540661,-71.11636459540661
592.840016617775,-71.11937839923061,-71.11937839923061
592.8500166177749,-71.12239029427425,-71.12239029427425
592.8600166177749,-71.12540042146159,-71.12540042146159
592.8700166177749,-71.12840891765907,-71.12840891765907
592.8800166177749,-71.13141591584257,-71.13141591584257
592.890016617775,-71.13442154534053,-71.13442154534053
592.900016617775,-71.13742593211305,-71.13742593211305
592.910016617775,-71.1404291990505,-71.1404291990505
592.920016617775,-71.14343146628313,-71.14343146628313
592.930016617775,-71.14643285141543,-71.14643285141543
592.940016617775,-71.14943346977684,-71.14943346977684
592.950016617775,-71.15243343462936,-71.15243343462936
592.960016617775,-71.15542665543595,-71.15542665543595
592.970016617775,-71.1584105270828,-71.1584105270828
592.9800166177749,-71.1613838371318,-71.1613838371318
592.9900166177749,-71.16434601723941,-71.16434601723941
593.0000166177749,-71.16729685747005,-71.16729685747005
593.0100166177749,-71.17023635783679,-71.17023635783679
593.020016617775,-71.17316464127214,-71.17316464127214
593.030016617775,-71.17608190136387,-71.17608190136387
593.040016617775,-71.17898837090587,-71.17898837090587
593.050016617775,-71.18188430302884,-71.18188430302884
593.060016617775,-71.18476995996227,-71.18476995996227
593.070016617775,-71.18764560645305,-71.18764560645305
593.080016617775,-71.19051150595666,-71.19051150595666
593.090016617775,-71.19336791859898,-71.19336791859898
593.1000166177749,-71.19621510015925,-71.19621510015925
593.1100166177749,-71.19905330161544,-71.19905330161544
593.1200166177749,-71.201882769133,-71.201882769133
593.1300166177749,-71.20470374418652,-71.20470374418652
593.140016617775,-71.20751646381319,-71.20751646381319
593.150016617775,-71.21032116089519,-71.21032116089519
593.160016617775,-71.21311806442671,-71.21311806442671
593.170016617775,-71.21590739981919,-71.21590739981919
593.180016617775,-71.21868938915172,-71.21868938915172
593.190016617775,-71.22146425137527,-71.22146425137527
593.200016617775,-71.22423220252969,-71.22423220252969
593.210016617775,-71.22699345591293,-71.22699345591293
593.220016617775,-71.22974822221826,-71.22974822221826
593.2300166177749,-71.23249670966652,-71.23249670966652
593.2400166177749,-71.23523912408852,-71.23523912408852
593.2500166177749,-71.23797566902093,-71.23797566902093
593.2600166177749,-71.24070654579847,-71.24070654579847
593.270016617775,-71.24343195356768,-71.24343195356768
593.280016617775,-71.24615208936406,-71.24615208936406
593.290016617775,-71.2488671481298,-71.2488671481298
593.3000166416168,-71.25157732920324,-71.25157732920324
593.3100166416168,-71.25428281053237,-71.25428281053237
593.3200166416168,-71.25698378741737,-71.25698378741737
593.3300166416168,-71.25968044668842,-71.25968044668842
593.3400166416168,-71.26237297318073,-71.26237297318073
593.3500166416168,-71.26506154973995,-71.26506154973995
593.3600166416168,-71.2677463572375,-71.2677463572375
593.3700166416169,-71.27042757453052,-71.27042757453052
593.3800166416169,-71.2731053785192,-71.2731053785192
593.3900166416169,-71.27577994412141,-71.27577994412141
593.4000166416168,-71.27845144425852,-71.27845144425852
593.4100166416168,-71.28112004986947,-71.28112004986947
593.4200166416168,-71.28378592991818,-71.28378592991818
593.4300166416168,-71.28644925137317,-71.28644925137317
593.4400166416168,-71.28911017921516,-71.28911017921516
593.4500166416168,-71.29176887643405,-71.29176887643405
593.4600166416168,-71.29442550403604,-71.29442550403604
593.4700166416168,-71.29708022104151,-71.29708022104151
593.4800166416168,-71.29973318447166,-71.29973318447166
593.4900166416169,-71.30238454936257,-71.30238454936257
593.5000166416169,-71.30503446877862,-71.30503446877862
593.5100166416169,-71.3076830937816,-71.3076830937816
593.5200166416168,-71.31033057345903,-71.31033057345903
593.5300166416168,-71.31297705491994,-71.31297705491994
593.5400166416168,-71.3156226833052,-71.3156226833052
593.5500166416168,-71.31826760178545,-71.31826760178545
593.5600166416168,-71.32091195156434,-71.32091195156434
593.5700166416168,-71.32355587189052,-71.32355587189052
593.5800166416168,-71.32619950006006,-71.32619950006006
593.5900166416168,-71.32884297142839,-71.32884297142839
593.6000166416168,-71.33148641941413,-71.33148641941413
593.6100166416168,-71.33412997550148,-71.33412997550148
593.6200166416169,-71.33677376927523,-71.33677376927523
593.6300166416169,-71.33941792839154,-71.33941792839154
593.6400166416169,-71.34206257861565,-71.34206257861565
593.6500166416168,-71.34470784381942,-71.34470784381942
593.6600166416168,-71.34735384600674,-71.34735384600674
593.6700166416168,-71.35000070530532,-71.35000070530532
593.6800166416168,-71.3526485399912,-71.3526485399912
593.6900166416168,-71.35529746649695,-71.35529746649695
593.7000166416168,-71.35794759942306,-71.35794759942306
593.7100166416168,-71.36059905156,-71.36059905156
593.7200166416168,-71.36325193387978,-71.36325193387978
593.7300166416168,-71.36590635558602,-71.36590635558602
593.7400166416169,-71.36856242408032,-71.36856242408032
593.7500166416169,-71.37122024502229,-71.37122024502229
593.7600166416169,-71.37387992231292,-71.37387992231292
593.7700166416168,-71.37654155812012,-71.37654155812012
593.7800166416168,-71.37920525289944,-71.37920525289944
593.7900166416168,-71.38187110538702,-71.38187110538702
593.8000166416168,-71.3845392126504,-71.3845392126504
593.8100166416168,-71.38720967007228,-71.38720967007228
593.8200166416168,-71.38988257138442,-71.38988257138442
593.8300166416168,-71.39255800865594,-71.39255800865594
593.8400166416168,-71.39523607236976,-71.39523607236976
593.8500166416168,-71.39791685136171,-71.39791685136171
593.8600166416168,-71.400600432887,-71.400600432887
593.8700166416169,-71.40328690262453,-71.40328690262453
593.8800166416169,-71.40597634469921,-71.40597634469921
593.8900166416169,-71.4086688416718,-71.4086688416718
593.9000166416168,-71.41136447458851,-71.41136447458851
593.9100166416168,-71.41406332298261,-71.41406332298261
593.9200166416168,-71.4167654648834,-71.4167654648834
593.9300166416168,-71.41947097684792,-71.41947097684792
593.9400166416168,-71.422179933959,-71.422179933959
593.9500166416168,-71.42489240986544,-71.42489240986544
593.9600166416168,-71.42760847678142,-71.42760847678142
593.9700166416168,-71.43032820550988,-71.43032820550988
593.9800166416168,-71.433051665458,-71.433051665458
593.9900166416169,-71.43577892463283,-71.43577892463283
594.0000166416169,-71.43851004969751,-71.43851004969751
594.0100166416169,-71.4412451059597,-71.4412451059597
594.0200166416168,-71.44398415739386,-71.44398415739386
594.0300166416168,-71.44672726666327,-71.44672726666327
594.0400166416168,-71.4494744951189,-71.4494744951189
594.0500166416168,-71.45222590283976,-71.45222590283976
594.0600166416168,-71.4549815486338,-71.4549815486338
594.0700166416168,-71.45774149004455,-71.45774149004455
594.0800166416168,-71.46050578340667,-71.46050578340667
594.0900166416168,-71.46327448381227,-71.46327448381227
594.1000166416168,-71.46604764514552,-71.46604764514552
594.1100166416168,-71.46882532012212,-71.46882532012212
594.1200166416169,-71.4716075602546,-71.4716075602546
594.1300166416169,-71.47439441592257,-71.47439441592257
594.1400166416169,-71.47718593634866,-71.47718593634866
594.1500166654587,-71.47998217629187,-71.47998217629187
594.1600166654587,-71.48278316944223,-71.48278316944223
594.1700166654587,-71.4855889683038,-71.4855889683038
594.1800166654587,-71.48839961768572,-71.48839961768572
594.1900166654586,-71.4912151613124,-71.4912151613124
594.2000166654586,-71.49403564186534,-71.49403564186534
594.2100166654586,-71.49685486904278,-71.49685486904278
594.2200166654587,-71.49967015527936,-71.49967015527936
594.2300166654587,-71.50248021288888,-71.50248021288888
594.2400166654587,-71.50528440174372,-71.50528440174372
594.2500166654587,-71.50808244215816,-71.50808244215816
594.2600166654587,-71.51087426575833,-71.51087426575833
594.2700166654587,-71.51365992793112,-71.51365992793112
594.2800166654587,-71.51643955534769,-71.51643955534769
594.2900166654587,-71.51921331431835,-71.51921331431835
594.3000166654587,-71.5219813918325,-71.5219813918325
594.3100166654586,-71.52474398426003,-71.52474398426003
594.3200166654586,-71.52750129071244,-71.52750129071244
594.3300166654586,-71.53025350926761,-71.53025350926761
594.3400166654587,-71.5330008348655,-71.5330008348655
594.3500166654587,-71.53574345831228,-71.53574345831228
594.3600166654587,-71.53848156583646,-71.53848156583646
594.3700166654587,-71.5412153390782,-71.5412153390782
594.3800166654587,-71.54394495521208,-71.54394495521208
594.3900166654587,-71.54667058722174,-71.54667058722174
594.4000166654587,-71.54939240418821,-71.54939240418821
594.4100166654587,-71.5521105715905,-71.5521105715905
594.4200166654587,-71.55482525158884,-71.55482525158884
594.4300166654587,-71.55753660332009,-71.55753660332009
594.4400166654586,-71.56024478310498,-71.56024478310498
594.4500166654586,-71.56294994468743,-71.56294994468743
594.4600166654586,-71.56565223939009,-71.56565223939009
594.4700166654587,-71.5683518162983,-71.5683518162983
594.4800166654587,-71.57104882239248,-71.57104882239248
594.4900166654587,-71.57374340263772,-71.57374340263772
594.5000166654587,-71.57643570011916,-71.57643570011916
594.5100166654587,-71.57912585608524,-71.57912585608524
594.5200166654587,-71.58181401004839,-71.58181401004839
594.5300166654587,-71.58450029982218,-71.58450029982218
594.5400166654587,-71.58718486157913,-71.58718486157913
594.5500166654587,-71.58986782988632,-71.58986782988632
594.5600166654586,-71.5925493377298,-71.5925493377298
594.5700166654586,-71.59522951653332,-71.59522951653332
594.5800166654586,-71.59790849621506,-71.59790849621506
594.5900166654587,-71.60058640516449,-71.60058640516449
594.6000166654587,-71.60326337028944,-71.60326337028944
594.6100166654587,-71.60593951699542,-71.60593951699542
594.6200166654587,-71.60861496922178,-71.60861496922178
594.6300166654587,-71.61128984942053,-71.61128984942053
594.6400166654587,-71.61396427858628,-71.61396427858628
594.6500166654587,-71.6166383762556,-71.6166383762556
594.6600166654587,-71.61931226050399,-71.61931226050399
594.6700166654587,-71.62198604794641,-71.62198604794641
594.6800166654587,-71.6246598537451,-71.6246598537451
594.6900166654586,-71.62733379161907,-71.62733379161907
594.7000166654586,-71.6300079738297,-71.6300079738297
594.7100166654586,-71.6326825111922,-71.6326825111922
594.7200166654587,-71.63535751307532,-71.63535751307532
594.7300166654587,-71.6380330874121,-71.6380330874121
594.7400166654587,-71.6407093406867,-71.6407093406867
594.7500166654587,-71.64338637794728,-71.64338637794728
594.7600166654587,-71.64606430279191,-71.64606430279191
594.7700166654587,-71.64874321741964,-71.64874321741964
594.7800166654587,-71.65142322256447,-71.65142322256447
594.7900166654587,-71.65410441755334,-71.65410441755334
594.8000166654587,-71.65678690028072,-71.65678690028072
594.8100166654586,-71.65947076723079,-71.65947076723079
594.8200166654586,-71.66215611347347,-71.66215611347347
594.8300166654586,-71.6648430326691,-71.6648430326691
594.8400166654587,-71.6675316170753,-71.6675316170753
594.8500166654587,-71.67022195756603,-71.67022195756603
594.8600166654587,-71.67291414360676,-71.67291414360676
594.8700166654587,-71.67560826328703,-71.67560826328703
594.8800166654587,-71.67830440332546,-71.67830440332546
594.8900166654587,-71.6810026490607,-71.6810026490607
594.9000166654587,-71.68370308446964,-71.68370308446964
594.9100166654587,-71.68640579219131,-71.68640579219131
594.9200166654587,-71.68911085350526,-71.68911085350526
594.9300166654587,-71.69181834835655,-71.69181834835655
594.9400166654586,-71.69452835536697,-71.69452835536697
594.9500166654586,-71.69724095183373,-71.69724095183373
594.9600166654586,-71.69994996391667,-71.69994996391667
594.9700166654587,-71.702652730189,-71.702652730189
594.9800166654587,-71.70534799274743,-71.70534799274743
594.9900166654587,-71.70803514279451,-71.70803514279451
595.0000166893005,-71.71071393907187,-71.71071393907187
595.0100166893005,-71.71338433274427,-71.71338433274427
595.0200166893005,-71.71604641804913,-71.71604641804913
595.0300166893005,-71.71870035399397,-71.71870035399397
595.0400166893005,-71.72134633907666,-71.72134633907666
595.0500166893005,-71.72398459227028,-71.72398459227028
595.0600166893005,-71.72661534168135,-71.72661534168135
595.0700166893006,-71.72923881791246,-71.72923881791246
595.0800166893006,-71.73185525025102,-71.73185525025102
595.0900166893006,-71.73446486455472,-71.73446486455472
595.1000166893006,-71.73706788226474,-71.73706788226474
595.1100166893006,-71.73966451996714,-71.73966451996714
595.1200166893005,-71.7422549893373,-71.7422549893373
595.1300166893005,-71.74483949730998,-71.74483949730998
595.1400166893005,-71.74741824632936,-71.74741824632936
595.1500166893005,-71.74999143460404,-71.74999143460404
595.1600166893005,-71.75255925649213,-71.75255925649213
595.1700166893005,-71.75512190269552,-71.75512190269552
595.1800166893005,-71.75767956059946,-71.75767956059946
595.1900166893006,-71.76023241447044,-71.76023241447044
595.2000166893006,-71.76278064570316,-71.76278064570316
595.2100166893006,-71.76532443295831,-71.76532443295831
595.2200166893006,-71.76786395237201,-71.76786395237201
595.2300166893006,-71.77039937765103,-71.77039937765103
595.2400166893005,-71.77293088020625,-71.77293088020625
595.2500166893005,-71.77545862926117,-71.77545862926117
595.2600166893005,-71.77798279190984,-71.77798279190984
595.2700166893005,-71.78050353319965,-71.78050353319965
595.2800166893005,-71.78302101619789,-71.78302101619789
595.2900166893005,-71.78553540201845,-71.78553540201845
595.3000166893005,-71.78804684987725,-71.78804684987725
595.3100166893005,-71.79055551712271,-71.79055551712271
595.3200166893006,-71.79306155925099,-71.79306155925099
595.3300166893006,-71.79556512995421,-71.79556512995421
595.3400166893006,-71.798066381113,-71.798066381113
595.3500166893006,-71.80056546282273,-71.80056546282273
595.3600166893006,-71.8030625234114,-71.8030625234114
595.3700166893005,-71.80555770944441,-71.80555770944441
595.3800166893005,-71.80805116572704,-71.80805116572704
595.3900166893005,-71.81054303532338,-71.81054303532338
595.4000166893005,-71.81303345955897,-71.81303345955897
595.4100166893005,-71.81552257801738,-71.81552257801738
595.4200166893005,-71.8180105285555,-71.8180105285555
595.4300166893005,-71.82049744731039,-71.82049744731039
595.4400166893006,-71.82298346869123,-71.82298346869123
595.4500166893006,-71.8254687253964,-71.8254687253964
595.4600166893006,-71.8279533484093,-71.8279533484093
595.4700166893006,-71.83043746699865,-71.83043746699865
595.4800166893006,-71.83292120874225,-71.83292120874225
595.4900166893005,-71.83540469950402,-71.83540469950402
595.5000166893005,-71.83788806346537,-71.83788806346537
595.5100166893005,-71.8403714231094,-71.8403714231094
595.5200166893005,-71.842854899243,-71.842854899243
595.5300166893005,-71.84533861098708,-71.84533861098708
595.5400166893005,-71.84782267579234,-71.84782267579234
595.5500166893005,-71.85030720944843,-71.85030720944843
595.5600166893005,-71.85279232607965,-71.85279232607965
595.5700166893006,-71.85527813816014,-71.85527813816014
595.5800166893006,-71.85776475653184,-71.85776475653184
595.5900166893006,-71.86025229038651,-71.86025229038651
595.6000166893006,-71.86274084728734,-71.86274084728734
595.6100166893006,-71.865230533191,-71.865230533191
595.6200166893005,-71.86772145243523,-71.86772145243523
595.6300166893005,-71.87021370776131,-71.87021370776131
595.6400166893005,-71.87270740031887,-71.87270740031887
595.6500166893005,-71.87520262967769,-71.87520262967769
595.6600166893005,-71.87769949383913,-71.87769949383913
595.6700166893005,-71.8801980892375,-71.8801980892375
595.6800166893005,-71.88269851077196,-71.88269851077196
595.6900166893006,-71.88520085179027,-71.88520085179027
595.7000166893006,-71.88770520412703,-71.88770520412703
595.7100166893006,-71.8902053918139,-71.8902053918139
595.7200166893006,-71.89269876047342,-71.89269876047342
595.7300166893006,-71.89518406275849,-71.89518406275849
595.7400166893005,-71.8976607019319,-71.8976607019319
595.7500166893005,-71.90012844314599,-71.90012844314599
595.7600166893005,-71.90258726352032,-71.90258726352032
595.7700166893005,-71.90503726414849,-71.90503726414849
595.7800166893005,-71.90747861733516,-71.90747861733516
595.7900166893005,-71.90991153478247,-71.90991153478247
595.8000166893005,-71.91233624854175,-71.91233624854175
595.8100166893005,-71.91475299965329,-71.91475299965329
595.8200166893006,-71.91716203148324,-71.91716203148324
595.8300166893006,-71.91956358591715,-71.91956358591715
595.8400166893006,-71.9219579012352,-71.9219579012352
595.8500167131424,-71.92434521680508,-71.92434521680508
595.8600167131424,-71.92672574988427,-71.92672574988427
595.8700167131424,-71.9290997297453,-71.9290997297453
595.8800167131424,-71.93146737504804,-71.93146737504804
595.8900167131424,-71.93382889977605,-71.93382889977605
595.9000167131423,-71.93618451354378,-71.93618451354378
595.9100167131423,-71.93853442190104,-71.93853442190104
595.9200167131424,-71.94087882661844,-71.94087882661844
595.9300167131424,-71.94321792597768,-71.94321792597768
595.9400167131424,-71.94555191497838,-71.94555191497838
595.9500167131424,-71.94788098558551,-71.94788098558551
595.9600167131424,-71.95020532690017,-71.95020532690017
595.9700167131424,-71.95252512532457,-71.95252512532457
595.9800167131424,-71.95484056469812,-71.95484056469812
595.9900167131424,-71.95715182641717,-71.95715182641717
596.0000167131424,-71.95945908952473,-71.95945908952473
596.0100167131424,-71.96176253081511,-71.96176253081511
596.0200167131424,-71.96406232488398,-71.96406232488398
596.0300167131423,-71.96635864420125,-71.96635864420125
596.0400167131424,-71.96865165914758,-71.96865165914758
596.0500167131424,-71.9709415380823,-71.9709415380823
596.0600167131424,-71.97322844735105,-71.97322844735105
596.0700167131424,-71.9755125513211,-71.9755125513211
596.0800167131424,-71.97779401242408,-71.97779401242408
596.0900167131424,-71.98007299113648,-71.98007299113648
596.1000167131424,-71.982349646037,-71.982349646037
596.1100167131424,-71.98462413381182,-71.98462413381182
596.1200167131424,-71.98689660924859,-71.98689660924859
596.1300167131424,-71.98916722525826,-71.98916722525826
596.1400167131424,-71.9914361328933,-71.9914361328933
596.1500167131423,-71.99370348133449,-71.99370348133449
596.1600167131423,-71.99596941792092,-71.99596941792092
596.1700167131424,-71.99823408813786,-71.99823408813786
596.1800167131424,-72.00049763564564,-72.00049763564564
596.1900167131424,-72.00276020224537,-72.00276020224537
596.2000167131424,-72.00502192792027,-72.00502192792027
596.2100167131424,-72.00728295083553,-72.00728295083553
596.2200167131424,-72.00954340733371,-72.00954340733371
596.2300167131424,-72.01180343195355,-72.01180343195355
596.2400167131424,-72.0140631574137,-72.0140631574137
596.2500167131424,-72.0163227146361,-72.0163227146361
596.2600167131424,-72.01858223276784,-72.01858223276784
596.2700167131424,-72.0208418391488,-72.0208418391488
596.2800167131423,-72.02310165934432,-72.02310165934432
596.2900167131424,-72.02536181714723,-72.02536181714723
596.3000167131424,-72.0276224346047,-72.0276224346047
596.3100167131424,-72.0298836319905,-72.0298836319905
596.3200167131424,-72.03214552783074,-72.03214552783074
596.3300167131424,-72.03440823891226,-72.03440823891226
596.3400167131424,-72.03667188030842,-72.03667188030842
596.3500167131424,-72.03893656535682,-72.03893656535682
596.3600167131424,-72.04120240569637,-72.04120240569637
596.3700167131424,-72.04346951126092,-72.04346951126092
596.3800167131424,-72.04573799030304,-72.04573799030304
596.3900167131424,-72.0480079493908,-72.0480079493908
596.4000167131423,-72.05027949343406,-72.05027949343406
596.4100167131423,-72.05255272567753,-72.05255272567753
596.4200167131424,-72.05482774772916,-72.05482774772916
596.4300167131424,-72.05710465957871,-72.05710465957871
596.4400167131424,-72.05938355957365,-72.05938355957365
596.4500167131424,-72.06166454447298,-72.06166454447298
596.4600167131424,-72.06394770943676,-72.06394770943676
596.4700167131424,-72.06623314804952,-72.06623314804952
596.4800167131424,-72.068520952326,-72.068520952326
596.4900167131424,-72.07081121272341,-72.07081121272341
596.5000167131424,-72.07310401816945,-72.07310401816945
596.5100167131424,-72.07539945605897,-72.07539945605897
596.5200167131424,-72.07769761227871,-72.07769761227871
596.5300167131423,-72.07999857121077,-72.07999857121077
596.5400167131424,-72.08230241576159,-72.08230241576159
596.5500167131424,-72.08460922736403,-72.08460922736403
596.5600167131424,-72.08691908599064,-72.08691908599064
596.5700167131424,-72.08923207018825,-72.08923207018825
596.5800167131424,-72.0915482570548,-72.0915482570548
596.5900167131424,-72.0938677222908,-72.0938677222908
596.6000167131424,-72.09619054019512,-72.09619054019512
596.6100167131424,-72.09851678369725,-72.09851678369725
596.6200167131424,-72.10084652432987,-72.10084652432987
596.6300167131424,-72.10317983229078,-72.10317983229078
596.6400167131424,-72.1055167764389,-72.1055167764389
596.6500167131423,-72.10785742430997,-72.10785742430997
596.6600167131423,-72.11020184211947,-72.11020184211947
596.6700167131424,-72.11255009479501,-72.11255009479501
596.6800167131424,-72.11490224598198,-72.11490224598198
596.6900167131424,-72.11725835807135,-72.11725835807135
596.7000167369843,-72.11961849780438,-72.11961849780438
596.7100167369842,-72.1219827138577,-72.1219827138577
596.7200167369842,-72.12435107049657,-72.12435107049657
596.7300167369842,-72.12672362519369,-72.12672362519369
596.7400167369842,-72.12910043421566,-72.12910043421566
596.7500167369842,-72.1314815526626,-72.1314815526626
596.7600167369842,-72.13386703445796,-72.13386703445796
596.7700167369843,-72.1362569323827,-72.1362569323827
596.7800167369843,-72.13865129808356,-72.13865129808356
596.7900167369843,-72.14105018207921,-72.14105018207921
596.8000167369843,-72.14345363378585,-72.14345363378585
596.8100167369843,-72.14586170152843,-72.14586170152843
596.8200167369843,-72.14827443254548,-72.14827443254548
596.8300167369842,-72.15069187300686,-72.15069187300686
596.8400167369842,-72.1531140680401,-72.1531140680401
596.8500167369842,-72.15554106173109,-72.15554106173109
596.8600167369842,-72.15797289713842,-72.15797289713842
596.8700167369842,-72.16040961629699,-72.16040961629699
596.8800167369842,-72.1628512602641,-72.1628512602641
596.8900167369843,-72.16529786910355,-72.16529786910355
596.9000167369843,-72.16774948191343,-72.16774948191343
596.9100167369843,-72.17020613681878,-72.17020613681878
596.9200167369843,-72.17266787100121,-72.17266787100121
596.9300167369843,-72.17513472071464,-72.17513472071464
596.9400167369843,-72.17760672129423,-72.17760672129423
596.9500167369843,-72.1800839071584,-72.1800839071584
596.9600167369842,-72.18256631183964,-72.18256631183964
596.9700167369842,-72.18505396797327,-72.18505396797327
596.9800167369842,-72.18754690733134,-72.18754690733134
596.9900167369842,-72.19004516082718,-72.19004516082718
597.0000167369842,-72.19254875852977,-72.19254875852977
597.0100167369842,-72.19505772965853,-72.19505772965853
597.0200167369843,-72.1975721026108,-72.1975721026108
597.0300167369843,-72.20009190499405,-72.20009190499405
597.0400167369843,-72.20261716358905,-72.20261716358905
597.0500167369843,-72.20514790439559,-72.20514790439559
597.0600167369843,-72.20768415264317,-72.20768415264317
597.0700167369843,-72.2102259327845,-72.2102259327845
597.0800167369842,-72.21277326851626,-72.21277326851626
597.0900167369842,-72.21532618279251,-72.21532618279251
597.1000167369842,-72.2178846978279,-72.2178846978279
597.1100167369842,-72.22044883511613,-72.22044883511613
597.1200167369842,-72.22301861544226,-72.22301861544226
597.1300167369842,-72.22559405888376,-72.22559405888376
597.1400167369843,-72.22817518481888,-72.22817518481888
597.1500167369843,-72.2307620119525,-72.2307620119525
597.1600167369843,-72.23335455831712,-72.23335455831712
597.1700167369843,-72.23595284126806,-72.23595284126806
597.1800167369843,-72.2385568775325,-72.2385568775325
597.1900167369843,-72.241166683163,-72.241166683163
597.2000167369843,-72.24378227360401,-72.24378227360401
597.2100167369842,-72.2463973648741,-72.2463973648741
597.2200167369842,-72.2490092129561,-72.2490092129561
597.2300167369842,-72.25161648871315,-72.25161648871315
597.2400167369842,-72.25421851772228,-72.25421851772228
597.2500167369842,-72.25681499014065,-72.25681499014065
597.2600167369842,-72.25940581000644,-72.25940581000644
597.2700167369843,-72.26199100687187,-72.26199100687187
597.2800167369843,-72.26457068273228,-72.26457068273228
597.2900167369843,-72.26714498009525,-72.26714498009525
597.3000167369843,-72.26971406282684,-72.26971406282684
597.3100167369843,-72.27227810471908,-72.27227810471908
597.3200167369843,-72.27483728282571,-72.27483728282571
597.3300167369842,-72.27739177357988,-72.27739177357988
597.3400167369842,-72.2799417507066,-72.2799417507066
597.3500167369842,-72.2824873841769,-72.2824873841769
597.3600167369842,-72.28502883978233,-72.28502883978233
597.3700167369842,-72.28756627909391,-72.28756627909391
597.3800167369842,-72.29009985957242,-72.29009985957242
597.3900167369843,-72.29262973485208,-72.29262973485208
597.4000167369843,-72.29515605501584,-72.29515605501584
597.4100167369843,-72.29767896689505,-72.29767896689505
597.4200167369843,-72.30019861435659,-72.30019861435659
597.4300167369843,-72.30271513856172,-72.30271513856172
597.4400167369843,-72.3052286781989,-72.3052286781989
597.4500167369843,-72.30773936970881,-72.30773936970881
597.4600167369842,-72.31024734742616,-72.31024734742616
597.4700167369842,-72.31275274378639,-72.31275274378639
597.4800167369842,-72.31525568940671,-72.31525568940671
597.4900167369842,-72.31775631322151,-72.31775631322151
597.5000167369842,-72.3202547425863,-72.3202547425863
597.5100167369842,-72.32275110330839,-72.32275110330839
597.5200167369843,-72.32524551974805,-72.32524551974805
597.5300167369843,-72.32773811489143,-72.32773811489143
597.5400167369843,-72.33022901032581,-72.33022901032581
597.5500167608261,-72.33271833225166,-72.33271833225166
597.5600167608261,-72.33520618779973,-72.33520618779973
597.5700167608261,-72.33769270058615,-72.33769270058615
597.5800167608261,-72.34017798704964,-72.34017798704964
597.5900167608261,-72.34266216237037,-72.34266216237037
597.6000167608261,-72.34514534049524,-72.34514534049524
597.610016760826,-72.34762763413227,-72.34762763413227
597.6200167608262,-72.35010915475722,-72.35010915475722
597.6300167608262,-72.35259001263258,-72.35259001263258
597.6400167608261,-72.35507031678699,-72.35507031678699
597.6500167608261,-72.35755017502083,-72.35755017502083
597.6600167608261,-72.36002969390432,-72.36002969390432
597.6700167608261,-72.36250897879387,-72.36250897879387
597.6800167608261,-72.3649881338139,-72.3649881338139
597.6900167608261,-72.36746726184562,-72.36746726184562
597.7000167608261,-72.36994646455761,-72.36994646455761
597.7100167608261,-72.37241953265394,-72.37241953265394
597.7200167608261,-72.37488380234407,-72.37488380234407
597.7300167608261,-72.37733802655639,-72.37733802655639
597.7400167608262,-72.37978161340558,-72.37978161340558
597.7500167608262,-72.38221433557848,-72.38221433557848
597.7600167608261,-72.38463617936308,-72.38463617936308
597.7700167608261,-72.38704725612865,-72.38704725612865
597.7800167608261,-72.38944774916312,-72.38944774916312
597.7900167608261,-72.39183788170196,-72.39183788170196
597.8000167608261,-72.39421789770628,-72.39421789770628
597.8100167608261,-72.39658805043766,-72.39658805043766
597.8200167608261,-72.39894859571791,-72.39894859571791
597.8300167608261,-72.40129978809155,-72.40129978809155
597.8400167608261,-72.40364187870361,-72.40364187870361
597.8500167608261,-72.40597511423722,-72.40597511423722
597.860016760826,-72.40829973648866,-72.40829973648866
597.8700167608262,-72.41061598231462,-72.41061598231462
597.8800167608262,-72.41292408376115,-72.41292408376115
597.8900167608261,-72.41522426829792,-72.41522426829792
597.9000167608261,-72.41751675911748,-72.41751675911748
597.9100167608261,-72.41980177543053,-72.41980177543053
597.9200167608261,-72.42207953274126,-72.42207953274126
597.9300167608261,-72.42435024312036,-72.42435024312036
597.9400167608261,-72.42661411540784,-72.42661411540784
597.9500167608261,-72.42887135545712,-72.42887135545712
597.9600167608261,-72.4311221662922,-72.4311221662922
597.9700167608261,-72.43336674826163,-72.43336674826163
597.9800167608261,-72.43560529916374,-72.43560529916374
597.9900167608262,-72.43783801436817,-72.43783801436817
598.0000167608262,-72.44006508691234,-72.44006508691234
598.0100167608261,-72.44228670755268,-72.44228670755268
598.0200167608261,-72.4445030648615,-72.4445030648615
598.0300167608261,-72.44671434527159,-72.44671434527159
598.0400167608261,-72.4489207330936,-72.4489207330936
598.0500167608261,-72.45112241059063,-72.45112241059063
598.0600167608261,-72.45331955798615,-72.45331955798615
598.0700167608261,-72.45551235348323,-72.45551235348323
598.0800167608261,-72.4577009733138,-72.4577009733138
598.0900167608261,-72.45988559171106,-72.45988559171106
598.1000167608261,-72.46206638096227,-72.46206638096227
598.110016760826,-72.46424351139227,-72.46424351139227
598.1200167608262,-72.4664171513695,-72.4664171513695
598.1300167608262,-72.46858746736035,-72.46858746736035
598.1400167608261,-72.47075462386849,-72.47075462386849
598.1500167608261,-72.47291878347148,-72.47291878347148
598.1600167608261,-72.47508010683477,-72.47508010683477
598.1700167608261,-72.47723875269318,-72.47723875269318
598.1800167608261,-72.4793948778746,-72.4793948778746
598.1900167608261,-72.48154863728743,-72.48154863728743
598.2000167608261,-72.48370018393136,-72.48370018393136
598.2100167608261,-72.48584966889513,-72.48584966889513
598.2200167608261,-72.48799724136364,-72.48799724136364
598.2300167608261,-72.49014304863614,-72.49014304863614
598.2400167608262,-72.4922872360967,-72.4922872360967
598.2500167608262,-72.49442994726228,-72.49442994726228
598.2600167608261,-72.49657132374843,-72.49657132374843
598.2700167608261,-72.49871150529157,-72.49871150529157
598.2800167608261,-72.50085062976368,-72.50085062976368
598.2900167608261,-72.50298883315722,-72.50298883315722
598.3000167608261,-72.5051262496199,-72.5051262496199
598.3100167608261,-72.50726301143519,-72.50726301143519
598.3200167608261,-72.50939924903814,-72.50939924903814
598.3300167608261,-72.51153509103435,-72.51153509103435
598.3400167608261,-72.5136706642,-72.5136706642
598.3500167608261,-72.51580609348866,-72.51580609348866
598.360016760826,-72.51794150204572,-72.51794150204572
598.3700167608262,-72.52007701121632,-72.52007701121632
598.3800167608262,-72.52221274055802,-72.52221274055802
598.3900167608261,-72.52434880784979,-72.52434880784979
598.400016784668,-72.52648533418535,-72.52648533418535
598.410016784668,-72.52862242365642,-72.52862242365642
598.420016784668,-72.53076019384534,-72.53076019384534
598.4300167846679,-72.5328987555315,-72.5328987555315
598.4400167846679,-72.53503821777879,-72.53503821777879
598.4500167846679,-72.53717868792505,-72.53717868792505
598.4600167846679,-72.53932027163233,-72.53932027163233
598.470016784668,-72.54146307287985,-72.54146307287985
598.480016784668,-72.5436071939709,-72.5436071939709
598.490016784668,-72.54575273555999,-72.54575273555999
598.500016784668,-72.54789979666403,-72.54789979666403
598.510016784668,-72.55004847466176,-72.55004847466176
598.520016784668,-72.55219886533996,-72.55219886533996
598.530016784668,-72.55435106286247,-72.55435106286247
598.540016784668,-72.55650515983965,-72.55650515983965
598.550016784668,-72.55866124730284,-72.55866124730284
598.5600167846679,-72.5608194147197,-72.5608194147197
598.5700167846679,-72.56297975003224,-72.56297975003224
598.5800167846679,-72.56514233964621,-72.56514233964621
598.590016784668,-72.56730726847698,-72.56730726847698
598.600016784668,-72.56947461993835,-72.56947461993835
598.610016784668,-72.5716444759669,-72.5716444759669
598.620016784668,-72.57381691703807,-72.57381691703807
598.630016784668,-72.57599202217727,-72.57599202217727
598.640016784668,-72.5781698689831,-72.5781698689831
598.650016784668,-72.5803505336382,-72.5803505336382
598.660016784668,-72.58253409091947,-72.58253409091947
598.670016784668,-72.58472061422849,-72.58472061422849
598.6800167846679,-72.5869101755876,-72.5869101755876
598.6900167846679,-72.58910284566936,-72.58910284566936
598.7000167846679,-72.59129869380773,-72.59129869380773
598.7100167846679,-72.5934977880104,-72.5934977880104
598.720016784668,-72.5957001949722,-72.5957001949722
598.730016784668,-72.59790598011618,-72.59790598011618
598.740016784668,-72.60011520756517,-72.60011520756517
598.750016784668,-72.602327940187,-72.602327940187
598.760016784668,-72.60454423961139,-72.60454423961139
598.770016784668,-72.60676416622273,-72.60676416622273
598.780016784668,-72.60898777919093,-72.60898777919093
598.790016784668,-72.6112151364951,-72.6112151364951
598.800016784668,-72.6134462949074,-72.6134462949074
598.8100167846679,-72.61568131004753,-72.61568131004753
598.8200167846679,-72.61792023636919,-72.61792023636919
598.8300167846679,-72.62016312717752,-72.62016312717752
598.840016784668,-72.62241003465067,-72.62241003465067
598.850016784668,-72.62466100987068,-72.62466100987068
598.860016784668,-72.62691610279053,-72.62691610279053
598.870016784668,-72.62917536230474,-72.62917536230474
598.880016784668,-72.63143883620972,-72.63143883620972
598.890016784668,-72.63370657126508,-72.63370657126508
598.900016784668,-72.63597861317962,-72.63597861317962
598.910016784668,-72.63825500663543,-72.63825500663543
598.920016784668,-72.6405357952876,-72.6405357952876
598.9300167846679,-72.64282102179945,-72.64282102179945
598.9400167846679,-72.64511072784674,-72.64511072784674
598.9500167846679,-72.64740495411654,-72.64740495411654
598.9600167846679,-72.64969740611713,-72.64969740611713
598.970016784668,-72.65198534881999,-72.65198534881999
598.980016784668,-72.65426746963078,-72.65426746963078
598.990016784668,-72.65654311396197,-72.65654311396197
599.000016784668,-72.65881199349374,-72.65881199349374
599.010016784668,-72.66107403464983,-72.66107403464983
599.020016784668,-72.66332928976955,-72.66332928976955
599.030016784668,-72.66557788374615,-72.66557788374615
599.040016784668,-72.66781998192211,-72.66781998192211
599.050016784668,-72.6700557708659,-72.6700557708659
599.0600167846679,-72.67228544684643,-72.67228544684643
599.0700167846679,-72.67450920915644,-72.67450920915644
599.0800167846679,-72.67672725619772,-72.67672725619772
599.090016784668,-72.67893978338972,-72.67893978338972
599.100016784668,-72.68114698214441,-72.68114698214441
599.110016784668,-72.6833490393918,-72.6833490393918
599.120016784668,-72.68554613756952,-72.68554613756952
599.130016784668,-72.68773845474321,-72.68773845474321
599.140016784668,-72.68992616486705,-72.68992616486705
599.150016784668,-72.69210943807705,-72.69210943807705
599.160016784668,-72.69428844099471,-72.69428844099471
599.170016784668,-72.6964633370156,-72.6964633370156
599.1800167846679,-72.69863428656335,-72.69863428656335
599.1900167846679,-72.7008014473437,-72.7008014473437
599.2000167846679,-72.70296497455116,-72.70296497455116
599.2100167846679,-72.70512502103584,-72.70512502103584
599.220016784668,-72.70728173748503,-72.70728173748503
599.230016784668,-72.7094352725438,-72.7094352725438
599.240016784668,-72.71158577292401,-72.71158577292401
599.2500168085098,-72.71373338861171,-72.71373338861171
599.2600168085098,-72.7158782524991,-72.7158782524991
599.2700168085098,-72.7180205111441,-72.7180205111441
599.2800168085098,-72.72016030433824,-72.72016030433824
599.2900168085098,-72.72229777030506,-72.72229777030506
599.3000168085098,-72.7244330456988,-72.7244330456988
599.3100168085098,-72.72656626565154,-72.72656626565154
599.3200168085099,-72.72869756380454,-72.72869756380454
599.3300168085099,-72.73082707231652,-72.73082707231652
599.3400168085099,-72.73295492187194,-72.73295492187194
599.3500168085098,-72.73508124171106,-72.73508124171106
599.3600168085098,-72.73720615963373,-72.73720615963373
599.3700168085098,-72.73932980198846,-72.73932980198846
599.3800168085098,-72.7414522937021,-72.7414522937021
599.3900168085098,-72.74357375827033,-72.74357375827033
599.4000168085098,-72.74569431776283,-72.74569431776283
599.4100168085098,-72.74781409282436,-72.74781409282436
599.4200168085098,-72.74993320267473,-72.74993320267473
599.4300168085098,-72.75205176512091,-72.75205176512091
599.4400168085099,-72.75416989653051,-72.75416989653051
599.4500168085099,-72.75628771186722,-72.75628771186722
599.4600168085099,-72.75840532467564,-72.75840532467564
599.4700168085099,-72.76052284706071,-72.76052284706071
599.4800168085098,-72.7626403897248,-72.7626403897248
599.4900168085098,-72.76475806194911,-72.76475806194911
599.5000168085098,-72.76687597159449,-72.76687597159449
599.5100168085098,-72.76899422510687,-72.76899422510687
599.5200168085098,-72.77111292751972,-72.77111292751972
599.5300168085098,-72.7732321824574,-72.7732321824574
599.5400168085098,-72.77535209213535,-72.77535209213535
599.5500168085098,-72.77747275736331,-72.77747275736331
599.5600168085098,-72.77959427754418,-72.77959427754418
599.5700168085099,-72.7817167506847,-72.7817167506847
599.5800168085099,-72.78384027340357,-72.78384027340357
599.5900168085099,-72.78596494092609,-72.78596494092609
599.6000168085098,-72.78809084709277,-72.78809084709277
599.6100168085098,-72.7902180843597,-72.7902180843597
599.6200168085098,-72.79234674382303,-72.79234674382303
599.6300168085098,-72.79447691519766,-72.79447691519766
599.6400168085098,-72.79660868684837,-72.79660868684837
599.6500168085098,-72.798742145785,-72.798742145785
599.6600168085098,-72.80087737766775,-72.80087737766775
599.6700168085098,-72.8030144668189,-72.8030144668189
599.6800168085098,-72.80515349622783,-72.80515349622783
599.6900168085099,-72.80729454755766,-72.80729454755766
599.7000168085099,-72.80943770117615,-72.80943770117615
599.7100168085099,-72.81158303612526,-72.81158303612526
599.7200168085099,-72.81373063015432,-72.81373063015432
599.7300168085098,-72.81588055972988,-72.81588055972988
599.7400168085098,-72.81803290003957,-72.81803290003957
599.7500168085098,-72.82018772499276,-72.82018772499276
599.7600168085098,-72.82234510725438,-72.82234510725438
599.7700168085098,-72.82450511823576,-72.82450511823576
599.7800168085098,-72.82666782809876,-72.82666782809876
599.7900168085098,-72.82883330578876,-72.82883330578876
599.8000168085098,-72.83100161903677,-72.83100161903677
599.8100168085098,-72.83317283435706,-72.83317283435706
599.8200168085099,-72.83534701706455,-72.83534701706455
599.8300168085099,-72.83752423130747,-72.83752423130747
599.8400168085099,-72.8397045400372,-72.8397045400372
599.8500168085098,-72.84188800505008,-72.84188800505008
599.8600168085098,-72.84407468699007,-72.84407468699007
599.8700168085098,-72.8462646453709,-72.8462646453709
599.8800168085098,-72.8484579385583,-72.8484579385583
599.8900168085098,-72.85065462381336,-72.85065462381336
599.9000168085098,-72.85285475728011,-72.85285475728011
599.9100168085098,-72.8550583940162,-72.8550583940162
599.9200168085098,-72.85726558799605,-72.85726558799605
599.9300168085098,-72.8594763921059,-72.8594763921059
599.9400168085099,-72.86169085818932,-72.86169085818932
599.9500168085099,-72.86390903703348,-72.86390903703348
599.9600168085099,-72.8661309783803,-72.8661309783803
599.9700168085099,-72.86835673096152,-72.86835673096152
599.9800168085098,-72.87058634248112,-72.87058634248112
599.9900168085098,-72.87281985964918,-72.87281985964918
600.0000168085098,-72.87505732817797,-72.87505732817797
600.0100168085098,-72.8772987928015,-72.8772987928015
600.0200168085098,-72.87954429728994,-72.87954429728994
600.0300168085098,-72.88179388444753,-72.88179388444753
600.0400168085098,-72.88404759613881,-72.88404759613881
600.0500168085098,-72.8863054732988,-72.8863054732988
600.0600168085098,-72.88856755593012,-72.88856755593012
600.0700168085099,-72.89083388312659,-72.89083388312659
600.0800168085099,-72.89310449308833,-72.89310449308833
600.0900168085099,-72.89537942312322,-72.89537942312322
600.1000168323517,-72.89765871507453,-72.89765871507453
600.1100168323517,-72.89994239367729,-72.89994239367729
600.1200168323517,-72.902230499037,-72.902230499037
600.1300168323517,-72.9045230650231,-72.9045230650231
600.1400168323516,-72.90682012465983,-72.90682012465983
600.1500168323516,-72.90912171014897,-72.90912171014897
600.1600168323516,-72.91142785288548,-72.91142785288548
600.1700168323517,-72.91373858344934,-72.91373858344934
600.1800168323517,-72.9160539316425,-72.9160539316425
600.1900168323517,-72.91837392648546,-72.91837392648546
600.2000168323517,-72.92069859622241,-72.92069859622241
600.2100168323517,-72.92302796833245,-72.92302796833245
600.2200168323517,-72.92536206955987,-72.92536206955987
600.2300168323517,-72.92770092589811,-72.92770092589811
600.2400168323517,-72.93004456261393,-72.93004456261393
600.2500168323517,-72.93239300425181,-72.93239300425181
600.2600168323517,-72.93474627464838,-72.93474627464838
600.2700168323516,-72.93710439693702,-72.93710439693702
600.2800168323516,-72.93946739357061,-72.93946739357061
600.2900168323517,-72.94183528630242,-72.94183528630242
600.3000168323517,-72.94420809623163,-72.94420809623163
600.3100168323517,-72.94658584380173,-72.94658584380173
600.3200168323517,-72.94896854877432,-72.94896854877432
600.3300168323517,-72.9513562302886,-72.9513562302886
600.3400168323517,-72.953748906853,-72.953748906853
600.3500168323517,-72.95614659634074,-72.95614659634074
600.3600168323517,-72.95854931600176,-72.95854931600176
600.3700168323517,-72.96095708249658,-72.96095708249658
600.3800168323517,-72.96336991187553,-72.96336991187553
600.3900168323516,-72.96578781960584,-72.96578781960584
600.4000168323516,-72.96821082057217,-72.96821082057217
600.4100168323516,-72.97063892907593,-72.97063892907593
600.4200168323517,-72.97307215885992,-72.97307215885992
600.4300168323517,-72.97551052312619,-72.97551052312619
600.4400168323517,-72.977954034506,-72.977954034506
600.4500168323517,-72.98040270508635,-72.98040270508635
600.4600168323517,-72.98285654645498,-72.98285654645498
600.4700168323517,-72.98531556964295,-72.98531556964295
600.4800168323517,-72.98777978518429,-72.98777978518429
600.4900168323517,-72.99024920309134,-72.99024920309134
600.5000168323517,-72.99272383288712,-72.99272383288712
600.5100168323517,-72.99520368359016,-72.99520368359016
600.5200168323516,-72.99768876373962,-72.99768876373962
600.5300168323516,-73.00017908139863,-73.00017908139863
600.5400168323517,-73.00267464414388,-73.00267464414388
600.5500168323517,-73.00517545911727,-73.00517545911727
600.5600168323517,-73.00768153297233,-73.00768153297233
600.5700168323517,-73.01019287193148,-73.01019287193148
600.5800168323517,-73.01270948176727,-73.01270948176727
600.5900168323517,-73.01523136780817,-73.01523136780817
600.6000168323517,-73.0177585349735,-73.0177585349735
600.6100168323517,-73.02029098774129,-73.02029098774129
600.6200168323517,-73.02282873017552,-73.02282873017552
600.6300168323517,-73.0253717659432,-73.0253717659432
600.6400168323516,-73.02792009829025,-73.02792009829025
600.6500168323516,-73.03047373006919,-73.03047373006919
600.6600168323516,-73.03303266376076,-73.03303266376076
600.6700168323517,-73.03559690143776,-73.03559690143776
600.6800168323517,-73.03816644480277,-73.03816644480277
600.6900168323517,-73.0407412951935,-73.0407412951935
600.7000168323517,-73.0433214535619,-73.0433214535619
600.7100168323517,-73.04590692051976,-73.04590692051976
600.7200168323517,-73.04849769630428,-73.04849769630428
600.7300168323517,-73.05109378081998,-73.05109378081998
600.7400168323517,-73.05369517362064,-73.05369517362064
600.7500168323517,-73.05630187391574,-73.05630187391574
600.7600168323517,-73.05891388059632,-73.05891388059632
600.7700168323516,-73.06153119221361,-73.06153119221361
600.7800168323516,-73.06415380700017,-73.06415380700017
600.7900168323517,-73.06678172287579,-73.06678172287579
600.8000168323517,-73.06941493743628,-73.06941493743628
600.8100168323517,-73.07205344798938,-73.07205344798938
600.8200168323517,-73.07469725152673,-73.07469725152673
600.8300168323517,-73.07734634474512,-73.07734634474512
600.8400168323517,-73.08000072405959,-73.08000072405959
600.8500168323517,-73.08266038558806,-73.08266038558806
600.8600168323517,-73.08532532517155,-73.08532532517155
600.8700168323517,-73.08799553836951,-73.08799553836951
600.8800168323517,-73.09067102046934,-73.09067102046934
600.8900168323516,-73.09335176650147,-73.09335176650147
600.9000168323516,-73.096037771221,-73.096037771221
600.9100168323516,-73.09872902912015,-73.09872902912015
600.9200168323517,-73.10142553443872,-73.10142553443872
600.9300168323517,-73.1041272811863,-73.1041272811863
600.9400168323517,-73.10683426310082,-73.10683426310082
600.9500168561935,-73.10954648014926,-73.10954648014926
600.9600168561935,-73.11226391271198,-73.11226391271198
600.9700168561935,-73.11498656024,-73.11498656024
600.9800168561935,-73.11771441554652,-73.11771441554652
600.9900168561935,-73.12044747120757,-73.12044747120757
601.0000168561935,-73.12318571959199,-73.12318571959199
601.0100168561935,-73.12592915283344,-73.12592915283344
601.0200168561936,-73.1286777628491,-73.1286777628491
601.0300168561936,-73.13143154136932,-73.13143154136932
601.0400168561936,-73.1341904798937,-73.1341904798937
601.0500168561936,-73.1369545697318,-73.1369545697318
601.0600168561936,-73.13972380199483,-73.13972380199483
601.0700168561935,-73.14249816759268,-73.14249816759268
601.0800168561935,-73.14527765723876,-73.14527765723876
601.0900168561935,-73.14806226146545,-73.14806226146545
601.1000168561935,-73.15085197062452,-73.15085197062452
601.1100168561935,-73.15364677486679,-73.15364677486679
601.1200168561935,-73.15644666419261,-73.15644666419261
601.1300168561935,-73.15925162840338,-73.15925162840338
601.1400168561936,-73.16206165713265,-73.16206165713265
601.1500168561936,-73.16487673986403,-73.16487673986403
601.1600168561936,-73.16769686588687,-73.16769686588687
601.1700168561936,-73.17052202434716,-73.17052202434716
601.1800168561936,-73.17335220422827,-73.17335220422827
601.1900168561936,-73.17618739435045,-73.17618739435045
601.2000168561935,-73.17902758338485,-73.17902758338485
601.2100168561935,-73.18187275985345,-73.18187275985345
601.2200168561935,-73.18472291212402,-73.18472291212402
601.2300168561935,-73.18757802842808,-73.18757802842808
601.2400168561935,-73.19043809685432,-73.19043809685432
601.2500168561935,-73.19330310534757,-73.19330310534757
601.2600168561935,-73.19617304171311,-73.19617304171311
601.2700168561936,-73.19904789362029,-73.19904789362029
601.2800168561936,-73.20192764862536,-73.20192764862536
601.2900168561936,-73.204812294134,-73.204812294134
601.3000168561936,-73.20770181744587,-73.20770181744587
601.3100168561936,-73.21059620571287,-73.21059620571287
601.3200168561935,-73.21349544599056,-73.21349544599056
601.3300168561935,-73.2163995251969,-73.2163995251969
601.3400168561935,-73.2193084301423,-73.2193084301423
601.3500168561935,-73.22222214752993,-73.22222214752993
601.3600168561935,-73.22514066392931,-73.22514066392931
601.3700168561935,-73.22806396582432,-73.22806396582432
601.3800168561935,-73.23099203957842,-73.23099203957842
601.3900168561936,-73.2339248714538,-73.2339248714538
601.4000168561936,-73.23686244761869,-73.23686244761869
601.4100168561936,-73.2398047541287,-73.2398047541287
601.4200168561936,-73.24275177694993,-73.24275177694993
601.4300168561936,-73.24570350194519,-73.24570350194519
601.4400168561936,-73.24865991488383,-73.24865991488383
601.4500168561935,-73.25162100145508,-73.25162100145508
601.4600168561935,-73.2545867472432,-73.2545867472432
601.4700168561935,-73.25755713775686,-73.25755713775686
601.4800168561935,-73.26053215841384,-73.26053215841384
601.4900168561935,-73.26351179454362,-73.26351179454362
601.5000168561935,-73.26649603139717,-73.26649603139717
601.5100168561935,-73.26948485415492,-73.26948485415492
601.5200168561936,-73.27247824790075,-73.27247824790075
601.5300168561936,-73.27547619766663,-73.27547619766663
601.5400168561936,-73.27847868838265,-73.27847868838265
601.5500168561936,-73.28148570492716,-73.28148570492716
601.5600168561936,-73.28449723209833,-73.28449723209833
601.5700168561935,-73.28751325463416,-73.28751325463416
601.5800168561935,-73.29053375719005,-73.29053375719005
601.5900168561935,-73.29355872437117,-73.29355872437117
601.6000168561935,-73.2965881407014,-73.2965881407014
601.6100168561935,-73.29962199065778,-73.29962199065778
601.6200168561935,-73.30266025866145,-73.30266025866145
601.6300168561935,-73.30570292905198,-73.30570292905198
601.6400168561936,-73.30874998612937,-73.30874998612937
601.6500168561936,-73.31180141413287,-73.31180141413287
601.6600168561936,-73.31485719724148,-73.31485719724148
601.6700168561936,-73.31791731958923,-73.31791731958923
601.6800168561936,-73.32098176526574,-73.32098176526574
601.6900168561936,-73.32405051828299,-73.32405051828299
601.7000168561935,-73.32712356263171,-73.32712356263171
601.7100168561935,-73.3302008822494,-73.3302008822494
601.7200168561935,-73.33328246102037,-73.33328246102037
601.7300168561935,-73.33636828278657,-73.33636828278657
601.7400168561935,-73.33945833135063,-73.33945833135063
601.7500168561935,-73.34255259046986,-73.34255259046986
601.7600168561935,-73.34565104386745,-73.34565104386745
601.7700168561936,-73.3487536752206,-73.3487536752206
601.7800168561936,-73.35186046817634,-73.35186046817634
601.7900168561936,-73.3549714063352,-73.3549714063352
601.8000168800354,-73.35808648068848,-73.35808648068848
601.8100168800354,-73.36120565995536,-73.36120565995536
601.8200168800354,-73.36432893503199,-73.36432893503199
601.8300168800354,-73.36745628938687,-73.36745628938687
601.8400168800354,-73.37058770647171,-73.37058770647171
601.8500168800354,-73.37372316970037,-73.37372316970037
601.8600168800353,-73.37686266245464,-73.37686266245464
601.8700168800355,-73.38000616809111,-73.38000616809111
601.8800168800354,-73.38315366994719,-73.38315366994719
601.8900168800354,-73.38630515132627,-73.38630515132627
601.9000168800354,-73.38946059550643,-73.38946059550643
601.9100168800354,-73.39261998575384,-73.39261998575384
601.9200168800354,-73.39578330530837,-73.39578330530837
601.9300168800354,-73.3989505373809,-73.3989505373809
601.9400168800354,-73.40212166517644,-73.40212166517644
601.9500168800354,-73.40529667187049,-73.40529667187049
601.9600168800354,-73.40846913490172,-73.40846913490172
601.9700168800354,-73.41163622859742,-73.41163622859742
601.9800168800354,-73.41479656544122,-73.41479656544122
601.9900168800355,-73.41794942370707,-73.41794942370707
602.0000168800354,-73.42109445271838,-73.42109445271838
602.0100168800354,-73.42423151979399,-73.42423151979399
602.0200168800354,-73.42736062056399,-73.42736062056399
602.0300168800354,-73.430481825089,-73.430481825089
602.0400168800354,-73.43359524544842,-73.43359524544842
602.0500168800354,-73.43670101630792,-73.43670101630792
602.0600168800354,-73.43979928331353,-73.43979928331353
602.0700168800354,-73.44289019625481,-73.44289019625481
602.0800168800354,-73.4459739051804,-73.4459739051804
602.0900168800354,-73.44905055819382,-73.44905055819382
602.1000168800354,-73.45212030041284,-73.45212030041284
602.1100168800353,-73.45518327347307,-73.45518327347307
602.1200168800355,-73.45823961547656,-73.45823961547656
602.1300168800354,-73.46128946111757,-73.46128946111757
602.1400168800354,-73.46433294187479,-73.46433294187479
602.1500168800354,-73.46737018632909,-73.46737018632909
602.1600168800354,-73.47040132040995,-73.47040132040995
602.1700168800354,-73.47342646769287,-73.47342646769287
602.1800168800354,-73.47644574963041,-73.47644574963041
602.1900168800354,-73.47945928577363,-73.47945928577363
602.2000168800354,-73.48246719397774,-73.48246719397774
602.2100168800354,-73.48546959055095,-73.48546959055095
602.2200168800354,-73.48846659041108,-73.48846659041108
602.2300168800354,-73.49145830719354,-73.49145830719354
602.2400168800355,-73.4944448533445,-73.4944448533445
602.2500168800354,-73.49742634023099,-73.49742634023099
602.2600168800354,-73.50040287816994,-73.50040287816994
602.2700168800354,-73.50337457650599,-73.50337457650599
602.2800168800354,-73.50634154363703,-73.50634154363703
602.2900168800354,-73.50930388705343,-73.50930388705343
602.3000168800354,-73.5122617133572,-73.5122617133572
602.3100168800354,-73.51521512830368,-73.51521512830368
602.3200168800354,-73.51816423676536,-73.51816423676536
602.3300168800354,-73.5211091427917,-73.5211091427917
602.3400168800354,-73.52404994957217,-73.52404994957217
602.3500168800354,-73.52698675947563,-73.52698675947563
602.3600168800353,-73.52991967400561,-73.52991967400561
602.3700168800355,-73.53284879382791,-73.53284879382791
602.3800168800354,-73.53577421875539,-73.53577421875539
602.3900168800354,-73.53869604774357,-73.53869604774357
602.4000168800354,-73.5416143788787,-73.5416143788787
602.4100168800354,-73.54452930937963,-73.54452930937963
602.4200168800354,-73.54744093557512,-73.54744093557512
602.4300168800354,-73.55034935290382,-73.55034935290382
602.4400168800354,-73.55325465591962,-73.55325465591962
602.4500168800354,-73.55615693825715,-73.55615693825715
602.4600168800354,-73.55905629263162,-73.55905629263162
602.4700168800354,-73.56195281084595,-73.56195281084595
602.4800168800354,-73.56484658376768,-73.56484658376768
602.4900168800355,-73.56773770132307,-73.56773770132307
602.5000168800354,-73.5706262525041,-73.5706262525041
602.5100168800354,-73.5735123253405,-73.5735123253405
602.5200168800354,-73.57639600691215,-73.57639600691215
602.5300168800354,-73.57927738333538,-73.57927738333538
602.5400168800354,-73.58215653975374,-73.58215653975374
602.5500168800354,-73.58503356033948,-73.58503356033948
602.5600168800354,-73.58790852829969,-73.58790852829969
602.5700168800354,-73.59078152585009,-73.59078152585009
602.5800168800354,-73.59365263423558,-73.59365263423558
602.5900168800354,-73.59652193370064,-73.59652193370064
602.6000168800354,-73.59938950352634,-73.59938950352634
602.6100168800353,-73.60225542198921,-73.60225542198921
602.6200168800355,-73.60511976638229,-73.60511976638229
602.6300168800354,-73.60798261303168,-73.60798261303168
602.6400168800354,-73.61084403723758,-73.61084403723758
602.6500169038773,-73.6137041201459,-73.6137041201459
602.6600169038772,-73.61656292149614,-73.61656292149614
602.6700169038772,-73.61942052044907,-73.61942052044907
602.6800169038772,-73.62227698838906,-73.62227698838906
602.6900169038772,-73.62513239571607,-73.62513239571607
602.7000169038772,-73.62798681185268,-73.62798681185268
602.7100169038772,-73.63083388043043,-73.63083388043043
602.7200169038773,-73.63367085185413,-73.63367085185413
602.7300169038773,-73.63649641804824,-73.63649641804824
602.7400169038773,-73.63930993772448,-73.63930993772448
602.7500169038773,-73.64211114083587,-73.64211114083587
602.7600169038773,-73.644899975017,-73.644899975017
602.7700169038773,-73.6476765156991,-73.6476765156991
602.7800169038773,-73.6504409120406,-73.6504409120406
602.7900169038772,-73.65319335447822,-73.65319335447822
602.8000169038772,-73.65593405519168,-73.65593405519168
602.8100169038772,-73.65866323650083,-73.65866323650083
602.8200169038772,-73.66138112402086,-73.66138112402086
602.8300169038772,-73.6640879427204,-73.6640879427204
602.8400169038773,-73.66678391477662,-73.66678391477662
602.8500169038773,-73.66946925848805,-73.66946925848805
602.8600169038773,-73.67214418780493,-73.67214418780493
602.8700169038773,-73.6748089122689,-73.6748089122689
602.8800169038773,-73.67746363713171,-73.67746363713171
602.8900169038773,-73.6801085635966,-73.6801085635966
602.9000169038773,-73.68274388908507,-73.68274388908507
602.9100169038772,-73.68536980752143,-73.68536980752143
602.9200169038772,-73.6879865096258,-73.6879865096258
602.9300169038772,-73.69059418314595,-73.69059418314595
602.9400169038772,-73.69319301311738,-73.69319301311738
602.9500169038772,-73.6957831820176,-73.6957831820176
602.9600169038772,-73.69836486996586,-73.69836486996586
602.9700169038773,-73.70093825486778,-73.70093825486778
602.9800169038773,-73.70350351254581,-73.70350351254581
602.9900169038773,-73.70606081681694,-73.70606081681694
603.0000169038773,-73.70861033962048,-73.70861033962048
603.0100169038773,-73.71115225105214,-73.71115225105214
603.0200169038773,-73.71368671945174,-73.71368671945174
603.0300169038773,-73.71621391142875,-73.71621391142875
603.0400169038772,-73.71873399192323,-73.71873399192323
603.0500169038772,-73.72124712422124,-73.72124712422124
603.0600169038772,-73.72375346998975,-73.72375346998975
603.0700169038772,-73.72625318927655,-73.72625318927655
603.0800169038772,-73.72874644054903,-73.72874644054903
603.0900169038773,-73.73123338069176,-73.73123338069176
603.1000169038773,-73.73371416502687,-73.73371416502687
603.1100169038773,-73.73618894730436,-73.73618894730436
603.1200169038773,-73.73865787970429,-73.73865787970429
603.1300169038773,-73.74112111286433,-73.74112111286433
603.1400169038773,-73.74357879584136,-73.74357879584136
603.1500169038773,-73.74603107614493,-73.74603107614493
603.1600169038772,-73.74847809973197,-73.74847809973197
603.1700169038772,-73.75092001098763,-73.75092001098763
603.1800169038772,-73.75335695273698,-73.75335695273698
603.1900169038772,-73.75578906625535,-73.75578906625535
603.2000169038772,-73.75821649123259,-73.75821649123259
603.2100169038772,-73.7606393658119,-73.7606393658119
603.2200169038773,-73.76305782657289,-73.76305782657289
603.2300169038773,-73.76547200851992,-73.76547200851992
603.2400169038773,-73.7678820450907,-73.7678820450907
603.2500169038773,-73.7702880681694,-73.7702880681694
603.2600169038773,-73.77269020806614,-73.77269020806614
603.2700169038773,-73.7750885935255,-73.7750885935255
603.2800169038773,-73.77748335175016,-73.77748335175016
603.2900169038772,-73.77987460835854,-73.77987460835854
603.3000169038772,-73.78226248742638,-73.78226248742638
603.3100169038772,-73.78464711147892,-73.78464711147892
603.3200169038772,-73.78702860148836,-73.78702860148836
603.3300169038772,-73.78940707687279,-73.78940707687279
603.3400169038773,-73.79178265552733,-73.79178265552733
603.3500169038773,-73.79415545379797,-73.79415545379797
603.3600169038773,-73.79652558650658,-73.79652558650658
603.3700169038773,-73.7988931669526,-73.7988931669526
603.3800169038773,-73.80125830691625,-73.80125830691625
603.3900169038773,-73.8036211166571,-73.8036211166571
603.4000169038773,-73.80598170494098,-73.80598170494098
603.4100169038772,-73.80834017904202,-73.80834017904202
603.4200169038772,-73.81069664474238,-73.81069664474238
603.4300169038772,-73.81305120634046,-73.81305120634046
603.4400169038772,-73.81540396667141,-73.81540396667141
603.4500169038772,-73.81775502711015,-73.81775502711015
603.4600169038772,-73.82010448755483,-73.82010448755483
603.4700169038773,-73.82245244649181,-73.82245244649181
603.4800169038773,-73.82479900096857,-73.82479900096857
603.4900169038773,-73.8271442465888,-73.8271442465888
603.5000169277191,-73.82948828314318,-73.82948828314318
603.5100169277191,-73.8318311922834,-73.8318311922834
603.5200169277191,-73.83417307099036,-73.83417307099036
603.5300169277191,-73.83651400930242,-73.83651400930242
603.5400169277191,-73.83885409588252,-73.83885409588252
603.5500169277191,-73.84119341803225,-73.84119341803225
603.5600169277191,-73.84353206171922,-73.84353206171922
603.5700169277192,-73.84587011156623,-73.84587011156623
603.5800169277192,-73.84820765088361,-73.84820765088361
603.5900169277191,-73.8505447616662,-73.8505447616662
603.6000169277191,-73.85288152460691,-73.85288152460691
603.6100169277191,-73.8552180191092,-73.8552180191092
603.6200169277191,-73.85755432331733,-73.85755432331733
603.6300169277191,-73.85989051409871,-73.85989051409871
603.6400169277191,-73.86222666708008,-73.86222666708008
603.6500169277191,-73.86456285664329,-73.86456285664329
603.6600169277191,-73.8668991559664,-73.8668991559664
603.6700169277191,-73.8692356369871,-73.8692356369871
603.6800169277191,-73.87157237046513,-73.87157237046513
603.6900169277192,-73.87390942596878,-73.87390942596878
603.7000169277192,-73.87624687188864,-73.87624687188864
603.7100169277192,-73.87858477545404,-73.87858477545404
603.7200169277191,-73.880923202752,-73.880923202752
603.7300169277191,-73.88326221872846,-73.88326221872846
603.7400169277191,-73.88560188720389,-73.88560188720389
603.7500169277191,-73.8879422708963,-73.8879422708963
603.7600169277191,-73.89028343141601,-73.89028343141601
603.7700169277191,-73.89262542928977,-73.89262542928977
603.7800169277191,-73.89496832398045,-73.89496832398045
603.7900169277191,-73.89731217388226,-73.89731217388226
603.8000169277191,-73.89965703633477,-73.89965703633477
603.8100169277191,-73.90200296766764,-73.90200296766764
603.8200169277192,-73.90435002314979,-73.90435002314979
603.8300169277192,-73.90669825707255,-73.90669825707255
603.8400169277191,-73.90904772270937,-73.90904772270937
603.8500169277191,-73.91139847235198,-73.91139847235198
603.8600169277191,-73.91375055731837,-73.91375055731837
603.8700169277191,-73.9161040279637,-73.9161040279637
603.8800169277191,-73.91845893369,-73.91845893369
603.8900169277191,-73.92081532296507,-73.92081532296507
603.9000169277191,-73.92317324332718,-73.92317324332718
603.9100169277191,-73.92553274139829,-73.92553274139829
603.9200169277191,-73.92789386290347,-73.92789386290347
603.9300169277191,-73.93025665266164,-73.93025665266164
603.9400169277192,-73.93262115462879,-73.93262115462879
603.9500169277192,-73.93498741188654,-73.93498741188654
603.9600169277192,-73.9373554666371,-73.9373554666371
603.9700169277191,-73.93972536027314,-73.93972536027314
603.9800169277191,-73.94209713333447,-73.94209713333447
603.9900169277191,-73.94447082551143,-73.94447082551143
604.0000169277191,-73.94684647572727,-73.94684647572727
604.0100169277191,-73.94922412207451,-73.94922412207451
604.0200169277191,-73.9516038018497,-73.9516038018497
604.0300169277191,-73.95398555157486,-73.95398555157486
604.0400169277191,-73.95636940701716,-73.95636940701716
604.0500169277191,-73.95875540315397,-73.95875540315397
604.0600169277191,-73.96114357424086,-73.96114357424086
604.0700169277192,-73.96353395377146,-73.96353395377146
604.0800169277192,-73.96592657451656,-73.96592657451656
604.0900169277191,-73.9683214685237,-73.9683214685237
604.1000169277191,-73.97071866714305,-73.97071866714305
604.1100169277191,-73.97311820100202,-73.97311820100202
604.1200169277191,-73.97552010006568,-73.97552010006568
604.1300169277191,-73.97792439359802,-73.97792439359802
604.1400169277191,-73.98033111018867,-73.98033111018867
604.1500169277191,-73.98274027778416,-73.98274027778416
604.1600169277191,-73.98511791437443,-73.98511791437443
604.1700169277191,-73.98745463155244,-73.98745463155244
604.1800169277191,-73.98974501258576,-73.98974501258576
604.1900169277192,-73.99198432772229,-73.99198432772229
604.2000169277192,-73.99416821804044,-73.99416821804044
604.2100169277192,-73.99629273129275,-73.99629273129275
604.2200169277191,-73.99835436207954,-73.99835436207954
604.2300169277191,-74.0003500632228,-74.0003500632228
604.2400169277191,-74.0022772344141,-74.0022772344141
604.2500169277191,-74.00413369644467,-74.00413369644467
604.2600169277191,-74.00591765773882,-74.00591765773882
604.2700169277191,-74.00762767771845,-74.00762767771845
604.2800169277191,-74.00926263001249,-74.00926263001249
604.2900169277191,-74.01082166723242,-74.01082166723242
604.3000169277191,-74.01230418830272,-74.01230418830272
604.3100169277191,-74.01370980873567,-74.01370980873567
604.3200169277192,-74.01503833400392,-74.01503833400392
604.3300169277192,-74.01628973583806,-74.01628973583806
604.3400169277191,-74.01746413126007,-74.01746413126007
604.350016951561,-74.01856176678606,-74.01856176678606
604.360016951561,-74.01958299153614,-74.01958299153614
604.370016951561,-74.0205282594055,-74.0205282594055
604.380016951561,-74.02139810533848,-74.02139810533848
604.3900169515609,-74.02219313733808,-74.02219313733808
604.4000169515609,-74.02291402678982,-74.02291402678982
604.4100169515609,-74.02356150003173,-74.02356150003173
604.420016951561,-74.02413633091926,-74.02413633091926
604.430016951561,-74.02463933424787,-74.02463933424787
604.440016951561,-74.02507135997715,-74.02507135997715
604.450016951561,-74.02543328813685,-74.02543328813685
604.460016951561,-74.02572602430828,-74.02572602430828
604.470016951561,-74.0259504956064,-74.0259504956064
604.480016951561,-74.02610764716384,-74.02610764716384
604.490016951561,-74.02619843896281,-74.02619843896281
604.500016951561,-74.02622384305893,-74.02622384305893
604.5100169515609,-74.02618484109448,-74.02618484109448
604.5200169515609,-74.02608242207583,-74.02608242207583
604.5300169515609,-74.02591758043079,-74.02591758043079
604.540016951561,-74.02569131423722,-74.02569131423722
604.550016951561,-74.0254046236814,-74.0254046236814
604.560016951561,-74.02505850964405,-74.02505850964405
604.570016951561,-74.02465397249232,-74.02465397249232
604.580016951561,-74.02419201093304,-74.02419201093304
604.590016951561,-74.02367362107958,-74.02367362107958
604.600016951561,-74.0230997955352,-74.0230997955352
604.610016951561,-74.0224715226157,-74.0224715226157
604.620016951561,-74.02178978567531,-74.02178978567531
604.630016951561,-74.02105556246588,-74.02105556246588
604.6400169515609,-74.02026982462313,-74.02026982462313
604.6500169515609,-74.01943353712414,-74.01943353712414
604.6600169515609,-74.0185476579163,-74.0185476579163
604.670016951561,-74.01761313749691,-74.01761313749691
604.680016951561,-74.01663091860105,-74.01663091860105
604.690016951561,-74.01560193588837,-74.01560193588837
604.700016951561,-74.01452711571685,-74.01452711571685
604.710016951561,-74.01340091816483,-74.01340091816483
604.720016951561,-74.01222142143327,-74.01222142143327
604.730016951561,-74.01098814572056,-74.01098814572056
604.740016951561,-74.00970127436291,-74.00970127436291
604.750016951561,-74.00836135635669,-74.00836135635669
604.7600169515609,-74.00696915181422,-74.00696915181422
604.7700169515609,-74.00552554128454,-74.00552554128454
604.7800169515609,-74.00403147122955,-74.00403147122955
604.790016951561,-74.00248792124043,-74.00248792124043
604.800016951561,-74.00089588431986,-74.00089588431986
604.810016951561,-73.99925635507903,-73.99925635507903
604.820016951561,-73.99757032283567,-73.99757032283567
604.830016951561,-73.99583876760656,-73.99583876760656
604.840016951561,-73.99406265792506,-73.99406265792506
604.850016951561,-73.99224294974343,-73.99224294974343
604.860016951561,-73.99038058596767,-73.99038058596767
604.870016951561,-73.98847649641942,-73.98847649641942
604.880016951561,-73.98653159797065,-73.98653159797065
604.8900169515609,-73.98454679480307,-73.98454679480307
604.9000169515609,-73.9825229787433,-73.9825229787433
604.9100169515609,-73.98046102955391,-73.98046102955391
604.920016951561,-73.9783618153039,-73.9783618153039
604.930016951561,-73.97622619264308,-73.97622619264308
604.940016951561,-73.97405500707266,-73.97405500707266
604.950016951561,-73.97184909322571,-73.97184909322571
604.960016951561,-73.96960927507844,-73.96960927507844
604.970016951561,-73.96733636616875,-73.96733636616875
604.980016951561,-73.96503116976666,-73.96503116976666
604.990016951561,-73.96269447907348,-73.96269447907348
605.000016951561,-73.96032707733362,-73.96032707733362
605.0100169515609,-73.95792973800076,-73.95792973800076
605.0200169515609,-73.95550322486528,-73.95550322486528
605.0300169515609,-73.95304829215262,-73.95304829215262
605.040016951561,-73.95056568464528,-73.95056568464528
605.050016951561,-73.94805613779378,-73.94805613779378
605.060016951561,-73.94552037776815,-73.94552037776815
605.070016951561,-73.94295912160753,-73.94295912160753
605.080016951561,-73.94037307726268,-73.94037307726268
605.090016951561,-73.9377629437007,-73.9377629437007
605.100016951561,-73.9351294109738,-73.9351294109738
605.110016951561,-73.932473160294,-73.932473160294
605.120016951561,-73.92979486413088,-73.92979486413088
605.130016951561,-73.9270951862706,-73.9270951862706
605.1400169515609,-73.92437478189069,-73.92437478189069
605.1500169515609,-73.92163429762334,-73.92163429762334
605.1600169515609,-73.91887437165644,-73.91887437165644
605.170016951561,-73.91609563377237,-73.91609563377237
605.180016951561,-73.91329870544496,-73.91329870544496
605.190016951561,-73.91048419989714,-73.91048419989714
605.2000169754028,-73.90765271541862,-73.90765271541862
605.2100169754028,-73.90480486239665,-73.90480486239665
605.2200169754028,-73.90194122305785,-73.90194122305785
605.2300169754028,-73.89906237832903,-73.89906237832903
605.2400169754028,-73.89616890125808,-73.89616890125808
605.2500169754028,-73.89326135706973,-73.89326135706973
605.2600169754028,-73.89034030324072,-73.89034030324072
605.2700169754029,-73.8874062895718,-73.8874062895718
605.2800169754029,-73.88445985825652,-73.88445985825652
605.2900169754029,-73.88150154394637,-73.88150154394637
605.3000169754029,-73.87853187382687,-73.87853187382687
605.3100169754028,-73.87555136769282,-73.87555136769282
605.3200169754028,-73.87256053802514,-73.87256053802514
605.3300169754028,-73.86955989004927,-73.86955989004927
605.3400169754028,-73.86654992180004,-73.86654992180004
605.3500169754028,-73.8635311242275,-73.8635311242275
605.3600169754028,-73.86050398122195,-73.86050398122195
605.3700169754028,-73.85746896973052,-73.85746896973052
605.3800169754028,-73.85442655978713,-73.85442655978713
605.3900169754029,-73.85137721461645,-73.85137721461645
605.4000169754029,-73.8483213907004,-73.8483213907004
605.4100169754029,-73.84525953782729,-73.84525953782729
605.4200169754029,-73.84219209917845,-73.84219209917845
605.4300169754029,-73.83911951139281,-73.83911951139281
605.4400169754028,-73.83604220464981,-73.83604220464981
605.4500169754028,-73.83296060272855,-73.83296060272855
605.4600169754028,-73.82986868306857,-73.82986868306857
605.4700169754028,-73.82676403465024,-73.82676403465024
605.4800169754028,-73.82364568818723,-73.82364568818723
605.4900169754028,-73.82051333937757,-73.82051333937757
605.5000169754028,-73.81736705222772,-73.81736705222772
605.5100169754028,-73.81420710484798,-73.81420710484798
605.5200169754029,-73.81103389898848,-73.81103389898848
605.5300169754029,-73.80784790568629,-73.80784790568629
605.5400169754029,-73.80464963256767,-73.80464963256767
605.5500169754029,-73.80143960419828,-73.80143960419828
605.5600169754028,-73.79821835041182,-73.79821835041182
605.5700169754028,-73.79498639946452,-73.79498639946452
605.5800169754028,-73.7917442740837,-73.7917442740837
605.5900169754028,-73.78849248937094,-73.78849248937094
605.6000169754028,-73.78523155175442,-73.78523155175442
605.6100169754028,-73.78196195857889,-73.78196195857889
605.6200169754028,-73.77868419811,-73.77868419811
605.6300169754028,-73.7753987497126,-73.7753987497126
605.6400169754029,-73.77210608413571,-73.77210608413571
605.6500169754029,-73.76880666389344,-73.76880666389344
605.6600169754029,-73.76550094359715,-73.76550094359715
605.6700169754029,-73.76218937028058,-73.76218937028058
605.6800169754029,-73.75887238374521,-73.75887238374521
605.6900169754028,-73.75555041684858,-73.75555041684858
605.7000169754028,-73.75222389573217,-73.75222389573217
605.7100169754028,-73.74888680802384,-73.74888680802384
605.7200169754028,-73.74553674898013,-73.74553674898013
605.7300169754028,-73.7421727542146,-73.7421727542146
605.7400169754028,-73.7387945239083,-73.7387945239083
605.7500169754028,-73.73540212646422,-73.73540212646422
605.7600169754028,-73.73199584455593,-73.73199584455593
605.7700169754029,-73.72857608473979,-73.72857608473979
605.7800169754029,-73.72514332322599,-73.72514332322599
605.7900169754029,-73.72169807315026,-73.72169807315026
605.8000169754029,-73.71824086502818,-73.71824086502818
605.8100169754028,-73.71477223505876,-73.71477223505876
605.8200169754028,-73.71129271827414,-73.71129271827414
605.8300169754028,-73.70780284463075,-73.70780284463075
605.8400169754028,-73.70430313688418,-73.70430313688418
605.8500169754028,-73.70079410950363,-73.70079410950363
605.8600169754028,-73.69727626831956,-73.69727626831956
605.8700169754028,-73.69375011046111,-73.69375011046111
605.8800169754028,-73.69021612452997,-73.69021612452997
605.8900169754029,-73.68667479089402,-73.68667479089402
605.9000169754029,-73.68312658203182,-73.68312658203182
605.9100169754029,-73.67957196282866,-73.67957196282866
605.9200169754029,-73.67601139092788,-73.67601139092788
605.9300169754029,-73.67244531702252,-73.67244531702252
605.9400169754028,-73.6688741851286,-73.6688741851286
605.9500169754028,-73.66529843282514,-73.66529843282514
605.9600169754028,-73.66171206830286,-73.66171206830286
605.9700169754028,-73.65811270345569,-73.65811270345569
605.9800169754028,-73.65449938903377,-73.65449938903377
605.9900169754028,-73.65087183975103,-73.65087183975103
606.0000169754028,-73.64723013828728,-73.64723013828728
606.0100169754028,-73.64357458144494,-73.64357458144494
606.0200169754029,-73.63990558987399,-73.63990558987399
606.0300169754029,-73.6362236538529,-73.6362236538529
606.0400169754029,-73.63252930057638,-73.63252930057638
606.0500169992447,-73.62882306578652,-73.62882306578652
606.0600169992447,-73.62510551735959,-73.62510551735959
606.0700169992447,-73.62137719559992,-73.62137719559992
606.0800169992447,-73.61763864447202,-73.61763864447202
606.0900169992447,-73.61389040071383,-73.61389040071383
606.1000169992446,-73.61013299274128,-73.61013299274128
606.1100169992446,-73.60636694027605,-73.60636694027605
606.1200169992447,-73.6025927542742,-73.6025927542742
606.1300169992447,-73.5988109371178,-73.5988109371178
606.1400169992447,-73.59502198286954,-73.59502198286954
606.1500169992447,-73.59122637760332,-73.59122637760332
606.1600169992447,-73.58742459973352,-73.58742459973352
606.1700169992447,-73.58361712032942,-73.58361712032942
606.1800169992447,-73.57980440339422,-73.57980440339422
606.1900169992447,-73.57598690614303,-73.57598690614303
606.2000169992447,-73.57216507924471,-73.57216507924471
606.2100169992447,-73.5683393670192,-73.5683393670192
606.2200169992446,-73.56451020761958,-73.56451020761958
606.2300169992446,-73.56067803319597,-73.56067803319597
606.2400169992447,-73.55684327003661,-73.55684327003661
606.2500169992447,-73.5530063386902,-73.5530063386902
606.2600169992447,-73.54916765406462,-73.54916765406462
606.2700169992447,-73.54532762551553,-73.54532762551553
606.2800169992447,-73.54148665693495,-73.54148665693495
606.2900169992447,-73.5376451468345,-73.5376451468345
606.3000169992447,-73.53380348838533,-73.53380348838533
606.3100169992447,-73.52996206949915,-73.52996206949915
606.3200169992447,-73.5261212728468,-73.5261212728468
606.3300169992447,-73.52228147595254,-73.52228147595254
606.3400169992447,-73.5184430511915,-73.5184430511915
606.3500169992446,-73.51460636586158,-73.51460636586158
606.3600169992446,-73.51077178220113,-73.51077178220113
606.3700169992447,-73.50693965744426,-73.50693965744426
606.3800169992447,-73.50311034384636,-73.50311034384636
606.3900169992447,-73.49928418871386,-73.49928418871386
606.4000169992447,-73.49546153444578,-73.49546153444578
606.4100169992447,-73.49164271855265,-73.49164271855265
606.4200169992447,-73.48782807370257,-73.48782807370257
606.4300169992447,-73.48401792775525,-73.48401792775525
606.4400169992447,-73.48021260378373,-73.48021260378373
606.4500169992447,-73.4764124201109,-73.4764124201109
606.4600169992447,-73.47261769034438,-73.47261769034438
606.4700169992446,-73.46882872340859,-73.46882872340859
606.4800169992446,-73.46504582357007,-73.46504582357007
606.4900169992447,-73.4612692904753,-73.4612692904753
606.5000169992447,-73.45749941920388,-73.45749941920388
606.5100169992447,-73.45373650026221,-73.45373650026221
606.5200169992447,-73.44998081964631,-73.44998081964631
606.5300169992447,-73.44623265888264,-73.44623265888264
606.5400169992447,-73.44249229504031,-73.44249229504031
606.5500169992447,-73.43876000078681,-73.43876000078681
606.5600169992447,-73.43503604441815,-73.43503604441815
606.5700169992447,-73.43132068988552,-73.43132068988552
606.5800169992447,-73.42761419684271,-73.42761419684271
606.5900169992447,-73.42391682068492,-73.42391682068492
606.6000169992446,-73.4202288125892,-73.4202288125892
606.6100169992446,-73.41655041953214,-73.41655041953214
606.6200169992447,-73.4128818843443,-73.4128818843443
606.6300169992447,-73.40922344577369,-73.40922344577369
606.6400169992447,-73.40557533845897,-73.40557533845897
606.6500169992447,-73.40193779303694,-73.40193779303694
606.6600169992447,-73.39831103613827,-73.39831103613827
606.6700169992447,-73.39469529045698,-73.39469529045698
606.6800169992447,-73.39109077475905,-73.39109077475905
606.6900169992447,-73.38749770394013,-73.38749770394013
606.7000169992447,-73.38391628907989,-73.38391628907989
606.7100169992447,-73.38034673744689,-73.38034673744689
606.7200169992446,-73.37678925256125,-73.37678925256125
606.7300169992446,-73.373244034246,-73.373244034246
606.7400169992447,-73.36971127863502,-73.36971127863502
606.7500169992447,-73.3661911782394,-73.3661911782394
606.7600169992447,-73.36268392197978,-73.36268392197978
606.7700169992447,-73.35918969522395,-73.35918969522395
606.7800169992447,-73.35570867982355,-73.35570867982355
606.7900169992447,-73.35224105416997,-73.35224105416997
606.8000169992447,-73.348786993222,-73.348786993222
606.8100169992447,-73.34534666853621,-73.34534666853621
606.8200169992447,-73.34192024834027,-73.34192024834027
606.8300169992447,-73.33850789752896,-73.33850789752896
606.8400169992447,-73.33510977773595,-73.33510977773595
606.8500169992446,-73.33172604736266,-73.33172604736266
606.8600169992446,-73.32835686161323,-73.32835686161323
606.8700169992447,-73.32500237253083,-73.32500237253083
606.8800169992447,-73.32166272906849,-73.32166272906849
606.8900169992447,-73.31833807707451,-73.31833807707451
606.9000170230865,-73.31502855149134,-73.31502855149134
606.9100170230865,-73.31173430794746,-73.31173430794746
606.9200170230865,-73.30845547537392,-73.30845547537392
606.9300170230865,-73.30519218770773,-73.30519218770773
606.9400170230865,-73.30194457599006,-73.30194457599006
606.9500170230865,-73.29871276842954,-73.29871276842954
606.9600170230865,-73.29549689040661,-73.29549689040661
606.9700170230866,-73.29229706452635,-73.29229706452635
606.9800170230866,-73.28911341065817,-73.28911341065817
606.9900170230866,-73.28594604596682,-73.28594604596682
607.0000170230866,-73.28279508494485,-73.28279508494485
607.0100170230866,-73.27966063945787,-73.27966063945787
607.0200170230866,-73.27654281877165,-73.27654281877165
607.0300170230865,-73.2734417295908,-73.2734417295908
607.0400170230865,-73.27035747608222,-73.27035747608222
607.0500170230865,-73.2672901599346,-73.2672901599346
607.0600170230865,-73.26423988037013,-73.26423988037013
607.0700170230865,-73.2612067341822,-73.2612067341822
607.0800170230865,-73.25819081576998,-73.25819081576998
607.0900170230866,-73.25519221717862,-73.25519221717862
607.1000170230866,-73.25221102813339,-73.25221102813339
607.1100170230866,-73.24924733604412,-73.24924733604412
607.1200170230866,-73.24630122606902,-73.24630122606902
607.1300170230866,-73.24337278114591,-73.24337278114591
607.1400170230866,-73.24046208199243,-73.24046208199243
607.1500170230865,-73.23756920717199,-73.23756920717199
607.1600170230865,-73.23469423310523,-73.23469423310523
607.1700170230865,-73.23183723410168,-73.23183723410168
607.1800170230865,-73.22899828240458,-73.22899828240458
607.1900170230865,-73.22617744819814,-73.22617744819814
607.2000170230865,-73.22337479965309,-73.22337479965309
607.2100170230865,-73.22059040294555,-73.22059040294555
607.2200170230866,-73.21782432229202,-73.21782432229202
607.2300170230866,-73.21507661999638,-73.21507661999638
607.2400170230866,-73.21234735643628,-73.21234735643628
607.2500170230866,-73.20963659011464,-73.20963659011464
607.2600170230866,-73.20694437768726,-73.20694437768726
607.2700170230866,-73.20427077399492,-73.20427077399492
607.2800170230865,-73.2016158320795,-73.2016158320795
607.2900170230865,-73.19897960321431,-73.19897960321431
607.3000170230865,-73.19636213692496,-73.19636213692496
607.3100170230865,-73.19376348102665,-73.19376348102665
607.3200170230865,-73.19118368164482,-73.19118368164482
607.3300170230865,-73.18862278322617,-73.18862278322617
607.3400170230866,-73.18608082859112,-73.18608082859112
607.3500170230866,-73.18355785894809,-73.18355785894809
607.3600170230866,-73.18105391388895,-73.18105391388895
607.3700170230866,-73.17856903146051,-73.17856903146051
607.3800170230866,-73.17610324815107,-73.17610324815107
607.3900170230866,-73.17365659893363,-73.17365659893363
607.4000170230865,-73.17122911728379,-73.17122911728379
607.4100170230865,-73.16882083520399,-73.16882083520399
607.4200170230865,-73.16643178323162,-73.16643178323162
607.4300170230865,-73.1640619904862,-73.1640619904862
607.4400170230865,-73.16171148467039,-73.16171148467039
607.4500170230865,-73.15938029210304,-73.15938029210304
607.4600170230865,-73.15706206062941,-73.15706206062941
607.4700170230866,-73.15475402221018,-73.15475402221018
607.4800170230866,-73.15245484208639,-73.15245484208639
607.4900170230866,-73.15016384900674,-73.15016384900674
607.5000170230866,-73.14788074117783,-73.14788074117783
607.5100170230866,-73.1456054333626,-73.1456054333626
607.5200170230866,-73.14333796715343,-73.14333796715343
607.5300170230865,-73.14107845702112,-73.14107845702112
607.5400170230865,-73.13882705785169,-73.13882705785169
607.5500170230865,-73.13658394542617,-73.13658394542617
607.5600170230865,-73.1343493048272,-73.1343493048272
607.5700170230865,-73.13212332356657,-73.13212332356657
607.5800170230865,-73.12990618771946,-73.12990618771946
607.5900170230866,-73.1276980797496,-73.1276980797496
607.6000170230866,-73.12549917750337,-73.12549917750337
607.6100170230866,-73.12330965373357,-73.12330965373357
607.6200170230866,-73.12112967610511,-73.12112967610511
607.6300170230866,-73.11895940734087,-73.11895940734087
607.6400170230866,-73.1167990054843,-73.1167990054843
607.6500170230865,-73.1146486242436,-73.1146486242436
607.6600170230865,-73.11250841328608,-73.11250841328608
607.6700170230865,-73.11037851854417,-73.11037851854417
607.6800170230865,-73.10825908251306,-73.10825908251306
607.6900170230865,-73.10615024451133,-73.10615024451133
607.7000170230865,-73.10405214089212,-73.10405214089212
607.7100170230865,-73.10196490525384,-73.10196490525384
607.7200170230866,-73.0998886686128,-73.0998886686128
607.7300170230866,-73.09782355955277,-73.09782355955277
607.7400170230866,-73.09576970432536,-73.09576970432536
607.7500170469284,-73.09372722212694,-73.09372722212694
607.7600170469284,-73.09169624466931,-73.09169624466931
607.7700170469284,-73.08967688695212,-73.08967688695212
607.7800170469284,-73.08766926693124,-73.08766926693124
607.7900170469284,-73.08567350062984,-73.08567350062984
607.8000170469284,-73.08368970221471,-73.08368970221471
607.8100170469284,-73.0817179840025,-73.0817179840025
607.8200170469285,-73.0797584565248,-73.0797584565248
607.8300170469284,-73.07781122855103,-73.07781122855103
607.8400170469284,-73.07587640709085,-73.07587640709085
607.8500170469284,-73.07395409742716,-73.07395409742716
607.8600170469284,-73.07204440313859,-73.07204440313859
607.8700170469284,-73.07014742611011,-73.07014742611011
607.8800170469284,-73.06826326653561,-73.06826326653561
607.8900170469284,-73.06639202294106,-73.06639202294106
607.9000170469284,-73.06453379217211,-73.06453379217211
607.9100170469284,-73.0626886694356,-73.0626886694356
607.9200170469284,-73.06085674827978,-73.06085674827978
607.9300170469284,-73.0590381206084,-73.0590381206084
607.9400170469285,-73.05723287668951,-73.05723287668951
607.9500170469285,-73.05544110517543,-73.05544110517543
607.9600170469284,-73.05361992201281,-73.05361992201281
607.9700170469284,-73.05174441889298,-73.05174441889298
607.9800170469284,-73.04980191169976,-73.04980191169976
607.9900170469284,-73.04778624032463,-73.04778624032463
608.0000170469284,-73.04569475142983,-73.04569475142983
608.0100170469284,-73.04352670387847,-73.04352670387847
608.0200170469284,-73.0412823987173,-73.0412823987173
608.0300170469284,-73.0389626945805,-73.0389626945805
608.0400170469284,-73.03656873488538,-73.03656873488538
608.0500170469284,-73.03410179405329,-73.03410179405329
608.0600170469284,-73.0315631915717,-73.0315631915717
608.0700170469285,-73.02895424516264,-73.02895424516264
608.0800170469284,-73.0262762466616,-73.0262762466616
608.0900170469284,-73.02353045085931,-73.02353045085931
608.1000170469284,-73.02071807188277,-73.02071807188277
608.1100170469284,-73.01784028366417,-73.01784028366417
608.1200170469284,-73.01489822255675,-73.01489822255675
608.1300170469284,-73.01189299097457,-73.01189299097457
608.1400170469284,-73.00882566131519,-73.00882566131519
608.1500170469284,-73.0056972798617,-73.0056972798617
608.1600170469284,-73.00250887040778,-73.00250887040778
608.1700170469284,-72.9992614375452,-72.9992614375452
608.1800170469284,-72.99595596953115,-72.99595596953115
608.1900170469285,-72.99259344080814,-72.99259344080814
608.2000170469285,-72.98917481413775,-72.98917481413775
608.2100170469284,-72.98570104240395,-72.98570104240395
608.2200170469284,-72.9821730701346,-72.9821730701346
608.2300170469284,-72.97859183473176,-72.97859183473176
608.2400170469284,-72.97495826749925,-72.97495826749925
608.2500170469284,-72.97127329445959,-72.97127329445959
608.2600170469284,-72.96753783701315,-72.96753783701315
608.2700170469284,-72.96375281242076,-72.96375281242076
608.2800170469284,-72.95991913419188,-72.95991913419188
608.2900170469284,-72.95603771238498,-72.95603771238498
608.3000170469284,-72.95210945374902,-72.95210945374902
608.3100170469284,-72.94813526187203,-72.94813526187203
608.3200170469285,-72.94411603722243,-72.94411603722243
608.3300170469284,-72.94005267714667,-72.94005267714667
608.3400170469284,-72.93594607581907,-72.93594607581907
608.3500170469284,-72.9317971241668,-72.9317971241668
608.3600170469284,-72.92760670980374,-72.92760670980374
608.3700170469284,-72.92337571684011,-72.92337571684011
608.3800170469284,-72.9191050257712,-72.9191050257712
608.3900170469284,-72.91479551332564,-72.91479551332564
608.4000170469284,-72.91044805229437,-72.91044805229437
608.4100170469284,-72.90606351133844,-72.90606351133844
608.4200170469284,-72.9016427548378,-72.9016427548378
608.4300170469284,-72.89718664267977,-72.89718664267977
608.4400170469285,-72.89269603010828,-72.89269603010828
608.4500170469285,-72.88817176753335,-72.88817176753335
608.4600170469284,-72.88361470033225,-72.88361470033225
608.4700170469284,-72.87902566871068,-72.87902566871068
608.4800170469284,-72.87440550750534,-72.87440550750534
608.4900170469284,-72.86975504604365,-72.86975504604365
608.5000170469284,-72.86507510793766,-72.86507510793766
608.5100170469284,-72.86036651099899,-72.86036651099899
608.5200170469284,-72.85563006702247,-72.85563006702247
608.5300170469284,-72.85086658169635,-72.85086658169635
608.5400170469284,-72.84607685443878,-72.84607685443878
608.5500170469284,-72.84126167827489,-72.84126167827489
608.5600170469284,-72.83642183973124,-72.83642183973124
608.5700170469285,-72.83155811869926,-72.83155811869926
608.5800170469284,-72.82667128834343,-72.82667128834343
608.5900170469284,-72.82176211499916,-72.82176211499916
608.6000170707703,-72.81683134632088,-72.81683134632088
608.6100170707703,-72.81187975812634,-72.81187975812634
608.6200170707702,-72.80690808405298,-72.80690808405298
608.6300170707702,-72.80191706223374,-72.80191706223374
608.6400170707702,-72.79690742357302,-72.79690742357302
608.6500170707702,-72.79187989166556,-72.79187989166556
608.6600170707702,-72.7868351827577,-72.7868351827577
608.6700170707703,-72.78177400570121,-72.78177400570121
608.6800170707703,-72.77669706190831,-72.77669706190831
608.6900170707703,-72.77160504527649,-72.77160504527649
608.7000170707703,-72.76649864221612,-72.76649864221612
608.7100170707703,-72.76137853156877,-72.76137853156877
608.7200170707703,-72.75624538460579,-72.75624538460579
608.7300170707703,-72.75109986501114,-72.75109986501114
608.7400170707703,-72.74594262886997,-72.74594262886997
608.7500170707702,-72.74077432463467,-72.74077432463467
608.7600170707702,-72.73559559314107,-72.73559559314107
608.7700170707702,-72.73040706761222,-72.73040706761222
608.7800170707702,-72.72520937361979,-72.72520937361979
608.7900170707703,-72.7200031291341,-72.7200031291341
608.8000170707703,-72.71478894452773,-72.71478894452773
608.8100170707703,-72.70956742255227,-72.70956742255227
608.8200170707703,-72.70433915838817,-72.70433915838817
608.8300170707703,-72.69910473965581,-72.69910473965581
608.8400170707703,-72.69386474642639,-72.69386474642639
608.8500170707703,-72.68861975124716,-72.68861975124716
608.8600170707703,-72.68337031918804,-72.68337031918804
608.8700170707702,-72.67811700785452,-72.67811700785452
608.8800170707702,-72.6728603674179,-72.6728603674179
608.8900170707702,-72.6676009406457,-72.6676009406457
608.9000170707702,-72.662339262948,-72.662339262948
608.9100170707702,-72.6570758624111,-72.6570758624111
608.9200170707703,-72.65181125984839,-72.65181125984839
608.9300170707703,-72.64654596881878,-72.64654596881878
608.9400170707703,-72.64128049569106,-72.64128049569106
608.9500170707703,-72.63601533967575,-72.63601533967575
608.9600170707703,-72.63074466969309,-72.63074466969309
608.9700170707703,-72.625466209497,-72.625466209497
608.9800170707703,-72.62017909975461,-72.62017909975461
608.9900170707703,-72.61488313341412,-72.61488313341412
609.0000170707702,-72.60957846384218,-72.60957846384218
609.0100170707702,-72.60426545317137,-72.60426545317137
609.0200170707702,-72.59894458333352,-72.59894458333352
609.0300170707702,-72.59361640259617,-72.59361640259617
609.0400170707703,-72.58828149344755,-72.58828149344755
609.0500170707703,-72.5829404533242,-72.5829404533242
609.0600170707703,-72.57759388312796,-72.57759388312796
609.0700170707703,-72.57224238055942,-72.57224238055942
609.0800170707703,-72.56688653627225,-72.56688653627225
609.0900170707703,-72.56152693186044,-72.56152693186044
609.1000170707703,-72.55616413884988,-72.55616413884988
609.1100170707703,-72.55079871833291,-72.55079871833291
609.1200170707702,-72.54543122102899,-72.54543122102899
609.1300170707702,-72.54006218743037,-72.54006218743037
609.1400170707702,-72.53469214819602,-72.53469214819602
609.1500170707702,-72.52932162447354,-72.52932162447354
609.1600170707702,-72.52395112826653,-72.52395112826653
609.1700170707703,-72.51858116280536,-72.51858116280536
609.1800170707703,-72.51321222288556,-72.51321222288556
609.1900170707703,-72.50784479516108,-72.50784479516108
609.2000170707703,-72.50247935840213,-72.50247935840213
609.2100170707703,-72.49711638376371,-72.49711638376371
609.2200170707703,-72.49175633501066,-72.49175633501066
609.2300170707703,-72.48639966868645,-72.48639966868645
609.2400170707703,-72.48104683430341,-72.48104683430341
609.2500170707702,-72.47569827450009,-72.47569827450009
609.2600170707702,-72.47035442517755,-72.47035442517755
609.2700170707702,-72.46501571561795,-72.46501571561795
609.2800170707702,-72.45968256859479,-72.45968256859479
609.2900170707703,-72.45435540049363,-72.45435540049363
609.3000170707703,-72.44903462139217,-72.44903462139217
609.3100170707703,-72.44372063515009,-72.44372063515009
609.3200170707703,-72.43841383948723,-72.43841383948723
609.3300170707703,-72.43311462606582,-72.43311462606582
609.3400170707703,-72.42782338054431,-72.42782338054431
609.3500170707703,-72.4225404826554,-72.4225404826554
609.3600170707703,-72.41726630626718,-72.41726630626718
609.3700170707702,-72.41200121946623,-72.41200121946623
609.3800170707702,-72.40674558457384,-72.40674558457384
609.3900170707702,-72.40149975823246,-72.40149975823246
609.4000170707702,-72.39626409145646,-72.39626409145646
609.4100170707702,-72.39103892968056,-72.39103892968056
609.4200170707703,-72.38582461281187,-72.38582461281187
609.4300170707703,-72.38062147530074,-72.38062147530074
609.4400170707703,-72.37542984616336,-72.37542984616336
609.4500170946121,-72.37025003672616,-72.37025003672616
609.4600170946121,-72.36508239002754,-72.36508239002754
609.4700170946121,-72.35992720677707,-72.35992720677707
609.4800170946121,-72.35478479482917,-72.35478479482917
609.4900170946121,-72.34965545689583,-72.34965545689583
609.5000170946121,-72.34453949053211,-72.34453949053211
609.5100170946121,-72.3394371882722,-72.3394371882722
609.5200170946122,-72.33434883760565,-72.33434883760565
609.5300170946122,-72.32927472107504,-72.32927472107504
609.5400170946122,-72.32421511629504,-72.32421511629504
609.5500170946121,-72.3191702960147,-72.3191702960147
609.5600170946121,-72.31414052817995,-72.31414052817995
609.5700170946121,-72.30912607595312,-72.30912607595312
609.5800170946121,-72.30412719779024,-72.30412719779024
609.5900170946121,-72.29914414748016,-72.29914414748016
609.6000170946121,-72.29417717419177,-72.29417717419177
609.6100170946121,-72.28922652252388,-72.28922652252388
609.6200170946121,-72.28429243255374,-72.28429243255374
609.6300170946121,-72.27937513990102,-72.27937513990102
609.6400170946122,-72.2744748757571,-72.2744748757571
609.6500170946122,-72.26959186694617,-72.26959186694617
609.6600170946122,-72.26472633596356,-72.26472633596356
609.6700170946121,-72.2598785010336,-72.2598785010336
609.6800170946121,-72.25504857615944,-72.25504857615944
609.6900170946121,-72.2502367711712,-72.2502367711712
609.7000170946121,-72.24544329176736,-72.24544329176736
609.7100170946121,-72.24066833956148,-72.24066833956148
609.7200170946121,-72.23591211214381,-72.23591211214381
609.7300170946121,-72.23117480312338,-72.23117480312338
609.7400170946121,-72.22645660217081,-72.22645660217081
609.7500170946121,-72.22175769506708,-72.22175769506708
609.7600170946121,-72.21707826375815,-72.21707826375815
609.7700170946122,-72.21241848638294,-72.21241848638294
609.7800170946122,-72.20777853735551,-72.20777853735551
609.7900170946122,-72.2031585873669,-72.2031585873669
609.8000170946121,-72.19855880346562,-72.19855880346562
609.8100170946121,-72.19397934908903,-72.19397934908903
609.8200170946121,-72.18942038411322,-72.18942038411322
609.8300170946121,-72.18488206489222,-72.18488206489222
609.8400170946121,-72.1803645443091,-72.1803645443091
609.8500170946121,-72.17586797181784,-72.17586797181784
609.8600170946121,-72.17139249350204,-72.17139249350204
609.8700170946121,-72.16693825207521,-72.16693825207521
609.8800170946121,-72.16250538698698,-72.16250538698698
609.8900170946122,-72.15809403440889,-72.15809403440889
609.9000170946122,-72.15370432732446,-72.15370432732446
609.9100170946122,-72.14933639553003,-72.14933639553003
609.9200170946121,-72.14499036570501,-72.14499036570501
609.9300170946121,-72.14066636145085,-72.14066636145085
609.9400170946121,-72.13636450331333,-72.13636450331333
609.9500170946121,-72.13208490884962,-72.13208490884962
609.9600170946121,-72.12782769264626,-72.12782769264626
609.9700170946121,-72.12359296638625,-72.12359296638625
609.9800170946121,-72.11938083884945,-72.11938083884945
609.9900170946121,-72.11519141599653,-72.11519141599653
610.0000170946121,-72.11102480097107,-72.11102480097107
610.0100170946121,-72.10688109417187,-72.10688109417187
610.0200170946122,-72.10276039324772,-72.10276039324772
610.0300170946122,-72.09866279319095,-72.09866279319095
610.0400170946122,-72.09458838632284,-72.09458838632284
610.0500170946121,-72.0905372623678,-72.0905372623678
610.0600170946121,-72.08650950846534,-72.08650950846534
610.0700170946121,-72.08250520921443,-72.08250520921443
610.0800170946121,-72.07852444673293,-72.07852444673293
610.0900170946121,-72.07456730065492,-72.07456730065492
610.1000170946121,-72.0706338481809,-72.0706338481809
610.1100170946121,-72.06672416412643,-72.06672416412643
610.1200170946121,-72.06283832094394,-72.06283832094394
610.1300170946121,-72.05897638876036,-72.05897638876036
610.1400170946122,-72.05513843538597,-72.05513843538597
610.1500170946122,-72.05132452640417,-72.05132452640417
610.1600170946122,-72.04753472515668,-72.04753472515668
610.1700170946121,-72.04376909278767,-72.04376909278767
610.1800170946121,-72.0400276882783,-72.0400276882783
610.1900170946121,-72.03631056847755,-72.03631056847755
610.2000170946121,-72.03261778814131,-72.03261778814131
610.2100170946121,-72.02894939995689,-72.02894939995689
610.2200170946121,-72.02530545456614,-72.02530545456614
610.2300170946121,-72.0216860006164,-72.0216860006164
610.2400170946121,-72.01809108476324,-72.01809108476324
610.2500170946121,-72.01452075171842,-72.01452075171842
610.2600170946121,-72.0109750442883,-72.0109750442883
610.2700170946122,-72.00745400336112,-72.00745400336112
610.2800170946122,-72.00395766800307,-72.00395766800307
610.2900170946122,-72.00048607540778,-72.00048607540778
610.300017118454,-71.99703925278477,-71.99703925278477
610.310017118454,-71.99361725024745,-71.99361725024745
610.320017118454,-71.99022009138649,-71.99022009138649
610.330017118454,-71.98684780634892,-71.98684780634892
610.3400171184539,-71.98350042359635,-71.98350042359635
610.3500171184539,-71.98017796991809,-71.98017796991809
610.3600171184539,-71.97688047044394,-71.97688047044394
610.370017118454,-71.97360794868933,-71.97360794868933
610.380017118454,-71.97036042658635,-71.97036042658635
610.390017118454,-71.96713792447683,-71.96713792447683
610.400017118454,-71.96394046116114,-71.96394046116114
610.410017118454,-71.96076805393871,-71.96076805393871
610.420017118454,-71.95762071857484,-71.95762071857484
610.430017118454,-71.95449846938894,-71.95449846938894
610.440017118454,-71.95140131923354,-71.95140131923354
610.450017118454,-71.94832927953446,-71.94832927953446
610.460017118454,-71.94528236031162,-71.94528236031162
610.4700171184539,-71.94226057020448,-71.94226057020448
610.4800171184539,-71.93926391649316,-71.93926391649316
610.490017118454,-71.93629240509988,-71.93629240509988
610.500017118454,-71.93334604064715,-71.93334604064715
610.510017118454,-71.93042482645406,-71.93042482645406
610.520017118454,-71.92752876455904,-71.92752876455904
610.530017118454,-71.92465785573548,-71.92465785573548
610.540017118454,-71.92181209954205,-71.92181209954205
610.550017118454,-71.9189914942975,-71.9189914942975
610.560017118454,-71.91619603714534,-71.91619603714534
610.570017118454,-71.91342572403462,-71.91342572403462
610.580017118454,-71.91068054975966,-71.91068054975966
610.5900171184539,-71.90796050798225,-71.90796050798225
610.6000171184539,-71.90526559123622,-71.90526559123622
610.6100171184539,-71.90259579095853,-71.90259579095853
610.620017118454,-71.89995109749594,-71.89995109749594
610.630017118454,-71.89733150014261,-71.89733150014261
610.640017118454,-71.8947369871247,-71.8947369871247
610.650017118454,-71.89216754564659,-71.89216754564659
610.660017118454,-71.88962316190259,-71.88962316190259
610.670017118454,-71.8871038210874,-71.8871038210874
610.680017118454,-71.88460950740263,-71.88460950740263
610.690017118454,-71.88214020410553,-71.88214020410553
610.700017118454,-71.87969589348872,-71.87969589348872
610.710017118454,-71.87727655692856,-71.87727655692856
610.7200171184539,-71.87488217486928,-71.87488217486928
610.7300171184539,-71.87251272687146,-71.87251272687146
610.740017118454,-71.87016819159413,-71.87016819159413
610.750017118454,-71.8678485468487,-71.8678485468487
610.760017118454,-71.86555376956497,-71.86555376956497
610.770017118454,-71.86328383584095,-71.86328383584095
610.780017118454,-71.86103872096152,-71.86103872096152
610.790017118454,-71.85881839938828,-71.85881839938828
610.800017118454,-71.85662284478117,-71.85662284478117
610.810017118454,-71.854452030024,-71.854452030024
610.820017118454,-71.85230592723475,-71.85230592723475
610.830017118454,-71.85018450776954,-71.85018450776954
610.8400171184539,-71.8480877422443,-71.8480877422443
610.8500171184539,-71.8460156005362,-71.8460156005362
610.8600171184539,-71.84396805182072,-71.84396805182072
610.870017118454,-71.84194506454872,-71.84194506454872
610.880017118454,-71.83994660650353,-71.83994660650353
610.890017118454,-71.83797264477103,-71.83797264477103
610.900017118454,-71.83602314577575,-71.83602314577575
610.910017118454,-71.83409807529495,-71.83409807529495
610.920017118454,-71.83219739845038,-71.83219739845038
610.930017118454,-71.83032107974392,-71.83032107974392
610.940017118454,-71.82846908304529,-71.82846908304529
610.950017118454,-71.82664137163066,-71.82664137163066
610.960017118454,-71.82483790815579,-71.82483790815579
610.9700171184539,-71.82305865472212,-71.82305865472212
610.9800171184539,-71.8213035728388,-71.8213035728388
610.990017118454,-71.81957262343836,-71.81957262343836
611.000017118454,-71.81786576692754,-71.81786576692754
611.010017118454,-71.81618296315489,-71.81618296315489
611.020017118454,-71.81452417142567,-71.81452417142567
611.030017118454,-71.81288935054964,-71.81288935054964
611.040017118454,-71.81127845880002,-71.81127845880002
611.050017118454,-71.80969145395,-71.80969145395
611.060017118454,-71.8081282932939,-71.8081282932939
611.070017118454,-71.8065889336321,-71.8065889336321
611.080017118454,-71.80507333127836,-71.80507333127836
611.0900171184539,-71.80358144211748,-71.80358144211748
611.1000171184539,-71.8021132215438,-71.8021132215438
611.1100171184539,-71.80066862452293,-71.80066862452293
611.120017118454,-71.79924760558315,-71.79924760558315
611.130017118454,-71.79785011881285,-71.79785011881285
611.140017118454,-71.79647611789466,-71.79647611789466
611.1500171422958,-71.79512555286863,-71.79512555286863
611.1600171422958,-71.79379838310399,-71.79379838310399
611.1700171422958,-71.79249455777273,-71.79249455777273
611.1800171422958,-71.79121402895025,-71.79121402895025
611.1900171422958,-71.7899567483449,-71.7899567483449
611.2000171422958,-71.78872266729246,-71.78872266729246
611.2100171422958,-71.78751173675542,-71.78751173675542
611.2200171422959,-71.78632390734958,-71.78632390734958
611.2300171422959,-71.78515912934247,-71.78515912934247
611.2400171422959,-71.78401735266186,-71.78401735266186
611.2500171422959,-71.78289852690253,-71.78289852690253
611.2600171422959,-71.78180260132889,-71.78180260132889
611.2700171422958,-71.78072952489835,-71.78072952489835
611.2800171422958,-71.77967924624924,-71.77967924624924
611.2900171422958,-71.77865171371677,-71.77865171371677
611.3000171422958,-71.77764687534045,-71.77764687534045
611.3100171422958,-71.77666467888253,-71.77666467888253
611.3200171422958,-71.7757050717956,-71.7757050717956
611.3300171422958,-71.77476800128139,-71.77476800128139
611.3400171422959,-71.77385341424863,-71.77385341424863
611.3500171422959,-71.77296125735434,-71.77296125735434
611.3600171422959,-71.77209147700492,-71.77209147700492
611.3700171422959,-71.77124401935,-71.77124401935
611.3800171422959,-71.77041883028207,-71.77041883028207
611.3900171422958,-71.769615855467,-71.769615855467
611.4000171422958,-71.76883504034068,-71.76883504034068
611.4100171422958,-71.7680763300941,-71.7680763300941
611.4200171422958,-71.76733966972347,-71.76733966972347
611.4300171422958,-71.76662500398494,-71.76662500398494
611.4400171422958,-71.76593227743716,-71.76593227743716
611.4500171422958,-71.76526143443431,-71.76526143443431
611.4600171422958,-71.76460616512917,-71.76460616512917
611.4700171422959,-71.76396367871496,-71.76396367871496
611.4800171422959,-71.76333259101096,-71.76333259101096
611.4900171422959,-71.762712168949,-71.762712168949
611.5000171422959,-71.76210204217688,-71.76210204217688
611.5100171422959,-71.76150205320914,-71.76150205320914
611.5200171422958,-71.76091216953456,-71.76091216953456
611.5300171422958,-71.76033243080198,-71.76033243080198
611.5400171422958,-71.75976291703483,-71.75976291703483
611.5500171422958,-71.75920372953917,-71.75920372953917
611.5600171422958,-71.75865497959214,-71.75865497959214
611.5700171422958,-71.75811678172933,-71.75811678172933
611.5800171422958,-71.75758924996428,-71.75758924996428
611.5900171422959,-71.75707249568912,-71.75707249568912
611.6000171422959,-71.75656662665772,-71.75656662665772
611.6100171422959,-71.75607174655859,-71.75607174655859
611.6200171422959,-71.75558795500606,-71.75558795500606
611.6300171422959,-71.75511534767058,-71.75511534767058
611.6400171422958,-71.75465401653621,-71.75465401653621
611.6500171422958,-71.75420405021563,-71.75420405021563
611.6600171422958,-71.75376553425006,-71.75376553425006
611.6700171422958,-71.75333855139354,-71.75333855139354
611.6800171422958,-71.75292318188494,-71.75292318188494
611.6900171422958,-71.75251950370038,-71.75251950370038
611.7000171422958,-71.75212759274794,-71.75212759274794
611.7100171422958,-71.75174752305504,-71.75174752305504
611.7200171422959,-71.75137936694371,-71.75137936694371
611.7300171422959,-71.75102319513934,-71.75102319513934
611.7400171422959,-71.75067907690791,-71.75067907690791
611.7500171422959,-71.75034708012288,-71.75034708012288
611.7600171422959,-71.75002727136768,-71.75002727136768
611.7700171422958,-71.74971971599307,-71.74971971599307
611.7800171422958,-71.74942447816989,-71.74942447816989
611.7900171422958,-71.74914162093157,-71.74914162093157
611.8000171422958,-71.74887120621244,-71.74887120621244
611.8100171422958,-71.7486132948837,-71.7486132948837
611.8200171422958,-71.74836794674644,-71.74836794674644
611.8300171422958,-71.74813522059307,-71.74813522059307
611.8400171422959,-71.74791517417547,-71.74791517417547
611.8500171422959,-71.74770786426285,-71.74770786426285
611.8600171422959,-71.74751334660272,-71.74751334660272
611.8700171422959,-71.74733167595,-71.74733167595
611.8800171422959,-71.74716290607164,-71.74716290607164
611.8900171422958,-71.74700708972706,-71.74700708972706
611.9000171422958,-71.74686427869156,-71.74686427869156
611.9100171422958,-71.74673452375649,-71.74673452375649
611.9200171422958,-71.7466178747071,-71.7466178747071
611.9300171422958,-71.74651438033499,-71.74651438033499
611.9400171422958,-71.74642408843685,-71.74642408843685
611.9500171422958,-71.74634704580971,-71.74634704580971
611.9600171422958,-71.74627704528262,-71.74627704528262
611.9700171422959,-71.74621139665048,-71.74621139665048
611.9800171422959,-71.74614881506714,-71.74614881506714
611.9900171422959,-71.74608866573254,-71.74608866573254
612.0000171661377,-71.74603067548534,-71.74603067548534
612.0100171661377,-71.74597478359098,-71.74597478359098
612.0200171661377,-71.74592105303917,-71.74592105303917
612.0300171661377,-71.74586961834507,-71.74586961834507
612.0400171661377,-71.74582065358325,-71.74582065358325
612.0500171661376,-71.74577435338871,-71.74577435338871
612.0600171661376,-71.7457309215593,-71.7457309215593
612.0700171661377,-71.74569056439664,-71.74569056439664
612.0800171661377,-71.7456534869091,-71.7456534869091
612.0900171661377,-71.7456198906931,-71.7456198906931
612.1000171661377,-71.74558997290639,-71.74558997290639
612.1100171661377,-71.74556392585137,-71.74556392585137
612.1200171661377,-71.74554193694455,-71.74554193694455
612.1300171661377,-71.74552418884808,-71.74552418884808
612.1400171661377,-71.74551085971707,-71.74551085971707
612.1500171661377,-71.74550212352466,-71.74550212352466
612.1600171661377,-71.74549815032245,-71.74549815032245
612.1700171661377,-71.74549910655227,-71.74549910655227
612.1800171661376,-71.74550515532559,-71.74550515532559
612.1900171661377,-71.74551645662751,-71.74551645662751
612.2000171661377,-71.74553316755875,-71.74553316755875
612.2100171661377,-71.74555544249651,-71.74555544249651
612.2200171661377,-71.74558343326537,-71.74558343326537
612.2300171661377,-71.74561728926759,-71.74561728926759
612.2400171661377,-71.7456571575888,-71.7456571575888
612.2500171661377,-71.74570318310535,-71.74570318310535
612.2600171661377,-71.74575550856567,-71.74575550856567
612.2700171661377,-71.74581427464666,-71.74581427464666
612.2800171661377,-71.74587962001902,-71.74587962001902
612.2900171661377,-71.74595168139929,-71.74595168139929
612.3000171661376,-71.74603059356605,-71.74603059356605
612.3100171661376,-71.74611648940335,-71.74611648940335
612.3200171661377,-71.74620949994315,-71.74620949994315
612.3300171661377,-71.74630975437529,-71.74630975437529
612.3400171661377,-71.74641738004594,-71.74641738004594
612.3500171661377,-71.74653250249985,-71.74653250249985
612.3600171661377,-71.74665524547817,-71.74665524547817
612.3700171661377,-71.74678573093314,-71.74678573093314
612.3800171661377,-71.74692407903059,-71.74692407903059
612.3900171661377,-71.7470704081571,-71.7470704081571
612.4000171661377,-71.74722483493767,-71.74722483493767
612.4100171661377,-71.74738747423382,-71.74738747423382
612.4200171661377,-71.74755843912881,-71.74755843912881
612.4300171661376,-71.74773784096341,-71.74773784096341
612.4400171661377,-71.74792578932797,-71.74792578932797
612.4500171661377,-71.7481223920549,-71.7481223920549
612.4600171661377,-71.74832775523855,-71.74832775523855
612.4700171661377,-71.74854198323527,-71.74854198323527
612.4800171661377,-71.74876517866224,-71.74876517866224
612.4900171661377,-71.74899744241684,-71.74899744241684
612.5000171661377,-71.74923887366124,-71.74923887366124
612.5100171661377,-71.74948956982931,-71.74948956982931
612.5200171661377,-71.74974962665924,-71.74974962665924
612.5300171661377,-71.7500191381749,-71.7500191381749
612.5400171661377,-71.75029819670489,-71.75029819670489
612.5500171661376,-71.75058689287394,-71.75058689287394
612.5600171661376,-71.75088531562635,-71.75088531562635
612.5700171661377,-71.75119355223337,-71.75119355223337
612.5800171661377,-71.75151168829396,-71.75151168829396
612.5900171661377,-71.75183980774672,-71.75183980774672
612.6000171661377,-71.75217799287401,-71.75217799287401
612.6100171661377,-71.7525263243263,-71.7525263243263
612.6200171661377,-71.75288488111804,-71.75288488111804
612.6300171661377,-71.75325374063627,-71.75325374063627
612.6400171661377,-71.75363297866811,-71.75363297866811
612.6500171661377,-71.7540226693976,-71.7540226693976
612.6600171661377,-71.75442288541639,-71.75442288541639
612.6700171661377,-71.75483369774315,-71.75483369774315
612.6800171661376,-71.75525517584106,-71.75525517584106
612.6900171661377,-71.75568738760944,-71.75568738760944
612.7000171661377,-71.75613039941447,-71.75613039941447
612.7100171661377,-71.75657802217991,-71.75657802217991
612.7200171661377,-71.75702758346426,-71.75702758346426
612.7300171661377,-71.75747781569503,-71.75747781569503
612.7400171661377,-71.75792810089897,-71.75792810089897
612.7500171661377,-71.75837818240363,-71.75837818240363
612.7600171661377,-71.75882801511348,-71.75882801511348
612.7700171661377,-71.75927767764833,-71.75927767764833
612.7800171661377,-71.75972731961716,-71.75972731961716
612.7900171661377,-71.76017712983742,-71.76017712983742
612.8000171661376,-71.76062731732968,-71.76062731732968
612.8100171661376,-71.76107809992976,-71.76107809992976
612.8200171661377,-71.7615296976631,-71.7615296976631
612.8300171661377,-71.76198232894878,-71.76198232894878
612.8400171661377,-71.76243620849421,-71.76243620849421
612.8500171899796,-71.76289154735748,-71.76289154735748
612.8600171899795,-71.76334854823446,-71.76334854823446
612.8700171899795,-71.76380741187822,-71.76380741187822
612.8800171899795,-71.76426833296672,-71.76426833296672
612.8900171899795,-71.7647315014176,-71.7647315014176
612.9000171899795,-71.76519710270644,-71.76519710270644
612.9100171899795,-71.76566531816367,-71.76566531816367
612.9200171899796,-71.76613632528955,-71.76613632528955
612.9300171899796,-71.76661029802437,-71.76661029802437
612.9400171899796,-71.76708740698001,-71.76708740698001
612.9500171899796,-71.76756781966114,-71.76756781966114
612.9600171899796,-71.76804544612513,-71.76804544612513
612.9700171899796,-71.76851771234458,-71.76851771234458
612.9800171899795,-71.76898344828886,-71.76898344828886
612.9900171899795,-71.76944213260083,-71.76944213260083
613.0000171899795,-71.76989360438833,-71.76989360438833
613.0100171899795,-71.77033791354476,-71.77033791354476
613.0200171899795,-71.77077523294638,-71.77077523294638
613.0300171899795,-71.77120580575507,-71.77120580575507
613.0400171899796,-71.7716299136849,-71.7716299136849
613.0500171899796,-71.77204785801318,-71.77204785801318
613.0600171899796,-71.77245994824433,-71.77245994824433
613.0700171899796,-71.77286649544553,-71.77286649544553
613.0800171899796,-71.7732678084992,-71.7732678084992
613.0900171899796,-71.77366419198258,-71.77366419198258
613.1000171899796,-71.77405594518385,-71.77405594518385
613.1100171899795,-71.77444336168053,-71.77444336168053
613.1200171899795,-71.77482672928993,-71.77482672928993
613.1300171899795,-71.77520633023568,-71.77520633023568
613.1400171899795,-71.77558244140045,-71.77558244140045
613.1500171899795,-71.77595533462198,-71.77595533462198
613.1600171899795,-71.77632527699151,-71.77632527699151
613.1700171899796,-71.77669253114566,-71.77669253114566
613.1800171899796,-71.77705735554711,-71.77705735554711
613.1900171899796,-71.77742000469186,-71.77742000469186
613.2000171899796,-71.77778072934193,-71.77778072934193
613.2100171899796,-71.77813977671227,-71.77813977671227
613.2200171899796,-71.77849739059657,-71.77849739059657
613.2300171899795,-71.77885381153678,-71.77885381153678
613.2400171899795,-71.77920927690319,-71.77920927690319
613.2500171899795,-71.77956402101898,-71.77956402101898
613.2600171899795,-71.77991827522082,-71.77991827522082
613.2700171899795,-71.78027226792814,-71.78027226792814
613.2800171899795,-71.78062622470735,-71.78062622470735
613.2900171899796,-71.78098036831243,-71.78098036831243
613.3000171899796,-71.78133491872293,-71.78133491872293
613.3100171899796,-71.78169009317625,-71.78169009317625
613.3200171899796,-71.78204610620439,-71.78204610620439
613.3300171899796,-71.78240316963365,-71.78240316963365
613.3400171899796,-71.78276149262476,-71.78276149262476
613.3500171899796,-71.78312128167427,-71.78312128167427
613.3600171899795,-71.78348274064898,-71.78348274064898
613.3700171899795,-71.78384607077321,-71.78384607077321
613.3800171899795,-71.78421147063929,-71.78421147063929
613.3900171899795,-71.78457913623997,-71.78457913623997
613.4000171899795,-71.78494926096337,-71.78494926096337
613.4100171899795,-71.78532203560222,-71.78532203560222
613.4200171899796,-71.78569764834312,-71.78569764834312
613.4300171899796,-71.7860762848149,-71.7860762848149
613.4400171899796,-71.78645812806482,-71.78645812806482
613.4500171899796,-71.7868433585711,-71.7868433585711
613.4600171899796,-71.78723215425426,-71.78723215425426
613.4700171899796,-71.78762469048384,-71.78762469048384
613.4800171899795,-71.78802114011017,-71.78802114011017
613.4900171899795,-71.78842167343386,-71.78842167343386
613.5000171899795,-71.7888264582417,-71.7888264582417
613.5100171899795,-71.78923565981489,-71.78923565981489
613.5200171899795,-71.78964944092705,-71.78964944092705
613.5300171899795,-71.79006796188035,-71.79006796188035
613.5400171899796,-71.79049138048029,-71.79049138048029
613.5500171899796,-71.79091985209111,-71.79091985209111
613.5600171899796,-71.79135352962625,-71.79135352962625
613.5700171899796,-71.79179256354678,-71.79179256354678
613.5800171899796,-71.79223710190963,-71.79223710190963
613.5900171899796,-71.79268729036262,-71.79268729036262
613.6000171899796,-71.793143272161,-71.793143272161
613.6100171899795,-71.79360518818484,-71.79360518818484
613.6200171899795,-71.79407317696189,-71.79407317696189
613.6300171899795,-71.7945473746739,-71.7945473746739
613.6400171899795,-71.7950279151751,-71.7950279151751
613.6500171899795,-71.79551493001442,-71.79551493001442
613.6600171899795,-71.79600854844986,-71.79600854844986
613.6700171899796,-71.7965088974644,-71.7965088974644
613.6800171899796,-71.79701610181247,-71.79701610181247
613.6900171899796,-71.79753028398646,-71.79753028398646
613.7000172138214,-71.79805156551045,-71.79805156551045
613.7100172138214,-71.79858006202143,-71.79858006202143
613.7200172138214,-71.79911589064587,-71.79911589064587
613.7300172138214,-71.7996591651593,-71.7996591651593
613.7400172138214,-71.80020999718488,-71.80020999718488
613.7500172138214,-71.80076849622209,-71.80076849622209
613.7600172138214,-71.80133476969294,-71.80133476969294
613.7700172138215,-71.8019089229412,-71.8019089229412
613.7800172138215,-71.80249105926276,-71.80249105926276
613.7900172138214,-71.80308127990519,-71.80308127990519
613.8000172138214,-71.80367968411537,-71.80367968411537
613.8100172138214,-71.80428636914992,-71.80428636914992
613.8200172138214,-71.8049014303029,-71.8049014303029
613.8300172138214,-71.80552496090267,-71.80552496090267
613.8400172138214,-71.80615705236914,-71.80615705236914
613.8500172138214,-71.80679779420464,-71.80679779420464
613.8600172138214,-71.8074472740391,-71.8074472740391
613.8700172138214,-71.80810557762668,-71.80810557762668
613.8800172138214,-71.80877278889362,-71.80877278889362
613.8900172138215,-71.80944898994186,-71.80944898994186
613.9000172138215,-71.81013426108083,-71.81013426108083
613.9100172138214,-71.81082868083759,-71.81082868083759
613.9200172138214,-71.8115323259803,-71.8115323259803
613.9300172138214,-71.81224527154494,-71.81224527154494
613.9400172138214,-71.81296759085986,-71.81296759085986
613.9500172138214,-71.81369935554895,-71.81369935554895
613.9600172138214,-71.81444063558035,-71.81444063558035
613.9700172138214,-71.81519149926422,-71.81519149926422
613.9800172138214,-71.81595201328153,-71.81595201328153
613.9900172138214,-71.8167222427115,-71.8167222427115
614.0000172138214,-71.81750225103777,-71.81750225103777
614.0100172138214,-71.81829210017112,-71.81829210017112
614.0200172138215,-71.81909185048778,-71.81909185048778
614.0300172138215,-71.8199015608397,-71.8199015608397
614.0400172138214,-71.82072128855326,-71.82072128855326
614.0500172138214,-71.82155108948268,-71.82155108948268
614.0600172138214,-71.82239101800386,-71.82239101800386
614.0700172138214,-71.82324112705865,-71.82324112705865
614.0800172138214,-71.8241014681609,-71.8241014681609
614.0900172138214,-71.82497209140695,-71.82497209140695
614.1000172138214,-71.825853045509,-71.825853045509
614.1100172138214,-71.82674437780572,-71.82674437780572
614.1200172138214,-71.82764613428846,-71.82764613428846
614.1300172138214,-71.82855835962151,-71.82855835962151
614.1400172138215,-71.82948109713817,-71.82948109713817
614.1500172138215,-71.83041438889792,-71.83041438889792
614.1600172138214,-71.83135827567104,-71.83135827567104
614.1700172138214,-71.83231279696153,-71.83231279696153
614.1800172138214,-71.83327799105041,-71.83327799105041
614.1900172138214,-71.83425389498557,-71.83425389498557
614.2000172138214,-71.83524054460469,-71.83524054460469
614.2100172138214,-71.83623797457155,-71.83623797457155
614.2200172138214,-71.83724621836544,-71.83724621836544
614.2300172138214,-71.83826530832592,-71.83826530832592
614.2400172138214,-71.83929527562942,-71.83929527562942
614.2500172138214,-71.84033615036044,-71.84033615036044
614.2600172138214,-71.84138796148318,-71.84138796148318
614.2700172138215,-71.84245073687762,-71.84245073687762
614.2800172138215,-71.84352450335301,-71.84352450335301
614.2900172138214,-71.84460928666697,-71.84460928666697
614.3000172138214,-71.84570511152512,-71.84570511152512
614.3100172138214,-71.84681200162184,-71.84681200162184
614.3200172138214,-71.8479299796434,-71.8479299796434
614.3300172138214,-71.84905906726947,-71.84905906726947
614.3400172138214,-71.85019928521331,-71.85019928521331
614.3500172138214,-71.8513506532115,-71.8513506532115
614.3600172138214,-71.85251319007112,-71.85251319007112
614.3700172138214,-71.8536869136494,-71.8536869136494
614.3800172138214,-71.85487184088659,-71.85487184088659
614.3900172138215,-71.8560679878137,-71.8560679878137
614.4000172138215,-71.85727536958784,-71.85727536958784
614.4100172138214,-71.85849400046384,-71.85849400046384
614.4200172138214,-71.85972389384527,-71.85972389384527
614.4300172138214,-71.8609650622809,-71.8609650622809
614.4400172138214,-71.8622175174876,-71.8622175174876
614.4500172138214,-71.86348127034917,-71.86348127034917
614.4600172138214,-71.86475633094857,-71.86475633094857
614.4700172138214,-71.86604270856282,-71.86604270856282
614.4800172138214,-71.86734041167865,-71.86734041167865
614.4900172138214,-71.86864944801877,-71.86864944801877
614.5000172138214,-71.86996982453647,-71.86996982453647
614.5100172138214,-71.87130154743998,-71.87130154743998
614.5200172138215,-71.8726446222072,-71.8726446222072
614.5300172138215,-71.87399905357849,-71.87399905357849
614.5400172138214,-71.87536484559253,-71.87536484559253
614.5500172376633,-71.87674200485048,-71.87674200485048
614.5600172376633,-71.87813052748506,-71.87813052748506
614.5700172376633,-71.8795304186783,-71.8795304186783
614.5800172376632,-71.88094167972861,-71.88094167972861
614.5900172376632,-71.8823643112772,-71.8823643112772
614.6000172376632,-71.88379831330523,-71.88379831330523
614.6100172376632,-71.88524368517056,-71.88524368517056
614.6200172376633,-71.88670042559737,-71.88670042559737
614.6300172376633,-71.88816853270164,-71.88816853270164
614.6400172376633,-71.88964800398278,-71.88964800398278
614.6500172376633,-71.8911388363573,-71.8911388363573
614.6600172376633,-71.89264102615083,-71.89264102615083
614.6700172376633,-71.8941545691151,-71.8941545691151
614.6800172376633,-71.89567946043506,-71.89567946043506
614.6900172376633,-71.89721569474176,-71.89721569474176
614.7000172376632,-71.89876326610946,-71.89876326610946
614.7100172376632,-71.90032216809564,-71.90032216809564
614.7200172376632,-71.90189239371195,-71.90189239371195
614.7300172376632,-71.90347393544491,-71.90347393544491
614.7400172376633,-71.90506678528968,-71.90506678528968
614.7500172376633,-71.90667093473758,-71.90667093473758
614.7600172376633,-71.90828637478035,-71.90828637478035
614.7700172376633,-71.90991309591539,-71.90991309591539
614.7800172376633,-71.91155108818549,-71.91155108818549
614.7900172376633,-71.91320034114365,-71.91320034114365
614.8000172376633,-71.91486084389459,-71.91486084389459
614.8100172376633,-71.91653258509037,-71.91653258509037
614.8200172376633,-71.91821555293936,-71.91821555293936
614.8300172376632,-71.91990973521719,-71.91990973521719
614.8400172376632,-71.92161511925868,-71.92161511925868
614.8500172376632,-71.92333169199006,-71.92333169199006
614.8600172376632,-71.9250594399139,-71.9250594399139
614.8700172376633,-71.92679834913233,-71.92679834913233
614.8800172376633,-71.9285484053575,-71.9285484053575
614.8900172376633,-71.93030959388969,-71.93030959388969
614.9000172376633,-71.93208189967113,-71.93208189967113
614.9100172376633,-71.93386530723089,-71.93386530723089
614.9200172376633,-71.935659800759,-71.935659800759
614.9300172376633,-71.93746536406647,-71.93746536406647
614.9400172376633,-71.93928198060978,-71.93928198060978
614.9500172376632,-71.9411096334894,-71.9411096334894
614.9600172376632,-71.94294830546822,-71.94294830546822
614.9700172376632,-71.9447979789741,-71.9447979789741
614.9800172376632,-71.94665863609085,-71.94665863609085
614.9900172376633,-71.94853025858482,-71.94853025858482
615.0000172376633,-71.95041282790437,-71.95041282790437
615.0100172376633,-71.95230632518135,-71.95230632518135
615.0200172376633,-71.95421073123114,-71.95421073123114
615.0300172376633,-71.95612602658451,-71.95612602658451
615.0400172376633,-71.9580521914653,-71.9580521914653
615.0500172376633,-71.95998920580446,-71.95998920580446
615.0600172376633,-71.96193704925393,-71.96193704925393
615.0700172376633,-71.96389570118005,-71.96389570118005
615.0800172376632,-71.96586514068527,-71.96586514068527
615.0900172376632,-71.96784534659223,-71.96784534659223
615.1000172376632,-71.96983629747254,-71.96983629747254
615.1100172376632,-71.97183797162415,-71.97183797162415
615.1200172376633,-71.97385034709347,-71.97385034709347
615.1300172376633,-71.97587340169753,-71.97587340169753
615.1400172376633,-71.97790711298727,-71.97790711298727
615.1500172376633,-71.9799514582962,-71.9799514582962
615.1600172376633,-71.98200641470594,-71.98200641470594
615.1700172376633,-71.98407195907599,-71.98407195907599
615.1800172376633,-71.98614806804821,-71.98614806804821
615.1900172376633,-71.98823471802865,-71.98823471802865
615.2000172376632,-71.99033188522742,-71.99033188522742
615.2100172376632,-71.99243954562749,-71.99243954562749
615.2200172376632,-71.99455767501445,-71.99455767501445
615.2300172376632,-71.99668624897865,-71.99668624897865
615.2400172376633,-71.99882524289,-71.99882524289
615.2500172376633,-72.00097463195576,-72.00097463195576
615.2600172376633,-72.00313439117336,-72.00313439117336
615.2700172376633,-72.00530449535184,-72.00530449535184
615.2800172376633,-72.00748491913328,-72.00748491913328
615.2900172376633,-72.00967563697901,-72.00967563697901
615.3000172376633,-72.01187662316786,-72.01187662316786
615.3100172376633,-72.01408785181243,-72.01408785181243
615.3200172376633,-72.01630929687575,-72.01630929687575
615.3300172376632,-72.0185409321275,-72.0185409321275
615.3400172376632,-72.02078273121447,-72.02078273121447
615.3500172376632,-72.02303466760195,-72.02303466760195
615.3600172376632,-72.02529671461728,-72.02529671461728
615.3700172376633,-72.02756884542991,-72.02756884542991
615.3800172376633,-72.02985103308527,-72.02985103308527
615.3900172376633,-72.0321432504666,-72.0321432504666
615.4000172615051,-72.03444547581805,-72.03444547581805
615.4100172615051,-72.0367576708211,-72.0367576708211
615.4200172615051,-72.03907981340738,-72.03907981340738
615.4300172615051,-72.04141187594287,-72.04141187594287
615.4400172615051,-72.04375383067153,-72.04375383067153
615.4500172615051,-72.04610564970513,-72.04610564970513
615.4600172615051,-72.04846730503768,-72.04846730503768
615.4700172615052,-72.05083876856006,-72.05083876856006
615.4800172615052,-72.05322001204955,-72.05322001204955
615.4900172615052,-72.05561100715124,-72.05561100715124
615.5000172615051,-72.05801172543434,-72.05801172543434
615.5100172615051,-72.06042213834907,-72.06042213834907
615.5200172615051,-72.06284221723632,-72.06284221723632
615.5300172615051,-72.06527193335623,-72.06527193335623
615.5400172615051,-72.06771125787071,-72.06771125787071
615.5500172615051,-72.07016016184538,-72.07016016184538
615.5600172615051,-72.0726186162513,-72.0726186162513
615.5700172615051,-72.07508659198017,-72.07508659198017
615.5800172615051,-72.07756405983663,-72.07756405983663
615.5900172615052,-72.08005099053061,-72.08005099053061
615.6000172615052,-72.08254735472391,-72.08254735472391
615.6100172615052,-72.08505312296579,-72.08505312296579
615.6200172615052,-72.08756826575822,-72.08756826575822
615.6300172615051,-72.09009275351335,-72.09009275351335
615.6400172615051,-72.09262655658785,-72.09262655658785
615.6500172615051,-72.09516964524946,-72.09516964524946
615.6600172615051,-72.09772198972021,-72.09772198972021
615.6700172615051,-72.10028356015272,-72.10028356015272
615.6800172615051,-72.10285432663429,-72.10285432663429
615.6900172615051,-72.10543425920005,-72.10543425920005
615.7000172615051,-72.10802332782569,-72.10802332782569
615.7100172615051,-72.11062150242938,-72.11062150242938
615.7200172615052,-72.11322875287726,-72.11322875287726
615.7300172615052,-72.1158450489933,-72.1158450489933
615.7400172615052,-72.11847036054407,-72.11847036054407
615.7500172615051,-72.12110465725823,-72.12110465725823
615.7600172615051,-72.12374790880713,-72.12374790880713
615.7700172615051,-72.12640008483771,-72.12640008483771
615.7800172615051,-72.1290611549392,-72.1290611549392
615.7900172615051,-72.13173108866243,-72.13173108866243
615.8000172615051,-72.13440985553339,-72.13440985553339
615.8100172615051,-72.13709742505011,-72.13709742505011
615.8200172615051,-72.13979376664601,-72.13979376664601
615.8300172615051,-72.1424988497477,-72.1424988497477
615.8400172615052,-72.14521264374822,-72.14521264374822
615.8500172615052,-72.14793511801554,-72.14793511801554
615.8600172615052,-72.15066624187439,-72.15066624187439
615.8700172615052,-72.15340598464616,-72.15340598464616
615.8800172615051,-72.15615431561557,-72.15615431561557
615.8900172615051,-72.15891120404481,-72.15891120404481
615.9000172615051,-72.16167661919066,-72.16167661919066
615.9100172615051,-72.16445053028221,-72.16445053028221
615.9200172615051,-72.16723290652543,-72.16723290652543
615.9300172615051,-72.1700237171235,-72.1700237171235
615.9400172615051,-72.1728229312516,-72.1728229312516
615.9500172615051,-72.17563051808423,-72.17563051808423
615.9600172615051,-72.17844015131085,-72.17844015131085
615.9700172615052,-72.18124904215435,-72.18124904215435
615.9800172615052,-72.18405581616581,-72.18405581616581
615.9900172615052,-72.18685975364146,-72.18685975364146
616.0000172615051,-72.18966049978643,-72.18966049978643
616.0100172615051,-72.1924579141219,-72.1924579141219
616.0200172615051,-72.19525198222247,-72.19525198222247
616.0300172615051,-72.1980427627025,-72.1980427627025
616.0400172615051,-72.20083035530365,-72.20083035530365
616.0500172615051,-72.20361488173943,-72.20361488173943
616.0600172615051,-72.206396474316,-72.206396474316
616.0700172615051,-72.20917526918772,-72.20917526918772
616.0800172615051,-72.2119514025341,-72.2119514025341
616.0900172615052,-72.21472500843136,-72.21472500843136
616.1000172615052,-72.21749621781544,-72.21749621781544
616.1100172615052,-72.22026515802389,-72.22026515802389
616.1200172615052,-72.22303195274208,-72.22303195274208
616.1300172615051,-72.22579672214752,-72.22579672214752
616.1400172615051,-72.22855958311935,-72.22855958311935
616.1500172615051,-72.23132064954541,-72.23132064954541
616.1600172615051,-72.23408003259266,-72.23408003259266
616.1700172615051,-72.2368378409911,-72.2368378409911
616.1800172615051,-72.2395941812733,-72.2395941812733
616.1900172615051,-72.24234915802032,-72.24234915802032
616.2000172615051,-72.24510287404074,-72.24510287404074
616.2100172615051,-72.24784912917751,-72.24784912917751
616.2200172615052,-72.25058526269486,-72.25058526269486
616.2300172615052,-72.25331002822035,-72.25331002822035
616.2400172615052,-72.25602283355002,-72.25602283355002
616.250017285347,-72.25872345702501,-72.25872345702501
616.260017285347,-72.26141187113946,-72.26141187113946
616.270017285347,-72.26408819297902,-72.26408819297902
616.280017285347,-72.26675260532352,-72.26675260532352
616.290017285347,-72.26940533124886,-72.26940533124886
616.3000172853469,-72.2720466149687,-72.2720466149687
616.3100172853469,-72.27467671044694,-72.27467671044694
616.320017285347,-72.27729587469439,-72.27729587469439
616.330017285347,-72.27990436390702,-72.27990436390702
616.340017285347,-72.28250243138179,-72.28250243138179
616.350017285347,-72.28509032642269,-72.28509032642269
616.360017285347,-72.28766829392927,-72.28766829392927
616.370017285347,-72.290236574321,-72.290236574321
616.380017285347,-72.29279540364286,-72.29279540364286
616.390017285347,-72.29534501382422,-72.29534501382422
616.400017285347,-72.29788563292206,-72.29788563292206
616.410017285347,-72.30041748541775,-72.30041748541775
616.420017285347,-72.30294079247145,-72.30294079247145
616.4300172853469,-72.30545577217045,-72.30545577217045
616.440017285347,-72.30796263973735,-72.30796263973735
616.450017285347,-72.31046160773847,-72.31046160773847
616.460017285347,-72.31295288621497,-72.31295288621497
616.470017285347,-72.31543668283855,-72.31543668283855
616.480017285347,-72.31791320302844,-72.31791320302844
616.490017285347,-72.32038265001893,-72.32038265001893
616.500017285347,-72.32284522496906,-72.32284522496906
616.510017285347,-72.3253011270048,-72.3253011270048
616.520017285347,-72.32775055328231,-72.32775055328231
616.530017285347,-72.33019369900244,-72.33019369900244
616.540017285347,-72.33263075746287,-72.33263075746287
616.5500172853469,-72.33506192007668,-72.33506192007668
616.5600172853469,-72.33748737636958,-72.33748737636958
616.570017285347,-72.33990731401921,-72.33990731401921
616.580017285347,-72.34232191885583,-72.34232191885583
616.590017285347,-72.34473137483698,-72.34473137483698
616.600017285347,-72.34713586408427,-72.34713586408427
616.610017285347,-72.34953556686548,-72.34953556686548
616.620017285347,-72.35193066159725,-72.35193066159725
616.630017285347,-72.3543213248323,-72.3543213248323
616.640017285347,-72.3567077312685,-72.3567077312685
616.650017285347,-72.35909005373799,-72.35909005373799
616.660017285347,-72.36146846319399,-72.36146846319399
616.670017285347,-72.36384312871529,-72.36384312871529
616.6800172853469,-72.36621421750762,-72.36621421750762
616.690017285347,-72.3685818948709,-72.3685818948709
616.700017285347,-72.37094632423755,-72.37094632423755
616.710017285347,-72.37330766713536,-72.37330766713536
616.720017285347,-72.37566608318906,-72.37566608318906
616.730017285347,-72.37802173012663,-72.37802173012663
616.740017285347,-72.38037476376871,-72.38037476376871
616.750017285347,-72.38272533804702,-72.38272533804702
616.760017285347,-72.38507360496598,-72.38507360496598
616.770017285347,-72.3874197146479,-72.3874197146479
616.780017285347,-72.38976381529125,-72.38976381529125
616.790017285347,-72.39210605321072,-72.39210605321072
616.8000172853469,-72.39444657280758,-72.39444657280758
616.8100172853469,-72.39678551660124,-72.39678551660124
616.820017285347,-72.39912302519112,-72.39912302519112
616.830017285347,-72.40145923732132,-72.40145923732132
616.840017285347,-72.40379428982354,-72.40379428982354
616.850017285347,-72.40612831766333,-72.40612831766333
616.860017285347,-72.40846145393743,-72.40846145393743
616.870017285347,-72.41079382985804,-72.41079382985804
616.880017285347,-72.41312557481498,-72.41312557481498
616.890017285347,-72.41545681631413,-72.41545681631413
616.900017285347,-72.41778768004247,-72.41778768004247
616.910017285347,-72.42011828984909,-72.42011828984909
616.920017285347,-72.4224487677551,-72.4224487677551
616.9300172853469,-72.42477923397868,-72.42477923397868
616.940017285347,-72.42710980692273,-72.42710980692273
616.950017285347,-72.42944060322428,-72.42944060322428
616.960017285347,-72.43177173771723,-72.43177173771723
616.970017285347,-72.43410332347977,-72.43410332347977
616.980017285347,-72.43643547184246,-72.43643547184246
616.990017285347,-72.43876829237045,-72.43876829237045
617.000017285347,-72.44110189292795,-72.44110189292795
617.010017285347,-72.44343637964668,-72.44343637964668
617.020017285347,-72.44577185695698,-72.44577185695698
617.030017285347,-72.44810842759998,-72.44810842759998
617.040017285347,-72.45044619264182,-72.45044619264182
617.0500172853469,-72.4527852514998,-72.4527852514998
617.0600172853469,-72.45512570192186,-72.45512570192186
617.070017285347,-72.45746764004132,-72.45746764004132
617.080017285347,-72.45981116037227,-72.45981116037227
617.090017285347,-72.46215635581854,-72.46215635581854
617.1000173091888,-72.46450332329906,-72.46450332329906
617.1100173091888,-72.4668521413878,-72.4668521413878
617.1200173091888,-72.46920290386461,-72.46920290386461
617.1300173091888,-72.47155569737343,-72.47155569737343
617.1400173091888,-72.47391060705117,-72.47391060705117
617.1500173091888,-72.47626771650383,-72.47626771650383
617.1600173091888,-72.47862710786323,-72.47862710786323
617.1700173091889,-72.48098886176409,-72.48098886176409
617.1800173091889,-72.48335305740186,-72.48335305740186
617.1900173091889,-72.48571977250332,-72.48571977250332
617.2000173091889,-72.48808908337291,-72.48808908337291
617.2100173091889,-72.4904547433534,-72.4904547433534
617.2200173091888,-72.49281405707934,-72.49281405707934
617.2300173091888,-72.49516574812836,-72.49516574812836
617.2400173091888,-72.49750919621216,-72.49750919621216
617.2500173091888,-72.49984414609636,-72.49984414609636
617.2600173091888,-72.50217055642094,-72.50217055642094
617.2700173091888,-72.50448851109641,-72.50448851109641
617.2800173091888,-72.50679816607708,-72.50679816607708
617.2900173091889,-72.50909971732904,-72.50909971732904
617.3000173091889,-72.51139338165521,-72.51139338165521
617.3100173091889,-72.51367938520578,-72.51367938520578
617.3200173091889,-72.51595795679307,-72.51595795679307
617.3300173091889,-72.5182293240242,-72.5182293240242
617.3400173091889,-72.52049371119169,-72.52049371119169
617.3500173091888,-72.52275133822127,-72.52275133822127
617.3600173091888,-72.52500242026397,-72.52500242026397
617.3700173091888,-72.52724716763684,-72.52724716763684
617.3800173091888,-72.52948578594048,-72.52948578594048
617.3900173091888,-72.53171847634265,-72.53171847634265
617.4000173091888,-72.5339454358595,-72.5339454358595
617.4100173091888,-72.53616685765395,-72.53616685765395
617.4200173091889,-72.53829628377187,-72.53829628377187
617.4300173091889,-72.54030948350878,-72.54030948350878
617.4400173091889,-72.54220049802078,-72.54220049802078
617.4500173091889,-72.54396836778696,-72.54396836778696
617.4600173091889,-72.54561365157481,-72.54561365157481
617.4700173091888,-72.54713746240984,-72.54713746240984
617.4800173091888,-72.5485411767494,-72.5485411767494
617.4900173091888,-72.54982633494144,-72.54982633494144
617.5000173091888,-72.55099459859727,-72.55099459859727
617.5100173091888,-72.55204772558066,-72.55204772558066
617.5200173091888,-72.55298755098053,-72.55298755098053
617.5300173091888,-72.55381597067155,-72.55381597067155
617.5400173091889,-72.5545349266975,-72.5545349266975
617.5500173091889,-72.55514639427676,-72.55514639427676
617.5600173091889,-72.55565237035599,-72.55565237035599
617.5700173091889,-72.55605486377256,-72.55605486377256
617.5800173091889,-72.55635588684417,-72.55635588684417
617.5900173091889,-72.55655744830621,-72.55655744830621
617.6000173091888,-72.55666154748238,-72.55666154748238
617.6100173091888,-72.5566701694831,-72.5566701694831
617.6200173091888,-72.55658528138905,-72.55658528138905
617.6300173091888,-72.5564088291993,-72.5564088291993
617.6400173091888,-72.55614273545636,-72.55614273545636
617.6500173091888,-72.55578889748939,-72.55578889748939
617.6600173091888,-72.55534918608124,-72.55534918608124
617.6700173091889,-72.55482544457776,-72.55482544457776
617.6800173091889,-72.55421948829212,-72.55421948829212
617.6900173091889,-72.5535331042149,-72.5535331042149
617.7000173091889,-72.55276805087347,-72.55276805087347
617.7100173091889,-72.55192605842406,-72.55192605842406
617.7200173091888,-72.55100882882046,-72.55100882882046
617.7300173091888,-72.55001803614064,-72.55001803614064
617.7400173091888,-72.54895532694582,-72.54895532694582
617.7500173091888,-72.54782232071982,-72.54782232071982
617.7600173091888,-72.5466206103133,-72.5466206103133
617.7700173091888,-72.54535176247173,-72.54535176247173
617.7800173091888,-72.54401731831777,-72.54401731831777
617.7900173091889,-72.54261879387799,-72.54261879387799
617.8000173091889,-72.54115768060576,-72.54115768060576
617.8100173091889,-72.53963544586782,-72.53963544586782
617.8200173091889,-72.53805353346492,-72.53805353346492
617.8300173091889,-72.53641336411313,-72.53641336411313
617.8400173091889,-72.53471633590925,-72.53471633590925
617.8500173091888,-72.53296382480082,-72.53296382480082
617.8600173091888,-72.53115718503149,-72.53115718503149
617.8700173091888,-72.52929774954197,-72.52929774954197
617.8800173091888,-72.5273868304068,-72.5273868304068
617.8900173091888,-72.52542571919885,-72.52542571919885
617.9000173091888,-72.5234156873945,-72.5234156873945
617.9100173091888,-72.52135798670554,-72.52135798670554
617.9200173091889,-72.51925384947795,-72.51925384947795
617.9300173091889,-72.51710448895314,-72.51710448895314
617.9400173091889,-72.51491109963474,-72.51491109963474
617.9500173330307,-72.51267485225293,-72.51267485225293
617.9600173330307,-72.51039059485257,-72.51039059485257
617.9700173330307,-72.50805669789858,-72.50805669789858
617.9800173330307,-72.50567294112564,-72.50567294112564
617.9900173330307,-72.50323974548992,-72.50323974548992
618.0000173330307,-72.50075788202099,-72.50075788202099
618.0100173330306,-72.49822832068435,-72.49822832068435
618.0200173330308,-72.49565214175132,-72.49565214175132
618.0300173330307,-72.49303048268823,-72.49303048268823
618.0400173330307,-72.49036450619978,-72.49036450619978
618.0500173330307,-72.48765538114874,-72.48765538114874
618.0600173330307,-72.48490427127481,-72.48490427127481
618.0700173330307,-72.4821123286043,-72.4821123286043
618.0800173330307,-72.47928068975477,-72.47928068975477
618.0900173330307,-72.47641047403229,-72.47641047403229
618.1000173330307,-72.4735027825211,-72.4735027825211
618.1100173330307,-72.4705586978456,-72.4705586978456
618.1200173330307,-72.46757928430092,-72.46757928430092
618.1300173330307,-72.46456558815738,-72.46456558815738
618.1400173330308,-72.46151863808542,-72.46151863808542
618.1500173330307,-72.45843944563299,-72.45843944563299
618.1600173330307,-72.45532900568551,-72.45532900568551
618.1700173330307,-72.45218829691392,-72.45218829691392
618.1800173330307,-72.44901828221666,-72.44901828221666
618.1900173330307,-72.44581990911743,-72.44581990911743
618.2000173330307,-72.44259411013753,-72.44259411013753
618.2100173330307,-72.43934180313035,-72.43934180313035
618.2200173330307,-72.43606389161003,-72.43606389161003
618.2300173330307,-72.43276126503957,-72.43276126503957
618.2400173330307,-72.42943479906324,-72.42943479906324
618.2500173330307,-72.42608535581313,-72.42608535581313
618.2600173330306,-72.42271378409714,-72.42271378409714
618.2700173330308,-72.41932091963052,-72.41932091963052
618.2800173330307,-72.41590758524343,-72.41590758524343
618.2900173330307,-72.41247459105516,-72.41247459105516
618.3000173330307,-72.40902273468076,-72.40902273468076
618.3100173330307,-72.40555280138501,-72.40555280138501
618.3200173330307,-72.40206556426448,-72.40206556426448
618.3300173330307,-72.3985617843934,-72.3985617843934
618.3400173330307,-72.39504221099529,-72.39504221099529
618.3500173330307,-72.3915075815957,-72.3915075815957
618.3600173330307,-72.38795862214445,-72.38795862214445
618.3700173330307,-72.38439604718657,-72.38439604718657
618.3800173330307,-72.38082056000239,-72.38082056000239
618.3900173330308,-72.3772328527159,-72.3772328527159
618.4000173330307,-72.37363360647511,-72.37363360647511
618.4100173330307,-72.37002349155243,-72.37002349155243
618.4200173330307,-72.36640316748915,-72.36640316748915
618.4300173330307,-72.3627732832256,-72.3627732832256
618.4400173330307,-72.3591344772234,-72.3591344772234
618.4500173330307,-72.35548737762305,-72.35548737762305
618.4600173330307,-72.35183260231177,-72.35183260231177
618.4700173330307,-72.34817075911036,-72.34817075911036
618.4800173330307,-72.34450244587516,-72.34450244587516
618.4900173330307,-72.34082825059257,-72.34082825059257
618.5000173330307,-72.3371487515455,-72.3371487515455
618.5100173330306,-72.33346451740923,-72.33346451740923
618.5200173330308,-72.32977610737984,-72.32977610737984
618.5300173330307,-72.32608407129551,-72.32608407129551
618.5400173330307,-72.32238894974745,-72.32238894974745
618.5500173330307,-72.3186912742113,-72.3186912742113
618.5600173330307,-72.3149915671392,-72.3149915671392
618.5700173330307,-72.31129034210292,-72.31129034210292
618.5800173330307,-72.307588103895,-72.307588103895
618.5900173330307,-72.3038853486488,-72.3038853486488
618.6000173330307,-72.30018256393845,-72.30018256393845
618.6100173330307,-72.2964802289211,-72.2964802289211
618.6200173330307,-72.29277881441978,-72.29277881441978
618.6300173330307,-72.28907878303252,-72.28907878303252
618.6400173330308,-72.28538058926901,-72.28538058926901
618.6500173330307,-72.28168467963988,-72.28168467963988
618.6600173330307,-72.27799149276835,-72.27799149276835
618.6700173330307,-72.2743014594999,-72.2743014594999
618.6800173330307,-72.2706150030019,-72.2706150030019
618.6900173330307,-72.26693253887284,-72.26693253887284
618.7000173330307,-72.26325447525446,-72.26325447525446
618.7100173330307,-72.25958121292243,-72.25958121292243
618.7200173330307,-72.25591314539759,-72.25591314539759
618.7300173330307,-72.25225065903939,-72.25225065903939
618.7400173330307,-72.24859413315382,-72.24859413315382
618.7500173330307,-72.24494394008896,-72.24494394008896
618.7600173330306,-72.24130044533193,-72.24130044533193
618.7700173330308,-72.23766400760928,-72.23766400760928
618.7800173330307,-72.2340349789902,-72.2340349789902
618.7900173330307,-72.23041370495095,-72.23041370495095
618.8000173568726,-72.22680051591334,-72.22680051591334
618.8100173568725,-72.22319576174252,-72.22319576174252
618.8200173568725,-72.2195997601562,-72.2195997601562
618.8300173568725,-72.21601283130202,-72.21601283130202
618.8400173568725,-72.21243528921401,-72.21243528921401
618.8500173568725,-72.20886744191442,-72.20886744191442
618.8600173568725,-72.20530959148223,-72.20530959148223
618.8700173568726,-72.20176203415751,-72.20176203415751
618.8800173568726,-72.19822506043583,-72.19822506043583
618.8900173568726,-72.19469895512616,-72.19469895512616
618.9000173568726,-72.19118399745332,-72.19118399745332
618.9100173568726,-72.18768046113156,-72.18768046113156
618.9200173568726,-72.18418861446,-72.18418861446
618.9300173568726,-72.18070872038679,-72.18070872038679
618.9400173568725,-72.17724103660368,-72.17724103660368
618.9500173568725,-72.1737858156203,-72.1737858156203
618.9600173568725,-72.1703433048398,-72.1703433048398
618.9700173568725,-72.16691374663483,-72.16691374663483
618.9800173568725,-72.16349737843046,-72.16349737843046
618.9900173568726,-72.16009443276674,-72.16009443276674
619.0000173568726,-72.1567051374002,-72.1567051374002
619.0100173568726,-72.1533297153354,-72.1533297153354
619.0200173568726,-72.14996838493336,-72.14996838493336
619.0300173568726,-72.14662135996281,-72.14662135996281
619.0400173568726,-72.14328884968305,-72.14328884968305
619.0500173568726,-72.13997105890208,-72.13997105890208
619.0600173568725,-72.13666818804788,-72.13666818804788
619.0700173568725,-72.13338043324123,-72.13338043324123
619.0800173568725,-72.13010798637008,-72.13010798637008
619.0900173568725,-72.12685103512541,-72.12685103512541
619.1000173568725,-72.1236097630842,-72.1236097630842
619.1100173568725,-72.12038434980417,-72.12038434980417
619.1200173568726,-72.1171749708214,-72.1171749708214
619.1300173568726,-72.11398179776462,-72.11398179776462
619.1400173568726,-72.11080499839028,-72.11080499839028
619.1500173568726,-72.10764473666868,-72.10764473666868
619.1600173568726,-72.10450117280256,-72.10450117280256
619.1700173568726,-72.10137446333735,-72.10137446333735
619.1800173568726,-72.09826476116653,-72.09826476116653
619.1900173568725,-72.09517221562734,-72.09517221562734
619.2000173568725,-72.09209697254488,-72.09209697254488
619.2100173568725,-72.08903917428036,-72.08903917428036
619.2200173568725,-72.08599895978499,-72.08599895978499
619.2300173568725,-72.0829764646782,-72.0829764646782
619.2400173568726,-72.07997182126154,-72.07997182126154
619.2500173568726,-72.07698515861054,-72.07698515861054
619.2600173568726,-72.07401660258915,-72.07401660258915
619.2700173568726,-72.07106627593699,-72.07106627593699
619.2800173568726,-72.06813429828516,-72.06813429828516
619.2900173568726,-72.06522078623325,-72.06522078623325
619.3000173568726,-72.06232585338078,-72.06232585338078
619.3100173568725,-72.0594496103746,-72.0594496103746
619.3200173568725,-72.05659216496687,-72.05659216496687
619.3300173568725,-72.0537536220576,-72.0537536220576
619.3400173568725,-72.05093408372868,-72.05093408372868
619.3500173568725,-72.04813364931154,-72.04813364931154
619.3600173568725,-72.04535241542463,-72.04535241542463
619.3700173568726,-72.04259047598272,-72.04259047598272
619.3800173568726,-72.03984792229768,-72.03984792229768
619.3900173568726,-72.03712484306861,-72.03712484306861
619.4000173568726,-72.03442132446332,-72.03442132446332
619.4100173568726,-72.0317374501328,-72.0317374501328
619.4200173568726,-72.02907330126406,-72.02907330126406
619.4300173568726,-72.02642895661731,-72.02642895661731
619.4400173568725,-72.02380449256388,-72.02380449256388
619.4500173568725,-72.0211999831279,-72.0211999831279
619.4600173568725,-72.01861550001772,-72.01861550001772
619.4700173568725,-72.01605111267654,-72.01605111267654
619.4800173568725,-72.01350688830546,-72.01350688830546
619.4900173568726,-72.01098289189363,-72.01098289189363
619.5000173568726,-72.00847918629267,-72.00847918629267
619.5100173568726,-72.005995832204,-72.005995832204
619.5200173568726,-72.00353288823408,-72.00353288823408
619.5300173568726,-72.00109041093106,-72.00109041093106
619.5400173568726,-71.99866845482798,-71.99866845482798
619.5500173568726,-71.99626707244842,-71.99626707244842
619.5600173568725,-71.99388631436119,-71.99388631436119
619.5700173568725,-71.99152622920353,-71.99152622920353
619.5800173568725,-71.98918686372174,-71.98918686372174
619.5900173568725,-71.98686826278445,-71.98686826278445
619.6000173568725,-71.98457046943254,-71.98457046943254
619.6100173568725,-71.98229352489564,-71.98229352489564
619.6200173568726,-71.98003746863087,-71.98003746863087
619.6300173568726,-71.97780233835091,-71.97780233835091
619.6400173568726,-71.97558817004038,-71.97558817004038
619.6500173807144,-71.97339499278544,-71.97339499278544
619.6600173807144,-71.9712228497353,-71.9712228497353
619.6700173807144,-71.96907176659285,-71.96907176659285
619.6800173807144,-71.96694177275668,-71.96694177275668
619.6900173807144,-71.96483289604788,-71.96483289604788
619.7000173807144,-71.96274516273623,-71.96274516273623
619.7100173807144,-71.96067859754996,-71.96067859754996
619.7200173807145,-71.95863322371524,-71.95863322371524
619.7300173807145,-71.95660906299129,-71.95660906299129
619.7400173807144,-71.95460613567414,-71.95460613567414
619.7500173807144,-71.95262446062911,-71.95262446062911
619.7600173807144,-71.95066405531891,-71.95066405531891
619.7700173807144,-71.94872493581782,-71.94872493581782
619.7800173807144,-71.94680711685244,-71.94680711685244
619.7900173807144,-71.94491061180597,-71.94491061180597
619.8000173807144,-71.94303543275694,-71.94303543275694
619.8100173807144,-71.94118159047386,-71.94118159047386
619.8200173807144,-71.93934909446568,-71.93934909446568
619.8300173807144,-71.93753795299128,-71.93753795299128
619.8400173807145,-71.93574817308898,-71.93574817308898
619.8500173807145,-71.93397976058372,-71.93397976058372
619.8600173807145,-71.93223272011596,-71.93223272011596
619.8700173807144,-71.93050705515155,-71.93050705515155
619.8800173807144,-71.92880276802205,-71.92880276802205
619.8900173807144,-71.92711985992622,-71.92711985992622
619.9000173807144,-71.92545833095272,-71.92545833095272
619.9100173807144,-71.9238181800994,-71.9238181800994
619.9200173807144,-71.92219940531047,-71.92219940531047
619.9300173807144,-71.92060200345377,-71.92060200345377
619.9400173807144,-71.91902597038411,-71.91902597038411
619.9500173807144,-71.91747130092149,-71.91747130092149
619.9600173807144,-71.91593798890372,-71.91593798890372
619.9700173807145,-71.9144260271737,-71.9144260271737
619.9800173807145,-71.91293540762152,-71.91293540762152
619.9900173807144,-71.91146612117502,-71.91146612117502
620.0000173807144,-71.91001815783856,-71.91001815783856
620.0100173807144,-71.90859150670398,-71.90859150670398
620.0200173807144,-71.9071861559579,-71.9071861559579
620.0300173807144,-71.90580209290681,-71.90580209290681
620.0400173807144,-71.90443930399128,-71.90443930399128
620.0500173807144,-71.90309777478917,-71.90309777478917
620.0600173807144,-71.90177749004349,-71.90177749004349
620.0700173807144,-71.90047843368632,-71.90047843368632
620.0800173807144,-71.89920058882555,-71.89920058882555
620.0900173807145,-71.89794393776559,-71.89794393776559
620.1000173807145,-71.89670846205803,-71.89670846205803
620.1100173807145,-71.89549414246751,-71.89549414246751
620.1200173807144,-71.8943009590139,-71.8943009590139
620.1300173807144,-71.8931288909649,-71.8931288909649
620.1400173807144,-71.89197791688265,-71.89197791688265
620.1500173807144,-71.89084801459842,-71.89084801459842
620.1600173807144,-71.88973916124793,-71.88973916124793
620.1700173807144,-71.8886513332816,-71.8886513332816
620.1800173807144,-71.88758450646692,-71.88758450646692
620.1900173807144,-71.8865386559195,-71.8865386559195
620.2000173807144,-71.88551375608974,-71.88551375608974
620.2100173807144,-71.88450978079665,-71.88450978079665
620.2200173807145,-71.88352670323394,-71.88352670323394
620.2300173807145,-71.88256449597453,-71.88256449597453
620.2400173807144,-71.88162313098597,-71.88162313098597
620.2500173807144,-71.88070257963814,-71.88070257963814
620.2600173807144,-71.87980281273494,-71.87980281273494
620.2700173807144,-71.87892380049492,-71.87892380049492
620.2800173807144,-71.87806551256287,-71.87806551256287
620.2900173807144,-71.87722791806021,-71.87722791806021
620.3000173807144,-71.87641098555501,-71.87641098555501
620.3100173807144,-71.87561468308073,-71.87561468308073
620.3200173807144,-71.87483897815454,-71.87483897815454
620.3300173807144,-71.87408383778478,-71.87408383778478
620.3400173807145,-71.87334922847637,-71.87334922847637
620.3500173807145,-71.87263511624789,-71.87263511624789
620.3600173807145,-71.87194146663624,-71.87194146663624
620.3700173807144,-71.87126824469728,-71.87126824469728
620.3800173807144,-71.87061541503545,-71.87061541503545
620.3900173807144,-71.8699829417865,-71.8699829417865
620.4000173807144,-71.86937078865606,-71.86937078865606
620.4100173807144,-71.86877891891093,-71.86877891891093
620.4200173807144,-71.8682072953775,-71.8682072953775
620.4300173807144,-71.8676558804837,-71.8676558804837
620.4400173807144,-71.86712463621988,-71.86712463621988
620.4500173807144,-71.86661352419623,-71.86661352419623
620.4600173807144,-71.86612250561863,-71.86612250561863
620.4700173807145,-71.86565154130597,-71.86565154130597
620.4800173807145,-71.8652005917123,-71.8652005917123
620.4900173807144,-71.86476961689887,-71.86476961689887
620.5000174045563,-71.8643585756084,-71.8643585756084
620.5100174045563,-71.86396742921674,-71.86396742921674
620.5200174045563,-71.86359613564377,-71.86359613564377
620.5300174045562,-71.86324465358241,-71.86324465358241
620.5400174045562,-71.86291294135958,-71.86291294135958
620.5500174045562,-71.8626009569784,-71.8626009569784
620.5600174045562,-71.86230865811896,-71.86230865811896
620.5700174045563,-71.86203600215298,-71.86203600215298
620.5800174045563,-71.8617829461535,-71.8617829461535
620.5900174045563,-71.86154944687917,-71.86154944687917
620.6000174045563,-71.8613354607932,-71.8613354607932
620.6100174045563,-71.86114094409099,-71.86114094409099
620.6200174045563,-71.8609658526714,-71.8609658526714
620.6300174045563,-71.86081014216427,-71.86081014216427
620.6400174045563,-71.8606737679408,-71.8606737679408
620.6500174045563,-71.86055668509174,-71.86055668509174
620.6600174045562,-71.86045884847341,-71.86045884847341
620.6700174045562,-71.86038021267777,-71.86038021267777
620.6800174045562,-71.8603207320552,-71.8603207320552
620.6900174045563,-71.86028036072688,-71.86028036072688
620.7000174045563,-71.86025905257605,-71.86025905257605
620.7100174045563,-71.86025676125402,-71.86025676125402
620.7200174045563,-71.86027344019772,-71.86027344019772
620.7300174045563,-71.8603090426257,-71.8603090426257
620.7400174045563,-71.860363521549,-71.860363521549
620.7500174045563,-71.86043682976701,-71.86043682976701
620.7600174045563,-71.86052891987677,-71.86052891987677
620.7700174045563,-71.86063974429737,-71.86063974429737
620.7800174045562,-71.8607692552454,-71.8607692552454
620.7900174045562,-71.86091740475214,-71.86091740475214
620.8000174045562,-71.86108414466577,-71.86108414466577
620.8100174045562,-71.86126942667197,-71.86126942667197
620.8200174045563,-71.86147320226303,-71.86147320226303
620.8300174045563,-71.86169542279346,-71.86169542279346
620.8400174045563,-71.86193603944325,-71.86193603944325
620.8500174045563,-71.86219500322626,-71.86219500322626
620.8600174045563,-71.86247226501837,-71.86247226501837
620.8700174045563,-71.86276777553287,-71.86276777553287
620.8800174045563,-71.86308148536177,-71.86308148536177
620.8900174045563,-71.86341334493365,-71.86341334493365
620.9000174045563,-71.86376330455859,-71.86376330455859
620.9100174045562,-71.86413131440302,-71.86413131440302
620.9200174045562,-71.8645173245132,-71.8645173245132
620.9300174045562,-71.8649212848176,-71.8649212848176
620.9400174045563,-71.86534314510821,-71.86534314510821
620.9500174045563,-71.86578285508304,-71.86578285508304
620.9600174045563,-71.86624036431313,-71.86624036431313
620.9700174045563,-71.86671562227359,-71.86671562227359
620.9800174045563,-71.86720857832273,-71.86720857832273
620.9900174045563,-71.86771918173024,-71.86771918173024
621.0000174045563,-71.86824738166594,-71.86824738166594
621.0100174045563,-71.8687931271995,-71.8687931271995
621.0200174045563,-71.86935636731576,-71.86935636731576
621.0300174045562,-71.86993705092667,-71.86993705092667
621.0400174045562,-71.87053512683396,-71.87053512683396
621.0500174045562,-71.87115054378145,-71.87115054378145
621.0600174045562,-71.8717832504333,-71.8717832504333
621.0700174045563,-71.87243319536927,-71.87243319536927
621.0800174045563,-71.87310032711804,-71.87310032711804
621.0900174045563,-71.8737845941311,-71.8737845941311
621.1000174045563,-71.87448594479751,-71.87448594479751
621.1100174045563,-71.8752043274464,-71.8752043274464
621.1200174045563,-71.87593969035069,-71.87593969035069
621.1300174045563,-71.8766919817239,-71.8766919817239
621.1400174045563,-71.87746114972673,-71.87746114972673
621.1500174045563,-71.87824714249282,-71.87824714249282
621.1600174045562,-71.87904990808622,-71.87904990808622
621.1700174045562,-71.8798693945372,-71.8798693945372
621.1800174045562,-71.88070554983857,-71.88070554983857
621.1900174045563,-71.88155832192872,-71.88155832192872
621.2000174045563,-71.88242765873845,-71.88242765873845
621.2100174045563,-71.88331350815356,-71.88331350815356
621.2200174045563,-71.88421581802513,-71.88421581802513
621.2300174045563,-71.88513453618293,-71.88513453618293
621.2400174045563,-71.88606961043037,-71.88606961043037
621.2500174045563,-71.88702098855416,-71.88702098855416
621.2600174045563,-71.88798861831108,-71.88798861831108
621.2700174045563,-71.88897244745101,-71.88897244745101
621.2800174045562,-71.8899724237067,-71.8899724237067
621.2900174045562,-71.89098849478884,-71.89098849478884
621.3000174045562,-71.89202060841535,-71.89202060841535
621.3100174045562,-71.89306871227639,-71.89306871227639
621.3200174045563,-71.89413275407591,-71.89413275407591
621.3300174045563,-71.89521268150722,-71.89521268150722
621.3400174045563,-71.89630844225367,-71.89630844225367
621.3500174283981,-71.897419986656,-71.897419986656
621.3600174283981,-71.89854725718014,-71.89854725718014
621.3700174283981,-71.89969020408485,-71.89969020408485
621.3800174283981,-71.90084877509149,-71.90084877509149
621.3900174283981,-71.90202291791798,-71.90202291791798
621.4000174283981,-71.90321258029577,-71.90321258029577
621.4100174283981,-71.9044177099601,-71.9044177099601
621.4200174283982,-71.90563825465836,-71.90563825465836
621.4300174283982,-71.90687416216794,-71.90687416216794
621.4400174283982,-71.90812538028202,-71.90812538028202
621.4500174283982,-71.9093918568018,-71.9093918568018
621.4600174283981,-71.9106735395635,-71.9106735395635
621.4700174283981,-71.91197037641983,-71.91197037641983
621.4800174283981,-71.91328231525162,-71.91328231525162
621.4900174283981,-71.91460930395961,-71.91460930395961
621.5000174283981,-71.91595129049227,-71.91595129049227
621.5100174283981,-71.91730822280968,-71.91730822280968
621.5200174283981,-71.91868004891674,-71.91868004891674
621.5300174283981,-71.9200667168402,-71.9200667168402
621.5400174283982,-71.92146817464419,-71.92146817464419
621.5500174283982,-71.92288437045214,-71.92288437045214
621.5600174283982,-71.92431525239665,-71.92431525239665
621.5700174283982,-71.9257607686618,-71.9257607686618
621.5800174283982,-71.92722086748016,-71.92722086748016
621.5900174283981,-71.92869549711183,-71.92869549711183
621.6000174283981,-71.93018460587514,-71.93018460587514
621.6100174283981,-71.93168814212609,-71.93168814212609
621.6200174283981,-71.93320605426673,-71.93320605426673
621.6300174283981,-71.93473829075386,-71.93473829075386
621.6400174283981,-71.93628480009451,-71.93628480009451
621.6500174283981,-71.93784553084032,-71.93784553084032
621.6600174283981,-71.93942043160342,-71.93942043160342
621.6700174283982,-71.94100945103449,-71.94100945103449
621.6800174283982,-71.94261253785665,-71.94261253785665
621.6900174283982,-71.94422964084464,-71.94422964084464
621.7000174283982,-71.94586070882607,-71.94586070882607
621.7100174283981,-71.94749941418307,-71.94749941418307
621.7200174283981,-71.94914295631337,-71.94914295631337
621.7300174283981,-71.95078994542835,-71.95078994542835
621.7400174283981,-71.9524396453071,-71.9524396453071
621.7500174283981,-71.9540916841265,-71.9540916841265
621.7600174283981,-71.95574590422986,-71.95574590422986
621.7700174283981,-71.957402273931,-71.957402273931
621.7800174283981,-71.95906083453546,-71.95906083453546
621.7900174283982,-71.96072166845572,-71.96072166845572
621.8000174283982,-71.96238488004504,-71.96238488004504
621.8100174283982,-71.96405058416325,-71.96405058416325
621.8200174283982,-71.96571889948868,-71.96571889948868
621.8300174283982,-71.96738994464084,-71.96738994464084
621.8400174283981,-71.96906383606866,-71.96906383606866
621.8500174283981,-71.97074068700404,-71.97074068700404
621.8600174283981,-71.97242060699791,-71.97242060699791
621.8700174283981,-71.97410370191513,-71.97410370191513
621.8800174283981,-71.97579007402022,-71.97579007402022
621.8900174283981,-71.97747982223908,-71.97747982223908
621.9000174283981,-71.97917304245172,-71.97917304245172
621.9100174283981,-71.98086982777156,-71.98086982777156
621.9200174283982,-71.98257026882828,-71.98257026882828
621.9300174283982,-71.98427445404708,-71.98427445404708
621.9400174283982,-71.98598246984432,-71.98598246984432
621.9500174283982,-71.98769440085935,-71.98769440085935
621.9600174283981,-71.98941033011026,-71.98941033011026
621.9700174283981,-71.9911303391563,-71.9911303391563
621.9800174283981,-71.99285450822904,-71.99285450822904
621.9900174283981,-71.99458291631079,-71.99458291631079
622.0000174283981,-71.9963156412617,-71.9963156412617
622.0100174283981,-71.99805275986155,-71.99805275986155
622.0200174283981,-71.99979434789013,-71.99979434789013
622.0300174283981,-72.00154048016029,-72.00154048016029
622.0400174283982,-72.00329123055347,-72.00329123055347
622.0500174283982,-72.0050466720755,-72.0050466720755
622.0600174283982,-72.00680687684726,-72.00680687684726
622.0700174283982,-72.00857191614165,-72.00857191614165
622.0800174283982,-72.01034186040019,-72.01034186040019
622.0900174283981,-72.01211677922394,-72.01211677922394
622.1000174283981,-72.01389674138841,-72.01389674138841
622.1100174283981,-72.01568181485186,-72.01568181485186
622.1200174283981,-72.01747206674273,-72.01747206674273
622.1300174283981,-72.01926756337448,-72.01926756337448
622.1400174283981,-72.02106837022548,-72.02106837022548
622.1500174283981,-72.02287455195754,-72.02287455195754
622.1600174283981,-72.0246861723804,-72.0246861723804
622.1700174283982,-72.02650329447205,-72.02650329447205
622.1800174283982,-72.02832598037837,-72.02832598037837
622.1900174283982,-72.03015429138665,-72.03015429138665
622.20001745224,-72.03198829228643,-72.03198829228643
622.21001745224,-72.03382175016742,-72.03382175016742
622.22001745224,-72.03565197518756,-72.03565197518756
622.23001745224,-72.03747768449537,-72.03747768449537
622.24001745224,-72.03929824850054,-72.03929824850054
622.25001745224,-72.04111340141698,-72.04111340141698
622.2600174522399,-72.04292309086088,-72.04292309086088
622.27001745224,-72.04472738963376,-72.04472738963376
622.28001745224,-72.04652644268965,-72.04652644268965
622.29001745224,-72.04832043521381,-72.04832043521381
622.30001745224,-72.05010957345728,-72.05010957345728
622.31001745224,-72.05189407331606,-72.05189407331606
622.32001745224,-72.05367415358639,-72.05367415358639
622.33001745224,-72.05545003212032,-72.05545003212032
622.34001745224,-72.05722192368962,-72.05722192368962
622.35001745224,-72.05899003893875,-72.05899003893875
622.36001745224,-72.06075458392861,-72.06075458392861
622.37001745224,-72.06251576008573,-72.06251576008573
622.3800174522399,-72.06427376432903,-72.06427376432903
622.39001745224,-72.06602878929006,-72.06602878929006
622.40001745224,-72.0677810236374,-72.0677810236374
622.41001745224,-72.06953065232825,-72.06953065232825
622.42001745224,-72.0712778568958,-72.0712778568958
622.43001745224,-72.07302281572615,-72.07302281572615
622.44001745224,-72.07476570426144,-72.07476570426144
622.45001745224,-72.07650669521136,-72.07650669521136
622.46001745224,-72.07823967182654,-72.07823967182654
622.47001745224,-72.07996204790186,-72.07996204790186
622.48001745224,-72.0816726479835,-72.0816726479835
622.49001745224,-72.08337094891482,-72.08337094891482
622.50001745224,-72.08505679033861,-72.08505679033861
622.5100174522399,-72.08673022429386,-72.08673022429386
622.52001745224,-72.08839142700629,-72.08839142700629
622.53001745224,-72.09004064592877,-72.09004064592877
622.54001745224,-72.09167816781871,-72.09167816781871
622.55001745224,-72.09330429962388,-72.09330429962388
622.56001745224,-72.09491935705891,-72.09491935705891
622.57001745224,-72.09652365792395,-72.09652365792395
622.58001745224,-72.09811751823692,-72.09811751823692
622.59001745224,-72.0997012501268,-72.0997012501268
622.60001745224,-72.10127516078383,-72.10127516078383
622.61001745224,-72.10283955203293,-72.10283955203293
622.62001745224,-72.10439472026505,-72.10439472026505
622.6300174522399,-72.10594095656487,-72.10594095656487
622.64001745224,-72.10747854696356,-72.10747854696356
622.65001745224,-72.10900777271452,-72.10900777271452
622.66001745224,-72.1105289105749,-72.1105289105749
622.67001745224,-72.11204223309352,-72.11204223309352
622.68001745224,-72.11354800886585,-72.11354800886585
622.69001745224,-72.11504650273854,-72.11504650273854
622.70001745224,-72.11653797604151,-72.11653797604151
622.71001745224,-72.11802268672602,-72.11802268672602
622.72001745224,-72.11950088953968,-72.11950088953968
622.73001745224,-72.12097283614122,-72.12097283614122
622.74001745224,-72.12243877519631,-72.12243877519631
622.75001745224,-72.12389895248117,-72.12389895248117
622.7600174522399,-72.12535361093755,-72.12535361093755
622.77001745224,-72.12680299074803,-72.12680299074803
622.78001745224,-72.12824732936882,-72.12824732936882
622.79001745224,-72.12968686158234,-72.12968686158234
622.80001745224,-72.13112181952673,-72.13112181952673
622.81001745224,-72.13255243272567,-72.13255243272567
622.82001745224,-72.1339789280956,-72.1339789280956
622.83001745224,-72.13540152997396,-72.13540152997396
622.84001745224,-72.13682046012948,-72.13682046012948
622.85001745224,-72.13823593777136,-72.13823593777136
622.86001745224,-72.13964817956654,-72.13964817956654
622.87001745224,-72.14105739963604,-72.14105739963604
622.8800174522399,-72.14246380955524,-72.14246380955524
622.89001745224,-72.14386761837679,-72.14386761837679
622.90001745224,-72.14526903263076,-72.14526903263076
622.91001745224,-72.1466682563133,-72.1466682563133
622.92001745224,-72.14806549090895,-72.14806549090895
622.93001745224,-72.14946093537496,-72.14946093537496
622.94001745224,-72.15085478616739,-72.15085478616739
622.95001745224,-72.1522472372266,-72.1522472372266
622.96001745224,-72.15363847999492,-72.15363847999492
622.97001745224,-72.15502870342277,-72.15502870342277
622.98001745224,-72.15641809395935,-72.15641809395935
622.99001745224,-72.1578068355692,-72.1578068355692
623.00001745224,-72.15919510974562,-72.15919510974562
623.0100174522399,-72.16058309551109,-72.16058309551109
623.02001745224,-72.16197096940871,-72.16197096940871
623.03001745224,-72.16335890556147,-72.16335890556147
623.04001745224,-72.16474707562199,-72.16474707562199
623.0500174760818,-72.16613565211193,-72.16613565211193
623.0600174760818,-72.16752479523085,-72.16752479523085
623.0700174760818,-72.16891467266538,-72.16891467266538
623.0800174760818,-72.1703054464117,-72.1703054464117
623.0900174760818,-72.17169727606814,-72.17169727606814
623.1000174760818,-72.1730903188645,-72.1730903188645
623.1100174760818,-72.17448472967294,-72.17448472967294
623.1200174760819,-72.17588066100126,-72.17588066100126
623.1300174760819,-72.17727826306165,-72.17727826306165
623.1400174760819,-72.17867768371076,-72.17867768371076
623.1500174760819,-72.18007906852333,-72.18007906852333
623.1600174760819,-72.18148256078973,-72.18148256078973
623.1700174760819,-72.18288830152717,-72.18288830152717
623.1800174760818,-72.18429642951166,-72.18429642951166
623.1900174760818,-72.18570708126973,-72.18570708126973
623.2000174760818,-72.18712039112461,-72.18712039112461
623.2100174760818,-72.18853019673868,-72.18853019673868
623.2200174760818,-72.1899338719403,-72.1899338719403
623.2300174760818,-72.19133020332879,-72.19133020332879
623.2400174760819,-72.19271863062534,-72.19271863062534
623.2500174760819,-72.19409895666693,-72.19409895666693
623.2600174760819,-72.19547119675799,-72.19547119675799
623.2700174760819,-72.19683549029901,-72.19683549029901
623.2800174760819,-72.19819204770144,-72.19819204770144
623.2900174760819,-72.1995411184753,-72.1995411184753
623.3000174760818,-72.20088297199683,-72.20088297199683
623.3100174760818,-72.20221788614748,-72.20221788614748
623.3200174760818,-72.20354614059069,-72.20354614059069
623.3300174760818,-72.20486801289852,-72.20486801289852
623.3400174760818,-72.20618377648788,-72.20618377648788
623.3500174760818,-72.20749369955452,-72.20749369955452
623.3600174760818,-72.2087980446878,-72.2087980446878
623.3700174760819,-72.21009706878252,-72.21009706878252
623.3800174760819,-72.21139102324948,-72.21139102324948
623.3900174760819,-72.21268015422888,-72.21268015422888
623.4000174760819,-72.21396470290836,-72.21396470290836
623.4100174760819,-72.2152449058471,-72.2152449058471
623.4200174760819,-72.21652099525656,-72.21652099525656
623.4300174760818,-72.21779319928015,-72.21779319928015
623.4400174760818,-72.21906174225262,-72.21906174225262
623.4500174760818,-72.22032684490705,-72.22032684490705
623.4600174760818,-72.2215887245759,-72.2215887245759
623.4700174760818,-72.22284759535583,-72.22284759535583
623.4800174760818,-72.22410366825278,-72.22410366825278
623.4900174760819,-72.22535715131062,-72.22535715131062
623.5000174760819,-72.2266082497167,-72.2266082497167
623.5100174760819,-72.22785716587877,-72.22785716587877
623.5200174760819,-72.22910409952172,-72.22910409952172
623.5300174760819,-72.23034924774299,-72.23034924774299
623.5400174760819,-72.23159280507663,-72.23159280507663
623.5500174760818,-72.23283496352094,-72.23283496352094
623.5600174760818,-72.23407591261106,-72.23407591261106
623.5700174760818,-72.23531583941524,-72.23531583941524
623.5800174760818,-72.23655492862649,-72.23655492862649
623.5900174760818,-72.23779336251202,-72.23779336251202
623.6000174760818,-72.2390313209953,-72.2390313209953
623.6100174760818,-72.24026898164335,-72.24026898164335
623.6200174760819,-72.24150651971435,-72.24150651971435
623.6300174760819,-72.24274410814108,-72.24274410814108
623.6400174760819,-72.2439819175731,-72.2439819175731
623.6500174760819,-72.24522011637426,-72.24522011637426
623.6600174760819,-72.24645887063569,-72.24645887063569
623.6700174760819,-72.24769834419838,-72.24769834419838
623.6800174760818,-72.24893869866324,-72.24893869866324
623.6900174760818,-72.25018009339736,-72.25018009339736
623.7000174760818,-72.25142268554262,-72.25142268554262
623.7100174760818,-72.25266663003039,-72.25266663003039
623.7200174760818,-72.25391207959905,-72.25391207959905
623.7300174760818,-72.25515918480359,-72.25515918480359
623.7400174760819,-72.25640809400731,-72.25640809400731
623.7500174760819,-72.25765895342757,-72.25765895342757
623.7600174760819,-72.25891190712181,-72.25891190712181
623.7700174760819,-72.26016709699476,-72.26016709699476
623.7800174760819,-72.26142466284979,-72.26142466284979
623.7900174760819,-72.26268474235432,-72.26268474235432
623.8000174760818,-72.26394747108954,-72.26394747108954
623.8100174760818,-72.2652129825311,-72.2652129825311
623.8200174760818,-72.2664814080931,-72.2664814080931
623.8300174760818,-72.26775287711915,-72.26775287711915
623.8400174760818,-72.26902751690585,-72.26902751690585
623.8500174760818,-72.27030545272864,-72.27030545272864
623.8600174760818,-72.27158680783978,-72.27158680783978
623.8700174760819,-72.27287170347229,-72.27287170347229
623.8800174760819,-72.2741602589096,-72.2741602589096
623.8900174760819,-72.27545259141931,-72.27545259141931
623.9000174999237,-72.2767488194323,-72.2767488194323
623.9100174999237,-72.27804905017736,-72.27804905017736
623.9200174999237,-72.27935339818924,-72.27935339818924
623.9300174999237,-72.28066197302624,-72.28066197302624
623.9400174999237,-72.2819748823689,-72.2819748823689
623.9500174999237,-72.28329223200814,-72.28329223200814
623.9600174999237,-72.28461412588732,-72.28461412588732
623.9700174999238,-72.28594066610447,-72.28594066610447
623.9800174999237,-72.28727195294151,-72.28727195294151
623.9900174999237,-72.28860808486965,-72.28860808486965
624.0000174999237,-72.28994915857614,-72.28994915857614
624.0100174999237,-72.29129526897165,-72.29129526897165
624.0200174999237,-72.29264650922981,-72.29264650922981
624.0300174999237,-72.29400297078018,-72.29400297078018
624.0400174999237,-72.29536474332612,-72.29536474332612
624.0500174999237,-72.29673191489961,-72.29673191489961
624.0600174999237,-72.29810457182897,-72.29810457182897
624.0700174999237,-72.29948279878697,-72.29948279878697
624.0800174999237,-72.30086667880451,-72.30086667880451
624.0900174999238,-72.30225629327965,-72.30225629327965
624.1000174999238,-72.30365172201795,-72.30365172201795
624.1100174999237,-72.30505304321944,-72.30505304321944
624.1200174999237,-72.30646033352622,-72.30646033352622
624.1300174999237,-72.30787366800875,-72.30787366800875
624.1400174999237,-72.30929312021009,-72.30929312021009
624.1500174999237,-72.31071876216414,-72.31071876216414
624.1600174999237,-72.31215066438772,-72.31215066438772
624.1700174999237,-72.31358889593322,-72.31358889593322
624.1800174999237,-72.31503352437743,-72.31503352437743
624.1900174999237,-72.31648461584757,-72.31648461584757
624.2000174999237,-72.3179422350447,-72.3179422350447
624.2100174999237,-72.31940644527393,-72.31940644527393
624.2200174999238,-72.32087730841724,-72.32087730841724
624.2300174999237,-72.32235488500754,-72.32235488500754
624.2400174999237,-72.32383923420115,-72.32383923420115
624.2500174999237,-72.32533041381875,-72.32533041381875
624.2600174999237,-72.32682848034736,-72.32682848034736
624.2700174999237,-72.32833348897996,-72.32833348897996
624.2800174999237,-72.32984549361542,-72.32984549361542
624.2900174999237,-72.33136454686519,-72.33136454686519
624.3000174999237,-72.33289070009197,-72.33289070009197
624.3100174999237,-72.33442400342241,-72.33442400342241
624.3200174999237,-72.33596450575247,-72.33596450575247
624.3300174999237,-72.33751225476693,-72.33751225476693
624.3400174999238,-72.33906729695494,-72.33906729695494
624.3500174999238,-72.34062967764119,-72.34062967764119
624.3600174999237,-72.34219944098464,-72.34219944098464
624.3700174999237,-72.34377662999199,-72.34377662999199
624.3800174999237,-72.34536128654682,-72.34536128654682
624.3900174999237,-72.34695345142038,-72.34695345142038
624.4000174999237,-72.34855316428474,-72.34855316428474
624.4100174999237,-72.35016046372586,-72.35016046372586
624.4200174999237,-72.35177538726705,-72.35177538726705
624.4300174999237,-72.35339797136622,-72.35339797136622
624.4400174999237,-72.35502825144903,-72.35502825144903
624.4500174999237,-72.35666626193071,-72.35666626193071
624.4600174999237,-72.35831203618609,-72.35831203618609
624.4700174999238,-72.35996560661955,-72.35996560661955
624.4800174999237,-72.36162700465498,-72.36162700465498
624.4900174999237,-72.36329626073098,-72.36329626073098
624.5000174999237,-72.36497340434603,-72.36497340434603
624.5100174999237,-72.36665846405951,-72.36665846405951
624.5200174999237,-72.36835146749709,-72.36835146749709
624.5300174999237,-72.37005244137025,-72.37005244137025
624.5400174999237,-72.37176141150273,-72.37176141150273
624.5500174999237,-72.37347840281716,-72.37347840281716
624.5600174999237,-72.37520343937875,-72.37520343937875
624.5700174999237,-72.37693654437832,-72.37693654437832
624.5800174999237,-72.37867774016459,-72.37867774016459
624.5900174999238,-72.38042704824932,-72.38042704824932
624.6000174999238,-72.38218448932581,-72.38218448932581
624.6100174999237,-72.38395008327194,-72.38395008327194
624.6200174999237,-72.38572384916648,-72.38572384916648
624.6300174999237,-72.38750580530294,-72.38750580530294
624.6400174999237,-72.38929596919557,-72.38929596919557
624.6500174999237,-72.39109435760498,-72.39109435760498
624.6600174999237,-72.39290098652624,-72.39290098652624
624.6700174999237,-72.39471587122699,-72.39471587122699
624.6800174999237,-72.39653902624079,-72.39653902624079
624.6900174999237,-72.39837046537517,-72.39837046537517
624.7000174999237,-72.40021020174474,-72.40021020174474
624.7100174999237,-72.40205824775532,-72.40205824775532
624.7200174999238,-72.40391461513227,-72.40391461513227
624.7300174999237,-72.40577931492858,-72.40577931492858
624.7400174999237,-72.40765235752465,-72.40765235752465
624.7500175237656,-72.40953375713151,-72.40953375713151
624.7600175237656,-72.41142351390495,-72.41142351390495
624.7700175237655,-72.41332164073108,-72.41332164073108
624.7800175237655,-72.41522814544665,-72.41522814544665
624.7900175237655,-72.41714303526446,-72.41714303526446
624.8000175237655,-72.4190663167968,-72.4190663167968
624.8100175237655,-72.42099799604084,-72.42099799604084
624.8200175237656,-72.42293807842522,-72.42293807842522
624.8300175237656,-72.42488656880246,-72.42488656880246
624.8400175237656,-72.42684347144895,-72.42684347144895
624.8500175237656,-72.42880879008624,-72.42880879008624
624.8600175237656,-72.43078252788142,-72.43078252788142
624.8700175237656,-72.43276468746257,-72.43276468746257
624.8800175237656,-72.43475527092276,-72.43475527092276
624.8900175237656,-72.43675427983547,-72.43675427983547
624.9000175237655,-72.43876171525628,-72.43876171525628
624.9100175237655,-72.44077757772939,-72.44077757772939
624.9200175237655,-72.44280186731118,-72.44280186731118
624.9300175237655,-72.44483458355367,-72.44483458355367
624.9400175237656,-72.44687572552753,-72.44687572552753
624.9500175237656,-72.44892529184314,-72.44892529184314
624.9600175237656,-72.45098328063125,-72.45098328063125
624.9700175237656,-72.45304968954686,-72.45304968954686
624.9800175237656,-72.45512451582809,-72.45512451582809
624.9900175237656,-72.45720775623776,-72.45720775623776
625.0000175237656,-72.45929940711419,-72.45929940711419
625.0100175237656,-72.46139946436143,-72.46139946436143
625.0200175237655,-72.46350792346327,-72.46350792346327
625.0300175237655,-72.46562477949466,-72.46562477949466
625.0400175237655,-72.46775002710262,-72.46775002710262
625.0500175237655,-72.46988366054197,-72.46988366054197
625.0600175237655,-72.47202567367118,-72.47202567367118
625.0700175237656,-72.47417605996048,-72.47417605996048
625.0800175237656,-72.47633481249868,-72.47633481249868
625.0900175237656,-72.47850192399879,-72.47850192399879
625.1000175237656,-72.48067738679944,-72.48067738679944
625.1100175237656,-72.482861192884,-72.482861192884
625.1200175237656,-72.48505333385819,-72.48505333385819
625.1300175237656,-72.48725380100454,-72.48725380100454
625.1400175237656,-72.48946258524751,-72.48946258524751
625.1500175237655,-72.49167967716478,-72.49167967716478
625.1600175237655,-72.49390506701404,-72.49390506701404
625.1700175237655,-72.49613874471697,-72.49613874471697
625.1800175237655,-72.49838069988162,-72.49838069988162
625.1900175237656,-72.500630921785,-72.500630921785
625.2000175237656,-72.50288939941076,-72.50288939941076
625.2100175237656,-72.50514979799192,-72.50514979799192
625.2200175237656,-72.50740933612175,-72.50740933612175
625.2300175237656,-72.50966665299943,-72.50966665299943
625.2400175237656,-72.51192104545812,-72.51192104545812
625.2500175237656,-72.51417217670749,-72.51417217670749
625.2600175237656,-72.51641992508401,-72.51641992508401
625.2700175237655,-72.51866429530776,-72.51866429530776
625.2800175237655,-72.52090536521013,-72.52090536521013
625.2900175237655,-72.52314325365172,-72.52314325365172
625.3000175237655,-72.52537810127059,-72.52537810127059
625.3100175237655,-72.52761005903547,-72.52761005903547
625.3200175237656,-72.5298392814881,-72.5298392814881
625.3300175237656,-72.5320659228645,-72.5320659228645
625.3400175237656,-72.5342901349958,-72.5342901349958
625.3500175237656,-72.53651206624222,-72.53651206624222
625.3600175237656,-72.5387318610603,-72.5387318610603
625.3700175237656,-72.54094965993552,-72.54094965993552
625.3800175237656,-72.5431655995288,-72.5431655995288
625.3900175237656,-72.5453798129252,-72.5453798129252
625.4000175237655,-72.54759242990684,-72.54759242990684
625.4100175237655,-72.54980357725408,-72.54980357725408
625.4200175237655,-72.55201337902143,-72.55201337902143
625.4300175237655,-72.55422195682682,-72.55422195682682
625.4400175237656,-72.55642943002552,-72.55642943002552
625.4500175237656,-72.55863591598921,-72.55863591598921
625.4600175237656,-72.56083520211472,-72.56083520211472
625.4700175237656,-72.563024630484,-72.563024630484
625.4800175237656,-72.56520296360024,-72.56520296360024
625.4900175237656,-72.56736962091448,-72.56736962091448
625.5000175237656,-72.5695243874605,-72.5695243874605
625.5100175237656,-72.5716672625281,-72.5716672625281
625.5200175237655,-72.57375362121113,-72.57375362121113
625.5300175237655,-72.57576470388327,-72.57576470388327
625.5400175237655,-72.57769166288796,-72.57769166288796
625.5500175237655,-72.57952992095758,-72.57952992095758
625.5600175237655,-72.58127706763766,-72.58127706763766
625.5700175237656,-72.58293188748212,-72.58293188748212
625.5800175237656,-72.58449385341669,-72.58449385341669
625.5900175237656,-72.58596284782465,-72.58596284782465
625.6000175476074,-72.58733900879487,-72.58733900879487
625.6100175476074,-72.58862262740597,-72.58862262740597
625.6200175476074,-72.58981411736302,-72.58981411736302
625.6300175476074,-72.5909139714211,-72.5909139714211
625.6400175476074,-72.59192274794631,-72.59192274794631
625.6500175476074,-72.59284106058212,-72.59284106058212
625.6600175476074,-72.59366957169225,-72.59366957169225
625.6700175476075,-72.59440898783173,-72.59440898783173
625.6800175476075,-72.59506005630796,-72.59506005630796
625.6900175476075,-72.59562356225321,-72.59562356225321
625.7000175476074,-72.59610032603926,-72.59610032603926
625.7100175476074,-72.5964912008011,-72.5964912008011
625.7200175476074,-72.59679707005432,-72.59679707005432
625.7300175476074,-72.59701884538016,-72.59701884538016
625.7400175476074,-72.5971574642094,-72.5971574642094
625.7500175476074,-72.59721388763124,-72.59721388763124
625.7600175476074,-72.59718909834484,-72.59718909834484
625.7700175476074,-72.59708409861548,-72.59708409861548
625.7800175476074,-72.59689990842328,-72.59689990842328
625.7900175476075,-72.59663756362458,-72.59663756362458
625.8000175476075,-72.59629811427239,-72.59629811427239
625.8100175476075,-72.59588262296141,-72.59588262296141
625.8200175476074,-72.59539216334592,-72.59539216334592
625.8300175476074,-72.5948278186809,-72.5948278186809
625.8400175476074,-72.59419068047606,-72.59419068047606
625.8500175476074,-72.593481847233,-72.593481847233
625.8600175476074,-72.59270242325343,-72.59270242325343
625.8700175476074,-72.59185351750492,-72.59185351750492
625.8800175476074,-72.59093624258534,-72.59093624258534
625.8900175476074,-72.5899517137189,-72.5899517137189
625.9000175476074,-72.588901047848,-72.588901047848
625.9100175476074,-72.58778536272789,-72.58778536272789
625.9200175476075,-72.58660577612736,-72.58660577612736
625.9300175476075,-72.58536340508093,-72.58536340508093
625.9400175476075,-72.5840593651074,-72.5840593651074
625.9500175476074,-72.58269476957565,-72.58269476957565
625.9600175476074,-72.58127072906103,-72.58127072906103
625.9700175476074,-72.57978835073467,-72.57978835073467
625.9800175476074,-72.57824873780613,-72.57824873780613
625.9900175476074,-72.57665298901442,-72.57665298901442
626.0000175476074,-72.57500219811186,-72.57500219811186
626.0100175476074,-72.5732974534104,-72.5732974534104
626.0200175476074,-72.57153983734858,-72.57153983734858
626.0300175476074,-72.5697304261163,-72.5697304261163
626.0400175476075,-72.56787028922929,-72.56787028922929
626.0500175476075,-72.56596048922646,-72.56596048922646
626.0600175476075,-72.564002081301,-72.564002081301
626.0700175476074,-72.56199611302523,-72.56199611302523
626.0800175476074,-72.55994362406429,-72.55994362406429
626.0900175476074,-72.55784564590314,-72.55784564590314
626.1000175476074,-72.55570320162528,-72.55570320162528
626.1100175476074,-72.55351730566356,-72.55351730566356
626.1200175476074,-72.55128896361606,-72.55128896361606
626.1300175476074,-72.5490191720582,-72.5490191720582
626.1400175476074,-72.54670891835866,-72.54670891835866
626.1500175476074,-72.54435918052852,-72.54435918052852
626.1600175476074,-72.54197092707844,-72.54197092707844
626.1700175476075,-72.53954511688406,-72.53954511688406
626.1800175476075,-72.5370826990871,-72.5370826990871
626.1900175476075,-72.53458461297073,-72.53458461297073
626.2000175476074,-72.53205178789132,-72.53205178789132
626.2100175476074,-72.52948514317539,-72.52948514317539
626.2200175476074,-72.52688558806744,-72.52688558806744
626.2300175476074,-72.52425402166287,-72.52425402166287
626.2400175476074,-72.52159133285835,-72.52159133285835
626.2500175476074,-72.51889840031443,-72.51889840031443
626.2600175476074,-72.51617609242055,-72.51617609242055
626.2700175476074,-72.51342526725944,-72.51342526725944
626.2800175476074,-72.51064677262802,-72.51064677262802
626.2900175476075,-72.50784144597893,-72.50784144597893
626.3000175476075,-72.50501011445444,-72.50501011445444
626.3100175476075,-72.50215359487466,-72.50215359487466
626.3200175476074,-72.49927269375785,-72.49927269375785
626.3300175476074,-72.49636820732954,-72.49636820732954
626.3400175476074,-72.49344092154136,-72.49344092154136
626.3500175476074,-72.49049161210624,-72.49049161210624
626.3600175476074,-72.4875210445296,-72.4875210445296
626.3700175476074,-72.48452997414681,-72.48452997414681
626.3800175476074,-72.48151914615161,-72.48151914615161
626.3900175476074,-72.47848929565782,-72.47848929565782
626.4000175476074,-72.47544114773984,-72.47544114773984
626.4100175476074,-72.47237541748112,-72.47237541748112
626.4200175476075,-72.46929281004566,-72.46929281004566
626.4300175476075,-72.46619402072868,-72.46619402072868
626.4400175476075,-72.4630797350005,-72.4630797350005
626.4500175714493,-72.4599506211412,-72.4599506211412
626.4600175714493,-72.45680736007988,-72.45680736007988
626.4700175714493,-72.45365060086746,-72.45365060086746
626.4800175714493,-72.45048099041952,-72.45048099041952
626.4900175714492,-72.44729916618718,-72.44729916618718
626.5000175714492,-72.4441057562417,-72.4441057562417
626.5100175714492,-72.4409013793571,-72.4409013793571
626.5200175714493,-72.43768664504887,-72.43768664504887
626.5300175714493,-72.43446215372752,-72.43446215372752
626.5400175714493,-72.4312284967028,-72.4312284967028
626.5500175714493,-72.42798625631906,-72.42798625631906
626.5600175714493,-72.42473600601733,-72.42473600601733
626.5700175714493,-72.42147831043279,-72.42147831043279
626.5800175714493,-72.41821372547447,-72.41821372547447
626.5900175714493,-72.41494279839857,-72.41494279839857
626.6000175714493,-72.41166606791634,-72.41166606791634
626.6100175714492,-72.40838406428705,-72.40838406428705
626.6200175714492,-72.40509730938345,-72.40509730938345
626.6300175714492,-72.40180631679223,-72.40180631679223
626.6400175714493,-72.39851159191217,-72.39851159191217
626.6500175714493,-72.39521363203772,-72.39521363203772
626.6600175714493,-72.39191292644351,-72.39191292644351
626.6700175714493,-72.38860995647387,-72.38860995647387
626.6800175714493,-72.38530519564539,-72.38530519564539
626.6900175714493,-72.38199910972556,-72.38199910972556
626.7000175714493,-72.37869215682696,-72.37869215682696
626.7100175714493,-72.37538478750348,-72.37538478750348
626.7200175714493,-72.37207744483696,-72.37207744483696
626.7300175714493,-72.36877056451108,-72.36877056451108
626.7400175714492,-72.36546457493586,-72.36546457493586
626.7500175714492,-72.362159897295,-72.362159897295
626.7600175714492,-72.35885694566336,-72.35885694566336
626.7700175714493,-72.35555612708694,-72.35555612708694
626.7800175714493,-72.35225784168236,-72.35225784168236
626.7900175714493,-72.34896248269176,-72.34896248269176
626.8000175714493,-72.34567043661586,-72.34567043661586
626.8100175714493,-72.34238208327425,-72.34238208327425
626.8200175714493,-72.33909779587609,-72.33909779587609
626.8300175714493,-72.33581794114271,-72.33581794114271
626.8400175714493,-72.332542879378,-72.332542879378
626.8500175714493,-72.32927296452549,-72.32927296452549
626.8600175714492,-72.32600854430595,-72.32600854430595
626.8700175714492,-72.32274996025296,-72.32274996025296
626.8800175714492,-72.31949754781755,-72.31949754781755
626.8900175714493,-72.31625163644763,-72.31625163644763
626.9000175714493,-72.31301254967842,-72.31301254967842
626.9100175714493,-72.30978060518429,-72.30978060518429
626.9200175714493,-72.30655611488534,-72.30655611488534
626.9300175714493,-72.30333938502628,-72.30333938502628
626.9400175714493,-72.3001307162306,-72.3001307162306
626.9500175714493,-72.29693040360833,-72.29693040360833
626.9600175714493,-72.29373873681264,-72.29373873681264
626.9700175714493,-72.29055600012818,-72.29055600012818
626.9800175714493,-72.2873824725273,-72.2873824725273
626.9900175714492,-72.28421842777645,-72.28421842777645
627.0000175714492,-72.28106413448538,-72.28106413448538
627.0100175714492,-72.27791985617657,-72.27791985617657
627.0200175714493,-72.27478585138095,-72.27478585138095
627.0300175714493,-72.27166237369363,-72.27166237369363
627.0400175714493,-72.26854967184087,-72.26854967184087
627.0500175714493,-72.26544798975978,-72.26544798975978
627.0600175714493,-72.26235756666165,-72.26235756666165
627.0700175714493,-72.2592786371061,-72.2592786371061
627.0800175714493,-72.25621143105157,-72.25621143105157
627.0900175714493,-72.25315617395526,-72.25315617395526
627.1000175714493,-72.25011308680374,-72.25011308680374
627.1100175714492,-72.24708238619166,-72.24708238619166
627.1200175714492,-72.24406428439943,-72.24406428439943
627.1300175714492,-72.24105898944278,-72.24105898944278
627.1400175714493,-72.23806670512695,-72.23806670512695
627.1500175714493,-72.23508763111832,-72.23508763111832
627.1600175714493,-72.23212196302546,-72.23212196302546
627.1700175714493,-72.22916989242704,-72.22916989242704
627.1800175714493,-72.22623160693846,-72.22623160693846
627.1900175714493,-72.22330729029588,-72.22330729029588
627.2000175714493,-72.22039712237405,-72.22039712237405
627.2100175714493,-72.2175012792769,-72.2175012792769
627.2200175714493,-72.21461993338292,-72.21461993338292
627.2300175714493,-72.21175325339185,-72.21175325339185
627.2400175714492,-72.20890140439633,-72.20890140439633
627.2500175714492,-72.2060645479311,-72.2060645479311
627.2600175714492,-72.20324284201531,-72.20324284201531
627.2700175714493,-72.20043644121199,-72.20043644121199
627.2800175714493,-72.19764549669313,-72.19764549669313
627.2900175714493,-72.1948701562695,-72.1948701562695
627.3000175952911,-72.19211055789037,-72.19211055789037
627.3100175952911,-72.18936685601422,-72.18936685601422
627.3200175952911,-72.18663918207032,-72.18663918207032
627.3300175952911,-72.18392767097855,-72.18392767097855
627.3400175952911,-72.18123245455193,-72.18123245455193
627.3500175952911,-72.1785536615377,-72.1785536615377
627.3600175952911,-72.17589141768548,-72.17589141768548
627.3700175952912,-72.1732458457701,-72.1732458457701
627.3800175952912,-72.17061706565839,-72.17061706565839
627.3900175952912,-72.16800519433134,-72.16800519433134
627.4000175952912,-72.16541034594475,-72.16541034594475
627.4100175952912,-72.16283263186727,-72.16283263186727
627.4200175952911,-72.1602721607386,-72.1602721607386
627.4300175952911,-72.15772903847062,-72.15772903847062
627.4400175952911,-72.15520336834494,-72.15520336834494
627.4500175952911,-72.1526952509926,-72.1526952509926
627.4600175952911,-72.1502047845007,-72.1502047845007
627.4700175952911,-72.14773206439068,-72.14773206439068
627.4800175952911,-72.1452771836979,-72.1452771836979
627.4900175952912,-72.14284023299226,-72.14284023299226
627.5000175952912,-72.14042130044393,-72.14042130044393
627.5100175952912,-72.13802047180008,-72.13802047180008
627.5200175952912,-72.1356378304792,-72.1356378304792
627.5300175952912,-72.13327345759471,-72.13327345759471
627.5400175952911,-72.13092743197832,-72.13092743197832
627.5500175952911,-72.12859983022166,-72.12859983022166
627.5600175952911,-72.1262907267095,-72.1262907267095
627.5700175952911,-72.12400019366298,-72.12400019366298
627.5800175952911,-72.12172830115851,-72.12172830115851
627.5900175952911,-72.1194751171804,-72.1194751171804
627.6000175952911,-72.1172407076336,-72.1172407076336
627.6100175952911,-72.1150251363869,-72.1150251363869
627.6200175952912,-72.11282846530236,-72.11282846530236
627.6300175952912,-72.11065075427791,-72.11065075427791
627.6400175952912,-72.10849206124499,-72.10849206124499
627.6500175952912,-72.10635244224082,-72.10635244224082
627.6600175952912,-72.10423195141861,-72.10423195141861
627.6700175952911,-72.10213064107073,-72.10213064107073
627.6800175952911,-72.10004856166263,-72.10004856166263
627.6900175952911,-72.09798576187633,-72.09798576187633
627.7000175952911,-72.09594228862277,-72.09594228862277
627.7100175952911,-72.09391818707265,-72.09391818707265
627.7200175952911,-72.09191350067208,-72.09191350067208
627.7300175952911,-72.08992827120215,-72.08992827120215
627.7400175952912,-72.08796253877348,-72.08796253877348
627.7500175952912,-72.0860163418734,-72.0860163418734
627.7600175952912,-72.08408971737727,-72.08408971737727
627.7700175952912,-72.08218270057152,-72.08218270057152
627.7800175952912,-72.08029532521627,-72.08029532521627
627.7900175952911,-72.07842762350536,-72.07842762350536
627.8000175952911,-72.07657962614046,-72.07657962614046
627.8100175952911,-72.07475136235301,-72.07475136235301
627.8200175952911,-72.07294285989667,-72.07294285989667
627.8300175952911,-72.07115414510277,-72.07115414510277
627.8400175952911,-72.0693852428825,-72.0693852428825
627.8500175952911,-72.06763617676212,-72.06763617676212
627.8600175952911,-72.06590696889815,-72.06590696889815
627.8700175952912,-72.06419764009658,-72.06419764009658
627.8800175952912,-72.0625082098491,-72.0625082098491
627.8900175952912,-72.06083869633073,-72.06083869633073
627.9000175952912,-72.0591891164458,-72.0591891164458
627.9100175952912,-72.05755948583581,-72.05755948583581
627.9200175952911,-72.0559498188966,-72.0559498188966
627.9300175952911,-72.05436012880867,-72.05436012880867
627.9400175952911,-72.05279042753926,-72.05279042753926
627.9500175952911,-72.05124072589662,-72.05124072589662
627.9600175952911,-72.04971103349006,-72.04971103349006
627.9700175952911,-72.04820135882618,-72.04820135882618
627.9800175952911,-72.0467117092556,-72.0467117092556
627.9900175952912,-72.04524209102584,-72.04524209102584
628.0000175952912,-72.04379250931576,-72.04379250931576
628.0100175952912,-72.04236296821264,-72.04236296821264
628.0200175952912,-72.04095347075634,-72.04095347075634
628.0300175952912,-72.03956401894737,-72.03956401894737
628.0400175952911,-72.03819461377398,-72.03819461377398
628.0500175952911,-72.03684525520914,-72.03684525520914
628.0600175952911,-72.03551594224962,-72.03551594224962
628.0700175952911,-72.03420667291682,-72.03420667291682
628.0800175952911,-72.03291744427871,-72.03291744427871
628.0900175952911,-72.03164825246587,-72.03164825246587
628.1000175952911,-72.03039909268678,-72.03039909268678
628.1100175952911,-72.02916995923977,-72.02916995923977
628.1200175952912,-72.02796084552635,-72.02796084552635
628.1300175952912,-72.02677174407997,-72.02677174407997
628.1400175952912,-72.02560264656037,-72.02560264656037
628.150017619133,-72.02445354105267,-72.02445354105267
628.160017619133,-72.02332442307454,-72.02332442307454
628.170017619133,-72.02221527897076,-72.02221527897076
628.180017619133,-72.02112609710088,-72.02112609710088
628.190017619133,-72.02005686502602,-72.02005686502602
628.200017619133,-72.01900756952813,-72.01900756952813
628.2100176191329,-72.01797819661863,-72.01797819661863
628.220017619133,-72.01696873154722,-72.01696873154722
628.230017619133,-72.01597915885414,-72.01597915885414
628.240017619133,-72.01500946230848,-72.01500946230848
628.250017619133,-72.01405962499027,-72.01405962499027
628.260017619133,-72.01312962926006,-72.01312962926006
628.270017619133,-72.01221945680112,-72.01221945680112
628.280017619133,-72.01132908860397,-72.01132908860397
628.290017619133,-72.01045850500145,-72.01045850500145
628.300017619133,-72.0096076856612,-72.0096076856612
628.310017619133,-72.00877660961487,-72.00877660961487
628.320017619133,-72.00796525524672,-72.00796525524672
628.330017619133,-72.00717360031638,-72.00717360031638
628.340017619133,-72.00640162199,-72.00640162199
628.350017619133,-72.00564929681873,-72.00564929681873
628.360017619133,-72.00491660077282,-72.00491660077282
628.370017619133,-72.00420350922394,-72.00420350922394
628.380017619133,-72.0035099969878,-72.0035099969878
628.390017619133,-72.002836038308,-72.002836038308
628.400017619133,-72.00218160689312,-72.00218160689312
628.410017619133,-72.00154667589722,-72.00154667589722
628.420017619133,-72.00093121794535,-72.00093121794535
628.430017619133,-72.00033520515429,-72.00033520515429
628.440017619133,-71.99975860910762,-71.99975860910762
628.450017619133,-71.99920140090771,-71.99920140090771
628.4600176191329,-71.99866355114465,-71.99866355114465
628.470017619133,-71.99814502993324,-71.99814502993324
628.480017619133,-71.99764580691622,-71.99764580691622
628.490017619133,-71.99716585126424,-71.99716585126424
628.500017619133,-71.99670513168337,-71.99670513168337
628.510017619133,-71.99626361643246,-71.99626361643246
628.520017619133,-71.995841273333,-71.995841273333
628.530017619133,-71.99543806977992,-71.99543806977992
628.540017619133,-71.99505397272878,-71.99505397272878
628.550017619133,-71.99468894872328,-71.99468894872328
628.560017619133,-71.9943429638974,-71.9943429638974
628.570017619133,-71.99401598398154,-71.99401598398154
628.580017619133,-71.99370797432346,-71.99370797432346
628.590017619133,-71.99341889985928,-71.99341889985928
628.600017619133,-71.99314872517468,-71.99314872517468
628.610017619133,-71.99289741447153,-71.99289741447153
628.620017619133,-71.9926649315784,-71.9926649315784
628.630017619133,-71.9924512399723,-71.9924512399723
628.640017619133,-71.99225630278863,-71.99225630278863
628.650017619133,-71.99208008282281,-71.99208008282281
628.660017619133,-71.99192254250349,-71.99192254250349
628.670017619133,-71.99178364395735,-71.99178364395735
628.680017619133,-71.99166334898256,-71.99166334898256
628.690017619133,-71.99156161905887,-71.99156161905887
628.700017619133,-71.99147841534898,-71.99147841534898
628.7100176191329,-71.99141369872432,-71.99141369872432
628.720017619133,-71.9913674297401,-71.9913674297401
628.730017619133,-71.99133956868798,-71.99133956868798
628.740017619133,-71.99128774012998,-71.99128774012998
628.750017619133,-71.99118729778762,-71.99118729778762
628.760017619133,-71.9910256441952,-71.9910256441952
628.770017619133,-71.99079660863296,-71.99079660863296
628.780017619133,-71.99049747298426,-71.99049747298426
628.790017619133,-71.9901274010185,-71.9901274010185
628.800017619133,-71.98968658186574,-71.98968658186574
628.810017619133,-71.98917575331893,-71.98917575331893
628.820017619133,-71.98859593362101,-71.98859593362101
628.830017619133,-71.98794827036924,-71.98794827036924
628.840017619133,-71.98723395614635,-71.98723395614635
628.850017619133,-71.98645418255559,-71.98645418255559
628.860017619133,-71.98561011653987,-71.98561011653987
628.870017619133,-71.98470288950354,-71.98470288950354
628.880017619133,-71.98373359374665,-71.98373359374665
628.890017619133,-71.98270328292507,-71.98270328292507
628.900017619133,-71.9816129746507,-71.9816129746507
628.910017619133,-71.98046365402924,-71.98046365402924
628.920017619133,-71.97925627755221,-71.97925627755221
628.930017619133,-71.97799177690689,-71.97799177690689
628.940017619133,-71.97667106253192,-71.97667106253192
628.950017619133,-71.97529502684174,-71.97529502684174
628.9600176191329,-71.97386454705897,-71.97386454705897
628.970017619133,-71.97238048767015,-71.97238048767015
628.980017619133,-71.97084370253523,-71.97084370253523
628.990017619133,-71.96925503666628,-71.96925503666628
629.0000176429749,-71.96761532378234,-71.96761532378234
629.0100176429748,-71.96592540301712,-71.96592540301712
629.0200176429748,-71.96418609699182,-71.96418609699182
629.0300176429748,-71.96239822772263,-71.96239822772263
629.0400176429748,-71.96056261351028,-71.96056261351028
629.0500176429748,-71.95868006947735,-71.95868006947735
629.0600176429748,-71.95675140792183,-71.95675140792183
629.0700176429749,-71.95477743859313,-71.95477743859313
629.0800176429749,-71.95275896889666,-71.95275896889666
629.0900176429749,-71.95069680397104,-71.95069680397104
629.1000176429749,-71.94859174677464,-71.94859174677464
629.1100176429749,-71.94644459808748,-71.94644459808748
629.1200176429749,-71.94425615644778,-71.94425615644778
629.1300176429748,-71.94202721809238,-71.94202721809238
629.1400176429748,-71.9397585768598,-71.9397585768598
629.1500176429748,-71.93745102405774,-71.93745102405774
629.1600176429748,-71.93510534833524,-71.93510534833524
629.1700176429748,-71.93272233551208,-71.93272233551208
629.1800176429748,-71.93030276844217,-71.93030276844217
629.1900176429749,-71.92784742680679,-71.92784742680679
629.2000176429749,-71.92535708696144,-71.92535708696144
629.2100176429749,-71.92283252176865,-71.92283252176865
629.2200176429749,-71.92027450039227,-71.92027450039227
629.2300176429749,-71.91768378813603,-71.91768378813603
629.2400176429749,-71.91506114626843,-71.91506114626843
629.2500176429749,-71.91240733184333,-71.91240733184333
629.2600176429748,-71.90972309753981,-71.90972309753981
629.2700176429748,-71.90700919148786,-71.90700919148786
629.2800176429748,-71.90426635712453,-71.90426635712453
629.2900176429748,-71.90149533302258,-71.90149533302258
629.3000176429748,-71.8986968527445,-71.8986968527445
629.3100176429748,-71.89587164472022,-71.89587164472022
629.3200176429749,-71.89302043207941,-71.89302043207941
629.3300176429749,-71.89014393256284,-71.89014393256284
629.3400176429749,-71.88724285836936,-71.88724285836936
629.3500176429749,-71.88431791603666,-71.88431791603666
629.3600176429749,-71.88136980635068,-71.88136980635068
629.3700176429749,-71.8783992242446,-71.8783992242446
629.3800176429748,-71.87540685868105,-71.87540685868105
629.3900176429748,-71.87239339257603,-71.87239339257603
629.4000176429748,-71.86935950272091,-71.86935950272091
629.4100176429748,-71.86630585968216,-71.86630585968216
629.4200176429748,-71.86323312774996,-71.86323312774996
629.4300176429748,-71.86014196486552,-71.86014196486552
629.4400176429749,-71.85703302255484,-71.85703302255484
629.4500176429749,-71.8539069458902,-71.8539069458902
629.4600176429749,-71.85076437341357,-71.85076437341357
629.4700176429749,-71.8476059371077,-71.8476059371077
629.4800176429749,-71.84443226237698,-71.84443226237698
629.4900176429749,-71.84124396797603,-71.84124396797603
629.5000176429749,-71.83804166599077,-71.83804166599077
629.5100176429748,-71.83482596182961,-71.83482596182961
629.5200176429748,-71.831597454189,-71.831597454189
629.5300176429748,-71.82835673502886,-71.82835673502886
629.5400176429748,-71.8251043895751,-71.8251043895751
629.5500176429748,-71.82184099630301,-71.82184099630301
629.5600176429748,-71.81856712693205,-71.81856712693205
629.5700176429749,-71.81528334643129,-71.81528334643129
629.5800176429749,-71.81199021300762,-71.81199021300762
629.5900176429749,-71.80868827812301,-71.80868827812301
629.6000176429749,-71.80537808648845,-71.80537808648845
629.6100176429749,-71.80206017608441,-71.80206017608441
629.6200176429749,-71.79873507817945,-71.79873507817945
629.6300176429748,-71.79540331733101,-71.79540331733101
629.6400176429748,-71.7920654114272,-71.7920654114272
629.6500176429748,-71.78872187168147,-71.78872187168147
629.6600176429748,-71.78537320267526,-71.78537320267526
629.6700176429748,-71.78201990238378,-71.78201990238378
629.6800176429748,-71.77866246217643,-71.77866246217643
629.6900176429749,-71.77530136688742,-71.77530136688742
629.7000176429749,-71.77193709482796,-71.77193709482796
629.7100176429749,-71.7685701178195,-71.7685701178195
629.7200176429749,-71.76520090121826,-71.76520090121826
629.7300176429749,-71.7618299039817,-71.7618299039817
629.7400176429749,-71.75845757866801,-71.75845757866801
629.7500176429749,-71.75508437150962,-71.75508437150962
629.7600176429748,-71.7517107224382,-71.7517107224382
629.7700176429748,-71.74833706512787,-71.74833706512787
629.7800176429748,-71.74496382705051,-71.74496382705051
629.7900176429748,-71.74159142949748,-71.74159142949748
629.8000176429748,-71.73822028764057,-71.73822028764057
629.8100176429748,-71.73485081058068,-71.73485081058068
629.8200176429749,-71.73148340138087,-71.73148340138087
629.8300176429749,-71.72811845713717,-71.72811845713717
629.8400176429749,-71.72475636900172,-71.72475636900172
629.8500176668167,-71.72139751424007,-71.72139751424007
629.8600176668167,-71.71804228831016,-71.71804228831016
629.8700176668167,-71.71469105685804,-71.71469105685804
629.8800176668167,-71.7113441878196,-71.7113441878196
629.8900176668167,-71.70800204344245,-71.70800204344245
629.9000176668167,-71.70466498034703,-71.70466498034703
629.9100176668167,-71.70133334957441,-71.70133334957441
629.9200176668168,-71.6980074966571,-71.6980074966571
629.9300176668168,-71.69468776164119,-71.69468776164119
629.9400176668167,-71.69137447917312,-71.69137447917312
629.9500176668167,-71.68806797853902,-71.68806797853902
629.9600176668167,-71.68476858369596,-71.68476858369596
629.9700176668167,-71.68147661336454,-71.68147661336454
629.9800176668167,-71.67819238105446,-71.67819238105446
629.9900176668167,-71.67491619513001,-71.67491619513001
630.0000176668167,-71.67164835886801,-71.67164835886801
630.0100176668167,-71.66838917049937,-71.66838917049937
630.0200176668167,-71.66513892325489,-71.66513892325489
630.0300176668167,-71.66189790546078,-71.66189790546078
630.0400176668168,-71.65866640054959,-71.65866640054959
630.0500176668168,-71.65544468714442,-71.65544468714442
630.0600176668167,-71.65223303907341,-71.65223303907341
630.0700176668167,-71.64903172546595,-71.64903172546595
630.0800176668167,-71.64584101077607,-71.64584101077607
630.0900176668167,-71.64266115485668,-71.64266115485668
630.1000176668167,-71.6394924129858,-71.6394924129858
630.1100176668167,-71.63633503595352,-71.63633503595352
630.1200176668167,-71.63318927009323,-71.63318927009323
630.1300176668167,-71.63005535732874,-71.63005535732874
630.1400176668167,-71.62693353522877,-71.62693353522877
630.1500176668167,-71.62382403709063,-71.62382403709063
630.1600176668167,-71.62072709193987,-71.62072709193987
630.1700176668168,-71.61764292461582,-71.61764292461582
630.1800176668168,-71.61457175581836,-71.61457175581836
630.1900176668167,-71.61151380214694,-71.61151380214694
630.2000176668167,-71.60846927615368,-71.60846927615368
630.2100176668167,-71.60543838639464,-71.60543838639464
630.2200176668167,-71.60242133748787,-71.60242133748787
630.2300176668167,-71.59941833015633,-71.59941833015633
630.2400176668167,-71.59642956126895,-71.59642956126895
630.2500176668167,-71.59345522389239,-71.59345522389239
630.2600176668167,-71.59049550735816,-71.59049550735816
630.2700176668167,-71.58755059727234,-71.58755059727234
630.2800176668167,-71.58462067559566,-71.58462067559566
630.2900176668168,-71.5817059206766,-71.5817059206766
630.3000176668168,-71.57880650729939,-71.57880650729939
630.3100176668167,-71.57592260673808,-71.57592260673808
630.3200176668167,-71.57305438677668,-71.57305438677668
630.3300176668167,-71.57020201177883,-71.57020201177883
630.3400176668167,-71.56736564273695,-71.56736564273695
630.3500176668167,-71.56454543729762,-71.56454543729762
630.3600176668167,-71.56174154979401,-71.56174154979401
630.3700176668167,-71.55895413133746,-71.55895413133746
630.3800176668167,-71.55618332981074,-71.55618332981074
630.3900176668167,-71.55342928993957,-71.55342928993957
630.4000176668167,-71.55069215331955,-71.55069215331955
630.4100176668167,-71.54797205847497,-71.54797205847497
630.4200176668168,-71.54526914086408,-71.54526914086408
630.4300176668168,-71.54258353298637,-71.54258353298637
630.4400176668167,-71.53991536434845,-71.53991536434845
630.4500176668167,-71.53726476154493,-71.53726476154493
630.4600176668167,-71.53463184828881,-71.53463184828881
630.4700176668167,-71.53201674546494,-71.53201674546494
630.4800176668167,-71.52941957114072,-71.52941957114072
630.4900176668167,-71.52684044062751,-71.52684044062751
630.5000176668167,-71.524279466505,-71.524279466505
630.5100176668167,-71.52173675868134,-71.52173675868134
630.5200176668167,-71.51921242438357,-71.51921242438357
630.5300176668167,-71.51670656825186,-71.51670656825186
630.5400176668168,-71.51421929233146,-71.51421929233146
630.5500176668168,-71.51175069613478,-71.51175069613478
630.5600176668167,-71.50930087665779,-71.50930087665779
630.5700176668167,-71.50686992843357,-71.50686992843357
630.5800176668167,-71.50445794355261,-71.50445794355261
630.5900176668167,-71.50206501170047,-71.50206501170047
630.6000176668167,-71.49969122019044,-71.49969122019044
630.6100176668167,-71.49733665400431,-71.49733665400431
630.6200176668167,-71.4950013958275,-71.4950013958275
630.6300176668167,-71.49268552605122,-71.49268552605122
630.6400176668167,-71.49038912285732,-71.49038912285732
630.6500176668167,-71.48811226220411,-71.48811226220411
630.6600176668167,-71.48585501787512,-71.48585501787512
630.6700176668168,-71.48361746150702,-71.48361746150702
630.6800176668168,-71.48139966263912,-71.48139966263912
630.6900176668167,-71.47920168871356,-71.47920168871356
630.7000176906586,-71.47702359993478,-71.47702359993478
630.7100176906586,-71.47486547009922,-71.47486547009922
630.7200176906586,-71.47272735533605,-71.47272735533605
630.7300176906585,-71.47060931505433,-71.47060931505433
630.7400176906585,-71.46851140672455,-71.46851140672455
630.7500176906585,-71.46643368591201,-71.46643368591201
630.7600176906585,-71.46437620629412,-71.46437620629412
630.7700176906586,-71.46233901969775,-71.46233901969775
630.7800176906586,-71.46032217613104,-71.46032217613104
630.7900176906586,-71.45832572378916,-71.45832572378916
630.8000176906586,-71.45634970910093,-71.45634970910093
630.8100176906586,-71.45439417674513,-71.45439417674513
630.8200176906586,-71.45245916967824,-71.45245916967824
630.8300176906586,-71.4505447291625,-71.4505447291625
630.8400176906586,-71.44865089478886,-71.44865089478886
630.8500176906585,-71.44677770449998,-71.44677770449998
630.8600176906585,-71.44492519461734,-71.44492519461734
630.8700176906585,-71.44309339986901,-71.44309339986901
630.8800176906585,-71.44128235340604,-71.44128235340604
630.8900176906586,-71.43949208681869,-71.43949208681869
630.9000176906586,-71.43772263018938,-71.43772263018938
630.9100176906586,-71.4359740120774,-71.4359740120774
630.9200176906586,-71.43424625956993,-71.43424625956993
630.9300176906586,-71.43253939829647,-71.43253939829647
630.9400176906586,-71.43085345244107,-71.43085345244107
630.9500176906586,-71.4291884447827,-71.4291884447827
630.9600176906586,-71.42754439669855,-71.42754439669855
630.9700176906586,-71.42592132819284,-71.42592132819284
630.9800176906585,-71.42431925791898,-71.42431925791898
630.9900176906585,-71.42273820320356,-71.42273820320356
631.0000176906585,-71.42117818005076,-71.42117818005076
631.0100176906585,-71.41963920318337,-71.41963920318337
631.0200176906586,-71.41812128604481,-71.41812128604481
631.0300176906586,-71.4166244408442,-71.4166244408442
631.0400176906586,-71.41514867852955,-71.41514867852955
631.0500176906586,-71.41369400885668,-71.41369400885668
631.0600176906586,-71.41226044038659,-71.41226044038659
631.0700176906586,-71.41084798049583,-71.41084798049583
631.0800176906586,-71.40945663540136,-71.40945663540136
631.0900176906586,-71.40808641019626,-71.40808641019626
631.1000176906585,-71.40673730882713,-71.40673730882713
631.1100176906585,-71.40540933415232,-71.40540933415232
631.1200176906585,-71.40410248794205,-71.40410248794205
631.1300176906585,-71.40281677089479,-71.40281677089479
631.1400176906586,-71.40155218265488,-71.40155218265488
631.1500176906586,-71.40030872183655,-71.40030872183655
631.1600176906586,-71.39908638601175,-71.39908638601175
631.1700176906586,-71.39788517177722,-71.39788517177722
631.1800176906586,-71.39670507473238,-71.39670507473238
631.1900176906586,-71.39554608948859,-71.39554608948859
631.2000176906586,-71.39440820971966,-71.39440820971966
631.2100176906586,-71.39329142815235,-71.39329142815235
631.2200176906586,-71.39219573658997,-71.39219573658997
631.2300176906585,-71.39112112590713,-71.39112112590713
631.2400176906585,-71.3900675861133,-71.3900675861133
631.2500176906585,-71.38903510630487,-71.38903510630487
631.2600176906585,-71.38802367473225,-71.38802367473225
631.2700176906586,-71.38703327878186,-71.38703327878186
631.2800176906586,-71.38606390501123,-71.38606390501123
631.2900176906586,-71.38511553913253,-71.38511553913253
631.3000176906586,-71.38418816606192,-71.38418816606192
631.3100176906586,-71.3832817699133,-71.3832817699133
631.3200176906586,-71.38239633401592,-71.38239633401592
631.3300176906586,-71.38153184091686,-71.38153184091686
631.3400176906586,-71.3806882724186,-71.3806882724186
631.3500176906585,-71.3798656095605,-71.3798656095605
631.3600176906585,-71.37906383266396,-71.37906383266396
631.3700176906585,-71.37828292131904,-71.37828292131904
631.3800176906585,-71.3775228544023,-71.3775228544023
631.3900176906586,-71.37678361009853,-71.37678361009853
631.4000176906586,-71.3760651659099,-71.3760651659099
631.4100176906586,-71.37536749865664,-71.37536749865664
631.4200176906586,-71.37469058448899,-71.37469058448899
631.4300176906586,-71.37403439892809,-71.37403439892809
631.4400176906586,-71.37339891682993,-71.37339891682993
631.4500176906586,-71.37278411243942,-71.37278411243942
631.4600176906586,-71.37218373981513,-71.37218373981513
631.4700176906586,-71.37159505330594,-71.37159505330594
631.4800176906585,-71.37101670581244,-71.37101670581244
631.4900176906585,-71.37044799718974,-71.37044799718974
631.5000176906585,-71.36988858741533,-71.36988858741533
631.5100176906585,-71.36933834762264,-71.36933834762264
631.5200176906586,-71.36879727271716,-71.36879727271716
631.5300176906586,-71.36826542891376,-71.36826542891376
631.5400176906586,-71.3677429221291,-71.3677429221291
631.5500177145004,-71.36722987785204,-71.36722987785204
631.5600177145004,-71.36672643475909,-71.36672643475909
631.5700177145004,-71.36623273069493,-71.36623273069493
631.5800177145004,-71.36574890387547,-71.36574890387547
631.5900177145004,-71.36527508955396,-71.36527508955396
631.6000177145004,-71.36481141902478,-71.36481141902478
631.6100177145004,-71.36435801921702,-71.36435801921702
631.6200177145005,-71.363915012665,-71.363915012665
631.6300177145005,-71.36348251765044,-71.36348251765044
631.6400177145005,-71.36306064848658,-71.36306064848658
631.6500177145004,-71.36264951579585,-71.36264951579585
631.6600177145004,-71.36224922683043,-71.36224922683043
631.6700177145004,-71.36185988576185,-71.36185988576185
631.6800177145004,-71.36148159395879,-71.36148159395879
631.6900177145004,-71.36111445021598,-71.36111445021598
631.7000177145004,-71.36075855096956,-71.36075855096956
631.7100177145004,-71.3604139905027,-71.3604139905027
631.7200177145004,-71.36008086106973,-71.36008086106973
631.7300177145004,-71.3597592530689,-71.3597592530689
631.7400177145005,-71.35944925512085,-71.35944925512085
631.7500177145005,-71.35915095421083,-71.35915095421083
631.7600177145005,-71.35886443571957,-71.35886443571957
631.7700177145005,-71.35858978353261,-71.35858978353261
631.7800177145004,-71.35832708006906,-71.35832708006906
631.7900177145004,-71.35807640635097,-71.35807640635097
631.8000177145004,-71.35783784201575,-71.35783784201575
631.8100177145004,-71.35761146536018,-71.35761146536018
631.8200177145004,-71.35739735337562,-71.35739735337562
631.8300177145004,-71.35719558174908,-71.35719558174908
631.8400177145004,-71.35700622489264,-71.35700622489264
631.8500177145004,-71.35682935595594,-71.35682935595594
631.8600177145004,-71.35666504681848,-71.35666504681848
631.8700177145005,-71.35651336811554,-71.35651336811554
631.8800177145005,-71.35637438924779,-71.35637438924779
631.8900177145005,-71.35624817836987,-71.35624817836987
631.9000177145004,-71.35613480240016,-71.35613480240016
631.9100177145004,-71.35603432701667,-71.35603432701667
631.9200177145004,-71.35594681667358,-71.35594681667358
631.9300177145004,-71.35587233459981,-71.35587233459981
631.9400177145004,-71.3558109427703,-71.3558109427703
631.9500177145004,-71.35576270195656,-71.35576270195656
631.9600177145004,-71.355727671692,-71.355727671692
631.9700177145004,-71.35570591027749,-71.35570591027749
631.9800177145004,-71.35569747478995,-71.35569747478995
631.9900177145005,-71.3557024210871,-71.3557024210871
632.0000177145005,-71.35572080379741,-71.35572080379741
632.0100177145005,-71.35575267632635,-71.35575267632635
632.0200177145005,-71.35579809085432,-71.35579809085432
632.0300177145004,-71.3558570983499,-71.3558570983499
632.0400177145004,-71.35592974856502,-71.35592974856502
632.0500177145004,-71.35601609004674,-71.35601609004674
632.0600177145004,-71.35611617011152,-71.35611617011152
632.0700177145004,-71.3562300348888,-71.3562300348888
632.0800177145004,-71.35635772929936,-71.35635772929936
632.0900177145004,-71.35649929706842,-71.35649929706842
632.1000177145004,-71.35665478073345,-71.35665478073345
632.1100177145004,-71.35682422164314,-71.35682422164314
632.1200177145005,-71.35700765995554,-71.35700765995554
632.1300177145005,-71.35720513466904,-71.35720513466904
632.1400177145005,-71.3574166836109,-71.3574166836109
632.1500177145004,-71.35764234343948,-71.35764234343948
632.1600177145004,-71.35788214966036,-71.35788214966036
632.1700177145004,-71.35813613663124,-71.35813613663124
632.1800177145004,-71.35840433756684,-71.35840433756684
632.1900177145004,-71.35868678456193,-71.35868678456193
632.2000177145004,-71.35898350857455,-71.35898350857455
632.2100177145004,-71.35929453944516,-71.35929453944516
632.2200177145004,-71.35961990592399,-71.35961990592399
632.2300177145004,-71.35995963564119,-71.35995963564119
632.2400177145005,-71.36031375514537,-71.36031375514537
632.2500177145005,-71.36068228991961,-71.36068228991961
632.2600177145005,-71.36106526436097,-71.36106526436097
632.2700177145005,-71.36146270180275,-71.36146270180275
632.2800177145004,-71.36187462453073,-71.36187462453073
632.2900177145004,-71.36230105379664,-71.36230105379664
632.3000177145004,-71.3627420098129,-71.3627420098129
632.3100177145004,-71.3631975117787,-71.3631975117787
632.3200177145004,-71.36366757786541,-71.36366757786541
632.3300177145004,-71.36415222526284,-71.36415222526284
632.3400177145004,-71.36465147015929,-71.36465147015929
632.3500177145004,-71.36516532776636,-71.36516532776636
632.3600177145004,-71.36569381232503,-71.36569381232503
632.3700177145005,-71.36623693712009,-71.36623693712009
632.3800177145005,-71.36679471449858,-71.36679471449858
632.3900177145005,-71.36736715584975,-71.36736715584975
632.4000177383423,-71.36795427305064,-71.36795427305064
632.4100177383423,-71.36855607291774,-71.36855607291774
632.4200177383423,-71.3691725654445,-71.3691725654445
632.4300177383423,-71.36980375840385,-71.36980375840385
632.4400177383422,-71.37044965867021,-71.37044965867021
632.4500177383422,-71.37111027226338,-71.37111027226338
632.4600177383422,-71.37178560433492,-71.37178560433492
632.4700177383423,-71.37247565918116,-71.37247565918116
632.4800177383423,-71.37318044027495,-71.37318044027495
632.4900177383423,-71.37389995024378,-71.37389995024378
632.5000177383423,-71.3746341909189,-71.3746341909189
632.5100177383423,-71.37538316330833,-71.37538316330833
632.5200177383423,-71.37614686763686,-71.37614686763686
632.5300177383423,-71.37692530334564,-71.37692530334564
632.5400177383423,-71.3777184690953,-71.3777184690953
632.5500177383423,-71.37852636278873,-71.37852636278873
632.5600177383423,-71.379348981584,-71.379348981584
632.5700177383422,-71.38018632188785,-71.38018632188785
632.5800177383422,-71.38103837938442,-71.38103837938442
632.5900177383423,-71.38190514902784,-71.38190514902784
632.6000177383423,-71.38278662508243,-71.38278662508243
632.6100177383423,-71.38368280109736,-71.38368280109736
632.6200177383423,-71.38459366993565,-71.38459366993565
632.6300177383423,-71.38551922379406,-71.38551922379406
632.6400177383423,-71.38645945418082,-71.38645945418082
632.6500177383423,-71.38741435197198,-71.38741435197198
632.6600177383423,-71.38838390737352,-71.38838390737352
632.6700177383423,-71.38936810996515,-71.38936810996515
632.6800177383423,-71.39036694869314,-71.39036694869314
632.6900177383422,-71.39138041189045,-71.39138041189045
632.7000177383422,-71.3924084872827,-71.3924084872827
632.7100177383422,-71.39344493822514,-71.39344493822514
632.7200177383423,-71.39448702832394,-71.39448702832394
632.7300177383423,-71.39553341993809,-71.39553341993809
632.7400177383423,-71.39658342254462,-71.39658342254462
632.7500177383423,-71.39763670591195,-71.39763670591195
632.7600177383423,-71.3986931511431,-71.3986931511431
632.7700177383423,-71.39975276330718,-71.39975276330718
632.7800177383423,-71.4008156189573,-71.4008156189573
632.7900177383423,-71.4018818345921,-71.4018818345921
632.8000177383423,-71.40295154766818,-71.40295154766818
632.8100177383423,-71.40402490537956,-71.40402490537956
632.8200177383422,-71.40510205797618,-71.40510205797618
632.8300177383422,-71.40618315501739,-71.40618315501739
632.8400177383423,-71.40726834327816,-71.40726834327816
632.8500177383423,-71.40835776575278,-71.40835776575278
632.8600177383423,-71.40945156120402,-71.40945156120402
632.8700177383423,-71.4105498641504,-71.4105498641504
632.8800177383423,-71.41165280499133,-71.41165280499133
632.8900177383423,-71.41276051027593,-71.41276051027593
632.9000177383423,-71.41387310299191,-71.41387310299191
632.9100177383423,-71.41499070285488,-71.41499070285488
632.9200177383423,-71.41611342660619,-71.41611342660619
632.9300177383423,-71.41724138827753,-71.41724138827753
632.9400177383422,-71.41837469941471,-71.41837469941471
632.9500177383422,-71.41951346930176,-71.41951346930176
632.9600177383422,-71.42065780512156,-71.42065780512156
632.9700177383423,-71.42180781212873,-71.42180781212873
632.9800177383423,-71.42296359378173,-71.42296359378173
632.9900177383423,-71.42412525182661,-71.42412525182661
633.0000177383423,-71.42529288642666,-71.42529288642666
633.0100177383423,-71.42646659621593,-71.42646659621593
633.0200177383423,-71.42764647837157,-71.42764647837157
633.0300177383423,-71.42883262868386,-71.42883262868386
633.0400177383423,-71.43002514156353,-71.43002514156353
633.0500177383423,-71.4312241101003,-71.4312241101003
633.0600177383423,-71.43242582553094,-71.43242582553094
633.0700177383422,-71.43362470479866,-71.43362470479866
633.0800177383422,-71.43481505228846,-71.43481505228846
633.0900177383423,-71.43599172281327,-71.43599172281327
633.1000177383423,-71.43715023302673,-71.43715023302673
633.1100177383423,-71.4382866999964,-71.4382866999964
633.1200177383423,-71.43939775048216,-71.43939775048216
633.1300177383423,-71.44048044020059,-71.44048044020059
633.1400177383423,-71.44153218902001,-71.44153218902001
633.1500177383423,-71.44255072956865,-71.44255072956865
633.1600177383423,-71.4435340660727,-71.4435340660727
633.1700177383423,-71.44448044066075,-71.44448044066075
633.1800177383423,-71.44538830537392,-71.44538830537392
633.1900177383422,-71.44625629857538,-71.44625629857538
633.2000177383422,-71.44708322483662,-71.44708322483662
633.2100177383422,-71.44786803773205,-71.44786803773205
633.2200177383423,-71.44860982491782,-71.44860982491782
633.2300177383423,-71.44930779523342,-71.44930779523342
633.2400177383423,-71.44996126741681,-71.44996126741681
633.2500177621841,-71.45056966168507,-71.45056966168507
633.2600177621841,-71.45113248513996,-71.45113248513996
633.2700177621841,-71.45164933308993,-71.45164933308993
633.2800177621841,-71.45211987611312,-71.45211987611312
633.2900177621841,-71.4525438555259,-71.4525438555259
633.3000177621841,-71.45292107790941,-71.45292107790941
633.3100177621841,-71.45325141018769,-71.45325141018769
633.3200177621842,-71.45353477517995,-71.45353477517995
633.3300177621842,-71.45377114757171,-71.45377114757171
633.3400177621842,-71.4539605501762,-71.4539605501762
633.3500177621842,-71.45410305059876,-71.45410305059876
633.3600177621842,-71.45419875812506,-71.45419875812506
633.3700177621841,-71.45424782083332,-71.45424782083332
633.3800177621841,-71.45425042296085,-71.45425042296085
633.3900177621841,-71.45420678243516,-71.45420678243516
633.4000177621841,-71.45411714857879,-71.45411714857879
633.4100177621841,-71.45398179997578,-71.45398179997578
633.4200177621841,-71.45380104249753,-71.45380104249753
633.4300177621841,-71.45357520739427,-71.45357520739427
633.4400177621842,-71.4533046495615,-71.4533046495615
633.4500177621842,-71.45298974590874,-71.45298974590874
633.4600177621842,-71.45262466530234,-71.45262466530234
633.4700177621842,-71.4522070993095,-71.4522070993095
633.4800177621842,-71.45173615841463,-71.45173615841463
633.4900177621842,-71.45121161856274,-71.45121161856274
633.5000177621841,-71.45063363277595,-71.45063363277595
633.5100177621841,-71.45000258072729,-71.45000258072729
633.5200177621841,-71.44931898008895,-71.44931898008895
633.5300177621841,-71.44858343282945,-71.44858343282945
633.5400177621841,-71.44779659254273,-71.44779659254273
633.5500177621841,-71.44695914449326,-71.44695914449326
633.5600177621841,-71.44607179336884,-71.44607179336884
633.5700177621842,-71.44513525578736,-71.44513525578736
633.5800177621842,-71.44415025566951,-71.44415025566951
633.5900177621842,-71.44311752138421,-71.44311752138421
633.6000177621842,-71.4420377839985,-71.4420377839985
633.6100177621842,-71.44091177617281,-71.44091177617281
633.6200177621841,-71.43974023146309,-71.43974023146309
633.6300177621841,-71.4385238838738,-71.4385238838738
633.6400177621841,-71.43726346749362,-71.43726346749362
633.6500177621841,-71.43595971626634,-71.43595971626634
633.6600177621841,-71.43461336374921,-71.43461336374921
633.6700177621841,-71.43322514294505,-71.43322514294505
633.6800177621841,-71.431795786049,-71.431795786049
633.6900177621842,-71.43032602428765,-71.43032602428765
633.7000177621842,-71.42881658770027,-71.42881658770027
633.7100177621842,-71.4272682049005,-71.4272682049005
633.7200177621842,-71.42568160289312,-71.42568160289312
633.7300177621842,-71.42405750682516,-71.42405750682516
633.7400177621842,-71.42239663978496,-71.42239663978496
633.7500177621841,-71.42069972257242,-71.42069972257242
633.7600177621841,-71.41896747347899,-71.41896747347899
633.7700177621841,-71.41720060807543,-71.41720060807543
633.7800177621841,-71.41539983898792,-71.41539983898792
633.7900177621841,-71.41356587571211,-71.41356587571211
633.8000177621841,-71.41169942439778,-71.41169942439778
633.8100177621841,-71.40980118766237,-71.40980118766237
633.8200177621842,-71.40787186439896,-71.40787186439896
633.8300177621842,-71.40591214961411,-71.40591214961411
633.8400177621842,-71.40392273423141,-71.40392273423141
633.8500177621842,-71.40190430495213,-71.40190430495213
633.8600177621842,-71.39985754408512,-71.39985754408512
633.8700177621841,-71.39778312941856,-71.39778312941856
633.8800177621841,-71.39568173405794,-71.39568173405794
633.8900177621841,-71.39355402631544,-71.39355402631544
633.9000177621841,-71.39140066958421,-71.39140066958421
633.9100177621841,-71.38922232220135,-71.38922232220135
633.9200177621841,-71.38701963738441,-71.38701963738441
633.9300177621841,-71.38479326307304,-71.38479326307304
633.9400177621842,-71.38254384189224,-71.38254384189224
633.9500177621842,-71.3802720110402,-71.3802720110402
633.9600177621842,-71.37797840218701,-71.37797840218701
633.9700177621842,-71.3756636414416,-71.3756636414416
633.9800177621842,-71.37332834926384,-71.37332834926384
633.9900177621842,-71.37097314040847,-71.37097314040847
634.0000177621841,-71.36859862385634,-71.36859862385634
634.0100177621841,-71.36620540277113,-71.36620540277113
634.0200177621841,-71.36379407446687,-71.36379407446687
634.0300177621841,-71.36136523035309,-71.36136523035309
634.0400177621841,-71.35891945590733,-71.35891945590733
634.0500177621841,-71.35645733064032,-71.35645733064032
634.0600177621841,-71.35397942808258,-71.35397942808258
634.0700177621842,-71.35148631572515,-71.35148631572515
634.0800177621842,-71.3489785550537,-71.3489785550537
634.0900177621842,-71.34645670149604,-71.34645670149604
634.100017786026,-71.34392129839037,-71.34392129839037
634.110017786026,-71.34137290110912,-71.34137290110912
634.120017786026,-71.33881204087137,-71.33881204087137
634.130017786026,-71.3362392488765,-71.3362392488765
634.140017786026,-71.3336550502352,-71.3336550502352
634.150017786026,-71.33105996401581,-71.33105996401581
634.160017786026,-71.32845450322829,-71.32845450322829
634.170017786026,-71.32583917484382,-71.32583917484382
634.180017786026,-71.32321447982048,-71.32321447982048
634.190017786026,-71.32058091309716,-71.32058091309716
634.200017786026,-71.31793896362205,-71.31793896362205
634.210017786026,-71.31528911437664,-71.31528911437664
634.220017786026,-71.31263184238594,-71.31263184238594
634.230017786026,-71.30996761876736,-71.30996761876736
634.240017786026,-71.30729690871486,-71.30729690871486
634.250017786026,-71.30462017156533,-71.30462017156533
634.260017786026,-71.30193786082418,-71.30193786082418
634.270017786026,-71.29925042414408,-71.29925042414408
634.280017786026,-71.29655830344309,-71.29655830344309
634.290017786026,-71.29386193485588,-71.29386193485588
634.300017786026,-71.29116174882763,-71.29116174882763
634.310017786026,-71.28845817011755,-71.28845817011755
634.320017786026,-71.28575161783021,-71.28575161783021
634.330017786026,-71.28304250548884,-71.28304250548884
634.340017786026,-71.28033124102326,-71.28033124102326
634.350017786026,-71.27761822686631,-71.27761822686631
634.360017786026,-71.27490385994271,-71.27490385994271
634.370017786026,-71.27218853173832,-71.27218853173832
634.380017786026,-71.26947262833936,-71.26947262833936
634.390017786026,-71.26675653046142,-71.26675653046142
634.400017786026,-71.26404061351141,-71.26404061351141
634.410017786026,-71.261325247611,-71.261325247611
634.420017786026,-71.25861079765014,-71.25861079765014
634.430017786026,-71.25589762334151,-71.25589762334151
634.440017786026,-71.25318607923755,-71.25318607923755
634.450017786026,-71.25047651480459,-71.25047651480459
634.460017786026,-71.24776927445544,-71.24776927445544
634.470017786026,-71.24506469758882,-71.24506469758882
634.480017786026,-71.2423631186361,-71.2423631186361
634.490017786026,-71.2396648671354,-71.2396648671354
634.500017786026,-71.23697026773479,-71.23697026773479
634.510017786026,-71.23427964025785,-71.23427964025785
634.520017786026,-71.2315932997517,-71.2315932997517
634.530017786026,-71.22891155655171,-71.22891155655171
634.540017786026,-71.22623471628334,-71.22623471628334
634.550017786026,-71.22356307994244,-71.22356307994244
634.560017786026,-71.22089694394396,-71.22089694394396
634.570017786026,-71.21823660014056,-71.21823660014056
634.580017786026,-71.21558233589354,-71.21558233589354
634.590017786026,-71.2129344341214,-71.2129344341214
634.600017786026,-71.21029317331792,-71.21029317331792
634.610017786026,-71.20765882763455,-71.20765882763455
634.620017786026,-71.20503166689444,-71.20503166689444
634.630017786026,-71.20241195666357,-71.20241195666357
634.640017786026,-71.19979995827957,-71.19979995827957
634.650017786026,-71.1971959289099,-71.1971959289099
634.660017786026,-71.19460012158369,-71.19460012158369
634.670017786026,-71.19201278524885,-71.19201278524885
634.680017786026,-71.18943416481157,-71.18943416481157
634.690017786026,-71.18686450118464,-71.18686450118464
634.700017786026,-71.18430403132353,-71.18430403132353
634.710017786026,-71.18175298828005,-71.18175298828005
634.720017786026,-71.17921160124182,-71.17921160124182
634.730017786026,-71.17668009557998,-71.17668009557998
634.740017786026,-71.1741586928999,-71.1741586928999
634.750017786026,-71.17164761104775,-71.17164761104775
634.760017786026,-71.16914706420724,-71.16914706420724
634.770017786026,-71.16665726289713,-71.16665726289713
634.780017786026,-71.16417841404693,-71.16417841404693
634.790017786026,-71.16171072100595,-71.16171072100595
634.800017786026,-71.15925438363243,-71.15925438363243
634.810017786026,-71.15680959828188,-71.15680959828188
634.820017786026,-71.15437655787285,-71.15437655787285
634.830017786026,-71.15195545193053,-71.15195545193053
634.840017786026,-71.14954646664098,-71.14954646664098
634.850017786026,-71.1471497848479,-71.1471497848479
634.860017786026,-71.14476558613865,-71.14476558613865
634.870017786026,-71.14239404685372,-71.14239404685372
634.880017786026,-71.14003534013239,-71.14003534013239
634.890017786026,-71.13768963597516,-71.13768963597516
634.900017786026,-71.13535710124471,-71.13535710124471
634.910017786026,-71.13303789972879,-71.13303789972879
634.920017786026,-71.13073219215482,-71.13073219215482
634.930017786026,-71.12844013627225,-71.12844013627225
634.940017786026,-71.12616188684761,-71.12616188684761
634.9500178098679,-71.12389759031728,-71.12389759031728
634.9600178098678,-71.1216474064423,-71.1216474064423
634.9700178098678,-71.11941147586806,-71.11941147586806
634.9800178098678,-71.11718994184315,-71.11718994184315
634.9900178098678,-71.11498294482348,-71.11498294482348
635.0000178098678,-71.11279062252807,-71.11279062252807
635.0100178098678,-71.11061310994982,-71.11061310994982
635.0200178098679,-71.10845053937857,-71.10845053937857
635.0300178098679,-71.10630304048333,-71.10630304048333
635.0400178098679,-71.10417074028709,-71.10417074028709
635.0500178098679,-71.10205376324171,-71.10205376324171
635.0600178098679,-71.09995223124878,-71.09995223124878
635.0700178098679,-71.09786626368518,-71.09786626368518
635.0800178098679,-71.09579597745274,-71.09579597745274
635.0900178098678,-71.09374148698039,-71.09374148698039
635.1000178098678,-71.09170290429009,-71.09170290429009
635.1100178098678,-71.08968033900244,-71.08968033900244
635.1200178098678,-71.08767389837229,-71.08767389837229
635.1300178098678,-71.08568368733991,-71.08568368733991
635.1400178098679,-71.08370980853388,-71.08370980853388
635.1500178098679,-71.08175236231386,-71.08175236231386
635.1600178098679,-71.07981144679835,-71.07981144679835
635.1700178098679,-71.07788715789368,-71.07788715789368
635.1800178098679,-71.07597958932719,-71.07597958932719
635.1900178098679,-71.0740888326694,-71.0740888326694
635.2000178098679,-71.07221497735746,-71.07221497735746
635.2100178098678,-71.07035811074257,-71.07035811074257
635.2200178098678,-71.06851831810195,-71.06851831810195
635.2300178098678,-71.06669568265754,-71.06669568265754
635.2400178098678,-71.06489028563232,-71.06489028563232
635.2500178098678,-71.06310220624829,-71.06310220624829
635.2600178098678,-71.06133152176815,-71.06133152176815
635.2700178098679,-71.05957830751886,-71.05957830751886
635.2800178098679,-71.05784263691254,-71.05784263691254
635.2900178098679,-71.05612458147554,-71.05612458147554
635.3000178098679,-71.05442421087703,-71.05442421087703
635.3100178098679,-71.05274159294052,-71.05274159294052
635.3200178098679,-71.05107679369338,-71.05107679369338
635.3300178098679,-71.04942987736251,-71.04942987736251
635.3400178098678,-71.04780090641628,-71.04780090641628
635.3500178098678,-71.04618994158838,-71.04618994158838
635.3600178098678,-71.04459704188518,-71.04459704188518
635.3700178098678,-71.04302226463152,-71.04302226463152
635.3800178098678,-71.04146566547611,-71.04146566547611
635.3900178098679,-71.03992729842206,-71.03992729842206
635.4000178098679,-71.03840721585333,-71.03840721585333
635.4100178098679,-71.03690546853377,-71.03690546853377
635.4200178098679,-71.03542210566873,-71.03542210566873
635.4300178098679,-71.03395717488307,-71.03395717488307
635.4400178098679,-71.03251072228117,-71.03251072228117
635.4500178098679,-71.03108279244353,-71.03108279244353
635.4600178098678,-71.02967342843937,-71.02967342843937
635.4700178098678,-71.02828267188475,-71.02828267188475
635.4800178098678,-71.02691056293143,-71.02691056293143
635.4900178098678,-71.02555714029498,-71.02555714029498
635.5000178098678,-71.02422244126986,-71.02422244126986
635.5100178098678,-71.02290650176403,-71.02290650176403
635.5200178098679,-71.02160935630826,-71.02160935630826
635.5300178098679,-71.02033103806423,-71.02033103806423
635.5400178098679,-71.019071578863,-71.019071578863
635.5500178098679,-71.01783100921458,-71.01783100921458
635.5600178098679,-71.01660935832474,-71.01660935832474
635.5700178098679,-71.01540665411756,-71.01540665411756
635.5800178098679,-71.0142229232519,-71.0142229232519
635.5900178098678,-71.0130581911372,-71.0130581911372
635.6000178098678,-71.01191248195046,-71.01191248195046
635.6100178098678,-71.0107858186624,-71.0107858186624
635.6200178098678,-71.00967822302985,-71.00967822302985
635.6300178098678,-71.00858971565258,-71.00858971565258
635.6400178098679,-71.00752031594621,-71.00752031594621
635.6500178098679,-71.00647004220835,-71.00647004220835
635.6600178098679,-71.00543891157874,-71.00543891157874
635.6700178098679,-71.00442694009047,-71.00442694009047
635.6800178098679,-71.00343414268637,-71.00343414268637
635.6900178098679,-71.00246053321693,-71.00246053321693
635.7000178098679,-71.00150612447555,-71.00150612447555
635.7100178098678,-71.00057092819503,-71.00057092819503
635.7200178098678,-70.99965495507321,-70.99965495507321
635.7300178098678,-70.99875821479341,-70.99875821479341
635.7400178098678,-70.99788071602099,-70.99788071602099
635.7500178098678,-70.9970224664318,-70.9970224664318
635.7600178098678,-70.99618347272813,-70.99618347272813
635.7700178098679,-70.9953637406389,-70.9953637406389
635.7800178098679,-70.99456327495584,-70.99456327495584
635.7900178098679,-70.99378207952199,-70.99378207952199
635.8000178337097,-70.993020155455,-70.993020155455
635.8100178337097,-70.9922775084411,-70.9922775084411
635.8200178337097,-70.99155413773721,-70.99155413773721
635.8300178337097,-70.99085004358327,-70.99085004358327
635.8400178337097,-70.99016522534171,-70.99016522534171
635.8500178337097,-70.98949968152517,-70.98949968152517
635.8600178337097,-70.9888534097914,-70.9888534097914
635.8700178337098,-70.98822640698374,-70.98822640698374
635.8800178337098,-70.98761866911434,-70.98761866911434
635.8900178337097,-70.9870301913847,-70.9870301913847
635.9000178337097,-70.98637292506423,-70.98637292506423
635.9100178337097,-70.98561230406638,-70.98561230406638
635.9200178337097,-70.98473378812336,-70.98473378812336
635.9300178337097,-70.98373142758005,-70.98373142758005
635.9400178337097,-70.98260377317519,-70.98260377317519
635.9500178337097,-70.98135193922282,-70.98135193922282
635.9600178337097,-70.97997851395516,-70.97997851395516
635.9700178337097,-70.97848690290985,-70.97848690290985
635.9800178337097,-70.97688092577869,-70.97688092577869
635.9900178337098,-70.97516456934456,-70.97516456934456
636.0000178337098,-70.97334183841323,-70.97334183841323
636.0100178337098,-70.97141666822537,-70.97141666822537
636.0200178337097,-70.96939287554521,-70.96939287554521
636.0300178337097,-70.96727413374936,-70.96727413374936
636.0400178337097,-70.96506396266567,-70.96506396266567
636.0500178337097,-70.9627657272819,-70.9627657272819
636.0600178337097,-70.96038264162591,-70.96038264162591
636.0700178337097,-70.95791777544109,-70.95791777544109
636.0800178337097,-70.95537406224548,-70.95537406224548
636.0900178337097,-70.95275430789023,-70.95275430789023
636.1000178337097,-70.95006119909418,-70.95006119909418
636.1100178337097,-70.94729731162616,-70.94729731162616
636.1200178337098,-70.94446511803744,-70.94446511803744
636.1300178337098,-70.941566994844,-70.941566994844
636.1400178337097,-70.93860522911659,-70.93860522911659
636.1500178337097,-70.93558202453094,-70.93558202453094
636.1600178337097,-70.93249950690164,-70.93249950690164
636.1700178337097,-70.92935972922157,-70.92935972922157
636.1800178337097,-70.92616467624715,-70.92616467624715
636.1900178337097,-70.92291626870431,-70.92291626870431
636.2000178337097,-70.91961636708207,-70.91961636708207
636.2100178337097,-70.91626677512798,-70.91626677512798
636.2200178337097,-70.91286924304467,-70.91286924304467
636.2300178337097,-70.9094254703839,-70.9094254703839
636.2400178337098,-70.90593710873036,-70.90593710873036
636.2500178337098,-70.90240576415249,-70.90240576415249
636.2600178337098,-70.89883299943912,-70.89883299943912
636.2700178337097,-70.89522033618724,-70.89522033618724
636.2800178337097,-70.89156925670677,-70.89156925670677
636.2900178337097,-70.88788120577465,-70.88788120577465
636.3000178337097,-70.88415759227269,-70.88415759227269
636.3100178337097,-70.88039979069694,-70.88039979069694
636.3200178337097,-70.87660914254697,-70.87660914254697
636.3300178337097,-70.87278695763528,-70.87278695763528
636.3400178337097,-70.86893451530023,-70.86893451530023
636.3500178337097,-70.86505306550208,-70.86505306550208
636.3600178337097,-70.86114382990556,-70.86114382990556
636.3700178337098,-70.85720800283869,-70.85720800283869
636.3800178337098,-70.853246752242,-70.853246752242
636.3900178337097,-70.84926122048448,-70.84926122048448
636.4000178337097,-70.84525252521173,-70.84525252521173
636.4100178337097,-70.84122176008997,-70.84122176008997
636.4200178337097,-70.8371699955211,-70.8371699955211
636.4300178337097,-70.83309827931056,-70.83309827931056
636.4400178337097,-70.82900763733899,-70.82900763733899
636.4500178337097,-70.8248990741287,-70.8248990741287
636.4600178337097,-70.82077357344106,-70.82077357344106
636.4700178337097,-70.8166320988072,-70.8166320988072
636.4800178337097,-70.81247559404748,-70.81247559404748
636.4900178337098,-70.80830498377532,-70.80830498377532
636.5000178337098,-70.8041211738645,-70.8041211738645
636.5100178337098,-70.79992505188414,-70.79992505188414
636.5200178337097,-70.79571748754265,-70.79571748754265
636.5300178337097,-70.79149933309256,-70.79149933309256
636.5400178337097,-70.78727142372217,-70.78727142372217
636.5500178337097,-70.78303457794897,-70.78303457794897
636.5600178337097,-70.77878959796934,-70.77878959796934
636.5700178337097,-70.77453727001804,-70.77453727001804
636.5800178337097,-70.77027836469848,-70.77027836469848
636.5900178337097,-70.76601363732415,-70.76601363732415
636.6000178337097,-70.76174382820787,-70.76174382820787
636.6100178337097,-70.75746966299447,-70.75746966299447
636.6200178337098,-70.75319185294303,-70.75319185294303
636.6300178337098,-70.74891109521559,-70.74891109521559
636.6400178337097,-70.74462807315423,-70.74462807315423
636.6500178575516,-70.7403434463388,-70.7403434463388
636.6600178575516,-70.73605789162097,-70.73605789162097
636.6700178575516,-70.73177204236173,-70.73177204236173
636.6800178575515,-70.72748652920346,-70.72748652920346
636.6900178575515,-70.72320197027882,-70.72320197027882
636.7000178575515,-70.71891897140767,-70.71891897140767
636.7100178575515,-70.71463812632382,-70.71463812632382
636.7200178575516,-70.71036001690392,-70.71036001690392
636.7300178575516,-70.70608521338958,-70.70608521338958
636.7400178575516,-70.70181427459235,-70.70181427459235
636.7500178575516,-70.6975477480916,-70.6975477480916
636.7600178575516,-70.69328617047123,-70.69328617047123
636.7700178575516,-70.68903006748162,-70.68903006748162
636.7800178575516,-70.68477995425398,-70.68477995425398
636.7900178575516,-70.68053633549349,-70.68053633549349
636.8000178575516,-70.67629970563789,-70.67629970563789
636.8100178575515,-70.67207054907699,-70.67207054907699
636.8200178575515,-70.66784934031556,-70.66784934031556
636.8300178575515,-70.66363654413509,-70.66363654413509
636.8400178575516,-70.65943261578276,-70.65943261578276
636.8500178575516,-70.65523800113489,-70.65523800113489
636.8600178575516,-70.65105313686352,-70.65105313686352
636.8700178575516,-70.64687845058737,-70.64687845058737
636.8800178575516,-70.64271436103836,-70.64271436103836
636.8900178575516,-70.6385612782235,-70.6385612782235
636.9000178575516,-70.63441960357042,-70.63441960357042
636.9100178575516,-70.63028973007653,-70.63028973007653
636.9200178575516,-70.62617204245355,-70.62617204245355
636.9300178575515,-70.6220669172769,-70.6220669172769
636.9400178575515,-70.61797472312624,-70.61797472312624
636.9500178575515,-70.61389582072277,-70.61389582072277
636.9600178575515,-70.60983056307155,-70.60983056307155
636.9700178575516,-70.60577929557614,-70.60577929557614
636.9800178575516,-70.60174235620762,-70.60174235620762
636.9900178575516,-70.59772007559798,-70.59772007559798
637.0000178575516,-70.59371277717905,-70.59371277717905
637.0100178575516,-70.58972077731181,-70.58972077731181
637.0200178575516,-70.58574438541088,-70.58574438541088
637.0300178575516,-70.5817839040508,-70.5817839040508
637.0400178575516,-70.57783962909801,-70.57783962909801
637.0500178575516,-70.5739118498228,-70.5739118498228
637.0600178575515,-70.57000084901357,-70.57000084901357
637.0700178575515,-70.56610690309121,-70.56610690309121
637.0800178575515,-70.56223028221173,-70.56223028221173
637.0900178575516,-70.55837125038184,-70.55837125038184
637.1000178575516,-70.55453006557138,-70.55453006557138
637.1100178575516,-70.55070697979924,-70.55070697979924
637.1200178575516,-70.5469022392558,-70.5469022392558
637.1300178575516,-70.54311608438705,-70.54311608438705
637.1400178575516,-70.53934875000624,-70.53934875000624
637.1500178575516,-70.53560046539945,-70.53560046539945
637.1600178575516,-70.531871454397,-70.531871454397
637.1700178575516,-70.52816193547774,-70.52816193547774
637.1800178575515,-70.52447212186867,-70.52447212186867
637.1900178575515,-70.52080222165219,-70.52080222165219
637.2000178575515,-70.5171524377992,-70.5171524377992
637.2100178575515,-70.51352296832398,-70.51352296832398
637.2200178575516,-70.50991400632363,-70.50991400632363
637.2300178575516,-70.50632574009748,-70.50632574009748
637.2400178575516,-70.50275835319137,-70.50275835319137
637.2500178575516,-70.49921202451401,-70.49921202451401
637.2600178575516,-70.49568692840765,-70.49568692840765
637.2700178575516,-70.49218323472243,-70.49218323472243
637.2800178575516,-70.48870110889384,-70.48870110889384
637.2900178575516,-70.48524071202877,-70.48524071202877
637.3000178575516,-70.48180220097407,-70.48180220097407
637.3100178575515,-70.47838572839316,-70.47838572839316
637.3200178575515,-70.47499144282973,-70.47499144282973
637.3300178575515,-70.47161948879706,-70.47161948879706
637.3400178575516,-70.46827000683508,-70.46827000683508
637.3500178575516,-70.46494313359258,-70.46494313359258
637.3600178575516,-70.46163900186811,-70.46163900186811
637.3700178575516,-70.45835774069776,-70.45835774069776
637.3800178575516,-70.45509947543496,-70.45509947543496
637.3900178575516,-70.45186432777757,-70.45186432777757
637.4000178575516,-70.44865241586852,-70.44865241586852
637.4100178575516,-70.44546385433456,-70.44546385433456
637.4200178575516,-70.4422987543527,-70.4422987543527
637.4300178575515,-70.43915722371214,-70.43915722371214
637.4400178575515,-70.4360393668725,-70.4360393668725
637.4500178575515,-70.43294528503466,-70.43294528503466
637.4600178575515,-70.42986895120404,-70.42986895120404
637.4700178575516,-70.42680779136377,-70.42680779136377
637.4800178575516,-70.42376060824367,-70.42376060824367
637.4900178575516,-70.42072683933256,-70.42072683933256
637.5000178813934,-70.4177062668524,-70.4177062668524
637.5100178813934,-70.41469889973206,-70.41469889973206
637.5200178813934,-70.41170484438722,-70.41170484438722
637.5300178813934,-70.40872428180053,-70.40872428180053
637.5400178813934,-70.4057574292971,-70.4057574292971
637.5500178813934,-70.40280452192454,-70.40280452192454
637.5600178813934,-70.39986580140395,-70.39986580140395
637.5700178813935,-70.39694150966113,-70.39694150966113
637.5800178813935,-70.39403188517628,-70.39403188517628
637.5900178813935,-70.3911371610175,-70.3911371610175
637.6000178813935,-70.38825756390492,-70.38825756390492
637.6100178813934,-70.38539331385233,-70.38539331385233
637.6200178813934,-70.38254462422962,-70.38254462422962
637.6300178813934,-70.37971170194645,-70.37971170194645
637.6400178813934,-70.3768947477813,-70.3768947477813
637.6500178813934,-70.3740939567087,-70.3740939567087
637.6600178813934,-70.37130951828831,-70.37130951828831
637.6700178813934,-70.36854161697258,-70.36854161697258
637.6800178813934,-70.36579043242487,-70.36579043242487
637.6900178813935,-70.3630561398245,-70.3630561398245
637.7000178813935,-70.36033891009733,-70.36033891009733
637.7100178813935,-70.35763891015108,-70.35763891015108
637.7200178813935,-70.35495630307149,-70.35495630307149
637.7300178813935,-70.35229124829434,-70.35229124829434
637.7400178813934,-70.34964390176323,-70.34964390176323
637.7500178813934,-70.3470144160684,-70.3470144160684
637.7600178813934,-70.34440294052996,-70.34440294052996
637.7700178813934,-70.34180962135314,-70.34180962135314
637.7800178813934,-70.33923460166335,-70.33923460166335
637.7900178813934,-70.3366780216191,-70.3366780216191
637.8000178813934,-70.33414001847312,-70.33414001847312
637.8100178813934,-70.33162072663198,-70.33162072663198
637.8200178813935,-70.32912027770077,-70.32912027770077
637.8300178813935,-70.32663880056823,-70.32663880056823
637.8400178813935,-70.32417642139565,-70.32417642139565
637.8500178813935,-70.32173326371,-70.32173326371
637.8600178813934,-70.31930944841368,-70.31930944841368
637.8700178813934,-70.31690509382051,-70.31690509382051
637.8800178813934,-70.31452031569316,-70.31452031569316
637.8900178813934,-70.31215522726731,-70.31215522726731
637.9000178813934,-70.30980993929266,-70.30980993929266
637.9100178813934,-70.30748456004505,-70.30748456004505
637.9200178813934,-70.30517919535502,-70.30517919535502
637.9300178813934,-70.30289394863529,-70.30289394863529
637.9400178813935,-70.30062892091044,-70.30062892091044
637.9500178813935,-70.29838421082346,-70.29838421082346
637.9600178813935,-70.29615380149632,-70.29615380149632
637.9700178813935,-70.29393512292714,-70.29393512292714
637.9800178813935,-70.29172697977015,-70.29172697977015
637.9900178813934,-70.28952881080646,-70.28952881080646
638.0000178813934,-70.28734040667159,-70.28734040667159
638.0100178813934,-70.28516176336616,-70.28516176336616
638.0200178813934,-70.28299299635613,-70.28299299635613
638.0300178813934,-70.28083428899194,-70.28083428899194
638.0400178813934,-70.27868586151322,-70.27868586151322
638.0500178813934,-70.2765479524355,-70.2765479524355
638.0600178813934,-70.27442080753039,-70.27442080753039
638.0700178813935,-70.27230467332963,-70.27230467332963
638.0800178813935,-70.27019979347058,-70.27019979347058
638.0900178813935,-70.26810640671349,-70.26810640671349
638.1000178813935,-70.26602474595214,-70.26602474595214
638.1100178813934,-70.26395503787943,-70.26395503787943
638.1200178813934,-70.26189750299312,-70.26189750299312
638.1300178813934,-70.25985235576857,-70.25985235576857
638.1400178813934,-70.25781980495005,-70.25781980495005
638.1500178813934,-70.25580005389766,-70.25580005389766
638.1600178813934,-70.25379330088467,-70.25379330088467
638.1700178813934,-70.25179973945615,-70.25179973945615
638.1800178813934,-70.249819558697,-70.249819558697
638.1900178813935,-70.24785294348612,-70.24785294348612
638.2000178813935,-70.24590007478403,-70.24590007478403
638.2100178813935,-70.24396112977358,-70.24396112977358
638.2200178813935,-70.24203628208463,-70.24203628208463
638.2300178813935,-70.24012570194652,-70.24012570194652
638.2400178813934,-70.23822955632816,-70.23822955632816
638.2500178813934,-70.23634800902369,-70.23634800902369
638.2600178813934,-70.23448122079645,-70.23448122079645
638.2700178813934,-70.23262934944945,-70.23262934944945
638.2800178813934,-70.23079254989574,-70.23079254989574
638.2900178813934,-70.22897097423403,-70.22897097423403
638.3000178813934,-70.22716477180502,-70.22716477180502
638.3100178813934,-70.2253740892503,-70.2253740892503
638.3200178813935,-70.22359907052738,-70.22359907052738
638.3300178813935,-70.22183985699616,-70.22183985699616
638.3400178813935,-70.22009658740663,-70.22009658740663
638.3500179052353,-70.21836939384762,-70.21836939384762
638.3600179052353,-70.21665841825619,-70.21665841825619
638.3700179052353,-70.2149637876269,-70.2149637876269
638.3800179052353,-70.21328563065278,-70.21328563065278
638.3900179052353,-70.21162407356414,-70.21162407356414
638.4000179052352,-70.20997924014033,-70.20997924014033
638.4100179052352,-70.20835125175248,-70.20835125175248
638.4200179052353,-70.20674022737836,-70.20674022737836
638.4300179052353,-70.205146283626,-70.205146283626
638.4400179052353,-70.20356953469826,-70.20356953469826
638.4500179052353,-70.20201009248632,-70.20201009248632
638.4600179052353,-70.20046806654682,-70.20046806654682
638.4700179052353,-70.19894356413435,-70.19894356413435
638.4800179052353,-70.19743669019118,-70.19743669019118
638.4900179052353,-70.19594754739093,-70.19594754739093
638.5000179052353,-70.19447623614958,-70.19447623614958
638.5100179052353,-70.1930228546346,-70.1930228546346
638.5200179052352,-70.19158749878953,-70.19158749878953
638.5300179052352,-70.19017026235532,-70.19017026235532
638.5400179052353,-70.18877123687584,-70.18877123687584
638.5500179052353,-70.18739051173722,-70.18739051173722
638.5600179052353,-70.1860281741438,-70.1860281741438
638.5700179052353,-70.1846843091896,-70.1846843091896
638.5800179052353,-70.18335899982658,-70.18335899982658
638.5900179052353,-70.18205232693033,-70.18205232693033
638.6000179052353,-70.18076436927538,-70.18076436927538
638.6100179052353,-70.17949520359531,-70.17949520359531
638.6200179052353,-70.17824490456353,-70.17824490456353
638.6300179052353,-70.17701354484082,-70.17701354484082
638.6400179052353,-70.1758011950766,-70.1758011950766
638.6500179052352,-70.17460792393506,-70.17460792393506
638.6600179052352,-70.17343379812837,-70.17343379812837
638.6700179052353,-70.17227888241499,-70.17227888241499
638.6800179052353,-70.17114323963132,-70.17114323963132
638.6900179052353,-70.17002693070822,-70.17002693070822
638.7000179052353,-70.16893001469012,-70.16893001469012
638.7100179052353,-70.16784644592413,-70.16784644592413
638.7200179052353,-70.16677361916669,-70.16677361916669
638.7300179052353,-70.16571030165086,-70.16571030165086
638.7400179052353,-70.1646558940518,-70.1646558940518
638.7500179052353,-70.16361014874622,-70.16361014874622
638.7600179052353,-70.16257302359747,-70.16257302359747
638.7700179052352,-70.16154459624352,-70.16154459624352
638.7800179052352,-70.16052501260124,-70.16052501260124
638.7900179052353,-70.15951445590888,-70.15951445590888
638.8000179052353,-70.15851312822183,-70.15851312822183
638.8100179052353,-70.15752123931497,-70.15752123931497
638.8200179052353,-70.15653900027718,-70.15653900027718
638.8300179052353,-70.15556661981915,-70.15556661981915
638.8400179052353,-70.1546043023065,-70.1546043023065
638.8500179052353,-70.15365224676654,-70.15365224676654
638.8600179052353,-70.15271064655597,-70.15271064655597
638.8700179052353,-70.15177968935488,-70.15177968935488
638.8800179052353,-70.15085955734496,-70.15085955734496
638.8900179052353,-70.14995042750492,-70.14995042750492
638.9000179052352,-70.14905247191648,-70.14905247191648
638.9100179052352,-70.14816585811312,-70.14816585811312
638.9200179052353,-70.14729074938035,-70.14729074938035
638.9300179052353,-70.14642730505959,-70.14642730505959
638.9400179052353,-70.14557568080086,-70.14557568080086
638.9500179052353,-70.14473602877983,-70.14473602877983
638.9600179052353,-70.14390239701831,-70.14390239701831
638.9700179052353,-70.14307227138534,-70.14307227138534
638.9800179052353,-70.14224450867215,-70.14224450867215
638.9900179052353,-70.14141859795325,-70.14141859795325
639.0000179052353,-70.14059437902783,-70.14059437902783
639.0100179052353,-70.13977189638558,-70.13977189638558
639.0200179052352,-70.13895131351019,-70.13895131351019
639.0300179052352,-70.13813286149848,-70.13813286149848
639.0400179052353,-70.13731680815106,-70.13731680815106
639.0500179052353,-70.13650343947549,-70.13650343947549
639.0600179052353,-70.13569304865382,-70.13569304865382
639.0700179052353,-70.13488592962379,-70.13488592962379
639.0800179052353,-70.13408237343052,-70.13408237343052
639.0900179052353,-70.13328266622257,-70.13328266622257
639.1000179052353,-70.13248708831995,-70.13248708831995
639.1100179052353,-70.13169591384614,-70.13169591384614
639.1200179052353,-70.1309094107311,-70.1309094107311
639.1300179052353,-70.13012784088512,-70.13012784088512
639.1400179052353,-70.12935146048582,-70.12935146048582
639.1500179052352,-70.12858052029095,-70.12858052029095
639.1600179052352,-70.12781526597719,-70.12781526597719
639.1700179052353,-70.12705593842244,-70.12705593842244
639.1800179052353,-70.12630277402253,-70.12630277402253
639.1900179052353,-70.12555600489537,-70.12555600489537
639.2000179290771,-70.1248158573856,-70.1248158573856
639.2100179290771,-70.1240825593138,-70.1240825593138
639.2200179290771,-70.12335632951729,-70.12335632951729
639.2300179290771,-70.12263738510407,-70.12263738510407
639.2400179290771,-70.12192593979591,-70.12192593979591
639.2500179290771,-70.12122220403249,-70.12122220403249
639.2600179290771,-70.12052638505882,-70.12052638505882
639.2700179290772,-70.11983868702761,-70.11983868702761
639.2800179290772,-70.11915931103538,-70.11915931103538
639.2900179290772,-70.11848845519108,-70.11848845519108
639.3000179290772,-70.11782631467955,-70.11782631467955
639.3100179290772,-70.11717308177585,-70.11717308177585
639.3200179290772,-70.11652894590095,-70.11652894590095
639.3300179290771,-70.1158940936521,-70.1158940936521
639.3400179290771,-70.11526870881433,-70.11526870881433
639.3500179290771,-70.11465297240424,-70.11465297240424
639.3600179290771,-70.11404706266953,-70.11404706266953
639.3700179290771,-70.11345115512665,-70.11345115512665
639.3800179290771,-70.11286542257842,-70.11286542257842
639.3900179290772,-70.11229003512037,-70.11229003512037
639.4000179290772,-70.11172516015515,-70.11172516015515
639.4100179290772,-70.11117096241865,-70.11117096241865
639.4200179290772,-70.11062760397951,-70.11062760397951
639.4300179290772,-70.11009524426174,-70.11009524426174
639.4400179290772,-70.10957404005978,-70.10957404005978
639.4500179290771,-70.10906414554384,-70.10906414554384
639.4600179290771,-70.10856571228484,-70.10856571228484
639.4700179290771,-70.10807888925562,-70.10807888925562
639.4800179290771,-70.10760382284815,-70.10760382284815
639.4900179290771,-70.10714065690489,-70.10714065690489
639.5000179290771,-70.10668953270539,-70.10668953270539
639.5100179290771,-70.10625058899836,-70.10625058899836
639.5200179290772,-70.10582396202072,-70.10582396202072
639.5300179290772,-70.10540978549686,-70.10540978549686
639.5400179290772,-70.10500819066164,-70.10500819066164
639.5500179290772,-70.10461930628779,-70.10461930628779
639.5600179290772,-70.1042432586845,-70.1042432586845
639.5700179290772,-70.10388017173601,-70.10388017173601
639.5800179290771,-70.10353016689437,-70.10353016689437
639.5900179290771,-70.10319336322029,-70.10319336322029
639.6000179290771,-70.1028698773854,-70.1028698773854
639.6100179290771,-70.10255982369901,-70.10255982369901
639.6200179290771,-70.10226331412173,-70.10226331412173
639.6300179290771,-70.10198045830253,-70.10198045830253
639.6400179290772,-70.10171136356098,-70.10171136356098
639.6500179290772,-70.10145613496272,-70.10145613496272
639.6600179290772,-70.10121487528065,-70.10121487528065
639.6700179290772,-70.10098768504506,-70.10098768504506
639.6800179290772,-70.10077466257458,-70.10077466257458
639.6900179290772,-70.10057590398947,-70.10057590398947
639.7000179290771,-70.10039150320152,-70.10039150320152
639.7100179290771,-70.10022155198891,-70.10022155198891
639.7200179290771,-70.10006613997534,-70.10006613997534
639.7300179290771,-70.09992535467723,-70.09992535467723
639.7400179290771,-70.09979928151702,-70.09979928151702
639.7500179290771,-70.09968800382661,-70.09968800382661
639.7600179290771,-70.09959160290917,-70.09959160290917
639.7700179290772,-70.09951015802514,-70.09951015802514
639.7800179290772,-70.0994437464392,-70.0994437464392
639.7900179290772,-70.09939244342164,-70.09939244342164
639.8000179290772,-70.09935632228685,-70.09935632228685
639.8100179290772,-70.0993354544057,-70.0993354544057
639.8200179290772,-70.09932990923731,-70.09932990923731
639.8300179290771,-70.09933975434681,-70.09933975434681
639.8400179290771,-70.09936505542667,-70.09936505542667
639.8500179290771,-70.09940587632103,-70.09940587632103
639.8600179290771,-70.09946227904452,-70.09946227904452
639.8700179290771,-70.0995343238061,-70.0995343238061
639.8800179290771,-70.09962206902877,-70.09962206902877
639.8900179290772,-70.0997255713899,-70.0997255713899
639.9000179290772,-70.09984488582519,-70.09984488582519
639.9100179290772,-70.09998006555298,-70.09998006555298
639.9200179290772,-70.10013116208246,-70.10013116208246
639.9300179290772,-70.10029822527038,-70.10029822527038
639.9400179290772,-70.10048130332828,-70.10048130332828
639.9500179290771,-70.10068044281918,-70.10068044281918
639.9600179290771,-70.10088958993887,-70.10088958993887
639.9700179290771,-70.10110612742889,-70.10110612742889
639.9800179290771,-70.10132880949512,-70.10132880949512
639.9900179290771,-70.10155702365864,-70.10155702365864
640.0000179290771,-70.10179050930451,-70.10179050930451
640.0100179290771,-70.10202921155756,-70.10202921155756
640.0200179290772,-70.1022731955953,-70.1022731955953
640.0300179290772,-70.10252259521621,-70.10252259521621
640.0400179290772,-70.1027775818541,-70.1027775818541
640.050017952919,-70.10303834669577,-70.10303834669577
640.060017952919,-70.10330508715815,-70.10330508715815
640.070017952919,-70.1035780041136,-70.1035780041136
640.080017952919,-70.10385729578938,-70.10385729578938
640.090017952919,-70.10414315637826,-70.10414315637826
640.100017952919,-70.10443577506632,-70.10443577506632
640.110017952919,-70.1047353356837,-70.1047353356837
640.120017952919,-70.10504201666794,-70.10504201666794
640.130017952919,-70.10535599130245,-70.10535599130245
640.140017952919,-70.10567742792912,-70.10567742792912
640.150017952919,-70.10596336912049,-70.10596336912049
640.160017952919,-70.106195753918,-70.106195753918
640.170017952919,-70.10636604383326,-70.10636604383326
640.180017952919,-70.1064697964413,-70.1064697964413
640.190017952919,-70.10650464672767,-70.10650464672767
640.200017952919,-70.10646937583746,-70.10646937583746
640.210017952919,-70.1063573270295,-70.1063573270295
640.220017952919,-70.10616567605105,-70.10616567605105
640.230017952919,-70.10589321517632,-70.10589321517632
640.2400179529191,-70.10553952911899,-70.10553952911899
640.250017952919,-70.10510466429766,-70.10510466429766
640.260017952919,-70.10458895417085,-70.10458895417085
640.270017952919,-70.10399291678267,-70.10399291678267
640.280017952919,-70.1033171930903,-70.1033171930903
640.290017952919,-70.10256250942814,-70.10256250942814
640.300017952919,-70.10172965433976,-70.10172965433976
640.310017952919,-70.10081946404561,-70.10081946404561
640.320017952919,-70.09983281297953,-70.09983281297953
640.330017952919,-70.09877060745637,-70.09877060745637
640.340017952919,-70.09763378117647,-70.09763378117647
640.350017952919,-70.09642329186103,-70.09642329186103
640.360017952919,-70.09514011861236,-70.09514011861236
640.370017952919,-70.09378525967452,-70.09378525967452
640.380017952919,-70.09235973052678,-70.09235973052678
640.390017952919,-70.09086456210794,-70.09086456210794
640.400017952919,-70.08930079921741,-70.08930079921741
640.410017952919,-70.08766949903574,-70.08766949903574
640.420017952919,-70.0859717296877,-70.0859717296877
640.430017952919,-70.08420856889911,-70.08420856889911
640.440017952919,-70.08238110276076,-70.08238110276076
640.450017952919,-70.08049042449034,-70.08049042449034
640.460017952919,-70.07853154036961,-70.07853154036961
640.470017952919,-70.07650289969658,-70.07650289969658
640.480017952919,-70.07440432849798,-70.07440432849798
640.4900179529191,-70.07223629043817,-70.07223629043817
640.500017952919,-70.06999960451022,-70.06999960451022
640.510017952919,-70.06769529804109,-70.06769529804109
640.520017952919,-70.06532452024622,-70.06532452024622
640.530017952919,-70.06288848997303,-70.06288848997303
640.540017952919,-70.06038846400679,-70.06038846400679
640.550017952919,-70.05782571779761,-70.05782571779761
640.560017952919,-70.05520153376752,-70.05520153376752
640.570017952919,-70.05251719420981,-70.05251719420981
640.580017952919,-70.04977397696642,-70.04977397696642
640.590017952919,-70.04697315289215,-70.04697315289215
640.600017952919,-70.0441159843261,-70.0441159843261
640.610017952919,-70.0412037242289,-70.0412037242289
640.620017952919,-70.03823761568488,-70.03823761568488
640.630017952919,-70.03521889162076,-70.03521889162076
640.640017952919,-70.03214877467364,-70.03214877467364
640.650017952919,-70.0290284771166,-70.0290284771166
640.660017952919,-70.02585920077168,-70.02585920077168
640.670017952919,-70.02264213703275,-70.02264213703275
640.680017952919,-70.01937846675742,-70.01937846675742
640.690017952919,-70.01606936027206,-70.01606936027206
640.700017952919,-70.01271597728724,-70.01271597728724
640.710017952919,-70.00931338281977,-70.00931338281977
640.720017952919,-70.00586006642749,-70.00586006642749
640.730017952919,-70.00235587845044,-70.00235587845044
640.7400179529191,-69.99880129242811,-69.99880129242811
640.750017952919,-69.99519712385292,-69.99519712385292
640.760017952919,-69.99154438412346,-69.99154438412346
640.770017952919,-69.98784419485064,-69.98784419485064
640.780017952919,-69.98409773636561,-69.98409773636561
640.790017952919,-69.9803062166911,-69.9803062166911
640.800017952919,-69.97647085291707,-69.97647085291707
640.810017952919,-69.97259286008702,-69.97259286008702
640.820017952919,-69.96867344463956,-69.96867344463956
640.830017952919,-69.96471380069416,-69.96471380069416
640.840017952919,-69.96071510795377,-69.96071510795377
640.850017952919,-69.95667853070232,-69.95667853070232
640.860017952919,-69.95260521735665,-69.95260521735665
640.870017952919,-69.94849630044135,-69.94849630044135
640.880017952919,-69.94435289671462,-69.94435289671462
640.890017952919,-69.94017610740974,-69.94017610740974
640.9000179767609,-69.93596700849913,-69.93596700849913
640.9100179767609,-69.93172669100588,-69.93172669100588
640.9200179767608,-69.92745620149111,-69.92745620149111
640.9300179767608,-69.92315658203565,-69.92315658203565
640.9400179767608,-69.91882886063105,-69.91882886063105
640.9500179767608,-69.91447405140788,-69.91447405140788
640.9600179767608,-69.91009315485059,-69.91009315485059
640.9700179767609,-69.90568715795527,-69.90568715795527
640.9800179767609,-69.90125703444245,-69.90125703444245
640.9900179767609,-69.89680374488103,-69.89680374488103
641.0000179767609,-69.89232823684281,-69.89232823684281
641.0100179767609,-69.88783144501157,-69.88783144501157
641.0200179767609,-69.88331429132252,-69.88331429132252
641.0300179767609,-69.87877768507227,-69.87877768507227
641.0400179767609,-69.87422252302639,-69.87422252302639
641.0500179767608,-69.86964968950086,-69.86964968950086
641.0600179767608,-69.86506005647063,-69.86506005647063
641.0700179767608,-69.86045448367427,-69.86045448367427
641.0800179767608,-69.8558338187037,-69.8558338187037
641.0900179767609,-69.85119889707069,-69.85119889707069
641.1000179767609,-69.84655054232928,-69.84655054232928
641.1100179767609,-69.8418895661417,-69.8418895661417
641.1200179767609,-69.8372167683846,-69.8372167683846
641.1300179767609,-69.8325329372325,-69.8325329372325
641.1400179767609,-69.82783884923421,-69.82783884923421
641.1500179767609,-69.82313526944348,-69.82313526944348
641.1600179767609,-69.81842295146657,-69.81842295146657
641.1700179767608,-69.81370263757542,-69.81370263757542
641.1800179767608,-69.80897505881265,-69.80897505881265
641.1900179767608,-69.80424093506825,-69.80424093506825
641.2000179767608,-69.79950097518771,-69.79950097518771
641.2100179767608,-69.79475587705411,-69.79475587705411
641.2200179767609,-69.79000632770858,-69.79000632770858
641.2300179767609,-69.78525300344097,-69.78525300344097
641.2400179767609,-69.78049656987022,-69.78049656987022
641.2500179767609,-69.7757376820783,-69.7757376820783
641.2600179767609,-69.77097698468856,-69.77097698468856
641.2700179767609,-69.76621511197882,-69.76621511197882
641.2800179767609,-69.76145268798517,-69.76145268798517
641.2900179767609,-69.75669032659665,-69.75669032659665
641.3000179767608,-69.75192863167287,-69.75192863167287
641.3100179767608,-69.74716819714703,-69.74716819714703
641.3200179767608,-69.74240960712521,-69.74240960712521
641.3300179767608,-69.73765343598738,-69.73765343598738
641.3400179767609,-69.7329002485115,-69.7329002485115
641.3500179767609,-69.72815059996708,-69.72815059996708
641.3600179767609,-69.72340503622765,-69.72340503622765
641.3700179767609,-69.71866409388193,-69.71866409388193
641.3800179767609,-69.71392830032264,-69.71392830032264
641.3900179767609,-69.70919817387397,-69.70919817387397
641.4000179767609,-69.70447422389081,-69.70447422389081
641.4100179767609,-69.69975695086643,-69.69975695086643
641.4200179767608,-69.69504684653485,-69.69504684653485
641.4300179767608,-69.6903443939917,-69.6903443939917
641.4400179767608,-69.68565006777027,-69.68565006777027
641.4500179767608,-69.6809643339856,-69.6809643339856
641.4600179767608,-69.67628765041685,-69.67628765041685
641.4700179767609,-69.67162046661231,-69.67162046661231
641.4800179767609,-69.66696322400907,-69.66696322400907
641.4900179767609,-69.66231635602779,-69.66231635602779
641.5000179767609,-69.65768028816741,-69.65768028816741
641.5100179767609,-69.65305543812207,-69.65305543812207
641.5200179767609,-69.64844221588056,-69.64844221588056
641.5300179767609,-69.64384102383525,-69.64384102383525
641.5400179767609,-69.63925225685547,-69.63925225685547
641.5500179767608,-69.63467630243615,-69.63467630243615
641.5600179767608,-69.6301135407414,-69.6301135407414
641.5700179767608,-69.6255643447454,-69.6255643447454
641.5800179767608,-69.62102908031501,-69.62102908031501
641.5900179767609,-69.61650810631521,-69.61650810631521
641.6000179767609,-69.61200177470165,-69.61200177470165
641.6100179767609,-69.60751043061731,-69.60751043061731
641.6200179767609,-69.60303441246408,-69.60303441246408
641.6300179767609,-69.59857405205119,-69.59857405205119
641.6400179767609,-69.59412967463972,-69.59412967463972
641.6500179767609,-69.58970159905122,-69.58970159905122
641.6600179767609,-69.58529013776916,-69.58529013776916
641.6700179767608,-69.58089559702478,-69.58089559702478
641.6800179767608,-69.57651827686708,-69.57651827686708
641.6900179767608,-69.57215847128195,-69.57215847128195
641.7000179767608,-69.56781646826153,-69.56781646826153
641.7100179767608,-69.56348650759799,-69.56348650759799
641.7200179767609,-69.55916623784954,-69.55916623784954
641.7300179767609,-69.55485466529191,-69.55485466529191
641.7400179767609,-69.55055142096563,-69.55055142096563
641.7500180006027,-69.54625647094804,-69.54625647094804
641.7600180006027,-69.54197001211313,-69.54197001211313
641.7700180006027,-69.53769232554008,-69.53769232554008
641.7800180006027,-69.53342376633208,-69.53342376633208
641.7900180006027,-69.52916472262773,-69.52916472262773
641.8000180006027,-69.52491559718175,-69.52491559718175
641.8100180006027,-69.52067679644632,-69.52067679644632
641.8200180006028,-69.51644872421218,-69.51644872421218
641.8300180006028,-69.51223177804603,-69.51223177804603
641.8400180006028,-69.50802634735433,-69.50802634735433
641.8500180006027,-69.50383281252726,-69.50383281252726
641.8600180006027,-69.49965154465575,-69.49965154465575
641.8700180006027,-69.49548290560655,-69.49548290560655
641.8800180006027,-69.49132724828559,-69.49132724828559
641.8900180006027,-69.48718491699016,-69.48718491699016
641.9000180006027,-69.48305624782122,-69.48305624782122
641.9100180006027,-69.47894156905193,-69.47894156905193
641.9200180006027,-69.47484120152993,-69.47484120152993
641.9300180006027,-69.4707554590493,-69.4707554590493
641.9400180006028,-69.46668464862684,-69.46668464862684
641.9500180006028,-69.46262907084491,-69.46262907084491
641.9600180006028,-69.4585890200841,-69.4585890200841
641.9700180006027,-69.45456478476271,-69.45456478476271
641.9800180006027,-69.45055664755579,-69.45055664755579
641.9900180006027,-69.44656488557816,-69.44656488557816
642.0000180006027,-69.44258977054504,-69.44258977054504
642.0100180006027,-69.43863156893833,-69.43863156893833
642.0200180006027,-69.43469054210468,-69.43469054210468
642.0300180006027,-69.43076694642417,-69.43076694642417
642.0400180006027,-69.42686103337367,-69.42686103337367
642.0500180006027,-69.42297304966037,-69.42297304966037
642.0600180006027,-69.4191032372973,-69.4191032372973
642.0700180006028,-69.41525183368884,-69.41525183368884
642.0800180006028,-69.41141907170969,-69.41141907170969
642.0900180006028,-69.40760517977296,-69.40760517977296
642.1000180006027,-69.40381038190965,-69.40381038190965
642.1100180006027,-69.40003489780948,-69.40003489780948
642.1200180006027,-69.39627894290409,-69.39627894290409
642.1300180006027,-69.39254272840981,-69.39254272840981
642.1400180006027,-69.38882646140681,-69.38882646140681
642.1500180006027,-69.38513034485665,-69.38513034485665
642.1600180006027,-69.3814545776768,-69.3814545776768
642.1700180006027,-69.37779935477828,-69.37779935477828
642.1800180006027,-69.37416486712739,-69.37416486712739
642.1900180006028,-69.3705513017844,-69.3705513017844
642.2000180006028,-69.36695884195235,-69.36695884195235
642.2100180006028,-69.36338766701529,-69.36338766701529
642.2200180006027,-69.35983795259875,-69.35983795259875
642.2300180006027,-69.3563098705915,-69.3563098705915
642.2400180006027,-69.35280358920238,-69.35280358920238
642.2500180006027,-69.34931927301005,-69.34931927301005
642.2600180006027,-69.34585708299511,-69.34585708299511
642.2700180006027,-69.34241717657262,-69.34241717657262
642.2800180006027,-69.33899970765825,-69.33899970765825
642.2900180006027,-69.33560482669408,-69.33560482669408
642.3000180006027,-69.33223268068804,-69.33223268068804
642.3100180006027,-69.3288834132699,-69.3288834132699
642.3200180006028,-69.3255571646936,-69.3255571646936
642.3300180006028,-69.32225407194431,-69.32225407194431
642.3400180006028,-69.31897426870944,-69.31897426870944
642.3500180006027,-69.31571788546353,-69.31571788546353
642.3600180006027,-69.3124850494853,-69.3124850494853
642.3700180006027,-69.30927588489702,-69.30927588489702
642.3800180006027,-69.30609051272813,-69.30609051272813
642.3900180006027,-69.30292905092594,-69.30292905092594
642.4000180006027,-69.29979161441197,-69.29979161441197
642.4100180006027,-69.29667831510979,-69.29667831510979
642.4200180006027,-69.29358926198398,-69.29358926198398
642.4300180006027,-69.29052456108242,-69.29052456108242
642.4400180006028,-69.2874843155685,-69.2874843155685
642.4500180006028,-69.28446862578154,-69.28446862578154
642.4600180006028,-69.28147156948688,-69.28147156948688
642.4700180006027,-69.27849062220102,-69.27849062220102
642.4800180006027,-69.27552461483592,-69.27552461483592
642.4900180006027,-69.27257300371558,-69.27257300371558
642.5000180006027,-69.26963559210907,-69.26963559210907
642.5100180006027,-69.26671238552571,-69.26671238552571
642.5200180006027,-69.2638035068203,-69.2638035068203
642.5300180006027,-69.26090914514545,-69.26090914514545
642.5400180006027,-69.25802952526928,-69.25802952526928
642.5500180006027,-69.25516488916763,-69.25516488916763
642.5600180006027,-69.25231548509797,-69.25231548509797
642.5700180006028,-69.24948156123496,-69.24948156123496
642.5800180006028,-69.24666336205247,-69.24666336205247
642.5900180006028,-69.2438611263767,-69.2438611263767
642.6000180244446,-69.24107507986058,-69.24107507986058
642.6100180244446,-69.23830546124414,-69.23830546124414
642.6200180244446,-69.23555248243109,-69.23555248243109
642.6300180244446,-69.23281635542189,-69.23281635542189
642.6400180244445,-69.23009728594545,-69.23009728594545
642.6500180244445,-69.22739547381047,-69.22739547381047
642.6600180244445,-69.22471111327097,-69.22471111327097
642.6700180244446,-69.22204439337861,-69.22204439337861
642.6800180244446,-69.21939549829948,-69.21939549829948
642.6900180244446,-69.21676460760563,-69.21676460760563
642.7000180244446,-69.21415189653915,-69.21415189653915
642.7100180244446,-69.21155152201322,-69.21155152201322
642.7200180244446,-69.20896103401958,-69.20896103401958
642.7300180244446,-69.20637933561608,-69.20637933561608
642.7400180244446,-69.20380595382012,-69.20380595382012
642.7500180244446,-69.20124076154787,-69.20124076154787
642.7600180244445,-69.19868383313158,-69.19868383313158
642.7700180244445,-69.19613535952973,-69.19613535952973
642.7800180244445,-69.19359559744255,-69.19359559744255
642.7900180244446,-69.19106483863997,-69.19106483863997
642.8000180244446,-69.18854339165696,-69.18854339165696
642.8100180244446,-69.18603157088472,-69.18603157088472
642.8200180244446,-69.18352969022214,-69.18352969022214
642.8300180244446,-69.18103805946656,-69.18103805946656
642.8400180244446,-69.1785569824161,-69.1785569824161
642.8500180244446,-69.17608675594794,-69.17608675594794
642.8600180244446,-69.17362766972028,-69.17362766972028
642.8700180244446,-69.17118000619352,-69.17118000619352
642.8800180244446,-69.1687440408571,-69.1687440408571
642.8900180244445,-69.16632004255722,-69.16632004255722
642.9000180244445,-69.16390827385489,-69.16390827385489
642.9100180244445,-69.16150899137612,-69.16150899137612
642.9200180244446,-69.15912244613537,-69.15912244613537
642.9300180244446,-69.15674888387836,-69.15674888387836
642.9400180244446,-69.15438854534086,-69.15438854534086
642.9500180244446,-69.1520416665093,-69.1520416665093
642.9600180244446,-69.14970847885392,-69.14970847885392
642.9700180244446,-69.1473892095053,-69.1473892095053
642.9800180244446,-69.14508408142413,-69.14508408142413
642.9900180244446,-69.14279331357142,-69.14279331357142
643.0000180244446,-69.14051712099744,-69.14051712099744
643.0100180244445,-69.13825571499687,-69.13825571499687
643.0200180244445,-69.13600930317018,-69.13600930317018
643.0300180244445,-69.13377808952744,-69.13377808952744
643.0400180244446,-69.13156227454616,-69.13156227454616
643.0500180244446,-69.1293620552667,-69.1293620552667
643.0600180244446,-69.12717762530808,-69.12717762530808
643.0700180244446,-69.12500917494991,-69.12500917494991
643.0800180244446,-69.12285689115903,-69.12285689115903
643.0900180244446,-69.12072095764722,-69.12072095764722
643.1000180244446,-69.1186015548881,-69.1186015548881
643.1100180244446,-69.11649886016454,-69.11649886016454
643.1200180244446,-69.11441304760655,-69.11441304760655
643.1300180244446,-69.11234428820093,-69.11234428820093
643.1400180244445,-69.1102927498304,-69.1102927498304
643.1500180244445,-69.1082585972959,-69.1082585972959
643.1600180244445,-69.10624199235077,-69.10624199235077
643.1700180244446,-69.10424309370784,-69.10424309370784
643.1800180244446,-69.10226205709039,-69.10226205709039
643.1900180244446,-69.10029903522194,-69.10029903522194
643.2000180244446,-69.09835417787127,-69.09835417787127
643.2100180244446,-69.09642162694585,-69.09642162694585
643.2200180244446,-69.09449891239446,-69.09449891239446
643.2300180244446,-69.09258491576574,-69.09258491576574
643.2400180244446,-69.09067914226843,-69.09067914226843
643.2500180244446,-69.08878144306917,-69.08878144306917
643.2600180244445,-69.086891870926,-69.086891870926
643.2700180244445,-69.08501059549755,-69.08501059549755
643.2800180244445,-69.08313785243345,-69.08313785243345
643.2900180244446,-69.08127391271117,-69.08127391271117
643.3000180244446,-69.07941906432647,-69.07941906432647
643.3100180244446,-69.07757360133004,-69.07757360133004
643.3200180244446,-69.0757378174811,-69.0757378174811
643.3300180244446,-69.07391200261736,-69.07391200261736
643.3400180244446,-69.07209644072742,-69.07209644072742
643.3500180244446,-69.0702914090175,-69.0702914090175
643.3600180244446,-69.06849717759525,-69.06849717759525
643.3700180244446,-69.06671400948923,-69.06671400948923
643.3800180244446,-69.06494216087034,-69.06494216087034
643.3900180244445,-69.06318188136508,-69.06318188136508
643.4000180244445,-69.06143341441397,-69.06143341441397
643.4100180244445,-69.05969699760023,-69.05969699760023
643.4200180244446,-69.05797286301674,-69.05797286301674
643.4300180244446,-69.0562612375648,-69.0562612375648
643.4400180244446,-69.05456234324441,-69.05456234324441
643.4500180482864,-69.05287639338916,-69.05287639338916
643.4600180482864,-69.0512036089722,-69.0512036089722
643.4700180482864,-69.0495441946346,-69.0495441946346
643.4800180482864,-69.04789835501792,-69.04789835501792
643.4900180482864,-69.04626629083228,-69.04626629083228
643.5000180482864,-69.04464819903873,-69.04464819903873
643.5100180482864,-69.04304427294541,-69.04304427294541
643.5200180482865,-69.04145470228148,-69.04145470228148
643.5300180482865,-69.03987967332816,-69.03987967332816
643.5400180482865,-69.03831936897119,-69.03831936897119
643.5500180482865,-69.03677396876118,-69.03677396876118
643.5600180482865,-69.03524364901479,-69.03524364901479
643.5700180482864,-69.03372858282596,-69.03372858282596
643.5800180482864,-69.0322289401375,-69.0322289401375
643.5900180482864,-69.03074488778674,-69.03074488778674
643.6000180482864,-69.02927658953534,-69.02927658953534
643.6100180482864,-69.02782420611908,-69.02782420611908
643.6200180482864,-69.02638789527569,-69.02638789527569
643.6300180482864,-69.02496781176895,-69.02496781176895
643.6400180482865,-69.02356410743712,-69.02356410743712
643.6500180482865,-69.02217693121604,-69.02217693121604
643.6600180482865,-69.02080642916228,-69.02080642916228
643.6700180482865,-69.01945274447978,-69.01945274447978
643.6800180482865,-69.01811601754515,-69.01811601754515
643.6900180482864,-69.0167963859406,-69.0167963859406
643.7000180482864,-69.0154939844859,-69.0154939844859
643.7100180482864,-69.01420894522838,-69.01420894522838
643.7200180482864,-69.01294139751337,-69.01294139751337
643.7300180482864,-69.01169146797704,-69.01169146797704
643.7400180482864,-69.01045928057279,-69.01045928057279
643.7500180482864,-69.00924495661064,-69.00924495661064
643.7600180482864,-69.0080486147697,-69.0080486147697
643.7700180482865,-69.00687037111453,-69.00687037111453
643.7800180482865,-69.00571033915563,-69.00571033915563
643.7900180482865,-69.00456862981734,-69.00456862981734
643.8000180482865,-69.00344535150529,-69.00344535150529
643.8100180482865,-69.00234061011479,-69.00234061011479
643.8200180482864,-69.00125450906303,-69.00125450906303
643.8300180482864,-69.00018714930172,-69.00018714930172
643.8400180482864,-68.999138629344,-68.999138629344
643.8500180482864,-68.99810904529362,-68.99810904529362
643.8600180482864,-68.99709849088121,-68.99709849088121
643.8700180482864,-68.9961070574628,-68.9961070574628
643.8800180482864,-68.99513483407071,-68.99513483407071
643.8900180482865,-68.99418190740593,-68.99418190740593
643.9000180482865,-68.99324836190281,-68.99324836190281
643.9100180482865,-68.99233427973112,-68.99233427973112
643.9200180482865,-68.99143974082308,-68.99143974082308
643.9300180482865,-68.9905648228909,-68.9905648228909
643.9400180482864,-68.98970960147152,-68.98970960147152
643.9500180482864,-68.98887414994549,-68.98887414994549
643.9600180482864,-68.9880585395477,-68.9880585395477
643.9700180482864,-68.98726283940344,-68.98726283940344
643.9800180482864,-68.98648711656148,-68.98648711656148
643.9900180482864,-68.98573143600379,-68.98573143600379
644.0000180482864,-68.98499586068142,-68.98499586068142
644.0100180482864,-68.9842804515381,-68.9842804515381
644.0200180482865,-68.98358526752732,-68.98358526752732
644.0300180482865,-68.98291036565031,-68.98291036565031
644.0400180482865,-68.98225580095871,-68.98225580095871
644.0500180482865,-68.98162162660542,-68.98162162660542
644.0600180482865,-68.98100789386004,-68.98100789386004
644.0700180482864,-68.98041465212619,-68.98041465212619
644.0800180482864,-68.97984194897111,-68.97984194897111
644.0900180482864,-68.97928983014378,-68.97928983014378
644.1000180482864,-68.9787583396186,-68.9787583396186
644.1100180482864,-68.9782475195993,-68.9782475195993
644.1200180482864,-68.97775741054993,-68.97775741054993
644.1300180482864,-68.97728805120484,-68.97728805120484
644.1400180482865,-68.97683947862926,-68.97683947862926
644.1500180482865,-68.97641172820907,-68.97641172820907
644.1600180482865,-68.97600483367913,-68.97600483367913
644.1700180482865,-68.97561882715219,-68.97561882715219
644.1800180482865,-68.97525373914759,-68.97525373914759
644.1900180482864,-68.97490959860066,-68.97490959860066
644.2000180482864,-68.97458643289647,-68.97458643289647
644.2100180482864,-68.97428426788791,-68.97428426788791
644.2200180482864,-68.97400312790788,-68.97400312790788
644.2300180482864,-68.97374303581121,-68.97374303581121
644.2400180482864,-68.97350401298206,-68.97350401298206
644.2500180482864,-68.9732860793736,-68.9732860793736
644.2600180482864,-68.97308925348756,-68.97308925348756
644.2700180482865,-68.97291355244427,-68.97291355244427
644.2800180482865,-68.97275899198209,-68.97275899198209
644.2900180482865,-68.97262558646717,-68.97262558646717
644.3000180721283,-68.97251334867502,-68.97251334867502
644.3100180721283,-68.97242229092437,-68.97242229092437
644.3200180721283,-68.97235242327524,-68.97235242327524
644.3300180721283,-68.97230375486997,-68.97230375486997
644.3400180721283,-68.97227629359485,-68.97227629359485
644.3500180721283,-68.97227004607696,-68.97227004607696
644.3600180721282,-68.97228501773776,-68.97228501773776
644.3700180721283,-68.97232121278702,-68.97232121278702
644.3800180721283,-68.97237863426072,-68.97237863426072
644.3900180721283,-68.97245728402781,-68.97245728402781
644.4000180721283,-68.97255716280863,-68.97255716280863
644.4100180721283,-68.9726782701957,-68.9726782701957
644.4200180721283,-68.9728206046719,-68.9728206046719
644.4300180721283,-68.97298416362887,-68.97298416362887
644.4400180721283,-68.97316894339163,-68.97316894339163
644.4500180721283,-68.97337493921783,-68.97337493921783
644.4600180721283,-68.97359614672317,-68.97359614672317
644.4700180721283,-68.97382994431638,-68.97382994431638
644.4800180721282,-68.97407506137526,-68.97407506137526
644.4900180721284,-68.97433085185932,-68.97433085185932
644.5000180721283,-68.97459701710726,-68.97459701710726
644.5100180721283,-68.97487346171894,-68.97487346171894
644.5200180721283,-68.9751602090471,-68.9751602090471
644.5300180721283,-68.9754573503193,-68.9754573503193
644.5400180721283,-68.97576501410211,-68.97576501410211
644.5500180721283,-68.97608334794704,-68.97608334794704
644.5600180721283,-68.9764125074861,-68.9764125074861
644.5700180721283,-68.9767526500586,-68.9767526500586
644.5800180721283,-68.97710393109153,-68.97710393109153
644.5900180721283,-68.9774665021196,-68.9774665021196
644.6000180721283,-68.97784050988903,-68.97784050988903
644.6100180721282,-68.97822609598019,-68.97822609598019
644.6200180721283,-68.97862339682618,-68.97862339682618
644.6300180721283,-68.9790325439259,-68.9790325439259
644.6400180721283,-68.97945366411325,-68.97945366411325
644.6500180721283,-68.97988687990242,-68.97988687990242
644.6600180721283,-68.98033230982212,-68.98033230982212
644.6700180721283,-68.98079006873357,-68.98079006873357
644.6800180721283,-68.98126026811362,-68.98126026811362
644.6900180721283,-68.98174301635444,-68.98174301635444
644.7000180721283,-68.98223841894237,-68.98223841894237
644.7100180721283,-68.98274657872861,-68.98274657872861
644.7200180721283,-68.98326759604726,-68.98326759604726
644.7300180721282,-68.98380156892313,-68.98380156892313
644.7400180721284,-68.98434859316458,-68.98434859316458
644.7500180721283,-68.98490876250878,-68.98490876250878
644.7600180721283,-68.98548216869398,-68.98548216869398
644.7700180721283,-68.98606890154745,-68.98606890154745
644.7800180721283,-68.98666904906733,-68.98666904906733
644.7900180721283,-68.98728269749373,-68.98728269749373
644.8000180721283,-68.9879099313213,-68.9879099313213
644.8100180721283,-68.98855083336993,-68.98855083336993
644.8200180721283,-68.98920548482434,-68.98920548482434
644.8300180721283,-68.98987396526546,-68.98987396526546
644.8400180721283,-68.99055635267665,-68.99055635267665
644.8500180721283,-68.99125272349775,-68.99125272349775
644.8600180721282,-68.99196315260953,-68.99196315260953
644.8700180721283,-68.99268771338366,-68.99268771338366
644.8800180721283,-68.99342647768425,-68.99342647768425
644.8900180721283,-68.99417951587984,-68.99417951587984
644.9000180721283,-68.99494689686273,-68.99494689686273
644.9100180721283,-68.99572868804827,-68.99572868804827
644.9200180721283,-68.99652495539804,-68.99652495539804
644.9300180721283,-68.99733576340772,-68.99733576340772
644.9400180721283,-68.99816117513767,-68.99816117513767
644.9500180721283,-68.99900125222103,-68.99900125222103
644.9600180721283,-68.99985605484547,-68.99985605484547
644.9700180721283,-69.00072564178883,-69.00072564178883
644.9800180721282,-69.00161007041466,-69.00161007041466
644.9900180721284,-69.00250939667978,-69.00250939667978
645.0000180721283,-69.00342367515103,-69.00342367515103
645.0100180721283,-69.00435295899086,-69.00435295899086
645.0200180721283,-69.0052972999746,-69.0052972999746
645.0300180721283,-69.00625674851673,-69.00625674851673
645.0400180721283,-69.00723135365587,-69.00723135365587
645.0500180721283,-69.0082211630783,-69.0082211630783
645.0600180721283,-69.00922622311727,-69.00922622311727
645.0700180721283,-69.01024657875507,-69.01024657875507
645.0800180721283,-69.01128227364602,-69.01128227364602
645.0900180721283,-69.01233335012206,-69.01233335012206
645.1000180721283,-69.01339984919348,-69.01339984919348
645.1100180721282,-69.01448181056462,-69.01448181056462
645.1200180721283,-69.01557927264963,-69.01557927264963
645.1300180721283,-69.01669227256714,-69.01669227256714
645.1400180721283,-69.01782084616404,-69.01782084616404
645.1500180959702,-69.01896503075486,-69.01896503075486
645.1600180959701,-69.02012485425294,-69.02012485425294
645.1700180959701,-69.02130035140841,-69.02130035140841
645.1800180959701,-69.02249155306092,-69.02249155306092
645.1900180959701,-69.02369848884359,-69.02369848884359
645.2000180959701,-69.02492118716053,-69.02492118716053
645.2100180959701,-69.02615366953516,-69.02615366953516
645.2200180959702,-69.02739334194519,-69.02739334194519
645.2300180959702,-69.02863896210918,-69.02863896210918
645.2400180959702,-69.02988991265279,-69.02988991265279
645.2500180959702,-69.03114592373169,-69.03114592373169
645.2600180959702,-69.0324069288794,-69.0324069288794
645.2700180959702,-69.0336729803991,-69.0336729803991
645.2800180959701,-69.03494419850196,-69.03494419850196
645.2900180959701,-69.03622074072693,-69.03622074072693
645.3000180959701,-69.03750278358936,-69.03750278358936
645.3100180959701,-69.0387905116992,-69.0387905116992
645.3200180959701,-69.0400841113075,-69.0400841113075
645.3300180959701,-69.0413837667214,-69.0413837667214
645.3400180959702,-69.0426896583166,-69.0426896583166
645.3500180959702,-69.04400196160142,-69.04400196160142
645.3600180959702,-69.04532084685829,-69.04532084685829
645.3700180959702,-69.0466464791184,-69.0466464791184
645.3800180959702,-69.04797901838081,-69.04797901838081
645.3900180959702,-69.04931861990256,-69.04931861990256
645.4000180959702,-69.05066543448268,-69.05066543448268
645.4100180959701,-69.05201960881824,-69.05201960881824
645.4200180959701,-69.0533812858125,-69.0533812858125
645.4300180959701,-69.05475060486236,-69.05475060486236
645.4400180959701,-69.05612770211296,-69.05612770211296
645.4500180959701,-69.05751271068532,-69.05751271068532
645.4600180959701,-69.05890576089392,-69.05890576089392
645.4700180959702,-69.06030698040091,-69.06030698040091
645.4800180959702,-69.06171649438102,-69.06171649438102
645.4900180959702,-69.06313442564657,-69.06313442564657
645.5000180959702,-69.06456089474594,-69.06456089474594
645.5100180959702,-69.06599602009858,-69.06599602009858
645.5200180959702,-69.06743991802531,-69.06743991802531
645.5300180959701,-69.06889270285114,-69.06889270285114
645.5400180959701,-69.07035448693809,-69.07035448693809
645.5500180959701,-69.0718253807744,-69.0718253807744
645.5600180959701,-69.07330549297214,-69.07330549297214
645.5700180959701,-69.07479493033577,-69.07479493033577
645.5800180959701,-69.07629379788214,-69.07629379788214
645.5900180959702,-69.07780219885255,-69.07780219885255
645.6000180959702,-69.07932023475867,-69.07932023475867
645.6100180959702,-69.08084800539986,-69.08084800539986
645.6200180959702,-69.08238560884969,-69.08238560884969
645.6300180959702,-69.08393314152262,-69.08393314152262
645.6400180959702,-69.08549069813391,-69.08549069813391
645.6500180959702,-69.08705837174875,-69.08705837174875
645.6600180959701,-69.08863625379308,-69.08863625379308
645.6700180959701,-69.09022443402861,-69.09022443402861
645.6800180959701,-69.091823000596,-69.091823000596
645.6900180959701,-69.09343204001944,-69.09343204001944
645.7000180959701,-69.09505163719008,-69.09505163719008
645.7100180959701,-69.0966818754115,-69.0966818754115
645.7200180959702,-69.09832283637304,-69.09832283637304
645.7300180959702,-69.09997460019942,-69.09997460019942
645.7400180959702,-69.10163724540887,-69.10163724540887
645.7500180959702,-69.10331084895033,-69.10331084895033
645.7600180959702,-69.10499548622207,-69.10499548622207
645.7700180959702,-69.10669123104749,-69.10669123104749
645.7800180959701,-69.10839815571826,-69.10839815571826
645.7900180959701,-69.11011633097748,-69.11011633097748
645.8000180959701,-69.1118458260312,-69.1118458260312
645.8100180959701,-69.11358670858473,-69.11358670858473
645.8200180959701,-69.11533904482005,-69.11533904482005
645.8300180959701,-69.11710289942205,-69.11710289942205
645.8400180959702,-69.11887833558279,-69.11887833558279
645.8500180959702,-69.12066541501811,-69.12066541501811
645.8600180959702,-69.12246419796284,-69.12246419796284
645.8700180959702,-69.12427474321063,-69.12427474321063
645.8800180959702,-69.12609710808526,-69.12609710808526
645.8900180959702,-69.12793134849854,-69.12793134849854
645.9000180959702,-69.12977751892254,-69.12977751892254
645.9100180959701,-69.13163567241597,-69.13163567241597
645.9200180959701,-69.13350586063926,-69.13350586063926
645.9300180959701,-69.13538813386835,-69.13538813386835
645.9400180959701,-69.1372825409968,-69.1372825409968
645.9500180959701,-69.13918912956554,-69.13918912956554
645.9600180959701,-69.14110794574137,-69.14110794574137
645.9700180959702,-69.14303903436962,-69.14303903436962
645.9800180959702,-69.14498243897978,-69.14498243897978
645.9900180959702,-69.14693820176733,-69.14693820176733
646.000018119812,-69.14890636832855,-69.14890636832855
646.010018119812,-69.1508869689506,-69.1508869689506
646.020018119812,-69.15288004660718,-69.15288004660718
646.030018119812,-69.15488563839774,-69.15488563839774
646.040018119812,-69.15690378016052,-69.15690378016052
646.050018119812,-69.1589345065104,-69.1589345065104
646.060018119812,-69.16097785084456,-69.16097785084456
646.0700181198121,-69.16303384534474,-69.16303384534474
646.080018119812,-69.16510252101224,-69.16510252101224
646.090018119812,-69.16718390767028,-69.16718390767028
646.100018119812,-69.1692780339687,-69.1692780339687
646.110018119812,-69.1713849274159,-69.1713849274159
646.120018119812,-69.17350461437903,-69.17350461437903
646.130018119812,-69.17563712012401,-69.17563712012401
646.140018119812,-69.17778246878056,-69.17778246878056
646.150018119812,-69.17994068340099,-69.17994068340099
646.160018119812,-69.1821117859516,-69.1821117859516
646.170018119812,-69.1842957973388,-69.1842957973388
646.180018119812,-69.18649273740238,-69.18649273740238
646.1900181198121,-69.18870262495312,-69.18870262495312
646.2000181198121,-69.19092547778175,-69.19092547778175
646.210018119812,-69.19315528959856,-69.19315528959856
646.220018119812,-69.1953894460964,-69.1953894460964
646.230018119812,-69.19762668800362,-69.19762668800362
646.240018119812,-69.19986638269775,-69.19986638269775
646.250018119812,-69.20210824621097,-69.20210824621097
646.260018119812,-69.20435219873458,-69.20435219873458
646.270018119812,-69.2065982798523,-69.2065982798523
646.280018119812,-69.20884659759936,-69.20884659759936
646.290018119812,-69.21109729782341,-69.21109729782341
646.300018119812,-69.21335054579359,-69.21335054579359
646.310018119812,-69.21560651526156,-69.21560651526156
646.3200181198121,-69.21786538204967,-69.21786538204967
646.330018119812,-69.22012732042201,-69.22012732042201
646.340018119812,-69.22239250106784,-69.22239250106784
646.350018119812,-69.22466109017242,-69.22466109017242
646.360018119812,-69.22693324903403,-69.22693324903403
646.370018119812,-69.22920913406735,-69.22920913406735
646.380018119812,-69.23148889696527,-69.23148889696527
646.390018119812,-69.23377268497478,-69.23377268497478
646.400018119812,-69.2360606412326,-69.2360606412326
646.410018119812,-69.23835290506563,-69.23835290506563
646.420018119812,-69.24064961229975,-69.24064961229975
646.430018119812,-69.24295089552875,-69.24295089552875
646.4400181198121,-69.24525688440202,-69.24525688440202
646.4500181198121,-69.24756770581578,-69.24756770581578
646.460018119812,-69.24987745586282,-69.24987745586282
646.470018119812,-69.25218362385887,-69.25218362385887
646.480018119812,-69.25448505402638,-69.25448505402638
646.490018119812,-69.25678121663216,-69.25678121663216
646.500018119812,-69.25907192983617,-69.25907192983617
646.510018119812,-69.26135721522411,-69.26135721522411
646.520018119812,-69.26363721301347,-69.26363721301347
646.530018119812,-69.26591213113768,-69.26591213113768
646.540018119812,-69.26818221462091,-69.26818221462091
646.550018119812,-69.27044772719431,-69.27044772719431
646.560018119812,-69.2727089404055,-69.2727089404055
646.5700181198121,-69.27496612719916,-69.27496612719916
646.580018119812,-69.27721955828939,-69.27721955828939
646.590018119812,-69.27946950016322,-69.27946950016322
646.600018119812,-69.28171621413783,-69.28171621413783
646.610018119812,-69.28395995599688,-69.28395995599688
646.620018119812,-69.28620097598501,-69.28620097598501
646.630018119812,-69.28843951894454,-69.28843951894454
646.640018119812,-69.29067582462731,-69.29067582462731
646.650018119812,-69.29291012798551,-69.29291012798551
646.660018119812,-69.29514265948141,-69.29514265948141
646.670018119812,-69.29737364539129,-69.29737364539129
646.680018119812,-69.29960330807509,-69.29960330807509
646.6900181198121,-69.30183186621407,-69.30183186621407
646.7000181198121,-69.30405953505425,-69.30405953505425
646.710018119812,-69.30628652655274,-69.30628652655274
646.720018119812,-69.30851304956396,-69.30851304956396
646.730018119812,-69.31073930998986,-69.31073930998986
646.740018119812,-69.3129655108591,-69.3129655108591
646.750018119812,-69.31519185246816,-69.31519185246816
646.760018119812,-69.31741853243966,-69.31741853243966
646.770018119812,-69.31964574579175,-69.31964574579175
646.780018119812,-69.32187368500654,-69.32187368500654
646.790018119812,-69.32410254008292,-69.32410254008292
646.800018119812,-69.32633249857108,-69.32633249857108
646.810018119812,-69.32856374560004,-69.32856374560004
646.8200181198121,-69.33079646391116,-69.33079646391116
646.830018119812,-69.3330308339029,-69.3330308339029
646.840018119812,-69.33526703361056,-69.33526703361056
646.8500181436539,-69.33750524408678,-69.33750524408678
646.8600181436539,-69.33974562808747,-69.33974562808747
646.8700181436539,-69.3419883620356,-69.3419883620356
646.8800181436538,-69.34423361475947,-69.34423361475947
646.8900181436538,-69.34648155279757,-69.34648155279757
646.9000181436538,-69.34873234042672,-69.34873234042672
646.9100181436538,-69.35098613965636,-69.35098613965636
646.9200181436539,-69.35324311023378,-69.35324311023378
646.9300181436539,-69.35550340967661,-69.35550340967661
646.9400181436539,-69.3577671932439,-69.3577671932439
646.9500181436539,-69.36003461397642,-69.36003461397642
646.9600181436539,-69.3623058226672,-69.3623058226672
646.9700181436539,-69.36458096791488,-69.36458096791488
646.9800181436539,-69.36686019608469,-69.36686019608469
646.9900181436539,-69.36914365134885,-69.36914365134885
647.0000181436538,-69.37143147569613,-69.37143147569613
647.0100181436538,-69.37372380891009,-69.37372380891009
647.0200181436538,-69.37602078859814,-69.37602078859814
647.0300181436538,-69.37832255022104,-69.37832255022104
647.0400181436539,-69.38062922705365,-69.38062922705365
647.0500181436539,-69.38294095026214,-69.38294095026214
647.0600181436539,-69.38525784884477,-69.38525784884477
647.0700181436539,-69.38758004968993,-69.38758004968993
647.0800181436539,-69.38990767757485,-69.38990767757485
647.0900181436539,-69.39224085518464,-69.39224085518464
647.1000181436539,-69.39457970310778,-69.39457970310778
647.1100181436539,-69.39692433987157,-69.39692433987157
647.1200181436539,-69.39927488193275,-69.39927488193275
647.1300181436538,-69.40163144371789,-69.40163144371789
647.1400181436538,-69.40399413762046,-69.40399413762046
647.1500181436538,-69.40636307401444,-69.40636307401444
647.1600181436538,-69.40873836128092,-69.40873836128092
647.1700181436539,-69.41112010581847,-69.41112010581847
647.1800181436539,-69.41350841205995,-69.41350841205995
647.1900181436539,-69.41590338248265,-69.41590338248265
647.2000181436539,-69.41830511762707,-69.41830511762707
647.2100181436539,-69.42071371612899,-69.42071371612899
647.2200181436539,-69.4231292747165,-69.4231292747165
647.2300181436539,-69.42555188822925,-69.42555188822925
647.2400181436539,-69.42798164964678,-69.42798164964678
647.2500181436538,-69.43041865011132,-69.43041865011132
647.2600181436538,-69.43286297891376,-69.43286297891376
647.2700181436538,-69.43531472354904,-69.43531472354904
647.2800181436538,-69.4377739697153,-69.4377739697153
647.2900181436539,-69.44024080131979,-69.44024080131979
647.3000181436539,-69.44271530053953,-69.44271530053953
647.3100181436539,-69.44519754779238,-69.44519754779238
647.3200181436539,-69.44768762177503,-69.44768762177503
647.3300181436539,-69.450185599496,-69.450185599496
647.3400181436539,-69.45269155627032,-69.45269155627032
647.3500181436539,-69.45520556574722,-69.45520556574722
647.3600181436539,-69.4577276999333,-69.4577276999333
647.3700181436539,-69.460258029212,-69.460258029212
647.3800181436538,-69.46279662234929,-69.46279662234929
647.3900181436538,-69.46534354652546,-69.46534354652546
647.4000181436538,-69.46789886734753,-69.46789886734753
647.4100181436538,-69.47046264888088,-69.47046264888088
647.4200181436539,-69.47303495362176,-69.47303495362176
647.4300181436539,-69.47561584260673,-69.47561584260673
647.4400181436539,-69.47820537532496,-69.47820537532496
647.4500181436539,-69.4808036098154,-69.4808036098154
647.4600181436539,-69.48341060263574,-69.48341060263574
647.4700181436539,-69.48602640892373,-69.48602640892373
647.4800181436539,-69.48865108237487,-69.48865108237487
647.4900181436539,-69.49128467529503,-69.49128467529503
647.5000181436538,-69.49392723859727,-69.49392723859727
647.5100181436538,-69.49657882181457,-69.49657882181457
647.5200181436538,-69.49923947313764,-69.49923947313764
647.5300181436538,-69.50190923943497,-69.50190923943497
647.5400181436539,-69.50458816622536,-69.50458816622536
647.5500181436539,-69.50727629776799,-69.50727629776799
647.5600181436539,-69.50997367701534,-69.50997367701534
647.5700181436539,-69.51268034566144,-69.51268034566144
647.5800181436539,-69.51539634415853,-69.51539634415853
647.5900181436539,-69.51812171172435,-69.51812171172435
647.6000181436539,-69.52085648637367,-69.52085648637367
647.6100181436539,-69.52360070490812,-69.52360070490812
647.6200181436539,-69.5263544029599,-69.5263544029599
647.6300181436538,-69.5291176149898,-69.5291176149898
647.6400181436538,-69.5318903743304,-69.5318903743304
647.6500181436538,-69.53467271316953,-69.53467271316953
647.6600181436538,-69.53746466258198,-69.53746466258198
647.6700181436539,-69.54026625254677,-69.54026625254677
647.6800181436539,-69.54307751196197,-69.54307751196197
647.6900181436539,-69.54589846865218,-69.54589846865218
647.7000181674957,-69.5487291561348,-69.5487291561348
647.7100181674957,-69.55156958671331,-69.55156958671331
647.7200181674957,-69.55441979178944,-69.55441979178944
647.7300181674957,-69.55727979508733,-69.55727979508733
647.7400181674957,-69.56014961932736,-69.56014961932736
647.7500181674957,-69.56302928625357,-69.56302928625357
647.7600181674957,-69.56591881664676,-69.56591881664676
647.7700181674958,-69.56881823034476,-69.56881823034476
647.7800181674958,-69.57172754625385,-69.57172754625385
647.7900181674958,-69.57464678234432,-69.57464678234432
647.8000181674958,-69.57757595569313,-69.57757595569313
647.8100181674957,-69.5805150824843,-69.5805150824843
647.8200181674957,-69.5834641780276,-69.5834641780276
647.8300181674957,-69.58642325675123,-69.58642325675123
647.8400181674957,-69.58939233224729,-69.58939233224729
647.8500181674957,-69.59237141726557,-69.59237141726557
647.8600181674957,-69.59536052372155,-69.59536052372155
647.8700181674957,-69.59835966272723,-69.59835966272723
647.8800181674957,-69.60136884459595,-69.60136884459595
647.8900181674958,-69.60438807883442,-69.60438807883442
647.9000181674958,-69.60741737420763,-69.60741737420763
647.9100181674958,-69.61045673868655,-69.61045673868655
647.9200181674958,-69.61350617950308,-69.61350617950308
647.9300181674957,-69.61656570314837,-69.61656570314837
647.9400181674957,-69.61963531537582,-69.61963531537582
647.9500181674957,-69.62271502123916,-69.62271502123916
647.9600181674957,-69.62580482508031,-69.62580482508031
647.9700181674957,-69.62890473054227,-69.62890473054227
647.9800181674957,-69.63201474059589,-69.63201474059589
647.9900181674957,-69.63513485752664,-69.63513485752664
648.0000181674957,-69.63826508297238,-69.63826508297238
648.0100181674957,-69.64140541791873,-69.64140541791873
648.0200181674958,-69.64455586270165,-69.64455586270165
648.0300181674958,-69.64771641703902,-69.64771641703902
648.0400181674958,-69.65088708003063,-69.65088708003063
648.0500181674958,-69.65406785015622,-69.65406785015622
648.0600181674957,-69.65725872530953,-69.65725872530953
648.0700181674957,-69.66045970278978,-69.66045970278978
648.0800181674957,-69.66367077931667,-69.66367077931667
648.0900181674957,-69.66689195103844,-69.66689195103844
648.1000181674957,-69.67012321355344,-69.67012321355344
648.1100181674957,-69.67336456190371,-69.67336456190371
648.1200181674957,-69.67661599058445,-69.67661599058445
648.1300181674957,-69.67987749357017,-69.67987749357017
648.1400181674958,-69.6831490642944,-69.6831490642944
648.1500181674958,-69.68643069570123,-69.68643069570123
648.1600181674958,-69.68972238020866,-69.68972238020866
648.1700181674958,-69.69302410975179,-69.69302410975179
648.1800181674957,-69.69633587575636,-69.69633587575636
648.1900181674957,-69.6996576691989,-69.6996576691989
648.2000181674957,-69.70294923907622,-69.70294923907622
648.2100181674957,-69.70619403714555,-69.70619403714555
648.2200181674957,-69.70938303190967,-69.70938303190967
648.2300181674957,-69.71251111526311,-69.71251111526311
648.2400181674957,-69.71557556697545,-69.71557556697545
648.2500181674957,-69.71857509419807,-69.71857509419807
648.2600181674957,-69.72150923232664,-69.72150923232664
648.2700181674958,-69.72437798707816,-69.72437798707816
648.2800181674958,-69.72718162697183,-69.72718162697183
648.2900181674958,-69.72992056538617,-69.72992056538617
648.3000181674958,-69.7325952948073,-69.7325952948073
648.3100181674957,-69.735206351103,-69.735206351103
648.3200181674957,-69.73775429471972,-69.73775429471972
648.3300181674957,-69.74023970136524,-69.74023970136524
648.3400181674957,-69.74266315780301,-69.74266315780301
648.3500181674957,-69.74502526029202,-69.74502526029202
648.3600181674957,-69.74732661430338,-69.74732661430338
648.3700181674957,-69.74956783471549,-69.74956783471549
648.3800181674957,-69.75174954618342,-69.75174954618342
648.3900181674958,-69.75387238336728,-69.75387238336728
648.4000181674958,-69.7559369910329,-69.7559369910329
648.4100181674958,-69.75794402399839,-69.75794402399839
648.4200181674958,-69.75989414685827,-69.75989414685827
648.4300181674957,-69.76178803365757,-69.76178803365757
648.4400181674957,-69.76362636737234,-69.76362636737234
648.4500181674957,-69.7654098393738,-69.7654098393738
648.4600181674957,-69.76713307351949,-69.76713307351949
648.4700181674957,-69.76879412141955,-69.76879412141955
648.4800181674957,-69.7703924081069,-69.7703924081069
648.4900181674957,-69.77192799695686,-69.77192799695686
648.5000181674957,-69.77340130870444,-69.77340130870444
648.5100181674957,-69.7748129752698,-69.7748129752698
648.5200181674958,-69.77616375375011,-69.77616375375011
648.5300181674958,-69.77745447456181,-69.77745447456181
648.5400181674958,-69.77868600996834,-69.77868600996834
648.5500181913376,-69.77985925782649,-69.77985925782649
648.5600181913376,-69.780975118694,-69.780975118694
648.5700181913376,-69.7820345061612,-69.7820345061612
648.5800181913376,-69.78303833087476,-69.78303833087476
648.5900181913375,-69.78398750109973,-69.78398750109973
648.6000181913375,-69.78488292127408,-69.78488292127408
648.6100181913375,-69.7857254911894,-69.7857254911894
648.6200181913376,-69.78651610556743,-69.78651610556743
648.6300181913376,-69.78725565384408,-69.78725565384408
648.6400181913376,-69.78794502003062,-69.78794502003062
648.6500181913376,-69.78858508273355,-69.78858508273355
648.6600181913376,-69.78917671507907,-69.78917671507907
648.6700181913376,-69.78972078476343,-69.78972078476343
648.6800181913376,-69.79021815399493,-69.79021815399493
648.6900181913376,-69.79066967948796,-69.79066967948796
648.7000181913376,-69.79107621240921,-69.79107621240921
648.7100181913376,-69.79143859835636,-69.79143859835636
648.7200181913375,-69.7917576772699,-69.7917576772699
648.7300181913375,-69.79203428338748,-69.79203428338748
648.7400181913376,-69.79226924513956,-69.79226924513956
648.7500181913376,-69.79246338510993,-69.79246338510993
648.7600181913376,-69.79261751989291,-69.79261751989291
648.7700181913376,-69.79273246005626,-69.79273246005626
648.7800181913376,-69.79280901002842,-69.79280901002842
648.7900181913376,-69.79284796802465,-69.79284796802465
648.8000181913376,-69.79285012593655,-69.79285012593655
648.8100181913376,-69.79281626928066,-69.79281626928066
648.8200181913376,-69.79274717709066,-69.79274717709066
648.8300181913376,-69.79264362184702,-69.79264362184702
648.8400181913375,-69.79250636942326,-69.79250636942326
648.8500181913375,-69.7923361789881,-69.7923361789881
648.8600181913375,-69.79213380294382,-69.79213380294382
648.8700181913376,-69.79189998688138,-69.79189998688138
648.8800181913376,-69.7916354695215,-69.7916354695215
648.8900181913376,-69.79134098264805,-69.79134098264805
648.9000181913376,-69.79101725108012,-69.79101725108012
648.9100181913376,-69.79066499261218,-69.79066499261218
648.9200181913376,-69.7902849179927,-69.7902849179927
648.9300181913376,-69.78987773086969,-69.78987773086969
648.9400181913376,-69.78944412779393,-69.78944412779393
648.9500181913376,-69.78898479816617,-69.78898479816617
648.9600181913376,-69.78849435052894,-69.78849435052894
648.9700181913375,-69.78797080795604,-69.78797080795604
648.9800181913375,-69.78741355323909,-69.78741355323909
648.9900181913376,-69.78682259413813,-69.78682259413813
649.0000181913376,-69.78619828313305,-69.78619828313305
649.0100181913376,-69.78554117192282,-69.78554117192282
649.0200181913376,-69.78485192615472,-69.78485192615472
649.0300181913376,-69.78413127424679,-69.78413127424679
649.0400181913376,-69.7833799766017,-69.7833799766017
649.0500181913376,-69.78259880714896,-69.78259880714896
649.0600181913376,-69.78178854239407,-69.78178854239407
649.0700181913376,-69.78094995495475,-69.78094995495475
649.0800181913376,-69.78008380992958,-69.78008380992958
649.0900181913375,-69.77919086290424,-69.77919086290424
649.1000181913375,-69.77827185896403,-69.77827185896403
649.1100181913375,-69.77732753234746,-69.77732753234746
649.1200181913376,-69.77635860640738,-69.77635860640738
649.1300181913376,-69.77536579382905,-69.77536579382905
649.1400181913376,-69.7743497968693,-69.7743497968693
649.1500181913376,-69.77331130767921,-69.77331130767921
649.1600181913376,-69.77225100865903,-69.77225100865903
649.1700181913376,-69.77116957276307,-69.77116957276307
649.1800181913376,-69.77006766375786,-69.77006766375786
649.1900181913376,-69.76894593655197,-69.76894593655197
649.2000181913376,-69.76780503737665,-69.76780503737665
649.2100181913376,-69.76664560405115,-69.76664560405115
649.2200181913375,-69.7654682661414,-69.7654682661414
649.2300181913375,-69.76427364513401,-69.76427364513401
649.2400181913376,-69.76306235460098,-69.76306235460098
649.2500181913376,-69.76183500032361,-69.76183500032361
649.2600181913376,-69.7605921804049,-69.7605921804049
649.2700181913376,-69.7593344853844,-69.7593344853844
649.2800181913376,-69.75806249834825,-69.75806249834825
649.2900181913376,-69.75677679499684,-69.75677679499684
649.3000181913376,-69.75547794372835,-69.75547794372835
649.3100181913376,-69.75416650570764,-69.75416650570764
649.3200181913376,-69.75284303496707,-69.75284303496707
649.3300181913376,-69.75150807842681,-69.75150807842681
649.3400181913375,-69.75016217598568,-69.75016217598568
649.3500181913375,-69.748805860572,-69.748805860572
649.3600181913375,-69.74743965820748,-69.74743965820748
649.3700181913376,-69.74606408803629,-69.74606408803629
649.3800181913376,-69.74467966241204,-69.74467966241204
649.3900181913376,-69.74328688692098,-69.74328688692098
649.4000182151794,-69.74188625711274,-69.74188625711274
649.4100182151794,-69.7404782718821,-69.7404782718821
649.4200182151794,-69.73906341354929,-69.73906341354929
649.4300182151794,-69.73764216118515,-69.73764216118515
649.4400182151794,-69.73621498736733,-69.73621498736733
649.4500182151794,-69.73478235821828,-69.73478235821828
649.4600182151794,-69.73333866681917,-69.73333866681917
649.4700182151795,-69.73188171857001,-69.73188171857001
649.4800182151795,-69.73041067819209,-69.73041067819209
649.4900182151795,-69.728925335621,-69.728925335621
649.5000182151795,-69.72742582604138,-69.72742582604138
649.5100182151795,-69.72591248461117,-69.72591248461117
649.5200182151794,-69.72438576135106,-69.72438576135106
649.5300182151794,-69.7228461700151,-69.7228461700151
649.5400182151794,-69.72129425742123,-69.72129425742123
649.5500182151794,-69.71973058505198,-69.71973058505198
649.5600182151794,-69.71815571815233,-69.71815571815233
649.5700182151794,-69.71657021933635,-69.71657021933635
649.5800182151794,-69.7149746449641,-69.7149746449641
649.5900182151795,-69.71336954319806,-69.71336954319806
649.6000182151795,-69.71175545306704,-69.71175545306704
649.6100182151795,-69.71013290411264,-69.71013290411264
649.6200182151795,-69.70850241642705,-69.70850241642705
649.6300182151795,-69.70686450081999,-69.70686450081999
649.6400182151795,-69.7052196591615,-69.7052196591615
649.6500182151794,-69.70356838470258,-69.70356838470258
649.6600182151794,-69.70191116241517,-69.70191116241517
649.6700182151794,-69.70024846933079,-69.70024846933079
649.6800182151794,-69.69858077485699,-69.69858077485699
649.6900182151794,-69.69690854104098,-69.69690854104098
649.7000182151794,-69.69523222285841,-69.69523222285841
649.7100182151794,-69.6935522684022,-69.6935522684022
649.7200182151795,-69.69186911910238,-69.69186911910238
649.7300182151795,-69.69018320991164,-69.69018320991164
649.7400182151795,-69.68849496944485,-69.68849496944485
649.7500182151795,-69.6868048201445,-69.6868048201445
649.7600182151795,-69.68511317837628,-69.68511317837628
649.7700182151794,-69.68342045456887,-69.68342045456887
649.7800182151794,-69.68172705329988,-69.68172705329988
649.7900182151794,-69.68003337339739,-69.68003337339739
649.8000182151794,-69.6783398080057,-69.6783398080057
649.8100182151794,-69.67664674467387,-69.67664674467387
649.8200182151794,-69.67495456542738,-69.67495456542738
649.8300182151794,-69.67326364682063,-69.67326364682063
649.8400182151795,-69.67157436001563,-69.67157436001563
649.8500182151795,-69.6698870708209,-69.6698870708209
649.8600182151795,-69.6682021397659,-69.6682021397659
649.8700182151795,-69.66651992212094,-69.66651992212094
649.8800182151795,-69.6648407679819,-69.6648407679819
649.8900182151795,-69.66316502229397,-69.66316502229397
649.9000182151794,-69.6614930249285,-69.6614930249285
649.9100182151794,-69.65982511068998,-69.65982511068998
649.9200182151794,-69.65816160937824,-69.65816160937824
649.9300182151794,-69.65650284584909,-69.65650284584909
649.9400182151794,-69.65484914003571,-69.65484914003571
649.9500182151794,-69.65320080700374,-69.65320080700374
649.9600182151794,-69.6515581569797,-69.6515581569797
649.9700182151795,-69.64992149541362,-69.64992149541362
649.9800182151795,-69.64829112301176,-69.64829112301176
649.9900182151795,-69.64666733577958,-69.64666733577958
650.0000182151795,-69.6450504250718,-69.6450504250718
650.0100182151795,-69.64344067761363,-69.64344067761363
650.0200182151794,-69.64183837555709,-69.64183837555709
650.0300182151794,-69.64024379653888,-69.64024379653888
650.0400182151794,-69.63865721370416,-69.63865721370416
650.0500182151794,-69.63707889574148,-69.63707889574148
650.0600182151794,-69.63550910695174,-69.63550910695174
650.0700182151794,-69.63394810726386,-69.63394810726386
650.0800182151794,-69.63239615229595,-69.63239615229595
650.0900182151795,-69.63085349338013,-69.63085349338013
650.1000182151795,-69.6293203776462,-69.6293203776462
650.1100182151795,-69.62779704799274,-69.62779704799274
650.1200182151795,-69.62628374320641,-69.62628374320641
650.1300182151795,-69.6247806979516,-69.6247806979516
650.1400182151795,-69.62328814283819,-69.62328814283819
650.1500182151794,-69.62180630445627,-69.62180630445627
650.1600182151794,-69.62033540542414,-69.62033540542414
650.1700182151794,-69.61887566442583,-69.61887566442583
650.1800182151794,-69.61742729624505,-69.61742729624505
650.1900182151794,-69.61599051182809,-69.61599051182809
650.2000182151794,-69.61456551831742,-69.61456551831742
650.2100182151794,-69.6131525190837,-69.6131525190837
650.2200182151795,-69.61175171377778,-69.61175171377778
650.2300182151795,-69.61036329838387,-69.61036329838387
650.2400182151795,-69.60898746524109,-69.60898746524109
650.2500182390213,-69.60762439982707,-69.60762439982707
650.2600182390213,-69.60627429387426,-69.60627429387426
650.2700182390213,-69.6049373257737,-69.6049373257737
650.2800182390213,-69.60361367371851,-69.60361367371851
650.2900182390213,-69.60230351248764,-69.60230351248764
650.3000182390213,-69.60100701346833,-69.60100701346833
650.3100182390212,-69.5997243446894,-69.5997243446894
650.3200182390214,-69.59845567087628,-69.59845567087628
650.3300182390213,-69.59720115349077,-69.59720115349077
650.3400182390213,-69.59596095076196,-69.59596095076196
650.3500182390213,-69.59473521773272,-69.59473521773272
650.3600182390213,-69.59352410628657,-69.59352410628657
650.3700182390213,-69.5923277652084,-69.5923277652084
650.3800182390213,-69.5911463401974,-69.5911463401974
650.3900182390213,-69.58997997393696,-69.58997997393696
650.4000182390213,-69.58882880610246,-69.58882880610246
650.4100182390213,-69.58769297341854,-69.58769297341854
650.4200182390213,-69.58657260967873,-69.58657260967873
650.4300182390213,-69.58546784581603,-69.58546784581603
650.4400182390214,-69.58437880989888,-69.58437880989888
650.4500182390213,-69.58330562720808,-69.58330562720808
650.4600182390213,-69.58224842022837,-69.58224842022837
650.4700182390213,-69.58120730872857,-69.58120730872857
650.4800182390213,-69.58018240976246,-69.58018240976246
650.4900182390213,-69.57917383772671,-69.57917383772671
650.5000182390213,-69.57818170439049,-69.57818170439049
650.5100182390213,-69.57720611892947,-69.57720611892947
650.5200182390213,-69.57624718795721,-69.57624718795721
650.5300182390213,-69.57530501555925,-69.57530501555925
650.5400182390213,-69.57437970333477,-69.57437970333477
650.5500182390213,-69.57347135042544,-69.57347135042544
650.5600182390212,-69.57258005354721,-69.57258005354721
650.5700182390214,-69.57170590701031,-69.57170590701031
650.5800182390213,-69.57084900279109,-69.57084900279109
650.5900182390213,-69.57000943051538,-69.57000943051538
650.6000182390213,-69.5691872775308,-69.5691872775308
650.6100182390213,-69.56838262890653,-69.56838262890653
650.6200182390213,-69.56759556749103,-69.56759556749103
650.6300182390213,-69.56682617391746,-69.56682617391746
650.6400182390213,-69.56607452666124,-69.56607452666124
650.6500182390213,-69.56534070206023,-69.56534070206023
650.6600182390213,-69.56462477431691,-69.56462477431691
650.6700182390213,-69.56392681557232,-69.56392681557232
650.6800182390213,-69.56324689591263,-69.56324689591263
650.6900182390214,-69.5625850833871,-69.5625850833871
650.7000182390213,-69.5619414440756,-69.5619414440756
650.7100182390213,-69.56131604205949,-69.56131604205949
650.7200182390213,-69.56070893950996,-69.56070893950996
650.7300182390213,-69.56012019667148,-69.56012019667148
650.7400182390213,-69.55954987190039,-69.55954987190039
650.7500182390213,-69.55899802170418,-69.55899802170418
650.7600182390213,-69.55846470076273,-69.55846470076273
650.7700182390213,-69.55794996193646,-69.55794996193646
650.7800182390213,-69.55745385631656,-69.55745385631656
650.7900182390213,-69.55697643325264,-69.55697643325264
650.8000182390213,-69.55651774035442,-69.55651774035442
650.8100182390212,-69.556077823516,-69.556077823516
650.8200182390214,-69.55565672698167,-69.55565672698167
650.8300182390213,-69.55525449332652,-69.55525449332652
650.8400182390213,-69.5548711635062,-69.5548711635062
650.8500182390213,-69.55450677685404,-69.55450677685404
650.8600182390213,-69.55416137113747,-69.55416137113747
650.8700182390213,-69.55383498256157,-69.55383498256157
650.8800182390213,-69.5535276457919,-69.5535276457919
650.8900182390213,-69.55323939398515,-69.55323939398515
650.9000182390213,-69.55297025879801,-69.55297025879801
650.9100182390213,-69.55272027044168,-69.55272027044168
650.9200182390213,-69.55248945766097,-69.55248945766097
650.9300182390213,-69.55227784778324,-69.55227784778324
650.9400182390214,-69.5520854667255,-69.5520854667255
650.9500182390213,-69.55191233903743,-69.55191233903743
650.9600182390213,-69.55175848789133,-69.55175848789133
650.9700182390213,-69.5516239351244,-69.5516239351244
650.9800182390213,-69.55150870125337,-69.55150870125337
650.9900182390213,-69.55141280549162,-69.55141280549162
651.0000182390213,-69.55133626577398,-69.55133626577398
651.0100182390213,-69.55127909876515,-69.55127909876515
651.0200182390213,-69.55124131990057,-69.55124131990057
651.0300182390213,-69.55122294338098,-69.55122294338098
651.0400182390213,-69.5512239822069,-69.5512239822069
651.0500182390213,-69.5512444481957,-69.5512444481957
651.0600182390212,-69.55128435198561,-69.55128435198561
651.0700182390214,-69.55134370307906,-69.55134370307906
651.0800182390213,-69.55142250982969,-69.55142250982969
651.0900182390213,-69.55152077948125,-69.55152077948125
651.1000182628632,-69.55163851847017,-69.55163851847017
651.1100182628632,-69.55177573136065,-69.55177573136065
651.1200182628631,-69.55193242236103,-69.55193242236103
651.1300182628631,-69.55210859442714,-69.55210859442714
651.1400182628631,-69.55230424949092,-69.55230424949092
651.1500182628631,-69.55251938845947,-69.55251938845947
651.1600182628631,-69.55275401124237,-69.55275401124237
651.1700182628632,-69.55300811675892,-69.55300811675892
651.1800182628632,-69.55328170297572,-69.55328170297572
651.1900182628632,-69.5535747668944,-69.5535747668944
651.2000182628632,-69.55388730458,-69.55388730458
651.2100182628632,-69.55421931118462,-69.55421931118462
651.2200182628632,-69.55457078093963,-69.55457078093963
651.2300182628632,-69.55494170718802,-69.55494170718802
651.2400182628631,-69.5553320823987,-69.5553320823987
651.2500182628631,-69.55574189816431,-69.55574189816431
651.2600182628631,-69.55617114523791,-69.55617114523791
651.2700182628631,-69.55661981352664,-69.55661981352664
651.2800182628631,-69.55708789212316,-69.55708789212316
651.2900182628632,-69.55757536929029,-69.55757536929029
651.3000182628632,-69.55808223251918,-69.55808223251918
651.3100182628632,-69.55860846850449,-69.55860846850449
651.3200182628632,-69.55915406316382,-69.55915406316382
651.3300182628632,-69.55971900166413,-69.55971900166413
651.3400182628632,-69.56030326842686,-69.56030326842686
651.3500182628632,-69.56090684712713,-69.56090684712713
651.3600182628632,-69.56152972073798,-69.56152972073798
651.3700182628631,-69.56217187149973,-69.56217187149973
651.3800182628631,-69.56283328098083,-69.56283328098083
651.3900182628631,-69.56351393003852,-69.56351393003852
651.4000182628631,-69.56421379886578,-69.56421379886578
651.4100182628631,-69.56493286700096,-69.56493286700096
651.4200182628632,-69.56567111330676,-69.56567111330676
651.4300182628632,-69.56642851603414,-69.56642851603414
651.4400182628632,-69.56720505277782,-69.56720505277782
651.4500182628632,-69.56800070052644,-69.56800070052644
651.4600182628632,-69.56881543565652,-69.56881543565652
651.4700182628632,-69.5696492339493,-69.5696492339493
651.4800182628632,-69.57050207058079,-69.57050207058079
651.4900182628631,-69.57137392017164,-69.57137392017164
651.5000182628631,-69.57226475676836,-69.57226475676836
651.5100182628631,-69.57317455384894,-69.57317455384894
651.5200182628631,-69.57410328434985,-69.57410328434985
651.5300182628631,-69.57505092067107,-69.57505092067107
651.5400182628632,-69.57601743467332,-69.57601743467332
651.5500182628632,-69.57700279770731,-69.57700279770731
651.5600182628632,-69.57800698061143,-69.57800698061143
651.5700182628632,-69.57902995371322,-69.57902995371322
651.5800182628632,-69.58007168685884,-69.58007168685884
651.5900182628632,-69.58113214940987,-69.58113214940987
651.6000182628632,-69.58221131023679,-69.58221131023679
651.6100182628632,-69.58330913776177,-69.58330913776177
651.6200182628631,-69.5844255999436,-69.5844255999436
651.6300182628631,-69.58556066428415,-69.58556066428415
651.6400182628631,-69.58671429785109,-69.58671429785109
651.6500182628631,-69.58788646727942,-69.58788646727942
651.6600182628631,-69.58907713877623,-69.58907713877623
651.6700182628632,-69.59028627811753,-69.59028627811753
651.6800182628632,-69.59151385070214,-69.59151385070214
651.6900182628632,-69.59275982149812,-69.59275982149812
651.7000182628632,-69.59402415509255,-69.59402415509255
651.7100182628632,-69.595306815677,-69.595306815677
651.7200182628632,-69.59660776708122,-69.59660776708122
651.7300182628632,-69.59792697273429,-69.59792697273429
651.7400182628631,-69.59926439572567,-69.59926439572567
651.7500182628631,-69.60061999877486,-69.60061999877486
651.7600182628631,-69.60199374424838,-69.60199374424838
651.7700182628631,-69.60338559417849,-69.60338559417849
651.7800182628631,-69.60479551025034,-69.60479551025034
651.7900182628632,-69.6062234538195,-69.6062234538195
651.8000182628632,-69.60766938593288,-69.60766938593288
651.8100182628632,-69.60913326730504,-69.60913326730504
651.8200182628632,-69.61061505834654,-69.61061505834654
651.8300182628632,-69.61211471915128,-69.61211471915128
651.8400182628632,-69.6136322095252,-69.6136322095252
651.8500182628632,-69.615167488979,-69.615167488979
651.8600182628632,-69.6167205167412,-69.6167205167412
651.8700182628631,-69.61829125175453,-69.61829125175453
651.8800182628631,-69.61987965269735,-69.61987965269735
651.8900182628631,-69.62148567796655,-69.62148567796655
651.9000182628631,-69.62310928569876,-69.62310928569876
651.9100182628631,-69.62475043378345,-69.62475043378345
651.9200182628632,-69.62640907985153,-69.62640907985153
651.9300182628632,-69.62808518128789,-69.62808518128789
651.9400182628632,-69.62977869524222,-69.62977869524222
651.950018286705,-69.63148958270087,-69.63148958270087
651.960018286705,-69.63321779225478,-69.63321779225478
651.970018286705,-69.6349632843579,-69.6349632843579
651.980018286705,-69.63672601525693,-69.63672601525693
651.990018286705,-69.63850594098032,-69.63850594098032
652.000018286705,-69.64030301734118,-69.64030301734118
652.010018286705,-69.64211719994262,-69.64211719994262
652.0200182867051,-69.64394844420316,-69.64394844420316
652.0300182867051,-69.64579670533774,-69.64579670533774
652.040018286705,-69.64766193836728,-69.64766193836728
652.050018286705,-69.6495440981347,-69.6495440981347
652.060018286705,-69.65144313930733,-69.65144313930733
652.070018286705,-69.65335901635306,-69.65335901635306
652.080018286705,-69.65529168358918,-69.65529168358918
652.090018286705,-69.65724109516437,-69.65724109516437
652.100018286705,-69.65920720505447,-69.65920720505447
652.110018286705,-69.6611899670861,-69.6611899670861
652.120018286705,-69.6631893349205,-69.6631893349205
652.130018286705,-69.66520526208151,-69.66520526208151
652.1400182867051,-69.66723770193805,-69.66723770193805
652.1500182867051,-69.66928660772356,-69.66928660772356
652.160018286705,-69.67135193253169,-69.67135193253169
652.170018286705,-69.67343362931788,-69.67343362931788
652.180018286705,-69.67553165090071,-69.67553165090071
652.190018286705,-69.6776459499895,-69.6776459499895
652.200018286705,-69.67977647915878,-69.67977647915878
652.210018286705,-69.68191712179492,-69.68191712179492
652.220018286705,-69.68406517516208,-69.68406517516208
652.230018286705,-69.68621930100605,-69.68621930100605
652.240018286705,-69.68837879236362,-69.68837879236362
652.250018286705,-69.69054329385126,-69.69054329385126
652.260018286705,-69.69271265636351,-69.69271265636351
652.2700182867051,-69.69488685195807,-69.69488685195807
652.2800182867051,-69.69706592272672,-69.69706592272672
652.290018286705,-69.69924995001178,-69.69924995001178
652.300018286705,-69.70143903598428,-69.70143903598428
652.310018286705,-69.70363329268727,-69.70363329268727
652.320018286705,-69.70583283553775,-69.70583283553775
652.330018286705,-69.70803777966117,-69.70803777966117
652.340018286705,-69.71024823788949,-69.71024823788949
652.350018286705,-69.71246431975726,-69.71246431975726
652.360018286705,-69.71468613106278,-69.71468613106278
652.370018286705,-69.71691377388247,-69.71691377388247
652.380018286705,-69.71914734665806,-69.71914734665806
652.3900182867051,-69.72138694445972,-69.72138694445972
652.4000182867051,-69.72363265929387,-69.72363265929387
652.410018286705,-69.72588458032192,-69.72588458032192
652.420018286705,-69.72814279420241,-69.72814279420241
652.430018286705,-69.73040738531509,-69.73040738531509
652.440018286705,-69.73267843598704,-69.73267843598704
652.450018286705,-69.73495602668652,-69.73495602668652
652.460018286705,-69.73724023621922,-69.73724023621922
652.470018286705,-69.7395311418435,-69.7395311418435
652.480018286705,-69.7418288193988,-69.7418288193988
652.490018286705,-69.74413334343765,-69.74413334343765
652.500018286705,-69.74644478728658,-69.74644478728658
652.510018286705,-69.74876322311705,-69.74876322311705
652.5200182867051,-69.7510887220221,-69.7510887220221
652.5300182867051,-69.7534213540531,-69.7534213540531
652.540018286705,-69.75576118825063,-69.75576118825063
652.550018286705,-69.75810829268603,-69.75810829268603
652.560018286705,-69.76046273447943,-69.76046273447943
652.570018286705,-69.76282457982686,-69.76282457982686
652.580018286705,-69.76519389400039,-69.76519389400039
652.590018286705,-69.76757074136769,-69.76757074136769
652.600018286705,-69.76995518540215,-69.76995518540215
652.610018286705,-69.77234728866551,-69.77234728866551
652.620018286705,-69.77474711283034,-69.77474711283034
652.630018286705,-69.77715471866757,-69.77715471866757
652.6400182867051,-69.77957016605099,-69.77957016605099
652.6500182867051,-69.78199351397906,-69.78199351397906
652.660018286705,-69.78442482051473,-69.78442482051473
652.670018286705,-69.78686414282288,-69.78686414282288
652.680018286705,-69.78931153717367,-69.78931153717367
652.690018286705,-69.79176705891011,-69.79176705891011
652.700018286705,-69.79423076245288,-69.79423076245288
652.710018286705,-69.79670270130921,-69.79670270130921
652.720018286705,-69.79918292805343,-69.79918292805343
652.730018286705,-69.80167149434027,-69.80167149434027
652.740018286705,-69.8041684508855,-69.8041684508855
652.750018286705,-69.80667384745678,-69.80667384745678
652.760018286705,-69.80918773289446,-69.80918773289446
652.7700182867051,-69.81171015508623,-69.81171015508623
652.7800182867051,-69.81424116099002,-69.81424116099002
652.790018286705,-69.81678079660395,-69.81678079660395
652.8000183105469,-69.81932911305312,-69.81932911305312
652.8100183105469,-69.82188614234231,-69.82188614234231
652.8200183105469,-69.82445193365115,-69.82445193365115
652.8300183105468,-69.82702652919892,-69.82702652919892
652.8400183105468,-69.82960997024075,-69.82960997024075
652.8500183105468,-69.83220229709286,-69.83220229709286
652.8600183105468,-69.8348035491202,-69.8348035491202
652.8700183105469,-69.83741376474384,-69.83741376474384
652.8800183105469,-69.84003298144637,-69.84003298144637
652.8900183105469,-69.84266123576252,-69.84266123576252
652.9000183105469,-69.84529856329371,-69.84529856329371
652.9100183105469,-69.84794499870355,-69.84794499870355
652.9200183105469,-69.85060057572778,-69.85060057572778
652.9300183105469,-69.85326532718445,-69.85326532718445
652.9400183105469,-69.85593928496249,-69.85593928496249
652.9500183105469,-69.85862248002658,-69.85862248002658
652.9600183105468,-69.86131494243416,-69.86131494243416
652.9700183105468,-69.86401670133183,-69.86401670133183
652.9800183105468,-69.8667277849607,-69.8667277849607
652.9900183105469,-69.86944822067174,-69.86944822067174
653.0000183105469,-69.8721780349382,-69.8721780349382
653.0100183105469,-69.87491725332261,-69.87491725332261
653.0200183105469,-69.87766590052223,-69.87766590052223
653.0300183105469,-69.88042400035644,-69.88042400035644
653.0400183105469,-69.88319157578933,-69.88319157578933
653.0500183105469,-69.88596864892048,-69.88596864892048
653.0600183105469,-69.88875524100182,-69.88875524100182
653.0700183105469,-69.89155137243812,-69.89155137243812
653.0800183105468,-69.89435706279566,-69.89435706279566
653.0900183105468,-69.89717233080975,-69.89717233080975
653.1000183105468,-69.89999719441093,-69.89999719441093
653.1100183105468,-69.90283167070127,-69.90283167070127
653.1200183105469,-69.90567577597852,-69.90567577597852
653.1300183105469,-69.90852952574838,-69.90852952574838
653.1400183105469,-69.91139293473309,-69.91139293473309
653.1500183105469,-69.91426601686456,-69.91426601686456
653.1600183105469,-69.91714878530102,-69.91714878530102
653.1700183105469,-69.92004125243659,-69.92004125243659
653.1800183105469,-69.9229434299206,-69.9229434299206
653.1900183105469,-69.92585532863974,-69.92585532863974
653.2000183105469,-69.92877695874844,-69.92877695874844
653.2100183105468,-69.9317083296833,-69.9317083296833
653.2200183105468,-69.93464945013571,-69.93464945013571
653.2300183105468,-69.93760032810354,-69.93760032810354
653.2400183105469,-69.94056097085381,-69.94056097085381
653.2500183105469,-69.94353138500053,-69.94353138500053
653.2600183105469,-69.94651157642794,-69.94651157642794
653.2700183105469,-69.94950155036376,-69.94950155036376
653.2800183105469,-69.95250131136423,-69.95250131136423
653.2900183105469,-69.95551086332001,-69.95551086332001
653.3000183105469,-69.95853020946487,-69.95853020946487
653.3100183105469,-69.96155935239736,-69.96155935239736
653.3200183105469,-69.96459829407574,-69.96459829407574
653.3300183105468,-69.96764703582782,-69.96764703582782
653.3400183105468,-69.97070557837336,-69.97070557837336
653.3500183105468,-69.97377392181421,-69.97377392181421
653.3600183105468,-69.97685206565474,-69.97685206565474
653.3700183105469,-69.97994000878802,-69.97994000878802
653.3800183105469,-69.98303774955805,-69.98303774955805
653.3900183105469,-69.98614528570253,-69.98614528570253
653.4000183105469,-69.98926261440245,-69.98926261440245
653.4100183105469,-69.99238973227654,-69.99238973227654
653.4200183105469,-69.99552663539754,-69.99552663539754
653.4300183105469,-69.99867331928468,-69.99867331928468
653.4400183105469,-70.00182977892528,-70.00182977892528
653.4500183105469,-70.00499600878283,-70.00499600878283
653.4600183105468,-70.00817200280066,-70.00817200280066
653.4700183105468,-70.01135775440895,-70.01135775440895
653.4800183105468,-70.01455325653471,-70.01455325653471
653.4900183105469,-70.01775850161125,-70.01775850161125
653.5000183105469,-70.02097348158331,-70.02097348158331
653.5100183105469,-70.02419818791707,-70.02419818791707
653.5200183105469,-70.02743261159651,-70.02743261159651
653.5300183105469,-70.03067674315113,-70.03067674315113
653.5400183105469,-70.03393057265129,-70.03393057265129
653.5500183105469,-70.03719408971597,-70.03719408971597
653.5600183105469,-70.04046728350659,-70.04046728350659
653.5700183105469,-70.04375014276901,-70.04375014276901
653.5800183105468,-70.0470426558203,-70.0470426558203
653.5900183105468,-70.05034481054805,-70.05034481054805
653.6000183105468,-70.0536565944185,-70.0536565944185
653.6100183105468,-70.05697799450714,-70.05697799450714
653.6200183105469,-70.06030899747643,-70.06030899747643
653.6300183105469,-70.06364958960187,-70.06364958960187
653.6400183105469,-70.06699975677549,-70.06699975677549
653.6500183343887,-70.07035949249911,-70.07035949249911
653.6600183343887,-70.07372876594711,-70.07372876594711
653.6700183343887,-70.07710756983114,-70.07710756983114
653.6800183343887,-70.08049588857065,-70.08049588857065
653.6900183343887,-70.08389370621425,-70.08389370621425
653.7000183343887,-70.08730100647277,-70.08730100647277
653.7100183343887,-70.09071777270235,-70.09071777270235
653.7200183343888,-70.09414398792316,-70.09414398792316
653.7300183343888,-70.09757963485123,-70.09757963485123
653.7400183343888,-70.10102469584758,-70.10102469584758
653.7500183343888,-70.10447915297047,-70.10447915297047
653.7600183343887,-70.1079429879709,-70.1079429879709
653.7700183343887,-70.11141618228764,-70.11141618228764
653.7800183343887,-70.11489871705328,-70.11489871705328
653.7900183343887,-70.1183905731281,-70.1183905731281
653.8000183343887,-70.12189173105973,-70.12189173105973
653.8100183343887,-70.12540217112829,-70.12540217112829
653.8200183343887,-70.12892187332314,-70.12892187332314
653.8300183343887,-70.13245081737621,-70.13245081737621
653.8400183343888,-70.13598898273656,-70.13598898273656
653.8500183343888,-70.13953634861271,-70.13953634861271
653.8600183343888,-70.14309289393252,-70.14309289393252
653.8700183343888,-70.14665859739675,-70.14665859739675
653.8800183343888,-70.15023343744302,-70.15023343744302
653.8900183343887,-70.15381739227249,-70.15381739227249
653.9000183343887,-70.15741043984697,-70.15741043984697
653.9100183343887,-70.16101255790159,-70.16101255790159
653.9200183343887,-70.16462372394106,-70.16462372394106
653.9300183343887,-70.16824391525124,-70.16824391525124
653.9400183343887,-70.17187310889969,-70.17187310889969
653.9500183343887,-70.17551128173561,-70.17551128173561
653.9600183343887,-70.1791584104074,-70.1791584104074
653.9700183343888,-70.18281447135796,-70.18281447135796
653.9800183343888,-70.18647944083688,-70.18647944083688
653.9900183343888,-70.19015329488263,-70.19015329488263
654.0000183343888,-70.19383600935754,-70.19383600935754
654.0100183343887,-70.19752755992671,-70.19752755992671
654.0200183343887,-70.20122792208197,-70.20122792208197
654.0300183343887,-70.20493707112647,-70.20493707112647
654.0400183343887,-70.20865498220356,-70.20865498220356
654.0500183343887,-70.21238163027859,-70.21238163027859
654.0600183343887,-70.21611699014824,-70.21611699014824
654.0700183343887,-70.21986103644521,-70.21986103644521
654.0800183343887,-70.22361374364918,-70.22361374364918
654.0900183343888,-70.22737508608209,-70.22737508608209
654.1000183343888,-70.23114503791824,-70.23114503791824
654.1100183343888,-70.23492357318271,-70.23492357318271
654.1200183343888,-70.23871066575823,-70.23871066575823
654.1300183343888,-70.24250628937249,-70.24250628937249
654.1400183343887,-70.2463104176451,-70.2463104176451
654.1500183343887,-70.25012302404022,-70.25012302404022
654.1600183343887,-70.25394408189398,-70.25394408189398
654.1700183343887,-70.25777356442273,-70.25777356442273
654.1800183343887,-70.26161144471233,-70.26161144471233
654.1900183343887,-70.26545769573919,-70.26545769573919
654.2000183343887,-70.26931229035299,-70.26931229035299
654.2100183343887,-70.27317520128852,-70.27317520128852
654.2200183343888,-70.27704640118567,-70.27704640118567
654.2300183343888,-70.28092586255876,-70.28092586255876
654.2400183343888,-70.2848135578255,-70.2848135578255
654.2500183343888,-70.2887094593004,-70.2887094593004
654.2600183343887,-70.29261353920337,-70.29261353920337
654.2700183343887,-70.29652576964847,-70.29652576964847
654.2800183343887,-70.30044612267058,-70.30044612267058
654.2900183343887,-70.30437457019504,-70.30437457019504
654.3000183343887,-70.30831108408888,-70.30831108408888
654.3100183343887,-70.31225563611011,-70.31225563611011
654.3200183343887,-70.31620819793861,-70.31620819793861
654.3300183343887,-70.32016874118729,-70.32016874118729
654.3400183343888,-70.32413723737272,-70.32413723737272
654.3500183343888,-70.32811365796051,-70.32811365796051
654.3600183343888,-70.33209797432629,-70.33209797432629
654.3700183343888,-70.33609015778383,-70.33609015778383
654.3800183343888,-70.34009017957884,-70.34009017957884
654.3900183343887,-70.34409801089056,-70.34409801089056
654.4000183343887,-70.34811362283803,-70.34811362283803
654.4100183343887,-70.35213698647961,-70.35213698647961
654.4200183343887,-70.3561680728231,-70.3561680728231
654.4300183343887,-70.3602068528087,-70.3602068528087
654.4400183343887,-70.3642532973393,-70.3642532973393
654.4500183343887,-70.36830737724875,-70.36830737724875
654.4600183343887,-70.3723690633352,-70.3723690633352
654.4700183343888,-70.37643832634625,-70.37643832634625
654.4800183343888,-70.3805151369945,-70.3805151369945
654.4900183343888,-70.38459946593052,-70.38459946593052
654.5000183582306,-70.38869129352265,-70.38869129352265
654.5100183582306,-70.39279057090194,-70.39279057090194
654.5200183582306,-70.39689727831495,-70.39689727831495
654.5300183582306,-70.40101138627544,-70.40101138627544
654.5400183582306,-70.405132865258,-70.405132865258
654.5500183582305,-70.40926168572717,-70.40926168572717
654.5600183582305,-70.41339781809162,-70.41339781809162
654.5700183582306,-70.41754123274997,-70.41754123274997
654.5800183582306,-70.42169190007077,-70.42169190007077
654.5900183582306,-70.42584979039273,-70.42584979039273
654.6000183582306,-70.43001487403694,-70.43001487403694
654.6100183582306,-70.43418712130912,-70.43418712130912
654.6200183582306,-70.43836650248906,-70.43836650248906
654.6300183582306,-70.44255298784282,-70.44255298784282
654.6400183582306,-70.44674654762412,-70.44674654762412
654.6500183582306,-70.4509471520701,-70.4509471520701
654.6600183582306,-70.45515477140016,-70.45515477140016
654.6700183582305,-70.45936937583274,-70.45936937583274
654.6800183582305,-70.46359093557187,-70.46359093557187
654.6900183582306,-70.46781942081103,-70.46781942081103
654.7000183582306,-70.47205480175495,-70.47205480175495
654.7100183582306,-70.47629090350662,-70.47629090350662
654.7200183582306,-70.48052500305282,-70.48052500305282
654.7300183582306,-70.48475575758424,-70.48475575758424
654.7400183582306,-70.48898246320293,-70.48898246320293
654.7500183582306,-70.49320477203712,-70.49320477203712
654.7600183582306,-70.49742254533203,-70.49742254533203
654.7700183582306,-70.5016357673455,-70.5016357673455
654.7800183582306,-70.50584449366448,-70.50584449366448
654.7900183582306,-70.51004882007835,-70.51004882007835
654.8000183582305,-70.51424886393525,-70.51424886393525
654.8100183582305,-70.51844475301937,-70.51844475301937
654.8200183582306,-70.52263661899396,-70.52263661899396
654.8300183582306,-70.52682459367914,-70.52682459367914
654.8400183582306,-70.5310088069613,-70.5310088069613
654.8500183582306,-70.53518938575539,-70.53518938575539
654.8600183582306,-70.53936645360356,-70.53936645360356
654.8700183582306,-70.54354013058597,-70.54354013058597
654.8800183582306,-70.54771053345254,-70.54771053345254
654.8900183582306,-70.5518777758441,-70.5518777758441
654.9000183582306,-70.55604196856454,-70.55604196856454
654.9100183582306,-70.56020321985201,-70.56020321985201
654.9200183582305,-70.56436163564486,-70.56436163564486
654.9300183582305,-70.56851731981364,-70.56851731981364
654.9400183582306,-70.57267037438803,-70.57267037438803
654.9500183582306,-70.5768208997526,-70.5768208997526
654.9600183582306,-70.5809689947861,-70.5809689947861
654.9700183582306,-70.58511475701867,-70.58511475701867
654.9800183582306,-70.58925828273814,-70.58925828273814
654.9900183582306,-70.59339966708535,-70.59339966708535
655.0000183582306,-70.59753900415369,-70.59753900415369
655.0100183582306,-70.60167638702198,-70.60167638702198
655.0200183582306,-70.60581190782815,-70.60581190782815
655.0300183582306,-70.60994565780592,-70.60994565780592
655.0400183582306,-70.61407772732015,-70.61407772732015
655.0500183582305,-70.61820820587778,-70.61820820587778
655.0600183582305,-70.62233718217092,-70.62233718217092
655.0700183582306,-70.62646474405165,-70.62646474405165
655.0800183582306,-70.63059097858648,-70.63059097858648
655.0900183582306,-70.63471597203085,-70.63471597203085
655.1000183582306,-70.63883980983634,-70.63883980983634
655.1100183582306,-70.64296257664515,-70.64296257664515
655.1200183582306,-70.64708435630263,-70.64708435630263
655.1300183582306,-70.65120523185084,-70.65120523185084
655.1400183582306,-70.65532528550416,-70.65532528550416
655.1500183582306,-70.65944459865693,-70.65944459865693
655.1600183582306,-70.66356325188688,-70.66356325188688
655.1700183582305,-70.66768132492174,-70.66768132492174
655.1800183582305,-70.67179889666252,-70.67179889666252
655.1900183582306,-70.67591604514608,-70.67591604514608
655.2000183582306,-70.6800328475644,-70.6800328475644
655.2100183582306,-70.6841493802353,-70.6841493802353
655.2200183582306,-70.68826571862589,-70.68826571862589
655.2300183582306,-70.69238193729488,-70.69238193729488
655.2400183582306,-70.69649810993116,-70.69649810993116
655.2500183582306,-70.70061430934612,-70.70061430934612
655.2600183582306,-70.70473060743122,-70.70473060743122
655.2700183582306,-70.70884707519342,-70.70884707519342
655.2800183582306,-70.71296378272383,-70.71296378272383
655.2900183582306,-70.71708079920421,-70.71708079920421
655.3000183582305,-70.72119819292209,-70.72119819292209
655.3100183582305,-70.72531603121162,-70.72531603121162
655.3200183582306,-70.72943438051776,-70.72943438051776
655.3300183582306,-70.73355330635847,-70.73355330635847
655.3400183582306,-70.73767287331432,-70.73767287331432
655.3500183820724,-70.74179315485486,-70.74179315485486
655.3600183820724,-70.74591419412049,-70.74591419412049
655.3700183820724,-70.75003606270484,-70.75003606270484
655.3800183820724,-70.75415882150791,-70.75415882150791
655.3900183820724,-70.75828253048509,-70.75828253048509
655.4000183820724,-70.76240724867333,-70.76240724867333
655.4100183820724,-70.76653303418342,-70.76653303418342
655.4200183820725,-70.77065994420677,-70.77065994420677
655.4300183820725,-70.77478803502623,-70.77478803502623
655.4400183820725,-70.77891736199243,-70.77891736199243
655.4500183820725,-70.78304797954401,-70.78304797954401
655.4600183820725,-70.78717994121166,-70.78717994121166
655.4700183820725,-70.79131329962672,-70.79131329962672
655.4800183820724,-70.7954481065115,-70.7954481065115
655.4900183820724,-70.79958441269483,-70.79958441269483
655.5000183820724,-70.80372226809412,-70.80372226809412
655.5100183820724,-70.80786172175614,-70.80786172175614
655.5200183820724,-70.81200282184173,-70.81200282184173
655.5300183820724,-70.81614561562286,-70.81614561562286
655.5400183820725,-70.82029014950687,-70.82029014950687
655.5500183820725,-70.82443646903258,-70.82443646903258
655.5600183820725,-70.82858461886525,-70.82858461886525
655.5700183820725,-70.83273464282705,-70.83273464282705
655.5800183820725,-70.8368865838903,-70.8368865838903
655.5900183820725,-70.84104048417569,-70.84104048417569
655.6000183820724,-70.84519638497446,-70.84519638497446
655.6100183820724,-70.84935432674067,-70.84935432674067
655.6200183820724,-70.85351434911732,-70.85351434911732
655.6300183820724,-70.85767649091831,-70.85767649091831
655.6400183820724,-70.86184079015442,-70.86184079015442
655.6500183820724,-70.86600728404153,-70.86600728404153
655.6600183820724,-70.87017600899084,-70.87017600899084
655.6700183820725,-70.8743470006316,-70.8743470006316
655.6800183820725,-70.87852029381492,-70.87852029381492
655.6900183820725,-70.8826959226237,-70.8826959226237
655.7000183820725,-70.88687392036331,-70.88687392036331
655.7100183820725,-70.89105431959658,-70.89105431959658
655.7200183820725,-70.8952371521322,-70.8952371521322
655.7300183820724,-70.89942244903918,-70.89942244903918
655.7400183820724,-70.903610240658,-70.903610240658
655.7500183820724,-70.90780055659862,-70.90780055659862
655.7600183820724,-70.91199342575253,-70.91199342575253
655.7700183820724,-70.91618887630574,-70.91618887630574
655.7800183820724,-70.92038693574143,-70.92038693574143
655.7900183820725,-70.92458763085895,-70.92458763085895
655.8000183820725,-70.92879098776059,-70.92879098776059
655.8100183820725,-70.93299703187984,-70.93299703187984
655.8200183820725,-70.93720578798462,-70.93720578798462
655.8300183820725,-70.94141728016051,-70.94141728016051
655.8400183820725,-70.94563153186441,-70.94563153186441
655.8500183820724,-70.94984856589306,-70.94984856589306
655.8600183820724,-70.95406840441794,-70.95406840441794
655.8700183820724,-70.95829106897307,-70.95829106897307
655.8800183820724,-70.96251658046914,-70.96251658046914
655.8900183820724,-70.96674495920922,-70.96674495920922
655.9000183820724,-70.97097622489508,-70.97097622489508
655.9100183820724,-70.97521039661251,-70.97521039661251
655.9200183820725,-70.97944749287994,-70.97944749287994
655.9300183820725,-70.9836875316213,-70.9836875316213
655.9400183820725,-70.98793053017621,-70.98793053017621
655.9500183820725,-70.99217650534098,-70.99217650534098
655.9600183820725,-70.99642547333951,-70.99642547333951
655.9700183820725,-71.00067744984075,-71.00067744984075
655.9800183820724,-71.00493244996898,-71.00493244996898
655.9900183820724,-71.00919048832608,-71.00919048832608
656.0000183820724,-71.01345157896554,-71.01345157896554
656.0100183820724,-71.0177157354291,-71.0177157354291
656.0200183820724,-71.02198297073765,-71.02198297073765
656.0300183820724,-71.02625329741458,-71.02625329741458
656.0400183820725,-71.03052672747684,-71.03052672747684
656.0500183820725,-71.03480327244762,-71.03480327244762
656.0600183820725,-71.03908294335328,-71.03908294335328
656.0700183820725,-71.04336575075604,-71.04336575075604
656.0800183820725,-71.04765170474677,-71.04765170474677
656.0900183820725,-71.05194081494193,-71.05194081494193
656.1000183820724,-71.05623309050196,-71.05623309050196
656.1100183820724,-71.06052854013879,-71.06052854013879
656.1200183820724,-71.06482717210345,-71.06482717210345
656.1300183820724,-71.06912899423298,-71.06912899423298
656.1400183820724,-71.07343401391279,-71.07343401391279
656.1500183820724,-71.07774223811361,-71.07774223811361
656.1600183820724,-71.08205367338192,-71.08205367338192
656.1700183820725,-71.08636832584081,-71.08636832584081
656.1800183820725,-71.09068620123412,-71.09068620123412
656.1900183820725,-71.09500730487859,-71.09500730487859
656.2000184059143,-71.0993316520028,-71.0993316520028
656.2100184059143,-71.10365922658934,-71.10365922658934
656.2200184059143,-71.10799004305397,-71.10799004305397
656.2300184059143,-71.11232410519408,-71.11232410519408
656.2400184059143,-71.11666141642398,-71.11666141642398
656.2500184059143,-71.12100197979353,-71.12100197979353
656.2600184059143,-71.12534579799794,-71.12534579799794
656.2700184059144,-71.12969287337036,-71.12969287337036
656.2800184059143,-71.13404320790538,-71.13404320790538
656.2900184059143,-71.13839680325552,-71.13839680325552
656.3000184059143,-71.14275366072546,-71.14275366072546
656.3100184059143,-71.14711378129887,-71.14711378129887
656.3200184059143,-71.1514771656223,-71.1514771656223
656.3300184059143,-71.15584381404031,-71.15584381404031
656.3400184059143,-71.16021372656216,-71.16021372656216
656.3500184059143,-71.16458690290219,-71.16458690290219
656.3600184059143,-71.16896334246357,-71.16896334246357
656.3700184059143,-71.17334304434969,-71.17334304434969
656.3800184059143,-71.17772600736194,-71.17772600736194
656.3900184059144,-71.18211223001623,-71.18211223001623
656.4000184059144,-71.18650171055593,-71.18650171055593
656.4100184059143,-71.19089444692835,-71.19089444692835
656.4200184059143,-71.19529043680649,-71.19529043680649
656.4300184059143,-71.19968967759621,-71.19968967759621
656.4400184059143,-71.20409216643188,-71.20409216643188
656.4500184059143,-71.20849790019203,-71.20849790019203
656.4600184059143,-71.21290687549974,-71.21290687549974
656.4700184059143,-71.21731908870946,-71.21731908870946
656.4800184059143,-71.22173453593668,-71.22173453593668
656.4900184059143,-71.22615321305781,-71.22615321305781
656.5000184059143,-71.23057511569775,-71.23057511569775
656.5100184059143,-71.23500023925476,-71.23500023925476
656.5200184059144,-71.23942857888531,-71.23942857888531
656.5300184059143,-71.24386012953022,-71.24386012953022
656.5400184059143,-71.24829488589617,-71.24829488589617
656.5500184059143,-71.25273284247332,-71.25273284247332
656.5600184059143,-71.25717399354065,-71.25717399354065
656.5700184059143,-71.2616183331518,-71.2616183331518
656.5800184059143,-71.26606585516213,-71.26606585516213
656.5900184059143,-71.27051655322448,-71.27051655322448
656.6000184059143,-71.27497042078309,-71.27497042078309
656.6100184059143,-71.27942745108481,-71.27942745108481
656.6200184059143,-71.28388763718723,-71.28388763718723
656.6300184059143,-71.28835097195459,-71.28835097195459
656.6400184059144,-71.29281744807709,-71.29281744807709
656.6500184059144,-71.29728705804179,-71.29728705804179
656.6600184059143,-71.30175979416046,-71.30175979416046
656.6700184059143,-71.30623564858078,-71.30623564858078
656.6800184059143,-71.3107146132629,-71.3107146132629
656.6900184059143,-71.31519668001157,-71.31519668001157
656.7000184059143,-71.31968184044742,-71.31968184044742
656.7100184059143,-71.3241700860397,-71.3241700860397
656.7200184059143,-71.3286614080935,-71.3286614080935
656.7300184059143,-71.33315579775537,-71.33315579775537
656.7400184059143,-71.33765324601839,-71.33765324601839
656.7500184059143,-71.34215374372853,-71.34215374372853
656.7600184059143,-71.34665728158089,-71.34665728158089
656.7700184059144,-71.3511638501128,-71.3511638501128
656.7800184059143,-71.35567343974049,-71.35567343974049
656.7900184059143,-71.36018604073142,-71.36018604073142
656.8000184059143,-71.36470164320654,-71.36470164320654
656.8100184059143,-71.3692202371591,-71.3692202371591
656.8200184059143,-71.37374181245733,-71.37374181245733
656.8300184059143,-71.3782663588312,-71.3782663588312
656.8400184059143,-71.38279386588675,-71.38279386588675
656.8500184059143,-71.38732432311319,-71.38732432311319
656.8600184059143,-71.39185771987279,-71.39185771987279
656.8700184059143,-71.39639404540272,-71.39639404540272
656.8800184059143,-71.4009332888318,-71.4009332888318
656.8900184059144,-71.40547543917889,-71.40547543917889
656.9000184059144,-71.41002048534673,-71.41002048534673
656.9100184059143,-71.4145684161168,-71.4145684161168
656.9200184059143,-71.41911922018592,-71.41911922018592
656.9300184059143,-71.42367288613474,-71.42367288613474
656.9400184059143,-71.4282294024403,-71.4282294024403
656.9500184059143,-71.43278875748116,-71.43278875748116
656.9600184059143,-71.43735093954193,-71.43735093954193
656.9700184059143,-71.44191593680831,-71.44191593680831
656.9800184059143,-71.44648373737554,-71.44648373737554
656.9900184059143,-71.45105432924453,-71.45105432924453
657.0000184059143,-71.45562770032575,-71.45562770032575
657.0100184059143,-71.46020383844728,-71.46020383844728
657.0200184059144,-71.46478273134954,-71.46478273134954
657.0300184059143,-71.4693643666874,-71.4693643666874
657.0400184059143,-71.47394873203896,-71.47394873203896
657.0500184297562,-71.47853582581779,-71.47853582581779
657.0600184297562,-71.48312561362539,-71.48312561362539
657.0700184297561,-71.48771809369624,-71.48771809369624
657.0800184297561,-71.4923132532979,-71.4923132532979
657.0900184297561,-71.49691107964108,-71.49691107964108
657.1000184297561,-71.50151155984881,-71.50151155984881
657.1100184297561,-71.5061146809816,-71.5061146809816
657.1200184297562,-71.51072043002631,-71.51072043002631
657.1300184297562,-71.51532879392214,-71.51532879392214
657.1400184297562,-71.5199397595194,-71.5199397595194
657.1500184297562,-71.52455331363223,-71.52455331363223
657.1600184297562,-71.52916944299247,-71.52916944299247
657.1700184297562,-71.53378813429111,-71.53378813429111
657.1800184297562,-71.53840937415663,-71.53840937415663
657.1900184297562,-71.54303314915173,-71.54303314915173
657.2000184297561,-71.54765944580494,-71.54765944580494
657.2100184297561,-71.55228825057367,-71.55228825057367
657.2200184297561,-71.55691954987479,-71.55691954987479
657.2300184297561,-71.56155333007958,-71.56155333007958
657.2400184297562,-71.56618957749477,-71.56618957749477
657.2500184297562,-71.57082827840718,-71.57082827840718
657.2600184297562,-71.57546941903334,-71.57546941903334
657.2700184297562,-71.58011298555574,-71.58011298555574
657.2800184297562,-71.58475896411447,-71.58475896411447
657.2900184297562,-71.58940734081185,-71.58940734081185
657.3000184297562,-71.59405810170844,-71.59405810170844
657.3100184297562,-71.59871123282738,-71.59871123282738
657.3200184297561,-71.60336672014857,-71.60336672014857
657.3300184297561,-71.60802454961676,-71.60802454961676
657.3400184297561,-71.61268470715343,-71.61268470715343
657.3500184297561,-71.61734717863158,-71.61734717863158
657.3600184297561,-71.62201194990826,-71.62201194990826
657.3700184297562,-71.62667900678636,-71.62667900678636
657.3800184297562,-71.6313483350751,-71.6313483350751
657.3900184297562,-71.63601992051073,-71.63601992051073
657.4000184297562,-71.64069374884266,-71.64069374884266
657.4100184297562,-71.64536980576408,-71.64536980576408
657.4200184297562,-71.6500480769585,-71.6500480769585
657.4300184297562,-71.6547285480816,-71.6547285480816
657.4400184297562,-71.65941120476481,-71.65941120476481
657.4500184297561,-71.66409603261171,-71.66409603261171
657.4600184297561,-71.66877676390584,-71.66877676390584
657.4700184297561,-71.67345064091629,-71.67345064091629
657.4800184297561,-71.67811630952406,-71.67811630952406
657.4900184297562,-71.68277306543705,-71.68277306543705
657.5000184297562,-71.68742056655684,-71.68742056655684
657.5100184297562,-71.69205868359025,-71.69205868359025
657.5200184297562,-71.69668741253118,-71.69668741253118
657.5300184297562,-71.70130682210133,-71.70130682210133
657.5400184297562,-71.70591702213007,-71.70591702213007
657.5500184297562,-71.71051814457618,-71.71051814457618
657.5600184297562,-71.71511033222221,-71.71511033222221
657.5700184297561,-71.71969373201418,-71.71969373201418
657.5800184297561,-71.72426849122427,-71.72426849122427
657.5900184297561,-71.72883475535826,-71.72883475535826
657.6000184297561,-71.73339266705125,-71.73339266705125
657.6100184297561,-71.73794236567684,-71.73794236567684
657.6200184297562,-71.74248398721889,-71.74248398721889
657.6300184297562,-71.7470176644064,-71.7470176644064
657.6400184297562,-71.7515435269261,-71.7515435269261
657.6500184297562,-71.75606170167866,-71.75606170167866
657.6600184297562,-71.76057231305786,-71.76057231305786
657.6700184297562,-71.76507548321011,-71.76507548321011
657.6800184297562,-71.76957133226853,-71.76957133226853
657.6900184297562,-71.77405997855864,-71.77405997855864
657.7000184297561,-71.77854153879365,-71.77854153879365
657.7100184297561,-71.7830161282282,-71.7830161282282
657.7200184297561,-71.78748386078993,-71.78748386078993
657.7300184297561,-71.7919448492043,-71.7919448492043
657.7400184297562,-71.79639920506732,-71.79639920506732
657.7500184297562,-71.80084703894453,-71.80084703894453
657.7600184297562,-71.80528846042054,-71.80528846042054
657.7700184297562,-71.80972357814741,-71.80972357814741
657.7800184297562,-71.81415249987454,-71.81415249987454
657.7900184297562,-71.81857533251626,-71.81857533251626
657.8000184297562,-71.82299218212123,-71.82299218212123
657.8100184297562,-71.82740315391646,-71.82740315391646
657.8200184297561,-71.83180835233306,-71.83180835233306
657.8300184297561,-71.83620788097907,-71.83620788097907
657.8400184297561,-71.84060184265263,-71.84060184265263
657.8500184297561,-71.84499033934402,-71.84499033934402
657.8600184297561,-71.84937347225323,-71.84937347225323
657.8700184297562,-71.85375134173955,-71.85375134173955
657.8800184297562,-71.85812404736866,-71.85812404736866
657.8900184297562,-71.86249168786496,-71.86249168786496
657.900018453598,-71.86685437150358,-71.86685437150358
657.910018453598,-71.87121217455724,-71.87121217455724
657.920018453598,-71.87556520359824,-71.87556520359824
657.930018453598,-71.87991355397425,-71.87991355397425
657.940018453598,-71.88425732014957,-71.88425732014957
657.950018453598,-71.88859659570612,-71.88859659570612
657.960018453598,-71.89292520096822,-71.89292520096822
657.9700184535981,-71.89724047643023,-71.89724047643023
657.9800184535981,-71.90154116971914,-71.90154116971914
657.990018453598,-71.9058266794259,-71.9058266794259
658.000018453598,-71.91009676654551,-71.91009676654551
658.010018453598,-71.91435140466882,-71.91435140466882
658.020018453598,-71.91859069215276,-71.91859069215276
658.030018453598,-71.92281479940982,-71.92281479940982
658.040018453598,-71.92702393717389,-71.92702393717389
658.050018453598,-71.93121833747038,-71.93121833747038
658.060018453598,-71.93539824225536,-71.93539824225536
658.070018453598,-71.93956389673397,-71.93956389673397
658.080018453598,-71.94371554549389,-71.94371554549389
658.0900184535981,-71.94785343040421,-71.94785343040421
658.1000184535981,-71.95197778956121,-71.95197778956121
658.1100184535981,-71.95608885677643,-71.95608885677643
658.120018453598,-71.96018686154754,-71.96018686154754
658.130018453598,-71.96427202913432,-71.96427202913432
658.140018453598,-71.96834458078051,-71.96834458078051
658.150018453598,-71.97240473398391,-71.97240473398391
658.160018453598,-71.97645270276746,-71.97645270276746
658.170018453598,-71.98048869792649,-71.98048869792649
658.180018453598,-71.98451292726764,-71.98451292726764
658.190018453598,-71.98852559583429,-71.98852559583429
658.200018453598,-71.99252690608131,-71.99252690608131
658.210018453598,-71.9965170580392,-71.9965170580392
658.2200184535981,-72.00049624944371,-72.00049624944371
658.2300184535981,-72.0044646758743,-72.0044646758743
658.240018453598,-72.00842253081483,-72.00842253081483
658.250018453598,-72.01237000575944,-72.01237000575944
658.260018453598,-72.01630729026158,-72.01630729026158
658.270018453598,-72.02023457199861,-72.02023457199861
658.280018453598,-72.02415203681252,-72.02415203681252
658.290018453598,-72.02805986874664,-72.02805986874664
658.300018453598,-72.03195825004562,-72.03195825004562
658.310018453598,-72.03584736120868,-72.03584736120868
658.320018453598,-72.03972738100582,-72.03972738100582
658.330018453598,-72.0435984864453,-72.0435984864453
658.3400184535981,-72.04746085282913,-72.04746085282913
658.3500184535981,-72.05131465374969,-72.05131465374969
658.3600184535981,-72.05516006106909,-72.05516006106909
658.370018453598,-72.0589972449335,-72.0589972449335
658.380018453598,-72.06282637378817,-72.06282637378817
658.390018453598,-72.06664761434746,-72.06664761434746
658.400018453598,-72.0704611316224,-72.0704611316224
658.410018453598,-72.07426708889948,-72.07426708889948
658.420018453598,-72.0780656477533,-72.0780656477533
658.430018453598,-72.08185696801954,-72.08185696801954
658.440018453598,-72.08564120781776,-72.08564120781776
658.450018453598,-72.08941852354516,-72.08941852354516
658.460018453598,-72.09318906987899,-72.09318906987899
658.4700184535981,-72.09695299974189,-72.09695299974189
658.4800184535981,-72.10071046435009,-72.10071046435009
658.490018453598,-72.10446161318902,-72.10446161318902
658.500018453598,-72.10820659400525,-72.10820659400525
658.510018453598,-72.11194555282003,-72.11194555282003
658.520018453598,-72.11567863392285,-72.11567863392285
658.530018453598,-72.11940597989643,-72.11940597989643
658.540018453598,-72.1231277315767,-72.1231277315767
658.550018453598,-72.12684402809693,-72.12684402809693
658.560018453598,-72.13055500687516,-72.13055500687516
658.570018453598,-72.1342608036097,-72.1342608036097
658.580018453598,-72.13796155229751,-72.13796155229751
658.5900184535981,-72.14165738522237,-72.14165738522237
658.6000184535981,-72.14534843300044,-72.14534843300044
658.6100184535981,-72.14903482452574,-72.14903482452574
658.620018453598,-72.15271668703234,-72.15271668703234
658.630018453598,-72.15639414606797,-72.15639414606797
658.640018453598,-72.16006732551563,-72.16006732551563
658.650018453598,-72.16373634760991,-72.16373634760991
658.660018453598,-72.16740133291688,-72.16740133291688
658.670018453598,-72.1710624003726,-72.1710624003726
658.680018453598,-72.17471966727202,-72.17471966727202
658.690018453598,-72.17837324930973,-72.17837324930973
658.700018453598,-72.1820232605417,-72.1820232605417
658.710018453598,-72.18566981343788,-72.18566981343788
658.7200184535981,-72.18931301886009,-72.18931301886009
658.7300184535981,-72.1929529861285,-72.1929529861285
658.740018453598,-72.1965898229569,-72.1965898229569
658.7500184774399,-72.20022364416822,-72.20022364416822
658.7600184774399,-72.20385453708609,-72.20385453708609
658.7700184774399,-72.20748261345244,-72.20748261345244
658.7800184774399,-72.21110797484144,-72.21110797484144
658.7900184774398,-72.21473072132973,-72.21473072132973
658.8000184774398,-72.21835095147738,-72.21835095147738
658.8100184774398,-72.2219687623841,-72.2219687623841
658.8200184774399,-72.22558424965737,-72.22558424965737
658.8300184774399,-72.22919750746665,-72.22919750746665
658.8400184774399,-72.2328086285303,-72.2328086285303
658.8500184774399,-72.23641770414702,-72.23641770414702
658.8600184774399,-72.24002482419061,-72.24002482419061
658.8700184774399,-72.24363007713553,-72.24363007713553
658.8800184774399,-72.247233550063,-72.247233550063
658.8900184774399,-72.25083532868707,-72.25083532868707
658.9000184774399,-72.25443549736445,-72.25443549736445
658.9100184774398,-72.25803413909506,-72.25803413909506
658.9200184774398,-72.26163133555909,-72.26163133555909
658.9300184774398,-72.26522716709442,-72.26522716709442
658.9400184774399,-72.26882171275868,-72.26882171275868
658.9500184774399,-72.27241505030833,-72.27241505030833
658.9600184774399,-72.27600725621524,-72.27600725621524
658.9700184774399,-72.27959840570847,-72.27959840570847
658.9800184774399,-72.28318857274685,-72.28318857274685
658.9900184774399,-72.28677783007161,-72.28677783007161
659.0000184774399,-72.29036624918672,-72.29036624918672
659.0100184774399,-72.2939539003986,-72.2939539003986
659.0200184774399,-72.2975408528255,-72.2975408528255
659.0300184774399,-72.30112717439256,-72.30112717439256
659.0400184774398,-72.30471293186879,-72.30471293186879
659.0500184774398,-72.30829819086387,-72.30829819086387
659.0600184774398,-72.3118830158656,-72.3118830158656
659.0700184774399,-72.31546747021453,-72.31546747021453
659.0800184774399,-72.31905161616596,-72.31905161616596
659.0900184774399,-72.32263551484526,-72.32263551484526
659.1000184774399,-72.32621922632723,-72.32621922632723
659.1100184774399,-72.32980280959119,-72.32980280959119
659.1200184774399,-72.33338632257622,-72.33338632257622
659.1300184774399,-72.33696982216634,-72.33696982216634
659.1400184774399,-72.34055336421406,-72.34055336421406
659.1500184774399,-72.34413700356227,-72.34413700356227
659.1600184774398,-72.34772079404608,-72.34772079404608
659.1700184774398,-72.35130478849848,-72.35130478849848
659.1800184774398,-72.35488903878112,-72.35488903878112
659.1900184774399,-72.35847359578503,-72.35847359578503
659.2000184774399,-72.36205850945443,-72.36205850945443
659.2100184774399,-72.36564382878302,-72.36564382878302
659.2200184774399,-72.3692296018378,-72.3692296018378
659.2300184774399,-72.37281587576929,-72.37281587576929
659.2400184774399,-72.37640269681918,-72.37640269681918
659.2500184774399,-72.37999011034165,-72.37999011034165
659.2600184774399,-72.38357816079555,-72.38357816079555
659.2700184774399,-72.38716689177896,-72.38716689177896
659.2800184774399,-72.39075634603886,-72.39075634603886
659.2900184774398,-72.39434656546806,-72.39434656546806
659.3000184774398,-72.39793759112176,-72.39793759112176
659.3100184774398,-72.40152946323035,-72.40152946323035
659.3200184774399,-72.40512222121487,-72.40512222121487
659.3300184774399,-72.4087159036995,-72.4087159036995
659.3400184774399,-72.4123105485155,-72.4123105485155
659.3500184774399,-72.41590619270299,-72.41590619270299
659.3600184774399,-72.41950287254427,-72.41950287254427
659.3700184774399,-72.42310062356579,-72.42310062356579
659.3800184774399,-72.4266994805411,-72.4266994805411
659.3900184774399,-72.43029947749935,-72.43029947749935
659.4000184774399,-72.43390064775316,-72.43390064775316
659.4100184774398,-72.43750302389338,-72.43750302389338
659.4200184774398,-72.4411066377999,-72.4411066377999
659.4300184774398,-72.44471152066599,-72.44471152066599
659.4400184774399,-72.44831770299204,-72.44831770299204
659.4500184774399,-72.45192521460129,-72.45192521460129
659.4600184774399,-72.45553408464049,-72.45553408464049
659.4700184774399,-72.4591443416119,-72.4591443416119
659.4800184774399,-72.4627560133685,-72.4627560133685
659.4900184774399,-72.46636912710562,-72.46636912710562
659.5000184774399,-72.46998370941043,-72.46998370941043
659.5100184774399,-72.4735997862382,-72.4735997862382
659.5200184774399,-72.47721738292799,-72.47721738292799
659.5300184774399,-72.48083652421309,-72.48083652421309
659.5400184774398,-72.4844572342421,-72.4844572342421
659.5500184774398,-72.48807953657203,-72.48807953657203
659.5600184774398,-72.491703454185,-72.491703454185
659.5700184774399,-72.4953290094841,-72.4953290094841
659.5800184774399,-72.49895622432685,-72.49895622432685
659.5900184774399,-72.50258512000518,-72.50258512000518
659.6000185012817,-72.50621572590755,-72.50621572590755
659.6100185012817,-72.50984804497634,-72.50984804497634
659.6200185012817,-72.51348210552568,-72.51348210552568
659.6300185012817,-72.51711792672036,-72.51711792672036
659.6400185012817,-72.52075552720463,-72.52075552720463
659.6500185012817,-72.52439492512394,-72.52439492512394
659.6600185012817,-72.52803613812415,-72.52803613812415
659.6700185012818,-72.53167918335812,-72.53167918335812
659.6800185012818,-72.53532407749117,-72.53532407749117
659.6900185012818,-72.53897083672369,-72.53897083672369
659.7000185012818,-72.54261947677149,-72.54261947677149
659.7100185012818,-72.54627001289663,-72.54627001289663
659.7200185012817,-72.54992245990434,-72.54992245990434
659.7300185012817,-72.5535768321514,-72.5535768321514
659.7400185012817,-72.55723314354597,-72.55723314354597
659.7500185012817,-72.56089140756623,-72.56089140756623
659.7600185012817,-72.56455163726982,-72.56455163726982
659.7700185012817,-72.56821384526657,-72.56821384526657
659.7800185012817,-72.57187804377814,-72.57187804377814
659.7900185012818,-72.57554424460045,-72.57554424460045
659.8000185012818,-72.57921245913386,-72.57921245913386
659.8100185012818,-72.58288269837516,-72.58288269837516
659.8200185012818,-72.58655497292133,-72.58655497292133
659.8300185012818,-72.59022929300265,-72.59022929300265
659.8400185012817,-72.59390566846056,-72.59390566846056
659.8500185012817,-72.59758410875821,-72.59758410875821
659.8600185012817,-72.60126462300327,-72.60126462300327
659.8700185012817,-72.6049472199258,-72.6049472199258
659.8800185012817,-72.60863190791073,-72.60863190791073
659.8900185012817,-72.61231869497828,-72.61231869497828
659.9000185012817,-72.6160075888212,-72.6160075888212
659.9100185012817,-72.61969859677826,-72.61969859677826
659.9200185012818,-72.62339172585257,-72.62339172585257
659.9300185012818,-72.62708698272097,-72.62708698272097
659.9400185012818,-72.63078437373207,-72.63078437373207
659.9500185012818,-72.63448390492351,-72.63448390492351
659.9600185012818,-72.63817924442884,-72.63817924442884
659.9700185012817,-72.64186761820147,-72.64186761820147
659.9800185012817,-72.64554767465009,-72.64554767465009
659.9900185012817,-72.64921872061011,-72.64921872061011
660.0000185012817,-72.65288042970204,-72.65288042970204
660.0100185012817,-72.65653269097325,-72.65653269097325
660.0200185012817,-72.66017552017516,-72.66017552017516
660.0300185012817,-72.66380900643877,-72.66380900643877
660.0400185012818,-72.66743328026469,-72.66743328026469
660.0500185012818,-72.67104849428944,-72.67104849428944
660.0600185012818,-72.67465481178957,-72.67465481178957
660.0700185012818,-72.67825239995766,-72.67825239995766
660.0800185012818,-72.68184142601844,-72.68184142601844
660.0900185012817,-72.68542205509917,-72.68542205509917
660.1000185012817,-72.6889944491535,-72.6889944491535
660.1100185012817,-72.69255876650384,-72.69255876650384
660.1200185012817,-72.69611516177439,-72.69611516177439
660.1300185012817,-72.69966378600101,-72.69966378600101
660.1400185012817,-72.70320478687228,-72.70320478687228
660.1500185012817,-72.70673830898497,-72.70673830898497
660.1600185012817,-72.71026449413145,-72.71026449413145
660.1700185012818,-72.71378348156928,-72.71378348156928
660.1800185012818,-72.71729540825513,-72.71729540825513
660.1900185012818,-72.72080040906627,-72.72080040906627
660.2000185012818,-72.72429861701514,-72.72429861701514
660.2100185012818,-72.72779016337876,-72.72779016337876
660.2200185012817,-72.73127517787185,-72.73127517787185
660.2300185012817,-72.73475378873913,-72.73475378873913
660.2400185012817,-72.73822612287032,-72.73822612287032
660.2500185012817,-72.7416923058765,-72.7416923058765
660.2600185012817,-72.74515246215343,-72.74515246215343
660.2700185012817,-72.74860671493654,-72.74860671493654
660.2800185012817,-72.75205518634382,-72.75205518634382
660.2900185012818,-72.7554979974146,-72.7554979974146
660.3000185012818,-72.75893526813715,-72.75893526813715
660.3100185012818,-72.76236711744066,-72.76236711744066
660.3200185012818,-72.765793663245,-72.765793663245
660.3300185012818,-72.76921502243833,-72.76921502243833
660.3400185012817,-72.77263131091044,-72.77263131091044
660.3500185012817,-72.77604264354136,-72.77604264354136
660.3600185012817,-72.77944913420092,-72.77944913420092
660.3700185012817,-72.78285089574052,-72.78285089574052
660.3800185012817,-72.78624804001288,-72.78624804001288
660.3900185012817,-72.78964067783603,-72.78964067783603
660.4000185012817,-72.79302891902235,-72.79302891902235
660.4100185012817,-72.79641287234632,-72.79641287234632
660.4200185012818,-72.79979264553086,-72.79979264553086
660.4300185012818,-72.80316834528229,-72.80316834528229
660.4400185012818,-72.8065400772491,-72.8065400772491
660.4500185251236,-72.80990795403574,-72.80990795403574
660.4600185251236,-72.81327206312959,-72.81327206312959
660.4700185251236,-72.81663251501334,-72.81663251501334
660.4800185251236,-72.81998941107271,-72.81998941107271
660.4900185251236,-72.82334285161855,-72.82334285161855
660.5000185251236,-72.8266929358732,-72.8266929358732
660.5100185251235,-72.83003976196764,-72.83003976196764
660.5200185251236,-72.83338342693725,-72.83338342693725
660.5300185251236,-72.83672402673147,-72.83672402673147
660.5400185251236,-72.84006165619579,-72.84006165619579
660.5500185251236,-72.84339640906488,-72.84339640906488
660.5600185251236,-72.84672837797659,-72.84672837797659
660.5700185251236,-72.85005765445956,-72.85005765445956
660.5800185251236,-72.8533843289366,-72.8533843289366
660.5900185251236,-72.85670849071724,-72.85670849071724
660.6000185251236,-72.86003022800955,-72.86003022800955
660.6100185251236,-72.86334962790988,-72.86334962790988
660.6200185251236,-72.86666677640486,-72.86666677640486
660.6300185251235,-72.86998175837878,-72.86998175837878
660.6400185251237,-72.87329465760246,-72.87329465760246
660.6500185251236,-72.87660555676219,-72.87660555676219
660.6600185251236,-72.8799145374348,-72.8799145374348
660.6700185251236,-72.88322168010572,-72.88322168010572
660.6800185251236,-72.88652706415529,-72.88652706415529
660.6900185251236,-72.889830767878,-72.889830767878
660.7000185251236,-72.8931328684967,-72.8931328684967
660.7100185251236,-72.89643344213962,-72.89643344213962
660.7200185251236,-72.89973256386105,-72.89973256386105
660.7300185251236,-72.90303030765627,-72.90303030765627
660.7400185251236,-72.90632674643665,-72.90632674643665
660.7500185251236,-72.90962195205685,-72.90962195205685
660.7600185251235,-72.91291599533625,-72.91291599533625
660.7700185251236,-72.91620894602336,-72.91620894602336
660.7800185251236,-72.91950087285262,-72.91950087285262
660.7900185251236,-72.92279184349644,-72.92279184349644
660.8000185251236,-72.92608192461512,-72.92608192461512
660.8100185251236,-72.92937118183832,-72.92937118183832
660.8200185251236,-72.93265967979583,-72.93265967979583
660.8300185251236,-72.93594748210303,-72.93594748210303
660.8400185251236,-72.93923465138072,-72.93923465138072
660.8500185251236,-72.94252124926328,-72.94252124926328
660.8600185251236,-72.94580733639765,-72.94580733639765
660.8700185251236,-72.94909297245285,-72.94909297245285
660.8800185251235,-72.95237821613253,-72.95237821613253
660.8900185251237,-72.95566312519784,-72.95566312519784
660.9000185251236,-72.95894775645742,-72.95894775645742
660.9100185251236,-72.96223216576085,-72.96223216576085
660.9200185251236,-72.96551640804833,-72.96551640804833
660.9300185251236,-72.96880053732777,-72.96880053732777
660.9400185251236,-72.97208460668898,-72.97208460668898
660.9500185251236,-72.97536866831224,-72.97536866831224
660.9600185251236,-72.97865277349986,-72.97865277349986
660.9700185251236,-72.98193697265451,-72.98193697265451
660.9800185251236,-72.98522131530109,-72.98522131530109
660.9900185251236,-72.98850585009588,-72.98850585009588
661.0000185251236,-72.99179062483478,-72.99179062483478
661.0100185251235,-72.99507568646439,-72.99507568646439
661.0200185251236,-72.99836108108303,-72.99836108108303
661.0300185251236,-73.0016468539698,-73.0016468539698
661.0400185251236,-73.00493304955639,-73.00493304955639
661.0500185251236,-73.00821971149044,-73.00821971149044
661.0600185251236,-73.0115068825849,-73.0115068825849
661.0700185251236,-73.01479460487106,-73.01479460487106
661.0800185251236,-73.01808291958858,-73.01808291958858
661.0900185251236,-73.0213718672032,-73.0213718672032
661.1000185251236,-73.02466148739649,-73.02466148739649
661.1100185251236,-73.02795181910655,-73.02795181910655
661.1200185251236,-73.03124290052199,-73.03124290052199
661.1300185251235,-73.03453476906815,-73.03453476906815
661.1400185251237,-73.03782746145052,-73.03782746145052
661.1500185251236,-73.04112101366277,-73.04112101366277
661.1600185251236,-73.04441546095502,-73.04441546095502
661.1700185251236,-73.04771083788506,-73.04771083788506
661.1800185251236,-73.05100717830712,-73.05100717830712
661.1900185251236,-73.0543045153944,-73.0543045153944
661.2000185251236,-73.057602881642,-73.057602881642
661.2100185251236,-73.06089593432404,-73.06089593432404
661.2200185251236,-73.06418090915562,-73.06418090915562
661.2300185251236,-73.06745647228927,-73.06745647228927
661.2400185251236,-73.07072195178665,-73.07072195178665
661.2500185251236,-73.07397704430568,-73.07397704430568
661.2600185251235,-73.0772216628451,-73.0772216628451
661.2700185251236,-73.0804558474914,-73.0804558474914
661.2800185251236,-73.08367971183904,-73.08367971183904
661.2900185251236,-73.08689341075875,-73.08689341075875
661.3000185489655,-73.09009712865773,-73.09009712865773
661.3100185489654,-73.09329103746477,-73.09329103746477
661.3200185489654,-73.09647533563701,-73.09647533563701
661.3300185489654,-73.09965021371245,-73.09965021371245
661.3400185489654,-73.10281585978949,-73.10281585978949
661.3500185489654,-73.10597245847461,-73.10597245847461
661.3600185489654,-73.10912019042104,-73.10912019042104
661.3700185489655,-73.11225923226914,-73.11225923226914
661.3800185489655,-73.11538975674299,-73.11538975674299
661.3900185489655,-73.11851193289665,-73.11851193289665
661.4000185489655,-73.1216259264024,-73.1216259264024
661.4100185489655,-73.12473189980636,-73.12473189980636
661.4200185489655,-73.12783001282382,-73.12783001282382
661.4300185489654,-73.13092042257855,-73.13092042257855
661.4400185489654,-73.13400328382754,-73.13400328382754
661.4500185489654,-73.1370787491606,-73.1370787491606
661.4600185489654,-73.14014696917107,-73.14014696917107
661.4700185489654,-73.14320809258857,-73.14320809258857
661.4800185489654,-73.14626226642308,-73.14626226642308
661.4900185489655,-73.14930963604364,-73.14930963604364
661.5000185489655,-73.15235034527944,-73.15235034527944
661.5100185489655,-73.15538453648486,-73.15538453648486
661.5200185489655,-73.15841235058996,-73.15841235058996
661.5300185489655,-73.16143392715287,-73.16143392715287
661.5400185489655,-73.16444940439965,-73.16444940439965
661.5500185489655,-73.16745891924081,-73.16745891924081
661.5600185489654,-73.17046260730862,-73.17046260730862
661.5700185489654,-73.17346060296329,-73.17346060296329
661.5800185489654,-73.17645303930429,-73.17645303930429
661.5900185489654,-73.17944004819373,-73.17944004819373
661.6000185489654,-73.18242176024778,-73.18242176024778
661.6100185489654,-73.18539830482952,-73.18539830482952
661.6200185489655,-73.18836981008342,-73.18836981008342
661.6300185489655,-73.19133640289526,-73.19133640289526
661.6400185489655,-73.19429820892817,-73.19429820892817
661.6500185489655,-73.19725535259725,-73.19725535259725
661.6600185489655,-73.20020795705885,-73.20020795705885
661.6700185489655,-73.20315614423743,-73.20315614423743
661.6800185489654,-73.20610003479702,-73.20610003479702
661.6900185489654,-73.2090397481352,-73.2090397481352
661.7000185489654,-73.21197540239142,-73.21197540239142
661.7100185489654,-73.21490711444886,-73.21490711444886
661.7200185489654,-73.21783499991763,-73.21783499991763
661.7300185489654,-73.22075917313784,-73.22075917313784
661.7400185489655,-73.22367974715795,-73.22367974715795
661.7500185489655,-73.22659683377604,-73.22659683377604
661.7600185489655,-73.2295105434898,-73.2295105434898
661.7700185489655,-73.23242098553143,-73.23242098553143
661.7800185489655,-73.23532826783438,-73.23532826783438
661.7900185489655,-73.23823249705946,-73.23823249705946
661.8000185489655,-73.24113377858254,-73.24113377858254
661.8100185489654,-73.24403221649034,-73.24403221649034
661.8200185489654,-73.24692791359789,-73.24692791359789
661.8300185489654,-73.24982097143517,-73.24982097143517
661.8400185489654,-73.25271149025198,-73.25271149025198
661.8500185489654,-73.25559956901921,-73.25559956901921
661.8600185489654,-73.25848530542528,-73.25848530542528
661.8700185489655,-73.2613687959003,-73.2613687959003
661.8800185489655,-73.26425013560593,-73.26425013560593
661.8900185489655,-73.26712941843968,-73.26712941843968
661.9000185489655,-73.27000673702705,-73.27000673702705
661.9100185489655,-73.2728821827492,-73.2728821827492
661.9200185489655,-73.27575584573124,-73.27575584573124
661.9300185489654,-73.27862781485905,-73.27862781485905
661.9400185489654,-73.28149817777748,-73.28149817777748
661.9500185489654,-73.28436702090244,-73.28436702090244
661.9600185489654,-73.28723442941929,-73.28723442941929
661.9700185489654,-73.29010048728988,-73.29010048728988
661.9800185489654,-73.29296527728255,-73.29296527728255
661.9900185489655,-73.29582888092956,-73.29582888092956
662.0000185489655,-73.29869137860135,-73.29869137860135
662.0100185489655,-73.30155284945677,-73.30155284945677
662.0200185489655,-73.30441337147866,-73.30441337147866
662.0300185489655,-73.3072730214773,-73.3072730214773
662.0400185489655,-73.3101318750985,-73.3101318750985
662.0500185489655,-73.31299000683754,-73.31299000683754
662.0600185489654,-73.31584749003437,-73.31584749003437
662.0700185489654,-73.31870439689209,-73.31870439689209
662.0800185489654,-73.32156079849267,-73.32156079849267
662.0900185489654,-73.32441676480231,-73.32441676480231
662.1000185489654,-73.3272723646626,-73.3272723646626
662.1100185489654,-73.33012766583096,-73.33012766583096
662.1200185489655,-73.33298273495151,-73.33298273495151
662.1300185489655,-73.33583763763018,-73.33583763763018
662.1400185489655,-73.33869243835919,-73.33869243835919
662.1500185728073,-73.34154720738364,-73.34154720738364
662.1600185728073,-73.34440199352994,-73.34440199352994
662.1700185728073,-73.34725686493309,-73.34725686493309
662.1800185728073,-73.35011188193319,-73.35011188193319
662.1900185728073,-73.35296710384533,-73.35296710384533
662.2000185728073,-73.35582258896407,-73.35582258896407
662.2100185728073,-73.35867839459989,-73.35867839459989
662.2200185728074,-73.36153457705635,-73.36153457705635
662.2300185728074,-73.36439119169117,-73.36439119169117
662.2400185728073,-73.36724829286074,-73.36724829286074
662.2500185728073,-73.37010593398642,-73.37010593398642
662.2600185728073,-73.37296416753476,-73.37296416753476
662.2700185728073,-73.37582304503397,-73.37582304503397
662.2800185728073,-73.3786826170941,-73.3786826170941
662.2900185728073,-73.3815429334042,-73.3815429334042
662.3000185728073,-73.3844040427554,-73.3844040427554
662.3100185728073,-73.38726599302797,-73.38726599302797
662.3200185728073,-73.39012883123978,-73.39012883123978
662.3300185728073,-73.39299260351814,-73.39299260351814
662.3400185728074,-73.39585735513613,-73.39585735513613
662.3500185728074,-73.39872313051404,-73.39872313051404
662.3600185728073,-73.40158997322689,-73.40158997322689
662.3700185728073,-73.40445792601514,-73.40445792601514
662.3800185728073,-73.40732703079914,-73.40732703079914
662.3900185728073,-73.41019732868273,-73.41019732868273
662.4000185728073,-73.41306885996815,-73.41306885996815
662.4100185728073,-73.41594166416886,-73.41594166416886
662.4200185728073,-73.41881578001899,-73.41881578001899
662.4300185728073,-73.42169124546356,-73.42169124546356
662.4400185728073,-73.42456809770063,-73.42456809770063
662.4500185728073,-73.42744637317098,-73.42744637317098
662.4600185728073,-73.43032610755925,-73.43032610755925
662.4700185728074,-73.43320733583653,-73.43320733583653
662.4800185728074,-73.43609009223226,-73.43609009223226
662.4900185728073,-73.43897441026314,-73.43897441026314
662.5000185728073,-73.44186032276025,-73.44186032276025
662.5100185728073,-73.44474786182322,-73.44474786182322
662.5200185728073,-73.44763705888546,-73.44763705888546
662.5300185728073,-73.45052794469719,-73.45052794469719
662.5400185728073,-73.45342054933609,-73.45342054933609
662.5500185728073,-73.45631490222233,-73.45631490222233
662.5600185728073,-73.45921103213362,-73.45921103213362
662.5700185728073,-73.46210896718847,-73.46210896718847
662.5800185728073,-73.46500873487048,-73.46500873487048
662.5900185728074,-73.46791036205579,-73.46791036205579
662.6000185728074,-73.47081387499286,-73.47081387499286
662.6100185728073,-73.47371929931765,-73.47371929931765
662.6200185728073,-73.47662666006612,-73.47662666006612
662.6300185728073,-73.47953598168972,-73.47953598168972
662.6400185728073,-73.48244728804265,-73.48244728804265
662.6500185728073,-73.48536060241676,-73.48536060241676
662.6600185728073,-73.48827594753345,-73.48827594753345
662.6700185728073,-73.49119334554508,-73.49119334554508
662.6800185728073,-73.494112818064,-73.494112818064
662.6900185728073,-73.49703438614762,-73.49703438614762
662.7000185728073,-73.49995807032168,-73.49995807032168
662.7100185728073,-73.50288389058346,-73.50288389058346
662.7200185728074,-73.50581186640846,-73.50581186640846
662.7300185728074,-73.50874201676054,-73.50874201676054
662.7400185728073,-73.51167436009729,-73.51167436009729
662.7500185728073,-73.51460891436184,-73.51460891436184
662.7600185728073,-73.51754569702244,-73.51754569702244
662.7700185728073,-73.52048472505676,-73.52048472505676
662.7800185728073,-73.52342601496265,-73.52342601496265
662.7900185728073,-73.52636958276973,-73.52636958276973
662.8000185728073,-73.52931544403799,-73.52931544403799
662.8100185728073,-73.53226361387581,-73.53226361387581
662.8200185728073,-73.53521410692619,-73.53521410692619
662.8300185728073,-73.53816693740464,-73.53816693740464
662.8400185728074,-73.54112211908343,-73.54112211908343
662.8500185728074,-73.54407966530471,-73.54407966530471
662.8600185728073,-73.54703958898712,-73.54703958898712
662.8700185728073,-73.55000190260995,-73.55000190260995
662.8800185728073,-73.55296661827421,-73.55296661827421
662.8900185728073,-73.55593374764706,-73.55593374764706
662.9000185728073,-73.55890330200457,-73.55890330200457
662.9100185728073,-73.56187529222485,-73.56187529222485
662.9200185728073,-73.56484972881344,-73.56484972881344
662.9300185728073,-73.56782662186315,-73.56782662186315
662.9400185728073,-73.57080598111914,-73.57080598111914
662.9500185728073,-73.5737878159344,-73.5737878159344
662.9600185728073,-73.57677213530538,-73.57677213530538
662.9700185728074,-73.57975894786587,-73.57975894786587
662.9800185728074,-73.58274826189677,-73.58274826189677
662.9900185728073,-73.58574008533414,-73.58574008533414
663.0000185966492,-73.58873443289202,-73.58873443289202
663.0100185966492,-73.59173129756817,-73.59173129756817
663.0200185966492,-73.5947306933855,-73.5947306933855
663.0300185966491,-73.59773262693739,-73.59773262693739
663.0400185966491,-73.60073710448435,-73.60073710448435
663.0500185966491,-73.60374413196521,-73.60374413196521
663.0600185966491,-73.60675371501237,-73.60675371501237
663.0700185966492,-73.60976585893403,-73.60976585893403
663.0800185966492,-73.6127805687663,-73.6127805687663
663.0900185966492,-73.61579784921096,-73.61579784921096
663.1000185966492,-73.61881770469782,-73.61881770469782
663.1100185966492,-73.62184013935479,-73.62184013935479
663.1200185966492,-73.62486515702261,-73.62486515702261
663.1300185966492,-73.62789276126999,-73.62789276126999
663.1400185966492,-73.63092295538826,-73.63092295538826
663.1500185966491,-73.63395574238004,-73.63395574238004
663.1600185966491,-73.63699112500657,-73.63699112500657
663.1700185966491,-73.6400291057456,-73.6400291057456
663.1800185966491,-73.64306968681886,-73.64306968681886
663.1900185966492,-73.6461128701894,-73.6461128701894
663.2000185966492,-73.64915865758097,-73.64915865758097
663.2100185966492,-73.65220062320707,-73.65220062320707
663.2200185966492,-73.65523594938597,-73.65523594938597
663.2300185966492,-73.65826326096816,-73.65826326096816
663.2400185966492,-73.6612818505023,-73.6612818505023
663.2500185966492,-73.66429138256662,-73.66429138256662
663.2600185966492,-73.6672917402418,-73.6672917402418
663.2700185966492,-73.67028293514542,-73.67028293514542
663.2800185966491,-73.67326505342452,-73.67326505342452
663.2900185966491,-73.67623822322626,-73.67623822322626
663.3000185966491,-73.67920259524587,-73.67920259524587
663.3100185966491,-73.68215833105305,-73.68215833105305
663.3200185966492,-73.68510559627758,-73.68510559627758
663.3300185966492,-73.68804455667222,-73.68804455667222
663.3400185966492,-73.69097537592353,-73.69097537592353
663.3500185966492,-73.69389821459058,-73.69389821459058
663.3600185966492,-73.69681322963386,-73.69681322963386
663.3700185966492,-73.69972057432092,-73.69972057432092
663.3800185966492,-73.70262039838086,-73.70262039838086
663.3900185966492,-73.70551284818951,-73.70551284818951
663.4000185966491,-73.70839806708051,-73.70839806708051
663.4100185966491,-73.7112761955947,-73.7112761955947
663.4200185966491,-73.71414737176832,-73.71414737176832
663.4300185966491,-73.71701173137646,-73.71701173137646
663.4400185966492,-73.71986940814757,-73.71986940814757
663.4500185966492,-73.72272053396865,-73.72272053396865
663.4600185966492,-73.72556523904153,-73.72556523904153
663.4700185966492,-73.72840365202941,-73.72840365202941
663.4800185966492,-73.73123590016966,-73.73123590016966
663.4900185966492,-73.73406210937013,-73.73406210937013
663.5000185966492,-73.73688240431171,-73.73688240431171
663.5100185966492,-73.73969690848593,-73.73969690848593
663.5200185966492,-73.74250574426999,-73.74250574426999
663.5300185966491,-73.7453090329482,-73.7453090329482
663.5400185966491,-73.74810689476752,-73.74810689476752
663.5500185966491,-73.75089944894638,-73.75089944894638
663.5600185966491,-73.7536868136964,-73.7536868136964
663.5700185966492,-73.75646910623784,-73.75646910623784
663.5800185966492,-73.75924644282303,-73.75924644282303
663.5900185966492,-73.76201893870208,-73.76201893870208
663.6000185966492,-73.76478670815578,-73.76478670815578
663.6100185966492,-73.76754986448884,-73.76754986448884
663.6200185966492,-73.77030852002933,-73.77030852002933
663.6300185966492,-73.7730627861128,-73.7730627861128
663.6400185966492,-73.77581277309946,-73.77581277309946
663.6500185966491,-73.77855859032998,-73.77855859032998
663.6600185966491,-73.7813003461628,-73.7813003461628
663.6700185966491,-73.78403814793681,-73.78403814793681
663.6800185966491,-73.78677210197223,-73.78677210197223
663.6900185966492,-73.78950231357118,-73.78950231357118
663.7000185966492,-73.79222888700622,-73.79222888700622
663.7100185966492,-73.79495192550628,-73.79495192550628
663.7200185966492,-73.79767153125147,-73.79767153125147
663.7300185966492,-73.80038780537069,-73.80038780537069
663.7400185966492,-73.80310084794262,-73.80310084794262
663.7500185966492,-73.80581075797548,-73.80581075797548
663.7600185966492,-73.80851763341283,-73.80851763341283
663.7700185966492,-73.81122157111858,-73.81122157111858
663.7800185966491,-73.81392266688198,-73.81392266688198
663.7900185966491,-73.81662101540813,-73.81662101540813
663.8000185966491,-73.81931671032171,-73.81931671032171
663.8100185966491,-73.82200984415509,-73.82200984415509
663.8200185966492,-73.8247005083554,-73.8247005083554
663.8300185966492,-73.82738879327228,-73.82738879327228
663.8400185966492,-73.83007478816464,-73.83007478816464
663.850018620491,-73.83275858758917,-73.83275858758917
663.860018620491,-73.83544026584194,-73.83544026584194
663.870018620491,-73.838119915288,-73.838119915288
663.880018620491,-73.84079762081969,-73.84079762081969
663.890018620491,-73.84347346622778,-73.84347346622778
663.900018620491,-73.84614753422724,-73.84614753422724
663.910018620491,-73.84881990643952,-73.84881990643952
663.9200186204911,-73.85149066339183,-73.85149066339183
663.9300186204911,-73.85415988454785,-73.85415988454785
663.9400186204911,-73.85682764828142,-73.85682764828142
663.950018620491,-73.85949403189267,-73.85949403189267
663.960018620491,-73.8621591116272,-73.8621591116272
663.970018620491,-73.86482296263962,-73.86482296263962
663.980018620491,-73.8674856590356,-73.8674856590356
663.990018620491,-73.87014727386918,-73.87014727386918
664.000018620491,-73.87280787914362,-73.87280787914362
664.010018620491,-73.87546754581324,-73.87546754581324
664.020018620491,-73.87812634379328,-73.87812634379328
664.030018620491,-73.88078434196619,-73.88078434196619
664.0400186204911,-73.88344160818517,-73.88344160818517
664.0500186204911,-73.88609820930566,-73.88609820930566
664.0600186204911,-73.88875421113158,-73.88875421113158
664.070018620491,-73.89140967849781,-73.89140967849781
664.080018620491,-73.89406467522242,-73.89406467522242
664.090018620491,-73.89671926414056,-73.89671926414056
664.100018620491,-73.89937350709508,-73.89937350709508
664.110018620491,-73.90202746496533,-73.90202746496533
664.120018620491,-73.90468119765475,-73.90468119765475
664.130018620491,-73.90733476411188,-73.90733476411188
664.140018620491,-73.9099882223229,-73.9099882223229
664.150018620491,-73.91264162935067,-73.91264162935067
664.160018620491,-73.91529504129569,-73.91529504129569
664.1700186204911,-73.91794851335472,-73.91794851335472
664.1800186204911,-73.92060209980554,-73.92060209980554
664.1900186204911,-73.92325585401896,-73.92325585401896
664.200018620491,-73.9259098284468,-73.9259098284468
664.210018620491,-73.92856407465824,-73.92856407465824
664.220018620491,-73.93121864334859,-73.93121864334859
664.230018620491,-73.93387358432406,-73.93387358432406
664.240018620491,-73.9365289465426,-73.9365289465426
664.250018620491,-73.93918477809096,-73.93918477809096
664.260018620491,-73.94184112622114,-73.94184112622114
664.270018620491,-73.94449803733329,-73.94449803733329
664.280018620491,-73.94715555700614,-73.94715555700614
664.2900186204911,-73.94981372999956,-73.94981372999956
664.3000186204911,-73.95247260026532,-73.95247260026532
664.3100186204911,-73.95513221093144,-73.95513221093144
664.320018620491,-73.95779260436214,-73.95779260436214
664.330018620491,-73.96045382212341,-73.96045382212341
664.340018620491,-73.96311590499583,-73.96311590499583
664.350018620491,-73.96577889300413,-73.96577889300413
664.360018620491,-73.9684428254228,-73.9684428254228
664.370018620491,-73.97110774075911,-73.97110774075911
664.380018620491,-73.97377367679321,-73.97377367679321
664.390018620491,-73.97644067057676,-73.97644067057676
664.400018620491,-73.9791087584213,-73.9791087584213
664.410018620491,-73.98177797594406,-73.98177797594406
664.4200186204911,-73.9844483580462,-73.9844483580462
664.4300186204911,-73.98711993893994,-73.98711993893994
664.4400186204911,-73.98979275214919,-73.98979275214919
664.450018620491,-73.9924668305051,-73.9924668305051
664.460018620491,-73.99514220618919,-73.99514220618919
664.470018620491,-73.99781891070349,-73.99781891070349
664.480018620491,-74.00049697491418,-74.00049697491418
664.490018620491,-74.0031764290218,-74.0031764290218
664.500018620491,-74.00585730260677,-74.00585730260677
664.510018620491,-74.00853962460192,-74.00853962460192
664.520018620491,-74.01122342334314,-74.01122342334314
664.530018620491,-74.01390872652986,-74.01390872652986
664.5400186204911,-74.01659556127812,-74.01659556127812
664.5500186204911,-74.01928395409385,-74.01928395409385
664.5600186204911,-74.02197393090654,-74.02197393090654
664.570018620491,-74.02466551704714,-74.02466551704714
664.580018620491,-74.0273587372902,-74.0273587372902
664.590018620491,-74.03005361583628,-74.03005361583628
664.600018620491,-74.03275017632123,-74.03275017632123
664.610018620491,-74.03544844184704,-74.03544844184704
664.620018620491,-74.03814843496622,-74.03814843496622
664.630018620491,-74.04085017769563,-74.04085017769563
664.640018620491,-74.04355369152022,-74.04355369152022
664.650018620491,-74.04625899740861,-74.04625899740861
664.660018620491,-74.04896611581962,-74.04896611581962
664.6700186204911,-74.05167506669726,-74.05167506669726
664.6800186204911,-74.0543858694976,-74.0543858694976
664.6900186204911,-74.05709854316854,-74.05709854316854
664.7000186443329,-74.05981311265595,-74.05981311265595
664.7100186443329,-74.06252958302635,-74.06252958302635
664.7200186443329,-74.065247978252,-74.065247978252
664.7300186443329,-74.06796831539903,-74.06796831539903
664.7400186443328,-74.07069061105732,-74.07069061105732
664.7500186443328,-74.07341488137756,-74.07341488137756
664.7600186443328,-74.07614114205793,-74.07614114205793
664.7700186443329,-74.07886940835779,-74.07886940835779
664.7800186443329,-74.08159969511287,-74.08159969511287
664.7900186443329,-74.08433201671852,-74.08433201671852
664.8000186443329,-74.08706638716241,-74.08706638716241
664.8100186443329,-74.08980282000523,-74.08980282000523
664.8200186443329,-74.0925413284129,-74.0925413284129
664.8300186443329,-74.09528192514094,-74.09528192514094
664.8400186443329,-74.09802462254493,-74.09802462254493
664.8500186443329,-74.10076943260378,-74.10076943260378
664.8600186443329,-74.10351636689909,-74.10351636689909
664.8700186443328,-74.10626543663804,-74.10626543663804
664.8800186443328,-74.10901665265143,-74.10901665265143
664.8900186443329,-74.11177002540096,-74.11177002540096
664.9000186443329,-74.11452556500738,-74.11452556500738
664.9100186443329,-74.11728328119881,-74.11728328119881
664.9200186443329,-74.12004318337098,-74.12004318337098
664.9300186443329,-74.12280528057644,-74.12280528057644
664.9400186443329,-74.12556958151698,-74.12556958151698
664.9500186443329,-74.12833609456827,-74.12833609456827
664.9600186443329,-74.13110482776993,-74.13110482776993
664.9700186443329,-74.13387578883082,-74.13387578883082
664.9800186443329,-74.13664898514489,-74.13664898514489
664.9900186443328,-74.13942442378453,-74.13942442378453
665.0000186443328,-74.14220211152424,-74.14220211152424
665.0100186443328,-74.1449820548056,-74.1449820548056
665.0200186443329,-74.14776425979436,-74.14776425979436
665.0300186443329,-74.1505487323555,-74.1505487323555
665.0400186443329,-74.15333547804539,-74.15333547804539
665.0500186443329,-74.1561245021436,-74.1561245021436
665.0600186443329,-74.15891580964596,-74.15891580964596
665.0700186443329,-74.16170940526605,-74.16170940526605
665.0800186443329,-74.16450529344549,-74.16450529344549
665.0900186443329,-74.16730347835423,-74.16730347835423
665.1000186443329,-74.170103963893,-74.170103963893
665.1100186443329,-74.17290675370313,-74.17290675370313
665.1200186443328,-74.17571185116236,-74.17571185116236
665.1300186443328,-74.17851925940272,-74.17851925940272
665.1400186443329,-74.18132898129848,-74.18132898129848
665.1500186443329,-74.18414101948477,-74.18414101948477
665.1600186443329,-74.18695537635107,-74.18695537635107
665.1700186443329,-74.18977205404428,-74.18977205404428
665.1800186443329,-74.19259105447824,-74.19259105447824
665.1900186443329,-74.19541237933883,-74.19541237933883
665.2000186443329,-74.19823603008652,-74.19823603008652
665.2100186443329,-74.20106200795465,-74.20106200795465
665.2200186443329,-74.20389031396745,-74.20389031396745
665.2300186443329,-74.20672094890429,-74.20672094890429
665.2400186443328,-74.2095539133558,-74.2095539133558
665.2500186443328,-74.21238920769532,-74.21238920769532
665.2600186443328,-74.21522683209203,-74.21522683209203
665.2700186443329,-74.2180667865155,-74.2180667865155
665.2800186443329,-74.22090907073112,-74.22090907073112
665.2900186443329,-74.22375368430319,-74.22375368430319
665.3000186443329,-74.22660062660938,-74.22660062660938
665.3100186443329,-74.22944989684282,-74.22944989684282
665.3200186443329,-74.23230149399805,-74.23230149399805
665.3300186443329,-74.23515541689551,-74.23515541689551
665.3400186443329,-74.23801166416516,-74.23801166416516
665.3500186443329,-74.24087023426786,-74.24087023426786
665.3600186443329,-74.243731125485,-74.243731125485
665.3700186443328,-74.24659433593345,-74.24659433593345
665.3800186443328,-74.24945986354527,-74.24945986354527
665.3900186443329,-74.2523277061037,-74.2523277061037
665.4000186443329,-74.25519786122378,-74.25519786122378
665.4100186443329,-74.25807032635676,-74.25807032635676
665.4200186443329,-74.26094509879039,-74.26094509879039
665.4300186443329,-74.26382217566953,-74.26382217566953
665.4400186443329,-74.26670155398311,-74.26670155398311
665.4500186443329,-74.26958323056346,-74.26958323056346
665.4600186443329,-74.27246071918658,-74.27246071918658
665.4700186443329,-74.27533117232596,-74.27533117232596
665.4800186443329,-74.27819319725258,-74.27819319725258
665.4900186443328,-74.28104607465868,-74.28104607465868
665.5000186443328,-74.2838894605086,-74.2838894605086
665.5100186443328,-74.28672323121728,-74.28672323121728
665.5200186443329,-74.28954739295925,-74.28954739295925
665.5300186443329,-74.29236202723403,-74.29236202723403
665.5400186443329,-74.29516725805144,-74.29516725805144
665.5500186681747,-74.29796323895984,-74.29796323895984
665.5600186681747,-74.30075011467619,-74.30075011467619
665.5700186681747,-74.30352805417775,-74.30352805417775
665.5800186681747,-74.30629722004748,-74.30629722004748
665.5900186681747,-74.30905777293957,-74.30905777293957
665.6000186681747,-74.31180987051769,-74.31180987051769
665.6100186681747,-74.31455366694787,-74.31455366694787
665.6200186681748,-74.31728931283202,-74.31728931283202
665.6300186681748,-74.32001695532152,-74.32001695532152
665.6400186681748,-74.3227367383243,-74.3227367383243
665.6500186681748,-74.32544880280264,-74.32544880280264
665.6600186681748,-74.32815328703042,-74.32815328703042
665.6700186681747,-74.33085032686958,-74.33085032686958
665.6800186681747,-74.33354005602718,-74.33354005602718
665.6900186681747,-74.33622260623044,-74.33622260623044
665.7000186681747,-74.33889810748336,-74.33889810748336
665.7100186681747,-74.3415666881708,-74.3415666881708
665.7200186681747,-74.34422847525022,-74.34422847525022
665.7300186681747,-74.3468835943201,-74.3468835943201
665.7400186681748,-74.34953216973102,-74.34953216973102
665.7500186681748,-74.35217432470206,-74.35217432470206
665.7600186681748,-74.35481018133092,-74.35481018133092
665.7700186681748,-74.35743986067938,-74.35743986067938
665.7800186681748,-74.36006348279751,-74.36006348279751
665.7900186681748,-74.36268116676983,-74.36268116676983
665.8000186681747,-74.36529303072855,-74.36529303072855
665.8100186681747,-74.36789919185755,-74.36789919185755
665.8200186681747,-74.3704997664357,-74.3704997664357
665.8300186681747,-74.3730948698027,-74.3730948698027
665.8400186681747,-74.37568461641085,-74.37568461641085
665.8500186681747,-74.37826911977551,-74.37826911977551
665.8600186681747,-74.38084849250824,-74.38084849250824
665.8700186681748,-74.38342284629547,-74.38342284629547
665.8800186681748,-74.38599229190824,-74.38599229190824
665.8900186681748,-74.38855693916618,-74.38855693916618
665.9000186681748,-74.39111689696814,-74.39111689696814
665.9100186681748,-74.39367227325643,-74.39367227325643
665.9200186681747,-74.3962231750146,-74.3962231750146
665.9300186681747,-74.39876970826353,-74.39876970826353
665.9400186681747,-74.40131197805205,-74.40131197805205
665.9500186681747,-74.40385008843461,-74.40385008843461
665.9600186681747,-74.40638414249474,-74.40638414249474
665.9700186681747,-74.4089142423073,-74.4089142423073
665.9800186681747,-74.4114404889391,-74.4114404889391
665.9900186681748,-74.41396298243852,-74.41396298243852
666.0000186681748,-74.4164818218552,-74.4164818218552
666.0100186681748,-74.41899710519287,-74.41899710519287
666.0200186681748,-74.42150892941777,-74.42150892941777
666.0300186681748,-74.42401739047891,-74.42401739047891
666.0400186681748,-74.42652258326552,-74.42652258326552
666.0500186681747,-74.42902460162149,-74.42902460162149
666.0600186681747,-74.43152353835315,-74.43152353835315
666.0700186681747,-74.43401948520189,-74.43401948520189
666.0800186681747,-74.43651253285857,-74.43651253285857
666.0900186681747,-74.4390027709531,-74.4390027709531
666.1000186681747,-74.44149028805883,-74.44149028805883
666.1100186681747,-74.44397517168034,-74.44397517168034
666.1200186681748,-74.44645750827344,-74.44645750827344
666.1300186681748,-74.44893738323753,-74.44893738323753
666.1400186681748,-74.45141488088434,-74.45141488088434
666.1500186681748,-74.45389008449371,-74.45389008449371
666.1600186681748,-74.45636307627414,-74.45636307627414
666.1700186681747,-74.45883393738279,-74.45883393738279
666.1800186681747,-74.46130274792192,-74.46130274792192
666.1900186681747,-74.46376958694403,-74.46376958694403
666.2000186681747,-74.46623453245387,-74.46623453245387
666.2100186681747,-74.46869116206705,-74.46869116206705
666.2200186681747,-74.4711367009191,-74.4711367009191
666.2300186681747,-74.47356983190286,-74.47356983190286
666.2400186681748,-74.47598991220222,-74.47598991220222
666.2500186681748,-74.47839667433975,-74.47839667433975
666.2600186681748,-74.48079007097273,-74.48079007097273
666.2700186681748,-74.48317018398677,-74.48317018398677
666.2800186681748,-74.48553716988879,-74.48553716988879
666.2900186681748,-74.48789122694153,-74.48789122694153
666.3000186681747,-74.49023257547701,-74.49023257547701
666.3100186681747,-74.49256144613749,-74.49256144613749
666.3200186681747,-74.49487807295739,-74.49487807295739
666.3300186681747,-74.49718268939158,-74.49718268939158
666.3400186681747,-74.49947552611644,-74.49947552611644
666.3500186681747,-74.50175680993605,-74.50175680993605
666.3600186681747,-74.50402676330792,-74.50402676330792
666.3700186681748,-74.5062856042571,-74.5062856042571
666.3800186681748,-74.50853354652988,-74.50853354652988
666.3900186681748,-74.5107707997593,-74.5107707997593
666.4000186920166,-74.51299757511927,-74.51299757511927
666.4100186920166,-74.51521406430489,-74.51521406430489
666.4200186920166,-74.51742047175162,-74.51742047175162
666.4300186920166,-74.51961699357197,-74.51961699357197
666.4400186920166,-74.52180382311465,-74.52180382311465
666.4500186920166,-74.52398115116775,-74.52398115116775
666.4600186920165,-74.5261426625028,-74.5261426625028
666.4700186920167,-74.52828569116839,-74.52828569116839
666.4800186920166,-74.5304090290367,-74.5304090290367
666.4900186920166,-74.53251214180894,-74.53251214180894
666.5000186920166,-74.53459486992249,-74.53459486992249
666.5100186920166,-74.53665727329467,-74.53665727329467
666.5200186920166,-74.53869954037431,-74.53869954037431
666.5300186920166,-74.5407219335381,-74.5407219335381
666.5400186920166,-74.54272475626496,-74.54272475626496
666.5500186920166,-74.54470833341045,-74.54470833341045
666.5600186920166,-74.54667299948248,-74.54667299948248
666.5700186920166,-74.54861909170954,-74.54861909170954
666.5800186920166,-74.5505469460743,-74.5505469460743
666.5900186920167,-74.55245689513676,-74.55245689513676
666.6000186920166,-74.55434926692193,-74.55434926692193
666.6100186920166,-74.55622438443336,-74.55622438443336
666.6200186920166,-74.55808256558645,-74.55808256558645
666.6300186920166,-74.55992412331722,-74.55992412331722
666.6400186920166,-74.56174936580285,-74.56174936580285
666.6500186920166,-74.56355859671942,-74.56355859671942
666.6600186920166,-74.56535211553754,-74.56535211553754
666.6700186920166,-74.56713021776731,-74.56713021776731
666.6800186920166,-74.56889319521311,-74.56889319521311
666.6900186920166,-74.57064133618726,-74.57064133618726
666.7000186920166,-74.57237492568872,-74.57237492568872
666.7100186920165,-74.57409424557592,-74.57409424557592
666.7200186920167,-74.57579957468369,-74.57579957468369
666.7300186920166,-74.57749118897661,-74.57749118897661
666.7400186920166,-74.57916936159559,-74.57916936159559
666.7500186920166,-74.58083436296457,-74.58083436296457
666.7600186920166,-74.5824864608425,-74.5824864608425
666.7700186920166,-74.58412592038556,-74.58412592038556
666.7800186920166,-74.5857530041665,-74.5857530041665
666.7900186920166,-74.5873679722339,-74.5873679722339
666.8000186920166,-74.58897108210876,-74.58897108210876
666.8100186920166,-74.5905625888059,-74.5905625888059
666.8200186920166,-74.59214274487775,-74.59214274487775
666.8300186920166,-74.59371180038893,-74.59371180038893
666.8400186920167,-74.5952700029197,-74.5952700029197
666.8500186920166,-74.59681759761365,-74.59681759761365
666.8600186920166,-74.59835482712299,-74.59835482712299
666.8700186920166,-74.59988193164526,-74.59988193164526
666.8800186920166,-74.60139914890682,-74.60139914890682
666.8900186920166,-74.60290671419492,-74.60290671419492
666.9000186920166,-74.60440486029384,-74.60440486029384
666.9100186920166,-74.60589381752472,-74.60589381752472
666.9200186920166,-74.60737381375984,-74.60737381375984
666.9300186920166,-74.60884507437932,-74.60884507437932
666.9400186920166,-74.6103078222967,-74.6103078222967
666.9500186920166,-74.61176227794708,-74.61176227794708
666.9600186920165,-74.61320865929433,-74.61320865929433
666.9700186920167,-74.61464718182421,-74.61464718182421
666.9800186920166,-74.61607805856723,-74.61607805856723
666.9900186920166,-74.6175015000637,-74.6175015000637
667.0000186920166,-74.61891771440561,-74.61891771440561
667.0100186920166,-74.62032690720737,-74.62032690720737
667.0200186920166,-74.62172928162929,-74.62172928162929
667.0300186920166,-74.62312503838673,-74.62312503838673
667.0400186920166,-74.6245143757382,-74.6245143757382
667.0500186920166,-74.62589748949603,-74.62589748949603
667.0600186920166,-74.62727457305625,-74.62727457305625
667.0700186920166,-74.62864581737497,-74.62864581737497
667.0800186920166,-74.63001141100197,-74.63001141100197
667.0900186920167,-74.63137154007843,-74.63137154007843
667.1000186920166,-74.63272638835271,-74.63272638835271
667.1100186920166,-74.63407613717834,-74.63407613717834
667.1200186920166,-74.63542096554094,-74.63542096554094
667.1300186920166,-74.63676105006317,-74.63676105006317
667.1400186920166,-74.63809656502015,-74.63809656502015
667.1500186920166,-74.63942768235896,-74.63942768235896
667.1600186920166,-74.64075457169459,-74.64075457169459
667.1700186920166,-74.64207740034686,-74.64207740034686
667.1800186920166,-74.64339633331797,-74.64339633331797
667.1900186920166,-74.64471153337063,-74.64471153337063
667.2000186920166,-74.64602316096837,-74.64602316096837
667.2100186920165,-74.64732486250047,-74.64732486250047
667.2200186920167,-74.64861394003849,-74.64861394003849
667.2300186920166,-74.6498891557849,-74.6498891557849
667.2400186920166,-74.65114994666963,-74.65114994666963
667.2500187158585,-74.65239612761759,-74.65239612761759
667.2600187158585,-74.65362772407327,-74.65362772407327
667.2700187158584,-74.65484489876891,-74.65484489876891
667.2800187158584,-74.65604788497166,-74.65604788497166
667.2900187158584,-74.6572369565679,-74.6572369565679
667.3000187158584,-74.65841240832212,-74.65841240832212
667.3100187158584,-74.6595745441003,-74.6595745441003
667.3200187158585,-74.66072366997257,-74.66072366997257
667.3300187158585,-74.66186009021709,-74.66186009021709
667.3400187158585,-74.66298410514146,-74.66298410514146
667.3500187158585,-74.66409601000625,-74.66409601000625
667.3600187158585,-74.66519609458021,-74.66519609458021
667.3700187158585,-74.66628464306368,-74.66628464306368
667.3800187158585,-74.66736193424556,-74.66736193424556
667.3900187158584,-74.6684282417474,-74.6684282417474
667.4000187158584,-74.66948383428753,-74.66948383428753
667.4100187158584,-74.67052897604484,-74.67052897604484
667.4200187158584,-74.67156392689284,-74.67156392689284
667.4300187158584,-74.67258894269031,-74.67258894269031
667.4400187158585,-74.67360427554071,-74.67360427554071
667.4500187158585,-74.67461017398325,-74.67461017398325
667.4600187158585,-74.67560036974655,-74.67560036974655
667.4700187158585,-74.6765722509011,-74.6765722509011
667.4800187158585,-74.67752466538724,-74.67752466538724
667.4900187158585,-74.6784571353995,-74.6784571353995
667.5000187158585,-74.67936955763628,-74.67936955763628
667.5100187158585,-74.680262047724,-74.680262047724
667.5200187158584,-74.68113484909284,-74.68113484909284
667.5300187158584,-74.6819882781986,-74.6819882781986
667.5400187158584,-74.68282269163494,-74.68282269163494
667.5500187158584,-74.68363846640631,-74.68363846640631
667.5600187158584,-74.68443598815692,-74.68443598815692
667.5700187158585,-74.68521564425059,-74.68521564425059
667.5800187158585,-74.68597781983823,-74.68597781983823
667.5900187158585,-74.6867228956374,-74.6867228956374
667.6000187158585,-74.68745124687814,-74.68745124687814
667.6100187158585,-74.68816324284367,-74.68816324284367
667.6200187158585,-74.68885924680147,-74.68885924680147
667.6300187158585,-74.68953961612769,-74.68953961612769
667.6400187158584,-74.69020470257045,-74.69020470257045
667.6500187158584,-74.69085485251259,-74.69085485251259
667.6600187158584,-74.6914904072837,-74.6914904072837
667.6700187158584,-74.6921117034268,-74.6921117034268
667.6800187158584,-74.6927190729812,-74.6927190729812
667.6900187158585,-74.69331284367922,-74.69331284367922
667.7000187158585,-74.69389333918478,-74.69389333918478
667.7100187158585,-74.69445436546816,-74.69445436546816
667.7200187158585,-74.69499338545894,-74.69499338545894
667.7300187158585,-74.6955093218222,-74.6955093218222
667.7400187158585,-74.69600177106074,-74.69600177106074
667.7500187158585,-74.69647070367462,-74.69647070367462
667.7600187158585,-74.69691630857089,-74.69691630857089
667.7700187158584,-74.69733890181936,-74.69733890181936
667.7800187158584,-74.69773887190058,-74.69773887190058
667.7900187158584,-74.69811664678353,-74.69811664678353
667.8000187158584,-74.69847267418021,-74.69847267418021
667.8100187158584,-74.69880740975967,-74.69880740975967
667.8200187158585,-74.69912131021233,-74.69912131021233
667.8300187158585,-74.69941482932663,-74.69941482932663
667.8400187158585,-74.69968841576764,-74.69968841576764
667.8500187158585,-74.69994251198948,-74.69994251198948
667.8600187158585,-74.70017755380735,-74.70017755380735
667.8700187158585,-74.70039397030587,-74.70039397030587
667.8800187158585,-74.70059218397428,-74.70059218397428
667.8900187158584,-74.70077261095696,-74.70077261095696
667.9000187158584,-74.70093566131735,-74.70093566131735
667.9100187158584,-74.7010817393544,-74.7010817393544
667.9200187158584,-74.70121124387693,-74.70121124387693
667.9300187158584,-74.7013245684622,-74.7013245684622
667.9400187158585,-74.70142210166269,-74.70142210166269
667.9500187158585,-74.7015042272594,-74.7015042272594
667.9600187158585,-74.70157132440848,-74.70157132440848
667.9700187158585,-74.70162376779548,-74.70162376779548
667.9800187158585,-74.7016619277555,-74.7016619277555
667.9900187158585,-74.70168617040305,-74.70168617040305
668.0000187158585,-74.70169685771621,-74.70169685771621
668.0100187158585,-74.70169434761169,-74.70169434761169
668.0200187158584,-74.70167899400127,-74.70167899400127
668.0300187158584,-74.7016511468705,-74.7016511468705
668.0400187158584,-74.70161115230252,-74.70161115230252
668.0500187158584,-74.70155935251984,-74.70155935251984
668.0600187158584,-74.70149608593164,-74.70149608593164
668.0700187158585,-74.70142168712862,-74.70142168712862
668.0800187158585,-74.70133648695278,-74.70133648695278
668.0900187158585,-74.70124081246692,-74.70124081246692
668.1000187397003,-74.70113498675467,-74.70113498675467
668.1100187397003,-74.7010193299091,-74.7010193299091
668.1200187397003,-74.7008941576198,-74.7008941576198
668.1300187397003,-74.70075978210689,-74.70075978210689
668.1400187397003,-74.70061651188902,-74.70061651188902
668.1500187397003,-74.7004646518433,-74.7004646518433
668.1600187397003,-74.70030450315951,-74.70030450315951
668.1700187397004,-74.70013636339931,-74.70013636339931
668.1800187397004,-74.69996052650312,-74.69996052650312
668.1900187397003,-74.69977728277414,-74.69977728277414
668.2000187397003,-74.69958691891433,-74.69958691891433
668.2100187397003,-74.69938971803168,-74.69938971803168
668.2200187397003,-74.69918595966125,-74.69918595966125
668.2300187397003,-74.69897591975547,-74.69897591975547
668.2400187397003,-74.69875987074394,-74.69875987074394
668.2500187397003,-74.69853808150633,-74.69853808150633
668.2600187397003,-74.6983108174186,-74.6983108174186
668.2700187397003,-74.69807834034319,-74.69807834034319
668.2800187397003,-74.69784090868372,-74.69784090868372
668.2900187397004,-74.69759877735986,-74.69759877735986
668.3000187397004,-74.69735219787331,-74.69735219787331
668.3100187397004,-74.6971014182884,-74.6971014182884
668.3200187397003,-74.69684668328631,-74.69684668328631
668.3300187397003,-74.69658823414842,-74.69658823414842
668.3400187397003,-74.69632630880903,-74.69632630880903
668.3500187397003,-74.69606114188338,-74.69606114188338
668.3600187397003,-74.69579296467268,-74.69579296467268
668.3700187397003,-74.69552200518406,-74.69552200518406
668.3800187397003,-74.69524848816953,-74.69524848816953
668.3900187397003,-74.6949726351361,-74.6949726351361
668.4000187397003,-74.69469466439467,-74.69469466439467
668.4100187397003,-74.69441479106614,-74.69441479106614
668.4200187397004,-74.69413322710655,-74.69413322710655
668.4300187397004,-74.69385018135087,-74.69385018135087
668.4400187397003,-74.69356585951729,-74.69356585951729
668.4500187397003,-74.69328046425595,-74.69328046425595
668.4600187397003,-74.6929941951619,-74.6929941951619
668.4700187397003,-74.69270724880113,-74.69270724880113
668.4800187397003,-74.6924198187684,-74.6924198187684
668.4900187397003,-74.69213209565795,-74.69213209565795
668.5000187397003,-74.69184426715476,-74.69184426715476
668.5100187397003,-74.69155651801708,-74.69155651801708
668.5200187397003,-74.69126903012959,-74.69126903012959
668.5300187397003,-74.69098198253215,-74.69098198253215
668.5400187397004,-74.69069555141924,-74.69069555141924
668.5500187397004,-74.69040991022497,-74.69040991022497
668.5600187397004,-74.69012522959174,-74.69012522959174
668.5700187397003,-74.68984167743439,-74.68984167743439
668.5800187397003,-74.6895594189565,-74.6895594189565
668.5900187397003,-74.68927861670025,-74.68927861670025
668.6000187397003,-74.68899943054846,-74.68899943054846
668.6100187397003,-74.68872201776016,-74.68872201776016
668.6200187397003,-74.68844653301996,-74.68844653301996
668.6300187397003,-74.68817312844119,-74.68817312844119
668.6400187397003,-74.68790195361001,-74.68790195361001
668.6500187397003,-74.68763315560969,-74.68763315560969
668.6600187397003,-74.68736687904799,-74.68736687904799
668.6700187397004,-74.68710326608756,-74.68710326608756
668.6800187397004,-74.68684245648714,-74.68684245648714
668.6900187397003,-74.68658458760521,-74.68658458760521
668.7000187397003,-74.68632979444506,-74.68632979444506
668.7100187397003,-74.68607169925791,-74.68607169925791
668.7200187397003,-74.68580758313162,-74.68580758313162
668.7300187397003,-74.68553618822793,-74.68553618822793
668.7400187397003,-74.6852569317277,-74.6852569317277
668.7500187397003,-74.68496960593849,-74.68496960593849
668.7600187397003,-74.68467422255326,-74.68467422255326
668.7700187397003,-74.68437092135625,-74.68437092135625
668.7800187397003,-74.68405991543221,-74.68405991543221
668.7900187397004,-74.68374145813827,-74.68374145813827
668.8000187397004,-74.68341582339548,-74.68341582339548
668.8100187397004,-74.6830832938934,-74.6830832938934
668.8200187397003,-74.68274415415898,-74.68274415415898
668.8300187397003,-74.68239868662485,-74.68239868662485
668.8400187397003,-74.6820471694769,-74.6820471694769
668.8500187397003,-74.68168987557237,-74.68168987557237
668.8600187397003,-74.68132707202564,-74.68132707202564
668.8700187397003,-74.68095902017161,-74.68095902017161
668.8800187397003,-74.68058597573297,-74.68058597573297
668.8900187397003,-74.68020818907702,-74.68020818907702
668.9000187397003,-74.67982590552596,-74.67982590552596
668.9100187397003,-74.679439365721,-74.679439365721
668.9200187397004,-74.67904880588256,-74.67904880588256
668.9300187397004,-74.6786544581325,-74.6786544581325
668.9400187397003,-74.67825655071945,-74.67825655071945
668.9500187635422,-74.67785530733542,-74.67785530733542
668.9600187635422,-74.67745095107479,-74.67745095107479
668.9700187635422,-74.67704369897172,-74.67704369897172
668.9800187635421,-74.67663376587599,-74.67663376587599
668.9900187635421,-74.6762213636671,-74.6762213636671
669.0000187635421,-74.67580670137082,-74.67580670137082
669.0100187635421,-74.67538998524327,-74.67538998524327
669.0200187635422,-74.67497141885623,-74.67497141885623
669.0300187635422,-74.67455120315893,-74.67455120315893
669.0400187635422,-74.67412953653154,-74.67412953653154
669.0500187635422,-74.67370661485003,-74.67370661485003
669.0600187635422,-74.67328263151806,-74.67328263151806
669.0700187635422,-74.67285777752448,-74.67285777752448
669.0800187635422,-74.67243224142601,-74.67243224142601
669.0900187635422,-74.67200620942914,-74.67200620942914
669.1000187635422,-74.67157986538699,-74.67157986538699
669.1100187635421,-74.67115339080631,-74.67115339080631
669.1200187635421,-74.670726964898,-74.670726964898
669.1300187635421,-74.67030076457759,-74.67030076457759
669.1400187635422,-74.66987496447294,-74.66987496447294
669.1500187635422,-74.66944973696106,-74.66944973696106
669.1600187635422,-74.66902525214175,-74.66902525214175
669.1700187635422,-74.66860167788613,-74.66860167788613
669.1800187635422,-74.66817917984461,-74.66817917984461
669.1900187635422,-74.66775792143217,-74.66775792143217
669.2000187635422,-74.6673380638673,-74.6673380638673
669.2100187635422,-74.66691976615864,-74.66691976615864
669.2200187635422,-74.66650318514439,-74.66650318514439
669.2300187635421,-74.66608847547853,-74.66608847547853
669.2400187635421,-74.6656757896471,-74.6656757896471
669.2500187635421,-74.66526527799039,-74.66526527799039
669.2600187635421,-74.66485708870563,-74.66485708870563
669.2700187635422,-74.66445136785352,-74.66445136785352
669.2800187635422,-74.66404825938672,-74.66404825938672
669.2900187635422,-74.66364790514405,-74.66364790514405
669.3000187635422,-74.66325044486524,-74.66325044486524
669.3100187635422,-74.66285601621765,-74.66285601621765
669.3200187635422,-74.66246475480237,-74.66246475480237
669.3300187635422,-74.6620767941544,-74.6620767941544
669.3400187635422,-74.66169226577551,-74.66169226577551
669.3500187635422,-74.66131129914514,-74.66131129914514
669.3600187635421,-74.66093402171572,-74.66093402171572
669.3700187635421,-74.66056055894435,-74.66056055894435
669.3800187635421,-74.66019103432248,-74.66019103432248
669.3900187635422,-74.65982556934041,-74.65982556934041
669.4000187635422,-74.65946428357033,-74.65946428357033
669.4100187635422,-74.6591072946145,-74.6591072946145
669.4200187635422,-74.65875471817382,-74.65875471817382
669.4300187635422,-74.65840666803138,-74.65840666803138
669.4400187635422,-74.65806325608386,-74.65806325608386
669.4500187635422,-74.65772459235586,-74.65772459235586
669.4600187635422,-74.65739078501902,-74.65739078501902
669.4700187635422,-74.65706194038806,-74.65706194038806
669.4800187635421,-74.65673816296398,-74.65673816296398
669.4900187635421,-74.65641955544297,-74.65641955544297
669.5000187635421,-74.65610621871973,-74.65610621871973
669.5100187635421,-74.65579825193392,-74.65579825193392
669.5200187635422,-74.6554957524532,-74.6554957524532
669.5300187635422,-74.65519881591761,-74.65519881591761
669.5400187635422,-74.65490753623844,-74.65490753623844
669.5500187635422,-74.65462200563462,-74.65462200563462
669.5600187635422,-74.65434231461795,-74.65434231461795
669.5700187635422,-74.65406855206227,-74.65406855206227
669.5800187635422,-74.65380080516488,-74.65380080516488
669.5900187635422,-74.6535391594885,-74.6535391594885
669.6000187635422,-74.65328369901151,-74.65328369901151
669.6100187635421,-74.65303450607793,-74.65303450607793
669.6200187635421,-74.65279166148075,-74.65279166148075
669.6300187635421,-74.6525552444227,-74.6525552444227
669.6400187635422,-74.65232533258097,-74.65232533258097
669.6500187635422,-74.65210200210825,-74.65210200210825
669.6600187635422,-74.65188532763116,-74.65188532763116
669.6700187635422,-74.65167538230092,-74.65167538230092
669.6800187635422,-74.65147223778335,-74.65147223778335
669.6900187635422,-74.65127596428196,-74.65127596428196
669.7000187635422,-74.65108663057181,-74.65108663057181
669.7100187635422,-74.65090430399478,-74.65090430399478
669.7200187635422,-74.65072905049483,-74.65072905049483
669.7300187635421,-74.65056093462447,-74.65056093462447
669.7400187635421,-74.65040001957082,-74.65040001957082
669.7500187635421,-74.65024636714979,-74.65024636714979
669.7600187635421,-74.65010003785284,-74.65010003785284
669.7700187635422,-74.64996109084056,-74.64996109084056
669.7800187635422,-74.64981766486689,-74.64981766486689
669.7900187635422,-74.64965656149123,-74.64965656149123
669.800018787384,-74.64946733942996,-74.64946733942996
669.810018787384,-74.64924244595119,-74.64924244595119
669.820018787384,-74.64897646554996,-74.64897646554996
669.830018787384,-74.64866543998677,-74.64866543998677
669.840018787384,-74.64830639566334,-74.64830639566334
669.850018787384,-74.6478970392257,-74.6478970392257
669.860018787384,-74.64743556401531,-74.64743556401531
669.8700187873841,-74.6469205255974,-74.6469205255974
669.8800187873841,-74.64635075989204,-74.64635075989204
669.8900187873841,-74.64572532758,-74.64572532758
669.900018787384,-74.64504347499488,-74.64504347499488
669.910018787384,-74.64430460554713,-74.64430460554713
669.920018787384,-74.64350825795675,-74.64350825795675
669.930018787384,-74.64265408913211,-74.64265408913211
669.940018787384,-74.64174186026648,-74.64174186026648
669.950018787384,-74.64077142521062,-74.64077142521062
669.960018787384,-74.6397427206141,-74.6397427206141
669.970018787384,-74.6386557573726,-74.6386557573726
669.980018787384,-74.6375106131954,-74.6375106131954
669.9900187873841,-74.63630742598284,-74.63630742598284
670.0000187873841,-74.63504638804858,-74.63504638804858
670.0100187873841,-74.63372774089663,-74.63372774089663
670.0200187873841,-74.63235177056575,-74.63235177056575
670.030018787384,-74.63091880349982,-74.63091880349982
670.040018787384,-74.62942920278041,-74.62942920278041
670.050018787384,-74.62788336476638,-74.62788336476638
670.060018787384,-74.62628171604341,-74.62628171604341
670.070018787384,-74.62462471067664,-74.62462471067664
670.080018787384,-74.62291282772117,-74.62291282772117
670.090018787384,-74.62114656894255,-74.62114656894255
670.100018787384,-74.6193264567655,-74.6193264567655
670.110018787384,-74.61745303237299,-74.61745303237299
670.1200187873841,-74.6155268540016,-74.6155268540016
670.1300187873841,-74.61354849536217,-74.61354849536217
670.1400187873841,-74.61151854419411,-74.61151854419411
670.150018787384,-74.60943760091915,-74.60943760091915
670.160018787384,-74.60730627741833,-74.60730627741833
670.170018787384,-74.60512519591492,-74.60512519591492
670.180018787384,-74.60289498789315,-74.60289498789315
670.190018787384,-74.60061629315314,-74.60061629315314
670.200018787384,-74.59828975890802,-74.59828975890802
670.210018787384,-74.59590953996648,-74.59590953996648
670.220018787384,-74.59347345504598,-74.59347345504598
670.230018787384,-74.59098078951735,-74.59098078951735
670.2400187873841,-74.5884315092627,-74.5884315092627
670.2500187873841,-74.58582596047513,-74.58582596047513
670.2600187873841,-74.5831647134865,-74.5831647134865
670.2700187873841,-74.58044847110612,-74.58044847110612
670.280018787384,-74.57767801334015,-74.57767801334015
670.290018787384,-74.57485416398684,-74.57485416398684
670.300018787384,-74.57197777044026,-74.57197777044026
670.310018787384,-74.56904969145407,-74.56904969145407
670.320018787384,-74.56607078985719,-74.56607078985719
670.330018787384,-74.56304192820288,-74.56304192820288
670.340018787384,-74.55996396621912,-74.55996396621912
670.350018787384,-74.55683775941031,-74.55683775941031
670.360018787384,-74.5536641582841,-74.5536641582841
670.3700187873841,-74.55044400796734,-74.55044400796734
670.3800187873841,-74.54717814811436,-74.54717814811436
670.3900187873841,-74.54386741284581,-74.54386741284581
670.400018787384,-74.54051263078495,-74.54051263078495
670.410018787384,-74.53711462515457,-74.53711462515457
670.420018787384,-74.5336742138148,-74.5336742138148
670.430018787384,-74.53019220932563,-74.53019220932563
670.440018787384,-74.5266694189891,-74.5266694189891
670.450018787384,-74.52310664484922,-74.52310664484922
670.460018787384,-74.51949819353713,-74.51949819353713
670.470018787384,-74.51584202105582,-74.51584202105582
670.480018787384,-74.51213753818482,-74.51213753818482
670.4900187873841,-74.50838482572824,-74.50838482572824
670.5000187873841,-74.50458433519961,-74.50458433519961
670.5100187873841,-74.50073673337823,-74.50073673337823
670.5200187873841,-74.49684281123918,-74.49684281123918
670.530018787384,-74.49290342921607,-74.49290342921607
670.540018787384,-74.48891948424638,-74.48891948424638
670.550018787384,-74.48489189001587,-74.48489189001587
670.560018787384,-74.48082156508642,-74.48082156508642
670.570018787384,-74.47670942596757,-74.47670942596757
670.580018787384,-74.47255638311533,-74.47255638311533
670.590018787384,-74.46836333865643,-74.46836333865643
670.600018787384,-74.46413118527185,-74.46413118527185
670.610018787384,-74.45986080570268,-74.45986080570268
670.6200187873841,-74.45555307262742,-74.45555307262742
670.6300187873841,-74.45120884877156,-74.45120884877156
670.6400187873841,-74.44682898707242,-74.44682898707242
670.6500188112259,-74.44241432041906,-74.44241432041906
670.6600188112259,-74.4379657039331,-74.4379657039331
670.6700188112259,-74.43348395233866,-74.43348395233866
670.6800188112259,-74.42896988199081,-74.42896988199081
670.6900188112259,-74.42442430067186,-74.42442430067186
670.7000188112258,-74.41984800775849,-74.41984800775849
670.7100188112258,-74.4152353152958,-74.4152353152958
670.7200188112259,-74.41058417697299,-74.41058417697299
670.7300188112259,-74.40589399647283,-74.40589399647283
670.7400188112259,-74.40116484389821,-74.40116484389821
670.7500188112259,-74.39639715694497,-74.39639715694497
670.7600188112259,-74.39159158586519,-74.39159158586519
670.7700188112259,-74.38674890258771,-74.38674890258771
670.7800188112259,-74.38186994617318,-74.38186994617318
670.7900188112259,-74.37695559000382,-74.37695559000382
670.8000188112259,-74.37200672211914,-74.37200672211914
670.8100188112259,-74.36702423352871,-74.36702423352871
670.8200188112259,-74.3620090113189,-74.3620090113189
670.8300188112258,-74.35696193476758,-74.35696193476758
670.840018811226,-74.35188387315561,-74.35188387315561
670.8500188112259,-74.3467756847647,-74.3467756847647
670.8600188112259,-74.34163821640713,-74.34163821640713
670.8700188112259,-74.33647230340708,-74.33647230340708
670.8800188112259,-74.33127876978789,-74.33127876978789
670.8900188112259,-74.3260584285054,-74.3260584285054
670.9000188112259,-74.32081208177704,-74.32081208177704
670.9100188112259,-74.31554052141597,-74.31554052141597
670.9200188112259,-74.31024452911848,-74.31024452911848
670.9300188112259,-74.30492487677172,-74.30492487677172
670.9400188112259,-74.29958232669804,-74.29958232669804
670.9500188112258,-74.29421763190322,-74.29421763190322
670.9600188112258,-74.28883153626963,-74.28883153626963
670.9700188112259,-74.28342477474952,-74.28342477474952
670.9800188112259,-74.27799807351273,-74.27799807351273
670.9900188112259,-74.27255215009139,-74.27255215009139
671.0000188112259,-74.2670877134932,-74.2670877134932
671.0100188112259,-74.26160546431689,-74.26160546431689
671.0200188112259,-74.25610609485385,-74.25610609485385
671.0300188112259,-74.25059028914448,-74.25059028914448
671.0400188112259,-74.2450587231053,-74.2450587231053
671.0500188112259,-74.2395120645307,-74.2395120645307
671.0600188112259,-74.23395097321479,-74.23395097321479
671.0700188112259,-74.22837610097848,-74.22837610097848
671.0800188112258,-74.22278809173076,-74.22278809173076
671.090018811226,-74.21718758151286,-74.21718758151286
671.1000188112259,-74.21157519857348,-74.21157519857348
671.1100188112259,-74.20595156339006,-74.20595156339006
671.1200188112259,-74.2003172887131,-74.2003172887131
671.1300188112259,-74.19467297962856,-74.19467297962856
671.1400188112259,-74.18901923360019,-74.18901923360019
671.1500188112259,-74.1833566405037,-74.1833566405037
671.1600188112259,-74.17768578267993,-74.17768578267993
671.1700188112259,-74.17200723497699,-74.17200723497699
671.1800188112259,-74.16632156479439,-74.16632156479439
671.1900188112259,-74.16062933214177,-74.16062933214177
671.2000188112258,-74.15493108965066,-74.15493108965066
671.2100188112258,-74.14922738266341,-74.14922738266341
671.2200188112259,-74.14351874925211,-74.14351874925211
671.2300188112259,-74.1378057202823,-74.1378057202823
671.2400188112259,-74.13208881945233,-74.13208881945233
671.2500188112259,-74.12636856334169,-74.12636856334169
671.2600188112259,-74.12064546146297,-74.12064546146297
671.2700188112259,-74.11492001633755,-74.11492001633755
671.2800188112259,-74.10919272349626,-74.10919272349626
671.2900188112259,-74.10346407158193,-74.10346407158193
671.3000188112259,-74.09773454236671,-74.09773454236671
671.3100188112259,-74.09200461083294,-74.09200461083294
671.3200188112259,-74.08627474520017,-74.08627474520017
671.3300188112258,-74.08054540701055,-74.08054540701055
671.340018811226,-74.07481705115188,-74.07481705115188
671.3500188112259,-74.06909012593802,-74.06909012593802
671.3600188112259,-74.06336507315088,-74.06336507315088
671.3700188112259,-74.05764232812149,-74.05764232812149
671.3800188112259,-74.05192231973501,-74.05192231973501
671.3900188112259,-74.0462054705523,-74.0462054705523
671.4000188112259,-74.04049219681606,-74.04049219681606
671.4100188112259,-74.03478290854402,-74.03478290854402
671.4200188112259,-74.0290780095617,-74.0290780095617
671.4300188112259,-74.02337789758194,-74.02337789758194
671.4400188112259,-74.01768296424918,-74.01768296424918
671.4500188112258,-74.01199359520527,-74.01199359520527
671.4600188112258,-74.00630372966884,-74.00630372966884
671.4700188112259,-74.00061093111871,-74.00061093111871
671.4800188112259,-73.99491420730509,-73.99491420730509
671.4900188112259,-73.9892132308051,-73.9892132308051
671.5000188350677,-73.98350802821604,-73.98350802821604
671.5100188350677,-73.97779888022872,-73.97779888022872
671.5200188350677,-73.97208614974147,-73.97208614974147
671.5300188350677,-73.96637028184682,-73.96637028184682
671.5400188350677,-73.960651757668,-73.960651757668
671.5500188350677,-73.95493107478711,-73.95493107478711
671.5600188350677,-73.94920873564055,-73.94920873564055
671.5700188350678,-73.94348524074789,-73.94348524074789
671.5800188350678,-73.937761084843,-73.937761084843
671.5900188350678,-73.93203675478296,-73.93203675478296
671.6000188350678,-73.92631272854864,-73.92631272854864
671.6100188350678,-73.92058947490759,-73.92058947490759
671.6200188350678,-73.91486745341108,-73.91486745341108
671.6300188350677,-73.90914711460766,-73.90914711460766
671.6400188350677,-73.903428900374,-73.903428900374
671.6500188350677,-73.89771324425786,-73.89771324425786
671.6600188350677,-73.89200057186875,-73.89200057186875
671.6700188350677,-73.88629130122123,-73.88629130122123
671.6800188350677,-73.88058584307016,-73.88058584307016
671.6900188350678,-73.87488460120456,-73.87488460120456
671.7000188350678,-73.86918797271412,-73.86918797271412
671.7100188350678,-73.86348992070499,-73.86348992070499
671.7200188350678,-73.85778802534351,-73.85778802534351
671.7300188350678,-73.85208130806863,-73.85208130806863
671.7400188350678,-73.84636945383188,-73.84636945383188
671.7500188350677,-73.84065251449941,-73.84065251449941
671.7600188350677,-73.83493075491198,-73.83493075491198
671.7700188350677,-73.8292045627196,-73.8292045627196
671.7800188350677,-73.82347439420145,-73.82347439420145
671.7900188350677,-73.81774074175684,-73.81774074175684
671.8000188350677,-73.81200411437614,-73.81200411437614
671.8100188350677,-73.80626502611246,-73.80626502611246
671.8200188350678,-73.80052398928686,-73.80052398928686
671.8300188350678,-73.79478151065383,-73.79478151065383
671.8400188350678,-73.78903808931723,-73.78903808931723
671.8500188350678,-73.78329421574792,-73.78329421574792
671.8600188350678,-73.7775503714223,-73.7775503714223
671.8700188350678,-73.77180702879886,-73.77180702879886
671.8800188350677,-73.76606465157126,-73.76606465157126
671.8900188350677,-73.76032369495069,-73.76032369495069
671.9000188350677,-73.75458460602452,-73.75458460602452
671.9100188350677,-73.7488478241082,-73.7488478241082
671.9200188350677,-73.74311378109788,-73.74311378109788
671.9300188350677,-73.73738290177523,-73.73738290177523
671.9400188350678,-73.73165560409468,-73.73165560409468
671.9500188350678,-73.72593229945835,-73.72593229945835
671.9600188350678,-73.72021339291994,-73.72021339291994
671.9700188350678,-73.7144992833868,-73.7144992833868
671.9800188350678,-73.7087903638091,-73.7087903638091
671.9900188350678,-73.7030870213246,-73.7030870213246
672.0000188350677,-73.69738963739694,-73.69738963739694
672.0100188350677,-73.69169858792523,-73.69169858792523
672.0200188350677,-73.68601424335824,-73.68601424335824
672.0300188350677,-73.68033696879742,-73.68033696879742
672.0400188350677,-73.6746671240412,-73.6746671240412
672.0500188350677,-73.66900506369791,-73.66900506369791
672.0600188350677,-73.66335113723022,-73.66335113723022
672.0700188350678,-73.65770568901304,-73.65770568901304
672.0800188350678,-73.65206905841853,-73.65206905841853
672.0900188350678,-73.64644157981608,-73.64644157981608
672.1000188350678,-73.64082358266597,-73.64082358266597
672.1100188350678,-73.63521539153243,-73.63521539153243
672.1200188350678,-73.62961732614913,-73.62961732614913
672.1300188350677,-73.62402970143384,-73.62402970143384
672.1400188350677,-73.6184528275612,-73.6184528275612
672.1500188350677,-73.6128870099632,-73.6128870099632
672.1600188350677,-73.60733254940195,-73.60733254940195
672.1700188350677,-73.60178974196225,-73.60178974196225
672.1800188350677,-73.59625887913222,-73.59625887913222
672.1900188350678,-73.59074024781005,-73.59074024781005
672.2000188350678,-73.58523413036383,-73.58523413036383
672.2100188350678,-73.57974080462108,-73.57974080462108
672.2200188350678,-73.5742605439542,-73.5742605439542
672.2300188350678,-73.5687936172813,-73.5687936172813
672.2400188350678,-73.56334028912396,-73.56334028912396
672.2500188350677,-73.55790081963234,-73.55790081963234
672.2600188350677,-73.55247546462185,-73.55247546462185
672.2700188350677,-73.54706447559715,-73.54706447559715
672.2800188350677,-73.54166809982286,-73.54166809982286
672.2900188350677,-73.53628658030416,-73.53628658030416
672.3000188350677,-73.53092015589039,-73.53092015589039
672.3100188350677,-73.52556906126046,-73.52556906126046
672.3200188350678,-73.52023352697691,-73.52023352697691
672.3300188350678,-73.51491377953369,-73.51491377953369
672.3400188350678,-73.50961004136954,-73.50961004136954
672.3500188589096,-73.50432251833722,-73.50432251833722
672.3600188589096,-73.49905145014414,-73.49905145014414
672.3700188589096,-73.49379703470953,-73.49379703470953
672.3800188589096,-73.4885594786882,-73.4885594786882
672.3900188589096,-73.4833389849071,-73.4833389849071
672.4000188589096,-73.47813575235452,-73.47813575235452
672.4100188589096,-73.4729499762649,-73.4729499762649
672.4200188589097,-73.46778184813789,-73.46778184813789
672.4300188589096,-73.46263155577867,-73.46263155577867
672.4400188589096,-73.45749928333196,-73.45749928333196
672.4500188589096,-73.45238521133332,-73.45238521133332
672.4600188589096,-73.44728951673629,-73.44728951673629
672.4700188589096,-73.44221237295314,-73.44221237295314
672.4800188589096,-73.43715394989894,-73.43715394989894
672.4900188589096,-73.43211441404104,-73.43211441404104
672.5000188589096,-73.42709392841378,-73.42709392841378
672.5100188589096,-73.4220926526762,-73.4220926526762
672.5200188589096,-73.41711074313292,-73.41711074313292
672.5300188589096,-73.41214835280381,-73.41214835280381
672.5400188589097,-73.4072056314253,-73.4072056314253
672.5500188589097,-73.40228272552746,-73.40228272552746
672.5600188589096,-73.39737977843097,-73.39737977843097
672.5700188589096,-73.3924969303228,-73.3924969303228
672.5800188589096,-73.3876343182766,-73.3876343182766
672.5900188589096,-73.38279207627517,-73.38279207627517
672.6000188589096,-73.37797033529411,-73.37797033529411
672.6100188589096,-73.37316922329245,-73.37316922329245
672.6200188589096,-73.36838886526644,-73.36838886526644
672.6300188589096,-73.36362938330218,-73.36362938330218
672.6400188589096,-73.35889089659203,-73.35889089659203
672.6500188589096,-73.35417352147823,-73.35417352147823
672.6600188589096,-73.34947737149035,-73.34947737149035
672.6700188589097,-73.34480255738353,-73.34480255738353
672.6800188589096,-73.3401491871728,-73.3401491871728
672.6900188589096,-73.33551736617731,-73.33551736617731
672.7000188589096,-73.33090329668481,-73.33090329668481
672.7100188589096,-73.32630126446831,-73.32630126446831
672.7200188589096,-73.32170545006791,-73.32170545006791
672.7300188589096,-73.31711060846283,-73.31711060846283
672.7400188589096,-73.31251218112337,-73.31251218112337
672.7500188589096,-73.30790623066184,-73.30790623066184
672.7600188589096,-73.30328934564508,-73.30328934564508
672.7700188589096,-73.29865855621269,-73.29865855621269
672.7800188589096,-73.29401126633124,-73.29401126633124
672.7900188589097,-73.28934520020024,-73.28934520020024
672.8000188589097,-73.28465835939852,-73.28465835939852
672.8100188589096,-73.27994898784922,-73.27994898784922
672.8200188589096,-73.27521554287172,-73.27521554287172
672.8300188589096,-73.27045667073456,-73.27045667073456
672.8400188589096,-73.26567118597129,-73.26567118597129
672.8500188589096,-73.26085805361973,-73.26085805361973
672.8600188589096,-73.25601637392835,-73.25601637392835
672.8700188589096,-73.25114536912571,-73.25114536912571
672.8800188589096,-73.24624437185895,-73.24624437185895
672.8900188589096,-73.24131281510296,-73.24131281510296
672.9000188589096,-73.236350223303,-73.236350223303
672.9100188589096,-73.23135620450307,-73.23135620450307
672.9200188589097,-73.22633044342177,-73.22633044342177
672.9300188589096,-73.22127269524856,-73.22127269524856
672.9400188589096,-73.21618278005141,-73.21618278005141
672.9500188589096,-73.21106057783456,-73.21106057783456
672.9600188589096,-73.20589965266049,-73.20589965266049
672.9700188589096,-73.20069721122633,-73.20069721122633
672.9800188589096,-73.19545194297622,-73.19545194297622
672.9900188589096,-73.1901632457505,-73.1901632457505
673.0000188589096,-73.18483092842723,-73.18483092842723
673.0100188589096,-73.17945505519586,-73.17945505519586
673.0200188589096,-73.17403585322675,-73.17403585322675
673.0300188589096,-73.16857365629555,-73.16857365629555
673.0400188589097,-73.1630688700356,-73.1630688700356
673.0500188589097,-73.15752195032512,-73.15752195032512
673.0600188589096,-73.15193338966816,-73.15193338966816
673.0700188589096,-73.14630370852858,-73.14630370852858
673.0800188589096,-73.14063344965561,-73.14063344965561
673.0900188589096,-73.13492317431245,-73.13492317431245
673.1000188589096,-73.12917345965977,-73.12917345965977
673.1100188589096,-73.12338489689542,-73.12338489689542
673.1200188589096,-73.11755808982498,-73.11755808982498
673.1300188589096,-73.11169365373101,-73.11169365373101
673.1400188589096,-73.10579221439168,-73.10579221439168
673.1500188589096,-73.09985440727903,-73.09985440727903
673.1600188589096,-73.09388087672791,-73.09388087672791
673.1700188589097,-73.08787227523064,-73.08787227523064
673.1800188589096,-73.08182926274654,-73.08182926274654
673.1900188589096,-73.07575250602345,-73.07575250602345
673.2000188827515,-73.06964266336892,-73.06964266336892
673.2100188827515,-73.06350044218871,-73.06350044218871
673.2200188827514,-73.0573265112559,-73.0573265112559
673.2300188827514,-73.05112155808611,-73.05112155808611
673.2400188827514,-73.04488627391041,-73.04488627391041
673.2500188827514,-73.03862135309578,-73.03862135309578
673.2600188827514,-73.03232749259166,-73.03232749259166
673.2700188827515,-73.02600539141713,-73.02600539141713
673.2800188827515,-73.01965575018045,-73.01965575018045
673.2900188827515,-73.01327927055658,-73.01327927055658
673.3000188827515,-73.00687665485043,-73.00687665485043
673.3100188827515,-73.00044860555184,-73.00044860555184
673.3200188827515,-72.99399582490136,-72.99399582490136
673.3300188827515,-72.98751901450962,-72.98751901450962
673.3400188827515,-72.98101887494576,-72.98101887494576
673.3500188827514,-72.97449610540694,-72.97449610540694
673.3600188827514,-72.96795140333522,-72.96795140333522
673.3700188827514,-72.96138546412612,-72.96138546412612
673.3800188827514,-72.95479898078186,-72.95479898078186
673.3900188827515,-72.94819264364573,-72.94819264364573
673.4000188827515,-72.94156714010236,-72.94156714010236
673.4100188827515,-72.9349231543415,-72.9349231543415
673.4200188827515,-72.92826136707139,-72.92826136707139
673.4300188827515,-72.9215824553395,-72.9215824553395
673.4400188827515,-72.9148870922555,-72.9148870922555
673.4500188827515,-72.90817594682629,-72.90817594682629
673.4600188827515,-72.90144968374163,-72.90144968374163
673.4700188827514,-72.89470896321238,-72.89470896321238
673.4800188827514,-72.8879544407821,-72.8879544407821
673.4900188827514,-72.88118676718041,-72.88118676718041
673.5000188827514,-72.87440658817054,-72.87440658817054
673.5100188827514,-72.86761454442448,-72.86761454442448
673.5200188827515,-72.86081127138567,-72.86081127138567
673.5300188827515,-72.8539973991503,-72.8539973991503
673.5400188827515,-72.84717355237137,-72.84717355237137
673.5500188827515,-72.84034035012962,-72.84034035012962
673.5600188827515,-72.83349840587799,-72.83349840587799
673.5700188827515,-72.82664832734856,-72.82664832734856
673.5800188827515,-72.81979071645216,-72.81979071645216
673.5900188827515,-72.81292616924189,-72.81292616924189
673.6000188827514,-72.80605527582425,-72.80605527582425
673.6100188827514,-72.7991786203237,-72.7991786203237
673.6200188827514,-72.79229678082477,-72.79229678082477
673.6300188827514,-72.78541032931064,-72.78541032931064
673.6400188827515,-72.77851983165695,-72.77851983165695
673.6500188827515,-72.77162584757932,-72.77162584757932
673.6600188827515,-72.76472893060405,-72.76472893060405
673.6700188827515,-72.75782962805086,-72.75782962805086
673.6800188827515,-72.7509284810077,-72.7509284810077
673.6900188827515,-72.74402602432231,-72.74402602432231
673.7000188827515,-72.73712278659646,-72.73712278659646
673.7100188827515,-72.73021295949232,-72.73021295949232
673.7200188827514,-72.72329429709386,-72.72329429709386
673.7300188827514,-72.71636597469323,-72.71636597469323
673.7400188827514,-72.70942782278303,-72.70942782278303
673.7500188827514,-72.70248003435984,-72.70248003435984
673.7600188827514,-72.69552301270576,-72.69552301270576
673.7700188827515,-72.68855728194832,-72.68855728194832
673.7800188827515,-72.68158343328454,-72.68158343328454
673.7900188827515,-72.67460209255971,-72.67460209255971
673.8000188827515,-72.66761390082907,-72.66761390082907
673.8100188827515,-72.66061950277947,-72.66061950277947
673.8200188827515,-72.6536195399235,-72.6536195399235
673.8300188827515,-72.64661464674562,-72.64661464674562
673.8400188827515,-72.63960544859356,-72.63960544859356
673.8500188827514,-72.63259256068687,-72.63259256068687
673.8600188827514,-72.62557658772502,-72.62557658772502
673.8700188827514,-72.61855812388795,-72.61855812388795
673.8800188827514,-72.61153775305557,-72.61153775305557
673.8900188827515,-72.60451604911678,-72.60451604911678
673.9000188827515,-72.59749357634011,-72.59749357634011
673.9100188827515,-72.59047088971394,-72.59047088971394
673.9200188827515,-72.58344853530352,-72.58344853530352
673.9300188827515,-72.57642705060854,-72.57642705060854
673.9400188827515,-72.56940696482094,-72.56940696482094
673.9500188827515,-72.56238879911926,-72.56238879911926
673.9600188827515,-72.55537306691929,-72.55537306691929
673.9700188827514,-72.54836027405098,-72.54836027405098
673.9800188827514,-72.5413509189765,-72.5413509189765
673.9900188827514,-72.5343454929689,-72.5343454929689
674.0000188827514,-72.52734448022834,-72.52734448022834
674.0100188827514,-72.52034835804676,-72.52034835804676
674.0200188827515,-72.51335759690176,-72.51335759690176
674.0300188827515,-72.50637266059495,-72.50637266059495
674.0400188827515,-72.49939400629823,-72.49939400629823
674.0500189065933,-72.4924220680982,-72.4924220680982
674.0600189065933,-72.48545732346453,-72.48545732346453
674.0700189065933,-72.47850019368047,-72.47850019368047
674.0800189065933,-72.47155111036228,-72.47155111036228
674.0900189065933,-72.46461049889807,-72.46461049889807
674.1000189065933,-72.45767877851334,-72.45767877851334
674.1100189065933,-72.45075636234398,-72.45075636234398
674.1200189065934,-72.44384365748162,-72.44384365748162
674.1300189065934,-72.43694106503271,-72.43694106503271
674.1400189065934,-72.43004898014962,-72.43004898014962
674.1500189065933,-72.42316779211899,-72.42316779211899
674.1600189065933,-72.41629788438733,-72.41629788438733
674.1700189065933,-72.4094396345945,-72.4094396345945
674.1800189065933,-72.40259341467636,-72.40259341467636
674.1900189065933,-72.39575959085171,-72.39575959085171
674.2000189065933,-72.38893852371724,-72.38893852371724
674.2100189065933,-72.38212426732288,-72.38212426732288
674.2200189065933,-72.37531442208332,-72.37531442208332
674.2300189065933,-72.36850800406629,-72.36850800406629
674.2400189065934,-72.36170468260009,-72.36170468260009
674.2500189065934,-72.35490448896181,-72.35490448896181
674.2600189065934,-72.348107664744,-72.348107664744
674.2700189065934,-72.34131457281062,-72.34131457281062
674.2800189065933,-72.33452564367731,-72.33452564367731
674.2900189065933,-72.32774134325666,-72.32774134325666
674.3000189065933,-72.32096215349767,-72.32096215349767
674.3100189065933,-72.31418856084223,-72.31418856084223
674.3200189065933,-72.30742104951267,-72.30742104951267
674.3300189065933,-72.30066009764124,-72.30066009764124
674.3400189065933,-72.29390617524253,-72.29390617524253
674.3500189065933,-72.28715974320646,-72.28715974320646
674.3600189065933,-72.28042125295538,-72.28042125295538
674.3700189065934,-72.27369114646936,-72.27369114646936
674.3800189065934,-72.26696985653429,-72.26696985653429
674.3900189065934,-72.26025780703702,-72.26025780703702
674.4000189065933,-72.25355541337213,-72.25355541337213
674.4100189065933,-72.24686308280243,-72.24686308280243
674.4200189065933,-72.24018121484251,-72.24018121484251
674.4300189065933,-72.23351020158704,-72.23351020158704
674.4400189065933,-72.22685042803133,-72.22685042803133
674.4500189065933,-72.22020227234297,-72.22020227234297
674.4600189065933,-72.21356610611463,-72.21356610611463
674.4700189065933,-72.20694229459478,-72.20694229459478
674.4800189065933,-72.20033119687464,-72.20033119687464
674.4900189065934,-72.19373316606452,-72.19373316606452
674.5000189065934,-72.18714854945397,-72.18714854945397
674.5100189065934,-72.18057768865474,-72.18057768865474
674.5200189065934,-72.17402091970207,-72.17402091970207
674.5300189065933,-72.16747857318771,-72.16747857318771
674.5400189065933,-72.16095097434567,-72.16095097434567
674.5500189065933,-72.15443844314372,-72.15443844314372
674.5600189065933,-72.14794129438346,-72.14794129438346
674.5700189065933,-72.14145983774634,-72.14145983774634
674.5800189065933,-72.1349943778772,-72.1349943778772
674.5900189065933,-72.12854521444078,-72.12854521444078
674.6000189065933,-72.12211264220309,-72.12211264220309
674.6100189065933,-72.11569695106101,-72.11569695106101
674.6200189065934,-72.10929842611425,-72.10929842611425
674.6300189065934,-72.10291734771458,-72.10291734771458
674.6400189065934,-72.0965539914972,-72.0965539914972
674.6500189065933,-72.09020862845503,-72.09020862845503
674.6600189065933,-72.08388152496862,-72.08388152496862
674.6700189065933,-72.07757294283921,-72.07757294283921
674.6800189065933,-72.07128313937417,-72.07128313937417
674.6900189065933,-72.06501236738488,-72.06501236738488
674.7000189065933,-72.05876087525972,-72.05876087525972
674.7100189065933,-72.05252890698729,-72.05252890698729
674.7200189065933,-72.0463167022209,-72.0463167022209
674.7300189065933,-72.04012449628325,-72.04012449628325
674.7400189065934,-72.03395252024936,-72.03395252024936
674.7500189065934,-72.02780100095846,-72.02780100095846
674.7600189065934,-72.02167016107303,-72.02167016107303
674.7700189065934,-72.01556021910399,-72.01556021910399
674.7800189065933,-72.00947138946178,-72.00947138946178
674.7900189065933,-72.00340388249562,-72.00340388249562
674.8000189065933,-71.99735790453397,-71.99735790453397
674.8100189065933,-71.99133365792275,-71.99133365792275
674.8200189065933,-71.98533134107072,-71.98533134107072
674.8300189065933,-71.97935114848111,-71.97935114848111
674.8400189065933,-71.97339327080242,-71.97339327080242
674.8500189065933,-71.96745789487258,-71.96745789487258
674.8600189065933,-71.96154520374111,-71.96154520374111
674.8700189065934,-71.95565537672229,-71.95565537672229
674.8800189065934,-71.9497885894475,-71.9497885894475
674.8900189065934,-71.9439450138707,-71.9439450138707
674.9000189304352,-71.93812480448902,-71.93812480448902
674.9100189304352,-71.93232815384867,-71.93232815384867
674.9200189304352,-71.92655520927488,-71.92655520927488
674.9300189304352,-71.9208061285121,-71.9208061285121
674.9400189304351,-71.91508106585482,-71.91508106585482
674.9500189304351,-71.90938017218275,-71.90938017218275
674.9600189304351,-71.90370359499349,-71.90370359499349
674.9700189304352,-71.89805147845466,-71.89805147845466
674.9800189304352,-71.89242396345131,-71.89242396345131
674.9900189304352,-71.88682118758507,-71.88682118758507
675.0000189304352,-71.8812432852731,-71.8812432852731
675.0100189304352,-71.87569038772948,-71.87569038772948
675.0200189304352,-71.87016262304495,-71.87016262304495
675.0300189304352,-71.86466011620222,-71.86466011620222
675.0400189304352,-71.85918298913407,-71.85918298913407
675.0500189304352,-71.85373136074219,-71.85373136074219
675.0600189304351,-71.8483053469477,-71.8483053469477
675.0700189304351,-71.84290506071916,-71.84290506071916
675.0800189304351,-71.83753061211807,-71.83753061211807
675.0900189304352,-71.83218210833674,-71.83218210833674
675.1000189304352,-71.82685965373264,-71.82685965373264
675.1100189304352,-71.82156334986702,-71.82156334986702
675.1200189304352,-71.81629329553749,-71.81629329553749
675.1300189304352,-71.8110495868138,-71.8110495868138
675.1400189304352,-71.80583231707968,-71.80583231707968
675.1500189304352,-71.80064157706342,-71.80064157706342
675.1600189304352,-71.79547745488576,-71.79547745488576
675.1700189304352,-71.79034003606962,-71.79034003606962
675.1800189304352,-71.78522940360405,-71.78522940360405
675.1900189304351,-71.78014563795051,-71.78014563795051
675.2000189304351,-71.77508881710777,-71.77508881710777
675.2100189304351,-71.77005901661514,-71.77005901661514
675.2200189304352,-71.76505630961104,-71.76505630961104
675.2300189304352,-71.76008076686053,-71.76008076686053
675.2400189304352,-71.75513245676765,-71.75513245676765
675.2500189304352,-71.75021144543243,-71.75021144543243
675.2600189304352,-71.74531779667025,-71.74531779667025
675.2700189304352,-71.74045157206488,-71.74045157206488
675.2800189304352,-71.73561283096284,-71.73561283096284
675.2900189304352,-71.7308016305353,-71.7308016305353
675.3000189304352,-71.72601802580563,-71.72601802580563
675.3100189304351,-71.7212620696684,-71.7212620696684
675.3200189304351,-71.7165338129213,-71.7165338129213
675.3300189304351,-71.71183330431398,-71.71183330431398
675.3400189304352,-71.70716059054574,-71.70716059054574
675.3500189304352,-71.70251571633469,-71.70251571633469
675.3600189304352,-71.69789872439976,-71.69789872439976
675.3700189304352,-71.69330965553178,-71.69330965553178
675.3800189304352,-71.6887485486052,-71.6887485486052
675.3900189304352,-71.68421544059542,-71.68421544059542
675.4000189304352,-71.67971036662064,-71.67971036662064
675.4100189304352,-71.67523335997814,-71.67523335997814
675.4200189304352,-71.67078445214769,-71.67078445214769
675.4300189304352,-71.66636367283354,-71.66636367283354
675.4400189304351,-71.6619710499829,-71.6619710499829
675.4500189304351,-71.6576066098227,-71.6576066098227
675.4600189304351,-71.65327037687194,-71.65327037687194
675.4700189304352,-71.64896237398844,-71.64896237398844
675.4800189304352,-71.64468262237254,-71.64468262237254
675.4900189304352,-71.64043114160478,-71.64043114160478
675.5000189304352,-71.63612194086507,-71.63612194086507
675.5100189304352,-71.631748550835,-71.631748550835
675.5200189304352,-71.62730666763258,-71.62730666763258
675.5300189304352,-71.62279382825129,-71.62279382825129
675.5400189304352,-71.61820885522772,-71.61820885522772
675.5500189304352,-71.61355142089705,-71.61355142089705
675.5600189304351,-71.60882175267822,-71.60882175267822
675.5700189304351,-71.60402044343076,-71.60402044343076
675.5800189304351,-71.59914833085887,-71.59914833085887
675.5900189304352,-71.59420642037747,-71.59420642037747
675.6000189304352,-71.5891958352158,-71.5891958352158
675.6100189304352,-71.5841177834503,-71.5841177834503
675.6200189304352,-71.57897353572994,-71.57897353572994
675.6300189304352,-71.57376440976151,-71.57376440976151
675.6400189304352,-71.56849175904952,-71.56849175904952
675.6500189304352,-71.56315696450523,-71.56315696450523
675.6600189304352,-71.55776142786226,-71.55776142786226
675.6700189304352,-71.55230656632875,-71.55230656632875
675.6800189304352,-71.54679380820569,-71.54679380820569
675.6900189304351,-71.5412245890876,-71.5412245890876
675.7000189304351,-71.53560034859042,-71.53560034859042
675.7100189304351,-71.52992252749513,-71.52992252749513
675.7200189304352,-71.52419256518044,-71.52419256518044
675.7300189304352,-71.51841189743413,-71.51841189743413
675.7400189304352,-71.51258195440265,-71.51258195440265
675.750018954277,-71.50670414483639,-71.50670414483639
675.760018954277,-71.50077991029214,-71.50077991029214
675.770018954277,-71.49481064057936,-71.49481064057936
675.780018954277,-71.48879772744345,-71.48879772744345
675.790018954277,-71.48274255008455,-71.48274255008455
675.800018954277,-71.47664647411096,-71.47664647411096
675.810018954277,-71.47051085071605,-71.47051085071605
675.8200189542771,-71.46433701595936,-71.46433701595936
675.8300189542771,-71.45812629017578,-71.45812629017578
675.8400189542771,-71.45187997744085,-71.45187997744085
675.8500189542771,-71.44559936515569,-71.44559936515569
675.860018954277,-71.43928572365972,-71.43928572365972
675.870018954277,-71.43294030596859,-71.43294030596859
675.880018954277,-71.42656434751576,-71.42656434751576
675.890018954277,-71.42015906598542,-71.42015906598542
675.900018954277,-71.4137256611872,-71.4137256611872
675.910018954277,-71.40726531494666,-71.40726531494666
675.920018954277,-71.40077919108792,-71.40077919108792
675.930018954277,-71.39426843539427,-71.39426843539427
675.9400189542771,-71.38773417563947,-71.38773417563947
675.9500189542771,-71.38117752164938,-71.38117752164938
675.9600189542771,-71.37459956533829,-71.37459956533829
675.9700189542771,-71.36800138081988,-71.36800138081988
675.980018954277,-71.36138402452713,-71.36138402452713
675.990018954277,-71.35474853532564,-71.35474853532564
676.000018954277,-71.34809593466252,-71.34809593466252
676.010018954277,-71.34142722674004,-71.34142722674004
676.020018954277,-71.33474339864551,-71.33474339864551
676.030018954277,-71.32804542057406,-71.32804542057406
676.040018954277,-71.32133424598474,-71.32133424598474
676.050018954277,-71.31461081180167,-71.31461081180167
676.060018954277,-71.30787603862234,-71.30787603862234
676.0700189542771,-71.3011308309062,-71.3011308309062
676.0800189542771,-71.29437607719795,-71.29437607719795
676.0900189542771,-71.28761265033799,-71.28761265033799
676.1000189542771,-71.28084140764955,-71.28084140764955
676.110018954277,-71.27406319120722,-71.27406319120722
676.120018954277,-71.26727882800668,-71.26727882800668
676.130018954277,-71.26048913020394,-71.26048913020394
676.140018954277,-71.25369489534012,-71.25369489534012
676.150018954277,-71.24689690654108,-71.24689690654108
676.160018954277,-71.2400959327492,-71.2400959327492
676.170018954277,-71.2332927289323,-71.2332927289323
676.180018954277,-71.22648803631525,-71.22648803631525
676.1900189542771,-71.21968258255608,-71.21968258255608
676.2000189542771,-71.21287708201372,-71.21287708201372
676.2100189542771,-71.20607223591486,-71.20607223591486
676.2200189542771,-71.19926873258153,-71.19926873258153
676.230018954277,-71.19246724763454,-71.19246724763454
676.240018954277,-71.18566844419064,-71.18566844419064
676.250018954277,-71.17887297308565,-71.17887297308565
676.260018954277,-71.17208147304254,-71.17208147304254
676.270018954277,-71.1652945709023,-71.1652945709023
676.280018954277,-71.15851288178716,-71.15851288178716
676.290018954277,-71.15173700931257,-71.15173700931257
676.300018954277,-71.1449675457754,-71.1449675457754
676.310018954277,-71.13820507231912,-71.13820507231912
676.3200189542771,-71.13145015914546,-71.13145015914546
676.3300189542771,-71.12470336568589,-71.12470336568589
676.3400189542771,-71.11796524075743,-71.11796524075743
676.3500189542771,-71.11123632277503,-71.11123632277503
676.360018954277,-71.10451713989848,-71.10451713989848
676.370018954277,-71.09780821019754,-71.09780821019754
676.380018954277,-71.09111004183981,-71.09111004183981
676.390018954277,-71.08442313325013,-71.08442313325013
676.400018954277,-71.07774797324228,-71.07774797324228
676.410018954277,-71.0710850412205,-71.0710850412205
676.420018954277,-71.06443480730577,-71.06443480730577
676.430018954277,-71.05779773250815,-71.05779773250815
676.4400189542771,-71.05117426886001,-71.05117426886001
676.4500189542771,-71.04456485958181,-71.04456485958181
676.4600189542771,-71.03796375553215,-71.03796375553215
676.4700189542771,-71.03136868599819,-71.03136868599819
676.480018954277,-71.02477876635754,-71.02477876635754
676.490018954277,-71.01819374970054,-71.01819374970054
676.500018954277,-71.01161374099595,-71.01161374099595
676.510018954277,-71.00503904853436,-71.00503904853436
676.520018954277,-70.99847009668592,-70.99847009668592
676.530018954277,-70.99190737346524,-70.99190737346524
676.540018954277,-70.98535139901394,-70.98535139901394
676.550018954277,-70.97880270670854,-70.97880270670854
676.560018954277,-70.97226183196726,-70.97226183196726
676.5700189542771,-70.96572930568253,-70.96572930568253
676.5800189542771,-70.9592056506116,-70.9592056506116
676.5900189542771,-70.95269137936887,-70.95269137936887
676.6000189781189,-70.94618697808816,-70.94618697808816
676.6100189781189,-70.93969296806218,-70.93969296806218
676.6200189781189,-70.93320981298601,-70.93320981298601
676.6300189781189,-70.92673798105238,-70.92673798105238
676.6400189781189,-70.92027792998068,-70.92027792998068
676.6500189781189,-70.91383010738501,-70.91383010738501
676.6600189781188,-70.90739495122621,-70.90739495122621
676.670018978119,-70.90097289019867,-70.90097289019867
676.6800189781189,-70.89456434415642,-70.89456434415642
676.6900189781189,-70.88816972442861,-70.88816972442861
676.7000189781189,-70.88178943416865,-70.88178943416865
676.7100189781189,-70.87542386864264,-70.87542386864264
676.7200189781189,-70.86907341548581,-70.86907341548581
676.7300189781189,-70.86273845495175,-70.86273845495175
676.7400189781189,-70.85641936012219,-70.85641936012219
676.7500189781189,-70.85011649709993,-70.85011649709993
676.7600189781189,-70.84383022518153,-70.84383022518153
676.7700189781189,-70.83756089701893,-70.83756089701893
676.7800189781188,-70.83130885878319,-70.83130885878319
676.790018978119,-70.82507445026471,-70.82507445026471
676.8000189781189,-70.81885800502657,-70.81885800502657
676.8100189781189,-70.812659850496,-70.812659850496
676.8200189781189,-70.80648030809012,-70.80648030809012
676.8300189781189,-70.80031969330679,-70.80031969330679
676.8400189781189,-70.79417831581156,-70.79417831581156
676.8500189781189,-70.78805647954894,-70.78805647954894
676.8600189781189,-70.78195448279772,-70.78195448279772
676.8700189781189,-70.77587261827719,-70.77587261827719
676.8800189781189,-70.76981117320852,-70.76981117320852
676.8900189781189,-70.76377042939325,-70.76377042939325
676.9000189781189,-70.75775066328401,-70.75775066328401
676.9100189781188,-70.75175214605879,-70.75175214605879
676.920018978119,-70.74577514369209,-70.74577514369209
676.9300189781189,-70.73981991701694,-70.73981991701694
676.9400189781189,-70.73388672177236,-70.73388672177236
676.9500189781189,-70.72797580870322,-70.72797580870322
676.9600189781189,-70.72208126806565,-70.72208126806565
676.9700189781189,-70.7162006562421,-70.7162006562421
676.9800189781189,-70.71033291275812,-70.71033291275812
676.9900189781189,-70.70447761515784,-70.70447761515784
677.0000189781189,-70.69863469452777,-70.69863469452777
677.0100189781189,-70.6928042875016,-70.6928042875016
677.0200189781189,-70.68698664944405,-70.68698664944405
677.0300189781188,-70.68118210216436,-70.68118210216436
677.040018978119,-70.67539100254066,-70.67539100254066
677.0500189781189,-70.66961372361314,-70.66961372361314
677.0600189781189,-70.6638506434001,-70.6638506434001
677.0700189781189,-70.65810213832587,-70.65810213832587
677.0800189781189,-70.65236857953231,-70.65236857953231
677.0900189781189,-70.64665033084368,-70.64665033084368
677.1000189781189,-70.6409062745972,-70.6409062745972
677.1100189781189,-70.63511269290969,-70.63511269290969
677.1200189781189,-70.62925768049773,-70.62925768049773
677.1300189781189,-70.62333562593497,-70.62333562593497
677.1400189781189,-70.61734429410569,-70.61734429410569
677.1500189781189,-70.61128328619695,-70.61128328619695
677.1600189781188,-70.60515320031436,-70.60515320031436
677.170018978119,-70.59895516446754,-70.59895516446754
677.1800189781189,-70.59269057400029,-70.59269057400029
677.1900189781189,-70.5863609436927,-70.5863609436927
677.2000189781189,-70.57996782533192,-70.57996782533192
677.2100189781189,-70.57351276290458,-70.57351276290458
677.2200189781189,-70.56699726953357,-70.56699726953357
677.2300189781189,-70.56042281702416,-70.56042281702416
677.2400189781189,-70.55379083253077,-70.55379083253077
677.2500189781189,-70.5471026991362,-70.5471026991362
677.2600189781189,-70.54035975855422,-70.54035975855422
677.2700189781189,-70.53356331471905,-70.53356331471905
677.2800189781188,-70.52671463770471,-70.52671463770471
677.290018978119,-70.51981496754253,-70.51981496754253
677.3000189781189,-70.51286551784355,-70.51286551784355
677.3100189781189,-70.50586747899665,-70.50586747899665
677.3200189781189,-70.49882202105675,-70.49882202105675
677.3300189781189,-70.49173029622695,-70.49173029622695
677.3400189781189,-70.48459344096872,-70.48459344096872
677.3500189781189,-70.47741257783369,-70.47741257783369
677.3600189781189,-70.47018881696887,-70.47018881696887
677.3700189781189,-70.46292325737573,-70.46292325737573
677.3800189781189,-70.45561698796521,-70.45561698796521
677.3900189781189,-70.44827108839706,-70.44827108839706
677.4000189781189,-70.4408866297611,-70.4408866297611
677.4100189781188,-70.43346467512461,-70.43346467512461
677.420018978119,-70.42600627994938,-70.42600627994938
677.4300189781189,-70.41851249242951,-70.41851249242951
677.4400189781189,-70.41098435369679,-70.41098435369679
677.4500190019608,-70.4034228800055,-70.4034228800055
677.4600190019607,-70.39582913471313,-70.39582913471313
677.4700190019607,-70.3882041207098,-70.3882041207098
677.4800190019607,-70.38054885201771,-70.38054885201771
677.4900190019607,-70.37286433591794,-70.37286433591794
677.5000190019607,-70.36515157290616,-70.36515157290616
677.5100190019607,-70.35741155662234,-70.35741155662234
677.5200190019608,-70.3496452737423,-70.3496452737423
677.5300190019608,-70.34185370390962,-70.34185370390962
677.5400190019608,-70.33403781960324,-70.33403781960324
677.5500190019608,-70.32619858601367,-70.32619858601367
677.5600190019608,-70.31833696092983,-70.31833696092983
677.5700190019608,-70.31045389460331,-70.31045389460331
677.5800190019607,-70.30255032964797,-70.30255032964797
677.5900190019607,-70.29462720088397,-70.29462720088397
677.6000190019607,-70.286685435225,-70.286685435225
677.6100190019607,-70.27872595156661,-70.27872595156661
677.6200190019607,-70.27074966064961,-70.27074966064961
677.6300190019607,-70.26275746497011,-70.26275746497011
677.6400190019608,-70.25475025863705,-70.25475025863705
677.6500190019608,-70.24672892732472,-70.24672892732472
677.6600190019608,-70.23869434812318,-70.23869434812318
677.6700190019608,-70.23064738945907,-70.23064738945907
677.6800190019608,-70.22258891103151,-70.22258891103151
677.6900190019608,-70.21451976370669,-70.21451976370669
677.7000190019608,-70.20644078946833,-70.20644078946833
677.7100190019607,-70.1983528213276,-70.1983528213276
677.7200190019607,-70.19025668327522,-70.19025668327522
677.7300190019607,-70.18215319023071,-70.18215319023071
677.7400190019607,-70.17404314798837,-70.17404314798837
677.7500190019607,-70.16592735316617,-70.16592735316617
677.7600190019607,-70.15780659317984,-70.15780659317984
677.7700190019608,-70.14968164621088,-70.14968164621088
677.7800190019608,-70.14155328117609,-70.14155328117609
677.7900190019608,-70.1334222577082,-70.1334222577082
677.8000190019608,-70.12528932615176,-70.12528932615176
677.8100190019608,-70.11715522753451,-70.11715522753451
677.8200190019608,-70.10902069357017,-70.10902069357017
677.8300190019607,-70.1008864466684,-70.1008864466684
677.8400190019607,-70.09275319993054,-70.09275319993054
677.8500190019607,-70.0846216571509,-70.0846216571509
677.8600190019607,-70.0764925128506,-70.0764925128506
677.8700190019607,-70.06836645226836,-70.06836645226836
677.8800190019607,-70.06024415140014,-70.06024415140014
677.8900190019608,-70.05212627701168,-70.05212627701168
677.9000190019608,-70.0440134866927,-70.0440134866927
677.9100190019608,-70.03590642884669,-70.03590642884669
677.9200190019608,-70.02780574276503,-70.02780574276503
677.9300190019608,-70.01971205863273,-70.01971205863273
677.9400190019608,-70.01162599760923,-70.01162599760923
677.9500190019608,-70.00354817181827,-70.00354817181827
677.9600190019607,-69.995479184443,-69.995479184443
677.9700190019607,-69.98741962975005,-69.98741962975005
677.9800190019607,-69.97937009314823,-69.97937009314823
677.9900190019607,-69.97133115123556,-69.97133115123556
678.0000190019607,-69.96330337186087,-69.96330337186087
678.0100190019607,-69.9552873141775,-69.9552873141775
678.0200190019608,-69.94728352870995,-69.94728352870995
678.0300190019608,-69.93929255741273,-69.93929255741273
678.0400190019608,-69.93131493371152,-69.93131493371152
678.0500190019608,-69.92335118259273,-69.92335118259273
678.0600190019608,-69.91540182067894,-69.91540182067894
678.0700190019608,-69.90746735625912,-69.90746735625912
678.0800190019607,-69.89954828938805,-69.89954828938805
678.0900190019607,-69.89164511192698,-69.89164511192698
678.1000190019607,-69.88375830765736,-69.88375830765736
678.1100190019607,-69.87588835230457,-69.87588835230457
678.1200190019607,-69.86803571363757,-69.86803571363757
678.1300190019607,-69.86020085153304,-69.86020085153304
678.1400190019608,-69.85238421805705,-69.85238421805705
678.1500190019608,-69.84458625753264,-69.84458625753264
678.1600190019608,-69.83680740660814,-69.83680740660814
678.1700190019608,-69.8290480943502,-69.8290480943502
678.1800190019608,-69.82130874229972,-69.82130874229972
678.1900190019608,-69.81358976455556,-69.81358976455556
678.2000190019608,-69.80589156787033,-69.80589156787033
678.2100190019607,-69.79821455169485,-69.79821455169485
678.2200190019607,-69.79055910827564,-69.79055910827564
678.2300190019607,-69.78292562271855,-69.78292562271855
678.2400190019607,-69.77531447308534,-69.77531447308534
678.2500190019607,-69.76772603045589,-69.76772603045589
678.2600190019607,-69.76016065899938,-69.76016065899938
678.2700190019608,-69.75261871607259,-69.75261871607259
678.2800190019608,-69.7451005522839,-69.7451005522839
678.2900190019608,-69.73760651156834,-69.73760651156834
678.3000190258026,-69.73013691348822,-69.73013691348822
678.3100190258026,-69.72269212449775,-69.72269212449775
678.3200190258026,-69.71527245113275,-69.71527245113275
678.3300190258026,-69.70787821142834,-69.70787821142834
678.3400190258026,-69.70050971712062,-69.70050971712062
678.3500190258026,-69.69316727374132,-69.69316727374132
678.3600190258026,-69.68585118067939,-69.68585118067939
678.3700190258027,-69.67856173126832,-69.67856173126832
678.3800190258027,-69.67129921284747,-69.67129921284747
678.3900190258026,-69.6640639068565,-69.6640639068565
678.4000190258026,-69.65685608889328,-69.65685608889328
678.4100190258026,-69.64967602878409,-69.64967602878409
678.4200190258026,-69.64252399067294,-69.64252399067294
678.4300190258026,-69.63540023308602,-69.63540023308602
678.4400190258026,-69.62830500899477,-69.62830500899477
678.4500190258026,-69.62123856589737,-69.62123856589737
678.4600190258026,-69.6142011458996,-69.6142011458996
678.4700190258026,-69.6071929857606,-69.6071929857606
678.4800190258026,-69.60021431698026,-69.60021431698026
678.4900190258027,-69.59326536587211,-69.59326536587211
678.5000190258027,-69.58634635362425,-69.58634635362425
678.5100190258026,-69.57945749635283,-69.57945749635283
678.5200190258026,-69.57259900520019,-69.57259900520019
678.5300190258026,-69.56577108638291,-69.56577108638291
678.5400190258026,-69.55897394126511,-69.55897394126511
678.5500190258026,-69.55220776641504,-69.55220776641504
678.5600190258026,-69.54547275369016,-69.54547275369016
678.5700190258026,-69.53876909027187,-69.53876909027187
678.5800190258026,-69.53209695876863,-69.53209695876863
678.5900190258026,-69.52545653724611,-69.52545653724611
678.6000190258026,-69.5188479993056,-69.5188479993056
678.6100190258026,-69.51227151413144,-69.51227151413144
678.6200190258027,-69.50572724657226,-69.50572724657226
678.6300190258027,-69.49921535720466,-69.49921535720466
678.6400190258026,-69.4927360023623,-69.4927360023623
678.6500190258026,-69.48628933423421,-69.48628933423421
678.6600190258026,-69.47987550089378,-69.47987550089378
678.6700190258026,-69.47349464637773,-69.47349464637773
678.6800190258026,-69.46714691073458,-69.46714691073458
678.6900190258026,-69.46083243006794,-69.46083243006794
678.7000190258026,-69.4545513366339,-69.4545513366339
678.7100190258026,-69.44830375885064,-69.44830375885064
678.7200190258026,-69.44208982139052,-69.44208982139052
678.7300190258026,-69.43590964520719,-69.43590964520719
678.7400190258027,-69.4297633476061,-69.4297633476061
678.7500190258027,-69.42365104228972,-69.42365104228972
678.7600190258026,-69.41757283941789,-69.41757283941789
678.7700190258026,-69.41152884565142,-69.41152884565142
678.7800190258026,-69.40551916421903,-69.40551916421903
678.7900190258026,-69.39954389494189,-69.39954389494189
678.8000190258026,-69.39360313431939,-69.39360313431939
678.8100190258026,-69.38769697554065,-69.38769697554065
678.8200190258026,-69.38182550856541,-69.38182550856541
678.8300190258026,-69.37598882014545,-69.37598882014545
678.8400190258026,-69.37018699390057,-69.37018699390057
678.8500190258026,-69.36442011035511,-69.36442011035511
678.8600190258026,-69.35868824696867,-69.35868824696867
678.8700190258027,-69.35299147819487,-69.35299147819487
678.8800190258027,-69.34732987554331,-69.34732987554331
678.8900190258026,-69.34170350759584,-69.34170350759584
678.9000190258026,-69.33611244007089,-69.33611244007089
678.9100190258026,-69.33055673586499,-69.33055673586499
678.9200190258026,-69.32503645507393,-69.32503645507393
678.9300190258026,-69.3195516550681,-69.3195516550681
678.9400190258026,-69.31410239051907,-69.31410239051907
678.9500190258026,-69.30868871344236,-69.30868871344236
678.9600190258026,-69.30331067323884,-69.30331067323884
678.9700190258026,-69.29796831672834,-69.29796831672834
678.9800190258026,-69.29266168820226,-69.29266168820226
678.9900190258027,-69.28739082945229,-69.28739082945229
679.0000190258027,-69.28215577982778,-69.28215577982778
679.0100190258026,-69.27695657625311,-69.27695657625311
679.0200190258026,-69.27179325326833,-69.27179325326833
679.0300190258026,-69.26666584308285,-69.26666584308285
679.0400190258026,-69.2615743755994,-69.2615743755994
679.0500190258026,-69.25651887844491,-69.25651887844491
679.0600190258026,-69.25149937701896,-69.25149937701896
679.0700190258026,-69.2465158945266,-69.2465158945266
679.0800190258026,-69.24156845201922,-69.24156845201922
679.0900190258026,-69.2366570684046,-69.2366570684046
679.1000190258026,-69.23178176051162,-69.23178176051162
679.1100190258026,-69.22694254310322,-69.22694254310322
679.1200190258027,-69.22213942892718,-69.22213942892718
679.1300190258027,-69.21737242872621,-69.21737242872621
679.1400190258026,-69.21264155129246,-69.21264155129246
679.1500190496445,-69.20794679231267,-69.20794679231267
679.1600190496445,-69.20328817920004,-69.20328817920004
679.1700190496445,-69.1986657037525,-69.1986657037525
679.1800190496444,-69.19407936724045,-69.19407936724045
679.1900190496444,-69.18952916912673,-69.18952916912673
679.2000190496444,-69.18501510708387,-69.18501510708387
679.2100190496444,-69.18053116034008,-69.18053116034008
679.2200190496445,-69.17607470162763,-69.17607470162763
679.2300190496445,-69.17164445876304,-69.17164445876304
679.2400190496445,-69.16723978576248,-69.16723978576248
679.2500190496445,-69.16286038469975,-69.16286038469975
679.2600190496445,-69.15850616106206,-69.15850616106206
679.2700190496445,-69.1541771388852,-69.1541771388852
679.2800190496445,-69.14987340972182,-69.14987340972182
679.2900190496445,-69.14559510193475,-69.14559510193475
679.3000190496444,-69.14134236228529,-69.14134236228529
679.3100190496444,-69.13711534501161,-69.13711534501161
679.3200190496444,-69.1329142054008,-69.1329142054008
679.3300190496444,-69.12873909619172,-69.12873909619172
679.3400190496445,-69.12459016559572,-69.12459016559572
679.3500190496445,-69.12046755637117,-69.12046755637117
679.3600190496445,-69.11637140549598,-69.11637140549598
679.3700190496445,-69.11230184418358,-69.11230184418358
679.3800190496445,-69.1082589980829,-69.1082589980829
679.3900190496445,-69.10424298758791,-69.10424298758791
679.4000190496445,-69.10025392819058,-69.10025392819058
679.4100190496445,-69.09629193081564,-69.09629193081564
679.4200190496445,-69.09235710215641,-69.09235710215641
679.4300190496444,-69.08844954496035,-69.08844954496035
679.4400190496444,-69.08456935832946,-69.08456935832946
679.4500190496444,-69.08071663795673,-69.08071663795673
679.4600190496444,-69.07688546810354,-69.07688546810354
679.4700190496445,-69.07307331993593,-69.07307331993593
679.4800190496445,-69.06927901643927,-69.06927901643927
679.4900190496445,-69.06550200483802,-69.06550200483802
679.5000190496445,-69.06174207895407,-69.06174207895407
679.5100190496445,-69.05799923489742,-69.05799923489742
679.5200190496445,-69.05427358642241,-69.05427358642241
679.5300190496445,-69.05056531400166,-69.05056531400166
679.5400190496445,-69.04687463421115,-69.04687463421115
679.5500190496444,-69.04320178143107,-69.04320178143107
679.5600190496444,-69.03954699690627,-69.03954699690627
679.5700190496444,-69.03591052240678,-69.03591052240678
679.5800190496444,-69.0322925965778,-69.0322925965778
679.5900190496445,-69.0286934530291,-69.0286934530291
679.6000190496445,-69.02511331940573,-69.02511331940573
679.6100190496445,-69.02155241702982,-69.02155241702982
679.6200190496445,-69.01801096093853,-69.01801096093853
679.6300190496445,-69.01448916007992,-69.01448916007992
679.6400190496445,-69.01098721761166,-69.01098721761166
679.6500190496445,-69.00750533123615,-69.00750533123615
679.6600190496445,-69.00404369353825,-69.00404369353825
679.6700190496445,-69.00060249230815,-69.00060249230815
679.6800190496444,-68.99718191083961,-68.99718191083961
679.6900190496444,-68.9937821281867,-68.9937821281867
679.7000190496444,-68.99040331940714,-68.99040331940714
679.7100190496444,-68.98704565576577,-68.98704565576577
679.7200190496445,-68.98370930492439,-68.98370930492439
679.7300190496445,-68.98039443107794,-68.98039443107794
679.7400190496445,-68.9771011951054,-68.9771011951054
679.7500190496445,-68.97382975468491,-68.97382975468491
679.7600190496445,-68.97058026437892,-68.97058026437892
679.7700190496445,-68.96735287573598,-68.96735287573598
679.7800190496445,-68.96414773735115,-68.96414773735115
679.7900190496445,-68.96096499493167,-68.96096499493167
679.8000190496444,-68.95780479135804,-68.95780479135804
679.8100190496444,-68.9546672667252,-68.9546672667252
679.8200190496444,-68.95155255837896,-68.95155255837896
679.8300190496444,-68.94846080096164,-68.94846080096164
679.8400190496445,-68.9453921264304,-68.9453921264304
679.8500190496445,-68.94234666410252,-68.94234666410252
679.8600190496445,-68.93932454065677,-68.93932454065677
679.8700190496445,-68.9363258801857,-68.9363258801857
679.8800190496445,-68.93335080417796,-68.93335080417796
679.8900190496445,-68.93039943156968,-68.93039943156968
679.9000190496445,-68.92747187875388,-68.92747187875388
679.9100190496445,-68.92456825959661,-68.92456825959661
679.9200190496445,-68.92168868544545,-68.92168868544545
679.9300190496444,-68.91883326515432,-68.91883326515432
679.9400190496444,-68.91600210508766,-68.91600210508766
679.9500190496444,-68.913195309153,-68.913195309153
679.9600190496444,-68.91041297880187,-68.91041297880187
679.9700190496445,-68.90765521305461,-68.90765521305461
679.9800190496445,-68.90492210850907,-68.90492210850907
679.9900190496445,-68.90221375936007,-68.90221375936007
680.0000190734863,-68.89953025102727,-68.89953025102727
680.0100190734863,-68.89687168577598,-68.89687168577598
680.0200190734863,-68.89423814421625,-68.89423814421625
680.0300190734863,-68.89162971108918,-68.89162971108918
680.0400190734863,-68.88904646880422,-68.88904646880422
680.0500190734863,-68.88648849746241,-68.88648849746241
680.0600190734863,-68.88395587488444,-68.88395587488444
680.0700190734864,-68.88144867661035,-68.88144867661035
680.0800190734864,-68.87896697593207,-68.87896697593207
680.0900190734864,-68.87651084391257,-68.87651084391257
680.1000190734864,-68.87408034938633,-68.87408034938633
680.1100190734863,-68.8716755590087,-68.8716755590087
680.1200190734863,-68.8692965372327,-68.8692965372327
680.1300190734863,-68.86694334638563,-68.86694334638563
680.1400190734863,-68.86461604664,-68.86461604664
680.1500190734863,-68.8623146960535,-68.8623146960535
680.1600190734863,-68.86003935058733,-68.86003935058733
680.1700190734863,-68.85779006412446,-68.85779006412446
680.1800190734863,-68.85556688850113,-68.85556688850113
680.1900190734864,-68.85336987350527,-68.85336987350527
680.2000190734864,-68.85119906693069,-68.85119906693069
680.2100190734864,-68.84904852500345,-68.84904852500345
680.2200190734864,-68.84691567988833,-68.84691567988833
680.2300190734863,-68.8447993117149,-68.8447993117149
680.2400190734863,-68.84269882345585,-68.84269882345585
680.2500190734863,-68.840613964164,-68.840613964164
680.2600190734863,-68.83854468509044,-68.83854468509044
680.2700190734863,-68.83649105527627,-68.83649105527627
680.2800190734863,-68.83445321078162,-68.83445321078162
680.2900190734863,-68.8324313241463,-68.8324313241463
680.3000190734863,-68.83042558610089,-68.83042558610089
680.3100190734863,-68.82843619465302,-68.82843619465302
680.3200190734864,-68.82646334873704,-68.82646334873704
680.3300190734864,-68.82450724457816,-68.82450724457816
680.3400190734864,-68.82256807375492,-68.82256807375492
680.3500190734864,-68.82064602224679,-68.82064602224679
680.3600190734863,-68.81874127009897,-68.81874127009897
680.3700190734863,-68.81685399143494,-68.81685399143494
680.3800190734863,-68.81498435466413,-68.81498435466413
680.3900190734863,-68.81313252274245,-68.81313252274245
680.4000190734863,-68.8112986535464,-68.8112986535464
680.4100190734863,-68.80948290018708,-68.80948290018708
680.4200190734863,-68.80768541132548,-68.80768541132548
680.4300190734863,-68.80590633149701,-68.80590633149701
680.4400190734864,-68.80414580134537,-68.80414580134537
680.4500190734864,-68.80240395790673,-68.80240395790673
680.4600190734864,-68.800674949269,-68.800674949269
680.4700190734864,-68.79895629564358,-68.79895629564358
680.4800190734863,-68.79724686305376,-68.79724686305376
680.4900190734863,-68.79554613890554,-68.79554613890554
680.5000190734863,-68.79385395554367,-68.79385395554367
680.5100190734863,-68.79217034656094,-68.79217034656094
680.5200190734863,-68.79049546251613,-68.79049546251613
680.5300190734863,-68.78882952028239,-68.78882952028239
680.5400190734863,-68.7871727725571,-68.7871727725571
680.5500190734863,-68.78552548964204,-68.78552548964204
680.5600190734863,-68.78388794855805,-68.78388794855805
680.5700190734864,-68.78226042670967,-68.78226042670967
680.5800190734864,-68.78064319830423,-68.78064319830423
680.5900190734864,-68.7790365323753,-68.7790365323753
680.6000190734864,-68.77744069188316,-68.77744069188316
680.6100190734863,-68.77585593335168,-68.77585593335168
680.6200190734863,-68.7742825069087,-68.7742825069087
680.6300190734863,-68.7727206564516,-68.7727206564516
680.6400190734863,-68.77117061996012,-68.77117061996012
680.6500190734863,-68.76963262981572,-68.76963262981572
680.6600190734863,-68.76810691314205,-68.76810691314205
680.6700190734863,-68.76659369210245,-68.76659369210245
680.6800190734863,-68.765093184216,-68.765093184216
680.6900190734864,-68.76360560259009,-68.76360560259009
680.7000190734864,-68.76213115618252,-68.76213115618252
680.7100190734864,-68.76067004998177,-68.76067004998177
680.7200190734864,-68.7592224852014,-68.7592224852014
680.7300190734863,-68.75778865941831,-68.75778865941831
680.7400190734863,-68.75636876672375,-68.75636876672375
680.7500190734863,-68.75496299781169,-68.75496299781169
680.7600190734863,-68.75357154009981,-68.75357154009981
680.7700190734863,-68.75219457780864,-68.75219457780864
680.7800190734863,-68.75083229201381,-68.75083229201381
680.7900190734863,-68.74948486073208,-68.74948486073208
680.8000190734863,-68.74815245896738,-68.74815245896738
680.8100190734863,-68.74683525875766,-68.74683525875766
680.8200190734864,-68.74553342921519,-68.74553342921519
680.8300190734864,-68.74424713655583,-68.74424713655583
680.8400190734864,-68.74297654414777,-68.74297654414777
680.8500190973282,-68.74172180953504,-68.74172180953504
680.8600190973282,-68.74048309645383,-68.74048309645383
680.8700190973282,-68.73926055680877,-68.73926055680877
680.8800190973282,-68.73805434278647,-68.73805434278647
680.8900190973281,-68.73686460382496,-68.73686460382496
680.9000190973281,-68.73569148663977,-68.73569148663977
680.9100190973281,-68.73453513524872,-68.73453513524872
680.9200190973282,-68.73339569096866,-68.73339569096866
680.9300190973282,-68.73227329246029,-68.73227329246029
680.9400190973282,-68.73116807571263,-68.73116807571263
680.9500190973282,-68.73008017408792,-68.73008017408792
680.9600190973282,-68.72900971832856,-68.72900971832856
680.9700190973282,-68.72795683656237,-68.72795683656237
680.9800190973282,-68.72692165433038,-68.72692165433038
680.9900190973282,-68.7259042946106,-68.7259042946106
681.0000190973282,-68.72490487782197,-68.72490487782197
681.0100190973282,-68.72392352184193,-68.72392352184193
681.0200190973281,-68.722960342027,-68.722960342027
681.0300190973281,-68.72201545123757,-68.72201545123757
681.0400190973282,-68.72108895984076,-68.72108895984076
681.0500190973282,-68.72018097575216,-68.72018097575216
681.0600190973282,-68.71929160442735,-68.71929160442735
681.0700190973282,-68.71842094889642,-68.71842094889642
681.0800190973282,-68.7175691097913,-68.7175691097913
681.0900190973282,-68.71673618534554,-68.71673618534554
681.1000190973282,-68.71592227142457,-68.71592227142457
681.1100190973282,-68.71512746155159,-68.71512746155159
681.1200190973282,-68.71435184692206,-68.71435184692206
681.1300190973282,-68.713595516422,-68.713595516422
681.1400190973281,-68.71285855665369,-68.71285855665369
681.1500190973281,-68.71214105196077,-68.71214105196077
681.1600190973281,-68.71144308444238,-68.71144308444238
681.1700190973282,-68.71076473397646,-68.71076473397646
681.1800190973282,-68.71010607825119,-68.71010607825119
681.1900190973282,-68.70946719277272,-68.70946719277272
681.2000190973282,-68.70884815089244,-68.70884815089244
681.2100190973282,-68.70824304592202,-68.70824304592202
681.2200190973282,-68.707649339271,-68.707649339271
681.2300190973282,-68.70706583712234,-68.70706583712234
681.2400190973282,-68.70649196698503,-68.70649196698503
681.2500190973282,-68.70592750154847,-68.70592750154847
681.2600190973282,-68.70537241516371,-68.70537241516371
681.2700190973281,-68.70482679961127,-68.70482679961127
681.2800190973281,-68.70429081348658,-68.70429081348658
681.2900190973282,-68.70376465172374,-68.70376465172374
681.3000190973282,-68.70324852736489,-68.70324852736489
681.3100190973282,-68.70274266066414,-68.70274266066414
681.3200190973282,-68.7022472727535,-68.7022472727535
681.3300190973282,-68.7017625820234,-68.7017625820234
681.3400190973282,-68.70128880217553,-68.70128880217553
681.3500190973282,-68.7008261412818,-68.7008261412818
681.3600190973282,-68.70037480144988,-68.70037480144988
681.3700190973282,-68.69993497883212,-68.69993497883212
681.3800190973282,-68.69950686378462,-68.69950686378462
681.3900190973281,-68.69909064121296,-68.69909064121296
681.4000190973281,-68.69868649085905,-68.69868649085905
681.4100190973281,-68.69829458765983,-68.69829458765983
681.4200190973282,-68.69791510205174,-68.69791510205174
681.4300190973282,-68.69754820028501,-68.69754820028501
681.4400190973282,-68.6971940446546,-68.6971940446546
681.4500190973282,-68.69685279378484,-68.69685279378484
681.4600190973282,-68.6965186258822,-68.6965186258822
681.4700190973282,-68.69618908537231,-68.69618908537231
681.4800190973282,-68.69586306011404,-68.69586306011404
681.4900190973282,-68.69554005824189,-68.69554005824189
681.5000190973282,-68.69521993217482,-68.69521993217482
681.5100190973282,-68.69490273520502,-68.69490273520502
681.5200190973281,-68.69458863736007,-68.69458863736007
681.5300190973281,-68.69427787484615,-68.69427787484615
681.5400190973282,-68.69397071963003,-68.69397071963003
681.5500190973282,-68.6936674612409,-68.6936674612409
681.5600190973282,-68.693368395915,-68.693368395915
681.5700190973282,-68.69307382027085,-68.69307382027085
681.5800190973282,-68.6927840277209,-68.6927840277209
681.5900190973282,-68.6924993065269,-68.6924993065269
681.6000190973282,-68.69221993884845,-68.69221993884845
681.6100190973282,-68.69194620043109,-68.69194620043109
681.6200190973282,-68.69167836059991,-68.69167836059991
681.6300190973282,-68.69141668246031,-68.69141668246031
681.6400190973281,-68.69116142316535,-68.69116142316535
681.6500190973281,-68.69091283426606,-68.69091283426606
681.6600190973281,-68.69067116202478,-68.69067116202478
681.6700190973282,-68.69043664773412,-68.69043664773412
681.6800190973282,-68.69020952801311,-68.69020952801311
681.6900190973282,-68.6899900350323,-68.6899900350323
681.70001912117,-68.68977839629167,-68.68977839629167
681.71001912117,-68.6895688608777,-68.6895688608777
681.72001912117,-68.68935904163219,-68.68935904163219
681.73001912117,-68.68914789460638,-68.68914789460638
681.74001912117,-68.68893499552647,-68.68893499552647
681.75001912117,-68.68872026379104,-68.68872026379104
681.76001912117,-68.68850381912326,-68.68850381912326
681.7700191211701,-68.6882858974103,-68.6882858974103
681.7800191211701,-68.68806680016195,-68.68806680016195
681.7900191211701,-68.68784686409288,-68.68784686409288
681.8000191211701,-68.68762644293231,-68.68762644293231
681.8100191211701,-68.68740589653008,-68.68740589653008
681.82001912117,-68.68718558457783,-68.68718558457783
681.83001912117,-68.68696586296745,-68.68696586296745
681.84001912117,-68.68674708187463,-68.68674708187463
681.85001912117,-68.68652958479481,-68.68652958479481
681.86001912117,-68.68631370822897,-68.68631370822897
681.87001912117,-68.68609978166165,-68.68609978166165
681.88001912117,-68.68588812775592,-68.68588812775592
681.8900191211701,-68.68567906265471,-68.68567906265471
681.9000191211701,-68.68547289628519,-68.68547289628519
681.9100191211701,-68.68526993269667,-68.68526993269667
681.9200191211701,-68.68507047035838,-68.68507047035838
681.9300191211701,-68.68487480245872,-68.68487480245872
681.94001912117,-68.68468321715049,-68.68468321715049
681.95001912117,-68.68449599779831,-68.68449599779831
681.96001912117,-68.6843134231748,-68.6843134231748
681.97001912117,-68.68413576761361,-68.68413576761361
681.98001912117,-68.68396330119255,-68.68396330119255
681.99001912117,-68.68379628984628,-68.68379628984628
682.00001912117,-68.68363499548413,-68.68363499548413
682.01001912117,-68.68347967609235,-68.68347967609235
682.0200191211701,-68.68333058580616,-68.68333058580616
682.0300191211701,-68.68318797500434,-68.68318797500434
682.0400191211701,-68.68305209033996,-68.68305209033996
682.0500191211701,-68.68292317481547,-68.68292317481547
682.0600191211701,-68.6828014678502,-68.6828014678502
682.07001912117,-68.68268720527666,-68.68268720527666
682.08001912117,-68.68258061941609,-68.68258061941609
682.09001912117,-68.68248193910512,-68.68248193910512
682.10001912117,-68.68239138971289,-68.68239138971289
682.11001912117,-68.68230919317355,-68.68230919317355
682.12001912117,-68.68223556802448,-68.68223556802448
682.13001912117,-68.68217072941773,-68.68217072941773
682.1400191211701,-68.68211488914791,-68.68211488914791
682.1500191211701,-68.68206825568599,-68.68206825568599
682.1600191211701,-68.68203103416839,-68.68203103416839
682.1700191211701,-68.68200342645922,-68.68200342645922
682.1800191211701,-68.68198563113442,-68.68198563113442
682.19001912117,-68.68197784353481,-68.68197784353481
682.20001912117,-68.68198025575553,-68.68198025575553
682.21001912117,-68.68198708218245,-68.68198708218245
682.22001912117,-68.68199590252453,-68.68199590252453
682.23001912117,-68.68200563942945,-68.68200563942945
682.24001912117,-68.6820158354253,-68.6820158354253
682.25001912117,-68.68202637694611,-68.68202637694611
682.26001912117,-68.68203735086944,-68.68203735086944
682.2700191211701,-68.68204896034726,-68.68204896034726
682.2800191211701,-68.68206147421009,-68.68206147421009
682.2900191211701,-68.6820751965351,-68.6820751965351
682.3000191211701,-68.68209044839573,-68.68209044839573
682.3100191211701,-68.68210755699857,-68.68210755699857
682.32001912117,-68.68212684936067,-68.68212684936067
682.33001912117,-68.68214864866692,-68.68214864866692
682.34001912117,-68.68217327235067,-68.68217327235067
682.35001912117,-68.68220103113339,-68.68220103113339
682.36001912117,-68.68223222870891,-68.68223222870891
682.37001912117,-68.68226716171733,-68.68226716171733
682.38001912117,-68.68230611997974,-68.68230611997974
682.3900191211701,-68.68234938676551,-68.68234938676551
682.4000191211701,-68.68239723914728,-68.68239723914728
682.4100191211701,-68.68244994830565,-68.68244994830565
682.4200191211701,-68.68250777988165,-68.68250777988165
682.4300191211701,-68.68257099426398,-68.68257099426398
682.44001912117,-68.68263984685304,-68.68263984685304
682.45001912117,-68.68271458831788,-68.68271458831788
682.46001912117,-68.68279546480288,-68.68279546480288
682.47001912117,-68.68288271810876,-68.68288271810876
682.48001912117,-68.68297658586755,-68.68297658586755
682.49001912117,-68.68307730167268,-68.68307730167268
682.50001912117,-68.6831850952273,-68.6831850952273
682.51001912117,-68.68330019243488,-68.68330019243488
682.5200191211701,-68.68342281549005,-68.68342281549005
682.5300191211701,-68.68355318298708,-68.68355318298708
682.5400191211701,-68.68369150996904,-68.68369150996904
682.5500191450119,-68.68383800835888,-68.68383800835888
682.5600191450119,-68.68399288562264,-68.68399288562264
682.5700191450119,-68.68415634687084,-68.68415634687084
682.5800191450119,-68.68432859356986,-68.68432859356986
682.5900191450119,-68.68450982391349,-68.68450982391349
682.6000191450119,-68.68470023284537,-68.68470023284537
682.6100191450118,-68.68490001211948,-68.68490001211948
682.620019145012,-68.68510935030669,-68.68510935030669
682.6300191450119,-68.68532843286145,-68.68532843286145
682.6400191450119,-68.68555744210849,-68.68555744210849
682.6500191450119,-68.68579655730515,-68.68579655730515
682.6600191450119,-68.68604595465416,-68.68604595465416
682.6700191450119,-68.68630580733216,-68.68630580733216
682.6800191450119,-68.68657628550531,-68.68657628550531
682.6900191450119,-68.68685755638055,-68.68685755638055
682.7000191450119,-68.6871497842103,-68.6871497842103
682.7100191450119,-68.68745313031894,-68.68745313031894
682.7200191450119,-68.68776775312953,-68.68776775312953
682.7300191450119,-68.68809380817552,-68.68809380817552
682.740019145012,-68.68843144815996,-68.68843144815996
682.750019145012,-68.6887808229381,-68.6887808229381
682.7600191450119,-68.68914207957195,-68.68914207957195
682.7700191450119,-68.6895153623387,-68.6895153623387
682.7800191450119,-68.68990081275524,-68.68990081275524
682.7900191450119,-68.69029856960921,-68.69029856960921
682.8000191450119,-68.69070876897737,-68.69070876897737
682.8100191450119,-68.69113154426536,-68.69113154426536
682.8200191450119,-68.69156702620455,-68.69156702620455
682.8300191450119,-68.69201534290663,-68.69201534290663
682.8400191450119,-68.69247661987556,-68.69247661987556
682.8500191450119,-68.69295098002371,-68.69295098002371
682.8600191450118,-68.69343854370443,-68.69343854370443
682.870019145012,-68.69393942874923,-68.69393942874923
682.8800191450119,-68.69445375049301,-68.69445375049301
682.8900191450119,-68.69498162176701,-68.69498162176701
682.9000191450119,-68.69552315296623,-68.69552315296623
682.9100191450119,-68.69607845204834,-68.69607845204834
682.9200191450119,-68.69664762457069,-68.69664762457069
682.9300191450119,-68.69723077371553,-68.69723077371553
682.9400191450119,-68.69782800031759,-68.69782800031759
682.9500191450119,-68.69843940288852,-68.69843940288852
682.9600191450119,-68.6990650776323,-68.6990650776323
682.9700191450119,-68.69970511848632,-68.69970511848632
682.9800191450119,-68.70035961713673,-68.70035961713673
682.990019145012,-68.70102866306169,-68.70102866306169
683.000019145012,-68.70171234354783,-68.70171234354783
683.0100191450119,-68.70241074370891,-68.70241074370891
683.0200191450119,-68.70312394650297,-68.70312394650297
683.0300191450119,-68.70385203279211,-68.70385203279211
683.0400191450119,-68.70459508134482,-68.70459508134482
683.0500191450119,-68.70535316886026,-68.70535316886026
683.0600191450119,-68.70612636999891,-68.70612636999891
683.0700191450119,-68.70691475742031,-68.70691475742031
683.0800191450119,-68.7077184017842,-68.7077184017842
683.0900191450119,-68.70853737179405,-68.70853737179405
683.1000191450119,-68.7093717342149,-68.7093717342149
683.1100191450118,-68.71022155391226,-68.71022155391226
683.120019145012,-68.71108689384762,-68.71108689384762
683.1300191450119,-68.71196781514494,-68.71196781514494
683.1400191450119,-68.71286437706101,-68.71286437706101
683.1500191450119,-68.71377663706002,-68.71377663706002
683.1600191450119,-68.71470465081813,-68.71470465081813
683.1700191450119,-68.71564847224256,-68.71564847224256
683.1800191450119,-68.71660815351144,-68.71660815351144
683.1900191450119,-68.71758374507687,-68.71758374507687
683.2000191450119,-68.71857529570096,-68.71857529570096
683.2100191450119,-68.71957687359698,-68.71957687359698
683.2200191450119,-68.72058591529216,-68.72058591529216
683.2300191450119,-68.72160120245884,-68.72160120245884
683.240019145012,-68.72262213849825,-68.72262213849825
683.250019145012,-68.72364847245629,-68.72364847245629
683.2600191450119,-68.72468015546588,-68.72468015546588
683.2700191450119,-68.72571725654842,-68.72571725654842
683.2800191450119,-68.72675991199928,-68.72675991199928
683.2900191450119,-68.72780829493341,-68.72780829493341
683.3000191450119,-68.72886259702985,-68.72886259702985
683.3100191450119,-68.72992301766621,-68.72992301766621
683.3200191450119,-68.7309897575862,-68.7309897575862
683.3300191450119,-68.7320630152689,-68.7320630152689
683.3400191450119,-68.73314298498045,-68.73314298498045
683.3500191450119,-68.7342298558365,-68.7342298558365
683.3600191450118,-68.73532381146644,-68.73532381146644
683.370019145012,-68.73642502998423,-68.73642502998423
683.3800191450119,-68.7375336842392,-68.7375336842392
683.3900191450119,-68.73864994203778,-68.73864994203778
683.4000191688538,-68.73977396919234,-68.73977396919234
683.4100191688538,-68.74090591913979,-68.74090591913979
683.4200191688537,-68.74204594925915,-68.74204594925915
683.4300191688537,-68.74319421054197,-68.74319421054197
683.4400191688537,-68.74435085047743,-68.74435085047743
683.4500191688537,-68.74551601331595,-68.74551601331595
683.4600191688537,-68.7466898402467,-68.7466898402467
683.4700191688538,-68.74787246959617,-68.74787246959617
683.4800191688538,-68.74906403697621,-68.74906403697621
683.4900191688538,-68.75026467540792,-68.75026467540792
683.5000191688538,-68.75147451544554,-68.75147451544554
683.5100191688538,-68.75269368528204,-68.75269368528204
683.5200191688538,-68.75392231082138,-68.75392231082138
683.5300191688538,-68.75516051575624,-68.75516051575624
683.5400191688537,-68.7564084216304,-68.7564084216304
683.5500191688537,-68.75766614789305,-68.75766614789305
683.5600191688537,-68.75893381194336,-68.75893381194336
683.5700191688537,-68.76021152918179,-68.76021152918179
683.5800191688537,-68.7614994130168,-68.7614994130168
683.5900191688538,-68.7627975749161,-68.7627975749161
683.6000191688538,-68.76410612443999,-68.76410612443999
683.6100191688538,-68.7654251692416,-68.7654251692416
683.6200191688538,-68.76675481510806,-68.76675481510806
683.6300191688538,-68.76809516595848,-68.76809516595848
683.6400191688538,-68.76944632388087,-68.76944632388087
683.6500191688538,-68.7708083891374,-68.7708083891374
683.6600191688538,-68.77218146017883,-68.77218146017883
683.6700191688537,-68.77356563365733,-68.77356563365733
683.6800191688537,-68.77496100444333,-68.77496100444333
683.6900191688537,-68.7763676656205,-68.7763676656205
683.7000191688537,-68.77778570853654,-68.77778570853654
683.7100191688537,-68.77921522275862,-68.77921522275862
683.7200191688538,-68.78065629612887,-68.78065629612887
683.7300191688538,-68.78210901476541,-68.78210901476541
683.7400191688538,-68.7835734630521,-68.7835734630521
683.7500191688538,-68.78504972367352,-68.78504972367352
683.7600191688538,-68.7865378776165,-68.7865378776165
683.7700191688538,-68.78803800418275,-68.78803800418275
683.7800191688538,-68.78955018098836,-68.78955018098836
683.7900191688537,-68.7910744840034,-68.7910744840034
683.8000191688537,-68.79261098752295,-68.79261098752295
683.8100191688537,-68.79415976422054,-68.79415976422054
683.8200191688537,-68.79572088512337,-68.79572088512337
683.8300191688537,-68.79729441965412,-68.79729441965412
683.8400191688538,-68.79888043561847,-68.79888043561847
683.8500191688538,-68.80047899924533,-68.80047899924533
683.8600191688538,-68.80209017515614,-68.80209017515614
683.8700191688538,-68.8037140264331,-68.8037140264331
683.8800191688538,-68.80535061458154,-68.80535061458154
683.8900191688538,-68.80699999957525,-68.80699999957525
683.9000191688538,-68.80866223985666,-68.80866223985666
683.9100191688538,-68.81033739234782,-68.81033739234782
683.9200191688537,-68.81202551248305,-68.81202551248305
683.9300191688537,-68.81372665419089,-68.81372665419089
683.9400191688537,-68.81544086994143,-68.81544086994143
683.9500191688537,-68.81716821073132,-68.81716821073132
683.9600191688537,-68.81890872612384,-68.81890872612384
683.9700191688538,-68.82066246423385,-68.82066246423385
683.9800191688538,-68.82242947178445,-68.82242947178445
683.9900191688538,-68.82420979407655,-68.82420979407655
684.0000191688538,-68.82600347501707,-68.82600347501707
684.0100191688538,-68.82781055716245,-68.82781055716245
684.0200191688538,-68.82963108169797,-68.82963108169797
684.0300191688538,-68.83146508846077,-68.83146508846077
684.0400191688537,-68.83331261596736,-68.83331261596736
684.0500191688537,-68.83517370141283,-68.83517370141283
684.0600191688537,-68.83704838069798,-68.83704838069798
684.0700191688537,-68.83893668844097,-68.83893668844097
684.0800191688537,-68.84083865798792,-68.84083865798792
684.0900191688538,-68.84275432142248,-68.84275432142248
684.1000191688538,-68.84468370960617,-68.84468370960617
684.1100191688538,-68.84662685216524,-68.84662685216524
684.1200191688538,-68.8485837775107,-68.8485837775107
684.1300191688538,-68.85055451287039,-68.85055451287039
684.1400191688538,-68.85253908428925,-68.85253908428925
684.1500191688538,-68.85453751664153,-68.85453751664153
684.1600191688538,-68.85654983365771,-68.85654983365771
684.1700191688537,-68.85857605793029,-68.85857605793029
684.1800191688537,-68.86061621093229,-68.86061621093229
684.1900191688537,-68.86267031302859,-68.86267031302859
684.2000191688537,-68.86473838348799,-68.86473838348799
684.2100191688537,-68.86682044051561,-68.86682044051561
684.2200191688538,-68.8689165012366,-68.8689165012366
684.2300191688538,-68.87102658175102,-68.87102658175102
684.2400191688538,-68.87315069709895,-68.87315069709895
684.2500191926956,-68.8752888664115,-68.8752888664115
684.2600191926956,-68.87744109257446,-68.87744109257446
684.2700191926956,-68.87960739265314,-68.87960739265314
684.2800191926956,-68.88178777771111,-68.88178777771111
684.2900191926956,-68.88398225784509,-68.88398225784509
684.3000191926956,-68.8861908421923,-68.8861908421923
684.3100191926956,-68.88841353896056,-68.88841353896056
684.3200191926957,-68.89065035542603,-68.89065035542603
684.3300191926957,-68.89290129796969,-68.89290129796969
684.3400191926956,-68.895166372061,-68.895166372061
684.3500191926956,-68.89744558229252,-68.89744558229252
684.3600191926956,-68.89973893238185,-68.89973893238185
684.3700191926956,-68.90204642518688,-68.90204642518688
684.3800191926956,-68.90436806273087,-68.90436806273087
684.3900191926956,-68.90670384620081,-68.90670384620081
684.4000191926956,-68.90905377596545,-68.90905377596545
684.4100191926956,-68.91141785158193,-68.91141785158193
684.4200191926956,-68.91379607181383,-68.91379607181383
684.4300191926956,-68.9161884346391,-68.9161884346391
684.4400191926957,-68.91859493726949,-68.91859493726949
684.4500191926957,-68.92101557616508,-68.92101557616508
684.4600191926957,-68.9234503470283,-68.9234503470283
684.4700191926956,-68.92589924482937,-68.92589924482937
684.4800191926956,-68.92836226382074,-68.92836226382074
684.4900191926956,-68.93083939753589,-68.93083939753589
684.5000191926956,-68.93333063881474,-68.93333063881474
684.5100191926956,-68.93583597979905,-68.93583597979905
684.5200191926956,-68.93835541195493,-68.93835541195493
684.5300191926956,-68.94088892609413,-68.94088892609413
684.5400191926956,-68.94343651234685,-68.94343651234685
684.5500191926956,-68.94599816022651,-68.94599816022651
684.5600191926956,-68.94857385859055,-68.94857385859055
684.5700191926957,-68.95116359567675,-68.95116359567675
684.5800191926957,-68.95376735912185,-68.95376735912185
684.5900191926956,-68.95638513593502,-68.95638513593502
684.6000191926956,-68.95901691254697,-68.95901691254697
684.6100191926956,-68.96166267480658,-68.96166267480658
684.6200191926956,-68.96432240797793,-68.96432240797793
684.6300191926956,-68.966996096775,-68.966996096775
684.6400191926956,-68.96968372533533,-68.96968372533533
684.6500191926956,-68.97238527727049,-68.97238527727049
684.6600191926956,-68.97510073564821,-68.97510073564821
684.6700191926956,-68.9778300830187,-68.9778300830187
684.6800191926956,-68.98057330140419,-68.98057330140419
684.6900191926957,-68.98333037231491,-68.98333037231491
684.7000191926957,-68.98610127677924,-68.98610127677924
684.7100191926957,-68.9888859953211,-68.9888859953211
684.7200191926956,-68.99168450798182,-68.99168450798182
684.7300191926956,-68.99449679434338,-68.99449679434338
684.7400191926956,-68.99732283350535,-68.99732283350535
684.7500191926956,-69.00016260411745,-69.00016260411745
684.7600191926956,-69.00301608438208,-69.00301608438208
684.7700191926956,-69.00588325206415,-69.00588325206415
684.7800191926956,-69.0087640844891,-69.0087640844891
684.7900191926956,-69.01165855856843,-69.01165855856843
684.8000191926956,-69.01456665078572,-69.01456665078572
684.8100191926956,-69.01748833721985,-69.01748833721985
684.8200191926957,-69.0204235935527,-69.0204235935527
684.8300191926957,-69.02337239507375,-69.02337239507375
684.8400191926956,-69.02633471667949,-69.02633471667949
684.8500191926956,-69.02931053288674,-69.02931053288674
684.8600191926956,-69.03229981784462,-69.03229981784462
684.8700191926956,-69.03530254533251,-69.03530254533251
684.8800191926956,-69.03831868878574,-69.03831868878574
684.8900191926956,-69.04134822127558,-69.04134822127558
684.9000191926956,-69.04439111553157,-69.04439111553157
684.9100191926956,-69.04744734395256,-69.04744734395256
684.9200191926956,-69.05051687859104,-69.05051687859104
684.9300191926956,-69.05359969119905,-69.05359969119905
684.9400191926957,-69.05669575318852,-69.05669575318852
684.9500191926957,-69.05980503567329,-69.05980503567329
684.9600191926957,-69.0629275094635,-69.0629275094635
684.9700191926956,-69.06606314505493,-69.06606314505493
684.9800191926956,-69.06921191266726,-69.06921191266726
684.9900191926956,-69.07237378222388,-69.07237378222388
685.0000191926956,-69.07554872337519,-69.07554872337519
685.0100191926956,-69.0787367054879,-69.0787367054879
685.0200191926956,-69.08193769766191,-69.08193769766191
685.0300191926956,-69.08515166873595,-69.08515166873595
685.0400191926956,-69.08837858728822,-69.08837858728822
685.0500191926956,-69.0916184216483,-69.0916184216483
685.0600191926956,-69.09487113989158,-69.09487113989158
685.0700191926957,-69.09813670985628,-69.09813670985628
685.0800191926957,-69.10141509914746,-69.10141509914746
685.0900191926956,-69.10470627513172,-69.10470627513172
685.1000192165375,-69.10801021282656,-69.10801021282656
685.1100192165375,-69.1113268634597,-69.1113268634597
685.1200192165375,-69.1146562015391,-69.1146562015391
685.1300192165374,-69.11799819357604,-69.11799819357604
685.1400192165374,-69.12135280585844,-69.12135280585844
685.1500192165374,-69.1247200044667,-69.1247200044667
685.1600192165374,-69.12809975528948,-69.12809975528948
685.1700192165375,-69.13149202402393,-69.13149202402393
685.1800192165375,-69.13489677619032,-69.13489677619032
685.1900192165375,-69.1383139770974,-69.1383139770974
685.2000192165375,-69.14173992104497,-69.14173992104497
685.2100192165375,-69.14516909313201,-69.14516909313201
685.2200192165375,-69.14859587177911,-69.14859587177911
685.2300192165375,-69.15201516969518,-69.15201516969518
685.2400192165375,-69.15542254132826,-69.15542254132826
685.2500192165375,-69.15881412308725,-69.15881412308725
685.2600192165374,-69.16218654517205,-69.16218654517205
685.2700192165374,-69.16553685309393,-69.16553685309393
685.2800192165374,-69.16886244468172,-69.16886244468172
685.2900192165375,-69.17216102021278,-69.17216102021278
685.3000192165375,-69.17543054246869,-69.17543054246869
685.3100192165375,-69.1786692040925,-69.1786692040925
685.3200192165375,-69.18187540053992,-69.18187540053992
685.3300192165375,-69.18504770726713,-69.18504770726713
685.3400192165375,-69.18818486038488,-69.18818486038488
685.3500192165375,-69.19128574003402,-69.19128574003402
685.3600192165375,-69.19434935608031,-69.19434935608031
685.3700192165375,-69.19737483569357,-69.19737483569357
685.3800192165374,-69.20036141252864,-69.20036141252864
685.3900192165374,-69.20330841726962,-69.20330841726962
685.4000192165374,-69.20621526927802,-69.20621526927802
685.4100192165374,-69.20908146923679,-69.20908146923679
685.4200192165375,-69.21190659262014,-69.21190659262014
685.4300192165375,-69.21469028388314,-69.21469028388314
685.4400192165375,-69.21743225118632,-69.21743225118632
685.4500192165375,-69.22013226172646,-69.22013226172646
685.4600192165375,-69.22278410738977,-69.22278410738977
685.4700192165375,-69.22538502423068,-69.22538502423068
685.4800192165375,-69.2279336526766,-69.2279336526766
685.4900192165375,-69.23042930583915,-69.23042930583915
685.5000192165375,-69.23287168842845,-69.23287168842845
685.5100192165374,-69.23526074944029,-69.23526074944029
685.5200192165374,-69.23759659474483,-69.23759659474483
685.5300192165374,-69.23987943372927,-69.23987943372927
685.5400192165375,-69.24210954638744,-69.24210954638744
685.5500192165375,-69.24428726286234,-69.24428726286234
685.5600192165375,-69.24641295049973,-69.24641295049973
685.5700192165375,-69.24848700563744,-69.24848700563744
685.5800192165375,-69.25050984821105,-69.25050984821105
685.5900192165375,-69.25248191814335,-69.25248191814335
685.6000192165375,-69.25440367286816,-69.25440367286816
685.6100192165375,-69.25627558549957,-69.25627558549957
685.6200192165375,-69.25809814348591,-69.25809814348591
685.6300192165374,-69.2598718474928,-69.2598718474928
685.6400192165374,-69.26159721046012,-69.26159721046012
685.6500192165374,-69.26327475679005,-69.26327475679005
685.6600192165374,-69.26490502155633,-69.26490502155633
685.6700192165375,-69.26648854979908,-69.26648854979908
685.6800192165375,-69.26802589582591,-69.26802589582591
685.6900192165375,-69.26951762254853,-69.26951762254853
685.7000192165375,-69.27096430082536,-69.27096430082536
685.7100192165375,-69.27236650883236,-69.27236650883236
685.7200192165375,-69.27372483144838,-69.27372483144838
685.7300192165375,-69.27503985966402,-69.27503985966402
685.7400192165375,-69.27631218998728,-69.27631218998728
685.7500192165375,-69.2775424238866,-69.2775424238866
685.7600192165374,-69.27873116724118,-69.27873116724118
685.7700192165374,-69.27987902983081,-69.27987902983081
685.7800192165374,-69.28098662480689,-69.28098662480689
685.7900192165375,-69.28205456821206,-69.28205456821206
685.8000192165375,-69.28308347853576,-69.28308347853576
685.8100192165375,-69.28407397622401,-69.28407397622401
685.8200192165375,-69.28502668328017,-69.28502668328017
685.8300192165375,-69.285942222834,-69.285942222834
685.8400192165375,-69.28682121877462,-69.28682121877462
685.8500192165375,-69.28766429534937,-69.28766429534937
685.8600192165375,-69.28847207682604,-69.28847207682604
685.8700192165375,-69.28924518713497,-69.28924518713497
685.8800192165374,-69.28998424955766,-69.28998424955766
685.8900192165374,-69.29068988642024,-69.29068988642024
685.9000192165374,-69.29136271879977,-69.29136271879977
685.9100192165374,-69.29200336624879,-69.29200336624879
685.9200192165375,-69.29261244651876,-69.29261244651876
685.9300192165375,-69.29319057534914,-69.29319057534914
685.9400192165375,-69.29373836618369,-69.29373836618369
685.9500192403793,-69.29425643121324,-69.29425643121324
685.9600192403793,-69.29474537618486,-69.29474537618486
685.9700192403793,-69.29520580773641,-69.29520580773641
685.9800192403793,-69.29563832815926,-69.29563832815926
685.9900192403793,-69.2960435364691,-69.2960435364691
686.0000192403793,-69.29642202826152,-69.29642202826152
686.0100192403793,-69.29677439556252,-69.29677439556252
686.0200192403794,-69.29710122665739,-69.29710122665739
686.0300192403794,-69.29740310599456,-69.29740310599456
686.0400192403794,-69.29768061401879,-69.29768061401879
686.0500192403794,-69.29793432708784,-69.29793432708784
686.0600192403793,-69.29816481733951,-69.29816481733951
686.0700192403793,-69.29837265260892,-69.29837265260892
686.0800192403793,-69.29855839630467,-69.29855839630467
686.0900192403793,-69.29872260735877,-69.29872260735877
686.1000192403793,-69.2988658401119,-69.2988658401119
686.1100192403793,-69.29898864424592,-69.29898864424592
686.1200192403793,-69.2990915647316,-69.2990915647316
686.1300192403793,-69.29917514176641,-69.29917514176641
686.1400192403794,-69.29923991067662,-69.29923991067662
686.1500192403794,-69.29928640193,-69.29928640193
686.1600192403794,-69.29931514102375,-69.29931514102375
686.1700192403794,-69.29932664849203,-69.29932664849203
686.1800192403794,-69.2993214398532,-69.2993214398532
686.1900192403793,-69.29930002554556,-69.29930002554556
686.2000192403793,-69.29926291095722,-69.29926291095722
686.2100192403793,-69.29921059635264,-69.29921059635264
686.2200192403793,-69.29914357687615,-69.29914357687615
686.2300192403793,-69.29906234252442,-69.29906234252442
686.2400192403793,-69.29896737813938,-69.29896737813938
686.2500192403793,-69.29885916339049,-69.29885916339049
686.2600192403793,-69.29873817276888,-69.29873817276888
686.2700192403794,-69.29860487558064,-69.29860487558064
686.2800192403794,-69.29845973595354,-69.29845973595354
686.2900192403794,-69.2983032128371,-69.2983032128371
686.3000192403794,-69.29813575998041,-69.29813575998041
686.3100192403793,-69.29795782597857,-69.29795782597857
686.3200192403793,-69.29776985425288,-69.29776985425288
686.3300192403793,-69.29757228306276,-69.29757228306276
686.3400192403793,-69.29736554553857,-69.29736554553857
686.3500192403793,-69.29715006965813,-69.29715006965813
686.3600192403793,-69.29692627829995,-69.29692627829995
686.3700192403793,-69.29669458924037,-69.29669458924037
686.3800192403793,-69.29645541516827,-69.29645541516827
686.3900192403794,-69.29620916371412,-69.29620916371412
686.4000192403794,-69.29595623749987,-69.29595623749987
686.4100192403794,-69.29569703410169,-69.29569703410169
686.4200192403794,-69.29543194613413,-69.29543194613413
686.4300192403794,-69.29516136122822,-69.29516136122822
686.4400192403793,-69.29488566208616,-69.29488566208616
686.4500192403793,-69.29460522650912,-69.29460522650912
686.4600192403793,-69.2943204274112,-69.2943204274112
686.4700192403793,-69.29403163287078,-69.29403163287078
686.4800192403793,-69.29373920614113,-69.29373920614113
686.4900192403793,-69.29344350568586,-69.29344350568586
686.5000192403793,-69.29314488522405,-69.29314488522405
686.5100192403793,-69.2928436937564,-69.2928436937564
686.5200192403794,-69.2925402755814,-69.2925402755814
686.5300192403794,-69.29223497036581,-69.29223497036581
686.5400192403794,-69.29192811315468,-69.29192811315468
686.5500192403794,-69.29162003440037,-69.29162003440037
686.5600192403793,-69.29131106002212,-69.29131106002212
686.5700192403793,-69.29100151142333,-69.29100151142333
686.5800192403793,-69.29069170553203,-69.29069170553203
686.5900192403793,-69.29038195485501,-69.29038195485501
686.6000192403793,-69.29007256748741,-69.29007256748741
686.6100192403793,-69.28976384717625,-69.28976384717625
686.6200192403793,-69.28945609333438,-69.28945609333438
686.6300192403793,-69.28914960109609,-69.28914960109609
686.6400192403794,-69.28884466134673,-69.28884466134673
686.6500192403794,-69.28854156077207,-69.28854156077207
686.6600192403794,-69.28824058188744,-69.28824058188744
686.6700192403794,-69.28794200306467,-69.28794200306467
686.6800192403794,-69.28764609859768,-69.28764609859768
686.6900192403793,-69.28735313872963,-69.28735313872963
686.7000192403793,-69.2870633896891,-69.2870633896891
686.7100192403793,-69.28677711372153,-69.28677711372153
686.7200192403793,-69.28649456915083,-69.28649456915083
686.7300192403793,-69.28621601039119,-69.28621601039119
686.7400192403793,-69.28594168800805,-69.28594168800805
686.7500192403793,-69.28567184875041,-69.28567184875041
686.7600192403793,-69.28540673558003,-69.28540673558003
686.7700192403794,-69.28514658771397,-69.28514658771397
686.7800192403794,-69.28489164068411,-69.28489164068411
686.7900192403794,-69.28464212634934,-69.28464212634934
686.8000192642212,-69.28439827235401,-69.28439827235401
686.8100192642212,-69.28416030454375,-69.28416030454375
686.8200192642212,-69.28392844339318,-69.28392844339318
686.8300192642212,-69.2837029064902,-69.2837029064902
686.8400192642212,-69.28348390795347,-69.28348390795347
686.8500192642211,-69.28327165846132,-69.28327165846132
686.8600192642211,-69.28306636529118,-69.28306636529118
686.8700192642212,-69.2828682323583,-69.2828682323583
686.8800192642212,-69.28267746026128,-69.28267746026128
686.8900192642212,-69.28249424630941,-69.28249424630941
686.9000192642212,-69.2823187845547,-69.2823187845547
686.9100192642212,-69.28215126583687,-69.28215126583687
686.9200192642212,-69.28199187782994,-69.28199187782994
686.9300192642212,-69.2818408050458,-69.2818408050458
686.9400192642212,-69.28169822890467,-69.28169822890467
686.9500192642212,-69.28156432775978,-69.28156432775978
686.9600192642212,-69.2814392769046,-69.2814392769046
686.9700192642212,-69.28132324866324,-69.28132324866324
686.9800192642211,-69.28121641236947,-69.28121641236947
686.9900192642212,-69.2811189344337,-69.2811189344337
687.0000192642212,-69.28103097836873,-69.28103097836873
687.0100192642212,-69.28095270482525,-69.28095270482525
687.0200192642212,-69.28088427163115,-69.28088427163115
687.0300192642212,-69.28082583379977,-69.28082583379977
687.0400192642212,-69.28077754358539,-69.28077754358539
687.0500192642212,-69.2807395505272,-69.2807395505272
687.0600192642212,-69.28071200144697,-69.28071200144697
687.0700192642212,-69.28069504050436,-69.28069504050436
687.0800192642212,-69.28068880923348,-69.28068880923348
687.0900192642212,-69.28069344655641,-69.28069344655641
687.1000192642211,-69.28070908882951,-69.28070908882951
687.1100192642211,-69.28073586986774,-69.28073586986774
687.1200192642212,-69.28077392096887,-69.28077392096887
687.1300192642212,-69.2808233709691,-69.2808233709691
687.1400192642212,-69.28088434623739,-69.28088434623739
687.1500192642212,-69.2809569707376,-69.2809569707376
687.1600192642212,-69.28104136602927,-69.28104136602927
687.1700192642212,-69.28113765132618,-69.28113765132618
687.1800192642212,-69.28124594350652,-69.28124594350652
687.1900192642212,-69.2813663571477,-69.2813663571477
687.2000192642212,-69.28149900454883,-69.28149900454883
687.2100192642212,-69.28164399576946,-69.28164399576946
687.2200192642212,-69.28180143864253,-69.28180143864253
687.2300192642211,-69.28197143882366,-69.28197143882366
687.2400192642212,-69.28215409978847,-69.28215409978847
687.2500192642212,-69.28234952290967,-69.28234952290967
687.2600192642212,-69.28255780742121,-69.28255780742121
687.2700192642212,-69.28277905047818,-69.28277905047818
687.2800192642212,-69.28301334719806,-69.28301334719806
687.2900192642212,-69.28326079064524,-69.28326079064524
687.3000192642212,-69.28352147189868,-69.28352147189868
687.3100192642212,-69.2837954800554,-69.2837954800554
687.3200192642212,-69.28408290225265,-69.28408290225265
687.3300192642212,-69.28438382369497,-69.28438382369497
687.3400192642212,-69.28469832769844,-69.28469832769844
687.3500192642211,-69.28502649568894,-69.28502649568894
687.3600192642211,-69.28536840723449,-69.28536840723449
687.3700192642212,-69.2857241400772,-69.2857241400772
687.3800192642212,-69.28609377015447,-69.28609377015447
687.3900192642212,-69.28647737161167,-69.28647737161167
687.4000192642212,-69.28687501683119,-69.28687501683119
687.4100192642212,-69.28728677646696,-69.28728677646696
687.4200192642212,-69.28771271944812,-69.28771271944812
687.4300192642212,-69.28815291300377,-69.28815291300377
687.4400192642212,-69.28860742269711,-69.28860742269711
687.4500192642212,-69.28907631245563,-69.28907631245563
687.4600192642212,-69.28955964455702,-69.28955964455702
687.4700192642212,-69.29005747967534,-69.29005747967534
687.4800192642211,-69.29056987690377,-69.29056987690377
687.4900192642212,-69.29109689376654,-69.29109689376654
687.5000192642212,-69.29163858624932,-69.29163858624932
687.5100192642212,-69.29219500880413,-69.29219500880413
687.5200192642212,-69.29276621438102,-69.29276621438102
687.5300192642212,-69.29335225445361,-69.29335225445361
687.5400192642212,-69.29395317901147,-69.29395317901147
687.5500192642212,-69.29456903661587,-69.29456903661587
687.5600192642212,-69.29519987439976,-69.29519987439976
687.5700192642212,-69.29584573808043,-69.29584573808043
687.5800192642212,-69.29650667198734,-69.29650667198734
687.5900192642212,-69.29718271909076,-69.29718271909076
687.6000192642211,-69.2978739210006,-69.2978739210006
687.6100192642211,-69.29858031799225,-69.29858031799225
687.6200192642212,-69.29930194902232,-69.29930194902232
687.6300192642212,-69.30003885176174,-69.30003885176174
687.6400192642212,-69.30079106259468,-69.30079106259468
687.650019288063,-69.30155861846136,-69.30155861846136
687.660019288063,-69.302341549627,-69.302341549627
687.670019288063,-69.30313989051521,-69.30313989051521
687.680019288063,-69.30395367255171,-69.30395367255171
687.690019288063,-69.3047829259794,-69.3047829259794
687.700019288063,-69.30562767984308,-69.30562767984308
687.710019288063,-69.3064819200664,-69.3064819200664
687.7200192880631,-69.30734302925077,-69.30734302925077
687.7300192880631,-69.30820974938872,-69.30820974938872
687.7400192880631,-69.309081452467,-69.309081452467
687.7500192880631,-69.3099578615461,-69.3099578615461
687.7600192880631,-69.31083890557794,-69.31083890557794
687.770019288063,-69.31172463403799,-69.31172463403799
687.780019288063,-69.31261516562823,-69.31261516562823
687.790019288063,-69.31351065728995,-69.31351065728995
687.800019288063,-69.3144112856757,-69.3144112856757
687.810019288063,-69.3153172360287,-69.3153172360287
687.820019288063,-69.31622869571177,-69.31622869571177
687.830019288063,-69.31714585045971,-69.31714585045971
687.8400192880631,-69.31806888237662,-69.31806888237662
687.8500192880631,-69.31899796895007,-69.31899796895007
687.8600192880631,-69.31993328265287,-69.31993328265287
687.8700192880631,-69.32087499093419,-69.32087499093419
687.8800192880631,-69.32182325636055,-69.32182325636055
687.8900192880631,-69.32277823693346,-69.32277823693346
687.900019288063,-69.3237400863664,-69.3237400863664
687.910019288063,-69.32470895441199,-69.32470895441199
687.920019288063,-69.3256849871842,-69.3256849871842
687.930019288063,-69.3266683274083,-69.3266683274083
687.940019288063,-69.32765911470321,-69.32765911470321
687.950019288063,-69.32865748579233,-69.32865748579233
687.960019288063,-69.32966357469036,-69.32966357469036
687.9700192880631,-69.33067751290005,-69.33067751290005
687.9800192880631,-69.33169942954756,-69.33169942954756
687.9900192880631,-69.3327294514995,-69.3327294514995
688.0000192880631,-69.33376770345893,-69.33376770345893
688.0100192880631,-69.33481430810615,-69.33481430810615
688.020019288063,-69.33586938610787,-69.33586938610787
688.030019288063,-69.33693305625282,-69.33693305625282
688.040019288063,-69.33800543544127,-69.33800543544127
688.050019288063,-69.33908663877673,-69.33908663877673
688.060019288063,-69.34017677959885,-69.34017677959885
688.070019288063,-69.3412759694838,-69.3412759694838
688.080019288063,-69.34238431832134,-69.34238431832134
688.0900192880631,-69.34350193428891,-69.34350193428891
688.1000192880631,-69.34462892392257,-69.34462892392257
688.1100192880631,-69.34576539208548,-69.34576539208548
688.1200192880631,-69.34691144201074,-69.34691144201074
688.1300192880631,-69.3480671753115,-69.3480671753115
688.1400192880631,-69.34923269196891,-69.34923269196891
688.150019288063,-69.35040809037474,-69.35040809037474
688.160019288063,-69.35159346732036,-69.35159346732036
688.170019288063,-69.3527889180046,-69.3527889180046
688.180019288063,-69.3539945360373,-69.3539945360373
688.190019288063,-69.35521041346199,-69.35521041346199
688.200019288063,-69.35643664074672,-69.35643664074672
688.210019288063,-69.35767330679849,-69.35767330679849
688.2200192880631,-69.35892049895132,-69.35892049895132
688.2300192880631,-69.36017830300221,-69.36017830300221
688.2400192880631,-69.36144680320197,-69.36144680320197
688.2500192880631,-69.36272608224,-69.36272608224
688.2600192880631,-69.36401622128683,-69.36401622128683
688.270019288063,-69.3653172999788,-69.3653172999788
688.280019288063,-69.36662939642056,-69.36662939642056
688.290019288063,-69.36795258722002,-69.36795258722002
688.300019288063,-69.3692869474683,-69.3692869474683
688.310019288063,-69.37063255074585,-69.37063255074585
688.320019288063,-69.37198946915059,-69.37198946915059
688.330019288063,-69.37335777328667,-69.37335777328667
688.3400192880631,-69.37473753228755,-69.37473753228755
688.3500192880631,-69.3761288138175,-69.3761288138175
688.3600192880631,-69.37753168407727,-69.37753168407727
688.3700192880631,-69.37894620781557,-69.37894620781557
688.3800192880631,-69.38037244835094,-69.38037244835094
688.3900192880631,-69.38181046755223,-69.38181046755223
688.400019288063,-69.38326032587422,-69.38326032587422
688.410019288063,-69.384722082362,-69.384722082362
688.420019288063,-69.38619579465801,-69.38619579465801
688.430019288063,-69.38768151901344,-69.38768151901344
688.440019288063,-69.38917931031017,-69.38917931031017
688.450019288063,-69.39068922203742,-69.39068922203742
688.460019288063,-69.3922052564922,-69.3922052564922
688.4700192880631,-69.3937248163292,-69.3937248163292
688.4800192880631,-69.39524666467214,-69.39524666467214
688.4900192880631,-69.39677019492186,-69.39677019492186
688.5000193119049,-69.39829515517138,-69.39829515517138
688.5100193119049,-69.39982148840421,-69.39982148840421
688.5200193119049,-69.40134926895021,-69.40134926895021
688.5300193119049,-69.40287863657255,-69.40287863657255
688.5400193119049,-69.40440976919021,-69.40440976919021
688.5500193119049,-69.4059428642789,-69.4059428642789
688.5600193119049,-69.40747812782526,-69.40747812782526
688.570019311905,-69.40901576778782,-69.40901576778782
688.580019311905,-69.41055599041931,-69.41055599041931
688.5900193119049,-69.41209899818583,-69.41209899818583
688.6000193119049,-69.41364498882523,-69.41364498882523
688.6100193119049,-69.41519415492259,-69.41519415492259
688.6200193119049,-69.4167466838939,-69.4167466838939
688.6300193119049,-69.41830275814132,-69.41830275814132
688.6400193119049,-69.41986255533611,-69.41986255533611
688.6500193119049,-69.4214262487175,-69.4214262487175
688.6600193119049,-69.42299400740168,-69.42299400740168
688.6700193119049,-69.42456599669934,-69.42456599669934
688.6800193119049,-69.42614237836194,-69.42614237836194
688.690019311905,-69.42772331085617,-69.42772331085617
688.700019311905,-69.42930894960647,-69.42930894960647
688.710019311905,-69.43089944713299,-69.43089944713299
688.7200193119049,-69.4324949532557,-69.4324949532557
688.7300193119049,-69.43409561524669,-69.43409561524669
688.7400193119049,-69.43570157793285,-69.43570157793285
688.7500193119049,-69.43731298381057,-69.43731298381057
688.7600193119049,-69.4389299731433,-69.4389299731433
688.7700193119049,-69.44055268402568,-69.44055268402568
688.7800193119049,-69.44218125245311,-69.44218125245311
688.7900193119049,-69.44381581238675,-69.44381581238675
688.8000193119049,-69.44545649577783,-69.44545649577783
688.8100193119049,-69.44710343263412,-69.44710343263412
688.820019311905,-69.44875675103181,-69.44875675103181
688.830019311905,-69.45041657715015,-69.45041657715015
688.8400193119049,-69.45208303530644,-69.45208303530644
688.8500193119049,-69.45375624796678,-69.45375624796678
688.8600193119049,-69.45543633575215,-69.45543633575215
688.8700193119049,-69.45712341747998,-69.45712341747998
688.8800193119049,-69.45881761015822,-69.45881761015822
688.8900193119049,-69.46051902900547,-69.46051902900547
688.9000193119049,-69.46222778745248,-69.46222778745248
688.9100193119049,-69.46394399717006,-69.46394399717006
688.9200193119049,-69.46566776805565,-69.46566776805565
688.9300193119049,-69.46739920825082,-69.46739920825082
688.940019311905,-69.46913842415998,-69.46913842415998
688.950019311905,-69.47088552044653,-69.47088552044653
688.960019311905,-69.47263454367159,-69.47263454367159
688.9700193119049,-69.47438294415134,-69.47438294415134
688.9800193119049,-69.47612953359322,-69.47612953359322
688.9900193119049,-69.47787375405237,-69.47787375405237
689.0000193119049,-69.4796153984966,-69.4796153984966
689.0100193119049,-69.48135446539047,-69.48135446539047
689.0200193119049,-69.48309107331717,-69.48309107331717
689.0300193119049,-69.48482540958678,-69.48482540958678
689.0400193119049,-69.48655769931474,-69.48655769931474
689.0500193119049,-69.488288186823,-69.488288186823
689.0600193119049,-69.49001712455696,-69.49001712455696
689.070019311905,-69.49174476659837,-69.49174476659837
689.080019311905,-69.49347136493155,-69.49347136493155
689.0900193119049,-69.49519716739049,-69.49519716739049
689.1000193119049,-69.49692241668896,-69.49692241668896
689.1100193119049,-69.49864735001675,-69.49864735001675
689.1200193119049,-69.5003721989992,-69.5003721989992
689.1300193119049,-69.50209718986959,-69.50209718986959
689.1400193119049,-69.50382254371645,-69.50382254371645
689.1500193119049,-69.5055484768079,-69.5055484768079
689.1600193119049,-69.50727520087807,-69.50727520087807
689.1700193119049,-69.50900292344006,-69.50900292344006
689.1800193119049,-69.51073184804977,-69.51073184804977
689.190019311905,-69.5124621745822,-69.5124621745822
689.200019311905,-69.51419409941295,-69.51419409941295
689.210019311905,-69.51592781563255,-69.51592781563255
689.2200193119049,-69.51766351320161,-69.51766351320161
689.2300193119049,-69.51940137910941,-69.51940137910941
689.2400193119049,-69.5211415974819,-69.5211415974819
689.2500193119049,-69.52288434971125,-69.52288434971125
689.2600193119049,-69.52462981451299,-69.52462981451299
689.2700193119049,-69.52637816803576,-69.52637816803576
689.2800193119049,-69.52812958389431,-69.52812958389431
689.2900193119049,-69.52988423324612,-69.52988423324612
689.3000193119049,-69.5316422848493,-69.5316422848493
689.3100193119049,-69.53340390506828,-69.53340390506828
689.320019311905,-69.53516925793429,-69.53516925793429
689.330019311905,-69.536938505186,-69.536938505186
689.3400193119049,-69.53871180625481,-69.53871180625481
689.3500193357468,-69.54048932254938,-69.54048932254938
689.3600193357468,-69.54227120056098,-69.54227120056098
689.3700193357467,-69.54405759722606,-69.54405759722606
689.3800193357467,-69.54584866304812,-69.54584866304812
689.3900193357467,-69.54764454633911,-69.54764454633911
689.4000193357467,-69.54944539323385,-69.54944539323385
689.4100193357467,-69.55125134769142,-69.55125134769142
689.4200193357468,-69.5530625515108,-69.5530625515108
689.4300193357468,-69.55487914436549,-69.55487914436549
689.4400193357468,-69.55670126376229,-69.55670126376229
689.4500193357468,-69.55852904511279,-69.55852904511279
689.4600193357468,-69.56036262168449,-69.56036262168449
689.4700193357468,-69.5622021246717,-69.5622021246717
689.4800193357468,-69.5640476831609,-69.5640476831609
689.4900193357468,-69.5658994241538,-69.5658994241538
689.5000193357467,-69.56775747258116,-69.56775747258116
689.5100193357467,-69.56962195131754,-69.56962195131754
689.5200193357467,-69.57149298118904,-69.57149298118904
689.5300193357467,-69.57337068097925,-69.57337068097925
689.5400193357468,-69.57525516745886,-69.57525516745886
689.5500193357468,-69.57714655537956,-69.57714655537956
689.5600193357468,-69.57904495749185,-69.57904495749185
689.5700193357468,-69.58095048456443,-69.58095048456443
689.5800193357468,-69.5828632453844,-69.5828632453844
689.5900193357468,-69.58478334679788,-69.58478334679788
689.6000193357468,-69.58671089368308,-69.58671089368308
689.6100193357468,-69.58864598900279,-69.58864598900279
689.6200193357467,-69.59058873380003,-69.59058873380003
689.6300193357467,-69.59253922721945,-69.59253922721945
689.6400193357467,-69.5944975665107,-69.5944975665107
689.6500193357467,-69.596463847064,-69.596463847064
689.6600193357467,-69.59843816240601,-69.59843816240601
689.6700193357468,-69.60042060422728,-69.60042060422728
689.6800193357468,-69.60241126239991,-69.60241126239991
689.6900193357468,-69.60441022498152,-69.60441022498152
689.7000193357468,-69.60641757824008,-69.60641757824008
689.7100193357468,-69.60843340667938,-69.60843340667938
689.7200193357468,-69.61045779303305,-69.61045779303305
689.7300193357468,-69.61249081830718,-69.61249081830718
689.7400193357468,-69.61453256177282,-69.61453256177282
689.7500193357467,-69.61658310100994,-69.61658310100994
689.7600193357467,-69.61864251190376,-69.61864251190376
689.7700193357467,-69.62071086866288,-69.62071086866288
689.7800193357467,-69.62278824385152,-69.62278824385152
689.7900193357468,-69.62487470838802,-69.62487470838802
689.8000193357468,-69.62697033158604,-69.62697033158604
689.8100193357468,-69.62907518115514,-69.62907518115514
689.8200193357468,-69.63118932321312,-69.63118932321312
689.8300193357468,-69.63331282232038,-69.63331282232038
689.8400193357468,-69.63544574148871,-69.63544574148871
689.8500193357468,-69.63758814220627,-69.63758814220627
689.8600193357468,-69.63974008444357,-69.63974008444357
689.8700193357467,-69.641901626669,-69.641901626669
689.8800193357467,-69.64407282589362,-69.64407282589362
689.8900193357467,-69.64625373765585,-69.64625373765585
689.9000193357467,-69.64844441605216,-69.64844441605216
689.9100193357467,-69.65064491377414,-69.65064491377414
689.9200193357468,-69.65285528207774,-69.65285528207774
689.9300193357468,-69.65507557086335,-69.65507557086335
689.9400193357468,-69.65730582863762,-69.65730582863762
689.9500193357468,-69.65954610256361,-69.65954610256361
689.9600193357468,-69.66179643846282,-69.66179643846282
689.9700193357468,-69.66405688083965,-69.66405688083965
689.9800193357468,-69.66632747289985,-69.66632747289985
689.9900193357468,-69.66860825655921,-69.66860825655921
690.0000193357467,-69.67089927247,-69.67089927247
690.0100193357467,-69.6732005600263,-69.6732005600263
690.0200193357467,-69.67551215739782,-69.67551215739782
690.0300193357467,-69.67783410153234,-69.67783410153234
690.0400193357468,-69.68016642816718,-69.68016642816718
690.0500193357468,-69.6825091718722,-69.6825091718722
690.0600193357468,-69.68486236602699,-69.68486236602699
690.0700193357468,-69.68722604287306,-69.68722604287306
690.0800193357468,-69.68960023351485,-69.68960023351485
690.0900193357468,-69.69198496792721,-69.69198496792721
690.1000193357468,-69.69438027499037,-69.69438027499037
690.1100193357468,-69.6967861824804,-69.6967861824804
690.1200193357467,-69.69920271711528,-69.69920271711528
690.1300193357467,-69.70162990453947,-69.70162990453947
690.1400193357467,-69.7040677693663,-69.7040677693663
690.1500193357467,-69.70651633516427,-69.70651633516427
690.1600193357467,-69.70897562450706,-69.70897562450706
690.1700193357468,-69.71144565894573,-69.71144565894573
690.1800193357468,-69.71392645907338,-69.71392645907338
690.1900193357468,-69.71641804449,-69.71641804449
690.2000193595886,-69.7189204398175,-69.7189204398175
690.2100193595886,-69.72142757306571,-69.72142757306571
690.2200193595886,-69.7239368064662,-69.7239368064662
690.2300193595886,-69.72644686275865,-69.72644686275865
690.2400193595886,-69.72895709753635,-69.72895709753635
690.2500193595886,-69.73146721891305,-69.73146721891305
690.2600193595886,-69.73397714178073,-69.73397714178073
690.2700193595887,-69.73648690220453,-69.73648690220453
690.2800193595887,-69.73899660598381,-69.73899660598381
690.2900193595887,-69.74150639763647,-69.74150639763647
690.3000193595886,-69.74401644184505,-69.74401644184505
690.3100193595886,-69.7465269123306,-69.7465269123306
690.3200193595886,-69.74903798537149,-69.74903798537149
690.3300193595886,-69.75154983605509,-69.75154983605509
690.3400193595886,-69.75406263626721,-69.75406263626721
690.3500193595886,-69.75657655368511,-69.75657655368511
690.3600193595886,-69.75909175139239,-69.75909175139239
690.3700193595886,-69.76160838781087,-69.76160838781087
690.3800193595886,-69.76412661690048,-69.76412661690048
690.3900193595887,-69.76664658839971,-69.76664658839971
690.4000193595887,-69.76916844812177,-69.76916844812177
690.4100193595887,-69.77169233827858,-69.77169233827858
690.4200193595887,-69.77421839775445,-69.77421839775445
690.4300193595886,-69.77674676239457,-69.77674676239457
690.4400193595886,-69.77927756522409,-69.77927756522409
690.4500193595886,-69.78181093669843,-69.78181093669843
690.4600193595886,-69.78434700486896,-69.78434700486896
690.4700193595886,-69.78688589554596,-69.78688589554596
690.4800193595886,-69.78942773243203,-69.78942773243203
690.4900193595886,-69.79197263726748,-69.79197263726748
690.5000193595886,-69.79452072990644,-69.79452072990644
690.5100193595886,-69.79707212839874,-69.79707212839874
690.5200193595887,-69.79962694907945,-69.79962694907945
690.5300193595887,-69.802185306626,-69.802185306626
690.5400193595887,-69.80474731408047,-69.80474731408047
690.5500193595886,-69.80731308292512,-69.80731308292512
690.5600193595886,-69.8098827231036,-69.8098827231036
690.5700193595886,-69.81245634305435,-69.81245634305435
690.5800193595886,-69.81503404971879,-69.81503404971879
690.5900193595886,-69.81761594857129,-69.81761594857129
690.6000193595886,-69.82020214364131,-69.82020214364131
690.6100193595886,-69.82279273752,-69.82279273752
690.6200193595886,-69.82538783136457,-69.82538783136457
690.6300193595886,-69.82798752490842,-69.82798752490842
690.6400193595887,-69.83059191648047,-69.83059191648047
690.6500193595887,-69.83320110301041,-69.83320110301041
690.6600193595887,-69.83581518001205,-69.83581518001205
690.6700193595887,-69.83843424160987,-69.83843424160987
690.6800193595886,-69.84105838052727,-69.84105838052727
690.6900193595886,-69.84368768811245,-69.84368768811245
690.7000193595886,-69.84632225431277,-69.84632225431277
690.7100193595886,-69.84896216770174,-69.84896216770174
690.7200193595886,-69.85160751546152,-69.85160751546152
690.7300193595886,-69.85425838341135,-69.85425838341135
690.7400193595886,-69.85691485597806,-69.85691485597806
690.7500193595886,-69.85957701624292,-69.85957701624292
690.7600193595886,-69.86224494589382,-69.86224494589382
690.7700193595887,-69.86491872527465,-69.86491872527465
690.7800193595887,-69.86759843336365,-69.86759843336365
690.7900193595887,-69.87028414777902,-69.87028414777902
690.8000193595886,-69.87297594480607,-69.87297594480607
690.8100193595886,-69.87567389935921,-69.87567389935921
690.8200193595886,-69.87837808504464,-69.87837808504464
690.8300193595886,-69.88108857410478,-69.88108857410478
690.8400193595886,-69.88380543748451,-69.88380543748451
690.8500193595886,-69.88652874478386,-69.88652874478386
690.8600193595886,-69.88925856430063,-69.88925856430063
690.8700193595886,-69.89199496302734,-69.89199496302734
690.8800193595886,-69.89473800664847,-69.89473800664847
690.8900193595887,-69.89748775955904,-69.89748775955904
690.9000193595887,-69.90024428488334,-69.90024428488334
690.9100193595887,-69.90300764445533,-69.90300764445533
690.9200193595887,-69.90577789884173,-69.90577789884173
690.9300193595886,-69.908555107358,-69.908555107358
690.9400193595886,-69.91133932806925,-69.91133932806925
690.9500193595886,-69.91413061779534,-69.91413061779534
690.9600193595886,-69.91692903212927,-69.91692903212927
690.9700193595886,-69.91973462544868,-69.91973462544868
690.9800193595886,-69.92254745091245,-69.92254745091245
690.9900193595886,-69.92536756047701,-69.92536756047701
691.0000193595886,-69.92819500491905,-69.92819500491905
691.0100193595886,-69.93102983381425,-69.93102983381425
691.0200193595887,-69.93387209559337,-69.93387209559337
691.0300193595887,-69.9367218375214,-69.9367218375214
691.0400193595887,-69.93957910569617,-69.93957910569617
691.0500193834305,-69.94244395192825,-69.94244395192825
691.0600193834305,-69.94531640644163,-69.94531640644163
691.0700193834305,-69.94819651875608,-69.94819651875608
691.0800193834305,-69.95108433050855,-69.95108433050855
691.0900193834304,-69.95397988224248,-69.95397988224248
691.1000193834304,-69.95688321340057,-69.95688321340057
691.1100193834304,-69.95979436237894,-69.95979436237894
691.1200193834305,-69.96271336650277,-69.96271336650277
691.1300193834305,-69.96564026205554,-69.96564026205554
691.1400193834305,-69.96857508427823,-69.96857508427823
691.1500193834305,-69.97151786739946,-69.97151786739946
691.1600193834305,-69.97446864462661,-69.97446864462661
691.1700193834305,-69.97742744816873,-69.97742744816873
691.1800193834305,-69.98039430924301,-69.98039430924301
691.1900193834305,-69.98336925810045,-69.98336925810045
691.2000193834305,-69.98635232401506,-69.98635232401506
691.2100193834304,-69.98933743395007,-69.98933743395007
691.2200193834304,-69.99232194402137,-69.99232194402137
691.2300193834304,-69.99530458162505,-69.99530458162505
691.2400193834305,-69.99828470905884,-69.99828470905884
691.2500193834305,-70.00126204223118,-70.00126204223118
691.2600193834305,-70.00423650442023,-70.00423650442023
691.2700193834305,-70.00720814043864,-70.00720814043864
691.2800193834305,-70.01017706506568,-70.01017706506568
691.2900193834305,-70.01314343195823,-70.01314343195823
691.3000193834305,-70.0161074150411,-70.0161074150411
691.3100193834305,-70.01906919737134,-70.01906919737134
691.3200193834305,-70.02202896462097,-70.02202896462097
691.3300193834305,-70.02498690135663,-70.02498690135663
691.3400193834304,-70.02794318897675,-70.02794318897675
691.3500193834304,-70.03089800471871,-70.03089800471871
691.3600193834304,-70.03385152127419,-70.03385152127419
691.3700193834305,-70.03680390669864,-70.03680390669864
691.3800193834305,-70.03975532464051,-70.03975532464051
691.3900193834305,-70.04270593451768,-70.04270593451768
691.4000193834305,-70.0456558918644,-70.0456558918644
691.4100193834305,-70.04860534862019,-70.04860534862019
691.4200193834305,-70.05155445341293,-70.05155445341293
691.4300193834305,-70.05450335183977,-70.05450335183977
691.4400193834305,-70.05745218669117,-70.05745218669117
691.4500193834305,-70.06040109817337,-70.06040109817337
691.4600193834304,-70.06335022410893,-70.06335022410893
691.4700193834304,-70.06629970004836,-70.06629970004836
691.4800193834304,-70.06924965945828,-70.06924965945828
691.4900193834305,-70.07220023380893,-70.07220023380893
691.5000193834305,-70.07515155268523,-70.07515155268523
691.5100193834305,-70.07810374385448,-70.07810374385448
691.5200193834305,-70.08105693335165,-70.08105693335165
691.5300193834305,-70.08401124552228,-70.08401124552228
691.5400193834305,-70.08696680308408,-70.08696680308408
691.5500193834305,-70.08992372715778,-70.08992372715778
691.5600193834305,-70.09288213730927,-70.09288213730927
691.5700193834305,-70.09584215156339,-70.09584215156339
691.5800193834305,-70.09880388643515,-70.09880388643515
691.5900193834304,-70.101767456947,-70.101767456947
691.6000193834304,-70.1047329766455,-70.1047329766455
691.6100193834304,-70.10770055760452,-70.10770055760452
691.6200193834305,-70.11067031044176,-70.11067031044176
691.6300193834305,-70.11364234433336,-70.11364234433336
691.6400193834305,-70.1166167670093,-70.1166167670093
691.6500193834305,-70.11959368474872,-70.11959368474872
691.6600193834305,-70.12257320241224,-70.12257320241224
691.6700193834305,-70.12555542341612,-70.12555542341612
691.6800193834305,-70.12854044976763,-70.12854044976763
691.6900193834305,-70.13152838204647,-70.13152838204647
691.7000193834305,-70.13451931939802,-70.13451931939802
691.7100193834304,-70.1375133595613,-70.1375133595613
691.7200193834304,-70.14051059885024,-70.14051059885024
691.7300193834304,-70.1435111321793,-70.1435111321793
691.7400193834305,-70.1465150530388,-70.1465150530388
691.7500193834305,-70.1495224535224,-70.1495224535224
691.7600193834305,-70.1525334243125,-70.1525334243125
691.7700193834305,-70.15554805469662,-70.15554805469662
691.7800193834305,-70.15856643256534,-70.15856643256534
691.7900193834305,-70.16158864441651,-70.16158864441651
691.8000193834305,-70.16461477535958,-70.16461477535958
691.8100193834305,-70.16764490911615,-70.16764490911615
691.8200193834305,-70.17067912804528,-70.17067912804528
691.8300193834305,-70.17371751313259,-70.17371751313259
691.8400193834304,-70.17676014397934,-70.17676014397934
691.8500193834304,-70.17980709885929,-70.17980709885929
691.8600193834304,-70.18285845466447,-70.18285845466447
691.8700193834305,-70.18591428695703,-70.18591428695703
691.8800193834305,-70.18897466996397,-70.18897466996397
691.8900193834305,-70.19203967656405,-70.19203967656405
691.9000194072723,-70.1951093856476,-70.1951093856476
691.9100194072723,-70.1981838528613,-70.1981838528613
691.9200194072723,-70.20126315444682,-70.20126315444682
691.9300194072723,-70.20434735805723,-70.20434735805723
691.9400194072723,-70.2074365300661,-70.2074365300661
691.9500194072723,-70.21053073554691,-70.21053073554691
691.9600194072723,-70.21363003832622,-70.21363003832622
691.9700194072724,-70.21673450096343,-70.21673450096343
691.9800194072724,-70.21984418477946,-70.21984418477946
691.9900194072724,-70.22295914982809,-70.22295914982809
692.0000194072724,-70.22607945496087,-70.22607945496087
692.0100194072724,-70.22920515780737,-70.22920515780737
692.0200194072723,-70.23233631478296,-70.23233631478296
692.0300194072723,-70.23547298111136,-70.23547298111136
692.0400194072723,-70.23861521082495,-70.23861521082495
692.0500194072723,-70.24176305679165,-70.24176305679165
692.0600194072723,-70.24491657070377,-70.24491657070377
692.0700194072723,-70.24807580311314,-70.24807580311314
692.0800194072723,-70.2512408034229,-70.2512408034229
692.0900194072724,-70.25441161991081,-70.25441161991081
692.1000194072724,-70.25758829974023,-70.25758829974023
692.1100194072724,-70.26077088896358,-70.26077088896358
692.1200194072724,-70.26395943253937,-70.26395943253937
692.1300194072724,-70.2671539743398,-70.2671539743398
692.1400194072723,-70.27035455718065,-70.27035455718065
692.1500194072723,-70.27356122279996,-70.27356122279996
692.1600194072723,-70.27677401190059,-70.27677401190059
692.1700194072723,-70.27999296414755,-70.27999296414755
692.1800194072723,-70.2832181181817,-70.2832181181817
692.1900194072723,-70.28644951163496,-70.28644951163496
692.2000194072723,-70.28968718112898,-70.28968718112898
692.2100194072723,-70.29293116231307,-70.29293116231307
692.2200194072724,-70.29618148983523,-70.29618148983523
692.2300194072724,-70.29943819741511,-70.29943819741511
692.2400194072724,-70.30270131779338,-70.30270131779338
692.2500194072724,-70.30597088277085,-70.30597088277085
692.2600194072724,-70.30924692322625,-70.30924692322625
692.2700194072723,-70.31252946911803,-70.31252946911803
692.2800194072723,-70.31581854949249,-70.31581854949249
692.2900194072723,-70.31911419251732,-70.31911419251732
692.3000194072723,-70.32241642546556,-70.32241642546556
692.3100194072723,-70.32572527473248,-70.32572527473248
692.3200194072723,-70.3290407658659,-70.3290407658659
692.3300194072723,-70.33236292355576,-70.33236292355576
692.3400194072724,-70.33569177165336,-70.33569177165336
692.3500194072724,-70.33902733319631,-70.33902733319631
692.3600194072724,-70.34236963039038,-70.34236963039038
692.3700194072724,-70.34571868464917,-70.34571868464917
692.3800194072724,-70.34907451658378,-70.34907451658378
692.3900194072723,-70.35243714602582,-70.35243714602582
692.4000194072723,-70.3558065920326,-70.3558065920326
692.4100194072723,-70.35918287290865,-70.35918287290865
692.4200194072723,-70.36256600619889,-70.36256600619889
692.4300194072723,-70.36595600871193,-70.36595600871193
692.4400194072723,-70.36935289652322,-70.36935289652322
692.4500194072723,-70.37275668499647,-70.37275668499647
692.4600194072723,-70.37616738877472,-70.37616738877472
692.4700194072724,-70.379585021811,-70.379585021811
692.4800194072724,-70.38300959736819,-70.38300959736819
692.4900194072724,-70.38644112803043,-70.38644112803043
692.5000194072724,-70.38987962571227,-70.38987962571227
692.5100194072724,-70.39332510166928,-70.39332510166928
692.5200194072723,-70.39677756649735,-70.39677756649735
692.5300194072723,-70.40023703017432,-70.40023703017432
692.5400194072723,-70.40370350202443,-70.40370350202443
692.5500194072723,-70.40717699076968,-70.40717699076968
692.5600194072723,-70.41065750451041,-70.41065750451041
692.5700194072723,-70.41414505074326,-70.41414505074326
692.5800194072723,-70.41763963638361,-70.41763963638361
692.5900194072724,-70.42114126774075,-70.42114126774075
692.6000194072724,-70.42464995056918,-70.42464995056918
692.6100194072724,-70.4281656900508,-70.4281656900508
692.6200194072724,-70.43168849080521,-70.43168849080521
692.6300194072724,-70.4352183569056,-70.4352183569056
692.6400194072723,-70.43875529188325,-70.43875529188325
692.6500194072723,-70.44229929873802,-70.44229929873802
692.6600194072723,-70.44585037994527,-70.44585037994527
692.6700194072723,-70.44940853746104,-70.44940853746104
692.6800194072723,-70.45297377274021,-70.45297377274021
692.6900194072723,-70.45654608674512,-70.45654608674512
692.7000194072723,-70.46012547992166,-70.46012547992166
692.7100194072723,-70.4637058083729,-70.4637058083729
692.7200194072724,-70.46728438060276,-70.46728438060276
692.7300194072724,-70.47085988573198,-70.47085988573198
692.7400194072724,-70.47443165215438,-70.47443165215438
692.7500194311142,-70.47799937297242,-70.47799937297242
692.7600194311142,-70.48156292484981,-70.48156292484981
692.7700194311142,-70.48512233270652,-70.48512233270652
692.7800194311142,-70.48867768384723,-70.48867768384723
692.7900194311142,-70.49222910525692,-70.49222910525692
692.8000194311142,-70.49577674483601,-70.49577674483601
692.8100194311141,-70.49932076025857,-70.49932076025857
692.8200194311142,-70.50286131240176,-70.50286131240176
692.8300194311142,-70.50639856159867,-70.50639856159867
692.8400194311142,-70.50993266555042,-70.50993266555042
692.8500194311142,-70.51346377834003,-70.51346377834003
692.8600194311142,-70.51699204998235,-70.51699204998235
692.8700194311142,-70.52051762640939,-70.52051762640939
692.8800194311142,-70.52404064959697,-70.52404064959697
692.8900194311142,-70.52756125780324,-70.52756125780324
692.9000194311142,-70.53107958585562,-70.53107958585562
692.9100194311142,-70.53459576547259,-70.53459576547259
692.9200194311142,-70.53810992550461,-70.53810992550461
692.9300194311141,-70.54162219222394,-70.54162219222394
692.9400194311143,-70.54513268954108,-70.54513268954108
692.9500194311142,-70.54864153922041,-70.54864153922041
692.9600194311142,-70.55214886104073,-70.55214886104073
692.9700194311142,-70.55565477296454,-70.55565477296454
692.9800194311142,-70.55915939124696,-70.55915939124696
692.9900194311142,-70.56266283057018,-70.56266283057018
693.0000194311142,-70.56616520411612,-70.56616520411612
693.0100194311142,-70.56966662365419,-70.56966662365419
693.0200194311142,-70.57316719957554,-70.57316719957554
693.0300194311142,-70.5766670409898,-70.5766670409898
693.0400194311142,-70.58016625572668,-70.58016625572668
693.0500194311142,-70.58366495039293,-70.58366495039293
693.0600194311141,-70.58716323039438,-70.58716323039438
693.0700194311142,-70.59066119994534,-70.59066119994534
693.0800194311142,-70.59415896210649,-70.59415896210649
693.0900194311142,-70.59765661878126,-70.59765661878126
693.1000194311142,-70.60115427071771,-70.60115427071771
693.1100194311142,-70.60465201754008,-70.60465201754008
693.1200194311142,-70.60814995772887,-70.60814995772887
693.1300194311142,-70.61164818863051,-70.61164818863051
693.1400194311142,-70.61514680647733,-70.61514680647733
693.1500194311142,-70.61864590636074,-70.61864590636074
693.1600194311142,-70.62214558224353,-70.62214558224353
693.1700194311142,-70.6256459269515,-70.6256459269515
693.1800194311141,-70.62914703217828,-70.62914703217828
693.1900194311143,-70.63264898848917,-70.63264898848917
693.2000194311142,-70.63615188531762,-70.63615188531762
693.2100194311142,-70.63965581093294,-70.63965581093294
693.2200194311142,-70.64316085247475,-70.64316085247475
693.2300194311142,-70.64666709595048,-70.64666709595048
693.2400194311142,-70.65017462621402,-70.65017462621402
693.2500194311142,-70.65368352696933,-70.65368352696933
693.2600194311142,-70.65719388077267,-70.65719388077267
693.2700194311142,-70.66070576903867,-70.66070576903867
693.2800194311142,-70.66421927203221,-70.66421927203221
693.2900194311142,-70.66773446887228,-70.66773446887228
693.3000194311142,-70.67125143751491,-70.67125143751491
693.3100194311141,-70.6747702548029,-70.6747702548029
693.3200194311142,-70.67829099639697,-70.67829099639697
693.3300194311142,-70.6818137368416,-70.6818137368416
693.3400194311142,-70.68533854952615,-70.68533854952615
693.3500194311142,-70.68886550671029,-70.68886550671029
693.3600194311142,-70.69239467950953,-70.69239467950953
693.3700194311142,-70.69592613791546,-70.69592613791546
693.3800194311142,-70.69945995077775,-70.69945995077775
693.3900194311142,-70.70299618584535,-70.70299618584535
693.4000194311142,-70.70653490971917,-70.70653490971917
693.4100194311142,-70.71007618790954,-70.71007618790954
693.4200194311142,-70.7136200848002,-70.7136200848002
693.4300194311141,-70.71716666367624,-70.71716666367624
693.4400194311143,-70.72071598672822,-70.72071598672822
693.4500194311142,-70.72426811505085,-70.72426811505085
693.4600194311142,-70.7278169417709,-70.7278169417709
693.4700194311142,-70.731359824623,-70.731359824623
693.4800194311142,-70.73489550633498,-70.73489550633498
693.4900194311142,-70.73842337056523,-70.73842337056523
693.5000194311142,-70.74194315778543,-70.74194315778543
693.5100194311142,-70.74545481766206,-70.74545481766206
693.5200194311142,-70.74895842243458,-70.74895842243458
693.5300194311142,-70.7524541149191,-70.7524541149191
693.5400194311142,-70.75594207718744,-70.75594207718744
693.5500194311142,-70.75942251175344,-70.75942251175344
693.5600194311141,-70.76289563040505,-70.76289563040505
693.5700194311142,-70.7663616476023,-70.7663616476023
693.5800194311142,-70.76982077671983,-70.76982077671983
693.5900194311142,-70.77327322797193,-70.77327322797193
693.600019454956,-70.77671921557791,-70.77671921557791
693.610019454956,-70.78015892455485,-70.78015892455485
693.620019454956,-70.78359255990344,-70.78359255990344
693.630019454956,-70.78702031388723,-70.78702031388723
693.640019454956,-70.79044237452439,-70.79044237452439
693.650019454956,-70.79385892585007,-70.79385892585007
693.660019454956,-70.79727014821928,-70.79727014821928
693.6700194549561,-70.80067621858878,-70.80067621858878
693.6800194549561,-70.8040773107992,-70.8040773107992
693.6900194549561,-70.80747359576287,-70.80747359576287
693.7000194549561,-70.81086524172159,-70.81086524172159
693.7100194549561,-70.8142524143837,-70.8142524143837
693.7200194549561,-70.81763527711024,-70.81763527711024
693.730019454956,-70.82101399102075,-70.82101399102075
693.740019454956,-70.82438871512396,-70.82438871512396
693.750019454956,-70.8277596064083,-70.8277596064083
693.760019454956,-70.83112681991192,-70.83112681991192
693.770019454956,-70.83449050878954,-70.83449050878954
693.780019454956,-70.83785082438804,-70.83785082438804
693.7900194549561,-70.84120791626133,-70.84120791626133
693.8000194549561,-70.84456193223302,-70.84456193223302
693.8100194549561,-70.8479130184086,-70.8479130184086
693.8200194549561,-70.85126131920846,-70.85126131920846
693.8300194549561,-70.85460697739215,-70.85460697739215
693.8400194549561,-70.8579501340671,-70.8579501340671
693.850019454956,-70.86129092871091,-70.86129092871091
693.860019454956,-70.86462949916728,-70.86462949916728
693.870019454956,-70.86796598166843,-70.86796598166843
693.880019454956,-70.87130051083786,-70.87130051083786
693.890019454956,-70.87463321969142,-70.87463321969142
693.900019454956,-70.87796423964603,-70.87796423964603
693.910019454956,-70.88129370052522,-70.88129370052522
693.9200194549561,-70.88462173055463,-70.88462173055463
693.9300194549561,-70.8879484563843,-70.8879484563843
693.9400194549561,-70.89127400305928,-70.89127400305928
693.9500194549561,-70.89459849404204,-70.89459849404204
693.9600194549561,-70.89791587013475,-70.89791587013475
693.9700194549561,-70.90122354457802,-70.90122354457802
693.980019454956,-70.90452031836745,-70.90452031836745
693.990019454956,-70.90780563435646,-70.90780563435646
694.000019454956,-70.91107929249264,-70.91107929249264
694.010019454956,-70.91434130185407,-70.91434130185407
694.020019454956,-70.91759179386545,-70.91759179386545
694.030019454956,-70.92083097014482,-70.92083097014482
694.0400194549561,-70.9240590711205,-70.9240590711205
694.0500194549561,-70.927276357219,-70.927276357219
694.0600194549561,-70.93048309761379,-70.93048309761379
694.0700194549561,-70.93367956364251,-70.93367956364251
694.0800194549561,-70.93686602500739,-70.93686602500739
694.0900194549561,-70.94004274774281,-70.94004274774281
694.100019454956,-70.94320999312869,-70.94320999312869
694.110019454956,-70.94636801731862,-70.94636801731862
694.120019454956,-70.94951707126447,-70.94951707126447
694.130019454956,-70.95265740086268,-70.95265740086268
694.140019454956,-70.95578924719318,-70.95578924719318
694.150019454956,-70.95891284680786,-70.95891284680786
694.160019454956,-70.96202843202796,-70.96202843202796
694.1700194549561,-70.9651362312295,-70.9651362312295
694.1800194549561,-70.96823646910474,-70.96823646910474
694.1900194549561,-70.97132936687478,-70.97132936687478
694.2000194549561,-70.9744151425229,-70.9744151425229
694.2100194549561,-70.97749401096073,-70.97749401096073
694.2200194549561,-70.98056618418902,-70.98056618418902
694.230019454956,-70.98363187143381,-70.98363187143381
694.240019454956,-70.98669127924056,-70.98669127924056
694.250019454956,-70.98974461158988,-70.98974461158988
694.260019454956,-70.99279206996735,-70.99279206996735
694.270019454956,-70.99583385344323,-70.99583385344323
694.280019454956,-70.99887015871434,-70.99887015871434
694.2900194549561,-71.00190118014775,-71.00190118014775
694.3000194549561,-71.00492710985421,-71.00492710985421
694.3100194549561,-71.00794813767027,-71.00794813767027
694.3200194549561,-71.01096445123363,-71.01096445123363
694.3300194549561,-71.01397623597022,-71.01397623597022
694.3400194549561,-71.01698367513536,-71.01698367513536
694.350019454956,-71.0199869498217,-71.0199869498217
694.360019454956,-71.02298623897993,-71.02298623897993
694.370019454956,-71.02598171941224,-71.02598171941224
694.380019454956,-71.02897356580334,-71.02897356580334
694.390019454956,-71.03196195072128,-71.03196195072128
694.400019454956,-71.03494704462156,-71.03494704462156
694.410019454956,-71.03792901586401,-71.03792901586401
694.4200194549561,-71.0409080306965,-71.0409080306965
694.4300194549561,-71.0438842533077,-71.0438842533077
694.4400194549561,-71.04685784578406,-71.04685784578406
694.4500194787979,-71.0498289752175,-71.0498289752175
694.4600194787979,-71.05279778540137,-71.05279778540137
694.4700194787979,-71.05576443928774,-71.05576443928774
694.4800194787979,-71.05872909072276,-71.05872909072276
694.4900194787979,-71.06169189148791,-71.06169189148791
694.5000194787979,-71.06465299132239,-71.06465299132239
694.5100194787979,-71.0676125379352,-71.0676125379352
694.520019478798,-71.07057067701214,-71.07057067701214
694.530019478798,-71.07352755223181,-71.07352755223181
694.540019478798,-71.07648330526266,-71.07648330526266
694.5500194787979,-71.07943807576697,-71.07943807576697
694.5600194787979,-71.08239200142596,-71.08239200142596
694.5700194787979,-71.0853452179458,-71.0853452179458
694.5800194787979,-71.08829785906843,-71.08829785906843
694.5900194787979,-71.0912500565776,-71.0912500565776
694.6000194787979,-71.0942019403222,-71.0942019403222
694.6100194787979,-71.09715363820916,-71.09715363820916
694.6200194787979,-71.1001052762317,-71.1001052762317
694.6300194787979,-71.10305697847552,-71.10305697847552
694.640019478798,-71.106008867133,-71.106008867133
694.650019478798,-71.10896106252652,-71.10896106252652
694.660019478798,-71.11191368310892,-71.11191368310892
694.6700194787979,-71.11486684546092,-71.11486684546092
694.6800194787979,-71.11782066434746,-71.11782066434746
694.6900194787979,-71.12077525270513,-71.12077525270513
694.7000194787979,-71.1237307216604,-71.1237307216604
694.7100194787979,-71.12668718054303,-71.12668718054303
694.7200194787979,-71.12964473690717,-71.12964473690717
694.7300194787979,-71.13260349654168,-71.13260349654168
694.7400194787979,-71.13556356348585,-71.13556356348585
694.7500194787979,-71.13852504005075,-71.13852504005075
694.7600194787979,-71.14148802683243,-71.14148802683243
694.770019478798,-71.14445262271585,-71.14445262271585
694.780019478798,-71.1474189249274,-71.1474189249274
694.790019478798,-71.15038702900283,-71.15038702900283
694.8000194787979,-71.15335702882525,-71.15335702882525
694.8100194787979,-71.15632901665388,-71.15632901665388
694.8200194787979,-71.15930308312714,-71.15930308312714
694.8300194787979,-71.16227931728459,-71.16227931728459
694.8400194787979,-71.16525780656818,-71.16525780656818
694.8500194787979,-71.16823863685894,-71.16823863685894
694.8600194787979,-71.17122189249423,-71.17122189249423
694.8700194787979,-71.17420765626892,-71.17420765626892
694.8800194787979,-71.17719600945681,-71.17719600945681
694.890019478798,-71.18018703182679,-71.18018703182679
694.900019478798,-71.18318080167775,-71.18318080167775
694.910019478798,-71.18617739583468,-71.18617739583468
694.9200194787979,-71.18917688966657,-71.18917688966657
694.9300194787979,-71.1921793571172,-71.1921793571172
694.9400194787979,-71.19518487070377,-71.19518487070377
694.9500194787979,-71.19819350153718,-71.19819350153718
694.9600194787979,-71.20120531935969,-71.20120531935969
694.9700194787979,-71.20422039254015,-71.20422039254015
694.9800194787979,-71.20723878809059,-71.20723878809059
694.9900194787979,-71.21026057168784,-71.21026057168784
695.0000194787979,-71.21328580770106,-71.21328580770106
695.0100194787979,-71.21631455918545,-71.21631455918545
695.020019478798,-71.21934688791184,-71.21934688791184
695.030019478798,-71.22238285437972,-71.22238285437972
695.040019478798,-71.22542251784137,-71.22542251784137
695.0500194787979,-71.22846593631228,-71.22846593631228
695.0600194787979,-71.23151316656879,-71.23151316656879
695.0700194787979,-71.23456426419344,-71.23456426419344
695.0800194787979,-71.23761928358097,-71.23761928358097
695.0900194787979,-71.24067827793829,-71.24067827793829
695.1000194787979,-71.24374129931222,-71.24374129931222
695.1100194787979,-71.24680839861286,-71.24680839861286
695.1200194787979,-71.24987962562273,-71.24987962562273
695.1300194787979,-71.25295502898948,-71.25295502898948
695.140019478798,-71.25603465627735,-71.25603465627735
695.150019478798,-71.25911855396433,-71.25911855396433
695.160019478798,-71.262206767453,-71.262206767453
695.1700194787979,-71.26529934108979,-71.26529934108979
695.1800194787979,-71.26839631817735,-71.26839631817735
695.1900194787979,-71.27149774099304,-71.27149774099304
695.2000194787979,-71.27460365079446,-71.27460365079446
695.2100194787979,-71.27771408784665,-71.27771408784665
695.2200194787979,-71.28082909142194,-71.28082909142194
695.2300194787979,-71.28394869982819,-71.28394869982819
695.2400194787979,-71.28707295040631,-71.28707295040631
695.2500194787979,-71.29020187954676,-71.29020187954676
695.2600194787979,-71.2933355227262,-71.2933355227262
695.270019478798,-71.29647391448506,-71.29647391448506
695.280019478798,-71.29961708846685,-71.29961708846685
695.290019478798,-71.30276507740976,-71.30276507740976
695.3000195026398,-71.30591792069293,-71.30591792069293
695.3100195026398,-71.30907563431643,-71.30907563431643
695.3200195026398,-71.31223825590762,-71.31223825590762
695.3300195026397,-71.31540581476018,-71.31540581476018
695.3400195026397,-71.31857833934619,-71.31857833934619
695.3500195026397,-71.32175585731052,-71.32175585731052
695.3600195026397,-71.32493839549547,-71.32493839549547
695.3700195026398,-71.32812597994015,-71.32812597994015
695.3800195026398,-71.33131863590931,-71.33131863590931
695.3900195026398,-71.33451638789079,-71.33451638789079
695.4000195026398,-71.33771925960586,-71.33771925960586
695.4100195026398,-71.3409272740295,-71.3409272740295
695.4200195026398,-71.34414045340147,-71.34414045340147
695.4300195026398,-71.34735881922464,-71.34735881922464
695.4400195026398,-71.35058239229615,-71.35058239229615
695.4500195026397,-71.3538111927002,-71.3538111927002
695.4600195026397,-71.35704523982004,-71.35704523982004
695.4700195026397,-71.36028455235802,-71.36028455235802
695.4800195026397,-71.3635291483434,-71.3635291483434
695.4900195026398,-71.36677904512666,-71.36677904512666
695.5000195026398,-71.370034259436,-71.370034259436
695.5100195026398,-71.37329480730993,-71.37329480730993
695.5200195026398,-71.3765607041913,-71.3765607041913
695.5300195026398,-71.37983196486573,-71.37983196486573
695.5400195026398,-71.38310860351821,-71.38310860351821
695.5500195026398,-71.38639063372392,-71.38639063372392
695.5600195026398,-71.38967806846216,-71.38967806846216
695.5700195026398,-71.3929709201178,-71.3929709201178
695.5800195026397,-71.39626920050048,-71.39626920050048
695.5900195026397,-71.39957292084404,-71.39957292084404
695.6000195026397,-71.40288209182783,-71.40288209182783
695.6100195026397,-71.40619672357215,-71.40619672357215
695.6200195026398,-71.40951682565363,-71.40951682565363
695.6300195026398,-71.41284240711295,-71.41284240711295
695.6400195026398,-71.41617347647383,-71.41617347647383
695.6500195026398,-71.41951004171838,-71.41951004171838
695.6600195026398,-71.42285211033037,-71.42285211033037
695.6700195026398,-71.42619968929492,-71.42619968929492
695.6800195026398,-71.42955278508514,-71.42955278508514
695.6900195026398,-71.43291140369537,-71.43291140369537
695.7000195026397,-71.43627555064673,-71.43627555064673
695.7100195026397,-71.43964523097269,-71.43964523097269
695.7200195026397,-71.44302044925621,-71.44302044925621
695.7300195026397,-71.44640120961333,-71.44640120961333
695.7400195026398,-71.44978751570389,-71.44978751570389
695.7500195026398,-71.4531793707671,-71.4531793707671
695.7600195026398,-71.45657677758899,-71.45657677758899
695.7700195026398,-71.4599797385146,-71.4599797385146
695.7800195026398,-71.46338825549223,-71.46338825549223
695.7900195026398,-71.46680233003629,-71.46680233003629
695.8000195026398,-71.47022196326698,-71.47022196326698
695.8100195026398,-71.4736471558867,-71.4736471558867
695.8200195026398,-71.47707790821077,-71.47707790821077
695.8300195026397,-71.48051422016621,-71.48051422016621
695.8400195026397,-71.48395609129098,-71.48395609129098
695.8500195026397,-71.48740352075225,-71.48740352075225
695.8600195026397,-71.49085650734217,-71.49085650734217
695.8700195026398,-71.49431504948431,-71.49431504948431
695.8800195026398,-71.49777914525991,-71.49777914525991
695.8900195026398,-71.5012487923866,-71.5012487923866
695.9000195026398,-71.5047239882329,-71.5047239882329
695.9100195026398,-71.50820472982313,-71.50820472982313
695.9200195026398,-71.51169101386316,-71.51169101386316
695.9300195026398,-71.5151828367067,-71.5151828367067
695.9400195026398,-71.5186801943992,-71.5186801943992
695.9500195026397,-71.52218308266352,-71.52218308266352
695.9600195026397,-71.52569149690324,-71.52569149690324
695.9700195026397,-71.52920543222066,-71.52920543222066
695.9800195026397,-71.53272488341405,-71.53272488341405
695.9900195026398,-71.53624984497024,-71.53624984497024
696.0000195026398,-71.53978031110789,-71.53978031110789
696.0100195026398,-71.543316275742,-71.543316275742
696.0200195026398,-71.54685773250911,-71.54685773250911
696.0300195026398,-71.5504046747593,-71.5504046747593
696.0400195026398,-71.55395709557278,-71.55395709557278
696.0500195026398,-71.55751498777221,-71.55751498777221
696.0600195026398,-71.56107834390599,-71.56107834390599
696.0700195026398,-71.56464715626055,-71.56464715626055
696.0800195026397,-71.56822141687277,-71.56822141687277
696.0900195026397,-71.57180111752403,-71.57180111752403
696.1000195026397,-71.57538624975973,-71.57538624975973
696.1100195026397,-71.57897680486779,-71.57897680486779
696.1200195026398,-71.58257277391806,-71.58257277391806
696.1300195026398,-71.58617414772945,-71.58617414772945
696.1400195026398,-71.58978091689505,-71.58978091689505
696.1500195264816,-71.59339308039357,-71.59339308039357
696.1600195264816,-71.59701061120117,-71.59701061120117
696.1700195264816,-71.6006335078063,-71.6006335078063
696.1800195264816,-71.60426175994,-71.60426175994
696.1900195264816,-71.6078953571168,-71.6078953571168
696.2000195264816,-71.61153428863933,-71.61153428863933
696.2100195264816,-71.61517854360393,-71.61517854360393
696.2200195264817,-71.6188281109203,-71.6188281109203
696.2300195264817,-71.62248297929858,-71.62248297929858
696.2400195264817,-71.62614313725807,-71.62614313725807
696.2500195264817,-71.62980857312829,-71.62980857312829
696.2600195264816,-71.63347927505426,-71.63347927505426
696.2700195264816,-71.63715523100751,-71.63715523100751
696.2800195264816,-71.64083642876537,-71.64083642876537
696.2900195264816,-71.64452285595316,-71.64452285595316
696.3000195264816,-71.64821450001881,-71.64821450001881
696.3100195264816,-71.65191134822885,-71.65191134822885
696.3200195264816,-71.6556133877011,-71.6556133877011
696.3300195264816,-71.65932060538607,-71.65932060538607
696.3400195264817,-71.66303298808718,-71.66303298808718
696.3500195264817,-71.66675052244292,-71.66675052244292
696.3600195264817,-71.67047319492977,-71.67047319492977
696.3700195264817,-71.67420099189354,-71.67420099189354
696.3800195264816,-71.6779338995236,-71.6779338995236
696.3900195264816,-71.68167190387571,-71.68167190387571
696.4000195264816,-71.68541499085033,-71.68541499085033
696.4100195264816,-71.68916314623229,-71.68916314623229
696.4200195264816,-71.69291635564701,-71.69291635564701
696.4300195264816,-71.69667460461115,-71.69667460461115
696.4400195264816,-71.70043787850128,-71.70043787850128
696.4500195264816,-71.70420616256119,-71.70420616256119
696.4600195264816,-71.7079794419233,-71.7079794419233
696.4700195264817,-71.71175770157976,-71.71175770157976
696.4800195264817,-71.71554092643493,-71.71554092643493
696.4900195264817,-71.71932910125068,-71.71932910125068
696.5000195264817,-71.72312221067779,-71.72312221067779
696.5100195264816,-71.72692023926719,-71.72692023926719
696.5200195264816,-71.73072317145574,-71.73072317145574
696.5300195264816,-71.7345309915775,-71.7345309915775
696.5400195264816,-71.73834368384286,-71.73834368384286
696.5500195264816,-71.74216123238665,-71.74216123238665
696.5600195264816,-71.7459836212241,-71.7459836212241
696.5700195264816,-71.74981083428517,-71.74981083428517
696.5800195264816,-71.75364285540078,-71.75364285540078
696.5900195264817,-71.75747966830149,-71.75747966830149
696.6000195264817,-71.76132125664381,-71.76132125664381
696.6100195264817,-71.76516760397986,-71.76516760397986
696.6200195264817,-71.76901869377618,-71.76901869377618
696.6300195264816,-71.77287450942507,-71.77287450942507
696.6400195264816,-71.77673503423203,-71.77673503423203
696.6500195264816,-71.78060025140844,-71.78060025140844
696.6600195264816,-71.78447014410644,-71.78447014410644
696.6700195264816,-71.78834469538236,-71.78834469538236
696.6800195264816,-71.79222388824068,-71.79222388824068
696.6900195264816,-71.79610770558948,-71.79610770558948
696.7000195264816,-71.79999613027638,-71.79999613027638
696.7100195264816,-71.80388914508178,-71.80388914508178
696.7200195264817,-71.80778673271432,-71.80778673271432
696.7300195264817,-71.8116888758226,-71.8116888758226
696.7400195264817,-71.81559555698593,-71.81559555698593
696.7500195264817,-71.81950675871475,-71.81950675871475
696.7600195264816,-71.82342246347504,-71.82342246347504
696.7700195264816,-71.82734265365131,-71.82734265365131
696.7800195264816,-71.83126731159804,-71.83126731159804
696.7900195264816,-71.83519641958925,-71.83519641958925
696.8000195264816,-71.83908844478817,-71.83908844478817
696.8100195264816,-71.84292627085271,-71.84292627085271
696.8200195264816,-71.84670053345347,-71.84670053345347
696.8300195264816,-71.85040592105935,-71.85040592105935
696.8400195264817,-71.85403959149863,-71.85403959149863
696.8500195264817,-71.85760018010117,-71.85760018010117
696.8600195264817,-71.86108718029594,-71.86108718029594
696.8700195264817,-71.86450057338718,-71.86450057338718
696.8800195264816,-71.86784061362322,-71.86784061362322
696.8900195264816,-71.87110770605668,-71.87110770605668
696.9000195264816,-71.8743023383385,-71.8743023383385
696.9100195264816,-71.87742504363695,-71.87742504363695
696.9200195264816,-71.88047638114293,-71.88047638114293
696.9300195264816,-71.88345692639747,-71.88345692639747
696.9400195264816,-71.88636726691644,-71.88636726691644
696.9500195264816,-71.88920800060828,-71.88920800060828
696.9600195264816,-71.89197973547475,-71.89197973547475
696.9700195264817,-71.89468308987497,-71.89468308987497
696.9800195264817,-71.89731869288359,-71.89731869288359
696.9900195264817,-71.89988718459693,-71.89988718459693
697.0000195503235,-71.90238922218515,-71.90238922218515
697.0100195503235,-71.90482545581658,-71.90482545581658
697.0200195503235,-71.90719656483454,-71.90719656483454
697.0300195503235,-71.90950323283474,-71.90950323283474
697.0400195503234,-71.9117461534208,-71.9117461534208
697.0500195503234,-71.91392602960643,-71.91392602960643
697.0600195503234,-71.91604357317212,-71.91604357317212
697.0700195503235,-71.91809950402107,-71.91809950402107
697.0800195503235,-71.92009454946253,-71.92009454946253
697.0900195503235,-71.92202944349938,-71.92202944349938
697.1000195503235,-71.92390492616732,-71.92390492616732
697.1100195503235,-71.92572174279698,-71.92572174279698
697.1200195503235,-71.92748064337884,-71.92748064337884
697.1300195503235,-71.92918238189684,-71.92918238189684
697.1400195503235,-71.93082771571157,-71.93082771571157
697.1500195503235,-71.93241740493546,-71.93241740493546
697.1600195503235,-71.93395221189851,-71.93395221189851
697.1700195503234,-71.93543290056816,-71.93543290056816
697.1800195503234,-71.93686023603273,-71.93686023603273
697.1900195503235,-71.93823498402008,-71.93823498402008
697.2000195503235,-71.93955791043453,-71.93955791043453
697.2100195503235,-71.9408297808859,-71.9408297808859
697.2200195503235,-71.942051360288,-71.942051360288
697.2300195503235,-71.94322341247137,-71.94322341247137
697.2400195503235,-71.94434669979998,-71.94434669979998
697.2500195503235,-71.94542198280926,-71.94542198280926
697.2600195503235,-71.9464500199113,-71.9464500199113
697.2700195503235,-71.9474315670356,-71.9474315670356
697.2800195503235,-71.94836737736676,-71.94836737736676
697.2900195503234,-71.94925820107446,-71.94925820107446
697.3000195503234,-71.95010478502708,-71.95010478502708
697.3100195503234,-71.95090787258098,-71.95090787258098
697.3200195503235,-71.9516682033248,-71.9516682033248
697.3300195503235,-71.95238651289033,-71.95238651289033
697.3400195503235,-71.95306353274191,-71.95306353274191
697.3500195503235,-71.95369998998738,-71.95369998998738
697.3600195503235,-71.95429660721872,-71.95429660721872
697.3700195503235,-71.95485410233577,-71.95485410233577
697.3800195503235,-71.95537318840677,-71.95537318840677
697.3900195503235,-71.9558545735256,-71.9558545735256
697.4000195503235,-71.95629896067805,-71.95629896067805
697.4100195503235,-71.95670704762776,-71.95670704762776
697.4200195503234,-71.95707952679892,-71.95707952679892
697.4300195503234,-71.95741708518383,-71.95741708518383
697.4400195503235,-71.95772040423404,-71.95772040423404
697.4500195503235,-71.95799015980117,-71.95799015980117
697.4600195503235,-71.95822702203422,-71.95822702203422
697.4700195503235,-71.95843165530059,-71.95843165530059
697.4800195503235,-71.95860471815264,-71.95860471815264
697.4900195503235,-71.95874686324728,-71.95874686324728
697.5000195503235,-71.95885873730298,-71.95885873730298
697.5100195503235,-71.9589409810404,-71.9589409810404
697.5200195503235,-71.95899422915554,-71.95899422915554
697.5300195503235,-71.95901911027367,-71.95901911027367
697.5400195503234,-71.95901624692301,-71.95901624692301
697.5500195503234,-71.95898625551162,-71.95898625551162
697.5600195503234,-71.95892974629814,-71.95892974629814
697.5700195503235,-71.95884732337151,-71.95884732337151
697.5800195503235,-71.95873958465768,-71.95873958465768
697.5900195503235,-71.95860712187269,-71.95860712187269
697.6000195503235,-71.95845052055849,-71.95845052055849
697.6100195503235,-71.95827036004556,-71.95827036004556
697.6200195503235,-71.95806721346545,-71.95806721346545
697.6300195503235,-71.95784164775355,-71.95784164775355
697.6400195503235,-71.95759422367342,-71.95759422367342
697.6500195503235,-71.95732549578517,-71.95732549578517
697.6600195503235,-71.95703601249305,-71.95703601249305
697.6700195503234,-71.95672631603063,-71.95672631603063
697.6800195503234,-71.9563969425169,-71.9563969425169
697.6900195503235,-71.95604842192188,-71.95604842192188
697.7000195503235,-71.9556812781283,-71.9556812781283
697.7100195503235,-71.95529602893377,-71.95529602893377
697.7200195503235,-71.95489318608487,-71.95489318608487
697.7300195503235,-71.95447325528868,-71.95447325528868
697.7400195503235,-71.95403673626693,-71.95403673626693
697.7500195503235,-71.95358412274021,-71.95358412274021
697.7600195503235,-71.95311590250691,-71.95311590250691
697.7700195503235,-71.95263255744453,-71.95263255744453
697.7800195503235,-71.95213456355472,-71.95213456355472
697.7900195503234,-71.9516223909911,-71.9516223909911
697.8000195503234,-71.95109650409997,-71.95109650409997
697.8100195503234,-71.95055736143657,-71.95055736143657
697.8200195503235,-71.95000541584093,-71.95000541584093
697.8300195503235,-71.94944111444474,-71.94944111444474
697.8400195503235,-71.94886489871156,-71.94886489871156
697.8500195741653,-71.9482772030874,-71.9482772030874
697.8600195741653,-71.94767846062928,-71.94767846062928
697.8700195741653,-71.94706909469603,-71.94706909469603
697.8800195741653,-71.94644952451718,-71.94644952451718
697.8900195741653,-71.94582016386201,-71.94582016386201
697.9000195741653,-71.94518142110051,-71.94518142110051
697.9100195741653,-71.94453369922132,-71.94453369922132
697.9200195741654,-71.94387739588882,-71.94387739588882
697.9300195741654,-71.94321290350037,-71.94321290350037
697.9400195741654,-71.94254060919806,-71.94254060919806
697.9500195741654,-71.94186089493078,-71.94186089493078
697.9600195741654,-71.941167868172,-71.941167868172
697.9700195741653,-71.9404591566565,-71.9404591566565
697.9800195741653,-71.93973379184439,-71.93973379184439
697.9900195741653,-71.93899145175526,-71.93899145175526
698.0000195741653,-71.93823217225574,-71.93823217225574
698.0100195741653,-71.93745619726204,-71.93745619726204
698.0200195741653,-71.9366638910337,-71.9366638910337
698.0300195741653,-71.93585568555658,-71.93585568555658
698.0400195741654,-71.9350320489077,-71.9350320489077
698.0500195741654,-71.93419346633286,-71.93419346633286
698.0600195741654,-71.93334042896704,-71.93334042896704
698.0700195741654,-71.93247342722665,-71.93247342722665
698.0800195741654,-71.93159294705445,-71.93159294705445
698.0900195741654,-71.93069946786888,-71.93069946786888
698.1000195741653,-71.92979346154213,-71.92979346154213
698.1100195741653,-71.9288753920314,-71.9288753920314
698.1200195741653,-71.92794571533828,-71.92794571533828
698.1300195741653,-71.9270048796688,-71.9270048796688
698.1400195741653,-71.92605332573262,-71.92605332573262
698.1500195741653,-71.92509148702298,-71.92509148702298
698.1600195741653,-71.92411979015519,-71.92411979015519
698.1700195741654,-71.923138655173,-71.923138655173
698.1800195741654,-71.92214849584043,-71.92214849584043
698.1900195741654,-71.92114971989515,-71.92114971989515
698.2000195741654,-71.9201427292766,-71.9201427292766
698.2100195741654,-71.91912165391962,-71.91912165391962
698.2200195741653,-71.91808414255634,-71.91808414255634
698.2300195741653,-71.91702924694833,-71.91702924694833
698.2400195741653,-71.91595666510322,-71.91595666510322
698.2500195741653,-71.91486645271448,-71.91486645271448
698.2600195741653,-71.91375887349525,-71.91375887349525
698.2700195741653,-71.91263431154367,-71.91263431154367
698.2800195741653,-71.91149321877805,-71.91149321877805
698.2900195741654,-71.91033608334999,-71.91033608334999
698.3000195741654,-71.90916341074144,-71.90916341074144
698.3100195741654,-71.9079757124829,-71.9079757124829
698.3200195741654,-71.90677349960421,-71.90677349960421
698.3300195741654,-71.90555727880786,-71.90555727880786
698.3400195741654,-71.90432755047377,-71.90432755047377
698.3500195741653,-71.90308480761756,-71.90308480761756
698.3600195741653,-71.90182953549491,-71.90182953549491
698.3700195741653,-71.90056221156594,-71.90056221156594
698.3800195741653,-71.89928330564999,-71.89928330564999
698.3900195741653,-71.89799328017902,-71.89799328017902
698.4000195741653,-71.89669259049641,-71.89669259049641
698.4100195741653,-71.89538168517069,-71.89538168517069
698.4200195741654,-71.89406100628194,-71.89406100628194
698.4300195741654,-71.89273098968877,-71.89273098968877
698.4400195741654,-71.89139206526723,-71.89139206526723
698.4500195741654,-71.89004465714868,-71.89004465714868
698.4600195741654,-71.88868918388467,-71.88868918388467
698.4700195741653,-71.8873260586314,-71.8873260586314
698.4800195741653,-71.88595568927543,-71.88595568927543
698.4900195741653,-71.88457847856708,-71.88457847856708
698.5000195741653,-71.88319482423204,-71.88319482423204
698.5100195741653,-71.88180511904051,-71.88180511904051
698.5200195741653,-71.88040975091904,-71.88040975091904
698.5300195741653,-71.87900910299409,-71.87900910299409
698.5400195741654,-71.87760355365955,-71.87760355365955
698.5500195741654,-71.87619347662853,-71.87619347662853
698.5600195741654,-71.87477924098076,-71.87477924098076
698.5700195741654,-71.87336121121427,-71.87336121121427
698.5800195741654,-71.87193974725369,-71.87193974725369
698.5900195741654,-71.87051520450729,-71.87051520450729
698.6000195741653,-71.86908793389803,-71.86908793389803
698.6100195741653,-71.86765828187704,-71.86765828187704
698.6200195741653,-71.8662265904688,-71.8662265904688
698.6300195741653,-71.86479319728623,-71.86479319728623
698.6400195741653,-71.86335843554888,-71.86335843554888
698.6500195741653,-71.86192263412104,-71.86192263412104
698.6600195741653,-71.86048611753205,-71.86048611753205
698.6700195741654,-71.8590492060007,-71.8590492060007
698.6800195741654,-71.85761221544469,-71.85761221544469
698.6900195741654,-71.85617545752208,-71.85617545752208
698.7000195980072,-71.85473923623167,-71.85473923623167
698.7100195980072,-71.85330386160982,-71.85330386160982
698.7200195980072,-71.85186962923713,-71.85186962923713
698.7300195980072,-71.85043683394169,-71.85043683394169
698.7400195980072,-71.84900576642262,-71.84900576642262
698.7500195980072,-71.84757671324624,-71.84757671324624
698.7600195980071,-71.84614995688825,-71.84614995688825
698.7700195980073,-71.84472577576133,-71.84472577576133
698.7800195980072,-71.84330444424727,-71.84330444424727
698.7900195980072,-71.84188623271004,-71.84188623271004
698.8000195980072,-71.84047140752286,-71.84047140752286
698.8100195980072,-71.83906023111352,-71.83906023111352
698.8200195980072,-71.8376529619932,-71.8376529619932
698.8300195980072,-71.836249854762,-71.836249854762
698.8400195980072,-71.83485116016699,-71.83485116016699
698.8500195980072,-71.83345712511479,-71.83345712511479
698.8600195980072,-71.83206799270894,-71.83206799270894
698.8700195980072,-71.83068400227849,-71.83068400227849
698.8800195980072,-71.82930538941369,-71.82930538941369
698.8900195980073,-71.827932385991,-71.827932385991
698.9000195980072,-71.8265652202204,-71.8265652202204
698.9100195980072,-71.82520411664667,-71.82520411664667
698.9200195980072,-71.8238492962257,-71.8238492962257
698.9300195980072,-71.82250097631477,-71.82250097631477
698.9400195980072,-71.82115937073512,-71.82115937073512
698.9500195980072,-71.81982468978508,-71.81982468978508
698.9600195980072,-71.8184971403032,-71.8184971403032
698.9700195980072,-71.8171769256607,-71.8171769256607
698.9800195980072,-71.81586424582429,-71.81586424582429
698.9900195980072,-71.8145592973836,-71.8145592973836
699.0000195980072,-71.81326227358987,-71.81326227358987
699.0100195980071,-71.81197336437583,-71.81197336437583
699.0200195980073,-71.8106927563895,-71.8106927563895
699.0300195980072,-71.80942063306004,-71.80942063306004
699.0400195980072,-71.80815717459411,-71.80815717459411
699.0500195980072,-71.80690255802854,-71.80690255802854
699.0600195980072,-71.80565695725926,-71.80565695725926
699.0700195980072,-71.80442054307656,-71.80442054307656
699.0800195980072,-71.80319348319841,-71.80319348319841
699.0900195980072,-71.80197594230161,-71.80197594230161
699.1000195980072,-71.80076808207933,-71.80076808207933
699.1100195980072,-71.79957006123419,-71.79957006123419
699.1200195980072,-71.7983820355372,-71.7983820355372
699.1300195980072,-71.79720415786542,-71.79720415786542
699.1400195980073,-71.79603657821634,-71.79603657821634
699.1500195980072,-71.79487944376413,-71.79487944376413
699.1600195980072,-71.79373289887641,-71.79373289887641
699.1700195980072,-71.79259708514172,-71.79259708514172
699.1800195980072,-71.79147214142476,-71.79147214142476
699.1900195980072,-71.79035820388674,-71.79035820388674
699.2000195980072,-71.78925540601266,-71.78925540601266
699.2100195980072,-71.7881638786584,-71.7881638786584
699.2200195980072,-71.78708375005938,-71.78708375005938
699.2300195980072,-71.78601514588927,-71.78601514588927
699.2400195980072,-71.78495818927328,-71.78495818927328
699.2500195980072,-71.78391300082805,-71.78391300082805
699.2600195980071,-71.78287969869982,-71.78287969869982
699.2700195980073,-71.78185839856137,-71.78185839856137
699.2800195980072,-71.78084921370417,-71.78084921370417
699.2900195980072,-71.77985225500218,-71.77985225500218
699.3000195980072,-71.77886763099296,-71.77886763099296
699.3100195980072,-71.77789544787204,-71.77789544787204
699.3200195980072,-71.77693580955263,-71.77693580955263
699.3300195980072,-71.77598881767388,-71.77598881767388
699.3400195980072,-71.77505457163858,-71.77505457163858
699.3500195980072,-71.7741331686494,-71.7741331686494
699.3600195980072,-71.77322470371851,-71.77322470371851
699.3700195980072,-71.77232926971892,-71.77232926971892
699.3800195980072,-71.7714469573946,-71.7714469573946
699.3900195980073,-71.77057785539384,-71.77057785539384
699.4000195980072,-71.76972205031713,-71.76972205031713
699.4100195980072,-71.76887962670318,-71.76887962670318
699.4200195980072,-71.76805066709176,-71.76805066709176
699.4300195980072,-71.76723525203867,-71.76723525203867
699.4400195980072,-71.76643346013856,-71.76643346013856
699.4500195980072,-71.76564536805743,-71.76564536805743
699.4600195980072,-71.76487105056306,-71.76487105056306
699.4700195980072,-71.76411058054018,-71.76411058054018
699.4800195980072,-71.76336402902514,-71.76336402902514
699.4900195980072,-71.76263146522142,-71.76263146522142
699.5000195980072,-71.76191295651991,-71.76191295651991
699.5100195980071,-71.76120856856726,-71.76120856856726
699.5200195980073,-71.76051836522294,-71.76051836522294
699.5300195980072,-71.75984240864719,-71.75984240864719
699.5400195980072,-71.7591807592721,-71.7591807592721
699.5500196218491,-71.75853347432464,-71.75853347432464
699.560019621849,-71.75790061404082,-71.75790061404082
699.570019621849,-71.75728223230213,-71.75728223230213
699.580019621849,-71.75667838297606,-71.75667838297606
699.590019621849,-71.75608911833473,-71.75608911833473
699.600019621849,-71.75551448908978,-71.75551448908978
699.610019621849,-71.75495454441725,-71.75495454441725
699.6200196218491,-71.75440933195742,-71.75440933195742
699.6300196218491,-71.7538788978612,-71.7538788978612
699.6400196218491,-71.75336328680916,-71.75336328680916
699.6500196218491,-71.75286254201302,-71.75286254201302
699.6600196218491,-71.752376705249,-71.752376705249
699.6700196218491,-71.75190581688278,-71.75190581688278
699.680019621849,-71.75144991589367,-71.75144991589367
699.690019621849,-71.7510090398712,-71.7510090398712
699.700019621849,-71.75058322506905,-71.75058322506905
699.710019621849,-71.75016625570882,-71.75016625570882
699.720019621849,-71.74975543010167,-71.74975543010167
699.730019621849,-71.74934945019345,-71.74934945019345
699.7400196218491,-71.74894766659297,-71.74894766659297
699.7500196218491,-71.74854979058728,-71.74854979058728
699.7600196218491,-71.74815574467084,-71.74815574467084
699.7700196218491,-71.74776557499577,-71.74776557499577
699.7800196218491,-71.7473793988056,-71.7473793988056
699.7900196218491,-71.7469973728426,-71.7469973728426
699.8000196218491,-71.74661967441581,-71.74661967441581
699.810019621849,-71.74624649009546,-71.74624649009546
699.820019621849,-71.74587800913152,-71.74587800913152
699.830019621849,-71.7455144196265,-71.7455144196265
699.840019621849,-71.74515590649418,-71.74515590649418
699.850019621849,-71.74480265039904,-71.74480265039904
699.860019621849,-71.74445482738442,-71.74445482738442
699.8700196218491,-71.74411260880244,-71.74411260880244
699.8800196218491,-71.74377616144152,-71.74377616144152
699.8900196218491,-71.74344564780424,-71.74344564780424
699.9000196218491,-71.7431212263755,-71.7431212263755
699.9100196218491,-71.74280305193385,-71.74280305193385
699.9200196218491,-71.74249127581885,-71.74249127581885
699.930019621849,-71.74218604621515,-71.74218604621515
699.940019621849,-71.74188750836561,-71.74188750836561
699.950019621849,-71.74159580480388,-71.74159580480388
699.960019621849,-71.7413110755043,-71.7413110755043
699.970019621849,-71.74103345806108,-71.74103345806108
699.980019621849,-71.74076308781775,-71.74076308781775
699.9900196218491,-71.74050009796973,-71.74050009796973
700.0000196218491,-71.74024461966994,-71.74024461966994
700.0100196218491,-71.7399967820945,-71.7399967820945
700.0200196218491,-71.7397567125291,-71.7397567125291
700.0300196218491,-71.73952453641844,-71.73952453641844
700.0400196218491,-71.73930037739444,-71.73930037739444
700.0500196218491,-71.73908435734354,-71.73908435734354
700.060019621849,-71.73887659641822,-71.73887659641822
700.070019621849,-71.73867721306507,-71.73867721306507
700.080019621849,-71.7384863240591,-71.7384863240591
700.090019621849,-71.73830404451309,-71.73830404451309
700.100019621849,-71.73813048787859,-71.73813048787859
700.110019621849,-71.73796576597056,-71.73796576597056
700.1200196218491,-71.73780998899218,-71.73780998899218
700.1300196218491,-71.73766326550495,-71.73766326550495
700.1400196218491,-71.73752570247179,-71.73752570247179
700.1500196218491,-71.73739740524226,-71.73739740524226
700.1600196218491,-71.73727847755441,-71.73727847755441
700.1700196218491,-71.73716902155718,-71.73716902155718
700.180019621849,-71.73706913779783,-71.73706913779783
700.190019621849,-71.73697892523168,-71.73697892523168
700.200019621849,-71.73689848122808,-71.73689848122808
700.210019621849,-71.7368279015518,-71.7368279015518
700.220019621849,-71.7367672804142,-71.7367672804142
700.230019621849,-71.73671671042095,-71.73671671042095
700.2400196218491,-71.73667628261627,-71.73667628261627
700.2500196218491,-71.73664608647466,-71.73664608647466
700.2600196218491,-71.7366262098937,-71.7366262098937
700.2700196218491,-71.73661673921205,-71.73661673921205
700.2800196218491,-71.73661775921467,-71.73661775921467
700.2900196218491,-71.73662935312666,-71.73662935312666
700.3000196218491,-71.73665160263818,-71.73665160263818
700.310019621849,-71.73668458788887,-71.73668458788887
700.320019621849,-71.7367283874864,-71.7367283874864
700.330019621849,-71.73678307851631,-71.73678307851631
700.340019621849,-71.7368487365493,-71.7368487365493
700.350019621849,-71.73692543563206,-71.73692543563206
700.360019621849,-71.73701324831335,-71.73701324831335
700.3700196218491,-71.7371122456451,-71.7371122456451
700.3800196218491,-71.73722249719741,-71.73722249719741
700.3900196218491,-71.73734407105977,-71.73734407105977
700.4000196456909,-71.73747703416775,-71.73747703416775
700.4100196456909,-71.73762145109572,-71.73762145109572
700.4200196456909,-71.73777738582795,-71.73777738582795
700.4300196456909,-71.73794490064209,-71.73794490064209
700.4400196456909,-71.73812405638351,-71.73812405638351
700.4500196456909,-71.73831491249894,-71.73831491249894
700.4600196456909,-71.7385175270136,-71.7385175270136
700.470019645691,-71.7387319565509,-71.7387319565509
700.480019645691,-71.7389582563612,-71.7389582563612
700.490019645691,-71.73919648033214,-71.73919648033214
700.5000196456909,-71.73944668097532,-71.73944668097532
700.5100196456909,-71.73970890946715,-71.73970890946715
700.5200196456909,-71.73998321563248,-71.73998321563248
700.5300196456909,-71.74026964799988,-71.74026964799988
700.5400196456909,-71.74056825376043,-71.74056825376043
700.5500196456909,-71.74087907882645,-71.74087907882645
700.5600196456909,-71.74120216781984,-71.74120216781984
700.5700196456909,-71.74153756407978,-71.74153756407978
700.5800196456909,-71.74188530970892,-71.74188530970892
700.590019645691,-71.74224544553714,-71.74224544553714
700.600019645691,-71.74261801118095,-71.74261801118095
700.610019645691,-71.74300304503234,-71.74300304503234
700.620019645691,-71.74340058426885,-71.74340058426885
700.6300196456909,-71.7438106648882,-71.7438106648882
700.6400196456909,-71.74423332169074,-71.74423332169074
700.6500196456909,-71.74466858832339,-71.74466858832339
700.6600196456909,-71.7451164972824,-71.7451164972824
700.6700196456909,-71.74557707990708,-71.74557707990708
700.6800196456909,-71.74605036641638,-71.74605036641638
700.6900196456909,-71.74653638592575,-71.74653638592575
700.7000196456909,-71.74703516643653,-71.74703516643653
700.7100196456909,-71.74754673486959,-71.74754673486959
700.720019645691,-71.74807111707027,-71.74807111707027
700.730019645691,-71.74860833783225,-71.74860833783225
700.740019645691,-71.74915842089135,-71.74915842089135
700.7500196456909,-71.74972138895195,-71.74972138895195
700.7600196456909,-71.75029726369301,-71.75029726369301
700.7700196456909,-71.75088606579041,-71.75088606579041
700.7800196456909,-71.7514878149256,-71.7514878149256
700.7900196456909,-71.75210252979613,-71.75210252979613
700.8000196456909,-71.7527302281392,-71.7527302281392
700.8100196456909,-71.75337092671573,-71.75337092671573
700.8200196456909,-71.75402464136477,-71.75402464136477
700.8300196456909,-71.7546913869808,-71.7546913869808
700.840019645691,-71.75537117754297,-71.75537117754297
700.850019645691,-71.75606402613268,-71.75606402613268
700.860019645691,-71.7567699449241,-71.7567699449241
700.870019645691,-71.7574889452202,-71.7574889452202
700.8800196456909,-71.75822103745772,-71.75822103745772
700.8900196456909,-71.75896623120676,-71.75896623120676
700.9000196456909,-71.75972453520167,-71.75972453520167
700.9100196456909,-71.76049595733508,-71.76049595733508
700.9200196456909,-71.76128050469495,-71.76128050469495
700.9300196456909,-71.76207818355314,-71.76207818355314
700.9400196456909,-71.76288899937506,-71.76288899937506
700.9500196456909,-71.76371295684936,-71.76371295684936
700.9600196456909,-71.76454380616437,-71.76454380616437
700.970019645691,-71.76537881260293,-71.76537881260293
700.980019645691,-71.76621664606041,-71.76621664606041
700.990019645691,-71.76705662598438,-71.76705662598438
701.0000196456909,-71.76789843330998,-71.76789843330998
701.0100196456909,-71.76874196094357,-71.76874196094357
701.0200196456909,-71.76958722609054,-71.76958722609054
701.0300196456909,-71.77043431769462,-71.77043431769462
701.0400196456909,-71.77128336478336,-71.77128336478336
701.0500196456909,-71.7721345174973,-71.7721345174973
701.0600196456909,-71.77298793578086,-71.77298793578086
701.0700196456909,-71.77384378276479,-71.77384378276479
701.0800196456909,-71.77470222094256,-71.77470222094256
701.090019645691,-71.77556341008508,-71.77556341008508
701.100019645691,-71.77642750623599,-71.77642750623599
701.110019645691,-71.77729466125066,-71.77729466125066
701.120019645691,-71.77816502274824,-71.77816502274824
701.1300196456909,-71.77903873427039,-71.77903873427039
701.1400196456909,-71.77991593550469,-71.77991593550469
701.1500196456909,-71.78079676255152,-71.78079676255152
701.1600196456909,-71.78168134826544,-71.78168134826544
701.1700196456909,-71.78256982247726,-71.78256982247726
701.1800196456909,-71.78346231229125,-71.78346231229125
701.1900196456909,-71.78435894229602,-71.78435894229602
701.2000196456909,-71.78525983477462,-71.78525983477462
701.2100196456909,-71.78616510986396,-71.78616510986396
701.220019645691,-71.78707488572324,-71.78707488572324
701.230019645691,-71.78798927866299,-71.78798927866299
701.240019645691,-71.78890840323132,-71.78890840323132
701.2500196695328,-71.78983237452717,-71.78983237452717
701.2600196695328,-71.7907612994701,-71.7907612994701
701.2700196695328,-71.79169529003329,-71.79169529003329
701.2800196695327,-71.79263445453529,-71.79263445453529
701.2900196695327,-71.793578899866,-71.793578899866
701.3000196695327,-71.79452873150517,-71.79452873150517
701.3100196695327,-71.79548405358241,-71.79548405358241
701.3200196695328,-71.7964449688592,-71.7964449688592
701.3300196695328,-71.7974115787841,-71.7974115787841
701.3400196695328,-71.79838398347374,-71.79838398347374
701.3500196695328,-71.79936228173837,-71.79936228173837
701.3600196695328,-71.80034657108521,-71.80034657108521
701.3700196695328,-71.8013369477239,-71.8013369477239
701.3800196695328,-71.80233350657106,-71.80233350657106
701.3900196695328,-71.8033363412483,-71.8033363412483
701.4000196695328,-71.804345544086,-71.804345544086
701.4100196695327,-71.80536120612165,-71.80536120612165
701.4200196695327,-71.80638341711114,-71.80638341711114
701.4300196695327,-71.8074122655136,-71.8074122655136
701.4400196695328,-71.80844783848164,-71.80844783848164
701.4500196695328,-71.80949022189787,-71.80949022189787
701.4600196695328,-71.810539500343,-71.810539500343
701.4700196695328,-71.81159575709341,-71.81159575709341
701.4800196695328,-71.8126590741376,-71.8126590741376
701.4900196695328,-71.81372953216977,-71.81372953216977
701.5000196695328,-71.81480721059555,-71.81480721059555
701.5100196695328,-71.81589218751704,-71.81589218751704
701.5200196695328,-71.81698453974256,-71.81698453974256
701.5300196695327,-71.81808434279715,-71.81808434279715
701.5400196695327,-71.81919167090807,-71.81919167090807
701.5500196695327,-71.82030659702053,-71.82030659702053
701.5600196695327,-71.82142919279552,-71.82142919279552
701.5700196695328,-71.82255952860199,-71.82255952860199
701.5800196695328,-71.82369767353603,-71.82369767353603
701.5900196695328,-71.82484369542189,-71.82484369542189
701.6000196695328,-71.82599766081438,-71.82599766081438
701.6100196695328,-71.82715963498981,-71.82715963498981
701.6200196695328,-71.82832968198265,-71.82832968198265
701.6300196695328,-71.82950786455336,-71.82950786455336
701.6400196695328,-71.83069424421868,-71.83069424421868
701.6500196695328,-71.83188888125954,-71.83188888125954
701.6600196695327,-71.83309183471602,-71.83309183471602
701.6700196695327,-71.83430316238918,-71.83430316238918
701.6800196695327,-71.83552292087563,-71.83552292087563
701.6900196695328,-71.83675116553816,-71.83675116553816
701.7000196695328,-71.83798795054652,-71.83798795054652
701.7100196695328,-71.839233328867,-71.839233328867
701.7200196695328,-71.8404873522729,-71.8404873522729
701.7300196695328,-71.84175007133928,-71.84175007133928
701.7400196695328,-71.8430215355017,-71.8430215355017
701.7500196695328,-71.84430179300712,-71.84430179300712
701.7600196695328,-71.84559089095045,-71.84559089095045
701.7700196695328,-71.84688887528716,-71.84688887528716
701.7800196695327,-71.8481957908328,-71.8481957908328
701.7900196695327,-71.84951168126925,-71.84951168126925
701.8000196695327,-71.85083658917505,-71.85083658917505
701.8100196695327,-71.8521705560159,-71.8521705560159
701.8200196695328,-71.85351362216355,-71.85351362216355
701.8300196695328,-71.85486582690164,-71.85486582690164
701.8400196695328,-71.85622720844358,-71.85622720844358
701.8500196695328,-71.85759780392812,-71.85759780392812
701.8600196695328,-71.85897764944998,-71.85897764944998
701.8700196695328,-71.8603667800587,-71.8603667800587
701.8800196695328,-71.86176522977183,-71.86176522977183
701.8900196695328,-71.86317303157527,-71.86317303157527
701.9000196695328,-71.86459021746371,-71.86459021746371
701.9100196695327,-71.86601681842126,-71.86601681842126
701.9200196695327,-71.86745286444322,-71.86745286444322
701.9300196695327,-71.8688983845496,-71.8688983845496
701.9400196695328,-71.8703534067953,-71.8703534067953
701.9500196695328,-71.87181795828171,-71.87181795828171
701.9600196695328,-71.87329206515462,-71.87329206515462
701.9700196695328,-71.8747757526509,-71.8747757526509
701.9800196695328,-71.87626904506594,-71.87626904506594
701.9900196695328,-71.87777196578665,-71.87777196578665
702.0000196695328,-71.87928453730859,-71.87928453730859
702.0100196695328,-71.8808067812395,-71.8808067812395
702.0200196695328,-71.88233871830315,-71.88233871830315
702.0300196695327,-71.8838803683637,-71.8838803683637
702.0400196695327,-71.88543175041977,-71.88543175041977
702.0500196695327,-71.88699288263547,-71.88699288263547
702.0600196695327,-71.88856378234975,-71.88856378234975
702.0700196695328,-71.89014446605331,-71.89014446605331
702.0800196695328,-71.89173494946132,-71.89173494946132
702.0900196695328,-71.89333524745615,-71.89333524745615
702.1000196933746,-71.89494537798353,-71.89494537798353
702.1100196933746,-71.89656534673377,-71.89656534673377
702.1200196933746,-71.89819517005759,-71.89819517005759
702.1300196933746,-71.89983485976568,-71.89983485976568
702.1400196933746,-71.90148442691076,-71.90148442691076
702.1500196933746,-71.90314388180425,-71.90314388180425
702.1600196933746,-71.9048132340334,-71.9048132340334
702.1700196933747,-71.90649249247998,-71.90649249247998
702.1800196933747,-71.9081816653131,-71.9081816653131
702.1900196933747,-71.90988076000065,-71.90988076000065
702.2000196933747,-71.911589783324,-71.911589783324
702.2100196933746,-71.91330247294636,-71.91330247294636
702.2200196933746,-71.91501608895611,-71.91501608895611
702.2300196933746,-71.91672929920479,-71.91672929920479
702.2400196933746,-71.91844142271526,-71.91844142271526
702.2500196933746,-71.9201521410027,-71.9201521410027
702.2600196933746,-71.92186134821446,-71.92186134821446
702.2700196933746,-71.92356906327423,-71.92356906327423
702.2800196933746,-71.92527537716407,-71.92527537716407
702.2900196933747,-71.92698042119488,-71.92698042119488
702.3000196933747,-71.92868434797882,-71.92868434797882
702.3100196933747,-71.9303873201034,-71.9303873201034
702.3200196933747,-71.93208950345213,-71.93208950345213
702.3300196933747,-71.93379106341534,-71.93379106341534
702.3400196933746,-71.93549216277032,-71.93549216277032
702.3500196933746,-71.93719296065208,-71.93719296065208
702.3600196933746,-71.93889361211423,-71.93889361211423
702.3700196933746,-71.94059426807331,-71.94059426807331
702.3800196933746,-71.94229507545249,-71.94229507545249
702.3900196933746,-71.94399617740787,-71.94399617740787
702.4000196933746,-71.94569771361309,-71.94569771361309
702.4100196933746,-71.94739982056879,-71.94739982056879
702.4200196933747,-71.94910263183235,-71.94910263183235
702.4300196933747,-71.95080627833525,-71.95080627833525
702.4400196933747,-71.95251088857218,-71.95251088857218
702.4500196933747,-71.95421658878689,-71.95421658878689
702.4600196933746,-71.95592350319097,-71.95592350319097
702.4700196933746,-71.95763175408989,-71.95763175408989
702.4800196933746,-71.9593414620062,-71.9593414620062
702.4900196933746,-71.96105274577152,-71.96105274577152
702.5000196933746,-71.9627657226609,-71.9627657226609
702.5100196933746,-71.96448050842093,-71.96448050842093
702.5200196933746,-71.96619721735495,-71.96619721735495
702.5300196933746,-71.9679159623582,-71.9679159623582
702.5400196933747,-71.9696368549657,-71.9696368549657
702.5500196933747,-71.9713600053984,-71.9713600053984
702.5600196933747,-71.9730855225567,-71.9730855225567
702.5700196933747,-71.97481351406698,-71.97481351406698
702.5800196933747,-71.97654408628333,-71.97654408628333
702.5900196933746,-71.97827734431067,-71.97827734431067
702.6000196933746,-71.98001339198997,-71.98001339198997
702.6100196933746,-71.98175233194128,-71.98175233194128
702.6200196933746,-71.98349426553332,-71.98349426553332
702.6300196933746,-71.98523929289989,-71.98523929289989
702.6400196933746,-71.98698751293847,-71.98698751293847
702.6500196933746,-71.98873902331401,-71.98873902331401
702.6600196933746,-71.99049392045623,-71.99049392045623
702.6700196933747,-71.99225229954868,-71.99225229954868
702.6800196933747,-71.99401425455555,-71.99401425455555
702.6900196933747,-71.99577987817224,-71.99577987817224
702.7000196933747,-71.99754926186708,-71.99754926186708
702.7100196933746,-71.99932249586479,-71.99932249586479
702.7200196933746,-72.00109966914002,-72.00109966914002
702.7300196933746,-72.00288086942359,-72.00288086942359
702.7400196933746,-72.00466618319135,-72.00466618319135
702.7500196933746,-72.00645569567313,-72.00645569567313
702.7600196933746,-72.00824949084819,-72.00824949084819
702.7700196933746,-72.0100476514523,-72.0100476514523
702.7800196933746,-72.01185025895364,-72.01185025895364
702.7900196933747,-72.01365739358366,-72.01365739358366
702.8000196933747,-72.01546913433312,-72.01546913433312
702.8100196933747,-72.01728555893806,-72.01728555893806
702.8200196933747,-72.01910674389246,-72.01910674389246
702.8300196933747,-72.02093276444158,-72.02093276444158
702.8400196933746,-72.02276369460085,-72.02276369460085
702.8500196933746,-72.02459960715463,-72.02459960715463
702.8600196933746,-72.02644057364645,-72.02644057364645
702.8700196933746,-72.0282866643974,-72.0282866643974
702.8800196933746,-72.03013794850027,-72.03013794850027
702.8900196933746,-72.03199449384037,-72.03199449384037
702.9000196933746,-72.03385636709076,-72.03385636709076
702.9100196933746,-72.03572363370697,-72.03572363370697
702.9200196933747,-72.03759635794702,-72.03759635794702
702.9300196933747,-72.0394746028915,-72.0394746028915
702.9400196933747,-72.04135843041193,-72.04135843041193
702.9500197172165,-72.04324790571795,-72.04324790571795
702.9600197172165,-72.04513679904035,-72.04513679904035
702.9700197172165,-72.0470224226112,-72.0470224226112
702.9800197172165,-72.04890349403333,-72.04890349403333
702.9900197172165,-72.05077938286824,-72.05077938286824
703.0000197172164,-72.05264982139677,-72.05264982139677
703.0100197172164,-72.05451475446095,-72.05451475446095
703.0200197172165,-72.05637425145282,-72.05637425145282
703.0300197172165,-72.05822845348668,-72.05822845348668
703.0400197172165,-72.06007754159157,-72.06007754159157
703.0500197172165,-72.06192171767668,-72.06192171767668
703.0600197172165,-72.06376119313019,-72.06376119313019
703.0700197172165,-72.06559618218908,-72.06559618218908
703.0800197172165,-72.06742689806538,-72.06742689806538
703.0900197172165,-72.0692535508786,-72.0692535508786
703.1000197172165,-72.07107634660292,-72.07107634660292
703.1100197172165,-72.07289548663488,-72.07289548663488
703.1200197172165,-72.07471116773338,-72.07471116773338
703.1300197172164,-72.07652358214968,-72.07652358214968
703.1400197172165,-72.07833291788972,-72.07833291788972
703.1500197172165,-72.08013935897166,-72.08013935897166
703.1600197172165,-72.08194308574237,-72.08194308574237
703.1700197172165,-72.08374427513677,-72.08374427513677
703.1800197172165,-72.08554310093656,-72.08554310093656
703.1900197172165,-72.08733973402524,-72.08733973402524
703.2000197172165,-72.0891343425706,-72.0891343425706
703.2100197172165,-72.09092709219466,-72.09092709219466
703.2200197172165,-72.09271814614793,-72.09271814614793
703.2300197172165,-72.09450766541939,-72.09450766541939
703.2400197172165,-72.0962958088584,-72.0962958088584
703.2500197172164,-72.09808273326864,-72.09808273326864
703.2600197172164,-72.09986859346482,-72.09986859346482
703.2700197172165,-72.10165354235797,-72.10165354235797
703.2800197172165,-72.1034377310054,-72.1034377310054
703.2900197172165,-72.10522130864403,-72.10522130864403
703.3000197172165,-72.10700442272991,-72.10700442272991
703.3100197172165,-72.10878721897114,-72.10878721897114
703.3200197172165,-72.11056984135143,-72.11056984135143
703.3300197172165,-72.11235243214358,-72.11235243214358
703.3400197172165,-72.11413513193794,-72.11413513193794
703.3500197172165,-72.11591807962398,-72.11591807962398
703.3600197172165,-72.11770141244028,-72.11770141244028
703.3700197172165,-72.11948526596453,-72.11948526596453
703.3800197172164,-72.12126977410377,-72.12126977410377
703.3900197172165,-72.12305506911926,-72.12305506911926
703.4000197172165,-72.12484128161655,-72.12484128161655
703.4100197172165,-72.12662854057858,-72.12662854057858
703.4200197172165,-72.12841697332387,-72.12841697332387
703.4300197172165,-72.13020670554005,-72.13020670554005
703.4400197172165,-72.13199786126638,-72.13199786126638
703.4500197172165,-72.13379056292327,-72.13379056292327
703.4600197172165,-72.13558493129196,-72.13558493129196
703.4700197172165,-72.13738108552221,-72.13738108552221
703.4800197172165,-72.13917914313058,-72.13917914313058
703.4900197172165,-72.140979220013,-72.140979220013
703.5000197172164,-72.14278143043283,-72.14278143043283
703.5100197172164,-72.14458588705641,-72.14458588705641
703.5200197172165,-72.14639270091568,-72.14639270091568
703.5300197172165,-72.14820198145127,-72.14820198145127
703.5400197172165,-72.15001383648011,-72.15001383648011
703.5500197172165,-72.15182837222252,-72.15182837222252
703.5600197172165,-72.1536456933148,-72.1536456933148
703.5700197172165,-72.15546590279399,-72.15546590279399
703.5800197172165,-72.15728910211604,-72.15728910211604
703.5900197172165,-72.1591153911767,-72.1591153911767
703.6000197172165,-72.16094486828281,-72.16094486828281
703.6100197172165,-72.16277763019305,-72.16277763019305
703.6200197172165,-72.16461377211215,-72.16461377211215
703.6300197172164,-72.16645338770017,-72.16645338770017
703.6400197172165,-72.16829656908577,-72.16829656908577
703.6500197172165,-72.17014340686929,-72.17014340686929
703.6600197172165,-72.17199399013522,-72.17199399013522
703.6700197172165,-72.17384840645828,-72.17384840645828
703.6800197172165,-72.1757067419208,-72.1757067419208
703.6900197172165,-72.17756908112534,-72.17756908112534
703.7000197172165,-72.17943550719545,-72.17943550719545
703.7100197172165,-72.18129980975488,-72.18129980975488
703.7200197172165,-72.18315931350509,-72.18315931350509
703.7300197172165,-72.1850127554674,-72.1850127554674
703.7400197172165,-72.18685952562615,-72.18685952562615
703.7500197172164,-72.1886993771404,-72.1886993771404
703.7600197172164,-72.19053227588014,-72.19053227588014
703.7700197172165,-72.19235831225411,-72.19235831225411
703.7800197172165,-72.19417764825803,-72.19417764825803
703.7900197172165,-72.19599048560136,-72.19599048560136
703.8000197410583,-72.1977970509147,-72.1977970509147
703.8100197410583,-72.19959756716729,-72.19959756716729
703.8200197410583,-72.2013922728042,-72.2013922728042
703.8300197410583,-72.20318140068234,-72.20318140068234
703.8400197410583,-72.20496518027201,-72.20496518027201
703.8500197410583,-72.20674383661641,-72.20674383661641
703.8600197410583,-72.20851758992711,-72.20851758992711
703.8700197410584,-72.21028665548927,-72.21028665548927
703.8800197410584,-72.212051243853,-72.212051243853
703.8900197410584,-72.21381156101889,-72.21381156101889
703.9000197410584,-72.21556780877299,-72.21556780877299
703.9100197410584,-72.21732018496526,-72.21732018496526
703.9200197410584,-72.21906888380559,-72.21906888380559
703.9300197410583,-72.22081409611155,-72.22081409611155
703.9400197410583,-72.22255600955212,-72.22255600955212
703.9500197410583,-72.2242948088504,-72.2242948088504
703.9600197410583,-72.22602438046992,-72.22602438046992
703.9700197410583,-72.22774214709335,-72.22774214709335
703.9800197410583,-72.22944694364772,-72.22944694364772
703.9900197410584,-72.23113825750703,-72.23113825750703
704.0000197410584,-72.23281593864674,-72.23281593864674
704.0100197410584,-72.23448004911393,-72.23448004911393
704.0200197410584,-72.23613077486806,-72.23613077486806
704.0300197410584,-72.23776837283684,-72.23776837283684
704.0400197410584,-72.23939313904539,-72.23939313904539
704.0500197410583,-72.24100538954504,-72.24100538954504
704.0600197410583,-72.24260544903868,-72.24260544903868
704.0700197410583,-72.24419364419812,-72.24419364419812
704.0800197410583,-72.24577029983514,-72.24577029983514
704.0900197410583,-72.24733573680327,-72.24733573680327
704.1000197410583,-72.24889027095672,-72.24889027095672
704.1100197410583,-72.25043421272136,-72.25043421272136
704.1200197410584,-72.25196786703384,-72.25196786703384
704.1300197410584,-72.25349153348884,-72.25349153348884
704.1400197410584,-72.25500550655039,-72.25500550655039
704.1500197410584,-72.25651007586323,-72.25651007586323
704.1600197410584,-72.25800552651953,-72.25800552651953
704.1700197410584,-72.25949213935084,-72.25949213935084
704.1800197410583,-72.26097019116926,-72.26097019116926
704.1900197410583,-72.26243995499887,-72.26243995499887
704.2000197410583,-72.26390170027099,-72.26390170027099
704.2100197410583,-72.26535569299486,-72.26535569299486
704.2200197410583,-72.26680219591684,-72.26680219591684
704.2300197410583,-72.26824146862636,-72.26824146862636
704.2400197410584,-72.26967376766481,-72.26967376766481
704.2500197410584,-72.2710993466318,-72.2710993466318
704.2600197410584,-72.27251845622885,-72.27251845622885
704.2700197410584,-72.27393134431676,-72.27393134431676
704.2800197410584,-72.27533825601361,-72.27533825601361
704.2900197410584,-72.27673943367921,-72.27673943367921
704.3000197410583,-72.27813511697185,-72.27813511697185
704.3100197410583,-72.27952554286853,-72.27952554286853
704.3200197410583,-72.28091094570836,-72.28091094570836
704.3300197410583,-72.28229155715961,-72.28229155715961
704.3400197410583,-72.2836676062894,-72.2836676062894
704.3500197410583,-72.28503931954268,-72.28503931954268
704.3600197410583,-72.28640692075177,-72.28640692075177
704.3700197410584,-72.28777063115568,-72.28777063115568
704.3800197410584,-72.28913066941135,-72.28913066941135
704.3900197410584,-72.29048725156622,-72.29048725156622
704.4000197410584,-72.29184059110314,-72.29184059110314
704.4100197410584,-72.2931908989151,-72.2931908989151
704.4200197410584,-72.29453838333114,-72.29453838333114
704.4300197410583,-72.29588325009877,-72.29588325009877
704.4400197410583,-72.29722570241937,-72.29722570241937
704.4500197410583,-72.29856594091612,-72.29856594091612
704.4600197410583,-72.29990416366533,-72.29990416366533
704.4700197410583,-72.30124056619377,-72.30124056619377
704.4800197410583,-72.30257534148551,-72.30257534148551
704.4900197410584,-72.30390867998084,-72.30390867998084
704.5000197410584,-72.30524076961525,-72.30524076961525
704.5100197410584,-72.30657179578132,-72.30657179578132
704.5200197410584,-72.30790194136887,-72.30790194136887
704.5300197410584,-72.30923138675706,-72.30923138675706
704.5400197410584,-72.31056030984817,-72.31056030984817
704.5500197410583,-72.31188888604972,-72.31188888604972
704.5600197410583,-72.31321728831082,-72.31321728831082
704.5700197410583,-72.3145456871026,-72.3145456871026
704.5800197410583,-72.31587425047438,-72.31587425047438
704.5900197410583,-72.31720314402673,-72.31720314402673
704.6000197410583,-72.3185325309406,-72.3185325309406
704.6100197410583,-72.31986257199897,-72.31986257199897
704.6200197410584,-72.32119342558842,-72.32119342558842
704.6300197410584,-72.3225252477219,-72.3225252477219
704.6400197410584,-72.32385819205737,-72.32385819205737
704.6500197649002,-72.32519241307264,-72.32519241307264
704.6600197649002,-72.32652805341313,-72.32652805341313
704.6700197649002,-72.3278652629097,-72.3278652629097
704.6800197649002,-72.32920418593794,-72.32920418593794
704.6900197649002,-72.33054496460558,-72.33054496460558
704.7000197649002,-72.33188773875767,-72.33188773875767
704.7100197649002,-72.33322634241,-72.33322634241
704.7200197649003,-72.33455815181969,-72.33455815181969
704.7300197649002,-72.33588195792471,-72.33588195792471
704.7400197649002,-72.33719720526416,-72.33719720526416
704.7500197649002,-72.33850370159432,-72.33850370159432
704.7600197649002,-72.33980146708173,-72.33980146708173
704.7700197649002,-72.3410906459175,-72.3410906459175
704.7800197649002,-72.34237145320884,-72.34237145320884
704.7900197649002,-72.34364414307299,-72.34364414307299
704.8000197649002,-72.34490898948464,-72.34490898948464
704.8100197649002,-72.34616627486596,-72.34616627486596
704.8200197649002,-72.34741628340194,-72.34741628340194
704.8300197649002,-72.34865929719132,-72.34865929719132
704.8400197649003,-72.34989559416658,-72.34989559416658
704.8500197649003,-72.35112544707505,-72.35112544707505
704.8600197649002,-72.35234912303879,-72.35234912303879
704.8700197649002,-72.35356688351294,-72.35356688351294
704.8800197649002,-72.35477898445444,-72.35477898445444
704.8900197649002,-72.35598567657024,-72.35598567657024
704.9000197649002,-72.357187205637,-72.357187205637
704.9100197649002,-72.3583838127703,-72.3583838127703
704.9200197649002,-72.35957573477654,-72.35957573477654
704.9300197649002,-72.36076320437704,-72.36076320437704
704.9400197649002,-72.36194645048035,-72.36194645048035
704.9500197649002,-72.36312569840949,-72.36312569840949
704.9600197649002,-72.36429486429348,-72.36429486429348
704.9700197649003,-72.36545140721856,-72.36545140721856
704.9800197649002,-72.36659420068796,-72.36659420068796
704.9900197649002,-72.36772277135331,-72.36772277135331
705.0000197649002,-72.36883700854611,-72.36883700854611
705.0100197649002,-72.36993701348528,-72.36993701348528
705.0200197649002,-72.3710230108736,-72.3710230108736
705.0300197649002,-72.372095295839,-72.372095295839
705.0400197649002,-72.37315420202064,-72.37315420202064
705.0500197649002,-72.37420008244231,-72.37420008244231
705.0600197649002,-72.37523329809845,-72.37523329809845
705.0700197649002,-72.37625421131501,-72.37625421131501
705.0800197649002,-72.37726318185989,-72.37726318185989
705.0900197649003,-72.37826056491109,-72.37826056491109
705.1000197649003,-72.37924671000609,-72.37924671000609
705.1100197649002,-72.3802219606147,-72.3802219606147
705.1200197649002,-72.38118665409975,-72.38118665409975
705.1300197649002,-72.38214112187738,-72.38214112187738
705.1400197649002,-72.38308568964803,-72.38308568964803
705.1500197649002,-72.38402067770781,-72.38402067770781
705.1600197649002,-72.38494640125182,-72.38494640125182
705.1700197649002,-72.38586317065526,-72.38586317065526
705.1800197649002,-72.38677129172669,-72.38677129172669
705.1900197649002,-72.3876710659734,-72.3876710659734
705.2000197649002,-72.38856279078769,-72.38856279078769
705.2100197649002,-72.38944675963111,-72.38944675963111
705.2200197649003,-72.39032326219245,-72.39032326219245
705.2300197649002,-72.3911925845488,-72.3911925845488
705.2400197649002,-72.39205500923032,-72.39205500923032
705.2500197649002,-72.3929108153574,-72.3929108153574
705.2600197649002,-72.3937602786874,-72.3937602786874
705.2700197649002,-72.39460367171243,-72.39460367171243
705.2800197649002,-72.3954412637078,-72.3954412637078
705.2900197649002,-72.3962733207751,-72.3962733207751
705.3000197649002,-72.39710010587392,-72.39710010587392
705.3100197649002,-72.39792187886425,-72.39792187886425
705.3200197649002,-72.39873889656374,-72.39873889656374
705.3300197649002,-72.39955141271021,-72.39955141271021
705.3400197649003,-72.40035967802734,-72.40035967802734
705.3500197649003,-72.40116394025145,-72.40116394025145
705.3600197649002,-72.40196444409706,-72.40196444409706
705.3700197649002,-72.40276143131634,-72.40276143131634
705.3800197649002,-72.40355514068418,-72.40355514068418
705.3900197649002,-72.40434580804282,-72.40434580804282
705.4000197649002,-72.40513366626796,-72.40513366626796
705.4100197649002,-72.4059189453076,-72.4059189453076
705.4200197649002,-72.40670187219538,-72.40670187219538
705.4300197649002,-72.40748267104888,-72.40748267104888
705.4400197649002,-72.40826156307199,-72.40826156307199
705.4500197649002,-72.40903876658825,-72.40903876658825
705.4600197649002,-72.40981449704128,-72.40981449704128
705.4700197649003,-72.41058896698324,-72.41058896698324
705.4800197649002,-72.41136238613014,-72.41136238613014
705.4900197649002,-72.41213496134668,-72.41213496134668
705.5000197887421,-72.41290689848665,-72.41290689848665
705.510019788742,-72.41367839508345,-72.41367839508345
705.520019788742,-72.41444965136853,-72.41444965136853
705.530019788742,-72.41522086294077,-72.41522086294077
705.540019788742,-72.41599222262506,-72.41599222262506
705.550019788742,-72.41676392047675,-72.41676392047675
705.560019788742,-72.4175361438039,-72.4175361438039
705.5700197887421,-72.4183090771789,-72.4183090771789
705.5800197887421,-72.4190829024651,-72.4190829024651
705.5900197887421,-72.41985779882212,-72.41985779882212
705.6000197887421,-72.42063394273477,-72.42063394273477
705.6100197887421,-72.42141150802864,-72.42141150802864
705.6200197887421,-72.42219066586982,-72.42219066586982
705.6300197887421,-72.42297158481671,-72.42297158481671
705.640019788742,-72.4237544308132,-72.4237544308132
705.650019788742,-72.42453936721716,-72.42453936721716
705.660019788742,-72.42532655484473,-72.42532655484473
705.670019788742,-72.42611615194049,-72.42611615194049
705.680019788742,-72.42690831423363,-72.42690831423363
705.6900197887421,-72.42770319496027,-72.42770319496027
705.7000197887421,-72.42850094488294,-72.42850094488294
705.7100197887421,-72.42930171229125,-72.42930171229125
705.7200197887421,-72.43010564303724,-72.43010564303724
705.7300197887421,-72.43091288057526,-72.43091288057526
705.7400197887421,-72.43172356595889,-72.43172356595889
705.7500197887421,-72.4325378378744,-72.4325378378744
705.760019788742,-72.43335583265859,-72.43335583265859
705.770019788742,-72.43417768434557,-72.43417768434557
705.780019788742,-72.435003524654,-72.435003524654
705.790019788742,-72.4358334830246,-72.4358334830246
705.800019788742,-72.43666768665614,-72.43666768665614
705.810019788742,-72.43750626051343,-72.43750626051343
705.8200197887421,-72.43834932735143,-72.43834932735143
705.8300197887421,-72.43919700775929,-72.43919700775929
705.8400197887421,-72.44004942014651,-72.44004942014651
705.8500197887421,-72.4409066808101,-72.4409066808101
705.8600197887421,-72.4417689039184,-72.4417689039184
705.8700197887421,-72.44263620155903,-72.44263620155903
705.8800197887421,-72.44350868375928,-72.44350868375928
705.890019788742,-72.44438645850133,-72.44438645850133
705.900019788742,-72.44526963174448,-72.44526963174448
705.910019788742,-72.44615830747492,-72.44615830747492
705.920019788742,-72.44705258769335,-72.44705258769335
705.930019788742,-72.4479525724539,-72.4479525724539
705.9400197887421,-72.44885835988832,-72.44885835988832
705.9500197887421,-72.44977004623838,-72.44977004623838
705.9600197887421,-72.45068772585935,-72.45068772585935
705.9700197887421,-72.45161149124367,-72.45161149124367
705.9800197887421,-72.45254143306983,-72.45254143306983
705.9900197887421,-72.45347764020883,-72.45347764020883
706.0000197887421,-72.45442019972748,-72.45442019972748
706.010019788742,-72.45536919693942,-72.45536919693942
706.020019788742,-72.45632471541975,-72.45632471541975
706.030019788742,-72.45728683702151,-72.45728683702151
706.040019788742,-72.45825564189968,-72.45825564189968
706.050019788742,-72.45923120852908,-72.45923120852908
706.060019788742,-72.46021361374684,-72.46021361374684
706.0700197887421,-72.46120293273464,-72.46120293273464
706.0800197887421,-72.46219923909221,-72.46219923909221
706.0900197887421,-72.46320260480358,-72.46320260480358
706.1000197887421,-72.46421310030426,-72.46421310030426
706.1100197887421,-72.46523079446919,-72.46523079446919
706.1200197887421,-72.46625575464724,-72.46625575464724
706.1300197887421,-72.46728804669286,-72.46728804669286
706.140019788742,-72.46832773496189,-72.46832773496189
706.150019788742,-72.46937488235704,-72.46937488235704
706.160019788742,-72.47042955031888,-72.47042955031888
706.170019788742,-72.47149179887599,-72.47149179887599
706.180019788742,-72.47256168664937,-72.47256168664937
706.1900197887421,-72.47363927085556,-72.47363927085556
706.2000197887421,-72.47472460737345,-72.47472460737345
706.2100197887421,-72.47581775070694,-72.47581775070694
706.2200197887421,-72.47691875404642,-72.47691875404642
706.2300197887421,-72.4780276692523,-72.4780276692523
706.2400197887421,-72.47914454690971,-72.47914454690971
706.2500197887421,-72.48026943632512,-72.48026943632512
706.260019788742,-72.48140238554583,-72.48140238554583
706.270019788742,-72.48254344137817,-72.48254344137817
706.280019788742,-72.48369264940835,-72.48369264940835
706.290019788742,-72.48485005402853,-72.48485005402853
706.300019788742,-72.48601569842494,-72.48601569842494
706.310019788742,-72.4871896246355,-72.4871896246355
706.3200197887421,-72.48837187351778,-72.48837187351778
706.3300197887421,-72.48956248482757,-72.48956248482757
706.3400197887421,-72.49076149717912,-72.49076149717912
706.3500198125839,-72.49196895095919,-72.49196895095919
706.3600198125839,-72.4931848768826,-72.4931848768826
706.3700198125839,-72.49440931314592,-72.49440931314592
706.3800198125839,-72.49564229404193,-72.49564229404193
706.3900198125839,-72.49688385283937,-72.49688385283937
706.4000198125839,-72.49813402178033,-72.49813402178033
706.4100198125839,-72.49939283208657,-72.49939283208657
706.420019812584,-72.50066031399217,-72.50066031399217
706.430019812584,-72.50193649674955,-72.50193649674955
706.440019812584,-72.5032214086444,-72.5032214086444
706.450019812584,-72.50451507701037,-72.50451507701037
706.4600198125839,-72.5058175282489,-72.5058175282489
706.4700198125839,-72.50712878783138,-72.50712878783138
706.4800198125839,-72.50844888033012,-72.50844888033012
706.4900198125839,-72.50977782941182,-72.50977782941182
706.5000198125839,-72.51111565786405,-72.51111565786405
706.5100198125839,-72.51246238761705,-72.51246238761705
706.5200198125839,-72.5138180397229,-72.5138180397229
706.5300198125839,-72.5151826344129,-72.5151826344129
706.540019812584,-72.51655619107439,-72.51655619107439
706.550019812584,-72.51793872829913,-72.51793872829913
706.560019812584,-72.51933026384556,-72.51933026384556
706.570019812584,-72.52073081470047,-72.52073081470047
706.5800198125839,-72.52214039705866,-72.52214039705866
706.5900198125839,-72.5235590263591,-72.5235590263591
706.6000198125839,-72.52498671727169,-72.52498671727169
706.6100198125839,-72.52642348372777,-72.52642348372777
706.6200198125839,-72.52786933892916,-72.52786933892916
706.6300198125839,-72.52932429535196,-72.52932429535196
706.6400198125839,-72.530788364754,-72.530788364754
706.6500198125839,-72.53226155821606,-72.53226155821606
706.6600198125839,-72.5337438861093,-72.5337438861093
706.670019812584,-72.53523535813432,-72.53523535813432
706.680019812584,-72.53673598332384,-72.53673598332384
706.690019812584,-72.53824577006087,-72.53824577006087
706.700019812584,-72.53976472607134,-72.53976472607134
706.7100198125839,-72.54129285844792,-72.54129285844792
706.7200198125839,-72.54283017366573,-72.54283017366573
706.7300198125839,-72.54437667756773,-72.54437667756773
706.7400198125839,-72.54593237540034,-72.54593237540034
706.7500198125839,-72.54749727181755,-72.54749727181755
706.7600198125839,-72.54907137087577,-72.54907137087577
706.7700198125839,-72.5506546760589,-72.5506546760589
706.7800198125839,-72.55224719028689,-72.55224719028689
706.790019812584,-72.55384891590285,-72.55384891590285
706.800019812584,-72.55545985472328,-72.55545985472328
706.810019812584,-72.55708000800503,-72.55708000800503
706.820019812584,-72.55870937647906,-72.55870937647906
706.8300198125839,-72.56034796034443,-72.56034796034443
706.8400198125839,-72.56199575929647,-72.56199575929647
706.8500198125839,-72.56365277251156,-72.56365277251156
706.8600198125839,-72.56531899866461,-72.56531899866461
706.8700198125839,-72.5669944359611,-72.5669944359611
706.8800198125839,-72.56867908209924,-72.56867908209924
706.8900198125839,-72.57037293431152,-72.57037293431152
706.9000198125839,-72.57207598935744,-72.57207598935744
706.9100198125839,-72.5737882435484,-72.5737882435484
706.920019812584,-72.5755096927268,-72.5755096927268
706.930019812584,-72.57724033231105,-72.57724033231105
706.940019812584,-72.57898015725749,-72.57898015725749
706.950019812584,-72.58072916211324,-72.58072916211324
706.9600198125839,-72.58248734099742,-72.58248734099742
706.9700198125839,-72.58425468760781,-72.58425468760781
706.9800198125839,-72.58603119522687,-72.58603119522687
706.9900198125839,-72.58781685674914,-72.58781685674914
707.0000198125839,-72.58952165302965,-72.58952165302965
707.0100198125839,-72.59111022767215,-72.59111022767215
707.0200198125839,-72.59256768208417,-72.59256768208417
707.0300198125839,-72.59388788821265,-72.59388788821265
707.040019812584,-72.59506931056681,-72.59506931056681
707.050019812584,-72.59611302944005,-72.59611302944005
707.060019812584,-72.59702162941434,-72.59702162941434
707.070019812584,-72.59779853011274,-72.59779853011274
707.0800198125839,-72.59844757540968,-72.59844757540968
707.0900198125839,-72.59897278181896,-72.59897278181896
707.1000198125839,-72.59937818666374,-72.59937818666374
707.1100198125839,-72.59966775891914,-72.59966775891914
707.1200198125839,-72.59984534935455,-72.59984534935455
707.1300198125839,-72.5999146651383,-72.5999146651383
707.1400198125839,-72.599879259434,-72.599879259434
707.1500198125839,-72.59974252997938,-72.59974252997938
707.1600198125839,-72.59950772295342,-72.59950772295342
707.170019812584,-72.59917793969782,-72.59917793969782
707.180019812584,-72.5987561448405,-72.5987561448405
707.190019812584,-72.59824517487748,-72.59824517487748
707.2000198364258,-72.59764774536599,-72.59764774536599
707.2100198364258,-72.59696646456372,-72.59696646456372
707.2200198364258,-72.59620383377414,-72.59620383377414
707.2300198364258,-72.59536225899518,-72.59536225899518
707.2400198364257,-72.59444405670631,-72.59444405670631
707.2500198364257,-72.59345145992066,-72.59345145992066
707.2600198364257,-72.59238662375631,-72.59238662375631
707.2700198364258,-72.59125163053514,-72.59125163053514
707.2800198364258,-72.59004849439482,-72.59004849439482
707.2900198364258,-72.58877916549783,-72.58877916549783
707.3000198364258,-72.58744553390953,-72.58744553390953
707.3100198364258,-72.58604943308795,-72.58604943308795
707.3200198364258,-72.58459264309894,-72.58459264309894
707.3300198364258,-72.58307689355325,-72.58307689355325
707.3400198364258,-72.58150386630648,-72.58150386630648
707.3500198364258,-72.57987519790169,-72.57987519790169
707.3600198364257,-72.57819248186254,-72.57819248186254
707.3700198364257,-72.576457270764,-72.576457270764
707.3800198364257,-72.57467107814965,-72.57467107814965
707.3900198364258,-72.57283538031399,-72.57283538031399
707.4000198364258,-72.57095161794734,-72.57095161794734
707.4100198364258,-72.56902119762225,-72.56902119762225
707.4200198364258,-72.56704549321645,-72.56704549321645
707.4300198364258,-72.56502584721564,-72.56502584721564
707.4400198364258,-72.56296357193129,-72.56296357193129
707.4500198364258,-72.56085995061112,-72.56085995061112
707.4600198364258,-72.55871623849299,-72.55871623849299
707.4700198364258,-72.55653366380227,-72.55653366380227
707.4800198364258,-72.55431342864746,-72.55431342864746
707.4900198364257,-72.5520567099035,-72.5520567099035
707.5000198364257,-72.5497646599972,-72.5497646599972
707.5100198364257,-72.54743840766923,-72.54743840766923
707.5200198364258,-72.54507905869404,-72.54507905869404
707.5300198364258,-72.54268769656491,-72.54268769656491
707.5400198364258,-72.54026538306779,-72.54026538306779
707.5500198364258,-72.53781315896651,-72.53781315896651
707.5600198364258,-72.53524497967501,-72.53524497967501
707.5700198364258,-72.53255531173866,-72.53255531173866
707.5800198364258,-72.52974078236456,-72.52974078236456
707.5900198364258,-72.5267998476088,-72.5267998476088
707.6000198364258,-72.5237322338521,-72.5237322338521
707.6100198364257,-72.52053850121487,-72.52053850121487
707.6200198364257,-72.51721974922128,-72.51721974922128
707.6300198364257,-72.5137774279161,-72.5137774279161
707.6400198364258,-72.51021321815702,-72.51021321815702
707.6500198364258,-72.50652895528958,-72.50652895528958
707.6600198364258,-72.50272657986852,-72.50272657986852
707.6700198364258,-72.49880810524216,-72.49880810524216
707.6800198364258,-72.49477559566482,-72.49477559566482
707.6900198364258,-72.4906311510797,-72.4906311510797
707.7000198364258,-72.48637689612998,-72.48637689612998
707.7100198364258,-72.48201497193176,-72.48201497193176
707.7200198364258,-72.47754752963075,-72.47754752963075
707.7300198364258,-72.4729767252407,-72.4729767252407
707.7400198364257,-72.46830471531682,-72.46830471531682
707.7500198364257,-72.46353365330187,-72.46353365330187
707.7600198364257,-72.45866568634952,-72.45866568634952
707.7700198364258,-72.4537029525357,-72.4537029525357
707.7800198364258,-72.44864757849133,-72.44864757849133
707.7900198364258,-72.44350167716898,-72.44350167716898
707.8000198364258,-72.43826734602808,-72.43826734602808
707.8100198364258,-72.4329466653124,-72.4329466653124
707.8200198364258,-72.42754169662815,-72.42754169662815
707.8300198364258,-72.4220544816411,-72.4220544816411
707.8400198364258,-72.41648704096367,-72.41648704096367
707.8500198364258,-72.41084137319349,-72.41084137319349
707.8600198364257,-72.4051194540964,-72.4051194540964
707.8700198364257,-72.39932323586495,-72.39932323586495
707.8800198364257,-72.3934546465787,-72.3934546465787
707.8900198364258,-72.38751558965897,-72.38751558965897
707.9000198364258,-72.38150794350524,-72.38150794350524
707.9100198364258,-72.37543356116065,-72.37543356116065
707.9200198364258,-72.36929427008,-72.36929427008
707.9300198364258,-72.36309187192504,-72.36309187192504
707.9400198364258,-72.35682814246888,-72.35682814246888
707.9500198364258,-72.35050483153464,-72.35050483153464
707.9600198364258,-72.34412366296118,-72.34412366296118
707.9700198364258,-72.33768633463536,-72.33768633463536
707.9800198364258,-72.33119451856601,-72.33119451856601
707.9900198364257,-72.32464986096828,-72.32464986096828
708.0000198364257,-72.31805398240564,-72.31805398240564
708.0100198364257,-72.31140847793489,-72.31140847793489
708.0200198364258,-72.3047149172864,-72.3047149172864
708.0300198364258,-72.29797484507517,-72.29797484507517
708.0400198364258,-72.29118978100227,-72.29118978100227
708.0500198602676,-72.284361203819,-72.284361203819
708.0600198602676,-72.27749061645099,-72.27749061645099
708.0700198602676,-72.27057944939634,-72.27057944939634
708.0800198602676,-72.26362912509242,-72.26362912509242
708.0900198602676,-72.2566410424501,-72.2566410424501
708.1000198602676,-72.2496165770518,-72.2496165770518
708.1100198602676,-72.24255708143677,-72.24255708143677
708.1200198602677,-72.23546388539542,-72.23546388539542
708.1300198602677,-72.228338296278,-72.228338296278
708.1400198602677,-72.22118159927216,-72.22118159927216
708.1500198602677,-72.21399505773564,-72.21399505773564
708.1600198602677,-72.20677991347937,-72.20677991347937
708.1700198602676,-72.19953738709998,-72.19953738709998
708.1800198602676,-72.19226867825364,-72.19226867825364
708.1900198602676,-72.18497496599142,-72.18497496599142
708.2000198602676,-72.17765740905067,-72.17765740905067
708.2100198602676,-72.1703171461543,-72.1703171461543
708.2200198602676,-72.1629552963196,-72.1629552963196
708.2300198602676,-72.155572959161,-72.155572959161
708.2400198602677,-72.14817121517258,-72.14817121517258
708.2500198602677,-72.14075112605325,-72.14075112605325
708.2600198602677,-72.13331373495781,-72.13331373495781
708.2700198602677,-72.12586006682409,-72.12586006682409
708.2800198602677,-72.1183911286356,-72.1183911286356
708.2900198602676,-72.11090790971426,-72.11090790971426
708.3000198602676,-72.10341138200013,-72.10341138200013
708.3100198602676,-72.09590250032535,-72.09590250032535
708.3200198602676,-72.08838220267972,-72.08838220267972
708.3300198602676,-72.08085141048838,-72.08085141048838
708.3400198602676,-72.07331102887974,-72.07331102887974
708.3500198602676,-72.06576194695326,-72.06576194695326
708.3600198602676,-72.05820503799868,-72.05820503799868
708.3700198602677,-72.05064115979799,-72.05064115979799
708.3800198602677,-72.04307115484848,-72.04307115484848
708.3900198602677,-72.03549585062653,-72.03549585062653
708.4000198602677,-72.02791605980228,-72.02791605980228
708.4100198602677,-72.0203325805142,-72.0203325805142
708.4200198602676,-72.0127461965823,-72.0127461965823
708.4300198602676,-72.00515767773214,-72.00515767773214
708.4400198602676,-71.99756777985124,-71.99756777985124
708.4500198602676,-71.98997724518779,-71.98997724518779
708.4600198602676,-71.98238055177372,-71.98238055177372
708.4700198602676,-71.97477569770588,-71.97477569770588
708.4800198602676,-71.96716207672189,-71.96716207672189
708.4900198602677,-71.95953971968393,-71.95953971968393
708.5000198602677,-71.9519090059942,-71.9519090059942
708.5100198602677,-71.94427051410244,-71.94427051410244
708.5200198602677,-71.93662493409886,-71.93662493409886
708.5300198602677,-71.92897301532531,-71.92897301532531
708.5400198602676,-71.92131553496642,-71.92131553496642
708.5500198602676,-71.91365327933069,-71.91365327933069
708.5600198602676,-71.90598703276665,-71.90598703276665
708.5700198602676,-71.89831757127102,-71.89831757127102
708.5800198602676,-71.89064565891803,-71.89064565891803
708.5900198602676,-71.88297204600282,-71.88297204600282
708.6000198602676,-71.87529746822862,-71.87529746822862
708.6100198602676,-71.86762264648443,-71.86762264648443
708.6200198602677,-71.85994828699914,-71.85994828699914
708.6300198602677,-71.85227508170227,-71.85227508170227
708.6400198602677,-71.84460370861892,-71.84460370861892
708.6500198602677,-71.83693483237536,-71.83693483237536
708.6600198602677,-71.82926910465032,-71.82926910465032
708.6700198602676,-71.82160716464173,-71.82160716464173
708.6800198602676,-71.81394963950119,-71.81394963950119
708.6900198602676,-71.80629714471537,-71.80629714471537
708.7000198602676,-71.79865028448226,-71.79865028448226
708.7100198602676,-71.79100965204468,-71.79100965204468
708.7200198602676,-71.78337582998094,-71.78337582998094
708.7300198602676,-71.77574939051217,-71.77574939051217
708.7400198602677,-71.76813089572532,-71.76813089572532
708.7500198602677,-71.7605208978316,-71.7605208978316
708.7600198602677,-71.75291993936271,-71.75291993936271
708.7700198602677,-71.7453285533889,-71.7453285533889
708.7800198602677,-71.73774726367121,-71.73774726367121
708.7900198602676,-71.73017658488516,-71.73017658488516
708.8000198602676,-71.72261702274511,-71.72261702274511
708.8100198602676,-71.71506907415008,-71.71506907415008
708.8200198602676,-71.70753322736199,-71.70753322736199
708.8300198602676,-71.70000996212171,-71.70000996212171
708.8400198602676,-71.69249974978511,-71.69249974978511
708.8500198602676,-71.68500305343419,-71.68500305343419
708.8600198602676,-71.67752032803614,-71.67752032803614
708.8700198602677,-71.67005202051443,-71.67005202051443
708.8800198602677,-71.66259856989353,-71.66259856989353
708.8900198602677,-71.65516040738783,-71.65516040738783
708.9000198841095,-71.64773793884204,-71.64773793884204
708.9100198841095,-71.64033161559442,-71.64033161559442
708.9200198841095,-71.63294182839437,-71.63294182839437
708.9300198841095,-71.62556897828593,-71.62556897828593
708.9400198841095,-71.61821345905268,-71.61821345905268
708.9500198841095,-71.61087565726291,-71.61087565726291
708.9600198841094,-71.60354973584961,-71.60354973584961
708.9700198841095,-71.59623336539006,-71.59623336539006
708.9800198841095,-71.58892561073374,-71.58892561073374
708.9900198841095,-71.58162617633498,-71.58162617633498
709.0000198841095,-71.57433511904529,-71.57433511904529
709.0100198841095,-71.56705269933593,-71.56705269933593
709.0200198841095,-71.55977929416039,-71.55977929416039
709.0300198841095,-71.55251534474277,-71.55251534474277
709.0400198841095,-71.5452613251836,-71.5452613251836
709.0500198841095,-71.53801772375016,-71.53801772375016
709.0600198841095,-71.53078503173477,-71.53078503173477
709.0700198841095,-71.52356373700131,-71.52356373700131
709.0800198841094,-71.51635432033183,-71.51635432033183
709.0900198841096,-71.50915725351337,-71.50915725351337
709.1000198841095,-71.50197299840431,-71.50197299840431
709.1100198841095,-71.49480200666333,-71.49480200666333
709.1200198841095,-71.48764471979874,-71.48764471979874
709.1300198841095,-71.48050156943482,-71.48050156943482
709.1400198841095,-71.47337297768203,-71.47337297768203
709.1500198841095,-71.46625935748455,-71.46625935748455
709.1600198841095,-71.4591611130734,-71.4591611130734
709.1700198841095,-71.45207864029274,-71.45207864029274
709.1800198841095,-71.4450123269813,-71.4450123269813
709.1900198841095,-71.4379625532923,-71.4379625532923
709.2000198841095,-71.43092969198425,-71.43092969198425
709.2100198841094,-71.42391410867603,-71.42391410867603
709.2200198841095,-71.41691616208577,-71.41691616208577
709.2300198841095,-71.40993620427679,-71.40993620427679
709.2400198841095,-71.40297458077825,-71.40297458077825
709.2500198841095,-71.3960316307948,-71.3960316307948
709.2600198841095,-71.38910768737044,-71.38910768737044
709.2700198841095,-71.38220307748523,-71.38220307748523
709.2800198841095,-71.37531812220999,-71.37531812220999
709.2900198841095,-71.3684531368227,-71.3684531368227
709.3000198841095,-71.36160843086591,-71.36160843086591
709.3100198841095,-71.35478430830527,-71.35478430830527
709.3200198841095,-71.34798106757468,-71.34798106757468
709.3300198841094,-71.3411990016633,-71.3411990016633
709.3400198841096,-71.3344383982083,-71.3344383982083
709.3500198841095,-71.32769953955828,-71.32769953955828
709.3600198841095,-71.32098270283674,-71.32098270283674
709.3700198841095,-71.31428816001527,-71.31428816001527
709.3800198841095,-71.30761617798139,-71.30761617798139
709.3900198841095,-71.30096701858345,-71.30096701858345
709.4000198841095,-71.29434093870903,-71.29434093870903
709.4100198841095,-71.2877381903235,-71.2877381903235
709.4200198841095,-71.28115902053794,-71.28115902053794
709.4300198841095,-71.27460367165675,-71.27460367165675
709.4400198841095,-71.26807238124529,-71.26807238124529
709.4500198841095,-71.26156538215722,-71.26156538215722
709.4600198841094,-71.25508290260856,-71.25508290260856
709.4700198841095,-71.24862516621614,-71.24862516621614
709.4800198841095,-71.24219239206221,-71.24219239206221
709.4900198841095,-71.23578479472488,-71.23578479472488
709.5000198841095,-71.22940258434882,-71.22940258434882
709.5100198841095,-71.22304596667227,-71.22304596667227
709.5200198841095,-71.21671514310243,-71.21671514310243
709.5300198841095,-71.21041031073506,-71.21041031073506
709.5400198841095,-71.20413166241639,-71.20413166241639
709.5500198841095,-71.1978793868079,-71.1978793868079
709.5600198841095,-71.19165366840518,-71.19165366840518
709.5700198841095,-71.18545468760354,-71.18545468760354
709.5800198841094,-71.17928262074096,-71.17928262074096
709.5900198841096,-71.17313764013532,-71.17313764013532
709.6000198841095,-71.16701991416218,-71.16701991416218
709.6100198841095,-71.16092960726003,-71.16092960726003
709.6200198841095,-71.15486687999731,-71.15486687999731
709.6300198841095,-71.14883188912799,-71.14883188912799
709.6400198841095,-71.14282478763144,-71.14282478763144
709.6500198841095,-71.13684572474146,-71.13684572474146
709.6600198841095,-71.13089484601059,-71.13089484601059
709.6700198841095,-71.12497229335165,-71.12497229335165
709.6800198841095,-71.11907820508348,-71.11907820508348
709.6900198841095,-71.11321271596967,-71.11321271596967
709.7000198841095,-71.10737595726928,-71.10737595726928
709.7100198841094,-71.10156805677525,-71.10156805677525
709.7200198841095,-71.09578913885848,-71.09578913885848
709.7300198841095,-71.09003932453636,-71.09003932453636
709.7400198841095,-71.08431873147678,-71.08431873147678
709.7500199079514,-71.07862746051454,-71.07862746051454
709.7600199079513,-71.07296564999838,-71.07296564999838
709.7700199079513,-71.06733339418955,-71.06733339418955
709.7800199079513,-71.06173079788392,-71.06173079788392
709.7900199079513,-71.05615796274914,-71.05615796274914
709.8000199079513,-71.05061498737663,-71.05061498737663
709.8100199079513,-71.04510196731178,-71.04510196731178
709.8200199079514,-71.03961899512541,-71.03961899512541
709.8300199079514,-71.03416616043029,-71.03416616043029
709.8400199079514,-71.02874354992211,-71.02874354992211
709.8500199079514,-71.02335124742058,-71.02335124742058
709.8600199079514,-71.01798933391984,-71.01798933391984
709.8700199079514,-71.01265788763591,-71.01265788763591
709.8800199079514,-71.00735698400756,-71.00735698400756
709.8900199079513,-71.0020866957696,-71.0020866957696
709.9000199079513,-70.99684709298218,-70.99684709298218
709.9100199079513,-70.99163824307352,-70.99163824307352
709.9200199079513,-70.98646021085295,-70.98646021085295
709.9300199079513,-70.98131305858446,-70.98131305858446
709.9400199079514,-70.97619684599209,-70.97619684599209
709.9500199079514,-70.97111163032591,-70.97111163032591
709.9600199079514,-70.96605746637138,-70.96605746637138
709.9700199079514,-70.96103440649443,-70.96103440649443
709.9800199079514,-70.95604250068907,-70.95604250068907
709.9900199079514,-70.9510817965892,-70.9510817965892
710.0000199079514,-70.9461523395243,-70.9461523395243
710.0100199079513,-70.94125417254989,-70.94125417254989
710.0200199079513,-70.93638733646995,-70.93638733646995
710.0300199079513,-70.9315518698793,-70.9315518698793
710.0400199079513,-70.92674780919661,-70.92674780919661
710.0500199079513,-70.9219751886914,-70.9219751886914
710.0600199079513,-70.91723404053269,-70.91723404053269
710.0700199079514,-70.91252439479584,-70.91252439479584
710.0800199079514,-70.90784627952343,-70.90784627952343
710.0900199079514,-70.90319972071995,-70.90319972071995
710.1000199079514,-70.89858474243155,-70.89858474243155
710.1100199079514,-70.89400136672202,-70.89400136672202
710.1200199079514,-70.8894496137447,-70.8894496137447
710.1300199079514,-70.88492950175913,-70.88492950175913
710.1400199079513,-70.88044104715699,-70.88044104715699
710.1500199079513,-70.8759842644904,-70.8759842644904
710.1600199079513,-70.87155916651423,-70.87155916651423
710.1700199079513,-70.86716576419245,-70.86716576419245
710.1800199079513,-70.86280406673554,-70.86280406673554
710.1900199079514,-70.85847408164774,-70.85847408164774
710.2000199079514,-70.85417581473023,-70.85417581473023
710.2100199079514,-70.84990927011388,-70.84990927011388
710.2200199079514,-70.84567445029151,-70.84567445029151
710.2300199079514,-70.84147135613725,-70.84147135613725
710.2400199079514,-70.83729998693522,-70.83729998693522
710.2500199079514,-70.833160340419,-70.833160340419
710.2600199079513,-70.82905241276761,-70.82905241276761
710.2700199079513,-70.8249761986551,-70.8249761986551
710.2800199079513,-70.82093169126948,-70.82093169126948
710.2900199079513,-70.81691888233387,-70.81691888233387
710.3000199079513,-70.81293776213033,-70.81293776213033
710.3100199079513,-70.80898831953324,-70.80898831953324
710.3200199079514,-70.80507054201452,-70.80507054201452
710.3300199079514,-70.80118441568503,-70.80118441568503
710.3400199079514,-70.79732992529996,-70.79732992529996
710.3500199079514,-70.79350705431136,-70.79350705431136
710.3600199079514,-70.78971578485319,-70.78971578485319
710.3700199079514,-70.7859560977834,-70.7859560977834
710.3800199079514,-70.78222797270625,-70.78222797270625
710.3900199079513,-70.77853138798724,-70.77853138798724
710.4000199079513,-70.77486632078207,-70.77486632078207
710.4100199079513,-70.7712327470532,-70.7712327470532
710.4200199079513,-70.76763064158656,-70.76763064158656
710.4300199079513,-70.76405997801274,-70.76405997801274
710.4400199079514,-70.76052072882463,-70.76052072882463
710.4500199079514,-70.7570128654239,-70.7570128654239
710.4600199079514,-70.75353635809707,-70.75353635809707
710.4700199079514,-70.75009117607114,-70.75009117607114
710.4800199079514,-70.74667728749877,-70.74667728749877
710.4900199079514,-70.74329465951254,-70.74329465951254
710.5000199079514,-70.73994325821859,-70.73994325821859
710.5100199079513,-70.73662304872634,-70.73662304872634
710.5200199079513,-70.73333399515313,-70.73333399515313
710.5300199079513,-70.73007606067546,-70.73007606067546
710.5400199079513,-70.72684920749349,-70.72684920749349
710.5500199079513,-70.72365339689652,-70.72365339689652
710.5600199079513,-70.72048858924599,-70.72048858924599
710.5700199079514,-70.7173547440137,-70.7173547440137
710.5800199079514,-70.71425181980659,-70.71425181980659
710.5900199079514,-70.71117977433877,-70.71117977433877
710.6000199317932,-70.70813855726517,-70.70813855726517
710.6100199317932,-70.70512813920868,-70.70512813920868
710.6200199317932,-70.70214846802538,-70.70214846802538
710.6300199317932,-70.69919949816654,-70.69919949816654
710.6400199317932,-70.69628118328023,-70.69628118328023
710.6500199317932,-70.69339347623091,-70.69339347623091
710.6600199317932,-70.69053632913896,-70.69053632913896
710.6700199317933,-70.68770969337123,-70.68770969337123
710.6800199317933,-70.684913519578,-70.684913519578
710.6900199317932,-70.68214775769044,-70.68214775769044
710.7000199317932,-70.67941235692835,-70.67941235692835
710.7100199317932,-70.67670112248835,-70.67670112248835
710.7200199317932,-70.67401132612841,-70.67401132612841
710.7300199317932,-70.67134162245577,-70.67134162245577
710.7400199317932,-70.66869130444124,-70.66869130444124
710.7500199317932,-70.66606001976228,-70.66606001976228
710.7600199317932,-70.66344762366741,-70.66344762366741
710.7700199317932,-70.66085409279405,-70.66085409279405
710.7800199317932,-70.65827947339982,-70.65827947339982
710.7900199317933,-70.65572385022793,-70.65572385022793
710.8000199317933,-70.65318732791143,-70.65318732791143
710.8100199317932,-70.65067001983958,-70.65067001983958
710.8200199317932,-70.64817204172437,-70.64817204172437
710.8300199317932,-70.64569350787319,-70.64569350787319
710.8400199317932,-70.64323452921869,-70.64323452921869
710.8500199317932,-70.64079521232664,-70.64079521232664
710.8600199317932,-70.6383756590719,-70.6383756590719
710.8700199317932,-70.63597596659343,-70.63597596659343
710.8800199317932,-70.63359622751487,-70.63359622751487
710.8900199317932,-70.63123653018323,-70.63123653018323
710.9000199317932,-70.62889695903411,-70.62889695903411
710.9100199317932,-70.62657759489775,-70.62657759489775
710.9200199317933,-70.62427851530207,-70.62427851530207
710.9300199317933,-70.62199979478507,-70.62199979478507
710.9400199317932,-70.61974150511874,-70.61974150511874
710.9500199317932,-70.61750371556124,-70.61750371556124
710.9600199317932,-70.61528035409704,-70.61528035409704
710.9700199317932,-70.61306881050562,-70.61306881050562
710.9800199317932,-70.61086785494614,-70.61086785494614
710.9900199317932,-70.60867689431082,-70.60867689431082
711.0000199317932,-70.60649568890696,-70.60649568890696
711.0100199317932,-70.60432420552281,-70.60432420552281
711.0200199317932,-70.60216253133541,-70.60216253133541
711.0300199317932,-70.60001082227292,-70.60001082227292
711.0400199317933,-70.59786927191466,-70.59786927191466
711.0500199317933,-70.59573809292442,-70.59573809292442
711.0600199317932,-70.59361750598994,-70.59361750598994
711.0700199317932,-70.59150773334888,-70.59150773334888
711.0800199317932,-70.58940899513495,-70.58940899513495
711.0900199317932,-70.58732150736414,-70.58732150736414
711.1000199317932,-70.58524548098981,-70.58524548098981
711.1100199317932,-70.5831811215255,-70.5831811215255
711.1200199317932,-70.58112862905108,-70.58112862905108
711.1300199317932,-70.57908819838781,-70.57908819838781
711.1400199317932,-70.57706001936967,-70.57706001936967
711.1500199317932,-70.57504427716032,-70.57504427716032
711.1600199317932,-70.57304115259222,-70.57304115259222
711.1700199317933,-70.57105082241802,-70.57105082241802
711.1800199317933,-70.56907345966248,-70.56907345966248
711.1900199317932,-70.56710923380952,-70.56710923380952
711.2000199317932,-70.56515831104096,-70.56515831104096
711.2100199317932,-70.56322085443686,-70.56322085443686
711.2200199317932,-70.56129702413676,-70.56129702413676
711.2300199317932,-70.55938697746426,-70.55938697746426
711.2400199317932,-70.55749086906788,-70.55749086906788
711.2500199317932,-70.55560885101201,-70.55560885101201
711.2600199317932,-70.5537410728655,-70.5537410728655
711.2700199317932,-70.5518876817563,-70.5518876817563
711.2800199317932,-70.55004882246003,-70.55004882246003
711.2900199317933,-70.5482246374244,-70.5482246374244
711.3000199317933,-70.54641526683217,-70.54641526683217
711.3100199317932,-70.54462084861343,-70.54462084861343
711.3200199317932,-70.54284151848654,-70.54284151848654
711.3300199317932,-70.54107740998491,-70.54107740998491
711.3400199317932,-70.53932865446383,-70.53932865446383
711.3500199317932,-70.53759538113252,-70.53759538113252
711.3600199317932,-70.53587771706545,-70.53587771706545
711.3700199317932,-70.53417578719514,-70.53417578719514
711.3800199317932,-70.53248971434749,-70.53248971434749
711.3900199317932,-70.53081961923944,-70.53081961923944
711.4000199317932,-70.52916562047115,-70.52916562047115
711.4100199317932,-70.5275278345675,-70.5275278345675
711.4200199317933,-70.52590637596055,-70.52590637596055
711.4300199317933,-70.52430135699542,-70.52430135699542
711.4400199317932,-70.52271288795185,-70.52271288795185
711.4500199556351,-70.52114107329463,-70.52114107329463
711.4600199556351,-70.51957989499437,-70.51957989499437
711.470019955635,-70.51802678037394,-70.51802678037394
711.480019955635,-70.5164805391386,-70.5164805391386
711.490019955635,-70.51494061687882,-70.51494061687882
711.500019955635,-70.5134068120392,-70.5134068120392
711.510019955635,-70.51187912909688,-70.51187912909688
711.5200199556351,-70.51035769246285,-70.51035769246285
711.5300199556351,-70.50884269484378,-70.50884269484378
711.5400199556351,-70.50733436611645,-70.50733436611645
711.5500199556351,-70.50583295473486,-70.50583295473486
711.5600199556351,-70.5043387166518,-70.5043387166518
711.5700199556351,-70.50285190882826,-70.50285190882826
711.5800199556351,-70.50137278554503,-70.50137278554503
711.5900199556351,-70.49990159639326,-70.49990159639326
711.600019955635,-70.49843858530383,-70.49843858530383
711.610019955635,-70.49698399017923,-70.49698399017923
711.620019955635,-70.49553804286995,-70.49553804286995
711.630019955635,-70.49410096938462,-70.49410096938462
711.6400199556351,-70.49267299012799,-70.49267299012799
711.6500199556351,-70.49125432025592,-70.49125432025592
711.6600199556351,-70.48984516997952,-70.48984516997952
711.6700199556351,-70.488445744869,-70.488445744869
711.6800199556351,-70.48705624615538,-70.48705624615538
711.6900199556351,-70.48567687098205,-70.48567687098205
711.7000199556351,-70.48430781263242,-70.48430781263242
711.7100199556351,-70.48294926073201,-70.48294926073201
711.720019955635,-70.48160140141931,-70.48160140141931
711.730019955635,-70.48026441751394,-70.48026441751394
711.740019955635,-70.47893848861831,-70.47893848861831
711.750019955635,-70.4776237912615,-70.4776237912615
711.760019955635,-70.47632049896463,-70.47632049896463
711.7700199556351,-70.47502878235345,-70.47502878235345
711.7800199556351,-70.47374880921681,-70.47374880921681
711.7900199556351,-70.47248074456265,-70.47248074456265
711.8000199556351,-70.4712247506845,-70.4712247506845
711.8100199556351,-70.46998098719516,-70.46998098719516
711.8200199556351,-70.46874961106646,-70.46874961106646
711.8300199556351,-70.46753077668876,-70.46753077668876
711.8400199556351,-70.46632463585792,-70.46632463585792
711.850019955635,-70.46513133784725,-70.46513133784725
711.860019955635,-70.46395102940753,-70.46395102940753
711.870019955635,-70.46278385479417,-70.46278385479417
711.880019955635,-70.46162995578668,-70.46162995578668
711.8900199556351,-70.4604894717082,-70.4604894717082
711.9000199556351,-70.45936253945341,-70.45936253945341
711.9100199556351,-70.45824929348991,-70.45824929348991
711.9200199556351,-70.45714986587409,-70.45714986587409
711.9300199556351,-70.45606438628977,-70.45606438628977
711.9400199556351,-70.45499298203204,-70.45499298203204
711.9500199556351,-70.4539357780344,-70.4539357780344
711.9600199556351,-70.4528928969063,-70.4528928969063
711.970019955635,-70.45186445890758,-70.45186445890758
711.980019955635,-70.45085058198872,-70.45085058198872
711.990019955635,-70.44985138180509,-70.44985138180509
712.000019955635,-70.44886697173072,-70.44886697173072
712.010019955635,-70.44789746286102,-70.44789746286102
712.0200199556351,-70.44694296403664,-70.44694296403664
712.0300199556351,-70.44600358187472,-70.44600358187472
712.0400199556351,-70.44507942076103,-70.44507942076103
712.0500199556351,-70.44417058287101,-70.44417058287101
712.0600199556351,-70.44327716819306,-70.44327716819306
712.0700199556351,-70.44239927455152,-70.44239927455152
712.0800199556351,-70.44153699760689,-70.44153699760689
712.0900199556351,-70.44069043088825,-70.44069043088825
712.100019955635,-70.43985966579856,-70.43985966579856
712.110019955635,-70.4390447916393,-70.4390447916393
712.120019955635,-70.43824589563191,-70.43824589563191
712.130019955635,-70.43746306291962,-70.43746306291962
712.1400199556351,-70.4366963766104,-70.4366963766104
712.1500199556351,-70.43594591779204,-70.43594591779204
712.1600199556351,-70.4352117655234,-70.4352117655234
712.1700199556351,-70.43449399688065,-70.43449399688065
712.1800199556351,-70.43379268696474,-70.43379268696474
712.1900199556351,-70.43310790892978,-70.43310790892978
712.2000199556351,-70.43243973400288,-70.43243973400288
712.2100199556351,-70.43178210568338,-70.43178210568338
712.220019955635,-70.43113241945852,-70.43113241945852
712.230019955635,-70.43048944801107,-70.43048944801107
712.240019955635,-70.42985259963122,-70.42985259963122
712.250019955635,-70.42922163552008,-70.42922163552008
712.260019955635,-70.42859652305351,-70.42859652305351
712.2700199556351,-70.42797734980049,-70.42797734980049
712.2800199556351,-70.42736427187593,-70.42736427187593
712.2900199556351,-70.42675748287458,-70.42675748287458
712.3000199794769,-70.42615719383834,-70.42615719383834
712.3100199794769,-70.42556362794406,-70.42556362794406
712.3200199794769,-70.42497700534146,-70.42497700534146
712.3300199794769,-70.42439754531748,-70.42439754531748
712.3400199794769,-70.42382546279372,-70.42382546279372
712.3500199794769,-70.42326096738292,-70.42326096738292
712.3600199794769,-70.42270426300229,-70.42270426300229
712.370019979477,-70.42215554788794,-70.42215554788794
712.380019979477,-70.42161501478056,-70.42161501478056
712.390019979477,-70.42108285119056,-70.42108285119056
712.400019979477,-70.42055923973886,-70.42055923973886
712.4100199794769,-70.42004435847439,-70.42004435847439
712.4200199794769,-70.41953838118904,-70.41953838118904
712.4300199794769,-70.41904147771254,-70.41904147771254
712.4400199794769,-70.41855381416298,-70.41855381416298
712.4500199794769,-70.41807555318756,-70.41807555318756
712.4600199794769,-70.41760685416317,-70.41760685416317
712.4700199794769,-70.41714787338158,-70.41714787338158
712.4800199794769,-70.41669876418406,-70.41669876418406
712.490019979477,-70.41625967710398,-70.41625967710398
712.500019979477,-70.41583075999839,-70.41583075999839
712.510019979477,-70.41541215810713,-70.41541215810713
712.520019979477,-70.41500401419005,-70.41500401419005
712.530019979477,-70.41460646854125,-70.41460646854125
712.5400199794769,-70.41421965909676,-70.41421965909676
712.5500199794769,-70.41384372145683,-70.41384372145683
712.5600199794769,-70.41347878895725,-70.41347878895725
712.5700199794769,-70.41312499268986,-70.41312499268986
712.5800199794769,-70.412782461555,-70.412782461555
712.5900199794769,-70.41245132227333,-70.41245132227333
712.6000199794769,-70.4121316994222,-70.4121316994222
712.6100199794769,-70.41182371545354,-70.41182371545354
712.620019979477,-70.41152749073153,-70.41152749073153
712.630019979477,-70.41124314353824,-70.41124314353824
712.640019979477,-70.41097079008941,-70.41097079008941
712.650019979477,-70.41071054454528,-70.41071054454528
712.6600199794769,-70.41046251905519,-70.41046251905519
712.6700199794769,-70.41022682372993,-70.41022682372993
712.6800199794769,-70.41000356668901,-70.41000356668901
712.6900199794769,-70.40979285404453,-70.40979285404453
712.7000199794769,-70.40959478995178,-70.40959478995178
712.7100199794769,-70.40940335174614,-70.40940335174614
712.7200199794769,-70.40921596733169,-70.40921596733169
712.7300199794769,-70.40903144141315,-70.40903144141315
712.740019979477,-70.4088492142085,-70.4088492142085
712.750019979477,-70.40866907882922,-70.40866907882922
712.760019979477,-70.40849103453564,-70.40849103453564
712.770019979477,-70.40831520073682,-70.40831520073682
712.780019979477,-70.40814176533397,-70.40814176533397
712.7900199794769,-70.40797095365966,-70.40797095365966
712.8000199794769,-70.40780300984125,-70.40780300984125
712.8100199794769,-70.4076381857396,-70.4076381857396
712.8200199794769,-70.40747673445993,-70.40747673445993
712.8300199794769,-70.40731890663385,-70.40731890663385
712.8400199794769,-70.40716494843716,-70.40716494843716
712.8500199794769,-70.40701510059648,-70.40701510059648
712.8600199794769,-70.40686959802241,-70.40686959802241
712.870019979477,-70.40672866978781,-70.40672866978781
712.880019979477,-70.40659253933906,-70.40659253933906
712.890019979477,-70.40646142471802,-70.40646142471802
712.900019979477,-70.40633553890903,-70.40633553890903
712.9100199794769,-70.40621509016005,-70.40621509016005
712.9200199794769,-70.40610028228845,-70.40610028228845
712.9300199794769,-70.40599131496927,-70.40599131496927
712.9400199794769,-70.40588838397467,-70.40588838397467
712.9500199794769,-70.40579168141848,-70.40579168141848
712.9600199794769,-70.40570139594817,-70.40570139594817
712.9700199794769,-70.40561771292116,-70.40561771292116
712.9800199794769,-70.40554081454837,-70.40554081454837
712.990019979477,-70.40547088002376,-70.40547088002376
713.000019979477,-70.40540808564644,-70.40540808564644
713.010019979477,-70.40535260490346,-70.40535260490346
713.020019979477,-70.40530460856428,-70.40530460856428
713.030019979477,-70.40526426473491,-70.40526426473491
713.0400199794769,-70.40523173892018,-70.40523173892018
713.0500199794769,-70.40520719409113,-70.40520719409113
713.0600199794769,-70.40519079071613,-70.40519079071613
713.0700199794769,-70.40518268679529,-70.40518268679529
713.0800199794769,-70.40518303790805,-70.40518303790805
713.0900199794769,-70.40519199722823,-70.40519199722823
713.1000199794769,-70.40520971556047,-70.40520971556047
713.1100199794769,-70.40523634135461,-70.40523634135461
713.120019979477,-70.40527202072956,-70.40527202072956
713.130019979477,-70.40531689750782,-70.40531689750782
713.140019979477,-70.40537111319972,-70.40537111319972
713.1500200033188,-70.40543480719566,-70.40543480719566
713.1600200033188,-70.40550811620615,-70.40550811620615
713.1700200033188,-70.40559117503673,-70.40559117503673
713.1800200033188,-70.40568411619498,-70.40568411619498
713.1900200033188,-70.4057870699422,-70.4057870699422
713.2000200033187,-70.4059001643386,-70.4059001643386
713.2100200033187,-70.4060235252376,-70.4060235252376
713.2200200033188,-70.40615727630757,-70.40615727630757
713.2300200033188,-70.40630153905128,-70.40630153905128
713.2400200033188,-70.40645643281312,-70.40645643281312
713.2500200033188,-70.40662207478206,-70.40662207478206
713.2600200033188,-70.40679858002511,-70.40679858002511
713.2700200033188,-70.4069860614827,-70.4069860614827
713.2800200033188,-70.40718462999469,-70.40718462999469
713.2900200033188,-70.40739439430769,-70.40739439430769
713.3000200033188,-70.40761546109393,-70.40761546109393
713.3100200033188,-70.40784793496664,-70.40784793496664
713.3200200033187,-70.40809191847671,-70.40809191847671
713.3300200033187,-70.40834751215529,-70.40834751215529
713.3400200033188,-70.40861481451327,-70.40861481451327
713.3500200033188,-70.40889392206336,-70.40889392206336
713.3600200033188,-70.40918492932907,-70.40918492932907
713.3700200033188,-70.40948792886252,-70.40948792886252
713.3800200033188,-70.4098030112611,-70.4098030112611
713.3900200033188,-70.41013026518799,-70.41013026518799
713.4000200033188,-70.41046977738878,-70.41046977738878
713.4100200033188,-70.41082163269861,-70.41082163269861
713.4200200033188,-70.41118591408495,-70.41118591408495
713.4300200033188,-70.41156270262297,-70.41156270262297
713.4400200033188,-70.41195207755764,-70.41195207755764
713.4500200033187,-70.41235411628982,-70.41235411628982
713.4600200033187,-70.4127627678263,-70.4127627678263
713.4700200033188,-70.41317543175327,-70.41317543175327
713.4800200033188,-70.41359088484805,-70.41359088484805
713.4900200033188,-70.4140085398303,-70.4140085398303
713.5000200033188,-70.41442816270013,-70.41442816270013
713.5100200033188,-70.41484972595825,-70.41484972595825
713.5200200033188,-70.41527332256025,-70.41527332256025
713.5300200033188,-70.41569911424696,-70.41569911424696
713.5400200033188,-70.41612730044619,-70.41612730044619
713.5500200033188,-70.41655809963812,-70.41655809963812
713.5600200033188,-70.4169917383123,-70.4169917383123
713.5700200033187,-70.41742844443596,-70.41742844443596
713.5800200033187,-70.41786844376038,-70.41786844376038
713.5900200033188,-70.41831195782312,-70.41831195782312
713.6000200033188,-70.41875920299226,-70.41875920299226
713.6100200033188,-70.41921039005435,-70.41921039005435
713.6200200033188,-70.41966572423273,-70.41966572423273
713.6300200033188,-70.42012540537004,-70.42012540537004
713.6400200033188,-70.42058962818261,-70.42058962818261
713.6500200033188,-70.42105858260533,-70.42105858260533
713.6600200033188,-70.42153245408588,-70.42153245408588
713.6700200033188,-70.42201142392446,-70.42201142392446
713.6800200033188,-70.42249566953957,-70.42249566953957
713.6900200033188,-70.42298536473687,-70.42298536473687
713.7000200033187,-70.42348067992832,-70.42348067992832
713.7100200033187,-70.42398178234919,-70.42398178234919
713.7200200033188,-70.42448883620537,-70.42448883620537
713.7300200033188,-70.42500200286665,-70.42500200286665
713.7400200033188,-70.42552144093611,-70.42552144093611
713.7500200033188,-70.42604730642381,-70.42604730642381
713.7600200033188,-70.42657975280291,-70.42657975280291
713.7700200033188,-70.42711893109963,-70.42711893109963
713.7800200033188,-70.42766498997402,-70.42766498997402
713.7900200033188,-70.42821807576989,-70.42821807576989
713.8000200033188,-70.42877833256819,-70.42877833256819
713.8100200033188,-70.42934590223459,-70.42934590223459
713.8200200033187,-70.42992092445664,-70.42992092445664
713.8300200033187,-70.43050353676765,-70.43050353676765
713.8400200033188,-70.43109387457797,-70.43109387457797
713.8500200033188,-70.43169207122537,-70.43169207122537
713.8600200033188,-70.43229825795432,-70.43229825795432
713.8700200033188,-70.43291256397347,-70.43291256397347
713.8800200033188,-70.4335351164389,-70.4335351164389
713.8900200033188,-70.4341660404913,-70.4341660404913
713.9000200033188,-70.43480545927774,-70.43480545927774
713.9100200033188,-70.43545349395148,-70.43545349395148
713.9200200033188,-70.43611026367705,-70.43611026367705
713.9300200033188,-70.4367758856615,-70.4367758856615
713.9400200033188,-70.43745047515112,-70.43745047515112
713.9500200033187,-70.43813414544391,-70.43813414544391
713.9600200033187,-70.43882700792042,-70.43882700792042
713.9700200033188,-70.43952917202903,-70.43952917202903
713.9800200033188,-70.44024074531265,-70.44024074531265
713.9900200033188,-70.44096183340307,-70.44096183340307
714.0000200271606,-70.44169254179701,-70.44169254179701
714.0100200271606,-70.44243296892203,-70.44243296892203
714.0200200271606,-70.44318321645865,-70.44318321645865
714.0300200271606,-70.44394338258307,-70.44394338258307
714.0400200271606,-70.44471356359291,-70.44471356359291
714.0500200271606,-70.44549385396583,-70.44549385396583
714.0600200271606,-70.44628434636257,-70.44628434636257
714.0700200271607,-70.4470851316187,-70.4470851316187
714.0800200271607,-70.44789629879823,-70.44789629879823
714.0900200271607,-70.44871793517638,-70.44871793517638
714.1000200271607,-70.44955012625493,-70.44955012625493
714.1100200271607,-70.4503929557772,-70.4503929557772
714.1200200271606,-70.45124650575534,-70.45124650575534
714.1300200271606,-70.45211085647381,-70.45211085647381
714.1400200271606,-70.45298608650283,-70.45298608650283
714.1500200271606,-70.45387227271252,-70.45387227271252
714.1600200271606,-70.45476949028779,-70.45476949028779
714.1700200271606,-70.45567781274693,-70.45567781274693
714.1800200271606,-70.45659731195047,-70.45659731195047
714.1900200271607,-70.45752805811499,-70.45752805811499
714.2000200271607,-70.45847011985562,-70.45847011985562
714.2100200271607,-70.45942356415141,-70.45942356415141
714.2200200271607,-70.46038845639823,-70.46038845639823
714.2300200271607,-70.46136486041257,-70.46136486041257
714.2400200271607,-70.46235283846094,-70.46235283846094
714.2500200271606,-70.4633524512466,-70.4633524512466
714.2600200271606,-70.46436375795825,-70.46436375795825
714.2700200271606,-70.46538681625171,-70.46538681625171
714.2800200271606,-70.4664216822987,-70.4664216822987
714.2900200271606,-70.46746841079678,-70.46746841079678
714.3000200271606,-70.46852705495407,-70.46852705495407
714.3100200271606,-70.4695976665482,-70.4695976665482
714.3200200271607,-70.4706802959152,-70.4706802959152
714.3300200271607,-70.47177499197707,-70.47177499197707
714.3400200271607,-70.47288180225482,-70.47288180225482
714.3500200271607,-70.47400077287985,-70.47400077287985
714.3600200271607,-70.4751319486276,-70.4751319486276
714.3700200271606,-70.4762753729076,-70.4762753729076
714.3800200271606,-70.47743108780138,-70.47743108780138
714.3900200271606,-70.47859913407638,-70.47859913407638
714.4000200271606,-70.47977955118513,-70.47977955118513
714.4100200271606,-70.480972377296,-70.480972377296
714.4200200271606,-70.48217764931366,-70.48217764931366
714.4300200271606,-70.4833954028797,-70.4833954028797
714.4400200271607,-70.48462567239432,-70.48462567239432
714.4500200271607,-70.48586849105254,-70.48586849105254
714.4600200271607,-70.48712389082412,-70.48712389082412
714.4700200271607,-70.48839190248826,-70.48839190248826
714.4800200271607,-70.48967255565623,-70.48967255565623
714.4900200271607,-70.49096587877516,-70.49096587877516
714.5000200271606,-70.49227189914629,-70.49227189914629
714.5100200271606,-70.49359064294302,-70.49359064294302
714.5200200271606,-70.49492213522423,-70.49492213522423
714.5300200271606,-70.49626639994955,-70.49626639994955
714.5400200271606,-70.49762346000071,-70.49762346000071
714.5500200271606,-70.49899333717784,-70.49899333717784
714.5600200271606,-70.50037605223818,-70.50037605223818
714.5700200271607,-70.50177162489416,-70.50177162489416
714.5800200271607,-70.50318007383314,-70.50318007383314
714.5900200271607,-70.50460141673521,-70.50460141673521
714.6000200271607,-70.50603567028925,-70.50603567028925
714.6100200271607,-70.50748285018764,-70.50748285018764
714.6200200271606,-70.50894297116486,-70.50894297116486
714.6300200271606,-70.51041604701783,-70.51041604701783
714.6400200271606,-70.51190209058028,-70.51190209058028
714.6500200271606,-70.51340111376506,-70.51340111376506
714.6600200271606,-70.51491312757852,-70.51491312757852
714.6700200271606,-70.51643814212991,-70.51643814212991
714.6800200271606,-70.51797616664025,-70.51797616664025
714.6900200271607,-70.51952720945376,-70.51952720945376
714.7000200271607,-70.52109127806384,-70.52109127806384
714.7100200271607,-70.52266837911958,-70.52266837911958
714.7200200271607,-70.52425851843495,-70.52425851843495
714.7300200271607,-70.52586170099575,-70.52586170099575
714.7400200271607,-70.52747793098364,-70.52747793098364
714.7500200271606,-70.52910721179269,-70.52910721179269
714.7600200271606,-70.53074954602565,-70.53074954602565
714.7700200271606,-70.53240493552583,-70.53240493552583
714.7800200271606,-70.53407338137082,-70.53407338137082
714.7900200271606,-70.53575488388586,-70.53575488388586
714.8000200271606,-70.53744944266343,-70.53744944266343
714.8100200271606,-70.53915705657903,-70.53915705657903
714.8200200271607,-70.54087772379306,-70.54087772379306
714.8300200271607,-70.54261144176152,-70.54261144176152
714.8400200271607,-70.54435820726245,-70.54435820726245
714.8500200510025,-70.54611802058272,-70.54611802058272
714.8600200510025,-70.54789086880692,-70.54789086880692
714.8700200510025,-70.54967675082618,-70.54967675082618
714.8800200510025,-70.55147566077434,-70.55147566077434
714.8900200510025,-70.55328759214434,-70.55328759214434
714.9000200510025,-70.55511253779622,-70.55511253779622
714.9100200510024,-70.55695048997998,-70.55695048997998
714.9200200510026,-70.55880144033559,-70.55880144033559
714.9300200510025,-70.56066537992331,-70.56066537992331
714.9400200510025,-70.56254229919762,-70.56254229919762
714.9500200510025,-70.56443218805785,-70.56443218805785
714.9600200510025,-70.56633503581666,-70.56633503581666
714.9700200510025,-70.56825083125696,-70.56825083125696
714.9800200510025,-70.57017956259934,-70.57017956259934
714.9900200510025,-70.57212121752626,-70.57212121752626
715.0000200510025,-70.57407578319811,-70.57407578319811
715.0100200510025,-70.57604324626082,-70.57604324626082
715.0200200510025,-70.57802359284551,-70.57802359284551
715.0300200510025,-70.58001680858342,-70.58001680858342
715.0400200510026,-70.58202287861509,-70.58202287861509
715.0500200510025,-70.58404178759768,-70.58404178759768
715.0600200510025,-70.58607351970643,-70.58607351970643
715.0700200510025,-70.58811805866425,-70.58811805866425
715.0800200510025,-70.59017538771894,-70.59017538771894
715.0900200510025,-70.59224548968228,-70.59224548968228
715.1000200510025,-70.59432834691927,-70.59432834691927
715.1100200510025,-70.59642394135525,-70.59642394135525
715.1200200510025,-70.59853225449633,-70.59853225449633
715.1300200510025,-70.60065326742415,-70.60065326742415
715.1400200510025,-70.60278696081632,-70.60278696081632
715.1500200510025,-70.60493331493734,-70.60493331493734
715.1600200510024,-70.60709230966742,-70.60709230966742
715.1700200510026,-70.60926392448212,-70.60926392448212
715.1800200510025,-70.61144813849583,-70.61144813849583
715.1900200510025,-70.61364493042797,-70.61364493042797
715.2000200510025,-70.61585427864327,-70.61585427864327
715.2100200510025,-70.61807616113987,-70.61807616113987
715.2200200510025,-70.62031055555867,-70.62031055555867
715.2300200510025,-70.62255743920049,-70.62255743920049
715.2400200510025,-70.62481678902317,-70.62481678902317
715.2500200510025,-70.62708858165057,-70.62708858165057
715.2600200510025,-70.62937279337356,-70.62937279337356
715.2700200510025,-70.63166940017659,-70.63166940017659
715.2800200510025,-70.63397837770565,-70.63397837770565
715.2900200510026,-70.63629970131332,-70.63629970131332
715.3000200510025,-70.63863334605088,-70.63863334605088
715.3100200510025,-70.64097928666204,-70.64097928666204
715.3200200510025,-70.64333749760084,-70.64333749760084
715.3300200510025,-70.64570795304897,-70.64570795304897
715.3400200510025,-70.6480906268946,-70.6480906268946
715.3500200510025,-70.65048549275201,-70.65048549275201
715.3600200510025,-70.65289252397922,-70.65289252397922
715.3700200510025,-70.65531169365691,-70.65531169365691
715.3800200510025,-70.65774297461645,-70.65774297461645
715.3900200510025,-70.66018633943546,-70.66018633943546
715.4000200510025,-70.66264176044692,-70.66264176044692
715.4100200510024,-70.66510920973096,-70.66510920973096
715.4200200510026,-70.667588659135,-70.667588659135
715.4300200510025,-70.67008008029353,-70.67008008029353
715.4400200510025,-70.67258344458884,-70.67258344458884
715.4500200510025,-70.6750987231972,-70.6750987231972
715.4600200510025,-70.677625887065,-70.677625887065
715.4700200510025,-70.68016490693495,-70.68016490693495
715.4800200510025,-70.68271575334542,-70.68271575334542
715.4900200510025,-70.68527839662629,-70.68527839662629
715.5000200510025,-70.68785280689845,-70.68785280689845
715.5100200510025,-70.69043895410665,-70.69043895410665
715.5200200510025,-70.69303680799442,-70.69303680799442
715.5300200510025,-70.69564633812895,-70.69564633812895
715.5400200510026,-70.6982675138855,-70.6982675138855
715.5500200510025,-70.70090030446957,-70.70090030446957
715.5600200510025,-70.7035446789089,-70.7035446789089
715.5700200510025,-70.7062006060687,-70.7062006060687
715.5800200510025,-70.70886805464137,-70.70886805464137
715.5900200510025,-70.71154699316875,-70.71154699316875
715.6000200510025,-70.7142373900315,-70.7142373900315
715.6100200510025,-70.71693921345337,-70.71693921345337
715.6200200510025,-70.7196524315072,-70.7196524315072
715.6300200510025,-70.72237701212522,-70.72237701212522
715.6400200510025,-70.72511292310536,-70.72511292310536
715.6500200510025,-70.72786013208997,-70.72786013208997
715.6600200510024,-70.73061860658977,-70.73061860658977
715.6700200510026,-70.73338831400093,-70.73338831400093
715.6800200510025,-70.7361692215815,-70.7361692215815
715.6900200510025,-70.73896129646576,-70.73896129646576
715.7000200748444,-70.74176451233208,-70.74176451233208
715.7100200748444,-70.74457882278598,-70.74457882278598
715.7200200748443,-70.7474042012119,-70.7474042012119
715.7300200748443,-70.75024061428974,-70.75024061428974
715.7400200748443,-70.75308802858606,-70.75308802858606
715.7500200748443,-70.75594641055504,-70.75594641055504
715.7600200748443,-70.75881572655308,-70.75881572655308
715.7700200748444,-70.76169594284292,-70.76169594284292
715.7800200748444,-70.76458702558283,-70.76458702558283
715.7900200748444,-70.7674889408368,-70.7674889408368
715.8000200748444,-70.7704016545808,-70.7704016545808
715.8100200748444,-70.77332513270692,-70.77332513270692
715.8200200748444,-70.77625934102575,-70.77625934102575
715.8300200748444,-70.7792042452602,-70.7792042452602
715.8400200748443,-70.78215981105667,-70.78215981105667
715.8500200748443,-70.78512600398362,-70.78512600398362
715.8600200748443,-70.78810278954323,-70.78810278954323
715.8700200748443,-70.7910901331517,-70.7910901331517
715.8800200748443,-70.79408800017234,-70.79408800017234
715.8900200748444,-70.79709635589181,-70.79709635589181
715.9000200748444,-70.80011516554912,-70.80011516554912
715.9100200748444,-70.80314439429934,-70.80314439429934
715.9200200748444,-70.8061840072571,-70.8061840072571
715.9300200748444,-70.80923396947514,-70.80923396947514
715.9400200748444,-70.81229424595031,-70.81229424595031
715.9500200748444,-70.81536480163945,-70.81536480163945
715.9600200748444,-70.81844560142882,-70.81844560142882
715.9700200748443,-70.8215366101747,-70.8215366101747
715.9800200748443,-70.82463779268959,-70.82463779268959
715.9900200748443,-70.82774911372387,-70.82774911372387
716.0000200748443,-70.83087053801728,-70.83087053801728
716.0100200748443,-70.83400203024595,-70.83400203024595
716.0200200748444,-70.83714355505762,-70.83714355505762
716.0300200748444,-70.84029507707614,-70.84029507707614
716.0400200748444,-70.84345656087534,-70.84345656087534
716.0500200748444,-70.84662797101961,-70.84662797101961
716.0600200748444,-70.84980927202382,-70.84980927202382
716.0700200748444,-70.85300042838287,-70.85300042838287
716.0800200748444,-70.85620140457326,-70.85620140457326
716.0900200748443,-70.85941216505178,-70.85941216505178
716.1000200748443,-70.86263267424526,-70.86263267424526
716.1100200748443,-70.86586289655975,-70.86586289655975
716.1200200748443,-70.86910279639186,-70.86910279639186
716.1300200748443,-70.87235233812666,-70.87235233812666
716.1400200748444,-70.87561148612009,-70.87561148612009
716.1500200748444,-70.87888020472381,-70.87888020472381
716.1600200748444,-70.88215845828032,-70.88215845828032
716.1700200748444,-70.88544621112788,-70.88544621112788
716.1800200748444,-70.88874342758682,-70.88874342758682
716.1900200748444,-70.8920500719781,-70.8920500719781
716.2000200748444,-70.8953661086222,-70.8953661086222
716.2100200748444,-70.89868532266068,-70.89868532266068
716.2200200748443,-70.90200497380093,-70.90200497380093
716.2300200748443,-70.90532371051515,-70.90532371051515
716.2400200748443,-70.90864082402652,-70.90864082402652
716.2500200748443,-70.91195596361409,-70.91195596361409
716.2600200748443,-70.91526898880106,-70.91526898880106
716.2700200748444,-70.91857988265357,-70.91857988265357
716.2800200748444,-70.92188869976157,-70.92188869976157
716.2900200748444,-70.9251955348665,-70.9251955348665
716.3000200748444,-70.9285005041247,-70.9285005041247
716.3100200748444,-70.93180373386295,-70.93180373386295
716.3200200748444,-70.93510535405217,-70.93510535405217
716.3300200748444,-70.93840549449935,-70.93840549449935
716.3400200748443,-70.9417042828053,-70.9417042828053
716.3500200748443,-70.94500184334437,-70.94500184334437
716.3600200748443,-70.94829829682696,-70.94829829682696
716.3700200748443,-70.95159376026828,-70.95159376026828
716.3800200748443,-70.95488834712218,-70.95488834712218
716.3900200748444,-70.95818216752474,-70.95818216752474
716.4000200748444,-70.96147532856926,-70.96147532856926
716.4100200748444,-70.96476793460967,-70.96476793460967
716.4200200748444,-70.96806008751655,-70.96806008751655
716.4300200748444,-70.97135188696573,-70.97135188696573
716.4400200748444,-70.97464343063727,-70.97464343063727
716.4500200748444,-70.9779348144188,-70.9779348144188
716.4600200748444,-70.98122613259336,-70.98122613259336
716.4700200748443,-70.98451747798634,-70.98451747798634
716.4800200748443,-70.98780894206256,-70.98780894206256
716.4900200748443,-70.9911006150606,-70.9911006150606
716.5000200748443,-70.99439258607575,-70.99439258607575
716.5100200748443,-70.99768494311594,-70.99768494311594
716.5200200748444,-71.00097777315649,-71.00097777315649
716.5300200748444,-71.004271162231,-71.004271162231
716.5400200748444,-71.00756519540695,-71.00756519540695
716.5500200986862,-71.01085996471565,-71.01085996471565
716.5600200986862,-71.01415553776316,-71.01415553776316
716.5700200986862,-71.01745200478655,-71.01745200478655
716.5800200986862,-71.02074944737181,-71.02074944737181
716.5900200986862,-71.02404794624084,-71.02404794624084
716.6000200986862,-71.02734758126381,-71.02734758126381
716.6100200986862,-71.03064843148492,-71.03064843148492
716.6200200986863,-71.03395057509903,-71.03395057509903
716.6300200986863,-71.03725408947379,-71.03725408947379
716.6400200986863,-71.04055905112344,-71.04055905112344
716.6500200986862,-71.04386553571196,-71.04386553571196
716.6600200986862,-71.04717361805936,-71.04717361805936
716.6700200986862,-71.05048337212625,-71.05048337212625
716.6800200986862,-71.05379487099822,-71.05379487099822
716.6900200986862,-71.05710818691604,-71.05710818691604
716.7000200986862,-71.0604233912348,-71.0604233912348
716.7100200986862,-71.06374055442978,-71.06374055442978
716.7200200986862,-71.06705974608406,-71.06705974608406
716.7300200986862,-71.07038103490268,-71.07038103490268
716.7400200986863,-71.07370448868686,-71.07370448868686
716.7500200986863,-71.07703017435107,-71.07703017435107
716.7600200986863,-71.08035815788803,-71.08035815788803
716.7700200986862,-71.08368850439399,-71.08368850439399
716.7800200986862,-71.08702127804727,-71.08702127804727
716.7900200986862,-71.09035654211507,-71.09035654211507
716.8000200986862,-71.09369435893757,-71.09369435893757
716.8100200986862,-71.09703478994228,-71.09703478994228
716.8200200986862,-71.10037789564123,-71.10037789564123
716.8300200986862,-71.1037237356113,-71.1037237356113
716.8400200986862,-71.10707236851033,-71.10707236851033
716.8500200986862,-71.11042385206979,-71.11042385206979
716.8600200986862,-71.11377824310196,-71.11377824310196
716.8700200986863,-71.11713559748125,-71.11713559748125
716.8800200986863,-71.12049597017973,-71.12049597017973
716.8900200986863,-71.12385941522614,-71.12385941522614
716.9000200986862,-71.12722598574115,-71.12722598574115
716.9100200986862,-71.13059573392438,-71.13059573392438
716.9200200986862,-71.13396871104896,-71.13396871104896
716.9300200986862,-71.13734496749355,-71.13734496749355
716.9400200986862,-71.1407245527061,-71.1407245527061
716.9500200986862,-71.14410751524697,-71.14410751524697
716.9600200986862,-71.14748770095045,-71.14748770095045
716.9700200986862,-71.15086244117914,-71.15086244117914
716.9800200986862,-71.15423046001345,-71.15423046001345
716.9900200986863,-71.15759112570184,-71.15759112570184
717.0000200986863,-71.1609441649643,-71.1609441649643
717.0100200986863,-71.16428951470002,-71.16428951470002
717.0200200986862,-71.16762723500852,-71.16762723500852
717.0300200986862,-71.17095745694802,-71.17095745694802
717.0400200986862,-71.17428035115475,-71.17428035115475
717.0500200986862,-71.17759610894278,-71.17759610894278
717.0600200986862,-71.18090493113164,-71.18090493113164
717.0700200986862,-71.18420702139824,-71.18420702139824
717.0800200986862,-71.18750258252419,-71.18750258252419
717.0900200986862,-71.1907918143141,-71.1907918143141
717.1000200986862,-71.19407491256588,-71.19407491256588
717.1100200986862,-71.1973520686712,-71.1973520686712
717.1200200986863,-71.20062346952916,-71.20062346952916
717.1300200986863,-71.20388929771268,-71.20388929771268
717.1400200986863,-71.20714973171027,-71.20714973171027
717.1500200986862,-71.21040494619326,-71.21040494619326
717.1600200986862,-71.21365511232428,-71.21365511232428
717.1700200986862,-71.2169003980367,-71.2169003980367
717.1800200986862,-71.22014096828744,-71.22014096828744
717.1900200986862,-71.22337698528571,-71.22337698528571
717.2000200986862,-71.22660860870754,-71.22660860870754
717.2100200986862,-71.22983599586158,-71.22983599586158
717.2200200986862,-71.23305930185698,-71.23305930185698
717.2300200986862,-71.23627867970943,-71.23627867970943
717.2400200986863,-71.23949428046508,-71.23949428046508
717.2500200986863,-71.24270625330239,-71.24270625330239
717.2600200986863,-71.24591474557856,-71.24591474557856
717.2700200986862,-71.24911990291221,-71.24911990291221
717.2800200986862,-71.25232186924434,-71.25232186924434
717.2900200986862,-71.25552078685841,-71.25552078685841
717.3000200986862,-71.25871679644472,-71.25871679644472
717.3100200986862,-71.26191003708908,-71.26191003708908
717.3200200986862,-71.2651006463367,-71.2651006463367
717.3300200986862,-71.26828876018784,-71.26828876018784
717.3400200986862,-71.2714745131081,-71.2714745131081
717.3500200986862,-71.27465803805549,-71.27465803805549
717.3600200986862,-71.27783946648239,-71.27783946648239
717.3700200986863,-71.281018928333,-71.281018928333
717.3800200986863,-71.28419655206504,-71.28419655206504
717.3900200986863,-71.28737246463244,-71.28737246463244
717.4000201225281,-71.29054679907323,-71.29054679907323
717.4100201225281,-71.29371966425683,-71.29371966425683
717.4200201225281,-71.29689119022842,-71.29689119022842
717.430020122528,-71.30006149800249,-71.30006149800249
717.440020122528,-71.30323070710818,-71.30323070710818
717.450020122528,-71.30639893559123,-71.30639893559123
717.460020122528,-71.30956008428451,-71.30956008428451
717.4700201225281,-71.31271154685778,-71.31271154685778
717.4800201225281,-71.31585211230157,-71.31585211230157
717.4900201225281,-71.31898121464235,-71.31898121464235
717.5000201225281,-71.32209864664924,-71.32209864664924
717.5100201225281,-71.3252044111715,-71.3252044111715
717.5200201225281,-71.32829863397046,-71.32829863397046
717.5300201225281,-71.33138151137284,-71.33138151137284
717.5400201225281,-71.33445327876608,-71.33445327876608
717.550020122528,-71.33751419170873,-71.33751419170873
717.560020122528,-71.3405645146859,-71.3405645146859
717.570020122528,-71.34360451447581,-71.34360451447581
717.580020122528,-71.34663445634767,-71.34663445634767
717.5900201225281,-71.34965460201018,-71.34965460201018
717.6000201225281,-71.35266520857151,-71.35266520857151
717.6100201225281,-71.35566652808706,-71.35566652808706
717.6200201225281,-71.35865880753772,-71.35865880753772
717.6300201225281,-71.36164228894674,-71.36164228894674
717.6400201225281,-71.36461720963526,-71.36461720963526
717.6500201225281,-71.3675838024979,-71.3675838024979
717.6600201225281,-71.3705422962995,-71.3705422962995
717.6700201225281,-71.37349291596007,-71.37349291596007
717.680020122528,-71.3764358828035,-71.3764358828035
717.690020122528,-71.37937141479523,-71.37937141479523
717.700020122528,-71.38229972673687,-71.38229972673687
717.710020122528,-71.38522103046274,-71.38522103046274
717.7200201225281,-71.3881355349694,-71.3881355349694
717.7300201225281,-71.39104344658432,-71.39104344658432
717.7400201225281,-71.39394496902455,-71.39394496902455
717.7500201225281,-71.39684030352579,-71.39684030352579
717.7600201225281,-71.39972964891597,-71.39972964891597
717.7700201225281,-71.40261320166857,-71.40261320166857
717.7800201225281,-71.40549115597574,-71.40549115597574
717.7900201225281,-71.40836370378314,-71.40836370378314
717.800020122528,-71.41123103482403,-71.41123103482403
717.810020122528,-71.41409333664737,-71.41409333664737
717.820020122528,-71.41695079467308,-71.41695079467308
717.830020122528,-71.41980359217807,-71.41980359217807
717.8400201225281,-71.42265191032062,-71.42265191032062
717.8500201225281,-71.42549592818823,-71.42549592818823
717.8600201225281,-71.42833582274856,-71.42833582274856
717.8700201225281,-71.43117176892284,-71.43117176892284
717.8800201225281,-71.43400393955245,-71.43400393955245
717.8900201225281,-71.43683250542799,-71.43683250542799
717.9000201225281,-71.43965763527808,-71.43965763527808
717.9100201225281,-71.44247949580225,-71.44247949580225
717.9200201225281,-71.4452982516398,-71.4452982516398
717.930020122528,-71.44811406542345,-71.44811406542345
717.940020122528,-71.45092709772231,-71.45092709772231
717.950020122528,-71.45373750710078,-71.45373750710078
717.960020122528,-71.45654545010677,-71.45654545010677
717.9700201225281,-71.45935108126926,-71.45935108126926
717.9800201225281,-71.46215455311977,-71.46215455311977
717.9900201225281,-71.46495601617288,-71.46495601617288
718.0000201225281,-71.46775561895339,-71.46775561895339
718.0100201225281,-71.47055350800616,-71.47055350800616
718.0200201225281,-71.47334982788817,-71.47334982788817
718.0300201225281,-71.47614472118924,-71.47614472118924
718.0400201225281,-71.47893832852769,-71.47893832852769
718.050020122528,-71.48173078857307,-71.48173078857307
718.060020122528,-71.48452223803764,-71.48452223803764
718.070020122528,-71.48730410816901,-71.48730410816901
718.080020122528,-71.4900664244029,-71.4900664244029
718.0900201225281,-71.49280057972894,-71.49280057972894
718.1000201225281,-71.49549958843399,-71.49549958843399
718.1100201225281,-71.4981577528978,-71.4981577528978
718.1200201225281,-71.50077033630258,-71.50077033630258
718.1300201225281,-71.5033333370711,-71.5033333370711
718.1400201225281,-71.50584334371321,-71.50584334371321
718.1500201225281,-71.50829743874772,-71.50829743874772
718.1600201225281,-71.51069313034672,-71.51069313034672
718.1700201225281,-71.5130282997861,-71.5130282997861
718.180020122528,-71.51530115829263,-71.51530115829263
718.190020122528,-71.51751021021443,-71.51751021021443
718.200020122528,-71.51965422079269,-71.51965422079269
718.210020122528,-71.52172595427324,-71.52172595427324
718.2200201225281,-71.52372188689165,-71.52372188689165
718.2300201225281,-71.52564008072558,-71.52564008072558
718.2400201225281,-71.52747941115292,-71.52747941115292
718.2500201463699,-71.52923926603236,-71.52923926603236
718.2600201463699,-71.53091936372651,-71.53091936372651
718.2700201463699,-71.53251967729287,-71.53251967729287
718.2800201463699,-71.5340403520641,-71.5340403520641
718.2900201463699,-71.53548166722726,-71.53548166722726
718.3000201463699,-71.53684400695968,-71.53684400695968
718.3100201463699,-71.53812784027274,-71.53812784027274
718.32002014637,-71.53933370647427,-71.53933370647427
718.33002014637,-71.54046220432681,-71.54046220432681
718.34002014637,-71.54151398364404,-71.54151398364404
718.35002014637,-71.54248973862629,-71.54248973862629
718.36002014637,-71.54339020235066,-71.54339020235066
718.3700201463699,-71.54421614218924,-71.54421614218924
718.3800201463699,-71.54496835582881,-71.54496835582881
718.3900201463699,-71.54564766784195,-71.54564766784195
718.4000201463699,-71.54625492663219,-71.54625492663219
718.4100201463699,-71.54679100168578,-71.54679100168578
718.4200201463699,-71.54725678115918,-71.54725678115918
718.4300201463699,-71.54765316961895,-71.54765316961895
718.44002014637,-71.54798108603028,-71.54798108603028
718.45002014637,-71.54824146191318,-71.54824146191318
718.46002014637,-71.54843523961794,-71.54843523961794
718.47002014637,-71.54856337079447,-71.54856337079447
718.48002014637,-71.5486268149468,-71.5486268149468
718.49002014637,-71.5486265380952,-71.5486265380952
718.5000201463699,-71.54856351155678,-71.54856351155678
718.5100201463699,-71.54843871085214,-71.54843871085214
718.5200201463699,-71.5482531145968,-71.5482531145968
718.5300201463699,-71.54800770359111,-71.54800770359111
718.5400201463699,-71.5477034598809,-71.5477034598809
718.5500201463699,-71.54734136597223,-71.54734136597223
718.5600201463699,-71.54692240401467,-71.54692240401467
718.57002014637,-71.54644755512982,-71.54644755512982
718.58002014637,-71.54591779873283,-71.54591779873283
718.59002014637,-71.54533411191402,-71.54533411191402
718.60002014637,-71.54469746888121,-71.54469746888121
718.61002014637,-71.5440088404412,-71.5440088404412
718.6200201463699,-71.54326919349731,-71.54326919349731
718.6300201463699,-71.5424794906063,-71.5424794906063
718.6400201463699,-71.54164068955342,-71.54164068955342
718.6500201463699,-71.54075374297933,-71.54075374297933
718.6600201463699,-71.53981959800461,-71.53981959800461
718.6700201463699,-71.53883919591226,-71.53883919591226
718.6800201463699,-71.53781347184457,-71.53781347184457
718.69002014637,-71.53674335451224,-71.53674335451224
718.70002014637,-71.53562976593616,-71.53562976593616
718.71002014637,-71.53447362122711,-71.53447362122711
718.72002014637,-71.53327582832776,-71.53327582832776
718.73002014637,-71.5320372878664,-71.5320372878664
718.74002014637,-71.53075889292063,-71.53075889292063
718.7500201463699,-71.52944152889813,-71.52944152889813
718.7600201463699,-71.52808607333874,-71.52808607333874
718.7700201463699,-71.52669339581698,-71.52669339581698
718.7800201463699,-71.52526435778896,-71.52526435778896
718.7900201463699,-71.52379981250819,-71.52379981250819
718.8000201463699,-71.52230060488797,-71.52230060488797
718.8100201463699,-71.520767571465,-71.520767571465
718.82002014637,-71.51920154026982,-71.51920154026982
718.83002014637,-71.51760333079858,-71.51760333079858
718.84002014637,-71.51597375391923,-71.51597375391923
718.85002014637,-71.51431361184778,-71.51431361184778
718.86002014637,-71.51262369809785,-71.51262369809785
718.8700201463699,-71.5109047974475,-71.5109047974475
718.8800201463699,-71.50915768591072,-71.50915768591072
718.8900201463699,-71.50738313072637,-71.50738313072637
718.9000201463699,-71.50558189032567,-71.50558189032567
718.9100201463699,-71.50375471435133,-71.50375471435133
718.9200201463699,-71.50190234363382,-71.50190234363382
718.9300201463699,-71.50002551020688,-71.50002551020688
718.94002014637,-71.49812493730856,-71.49812493730856
718.95002014637,-71.49620133941528,-71.49620133941528
718.96002014637,-71.4942554222355,-71.4942554222355
718.97002014637,-71.49228788274034,-71.49228788274034
718.98002014637,-71.4902994092008,-71.4902994092008
718.99002014637,-71.48829068120514,-71.48829068120514
719.0000201463699,-71.4862623697026,-71.4862623697026
719.0100201463699,-71.48421513703569,-71.48421513703569
719.0200201463699,-71.48214963698369,-71.48214963698369
719.0300201463699,-71.48006651478997,-71.48006651478997
719.0400201463699,-71.47796640723783,-71.47796640723783
719.0500201463699,-71.47584994267484,-71.47584994267484
719.0600201463699,-71.47371774107431,-71.47371774107431
719.07002014637,-71.4715704140872,-71.4715704140872
719.08002014637,-71.46940856508984,-71.46940856508984
719.09002014637,-71.46723278924976,-71.46723278924976
719.1000201702118,-71.46504366836272,-71.46504366836272
719.1100201702118,-71.46284179176826,-71.46284179176826
719.1200201702118,-71.46062772515151,-71.46062772515151
719.1300201702118,-71.4584020314365,-71.4584020314365
719.1400201702118,-71.45616526564599,-71.45616526564599
719.1500201702117,-71.45391797495941,-71.45391797495941
719.1600201702117,-71.45166069878907,-71.45166069878907
719.1700201702118,-71.44939396883616,-71.44939396883616
719.1800201702118,-71.44711830916434,-71.44711830916434
719.1900201702118,-71.44483423628441,-71.44483423628441
719.2000201702118,-71.44254225919799,-71.44254225919799
719.2100201702118,-71.44024287948824,-71.44024287948824
719.2200201702118,-71.43784804302227,-71.43784804302227
719.2300201702118,-71.4353235194076,-71.4353235194076
719.2400201702118,-71.43265521950443,-71.43265521950443
719.2500201702118,-71.4298376838092,-71.4298376838092
719.2600201702118,-71.42686996647566,-71.42686996647566
719.2700201702118,-71.42375368780532,-71.42375368780532
719.2800201702117,-71.42049193937434,-71.42049193937434
719.2900201702118,-71.41708862466962,-71.41708862466962
719.3000201702118,-71.41354805450099,-71.41354805450099
719.3100201702118,-71.40987469919412,-71.40987469919412
719.3200201702118,-71.40607303918648,-71.40607303918648
719.3300201702118,-71.40214747736965,-71.40214747736965
719.3400201702118,-71.39810229021386,-71.39810229021386
719.3500201702118,-71.39394160297014,-71.39394160297014
719.3600201702118,-71.38966937968519,-71.38966937968519
719.3700201702118,-71.38528942209611,-71.38528942209611
719.3800201702118,-71.38080537367141,-71.38080537367141
719.3900201702118,-71.37622072649305,-71.37622072649305
719.4000201702117,-71.37153882948896,-71.37153882948896
719.4100201702117,-71.3667628971708,-71.3667628971708
719.4200201702118,-71.36189601831116,-71.36189601831116
719.4300201702118,-71.35694116432624,-71.35694116432624
719.4400201702118,-71.35190119708865,-71.35190119708865
719.4500201702118,-71.34677887630221,-71.34677887630221
719.4600201702118,-71.34157065806895,-71.34157065806895
719.4700201702118,-71.33627640750979,-71.33627640750979
719.4800201702118,-71.33089730584472,-71.33089730584472
719.4900201702118,-71.32543510452099,-71.32543510452099
719.5000201702118,-71.31989184290993,-71.31989184290993
719.5100201702118,-71.31426970329395,-71.31426970329395
719.5200201702118,-71.30857092715318,-71.30857092715318
719.5300201702117,-71.30279776600817,-71.30279776600817
719.5400201702118,-71.29695245294437,-71.29695245294437
719.5500201702118,-71.29103718652976,-71.29103718652976
719.5600201702118,-71.28505412218921,-71.28505412218921
719.5700201702118,-71.27900536807489,-71.27900536807489
719.5800201702118,-71.27289298355217,-71.27289298355217
719.5900201702118,-71.26671897925353,-71.26671897925353
719.6000201702118,-71.26048531803929,-71.26048531803929
719.6100201702118,-71.25419391640618,-71.25419391640618
719.6200201702118,-71.2478466461585,-71.2478466461585
719.6300201702118,-71.24144533613573,-71.24144533613573
719.6400201702118,-71.23499177392162,-71.23499177392162
719.6500201702117,-71.22848770753743,-71.22848770753743
719.6600201702117,-71.22193484700531,-71.22193484700531
719.6700201702118,-71.21533486581774,-71.21533486581774
719.6800201702118,-71.20868940235476,-71.20868940235476
719.6900201702118,-71.20200006114473,-71.20200006114473
719.7000201702118,-71.195268414058,-71.195268414058
719.7100201702118,-71.1884960014188,-71.1884960014188
719.7200201702118,-71.1816843330289,-71.1816843330289
719.7300201702118,-71.1748348891014,-71.1748348891014
719.7400201702118,-71.1679491211842,-71.1679491211842
719.7500201702118,-71.16102845294404,-71.16102845294404
719.7600201702118,-71.15407428097168,-71.15407428097168
719.7700201702118,-71.14708797547864,-71.14708797547864
719.7800201702117,-71.14007088099515,-71.14007088099515
719.7900201702118,-71.13302431700588,-71.13302431700588
719.8000201702118,-71.12594957854873,-71.12594957854873
719.8100201702118,-71.11884793678404,-71.11884793678404
719.8200201702118,-71.11172063953892,-71.11172063953892
719.8300201702118,-71.10456891181305,-71.10456891181305
719.8400201702118,-71.09739395629445,-71.09739395629445
719.8500201702118,-71.09019695379887,-71.09019695379887
719.8600201702118,-71.08297906372859,-71.08297906372859
719.8700201702118,-71.07574142449918,-71.07574142449918
719.8800201702118,-71.06848515396652,-71.06848515396652
719.8900201702118,-71.06121134978876,-71.06121134978876
719.9000201702117,-71.05392108984621,-71.05392108984621
719.9100201702117,-71.04661543258612,-71.04661543258612
719.9200201702118,-71.03929541738256,-71.03929541738256
719.9300201702118,-71.03196206490011,-71.03196206490011
719.9400201702118,-71.0246163774052,-71.0246163774052
719.9500201940536,-71.01725932156221,-71.01725932156221
719.9600201940536,-71.00989189880185,-71.00989189880185
719.9700201940536,-71.00251504073442,-71.00251504073442
719.9800201940536,-70.99508873541987,-70.99508873541987
719.9900201940536,-70.98759713791952,-70.98759713791952
720.0000201940536,-70.98003204909452,-70.98003204909452
720.0100201940536,-70.97238924508015,-70.97238924508015
720.0200201940537,-70.96466691132409,-70.96466691132409
720.0300201940537,-70.95686466518804,-70.95686466518804
720.0400201940537,-70.94898294715723,-70.94898294715723
720.0500201940537,-70.94102265789071,-70.94102265789071
720.0600201940537,-70.93298494810851,-70.93298494810851
720.0700201940537,-70.92487109951117,-70.92487109951117
720.0800201940536,-70.91668245864246,-70.91668245864246
720.0900201940536,-70.90842040106006,-70.90842040106006
720.1000201940536,-70.90008631270007,-70.90008631270007
720.1100201940536,-70.8916815807485,-70.8916815807485
720.1200201940536,-70.88320758963678,-70.88320758963678
720.1300201940536,-70.8746657197206,-70.8746657197206
720.1400201940537,-70.86605734718634,-70.86605734718634
720.1500201940537,-70.85738384448162,-70.85738384448162
720.1600201940537,-70.84864658079772,-70.84864658079772
720.1700201940537,-70.83984692251393,-70.83984692251393
720.1800201940537,-70.83098623348153,-70.83098623348153
720.1900201940537,-70.82206587505958,-70.82206587505958
720.2000201940536,-70.81308720606377,-70.81308720606377
720.2100201940536,-70.80405158254564,-70.80405158254564
720.2200201940536,-70.79496035745623,-70.79496035745623
720.2300201940536,-70.7858148802179,-70.7858148802179
720.2400201940536,-70.77661649628043,-70.77661649628043
720.2500201940536,-70.76736654659257,-70.76736654659257
720.2600201940536,-70.75806636709868,-70.75806636709868
720.2700201940537,-70.74871728818137,-70.74871728818137
720.2800201940537,-70.73932063417848,-70.73932063417848
720.2900201940537,-70.72987772282299,-70.72987772282299
720.3000201940537,-70.72038986477887,-70.72038986477887
720.3100201940537,-70.71085836314657,-70.71085836314657
720.3200201940537,-70.70128451303104,-70.70128451303104
720.3300201940536,-70.69166960110702,-70.69166960110702
720.3400201940536,-70.68201490520643,-70.68201490520643
720.3500201940536,-70.67232169397569,-70.67232169397569
720.3600201940536,-70.66259122647149,-70.66259122647149
720.3700201940536,-70.65282475190153,-70.65282475190153
720.3800201940536,-70.64302350927966,-70.64302350927966
720.3900201940537,-70.63318872715035,-70.63318872715035
720.4000201940537,-70.62332162337192,-70.62332162337192
720.4100201940537,-70.61342340484684,-70.61342340484684
720.4200201940537,-70.60349526731483,-70.60349526731483
720.4300201940537,-70.59353839518006,-70.59353839518006
720.4400201940537,-70.58355396132518,-70.58355396132518
720.4500201940536,-70.57354312695138,-70.57354312695138
720.4600201940536,-70.56350704144238,-70.56350704144238
720.4700201940536,-70.55344684224809,-70.55344684224809
720.4800201940536,-70.54336365475577,-70.54336365475577
720.4900201940536,-70.53325859220699,-70.53325859220699
720.5000201940536,-70.5231327556292,-70.5231327556292
720.5100201940536,-70.51298723374494,-70.51298723374494
720.5200201940537,-70.5028231029158,-70.5028231029158
720.5300201940537,-70.49264142711358,-70.49264142711358
720.5400201940537,-70.48244325786052,-70.48244325786052
720.5500201940537,-70.47222963421991,-70.47222963421991
720.5600201940537,-70.46200158277726,-70.46200158277726
720.5700201940537,-70.4517601176172,-70.4517601176172
720.5800201940536,-70.44150624034364,-70.44150624034364
720.5900201940536,-70.431240940067,-70.431240940067
720.6000201940536,-70.42096519343087,-70.42096519343087
720.6100201940536,-70.41067996463349,-70.41067996463349
720.6200201940536,-70.4003862054467,-70.4003862054467
720.6300201940536,-70.39008485526294,-70.39008485526294
720.6400201940537,-70.37977684111351,-70.37977684111351
720.6500201940537,-70.36946307774613,-70.36946307774613
720.6600201940537,-70.35914446763617,-70.35914446763617
720.6700201940537,-70.34882190105755,-70.34882190105755
720.6800201940537,-70.33849625615183,-70.33849625615183
720.6900201940537,-70.32816839897335,-70.32816839897335
720.7000201940536,-70.31783918356014,-70.31783918356014
720.7100201940536,-70.30750945200919,-70.30750945200919
720.7200201940536,-70.29718003454623,-70.29718003454623
720.7300201940536,-70.28685174958329,-70.28685174958329
720.7400201940536,-70.27652540383383,-70.27652540383383
720.7500201940536,-70.2662017923595,-70.2662017923595
720.7600201940536,-70.25588169867736,-70.25588169867736
720.7700201940537,-70.24556589482137,-70.24556589482137
720.7800201940537,-70.23525514144964,-70.23525514144964
720.7900201940537,-70.2249501879357,-70.2249501879357
720.8000202178955,-70.21465174790424,-70.21465174790424
720.8100202178955,-70.20436059746751,-70.20436059746751
720.8200202178955,-70.1940774281563,-70.1940774281563
720.8300202178955,-70.18380294508312,-70.18380294508312
720.8400202178955,-70.17353784254496,-70.17353784254496
720.8500202178955,-70.16328280410312,-70.16328280410312
720.8600202178955,-70.15303850270918,-70.15303850270918
720.8700202178956,-70.14280560076894,-70.14280560076894
720.8800202178955,-70.13258475028124,-70.13258475028124
720.8900202178955,-70.12237659289354,-70.12237659289354
720.9000202178955,-70.1121817600506,-70.1121817600506
720.9100202178955,-70.10200087305702,-70.10200087305702
720.9200202178955,-70.09183454320787,-70.09183454320787
720.9300202178955,-70.08168337186257,-70.08168337186257
720.9400202178955,-70.07154795056249,-70.07154795056249
720.9500202178955,-70.06142886115168,-70.06142886115168
720.9600202178955,-70.05132667584226,-70.05132667584226
720.9700202178955,-70.04124195735338,-70.04124195735338
720.9800202178955,-70.03117525897967,-70.03117525897967
720.9900202178956,-70.0211271247173,-70.0211271247173
721.0000202178956,-70.01109808936259,-70.01109808936259
721.0100202178955,-70.0010886786088,-70.0010886786088
721.0200202178955,-69.99109940915733,-69.99109940915733
721.0300202178955,-69.98113078879298,-69.98113078879298
721.0400202178955,-69.97118331652364,-69.97118331652364
721.0500202178955,-69.96125748266867,-69.96125748266867
721.0600202178955,-69.95135376892539,-69.95135376892539
721.0700202178955,-69.9414726485214,-69.9414726485214
721.0800202178955,-69.93161458627556,-69.93161458627556
721.0900202178955,-69.92178003872326,-69.92178003872326
721.1000202178955,-69.91196945419512,-69.91196945419512
721.1100202178955,-69.90218327292509,-69.90218327292509
721.1200202178956,-69.8924219271391,-69.8924219271391
721.1300202178955,-69.88268584117897,-69.88268584117897
721.1400202178955,-69.87297543155026,-69.87297543155026
721.1500202178955,-69.86329110706221,-69.86329110706221
721.1600202178955,-69.85363326891,-69.85363326891
721.1700202178955,-69.8440023107562,-69.8440023107562
721.1800202178955,-69.83439861883905,-69.83439861883905
721.1900202178955,-69.8248225720515,-69.8248225720515
721.2000202178955,-69.81527454206044,-69.81527454206044
721.2100202178955,-69.8057548933583,-69.8057548933583
721.2200202178955,-69.79626398338927,-69.79626398338927
721.2300202178955,-69.78680216261188,-69.78680216261188
721.2400202178956,-69.77736977460808,-69.77736977460808
721.2500202178956,-69.76796715617813,-69.76796715617813
721.2600202178955,-69.75859463739398,-69.75859463739398
721.2700202178955,-69.74925254170853,-69.74925254170853
721.2800202178955,-69.73994118605574,-69.73994118605574
721.2900202178955,-69.7306608809103,-69.7306608809103
721.3000202178955,-69.72141193037393,-69.72141193037393
721.3100202178955,-69.71219463228155,-69.71219463228155
721.3200202178955,-69.70300927825876,-69.70300927825876
721.3300202178955,-69.69385615381972,-69.69385615381972
721.3400202178955,-69.68473553844221,-69.68473553844221
721.3500202178955,-69.67564770565384,-69.67564770565384
721.3600202178955,-69.6665929231047,-69.6665929231047
721.3700202178956,-69.6575714526303,-69.6575714526303
721.3800202178955,-69.64858355037929,-69.64858355037929
721.3900202178955,-69.63962946683466,-69.63962946683466
721.4000202178955,-69.63070944693025,-69.63070944693025
721.4100202178955,-69.6218237300908,-69.6218237300908
721.4200202178955,-69.61297255034421,-69.61297255034421
721.4300202178955,-69.60415613637268,-69.60415613637268
721.4400202178955,-69.59537471158318,-69.59537471158318
721.4500202178955,-69.5866284941906,-69.5866284941906
721.4600202178955,-69.57791769728861,-69.57791769728861
721.4700202178955,-69.56924252891676,-69.56924252891676
721.4800202178955,-69.56060319212779,-69.56060319212779
721.4900202178956,-69.55199988505959,-69.55199988505959
721.5000202178956,-69.54343280101071,-69.54343280101071
721.5100202178955,-69.53490212850063,-69.53490212850063
721.5200202178955,-69.52640805131846,-69.52640805131846
721.5300202178955,-69.51795074862522,-69.51795074862522
721.5400202178955,-69.5095303950089,-69.5095303950089
721.5500202178955,-69.50114716051289,-69.50114716051289
721.5600202178955,-69.49280121074987,-69.49280121074987
721.5700202178955,-69.48449270694222,-69.48449270694222
721.5800202178955,-69.4762218059708,-69.4762218059708
721.5900202178955,-69.46798866045994,-69.46798866045994
721.6000202178955,-69.45979341882413,-69.45979341882413
721.6100202178955,-69.45163622534135,-69.45163622534135
721.6200202178956,-69.44351722018371,-69.44351722018371
721.6300202178955,-69.43543653952155,-69.43543653952155
721.6400202178955,-69.42739431553996,-69.42739431553996
721.6500202417374,-69.41939065745576,-69.41939065745576
721.6600202417374,-69.41142572790649,-69.41142572790649
721.6700202417373,-69.40349962833892,-69.40349962833892
721.6800202417373,-69.39561247562534,-69.39561247562534
721.6900202417373,-69.38776438294241,-69.38776438294241
721.7000202417373,-69.37995545983887,-69.37995545983887
721.7100202417373,-69.37218581226365,-69.37218581226365
721.7200202417374,-69.36445554264829,-69.36445554264829
721.7300202417374,-69.35676474993186,-69.35676474993186
721.7400202417374,-69.34911352962936,-69.34911352962936
721.7500202417374,-69.3415019738735,-69.3415019738735
721.7600202417374,-69.33393017146092,-69.33393017146092
721.7700202417374,-69.32639820792559,-69.32639820792559
721.7800202417374,-69.31890616554614,-69.31890616554614
721.7900202417374,-69.3114541234347,-69.3114541234347
721.8000202417373,-69.30404215755395,-69.30404215755395
721.8100202417373,-69.29667034078214,-69.29667034078214
721.8200202417373,-69.28933874295141,-69.28933874295141
721.8300202417373,-69.28204743089121,-69.28204743089121
721.8400202417374,-69.27479646848089,-69.27479646848089
721.8500202417374,-69.2675859166965,-69.2675859166965
721.8600202417374,-69.26041583362695,-69.26041583362695
721.8700202417374,-69.25328627455981,-69.25328627455981
721.8800202417374,-69.24619729198646,-69.24619729198646
721.8900202417374,-69.23914893566695,-69.23914893566695
721.9000202417374,-69.23214125266158,-69.23214125266158
721.9100202417374,-69.2251742873755,-69.2251742873755
721.9200202417373,-69.21824808159022,-69.21824808159022
721.9300202417373,-69.21136267452007,-69.21136267452007
721.9400202417373,-69.20451810283828,-69.20451810283828
721.9500202417373,-69.19771440071555,-69.19771440071555
721.9600202417373,-69.1909455951003,-69.1909455951003
721.9700202417374,-69.18420910428969,-69.18420910428969
721.9800202417374,-69.1775036988983,-69.1775036988983
721.9900202417374,-69.17082877299539,-69.17082877299539
722.0000202417374,-69.16418406627719,-69.16418406627719
722.0100202417374,-69.15756951985406,-69.15756951985406
722.0200202417374,-69.1509851917727,-69.1509851917727
722.0300202417374,-69.14443120623953,-69.14443120623953
722.0400202417374,-69.13790772316585,-69.13790772316585
722.0500202417373,-69.13141491987345,-69.13141491987345
722.0600202417373,-69.12495298029746,-69.12495298029746
722.0700202417373,-69.11852208866274,-69.11852208866274
722.0800202417373,-69.1121224258928,-69.1121224258928
722.0900202417374,-69.10575416771772,-69.10575416771772
722.1000202417374,-69.09941748375873,-69.09941748375873
722.1100202417374,-69.09311253722021,-69.09311253722021
722.1200202417374,-69.08683948491942,-69.08683948491942
722.1300202417374,-69.08059847750864,-69.08059847750864
722.1400202417374,-69.0743896597929,-69.0743896597929
722.1500202417374,-69.0682131710876,-69.0682131710876
722.1600202417374,-69.06206914555658,-69.06206914555658
722.1700202417373,-69.05595771257087,-69.05595771257087
722.1800202417373,-69.04987899698966,-69.04987899698966
722.1900202417373,-69.04383311947333,-69.04383311947333
722.2000202417373,-69.03782019672936,-69.03782019672936
722.2100202417373,-69.03184034172632,-69.03184034172632
722.2200202417374,-69.02589366388818,-69.02589366388818
722.2300202417374,-69.01998026928689,-69.01998026928689
722.2400202417374,-69.01410026076331,-69.01410026076331
722.2500202417374,-69.00825373807066,-69.00825373807066
722.2600202417374,-69.00244079798962,-69.00244079798962
722.2700202417374,-68.99666153443073,-68.99666153443073
722.2800202417374,-68.99091603850857,-68.99091603850857
722.2900202417374,-68.98520439862747,-68.98520439862747
722.3000202417373,-68.97952670055093,-68.97952670055093
722.3100202417373,-68.97388302744707,-68.97388302744707
722.3200202417373,-68.96827345995219,-68.96827345995219
722.3300202417373,-68.9626980762115,-68.9626980762115
722.3400202417374,-68.95715695191552,-68.95715695191552
722.3500202417374,-68.95165016036701,-68.95165016036701
722.3600202417374,-68.94617777246684,-68.94617777246684
722.3700202417374,-68.94073985678597,-68.94073985678597
722.3800202417374,-68.93533647957547,-68.93533647957547
722.3900202417374,-68.92996770478992,-68.92996770478992
722.4000202417374,-68.9246335941201,-68.9246335941201
722.4100202417374,-68.9193342070252,-68.9193342070252
722.4200202417373,-68.91406960073377,-68.91406960073377
722.4300202417373,-68.90883983029362,-68.90883983029362
722.4400202417373,-68.90364494855397,-68.90364494855397
722.4500202417373,-68.89848500622166,-68.89848500622166
722.4600202417373,-68.89336005186335,-68.89336005186335
722.4700202417374,-68.88827013193078,-68.88827013193078
722.4800202417374,-68.88321529078746,-68.88321529078746
722.4900202417374,-68.87819557068812,-68.87819557068812
722.5000202655792,-68.8732110000007,-68.8732110000007
722.5100202655792,-68.86826164071665,-68.86826164071665
722.5200202655792,-68.86334751700574,-68.86334751700574
722.5300202655792,-68.8584686630172,-68.8584686630172
722.5400202655792,-68.85362511090982,-68.85362511090982
722.5500202655792,-68.8488168908717,-68.8488168908717
722.5600202655792,-68.84404403115605,-68.84404403115605
722.5700202655793,-68.83930655806154,-68.83930655806154
722.5800202655793,-68.83460449600177,-68.83460449600177
722.5900202655793,-68.82993786748345,-68.82993786748345
722.6000202655792,-68.82530669313488,-68.82530669313488
722.6100202655792,-68.82071099174209,-68.82071099174209
722.6200202655792,-68.81615078025607,-68.81615078025607
722.6300202655792,-68.8116260738119,-68.8116260738119
722.6400202655792,-68.80713688574424,-68.80713688574424
722.6500202655792,-68.80268322760882,-68.80268322760882
722.6600202655792,-68.79826510921626,-68.79826510921626
722.6700202655792,-68.79388253863033,-68.79388253863033
722.6800202655792,-68.78953552219576,-68.78953552219576
722.6900202655793,-68.78522406457112,-68.78522406457112
722.7000202655793,-68.78094816873055,-68.78094816873055
722.7100202655793,-68.77670186357848,-68.77670186357848
722.7200202655793,-68.77248254876399,-68.77248254876399
722.7300202655792,-68.76828896881531,-68.76828896881531
722.7400202655792,-68.76412048892928,-68.76412048892928
722.7500202655792,-68.75997681881088,-68.75997681881088
722.7600202655792,-68.75585786932997,-68.75585786932997
722.7700202655792,-68.75176366851139,-68.75176366851139
722.7800202655792,-68.74769431105626,-68.74769431105626
722.7900202655792,-68.74364992804493,-68.74364992804493
722.8000202655792,-68.7396306687355,-68.7396306687355
722.8100202655792,-68.73563668979932,-68.73563668979932
722.8200202655793,-68.73166814900007,-68.73166814900007
722.8300202655793,-68.72772520164396,-68.72772520164396
722.8400202655793,-68.72380799862476,-68.72380799862476
722.8500202655792,-68.71991668550471,-68.71991668550471
722.8600202655792,-68.7160514022024,-68.7160514022024
722.8700202655792,-68.71221228299866,-68.71221228299866
722.8800202655792,-68.70839945671192,-68.70839945671192
722.8900202655792,-68.70461304703761,-68.70461304703761
722.9000202655792,-68.70085317283142,-68.70085317283142
722.9100202655792,-68.69711994848224,-68.69711994848224
722.9200202655792,-68.69341348420002,-68.69341348420002
722.9300202655792,-68.6897338863368,-68.6897338863368
722.9400202655793,-68.68608125763457,-68.68608125763457
722.9500202655793,-68.6824556974672,-68.6824556974672
722.9600202655793,-68.67885730205654,-68.67885730205654
722.9700202655793,-68.67528616463701,-68.67528616463701
722.9800202655792,-68.67174237562932,-68.67174237562932
722.9900202655792,-68.66822602276036,-68.66822602276036
723.0000202655792,-68.66473719119898,-68.66473719119898
723.0100202655792,-68.66127596364773,-68.66127596364773
723.0200202655792,-68.65784242042854,-68.65784242042854
723.0300202655792,-68.65443663956181,-68.65443663956181
723.0400202655792,-68.65105869683565,-68.65105869683565
723.0500202655792,-68.64770866585053,-68.64770866585053
723.0600202655792,-68.64438661807951,-68.64438661807951
723.0700202655793,-68.64109262290886,-68.64109262290886
723.0800202655793,-68.63782674767468,-68.63782674767468
723.0900202655793,-68.6345890576912,-68.6345890576912
723.1000202655792,-68.63137961628686,-68.63137961628686
723.1100202655792,-68.6281984848177,-68.6281984848177
723.1200202655792,-68.62504572270356,-68.62504572270356
723.1300202655792,-68.62192138745127,-68.62192138745127
723.1400202655792,-68.6188255346698,-68.6188255346698
723.1500202655792,-68.61575821806919,-68.61575821806919
723.1600202655792,-68.61271948950045,-68.61271948950045
723.1700202655792,-68.60970939897214,-68.60970939897214
723.1800202655792,-68.60672799465354,-68.60672799465354
723.1900202655793,-68.60377532288905,-68.60377532288905
723.2000202655793,-68.60085142822746,-68.60085142822746
723.2100202655793,-68.59795635341332,-68.59795635341332
723.2200202655793,-68.59509013941774,-68.59509013941774
723.2300202655792,-68.59225282543213,-68.59225282543213
723.2400202655792,-68.58944444890163,-68.58944444890163
723.2500202655792,-68.58666504554041,-68.58666504554041
723.2600202655792,-68.58391464932605,-68.58391464932605
723.2700202655792,-68.58119329251947,-68.58119329251947
723.2800202655792,-68.57850100569009,-68.57850100569009
723.2900202655792,-68.5758378177064,-68.5758378177064
723.3000202655792,-68.57320375578038,-68.57320375578038
723.3100202655792,-68.57059884544583,-68.57059884544583
723.3200202655793,-68.568023110604,-68.568023110604
723.3300202655793,-68.56547657352982,-68.56547657352982
723.3400202655793,-68.56295925486046,-68.56295925486046
723.3500202894211,-68.56047116773699,-68.56047116773699
723.3600202894211,-68.55801234153992,-68.55801234153992
723.3700202894211,-68.55558278612396,-68.55558278612396
723.380020289421,-68.55318251582797,-68.55318251582797
723.390020289421,-68.55081154344067,-68.55081154344067
723.400020289421,-68.54846988022031,-68.54846988022031
723.410020289421,-68.54615753590754,-68.54615753590754
723.4200202894211,-68.54387451875411,-68.54387451875411
723.4300202894211,-68.54162083553526,-68.54162083553526
723.4400202894211,-68.53939649154499,-68.53939649154499
723.4500202894211,-68.53720149064475,-68.53720149064475
723.4600202894211,-68.53503583525394,-68.53503583525394
723.4700202894211,-68.53289952637766,-68.53289952637766
723.4800202894211,-68.53079256362035,-68.53079256362035
723.4900202894211,-68.52871494520697,-68.52871494520697
723.5000202894211,-68.52666666799342,-68.52666666799342
723.510020289421,-68.52464772748657,-68.52464772748657
723.520020289421,-68.52265811784517,-68.52265811784517
723.530020289421,-68.5206978319332,-68.5206978319332
723.5400202894211,-68.51876686129535,-68.51876686129535
723.5500202894211,-68.5168651962031,-68.5168651962031
723.5600202894211,-68.51499282564782,-68.51499282564782
723.5700202894211,-68.51314973737963,-68.51314973737963
723.5800202894211,-68.5113359179111,-68.5113359179111
723.5900202894211,-68.50955135253425,-68.50955135253425
723.6000202894211,-68.50779602533761,-68.50779602533761
723.6100202894211,-68.50606991923307,-68.50606991923307
723.6200202894211,-68.50437301595225,-68.50437301595225
723.630020289421,-68.50270529607695,-68.50270529607695
723.640020289421,-68.50106673906366,-68.50106673906366
723.650020289421,-68.4994573232378,-68.4994573232378
723.660020289421,-68.49787702581996,-68.49787702581996
723.6700202894211,-68.49632582293691,-68.49632582293691
723.6800202894211,-68.4948036896753,-68.4948036896753
723.6900202894211,-68.49331060003095,-68.49331060003095
723.7000202894211,-68.49184652697971,-68.49184652697971
723.7100202894211,-68.490411442456,-68.490411442456
723.7200202894211,-68.48900531740131,-68.48900531740131
723.7300202894211,-68.48762812176395,-68.48762812176395
723.7400202894211,-68.48627982450198,-68.48627982450198
723.7500202894211,-68.48496039362388,-68.48496039362388
723.760020289421,-68.48366979618959,-68.48366979618959
723.770020289421,-68.48240799832402,-68.48240799832402
723.780020289421,-68.48117496523486,-68.48117496523486
723.7900202894211,-68.47997066123042,-68.47997066123042
723.8000202894211,-68.47879504973797,-68.47879504973797
723.8100202894211,-68.47764809330715,-68.47764809330715
723.8200202894211,-68.4765297536229,-68.4765297536229
723.8300202894211,-68.47543999153694,-68.47543999153694
723.8400202894211,-68.47437876707087,-68.47437876707087
723.8500202894211,-68.47334603943017,-68.47334603943017
723.8600202894211,-68.47234176701816,-68.47234176701816
723.8700202894211,-68.47136590745329,-68.47136590745329
723.880020289421,-68.47041841758696,-68.47041841758696
723.890020289421,-68.46949925349517,-68.46949925349517
723.900020289421,-68.468608370525,-68.468608370525
723.910020289421,-68.46774572327273,-68.46774572327273
723.9200202894211,-68.46691126563502,-68.46691126563502
723.9300202894211,-68.4661049507912,-68.4661049507912
723.9400202894211,-68.46532673123286,-68.46532673123286
723.9500202894211,-68.46457655876219,-68.46457655876219
723.9600202894211,-68.46385438451343,-68.46385438451343
723.9700202894211,-68.46316015897459,-68.46316015897459
723.9800202894211,-68.46249383198914,-68.46249383198914
723.9900202894211,-68.46185535276555,-68.46185535276555
724.0000202894211,-68.46124466989568,-68.46124466989568
724.010020289421,-68.4606617313556,-68.4606617313556
724.020020289421,-68.46010648454313,-68.46010648454313
724.030020289421,-68.45957887625207,-68.45957887625207
724.0400202894211,-68.45907885272122,-68.45907885272122
724.0500202894211,-68.45860635962237,-68.45860635962237
724.0600202894211,-68.45816134207696,-68.45816134207696
724.0700202894211,-68.45774374467572,-68.45774374467572
724.0800202894211,-68.4573535114666,-68.4573535114666
724.0900202894211,-68.45699058599347,-68.45699058599347
724.1000202894211,-68.45665491128523,-68.45665491128523
724.1100202894211,-68.45634642988342,-68.45634642988342
724.1200202894211,-68.45606508383885,-68.45606508383885
724.130020289421,-68.45581081473276,-68.45581081473276
724.140020289421,-68.4555835636847,-68.4555835636847
724.150020289421,-68.45538327134311,-68.45538327134311
724.160020289421,-68.45520987793348,-68.45520987793348
724.1700202894211,-68.45506332322327,-68.45506332322327
724.1800202894211,-68.45494354658241,-68.45494354658241
724.1900202894211,-68.45485048694124,-68.45485048694124
724.2000203132629,-68.45478408268178,-68.45478408268178
724.2100203132629,-68.4547442723312,-68.4547442723312
724.2200203132629,-68.45473099338088,-68.45473099338088
724.2300203132629,-68.45474418320212,-68.45474418320212
724.2400203132629,-68.45478377879384,-68.45478377879384
724.2500203132629,-68.45484971679879,-68.45484971679879
724.2600203132629,-68.45494193349697,-68.45494193349697
724.270020313263,-68.45506036482257,-68.45506036482257
724.280020313263,-68.45520494638441,-68.45520494638441
724.290020313263,-68.45537561345392,-68.45537561345392
724.300020313263,-68.4555723009847,-68.4555723009847
724.310020313263,-68.45579494361344,-68.45579494361344
724.320020313263,-68.45604347568697,-68.45604347568697
724.3300203132629,-68.45631783123508,-68.45631783123508
724.3400203132629,-68.45661794403004,-68.45661794403004
724.3500203132629,-68.45694374753398,-68.45694374753398
724.3600203132629,-68.45729517493946,-68.45729517493946
724.3700203132629,-68.45767215918758,-68.45767215918758
724.3800203132629,-68.45807463295318,-68.45807463295318
724.390020313263,-68.45850252865168,-68.45850252865168
724.400020313263,-68.4589557784752,-68.4589557784752
724.410020313263,-68.45943431435859,-68.45943431435859
724.420020313263,-68.45993806801125,-68.45993806801125
724.430020313263,-68.46046697091752,-68.46046697091752
724.440020313263,-68.46102095435558,-68.46102095435558
724.4500203132629,-68.46159994936687,-68.46159994936687
724.4600203132629,-68.46219793227688,-68.46219793227688
724.4700203132629,-68.46281223419822,-68.46281223419822
724.4800203132629,-68.46344152656235,-68.46344152656235
724.4900203132629,-68.46408510060242,-68.46408510060242
724.5000203132629,-68.46474259250253,-68.46474259250253
724.5100203132629,-68.46541384066492,-68.46541384066492
724.520020313263,-68.4660988020168,-68.4660988020168
724.530020313263,-68.46679750179223,-68.46679750179223
724.540020313263,-68.4675100032497,-68.4675100032497
724.550020313263,-68.46823638958398,-68.46823638958398
724.560020313263,-68.46897675315338,-68.46897675315338
724.570020313263,-68.46973118914684,-68.46973118914684
724.5800203132629,-68.47049979198692,-68.47049979198692
724.5900203132629,-68.47128265338432,-68.47128265338432
724.6000203132629,-68.47207986135673,-68.47207986135673
724.6100203132629,-68.4728914999043,-68.4728914999043
724.6200203132629,-68.47371764894582,-68.47371764894582
724.6300203132629,-68.47455838449241,-68.47455838449241
724.640020313263,-68.47541377892787,-68.47541377892787
724.650020313263,-68.47628390129935,-68.47628390129935
724.660020313263,-68.47716881760452,-68.47716881760452
724.670020313263,-68.4780685910888,-68.4780685910888
724.680020313263,-68.47898328252542,-68.47898328252542
724.690020313263,-68.47991295043599,-68.47991295043599
724.7000203132629,-68.48085765130354,-68.48085765130354
724.7100203132629,-68.48181148278529,-68.48181148278529
724.7200203132629,-68.48277189666558,-68.48277189666558
724.7300203132629,-68.48373768406842,-68.48373768406842
724.7400203132629,-68.4847082549354,-68.4847082549354
724.7500203132629,-68.4856833631568,-68.4856833631568
724.7600203132629,-68.48666296390188,-68.48666296390188
724.770020313263,-68.4876471299563,-68.4876471299563
724.780020313263,-68.48863600150925,-68.48863600150925
724.790020313263,-68.48962975595006,-68.48962975595006
724.800020313263,-68.49062858977138,-68.49062858977138
724.810020313263,-68.49163270782165,-68.49163270782165
724.820020313263,-68.49264231697786,-68.49264231697786
724.8300203132629,-68.49365762256977,-68.49365762256977
724.8400203132629,-68.49467882643032,-68.49467882643032
724.8500203132629,-68.49570612592031,-68.49570612592031
724.8600203132629,-68.49673971358189,-68.49673971358189
724.8700203132629,-68.49777977711386,-68.49777977711386
724.8800203132629,-68.49882649951303,-68.49882649951303
724.890020313263,-68.49988005934355,-68.49988005934355
724.900020313263,-68.5009406310328,-68.5009406310328
724.910020313263,-68.5020083851422,-68.5020083851422
724.920020313263,-68.5030834886777,-68.5030834886777
724.930020313263,-68.50416610533927,-68.50416610533927
724.940020313263,-68.50525639575588,-68.50525639575588
724.9500203132629,-68.50635451765754,-68.50635451765754
724.9600203132629,-68.50745466679082,-68.50745466679082
724.9700203132629,-68.50855439330647,-68.50855439330647
724.9800203132629,-68.50965258635138,-68.50965258635138
724.9900203132629,-68.51074875330178,-68.51074875330178
725.0000203132629,-68.51184274479301,-68.51184274479301
725.0100203132629,-68.51293461197893,-68.51293461197893
725.020020313263,-68.51402452285132,-68.51402452285132
725.030020313263,-68.51511271200006,-68.51511271200006
725.040020313263,-68.51619945036526,-68.51619945036526
725.0500203371048,-68.51728502974417,-68.51728502974417
725.0600203371048,-68.51836974166561,-68.51836974166561
725.0700203371048,-68.51945388659135,-68.51945388659135
725.0800203371048,-68.52053775997351,-68.52053775997351
725.0900203371048,-68.52162165289218,-68.52162165289218
725.1000203371048,-68.52270585106335,-68.52270585106335
725.1100203371047,-68.52379063452051,-68.52379063452051
725.1200203371048,-68.52487627752569,-68.52487627752569
725.1300203371048,-68.52596304878162,-68.52596304878162
725.1400203371048,-68.52705121163524,-68.52705121163524
725.1500203371048,-68.5281410244107,-68.5281410244107
725.1600203371048,-68.52923274067288,-68.52923274067288
725.1700203371048,-68.53032660952287,-68.53032660952287
725.1800203371048,-68.53142287586249,-68.53142287586249
725.1900203371048,-68.53252178061143,-68.53252178061143
725.2000203371048,-68.53362356091951,-68.53362356091951
725.2100203371048,-68.53472845033828,-68.53472845033828
725.2200203371048,-68.5358366789794,-68.5358366789794
725.2300203371047,-68.5369484736422,-68.5369484736422
725.2400203371049,-68.53806405791475,-68.53806405791475
725.2500203371048,-68.53918365227918,-68.53918365227918
725.2600203371048,-68.54030747418504,-68.54030747418504
725.2700203371048,-68.54143573810767,-68.54143573810767
725.2800203371048,-68.54256865560899,-68.54256865560899
725.2900203371048,-68.54370643538887,-68.54370643538887
725.3000203371048,-68.54484928331216,-68.54484928331216
725.3100203371048,-68.54599740244488,-68.54599740244488
725.3200203371048,-68.54715099308405,-68.54715099308405
725.3300203371048,-68.54831025278445,-68.54831025278445
725.3400203371048,-68.54947537635873,-68.54947537635873
725.3500203371048,-68.55064655590077,-68.55064655590077
725.3600203371047,-68.5518239808263,-68.5518239808263
725.3700203371048,-68.55300783783356,-68.55300783783356
725.3800203371048,-68.55419831098816,-68.55419831098816
725.3900203371048,-68.55539558163692,-68.55539558163692
725.4000203371048,-68.55659982850717,-68.55659982850717
725.4100203371048,-68.55781122766027,-68.55781122766027
725.4200203371048,-68.55902995251826,-68.55902995251826
725.4300203371048,-68.56025617387637,-68.56025617387637
725.4400203371048,-68.56149005990933,-68.56149005990933
725.4500203371048,-68.56273177617881,-68.56273177617881
725.4600203371048,-68.56398148564116,-68.56398148564116
725.4700203371048,-68.56523934866094,-68.56523934866094
725.4800203371047,-68.56650552301457,-68.56650552301457
725.4900203371049,-68.56778016390756,-68.56778016390756
725.5000203371048,-68.56906342398338,-68.56906342398338
725.5100203371048,-68.57035545334155,-68.57035545334155
725.5200203371048,-68.57165639954017,-68.57165639954017
725.5300203371048,-68.57296640760538,-68.57296640760538
725.5400203371048,-68.57428562005708,-68.57428562005708
725.5500203371048,-68.57561417692798,-68.57561417692798
725.5600203371048,-68.57695221575581,-68.57695221575581
725.5700203371048,-68.5782998716057,-68.5782998716057
725.5800203371048,-68.57965727710828,-68.57965727710828
725.5900203371048,-68.58102456244632,-68.58102456244632
725.6000203371048,-68.58240185538256,-68.58240185538256
725.6100203371047,-68.5837892812759,-68.5837892812759
725.6200203371048,-68.58518696310907,-68.58518696310907
725.6300203371048,-68.5865950214949,-68.5865950214949
725.6400203371048,-68.58801357469194,-68.58801357469194
725.6500203371048,-68.58944273863065,-68.58944273863065
725.6600203371048,-68.59088262692755,-68.59088262692755
725.6700203371048,-68.59233335091848,-68.59233335091848
725.6800203371048,-68.59379501965417,-68.59379501965417
725.6900203371048,-68.59526773994268,-68.59526773994268
725.7000203371048,-68.59675161636393,-68.59675161636393
725.7100203371048,-68.59824675127307,-68.59824675127307
725.7200203371048,-68.59975324485252,-68.59975324485252
725.7300203371047,-68.60127119510128,-68.60127119510128
725.7400203371049,-68.60280069787531,-68.60280069787531
725.7500203371048,-68.60434184691482,-68.60434184691482
725.7600203371048,-68.60589473384682,-68.60589473384682
725.7700203371048,-68.6074594482096,-68.6074594482096
725.7800203371048,-68.60903607749277,-68.60903607749277
725.7900203371048,-68.61062470714612,-68.61062470714612
725.8000203371048,-68.61222542059846,-68.61222542059846
725.8100203371048,-68.61383829928313,-68.61383829928313
725.8200203371048,-68.61546342266615,-68.61546342266615
725.8300203371048,-68.61710086825985,-68.61710086825985
725.8400203371048,-68.6187507116524,-68.6187507116524
725.8500203371048,-68.62041302652683,-68.62041302652683
725.8600203371047,-68.6220878846855,-68.6220878846855
725.8700203371048,-68.62377535605896,-68.62377535605896
725.8800203371048,-68.62547550876177,-68.62547550876177
725.8900203371048,-68.62718840907357,-68.62718840907357
725.9000203609467,-68.62891412559625,-68.62891412559625
725.9100203609466,-68.6306527128862,-68.6306527128862
725.9200203609466,-68.63240423595384,-68.63240423595384
725.9300203609466,-68.63416875406615,-68.63416875406615
725.9400203609466,-68.63594632476519,-68.63594632476519
725.9500203609466,-68.63773700390546,-68.63773700390546
725.9600203609466,-68.63953487366875,-68.63953487366875
725.9700203609467,-68.64133737786265,-68.64133737786265
725.9800203609467,-68.64314330275315,-68.64314330275315
725.9900203609467,-68.64495205490056,-68.64495205490056
726.0000203609467,-68.64676338558075,-68.64676338558075
726.0100203609467,-68.64857724768724,-68.64857724768724
726.0200203609467,-68.65039371179975,-68.65039371179975
726.0300203609467,-68.65221291578246,-68.65221291578246
726.0400203609466,-68.65403503449626,-68.65403503449626
726.0500203609466,-68.65586026160469,-68.65586026160469
726.0600203609466,-68.65768879875742,-68.65768879875742
726.0700203609466,-68.65952084931023,-68.65952084931023
726.0800203609466,-68.66135661465901,-68.66135661465901
726.0900203609467,-68.66319629230145,-68.66319629230145
726.1000203609467,-68.66504007491709,-68.66504007491709
726.1100203609467,-68.66688814995513,-68.66688814995513
726.1200203609467,-68.66874069965982,-68.66874069965982
726.1300203609467,-68.67059790121098,-68.67059790121098
726.1400203609467,-68.67245992701565,-68.67245992701565
726.1500203609467,-68.67432694501852,-68.67432694501852
726.1600203609466,-68.67619911899156,-68.67619911899156
726.1700203609466,-68.67807660885941,-68.67807660885941
726.1800203609466,-68.6799595709646,-68.6799595709646
726.1900203609466,-68.68184815830931,-68.68184815830931
726.2000203609466,-68.6837425207891,-68.6837425207891
726.2100203609466,-68.68563682918393,-68.68563682918393
726.2200203609467,-68.6875286170765,-68.6875286170765
726.2300203609467,-68.68941676047211,-68.68941676047211
726.2400203609467,-68.69130075526573,-68.69130075526573
726.2500203609467,-68.69318044156874,-68.69318044156874
726.2600203609467,-68.69505586056776,-68.69505586056776
726.2700203609467,-68.69692717059161,-68.69692717059161
726.2800203609467,-68.69879459672208,-68.69879459672208
726.2900203609466,-68.7006584004955,-68.7006584004955
726.3000203609466,-68.7025188617349,-68.7025188617349
726.3100203609466,-68.70437626776737,-68.70437626776737
726.3200203609466,-68.70623090708776,-68.70623090708776
726.3300203609466,-68.70808306576282,-68.70808306576282
726.3400203609467,-68.70993302546901,-68.70993302546901
726.3500203609467,-68.71178106256889,-68.71178106256889
726.3600203609467,-68.71362744769657,-68.71362744769657
726.3700203609467,-68.71547244579021,-68.71547244579021
726.3800203609467,-68.71731631621307,-68.71731631621307
726.3900203609467,-68.71915931306059,-68.71915931306059
726.4000203609467,-68.72100168542252,-68.72100168542252
726.4100203609466,-68.72284367772177,-68.72284367772177
726.4200203609466,-68.7246855299734,-68.7246855299734
726.4300203609466,-68.72652747806445,-68.72652747806445
726.4400203609466,-68.7283697540039,-68.7283697540039
726.4500203609466,-68.73021258612461,-68.73021258612461
726.4600203609466,-68.73205619926514,-68.73205619926514
726.4700203609467,-68.73390081492273,-68.73390081492273
726.4800203609467,-68.73574665141668,-68.73574665141668
726.4900203609467,-68.73759392396396,-68.73759392396396
726.5000203609467,-68.73944284480288,-68.73944284480288
726.5100203609467,-68.7412936232832,-68.7412936232832
726.5200203609467,-68.74314646591569,-68.74314646591569
726.5300203609467,-68.74500157644043,-68.74500157644043
726.5400203609466,-68.74685915587183,-68.74685915587183
726.5500203609466,-68.74871940255193,-68.74871940255193
726.5600203609466,-68.75058251216808,-68.75058251216808
726.5700203609466,-68.75244867780032,-68.75244867780032
726.5800203609466,-68.75431808993972,-68.75431808993972
726.5900203609467,-68.75619093650707,-68.75619093650707
726.6000203609467,-68.75806740287717,-68.75806740287717
726.6100203609467,-68.75994767188266,-68.75994767188266
726.6200203609467,-68.76183192384192,-68.76183192384192
726.6300203609467,-68.7637203365693,-68.7637203365693
726.6400203609467,-68.76561308537858,-68.76561308537858
726.6500203609467,-68.76751034310449,-68.76751034310449
726.6600203609466,-68.76941228008737,-68.76941228008737
726.6700203609466,-68.77131906423625,-68.77131906423625
726.6800203609466,-68.7732308609765,-68.7732308609765
726.6900203609466,-68.77514783330577,-68.77514783330577
726.7000203609466,-68.77707014176828,-68.77707014176828
726.7100203609466,-68.77899794448959,-68.77899794448959
726.7200203609467,-68.78093139716812,-68.78093139716812
726.7300203609467,-68.78287065311116,-68.78287065311116
726.7400203609467,-68.78481586321747,-68.78481586321747
726.7500203847885,-68.78676718065701,-68.78676718065701
726.7600203847885,-68.78872474229053,-68.78872474229053
726.7700203847885,-68.79068869651508,-68.79068869651508
726.7800203847885,-68.792659184759,-68.792659184759
726.7900203847885,-68.7946363461107,-68.7946363461107
726.8000203847885,-68.79662031733126,-68.79662031733126
726.8100203847885,-68.79861123287485,-68.79861123287485
726.8200203847886,-68.80060922488293,-68.80060922488293
726.8300203847886,-68.80261442323531,-68.80261442323531
726.8400203847885,-68.804626955529,-68.804626955529
726.8500203847885,-68.80664694710718,-68.80664694710718
726.8600203847885,-68.80867452107614,-68.80867452107614
726.8700203847885,-68.81070979833348,-68.81070979833348
726.8800203847885,-68.81275289755087,-68.81275289755087
726.8900203847885,-68.81480393523412,-68.81480393523412
726.9000203847885,-68.81686302569446,-68.81686302569446
726.9100203847885,-68.8189302811078,-68.8189302811078
726.9200203847885,-68.82100581151367,-68.82100581151367
726.9300203847885,-68.82308972481907,-68.82308972481907
726.9400203847886,-68.82518212684609,-68.82518212684609
726.9500203847886,-68.82728312134012,-68.82728312134012
726.9600203847885,-68.82939280996987,-68.82939280996987
726.9700203847885,-68.83151129237223,-68.83151129237223
726.9800203847885,-68.83363866615741,-68.83363866615741
726.9900203847885,-68.8357750269342,-68.8357750269342
727.0000203847885,-68.83792046832788,-68.83792046832788
727.0100203847885,-68.84007508199385,-68.84007508199385
727.0200203847885,-68.84223895765014,-68.84223895765014
727.0300203847885,-68.84441218309023,-68.84441218309023
727.0400203847885,-68.84659484419869,-68.84659484419869
727.0500203847885,-68.84878702497782,-68.84878702497782
727.0600203847885,-68.85098880757423,-68.85098880757423
727.0700203847886,-68.85320027227154,-68.85320027227154
727.0800203847886,-68.85542149755992,-68.85542149755992
727.0900203847885,-68.85765256010055,-68.85765256010055
727.1000203847885,-68.85989353478642,-68.85989353478642
727.1100203847885,-68.86214449475116,-68.86214449475116
727.1200203847885,-68.86440551137657,-68.86440551137657
727.1300203847885,-68.86667665432714,-68.86667665432714
727.1400203847885,-68.86895799157044,-68.86895799157044
727.1500203847885,-68.87124958940261,-68.87124958940261
727.1600203847885,-68.87355151244286,-68.87355151244286
727.1700203847885,-68.87586382368069,-68.87586382368069
727.1800203847885,-68.87818658449146,-68.87818658449146
727.1900203847886,-68.8805198546363,-68.8805198546363
727.2000203847886,-68.88286369231712,-68.88286369231712
727.2100203847885,-68.88521815416847,-68.88521815416847
727.2200203847885,-68.88758329528092,-68.88758329528092
727.2300203847885,-68.88995916922944,-68.88995916922944
727.2400203847885,-68.89234582809149,-68.89234582809149
727.2500203847885,-68.89474332246755,-68.89474332246755
727.2600203847885,-68.89715170149555,-68.89715170149555
727.2700203847885,-68.89957101286856,-68.89957101286856
727.2800203847885,-68.90200130286514,-68.90200130286514
727.2900203847885,-68.90444261635356,-68.90444261635356
727.3000203847885,-68.90689499682678,-68.90689499682678
727.3100203847885,-68.9093584864069,-68.9093584864069
727.3200203847886,-68.91183312586799,-68.91183312586799
727.3300203847886,-68.91431895466907,-68.91431895466907
727.3400203847885,-68.91681601095299,-68.91681601095299
727.3500203847885,-68.91932433156275,-68.91932433156275
727.3600203847885,-68.92184395208082,-68.92184395208082
727.3700203847885,-68.92437490683412,-68.92437490683412
727.3800203847885,-68.92691722890468,-68.92691722890468
727.3900203847885,-68.92947095016403,-68.92947095016403
727.4000203847885,-68.93203610127412,-68.93203610127412
727.4100203847885,-68.93461271171887,-68.93461271171887
727.4200203847885,-68.9372008098114,-68.9372008098114
727.4300203847885,-68.93980042271315,-68.93980042271315
727.4400203847886,-68.94241157645875,-68.94241157645875
727.4500203847886,-68.94503429595292,-68.94503429595292
727.4600203847885,-68.94766860501686,-68.94766860501686
727.4700203847885,-68.95031452637255,-68.95031452637255
727.4800203847885,-68.95297208168532,-68.95297208168532
727.4900203847885,-68.95564129155869,-68.95564129155869
727.5000203847885,-68.95832217556101,-68.95832217556101
727.5100203847885,-68.96101475224386,-68.96101475224386
727.5200203847885,-68.9637190391506,-68.9637190391506
727.5300203847885,-68.96643505283636,-68.96643505283636
727.5400203847885,-68.96916280887577,-68.96916280887577
727.5500203847885,-68.97190232189547,-68.97190232189547
727.5600203847885,-68.97465360556164,-68.97465360556164
727.5700203847886,-68.97741667261948,-68.97741667261948
727.5800203847886,-68.98019153489508,-68.98019153489508
727.5900203847885,-68.9829782033153,-68.9829782033153
727.6000204086304,-68.98577669458082,-68.98577669458082
727.6100204086304,-68.98858700456333,-68.98858700456333
727.6200204086304,-68.99140914817234,-68.99140914817234
727.6300204086303,-68.99424313286436,-68.99424313286436
727.6400204086303,-68.99708896526664,-68.99708896526664
727.6500204086303,-68.99994665117434,-68.99994665117434
727.6600204086303,-69.00281619558591,-69.00281619558591
727.6700204086304,-69.00569760269106,-69.00569760269106
727.6800204086304,-69.00859087591063,-69.00859087591063
727.6900204086304,-69.01149601788711,-69.01149601788711
727.7000204086304,-69.01441303051358,-69.01441303051358
727.7100204086304,-69.01733590667999,-69.01733590667999
727.7200204086304,-69.02026202028777,-69.02026202028777
727.7300204086304,-69.02319009623295,-69.02319009623295
727.7400204086304,-69.02611948430585,-69.02611948430585
727.7500204086303,-69.02904988206885,-69.02904988206885
727.7600204086303,-69.03198119088694,-69.03198119088694
727.7700204086303,-69.03491343150999,-69.03491343150999
727.7800204086303,-69.03784669335086,-69.03784669335086
727.7900204086304,-69.04078110396553,-69.04078110396553
727.8000204086304,-69.0437168107911,-69.0437168107911
727.8100204086304,-69.04665397021857,-69.04665397021857
727.8200204086304,-69.04959274122838,-69.04959274122838
727.8300204086304,-69.05253328174946,-69.05253328174946
727.8400204086304,-69.05547574666636,-69.05547574666636
727.8500204086304,-69.05842028684151,-69.05842028684151
727.8600204086304,-69.0613670487611,-69.0613670487611
727.8700204086304,-69.06431617446574,-69.06431617446574
727.8800204086303,-69.06726780175718,-69.06726780175718
727.8900204086303,-69.07022206441876,-69.07022206441876
727.9000204086303,-69.0731790925493,-69.0731790925493
727.9100204086303,-69.07613901283047,-69.07613901283047
727.9200204086304,-69.07910194883753,-69.07910194883753
727.9300204086304,-69.08206802130552,-69.08206802130552
727.9400204086304,-69.08503734836441,-69.08503734836441
727.9500204086304,-69.08801004574393,-69.08801004574393
727.9600204086304,-69.09098021203458,-69.09098021203458
727.9700204086304,-69.09394532912819,-69.09394532912819
727.9800204086304,-69.09690423020156,-69.09690423020156
727.9900204086304,-69.09985637295459,-69.09985637295459
728.0000204086303,-69.10280156227375,-69.10280156227375
728.0100204086303,-69.10573980617414,-69.10573980617414
728.0200204086303,-69.10867123136074,-69.10867123136074
728.0300204086303,-69.11159603249835,-69.11159603249835
728.0400204086304,-69.11451444169997,-69.11451444169997
728.0500204086304,-69.11742671025155,-69.11742671025155
728.0600204086304,-69.1203330977092,-69.1203330977092
728.0700204086304,-69.12323386554641,-69.12323386554641
728.0800204086304,-69.12612927349973,-69.12612927349973
728.0900204086304,-69.12901957758197,-69.12901957758197
728.1000204086304,-69.13190502911971,-69.13190502911971
728.1100204086304,-69.1347858743628,-69.1347858743628
728.1200204086304,-69.1376623544592,-69.1376623544592
728.1300204086303,-69.14053470560681,-69.14053470560681
728.1400204086303,-69.14340315930357,-69.14340315930357
728.1500204086303,-69.1462679426412,-69.1462679426412
728.1600204086303,-69.1491292786007,-69.1491292786007
728.1700204086304,-69.15198738633563,-69.15198738633563
728.1800204086304,-69.15484248142307,-69.15484248142307
728.1900204086304,-69.15769477609271,-69.15769477609271
728.2000204086304,-69.16054447943364,-69.16054447943364
728.2100204086304,-69.1633857766395,-69.1633857766395
728.2200204086304,-69.16621623901236,-69.16621623901236
728.2300204086304,-69.16903478979798,-69.16903478979798
728.2400204086304,-69.17184097666672,-69.17184097666672
728.2500204086303,-69.17463469406222,-69.17463469406222
728.2600204086303,-69.1774160389981,-69.1774160389981
728.2700204086303,-69.18018522651506,-69.18018522651506
728.2800204086303,-69.1829425389134,-69.1829425389134
728.2900204086304,-69.18568829517875,-69.18568829517875
728.3000204086304,-69.18842283268874,-69.18842283268874
728.3100204086304,-69.19114649631018,-69.19114649631018
728.3200204086304,-69.19385963200126,-69.19385963200126
728.3300204086304,-69.19656258317131,-69.19656258317131
728.3400204086304,-69.1992556886822,-69.1992556886822
728.3500204086304,-69.20193928187324,-69.20193928187324
728.3600204086304,-69.20461369017202,-69.20461369017202
728.3700204086304,-69.20727923505822,-69.20727923505822
728.3800204086303,-69.20993623223599,-69.20993623223599
728.3900204086303,-69.21258499184931,-69.21258499184931
728.4000204086303,-69.21522581879636,-69.21522581879636
728.4100204086303,-69.21785901301028,-69.21785901301028
728.4200204086304,-69.22048486975488,-69.22048486975488
728.4300204086304,-69.22310367986917,-69.22310367986917
728.4400204086304,-69.22571573000658,-69.22571573000658
728.4500204324722,-69.22832130902472,-69.22832130902472
728.4600204324722,-69.2309146571853,-69.2309146571853
728.4700204324722,-69.23349342212089,-69.23349342212089
728.4800204324722,-69.23605659764236,-69.23605659764236
728.4900204324722,-69.23860380175297,-69.23860380175297
728.5000204324722,-69.24113499873634,-69.24113499873634
728.5100204324722,-69.24365035480541,-69.24365035480541
728.5200204324723,-69.24615015349852,-69.24615015349852
728.5300204324723,-69.24863474482754,-69.24863474482754
728.5400204324723,-69.25110451469538,-69.25110451469538
728.5500204324723,-69.25355986660217,-69.25355986660217
728.5600204324722,-69.25600121070778,-69.25600121070778
728.5700204324722,-69.25842895744499,-69.25842895744499
728.5800204324722,-69.26084351387671,-69.26084351387671
728.5900204324722,-69.2632452816985,-69.2632452816985
728.6000204324722,-69.26563465627112,-69.26563465627112
728.6100204324722,-69.26801202623604,-69.26801202623604
728.6200204324722,-69.27037777348743,-69.27037777348743
728.6300204324722,-69.27273227333745,-69.27273227333745
728.6400204324723,-69.27507589473889,-69.27507589473889
728.6500204324723,-69.27740900063363,-69.27740900063363
728.6600204324723,-69.2797319482053,-69.2797319482053
728.6700204324723,-69.28204508918755,-69.28204508918755
728.6800204324722,-69.2843487701364,-69.2843487701364
728.6900204324722,-69.28664333265313,-69.28664333265313
728.7000204324722,-69.28892911359978,-69.28892911359978
728.7100204324722,-69.29120644527104,-69.29120644527104
728.7200204324722,-69.29347565558672,-69.29347565558672
728.7300204324722,-69.29573706817872,-69.29573706817872
728.7400204324722,-69.29799100255067,-69.29799100255067
728.7500204324722,-69.30023777415572,-69.30023777415572
728.7600204324722,-69.30247769447963,-69.30247769447963
728.7700204324723,-69.30471107112197,-69.30471107112197
728.7800204324723,-69.30693820786115,-69.30693820786115
728.7900204324723,-69.30915940469241,-69.30915940469241
728.8000204324723,-69.31137495787792,-69.31137495787792
728.8100204324722,-69.31358516000248,-69.31358516000248
728.8200204324722,-69.31579029998932,-69.31579029998932
728.8300204324722,-69.31799066311697,-69.31799066311697
728.8400204324722,-69.32018653108288,-69.32018653108288
728.8500204324722,-69.32237818200134,-69.32237818200134
728.8600204324722,-69.3245658904303,-69.3245658904303
728.8700204324722,-69.32674992737898,-69.32674992737898
728.8800204324722,-69.32893056036188,-69.32893056036188
728.8900204324723,-69.33110805336968,-69.33110805336968
728.9000204324723,-69.33328266692928,-69.33328266692928
728.9100204324723,-69.33545465808295,-69.33545465808295
728.9200204324723,-69.33762428043536,-69.33762428043536
728.9300204324722,-69.3397917841494,-69.3397917841494
728.9400204324722,-69.34195741597283,-69.34195741597283
728.9500204324722,-69.34412141924906,-69.34412141924906
728.9600204324722,-69.346277998971,-69.346277998971
728.9700204324722,-69.34842475499512,-69.34842475499512
728.9800204324722,-69.3505606420455,-69.3505606420455
728.9900204324722,-69.35268524015213,-69.35268524015213
729.0000204324722,-69.35479847618512,-69.35479847618512
729.0100204324722,-69.35690047921489,-69.35690047921489
729.0200204324723,-69.35899149567776,-69.35899149567776
729.0300204324723,-69.3610718383869,-69.3610718383869
729.0400204324723,-69.36314185590201,-69.36314185590201
729.0500204324723,-69.36520191415104,-69.36520191415104
729.0600204324722,-69.36725238546701,-69.36725238546701
729.0700204324722,-69.36929364220828,-69.36929364220828
729.0800204324722,-69.37132605309924,-69.37132605309924
729.0900204324722,-69.37334998123904,-69.37334998123904
729.1000204324722,-69.3753657831506,-69.3753657831506
729.1100204324722,-69.37737380838247,-69.37737380838247
729.1200204324722,-69.37937439953859,-69.37937439953859
729.1300204324722,-69.38136789243282,-69.38136789243282
729.1400204324723,-69.38335461635724,-69.38335461635724
729.1500204324723,-69.38533489440873,-69.38533489440873
729.1600204324723,-69.38730904381565,-69.38730904381565
729.1700204324723,-69.3892773762196,-69.3892773762196
729.1800204324722,-69.39124019800057,-69.39124019800057
729.1900204324722,-69.39319781050018,-69.39319781050018
729.2000204324722,-69.39515051027674,-69.39515051027674
729.2100204324722,-69.39709858929157,-69.39709858929157
729.2200204324722,-69.39904233510556,-69.39904233510556
729.2300204324722,-69.40098203101473,-69.40098203101473
729.2400204324722,-69.4029179562083,-69.4029179562083
729.2500204324722,-69.40485038585635,-69.40485038585635
729.2600204324722,-69.40677959123309,-69.40677959123309
729.2700204324723,-69.40870583980356,-69.40870583980356
729.2800204324723,-69.41062939531588,-69.41062939531588
729.2900204324723,-69.41255051783101,-69.41255051783101
729.3000204563141,-69.41446946839147,-69.41446946839147
729.3100204563141,-69.41638649077744,-69.41638649077744
729.3200204563141,-69.4183018389619,-69.4183018389619
729.3300204563141,-69.42021575891506,-69.42021575891506
729.340020456314,-69.42212849315871,-69.42212849315871
729.350020456314,-69.42404028085221,-69.42404028085221
729.360020456314,-69.42595135778637,-69.42595135778637
729.3700204563141,-69.42786195643178,-69.42786195643178
729.3800204563141,-69.42977230597852,-69.42977230597852
729.3900204563141,-69.43168263233471,-69.43168263233471
729.4000204563141,-69.43359315817986,-69.43359315817986
729.4100204563141,-69.4355041029626,-69.4355041029626
729.4200204563141,-69.43741568295258,-69.43741568295258
729.4300204563141,-69.43932811125583,-69.43932811125583
729.4400204563141,-69.4412415978196,-69.4412415978196
729.4500204563141,-69.44315634948386,-69.44315634948386
729.460020456314,-69.44507256999353,-69.44507256999353
729.470020456314,-69.44699046000176,-69.44699046000176
729.480020456314,-69.4489102171273,-69.4489102171273
729.4900204563141,-69.45083203594935,-69.45083203594935
729.5000204563141,-69.4527561080586,-69.4527561080586
729.5100204563141,-69.45468262204524,-69.45468262204524
729.5200204563141,-69.45661176355219,-69.45661176355219
729.5300204563141,-69.45854371528505,-69.45854371528505
729.5400204563141,-69.46047865703616,-69.46047865703616
729.5500204563141,-69.46241676571589,-69.46241676571589
729.5600204563141,-69.46435821536787,-69.46435821536787
729.5700204563141,-69.46630317720278,-69.46630317720278
729.5800204563141,-69.46825181961475,-69.46825181961475
729.590020456314,-69.47020430821026,-69.47020430821026
729.600020456314,-69.47216080583057,-69.47216080583057
729.610020456314,-69.47412147258531,-69.47412147258531
729.6200204563141,-69.47608646586073,-69.47608646586073
729.6300204563141,-69.47805594037264,-69.47805594037264
729.6400204563141,-69.4800300481643,-69.4800300481643
729.6500204563141,-69.4820089386436,-69.4820089386436
729.6600204563141,-69.48399275861546,-69.48399275861546
729.6700204563141,-69.48598165229015,-69.48598165229015
729.6800204563141,-69.48797576133624,-69.48797576133624
729.6900204563141,-69.48997522488364,-69.48997522488364
729.7000204563141,-69.49198017956094,-69.49198017956094
729.710020456314,-69.49399075951374,-69.49399075951374
729.720020456314,-69.49600709643695,-69.49600709643695
729.730020456314,-69.49802931961256,-69.49802931961256
729.7400204563141,-69.50005755589768,-69.50005755589768
729.7500204563141,-69.50209192981671,-69.50209192981671
729.7600204563141,-69.50413256351705,-69.50413256351705
729.7700204563141,-69.50617957683923,-69.50617957683923
729.7800204563141,-69.50823308732761,-69.50823308732761
729.7900204563141,-69.51029321027131,-69.51029321027131
729.8000204563141,-69.51236005870604,-69.51236005870604
729.8100204563141,-69.5144337434551,-69.5144337434551
729.8200204563141,-69.5165143731723,-69.5165143731723
729.8300204563141,-69.51860205433312,-69.51860205433312
729.840020456314,-69.52069689127993,-69.52069689127993
729.850020456314,-69.52279898624981,-69.52279898624981
729.860020456314,-69.52490843940312,-69.52490843940312
729.8700204563141,-69.52702534882886,-69.52702534882886
729.8800204563141,-69.52914981059591,-69.52914981059591
729.8900204563141,-69.5312819187638,-69.5312819187638
729.9000204563141,-69.53342176540765,-69.53342176540765
729.9100204563141,-69.53556944064847,-69.53556944064847
729.9200204563141,-69.53772503267933,-69.53772503267933
729.9300204563141,-69.539888627778,-69.539888627778
729.9400204563141,-69.5420603103459,-69.5420603103459
729.9500204563141,-69.54424016293596,-69.54424016293596
729.960020456314,-69.54642826626036,-69.54642826626036
729.970020456314,-69.54862469921653,-69.54862469921653
729.980020456314,-69.5508295389245,-69.5508295389245
729.9900204563141,-69.55304286074215,-69.55304286074215
730.0000204563141,-69.55526473829768,-69.55526473829768
730.0100204563141,-69.55749524349734,-69.55749524349734
730.0200204563141,-69.55973444654565,-69.55973444654565
730.0300204563141,-69.56198241600006,-69.56198241600006
730.0400204563141,-69.56423921876043,-69.56423921876043
730.0500204563141,-69.5665049201049,-69.5665049201049
730.0600204563141,-69.56877958371679,-69.56877958371679
730.0700204563141,-69.57106327169458,-69.57106327169458
730.0800204563141,-69.5733560445874,-69.5733560445874
730.090020456314,-69.57565796139501,-69.57565796139501
730.100020456314,-69.57796907962255,-69.57796907962255
730.110020456314,-69.58028945527484,-69.58028945527484
730.1200204563141,-69.58261914287917,-69.58261914287917
730.1300204563141,-69.58495819552732,-69.58495819552732
730.1400204563141,-69.58730666487125,-69.58730666487125
730.150020480156,-69.58966460677068,-69.58966460677068
730.1600204801559,-69.59203205888764,-69.59203205888764
730.1700204801559,-69.59440907428478,-69.59440907428478
730.1800204801559,-69.59679569910207,-69.59679569910207
730.1900204801559,-69.59919197814378,-69.59919197814378
730.2000204801559,-69.60159795491141,-69.60159795491141
730.2100204801559,-69.60400761289873,-69.60400761289873
730.220020480156,-69.60641834554306,-69.60641834554306
730.230020480156,-69.6088289084719,-69.6088289084719
730.240020480156,-69.6112386871889,-69.6112386871889
730.250020480156,-69.61364741750518,-69.61364741750518
730.260020480156,-69.61605504033272,-69.61605504033272
730.270020480156,-69.61846161646075,-69.61846161646075
730.2800204801559,-69.62086727538312,-69.62086727538312
730.2900204801559,-69.6232721845321,-69.6232721845321
730.3000204801559,-69.62567653077942,-69.62567653077942
730.3100204801559,-69.62808050949731,-69.62808050949731
730.3200204801559,-69.63048431807808,-69.63048431807808
730.3300204801559,-69.63288815228987,-69.63288815228987
730.340020480156,-69.635292204263,-69.635292204263
730.350020480156,-69.63769666155568,-69.63769666155568
730.360020480156,-69.6401017067429,-69.6401017067429
730.370020480156,-69.6425075173987,-69.6425075173987
730.380020480156,-69.64491426629876,-69.64491426629876
730.390020480156,-69.64732212168195,-69.64732212168195
730.400020480156,-69.64973124753848,-69.64973124753848
730.4100204801559,-69.65214180394904,-69.65214180394904
730.4200204801559,-69.65455394737444,-69.65455394737444
730.4300204801559,-69.65696783094717,-69.65696783094717
730.4400204801559,-69.65938360469823,-69.65938360469823
730.4500204801559,-69.66180141581945,-69.66180141581945
730.4600204801559,-69.66422140880094,-69.66422140880094
730.470020480156,-69.6666437256461,-69.6666437256461
730.480020480156,-69.66906850599905,-69.66906850599905
730.490020480156,-69.67149588726211,-69.67149588726211
730.500020480156,-69.67392600470727,-69.67392600470727
730.510020480156,-69.67635899156616,-69.67635899156616
730.520020480156,-69.67879497910623,-69.67879497910623
730.5300204801559,-69.68123409669752,-69.68123409669752
730.5400204801559,-69.68367647185899,-69.68367647185899
730.5500204801559,-69.68612223030492,-69.68612223030492
730.5600204801559,-69.68857149599859,-69.68857149599859
730.5700204801559,-69.69102439116601,-69.69102439116601
730.5800204801559,-69.69348103632933,-69.69348103632933
730.590020480156,-69.69594155032924,-69.69594155032924
730.600020480156,-69.69840605035928,-69.69840605035928
730.610020480156,-69.70087465195887,-69.70087465195887
730.620020480156,-69.70334746903225,-69.70334746903225
730.630020480156,-69.70582461387089,-69.70582461387089
730.640020480156,-69.70830619717727,-69.70830619717727
730.650020480156,-69.71079232802991,-69.71079232802991
730.6600204801559,-69.71328311393872,-69.71328311393872
730.6700204801559,-69.71577866081272,-69.71577866081272
730.6800204801559,-69.71827907300585,-69.71827907300585
730.6900204801559,-69.72078445329294,-69.72078445329294
730.7000204801559,-69.72329490289307,-69.72329490289307
730.7100204801559,-69.72581052146052,-69.72581052146052
730.720020480156,-69.72833140709957,-69.72833140709957
730.730020480156,-69.73085765638447,-69.73085765638447
730.740020480156,-69.73338936433093,-69.73338936433093
730.750020480156,-69.7359266244381,-69.7359266244381
730.760020480156,-69.73846952867069,-69.73846952867069
730.770020480156,-69.74101816748059,-69.74101816748059
730.7800204801559,-69.74357262980391,-69.74357262980391
730.7900204801559,-69.74613300305602,-69.74613300305602
730.8000204801559,-69.74869937317634,-69.74869937317634
730.8100204801559,-69.75127182459448,-69.75127182459448
730.8200204801559,-69.75385044027156,-69.75385044027156
730.8300204801559,-69.75643530168256,-69.75643530168256
730.840020480156,-69.75902648883766,-69.75902648883766
730.850020480156,-69.76162408029279,-69.76162408029279
730.860020480156,-69.76422815314187,-69.76422815314187
730.870020480156,-69.76683878304752,-69.76683878304752
730.880020480156,-69.76945604423268,-69.76945604423268
730.890020480156,-69.77208000951181,-69.77208000951181
730.900020480156,-69.77471075027405,-69.77471075027405
730.9100204801559,-69.7773483365087,-69.7773483365087
730.9200204801559,-69.7799928368164,-69.7799928368164
730.9300204801559,-69.78264431842074,-69.78264431842074
730.9400204801559,-69.78530284716621,-69.78530284716621
730.9500204801559,-69.78796848754781,-69.78796848754781
730.9600204801559,-69.79064130269663,-69.79064130269663
730.970020480156,-69.79332135442078,-69.79332135442078
730.980020480156,-69.7960087032064,-69.7960087032064
730.990020480156,-69.7987034082131,-69.7987034082131
731.0000205039978,-69.80140553374248,-69.80140553374248
731.0100205039978,-69.80411512352723,-69.80411512352723
731.0200205039978,-69.80683223926,-69.80683223926
731.0300205039978,-69.80955693497462,-69.80955693497462
731.0400205039978,-69.81228926344752,-69.81228926344752
731.0500205039978,-69.81502927622387,-69.81502927622387
731.0600205039977,-69.81777702361263,-69.81777702361263
731.0700205039979,-69.82053255470342,-69.82053255470342
731.0800205039978,-69.82329591738629,-69.82329591738629
731.0900205039978,-69.82606715836178,-69.82606715836178
731.1000205039978,-69.8288463231517,-69.8288463231517
731.1100205039978,-69.83163345611155,-69.83163345611155
731.1200205039978,-69.83442860044737,-69.83442860044737
731.1300205039978,-69.83723179821367,-69.83723179821367
731.1400205039978,-69.84004309036223,-69.84004309036223
731.1500205039978,-69.84286251670767,-69.84286251670767
731.1600205039978,-69.8456901159789,-69.8456901159789
731.1700205039978,-69.84852592580157,-69.84852592580157
731.1800205039978,-69.85136998274635,-69.85136998274635
731.1900205039979,-69.85422232229823,-69.85422232229823
731.2000205039978,-69.85708297891476,-69.85708297891476
731.2100205039978,-69.8599519860025,-69.8599519860025
731.2200205039978,-69.86282937594932,-69.86282937594932
731.2300205039978,-69.86571518012313,-69.86571518012313
731.2400205039978,-69.86860942889683,-69.86860942889683
731.2500205039978,-69.87151215166469,-69.87151215166469
731.2600205039978,-69.87442337682984,-69.87442337682984
731.2700205039978,-69.87734313185493,-69.87734313185493
731.2800205039978,-69.88027144323082,-69.88027144323082
731.2900205039978,-69.88320833652912,-69.88320833652912
731.3000205039978,-69.88615383639288,-69.88615383639288
731.3100205039977,-69.8891079665453,-69.8891079665453
731.3200205039979,-69.89207074981553,-69.89207074981553
731.3300205039978,-69.89504220813863,-69.89504220813863
731.3400205039978,-69.89802236258102,-69.89802236258102
731.3500205039978,-69.90101123333712,-69.90101123333712
731.3600205039978,-69.90400883974851,-69.90400883974851
731.3700205039978,-69.90701520032833,-69.90701520032833
731.3800205039978,-69.91003033275125,-69.91003033275125
731.3900205039978,-69.91305425385734,-69.91305425385734
731.4000205039978,-69.91608697970436,-69.91608697970436
731.4100205039978,-69.9191285255489,-69.9191285255489
731.4200205039978,-69.92217890585698,-69.92217890585698
731.4300205039978,-69.92523813432125,-69.92523813432125
731.4400205039979,-69.92830622387734,-69.92830622387734
731.4500205039978,-69.93138318671507,-69.93138318671507
731.4600205039978,-69.93446903427382,-69.93446903427382
731.4700205039978,-69.93756377726032,-69.93756377726032
731.4800205039978,-69.940667425675,-69.940667425675
731.4900205039978,-69.94377998880023,-69.94377998880023
731.5000205039978,-69.94690147522991,-69.94690147522991
731.5100205039978,-69.9500318928607,-69.9500318928607
731.5200205039978,-69.95317124891038,-69.95317124891038
731.5300205039978,-69.9563195499415,-69.9563195499415
731.5400205039978,-69.95947680184439,-69.95947680184439
731.5500205039978,-69.96264300986952,-69.96264300986952
731.5600205039977,-69.96581817863907,-69.96581817863907
731.5700205039979,-69.96900231213091,-69.96900231213091
731.5800205039978,-69.97219541371466,-69.97219541371466
731.5900205039978,-69.97539748614547,-69.97539748614547
731.6000205039978,-69.97860853157577,-69.97860853157577
731.6100205039978,-69.98182855157692,-69.98182855157692
731.6200205039978,-69.98505754713999,-69.98505754713999
731.6300205039978,-69.98829551866932,-69.98829551866932
731.6400205039978,-69.99154246602039,-69.99154246602039
731.6500205039978,-69.9947983884888,-69.9947983884888
731.6600205039978,-69.99806328481775,-69.99806328481775
731.6700205039978,-70.00133715323022,-70.00133715323022
731.6800205039978,-70.00461999140504,-70.00461999140504
731.6900205039979,-70.00791179650966,-70.00791179650966
731.7000205039978,-70.01121256519794,-70.01121256519794
731.7100205039978,-70.0145161950013,-70.0145161950013
731.7200205039978,-70.01782001401315,-70.01782001401315
731.7300205039978,-70.02112272142506,-70.02112272142506
731.7400205039978,-70.02442365090053,-70.02442365090053
731.7500205039978,-70.02772248938689,-70.02772248938689
731.7600205039978,-70.03101913100157,-70.03101913100157
731.7700205039978,-70.03431359137949,-70.03431359137949
731.7800205039978,-70.03760595617469,-70.03760595617469
731.7900205039978,-70.04089635009554,-70.04089635009554
731.8000205039978,-70.0441849183326,-70.0441849183326
731.8100205039977,-70.04747181548986,-70.04747181548986
731.8200205039979,-70.05075719910121,-70.05075719910121
731.8300205039978,-70.05404122591668,-70.05404122591668
731.8400205039978,-70.05732404986475,-70.05732404986475
731.8500205278397,-70.06060582890048,-70.06060582890048
731.8600205278397,-70.06388669334648,-70.06388669334648
731.8700205278396,-70.06716679270305,-70.06716679270305
731.8800205278396,-70.07044626460232,-70.07044626460232
731.8900205278396,-70.07372524284872,-70.07372524284872
731.9000205278396,-70.07700385772284,-70.07700385772284
731.9100205278396,-70.08028223627807,-70.08028223627807
731.9200205278397,-70.08356050261888,-70.08356050261888
731.9300205278397,-70.08683877820276,-70.08683877820276
731.9400205278397,-70.09011718203793,-70.09011718203793
731.9500205278397,-70.09339583090552,-70.09339583090552
731.9600205278397,-70.09667483953753,-70.09667483953753
731.9700205278397,-70.0999543207986,-70.0999543207986
731.9800205278397,-70.10323438578632,-70.10323438578632
731.9900205278396,-70.10651514396272,-70.10651514396272
732.0000205278396,-70.10979670324076,-70.10979670324076
732.0100205278396,-70.11307917006896,-70.11307917006896
732.0200205278396,-70.11636264949259,-70.11636264949259
732.0300205278396,-70.11964724520813,-70.11964724520813
732.0400205278397,-70.12293305960978,-70.12293305960978
732.0500205278397,-70.12622019383497,-70.12622019383497
732.0600205278397,-70.12950874778318,-70.12950874778318
732.0700205278397,-70.13279882013691,-70.13279882013691
732.0800205278397,-70.13609050838302,-70.13609050838302
732.0900205278397,-70.13938390883244,-70.13938390883244
732.1000205278397,-70.1426791166211,-70.1426791166211
732.1100205278397,-70.14597622574155,-70.14597622574155
732.1200205278396,-70.14927532901942,-70.14927532901942
732.1300205278396,-70.15257651812927,-70.15257651812927
732.1400205278396,-70.15587988360915,-70.15587988360915
732.1500205278396,-70.15918551484269,-70.15918551484269
732.1600205278396,-70.16249350008084,-70.16249350008084
732.1700205278397,-70.16580392641133,-70.16580392641133
732.1800205278397,-70.16911687980833,-70.16911687980833
732.1900205278397,-70.17243244506886,-70.17243244506886
732.2000205278397,-70.17575070586291,-70.17575070586291
732.2100205278397,-70.17907174470578,-70.17907174470578
732.2200205278397,-70.18239564297787,-70.18239564297787
732.2300205278397,-70.18572248089588,-70.18572248089588
732.2400205278396,-70.18905233753924,-70.18905233753924
732.2500205278396,-70.19238529083593,-70.19238529083593
732.2600205278396,-70.19572141755734,-70.19572141755734
732.2700205278396,-70.19906079334862,-70.19906079334862
732.2800205278396,-70.202403492676,-70.202403492676
732.2900205278397,-70.20574958887727,-70.20574958887727
732.3000205278397,-70.20909915415024,-70.20909915415024
732.3100205278397,-70.21245225953649,-70.21245225953649
732.3200205278397,-70.21580897493953,-70.21580897493953
732.3300205278397,-70.21916936912882,-70.21916936912882
732.3400205278397,-70.22253350972777,-70.22253350972777
732.3500205278397,-70.22590146323728,-70.22590146323728
732.3600205278397,-70.22927329501917,-70.22927329501917
732.3700205278396,-70.23264906931203,-70.23264906931203
732.3800205278396,-70.2360288492375,-70.2360288492375
732.3900205278396,-70.23941269679901,-70.23941269679901
732.4000205278396,-70.24280067288143,-70.24280067288143
732.4100205278396,-70.24619283727172,-70.24619283727172
732.4200205278397,-70.24958924864409,-70.24958924864409
732.4300205278397,-70.25298996459506,-70.25298996459506
732.4400205278397,-70.25639504160523,-70.25639504160523
732.4500205278397,-70.25980453510392,-70.25980453510392
732.4600205278397,-70.26321849942596,-70.26321849942596
732.4700205278397,-70.26663698783393,-70.26663698783393
732.4800205278397,-70.27006005253489,-70.27006005253489
732.4900205278396,-70.2734877446858,-70.2734877446858
732.5000205278396,-70.27692011439284,-70.27692011439284
732.5100205278396,-70.28035721072077,-70.28035721072077
732.5200205278396,-70.28379908170473,-70.28379908170473
732.5300205278396,-70.28724577436031,-70.28724577436031
732.5400205278397,-70.29069733467834,-70.29069733467834
732.5500205278397,-70.29415380766125,-70.29415380766125
732.5600205278397,-70.29761523730264,-70.29761523730264
732.5700205278397,-70.30108166660733,-70.30108166660733
732.5800205278397,-70.30455313759691,-70.30455313759691
732.5900205278397,-70.30802969132428,-70.30802969132428
732.6000205278397,-70.3115113678917,-70.3115113678917
732.6100205278397,-70.3149982064454,-70.3149982064454
732.6200205278396,-70.31849024518077,-70.31849024518077
732.6300205278396,-70.32198752136455,-70.32198752136455
732.6400205278396,-70.32549007133673,-70.32549007133673
732.6500205278396,-70.32899793052579,-70.32899793052579
732.6600205278396,-70.3325111334625,-70.3325111334625
732.6700205278397,-70.33602971376529,-70.33602971376529
732.6800205278397,-70.33955370418282,-70.33955370418282
732.6900205278397,-70.34308313657199,-70.34308313657199
732.7000205516815,-70.34661805035186,-70.34661805035186
732.7100205516815,-70.3501584588678,-70.3501584588678
732.7200205516815,-70.35370439978918,-70.35370439978918
732.7300205516815,-70.3572559015801,-70.3572559015801
732.7400205516815,-70.3608129918807,-70.3608129918807
732.7500205516815,-70.3643756975027,-70.3643756975027
732.7600205516815,-70.36794404446016,-70.36794404446016
732.7700205516816,-70.37151805794818,-70.37151805794818
732.7800205516816,-70.37509776240155,-70.37509776240155
732.7900205516816,-70.3786831814511,-70.3786831814511
732.8000205516815,-70.38227433798082,-70.38227433798082
732.8100205516815,-70.38587125410494,-70.38587125410494
732.8200205516815,-70.38947395117617,-70.38947395117617
732.8300205516815,-70.39308244983253,-70.39308244983253
732.8400205516815,-70.39669676995824,-70.39669676995824
732.8500205516815,-70.40031693072902,-70.40031693072902
732.8600205516815,-70.40394295060311,-70.40394295060311
732.8700205516815,-70.4075748473446,-70.4075748473446
732.8800205516815,-70.41121263801337,-70.41121263801337
732.8900205516816,-70.41485633899468,-70.41485633899468
732.9000205516816,-70.41850596599703,-70.41850596599703
732.9100205516816,-70.42216153406063,-70.42216153406063
732.9200205516815,-70.42582305756447,-70.42582305756447
732.9300205516815,-70.4294905502527,-70.4294905502527
732.9400205516815,-70.4331640252293,-70.4331640252293
732.9500205516815,-70.43684349496476,-70.43684349496476
732.9600205516815,-70.44052283293374,-70.44052283293374
732.9700205516815,-70.4441993635664,-70.4441993635664
732.9800205516815,-70.44787179062651,-70.44787179062651
732.9900205516815,-70.45153945611051,-70.45153945611051
733.0000205516815,-70.45520205739186,-70.45520205739186
733.0100205516815,-70.45885950028054,-70.45885950028054
733.0200205516816,-70.46251181284492,-70.46251181284492
733.0300205516816,-70.46615909364787,-70.46615909364787
733.0400205516816,-70.46980148059693,-70.46980148059693
733.0500205516815,-70.47343913226935,-70.47343913226935
733.0600205516815,-70.47707221678021,-70.47707221678021
733.0700205516815,-70.48070090526753,-70.48070090526753
733.0800205516815,-70.48432536811968,-70.48432536811968
733.0900205516815,-70.48794577295021,-70.48794577295021
733.1000205516815,-70.49156228358572,-70.49156228358572
733.1100205516815,-70.49517505966872,-70.49517505966872
733.1200205516815,-70.4987842566097,-70.4987842566097
733.1300205516815,-70.50239002571948,-70.50239002571948
733.1400205516816,-70.50599251447822,-70.50599251447822
733.1500205516816,-70.50959186681976,-70.50959186681976
733.1600205516816,-70.5131882234246,-70.5131882234246
733.1700205516815,-70.51678172200269,-70.51678172200269
733.1800205516815,-70.52037249757318,-70.52037249757318
733.1900205516815,-70.52396068266674,-70.52396068266674
733.2000205516815,-70.52754640755708,-70.52754640755708
733.2100205516815,-70.53112980043424,-70.53112980043424
733.2200205516815,-70.53471098756,-70.53471098756
733.2300205516815,-70.53829009338186,-70.53829009338186
733.2400205516815,-70.54186724067169,-70.54186724067169
733.2500205516815,-70.54544255059278,-70.54544255059278
733.2600205516815,-70.54901614278377,-70.54901614278377
733.2700205516816,-70.55258813544135,-70.55258813544135
733.2800205516816,-70.55615864535578,-70.55615864535578
733.2900205516816,-70.55972778795122,-70.55972778795122
733.3000205516815,-70.56329567733471,-70.56329567733471
733.3100205516815,-70.5668624263012,-70.5668624263012
733.3200205516815,-70.57042814638781,-70.57042814638781
733.3300205516815,-70.57399294787281,-70.57399294787281
733.3400205516815,-70.57755693978169,-70.57755693978169
733.3500205516815,-70.5811202299197,-70.5811202299197
733.3600205516815,-70.58468292486823,-70.58468292486823
733.3700205516815,-70.5882451299813,-70.5882451299813
733.3800205516815,-70.59180694939428,-70.59180694939428
733.3900205516816,-70.59536848604645,-70.59536848604645
733.4000205516816,-70.5989298416537,-70.5989298416537
733.4100205516816,-70.6024911167267,-70.6024911167267
733.4200205516815,-70.60605241055745,-70.60605241055745
733.4300205516815,-70.60961382123308,-70.60961382123308
733.4400205516815,-70.61317544562988,-70.61317544562988
733.4500205516815,-70.61673737941373,-70.61673737941373
733.4600205516815,-70.62029971702533,-70.62029971702533
733.4700205516815,-70.62386255170246,-70.62386255170246
733.4800205516815,-70.62742597545785,-70.62742597545785
733.4900205516815,-70.63099007909743,-70.63099007909743
733.5000205516815,-70.63455495219962,-70.63455495219962
733.5100205516815,-70.638120683141,-70.638120683141
733.5200205516816,-70.64168735906969,-70.64168735906969
733.5300205516816,-70.64525506592618,-70.64525506592618
733.5400205516816,-70.64882388843341,-70.64882388843341
733.5500205755234,-70.65239391861007,-70.65239391861007
733.5600205755234,-70.6559652217715,-70.6559652217715
733.5700205755234,-70.65953788748075,-70.65953788748075
733.5800205755233,-70.66311199563893,-70.66311199563893
733.5900205755233,-70.66668762492803,-70.66668762492803
733.6000205755233,-70.67026485283623,-70.67026485283623
733.6100205755233,-70.67384375565229,-70.67384375565229
733.6200205755234,-70.677424408477,-70.677424408477
733.6300205755234,-70.68100688523567,-70.68100688523567
733.6400205755234,-70.68459125864078,-70.68459125864078
733.6500205755234,-70.68817760025723,-70.68817760025723
733.6600205755234,-70.69176598046984,-70.69176598046984
733.6700205755234,-70.69535646850257,-70.69535646850257
733.6800205755234,-70.69894913240671,-70.69894913240671
733.6900205755234,-70.70254403909426,-70.70254403909426
733.7000205755234,-70.70614125432542,-70.70614125432542
733.7100205755233,-70.70974084272908,-70.70974084272908
733.7200205755233,-70.71334286779548,-70.71334286779548
733.7300205755233,-70.71694739189968,-70.71694739189968
733.7400205755234,-70.7205544762893,-70.7205544762893
733.7500205755234,-70.72416418111996,-70.72416418111996
733.7600205755234,-70.72777656543069,-70.72777656543069
733.7700205755234,-70.7313916871859,-70.7313916871859
733.7800205755234,-70.73500960325319,-70.73500960325319
733.7900205755234,-70.73863036943051,-70.73863036943051
733.8000205755234,-70.74225404045714,-70.74225404045714
733.8100205755234,-70.74588067001064,-70.74588067001064
733.8200205755234,-70.74951031072929,-70.74951031072929
733.8300205755233,-70.75314301420299,-70.75314301420299
733.8400205755233,-70.75677883099725,-70.75677883099725
733.8500205755233,-70.76041781065864,-70.76041781065864
733.8600205755233,-70.76406000173795,-70.76406000173795
733.8700205755234,-70.76770545176916,-70.76770545176916
733.8800205755234,-70.77135420731445,-70.77135420731445
733.8900205755234,-70.77500631393872,-70.77500631393872
733.9000205755234,-70.77866181625197,-70.77866181625197
733.9100205755234,-70.7823207578952,-70.7823207578952
733.9200205755234,-70.78598318156496,-70.78598318156496
733.9300205755234,-70.78964912901682,-70.78964912901682
733.9400205755234,-70.79331864108214,-70.79331864108214
733.9500205755234,-70.79699175766761,-70.79699175766761
733.9600205755233,-70.80066851777264,-70.80066851777264
733.9700205755233,-70.80434895949884,-70.80434895949884
733.9800205755233,-70.80803312005638,-70.80803312005638
733.9900205755234,-70.8117210357825,-70.8117210357825
734.0000205755234,-70.81541274214352,-70.81541274214352
734.0100205755234,-70.81910827374656,-70.81910827374656
734.0200205755234,-70.82280766435389,-70.82280766435389
734.0300205755234,-70.82651094689147,-70.82651094689147
734.0400205755234,-70.83021815345087,-70.83021815345087
734.0500205755234,-70.83392931530881,-70.83392931530881
734.0600205755234,-70.83764446293522,-70.83764446293522
734.0700205755234,-70.84136362601281,-70.84136362601281
734.0800205755233,-70.84508683341745,-70.84508683341745
734.0900205755233,-70.84881411325573,-70.84881411325573
734.1000205755233,-70.85254549286392,-70.85254549286392
734.1100205755233,-70.85628099883249,-70.85628099883249
734.1200205755234,-70.86002065698747,-70.86002065698747
734.1300205755234,-70.86376449243134,-70.86376449243134
734.1400205755234,-70.86751252952558,-70.86751252952558
734.1500205755234,-70.87126479191858,-70.87126479191858
734.1600205755234,-70.87502130255157,-70.87502130255157
734.1700205755234,-70.87878208365701,-70.87878208365701
734.1800205755234,-70.88254715677535,-70.88254715677535
734.1900205755234,-70.88631654277455,-70.88631654277455
734.2000205755234,-70.89009026184488,-70.89009026184488
734.2100205755233,-70.89386215382928,-70.89386215382928
734.2200205755233,-70.8976295314417,-70.8976295314417
734.2300205755233,-70.90139109552649,-70.90139109552649
734.2400205755234,-70.9051461892504,-70.9051461892504
734.2500205755234,-70.90889451345201,-70.90889451345201
734.2600205755234,-70.9126359787525,-70.9126359787525
734.2700205755234,-70.91637061887471,-70.91637061887471
734.2800205755234,-70.9200985385423,-70.9200985385423
734.2900205755234,-70.9238198821785,-70.9238198821785
734.3000205755234,-70.92753481507383,-70.92753481507383
734.3100205755234,-70.93124351224183,-70.93124351224183
734.3200205755234,-70.93494615176843,-70.93494615176843
734.3300205755233,-70.93864291110948,-70.93864291110948
734.3400205755233,-70.94233396498927,-70.94233396498927
734.3500205755233,-70.94601948439181,-70.94601948439181
734.3600205755233,-70.94969963614788,-70.94969963614788
734.3700205755234,-70.9533745828823,-70.9533745828823
734.3800205755234,-70.9570444831685,-70.9570444831685
734.3900205755234,-70.96070949174236,-70.96070949174236
734.4000205993652,-70.9643697685222,-70.9643697685222
734.4100205993652,-70.96802544405179,-70.96802544405179
734.4200205993652,-70.97167667206034,-70.97167667206034
734.4300205993652,-70.97532359486976,-70.97532359486976
734.4400205993652,-70.97896635232895,-70.97896635232895
734.4500205993652,-70.98260508202942,-70.98260508202942
734.4600205993652,-70.98623991947488,-70.98623991947488
734.4700205993653,-70.98987099822767,-70.98987099822767
734.4800205993653,-70.99349845006405,-70.99349845006405
734.4900205993653,-70.99712240503689,-70.99712240503689
734.5000205993653,-71.00074299161633,-71.00074299161633
734.5100205993652,-71.00436033673547,-71.00436033673547
734.5200205993652,-71.00797456585518,-71.00797456585518
734.5300205993652,-71.01158580302999,-71.01158580302999
734.5400205993652,-71.0151941709337,-71.0151941709337
734.5500205993652,-71.01879979090872,-71.01879979090872
734.5600205993652,-71.02240278297982,-71.02240278297982
734.5700205993652,-71.02600326589116,-71.02600326589116
734.5800205993652,-71.02960135709692,-71.02960135709692
734.5900205993653,-71.0331971727934,-71.0331971727934
734.6000205993653,-71.0367908279398,-71.0367908279398
734.6100205993653,-71.04038243624063,-71.04038243624063
734.6200205993653,-71.0439721101602,-71.0439721101602
734.6300205993653,-71.04755996092776,-71.04755996092776
734.6400205993652,-71.05114609853352,-71.05114609853352
734.6500205993652,-71.05473063173726,-71.05473063173726
734.6600205993652,-71.05831366806298,-71.05831366806298
734.6700205993652,-71.06189531380215,-71.06189531380215
734.6800205993652,-71.06547567401046,-71.06547567401046
734.6900205993652,-71.06905485250356,-71.06905485250356
734.7000205993652,-71.0726329518581,-71.0726329518581
734.7100205993652,-71.07621007340973,-71.07621007340973
734.7200205993653,-71.07978631725094,-71.07978631725094
734.7300205993653,-71.08336178224786,-71.08336178224786
734.7400205993653,-71.08693656600133,-71.08693656600133
734.7500205993653,-71.09051076488238,-71.09051076488238
734.7600205993652,-71.09408447401293,-71.09408447401293
734.7700205993652,-71.09765778727073,-71.09765778727073
734.7800205993652,-71.10123079729512,-71.10123079729512
734.7900205993652,-71.10480359547263,-71.10480359547263
734.8000205993652,-71.10837627195872,-71.10837627195872
734.8100205993652,-71.11194891566173,-71.11194891566173
734.8200205993652,-71.11552161425827,-71.11552161425827
734.8300205993652,-71.11909445419072,-71.11909445419072
734.8400205993653,-71.12266752066513,-71.12266752066513
734.8500205993653,-71.12624089766123,-71.12624089766123
734.8600205993653,-71.12981466792868,-71.12981466792868
734.8700205993653,-71.13338891300585,-71.13338891300585
734.8800205993653,-71.13696371320718,-71.13696371320718
734.8900205993652,-71.14053914762948,-71.14053914762948
734.9000205993652,-71.14411529417642,-71.14411529417642
734.9100205993652,-71.14769222954509,-71.14769222954509
734.9200205993652,-71.15127002923253,-71.15127002923253
734.9300205993652,-71.15484876755755,-71.15484876755755
734.9400205993652,-71.15842851764386,-71.15842851764386
734.9500205993652,-71.16200935145207,-71.16200935145207
734.9600205993652,-71.16559133976172,-71.16559133976172
734.9700205993653,-71.16917455219553,-71.16917455219553
734.9800205993653,-71.17275905723395,-71.17275905723395
734.9900205993653,-71.17634492220138,-71.17634492220138
735.0000205993653,-71.1799322132779,-71.1799322132779
735.0100205993652,-71.18352099552244,-71.18352099552244
735.0200205993652,-71.18711133287289,-71.18711133287289
735.0300205993652,-71.19070328814507,-71.19070328814507
735.0400205993652,-71.19429692306251,-71.19429692306251
735.0500205993652,-71.19789229825136,-71.19789229825136
735.0600205993652,-71.20148947325637,-71.20148947325637
735.0700205993652,-71.20508850653371,-71.20508850653371
735.0800205993652,-71.20868945547979,-71.20868945547979
735.0900205993653,-71.21229237642335,-71.21229237642335
735.1000205993653,-71.21589732467339,-71.21589732467339
735.1100205993653,-71.21950435447081,-71.21950435447081
735.1200205993653,-71.22311351904344,-71.22311351904344
735.1300205993653,-71.22672487060032,-71.22672487060032
735.1400205993652,-71.23033846033356,-71.23033846033356
735.1500205993652,-71.23395433844605,-71.23395433844605
735.1600205993652,-71.23757255414638,-71.23757255414638
735.1700205993652,-71.24119315567124,-71.24119315567124
735.1800205993652,-71.24481619028339,-71.24481619028339
735.1900205993652,-71.24844170428818,-71.24844170428818
735.2000205993652,-71.25206974305685,-71.25206974305685
735.2100205993652,-71.25570035100135,-71.25570035100135
735.2200205993653,-71.25933357161674,-71.25933357161674
735.2300205993653,-71.26296944749156,-71.26296944749156
735.2400205993653,-71.26660802030028,-71.26660802030028
735.2500206232071,-71.27024933948645,-71.27024933948645
735.2600206232071,-71.27389342762244,-71.27389342762244
735.2700206232071,-71.2775403323717,-71.2775403323717
735.2800206232071,-71.28119009189464,-71.28119009189464
735.290020623207,-71.28484274348948,-71.28484274348948
735.300020623207,-71.28849832360164,-71.28849832360164
735.310020623207,-71.29215686785632,-71.29215686785632
735.3200206232071,-71.29581841104624,-71.29581841104624
735.3300206232071,-71.2994829871566,-71.2994829871566
735.3400206232071,-71.3031506293542,-71.3031506293542
735.3500206232071,-71.3068213700265,-71.3068213700265
735.3600206232071,-71.31049524077615,-71.31049524077615
735.3700206232071,-71.31417227242521,-71.31417227242521
735.3800206232071,-71.31785249502587,-71.31785249502587
735.3900206232071,-71.32153593788748,-71.32153593788748
735.4000206232071,-71.32522262957399,-71.32522262957399
735.4100206232071,-71.328912597903,-71.328912597903
735.420020623207,-71.33260586997886,-71.33260586997886
735.430020623207,-71.33630247218514,-71.33630247218514
735.4400206232071,-71.34000243019273,-71.34000243019273
735.4500206232071,-71.34370576899288,-71.34370576899288
735.4600206232071,-71.34741251287284,-71.34741251287284
735.4700206232071,-71.35112268543776,-71.35112268543776
735.4800206232071,-71.35483630963775,-71.35483630963775
735.4900206232071,-71.35855340775923,-71.35855340775923
735.5000206232071,-71.3622740014338,-71.3622740014338
735.5100206232071,-71.36599811165638,-71.36599811165638
735.5200206232071,-71.36972575877947,-71.36972575877947
735.5300206232071,-71.37345696252896,-71.37345696252896
735.540020623207,-71.37719174203626,-71.37719174203626
735.550020623207,-71.38093011580145,-71.38093011580145
735.560020623207,-71.38467210173825,-71.38467210173825
735.5700206232071,-71.38841771716565,-71.38841771716565
735.5800206232071,-71.39216697883039,-71.39216697883039
735.5900206232071,-71.39591990288993,-71.39591990288993
735.6000206232071,-71.39967650494341,-71.39967650494341
735.6100206232071,-71.40343680003956,-71.40343680003956
735.6200206232071,-71.4072008026742,-71.4072008026742
735.6300206232071,-71.4109685267953,-71.4109685267953
735.6400206232071,-71.41473998582812,-71.41473998582812
735.6500206232071,-71.4185151926631,-71.4185151926631
735.6600206232071,-71.42229415967265,-71.42229415967265
735.670020623207,-71.42607689872851,-71.42607689872851
735.680020623207,-71.42986342119194,-71.42986342119194
735.6900206232071,-71.43365373793439,-71.43365373793439
735.7000206232071,-71.43744785933823,-71.43744785933823
735.7100206232071,-71.44124579529873,-71.44124579529873
735.7200206232071,-71.44504755524748,-71.44504755524748
735.7300206232071,-71.4488531481431,-71.4488531481431
735.7400206232071,-71.45266258248382,-71.45266258248382
735.7500206232071,-71.45647586632732,-71.45647586632732
735.7600206232071,-71.46029300727494,-71.46029300727494
735.7700206232071,-71.46411401249395,-71.46411401249395
735.7800206232071,-71.46793888871294,-71.46793888871294
735.790020623207,-71.47176764224882,-71.47176764224882
735.800020623207,-71.47560027899064,-71.47560027899064
735.810020623207,-71.4794368044153,-71.4794368044153
735.8200206232071,-71.4832772235885,-71.4832772235885
735.8300206232071,-71.48712154119556,-71.48712154119556
735.8400206232071,-71.49096976151006,-71.49096976151006
735.8500206232071,-71.49482188841596,-71.49482188841596
735.8600206232071,-71.49867792543574,-71.49867792543574
735.8700206232071,-71.50253787570965,-71.50253787570965
735.8800206232071,-71.50640174200082,-71.50640174200082
735.8900206232071,-71.51026952670826,-71.51026952670826
735.9000206232071,-71.51414123187794,-71.51414123187794
735.9100206232071,-71.51801685921613,-71.51801685921613
735.920020623207,-71.52189641006329,-71.52189641006329
735.930020623207,-71.52577988543182,-71.52577988543182
735.9400206232071,-71.52966728598588,-71.52966728598588
735.9500206232071,-71.53355861208074,-71.53355861208074
735.9600206232071,-71.53745386372532,-71.53745386372532
735.9700206232071,-71.54135304062488,-71.54135304062488
735.9800206232071,-71.54525614215788,-71.54525614215788
735.9900206232071,-71.5491631674078,-71.5491631674078
736.0000206232071,-71.55307411515078,-71.55307411515078
736.0100206232071,-71.55698898385413,-71.55698898385413
736.0200206232071,-71.5609077716997,-71.5609077716997
736.0300206232071,-71.56483047657808,-71.56483047657808
736.040020623207,-71.56875709610196,-71.56875709610196
736.050020623207,-71.57268762759291,-71.57268762759291
736.060020623207,-71.57662206810814,-71.57662206810814
736.0700206232071,-71.58056041441654,-71.58056041441654
736.0800206232071,-71.58450266305532,-71.58450266305532
736.0900206232071,-71.58844881026772,-71.58844881026772
736.100020647049,-71.59239886145839,-71.59239886145839
736.1100206470489,-71.59635279359063,-71.59635279359063
736.1200206470489,-71.60031061153482,-71.60031061153482
736.1300206470489,-71.60427231054288,-71.60427231054288
736.1400206470489,-71.60823788563955,-71.60823788563955
736.1500206470489,-71.6122073316038,-71.6122073316038
736.1600206470489,-71.6161806429761,-71.6161806429761
736.170020647049,-71.62015781407803,-71.62015781407803
736.180020647049,-71.62413883901067,-71.62413883901067
736.190020647049,-71.62812371164655,-71.62812371164655
736.200020647049,-71.63211242564037,-71.63211242564037
736.210020647049,-71.6360987268793,-71.6360987268793
736.220020647049,-71.6400798705799,-71.6400798705799
736.230020647049,-71.64405451503569,-71.64405451503569
736.2400206470489,-71.64802196806096,-71.64802196806096
736.2500206470489,-71.65198189935265,-71.65198189935265
736.2600206470489,-71.65593419111015,-71.65593419111015
736.2700206470489,-71.65987885047143,-71.65987885047143
736.2800206470489,-71.66381595689364,-71.66381595689364
736.290020647049,-71.66774563052834,-71.66774563052834
736.300020647049,-71.6716680132393,-71.6716680132393
736.310020647049,-71.67558325726286,-71.67558325726286
736.320020647049,-71.6794915185705,-71.6794915185705
736.330020647049,-71.68339295303731,-71.68339295303731
736.340020647049,-71.68728771435732,-71.68728771435732
736.350020647049,-71.69117595299807,-71.69117595299807
736.3600206470489,-71.69505781573311,-71.69505781573311
736.3700206470489,-71.6989334456223,-71.6989334456223
736.3800206470489,-71.70280298212859,-71.70280298212859
736.3900206470489,-71.70666656132657,-71.70666656132657
736.4000206470489,-71.71052431620652,-71.71052431620652
736.4100206470489,-71.71437637695446,-71.71437637695446
736.420020647049,-71.71822287119505,-71.71822287119505
736.430020647049,-71.72206392429715,-71.72206392429715
736.440020647049,-71.7258996595443,-71.7258996595443
736.450020647049,-71.72973019836029,-71.72973019836029
736.460020647049,-71.73354940460767,-71.73354940460767
736.470020647049,-71.7373546549359,-71.7373546549359
736.480020647049,-71.74114472975545,-71.74114472975545
736.4900206470489,-71.7449190587719,-71.7449190587719
736.5000206470489,-71.74867743301782,-71.74867743301782
736.5100206470489,-71.75241985536708,-71.75241985536708
736.5200206470489,-71.75614645289004,-71.75614645289004
736.5300206470489,-71.75985742424824,-71.75985742424824
736.540020647049,-71.76355300801357,-71.76355300801357
736.550020647049,-71.76723346371148,-71.76723346371148
736.560020647049,-71.77089906047591,-71.77089906047591
736.570020647049,-71.77455007040712,-71.77455007040712
736.580020647049,-71.77818676476043,-71.77818676476043
736.590020647049,-71.78180941183261,-71.78180941183261
736.600020647049,-71.78541827592258,-71.78541827592258
736.6100206470489,-71.789013616891,-71.789013616891
736.6200206470489,-71.79259569008039,-71.79259569008039
736.6300206470489,-71.79616474644315,-71.79616474644315
736.6400206470489,-71.79972103275902,-71.79972103275902
736.6500206470489,-71.80326479191346,-71.80326479191346
736.6600206470489,-71.80679626317489,-71.80679626317489
736.670020647049,-71.81031568241393,-71.81031568241393
736.680020647049,-71.81382328242007,-71.81382328242007
736.690020647049,-71.81731929305114,-71.81731929305114
736.700020647049,-71.82080394143496,-71.82080394143496
736.710020647049,-71.82427118919716,-71.82427118919716
736.720020647049,-71.82771851437147,-71.82771851437147
736.730020647049,-71.83114479965843,-71.83114479965843
736.7400206470489,-71.83454957694603,-71.83454957694603
736.7500206470489,-71.83793273899379,-71.83793273899379
736.7600206470489,-71.84129438975842,-71.84129438975842
736.7700206470489,-71.84463475663932,-71.84463475663932
736.7800206470489,-71.84795413776733,-71.84795413776733
736.790020647049,-71.85125287033982,-71.85125287033982
736.800020647049,-71.8545313115751,-71.8545313115751
736.810020647049,-71.85778982738479,-71.85778982738479
736.820020647049,-71.86102878570046,-71.86102878570046
736.830020647049,-71.86424855265182,-71.86424855265182
736.840020647049,-71.86744949045983,-71.86744949045983
736.850020647049,-71.87063195637896,-71.87063195637896
736.8600206470489,-71.87379630223971,-71.87379630223971
736.8700206470489,-71.87694287441055,-71.87694287441055
736.8800206470489,-71.88007201387207,-71.88007201387207
736.8900206470489,-71.88318405646872,-71.88318405646872
736.9000206470489,-71.88627933316567,-71.88627933316567
736.9100206470489,-71.88935817033412,-71.88935817033412
736.920020647049,-71.89242088998672,-71.89242088998672
736.930020647049,-71.89546781005626,-71.89546781005626
736.940020647049,-71.89849924457003,-71.89849924457003
736.9500206708908,-71.90151551104131,-71.90151551104131
736.9600206708908,-71.90451690186381,-71.90451690186381
736.9700206708908,-71.90750372765191,-71.90750372765191
736.9800206708908,-71.9104762885162,-71.9104762885162
736.9900206708908,-71.91343488135728,-71.91343488135728
737.0000206708908,-71.9163797999755,-71.9163797999755
737.0100206708908,-71.91931133512512,-71.91931133512512
737.0200206708909,-71.92222977454223,-71.92222977454223
737.0300206708908,-71.92513540303095,-71.92513540303095
737.0400206708908,-71.92802850247539,-71.92802850247539
737.0500206708908,-71.93090935184549,-71.93090935184549
737.0600206708908,-71.9337782272531,-71.9337782272531
737.0700206708908,-71.9366354019551,-71.9366354019551
737.0800206708908,-71.93948114635602,-71.93948114635602
737.0900206708908,-71.94231572802798,-71.94231572802798
737.1000206708908,-71.94513941171083,-71.94513941171083
737.1100206708908,-71.94795245933621,-71.94795245933621
737.1200206708908,-71.95075512999846,-71.95075512999846
737.1300206708908,-71.95354767999189,-71.95354767999189
737.1400206708909,-71.95633036278224,-71.95633036278224
737.1500206708909,-71.9591034290379,-71.9591034290379
737.1600206708908,-71.96186712660453,-71.96186712660453
737.1700206708908,-71.96462170053012,-71.96462170053012
737.1800206708908,-71.96736739306402,-71.96736739306402
737.1900206708908,-71.97010444364062,-71.97010444364062
737.2000206708908,-71.97283308890322,-71.97283308890322
737.2100206708908,-71.975553562697,-71.975553562697
737.2200206708908,-71.97826609607333,-71.97826609607333
737.2300206708908,-71.98097091731258,-71.98097091731258
737.2400206708908,-71.98366825190512,-71.98366825190512
737.2500206708908,-71.98635832257521,-71.98635832257521
737.2600206708908,-71.9890413492779,-71.9890413492779
737.2700206708909,-71.99171754922129,-71.99171754922129
737.2800206708908,-71.994387136863,-71.994387136863
737.2900206708908,-71.9970503239201,-71.9970503239201
737.3000206708908,-71.99970731938437,-71.99970731938437
737.3100206708908,-72.00235832953616,-72.00235832953616
737.3200206708908,-72.0050035579526,-72.0050035579526
737.3300206708908,-72.0076432055127,-72.0076432055127
737.3400206708908,-72.01027747043032,-72.01027747043032
737.3500206708908,-72.01290654824832,-72.01290654824832
737.3600206708908,-72.01553063187446,-72.01553063187446
737.3700206708908,-72.0181499115671,-72.0181499115671
737.3800206708908,-72.02076457496666,-72.02076457496666
737.3900206708909,-72.02337480712723,-72.02337480712723
737.4000206708909,-72.02598079052298,-72.02598079052298
737.4100206708908,-72.02858270504508,-72.02858270504508
737.4200206708908,-72.03118072804747,-72.03118072804747
737.4300206708908,-72.03377503435519,-72.03377503435519
737.4400206708908,-72.03636579626914,-72.03636579626914
737.4500206708908,-72.03895318361742,-72.03895318361742
737.4600206708908,-72.04153736374838,-72.04153736374838
737.4700206708908,-72.04411850155512,-72.04411850155512
737.4800206708908,-72.04669675950383,-72.04669675950383
737.4900206708908,-72.04927229764829,-72.04927229764829
737.5000206708908,-72.05184527364808,-72.05184527364808
737.5100206708908,-72.05441584279644,-72.05441584279644
737.5200206708909,-72.05698415803396,-72.05698415803396
737.5300206708908,-72.059550369996,-72.059550369996
737.5400206708908,-72.06211462698687,-72.06211462698687
737.5500206708908,-72.06467707503532,-72.06467707503532
737.5600206708908,-72.06723785791395,-72.06723785791395
737.5700206708908,-72.06979711715553,-72.06979711715553
737.5800206708908,-72.072354992077,-72.072354992077
737.5900206708908,-72.07491161978899,-72.07491161978899
737.6000206708908,-72.07746713524939,-72.07746713524939
737.6100206708908,-72.08002167125753,-72.08002167125753
737.6200206708908,-72.08257535848769,-72.08257535848769
737.6300206708908,-72.0851283255113,-72.0851283255113
737.6400206708909,-72.08768069880729,-72.08768069880729
737.6500206708909,-72.09023260281845,-72.09023260281845
737.6600206708908,-72.09278415992759,-72.09278415992759
737.6700206708908,-72.09533549052031,-72.09533549052031
737.6800206708908,-72.09788671298446,-72.09788671298446
737.6900206708908,-72.10043794373408,-72.10043794373408
737.7000206708908,-72.10298929725133,-72.10298929725133
737.7100206708908,-72.10545146756762,-72.10545146756762
737.7200206708908,-72.10778944337235,-72.10778944337235
737.7300206708908,-72.1099885334125,-72.1099885334125
737.7400206708908,-72.11204275781476,-72.11204275781476
737.7500206708908,-72.1139506981853,-72.1139506981853
737.7600206708908,-72.11571353402927,-72.11571353402927
737.7700206708909,-72.11733393865669,-72.11733393865669
737.7800206708908,-72.11881541436443,-72.11881541436443
737.7900206708908,-72.12016188425832,-72.12016188425832
737.8000206947327,-72.12137744518195,-72.12137744518195
737.8100206947327,-72.12246620478557,-72.12246620478557
737.8200206947326,-72.12343221177245,-72.12343221177245
737.8300206947326,-72.12427939304206,-72.12427939304206
737.8400206947326,-72.12501153203507,-72.12501153203507
737.8500206947326,-72.12563225828123,-72.12563225828123
737.8600206947326,-72.12614504602452,-72.12614504602452
737.8700206947327,-72.12655321797523,-72.12655321797523
737.8800206947327,-72.12685995201463,-72.12685995201463
737.8900206947327,-72.12706828918401,-72.12706828918401
737.9000206947327,-72.12718114228426,-72.12718114228426
737.9100206947327,-72.12720130436595,-72.12720130436595
737.9200206947327,-72.12713145695085,-72.12713145695085
737.9300206947327,-72.12697417777638,-72.12697417777638
737.9400206947327,-72.12673194795792,-72.12673194795792
737.9500206947326,-72.12640715860383,-72.12640715860383
737.9600206947326,-72.12599583684985,-72.12599583684985
737.9700206947326,-72.1254974674407,-72.1254974674407
737.9800206947326,-72.1249128745163,-72.1249128745163
737.9900206947327,-72.12424346695957,-72.12424346695957
738.0000206947327,-72.12349095304607,-72.12349095304607
738.0100206947327,-72.12265719394111,-72.12265719394111
738.0200206947327,-72.12174411911865,-72.12174411911865
738.0300206947327,-72.12075367666975,-72.12075367666975
738.0400206947327,-72.11968780438872,-72.11968780438872
738.0500206947327,-72.11854841340599,-72.11854841340599
738.0600206947327,-72.11733737924122,-72.11733737924122
738.0700206947326,-72.11605653739605,-72.11605653739605
738.0800206947326,-72.1147076815994,-72.1147076815994
738.0900206947326,-72.11329256359952,-72.11329256359952
738.1000206947326,-72.11181289390765,-72.11181289390765
738.1100206947326,-72.11027034299718,-72.11027034299718
738.1200206947327,-72.10866654272623,-72.10866654272623
738.1300206947327,-72.10700308790732,-72.10700308790732
738.1400206947327,-72.10528153781016,-72.10528153781016
738.1500206947327,-72.1035034176646,-72.1035034176646
738.1600206947327,-72.10167022008449,-72.10167022008449
738.1700206947327,-72.09978340636742,-72.09978340636742
738.1800206947327,-72.09784440774584,-72.09784440774584
738.1900206947327,-72.09585462652493,-72.09585462652493
738.2000206947326,-72.09381543713707,-72.09381543713707
738.2100206947326,-72.09172818712328,-72.09172818712328
738.2200206947326,-72.08959419802913,-72.08959419802913
738.2300206947326,-72.08741476624871,-72.08741476624871
738.2400206947327,-72.08519116379216,-72.08519116379216
738.2500206947327,-72.08292463903103,-72.08292463903103
738.2600206947327,-72.08061641732965,-72.08061641732965
738.2700206947327,-72.07826770170146,-72.07826770170146
738.2800206947327,-72.07587967338388,-72.07587967338388
738.2900206947327,-72.07345349240107,-72.07345349240107
738.3000206947327,-72.07099029805933,-72.07099029805933
738.3100206947327,-72.06849120947044,-72.06849120947044
738.3200206947326,-72.06595732596836,-72.06595732596836
738.3300206947326,-72.06338972758596,-72.06338972758596
738.3400206947326,-72.06078947545858,-72.06078947545858
738.3500206947326,-72.05815761221338,-72.05815761221338
738.3600206947326,-72.055495162351,-72.055495162351
738.3700206947327,-72.05280313260315,-72.05280313260315
738.3800206947327,-72.05008251230497,-72.05008251230497
738.3900206947327,-72.04733427369366,-72.04733427369366
738.4000206947327,-72.04455937223621,-72.04455937223621
738.4100206947327,-72.04175874696068,-72.04175874696068
738.4200206947327,-72.03893332072983,-72.03893332072983
738.4300206947327,-72.0360840005322,-72.0360840005322
738.4400206947327,-72.03321167777311,-72.03321167777311
738.4500206947326,-72.030317228542,-72.030317228542
738.4600206947326,-72.02740151386402,-72.02740151386402
738.4700206947326,-72.0244653799635,-72.0244653799635
738.4800206947326,-72.0215096585175,-72.0215096585175
738.4900206947327,-72.01853516688294,-72.01853516688294
738.5000206947327,-72.01554270835149,-72.01554270835149
738.5100206947327,-72.0125330723599,-72.0125330723599
738.5200206947327,-72.00950703472127,-72.00950703472127
738.5300206947327,-72.00646535786773,-72.00646535786773
738.5400206947327,-72.0034087910287,-72.0034087910287
738.5500206947327,-72.00033807045922,-72.00033807045922
738.5600206947327,-71.99725391965467,-71.99725391965467
738.5700206947326,-71.99415704954474,-71.99415704954474
738.5800206947326,-71.99104815868434,-71.99104815868434
738.5900206947326,-71.9879279334575,-71.9879279334575
738.6000206947326,-71.98479704826663,-71.98479704826663
738.6100206947326,-71.98165616571968,-71.98165616571968
738.6200206947327,-71.97850593681139,-71.97850593681139
738.6300206947327,-71.97534700111922,-71.97534700111922
738.6400206947327,-71.97217998696318,-71.97217998696318
738.6500207185745,-71.96900550400716,-71.96900550400716
738.6600207185745,-71.96582417366953,-71.96582417366953
738.6700207185745,-71.96263658406806,-71.96263658406806
738.6800207185745,-71.95944332021345,-71.95944332021345
738.6900207185745,-71.95624495674112,-71.95624495674112
738.7000207185745,-71.95304205803185,-71.95304205803185
738.7100207185745,-71.94983517838415,-71.94983517838415
738.7200207185746,-71.9466248621599,-71.9466248621599
738.7300207185746,-71.94341164397635,-71.94341164397635
738.7400207185746,-71.94019604880037,-71.94019604880037
738.7500207185745,-71.93697859213202,-71.93697859213202
738.7600207185745,-71.933759780151,-71.933759780151
738.7700207185745,-71.93054010985531,-71.93054010985531
738.7800207185745,-71.92732006919523,-71.92732006919523
738.7900207185745,-71.92410013722858,-71.92410013722858
738.8000207185745,-71.92088078425579,-71.92088078425579
738.8100207185745,-71.91766247195045,-71.91766247195045
738.8200207185745,-71.914445653499,-71.914445653499
738.8300207185745,-71.91123077372457,-71.91123077372457
738.8400207185746,-71.90801826923399,-71.90801826923399
738.8500207185746,-71.90480856852676,-71.90480856852676
738.8600207185746,-71.90160209214183,-71.90160209214183
738.8700207185746,-71.89839925275272,-71.89839925275272
738.8800207185745,-71.89520045533371,-71.89520045533371
738.8900207185745,-71.89200609723545,-71.89200609723545
738.9000207185745,-71.88881656832616,-71.88881656832616
738.9100207185745,-71.8856322511266,-71.8856322511266
738.9200207185745,-71.88245352089194,-71.88245352089194
738.9300207185745,-71.87928074573749,-71.87928074573749
738.9400207185745,-71.87611428677229,-71.87611428677229
738.9500207185745,-71.87295449816858,-71.87295449816858
738.9600207185745,-71.86980172732075,-71.86980172732075
738.9700207185746,-71.86665631490023,-71.86665631490023
738.9800207185746,-71.86351859500762,-71.86351859500762
738.9900207185746,-71.86038889524568,-71.86038889524568
739.0000207185745,-71.857267536838,-71.857267536838
739.0100207185745,-71.85415483472109,-71.85415483472109
739.0200207185745,-71.85105109765645,-71.85105109765645
739.0300207185745,-71.84795662830473,-71.84795662830473
739.0400207185745,-71.84487172335604,-71.84487172335604
739.0500207185745,-71.84179667359086,-71.84179667359086
739.0600207185745,-71.83873176399578,-71.83873176399578
739.0700207185745,-71.83567727385729,-71.83567727385729
739.0800207185745,-71.83263347683771,-71.83263347683771
739.0900207185746,-71.82960064107614,-71.82960064107614
739.1000207185746,-71.82657902927163,-71.82657902927163
739.1100207185746,-71.82356889877174,-71.82356889877174
739.1200207185746,-71.82057050165278,-71.82057050165278
739.1300207185745,-71.81758408481363,-71.81758408481363
739.1400207185745,-71.81460989006007,-71.81460989006007
739.1500207185745,-71.81164815416454,-71.81164815416454
739.1600207185745,-71.80869910897529,-71.80869910897529
739.1700207185745,-71.80576298148242,-71.80576298148242
739.1800207185745,-71.8028399938862,-71.8028399938862
739.1900207185745,-71.79993036368855,-71.79993036368855
739.2000207185745,-71.79703430376584,-71.79703430376584
739.2100207185745,-71.79414578435345,-71.79414578435345
739.2200207185746,-71.79126229301454,-71.79126229301454
739.2300207185746,-71.78838271751553,-71.78838271751553
739.2400207185746,-71.78550658966515,-71.78550658966515
739.2500207185745,-71.78263379744403,-71.78263379744403
739.2600207185745,-71.77976443575122,-71.77976443575122
739.2700207185745,-71.77689871904309,-71.77689871904309
739.2800207185745,-71.77403692893802,-71.77403692893802
739.2900207185745,-71.77117938274186,-71.77117938274186
739.3000207185745,-71.76832641462339,-71.76832641462339
739.3100207185745,-71.76547836445278,-71.76547836445278
739.3200207185745,-71.76263557130808,-71.76263557130808
739.3300207185745,-71.75979836976155,-71.75979836976155
739.3400207185746,-71.7569670879272,-71.7569670879272
739.3500207185746,-71.7541420465325,-71.7541420465325
739.3600207185746,-71.75132355856287,-71.75132355856287
739.3700207185746,-71.74851192932732,-71.74851192932732
739.3800207185745,-71.74570745666493,-71.74570745666493
739.3900207185745,-71.74291043127837,-71.74291043127837
739.4000207185745,-71.74012113709335,-71.74012113709335
739.4100207185745,-71.73733985162211,-71.73733985162211
739.4200207185745,-71.73456684630715,-71.73456684630715
739.4300207185745,-71.73180238687074,-71.73180238687074
739.4400207185745,-71.72904673357861,-71.72904673357861
739.4500207185745,-71.72630014152627,-71.72630014152627
739.4600207185745,-71.72356286086689,-71.72356286086689
739.4700207185746,-71.72083513701354,-71.72083513701354
739.4800207185746,-71.71811721084819,-71.71811721084819
739.4900207185746,-71.71540931883936,-71.71540931883936
739.5000207424164,-71.71271168680882,-71.71271168680882
739.5100207424164,-71.71002455574246,-71.71002455574246
739.5200207424164,-71.70734814331038,-71.70734814331038
739.5300207424164,-71.70468266969269,-71.70468266969269
739.5400207424163,-71.70202835127672,-71.70202835127672
739.5500207424163,-71.69938540070405,-71.69938540070405
739.5600207424163,-71.6967540269281,-71.6967540269281
739.5700207424164,-71.69413443530345,-71.69413443530345
739.5800207424164,-71.69152682764596,-71.69152682764596
739.5900207424164,-71.68893140225202,-71.68893140225202
739.6000207424164,-71.68634835398834,-71.68634835398834
739.6100207424164,-71.68377787432395,-71.68377787432395
739.6200207424164,-71.68122015135418,-71.68122015135418
739.6300207424164,-71.67867536985838,-71.67867536985838
739.6400207424164,-71.67614371135998,-71.67614371135998
739.6500207424164,-71.67362535411301,-71.67362535411301
739.6600207424164,-71.67112047318075,-71.67112047318075
739.6700207424163,-71.6686292404453,-71.6686292404453
739.6800207424163,-71.66615182464461,-71.66615182464461
739.6900207424164,-71.6636883914142,-71.6636883914142
739.7000207424164,-71.66123910331704,-71.66123910331704
739.7100207424164,-71.6587978934961,-71.6587978934961
739.7200207424164,-71.65636220729779,-71.65636220729779
739.7300207424164,-71.65393088907472,-71.65393088907472
739.7400207424164,-71.65150342744153,-71.65150342744153
739.7500207424164,-71.64907966785856,-71.64907966785856
739.7600207424164,-71.64665966363376,-71.64665966363376
739.7700207424164,-71.64424358866597,-71.64424358866597
739.7800207424164,-71.64183168507711,-71.64183168507711
739.7900207424163,-71.6394242317759,-71.6394242317759
739.8000207424163,-71.63702152562533,-71.63702152562533
739.8100207424163,-71.63462387026452,-71.63462387026452
739.8200207424164,-71.63223156957436,-71.63223156957436
739.8300207424164,-71.6298449239708,-71.6298449239708
739.8400207424164,-71.6274642283971,-71.6274642283971
739.8500207424164,-71.62508977136504,-71.62508977136504
739.8600207424164,-71.6227218346055,-71.6227218346055
739.8700207424164,-71.62036069306887,-71.62036069306887
739.8800207424164,-71.61800661513608,-71.61800661513608
739.8900207424164,-71.61565986290125,-71.61565986290125
739.9000207424164,-71.61332069251421,-71.61332069251421
739.9100207424164,-71.61098935452569,-71.61098935452569
739.9200207424163,-71.60866609420157,-71.60866609420157
739.9300207424163,-71.60635115184712,-71.60635115184712
739.9400207424164,-71.60404476304363,-71.60404476304363
739.9500207424164,-71.6017471589286,-71.6017471589286
739.9600207424164,-71.59945234515772,-71.59945234515772
739.9700207424164,-71.59715783563435,-71.59715783563435
739.9800207424164,-71.59486254128873,-71.59486254128873
739.9900207424164,-71.59256601604288,-71.59256601604288
740.0000207424164,-71.59026816976578,-71.59026816976578
740.0100207424164,-71.58796911941415,-71.58796911941415
740.0200207424164,-71.58566910191465,-71.58566910191465
740.0300207424164,-71.58336842190015,-71.58336842190015
740.0400207424163,-71.58106742028538,-71.58106742028538
740.0500207424163,-71.5787664555296,-71.5787664555296
740.0600207424163,-71.57646589245307,-71.57646589245307
740.0700207424164,-71.57416609572752,-71.57416609572752
740.0800207424164,-71.57186742620995,-71.57186742620995
740.0900207424164,-71.56957023890936,-71.56957023890936
740.1000207424164,-71.56727488208261,-71.56727488208261
740.1100207424164,-71.56498169684241,-71.56498169684241
740.1200207424164,-71.5626910171846,-71.5626910171846
740.1300207424164,-71.5603383157333,-71.5603383157333
740.1400207424164,-71.55790242446167,-71.55790242446167
740.1500207424164,-71.5553764925009,-71.5553764925009
740.1600207424164,-71.55275833345623,-71.55275833345623
740.1700207424163,-71.5500474970257,-71.5500474970257
740.1800207424163,-71.54724427637736,-71.54724427637736
740.1900207424164,-71.54434933078214,-71.54434933078214
740.2000207424164,-71.54136352918408,-71.54136352918408
740.2100207424164,-71.53828788048777,-71.53828788048777
740.2200207424164,-71.5351234996033,-71.5351234996033
740.2300207424164,-71.53187158843338,-71.53187158843338
740.2400207424164,-71.52853342299917,-71.52853342299917
740.2500207424164,-71.5251103431252,-71.5251103431252
740.2600207424164,-71.52160374327632,-71.52160374327632
740.2700207424164,-71.51801506399119,-71.51801506399119
740.2800207424164,-71.51434578392214,-71.51434578392214
740.2900207424163,-71.51059741243205,-71.51059741243205
740.3000207424163,-71.50677148282632,-71.50677148282632
740.3100207424163,-71.50286954622476,-71.50286954622476
740.3200207424164,-71.49889316609814,-71.49889316609814
740.3300207424164,-71.49484391347316,-71.49484391347316
740.3400207424164,-71.49072336271004,-71.49072336271004
740.3500207662582,-71.48653307787191,-71.48653307787191
740.3600207662582,-71.48227464925883,-71.48227464925883
740.3700207662582,-71.47794963167925,-71.47794963167925
740.3800207662582,-71.47355958111567,-71.47355958111567
740.3900207662582,-71.46910604321394,-71.46910604321394
740.4000207662582,-71.46459055163204,-71.46459055163204
740.4100207662582,-71.46001462669396,-71.46001462669396
740.4200207662583,-71.45537977422796,-71.45537977422796
740.4300207662583,-71.45068748466296,-71.45068748466296
740.4400207662583,-71.44593923223088,-71.44593923223088
740.4500207662583,-71.44113647438537,-71.44113647438537
740.4600207662583,-71.43628065127967,-71.43628065127967
740.4700207662582,-71.43137318539827,-71.43137318539827
740.4800207662582,-71.426415481249,-71.426415481249
740.4900207662582,-71.42140892516282,-71.42140892516282
740.5000207662582,-71.41635488512529,-71.41635488512529
740.5100207662582,-71.41125471069279,-71.41125471069279
740.5200207662582,-71.40610973292102,-71.40610973292102
740.5300207662582,-71.40092126440098,-71.40092126440098
740.5400207662583,-71.39569059923305,-71.39569059923305
740.5500207662583,-71.39041901314121,-71.39041901314121
740.5600207662583,-71.38510776351023,-71.38510776351023
740.5700207662583,-71.37975808949392,-71.37975808949392
740.5800207662583,-71.37437121216072,-71.37437121216072
740.5900207662582,-71.36894833461278,-71.36894833461278
740.6000207662582,-71.36349064211956,-71.36349064211956
740.6100207662582,-71.35799930230748,-71.35799930230748
740.6200207662582,-71.35247546529061,-71.35247546529061
740.6300207662582,-71.34692026389436,-71.34692026389436
740.6400207662582,-71.34133481378686,-71.34133481378686
740.6500207662582,-71.33572021369555,-71.33572021369555
740.6600207662582,-71.33007754557748,-71.33007754557748
740.6700207662583,-71.32440787482281,-71.32440787482281
740.6800207662583,-71.31871225045026,-71.31871225045026
740.6900207662583,-71.31299170529245,-71.31299170529245
740.7000207662583,-71.3072472562012,-71.3072472562012
740.7100207662583,-71.30147370976493,-71.30147370976493
740.7200207662582,-71.29566935599594,-71.29566935599594
740.7300207662582,-71.28983386520402,-71.28983386520402
740.7400207662582,-71.28396753696553,-71.28396753696553
740.7500207662582,-71.27807101424095,-71.27807101424095
740.7600207662582,-71.27214513515665,-71.27214513515665
740.7700207662582,-71.26619084629172,-71.26619084629172
740.7800207662582,-71.26020915065762,-71.26020915065762
740.7900207662583,-71.25420107650051,-71.25420107650051
740.8000207662583,-71.24816765869383,-71.24816765869383
740.8100207662583,-71.24210992775588,-71.24210992775588
740.8200207662583,-71.23602890344436,-71.23602890344436
740.8300207662583,-71.2299255912486,-71.2299255912486
740.8400207662582,-71.22380098051362,-71.22380098051362
740.8500207662582,-71.21765604364685,-71.21765604364685
740.8600207662582,-71.21149173590474,-71.21149173590474
740.8700207662582,-71.20530899555754,-71.20530899555754
740.8800207662582,-71.19910874422499,-71.19910874422499
740.8900207662582,-71.19289188732422,-71.19289188732422
740.9000207662582,-71.18665931453586,-71.18665931453586
740.9100207662582,-71.18041190030071,-71.18041190030071
740.9200207662583,-71.17415050428166,-71.17415050428166
740.9300207662583,-71.16787597179489,-71.16787597179489
740.9400207662583,-71.16158913423094,-71.16158913423094
740.9500207662583,-71.15529080941239,-71.15529080941239
740.9600207662583,-71.14898180194724,-71.14898180194724
740.9700207662582,-71.1426629035509,-71.1426629035509
740.9800207662582,-71.13633489333992,-71.13633489333992
740.9900207662582,-71.12999853809804,-71.12999853809804
741.0000207662582,-71.12365459250368,-71.12365459250368
741.0100207662582,-71.11730379938992,-71.11730379938992
741.0200207662582,-71.11094688994469,-71.11094688994469
741.0300207662582,-71.10458458390659,-71.10458458390659
741.0400207662583,-71.09821758975396,-71.09821758975396
741.0500207662583,-71.09184660489797,-71.09184660489797
741.0600207662583,-71.08547231582789,-71.08547231582789
741.0700207662583,-71.07909539828316,-71.07909539828316
741.0800207662583,-71.07271651740953,-71.07271651740953
741.0900207662582,-71.06633632789973,-71.06633632789973
741.1000207662582,-71.05995547413498,-71.05995547413498
741.1100207662582,-71.05357459034047,-71.05357459034047
741.1200207662582,-71.04719430069119,-71.04719430069119
741.1300207662582,-71.0408152194596,-71.0408152194596
741.1400207662582,-71.03443795114077,-71.03443795114077
741.1500207662582,-71.02806309057364,-71.02806309057364
741.1600207662582,-71.02169122304802,-71.02169122304802
741.1700207662583,-71.01532292444777,-71.01532292444777
741.1800207662583,-71.00895876135715,-71.00895876135715
741.1900207662583,-71.00259929117462,-71.00259929117462
741.2000207901001,-70.99624504708588,-70.99624504708588
741.2100207901001,-70.98989659873887,-70.98989659873887
741.2200207901001,-70.98355446150711,-70.98355446150711
741.2300207901001,-70.9772191571568,-70.9772191571568
741.2400207901001,-70.97089119881271,-70.97089119881271
741.2500207901,-70.96457109108069,-70.96457109108069
741.2600207901,-70.95825933014657,-70.95825933014657
741.2700207901001,-70.95195640385892,-70.95195640385892
741.2800207901001,-70.94566279186793,-70.94566279186793
741.2900207901001,-70.93937896568653,-70.93937896568653
741.3000207901001,-70.93310538882506,-70.93310538882506
741.3100207901001,-70.92684251686617,-70.92684251686617
741.3200207901001,-70.92059079758472,-70.92059079758472
741.3300207901001,-70.91435067102724,-70.91435067102724
741.3400207901001,-70.90812256961388,-70.90812256961388
741.3500207901001,-70.90190691823543,-70.90190691823543
741.3600207901001,-70.89570413436145,-70.89570413436145
741.3700207901,-70.8895146281088,-70.8895146281088
741.3800207901,-70.88333880235268,-70.88333880235268
741.3900207901002,-70.87717705281429,-70.87717705281429
741.4000207901001,-70.87102976815814,-70.87102976815814
741.4100207901001,-70.86489733006309,-70.86489733006309
741.4200207901001,-70.85878011332905,-70.85878011332905
741.4300207901001,-70.8526784859765,-70.8526784859765
741.4400207901001,-70.84659280929485,-70.84659280929485
741.4500207901001,-70.84052343797455,-70.84052343797455
741.4600207901001,-70.83446456506769,-70.83446456506769
741.4700207901001,-70.82841385352043,-70.82841385352043
741.4800207901001,-70.8223703469581,-70.8223703469581
741.4900207901001,-70.81633372348365,-70.81633372348365
741.5000207901,-70.81030401143364,-70.81030401143364
741.5100207901,-70.80428144189673,-70.80428144189673
741.5200207901001,-70.79826636232457,-70.79826636232457
741.5300207901001,-70.79225918467206,-70.79225918467206
741.5400207901001,-70.78626035420072,-70.78626035420072
741.5500207901001,-70.78027033084858,-70.78027033084858
741.5600207901001,-70.77428957814237,-70.77428957814237
741.5700207901001,-70.76831855676171,-70.76831855676171
741.5800207901001,-70.76235772087006,-70.76235772087006
741.5900207901001,-70.75640751619531,-70.75640751619531
741.6000207901001,-70.7504683791086,-70.7504683791086
741.6100207901001,-70.7445407363086,-70.7445407363086
741.6200207901,-70.73862500489454,-70.73862500489454
741.6300207901,-70.73272159260512,-70.73272159260512
741.6400207901002,-70.72683089815224,-70.72683089815224
741.6500207901001,-70.72095331163771,-70.72095331163771
741.6600207901001,-70.71508921488517,-70.71508921488517
741.6700207901001,-70.70923898186491,-70.70923898186491
741.6800207901001,-70.70340297900182,-70.70340297900182
741.6900207901001,-70.69758156551578,-70.69758156551578
741.7000207901001,-70.6917750936861,-70.6917750936861
741.7100207901001,-70.6859839091362,-70.6859839091362
741.7200207901001,-70.68020835103243,-70.68020835103243
741.7300207901001,-70.67444875230578,-70.67444875230578
741.7400207901001,-70.66870543983954,-70.66870543983954
741.7500207901,-70.66297873460773,-70.66297873460773
741.7600207901,-70.6572689518481,-70.6572689518481
741.7700207901001,-70.65157640118295,-70.65157640118295
741.7800207901001,-70.64590138673557,-70.64590138673557
741.7900207901001,-70.64024420722846,-70.64024420722846
741.8000207901001,-70.63460515609957,-70.63460515609957
741.8100207901001,-70.62898452158532,-70.62898452158532
741.8200207901001,-70.62338258680191,-70.62338258680191
741.8300207901001,-70.61779962981699,-70.61779962981699
741.8400207901001,-70.61223592372664,-70.61223592372664
741.8500207901001,-70.60669173673035,-70.60669173673035
741.8600207901001,-70.6011673321877,-70.6011673321877
741.8700207901,-70.59566296867642,-70.59566296867642
741.8800207901,-70.59017890005588,-70.59017890005588
741.8900207901002,-70.58471537551176,-70.58471537551176
741.9000207901001,-70.57927263964595,-70.57927263964595
741.9100207901001,-70.57385093247127,-70.57385093247127
741.9200207901001,-70.56845048951466,-70.56845048951466
741.9300207901001,-70.56307154183297,-70.56307154183297
741.9400207901001,-70.55771431607813,-70.55771431607813
741.9500207901001,-70.55237903453998,-70.55237903453998
741.9600207901001,-70.54706591520814,-70.54706591520814
741.9700207901001,-70.541775171788,-70.541775171788
741.9800207901001,-70.53650701377089,-70.53650701377089
741.9900207901001,-70.53126164647455,-70.53126164647455
742.0000207901,-70.5260392710707,-70.5260392710707
742.0100207901,-70.52084008466947,-70.52084008466947
742.0200207901001,-70.51566428032153,-70.51566428032153
742.0300207901001,-70.51051204707916,-70.51051204707916
742.0400207901001,-70.50538357006332,-70.50538357006332
742.050020813942,-70.50027901830316,-70.50027901830316
742.060020813942,-70.49519859351109,-70.49519859351109
742.0700208139419,-70.49014245694505,-70.49014245694505
742.0800208139419,-70.48511077833398,-70.48511077833398
742.0900208139419,-70.48010372366934,-70.48010372366934
742.1000208139419,-70.47512145523466,-70.47512145523466
742.1100208139419,-70.47016413167239,-70.47016413167239
742.120020813942,-70.46523190799864,-70.46523190799864
742.130020813942,-70.46032493567664,-70.46032493567664
742.140020813942,-70.45544336263222,-70.45544336263222
742.150020813942,-70.45058733330939,-70.45058733330939
742.160020813942,-70.44575698870071,-70.44575698870071
742.170020813942,-70.44095246640921,-70.44095246640921
742.180020813942,-70.43617390066865,-70.43617390066865
742.1900208139419,-70.43142142239948,-70.43142142239948
742.2000208139419,-70.42669515922589,-70.42669515922589
742.2100208139419,-70.42199523555614,-70.42199523555614
742.2200208139419,-70.41732177257974,-70.41732177257974
742.2300208139419,-70.41267488833715,-70.41267488833715
742.240020813942,-70.40805469774497,-70.40805469774497
742.250020813942,-70.40346131264367,-70.40346131264367
742.260020813942,-70.39889484183603,-70.39889484183603
742.270020813942,-70.39435539111746,-70.39435539111746
742.280020813942,-70.38984306331797,-70.38984306331797
742.290020813942,-70.38535795835638,-70.38535795835638
742.300020813942,-70.38090017325027,-70.38090017325027
742.310020813942,-70.3764698021758,-70.3764698021758
742.3200208139419,-70.37206693650575,-70.37206693650575
742.3300208139419,-70.36761361899563,-70.36761361899563
742.3400208139419,-70.36307932128521,-70.36307932128521
742.3500208139419,-70.3584498013561,-70.3584498013561
742.3600208139419,-70.35371759627903,-70.35371759627903
742.370020813942,-70.34887908972233,-70.34887908972233
742.380020813942,-70.34393316194456,-70.34393316194456
742.390020813942,-70.33888036533992,-70.33888036533992
742.400020813942,-70.33372236716656,-70.33372236716656
742.410020813942,-70.32846156336018,-70.32846156336018
742.420020813942,-70.32310081031751,-70.32310081031751
742.430020813942,-70.31764323914472,-70.31764323914472
742.4400208139419,-70.31209212788441,-70.31209212788441
742.4500208139419,-70.30645081429024,-70.30645081429024
742.4600208139419,-70.30072263703207,-70.30072263703207
742.4700208139419,-70.29491089665241,-70.29491089665241
742.4800208139419,-70.28901883037769,-70.28901883037769
742.490020813942,-70.2830495964666,-70.2830495964666
742.500020813942,-70.27700626514445,-70.27700626514445
742.510020813942,-70.27089181408093,-70.27089181408093
742.520020813942,-70.26470912686676,-70.26470912686676
742.530020813942,-70.2584609935731,-70.2584609935731
742.540020813942,-70.25215011258835,-70.25215011258835
742.550020813942,-70.24577909332518,-70.24577909332518
742.560020813942,-70.2393504593463,-70.2393504593463
742.5700208139419,-70.2328666517756,-70.2328666517756
742.5800208139419,-70.22633003281756,-70.22633003281756
742.5900208139419,-70.21974288921245,-70.21974288921245
742.6000208139419,-70.21310743564827,-70.21310743564827
742.6100208139419,-70.20642581801869,-70.20642581801869
742.620020813942,-70.19970011655364,-70.19970011655364
742.630020813942,-70.19293234877959,-70.19293234877959
742.640020813942,-70.18612447230363,-70.18612447230363
742.650020813942,-70.17927838745385,-70.17927838745385
742.660020813942,-70.17239593974881,-70.17239593974881
742.670020813942,-70.16547892221784,-70.16547892221784
742.680020813942,-70.15852907758055,-70.15852907758055
742.6900208139419,-70.15154810029982,-70.15154810029982
742.7000208139419,-70.14453763847663,-70.14453763847663
742.7100208139419,-70.13749929569587,-70.13749929569587
742.7200208139419,-70.13043463268276,-70.13043463268276
742.7300208139419,-70.12334516893905,-70.12334516893905
742.740020813942,-70.11623238422104,-70.11623238422104
742.750020813942,-70.10909771998082,-70.10909771998082
742.760020813942,-70.10194258069752,-70.10194258069752
742.770020813942,-70.09476833516278,-70.09476833516278
742.780020813942,-70.0875763176691,-70.0875763176691
742.790020813942,-70.08036782917507,-70.08036782917507
742.800020813942,-70.07314413836357,-70.07314413836357
742.810020813942,-70.06590648270047,-70.06590648270047
742.8200208139419,-70.05865606939942,-70.05865606939942
742.8300208139419,-70.05139407634837,-70.05139407634837
742.8400208139419,-70.04412165303332,-70.04412165303332
742.8500208139419,-70.03683992135998,-70.03683992135998
742.8600208139419,-70.029549976488,-70.029549976488
742.870020813942,-70.02225288757978,-70.02225288757978
742.880020813942,-70.01494969860595,-70.01494969860595
742.890020813942,-70.0076414289876,-70.0076414289876
742.9000208377838,-70.00032905689427,-70.00032905689427
742.9100208377838,-69.99301358954501,-69.99301358954501
742.9200208377838,-69.98569595948149,-69.98569595948149
742.9300208377838,-69.97837709462284,-69.97837709462284
742.9400208377838,-69.97105790154946,-69.97105790154946
742.9500208377838,-69.9637392660655,-69.9637392660655
742.9600208377838,-69.95641598139717,-69.95641598139717
742.9700208377839,-69.94908625168257,-69.94908625168257
742.9800208377839,-69.94174963012381,-69.94174963012381
742.9900208377838,-69.93440628291664,-69.93440628291664
743.0000208377838,-69.92705670915471,-69.92705670915471
743.0100208377838,-69.91970159578149,-69.91970159578149
743.0200208377838,-69.91234173277255,-69.91234173277255
743.0300208377838,-69.90497796238904,-69.90497796238904
743.0400208377838,-69.89761114883123,-69.89761114883123
743.0500208377838,-69.89024216023246,-69.89024216023246
743.0600208377838,-69.88287185809277,-69.88287185809277
743.0700208377838,-69.87550109123747,-69.87550109123747
743.0800208377838,-69.868130692525,-69.868130692525
743.0900208377839,-69.86076147724269,-69.86076147724269
743.1000208377839,-69.85339424247663,-69.85339424247663
743.1100208377838,-69.84602976706611,-69.84602976706611
743.1200208377838,-69.8386688119173,-69.8386688119173
743.1300208377838,-69.83131212047145,-69.83131212047145
743.1400208377838,-69.82396041928124,-69.82396041928124
743.1500208377838,-69.81661441860541,-69.81661441860541
743.1600208377838,-69.80927481298656,-69.80927481298656
743.1700208377838,-69.80194228185275,-69.80194228185275
743.1800208377838,-69.79461749000465,-69.79461749000465
743.1900208377838,-69.78730108815506,-69.78730108815506
743.2000208377838,-69.7799937133762,-69.7799937133762
743.2100208377838,-69.77268993500506,-69.77268993500506
743.2200208377839,-69.7653877305509,-69.7653877305509
743.2300208377839,-69.7580864292727,-69.7580864292727
743.2400208377838,-69.75078597803414,-69.75078597803414
743.2500208377838,-69.74348666192626,-69.74348666192626
743.2600208377838,-69.73618895949384,-69.73618895949384
743.2700208377838,-69.72889345805349,-69.72889345805349
743.2800208377838,-69.72160080296803,-69.72160080296803
743.2900208377838,-69.71431166726285,-69.71431166726285
743.3000208377838,-69.7070267334957,-69.7070267334957
743.3100208377838,-69.69974668309821,-69.69974668309821
743.3200208377838,-69.69247219017834,-69.69247219017834
743.3300208377838,-69.68520391811113,-69.68520391811113
743.3400208377839,-69.67794251775214,-69.67794251775214
743.3500208377839,-69.67068862667163,-69.67068862667163
743.3600208377838,-69.66344286895462,-69.66344286895462
743.3700208377838,-69.65620585534906,-69.65620585534906
743.3800208377838,-69.6489781836225,-69.6489781836225
743.3900208377838,-69.6417604389589,-69.6417604389589
743.4000208377838,-69.63455319442029,-69.63455319442029
743.4100208377838,-69.62735701141283,-69.62735701141283
743.4200208377838,-69.62017244010228,-69.62017244010228
743.4300208377838,-69.61300001983413,-69.61300001983413
743.4400208377838,-69.60584027950512,-69.60584027950512
743.4500208377838,-69.59869373790674,-69.59869373790674
743.4600208377838,-69.59156090402959,-69.59156090402959
743.4700208377839,-69.58444227735012,-69.58444227735012
743.4800208377839,-69.57733834809619,-69.57733834809619
743.4900208377838,-69.57024959746595,-69.57024959746595
743.5000208377838,-69.56317649784565,-69.56317649784565
743.5100208377838,-69.55611951300686,-69.55611951300686
743.5200208377838,-69.54907909828616,-69.54907909828616
743.5300208377838,-69.54205570074745,-69.54205570074745
743.5400208377838,-69.5350497593294,-69.5350497593294
743.5500208377838,-69.52806170500808,-69.52806170500808
743.5600208377838,-69.52109196091061,-69.52109196091061
743.5700208377838,-69.51414094246212,-69.51414094246212
743.5800208377838,-69.50720905748446,-69.50720905748446
743.5900208377839,-69.50029670631157,-69.50029670631157
743.6000208377839,-69.4934042819305,-69.4934042819305
743.6100208377838,-69.48653217003749,-69.48653217003749
743.6200208377838,-69.47968074918326,-69.47968074918326
743.6300208377838,-69.47285039083873,-69.47285039083873
743.6400208377838,-69.46604145950978,-69.46604145950978
743.6500208377838,-69.45925431282357,-69.45925431282357
743.6600208377838,-69.45248930161429,-69.45248930161429
743.6700208377838,-69.44574677001015,-69.44574677001015
743.6800208377838,-69.43902705552836,-69.43902705552836
743.6900208377838,-69.43233048915727,-69.43233048915727
743.7000208377838,-69.42565739542395,-69.42565739542395
743.7100208377838,-69.41900809250036,-69.41900809250036
743.7200208377839,-69.41238289226737,-69.41238289226737
743.7300208377839,-69.40578210040577,-69.40578210040577
743.7400208377838,-69.3992060164569,-69.3992060164569
743.7500208616257,-69.3926549183163,-69.3926549183163
743.7600208616257,-69.38612912477367,-69.38612912477367
743.7700208616257,-69.37962890177126,-69.37962890177126
743.7800208616256,-69.37315452511149,-69.37315452511149
743.7900208616256,-69.36670626484303,-69.36670626484303
743.8000208616256,-69.36028438534579,-69.36028438534579
743.8100208616256,-69.35388914538224,-69.35388914538224
743.8200208616257,-69.34752079817858,-69.34752079817858
743.8300208616257,-69.34117959152839,-69.34117959152839
743.8400208616257,-69.3348657678142,-69.3348657678142
743.8500208616257,-69.32857956411316,-69.32857956411316
743.8600208616257,-69.32232121223532,-69.32232121223532
743.8700208616257,-69.31609093883267,-69.31609093883267
743.8800208616257,-69.30988896542188,-69.30988896542188
743.8900208616257,-69.30371550850379,-69.30371550850379
743.9000208616256,-69.29757077958875,-69.29757077958875
743.9100208616256,-69.29145498527292,-69.29145498527292
743.9200208616256,-69.28536832732146,-69.28536832732146
743.9300208616256,-69.27931100271228,-69.27931100271228
743.9400208616257,-69.27328320371251,-69.27328320371251
743.9500208616257,-69.26728511794565,-69.26728511794565
743.9600208616257,-69.26131692844767,-69.26131692844767
743.9700208616257,-69.2553788137262,-69.2553788137262
743.9800208616257,-69.24947094783934,-69.24947094783934
743.9900208616257,-69.24359350044095,-69.24359350044095
744.0000208616257,-69.23774663686281,-69.23774663686281
744.0100208616257,-69.23193051813132,-69.23193051813132
744.0200208616257,-69.2261453010898,-69.2261453010898
744.0300208616256,-69.22039113841019,-69.22039113841019
744.0400208616256,-69.2146681786681,-69.2146681786681
744.0500208616256,-69.20897656641033,-69.20897656641033
744.0600208616256,-69.20331644218686,-69.20331644218686
744.0700208616257,-69.19768794264702,-69.19768794264702
744.0800208616257,-69.19209120055557,-69.19209120055557
744.0900208616257,-69.18652634486851,-69.18652634486851
744.1000208616257,-69.1809935007927,-69.1809935007927
744.1100208616257,-69.17549278983357,-69.17549278983357
744.1200208616257,-69.17002432984218,-69.17002432984218
744.1300208616257,-69.16458823508376,-69.16458823508376
744.1400208616257,-69.15918461628544,-69.15918461628544
744.1500208616256,-69.1538135806775,-69.1538135806775
744.1600208616256,-69.14847523206122,-69.14847523206122
744.1700208616256,-69.14316967085178,-69.14316967085178
744.1800208616256,-69.13789699413203,-69.13789699413203
744.1900208616257,-69.13265729568725,-69.13265729568725
744.2000208616257,-69.12745066609779,-69.12745066609779
744.2100208616257,-69.12227119478787,-69.12227119478787
744.2200208616257,-69.11711635586276,-69.11711635586276
744.2300208616257,-69.11198497125824,-69.11198497125824
744.2400208616257,-69.10687648347748,-69.10687648347748
744.2500208616257,-69.10179067860547,-69.10179067860547
744.2600208616257,-69.09672754274753,-69.09672754274753
744.2700208616257,-69.09168717793398,-69.09168717793398
744.2800208616256,-69.08666975169668,-69.08666975169668
744.2900208616256,-69.08167546678781,-69.08167546678781
744.3000208616256,-69.07670454305442,-69.07670454305442
744.3100208616256,-69.07175720672,-69.07175720672
744.3200208616257,-69.066833684087,-69.066833684087
744.3300208616257,-69.06193419802983,-69.06193419802983
744.3400208616257,-69.0570589660567,-69.0570589660567
744.3500208616257,-69.0522081994178,-69.0522081994178
744.3600208616257,-69.04738210279676,-69.04738210279676
744.3700208616257,-69.04258087432189,-69.04258087432189
744.3800208616257,-69.03780470578822,-69.03780470578822
744.3900208616257,-69.0330537829444,-69.0330537829444
744.4000208616256,-69.02832828583612,-69.02832828583612
744.4100208616256,-69.02362838915654,-69.02362838915654
744.4200208616256,-69.0189542625581,-69.0189542625581
744.4300208616256,-69.01430607095313,-69.01430607095313
744.4400208616257,-69.00968397479569,-69.00968397479569
744.4500208616257,-69.00508813031837,-69.00508813031837
744.4600208616257,-69.0005186897419,-69.0005186897419
744.4700208616257,-68.99597580146761,-68.99597580146761
744.4800208616257,-68.99145961026076,-68.99145961026076
744.4900208616257,-68.98697025734977,-68.98697025734977
744.5000208616257,-68.98250788059786,-68.98250788059786
744.5100208616257,-68.97807261458586,-68.97807261458586
744.5200208616257,-68.9736645907147,-68.9736645907147
744.5300208616256,-68.96928393730057,-68.96928393730057
744.5400208616256,-68.96493077963152,-68.96493077963152
744.5500208616256,-68.96060524004116,-68.96060524004116
744.5600208616256,-68.95630743795878,-68.95630743795878
744.5700208616257,-68.95203748997615,-68.95203748997615
744.5800208616257,-68.94779550987856,-68.94779550987856
744.5900208616257,-68.94358160870752,-68.94358160870752
744.6000208854675,-68.93939588481287,-68.93939588481287
744.6100208854675,-68.9352384638348,-68.9352384638348
744.6200208854675,-68.93110943867083,-68.93110943867083
744.6300208854675,-68.92700890968545,-68.92700890968545
744.6400208854675,-68.92293697464272,-68.92293697464272
744.6500208854675,-68.91889372873095,-68.91889372873095
744.6600208854675,-68.91487926460645,-68.91487926460645
744.6700208854676,-68.91089367239616,-68.91089367239616
744.6800208854676,-68.90693703974756,-68.90693703974756
744.6900208854676,-68.90300945182238,-68.90300945182238
744.7000208854676,-68.89911099134325,-68.89911099134325
744.7100208854675,-68.8952417386089,-68.8952417386089
744.7200208854675,-68.89140177151691,-68.89140177151691
744.7300208854675,-68.88759116557694,-68.88759116557694
744.7400208854675,-68.88380999393745,-68.88380999393745
744.7500208854675,-68.88005832741072,-68.88005832741072
744.7600208854675,-68.87633623449778,-68.87633623449778
744.7700208854675,-68.87264378140038,-68.87264378140038
744.7800208854675,-68.86898103204415,-68.86898103204415
744.7900208854676,-68.86534804808873,-68.86534804808873
744.8000208854676,-68.86174488899266,-68.86174488899266
744.8100208854676,-68.8581716119766,-68.8581716119766
744.8200208854676,-68.85462827208002,-68.85462827208002
744.8300208854675,-68.85111492219006,-68.85111492219006
744.8400208854675,-68.84763161302624,-68.84763161302624
744.8500208854675,-68.84417839319862,-68.84417839319862
744.8600208854675,-68.84075530921596,-68.84075530921596
744.8700208854675,-68.83736240550321,-68.83736240550321
744.8800208854675,-68.8339997244326,-68.8339997244326
744.8900208854675,-68.83066730633962,-68.83066730633962
744.9000208854675,-68.82736518954528,-68.82736518954528
744.9100208854675,-68.82409341037655,-68.82409341037655
744.9200208854676,-68.8208520032035,-68.8208520032035
744.9300208854676,-68.81764100044381,-68.81764100044381
744.9400208854676,-68.81446043258913,-68.81446043258913
744.9500208854676,-68.81131032823508,-68.81131032823508
744.9600208854675,-68.80819071410346,-68.80819071410346
744.9700208854675,-68.80510161504364,-68.80510161504364
744.9800208854675,-68.80204305408519,-68.80204305408519
744.9900208854675,-68.79901505244534,-68.79901505244534
745.0000208854675,-68.79601762953978,-68.79601762953978
745.0100208854675,-68.79305080303881,-68.79305080303881
745.0200208854675,-68.79011458886102,-68.79011458886102
745.0300208854675,-68.78720900119214,-68.78720900119214
745.0400208854676,-68.78433405252825,-68.78433405252825
745.0500208854676,-68.78148975368674,-68.78148975368674
745.0600208854676,-68.77867611383199,-68.77867611383199
745.0700208854676,-68.77589314049399,-68.77589314049399
745.0800208854675,-68.77314083958329,-68.77314083958329
745.0900208854675,-68.77041921543272,-68.77041921543272
745.1000208854675,-68.76772827079603,-68.76772827079603
745.1100208854675,-68.76506800689808,-68.76506800689808
745.1200208854675,-68.76243842342484,-68.76243842342484
745.1300208854675,-68.75983951855372,-68.75983951855372
745.1400208854675,-68.75727128899676,-68.75727128899676
745.1500208854675,-68.75473372999807,-68.75473372999807
745.1600208854675,-68.7522268353595,-68.7522268353595
745.1700208854676,-68.74975059746477,-68.74975059746477
745.1800208854676,-68.74730500730556,-68.74730500730556
745.1900208854676,-68.74489005448658,-68.74489005448658
745.2000208854676,-68.74250572726669,-68.74250572726669
745.2100208854675,-68.74015201254836,-68.74015201254836
745.2200208854675,-68.73782889594922,-68.73782889594922
745.2300208854675,-68.735536361756,-68.735536361756
745.2400208854675,-68.73327439300544,-68.73327439300544
745.2500208854675,-68.7310429714632,-68.7310429714632
745.2600208854675,-68.728842077659,-68.728842077659
745.2700208854675,-68.72667169090089,-68.72667169090089
745.2800208854675,-68.72453178930232,-68.72453178930232
745.2900208854676,-68.72242234979319,-68.72242234979319
745.3000208854676,-68.7203433481543,-68.7203433481543
745.3100208854676,-68.71829475900442,-68.71829475900442
745.3200208854676,-68.71627655585526,-68.71627655585526
745.3300208854675,-68.71428871109579,-68.71428871109579
745.3400208854675,-68.7123311960418,-68.7123311960418
745.3500208854675,-68.71040398092609,-68.71040398092609
745.3600208854675,-68.70850703493738,-68.70850703493738
745.3700208854675,-68.70664032622518,-68.70664032622518
745.3800208854675,-68.70480382191931,-68.70480382191931
745.3900208854675,-68.70299748815692,-68.70299748815692
745.4000208854675,-68.7012212900785,-68.7012212900785
745.4100208854675,-68.69947519187552,-68.69947519187552
745.4200208854676,-68.69775915676286,-68.69775915676286
745.4300208854676,-68.69607314705459,-68.69607314705459
745.4400208854676,-68.69441712412006,-68.69441712412006
745.4500209093094,-68.6927910445698,-68.6927910445698
745.4600209093094,-68.69119487584496,-68.69119487584496
745.4700209093094,-68.68962857265375,-68.68962857265375
745.4800209093094,-68.68809209288028,-68.68809209288028
745.4900209093094,-68.68658539355484,-68.68658539355484
745.5000209093093,-68.68510843088302,-68.68510843088302
745.5100209093093,-68.68366116025528,-68.68366116025528
745.5200209093094,-68.68224353626168,-68.68224353626168
745.5300209093094,-68.6808555127373,-68.6808555127373
745.5400209093094,-68.6794970427164,-68.6794970427164
745.5500209093094,-68.67816807850211,-68.67816807850211
745.5600209093094,-68.67686857165947,-68.67686857165947
745.5700209093094,-68.6755984730164,-68.6755984730164
745.5800209093094,-68.67435773271356,-68.67435773271356
745.5900209093094,-68.67314630016814,-68.67314630016814
745.6000209093094,-68.6719641241339,-68.6719641241339
745.6100209093094,-68.67081115267942,-68.67081115267942
745.6200209093093,-68.66968733323363,-68.66968733323363
745.6300209093093,-68.6685926125611,-68.6685926125611
745.6400209093094,-68.66752693680732,-68.66752693680732
745.6500209093094,-68.66649025150228,-68.66649025150228
745.6600209093094,-68.6654825015597,-68.6654825015597
745.6700209093094,-68.66450363129803,-68.66450363129803
745.6800209093094,-68.66355358445705,-68.66355358445705
745.6900209093094,-68.66263230420451,-68.66263230420451
745.7000209093094,-68.66173973314861,-68.66173973314861
745.7100209093094,-68.66087581334332,-68.66087581334332
745.7200209093094,-68.66004048631487,-68.66004048631487
745.7300209093094,-68.65923369305949,-68.65923369305949
745.7400209093094,-68.65845537406445,-68.65845537406445
745.7500209093093,-68.65770546930749,-68.65770546930749
745.7600209093093,-68.65698391827854,-68.65698391827854
745.7700209093094,-68.65629065997128,-68.65629065997128
745.7800209093094,-68.65562563293646,-68.65562563293646
745.7900209093094,-68.65498877522981,-68.65498877522981
745.8000209093094,-68.65438002448056,-68.65438002448056
745.8100209093094,-68.65379931785894,-68.65379931785894
745.8200209093094,-68.65324659212054,-68.65324659212054
745.8300209093094,-68.65272178359008,-68.65272178359008
745.8400209093094,-68.6522248281807,-68.6522248281807
745.8500209093094,-68.65175566140292,-68.65175566140292
745.8600209093094,-68.65131421837447,-68.65131421837447
745.8700209093093,-68.65090043382692,-68.65090043382692
745.8800209093093,-68.65051424211944,-68.65051424211944
745.8900209093094,-68.65015557724689,-68.65015557724689
745.9000209093094,-68.64982437284665,-68.64982437284665
745.9100209093094,-68.64952056219865,-68.64952056219865
745.9200209093094,-68.64924407824677,-68.64924407824677
745.9300209093094,-68.64899485361005,-68.64899485361005
745.9400209093094,-68.64877282057863,-68.64877282057863
745.9500209093094,-68.64857791112985,-68.64857791112985
745.9600209093094,-68.64840408980115,-68.64840408980115
745.9700209093094,-68.6482486845079,-68.6482486845079
745.9800209093094,-68.64811036543499,-68.64811036543499
745.9900209093094,-68.64798842285037,-68.64798842285037
746.0000209093093,-68.64788249190596,-68.64788249190596
746.0100209093093,-68.64779240979604,-68.64779240979604
746.0200209093094,-68.64771813210274,-68.64771813210274
746.0300209093094,-68.64765968259333,-68.64765968259333
746.0400209093094,-68.64761712298834,-68.64761712298834
746.0500209093094,-68.64759053493316,-68.64759053493316
746.0600209093094,-68.64758000920901,-68.64758000920901
746.0700209093094,-68.64758563945234,-68.64758563945234
746.0800209093094,-68.6476075185653,-68.6476075185653
746.0900209093094,-68.64764573678048,-68.64764573678048
746.1000209093094,-68.64770038066698,-68.64770038066698
746.1100209093094,-68.64777153283299,-68.64777153283299
746.1200209093093,-68.64785927182105,-68.64785927182105
746.1300209093093,-68.64796367233913,-68.64796367233913
746.1400209093094,-68.64808480546331,-68.64808480546331
746.1500209093094,-68.6482227389946,-68.6482227389946
746.1600209093094,-68.64837753767166,-68.64837753767166
746.1700209093094,-68.64854926353195,-68.64854926353195
746.1800209093094,-68.64873797613082,-68.64873797613082
746.1900209093094,-68.64894373278825,-68.64894373278825
746.2000209093094,-68.64916658878366,-68.64916658878366
746.2100209093094,-68.6494065975533,-68.6494065975533
746.2200209093094,-68.64966381082414,-68.64966381082414
746.2300209093094,-68.64993827875301,-68.64993827875301
746.2400209093094,-68.65023005002892,-68.65023005002892
746.2500209093093,-68.65053917198186,-68.65053917198186
746.2600209093093,-68.65086569064613,-68.65086569064613
746.2700209093094,-68.65120965082703,-68.65120965082703
746.2800209093094,-68.65157109616142,-68.65157109616142
746.2900209093094,-68.65195006914426,-68.65195006914426
746.3000209331512,-68.6523466121402,-68.6523466121402
746.3100209331512,-68.65276076365238,-68.65276076365238
746.3200209331512,-68.65319256384635,-68.65319256384635
746.3300209331512,-68.6536420510004,-68.6536420510004
746.3400209331512,-68.65410926237567,-68.65410926237567
746.3500209331512,-68.65459423423611,-68.65459423423611
746.3600209331512,-68.65509700184633,-68.65509700184633
746.3700209331513,-68.65561759948655,-68.65561759948655
746.3800209331513,-68.65615606046664,-68.65615606046664
746.3900209331513,-68.65671241709319,-68.65671241709319
746.4000209331513,-68.6572867007153,-68.6572867007153
746.4100209331513,-68.6578789417033,-68.6578789417033
746.4200209331512,-68.65848916944083,-68.65848916944083
746.4300209331512,-68.65911741234596,-68.65911741234596
746.4400209331512,-68.65976369785449,-68.65976369785449
746.4500209331512,-68.66042805242239,-68.66042805242239
746.4600209331512,-68.66110453114715,-68.66110453114715
746.4700209331512,-68.66179055227506,-68.66179055227506
746.4800209331512,-68.66248487611631,-68.66248487611631
746.4900209331513,-68.66318688279915,-68.66318688279915
746.5000209331513,-68.66389629692979,-68.66389629692979
746.5100209331513,-68.66461304470447,-68.66461304470447
746.5200209331513,-68.66533717019408,-68.66533717019408
746.5300209331513,-68.66606878508532,-68.66606878508532
746.5400209331513,-68.6668080384664,-68.6668080384664
746.5500209331512,-68.66755509870326,-68.66755509870326
746.5600209331512,-68.66831014270117,-68.66831014270117
746.5700209331512,-68.66907334955835,-68.66907334955835
746.5800209331512,-68.66984489698045,-68.66984489698045
746.5900209331512,-68.67062495932021,-68.67062495932021
746.6000209331512,-68.6714137065977,-68.6714137065977
746.6100209331512,-68.6722113041379,-68.6722113041379
746.6200209331513,-68.67301791254327,-68.67301791254327
746.6300209331513,-68.67383368783582,-68.67383368783582
746.6400209331513,-68.67465878170808,-68.67465878170808
746.6500209331513,-68.67549334181777,-68.67549334181777
746.6600209331513,-68.6763375120741,-68.6763375120741
746.6700209331512,-68.6771914329175,-68.6771914329175
746.6800209331512,-68.67805524160067,-68.67805524160067
746.6900209331512,-68.67892907237513,-68.67892907237513
746.7000209331512,-68.67981305673305,-68.67981305673305
746.7100209331512,-68.68070732356708,-68.68070732356708
746.7200209331512,-68.681611999331,-68.681611999331
746.7300209331512,-68.68252720814385,-68.68252720814385
746.7400209331513,-68.68345307194024,-68.68345307194024
746.7500209331513,-68.68438971055214,-68.68438971055214
746.7600209331513,-68.68533724175123,-68.68533724175123
746.7700209331513,-68.68629578135571,-68.68629578135571
746.7800209331513,-68.68726544327686,-68.68726544327686
746.7900209331513,-68.68824633954982,-68.68824633954982
746.8000209331512,-68.68923858038987,-68.68923858038987
746.8100209331512,-68.69024227420643,-68.69024227420643
746.8200209331512,-68.69125752763514,-68.69125752763514
746.8300209331512,-68.69228444556614,-68.69228444556614
746.8400209331512,-68.69332313115886,-68.69332313115886
746.8500209331512,-68.69437368584417,-68.69437368584417
746.8600209331512,-68.69543620936146,-68.69543620936146
746.8700209331513,-68.69651079973755,-68.69651079973755
746.8800209331513,-68.69759755332414,-68.69759755332414
746.8900209331513,-68.6986965647826,-68.6986965647826
746.9000209331513,-68.6998079270986,-68.6998079270986
746.9100209331513,-68.70093173160082,-68.70093173160082
746.9200209331512,-68.70206806793843,-68.70206806793843
746.9300209331512,-68.70321702411908,-68.70321702411908
746.9400209331512,-68.7043786864729,-68.7043786864729
746.9500209331512,-68.70555313968936,-68.70555313968936
746.9600209331512,-68.70673449120571,-68.70673449120571
746.9700209331512,-68.70792021309137,-68.70792021309137
746.9800209331512,-68.7091091199723,-68.7091091199723
746.9900209331513,-68.71030064628927,-68.71030064628927
747.0000209331513,-68.71149457075563,-68.71149457075563
747.0100209331513,-68.71269087331818,-68.71269087331818
747.0200209331513,-68.71388965138621,-68.71388965138621
747.0300209331513,-68.71509106949456,-68.71509106949456
747.0400209331513,-68.7162953290506,-68.7162953290506
747.0500209331512,-68.71750265022848,-68.71750265022848
747.0600209331512,-68.7187132611535,-68.7187132611535
747.0700209331512,-68.7199273916105,-68.7199273916105
747.0800209331512,-68.72114526941256,-68.72114526941256
747.0900209331512,-68.72236711845719,-68.72236711845719
747.1000209331512,-68.72359315774581,-68.72359315774581
747.1100209331512,-68.72482360103011,-68.72482360103011
747.1200209331513,-68.72605865676387,-68.72605865676387
747.1300209331513,-68.7272985282749,-68.7272985282749
747.1400209331513,-68.72854341401153,-68.72854341401153
747.1500209569931,-68.72979351080569,-68.72979351080569
747.1600209569931,-68.7310490023048,-68.7310490023048
747.1700209569931,-68.73231007701679,-68.73231007701679
747.1800209569931,-68.73357691677654,-68.73357691677654
747.1900209569931,-68.734849699921,-68.734849699921
747.2000209569931,-68.73612860146926,-68.73612860146926
747.210020956993,-68.73740781485844,-68.73740781485844
747.2200209569932,-68.73868489840673,-68.73868489840673
747.2300209569931,-68.73995875252658,-68.73995875252658
747.2400209569931,-68.74122889678019,-68.74122889678019
747.2500209569931,-68.74249519426269,-68.74249519426269
747.2600209569931,-68.7437577085959,-68.7437577085959
747.2700209569931,-68.74501662011555,-68.74501662011555
747.2800209569931,-68.7462721755819,-68.7462721755819
747.2900209569931,-68.74752465795089,-68.74752465795089
747.3000209569931,-68.74877436826169,-68.74877436826169
747.3100209569931,-68.7500216148587,-68.7500216148587
747.3200209569931,-68.75126670709535,-68.75126670709535
747.330020956993,-68.75250995174714,-68.75250995174714
747.3400209569932,-68.75375165104036,-68.75375165104036
747.3500209569931,-68.75499210172713,-68.75499210172713
747.3600209569931,-68.7562315946767,-68.7562315946767
747.3700209569931,-68.75747041488249,-68.75747041488249
747.3800209569931,-68.7587088415993,-68.7587088415993
747.3900209569931,-68.75994714862581,-68.75994714862581
747.4000209569931,-68.76118560456676,-68.76118560456676
747.4100209569931,-68.76242447314348,-68.76242447314348
747.4200209569931,-68.76366401347535,-68.76366401347535
747.4300209569931,-68.76490448034247,-68.76490448034247
747.4400209569931,-68.76614612441776,-68.76614612441776
747.4500209569931,-68.767389192463,-68.767389192463
747.460020956993,-68.76863392751832,-68.76863392751832
747.4700209569932,-68.76988056905445,-68.76988056905445
747.4800209569931,-68.7711293531045,-68.7711293531045
747.4900209569931,-68.77238051236205,-68.77238051236205
747.5000209569931,-68.77363427629474,-68.77363427629474
747.5100209569931,-68.7748908712246,-68.7748908712246
747.5200209569931,-68.77615052037676,-68.77615052037676
747.5300209569931,-68.77741344395136,-68.77741344395136
747.5400209569931,-68.77867985916843,-68.77867985916843
747.5500209569931,-68.77994998030692,-68.77994998030692
747.5600209569931,-68.78122401874793,-68.78122401874793
747.5700209569931,-68.78250218298365,-68.78250218298365
747.580020956993,-68.78378467866486,-68.78378467866486
747.5900209569932,-68.78507170861229,-68.78507170861229
747.6000209569931,-68.78636347283022,-68.78636347283022
747.6100209569931,-68.78766016853179,-68.78766016853179
747.6200209569931,-68.78896199013982,-68.78896199013982
747.6300209569931,-68.7902691293196,-68.7902691293196
747.6400209569931,-68.79158177498589,-68.79158177498589
747.6500209569931,-68.79290011329742,-68.79290011329742
747.6600209569931,-68.7942243276915,-68.7942243276915
747.6700209569931,-68.79555459887766,-68.79555459887766
747.6800209569931,-68.79689110486032,-68.79689110486032
747.6900209569931,-68.7982340209431,-68.7982340209431
747.7000209569931,-68.79958351973967,-68.79958351973967
747.710020956993,-68.8009397711868,-68.8009397711868
747.7200209569932,-68.80230294255331,-68.80230294255331
747.7300209569931,-68.803673198468,-68.803673198468
747.7400209569931,-68.80505070089866,-68.80505070089866
747.7500209569931,-68.8064356092011,-68.8064356092011
747.7600209569931,-68.8078280801095,-68.8078280801095
747.7700209569931,-68.80922826776047,-68.80922826776047
747.7800209569931,-68.81063632370555,-68.81063632370555
747.7900209569931,-68.81205239691742,-68.81205239691742
747.8000209569931,-68.81347663382212,-68.81347663382212
747.8100209569931,-68.81490917830224,-68.81490917830224
747.8200209569931,-68.8163501717122,-68.8163501717122
747.830020956993,-68.81779975289889,-68.81779975289889
747.8400209569932,-68.81925805822489,-68.81925805822489
747.8500209569931,-68.82072522159088,-68.82072522159088
747.8600209569931,-68.82220137442552,-68.82220137442552
747.8700209569931,-68.82368664572898,-68.82368664572898
747.8800209569931,-68.82518116208237,-68.82518116208237
747.8900209569931,-68.82668504767872,-68.82668504767872
747.9000209569931,-68.82819842432593,-68.82819842432593
747.9100209569931,-68.82972141148156,-68.82972141148156
747.9200209569931,-68.83125412627156,-68.83125412627156
747.9300209569931,-68.83279668348602,-68.83279668348602
747.9400209569931,-68.834349195643,-68.834349195643
747.9500209569931,-68.83591177298021,-68.83591177298021
747.960020956993,-68.83747853560408,-68.83747853560408
747.9700209569932,-68.83904697432564,-68.83904697432564
747.9800209569931,-68.8406159249031,-68.8406159249031
747.9900209569931,-68.84218484393956,-68.84218484393956
748.000020980835,-68.84375353648863,-68.84375353648863
748.010020980835,-68.84532199771401,-68.84532199771401
748.0200209808349,-68.84689035125828,-68.84689035125828
748.0300209808349,-68.84845878388008,-68.84845878388008
748.0400209808349,-68.85002751884547,-68.85002751884547
748.0500209808349,-68.85159679773042,-68.85159679773042
748.0600209808349,-68.85316686962668,-68.85316686962668
748.070020980835,-68.8547379847997,-68.8547379847997
748.080020980835,-68.8563103911021,-68.8563103911021
748.090020980835,-68.85788433199103,-68.85788433199103
748.100020980835,-68.85946004559902,-68.85946004559902
748.110020980835,-68.86103776434729,-68.86103776434729
748.120020980835,-68.86261771495965,-68.86261771495965
748.130020980835,-68.86420011861283,-68.86420011861283
748.140020980835,-68.8657851912206,-68.8657851912206
748.1500209808349,-68.86737314372873,-68.86737314372873
748.1600209808349,-68.86896418243455,-68.86896418243455
748.1700209808349,-68.87055850928786,-68.87055850928786
748.1800209808349,-68.8721563221515,-68.8721563221515
748.190020980835,-68.87375781508017,-68.87375781508017
748.200020980835,-68.87536317852133,-68.87536317852133
748.210020980835,-68.87696660812477,-68.87696660812477
748.220020980835,-68.87856567124518,-68.87856567124518
748.230020980835,-68.88015928021518,-68.88015928021518
748.240020980835,-68.8817469679264,-68.8817469679264
748.250020980835,-68.8833286115266,-68.8833286115266
748.260020980835,-68.88490428907318,-68.88490428907318
748.2700209808349,-68.8864741954339,-68.8864741954339
748.2800209808349,-68.8880385918904,-68.8880385918904
748.2900209808349,-68.88959777575985,-68.88959777575985
748.3000209808349,-68.89115206226275,-68.89115206226275
748.3100209808349,-68.89270177371418,-68.89270177371418
748.320020980835,-68.89424723318747,-68.89424723318747
748.330020980835,-68.8957887609357,-68.8957887609357
748.340020980835,-68.89732667241572,-68.89732667241572
748.350020980835,-68.89886127735451,-68.89886127735451
748.360020980835,-68.90039287937698,-68.90039287937698
748.370020980835,-68.90192177599552,-68.90192177599552
748.380020980835,-68.90344825877948,-68.90344825877948
748.390020980835,-68.9049726136082,-68.9049726136082
748.4000209808349,-68.90649512098022,-68.90649512098022
748.4100209808349,-68.9080160563305,-68.9080160563305
748.4200209808349,-68.90953569028709,-68.90953569028709
748.4300209808349,-68.91105428897907,-68.91105428897907
748.440020980835,-68.91257211424954,-68.91257211424954
748.450020980835,-68.91408942389073,-68.91408942389073
748.460020980835,-68.91560047738294,-68.91560047738294
748.470020980835,-68.91710290746622,-68.91710290746622
748.480020980835,-68.91859569222242,-68.91859569222242
748.490020980835,-68.92007843020309,-68.92007843020309
748.500020980835,-68.92155106401182,-68.92155106401182
748.510020980835,-68.92301373675018,-68.92301373675018
748.5200209808349,-68.92446670794658,-68.92446670794658
748.5300209808349,-68.92591030302886,-68.92591030302886
748.5400209808349,-68.92734488297062,-68.92734488297062
748.5500209808349,-68.92877082609917,-68.92877082609917
748.5600209808349,-68.93018851728459,-68.93018851728459
748.570020980835,-68.93159834158955,-68.93159834158955
748.580020980835,-68.93300068067235,-68.93300068067235
748.590020980835,-68.93439591082287,-68.93439591082287
748.600020980835,-68.93578440201958,-68.93578440201958
748.610020980835,-68.93716651752703,-68.93716651752703
748.620020980835,-68.93854261391984,-68.93854261391984
748.630020980835,-68.93991304121803,-68.93991304121803
748.640020980835,-68.9412781431598,-68.9412781431598
748.6500209808349,-68.94263825750373,-68.94263825750373
748.6600209808349,-68.94399371632012,-68.94399371632012
748.6700209808349,-68.94534484628895,-68.94534484628895
748.6800209808349,-68.94669196898438,-68.94669196898438
748.690020980835,-68.94803540107954,-68.94803540107954
748.700020980835,-68.94937545458514,-68.94937545458514
748.710020980835,-68.95070644016874,-68.95070644016874
748.720020980835,-68.95202604301232,-68.95202604301232
748.730020980835,-68.95333329380969,-68.95333329380969
748.740020980835,-68.95462784350599,-68.95462784350599
748.750020980835,-68.95590968668601,-68.95590968668601
748.760020980835,-68.95717901799878,-68.95717901799878
748.7700209808349,-68.95843614795425,-68.95843614795425
748.7800209808349,-68.95968145239176,-68.95968145239176
748.7900209808349,-68.96091534208226,-68.96091534208226
748.8000209808349,-68.96213824455793,-68.96213824455793
748.8100209808349,-68.9633505932556,-68.9633505932556
748.820020980835,-68.96455282119229,-68.96455282119229
748.830020980835,-68.96574535735041,-68.96574535735041
748.840020980835,-68.96692862473323,-68.96692862473323
748.8500210046768,-68.96810304219015,-68.96810304219015
748.8600210046768,-68.96926901284536,-68.96926901284536
748.8700210046768,-68.9704269409561,-68.9704269409561
748.8800210046768,-68.97157722080783,-68.97157722080783
748.8900210046768,-68.9727202397948,-68.9727202397948
748.9000210046768,-68.9738563787398,-68.9738563787398
748.9100210046768,-68.97498601219777,-68.97498601219777
748.9200210046769,-68.97610950874059,-68.97610950874059
748.9300210046769,-68.97722723126446,-68.97722723126446
748.9400210046769,-68.97833953719223,-68.97833953719223
748.9500210046768,-68.97944677872084,-68.97944677872084
748.9600210046768,-68.98054930299206,-68.98054930299206
748.9700210046768,-68.98164745228856,-68.98164745228856
748.9800210046768,-68.98274156415305,-68.98274156415305
748.9900210046768,-68.98383197150373,-68.98383197150373
749.0000210046768,-68.98491900276595,-68.98491900276595
749.0100210046768,-68.98600298195848,-68.98600298195848
749.0200210046768,-68.98708422877104,-68.98708422877104
749.0300210046768,-68.98816305862226,-68.98816305862226
749.0400210046769,-68.9892397827301,-68.9892397827301
749.0500210046769,-68.99031470817344,-68.99031470817344
749.0600210046769,-68.99138813791487,-68.99138813791487
749.0700210046768,-68.99246037085716,-68.99246037085716
749.0800210046768,-68.9935317018838,-68.9935317018838
749.0900210046768,-68.99460242188758,-68.99460242188758
749.1000210046768,-68.99567281778418,-68.99567281778418
749.1100210046768,-68.996743172565,-68.996743172565
749.1200210046768,-68.99781376531377,-68.99781376531377
749.1300210046768,-68.99888487122992,-68.99888487122992
749.1400210046768,-68.99995676166239,-68.99995676166239
749.1500210046768,-69.00102970410722,-69.00102970410722
749.1600210046768,-69.00210396225195,-69.00210396225195
749.1700210046769,-69.00317979600445,-69.00317979600445
749.1800210046769,-69.00425746150296,-69.00425746150296
749.1900210046769,-69.00533721114284,-69.00533721114284
749.2000210046768,-69.00641929358106,-69.00641929358106
749.2100210046768,-69.00749795287709,-69.00749795287709
749.2200210046768,-69.00857081135733,-69.00857081135733
749.2300210046768,-69.00963683863509,-69.00963683863509
749.2400210046768,-69.01069562563029,-69.01069562563029
749.2500210046768,-69.01174710761221,-69.01174710761221
749.2600210046768,-69.01279142034183,-69.01279142034183
749.2700210046768,-69.01382881578242,-69.01382881578242
749.2800210046768,-69.01485961140918,-69.01485961140918
749.2900210046769,-69.01588415976038,-69.01588415976038
749.3000210046769,-69.01690283019886,-69.01690283019886
749.3100210046769,-69.01791599802931,-69.01791599802931
749.3200210046768,-69.01892403819807,-69.01892403819807
749.3300210046768,-69.01992732161243,-69.01992732161243
749.3400210046768,-69.0209262132464,-69.0209262132464
749.3500210046768,-69.0219210711661,-69.0219210711661
749.3600210046768,-69.02291224617268,-69.02291224617268
749.3700210046768,-69.02390008183039,-69.02390008183039
749.3800210046768,-69.0248849146255,-69.0248849146255
749.3900210046768,-69.0258670742604,-69.0258670742604
749.4000210046768,-69.02684688398077,-69.02684688398077
749.4100210046768,-69.02782466089435,-69.02782466089435
749.4200210046769,-69.028800716299,-69.028800716299
749.4300210046769,-69.02977535596516,-69.02977535596516
749.4400210046769,-69.03074888039284,-69.03074888039284
749.4500210046768,-69.03172158507209,-69.03172158507209
749.4600210046768,-69.03269376066835,-69.03269376066835
749.4700210046768,-69.03366569321399,-69.03366569321399
749.4800210046768,-69.03463766426134,-69.03463766426134
749.4900210046768,-69.03560995104162,-69.03560995104162
749.5000210046768,-69.03658282657379,-69.03658282657379
749.5100210046768,-69.0375565597719,-69.0375565597719
749.5200210046768,-69.03853141554033,-69.03853141554033
749.5300210046768,-69.0395076548632,-69.0395076548632
749.5400210046769,-69.04048553486219,-69.04048553486219
749.5500210046769,-69.04146530888414,-69.04146530888414
749.5600210046769,-69.04244722652481,-69.04244722652481
749.5700210046768,-69.04343153371528,-69.04343153371528
749.5800210046768,-69.04441847275079,-69.04441847275079
749.5900210046768,-69.04540828233202,-69.04540828233202
749.6000210046768,-69.04640119761464,-69.04640119761464
749.6100210046768,-69.04739745023609,-69.04739745023609
749.6200210046768,-69.04839726835796,-69.04839726835796
749.6300210046768,-69.04940087668824,-69.04940087668824
749.6400210046768,-69.05040849652653,-69.05040849652653
749.6500210046768,-69.05142034578441,-69.05142034578441
749.6600210046768,-69.05243663900453,-69.05243663900453
749.6700210046769,-69.05345758740258,-69.05345758740258
749.6800210046769,-69.05448339890184,-69.05448339890184
749.6900210046769,-69.05551427813617,-69.05551427813617
749.7000210285187,-69.05655042895877,-69.05655042895877
749.7100210285187,-69.0575920446258,-69.0575920446258
749.7200210285187,-69.05863932253847,-69.05863932253847
749.7300210285186,-69.0596924544849,-69.0596924544849
749.7400210285186,-69.06075162911554,-69.06075162911554
749.7500210285186,-69.06181703196305,-69.06181703196305
749.7600210285186,-69.06288884545816,-69.06288884545816
749.7700210285187,-69.063967248957,-69.063967248957
749.7800210285187,-69.06505241879732,-69.06505241879732
749.7900210285187,-69.06614452827516,-69.06614452827516
749.8000210285187,-69.06724374771349,-69.06724374771349
749.8100210285187,-69.0683502444744,-69.0683502444744
749.8200210285187,-69.06946418298078,-69.06946418298078
749.8300210285187,-69.07058572476001,-69.07058572476001
749.8400210285187,-69.07171502844251,-69.07171502844251
749.8500210285187,-69.0728522498139,-69.0728522498139
749.8600210285186,-69.07399754183785,-69.07399754183785
749.8700210285186,-69.07515105468059,-69.07515105468059
749.8800210285186,-69.07631293574157,-69.07631293574157
749.8900210285187,-69.07748332967351,-69.07748332967351
749.9000210285187,-69.07866237841435,-69.07866237841435
749.9100210285187,-69.07985022122577,-69.07985022122577
749.9200210285187,-69.08104699471059,-69.08104699471059
749.9300210285187,-69.08225283283255,-69.08225283283255
749.9400210285187,-69.08346786696582,-69.08346786696582
749.9500210285187,-69.08469222590811,-69.08469222590811
749.9600210285187,-69.08592603592339,-69.08592603592339
749.9700210285187,-69.08716942075544,-69.08716942075544
749.9800210285186,-69.08842250164601,-69.08842250164601
749.9900210285186,-69.0896853973968,-69.0896853973968
750.0000210285186,-69.09095822437008,-69.09095822437008
750.0100210285186,-69.0922410965311,-69.0922410965311
750.0200210285187,-69.09353412546884,-69.09353412546884
750.0300210285187,-69.0948374204326,-69.0948374204326
750.0400210285187,-69.09615108833836,-69.09615108833836
750.0500210285187,-69.09747523382181,-69.09747523382181
750.0600210285187,-69.09880995926632,-69.09880995926632
750.0700210285187,-69.1001553648003,-69.1001553648003
750.0800210285187,-69.10151154835687,-69.10151154835687
750.0900210285187,-69.10287860569942,-69.10287860569942
750.1000210285187,-69.10425663041427,-69.10425663041427
750.1100210285186,-69.10564571399256,-69.10564571399256
750.1200210285186,-69.10704594580197,-69.10704594580197
750.1300210285186,-69.10845741315212,-69.10845741315212
750.1400210285187,-69.10988020130773,-69.10988020130773
750.1500210285187,-69.11131439352121,-69.11131439352121
750.1600210285187,-69.11276007104303,-69.11276007104303
750.1700210285187,-69.11421731316504,-69.11421731316504
750.1800210285187,-69.11568619723121,-69.11568619723121
750.1900210285187,-69.11716679869228,-69.11716679869228
750.2000210285187,-69.11865919109256,-69.11865919109256
750.2100210285187,-69.12016344612066,-69.12016344612066
750.2200210285187,-69.12167963362744,-69.12167963362744
750.2300210285186,-69.1232078216623,-69.1232078216623
750.2400210285186,-69.12474807646919,-69.12474807646919
750.2500210285186,-69.12630046254087,-69.12630046254087
750.2600210285186,-69.12786504263234,-69.12786504263234
750.2700210285187,-69.12944187777956,-69.12944187777956
750.2800210285187,-69.13103102734333,-69.13103102734333
750.2900210285187,-69.13263254899185,-69.13263254899185
750.3000210285187,-69.13424649876809,-69.13424649876809
750.3100210285187,-69.13587293109933,-69.13587293109933
750.3200210285187,-69.1375118988012,-69.1375118988012
750.3300210285187,-69.13916345313251,-69.13916345313251
750.3400210285187,-69.1408276437818,-69.1408276437818
750.3500210285187,-69.14250451892777,-69.14250451892777
750.3600210285186,-69.1441941252262,-69.1441941252262
750.3700210285186,-69.14589650785673,-69.14589650785673
750.3800210285186,-69.1476117105349,-69.1476117105349
750.3900210285187,-69.14933977552782,-69.14933977552782
750.4000210285187,-69.15108074369773,-69.15108074369773
750.4100210285187,-69.15283465448786,-69.15283465448786
750.4200210285187,-69.15460154596678,-69.15460154596678
750.4300210285187,-69.15638145484867,-69.15638145484867
750.4400210285187,-69.1581744165126,-69.1581744165126
750.4500210285187,-69.15998046500553,-69.15998046500553
750.4600210285187,-69.16179361631943,-69.16179361631943
750.4700210285187,-69.16361127502495,-69.16361127502495
750.4800210285186,-69.16543219883187,-69.16543219883187
750.4900210285186,-69.16725577089764,-69.16725577089764
750.5000210285186,-69.16908172210638,-69.16908172210638
750.5100210285186,-69.17090998684444,-69.17090998684444
750.5200210285187,-69.17274061838135,-69.17274061838135
750.5300210285187,-69.17457373805696,-69.17457373805696
750.5400210285187,-69.17640950467616,-69.17640950467616
750.5500210523605,-69.17824810061023,-69.17824810061023
750.5600210523605,-69.18008970336382,-69.18008970336382
750.5700210523605,-69.18193450543517,-69.18193450543517
750.5800210523605,-69.18378269321752,-69.18378269321752
750.5900210523605,-69.18563444937143,-69.18563444937143
750.6000210523605,-69.18748995191494,-69.18748995191494
750.6100210523605,-69.18934937380655,-69.18934937380655
750.6200210523606,-69.1911360772586,-69.1911360772586
750.6300210523606,-69.19282005997655,-69.19282005997655
750.6400210523606,-69.19438733470159,-69.19438733470159
750.6500210523606,-69.1958305826359,-69.1958305826359
750.6600210523605,-69.19714627030926,-69.19714627030926
750.6700210523605,-69.19833332182994,-69.19833332182994
750.6800210523605,-69.1993923079059,-69.1993923079059
750.6900210523605,-69.20032489758272,-69.20032489758272
750.7000210523605,-69.20113347836413,-69.20113347836413
750.7100210523605,-69.20182089230907,-69.20182089230907
750.7200210523605,-69.20239025336812,-69.20239025336812
750.7300210523605,-69.20284482166547,-69.20284482166547
750.7400210523606,-69.20318791774677,-69.20318791774677
750.7500210523606,-69.20342286471819,-69.20342286471819
750.7600210523606,-69.20355294988761,-69.20355294988761
750.7700210523606,-69.20358139996667,-69.20358139996667
750.7800210523606,-69.2035113656597,-69.2035113656597
750.7900210523605,-69.20334591276352,-69.20334591276352
750.8000210523605,-69.20308801765215,-69.20308801765215
750.8100210523605,-69.20274056576991,-69.20274056576991
750.8200210523605,-69.20230635214648,-69.20230635214648
750.8300210523605,-69.20178808316406,-69.20178808316406
750.8400210523605,-69.20118837913914,-69.20118837913914
750.8500210523605,-69.20050977740391,-69.20050977740391
750.8600210523605,-69.19975473558542,-69.19975473558542
750.8700210523606,-69.19892563499735,-69.19892563499735
750.8800210523606,-69.19802478400452,-69.19802478400452
750.8900210523606,-69.19705442131712,-69.19705442131712
750.9000210523606,-69.19601671914843,-69.19601671914843
750.9100210523605,-69.1949137862288,-69.1949137862288
750.9200210523605,-69.19374767067255,-69.19374767067255
750.9300210523605,-69.19252036266974,-69.19252036266974
750.9400210523605,-69.19123379699732,-69.19123379699732
750.9500210523605,-69.18988985544257,-69.18988985544257
750.9600210523605,-69.18849036901797,-69.18849036901797
750.9700210523605,-69.18703712004124,-69.18703712004124
750.9800210523605,-69.18553184412372,-69.18553184412372
750.9900210523606,-69.18397623199462,-69.18397623199462
751.0000210523606,-69.18237193125493,-69.18237193125493
751.0100210523606,-69.18072054798299,-69.18072054798299
751.0200210523606,-69.17902364827553,-69.17902364827553
751.0300210523606,-69.17728275970158,-69.17728275970158
751.0400210523605,-69.17549937264108,-69.17549937264108
751.0500210523605,-69.17367494158908,-69.17367494158908
751.0600210523605,-69.17181088635921,-69.17181088635921
751.0700210523605,-69.1699085932506,-69.1699085932506
751.0800210523605,-69.16796941612289,-69.16796941612289
751.0900210523605,-69.1659946774362,-69.1659946774362
751.1000210523605,-69.16398566924249,-69.16398566924249
751.1100210523605,-69.16194365412639,-69.16194365412639
751.1200210523606,-69.15986986606929,-69.15986986606929
751.1300210523606,-69.15776551134124,-69.15776551134124
751.1400210523606,-69.15563176927947,-69.15563176927947
751.1500210523606,-69.15346979308067,-69.15346979308067
751.1600210523605,-69.15128071054984,-69.15128071054984
751.1700210523605,-69.1490656247921,-69.1490656247921
751.1800210523605,-69.1468256149029,-69.1468256149029
751.1900210523605,-69.1445617366297,-69.1445617366297
751.2000210523605,-69.14227502299104,-69.14227502299104
751.2100210523605,-69.13996648486963,-69.13996648486963
751.2200210523605,-69.13763711160738,-69.13763711160738
751.2300210523605,-69.1352878715624,-69.1352878715624
751.2400210523606,-69.13291971261162,-69.13291971261162
751.2500210523606,-69.13053356272322,-69.13053356272322
751.2600210523606,-69.12813033041057,-69.12813033041057
751.2700210523606,-69.12571090522904,-69.12571090522904
751.2800210523606,-69.12327615821722,-69.12327615821722
751.2900210523605,-69.12082694237938,-69.12082694237938
751.3000210523605,-69.11836409310197,-69.11836409310197
751.3100210523605,-69.11588842855035,-69.11588842855035
751.3200210523605,-69.1134007500991,-69.1134007500991
751.3300210523605,-69.11090184271141,-69.11090184271141
751.3400210523605,-69.10839247531881,-69.10839247531881
751.3500210523605,-69.10587340117793,-69.10587340117793
751.3600210523605,-69.10334535825002,-69.10334535825002
751.3700210523606,-69.10080906950024,-69.10080906950024
751.3800210523606,-69.09826524327066,-69.09826524327066
751.3900210523606,-69.09571457358177,-69.09571457358177
751.4000210762024,-69.09315773437169,-69.09315773437169
751.4100210762024,-69.09059540410095,-69.09059540410095
751.4200210762024,-69.08802822966348,-69.08802822966348
751.4300210762024,-69.08545685085232,-69.08545685085232
751.4400210762024,-69.08288189461376,-69.08288189461376
751.4500210762023,-69.08030397536147,-69.08030397536147
751.4600210762023,-69.0777236951815,-69.0777236951815
751.4700210762024,-69.07514164410716,-69.07514164410716
751.4800210762024,-69.07255840038644,-69.07255840038644
751.4900210762024,-69.06997453070134,-69.06997453070134
751.5000210762024,-69.06739059040663,-69.06739059040663
751.5100210762024,-69.06480712377629,-69.06480712377629
751.5200210762024,-69.06222466419666,-69.06222466419666
751.5300210762024,-69.05964373442129,-69.05964373442129
751.5400210762024,-69.05706484675407,-69.05706484675407
751.5500210762024,-69.05448850326549,-69.05448850326549
751.5600210762024,-69.05191519599646,-69.05191519599646
751.5700210762024,-69.04934540715976,-69.04934540715976
751.5800210762023,-69.04677960931667,-69.04677960931667
751.5900210762024,-69.04421826556518,-69.04421826556518
751.6000210762024,-69.04166182975257,-69.04166182975257
751.6100210762024,-69.0391107466118,-69.0391107466118
751.6200210762024,-69.03656545197232,-69.03656545197232
751.6300210762024,-69.03402637288964,-69.03402637288964
751.6400210762024,-69.0314939278563,-69.0314939278563
751.6500210762024,-69.0289685269273,-69.0289685269273
751.6600210762024,-69.02645057190395,-69.02645057190395
751.6700210762024,-69.02394045646871,-69.02394045646871
751.6800210762024,-69.0214385663453,-69.0214385663453
751.6900210762024,-69.01894527945994,-69.01894527945994
751.7000210762023,-69.01646096605685,-69.01646096605685
751.7100210762023,-69.01397999742117,-69.01397999742117
751.7200210762024,-69.01150011796615,-69.01150011796615
751.7300210762024,-69.00902041374924,-69.00902041374924
751.7400210762024,-69.00654058674988,-69.00654058674988
751.7500210762024,-69.00406067839033,-69.00406067839033
751.7600210762024,-69.00158092610637,-69.00158092610637
751.7700210762024,-68.99910167946732,-68.99910167946732
751.7800210762024,-68.99662334983387,-68.99662334983387
751.7900210762024,-68.99414638020994,-68.99414638020994
751.8000210762024,-68.99167122721494,-68.99167122721494
751.8100210762024,-68.98919835042416,-68.98919835042416
751.8200210762024,-68.9867282062063,-68.9867282062063
751.8300210762023,-68.98426124421682,-68.98426124421682
751.8400210762024,-68.98179790558531,-68.98179790558531
751.8500210762024,-68.97933862206295,-68.97933862206295
751.8600210762024,-68.97688381575261,-68.97688381575261
751.8700210762024,-68.97443389921695,-68.97443389921695
751.8800210762024,-68.97198927570989,-68.97198927570989
751.8900210762024,-68.96955033955814,-68.96955033955814
751.9000210762024,-68.96711747652938,-68.96711747652938
751.9100210762024,-68.96469106422921,-68.96469106422921
751.9200210762024,-68.96227147248901,-68.96227147248901
751.9300210762024,-68.95985906368051,-68.95985906368051
751.9400210762024,-68.95745419306787,-68.95745419306787
751.9500210762023,-68.95505720907046,-68.95505720907046
751.9600210762023,-68.95266845354182,-68.95266845354182
751.9700210762024,-68.95028826197778,-68.95028826197778
751.9800210762024,-68.9479169637609,-68.9479169637609
751.9900210762024,-68.94555488229634,-68.94555488229634
752.0000210762024,-68.9432023352237,-68.9432023352237
752.0100210762024,-68.94085963453279,-68.94085963453279
752.0200210762024,-68.93852708672404,-68.93852708672404
752.0300210762024,-68.93620499291336,-68.93620499291336
752.0400210762024,-68.93389364895936,-68.93389364895936
752.0500210762024,-68.93159334554392,-68.93159334554392
752.0600210762024,-68.92930436829384,-68.92930436829384
752.0700210762024,-68.92702699784769,-68.92702699784769
752.0800210762023,-68.92476150992833,-68.92476150992833
752.0900210762024,-68.9225081754544,-68.9225081754544
752.1000210762024,-68.92026726058776,-68.92026726058776
752.1100210762024,-68.91803902678605,-68.91803902678605
752.1200210762024,-68.91582373090587,-68.91582373090587
752.1300210762024,-68.91362162523205,-68.91362162523205
752.1400210762024,-68.91143295754748,-68.91143295754748
752.1500210762024,-68.9092579711991,-68.9092579711991
752.1600210762024,-68.90709690514242,-68.90709690514242
752.1700210762024,-68.90494999399701,-68.90494999399701
752.1800210762024,-68.90281746809433,-68.90281746809433
752.1900210762024,-68.9006995535384,-68.9006995535384
752.2000210762023,-68.89859647225155,-68.89859647225155
752.2100210762023,-68.89650246105661,-68.89650246105661
752.2200210762024,-68.89441512716873,-68.89441512716873
752.2300210762024,-68.89233342012083,-68.89233342012083
752.2400210762024,-68.89025690725559,-68.89025690725559
752.2500211000443,-68.8881854927627,-68.8881854927627
752.2600211000442,-68.88611929423321,-68.88611929423321
752.2700211000442,-68.88405852922078,-68.88405852922078
752.2800211000442,-68.88200348473256,-68.88200348473256
752.2900211000442,-68.87995448209467,-68.87995448209467
752.3000211000442,-68.87791185891618,-68.87791185891618
752.3100211000442,-68.87587595840122,-68.87587595840122
752.3200211000443,-68.87384712308756,-68.87384712308756
752.3300211000443,-68.87182569131899,-68.87182569131899
752.3400211000443,-68.86981199534634,-68.86981199534634
752.3500211000443,-68.8678063604185,-68.8678063604185
752.3600211000443,-68.86580910446253,-68.86580910446253
752.3700211000443,-68.86382053811788,-68.86382053811788
752.3800211000442,-68.86184096490692,-68.86184096490692
752.3900211000442,-68.8598706815668,-68.8598706815668
752.4000211000442,-68.85790997835225,-68.85790997835225
752.4100211000442,-68.85595913937989,-68.85595913937989
752.4200211000442,-68.85401844295602,-68.85401844295602
752.4300211000442,-68.852088161856,-68.852088161856
752.4400211000443,-68.85016856360778,-68.85016856360778
752.4500211000443,-68.84825991073168,-68.84825991073168
752.4600211000443,-68.84636246092225,-68.84636246092225
752.4700211000443,-68.84447646727065,-68.84447646727065
752.4800211000443,-68.84260217842458,-68.84260217842458
752.4900211000443,-68.84073983869284,-68.84073983869284
752.5000211000443,-68.83888968822546,-68.83888968822546
752.5100211000442,-68.83705196307811,-68.83705196307811
752.5200211000442,-68.83522689533943,-68.83522689533943
752.5300211000442,-68.83341471319349,-68.83341471319349
752.5400211000442,-68.83161564100935,-68.83161564100935
752.5500211000442,-68.82982989939795,-68.82982989939795
752.5600211000442,-68.82805770528284,-68.82805770528284
752.5700211000443,-68.82629927193942,-68.82629927193942
752.5800211000443,-68.8245548090609,-68.8245548090609
752.5900211000443,-68.8228245227894,-68.8228245227894
752.6000211000443,-68.82110861576867,-68.82110861576867
752.6100211000443,-68.81940728716653,-68.81940728716653
752.6200211000443,-68.81772073272755,-68.81772073272755
752.6300211000442,-68.81604914479385,-68.81604914479385
752.6400211000442,-68.81439271235304,-68.81439271235304
752.6500211000442,-68.81275162104725,-68.81275162104725
752.6600211000442,-68.81112605323712,-68.81112605323712
752.6700211000442,-68.8095161879822,-68.8095161879822
752.6800211000442,-68.8079222011077,-68.8079222011077
752.6900211000443,-68.80634426522185,-68.80634426522185
752.7000211000443,-68.80478254975093,-68.80478254975093
752.7100211000443,-68.80323722093794,-68.80323722093794
752.7200211000443,-68.80170844190701,-68.80170844190701
752.7300211000443,-68.80019637266498,-68.80019637266498
752.7400211000443,-68.79870117013229,-68.79870117013229
752.7500211000443,-68.7972229881778,-68.7972229881778
752.7600211000442,-68.79576197763704,-68.79576197763704
752.7700211000442,-68.79431828634888,-68.79431828634888
752.7800211000442,-68.79289205917962,-68.79289205917962
752.7900211000442,-68.79148343803067,-68.79148343803067
752.8000211000442,-68.79009256189204,-68.79009256189204
752.8100211000442,-68.78871956685717,-68.78871956685717
752.8200211000443,-68.78736458614803,-68.78736458614803
752.8300211000443,-68.78602775015204,-68.78602775015204
752.8400211000443,-68.78470918643744,-68.78470918643744
752.8500211000443,-68.78340901979256,-68.78340901979256
752.8600211000443,-68.78212737223264,-68.78212737223264
752.8700211000443,-68.7808643630726,-68.7808643630726
752.8800211000442,-68.77962010889266,-68.77962010889266
752.8900211000442,-68.77839472361414,-68.77839472361414
752.9000211000442,-68.77718831851149,-68.77718831851149
752.9100211000442,-68.7760010022294,-68.7760010022294
752.9200211000442,-68.77483288083583,-68.77483288083583
752.9300211000442,-68.77368405782802,-68.77368405782802
752.9400211000443,-68.77255463416262,-68.77255463416262
752.9500211000443,-68.77144470830225,-68.77144470830225
752.9600211000443,-68.77035437622324,-68.77035437622324
752.9700211000443,-68.76928373144717,-68.76928373144717
752.9800211000443,-68.76823286508349,-68.76823286508349
752.9900211000443,-68.76720186583793,-68.76720186583793
753.0000211000443,-68.76619082004905,-68.76619082004905
753.0100211000442,-68.76519981172055,-68.76519981172055
753.0200211000442,-68.76422892254512,-68.76422892254512
753.0300211000442,-68.76327823193132,-68.76327823193132
753.0400211000442,-68.7623478170302,-68.7623478170302
753.0500211000442,-68.76143775275631,-68.76143775275631
753.0600211000442,-68.76054811184116,-68.76054811184116
753.0700211000443,-68.75967896483519,-68.75967896483519
753.0800211000443,-68.75883038014233,-68.75883038014233
753.0900211000443,-68.75800242403815,-68.75800242403815
753.1000211238861,-68.75719515879095,-68.75719515879095
753.1100211238861,-68.75640865045344,-68.75640865045344
753.1200211238861,-68.75564295709393,-68.75564295709393
753.1300211238861,-68.75489813680394,-68.75489813680394
753.1400211238861,-68.75417424567071,-68.75417424567071
753.1500211238861,-68.7534713378225,-68.7534713378225
753.160021123886,-68.7527894654592,-68.7527894654592
753.1700211238862,-68.75212867886825,-68.75212867886825
753.1800211238861,-68.7514890264648,-68.7514890264648
753.1900211238861,-68.75087055478832,-68.75087055478832
753.2000211238861,-68.75027330856447,-68.75027330856447
753.2100211238861,-68.74969135927877,-68.74969135927877
753.2200211238861,-68.74912214402279,-68.74912214402279
753.2300211238861,-68.74856444191508,-68.74856444191508
753.2400211238861,-68.7480176511512,-68.7480176511512
753.2500211238861,-68.74748151348066,-68.74748151348066
753.2600211238861,-68.74695597127122,-68.74695597127122
753.2700211238861,-68.74644108378263,-68.74644108378263
753.2800211238861,-68.74593697697047,-68.74593697697047
753.2900211238862,-68.7454438133069,-68.7454438133069
753.3000211238862,-68.74496177373419,-68.74496177373419
753.3100211238861,-68.74449104695401,-68.74449104695401
753.3200211238861,-68.74403182314758,-68.74403182314758
753.3300211238861,-68.74358429043457,-68.74358429043457
753.3400211238861,-68.74314863293093,-68.74314863293093
753.3500211238861,-68.74272502983779,-68.74272502983779
753.3600211238861,-68.7423136550885,-68.7423136550885
753.3700211238861,-68.7419146773414,-68.7419146773414
753.3800211238861,-68.74152826016011,-68.74152826016011
753.3900211238861,-68.74115456229623,-68.74115456229623
753.4000211238861,-68.7407937379902,-68.7407937379902
753.410021123886,-68.74044593726926,-68.74044593726926
753.4200211238862,-68.74011130627711,-68.74011130627711
753.4300211238861,-68.73978998752068,-68.73978998752068
753.4400211238861,-68.73948212014287,-68.73948212014287
753.4500211238861,-68.73918784011693,-68.73918784011693
753.4600211238861,-68.73890728045025,-68.73890728045025
753.4700211238861,-68.73864057135211,-68.73864057135211
753.4800211238861,-68.73838784037213,-68.73838784037213
753.4900211238861,-68.73814921251886,-68.73814921251886
753.5000211238861,-68.73792481038299,-68.73792481038299
753.5100211238861,-68.73771475420047,-68.73771475420047
753.5200211238861,-68.73751916196298,-68.73751916196298
753.5300211238861,-68.73733814944508,-68.73733814944508
753.5400211238862,-68.73717183028918,-68.73717183028918
753.5500211238862,-68.7370203160451,-68.7370203160451
753.5600211238861,-68.73688371621256,-68.73688371621256
753.5700211238861,-68.73676213826738,-68.73676213826738
753.5800211238861,-68.73665568769016,-68.73665568769016
753.5900211238861,-68.73656446801304,-68.73656446801304
753.6000211238861,-68.73648858083038,-68.73648858083038
753.6100211238861,-68.73642812579831,-68.73642812579831
753.6200211238861,-68.73638320069881,-68.73638320069881
753.6300211238861,-68.73635390141347,-68.73635390141347
753.6400211238861,-68.73634032193897,-68.73634032193897
753.6500211238861,-68.73634255444799,-68.73634255444799
753.660021123886,-68.7363606892356,-68.7363606892356
753.6700211238862,-68.73639481476611,-68.73639481476611
753.6800211238861,-68.73644501769441,-68.73644501769441
753.6900211238861,-68.73651138285265,-68.73651138285265
753.7000211238861,-68.73659399326813,-68.73659399326813
753.7100211238861,-68.73668695799381,-68.73668695799381
753.7200211238861,-68.73678775119062,-68.73678775119062
753.7300211238861,-68.73689518906463,-68.73689518906463
753.7400211238861,-68.7370087070501,-68.7370087070501
753.7500211238861,-68.73712808425647,-68.73712808425647
753.7600211238861,-68.73725330048843,-68.73725330048843
753.7700211238861,-68.7373844525191,-68.7373844525191
753.7800211238861,-68.73752170382998,-68.73752170382998
753.7900211238862,-68.73766525441083,-68.73766525441083
753.8000211238862,-68.73781532269429,-68.73781532269429
753.8100211238861,-68.73797213479816,-68.73797213479816
753.8200211238861,-68.73813591824984,-68.73813591824984
753.8300211238861,-68.73830689839151,-68.73830689839151
753.8400211238861,-68.738485296472,-68.738485296472
753.8500211238861,-68.73867132866474,-68.73867132866474
753.8600211238861,-68.73886520574898,-68.73886520574898
753.8700211238861,-68.73906713305243,-68.73906713305243
753.8800211238861,-68.7392773106465,-68.7392773106465
753.8900211238861,-68.7394959336038,-68.7394959336038
753.9000211238861,-68.73972319228497,-68.73972319228497
753.910021123886,-68.73995927266614,-68.73995927266614
753.9200211238862,-68.74020435660763,-68.74020435660763
753.9300211238861,-68.74045862213214,-68.74045862213214
753.9400211238861,-68.74072224365689,-68.74072224365689
753.950021147728,-68.74099539286568,-68.74099539286568
753.960021147728,-68.74127226318427,-68.74127226318427
753.970021147728,-68.74155041416225,-68.74155041416225
753.9800211477279,-68.74182874589616,-68.74182874589616
753.9900211477279,-68.74210677687988,-68.74210677687988
754.0000211477279,-68.74238436850472,-68.74238436850472
754.0100211477279,-68.74266158213008,-68.74266158213008
754.020021147728,-68.74293859535459,-68.74293859535459
754.030021147728,-68.74321565183565,-68.74321565183565
754.040021147728,-68.74349303108934,-68.74349303108934
754.050021147728,-68.74377103044036,-68.74377103044036
754.060021147728,-68.7440499542893,-68.7440499542893
754.070021147728,-68.74433010786315,-68.74433010786315
754.080021147728,-68.74461179362937,-68.74461179362937
754.090021147728,-68.74489530938786,-68.74489530938786
754.100021147728,-68.74518094729305,-68.74518094729305
754.1100211477279,-68.74546899353699,-68.74546899353699
754.1200211477279,-68.74575972831029,-68.74575972831029
754.1300211477279,-68.74605342599068,-68.74605342599068
754.140021147728,-68.74635035536748,-68.74635035536748
754.150021147728,-68.74665077999516,-68.74665077999516
754.160021147728,-68.74695495844743,-68.74695495844743
754.170021147728,-68.74726314461671,-68.74726314461671
754.180021147728,-68.74757558799556,-68.74757558799556
754.190021147728,-68.74789253388184,-68.74789253388184
754.200021147728,-68.7482142236207,-68.7482142236207
754.210021147728,-68.74854089476588,-68.74854089476588
754.220021147728,-68.74887278122989,-68.74887278122989
754.2300211477279,-68.74921011342629,-68.74921011342629
754.2400211477279,-68.74955311839163,-68.74955311839163
754.2500211477279,-68.74990201987033,-68.74990201987033
754.2600211477279,-68.75025703839589,-68.75025703839589
754.270021147728,-68.75061839136802,-68.75061839136802
754.280021147728,-68.75098629311154,-68.75098629311154
754.290021147728,-68.75136095490745,-68.75136095490745
754.300021147728,-68.75174258507236,-68.75174258507236
754.310021147728,-68.75213138895147,-68.75213138895147
754.320021147728,-68.7525275689715,-68.7525275689715
754.330021147728,-68.75293132467647,-68.75293132467647
754.340021147728,-68.7533428527264,-68.7533428527264
754.350021147728,-68.75376234693631,-68.75376234693631
754.3600211477279,-68.75418999828058,-68.75418999828058
754.3700211477279,-68.75462599491773,-68.75462599491773
754.3800211477279,-68.75507052219771,-68.75507052219771
754.390021147728,-68.75552376267807,-68.75552376267807
754.400021147728,-68.75598589615169,-68.75598589615169
754.410021147728,-68.75645709962963,-68.75645709962963
754.420021147728,-68.75693754737348,-68.75693754737348
754.430021147728,-68.75742741090183,-68.75742741090183
754.440021147728,-68.75792685900554,-68.75792685900554
754.450021147728,-68.75843605775417,-68.75843605775417
754.460021147728,-68.75895517051502,-68.75895517051502
754.470021147728,-68.75948435795267,-68.75948435795267
754.4800211477279,-68.7600237780579,-68.7600237780579
754.4900211477279,-68.760573586148,-68.760573586148
754.5000211477279,-68.76113393489486,-68.76113393489486
754.5100211477279,-68.76170497432173,-68.76170497432173
754.520021147728,-68.76228685182707,-68.76228685182707
754.530021147728,-68.76287971221493,-68.76287971221493
754.540021147728,-68.76348369767722,-68.76348369767722
754.550021147728,-68.76409894782574,-68.76409894782574
754.560021147728,-68.76472559972434,-68.76472559972434
754.570021147728,-68.76536378788276,-68.76536378788276
754.580021147728,-68.76601364428731,-68.76601364428731
754.590021147728,-68.76667529841268,-68.76667529841268
754.600021147728,-68.76734887725152,-68.76734887725152
754.6100211477279,-68.76803450531784,-68.76803450531784
754.6200211477279,-68.76873230466718,-68.76873230466718
754.6300211477279,-68.76944239493153,-68.76944239493153
754.640021147728,-68.77016489331784,-68.77016489331784
754.650021147728,-68.77089991465382,-68.77089991465382
754.660021147728,-68.7716475714017,-68.7716475714017
754.670021147728,-68.77240797364605,-68.77240797364605
754.680021147728,-68.77318122916236,-68.77318122916236
754.690021147728,-68.77396744340999,-68.77396744340999
754.700021147728,-68.77476671956721,-68.77476671956721
754.710021147728,-68.77557915854536,-68.77557915854536
754.720021147728,-68.77640485900523,-68.77640485900523
754.7300211477279,-68.7772439173944,-68.7772439173944
754.7400211477279,-68.77809642796426,-68.77809642796426
754.7500211477279,-68.77896248278516,-68.77896248278516
754.7600211477279,-68.77984217178317,-68.77984217178317
754.770021147728,-68.78073558274737,-68.78073558274737
754.780021147728,-68.78164280136983,-68.78164280136983
754.790021147728,-68.78256391124246,-68.78256391124246
754.8000211715698,-68.78349899614157,-68.78349899614157
754.8100211715698,-68.78444813116637,-68.78444813116637
754.8200211715698,-68.78541139596452,-68.78541139596452
754.8300211715698,-68.7863888660458,-68.7863888660458
754.8400211715698,-68.78738061494279,-68.78738061494279
754.8500211715698,-68.78838671423134,-68.78838671423134
754.8600211715698,-68.78940723359672,-68.78940723359672
754.8700211715699,-68.79044224078899,-68.79044224078899
754.8800211715699,-68.79149180171613,-68.79149180171613
754.8900211715699,-68.79255598040506,-68.79255598040506
754.9000211715698,-68.79363483907487,-68.79363483907487
754.9100211715698,-68.79472843813,-68.79472843813
754.9200211715698,-68.79583683618746,-68.79583683618746
754.9300211715698,-68.79696009011475,-68.79696009011475
754.9400211715698,-68.79809825502836,-68.79809825502836
754.9500211715698,-68.79925138434618,-68.79925138434618
754.9600211715698,-68.8004195297755,-68.8004195297755
754.9700211715698,-68.80160274136567,-68.80160274136567
754.9800211715698,-68.802801067523,-68.802801067523
754.9900211715699,-68.80401455500473,-68.80401455500473
755.0000211715699,-68.80524324899024,-68.80524324899024
755.0100211715699,-68.8064871930574,-68.8064871930574
755.0200211715699,-68.80774642924241,-68.80774642924241
755.0300211715698,-68.80902099801966,-68.80902099801966
755.0400211715698,-68.81031093836425,-68.81031093836425
755.0500211715698,-68.81161628774609,-68.81161628774609
755.0600211715698,-68.81293708216215,-68.81293708216215
755.0700211715698,-68.81427335615253,-68.81427335615253
755.0800211715698,-68.8156251428267,-68.8156251428267
755.0900211715698,-68.81699247387765,-68.81699247387765
755.1000211715698,-68.8183753796066,-68.8183753796066
755.1100211715698,-68.81977388894883,-68.81977388894883
755.1200211715699,-68.82118802946873,-68.82118802946873
755.1300211715699,-68.82261782741593,-68.82261782741593
755.1400211715699,-68.82406330771258,-68.82406330771258
755.1500211715698,-68.82552449399998,-68.82552449399998
755.1600211715698,-68.82700140863899,-68.82700140863899
755.1700211715698,-68.82849407272617,-68.82849407272617
755.1800211715698,-68.83000250613621,-68.83000250613621
755.1900211715698,-68.83152672750481,-68.83152672750481
755.2000211715698,-68.83306675428659,-68.83306675428659
755.2100211715698,-68.83462260274662,-68.83462260274662
755.2200211715698,-68.83619428799373,-68.83619428799373
755.2300211715698,-68.83778182396684,-68.83778182396684
755.2400211715699,-68.83938522351254,-68.83938522351254
755.2500211715699,-68.84100449833761,-68.84100449833761
755.2600211715699,-68.84263965907058,-68.84263965907058
755.2700211715699,-68.84429071524731,-68.84429071524731
755.2800211715698,-68.84595767537203,-68.84595767537203
755.2900211715698,-68.84764054687875,-68.84764054687875
755.3000211715698,-68.84933933618757,-68.84933933618757
755.3100211715698,-68.85105404870934,-68.85105404870934
755.3200211715698,-68.85278468885217,-68.85278468885217
755.3300211715698,-68.85453126005658,-68.85453126005658
755.3400211715698,-68.85629376478703,-68.85629376478703
755.3500211715698,-68.85807220458379,-68.85807220458379
755.3600211715698,-68.85986658002685,-68.85986658002685
755.3700211715699,-68.86167689079589,-68.86167689079589
755.3800211715699,-68.86350313567922,-68.86350313567922
755.3900211715699,-68.86534531256704,-68.86534531256704
755.4000211715698,-68.86720341846473,-68.86720341846473
755.4100211715698,-68.86907744953375,-68.86907744953375
755.4200211715698,-68.87096740108991,-68.87096740108991
755.4300211715698,-68.87287326762645,-68.87287326762645
755.4400211715698,-68.8747950428075,-68.8747950428075
755.4500211715698,-68.8767327195028,-68.8767327195028
755.4600211715698,-68.87868029903044,-68.87868029903044
755.4700211715698,-68.88063515632741,-68.88063515632741
755.4800211715698,-68.88259601325451,-68.88259601325451
755.4900211715699,-68.88456221413567,-68.88456221413567
755.5000211715699,-68.886533449457,-68.886533449457
755.5100211715699,-68.88850961242302,-68.88850961242302
755.5200211715699,-68.89049071487653,-68.89049071487653
755.5300211715698,-68.89247683683566,-68.89247683683566
755.5400211715698,-68.89446809615372,-68.89446809615372
755.5500211715698,-68.89646463032864,-68.89646463032864
755.5600211715698,-68.89846658570404,-68.89846658570404
755.5700211715698,-68.90047411113021,-68.90047411113021
755.5800211715698,-68.9024873543603,-68.9024873543603
755.5900211715698,-68.90450646008507,-68.90450646008507
755.6000211715698,-68.90653156896936,-68.90653156896936
755.6100211715698,-68.90856281729984,-68.90856281729984
755.6200211715699,-68.91060033694465,-68.91060033694465
755.6300211715699,-68.91264425554665,-68.91264425554665
755.6400211715699,-68.91469469673886,-68.91469469673886
755.6500211954117,-68.91675178537535,-68.91675178537535
755.6600211954117,-68.91881562824302,-68.91881562824302
755.6700211954117,-68.92088634366388,-68.92088634366388
755.6800211954117,-68.92296404227433,-68.92296404227433
755.6900211954116,-68.92504883211464,-68.92504883211464
755.7000211954116,-68.92714081882362,-68.92714081882362
755.7100211954116,-68.92924010584734,-68.92924010584734
755.7200211954117,-68.93134679457462,-68.93134679457462
755.7300211954117,-68.93346098448113,-68.93346098448113
755.7400211954117,-68.9355827732494,-68.9355827732494
755.7500211954117,-68.93771225684078,-68.93771225684078
755.7600211954117,-68.93984952961628,-68.93984952961628
755.7700211954117,-68.94199468436126,-68.94199468436126
755.7800211954117,-68.94414781237201,-68.94414781237201
755.7900211954117,-68.94630900349603,-68.94630900349603
755.8000211954117,-68.9484783461571,-68.9484783461571
755.8100211954117,-68.9506559273964,-68.9506559273964
755.8200211954116,-68.95284183290723,-68.95284183290723
755.8300211954116,-68.95503614704984,-68.95503614704984
755.8400211954117,-68.95723895286342,-68.95723895286342
755.8500211954117,-68.95945033208332,-68.95945033208332
755.8600211954117,-68.96167036514805,-68.96167036514805
755.8700211954117,-68.96389913122358,-68.96389913122358
755.8800211954117,-68.96613670818655,-68.96613670818655
755.8900211954117,-68.96838317265495,-68.96838317265495
755.9000211954117,-68.97063859997094,-68.97063859997094
755.9100211954117,-68.97290306422622,-68.97290306422622
755.9200211954117,-68.97517663823386,-68.97517663823386
755.9300211954117,-68.97745939357252,-68.97745939357252
755.9400211954116,-68.97975140054511,-68.97975140054511
755.9500211954116,-68.98205272820762,-68.98205272820762
755.9600211954116,-68.98436344437445,-68.98436344437445
755.9700211954117,-68.98668361558879,-68.98668361558879
755.9800211954117,-68.98901330717459,-68.98901330717459
755.9900211954117,-68.99135258319353,-68.99135258319353
756.0000211954117,-68.99370150645956,-68.99370150645956
756.0100211954117,-68.99606013855866,-68.99606013855866
756.0200211954117,-68.99842853982507,-68.99842853982507
756.0300211954117,-69.00080676937054,-69.00080676937054
756.0400211954117,-69.00319488506972,-69.00319488506972
756.0500211954117,-69.00559294357349,-69.00559294357349
756.0600211954117,-69.0080010003043,-69.0080010003043
756.0700211954116,-69.01041910946323,-69.01041910946323
756.0800211954116,-69.01284732404214,-69.01284732404214
756.0900211954117,-69.01528569582317,-69.01528569582317
756.1000211954117,-69.01773427539024,-69.01773427539024
756.1100211954117,-69.02019311211,-69.02019311211
756.1200211954117,-69.02266225416714,-69.02266225416714
756.1300211954117,-69.02514174857274,-69.02514174857274
756.1400211954117,-69.02763164114702,-69.02763164114702
756.1500211954117,-69.03013197652572,-69.03013197652572
756.1600211954117,-69.03264279820593,-69.03264279820593
756.1700211954117,-69.03516414851,-69.03516414851
756.1800211954117,-69.03769606861064,-69.03769606861064
756.1900211954116,-69.0402385985596,-69.0402385985596
756.2000211954116,-69.04279177724572,-69.04279177724572
756.2100211954116,-69.04535564244883,-69.04535564244883
756.2200211954117,-69.04793023082813,-69.04793023082813
756.2300211954117,-69.05051557794421,-69.05051557794421
756.2400211954117,-69.053111718252,-69.053111718252
756.2500211954117,-69.05571868511797,-69.05571868511797
756.2600211954117,-69.05833651083684,-69.05833651083684
756.2700211954117,-69.06096522663367,-69.06096522663367
756.2800211954117,-69.06360486265878,-69.06360486265878
756.2900211954117,-69.06625544803666,-69.06625544803666
756.3000211954117,-69.06891701083372,-69.06891701083372
756.3100211954117,-69.07158957809249,-69.07158957809249
756.3200211954116,-69.074273175839,-69.074273175839
756.3300211954116,-69.07696782908695,-69.07696782908695
756.3400211954117,-69.07967356186205,-69.07967356186205
756.3500211954117,-69.08239039719845,-69.08239039719845
756.3600211954117,-69.08511835714057,-69.08511835714057
756.3700211954117,-69.08785746277842,-69.08785746277842
756.3800211954117,-69.09060773424069,-69.09060773424069
756.3900211954117,-69.09336919072366,-69.09336919072366
756.4000211954117,-69.09614185047674,-69.09614185047674
756.4100211954117,-69.09892573083944,-69.09892573083944
756.4200211954117,-69.10172084822307,-69.10172084822307
756.4300211954117,-69.10452721815048,-69.10452721815048
756.4400211954116,-69.1073448552424,-69.1073448552424
756.4500211954116,-69.11017377325582,-69.11017377325582
756.4600211954116,-69.11301398506494,-69.11301398506494
756.4700211954117,-69.11586550269159,-69.11586550269159
756.4800211954117,-69.11872833731549,-69.11872833731549
756.4900211954117,-69.12160249927516,-69.12160249927516
756.5000212192535,-69.12448800496219,-69.12448800496219
756.5100212192535,-69.12738484937744,-69.12738484937744
756.5200212192535,-69.13029304722248,-69.13029304722248
756.5300212192535,-69.13321260561317,-69.13321260561317
756.5400212192535,-69.13614353087617,-69.13614353087617
756.5500212192535,-69.1390858285567,-69.1390858285567
756.5600212192535,-69.14203950345059,-69.14203950345059
756.5700212192536,-69.14500455959319,-69.14500455959319
756.5800212192536,-69.14798100028626,-69.14798100028626
756.5900212192536,-69.15096882809418,-69.15096882809418
756.6000212192536,-69.15396804487162,-69.15396804487162
756.6100212192536,-69.15697865175265,-69.15697865175265
756.6200212192535,-69.16000064918131,-69.16000064918131
756.6300212192535,-69.16303403691472,-69.16303403691472
756.6400212192535,-69.16607881402078,-69.16607881402078
756.6500212192535,-69.16913497891116,-69.16913497891116
756.6600212192535,-69.17220252932874,-69.17220252932874
756.6700212192535,-69.17528146238088,-69.17528146238088
756.6800212192535,-69.17837177451811,-69.17837177451811
756.6900212192536,-69.18147346157035,-69.18147346157035
756.7000212192536,-69.18458651875386,-69.18458651875386
756.7100212192536,-69.18771094066157,-69.18771094066157
756.7200212192536,-69.19084672129604,-69.19084672129604
756.7300212192536,-69.19399385405949,-69.19399385405949
756.7400212192535,-69.19715233178695,-69.19715233178695
756.7500212192535,-69.20032214672639,-69.20032214672639
756.7600212192535,-69.20350329056637,-69.20350329056637
756.7700212192535,-69.20669575444019,-69.20669575444019
756.7800212192535,-69.20989952893457,-69.20989952893457
756.7900212192535,-69.21311460410008,-69.21311460410008
756.8000212192535,-69.21634096945176,-69.21634096945176
756.8100212192535,-69.21957861400034,-69.21957861400034
756.8200212192536,-69.22282752622132,-69.22282752622132
756.8300212192536,-69.22608769412106,-69.22608769412106
756.8400212192536,-69.22935910518801,-69.22935910518801
756.8500212192536,-69.23264174641811,-69.23264174641811
756.8600212192536,-69.2359356043492,-69.2359356043492
756.8700212192535,-69.23924066502896,-69.23924066502896
756.8800212192535,-69.24255691406223,-69.24255691406223
756.8900212192535,-69.24588433658488,-69.24588433658488
756.9000212192535,-69.24922291728929,-69.24922291728929
756.9100212192535,-69.25257264044424,-69.25257264044424
756.9200212192535,-69.25593348986305,-69.25593348986305
756.9300212192535,-69.25930544895725,-69.25930544895725
756.9400212192536,-69.26268850070566,-69.26268850070566
756.9500212192536,-69.2660826276968,-69.2660826276968
756.9600212192536,-69.26948781210241,-69.26948781210241
756.9700212192536,-69.27290403570201,-69.27290403570201
756.9800212192536,-69.27633127988501,-69.27633127988501
756.9900212192535,-69.27976952567545,-69.27976952567545
757.0000212192535,-69.28321875370926,-69.28321875370926
757.0100212192535,-69.2866789442648,-69.2866789442648
757.0200212192535,-69.29015007725761,-69.29015007725761
757.0300212192535,-69.29363213224829,-69.29363213224829
757.0400212192535,-69.29712508844953,-69.29712508844953
757.0500212192535,-69.30062892474581,-69.30062892474581
757.0600212192535,-69.30414361966923,-69.30414361966923
757.0700212192536,-69.3076691514388,-69.3076691514388
757.0800212192536,-69.31120549795968,-69.31120549795968
757.0900212192536,-69.31475263680143,-69.31475263680143
757.1000212192536,-69.31831054523614,-69.31831054523614
757.1100212192536,-69.32187920023607,-69.32187920023607
757.1200212192535,-69.32545857847074,-69.32545857847074
757.1300212192535,-69.32904865631659,-69.32904865631659
757.1400212192535,-69.33264940986759,-69.33264940986759
757.1500212192535,-69.33626081494072,-69.33626081494072
757.1600212192535,-69.3398828470799,-69.3398828470799
757.1700212192535,-69.34351548156475,-69.34351548156475
757.1800212192535,-69.34715869338906,-69.34715869338906
757.1900212192536,-69.35081245731382,-69.35081245731382
757.2000212192536,-69.35447674784244,-69.35447674784244
757.2100212192536,-69.35815153922412,-69.35815153922412
757.2200212192536,-69.36183680546613,-69.36183680546613
757.2300212192536,-69.36553252034886,-69.36553252034886
757.2400212192535,-69.36923865741133,-69.36923865741133
757.2500212192535,-69.37295518997155,-69.37295518997155
757.2600212192535,-69.3766820911157,-69.3766820911157
757.2700212192535,-69.38041933372511,-69.38041933372511
757.2800212192535,-69.3841668904599,-69.3841668904599
757.2900212192535,-69.38792473377676,-69.38792473377676
757.3000212192535,-69.39169283592825,-69.39169283592825
757.3100212192535,-69.39547116896902,-69.39547116896902
757.3200212192536,-69.39925970475204,-69.39925970475204
757.3300212192536,-69.40305841495064,-69.40305841495064
757.3400212192536,-69.4068672710517,-69.4068672710517
757.3500212430954,-69.41068625345261,-69.41068625345261
757.3600212430954,-69.41451531513596,-69.41451531513596
757.3700212430954,-69.41835443607953,-69.41835443607953
757.3800212430954,-69.42220358708342,-69.42220358708342
757.3900212430954,-69.42606273876645,-69.42606273876645
757.4000212430954,-69.42993186158584,-69.42993186158584
757.4100212430953,-69.4338109258464,-69.4338109258464
757.4200212430954,-69.43769990169638,-69.43769990169638
757.4300212430954,-69.4415987591385,-69.4415987591385
757.4400212430954,-69.44550746802432,-69.44550746802432
757.4500212430954,-69.44942599806213,-69.44942599806213
757.4600212430954,-69.45334826957145,-69.45334826957145
757.4700212430954,-69.45727160498613,-69.45727160498613
757.4800212430954,-69.46119468626812,-69.46119468626812
757.4900212430954,-69.4651168243965,-69.4651168243965
757.5000212430954,-69.46903768069276,-69.46903768069276
757.5100212430954,-69.47295712202123,-69.47295712202123
757.5200212430954,-69.47687513600182,-69.47687513600182
757.5300212430953,-69.48079178001998,-69.48079178001998
757.5400212430955,-69.48470715059977,-69.48470715059977
757.5500212430954,-69.488621365032,-69.488621365032
757.5600212430954,-69.49253455043433,-69.49253455043433
757.5700212430954,-69.4964468373112,-69.4964468373112
757.5800212430954,-69.50035835589853,-69.50035835589853
757.5900212430954,-69.50426923415122,-69.50426923415122
757.6000212430954,-69.50817959672914,-69.50817959672914
757.6100212430954,-69.51208956463218,-69.51208956463218
757.6200212430954,-69.51599925511391,-69.51599925511391
757.6300212430954,-69.51990878186061,-69.51990878186061
757.6400212430954,-69.52381825519875,-69.52381825519875
757.6500212430954,-69.52772778239303,-69.52772778239303
757.6600212430953,-69.53163746793187,-69.53163746793187
757.6700212430954,-69.53554741379531,-69.53554741379531
757.6800212430954,-69.53945771971196,-69.53945771971196
757.6900212430954,-69.54336848337157,-69.54336848337157
757.7000212430954,-69.54727980063247,-69.54727980063247
757.7100212430954,-69.55119176569168,-69.55119176569168
757.7200212430954,-69.55510447122398,-69.55510447122398
757.7300212430954,-69.55901800850441,-69.55901800850441
757.7400212430954,-69.56293246752026,-69.56293246752026
757.7500212430954,-69.56684793704949,-69.56684793704949
757.7600212430954,-69.57076450472428,-69.57076450472428
757.7700212430954,-69.5746822571074,-69.5746822571074
757.7800212430953,-69.57860127972262,-69.57860127972262
757.7900212430955,-69.58252165709537,-69.58252165709537
757.8000212430954,-69.58644347279971,-69.58644347279971
757.8100212430954,-69.59036680944233,-69.59036680944233
757.8200212430954,-69.59429174872271,-69.59429174872271
757.8300212430954,-69.59821837142222,-69.59821837142222
757.8400212430954,-69.60214675740386,-69.60214675740386
757.8500212430954,-69.60607698565406,-69.60607698565406
757.8600212430954,-69.610009134247,-69.610009134247
757.8700212430954,-69.61394328036965,-69.61394328036965
757.8800212430954,-69.61787950031342,-69.61787950031342
757.8900212430954,-69.62181786946705,-69.62181786946705
757.9000212430954,-69.62575846231833,-69.62575846231833
757.9100212430953,-69.62970135246215,-69.62970135246215
757.9200212430954,-69.63364661256936,-69.63364661256936
757.9300212430954,-69.63759431441684,-69.63759431441684
757.9400212430954,-69.6415445288516,-69.6415445288516
757.9500212430954,-69.64549732581315,-69.64549732581315
757.9600212430954,-69.64944670715224,-69.64944670715224
757.9700212430954,-69.65339008562427,-69.65339008562427
757.9800212430954,-69.657326236622,-69.657326236622
757.9900212430954,-69.66125456564221,-69.66125456564221
758.0000212430954,-69.6651748287564,-69.6651748287564
758.0100212430954,-69.6690869874676,-69.6690869874676
758.0200212430954,-69.67299112360983,-69.67299112360983
758.0300212430953,-69.67688738823624,-69.67688738823624
758.0400212430955,-69.68077597089815,-69.68077597089815
758.0500212430954,-69.68465708120422,-69.68465708120422
758.0600212430954,-69.68853093783173,-69.68853093783173
758.0700212430954,-69.69239776207978,-69.69239776207978
758.0800212430954,-69.69625777416441,-69.69625777416441
758.0900212430954,-69.70011119121935,-69.70011119121935
758.1000212430954,-69.70395822626674,-69.70395822626674
758.1100212430954,-69.70779908780986,-69.70779908780986
758.1200212430954,-69.71163397980209,-69.71163397980209
758.1300212430954,-69.71546310175523,-69.71546310175523
758.1400212430954,-69.71928664898616,-69.71928664898616
758.1500212430954,-69.72310481290107,-69.72310481290107
758.1600212430953,-69.72691778127458,-69.72691778127458
758.1700212430954,-69.73072573850222,-69.73072573850222
758.1800212430954,-69.7345288658991,-69.7345288658991
758.1900212430954,-69.73832734185568,-69.73832734185568
758.2000212669373,-69.74212135113021,-69.74212135113021
758.2100212669372,-69.74591104883855,-69.74591104883855
758.2200212669372,-69.7496966148262,-69.7496966148262
758.2300212669372,-69.75347821766061,-69.75347821766061
758.2400212669372,-69.75725602375803,-69.75725602375803
758.2500212669372,-69.76103019747362,-69.76103019747362
758.2600212669372,-69.76480090117647,-69.76480090117647
758.2700212669373,-69.76856829529167,-69.76856829529167
758.2800212669373,-69.77233253839017,-69.77233253839017
758.2900212669373,-69.77609378718621,-69.77609378718621
758.3000212669373,-69.77985219659688,-69.77985219659688
758.3100212669373,-69.78360791975669,-69.78360791975669
758.3200212669373,-69.78736110805076,-69.78736110805076
758.3300212669373,-69.79111191112118,-69.79111191112118
758.3400212669372,-69.7948604768811,-69.7948604768811
758.3500212669372,-69.79860695152618,-69.79860695152618
758.3600212669372,-69.80235147954899,-69.80235147954899
758.3700212669372,-69.80609420373787,-69.80609420373787
758.3800212669372,-69.80983526519184,-69.80983526519184
758.3900212669373,-69.81357480328913,-69.81357480328913
758.4000212669373,-69.81731295575338,-69.81731295575338
758.4100212669373,-69.82104985859122,-69.82104985859122
758.4200212669373,-69.82478564613963,-69.82478564613963
758.4300212669373,-69.82852045103328,-69.82852045103328
758.4400212669373,-69.8322544042407,-69.8322544042407
758.4500212669373,-69.8359876350353,-69.8359876350353
758.4600212669372,-69.83972027102197,-69.83972027102197
758.4700212669372,-69.84345243811399,-69.84345243811399
758.4800212669372,-69.84718426054889,-69.84718426054889
758.4900212669372,-69.85091586089585,-69.85091586089585
758.5000212669372,-69.85464736005893,-69.85464736005893
758.5100212669372,-69.85837887726024,-69.85837887726024
758.5200212669373,-69.86211053005773,-69.86211053005773
758.5300212669373,-69.86584243436879,-69.86584243436879
758.5400212669373,-69.8695747044374,-69.8695747044374
758.5500212669373,-69.87330745286319,-69.87330745286319
758.5600212669373,-69.87704079060182,-69.87704079060182
758.5700212669373,-69.88077482696362,-69.88077482696362
758.5800212669373,-69.88450966964177,-69.88450966964177
758.5900212669372,-69.88824542468596,-69.88824542468596
758.6000212669372,-69.89198219654665,-69.89198219654665
758.6100212669372,-69.89572008804505,-69.89572008804505
758.6200212669372,-69.89945920041912,-69.89945920041912
758.6300212669372,-69.90319963329807,-69.90319963329807
758.6400212669373,-69.90694148474114,-69.90694148474114
758.6500212669373,-69.91068485123033,-69.91068485123033
758.6600212669373,-69.91442982767241,-69.91442982767241
758.6700212669373,-69.91817650742804,-69.91817650742804
758.6800212669373,-69.92192498230936,-69.92192498230936
758.6900212669373,-69.92567534259558,-69.92567534259558
758.7000212669373,-69.92942767705422,-69.92942767705422
758.7100212669372,-69.93318207292016,-69.93318207292016
758.7200212669372,-69.93693861594652,-69.93693861594652
758.7300212669372,-69.94069739038592,-69.94069739038592
758.7400212669372,-69.94445847903367,-69.94445847903367
758.7500212669372,-69.94822196319525,-69.94822196319525
758.7600212669372,-69.95198792274225,-69.95198792274225
758.7700212669373,-69.95575643609803,-69.95575643609803
758.7800212669373,-69.9595275802777,-69.9595275802777
758.7900212669373,-69.9633014308656,-69.9633014308656
758.8000212669373,-69.96707806204552,-69.96707806204552
758.8100212669373,-69.97085754662554,-69.97085754662554
758.8200212669373,-69.97463995603012,-69.97463995603012
758.8300212669373,-69.97842536033393,-69.97842536033393
758.8400212669372,-69.98221382825533,-69.98221382825533
758.8500212669372,-69.98600542718357,-69.98600542718357
758.8600212669372,-69.98980022319054,-69.98980022319054
758.8700212669372,-69.99359828103812,-69.99359828103812
758.8800212669372,-69.99739966420844,-69.99739966420844
758.8900212669373,-70.00120443488231,-70.00120443488231
758.9000212669373,-70.00501265400536,-70.00501265400536
758.9100212669373,-70.00882438125832,-70.00882438125832
758.9200212669373,-70.01263967507997,-70.01263967507997
758.9300212669373,-70.01645859269792,-70.01645859269792
758.9400212669373,-70.0202811901275,-70.0202811901275
758.9500212669373,-70.02410752218799,-70.02410752218799
758.9600212669372,-70.027937642515,-70.027937642515
758.9700212669372,-70.03177160359424,-70.03177160359424
758.9800212669372,-70.0356094567295,-70.0356094567295
758.9900212669372,-70.03945125212212,-70.03945125212212
759.0000212669372,-70.04329703881427,-70.04329703881427
759.0100212669372,-70.0471468647648,-70.0471468647648
759.0200212669373,-70.05100077680791,-70.05100077680791
759.0300212669373,-70.05485882071615,-70.05485882071615
759.0400212669373,-70.05872104118549,-70.05872104118549
759.0500212907791,-70.06258749104698,-70.06258749104698
759.0600212907791,-70.06645819452194,-70.06645819452194
759.0700212907791,-70.07033320233295,-70.07033320233295
759.0800212907791,-70.07421255503321,-70.07421255503321
759.0900212907791,-70.07809629217212,-70.07809629217212
759.1000212907791,-70.08198445230099,-70.08198445230099
759.1100212907791,-70.0858770729892,-70.0858770729892
759.1200212907792,-70.08977419084447,-70.08977419084447
759.1300212907792,-70.0936758415359,-70.0936758415359
759.1400212907791,-70.09758205976927,-70.09758205976927
759.1500212907791,-70.10149287934811,-70.10149287934811
759.1600212907791,-70.10540833314379,-70.10540833314379
759.1700212907791,-70.10932845313386,-70.10932845313386
759.1800212907791,-70.11325327040905,-70.11325327040905
759.1900212907791,-70.11718281517443,-70.11718281517443
759.2000212907791,-70.12111711678853,-70.12111711678853
759.2100212907791,-70.1250500935325,-70.1250500935325
759.2200212907791,-70.1289790980234,-70.1289790980234
759.2300212907791,-70.13290285517957,-70.13290285517957
759.2400212907792,-70.13682072465426,-70.13682072465426
759.2500212907792,-70.1407324193969,-70.1407324193969
759.2600212907792,-70.14463785945021,-70.14463785945021
759.2700212907791,-70.14853708627956,-70.14853708627956
759.2800212907791,-70.15243021132618,-70.15243021132618
759.2900212907791,-70.15631738505945,-70.15631738505945
759.3000212907791,-70.16019877837817,-70.16019877837817
759.3100212907791,-70.16407457159694,-70.16407457159694
759.3200212907791,-70.16794494794159,-70.16794494794159
759.3300212907791,-70.17181008982963,-70.17181008982963
759.3400212907791,-70.1756701768468,-70.1756701768468
759.3500212907791,-70.17952538473158,-70.17952538473158
759.3600212907791,-70.18337588497477,-70.18337588497477
759.3700212907792,-70.18722184477292,-70.18722184477292
759.3800212907792,-70.19106342718406,-70.19106342718406
759.3900212907791,-70.19490079133433,-70.19490079133433
759.4000212907791,-70.19873409273998,-70.19873409273998
759.4100212907791,-70.20256348359293,-70.20256348359293
759.4200212907791,-70.2063891130303,-70.2063891130303
759.4300212907791,-70.21021112738995,-70.21021112738995
759.4400212907791,-70.21402967045147,-70.21402967045147
759.4500212907791,-70.21784488363423,-70.21784488363423
759.4600212907791,-70.22165690616045,-70.22165690616045
759.4700212907791,-70.22546587522105,-70.22546587522105
759.4800212907791,-70.22927192611041,-70.22927192611041
759.4900212907792,-70.23307519231145,-70.23307519231145
759.5000212907792,-70.23687580561237,-70.23687580561237
759.5100212907792,-70.24067389616418,-70.24067389616418
759.5200212907791,-70.24446959254354,-70.24446959254354
759.5300212907791,-70.2482630218249,-70.2482630218249
759.5400212907791,-70.25205430960627,-70.25205430960627
759.5500212907791,-70.25584358004407,-70.25584358004407
759.5600212907791,-70.25963095588652,-70.25963095588652
759.5700212907791,-70.26341655848744,-70.26341655848744
759.5800212907791,-70.26720050783821,-70.26720050783821
759.5900212907791,-70.27098292257482,-70.27098292257482
759.6000212907791,-70.27476391998994,-70.27476391998994
759.6100212907791,-70.27854361602488,-70.27854361602488
759.6200212907792,-70.28232212530523,-70.28232212530523
759.6300212907792,-70.28609956113418,-70.28609956113418
759.6400212907791,-70.28987603547199,-70.28987603547199
759.6500212907791,-70.29365165896903,-70.29365165896903
759.6600212907791,-70.29742654096606,-70.29742654096606
759.6700212907791,-70.30120078945104,-70.30120078945104
759.6800212907791,-70.30497451112844,-70.30497451112844
759.6900212907791,-70.30874781136923,-70.30874781136923
759.7000212907791,-70.31252079421571,-70.31252079421571
759.7100212907791,-70.31629356240481,-70.31629356240481
759.7200212907791,-70.32006621735002,-70.32006621735002
759.7300212907791,-70.32383885914001,-70.32383885914001
759.7400212907792,-70.3276115865476,-70.3276115865476
759.7500212907792,-70.33138449703425,-70.33138449703425
759.7600212907792,-70.33515768673905,-70.33515768673905
759.7700212907791,-70.33893125048698,-70.33893125048698
759.7800212907791,-70.34270528178672,-70.34270528178672
759.7900212907791,-70.34647987283476,-70.34647987283476
759.8000212907791,-70.35025511452947,-70.35025511452947
759.8100212907791,-70.35403109643954,-70.35403109643954
759.8200212907791,-70.35780790685624,-70.35780790685624
759.8300212907791,-70.36158563274921,-70.36158563274921
759.8400212907791,-70.36536435981175,-70.36536435981175
759.8500212907791,-70.36914417243244,-70.36914417243244
759.8600212907791,-70.37292515372198,-70.37292515372198
759.8700212907792,-70.37670738550656,-70.37670738550656
759.8800212907792,-70.38049094834403,-70.38049094834403
759.8900212907791,-70.38427592151078,-70.38427592151078
759.900021314621,-70.38806239204261,-70.38806239204261
759.910021314621,-70.39185041868727,-70.39185041868727
759.920021314621,-70.39564008594803,-70.39564008594803
759.930021314621,-70.39943146810349,-70.39943146810349
759.9400213146209,-70.40322463818224,-70.40322463818224
759.9500213146209,-70.40701966800503,-70.40701966800503
759.9600213146209,-70.4108166281497,-70.4108166281497
759.970021314621,-70.41461558799291,-70.41461558799291
759.980021314621,-70.41841661571866,-70.41841661571866
759.990021314621,-70.42221977829816,-70.42221977829816
760.000021314621,-70.42602514153879,-70.42602514153879
760.010021314621,-70.4298327700523,-70.4298327700523
760.020021314621,-70.43364272729471,-70.43364272729471
760.030021314621,-70.4374550755596,-70.4374550755596
760.040021314621,-70.44126987599857,-70.44126987599857
760.050021314621,-70.44508718862433,-70.44508718862433
760.0600213146209,-70.44890707232554,-70.44890707232554
760.0700213146209,-70.45272958486828,-70.45272958486828
760.0800213146209,-70.45655478290422,-70.45655478290422
760.090021314621,-70.46038272200437,-70.46038272200437
760.100021314621,-70.46421345664795,-70.46421345664795
760.110021314621,-70.46804704023232,-70.46804704023232
760.120021314621,-70.47188352509094,-70.47188352509094
760.130021314621,-70.47572296250698,-70.47572296250698
760.140021314621,-70.47956540271862,-70.47956540271862
760.150021314621,-70.48341089492263,-70.48341089492263
760.160021314621,-70.48725948730092,-70.48725948730092
760.170021314621,-70.49111122702467,-70.49111122702467
760.180021314621,-70.49496616026322,-70.49496616026322
760.1900213146209,-70.49882433219528,-70.49882433219528
760.2000213146209,-70.5026857870158,-70.5026857870158
760.2100213146209,-70.5065505679571,-70.5065505679571
760.220021314621,-70.51041871728657,-70.51041871728657
760.230021314621,-70.51429027634236,-70.51429027634236
760.240021314621,-70.51816528551224,-70.51816528551224
760.250021314621,-70.5220437842637,-70.5220437842637
760.260021314621,-70.52592581115044,-70.52592581115044
760.270021314621,-70.52981140381905,-70.52981140381905
760.280021314621,-70.53370059903241,-70.53370059903241
760.290021314621,-70.53759343266907,-70.53759343266907
760.300021314621,-70.54148993973594,-70.54148993973594
760.3100213146209,-70.54539015437678,-70.54539015437678
760.3200213146209,-70.54929410989915,-70.54929410989915
760.3300213146209,-70.55320183875666,-70.55320183875666
760.340021314621,-70.55711337257736,-70.55711337257736
760.350021314621,-70.56102874218608,-70.56102874218608
760.360021314621,-70.5649479775853,-70.5649479775853
760.370021314621,-70.56887110798834,-70.56887110798834
760.380021314621,-70.57279816182259,-70.57279816182259
760.390021314621,-70.5767291667326,-70.5767291667326
760.400021314621,-70.58066414960787,-70.58066414960787
760.410021314621,-70.58460313657163,-70.58460313657163
760.420021314621,-70.58854615301131,-70.58854615301131
760.430021314621,-70.5924932235696,-70.5924932235696
760.4400213146209,-70.5964443721731,-70.5964443721731
760.4500213146209,-70.6003996220235,-70.6003996220235
760.4600213146209,-70.60435899562384,-70.60435899562384
760.470021314621,-70.60832251477338,-70.60832251477338
760.480021314621,-70.61229020059781,-70.61229020059781
760.490021314621,-70.61626207353376,-70.61626207353376
760.500021314621,-70.6202381533461,-70.6202381533461
760.510021314621,-70.62421845915186,-70.62421845915186
760.520021314621,-70.62820300941638,-70.62820300941638
760.530021314621,-70.63219182196259,-70.63219182196259
760.540021314621,-70.63618491398101,-70.63618491398101
760.550021314621,-70.64018230204414,-70.64018230204414
760.5600213146209,-70.64418400211137,-70.64418400211137
760.5700213146209,-70.64819002953406,-70.64819002953406
760.5800213146209,-70.65220039907028,-70.65220039907028
760.590021314621,-70.65621512489028,-70.65621512489028
760.600021314621,-70.6602342205881,-70.6602342205881
760.610021314621,-70.66425769918315,-70.66425769918315
760.620021314621,-70.66828557313447,-70.66828557313447
760.630021314621,-70.67231785435611,-70.67231785435611
760.640021314621,-70.6763545542113,-70.6763545542113
760.650021314621,-70.68039568351402,-70.68039568351402
760.660021314621,-70.6844412525718,-70.6844412525718
760.670021314621,-70.6884912711552,-70.6884912711552
760.680021314621,-70.69254574852603,-70.69254574852603
760.6900213146209,-70.69660469344612,-70.69660469344612
760.7000213146209,-70.70066811416412,-70.70066811416412
760.7100213146209,-70.70473601845282,-70.70473601845282
760.720021314621,-70.70880841359612,-70.70880841359612
760.730021314621,-70.71288530640467,-70.71288530640467
760.740021314621,-70.71696670322392,-70.71696670322392
760.7500213384628,-70.72105261965804,-70.72105261965804
760.7600213384628,-70.72514304170853,-70.72514304170853
760.7700213384628,-70.72923798404011,-70.72923798404011
760.7800213384628,-70.7333374511996,-70.7333374511996
760.7900213384628,-70.73744144729864,-70.73744144729864
760.8000213384628,-70.74154997602464,-70.74154997602464
760.8100213384628,-70.7456630406305,-70.7456630406305
760.8200213384629,-70.74978064396298,-70.74978064396298
760.8300213384629,-70.75390278846943,-70.75390278846943
760.8400213384629,-70.75802947618872,-70.75802947618872
760.8500213384629,-70.7621607087671,-70.7621607087671
760.8600213384628,-70.76629648747009,-70.76629648747009
760.8700213384628,-70.77043681318062,-70.77043681318062
760.8800213384628,-70.77458168639487,-70.77458168639487
760.8900213384628,-70.7787311072484,-70.7787311072484
760.9000213384628,-70.78288507552452,-70.78288507552452
760.9100213384628,-70.78704359062495,-70.78704359062495
760.9200213384628,-70.7912066516274,-70.7912066516274
760.9300213384628,-70.79537425724403,-70.79537425724403
760.9400213384629,-70.7995464058512,-70.7995464058512
760.9500213384629,-70.80372309550071,-70.80372309550071
760.9600213384629,-70.80790432390447,-70.80790432390447
760.9700213384629,-70.81209008845677,-70.81209008845677
760.9800213384628,-70.81628038622848,-70.81628038622848
760.9900213384628,-70.82047521398226,-70.82047521398226
761.0000213384628,-70.82467456817788,-70.82467456817788
761.0100213384628,-70.82887844496128,-70.82887844496128
761.0200213384628,-70.83308684019086,-70.83308684019086
761.0300213384628,-70.83729974943131,-70.83729974943131
761.0400213384628,-70.84151716795505,-70.84151716795505
761.0500213384628,-70.84573909075591,-70.84573909075591
761.0600213384628,-70.8499655125457,-70.8499655125457
761.0700213384629,-70.85419642776704,-70.85419642776704
761.0800213384629,-70.85843183060437,-70.85843183060437
761.0900213384629,-70.86267171495975,-70.86267171495975
761.1000213384629,-70.86691607448832,-70.86691607448832
761.1100213384628,-70.87116490258833,-70.87116490258833
761.1200213384628,-70.87541819240232,-70.87541819240232
761.1300213384628,-70.87967593683811,-70.87967593683811
761.1400213384628,-70.88393812855668,-70.88393812855668
761.1500213384628,-70.88820475997399,-70.88820475997399
761.1600213384628,-70.89247582329226,-70.89247582329226
761.1700213384628,-70.89675131045666,-70.89675131045666
761.1800213384628,-70.90103121322115,-70.90103121322115
761.1900213384629,-70.90531552309002,-70.90531552309002
761.2000213384629,-70.90960423136654,-70.90960423136654
761.2100213384629,-70.91389732914165,-70.91389732914165
761.2200213384629,-70.91819480729163,-70.91819480729163
761.2300213384628,-70.92249665648446,-70.92249665648446
761.2400213384628,-70.92680286719003,-70.92680286719003
761.2500213384628,-70.93111342968548,-70.93111342968548
761.2600213384628,-70.9354283340532,-70.9354283340532
761.2700213384628,-70.93974757017766,-70.93974757017766
761.2800213384628,-70.94407112776597,-70.94407112776597
761.2900213384628,-70.94839899632917,-70.94839899632917
761.3000213384628,-70.95273116520836,-70.95273116520836
761.3100213384628,-70.95706762356401,-70.95706762356401
761.3200213384629,-70.96140836038101,-70.96140836038101
761.3300213384629,-70.96575336448575,-70.96575336448575
761.3400213384629,-70.97010262452234,-70.97010262452234
761.3500213384629,-70.97445612898521,-70.97445612898521
761.3600213384628,-70.9788138661984,-70.9788138661984
761.3700213384628,-70.98317582432787,-70.98317582432787
761.3800213384628,-70.98754199138924,-70.98754199138924
761.3900213384628,-70.9919123552529,-70.9919123552529
761.4000213384628,-70.99628690363333,-70.99628690363333
761.4100213384628,-71.00066562409734,-71.00066562409734
761.4200213384628,-71.00504850407972,-71.00504850407972
761.4300213384628,-71.00943553086341,-71.00943553086341
761.4400213384629,-71.01382669159871,-71.01382669159871
761.4500213384629,-71.01822197331441,-71.01822197331441
761.4600213384629,-71.02262136288813,-71.02262136288813
761.4700213384629,-71.02702484708155,-71.02702484708155
761.4800213384628,-71.03143241252191,-71.03143241252191
761.4900213384628,-71.0358440457225,-71.0358440457225
761.5000213384628,-71.04025973307077,-71.04025973307077
761.5100213384628,-71.04467946083544,-71.04467946083544
761.5200213384628,-71.04910321517428,-71.04910321517428
761.5300213384628,-71.05353098212187,-71.05353098212187
761.5400213384628,-71.05796274761487,-71.05796274761487
761.5500213384628,-71.06239849746878,-71.06239849746878
761.5600213384628,-71.06683821740724,-71.06683821740724
761.5700213384629,-71.07128189303413,-71.07128189303413
761.5800213384629,-71.07572950986938,-71.07572950986938
761.5900213384629,-71.08018105331622,-71.08018105331622
761.6000213623047,-71.08463651930067,-71.08463651930067
761.6100213623047,-71.08909587185367,-71.08909587185367
761.6200213623047,-71.09355910667303,-71.09355910667303
761.6300213623047,-71.09802620880215,-71.09802620880215
761.6400213623047,-71.10249716318708,-71.10249716318708
761.6500213623046,-71.10697195469714,-71.10697195469714
761.6600213623046,-71.11145056810996,-71.11145056810996
761.6700213623047,-71.11593298811668,-71.11593298811668
761.6800213623047,-71.1204191993388,-71.1204191993388
761.6900213623047,-71.12490918631708,-71.12490918631708
761.7000213623047,-71.12940293350452,-71.12940293350452
761.7100213623047,-71.13389422182364,-71.13389422182364
761.7200213623047,-71.13838031647771,-71.13838031647771
761.7300213623047,-71.14285987573332,-71.14285987573332
761.7400213623047,-71.14733220278208,-71.14733220278208
761.7500213623047,-71.15179696015966,-71.15179696015966
761.7600213623047,-71.1562540214856,-71.1562540214856
761.7700213623046,-71.16070338452022,-71.16070338452022
761.7800213623046,-71.16514511897826,-71.16514511897826
761.7900213623047,-71.16957933511596,-71.16957933511596
761.8000213623047,-71.17400616491132,-71.17400616491132
761.8100213623047,-71.17842575079925,-71.17842575079925
761.8200213623047,-71.18283823909049,-71.18283823909049
761.8300213623047,-71.18724377616785,-71.18724377616785
761.8400213623047,-71.19164250641818,-71.19164250641818
761.8500213623047,-71.19603457117499,-71.19603457117499
761.8600213623047,-71.20042010828922,-71.20042010828922
761.8700213623047,-71.20479925206506,-71.20479925206506
761.8800213623047,-71.20917213338082,-71.20917213338082
761.8900213623047,-71.21353887991918,-71.21353887991918
761.9000213623046,-71.2178996164296,-71.2178996164296
761.9100213623046,-71.22225446502813,-71.22225446502813
761.9200213623047,-71.2266035454303,-71.2266035454303
761.9300213623047,-71.23094697522971,-71.23094697522971
761.9400213623047,-71.2352848701017,-71.2352848701017
761.9500213623047,-71.23961734399504,-71.23961734399504
761.9600213623047,-71.24393829638223,-71.24393829638223
761.9700213623047,-71.24824511509154,-71.24824511509154
761.9800213623047,-71.25253658198373,-71.25253658198373
761.9900213623047,-71.25681212369449,-71.25681212369449
762.0000213623047,-71.26107152574548,-71.26107152574548
762.0100213623047,-71.26531478410793,-71.26531478410793
762.0200213623046,-71.26954201817965,-71.26954201817965
762.0300213623046,-71.27375341856363,-71.27375341856363
762.0400213623047,-71.27794921564545,-71.27794921564545
762.0500213623047,-71.28212966075579,-71.28212966075579
762.0600213623047,-71.28629501491125,-71.28629501491125
762.0700213623047,-71.29044554222463,-71.29044554222463
762.0800213623047,-71.29458150611791,-71.29458150611791
762.0900213623047,-71.29870316722015,-71.29870316722015
762.1000213623047,-71.30281078233783,-71.30281078233783
762.1100213623047,-71.30690460400672,-71.30690460400672
762.1200213623047,-71.31098488041314,-71.31098488041314
762.1300213623047,-71.31505185552254,-71.31505185552254
762.1400213623047,-71.31910576927477,-71.31910576927477
762.1500213623046,-71.32314685787631,-71.32314685787631
762.1600213623046,-71.32717535404966,-71.32717535404966
762.1700213623047,-71.33119148729179,-71.33119148729179
762.1800213623047,-71.33519548411066,-71.33519548411066
762.1900213623047,-71.33918756824302,-71.33918756824302
762.2000213623047,-71.34316796081346,-71.34316796081346
762.2100213623047,-71.34713688050194,-71.34713688050194
762.2200213623047,-71.35109454368039,-71.35109454368039
762.2300213623047,-71.355041164506,-71.355041164506
762.2400213623047,-71.35897695502905,-71.35897695502905
762.2500213623047,-71.3629021252473,-71.3629021252473
762.2600213623047,-71.36681688317367,-71.36681688317367
762.2700213623046,-71.3707214348841,-71.3707214348841
762.2800213623046,-71.37461598453831,-71.37461598453831
762.2900213623047,-71.37850073443052,-71.37850073443052
762.3000213623047,-71.38237588499366,-71.38237588499366
762.3100213623047,-71.38624163481799,-71.38624163481799
762.3200213623047,-71.39009818064105,-71.39009818064105
762.3300213623047,-71.39394571739558,-71.39394571739558
762.3400213623047,-71.3977844381643,-71.3977844381643
762.3500213623047,-71.40161453421052,-71.40161453421052
762.3600213623047,-71.40543619496127,-71.40543619496127
762.3700213623047,-71.40924960800518,-71.40924960800518
762.3800213623047,-71.41305495910314,-71.41305495910314
762.3900213623047,-71.41685243215795,-71.41685243215795
762.4000213623046,-71.42064220922022,-71.42064220922022
762.4100213623046,-71.42442447048117,-71.42442447048117
762.4200213623047,-71.42819939427211,-71.42819939427211
762.4300213623047,-71.43196715705146,-71.43196715705146
762.4400213623047,-71.43572793339395,-71.43572793339395
762.4500213861465,-71.43948190494206,-71.43948190494206
762.4600213861465,-71.44322922461465,-71.44322922461465
762.4700213861465,-71.44697007028047,-71.44697007028047
762.4800213861465,-71.45070460896945,-71.45070460896945
762.4900213861465,-71.4544330058058,-71.4544330058058
762.5000213861465,-71.45815542402478,-71.45815542402478
762.5100213861465,-71.46187202494566,-71.46187202494566
762.5200213861466,-71.46558296799945,-71.46558296799945
762.5300213861466,-71.46928841071285,-71.46928841071285
762.5400213861466,-71.47298850870912,-71.47298850870912
762.5500213861466,-71.47668341571733,-71.47668341571733
762.5600213861466,-71.48037328356143,-71.48037328356143
762.5700213861465,-71.48405826218261,-71.48405826218261
762.5800213861465,-71.48773849961992,-71.48773849961992
762.5900213861465,-71.49141414203453,-71.49141414203453
762.6000213861465,-71.49508533371096,-71.49508533371096
762.6100213861465,-71.49875221705997,-71.49875221705997
762.6200213861465,-71.50241493261012,-71.50241493261012
762.6300213861465,-71.50607361904238,-71.50607361904238
762.6400213861466,-71.50972841316887,-71.50972841316887
762.6500213861466,-71.51337944998498,-71.51337944998498
762.6600213861466,-71.51702686261729,-71.51702686261729
762.6700213861466,-71.5206707823821,-71.5206707823821
762.6800213861466,-71.5243113387715,-71.5243113387715
762.6900213861466,-71.52794865947739,-71.52794865947739
762.7000213861465,-71.53158287038163,-71.53158287038163
762.7100213861465,-71.53521409559245,-71.53521409559245
762.7200213861465,-71.53884245744085,-71.53884245744085
762.7300213861465,-71.54246807648846,-71.54246807648846
762.7400213861465,-71.5460910715475,-71.5460910715475
762.7500213861465,-71.54971155969038,-71.54971155969038
762.7600213861465,-71.55332965627065,-71.55332965627065
762.7700213861466,-71.55694547491623,-71.55694547491623
762.7800213861466,-71.56055912757647,-71.56055912757647
762.7900213861466,-71.56417072449284,-71.56417072449284
762.8000213861466,-71.56778037425185,-71.56778037425185
762.8100213861466,-71.57138818376073,-71.57138818376073
762.8200213861465,-71.57499425830575,-71.57499425830575
762.8300213861465,-71.57859870152534,-71.57859870152534
762.8400213861465,-71.58220161546186,-71.58220161546186
762.8500213861465,-71.58580310054057,-71.58580310054057
762.8600213861465,-71.58940325561063,-71.58940325561063
762.8700213861465,-71.59300217795246,-71.59300217795246
762.8800213861465,-71.59659996328355,-71.59659996328355
762.8900213861466,-71.60019670577773,-71.60019670577773
762.9000213861466,-71.60379249810029,-71.60379249810029
762.9100213861466,-71.60738743140458,-71.60738743140458
762.9200213861466,-71.61098159533184,-71.61098159533184
762.9300213861466,-71.61457507805996,-71.61457507805996
762.9400213861466,-71.61816796630924,-71.61816796630924
762.9500213861465,-71.62176034534033,-71.62176034534033
762.9600213861465,-71.62535229899045,-71.62535229899045
762.9700213861465,-71.62894390967473,-71.62894390967473
762.9800213861465,-71.63253525841793,-71.63253525841793
762.9900213861465,-71.63612642484439,-71.63612642484439
763.0000213861465,-71.63971748722227,-71.63971748722227
763.0100213861465,-71.64330852246331,-71.64330852246331
763.0200213861466,-71.64689960613273,-71.64689960613273
763.0300213861466,-71.65049081248333,-71.65049081248333
763.0400213861466,-71.65408221446101,-71.65408221446101
763.0500213861466,-71.65767388371388,-71.65767388371388
763.0600213861466,-71.66126589061386,-71.66126589061386
763.0700213861465,-71.66485830427709,-71.66485830427709
763.0800213861465,-71.66845119256418,-71.66845119256418
763.0900213861465,-71.6720446221169,-71.6720446221169
763.1000213861465,-71.67563865835257,-71.67563865835257
763.1100213861465,-71.67923336549043,-71.67923336549043
763.1200213861465,-71.68282880656197,-71.68282880656197
763.1300213861465,-71.68642504342877,-71.68642504342877
763.1400213861466,-71.6900221367947,-71.6900221367947
763.1500213861466,-71.6936201462259,-71.6936201462259
763.1600213861466,-71.6972191301628,-71.6972191301628
763.1700213861466,-71.70081914591822,-71.70081914591822
763.1800213861466,-71.70442024972155,-71.70442024972155
763.1900213861466,-71.70802249671505,-71.70802249671505
763.2000213861465,-71.71162594096008,-71.71162594096008
763.2100213861465,-71.71523063548337,-71.71523063548337
763.2200213861465,-71.71883663224807,-71.71883663224807
763.2300213861465,-71.72244398219709,-71.72244398219709
763.2400213861465,-71.72605273525592,-71.72605273525592
763.2500213861465,-71.72966294035497,-71.72966294035497
763.2600213861465,-71.73327464542642,-71.73327464542642
763.2700213861466,-71.73688789743176,-71.73688789743176
763.2800213861466,-71.74050274237933,-71.74050274237933
763.2900213861466,-71.74411922531779,-71.74411922531779
763.3000214099884,-71.7477373989795,-71.7477373989795
763.3100214099884,-71.751357289336,-71.751357289336
763.3200214099884,-71.75497894727151,-71.75497894727151
763.3300214099884,-71.75860241416476,-71.75860241416476
763.3400214099884,-71.76222773052055,-71.76222773052055
763.3500214099884,-71.765854935968,-71.765854935968
763.3600214099883,-71.76948406926668,-71.76948406926668
763.3700214099885,-71.77311516832863,-71.77311516832863
763.3800214099884,-71.77674827023897,-71.77674827023897
763.3900214099884,-71.7803834112486,-71.7803834112486
763.4000214099884,-71.78402062679787,-71.78402062679787
763.4100214099884,-71.78765995151349,-71.78765995151349
763.4200214099884,-71.79130141924334,-71.79130141924334
763.4300214099884,-71.79494506305896,-71.79494506305896
763.4400214099884,-71.79859091524587,-71.79859091524587
763.4500214099884,-71.80223900734232,-71.80223900734232
763.4600214099884,-71.80588937014392,-71.80588937014392
763.4700214099884,-71.80954203369798,-71.80954203369798
763.4800214099884,-71.81319702734342,-71.81319702734342
763.4900214099885,-71.81685437968066,-71.81685437968066
763.5000214099884,-71.82051411862531,-71.82051411862531
763.5100214099884,-71.82417627138796,-71.82417627138796
763.5200214099884,-71.82784086450266,-71.82784086450266
763.5300214099884,-71.83150792381481,-71.83150792381481
763.5400214099884,-71.83517747451498,-71.83517747451498
763.5500214099884,-71.83884954114285,-71.83884954114285
763.5600214099884,-71.84252414758193,-71.84252414758193
763.5700214099884,-71.84620131708093,-71.84620131708093
763.5800214099884,-71.84988107227232,-71.84988107227232
763.5900214099884,-71.85356343515525,-71.85356343515525
763.6000214099884,-71.85724842713533,-71.85724842713533
763.6100214099883,-71.86093606900884,-71.86093606900884
763.6200214099885,-71.86462638098946,-71.86462638098946
763.6300214099884,-71.86831938270247,-71.86831938270247
763.6400214099884,-71.87201509320333,-71.87201509320333
763.6500214099884,-71.87571353098146,-71.87571353098146
763.6600214099884,-71.87941471397274,-71.87941471397274
763.6700214099884,-71.88311865956622,-71.88311865956622
763.6800214099884,-71.88682538460415,-71.88682538460415
763.6900214099884,-71.8905349054016,-71.8905349054016
763.7000214099884,-71.89424723775787,-71.89424723775787
763.7100214099884,-71.8979623969388,-71.8979623969388
763.7200214099884,-71.90168039772213,-71.90168039772213
763.7300214099884,-71.9054012543663,-71.9054012543663
763.7400214099885,-71.90912498065808,-71.90912498065808
763.7500214099884,-71.91285158988563,-71.91285158988563
763.7600214099884,-71.91658109487376,-71.91658109487376
763.7700214099884,-71.92031350795499,-71.92031350795499
763.7800214099884,-71.92404884101164,-71.92404884101164
763.7900214099884,-71.92778710547474,-71.92778710547474
763.8000214099884,-71.93152831231606,-71.93152831231606
763.8100214099884,-71.93527247206376,-71.93527247206376
763.8200214099884,-71.93901959482265,-71.93901959482265
763.8300214099884,-71.94276969026451,-71.94276969026451
763.8400214099884,-71.9465227676372,-71.9465227676372
763.8500214099884,-71.95027883577222,-71.95027883577222
763.8600214099883,-71.95403790309113,-71.95403790309113
763.8700214099885,-71.95779997761068,-71.95779997761068
763.8800214099884,-71.96156506696148,-71.96156506696148
763.8900214099884,-71.96533317838085,-71.96533317838085
763.9000214099884,-71.96910431871996,-71.96910431871996
763.9100214099884,-71.9728784944482,-71.9728784944482
763.9200214099884,-71.97665571167289,-71.97665571167289
763.9300214099884,-71.98043597611849,-71.98043597611849
763.9400214099884,-71.98421929315906,-71.98421929315906
763.9500214099884,-71.9880056678172,-71.9880056678172
763.9600214099884,-71.99179510476654,-71.99179510476654
763.9700214099884,-71.99558760832639,-71.99558760832639
763.9800214099884,-71.99938318248338,-71.99938318248338
763.9900214099885,-72.0031818308917,-72.0031818308917
764.0000214099884,-72.00698355688574,-72.00698355688574
764.0100214099884,-72.01078836346304,-72.01078836346304
764.0200214099884,-72.0145962533135,-72.0145962533135
764.0300214099884,-72.01840722881069,-72.01840722881069
764.0400214099884,-72.02222129202232,-72.02222129202232
764.0500214099884,-72.0260384447203,-72.0260384447203
764.0600214099884,-72.02985868836447,-72.02985868836447
764.0700214099884,-72.03368202413617,-72.03368202413617
764.0800214099884,-72.03750845292001,-72.03750845292001
764.0900214099884,-72.04133797532573,-72.04133797532573
764.1000214099884,-72.04517059166966,-72.04517059166966
764.1100214099883,-72.04900630200933,-72.04900630200933
764.1200214099885,-72.05284510612431,-72.05284510612431
764.1300214099884,-72.05668700354191,-72.05668700354191
764.1400214099884,-72.06053199350444,-72.06053199350444
764.1500214338303,-72.06438008417973,-72.06438008417973
764.1600214338303,-72.06823125601672,-72.06823125601672
764.1700214338302,-72.07208551663759,-72.07208551663759
764.1800214338302,-72.07594286430958,-72.07594286430958
764.1900214338302,-72.07980329704927,-72.07980329704927
764.2000214338302,-72.0836668126368,-72.0836668126368
764.2100214338302,-72.08753340861185,-72.08753340861185
764.2200214338303,-72.09140308229271,-72.09140308229271
764.2300214338303,-72.0952758307911,-72.0952758307911
764.2400214338303,-72.0991516509634,-72.0991516509634
764.2500214338303,-72.1030305394766,-72.1030305394766
764.2600214338303,-72.10691249276238,-72.10691249276238
764.2700214338303,-72.11079750705599,-72.11079750705599
764.2800214338303,-72.11468557838961,-72.11468557838961
764.2900214338302,-72.11857670258613,-72.11857670258613
764.3000214338302,-72.12247087527265,-72.12247087527265
764.3100214338302,-72.12636809187788,-72.12636809187788
764.3200214338302,-72.13026834763478,-72.13026834763478
764.3300214338302,-72.13417163759289,-72.13417163759289
764.3400214338303,-72.13807795661243,-72.13807795661243
764.3500214338303,-72.14198729938119,-72.14198729938119
764.3600214338303,-72.14589966038439,-72.14589966038439
764.3700214338303,-72.14981503395798,-72.14981503395798
764.3800214338303,-72.15373341425048,-72.15373341425048
764.3900214338303,-72.15765479524221,-72.15765479524221
764.4000214338303,-72.16157917073808,-72.16157917073808
764.4100214338303,-72.16550653439805,-72.16550653439805
764.4200214338302,-72.16943687970095,-72.16943687970095
764.4300214338302,-72.17337019997431,-72.17337019997431
764.4400214338302,-72.17730648840093,-72.17730648840093
764.4500214338302,-72.181245737991,-72.181245737991
764.4600214338302,-72.1851816446089,-72.1851816446089
764.4700214338303,-72.18911144001632,-72.18911144001632
764.4800214338303,-72.19303376972275,-72.19303376972275
764.4900214338303,-72.19694793369628,-72.19694793369628
764.5000214338303,-72.20085359658023,-72.20085359658023
764.5100214338303,-72.20475063722178,-72.20475063722178
764.5200214338303,-72.20863906046623,-72.20863906046623
764.5300214338303,-72.21251894419976,-72.21251894419976
764.5400214338302,-72.21639040747074,-72.21639040747074
764.5500214338302,-72.220253591368,-72.220253591368
764.5600214338302,-72.22410864764363,-72.22410864764363
764.5700214338302,-72.2279557319826,-72.2279557319826
764.5800214338302,-72.23179500016714,-72.23179500016714
764.5900214338303,-72.23562660594592,-72.23562660594592
764.6000214338303,-72.23945069999256,-72.23945069999256
764.6100214338303,-72.24326742943838,-72.24326742943838
764.6200214338303,-72.24707693778745,-72.24707693778745
764.6300214338303,-72.25087936507606,-72.25087936507606
764.6400214338303,-72.25467484808156,-72.25467484808156
764.6500214338303,-72.25846352058834,-72.25846352058834
764.6600214338303,-72.26224551367937,-72.26224551367937
764.6700214338302,-72.26602095599026,-72.26602095599026
764.6800214338302,-72.26978997395615,-72.26978997395615
764.6900214338302,-72.27355269206288,-72.27355269206288
764.7000214338302,-72.2773092329805,-72.2773092329805
764.7100214338302,-72.2810597177877,-72.2810597177877
764.7200214338303,-72.28480426607189,-72.28480426607189
764.7300214338303,-72.2885429960794,-72.2885429960794
764.7400214338303,-72.29227602477087,-72.29227602477087
764.7500214338303,-72.2960034679412,-72.2960034679412
764.7600214338303,-72.29972544027957,-72.29972544027957
764.7700214338303,-72.30344205540058,-72.30344205540058
764.7800214338303,-72.30715342590774,-72.30715342590774
764.7900214338302,-72.31085966341557,-72.31085966341557
764.8000214338302,-72.3145608785836,-72.3145608785836
764.8100214338302,-72.3182571811276,-72.3182571811276
764.8200214338302,-72.3219486798322,-72.3219486798322
764.8300214338302,-72.32563548257566,-72.32563548257566
764.8400214338303,-72.32931769629772,-72.32931769629772
764.8500214338303,-72.33299542705672,-72.33299542705672
764.8600214338303,-72.33666877997817,-72.33666877997817
764.8700214338303,-72.3403378592721,-72.3403378592721
764.8800214338303,-72.34400276824438,-72.34400276824438
764.8900214338303,-72.34766360926089,-72.34766360926089
764.9000214338303,-72.35132048376339,-72.35132048376339
764.9100214338303,-72.35497349226016,-72.35497349226016
764.9200214338302,-72.35862273431252,-72.35862273431252
764.9300214338302,-72.36226830853185,-72.36226830853185
764.9400214338302,-72.365910312575,-72.365910312575
764.9500214338302,-72.36954884313074,-72.36954884313074
764.9600214338302,-72.37318399591442,-72.37318399591442
764.9700214338303,-72.37681586565252,-72.37681586565252
764.9800214338303,-72.3804445461245,-72.3804445461245
764.9900214338303,-72.3840701300717,-72.3840701300717
765.0000214576721,-72.38769271788607,-72.38769271788607
765.0100214576721,-72.39131238308435,-72.39131238308435
765.0200214576721,-72.39492922403004,-72.39492922403004
765.0300214576721,-72.39854332947729,-72.39854332947729
765.0400214576721,-72.40215478714235,-72.40215478714235
765.0500214576721,-72.40576368374253,-72.40576368374253
765.0600214576721,-72.40937010495313,-72.40937010495313
765.0700214576722,-72.41297413543622,-72.41297413543622
765.0800214576722,-72.4165758588244,-72.4165758588244
765.0900214576722,-72.4201753577233,-72.4201753577233
765.1000214576721,-72.42377271371522,-72.42377271371522
765.1100214576721,-72.42736800733668,-72.42736800733668
765.1200214576721,-72.43096131811369,-72.43096131811369
765.1300214576721,-72.43455272452411,-72.43455272452411
765.1400214576721,-72.43814230403706,-72.43814230403706
765.1500214576721,-72.44173013308857,-72.44173013308857
765.1600214576721,-72.44531628709206,-72.44531628709206
765.1700214576721,-72.4489008404281,-72.4489008404281
765.1800214576721,-72.4524838664743,-72.4524838664743
765.1900214576722,-72.45606543758075,-72.45606543758075
765.2000214576722,-72.4596456250911,-72.4596456250911
765.2100214576722,-72.46322449933528,-72.46322449933528
765.2200214576721,-72.46680212963936,-72.46680212963936
765.2300214576721,-72.47037858432347,-72.47037858432347
765.2400214576721,-72.47395393071649,-72.47395393071649
765.2500214576721,-72.47752823516103,-72.47752823516103
765.2600214576721,-72.48110156301193,-72.48110156301193
765.2700214576721,-72.48467397862768,-72.48467397862768
765.2800214576721,-72.48824554540967,-72.48824554540967
765.2900214576721,-72.49181632578724,-72.49181632578724
765.3000214576721,-72.49538638122895,-72.49538638122895
765.3100214576721,-72.49895577223873,-72.49895577223873
765.3200214576722,-72.5025245583784,-72.5025245583784
765.3300214576722,-72.50609279826135,-72.50609279826135
765.3400214576722,-72.50966054957118,-72.50966054957118
765.3500214576721,-72.513227869058,-72.513227869058
765.3600214576721,-72.51679481255528,-72.51679481255528
765.3700214576721,-72.5203614349789,-72.5203614349789
765.3800214576721,-72.52392779034645,-72.52392779034645
765.3900214576721,-72.52749393175955,-72.52749393175955
765.4000214576721,-72.53105991144805,-72.53105991144805
765.4100214576721,-72.5346257807534,-72.5346257807534
765.4200214576721,-72.53819159012666,-72.53819159012666
765.4300214576721,-72.54175738917066,-72.54175738917066
765.4400214576722,-72.54532322662509,-72.54532322662509
765.4500214576722,-72.54888915037475,-72.54888915037475
765.4600214576722,-72.55245520747536,-72.55245520747536
765.4700214576721,-72.55602144412492,-72.55602144412492
765.4800214576721,-72.5595879057153,-72.5595879057153
765.4900214576721,-72.56315463681513,-72.56315463681513
765.5000214576721,-72.56672168118271,-72.56672168118271
765.5100214576721,-72.57028908177827,-72.57028908177827
765.5200214576721,-72.57385688077474,-72.57385688077474
765.5300214576721,-72.57742511955385,-72.57742511955385
765.5400214576721,-72.58099383872202,-72.58099383872202
765.5500214576721,-72.58456307812862,-72.58456307812862
765.5600214576721,-72.58813287685807,-72.58813287685807
765.5700214576722,-72.59170327324543,-72.59170327324543
765.5800214576722,-72.59527430489025,-72.59527430489025
765.5900214576722,-72.59884600865503,-72.59884600865503
765.6000214576721,-72.60241842068136,-72.60241842068136
765.6100214576721,-72.60599157639837,-72.60599157639837
765.6200214576721,-72.60956551052465,-72.60956551052465
765.6300214576721,-72.61314025707317,-72.61314025707317
765.6400214576721,-72.61671584938148,-72.61671584938148
765.6500214576721,-72.62029232009915,-72.62029232009915
765.6600214576721,-72.6238697012058,-72.6238697012058
765.6700214576721,-72.62744802400408,-72.62744802400408
765.6800214576721,-72.63102731915315,-72.63102731915315
765.6900214576722,-72.6346076166602,-72.6346076166602
765.7000214576722,-72.63818894588906,-72.63818894588906
765.7100214576722,-72.641771335576,-72.641771335576
765.7200214576721,-72.64535481382673,-72.64535481382673
765.7300214576721,-72.64893940813896,-72.64893940813896
765.7400214576721,-72.65252514539414,-72.65252514539414
765.7500214576721,-72.65611205187363,-72.65611205187363
765.7600214576721,-72.65970015327422,-72.65970015327422
765.7700214576721,-72.66328947470038,-72.66328947470038
765.7800214576721,-72.66688004068928,-72.66688004068928
765.7900214576721,-72.67047187519616,-72.67047187519616
765.8000214576721,-72.6740650016181,-72.6740650016181
765.8100214576721,-72.67765944280181,-72.67765944280181
765.8200214576722,-72.68125522103992,-72.68125522103992
765.8300214576722,-72.68485235809634,-72.68485235809634
765.8400214576722,-72.6884508751971,-72.6884508751971
765.850021481514,-72.69205080161949,-72.69205080161949
765.860021481514,-72.69565214040844,-72.69565214040844
765.870021481514,-72.69925491979656,-72.69925491979656
765.880021481514,-72.70285915895242,-72.70285915895242
765.8900214815139,-72.70646487655578,-72.70646487655578
765.9000214815139,-72.7100720907892,-72.7100720907892
765.9100214815139,-72.71368081935087,-72.71368081935087
765.920021481514,-72.71729107946585,-72.71729107946585
765.930021481514,-72.72090288789849,-72.72090288789849
765.940021481514,-72.72451626093809,-72.72451626093809
765.950021481514,-72.72813121441693,-72.72813121441693
765.960021481514,-72.7317477637264,-72.7317477637264
765.970021481514,-72.73536592381673,-72.73536592381673
765.980021481514,-72.73898570919346,-72.73898570919346
765.990021481514,-72.74260713393642,-72.74260713393642
766.000021481514,-72.74623021169624,-72.74623021169624
766.010021481514,-72.74985495571383,-72.74985495571383
766.0200214815139,-72.75348137881441,-72.75348137881441
766.0300214815139,-72.75710949340767,-72.75710949340767
766.040021481514,-72.76073931152094,-72.76073931152094
766.050021481514,-72.76437084477513,-72.76437084477513
766.060021481514,-72.76800410441056,-72.76800410441056
766.070021481514,-72.77163910127805,-72.77163910127805
766.080021481514,-72.7752758458562,-72.7752758458562
766.090021481514,-72.77891434825477,-72.77891434825477
766.100021481514,-72.782554618203,-72.782554618203
766.110021481514,-72.78619666509213,-72.78619666509213
766.120021481514,-72.78984049794485,-72.78984049794485
766.130021481514,-72.7934861254386,-72.7934861254386
766.1400214815139,-72.79713355590472,-72.79713355590472
766.1500214815139,-72.80078279734067,-72.80078279734067
766.1600214815139,-72.80443385739603,-72.80443385739603
766.170021481514,-72.80808674340255,-72.80808674340255
766.180021481514,-72.81174146237802,-72.81174146237802
766.190021481514,-72.81539802100498,-72.81539802100498
766.200021481514,-72.81905642565314,-72.81905642565314
766.210021481514,-72.82271668239379,-72.82271668239379
766.220021481514,-72.82637879698738,-72.82637879698738
766.230021481514,-72.83004277489607,-72.83004277489607
766.240021481514,-72.83370862128183,-72.83370862128183
766.250021481514,-72.83737634102646,-72.83737634102646
766.260021481514,-72.84104593872168,-72.84104593872168
766.2700214815139,-72.84471741866656,-72.84471741866656
766.2800214815139,-72.84839078490542,-72.84839078490542
766.290021481514,-72.85206604118991,-72.85206604118991
766.300021481514,-72.85574319101832,-72.85574319101832
766.310021481514,-72.85942223762096,-72.85942223762096
766.320021481514,-72.86310318395661,-72.86310318395661
766.330021481514,-72.86678603273441,-72.86678603273441
766.340021481514,-72.87047078642398,-72.87047078642398
766.350021481514,-72.87415744723782,-72.87415744723782
766.360021481514,-72.87784601713841,-72.87784601713841
766.370021481514,-72.8815364978658,-72.8815364978658
766.380021481514,-72.88522889089971,-72.88522889089971
766.3900214815139,-72.88892319750843,-72.88892319750843
766.4000214815139,-72.89261941872233,-72.89261941872233
766.4100214815139,-72.89631755534705,-72.89631755534705
766.420021481514,-72.90001760797198,-72.90001760797198
766.430021481514,-72.90371957697599,-72.90371957697599
766.440021481514,-72.90742346249951,-72.90742346249951
766.450021481514,-72.91112926449068,-72.91112926449068
766.460021481514,-72.91483698269607,-72.91483698269607
766.470021481514,-72.91854661664419,-72.91854661664419
766.480021481514,-72.92225816567164,-72.92225816567164
766.490021481514,-72.92597162891786,-72.92597162891786
766.500021481514,-72.92968700532285,-72.92968700532285
766.510021481514,-72.93340429364106,-72.93340429364106
766.5200214815139,-72.93712349244383,-72.93712349244383
766.5300214815139,-72.94084460010889,-72.94084460010889
766.540021481514,-72.94456761483431,-72.94456761483431
766.550021481514,-72.94829253465392,-72.94829253465392
766.560021481514,-72.95201935740648,-72.95201935740648
766.570021481514,-72.95574808077454,-72.95574808077454
766.580021481514,-72.95947870226279,-72.95947870226279
766.590021481514,-72.96321121921717,-72.96321121921717
766.600021481514,-72.96694562881885,-72.96694562881885
766.610021481514,-72.97068192807419,-72.97068192807419
766.620021481514,-72.97442011385283,-72.97442011385283
766.630021481514,-72.97816018285418,-72.97816018285418
766.6400214815139,-72.98190213163609,-72.98190213163609
766.6500214815139,-72.98564595659958,-72.98564595659958
766.6600214815139,-72.98939165399946,-72.98939165399946
766.670021481514,-72.99313921994303,-72.99313921994303
766.680021481514,-72.99688865040675,-72.99688865040675
766.690021481514,-73.00063994122033,-73.00063994122033
766.7000215053558,-73.00439309701133,-73.00439309701133
766.7100215053558,-73.00814172442756,-73.00814172442756
766.7200215053558,-73.01188303313818,-73.01188303313818
766.7300215053558,-73.01561565376511,-73.01561565376511
766.7400215053558,-73.0193388788977,-73.0193388788977
766.7500215053558,-73.02305237000684,-73.02305237000684
766.7600215053558,-73.02675600528333,-73.02675600528333
766.7700215053559,-73.03044979042514,-73.03044979042514
766.7800215053559,-73.03413380516037,-73.03413380516037
766.7900215053559,-73.03780817096829,-73.03780817096829
766.8000215053559,-73.0414730317723,-73.0414730317723
766.8100215053558,-73.04512854241499,-73.04512854241499
766.8200215053558,-73.04877486186385,-73.04877486186385
766.8300215053558,-73.0524121493061,-73.0524121493061
766.8400215053558,-73.05604056202921,-73.05604056202921
766.8500215053558,-73.05966025430376,-73.05966025430376
766.8600215053558,-73.06327137693727,-73.06327137693727
766.8700215053558,-73.06687407721405,-73.06687407721405
766.8800215053558,-73.07046849896695,-73.07046849896695
766.8900215053559,-73.07405478284205,-73.07405478284205
766.9000215053559,-73.07763306655171,-73.07763306655171
766.9100215053559,-73.08120348514865,-73.08120348514865
766.9200215053559,-73.08476617129156,-73.08476617129156
766.9300215053559,-73.08832125549706,-73.08832125549706
766.9400215053558,-73.09186886634575,-73.09186886634575
766.9500215053558,-73.09540913068926,-73.09540913068926
766.9600215053558,-73.09893579525261,-73.09893579525261
766.9700215053558,-73.10244618614207,-73.10244618614207
766.9800215053558,-73.10593905998822,-73.10593905998822
766.9900215053558,-73.10941383511623,-73.10941383511623
767.0000215053558,-73.11287029819422,-73.11287029819422
767.0100215053558,-73.11630845192515,-73.11630845192515
767.0200215053559,-73.1197284258215,-73.1197284258215
767.0300215053559,-73.12313042265299,-73.12313042265299
767.0400215053559,-73.12651468618732,-73.12651468618732
767.0500215053559,-73.12988148187665,-73.12988148187665
767.0600215053558,-73.13323108532897,-73.13323108532897
767.0700215053558,-73.13656377549377,-73.13656377549377
767.0800215053558,-73.13987983080791,-73.13987983080791
767.0900215053558,-73.14317952699658,-73.14317952699658
767.1000215053558,-73.14646313602354,-73.14646313602354
767.1100215053558,-73.14973092558805,-73.14973092558805
767.1200215053558,-73.15298315907651,-73.15298315907651
767.1300215053558,-73.15622009562644,-73.15622009562644
767.1400215053559,-73.15944199038333,-73.15944199038333
767.1500215053559,-73.16264909472453,-73.16264909472453
767.1600215053559,-73.16584165654977,-73.16584165654977
767.1700215053559,-73.1690199205056,-73.1690199205056
767.1800215053559,-73.17218412824832,-73.17218412824832
767.1900215053558,-73.17533451861823,-73.17533451861823
767.2000215053558,-73.17847132787035,-73.17847132787035
767.2100215053558,-73.18159478975959,-73.18159478975959
767.2200215053558,-73.18470513571255,-73.18470513571255
767.2300215053558,-73.18780259493205,-73.18780259493205
767.2400215053558,-73.1908873944672,-73.1908873944672
767.2500215053558,-73.19395975929422,-73.19395975929422
767.2600215053558,-73.19701991235807,-73.19701991235807
767.2700215053559,-73.20006807463973,-73.20006807463973
767.2800215053559,-73.2031044651697,-73.2031044651697
767.2900215053559,-73.20612930105943,-73.20612930105943
767.3000215053559,-73.20914279751076,-73.20914279751076
767.3100215053558,-73.21214516783589,-73.21214516783589
767.3200215053558,-73.21513662347701,-73.21513662347701
767.3300215053558,-73.21811737397385,-73.21811737397385
767.3400215053558,-73.22108762699368,-73.22108762699368
767.3500215053558,-73.22404758832133,-73.22404758832133
767.3600215053558,-73.22699746183913,-73.22699746183913
767.3700215053558,-73.22993744954513,-73.22993744954513
767.3800215053558,-73.23286775153375,-73.23286775153375
767.3900215053559,-73.23578856598061,-73.23578856598061
767.4000215053559,-73.23870008915424,-73.23870008915424
767.4100215053559,-73.24160251539458,-73.24160251539458
767.4200215053559,-73.24449603709651,-73.24449603709651
767.4300215053559,-73.2473808447372,-73.2473808447372
767.4400215053558,-73.25025712682931,-73.25025712682931
767.4500215053558,-73.2531250699382,-73.2531250699382
767.4600215053558,-73.25598485866418,-73.25598485866418
767.4700215053558,-73.25883667564288,-73.25883667564288
767.4800215053558,-73.26168070154317,-73.26168070154317
767.4900215053558,-73.26451711506195,-73.26451711506195
767.5000215053558,-73.26734609291911,-73.26734609291911
767.5100215053558,-73.27016780985159,-73.27016780985159
767.5200215053559,-73.27298243862073,-73.27298243862073
767.5300215053559,-73.27579015000649,-73.27579015000649
767.5400215053559,-73.2785911128116,-73.2785911128116
767.5500215291977,-73.281385500508,-73.281385500508
767.5600215291977,-73.28417346461805,-73.28417346461805
767.5700215291977,-73.28695517467357,-73.28695517467357
767.5800215291977,-73.28973079157281,-73.28973079157281
767.5900215291977,-73.29250047424438,-73.29250047424438
767.6000215291976,-73.29526437965245,-73.29526437965245
767.6100215291976,-73.29802266281435,-73.29802266281435
767.6200215291977,-73.30077547679035,-73.30077547679035
767.6300215291977,-73.30352297268828,-73.30352297268828
767.6400215291977,-73.30626529969051,-73.30626529969051
767.6500215291977,-73.30900260504536,-73.30900260504536
767.6600215291977,-73.31173503407801,-73.31173503407801
767.6700215291977,-73.31446273020619,-73.31446273020619
767.6800215291977,-73.31718583495235,-73.31718583495235
767.6900215291977,-73.31990448793921,-73.31990448793921
767.7000215291977,-73.32261882690918,-73.32261882690918
767.7100215291977,-73.3253225912902,-73.3253225912902
767.7200215291977,-73.32801311087444,-73.32801311087444
767.7300215291976,-73.3306891498652,-73.3306891498652
767.7400215291977,-73.33335013556876,-73.33335013556876
767.7500215291977,-73.3359958640336,-73.3359958640336
767.7600215291977,-73.33862634722344,-73.33862634722344
767.7700215291977,-73.34124172347725,-73.34124172347725
767.7800215291977,-73.343842203714,-73.343842203714
767.7900215291977,-73.34642803909603,-73.34642803909603
767.8000215291977,-73.3489995016219,-73.3489995016219
767.8100215291977,-73.35155687255907,-73.35155687255907
767.8200215291977,-73.35410043562983,-73.35410043562983
767.8300215291977,-73.35663047312096,-73.35663047312096
767.8400215291977,-73.35914726374324,-73.35914726374324
767.8500215291976,-73.36165108153604,-73.36165108153604
767.8600215291976,-73.3641421954432,-73.3641421954432
767.8700215291977,-73.36662086923903,-73.36662086923903
767.8800215291977,-73.36908736166444,-73.36908736166444
767.8900215291977,-73.37154192665236,-73.37154192665236
767.9000215291977,-73.37398481363044,-73.37398481363044
767.9100215291977,-73.37641626781102,-73.37641626781102
767.9200215291977,-73.37883653046738,-73.37883653046738
767.9300215291977,-73.3812458391948,-73.3812458391948
767.9400215291977,-73.38364442815327,-73.38364442815327
767.9500215291977,-73.38603252826422,-73.38603252826422
767.9600215291977,-73.38841036738974,-73.38841036738974
767.9700215291977,-73.39077817049288,-73.39077817049288
767.9800215291976,-73.39313615975475,-73.39313615975475
767.9900215291977,-73.39548455472041,-73.39548455472041
768.0000215291977,-73.39782357236464,-73.39782357236464
768.0100215291977,-73.40015342717126,-73.40015342717126
768.0200215291977,-73.40247433120861,-73.40247433120861
768.0300215291977,-73.40478649418895,-73.40478649418895
768.0400215291977,-73.40709012351252,-73.40709012351252
768.0500215291977,-73.40938542429782,-73.40938542429782
768.0600215291977,-73.41167259942877,-73.41167259942877
768.0700215291977,-73.4139518495636,-73.4139518495636
768.0800215291977,-73.41622337317024,-73.41622337317024
768.0900215291977,-73.41848736654798,-73.41848736654798
768.1000215291976,-73.42074402382146,-73.42074402382146
768.1100215291976,-73.42299353697614,-73.42299353697614
768.1200215291977,-73.42523609585498,-73.42523609585498
768.1300215291977,-73.42747188818849,-73.42747188818849
768.1400215291977,-73.4297010995702,-73.4297010995702
768.1500215291977,-73.43192391349876,-73.43192391349876
768.1600215291977,-73.43414051135598,-73.43414051135598
768.1700215291977,-73.43635107242393,-73.43635107242393
768.1800215291977,-73.43855577390666,-73.43855577390666
768.1900215291977,-73.44075479090635,-73.44075479090635
768.2000215291977,-73.44294829644765,-73.44294829644765
768.2100215291977,-73.44513646148049,-73.44513646148049
768.2200215291977,-73.44731945489252,-73.44731945489252
768.2300215291976,-73.44949744349334,-73.44949744349334
768.2400215291977,-73.45167059204927,-73.45167059204927
768.2500215291977,-73.45383906327835,-73.45383906327835
768.2600215291977,-73.45600301785595,-73.45600301785595
768.2700215291977,-73.45816261441317,-73.45816261441317
768.2800215291977,-73.46031800956627,-73.46031800956627
768.2900215291977,-73.46246935790475,-73.46246935790475
768.3000215291977,-73.46461681202275,-73.46461681202275
768.3100215291977,-73.46676052249963,-73.46676052249963
768.3200215291977,-73.46890063793488,-73.46890063793488
768.3300215291977,-73.47103730493893,-73.47103730493893
768.3400215291977,-73.47317066817716,-73.47317066817716
768.3500215291976,-73.47530087033209,-73.47530087033209
768.3600215291976,-73.47742805215088,-73.47742805215088
768.3700215291977,-73.4795523524288,-73.4795523524288
768.3800215291977,-73.48167390807608,-73.48167390807608
768.3900215291977,-73.4837928540636,-73.4837928540636
768.4000215530396,-73.48590932850253,-73.48590932850253
768.4100215530395,-73.48802345251643,-73.48802345251643
768.4200215530395,-73.49013536047397,-73.49013536047397
768.4300215530395,-73.4922451798393,-73.4922451798393
768.4400215530395,-73.49435303624044,-73.49435303624044
768.4500215530395,-73.49645905347766,-73.49645905347766
768.4600215530395,-73.49856335352544,-73.49856335352544
768.4700215530396,-73.50066605657295,-73.50066605657295
768.4800215530396,-73.50276728102308,-73.50276728102308
768.4900215530396,-73.50486714349495,-73.50486714349495
768.5000215530396,-73.50696575886519,-73.50696575886519
768.5100215530396,-73.50906324027238,-73.50906324027238
768.5200215530396,-73.5111596991325,-73.5111596991325
768.5300215530395,-73.51325524513516,-73.51325524513516
768.5400215530395,-73.51534998630595,-73.51534998630595
768.5500215530395,-73.5174440289743,-73.5174440289743
768.5600215530395,-73.51953747782872,-73.51953747782872
768.5700215530395,-73.52163043589294,-73.52163043589294
768.5800215530395,-73.52372300457864,-73.52372300457864
768.5900215530396,-73.52581528367045,-73.52581528367045
768.6000215530396,-73.52790737138682,-73.52790737138682
768.6100215530396,-73.52999936433956,-73.52999936433956
768.6200215530396,-73.5320913575935,-73.5320913575935
768.6300215530396,-73.53418344465673,-73.53418344465673
768.6400215530396,-73.53627571752024,-73.53627571752024
768.6500215530396,-73.53836826665585,-73.53836826665585
768.6600215530395,-73.54046118104793,-73.54046118104793
768.6700215530395,-73.54255454818936,-73.54255454818936
768.6800215530395,-73.54464845411526,-73.54464845411526
768.6900215530395,-73.5467429834122,-73.5467429834122
768.7000215530395,-73.54883821924312,-73.54883821924312
768.7100215530395,-73.55093424334889,-73.55093424334889
768.7200215530396,-73.55303113606645,-73.55303113606645
768.7300215530396,-73.55512897637921,-73.55512897637921
768.7400215530396,-73.55722784187175,-73.55722784187175
768.7500215530396,-73.55932780879878,-73.55932780879878
768.7600215530396,-73.56142895207122,-73.56142895207122
768.7700215530396,-73.5635313452957,-73.5635313452957
768.7800215530395,-73.56563506076436,-73.56563506076436
768.7900215530395,-73.56774016948845,-73.56774016948845
768.8000215530395,-73.56984674121074,-73.56984674121074
768.8100215530395,-73.57195484442137,-73.57195484442137
768.8200215530395,-73.5740645463606,-73.5740645463606
768.8300215530395,-73.57617591306112,-73.57617591306112
768.8400215530396,-73.57828900932438,-73.57828900932438
768.8500215530396,-73.58040389878848,-73.58040389878848
768.8600215530396,-73.58252064389171,-73.58252064389171
768.8700215530396,-73.5846393059122,-73.5846393059122
768.8800215530396,-73.5867599449879,-73.5867599449879
768.8900215530396,-73.58888262011453,-73.58888262011453
768.9000215530396,-73.59100738917509,-73.59100738917509
768.9100215530395,-73.59313430894147,-73.59313430894147
768.9200215530395,-73.59526343510208,-73.59526343510208
768.9300215530395,-73.59739482226514,-73.59739482226514
768.9400215530395,-73.59952852398075,-73.59952852398075
768.9500215530395,-73.60166459274929,-73.60166459274929
768.9600215530395,-73.60380308003303,-73.60380308003303
768.9700215530396,-73.60594403628026,-73.60594403628026
768.9800215530396,-73.60808751093275,-73.60808751093275
768.9900215530396,-73.61023355243617,-73.61023355243617
769.0000215530396,-73.61238220825564,-73.61238220825564
769.0100215530396,-73.61453352488863,-73.61453352488863
769.0200215530396,-73.61668754787787,-73.61668754787787
769.0300215530395,-73.61884432183606,-73.61884432183606
769.0400215530395,-73.62100389043623,-73.62100389043623
769.0500215530395,-73.62316629644208,-73.62316629644208
769.0600215530395,-73.6253315817083,-73.6253315817083
769.0700215530395,-73.62749978720272,-73.62749978720272
769.0800215530395,-73.62967095302356,-73.62967095302356
769.0900215530396,-73.63184511838831,-73.63184511838831
769.1000215530396,-73.63402232167866,-73.63402232167866
769.1100215530396,-73.63620260041728,-73.63620260041728
769.1200215530396,-73.63838599130077,-73.63838599130077
769.1300215530396,-73.64057253020857,-73.64057253020857
769.1400215530396,-73.64276225221249,-73.64276225221249
769.1500215530396,-73.644955191594,-73.644955191594
769.1600215530395,-73.64715138183442,-73.64715138183442
769.1700215530395,-73.64935085566178,-73.64935085566178
769.1800215530395,-73.65155364502394,-73.65155364502394
769.1900215530395,-73.65375978112071,-73.65375978112071
769.2000215530395,-73.65596929442312,-73.65596929442312
769.2100215530395,-73.65818221465373,-73.65818221465373
769.2200215530396,-73.66039857082517,-73.66039857082517
769.2300215530396,-73.66261839123436,-73.66261839123436
769.2400215530396,-73.6648417034878,-73.6648417034878
769.2500215768814,-73.66706853979059,-73.66706853979059
769.2600215768814,-73.66929891578437,-73.66929891578437
769.2700215768814,-73.67153286231968,-73.67153286231968
769.2800215768814,-73.67377040428197,-73.67377040428197
769.2900215768814,-73.67601156593693,-73.67601156593693
769.3000215768814,-73.67825637088104,-73.67825637088104
769.3100215768814,-73.68050484208729,-73.68050484208729
769.3200215768815,-73.68275700190868,-73.68275700190868
769.3300215768814,-73.68501287209492,-73.68501287209492
769.3400215768814,-73.68727247376012,-73.68727247376012
769.3500215768814,-73.68953582744837,-73.68953582744837
769.3600215768814,-73.6918029531085,-73.6918029531085
769.3700215768814,-73.6940738701044,-73.6940738701044
769.3800215768814,-73.69634859723436,-73.69634859723436
769.3900215768814,-73.69862715274735,-73.69862715274735
769.4000215768814,-73.70090955431857,-73.70090955431857
769.4100215768814,-73.70319581908595,-73.70319581908595
769.4200215768814,-73.70539740103229,-73.70539740103229
769.4300215768814,-73.70750757252084,-73.70750757252084
769.4400215768815,-73.70952183115546,-73.70952183115546
769.4500215768815,-73.7114375621081,-73.7114375621081
769.4600215768814,-73.71324703794853,-73.71324703794853
769.4700215768814,-73.71494701480714,-73.71494701480714
769.4800215768814,-73.71653626349813,-73.71653626349813
769.4900215768814,-73.71801460063735,-73.71801460063735
769.5000215768814,-73.71938246989437,-73.71938246989437
769.5100215768814,-73.72064070982823,-73.72064070982823
769.5200215768814,-73.72179041309592,-73.72179041309592
769.5300215768814,-73.72283283876116,-73.72283283876116
769.5400215768814,-73.72376935700333,-73.72376935700333
769.5500215768814,-73.72460141366076,-73.72460141366076
769.5600215768814,-73.72533050701198,-73.72533050701198
769.5700215768815,-73.72595817217994,-73.72595817217994
769.5800215768814,-73.72648597031618,-73.72648597031618
769.5900215768814,-73.72691548083009,-73.72691548083009
769.6000215768814,-73.72724829561109,-73.72724829561109
769.6100215768814,-73.72748601452437,-73.72748601452437
769.6200215768814,-73.72763024185711,-73.72763024185711
769.6300215768814,-73.72768258331074,-73.72768258331074
769.6400215768814,-73.72764464349191,-73.72764464349191
769.6500215768814,-73.72751802375967,-73.72751802375967
769.6600215768814,-73.72730432031524,-73.72730432031524
769.6700215768814,-73.72700512252162,-73.72700512252162
769.6800215768814,-73.72662201142565,-73.72662201142565
769.6900215768815,-73.72615655845772,-73.72615655845772
769.7000215768815,-73.72561032422628,-73.72561032422628
769.7100215768814,-73.72498485750069,-73.72498485750069
769.7200215768814,-73.72428169428207,-73.72428169428207
769.7300215768814,-73.72350235698208,-73.72350235698208
769.7400215768814,-73.72264835372225,-73.72264835372225
769.7500215768814,-73.72172117769318,-73.72172117769318
769.7600215768814,-73.72072230660801,-73.72072230660801
769.7700215768814,-73.71965320225628,-73.71965320225628
769.7800215768814,-73.71851531007096,-73.71851531007096
769.7900215768814,-73.71731005881475,-73.71731005881475
769.8000215768814,-73.71603886028169,-73.71603886028169
769.8100215768814,-73.7147031090804,-73.7147031090804
769.8200215768815,-73.71330418242864,-73.71330418242864
769.8300215768814,-73.7118434400537,-73.7118434400537
769.8400215768814,-73.71032222403781,-73.71032222403781
769.8500215768814,-73.70874185879387,-73.70874185879387
769.8600215768814,-73.70710365099127,-73.70710365099127
769.8700215768814,-73.7054088895894,-73.7054088895894
769.8800215768814,-73.70365884582978,-73.70365884582978
769.8900215768814,-73.70185477327132,-73.70185477327132
769.9000215768814,-73.69999790786389,-73.69999790786389
769.9100215768814,-73.6980894680363,-73.6980894680363
769.9200215768814,-73.6961306547528,-73.6961306547528
769.9300215768814,-73.69412265168297,-73.69412265168297
769.9400215768815,-73.69206662526204,-73.69206662526204
769.9500215768815,-73.68996372487959,-73.68996372487959
769.9600215768814,-73.6878150829777,-73.6878150829777
769.9700215768814,-73.68562181523468,-73.68562181523468
769.9800215768814,-73.68338502070151,-73.68338502070151
769.9900215768814,-73.68110578199476,-73.68110578199476
770.0000215768814,-73.6787851654515,-73.6787851654515
770.0100215768814,-73.67642422130106,-73.67642422130106
770.0200215768814,-73.67402398386056,-73.67402398386056
770.0300215768814,-73.67158547172276,-73.67158547172276
770.0400215768814,-73.66910968792072,-73.66910968792072
770.0500215768814,-73.66659762012905,-73.66659762012905
770.0600215768814,-73.66405024086859,-73.66405024086859
770.0700215768815,-73.66146850766529,-73.66146850766529
770.0800215768814,-73.65885336327928,-73.65885336327928
770.0900215768814,-73.65620573587117,-73.65620573587117
770.1000216007233,-73.65352653281809,-73.65352653281809
770.1100216007233,-73.65081666631768,-73.65081666631768
770.1200216007232,-73.6480770157373,-73.6480770157373
770.1300216007232,-73.6453084527379,-73.6453084527379
770.1400216007232,-73.6425118354244,-73.6425118354244
770.1500216007232,-73.63968800845679,-73.63968800845679
770.1600216007232,-73.63683780323039,-73.63683780323039
770.1700216007233,-73.63396203807449,-73.63396203807449
770.1800216007233,-73.63106151846395,-73.63106151846395
770.1900216007233,-73.62813703715065,-73.62813703715065
770.2000216007233,-73.62518937436944,-73.62518937436944
770.2100216007233,-73.62221929803188,-73.62221929803188
770.2200216007233,-73.61922756387456,-73.61922756387456
770.2300216007233,-73.6162149156761,-73.6162149156761
770.2400216007233,-73.61318208538421,-73.61318208538421
770.2500216007232,-73.61012979331099,-73.61012979331099
770.2600216007232,-73.60705874831196,-73.60705874831196
770.2700216007232,-73.60396964793287,-73.60396964793287
770.2800216007232,-73.60086317859259,-73.60086317859259
770.2900216007233,-73.59774001572966,-73.59774001572966
770.3000216007233,-73.5946008239812,-73.5946008239812
770.3100216007233,-73.5914462573215,-73.5914462573215
770.3200216007233,-73.58827695924549,-73.58827695924549
770.3300216007233,-73.58509356289944,-73.58509356289944
770.3400216007233,-73.5818966912358,-73.5818966912358
770.3500216007233,-73.57868695717957,-73.57868695717957
770.3600216007233,-73.57546496375227,-73.57546496375227
770.3700216007232,-73.57223130425085,-73.57223130425085
770.3800216007232,-73.56898656236267,-73.56898656236267
770.3900216007232,-73.56573131231512,-73.56573131231512
770.4000216007232,-73.56246611901761,-73.56246611901761
770.4100216007232,-73.559191538201,-73.559191538201
770.4200216007233,-73.55590811654581,-73.55590811654581
770.4300216007233,-73.55261639184491,-73.55261639184491
770.4400216007233,-73.54931689308148,-73.54931689308148
770.4500216007233,-73.54601014060101,-73.54601014060101
770.4600216007233,-73.54269664622042,-73.54269664622042
770.4700216007233,-73.53937691336651,-73.53937691336651
770.4800216007233,-73.53605143718998,-73.53605143718998
770.4900216007233,-73.53272070469389,-73.53272070469389
770.5000216007232,-73.52938519484447,-73.52938519484447
770.5100216007232,-73.52604537870322,-73.52604537870322
770.5200216007232,-73.52270171953126,-73.52270171953126
770.5300216007232,-73.51935467291823,-73.51935467291823
770.5400216007233,-73.51600468685871,-73.51600468685871
770.5500216007233,-73.5126522019305,-73.5126522019305
770.5600216007233,-73.50929765133046,-73.50929765133046
770.5700216007233,-73.50594146103903,-73.50594146103903
770.5800216007233,-73.50258404988979,-73.50258404988979
770.5900216007233,-73.49922582969897,-73.49922582969897
770.6000216007233,-73.49586720535238,-73.49586720535238
770.6100216007233,-73.49250857492223,-73.49250857492223
770.6200216007232,-73.48915032974773,-73.48915032974773
770.6300216007232,-73.48579285453931,-73.48579285453931
770.6400216007232,-73.48243652750338,-73.48243652750338
770.6500216007232,-73.4790817203996,-73.4790817203996
770.6600216007232,-73.47572879864815,-73.47572879864815
770.6700216007233,-73.47237812142488,-73.47237812142488
770.6800216007233,-73.46903004177558,-73.46903004177558
770.6900216007233,-73.46568490666046,-73.46568490666046
770.7000216007233,-73.46234305707607,-73.46234305707607
770.7100216007233,-73.45900482812068,-73.45900482812068
770.7200216007233,-73.45567054910195,-73.45567054910195
770.7300216007233,-73.45234054360928,-73.45234054360928
770.7400216007233,-73.44901512960645,-73.44901512960645
770.7500216007232,-73.445694619496,-73.445694619496
770.7600216007232,-73.44237932022561,-73.44237932022561
770.7700216007232,-73.43906953334663,-73.43906953334663
770.7800216007232,-73.43576555509412,-73.43576555509412
770.7900216007233,-73.43246767647322,-73.43246767647322
770.8000216007233,-73.42917618334457,-73.42917618334457
770.8100216007233,-73.42589135647387,-73.42589135647387
770.8200216007233,-73.4226134716208,-73.4226134716208
770.8300216007233,-73.4193427996162,-73.4193427996162
770.8400216007233,-73.4160796064229,-73.4160796064229
770.8500216007233,-73.41282415321461,-73.41282415321461
770.8600216007233,-73.40957669644392,-73.40957669644392
770.8700216007232,-73.40633748790627,-73.40633748790627
770.8800216007232,-73.4031067748123,-73.4031067748123
770.8900216007232,-73.39988479986538,-73.39988479986538
770.9000216007232,-73.39667180129814,-73.39667180129814
770.9100216007232,-73.39346801296554,-73.39346801296554
770.9200216007233,-73.39027366439156,-73.39027366439156
770.9300216007233,-73.38708898084835,-73.38708898084835
770.9400216007233,-73.38391418339022,-73.38391418339022
770.9500216245651,-73.38074948141112,-73.38074948141112
770.9600216245651,-73.37759510286806,-73.37759510286806
770.9700216245651,-73.37445124902628,-73.37445124902628
770.9800216245651,-73.37131812474976,-73.37131812474976
770.9900216245651,-73.36819593100199,-73.36819593100199
771.0000216245651,-73.36508486490595,-73.36508486490595
771.0100216245651,-73.36198511978233,-73.36198511978233
771.0200216245652,-73.3588968852287,-73.3588968852287
771.0300216245652,-73.35582034715917,-73.35582034715917
771.0400216245652,-73.35275568785106,-73.35275568785106
771.0500216245651,-73.34970308601143,-73.34970308601143
771.0600216245651,-73.34666271682491,-73.34666271682491
771.0700216245651,-73.34363475200067,-73.34363475200067
771.0800216245651,-73.34061935982398,-73.34061935982398
771.0900216245651,-73.33761670522046,-73.33761670522046
771.1000216245651,-73.33462694978373,-73.33462694978373
771.1100216245651,-73.33165025182731,-73.33165025182731
771.1200216245651,-73.32868676644664,-73.32868676644664
771.1300216245651,-73.32573664555213,-73.32573664555213
771.1400216245652,-73.32280003791683,-73.32280003791683
771.1500216245652,-73.31987708924726,-73.31987708924726
771.1600216245652,-73.31696794217336,-73.31696794217336
771.1700216245652,-73.31407273633866,-73.31407273633866
771.1800216245651,-73.31119160844223,-73.31119160844223
771.1900216245651,-73.30832469225685,-73.30832469225685
771.2000216245651,-73.30547211869253,-73.30547211869253
771.2100216245651,-73.30263401582447,-73.30263401582447
771.2200216245651,-73.29981050893822,-73.29981050893822
771.2300216245651,-73.29700172057805,-73.29700172057805
771.2400216245651,-73.29420777057622,-73.29420777057622
771.2500216245651,-73.29142877611775,-73.29142877611775
771.2600216245651,-73.28866485171653,-73.28866485171653
771.2700216245652,-73.28591610933645,-73.28591610933645
771.2800216245652,-73.28318265836688,-73.28318265836688
771.2900216245652,-73.28046460569665,-73.28046460569665
771.3000216245651,-73.2777620557195,-73.2777620557195
771.3100216245651,-73.27507511039848,-73.27507511039848
771.3200216245651,-73.27240386927876,-73.27240386927876
771.3300216245651,-73.2697484295469,-73.2697484295469
771.3400216245651,-73.26710888603692,-73.26710888603692
771.3500216245651,-73.26448533128809,-73.26448533128809
771.3600216245651,-73.26187785556935,-73.26187785556935
771.3700216245651,-73.25928654691985,-73.25928654691985
771.3800216245651,-73.25671149115885,-73.25671149115885
771.3900216245652,-73.25415277194915,-73.25415277194915
771.4000216245652,-73.25161047081302,-73.25161047081302
771.4100216245652,-73.24908466714737,-73.24908466714737
771.4200216245652,-73.24657543829593,-73.24657543829593
771.4300216245651,-73.24408285954463,-73.24408285954463
771.4400216245651,-73.24160700414961,-73.24160700414961
771.4500216245651,-73.23914794339721,-73.23914794339721
771.4600216245651,-73.2367057466128,-73.2367057466128
771.4700216245651,-73.2342804811875,-73.2342804811875
771.4800216245651,-73.23187221261716,-73.23187221261716
771.4900216245651,-73.22948100451917,-73.22948100451917
771.5000216245651,-73.22710691866497,-73.22710691866497
771.5100216245651,-73.22475001501304,-73.22475001501304
771.5200216245652,-73.22241035172652,-73.22241035172652
771.5300216245652,-73.2200879852131,-73.2200879852131
771.5400216245652,-73.21778297012284,-73.21778297012284
771.5500216245651,-73.21549535941286,-73.21549535941286
771.5600216245651,-73.2132252043358,-73.2132252043358
771.5700216245651,-73.21097255449794,-73.21097255449794
771.5800216245651,-73.20873745784957,-73.20873745784957
771.5900216245651,-73.20651996073713,-73.20651996073713
771.6000216245651,-73.20432010792328,-73.20432010792328
771.6100216245651,-73.20213794258045,-73.20213794258045
771.6200216245651,-73.19997350636716,-73.19997350636716
771.6300216245651,-73.19782683941295,-73.19782683941295
771.6400216245652,-73.19569798033143,-73.19569798033143
771.6500216245652,-73.19358696629783,-73.19358696629783
771.6600216245652,-73.19149383299452,-73.19149383299452
771.6700216245652,-73.18941861470373,-73.18941861470373
771.6800216245651,-73.1873613442759,-73.1873613442759
771.6900216245651,-73.18532205319339,-73.18532205319339
771.7000216245651,-73.18330077155404,-73.18330077155404
771.7100216245651,-73.18129752810435,-73.18129752810435
771.7200216245651,-73.1793123502883,-73.1793123502883
771.7300216245651,-73.1773452642127,-73.1773452642127
771.7400216245651,-73.17539629472995,-73.17539629472995
771.7500216245651,-73.17346546539734,-73.17346546539734
771.7600216245651,-73.17155279852543,-73.17155279852543
771.7700216245652,-73.16965831520841,-73.16965831520841
771.7800216245652,-73.16778203533048,-73.16778203533048
771.7900216245652,-73.16592397756938,-73.16592397756938
771.800021648407,-73.16408415504705,-73.16408415504705
771.810021648407,-73.16226259295446,-73.16226259295446
771.820021648407,-73.16045930204046,-73.16045930204046
771.830021648407,-73.15867429640694,-73.15867429640694
771.840021648407,-73.15690758904016,-73.15690758904016
771.8500216484069,-73.1551591918459,-73.1551591918459
771.8600216484069,-73.15342911565429,-73.15342911565429
771.870021648407,-73.15171737022973,-73.15171737022973
771.880021648407,-73.15002396431123,-73.15002396431123
771.890021648407,-73.14834890561366,-73.14834890561366
771.900021648407,-73.1466922008428,-73.1466922008428
771.910021648407,-73.14505385571859,-73.14505385571859
771.920021648407,-73.14343387497122,-73.14343387497122
771.930021648407,-73.14183226238399,-73.14183226238399
771.940021648407,-73.14024902079058,-73.14024902079058
771.950021648407,-73.13868415209762,-73.13868415209762
771.960021648407,-73.13713765728531,-73.13713765728531
771.9700216484069,-73.13560953644568,-73.13560953644568
771.9800216484069,-73.13409978876847,-73.13409978876847
771.990021648407,-73.13260841257483,-73.13260841257483
772.000021648407,-73.13113540533567,-73.13113540533567
772.010021648407,-73.12968076367288,-73.12968076367288
772.020021648407,-73.12824448336308,-73.12824448336308
772.030021648407,-73.12682655936652,-73.12682655936652
772.040021648407,-73.12542698584367,-73.12542698584367
772.050021648407,-73.12404575615516,-73.12404575615516
772.060021648407,-73.12268286289172,-73.12268286289172
772.070021648407,-73.12133829785604,-73.12133829785604
772.080021648407,-73.12001205210501,-73.12001205210501
772.090021648407,-73.11870411595325,-73.11870411595325
772.1000216484069,-73.11741447897873,-73.11741447897873
772.1100216484069,-73.11614313003689,-73.11614313003689
772.120021648407,-73.11489005728586,-73.11489005728586
772.130021648407,-73.11365524818277,-73.11365524818277
772.140021648407,-73.11243868949276,-73.11243868949276
772.150021648407,-73.11124036730155,-73.11124036730155
772.160021648407,-73.11006026703959,-73.11006026703959
772.170021648407,-73.10889837348331,-73.10889837348331
772.180021648407,-73.10775467076805,-73.10775467076805
772.190021648407,-73.10662914239336,-73.10662914239336
772.200021648407,-73.10552177124883,-73.10552177124883
772.210021648407,-73.10443253959836,-73.10443253959836
772.2200216484069,-73.10336142911356,-73.10336142911356
772.2300216484069,-73.10230842087653,-73.10230842087653
772.240021648407,-73.10127349538551,-73.10127349538551
772.250021648407,-73.10025663257225,-73.10025663257225
772.260021648407,-73.09925781180887,-73.09925781180887
772.270021648407,-73.0982770119052,-73.0982770119052
772.280021648407,-73.09731421114104,-73.09731421114104
772.290021648407,-73.0963693872567,-73.0963693872567
772.300021648407,-73.09544251746625,-73.09544251746625
772.310021648407,-73.09453357848189,-73.09453357848189
772.320021648407,-73.0936425464972,-73.0936425464972
772.330021648407,-73.09276939721424,-73.09276939721424
772.340021648407,-73.09191410584513,-73.09191410584513
772.3500216484069,-73.09107664712225,-73.09107664712225
772.3600216484069,-73.09025699530605,-73.09025699530605
772.370021648407,-73.08945512419616,-73.08945512419616
772.380021648407,-73.08867100714149,-73.08867100714149
772.390021648407,-73.08790461702911,-73.08790461702911
772.400021648407,-73.08715592632865,-73.08715592632865
772.410021648407,-73.08642490705883,-73.08642490705883
772.420021648407,-73.08571153082123,-73.08571153082123
772.430021648407,-73.08501576881,-73.08501576881
772.440021648407,-73.08433759180222,-73.08433759180222
772.450021648407,-73.08367697018076,-73.08367697018076
772.460021648407,-73.08303387392951,-73.08303387392951
772.4700216484069,-73.0824082726574,-73.0824082726574
772.4800216484069,-73.08180013556797,-73.08180013556797
772.490021648407,-73.0812094315201,-73.0812094315201
772.500021648407,-73.0806361290051,-73.0806361290051
772.510021648407,-73.08008019615097,-73.08008019615097
772.520021648407,-73.07954160073204,-73.07954160073204
772.530021648407,-73.07902031017898,-73.07902031017898
772.540021648407,-73.07851629158732,-73.07851629158732
772.550021648407,-73.0780295117118,-73.0780295117118
772.560021648407,-73.07755993700056,-73.07755993700056
772.570021648407,-73.07710753357236,-73.07710753357236
772.580021648407,-73.07667226723632,-73.07667226723632
772.590021648407,-73.07625410348872,-73.07625410348872
772.6000216484069,-73.07585300752905,-73.07585300752905
772.6100216484069,-73.07546894426626,-73.07546894426626
772.620021648407,-73.07510187831426,-73.07510187831426
772.630021648407,-73.0747517740239,-73.0747517740239
772.640021648407,-73.07441859544556,-73.07441859544556
772.6500216722488,-73.07410230561669,-73.07410230561669
772.6600216722488,-73.07380286963259,-73.07380286963259
772.6700216722488,-73.07352024991484,-73.07352024991484
772.6800216722488,-73.0732544094938,-73.0732544094938
772.6900216722488,-73.07300531113057,-73.07300531113057
772.7000216722488,-73.07277291734411,-73.07277291734411
772.7100216722488,-73.07255081918665,-73.07255081918665
772.7200216722489,-73.07233618914105,-73.07233618914105
772.7300216722489,-73.07212763123586,-73.07212763123586
772.7400216722489,-73.07192441186636,-73.07192441186636
772.7500216722489,-73.07172616637776,-73.07172616637776
772.7600216722489,-73.07153274669511,-73.07153274669511
772.7700216722488,-73.0713441320241,-73.0713441320241
772.7800216722488,-73.07116037520865,-73.07116037520865
772.7900216722488,-73.0709815704494,-73.0709815704494
772.8000216722488,-73.07080783393843,-73.07080783393843
772.8100216722488,-73.07063929231856,-73.07063929231856
772.8200216722488,-73.07047607590354,-73.07047607590354
772.8300216722488,-73.07031831476992,-73.07031831476992
772.8400216722489,-73.07016613663475,-73.07016613663475
772.8500216722489,-73.07001966578618,-73.07001966578618
772.8600216722489,-73.06987902264555,-73.06987902264555
772.8700216722489,-73.06974432371018,-73.06974432371018
772.8800216722489,-73.06961568168678,-73.06961568168678
772.8900216722488,-73.06949320574063,-73.06949320574063
772.9000216722488,-73.06937700177411,-73.06937700177411
772.9100216722488,-73.06926717274109,-73.06926717274109
772.9200216722488,-73.06916381891547,-73.06916381891547
772.9300216722488,-73.0690670381597,-73.0690670381597
772.9400216722488,-73.06897692615821,-73.06897692615821
772.9500216722488,-73.06889357660472,-73.06889357660472
772.9600216722488,-73.0688107105889,-73.0688107105889
772.9700216722489,-73.06872562893456,-73.06872562893456
772.9800216722489,-73.06863706259593,-73.06863706259593
772.9900216722489,-73.06854440371559,-73.06854440371559
773.0000216722489,-73.06844741228986,-73.06844741228986
773.0100216722489,-73.06834606390908,-73.06834606390908
773.0200216722488,-73.06824046048466,-73.06824046048466
773.0300216722488,-73.06813077668534,-73.06813077668534
773.0400216722488,-73.06801722771117,-73.06801722771117
773.0500216722488,-73.06790004991647,-73.06790004991647
773.0600216722488,-73.0677794893049,-73.0677794893049
773.0700216722488,-73.06765579478657,-73.06765579478657
773.0800216722488,-73.06752921422658,-73.06752921422658
773.0900216722489,-73.06739999236042,-73.06739999236042
773.1000216722489,-73.06726836971947,-73.06726836971947
773.1100216722489,-73.0671345821745,-73.0671345821745
773.1200216722489,-73.0669988608909,-73.0669988608909
773.1300216722489,-73.06686143244114,-73.06686143244114
773.1400216722488,-73.06672251904851,-73.06672251904851
773.1500216722488,-73.06658233887268,-73.06658233887268
773.1600216722488,-73.06644110627838,-73.06644110627838
773.1700216722488,-73.06629903211707,-73.06629903211707
773.1800216722488,-73.0661563239883,-73.0661563239883
773.1900216722488,-73.06601318645738,-73.06601318645738
773.2000216722488,-73.06586982122374,-73.06586982122374
773.2100216722488,-73.06572005749828,-73.06572005749828
773.2200216722489,-73.06556130312467,-73.06556130312467
773.2300216722489,-73.0653923950957,-73.0653923950957
773.2400216722489,-73.06521283064453,-73.06521283064453
773.2500216722489,-73.06502247392456,-73.06502247392456
773.2600216722489,-73.06482140375505,-73.06482140375505
773.2700216722488,-73.06460982436553,-73.06460982436553
773.2800216722488,-73.06438801181915,-73.06438801181915
773.2900216722488,-73.06415628174757,-73.06415628174757
773.3000216722488,-73.06391497002603,-73.06391497002603
773.3100216722488,-73.06366442124677,-73.06366442124677
773.3200216722488,-73.06340498192108,-73.06340498192108
773.3300216722488,-73.06313699659387,-73.06313699659387
773.3400216722489,-73.06286080570639,-73.06286080570639
773.3500216722489,-73.06257674454469,-73.06257674454469
773.3600216722489,-73.06228514275415,-73.06228514275415
773.3700216722489,-73.06198632431605,-73.06198632431605
773.3800216722489,-73.0616806076372,-73.0616806076372
773.3900216722488,-73.06136830580138,-73.06136830580138
773.4000216722488,-73.06104972685145,-73.06104972685145
773.4100216722488,-73.06072517406673,-73.06072517406673
773.4200216722488,-73.06039494623148,-73.06039494623148
773.4300216722488,-73.06005933789808,-73.06005933789808
773.4400216722488,-73.05971863958858,-73.05971863958858
773.4500216722488,-73.05937313802943,-73.05937313802943
773.4600216722488,-73.05902311626704,-73.05902311626704
773.4700216722489,-73.05866885386091,-73.05866885386091
773.4800216722489,-73.05831062697992,-73.05831062697992
773.4900216722489,-73.05794870850771,-73.05794870850771
773.5000216960907,-73.05758336726475,-73.05758336726475
773.5100216960907,-73.05721487153286,-73.05721487153286
773.5200216960907,-73.05684348391765,-73.05684348391765
773.5300216960907,-73.05646946489618,-73.05646946489618
773.5400216960907,-73.05609307192577,-73.05609307192577
773.5500216960907,-73.05571455952439,-73.05571455952439
773.5600216960906,-73.05533417925889,-73.05533417925889
773.5700216960907,-73.05495217979531,-73.05495217979531
773.5800216960907,-73.05456880690392,-73.05456880690392
773.5900216960907,-73.05418430345613,-73.05418430345613
773.6000216960907,-73.05379890945122,-73.05379890945122
773.6100216960907,-73.0534128620202,-73.0534128620202
773.6200216960907,-73.05302639543436,-73.05302639543436
773.6300216960907,-73.05263974109882,-73.05263974109882
773.6400216960907,-73.05225312756863,-73.05225312756863
773.6500216960907,-73.0518667805604,-73.0518667805604
773.6600216960907,-73.05148092293645,-73.05148092293645
773.6700216960907,-73.05109577470647,-73.05109577470647
773.6800216960906,-73.05071155306962,-73.05071155306962
773.6900216960908,-73.05032847237106,-73.05032847237106
773.7000216960907,-73.04994674413943,-73.04994674413943
773.7100216960907,-73.04956657707996,-73.04956657707996
773.7200216960907,-73.04918817707949,-73.04918817707949
773.7300216960907,-73.04881174721895,-73.04881174721895
773.7400216960907,-73.04843748778725,-73.04843748778725
773.7500216960907,-73.04806559626896,-73.04806559626896
773.7600216960907,-73.04769626735828,-73.04769626735828
773.7700216960907,-73.04732969299332,-73.04732969299332
773.7800216960907,-73.04696606233746,-73.04696606233746
773.7900216960907,-73.04660556181112,-73.04660556181112
773.8000216960907,-73.04624837508491,-73.04624837508491
773.8100216960906,-73.045894683098,-73.045894683098
773.8200216960907,-73.04554466409695,-73.04554466409695
773.8300216960907,-73.04519849360703,-73.04519849360703
773.8400216960907,-73.04485634447992,-73.04485634447992
773.8500216960907,-73.04451838688644,-73.04451838688644
773.8600216960907,-73.04418478834852,-73.04418478834852
773.8700216960907,-73.04385571374871,-73.04385571374871
773.8800216960907,-73.04353132535451,-73.04353132535451
773.8900216960907,-73.04321178282107,-73.04321178282107
773.9000216960907,-73.04289724323313,-73.04289724323313
773.9100216960907,-73.04258786109143,-73.04258786109143
773.9200216960907,-73.04228378835673,-73.04228378835673
773.9300216960906,-73.04198517446862,-73.04198517446862
773.9400216960908,-73.04169216634513,-73.04169216634513
773.9500216960907,-73.04140490842985,-73.04140490842985
773.9600216960907,-73.04112354269446,-73.04112354269446
773.9700216960907,-73.04084820866649,-73.04084820866649
773.9800216960907,-73.04057904344225,-73.04057904344225
773.9900216960907,-73.04031618171794,-73.04031618171794
774.0000216960907,-73.04005975580898,-73.04005975580898
774.0100216960907,-73.03980989567994,-73.03980989567994
774.0200216960907,-73.03956672894277,-73.03956672894277
774.0300216960907,-73.03933038090692,-73.03933038090692
774.0400216960907,-73.0391009745829,-73.0391009745829
774.0500216960907,-73.03887863071941,-73.03887863071941
774.0600216960906,-73.03866346781851,-73.03866346781851
774.0700216960907,-73.03845560214354,-73.03845560214354
774.0800216960907,-73.03825514778185,-73.03825514778185
774.0900216960907,-73.03806221662592,-73.03806221662592
774.1000216960907,-73.03787691842207,-73.03787691842207
774.1100216960907,-73.03769936079246,-73.03769936079246
774.1200216960907,-73.03752964924945,-73.03752964924945
774.1300216960907,-73.03736788720984,-73.03736788720984
774.1400216960907,-73.03721417604616,-73.03721417604616
774.1500216960907,-73.03706861509636,-73.03706861509636
774.1600216960907,-73.03693130166879,-73.03693130166879
774.1700216960907,-73.0368023311022,-73.0368023311022
774.1800216960906,-73.03668179675745,-73.03668179675745
774.1900216960908,-73.03656979005258,-73.03656979005258
774.2000216960907,-73.03646640049881,-73.03646640049881
774.2100216960907,-73.03637171570205,-73.03637171570205
774.2200216960907,-73.03628582138901,-73.03628582138901
774.2300216960907,-73.03620880145016,-73.03620880145016
774.2400216960907,-73.03614073793483,-73.03614073793483
774.2500216960907,-73.03608171110913,-73.03608171110913
774.2600216960907,-73.0360317994288,-73.0360317994288
774.2700216960907,-73.03599107961531,-73.03599107961531
774.2800216960907,-73.03595962665294,-73.03595962665294
774.2900216960907,-73.03593751379373,-73.03593751379373
774.3000216960907,-73.03592481261452,-73.03592481261452
774.3100216960906,-73.03592159302171,-73.03592159302171
774.3200216960907,-73.03592792325945,-73.03592792325945
774.3300216960907,-73.03594386995988,-73.03594386995988
774.3400216960907,-73.03596949814957,-73.03596949814957
774.3500217199326,-73.03600487135121,-73.03600487135121
774.3600217199325,-73.03605005131779,-73.03605005131779
774.3700217199325,-73.03610509841512,-73.03610509841512
774.3800217199325,-73.03617007148434,-73.03617007148434
774.3900217199325,-73.03624502783666,-73.03624502783666
774.4000217199325,-73.03633002332033,-73.03633002332033
774.4100217199325,-73.0364251123137,-73.0364251123137
774.4200217199326,-73.03653034776863,-73.03653034776863
774.4300217199326,-73.03664578122468,-73.03664578122468
774.4400217199326,-73.03677146280208,-73.03677146280208
774.4500217199326,-73.03690744125784,-73.03690744125784
774.4600217199326,-73.03705376399233,-73.03705376399233
774.4700217199326,-73.03721047705716,-73.03721047705716
774.4800217199326,-73.03737762518995,-73.03737762518995
774.4900217199325,-73.03755525182784,-73.03755525182784
774.5000217199325,-73.03774339912536,-73.03774339912536
774.5100217199325,-73.0379421079672,-73.0379421079672
774.5200217199325,-73.03815141800122,-73.03815141800122
774.5300217199325,-73.03837136764217,-73.03837136764217
774.5400217199326,-73.03860199408857,-73.03860199408857
774.5500217199326,-73.03884333336805,-73.03884333336805
774.5600217199326,-73.03909542031205,-73.03909542031205
774.5700217199326,-73.03935828860575,-73.03935828860575
774.5800217199326,-73.03962807216635,-73.03962807216635
774.5900217199326,-73.03989898570258,-73.03989898570258
774.6000217199326,-73.0401651311523,-73.0401651311523
774.6100217199325,-73.04042117551822,-73.04042117551822
774.6200217199325,-73.04066246305752,-73.04066246305752
774.6300217199325,-73.04088495115258,-73.04088495115258
774.6400217199325,-73.04108511675992,-73.04108511675992
774.6500217199325,-73.04125987360219,-73.04125987360219
774.6600217199325,-73.04140650592386,-73.04140650592386
774.6700217199326,-73.0415226161812,-73.0415226161812
774.6800217199326,-73.04160608322942,-73.04160608322942
774.6900217199326,-73.0416550281934,-73.0416550281934
774.7000217199326,-73.04166778615941,-73.04166778615941
774.7100217199326,-73.04164288234732,-73.04164288234732
774.7200217199326,-73.04157901181672,-73.04157901181672
774.7300217199326,-73.0414750220938,-73.0414750220938
774.7400217199325,-73.04132989814063,-73.04132989814063
774.7500217199325,-73.04114274933097,-73.04114274933097
774.7600217199325,-73.04091279808014,-73.04091279808014
774.7700217199325,-73.04063936986687,-73.04063936986687
774.7800217199325,-73.04032188447403,-73.04032188447403
774.7900217199326,-73.03995984820995,-73.03995984820995
774.8000217199326,-73.03955284701927,-73.03955284701927
774.8100217199326,-73.03910054030666,-73.03910054030666
774.8200217199326,-73.03860265539235,-73.03860265539235
774.8300217199326,-73.03805898253835,-73.03805898253835
774.8400217199326,-73.03746937043509,-73.03746937043509
774.8500217199326,-73.03683372206345,-73.03683372206345
774.8600217199325,-73.03615199095944,-73.03615199095944
774.8700217199325,-73.03542417776394,-73.03542417776394
774.8800217199325,-73.03465032705836,-73.03465032705836
774.8900217199325,-73.0338305244226,-73.0338305244226
774.9000217199325,-73.0329648937271,-73.0329648937271
774.9100217199325,-73.03205359462609,-73.03205359462609
774.9200217199326,-73.03109682018584,-73.03109682018584
774.9300217199326,-73.03009479471584,-73.03009479471584
774.9400217199326,-73.02904777168406,-73.02904777168406
774.9500217199326,-73.02795603182949,-73.02795603182949
774.9600217199326,-73.0268198813306,-73.0268198813306
774.9700217199326,-73.0256396501147,-73.0256396501147
774.9800217199326,-73.0244156902625,-73.0244156902625
774.9900217199325,-73.02314837448866,-73.02314837448866
775.0000217199325,-73.02183809473216,-73.02183809473216
775.0100217199325,-73.02048526080632,-73.02048526080632
775.0200217199325,-73.01909029911506,-73.01909029911506
775.0300217199325,-73.01765365147594,-73.01765365147594
775.0400217199326,-73.01617577396954,-73.01617577396954
775.0500217199326,-73.014657135871,-73.014657135871
775.0600217199326,-73.01309821862083,-73.01309821862083
775.0700217199326,-73.01149951486917,-73.01149951486917
775.0800217199326,-73.0098615275503,-73.0098615275503
775.0900217199326,-73.00818476904912,-73.00818476904912
775.1000217199326,-73.0064697603272,-73.0064697603272
775.1100217199325,-73.00471703018337,-73.00471703018337
775.1200217199325,-73.00292711451952,-73.00292711451952
775.1300217199325,-73.00110055561038,-73.00110055561038
775.1400217199325,-72.99923790146484,-72.99923790146484
775.1500217199325,-72.9973397052041,-72.9973397052041
775.1600217199325,-72.99540652443966,-72.99540652443966
775.1700217199326,-72.99343892071995,-72.99343892071995
775.1800217199326,-72.9914374590207,-72.9914374590207
775.1900217199326,-72.98940270719824,-72.98940270719824
775.2000217437744,-72.98733523061671,-72.98733523061671
775.2100217437744,-72.98523561131994,-72.98523561131994
775.2200217437744,-72.98310441820432,-72.98310441820432
775.2300217437744,-72.98094222620578,-72.98094222620578
775.2400217437744,-72.97874961099471,-72.97874961099471
775.2500217437744,-72.97652714860673,-72.97652714860673
775.2600217437744,-72.9742754151134,-72.9742754151134
775.2700217437745,-72.97199498630758,-72.97199498630758
775.2800217437745,-72.96968643736729,-72.96968643736729
775.2900217437744,-72.96735034259004,-72.96735034259004
775.3000217437744,-72.96498727510887,-72.96498727510887
775.3100217437744,-72.96259780663225,-72.96259780663225
775.3200217437744,-72.96018250720195,-72.96018250720195
775.3300217437744,-72.95774194495925,-72.95774194495925
775.3400217437744,-72.95527668592648,-72.95527668592648
775.3500217437744,-72.95278729381559,-72.95278729381559
775.3600217437744,-72.95027432981425,-72.95027432981425
775.3700217437744,-72.94773835242708,-72.94773835242708
775.3800217437744,-72.94517991728634,-72.94517991728634
775.3900217437745,-72.94259957700376,-72.94259957700376
775.4000217437745,-72.9399978810279,-72.9399978810279
775.4100217437745,-72.93737537547968,-72.93737537547968
775.4200217437744,-72.93473260304951,-72.93473260304951
775.4300217437744,-72.93207010285722,-72.93207010285722
775.4400217437744,-72.92938841033934,-72.92938841033934
775.4500217437744,-72.926688057148,-72.926688057148
775.4600217437744,-72.92396957104613,-72.92396957104613
775.4700217437744,-72.92123347583353,-72.92123347583353
775.4800217437744,-72.91848029122067,-72.91848029122067
775.4900217437744,-72.91571053279948,-72.91571053279948
775.5000217437744,-72.91292471193657,-72.91292471193657
775.5100217437744,-72.91012333572063,-72.91012333572063
775.5200217437745,-72.90730690689051,-72.90730690689051
775.5300217437745,-72.90447592379925,-72.90447592379925
775.5400217437744,-72.90163088033916,-72.90163088033916
775.5500217437744,-72.89877226590016,-72.89877226590016
775.5600217437744,-72.89590056534874,-72.89590056534874
775.5700217437744,-72.89301625896402,-72.89301625896402
775.5800217437744,-72.89011982242349,-72.89011982242349
775.5900217437744,-72.88721172676358,-72.88721172676358
775.6000217437744,-72.88429243834489,-72.88429243834489
775.6100217437744,-72.8813624188662,-72.8813624188662
775.6200217437744,-72.87842212529013,-72.87842212529013
775.6300217437744,-72.87547200988459,-72.87547200988459
775.6400217437745,-72.87251252015942,-72.87251252015942
775.6500217437745,-72.86954409890744,-72.86954409890744
775.6600217437745,-72.8665671841532,-72.8665671841532
775.6700217437744,-72.86358220916995,-72.86358220916995
775.6800217437744,-72.86058960247269,-72.86058960247269
775.6900217437744,-72.85758978782876,-72.85758978782876
775.7000217437744,-72.85458318424018,-72.85458318424018
775.7100217437744,-72.85156385414807,-72.85156385414807
775.7200217437744,-72.84852942709132,-72.84852942709132
775.7300217437744,-72.84547895766181,-72.84547895766181
775.7400217437744,-72.8424121587227,-72.8424121587227
775.7500217437744,-72.83932910834231,-72.83932910834231
775.7600217437744,-72.83623009731262,-72.83623009731262
775.7700217437745,-72.83311553962744,-72.83311553962744
775.7800217437745,-72.82998591864329,-72.82998591864329
775.7900217437744,-72.82684175460807,-72.82684175460807
775.8000217437744,-72.82368358518455,-72.82368358518455
775.8100217437744,-72.8205119538488,-72.8205119538488
775.8200217437744,-72.8173274030215,-72.8173274030215
775.8300217437744,-72.81413047018452,-72.81413047018452
775.8400217437744,-72.81092168574457,-72.81092168574457
775.8500217437744,-72.80770157197702,-72.80770157197702
775.8600217437744,-72.80447064263313,-72.80447064263313
775.8700217437744,-72.80122940288723,-72.80122940288723
775.8800217437744,-72.7979783495074,-72.7979783495074
775.8900217437745,-72.79471797116237,-72.79471797116237
775.9000217437745,-72.79144874873087,-72.79144874873087
775.9100217437745,-72.7881711556485,-72.7881711556485
775.9200217437744,-72.78488565820668,-72.78488565820668
775.9300217437744,-72.78159271585962,-72.78159271585962
775.9400217437744,-72.77829278152761,-72.77829278152761
775.9500217437744,-72.77498630181748,-72.77498630181748
775.9600217437744,-72.77167371723137,-72.77167371723137
775.9700217437744,-72.76835546236973,-72.76835546236973
775.9800217437744,-72.76503196608965,-72.76503196608965
775.9900217437744,-72.76170365165666,-72.76170365165666
776.0000217437744,-72.75837093687166,-72.75837093687166
776.0100217437744,-72.75503423417273,-72.75503423417273
776.0200217437745,-72.75169395074056,-72.75169395074056
776.0300217437745,-72.74835048859529,-72.74835048859529
776.0400217437744,-72.74500424464415,-72.74500424464415
776.0500217676163,-72.74165560278601,-72.74165560278601
776.0600217676163,-72.73830496589608,-72.73830496589608
776.0700217676163,-72.73495270798007,-72.73495270798007
776.0800217676162,-72.73159920618261,-72.73159920618261
776.0900217676162,-72.72824483280748,-72.72824483280748
776.1000217676162,-72.72488995538411,-72.72488995538411
776.1100217676162,-72.7215349367056,-72.7215349367056
776.1200217676163,-72.7181801348522,-72.7181801348522
776.1300217676163,-72.71482590325476,-72.71482590325476
776.1400217676163,-72.71147259069207,-72.71147259069207
776.1500217676163,-72.70812054135293,-72.70812054135293
776.1600217676163,-72.70477009484841,-72.70477009484841
776.1700217676163,-72.7014215862557,-72.7014215862557
776.1800217676163,-72.69807534613939,-72.69807534613939
776.1900217676163,-72.69473170058302,-72.69473170058302
776.2000217676162,-72.69139097123784,-72.69139097123784
776.2100217676162,-72.68805347531824,-72.68805347531824
776.2200217676162,-72.6847195256638,-72.6847195256638
776.2300217676162,-72.68138943075715,-72.68138943075715
776.2400217676163,-72.67806349474142,-72.67806349474142
776.2500217676163,-72.67474201748138,-72.67474201748138
776.2600217676163,-72.67142529456507,-72.67142529456507
776.2700217676163,-72.66811361735313,-72.66811361735313
776.2800217676163,-72.66480727299208,-72.66480727299208
776.2900217676163,-72.66150654446884,-72.66150654446884
776.3000217676163,-72.65821171061708,-72.65821171061708
776.3100217676163,-72.65492304618593,-72.65492304618593
776.3200217676163,-72.6516408218267,-72.6516408218267
776.3300217676162,-72.64836530416076,-72.64836530416076
776.3400217676162,-72.64509675579795,-72.64509675579795
776.3500217676162,-72.64183543537445,-72.64183543537445
776.3600217676162,-72.63858159758036,-72.63858159758036
776.3700217676163,-72.63533549319436,-72.63533549319436
776.3800217676163,-72.63209736912766,-72.63209736912766
776.3900217676163,-72.62886746845041,-72.62886746845041
776.4000217676163,-72.62564603041898,-72.62564603041898
776.4100217676163,-72.62243329053477,-72.62243329053477
776.4200217676163,-72.61922948054672,-72.61922948054672
776.4300217676163,-72.61603482849416,-72.61603482849416
776.4400217676163,-72.61284955877245,-72.61284955877245
776.4500217676162,-72.60967389213319,-72.60967389213319
776.4600217676162,-72.60650804572438,-72.60650804572438
776.4700217676162,-72.6033522331438,-72.6033522331438
776.4800217676162,-72.60020666445708,-72.60020666445708
776.4900217676163,-72.59707154622976,-72.59707154622976
776.5000217676163,-72.59394708158526,-72.59394708158526
776.5100217676163,-72.59083347021677,-72.59083347021677
776.5200217676163,-72.5877309084315,-72.5877309084315
776.5300217676163,-72.58463958919613,-72.58463958919613
776.5400217676163,-72.58155970214864,-72.58155970214864
776.5500217676163,-72.57849143364967,-72.57849143364967
776.5600217676163,-72.57543496681775,-72.57543496681775
776.5700217676163,-72.572390481553,-72.572390481553
776.5800217676162,-72.5693581545864,-72.5693581545864
776.5900217676162,-72.56633815951245,-72.56633815951245
776.6000217676162,-72.56333066680625,-72.56333066680625
776.6100217676162,-72.56033584388152,-72.56033584388152
776.6200217676163,-72.55735385510948,-72.55735385510948
776.6300217676163,-72.55438486185598,-72.55438486185598
776.6400217676163,-72.55142902253525,-72.55142902253525
776.6500217676163,-72.54848649259934,-72.54848649259934
776.6600217676163,-72.54555742460798,-72.54555742460798
776.6700217676163,-72.5426419682539,-72.5426419682539
776.6800217676163,-72.53974027041286,-72.53974027041286
776.6900217676163,-72.53685247513127,-72.53685247513127
776.7000217676162,-72.53397872370032,-72.53397872370032
776.7100217676162,-72.5311128299854,-72.5311128299854
776.7200217676162,-72.52825216185035,-72.52825216185035
776.7300217676162,-72.5253955084816,-72.5253955084816
776.7400217676163,-72.52254231690051,-72.52254231690051
776.7500217676163,-72.51969240008476,-72.51969240008476
776.7600217676163,-72.51684578504315,-72.51684578504315
776.7700217676163,-72.51400262360312,-72.51400262360312
776.7800217676163,-72.51116313873266,-72.51116313873266
776.7900217676163,-72.5083275921743,-72.5083275921743
776.8000217676163,-72.50549626504346,-72.50549626504346
776.8100217676163,-72.50266944624889,-72.50266944624889
776.8200217676163,-72.49984742569578,-72.49984742569578
776.8300217676162,-72.4970304903894,-72.4970304903894
776.8400217676162,-72.49421892233534,-72.49421892233534
776.8500217676162,-72.49141299751167,-72.49141299751167
776.8600217676162,-72.4886129854403,-72.4886129854403
776.8700217676163,-72.48581914919207,-72.48581914919207
776.8800217676163,-72.48303174558121,-72.48303174558121
776.8900217676163,-72.48025102543372,-72.48025102543372
776.9000217914581,-72.4774772273157,-72.4774772273157
776.9100217914581,-72.47471060431968,-72.47471060431968
776.9200217914581,-72.47195138470907,-72.47195138470907
776.9300217914581,-72.46919979869077,-72.46919979869077
776.9400217914581,-72.46645607207269,-72.46645607207269
776.9500217914581,-72.46372042649189,-72.46372042649189
776.9600217914581,-72.46098676136344,-72.46098676136344
776.9700217914582,-72.45825252566958,-72.45825252566958
776.9800217914582,-72.45551658743193,-72.45551658743193
776.9900217914582,-72.45277847099898,-72.45277847099898
777.0000217914582,-72.45003806558847,-72.45003806558847
777.0100217914581,-72.44729547359049,-72.44729547359049
777.0200217914581,-72.44455092150885,-72.44455092150885
777.0300217914581,-72.44180470635135,-72.44180470635135
777.0400217914581,-72.43905716340718,-72.43905716340718
777.0500217914581,-72.436308646844,-72.436308646844
777.0600217914581,-72.43355951816332,-72.43355951816332
777.0700217914581,-72.43081013945931,-72.43081013945931
777.0800217914581,-72.42806086950056,-72.42806086950056
777.0900217914582,-72.42531206166012,-72.42531206166012
777.1000217914582,-72.42256406287872,-72.42256406287872
777.1100217914582,-72.41981721326096,-72.41981721326096
777.1200217914582,-72.41707184605195,-72.41707184605195
777.1300217914581,-72.4143282878101,-72.4143282878101
777.1400217914581,-72.41158685870394,-72.41158685870394
777.1500217914581,-72.40884787282545,-72.40884787282545
777.1600217914581,-72.4061116385192,-72.4061116385192
777.1700217914581,-72.40337845869868,-72.40337845869868
777.1800217914581,-72.40064863116389,-72.40064863116389
777.1900217914581,-72.39792244882297,-72.39792244882297
777.2000217914581,-72.39520019995845,-72.39520019995845
777.2100217914581,-72.39248216841564,-72.39248216841564
777.2200217914582,-72.38976863378592,-72.38976863378592
777.2300217914582,-72.38705987156727,-72.38705987156727
777.2400217914582,-72.38435615327383,-72.38435615327383
777.2500217914582,-72.38165774657921,-72.38165774657921
777.2600217914581,-72.37896491538513,-72.37896491538513
777.2700217914581,-72.37627791993026,-72.37627791993026
777.2800217914581,-72.37359701684046,-72.37359701684046
777.2900217914581,-72.37092245920171,-72.37092245920171
777.3000217914581,-72.36825449661596,-72.36825449661596
777.3100217914581,-72.36559337523025,-72.36559337523025
777.3200217914581,-72.36293933778495,-72.36293933778495
777.3300217914581,-72.36029262365726,-72.36029262365726
777.3400217914582,-72.3576534688797,-72.3576534688797
777.3500217914582,-72.3550221061789,-72.3550221061789
777.3600217914582,-72.35239876499013,-72.35239876499013
777.3700217914582,-72.34978367147146,-72.34978367147146
777.3800217914581,-72.3471770485486,-72.3471770485486
777.3900217914581,-72.34457911591954,-72.34457911591954
777.4000217914581,-72.34199009006569,-72.34199009006569
777.4100217914581,-72.33941018428673,-72.33941018428673
777.4200217914581,-72.33683960871166,-72.33683960871166
777.4300217914581,-72.33427857029326,-72.33427857029326
777.4400217914581,-72.33172727287074,-72.33172727287074
777.4500217914581,-72.3291859171432,-72.3291859171432
777.4600217914581,-72.3266547007135,-72.3266547007135
777.4700217914582,-72.32413381808678,-72.32413381808678
777.4800217914582,-72.32162346070513,-72.32162346070513
777.4900217914582,-72.31912381694889,-72.31912381694889
777.5000217914582,-72.31663507216655,-72.31663507216655
777.5100217914581,-72.31415740868545,-72.31415740868545
777.5200217914581,-72.31169100582603,-72.31169100582603
777.5300217914581,-72.30923603993429,-72.30923603993429
777.5400217914581,-72.30679268440466,-72.30679268440466
777.5500217914581,-72.30436110968047,-72.30436110968047
777.5600217914581,-72.3019414832756,-72.3019414832756
777.5700217914581,-72.29953396982457,-72.29953396982457
777.5800217914581,-72.29713873106536,-72.29713873106536
777.5900217914582,-72.29475592587852,-72.29475592587852
777.6000217914582,-72.29238571032494,-72.29238571032494
777.6100217914582,-72.29002823763372,-72.29002823763372
777.6200217914582,-72.28768365825451,-72.28768365825451
777.6300217914581,-72.28535211986123,-72.28535211986123
777.6400217914581,-72.2830337673887,-72.2830337673887
777.6500217914581,-72.28072874305514,-72.28072874305514
777.6600217914581,-72.27843718637888,-72.27843718637888
777.6700217914581,-72.27615923420247,-72.27615923420247
777.6800217914581,-72.27389502071951,-72.27389502071951
777.6900217914581,-72.27164467751265,-72.27164467751265
777.7000217914581,-72.26940833355464,-72.26940833355464
777.7100217914581,-72.26718611524434,-72.26718611524434
777.7200217914582,-72.26497814643179,-72.26497814643179
777.7300217914582,-72.26278454846064,-72.26278454846064
777.7400217914582,-72.26060544016114,-72.26060544016114
777.7500218153,-72.25844093274586,-72.25844093274586
777.7600218153,-72.25629115047934,-72.25629115047934
777.7700218153,-72.25415619966613,-72.25415619966613
777.7800218153,-72.2520361894112,-72.2520361894112
777.7900218153,-72.24993122645309,-72.24993122645309
777.8000218152999,-72.24784141519243,-72.24784141519243
777.8100218152999,-72.24576685770366,-72.24576685770366
777.8200218153,-72.24370765377898,-72.24370765377898
777.8300218153,-72.24166390095499,-72.24166390095499
777.8400218153,-72.23963569451384,-72.23963569451384
777.8500218153,-72.23762312753638,-72.23762312753638
777.8600218153,-72.2356262909195,-72.2356262909195
777.8700218153,-72.23364527339677,-72.23364527339677
777.8800218153,-72.23168016156644,-72.23168016156644
777.8900218153,-72.22973103991642,-72.22973103991642
777.9000218153,-72.22779799086692,-72.22779799086692
777.9100218153,-72.22588109476207,-72.22588109476207
777.9200218153,-72.2239804299314,-72.2239804299314
777.9300218152999,-72.2220960726845,-72.2220960726845
777.9400218153,-72.22022809735873,-72.22022809735873
777.9500218153,-72.21837657633573,-72.21837657633573
777.9600218153,-72.21654158006248,-72.21654158006248
777.9700218153,-72.21472317708891,-72.21472317708891
777.9800218153,-72.21292143407442,-72.21292143407442
777.9900218153,-72.21113641581957,-72.21113641581957
778.0000218153,-72.20936818530103,-72.20936818530103
778.0100218153,-72.20761680368886,-72.20761680368886
778.0200218153,-72.20588233035818,-72.20588233035818
778.0300218153,-72.20416482293885,-72.20416482293885
778.0400218153,-72.20246433730951,-72.20246433730951
778.0500218152999,-72.20078092764395,-72.20078092764395
778.0600218152999,-72.19911464642131,-72.19911464642131
778.0700218153,-72.19746554446066,-72.19746554446066
778.0800218153,-72.19583367094664,-72.19583367094664
778.0900218153,-72.19421907340879,-72.19421907340879
778.1000218153,-72.19262179781758,-72.19262179781758
778.1100218153,-72.19104188854405,-72.19104188854405
778.1200218153,-72.18947938840454,-72.18947938840454
778.1300218153,-72.18793433869935,-72.18793433869935
778.1400218153,-72.1864067791987,-72.1864067791987
778.1500218153,-72.18489674820006,-72.18489674820006
778.1600218153,-72.18340428252937,-72.18340428252937
778.1700218153,-72.18192941756622,-72.18192941756622
778.1800218152999,-72.18047218725495,-72.18047218725495
778.1900218153,-72.17903262413645,-72.17903262413645
778.2000218153,-72.1776107593877,-72.1776107593877
778.2100218153,-72.17620662279289,-72.17620662279289
778.2200218153,-72.17482024281077,-72.17482024281077
778.2300218153,-72.1734516465634,-72.1734516465634
778.2400218153,-72.17210085986619,-72.17210085986619
778.2500218153,-72.17076790727205,-72.17076790727205
778.2600218153,-72.16945281203911,-72.16945281203911
778.2700218153,-72.1681555961861,-72.1681555961861
778.2800218153,-72.1668762805088,-72.1668762805088
778.2900218153,-72.16561488459227,-72.16561488459227
778.3000218152999,-72.16437142681872,-72.16437142681872
778.3100218152999,-72.16314592439929,-72.16314592439929
778.3200218153,-72.16193839339407,-72.16193839339407
778.3300218153,-72.16074884873227,-72.16074884873227
778.3400218153,-72.15957730419414,-72.15957730419414
778.3500218153,-72.1584237724821,-72.1584237724821
778.3600218153,-72.1572882651904,-72.1572882651904
778.3700218153,-72.1561707928663,-72.1561707928663
778.3800218153,-72.1550713649883,-72.1550713649883
778.3900218153,-72.15398998998855,-72.15398998998855
778.4000218153,-72.15292667528868,-72.15292667528868
778.4100218153,-72.15188142730727,-72.15188142730727
778.4200218153,-72.15085425147292,-72.15085425147292
778.4300218152999,-72.14984515222976,-72.14984515222976
778.4400218153,-72.14885413306644,-72.14885413306644
778.4500218153,-72.14788119653734,-72.14788119653734
778.4600218153,-72.14692634426646,-72.14692634426646
778.4700218153,-72.14598957694926,-72.14598957694926
778.4800218153,-72.1450708943967,-72.1450708943967
778.4900218153,-72.1441702955321,-72.1441702955321
778.5000218153,-72.14328777840291,-72.14328777840291
778.5100218153,-72.14242334019802,-72.14242334019802
778.5200218153,-72.14157697727377,-72.14157697727377
778.5300218153,-72.14074868515027,-72.14074868515027
778.5400218153,-72.13993845852976,-72.13993845852976
778.5500218152999,-72.1391462913142,-72.1391462913142
778.5600218152999,-72.13837217662604,-72.13837217662604
778.5700218153,-72.13761610679411,-72.13761610679411
778.5800218153,-72.13687807340045,-72.13687807340045
778.5900218153,-72.13615806725946,-72.13615806725946
778.6000218391418,-72.13545607679102,-72.13545607679102
778.6100218391418,-72.13477209474209,-72.13477209474209
778.6200218391418,-72.13410610803054,-72.13410610803054
778.6300218391418,-72.13345810460011,-72.13345810460011
778.6400218391418,-72.1328280717027,-72.1328280717027
778.6500218391418,-72.13221599591418,-72.13221599591418
778.6600218391418,-72.1316218631358,-72.1316218631358
778.6700218391419,-72.13104565861653,-72.13104565861653
778.6800218391419,-72.1304873669597,-72.1304873669597
778.6900218391419,-72.12994697214094,-72.12994697214094
778.7000218391419,-72.12942445749603,-72.12942445749603
778.7100218391419,-72.12891980576634,-72.12891980576634
778.7200218391419,-72.12843299907982,-72.12843299907982
778.7300218391418,-72.12796401897363,-72.12796401897363
778.7400218391418,-72.12751284641472,-72.12751284641472
778.7500218391418,-72.12707946178648,-72.12707946178648
778.7600218391418,-72.12666384491976,-72.12666384491976
778.7700218391418,-72.12626597508284,-72.12626597508284
778.7800218391418,-72.12588583101113,-72.12588583101113
778.7900218391419,-72.1255233909045,-72.1255233909045
778.8000218391419,-72.12517863243976,-72.12517863243976
778.8100218391419,-72.12485153278732,-72.12485153278732
778.8200218391419,-72.12454206859852,-72.12454206859852
778.8300218391419,-72.12425021605088,-72.12425021605088
778.8400218391419,-72.12397595081485,-72.12397595081485
778.8500218391418,-72.12371924808829,-72.12371924808829
778.8600218391418,-72.12348008260422,-72.12348008260422
778.8700218391418,-72.12325842863756,-72.12325842863756
778.8800218391418,-72.12305426000356,-72.12305426000356
778.8900218391418,-72.12286755008051,-72.12286755008051
778.9000218391418,-72.12269827179871,-72.12269827179871
778.9100218391418,-72.12254639767548,-72.12254639767548
778.9200218391419,-72.12241189979864,-72.12241189979864
778.9300218391419,-72.12229474985871,-72.12229474985871
778.9400218391419,-72.12219491912084,-72.12219491912084
778.9500218391419,-72.12211237846854,-72.12211237846854
778.9600218391419,-72.12204709838706,-72.12204709838706
778.9700218391419,-72.12199904899151,-72.12199904899151
778.9800218391418,-72.12196820001051,-72.12196820001051
778.9900218391418,-72.12195452080331,-72.12195452080331
779.0000218391418,-72.12195798038293,-72.12195798038293
779.0100218391418,-72.12197854740637,-72.12197854740637
779.0200218391418,-72.12201619017547,-72.12201619017547
779.0300218391418,-72.12207087665405,-72.12207087665405
779.0400218391419,-72.12214257447296,-72.12214257447296
779.0500218391419,-72.12223125094715,-72.12223125094715
779.0600218391419,-72.12233687306454,-72.12233687306454
779.0700218391419,-72.12245940748907,-72.12245940748907
779.0800218391419,-72.1225988205966,-72.1225988205966
779.0900218391419,-72.12275507844872,-72.12275507844872
779.1000218391418,-72.1229281468137,-72.1229281468137
779.1100218391418,-72.12311799117036,-72.12311799117036
779.1200218391418,-72.12332457672142,-72.12332457672142
779.1300218391418,-72.1235478683876,-72.1235478683876
779.1400218391418,-72.12378783081824,-72.12378783081824
779.1500218391418,-72.12404442839244,-72.12404442839244
779.1600218391418,-72.1243176252462,-72.1243176252462
779.1700218391419,-72.12460738523879,-72.12460738523879
779.1800218391419,-72.12491367199489,-72.12491367199489
779.1900218391419,-72.12523644888947,-72.12523644888947
779.2000218391419,-72.12557567906028,-72.12557567906028
779.2100218391419,-72.12593132541897,-72.12593132541897
779.2200218391419,-72.12630335063116,-72.12630335063116
779.2300218391418,-72.12669171715172,-72.12669171715172
779.2400218391418,-72.12709638722586,-72.12709638722586
779.2500218391418,-72.12751732286881,-72.12751732286881
779.2600218391418,-72.1279544859015,-72.1279544859015
779.2700218391418,-72.12840783792358,-72.12840783792358
779.2800218391418,-72.12887734034453,-72.12887734034453
779.2900218391419,-72.1293629543918,-72.1293629543918
779.3000218391419,-72.12986464109028,-72.12986464109028
779.3100218391419,-72.13038236128673,-72.13038236128673
779.3200218391419,-72.1309160756397,-72.1309160756397
779.3300218391419,-72.13146574463352,-72.13146574463352
779.3400218391419,-72.1320313285781,-72.1320313285781
779.3500218391418,-72.13261278762222,-72.13261278762222
779.3600218391418,-72.13321008175113,-72.13321008175113
779.3700218391418,-72.13382317077753,-72.13382317077753
779.3800218391418,-72.13445201437122,-72.13445201437122
779.3900218391418,-72.13509657206063,-72.13509657206063
779.4000218391418,-72.13575680319764,-72.13575680319764
779.4100218391418,-72.13643266701166,-72.13643266701166
779.4200218391419,-72.13712412258731,-72.13712412258731
779.4300218391419,-72.13783112887384,-72.13783112887384
779.4400218391419,-72.1385536446884,-72.1385536446884
779.4500218629837,-72.13929163047789,-72.13929163047789
779.4600218629837,-72.140038748539,-72.140038748539
779.4700218629837,-72.14079220296196,-72.14079220296196
779.4800218629837,-72.14155061107972,-72.14155061107972
779.4900218629837,-72.14231324593386,-72.14231324593386
779.5000218629837,-72.14307974620226,-72.14307974620226
779.5100218629836,-72.14384996538462,-72.14384996538462
779.5200218629838,-72.14462388326473,-72.14462388326473
779.5300218629837,-72.14540155268746,-72.14540155268746
779.5400218629837,-72.14618306750043,-72.14618306750043
779.5500218629837,-72.14696854331156,-72.14696854331156
779.5600218629837,-72.14775810600078,-72.14775810600078
779.5700218629837,-72.14855188497596,-72.14855188497596
779.5800218629837,-72.14935000930046,-72.14935000930046
779.5900218629837,-72.15015260557627,-72.15015260557627
779.6000218629837,-72.15095979689075,-72.15095979689075
779.6100218629837,-72.15177170238044,-72.15177170238044
779.6200218629837,-72.15258843718118,-72.15258843718118
779.6300218629837,-72.15341011257918,-72.15341011257918
779.6400218629838,-72.15423683626406,-72.15423683626406
779.6500218629837,-72.15506871261259,-72.15506871261259
779.6600218629837,-72.15590584299439,-72.15590584299439
779.6700218629837,-72.15674832606592,-72.15674832606592
779.6800218629837,-72.15759625803743,-72.15759625803743
779.6900218629837,-72.15844973290325,-72.15844973290325
779.7000218629837,-72.15930884266193,-72.15930884266193
779.7100218629837,-72.16017367748775,-72.16017367748775
779.7200218629837,-72.16104432590204,-72.16104432590204
779.7300218629837,-72.16192087488598,-72.16192087488598
779.7400218629837,-72.16280341000316,-72.16280341000316
779.7500218629837,-72.16369201549286,-72.16369201549286
779.7600218629836,-72.16458677434579,-72.16458677434579
779.7700218629838,-72.16548776837307,-72.16548776837307
779.7800218629837,-72.16639507824401,-72.16639507824401
779.7900218629837,-72.16730878353793,-72.16730878353793
779.8000218629837,-72.16822896278322,-72.16822896278322
779.8100218629837,-72.16915569347513,-72.16915569347513
779.8200218629837,-72.17008905209458,-72.17008905209458
779.8300218629837,-72.17102911413865,-72.17102911413865
779.8400218629837,-72.1719759541072,-72.1719759541072
779.8500218629837,-72.17292964553876,-72.17292964553876
779.8600218629837,-72.17389026099345,-72.17389026099345
779.8700218629837,-72.17485787207403,-72.17485787207403
779.8800218629837,-72.17583254940509,-72.17583254940509
779.8900218629838,-72.17681436266209,-72.17681436266209
779.9000218629837,-72.17780338054565,-72.17780338054565
779.9100218629837,-72.17879967078694,-72.17879967078694
779.9200218629837,-72.17980330014869,-72.17980330014869
779.9300218629837,-72.18081433441283,-72.18081433441283
779.9400218629837,-72.18183283839846,-72.18183283839846
779.9500218629837,-72.1828588759284,-72.1828588759284
779.9600218629837,-72.18389250984534,-72.18389250984534
779.9700218629837,-72.18493380200317,-72.18493380200317
779.9800218629837,-72.18598281326965,-72.18598281326965
779.9900218629837,-72.1870396035122,-72.1870396035122
780.0000218629837,-72.18810423160691,-72.18810423160691
780.0100218629836,-72.18917675542289,-72.18917675542289
780.0200218629838,-72.19025723183117,-72.19025723183117
780.0300218629837,-72.19134571670362,-72.19134571670362
780.0400218629837,-72.19244226489845,-72.19244226489845
780.0500218629837,-72.19354693027152,-72.19354693027152
780.0600218629837,-72.1946597656796,-72.1946597656796
780.0700218629837,-72.19578082296023,-72.19578082296023
780.0800218629837,-72.196910152962,-72.196910152962
780.0900218629837,-72.1980478055195,-72.1980478055195
780.1000218629837,-72.19919382945685,-72.19919382945685
780.1100218629837,-72.20034827260793,-72.20034827260793
780.1200218629837,-72.20151118180564,-72.20151118180564
780.1300218629837,-72.20268260287177,-72.20268260287177
780.1400218629838,-72.20386258064758,-72.20386258064758
780.1500218629837,-72.20505115898541,-72.20505115898541
780.1600218629837,-72.20624838074126,-72.20624838074126
780.1700218629837,-72.2074542877865,-72.2074542877865
780.1800218629837,-72.2086689210206,-72.2086689210206
780.1900218629837,-72.20989232036398,-72.20989232036398
780.2000218629837,-72.21112452475656,-72.21112452475656
780.2100218629837,-72.21235927320222,-72.21235927320222
780.2200218629837,-72.21359384354696,-72.21359384354696
780.2300218629837,-72.21482692881226,-72.21482692881226
780.2400218629837,-72.21605787722564,-72.21605787722564
780.2500218629837,-72.21728640196018,-72.21728640196018
780.2600218629836,-72.2185124302671,-72.2185124302671
780.2700218629838,-72.21973601493033,-72.21973601493033
780.2800218629837,-72.22095728105988,-72.22095728105988
780.2900218629837,-72.22217639403614,-72.22217639403614
780.3000218868256,-72.22339354320523,-72.22339354320523
780.3100218868256,-72.22460891875532,-72.22460891875532
780.3200218868255,-72.22582272243898,-72.22582272243898
780.3300218868255,-72.22703515206095,-72.22703515206095
780.3400218868255,-72.2282464022682,-72.2282464022682
780.3500218868255,-72.22945666349256,-72.22945666349256
780.3600218868255,-72.23066612154534,-72.23066612154534
780.3700218868256,-72.23187495754317,-72.23187495754317
780.3800218868256,-72.2330833480588,-72.2330833480588
780.3900218868256,-72.23429146536787,-72.23429146536787
780.4000218868256,-72.2354994777531,-72.2354994777531
780.4100218868256,-72.23670754980388,-72.23670754980388
780.4200218868256,-72.23791584270417,-72.23791584270417
780.4300218868256,-72.23912451450323,-72.23912451450323
780.4400218868255,-72.24033372034167,-72.24033372034167
780.4500218868255,-72.2415436126995,-72.2415436126995
780.4600218868255,-72.24274804044589,-72.24274804044589
780.4700218868255,-72.24394439138635,-72.24394439138635
780.4800218868255,-72.24513146776368,-72.24513146776368
780.4900218868256,-72.24630872605579,-72.24630872605579
780.5000218868256,-72.24747598676655,-72.24747598676655
780.5100218868256,-72.24863328353224,-72.24863328353224
780.5200218868256,-72.24978077465825,-72.24978077465825
780.5300218868256,-72.2509186899446,-72.2509186899446
780.5400218868256,-72.25204729868526,-72.25204729868526
780.5500218868256,-72.2531668904543,-72.2531668904543
780.5600218868256,-72.25427776365862,-72.25427776365862
780.5700218868255,-72.25538021881579,-72.25538021881579
780.5800218868255,-72.25647455469485,-72.25647455469485
780.5900218868255,-72.2575610662077,-72.2575610662077
780.6000218868255,-72.25864004336479,-72.25864004336479
780.6100218868255,-72.25971177083298,-72.25971177083298
780.6200218868256,-72.26077652787949,-72.26077652787949
780.6300218868256,-72.26183458854656,-72.26183458854656
780.6400218868256,-72.26288622185156,-72.26288622185156
780.6500218868256,-72.26393169211012,-72.26393169211012
780.6600218868256,-72.26497125921776,-72.26497125921776
780.6700218868256,-72.26600517892926,-72.26600517892926
780.6800218868256,-72.26703370312572,-72.26703370312572
780.6900218868255,-72.2680570800535,-72.2680570800535
780.7000218868255,-72.26907555451103,-72.26907555451103
780.7100218868255,-72.27008936804329,-72.27008936804329
780.7200218868255,-72.27109875907585,-72.27109875907585
780.7300218868255,-72.27210396305759,-72.27210396305759
780.7400218868256,-72.27310521255252,-72.27310521255252
780.7500218868256,-72.27410273734517,-72.27410273734517
780.7600218868256,-72.27509676451425,-72.27509676451425
780.7700218868256,-72.27608751848045,-72.27608751848045
780.7800218868256,-72.2770752210816,-72.2770752210816
780.7900218868256,-72.2780600915825,-72.2780600915825
780.8000218868256,-72.27904234672873,-72.27904234672873
780.8100218868256,-72.28002220077873,-72.28002220077873
780.8200218868255,-72.28099986551118,-72.28099986551118
780.8300218868255,-72.28197555024865,-72.28197555024865
780.8400218868255,-72.28294946187803,-72.28294946187803
780.8500218868255,-72.28392180485433,-72.28392180485433
780.8600218868255,-72.28489278120597,-72.28489278120597
780.8700218868256,-72.28586259054687,-72.28586259054687
780.8800218868256,-72.28683143008355,-72.28683143008355
780.8900218868256,-72.28779949462539,-72.28779949462539
780.9000218868256,-72.2887669765728,-72.2887669765728
780.9100218868256,-72.28973406593654,-72.28973406593654
780.9200218868256,-72.29070095032739,-72.29070095032739
780.9300218868256,-72.29166781498068,-72.29166781498068
780.9400218868255,-72.29263484274742,-72.29263484274742
780.9500218868255,-72.29360221408491,-72.29360221408491
780.9600218868255,-72.29457010707875,-72.29457010707875
780.9700218868255,-72.29553869745179,-72.29553869745179
780.9800218868255,-72.29650815855703,-72.29650815855703
780.9900218868256,-72.29747866138679,-72.29747866138679
781.0000218868256,-72.29845037458932,-72.29845037458932
781.0100218868256,-72.29942346444813,-72.29942346444813
781.0200218868256,-72.30039809491169,-72.30039809491169
781.0300218868256,-72.3013744276148,-72.3013744276148
781.0400218868256,-72.30235262185926,-72.30235262185926
781.0500218868256,-72.3033328346329,-72.3033328346329
781.0600218868256,-72.30431522061754,-72.30431522061754
781.0700218868255,-72.30529993221325,-72.30529993221325
781.0800218868255,-72.30628711953086,-72.30628711953086
781.0900218868255,-72.30727693041852,-72.30727693041852
781.1000218868255,-72.30826951046652,-72.30826951046652
781.1100218868255,-72.30926500302388,-72.30926500302388
781.1200218868256,-72.3102635492026,-72.3102635492026
781.1300218868256,-72.311265287906,-72.311265287906
781.1400218868256,-72.31227035582603,-72.31227035582603
781.1500219106674,-72.31327888988243,-72.31327888988243
781.1600219106674,-72.31429101760732,-72.31429101760732
781.1700219106674,-72.3153068715812,-72.3153068715812
781.1800219106674,-72.31632657983802,-72.31632657983802
781.1900219106674,-72.31735026830711,-72.31735026830711
781.2000219106674,-72.31837806078534,-72.31837806078534
781.2100219106674,-72.31941007899873,-72.31941007899873
781.2200219106675,-72.32044644258765,-72.32044644258765
781.2300219106675,-72.32148726915302,-72.32148726915302
781.2400219106675,-72.32253267423586,-72.32253267423586
781.2500219106674,-72.32358277137837,-72.32358277137837
781.2600219106674,-72.32463767210905,-72.32463767210905
781.2700219106674,-72.32569748597325,-72.32569748597325
781.2800219106674,-72.32676232056062,-72.32676232056062
781.2900219106674,-72.32783228150518,-72.32783228150518
781.3000219106674,-72.32890747252817,-72.32890747252817
781.3100219106674,-72.32998799544005,-72.32998799544005
781.3200219106674,-72.33107395015412,-72.33107395015412
781.3300219106674,-72.33216543472044,-72.33216543472044
781.3400219106675,-72.33326254534359,-72.33326254534359
781.3500219106675,-72.33436537639776,-72.33436537639776
781.3600219106675,-72.33547402044753,-72.33547402044753
781.3700219106674,-72.33658856826804,-72.33658856826804
781.3800219106674,-72.33770910885497,-72.33770910885497
781.3900219106674,-72.33883572947522,-72.33883572947522
781.4000219106674,-72.33996851563927,-72.33996851563927
781.4100219106674,-72.34110755116089,-72.34110755116089
781.4200219106674,-72.34225291815987,-72.34225291815987
781.4300219106674,-72.34340469707388,-72.34340469707388
781.4400219106674,-72.34456296670079,-72.34456296670079
781.4500219106674,-72.34572780420814,-72.34572780420814
781.4600219106674,-72.34689928512924,-72.34689928512924
781.4700219106675,-72.34807748343388,-72.34807748343388
781.4800219106675,-72.349262471504,-72.349262471504
781.4900219106675,-72.35045432015045,-72.35045432015045
781.5000219106674,-72.35165309867158,-72.35165309867158
781.5100219106674,-72.35285887483546,-72.35285887483546
781.5200219106674,-72.35407171491936,-72.35407171491936
781.5300219106674,-72.35529168371704,-72.35529168371704
781.5400219106674,-72.35651884456394,-72.35651884456394
781.5500219106674,-72.35775325935286,-72.35775325935286
781.5600219106674,-72.35899498855761,-72.35899498855761
781.5700219106674,-72.3602440912538,-72.3602440912538
781.5800219106674,-72.36150062511729,-72.36150062511729
781.5900219106675,-72.36276464646055,-72.36276464646055
781.6000219106675,-72.36403621026203,-72.36403621026203
781.6100219106675,-72.3653153701569,-72.3653153701569
781.6200219106674,-72.36660217846118,-72.36660217846118
781.6300219106674,-72.36789668620152,-72.36789668620152
781.6400219106674,-72.36919894313647,-72.36919894313647
781.6500219106674,-72.37050899774219,-72.37050899774219
781.6600219106674,-72.37182689727314,-72.37182689727314
781.6700219106674,-72.37315268774339,-72.37315268774339
781.6800219106674,-72.37448641396556,-72.37448641396556
781.6900219106674,-72.37582811956224,-72.37582811956224
781.7000219106674,-72.37717784696567,-72.37717784696567
781.7100219106674,-72.37853563746216,-72.37853563746216
781.7200219106675,-72.3799015311936,-72.3799015311936
781.7300219106675,-72.3812755671809,-72.3812755671809
781.7400219106675,-72.38265778331142,-72.38265778331142
781.7500219106674,-72.38404821640081,-72.38404821640081
781.7600219106674,-72.38544690217746,-72.38544690217746
781.7700219106674,-72.38685387530442,-72.38685387530442
781.7800219106674,-72.38826916940133,-72.38826916940133
781.7900219106674,-72.38969281705063,-72.38969281705063
781.8000219106674,-72.39112484981698,-72.39112484981698
781.8100219106674,-72.39256529826481,-72.39256529826481
781.8200219106674,-72.39401419196203,-72.39401419196203
781.8300219106674,-72.3954715595128,-72.3954715595128
781.8400219106675,-72.39693742855262,-72.39693742855262
781.8500219106675,-72.3984118257902,-72.3984118257902
781.8600219106675,-72.3998947769719,-72.3998947769719
781.8700219106674,-72.4013863069534,-72.4013863069534
781.8800219106674,-72.40288643966963,-72.40288643966963
781.8900219106674,-72.40439519817257,-72.40439519817257
781.9000219106674,-72.40591260464392,-72.40591260464392
781.9100219106674,-72.40743868038884,-72.40743868038884
781.9200219106674,-72.40897344587137,-72.40897344587137
781.9300219106674,-72.41051692071338,-72.41051692071338
781.9400219106674,-72.41206912371241,-72.41206912371241
781.9500219106674,-72.41363007284664,-72.41363007284664
781.9600219106674,-72.4151934701753,-72.4151934701753
781.9700219106675,-72.41675656648135,-72.41675656648135
781.9800219106675,-72.4183180313251,-72.4183180313251
781.9900219106675,-72.41987719097753,-72.41987719097753
782.0000219345093,-72.42143374115419,-72.42143374115419
782.0100219345093,-72.42298758100264,-72.42298758100264
782.0200219345093,-72.4245387467025,-72.4245387467025
782.0300219345093,-72.42608734331219,-72.42608734331219
782.0400219345092,-72.42763351640411,-72.42763351640411
782.0500219345092,-72.42917743284885,-72.42917743284885
782.0600219345092,-72.43071926930632,-72.43071926930632
782.0700219345093,-72.43225920550356,-72.43225920550356
782.0800219345093,-72.43379742038701,-72.43379742038701
782.0900219345093,-72.43533408997233,-72.43533408997233
782.1000219345093,-72.43686938632133,-72.43686938632133
782.1100219345093,-72.43840347711962,-72.43840347711962
782.1200219345093,-72.43993652560015,-72.43993652560015
782.1300219345093,-72.44146869071324,-72.44146869071324
782.1400219345093,-72.44300012737682,-72.44300012737682
782.1500219345093,-72.44453098675113,-72.44453098675113
782.1600219345092,-72.44606141657724,-72.44606141657724
782.1700219345092,-72.44759156144528,-72.44759156144528
782.1800219345092,-72.44912156305307,-72.44912156305307
782.1900219345093,-72.45065156046496,-72.45065156046496
782.2000219345093,-72.45218169032955,-72.45218169032955
782.2100219345093,-72.45370576888156,-72.45370576888156
782.2200219345093,-72.45522116171354,-72.45522116171354
782.2300219345093,-72.45672665270861,-72.45672665270861
782.2400219345093,-72.45822168169951,-72.45822168169951
782.2500219345093,-72.45970605346248,-72.45970605346248
782.2600219345093,-72.46117978651779,-72.46117978651779
782.2700219345093,-72.46264302448631,-72.46264302448631
782.2800219345093,-72.46409598281387,-72.46409598281387
782.2900219345092,-72.46553891672667,-72.46553891672667
782.3000219345092,-72.46697210202129,-72.46697210202129
782.3100219345092,-72.46839582358325,-72.46839582358325
782.3200219345093,-72.46981036866879,-72.46981036866879
782.3300219345093,-72.47121602304436,-72.47121602304436
782.3400219345093,-72.47261306888132,-72.47261306888132
782.3500219345093,-72.4740017836849,-72.4740017836849
782.3600219345093,-72.47538243989183,-72.47538243989183
782.3700219345093,-72.47675530479219,-72.47675530479219
782.3800219345093,-72.47812064068606,-72.47812064068606
782.3900219345093,-72.47947870511649,-72.47947870511649
782.4000219345093,-72.48082975116091,-72.48082975116091
782.4100219345092,-72.48217402772143,-72.48217402772143
782.4200219345092,-72.48351177980668,-72.48351177980668
782.4300219345092,-72.48484324878541,-72.48484324878541
782.4400219345093,-72.48616867262531,-72.48616867262531
782.4500219345093,-72.48748828610218,-72.48748828610218
782.4600219345093,-72.4888023209336,-72.4888023209336
782.4700219345093,-72.49011100597737,-72.49011100597737
782.4800219345093,-72.49141456731536,-72.49141456731536
782.4900219345093,-72.49271322838536,-72.49271322838536
782.5000219345093,-72.49400721006023,-72.49400721006023
782.5100219345093,-72.49529673071375,-72.49529673071375
782.5200219345093,-72.4965820062852,-72.4965820062852
782.5300219345093,-72.497863250334,-72.497863250334
782.5400219345092,-72.49914067405975,-72.49914067405975
782.5500219345092,-72.50041448634738,-72.50041448634738
782.5600219345092,-72.50168489379534,-72.50168489379534
782.5700219345093,-72.50295210072031,-72.50295210072031
782.5800219345093,-72.50421630918372,-72.50421630918372
782.5900219345093,-72.50547771898765,-72.50547771898765
782.6000219345093,-72.50673652771073,-72.50673652771073
782.6100219345093,-72.50799293069346,-72.50799293069346
782.6200219345093,-72.50924712103617,-72.50924712103617
782.6300219345093,-72.51049928962468,-72.51049928962468
782.6400219345093,-72.51174962511944,-72.51174962511944
782.6500219345093,-72.51299831395076,-72.51299831395076
782.6600219345092,-72.51424554033713,-72.51424554033713
782.6700219345092,-72.51549148627625,-72.51549148627625
782.6800219345092,-72.51673633153534,-72.51673633153534
782.6900219345093,-72.51798025367258,-72.51798025367258
782.7000219345093,-72.51922342804178,-72.51922342804178
782.7100219345093,-72.52046602775906,-72.52046602775906
782.7200219345093,-72.52170822374306,-72.52170822374306
782.7300219345093,-72.522950184704,-72.522950184704
782.7400219345093,-72.5241920771356,-72.5241920771356
782.7500219345093,-72.52543406533958,-72.52543406533958
782.7600219345093,-72.52667631141973,-72.52667631141973
782.7700219345093,-72.5279189752814,-72.5279189752814
782.7800219345093,-72.52916221464665,-72.52916221464665
782.7900219345092,-72.53040618505572,-72.53040618505572
782.8000219345092,-72.53165103987926,-72.53165103987926
782.8100219345092,-72.53289693031994,-72.53289693031994
782.8200219345093,-72.53414400541884,-72.53414400541884
782.8300219345093,-72.53539241207787,-72.53539241207787
782.8400219345093,-72.53664229506691,-72.53664229506691
782.8500219583511,-72.53789379999034,-72.53789379999034
782.8600219583511,-72.5391470614087,-72.5391470614087
782.8700219583511,-72.54040222069014,-72.54040222069014
782.8800219583511,-72.54165941416218,-72.54165941416218
782.8900219583511,-72.54291877604338,-72.54291877604338
782.9000219583511,-72.5441804384916,-72.5441804384916
782.9100219583511,-72.54544453161867,-72.54544453161867
782.9200219583512,-72.54671118346747,-72.54671118346747
782.9300219583512,-72.54798052008759,-72.54798052008759
782.9400219583512,-72.54925266547849,-72.54925266547849
782.9500219583512,-72.55052774165831,-72.55052774165831
782.9600219583511,-72.55180586864901,-72.55180586864901
782.9700219583511,-72.55308716451428,-72.55308716451428
782.9800219583511,-72.5543717453513,-72.5543717453513
782.9900219583511,-72.55565972533101,-72.55565972533101
783.0000219583511,-72.55695121669406,-72.55695121669406
783.0100219583511,-72.55824632977811,-72.55824632977811
783.0200219583511,-72.55954517303424,-72.55954517303424
783.0300219583511,-72.56084785304114,-72.56084785304114
783.0400219583512,-72.56215447452598,-72.56215447452598
783.0500219583512,-72.56346514036412,-72.56346514036412
783.0600219583512,-72.56477995162844,-72.56477995162844
783.0700219583512,-72.56609900757829,-72.56609900757829
783.0800219583512,-72.56742240569868,-72.56742240569868
783.0900219583511,-72.56875024169462,-72.56875024169462
783.1000219583511,-72.570082609535,-72.570082609535
783.1100219583511,-72.57141960144568,-72.57141960144568
783.1200219583511,-72.5727613079547,-72.5727613079547
783.1300219583511,-72.57410781788566,-72.57410781788566
783.1400219583511,-72.57545921838727,-72.57545921838727
783.1500219583511,-72.57681559494623,-72.57681559494623
783.1600219583511,-72.57817703141565,-72.57817703141565
783.1700219583512,-72.57954361002298,-72.57954361002298
783.1800219583512,-72.5809154113971,-72.5809154113971
783.1900219583512,-72.58229251457527,-72.58229251457527
783.2000219583512,-72.5836749970364,-72.5836749970364
783.2100219583511,-72.58505660624988,-72.58505660624988
783.2200219583511,-72.58643464605512,-72.58643464605512
783.2300219583511,-72.58780784140538,-72.58780784140538
783.2400219583511,-72.58917557452162,-72.58917557452162
783.2500219583511,-72.59053759329697,-72.59053759329697
783.2600219583511,-72.59189385983,-72.59189385983
783.2700219583511,-72.59324446156994,-72.59324446156994
783.2800219583511,-72.59458955795066,-72.59458955795066
783.2900219583512,-72.5959293482651,-72.5959293482651
783.3000219583512,-72.59726405241555,-72.59726405241555
783.3100219583512,-72.59859389941171,-72.59859389941171
783.3200219583512,-72.59991912064262,-72.59991912064262
783.3300219583512,-72.60123994600173,-72.60123994600173
783.3400219583511,-72.60255660180331,-72.60255660180331
783.3500219583511,-72.60386930971275,-72.60386930971275
783.3600219583511,-72.60517828635703,-72.60517828635703
783.3700219583511,-72.60648374324367,-72.60648374324367
783.3800219583511,-72.60778588695244,-72.60778588695244
783.3900219583511,-72.60908491937454,-72.60908491937454
783.4000219583511,-72.61038103802193,-72.61038103802193
783.4100219583511,-72.6116744363427,-72.6116744363427
783.4200219583512,-72.61296530400087,-72.61296530400087
783.4300219583512,-72.6142538271794,-72.6142538271794
783.4400219583512,-72.61554018879923,-72.61554018879923
783.4500219583512,-72.61682456876045,-72.61682456876045
783.4600219583511,-72.61810081324349,-72.61810081324349
783.4700219583511,-72.61936632533838,-72.61936632533838
783.4800219583511,-72.62061992887115,-72.62061992887115
783.4900219583511,-72.62186110429224,-72.62186110429224
783.5000219583511,-72.62308969706103,-72.62308969706103
783.5100219583511,-72.62430576616303,-72.62430576616303
783.5200219583511,-72.62550949528884,-72.62550949528884
783.5300219583511,-72.62670113948187,-72.62670113948187
783.5400219583512,-72.62788099304997,-72.62788099304997
783.5500219583512,-72.6290493703258,-72.6290493703258
783.5600219583512,-72.63020659417195,-72.63020659417195
783.5700219583512,-72.6313529892769,-72.6313529892769
783.5800219583512,-72.63248887828557,-72.63248887828557
783.5900219583511,-72.63361457969116,-72.63361457969116
783.6000219583511,-72.63473040680411,-72.63473040680411
783.6100219583511,-72.63583666732931,-72.63583666732931
783.6200219583511,-72.63693366330301,-72.63693366330301
783.6300219583511,-72.63802169125361,-72.63802169125361
783.6400219583511,-72.63910104245515,-72.63910104245515
783.6500219583511,-72.64017200321857,-72.64017200321857
783.6600219583511,-72.64123485517132,-72.64123485517132
783.6700219583512,-72.64228987559008,-72.64228987559008
783.6800219583512,-72.64333733763212,-72.64333733763212
783.6900219583512,-72.64437751057129,-72.64437751057129
783.700021982193,-72.64541066248019,-72.64541066248019
783.710021982193,-72.64643705053562,-72.64643705053562
783.720021982193,-72.64745693602005,-72.64745693602005
783.730021982193,-72.64847057452249,-72.64847057452249
783.740021982193,-72.64947821853646,-72.64947821853646
783.750021982193,-72.6504801175728,-72.6504801175728
783.7600219821929,-72.6514765182103,-72.6514765182103
783.770021982193,-72.65246766416944,-72.65246766416944
783.780021982193,-72.65345379639261,-72.65345379639261
783.790021982193,-72.65443515303807,-72.65443515303807
783.800021982193,-72.65541196956616,-72.65541196956616
783.810021982193,-72.6563844787333,-72.6563844787333
783.820021982193,-72.65735291063856,-72.65735291063856
783.830021982193,-72.65831749273299,-72.65831749273299
783.840021982193,-72.65927844983028,-72.65927844983028
783.850021982193,-72.66023600414184,-72.66023600414184
783.860021982193,-72.66119037526869,-72.66119037526869
783.870021982193,-72.66214178021168,-72.66214178021168
783.8800219821929,-72.66309043340358,-72.66309043340358
783.890021982193,-72.66403654666846,-72.66403654666846
783.900021982193,-72.66498032929539,-72.66498032929539
783.910021982193,-72.66592198797092,-72.66592198797092
783.920021982193,-72.66686172683875,-72.66686172683875
783.930021982193,-72.66779974747912,-72.66779974747912
783.940021982193,-72.66873624893739,-72.66873624893739
783.950021982193,-72.66967142770717,-72.66967142770717
783.960021982193,-72.6705991436455,-72.6705991436455
783.970021982193,-72.67151681640465,-72.67151681640465
783.980021982193,-72.67242328729074,-72.67242328729074
783.990021982193,-72.67331805453323,-72.67331805453323
784.000021982193,-72.67420098133994,-72.67420098133994
784.0100219821929,-72.67507214423748,-72.67507214423748
784.020021982193,-72.67593174414027,-72.67593174414027
784.030021982193,-72.67678005292194,-72.67678005292194
784.040021982193,-72.6776173812266,-72.6776173812266
784.050021982193,-72.67844405921936,-72.67844405921936
784.060021982193,-72.67926042506654,-72.67926042506654
784.070021982193,-72.68006681818402,-72.68006681818402
784.080021982193,-72.68086357537834,-72.68086357537834
784.090021982193,-72.68165102873263,-72.68165102873263
784.100021982193,-72.6824295045591,-72.6824295045591
784.110021982193,-72.68319932298088,-72.68319932298088
784.120021982193,-72.68396079789282,-72.68396079789282
784.1300219821929,-72.68471423709512,-72.68471423709512
784.140021982193,-72.68545994258102,-72.68545994258102
784.150021982193,-72.68619821084334,-72.68619821084334
784.160021982193,-72.6869293331423,-72.6869293331423
784.170021982193,-72.68765359587151,-72.68765359587151
784.180021982193,-72.68837128076268,-72.68837128076268
784.190021982193,-72.68908266520222,-72.68908266520222
784.200021982193,-72.68978802241759,-72.68978802241759
784.210021982193,-72.69048762166875,-72.69048762166875
784.220021982193,-72.69118172842609,-72.69118172842609
784.230021982193,-72.69187060452171,-72.69187060452171
784.240021982193,-72.69255450826822,-72.69255450826822
784.250021982193,-72.69323369456204,-72.69323369456204
784.2600219821929,-72.69390841498428,-72.69390841498428
784.270021982193,-72.69457891786467,-72.69457891786467
784.280021982193,-72.6952454483715,-72.6952454483715
784.290021982193,-72.69590824855023,-72.69590824855023
784.300021982193,-72.69656755737329,-72.69656755737329
784.310021982193,-72.69722361080701,-72.69722361080701
784.320021982193,-72.6978766418095,-72.6978766418095
784.330021982193,-72.69852688039595,-72.69852688039595
784.340021982193,-72.69917455365027,-72.69917455365027
784.350021982193,-72.69981988576279,-72.69981988576279
784.360021982193,-72.70046309804115,-72.70046309804115
784.370021982193,-72.70110440893997,-72.70110440893997
784.3800219821929,-72.70174403406523,-72.70174403406523
784.390021982193,-72.70238218620979,-72.70238218620979
784.400021982193,-72.70301907536746,-72.70301907536746
784.410021982193,-72.70365490873573,-72.70365490873573
784.420021982193,-72.70428989074152,-72.70428989074152
784.430021982193,-72.70492422305453,-72.70492422305453
784.440021982193,-72.70555810460317,-72.70555810460317
784.450021982193,-72.70619173158013,-72.70619173158013
784.460021982193,-72.70681896143545,-72.70681896143545
784.470021982193,-72.70743721316737,-72.70743721316737
784.480021982193,-72.70804532798805,-72.70804532798805
784.490021982193,-72.70864280411473,-72.70864280411473
784.500021982193,-72.70922950473184,-72.70922950473184
784.5100219821929,-72.70980550622623,-72.70980550622623
784.520021982193,-72.71037100924273,-72.71037100924273
784.530021982193,-72.71092628521549,-72.71092628521549
784.540021982193,-72.71147164419132,-72.71147164419132
784.5500220060349,-72.71200741682554,-72.71200741682554
784.5600220060348,-72.71253393774226,-72.71253393774226
784.5700220060348,-72.7130515465617,-72.7130515465617
784.5800220060348,-72.71356057880945,-72.71356057880945
784.5900220060348,-72.71406136513642,-72.71406136513642
784.6000220060348,-72.71455423028593,-72.71455423028593
784.6100220060348,-72.71503949268484,-72.71503949268484
784.6200220060349,-72.7155174643664,-72.7155174643664
784.6300220060349,-72.71598845121424,-72.71598845121424
784.6400220060349,-72.71645275314683,-72.71645275314683
784.6500220060349,-72.71691066447175,-72.71691066447175
784.6600220060349,-72.71736247421525,-72.71736247421525
784.6700220060349,-72.71780846638558,-72.71780846638558
784.6800220060348,-72.71824892029797,-72.71824892029797
784.6900220060348,-72.7186841108016,-72.7186841108016
784.7000220060348,-72.71911430852502,-72.71911430852502
784.7100220060348,-72.71953978007097,-72.71953978007097
784.7200220060348,-72.71996078818223,-72.71996078818223
784.7300220060348,-72.7203775918946,-72.7203775918946
784.7400220060349,-72.72079044666772,-72.72079044666772
784.7500220060349,-72.72119960450816,-72.72119960450816
784.7600220060349,-72.72160531404157,-72.72160531404157
784.7700220060349,-72.72200782060769,-72.72200782060769
784.7800220060349,-72.72240736633955,-72.72240736633955
784.7900220060349,-72.72280419020589,-72.72280419020589
784.8000220060349,-72.72319852807212,-72.72319852807212
784.8100220060348,-72.72359061274855,-72.72359061274855
784.8200220060348,-72.72398067404194,-72.72398067404194
784.8300220060348,-72.72436893875098,-72.72436893875098
784.8400220060348,-72.72475563074539,-72.72475563074539
784.8500220060348,-72.72514097096288,-72.72514097096288
784.8600220060348,-72.7255251774418,-72.7255251774418
784.8700220060349,-72.7259084653372,-72.7259084653372
784.8800220060349,-72.72629104697839,-72.72629104697839
784.8900220060349,-72.72667313182505,-72.72667313182505
784.9000220060349,-72.72705492653118,-72.72705492653118
784.9100220060349,-72.72743663497097,-72.72743663497097
784.9200220060349,-72.7278184582029,-72.7278184582029
784.9300220060348,-72.72820059454432,-72.72820059454432
784.9400220060348,-72.72858323954421,-72.72858323954421
784.9500220060348,-72.72896658603896,-72.72896658603896
784.9600220060348,-72.72934448715893,-72.72934448715893
784.9700220060348,-72.7297143589068,-72.7297143589068
784.9800220060348,-72.73007503993341,-72.73007503993341
784.9900220060349,-72.73042602604713,-72.73042602604713
785.0000220060349,-72.73076717808242,-72.73076717808242
785.0100220060349,-72.73109857008168,-72.73109857008168
785.0200220060349,-72.73142040031584,-72.73142040031584
785.0300220060349,-72.7317329378231,-72.7317329378231
785.0400220060349,-72.73203649019861,-72.73203649019861
785.0500220060349,-72.732331384297,-72.732331384297
785.0600220060348,-72.7326179547626,-72.7326179547626
785.0700220060348,-72.73289653727446,-72.73289653727446
785.0800220060348,-72.73316746468917,-72.73316746468917
785.0900220060348,-72.73343106493142,-72.73343106493142
785.1000220060348,-72.73368765996487,-72.73368765996487
785.1100220060348,-72.73393756540258,-72.73393756540258
785.1200220060349,-72.73418109043818,-72.73418109043818
785.1300220060349,-72.73441853807373,-72.73441853807373
785.1400220060349,-72.73465020531061,-72.73465020531061
785.1500220060349,-72.7348763835185,-72.7348763835185
785.1600220060349,-72.73509735875619,-72.73509735875619
785.1700220060349,-72.73531341205783,-72.73531341205783
785.1800220060348,-72.73552481973056,-72.73552481973056
785.1900220060348,-72.73573185361526,-72.73573185361526
785.2000220060348,-72.73593478131056,-72.73593478131056
785.2100220060348,-72.7361338663763,-72.7361338663763
785.2200220060348,-72.73632936850892,-72.73632936850892
785.2300220060348,-72.73652154368459,-72.73652154368459
785.2400220060349,-72.73671064431132,-72.73671064431132
785.2500220060349,-72.73689691931989,-72.73689691931989
785.2600220060349,-72.73708061426599,-72.73708061426599
785.2700220060349,-72.7372619714289,-72.7372619714289
785.2800220060349,-72.73744122986093,-72.73744122986093
785.2900220060349,-72.73761862545703,-72.73761862545703
785.3000220060349,-72.73779439102499,-72.73779439102499
785.3100220060348,-72.73796875630347,-72.73796875630347
785.3200220060348,-72.73814194802752,-72.73814194802752
785.3300220060348,-72.73831418995083,-72.73831418995083
785.3400220060348,-72.7384857028851,-72.7384857028851
785.3500220060348,-72.73865670470353,-72.73865670470353
785.3600220060348,-72.73882741041406,-72.73882741041406
785.3700220060349,-72.73899803213429,-72.73899803213429
785.3800220060349,-72.73916877914478,-72.73916877914478
785.3900220060349,-72.73933985790363,-72.73933985790363
785.4000220298767,-72.7395114724652,-72.7395114724652
785.4100220298767,-72.73968382284995,-72.73968382284995
785.4200220298767,-72.7398571075442,-72.7398571075442
785.4300220298767,-72.74003152187416,-72.74003152187416
785.4400220298767,-72.74020725841326,-72.74020725841326
785.4500220298767,-72.74038450702783,-72.74038450702783
785.4600220298767,-72.74056345486277,-72.74056345486277
785.4700220298768,-72.74074428636769,-72.74074428636769
785.4800220298767,-72.7409271833387,-72.7409271833387
785.4900220298767,-72.74111232489415,-72.74111232489415
785.5000220298767,-72.74129988751767,-72.74129988751767
785.5100220298767,-72.74149004506772,-72.74149004506772
785.5200220298767,-72.74168296879976,-72.74168296879976
785.5300220298767,-72.74187882737867,-72.74187882737867
785.5400220298767,-72.74207778689068,-72.74207778689068
785.5500220298767,-72.74228001087694,-72.74228001087694
785.5600220298767,-72.74248566033974,-72.74248566033974
785.5700220298767,-72.74269489376714,-72.74269489376714
785.5800220298767,-72.74290786714252,-72.74290786714252
785.5900220298768,-72.74312473397237,-72.74312473397237
785.6000220298768,-72.74334564532047,-72.74334564532047
785.6100220298767,-72.74357074978587,-72.74357074978587
785.6200220298767,-72.74380019356884,-72.74380019356884
785.6300220298767,-72.74403412046317,-72.74403412046317
785.6400220298767,-72.74427267187964,-72.74427267187964
785.6500220298767,-72.74451598688047,-72.74451598688047
785.6600220298767,-72.7447642021864,-72.7447642021864
785.6700220298767,-72.74501745220651,-72.74501745220651
785.6800220298767,-72.74527586905688,-72.74527586905688
785.6900220298767,-72.74553958256934,-72.74553958256934
785.7000220298767,-72.74580872033812,-72.74580872033812
785.7100220298767,-72.74608340772757,-72.74608340772757
785.7200220298768,-72.74636376788077,-72.74636376788077
785.7300220298767,-72.74664992177597,-72.74664992177597
785.7400220298767,-72.74694198821855,-72.74694198821855
785.7500220298767,-72.74724008386988,-72.74724008386988
785.7600220298767,-72.74754432327885,-72.74754432327885
785.7700220298767,-72.74785481888986,-72.74785481888986
785.7800220298767,-72.74817168108338,-72.74817168108338
785.7900220298767,-72.74849501818838,-72.74849501818838
785.8000220298767,-72.74882493649537,-72.74882493649537
785.8100220298767,-72.74916154029297,-72.74916154029297
785.8200220298767,-72.74950493188894,-72.74950493188894
785.8300220298767,-72.74985521161764,-72.74985521161764
785.8400220298768,-72.75021247788754,-72.75021247788754
785.8500220298768,-72.75057682718679,-72.75057682718679
785.8600220298767,-72.7509483541027,-72.7509483541027
785.8700220298767,-72.75132715135244,-72.75132715135244
785.8800220298767,-72.7517133098006,-72.7517133098006
785.8900220298767,-72.7521069184854,-72.7521069184854
785.9000220298767,-72.75250806463855,-72.75250806463855
785.9100220298767,-72.75291683370503,-72.75291683370503
785.9200220298767,-72.75333330936246,-72.75333330936246
785.9300220298767,-72.75375757355899,-72.75375757355899
785.9400220298767,-72.7541897065053,-72.7541897065053
785.9500220298767,-72.75462978673175,-72.75462978673175
785.9600220298767,-72.755071552027,-72.755071552027
785.9700220298768,-72.75551230562542,-72.75551230562542
785.9800220298767,-72.75595077495511,-72.75595077495511
785.9900220298767,-72.75638634585508,-72.75638634585508
786.0000220298767,-72.75681877029817,-72.75681877029817
786.0100220298767,-72.7572480145832,-72.7572480145832
786.0200220298767,-72.75767417025442,-72.75767417025442
786.0300220298767,-72.75809740061827,-72.75809740061827
786.0400220298767,-72.75851790857038,-72.75851790857038
786.0500220298767,-72.75893591727929,-72.75893591727929
786.0600220298767,-72.75935165869294,-72.75935165869294
786.0700220298767,-72.75976536680035,-72.75976536680035
786.0800220298767,-72.76017727379188,-72.76017727379188
786.0900220298768,-72.76058760793461,-72.76058760793461
786.1000220298768,-72.76099659257811,-72.76099659257811
786.1100220298767,-72.76140444572644,-72.76140444572644
786.1200220298767,-72.76181138002066,-72.76181138002066
786.1300220298767,-72.76221760290319,-72.76221760290319
786.1400220298767,-72.76262331689439,-72.76262331689439
786.1500220298767,-72.76302871990796,-72.76302871990796
786.1600220298767,-72.76343400558686,-72.76343400558686
786.1700220298767,-72.76383936358097,-72.76383936358097
786.1800220298767,-72.76424497986726,-72.76424497986726
786.1900220298767,-72.76465103698729,-72.76465103698729
786.2000220298767,-72.76505771427466,-72.76505771427466
786.2100220298767,-72.7654651880662,-72.7654651880662
786.2200220298768,-72.76587363185268,-72.76587363185268
786.2300220298767,-72.76628321646078,-72.76628321646078
786.2400220298767,-72.76669411015241,-72.76669411015241
786.2500220537186,-72.76710647971845,-72.76710647971845
786.2600220537186,-72.76752048667072,-72.76752048667072
786.2700220537185,-72.76793629315954,-72.76793629315954
786.2800220537185,-72.76835405816614,-72.76835405816614
786.2900220537185,-72.76877393851014,-72.76877393851014
786.3000220537185,-72.76919608891178,-72.76919608891178
786.3100220537185,-72.76962066202648,-72.76962066202648
786.3200220537186,-72.77004780847281,-72.77004780847281
786.3300220537186,-72.77047767687945,-72.77047767687945
786.3400220537186,-72.7709104138913,-72.7709104138913
786.3500220537186,-72.77134616420153,-72.77134616420153
786.3600220537186,-72.7717850705692,-72.7717850705692
786.3700220537186,-72.77222727382444,-72.77222727382444
786.3800220537186,-72.77267291290171,-72.77267291290171
786.3900220537186,-72.77312212484209,-72.77312212484209
786.4000220537185,-72.77357504479372,-72.77357504479372
786.4100220537185,-72.77403180603741,-72.77403180603741
786.4200220537185,-72.77449253999228,-72.77449253999228
786.4300220537185,-72.77495737621729,-72.77495737621729
786.4400220537186,-72.7754264424311,-72.7754264424311
786.4500220537186,-72.77589986451363,-72.77589986451363
786.4600220537186,-72.77637776651109,-72.77637776651109
786.4700220537186,-72.77686027064243,-72.77686027064243
786.4800220537186,-72.77734749733028,-72.77734749733028
786.4900220537186,-72.77783956516436,-72.77783956516436
786.5000220537186,-72.77833659095423,-72.77833659095423
786.5100220537186,-72.77883868971789,-72.77883868971789
786.5200220537185,-72.7793459746826,-72.7793459746826
786.5300220537185,-72.77985855730927,-72.77985855730927
786.5400220537185,-72.78037654729202,-72.78037654729202
786.5500220537185,-72.78090005256743,-72.78090005256743
786.5600220537185,-72.78142917933042,-72.78142917933042
786.5700220537186,-72.78196403204498,-72.78196403204498
786.5800220537186,-72.7825047134489,-72.7825047134489
786.5900220537186,-72.78305132455662,-72.78305132455662
786.6000220537186,-72.78360396467869,-72.78360396467869
786.6100220537186,-72.78416273145237,-72.78416273145237
786.6200220537186,-72.78472772080616,-72.78472772080616
786.6300220537186,-72.78529902701726,-72.78529902701726
786.6400220537186,-72.78587674269984,-72.78587674269984
786.6500220537185,-72.78646095882283,-72.78646095882283
786.6600220537185,-72.78705176472592,-72.78705176472592
786.6700220537185,-72.7876492481202,-72.7876492481202
786.6800220537185,-72.78825349510707,-72.78825349510707
786.6900220537186,-72.78886459020093,-72.78886459020093
786.7000220537186,-72.78948261633717,-72.78948261633717
786.7100220537186,-72.7901076548699,-72.7901076548699
786.7200220537186,-72.79073978561541,-72.79073978561541
786.7300220537186,-72.79137908683028,-72.79137908683028
786.7400220537186,-72.79202563525438,-72.79202563525438
786.7500220537186,-72.79267950612702,-72.79267950612702
786.7600220537186,-72.7933407731672,-72.7933407731672
786.7700220537185,-72.79400950862112,-72.79400950862112
786.7800220537185,-72.7946857832742,-72.7946857832742
786.7900220537185,-72.79536966643636,-72.79536966643636
786.8000220537185,-72.79606122598653,-72.79606122598653
786.8100220537185,-72.79676052838445,-72.79676052838445
786.8200220537186,-72.79746763866464,-72.79746763866464
786.8300220537186,-72.79818262047706,-72.79818262047706
786.8400220537186,-72.79890553608642,-72.79890553608642
786.8500220537186,-72.79963644638875,-72.79963644638875
786.8600220537186,-72.80037541092781,-72.80037541092781
786.8700220537186,-72.8011224879196,-72.8011224879196
786.8800220537186,-72.80187773424258,-72.80187773424258
786.8900220537186,-72.80264120547882,-72.80264120547882
786.9000220537185,-72.80341295591337,-72.80341295591337
786.9100220537185,-72.80419303855129,-72.80419303855129
786.9200220537185,-72.80498150515224,-72.80498150515224
786.9300220537185,-72.80577840620397,-72.80577840620397
786.9400220537186,-72.80658379097551,-72.80658379097551
786.9500220537186,-72.80739770752032,-72.80739770752032
786.9600220537186,-72.8082202026755,-72.8082202026755
786.9700220537186,-72.80905132209558,-72.80905132209558
786.9800220537186,-72.8098911102688,-72.8098911102688
786.9900220537186,-72.81073961050774,-72.81073961050774
787.0000220537186,-72.81159686499907,-72.81159686499907
787.0100220537186,-72.81246291478553,-72.81246291478553
787.0200220537185,-72.81333779979282,-72.81333779979282
787.0300220537185,-72.81422155884891,-72.81422155884891
787.0400220537185,-72.81511422968711,-72.81511422968711
787.0500220537185,-72.81601584898038,-72.81601584898038
787.0600220537185,-72.81692645232957,-72.81692645232957
787.0700220537186,-72.8178460742961,-72.8178460742961
787.0800220537186,-72.81877474840145,-72.81877474840145
787.0900220537186,-72.81971250715385,-72.81971250715385
787.1000220775604,-72.82065938430976,-72.82065938430976
787.1100220775604,-72.8216154059073,-72.8216154059073
787.1200220775604,-72.82258060369537,-72.82258060369537
787.1300220775604,-72.82355500623117,-72.82355500623117
787.1400220775604,-72.82453864114332,-72.82453864114332
787.1500220775604,-72.82553153510459,-72.82553153510459
787.1600220775604,-72.82653371386891,-72.82653371386891
787.1700220775605,-72.8275452022682,-72.8275452022682
787.1800220775605,-72.82856602424754,-72.82856602424754
787.1900220775605,-72.8295962028533,-72.8295962028533
787.2000220775604,-72.8306357602623,-72.8306357602623
787.2100220775604,-72.83168471777931,-72.83168471777931
787.2200220775604,-72.83274309587627,-72.83274309587627
787.2300220775604,-72.8338109141678,-72.8338109141678
787.2400220775604,-72.83488819145168,-72.83488819145168
787.2500220775604,-72.8359749457027,-72.8359749457027
787.2600220775604,-72.83707119410876,-72.83707119410876
787.2700220775604,-72.8381769530518,-72.8381769530518
787.2800220775604,-72.83929223814599,-72.83929223814599
787.2900220775605,-72.84041706422182,-72.84041706422182
787.3000220775605,-72.84155144536733,-72.84155144536733
787.3100220775605,-72.84269539492047,-72.84269539492047
787.3200220775605,-72.84384892547784,-72.84384892547784
787.3300220775604,-72.8450120489113,-72.8450120489113
787.3400220775604,-72.84618477639962,-72.84618477639962
787.3500220775604,-72.84736711838995,-72.84736711838995
787.3600220775604,-72.84855908466001,-72.84855908466001
787.3700220775604,-72.84976068428863,-72.84976068428863
787.3800220775604,-72.85097192570178,-72.85097192570178
787.3900220775604,-72.85219281665067,-72.85219281665067
787.4000220775604,-72.85342336424125,-72.85342336424125
787.4100220775604,-72.85466357493722,-72.85466357493722
787.4200220775605,-72.85591345456142,-72.85591345456142
787.4300220775605,-72.85717300833548,-72.85717300833548
787.4400220775605,-72.85844224085677,-72.85844224085677
787.4500220775604,-72.85972115610605,-72.85972115610605
787.4600220775604,-72.86100975749743,-72.86100975749743
787.4700220775604,-72.86230804784985,-72.86230804784985
787.4800220775604,-72.86361602940013,-72.86361602940013
787.4900220775604,-72.86493370382806,-72.86493370382806
787.5000220775604,-72.86626107225788,-72.86626107225788
787.5100220775604,-72.86759813524775,-72.86759813524775
787.5200220775604,-72.86894489285059,-72.86894489285059
787.5300220775604,-72.8703013445514,-72.8703013445514
787.5400220775605,-72.8716674893306,-72.8716674893306
787.5500220775605,-72.87304332565667,-72.87304332565667
787.5600220775605,-72.87442885148636,-72.87442885148636
787.5700220775605,-72.87582406428248,-72.87582406428248
787.5800220775604,-72.87722896101982,-72.87722896101982
787.5900220775604,-72.87864353818249,-72.87864353818249
787.6000220775604,-72.88006779178136,-72.88006779178136
787.6100220775604,-72.8815017173722,-72.8815017173722
787.6200220775604,-72.88294531004354,-72.88294531004354
787.6300220775604,-72.88439856442865,-72.88439856442865
787.6400220775604,-72.88586147472755,-72.88586147472755
787.6500220775604,-72.88733403470137,-72.88733403470137
787.6600220775604,-72.88881623766532,-72.88881623766532
787.6700220775605,-72.89030807654404,-72.89030807654404
787.6800220775605,-72.89180954382051,-72.89180954382051
787.6900220775605,-72.89332063158045,-72.89332063158045
787.7000220775604,-72.89484133150164,-72.89484133150164
787.7100220775604,-72.89637163487568,-72.89637163487568
787.7200220775604,-72.89791153260148,-72.89791153260148
787.7300220775604,-72.89946101519918,-72.89946101519918
787.7400220775604,-72.90102007280963,-72.90102007280963
787.7500220775604,-72.90258869521283,-72.90258869521283
787.7600220775604,-72.9041668718153,-72.9041668718153
787.7700220775604,-72.90575459167499,-72.90575459167499
787.7800220775604,-72.90735184349867,-72.90735184349867
787.7900220775605,-72.90895861565323,-72.90895861565323
787.8000220775605,-72.91057489615814,-72.91057489615814
787.8100220775605,-72.91220067271725,-72.91220067271725
787.8200220775605,-72.91383593268843,-72.91383593268843
787.8300220775604,-72.91548066311914,-72.91548066311914
787.8400220775604,-72.91713485074625,-72.91713485074625
787.8500220775604,-72.91879848198431,-72.91879848198431
787.8600220775604,-72.92047154296087,-72.92047154296087
787.8700220775604,-72.92215401949385,-72.92215401949385
787.8800220775604,-72.92384589711035,-72.92384589711035
787.8900220775604,-72.92554716104694,-72.92554716104694
787.9000220775604,-72.92725779626385,-72.92725779626385
787.9100220775604,-72.9289777874416,-72.9289777874416
787.9200220775605,-72.93070711898874,-72.93070711898874
787.9300220775605,-72.93244577504406,-72.93244577504406
787.9400220775605,-72.93419373948082,-72.93419373948082
787.9500221014023,-72.93595100010918,-72.93595100010918
787.9600221014023,-72.93771753196019,-72.93771753196019
787.9700221014023,-72.93949332229815,-72.93949332229815
787.9800221014023,-72.94127835399996,-72.94127835399996
787.9900221014022,-72.9430726097053,-72.9430726097053
788.0000221014022,-72.94487607181196,-72.94487607181196
788.0100221014022,-72.94668872249346,-72.94668872249346
788.0200221014023,-72.94851054369298,-72.94851054369298
788.0300221014023,-72.95034151714341,-72.95034151714341
788.0400221014023,-72.9521816243491,-72.9521816243491
788.0500221014023,-72.9540308466064,-72.9540308466064
788.0600221014023,-72.95588916499858,-72.95588916499858
788.0700221014023,-72.95775656040846,-72.95775656040846
788.0800221014023,-72.95963301351286,-72.95963301351286
788.0900221014023,-72.96151850479434,-72.96151850479434
788.1000221014023,-72.96341301455591,-72.96341301455591
788.1100221014023,-72.96531652288388,-72.96531652288388
788.1200221014022,-72.9672290097065,-72.9672290097065
788.1300221014022,-72.96915045475258,-72.96915045475258
788.1400221014023,-72.97108083758351,-72.97108083758351
788.1500221014023,-72.97302013758528,-72.97302013758528
788.1600221014023,-72.97496833396393,-72.97496833396393
788.1700221014023,-72.97692540577464,-72.97692540577464
788.1800221014023,-72.97889133188932,-72.97889133188932
788.1900221014023,-72.98086609104088,-72.98086609104088
788.2000221014023,-72.98284966178632,-72.98284966178632
788.2100221014023,-72.98484202253957,-72.98484202253957
788.2200221014023,-72.98684315156648,-72.98684315156648
788.2300221014023,-72.9888530269814,-72.9888530269814
788.2400221014022,-72.99087162676327,-72.99087162676327
788.2500221014022,-72.9928989287373,-72.9928989287373
788.2600221014022,-72.99493491060025,-72.99493491060025
788.2700221014023,-72.99697954990485,-72.99697954990485
788.2800221014023,-72.99903282408377,-72.99903282408377
788.2900221014023,-73.00109471044125,-73.00109471044125
788.3000221014023,-73.0031651861545,-73.0031651861545
788.3100221014023,-73.00524422826487,-73.00524422826487
788.3200221014023,-73.00733181371079,-73.00733181371079
788.3300221014023,-73.0094279193144,-73.0094279193144
788.3400221014023,-73.011532521767,-73.011532521767
788.3500221014023,-73.01364559766502,-73.01364559766502
788.3600221014023,-73.01576712349575,-73.01576712349575
788.3700221014022,-73.01789707562607,-73.01789707562607
788.3800221014022,-73.02003543032764,-73.02003543032764
788.3900221014023,-73.02218216377673,-73.02218216377673
788.4000221014023,-73.02433725204904,-73.02433725204904
788.4100221014023,-73.02650067111553,-73.02650067111553
788.4200221014023,-73.02867239687046,-73.02867239687046
788.4300221014023,-73.03085240509131,-73.03085240509131
788.4400221014023,-73.03304067149415,-73.03304067149415
788.4500221014023,-73.03523717169855,-73.03523717169855
788.4600221014023,-73.03744188122923,-73.03744188122923
788.4700221014023,-73.03965477555472,-73.03965477555472
788.4800221014023,-73.04187583003086,-73.04187583003086
788.4900221014022,-73.04410501996787,-73.04410501996787
788.5000221014022,-73.04634232058476,-73.04634232058476
788.5100221014022,-73.04858770702292,-73.04858770702292
788.5200221014023,-73.05084115436595,-73.05084115436595
788.5300221014023,-73.0531026376292,-73.0531026376292
788.5400221014023,-73.05537213175506,-73.05537213175506
788.5500221014023,-73.05764961161613,-73.05764961161613
788.5600221014023,-73.05993505203756,-73.05993505203756
788.5700221014023,-73.06222842776614,-73.06222842776614
788.5800221014023,-73.06452971350626,-73.06452971350626
788.5900221014023,-73.06683888389658,-73.06683888389658
788.6000221014023,-73.0691559135219,-73.0691559135219
788.6100221014023,-73.07148077692254,-73.07148077692254
788.6200221014022,-73.07381344857536,-73.07381344857536
788.6300221014022,-73.07615390291973,-73.07615390291973
788.6400221014023,-73.07850211433522,-73.07850211433522
788.6500221014023,-73.08085805716996,-73.08085805716996
788.6600221014023,-73.08322170571799,-73.08322170571799
788.6700221014023,-73.0855930342306,-73.0855930342306
788.6800221014023,-73.08797201693055,-73.08797201693055
788.6900221014023,-73.09035862798463,-73.09035862798463
788.7000221014023,-73.09275284153614,-73.09275284153614
788.7100221014023,-73.09515463169139,-73.09515463169139
788.7200221014023,-73.0975639725127,-73.0975639725127
788.7300221014023,-73.09998083803788,-73.09998083803788
788.7400221014022,-73.10240520227882,-73.10240520227882
788.7500221014022,-73.10483703920403,-73.10483703920403
788.7600221014022,-73.10727632276391,-73.10727632276391
788.7700221014023,-73.10972302687674,-73.10972302687674
788.7800221014023,-73.11217712545057,-73.11217712545057
788.7900221014023,-73.11463859235919,-73.11463859235919
788.8000221252441,-73.11710740731937,-73.11710740731937
788.8100221252441,-73.11958353244111,-73.11958353244111
788.8200221252441,-73.12206694737685,-73.12206694737685
788.8300221252441,-73.12455762592697,-73.12455762592697
788.8400221252441,-73.12705554187002,-73.12705554187002
788.8500221252441,-73.12956066896187,-73.12956066896187
788.8600221252441,-73.1320729809551,-73.1320729809551
788.8700221252442,-73.13459245157983,-73.13459245157983
788.8800221252442,-73.13711905457009,-73.13711905457009
788.8900221252442,-73.13965276362646,-73.13965276362646
788.9000221252442,-73.1421935524664,-73.1421935524664
788.9100221252442,-73.14474139477322,-73.14474139477322
788.9200221252441,-73.14729626424193,-73.14729626424193
788.9300221252441,-73.14985813454527,-73.14985813454527
788.9400221252441,-73.15242697938717,-73.15242697938717
788.9500221252441,-73.15500277241692,-73.15500277241692
788.9600221252441,-73.1575854873251,-73.1575854873251
788.9700221252441,-73.16017509777177,-73.16017509777177
788.9800221252441,-73.1627715774319,-73.1627715774319
788.9900221252442,-73.16537489997812,-73.16537489997812
789.0000221252442,-73.16798503909791,-73.16798503909791
789.0100221252442,-73.17060196845883,-73.17060196845883
789.0200221252442,-73.17322566174873,-73.17322566174873
789.0300221252442,-73.17585609264773,-73.17585609264773
789.0400221252441,-73.17849323485436,-73.17849323485436
789.0500221252441,-73.18113706207397,-73.18113706207397
789.0600221252441,-73.18378754800783,-73.18378754800783
789.0700221252441,-73.18644466636609,-73.18644466636609
789.0800221252441,-73.18910839089163,-73.18910839089163
789.0900221252441,-73.19177869532152,-73.19177869532152
789.1000221252441,-73.19445555339945,-73.19445555339945
789.1100221252441,-73.19713893889006,-73.19713893889006
789.1200221252442,-73.19982882556819,-73.19982882556819
789.1300221252442,-73.20252518722168,-73.20252518722168
789.1400221252442,-73.20522799766242,-73.20522799766242
789.1500221252442,-73.20793723070561,-73.20793723070561
789.1600221252442,-73.21065286018634,-73.21065286018634
789.1700221252441,-73.21337485997104,-73.21337485997104
789.1800221252441,-73.21610320392405,-73.21610320392405
789.1900221252441,-73.21883786594154,-73.21883786594154
789.2000221252441,-73.22157881993634,-73.22157881993634
789.2100221252441,-73.22431965155353,-73.22431965155353
789.2200221252441,-73.22705753525095,-73.22705753525095
789.2300221252441,-73.22979108028395,-73.22979108028395
789.2400221252442,-73.23251956017307,-73.23251956017307
789.2500221252442,-73.23524261863584,-73.23524261863584
789.2600221252442,-73.23796011685464,-73.23796011685464
789.2700221252442,-73.24067204398257,-73.24067204398257
789.2800221252442,-73.24337846332685,-73.24337846332685
789.2900221252441,-73.2460794800236,-73.2460794800236
789.3000221252441,-73.24877522162829,-73.24877522162829
789.3100221252441,-73.25146582652641,-73.25146582652641
789.3200221252441,-73.25415143714883,-73.25415143714883
789.3300221252441,-73.25683219601935,-73.25683219601935
789.3400221252441,-73.25950824364926,-73.25950824364926
789.3500221252441,-73.26217971746144,-73.26217971746144
789.3600221252441,-73.26484675132471,-73.26484675132471
789.3700221252442,-73.26750947546446,-73.26750947546446
789.3800221252442,-73.27016801664996,-73.27016801664996
789.3900221252442,-73.27282249837756,-73.27282249837756
789.4000221252442,-73.27547304117591,-73.27547304117591
789.4100221252442,-73.27811976288018,-73.27811976288018
789.4200221252441,-73.28076277893292,-73.28076277893292
789.4300221252441,-73.28340220259368,-73.28340220259368
789.4400221252441,-73.28603814520157,-73.28603814520157
789.4500221252441,-73.2886707163597,-73.2886707163597
789.4600221252441,-73.29130002411132,-73.29130002411132
789.4700221252441,-73.29392617507283,-73.29392617507283
789.4800221252441,-73.29654927456993,-73.29654927456993
789.4900221252442,-73.29916942671662,-73.29916942671662
789.5000221252442,-73.30178673454614,-73.30178673454614
789.5100221252442,-73.3044013000129,-73.3044013000129
789.5200221252442,-73.30701322409193,-73.30701322409193
789.5300221252442,-73.30962260682115,-73.30962260682115
789.5400221252441,-73.31222954732927,-73.31222954732927
789.5500221252441,-73.31483414384846,-73.31483414384846
789.5600221252441,-73.31743649374752,-73.31743649374752
789.5700221252441,-73.32003669355313,-73.32003669355313
789.5800221252441,-73.32263483893928,-73.32263483893928
789.5900221252441,-73.3252310247509,-73.3252310247509
789.6000221252441,-73.3278253449936,-73.3278253449936
789.6100221252441,-73.33041789284115,-73.33041789284115
789.6200221252442,-73.33300876062589,-73.33300876062589
789.6300221252442,-73.33559803984456,-73.33559803984456
789.6400221252442,-73.33818582114063,-73.33818582114063
789.650022149086,-73.34077220046986,-73.34077220046986
789.660022149086,-73.34335725444872,-73.34335725444872
789.670022149086,-73.34594107730962,-73.34594107730962
789.680022149086,-73.34852375624264,-73.34852375624264
789.690022149086,-73.35110537756108,-73.35110537756108
789.700022149086,-73.3536860266873,-73.3536860266873
789.710022149086,-73.35625938853757,-73.35625938853757
789.720022149086,-73.35882274220023,-73.35882274220023
789.730022149086,-73.36137480317247,-73.36137480317247
789.740022149086,-73.36391495141808,-73.36391495141808
789.750022149086,-73.36644293681503,-73.36644293681503
789.760022149086,-73.36895872613553,-73.36895872613553
789.770022149086,-73.37146241342379,-73.37146241342379
789.780022149086,-73.373954166098,-73.373954166098
789.790022149086,-73.37643419257456,-73.37643419257456
789.800022149086,-73.37890272279014,-73.37890272279014
789.810022149086,-73.3813599966264,-73.3813599966264
789.820022149086,-73.38380625708132,-73.38380625708132
789.830022149086,-73.38624174632503,-73.38624174632503
789.840022149086,-73.3886667035735,-73.3886667035735
789.850022149086,-73.39108136399047,-73.39108136399047
789.860022149086,-73.3934859582353,-73.3934859582353
789.870022149086,-73.39588071239228,-73.39588071239228
789.880022149086,-73.39826584807568,-73.39826584807568
789.890022149086,-73.40064158270229,-73.40064158270229
789.900022149086,-73.4030081297118,-73.4030081297118
789.910022149086,-73.40536569891005,-73.40536569891005
789.920022149086,-73.40771449670719,-73.40771449670719
789.930022149086,-73.4100547263665,-73.4100547263665
789.940022149086,-73.41238658826285,-73.41238658826285
789.950022149086,-73.41471028003987,-73.41471028003987
789.960022149086,-73.41702599682992,-73.41702599682992
789.970022149086,-73.41933393133063,-73.41933393133063
789.980022149086,-73.42163427400153,-73.42163427400153
789.990022149086,-73.42392721312807,-73.42392721312807
790.000022149086,-73.42621293490024,-73.42621293490024
790.010022149086,-73.42849162351082,-73.42849162351082
790.020022149086,-73.43076346120036,-73.43076346120036
790.030022149086,-73.43302862829587,-73.43302862829587
790.040022149086,-73.43528730327463,-73.43528730327463
790.050022149086,-73.43753966276385,-73.43753966276385
790.060022149086,-73.43978588158882,-73.43978588158882
790.070022149086,-73.44202613277452,-73.44202613277452
790.080022149086,-73.44426058757008,-73.44426058757008
790.090022149086,-73.44648941546106,-73.44648941546106
790.100022149086,-73.4487127841758,-73.4487127841758
790.110022149086,-73.45093085967615,-73.45093085967615
790.120022149086,-73.4531438061866,-73.4531438061866
790.130022149086,-73.45535178617038,-73.45535178617038
790.140022149086,-73.45755496035073,-73.45755496035073
790.150022149086,-73.45975348770591,-73.45975348770591
790.160022149086,-73.4619475254626,-73.4619475254626
790.170022149086,-73.4641372291039,-73.4641372291039
790.180022149086,-73.46632275236028,-73.46632275236028
790.190022149086,-73.46850424722712,-73.46850424722712
790.200022149086,-73.47068186392976,-73.47068186392976
790.210022149086,-73.47285575096113,-73.47285575096113
790.220022149086,-73.47502605504603,-73.47502605504603
790.230022149086,-73.4771929211968,-73.4771929211968
790.240022149086,-73.4793564926451,-73.4793564926451
790.250022149086,-73.48151691088214,-73.48151691088214
790.260022149086,-73.48367431566815,-73.48367431566815
790.270022149086,-73.48582884501246,-73.48582884501246
790.280022149086,-73.48798063518473,-73.48798063518473
790.290022149086,-73.49012982072823,-73.49012982072823
790.300022149086,-73.4922765344381,-73.4922765344381
790.310022149086,-73.49442090740007,-73.49442090740007
790.320022149086,-73.49656306896513,-73.49656306896513
790.330022149086,-73.4987031467759,-73.4987031467759
790.340022149086,-73.50084126675381,-73.50084126675381
790.350022149086,-73.5029775531371,-73.5029775531371
790.360022149086,-73.50511212844393,-73.50511212844393
790.370022149086,-73.50724511351478,-73.50724511351478
790.380022149086,-73.509376627504,-73.509376627504
790.390022149086,-73.5115067878971,-73.5115067878971
790.400022149086,-73.51363571052062,-73.51363571052062
790.410022149086,-73.51576350953526,-73.51576350953526
790.420022149086,-73.5178902974621,-73.5178902974621
790.430022149086,-73.52001618517846,-73.52001618517846
790.440022149086,-73.52214128195637,-73.52214128195637
790.450022149086,-73.52426569543204,-73.52426569543204
790.460022149086,-73.52638311817778,-73.52638311817778
790.470022149086,-73.52849084462216,-73.52849084462216
790.480022149086,-73.53058760819292,-73.53058760819292
790.490022149086,-73.53267280763748,-73.53267280763748
790.5000221729279,-73.53474621669461,-73.53474621669461
790.5100221729278,-73.536807811044,-73.536807811044
790.5200221729278,-73.53885770815997,-73.53885770815997
790.5300221729278,-73.54089609348199,-73.54089609348199
790.5400221729278,-73.54292319294399,-73.54292319294399
790.5500221729278,-73.54493925348763,-73.54493925348763
790.5600221729278,-73.5469445314584,-73.5469445314584
790.5700221729279,-73.54893928580071,-73.54893928580071
790.5800221729279,-73.55092377410415,-73.55092377410415
790.5900221729279,-73.55289825048493,-73.55289825048493
790.6000221729279,-73.55486296453084,-73.55486296453084
790.6100221729279,-73.55681816082846,-73.55681816082846
790.6200221729279,-73.5587640789237,-73.5587640789237
790.6300221729279,-73.56070095345653,-73.56070095345653
790.6400221729278,-73.56262901440017,-73.56262901440017
790.6500221729278,-73.56454848736999,-73.56454848736999
790.6600221729278,-73.56645959390575,-73.56645959390575
790.6700221729278,-73.56836255175884,-73.56836255175884
790.6800221729278,-73.57025757518497,-73.57025757518497
790.6900221729279,-73.5721448751435,-73.5721448751435
790.7000221729279,-73.57402465953186,-73.57402465953186
790.7100221729279,-73.57589713336829,-73.57589713336829
790.7200221729279,-73.57776249893942,-73.57776249893942
790.7300221729279,-73.57962095593795,-73.57962095593795
790.7400221729279,-73.58147270158405,-73.58147270158405
790.7500221729279,-73.5833179307039,-73.5833179307039
790.7600221729278,-73.58515683583207,-73.58515683583207
790.7700221729278,-73.58698960726826,-73.58698960726826
790.7800221729278,-73.58881643313495,-73.58881643313495
790.7900221729278,-73.59063749942074,-73.59063749942074
790.8000221729278,-73.59245299003982,-73.59245299003982
790.8100221729278,-73.5942630868245,-73.5942630868245
790.8200221729279,-73.59606796959216,-73.59606796959216
790.8300221729279,-73.59786781615534,-73.59786781615534
790.8400221729279,-73.59966280232865,-73.59966280232865
790.8500221729279,-73.60145310193872,-73.60145310193872
790.8600221729279,-73.60323888686514,-73.60323888686514
790.8700221729279,-73.6050203270292,-73.6050203270292
790.8800221729279,-73.6067975904062,-73.6067975904062
790.8900221729278,-73.60857084304503,-73.60857084304503
790.9000221729278,-73.61034024904457,-73.61034024904457
790.9100221729278,-73.61210597059583,-73.61210597059583
790.9200221729278,-73.61386816795859,-73.61386816795859
790.9300221729278,-73.61562699948698,-73.61562699948698
790.9400221729279,-73.61738262161003,-73.61738262161003
790.9500221729279,-73.61913518887906,-73.61913518887906
790.9600221729279,-73.62088485391594,-73.62088485391594
790.9700221729279,-73.622631767462,-73.622631767462
790.9800221729279,-73.6243760783663,-73.6243760783663
790.9900221729279,-73.62611793358832,-73.62611793358832
791.0000221729279,-73.62785747821971,-73.62785747821971
791.0100221729278,-73.62959485545629,-73.62959485545629
791.0200221729278,-73.63133020664516,-73.63133020664516
791.0300221729278,-73.6330636712726,-73.6330636712726
791.0400221729278,-73.6347953869618,-73.6347953869618
791.0500221729278,-73.63652548949877,-73.63652548949877
791.0600221729278,-73.63825411281833,-73.63825411281833
791.0700221729279,-73.63998138903774,-73.63998138903774
791.0800221729279,-73.64170744845644,-73.64170744845644
791.0900221729279,-73.64343241955547,-73.64343241955547
791.1000221729279,-73.64515642901014,-73.64515642901014
791.1100221729279,-73.64687960171915,-73.64687960171915
791.1200221729279,-73.64860206076999,-73.64860206076999
791.1300221729279,-73.65032392750999,-73.65032392750999
791.1400221729278,-73.65204532151004,-73.65204532151004
791.1500221729278,-73.65376636059659,-73.65376636059659
791.1600221729278,-73.65548716086363,-73.65548716086363
791.1700221729278,-73.65720783666363,-73.65720783666363
791.1800221729278,-73.65892850066271,-73.65892850066271
791.1900221729279,-73.66064926379092,-73.66064926379092
791.2000221729279,-73.66237023532219,-73.66237023532219
791.2100221729279,-73.66409152284831,-73.66409152284831
791.2200221729279,-73.66581323229126,-73.66581323229126
791.2300221729279,-73.66753546793174,-73.66753546793174
791.2400221729279,-73.66925833241653,-73.66925833241653
791.2500221729279,-73.6709819267629,-73.6709819267629
791.2600221729278,-73.67270635039503,-73.67270635039503
791.2700221729278,-73.67443170114281,-73.67443170114281
791.2800221729278,-73.6761580752504,-73.6761580752504
791.2900221729278,-73.67788556740672,-73.67788556740672
791.3000221729278,-73.67961427075167,-73.67961427075167
791.3100221729278,-73.68134427688663,-73.68134427688663
791.3200221729279,-73.68307567589176,-73.68307567589176
791.3300221729279,-73.68480855635853,-73.68480855635853
791.3400221729279,-73.68654300537528,-73.68654300537528
791.3500221967697,-73.68827911269042,-73.68827911269042
791.3600221967697,-73.6900169542089,-73.6900169542089
791.3700221967697,-73.69175661676165,-73.69175661676165
791.3800221967697,-73.69349818164213,-73.69349818164213
791.3900221967697,-73.69524172871681,-73.69524172871681
791.4000221967697,-73.6969873364648,-73.6969873364648
791.4100221967697,-73.69873508198827,-73.69873508198827
791.4200221967698,-73.70048504098457,-73.70048504098457
791.4300221967698,-73.70223728784977,-73.70223728784977
791.4400221967697,-73.70399189561084,-73.70399189561084
791.4500221967697,-73.70574893597487,-73.70574893597487
791.4600221967697,-73.7075084793353,-73.7075084793353
791.4700221967697,-73.7092705948167,-73.7092705948167
791.4800221967697,-73.71103535025314,-73.71103535025314
791.4900221967697,-73.71280281221242,-73.71280281221242
791.5000221967697,-73.7145730460162,-73.7145730460162
791.5100221967697,-73.71634611576012,-73.71634611576012
791.5200221967697,-73.71812208431858,-73.71812208431858
791.5300221967697,-73.71990101336033,-73.71990101336033
791.5400221967698,-73.72168296336811,-73.72168296336811
791.5500221967698,-73.72346799365403,-73.72346799365403
791.5600221967698,-73.72525616237063,-73.72525616237063
791.5700221967697,-73.72704752651579,-73.72704752651579
791.5800221967697,-73.72884214197167,-73.72884214197167
791.5900221967697,-73.73064006349418,-73.73064006349418
791.6000221967697,-73.73244134473745,-73.73244134473745
791.6100221967697,-73.73424603827729,-73.73424603827729
791.6200221967697,-73.73605419560478,-73.73605419560478
791.6300221967697,-73.7378658671497,-73.7378658671497
791.6400221967697,-73.73968110230953,-73.73968110230953
791.6500221967697,-73.74149994942817,-73.74149994942817
791.6600221967697,-73.7433224558475,-73.7433224558475
791.6700221967698,-73.74514866789013,-73.74514866789013
791.6800221967698,-73.74697863090621,-73.74697863090621
791.6900221967697,-73.74881238923663,-73.74881238923663
791.7000221967697,-73.75064998628588,-73.75064998628588
791.7100221967697,-73.75249146448395,-73.75249146448395
791.7200221967697,-73.75433686533081,-73.75433686533081
791.7300221967697,-73.75618622939186,-73.75618622939186
791.7400221967697,-73.75803959631675,-73.75803959631675
791.7500221967697,-73.75989700485454,-73.75989700485454
791.7600221967697,-73.76175849286825,-73.76175849286825
791.7700221967697,-73.76362409733566,-73.76362409733566
791.7800221967697,-73.76549385437387,-73.76549385437387
791.7900221967698,-73.76736779923097,-73.76736779923097
791.8000221967698,-73.76924596633519,-73.76924596633519
791.8100221967698,-73.77112838926982,-73.77112838926982
791.8200221967697,-73.77301510079393,-73.77301510079393
791.8300221967697,-73.77490613287097,-73.77490613287097
791.8400221967697,-73.7768015166532,-73.7768015166532
791.8500221967697,-73.7787012825243,-73.7787012825243
791.8600221967697,-73.78060546008592,-73.78060546008592
791.8700221967697,-73.78251407816752,-73.78251407816752
791.8800221967697,-73.78442716486148,-73.78442716486148
791.8900221967697,-73.78634474751593,-73.78634474751593
791.9000221967697,-73.78826685273513,-73.78826685273513
791.9100221967697,-73.79019350641198,-73.79019350641198
791.9200221967698,-73.7921247337144,-73.7921247337144
791.9300221967698,-73.7940605591421,-73.7940605591421
791.9400221967697,-73.79600100648241,-73.79600100648241
791.9500221967697,-73.79794609884243,-73.79794609884243
791.9600221967697,-73.79989585865324,-73.79989585865324
791.9700221967697,-73.80185030770903,-73.80185030770903
791.9800221967697,-73.80380946712422,-73.80380946712422
791.9900221967697,-73.80577335739316,-73.80577335739316
792.0000221967697,-73.80774199837472,-73.80774199837472
792.0100221967697,-73.80971540929168,-73.80971540929168
792.0200221967697,-73.81169360876828,-73.81169360876828
792.0300221967697,-73.8136766148115,-73.8136766148115
792.0400221967698,-73.8156644448504,-73.8156644448504
792.0500221967698,-73.81765711570868,-73.81765711570868
792.0600221967698,-73.81965464364656,-73.81965464364656
792.0700221967697,-73.82165704434944,-73.82165704434944
792.0800221967697,-73.82366433293305,-73.82366433293305
792.0900221967697,-73.82567652396253,-73.82567652396253
792.1000221967697,-73.82769363147769,-73.82769363147769
792.1100221967697,-73.82971566895665,-73.82971566895665
792.1200221967697,-73.83174264936557,-73.83174264936557
792.1300221967697,-73.83377458514256,-73.83377458514256
792.1400221967697,-73.83581148822185,-73.83581148822185
792.1500221967697,-73.83785337002901,-73.83785337002901
792.1600221967697,-73.83990024148629,-73.83990024148629
792.1700221967698,-73.84195211303474,-73.84195211303474
792.1800221967698,-73.84400899463567,-73.84400899463567
792.1900221967697,-73.84607089576376,-73.84607089576376
792.2000222206116,-73.8481378303555,-73.8481378303555
792.2100222206116,-73.85020335467816,-73.85020335467816
792.2200222206116,-73.85226465871256,-73.85226465871256
792.2300222206115,-73.8543203740454,-73.8543203740454
792.2400222206115,-73.85636980161857,-73.85636980161857
792.2500222206115,-73.85841261520005,-73.85841261520005
792.2600222206115,-73.86044870740785,-73.86044870740785
792.2700222206116,-73.86247809941445,-73.86247809941445
792.2800222206116,-73.86450088679027,-73.86450088679027
792.2900222206116,-73.86651720683574,-73.86651720683574
792.3000222206116,-73.86852721905888,-73.86852721905888
792.3100222206116,-73.87053109350444,-73.87053109350444
792.3200222206116,-73.87252900387091,-73.87252900387091
792.3300222206116,-73.87452112361375,-73.87452112361375
792.3400222206116,-73.87650762375651,-73.87650762375651
792.3500222206115,-73.87848867182664,-73.87848867182664
792.3600222206115,-73.88046443138485,-73.88046443138485
792.3700222206115,-73.88243506197522,-73.88243506197522
792.3800222206115,-73.88440071926628,-73.88440071926628
792.3900222206116,-73.88636155526183,-73.88636155526183
792.4000222206116,-73.88831771862974,-73.88831771862974
792.4100222206116,-73.89026935494675,-73.89026935494675
792.4200222206116,-73.89221660700821,-73.89221660700821
792.4300222206116,-73.8941596150857,-73.8941596150857
792.4400222206116,-73.89609851714836,-73.89609851714836
792.4500222206116,-73.89803344906838,-73.89803344906838
792.4600222206116,-73.89996454480617,-73.89996454480617
792.4700222206116,-73.90189193653701,-73.90189193653701
792.4800222206115,-73.90381575479881,-73.90381575479881
792.4900222206115,-73.9057361285855,-73.9057361285855
792.5000222206115,-73.90765318544926,-73.90765318544926
792.5100222206115,-73.90956705155924,-73.90956705155924
792.5200222206116,-73.91147785175276,-73.91147785175276
792.5300222206116,-73.91338570962279,-73.91338570962279
792.5400222206116,-73.91529074750177,-73.91529074750177
792.5500222206116,-73.91719308652132,-73.91719308652132
792.5600222206116,-73.91909284665041,-73.91909284665041
792.5700222206116,-73.92099014667052,-73.92099014667052
792.5800222206116,-73.92288510423846,-73.92288510423846
792.5900222206116,-73.92477783584583,-73.92477783584583
792.6000222206115,-73.92666845685498,-73.92666845685498
792.6100222206115,-73.92846535809349,-73.92846535809349
792.6200222206115,-73.93013260031701,-73.93013260031701
792.6300222206115,-73.93165508421157,-73.93165508421157
792.6400222206116,-73.9330266483983,-73.9330266483983
792.6500222206116,-73.93424581392284,-73.93424581392284
792.6600222206116,-73.93531377018294,-73.93531377018294
792.6700222206116,-73.93623324224598,-73.93623324224598
792.6800222206116,-73.93700780856707,-73.93700780856707
792.6900222206116,-73.93764148205652,-73.93764148205652
792.7000222206116,-73.93813845338019,-73.93813845338019
792.7100222206116,-73.93849648932647,-73.93849648932647
792.7200222206116,-73.93871691341627,-73.93871691341627
792.7300222206115,-73.93880237884174,-73.93880237884174
792.7400222206115,-73.93875606401731,-73.93875606401731
792.7500222206115,-73.93858136478336,-73.93858136478336
792.7600222206115,-73.93828173862332,-73.93828173862332
792.7700222206116,-73.93786061808851,-73.93786061808851
792.7800222206116,-73.93732136324573,-73.93732136324573
792.7900222206116,-73.93666723716137,-73.93666723716137
792.8000222206116,-73.93590139499933,-73.93590139499933
792.8100222206116,-73.93502688102465,-73.93502688102465
792.8200222206116,-73.93404663006791,-73.93404663006791
792.8300222206116,-73.93296347142355,-73.93296347142355
792.8400222206116,-73.93178013399842,-73.93178013399842
792.8500222206115,-73.93049925195069,-73.93049925195069
792.8600222206115,-73.9291233703721,-73.9291233703721
792.8700222206115,-73.92765495083907,-73.92765495083907
792.8800222206115,-73.92609637670093,-73.92609637670093
792.8900222206116,-73.9244499579471,-73.9244499579471
792.9000222206116,-73.92271793578035,-73.92271793578035
792.9100222206116,-73.92090248675936,-73.92090248675936
792.9200222206116,-73.91900572662053,-73.91900572662053
792.9300222206116,-73.91702971379065,-73.91702971379065
792.9400222206116,-73.91497645256527,-73.91497645256527
792.9500222206116,-73.91284789600407,-73.91284789600407
792.9600222206116,-73.91064594860829,-73.91064594860829
792.9700222206116,-73.90837246875265,-73.90837246875265
792.9800222206115,-73.90602927089444,-73.90602927089444
792.9900222206115,-73.90361812762505,-73.90361812762505
793.0000222206115,-73.90114077154706,-73.90114077154706
793.0100222206115,-73.89859889698,-73.89859889698
793.0200222206116,-73.89599416155244,-73.89599416155244
793.0300222206116,-73.89332818768251,-73.89332818768251
793.0400222206116,-73.89060256387744,-73.89060256387744
793.0500222444534,-73.88781883940693,-73.88781883940693
793.0600222444534,-73.88497855171529,-73.88497855171529
793.0700222444534,-73.88208318852972,-73.88208318852972
793.0800222444534,-73.87913421443533,-73.87913421443533
793.0900222444534,-73.8761330656124,-73.8761330656124
793.1000222444534,-73.87308115066247,-73.87308115066247
793.1100222444534,-73.86997985140776,-73.86997985140776
793.1200222444535,-73.86683052367329,-73.86683052367329
793.1300222444535,-73.86363449802404,-73.86363449802404
793.1400222444535,-73.86039308040212,-73.86039308040212
793.1500222444535,-73.85710755279318,-73.85710755279318
793.1600222444534,-73.85377917381813,-73.85377917381813
793.1700222444534,-73.85040917929648,-73.85040917929648
793.1800222444534,-73.84699878282038,-73.84699878282038
793.1900222444534,-73.8435491762417,-73.8435491762417
793.2000222444534,-73.84006153015977,-73.84006153015977
793.2100222444534,-73.83653699440376,-73.83653699440376
793.2200222444534,-73.83297669847323,-73.83297669847323
793.2300222444534,-73.82938175197054,-73.82938175197054
793.2400222444535,-73.82575324497606,-73.82575324497606
793.2500222444535,-73.82209224850857,-73.82209224850857
793.2600222444535,-73.81839981483783,-73.81839981483783
793.2700222444535,-73.81467697786167,-73.81467697786167
793.2800222444534,-73.8109247534932,-73.8109247534932
793.2900222444534,-73.80714413995203,-73.80714413995203
793.3000222444534,-73.80333611813046,-73.80333611813046
793.3100222444534,-73.79950165186987,-73.79950165186987
793.3200222444534,-73.79564168830224,-73.79564168830224
793.3300222444534,-73.79175715812762,-73.79175715812762
793.3400222444534,-73.7878489759118,-73.7878489759118
793.3500222444534,-73.78391804036852,-73.78391804036852
793.3600222444534,-73.77996523461452,-73.77996523461452
793.3700222444535,-73.77599142645805,-73.77599142645805
793.3800222444535,-73.7719974686655,-73.7719974686655
793.3900222444535,-73.76798419917363,-73.76798419917363
793.4000222444535,-73.76395244137213,-73.76395244137213
793.4100222444534,-73.75990300434111,-73.75990300434111
793.4200222444534,-73.75583668306662,-73.75583668306662
793.4300222444534,-73.75175425870773,-73.75175425870773
793.4400222444534,-73.74765649878675,-73.74765649878675
793.4500222444534,-73.7435441574299,-73.7435441574299
793.4600222444534,-73.7394179755849,-73.7394179755849
793.4700222444534,-73.73527868121525,-73.73527868121525
793.4800222444534,-73.73112698953855,-73.73112698953855
793.4900222444535,-73.72696360320815,-73.72696360320815
793.5000222444535,-73.72278921252394,-73.72278921252394
793.5100222444535,-73.71860449561179,-73.71860449561179
793.5200222444535,-73.71441011866085,-73.71441011866085
793.5300222444534,-73.7102067360659,-73.7102067360659
793.5400222444534,-73.70599499063711,-73.70599499063711
793.5500222444534,-73.7017755137881,-73.7017755137881
793.5600222444534,-73.69754892570353,-73.69754892570353
793.5700222444534,-73.69331583552365,-73.69331583552365
793.5800222444534,-73.68907684151891,-73.68907684151891
793.5900222444534,-73.68483253126786,-73.68483253126786
793.6000222444534,-73.68058348181006,-73.68058348181006
793.6100222444534,-73.67633025983021,-73.67633025983021
793.6200222444535,-73.67207342180879,-73.67207342180879
793.6300222444535,-73.66781351419438,-73.66781351419438
793.6400222444535,-73.66355107354865,-73.66355107354865
793.6500222444535,-73.65928662671558,-73.65928662671558
793.6600222444534,-73.65502069096631,-73.65502069096631
793.6700222444534,-73.65075377416414,-73.65075377416414
793.6800222444534,-73.64648637488769,-73.64648637488769
793.6900222444534,-73.64221898260436,-73.64221898260436
793.7000222444534,-73.63795207779975,-73.63795207779975
793.7100222444534,-73.63368613212498,-73.63368613212498
793.7200222444534,-73.62942160852594,-73.62942160852594
793.7300222444534,-73.6251589614028,-73.6251589614028
793.7400222444535,-73.62089863672237,-73.62089863672237
793.7500222444535,-73.61664107217449,-73.61664107217449
793.7600222444535,-73.61238669727945,-73.61238669727945
793.7700222444535,-73.60813593352911,-73.60813593352911
793.7800222444534,-73.60388919453156,-73.60388919453156
793.7900222444534,-73.59964688609209,-73.59964688609209
793.8000222444534,-73.59540940638405,-73.59540940638405
793.8100222444534,-73.5911771460535,-73.5911771460535
793.8200222444534,-73.58695048832803,-73.58695048832803
793.8300222444534,-73.58272980914037,-73.58272980914037
793.8400222444534,-73.57851547725927,-73.57851547725927
793.8500222444534,-73.57430785437994,-73.57430785437994
793.8600222444534,-73.57010729525932,-73.57010729525932
793.8700222444535,-73.56591414781079,-73.56591414781079
793.8800222444535,-73.56172875322875,-73.56172875322875
793.8900222444535,-73.55755144607107,-73.55755144607107
793.9000222682953,-73.55338254445722,-73.55338254445722
793.9100222682953,-73.54922238991186,-73.54922238991186
793.9200222682953,-73.54507128783108,-73.54507128783108
793.9300222682953,-73.54092954734209,-73.54092954734209
793.9400222682953,-73.53679747147181,-73.53679747147181
793.9500222682952,-73.5326753572248,-73.5326753572248
793.9600222682952,-73.5285634957029,-73.5285634957029
793.9700222682953,-73.52446217218308,-73.52446217218308
793.9800222682953,-73.52037166624163,-73.52037166624163
793.9900222682953,-73.51629225180005,-73.51629225180005
794.0000222682953,-73.51222419724343,-73.51222419724343
794.0100222682953,-73.50816776550641,-73.50816776550641
794.0200222682953,-73.50412321416357,-73.50412321416357
794.0300222682953,-73.5000907955069,-73.5000907955069
794.0400222682953,-73.49607075663516,-73.49607075663516
794.0500222682953,-73.49206333954022,-73.49206333954022
794.0600222682953,-73.48806878119507,-73.48806878119507
794.0700222682952,-73.48408731361471,-73.48408731361471
794.0800222682952,-73.48011916395463,-73.48011916395463
794.0900222682953,-73.47616455459105,-73.47616455459105
794.1000222682953,-73.47222370317914,-73.47222370317914
794.1100222682953,-73.46829682275359,-73.46829682275359
794.1200222682953,-73.46438412176593,-73.46438412176593
794.1300222682953,-73.46048580421629,-73.46048580421629
794.1400222682953,-73.45660206967074,-73.45660206967074
794.1500222682953,-73.45273311336396,-73.45273311336396
794.1600222682953,-73.44887912625967,-73.44887912625967
794.1700222682953,-73.4450402951178,-73.4450402951178
794.1800222682953,-73.44121680257025,-73.44121680257025
794.1900222682953,-73.43740882717609,-73.43740882717609
794.2000222682952,-73.43361654350166,-73.43361654350166
794.2100222682952,-73.4298401221839,-73.4298401221839
794.2200222682953,-73.4260797299682,-73.4260797299682
794.2300222682953,-73.4223355298221,-73.4223355298221
794.2400222682953,-73.41860768094617,-73.41860768094617
794.2500222682953,-73.41489633885675,-73.41489633885675
794.2600222682953,-73.41120165545578,-73.41120165545578
794.2700222682953,-73.40752377906382,-73.40752377906382
794.2800222682953,-73.40386285451265,-73.40386285451265
794.2900222682953,-73.400219023163,-73.400219023163
794.3000222682953,-73.39659242299454,-73.39659242299454
794.3100222682953,-73.39298318864316,-73.39298318864316
794.3200222682952,-73.38939145146112,-73.38939145146112
794.3300222682952,-73.3858173395691,-73.3858173395691
794.3400222682953,-73.38226097790279,-73.38226097790279
794.3500222682953,-73.3787224882831,-73.3787224882831
794.3600222682953,-73.375201989442,-73.375201989442
794.3700222682953,-73.37169959709642,-73.37169959709642
794.3800222682953,-73.36821542397985,-73.36821542397985
794.3900222682953,-73.3647495798901,-73.3647495798901
794.4000222682953,-73.36130217176533,-73.36130217176533
794.4100222682953,-73.3578733036988,-73.3578733036988
794.4200222682953,-73.35446307699893,-73.35446307699893
794.4300222682953,-73.35107159023333,-73.35107159023333
794.4400222682953,-73.34769893927452,-73.34769893927452
794.4500222682952,-73.34434521733365,-73.34434521733365
794.4600222682952,-73.3410041385534,-73.3410041385534
794.4700222682953,-73.3376730129769,-73.3376730129769
794.4800222682953,-73.33435058324508,-73.33435058324508
794.4900222682953,-73.33103625192598,-73.33103625192598
794.5000222682953,-73.3277297873848,-73.3277297873848
794.5100222682953,-73.32443117132615,-73.32443117132615
794.5200222682953,-73.32114050952752,-73.32114050952752
794.5300222682953,-73.31785797829971,-73.31785797829971
794.5400222682953,-73.31458379233892,-73.31458379233892
794.5500222682953,-73.31131818546439,-73.31131818546439
794.5600222682953,-73.30806139920243,-73.30806139920243
794.5700222682952,-73.30481367609225,-73.30481367609225
794.5800222682952,-73.30157525590042,-73.30157525590042
794.5900222682953,-73.29834637356105,-73.29834637356105
794.6000222682953,-73.29512725821314,-73.29512725821314
794.6100222682953,-73.29191813280923,-73.29191813280923
794.6200222682953,-73.28871921414164,-73.28871921414164
794.6300222682953,-73.28553071301452,-73.28553071301452
794.6400222682953,-73.28235283457823,-73.28235283457823
794.6500222682953,-73.27918577864484,-73.27918577864484
794.6600222682953,-73.27602974003638,-73.27602974003638
794.6700222682953,-73.27288490892526,-73.27288490892526
794.6800222682953,-73.26975147112236,-73.26975147112236
794.6900222682953,-73.26662960837105,-73.26662960837105
794.7000222682952,-73.2635194985806,-73.2635194985806
794.7100222682952,-73.26042131604197,-73.26042131604197
794.7200222682953,-73.25733523160761,-73.25733523160761
794.7300222682953,-73.25426141287798,-73.25426141287798
794.7400222682953,-73.25120002432143,-73.25120002432143
794.7500222921371,-73.24815122014253,-73.24815122014253
794.7600222921371,-73.24511517348787,-73.24511517348787
794.7700222921371,-73.24209203280566,-73.24209203280566
794.7800222921371,-73.23908195114832,-73.23908195114832
794.7900222921371,-73.23608507891161,-73.23608507891161
794.8000222921371,-73.23310156388693,-73.23310156388693
794.8100222921371,-73.23013155132013,-73.23013155132013
794.8200222921372,-73.227175183955,-73.227175183955
794.8300222921372,-73.22423260210022,-73.22423260210022
794.8400222921372,-73.22130394361588,-73.22130394361588
794.8500222921372,-73.21838934397272,-73.21838934397272
794.8600222921372,-73.21548893629502,-73.21548893629502
794.8700222921372,-73.21260285135719,-73.21260285135719
794.8800222921371,-73.20973121761779,-73.20973121761779
794.8900222921371,-73.20687416124481,-73.20687416124481
794.9000222921371,-73.20403180614412,-73.20403180614412
794.9100222921371,-73.20120427396337,-73.20120427396337
794.9200222921371,-73.19839168410769,-73.19839168410769
794.9300222921371,-73.19559415377552,-73.19559415377552
794.9400222921372,-73.19281179795564,-73.19281179795564
794.9500222921372,-73.19004472946726,-73.19004472946726
794.9600222921372,-73.1872930589395,-73.1872930589395
794.9700222921372,-73.18455689485407,-73.18455689485407
794.9800222921372,-73.18183634356869,-73.18183634356869
794.9900222921372,-73.17913150930775,-73.17913150930775
795.0000222921371,-73.17644249418527,-73.17644249418527
795.0100222921371,-73.17376939823068,-73.17376939823068
795.0200222921371,-73.1711123193991,-73.1711123193991
795.0300222921371,-73.16847135357558,-73.16847135357558
795.0400222921371,-73.16584659460352,-73.16584659460352
795.0500222921371,-73.16323813430621,-73.16323813430621
795.0600222921371,-73.16064606248224,-73.16064606248224
795.0700222921372,-73.15807046693196,-73.15807046693196
795.0800222921372,-73.1555114335036,-73.1555114335036
795.0900222921372,-73.15296904604757,-73.15296904604757
795.1000222921372,-73.15044338647091,-73.15044338647091
795.1100222921372,-73.14793453475701,-73.14793453475701
795.1200222921372,-73.14544256898925,-73.14544256898925
795.1300222921371,-73.14296756532977,-73.14296756532977
795.1400222921371,-73.14050959808542,-73.14050959808542
795.1500222921371,-73.13806873968143,-73.13806873968143
795.1600222921371,-73.13564506071098,-73.13564506071098
795.1700222921371,-73.13323862993707,-73.13323862993707
795.1800222921371,-73.13084951431256,-73.13084951431256
795.1900222921372,-73.128477778999,-73.128477778999
795.2000222921372,-73.12612348739806,-73.12612348739806
795.2100222921372,-73.12378670114151,-73.12378670114151
795.2200222921372,-73.1214674801309,-73.1214674801309
795.2300222921372,-73.11916588255413,-73.11916588255413
795.2400222921372,-73.1168819648923,-73.1168819648923
795.2500222921371,-73.11461578195181,-73.11461578195181
795.2600222921371,-73.11236738686569,-73.11236738686569
795.2700222921371,-73.11013683114848,-73.11013683114848
795.2800222921371,-73.10792416465799,-73.10792416465799
795.2900222921371,-73.10572943566375,-73.10572943566375
795.3000222921371,-73.10355269083921,-73.10355269083921
795.3100222921371,-73.10139397529474,-73.10139397529474
795.3200222921372,-73.09925333257895,-73.09925333257895
795.3300222921372,-73.0971308047249,-73.0971308047249
795.3400222921372,-73.09502643224032,-73.09502643224032
795.3500222921372,-73.09294025414228,-73.09294025414228
795.3600222921372,-73.09087230795163,-73.09087230795163
795.3700222921372,-73.08882262975716,-73.08882262975716
795.3800222921371,-73.08679125418546,-73.08679125418546
795.3900222921371,-73.08477821445472,-73.08477821445472
795.4000222921371,-73.08278354237231,-73.08278354237231
795.4100222921371,-73.08080726835924,-73.08080726835924
795.4200222921371,-73.07884942147409,-73.07884942147409
795.4300222921371,-73.07691002941112,-73.07691002941112
795.4400222921372,-73.07498911854084,-73.07498911854084
795.4500222921372,-73.07308671393208,-73.07308671393208
795.4600222921372,-73.0712028393276,-73.0712028393276
795.4700222921372,-73.06933751720908,-73.06933751720908
795.4800222921372,-73.06749076879842,-73.06749076879842
795.4900222921372,-73.06566261406353,-73.06566261406353
795.5000222921371,-73.06385307175064,-73.06385307175064
795.5100222921371,-73.06206215938728,-73.06206215938728
795.5200222921371,-73.06028989330815,-73.06028989330815
795.5300222921371,-73.05853628868087,-73.05853628868087
795.5400222921371,-73.05680135950358,-73.05680135950358
795.5500222921371,-73.05508511863451,-73.05508511863451
795.5600222921371,-73.05338757779789,-73.05338757779789
795.5700222921372,-73.05170874761511,-73.05170874761511
795.5800222921372,-73.05004863760847,-73.05004863760847
795.5900222921372,-73.04840725622714,-73.04840725622714
795.600022315979,-73.04678460698192,-73.04678460698192
795.610022315979,-73.04518070400883,-73.04518070400883
795.620022315979,-73.0435955486437,-73.0435955486437
795.630022315979,-73.04202914519414,-73.04202914519414
795.640022315979,-73.04048149694621,-73.04048149694621
795.650022315979,-73.03895260619446,-73.03895260619446
795.660022315979,-73.03744247426786,-73.03744247426786
795.670022315979,-73.03595110152311,-73.03595110152311
795.680022315979,-73.03447848739671,-73.03447848739671
795.690022315979,-73.03302463039353,-73.03302463039353
795.700022315979,-73.03158952809352,-73.03158952809352
795.710022315979,-73.03017317718142,-73.03017317718142
795.720022315979,-73.02877557346618,-73.02877557346618
795.730022315979,-73.02739671188264,-73.02739671188264
795.740022315979,-73.02603658650709,-73.02603658650709
795.750022315979,-73.02469519056167,-73.02469519056167
795.760022315979,-73.02337251645984,-73.02337251645984
795.770022315979,-73.02206855578454,-73.02206855578454
795.780022315979,-73.02078329931989,-73.02078329931989
795.7900223159791,-73.01951673704535,-73.01951673704535
795.800022315979,-73.01826885819038,-73.01826885819038
795.810022315979,-73.01703965119886,-73.01703965119886
795.820022315979,-73.01582910376393,-73.01582910376393
795.830022315979,-73.01463720285047,-73.01463720285047
795.840022315979,-73.01346393467949,-73.01346393467949
795.850022315979,-73.01230928477149,-73.01230928477149
795.860022315979,-73.01117323792941,-73.01117323792941
795.870022315979,-73.01005577827432,-73.01005577827432
795.880022315979,-73.00895688924716,-73.00895688924716
795.890022315979,-73.0078765536097,-73.0078765536097
795.900022315979,-73.00681475347984,-73.00681475347984
795.910022315979,-73.00577147032068,-73.00577147032068
795.920022315979,-73.00474668495244,-73.00474668495244
795.930022315979,-73.0037403775961,-73.0037403775961
795.940022315979,-73.0027525278405,-73.0027525278405
795.950022315979,-73.00178311467384,-73.00178311467384
795.960022315979,-73.0008321164974,-73.0008321164974
795.970022315979,-72.99989951112227,-72.99989951112227
795.980022315979,-72.99898527580595,-72.99898527580595
795.990022315979,-72.99808938721125,-72.99808938721125
796.000022315979,-72.99721182148956,-72.99721182148956
796.010022315979,-72.99635255422457,-72.99635255422457
796.020022315979,-72.99551156047507,-72.99551156047507
796.030022315979,-72.9946888147849,-72.9946888147849
796.0400223159791,-72.99388429116651,-72.99388429116651
796.050022315979,-72.99309796315534,-72.99309796315534
796.060022315979,-72.99232980377468,-72.99232980377468
796.070022315979,-72.99157978556843,-72.99157978556843
796.080022315979,-72.99084788059987,-72.99084788059987
796.090022315979,-72.99013406047483,-72.99013406047483
796.100022315979,-72.98943829632734,-72.98943829632734
796.110022315979,-72.98876055884963,-72.98876055884963
796.120022315979,-72.98810081829804,-72.98810081829804
796.130022315979,-72.98745904449059,-72.98745904449059
796.140022315979,-72.98683520681386,-72.98683520681386
796.150022315979,-72.98622927425076,-72.98622927425076
796.160022315979,-72.98564121537562,-72.98564121537562
796.170022315979,-72.98507099834038,-72.98507099834038
796.180022315979,-72.98451859093925,-72.98451859093925
796.190022315979,-72.98398396055462,-72.98398396055462
796.200022315979,-72.98346707419616,-72.98346707419616
796.210022315979,-72.98296789851396,-72.98296789851396
796.220022315979,-72.98247606153453,-72.98247606153453
796.230022315979,-72.9819799142968,-72.9819799142968
796.240022315979,-72.98142726130399,-72.98142726130399
796.250022315979,-72.98079249390196,-72.98079249390196
796.260022315979,-72.98005932660344,-72.98005932660344
796.270022315979,-72.97921674397716,-72.97921674397716
796.280022315979,-72.97825717651189,-72.97825717651189
796.2900223159791,-72.97717533391334,-72.97717533391334
796.300022315979,-72.9759674533667,-72.9759674533667
796.310022315979,-72.97463082542674,-72.97463082542674
796.320022315979,-72.97316349560074,-72.97316349560074
796.330022315979,-72.97156407361591,-72.97156407361591
796.340022315979,-72.96983160822987,-72.96983160822987
796.350022315979,-72.9679655021929,-72.9679655021929
796.360022315979,-72.96596545218755,-72.96596545218755
796.370022315979,-72.96383140446066,-72.96383140446066
796.380022315979,-72.96156352077288,-72.96156352077288
796.390022315979,-72.95916215116944,-72.95916215116944
796.400022315979,-72.95662781150138,-72.95662781150138
796.410022315979,-72.95396116442018,-72.95396116442018
796.420022315979,-72.95116300290373,-72.95116300290373
796.430022315979,-72.94823423589798,-72.94823423589798
796.440022315979,-72.94517587552389,-72.94517587552389
796.4500223398209,-72.94198901815098,-72.94198901815098
796.4600223398209,-72.93867486422376,-72.93867486422376
796.4700223398208,-72.93523466468808,-72.93523466468808
796.4800223398208,-72.93166974194978,-72.93166974194978
796.4900223398208,-72.92798147531023,-72.92798147531023
796.5000223398208,-72.92417129424473,-72.92417129424473
796.5100223398208,-72.92024067234621,-72.92024067234621
796.5200223398209,-72.91619112188879,-72.91619112188879
796.5300223398209,-72.91202418884869,-72.91202418884869
796.5400223398209,-72.90774144846904,-72.90774144846904
796.5500223398209,-72.9033445011749,-72.9033445011749
796.5600223398209,-72.89883496891099,-72.89883496891099
796.5700223398209,-72.89421449182609,-72.89421449182609
796.5800223398209,-72.88948472522212,-72.88948472522212
796.5900223398208,-72.88464733683615,-72.88464733683615
796.6000223398208,-72.87970400434239,-72.87970400434239
796.6100223398208,-72.87465641305681,-72.87465641305681
796.6200223398208,-72.86950625389579,-72.86950625389579
796.6300223398208,-72.86425522149123,-72.86425522149123
796.6400223398209,-72.85890501246125,-72.85890501246125
796.6500223398209,-72.85345732385998,-72.85345732385998
796.6600223398209,-72.84791385172956,-72.84791385172956
796.6700223398209,-72.84227628980263,-72.84227628980263
796.6800223398209,-72.83654632832469,-72.83654632832469
796.6900223398209,-72.83072565293261,-72.83072565293261
796.7000223398209,-72.82481594368943,-72.82481594368943
796.7100223398209,-72.81881887413458,-72.81881887413458
796.7200223398208,-72.81273611047868,-72.81273611047868
796.7300223398208,-72.80656931082919,-72.80656931082919
796.7400223398208,-72.8003201244905,-72.8003201244905
796.7500223398208,-72.7939901913148,-72.7939901913148
796.7600223398208,-72.78758114113496,-72.78758114113496
796.7700223398209,-72.78109459321213,-72.78109459321213
796.7800223398209,-72.77453215576949,-72.77453215576949
796.7900223398209,-72.76789542551197,-72.76789542551197
796.8000223398209,-72.76118598725141,-72.76118598725141
796.8100223398209,-72.75440541353396,-72.75440541353396
796.8200223398209,-72.74755526427202,-72.74755526427202
796.8300223398209,-72.74063708648659,-72.74063708648659
796.8400223398208,-72.73365241399159,-72.73365241399159
796.8500223398208,-72.72660276716114,-72.72660276716114
796.8600223398208,-72.71948965271025,-72.71948965271025
796.8700223398208,-72.71231456347361,-72.71231456347361
796.8800223398208,-72.70507897825613,-72.70507897825613
796.8900223398209,-72.69778436164437,-72.69778436164437
796.9000223398209,-72.69043216389362,-72.69043216389362
796.9100223398209,-72.68302382077225,-72.68302382077225
796.9200223398209,-72.67556075347792,-72.67556075347792
796.9300223398209,-72.66804436854278,-72.66804436854278
796.9400223398209,-72.6604760577586,-72.6604760577586
796.9500223398209,-72.65285719809764,-72.65285719809764
796.9600223398209,-72.64518915168324,-72.64518915168324
796.9700223398208,-72.6374732657327,-72.6374732657327
796.9800223398208,-72.62971087253813,-72.62971087253813
796.9900223398208,-72.62190328944904,-72.62190328944904
797.0000223398208,-72.61405181885256,-72.61405181885256
797.0100223398208,-72.60615774819617,-72.60615774819617
797.0200223398209,-72.59822234995706,-72.59822234995706
797.0300223398209,-72.59024688171883,-72.59024688171883
797.0400223398209,-72.58223258614369,-72.58223258614369
797.0500223398209,-72.57418069101772,-72.57418069101772
797.0600223398209,-72.56609240931088,-72.56609240931088
797.0700223398209,-72.5579689391895,-72.5579689391895
797.0800223398209,-72.54981146409142,-72.54981146409142
797.0900223398208,-72.54162115277084,-72.54162115277084
797.1000223398208,-72.53339915936806,-72.53339915936806
797.1100223398208,-72.52514662345538,-72.52514662345538
797.1200223398208,-72.51686467012497,-72.51686467012497
797.1300223398208,-72.50855441006006,-72.50855441006006
797.1400223398209,-72.50021693960538,-72.50021693960538
797.1500223398209,-72.49185334086626,-72.49185334086626
797.1600223398209,-72.4834646817674,-72.4834646817674
797.1700223398209,-72.4750520161785,-72.4750520161785
797.1800223398209,-72.46661638395577,-72.46661638395577
797.1900223398209,-72.45815881108595,-72.45815881108595
797.2000223398209,-72.44968030975294,-72.44968030975294
797.2100223398209,-72.44118187844319,-72.44118187844319
797.2200223398208,-72.4326645020659,-72.4326645020659
797.2300223398208,-72.4241291520211,-72.4241291520211
797.2400223398208,-72.41557678632756,-72.41557678632756
797.2500223398208,-72.40700834973295,-72.40700834973295
797.2600223398208,-72.39842477381444,-72.39842477381444
797.2700223398209,-72.38982697708563,-72.38982697708563
797.2800223398209,-72.3812158651225,-72.3812158651225
797.2900223398209,-72.37259233065426,-72.37259233065426
797.3000223636627,-72.36395723312685,-72.36395723312685
797.3100223636627,-72.35531148105777,-72.35531148105777
797.3200223636627,-72.34665590883138,-72.34665590883138
797.3300223636627,-72.33799135897765,-72.33799135897765
797.3400223636627,-72.32931866178016,-72.32931866178016
797.3500223636627,-72.32063863539038,-72.32063863539038
797.3600223636627,-72.31195208591926,-72.31195208591926
797.3700223636628,-72.30325980758141,-72.30325980758141
797.3800223636628,-72.29456258281776,-72.29456258281776
797.3900223636628,-72.28586118237625,-72.28586118237625
797.4000223636627,-72.27715636547157,-72.27715636547157
797.4100223636627,-72.26844887989255,-72.26844887989255
797.4200223636627,-72.25973946210392,-72.25973946210392
797.4300223636627,-72.25102883739476,-72.25102883739476
797.4400223636627,-72.24231771996926,-72.24231771996926
797.4500223636627,-72.2336068130842,-72.2336068130842
797.4600223636627,-72.22489680915862,-72.22489680915862
797.4700223636627,-72.2161883899019,-72.2161883899019
797.4800223636627,-72.20748222640836,-72.20748222640836
797.4900223636628,-72.19877897929666,-72.19877897929666
797.5000223636628,-72.19007929883402,-72.19007929883402
797.5100223636628,-72.18138382502366,-72.18138382502366
797.5200223636627,-72.17269318774487,-72.17269318774487
797.5300223636627,-72.16400800686098,-72.16400800686098
797.5400223636627,-72.15532889233889,-72.15532889233889
797.5500223636627,-72.14665644434358,-72.14665644434358
797.5600223636627,-72.13799125338262,-72.13799125338262
797.5700223636627,-72.12933390040526,-72.12933390040526
797.5800223636627,-72.12068495691133,-72.12068495691133
797.5900223636627,-72.11204498506665,-72.11204498506665
797.6000223636627,-72.10341453781712,-72.10341453781712
797.6100223636627,-72.09479415899354,-72.09479415899354
797.6200223636628,-72.08618438342945,-72.08618438342945
797.6300223636628,-72.0775857370637,-72.0775857370637
797.6400223636628,-72.06899873704398,-72.06899873704398
797.6500223636627,-72.06042389185211,-72.06042389185211
797.6600223636627,-72.05186170140057,-72.05186170140057
797.6700223636627,-72.04331265712929,-72.04331265712929
797.6800223636627,-72.03477724212047,-72.03477724212047
797.6900223636627,-72.02625593120278,-72.02625593120278
797.7000223636627,-72.0177491910506,-72.0177491910506
797.7100223636627,-72.00925748029749,-72.00925748029749
797.7200223636627,-72.00078124961509,-72.00078124961509
797.7300223636627,-71.99232094183613,-71.99232094183613
797.7400223636628,-71.98387699204635,-71.98387699204635
797.7500223636628,-71.97544982768318,-71.97544982768318
797.7600223636628,-71.96703986863002,-71.96703986863002
797.7700223636627,-71.95864752732008,-71.95864752732008
797.7800223636627,-71.95027320881424,-71.95027320881424
797.7900223636627,-71.94191731093562,-71.94191731093562
797.8000223636627,-71.93358022431877,-71.93358022431877
797.8100223636627,-71.92526233252875,-71.92526233252875
797.8200223636627,-71.91696401214674,-71.91696401214674
797.8300223636627,-71.90868563286647,-71.90868563286647
797.8400223636627,-71.90042755758095,-71.90042755758095
797.8500223636627,-71.89219014246817,-71.89219014246817
797.8600223636627,-71.8839737370752,-71.8839737370752
797.8700223636628,-71.87577868442423,-71.87577868442423
797.8800223636628,-71.86760532108335,-71.86760532108335
797.8900223636628,-71.85945397726312,-71.85945397726312
797.9000223636627,-71.85132497689523,-71.85132497689523
797.9100223636627,-71.84321863771353,-71.84321863771353
797.9200223636627,-71.83513527133385,-71.83513527133385
797.9300223636627,-71.82707518335963,-71.82707518335963
797.9400223636627,-71.81903867343732,-71.81903867343732
797.9500223636627,-71.81102603534323,-71.81102603534323
797.9600223636627,-71.80303755706625,-71.80303755706625
797.9700223636627,-71.79507352089068,-71.79507352089068
797.9800223636627,-71.78713420346457,-71.78713420346457
797.9900223636628,-71.77921987587844,-71.77921987587844
798.0000223636628,-71.77133080375478,-71.77133080375478
798.0100223636628,-71.76346724729073,-71.76346724729073
798.0200223636627,-71.75562946137275,-71.75562946137275
798.0300223636627,-71.74781769561395,-71.74781769561395
798.0400223636627,-71.74003219444876,-71.74003219444876
798.0500223636627,-71.7322731972003,-71.7322731972003
798.0600223636627,-71.72454093814153,-71.72454093814153
798.0700223636627,-71.71683564657604,-71.71683564657604
798.0800223636627,-71.70915754690319,-71.70915754690319
798.0900223636627,-71.70150685868342,-71.70150685868342
798.1000223636627,-71.69388379670421,-71.69388379670421
798.1100223636627,-71.68628857105945,-71.68628857105945
798.1200223636628,-71.67872138719233,-71.67872138719233
798.1300223636628,-71.67118244598932,-71.67118244598932
798.1400223636628,-71.66367194380918,-71.66367194380918
798.1500223875046,-71.65619005476587,-71.65619005476587
798.1600223875046,-71.64873700211459,-71.64873700211459
798.1700223875046,-71.64131295116256,-71.64131295116256
798.1800223875046,-71.63391808086935,-71.63391808086935
798.1900223875045,-71.62655256599172,-71.62655256599172
798.2000223875045,-71.61921657715042,-71.61921657715042
798.2100223875045,-71.61191028087197,-71.61191028087197
798.2200223875046,-71.60463383966125,-71.60463383966125
798.2300223875046,-71.5973874120686,-71.5973874120686
798.2400223875046,-71.59017115271216,-71.59017115271216
798.2500223875046,-71.58298521236729,-71.58298521236729
798.2600223875046,-71.57582973800129,-71.57582973800129
798.2700223875046,-71.56870487284641,-71.56870487284641
798.2800223875046,-71.56161075642486,-71.56161075642486
798.2900223875046,-71.55454752463213,-71.55454752463213
798.3000223875046,-71.54751530977114,-71.54751530977114
798.3100223875045,-71.54051424060785,-71.54051424060785
798.3200223875045,-71.53354444241761,-71.53354444241761
798.3300223875045,-71.52660603705525,-71.52660603705525
798.3400223875046,-71.51969914297857,-71.51969914297857
798.3500223875046,-71.5128238753158,-71.5128238753158
798.3600223875046,-71.5059803458857,-71.5059803458857
798.3700223875046,-71.49916866329289,-71.49916866329289
798.3800223875046,-71.49238893293125,-71.49238893293125
798.3900223875046,-71.48564125705838,-71.48564125705838
798.4000223875046,-71.47892573481624,-71.47892573481624
798.4100223875046,-71.4722424623084,-71.4722424623084
798.4200223875046,-71.46559153260417,-71.46559153260417
798.4300223875046,-71.45897303582305,-71.45897303582305
798.4400223875045,-71.45238705915311,-71.45238705915311
798.4500223875045,-71.4458336868943,-71.4458336868943
798.4600223875045,-71.43931300051926,-71.43931300051926
798.4700223875046,-71.43282507869496,-71.43282507869496
798.4800223875046,-71.42636999733996,-71.42636999733996
798.4900223875046,-71.41994782964333,-71.41994782964333
798.5000223875046,-71.41355864612535,-71.41355864612535
798.5100223875046,-71.40720251467602,-71.40720251467602
798.5200223875046,-71.40087950057429,-71.40087950057429
798.5300223875046,-71.3945896665509,-71.3945896665509
798.5400223875046,-71.38833307281307,-71.38833307281307
798.5500223875046,-71.38210977708893,-71.38210977708893
798.5600223875045,-71.37591983464539,-71.37591983464539
798.5700223875045,-71.36976329835814,-71.36976329835814
798.5800223875045,-71.36364021872065,-71.36364021872065
798.5900223875046,-71.35755064387723,-71.35755064387723
798.6000223875046,-71.3514946196887,-71.3514946196887
798.6100223875046,-71.34547218974562,-71.34547218974562
798.6200223875046,-71.33948339537987,-71.33948339537987
798.6300223875046,-71.33352827575207,-71.33352827575207
798.6400223875046,-71.32760686783624,-71.32760686783624
798.6500223875046,-71.32171920648004,-71.32171920648004
798.6600223875046,-71.31586532442657,-71.31586532442657
798.6700223875046,-71.31004525234805,-71.31004525234805
798.6800223875046,-71.30425901887236,-71.30425901887236
798.6900223875045,-71.29850665062666,-71.29850665062666
798.7000223875045,-71.29278817225786,-71.29278817225786
798.7100223875045,-71.28709740634753,-71.28709740634753
798.7200223875046,-71.28143167133817,-71.28143167133817
798.7300223875046,-71.2757896803345,-71.2757896803345
798.7400223875046,-71.27017078995586,-71.27017078995586
798.7500223875046,-71.26457471402574,-71.26457471402574
798.7600223875046,-71.2590013750297,-71.2590013750297
798.7700223875046,-71.25345081707607,-71.25345081707607
798.7800223875046,-71.24792315365059,-71.24792315365059
798.7900223875046,-71.24241853616671,-71.24241853616671
798.8000223875046,-71.2369371351699,-71.2369371351699
798.8100223875045,-71.23147912914101,-71.23147912914101
798.8200223875045,-71.22604469792019,-71.22604469792019
798.8300223875045,-71.22063401903256,-71.22063401903256
798.8400223875046,-71.21524726561286,-71.21524726561286
798.8500223875046,-71.20988460548553,-71.20988460548553
798.8600223875046,-71.20454620075327,-71.20454620075327
798.8700223875046,-71.19923220781048,-71.19923220781048
798.8800223875046,-71.19394277753464,-71.19394277753464
798.8900223875046,-71.18867805556131,-71.18867805556131
798.9000223875046,-71.18343818263865,-71.18343818263865
798.9100223875046,-71.17822329492543,-71.17822329492543
798.9200223875046,-71.17303352432509,-71.17303352432509
798.9300223875046,-71.16786899878421,-71.16786899878421
798.9400223875045,-71.16272984255396,-71.16272984255396
798.9500223875045,-71.15761617642438,-71.15761617642438
798.9600223875045,-71.15252811793526,-71.15252811793526
798.9700223875046,-71.14746578154336,-71.14746578154336
798.9800223875046,-71.14242927880714,-71.14242927880714
798.9900223875046,-71.13741871849133,-71.13741871849133
799.0000224113464,-71.13243419484121,-71.13243419484121
799.0100224113464,-71.12747583519304,-71.12747583519304
799.0200224113464,-71.1225437286761,-71.1225437286761
799.0300224113464,-71.11763797395685,-71.11763797395685
799.0400224113464,-71.11275866736034,-71.11275866736034
799.0500224113464,-71.10790590293142,-71.10790590293142
799.0600224113464,-71.10307977247373,-71.10307977247373
799.0700224113465,-71.09828036559227,-71.09828036559227
799.0800224113465,-71.09350776975477,-71.09350776975477
799.0900224113465,-71.08876207027575,-71.08876207027575
799.1000224113465,-71.08404335039636,-71.08404335039636
799.1100224113464,-71.07935169125852,-71.07935169125852
799.1200224113464,-71.07468717197013,-71.07468717197013
799.1300224113464,-71.07004986959844,-71.07004986959844
799.1400224113464,-71.06543985919281,-71.06543985919281
799.1500224113464,-71.06085721381315,-71.06085721381315
799.1600224113464,-71.05630200453545,-71.05630200453545
799.1700224113464,-71.05177430047321,-71.05177430047321
799.1800224113464,-71.04727416877984,-71.04727416877984
799.1900224113465,-71.04280167465808,-71.04280167465808
799.2000224113465,-71.0383568814187,-71.0383568814187
799.2100224113465,-71.03393985041933,-71.03393985041933
799.2200224113465,-71.02955064114899,-71.02955064114899
799.2300224113465,-71.02518931119133,-71.02518931119133
799.2400224113464,-71.02085591625571,-71.02085591625571
799.2500224113464,-71.01655051018808,-71.01655051018808
799.2600224113464,-71.01227314498341,-71.01227314498341
799.2700224113464,-71.00802387080525,-71.00802387080525
799.2800224113464,-71.00380273599404,-71.00380273599404
799.2900224113464,-70.99960978706915,-70.99960978706915
799.3000224113464,-70.99544506874902,-70.99544506874902
799.3100224113464,-70.99130862398924,-70.99130862398924
799.3200224113465,-70.98720049394471,-70.98720049394471
799.3300224113465,-70.98312071804366,-70.98312071804366
799.3400224113465,-70.97906933394928,-70.97906933394928
799.3500224113465,-70.97504637760261,-70.97504637760261
799.3600224113464,-70.97105188323448,-70.97105188323448
799.3700224113464,-70.96708588337845,-70.96708588337845
799.3800224113464,-70.96314840887044,-70.96314840887044
799.3900224113464,-70.95923948889416,-70.95923948889416
799.4000224113464,-70.95535915097324,-70.95535915097324
799.4100224113464,-70.95150742099567,-70.95150742099567
799.4200224113464,-70.94768432322223,-70.94768432322223
799.4300224113464,-70.9438898803092,-70.9438898803092
799.4400224113465,-70.94012411332275,-70.94012411332275
799.4500224113465,-70.93638704176607,-70.93638704176607
799.4600224113465,-70.93267251183582,-70.93267251183582
799.4700224113465,-70.92897784749185,-70.92897784749185
799.4800224113465,-70.92530176077983,-70.92530176077983
799.4900224113464,-70.92164360467748,-70.92164360467748
799.5000224113464,-70.91800308821466,-70.91800308821466
799.5100224113464,-70.91438012862743,-70.91438012862743
799.5200224113464,-70.9107747647006,-70.9107747647006
799.5300224113464,-70.90718710473635,-70.90718710473635
799.5400224113464,-70.90361729526208,-70.90361729526208
799.5500224113464,-70.90006550225407,-70.90006550225407
799.5600224113464,-70.89653190000213,-70.89653190000213
799.5700224113465,-70.89301666454185,-70.89301666454185
799.5800224113465,-70.88951996996232,-70.88951996996232
799.5900224113465,-70.88604198634762,-70.88604198634762
799.6000224113465,-70.88258287880254,-70.88258287880254
799.6100224113464,-70.87914280709349,-70.87914280709349
799.6200224113464,-70.87572192559297,-70.87572192559297
799.6300224113464,-70.87232038347723,-70.87232038347723
799.6400224113464,-70.86893832499612,-70.86893832499612
799.6500224113464,-70.86557588980442,-70.86557588980442
799.6600224113464,-70.86223321324978,-70.86223321324978
799.6700224113464,-70.85891042671196,-70.85891042671196
799.6800224113464,-70.85560765784919,-70.85560765784919
799.6900224113465,-70.85232503090535,-70.85232503090535
799.7000224113465,-70.84906266688103,-70.84906266688103
799.7100224113465,-70.84582068377384,-70.84582068377384
799.7200224113465,-70.84259919672921,-70.84259919672921
799.7300224113465,-70.8393983181965,-70.8393983181965
799.7400224113464,-70.83621815805482,-70.83621815805482
799.7500224113464,-70.83305882372518,-70.83305882372518
799.7600224113464,-70.82992042025607,-70.82992042025607
799.7700224113464,-70.82680305043536,-70.82680305043536
799.7800224113464,-70.82370681481123,-70.82370681481123
799.7900224113464,-70.82063181177408,-70.82063181177408
799.8000224113464,-70.81757813761779,-70.81757813761779
799.8100224113464,-70.81454588656045,-70.81454588656045
799.8200224113465,-70.8115351507946,-70.8115351507946
799.8300224113465,-70.80854602052288,-70.80854602052288
799.8400224113465,-70.8055785839684,-70.8055785839684
799.8500224351883,-70.80263292039784,-70.80263292039784
799.8600224351883,-70.79970912824761,-70.79970912824761
799.8700224351883,-70.79680728289573,-70.79680728289573
799.8800224351883,-70.79392746489165,-70.79392746489165
799.8900224351883,-70.79106975291441,-70.79106975291441
799.9000224351882,-70.7882342237795,-70.7882342237795
799.9100224351882,-70.78542095245209,-70.78542095245209
799.9200224351883,-70.78263001205934,-70.78263001205934
799.9300224351883,-70.77986147391006,-70.77986147391006
799.9400224351883,-70.77711540747379,-70.77711540747379
799.9500224351883,-70.77439188043222,-70.77439188043222
799.9600224351883,-70.77169095866014,-70.77169095866014
799.9700224351883,-70.76901270625551,-70.76901270625551
799.9800224351883,-70.76635718553437,-70.76635718553437
799.9900224351883,-70.76372445704547,-70.76372445704547
800.0000224351883,-70.7611145795843,-70.7611145795843
800.0100224351883,-70.75852761020434,-70.75852761020434
800.0200224351883,-70.75596360422172,-70.75596360422172
800.0300224351882,-70.75342261523018,-70.75342261523018
800.0400224351883,-70.75090469510695,-70.75090469510695
800.0500224351883,-70.74840989404404,-70.74840989404404
800.0600224351883,-70.74593826052082,-70.74593826052082
800.0700224351883,-70.74348984135756,-70.74348984135756
800.0800224351883,-70.74106468170812,-70.74106468170812
800.0900224351883,-70.73866282506266,-70.73866282506266
800.1000224351883,-70.73628431328424,-70.73628431328424
800.1100224351883,-70.73392918660255,-70.73392918660255
800.1200224351883,-70.731597483637,-70.731597483637
800.1300224351883,-70.72928924140408,-70.72928924140408
800.1400224351883,-70.72700449533762,-70.72700449533762
800.1500224351882,-70.72474327929476,-70.72474327929476
800.1600224351882,-70.72250562557917,-70.72250562557917
800.1700224351883,-70.7202915649514,-70.7202915649514
800.1800224351883,-70.71810112664764,-70.71810112664764
800.1900224351883,-70.71593433837072,-70.71593433837072
800.2000224351883,-70.71379122634039,-70.71379122634039
800.2100224351883,-70.71166566099893,-70.71166566099893
800.2200224351883,-70.70955497892298,-70.70955497892298
800.2300224351883,-70.70745790051025,-70.70745790051025
800.2400224351883,-70.70537378535545,-70.70537378535545
800.2500224351883,-70.70330234827418,-70.70330234827418
800.2600224351883,-70.70124351188744,-70.70124351188744
800.2700224351883,-70.69919732021806,-70.69919732021806
800.2800224351882,-70.69716388677949,-70.69716388677949
800.2900224351883,-70.69514336336916,-70.69514336336916
800.3000224351883,-70.69313592137783,-70.69313592137783
800.3100224351883,-70.69114174060029,-70.69114174060029
800.3200224351883,-70.68916100273108,-70.68916100273108
800.3300224351883,-70.68719388767852,-70.68719388767852
800.3400224351883,-70.68524057147314,-70.68524057147314
800.3500224351883,-70.68330122533025,-70.68330122533025
800.3600224351883,-70.6813760152386,-70.6813760152386
800.3700224351883,-70.67946510193987,-70.67946510193987
800.3800224351883,-70.6775686411083,-70.6775686411083
800.3900224351883,-70.67568678361789,-70.67568678361789
800.4000224351882,-70.67381967583981,-70.67381967583981
800.4100224351882,-70.67196745997782,-70.67196745997782
800.4200224351883,-70.6701302743536,-70.6701302743536
800.4300224351883,-70.6683082537108,-70.6683082537108
800.4400224351883,-70.66650152943458,-70.66650152943458
800.4500224351883,-70.66471022978413,-70.66471022978413
800.4600224351883,-70.66292832989609,-70.66292832989609
800.4700224351883,-70.66115326717379,-70.66115326717379
800.4800224351883,-70.65938386076347,-70.65938386076347
800.4900224351883,-70.65761956758453,-70.65761956758453
800.5000224351883,-70.65586019866004,-70.65586019866004
800.5100224351883,-70.65410577185273,-70.65410577185273
800.5200224351883,-70.6523564255873,-70.6523564255873
800.5300224351882,-70.65061236703168,-70.65061236703168
800.5400224351883,-70.64887384092142,-70.64887384092142
800.5500224351883,-70.64714111091628,-70.64714111091628
800.5600224351883,-70.64541444845955,-70.64541444845955
800.5700224351883,-70.64369412628947,-70.64369412628947
800.5800224351883,-70.6419804147293,-70.6419804147293
800.5900224351883,-70.64027357964483,-70.64027357964483
800.6000224351883,-70.63857388149297,-70.63857388149297
800.6100224351883,-70.63688157491436,-70.63688157491436
800.6200224351883,-70.63519690872381,-70.63519690872381
800.6300224351883,-70.6335201260618,-70.6335201260618
800.6400224351883,-70.6318514646642,-70.6318514646642
800.6500224351882,-70.63019115718194,-70.63019115718194
800.6600224351882,-70.62853943147104,-70.62853943147104
800.6700224351883,-70.62689651088985,-70.62689651088985
800.6800224351883,-70.6252626145916,-70.6252626145916
800.6900224351883,-70.62363795773982,-70.62363795773982
800.7000224590302,-70.62202274788918,-70.62202274788918
800.7100224590301,-70.62041720057664,-70.62041720057664
800.7200224590301,-70.61882151635889,-70.61882151635889
800.7300224590301,-70.61723589637474,-70.61723589637474
800.7400224590301,-70.61566053861185,-70.61566053861185
800.7500224590301,-70.61409563799886,-70.61409563799886
800.7600224590301,-70.61254138648637,-70.61254138648637
800.7700224590302,-70.61099797313759,-70.61099797313759
800.7800224590302,-70.60946558417284,-70.60946558417284
800.7900224590302,-70.60794440302209,-70.60794440302209
800.8000224590302,-70.60643461036526,-70.60643461036526
800.8100224590302,-70.60493638418687,-70.60493638418687
800.8200224590302,-70.60344989976241,-70.60344989976241
800.8300224590301,-70.60197532975174,-70.60197532975174
800.8400224590301,-70.6005128441601,-70.6005128441601
800.8500224590301,-70.59906261038874,-70.59906261038874
800.8600224590301,-70.59762479325079,-70.59762479325079
800.8700224590301,-70.59619955496404,-70.59619955496404
800.8800224590301,-70.59478705519753,-70.59478705519753
800.8900224590302,-70.59338745104607,-70.59338745104607
800.9000224590302,-70.59200089708966,-70.59200089708966
800.9100224590302,-70.59062754534112,-70.59062754534112
800.9200224590302,-70.58926754532439,-70.58926754532439
800.9300224590302,-70.58792104402903,-70.58792104402903
800.9400224590302,-70.58658818595487,-70.58658818595487
800.9500224590302,-70.58526911310567,-70.58526911310567
800.9600224590301,-70.58396396500932,-70.58396396500932
800.9700224590301,-70.58267287872631,-70.58267287872631
800.9800224590301,-70.58139598884307,-70.58139598884307
800.9900224590301,-70.58013342751609,-70.58013342751609
801.0000224590301,-70.57888532445699,-70.57888532445699
801.0100224590301,-70.57765180695556,-70.57765180695556
801.0200224590302,-70.57643299988709,-70.57643299988709
801.0300224590302,-70.57522902574048,-70.57522902574048
801.0400224590302,-70.57404000461413,-70.57404000461413
801.0500224590302,-70.57286605423175,-70.57286605423175
801.0600224590302,-70.57170728997235,-70.57170728997235
801.0700224590302,-70.57056382485895,-70.57056382485895
801.0800224590301,-70.56943576961018,-70.56943576961018
801.0900224590301,-70.56832323261501,-70.56832323261501
801.1000224590301,-70.56722631999602,-70.56722631999602
801.1100224590301,-70.5661451355792,-70.5661451355792
801.1200224590301,-70.56507978094311,-70.56507978094311
801.1300224590301,-70.56403035541805,-70.56403035541805
801.1400224590302,-70.56299695611307,-70.56299695611307
801.1500224590302,-70.56197967794856,-70.56197967794856
801.1600224590302,-70.56097861364674,-70.56097861364674
801.1700224590302,-70.55999385376245,-70.55999385376245
801.1800224590302,-70.55902548670598,-70.55902548670598
801.1900224590302,-70.55807359876258,-70.55807359876258
801.2000224590302,-70.5571382741103,-70.5571382741103
801.2100224590301,-70.55621959483632,-70.55621959483632
801.2200224590301,-70.55531764096467,-70.55531764096467
801.2300224590301,-70.55443249047084,-70.55443249047084
801.2400224590301,-70.55356421930178,-70.55356421930178
801.2500224590301,-70.55271290140789,-70.55271290140789
801.2600224590301,-70.55187860875012,-70.55187860875012
801.2700224590302,-70.55106141132505,-70.55106141132505
801.2800224590302,-70.55026137718744,-70.55026137718744
801.2900224590302,-70.54947857248027,-70.54947857248027
801.3000224590302,-70.54871306143401,-70.54871306143401
801.3100224590302,-70.54796490640693,-70.54796490640693
801.3200224590302,-70.54723416790934,-70.54723416790934
801.3300224590301,-70.54652090459963,-70.54652090459963
801.3400224590301,-70.54582517333958,-70.54582517333958
801.3500224590301,-70.54514702919786,-70.54514702919786
801.3600224590301,-70.54448652545997,-70.54448652545997
801.3700224590301,-70.54384371367661,-70.54384371367661
801.3800224590301,-70.54321864366666,-70.54321864366666
801.3900224590302,-70.54261136353622,-70.54261136353622
801.4000224590302,-70.5420219197234,-70.5420219197234
801.4100224590302,-70.54145035699695,-70.54145035699695
801.4200224590302,-70.54089671847707,-70.54089671847707
801.4300224590302,-70.5403610456639,-70.5403610456639
801.4400224590302,-70.53984337847861,-70.53984337847861
801.4500224590302,-70.53934375523895,-70.53934375523895
801.4600224590301,-70.53886221271702,-70.53886221271702
801.4700224590301,-70.53839878615337,-70.53839878615337
801.4800224590301,-70.5379535092646,-70.5379535092646
801.4900224590301,-70.53752641427714,-70.53752641427714
801.5000224590301,-70.5371175319442,-70.5371175319442
801.5100224590301,-70.53672689157138,-70.53672689157138
801.5200224590302,-70.53635452101169,-70.53635452101169
801.5300224590302,-70.5360004467294,-70.5360004467294
801.5400224590302,-70.53566469378408,-70.53566469378408
801.550022482872,-70.53534728509975,-70.53534728509975
801.560022482872,-70.5350482445786,-70.5350482445786
801.570022482872,-70.53476759239513,-70.53476759239513
801.580022482872,-70.53450534823284,-70.53450534823284
801.590022482872,-70.53426153048542,-70.53426153048542
801.600022482872,-70.53403615626576,-70.53403615626576
801.610022482872,-70.53382924143709,-70.53382924143709
801.6200224828721,-70.53364080059339,-70.53364080059339
801.630022482872,-70.53347084714751,-70.53347084714751
801.640022482872,-70.53331939328524,-70.53331939328524
801.650022482872,-70.53318645000535,-70.53318645000535
801.660022482872,-70.53307202716182,-70.53307202716182
801.670022482872,-70.53297613344617,-70.53297613344617
801.680022482872,-70.53289877642047,-70.53289877642047
801.690022482872,-70.53283996253562,-70.53283996253562
801.700022482872,-70.53279969715031,-70.53279969715031
801.710022482872,-70.53277798453338,-70.53277798453338
801.720022482872,-70.53277482791466,-70.53277482791466
801.730022482872,-70.53279022945556,-70.53279022945556
801.7400224828721,-70.53282419029553,-70.53282419029553
801.750022482872,-70.53287671057758,-70.53287671057758
801.760022482872,-70.53294778942694,-70.53294778942694
801.770022482872,-70.53303742499962,-70.53303742499962
801.780022482872,-70.53314561449432,-70.53314561449432
801.790022482872,-70.53327235414683,-70.53327235414683
801.800022482872,-70.53341763927166,-70.53341763927166
801.810022482872,-70.53358146426397,-70.53358146426397
801.820022482872,-70.53376382260656,-70.53376382260656
801.830022482872,-70.53396470691115,-70.53396470691115
801.840022482872,-70.53418410890676,-70.53418410890676
801.850022482872,-70.53442201946295,-70.53442201946295
801.860022482872,-70.53467842861355,-70.53467842861355
801.8700224828721,-70.53495332555266,-70.53495332555266
801.880022482872,-70.53524669867087,-70.53524669867087
801.890022482872,-70.53555853554565,-70.53555853554565
801.900022482872,-70.53588882296877,-70.53588882296877
801.910022482872,-70.53623754695728,-70.53623754695728
801.920022482872,-70.53660469278068,-70.53660469278068
801.930022482872,-70.5369902449377,-70.5369902449377
801.940022482872,-70.53739418720582,-70.53739418720582
801.950022482872,-70.53781650264163,-70.53781650264163
801.960022482872,-70.53825103120168,-70.53825103120168
801.970022482872,-70.53869507017446,-70.53869507017446
801.980022482872,-70.53914729808636,-70.53914729808636
801.9900224828721,-70.53960703214601,-70.53960703214601
802.000022482872,-70.54007394503083,-70.54007394503083
802.010022482872,-70.54054791770714,-70.54054791770714
802.020022482872,-70.54102895322663,-70.54102895322663
802.030022482872,-70.54151712489168,-70.54151712489168
802.040022482872,-70.54201254508705,-70.54201254508705
802.050022482872,-70.54251534660482,-70.54251534660482
802.060022482872,-70.54302567149962,-70.54302567149962
802.070022482872,-70.54354366456317,-70.54354366456317
802.080022482872,-70.54406946959519,-70.54406946959519
802.090022482872,-70.54460322736519,-70.54460322736519
802.100022482872,-70.54514507464289,-70.54514507464289
802.110022482872,-70.54569514375865,-70.54569514375865
802.1200224828721,-70.54625356260942,-70.54625356260942
802.130022482872,-70.5468204548019,-70.5468204548019
802.140022482872,-70.5473959399064,-70.5473959399064
802.150022482872,-70.54798013377584,-70.54798013377584
802.160022482872,-70.54857314883357,-70.54857314883357
802.170022482872,-70.54917509438482,-70.54917509438482
802.180022482872,-70.54978607687106,-70.54978607687106
802.190022482872,-70.55040620012193,-70.55040620012193
802.200022482872,-70.55103556555716,-70.55103556555716
802.210022482872,-70.55167427239373,-70.55167427239373
802.220022482872,-70.55232241779035,-70.55232241779035
802.230022482872,-70.55298009698883,-70.55298009698883
802.2400224828721,-70.5536474034246,-70.5536474034246
802.250022482872,-70.5543244288481,-70.5543244288481
802.260022482872,-70.55501126337874,-70.55501126337874
802.270022482872,-70.55570799558232,-70.55570799558232
802.280022482872,-70.55641471255099,-70.55641471255099
802.290022482872,-70.55713149991075,-70.55713149991075
802.300022482872,-70.5578584419058,-70.5578584419058
802.310022482872,-70.55859562139243,-70.55859562139243
802.320022482872,-70.55934311989796,-70.55934311989796
802.330022482872,-70.56010101762195,-70.56010101762195
802.340022482872,-70.56086939345835,-70.56086939345835
802.350022482872,-70.56164832500299,-70.56164832500299
802.360022482872,-70.56243788858018,-70.56243788858018
802.3700224828721,-70.56323815924557,-70.56323815924557
802.380022482872,-70.56404921079054,-70.56404921079054
802.390022482872,-70.56487111574336,-70.56487111574336
802.4000225067139,-70.56570394737174,-70.56570394737174
802.4100225067139,-70.56654777176196,-70.56654777176196
802.4200225067138,-70.56740265964501,-70.56740265964501
802.4300225067138,-70.56826867855006,-70.56826867855006
802.4400225067138,-70.56914589478167,-70.56914589478167
802.4500225067138,-70.57003437338679,-70.57003437338679
802.4600225067138,-70.57093417817734,-70.57093417817734
802.4700225067139,-70.57184537173057,-70.57184537173057
802.4800225067139,-70.57276801538497,-70.57276801538497
802.4900225067139,-70.57370216924224,-70.57370216924224
802.5000225067139,-70.57464789217649,-70.57464789217649
802.5100225067139,-70.57560524182409,-70.57560524182409
802.5200225067139,-70.57657427460022,-70.57657427460022
802.5300225067139,-70.57755504569643,-70.57755504569643
802.5400225067139,-70.57854760907682,-70.57854760907682
802.5500225067138,-70.57955201749856,-70.57955201749856
802.5600225067138,-70.58056832249497,-70.58056832249497
802.5700225067138,-70.58159657438797,-70.58159657438797
802.5800225067138,-70.58263682230161,-70.58263682230161
802.5900225067139,-70.5836891141579,-70.5836891141579
802.6000225067139,-70.58475349668679,-70.58475349668679
802.6100225067139,-70.58583001542044,-70.58583001542044
802.6200225067139,-70.58691871472081,-70.58691871472081
802.6300225067139,-70.58801963775214,-70.58801963775214
802.6400225067139,-70.58913282653265,-70.58913282653265
802.6500225067139,-70.5902583218921,-70.5902583218921
802.6600225067139,-70.59139616353157,-70.59139616353157
802.6700225067138,-70.59254638997213,-70.59254638997213
802.6800225067138,-70.59370903861677,-70.59370903861677
802.6900225067138,-70.59488414573401,-70.59488414573401
802.7000225067138,-70.59607174644877,-70.59607174644877
802.7100225067138,-70.59726572587284,-70.59726572587284
802.7200225067139,-70.59846342855266,-70.59846342855266
802.7300225067139,-70.59966358100692,-70.59966358100692
802.7400225067139,-70.60086554866271,-70.60086554866271
802.7500225067139,-70.60206905235624,-70.60206905235624
802.7600225067139,-70.6032740210931,-70.6032740210931
802.7700225067139,-70.60448050572822,-70.60448050572822
802.7800225067139,-70.60568862709744,-70.60568862709744
802.7900225067139,-70.60689854482364,-70.60689854482364
802.8000225067138,-70.60811043862063,-70.60811043862063
802.8100225067138,-70.60932449712044,-70.60932449712044
802.8200225067138,-70.61054091137837,-70.61054091137837
802.8300225067138,-70.61175987108388,-70.61175987108388
802.8400225067139,-70.6129815625646,-70.6129815625646
802.8500225067139,-70.61420616776167,-70.61420616776167
802.8600225067139,-70.61543386383069,-70.61543386383069
802.8700225067139,-70.6166648231106,-70.6166648231106
802.8800225067139,-70.61789921327214,-70.61789921327214
802.8900225067139,-70.61913719760169,-70.61913719760169
802.9000225067139,-70.62037893525687,-70.62037893525687
802.9100225067139,-70.62162458161133,-70.62162458161133
802.9200225067138,-70.62287428851967,-70.62287428851967
802.9300225067138,-70.6241282045975,-70.6241282045975
802.9400225067138,-70.62538647547441,-70.62538647547441
802.9500225067138,-70.62664924397437,-70.62664924397437
802.9600225067138,-70.627916650323,-70.627916650323
802.9700225067139,-70.62918883232578,-70.62918883232578
802.9800225067139,-70.63046592548564,-70.63046592548564
802.9900225067139,-70.63174806310636,-70.63174806310636
803.0000225067139,-70.63303537641383,-70.63303537641383
803.0100225067139,-70.63432799463284,-70.63432799463284
803.0200225067139,-70.63562604505931,-70.63562604505931
803.0300225067139,-70.63692965312619,-70.63692965312619
803.0400225067139,-70.63823894243617,-70.63823894243617
803.0500225067138,-70.63955403481754,-70.63955403481754
803.0600225067138,-70.64087505034846,-70.64087505034846
803.0700225067138,-70.64220210739359,-70.64220210739359
803.0800225067138,-70.64353532262695,-70.64353532262695
803.0900225067139,-70.64487481103974,-70.64487481103974
803.1000225067139,-70.64622068598143,-70.64622068598143
803.1100225067139,-70.64757305914935,-70.64757305914935
803.1200225067139,-70.64893204060321,-70.64893204060321
803.1300225067139,-70.65029773878595,-70.65029773878595
803.1400225067139,-70.6516702605344,-70.6516702605344
803.1500225067139,-70.6530497110665,-70.6530497110665
803.1600225067139,-70.6544361940099,-70.6544361940099
803.1700225067138,-70.65582981138509,-70.65582981138509
803.1800225067138,-70.65723066362428,-70.65723066362428
803.1900225067138,-70.65863884958485,-70.65863884958485
803.2000225067138,-70.66005446653341,-70.66005446653341
803.2100225067138,-70.66147761017048,-70.66147761017048
803.2200225067139,-70.66290837459587,-70.66290837459587
803.2300225067139,-70.66434685238652,-70.66434685238652
803.2400225067139,-70.66579313451972,-70.66579313451972
803.2500225305557,-70.66724731390234,-70.66724731390234
803.2600225305557,-70.66870947151358,-70.66870947151358
803.2700225305557,-70.67017969712623,-70.67017969712623
803.2800225305557,-70.67165807553508,-70.67165807553508
803.2900225305557,-70.67314469000576,-70.67314469000576
803.3000225305557,-70.67463962226925,-70.67463962226925
803.3100225305557,-70.6761429525519,-70.6761429525519
803.3200225305558,-70.6776547595451,-70.6776547595451
803.3300225305558,-70.67917512045973,-70.67917512045973
803.3400225305558,-70.68070411098569,-70.68070411098569
803.3500225305557,-70.68224180533285,-70.68224180533285
803.3600225305557,-70.68378827623671,-70.68378827623671
803.3700225305557,-70.68534359495978,-70.68534359495978
803.3800225305557,-70.68690783129598,-70.68690783129598
803.3900225305557,-70.68848105358713,-70.68848105358713
803.4000225305557,-70.6900633287433,-70.6900633287433
803.4100225305557,-70.69165472222996,-70.69165472222996
803.4200225305557,-70.69325529810288,-70.69325529810288
803.4300225305557,-70.69486511900057,-70.69486511900057
803.4400225305558,-70.69648424615423,-70.69648424615423
803.4500225305558,-70.69811273941684,-70.69811273941684
803.4600225305558,-70.69975065726858,-70.69975065726858
803.4700225305558,-70.70139805681595,-70.70139805681595
803.4800225305557,-70.70305499381247,-70.70305499381247
803.4900225305557,-70.70472152266626,-70.70472152266626
803.5000225305557,-70.70639769646223,-70.70639769646223
803.5100225305557,-70.70808356696243,-70.70808356696243
803.5200225305557,-70.70977918463527,-70.70977918463527
803.5300225305557,-70.7114845986481,-70.7114845986481
803.5400225305557,-70.71319985689047,-70.71319985689047
803.5500225305557,-70.71492500598525,-70.71492500598525
803.5600225305557,-70.716660091305,-70.716660091305
803.5700225305558,-70.71840515697096,-70.71840515697096
803.5800225305558,-70.72016024589905,-70.72016024589905
803.5900225305558,-70.72192539977189,-70.72192539977189
803.6000225305557,-70.72370065907418,-70.72370065907418
803.6100225305557,-70.72548606310936,-70.72548606310936
803.6200225305557,-70.72728164999282,-70.72728164999282
803.6300225305557,-70.72908745669748,-70.72908745669748
803.6400225305557,-70.73090351904118,-70.73090351904118
803.6500225305557,-70.73272987170377,-70.73272987170377
803.6600225305557,-70.73456654824166,-70.73456654824166
803.6700225305557,-70.73641358112488,-70.73641358112488
803.6800225305557,-70.7382710016983,-70.7382710016983
803.6900225305558,-70.74013884023532,-70.74013884023532
803.7000225305558,-70.74201712596422,-70.74201712596422
803.7100225305558,-70.74390588703702,-70.74390588703702
803.7200225305558,-70.74580515056735,-70.74580515056735
803.7300225305557,-70.74771494264078,-70.74771494264078
803.7400225305557,-70.74963528833368,-70.74963528833368
803.7500225305557,-70.75156621172732,-70.75156621172732
803.7600225305557,-70.75350773589156,-70.75350773589156
803.7700225305557,-70.75545988294888,-70.75545988294888
803.7800225305557,-70.75742267403614,-70.75742267403614
803.7900225305557,-70.75939612935274,-70.75939612935274
803.8000225305557,-70.76138026815505,-70.76138026815505
803.8100225305557,-70.76337510878467,-70.76337510878467
803.8200225305558,-70.76538066866719,-70.76538066866719
803.8300225305558,-70.76739696432315,-70.76739696432315
803.8400225305558,-70.76942401139921,-70.76942401139921
803.8500225305557,-70.77146182465746,-70.77146182465746
803.8600225305557,-70.7735104180036,-70.7735104180036
803.8700225305557,-70.77556980449371,-70.77556980449371
803.8800225305557,-70.77763999633746,-70.77763999633746
803.8900225305557,-70.77972100494111,-70.77972100494111
803.9000225305557,-70.78181284087077,-70.78181284087077
803.9100225305557,-70.78391551390952,-70.78391551390952
803.9200225305557,-70.78602903304837,-70.78602903304837
803.9300225305557,-70.78815340649825,-70.78815340649825
803.9400225305558,-70.7902886416966,-70.7902886416966
803.9500225305558,-70.79243474533257,-70.79243474533257
803.9600225305558,-70.79459172335505,-70.79459172335505
803.9700225305558,-70.79675958097093,-70.79675958097093
803.9800225305557,-70.79893832267251,-70.79893832267251
803.9900225305557,-70.80112795223492,-70.80112795223492
804.0000225305557,-70.80332847274482,-70.80332847274482
804.0100225305557,-70.80553988658936,-70.80553988658936
804.0200225305557,-70.80776219547924,-70.80776219547924
804.0300225305557,-70.80999540046541,-70.80999540046541
804.0400225305557,-70.81223950192805,-70.81223950192805
804.0500225305557,-70.81449449960769,-70.81449449960769
804.0600225305557,-70.8167603926062,-70.8167603926062
804.0700225305558,-70.81903717940573,-70.81903717940573
804.0800225305558,-70.82132485785851,-70.82132485785851
804.0900225305558,-70.82362342522683,-70.82362342522683
804.1000225543976,-70.82593288365663,-70.82593288365663
804.1100225543976,-70.82825321825747,-70.82825321825747
804.1200225543976,-70.83058442996587,-70.83058442996587
804.1300225543976,-70.83292651371971,-70.83292651371971
804.1400225543975,-70.8352794638681,-70.8352794638681
804.1500225543975,-70.83764327422989,-70.83764327422989
804.1600225543975,-70.84001793807876,-70.84001793807876
804.1700225543976,-70.84240344814833,-70.84240344814833
804.1800225543976,-70.84479979665284,-70.84479979665284
804.1900225543976,-70.84720697528853,-70.84720697528853
804.2000225543976,-70.84962497525306,-70.84962497525306
804.2100225543976,-70.85205378724447,-70.85205378724447
804.2200225543976,-70.85449340146596,-70.85449340146596
804.2300225543976,-70.85694380765298,-70.85694380765298
804.2400225543976,-70.85940499505337,-70.85940499505337
804.2500225543976,-70.86187695245108,-70.86187695245108
804.2600225543976,-70.86435966819062,-70.86435966819062
804.2700225543975,-70.86685313015566,-70.86685313015566
804.2800225543975,-70.86935732579082,-70.86935732579082
804.2900225543976,-70.8718722420996,-70.8718722420996
804.3000225543976,-70.87439786567872,-70.87439786567872
804.3100225543976,-70.87693418269558,-70.87693418269558
804.3200225543976,-70.87948117890323,-70.87948117890323
804.3300225543976,-70.88203883966283,-70.88203883966283
804.3400225543976,-70.88460714993252,-70.88460714993252
804.3500225543976,-70.88718609427269,-70.88718609427269
804.3600225543976,-70.88977565688772,-70.88977565688772
804.3700225543976,-70.89237582158336,-70.89237582158336
804.3800225543976,-70.89498657180721,-70.89498657180721
804.3900225543975,-70.8976078906446,-70.8976078906446
804.4000225543975,-70.90023976082422,-70.90023976082422
804.4100225543975,-70.90288216472457,-70.90288216472457
804.4200225543976,-70.9055350843899,-70.9055350843899
804.4300225543976,-70.90819850152405,-70.90819850152405
804.4400225543976,-70.9108723974994,-70.9108723974994
804.4500225543976,-70.9135567533689,-70.9135567533689
804.4600225543976,-70.91625154987005,-70.91625154987005
804.4700225543976,-70.91895676743144,-70.91895676743144
804.4800225543976,-70.921672386163,-70.921672386163
804.4900225543976,-70.92439838589885,-70.92439838589885
804.5000225543976,-70.92713474616168,-70.92713474616168
804.5100225543976,-70.92988144618802,-70.92988144618802
804.5200225543975,-70.93263846494479,-70.93263846494479
804.5300225543975,-70.9354057811068,-70.9354057811068
804.5400225543976,-70.93818337308525,-70.93818337308525
804.5500225543976,-70.9409712190399,-70.9409712190399
804.5600225543976,-70.94376929683808,-70.94376929683808
804.5700225543976,-70.9465775841252,-70.9465775841252
804.5800225543976,-70.94939605826892,-70.94939605826892
804.5900225543976,-70.95222469641209,-70.95222469641209
804.6000225543976,-70.95506347544755,-70.95506347544755
804.6100225543976,-70.95791237204433,-70.95791237204433
804.6200225543976,-70.96077136262248,-70.96077136262248
804.6300225543976,-70.96364042339479,-70.96364042339479
804.6400225543975,-70.96651953034869,-70.96651953034869
804.6500225543975,-70.9694086592551,-70.9694086592551
804.6600225543975,-70.97230778566716,-70.97230778566716
804.6700225543976,-70.97521688493576,-70.97521688493576
804.6800225543976,-70.97813593221377,-70.97813593221377
804.6900225543976,-70.98106490244597,-70.98106490244597
804.7000225543976,-70.98400377039786,-70.98400377039786
804.7100225543976,-70.98695251063697,-70.98695251063697
804.7200225543976,-70.98991109754574,-70.98991109754574
804.7300225543976,-70.99287950531931,-70.99287950531931
804.7400225543976,-70.99585770799197,-70.99585770799197
804.7500225543976,-70.99884567940771,-70.99884567940771
804.7600225543976,-71.00184339325465,-71.00184339325465
804.7700225543975,-71.00485082304577,-71.00485082304577
804.7800225543975,-71.0078679421462,-71.0078679421462
804.7900225543976,-71.0108947237468,-71.0108947237468
804.8000225543976,-71.01393114089888,-71.01393114089888
804.8100225543976,-71.01697716649134,-71.01697716649134
804.8200225543976,-71.02003277327499,-71.02003277327499
804.8300225543976,-71.02309793385626,-71.02309793385626
804.8400225543976,-71.0261726206992,-71.0261726206992
804.8500225543976,-71.02925680613795,-71.02925680613795
804.8600225543976,-71.03235046236539,-71.03235046236539
804.8700225543976,-71.03545356145216,-71.03545356145216
804.8800225543976,-71.03856607533909,-71.03856607533909
804.8900225543975,-71.04168797584629,-71.04168797584629
804.9000225543975,-71.04481923467632,-71.04481923467632
804.9100225543975,-71.04795982340937,-71.04795982340937
804.9200225543976,-71.05110971351101,-71.05110971351101
804.9300225543976,-71.05426887635363,-71.05426887635363
804.9400225543976,-71.05743728318139,-71.05743728318139
804.9500225782394,-71.06061491271537,-71.06061491271537
804.9600225782394,-71.063801720901,-71.063801720901
804.9700225782394,-71.066997686212,-71.066997686212
804.9800225782394,-71.07020277950302,-71.07020277950302
804.9900225782394,-71.07341697154226,-71.07341697154226
805.0000225782394,-71.07664023299937,-71.07664023299937
805.0100225782394,-71.07987253445944,-71.07987253445944
805.0200225782395,-71.08311384641615,-71.08311384641615
805.0300225782395,-71.08636413929867,-71.08636413929867
805.0400225782395,-71.08962338343457,-71.08962338343457
805.0500225782395,-71.09289154908444,-71.09289154908444
805.0600225782395,-71.09616860643321,-71.09616860643321
805.0700225782394,-71.09945452559971,-71.09945452559971
805.0800225782394,-71.1027492766267,-71.1027492766267
805.0900225782394,-71.10605282949152,-71.10605282949152
805.1000225782394,-71.10936515410849,-71.10936515410849
805.1100225782394,-71.11268622032775,-71.11268622032775
805.1200225782394,-71.11601599794989,-71.11601599794989
805.1300225782394,-71.11935445669474,-71.11935445669474
805.1400225782395,-71.12270156624011,-71.12270156624011
805.1500225782395,-71.12605729621433,-71.12605729621433
805.1600225782395,-71.12942161618831,-71.12942161618831
805.1700225782395,-71.13279449569092,-71.13279449569092
805.1800225782395,-71.13617590419116,-71.13617590419116
805.1900225782395,-71.13956581112451,-71.13956581112451
805.2000225782394,-71.14296418587793,-71.14296418587793
805.2100225782394,-71.14636479450259,-71.14636479450259
805.2200225782394,-71.1497648893676,-71.1497648893676
805.2300225782394,-71.15316311659272,-71.15316311659272
805.2400225782394,-71.15655876743728,-71.15655876743728
805.2500225782394,-71.15995149264931,-71.15995149264931
805.2600225782394,-71.16334115406494,-71.16334115406494
805.2700225782395,-71.16672773766382,-71.16672773766382
805.2800225782395,-71.17011130130076,-71.17011130130076
805.2900225782395,-71.17349194328258,-71.17349194328258
805.3000225782395,-71.1768697835107,-71.1768697835107
805.3100225782395,-71.18024495223389,-71.18024495223389
805.3200225782394,-71.18361758343417,-71.18361758343417
805.3300225782394,-71.18698781107926,-71.18698781107926
805.3400225782394,-71.19035576698666,-71.19035576698666
805.3500225782394,-71.19372157982691,-71.19372157982691
805.3600225782394,-71.19708537467862,-71.19708537467862
805.3700225782394,-71.2004472729774,-71.2004472729774
805.3800225782394,-71.20380739263881,-71.20380739263881
805.3900225782395,-71.20716584830141,-71.20716584830141
805.4000225782395,-71.21052275162155,-71.21052275162155
805.4100225782395,-71.21387821151166,-71.21387821151166
805.4200225782395,-71.21723233445869,-71.21723233445869
805.4300225782395,-71.22058522474627,-71.22058522474627
805.4400225782395,-71.22393698471382,-71.22393698471382
805.4500225782394,-71.22728771490773,-71.22728771490773
805.4600225782394,-71.23063751426933,-71.23063751426933
805.4700225782394,-71.2339864802994,-71.2339864802994
805.4800225782394,-71.23733470915167,-71.23733470915167
805.4900225782394,-71.24068229575684,-71.24068229575684
805.5000225782394,-71.24402933388039,-71.24402933388039
805.5100225782394,-71.24737591622147,-71.24737591622147
805.5200225782395,-71.25072213444493,-71.25072213444493
805.5300225782395,-71.25406807925178,-71.25406807925178
805.5400225782395,-71.25741384037757,-71.25741384037757
805.5500225782395,-71.2607595066608,-71.2607595066608
805.5600225782395,-71.2641051660402,-71.2641051660402
805.5700225782394,-71.26745090556774,-71.26745090556774
805.5800225782394,-71.2707968114397,-71.2707968114397
805.5900225782394,-71.27414296897916,-71.27414296897916
805.6000225782394,-71.27748946265694,-71.27748946265694
805.6100225782394,-71.28083637609888,-71.28083637609888
805.6200225782394,-71.28418379204562,-71.28418379204562
805.6300225782394,-71.28753179241272,-71.28753179241272
805.6400225782395,-71.29088045822755,-71.29088045822755
805.6500225782395,-71.29422986967455,-71.29422986967455
805.6600225782395,-71.2975801060421,-71.2975801060421
805.6700225782395,-71.30093124575266,-71.30093124575266
805.6800225782395,-71.3042833663397,-71.3042833663397
805.6900225782395,-71.30763654444827,-71.30763654444827
805.7000225782394,-71.31099085583554,-71.31099085583554
805.7100225782394,-71.3143463753462,-71.3143463753462
805.7200225782394,-71.31770317691905,-71.31770317691905
805.7300225782394,-71.32106133357509,-71.32106133357509
805.7400225782394,-71.32442091743079,-71.32442091743079
805.7500225782394,-71.32778199965871,-71.32778199965871
805.7600225782394,-71.33114465051544,-71.33114465051544
805.7700225782395,-71.33450893931278,-71.33450893931278
805.7800225782395,-71.3378749344483,-71.3378749344483
805.7900225782395,-71.34124270335204,-71.34124270335204
805.8000226020813,-71.3446123205482,-71.3446123205482
805.8100226020813,-71.3479838355591,-71.3479838355591
805.8200226020813,-71.35135732099245,-71.35135732099245
805.8300226020813,-71.3547328405123,-71.3547328405123
805.8400226020813,-71.35811045681761,-71.35811045681761
805.8500226020813,-71.36149023167425,-71.36149023167425
805.8600226020812,-71.36487222588478,-71.36487222588478
805.8700226020813,-71.36825649930205,-71.36825649930205
805.8800226020813,-71.37164311083465,-71.37164311083465
805.8900226020813,-71.37503211843824,-71.37503211843824
805.9000226020813,-71.37842357912052,-71.37842357912052
805.9100226020813,-71.38181754895221,-71.38181754895221
805.9200226020813,-71.38521408306154,-71.38521408306154
805.9300226020813,-71.3886132356209,-71.3886132356209
805.9400226020813,-71.39201505988454,-71.39201505988454
805.9500226020813,-71.39541960816575,-71.39541960816575
805.9600226020813,-71.39882693185517,-71.39882693185517
805.9700226020813,-71.40223708141151,-71.40223708141151
805.9800226020812,-71.40565010637775,-71.40565010637775
805.9900226020814,-71.40906605537613,-71.40906605537613
806.0000226020813,-71.4124849761194,-71.4124849761194
806.0100226020813,-71.41590691541822,-71.41590691541822
806.0200226020813,-71.41933191918368,-71.41933191918368
806.0300226020813,-71.42276003241845,-71.42276003241845
806.0400226020813,-71.42619129925734,-71.42619129925734
806.0500226020813,-71.42962576294296,-71.42962576294296
806.0600226020813,-71.43306346583597,-71.43306346583597
806.0700226020813,-71.43650444944254,-71.43650444944254
806.0800226020813,-71.4399487543863,-71.4399487543863
806.0900226020813,-71.44339642044899,-71.44339642044899
806.1000226020813,-71.44684748656351,-71.44684748656351
806.1100226020812,-71.45030199080563,-71.45030199080563
806.1200226020813,-71.45375997043834,-71.45375997043834
806.1300226020813,-71.45722146188788,-71.45722146188788
806.1400226020813,-71.46068650075091,-71.46068650075091
806.1500226020813,-71.46415512182145,-71.46415512182145
806.1600226020813,-71.46762735909327,-71.46762735909327
806.1700226020813,-71.47110324575219,-71.47110324575219
806.1800226020813,-71.47458281420455,-71.47458281420455
806.1900226020813,-71.47806609606643,-71.47806609606643
806.2000226020813,-71.48155312218839,-71.48155312218839
806.2100226020813,-71.48503768893303,-71.48503768893303
806.2200226020813,-71.48851709457904,-71.48851709457904
806.2300226020812,-71.49199003702269,-71.49199003702269
806.2400226020814,-71.49545586168064,-71.49545586168064
806.2500226020813,-71.49891427447864,-71.49891427447864
806.2600226020813,-71.5023651928049,-71.5023651928049
806.2700226020813,-71.5058086581378,-71.5058086581378
806.2800226020813,-71.50924478359676,-71.50924478359676
806.2900226020813,-71.51267372234358,-71.51267372234358
806.3000226020813,-71.51609564867373,-71.51609564867373
806.3100226020813,-71.5195107467177,-71.5195107467177
806.3200226020813,-71.5229192037847,-71.5229192037847
806.3300226020813,-71.52632120659817,-71.52632120659817
806.3400226020813,-71.52971693918232,-71.52971693918232
806.3500226020813,-71.53310658183048,-71.53310658183048
806.3600226020812,-71.53649031067262,-71.53649031067262
806.3700226020813,-71.53986829762378,-71.53986829762378
806.3800226020813,-71.5432407105164,-71.5432407105164
806.3900226020813,-71.5466077133233,-71.5466077133233
806.4000226020813,-71.54996946645335,-71.54996946645335
806.4100226020813,-71.55332612704824,-71.55332612704824
806.4200226020813,-71.55667784924533,-71.55667784924533
806.4300226020813,-71.5600247844276,-71.5600247844276
806.4400226020813,-71.5633670814744,-71.5633670814744
806.4500226020813,-71.56670488693683,-71.56670488693683
806.4600226020813,-71.57003210441836,-71.57003210441836
806.4700226020813,-71.57334614240374,-71.57334614240374
806.4800226020812,-71.57664580955387,-71.57664580955387
806.4900226020814,-71.57993056180541,-71.57993056180541
806.5000226020813,-71.5832002151395,-71.5832002151395
806.5100226020813,-71.58645479637012,-71.58645479637012
806.5200226020813,-71.5896944557832,-71.5896944557832
806.5300226020813,-71.59291941461875,-71.59291941461875
806.5400226020813,-71.59612993349722,-71.59612993349722
806.5500226020813,-71.59932629349352,-71.59932629349352
806.5600226020813,-71.60250878484126,-71.60250878484126
806.5700226020813,-71.60567770031506,-71.60567770031506
806.5800226020813,-71.60883333142229,-71.60883333142229
806.5900226020813,-71.61197596630257,-71.61197596630257
806.6000226020813,-71.61510588868884,-71.61510588868884
806.6100226020812,-71.6182233775006,-71.6182233775006
806.6200226020813,-71.6213287067408,-71.6213287067408
806.6300226020813,-71.62442214564918,-71.62442214564918
806.6400226020813,-71.62750395892584,-71.62750395892584
806.6500226259232,-71.63057441429623,-71.63057441429623
806.6600226259231,-71.6336337535448,-71.6336337535448
806.6700226259231,-71.63668223672782,-71.63668223672782
806.6800226259231,-71.6397201130719,-71.6397201130719
806.6900226259231,-71.64274762853466,-71.64274762853466
806.7000226259231,-71.64576502601807,-71.64576502601807
806.7100226259231,-71.64877254550619,-71.64877254550619
806.7200226259232,-71.65177042420866,-71.65177042420866
806.7300226259232,-71.6547588966979,-71.6547588966979
806.7400226259232,-71.65773819497441,-71.65773819497441
806.7500226259232,-71.66070854857269,-71.66070854857269
806.7600226259232,-71.66367018461591,-71.66367018461591
806.7700226259232,-71.66662332787332,-71.66662332787332
806.7800226259232,-71.66956820079108,-71.66956820079108
806.7900226259231,-71.67250502354281,-71.67250502354281
806.8000226259231,-71.67543401404505,-71.67543401404505
806.8100226259231,-71.67835538798158,-71.67835538798158
806.8200226259231,-71.68126935881901,-71.68126935881901
806.8300226259231,-71.68417613782344,-71.68417613782344
806.8400226259232,-71.68707593404415,-71.68707593404415
806.8500226259232,-71.68996895435501,-71.68996895435501
806.8600226259232,-71.69285540342854,-71.69285540342854
806.8700226259232,-71.6957354837494,-71.6957354837494
806.8800226259232,-71.69860939562072,-71.69860939562072
806.8900226259232,-71.70147733714622,-71.70147733714622
806.9000226259232,-71.70433950425458,-71.70433950425458
806.9100226259231,-71.70719609066717,-71.70719609066717
806.9200226259231,-71.71004728792491,-71.71004728792491
806.9300226259231,-71.71289328538592,-71.71289328538592
806.9400226259231,-71.71573427019929,-71.71573427019929
806.9500226259231,-71.71857042733035,-71.71857042733035
806.9600226259231,-71.72140193954732,-71.72140193954732
806.9700226259232,-71.72422898743193,-71.72422898743193
806.9800226259232,-71.72705174937678,-71.72705174937678
806.9900226259232,-71.72987040158371,-71.72987040158371
807.0000226259232,-71.73268511805651,-71.73268511805651
807.0100226259232,-71.73549607063563,-71.73549607063563
807.0200226259232,-71.73830342897475,-71.73830342897475
807.0300226259232,-71.74110736055172,-71.74110736055172
807.0400226259231,-71.74390803067539,-71.74390803067539
807.0500226259231,-71.74670560248843,-71.74670560248843
807.0600226259231,-71.74950023698338,-71.74950023698338
807.0700226259231,-71.75229209300412,-71.75229209300412
807.0800226259231,-71.75508132724299,-71.75508132724299
807.0900226259232,-71.75786809426812,-71.75786809426812
807.1000226259232,-71.76065254653422,-71.76065254653422
807.1100226259232,-71.76343483435822,-71.76343483435822
807.1200226259232,-71.76621510596634,-71.76621510596634
807.1300226259232,-71.76899350748761,-71.76899350748761
807.1400226259232,-71.77177018298048,-71.77177018298048
807.1500226259232,-71.7745452744206,-71.7745452744206
807.1600226259231,-71.77731892173186,-71.77731892173186
807.1700226259231,-71.78009126279397,-71.78009126279397
807.1800226259231,-71.78286243345231,-71.78286243345231
807.1900226259231,-71.78563256754113,-71.78563256754113
807.2000226259231,-71.7884017968787,-71.7884017968787
807.2100226259231,-71.79117025131103,-71.79117025131103
807.2200226259232,-71.79393805869424,-71.79393805869424
807.2300226259232,-71.79670534493886,-71.79670534493886
807.2400226259232,-71.79947223399765,-71.79947223399765
807.2500226259232,-71.8022388479129,-71.8022388479129
807.2600226259232,-71.80500530679109,-71.80500530679109
807.2700226259232,-71.8077717288577,-71.8077717288577
807.2800226259232,-71.81053823046531,-71.81053823046531
807.2900226259231,-71.81330492608298,-71.81330492608298
807.3000226259231,-71.8160719283566,-71.8160719283566
807.3100226259231,-71.81883934807757,-71.81883934807757
807.3200226259231,-71.82160729425013,-71.82160729425013
807.3300226259231,-71.82437587406432,-71.82437587406432
807.3400226259232,-71.82714519294058,-71.82714519294058
807.3500226259232,-71.82991535455204,-71.82991535455204
807.3600226259232,-71.83268646080542,-71.83268646080542
807.3700226259232,-71.83545861189714,-71.83545861189714
807.3800226259232,-71.8382319063177,-71.8382319063177
807.3900226259232,-71.84100644086233,-71.84100644086233
807.4000226259232,-71.84378231065656,-71.84378231065656
807.4100226259231,-71.84655960918133,-71.84655960918133
807.4200226259231,-71.84933842826877,-71.84933842826877
807.4300226259231,-71.8521188581387,-71.8521188581387
807.4400226259231,-71.85490098742343,-71.85490098742343
807.4500226259231,-71.85768490316332,-71.85768490316332
807.4600226259231,-71.86047069082527,-71.86047069082527
807.4700226259232,-71.86325843433866,-71.86325843433866
807.4800226259232,-71.86604821611682,-71.86604821611682
807.4900226259232,-71.86884011704983,-71.86884011704983
807.500022649765,-71.87163422319689,-71.87163422319689
807.510022649765,-71.87443059918836,-71.87443059918836
807.520022649765,-71.87722932812294,-71.87722932812294
807.530022649765,-71.88003048504581,-71.88003048504581
807.540022649765,-71.88283414356219,-71.88283414356219
807.550022649765,-71.88564037587633,-71.88564037587633
807.560022649765,-71.88844925280155,-71.88844925280155
807.5700226497651,-71.89126084379002,-71.89126084379002
807.580022649765,-71.8940752169436,-71.8940752169436
807.590022649765,-71.89689243900506,-71.89689243900506
807.600022649765,-71.89971257542362,-71.89971257542362
807.610022649765,-71.90253569033707,-71.90253569033707
807.620022649765,-71.90536184659736,-71.90536184659736
807.630022649765,-71.90819110578772,-71.90819110578772
807.640022649765,-71.9110235282481,-71.9110235282481
807.650022649765,-71.91385917306518,-71.91385917306518
807.660022649765,-71.916698098111,-71.916698098111
807.670022649765,-71.91954036006591,-71.91954036006591
807.680022649765,-71.92238601440836,-71.92238601440836
807.6900226497651,-71.92523511545166,-71.92523511545166
807.7000226497651,-71.92808771635762,-71.92808771635762
807.710022649765,-71.93093759761295,-71.93093759761295
807.720022649765,-71.93378206336159,-71.93378206336159
807.730022649765,-71.93657826577248,-71.93657826577248
807.740022649765,-71.9393084624544,-71.9393084624544
807.750022649765,-71.94196303543637,-71.94196303543637
807.760022649765,-71.94453663564018,-71.94453663564018
807.770022649765,-71.94702650935864,-71.94702650935864
807.780022649765,-71.94943145263241,-71.94943145263241
807.790022649765,-71.95175115959817,-71.95175115959817
807.800022649765,-71.95398583305168,-71.95398583305168
807.810022649765,-71.95613595814713,-71.95613595814713
807.8200226497651,-71.95820217354765,-71.95820217354765
807.830022649765,-71.96018519954778,-71.96018519954778
807.840022649765,-71.96208579882536,-71.96208579882536
807.850022649765,-71.96390475602209,-71.96390475602209
807.860022649765,-71.96564286764102,-71.96564286764102
807.870022649765,-71.96730093764238,-71.96730093764238
807.880022649765,-71.9688797760124,-71.9688797760124
807.890022649765,-71.97038019872922,-71.97038019872922
807.900022649765,-71.97180302827748,-71.97180302827748
807.910022649765,-71.9731490943499,-71.9731490943499
807.920022649765,-71.9744192343865,-71.9744192343865
807.930022649765,-71.97561429395108,-71.97561429395108
807.9400226497651,-71.97673512692195,-71.97673512692195
807.9500226497651,-71.9777825954513,-71.9777825954513
807.960022649765,-71.97875756975519,-71.97875756975519
807.970022649765,-71.97966092778577,-71.97966092778577
807.980022649765,-71.98049355477266,-71.98049355477266
807.990022649765,-71.98125634269448,-71.98125634269448
808.000022649765,-71.9819501896863,-71.9819501896863
808.010022649765,-71.98257599940939,-71.98257599940939
808.020022649765,-71.98313468043087,-71.98313468043087
808.030022649765,-71.98362714555104,-71.98362714555104
808.040022649765,-71.98405431115805,-71.98405431115805
808.050022649765,-71.98441709658472,-71.98441709658472
808.060022649765,-71.9847164234838,-71.9847164234838
808.0700226497651,-71.98495321520728,-71.98495321520728
808.080022649765,-71.98512839625171,-71.98512839625171
808.090022649765,-71.98524289165155,-71.98524289165155
808.100022649765,-71.98529762646712,-71.98529762646712
808.110022649765,-71.98529352525819,-71.98529352525819
808.120022649765,-71.98523151159618,-71.98523151159618
808.130022649765,-71.98511250760028,-71.98511250760028
808.140022649765,-71.98493743348487,-71.98493743348487
808.150022649765,-71.98470720713924,-71.98470720713924
808.160022649765,-71.98442274376345,-71.98442274376345
808.170022649765,-71.98408495543634,-71.98408495543634
808.180022649765,-71.98369475081424,-71.98369475081424
808.1900226497651,-71.98325303477306,-71.98325303477306
808.2000226497651,-71.98276070810942,-71.98276070810942
808.210022649765,-71.98221239661729,-71.98221239661729
808.220022649765,-71.9816062500115,-71.9816062500115
808.230022649765,-71.9809418229675,-71.9809418229675
808.240022649765,-71.98021931714244,-71.98021931714244
808.250022649765,-71.97943929194955,-71.97943929194955
808.260022649765,-71.97860251438684,-71.97860251438684
808.270022649765,-71.97770987091414,-71.97770987091414
808.280022649765,-71.9767623145695,-71.9767623145695
808.290022649765,-71.97576083303157,-71.97576083303157
808.300022649765,-71.97470642946448,-71.97470642946448
808.310022649765,-71.97360011102644,-71.97360011102644
808.3200226497651,-71.97244288206346,-71.97244288206346
808.330022649765,-71.9712357401848,-71.9712357401848
808.340022649765,-71.96997967404869,-71.96997967404869
808.3500226736069,-71.96867565909211,-71.96867565909211
808.3600226736069,-71.96732466929687,-71.96732466929687
808.3700226736069,-71.96592765886881,-71.96592765886881
808.3800226736068,-71.9644855741888,-71.9644855741888
808.3900226736068,-71.96299935107328,-71.96299935107328
808.4000226736068,-71.96146991498765,-71.96146991498765
808.4100226736068,-71.95989818124555,-71.95989818124555
808.4200226736069,-71.95828505524557,-71.95828505524557
808.4300226736069,-71.95663143270046,-71.95663143270046
808.4400226736069,-71.9549381997598,-71.9549381997598
808.4500226736069,-71.9532062332248,-71.9532062332248
808.4600226736069,-71.9514301351831,-71.9514301351831
808.4700226736069,-71.94960802587646,-71.94960802587646
808.4800226736069,-71.94773942567203,-71.94773942567203
808.4900226736069,-71.94582449767141,-71.94582449767141
808.5000226736068,-71.94386375892232,-71.94386375892232
808.5100226736068,-71.94185793060768,-71.94185793060768
808.5200226736068,-71.93980785027172,-71.93980785027172
808.5300226736068,-71.93771441916252,-71.93771441916252
808.5400226736069,-71.93557857057893,-71.93557857057893
808.5500226736069,-71.93340125090634,-71.93340125090634
808.5600226736069,-71.93118340832162,-71.93118340832162
808.5700226736069,-71.92892598617168,-71.92892598617168
808.5800226736069,-71.92662991920007,-71.92662991920007
808.5900226736069,-71.92429613149315,-71.92429613149315
808.6000226736069,-71.92192553543607,-71.92192553543607
808.6100226736069,-71.9195190313493,-71.9195190313493
808.6200226736069,-71.91707750743413,-71.91707750743413
808.6300226736068,-71.91460183992305,-71.91460183992305
808.6400226736068,-71.91209289336197,-71.91209289336197
808.6500226736068,-71.9095515209055,-71.9095515209055
808.6600226736068,-71.90697856464513,-71.90697856464513
808.6700226736069,-71.90437485590228,-71.90437485590228
808.6800226736069,-71.90174121551037,-71.90174121551037
808.6900226736069,-71.89907845408483,-71.89907845408483
808.7000226736069,-71.89638737223304,-71.89638737223304
808.7100226736069,-71.89366876077194,-71.89366876077194
808.7200226736069,-71.89092340091926,-71.89092340091926
808.7300226736069,-71.88815206444951,-71.88815206444951
808.7400226736069,-71.88535551381902,-71.88535551381902
808.7500226736068,-71.88253450231032,-71.88253450231032
808.7600226736068,-71.87968977413257,-71.87968977413257
808.7700226736068,-71.87682206454133,-71.87682206454133
808.7800226736068,-71.8739320999183,-71.8739320999183
808.7900226736069,-71.87102059782706,-71.87102059782706
808.8000226736069,-71.86808826715298,-71.86808826715298
808.8100226736069,-71.86513580810849,-71.86513580810849
808.8200226736069,-71.86216391234066,-71.86216391234066
808.8300226736069,-71.85917326297962,-71.85917326297962
808.8400226736069,-71.85616453469332,-71.85616453469332
808.8500226736069,-71.85313839375489,-71.85313839375489
808.8600226736069,-71.85009549810495,-71.85009549810495
808.8700226736069,-71.84703649738395,-71.84703649738395
808.8800226736068,-71.84396203301183,-71.84396203301183
808.8900226736068,-71.8408727382307,-71.8408727382307
808.9000226736068,-71.83776923815513,-71.83776923815513
808.9100226736068,-71.83465214982796,-71.83465214982796
808.9200226736069,-71.83152208227258,-71.83152208227258
808.9300226736069,-71.82837963656405,-71.82837963656405
808.9400226736069,-71.82522540585867,-71.82522540585867
808.9500226736069,-71.8220599754599,-71.8220599754599
808.9600226736069,-71.8188839228799,-71.8188839228799
808.9700226736069,-71.81569781789091,-71.81569781789091
808.9800226736069,-71.81250222256821,-71.81250222256821
808.9900226736069,-71.80929769137362,-71.80929769137362
809.0000226736068,-71.80608477119625,-71.80608477119625
809.0100226736068,-71.8028640014132,-71.8028640014132
809.0200226736068,-71.79963591394636,-71.79963591394636
809.0300226736068,-71.79640103333439,-71.79640103333439
809.0400226736069,-71.79315987676742,-71.79315987676742
809.0500226736069,-71.7899129541897,-71.7899129541897
809.0600226736069,-71.78666076831448,-71.78666076831448
809.0700226736069,-71.78340381472326,-71.78340381472326
809.0800226736069,-71.78014258188968,-71.78014258188968
809.0900226736069,-71.776877551281,-71.776877551281
809.1000226736069,-71.77360919739937,-71.77360919739937
809.1100226736069,-71.77033798785317,-71.77033798785317
809.1200226736069,-71.76706438341029,-71.76706438341029
809.1300226736068,-71.7637888380844,-71.7637888380844
809.1400226736068,-71.76051179916128,-71.76051179916128
809.1500226736068,-71.75723370730437,-71.75723370730437
809.1600226736068,-71.75395499658876,-71.75395499658876
809.1700226736069,-71.75067609458071,-71.75067609458071
809.1800226736069,-71.74739742240601,-71.74739742240601
809.1900226736069,-71.74411939480065,-71.74411939480065
809.2000226974487,-71.74084241237388,-71.74084241237388
809.2100226974487,-71.73756689291703,-71.73756689291703
809.2200226974487,-71.734293224599,-71.734293224599
809.2300226974487,-71.73102179728185,-71.73102179728185
809.2400226974487,-71.72775299475991,-71.72775299475991
809.2500226974487,-71.72448719484137,-71.72448719484137
809.2600226974487,-71.72122476939829,-71.72122476939829
809.2700226974488,-71.71796608444659,-71.71796608444659
809.2800226974488,-71.7147115002063,-71.7147115002063
809.2900226974488,-71.7114613711429,-71.7114613711429
809.3000226974488,-71.70821604606932,-71.70821604606932
809.3100226974487,-71.70497586817322,-71.70497586817322
809.3200226974487,-71.70174117510811,-71.70174117510811
809.3300226974487,-71.69851229903996,-71.69851229903996
809.3400226974487,-71.69528956671724,-71.69528956671724
809.3500226974487,-71.69207329953262,-71.69207329953262
809.3600226974487,-71.68886381357954,-71.68886381357954
809.3700226974487,-71.68566141972205,-71.68566141972205
809.3800226974487,-71.68246642365175,-71.68246642365175
809.3900226974488,-71.67927912594385,-71.67927912594385
809.4000226974488,-71.67609982213808,-71.67609982213808
809.4100226974488,-71.67292880277131,-71.67292880277131
809.4200226974488,-71.66976635345232,-71.66976635345232
809.4300226974487,-71.6666127549226,-71.6666127549226
809.4400226974487,-71.66346828311404,-71.66346828311404
809.4500226974487,-71.66033320920373,-71.66033320920373
809.4600226974487,-71.6572077996794,-71.6572077996794
809.4700226974487,-71.65409231638661,-71.65409231638661
809.4800226974487,-71.65098701658805,-71.65098701658805
809.4900226974487,-71.64789215304106,-71.64789215304106
809.5000226974487,-71.64480797401727,-71.64480797401727
809.5100226974487,-71.64173472338716,-71.64173472338716
809.5200226974488,-71.63867264066894,-71.63867264066894
809.5300226974488,-71.63562196108705,-71.63562196108705
809.5400226974488,-71.63258291560257,-71.63258291560257
809.5500226974488,-71.62955573100383,-71.62955573100383
809.5600226974487,-71.62654062992694,-71.62654062992694
809.5700226974487,-71.62353783093701,-71.62353783093701
809.5800226974487,-71.62054754855862,-71.62054754855862
809.5900226974487,-71.61756999333521,-71.61756999333521
809.6000226974487,-71.6146053718903,-71.6146053718903
809.6100226974487,-71.61165388696193,-71.61165388696193
809.6200226974487,-71.6087157374631,-71.6087157374631
809.6300226974487,-71.60579111852805,-71.60579111852805
809.6400226974488,-71.60288022156581,-71.60288022156581
809.6500226974488,-71.59998323430537,-71.59998323430537
809.6600226974488,-71.59710034085269,-71.59710034085269
809.6700226974488,-71.59423172171643,-71.59423172171643
809.6800226974487,-71.59137755389065,-71.59137755389065
809.6900226974487,-71.5885380108567,-71.5885380108567
809.7000226974487,-71.58571326266878,-71.58571326266878
809.7100226974487,-71.58290347598957,-71.58290347598957
809.7200226974487,-71.58010881412288,-71.58010881412288
809.7300226974487,-71.5773294370685,-71.5773294370685
809.7400226974487,-71.5745655015679,-71.5745655015679
809.7500226974487,-71.57181716114346,-71.57181716114346
809.7600226974487,-71.56908456614997,-71.56908456614997
809.7700226974488,-71.56636786379639,-71.56636786379639
809.7800226974488,-71.56366719822397,-71.56366719822397
809.7900226974488,-71.56098271051061,-71.56098271051061
809.8000226974488,-71.55831453873893,-71.55831453873893
809.8100226974487,-71.5556628180251,-71.5556628180251
809.8200226974487,-71.55302768055664,-71.55302768055664
809.8300226974487,-71.55040925565197,-71.55040925565197
809.8400226974487,-71.5478076697726,-71.5478076697726
809.8500226974487,-71.5452230465818,-71.5452230465818
809.8600226974487,-71.54265550697052,-71.54265550697052
809.8700226974487,-71.54010516910847,-71.54010516910847
809.8800226974487,-71.5375721484735,-71.5375721484735
809.8900226974488,-71.53505655788356,-71.53505655788356
809.9000226974488,-71.5325585075573,-71.5325585075573
809.9100226974488,-71.53007810511718,-71.53007810511718
809.9200226974488,-71.52761545565193,-71.52761545565193
809.9300226974487,-71.52517066173856,-71.52517066173856
809.9400226974487,-71.52274382348392,-71.52274382348392
809.9500226974487,-71.52033503854531,-71.52033503854531
809.9600226974487,-71.51793817769224,-71.51793817769224
809.9700226974487,-71.51555061502508,-71.51555061502508
809.9800226974487,-71.51317112282018,-71.51317112282018
809.9900226974487,-71.51079911867296,-71.51079911867296
810.0000226974487,-71.50843437840027,-71.50843437840027
810.0100226974487,-71.50607688702392,-71.50607688702392
810.0200226974488,-71.50372675148597,-71.50372675148597
810.0300226974488,-71.50138414824005,-71.50138414824005
810.0400226974488,-71.49904929173422,-71.49904929173422
810.0500227212906,-71.49672241004559,-71.49672241004559
810.0600227212906,-71.4944037558062,-71.4944037558062
810.0700227212906,-71.49209356634559,-71.49209356634559
810.0800227212906,-71.48979208216602,-71.48979208216602
810.0900227212906,-71.48749953932835,-71.48749953932835
810.1000227212905,-71.48521616850157,-71.48521616850157
810.1100227212905,-71.48294219453645,-71.48294219453645
810.1200227212906,-71.48067783647447,-71.48067783647447
810.1300227212906,-71.47842330771986,-71.47842330771986
810.1400227212906,-71.47617881631709,-71.47617881631709
810.1500227212906,-71.47394456524724,-71.47394456524724
810.1600227212906,-71.47172075277068,-71.47172075277068
810.1700227212906,-71.46950757272458,-71.46950757272458
810.1800227212906,-71.46730521482515,-71.46730521482515
810.1900227212906,-71.46511386488307,-71.46511386488307
810.2000227212906,-71.46293370509103,-71.46293370509103
810.2100227212906,-71.46076491416531,-71.46076491416531
810.2200227212905,-71.45860766756677,-71.45860766756677
810.2300227212905,-71.45646213761597,-71.45646213761597
810.2400227212906,-71.45432849365221,-71.45432849365221
810.2500227212906,-71.45220690212938,-71.45220690212938
810.2600227212906,-71.45009752670606,-71.45009752670606
810.2700227212906,-71.44800052835386,-71.44800052835386
810.2800227212906,-71.44591606539414,-71.44591606539414
810.2900227212906,-71.44384429358256,-71.44384429358256
810.3000227212906,-71.44178536616107,-71.44178536616107
810.3100227212906,-71.43973943388394,-71.43973943388394
810.3200227212906,-71.4377066450848,-71.4377066450848
810.3300227212906,-71.43568714568622,-71.43568714568622
810.3400227212906,-71.43368107923718,-71.43368107923718
810.3500227212905,-71.43168858695424,-71.43168858695424
810.3600227212905,-71.42970980771858,-71.42970980771858
810.3700227212906,-71.42774487812218,-71.42774487812218
810.3800227212906,-71.42579393246714,-71.42579393246714
810.3900227212906,-71.4238571027963,-71.4238571027963
810.4000227212906,-71.42193451890518,-71.42193451890518
810.4100227212906,-71.42002630835869,-71.42002630835869
810.4200227212906,-71.41813259649138,-71.41813259649138
810.4300227212906,-71.41625350644793,-71.41625350644793
810.4400227212906,-71.41438915917414,-71.41438915917414
810.4500227212906,-71.41253967343866,-71.41253967343866
810.4600227212906,-71.41070516584917,-71.41070516584917
810.4700227212905,-71.40888575085319,-71.40888575085319
810.4800227212905,-71.4070815407683,-71.4070815407683
810.4900227212906,-71.40529264577596,-71.40529264577596
810.5000227212906,-71.40351917395549,-71.40351917395549
810.5100227212906,-71.40176123127111,-71.40176123127111
810.5200227212906,-71.40001892161442,-71.40001892161442
810.5300227212906,-71.39829234678548,-71.39829234678548
810.5400227212906,-71.3965816065462,-71.3965816065462
810.5500227212906,-71.39488679859652,-71.39488679859652
810.5600227212906,-71.39320801860325,-71.39320801860325
810.5700227212906,-71.39154536022724,-71.39154536022724
810.5800227212906,-71.38989891511476,-71.38989891511476
810.5900227212906,-71.38826877293165,-71.38826877293165
810.6000227212905,-71.38665502136865,-71.38665502136865
810.6100227212905,-71.38505774615045,-71.38505774615045
810.6200227212906,-71.3834770310612,-71.3834770310612
810.6300227212906,-71.38191295797579,-71.38191295797579
810.6400227212906,-71.38036560684331,-71.38036560684331
810.6500227212906,-71.37883505571968,-71.37883505571968
810.6600227212906,-71.37732138078697,-71.37732138078697
810.6700227212906,-71.37582465637001,-71.37582465637001
810.6800227212906,-71.37434495493359,-71.37434495493359
810.6900227212906,-71.37288234713574,-71.37288234713574
810.7000227212906,-71.37143690180999,-71.37143690180999
810.7100227212906,-71.37000868600612,-71.37000868600612
810.7200227212905,-71.36859776498848,-71.36859776498848
810.7300227212905,-71.3672042022754,-71.3672042022754
810.7400227212906,-71.36582805963236,-71.36582805963236
810.7500227212906,-71.36446939711999,-71.36446939711999
810.7600227212906,-71.36312827308214,-71.36312827308214
810.7700227212906,-71.36180474417506,-71.36180474417506
810.7800227212906,-71.36049886537829,-71.36049886537829
810.7900227212906,-71.35921069005151,-71.35921069005151
810.8000227212906,-71.35794026988712,-71.35794026988712
810.8100227212906,-71.35668765497864,-71.35668765497864
810.8200227212906,-71.35545289382114,-71.35545289382114
810.8300227212906,-71.35423603333182,-71.35423603333182
810.8400227212906,-71.35303711886786,-71.35303711886786
810.8500227212905,-71.3518561942367,-71.3518561942367
810.8600227212905,-71.35069330173745,-71.35069330173745
810.8700227212906,-71.34954848214356,-71.34954848214356
810.8800227212906,-71.34842177475585,-71.34842177475585
810.8900227212906,-71.34731321738877,-71.34731321738877
810.9000227451324,-71.34622284382948,-71.34622284382948
810.9100227451324,-71.34515069426033,-71.34515069426033
810.9200227451324,-71.34409679953178,-71.34409679953178
810.9300227451324,-71.34306119177543,-71.34306119177543
810.9400227451324,-71.34204390173893,-71.34204390173893
810.9500227451324,-71.34104495878843,-71.34104495878843
810.9600227451324,-71.34006439095914,-71.34006439095914
810.9700227451325,-71.33910222494795,-71.33910222494795
810.9800227451325,-71.33815848615644,-71.33815848615644
810.9900227451325,-71.33723319866928,-71.33723319866928
811.0000227451325,-71.33632638531286,-71.33632638531286
811.0100227451325,-71.33543806763356,-71.33543806763356
811.0200227451325,-71.33456826595686,-71.33456826595686
811.0300227451324,-71.33371699937427,-71.33371699937427
811.0400227451324,-71.33288428574762,-71.33288428574762
811.0500227451324,-71.33207014178019,-71.33207014178019
811.0600227451324,-71.33127458297079,-71.33127458297079
811.0700227451324,-71.33049762367615,-71.33049762367615
811.0800227451324,-71.32973927710177,-71.32973927710177
811.0900227451325,-71.32899955531944,-71.32899955531944
811.1000227451325,-71.3282784693034,-71.3282784693034
811.1100227451325,-71.32757602891604,-71.32757602891604
811.1200227451325,-71.32689224294464,-71.32689224294464
811.1300227451325,-71.32622711912319,-71.32622711912319
811.1400227451325,-71.32558066411494,-71.32558066411494
811.1500227451324,-71.32495288356637,-71.32495288356637
811.1600227451324,-71.32434378209958,-71.32434378209958
811.1700227451324,-71.32375336332721,-71.32375336332721
811.1800227451324,-71.32318162987482,-71.32318162987482
811.1900227451324,-71.32262858340181,-71.32262858340181
811.2000227451324,-71.3220942246,-71.3220942246
811.2100227451324,-71.32157855321437,-71.32157855321437
811.2200227451325,-71.32108156804789,-71.32108156804789
811.2300227451325,-71.32060326701725,-71.32060326701725
811.2400227451325,-71.32014364711226,-71.32014364711226
811.2500227451325,-71.31970270444074,-71.31970270444074
811.2600227451325,-71.31928043422364,-71.31928043422364
811.2700227451325,-71.31887683083832,-71.31887683083832
811.2800227451324,-71.31849188779628,-71.31849188779628
811.2900227451324,-71.31812559778872,-71.31812559778872
811.3000227451324,-71.31777795266669,-71.31777795266669
811.3100227451324,-71.31744894349083,-71.31744894349083
811.3200227451324,-71.31713856049988,-71.31713856049988
811.3300227451324,-71.31684679318025,-71.31684679318025
811.3400227451325,-71.31657363021284,-71.31657363021284
811.3500227451325,-71.31631905955038,-71.31631905955038
811.3600227451325,-71.31608306837883,-71.31608306837883
811.3700227451325,-71.31586564316066,-71.31586564316066
811.3800227451325,-71.31566676962164,-71.31566676962164
811.3900227451325,-71.3154864327936,-71.3154864327936
811.4000227451324,-71.31532461699089,-71.31532461699089
811.4100227451324,-71.31518130585108,-71.31518130585108
811.4200227451324,-71.31505648233228,-71.31505648233228
811.4300227451324,-71.31495012872634,-71.31495012872634
811.4400227451324,-71.31486222667328,-71.31486222667328
811.4500227451324,-71.31479275716693,-71.31479275716693
811.4600227451324,-71.31473548976834,-71.31473548976834
811.4700227451325,-71.31468768840806,-71.31468768840806
811.4800227451325,-71.3146480130936,-71.3146480130936
811.4900227451325,-71.31461576934467,-71.31461576934467
811.5000227451325,-71.31459062188843,-71.31459062188843
811.5100227451325,-71.31457244603533,-71.31457244603533
811.5200227451325,-71.3145612405321,-71.3145612405321
811.5300227451324,-71.31455707528082,-71.31455707528082
811.5400227451324,-71.31456005986674,-71.31456005986674
811.5500227451324,-71.31457032470911,-71.31457032470911
811.5600227451324,-71.31458800982615,-71.31458800982615
811.5700227451324,-71.31461325825163,-71.31461325825163
811.5800227451324,-71.31464621225676,-71.31464621225676
811.5900227451325,-71.31468701131436,-71.31468701131436
811.6000227451325,-71.3147357910631,-71.3147357910631
811.6100227451325,-71.31479268290498,-71.31479268290498
811.6200227451325,-71.31485781396754,-71.31485781396754
811.6300227451325,-71.3149313072467,-71.3149313072467
811.6400227451325,-71.3150132818607,-71.3150132818607
811.6500227451324,-71.3151038533597,-71.3151038533597
811.6600227451324,-71.31520313399575,-71.31520313399575
811.6700227451324,-71.3153112330228,-71.3153112330228
811.6800227451324,-71.31542825698143,-71.31542825698143
811.6900227451324,-71.31555430990245,-71.31555430990245
811.7000227451324,-71.31568949351725,-71.31568949351725
811.7100227451324,-71.31582769633908,-71.31582769633908
811.7200227451325,-71.31596629992296,-71.31596629992296
811.7300227451325,-71.31610408073745,-71.31610408073745
811.7400227451325,-71.31624045973747,-71.31624045973747
811.7500227689743,-71.3163752164573,-71.3163752164573
811.7600227689743,-71.31650833913888,-71.31650833913888
811.7700227689743,-71.31663993962765,-71.31663993962765
811.7800227689743,-71.3167701997842,-71.3167701997842
811.7900227689743,-71.31689934039728,-71.31689934039728
811.8000227689743,-71.31702760233897,-71.31702760233897
811.8100227689742,-71.31715523535699,-71.31715523535699
811.8200227689744,-71.31728249150079,-71.31728249150079
811.8300227689743,-71.31740962135542,-71.31740962135542
811.8400227689743,-71.31753687197876,-71.31753687197876
811.8500227689743,-71.31766448587976,-71.31766448587976
811.8600227689743,-71.31779270063872,-71.31779270063872
811.8700227689743,-71.31792174882384,-71.31792174882384
811.8800227689743,-71.31805185813337,-71.31805185813337
811.8900227689743,-71.31818325168852,-71.31818325168852
811.9000227689743,-71.31831614825319,-71.31831614825319
811.9100227689743,-71.3184507625578,-71.3184507625578
811.9200227689743,-71.31858730558359,-71.31858730558359
811.9300227689743,-71.31872598478172,-71.31872598478172
811.9400227689744,-71.31886700434637,-71.31886700434637
811.9500227689743,-71.31901056538382,-71.31901056538382
811.9600227689743,-71.31915686607755,-71.31915686607755
811.9700227689743,-71.31930610185239,-71.31930610185239
811.9800227689743,-71.31945846548312,-71.31945846548312
811.9900227689743,-71.31961414721046,-71.31961414721046
812.0000227689743,-71.3197733348175,-71.3197733348175
812.0100227689743,-71.3199362137039,-71.3199362137039
812.0200227689743,-71.32010296694511,-71.32010296694511
812.0300227689743,-71.32027377535067,-71.32027377535067
812.0400227689743,-71.32044881747042,-71.32044881747042
812.0500227689743,-71.32062826964892,-71.32062826964892
812.0600227689742,-71.3208123060543,-71.3208123060543
812.0700227689744,-71.32100109867648,-71.32100109867648
812.0800227689743,-71.32119481737271,-71.32119481737271
812.0900227689743,-71.32139362983965,-71.32139362983965
812.1000227689743,-71.32159770165408,-71.32159770165408
812.1100227689743,-71.32180719625535,-71.32180719625535
812.1200227689743,-71.3220222749714,-71.3220222749714
812.1300227689743,-71.3222430970112,-71.3222430970112
812.1400227689743,-71.32246981946142,-71.32246981946142
812.1500227689743,-71.32270259729383,-71.32270259729383
812.1600227689743,-71.32294158337645,-71.32294158337645
812.1700227689743,-71.32318692845784,-71.32318692845784
812.1800227689743,-71.32343878117892,-71.32343878117892
812.1900227689744,-71.32369728806721,-71.32369728806721
812.2000227689743,-71.32396259355035,-71.32396259355035
812.2100227689743,-71.32422862837971,-71.32422862837971
812.2200227689743,-71.32449281657689,-71.32449281657689
812.2300227689743,-71.32475397695396,-71.32475397695396
812.2400227689743,-71.3250115725597,-71.3250115725597
812.2500227689743,-71.32526542428887,-71.32526542428887
812.2600227689743,-71.32551556223703,-71.32551556223703
812.2700227689743,-71.32576213853194,-71.32576213853194
812.2800227689743,-71.3260053750223,-71.3260053750223
812.2900227689743,-71.32624553178441,-71.32624553178441
812.3000227689743,-71.32648288827372,-71.32648288827372
812.3100227689742,-71.32671773206734,-71.32671773206734
812.3200227689744,-71.32695035224228,-71.32695035224228
812.3300227689743,-71.32718103566609,-71.32718103566609
812.3400227689743,-71.32741006485954,-71.32741006485954
812.3500227689743,-71.32763771702777,-71.32763771702777
812.3600227689743,-71.327864263622,-71.327864263622
812.3700227689743,-71.32808997031336,-71.32808997031336
812.3800227689743,-71.32831509714438,-71.32831509714438
812.3900227689743,-71.32853989876047,-71.32853989876047
812.4000227689743,-71.32876462472107,-71.32876462472107
812.4100227689743,-71.32898951980303,-71.32898951980303
812.4200227689743,-71.32921482429941,-71.32921482429941
812.4300227689743,-71.32944077424878,-71.32944077424878
812.4400227689744,-71.32966760171261,-71.32966760171261
812.4500227689743,-71.32989553498963,-71.32989553498963
812.4600227689743,-71.33012479877344,-71.33012479877344
812.4700227689743,-71.33035561433671,-71.33035561433671
812.4800227689743,-71.3305881996615,-71.3305881996615
812.4900227689743,-71.33082276955817,-71.33082276955817
812.5000227689743,-71.33105953578578,-71.33105953578578
812.5100227689743,-71.3312987071019,-71.3312987071019
812.5200227689743,-71.33154048936207,-71.33154048936207
812.5300227689743,-71.33178508557987,-71.33178508557987
812.5400227689743,-71.33203269598229,-71.33203269598229
812.5500227689743,-71.3322835180409,-71.3322835180409
812.5600227689742,-71.33253774652515,-71.33253774652515
812.5700227689744,-71.33279557351986,-71.33279557351986
812.5800227689743,-71.333057188491,-71.333057188491
812.5900227689743,-71.33332277826032,-71.33332277826032
812.6000227928162,-71.33359252770008,-71.33359252770008
812.6100227928162,-71.33386661719526,-71.33386661719526
812.6200227928161,-71.33414522646467,-71.33414522646467
812.6300227928161,-71.33442853206164,-71.33442853206164
812.6400227928161,-71.33471670799696,-71.33471670799696
812.6500227928161,-71.33500992577684,-71.33500992577684
812.6600227928161,-71.33530835439721,-71.33530835439721
812.6700227928162,-71.33561216036189,-71.33561216036189
812.6800227928162,-71.33592150770454,-71.33592150770454
812.6900227928162,-71.3362365579853,-71.3362365579853
812.7000227928162,-71.33655747031354,-71.33655747031354
812.7100227928162,-71.33688440135595,-71.33688440135595
812.7200227928162,-71.33721750534515,-71.33721750534515
812.7300227928162,-71.33755693409765,-71.33755693409765
812.7400227928161,-71.33790283702976,-71.33790283702976
812.7500227928161,-71.33825536116885,-71.33825536116885
812.7600227928161,-71.33861465115254,-71.33861465115254
812.7700227928161,-71.33898084926676,-71.33898084926676
812.7800227928161,-71.33935409543847,-71.33935409543847
812.7900227928162,-71.33973452725596,-71.33973452725596
812.8000227928162,-71.34012228000863,-71.34012228000863
812.8100227928162,-71.3405174866626,-71.3405174866626
812.8200227928162,-71.34092027788705,-71.34092027788705
812.8300227928162,-71.3413307820888,-71.3413307820888
812.8400227928162,-71.34174912541825,-71.34174912541825
812.8500227928162,-71.34217543177877,-71.34217543177877
812.8600227928162,-71.34260982285299,-71.34260982285299
812.8700227928161,-71.34305241811481,-71.34305241811481
812.8800227928161,-71.34350333484628,-71.34350333484628
812.8900227928161,-71.34396268816175,-71.34396268816175
812.9000227928161,-71.34443059103147,-71.34443059103147
812.9100227928161,-71.34490715428007,-71.34490715428007
812.9200227928162,-71.34539248660926,-71.34539248660926
812.9300227928162,-71.34588669464554,-71.34588669464554
812.9400227928162,-71.34638988292649,-71.34638988292649
812.9500227928162,-71.34690215392192,-71.34690215392192
812.9600227928162,-71.34742360808272,-71.34742360808272
812.9700227928162,-71.34795434381998,-71.34795434381998
812.9800227928162,-71.34849445756339,-71.34849445756339
812.9900227928161,-71.34904404375301,-71.34904404375301
813.0000227928161,-71.34960319487344,-71.34960319487344
813.0100227928161,-71.350172001469,-71.350172001469
813.0200227928161,-71.3507505521726,-71.3507505521726
813.0300227928161,-71.35133893371457,-71.35133893371457
813.0400227928162,-71.35193723093636,-71.35193723093636
813.0500227928162,-71.35254552684196,-71.35254552684196
813.0600227928162,-71.35316390258772,-71.35316390258772
813.0700227928162,-71.35379243751865,-71.35379243751865
813.0800227928162,-71.35443120917662,-71.35443120917662
813.0900227928162,-71.35508029334198,-71.35508029334198
813.1000227928162,-71.35573976402748,-71.35573976402748
813.1100227928162,-71.35640969350996,-71.35640969350996
813.1200227928161,-71.35709015237813,-71.35709015237813
813.1300227928161,-71.35778120950198,-71.35778120950198
813.1400227928161,-71.35848293209118,-71.35848293209118
813.1500227928161,-71.3591953856907,-71.3591953856907
813.1600227928161,-71.3599186342412,-71.3599186342412
813.1700227928162,-71.3606527400459,-71.3606527400459
813.1800227928162,-71.36139776382699,-71.36139776382699
813.1900227928162,-71.3621537647406,-71.3621537647406
813.2000227928162,-71.36292080038223,-71.36292080038223
813.2100227928162,-71.36369892682772,-71.36369892682772
813.2200227928162,-71.36448819862522,-71.36448819862522
813.2300227928162,-71.3652886688495,-71.3652886688495
813.2400227928161,-71.36610038909387,-71.36610038909387
813.2500227928161,-71.36692340949423,-71.36692340949423
813.2600227928161,-71.36775777877075,-71.36775777877075
813.2700227928161,-71.36860354421508,-71.36860354421508
813.2800227928161,-71.36946075172398,-71.36946075172398
813.2900227928162,-71.37032944582387,-71.37032944582387
813.3000227928162,-71.37120966968807,-71.37120966968807
813.3100227928162,-71.37210146513566,-71.37210146513566
813.3200227928162,-71.37300487268003,-71.37300487268003
813.3300227928162,-71.373919931526,-71.373919931526
813.3400227928162,-71.37484667959767,-71.37484667959767
813.3500227928162,-71.37578515355418,-71.37578515355418
813.3600227928162,-71.37673538880622,-71.37673538880622
813.3700227928161,-71.37769741953018,-71.37769741953018
813.3800227928161,-71.37867127869598,-71.37867127869598
813.3900227928161,-71.379656998076,-71.379656998076
813.4000227928161,-71.38065460825865,-71.38065460825865
813.4100227928161,-71.3816641386878,-71.3816641386878
813.4200227928162,-71.38268561764158,-71.38268561764158
813.4300227928162,-71.38371907229157,-71.38371907229157
813.4400227928162,-71.38476452868301,-71.38476452868301
813.450022816658,-71.3858220142948,-71.3858220142948
813.460022816658,-71.38689154800805,-71.38689154800805
813.470022816658,-71.38797315510817,-71.38797315510817
813.480022816658,-71.3890668573636,-71.3890668573636
813.490022816658,-71.39017267551965,-71.39017267551965
813.500022816658,-71.39129062929851,-71.39129062929851
813.510022816658,-71.39242073743418,-71.39242073743418
813.5200228166581,-71.39356301764931,-71.39356301764931
813.5300228166581,-71.39471748672187,-71.39471748672187
813.540022816658,-71.39588416046269,-71.39588416046269
813.550022816658,-71.39706305375189,-71.39706305375189
813.560022816658,-71.39825418052872,-71.39825418052872
813.570022816658,-71.39945755383084,-71.39945755383084
813.580022816658,-71.40067318579358,-71.40067318579358
813.590022816658,-71.40190108767786,-71.40190108767786
813.600022816658,-71.40314126986193,-71.40314126986193
813.610022816658,-71.40439374188472,-71.40439374188472
813.620022816658,-71.40565851242079,-71.40565851242079
813.630022816658,-71.40693558933259,-71.40693558933259
813.6400228166581,-71.40822497964518,-71.40822497964518
813.6500228166581,-71.40952668961363,-71.40952668961363
813.660022816658,-71.4108407246725,-71.4108407246725
813.670022816658,-71.41216708949334,-71.41216708949334
813.680022816658,-71.41350578797133,-71.41350578797133
813.690022816658,-71.41485682326527,-71.41485682326527
813.700022816658,-71.41622019777428,-71.41622019777428
813.710022816658,-71.41758969126833,-71.41758969126833
813.720022816658,-71.41896258276256,-71.41896258276256
813.730022816658,-71.42033754948999,-71.42033754948999
813.740022816658,-71.42171391537158,-71.42171391537158
813.750022816658,-71.42309136427268,-71.42309136427268
813.760022816658,-71.42446979107194,-71.42446979107194
813.7700228166581,-71.42584921437161,-71.42584921437161
813.7800228166581,-71.42722972406952,-71.42722972406952
813.790022816658,-71.42861144981727,-71.42861144981727
813.800022816658,-71.42999454208713,-71.42999454208713
813.810022816658,-71.43137916095662,-71.43137916095662
813.820022816658,-71.43276546947175,-71.43276546947175
813.830022816658,-71.43415362985846,-71.43415362985846
813.840022816658,-71.43554380145137,-71.43554380145137
813.850022816658,-71.43693613970386,-71.43693613970386
813.860022816658,-71.43833079575332,-71.43833079575332
813.870022816658,-71.43972791638357,-71.43972791638357
813.880022816658,-71.4411276441726,-71.4411276441726
813.8900228166581,-71.44253011775226,-71.44253011775226
813.9000228166581,-71.44393547210434,-71.44393547210434
813.910022816658,-71.44534383883563,-71.44534383883563
813.920022816658,-71.44675534650256,-71.44675534650256
813.930022816658,-71.44817012085593,-71.44817012085593
813.940022816658,-71.44958828507316,-71.44958828507316
813.950022816658,-71.45100995998736,-71.45100995998736
813.960022816658,-71.45243526425648,-71.45243526425648
813.970022816658,-71.45386431451074,-71.45386431451074
813.980022816658,-71.45529722551163,-71.45529722551163
813.990022816658,-71.45673411023859,-71.45673411023859
814.000022816658,-71.45817508000042,-71.45817508000042
814.010022816658,-71.45962024449973,-71.45962024449973
814.0200228166581,-71.46106971191304,-71.46106971191304
814.0300228166581,-71.46252358894085,-71.46252358894085
814.040022816658,-71.46398198085316,-71.46398198085316
814.050022816658,-71.46544499151615,-71.46544499151615
814.060022816658,-71.46691272344032,-71.46691272344032
814.070022816658,-71.46838527778698,-71.46838527778698
814.080022816658,-71.46986275439329,-71.46986275439329
814.090022816658,-71.47134525179763,-71.47134525179763
814.100022816658,-71.47283286722767,-71.47283286722767
814.110022816658,-71.47432569664598,-71.47432569664598
814.120022816658,-71.47582383471462,-71.47582383471462
814.130022816658,-71.4773273748234,-71.4773273748234
814.1400228166581,-71.47883640908853,-71.47883640908853
814.1500228166581,-71.48035102837211,-71.48035102837211
814.160022816658,-71.48187132224871,-71.48187132224871
814.170022816658,-71.48339737903062,-71.48339737903062
814.180022816658,-71.48492928577583,-71.48492928577583
814.190022816658,-71.48646712825638,-71.48646712825638
814.200022816658,-71.48801099099384,-71.48801099099384
814.210022816658,-71.48956095723584,-71.48956095723584
814.220022816658,-71.49111710896403,-71.49111710896403
814.230022816658,-71.49267952690064,-71.49267952690064
814.240022816658,-71.49424829049467,-71.49424829049467
814.250022816658,-71.49582347793867,-71.49582347793867
814.260022816658,-71.49740516615832,-71.49740516615832
814.2700228166581,-71.49899343081105,-71.49899343081105
814.2800228166581,-71.5005883463148,-71.5005883463148
814.290022816658,-71.50218998580439,-71.50218998580439
814.3000228404999,-71.50379842500273,-71.50379842500273
814.3100228404999,-71.50541372692035,-71.50541372692035
814.3200228404999,-71.50703596473873,-71.50703596473873
814.3300228404999,-71.50866520660779,-71.50866520660779
814.3400228404998,-71.51030151942882,-71.51030151942882
814.3500228404998,-71.51194496887463,-71.51194496887463
814.3600228404998,-71.51359561936535,-71.51359561936535
814.3700228404999,-71.51525353411249,-71.51525353411249
814.3800228404999,-71.51691877510878,-71.51691877510878
814.3900228404999,-71.51859140311387,-71.51859140311387
814.4000228404999,-71.52027147768597,-71.52027147768597
814.4100228404999,-71.52195905717612,-71.52195905717612
814.4200228404999,-71.52365419875083,-71.52365419875083
814.4300228404999,-71.52535695838414,-71.52535695838414
814.4400228404999,-71.52706739085322,-71.52706739085322
814.4500228404999,-71.52878554978517,-71.52878554978517
814.4600228404998,-71.53051148761219,-71.53051148761219
814.4700228404998,-71.53224525563519,-71.53224525563519
814.4800228404998,-71.53398690399479,-71.53398690399479
814.4900228404999,-71.53573648168705,-71.53573648168705
814.5000228404999,-71.53749403658857,-71.53749403658857
814.5100228404999,-71.53925961543695,-71.53925961543695
814.5200228404999,-71.54103326386955,-71.54103326386955
814.5300228404999,-71.54281502640578,-71.54281502640578
814.5400228404999,-71.54460494648231,-71.54460494648231
814.5500228404999,-71.5464030664564,-71.5464030664564
814.5600228404999,-71.5482094275897,-71.5482094275897
814.5700228404999,-71.5500240700968,-71.5500240700968
814.5800228404999,-71.55184703313368,-71.55184703313368
814.5900228404998,-71.5536783548087,-71.5536783548087
814.6000228404998,-71.55551807219278,-71.55551807219278
814.6100228404998,-71.55736622134202,-71.55736622134202
814.6200228404999,-71.55922283728448,-71.55922283728448
814.6300228404999,-71.56108795406972,-71.56108795406972
814.6400228404999,-71.56296160473487,-71.56296160473487
814.6500228404999,-71.5648438213406,-71.5648438213406
814.6600228404999,-71.56673463497035,-71.56673463497035
814.6700228404999,-71.5686340757636,-71.5686340757636
814.6800228404999,-71.57054217289839,-71.57054217289839
814.6900228404999,-71.57245895461766,-71.57245895461766
814.7000228404999,-71.57438444822905,-71.57438444822905
814.7100228404998,-71.57631868014417,-71.57631868014417
814.7200228404998,-71.57826167584392,-71.57826167584392
814.7300228404998,-71.58021345992367,-71.58021345992367
814.7400228404999,-71.5821740561029,-71.5821740561029
814.7500228404999,-71.5841434872206,-71.5841434872206
814.7600228404999,-71.58612177524682,-71.58612177524682
814.7700228404999,-71.58810894130477,-71.58810894130477
814.7800228404999,-71.59010500568031,-71.59010500568031
814.7900228404999,-71.59210998782339,-71.59210998782339
814.8000228404999,-71.594123906366,-71.594123906366
814.8100228404999,-71.59614677912349,-71.59614677912349
814.8200228404999,-71.59817862311911,-71.59817862311911
814.8300228404999,-71.60021945459134,-71.60021945459134
814.8400228404998,-71.60226928899242,-71.60226928899242
814.8500228404998,-71.6043281410144,-71.6043281410144
814.8600228404998,-71.60639602459054,-71.60639602459054
814.8700228404999,-71.60847295289486,-71.60847295289486
814.8800228404999,-71.61055893838227,-71.61055893838227
814.8900228404999,-71.61265399277669,-71.61265399277669
814.9000228404999,-71.6147581270751,-71.6147581270751
814.9100228404999,-71.6168713515811,-71.6168713515811
814.9200228404999,-71.61899367589037,-71.61899367589037
814.9300228404999,-71.62112510892247,-71.62112510892247
814.9400228404999,-71.62326565891186,-71.62326565891186
814.9500228404999,-71.62541533343733,-71.62541533343733
814.9600228404998,-71.62757413939791,-71.62757413939791
814.9700228404998,-71.6297420830682,-71.6297420830682
814.9800228404998,-71.63191917007325,-71.63191917007325
814.9900228404999,-71.63410540540517,-71.63410540540517
815.0000228404999,-71.63630079344865,-71.63630079344865
815.0100228404999,-71.63850533796838,-71.63850533796838
815.0200228404999,-71.64071904212238,-71.64071904212238
815.0300228404999,-71.64294190849407,-71.64294190849407
815.0400228404999,-71.64517393906567,-71.64517393906567
815.0500228404999,-71.64741513525605,-71.64741513525605
815.0600228404999,-71.64966549790904,-71.64966549790904
815.0700228404999,-71.65192502731357,-71.65192502731357
815.0800228404999,-71.6541937232222,-71.6541937232222
815.0900228404998,-71.65647158483759,-71.65647158483759
815.1000228404998,-71.65875861082006,-71.65875861082006
815.1100228404998,-71.66105479932511,-71.66105479932511
815.1200228404999,-71.6633601479831,-71.6633601479831
815.1300228404999,-71.66567465391913,-71.66567465391913
815.1400228404999,-71.66799831376558,-71.66799831376558
815.1500228643417,-71.67033112920481,-71.67033112920481
815.1600228643417,-71.67267308481794,-71.67267308481794
815.1700228643417,-71.67502418129486,-71.67502418129486
815.1800228643417,-71.67738441334969,-71.67738441334969
815.1900228643417,-71.67975377523345,-71.67975377523345
815.2000228643417,-71.6821322607451,-71.6821322607451
815.2100228643417,-71.68451986323677,-71.68451986323677
815.2200228643418,-71.68691657562789,-71.68691657562789
815.2300228643418,-71.68932239040537,-71.68932239040537
815.2400228643418,-71.6917372996234,-71.6917372996234
815.2500228643418,-71.6941612949253,-71.6941612949253
815.2600228643417,-71.69659436755761,-71.69659436755761
815.2700228643417,-71.69903650833865,-71.69903650833865
815.2800228643417,-71.70148770771125,-71.70148770771125
815.2900228643417,-71.70394795573252,-71.70394795573252
815.3000228643417,-71.70641724206352,-71.70641724206352
815.3100228643417,-71.7088955559946,-71.7088955559946
815.3200228643417,-71.71138288645813,-71.71138288645813
815.3300228643417,-71.71387922200437,-71.71387922200437
815.3400228643418,-71.71638455084533,-71.71638455084533
815.3500228643418,-71.71889886083034,-71.71889886083034
815.3600228643418,-71.72142213947305,-71.72142213947305
815.3700228643418,-71.7239543739398,-71.7239543739398
815.3800228643418,-71.7264955510795,-71.7264955510795
815.3900228643417,-71.72904565740451,-71.72904565740451
815.4000228643417,-71.73160467910652,-71.73160467910652
815.4100228643417,-71.73417260206664,-71.73417260206664
815.4200228643417,-71.73674941185459,-71.73674941185459
815.4300228643417,-71.73933509374113,-71.73933509374113
815.4400228643417,-71.7419296326948,-71.7419296326948
815.4500228643417,-71.74453301339747,-71.74453301339747
815.4600228643417,-71.74713896557157,-71.74713896557157
815.4700228643418,-71.74974473443667,-71.74974473443667
815.4800228643418,-71.75234897041751,-71.75234897041751
815.4900228643418,-71.75495097420998,-71.75495097420998
815.5000228643418,-71.75755040871462,-71.75755040871462
815.5100228643417,-71.76014714941311,-71.76014714941311
815.5200228643417,-71.7627411966956,-71.7627411966956
815.5300228643417,-71.76533262315314,-71.76533262315314
815.5400228643417,-71.76792154191413,-71.76792154191413
815.5500228643417,-71.77050808762652,-71.77050808762652
815.5600228643417,-71.7730924051472,-71.7730924051472
815.5700228643417,-71.77567464285669,-71.77567464285669
815.5800228643417,-71.77825494887256,-71.77825494887256
815.5900228643418,-71.7808334689442,-71.7808334689442
815.6000228643418,-71.78341034541506,-71.78341034541506
815.6100228643418,-71.78598571680318,-71.78598571680318
815.6200228643418,-71.78855971773868,-71.78855971773868
815.6300228643418,-71.7911324790825,-71.7911324790825
815.6400228643417,-71.79370412820741,-71.79370412820741
815.6500228643417,-71.79627478924183,-71.79627478924183
815.6600228643417,-71.79884458338798,-71.79884458338798
815.6700228643417,-71.80141362918218,-71.80141362918218
815.6800228643417,-71.80398204275954,-71.80398204275954
815.6900228643417,-71.80654993808554,-71.80654993808554
815.7000228643417,-71.80911742714581,-71.80911742714581
815.7100228643417,-71.81168462012594,-71.81168462012594
815.7200228643418,-71.81425162555519,-71.81425162555519
815.7300228643418,-71.81681855045245,-71.81681855045245
815.7400228643418,-71.81938550039823,-71.81938550039823
815.7500228643418,-71.82195257964153,-71.82195257964153
815.7600228643417,-71.82451989117412,-71.82451989117412
815.7700228643417,-71.82708753678169,-71.82708753678169
815.7800228643417,-71.82965561709344,-71.82965561709344
815.7900228643417,-71.83222423162368,-71.83222423162368
815.8000228643417,-71.83479347880294,-71.83479347880294
815.8100228643417,-71.8373634559986,-71.8373634559986
815.8200228643417,-71.83993425952602,-71.83993425952602
815.8300228643417,-71.84250598467955,-71.84250598467955
815.8400228643418,-71.8450787257164,-71.8450787257164
815.8500228643418,-71.84765257589501,-71.84765257589501
815.8600228643418,-71.85022762744627,-71.85022762744627
815.8700228643418,-71.85280397159988,-71.85280397159988
815.8800228643418,-71.85538169857091,-71.85538169857091
815.8900228643417,-71.85796089755547,-71.85796089755547
815.9000228643417,-71.86054165674152,-71.86054165674152
815.9100228643417,-71.86312406329236,-71.86312406329236
815.9200228643417,-71.86570820335672,-71.86570820335672
815.9300228643417,-71.86829416205245,-71.86829416205245
815.9400228643417,-71.87088202346273,-71.87088202346273
815.9500228643417,-71.87347187063433,-71.87347187063433
815.9600228643417,-71.87606378558597,-71.87606378558597
815.9700228643418,-71.87865784927985,-71.87865784927985
815.9800228643418,-71.88125414164352,-71.88125414164352
815.9900228643418,-71.88385274153777,-71.88385274153777
816.0000228881836,-71.88645373297771,-71.88645373297771
816.0100228881836,-71.88905718033897,-71.88905718033897
816.0200228881836,-71.89166316550511,-71.89166316550511
816.0300228881836,-71.89427176310738,-71.89427176310738
816.0400228881836,-71.89688304671833,-71.89688304671833
816.0500228881835,-71.89949708885166,-71.89949708885166
816.0600228881835,-71.9021139609468,-71.9021139609468
816.0700228881836,-71.90473373337272,-71.90473373337272
816.0800228881836,-71.90735647545792,-71.90735647545792
816.0900228881836,-71.90998225543316,-71.90998225543316
816.1000228881836,-71.91261114048173,-71.91261114048173
816.1100228881836,-71.91524319673104,-71.91524319673104
816.1200228881836,-71.91787848923215,-71.91787848923215
816.1300228881836,-71.92051708198767,-71.92051708198767
816.1400228881836,-71.92315903794523,-71.92315903794523
816.1500228881836,-71.9258044189898,-71.9258044189898
816.1600228881836,-71.92845328596587,-71.92845328596587
816.1700228881836,-71.93110569867686,-71.93110569867686
816.1800228881835,-71.93376171587552,-71.93376171587552
816.1900228881836,-71.93642139526976,-71.93642139526976
816.2000228881836,-71.9390847935712,-71.9390847935712
816.2100228881836,-71.94175196642547,-71.94175196642547
816.2200228881836,-71.94442296847765,-71.94442296847765
816.2300228881836,-71.94709785335198,-71.94709785335198
816.2400228881836,-71.9497766736652,-71.9497766736652
816.2500228881836,-71.95245948102344,-71.95245948102344
816.2600228881836,-71.9551463260568,-71.9551463260568
816.2700228881836,-71.9578372583799,-71.9578372583799
816.2800228881836,-71.96053232664877,-71.96053232664877
816.2900228881836,-71.96323157851772,-71.96323157851772
816.3000228881835,-71.96593506069169,-71.96593506069169
816.3100228881835,-71.96864281891135,-71.96864281891135
816.3200228881836,-71.97135489796074,-71.97135489796074
816.3300228881836,-71.9740713416904,-71.9740713416904
816.3400228881836,-71.9767921929966,-71.9767921929966
816.3500228881836,-71.97951749385443,-71.97951749385443
816.3600228881836,-71.98224728531478,-71.98224728531478
816.3700228881836,-71.9849816075246,-71.9849816075246
816.3800228881836,-71.98772049972105,-71.98772049972105
816.3900228881836,-71.9904640002459,-71.9904640002459
816.4000228881836,-71.99321214655754,-71.99321214655754
816.4100228881836,-71.99596497522758,-71.99596497522758
816.4200228881836,-71.99872252197221,-71.99872252197221
816.4300228881835,-72.00148482163225,-72.00148482163225
816.4400228881836,-72.00425190820276,-72.00425190820276
816.4500228881836,-72.00702381485924,-72.00702381485924
816.4600228881836,-72.00980057390456,-72.00980057390456
816.4700228881836,-72.01258221684152,-72.01258221684152
816.4800228881836,-72.01536877435446,-72.01536877435446
816.4900228881836,-72.01816027631595,-72.01816027631595
816.5000228881836,-72.02095675180874,-72.02095675180874
816.5100228881836,-72.0237582291215,-72.0237582291215
816.5200228881836,-72.02656473577657,-72.02656473577657
816.5300228881836,-72.02937629850241,-72.02937629850241
816.5400228881836,-72.0321929432937,-72.0321929432937
816.5500228881835,-72.03501469537595,-72.03501469537595
816.5600228881835,-72.0378415792471,-72.0378415792471
816.5700228881836,-72.04067361865292,-72.04067361865292
816.5800228881836,-72.04351083663835,-72.04351083663835
816.5900228881836,-72.04635325551017,-72.04635325551017
816.6000228881836,-72.04920089688393,-72.04920089688393
816.6100228881836,-72.05205378167365,-72.05205378167365
816.6200228881836,-72.05491193011008,-72.05491193011008
816.6300228881836,-72.05777536172917,-72.05777536172917
816.6400228881836,-72.06064409542235,-72.06064409542235
816.6500228881836,-72.06351814939215,-72.06351814939215
816.6600228881836,-72.06639754121328,-72.06639754121328
816.6700228881836,-72.0692822877961,-72.0692822877961
816.6800228881835,-72.07217240541947,-72.07217240541947
816.6900228881836,-72.0750679097382,-72.0750679097382
816.7000228881836,-72.0779688157984,-72.0779688157984
816.7100228881836,-72.08087513802819,-72.08087513802819
816.7200228881836,-72.08378689024732,-72.08378689024732
816.7300228881836,-72.08670408568801,-72.08670408568801
816.7400228881836,-72.08962673700313,-72.08962673700313
816.7500228881836,-72.09255485625793,-72.09255485625793
816.7600228881836,-72.09548845495324,-72.09548845495324
816.7700228881836,-72.09842754404181,-72.09842754404181
816.7800228881836,-72.10137213390391,-72.10137213390391
816.7900228881836,-72.10432223438853,-72.10432223438853
816.8000228881835,-72.10727785479993,-72.10727785479993
816.8100228881835,-72.11023900391969,-72.11023900391969
816.8200228881836,-72.1132056900052,-72.1132056900052
816.8300228881836,-72.11617792080894,-72.11617792080894
816.8400228881836,-72.11915570356435,-72.11915570356435
816.8500229120255,-72.12213905211333,-72.12213905211333
816.8600229120254,-72.12512795853652,-72.12512795853652
816.8700229120254,-72.12812243566161,-72.12812243566161
816.8800229120254,-72.13112248878424,-72.13112248878424
816.8900229120254,-72.13412812272432,-72.13412812272432
816.9000229120254,-72.13713934184446,-72.13713934184446
816.9100229120254,-72.14015615005574,-72.14015615005574
816.9200229120255,-72.14317855080179,-72.14317855080179
816.9300229120255,-72.1462065471128,-72.1462065471128
816.9400229120255,-72.14924014156037,-72.14924014156037
816.9500229120255,-72.15227933630013,-72.15227933630013
816.9600229120255,-72.1553241330701,-72.1553241330701
816.9700229120255,-72.15837453317782,-72.15837453317782
816.9800229120254,-72.16143053754836,-72.16143053754836
816.9900229120254,-72.16449214669196,-72.16449214669196
817.0000229120254,-72.1675593607153,-72.1675593607153
817.0100229120254,-72.17063217935512,-72.17063217935512
817.0200229120254,-72.17371060194478,-72.17371060194478
817.0300229120254,-72.17679462747024,-72.17679462747024
817.0400229120255,-72.17988425451225,-72.17988425451225
817.0500229120255,-72.18297948131683,-72.18297948131683
817.0600229120255,-72.18608030575565,-72.18608030575565
817.0700229120255,-72.18918672535835,-72.18918672535835
817.0800229120255,-72.1922987372919,-72.1922987372919
817.0900229120255,-72.19541633840757,-72.19541633840757
817.1000229120255,-72.19853952519809,-72.19853952519809
817.1100229120254,-72.201668293842,-72.201668293842
817.1200229120254,-72.20480264018254,-72.20480264018254
817.1300229120254,-72.20794255974728,-72.20794255974728
817.1400229120254,-72.2110880477622,-72.2110880477622
817.1500229120254,-72.21423909913517,-72.21423909913517
817.1600229120254,-72.2173957084674,-72.2173957084674
817.1700229120255,-72.22055787006177,-72.22055787006177
817.1800229120255,-72.22372557795174,-72.22372557795174
817.1900229120255,-72.2268988258541,-72.2268988258541
817.2000229120255,-72.23007760721349,-72.23007760721349
817.2100229120255,-72.23326191520196,-72.23326191520196
817.2200229120255,-72.23645174271229,-72.23645174271229
817.2300229120254,-72.23964708237499,-72.23964708237499
817.2400229120254,-72.2428479265519,-72.2428479265519
817.2500229120254,-72.24605426735124,-72.24605426735124
817.2600229120254,-72.24926609662081,-72.24926609662081
817.2700229120254,-72.25248340596205,-72.25248340596205
817.2800229120254,-72.2557061867344,-72.2557061867344
817.2900229120255,-72.2589344300477,-72.2589344300477
817.3000229120255,-72.26216812678763,-72.26216812678763
817.3100229120255,-72.26540726759755,-72.26540726759755
817.3200229120255,-72.2686518428993,-72.2686518428993
817.3300229120255,-72.27190184287771,-72.27190184287771
817.3400229120255,-72.27515725752238,-72.27515725752238
817.3500229120255,-72.27841807658426,-72.27841807658426
817.3600229120254,-72.28168428961287,-72.28168428961287
817.3700229120254,-72.28495588594993,-72.28495588594993
817.3800229120254,-72.28823285472905,-72.28823285472905
817.3900229120254,-72.29151518487907,-72.29151518487907
817.4000229120254,-72.2948028651494,-72.2948028651494
817.4100229120254,-72.29809588409161,-72.29809588409161
817.4200229120255,-72.3013942300511,-72.3013942300511
817.4300229120255,-72.30469789120596,-72.30469789120596
817.4400229120255,-72.30800685554334,-72.30800685554334
817.4500229120255,-72.3113211108775,-72.3113211108775
817.4600229120255,-72.3146343371525,-72.3146343371525
817.4700229120255,-72.31794375730634,-72.31794375730634
817.4800229120254,-72.32124801071163,-72.32124801071163
817.4900229120254,-72.3245463923606,-72.3245463923606
817.5000229120254,-72.32783856250855,-72.32783856250855
817.5100229120254,-72.33112439593113,-72.33112439593113
817.5200229120254,-72.33440389354762,-72.33440389354762
817.5300229120254,-72.33767712935176,-72.33767712935176
817.5400229120255,-72.34094421848944,-72.34094421848944
817.5500229120255,-72.34420529810569,-72.34420529810569
817.5600229120255,-72.34746051591358,-72.34746051591358
817.5700229120255,-72.35071002349707,-72.35071002349707
817.5800229120255,-72.35395397243347,-72.35395397243347
817.5900229120255,-72.35719251219102,-72.35719251219102
817.6000229120255,-72.36042578907606,-72.36042578907606
817.6100229120254,-72.36365394576134,-72.36365394576134
817.6200229120254,-72.3668771212472,-72.3668771212472
817.6300229120254,-72.37009545097429,-72.37009545097429
817.6400229120254,-72.37330906704182,-72.37330906704182
817.6500229120254,-72.37651809851207,-72.37651809851207
817.6600229120254,-72.37972267167936,-72.37972267167936
817.6700229120255,-72.38292291032306,-72.38292291032306
817.6800229120255,-72.38611893600012,-72.38611893600012
817.6900229120255,-72.38931086822423,-72.38931086822423
817.7000229358673,-72.39249883227723,-72.39249883227723
817.7100229358673,-72.39568292899456,-72.39568292899456
817.7200229358673,-72.39886328048412,-72.39886328048412
817.7300229358673,-72.40203999984986,-72.40203999984986
817.7400229358673,-72.40521319890185,-72.40521319890185
817.7500229358673,-72.40838298823626,-72.40838298823626
817.7600229358673,-72.41154947730423,-72.41154947730423
817.7700229358674,-72.41471277444882,-72.41471277444882
817.7800229358674,-72.41787298698519,-72.41787298698519
817.7900229358673,-72.42103022120504,-72.42103022120504
817.8000229358673,-72.4241845824082,-72.4241845824082
817.8100229358673,-72.42733617492081,-72.42733617492081
817.8200229358673,-72.43048510213868,-72.43048510213868
817.8300229358673,-72.43363146649413,-72.43363146649413
817.8400229358673,-72.43677536948947,-72.43677536948947
817.8500229358673,-72.43991691169516,-72.43991691169516
817.8600229358673,-72.44305619275006,-72.44305619275006
817.8700229358673,-72.44619331134957,-72.44619331134957
817.8800229358673,-72.44932836524757,-72.44932836524757
817.8900229358674,-72.45246145127146,-72.45246145127146
817.9000229358674,-72.45559266530061,-72.45559266530061
817.9100229358673,-72.45872210225149,-72.45872210225149
817.9200229358673,-72.46184985608751,-72.46184985608751
817.9300229358673,-72.46497601980455,-72.46497601980455
817.9400229358673,-72.46810068543161,-72.46810068543161
817.9500229358673,-72.47122394401433,-72.47122394401433
817.9600229358673,-72.47434588561528,-72.47434588561528
817.9700229358673,-72.47746659931111,-72.47746659931111
817.9800229358673,-72.48058617317817,-72.48058617317817
817.9900229358673,-72.48370469428313,-72.48370469428313
818.0000229358673,-72.48682224869661,-72.48682224869661
818.0100229358673,-72.48993892148309,-72.48993892148309
818.0200229358674,-72.49305479667179,-72.49305479667179
818.0300229358674,-72.49616995729365,-72.49616995729365
818.0400229358673,-72.49928448533925,-72.49928448533925
818.0500229358673,-72.50239846177914,-72.50239846177914
818.0600229358673,-72.50551196655512,-72.50551196655512
818.0700229358673,-72.50862507858538,-72.50862507858538
818.0800229358673,-72.5117378757532,-72.5117378757532
818.0900229358673,-72.5148504348938,-72.5148504348938
818.1000229358673,-72.51796283183444,-72.51796283183444
818.1100229358673,-72.52107514135331,-72.52107514135331
818.1200229358673,-72.52418743721599,-72.52418743721599
818.1300229358673,-72.5272997921252,-72.5272997921252
818.1400229358674,-72.53041227777823,-72.53041227777823
818.1500229358674,-72.53352496483487,-72.53352496483487
818.1600229358673,-72.53663792293659,-72.53663792293659
818.1700229358673,-72.539751220696,-72.539751220696
818.1800229358673,-72.54286492570846,-72.54286492570846
818.1900229358673,-72.54597910455051,-72.54597910455051
818.2000229358673,-72.54909382278541,-72.54909382278541
818.2100229358673,-72.55220281656611,-72.55220281656611
818.2200229358673,-72.55530337581483,-72.55530337581483
818.2300229358673,-72.55839421070284,-72.55839421070284
818.2400229358673,-72.56147468832553,-72.56147468832553
818.2500229358673,-72.5645445414265,-72.5645445414265
818.2600229358673,-72.5676037171735,-72.5676037171735
818.2700229358674,-72.57065228847736,-72.57065228847736
818.2800229358674,-72.57369040079998,-72.57369040079998
818.2900229358673,-72.57671824008754,-72.57671824008754
818.3000229358673,-72.57973601360197,-72.57973601360197
818.3100229358673,-72.58274393843342,-72.58274393843342
818.3200229358673,-72.58574223478529,-72.58574223478529
818.3300229358673,-72.58873112208786,-72.58873112208786
818.3400229358673,-72.59171081689793,-72.59171081689793
818.3500229358673,-72.59468153182237,-72.59468153182237
818.3600229358673,-72.59764347507321,-72.59764347507321
818.3700229358673,-72.60059685041033,-72.60059685041033
818.3800229358673,-72.60354185726632,-72.60354185726632
818.3900229358674,-72.60647869098234,-72.60647869098234
818.4000229358674,-72.60940754307993,-72.60940754307993
818.4100229358673,-72.61232860156034,-72.61232860156034
818.4200229358673,-72.61524205117884,-72.61524205117884
818.4300229358673,-72.61814807368982,-72.61814807368982
818.4400229358673,-72.62104684807669,-72.62104684807669
818.4500229358673,-72.6239385507603,-72.6239385507603
818.4600229358673,-72.62682335575707,-72.62682335575707
818.4700229358673,-72.62970143485312,-72.62970143485312
818.4800229358673,-72.63257295770032,-72.63257295770032
818.4900229358673,-72.63543809194138,-72.63543809194138
818.5000229358673,-72.63829700329556,-72.63829700329556
818.5100229358673,-72.64114985561866,-72.64114985561866
818.5200229358674,-72.64399681097659,-72.64399681097659
818.5300229358674,-72.64683802970978,-72.64683802970978
818.5400229358673,-72.6496736704337,-72.6496736704337
818.5500229597092,-72.65250389684905,-72.65250389684905
818.5600229597092,-72.65532885077609,-72.65532885077609
818.5700229597091,-72.65814869265967,-72.65814869265967
818.5800229597091,-72.66096357458123,-72.66096357458123
818.5900229597091,-72.66377364702971,-72.66377364702971
818.6000229597091,-72.66657905891292,-72.66657905891292
818.6100229597091,-72.66937995756012,-72.66937995756012
818.6200229597092,-72.67217648872001,-72.67217648872001
818.6300229597092,-72.67496879658664,-72.67496879658664
818.6400229597092,-72.67775702377483,-72.67775702377483
818.6500229597092,-72.68054131133725,-72.68054131133725
818.6600229597092,-72.68332179876502,-72.68332179876502
818.6700229597092,-72.68609862397575,-72.68609862397575
818.6800229597092,-72.6888719233297,-72.6888719233297
818.6900229597092,-72.69164183161878,-72.69164183161878
818.7000229597091,-72.69440848206624,-72.69440848206624
818.7100229597091,-72.69717200634524,-72.69717200634524
818.7200229597091,-72.69993253454705,-72.69993253454705
818.7300229597091,-72.70269019520535,-72.70269019520535
818.7400229597092,-72.7054451152944,-72.7054451152944
818.7500229597092,-72.70819742022998,-72.70819742022998
818.7600229597092,-72.71094723385153,-72.71094723385153
818.7700229597092,-72.7136946784583,-72.7136946784583
818.7800229597092,-72.71643987477842,-72.71643987477842
818.7900229597092,-72.71918294199617,-72.71918294199617
818.8000229597092,-72.72192399774542,-72.72192399774542
818.8100229597092,-72.72466315811207,-72.72466315811207
818.8200229597091,-72.72740053764616,-72.72740053764616
818.8300229597091,-72.73013624935767,-72.73013624935767
818.8400229597091,-72.73287040472239,-72.73287040472239
818.8500229597091,-72.73560311369285,-72.73560311369285
818.8600229597091,-72.73833448469897,-72.73833448469897
818.8700229597092,-72.74106462466165,-72.74106462466165
818.8800229597092,-72.74379363900897,-72.74379363900897
818.8900229597092,-72.74652163164507,-72.74652163164507
818.9000229597092,-72.74924870499726,-72.74924870499726
818.9100229597092,-72.75197496000747,-72.75197496000747
818.9200229597092,-72.75470049614526,-72.75470049614526
818.9300229597092,-72.75742541141294,-72.75742541141294
818.9400229597092,-72.76014980234824,-72.76014980234824
818.9500229597091,-72.76287376405921,-72.76287376405921
818.9600229597091,-72.76559739020286,-72.76559739020286
818.9700229597091,-72.76832077300746,-72.76832077300746
818.9800229597091,-72.77104400329449,-72.77104400329449
818.9900229597092,-72.77376717046691,-72.77376717046691
819.0000229597092,-72.77649036254198,-72.77649036254198
819.0100229597092,-72.77921366614439,-72.77921366614439
819.0200229597092,-72.78193716651774,-72.78193716651774
819.0300229597092,-72.784660947562,-72.784660947562
819.0400229597092,-72.7873850918116,-72.7873850918116
819.0500229597092,-72.79010968046855,-72.79010968046855
819.0600229597092,-72.79283479339371,-72.79283479339371
819.0700229597091,-72.79556050915029,-72.79556050915029
819.0800229597091,-72.79828690497615,-72.79828690497615
819.0900229597091,-72.80101405683538,-72.80101405683538
819.1000229597091,-72.80374203940066,-72.80374203940066
819.1100229597091,-72.80647092608551,-72.80647092608551
819.1200229597092,-72.80920078902736,-72.80920078902736
819.1300229597092,-72.81193169916152,-72.81193169916152
819.1400229597092,-72.81466372615418,-72.81466372615418
819.1500229597092,-72.81739693847061,-72.81739693847061
819.1600229597092,-72.82013140336952,-72.82013140336952
819.1700229597092,-72.8228671869087,-72.8228671869087
819.1800229597092,-72.8256043539869,-72.8256043539869
819.1900229597092,-72.82834296831878,-72.82834296831878
819.2000229597091,-72.8310830924581,-72.8310830924581
819.2100229597091,-72.83382478784341,-72.83382478784341
819.2200229597091,-72.83656811475986,-72.83656811475986
819.2300229597091,-72.83931313238679,-72.83931313238679
819.2400229597092,-72.84205989879305,-72.84205989879305
819.2500229597092,-72.84480847097076,-72.84480847097076
819.2600229597092,-72.8475589048228,-72.8475589048228
819.2700229597092,-72.85031125518783,-72.85031125518783
819.2800229597092,-72.85306557585436,-72.85306557585436
819.2900229597092,-72.85582191956988,-72.85582191956988
819.3000229597092,-72.85858033804911,-72.85858033804911
819.3100229597092,-72.8613408820028,-72.8613408820028
819.3200229597091,-72.86410360112092,-72.86410360112092
819.3300229597091,-72.86686854411582,-72.86686854411582
819.3400229597091,-72.86963575871272,-72.86963575871272
819.3500229597091,-72.87240529168108,-72.87240529168108
819.3600229597091,-72.8751771888229,-72.8751771888229
819.3700229597092,-72.87795149500492,-72.87795149500492
819.3800229597092,-72.8807282541701,-72.8807282541701
819.3900229597092,-72.88350750932847,-72.88350750932847
819.400022983551,-72.88628930922823,-72.88628930922823
819.410022983551,-72.88907368183612,-72.88907368183612
819.420022983551,-72.89186067409369,-72.89186067409369
819.430022983551,-72.89465032546114,-72.89465032546114
819.440022983551,-72.89744267454059,-72.89744267454059
819.450022983551,-72.90023775908107,-72.90023775908107
819.460022983551,-72.90302925701236,-72.90302925701236
819.4700229835511,-72.90581441759448,-72.90581441759448
819.4800229835511,-72.90859191743745,-72.90859191743745
819.4900229835511,-72.91136109344272,-72.91136109344272
819.500022983551,-72.91412165015414,-72.91412165015414
819.510022983551,-72.91687350775577,-72.91687350775577
819.520022983551,-72.91961671300339,-72.91961671300339
819.530022983551,-72.92235138572923,-72.92235138572923
819.540022983551,-72.92507768666002,-72.92507768666002
819.550022983551,-72.92779579813293,-72.92779579813293
819.560022983551,-72.93050591255717,-72.93050591255717
819.570022983551,-72.93320822567492,-72.93320822567492
819.580022983551,-72.93590293266985,-72.93590293266985
819.5900229835511,-72.93859022603979,-72.93859022603979
819.6000229835511,-72.9412702945427,-72.9412702945427
819.6100229835511,-72.94394332273411,-72.94394332273411
819.620022983551,-72.94660949091484,-72.94660949091484
819.630022983551,-72.94926897526715,-72.94926897526715
819.640022983551,-72.95192194808251,-72.95192194808251
819.650022983551,-72.95456857805216,-72.95456857805216
819.660022983551,-72.95720903056757,-72.95720903056757
819.670022983551,-72.95984346798744,-72.95984346798744
819.680022983551,-72.96247204989166,-72.96247204989166
819.690022983551,-72.96509493331538,-72.96509493331538
819.700022983551,-72.96771227295442,-72.96771227295442
819.710022983551,-72.97032422134156,-72.97032422134156
819.7200229835511,-72.9729309289894,-72.9729309289894
819.7300229835511,-72.97553254453463,-72.97553254453463
819.7400229835511,-72.97812921480829,-72.97812921480829
819.750022983551,-72.98072108495852,-72.98072108495852
819.760022983551,-72.98330829852492,-72.98330829852492
819.770022983551,-72.98589099747089,-72.98589099747089
819.780022983551,-72.98846932226697,-72.98846932226697
819.790022983551,-72.99104341190228,-72.99104341190228
819.800022983551,-72.99361340394123,-72.99361340394123
819.810022983551,-72.99617943452594,-72.99617943452594
819.820022983551,-72.99874163841889,-72.99874163841889
819.830022983551,-73.00130014900502,-73.00130014900502
819.8400229835511,-73.00385509829819,-73.00385509829819
819.8500229835511,-73.00640661696862,-73.00640661696862
819.8600229835511,-73.00895483433428,-73.00895483433428
819.870022983551,-73.01149987836297,-73.01149987836297
819.880022983551,-73.01404187567536,-73.01404187567536
819.890022983551,-73.016580951566,-73.016580951566
819.900022983551,-73.01911722996634,-73.01911722996634
819.910022983551,-73.02165083347498,-73.02165083347498
819.920022983551,-73.02418188335183,-73.02418188335183
819.930022983551,-73.02671049949747,-73.02671049949747
819.940022983551,-73.02923680048002,-73.02923680048002
819.950022983551,-73.03176090350085,-73.03176090350085
819.960022983551,-73.03428292442443,-73.03428292442443
819.9700229835511,-73.03680297775206,-73.03680297775206
819.9800229835511,-73.03932117664374,-73.03932117664374
819.9900229835511,-73.04183763288444,-73.04183763288444
820.000022983551,-73.04435245692372,-73.04435245692372
820.010022983551,-73.046865757844,-73.046865757844
820.020022983551,-73.04937764337343,-73.04937764337343
820.030022983551,-73.05188821988428,-73.05188821988428
820.040022983551,-73.05439759240282,-73.05439759240282
820.050022983551,-73.05690586459212,-73.05690586459212
820.060022983551,-73.0594131387627,-73.0594131387627
820.070022983551,-73.06191951589109,-73.06191951589109
820.080022983551,-73.06442509559064,-73.06442509559064
820.0900229835511,-73.06692997613742,-73.06692997613742
820.1000229835511,-73.06943425448121,-73.06943425448121
820.1100229835511,-73.07193802621671,-73.07193802621671
820.120022983551,-73.07444138561243,-73.07444138561243
820.130022983551,-73.07694442562298,-73.07694442562298
820.140022983551,-73.07944723787388,-73.07944723787388
820.150022983551,-73.08194991268002,-73.08194991268002
820.160022983551,-73.08445253904847,-73.08445253904847
820.170022983551,-73.0869552046662,-73.0869552046662
820.180022983551,-73.08945799595048,-73.08945799595048
820.190022983551,-73.0919609980115,-73.0919609980115
820.200022983551,-73.09446429468807,-73.09446429468807
820.210022983551,-73.09696796853606,-73.09696796853606
820.2200229835511,-73.09947210085065,-73.09947210085065
820.2300229835511,-73.10197677167722,-73.10197677167722
820.2400229835511,-73.10448205980539,-73.10448205980539
820.2500230073929,-73.10698804873871,-73.10698804873871
820.2600230073929,-73.10949480288298,-73.10949480288298
820.2700230073929,-73.11200240327994,-73.11200240327994
820.2800230073929,-73.11451092381687,-73.11451092381687
820.2900230073928,-73.11702043716828,-73.11702043716828
820.3000230073928,-73.11953101482523,-73.11953101482523
820.3100230073928,-73.12204272708006,-73.12204272708006
820.3200230073929,-73.12455564306721,-73.12455564306721
820.3300230073929,-73.12706983074956,-73.12706983074956
820.3400230073929,-73.12958535693367,-73.12958535693367
820.3500230073929,-73.1321022872809,-73.1321022872809
820.3600230073929,-73.13462068633427,-73.13462068633427
820.3700230073929,-73.13714061750204,-73.13714061750204
820.3800230073929,-73.13966214307322,-73.13966214307322
820.3900230073929,-73.14218532425588,-73.14218532425588
820.4000230073929,-73.14471022115563,-73.14471022115563
820.4100230073929,-73.14723689280608,-73.14723689280608
820.4200230073928,-73.14976539716139,-73.14976539716139
820.4300230073928,-73.15229579113111,-73.15229579113111
820.4400230073929,-73.15482813057176,-73.15482813057176
820.4500230073929,-73.1573624703153,-73.1573624703153
820.4600230073929,-73.15989886415068,-73.15989886415068
820.4700230073929,-73.16243736486683,-73.16243736486683
820.4800230073929,-73.16497802424159,-73.16497802424159
820.4900230073929,-73.16752089308235,-73.16752089308235
820.5000230073929,-73.17006602119199,-73.17006602119199
820.5100230073929,-73.17261345741842,-73.17261345741842
820.5200230073929,-73.17516324964548,-73.17516324964548
820.5300230073929,-73.17771544481454,-73.17771544481454
820.5400230073928,-73.18027008893512,-73.18027008893512
820.5500230073928,-73.18282722708493,-73.18282722708493
820.5600230073928,-73.18538690342312,-73.18538690342312
820.5700230073929,-73.18794916121686,-73.18794916121686
820.5800230073929,-73.19051404284167,-73.19051404284167
820.5900230073929,-73.19308158978878,-73.19308158978878
820.6000230073929,-73.19565184266803,-73.19565184266803
820.6100230073929,-73.19822484124659,-73.19822484124659
820.6200230073929,-73.20080062443076,-73.20080062443076
820.6300230073929,-73.20337923029216,-73.20337923029216
820.6400230073929,-73.20596069608158,-73.20596069608158
820.6500230073929,-73.20854505821163,-73.20854505821163
820.6600230073929,-73.21113235231556,-73.21113235231556
820.6700230073928,-73.21372261320836,-73.21372261320836
820.6800230073928,-73.21631587492388,-73.21631587492388
820.6900230073929,-73.2189121707255,-73.2189121707255
820.7000230073929,-73.22151153310399,-73.22151153310399
820.7100230073929,-73.22411399379885,-73.22411399379885
820.7200230073929,-73.22671958380222,-73.22671958380222
820.7300230073929,-73.2293283333596,-73.2293283333596
820.7400230073929,-73.23194027200043,-73.23194027200043
820.7500230073929,-73.23455542853884,-73.23455542853884
820.7600230073929,-73.23717383107895,-73.23717383107895
820.7700230073929,-73.23979550701732,-73.23979550701732
820.7800230073929,-73.24242048307583,-73.24242048307583
820.7900230073928,-73.24504878529063,-73.24504878529063
820.8000230073928,-73.24768043903516,-73.24768043903516
820.8100230073928,-73.25031546901238,-73.25031546901238
820.8200230073929,-73.25295389926518,-73.25295389926518
820.8300230073929,-73.25559575323092,-73.25559575323092
820.8400230073929,-73.25824105367515,-73.25824105367515
820.8500230073929,-73.26088982275765,-73.26088982275765
820.8600230073929,-73.26354208202122,-73.26354208202122
820.8700230073929,-73.26619785239143,-73.26619785239143
820.8800230073929,-73.26885715420565,-73.26885715420565
820.8900230073929,-73.27152000720086,-73.27152000720086
820.9000230073929,-73.27418643054311,-73.27418643054311
820.9100230073929,-73.27685644282381,-73.27685644282381
820.9200230073928,-73.2795300620665,-73.2795300620665
820.9300230073928,-73.28220730572562,-73.28220730572562
820.9400230073929,-73.28488819072734,-73.28488819072734
820.9500230073929,-73.28757273344674,-73.28757273344674
820.9600230073929,-73.29026094972586,-73.29026094972586
820.9700230073929,-73.29295285487449,-73.29295285487449
820.9800230073929,-73.29564846369188,-73.29564846369188
820.9900230073929,-73.29834779046342,-73.29834779046342
821.0000230073929,-73.30105084898473,-73.30105084898473
821.0100230073929,-73.3037576525373,-73.3037576525373
821.0200230073929,-73.30646821391942,-73.30646821391942
821.0300230073929,-73.30918254545824,-73.30918254545824
821.0400230073928,-73.31190065899305,-73.31190065899305
821.0500230073928,-73.31462256590899,-73.31462256590899
821.0600230073928,-73.3173482771183,-73.3173482771183
821.0700230073929,-73.32007780308903,-73.32007780308903
821.0800230073929,-73.32281115384885,-73.32281115384885
821.0900230073929,-73.32554833896594,-73.32554833896594
821.1000230312347,-73.32828937412613,-73.32828937412613
821.1100230312347,-73.33103425500745,-73.33103425500745
821.1200230312347,-73.33378299641896,-73.33378299641896
821.1300230312347,-73.33653560624599,-73.33653560624599
821.1400230312347,-73.33929209197916,-73.33929209197916
821.1500230312347,-73.34205246069853,-73.34205246069853
821.1600230312347,-73.34481671907643,-73.34481671907643
821.1700230312348,-73.34758487341561,-73.34758487341561
821.1800230312348,-73.35035692964212,-73.35035692964212
821.1900230312348,-73.35313289328461,-73.35313289328461
821.2000230312348,-73.35591276950612,-73.35591276950612
821.2100230312348,-73.35869656311017,-73.35869656311017
821.2200230312347,-73.3614842785365,-73.3614842785365
821.2300230312347,-73.3642759198721,-73.3642759198721
821.2400230312347,-73.36707149085385,-73.36707149085385
821.2500230312347,-73.36987099488401,-73.36987099488401
821.2600230312347,-73.37267443502125,-73.37267443502125
821.2700230312347,-73.37548181397862,-73.37548181397862
821.2800230312347,-73.37829313416796,-73.37829313416796
821.2900230312348,-73.38110839766107,-73.38110839766107
821.3000230312348,-73.38392760621677,-73.38392760621677
821.3100230312348,-73.38675076129196,-73.38675076129196
821.3200230312348,-73.38957786401247,-73.38957786401247
821.3300230312348,-73.39240891523367,-73.39240891523367
821.3400230312348,-73.39524391548716,-73.39524391548716
821.3500230312347,-73.39808286503374,-73.39808286503374
821.3600230312347,-73.40092576383209,-73.40092576383209
821.3700230312347,-73.40377261156053,-73.40377261156053
821.3800230312347,-73.40662340762577,-73.40662340762577
821.3900230312347,-73.40947815115126,-73.40947815115126
821.4000230312347,-73.41233684099717,-73.41233684099717
821.4100230312347,-73.41519947575854,-73.41519947575854
821.4200230312348,-73.41806605376561,-73.41806605376561
821.4300230312348,-73.4209365731034,-73.4209365731034
821.4400230312348,-73.42381103159218,-73.42381103159218
821.4500230312348,-73.42668942680537,-73.42668942680537
821.4600230312348,-73.42957175608636,-73.42957175608636
821.4700230312347,-73.43245801652027,-73.43245801652027
821.4800230312347,-73.43534820496734,-73.43534820496734
821.4900230312347,-73.43824231804913,-73.43824231804913
821.5000230312347,-73.44114035217302,-73.44114035217302
821.5100230312347,-73.44404230350742,-73.44404230350742
821.5200230312347,-73.44694816800167,-73.44694816800167
821.5300230312347,-73.4498579414094,-73.4498579414094
821.5400230312348,-73.45277161922867,-73.45277161922867
821.5500230312348,-73.4556891967896,-73.4556891967896
821.5600230312348,-73.45861066921051,-73.45861066921051
821.5700230312348,-73.46153603138187,-73.46153603138187
821.5800230312348,-73.46446527802128,-73.46446527802128
821.5900230312348,-73.46739840363476,-73.46739840363476
821.6000230312347,-73.47033540254316,-73.47033540254316
821.6100230312347,-73.4732762688808,-73.4732762688808
821.6200230312347,-73.47622099659512,-73.47622099659512
821.6300230312347,-73.47916957944659,-73.47916957944659
821.6400230312347,-73.48212201102316,-73.48212201102316
821.6500230312347,-73.4850782847417,-73.4850782847417
821.6600230312347,-73.48803839382396,-73.48803839382396
821.6700230312348,-73.49100233134214,-73.49100233134214
821.6800230312348,-73.4939700902127,-73.4939700902127
821.6900230312348,-73.4969416631599,-73.4969416631599
821.7000230312348,-73.49991704274885,-73.49991704274885
821.7100230312348,-73.50288980769275,-73.50288980769275
821.7200230312347,-73.50585713806349,-73.50585713806349
821.7300230312347,-73.50881765376488,-73.50881765376488
821.7400230312347,-73.51177064114862,-73.51177064114862
821.7500230312347,-73.5147157579207,-73.5147157579207
821.7600230312347,-73.51765287990482,-73.51765287990482
821.7700230312347,-73.5205820112364,-73.5205820112364
821.7800230312347,-73.52350323046196,-73.52350323046196
821.7900230312348,-73.52641665807161,-73.52641665807161
821.8000230312348,-73.52932243705376,-73.52932243705376
821.8100230312348,-73.53222072126734,-73.53222072126734
821.8200230312348,-73.53511166863163,-73.53511166863163
821.8300230312348,-73.53799543717581,-73.53799543717581
821.8400230312348,-73.54087218291586,-73.54087218291586
821.8500230312347,-73.54374205873424,-73.54374205873424
821.8600230312347,-73.54660521395259,-73.54660521395259
821.8700230312347,-73.5494617942329,-73.5494617942329
821.8800230312347,-73.5523119417037,-73.5523119417037
821.8900230312347,-73.55515579521429,-73.55515579521429
821.9000230312347,-73.55799349056109,-73.55799349056109
821.9100230312347,-73.56082516083055,-73.56082516083055
821.9200230312348,-73.56365093660506,-73.56365093660506
821.9300230312348,-73.5664709462667,-73.5664709462667
821.9400230312348,-73.56928531618955,-73.56928531618955
821.9500230550766,-73.57209417762482,-73.57209417762482
821.9600230550766,-73.57489122040609,-73.57489122040609
821.9700230550766,-73.5776737581436,-73.5776737581436
821.9800230550766,-73.5804405377297,-73.5804405377297
821.9900230550766,-73.58319097204124,-73.58319097204124
822.0000230550766,-73.58592484463439,-73.58592484463439
822.0100230550765,-73.58864215644019,-73.58864215644019
822.0200230550766,-73.59134303592808,-73.59134303592808
822.0300230550766,-73.59402768520107,-73.59402768520107
822.0400230550766,-73.59669634750095,-73.59669634750095
822.0500230550766,-73.59934928776704,-73.59934928776704
822.0600230550766,-73.6019867810548,-73.6019867810548
822.0700230550766,-73.60460910567497,-73.60460910567497
822.0800230550766,-73.60721653929964,-73.60721653929964
822.0900230550766,-73.6098093567766,-73.6098093567766
822.1000230550766,-73.6123878290561,-73.6123878290561
822.1100230550766,-73.61495222270632,-73.61495222270632
822.1200230550766,-73.61750279985807,-73.61750279985807
822.1300230550765,-73.62003981829014,-73.62003981829014
822.1400230550767,-73.62256353167885,-73.62256353167885
822.1500230550766,-73.62507418983556,-73.62507418983556
822.1600230550766,-73.62757203897829,-73.62757203897829
822.1700230550766,-73.6300573220158,-73.6300573220158
822.1800230550766,-73.6325302787611,-73.6325302787611
822.1900230550766,-73.634991146155,-73.634991146155
822.2000230550766,-73.63744015844976,-73.63744015844976
822.2100230550766,-73.63987754735447,-73.63987754735447
822.2200230550766,-73.64230354217636,-73.64230354217636
822.2300230550766,-73.64471836993242,-73.64471836993242
822.2400230550766,-73.64712225542455,-73.64712225542455
822.2500230550766,-73.64951542133547,-73.64951542133547
822.2600230550765,-73.65189808826466,-73.65189808826466
822.2700230550766,-73.65427047477765,-73.65427047477765
822.2800230550766,-73.65663279746084,-73.65663279746084
822.2900230550766,-73.65898527092705,-73.65898527092705
822.3000230550766,-73.66132810783239,-73.66132810783239
822.3100230550766,-73.66366151891883,-73.66366151891883
822.3200230550766,-73.66598571297887,-73.66598571297887
822.3300230550766,-73.6683008968894,-73.6683008968894
822.3400230550766,-73.67060727562429,-73.67060727562429
822.3500230550766,-73.67290505220745,-73.67290505220745
822.3600230550766,-73.67519442775072,-73.67519442775072
822.3700230550766,-73.67747560143752,-73.67747560143752
822.3800230550765,-73.67974877050423,-73.67974877050423
822.3900230550767,-73.68201413025092,-73.68201413025092
822.4000230550766,-73.6842718740439,-73.6842718740439
822.4100230550766,-73.68652219325931,-73.68652219325931
822.4200230550766,-73.68876527734041,-73.68876527734041
822.4300230550766,-73.69100131374562,-73.69100131374562
822.4400230550766,-73.69323048796872,-73.69323048796872
822.4500230550766,-73.6954529835082,-73.6954529835082
822.4600230550766,-73.6976625529911,-73.6976625529911
822.4700230550766,-73.69985655832747,-73.69985655832747
822.4800230550766,-73.70203380321513,-73.70203380321513
822.4900230550766,-73.70419375768185,-73.70419375768185
822.5000230550766,-73.70633626220025,-73.70633626220025
822.5100230550765,-73.70846137407247,-73.70846137407247
822.5200230550766,-73.71056927737807,-73.71056927737807
822.5300230550766,-73.71266022891946,-73.71266022891946
822.5400230550766,-73.71473452568243,-73.71473452568243
822.5500230550766,-73.7167924853111,-73.7167924853111
822.5600230550766,-73.71883443448944,-73.71883443448944
822.5700230550766,-73.72086070207277,-73.72086070207277
822.5800230550766,-73.72287161514143,-73.72287161514143
822.5900230550766,-73.72486749689162,-73.72486749689162
822.6000230550766,-73.72684866548028,-73.72684866548028
822.6100230550766,-73.72881543361831,-73.72881543361831
822.6200230550766,-73.73076810846705,-73.73076810846705
822.6300230550765,-73.73270699178974,-73.73270699178974
822.6400230550767,-73.73463238016241,-73.73463238016241
822.6500230550766,-73.7365445652841,-73.7365445652841
822.6600230550766,-73.73844383422609,-73.73844383422609
822.6700230550766,-73.74033046974925,-73.74033046974925
822.6800230550766,-73.74220475053666,-73.74220475053666
822.6900230550766,-73.74406695141987,-73.74406695141987
822.7000230550766,-73.74591734362369,-73.74591734362369
822.7100230550766,-73.74775619488786,-73.74775619488786
822.7200230550766,-73.74958376965614,-73.74958376965614
822.7300230550766,-73.7514003291898,-73.7514003291898
822.7400230550766,-73.75320613167831,-73.75320613167831
822.7500230550766,-73.75500143234161,-73.75500143234161
822.7600230550765,-73.75678648349395,-73.75678648349395
822.7700230550766,-73.75856153462196,-73.75856153462196
822.7800230550766,-73.76032683243791,-73.76032683243791
822.7900230550766,-73.76208262091943,-73.76208262091943
822.8000230789185,-73.763829145497,-73.763829145497
822.8100230789184,-73.76556663645036,-73.76556663645036
822.8200230789184,-73.76729533393826,-73.76729533393826
822.8300230789184,-73.76901547133004,-73.76901547133004
822.8400230789184,-73.77072727938535,-73.77072727938535
822.8500230789184,-73.77243098629707,-73.77243098629707
822.8600230789184,-73.77412681767854,-73.77412681767854
822.8700230789185,-73.77581499658878,-73.77581499658878
822.8800230789185,-73.7774957435475,-73.7774957435475
822.8900230789185,-73.77916927651985,-73.77916927651985
822.9000230789185,-73.78083581095537,-73.78083581095537
822.9100230789185,-73.78249555979247,-73.78249555979247
822.9200230789185,-73.78414873343644,-73.78414873343644
822.9300230789185,-73.78579553979891,-73.78579553979891
822.9400230789184,-73.7874361842829,-73.7874361842829
822.9500230789184,-73.7890708698157,-73.7890708698157
822.9600230789184,-73.79069979682579,-73.79069979682579
822.9700230789184,-73.79232316328869,-73.79232316328869
822.9800230789184,-73.79394116468902,-73.79394116468902
822.9900230789185,-73.79555399406244,-73.79555399406244
823.0000230789185,-73.79716184201837,-73.79716184201837
823.0100230789185,-73.79876489670598,-73.79876489670598
823.0200230789185,-73.80036334385082,-73.80036334385082
823.0300230789185,-73.80195736676586,-73.80195736676586
823.0400230789185,-73.80354714635722,-73.80354714635722
823.0500230789185,-73.80513286113192,-73.80513286113192
823.0600230789184,-73.80671468724123,-73.80671468724123
823.0700230789184,-73.80829279843805,-73.80829279843805
823.0800230789184,-73.80986736613704,-73.80986736613704
823.0900230789184,-73.8114385594044,-73.8114385594044
823.1000230789184,-73.81300654499327,-73.81300654499327
823.1100230789184,-73.81457148732525,-73.81457148732525
823.1200230789185,-73.81613354853609,-73.81613354853609
823.1300230789185,-73.81769288848531,-73.81769288848531
823.1400230789185,-73.81924966475904,-73.81924966475904
823.1500230789185,-73.82080403269708,-73.82080403269708
823.1600230789185,-73.82235614540589,-73.82235614540589
823.1700230789185,-73.82390615377263,-73.82390615377263
823.1800230789185,-73.8254542065028,-73.8254542065028
823.1900230789184,-73.8270004500925,-73.8270004500925
823.2000230789184,-73.82854502889315,-73.82854502889315
823.2100230789184,-73.83008164636733,-73.83008164636733
823.2200230789184,-73.83160762205065,-73.83160762205065
823.2300230789184,-73.83312171976405,-73.83312171976405
823.2400230789185,-73.83462337076516,-73.83462337076516
823.2500230789185,-73.83611237732539,-73.83611237732539
823.2600230789185,-73.8375887588116,-73.8375887588116
823.2700230789185,-73.83905266146606,-73.83905266146606
823.2800230789185,-73.84050430428934,-73.84050430428934
823.2900230789185,-73.84194394639785,-73.84194394639785
823.3000230789185,-73.8433718675355,-73.8433718675355
823.3100230789184,-73.84478835638711,-73.84478835638711
823.3200230789184,-73.84619370377004,-73.84619370377004
823.3300230789184,-73.8475881986844,-73.8475881986844
823.3400230789184,-73.84897212619947,-73.84897212619947
823.3500230789184,-73.85034576634511,-73.85034576634511
823.3600230789184,-73.85170939371397,-73.85170939371397
823.3700230789185,-73.85306327737499,-73.85306327737499
823.3800230789185,-73.85440768105622,-73.85440768105622
823.3900230789185,-73.85574286335554,-73.85574286335554
823.4000230789185,-73.85706907807084,-73.85706907807084
823.4100230789185,-73.85838657449338,-73.85838657449338
823.4200230789185,-73.85969559770196,-73.85969559770196
823.4300230789185,-73.86099638884112,-73.86099638884112
823.4400230789184,-73.86228918535579,-73.86228918535579
823.4500230789184,-73.86357422120884,-73.86357422120884
823.4600230789184,-73.86484528604788,-73.86484528604788
823.4700230789184,-73.86609978649129,-73.86609978649129
823.4800230789184,-73.86733657329697,-73.86733657329697
823.4900230789185,-73.86855516420722,-73.86855516420722
823.5000230789185,-73.8697554474742,-73.8697554474742
823.5100230789185,-73.87093752793379,-73.87093752793379
823.5200230789185,-73.87210163679268,-73.87210163679268
823.5300230789185,-73.8732480774719,-73.8732480774719
823.5400230789185,-73.87437719305717,-73.87437719305717
823.5500230789185,-73.87548934675404,-73.87548934675404
823.5600230789184,-73.87658491025805,-73.87658491025805
823.5700230789184,-73.87766425690755,-73.87766425690755
823.5800230789184,-73.87872775780113,-73.87872775780113
823.5900230789184,-73.87977577962131,-73.87977577962131
823.6000230789184,-73.8808086835619,-73.8808086835619
823.6100230789184,-73.88182682492213,-73.88182682492213
823.6200230789185,-73.88283055301888,-73.88283055301888
823.6300230789185,-73.88382021135587,-73.88382021135587
823.6400230789185,-73.8847961378162,-73.8847961378162
823.6500231027603,-73.88575866731142,-73.88575866731142
823.6600231027603,-73.88670812280958,-73.88670812280958
823.6700231027603,-73.88764482954377,-73.88764482954377
823.6800231027603,-73.8885691059373,-73.8885691059373
823.6900231027603,-73.88948126620845,-73.88948126620845
823.7000231027603,-73.89038162053717,-73.89038162053717
823.7100231027603,-73.89127047528815,-73.89127047528815
823.7200231027604,-73.892148133132,-73.892148133132
823.7300231027604,-73.89301489318689,-73.89301489318689
823.7400231027603,-73.893871051115,-73.893871051115
823.7500231027603,-73.89471689923909,-73.89471689923909
823.7600231027603,-73.89555272658994,-73.89555272658994
823.7700231027603,-73.89637881900316,-73.89637881900316
823.7800231027603,-73.89719545913186,-73.89719545913186
823.7900231027603,-73.89800292653769,-73.89800292653769
823.8000231027603,-73.89880149768919,-73.89880149768919
823.8100231027603,-73.89959144600688,-73.89959144600688
823.8200231027603,-73.90037304188346,-73.90037304188346
823.8300231027603,-73.90114655272198,-73.90114655272198
823.8400231027604,-73.90191224292171,-73.90191224292171
823.8500231027604,-73.90267037392147,-73.90267037392147
823.8600231027604,-73.9034212041927,-73.9034212041927
823.8700231027603,-73.90416498927044,-73.90416498927044
823.8800231027603,-73.90490198173765,-73.90490198173765
823.8900231027603,-73.90563243123832,-73.90563243123832
823.9000231027603,-73.9063565845092,-73.9063565845092
823.9100231027603,-73.90707468537072,-73.90707468537072
823.9200231027603,-73.90778697472919,-73.90778697472919
823.9300231027603,-73.90849369058311,-73.90849369058311
823.9400231027603,-73.90919506805406,-73.90919506805406
823.9500231027603,-73.90989133935821,-73.90989133935821
823.9600231027603,-73.91058273385754,-73.91058273385754
823.9700231027604,-73.91126947803282,-73.91126947803282
823.9800231027604,-73.91195179550326,-73.91195179550326
823.9900231027603,-73.91262990705484,-73.91262990705484
824.0000231027603,-73.91330403062152,-73.91330403062152
824.0100231027603,-73.91397438131183,-73.91397438131183
824.0200231027603,-73.91464117142331,-73.91464117142331
824.0300231027603,-73.91530461045029,-73.91530461045029
824.0400231027603,-73.91596490509106,-73.91596490509106
824.0500231027603,-73.91662225927331,-73.91662225927331
824.0600231027603,-73.91727687415545,-73.91727687415545
824.0700231027603,-73.91792894816184,-73.91792894816184
824.0800231027603,-73.91857867697306,-73.91857867697306
824.0900231027604,-73.91922625355325,-73.91922625355325
824.1000231027604,-73.91987186817038,-73.91987186817038
824.1100231027604,-73.92051570841367,-73.92051570841367
824.1200231027603,-73.92115795918828,-73.92115795918828
824.1300231027603,-73.92179880277828,-73.92179880277828
824.1400231027603,-73.922438418823,-73.922438418823
824.1500231027603,-73.92307698434978,-73.92307698434978
824.1600231027603,-73.92371467380266,-73.92371467380266
824.1700231027603,-73.92435165905265,-73.92435165905265
824.1800231027603,-73.92498810941517,-73.92498810941517
824.1900231027603,-73.92562419167203,-73.92562419167203
824.2000231027603,-73.92626007010624,-73.92626007010624
824.2100231027603,-73.9268959065077,-73.9268959065077
824.2200231027604,-73.92753186018724,-73.92753186018724
824.2300231027604,-73.92816808802799,-73.92816808802799
824.2400231027603,-73.92880474447753,-73.92880474447753
824.2500231027603,-73.92944198157994,-73.92944198157994
824.2600231027603,-73.93007994900039,-73.93007994900039
824.2700231027603,-73.93071879405123,-73.93071879405123
824.2800231027603,-73.93135866170245,-73.93135866170245
824.2900231027603,-73.9319996946185,-73.9319996946185
824.3000231027603,-73.93264203316551,-73.93264203316551
824.3100231027603,-73.93328581544422,-73.93328581544422
824.3200231027603,-73.93393117731736,-73.93393117731736
824.3300231027603,-73.934578252422,-73.934578252422
824.3400231027604,-73.93522717219395,-73.93522717219395
824.3500231027604,-73.93587806591354,-73.93587806591354
824.3600231027604,-73.9365310606788,-73.9365310606788
824.3700231027603,-73.93718628148385,-73.93718628148385
824.3800231027603,-73.93784385121153,-73.93784385121153
824.3900231027603,-73.93850389065436,-73.93850389065436
824.4000231027603,-73.93916651855523,-73.93916651855523
824.4100231027603,-73.9398318516176,-73.9398318516176
824.4200231027603,-73.94050000453527,-73.94050000453527
824.4300231027603,-73.9411710900094,-73.9411710900094
824.4400231027603,-73.94184521878061,-73.94184521878061
824.4500231027603,-73.94252249963696,-73.94252249963696
824.4600231027603,-73.94320303944659,-73.94320303944659
824.4700231027604,-73.94388694319413,-73.94388694319413
824.4800231027604,-73.94457431397336,-73.94457431397336
824.4900231027603,-73.9452652530361,-73.9452652530361
824.5000231266022,-73.94595986144792,-73.94595986144792
824.5100231266022,-73.9466582335308,-73.9466582335308
824.5200231266022,-73.94736046673226,-73.94736046673226
824.5300231266021,-73.94806665512237,-73.94806665512237
824.5400231266021,-73.94877689101786,-73.94877689101786
824.5500231266021,-73.94949126501444,-73.94949126501444
824.5600231266021,-73.95020986601625,-73.95020986601625
824.5700231266022,-73.9509327812353,-73.9509327812353
824.5800231266022,-73.95166009625879,-73.95166009625879
824.5900231266022,-73.95239189500828,-73.95239189500828
824.6000231266022,-73.95312825980251,-73.95312825980251
824.6100231266022,-73.95386927137312,-73.95386927137312
824.6200231266022,-73.95461500887482,-73.95461500887482
824.6300231266022,-73.95536554991148,-73.95536554991148
824.6400231266022,-73.95612097056159,-73.95612097056159
824.6500231266022,-73.95688134538126,-73.95688134538126
824.6600231266021,-73.957646747456,-73.957646747456
824.6700231266021,-73.95841724837847,-73.95841724837847
824.6800231266021,-73.95919291830289,-73.95919291830289
824.6900231266022,-73.95997382593873,-73.95997382593873
824.7000231266022,-73.9607600386058,-73.9607600386058
824.7100231266022,-73.96155162221048,-73.96155162221048
824.7200231266022,-73.96234864129593,-73.96234864129593
824.7300231266022,-73.96315115904252,-73.96315115904252
824.7400231266022,-73.9639592372938,-73.9639592372938
824.7500231266022,-73.96477293657708,-73.96477293657708
824.7600231266022,-73.96559231611755,-73.96559231611755
824.7700231266022,-73.96641743385929,-73.96641743385929
824.7800231266021,-73.96724834647904,-73.96724834647904
824.7900231266021,-73.96808510939289,-73.96808510939289
824.8000231266021,-73.9689277768137,-73.9689277768137
824.8100231266021,-73.969776401728,-73.969776401728
824.8200231266022,-73.97063103591582,-73.97063103591582
824.8300231266022,-73.97149172999298,-73.97149172999298
824.8400231266022,-73.9723585334038,-73.9723585334038
824.8500231266022,-73.97323149444772,-73.97323149444772
824.8600231266022,-73.97411066028967,-73.97411066028967
824.8700231266022,-73.97499607698893,-73.97499607698893
824.8800231266022,-73.97588778950562,-73.97588778950562
824.8900231266022,-73.97678584170275,-73.97678584170275
824.9000231266022,-73.9776902763997,-73.9776902763997
824.9100231266021,-73.97860113534543,-73.97860113534543
824.9200231266021,-73.97951845925249,-73.97951845925249
824.9300231266021,-73.9804422878183,-73.9804422878183
824.9400231266022,-73.98137265972721,-73.98137265972721
824.9500231266022,-73.9823096126775,-73.9823096126775
824.9600231266022,-73.98324673270137,-73.98324673270137
824.9700231266022,-73.98418123140844,-73.98418123140844
824.9800231266022,-73.98511176906159,-73.98511176906159
824.9900231266022,-73.98603767596808,-73.98603767596808
825.0000231266022,-73.98695865535194,-73.98695865535194
825.0100231266022,-73.98787462905499,-73.98787462905499
825.0200231266022,-73.98878564711369,-73.98878564711369
825.0300231266021,-73.98969183341825,-73.98969183341825
825.0400231266021,-73.99059335303613,-73.99059335303613
825.0500231266021,-73.99149039262059,-73.99149039262059
825.0600231266021,-73.99238314872592,-73.99238314872592
825.0700231266022,-73.99327182094211,-73.99327182094211
825.0800231266022,-73.99415660799062,-73.99415660799062
825.0900231266022,-73.99503770553034,-73.99503770553034
825.1000231266022,-73.99591530513653,-73.99591530513653
825.1100231266022,-73.99678959383573,-73.99678959383573
825.1200231266022,-73.99766075408236,-73.99766075408236
825.1300231266022,-73.9985289638688,-73.9985289638688
825.1400231266022,-73.99939439701296,-73.99939439701296
825.1500231266022,-74.00025722343912,-74.00025722343912
825.1600231266021,-74.0011176095127,-74.0011176095127
825.1700231266021,-74.001975718289,-74.001975718289
825.1800231266021,-74.00283170982287,-74.00283170982287
825.1900231266022,-74.00368574139178,-74.00368574139178
825.2000231266022,-74.0045379677238,-74.0045379677238
825.2100231266022,-74.00538854117087,-74.00538854117087
825.2200231266022,-74.00623761187016,-74.00623761187016
825.2300231266022,-74.0070853278812,-74.0070853278812
825.2400231266022,-74.00793183531572,-74.00793183531572
825.2500231266022,-74.0087772784101,-74.0087772784101
825.2600231266022,-74.00962179961891,-74.00962179961891
825.2700231266022,-74.01046553967818,-74.01046553967818
825.2800231266021,-74.01130863767104,-74.01130863767104
825.2900231266021,-74.01215123107238,-74.01215123107238
825.3000231266021,-74.01299345576273,-74.01299345576273
825.3100231266021,-74.01383544608814,-74.01383544608814
825.3200231266022,-74.01467733486092,-74.01467733486092
825.3300231266022,-74.01551925340445,-74.01551925340445
825.3400231266022,-74.01636133155543,-74.01636133155543
825.350023150444,-74.01720369966044,-74.01720369966044
825.360023150444,-74.01804648060372,-74.01804648060372
825.370023150444,-74.01888980181742,-74.01888980181742
825.380023150444,-74.01973378727483,-74.01973378727483
825.390023150444,-74.02057855950605,-74.02057855950605
825.400023150444,-74.02142423957713,-74.02142423957713
825.410023150444,-74.02227094713405,-74.02227094713405
825.4200231504441,-74.02311880034888,-74.02311880034888
825.4300231504441,-74.02396791597928,-74.02396791597928
825.4400231504441,-74.02481840931763,-74.02481840931763
825.450023150444,-74.0256703942302,-74.0256703942302
825.460023150444,-74.02651752879858,-74.02651752879858
825.470023150444,-74.02735709842797,-74.02735709842797
825.480023150444,-74.02818783756238,-74.02818783756238
825.490023150444,-74.02900915057934,-74.02900915057934
825.500023150444,-74.02982081447769,-74.02982081447769
825.510023150444,-74.03062282450841,-74.03062282450841
825.520023150444,-74.03141530365079,-74.03141530365079
825.530023150444,-74.03219844826556,-74.03219844826556
825.5400231504441,-74.03297249534542,-74.03297249534542
825.5500231504441,-74.03373770296798,-74.03373770296798
825.5600231504441,-74.0344943385115,-74.0344943385115
825.5700231504441,-74.0352426718606,-74.0352426718606
825.580023150444,-74.03598297140834,-74.03598297140834
825.590023150444,-74.03671550193178,-74.03671550193178
825.600023150444,-74.03744052349839,-74.03744052349839
825.610023150444,-74.03815829102676,-74.03815829102676
825.620023150444,-74.0388690542325,-74.0388690542325
825.630023150444,-74.03957305777887,-74.03957305777887
825.640023150444,-74.04027054149309,-74.04027054149309
825.650023150444,-74.0409617406967,-74.0409617406967
825.660023150444,-74.04164688649003,-74.04164688649003
825.6700231504441,-74.04232620604758,-74.04232620604758
825.6800231504441,-74.04299992288497,-74.04299992288497
825.6900231504441,-74.04366825709701,-74.04366825709701
825.700023150444,-74.04433142556309,-74.04433142556309
825.710023150444,-74.04498964215408,-74.04498964215408
825.720023150444,-74.04564311784861,-74.04564311784861
825.730023150444,-74.0462920609056,-74.0462920609056
825.740023150444,-74.04693667697882,-74.04693667697882
825.750023150444,-74.04757716917787,-74.04757716917787
825.760023150444,-74.04821373817457,-74.04821373817457
825.770023150444,-74.0488465822831,-74.0488465822831
825.780023150444,-74.04947589748205,-74.04947589748205
825.7900231504441,-74.05010187747935,-74.05010187747935
825.8000231504441,-74.05072471377511,-74.05072471377511
825.8100231504441,-74.0513445956376,-74.0513445956376
825.8200231504441,-74.05196171016976,-74.05196171016976
825.830023150444,-74.05257624232958,-74.05257624232958
825.840023150444,-74.05318837493228,-74.05318837493228
825.850023150444,-74.05379828866563,-74.05379828866563
825.860023150444,-74.05440616212896,-74.05440616212896
825.870023150444,-74.05501217180135,-74.05501217180135
825.880023150444,-74.05552465586915,-74.05552465586915
825.890023150444,-74.05590771948995,-74.05590771948995
825.900023150444,-74.0561463389465,-74.0561463389465
825.910023150444,-74.05623443841075,-74.05623443841075
825.9200231504441,-74.05617062747132,-74.05617062747132
825.9300231504441,-74.05595618410513,-74.05595618410513
825.9400231504441,-74.05559392049557,-74.05559392049557
825.950023150444,-74.05508750002177,-74.05508750002177
825.960023150444,-74.05444101797127,-74.05444101797127
825.970023150444,-74.05365874468934,-74.05365874468934
825.980023150444,-74.05274497053514,-74.05274497053514
825.990023150444,-74.05170391484278,-74.05170391484278
826.000023150444,-74.05053967495506,-74.05053967495506
826.010023150444,-74.04925620023675,-74.04925620023675
826.020023150444,-74.04785728139908,-74.04785728139908
826.030023150444,-74.04634654903388,-74.04634654903388
826.0400231504441,-74.04472747748616,-74.04472747748616
826.0500231504441,-74.04300339169312,-74.04300339169312
826.0600231504441,-74.04117747540809,-74.04117747540809
826.0700231504441,-74.03925278001866,-74.03925278001866
826.080023150444,-74.03723223324933,-74.03723223324933
826.090023150444,-74.03511864762517,-74.03511864762517
826.100023150444,-74.03291472837675,-74.03291472837675
826.110023150444,-74.03062308081618,-74.03062308081618
826.120023150444,-74.02824621713805,-74.02824621713805
826.130023150444,-74.02578656262638,-74.02578656262638
826.140023150444,-74.0232464613584,-74.0232464613584
826.150023150444,-74.02062818136969,-74.02062818136969
826.160023150444,-74.01793391938592,-74.01793391938592
826.1700231504441,-74.0151658051337,-74.0151658051337
826.1800231504441,-74.01232590528741,-74.01232590528741
826.1900231504441,-74.00941622702027,-74.00941622702027
826.2000231742859,-74.00643871421259,-74.00643871421259
826.2100231742859,-74.00339527857474,-74.00339527857474
826.2200231742859,-74.00028776072193,-74.00028776072193
826.2300231742859,-73.99711796003751,-73.99711796003751
826.2400231742859,-73.99388763034048,-73.99388763034048
826.2500231742858,-73.99059848199077,-73.99059848199077
826.2600231742858,-73.98725218387584,-73.98725218387584
826.2700231742859,-73.98385036522014,-73.98385036522014
826.2800231742859,-73.98039461724115,-73.98039461724115
826.2900231742859,-73.97688649473854,-73.97688649473854
826.3000231742859,-73.97332751751442,-73.97332751751442
826.3100231742859,-73.96971917173697,-73.96971917173697
826.3200231742859,-73.96606291117651,-73.96606291117651
826.3300231742859,-73.96236015836504,-73.96236015836504
826.3400231742859,-73.95861230568258,-73.95861230568258
826.3500231742859,-73.95482071638436,-73.95482071638436
826.3600231742859,-73.95098672552909,-73.95098672552909
826.3700231742858,-73.94711164089772,-73.94711164089772
826.3800231742858,-73.94319674380014,-73.94319674380014
826.390023174286,-73.93924328988666,-73.93924328988666
826.4000231742859,-73.93525250987139,-73.93525250987139
826.4100231742859,-73.93122561024266,-73.93122561024266
826.4200231742859,-73.92716377392435,-73.92716377392435
826.4300231742859,-73.9230681608911,-73.9230681608911
826.4400231742859,-73.91893990877415,-73.91893990877415
826.4500231742859,-73.91478013343317,-73.91478013343317
826.4600231742859,-73.91058992946999,-73.91058992946999
826.4700231742859,-73.90637037075525,-73.90637037075525
826.4800231742859,-73.90212251091135,-73.90212251091135
826.4900231742859,-73.89784738377436,-73.89784738377436
826.5000231742858,-73.89354600385688,-73.89354600385688
826.5100231742858,-73.88921936676856,-73.88921936676856
826.5200231742859,-73.88486844961524,-73.88486844961524
826.5300231742859,-73.88049421139343,-73.88049421139343
826.5400231742859,-73.87609759339513,-73.87609759339513
826.5500231742859,-73.87167951954753,-73.87167951954753
826.5600231742859,-73.86724089675802,-73.86724089675802
826.5700231742859,-73.86278261530036,-73.86278261530036
826.5800231742859,-73.85830554908043,-73.85830554908043
826.5900231742859,-73.85381055601805,-73.85381055601805
826.6000231742859,-73.84929847829927,-73.84929847829927
826.6100231742859,-73.84477014272319,-73.84477014272319
826.6200231742858,-73.84022636095678,-73.84022636095678
826.6300231742858,-73.83566792983147,-73.83566792983147
826.640023174286,-73.8310956316214,-73.8310956316214
826.6500231742859,-73.82651023430597,-73.82651023430597
826.6600231742859,-73.82191249182372,-73.82191249182372
826.6700231742859,-73.81730314433358,-73.81730314433358
826.6800231742859,-73.81268291846071,-73.81268291846071
826.6900231742859,-73.80805252752043,-73.80805252752043
826.7000231742859,-73.80341267179203,-73.80341267179203
826.7100231742859,-73.79875762209981,-73.79875762209981
826.7200231742859,-73.79408525770168,-73.79408525770168
826.7300231742859,-73.78939488995516,-73.78939488995516
826.7400231742859,-73.78468648508024,-73.78468648508024
826.7500231742858,-73.77996036821563,-73.77996036821563
826.7600231742858,-73.7752170701434,-73.7752170701434
826.7700231742859,-73.77045723752956,-73.77045723752956
826.7800231742859,-73.76568157920455,-73.76568157920455
826.7900231742859,-73.76089083388476,-73.76089083388476
826.8000231742859,-73.75608575095521,-73.75608575095521
826.8100231742859,-73.75126707908215,-73.75126707908215
826.8200231742859,-73.74643555960981,-73.74643555960981
826.8300231742859,-73.74159192289319,-73.74159192289319
826.8400231742859,-73.73673688636185,-73.73673688636185
826.8500231742859,-73.73187115361046,-73.73187115361046
826.8600231742859,-73.72699541421859,-73.72699541421859
826.8700231742858,-73.72211034382973,-73.72211034382973
826.8800231742858,-73.71721660448705,-73.71721660448705
826.890023174286,-73.71231484507808,-73.71231484507808
826.9000231742859,-73.7074057017691,-73.7074057017691
826.9100231742859,-73.7024897984688,-73.7024897984688
826.9200231742859,-73.69756774729547,-73.69756774729547
826.9300231742859,-73.69264014896761,-73.69264014896761
826.9400231742859,-73.68770759322743,-73.68770759322743
826.9500231742859,-73.68277065917026,-73.68277065917026
826.9600231742859,-73.67782351183128,-73.67782351183128
826.9700231742859,-73.67286392168553,-73.67286392168553
826.9800231742859,-73.66789109137379,-73.66789109137379
826.9900231742859,-73.66290487968485,-73.66290487968485
827.0000231742858,-73.65790550617956,-73.65790550617956
827.0100231742858,-73.65289339815422,-73.65289339815422
827.0200231742859,-73.64786910109783,-73.64786910109783
827.0300231742859,-73.64283322503309,-73.64283322503309
827.0400231742859,-73.63778641231474,-73.63778641231474
827.0500231981277,-73.63272930631247,-73.63272930631247
827.0600231981277,-73.62766258822803,-73.62766258822803
827.0700231981277,-73.62258689833483,-73.62258689833483
827.0800231981277,-73.6175028802306,-73.6175028802306
827.0900231981277,-73.61241116690927,-73.61241116690927
827.1000231981277,-73.60731237985792,-73.60731237985792
827.1100231981277,-73.60220712875402,-73.60220712875402
827.1200231981278,-73.59709601154573,-73.59709601154573
827.1300231981278,-73.59197961473231,-73.59197961473231
827.1400231981278,-73.58685851371614,-73.58685851371614
827.1500231981278,-73.58173327323381,-73.58173327323381
827.1600231981278,-73.57660444774807,-73.57660444774807
827.1700231981278,-73.57147258185196,-73.57147258185196
827.1800231981277,-73.56633821064271,-73.56633821064271
827.1900231981277,-73.561201860031,-73.561201860031
827.2000231981277,-73.55606404708342,-73.55606404708342
827.2100231981277,-73.55092528028007,-73.55092528028007
827.2200231981277,-73.54578605975355,-73.54578605975355
827.2300231981277,-73.54064687752147,-73.54064687752147
827.2400231981278,-73.53550821769537,-73.53550821769537
827.2500231981278,-73.53037055663158,-73.53037055663158
827.2600231981278,-73.52523436311856,-73.52523436311856
827.2700231981278,-73.52010009851519,-73.52010009851519
827.2800231981278,-73.51496821688009,-73.51496821688009
827.2900231981278,-73.5098391651029,-73.5098391651029
827.3000231981277,-73.50471338301323,-73.50471338301323
827.3100231981277,-73.49959130349028,-73.49959130349028
827.3200231981277,-73.49447335254521,-73.49447335254521
827.3300231981277,-73.48935994944533,-73.48935994944533
827.3400231981277,-73.48425150676537,-73.48425150676537
827.3500231981277,-73.4791484305033,-73.4791484305033
827.3600231981277,-73.47405112015026,-73.47405112015026
827.3700231981278,-73.46895996874524,-73.46895996874524
827.3800231981278,-73.46387536298184,-73.46387536298184
827.3900231981278,-73.45879768326562,-73.45879768326562
827.4000231981278,-73.45372730378784,-73.45372730378784
827.4100231981278,-73.44866459257904,-73.44866459257904
827.4200231981278,-73.44360991160545,-73.44360991160545
827.4300231981277,-73.43856361680682,-73.43856361680682
827.4400231981277,-73.43352605818501,-73.43352605818501
827.4500231981277,-73.42849757984968,-73.42849757984968
827.4600231981277,-73.42347214111946,-73.42347214111946
827.4700231981277,-73.41844729892897,-73.41844729892897
827.4800231981277,-73.41342204125982,-73.41342204125982
827.4900231981278,-73.40839601352778,-73.40839601352778
827.5000231981278,-73.40336922412192,-73.40336922412192
827.5100231981278,-73.39834189174256,-73.39834189174256
827.5200231981278,-73.3933143560622,-73.3933143560622
827.5300231981278,-73.38828702412587,-73.38828702412587
827.5400231981278,-73.383260338171,-73.383260338171
827.5500231981277,-73.37823475637201,-73.37823475637201
827.5600231981277,-73.37321074141997,-73.37321074141997
827.5700231981277,-73.36818875388062,-73.36818875388062
827.5800231981277,-73.36316924838829,-73.36316924838829
827.5900231981277,-73.35815267165283,-73.35815267165283
827.6000231981277,-73.35313946149759,-73.35313946149759
827.6100231981277,-73.34813004652595,-73.34813004652595
827.6200231981278,-73.34312484617024,-73.34312484617024
827.6300231981278,-73.3381242709082,-73.3381242709082
827.6400231981278,-73.33312872261472,-73.33312872261472
827.6500231981278,-73.32813859489323,-73.32813859489323
827.6600231981278,-73.32315427351503,-73.32315427351503
827.6700231981278,-73.31817613673476,-73.31817613673476
827.6800231981277,-73.31320455562641,-73.31320455562641
827.6900231981277,-73.30823989443688,-73.30823989443688
827.7000231981277,-73.30328251080174,-73.30328251080174
827.7100231981277,-73.29832638865568,-73.29832638865568
827.7200231981277,-73.29336910317794,-73.29336910317794
827.7300231981277,-73.28840965793275,-73.28840965793275
827.7400231981278,-73.28344771269926,-73.28344771269926
827.7500231981278,-73.27848328955517,-73.27848328955517
827.7600231981278,-73.27351662056566,-73.27351662056566
827.7700231981278,-73.26854805864669,-73.26854805864669
827.7800231981278,-73.26357802407023,-73.26357802407023
827.7900231981278,-73.25860697239445,-73.25860697239445
827.8000231981277,-73.25363537524017,-73.25363537524017
827.8100231981277,-73.24866370892681,-73.24866370892681
827.8200231981277,-73.24369244784778,-73.24369244784778
827.8300231981277,-73.23872206069494,-73.23872206069494
827.8400231981277,-73.23375300847239,-73.23375300847239
827.8500231981277,-73.22878574353118,-73.22878574353118
827.8600231981277,-73.22382070924789,-73.22382070924789
827.8700231981278,-73.21885834003768,-73.21885834003768
827.8800231981278,-73.21389906162025,-73.21389906162025
827.8900231981278,-73.208943291327,-73.208943291327
827.9000232219696,-73.2039914266531,-73.2039914266531
827.9100232219696,-73.1990438928382,-73.1990438928382
827.9200232219696,-73.1941010724181,-73.1941010724181
827.9300232219696,-73.18916335276073,-73.18916335276073
827.9400232219696,-73.18423111452614,-73.18423111452614
827.9500232219696,-73.17930473198038,-73.17930473198038
827.9600232219695,-73.17438457317085,-73.17438457317085
827.9700232219697,-73.16947100020259,-73.16947100020259
827.9800232219696,-73.16456436935214,-73.16456436935214
827.9900232219696,-73.15966503127179,-73.15966503127179
828.0000232219696,-73.15477333111785,-73.15477333111785
828.0100232219696,-73.1498896086645,-73.1498896086645
828.0200232219696,-73.14501419841882,-73.14501419841882
828.0300232219696,-73.14014742973346,-73.14014742973346
828.0400232219696,-73.13528962686073,-73.13528962686073
828.0500232219696,-73.13044110906398,-73.13044110906398
828.0600232219696,-73.12560219067029,-73.12560219067029
828.0700232219696,-73.12077318113619,-73.12077318113619
828.0800232219696,-73.11595438510477,-73.11595438510477
828.0900232219697,-73.11114610246871,-73.11114610246871
828.1000232219696,-73.10634862841188,-73.10634862841188
828.1100232219696,-73.10156225346293,-73.10156225346293
828.1200232219696,-73.09678726353205,-73.09678726353205
828.1300232219696,-73.09202393996286,-73.09202393996286
828.1400232219696,-73.08727255956804,-73.08727255956804
828.1500232219696,-73.0825333946814,-73.0825333946814
828.1600232219696,-73.07780671317643,-73.07780671317643
828.1700232219696,-73.0730927785258,-73.0730927785258
828.1800232219696,-73.06839184982528,-73.06839184982528
828.1900232219696,-73.0637041818416,-73.0637041818416
828.2000232219696,-73.05903002502923,-73.05903002502923
828.2100232219695,-73.05436962559818,-73.05436962559818
828.2200232219697,-73.04972322551752,-73.04972322551752
828.2300232219696,-73.0450910625846,-73.0450910625846
828.2400232219696,-73.0404733704368,-73.0404733704368
828.2500232219696,-73.03587037859056,-73.03587037859056
828.2600232219696,-73.0312823124942,-73.0312823124942
828.2700232219696,-73.02670939355588,-73.02670939355588
828.2800232219696,-73.02215183916974,-73.02215183916974
828.2900232219696,-73.01760986278012,-73.01760986278012
828.3000232219696,-73.01308367387345,-73.01308367387345
828.3100232219696,-73.00857347808517,-73.00857347808517
828.3200232219696,-73.00407947716042,-73.00407947716042
828.3300232219696,-72.99960186904222,-72.99960186904222
828.3400232219697,-72.99514084789372,-72.99514084789372
828.3500232219696,-72.99069660414511,-72.99069660414511
828.3600232219696,-72.98626932451279,-72.98626932451279
828.3700232219696,-72.9818591920572,-72.9818591920572
828.3800232219696,-72.97746638619799,-72.97746638619799
828.3900232219696,-72.9730910827914,-72.9730910827914
828.4000232219696,-72.96873345413114,-72.96873345413114
828.4100232219696,-72.96439366901004,-72.96439366901004
828.4200232219696,-72.96007189272925,-72.96007189272925
828.4300232219696,-72.95576828718616,-72.95576828718616
828.4400232219696,-72.95148301086326,-72.95148301086326
828.4500232219696,-72.94721621889505,-72.94721621889505
828.4600232219695,-72.94296172634554,-72.94296172634554
828.4700232219697,-72.93871692493624,-72.93871692493624
828.4800232219696,-72.93448063074544,-72.93448063074544
828.4900232219696,-72.93025231557527,-72.93025231557527
828.5000232219696,-72.9260318143844,-72.9260318143844
828.5100232219696,-72.92181917349266,-72.92181917349266
828.5200232219696,-72.917614561712,-72.917614561712
828.5300232219696,-72.9134182170279,-72.9134182170279
828.5400232219696,-72.90923041454599,-72.90923041454599
828.5500232219696,-72.90505144732906,-72.90505144732906
828.5600232219696,-72.90088161500819,-72.90088161500819
828.5700232219696,-72.89672121713797,-72.89672121713797
828.5800232219696,-72.89257054944888,-72.89257054944888
828.5900232219697,-72.88842990179504,-72.88842990179504
828.6000232219696,-72.88429955722923,-72.88429955722923
828.6100232219696,-72.88017979162314,-72.88017979162314
828.6200232219696,-72.87607087372078,-72.87607087372078
828.6300232219696,-72.87197306533696,-72.87197306533696
828.6400232219696,-72.86788662170153,-72.86788662170153
828.6500232219696,-72.86381179178203,-72.86381179178203
828.6600232219696,-72.85974881867628,-72.85974881867628
828.6700232219696,-72.8556979399345,-72.8556979399345
828.6800232219696,-72.85165938791266,-72.85165938791266
828.6900232219696,-72.84763339002382,-72.84763339002382
828.7000232219696,-72.8436201690212,-72.8436201690212
828.7100232219695,-72.83961994321726,-72.83961994321726
828.7200232219697,-72.83563292668977,-72.83563292668977
828.7300232219696,-72.83165932946292,-72.83165932946292
828.7400232219696,-72.82769935765305,-72.82769935765305
828.7500232458115,-72.82375320419638,-72.82375320419638
828.7600232458115,-72.81982108664104,-72.81982108664104
828.7700232458114,-72.81590319065752,-72.81590319065752
828.7800232458114,-72.81199970794394,-72.81199970794394
828.7900232458114,-72.80811082680225,-72.80811082680225
828.8000232458114,-72.80423673222097,-72.80423673222097
828.8100232458114,-72.80037760595272,-72.80037760595272
828.8200232458115,-72.79653362654447,-72.79653362654447
828.8300232458115,-72.79270496941284,-72.79270496941284
828.8400232458115,-72.7888918068709,-72.7888918068709
828.8500232458115,-72.78509430817236,-72.78509430817236
828.8600232458115,-72.78131263957094,-72.78131263957094
828.8700232458115,-72.77754696432255,-72.77754696432255
828.8800232458115,-72.77379744274066,-72.77379744274066
828.8900232458114,-72.77006423222628,-72.77006423222628
828.9000232458114,-72.76634748727867,-72.76634748727867
828.9100232458114,-72.7626473595393,-72.7626473595393
828.9200232458114,-72.75896399781932,-72.75896399781932
828.9300232458114,-72.75529754811882,-72.75529754811882
828.9400232458115,-72.7516481536599,-72.7516481536599
828.9500232458115,-72.74801595490513,-72.74801595490513
828.9600232458115,-72.74440108957259,-72.74440108957259
828.9700232458115,-72.74080369267887,-72.74080369267887
828.9800232458115,-72.73722389654998,-72.73722389654998
828.9900232458115,-72.73366183085128,-72.73366183085128
829.0000232458115,-72.7301176226045,-72.7301176226045
829.0100232458115,-72.7265913962175,-72.7265913962175
829.0200232458114,-72.72308327351112,-72.72308327351112
829.0300232458114,-72.71959337371895,-72.71959337371895
829.0400232458114,-72.71612181354621,-72.71612181354621
829.0500232458114,-72.7126687071655,-72.7126687071655
829.0600232458114,-72.70923416624882,-72.70923416624882
829.0700232458115,-72.70581829999882,-72.70581829999882
829.0800232458115,-72.70242121516362,-72.70242121516362
829.0900232458115,-72.6990430160567,-72.6990430160567
829.1000232458115,-72.69568380459296,-72.69568380459296
829.1100232458115,-72.69234368030531,-72.69234368030531
829.1200232458115,-72.68902274036301,-72.68902274036301
829.1300232458115,-72.68572107961852,-72.68572107961852
829.1400232458114,-72.68243879059612,-72.68243879059612
829.1500232458114,-72.67917596354846,-72.67917596354846
829.1600232458114,-72.67593268646219,-72.67593268646219
829.1700232458114,-72.67270904509262,-72.67270904509262
829.1800232458114,-72.66950512297058,-72.66950512297058
829.1900232458115,-72.66632100145479,-72.66632100145479
829.2000232458115,-72.66315675974377,-72.66315675974377
829.2100232458115,-72.66001247486788,-72.66001247486788
829.2200232458115,-72.65688822178254,-72.65688822178254
829.2300232458115,-72.6537840733316,-72.6537840733316
829.2400232458115,-72.65070010029297,-72.65070010029297
829.2500232458115,-72.64763637141063,-72.64763637141063
829.2600232458115,-72.64459295340042,-72.64459295340042
829.2700232458114,-72.64156991100046,-72.64156991100046
829.2800232458114,-72.63856730696496,-72.63856730696496
829.2900232458114,-72.63558520211856,-72.63558520211856
829.3000232458114,-72.63262365535266,-72.63262365535266
829.3100232458114,-72.62968272367192,-72.62968272367192
829.3200232458115,-72.62676246220447,-72.62676246220447
829.3300232458115,-72.62386292422578,-72.62386292422578
829.3400232458115,-72.62098416119358,-72.62098416119358
829.3500232458115,-72.61812622275865,-72.61812622275865
829.3600232458115,-72.6152891567971,-72.6152891567971
829.3700232458115,-72.61247300942291,-72.61247300942291
829.3800232458115,-72.60967782502283,-72.60967782502283
829.3900232458114,-72.60690364628714,-72.60690364628714
829.4000232458114,-72.60415051420014,-72.60415051420014
829.4100232458114,-72.60141846809259,-72.60141846809259
829.4200232458114,-72.59870754565559,-72.59870754565559
829.4300232458114,-72.59601778296665,-72.59601778296665
829.4400232458115,-72.59334921448189,-72.59334921448189
829.4500232458115,-72.59070187312614,-72.59070187312614
829.4600232458115,-72.5880757902381,-72.5880757902381
829.4700232458115,-72.58547099564046,-72.58547099564046
829.4800232458115,-72.58288751764817,-72.58288751764817
829.4900232458115,-72.58032538308103,-72.58032538308103
829.5000232458115,-72.5777846173044,-72.5777846173044
829.5100232458115,-72.57526524423271,-72.57526524423271
829.5200232458114,-72.5727672863527,-72.5727672863527
829.5300232458114,-72.57029076474971,-72.57029076474971
829.5400232458114,-72.56783569913624,-72.56783569913624
829.5500232458114,-72.56540210785788,-72.56540210785788
829.5600232458114,-72.56299000791105,-72.56299000791105
829.5700232458115,-72.56059941497188,-72.56059941497188
829.5800232458115,-72.55823034341807,-72.55823034341807
829.5900232458115,-72.55588280633984,-72.55588280633984
829.6000232696533,-72.55355681003086,-72.55355681003086
829.6100232696533,-72.55125237622943,-72.55125237622943
829.6200232696533,-72.54896950866305,-72.54896950866305
829.6300232696533,-72.54670821548763,-72.54670821548763
829.6400232696533,-72.54446850366668,-72.54446850366668
829.6500232696533,-72.54225037899953,-72.54225037899953
829.6600232696533,-72.5400538461261,-72.5400538461261
829.6700232696534,-72.53787890854149,-72.53787890854149
829.6800232696534,-72.53572556864091,-72.53572556864091
829.6900232696534,-72.53359382771553,-72.53359382771553
829.7000232696533,-72.5314836859667,-72.5314836859667
829.7100232696533,-72.52938883599008,-72.52938883599008
829.7200232696533,-72.52730652827056,-72.52730652827056
829.7300232696533,-72.52523543229398,-72.52523543229398
829.7400232696533,-72.52317487251364,-72.52317487251364
829.7500232696533,-72.52112453723625,-72.52112453723625
829.7600232696533,-72.5190843275571,-72.5190843275571
829.7700232696533,-72.5170542688526,-72.5170542688526
829.7800232696533,-72.51503445766367,-72.51503445766367
829.7900232696534,-72.51302502971846,-72.51302502971846
829.8000232696534,-72.51102614083835,-72.51102614083835
829.8100232696534,-72.5090379555413,-72.5090379555413
829.8200232696533,-72.50706064041431,-72.50706064041431
829.8300232696533,-72.50509436030454,-72.50509436030454
829.8400232696533,-72.50313927629199,-72.50313927629199
829.8500232696533,-72.50119554469633,-72.50119554469633
829.8600232696533,-72.49926331670972,-72.49926331670972
829.8700232696533,-72.49734273839593,-72.49734273839593
829.8800232696533,-72.49543395086987,-72.49543395086987
829.8900232696533,-72.49353709060263,-72.49353709060263
829.9000232696533,-72.491652289747,-72.491652289747
829.9100232696533,-72.48977967647048,-72.48977967647048
829.9200232696534,-72.48791937529168,-72.48791937529168
829.9300232696534,-72.48607150735252,-72.48607150735252
829.9400232696534,-72.48423619069291,-72.48423619069291
829.9500232696533,-72.48241354049273,-72.48241354049273
829.9600232696533,-72.48060366927302,-72.48060366927302
829.9700232696533,-72.47880668706716,-72.47880668706716
829.9800232696533,-72.4770227015767,-72.4770227015767
829.9900232696533,-72.47525181831149,-72.47525181831149
830.0000232696533,-72.473494140692,-72.473494140692
830.0100232696533,-72.4717497701575,-72.4717497701575
830.0200232696533,-72.47001880622327,-72.47001880622327
830.0300232696533,-72.46830134657493,-72.46830134657493
830.0400232696534,-72.46659748711448,-72.46659748711448
830.0500232696534,-72.46490732200725,-72.46490732200725
830.0600232696534,-72.46323094373045,-72.46323094373045
830.0700232696533,-72.461568443103,-72.461568443103
830.0800232696533,-72.45991990931537,-72.45991990931537
830.0900232696533,-72.45828542995847,-72.45828542995847
830.1000232696533,-72.4566650910471,-72.4566650910471
830.1100232696533,-72.45505897701958,-72.45505897701958
830.1200232696533,-72.45346717078463,-72.45346717078463
830.1300232696533,-72.45188975369317,-72.45188975369317
830.1400232696533,-72.45032680559164,-72.45032680559164
830.1500232696533,-72.44877840481186,-72.44877840481186
830.1600232696533,-72.44724462817902,-72.44724462817902
830.1700232696534,-72.44572555101455,-72.44572555101455
830.1800232696534,-72.44422124717109,-72.44422124717109
830.1900232696534,-72.44273178899392,-72.44273178899392
830.2000232696533,-72.44125724737268,-72.44125724737268
830.2100232696533,-72.4397976917174,-72.4397976917174
830.2200232696533,-72.4383531899895,-72.4383531899895
830.2300232696533,-72.4369238086757,-72.4369238086757
830.2400232696533,-72.43550961282203,-72.43550961282203
830.2500232696533,-72.43411066602914,-72.43411066602914
830.2600232696533,-72.43272703046986,-72.43272703046986
830.2700232696533,-72.4313587668612,-72.4313587668612
830.2800232696533,-72.43000593451877,-72.43000593451877
830.2900232696534,-72.42866859131959,-72.42866859131959
830.3000232696534,-72.42734679375646,-72.42734679375646
830.3100232696534,-72.4260405969009,-72.4260405969009
830.3200232696533,-72.42475005442,-72.42475005442
830.3300232696533,-72.42347521861858,-72.42347521861858
830.3400232696533,-72.42221614039644,-72.42221614039644
830.3500232696533,-72.42097286930401,-72.42097286930401
830.3600232696533,-72.41974545351538,-72.41974545351538
830.3700232696533,-72.4185339398567,-72.4185339398567
830.3800232696533,-72.4173383738099,-72.4173383738099
830.3900232696533,-72.41615879951958,-72.41615879951958
830.4000232696533,-72.41499525981486,-72.41499525981486
830.4100232696533,-72.41384779619399,-72.41384779619399
830.4200232696534,-72.4127164488653,-72.4127164488653
830.4300232696534,-72.41160125674854,-72.41160125674854
830.4400232696534,-72.41050225746156,-72.41050225746156
830.4500232934952,-72.40941948478259,-72.40941948478259
830.4600232934952,-72.40835297901806,-72.40835297901806
830.4700232934952,-72.40730277137015,-72.40730277137015
830.4800232934952,-72.40626889444336,-72.40626889444336
830.4900232934951,-72.40525137963034,-72.40525137963034
830.5000232934951,-72.40425025708093,-72.40425025708093
830.5100232934951,-72.40326555576803,-72.40326555576803
830.5200232934952,-72.4022973034505,-72.4022973034505
830.5300232934952,-72.40134552672276,-72.40134552672276
830.5400232934952,-72.40041025101053,-72.40041025101053
830.5500232934952,-72.3994915005748,-72.3994915005748
830.5600232934952,-72.39858929854935,-72.39858929854935
830.5700232934952,-72.39770366691992,-72.39770366691992
830.5800232934952,-72.39683462656362,-72.39683462656362
830.5900232934952,-72.39598219725151,-72.39598219725151
830.6000232934952,-72.3951463976693,-72.3951463976693
830.6100232934951,-72.39432724540666,-72.39432724540666
830.6200232934951,-72.39352475699873,-72.39352475699873
830.6300232934951,-72.39273894791418,-72.39273894791418
830.6400232934952,-72.39196983258594,-72.39196983258594
830.6500232934952,-72.39121742443602,-72.39121742443602
830.6600232934952,-72.3904817358341,-72.3904817358341
830.6700232934952,-72.3897627781727,-72.3897627781727
830.6800232934952,-72.3890605618375,-72.3890605618375
830.6900232934952,-72.38837509623716,-72.38837509623716
830.7000232934952,-72.38770638982086,-72.38770638982086
830.7100232934952,-72.38704815116698,-72.38704815116698
830.7200232934952,-72.38639763899427,-72.38639763899427
830.7300232934952,-72.38575352868014,-72.38575352868014
830.7400232934951,-72.38511514988882,-72.38511514988882
830.7500232934951,-72.3844821959678,-72.3844821959678
830.7600232934951,-72.38385457312091,-72.38385457312091
830.7700232934952,-72.3832323120237,-72.3832323120237
830.7800232934952,-72.38261551475934,-72.38261551475934
830.7900232934952,-72.38200432288754,-72.38200432288754
830.8000232934952,-72.381398898332,-72.381398898332
830.8100232934952,-72.3807994120059,-72.3807994120059
830.8200232934952,-72.3802060371591,-72.3802060371591
830.8300232934952,-72.37961894556857,-72.37961894556857
830.8400232934952,-72.37903830548397,-72.37903830548397
830.8500232934952,-72.37846428063463,-72.37846428063463
830.8600232934951,-72.37789702983626,-72.37789702983626
830.8700232934951,-72.37733670697196,-72.37733670697196
830.8800232934951,-72.37678346119186,-72.37678346119186
830.8900232934952,-72.37623743715176,-72.37623743715176
830.9000232934952,-72.37569877538037,-72.37569877538037
830.9100232934952,-72.37516761258173,-72.37516761258173
830.9200232934952,-72.37464408193647,-72.37464408193647
830.9300232934952,-72.37412831340005,-72.37412831340005
830.9400232934952,-72.37362043397256,-72.37362043397256
830.9500232934952,-72.37312056790014,-72.37312056790014
830.9600232934952,-72.37262883689185,-72.37262883689185
830.9700232934952,-72.37214536028576,-72.37214536028576
830.9800232934952,-72.37167025518889,-72.37167025518889
830.9900232934951,-72.37120363661954,-72.37120363661954
831.0000232934951,-72.3707456175956,-72.3707456175956
831.0100232934951,-72.37029630923739,-72.37029630923739
831.0200232934952,-72.36985582083534,-72.36985582083534
831.0300232934952,-72.36942425993814,-72.36942425993814
831.0400232934952,-72.36900173236424,-72.36900173236424
831.0500232934952,-72.36858834228512,-72.36858834228512
831.0600232934952,-72.36818419225219,-72.36818419225219
831.0700232934952,-72.36778938320552,-72.36778938320552
831.0800232934952,-72.3674040145436,-72.3674040145436
831.0900232934952,-72.36702818410636,-72.36702818410636
831.1000232934952,-72.36666198821392,-72.36666198821392
831.1100232934951,-72.36630552167655,-72.36630552167655
831.1200232934951,-72.36595887780841,-72.36595887780841
831.1300232934951,-72.36562214843154,-72.36562214843154
831.1400232934952,-72.36529542389633,-72.36529542389633
831.1500232934952,-72.3649787930832,-72.3649787930832
831.1600232934952,-72.36467234340724,-72.36467234340724
831.1700232934952,-72.36437616082154,-72.36437616082154
831.1800232934952,-72.36409032983731,-72.36409032983731
831.1900232934952,-72.36381493351684,-72.36381493351684
831.2000232934952,-72.36355005346815,-72.36355005346815
831.2100232934952,-72.36328947153049,-72.36328947153049
831.2200232934952,-72.36303051766804,-72.36303051766804
831.2300232934952,-72.36277193764846,-72.36277193764846
831.2400232934951,-72.36251313098296,-72.36251313098296
831.2500232934951,-72.36225386042751,-72.36225386042751
831.2600232934951,-72.36199410117398,-72.36199410117398
831.2700232934952,-72.36173395243979,-72.36173395243979
831.2800232934952,-72.3614735844491,-72.3614735844491
831.2900232934952,-72.36121320643943,-72.36121320643943
831.300023317337,-72.36095304696025,-72.36095304696025
831.310023317337,-72.3606933449632,-72.3606933449632
831.320023317337,-72.3604343393809,-72.3604343393809
831.330023317337,-72.36017626783746,-72.36017626783746
831.340023317337,-72.35991936393005,-72.35991936393005
831.350023317337,-72.35966385624074,-72.35966385624074
831.360023317337,-72.35940996791172,-72.35940996791172
831.3700233173371,-72.35915791663558,-72.35915791663558
831.3800233173371,-72.35890791484616,-72.35890791484616
831.3900233173371,-72.35866016994873,-72.35866016994873
831.4000233173371,-72.35841488467467,-72.35841488467467
831.410023317337,-72.35817225736248,-72.35817225736248
831.420023317337,-72.35793248230166,-72.35793248230166
831.430023317337,-72.35769574998102,-72.35769574998102
831.440023317337,-72.35746224736373,-72.35746224736373
831.450023317337,-72.35723215810923,-72.35723215810923
831.460023317337,-72.35700566274978,-72.35700566274978
831.470023317337,-72.3567829388782,-72.3567829388782
831.480023317337,-72.35656416129703,-72.35656416129703
831.4900233173371,-72.35634950211104,-72.35634950211104
831.5000233173371,-72.35613913087238,-72.35613913087238
831.5100233173371,-72.35593321465436,-72.35593321465436
831.5200233173371,-72.35573191811602,-72.35573191811602
831.530023317337,-72.35553540358832,-72.35553540358832
831.540023317337,-72.35534383110807,-72.35534383110807
831.550023317337,-72.35515735847368,-72.35515735847368
831.560023317337,-72.35497614128693,-72.35497614128693
831.570023317337,-72.35480033297756,-72.35480033297756
831.580023317337,-72.35463008483453,-72.35463008483453
831.590023317337,-72.35446554603692,-72.35446554603692
831.600023317337,-72.35430686366324,-72.35430686366324
831.610023317337,-72.35415418271852,-72.35415418271852
831.6200233173371,-72.35400764613513,-72.35400764613513
831.6300233173371,-72.35386739480634,-72.35386739480634
831.6400233173371,-72.35373356757482,-72.35373356757482
831.6500233173371,-72.353606301268,-72.353606301268
831.660023317337,-72.35348573068921,-72.35348573068921
831.670023317337,-72.35337198862712,-72.35337198862712
831.680023317337,-72.35326520587576,-72.35326520587576
831.690023317337,-72.35316551124842,-72.35316551124842
831.700023317337,-72.35307303155399,-72.35307303155399
831.710023317337,-72.35298789164405,-72.35298789164405
831.720023317337,-72.35291021439332,-72.35291021439332
831.730023317337,-72.35284012072988,-72.35284012072988
831.7400233173371,-72.35277772960785,-72.35277772960785
831.7500233173371,-72.35272315806708,-72.35272315806708
831.7600233173371,-72.3526765212098,-72.3526765212098
831.7700233173371,-72.35263793220469,-72.35263793220469
831.780023317337,-72.35260750231087,-72.35260750231087
831.790023317337,-72.35258534089323,-72.35258534089323
831.800023317337,-72.35257155541116,-72.35257155541116
831.810023317337,-72.35256625145266,-72.35256625145266
831.820023317337,-72.35256953273122,-72.35256953273122
831.830023317337,-72.3525815011049,-72.3525815011049
831.840023317337,-72.35260225656661,-72.35260225656661
831.850023317337,-72.3526318972929,-72.3526318972929
831.860023317337,-72.3526705196381,-72.3526705196381
831.8700233173371,-72.35271821812368,-72.35271821812368
831.8800233173371,-72.35277508549596,-72.35277508549596
831.8900233173371,-72.35284121271306,-72.35284121271306
831.9000233173371,-72.35291668895196,-72.35291668895196
831.910023317337,-72.35300160164189,-72.35300160164189
831.920023317337,-72.35309603646377,-72.35309603646377
831.930023317337,-72.35320007737305,-72.35320007737305
831.940023317337,-72.35331380661735,-72.35331380661735
831.950023317337,-72.35343730473642,-72.35343730473642
831.960023317337,-72.35357065058444,-72.35357065058444
831.970023317337,-72.3537139213572,-72.3537139213572
831.980023317337,-72.35386719259097,-72.35386719259097
831.9900233173371,-72.35403053818285,-72.35403053818285
832.0000233173371,-72.35420403041005,-72.35420403041005
832.0100233173371,-72.35438773995389,-72.35438773995389
832.0200233173371,-72.35458173588384,-72.35458173588384
832.030023317337,-72.35478608571091,-72.35478608571091
832.040023317337,-72.35500085538514,-72.35500085538514
832.050023317337,-72.35522610931078,-72.35522610931078
832.060023317337,-72.35546191037352,-72.35546191037352
832.070023317337,-72.35570831994667,-72.35570831994667
832.080023317337,-72.35596539790757,-72.35596539790757
832.090023317337,-72.35623320266558,-72.35623320266558
832.100023317337,-72.35651179117154,-72.35651179117154
832.110023317337,-72.35680121891595,-72.35680121891595
832.1200233173371,-72.35710153997675,-72.35710153997675
832.1300233173371,-72.35741280702715,-72.35741280702715
832.1400233173371,-72.3577350713296,-72.3577350713296
832.1500233411789,-72.35806838358144,-72.35806838358144
832.1600233411789,-72.35841279076655,-72.35841279076655
832.1700233411789,-72.35876834081714,-72.35876834081714
832.1800233411789,-72.35913507961038,-72.35913507961038
832.1900233411789,-72.3595130516912,-72.3595130516912
832.2000233411788,-72.35990230031507,-72.35990230031507
832.2100233411788,-72.36030286746852,-72.36030286746852
832.220023341179,-72.3607147938593,-72.3607147938593
832.2300233411789,-72.36113811896637,-72.36113811896637
832.2400233411789,-72.3615728810175,-72.3615728810175
832.2500233411789,-72.36201911704894,-72.36201911704894
832.2600233411789,-72.3624768628777,-72.3624768628777
832.2700233411789,-72.36294615315651,-72.36294615315651
832.2800233411789,-72.36342702134587,-72.36342702134587
832.2900233411789,-72.36391949977721,-72.36391949977721
832.3000233411789,-72.3644236196483,-72.3644236196483
832.3100233411789,-72.36493941101861,-72.36493941101861
832.3200233411789,-72.36546690284926,-72.36546690284926
832.3300233411788,-72.36600612302311,-72.36600612302311
832.340023341179,-72.36655709832392,-72.36655709832392
832.3500233411789,-72.36711985449875,-72.36711985449875
832.3600233411789,-72.3676944162403,-72.3676944162403
832.3700233411789,-72.36828080720886,-72.36828080720886
832.3800233411789,-72.3688790500412,-72.3688790500412
832.3900233411789,-72.3694891663954,-72.3694891663954
832.4000233411789,-72.37011117691739,-72.37011117691739
832.4100233411789,-72.37074510129516,-72.37074510129516
832.4200233411789,-72.37139095824514,-72.37139095824514
832.4300233411789,-72.37204876555568,-72.37204876555568
832.4400233411789,-72.37271854007169,-72.37271854007169
832.4500233411788,-72.37340029772655,-72.37340029772655
832.4600233411788,-72.37409405353525,-72.37409405353525
832.470023341179,-72.37479982163546,-72.37479982163546
832.4800233411789,-72.37551761529349,-72.37551761529349
832.4900233411789,-72.37624744690059,-72.37624744690059
832.5000233411789,-72.37698932799104,-72.37698932799104
832.5100233411789,-72.3777432692706,-72.3777432692706
832.5200233411789,-72.37850928061991,-72.37850928061991
832.5300233411789,-72.37928737109502,-72.37928737109502
832.5400233411789,-72.38007754896677,-72.38007754896677
832.5500233411789,-72.38087982170127,-72.38087982170127
832.5600233411789,-72.38169419599956,-72.38169419599956
832.5700233411789,-72.38252067779007,-72.38252067779007
832.5800233411788,-72.38335927226011,-72.38335927226011
832.590023341179,-72.38420998384008,-72.38420998384008
832.6000233411789,-72.38507281624777,-72.38507281624777
832.6100233411789,-72.38594777247292,-72.38594777247292
832.6200233411789,-72.38683485479575,-72.38683485479575
832.6300233411789,-72.38773406481477,-72.38773406481477
832.6400233411789,-72.38864540343195,-72.38864540343195
832.6500233411789,-72.38956887086925,-72.38956887086925
832.6600233411789,-72.39050446670913,-72.39050446670913
832.6700233411789,-72.39145218986214,-72.39145218986214
832.6800233411789,-72.39241203860595,-72.39241203860595
832.6900233411789,-72.39338401057658,-72.39338401057658
832.7000233411788,-72.39436810280436,-72.39436810280436
832.7100233411788,-72.39536431170404,-72.39536431170404
832.720023341179,-72.3963726330892,-72.3963726330892
832.7300233411789,-72.39739306218405,-72.39739306218405
832.7400233411789,-72.39842559362253,-72.39842559362253
832.7500233411789,-72.3994702214694,-72.3994702214694
832.7600233411789,-72.4005269392421,-72.4005269392421
832.7700233411789,-72.40159573988878,-72.40159573988878
832.7800233411789,-72.40267661582328,-72.40267661582328
832.7900233411789,-72.40376955892054,-72.40376955892054
832.8000233411789,-72.40487456052931,-72.40487456052931
832.8100233411789,-72.4059916114862,-72.4059916114862
832.8200233411789,-72.40712070212054,-72.40712070212054
832.8300233411788,-72.40826182226039,-72.40826182226039
832.840023341179,-72.40941496124069,-72.40941496124069
832.8500233411789,-72.4105801079221,-72.4105801079221
832.8600233411789,-72.41175725068304,-72.41175725068304
832.8700233411789,-72.41294637744119,-72.41294637744119
832.8800233411789,-72.4141474756493,-72.4141474756493
832.8900233411789,-72.4153605323283,-72.4153605323283
832.9000233411789,-72.41658553404237,-72.41658553404237
832.9100233411789,-72.41782246692199,-72.41782246692199
832.9200233411789,-72.41907131668248,-72.41907131668248
832.9300233411789,-72.4203320686036,-72.4203320686036
832.9400233411789,-72.42160470757119,-72.42160470757119
832.9500233411788,-72.42288921805624,-72.42288921805624
832.9600233411788,-72.42417927450401,-72.42417927450401
832.970023341179,-72.42547210233809,-72.42547210233809
832.9800233411789,-72.42676634533787,-72.42676634533787
832.9900233411789,-72.42806130314544,-72.42806130314544
833.0000233650208,-72.42935664358991,-72.42935664358991
833.0100233650207,-72.43065223933444,-72.43065223933444
833.0200233650207,-72.43194809785867,-72.43194809785867
833.0300233650207,-72.43324429600843,-72.43324429600843
833.0400233650207,-72.43454095109745,-72.43454095109745
833.0500233650207,-72.43583820171186,-72.43583820171186
833.0600233650207,-72.43713619632828,-72.43713619632828
833.0700233650208,-72.43843508659451,-72.43843508659451
833.0800233650208,-72.43973502351777,-72.43973502351777
833.0900233650208,-72.44103615535163,-72.44103615535163
833.1000233650208,-72.44233862657916,-72.44233862657916
833.1100233650208,-72.44364257751587,-72.44364257751587
833.1200233650208,-72.444948144237,-72.444948144237
833.1300233650207,-72.44625545876437,-72.44625545876437
833.1400233650207,-72.44756464930762,-72.44756464930762
833.1500233650207,-72.44887584055765,-72.44887584055765
833.1600233650207,-72.45018915403378,-72.45018915403378
833.1700233650207,-72.45150470832304,-72.45150470832304
833.1800233650207,-72.45282261937842,-72.45282261937842
833.1900233650208,-72.4541430007742,-72.4541430007742
833.2000233650208,-72.45546596389357,-72.45546596389357
833.2100233650208,-72.45678530535797,-72.45678530535797
833.2200233650208,-72.45809837279924,-72.45809837279924
833.2300233650208,-72.45940393155293,-72.45940393155293
833.2400233650208,-72.46070140199107,-72.46070140199107
833.2500233650208,-72.46199056866399,-72.46199056866399
833.2600233650207,-72.46327142932691,-72.46327142932691
833.2700233650207,-72.46454410645994,-72.46454410645994
833.2800233650207,-72.46580879411673,-72.46580879411673
833.2900233650207,-72.46706572599895,-72.46706572599895
833.3000233650207,-72.4683151562826,-72.4683151562826
833.3100233650207,-72.46955734825137,-72.46955734825137
833.3200233650208,-72.47079256756277,-72.47079256756277
833.3300233650208,-72.47202107847028,-72.47202107847028
833.3400233650208,-72.47324314169221,-72.47324314169221
833.3500233650208,-72.47445901340957,-72.47445901340957
833.3600233650208,-72.47566894486036,-72.47566894486036
833.3700233650208,-72.4768731822464,-72.4768731822464
833.3800233650207,-72.47807196694721,-72.47807196694721
833.3900233650207,-72.47926553571602,-72.47926553571602
833.4000233650207,-72.48045412100578,-72.48045412100578
833.4100233650207,-72.48163795125579,-72.48163795125579
833.4200233650207,-72.48281725117883,-72.48281725117883
833.4300233650207,-72.48399224201606,-72.48399224201606
833.4400233650208,-72.48516314178237,-72.48516314178237
833.4500233650208,-72.48633016544973,-72.48633016544973
833.4600233650208,-72.48748721004132,-72.48748721004132
833.4700233650208,-72.4886317241719,-72.4886317241719
833.4800233650208,-72.48976257389228,-72.48976257389228
833.4900233650208,-72.49087927971564,-72.49087927971564
833.5000233650208,-72.49198172563023,-72.49198172563023
833.5100233650207,-72.49307000804562,-72.49307000804562
833.5200233650207,-72.49414434727359,-72.49414434727359
833.5300233650207,-72.49520503437395,-72.49520503437395
833.5400233650207,-72.49625239916075,-72.49625239916075
833.5500233650207,-72.49728679106235,-72.49728679106235
833.5600233650207,-72.49830856768777,-72.49830856768777
833.5700233650208,-72.49931808814134,-72.49931808814134
833.5800233650208,-72.50031570919089,-72.50031570919089
833.5900233650208,-72.50130178316029,-72.50130178316029
833.6000233650208,-72.50227665690538,-72.50227665690538
833.6100233650208,-72.50324067139533,-72.50324067139533
833.6200233650208,-72.50419416165424,-72.50419416165424
833.6300233650207,-72.50513745692206,-72.50513745692206
833.6400233650207,-72.50607088089833,-72.50607088089833
833.6500233650207,-72.5069947520217,-72.5069947520217
833.6600233650207,-72.50790938377591,-72.50790938377591
833.6700233650207,-72.50881508498466,-72.50881508498466
833.6800233650207,-72.50971216005878,-72.50971216005878
833.6900233650208,-72.51060090922115,-72.51060090922115
833.7000233650208,-72.51148162874499,-72.51148162874499
833.7100233650208,-72.51235461108489,-72.51235461108489
833.7200233650208,-72.51322014506249,-72.51322014506249
833.7300233650208,-72.51407851598474,-72.51407851598474
833.7400233650208,-72.51493000574678,-72.51493000574678
833.7500233650208,-72.51577489293035,-72.51577489293035
833.7600233650207,-72.51661345287793,-72.51661345287793
833.7700233650207,-72.5174459577465,-72.5174459577465
833.7800233650207,-72.51827267657686,-72.51827267657686
833.7900233650207,-72.51909387531843,-72.51909387531843
833.8000233650207,-72.51990981688354,-72.51990981688354
833.8100233650207,-72.52072076116046,-72.52072076116046
833.8200233650208,-72.52152696504018,-72.52152696504018
833.8300233650208,-72.52232868244477,-72.52232868244477
833.8400233650208,-72.52312616433314,-72.52312616433314
833.8500233888626,-72.52391966060688,-72.52391966060688
833.8600233888626,-72.52470941256726,-72.52470941256726
833.8700233888626,-72.5254956642579,-72.5254956642579
833.8800233888626,-72.52627865492387,-72.52627865492387
833.8900233888626,-72.5270586208941,-72.5270586208941
833.9000233888626,-72.52783579560311,-72.52783579560311
833.9100233888626,-72.52861040958918,-72.52861040958918
833.9200233888627,-72.52938269050294,-72.52938269050294
833.9300233888627,-72.53015286312124,-72.53015286312124
833.9400233888626,-72.5309211493414,-72.5309211493414
833.9500233888626,-72.53168776819265,-72.53168776819265
833.9600233888626,-72.53244661782485,-72.53244661782485
833.9700233888626,-72.53319515002248,-72.53319515002248
833.9800233888626,-72.53393223463188,-72.53393223463188
833.9900233888626,-72.53465739600921,-72.53465739600921
834.0000233888626,-72.5353705218083,-72.5353705218083
834.0100233888626,-72.53607171172249,-72.53607171172249
834.0200233888626,-72.53676118887812,-72.53676118887812
834.0300233888626,-72.53743924657812,-72.53743924657812
834.0400233888627,-72.538106216261,-72.538106216261
834.0500233888627,-72.538762448327,-72.538762448327
834.0600233888626,-72.53940830070168,-72.53940830070168
834.0700233888626,-72.54004413211064,-72.54004413211064
834.0800233888626,-72.54067029825863,-72.54067029825863
834.0900233888626,-72.54128714974114,-72.54128714974114
834.1000233888626,-72.54189503101219,-72.54189503101219
834.1100233888626,-72.54249427998504,-72.54249427998504
834.1200233888626,-72.54308522800322,-72.54308522800322
834.1300233888626,-72.54366819998184,-72.54366819998184
834.1400233888626,-72.54424351470358,-72.54424351470358
834.1500233888626,-72.54481148511134,-72.54481148511134
834.1600233888626,-72.54537241864905,-72.54537241864905
834.1700233888627,-72.54592661753075,-72.54592661753075
834.1800233888627,-72.54647437905913,-72.54647437905913
834.1900233888626,-72.54701599586635,-72.54701599586635
834.2000233888626,-72.54755175612496,-72.54755175612496
834.2100233888626,-72.54808194378286,-72.54808194378286
834.2200233888626,-72.54860683871048,-72.54860683871048
834.2300233888626,-72.54912671685084,-72.54912671685084
834.2400233888626,-72.54964185035479,-72.54964185035479
834.2500233888626,-72.55015250770163,-72.55015250770163
834.2600233888626,-72.5506589537856,-72.5506589537856
834.2700233888626,-72.55116144998817,-72.55116144998817
834.2800233888626,-72.55166025426611,-72.55166025426611
834.2900233888627,-72.55215562121259,-72.55215562121259
834.3000233888627,-72.5526478021127,-72.5526478021127
834.3100233888626,-72.55313704497306,-72.55313704497306
834.3200233888626,-72.55362359456868,-72.55362359456868
834.3300233888626,-72.55410769249481,-72.55410769249481
834.3400233888626,-72.55458957718822,-72.55458957718822
834.3500233888626,-72.55506948394736,-72.55506948394736
834.3600233888626,-72.55554764497343,-72.55554764497343
834.3700233888626,-72.55602428939426,-72.55602428939426
834.3800233888626,-72.55649964327027,-72.55649964327027
834.3900233888626,-72.55697392963741,-72.55697392963741
834.4000233888626,-72.55744736850758,-72.55744736850758
834.4100233888626,-72.557920176891,-72.557920176891
834.4200233888627,-72.5583925688361,-72.5583925688361
834.4300233888627,-72.55886475543983,-72.55886475543983
834.4400233888626,-72.55933694483414,-72.55933694483414
834.4500233888626,-72.55980934223682,-72.55980934223682
834.4600233888626,-72.56028214996357,-72.56028214996357
834.4700233888626,-72.56075556744233,-72.56075556744233
834.4800233888626,-72.56122979123683,-72.56122979123683
834.4900233888626,-72.5617050150482,-72.5617050150482
834.5000233888626,-72.56218142975096,-72.56218142975096
834.5100233888626,-72.56265922341004,-72.56265922341004
834.5200233888626,-72.56313858128372,-72.56313858128372
834.5300233888626,-72.56361968587011,-72.56361968587011
834.5400233888627,-72.56410271690031,-72.56410271690031
834.5500233888627,-72.56458785138122,-72.56458785138122
834.5600233888626,-72.56507526359003,-72.56507526359003
834.5700233888626,-72.56556512511551,-72.56556512511551
834.5800233888626,-72.5660576048723,-72.5660576048723
834.5900233888626,-72.5665528691134,-72.5665528691134
834.6000233888626,-72.5670510814793,-72.5670510814793
834.6100233888626,-72.5675524029771,-72.5675524029771
834.6200233888626,-72.56805699204281,-72.56805699204281
834.6300233888626,-72.56856500453966,-72.56856500453966
834.6400233888626,-72.56907659378672,-72.56907659378672
834.6500233888626,-72.56959191058971,-72.56959191058971
834.6600233888626,-72.57011110324218,-72.57011110324218
834.6700233888627,-72.5706343175644,-72.5706343175644
834.6800233888627,-72.57116169694224,-72.57116169694224
834.6900233888626,-72.57169338232276,-72.57169338232276
834.7000234127045,-72.57222951351538,-72.57222951351538
834.7100234127045,-72.57276390302968,-72.57276390302968
834.7200234127044,-72.57329392340877,-72.57329392340877
834.7300234127044,-72.57381836534249,-72.57381836534249
834.7400234127044,-72.57433667504348,-72.57433667504348
834.7500234127044,-72.57484866278305,-72.57484866278305
834.7600234127044,-72.57535435157324,-72.57535435157324
834.7700234127045,-72.57585388846661,-72.57585388846661
834.7800234127045,-72.57634749126277,-72.57634749126277
834.7900234127045,-72.57683541644975,-72.57683541644975
834.8000234127045,-72.57731793999889,-72.57731793999889
834.8100234127045,-72.57779534595785,-72.57779534595785
834.8200234127045,-72.57826791971446,-72.57826791971446
834.8300234127045,-72.57873594419233,-72.57873594419233
834.8400234127045,-72.57919969775176,-72.57919969775176
834.8500234127044,-72.57965945321263,-72.57965945321263
834.8600234127044,-72.58011547741347,-72.58011547741347
834.8700234127044,-72.5805680312087,-72.5805680312087
834.8800234127044,-72.58101736965907,-72.58101736965907
834.8900234127045,-72.58146374226804,-72.58146374226804
834.9000234127045,-72.58190739336358,-72.58190739336358
834.9100234127045,-72.58234856235785,-72.58234856235785
834.9200234127045,-72.5827874841117,-72.5827874841117
834.9300234127045,-72.58322438918522,-72.58322438918522
834.9400234127045,-72.58365950413969,-72.58365950413969
834.9500234127045,-72.58409305172408,-72.58409305172408
834.9600234127045,-72.5845252511197,-72.5845252511197
834.9700234127044,-72.58495631807665,-72.58495631807665
834.9800234127044,-72.58538646511343,-72.58538646511343
834.9900234127044,-72.58581590160506,-72.58581590160506
835.0000234127044,-72.58624483393245,-72.58624483393245
835.0100234127044,-72.58667346554286,-72.58667346554286
835.0200234127045,-72.58710199707556,-72.58710199707556
835.0300234127045,-72.58753062639916,-72.58753062639916
835.0400234127045,-72.58795954869318,-72.58795954869318
835.0500234127045,-72.58838895648736,-72.58838895648736
835.0600234127045,-72.58881903973116,-72.58881903973116
835.0700234127045,-72.58924998579413,-72.58924998579413
835.0800234127045,-72.58968197954177,-72.58968197954177
835.0900234127045,-72.59011520334201,-72.59011520334201
835.1000234127044,-72.59054983710114,-72.59054983710114
835.1100234127044,-72.5909860582809,-72.5909860582809
835.1200234127044,-72.591424041925,-72.591424041925
835.1300234127044,-72.59186396067406,-72.59186396067406
835.1400234127045,-72.59230598480009,-72.59230598480009
835.1500234127045,-72.59275028221055,-72.59275028221055
835.1600234127045,-72.59319701844682,-72.59319701844682
835.1700234127045,-72.59364635672382,-72.59364635672382
835.1800234127045,-72.59409845794585,-72.59409845794585
835.1900234127045,-72.59455348069903,-72.59455348069903
835.2000234127045,-72.595011581283,-72.595011581283
835.2100234127045,-72.59547291371553,-72.59547291371553
835.2200234127044,-72.59593762975287,-72.59593762975287
835.2300234127044,-72.5964058789015,-72.5964058789015
835.2400234127044,-72.59687780842759,-72.59687780842759
835.2500234127044,-72.59735356336653,-72.59735356336653
835.2600234127044,-72.59783328655074,-72.59783328655074
835.2700234127045,-72.59831711860147,-72.59831711860147
835.2800234127045,-72.5988051979767,-72.5988051979767
835.2900234127045,-72.5992976609455,-72.5992976609455
835.3000234127045,-72.59979464164498,-72.59979464164498
835.3100234127045,-72.60029627205203,-72.60029627205203
835.3200234127045,-72.60080268201992,-72.60080268201992
835.3300234127045,-72.60131399931066,-72.60131399931066
835.3400234127045,-72.60183034957032,-72.60183034957032
835.3500234127044,-72.60235185638683,-72.60235185638683
835.3600234127044,-72.60287864127459,-72.60287864127459
835.3700234127044,-72.60341082370434,-72.60341082370434
835.3800234127044,-72.60394852111972,-72.60394852111972
835.3900234127045,-72.60449184893973,-72.60449184893973
835.4000234127045,-72.60504092061818,-72.60504092061818
835.4100234127045,-72.60559584760459,-72.60559584760459
835.4200234127045,-72.60615673938997,-72.60615673938997
835.4300234127045,-72.60672370353036,-72.60672370353036
835.4400234127045,-72.60729684564862,-72.60729684564862
835.4500234127045,-72.6078762694626,-72.6078762694626
835.4600234127045,-72.60846207679921,-72.60846207679921
835.4700234127044,-72.60905436761834,-72.60905436761834
835.4800234127044,-72.60965324003475,-72.60965324003475
835.4900234127044,-72.61025879029911,-72.61025879029911
835.5000234127044,-72.61087111286557,-72.61087111286557
835.5100234127044,-72.61149030038642,-72.61149030038642
835.5200234127045,-72.61211644373158,-72.61211644373158
835.5300234127045,-72.6127496320156,-72.6127496320156
835.5400234127045,-72.61338995260863,-72.61338995260863
835.5500234365463,-72.61403749268568,-72.61403749268568
835.5600234365463,-72.61469233313458,-72.61469233313458
835.5700234365463,-72.615354557712,-72.615354557712
835.5800234365463,-72.61602424700378,-72.61602424700378
835.5900234365463,-72.61670147994447,-72.61670147994447
835.6000234365463,-72.6173863338349,-72.6173863338349
835.6100234365463,-72.61807888437068,-72.61807888437068
835.6200234365464,-72.61877920563474,-72.61877920563474
835.6300234365464,-72.61948737015761,-72.61948737015761
835.6400234365464,-72.62020344890689,-72.62020344890689
835.6500234365463,-72.62092751130584,-72.62092751130584
835.6600234365463,-72.62165962525357,-72.62165962525357
835.6700234365463,-72.62239985716299,-72.62239985716299
835.6800234365463,-72.62314827195709,-72.62314827195709
835.6900234365463,-72.62390493308291,-72.62390493308291
835.7000234365463,-72.6246699025561,-72.6246699025561
835.7100234365463,-72.62544324095839,-72.62544324095839
835.7200234365463,-72.62622500745941,-72.62622500745941
835.7300234365463,-72.62701525983412,-72.62701525983412
835.7400234365464,-72.62781405448965,-72.62781405448965
835.7500234365464,-72.62862144646449,-72.62862144646449
835.7600234365464,-72.62943748946292,-72.62943748946292
835.7700234365464,-72.63026223586192,-72.63026223586192
835.7800234365463,-72.63109573674787,-72.63109573674787
835.7900234365463,-72.63193804188693,-72.63193804188693
835.8000234365463,-72.63278919980519,-72.63278919980519
835.8100234365463,-72.63364925776096,-72.63364925776096
835.8200234365463,-72.63451826177786,-72.63451826177786
835.8300234365463,-72.63539625664362,-72.63539625664362
835.8400234365463,-72.63628328596621,-72.63628328596621
835.8500234365463,-72.63717939214257,-72.63717939214257
835.8600234365463,-72.63808461639634,-72.63808461639634
835.8700234365464,-72.63899899881147,-72.63899899881147
835.8800234365464,-72.63992257833198,-72.63992257833198
835.8900234365464,-72.64085539275989,-72.64085539275989
835.9000234365463,-72.64179747879452,-72.64179747879452
835.9100234365463,-72.64274887204144,-72.64274887204144
835.9200234365463,-72.64370960701915,-72.64370960701915
835.9300234365463,-72.6446797172066,-72.6446797172066
835.9400234365463,-72.6456592350105,-72.6456592350105
835.9500234365463,-72.64664819180939,-72.64664819180939
835.9600234365463,-72.64764661796946,-72.64764661796946
835.9700234365463,-72.64865454283861,-72.64865454283861
835.9800234365463,-72.64967199479153,-72.64967199479153
835.9900234365464,-72.65069900121325,-72.65069900121325
836.0000234365464,-72.65173558854049,-72.65173558854049
836.0100234365464,-72.65278178224563,-72.65278178224563
836.0200234365464,-72.65383760686873,-72.65383760686873
836.0300234365463,-72.65490308604421,-72.65490308604421
836.0400234365463,-72.65597824248358,-72.65597824248358
836.0500234365463,-72.6570630980129,-72.6570630980129
836.0600234365463,-72.65815767357073,-72.65815767357073
836.0700234365463,-72.65926198922958,-72.65926198922958
836.0800234365463,-72.66037606420807,-72.66037606420807
836.0900234365463,-72.66149991688592,-72.66149991688592
836.1000234365463,-72.6626335648013,-72.6626335648013
836.1100234365463,-72.66377702469136,-72.66377702469136
836.1200234365464,-72.66493031247339,-72.66493031247339
836.1300234365464,-72.66609344327964,-72.66609344327964
836.1400234365464,-72.6672664314586,-72.6672664314586
836.1500234365463,-72.66844929058564,-72.66844929058564
836.1600234365463,-72.66964203349289,-72.66964203349289
836.1700234365463,-72.67084467224178,-72.67084467224178
836.1800234365463,-72.67205721817642,-72.67205721817642
836.1900234365463,-72.6732796819228,-72.6732796819228
836.2000234365463,-72.67451207336492,-72.67451207336492
836.2100234365463,-72.67575440171773,-72.67575440171773
836.2200234365463,-72.6770066754831,-72.6770066754831
836.2300234365463,-72.67826890250223,-72.67826890250223
836.2400234365464,-72.6795410899225,-72.6795410899225
836.2500234365464,-72.68082324426346,-72.68082324426346
836.2600234365464,-72.68211537136426,-72.68211537136426
836.2700234365464,-72.68341747643453,-72.68341747643453
836.2800234365463,-72.68472956407112,-72.68472956407112
836.2900234365463,-72.68605163822997,-72.68605163822997
836.3000234365463,-72.68738370227322,-72.68738370227322
836.3100234365463,-72.68872575894827,-72.68872575894827
836.3200234365463,-72.69007781043081,-72.69007781043081
836.3300234365463,-72.69143985830273,-72.69143985830273
836.3400234365463,-72.6928119035713,-72.6928119035713
836.3500234365463,-72.69419394669656,-72.69419394669656
836.3600234365463,-72.69558598757301,-72.69558598757301
836.3700234365464,-72.69698802555065,-72.69698802555065
836.3800234365464,-72.69840005945109,-72.69840005945109
836.3900234365464,-72.69982208755927,-72.69982208755927
836.4000234603882,-72.7012541110591,-72.7012541110591
836.4100234603882,-72.70269612042902,-72.70269612042902
836.4200234603882,-72.70414811579495,-72.70414811579495
836.4300234603882,-72.70561009342106,-72.70561009342106
836.4400234603881,-72.70708204908416,-72.70708204908416
836.4500234603881,-72.7085639780945,-72.7085639780945
836.4600234603881,-72.71005587527554,-72.71005587527554
836.4700234603882,-72.71155773499864,-72.71155773499864
836.4800234603882,-72.71306955118327,-72.71306955118327
836.4900234603882,-72.71459131729591,-72.71459131729591
836.5000234603882,-72.71612302635702,-72.71612302635702
836.5100234603882,-72.71766467097406,-72.71766467097406
836.5200234603882,-72.71921624330032,-72.71921624330032
836.5300234603882,-72.7207777350934,-72.7207777350934
836.5400234603882,-72.72234913770235,-72.72234913770235
836.5500234603882,-72.72393044205506,-72.72393044205506
836.5600234603882,-72.72552163869493,-72.72552163869493
836.5700234603881,-72.72712271777333,-72.72712271777333
836.5800234603881,-72.72873366904577,-72.72873366904577
836.5900234603882,-72.7303544819035,-72.7303544819035
836.6000234603882,-72.73198514537494,-72.73198514537494
836.6100234603882,-72.73362564809861,-72.73362564809861
836.6200234603882,-72.7352759783838,-72.7352759783838
836.6300234603882,-72.73693612415924,-72.73693612415924
836.6400234603882,-72.73860607302659,-72.73860607302659
836.6500234603882,-72.74028581224593,-72.74028581224593
836.6600234603882,-72.74197532874032,-72.74197532874032
836.6700234603882,-72.74367460909957,-72.74367460909957
836.6800234603882,-72.7453836395965,-72.7453836395965
836.6900234603881,-72.74710240619102,-72.74710240619102
836.7000234603881,-72.74883089452096,-72.74883089452096
836.7100234603881,-72.75056908993784,-72.75056908993784
836.7200234603882,-72.75231697747141,-72.75231697747141
836.7300234603882,-72.75407454187463,-72.75407454187463
836.7400234603882,-72.75584176759838,-72.75584176759838
836.7500234603882,-72.757618638813,-72.757618638813
836.7600234603882,-72.759405139416,-72.759405139416
836.7700234603882,-72.76120125302216,-72.76120125302216
836.7800234603882,-72.76300696298293,-72.76300696298293
836.7900234603882,-72.76482225237713,-72.76482225237713
836.8000234603882,-72.76664710404532,-72.76664710404532
836.8100234603882,-72.76848150054678,-72.76848150054678
836.8200234603881,-72.77032542421819,-72.77032542421819
836.8300234603881,-72.7721788571293,-72.7721788571293
836.8400234603882,-72.77404178111415,-72.77404178111415
836.8500234603882,-72.77591417778056,-72.77591417778056
836.8600234603882,-72.77779602849905,-72.77779602849905
836.8700234603882,-72.77968731441594,-72.77968731441594
836.8800234603882,-72.78158801645378,-72.78158801645378
836.8900234603882,-72.78349811531253,-72.78349811531253
836.9000234603882,-72.78541759148372,-72.78541759148372
836.9100234603882,-72.78734642524472,-72.78734642524472
836.9200234603882,-72.78928459666886,-72.78928459666886
836.9300234603882,-72.79123208562906,-72.79123208562906
836.9400234603881,-72.79318887179748,-72.79318887179748
836.9500234603881,-72.7951549346666,-72.7951549346666
836.9600234603881,-72.79713025351299,-72.79713025351299
836.9700234603882,-72.79911480744131,-72.79911480744131
836.9800234603882,-72.80110857538656,-72.80110857538656
836.9900234603882,-72.80311153608345,-72.80311153608345
837.0000234603882,-72.80512366810223,-72.80512366810223
837.0100234603882,-72.8071449498326,-72.8071449498326
837.0200234603882,-72.8091753595079,-72.8091753595079
837.0300234603882,-72.81121487519945,-72.81121487519945
837.0400234603882,-72.81326347480693,-72.81326347480693
837.0500234603882,-72.81532113607479,-72.81532113607479
837.0600234603882,-72.81738783660346,-72.81738783660346
837.0700234603881,-72.81946355382604,-72.81946355382604
837.0800234603881,-72.82154826503641,-72.82154826503641
837.0900234603882,-72.82364194738498,-72.82364194738498
837.1000234603882,-72.82574457788844,-72.82574457788844
837.1100234603882,-72.82785613341137,-72.82785613341137
837.1200234603882,-72.82997659068705,-72.82997659068705
837.1300234603882,-72.83210592632639,-72.83210592632639
837.1400234603882,-72.83424411679361,-72.83424411679361
837.1500234603882,-72.8363911384404,-72.8363911384404
837.1600234603882,-72.8385469674963,-72.8385469674963
837.1700234603882,-72.84071158007202,-72.84071158007202
837.1800234603882,-72.84288495214685,-72.84288495214685
837.1900234603881,-72.84506705959468,-72.84506705959468
837.2000234603881,-72.8472578781792,-72.8472578781792
837.2100234603881,-72.84945738354969,-72.84945738354969
837.2200234603882,-72.85166555124478,-72.85166555124478
837.2300234603882,-72.85388235672089,-72.85388235672089
837.2400234603882,-72.85610777531684,-72.85610777531684
837.25002348423,-72.85834178758746,-72.85834178758746
837.26002348423,-72.86058435807851,-72.86058435807851
837.27002348423,-72.8628354671129,-72.8628354671129
837.28002348423,-72.86509508965915,-72.86509508965915
837.29002348423,-72.86736320058677,-72.86736320058677
837.30002348423,-72.86963977468433,-72.86963977468433
837.31002348423,-72.871924786656,-72.871924786656
837.3200234842301,-72.87421821111744,-72.87421821111744
837.3300234842301,-72.87652002260825,-72.87652002260825
837.3400234842301,-72.87883019559261,-72.87883019559261
837.3500234842301,-72.8811487044482,-72.8811487044482
837.36002348423,-72.88347552350223,-72.88347552350223
837.37002348423,-72.88581062699153,-72.88581062699153
837.38002348423,-72.8881539890875,-72.8881539890875
837.39002348423,-72.89050558390157,-72.89050558390157
837.40002348423,-72.89286538548042,-72.89286538548042
837.41002348423,-72.8952333677939,-72.8952333677939
837.42002348423,-72.89760950476935,-72.89760950476935
837.43002348423,-72.89999377026706,-72.89999377026706
837.4400234842301,-72.9023861380908,-72.9023861380908
837.4500234842301,-72.9047865819932,-72.9047865819932
837.4600234842301,-72.90719507566381,-72.90719507566381
837.4700234842301,-72.90961159275625,-72.90961159275625
837.4800234842301,-72.9120361068644,-72.9120361068644
837.49002348423,-72.91446859153716,-72.91446859153716
837.50002348423,-72.91690902028131,-72.91690902028131
837.51002348423,-72.91935736655182,-72.91935736655182
837.52002348423,-72.92181360376878,-72.92181360376878
837.53002348423,-72.92427770531127,-72.92427770531127
837.54002348423,-72.92674964451524,-72.92674964451524
837.55002348423,-72.92922939468514,-72.92922939468514
837.56002348423,-72.93171692908119,-72.93171692908119
837.5700234842301,-72.93421222094108,-72.93421222094108
837.5800234842301,-72.93671524346436,-72.93671524346436
837.5900234842301,-72.93922596982024,-72.93922596982024
837.6000234842301,-72.94174437315246,-72.94174437315246
837.61002348423,-72.9442704265696,-72.9442704265696
837.62002348423,-72.94680410315375,-72.94680410315375
837.63002348423,-72.9493453759734,-72.9493453759734
837.64002348423,-72.95189421805861,-72.95189421805861
837.65002348423,-72.95445060242747,-72.95445060242747
837.66002348423,-72.95701450208139,-72.95701450208139
837.67002348423,-72.95958588999174,-72.95958588999174
837.68002348423,-72.96216473912597,-72.96216473912597
837.6900234842301,-72.96475102241769,-72.96475102241769
837.7000234842301,-72.96734471279889,-72.96734471279889
837.7100234842301,-72.9699457831863,-72.9699457831863
837.7200234842301,-72.97255420647636,-72.97255420647636
837.7300234842301,-72.97516995556585,-72.97516995556585
837.74002348423,-72.97779300332897,-72.97779300332897
837.75002348423,-72.98042332263424,-72.98042332263424
837.76002348423,-72.9830608863531,-72.9830608863531
837.77002348423,-72.98570566734566,-72.98570566734566
837.78002348423,-72.98835763845763,-72.98835763845763
837.79002348423,-72.99101677254659,-72.99101677254659
837.80002348423,-72.99368304245108,-72.99368304245108
837.81002348423,-72.99635642101153,-72.99635642101153
837.8200234842301,-72.99903688107906,-72.99903688107906
837.8300234842301,-73.00172439550597,-73.00172439550597
837.8400234842301,-73.0044189371287,-73.0044189371287
837.8500234842301,-73.00712047879121,-73.00712047879121
837.86002348423,-73.00982899335382,-73.00982899335382
837.87002348423,-73.01254445367204,-73.01254445367204
837.88002348423,-73.0152668326072,-73.0152668326072
837.89002348423,-73.01799610303257,-73.01799610303257
837.90002348423,-73.02073223781554,-73.02073223781554
837.91002348423,-73.02347520985428,-73.02347520985428
837.92002348423,-73.02622499203754,-73.02622499203754
837.93002348423,-73.02898155727026,-73.02898155727026
837.9400234842301,-73.03174487846714,-73.03174487846714
837.9500234842301,-73.03451492856715,-73.03451492856715
837.9600234842301,-73.03729168050734,-73.03729168050734
837.9700234842301,-73.04007510724962,-73.04007510724962
837.9800234842301,-73.04286518176337,-73.04286518176337
837.99002348423,-73.04566187703846,-73.04566187703846
838.00002348423,-73.04846516606919,-73.04846516606919
838.01002348423,-73.05127502188905,-73.05127502188905
838.02002348423,-73.05409141753165,-73.05409141753165
838.03002348423,-73.05691432606888,-73.05691432606888
838.04002348423,-73.05974372056822,-73.05974372056822
838.05002348423,-73.06257957413767,-73.06257957413767
838.06002348423,-73.0654218598924,-73.0654218598924
838.0700234842301,-73.06827055098064,-73.06827055098064
838.0800234842301,-73.07112562056726,-73.07112562056726
838.0900234842301,-73.07398704184648,-73.07398704184648
838.1000235080719,-73.07685479486375,-73.07685479486375
838.1100235080719,-73.07972883922574,-73.07972883922574
838.1200235080719,-73.08260915499771,-73.08260915499771
838.1300235080719,-73.08549571547097,-73.08549571547097
838.1400235080719,-73.08838849396223,-73.08838849396223
838.1500235080719,-73.09128746383495,-73.09128746383495
838.1600235080718,-73.09419259844846,-73.09419259844846
838.170023508072,-73.09710387121825,-73.09710387121825
838.1800235080719,-73.10002125558312,-73.10002125558312
838.1900235080719,-73.10294472499807,-73.10294472499807
838.2000235080719,-73.10587425297224,-73.10587425297224
838.2100235080719,-73.10880981302167,-73.10880981302167
838.2200235080719,-73.11175137871189,-73.11175137871189
838.2300235080719,-73.11469892363617,-73.11469892363617
838.2400235080719,-73.11765242142448,-73.11765242142448
838.2500235080719,-73.12061184573591,-73.12061184573591
838.2600235080719,-73.1235771702537,-73.1235771702537
838.2700235080719,-73.12654836871761,-73.12654836871761
838.2800235080718,-73.12952541489437,-73.12952541489437
838.290023508072,-73.13250828257655,-73.13250828257655
838.300023508072,-73.13549694561493,-73.13549694561493
838.3100235080719,-73.13849137788074,-73.13849137788074
838.3200235080719,-73.14149155328468,-73.14149155328468
838.3300235080719,-73.14449744577357,-73.14449744577357
838.3400235080719,-73.1475090293388,-73.1475090293388
838.3500235080719,-73.15052627800577,-73.15052627800577
838.3600235080719,-73.15354916584292,-73.15354916584292
838.3700235080719,-73.15657766695784,-73.15657766695784
838.3800235080719,-73.1596117555069,-73.1596117555069
838.3900235080719,-73.16265140566551,-73.16265140566551
838.4000235080719,-73.16569659167341,-73.16569659167341
838.4100235080718,-73.1687472877995,-73.1687472877995
838.420023508072,-73.17180346835487,-73.17180346835487
838.4300235080719,-73.17486510770081,-73.17486510770081
838.4400235080719,-73.17793218023375,-73.17793218023375
838.4500235080719,-73.1810046604006,-73.1810046604006
838.4600235080719,-73.18408252267633,-73.18408252267633
838.4700235080719,-73.18716574159782,-73.18716574159782
838.4800235080719,-73.190254291737,-73.190254291737
838.4900235080719,-73.193348147718,-73.193348147718
838.5000235080719,-73.1964472842041,-73.1964472842041
838.5100235080719,-73.19955167591004,-73.19955167591004
838.5200235080719,-73.20266129758438,-73.20266129758438
838.5300235080718,-73.20577612403312,-73.20577612403312
838.540023508072,-73.2088961300989,-73.2088961300989
838.550023508072,-73.21202129068739,-73.21202129068739
838.5600235080719,-73.21508511484832,-73.21508511484832
838.5700235080719,-73.21806551142073,-73.21806551142073
838.5800235080719,-73.22095505782454,-73.22095505782454
838.5900235080719,-73.22375111291791,-73.22375111291791
838.6000235080719,-73.22645281878442,-73.22645281878442
838.6100235080719,-73.229060085279,-73.229060085279
838.6200235080719,-73.23157320417063,-73.23157320417063
838.6300235080719,-73.23399268902381,-73.23399268902381
838.6400235080719,-73.23631920362568,-73.23631920362568
838.6500235080719,-73.23855352685769,-73.23855352685769
838.6600235080718,-73.24069653290856,-73.24069653290856
838.670023508072,-73.24274917778779,-73.24274917778779
838.6800235080719,-73.24471248850746,-73.24471248850746
838.6900235080719,-73.24658755346468,-73.24658755346468
838.7000235080719,-73.24837551352904,-73.24837551352904
838.7100235080719,-73.25007755376781,-73.25007755376781
838.7200235080719,-73.25169489573979,-73.25169489573979
838.7300235080719,-73.25322879048889,-73.25322879048889
838.7400235080719,-73.25468051220894,-73.25468051220894
838.7500235080719,-73.25605135262428,-73.25605135262428
838.7600235080719,-73.25734261599095,-73.25734261599095
838.7700235080719,-73.25855561476216,-73.25855561476216
838.7800235080718,-73.25969166580813,-73.25969166580813
838.790023508072,-73.26075208716748,-73.26075208716748
838.800023508072,-73.2617381952744,-73.2617381952744
838.8100235080719,-73.26265130256192,-73.26265130256192
838.8200235080719,-73.26349271546128,-73.26349271546128
838.8300235080719,-73.26426373269153,-73.26426373269153
838.8400235080719,-73.2649656438574,-73.2649656438574
838.8500235080719,-73.26559972823596,-73.26559972823596
838.8600235080719,-73.26616725380069,-73.26616725380069
838.8700235080719,-73.26666947639077,-73.26666947639077
838.8800235080719,-73.26710763906043,-73.26710763906043
838.8900235080719,-73.26748297153507,-73.26748297153507
838.9000235080719,-73.26779668977059,-73.26779668977059
838.9100235080718,-73.26804999561756,-73.26804999561756
838.920023508072,-73.26824407655975,-73.26824407655975
838.9300235080719,-73.26838010554505,-73.26838010554505
838.9400235080719,-73.26845924081563,-73.26845924081563
838.9500235319138,-73.26848262588057,-73.26848262588057
838.9600235319137,-73.26844499678121,-73.26844499678121
838.9700235319137,-73.2683446672756,-73.2683446672756
838.9800235319137,-73.26818137169066,-73.26818137169066
838.9900235319137,-73.26795549414429,-73.26795549414429
839.0000235319137,-73.26766777441858,-73.26766777441858
839.0100235319137,-73.2673191552742,-73.2673191552742
839.0200235319138,-73.26691069305917,-73.26691069305917
839.0300235319138,-73.26644350404925,-73.26644350404925
839.0400235319138,-73.26591873222024,-73.26591873222024
839.0500235319138,-73.26533752996437,-73.26533752996437
839.0600235319138,-73.26470104664011,-73.26470104664011
839.0700235319138,-73.26401042190571,-73.26401042190571
839.0800235319138,-73.2632667819455,-73.2632667819455
839.0900235319137,-73.2624712374576,-73.2624712374576
839.1000235319137,-73.26162488271632,-73.26162488271632
839.1100235319137,-73.26072879526625,-73.26072879526625
839.1200235319137,-73.25978403600486,-73.25978403600486
839.1300235319137,-73.2587916494503,-73.2587916494503
839.1400235319138,-73.25775266413166,-73.25775266413166
839.1500235319138,-73.25666809301804,-73.25666809301804
839.1600235319138,-73.2555389339381,-73.2555389339381
839.1700235319138,-73.25436617002582,-73.25436617002582
839.1800235319138,-73.25315077011122,-73.25315077011122
839.1900235319138,-73.25189368911401,-73.25189368911401
839.2000235319138,-73.25059586835856,-73.25059586835856
839.2100235319137,-73.24925823592554,-73.24925823592554
839.2200235319137,-73.24788170691609,-73.24788170691609
839.2300235319137,-73.246467183752,-73.246467183752
839.2400235319137,-73.24501555639264,-73.24501555639264
839.2500235319137,-73.24352770258615,-73.24352770258615
839.2600235319137,-73.24200448806951,-73.24200448806951
839.2700235319138,-73.24044676675835,-73.24044676675835
839.2800235319138,-73.23885538097717,-73.23885538097717
839.2900235319138,-73.23723116155956,-73.23723116155956
839.3000235319138,-73.23557492808013,-73.23557492808013
839.3100235319138,-73.23388748896728,-73.23388748896728
839.3200235319138,-73.23216964167449,-73.23216964167449
839.3300235319138,-73.23042217282078,-73.23042217282078
839.3400235319137,-73.22864585831861,-73.22864585831861
839.3500235319137,-73.22684146350808,-73.22684146350808
839.3600235319137,-73.22500974329864,-73.22500974329864
839.3700235319137,-73.22315144228271,-73.22315144228271
839.3800235319137,-73.2212672948603,-73.2212672948603
839.3900235319138,-73.21935802534597,-73.21935802534597
839.4000235319138,-73.2174243481204,-73.2174243481204
839.4100235319138,-73.2154669677031,-73.2154669677031
839.4200235319138,-73.21348657887415,-73.21348657887415
839.4300235319138,-73.21148386681662,-73.21148386681662
839.4400235319138,-73.20945950718027,-73.20945950718027
839.4500235319138,-73.20741416621492,-73.20741416621492
839.4600235319137,-73.20534850087743,-73.20534850087743
839.4700235319137,-73.20326315892274,-73.20326315892274
839.4800235319137,-73.20115877901662,-73.20115877901662
839.4900235319137,-73.19903599082934,-73.19903599082934
839.5000235319137,-73.19689541514425,-73.19689541514425
839.5100235319137,-73.19473766396663,-73.19473766396663
839.5200235319138,-73.19256334058302,-73.19256334058302
839.5300235319138,-73.19037303972323,-73.19037303972323
839.5400235319138,-73.18816734759736,-73.18816734759736
839.5500235319138,-73.18594684203578,-73.18594684203578
839.5600235319138,-73.18371209254228,-73.18371209254228
839.5700235319138,-73.18146366043199,-73.18146366043199
839.5800235319138,-73.17920209888953,-73.17920209888953
839.5900235319137,-73.17692795309969,-73.17692795309969
839.6000235319137,-73.1746417602939,-73.1746417602939
839.6100235319137,-73.1723440498885,-73.1723440498885
839.6200235319137,-73.17003534353493,-73.17003534353493
839.6300235319137,-73.16771615523697,-73.16771615523697
839.6400235319138,-73.16538699143155,-73.16538699143155
839.6500235319138,-73.16304835107505,-73.16304835107505
839.6600235319138,-73.1607007257341,-73.1607007257341
839.6700235319138,-73.15834459967095,-73.15834459967095
839.6800235319138,-73.1559804499208,-73.1559804499208
839.6900235319138,-73.15360874640423,-73.15360874640423
839.7000235319138,-73.15122995198014,-73.15122995198014
839.7100235319137,-73.14883814252269,-73.14883814252269
839.7200235319137,-73.1464309737508,-73.1464309737508
839.7300235319137,-73.1440075282312,-73.1440075282312
839.7400235319137,-73.141567545386,-73.141567545386
839.7500235319137,-73.13911112780279,-73.13911112780279
839.7600235319137,-73.13663858882568,-73.13663858882568
839.7700235319138,-73.13415036320806,-73.13415036320806
839.7800235319138,-73.13164695350454,-73.13164695350454
839.7900235319138,-73.12912889779025,-73.12912889779025
839.8000235557556,-73.12659674432126,-73.12659674432126
839.8100235557556,-73.12405106408792,-73.12405106408792
839.8200235557556,-73.12149240807099,-73.12149240807099
839.8300235557556,-73.1189213272997,-73.1189213272997
839.8400235557556,-73.11633836485495,-73.11633836485495
839.8500235557556,-73.1137440548076,-73.1137440548076
839.8600235557556,-73.11113892186712,-73.11113892186712
839.8700235557557,-73.10852348135347,-73.10852348135347
839.8800235557557,-73.10589823940472,-73.10589823940472
839.8900235557556,-73.10326369325058,-73.10326369325058
839.9000235557556,-73.10062033157703,-73.10062033157703
839.9100235557556,-73.09796863486643,-73.09796863486643
839.9200235557556,-73.09530907574522,-73.09530907574522
839.9300235557556,-73.09264211929705,-73.09264211929705
839.9400235557556,-73.08996822333927,-73.08996822333927
839.9500235557556,-73.08728783870974,-73.08728783870974
839.9600235557556,-73.0846014094564,-73.0846014094564
839.9700235557556,-73.08190937309297,-73.08190937309297
839.9800235557556,-73.07921216076221,-73.07921216076221
839.9900235557557,-73.07651019737617,-73.07651019737617
840.0000235557557,-73.07380390180512,-73.07380390180512
840.0100235557557,-73.07109368696996,-73.07109368696996
840.0200235557556,-73.0683799599715,-73.0683799599715
840.0300235557556,-73.06566312220599,-73.06566312220599
840.0400235557556,-73.06294356942462,-73.06294356942462
840.0500235557556,-73.06022169186355,-73.06022169186355
840.0600235557556,-73.05749787427676,-73.05749787427676
840.0700235557556,-73.05477249603652,-73.05477249603652
840.0800235557556,-73.05204593119872,-73.05204593119872
840.0900235557556,-73.04931854854811,-73.04931854854811
840.1000235557556,-73.04659071166955,-73.04659071166955
840.1100235557556,-73.0438627790051,-73.0438627790051
840.1200235557557,-73.04113510388638,-73.04113510388638
840.1300235557557,-73.03840803462039,-73.03840803462039
840.1400235557556,-73.03568191449612,-73.03568191449612
840.1500235557556,-73.03295708187066,-73.03295708187066
840.1600235557556,-73.03023387018384,-73.03023387018384
840.1700235557556,-73.02751260802728,-73.02751260802728
840.1800235557556,-73.02479361917057,-73.02479361917057
840.1900235557556,-73.02207722261896,-73.02207722261896
840.2000235557556,-73.01936373263557,-73.01936373263557
840.2100235557556,-73.01665345881717,-73.01665345881717
840.2200235557556,-73.01394670610836,-73.01394670610836
840.2300235557556,-73.01124377483679,-73.01124377483679
840.2400235557557,-73.00854496079296,-73.00854496079296
840.2500235557557,-73.00585055523884,-73.00585055523884
840.2600235557557,-73.00316084495756,-73.00316084495756
840.2700235557556,-73.0004761122995,-73.0004761122995
840.2800235557556,-72.9977966352182,-72.9977966352182
840.2900235557556,-72.99512268731097,-72.99512268731097
840.3000235557556,-72.9924545378705,-72.9924545378705
840.3100235557556,-72.98979245192052,-72.98979245192052
840.3200235557556,-72.98713669023923,-72.98713669023923
840.3300235557556,-72.98448750942751,-72.98448750942751
840.3400235557556,-72.9818451619385,-72.9818451619385
840.3500235557556,-72.97920989612074,-72.97920989612074
840.3600235557556,-72.9765819562587,-72.9765819562587
840.3700235557557,-72.97396158260632,-72.97396158260632
840.3800235557557,-72.9713490114446,-72.9713490114446
840.3900235557556,-72.96874447510288,-72.96874447510288
840.4000235557556,-72.96614820201044,-72.96614820201044
840.4100235557556,-72.96356041674775,-72.96356041674775
840.4200235557556,-72.96098134006495,-72.96098134006495
840.4300235557556,-72.95841118894468,-72.95841118894468
840.4400235557556,-72.95585017661949,-72.95585017661949
840.4500235557556,-72.95329851263686,-72.95329851263686
840.4600235557556,-72.95075640288934,-72.95075640288934
840.4700235557556,-72.94822404963801,-72.94822404963801
840.4800235557556,-72.94570165159534,-72.94570165159534
840.4900235557557,-72.94318940390711,-72.94318940390711
840.5000235557557,-72.94068749825422,-72.94068749825422
840.5100235557557,-72.93819612283357,-72.93819612283357
840.5200235557556,-72.93571546245427,-72.93571546245427
840.5300235557556,-72.9332456985307,-72.9332456985307
840.5400235557556,-72.93078700915244,-72.93078700915244
840.5500235557556,-72.92833956909163,-72.92833956909163
840.5600235557556,-72.92590354988398,-72.92590354988398
840.5700235557556,-72.92347911983097,-72.92347911983097
840.5800235557556,-72.92106644405875,-72.92106644405875
840.5900235557556,-72.91866568454104,-72.91866568454104
840.6000235557556,-72.9162770001636,-72.9162770001636
840.6100235557556,-72.91390054672232,-72.91390054672232
840.6200235557557,-72.91153647700202,-72.91153647700202
840.6300235557557,-72.90918494079206,-72.90918494079206
840.6400235557556,-72.90684608490368,-72.90684608490368
840.6500235795975,-72.90452004771336,-72.90452004771336
840.6600235795975,-72.90220698136454,-72.90220698136454
840.6700235795975,-72.89990701845487,-72.89990701845487
840.6800235795974,-72.89762029433743,-72.89762029433743
840.6900235795974,-72.89534694161907,-72.89534694161907
840.7000235795974,-72.8930870901435,-72.8930870901435
840.7100235795974,-72.8908345106957,-72.8908345106957
840.7200235795975,-72.88858654555472,-72.88858654555472
840.7300235795975,-72.8863419630655,-72.8863419630655
840.7400235795975,-72.88410019028424,-72.88410019028424
840.7500235795975,-72.88186102027541,-72.88186102027541
840.7600235795975,-72.87962446012236,-72.87962446012236
840.7700235795975,-72.87739064182009,-72.87739064182009
840.7800235795975,-72.87515976873463,-72.87515976873463
840.7900235795975,-72.87293208339725,-72.87293208339725
840.8000235795975,-72.87070784816292,-72.87070784816292
840.8100235795974,-72.86848733369453,-72.86848733369453
840.8200235795974,-72.86627081221332,-72.86627081221332
840.8300235795974,-72.86405855360016,-72.86405855360016
840.8400235795975,-72.86185082327559,-72.86185082327559
840.8500235795975,-72.85964788118383,-72.85964788118383
840.8600235795975,-72.85744998134099,-72.85744998134099
840.8700235795975,-72.855257371797,-72.855257371797
840.8800235795975,-72.8530702948347,-72.8530702948347
840.8900235795975,-72.850888987159,-72.850888987159
840.9000235795975,-72.84871368026467,-72.84871368026467
840.9100235795975,-72.84654460074289,-72.84654460074289
840.9200235795975,-72.84438197056696,-72.84438197056696
840.9300235795974,-72.84222600738755,-72.84222600738755
840.9400235795974,-72.84007692478367,-72.84007692478367
840.9500235795974,-72.83793493249523,-72.83793493249523
840.9600235795974,-72.83579388556562,-72.83579388556562
840.9700235795975,-72.83365120706671,-72.83365120706671
840.9800235795975,-72.83150574437178,-72.83150574437178
840.9900235795975,-72.82935700249647,-72.82935700249647
841.0000235795975,-72.82720485171046,-72.82720485171046
841.0100235795975,-72.82504937571207,-72.82504937571207
841.0200235795975,-72.82289078259238,-72.82289078259238
841.0300235795975,-72.8207293514329,-72.8207293514329
841.0400235795975,-72.81856540009458,-72.81856540009458
841.0500235795975,-72.81639926593715,-72.81639926593715
841.0600235795974,-72.81423129431653,-72.81423129431653
841.0700235795974,-72.81206183182609,-72.81206183182609
841.0800235795974,-72.80989122243437,-72.80989122243437
841.0900235795975,-72.80771980535278,-72.80771980535278
841.1000235795975,-72.80554791401633,-72.80554791401633
841.1100235795975,-72.80337587561533,-72.80337587561533
841.1200235795975,-72.80120401107548,-72.80120401107548
841.1300235795975,-72.79903263518077,-72.79903263518077
841.1400235795975,-72.79686205685269,-72.79686205685269
841.1500235795975,-72.79469257942911,-72.79469257942911
841.1600235795975,-72.7925245009726,-72.7925245009726
841.1700235795975,-72.79035811455236,-72.79035811455236
841.1800235795974,-72.78819370852487,-72.78819370852487
841.1900235795974,-72.78603156676354,-72.78603156676354
841.2000235795974,-72.78387196888697,-72.78387196888697
841.2100235795974,-72.7817088451242,-72.7817088451242
841.2200235795975,-72.7795396906681,-72.7795396906681
841.2300235795975,-72.77736342345833,-72.77736342345833
841.2400235795975,-72.77517961812948,-72.77517961812948
841.2500235795975,-72.77298821378604,-72.77298821378604
841.2600235795975,-72.77078936228548,-72.77078936228548
841.2700235795975,-72.76858333928337,-72.76858333928337
841.2800235795975,-72.76637049079861,-72.76637049079861
841.2900235795975,-72.76415120106046,-72.76415120106046
841.3000235795975,-72.76192587319854,-72.76192587319854
841.3100235795974,-72.75969491776316,-72.75969491776316
841.3200235795974,-72.75745874594482,-72.75745874594482
841.3300235795974,-72.75521776572081,-72.75521776572081
841.3400235795975,-72.7529723797069,-72.7529723797069
841.3500235795975,-72.75072298412944,-72.75072298412944
841.3600235795975,-72.74846996836652,-72.74846996836652
841.3700235795975,-72.74621371492827,-72.74621371492827
841.3800235795975,-72.74395459954829,-72.74395459954829
841.3900235795975,-72.7416929914783,-72.7416929914783
841.4000235795975,-72.73942925376063,-72.73942925376063
841.4100235795975,-72.73716374353386,-72.73716374353386
841.4200235795975,-72.73489681231851,-72.73489681231851
841.4300235795974,-72.7326288062668,-72.7326288062668
841.4400235795974,-72.73036006643984,-72.73036006643984
841.4500235795974,-72.72809092897505,-72.72809092897505
841.4600235795974,-72.72582172531435,-72.72582172531435
841.4700235795975,-72.72355278230789,-72.72355278230789
841.4800235795975,-72.72128442241069,-72.72128442241069
841.4900235795975,-72.71901696375508,-72.71901696375508
841.5000236034393,-72.7167507148633,-72.7167507148633
841.5100236034393,-72.7144859963483,-72.7144859963483
841.5200236034393,-72.71222310855872,-72.71222310855872
841.5300236034393,-72.70996235325512,-72.70996235325512
841.5400236034393,-72.70770402825747,-72.70770402825747
841.5500236034393,-72.70544842750257,-72.70544842750257
841.5600236034393,-72.70319584105161,-72.70319584105161
841.5700236034394,-72.70094655515128,-72.70094655515128
841.5800236034394,-72.69870085227284,-72.69870085227284
841.5900236034394,-72.69645901109406,-72.69645901109406
841.6000236034394,-72.69422130656314,-72.69422130656314
841.6100236034393,-72.6919880098887,-72.6919880098887
841.6200236034393,-72.68975938858891,-72.68975938858891
841.6300236034393,-72.68753570649274,-72.68753570649274
841.6400236034393,-72.68531722375515,-72.68531722375515
841.6500236034393,-72.68310419688432,-72.68310419688432
841.6600236034393,-72.6808968787434,-72.6808968787434
841.6700236034393,-72.67869551857652,-72.67869551857652
841.6800236034393,-72.67650036203891,-72.67650036203891
841.6900236034394,-72.67431165118494,-72.67431165118494
841.7000236034394,-72.67212962450606,-72.67212962450606
841.7100236034394,-72.66995451694089,-72.66995451694089
841.7200236034394,-72.66778655988476,-72.66778655988476
841.7300236034393,-72.66562598122378,-72.66562598122378
841.7400236034393,-72.66347300534423,-72.66347300534423
841.7500236034393,-72.66132785315988,-72.66132785315988
841.7600236034393,-72.65919074212405,-72.65919074212405
841.7700236034393,-72.65706188623975,-72.65706188623975
841.7800236034393,-72.65494149610585,-72.65494149610585
841.7900236034393,-72.65282977891826,-72.65282977891826
841.8000236034393,-72.65072693850799,-72.65072693850799
841.8100236034393,-72.64863317535311,-72.64863317535311
841.8200236034394,-72.6465486866016,-72.6465486866016
841.8300236034394,-72.64447366609882,-72.64447366609882
841.8400236034394,-72.6424083044177,-72.6424083044177
841.8500236034394,-72.64035278887832,-72.64035278887832
841.8600236034393,-72.63830730355579,-72.63830730355579
841.8700236034393,-72.63627202934795,-72.63627202934795
841.8800236034393,-72.63424714396298,-72.63424714396298
841.8900236034393,-72.63223282196348,-72.63223282196348
841.9000236034393,-72.630229234783,-72.630229234783
841.9100236034393,-72.62823655076946,-72.62823655076946
841.9200236034393,-72.62625493520659,-72.62625493520659
841.9300236034393,-72.62428455033134,-72.62428455033134
841.9400236034394,-72.62232555536603,-72.62232555536603
841.9500236034394,-72.62037810657222,-72.62037810657222
841.9600236034394,-72.61844235723835,-72.61844235723835
841.9700236034394,-72.61651845773689,-72.61651845773689
841.9800236034393,-72.61460655554343,-72.61460655554343
841.9900236034393,-72.61270679528513,-72.61270679528513
842.0000236034393,-72.61081931872637,-72.61081931872637
842.0100236034393,-72.60894426484921,-72.60894426484921
842.0200236034393,-72.6070817698429,-72.6070817698429
842.0300236034393,-72.60523196716049,-72.60523196716049
842.0400236034393,-72.60339498753578,-72.60339498753578
842.0500236034393,-72.60157095902153,-72.60157095902153
842.0600236034393,-72.59976000700266,-72.59976000700266
842.0700236034394,-72.59796225424977,-72.59796225424977
842.0800236034394,-72.59617782093802,-72.59617782093802
842.0900236034394,-72.5944068246666,-72.5944068246666
842.1000236034394,-72.59264938051112,-72.59264938051112
842.1100236034393,-72.59090560102779,-72.59090560102779
842.1200236034393,-72.58917559630322,-72.58917559630322
842.1300236034393,-72.58745947397733,-72.58745947397733
842.1400236034393,-72.58575733927255,-72.58575733927255
842.1500236034393,-72.58406929503155,-72.58406929503155
842.1600236034393,-72.58239544173173,-72.58239544173173
842.1700236034393,-72.58073587751494,-72.58073587751494
842.1800236034393,-72.57909069823367,-72.57909069823367
842.1900236034394,-72.57745999747456,-72.57745999747456
842.2000236034394,-72.5758438665793,-72.5758438665793
842.2100236034394,-72.57424239466965,-72.57424239466965
842.2200236034394,-72.5726556686916,-72.5726556686916
842.2300236034393,-72.57108377342524,-72.57108377342524
842.2400236034393,-72.56952679154804,-72.56952679154804
842.2500236034393,-72.56798480361209,-72.56798480361209
842.2600236034393,-72.56645788810636,-72.56645788810636
842.2700236034393,-72.56494612148613,-72.56494612148613
842.2800236034393,-72.56344957818253,-72.56344957818253
842.2900236034393,-72.56196833063724,-72.56196833063724
842.3000236034393,-72.56050244934076,-72.56050244934076
842.3100236034393,-72.55905200282704,-72.55905200282704
842.3200236034394,-72.5576170577458,-72.5576170577458
842.3300236034394,-72.55619767884485,-72.55619767884485
842.3400236034394,-72.55479392903435,-72.55479392903435
842.3500236272812,-72.5534058660848,-72.5534058660848
842.3600236272812,-72.55203355592188,-72.55203355592188
842.3700236272812,-72.55067705267535,-72.55067705267535
842.3800236272812,-72.54933641208059,-72.54933641208059
842.3900236272812,-72.54801168814456,-72.54801168814456
842.4000236272811,-72.54670293317768,-72.54670293317768
842.4100236272811,-72.54541019780571,-72.54541019780571
842.4200236272812,-72.54413353099962,-72.54413353099962
842.4300236272812,-72.54287298009977,-72.54287298009977
842.4400236272812,-72.54162859083833,-72.54162859083833
842.4500236272812,-72.54040040736403,-72.54040040736403
842.4600236272812,-72.53918214982606,-72.53918214982606
842.4700236272812,-72.5379710938101,-72.5379710938101
842.4800236272812,-72.53676593509599,-72.53676593509599
842.4900236272812,-72.53556602610993,-72.53556602610993
842.5000236272812,-72.53437108450804,-72.53437108450804
842.5100236272812,-72.53318104190792,-72.53318104190792
842.5200236272811,-72.53199595510662,-72.53199595510662
842.5300236272811,-72.53081595277585,-72.53081595277585
842.5400236272812,-72.52964120335929,-72.52964120335929
842.5500236272812,-72.52847189583777,-72.52847189583777
842.5600236272812,-72.52730822822141,-72.52730822822141
842.5700236272812,-72.52615040083813,-72.52615040083813
842.5800236272812,-72.52499861247952,-72.52499861247952
842.5900236272812,-72.52385305827764,-72.52385305827764
842.6000236272812,-72.52271392867803,-72.52271392867803
842.6100236272812,-72.5215814090272,-72.5215814090272
842.6200236272812,-72.52045567953652,-72.52045567953652
842.6300236272812,-72.51933691542224,-72.51933691542224
842.6400236272812,-72.51822528720604,-72.51822528720604
842.6500236272811,-72.51712096097566,-72.51712096097566
842.6600236272811,-72.5160240987493,-72.5160240987493
842.6700236272812,-72.514934858739,-72.514934858739
842.6800236272812,-72.51385339566802,-72.51385339566802
842.6900236272812,-72.51277986097858,-72.51277986097858
842.7000236272812,-72.51171440308646,-72.51171440308646
842.7100236272812,-72.51065084791655,-72.51065084791655
842.7200236272812,-72.50958657429632,-72.50958657429632
842.7300236272812,-72.50852037970414,-72.50852037970414
842.7400236272812,-72.50745171707655,-72.50745171707655
842.7500236272812,-72.50638040365423,-72.50638040365423
842.7600236272812,-72.50530646977928,-72.50530646977928
842.7700236272811,-72.50423007025837,-72.50423007025837
842.7800236272811,-72.50315143108325,-72.50315143108325
842.7900236272812,-72.5020708173893,-72.5020708173893
842.8000236272812,-72.5009885142526,-72.5009885142526
842.8100236272812,-72.49990481519741,-72.49990481519741
842.8200236272812,-72.49882001552525,-72.49882001552525
842.8300236272812,-72.49773440841086,-72.49773440841086
842.8400236272812,-72.49664828284807,-72.49664828284807
842.8500236272812,-72.49556192259428,-72.49556192259428
842.8600236272812,-72.4944756057417,-72.4944756057417
842.8700236272812,-72.49338960469566,-72.49338960469566
842.8800236272812,-72.49230418630374,-72.49230418630374
842.8900236272812,-72.49121961212882,-72.49121961212882
842.9000236272811,-72.49013613874585,-72.49013613874585
842.9100236272811,-72.48905401805162,-72.48905401805162
842.9200236272812,-72.48797349751956,-72.48797349751956
842.9300236272812,-72.48689482052701,-72.48689482052701
842.9400236272812,-72.4858182265572,-72.4858182265572
842.9500236272812,-72.48474395140028,-72.48474395140028
842.9600236272812,-72.48367222738084,-72.48367222738084
842.9700236272812,-72.48260328347706,-72.48260328347706
842.9800236272812,-72.4815373454707,-72.4815373454707
842.9900236272812,-72.48047463606939,-72.48047463606939
843.0000236272812,-72.47941537497688,-72.47941537497688
843.0100236272812,-72.47835977900547,-72.47835977900547
843.0200236272811,-72.47730806212043,-72.47730806212043
843.0300236272811,-72.47626043550918,-72.47626043550918
843.0400236272812,-72.47521710761032,-72.47521710761032
843.0500236272812,-72.4741782841843,-72.4741782841843
843.0600236272812,-72.4731441683111,-72.4731441683111
843.0700236272812,-72.47211496043234,-72.47211496043234
843.0800236272812,-72.47109085837972,-72.47109085837972
843.0900236272812,-72.47007205738643,-72.47007205738643
843.1000236272812,-72.46905875010704,-72.46905875010704
843.1100236272812,-72.46805112661629,-72.46805112661629
843.1200236272812,-72.46704937444123,-72.46704937444123
843.1300236272812,-72.4660536785506,-72.4660536785506
843.1400236272812,-72.46506422137521,-72.46506422137521
843.1500236272811,-72.46408118282099,-72.46408118282099
843.1600236272811,-72.46310474026748,-72.46310474026748
843.1700236272812,-72.46213506856274,-72.46213506856274
843.1800236272812,-72.46117234007903,-72.46117234007903
843.1900236272812,-72.46021672464951,-72.46021672464951
843.200023651123,-72.45926838737714,-72.45926838737714
843.210023651123,-72.45832118363337,-72.45832118363337
843.220023651123,-72.45737251254859,-72.45737251254859
843.230023651123,-72.45642119311975,-72.45642119311975
843.240023651123,-72.45546669922389,-72.45546669922389
843.250023651123,-72.45450886855801,-72.45450886855801
843.260023651123,-72.45354775147153,-72.45354775147153
843.2700236511231,-72.45258352232432,-72.45258352232432
843.2800236511231,-72.45161642621265,-72.45161642621265
843.2900236511231,-72.45064674685696,-72.45064674685696
843.3000236511231,-72.44967478741154,-72.44967478741154
843.3100236511231,-72.44870085899133,-72.44870085899133
843.320023651123,-72.44772527391169,-72.44772527391169
843.330023651123,-72.44674834185302,-72.44674834185302
843.340023651123,-72.44577036775601,-72.44577036775601
843.350023651123,-72.44479165076832,-72.44479165076832
843.360023651123,-72.44381248383142,-72.44381248383142
843.370023651123,-72.4428331536662,-72.4428331536662
843.380023651123,-72.44185394089047,-72.44185394089047
843.3900236511231,-72.44087512030544,-72.44087512030544
843.4000236511231,-72.43989696120431,-72.43989696120431
843.4100236511231,-72.43891972768331,-72.43891972768331
843.4200236511231,-72.43794367893328,-72.43794367893328
843.4300236511231,-72.43696906953438,-72.43696906953438
843.440023651123,-72.43599614971485,-72.43599614971485
843.450023651123,-72.43502516554224,-72.43502516554224
843.460023651123,-72.43405635916285,-72.43405635916285
843.470023651123,-72.4330899689411,-72.4330899689411
843.480023651123,-72.43212622962274,-72.43212622962274
843.490023651123,-72.43116537246011,-72.43116537246011
843.500023651123,-72.43020762530982,-72.43020762530982
843.510023651123,-72.42925321275692,-72.42925321275692
843.5200236511231,-72.4283023561491,-72.4283023561491
843.5300236511231,-72.42735527371319,-72.42735527371319
843.5400236511231,-72.426412180587,-72.426412180587
843.5500236511231,-72.4254732888739,-72.4254732888739
843.5600236511231,-72.42453880769271,-72.42453880769271
843.570023651123,-72.42360894321993,-72.42360894321993
843.580023651123,-72.42268389871407,-72.42268389871407
843.590023651123,-72.4217638745494,-72.4217638745494
843.600023651123,-72.4208490682442,-72.4208490682442
843.610023651123,-72.41993967448438,-72.41993967448438
843.620023651123,-72.41903588514884,-72.41903588514884
843.630023651123,-72.41813788931458,-72.41813788931458
843.6400236511231,-72.4172458732924,-72.4172458732924
843.6500236511231,-72.41636002064769,-72.41636002064769
843.6600236511231,-72.41548051220458,-72.41548051220458
843.6700236511231,-72.41460752605649,-72.41460752605649
843.6800236511231,-72.4137412376068,-72.4137412376068
843.690023651123,-72.4128818195572,-72.4128818195572
843.700023651123,-72.41202944194126,-72.41202944194126
843.710023651123,-72.41117796320532,-72.41117796320532
843.720023651123,-72.41032478991073,-72.41032478991073
843.730023651123,-72.40946874511663,-72.40946874511663
843.740023651123,-72.4086093061476,-72.4086093061476
843.750023651123,-72.40774631373165,-72.40774631373165
843.760023651123,-72.40687982095372,-72.40687982095372
843.7700236511231,-72.40601000460958,-72.40601000460958
843.7800236511231,-72.40513711200049,-72.40513711200049
843.7900236511231,-72.40426142886832,-72.40426142886832
843.8000236511231,-72.40338326018907,-72.40338326018907
843.8100236511231,-72.40250291872283,-72.40250291872283
843.820023651123,-72.40162071827866,-72.40162071827866
843.830023651123,-72.40073696987815,-72.40073696987815
843.840023651123,-72.39985197967484,-72.39985197967484
843.850023651123,-72.39896604788866,-72.39896604788866
843.860023651123,-72.39807946843901,-72.39807946843901
843.870023651123,-72.39719252888217,-72.39719252888217
843.880023651123,-72.3963055105778,-72.3963055105778
843.8900236511231,-72.39541868897977,-72.39541868897977
843.9000236511231,-72.39453233394268,-72.39453233394268
843.9100236511231,-72.39364671002909,-72.39364671002909
843.9200236511231,-72.39276207681957,-72.39276207681957
843.9300236511231,-72.39187868922113,-72.39187868922113
843.940023651123,-72.39099679770163,-72.39099679770163
843.950023651123,-72.39011664852713,-72.39011664852713
843.960023651123,-72.38923848396456,-72.38923848396456
843.970023651123,-72.38836254245176,-72.38836254245176
843.980023651123,-72.38748905874728,-72.38748905874728
843.990023651123,-72.38661826407954,-72.38661826407954
844.000023651123,-72.38575038623526,-72.38575038623526
844.010023651123,-72.38488564967479,-72.38488564967479
844.0200236511231,-72.38402427560935,-72.38402427560935
844.0300236511231,-72.38316648207099,-72.38316648207099
844.0400236511231,-72.38231248398174,-72.38231248398174
844.0500236749649,-72.38146249117676,-72.38146249117676
844.0600236749649,-72.38061671656475,-72.38061671656475
844.0700236749649,-72.37977536398564,-72.37977536398564
844.0800236749649,-72.37893863637062,-72.37893863637062
844.0900236749649,-72.37810673376326,-72.37810673376326
844.1000236749649,-72.37727985332164,-72.37727985332164
844.1100236749649,-72.37645818936832,-72.37645818936832
844.120023674965,-72.37564193338136,-72.37564193338136
844.130023674965,-72.374831274062,-72.374831274062
844.1400236749649,-72.37402639730266,-72.37402639730266
844.1500236749649,-72.37322748625466,-72.37322748625466
844.1600236749649,-72.37243472130994,-72.37243472130994
844.1700236749649,-72.37164828014356,-72.37164828014356
844.1800236749649,-72.37086833771798,-72.37086833771798
844.1900236749649,-72.37009506629569,-72.37009506629569
844.2000236749649,-72.36932863548206,-72.36932863548206
844.2100236749649,-72.36856290782654,-72.36856290782654
844.2200236749649,-72.36779529200028,-72.36779529200028
844.2300236749649,-72.36702461231798,-72.36702461231798
844.240023674965,-72.36625034694342,-72.36625034694342
844.250023674965,-72.36547233722949,-72.36547233722949
844.2600236749649,-72.36469063668322,-72.36469063668322
844.2700236749649,-72.36390542241732,-72.36390542241732
844.2800236749649,-72.36311694194526,-72.36311694194526
844.2900236749649,-72.36232548114525,-72.36232548114525
844.3000236749649,-72.36153134506237,-72.36153134506237
844.3100236749649,-72.3607348464724,-72.3607348464724
844.3200236749649,-72.3599362991529,-72.3599362991529
844.3300236749649,-72.35913601404506,-72.35913601404506
844.3400236749649,-72.35833429718214,-72.35833429718214
844.3500236749649,-72.35753144864442,-72.35753144864442
844.3600236749649,-72.35672776216303,-72.35672776216303
844.370023674965,-72.35592352508935,-72.35592352508935
844.380023674965,-72.35511901857855,-72.35511901857855
844.3900236749649,-72.35431451782895,-72.35431451782895
844.4000236749649,-72.3535102924345,-72.3535102924345
844.4100236749649,-72.35270660668478,-72.35270660668478
844.4200236749649,-72.35190371988976,-72.35190371988976
844.4300236749649,-72.35110188665921,-72.35110188665921
844.4400236749649,-72.35030135716565,-72.35030135716565
844.4500236749649,-72.34950237737151,-72.34950237737151
844.4600236749649,-72.34869888719564,-72.34869888719564
844.4700236749649,-72.34788837060493,-72.34788837060493
844.4800236749649,-72.34706972578579,-72.34706972578579
844.490023674965,-72.34624250366961,-72.34624250366961
844.500023674965,-72.34540661742076,-72.34540661742076
844.5100236749649,-72.34456219153577,-72.34456219153577
844.5200236749649,-72.34370947339279,-72.34370947339279
844.5300236749649,-72.34284878009215,-72.34284878009215
844.5400236749649,-72.34198046649061,-72.34198046649061
844.5500236749649,-72.34110490602923,-72.34110490602923
844.5600236749649,-72.34022247933649,-72.34022247933649
844.5700236749649,-72.33933356752856,-72.33933356752856
844.5800236749649,-72.33843854838204,-72.33843854838204
844.5900236749649,-72.33753779428311,-72.33753779428311
844.6000236749649,-72.33663167118223,-72.33663167118223
844.6100236749649,-72.33572053822535,-72.33572053822535
844.620023674965,-72.33480474770937,-72.33480474770937
844.630023674965,-72.3338846452716,-72.3338846452716
844.6400236749649,-72.33296057013614,-72.33296057013614
844.6500236749649,-72.33203285546149,-72.33203285546149
844.6600236749649,-72.33110182863813,-72.33110182863813
844.6700236749649,-72.33016781160902,-72.33016781160902
844.6800236749649,-72.32923112113826,-72.32923112113826
844.6900236749649,-72.32829206908343,-72.32829206908343
844.7000236749649,-72.32735096262387,-72.32735096262387
844.7100236749649,-72.32640810443195,-72.32640810443195
844.7200236749649,-72.32546379287044,-72.32546379287044
844.7300236749649,-72.3245183221299,-72.3245183221299
844.740023674965,-72.32357198235114,-72.32357198235114
844.750023674965,-72.32262505975359,-72.32262505975359
844.7600236749649,-72.32167783670245,-72.32167783670245
844.7700236749649,-72.32073059181107,-72.32073059181107
844.7800236749649,-72.31978360000068,-72.31978360000068
844.7900236749649,-72.31883713253967,-72.31883713253967
844.8000236749649,-72.31789145714313,-72.31789145714313
844.8100236749649,-72.3169468379651,-72.3169468379651
844.8200236749649,-72.31600353566299,-72.31600353566299
844.8300236749649,-72.3150618074353,-72.3150618074353
844.8400236749649,-72.31412190702726,-72.31412190702726
844.8500236749649,-72.31318408478273,-72.31318408478273
844.8600236749649,-72.3122485876601,-72.3122485876601
844.870023674965,-72.31131565923671,-72.31131565923671
844.880023674965,-72.31038553977608,-72.31038553977608
844.8900236749649,-72.30945846618759,-72.30945846618759
844.9000236988068,-72.30853466989251,-72.30853466989251
844.9100236988068,-72.30761438561875,-72.30761438561875
844.9200236988067,-72.30669783820605,-72.30669783820605
844.9300236988067,-72.30578525146059,-72.30578525146059
844.9400236988067,-72.30487684594128,-72.30487684594128
844.9500236988067,-72.30397283898974,-72.30397283898974
844.9600236988067,-72.30307344475192,-72.30307344475192
844.9700236988068,-72.3021788741847,-72.3021788741847
844.9800236988068,-72.30128933508425,-72.30128933508425
844.9900236988068,-72.3004050320893,-72.3004050320893
845.0000236988068,-72.29952616670454,-72.29952616670454
845.0100236988068,-72.2986529373474,-72.2986529373474
845.0200236988068,-72.29778553932992,-72.29778553932992
845.0300236988068,-72.29692416489503,-72.29692416489503
845.0400236988067,-72.29606900323282,-72.29606900323282
845.0500236988067,-72.29522024050887,-72.29522024050887
845.0600236988067,-72.29437805988519,-72.29437805988519
845.0700236988067,-72.29354264152579,-72.29354264152579
845.0800236988067,-72.29271416264453,-72.29271416264453
845.0900236988068,-72.29189279749438,-72.29189279749438
845.1000236988068,-72.29107871743805,-72.29107871743805
845.1100236988068,-72.29027209091964,-72.29027209091964
845.1200236988068,-72.28947308352835,-72.28947308352835
845.1300236988068,-72.28868185798939,-72.28868185798939
845.1400236988068,-72.28789857421931,-72.28789857421931
845.1500236988068,-72.28712338933903,-72.28712338933903
845.1600236988068,-72.28635645768634,-72.28635645768634
845.1700236988067,-72.2855979308555,-72.2855979308555
845.1800236988067,-72.28484795771537,-72.28484795771537
845.1900236988067,-72.28410668445052,-72.28410668445052
845.2000236988067,-72.28337425455976,-72.28337425455976
845.2100236988067,-72.28265080891562,-72.28265080891562
845.2200236988068,-72.28193648574837,-72.28193648574837
845.2300236988068,-72.2812314207188,-72.2812314207188
845.2400236988068,-72.28053574691677,-72.28053574691677
845.2500236988068,-72.27984959489376,-72.27984959489376
845.2600236988068,-72.27917309268138,-72.27917309268138
845.2700236988068,-72.27850636584336,-72.27850636584336
845.2800236988068,-72.27784953746585,-72.27784953746585
845.2900236988067,-72.27720272822712,-72.27720272822712
845.3000236988067,-72.27656605637677,-72.27656605637677
845.3100236988067,-72.2759396378078,-72.2759396378078
845.3200236988067,-72.27532358605407,-72.27532358605407
845.3300236988067,-72.27471801232974,-72.27471801232974
845.3400236988068,-72.27412302555165,-72.27412302555165
845.3500236988068,-72.27353873236784,-72.27353873236784
845.3600236988068,-72.27296523719043,-72.27296523719043
845.3700236988068,-72.27240264220346,-72.27240264220346
845.3800236988068,-72.27185104741268,-72.27185104741268
845.3900236988068,-72.27131055065674,-72.27131055065674
845.4000236988068,-72.2707812476401,-72.2707812476401
845.4100236988068,-72.27026323196476,-72.27026323196476
845.4200236988067,-72.26975659513307,-72.26975659513307
845.4300236988067,-72.26926142661301,-72.26926142661301
845.4400236988067,-72.26877781382706,-72.26877781382706
845.4500236988067,-72.26830584218932,-72.26830584218932
845.4600236988067,-72.26784559514657,-72.26784559514657
845.4700236988068,-72.26739715418327,-72.26739715418327
845.4800236988068,-72.26696059887166,-72.26696059887166
845.4900236988068,-72.2665360068551,-72.2665360068551
845.5000236988068,-72.26612345392212,-72.26612345392212
845.5100236988068,-72.26572301400023,-72.26572301400023
845.5200236988068,-72.26533475917546,-72.26533475917546
845.5300236988068,-72.26495875975588,-72.26495875975588
845.5400236988067,-72.26459508424759,-72.26459508424759
845.5500236988067,-72.26424379942107,-72.26424379942107
845.5600236988067,-72.26390497029925,-72.26390497029925
845.5700236988067,-72.26357866020153,-72.26357866020153
845.5800236988067,-72.26326493076992,-72.26326493076992
845.5900236988068,-72.26296384197543,-72.26296384197543
845.6000236988068,-72.26267545217011,-72.26267545217011
845.6100236988068,-72.26239981806764,-72.26239981806764
845.6200236988068,-72.26213699479943,-72.26213699479943
845.6300236988068,-72.26188703593138,-72.26188703593138
845.6400236988068,-72.26164999347638,-72.26164999347638
845.6500236988068,-72.261425917928,-72.261425917928
845.6600236988068,-72.26121485826398,-72.26121485826398
845.6700236988067,-72.26101686199584,-72.26101686199584
845.6800236988067,-72.26083197516459,-72.26083197516459
845.6900236988067,-72.26066024236972,-72.26066024236972
845.7000236988067,-72.26050170679773,-72.26050170679773
845.7100236988067,-72.26035641024014,-72.26035641024014
845.7200236988068,-72.26022439309607,-72.26022439309607
845.7300236988068,-72.260105694422,-72.260105694422
845.7400236988068,-72.26000035193051,-72.26000035193051
845.7500237226486,-72.25990840180053,-72.25990840180053
845.7600237226486,-72.25982987960369,-72.25982987960369
845.7700237226486,-72.259764818899,-72.259764818899
845.7800237226486,-72.25971325223693,-72.25971325223693
845.7900237226486,-72.25967521093646,-72.25967521093646
845.8000237226486,-72.25965072510346,-72.25965072510346
845.8100237226486,-72.25963982362025,-72.25963982362025
845.8200237226487,-72.2596425341871,-72.2596425341871
845.8300237226487,-72.25965888335129,-72.25965888335129
845.8400237226487,-72.25968889649315,-72.25968889649315
845.8500237226486,-72.25973259786794,-72.25973259786794
845.8600237226486,-72.25979001061256,-72.25979001061256
845.8700237226486,-72.25986115676919,-72.25986115676919
845.8800237226486,-72.25994605728994,-72.25994605728994
845.8900237226486,-72.26004473207512,-72.26004473207512
845.9000237226486,-72.2601571999643,-72.2601571999643
845.9100237226486,-72.26028347877494,-72.26028347877494
845.9200237226486,-72.26042358530157,-72.26042358530157
845.9300237226486,-72.26057753533958,-72.26057753533958
845.9400237226487,-72.26074534369457,-72.26074534369457
845.9500237226487,-72.26092702422363,-72.26092702422363
845.9600237226487,-72.26111629447382,-72.26111629447382
845.9700237226486,-72.26131041461606,-72.26131041461606
845.9800237226486,-72.26150806007414,-72.26150806007414
845.9900237226486,-72.26170856084845,-72.26170856084845
846.0000237226486,-72.26191161122594,-72.26191161122594
846.0100237226486,-72.26211711896497,-72.26211711896497
846.0200237226486,-72.26232511686791,-72.26232511686791
846.0300237226486,-72.26253570960301,-72.26253570960301
846.0400237226486,-72.26274904173046,-72.26274904173046
846.0500237226486,-72.26296527853394,-72.26296527853394
846.0600237226486,-72.26318459459169,-72.26318459459169
846.0700237226487,-72.26340716706127,-72.26340716706127
846.0800237226487,-72.2636331718762,-72.2636331718762
846.0900237226487,-72.26386278163518,-72.26386278163518
846.1000237226486,-72.26409616457991,-72.26409616457991
846.1100237226486,-72.26433348421767,-72.26433348421767
846.1200237226486,-72.26457489926095,-72.26457489926095
846.1300237226486,-72.26482056381982,-72.26482056381982
846.1400237226486,-72.26507062763915,-72.26507062763915
846.1500237226486,-72.26532523644599,-72.26532523644599
846.1600237226486,-72.26558453225027,-72.26558453225027
846.1700237226486,-72.26584865364528,-72.26584865364528
846.1800237226486,-72.26611773609764,-72.26611773609764
846.1900237226487,-72.26639191219877,-72.26639191219877
846.2000237226487,-72.26667131188093,-72.26667131188093
846.2100237226487,-72.26695606262038,-72.26695606262038
846.2200237226486,-72.26724628958956,-72.26724628958956
846.2300237226486,-72.26754211581881,-72.26754211581881
846.2400237226486,-72.26784366231848,-72.26784366231848
846.2500237226486,-72.2681510481556,-72.2681510481556
846.2600237226486,-72.26846439058548,-72.26846439058548
846.2700237226486,-72.26878380507316,-72.26878380507316
846.2800237226486,-72.26910940542115,-72.26910940542115
846.2900237226486,-72.2694413037491,-72.2694413037491
846.3000237226486,-72.26977961059497,-72.26977961059497
846.3100237226486,-72.27012443490759,-72.27012443490759
846.3200237226487,-72.27047588410873,-72.27047588410873
846.3300237226487,-72.27083406411052,-72.27083406411052
846.3400237226487,-72.27119907931022,-72.27119907931022
846.3500237226486,-72.27157103263738,-72.27157103263738
846.3600237226486,-72.27195002555547,-72.27195002555547
846.3700237226486,-72.27233615806742,-72.27233615806742
846.3800237226486,-72.27272952874152,-72.27272952874152
846.3900237226486,-72.27313023468331,-72.27313023468331
846.4000237226486,-72.27353837159743,-72.27353837159743
846.4100237226486,-72.273954033738,-72.273954033738
846.4200237226486,-72.27437731394777,-72.27437731394777
846.4300237226486,-72.27480830364628,-72.27480830364628
846.4400237226487,-72.2752470928377,-72.2752470928377
846.4500237226487,-72.27569377012308,-72.27569377012308
846.4600237226487,-72.27614842267954,-72.27614842267954
846.4700237226486,-72.27661113629138,-72.27661113629138
846.4800237226486,-72.27708199533598,-72.27708199533598
846.4900237226486,-72.27756108278405,-72.27756108278405
846.5000237226486,-72.27804848021937,-72.27804848021937
846.5100237226486,-72.27854426783308,-72.27854426783308
846.5200237226486,-72.2790485244291,-72.2790485244291
846.5300237226486,-72.27956132742179,-72.27956132742179
846.5400237226486,-72.28008275284552,-72.28008275284552
846.5500237226486,-72.28061287536876,-72.28061287536876
846.5600237226486,-72.28115176828744,-72.28115176828744
846.5700237226487,-72.28169950352037,-72.28169950352037
846.5800237226487,-72.28225615165164,-72.28225615165164
846.5900237226487,-72.2828217818975,-72.2828217818975
846.6000237464905,-72.28339646349814,-72.28339646349814
846.6100237464905,-72.2839802602808,-72.2839802602808
846.6200237464905,-72.28457323878654,-72.28457323878654
846.6300237464905,-72.28517546289686,-72.28517546289686
846.6400237464904,-72.2857869951781,-72.2857869951781
846.6500237464904,-72.28640789687414,-72.28640789687414
846.6600237464904,-72.28703822794496,-72.28703822794496
846.6700237464905,-72.28767804705578,-72.28767804705578
846.6800237464905,-72.28832741159076,-72.28832741159076
846.6900237464905,-72.28898637765424,-72.28898637765424
846.7000237464905,-72.28965500008759,-72.28965500008759
846.7100237464905,-72.29033333248178,-72.29033333248178
846.7200237464905,-72.2910214271799,-72.2910214271799
846.7300237464905,-72.29171933528852,-72.29171933528852
846.7400237464905,-72.2924271066945,-72.2924271066945
846.7500237464905,-72.29314479006479,-72.29314479006479
846.7600237464904,-72.29387243286348,-72.29387243286348
846.7700237464904,-72.29461008136842,-72.29461008136842
846.7800237464904,-72.29535778067526,-72.29535778067526
846.7900237464905,-72.29611557469369,-72.29611557469369
846.8000237464905,-72.29688350618866,-72.29688350618866
846.8100237464905,-72.29766161677748,-72.29766161677748
846.8200237464905,-72.29844994692697,-72.29844994692697
846.8300237464905,-72.29924853598416,-72.29924853598416
846.8400237464905,-72.30005742218569,-72.30005742218569
846.8500237464905,-72.3008766426658,-72.3008766426658
846.8600237464905,-72.30170623345573,-72.30170623345573
846.8700237464905,-72.30254622952214,-72.30254622952214
846.8800237464905,-72.3033966647485,-72.3033966647485
846.8900237464904,-72.30425757196947,-72.30425757196947
846.9000237464904,-72.30512898297603,-72.30512898297603
846.9100237464904,-72.30601092852936,-72.30601092852936
846.9200237464905,-72.3069034383654,-72.3069034383654
846.9300237464905,-72.30780654121074,-72.30780654121074
846.9400237464905,-72.30872026479742,-72.30872026479742
846.9500237464905,-72.30964463586523,-72.30964463586523
846.9600237464905,-72.31057968018719,-72.31057968018719
846.9700237464905,-72.31152542258751,-72.31152542258751
846.9800237464905,-72.31248188690896,-72.31248188690896
846.9900237464905,-72.3134490960756,-72.3134490960756
847.0000237464905,-72.31442707209132,-72.31442707209132
847.0100237464904,-72.31541583603135,-72.31541583603135
847.0200237464904,-72.31641540807178,-72.31641540807178
847.0300237464904,-72.31742580750804,-72.31742580750804
847.0400237464905,-72.31844705273238,-72.31844705273238
847.0500237464905,-72.3194791612954,-72.3194791612954
847.0600237464905,-72.32052214987472,-72.32052214987472
847.0700237464905,-72.32157603429886,-72.32157603429886
847.0800237464905,-72.32264082957037,-72.32264082957037
847.0900237464905,-72.32371654988407,-72.32371654988407
847.1000237464905,-72.32480320858652,-72.32480320858652
847.1100237464905,-72.3259008182507,-72.3259008182507
847.1200237464905,-72.32700939065904,-72.32700939065904
847.1300237464905,-72.32812893680153,-72.32812893680153
847.1400237464904,-72.3292594669069,-72.3292594669069
847.1500237464904,-72.33040099045492,-72.33040099045492
847.1600237464904,-72.33155351616959,-72.33155351616959
847.1700237464905,-72.3327170520372,-72.3327170520372
847.1800237464905,-72.33389160533592,-72.33389160533592
847.1900237464905,-72.33507718260307,-72.33507718260307
847.2000237464905,-72.33627378969919,-72.33627378969919
847.2100237464905,-72.33748143176678,-72.33748143176678
847.2200237464905,-72.33870011328221,-72.33870011328221
847.2300237464905,-72.33992983803314,-72.33992983803314
847.2400237464905,-72.34117060916464,-72.34117060916464
847.2500237464905,-72.34242242914573,-72.34242242914573
847.2600237464904,-72.343685299818,-72.343685299818
847.2700237464904,-72.34495922237386,-72.34495922237386
847.2800237464904,-72.34624419739201,-72.34624419739201
847.2900237464905,-72.34754022483382,-72.34754022483382
847.3000237464905,-72.3488473040626,-72.3488473040626
847.3100237464905,-72.35016543382945,-72.35016543382945
847.3200237464905,-72.35149461231327,-72.35149461231327
847.3300237464905,-72.352834837096,-72.352834837096
847.3400237464905,-72.35418610521364,-72.35418610521364
847.3500237464905,-72.35554841312724,-72.35554841312724
847.3600237464905,-72.35692175675115,-72.35692175675115
847.3700237464905,-72.35830613145568,-72.35830613145568
847.3800237464905,-72.35970153208436,-72.35970153208436
847.3900237464904,-72.36110795294591,-72.36110795294591
847.4000237464904,-72.36252538783943,-72.36252538783943
847.4100237464904,-72.36395383005716,-72.36395383005716
847.4200237464905,-72.36539327237672,-72.36539327237672
847.4300237464905,-72.36684370709997,-72.36684370709997
847.4400237464905,-72.36830512603906,-72.36830512603906
847.4500237703323,-72.36977752404184,-72.36977752404184
847.4600237703323,-72.37126088498843,-72.37126088498843
847.4700237703323,-72.37275520275905,-72.37275520275905
847.4800237703323,-72.37426046730783,-72.37426046730783
847.4900237703323,-72.37577666815471,-72.37577666815471
847.5000237703323,-72.37730379436238,-72.37730379436238
847.5100237703323,-72.37884183457348,-72.37884183457348
847.5200237703324,-72.38039077701387,-72.38039077701387
847.5300237703324,-72.38195060948654,-72.38195060948654
847.5400237703324,-72.3835213193849,-72.3835213193849
847.5500237703324,-72.38510289370839,-72.38510289370839
847.5600237703324,-72.38669531905367,-72.38669531905367
847.5700237703323,-72.38829858162505,-72.38829858162505
847.5800237703323,-72.38991266726542,-72.38991266726542
847.5900237703323,-72.39153756143124,-72.39153756143124
847.6000237703323,-72.39317324920552,-72.39317324920552
847.6100237703323,-72.39481971531676,-72.39481971531676
847.6200237703323,-72.39647694414383,-72.39647694414383
847.6300237703323,-72.3981449197043,-72.3981449197043
847.6400237703324,-72.39982362568021,-72.39982362568021
847.6500237703324,-72.40151304543221,-72.40151304543221
847.6600237703324,-72.40321316196844,-72.40321316196844
847.6700237703324,-72.40492395797807,-72.40492395797807
847.6800237703324,-72.40664541583993,-72.40664541583993
847.6900237703323,-72.40837751762133,-72.40837751762133
847.7000237703323,-72.41012024507366,-72.41012024507366
847.7100237703323,-72.41186726689827,-72.41186726689827
847.7200237703323,-72.413615801619,-72.413615801619
847.7300237703323,-72.41536448650061,-72.41536448650061
847.7400237703323,-72.41711261539645,-72.41711261539645
847.7500237703323,-72.41885984786778,-72.41885984786778
847.7600237703323,-72.4206060581288,-72.4206060581288
847.7700237703324,-72.42235124643203,-72.42235124643203
847.7800237703324,-72.4240954858575,-72.4240954858575
847.7900237703324,-72.42583889027395,-72.42583889027395
847.8000237703324,-72.42758159511827,-72.42758159511827
847.8100237703324,-72.42932374596266,-72.42932374596266
847.8200237703323,-72.43106549178663,-72.43106549178663
847.8300237703323,-72.43280698111423,-72.43280698111423
847.8400237703323,-72.4345483599192,-72.4345483599192
847.8500237703323,-72.43628977056834,-72.43628977056834
847.8600237703323,-72.4380313514087,-72.4380313514087
847.8700237703323,-72.43977323671095,-72.43977323671095
847.8800237703323,-72.44151555682103,-72.44151555682103
847.8900237703324,-72.44325843840848,-72.44325843840848
847.9000237703324,-72.44500200476367,-72.44500200476367
847.9100237703324,-72.44674637610707,-72.44674637610707
847.9200237703324,-72.44849166985244,-72.44849166985244
847.9300237703324,-72.45023800089348,-72.45023800089348
847.9400237703323,-72.45198548185529,-72.45198548185529
847.9500237703323,-72.45373422326259,-72.45373422326259
847.9600237703323,-72.45548433375092,-72.45548433375092
847.9700237703323,-72.45723592021277,-72.45723592021277
847.9800237703323,-72.45898908792749,-72.45898908792749
847.9900237703323,-72.46074394067982,-72.46074394067982
848.0000237703323,-72.46250058084166,-72.46250058084166
848.0100237703323,-72.46425910945104,-72.46425910945104
848.0200237703324,-72.46601962628182,-72.46601962628182
848.0300237703324,-72.46778222990338,-72.46778222990338
848.0400237703324,-72.46954701769538,-72.46954701769538
848.0500237703324,-72.47131408589941,-72.47131408589941
848.0600237703324,-72.4730835296512,-72.4730835296512
848.0700237703323,-72.4748554429817,-72.4748554429817
848.0800237703323,-72.47662991885429,-72.47662991885429
848.0900237703323,-72.47840704916185,-72.47840704916185
848.1000237703323,-72.4801869247426,-72.4801869247426
848.1100237703323,-72.4819696353793,-72.4819696353793
848.1200237703323,-72.48375526980553,-72.48375526980553
848.1300237703323,-72.48554391569957,-72.48554391569957
848.1400237703324,-72.48733565971317,-72.48733565971317
848.1500237703324,-72.48913058743224,-72.48913058743224
848.1600237703324,-72.49092878339698,-72.49092878339698
848.1700237703324,-72.49273033110273,-72.49273033110273
848.1800237703324,-72.49453531298005,-72.49453531298005
848.1900237703323,-72.49634381040387,-72.49634381040387
848.2000237703323,-72.49815590369145,-72.49815590369145
848.2100237703323,-72.49997167207998,-72.49997167207998
848.2200237703323,-72.50179119376718,-72.50179119376718
848.2300237703323,-72.50361454585905,-72.50361454585905
848.2400237703323,-72.50544180439185,-72.50544180439185
848.2500237703323,-72.50727304431999,-72.50727304431999
848.2600237703323,-72.50910833953958,-72.50910833953958
848.2700237703324,-72.51094776285002,-72.51094776285002
848.2800237703324,-72.51279138598521,-72.51279138598521
848.2900237703324,-72.51463927957727,-72.51463927957727
848.3000237941742,-72.51649151761195,-72.51649151761195
848.3100237941742,-72.5183481597511,-72.5183481597511
848.3200237941742,-72.5202092777902,-72.5202092777902
848.3300237941742,-72.522074938042,-72.522074938042
848.3400237941742,-72.52394520575173,-72.52394520575173
848.3500237941741,-72.52582014507698,-72.52582014507698
848.3600237941741,-72.52769981910689,-72.52769981910689
848.3700237941742,-72.5295842898364,-72.5295842898364
848.3800237941742,-72.53147361822144,-72.53147361822144
848.3900237941742,-72.53336786413674,-72.53336786413674
848.4000237941742,-72.53526708638172,-72.53526708638172
848.4100237941742,-72.53717134270626,-72.53717134270626
848.4200237941742,-72.53908068980901,-72.53908068980901
848.4300237941742,-72.54099518332656,-72.54099518332656
848.4400237941742,-72.54291487786305,-72.54291487786305
848.4500237941742,-72.54483982696918,-72.54483982696918
848.4600237941742,-72.54676375798327,-72.54676375798327
848.4700237941742,-72.54868395362915,-72.54868395362915
848.4800237941741,-72.55059911719735,-72.55059911719735
848.4900237941742,-72.55250860901438,-72.55250860901438
848.5000237941742,-72.55441215507973,-72.55441215507973
848.5100237941742,-72.55630969571843,-72.55630969571843
848.5200237941742,-72.55820129686963,-72.55820129686963
848.5300237941742,-72.56008709675916,-72.56008709675916
848.5400237941742,-72.56196727384288,-72.56196727384288
848.5500237941742,-72.56384202757415,-72.56384202757415
848.5600237941742,-72.56571156691209,-72.56571156691209
848.5700237941742,-72.5675761036159,-72.5675761036159
848.5800237941742,-72.56943584836674,-72.56943584836674
848.5900237941742,-72.57129100865491,-72.57129100865491
848.6000237941741,-72.57314178774351,-72.57314178774351
848.6100237941741,-72.57498838422859,-72.57498838422859
848.6200237941742,-72.5768309920001,-72.5768309920001
848.6300237941742,-72.57866980041409,-72.57866980041409
848.6400237941742,-72.58050499447234,-72.58050499447234
848.6500237941742,-72.58233675518116,-72.58233675518116
848.6600237941742,-72.58416525983014,-72.58416525983014
848.6700237941742,-72.58599068228433,-72.58599068228433
848.6800237941742,-72.58781319324844,-72.58781319324844
848.6900237941742,-72.58963296051776,-72.58963296051776
848.7000237941742,-72.59145014916902,-72.59145014916902
848.7100237941742,-72.59326492175914,-72.59326492175914
848.7200237941742,-72.595077438487,-72.595077438487
848.7300237941741,-72.59688785730557,-72.59688785730557
848.7400237941742,-72.59869633405452,-72.59869633405452
848.7500237941742,-72.60050302256077,-72.60050302256077
848.7600237941742,-72.60230807470452,-72.60230807470452
848.7700237941742,-72.60411164047811,-72.60411164047811
848.7800237941742,-72.60591386808213,-72.60591386808213
848.7900237941742,-72.60771490393063,-72.60771490393063
848.8000237941742,-72.6095148927001,-72.6095148927001
848.8100237941742,-72.61131397737266,-72.61131397737266
848.8200237941742,-72.61311229924557,-72.61311229924557
848.8300237941742,-72.61490999796258,-72.61490999796258
848.8400237941742,-72.61670721152359,-72.61670721152359
848.8500237941741,-72.61850407630607,-72.61850407630607
848.8600237941741,-72.62030072706081,-72.62030072706081
848.8700237941742,-72.62209729693537,-72.62209729693537
848.8800237941742,-72.62389391748304,-72.62389391748304
848.8900237941742,-72.62569071863464,-72.62569071863464
848.9000237941742,-72.62748782875626,-72.62748782875626
848.9100237941742,-72.6292853746091,-72.6292853746091
848.9200237941742,-72.63108348135916,-72.63108348135916
848.9300237941742,-72.6328822726054,-72.6328822726054
848.9400237941742,-72.63468187036678,-72.63468187036678
848.9500237941742,-72.63648239506966,-72.63648239506966
848.9600237941742,-72.6382839655586,-72.6382839655586
848.9700237941742,-72.64008669911996,-72.64008669911996
848.9800237941741,-72.64189071145249,-72.64189071145249
848.9900237941742,-72.6436961166965,-72.6436961166965
849.0000237941742,-72.64550302741527,-72.64550302741527
849.0100237941742,-72.64731155461877,-72.64731155461877
849.0200237941742,-72.64911146664248,-72.64911146664248
849.0300237941742,-72.65089125625981,-72.65089125625981
849.0400237941742,-72.65264099997474,-72.65264099997474
849.0500237941742,-72.65435253500891,-72.65435253500891
849.0600237941742,-72.65601915126769,-72.65601915126769
849.0700237941742,-72.65763530130526,-72.65763530130526
849.0800237941742,-72.65919638324769,-72.65919638324769
849.0900237941742,-72.66069857880548,-72.66069857880548
849.1000237941741,-72.66213872801913,-72.66213872801913
849.1100237941741,-72.66351422928838,-72.66351422928838
849.1200237941742,-72.66482295772232,-72.66482295772232
849.1300237941742,-72.66606319757977,-72.66606319757977
849.1400237941742,-72.66723358567397,-72.66723358567397
849.150023818016,-72.66833306635404,-72.66833306635404
849.160023818016,-72.66936084041109,-72.66936084041109
849.170023818016,-72.67031634680897,-72.67031634680897
849.180023818016,-72.67119922213367,-72.67119922213367
849.190023818016,-72.67200927789673,-72.67200927789673
849.200023818016,-72.67274647851612,-72.67274647851612
849.210023818016,-72.67341092221078,-72.67341092221078
849.2200238180161,-72.67400282436763,-72.67400282436763
849.2300238180161,-72.67452250302321,-72.67452250302321
849.2400238180161,-72.67497036613273,-72.67497036613273
849.2500238180161,-72.67534690043328,-72.67534690043328
849.2600238180161,-72.67565266165565,-72.67565266165565
849.270023818016,-72.67588826587703,-72.67588826587703
849.280023818016,-72.6760543819215,-72.6760543819215
849.290023818016,-72.67615172462175,-72.67615172462175
849.300023818016,-72.67618104889121,-72.67618104889121
849.310023818016,-72.67614314444349,-72.67614314444349
849.320023818016,-72.67603883111559,-72.67603883111559
849.330023818016,-72.67586895472999,-72.67586895472999
849.3400238180161,-72.67563438336819,-72.67563438336819
849.3500238180161,-72.67533600414808,-72.67533600414808
849.3600238180161,-72.67497472021445,-72.67497472021445
849.3700238180161,-72.67455144819851,-72.67455144819851
849.3800238180161,-72.6740671158383,-72.6740671158383
849.3900238180161,-72.67352265991843,-72.67352265991843
849.400023818016,-72.67291902437289,-72.67291902437289
849.410023818016,-72.67225715865011,-72.67225715865011
849.420023818016,-72.67153801619313,-72.67153801619313
849.430023818016,-72.67076255308987,-72.67076255308987
849.440023818016,-72.66993172687576,-72.66993172687576
849.450023818016,-72.6690464954532,-72.6690464954532
849.460023818016,-72.66810148442707,-72.66810148442707
849.4700238180161,-72.6670948818151,-72.6670948818151
849.4800238180161,-72.66602629773617,-72.66602629773617
849.4900238180161,-72.6648959985487,-72.6648959985487
849.5000238180161,-72.66370461431661,-72.66370461431661
849.5100238180161,-72.66245298667116,-72.66245298667116
849.520023818016,-72.66114207936792,-72.66114207936792
849.530023818016,-72.65977292441129,-72.65977292441129
849.540023818016,-72.65834658953122,-72.65834658953122
849.550023818016,-72.65686415847443,-72.65686415847443
849.560023818016,-72.65532671917836,-72.65532671917836
849.570023818016,-72.6537353566802,-72.6537353566802
849.580023818016,-72.65209114899868,-72.65209114899868
849.5900238180161,-72.65039516471867,-72.65039516471867
849.6000238180161,-72.64864846173954,-72.64864846173954
849.6100238180161,-72.64685208661464,-72.64685208661464
849.6200238180161,-72.64500707431738,-72.64500707431738
849.6300238180161,-72.64311444822819,-72.64311444822819
849.6400238180161,-72.64117522024054,-72.64117522024054
849.650023818016,-72.63919039089149,-72.63919039089149
849.660023818016,-72.63716094959214,-72.63716094959214
849.670023818016,-72.6350878747877,-72.6350878747877
849.680023818016,-72.63297213413385,-72.63297213413385
849.690023818016,-72.6308146846666,-72.6308146846666
849.700023818016,-72.62861647294041,-72.62861647294041
849.710023818016,-72.62637843514963,-72.62637843514963
849.7200238180161,-72.62410149724963,-72.62410149724963
849.7300238180161,-72.62178657506655,-72.62178657506655
849.7400238180161,-72.61943457431492,-72.61943457431492
849.7500238180161,-72.6170463907481,-72.6170463907481
849.7600238180161,-72.6146229101569,-72.6146229101569
849.770023818016,-72.6121650084792,-72.6121650084792
849.780023818016,-72.60967355180117,-72.60967355180117
849.790023818016,-72.60714939643923,-72.60714939643923
849.800023818016,-72.60459338896054,-72.60459338896054
849.810023818016,-72.60200636622368,-72.60200636622368
849.820023818016,-72.599389155435,-72.599389155435
849.830023818016,-72.59674257417002,-72.59674257417002
849.8400238180161,-72.59406743040533,-72.59406743040533
849.8500238180161,-72.59136452257992,-72.59136452257992
849.8600238180161,-72.58863463961048,-72.58863463961048
849.8700238180161,-72.58587856093706,-72.58587856093706
849.8800238180161,-72.58309705657295,-72.58309705657295
849.8900238180161,-72.58029088712647,-72.58029088712647
849.900023818016,-72.57746080386447,-72.57746080386447
849.910023818016,-72.5746075487483,-72.5746075487483
849.920023818016,-72.5717318544683,-72.5717318544683
849.930023818016,-72.56883444452043,-72.56883444452043
849.940023818016,-72.56591603321611,-72.56591603321611
849.950023818016,-72.56297732577016,-72.56297732577016
849.960023818016,-72.56001901832899,-72.56001901832899
849.9700238180161,-72.5570417980341,-72.5570417980341
849.9800238180161,-72.55404634307794,-72.55404634307794
849.9900238180161,-72.55103332275739,-72.55103332275739
850.0000238418579,-72.54800339030955,-72.54800339030955
850.0100238418579,-72.54495721182109,-72.54495721182109
850.0200238418579,-72.54189542307843,-72.54189542307843
850.0300238418579,-72.53881865839789,-72.53881865839789
850.0400238418579,-72.53572754351165,-72.53572754351165
850.0500238418579,-72.53262269562687,-72.53262269562687
850.0600238418579,-72.52950472349039,-72.52950472349039
850.070023841858,-72.52637422744367,-72.52637422744367
850.080023841858,-72.52323179952761,-72.52323179952761
850.0900238418579,-72.5200780235219,-72.5200780235219
850.1000238418579,-72.51691347500466,-72.51691347500466
850.1100238418579,-72.51373872145393,-72.51373872145393
850.1200238418579,-72.51055432229681,-72.51055432229681
850.1300238418579,-72.50736082899701,-72.50736082899701
850.1400238418579,-72.50415878509885,-72.50415878509885
850.1500238418579,-72.5009487263363,-72.5009487263363
850.1600238418579,-72.49773118068225,-72.49773118068225
850.1700238418579,-72.49450666841788,-72.49450666841788
850.1800238418579,-72.4912757022281,-72.4912757022281
850.190023841858,-72.48803878725971,-72.48803878725971
850.200023841858,-72.48479642120537,-72.48479642120537
850.210023841858,-72.48154278229076,-72.48154278229076
850.2200238418579,-72.47827559762773,-72.47827559762773
850.2300238418579,-72.47499400837296,-72.47499400837296
850.2400238418579,-72.47169780633328,-72.47169780633328
850.2500238418579,-72.46838714269522,-72.46838714269522
850.2600238418579,-72.465062376778,-72.465062376778
850.2700238418579,-72.46172398729377,-72.46172398729377
850.2800238418579,-72.45837251906343,-72.45837251906343
850.2900238418579,-72.45500855095867,-72.45500855095867
850.3000238418579,-72.45163267669622,-72.45163267669622
850.3100238418579,-72.44824549342522,-72.44824549342522
850.320023841858,-72.4448475950343,-72.4448475950343
850.330023841858,-72.44143956836204,-72.44143956836204
850.3400238418579,-72.43802199117799,-72.43802199117799
850.3500238418579,-72.43459543117567,-72.43459543117567
850.3600238418579,-72.43116044566709,-72.43116044566709
850.3700238418579,-72.42771758156698,-72.42771758156698
850.3800238418579,-72.42426737565073,-72.42426737565073
850.3900238418579,-72.4208103548727,-72.4208103548727
850.4000238418579,-72.41734703674298,-72.41734703674298
850.4100238418579,-72.41387792969435,-72.41387792969435
850.4200238418579,-72.41040353345592,-72.41040353345592
850.4300238418579,-72.40692433941575,-72.40692433941575
850.440023841858,-72.40344083088695,-72.40344083088695
850.450023841858,-72.39995348343763,-72.39995348343763
850.460023841858,-72.39646276509536,-72.39646276509536
850.4700238418579,-72.39296913663571,-72.39296913663571
850.4800238418579,-72.38947305172847,-72.38947305172847
850.4900238418579,-72.38597495715608,-72.38597495715608
850.5000238418579,-72.38247529294675,-72.38247529294675
850.5100238418579,-72.37897449255156,-72.37897449255156
850.5200238418579,-72.37547298294173,-72.37547298294173
850.5300238418579,-72.37197118475713,-72.37197118475713
850.5400238418579,-72.36846951239265,-72.36846951239265
850.5500238418579,-72.36496837411,-72.36496837411
850.5600238418579,-72.36146817212683,-72.36146817212683
850.570023841858,-72.35796930268953,-72.35796930268953
850.580023841858,-72.35447215617242,-72.35447215617242
850.5900238418579,-72.35097711713121,-72.35097711713121
850.6000238418579,-72.34748456438489,-72.34748456438489
850.6100238418579,-72.34399487107784,-72.34399487107784
850.6200238418579,-72.34050840475645,-72.34050840475645
850.6300238418579,-72.33702552740901,-72.33702552740901
850.6400238418579,-72.33354659553123,-72.33354659553123
850.6500238418579,-72.3300719601973,-72.3300719601973
850.6600238418579,-72.3266019671048,-72.3266019671048
850.6700238418579,-72.32313695663198,-72.32313695663198
850.6800238418579,-72.31967726388179,-72.31967726388179
850.690023841858,-72.31622321875484,-72.31622321875484
850.700023841858,-72.31277514599792,-72.31277514599792
850.710023841858,-72.309333365227,-72.309333365227
850.7200238418579,-72.30589819101407,-72.30589819101407
850.7300238418579,-72.3024699329207,-72.3024699329207
850.7400238418579,-72.2990488955536,-72.2990488955536
850.7500238418579,-72.29563537860945,-72.29563537860945
850.7600238418579,-72.29222967693596,-72.29222967693596
850.7700238418579,-72.28883208056335,-72.28883208056335
850.7800238418579,-72.28544287476632,-72.28544287476632
850.7900238418579,-72.28206234011294,-72.28206234011294
850.8000238418579,-72.27869075251326,-72.27869075251326
850.8100238418579,-72.27532838326711,-72.27532838326711
850.820023841858,-72.27197549910284,-72.27197549910284
850.830023841858,-72.26863236224904,-72.26863236224904
850.8400238418579,-72.26529923046881,-72.26529923046881
850.8500238656998,-72.26197634917808,-72.26197634917808
850.8600238656998,-72.25866398321847,-72.25866398321847
850.8700238656997,-72.2553623692912,-72.2553623692912
850.8800238656997,-72.25207174778518,-72.25207174778518
850.8900238656997,-72.24879235485182,-72.24879235485182
850.9000238656997,-72.24552442247463,-72.24552442247463
850.9100238656997,-72.24226817850065,-72.24226817850065
850.9200238656998,-72.23902384670038,-72.23902384670038
850.9300238656998,-72.23579164681408,-72.23579164681408
850.9400238656998,-72.23257179457589,-72.23257179457589
850.9500238656998,-72.22936450179454,-72.22936450179454
850.9600238656998,-72.22616368718946,-72.22616368718946
850.9700238656998,-72.22296680967398,-72.22296680967398
850.9800238656998,-72.21977274084021,-72.21977274084021
850.9900238656998,-72.21658100416683,-72.21658100416683
851.0000238656997,-72.21339148468095,-72.21339148468095
851.0100238656997,-72.21020427813882,-72.21020427813882
851.0200238656997,-72.20701960247546,-72.20701960247546
851.0300238656997,-72.20383774467706,-72.20383774467706
851.0400238656998,-72.20065902871721,-72.20065902871721
851.0500238656998,-72.19748379641868,-72.19748379641868
851.0600238656998,-72.19431239600539,-72.19431239600539
851.0700238656998,-72.19114517541779,-72.19114517541779
851.0800238656998,-72.18798247852452,-72.18798247852452
851.0900238656998,-72.18482464304955,-72.18482464304955
851.1000238656998,-72.1816719995965,-72.1816719995965
851.1100238656998,-72.17852487127621,-72.17852487127621
851.1200238656997,-72.17538357371369,-72.17538357371369
851.1300238656997,-72.17224841525008,-72.17224841525008
851.1400238656997,-72.16911969725825,-72.16911969725825
851.1500238656997,-72.16599771449604,-72.16599771449604
851.1600238656997,-72.16288275544566,-72.16288275544566
851.1700238656998,-72.15977510267189,-72.15977510267189
851.1800238656998,-72.15667503314356,-72.15667503314356
851.1900238656998,-72.15358281850474,-72.15358281850474
851.2000238656998,-72.1504987253353,-72.1504987253353
851.2100238656998,-72.14742301540053,-72.14742301540053
851.2200238656998,-72.14435594582615,-72.14435594582615
851.2300238656998,-72.14129776929518,-72.14129776929518
851.2400238656998,-72.13824873419219,-72.13824873419219
851.2500238656997,-72.13520908475324,-72.13520908475324
851.2600238656997,-72.13217906115779,-72.13217906115779
851.2700238656997,-72.12915889967084,-72.12915889967084
851.2800238656997,-72.1261488327045,-72.1261488327045
851.2900238656998,-72.12314908890828,-72.12314908890828
851.3000238656998,-72.12015989326147,-72.12015989326147
851.3100238656998,-72.11718146709926,-72.11718146709926
851.3200238656998,-72.11421402821613,-72.11421402821613
851.3300238656998,-72.11125779087408,-72.11125779087408
851.3400238656998,-72.10831296588573,-72.10831296588573
851.3500238656998,-72.1053797606315,-72.1053797606315
851.3600238656998,-72.1024583791221,-72.1024583791221
851.3700238656997,-72.09954902203287,-72.09954902203287
851.3800238656997,-72.09665188671975,-72.09665188671975
851.3900238656997,-72.09376716726945,-72.09376716726945
851.4000238656997,-72.09089505453517,-72.09089505453517
851.4100238656997,-72.08803573615127,-72.08803573615127
851.4200238656998,-72.08518939657309,-72.08518939657309
851.4300238656998,-72.08235621712117,-72.08235621712117
851.4400238656998,-72.07953637596198,-72.07953637596198
851.4500238656998,-72.07673004818663,-72.07673004818663
851.4600238656998,-72.07393740581206,-72.07393740581206
851.4700238656998,-72.07115861780451,-72.07115861780451
851.4800238656998,-72.06839385013123,-72.06839385013123
851.4900238656998,-72.06564326574261,-72.06564326574261
851.5000238656997,-72.06290702465182,-72.06290702465182
851.5100238656997,-72.06018528391542,-72.06018528391542
851.5200238656997,-72.05747819769172,-72.05747819769172
851.5300238656997,-72.05478591723991,-72.05478591723991
851.5400238656998,-72.05210859095708,-72.05210859095708
851.5500238656998,-72.04944636442097,-72.04944636442097
851.5600238656998,-72.04679938038525,-72.04679938038525
851.5700238656998,-72.04416777884298,-72.04416777884298
851.5800238656998,-72.04155169700837,-72.04155169700837
851.5900238656998,-72.03895126937418,-72.03895126937418
851.6000238656998,-72.03636662773752,-72.03636662773752
851.6100238656998,-72.03379790120897,-72.03379790120897
851.6200238656997,-72.03124521624942,-72.03124521624942
851.6300238656997,-72.0287086967102,-72.0287086967102
851.6400238656997,-72.0261884638381,-72.0261884638381
851.6500238656997,-72.02368463629992,-72.02368463629992
851.6600238656997,-72.0211973302369,-72.0211973302369
851.6700238656998,-72.0187266592537,-72.0187266592537
851.6800238656998,-72.01627273448571,-72.01627273448571
851.6900238656998,-72.01383566459823,-72.01383566459823
851.7000238895416,-72.01141555005762,-72.01141555005762
851.7100238895416,-72.00900623554122,-72.00900623554122
851.7200238895416,-72.00660507924563,-72.00660507924563
851.7300238895416,-72.0042108549631,-72.0042108549631
851.7400238895416,-72.00182298785629,-72.00182298785629
851.7500238895416,-71.99944126497232,-71.99944126497232
851.7600238895416,-71.99706568484247,-71.99706568484247
851.7700238895417,-71.99469636917854,-71.99469636917854
851.7800238895417,-71.99233350984923,-71.99233350984923
851.7900238895417,-71.98997733693032,-71.98997733693032
851.8000238895416,-71.98762809955778,-71.98762809955778
851.8100238895416,-71.98528605451872,-71.98528605451872
851.8200238895416,-71.98295145959196,-71.98295145959196
851.8300238895416,-71.9806245697099,-71.9806245697099
851.8400238895416,-71.97830563491948,-71.97830563491948
851.8500238895416,-71.97599489937599,-71.97599489937599
851.8600238895416,-71.97369260095716,-71.97369260095716
851.8700238895416,-71.97139897125885,-71.97139897125885
851.8800238895416,-71.96911423580177,-71.96911423580177
851.8900238895417,-71.9668386143031,-71.9668386143031
851.9000238895417,-71.96457232103751,-71.96457232103751
851.9100238895417,-71.96231556513794,-71.96231556513794
851.9200238895417,-71.96006855097926,-71.96006855097926
851.9300238895416,-71.95783147844733,-71.95783147844733
851.9400238895416,-71.9556045432129,-71.9556045432129
851.9500238895416,-71.95338793698382,-71.95338793698382
851.9600238895416,-71.9511818477284,-71.9511818477284
851.9700238895416,-71.94898645984544,-71.94898645984544
851.9800238895416,-71.94680195435089,-71.94680195435089
851.9900238895416,-71.94462850898418,-71.94462850898418
852.0000238895416,-71.94246629837617,-71.94246629837617
852.0100238895416,-71.9403154941321,-71.9403154941321
852.0200238895417,-71.93817626490528,-71.93817626490528
852.0300238895417,-71.9360487765167,-71.9360487765167
852.0400238895417,-71.93393319199349,-71.93393319199349
852.0500238895416,-71.93182967164533,-71.93182967164533
852.0600238895416,-71.92973837310451,-71.92973837310451
852.0700238895416,-71.92765945139375,-71.92765945139375
852.0800238895416,-71.92559305892902,-71.92559305892902
852.0900238895416,-71.92353934559421,-71.92353934559421
852.1000238895416,-71.92149845874876,-71.92149845874876
852.1100238895416,-71.9194705432679,-71.9194705432679
852.1200238895416,-71.91745574157467,-71.91745574157467
852.1300238895416,-71.91545419364117,-71.91545419364117
852.1400238895417,-71.91346603702644,-71.91346603702644
852.1500238895417,-71.91149140690271,-71.91149140690271
852.1600238895417,-71.9095304360622,-71.9095304360622
852.1700238895417,-71.90758325493627,-71.90758325493627
852.1800238895416,-71.90564999163198,-71.90564999163198
852.1900238895416,-71.90373077192187,-71.90373077192187
852.2000238895416,-71.90182571927274,-71.90182571927274
852.2100238895416,-71.89993495488442,-71.89993495488442
852.2200238895416,-71.89805859765632,-71.89805859765632
852.2300238895416,-71.89619676425478,-71.89619676425478
852.2400238895416,-71.89434956910111,-71.89434956910111
852.2500238895416,-71.89251712438595,-71.89251712438595
852.2600238895416,-71.8906995400988,-71.8906995400988
852.2700238895417,-71.88889692403616,-71.88889692403616
852.2800238895417,-71.88710938183608,-71.88710938183608
852.2900238895417,-71.8853370169573,-71.8853370169573
852.3000238895416,-71.88357993072879,-71.88357993072879
852.3100238895416,-71.88183822235506,-71.88183822235506
852.3200238895416,-71.88011198892767,-71.88011198892767
852.3300238895416,-71.87840132545828,-71.87840132545828
852.3400238895416,-71.8767063248811,-71.8767063248811
852.3500238895416,-71.87502707807911,-71.87502707807911
852.3600238895416,-71.87336367388959,-71.87336367388959
852.3700238895416,-71.87171619914162,-71.87171619914162
852.3800238895416,-71.87008473866518,-71.87008473866518
852.3900238895417,-71.86846937529137,-71.86846937529137
852.4000238895417,-71.86687018991418,-71.86687018991418
852.4100238895417,-71.8652872614545,-71.8652872614545
852.4200238895417,-71.86372066693104,-71.86372066693104
852.4300238895416,-71.86217048144039,-71.86217048144039
852.4400238895416,-71.86063677819132,-71.86063677819132
852.4500238895416,-71.8591196285385,-71.8591196285385
852.4600238895416,-71.85761284375945,-71.85761284375945
852.4700238895416,-71.856113758668,-71.856113758668
852.4800238895416,-71.85462111536052,-71.85462111536052
852.4900238895416,-71.85313430640714,-71.85313430640714
852.5000238895416,-71.85165308602802,-71.85165308602802
852.5100238895416,-71.85017741996496,-71.85017741996496
852.5200238895417,-71.84870739742877,-71.84870739742877
852.5300238895417,-71.84724317816294,-71.84724317816294
852.5400238895417,-71.84578496056317,-71.84578496056317
852.5500239133835,-71.84433295911931,-71.84433295911931
852.5600239133835,-71.84288740685398,-71.84288740685398
852.5700239133835,-71.84144852792804,-71.84144852792804
852.5800239133835,-71.84001654761984,-71.84001654761984
852.5900239133834,-71.8385916868428,-71.8385916868428
852.6000239133834,-71.83717416112931,-71.83717416112931
852.6100239133834,-71.83576418026209,-71.83576418026209
852.6200239133835,-71.83436194821735,-71.83436194821735
852.6300239133835,-71.83296766339751,-71.83296766339751
852.6400239133835,-71.83158151889079,-71.83158151889079
852.6500239133835,-71.83020370280101,-71.83020370280101
852.6600239133835,-71.82883439858507,-71.82883439858507
852.6700239133835,-71.82747378538346,-71.82747378538346
852.6800239133835,-71.82612203830408,-71.82612203830408
852.6900239133835,-71.82477932868994,-71.82477932868994
852.7000239133835,-71.82344582436168,-71.82344582436168
852.7100239133835,-71.8221154348051,-71.8221154348051
852.7200239133834,-71.82078558987256,-71.82078558987256
852.7300239133834,-71.81945512480733,-71.81945512480733
852.7400239133835,-71.81812352394086,-71.81812352394086
852.7500239133835,-71.8167906321343,-71.8167906321343
852.7600239133835,-71.81545650481544,-71.81545650481544
852.7700239133835,-71.81412132002643,-71.81412132002643
852.7800239133835,-71.81278532557153,-71.81278532557153
852.7900239133835,-71.81144880723268,-71.81144880723268
852.8000239133835,-71.81011206968176,-71.81011206968176
852.8100239133835,-71.80877542514017,-71.80877542514017
852.8200239133835,-71.80743918672248,-71.80743918672248
852.8300239133835,-71.80610366466777,-71.80610366466777
852.8400239133834,-71.80476916426733,-71.80476916426733
852.8500239133834,-71.80343598486934,-71.80343598486934
852.8600239133834,-71.80210441950778,-71.80210441950778
852.8700239133835,-71.80077475487334,-71.80077475487334
852.8800239133835,-71.79944727150827,-71.79944727150827
852.8900239133835,-71.79812224408465,-71.79812224408465
852.9000239133835,-71.7967999417153,-71.7967999417153
852.9100239133835,-71.7954806283075,-71.7954806283075
852.9200239133835,-71.79416456285092,-71.79416456285092
852.9300239133835,-71.79285199973178,-71.79285199973178
852.9400239133835,-71.79154318896478,-71.79154318896478
852.9500239133835,-71.79023837645126,-71.79023837645126
852.9600239133835,-71.78893155257774,-71.78893155257774
852.9700239133834,-71.78762022580146,-71.78762022580146
852.9800239133834,-71.78630330860626,-71.78630330860626
852.9900239133835,-71.78498036160248,-71.78498036160248
853.0000239133835,-71.7836513050974,-71.7836513050974
853.0100239133835,-71.78231626919094,-71.78231626919094
853.0200239133835,-71.78097550589278,-71.78097550589278
853.0300239133835,-71.77962933628355,-71.77962933628355
853.0400239133835,-71.77827811872278,-71.77827811872278
853.0500239133835,-71.7769222297964,-71.7769222297964
853.0600239133835,-71.77556205295451,-71.77556205295451
853.0700239133835,-71.77419797188819,-71.77419797188819
853.0800239133835,-71.77283036672208,-71.77283036672208
853.0900239133834,-71.77145961194486,-71.77145961194486
853.1000239133834,-71.77008607543779,-71.77008607543779
853.1100239133834,-71.76871011806983,-71.76871011806983
853.1200239133835,-71.76733209367674,-71.76733209367674
853.1300239133835,-71.7659523492615,-71.7659523492615
853.1400239133835,-71.76457122524984,-71.76457122524984
853.1500239133835,-71.76318905582153,-71.76318905582153
853.1600239133835,-71.76180616925197,-71.76180616925197
853.1700239133835,-71.76042288820172,-71.76042288820172
853.1800239133835,-71.75903953001611,-71.75903953001611
853.1900239133835,-71.75765640698117,-71.75765640698117
853.2000239133835,-71.75627382655927,-71.75627382655927
853.2100239133835,-71.75488584385973,-71.75488584385973
853.2200239133834,-71.75349002964765,-71.75349002964765
853.2300239133834,-71.75208535728774,-71.75208535728774
853.2400239133835,-71.75067144719821,-71.75067144719821
853.2500239133835,-71.74924827859202,-71.74924827859202
853.2600239133835,-71.74781603965289,-71.74781603965289
853.2700239133835,-71.74637503968842,-71.74637503968842
853.2800239133835,-71.74492565633557,-71.74492565633557
853.2900239133835,-71.74346830378322,-71.74346830378322
853.3000239133835,-71.74200341373064,-71.74200341373064
853.3100239133835,-71.74053142404559,-71.74053142404559
853.3200239133835,-71.73905277213788,-71.73905277213788
853.3300239133835,-71.73756789116197,-71.73756789116197
853.3400239133834,-71.73607720796892,-71.73607720796892
853.3500239133834,-71.73458114210594,-71.73458114210594
853.3600239133834,-71.73308010544216,-71.73308010544216
853.3700239133835,-71.73157450216071,-71.73157450216071
853.3800239133835,-71.73006472893782,-71.73006472893782
853.3900239133835,-71.7285511752159,-71.7285511752159
853.4000239372253,-71.72703421993843,-71.72703421993843
853.4100239372253,-71.72551424629691,-71.72551424629691
853.4200239372253,-71.7239916204564,-71.7239916204564
853.4300239372253,-71.72246670619974,-71.72246670619974
853.4400239372253,-71.72093986161724,-71.72093986161724
853.4500239372253,-71.71941143935433,-71.71941143935433
853.4600239372253,-71.7178755434077,-71.7178755434077
853.4700239372254,-71.7163297909946,-71.7163297909946
853.4800239372254,-71.71477320054646,-71.71477320054646
853.4900239372254,-71.7132054365443,-71.7132054365443
853.5000239372254,-71.71162652142463,-71.71162652142463
853.5100239372254,-71.71003668585071,-71.71003668585071
853.5200239372253,-71.70843628092182,-71.70843628092182
853.5300239372253,-71.70682572540146,-71.70682572540146
853.5400239372253,-71.70520547397578,-71.70520547397578
853.5500239372253,-71.70357599821403,-71.70357599821403
853.5600239372253,-71.70193777526384,-71.70193777526384
853.5700239372253,-71.70029128120444,-71.70029128120444
853.5800239372253,-71.69863698728378,-71.69863698728378
853.5900239372254,-71.69697535787192,-71.69697535787192
853.6000239372254,-71.69530684948425,-71.69530684948425
853.6100239372254,-71.69363191038042,-71.69363191038042
853.6200239372254,-71.69195098058339,-71.69195098058339
853.6300239372254,-71.69026449206865,-71.69026449206865
853.6400239372254,-71.68857286905501,-71.68857286905501
853.6500239372253,-71.68687652832968,-71.68687652832968
853.6600239372253,-71.68517587959568,-71.68517587959568
853.6700239372253,-71.68347132579709,-71.68347132579709
853.6800239372253,-71.68176326341774,-71.68176326341774
853.6900239372253,-71.6800520827368,-71.6800520827368
853.7000239372253,-71.67833816810386,-71.67833816810386
853.7100239372253,-71.67662189811259,-71.67662189811259
853.7200239372254,-71.67490364581228,-71.67490364581228
853.7300239372254,-71.67318377886902,-71.67318377886902
853.7400239372254,-71.67146265970943,-71.67146265970943
853.7500239372254,-71.66974064561379,-71.66974064561379
853.7600239372254,-71.66801808887584,-71.66801808887584
853.7700239372253,-71.66629533684535,-71.66629533684535
853.7800239372253,-71.66457273204169,-71.66457273204169
853.7900239372253,-71.66285061222534,-71.66285061222534
853.8000239372253,-71.66112931044468,-71.66112931044468
853.8100239372253,-71.65940915511102,-71.65940915511102
853.8200239372253,-71.65769047003859,-71.65769047003859
853.8300239372253,-71.65597357449427,-71.65597357449427
853.8400239372254,-71.65425878324423,-71.65425878324423
853.8500239372254,-71.65254640659619,-71.65254640659619
853.8600239372254,-71.6508367504191,-71.6508367504191
853.8700239372254,-71.64913011619547,-71.64913011619547
853.8800239372254,-71.64742680105843,-71.64742680105843
853.8900239372254,-71.64572709779819,-71.64572709779819
853.9000239372253,-71.64403129492752,-71.64403129492752
853.9100239372253,-71.64233967667913,-71.64233967667913
853.9200239372253,-71.64065252307235,-71.64065252307235
853.9300239372253,-71.63897010990739,-71.63897010990739
853.9400239372253,-71.63729270881126,-71.63729270881126
853.9500239372253,-71.63562058726504,-71.63562058726504
853.9600239372253,-71.63395400864688,-71.63395400864688
853.9700239372254,-71.63229323223285,-71.63229323223285
853.9800239372254,-71.63063851325876,-71.63063851325876
853.9900239372254,-71.62899010292908,-71.62899010292908
854.0000239372254,-71.6273482484482,-71.6273482484482
854.0100239372254,-71.62571319307648,-71.62571319307648
854.0200239372253,-71.62408517611047,-71.62408517611047
854.0300239372253,-71.6224644329824,-71.6224644329824
854.0400239372253,-71.6208511952409,-71.6208511952409
854.0500239372253,-71.61924569059146,-71.61924569059146
854.0600239372253,-71.61764814295542,-71.61764814295542
854.0700239372253,-71.61605877246264,-71.61605877246264
854.0800239372253,-71.61447779552633,-71.61447779552633
854.0900239372254,-71.61290542484784,-71.61290542484784
854.1000239372254,-71.61134186946232,-71.61134186946232
854.1100239372254,-71.60978733476813,-71.60978733476813
854.1200239372254,-71.60824202256835,-71.60824202256835
854.1300239372254,-71.60670613109852,-71.60670613109852
854.1400239372254,-71.60517985505959,-71.60517985505959
854.1500239372253,-71.60366338567172,-71.60366338567172
854.1600239372253,-71.60215691068453,-71.60215691068453
854.1700239372253,-71.60066061442734,-71.60066061442734
854.1800239372253,-71.59917467784567,-71.59917467784567
854.1900239372253,-71.59769927852173,-71.59769927852173
854.2000239372253,-71.5962345907381,-71.5962345907381
854.2100239372253,-71.59478078548095,-71.59478078548095
854.2200239372254,-71.59333803050302,-71.59333803050302
854.2300239372254,-71.59190649034345,-71.59190649034345
854.2400239372254,-71.59048632637885,-71.59048632637885
854.2500239610672,-71.58907769347812,-71.58907769347812
854.2600239610672,-71.58768075352003,-71.58768075352003
854.2700239610672,-71.58629565518126,-71.58629565518126
854.2800239610672,-71.58492254751098,-71.58492254751098
854.2900239610672,-71.5835615765467,-71.5835615765467
854.3000239610672,-71.5822128853921,-71.5822128853921
854.3100239610671,-71.58087661421658,-71.58087661421658
854.3200239610672,-71.57955290030175,-71.57955290030175
854.3300239610672,-71.57824187808039,-71.57824187808039
854.3400239610672,-71.57694367917772,-71.57694367917772
854.3500239610672,-71.57565843243388,-71.57565843243388
854.3600239610672,-71.57438626394747,-71.57438626394747
854.3700239610672,-71.57312729710492,-71.57312729710492
854.3800239610672,-71.57188165262092,-71.57188165262092
854.3900239610672,-71.57064944856525,-71.57064944856525
854.4000239610672,-71.56943080040044,-71.56943080040044
854.4100239610672,-71.56822582102454,-71.56822582102454
854.4200239610672,-71.5670346207813,-71.5670346207813
854.4300239610671,-71.56585730752023,-71.56585730752023
854.4400239610673,-71.56469398661645,-71.56469398661645
854.4500239610672,-71.56354476101502,-71.56354476101502
854.4600239610672,-71.5624035023483,-71.5624035023483
854.4700239610672,-71.56126759050743,-71.56126759050743
854.4800239610672,-71.5601358059221,-71.5601358059221
854.4900239610672,-71.55900757603375,-71.55900757603375
854.5000239610672,-71.55788268768379,-71.55788268768379
854.5100239610672,-71.55676113766663,-71.55676113766663
854.5200239610672,-71.55564304503875,-71.55564304503875
854.5300239610672,-71.55452859843209,-71.55452859843209
854.5400239610672,-71.55341802431361,-71.55341802431361
854.5500239610672,-71.55231156800001,-71.55231156800001
854.5600239610671,-71.55120948235776,-71.55120948235776
854.5700239610672,-71.55011202114532,-71.55011202114532
854.5800239610672,-71.54901943528613,-71.54901943528613
854.5900239610672,-71.54793197080168,-71.54793197080168
854.6000239610672,-71.54684986783897,-71.54684986783897
854.6100239610672,-71.5457733603277,-71.5457733603277
854.6200239610672,-71.54470267595296,-71.54470267595296
854.6300239610672,-71.5436380363763,-71.5436380363763
854.6400239610672,-71.54257965751896,-71.54257965751896
854.6500239610672,-71.5415277499285,-71.5415277499285
854.6600239610672,-71.54048251909597,-71.54048251909597
854.6700239610672,-71.5394441658078,-71.5394441658078
854.6800239610671,-71.53841288646178,-71.53841288646178
854.6900239610673,-71.53738887330302,-71.53738887330302
854.7000239610672,-71.53637231471116,-71.53637231471116
854.7100239610672,-71.53536339541557,-71.53536339541557
854.7200239610672,-71.53436229665184,-71.53436229665184
854.7300239610672,-71.53336919637063,-71.53336919637063
854.7400239610672,-71.53238426934877,-71.53238426934877
854.7500239610672,-71.53140768733748,-71.53140768733748
854.7600239610672,-71.53043961915712,-71.53043961915712
854.7700239610672,-71.5294802307879,-71.5294802307879
854.7800239610672,-71.5285296854679,-71.5285296854679
854.7900239610672,-71.5275881437456,-71.5275881437456
854.8000239610672,-71.52665576354573,-71.52665576354573
854.8100239610671,-71.52573270023073,-71.52573270023073
854.8200239610672,-71.52481910664574,-71.52481910664574
854.8300239610672,-71.52391513314859,-71.52391513314859
854.8400239610672,-71.52302092765878,-71.52302092765878
854.8500239610672,-71.52213663567348,-71.52213663567348
854.8600239610672,-71.52126240032658,-71.52126240032658
854.8700239610672,-71.52039836239562,-71.52039836239562
854.8800239610672,-71.51954466030965,-71.51954466030965
854.8900239610672,-71.5187014302152,-71.5187014302152
854.9000239610672,-71.51786880594476,-71.51786880594476
854.9100239610672,-71.51704691909003,-71.51704691909003
854.9200239610672,-71.51623589898198,-71.51623589898198
854.9300239610671,-71.51543587271556,-71.51543587271556
854.9400239610673,-71.51464696518117,-71.51464696518117
854.9500239610672,-71.51386929907663,-71.51386929907663
854.9600239610672,-71.5131029949083,-71.5131029949083
854.9700239610672,-71.51234817102386,-71.51234817102386
854.9800239610672,-71.5116049436247,-71.5116049436247
854.9900239610672,-71.51087342677035,-71.51087342677035
855.0000239610672,-71.51015373241447,-71.51015373241447
855.0100239610672,-71.50944597040024,-71.50944597040024
855.0200239610672,-71.50875024849336,-71.50875024849336
855.0300239610672,-71.5080666723889,-71.5080666723889
855.0400239610672,-71.50739534572588,-71.50739534572588
855.0500239610672,-71.50673637010878,-71.50673637010878
855.0600239610671,-71.50608984510643,-71.50608984510643
855.0700239610672,-71.50545586830421,-71.50545586830421
855.0800239610672,-71.50483453529915,-71.50483453529915
855.0900239610672,-71.5042259397027,-71.5042259397027
855.1000239849091,-71.50363017175556,-71.50363017175556
855.110023984909,-71.50304732406158,-71.50304732406158
855.120023984909,-71.50247748296479,-71.50247748296479
855.130023984909,-71.50192073437015,-71.50192073437015
855.140023984909,-71.50137716229526,-71.50137716229526
855.150023984909,-71.50084684888157,-71.50084684888157
855.160023984909,-71.50032987443473,-71.50032987443473
855.1700239849091,-71.49982631741663,-71.49982631741663
855.1800239849091,-71.49933625449441,-71.49933625449441
855.1900239849091,-71.49885976050058,-71.49885976050058
855.2000239849091,-71.49839690853285,-71.49839690853285
855.2100239849091,-71.49794154557401,-71.49794154557401
855.2200239849091,-71.49749102410574,-71.49749102410574
855.230023984909,-71.49704409643412,-71.49704409643412
855.240023984909,-71.49660016187065,-71.49660016187065
855.250023984909,-71.4961589793791,-71.4961589793791
855.260023984909,-71.495720518287,-71.495720518287
855.270023984909,-71.49528487065079,-71.49528487065079
855.280023984909,-71.49485219861516,-71.49485219861516
855.2900239849091,-71.49442270271446,-71.49442270271446
855.3000239849091,-71.49399660290247,-71.49399660290247
855.3100239849091,-71.49357412720788,-71.49357412720788
855.3200239849091,-71.49315550513938,-71.49315550513938
855.3300239849091,-71.49274096387911,-71.49274096387911
855.3400239849091,-71.49233072628591,-71.49233072628591
855.3500239849091,-71.49192500985075,-71.49192500985075
855.360023984909,-71.49152402636498,-71.49152402636498
855.370023984909,-71.49112798188503,-71.49112798188503
855.380023984909,-71.49073707693026,-71.49073707693026
855.390023984909,-71.490351506781,-71.490351506781
855.400023984909,-71.48997146179354,-71.48997146179354
855.410023984909,-71.48959712774152,-71.48959712774152
855.4200239849091,-71.48922868613761,-71.48922868613761
855.4300239849091,-71.48886631453547,-71.48886631453547
855.4400239849091,-71.48851018679173,-71.48851018679173
855.4500239849091,-71.48816047329616,-71.48816047329616
855.4600239849091,-71.48781734119422,-71.48781734119422
855.4700239849091,-71.48748095455962,-71.48748095455962
855.480023984909,-71.48715147455799,-71.48715147455799
855.490023984909,-71.48682905956802,-71.48682905956802
855.500023984909,-71.48651386532,-71.48651386532
855.510023984909,-71.48620604497857,-71.48620604497857
855.520023984909,-71.4859057492345,-71.4859057492345
855.530023984909,-71.48561312637759,-71.48561312637759
855.5400239849091,-71.48532832236538,-71.48532832236538
855.5500239849091,-71.48505148086821,-71.48505148086821
855.5600239849091,-71.48478274331468,-71.48478274331468
855.5700239849091,-71.4845222489388,-71.4845222489388
855.5800239849091,-71.48427013481596,-71.48427013481596
855.5900239849091,-71.48402653588724,-71.48402653588724
855.6000239849091,-71.48379158498788,-71.48379158498788
855.610023984909,-71.48356541287019,-71.48356541287019
855.620023984909,-71.48334814822148,-71.48334814822148
855.630023984909,-71.4831399176978,-71.4831399176978
855.640023984909,-71.4829408459204,-71.4829408459204
855.650023984909,-71.4827510554878,-71.4827510554878
855.660023984909,-71.48257066703032,-71.48257066703032
855.6700239849091,-71.4823997991651,-71.4823997991651
855.6800239849091,-71.48223856857494,-71.48223856857494
855.6900239849091,-71.4820870899377,-71.4820870899377
855.7000239849091,-71.48194547601862,-71.48194547601862
855.7100239849091,-71.48180761424703,-71.48180761424703
855.7200239849091,-71.48167089636958,-71.48167089636958
855.730023984909,-71.48153411339986,-71.48153411339986
855.740023984909,-71.481396702988,-71.481396702988
855.750023984909,-71.48125846217067,-71.48125846217067
855.760023984909,-71.48111939807052,-71.48111939807052
855.770023984909,-71.48097964033697,-71.48097964033697
855.780023984909,-71.4808393884964,-71.4808393884964
855.7900239849091,-71.4806988802842,-71.4806988802842
855.8000239849091,-71.48055837263752,-71.48055837263752
855.8100239849091,-71.48041813039094,-71.48041813039094
855.8200239849091,-71.48027841963967,-71.48027841963967
855.8300239849091,-71.48013950397765,-71.48013950397765
855.8400239849091,-71.48000164243754,-71.48000164243754
855.8500239849091,-71.47986508847328,-71.47986508847328
855.860023984909,-71.47973008961246,-71.47973008961246
855.870023984909,-71.47959688740707,-71.47959688740707
855.880023984909,-71.47946571764982,-71.47946571764982
855.890023984909,-71.47933681062362,-71.47933681062362
855.900023984909,-71.47921039144819,-71.47921039144819
855.910023984909,-71.47908668039473,-71.47908668039473
855.9200239849091,-71.47896589321621,-71.47896589321621
855.9300239849091,-71.47884824143017,-71.47884824143017
855.9400239849091,-71.47873393258655,-71.47873393258655
855.9500240087509,-71.47862317021753,-71.47862317021753
855.9600240087509,-71.47851615514129,-71.47851615514129
855.9700240087509,-71.47841308400658,-71.47841308400658
855.9800240087509,-71.47831415053345,-71.47831415053345
855.9900240087509,-71.47821954537044,-71.47821954537044
856.0000240087509,-71.47812945621024,-71.47812945621024
856.0100240087509,-71.47804406789984,-71.47804406789984
856.020024008751,-71.47796356250521,-71.47796356250521
856.030024008751,-71.47788811940174,-71.47788811940174
856.040024008751,-71.47781791531354,-71.47781791531354
856.0500240087509,-71.47775312438328,-71.47775312438328
856.0600240087509,-71.4776939182221,-71.4776939182221
856.0700240087509,-71.4776404659339,-71.4776404659339
856.0800240087509,-71.47759293415356,-71.47759293415356
856.0900240087509,-71.4775514870907,-71.4775514870907
856.1000240087509,-71.47751628653744,-71.47751628653744
856.1100240087509,-71.47748749189417,-71.47748749189417
856.1200240087509,-71.47746526021191,-71.47746526021191
856.1300240087509,-71.47744974617906,-71.47744974617906
856.140024008751,-71.47744110216182,-71.47744110216182
856.150024008751,-71.47743947822961,-71.47743947822961
856.160024008751,-71.4774450221322,-71.4774450221322
856.1700240087509,-71.47745787934319,-71.47745787934319
856.1800240087509,-71.4774781930717,-71.4774781930717
856.1900240087509,-71.47750610426313,-71.47750610426313
856.2000240087509,-71.47754175162818,-71.47754175162818
856.2100240087509,-71.47758527164464,-71.47758527164464
856.2200240087509,-71.4776367985658,-71.4776367985658
856.2300240087509,-71.477696464463,-71.477696464463
856.2400240087509,-71.47776439919457,-71.47776439919457
856.2500240087509,-71.47784073045646,-71.47784073045646
856.2600240087509,-71.4779255837614,-71.4779255837614
856.270024008751,-71.47801908247874,-71.47801908247874
856.280024008751,-71.47812134786409,-71.47812134786409
856.290024008751,-71.47823249902427,-71.47823249902427
856.3000240087509,-71.4783526529592,-71.4783526529592
856.3100240087509,-71.47848192458167,-71.47848192458167
856.3200240087509,-71.47862042672767,-71.47862042672767
856.3300240087509,-71.47876827016235,-71.47876827016235
856.3400240087509,-71.47892556360019,-71.47892556360019
856.3500240087509,-71.47909241372808,-71.47909241372808
856.3600240087509,-71.47926892521494,-71.47926892521494
856.3700240087509,-71.47945520072626,-71.47945520072626
856.3800240087509,-71.47965134093927,-71.47965134093927
856.390024008751,-71.47985744457772,-71.47985744457772
856.400024008751,-71.48007360840143,-71.48007360840143
856.410024008751,-71.48029992722792,-71.48029992722792
856.4200240087509,-71.4805364939842,-71.4805364939842
856.4300240087509,-71.48078339967077,-71.48078339967077
856.4400240087509,-71.48104073341949,-71.48104073341949
856.4500240087509,-71.48130858249536,-71.48130858249536
856.4600240087509,-71.48158080821874,-71.48158080821874
856.4700240087509,-71.48185477603246,-71.48185477603246
856.4800240087509,-71.48212925066508,-71.48212925066508
856.4900240087509,-71.48240364354395,-71.48240364354395
856.5000240087509,-71.48267772556294,-71.48267772556294
856.5100240087509,-71.48295147784978,-71.48295147784978
856.520024008751,-71.48322500416384,-71.48322500416384
856.530024008751,-71.48349847836252,-71.48349847836252
856.540024008751,-71.48377211264959,-71.48377211264959
856.5500240087509,-71.48404613863843,-71.48404613863843
856.5600240087509,-71.48432079605865,-71.48432079605865
856.5700240087509,-71.48459632610242,-71.48459632610242
856.5800240087509,-71.48487296768486,-71.48487296768486
856.5900240087509,-71.48515095536942,-71.48515095536942
856.6000240087509,-71.48543051837856,-71.48543051837856
856.6100240087509,-71.48571188023543,-71.48571188023543
856.6200240087509,-71.4859952587242,-71.4859952587242
856.6300240087509,-71.48628086610341,-71.48628086610341
856.640024008751,-71.48656890935133,-71.48656890935133
856.650024008751,-71.4868595905366,-71.4868595905366
856.660024008751,-71.48715310711049,-71.48715310711049
856.6700240087509,-71.48744965224992,-71.48744965224992
856.6800240087509,-71.4877494151484,-71.4877494151484
856.6900240087509,-71.48805258125067,-71.48805258125067
856.7000240087509,-71.48835933254072,-71.48835933254072
856.7100240087509,-71.48866362302194,-71.48866362302194
856.7200240087509,-71.4889629098613,-71.4889629098613
856.7300240087509,-71.48925604847952,-71.48925604847952
856.7400240087509,-71.48954254006904,-71.48954254006904
856.7500240087509,-71.48982224439615,-71.48982224439615
856.7600240087509,-71.490095230658,-71.490095230658
856.770024008751,-71.49036168995565,-71.49036168995565
856.780024008751,-71.49062188275511,-71.49062188275511
856.790024008751,-71.49087610726086,-71.49087610726086
856.8000240325928,-71.49112468103802,-71.49112468103802
856.8100240325928,-71.49136792738469,-71.49136792738469
856.8200240325928,-71.49160617233304,-71.49160617233304
856.8300240325927,-71.49183973843131,-71.49183973843131
856.8400240325927,-71.49206894334141,-71.49206894334141
856.8500240325927,-71.49229409885696,-71.49229409885696
856.8600240325927,-71.4925155105093,-71.4925155105093
856.8700240325928,-71.4927334775673,-71.4927334775673
856.8800240325928,-71.49294829319913,-71.49294829319913
856.8900240325928,-71.49316024478607,-71.49316024478607
856.9000240325928,-71.4933696142055,-71.4933696142055
856.9100240325928,-71.4935766781823,-71.4935766781823
856.9200240325928,-71.49378170859305,-71.49378170859305
856.9300240325928,-71.49398497275735,-71.49398497275735
856.9400240325928,-71.49418673367025,-71.49418673367025
856.9500240325928,-71.49438725026124,-71.49438725026124
856.9600240325927,-71.49458677757934,-71.49458677757934
856.9700240325927,-71.49478556694949,-71.49478556694949
856.9800240325927,-71.4949838661482,-71.4949838661482
856.9900240325928,-71.49518191948938,-71.49518191948938
857.0000240325928,-71.49537996799417,-71.49537996799417
857.0100240325928,-71.49557824941897,-71.49557824941897
857.0200240325928,-71.49577699837171,-71.49577699837171
857.0300240325928,-71.49597644636637,-71.49597644636637
857.0400240325928,-71.4961768218729,-71.4961768218729
857.0500240325928,-71.49637835038044,-71.49637835038044
857.0600240325928,-71.49658125441762,-71.49658125441762
857.0700240325928,-71.49678575360872,-71.49678575360872
857.0800240325927,-71.4969920646943,-71.4969920646943
857.0900240325927,-71.49720040154808,-71.49720040154808
857.1000240325927,-71.49741097521084,-71.49741097521084
857.1100240325927,-71.49762399391575,-71.49762399391575
857.1200240325928,-71.49783966308654,-71.49783966308654
857.1300240325928,-71.49805818538407,-71.49805818538407
857.1400240325928,-71.49827976067718,-71.49827976067718
857.1500240325928,-71.49850458610419,-71.49850458610419
857.1600240325928,-71.49873285605364,-71.49873285605364
857.1700240325928,-71.49896476218868,-71.49896476218868
857.1800240325928,-71.49920049345863,-71.49920049345863
857.1900240325928,-71.49944023610658,-71.49944023610658
857.2000240325928,-71.49968417369774,-71.49968417369774
857.2100240325927,-71.4999324871157,-71.4999324871157
857.2200240325927,-71.50018535456533,-71.50018535456533
857.2300240325927,-71.5004429516199,-71.5004429516199
857.2400240325928,-71.50070545120033,-71.50070545120033
857.2500240325928,-71.50097302362124,-71.50097302362124
857.2600240325928,-71.50124583656273,-71.50124583656273
857.2700240325928,-71.50152405511882,-71.50152405511882
857.2800240325928,-71.50180784180641,-71.50180784180641
857.2900240325928,-71.5020973565642,-71.5020973565642
857.3000240325928,-71.5023927567873,-71.5023927567873
857.3100240325928,-71.50269419732196,-71.50269419732196
857.3200240325928,-71.50300183052563,-71.50300183052563
857.3300240325927,-71.50331580621871,-71.50331580621871
857.3400240325927,-71.5036362717563,-71.5036362717563
857.3500240325927,-71.50396337202326,-71.50396337202326
857.3600240325927,-71.50429724945039,-71.50429724945039
857.3700240325928,-71.50463804403763,-71.50463804403763
857.3800240325928,-71.5049858933868,-71.5049858933868
857.3900240325928,-71.50534093268693,-71.50534093268693
857.4000240325928,-71.50570329476471,-71.50570329476471
857.4100240325928,-71.5060731100951,-71.5060731100951
857.4200240325928,-71.50645050681169,-71.50645050681169
857.4300240325928,-71.5068356107383,-71.5068356107383
857.4400240325928,-71.50722854541043,-71.50722854541043
857.4500240325928,-71.507629432082,-71.507629432082
857.4600240325927,-71.50803216346567,-71.50803216346567
857.4700240325927,-71.50843413708029,-71.50843413708029
857.4800240325927,-71.50883414974233,-71.50883414974233
857.4900240325928,-71.5092316447466,-71.5092316447466
857.5000240325928,-71.50962642457667,-71.50962642457667
857.5100240325928,-71.51001850159993,-71.51001850159993
857.5200240325928,-71.51040801050466,-71.51040801050466
857.5300240325928,-71.51079515567828,-71.51079515567828
857.5400240325928,-71.51118017955616,-71.51118017955616
857.5500240325928,-71.51156334362993,-71.51156334362993
857.5600240325928,-71.51194491715346,-71.51194491715346
857.5700240325928,-71.51232517052279,-71.51232517052279
857.5800240325927,-71.51270437151392,-71.51270437151392
857.5900240325927,-71.51308278322651,-71.51308278322651
857.6000240325927,-71.5134606630838,-71.5134606630838
857.6100240325927,-71.5138382624902,-71.5138382624902
857.6200240325928,-71.51421582677149,-71.51421582677149
857.6300240325928,-71.51459359540777,-71.51459359540777
857.6400240325928,-71.51497180228432,-71.51497180228432
857.6500240564346,-71.51535067693679,-71.51535067693679
857.6600240564346,-71.51573044129118,-71.51573044129118
857.6700240564346,-71.51611131536819,-71.51611131536819
857.6800240564346,-71.51649351398902,-71.51649351398902
857.6900240564346,-71.51687724793196,-71.51687724793196
857.7000240564346,-71.5172627241837,-71.5172627241837
857.7100240564346,-71.51765014614477,-71.51765014614477
857.7200240564347,-71.51803971378021,-71.51803971378021
857.7300240564347,-71.51843162383777,-71.51843162383777
857.7400240564347,-71.518826069922,-71.518826069922
857.7500240564347,-71.5192232426626,-71.5192232426626
857.7600240564346,-71.5196233297776,-71.5196233297776
857.7700240564346,-71.5200265161835,-71.5200265161835
857.7800240564346,-71.52043298405869,-71.52043298405869
857.7900240564346,-71.52084291291587,-71.52084291291587
857.8000240564346,-71.52125647965478,-71.52125647965478
857.8100240564346,-71.52167385861097,-71.52167385861097
857.8200240564346,-71.52209522160582,-71.52209522160582
857.8300240564346,-71.52252073796059,-71.52252073796059
857.8400240564347,-71.5229505745446,-71.5229505745446
857.8500240564347,-71.52338489582253,-71.52338489582253
857.8600240564347,-71.52382386384875,-71.52382386384875
857.8700240564347,-71.52426763830539,-71.52426763830539
857.8800240564346,-71.52471637651814,-71.52471637651814
857.8900240564346,-71.5251702334841,-71.5251702334841
857.9000240564346,-71.52562936188554,-71.52562936188554
857.9100240564346,-71.52609391210648,-71.52609391210648
857.9200240564346,-71.5265640322485,-71.5265640322485
857.9300240564346,-71.52703986814322,-71.52703986814322
857.9400240564346,-71.52752156337601,-71.52752156337601
857.9500240564346,-71.52800925929849,-71.52800925929849
857.9600240564346,-71.52850309502564,-71.52850309502564
857.9700240564347,-71.52900320747618,-71.52900320747618
857.9800240564347,-71.52950973137288,-71.52950973137288
857.9900240564347,-71.5300227992642,-71.5300227992642
858.0000240564347,-71.53054254152296,-71.53054254152296
858.0100240564346,-71.53106908637564,-71.53106908637564
858.0200240564346,-71.53160255990785,-71.53160255990785
858.0300240564346,-71.53214308609607,-71.53214308609607
858.0400240564346,-71.53269078679145,-71.53269078679145
858.0500240564346,-71.53324578177163,-71.53324578177163
858.0600240564346,-71.53380818872517,-71.53380818872517
858.0700240564346,-71.534378123284,-71.534378123284
858.0800240564346,-71.53495569903633,-71.53495569903633
858.0900240564347,-71.53554102752754,-71.53554102752754
858.1000240564347,-71.5361342183103,-71.5361342183103
858.1100240564347,-71.536735378924,-71.536735378924
858.1200240564347,-71.53734461493619,-71.53734461493619
858.1300240564346,-71.53796202993706,-71.53796202993706
858.1400240564346,-71.53858772559555,-71.53858772559555
858.1500240564346,-71.53922180162141,-71.53922180162141
858.1600240564346,-71.53986435583131,-71.53986435583131
858.1700240564346,-71.54051548414412,-71.54051548414412
858.1800240564346,-71.54117528059058,-71.54117528059058
858.1900240564346,-71.5418438373511,-71.5418438373511
858.2000240564346,-71.54252124476243,-71.54252124476243
858.2100240564346,-71.54320759132797,-71.54320759132797
858.2200240564347,-71.54390296376339,-71.54390296376339
858.2300240564347,-71.54460744698416,-71.54460744698416
858.2400240564347,-71.54532112413933,-71.54532112413933
858.2500240564347,-71.54604407662679,-71.54604407662679
858.2600240564346,-71.54677638410791,-71.54677638410791
858.2700240564346,-71.54751812452804,-71.54751812452804
858.2800240564346,-71.54826937415335,-71.54826937415335
858.2900240564346,-71.54903020755823,-71.54903020755823
858.3000240564346,-71.5498006976594,-71.5498006976594
858.3100240564346,-71.55058091573304,-71.55058091573304
858.3200240564346,-71.55137093142864,-71.55137093142864
858.3300240564346,-71.5521708128112,-71.5521708128112
858.3400240564347,-71.55298062633881,-71.55298062633881
858.3500240564347,-71.55380043692278,-71.55380043692278
858.3600240564347,-71.5546303079129,-71.5546303079129
858.3700240564347,-71.55547030112996,-71.55547030112996
858.3800240564346,-71.55632047689673,-71.55632047689673
858.3900240564346,-71.55718089402716,-71.55718089402716
858.4000240564346,-71.55805160987555,-71.55805160987555
858.4100240564346,-71.55893268032848,-71.55893268032848
858.4200240564346,-71.55982415982828,-71.55982415982828
858.4300240564346,-71.56072610142115,-71.56072610142115
858.4400240564346,-71.56163855673329,-71.56163855673329
858.4500240564346,-71.56256157601152,-71.56256157601152
858.4600240564346,-71.56349520813362,-71.56349520813362
858.4700240564347,-71.56443950061991,-71.56443950061991
858.4800240564347,-71.56539449968402,-71.56539449968402
858.4900240564347,-71.56636025019748,-71.56636025019748
858.5000240802765,-71.56733679808477,-71.56733679808477
858.5100240802765,-71.56832418103686,-71.56832418103686
858.5200240802765,-71.56932244237318,-71.56932244237318
858.5300240802765,-71.57033162190632,-71.57033162190632
858.5400240802765,-71.57135175819737,-71.57135175819737
858.5500240802764,-71.57238288861143,-71.57238288861143
858.5600240802764,-71.57342504931411,-71.57342504931411
858.5700240802765,-71.57447827528013,-71.57447827528013
858.5800240802765,-71.57554260034134,-71.57554260034134
858.5900240802765,-71.5766180571688,-71.5766180571688
858.6000240802765,-71.57770467730575,-71.57770467730575
858.6100240802765,-71.57880249117343,-71.57880249117343
858.6200240802765,-71.57991152810538,-71.57991152810538
858.6300240802765,-71.58103181634297,-71.58103181634297
858.6400240802765,-71.58216338306922,-71.58216338306922
858.6500240802765,-71.5833062544068,-71.5833062544068
858.6600240802765,-71.5844604554322,-71.5844604554322
858.6700240802764,-71.58562601021436,-71.58562601021436
858.6800240802764,-71.5868029418046,-71.5868029418046
858.6900240802765,-71.58799127226358,-71.58799127226358
858.7000240802765,-71.5891910226741,-71.5891910226741
858.7100240802765,-71.59040221315043,-71.59040221315043
858.7200240802765,-71.59162486285784,-71.59162486285784
858.7300240802765,-71.59285899002606,-71.59285899002606
858.7400240802765,-71.59410461195634,-71.59410461195634
858.7500240802765,-71.59536174505449,-71.59536174505449
858.7600240802765,-71.5966304048115,-71.5966304048115
858.7700240802765,-71.59791060585003,-71.59791060585003
858.7800240802765,-71.59920236192016,-71.59920236192016
858.7900240802765,-71.60050568592341,-71.60050568592341
858.8000240802764,-71.60182058990466,-71.60182058990466
858.8100240802764,-71.603147085087,-71.603147085087
858.8200240802765,-71.60448518187377,-71.60448518187377
858.8300240802765,-71.60583488987176,-71.60583488987176
858.8400240802765,-71.6071962178892,-71.6071962178892
858.8500240802765,-71.60856917394145,-71.60856917394145
858.8600240802765,-71.60995376529883,-71.60995376529883
858.8700240802765,-71.61134999845908,-71.61134999845908
858.8800240802765,-71.61275787917572,-71.61275787917572
858.8900240802765,-71.61417741248883,-71.61417741248883
858.9000240802765,-71.61560860269215,-71.61560860269215
858.9100240802765,-71.61705145338418,-71.61705145338418
858.9200240802764,-71.61850596745847,-71.61850596745847
858.9300240802764,-71.61997214711829,-71.61997214711829
858.9400240802765,-71.62144999389844,-71.62144999389844
858.9500240802765,-71.6229395086744,-71.6229395086744
858.9600240802765,-71.62443445188407,-71.62443445188407
858.9700240802765,-71.62593209549343,-71.62593209549343
858.9800240802765,-71.62743111455181,-71.62743111455181
858.9900240802765,-71.62893083322817,-71.62893083322817
859.0000240802765,-71.63043093705346,-71.63043093705346
859.0100240802765,-71.63193132339434,-71.63193132339434
859.0200240802765,-71.63343201378406,-71.63343201378406
859.0300240802765,-71.6349331012191,-71.6349331012191
859.0400240802765,-71.63643471843915,-71.63643471843915
859.0500240802764,-71.63793701892114,-71.63793701892114
859.0600240802764,-71.63944016555773,-71.63944016555773
859.0700240802765,-71.64094432401303,-71.64094432401303
859.0800240802765,-71.64244965893158,-71.64244965893158
859.0900240802765,-71.64395633186744,-71.64395633186744
859.1000240802765,-71.64546450026732,-71.64546450026732
859.1100240802765,-71.64697431707033,-71.64697431707033
859.1200240802765,-71.64848593069303,-71.64848593069303
859.1300240802765,-71.64999948517364,-71.64999948517364
859.1400240802765,-71.65151512046654,-71.65151512046654
859.1500240802765,-71.65303297271626,-71.65303297271626
859.1600240802765,-71.65455317460635,-71.65455317460635
859.1700240802764,-71.65607585562996,-71.65607585562996
859.1800240802764,-71.65760114239401,-71.65760114239401
859.1900240802765,-71.65912915884209,-71.65912915884209
859.2000240802765,-71.66066002649198,-71.66066002649198
859.2100240802765,-71.66218762140328,-71.66218762140328
859.2200240802765,-71.66370933148767,-71.66370933148767
859.2300240802765,-71.66522394717701,-71.66522394717701
859.2400240802765,-71.66673090716826,-71.66673090716826
859.2500240802765,-71.66823001066066,-71.66823001066066
859.2600240802765,-71.66972126779798,-71.66972126779798
859.2700240802765,-71.67120481203321,-71.67120481203321
859.2800240802765,-71.67268084745774,-71.67268084745774
859.2900240802765,-71.67414961710587,-71.67414961710587
859.3000240802764,-71.67561138398173,-71.67561138398173
859.3100240802764,-71.67706641974603,-71.67706641974603
859.3200240802765,-71.67851499807905,-71.67851499807905
859.3300240802765,-71.67995739089612,-71.67995739089612
859.3400240802765,-71.68139386629363,-71.68139386629363
859.3500241041183,-71.6828246909349,-71.6828246909349
859.3600241041183,-71.68425011599595,-71.68425011599595
859.3700241041183,-71.6856703976468,-71.6856703976468
859.3800241041183,-71.68708578352248,-71.68708578352248
859.3900241041183,-71.68849651640181,-71.68849651640181
859.4000241041183,-71.68990283451551,-71.68990283451551
859.4100241041183,-71.6913049718346,-71.6913049718346
859.4200241041184,-71.6927031584068,-71.6927031584068
859.4300241041184,-71.69409762057444,-71.69409762057444
859.4400241041184,-71.69548858123555,-71.69548858123555
859.4500241041184,-71.69687626006947,-71.69687626006947
859.4600241041184,-71.69826087369216,-71.69826087369216
859.4700241041184,-71.69964263582602,-71.69964263582602
859.4800241041183,-71.70102175741806,-71.70102175741806
859.4900241041183,-71.70239844678319,-71.70239844678319
859.5000241041183,-71.70377290966384,-71.70377290966384
859.5100241041183,-71.70514534932101,-71.70514534932101
859.5200241041183,-71.70651596660504,-71.70651596660504
859.5300241041183,-71.7078849600088,-71.7078849600088
859.5400241041184,-71.70925252569016,-71.70925252569016
859.5500241041184,-71.71061885753613,-71.71061885753613
859.5600241041184,-71.71198414716336,-71.71198414716336
859.5700241041184,-71.7133485839678,-71.7133485839678
859.5800241041184,-71.71471235512449,-71.71471235512449
859.5900241041184,-71.71607564560604,-71.71607564560604
859.6000241041183,-71.71743863820323,-71.71743863820323
859.6100241041183,-71.71880151352303,-71.71880151352303
859.6200241041183,-71.72016445000031,-71.72016445000031
859.6300241041183,-71.72152762390685,-71.72152762390685
859.6400241041183,-71.72289120935032,-71.72289120935032
859.6500241041183,-71.72425537826919,-71.72425537826919
859.6600241041183,-71.72562030046164,-71.72562030046164
859.6700241041184,-71.72698614356432,-71.72698614356432
859.6800241041184,-71.72835307307832,-71.72835307307832
859.6900241041184,-71.72972125233807,-71.72972125233807
859.7000241041184,-71.73109084255194,-71.73109084255194
859.7100241041184,-71.73246200277937,-71.73246200277937
859.7200241041184,-71.7338348899405,-71.7338348899405
859.7300241041183,-71.73520965882773,-71.73520965882773
859.7400241041183,-71.73658646209998,-71.73658646209998
859.7500241041183,-71.73796545030986,-71.73796545030986
859.7600241041183,-71.73934677186405,-71.73934677186405
859.7700241041183,-71.74073057308182,-71.74073057308182
859.7800241041183,-71.74211699816692,-71.74211699816692
859.7900241041184,-71.74350618920943,-71.74350618920943
859.8000241041184,-71.74489828624696,-71.74489828624696
859.8100241041184,-71.74629342720088,-71.74629342720088
859.8200241041184,-71.74769174793072,-71.74769174793072
859.8300241041184,-71.74909338223412,-71.74909338223412
859.8400241041184,-71.75049846185007,-71.75049846185007
859.8500241041183,-71.75190711646263,-71.75190711646263
859.8600241041183,-71.75331947374134,-71.75331947374134
859.8700241041183,-71.7547356593355,-71.7547356593355
859.8800241041183,-71.75615579686456,-71.75615579686456
859.8900241041183,-71.75758000795761,-71.75758000795761
859.9000241041183,-71.75900841226698,-71.75900841226698
859.9100241041183,-71.76044112746698,-71.76044112746698
859.9200241041184,-71.76187826927404,-71.76187826927404
859.9300241041184,-71.76331995146455,-71.76331995146455
859.9400241041184,-71.76476628587841,-71.76476628587841
859.9500241041184,-71.76621738243813,-71.76621738243813
859.9600241041184,-71.76767334916762,-71.76767334916762
859.9700241041184,-71.76913429221338,-71.76913429221338
859.9800241041183,-71.77060031583554,-71.77060031583554
859.9900241041183,-71.77207152245724,-71.77207152245724
860.0000241041183,-71.77354801265695,-71.77354801265695
860.0100241041183,-71.77502988518332,-71.77502988518332
860.0200241041183,-71.77651723699027,-71.77651723699027
860.0300241041183,-71.77801016323052,-71.77801016323052
860.0400241041184,-71.77950875730114,-71.77950875730114
860.0500241041184,-71.78101311084022,-71.78101311084022
860.0600241041184,-71.78252331372826,-71.78252331372826
860.0700241041184,-71.78403945414695,-71.78403945414695
860.0800241041184,-71.78556161856298,-71.78556161856298
860.0900241041184,-71.78708989175796,-71.78708989175796
860.1000241041183,-71.78862435684553,-71.78862435684553
860.1100241041183,-71.79016509529886,-71.79016509529886
860.1200241041183,-71.79171218693936,-71.79171218693936
860.1300241041183,-71.79326570997625,-71.79326570997625
860.1400241041183,-71.79482574102754,-71.79482574102754
860.1500241041183,-71.79639235513815,-71.79639235513815
860.1600241041183,-71.79796562576318,-71.79796562576318
860.1700241041184,-71.79954562483367,-71.79954562483367
860.1800241041184,-71.80113242275247,-71.80113242275247
860.1900241041184,-71.80272608840681,-71.80272608840681
860.2000241279602,-71.80432669299854,-71.80432669299854
860.2100241279602,-71.80593429485876,-71.80593429485876
860.2200241279602,-71.80754896223277,-71.80754896223277
860.2300241279602,-71.80917075814543,-71.80917075814543
860.2400241279602,-71.81079974419983,-71.81079974419983
860.2500241279602,-71.81243598060112,-71.81243598060112
860.2600241279602,-71.81407952616156,-71.81407952616156
860.2700241279603,-71.81573043832005,-71.81573043832005
860.2800241279602,-71.81738877317679,-71.81738877317679
860.2900241279602,-71.81905458547392,-71.81905458547392
860.3000241279602,-71.82072792865111,-71.82072792865111
860.3100241279602,-71.82240885484285,-71.82240885484285
860.3200241279602,-71.8240974149059,-71.8240974149059
860.3300241279602,-71.82579365840822,-71.82579365840822
860.3400241279602,-71.82749763368881,-71.82749763368881
860.3500241279602,-71.8292093878427,-71.8292093878427
860.3600241279602,-71.83092896674299,-71.83092896674299
860.3700241279602,-71.8326564150622,-71.8326564150622
860.3800241279602,-71.83439177629711,-71.83439177629711
860.3900241279603,-71.83613509275668,-71.83613509275668
860.4000241279603,-71.83788640561717,-71.83788640561717
860.4100241279602,-71.83964575489819,-71.83964575489819
860.4200241279602,-71.84141317949774,-71.84141317949774
860.4300241279602,-71.84318871721047,-71.84318871721047
860.4400241279602,-71.84497240474934,-71.84497240474934
860.4500241279602,-71.84676427773407,-71.84676427773407
860.4600241279602,-71.84855811005664,-71.84855811005664
860.4700241279602,-71.85035119721931,-71.85035119721931
860.4800241279602,-71.85214224167603,-71.85214224167603
860.4900241279602,-71.85393059659698,-71.85393059659698
860.5000241279602,-71.85571597724608,-71.85571597724608
860.5100241279602,-71.85749831105524,-71.85749831105524
860.5200241279603,-71.85927764969077,-71.85927764969077
860.5300241279602,-71.86105411624466,-71.86105411624466
860.5400241279602,-71.86282787340241,-71.86282787340241
860.5500241279602,-71.86459910443963,-71.86459910443963
860.5600241279602,-71.86636800183565,-71.86636800183565
860.5700241279602,-71.86813476063291,-71.86813476063291
860.5800241279602,-71.86989957460563,-71.86989957460563
860.5900241279602,-71.87166263421422,-71.87166263421422
860.6000241279602,-71.87342412555584,-71.87342412555584
860.6100241279602,-71.87518423000387,-71.87518423000387
860.6200241279602,-71.87694312412742,-71.87694312412742
860.6300241279602,-71.87870097987143,-71.87870097987143
860.6400241279603,-71.88045796484643,-71.88045796484643
860.6500241279603,-71.8822142426031,-71.8822142426031
860.6600241279602,-71.88396997295737,-71.88396997295737
860.6700241279602,-71.88572531228155,-71.88572531228155
860.6800241279602,-71.88748041381172,-71.88748041381172
860.6900241279602,-71.88923542785317,-71.88923542785317
860.7000241279602,-71.89099050203436,-71.89099050203436
860.7100241279602,-71.89274578147692,-71.89274578147692
860.7200241279602,-71.89450140897183,-71.89450140897183
860.7300241279602,-71.8962575251078,-71.8962575251078
860.7400241279602,-71.89801426841606,-71.89801426841606
860.7500241279602,-71.89977177544327,-71.89977177544327
860.7600241279602,-71.90153018085472,-71.90153018085472
860.7700241279603,-71.90328961750205,-71.90328961750205
860.7800241279602,-71.90505021649196,-71.90505021649196
860.7900241279602,-71.9068121072223,-71.9068121072223
860.8000241279602,-71.90857541742884,-71.90857541742884
860.8100241279602,-71.91034027322513,-71.91034027322513
860.8200241279602,-71.91210679912446,-71.91210679912446
860.8300241279602,-71.91387511808293,-71.91387511808293
860.8400241279602,-71.9156453514871,-71.9156453514871
860.8500241279602,-71.91741761918867,-71.91741761918867
860.8600241279602,-71.91919203951868,-71.91919203951868
860.8700241279602,-71.9209687292939,-71.9209687292939
860.8800241279602,-71.92274780382536,-71.92274780382536
860.8900241279603,-71.92452937691623,-71.92452937691623
860.9000241279603,-71.92631356090676,-71.92631356090676
860.9100241279602,-71.92810046662757,-71.92810046662757
860.9200241279602,-71.92989020342544,-71.92989020342544
860.9300241279602,-71.9316828791806,-71.9316828791806
860.9400241279602,-71.93347860029176,-71.93347860029176
860.9500241279602,-71.93527747168685,-71.93527747168685
860.9600241279602,-71.937079596832,-71.937079596832
860.9700241279602,-71.93888507772479,-71.93888507772479
860.9800241279602,-71.94069401488831,-71.94069401488831
860.9900241279602,-71.9425065073976,-71.9425065073976
861.0000241279602,-71.94432265289299,-71.94432265289299
861.0100241279602,-71.94614254752798,-71.94614254752798
861.0200241279603,-71.94796628602862,-71.94796628602862
861.0300241279602,-71.94979396167683,-71.94979396167683
861.0400241279602,-71.95162566631078,-71.95162566631078
861.0500241518021,-71.95346149472005,-71.95346149472005
861.060024151802,-71.95530152715237,-71.95530152715237
861.070024151802,-71.95714585551929,-71.95714585551929
861.080024151802,-71.9589945659627,-71.9589945659627
861.090024151802,-71.96084774322438,-71.96084774322438
861.100024151802,-71.96270547063705,-71.96270547063705
861.110024151802,-71.9645678301311,-71.9645678301311
861.1200241518021,-71.96643490225058,-71.96643490225058
861.1300241518021,-71.96830676616898,-71.96830676616898
861.1400241518021,-71.97018349967482,-71.97018349967482
861.1500241518021,-71.9720651791973,-71.9720651791973
861.1600241518021,-71.97395187979897,-71.97395187979897
861.1700241518021,-71.97584367522353,-71.97584367522353
861.1800241518021,-71.97774063783976,-71.97774063783976
861.190024151802,-71.9796428387086,-71.9796428387086
861.200024151802,-71.98155034756697,-71.98155034756697
861.210024151802,-71.9834632328465,-71.9834632328465
861.220024151802,-71.98538156167538,-71.98538156167538
861.230024151802,-71.9873053998942,-71.9873053998942
861.2400241518021,-71.98923481205289,-71.98923481205289
861.2500241518021,-71.99116986145548,-71.99116986145548
861.2600241518021,-71.9931106101416,-71.9931106101416
861.2700241518021,-71.99505711889097,-71.99505711889097
861.2800241518021,-71.99700944725532,-71.99700944725532
861.2900241518021,-71.99896765356665,-71.99896765356665
861.3000241518021,-72.00093179494552,-72.00093179494552
861.310024151802,-72.0029019273008,-72.0029019273008
861.320024151802,-72.00487810535716,-72.00487810535716
861.330024151802,-72.00686038266221,-72.00686038266221
861.340024151802,-72.00884881160174,-72.00884881160174
861.350024151802,-72.01084344339537,-72.01084344339537
861.360024151802,-72.01284432812736,-72.01284432812736
861.3700241518021,-72.0148515147439,-72.0148515147439
861.3800241518021,-72.0168650510928,-72.0168650510928
861.3900241518021,-72.01888498388813,-72.01888498388813
861.4000241518021,-72.02091135875835,-72.02091135875835
861.4100241518021,-72.0229442202571,-72.0229442202571
861.4200241518021,-72.0249836118657,-72.0249836118657
861.4300241518021,-72.02702957599362,-72.02702957599362
861.440024151802,-72.02908215402267,-72.02908215402267
861.450024151802,-72.0311413862828,-72.0311413862828
861.460024151802,-72.03320731208555,-72.03320731208555
861.470024151802,-72.03527996973584,-72.03527996973584
861.480024151802,-72.03735939654769,-72.03735939654769
861.4900241518021,-72.03944562883223,-72.03944562883223
861.5000241518021,-72.04153870193738,-72.04153870193738
861.5100241518021,-72.04363865024663,-72.04363865024663
861.5200241518021,-72.04574550718928,-72.04574550718928
861.5300241518021,-72.04785930525644,-72.04785930525644
861.5400241518021,-72.04998007600766,-72.04998007600766
861.5500241518021,-72.05210785010112,-72.05210785010112
861.560024151802,-72.05424265727383,-72.05424265727383
861.570024151802,-72.05638452637992,-72.05638452637992
861.580024151802,-72.05853348540292,-72.05853348540292
861.590024151802,-72.0606895614374,-72.0606895614374
861.600024151802,-72.06285278072446,-72.06285278072446
861.610024151802,-72.06502316868182,-72.06502316868182
861.6200241518021,-72.06720074985714,-72.06720074985714
861.6300241518021,-72.06938554799628,-72.06938554799628
861.6400241518021,-72.07157758602155,-72.07157758602155
861.6500241518021,-72.07377688606144,-72.07377688606144
861.6600241518021,-72.07598346944809,-72.07598346944809
861.6700241518021,-72.07819735674144,-72.07819735674144
861.6800241518021,-72.08041856772867,-72.08041856772867
861.690024151802,-72.08264712142528,-72.08264712142528
861.700024151802,-72.08488303611703,-72.08488303611703
861.710024151802,-72.08712632934004,-72.08712632934004
861.720024151802,-72.0893770179063,-72.0893770179063
861.730024151802,-72.09163511791319,-72.09163511791319
861.7400241518021,-72.0939006447519,-72.0939006447519
861.7500241518021,-72.09617361312102,-72.09617361312102
861.7600241518021,-72.09845403701371,-72.09845403701371
861.7700241518021,-72.10074192977012,-72.10074192977012
861.7800241518021,-72.10303730404155,-72.10303730404155
861.7900241518021,-72.1053401718459,-72.1053401718459
861.8000241518021,-72.10765054453259,-72.10765054453259
861.810024151802,-72.10996843281924,-72.10996843281924
861.820024151802,-72.11229384680308,-72.11229384680308
861.830024151802,-72.11462679595105,-72.11462679595105
861.840024151802,-72.11696728912713,-72.11696728912713
861.850024151802,-72.11931533458502,-72.11931533458502
861.860024151802,-72.12167094000054,-72.12167094000054
861.8700241518021,-72.12403411245182,-72.12403411245182
861.8800241518021,-72.12640485845448,-72.12640485845448
861.8900241518021,-72.12878318395535,-72.12878318395535
861.9000241756439,-72.13116910001752,-72.13116910001752
861.9100241756439,-72.13356260015539,-72.13356260015539
861.9200241756439,-72.13596369431225,-72.13596369431225
861.9300241756439,-72.13837238625409,-72.13837238625409
861.9400241756439,-72.14078867923061,-72.14078867923061
861.9500241756439,-72.14321257597152,-72.14321257597152
861.9600241756439,-72.14564407870546,-72.14564407870546
861.970024175644,-72.14808318913944,-72.14808318913944
861.980024175644,-72.15052990852284,-72.15052990852284
861.990024175644,-72.15298423759458,-72.15298423759458
862.000024175644,-72.15544617662634,-72.15544617662634
862.0100241756439,-72.15791572542223,-72.15791572542223
862.0200241756439,-72.16039288332652,-72.16039288332652
862.0300241756439,-72.16287764922785,-72.16287764922785
862.0400241756439,-72.1653700215678,-72.1653700215678
862.0500241756439,-72.16786999834916,-72.16786999834916
862.0600241756439,-72.17037757713881,-72.17037757713881
862.0700241756439,-72.17289275508436,-72.17289275508436
862.0800241756439,-72.1754155289138,-72.1754155289138
862.090024175644,-72.17794589494201,-72.17794589494201
862.100024175644,-72.18048384908691,-72.18048384908691
862.110024175644,-72.1830293868498,-72.1830293868498
862.120024175644,-72.1855825033554,-72.1855825033554
862.1300241756439,-72.1881431933509,-72.1881431933509
862.1400241756439,-72.19071145118576,-72.19071145118576
862.1500241756439,-72.19328727084947,-72.19328727084947
862.1600241756439,-72.1958706459579,-72.1958706459579
862.1700241756439,-72.19846156977917,-72.19846156977917
862.1800241756439,-72.20106003521269,-72.20106003521269
862.1900241756439,-72.20366603482127,-72.20366603482127
862.2000241756439,-72.20627956082107,-72.20627956082107
862.2100241756439,-72.20890060509102,-72.20890060509102
862.220024175644,-72.21152915918175,-72.21152915918175
862.230024175644,-72.21416521432914,-72.21416521432914
862.240024175644,-72.216808761426,-72.216808761426
862.250024175644,-72.21945979107564,-72.21945979107564
862.2600241756439,-72.22211829356057,-72.22211829356057
862.2700241756439,-72.22478425886108,-72.22478425886108
862.2800241756439,-72.22745767666515,-72.22745767666515
862.2900241756439,-72.23013853635793,-72.23013853635793
862.3000241756439,-72.23282682705334,-72.23282682705334
862.3100241756439,-72.23552253757892,-72.23552253757892
862.3200241756439,-72.23822565647204,-72.23822565647204
862.3300241756439,-72.2409361720186,-72.2409361720186
862.340024175644,-72.24365407220712,-72.24365407220712
862.350024175644,-72.24637934480486,-72.24637934480486
862.360024175644,-72.24911197728782,-72.24911197728782
862.370024175644,-72.25185195689964,-72.25185195689964
862.3800241756439,-72.25459927061699,-72.25459927061699
862.3900241756439,-72.25735390518904,-72.25735390518904
862.4000241756439,-72.26011584712093,-72.26011584712093
862.4100241756439,-72.26288508267497,-72.26288508267497
862.4200241756439,-72.26566159789424,-72.26566159789424
862.4300241756439,-72.26844537858886,-72.26844537858886
862.4400241756439,-72.27123641035033,-72.27123641035033
862.4500241756439,-72.27403467854556,-72.27403467854556
862.4600241756439,-72.2768401683422,-72.2768401683422
862.470024175644,-72.27965286468034,-72.27965286468034
862.480024175644,-72.28247275231324,-72.28247275231324
862.490024175644,-72.28529981577333,-72.28529981577333
862.500024175644,-72.28813403941007,-72.28813403941007
862.5100241756439,-72.2909754073671,-72.2909754073671
862.5200241756439,-72.29382390361039,-72.29382390361039
862.5300241756439,-72.29667951191014,-72.29667951191014
862.5400241756439,-72.29954221586274,-72.29954221586274
862.5500241756439,-72.30241199886956,-72.30241199886956
862.5600241756439,-72.30528884416876,-72.30528884416876
862.5700241756439,-72.30817273483078,-72.30817273483078
862.5800241756439,-72.31106365374745,-72.31106365374745
862.590024175644,-72.31396158364065,-72.31396158364065
862.600024175644,-72.316866507086,-72.316866507086
862.610024175644,-72.31977840649147,-72.31977840649147
862.620024175644,-72.32269726411184,-72.32269726411184
862.6300241756439,-72.32562306204888,-72.32562306204888
862.6400241756439,-72.32855578225468,-72.32855578225468
862.6500241756439,-72.33149540654246,-72.33149540654246
862.6600241756439,-72.3344419165742,-72.3344419165742
862.6700241756439,-72.33739529387198,-72.33739529387198
862.6800241756439,-72.34035551982133,-72.34035551982133
862.6900241756439,-72.34332257568268,-72.34332257568268
862.7000241756439,-72.34629644257889,-72.34629644257889
862.7100241756439,-72.34927710150976,-72.34927710150976
862.720024175644,-72.35226453334643,-72.35226453334643
862.730024175644,-72.35525871883937,-72.35525871883937
862.740024175644,-72.35825963861656,-72.35825963861656
862.7500241994858,-72.3612672803529,-72.3612672803529
862.7600241994858,-72.36428161016157,-72.36428161016157
862.7700241994858,-72.36730261544382,-72.36730261544382
862.7800241994858,-72.37033027638408,-72.37033027638408
862.7900241994857,-72.37336457306841,-72.37336457306841
862.8000241994857,-72.3764054854518,-72.3764054854518
862.8100241994857,-72.37945299341021,-72.37945299341021
862.8200241994858,-72.38250707670024,-72.38250707670024
862.8300241994858,-72.38556771501486,-72.38556771501486
862.8400241994858,-72.38863488792241,-72.38863488792241
862.8500241994858,-72.3917085749148,-72.3917085749148
862.8600241994858,-72.39478875538202,-72.39478875538202
862.8700241994858,-72.39787540864172,-72.39787540864172
862.8800241994858,-72.40096851390936,-72.40096851390936
862.8900241994858,-72.40406805034226,-72.40406805034226
862.9000241994858,-72.40717399698775,-72.40717399698775
862.9100241994857,-72.41028633283523,-72.41028633283523
862.9200241994857,-72.41340503679959,-72.41340503679959
862.9300241994857,-72.41653008770406,-72.41653008770406
862.9400241994858,-72.41966146431209,-72.41966146431209
862.9500241994858,-72.42279914531781,-72.42279914531781
862.9600241994858,-72.425943109344,-72.425943109344
862.9700241994858,-72.42909333494265,-72.42909333494265
862.9800241994858,-72.43224980061703,-72.43224980061703
862.9900241994858,-72.43541248478974,-72.43541248478974
863.0000241994858,-72.43858136583279,-72.43858136583279
863.0100241994858,-72.44175642206064,-72.44175642206064
863.0200241994858,-72.44493763172628,-72.44493763172628
863.0300241994858,-72.4481249730277,-72.4481249730277
863.0400241994857,-72.45131842411391,-72.45131842411391
863.0500241994857,-72.45451796308507,-72.45451796308507
863.0600241994857,-72.45772356797674,-72.45772356797674
863.0700241994858,-72.46093521678945,-72.46093521678945
863.0800241994858,-72.46415288747876,-72.46415288747876
863.0900241994858,-72.46737655795155,-72.46737655795155
863.1000241994858,-72.4706062060697,-72.4706062060697
863.1100241994858,-72.47384180965183,-72.47384180965183
863.1200241994858,-72.47708334648605,-72.47708334648605
863.1300241994858,-72.48033079431286,-72.48033079431286
863.1400241994858,-72.48358413084088,-72.48358413084088
863.1500241994858,-72.48684333373853,-72.48684333373853
863.1600241994857,-72.49010838064451,-72.49010838064451
863.1700241994857,-72.49337924916543,-72.49337924916543
863.1800241994857,-72.49665591687736,-72.49665591687736
863.1900241994858,-72.49993836131546,-72.49993836131546
863.2000241994858,-72.5032265600121,-72.5032265600121
863.2100241994858,-72.50652049044854,-72.50652049044854
863.2200241994858,-72.5098201300915,-72.5098201300915
863.2300241994858,-72.51312545637941,-72.51312545637941
863.2400241994858,-72.51643644673025,-72.51643644673025
863.2500241994858,-72.51975307853698,-72.51975307853698
863.2600241994858,-72.52307532918644,-72.52307532918644
863.2700241994858,-72.52640317602159,-72.52640317602159
863.2800241994858,-72.52973659638889,-72.52973659638889
863.2900241994857,-72.53307556761067,-72.53307556761067
863.3000241994857,-72.53642006699546,-72.53642006699546
863.3100241994857,-72.53977007182739,-72.53977007182739
863.3200241994858,-72.54312555939649,-72.54312555939649
863.3300241994858,-72.54648650697146,-72.54648650697146
863.3400241994858,-72.54985289180402,-72.54985289180402
863.3500241994858,-72.55322469114776,-72.55322469114776
863.3600241994858,-72.55660188224311,-72.55660188224311
863.3700241994858,-72.55998444231543,-72.55998444231543
863.3800241994858,-72.56337234859782,-72.56337234859782
863.3900241994858,-72.56676557830586,-72.56676557830586
863.4000241994858,-72.57016410865711,-72.57016410865711
863.4100241994857,-72.57356791686404,-72.57356791686404
863.4200241994857,-72.57697698013828,-72.57697698013828
863.4300241994857,-72.58039127569121,-72.58039127569121
863.4400241994858,-72.58381078072875,-72.58381078072875
863.4500241994858,-72.58723547246365,-72.58723547246365
863.4600241994858,-72.59066532810215,-72.59066532810215
863.4700241994858,-72.59410032486944,-72.59410032486944
863.4800241994858,-72.59754043997194,-72.59754043997194
863.4900241994858,-72.60098565062867,-72.60098565062867
863.5000241994858,-72.60443593407314,-72.60443593407314
863.5100241994858,-72.6078912675425,-72.6078912675425
863.5200241994858,-72.6113516282739,-72.6113516282739
863.5300241994858,-72.61481699350594,-72.61481699350594
863.5400241994857,-72.61828734050849,-72.61828734050849
863.5500241994857,-72.62176264653571,-72.62176264653571
863.5600241994857,-72.62524288886806,-72.62524288886806
863.5700241994858,-72.62872804478523,-72.62872804478523
863.5800241994858,-72.63221809159425,-72.63221809159425
863.5900241994858,-72.63571300660757,-72.63571300660757
863.6000242233276,-72.63921277547804,-72.63921277547804
863.6100242233276,-72.64271735889592,-72.64271735889592
863.6200242233276,-72.6462267425251,-72.6462267425251
863.6300242233276,-72.64974090373593,-72.64974090373593
863.6400242233276,-72.65325981991259,-72.65325981991259
863.6500242233276,-72.65678346845951,-72.65678346845951
863.6600242233276,-72.66031182679653,-72.66031182679653
863.6700242233277,-72.66384487235253,-72.66384487235253
863.6800242233277,-72.66738258259474,-72.66738258259474
863.6900242233277,-72.6709249349996,-72.6709249349996
863.7000242233277,-72.67447190706002,-72.67447190706002
863.7100242233277,-72.67801713525299,-72.67801713525299
863.7200242233276,-72.6815578177489,-72.6815578177489
863.7300242233276,-72.68509257670289,-72.68509257670289
863.7400242233276,-72.68862069353781,-72.68862069353781
863.7500242233276,-72.69214181706323,-72.69214181706323
863.7600242233276,-72.69565581194942,-72.69565581194942
863.7700242233276,-72.6991626698766,-72.6991626698766
863.7800242233276,-72.7026624561821,-72.7026624561821
863.7900242233277,-72.70615527775374,-72.70615527775374
863.8000242233277,-72.70964126377102,-72.70964126377102
863.8100242233277,-72.71312055421704,-72.71312055421704
863.8200242233277,-72.7165932931222,-72.7165932931222
863.8300242233277,-72.72005962467463,-72.72005962467463
863.8400242233276,-72.72351969112168,-72.72351969112168
863.8500242233276,-72.7269736316546,-72.7269736316546
863.8600242233276,-72.73042158199743,-72.73042158199743
863.8700242233276,-72.73386367431738,-72.73386367431738
863.8800242233276,-72.73730003736252,-72.73730003736252
863.8900242233276,-72.7407307966662,-72.7407307966662
863.9000242233276,-72.74415607487484,-72.74415607487484
863.9100242233276,-72.74757599197112,-72.74757599197112
863.9200242233277,-72.75099066558037,-72.75099066558037
863.9300242233277,-72.75440021122348,-72.75440021122348
863.9400242233277,-72.75780474251913,-72.75780474251913
863.9500242233277,-72.76120437138582,-72.76120437138582
863.9600242233277,-72.76459920821311,-72.76459920821311
863.9700242233276,-72.76798936200062,-72.76798936200062
863.9800242233276,-72.77137494048038,-72.77137494048038
863.9900242233276,-72.77475605021232,-72.77475605021232
864.0000242233276,-72.77813279666681,-72.77813279666681
864.0100242233276,-72.78150528429886,-72.78150528429886
864.0200242233276,-72.78487361658784,-72.78487361658784
864.0300242233276,-72.78823789609939,-72.78823789609939
864.0400242233277,-72.79159822449085,-72.79159822449085
864.0500242233277,-72.79495470257574,-72.79495470257574
864.0600242233277,-72.79830743029481,-72.79830743029481
864.0700242233277,-72.80165650676614,-72.80165650676614
864.0800242233277,-72.80500203027472,-72.80500203027472
864.0900242233276,-72.80834409829359,-72.80834409829359
864.1000242233276,-72.81168280746188,-72.81168280746188
864.1100242233276,-72.81501825361156,-72.81501825361156
864.1200242233276,-72.81835053173975,-72.81835053173975
864.1300242233276,-72.82167973601558,-72.82167973601558
864.1400242233276,-72.82500595977842,-72.82500595977842
864.1500242233276,-72.82832929552366,-72.82832929552366
864.1600242233276,-72.83164983489495,-72.83164983489495
864.1700242233277,-72.83496766868342,-72.83496766868342
864.1800242233277,-72.83828288682245,-72.83828288682245
864.1900242233277,-72.84159557836439,-72.84159557836439
864.2000242233277,-72.84490583148603,-72.84490583148603
864.2100242233277,-72.84821373346344,-72.84821373346344
864.2200242233276,-72.85151937070106,-72.85151937070106
864.2300242233276,-72.85482282868804,-72.85482282868804
864.2400242233276,-72.85812419199745,-72.85812419199745
864.2500242233276,-72.86142354430437,-72.86142354430437
864.2600242233276,-72.86472096833971,-72.86472096833971
864.2700242233276,-72.86801654593206,-72.86801654593206
864.2800242233276,-72.87131035795508,-72.87131035795508
864.2900242233277,-72.87460248435266,-72.87460248435266
864.3000242233277,-72.87789300413142,-72.87789300413142
864.3100242233277,-72.88118199534641,-72.88118199534641
864.3200242233277,-72.8844695351071,-72.8844695351071
864.3300242233277,-72.88775569956728,-72.88775569956728
864.3400242233276,-72.89104056393201,-72.89104056393201
864.3500242233276,-72.8943242024606,-72.8943242024606
864.3600242233276,-72.89760668844053,-72.89760668844053
864.3700242233276,-72.9008880942148,-72.9008880942148
864.3800242233276,-72.90416849115458,-72.90416849115458
864.3900242233276,-72.90744794968236,-72.90744794968236
864.4000242233276,-72.91072653927617,-72.91072653927617
864.4100242233276,-72.91400432843858,-72.91400432843858
864.4200242233277,-72.91728138473576,-72.91728138473576
864.4300242233277,-72.92055777477637,-72.92055777477637
864.4400242233277,-72.92383356420996,-72.92383356420996
864.4500242471695,-72.92710882555981,-72.92710882555981
864.4600242471695,-72.93038360699647,-72.93038360699647
864.4700242471695,-72.9336579791409,-72.9336579791409
864.4800242471695,-72.93693200388799,-72.93693200388799
864.4900242471695,-72.94020574219357,-72.94020574219357
864.5000242471694,-72.94347925410415,-72.94347925410415
864.5100242471694,-72.94675259871936,-72.94675259871936
864.5200242471695,-72.95002583422773,-72.95002583422773
864.5300242471695,-72.9532990179144,-72.9532990179144
864.5400242471695,-72.95657220614756,-72.95657220614756
864.5500242471695,-72.95984545439244,-72.95984545439244
864.5600242471695,-72.96311881721981,-72.96311881721981
864.5700242471695,-72.96639234831487,-72.96639234831487
864.5800242471695,-72.96966610046839,-72.96966610046839
864.5900242471695,-72.972940125593,-72.972940125593
864.6000242471695,-72.97621447474098,-72.97621447474098
864.6100242471695,-72.97948919808576,-72.97948919808576
864.6200242471695,-72.98276434496206,-72.98276434496206
864.6300242471694,-72.98603996383432,-72.98603996383432
864.6400242471695,-72.98931610232941,-72.98931610232941
864.6500242471695,-72.99259280724112,-72.99259280724112
864.6600242471695,-72.99587012453198,-72.99587012453198
864.6700242471695,-72.99914809933631,-72.99914809933631
864.6800242471695,-73.00242677598311,-73.00242677598311
864.6900242471695,-73.00570619798391,-73.00570619798391
864.7000242471695,-73.00898640806906,-73.00898640806906
864.7100242471695,-73.01226744815503,-73.01226744815503
864.7200242471695,-73.01554935939055,-73.01554935939055
864.7300242471695,-73.01883218214245,-73.01883218214245
864.7400242471695,-73.0221159560141,-73.0221159560141
864.7500242471694,-73.02540071983839,-73.02540071983839
864.7600242471694,-73.02868651170205,-73.02868651170205
864.7700242471695,-73.03197336895407,-73.03197336895407
864.7800242471695,-73.03526132820146,-73.03526132820146
864.7900242471695,-73.03855042531971,-73.03855042531971
864.8000242471695,-73.04184069547107,-73.04184069547107
864.8100242471695,-73.04513217310848,-73.04513217310848
864.8200242471695,-73.04842489196666,-73.04842489196666
864.8300242471695,-73.05171888509099,-73.05171888509099
864.8400242471695,-73.05501418484593,-73.05501418484593
864.8500242471695,-73.05831082290358,-73.05831082290358
864.8600242471695,-73.06160883028039,-73.06160883028039
864.8700242471695,-73.06490823731292,-73.06490823731292
864.8800242471694,-73.06820907369867,-73.06820907369867
864.8900242471695,-73.07151136846488,-73.07151136846488
864.9000242471695,-73.07481515002773,-73.07481515002773
864.9100242471695,-73.0781204461439,-73.0781204461439
864.9200242471695,-73.08142728395414,-73.08142728395414
864.9300242471695,-73.0847356899981,-73.0847356899981
864.9400242471695,-73.0880456901838,-73.0880456901838
864.9500242471695,-73.09135730983367,-73.09135730983367
864.9600242471695,-73.09466419576653,-73.09466419576653
864.9700242471695,-73.09796357600533,-73.09796357600533
864.9800242471695,-73.10125411001403,-73.10125411001403
864.9900242471695,-73.10453511963766,-73.10453511963766
865.0000242471694,-73.10780629562188,-73.10780629562188
865.0100242471694,-73.11106754522172,-73.11106754522172
865.0200242471695,-73.11431890291065,-73.11431890291065
865.0300242471695,-73.1175604767319,-73.1175604767319
865.0400242471695,-73.12079241602012,-73.12079241602012
865.0500242471695,-73.12401489208027,-73.12401489208027
865.0600242471695,-73.12722808661673,-73.12722808661673
865.0700242471695,-73.1304321849534,-73.1304321849534
865.0800242471695,-73.13362737214344,-73.13362737214344
865.0900242471695,-73.1368138308054,-73.1368138308054
865.1000242471695,-73.13999174006646,-73.13999174006646
865.1100242471695,-73.14316127511951,-73.14316127511951
865.1200242471695,-73.1463226071201,-73.1463226071201
865.1300242471694,-73.14947590336335,-73.14947590336335
865.1400242471695,-73.15262132746868,-73.15262132746868
865.1500242471695,-73.15575903970077,-73.15575903970077
865.1600242471695,-73.15888919721185,-73.15888919721185
865.1700242471695,-73.16201195435558,-73.16201195435558
865.1800242471695,-73.16512746292338,-73.16512746292338
865.1900242471695,-73.1682358723596,-73.1682358723596
865.2000242471695,-73.17133732998468,-73.17133732998468
865.2100242471695,-73.1744319811391,-73.1744319811391
865.2200242471695,-73.17751996934486,-73.17751996934486
865.2300242471695,-73.18060143645216,-73.18060143645216
865.2400242471695,-73.18367652267993,-73.18367652267993
865.2500242471694,-73.18674536676025,-73.18674536676025
865.2600242471694,-73.18980810598732,-73.18980810598732
865.2700242471695,-73.19286487626727,-73.19286487626727
865.2800242471695,-73.19591581218141,-73.19591581218141
865.2900242471695,-73.19896104701019,-73.19896104701019
865.3000242710114,-73.20200072000678,-73.20200072000678
865.3100242710113,-73.2050349474464,-73.2050349474464
865.3200242710113,-73.20806386613411,-73.20806386613411
865.3300242710113,-73.21108760438888,-73.21108760438888
865.3400242710113,-73.21410628934761,-73.21410628934761
865.3500242710113,-73.21712004691979,-73.21712004691979
865.3600242710113,-73.22012900182939,-73.22012900182939
865.3700242710114,-73.22313327761316,-73.22313327761316
865.3800242710114,-73.22613299660115,-73.22613299660115
865.3900242710114,-73.22912827992918,-73.22912827992918
865.4000242710114,-73.23211924752624,-73.23211924752624
865.4100242710114,-73.23510601812056,-73.23510601812056
865.4200242710114,-73.23808870923023,-73.23808870923023
865.4300242710113,-73.24106743717135,-73.24106743717135
865.4400242710113,-73.24404231703664,-73.24404231703664
865.4500242710113,-73.24701346269265,-73.24701346269265
865.4600242710113,-73.24997459599037,-73.24997459599037
865.4700242710113,-73.25292302696515,-73.25292302696515
865.4800242710113,-73.2558574994708,-73.2558574994708
865.4900242710114,-73.25877742046319,-73.25877742046319
865.5000242710114,-73.26168256589973,-73.26168256589973
865.5100242710114,-73.26457292803184,-73.26457292803184
865.5200242710114,-73.26744862589692,-73.26744862589692
865.5300242710114,-73.27030985155254,-73.27030985155254
865.5400242710114,-73.27315683777559,-73.27315683777559
865.5500242710114,-73.27598983860938,-73.27598983860938
865.5600242710113,-73.27880911781898,-73.27880911781898
865.5700242710113,-73.28161494209388,-73.28161494209388
865.5800242710113,-73.28440757707652,-73.28440757707652
865.5900242710113,-73.28718728527139,-73.28718728527139
865.6000242710113,-73.28995432493224,-73.28995432493224
865.6100242710113,-73.29270894961152,-73.29270894961152
865.6200242710114,-73.29545140807662,-73.29545140807662
865.6300242710114,-73.29818194445802,-73.29818194445802
865.6400242710114,-73.30090079843396,-73.30090079843396
865.6500242710114,-73.30360820556041,-73.30360820556041
865.6600242710114,-73.3063043975043,-73.3063043975043
865.6700242710114,-73.30898960235042,-73.30898960235042
865.6800242710113,-73.31166404484095,-73.31166404484095
865.6900242710113,-73.31432794659626,-73.31432794659626
865.7000242710113,-73.31698152632255,-73.31698152632255
865.7100242710113,-73.31962499997411,-73.31962499997411
865.7200242710113,-73.32225858089846,-73.32225858089846
865.7300242710113,-73.32488247996801,-73.32488247996801
865.7400242710114,-73.32749690566855,-73.32749690566855
865.7500242710114,-73.33010206421947,-73.33010206421947
865.7600242710114,-73.33269815959623,-73.33269815959623
865.7700242710114,-73.33528539363616,-73.33528539363616
865.7800242710114,-73.33786396606442,-73.33786396606442
865.7900242710114,-73.34043407452717,-73.34043407452717
865.8000242710114,-73.3429959146378,-73.3429959146378
865.8100242710113,-73.34554968000211,-73.34554968000211
865.8200242710113,-73.34809556222353,-73.34809556222353
865.8300242710113,-73.3506337509357,-73.3506337509357
865.8400242710113,-73.35316443380005,-73.35316443380005
865.8500242710113,-73.35568779653153,-73.35568779653153
865.8600242710113,-73.35820402290373,-73.35820402290373
865.8700242710114,-73.36071329473073,-73.36071329473073
865.8800242710114,-73.36321579189665,-73.36321579189665
865.8900242710114,-73.36571169235077,-73.36571169235077
865.9000242710114,-73.36820117209753,-73.36820117209753
865.9100242710114,-73.37068440522596,-73.37068440522596
865.9200242710114,-73.3731615638828,-73.3731615638828
865.9300242710113,-73.37563281828932,-73.37563281828932
865.9400242710113,-73.37809833673629,-73.37809833673629
865.9500242710113,-73.380558285586,-73.380558285586
865.9600242710113,-73.38301282928315,-73.38301282928315
865.9700242710113,-73.38546213034425,-73.38546213034425
865.9800242710113,-73.38790634936204,-73.38790634936204
865.9900242710114,-73.39034564501272,-73.39034564501272
866.0000242710114,-73.39278017406762,-73.39278017406762
866.0100242710114,-73.39521009137076,-73.39521009137076
866.0200242710114,-73.3976355498639,-73.3976355498639
866.0300242710114,-73.40005670058974,-73.40005670058974
866.0400242710114,-73.40247369268933,-73.40247369268933
866.0500242710114,-73.40488667341015,-73.40488667341015
866.0600242710113,-73.40729578812727,-73.40729578812727
866.0700242710113,-73.40970118031767,-73.40970118031767
866.0800242710113,-73.41210299159677,-73.41210299159677
866.0900242710113,-73.41450136171748,-73.41450136171748
866.1000242710113,-73.41689642857658,-73.41689642857658
866.1100242710113,-73.4192883282141,-73.4192883282141
866.1200242710114,-73.42167719484478,-73.42167719484478
866.1300242710114,-73.42406316085605,-73.42406316085605
866.1400242710114,-73.42644635679883,-73.42644635679883
866.1500242948532,-73.42882691711273,-73.42882691711273
866.1600242948532,-73.43120495741236,-73.43120495741236
866.1700242948532,-73.43358060853858,-73.43358060853858
866.1800242948532,-73.43595399389321,-73.43595399389321
866.1900242948532,-73.43832523511296,-73.43832523511296
866.2000242948532,-73.44069445208534,-73.44069445208534
866.2100242948532,-73.44305535662733,-73.44305535662733
866.2200242948533,-73.44540525791938,-73.44540525791938
866.2300242948533,-73.44774290229161,-73.44774290229161
866.2400242948532,-73.45006770042126,-73.45006770042126
866.2500242948532,-73.45237943246818,-73.45237943246818
866.2600242948532,-73.4546780949736,-73.4546780949736
866.2700242948532,-73.45696381113832,-73.45696381113832
866.2800242948532,-73.45923677692332,-73.45923677692332
866.2900242948532,-73.46149722862835,-73.46149722862835
866.3000242948532,-73.46374542347323,-73.46374542347323
866.3100242948532,-73.46598162798522,-73.46598162798522
866.3200242948532,-73.46820611119077,-73.46820611119077
866.3300242948532,-73.47041914072403,-73.47041914072403
866.3400242948533,-73.47262098065005,-73.47262098065005
866.3500242948533,-73.47481189045034,-73.47481189045034
866.3600242948532,-73.4769921245117,-73.4769921245117
866.3700242948532,-73.47916193213268,-73.47916193213268
866.3800242948532,-73.48132155760767,-73.48132155760767
866.3900242948532,-73.48347124052331,-73.48347124052331
866.4000242948532,-73.48561121600177,-73.48561121600177
866.4100242948532,-73.48774171502558,-73.48774171502558
866.4200242948532,-73.48986296471806,-73.48986296471806
866.4300242948532,-73.49197518860485,-73.49197518860485
866.4400242948532,-73.49407860685837,-73.49407860685837
866.4500242948532,-73.49617343650445,-73.49617343650445
866.4600242948532,-73.49825989159181,-73.49825989159181
866.4700242948533,-73.50033818336708,-73.50033818336708
866.4800242948533,-73.50240852041273,-73.50240852041273
866.4900242948532,-73.50447110873642,-73.50447110873642
866.5000242948532,-73.50652615189071,-73.50652615189071
866.5100242948532,-73.50857385104084,-73.50857385104084
866.5200242948532,-73.51061440503474,-73.51061440503474
866.5300242948532,-73.51264801046585,-73.51264801046585
866.5400242948532,-73.51467486172155,-73.51467486172155
866.5500242948532,-73.516695151009,-73.516695151009
866.5600242948532,-73.51870906840465,-73.51870906840465
866.5700242948532,-73.52071680187838,-73.52071680187838
866.5800242948532,-73.52271853729656,-73.52271853729656
866.5900242948533,-73.5247144584612,-73.5247144584612
866.6000242948533,-73.5267047471241,-73.5267047471241
866.6100242948532,-73.52868958298859,-73.52868958298859
866.6200242948532,-73.53066914373711,-73.53066914373711
866.6300242948532,-73.5326436050133,-73.5326436050133
866.6400242948532,-73.5346131404684,-73.5346131404684
866.6500242948532,-73.53657792173406,-73.53657792173406
866.6600242948532,-73.53853811844878,-73.53853811844878
866.6700242948532,-73.5404938982494,-73.5404938982494
866.6800242948532,-73.5424454267894,-73.5424454267894
866.6900242948532,-73.54439286774152,-73.54439286774152
866.7000242948532,-73.54633638279233,-73.54633638279233
866.7100242948532,-73.54827613166142,-73.54827613166142
866.7200242948533,-73.55021227208977,-73.55021227208977
866.7300242948533,-73.55214495989046,-73.55214495989046
866.7400242948532,-73.55407434887606,-73.55407434887606
866.7500242948532,-73.55600059094218,-73.55600059094218
866.7600242948532,-73.55792383602528,-73.55792383602528
866.7700242948532,-73.5598442321397,-73.5598442321397
866.7800242948532,-73.56176192536252,-73.56176192536252
866.7900242948532,-73.56367705985852,-73.56367705985852
866.8000242948532,-73.5655897778639,-73.5655897778639
866.8100242948532,-73.5675002197291,-73.5675002197291
866.8200242948532,-73.56940852390898,-73.56940852390898
866.8300242948532,-73.5713148269627,-73.5713148269627
866.8400242948533,-73.57321926357774,-73.57321926357774
866.8500242948533,-73.57512196659131,-73.57512196659131
866.8600242948532,-73.57702306696522,-73.57702306696522
866.8700242948532,-73.578922693828,-73.578922693828
866.8800242948532,-73.5808209744769,-73.5808209744769
866.8900242948532,-73.58271803438285,-73.58271803438285
866.9000242948532,-73.58461399721355,-73.58461399721355
866.9100242948532,-73.58650898484338,-73.58650898484338
866.9200242948532,-73.58840311735288,-73.58840311735288
866.9300242948532,-73.59029651305754,-73.59029651305754
866.9400242948532,-73.59218928852563,-73.59218928852563
866.9500242948532,-73.59408155855925,-73.59408155855925
866.9600242948532,-73.59597343625786,-73.59597343625786
866.9700242948533,-73.59786503297143,-73.59786503297143
866.9800242948533,-73.59975645838036,-73.59975645838036
866.9900242948532,-73.6016478204524,-73.6016478204524
867.0000243186951,-73.6035392299984,-73.6035392299984
867.0100243186951,-73.60543078265803,-73.60543078265803
867.020024318695,-73.60732258591908,-73.60732258591908
867.030024318695,-73.60921474116725,-73.60921474116725
867.040024318695,-73.61110734815163,-73.61110734815163
867.050024318695,-73.61300050502689,-73.61300050502689
867.060024318695,-73.61489430836339,-73.61489430836339
867.0700243186951,-73.61678885316849,-73.61678885316849
867.0800243186951,-73.61868423289111,-73.61868423289111
867.0900243186951,-73.62058053944864,-73.62058053944864
867.1000243186951,-73.62247786322521,-73.62247786322521
867.1100243186951,-73.62437629310274,-73.62437629310274
867.1200243186951,-73.62627591648098,-73.62627591648098
867.1300243186951,-73.62817681927443,-73.62817681927443
867.140024318695,-73.63007908594413,-73.63007908594413
867.150024318695,-73.63198279950406,-73.63198279950406
867.160024318695,-73.63388804153541,-73.63388804153541
867.170024318695,-73.63579489221034,-73.63579489221034
867.180024318695,-73.63770343031176,-73.63770343031176
867.1900243186951,-73.63961373322508,-73.63961373322508
867.2000243186951,-73.64152587699373,-73.64152587699373
867.2100243186951,-73.6434399362925,-73.6434399362925
867.2200243186951,-73.64535598446301,-73.64535598446301
867.2300243186951,-73.64727409353759,-73.64727409353759
867.2400243186951,-73.64919433423513,-73.64919433423513
867.2500243186951,-73.65111677600433,-73.65111677600433
867.2600243186951,-73.65304148698644,-73.65304148698644
867.270024318695,-73.6549685340948,-73.6549685340948
867.280024318695,-73.65689798299606,-73.65689798299606
867.290024318695,-73.65882989811873,-73.65882989811873
867.300024318695,-73.66076434268992,-73.66076434268992
867.310024318695,-73.66270137873717,-73.66270137873717
867.3200243186951,-73.66464106709694,-73.66464106709694
867.3300243186951,-73.66658346745946,-73.66658346745946
867.3400243186951,-73.66852863832663,-73.66852863832663
867.3500243186951,-73.67047663709297,-73.67047663709297
867.3600243186951,-73.67242752001908,-73.67242752001908
867.3700243186951,-73.67438134225046,-73.67438134225046
867.3800243186951,-73.67633815784109,-73.67633815784109
867.390024318695,-73.67829801976897,-73.67829801976897
867.400024318695,-73.6802609799334,-73.6802609799334
867.410024318695,-73.68222708919052,-73.68222708919052
867.420024318695,-73.68419639734444,-73.68419639734444
867.430024318695,-73.68616895318759,-73.68616895318759
867.4400243186951,-73.6881448044884,-73.6881448044884
867.4500243186951,-73.69012399802654,-73.69012399802654
867.4600243186951,-73.69210657958024,-73.69210657958024
867.4700243186951,-73.69409259397183,-73.69409259397183
867.4800243186951,-73.69608208505232,-73.69608208505232
867.4900243186951,-73.69807509573776,-73.69807509573776
867.5000243186951,-73.70007166799438,-73.70007166799438
867.5100243186951,-73.70207184287415,-73.70207184287415
867.520024318695,-73.70407566052042,-73.70407566052042
867.530024318695,-73.7060831601794,-73.7060831601794
867.540024318695,-73.70809438022054,-73.70809438022054
867.550024318695,-73.71010935813372,-73.71010935813372
867.560024318695,-73.71212813054841,-73.71212813054841
867.5700243186951,-73.7141507332378,-73.7141507332378
867.5800243186951,-73.71617720116714,-73.71617720116714
867.5900243186951,-73.71820756843947,-73.71820756843947
867.6000243186951,-73.72024186837828,-73.72024186837828
867.6100243186951,-73.72228013348538,-73.72228013348538
867.6200243186951,-73.7243223954754,-73.7243223954754
867.6300243186951,-73.72636868528045,-73.72636868528045
867.640024318695,-73.7284190330744,-73.7284190330744
867.650024318695,-73.73047346826901,-73.73047346826901
867.660024318695,-73.73253201952348,-73.73253201952348
867.670024318695,-73.7345947147693,-73.7345947147693
867.680024318695,-73.736661581206,-73.736661581206
867.6900243186951,-73.73873264531761,-73.73873264531761
867.7000243186951,-73.74080793289583,-73.74080793289583
867.7100243186951,-73.74288746902023,-73.74288746902023
867.7200243186951,-73.7449712780895,-73.7449712780895
867.7300243186951,-73.74705938384133,-73.74705938384133
867.7400243186951,-73.74915180932587,-73.74915180932587
867.7500243186951,-73.7512485769583,-73.7512485769583
867.7600243186951,-73.7533497084854,-73.7533497084854
867.770024318695,-73.75545522504176,-73.75545522504176
867.780024318695,-73.75756514711685,-73.75756514711685
867.790024318695,-73.75967949459901,-73.75967949459901
867.800024318695,-73.76179828674499,-73.76179828674499
867.810024318695,-73.76392154222843,-73.76392154222843
867.8200243186951,-73.7660492791142,-73.7660492791142
867.8300243186951,-73.76818151491261,-73.76818151491261
867.8400243186951,-73.7703182665435,-73.7703182665435
867.8500243425369,-73.77245955545199,-73.77245955545199
867.8600243425369,-73.77460538725757,-73.77460538725757
867.8700243425369,-73.77675578228181,-73.77675578228181
867.8800243425369,-73.77891075524086,-73.77891075524086
867.8900243425369,-73.78107032030618,-73.78107032030618
867.9000243425369,-73.78323449113385,-73.78323449113385
867.9100243425369,-73.78540328084839,-73.78540328084839
867.920024342537,-73.78757670207936,-73.78757670207936
867.930024342537,-73.7897547669547,-73.7897547669547
867.940024342537,-73.79193748709996,-73.79193748709996
867.950024342537,-73.79412487365848,-73.79412487365848
867.9600243425369,-73.79631693729863,-73.79631693729863
867.9700243425369,-73.79851368820674,-73.79851368820674
867.9800243425369,-73.80071513611098,-73.80071513611098
867.9900243425369,-73.80292129028534,-73.80292129028534
868.0000243425369,-73.80513215954277,-73.80513215954277
868.0100243425369,-73.8073477522609,-73.8073477522609
868.0200243425369,-73.80956807637956,-73.80956807637956
868.0300243425369,-73.81179313941024,-73.81179313941024
868.040024342537,-73.81402294842833,-73.81402294842833
868.050024342537,-73.81625751011552,-73.81625751011552
868.060024342537,-73.81849683071978,-73.81849683071978
868.070024342537,-73.82074091609736,-73.82074091609736
868.080024342537,-73.82298977170088,-73.82298977170088
868.0900243425369,-73.82524340258628,-73.82524340258628
868.1000243425369,-73.82750181344309,-73.82750181344309
868.1100243425369,-73.82976500855901,-73.82976500855901
868.1200243425369,-73.83203299186421,-73.83203299186421
868.1300243425369,-73.83430576691131,-73.83430576691131
868.1400243425369,-73.83658333688922,-73.83658333688922
868.1500243425369,-73.83886570464031,-73.83886570464031
868.1600243425369,-73.841152872645,-73.841152872645
868.170024342537,-73.84344484303828,-73.84344484303828
868.180024342537,-73.84574161763007,-73.84574161763007
868.190024342537,-73.84804319788174,-73.84804319788174
868.200024342537,-73.85034958492173,-73.85034958492173
868.2100243425369,-73.85265433635816,-73.85265433635816
868.2200243425369,-73.85495462891289,-73.85495462891289
868.2300243425369,-73.85724908595412,-73.85724908595412
868.2400243425369,-73.85953700035505,-73.85953700035505
868.2500243425369,-73.86181803795128,-73.86181803795128
868.2600243425369,-73.86409208354671,-73.86409208354671
868.2700243425369,-73.8663591506463,-73.8663591506463
868.2800243425369,-73.86861932728759,-73.86861932728759
868.290024342537,-73.87087274341962,-73.87087274341962
868.300024342537,-73.87311955133616,-73.87311955133616
868.310024342537,-73.87535991400875,-73.87535991400875
868.320024342537,-73.87759399824222,-73.87759399824222
868.330024342537,-73.87982197071635,-73.87982197071635
868.3400243425369,-73.88204399585064,-73.88204399585064
868.3500243425369,-73.88426023468946,-73.88426023468946
868.3600243425369,-73.88647084447696,-73.88647084447696
868.3700243425369,-73.88867597856986,-73.88867597856986
868.3800243425369,-73.89087578656701,-73.89087578656701
868.3900243425369,-73.89307041456124,-73.89307041456124
868.4000243425369,-73.89526000540647,-73.89526000540647
868.4100243425369,-73.89744469901417,-73.89744469901417
868.420024342537,-73.8996246326356,-73.8996246326356
868.430024342537,-73.90179994110647,-73.90179994110647
868.440024342537,-73.90397075708547,-73.90397075708547
868.450024342537,-73.90613721124761,-73.90613721124761
868.4600243425369,-73.90829943246496,-73.90829943246496
868.4700243425369,-73.9104575479438,-73.9104575479438
868.4800243425369,-73.91261168334422,-73.91261168334422
868.4900243425369,-73.91476196289375,-73.91476196289375
868.5000243425369,-73.91690850949573,-73.91690850949573
868.5100243425369,-73.9190514447523,-73.9190514447523
868.5200243425369,-73.92119088905815,-73.92119088905815
868.5300243425369,-73.92332696162138,-73.92332696162138
868.540024342537,-73.92545978051277,-73.92545978051277
868.550024342537,-73.92758946270993,-73.92758946270993
868.560024342537,-73.92971612408031,-73.92971612408031
868.570024342537,-73.93183987943412,-73.93183987943412
868.580024342537,-73.93396084251187,-73.93396084251187
868.5900243425369,-73.93607912600254,-73.93607912600254
868.6000243425369,-73.93819484154668,-73.93819484154668
868.6100243425369,-73.9403080997353,-73.9403080997353
868.6200243425369,-73.94241901010565,-73.94241901010565
868.6300243425369,-73.94452768115693,-73.94452768115693
868.6400243425369,-73.9466342203245,-73.9466342203245
868.6500243425369,-73.9487387339857,-73.9487387339857
868.6600243425369,-73.9508413274648,-73.9508413274648
868.670024342537,-73.9529421049945,-73.9529421049945
868.680024342537,-73.95504116977337,-73.95504116977337
868.690024342537,-73.95713862388592,-73.95713862388592
868.7000243663788,-73.95923457333504,-73.95923457333504
868.7100243663788,-73.96132265566662,-73.96132265566662
868.7200243663788,-73.96340014715277,-73.96340014715277
868.7300243663788,-73.96546576702895,-73.96546576702895
868.7400243663787,-73.96751890421417,-73.96751890421417
868.7500243663787,-73.96955932031183,-73.96955932031183
868.7600243663787,-73.97158699542092,-73.97158699542092
868.7700243663788,-73.97360203773569,-73.97360203773569
868.7800243663788,-73.97560462927385,-73.97560462927385
868.7900243663788,-73.97759499320232,-73.97759499320232
868.8000243663788,-73.97957337425987,-73.97957337425987
868.8100243663788,-73.98154002706809,-73.98154002706809
868.8200243663788,-73.98349520923176,-73.98349520923176
868.8300243663788,-73.9854391774078,-73.9854391774078
868.8400243663788,-73.98737218514033,-73.98737218514033
868.8500243663788,-73.98929448174553,-73.98929448174553
868.8600243663788,-73.991206311874,-73.991206311874
868.8700243663787,-73.99310791542293,-73.99310791542293
868.8800243663787,-73.99499952766566,-73.99499952766566
868.8900243663788,-73.99688137948127,-73.99688137948127
868.9000243663788,-73.99875369765427,-73.99875369765427
868.9100243663788,-74.00061670512315,-74.00061670512315
868.9200243663788,-74.00247062129267,-74.00247062129267
868.9300243663788,-74.00431566227559,-74.00431566227559
868.9400243663788,-74.0061520411174,-74.0061520411174
868.9500243663788,-74.0079799679966,-74.0079799679966
868.9600243663788,-74.00979319450796,-74.00979319450796
868.9700243663788,-74.01158909698924,-74.01158909698924
868.9800243663788,-74.0133664993794,-74.0133664993794
868.9900243663787,-74.01512489455229,-74.01512489455229
869.0000243663787,-74.01686414719315,-74.01686414719315
869.0100243663787,-74.01858433959327,-74.01858433959327
869.0200243663788,-74.02028568124477,-74.02028568124477
869.0300243663788,-74.02196845459561,-74.02196845459561
869.0400243663788,-74.0236329823991,-74.0236329823991
869.0500243663788,-74.02527960813772,-74.02527960813772
869.0600243663788,-74.02690868434605,-74.02690868434605
869.0700243663788,-74.02852056577464,-74.02852056577464
869.0800243663788,-74.03011560542637,-74.03011560542637
869.0900243663788,-74.0316941523958,-74.0316941523958
869.1000243663788,-74.0332565508064,-74.0332565508064
869.1100243663788,-74.03480313933203,-74.03480313933203
869.1200243663787,-74.0363342511339,-74.0363342511339
869.1300243663787,-74.03785021397576,-74.03785021397576
869.1400243663788,-74.0393513504834,-74.0393513504834
869.1500243663788,-74.04083797840893,-74.04083797840893
869.1600243663788,-74.04231041088738,-74.04231041088738
869.1700243663788,-74.04376895676226,-74.04376895676226
869.1800243663788,-74.04521392079586,-74.04521392079586
869.1900243663788,-74.0466456039022,-74.0466456039022
869.2000243663788,-74.04806430336438,-74.04806430336438
869.2100243663788,-74.0494703129662,-74.0494703129662
869.2200243663788,-74.05086392315485,-74.05086392315485
869.2300243663788,-74.05224542116964,-74.05224542116964
869.2400243663787,-74.05361509114122,-74.05361509114122
869.2500243663787,-74.05497321413934,-74.05497321413934
869.2600243663787,-74.05632006831162,-74.05632006831162
869.2700243663788,-74.05765592886083,-74.05765592886083
869.2800243663788,-74.05898106815322,-74.05898106815322
869.2900243663788,-74.06029575572512,-74.06029575572512
869.3000243663788,-74.06160025830282,-74.06160025830282
869.3100243663788,-74.0628948398606,-74.0628948398606
869.3200243663788,-74.06417976161138,-74.06417976161138
869.3300243663788,-74.06545528201947,-74.06545528201947
869.3400243663788,-74.0667216568318,-74.0667216568318
869.3500243663788,-74.06797913906439,-74.06797913906439
869.3600243663788,-74.06922797903155,-74.06922797903155
869.3700243663787,-74.07046842431575,-74.07046842431575
869.3800243663787,-74.07170071981973,-74.07170071981973
869.3900243663788,-74.07292510772876,-74.07292510772876
869.4000243663788,-74.0741418275308,-74.0741418275308
869.4100243663788,-74.07535111600889,-74.07535111600889
869.4200243663788,-74.07655320726312,-74.07655320726312
869.4300243663788,-74.07774833268391,-74.07774833268391
869.4400243663788,-74.0789367209914,-74.0789367209914
869.4500243663788,-74.08011859820361,-74.08011859820361
869.4600243663788,-74.08128772734963,-74.08128772734963
869.4700243663788,-74.08244149981455,-74.08244149981455
869.4800243663788,-74.08357875573348,-74.08357875573348
869.4900243663787,-74.08469900440568,-74.08469900440568
869.5000243663787,-74.08580212682045,-74.08580212682045
869.5100243663787,-74.08688822120668,-74.08688822120668
869.5200243663788,-74.0879575125071,-74.0879575125071
869.5300243663788,-74.08901029802028,-74.08901029802028
869.5400243663788,-74.0900469146519,-74.0900469146519
869.5500243902206,-74.09106772177056,-74.09106772177056
869.5600243902206,-74.09207307972125,-74.09207307972125
869.5700243902206,-74.0930633576936,-74.0930633576936
869.5800243902206,-74.09403891988875,-74.09403891988875
869.5900243902206,-74.09500012584549,-74.09500012584549
869.6000243902206,-74.09594732937178,-74.09594732937178
869.6100243902206,-74.09688087809789,-74.09688087809789
869.6200243902207,-74.09780111340122,-74.09780111340122
869.6300243902207,-74.098708370596,-74.098708370596
869.6400243902207,-74.09960297911648,-74.09960297911648
869.6500243902207,-74.1004852628713,-74.1004852628713
869.6600243902207,-74.10135554050116,-74.10135554050116
869.6700243902206,-74.1022141257168,-74.1022141257168
869.6800243902206,-74.10306132753698,-74.10306132753698
869.6900243902206,-74.10389745054297,-74.10389745054297
869.7000243902206,-74.10472279509156,-74.10472279509156
869.7100243902206,-74.10553765750639,-74.10553765750639
869.7200243902206,-74.1063423302483,-74.1063423302483
869.7300243902206,-74.10713710203788,-74.10713710203788
869.7400243902207,-74.10792225799399,-74.10792225799399
869.7500243902207,-74.10869807973047,-74.10869807973047
869.7600243902207,-74.10946484543219,-74.10946484543219
869.7700243902207,-74.1102228299531,-74.1102228299531
869.7800243902207,-74.11097230487196,-74.11097230487196
869.7900243902207,-74.11171353851687,-74.11171353851687
869.8000243902206,-74.1124467960561,-74.1124467960561
869.8100243902206,-74.11317233951712,-74.11317233951712
869.8200243902206,-74.11389042781664,-74.11389042781664
869.8300243902206,-74.11460131680634,-74.11460131680634
869.8400243902206,-74.11530525927257,-74.11530525927257
869.8500243902206,-74.1160025049871,-74.1160025049871
869.8600243902206,-74.11669330071116,-74.11669330071116
869.8700243902207,-74.11737789023042,-74.11737789023042
869.8800243902207,-74.11805651434722,-74.11805651434722
869.8900243902207,-74.11872941091762,-74.11872941091762
869.9000243902207,-74.11939681485671,-74.11939681485671
869.9100243902207,-74.12005895815716,-74.12005895815716
869.9200243902206,-74.12071606990898,-74.12071606990898
869.9300243902206,-74.12136837628684,-74.12136837628684
869.9400243902206,-74.1220161006102,-74.1220161006102
869.9500243902206,-74.12265946331532,-74.12265946331532
869.9600243902206,-74.12329868198864,-74.12329868198864
869.9700243902206,-74.12393397137589,-74.12393397137589
869.9800243902206,-74.12456554339856,-74.12456554339856
869.9900243902207,-74.12519360716392,-74.12519360716392
870.0000243902207,-74.12581836899182,-74.12581836899182
870.0100243902207,-74.12644003242417,-74.12644003242417
870.0200243902207,-74.12705879822693,-74.12705879822693
870.0300243902207,-74.12767486442709,-74.12767486442709
870.0400243902207,-74.12828842632379,-74.12828842632379
870.0500243902206,-74.12889967649618,-74.12889967649618
870.0600243902206,-74.12950880482619,-74.12950880482619
870.0700243902206,-74.13011599851838,-74.13011599851838
870.0800243902206,-74.13072144212774,-74.13072144212774
870.0900243902206,-74.13132531755944,-74.13132531755944
870.1000243902206,-74.13192780409378,-74.13192780409378
870.1100243902206,-74.13252907840803,-74.13252907840803
870.1200243902207,-74.13312931459892,-74.13312931459892
870.1300243902207,-74.13372868421115,-74.13372868421115
870.1400243902207,-74.13432735623734,-74.13432735623734
870.1500243902207,-74.1349254971469,-74.1349254971469
870.1600243902207,-74.13552327090096,-74.13552327090096
870.1700243902206,-74.13612083900044,-74.13612083900044
870.1800243902206,-74.13671836047958,-74.13671836047958
870.1900243902206,-74.13731599193133,-74.13731599193133
870.2000243902206,-74.13791388753249,-74.13791388753249
870.2100243902206,-74.13851219908689,-74.13851219908689
870.2200243902206,-74.13911107600163,-74.13911107600163
870.2300243902206,-74.13971066535801,-74.13971066535801
870.2400243902207,-74.140311111897,-74.140311111897
870.2500243902207,-74.14091255807969,-74.14091255807969
870.2600243902207,-74.14151514406005,-74.14151514406005
870.2700243902207,-74.1421190077528,-74.1421190077528
870.2800243902207,-74.14272428483245,-74.14272428483245
870.2900243902207,-74.14333110876717,-74.14333110876717
870.3000243902206,-74.1439396108395,-74.1439396108395
870.3100243902206,-74.14454992015692,-74.14454992015692
870.3200243902206,-74.14516216370156,-74.14516216370156
870.3300243902206,-74.14577646632337,-74.14577646632337
870.3400243902206,-74.14639295078678,-74.14639295078678
870.3500243902206,-74.14701173777557,-74.14701173777557
870.3600243902206,-74.14763294593654,-74.14763294593654
870.3700243902207,-74.1482566918843,-74.1482566918843
870.3800243902207,-74.14888309023507,-74.14888309023507
870.3900243902207,-74.14951225361746,-74.14951225361746
870.4000244140625,-74.1501442942215,-74.1501442942215
870.4100244140625,-74.15077931778272,-74.15077931778272
870.4200244140625,-74.15141743262532,-74.15141743262532
870.4300244140625,-74.15205874369593,-74.15205874369593
870.4400244140625,-74.15270335407695,-74.15270335407695
870.4500244140625,-74.15335136499625,-74.15335136499625
870.4600244140624,-74.15400287587258,-74.15400287587258
870.4700244140626,-74.15465798432267,-74.15465798432267
870.4800244140625,-74.15531678618271,-74.15531678618271
870.4900244140625,-74.15597937553326,-74.15597937553326
870.5000244140625,-74.15664584473228,-74.15664584473228
870.5100244140625,-74.15731628440867,-74.15731628440867
870.5200244140625,-74.1579907835152,-74.1579907835152
870.5300244140625,-74.15866942932925,-74.15866942932925
870.5400244140625,-74.15935230748994,-74.15935230748994
870.5500244140625,-74.16003950200253,-74.16003950200253
870.5600244140625,-74.16073109526624,-74.16073109526624
870.5700244140625,-74.16142716809964,-74.16142716809964
870.5800244140624,-74.16212779976374,-74.16212779976374
870.5900244140626,-74.16283306795394,-74.16283306795394
870.6000244140625,-74.16354304887562,-74.16354304887562
870.6100244140625,-74.1642578172031,-74.1642578172031
870.6200244140625,-74.16497744613508,-74.16497744613508
870.6300244140625,-74.16570200741434,-74.16570200741434
870.6400244140625,-74.16643157132954,-74.16643157132954
870.6500244140625,-74.16716620675109,-74.16716620675109
870.6600244140625,-74.16790598113474,-74.16790598113474
870.6700244140625,-74.16865096056503,-74.16865096056503
870.6800244140625,-74.16940120974958,-74.16940120974958
870.6900244140625,-74.17015679204313,-74.17015679204313
870.7000244140625,-74.17091776947164,-74.17091776947164
870.7100244140624,-74.17168420275085,-74.17168420275085
870.7200244140626,-74.17245615129508,-74.17245615129508
870.7300244140625,-74.17323367326293,-74.17323367326293
870.7400244140625,-74.17401682552764,-74.17401682552764
870.7500244140625,-74.17480566372842,-74.17480566372842
870.7600244140625,-74.1756002422841,-74.1756002422841
870.7700244140625,-74.17640061441182,-74.17640061441182
870.7800244140625,-74.17720683212715,-74.17720683212715
870.7900244140625,-74.17801894626639,-74.17801894626639
870.8000244140625,-74.17883700652587,-74.17883700652587
870.8100244140625,-74.17966106144651,-74.17966106144651
870.8200244140625,-74.18049115845199,-74.18049115845199
870.8300244140624,-74.18132734385641,-74.18132734385641
870.8400244140626,-74.18216966287746,-74.18216966287746
870.8500244140625,-74.18301815965137,-74.18301815965137
870.8600244140625,-74.18387287726323,-74.18387287726323
870.8700244140625,-74.18473385773483,-74.18473385773483
870.8800244140625,-74.18560114207018,-74.18560114207018
870.8900244140625,-74.18647477025051,-74.18647477025051
870.9000244140625,-74.18735478125211,-74.18735478125211
870.9100244140625,-74.18824121306228,-74.18824121306228
870.9200244140625,-74.18913410269569,-74.18913410269569
870.9300244140625,-74.1900334862153,-74.1900334862153
870.9400244140625,-74.19093939872889,-74.19093939872889
870.9500244140625,-74.19185187440543,-74.19185187440543
870.9600244140624,-74.19277094650249,-74.19277094650249
870.9700244140626,-74.1936966473798,-74.1936966473798
870.9800244140625,-74.19462900849915,-74.19462900849915
870.9900244140625,-74.19556806043913,-74.19556806043913
871.0000244140625,-74.19651383291485,-74.19651383291485
871.0100244140625,-74.19746635478366,-74.19746635478366
871.0200244140625,-74.1984256540675,-74.1984256540675
871.0300244140625,-74.19939175796527,-74.19939175796527
871.0400244140625,-74.20036469284597,-74.20036469284597
871.0500244140625,-74.20134448428914,-74.20134448428914
871.0600244140625,-74.20233115706239,-74.20233115706239
871.0700244140625,-74.2033247351705,-74.2033247351705
871.0800244140624,-74.20432524185205,-74.20432524185205
871.0900244140626,-74.20533269956904,-74.20533269956904
871.1000244140625,-74.2063471300526,-74.2063471300526
871.1100244140625,-74.20736855429097,-74.20736855429097
871.1200244140625,-74.2083969925581,-74.2083969925581
871.1300244140625,-74.20943246440495,-74.20943246440495
871.1400244140625,-74.21047498868344,-74.21047498868344
871.1500244140625,-74.21152458355321,-74.21152458355321
871.1600244140625,-74.21258126648634,-74.21258126648634
871.1700244140625,-74.21364505430944,-74.21364505430944
871.1800244140625,-74.21471596315176,-74.21471596315176
871.1900244140625,-74.2157940085242,-74.2157940085242
871.2000244140625,-74.21687920526763,-74.21687920526763
871.2100244140624,-74.21797156762044,-74.21797156762044
871.2200244140626,-74.21907110916736,-74.21907110916736
871.2300244140625,-74.22017784291205,-74.22017784291205
871.2400244140625,-74.22129178123298,-74.22129178123298
871.2500244379044,-74.2224129386024,-74.2224129386024
871.2600244379043,-74.22354132091198,-74.22354132091198
871.2700244379043,-74.22467694142227,-74.22467694142227
871.2800244379043,-74.2258198102074,-74.2258198102074
871.2900244379043,-74.22696993678686,-74.22696993678686
871.3000244379043,-74.22812733011122,-74.22812733011122
871.3100244379043,-74.22929199859689,-74.22929199859689
871.3200244379044,-74.2304639501283,-74.2304639501283
871.3300244379044,-74.23164319207596,-74.23164319207596
871.3400244379044,-74.23282973127824,-74.23282973127824
871.3500244379044,-74.23402357406304,-74.23402357406304
871.3600244379044,-74.23522472627702,-74.23522472627702
871.3700244379044,-74.2364331932554,-74.2364331932554
871.3800244379044,-74.23764897986075,-74.23764897986075
871.3900244379043,-74.23887209046956,-74.23887209046956
871.4000244379043,-74.24010252900302,-74.24010252900302
871.4100244379043,-74.24134029890007,-74.24134029890007
871.4200244379043,-74.24258540316093,-74.24258540316093
871.4300244379043,-74.24383784433084,-74.24383784433084
871.4400244379044,-74.24509762449807,-74.24509762449807
871.4500244379044,-74.24636474535662,-74.24636474535662
871.4600244379044,-74.24763920813913,-74.24763920813913
871.4700244379044,-74.24892101367068,-74.24892101367068
871.4800244379044,-74.25021016235863,-74.25021016235863
871.4900244379044,-74.25150665420944,-74.25150665420944
871.5000244379044,-74.25281048883198,-74.25281048883198
871.5100244379043,-74.25412166542144,-74.25412166542144
871.5200244379043,-74.25544018280011,-74.25544018280011
871.5300244379043,-74.25676603940747,-74.25676603940747
871.5400244379043,-74.25809923331533,-74.25809923331533
871.5500244379043,-74.25943976221193,-74.25943976221193
871.5600244379043,-74.26078762342495,-74.26078762342495
871.5700244379044,-74.26214281392882,-74.26214281392882
871.5800244379044,-74.26350533035131,-74.26350533035131
871.5900244379044,-74.26487516896235,-74.26487516896235
871.6000244379044,-74.26625232569873,-74.26625232569873
871.6100244379044,-74.26763679616084,-74.26763679616084
871.6200244379044,-74.26902857562233,-74.26902857562233
871.6300244379044,-74.27042765902644,-74.27042765902644
871.6400244379043,-74.27183404099681,-74.27183404099681
871.6500244379043,-74.2732477158543,-74.2732477158543
871.6600244379043,-74.27466867760472,-74.27466867760472
871.6700244379043,-74.27609691995367,-74.27609691995367
871.6800244379043,-74.27753243630683,-74.27753243630683
871.6900244379044,-74.2789752197706,-74.2789752197706
871.7000244379044,-74.28042526317982,-74.28042526317982
871.7100244379044,-74.28188255906853,-74.28188255906853
871.7200244379044,-74.2833470996978,-74.2833470996978
871.7300244379044,-74.28481887706391,-74.28481887706391
871.7400244379044,-74.28629788288586,-74.28629788288586
871.7500244379044,-74.28778410861058,-74.28778410861058
871.7600244379043,-74.28927754544301,-74.28927754544301
871.7700244379043,-74.29077818431344,-74.29077818431344
871.7800244379043,-74.29228601591996,-74.29228601591996
871.7900244379043,-74.29380103069659,-74.29380103069659
871.8000244379043,-74.29532321884336,-74.29532321884336
871.8100244379043,-74.29685257031298,-74.29685257031298
871.8200244379044,-74.29838907483624,-74.29838907483624
871.8300244379044,-74.29993272191271,-74.29993272191271
871.8400244379044,-74.30148350079992,-74.30148350079992
871.8500244379044,-74.30304140054965,-74.30304140054965
871.8600244379044,-74.30460640998939,-74.30460640998939
871.8700244379044,-74.30617851772593,-74.30617851772593
871.8800244379044,-74.30775771216744,-74.30775771216744
871.8900244379043,-74.30934398150394,-74.30934398150394
871.9000244379043,-74.31093731372565,-74.31093731372565
871.9100244379043,-74.31253769663128,-74.31253769663128
871.9200244379043,-74.31414511780751,-74.31414511780751
871.9300244379043,-74.31575956465906,-74.31575956465906
871.9400244379044,-74.31738102440052,-74.31738102440052
871.9500244379044,-74.31900948406063,-74.31900948406063
871.9600244379044,-74.32064493048371,-74.32064493048371
871.9700244379044,-74.3222873503361,-74.3222873503361
871.9800244379044,-74.32393673010674,-74.32393673010674
871.9900244379044,-74.3255930561128,-74.3255930561128
872.0000244379044,-74.3272563145021,-74.3272563145021
872.0100244379043,-74.32892649126187,-74.32892649126187
872.0200244379043,-74.33060357221284,-74.33060357221284
872.0300244379043,-74.33228754301095,-74.33228754301095
872.0400244379043,-74.33397838915887,-74.33397838915887
872.0500244379043,-74.33567609600874,-74.33567609600874
872.0600244379043,-74.33738064875405,-74.33738064875405
872.0700244379044,-74.33909203244745,-74.33909203244745
872.0800244379044,-74.34081023199882,-74.34081023199882
872.0900244379044,-74.34253523216381,-74.34253523216381
872.1000244617462,-74.34426702169945,-74.34426702169945
872.1100244617462,-74.34600557686491,-74.34600557686491
872.1200244617462,-74.34775088610014,-74.34775088610014
872.1300244617462,-74.34950293363077,-74.34950293363077
872.1400244617462,-74.35126170355524,-74.35126170355524
872.1500244617462,-74.35302717983721,-74.35302717983721
872.1600244617462,-74.35479934632181,-74.35479934632181
872.1700244617463,-74.35657818672516,-74.35657818672516
872.1800244617463,-74.35836368466431,-74.35836368466431
872.1900244617462,-74.36015582361526,-74.36015582361526
872.2000244617462,-74.36195458695059,-74.36195458695059
872.2100244617462,-74.36375995793902,-74.36375995793902
872.2200244617462,-74.36557191972562,-74.36557191972562
872.2300244617462,-74.36739045536089,-74.36739045536089
872.2400244617462,-74.36921554778584,-74.36921554778584
872.2500244617462,-74.3710471798436,-74.3710471798436
872.2600244617462,-74.3728853342736,-74.3728853342736
872.2700244617462,-74.37472999371617,-74.37472999371617
872.2800244617462,-74.376581140724,-74.376581140724
872.2900244617463,-74.37843875773868,-74.37843875773868
872.3000244617463,-74.38030282713615,-74.38030282713615
872.3100244617463,-74.38217333118459,-74.38217333118459
872.3200244617462,-74.38405025206714,-74.38405025206714
872.3300244617462,-74.38593357189157,-74.38593357189157
872.3400244617462,-74.38782327267182,-74.38782327267182
872.3500244617462,-74.3897193363437,-74.3897193363437
872.3600244617462,-74.39162174477411,-74.39162174477411
872.3700244617462,-74.39353047973538,-74.39353047973538
872.3800244617462,-74.39544552293609,-74.39544552293609
872.3900244617462,-74.39736685600607,-74.39736685600607
872.4000244617462,-74.39929446050265,-74.39929446050265
872.4100244617462,-74.40122831791935,-74.40122831791935
872.4200244617463,-74.40316840967542,-74.40316840967542
872.4300244617463,-74.40511471713975,-74.40511471713975
872.4400244617462,-74.40706722158951,-74.40706722158951
872.4500244617462,-74.40902590425587,-74.40902590425587
872.4600244617462,-74.41099074630364,-74.41099074630364
872.4700244617462,-74.41296172884914,-74.41296172884914
872.4800244617462,-74.41493883293752,-74.41493883293752
872.4900244617462,-74.41692203955745,-74.41692203955745
872.5000244617462,-74.41891132965155,-74.41891132965155
872.5100244617462,-74.42090668410589,-74.42090668410589
872.5200244617462,-74.4229080837473,-74.4229080837473
872.5300244617462,-74.42491550936788,-74.42491550936788
872.5400244617463,-74.42692894169856,-74.42692894169856
872.5500244617463,-74.42894836143036,-74.42894836143036
872.5600244617463,-74.4309737492034,-74.4309737492034
872.5700244617462,-74.43300508561846,-74.43300508561846
872.5800244617462,-74.43504235122828,-74.43504235122828
872.5900244617462,-74.43708552654496,-74.43708552654496
872.6000244617462,-74.43913459204427,-74.43913459204427
872.6100244617462,-74.44118952816909,-74.44118952816909
872.6200244617462,-74.44325031530643,-74.44325031530643
872.6300244617462,-74.44531693382712,-74.44531693382712
872.6400244617462,-74.44738936405427,-74.44738936405427
872.6500244617462,-74.44946758628711,-74.44946758628711
872.6600244617462,-74.45155158078038,-74.45155158078038
872.6700244617463,-74.45364132776886,-74.45364132776886
872.6800244617463,-74.45573680746548,-74.45573680746548
872.6900244617462,-74.45783800003004,-74.45783800003004
872.7000244617462,-74.45994488561094,-74.45994488561094
872.7100244617462,-74.46205744433104,-74.46205744433104
872.7200244617462,-74.46417565628894,-74.46417565628894
872.7300244617462,-74.46629950155308,-74.46629950155308
872.7400244617462,-74.4684289601733,-74.4684289601733
872.7500244617462,-74.4705640121813,-74.4705640121813
872.7600244617462,-74.47270463758132,-74.47270463758132
872.7700244617462,-74.47485081636552,-74.47485081636552
872.7800244617462,-74.47700252850176,-74.47700252850176
872.7900244617463,-74.47915975394073,-74.47915975394073
872.8000244617463,-74.48132247262889,-74.48132247262889
872.8100244617463,-74.48349066447811,-74.48349066447811
872.8200244617462,-74.48566430940708,-74.48566430940708
872.8300244617462,-74.48784338730492,-74.48784338730492
872.8400244617462,-74.49002787805603,-74.49002787805603
872.8500244617462,-74.49221776153084,-74.49221776153084
872.8600244617462,-74.49441301759582,-74.49441301759582
872.8700244617462,-74.49661362610286,-74.49661362610286
872.8800244617462,-74.49881956689214,-74.49881956689214
872.8900244617462,-74.50103081980727,-74.50103081980727
872.9000244617462,-74.50324736468396,-74.50324736468396
872.9100244617462,-74.50546918133689,-74.50546918133689
872.9200244617463,-74.50769624958748,-74.50769624958748
872.9300244617463,-74.50992854926389,-74.50992854926389
872.9400244617462,-74.51216606017309,-74.51216606017309
872.9500244855881,-74.51440876747233,-74.51440876747233
872.9600244855881,-74.51665664030797,-74.51665664030797
872.970024485588,-74.51890966380815,-74.51890966380815
872.980024485588,-74.5211678177842,-74.5211678177842
872.990024485588,-74.52343108205055,-74.52343108205055
873.000024485588,-74.52569943642273,-74.52569943642273
873.010024485588,-74.52797286071234,-74.52797286071234
873.0200244855881,-74.53025133474041,-74.53025133474041
873.0300244855881,-74.53253483833905,-74.53253483833905
873.0400244855881,-74.53482335133229,-74.53482335133229
873.0500244855881,-74.53711685355879,-74.53711685355879
873.0600244855881,-74.53941532485514,-74.53941532485514
873.0700244855881,-74.54171874506534,-74.54171874506534
873.0800244855881,-74.54402709405508,-74.54402709405508
873.0900244855881,-74.54634035168861,-74.54634035168861
873.100024485588,-74.54865849783484,-74.54865849783484
873.110024485588,-74.5509815123812,-74.5509815123812
873.120024485588,-74.55330937521116,-74.55330937521116
873.130024485588,-74.55564206624494,-74.55564206624494
873.1400244855881,-74.55797956538107,-74.55797956538107
873.1500244855881,-74.56032185256784,-74.56032185256784
873.1600244855881,-74.56266890773725,-74.56266890773725
873.1700244855881,-74.56502071084202,-74.56502071084202
873.1800244855881,-74.56737724185984,-74.56737724185984
873.1900244855881,-74.5697384807707,-74.5697384807707
873.2000244855881,-74.57210440756768,-74.57210440756768
873.2100244855881,-74.5744684933822,-74.5744684933822
873.220024485588,-74.5768278642617,-74.5768278642617
873.230024485588,-74.57918110742115,-74.57918110742115
873.240024485588,-74.58152748646019,-74.58152748646019
873.250024485588,-74.58386664192894,-74.58386664192894
873.260024485588,-74.58619843585329,-74.58619843585329
873.2700244855881,-74.58852286063174,-74.58852286063174
873.2800244855881,-74.59083998432827,-74.59083998432827
873.2900244855881,-74.59314991773753,-74.59314991773753
873.3000244855881,-74.59545279465914,-74.59545279465914
873.3100244855881,-74.59774876011525,-74.59774876011525
873.3200244855881,-74.60003796340267,-74.60003796340267
873.3300244855881,-74.60232055413161,-74.60232055413161
873.3400244855881,-74.60459668001616,-74.60459668001616
873.350024485588,-74.60686648577648,-74.60686648577648
873.360024485588,-74.60913011267006,-74.60913011267006
873.370024485588,-74.611387698406,-74.611387698406
873.380024485588,-74.61363937729101,-74.61363937729101
873.3900244855881,-74.61588528041561,-74.61588528041561
873.4000244855881,-74.61812553597989,-74.61812553597989
873.4100244855881,-74.62036026952363,-74.62036026952363
873.4200244855881,-74.62258960425082,-74.62258960425082
873.4300244855881,-74.62481366124632,-74.62481366124632
873.4400244855881,-74.62703255969409,-74.62703255969409
873.4500244855881,-74.62924641711001,-74.62924641711001
873.4600244855881,-74.63145534946956,-74.63145534946956
873.470024485588,-74.63365947136911,-74.63365947136911
873.480024485588,-74.63585889614372,-74.63585889614372
873.490024485588,-74.63805373594813,-74.63805373594813
873.500024485588,-74.64024410185783,-74.64024410185783
873.510024485588,-74.64243010395374,-74.64243010395374
873.5200244855881,-74.6446118513077,-74.6446118513077
873.5300244855881,-74.6467894521089,-74.6467894521089
873.5400244855881,-74.64896301362167,-74.64896301362167
873.5500244855881,-74.65113264225491,-74.65113264225491
873.5600244855881,-74.6532984435576,-74.6532984435576
873.5700244855881,-74.6554605222346,-74.6554605222346
873.5800244855881,-74.65761898217075,-74.65761898217075
873.5900244855881,-74.6597739263998,-74.6597739263998
873.600024485588,-74.66192545714759,-74.66192545714759
873.610024485588,-74.66407367578334,-74.66407367578334
873.620024485588,-74.66621868286441,-74.66621868286441
873.630024485588,-74.6683605780813,-74.6683605780813
873.6400244855881,-74.67049946027937,-74.67049946027937
873.6500244855881,-74.67263542746333,-74.67263542746333
873.6600244855881,-74.67476857675523,-74.67476857675523
873.6700244855881,-74.6768990044023,-74.6768990044023
873.6800244855881,-74.67902680577839,-74.67902680577839
873.6900244855881,-74.68115207535513,-74.68115207535513
873.7000244855881,-74.68327490670396,-74.68327490670396
873.7100244855881,-74.68538887436883,-74.68538887436883
873.720024485588,-74.68749121223907,-74.68749121223907
873.730024485588,-74.68958061657413,-74.68958061657413
873.740024485588,-74.69165646003329,-74.69165646003329
873.750024485588,-74.69371849181857,-74.69371849181857
873.760024485588,-74.69576668196326,-74.69576668196326
873.7700244855881,-74.69780113013223,-74.69780113013223
873.7800244855881,-74.69982201080407,-74.69982201080407
873.7900244855881,-74.70182954031122,-74.70182954031122
873.8000245094299,-74.70382396182578,-74.70382396182578
873.8100245094299,-74.70580551449062,-74.70580551449062
873.8200245094299,-74.70777445511806,-74.70777445511806
873.8300245094299,-74.70973103506371,-74.70973103506371
873.8400245094299,-74.71167550280848,-74.71167550280848
873.8500245094299,-74.71360810285499,-74.71360810285499
873.8600245094299,-74.71552907524841,-74.71552907524841
873.87002450943,-74.71743865549966,-74.71743865549966
873.88002450943,-74.7193370747036,-74.7193370747036
873.89002450943,-74.72122455974825,-74.72122455974825
873.90002450943,-74.72310133360338,-74.72310133360338
873.91002450943,-74.72496761561082,-74.72496761561082
873.9200245094299,-74.72679064405922,-74.72679064405922
873.9300245094299,-74.72855420065807,-74.72855420065807
873.9400245094299,-74.73024842457177,-74.73024842457177
873.9500245094299,-74.73186679673111,-74.73186679673111
873.9600245094299,-74.73340492141237,-74.73340492141237
873.9700245094299,-74.73485981235675,-74.73485981235675
873.9800245094299,-74.73622943321794,-74.73622943321794
873.99002450943,-74.73751239858849,-74.73751239858849
874.00002450943,-74.73870777900946,-74.73870777900946
874.01002450943,-74.7398149728627,-74.7398149728627
874.02002450943,-74.74083362154194,-74.74083362154194
874.03002450943,-74.74176355243284,-74.74176355243284
874.0400245094299,-74.74260474012593,-74.74260474012593
874.0500245094299,-74.74335727947462,-74.74335727947462
874.0600245094299,-74.74402136652326,-74.74402136652326
874.0700245094299,-74.74459728456974,-74.74459728456974
874.0800245094299,-74.74508539377938,-74.74508539377938
874.0900245094299,-74.74548612305705,-74.74548612305705
874.1000245094299,-74.74579996357022,-74.74579996357022
874.1100245094299,-74.74602746331718,-74.74602746331718
874.12002450943,-74.74616922249571,-74.74616922249571
874.13002450943,-74.74622588943684,-74.74622588943684
874.14002450943,-74.74619815690849,-74.74619815690849
874.15002450943,-74.74608675875041,-74.74608675875041
874.16002450943,-74.74589246679491,-74.74589246679491
874.1700245094299,-74.74561608790829,-74.74561608790829
874.1800245094299,-74.7452584612968,-74.7452584612968
874.1900245094299,-74.74482045588925,-74.74482045588925
874.2000245094299,-74.74430296791199,-74.74430296791199
874.2100245094299,-74.74370691856231,-74.74370691856231
874.2200245094299,-74.74303325181008,-74.74303325181008
874.2300245094299,-74.74228293229133,-74.74228293229133
874.24002450943,-74.74145694333309,-74.74145694333309
874.25002450943,-74.7405562850747,-74.7405562850747
874.26002450943,-74.73958197267406,-74.73958197267406
874.27002450943,-74.7385350346108,-74.7385350346108
874.28002450943,-74.73741651108362,-74.73741651108362
874.2900245094299,-74.73622745249291,-74.73622745249291
874.3000245094299,-74.73496891800302,-74.73496891800302
874.3100245094299,-74.73364197417382,-74.73364197417382
874.3200245094299,-74.73224769370874,-74.73224769370874
874.3300245094299,-74.73078715420189,-74.73078715420189
874.3400245094299,-74.7292614370344,-74.7292614370344
874.3500245094299,-74.72767162628092,-74.72767162628092
874.3600245094299,-74.7260188077157,-74.7260188077157
874.37002450943,-74.72430406784031,-74.72430406784031
874.38002450943,-74.72252849302215,-74.72252849302215
874.39002450943,-74.72069316862141,-74.72069316862141
874.40002450943,-74.71879917825395,-74.71879917825395
874.41002450943,-74.71684760300724,-74.71684760300724
874.4200245094299,-74.71483952079518,-74.71483952079518
874.4300245094299,-74.71277600570238,-74.71277600570238
874.4400245094299,-74.71065812737922,-74.71065812737922
874.4500245094299,-74.70848695049327,-74.70848695049327
874.4600245094299,-74.70626353419938,-74.70626353419938
874.4700245094299,-74.7039889316889,-74.7039889316889
874.4800245094299,-74.7016641896938,-74.7016641896938
874.49002450943,-74.69929034810825,-74.69929034810825
874.50002450943,-74.69686843960905,-74.69686843960905
874.51002450943,-74.6943994892672,-74.6943994892672
874.52002450943,-74.69188451424935,-74.69188451424935
874.53002450943,-74.68932452351449,-74.68932452351449
874.5400245094299,-74.68672051752237,-74.68672051752237
874.5500245094299,-74.68407348801881,-74.68407348801881
874.5600245094299,-74.6813844177576,-74.6813844177576
874.5700245094299,-74.67865428032341,-74.67865428032341
874.5800245094299,-74.67588403994102,-74.67588403994102
874.5900245094299,-74.67307465130416,-74.67307465130416
874.6000245094299,-74.67022705939253,-74.67022705939253
874.6100245094299,-74.66734219939072,-74.66734219939072
874.62002450943,-74.6644209965198,-74.6644209965198
874.63002450943,-74.66146436596928,-74.66146436596928
874.64002450943,-74.65847321276905,-74.65847321276905
874.6500245332718,-74.65544842452188,-74.65544842452188
874.6600245332718,-74.65239090007663,-74.65239090007663
874.6700245332718,-74.64930150652258,-74.64930150652258
874.6800245332718,-74.64618110764587,-74.64618110764587
874.6900245332718,-74.64303055683305,-74.64303055683305
874.7000245332717,-74.63985069700901,-74.63985069700901
874.7100245332717,-74.63663585432765,-74.63663585432765
874.7200245332718,-74.63338400638064,-74.63338400638064
874.7300245332718,-74.63009458377834,-74.63009458377834
874.7400245332718,-74.62676768389737,-74.62676768389737
874.7500245332718,-74.62340377092313,-74.62340377092313
874.7600245332718,-74.62000352016973,-74.62000352016973
874.7700245332718,-74.61656772680813,-74.61656772680813
874.7800245332718,-74.61309725107964,-74.61309725107964
874.7900245332718,-74.60959298533307,-74.60959298533307
874.8000245332718,-74.60605583428828,-74.60605583428828
874.8100245332718,-74.60248670327488,-74.60248670327488
874.8200245332717,-74.5988864913524,-74.5988864913524
874.8300245332717,-74.59525608738521,-74.59525608738521
874.8400245332718,-74.59159636789917,-74.59159636789917
874.8500245332718,-74.58790819607854,-74.58790819607854
874.8600245332718,-74.5841924213447,-74.5841924213447
874.8700245332718,-74.58044987938153,-74.58044987938153
874.8800245332718,-74.5766813923235,-74.5766813923235
874.8900245332718,-74.57288776908239,-74.57288776908239
874.9000245332718,-74.5690698056904,-74.5690698056904
874.9100245332718,-74.56522828569292,-74.56522828569292
874.9200245332718,-74.5613639805171,-74.5613639805171
874.9300245332718,-74.55747764978764,-74.55747764978764
874.9400245332718,-74.55357004165383,-74.55357004165383
874.9500245332717,-74.54964189307469,-74.54964189307469
874.9600245332717,-74.5456939301055,-74.5456939301055
874.9700245332718,-74.54172686806933,-74.54172686806933
874.9800245332718,-74.53774141186237,-74.53774141186237
874.9900245332718,-74.53373825606491,-74.53373825606491
875.0000245332718,-74.52971808517935,-74.52971808517935
875.0100245332718,-74.52568157374013,-74.52568157374013
875.0200245332718,-74.52162938650548,-74.52162938650548
875.0300245332718,-74.51756217857475,-74.51756217857475
875.0400245332718,-74.51348059552251,-74.51348059552251
875.0500245332718,-74.50938527351981,-74.50938527351981
875.0600245332718,-74.50527683945579,-74.50527683945579
875.0700245332717,-74.50115591102974,-74.50115591102974
875.0800245332717,-74.49702309687761,-74.49702309687761
875.0900245332718,-74.49287899664868,-74.49287899664868
875.1000245332718,-74.48872420113665,-74.48872420113665
875.1100245332718,-74.48455929233037,-74.48455929233037
875.1200245332718,-74.48038484355045,-74.48038484355045
875.1300245332718,-74.47620141951835,-74.47620141951835
875.1400245332718,-74.47200957644239,-74.47200957644239
875.1500245332718,-74.46780986211795,-74.46780986211795
875.1600245332718,-74.46360281600855,-74.46360281600855
875.1700245332718,-74.45938896934032,-74.45938896934032
875.1800245332718,-74.45516884519274,-74.45516884519274
875.1900245332718,-74.45094295855574,-74.45094295855574
875.2000245332717,-74.44671181643932,-74.44671181643932
875.2100245332717,-74.44246943059295,-74.44246943059295
875.2200245332718,-74.43821345870755,-74.43821345870755
875.2300245332718,-74.43394301093387,-74.43394301093387
875.2400245332718,-74.42965786543152,-74.42965786543152
875.2500245332718,-74.4253581691706,-74.4253581691706
875.2600245332718,-74.42104428251169,-74.42104428251169
875.2700245332718,-74.41671668819065,-74.41671668819065
875.2800245332718,-74.41237593661015,-74.41237593661015
875.2900245332718,-74.4080226130018,-74.4080226130018
875.3000245332718,-74.40365731772869,-74.40365731772869
875.3100245332718,-74.39928065459586,-74.39928065459586
875.3200245332717,-74.39489322403165,-74.39489322403165
875.3300245332717,-74.39049561917426,-74.39049561917426
875.3400245332718,-74.38608842381295,-74.38608842381295
875.3500245332718,-74.3816722114042,-74.3816722114042
875.3600245332718,-74.37724754466696,-74.37724754466696
875.3700245332718,-74.37281497565273,-74.37281497565273
875.3800245332718,-74.36837504594902,-74.36837504594902
875.3900245332718,-74.3639282870186,-74.3639282870186
875.4000245332718,-74.35947522058983,-74.35947522058983
875.4100245332718,-74.35501635903287,-74.35501635903287
875.4200245332718,-74.3505522057228,-74.3505522057228
875.4300245332718,-74.3460832553964,-74.3460832553964
875.4400245332718,-74.3416099944693,-74.3416099944693
875.4500245332717,-74.33713290132471,-74.33713290132471
875.4600245332717,-74.33265244656693,-74.33265244656693
875.4700245332718,-74.32816909324659,-74.32816909324659
875.4800245332718,-74.32368329709524,-74.32368329709524
875.4900245332718,-74.3191955066867,-74.3191955066867
875.5000245571136,-74.31470615290608,-74.31470615290608
875.5100245571136,-74.3102156918874,-74.3102156918874
875.5200245571136,-74.30572454100533,-74.30572454100533
875.5300245571136,-74.3012331217365,-74.3012331217365
875.5400245571136,-74.29674184909395,-74.29674184909395
875.5500245571136,-74.29225113172377,-74.29225113172377
875.5600245571136,-74.28776137201127,-74.28776137201127
875.5700245571137,-74.28327296615778,-74.28327296615778
875.5800245571137,-74.27878630429974,-74.27878630429974
875.5900245571137,-74.27430177053124,-74.27430177053124
875.6000245571137,-74.2698197430259,-74.2698197430259
875.6100245571137,-74.26534059406866,-74.26534059406866
875.6200245571137,-74.26086469016538,-74.26086469016538
875.6300245571136,-74.25639239207861,-74.25639239207861
875.6400245571136,-74.25192405491597,-74.25192405491597
875.6500245571136,-74.24746002816403,-74.24746002816403
875.6600245571136,-74.24300065577603,-74.24300065577603
875.6700245571136,-74.23854627621365,-74.23854627621365
875.6800245571136,-74.23409722251998,-74.23409722251998
875.6900245571137,-74.22965382235296,-74.22965382235296
875.7000245571137,-74.22521639808843,-74.22521639808843
875.7100245571137,-74.22078526683396,-74.22078526683396
875.7200245571137,-74.21636074050114,-74.21636074050114
875.7300245571137,-74.21194312585631,-74.21194312585631
875.7400245571137,-74.20753272459022,-74.20753272459022
875.7500245571136,-74.20312983334607,-74.20312983334607
875.7600245571136,-74.19873474381009,-74.19873474381009
875.7700245571136,-74.19434774274454,-74.19434774274454
875.7800245571136,-74.18996911204019,-74.18996911204019
875.7900245571136,-74.18559912876962,-74.18559912876962
875.8000245571136,-74.18123806525499,-74.18123806525499
875.8100245571136,-74.17688618911788,-74.17688618911788
875.8200245571137,-74.17254376331317,-74.17254376331317
875.8300245571137,-74.1682110462106,-74.1682110462106
875.8400245571137,-74.16388829163354,-74.16388829163354
875.8500245571137,-74.15957574891615,-74.15957574891615
875.8600245571137,-74.15527366293252,-74.15527366293252
875.8700245571137,-74.15098227419941,-74.15098227419941
875.8800245571136,-74.14670181887968,-74.14670181887968
875.8900245571136,-74.14243252886742,-74.14243252886742
875.9000245571136,-74.13817463180662,-74.13817463180662
875.9100245571136,-74.13392835117291,-74.13392835117291
875.9200245571136,-74.12969390632067,-74.12969390632067
875.9300245571136,-74.12547151252726,-74.12547151252726
875.9400245571137,-74.121261381024,-74.121261381024
875.9500245571137,-74.11706371908949,-74.11706371908949
875.9600245571137,-74.11287873006903,-74.11287873006903
875.9700245571137,-74.10870661342007,-74.10870661342007
875.9800245571137,-74.10454756479012,-74.10454756479012
875.9900245571137,-74.10040177604675,-74.10040177604675
876.0000245571136,-74.09626943531629,-74.09626943531629
876.0100245571136,-74.0921507270648,-74.0921507270648
876.0200245571136,-74.0880458321127,-74.0880458321127
876.0300245571136,-74.08395492769463,-74.08395492769463
876.0400245571136,-74.07987818753026,-74.07987818753026
876.0500245571136,-74.07581578181183,-74.07581578181183
876.0600245571136,-74.07176787731166,-74.07176787731166
876.0700245571137,-74.06773463741325,-74.06773463741325
876.0800245571137,-74.0637162221354,-74.0637162221354
876.0900245571137,-74.0597127881957,-74.0597127881957
876.1000245571137,-74.05572448903877,-74.05572448903877
876.1100245571137,-74.05175147491335,-74.05175147491335
876.1200245571137,-74.04779389288252,-74.04779389288252
876.1300245571136,-74.04385188687937,-74.04385188687937
876.1400245571136,-74.03992559777032,-74.03992559777032
876.1500245571136,-74.03601516334845,-74.03601516334845
876.1600245571136,-74.03212071843443,-74.03212071843443
876.1700245571136,-74.02824239488167,-74.02824239488167
876.1800245571136,-74.02438032162698,-74.02438032162698
876.1900245571137,-74.02053462472306,-74.02053462472306
876.2000245571137,-74.01670542741057,-74.01670542741057
876.2100245571137,-74.01289285011187,-74.01289285011187
876.2200245571137,-74.00909701051219,-74.00909701051219
876.2300245571137,-74.00531802356231,-74.00531802356231
876.2400245571137,-74.00155600156077,-74.00155600156077
876.2500245571136,-73.99781105415303,-73.99781105415303
876.2600245571136,-73.99408328838834,-73.99408328838834
876.2700245571136,-73.99037280875599,-73.99037280875599
876.2800245571136,-73.98667971721906,-73.98667971721906
876.2900245571136,-73.98300411324983,-73.98300411324983
876.3000245571136,-73.97934609387454,-73.97934609387454
876.3100245571136,-73.9757057536975,-73.9757057536975
876.3200245571137,-73.97208318493647,-73.97208318493647
876.3300245571137,-73.96847847748542,-73.96847847748542
876.3400245571137,-73.96489171891342,-73.96489171891342
876.3500245809555,-73.96132298601232,-73.96132298601232
876.3600245809555,-73.95777237887779,-73.95777237887779
876.3700245809555,-73.95423996979113,-73.95423996979113
876.3800245809555,-73.95072583742265,-73.95072583742265
876.3900245809555,-73.94723005829405,-73.94723005829405
876.4000245809555,-73.94375270681141,-73.94375270681141
876.4100245809555,-73.9402938552897,-73.9402938552897
876.4200245809556,-73.93685357400409,-73.93685357400409
876.4300245809555,-73.9334319312213,-73.9334319312213
876.4400245809555,-73.93002899319715,-73.93002899319715
876.4500245809555,-73.92664482424364,-73.92664482424364
876.4600245809555,-73.92327304484205,-73.92327304484205
876.4700245809555,-73.91991090247124,-73.91991090247124
876.4800245809555,-73.91655709298243,-73.91655709298243
876.4900245809555,-73.91321098153655,-73.91321098153655
876.5000245809555,-73.90987230525286,-73.90987230525286
876.5100245809555,-73.90654101878226,-73.90654101878226
876.5200245809555,-73.90321720371847,-73.90321720371847
876.5300245809555,-73.8999010142158,-73.8999010142158
876.5400245809556,-73.89659264421894,-73.89659264421894
876.5500245809556,-73.89329230790388,-73.89329230790388
876.5600245809555,-73.89000022794417,-73.89000022794417
876.5700245809555,-73.88671662873043,-73.88671662873043
876.5800245809555,-73.88344173242513,-73.88344173242513
876.5900245809555,-73.88017575688828,-73.88017575688828
876.6000245809555,-73.87691891459879,-73.87691891459879
876.6100245809555,-73.87367141231483,-73.87367141231483
876.6200245809555,-73.87043345101813,-73.87043345101813
876.6300245809555,-73.86720522612997,-73.86720522612997
876.6400245809555,-73.86398692776756,-73.86398692776756
876.6500245809555,-73.8607787411142,-73.8607787411142
876.6600245809555,-73.85758084673641,-73.85758084673641
876.6700245809556,-73.85439342090325,-73.85439342090325
876.6800245809555,-73.85121663591151,-73.85121663591151
876.6900245809555,-73.84805066032467,-73.84805066032467
876.7000245809555,-73.84489565924332,-73.84489565924332
876.7100245809555,-73.8417517944895,-73.8417517944895
876.7200245809555,-73.838619224809,-73.838619224809
876.7300245809555,-73.8354981060163,-73.8354981060163
876.7400245809555,-73.83238859113166,-73.83238859113166
876.7500245809555,-73.82929083051263,-73.82929083051263
876.7600245809555,-73.82620497194512,-73.82620497194512
876.7700245809555,-73.82313116071536,-73.82313116071536
876.7800245809555,-73.82006953971624,-73.82006953971624
876.7900245809556,-73.81702024947052,-73.81702024947052
876.8000245809556,-73.81398342821868,-73.81398342821868
876.8100245809555,-73.81095921194367,-73.81095921194367
876.8200245809555,-73.80794773442605,-73.80794773442605
876.8300245809555,-73.80494912726277,-73.80494912726277
876.8400245809555,-73.80196351992127,-73.80196351992127
876.8500245809555,-73.79899103972217,-73.79899103972217
876.8600245809555,-73.79603181191476,-73.79603181191476
876.8700245809555,-73.79308595965446,-73.79308595965446
876.8800245809555,-73.7901536040588,-73.7901536040588
876.8900245809555,-73.78723486418542,-73.78723486418542
876.9000245809555,-73.78432985707947,-73.78432985707947
876.9100245809555,-73.78143869776709,-73.78143869776709
876.9200245809556,-73.77856149926914,-73.77856149926914
876.9300245809555,-73.77569837264035,-73.77569837264035
876.9400245809555,-73.77284942693811,-73.77284942693811
876.9500245809555,-73.77001476927826,-73.77001476927826
876.9600245809555,-73.76719450480691,-73.76719450480691
876.9700245809555,-73.76438873673342,-73.76438873673342
876.9800245809555,-73.76159756635477,-73.76159756635477
876.9900245809555,-73.75882109302819,-73.75882109302819
877.0000245809555,-73.75605941422704,-73.75605941422704
877.0100245809555,-73.75331262551177,-73.75331262551177
877.0200245809555,-73.75058082056509,-73.75058082056509
877.0300245809555,-73.74786409120291,-73.74786409120291
877.0400245809556,-73.74516252737432,-73.74516252737432
877.0500245809556,-73.74247621719367,-73.74247621719367
877.0600245809555,-73.73980524692954,-73.73980524692954
877.0700245809555,-73.73714970102515,-73.73714970102515
877.0800245809555,-73.73450966213228,-73.73450966213228
877.0900245809555,-73.73188521109532,-73.73188521109532
877.1000245809555,-73.72927642697375,-73.72927642697375
877.1100245809555,-73.72668338706546,-73.72668338706546
877.1200245809555,-73.72410616690718,-73.72410616690718
877.1300245809555,-73.72154484030403,-73.72154484030403
877.1400245809555,-73.71899947932735,-73.71899947932735
877.1500245809555,-73.7164701543356,-73.7164701543356
877.1600245809555,-73.71395693399707,-73.71395693399707
877.1700245809556,-73.71145988529507,-73.71145988529507
877.1800245809555,-73.70897907355511,-73.70897907355511
877.1900245809555,-73.70651456243793,-73.70651456243793
877.2000246047974,-73.70406640813995,-73.70406640813995
877.2100246047974,-73.70163468277798,-73.70163468277798
877.2200246047973,-73.69921943927714,-73.69921943927714
877.2300246047973,-73.696820734853,-73.696820734853
877.2400246047973,-73.69443862514593,-73.69443862514593
877.2500246047973,-73.69207316425302,-73.69207316425302
877.2600246047973,-73.68972440471379,-73.68972440471379
877.2700246047974,-73.68739239754402,-73.68739239754402
877.2800246047974,-73.6850771922598,-73.6850771922598
877.2900246047974,-73.68277883688327,-73.68277883688327
877.3000246047974,-73.6804973779642,-73.6804973779642
877.3100246047974,-73.67823286057477,-73.67823286057477
877.3200246047974,-73.67598532836887,-73.67598532836887
877.3300246047974,-73.67375482356067,-73.67375482356067
877.3400246047973,-73.6715413869578,-73.6715413869578
877.3500246047973,-73.66934505797205,-73.66934505797205
877.3600246047973,-73.66716587464646,-73.66716587464646
877.3700246047973,-73.66500387364671,-73.66500387364671
877.3800246047973,-73.66285909031149,-73.66285909031149
877.3900246047974,-73.6607315586438,-73.6607315586438
877.4000246047974,-73.65862131133312,-73.65862131133312
877.4100246047974,-73.65652837977869,-73.65652837977869
877.4200246047974,-73.65445279409327,-73.65445279409327
877.4300246047974,-73.65239458314741,-73.65239458314741
877.4400246047974,-73.65035377453434,-73.65035377453434
877.4500246047974,-73.648330394638,-73.648330394638
877.4600246047974,-73.64632446862828,-73.64632446862828
877.4700246047973,-73.64433602045771,-73.64433602045771
877.4800246047973,-73.64236507291052,-73.64236507291052
877.4900246047973,-73.64041164760509,-73.64041164760509
877.5000246047973,-73.63847576500086,-73.63847576500086
877.5100246047973,-73.63655744441787,-73.63655744441787
877.5200246047974,-73.63465670406526,-73.63465670406526
877.5300246047974,-73.63277356104429,-73.63277356104429
877.5400246047974,-73.63090803136566,-73.63090803136566
877.5500246047974,-73.62906012995424,-73.62906012995424
877.5600246047974,-73.62722987068669,-73.62722987068669
877.5700246047974,-73.62541726638861,-73.62541726638861
877.5800246047974,-73.62362232886333,-73.62362232886333
877.5900246047973,-73.62184506887658,-73.62184506887658
877.6000246047973,-73.62008549621254,-73.62008549621254
877.6100246047973,-73.61834361966851,-73.61834361966851
877.6200246047973,-73.61661944705773,-73.61661944705773
877.6300246047973,-73.61491298523602,-73.61491298523602
877.6400246047974,-73.61322424011915,-73.61322424011915
877.6500246047974,-73.61155321669848,-73.61155321669848
877.6600246047974,-73.60989991902659,-73.60989991902659
877.6700246047974,-73.60826435027275,-73.60826435027275
877.6800246047974,-73.60664651270292,-73.60664651270292
877.6900246047974,-73.60504640771869,-73.60504640771869
877.7000246047974,-73.60346403584286,-73.60346403584286
877.7100246047974,-73.6018929808341,-73.6018929808341
877.7200246047973,-73.6003304376686,-73.6003304376686
877.7300246047973,-73.59877504414712,-73.59877504414712
877.7400246047973,-73.59722610539298,-73.59722610539298
877.7500246047973,-73.59568329787372,-73.59568329787372
877.7600246047973,-73.59414651570876,-73.59414651570876
877.7700246047974,-73.5926157804713,-73.5926157804713
877.7800246047974,-73.5910911870326,-73.5910911870326
877.7900246047974,-73.58957287099682,-73.58957287099682
877.8000246047974,-73.58806098912859,-73.58806098912859
877.8100246047974,-73.58655570774576,-73.58655570774576
877.8200246047974,-73.58505719587518,-73.58505719587518
877.8300246047974,-73.58356562137443,-73.58356562137443
877.8400246047973,-73.58208114878673,-73.58208114878673
877.8500246047973,-73.580603938321,-73.580603938321
877.8600246047973,-73.57913414542828,-73.57913414542828
877.8700246047973,-73.57767192076035,-73.57767192076035
877.8800246047973,-73.57621741035308,-73.57621741035308
877.8900246047974,-73.5747707558835,-73.5747707558835
877.9000246047974,-73.5733320950201,-73.5733320950201
877.9100246047974,-73.5719015616933,-73.5719015616933
877.9200246047974,-73.57047928644708,-73.57047928644708
877.9300246047974,-73.56906539668302,-73.56906539668302
877.9400246047974,-73.56766001695114,-73.56766001695114
877.9500246047974,-73.56626326914927,-73.56626326914927
877.9600246047974,-73.56486886009337,-73.56486886009337
877.9700246047973,-73.56347410436456,-73.56347410436456
877.9800246047973,-73.56207775725815,-73.56207775725815
877.9900246047973,-73.56067923984618,-73.56067923984618
878.0000246047973,-73.55927834326373,-73.55927834326373
878.0100246047973,-73.55787507518387,-73.55787507518387
878.0200246047974,-73.5564695697414,-73.5564695697414
878.0300246047974,-73.55506203347377,-73.55506203347377
878.0400246047974,-73.5536527127774,-73.5536527127774
878.0500246286392,-73.55224187105468,-73.55224187105468
878.0600246286392,-73.55082979055422,-73.55082979055422
878.0700246286392,-73.54941674542525,-73.54941674542525
878.0800246286392,-73.54800301122124,-73.54800301122124
878.0900246286392,-73.54658885946431,-73.54658885946431
878.1000246286392,-73.5451745565803,-73.5451745565803
878.1100246286392,-73.54376036350875,-73.54376036350875
878.1200246286393,-73.54234653564502,-73.54234653564502
878.1300246286393,-73.54093332301511,-73.54093332301511
878.1400246286393,-73.53952097053515,-73.53952097053515
878.1500246286392,-73.53810971833342,-73.53810971833342
878.1600246286392,-73.53669980203885,-73.53669980203885
878.1700246286392,-73.5352914530909,-73.5352914530909
878.1800246286392,-73.53388489902234,-73.53388489902234
878.1900246286392,-73.53248036370574,-73.53248036370574
878.2000246286392,-73.53107806754754,-73.53107806754754
878.2100246286392,-73.52967822769664,-73.52967822769664
878.2200246286392,-73.52828105818911,-73.52828105818911
878.2300246286392,-73.52688677010008,-73.52688677010008
878.2400246286393,-73.52549557163712,-73.52549557163712
878.2500246286393,-73.52410766827339,-73.52410766827339
878.2600246286393,-73.52272326278602,-73.52272326278602
878.2700246286392,-73.52134255534007,-73.52134255534007
878.2800246286392,-73.51996574356315,-73.51996574356315
878.2900246286392,-73.51859302255306,-73.51859302255306
878.3000246286392,-73.51722458496236,-73.51722458496236
878.3100246286392,-73.51586062099311,-73.51586062099311
878.3200246286392,-73.51450131842228,-73.51450131842228
878.3300246286392,-73.51314686264442,-73.51314686264442
878.3400246286392,-73.5117974366731,-73.5117974366731
878.3500246286392,-73.51045322116366,-73.51045322116366
878.3600246286392,-73.50911439440723,-73.50911439440723
878.3700246286393,-73.50778113236257,-73.50778113236257
878.3800246286393,-73.50645360864947,-73.50645360864947
878.3900246286393,-73.50513199455932,-73.50513199455932
878.4000246286392,-73.50381645906275,-73.50381645906275
878.4100246286392,-73.50250716880203,-73.50250716880203
878.4200246286392,-73.50120428812046,-73.50120428812046
878.4300246286392,-73.49990797904766,-73.49990797904766
878.4400246286392,-73.4986184013087,-73.4986184013087
878.4500246286392,-73.49733571233403,-73.49733571233403
878.4600246286392,-73.49606006726574,-73.49606006726574
878.4700246286392,-73.49479161895174,-73.49479161895174
878.4800246286392,-73.49353051796409,-73.49353051796409
878.4900246286393,-73.4922769125958,-73.4922769125958
878.5000246286393,-73.49103094889246,-73.49103094889246
878.5100246286393,-73.48979277061686,-73.48979277061686
878.5200246286392,-73.48856251929563,-73.48856251929563
878.5300246286392,-73.48734033420195,-73.48734033420195
878.5400246286392,-73.4861263523888,-73.4861263523888
878.5500246286392,-73.48492070867916,-73.48492070867916
878.5600246286392,-73.48372353569049,-73.48372353569049
878.5700246286392,-73.4825349638285,-73.4825349638285
878.5800246286392,-73.48135512131724,-73.48135512131724
878.5900246286392,-73.48018413420681,-73.48018413420681
878.6000246286392,-73.47902212636768,-73.47902212636768
878.6100246286392,-73.47786921952613,-73.47786921952613
878.6200246286393,-73.47672553327357,-73.47672553327357
878.6300246286393,-73.47559118507635,-73.47559118507635
878.6400246286393,-73.47446629028138,-73.47446629028138
878.6500246286392,-73.47335096215127,-73.47335096215127
878.6600246286392,-73.47224531186085,-73.47224531186085
878.6700246286392,-73.47114944851856,-73.47114944851856
878.6800246286392,-73.47006347919336,-73.47006347919336
878.6900246286392,-73.46898750891643,-73.46898750891643
878.7000246286392,-73.46792164070385,-73.46792164070385
878.7100246286392,-73.46686597557725,-73.46686597557725
878.7200246286392,-73.46582061256518,-73.46582061256518
878.7300246286392,-73.46478564875224,-73.46478564875224
878.7400246286393,-73.4637611792466,-73.4637611792466
878.7500246286393,-73.4627472972638,-73.4627472972638
878.7600246286393,-73.46174409407972,-73.46174409407972
878.7700246286392,-73.46075165909706,-73.46075165909706
878.7800246286392,-73.45977007983245,-73.45977007983245
878.7900246286392,-73.45879944195622,-73.45879944195622
878.8000246286392,-73.45783982929633,-73.45783982929633
878.8100246286392,-73.45689132387045,-73.45689132387045
878.8200246286392,-73.45595400588591,-73.45595400588591
878.8300246286392,-73.45502795379026,-73.45502795379026
878.8400246286392,-73.45411324425439,-73.45411324425439
878.8500246286392,-73.45320995220948,-73.45320995220948
878.8600246286392,-73.45231815087551,-73.45231815087551
878.8700246286393,-73.45143791175431,-73.45143791175431
878.8800246286393,-73.45056930468812,-73.45056930468812
878.8900246286393,-73.44971239783906,-73.44971239783906
878.9000246524811,-73.44886725570642,-73.44886725570642
878.9100246524811,-73.44803394725349,-73.44803394725349
878.9200246524811,-73.44721253371048,-73.44721253371048
878.930024652481,-73.44640307678138,-73.44640307678138
878.940024652481,-73.44560563660205,-73.44560563660205
878.950024652481,-73.44482027176663,-73.44482027176663
878.960024652481,-73.44404703932005,-73.44404703932005
878.9700246524811,-73.44328599480858,-73.44328599480858
878.9800246524811,-73.44253719230024,-73.44253719230024
878.9900246524811,-73.44180068436141,-73.44180068436141
879.0000246524811,-73.44107652212958,-73.44107652212958
879.0100246524811,-73.44036475529374,-73.44036475529374
879.0200246524811,-73.43966543213496,-73.43966543213496
879.0300246524811,-73.4389785995277,-73.4389785995277
879.0400246524811,-73.43830430296748,-73.43830430296748
879.050024652481,-73.43764258659674,-73.43764258659674
879.060024652481,-73.43699349321791,-73.43699349321791
879.070024652481,-73.4363570642919,-73.4363570642919
879.080024652481,-73.43573333997516,-73.43573333997516
879.0900246524811,-73.4351223591449,-73.4351223591449
879.1000246524811,-73.43452415940872,-73.43452415940872
879.1100246524811,-73.4339387771062,-73.4339387771062
879.1200246524811,-73.43336624734341,-73.43336624734341
879.1300246524811,-73.43280660402046,-73.43280660402046
879.1400246524811,-73.43225987981089,-73.43225987981089
879.1500246524811,-73.43172610622858,-73.43172610622858
879.1600246524811,-73.4312053135917,-73.4312053135917
879.1700246524811,-73.43069753108885,-73.43069753108885
879.180024652481,-73.43020278675642,-73.43020278675642
879.190024652481,-73.42972110751836,-73.42972110751836
879.200024652481,-73.42925251920286,-73.42925251920286
879.210024652481,-73.42879704653329,-73.42879704653329
879.2200246524811,-73.42835471317588,-73.42835471317588
879.2300246524811,-73.42792554173363,-73.42792554173363
879.2400246524811,-73.42750955376381,-73.42750955376381
879.2500246524811,-73.42710676981231,-73.42710676981231
879.2600246524811,-73.42671720940382,-73.42671720940382
879.2700246524811,-73.42634089107443,-73.42634089107443
879.2800246524811,-73.42597783237404,-73.42597783237404
879.2900246524811,-73.4256280498956,-73.4256280498956
879.300024652481,-73.42529155927792,-73.42529155927792
879.310024652481,-73.4249683752203,-73.4249683752203
879.320024652481,-73.42465851149754,-73.42465851149754
879.330024652481,-73.42436198098224,-73.42436198098224
879.3400246524811,-73.42407879564388,-73.42407879564388
879.3500246524811,-73.42380896659209,-73.42380896659209
879.3600246524811,-73.42355250404357,-73.42355250404357
879.3700246524811,-73.42330941737815,-73.42330941737815
879.3800246524811,-73.4230797151352,-73.4230797151352
879.3900246524811,-73.42286340500988,-73.42286340500988
879.4000246524811,-73.42266049389869,-73.42266049389869
879.4100246524811,-73.42247098789116,-73.42247098789116
879.4200246524811,-73.42229489229192,-73.42229489229192
879.430024652481,-73.42213221163044,-73.42213221163044
879.440024652481,-73.42198294966592,-73.42198294966592
879.450024652481,-73.42184710940607,-73.42184710940607
879.460024652481,-73.42172469311888,-73.42172469311888
879.4700246524811,-73.42161570234589,-73.42161570234589
879.4800246524811,-73.42152013791578,-73.42152013791578
879.4900246524811,-73.4214379999415,-73.4214379999415
879.5000246524811,-73.42136928785112,-73.42136928785112
879.5100246524811,-73.42131400039308,-73.42131400039308
879.5200246524811,-73.42127213562678,-73.42127213562678
879.5300246524811,-73.4212436909779,-73.4212436909779
879.5400246524811,-73.42122866319889,-73.42122866319889
879.550024652481,-73.42122704842082,-73.42122704842082
879.560024652481,-73.42123884212924,-73.42123884212924
879.570024652481,-73.42126403921031,-73.42126403921031
879.580024652481,-73.42130263392988,-73.42130263392988
879.5900246524811,-73.42135461996355,-73.42135461996355
879.6000246524811,-73.42141999038638,-73.42141999038638
879.6100246524811,-73.42149873771538,-73.42149873771538
879.6200246524811,-73.4215908538847,-73.4215908538847
879.6300246524811,-73.42169633027362,-73.42169633027362
879.6400246524811,-73.42181515771462,-73.42181515771462
879.6500246524811,-73.4219473264999,-73.4219473264999
879.6600246524811,-73.422092826383,-73.422092826383
879.6700246524811,-73.42225164661686,-73.42225164661686
879.680024652481,-73.42242377591228,-73.42242377591228
879.690024652481,-73.42260920250241,-73.42260920250241
879.700024652481,-73.42280791411154,-73.42280791411154
879.710024652481,-73.42301349591582,-73.42301349591582
879.7200246524811,-73.423223134195,-73.423223134195
879.7300246524811,-73.42343545431423,-73.42343545431423
879.7400246524811,-73.42364974745762,-73.42364974745762
879.7500246763229,-73.42386567607372,-73.42386567607372
879.7600246763229,-73.4240831185375,-73.4240831185375
879.7700246763229,-73.42430208235595,-73.42430208235595
879.7800246763229,-73.42452264813532,-73.42452264813532
879.7900246763229,-73.4247449376161,-73.4247449376161
879.8000246763229,-73.42496909418922,-73.42496909418922
879.8100246763229,-73.42519527128321,-73.42519527128321
879.820024676323,-73.42542362555824,-73.42542362555824
879.830024676323,-73.42565431301412,-73.42565431301412
879.840024676323,-73.4258874868423,-73.4258874868423
879.850024676323,-73.42612329637198,-73.42612329637198
879.860024676323,-73.42636188667551,-73.42636188667551
879.8700246763229,-73.42660339849778,-73.42660339849778
879.8800246763229,-73.42684796840685,-73.42684796840685
879.8900246763229,-73.42709572907528,-73.42709572907528
879.9000246763229,-73.42734680955515,-73.42734680955515
879.9100246763229,-73.42760133561168,-73.42760133561168
879.9200246763229,-73.42785943000376,-73.42785943000376
879.9300246763229,-73.4281212127566,-73.4281212127566
879.940024676323,-73.42838680140619,-73.42838680140619
879.950024676323,-73.42865631124228,-73.42865631124228
879.960024676323,-73.42892985544471,-73.42892985544471
879.970024676323,-73.42920754526362,-73.42920754526362
879.980024676323,-73.42948949018418,-73.42948949018418
879.990024676323,-73.42977579800058,-73.42977579800058
880.0000246763229,-73.43006657493288,-73.43006657493288
880.0100246763229,-73.43036192570517,-73.43036192570517
880.0200246763229,-73.43066195360791,-73.43066195360791
880.0300246763229,-73.4309667605589,-73.4309667605589
880.0400246763229,-73.431276447141,-73.431276447141
880.0500246763229,-73.43159111264782,-73.43159111264782
880.0600246763229,-73.43191085510063,-73.43191085510063
880.070024676323,-73.43223577127304,-73.43223577127304
880.080024676323,-73.43256595674457,-73.43256595674457
880.090024676323,-73.43290150584323,-73.43290150584323
880.100024676323,-73.43324251172838,-73.43324251172838
880.110024676323,-73.433589066351,-73.433589066351
880.1200246763229,-73.43394126048318,-73.43394126048318
880.1300246763229,-73.43429918370504,-73.43429918370504
880.1400246763229,-73.4346629244332,-73.4346629244332
880.1500246763229,-73.43503256989135,-73.43503256989135
880.1600246763229,-73.43540820612908,-73.43540820612908
880.1700246763229,-73.43578991801566,-73.43578991801566
880.1800246763229,-73.43617778923684,-73.43617778923684
880.190024676323,-73.43657190229386,-73.43657190229386
880.200024676323,-73.43697233852268,-73.43697233852268
880.210024676323,-73.43737917805471,-73.43737917805471
880.220024676323,-73.43779249985211,-73.43779249985211
880.230024676323,-73.43821238168151,-73.43821238168151
880.240024676323,-73.43863890012135,-73.43863890012135
880.2500246763229,-73.43907213056892,-73.43907213056892
880.2600246763229,-73.43951214723153,-73.43951214723153
880.2700246763229,-73.43995902312922,-73.43995902312922
880.2800246763229,-73.44041283009588,-73.44041283009588
880.2900246763229,-73.44087363877803,-73.44087363877803
880.3000246763229,-73.44134151863248,-73.44134151863248
880.3100246763229,-73.44181653793636,-73.44181653793636
880.320024676323,-73.44229876379282,-73.44229876379282
880.330024676323,-73.44278826212384,-73.44278826212384
880.340024676323,-73.44328509766305,-73.44328509766305
880.350024676323,-73.44378933398085,-73.44378933398085
880.360024676323,-73.44430103348144,-73.44430103348144
880.3700246763229,-73.44482025739838,-73.44482025739838
880.3800246763229,-73.44534706581167,-73.44534706581167
880.3900246763229,-73.44588151763432,-73.44588151763432
880.4000246763229,-73.44642367063238,-73.44642367063238
880.4100246763229,-73.44697358143819,-73.44697358143819
880.4200246763229,-73.44753130553619,-73.44753130553619
880.4300246763229,-73.44809689727049,-73.44809689727049
880.440024676323,-73.44867040987195,-73.44867040987195
880.450024676323,-73.44925189545116,-73.44925189545116
880.460024676323,-73.44984140499649,-73.44984140499649
880.470024676323,-73.45043898839387,-73.45043898839387
880.480024676323,-73.45104469442839,-73.45104469442839
880.490024676323,-73.45165857080956,-73.45165857080956
880.5000246763229,-73.45228066414239,-73.45228066414239
880.5100246763229,-73.45291101997381,-73.45291101997381
880.5200246763229,-73.45354968278457,-73.45354968278457
880.5300246763229,-73.45419669599693,-73.45419669599693
880.5400246763229,-73.4548521019714,-73.4548521019714
880.5500246763229,-73.4555159420496,-73.4555159420496
880.5600246763229,-73.45618825652828,-73.45618825652828
880.570024676323,-73.45686908468936,-73.45686908468936
880.580024676323,-73.45755846480805,-73.45755846480805
880.590024676323,-73.45825643415081,-73.45825643415081
880.6000247001648,-73.45896303067514,-73.45896303067514
880.6100247001648,-73.45967828633572,-73.45967828633572
880.6200247001648,-73.4604022370982,-73.4604022370982
880.6300247001648,-73.46113491632673,-73.46113491632673
880.6400247001648,-73.46187635642117,-73.46187635642117
880.6500247001647,-73.46262658883894,-73.46262658883894
880.6600247001647,-73.4633856441093,-73.4633856441093
880.6700247001648,-73.4641535518259,-73.4641535518259
880.6800247001648,-73.46493034069347,-73.46493034069347
880.6900247001648,-73.46571603849412,-73.46571603849412
880.7000247001648,-73.46651067212484,-73.46651067212484
880.7100247001648,-73.46731426759159,-73.46731426759159
880.7200247001648,-73.46812685003019,-73.46812685003019
880.7300247001648,-73.46894844373351,-73.46894844373351
880.7400247001648,-73.46977907211297,-73.46977907211297
880.7500247001648,-73.47061875775576,-73.47061875775576
880.7600247001648,-73.4714675224145,-73.4714675224145
880.7700247001648,-73.47232538701803,-73.47232538701803
880.7800247001647,-73.47319237169249,-73.47319237169249
880.7900247001648,-73.47406849575162,-73.47406849575162
880.8000247001648,-73.47495377773281,-73.47495377773281
880.8100247001648,-73.47584823537628,-73.47584823537628
880.8200247001648,-73.47675188565881,-73.47675188565881
880.8300247001648,-73.47766474480362,-73.47766474480362
880.8400247001648,-73.47858682826347,-73.47858682826347
880.8500247001648,-73.47951815077762,-73.47951815077762
880.8600247001648,-73.48045872633244,-73.48045872633244
880.8700247001648,-73.48140856820737,-73.48140856820737
880.8800247001648,-73.48236768895683,-73.48236768895683
880.8900247001648,-73.48333610044112,-73.48333610044112
880.9000247001647,-73.48431381383526,-73.48431381383526
880.9100247001647,-73.48530083962162,-73.48530083962162
880.9200247001648,-73.48629718760556,-73.48629718760556
880.9300247001648,-73.4873028669508,-73.4873028669508
880.9400247001648,-73.48831788614504,-73.48831788614504
880.9500247001648,-73.48934225303242,-73.48934225303242
880.9600247001648,-73.49037597482945,-73.49037597482945
880.9700247001648,-73.49141905812996,-73.49141905812996
880.9800247001648,-73.49247150890021,-73.49247150890021
880.9900247001648,-73.49353333250315,-73.49353333250315
881.0000247001648,-73.49460453369524,-73.49460453369524
881.0100247001648,-73.49568511665814,-73.49568511665814
881.0200247001648,-73.4967750849741,-73.4967750849741
881.0300247001647,-73.49787444165732,-73.49787444165732
881.0400247001648,-73.49898318916588,-73.49898318916588
881.0500247001648,-73.50010132939116,-73.50010132939116
881.0600247001648,-73.50122886368531,-73.50122886368531
881.0700247001648,-73.50236579284568,-73.50236579284568
881.0800247001648,-73.50351211715794,-73.50351211715794
881.0900247001648,-73.50466783636777,-73.50466783636777
881.1000247001648,-73.50583294971861,-73.50583294971861
881.1100247001648,-73.50700745595262,-73.50700745595262
881.1200247001648,-73.50819135327866,-73.50819135327866
881.1300247001648,-73.50938463945846,-73.50938463945846
881.1400247001648,-73.5105873117436,-73.5105873117436
881.1500247001647,-73.5117993669151,-73.5117993669151
881.1600247001647,-73.51302080128521,-73.51302080128521
881.1700247001648,-73.51425161070823,-73.51425161070823
881.1800247001648,-73.5154917905887,-73.5154917905887
881.1900247001648,-73.51674133586666,-73.51674133586666
881.2000247001648,-73.5180002410725,-73.5180002410725
881.2100247001648,-73.51926850028323,-73.51926850028323
881.2200247001648,-73.52054610714886,-73.52054610714886
881.2300247001648,-73.52183305492449,-73.52183305492449
881.2400247001648,-73.52312933643212,-73.52312933643212
881.2500247001648,-73.5244349441024,-73.5244349441024
881.2600247001648,-73.52574986995668,-73.52574986995668
881.2700247001648,-73.52707410563913,-73.52707410563913
881.2800247001647,-73.52840764240392,-73.52840764240392
881.2900247001648,-73.5297504711239,-73.5297504711239
881.3000247001648,-73.53110258231204,-73.53110258231204
881.3100247001648,-73.53246396609961,-73.53246396609961
881.3200247001648,-73.53383461227715,-73.53383461227715
881.3300247001648,-73.5352145102773,-73.5352145102773
881.3400247001648,-73.53660364917992,-73.53660364917992
881.3500247001648,-73.53800201772623,-73.53800201772623
881.3600247001648,-73.53940960432507,-73.53940960432507
881.3700247001648,-73.54082639705891,-73.54082639705891
881.3800247001648,-73.54225238368842,-73.54225238368842
881.3900247001648,-73.543687551656,-73.543687551656
881.4000247001647,-73.54513188808188,-73.54513188808188
881.4100247001647,-73.54658537979788,-73.54658537979788
881.4200247001648,-73.54804801332264,-73.54804801332264
881.4300247001648,-73.54951977488342,-73.54951977488342
881.4400247001648,-73.5510006504306,-73.5510006504306
881.4500247240067,-73.55249062916297,-73.55249062916297
881.4600247240066,-73.553989689382,-73.553989689382
881.4700247240066,-73.5554978197098,-73.5554978197098
881.4800247240066,-73.55701500497334,-73.55701500497334
881.4900247240066,-73.55854122975036,-73.55854122975036
881.5000247240066,-73.56007647834149,-73.56007647834149
881.5100247240066,-73.56162073481723,-73.56162073481723
881.5200247240067,-73.5631739829634,-73.5631739829634
881.5300247240067,-73.56473620635107,-73.56473620635107
881.5400247240067,-73.56630738830857,-73.56630738830857
881.5500247240067,-73.56788751190497,-73.56788751190497
881.5600247240067,-73.56947656000958,-73.56947656000958
881.5700247240067,-73.57107451523905,-73.57107451523905
881.5800247240066,-73.57268135999861,-73.57268135999861
881.5900247240066,-73.574297076484,-73.574297076484
881.6000247240066,-73.57592164666647,-73.57592164666647
881.6100247240066,-73.57755505231553,-73.57755505231553
881.6200247240066,-73.57919727498101,-73.57919727498101
881.6300247240066,-73.58084829602853,-73.58084829602853
881.6400247240067,-73.58250809661119,-73.58250809661119
881.6500247240067,-73.58417665770881,-73.58417665770881
881.6600247240067,-73.58585396009555,-73.58585396009555
881.6700247240067,-73.5875399843682,-73.5875399843682
881.6800247240067,-73.58923471093881,-73.58923471093881
881.6900247240067,-73.59093812004075,-73.59093812004075
881.7000247240067,-73.59265019172976,-73.59265019172976
881.7100247240066,-73.59437090590772,-73.59437090590772
881.7200247240066,-73.5961002423017,-73.5961002423017
881.7300247240066,-73.59783818046014,-73.59783818046014
881.7400247240066,-73.59958469979308,-73.59958469979308
881.7500247240066,-73.6013397795417,-73.6013397795417
881.7600247240066,-73.60310339879872,-73.60310339879872
881.7700247240067,-73.60487553650859,-73.60487553650859
881.7800247240067,-73.60665617146961,-73.60665617146961
881.7900247240067,-73.60844528233578,-73.60844528233578
881.8000247240067,-73.61024284762108,-73.61024284762108
881.8100247240067,-73.61204884570222,-73.61204884570222
881.8200247240067,-73.61386325482464,-73.61386325482464
881.8300247240066,-73.61568605310208,-73.61568605310208
881.8400247240066,-73.61751721852323,-73.61751721852323
881.8500247240066,-73.61935672894734,-73.61935672894734
881.8600247240066,-73.62120456211815,-73.62120456211815
881.8700247240066,-73.62306069565312,-73.62306069565312
881.8800247240066,-73.62492510706649,-73.62492510706649
881.8900247240067,-73.62679777374512,-73.62679777374512
881.9000247240067,-73.62867867298165,-73.62867867298165
881.9100247240067,-73.63056778194321,-73.63056778194321
881.9200247240067,-73.6324650777137,-73.6324650777137
881.9300247240067,-73.63437053724998,-73.63437053724998
881.9400247240067,-73.63628413742809,-73.63628413742809
881.9500247240067,-73.63820585502343,-73.63820585502343
881.9600247240066,-73.64013566670786,-73.64013566670786
881.9700247240066,-73.64207354908012,-73.64207354908012
881.9800247240066,-73.64401947863027,-73.64401947863027
881.9900247240066,-73.64597343177826,-73.64597343177826
882.0000247240066,-73.64793538484136,-73.64793538484136
882.0100247240066,-73.64990531406181,-73.64990531406181
882.0200247240067,-73.65188319560603,-73.65188319560603
882.0300247240067,-73.65386900557351,-73.65386900557351
882.0400247240067,-73.65586271996274,-73.65586271996274
882.0500247240067,-73.65786431471406,-73.65786431471406
882.0600247240067,-73.65987376569294,-73.65987376569294
882.0700247240067,-73.66189104870708,-73.66189104870708
882.0800247240066,-73.66391613947707,-73.66391613947707
882.0900247240066,-73.6659490136721,-73.6659490136721
882.1000247240066,-73.66798964690317,-73.66798964690317
882.1100247240066,-73.6700380147056,-73.6700380147056
882.1200247240066,-73.67209409256868,-73.67209409256868
882.1300247240066,-73.67415785592492,-73.67415785592492
882.1400247240067,-73.67622928014033,-73.67622928014033
882.1500247240067,-73.67830834054558,-73.67830834054558
882.1600247240067,-73.68039501239882,-73.68039501239882
882.1700247240067,-73.68248927093292,-73.68248927093292
882.1800247240067,-73.68459109131808,-73.68459109131808
882.1900247240067,-73.68670044868121,-73.68670044868121
882.2000247240067,-73.6888173180995,-73.6888173180995
882.2100247240066,-73.69093524450894,-73.69093524450894
882.2200247240066,-73.69305138551124,-73.69305138551124
882.2300247240066,-73.69516434291282,-73.69516434291282
882.2400247240066,-73.69727338703211,-73.69727338703211
882.2500247240066,-73.69937816068172,-73.69937816068172
882.2600247240066,-73.70147852547551,-73.70147852547551
882.2700247240067,-73.703574471714,-73.703574471714
882.2800247240067,-73.70566606429888,-73.70566606429888
882.2900247240067,-73.70775341015387,-73.70775341015387
882.3000247478485,-73.7098366436438,-73.7098366436438
882.3100247478485,-73.71191589512047,-73.71191589512047
882.3200247478485,-73.71399131382785,-73.71399131382785
882.3300247478485,-73.71606304412272,-73.71606304412272
882.3400247478485,-73.71813122825886,-73.71813122825886
882.3500247478485,-73.72019600532933,-73.72019600532933
882.3600247478485,-73.72225751082614,-73.72225751082614
882.3700247478486,-73.72431587653554,-73.72431587653554
882.3800247478486,-73.72637123069404,-73.72637123069404
882.3900247478485,-73.7284236982067,-73.7284236982067
882.4000247478485,-73.73047340094969,-73.73047340094969
882.4100247478485,-73.7325204580532,-73.7325204580532
882.4200247478485,-73.73456498615387,-73.73456498615387
882.4300247478485,-73.7366070996878,-73.7366070996878
882.4400247478485,-73.73864691109048,-73.73864691109048
882.4500247478485,-73.74068453100925,-73.74068453100925
882.4600247478485,-73.74272006846492,-73.74272006846492
882.4700247478485,-73.74475363101281,-73.74475363101281
882.4800247478485,-73.74678532484684,-73.74678532484684
882.4900247478486,-73.7488152549019,-73.7488152549019
882.5000247478486,-73.75084352497674,-73.75084352497674
882.5100247478485,-73.75287023773508,-73.75287023773508
882.5200247478485,-73.75489549482634,-73.75489549482634
882.5300247478485,-73.75691939689213,-73.75691939689213
882.5400247478485,-73.75894204361553,-73.75894204361553
882.5500247478485,-73.76096353374791,-73.76096353374791
882.5600247478485,-73.76298396511325,-73.76298396511325
882.5700247478485,-73.76500343465105,-73.76500343465105
882.5800247478485,-73.76702203839686,-73.76702203839686
882.5900247478485,-73.76903987150965,-73.76903987150965
882.6000247478485,-73.77105702826272,-73.77105702826272
882.6100247478485,-73.77307360204321,-73.77307360204321
882.6200247478486,-73.77508968535616,-73.77508968535616
882.6300247478486,-73.77710536984242,-73.77710536984242
882.6400247478485,-73.77912074620819,-73.77912074620819
882.6500247478485,-73.78113590429734,-73.78113590429734
882.6600247478485,-73.78315093303627,-73.78315093303627
882.6700247478485,-73.78516592043391,-73.78516592043391
882.6800247478485,-73.78718095359577,-73.78718095359577
882.6900247478485,-73.78919611869678,-73.78919611869678
882.7000247478485,-73.79121150097099,-73.79121150097099
882.7100247478485,-73.79322718473918,-73.79322718473918
882.7200247478485,-73.79524325334535,-73.79524325334535
882.7300247478485,-73.79725978920538,-73.79725978920538
882.7400247478486,-73.79927687376005,-73.79927687376005
882.7500247478486,-73.8012945875035,-73.8012945875035
882.7600247478485,-73.80331300994587,-73.80331300994587
882.7700247478485,-73.80533221963492,-73.80533221963492
882.7800247478485,-73.80735229412485,-73.80735229412485
882.7900247478485,-73.809373310012,-73.809373310012
882.8000247478485,-73.8113953428844,-73.8113953428844
882.8100247478485,-73.81341846735334,-73.81341846735334
882.8200247478485,-73.81544275703814,-73.81544275703814
882.8300247478485,-73.81746828456144,-73.81746828456144
882.8400247478485,-73.8194951215609,-73.8194951215609
882.8500247478485,-73.82152333867428,-73.82152333867428
882.8600247478485,-73.82355300553894,-73.82355300553894
882.8700247478486,-73.82558419079716,-73.82558419079716
882.8800247478486,-73.82761696211047,-73.82761696211047
882.8900247478485,-73.82965138613747,-73.82965138613747
882.9000247478485,-73.83168752854061,-73.83168752854061
882.9100247478485,-73.8337254540051,-73.8337254540051
882.9200247478485,-73.83576522621131,-73.83576522621131
882.9300247478485,-73.83780690786351,-73.83780690786351
882.9400247478485,-73.83985056067834,-73.83985056067834
882.9500247478485,-73.84189624539934,-73.84189624539934
882.9600247478485,-73.84393757851149,-73.84393757851149
882.9700247478485,-73.84597179539887,-73.84597179539887
882.9800247478485,-73.84799757757357,-73.84799757757357
882.9900247478486,-73.85001427544876,-73.85001427544876
883.0000247478486,-73.85202161176956,-73.85202161176956
883.0100247478485,-73.85401952758964,-73.85401952758964
883.0200247478485,-73.85600809206193,-73.85600809206193
883.0300247478485,-73.85798744818204,-73.85798744818204
883.0400247478485,-73.85995778025047,-73.85995778025047
883.0500247478485,-73.86191929424793,-73.86191929424793
883.0600247478485,-73.86387220620328,-73.86387220620328
883.0700247478485,-73.86581673532129,-73.86581673532129
883.0800247478485,-73.8677531000643,-73.8677531000643
883.0900247478485,-73.86968151597385,-73.86968151597385
883.1000247478485,-73.87160219460343,-73.87160219460343
883.1100247478485,-73.87351534303828,-73.87351534303828
883.1200247478486,-73.87542116387452,-73.87542116387452
883.1300247478486,-73.87731985531342,-73.87731985531342
883.1400247478485,-73.87921161141799,-73.87921161141799
883.1500247716904,-73.88109662686347,-73.88109662686347
883.1600247716904,-73.88297507929677,-73.88297507929677
883.1700247716904,-73.8848471565829,-73.8848471565829
883.1800247716903,-73.88671303904489,-73.88671303904489
883.1900247716903,-73.88857290421168,-73.88857290421168
883.2000247716903,-73.89042692703961,-73.89042692703961
883.2100247716903,-73.89227528005834,-73.89227528005834
883.2200247716904,-73.8941181335305,-73.8941181335305
883.2300247716904,-73.89595565560288,-73.89595565560288
883.2400247716904,-73.8977880123826,-73.8977880123826
883.2500247716904,-73.89961536804954,-73.89961536804954
883.2600247716904,-73.9014378849183,-73.9014378849183
883.2700247716904,-73.90325572350895,-73.90325572350895
883.2800247716904,-73.90506904259614,-73.90506904259614
883.2900247716904,-73.90687799924216,-73.90687799924216
883.3000247716903,-73.90868274884166,-73.90868274884166
883.3100247716903,-73.91048344513895,-73.91048344513895
883.3200247716903,-73.912280240263,-73.912280240263
883.3300247716903,-73.91407328472121,-73.91407328472121
883.3400247716904,-73.9158627274302,-73.9158627274302
883.3500247716904,-73.91764871571905,-73.91764871571905
883.3600247716904,-73.9194313953425,-73.9194313953425
883.3700247716904,-73.92121091047193,-73.92121091047193
883.3800247716904,-73.92298740371177,-73.92298740371177
883.3900247716904,-73.92476101609158,-73.92476101609158
883.4000247716904,-73.92653188708799,-73.92653188708799
883.4100247716904,-73.92830015459494,-73.92830015459494
883.4200247716904,-73.93006595495277,-73.93006595495277
883.4300247716903,-73.9318294229262,-73.9318294229262
883.4400247716903,-73.93359069170715,-73.93359069170715
883.4500247716903,-73.93534989293636,-73.93534989293636
883.4600247716903,-73.93710715667346,-73.93710715667346
883.4700247716904,-73.93886261142276,-73.93886261142276
883.4800247716904,-73.94061638411809,-73.94061638411809
883.4900247716904,-73.94236860012006,-73.94236860012006
883.5000247716904,-73.94411938323897,-73.94411938323897
883.5100247716904,-73.94586885570038,-73.94586885570038
883.5200247716904,-73.94761713819665,-73.94761713819665
883.5300247716904,-73.94936434984119,-73.94936434984119
883.5400247716904,-73.95111060819828,-73.95111060819828
883.5500247716903,-73.95285602929205,-73.95285602929205
883.5600247716903,-73.95460072757294,-73.95460072757294
883.5700247716903,-73.95634481596464,-73.95634481596464
883.5800247716903,-73.95808840585731,-73.95808840585731
883.5900247716904,-73.95983160708556,-73.95983160708556
883.6000247716904,-73.96157452797789,-73.96157452797789
883.6100247716904,-73.9633172753307,-73.9633172753307
883.6200247716904,-73.96505995442405,-73.96505995442405
883.6300247716904,-73.96680266902867,-73.96680266902867
883.6400247716904,-73.96854552141666,-73.96854552141666
883.6500247716904,-73.97028861236828,-73.97028861236828
883.6600247716904,-73.97203204117021,-73.97203204117021
883.6700247716904,-73.97377590563579,-73.97377590563579
883.6800247716903,-73.97552030210916,-73.97552030210916
883.6900247716903,-73.97726532549034,-73.97726532549034
883.7000247716903,-73.97901106920705,-73.97901106920705
883.7100247716903,-73.98075762525832,-73.98075762525832
883.7200247716904,-73.98250508420473,-73.98250508420473
883.7300247716904,-73.98425353520699,-73.98425353520699
883.7400247716904,-73.98600306599364,-73.98600306599364
883.7500247716904,-73.98775376290648,-73.98775376290648
883.7600247716904,-73.9895057108892,-73.9895057108892
883.7700247716904,-73.99125899352829,-73.99125899352829
883.7800247716904,-73.99301369301969,-73.99301369301969
883.7900247716904,-73.994769890236,-73.994769890236
883.8000247716903,-73.99652766467955,-73.99652766467955
883.8100247716903,-73.99828709453786,-73.99828709453786
883.8200247716903,-74.00004825667037,-74.00004825667037
883.8300247716903,-74.00181122664034,-74.00181122664034
883.8400247716904,-74.00357607870428,-74.00357607870428
883.8500247716904,-74.00534288586367,-74.00534288586367
883.8600247716904,-74.0071117198171,-74.0071117198171
883.8700247716904,-74.00888265102972,-74.00888265102972
883.8800247716904,-74.01065574871191,-74.01065574871191
883.8900247716904,-74.01243108084233,-74.01243108084233
883.9000247716904,-74.01420871418549,-74.01420871418549
883.9100247716904,-74.01598871429913,-74.01598871429913
883.9200247716904,-74.01777114553884,-74.01777114553884
883.9300247716903,-74.01955607109917,-74.01955607109917
883.9400247716903,-74.0213435529802,-74.0213435529802
883.9500247716903,-74.02313365205084,-74.02313365205084
883.9600247716903,-74.02492642801744,-74.02492642801744
883.9700247716904,-74.02672193946674,-74.02672193946674
883.9800247716904,-74.02852024387161,-74.02852024387161
883.9900247716904,-74.03032139760289,-74.03032139760289
884.0000247955322,-74.03212546021967,-74.03212546021967
884.0100247955322,-74.03393247733807,-74.03393247733807
884.0200247955322,-74.03574250636883,-74.03574250636883
884.0300247955322,-74.03755559939486,-74.03755559939486
884.0400247955322,-74.03937180743748,-74.03937180743748
884.0500247955322,-74.04119118052208,-74.04119118052208
884.0600247955322,-74.04301376762326,-74.04301376762326
884.0700247955323,-74.04483961673309,-74.04483961673309
884.0800247955323,-74.04666877484748,-74.04666877484748
884.0900247955323,-74.048501287983,-74.048501287983
884.1000247955322,-74.05033720118773,-74.05033720118773
884.1100247955322,-74.05217655856234,-74.05217655856234
884.1200247955322,-74.05401940324998,-74.05401940324998
884.1300247955322,-74.05586577749084,-74.05586577749084
884.1400247955322,-74.0577157225788,-74.0577157225788
884.1500247955322,-74.05956927891822,-74.05956927891822
884.1600247955322,-74.06142648600837,-74.06142648600837
884.1700247955322,-74.06328738247251,-74.06328738247251
884.1800247955322,-74.06515200606314,-74.06515200606314
884.1900247955323,-74.06702039366131,-74.06702039366131
884.2000247955323,-74.06889258131815,-74.06889258131815
884.2100247955323,-74.07076214151259,-74.07076214151259
884.2200247955323,-74.07262627671018,-74.07262627671018
884.2300247955322,-74.07448364000534,-74.07448364000534
884.2400247955322,-74.07633355555377,-74.07633355555377
884.2500247955322,-74.07817572108368,-74.07817572108368
884.2600247955322,-74.0800100534817,-74.0800100534817
884.2700247955322,-74.08183659824508,-74.08183659824508
884.2800247955322,-74.08365547516789,-74.08365547516789
884.2900247955322,-74.08546684559411,-74.08546684559411
884.3000247955322,-74.08727089282546,-74.08727089282546
884.3100247955322,-74.08906781043467,-74.08906781043467
884.3200247955323,-74.0908577953673,-74.0908577953673
884.3300247955323,-74.09264104404028,-74.09264104404028
884.3400247955323,-74.09441775012864,-74.09441775012864
884.3500247955322,-74.09618810349697,-74.09618810349697
884.3600247955322,-74.09795228977542,-74.09795228977542
884.3700247955322,-74.09971049028611,-74.09971049028611
884.3800247955322,-74.10146288213924,-74.10146288213924
884.3900247955322,-74.10320963852922,-74.10320963852922
884.4000247955322,-74.1049509289799,-74.1049509289799
884.4100247955322,-74.10668691968067,-74.10668691968067
884.4200247955322,-74.10841777372465,-74.10841777372465
884.4300247955322,-74.11014365141266,-74.11014365141266
884.4400247955323,-74.11186471045524,-74.11186471045524
884.4500247955323,-74.11358110619105,-74.11358110619105
884.4600247955323,-74.11529299177228,-74.11529299177228
884.4700247955323,-74.11700051829338,-74.11700051829338
884.4800247955322,-74.1187038349425,-74.1187038349425
884.4900247955322,-74.12040308909872,-74.12040308909872
884.5000247955322,-74.12209842642694,-74.12209842642694
884.5100247955322,-74.1237899909498,-74.1237899909498
884.5200247955322,-74.12547792512589,-74.12547792512589
884.5300247955322,-74.1271623698618,-74.1271623698618
884.5400247955322,-74.12884346459205,-74.12884346459205
884.5500247955322,-74.13052134729998,-74.13052134729998
884.5600247955322,-74.13219615453204,-74.13219615453204
884.5700247955323,-74.1338680214306,-74.1338680214306
884.5800247955323,-74.13553708173991,-74.13553708173991
884.5900247955323,-74.13720346784335,-74.13720346784335
884.6000247955322,-74.13886731073197,-74.13886731073197
884.6100247955322,-74.14052874002904,-74.14052874002904
884.6200247955322,-74.14218788401041,-74.14218788401041
884.6300247955322,-74.1438448695872,-74.1438448695872
884.6400247955322,-74.14549982230443,-74.14549982230443
884.6500247955322,-74.14715286635959,-74.14715286635959
884.6600247955322,-74.14880412457943,-74.14880412457943
884.6700247955322,-74.15045371843476,-74.15045371843476
884.6800247955322,-74.15210176802876,-74.15210176802876
884.6900247955323,-74.15374839210546,-74.15374839210546
884.7000247955323,-74.15539370804471,-74.15539370804471
884.7100247955323,-74.15703783185218,-74.15703783185218
884.7200247955323,-74.15868087816638,-74.15868087816638
884.7300247955322,-74.160322960267,-74.160322960267
884.7400247955322,-74.16196419003441,-74.16196419003441
884.7500247955322,-74.16360467800153,-74.16360467800153
884.7600247955322,-74.16524453332124,-74.16524453332124
884.7700247955322,-74.16688386377405,-74.16688386377405
884.7800247955322,-74.16852277576079,-74.16852277576079
884.7900247955322,-74.17016137432627,-74.17016137432627
884.8000247955322,-74.17179976313894,-74.17179976313894
884.8100247955322,-74.17343804450427,-74.17343804450427
884.8200247955323,-74.17507631934622,-74.17507631934622
884.8300247955323,-74.17671468724838,-74.17671468724838
884.8400247955323,-74.17835324642226,-74.17835324642226
884.8500248193741,-74.17999209763498,-74.17999209763498
884.8600248193741,-74.18163132860074,-74.18163132860074
884.8700248193741,-74.18327103736264,-74.18327103736264
884.8800248193741,-74.18491131675414,-74.18491131675414
884.890024819374,-74.18655225825769,-74.18655225825769
884.900024819374,-74.18819395203299,-74.18819395203299
884.910024819374,-74.18983648690791,-74.18983648690791
884.9200248193741,-74.19147995038998,-74.19147995038998
884.9300248193741,-74.19312442869781,-74.19312442869781
884.9400248193741,-74.19477000671789,-74.19477000671789
884.9500248193741,-74.19641676805831,-74.19641676805831
884.9600248193741,-74.1980647950343,-74.1980647950343
884.9700248193741,-74.19971416868121,-74.19971416868121
884.9800248193741,-74.20136496875881,-74.20136496875881
884.9900248193741,-74.20301727376935,-74.20301727376935
885.0000248193741,-74.20467116095925,-74.20467116095925
885.010024819374,-74.20632670632118,-74.20632670632118
885.020024819374,-74.20798398462317,-74.20798398462317
885.030024819374,-74.20964306940253,-74.20964306940253
885.0400248193741,-74.21130403297383,-74.21130403297383
885.0500248193741,-74.21296694646136,-74.21296694646136
885.0600248193741,-74.21463187977358,-74.21463187977358
885.0700248193741,-74.21629890163577,-74.21629890163577
885.0800248193741,-74.21796807960312,-74.21796807960312
885.0900248193741,-74.21963948005768,-74.21963948005768
885.1000248193741,-74.22131316823531,-74.22131316823531
885.1100248193741,-74.22298920821974,-74.22298920821974
885.1200248193741,-74.22466766296378,-74.22466766296378
885.1300248193741,-74.22634859428543,-74.22634859428543
885.140024819374,-74.22803206290207,-74.22803206290207
885.150024819374,-74.2297181284284,-74.2297181284284
885.160024819374,-74.2314068493831,-74.2314068493831
885.1700248193741,-74.23309828320886,-74.23309828320886
885.1800248193741,-74.23479248628732,-74.23479248628732
885.1900248193741,-74.23648951393348,-74.23648951393348
885.2000248193741,-74.23818942041524,-74.23818942041524
885.2100248193741,-74.23988578178792,-74.23988578178792
885.2200248193741,-74.24157581216619,-74.24157581216619
885.2300248193741,-74.24325817936592,-74.24325817936592
885.2400248193741,-74.24493222355059,-74.24493222355059
885.2500248193741,-74.24659765911383,-74.24659765911383
885.260024819374,-74.2482544198833,-74.2482544198833
885.270024819374,-74.249902568401,-74.249902568401
885.280024819374,-74.2515422414645,-74.2515422414645
885.2900248193741,-74.2531736173175,-74.2531736173175
885.3000248193741,-74.25479689603625,-74.25479689603625
885.3100248193741,-74.25641228777745,-74.25641228777745
885.3200248193741,-74.25802000589452,-74.25802000589452
885.3300248193741,-74.25962026300247,-74.25962026300247
885.3400248193741,-74.26121326879158,-74.26121326879158
885.3500248193741,-74.26279922895864,-74.26279922895864
885.3600248193741,-74.26437834474486,-74.26437834474486
885.3700248193741,-74.26595081287313,-74.26595081287313
885.3800248193741,-74.26751682569784,-74.26751682569784
885.390024819374,-74.26907657143063,-74.26907657143063
885.400024819374,-74.27063023443586,-74.27063023443586
885.410024819374,-74.27217799553794,-74.27217799553794
885.4200248193741,-74.27372003228726,-74.27372003228726
885.4300248193741,-74.27525651926307,-74.27525651926307
885.4400248193741,-74.27678762824307,-74.27678762824307
885.4500248193741,-74.2783135284733,-74.2783135284733
885.4600248193741,-74.27983438681407,-74.27983438681407
885.4700248193741,-74.2813503679035,-74.2813503679035
885.4800248193741,-74.28286163428507,-74.28286163428507
885.4900248193741,-74.28436834651546,-74.28436834651546
885.5000248193741,-74.28587066327465,-74.28587066327465
885.510024819374,-74.28736874141777,-74.28736874141777
885.520024819374,-74.28886273605006,-74.28886273605006
885.530024819374,-74.2903528005828,-74.2903528005828
885.5400248193741,-74.2918390867668,-74.2918390867668
885.5500248193741,-74.29332174474779,-74.29332174474779
885.5600248193741,-74.29480092305735,-74.29480092305735
885.5700248193741,-74.29627676866589,-74.29627676866589
885.5800248193741,-74.29774942698988,-74.29774942698988
885.5900248193741,-74.29921904190432,-74.29921904190432
885.6000248193741,-74.3006857557457,-74.3006857557457
885.6100248193741,-74.30214970934664,-74.30214970934664
885.6200248193741,-74.30361104200188,-74.30361104200188
885.6300248193741,-74.30506989149815,-74.30506989149815
885.640024819374,-74.306526394122,-74.306526394122
885.650024819374,-74.3079806846305,-74.3079806846305
885.660024819374,-74.30943289628573,-74.30943289628573
885.6700248193741,-74.31088316083525,-74.31088316083525
885.6800248193741,-74.31233160852204,-74.31233160852204
885.6900248193741,-74.31377836808146,-74.31377836808146
885.7000248432159,-74.31522357017448,-74.31522357017448
885.7100248432159,-74.31666733363171,-74.31666733363171
885.7200248432159,-74.31810978610035,-74.31810978610035
885.7300248432159,-74.31955105027646,-74.31955105027646
885.7400248432159,-74.32099124734859,-74.32099124734859
885.7500248432159,-74.32243049699548,-74.32243049699548
885.7600248432159,-74.32386891739178,-74.32386891739178
885.770024843216,-74.32530662520801,-74.32530662520801
885.780024843216,-74.3267437356221,-74.3267437356221
885.790024843216,-74.32818036229516,-74.32818036229516
885.800024843216,-74.32961661740646,-74.32961661740646
885.810024843216,-74.33105261163321,-74.33105261163321
885.820024843216,-74.33248845416927,-74.33248845416927
885.8300248432159,-74.33392425271455,-74.33392425271455
885.8400248432159,-74.33536011349726,-74.33536011349726
885.8500248432159,-74.33679614127094,-74.33679614127094
885.8600248432159,-74.33823243931712,-74.33823243931712
885.8700248432159,-74.33966910945557,-74.33966910945557
885.8800248432159,-74.34110625204617,-74.34110625204617
885.890024843216,-74.34254396599967,-74.34254396599967
885.900024843216,-74.34398234879126,-74.34398234879126
885.910024843216,-74.34542149645577,-74.34542149645577
885.920024843216,-74.34686150360105,-74.34686150360105
885.930024843216,-74.34830246341606,-74.34830246341606
885.940024843216,-74.3497444676689,-74.3497444676689
885.9500248432159,-74.35118760674733,-74.35118760674733
885.9600248432159,-74.35263196962973,-74.35263196962973
885.9700248432159,-74.35407764391324,-74.35407764391324
885.9800248432159,-74.35552471582973,-74.35552471582973
885.9900248432159,-74.3569732702436,-74.3569732702436
886.0000248432159,-74.35842339066856,-74.35842339066856
886.0100248432159,-74.35987515926472,-74.35987515926472
886.020024843216,-74.36132865686713,-74.36132865686713
886.030024843216,-74.36278396299784,-74.36278396299784
886.040024843216,-74.36424115585451,-74.36424115585451
886.050024843216,-74.3657003123441,-74.3657003123441
886.060024843216,-74.3671615080732,-74.3671615080732
886.070024843216,-74.36862481738841,-74.36862481738841
886.0800248432159,-74.37009031335549,-74.37009031335549
886.0900248432159,-74.3715580677948,-74.3715580677948
886.1000248432159,-74.37302815128359,-74.37302815128359
886.1100248432159,-74.3745006331688,-74.3745006331688
886.1200248432159,-74.37597558157978,-74.37597558157978
886.1300248432159,-74.37745306343012,-74.37745306343012
886.140024843216,-74.37893314444695,-74.37893314444695
886.150024843216,-74.38041588918361,-74.38041588918361
886.160024843216,-74.38190136100631,-74.38190136100631
886.170024843216,-74.38338962213322,-74.38338962213322
886.180024843216,-74.38488073363888,-74.38488073363888
886.190024843216,-74.38637475545562,-74.38637475545562
886.2000248432159,-74.38787174639135,-74.38787174639135
886.2100248432159,-74.38936527431161,-74.38936527431161
886.2200248432159,-74.39085255242078,-74.39085255242078
886.2300248432159,-74.39233225048005,-74.39233225048005
886.2400248432159,-74.39380371184858,-74.39380371184858
886.2500248432159,-74.39526665480315,-74.39526665480315
886.2600248432159,-74.39672101740646,-74.39672101740646
886.270024843216,-74.39816686660636,-74.39816686660636
886.280024843216,-74.39960434367575,-74.39960434367575
886.290024843216,-74.40103363133257,-74.40103363133257
886.300024843216,-74.40245493407608,-74.40245493407608
886.310024843216,-74.40386846644942,-74.40386846644942
886.320024843216,-74.40527444610146,-74.40527444610146
886.3300248432159,-74.40667308986774,-74.40667308986774
886.3400248432159,-74.40806461158576,-74.40806461158576
886.3500248432159,-74.40944922100476,-74.40944922100476
886.3600248432159,-74.4108271233422,-74.4108271233422
886.3700248432159,-74.41219851921761,-74.41219851921761
886.3800248432159,-74.41356360480097,-74.41356360480097
886.390024843216,-74.41492257204453,-74.41492257204453
886.400024843216,-74.41627560898401,-74.41627560898401
886.410024843216,-74.4176229000381,-74.4176229000381
886.420024843216,-74.41896462628554,-74.41896462628554
886.430024843216,-74.42030096575041,-74.42030096575041
886.440024843216,-74.42163209361465,-74.42163209361465
886.4500248432159,-74.42295818244311,-74.42295818244311
886.4600248432159,-74.42427940235699,-74.42427940235699
886.4700248432159,-74.42559592120054,-74.42559592120054
886.4800248432159,-74.4269079046529,-74.4269079046529
886.4900248432159,-74.42821551636007,-74.42821551636007
886.5000248432159,-74.42951891801714,-74.42951891801714
886.5100248432159,-74.43081826945567,-74.43081826945567
886.520024843216,-74.4321137286891,-74.4321137286891
886.530024843216,-74.43340545199857,-74.43340545199857
886.540024843216,-74.43469359393337,-74.43469359393337
886.5500248670578,-74.43597831044194,-74.43597831044194
886.5600248670578,-74.43725974664248,-74.43725974664248
886.5700248670578,-74.43853805521077,-74.43853805521077
886.5800248670578,-74.43981338416911,-74.43981338416911
886.5900248670578,-74.4410858799441,-74.4410858799441
886.6000248670578,-74.44235568739025,-74.44235568739025
886.6100248670577,-74.44362294977809,-74.44362294977809
886.6200248670579,-74.44488780881383,-74.44488780881383
886.6300248670578,-74.446150404662,-74.446150404662
886.6400248670578,-74.4474108759091,-74.4474108759091
886.6500248670578,-74.44866935959993,-74.44866935959993
886.6600248670578,-74.44992599121733,-74.44992599121733
886.6700248670578,-74.45118090470164,-74.45118090470164
886.6800248670578,-74.45243423243777,-74.45243423243777
886.6900248670578,-74.453686105263,-74.453686105263
886.7000248670578,-74.45493665245857,-74.45493665245857
886.7100248670578,-74.45618600175638,-74.45618600175638
886.7200248670578,-74.45743427934876,-74.45743427934876
886.7300248670578,-74.45868160986561,-74.45868160986561
886.7400248670579,-74.45992811640393,-74.45992811640393
886.7500248670578,-74.46117392050363,-74.46117392050363
886.7600248670578,-74.46241914217174,-74.46241914217174
886.7700248670578,-74.46366389986163,-74.46366389986163
886.7800248670578,-74.46490831050518,-74.46490831050518
886.7900248670578,-74.46615248947866,-74.46615248947866
886.8000248670578,-74.46739655063989,-74.46739655063989
886.8100248670578,-74.46864060631978,-74.46864060631978
886.8200248670578,-74.46988476731309,-74.46988476731309
886.8300248670578,-74.47112914290497,-74.47112914290497
886.8400248670578,-74.47237384086583,-74.47237384086583
886.8500248670578,-74.47361896746635,-74.47361896746635
886.8600248670577,-74.47486462745792,-74.47486462745792
886.8700248670579,-74.47611092409589,-74.47611092409589
886.8800248670578,-74.47735795918041,-74.47735795918041
886.8900248670578,-74.47860583298926,-74.47860583298926
886.9000248670578,-74.47985464435409,-74.47985464435409
886.9100248670578,-74.4811044906252,-74.4811044906252
886.9200248670578,-74.48235546770466,-74.48235546770466
886.9300248670578,-74.4836076700417,-74.4836076700417
886.9400248670578,-74.48486119065193,-74.48486119065193
886.9500248670578,-74.48611612111931,-74.48611612111931
886.9600248670578,-74.48737255160006,-74.48737255160006
886.9700248670578,-74.48863057084311,-74.48863057084311
886.9800248670578,-74.48989026620941,-74.48989026620941
886.9900248670579,-74.49115172363926,-74.49115172363926
887.0000248670578,-74.49241502773582,-74.49241502773582
887.0100248670578,-74.49368026168851,-74.49368026168851
887.0200248670578,-74.49494750736123,-74.49494750736123
887.0300248670578,-74.49621684526079,-74.49621684526079
887.0400248670578,-74.4974883545537,-74.4974883545537
887.0500248670578,-74.49876211308136,-74.49876211308136
887.0600248670578,-74.50003819737908,-74.50003819737908
887.0700248670578,-74.50131668267899,-74.50131668267899
887.0800248670578,-74.50259764292908,-74.50259764292908
887.0900248670578,-74.50388115079183,-74.50388115079183
887.1000248670578,-74.50516727767044,-74.50516727767044
887.1100248670577,-74.5064560937077,-74.5064560937077
887.1200248670579,-74.50774766781335,-74.50774766781335
887.1300248670578,-74.50904206767177,-74.50904206767177
887.1400248670578,-74.51033935973543,-74.51033935973543
887.1500248670578,-74.51163960927225,-74.51163960927225
887.1600248670578,-74.51294288035666,-74.51294288035666
887.1700248670578,-74.51424923586282,-74.51424923586282
887.1800248670578,-74.5155587375285,-74.5155587375285
887.1900248670578,-74.5168714459166,-74.5168714459166
887.2000248670578,-74.51818742045069,-74.51818742045069
887.2100248670578,-74.51950671944422,-74.51950671944422
887.2200248670578,-74.52082940007087,-74.52082940007087
887.2300248670578,-74.52215551842352,-74.52215551842352
887.2400248670579,-74.52348512947523,-74.52348512947523
887.2500248670578,-74.52481828716347,-74.52481828716347
887.2600248670578,-74.52615504431806,-74.52615504431806
887.2700248670578,-74.52749545272499,-74.52749545272499
887.2800248670578,-74.52883956313917,-74.52883956313917
887.2900248670578,-74.53018742529423,-74.53018742529423
887.3000248670578,-74.53153908788889,-74.53153908788889
887.3100248670578,-74.53289459862386,-74.53289459862386
887.3200248670578,-74.53425400420957,-74.53425400420957
887.3300248670578,-74.53561735037495,-74.53561735037495
887.3400248670578,-74.5369846818845,-74.5369846818845
887.3500248670578,-74.53835604254085,-74.53835604254085
887.3600248670577,-74.53973147521145,-74.53973147521145
887.3700248670579,-74.54111102182385,-74.54111102182385
887.3800248670578,-74.5424947233887,-74.5424947233887
887.3900248670578,-74.54388262000424,-74.54388262000424
887.4000248908997,-74.54527475419405,-74.54527475419405
887.4100248908996,-74.54667115765953,-74.54667115765953
887.4200248908996,-74.54807187114316,-74.54807187114316
887.4300248908996,-74.5494769312367,-74.5494769312367
887.4400248908996,-74.55088637366663,-74.55088637366663
887.4500248908996,-74.55230023332336,-74.55230023332336
887.4600248908996,-74.5537185442739,-74.5537185442739
887.4700248908997,-74.55514133976187,-74.55514133976187
887.4800248908997,-74.55656865223469,-74.55656865223469
887.4900248908997,-74.5580005133258,-74.5580005133258
887.5000248908997,-74.5594369538922,-74.5594369538922
887.5100248908997,-74.56087800401801,-74.56087800401801
887.5200248908997,-74.5623236930252,-74.5623236930252
887.5300248908997,-74.56377404947443,-74.56377404947443
887.5400248908996,-74.5652291011882,-74.5652291011882
887.5500248908996,-74.56668887525439,-74.56668887525439
887.5600248908996,-74.56815339803889,-74.56815339803889
887.5700248908996,-74.56962269519599,-74.56962269519599
887.5800248908996,-74.57109679167225,-74.57109679167225
887.5900248908997,-74.57257571172232,-74.57257571172232
887.6000248908997,-74.5740594789211,-74.5740594789211
887.6100248908997,-74.57554811617736,-74.57554811617736
887.6200248908997,-74.5770416457123,-74.5770416457123
887.6300248908997,-74.57854008910869,-74.57854008910869
887.6400248908997,-74.58004346730125,-74.58004346730125
887.6500248908997,-74.58155180059364,-74.58155180059364
887.6600248908996,-74.58306510864956,-74.58306510864956
887.6700248908996,-74.58458341052854,-74.58458341052854
887.6800248908996,-74.58610672466757,-74.58610672466757
887.6900248908996,-74.58763506891299,-74.58763506891299
887.7000248908996,-74.58916846051629,-74.58916846051629
887.7100248908996,-74.59070691613961,-74.59070691613961
887.7200248908997,-74.5922504518834,-74.5922504518834
887.7300248908997,-74.59379908326896,-74.59379908326896
887.7400248908997,-74.59535282527402,-74.59535282527402
887.7500248908997,-74.59691169231533,-74.59691169231533
887.7600248908997,-74.59847569826736,-74.59847569826736
887.7700248908997,-74.60004485647573,-74.60004485647573
887.7800248908997,-74.6016191797606,-74.6016191797606
887.7900248908996,-74.60319868041933,-74.60319868041933
887.8000248908996,-74.60478337024817,-74.60478337024817
887.8100248908996,-74.6063732605319,-74.6063732605319
887.8200248908996,-74.60796836207054,-74.60796836207054
887.8300248908996,-74.60956868515565,-74.60956868515565
887.8400248908997,-74.61117423962169,-74.61117423962169
887.8500248908997,-74.61278503482609,-74.61278503482609
887.8600248908997,-74.61440107965043,-74.61440107965043
887.8700248908997,-74.61602238252345,-74.61602238252345
887.8800248908997,-74.61764895141903,-74.61764895141903
887.8900248908997,-74.61928079387721,-74.61928079387721
887.9000248908997,-74.62091791698745,-74.62091791698745
887.9100248908996,-74.6225603274144,-74.6225603274144
887.9200248908996,-74.62420803138833,-74.62420803138833
887.9300248908996,-74.62586103473434,-74.62586103473434
887.9400248908996,-74.62751934286356,-74.62751934286356
887.9500248908996,-74.62918296077692,-74.62918296077692
887.9600248908996,-74.63084538104144,-74.63084538104144
887.9700248908997,-74.63250375406763,-74.63250375406763
887.9800248908997,-74.6341566922507,-74.6341566922507
887.9900248908997,-74.63580348448126,-74.63580348448126
888.0000248908997,-74.63744379645519,-74.63744379645519
888.0100248908997,-74.63907751508249,-74.63907751508249
888.0200248908997,-74.64070465727309,-74.64070465727309
888.0300248908997,-74.6423253151862,-74.6423253151862
888.0400248908996,-74.64393962328892,-74.64393962328892
888.0500248908996,-74.64554773857039,-74.64554773857039
888.0600248908996,-74.64714982877734,-74.64714982877734
888.0700248908996,-74.64874606546971,-74.64874606546971
888.0800248908996,-74.65033662006084,-74.65033662006084
888.0900248908997,-74.65192166160655,-74.65192166160655
888.1000248908997,-74.65350135575454,-74.65350135575454
888.1100248908997,-74.65507586422497,-74.65507586422497
888.1200248908997,-74.65664534478135,-74.65664534478135
888.1300248908997,-74.65820995135552,-74.65820995135552
888.1400248908997,-74.65976983427629,-74.65976983427629
888.1500248908997,-74.66132514056746,-74.66132514056746
888.1600248908996,-74.66287601422712,-74.66287601422712
888.1700248908996,-74.66442259653147,-74.66442259653147
888.1800248908996,-74.6659650262493,-74.6659650262493
888.1900248908996,-74.66750343992807,-74.66750343992807
888.2000248908996,-74.66903797204445,-74.66903797204445
888.2100248908996,-74.67056875521801,-74.67056875521801
888.2200248908997,-74.67209592033655,-74.67209592033655
888.2300248908997,-74.67361959669557,-74.67361959669557
888.2400248908997,-74.67513991208783,-74.67513991208783
888.2500249147415,-74.6766569965204,-74.6766569965204
888.2600249147415,-74.67817096781745,-74.67817096781745
888.2700249147415,-74.67968195337593,-74.67968195337593
888.2800249147415,-74.68119007574363,-74.68119007574363
888.2900249147415,-74.68269545628226,-74.68269545628226
888.3000249147415,-74.68419821517448,-74.68419821517448
888.3100249147415,-74.68569847147239,-74.68569847147239
888.3200249147416,-74.68719634309721,-74.68719634309721
888.3300249147416,-74.68869194685924,-74.68869194685924
888.3400249147415,-74.6901853984631,-74.6901853984631
888.3500249147415,-74.69167681249868,-74.69167681249868
888.3600249147415,-74.6931663024759,-74.6931663024759
888.3700249147415,-74.69465398079593,-74.69465398079593
888.3800249147415,-74.69613995875307,-74.69613995875307
888.3900249147415,-74.69762434655037,-74.69762434655037
888.4000249147415,-74.69910725326832,-74.69910725326832
888.4100249147415,-74.70058878689234,-74.70058878689234
888.4200249147415,-74.70206905428591,-74.70206905428591
888.4300249147415,-74.70354816117961,-74.70354816117961
888.4400249147416,-74.7050262121827,-74.7050262121827
888.4500249147416,-74.70650331078893,-74.70650331078893
888.4600249147416,-74.70797955933334,-74.70797955933334
888.4700249147415,-74.7094550590124,-74.7094550590124
888.4800249147415,-74.71092990989386,-74.71092990989386
888.4900249147415,-74.71240421085737,-74.71240421085737
888.5000249147415,-74.71387805966381,-74.71387805966381
888.5100249147415,-74.71535155290447,-74.71535155290447
888.5200249147415,-74.71682478599651,-74.71682478599651
888.5300249147415,-74.7182978532007,-74.7182978532007
888.5400249147415,-74.71977084762655,-74.71977084762655
888.5500249147415,-74.7212438611951,-74.7212438611951
888.5600249147415,-74.72271698466884,-74.72271698466884
888.5700249147416,-74.7241903076318,-74.7241903076318
888.5800249147416,-74.72566391850884,-74.72566391850884
888.5900249147415,-74.72713790454873,-74.72713790454873
888.6000249147415,-74.72861235184052,-74.72861235184052
888.6100249147415,-74.73008734529273,-74.73008734529273
888.6200249147415,-74.73156296866196,-74.73156296866196
888.6300249147415,-74.73303930452893,-74.73303930452893
888.6400249147415,-74.73451643432422,-74.73451643432422
888.6500249147415,-74.73599443831372,-74.73599443831372
888.6600249147415,-74.7374733956227,-74.7374733956227
888.6700249147415,-74.73895338421002,-74.73895338421002
888.6800249147415,-74.74043448089145,-74.74043448089145
888.6900249147416,-74.74191676135231,-74.74191676135231
888.7000249147416,-74.74340030013836,-74.74340030013836
888.7100249147416,-74.74488517066078,-74.74488517066078
888.7200249147415,-74.7463714452039,-74.7463714452039
888.7300249147415,-74.74785919494651,-74.74785919494651
888.7400249147415,-74.74934848994248,-74.74934848994248
888.7500249147415,-74.75083939913688,-74.75083939913688
888.7600249147415,-74.752331990383,-74.752331990383
888.7700249147415,-74.75382633043961,-74.75382633043961
888.7800249147415,-74.75532248498686,-74.75532248498686
888.7900249147415,-74.75682051861828,-74.75682051861828
888.8000249147415,-74.75832049485874,-74.75832049485874
888.8100249147415,-74.75982247617752,-74.75982247617752
888.8200249147416,-74.76132652397906,-74.76132652397906
888.8300249147416,-74.76283269863562,-74.76283269863562
888.8400249147415,-74.76434105948015,-74.76434105948015
888.8500249147415,-74.76585166480814,-74.76585166480814
888.8600249147415,-74.76736457190232,-74.76736457190232
888.8700249147415,-74.76887983703112,-74.76887983703112
888.8800249147415,-74.77039751546302,-74.77039751546302
888.8900249147415,-74.77191766147463,-74.77191766147463
888.9000249147415,-74.7734403283537,-74.7734403283537
888.9100249147415,-74.77496556842155,-74.77496556842155
888.9200249147415,-74.77649343303312,-74.77649343303312
888.9300249147415,-74.77802397257669,-74.77802397257669
888.9400249147416,-74.77955723650304,-74.77955723650304
888.9500249147416,-74.78109327333216,-74.78109327333216
888.9600249147416,-74.7826256053525,-74.7826256053525
888.9700249147415,-74.7841514195588,-74.7841514195588
888.9800249147415,-74.78566936735434,-74.78566936735434
888.9900249147415,-74.78717877748464,-74.78717877748464
889.0000249147415,-74.78867935572846,-74.78867935572846
889.0100249147415,-74.79017102902682,-74.79017102902682
889.0200249147415,-74.79165385408345,-74.79165385408345
889.0300249147415,-74.7931279625322,-74.7931279625322
889.0400249147415,-74.79459352791548,-74.79459352791548
889.0500249147415,-74.79605074588474,-74.79605074588474
889.0600249147415,-74.797499822417,-74.797499822417
889.0700249147416,-74.79894096684133,-74.79894096684133
889.0800249147416,-74.80037438789515,-74.80037438789515
889.0900249147415,-74.80180029149592,-74.80180029149592
889.1000249385834,-74.80321888305635,-74.80321888305635
889.1100249385834,-74.80463035347219,-74.80463035347219
889.1200249385834,-74.80603489941713,-74.80603489941713
889.1300249385833,-74.80743270985604,-74.80743270985604
889.1400249385833,-74.80882396972389,-74.80882396972389
889.1500249385833,-74.8102088601928,-74.8102088601928
889.1600249385833,-74.81158755897964,-74.81158755897964
889.1700249385834,-74.81296024062436,-74.81296024062436
889.1800249385834,-74.81432707675955,-74.81432707675955
889.1900249385834,-74.81568823633694,-74.81568823633694
889.2000249385834,-74.81704388583226,-74.81704388583226
889.2100249385834,-74.81838766151157,-74.81838766151157
889.2200249385834,-74.81971686496406,-74.81971686496406
889.2300249385834,-74.82103026177376,-74.82103026177376
889.2400249385834,-74.8223272942165,-74.8223272942165
889.2500249385834,-74.82360778087453,-74.82360778087453
889.2600249385833,-74.82487176075237,-74.82487176075237
889.2700249385833,-74.82611940189754,-74.82611940189754
889.2800249385833,-74.82735094657983,-74.82735094657983
889.2900249385834,-74.82856667826672,-74.82856667826672
889.3000249385834,-74.82976690188747,-74.82976690188747
889.3100249385834,-74.83095193198035,-74.83095193198035
889.3200249385834,-74.83212208580956,-74.83212208580956
889.3300249385834,-74.8332776793567,-74.8332776793567
889.3400249385834,-74.83441902513773,-74.83441902513773
889.3500249385834,-74.8355464311106,-74.8355464311106
889.3600249385834,-74.83666020020324,-74.83666020020324
889.3700249385834,-74.83776063025378,-74.83776063025378
889.3800249385833,-74.8388480141188,-74.8388480141188
889.3900249385833,-74.8399226399163,-74.8399226399163
889.4000249385833,-74.84098479130859,-74.84098479130859
889.4100249385833,-74.84203474776128,-74.84203474776128
889.4200249385834,-74.84307278485153,-74.84307278485153
889.4300249385834,-74.84409917450613,-74.84409917450613
889.4400249385834,-74.84511418520663,-74.84511418520663
889.4500249385834,-74.8461180822025,-74.8461180822025
889.4600249385834,-74.84711112767415,-74.84711112767415
889.4700249385834,-74.84809358087858,-74.84809358087858
889.4800249385834,-74.8490656982567,-74.8490656982567
889.4900249385834,-74.85002773354073,-74.85002773354073
889.5000249385834,-74.85097993784161,-74.85097993784161
889.5100249385833,-74.85192255969831,-74.85192255969831
889.5200249385833,-74.85285584514344,-74.85285584514344
889.5300249385833,-74.85378003774589,-74.85378003774589
889.5400249385834,-74.85469537862967,-74.85469537862967
889.5500249385834,-74.8556021065437,-74.8556021065437
889.5600249385834,-74.85650045780268,-74.85650045780268
889.5700249385834,-74.8573906663917,-74.8573906663917
889.5800249385834,-74.85827296391032,-74.85827296391032
889.5900249385834,-74.8591475796112,-74.8591475796112
889.6000249385834,-74.8600147404022,-74.8600147404022
889.6100249385834,-74.86087467082902,-74.86087467082902
889.6200249385834,-74.8617275931114,-74.8617275931114
889.6300249385833,-74.86257372710223,-74.86257372710223
889.6400249385833,-74.8634132903273,-74.8634132903273
889.6500249385833,-74.86424649795325,-74.86424649795325
889.6600249385833,-74.8650735628011,-74.8650735628011
889.6700249385834,-74.86589469534681,-74.86589469534681
889.6800249385834,-74.86671010370564,-74.86671010370564
889.6900249385834,-74.86751999364829,-74.86751999364829
889.7000249385834,-74.8683245685773,-74.8683245685773
889.7100249385834,-74.86912402956673,-74.86912402956673
889.7200249385834,-74.86991857532686,-74.86991857532686
889.7300249385834,-74.87070840221017,-74.87070840221017
889.7400249385834,-74.87149370423374,-74.87149370423374
889.7500249385834,-74.87227467305554,-74.87227467305554
889.7600249385833,-74.87305149799793,-74.87305149799793
889.7700249385833,-74.87382436604747,-74.87382436604747
889.7800249385833,-74.87459346185621,-74.87459346185621
889.7900249385834,-74.87535896772437,-74.87535896772437
889.8000249385834,-74.87612106367206,-74.87612106367206
889.8100249385834,-74.87687992736674,-74.87687992736674
889.8200249385834,-74.87763573418789,-74.87763573418789
889.8300249385834,-74.87838865720927,-74.87838865720927
889.8400249385834,-74.8791388672107,-74.8791388672107
889.8500249385834,-74.87988653271208,-74.87988653271208
889.8600249385834,-74.88063181993982,-74.88063181993982
889.8700249385834,-74.8813748928689,-74.8813748928689
889.8800249385833,-74.88211591322818,-74.88211591322818
889.8900249385833,-74.88285504050418,-74.88285504050418
889.9000249385833,-74.88359243197107,-74.88359243197107
889.9100249385833,-74.88432824268821,-74.88432824268821
889.9200249385834,-74.88506262551854,-74.88506262551854
889.9300249385834,-74.88579573114347,-74.88579573114347
889.9400249385834,-74.88652770807538,-74.88652770807538
889.9500249624252,-74.8872587044162,-74.8872587044162
889.9600249624252,-74.88798232868062,-74.88798232868062
889.9700249624252,-74.88869586365655,-74.88869586365655
889.9800249624252,-74.88939805564061,-74.88939805564061
889.9900249624252,-74.89008832798788,-74.89008832798788
890.0000249624252,-74.89076648039384,-74.89076648039384
890.0100249624252,-74.89143253279701,-74.89143253279701
890.0200249624253,-74.89208663384113,-74.89208663384113
890.0300249624253,-74.89272900596673,-74.89272900596673
890.0400249624253,-74.89335991234623,-74.89335991234623
890.0500249624253,-74.89397963704891,-74.89397963704891
890.0600249624252,-74.8945884732528,-74.8945884732528
890.0700249624252,-74.89518671630842,-74.89518671630842
890.0800249624252,-74.89577465971807,-74.89577465971807
890.0900249624252,-74.89635259299406,-74.89635259299406
890.1000249624252,-74.89692080057799,-74.89692080057799
890.1100249624252,-74.89747956136675,-74.89747956136675
890.1200249624252,-74.8980291486903,-74.8980291486903
890.1300249624252,-74.8985698304172,-74.8985698304172
890.1400249624253,-74.89910186925366,-74.89910186925366
890.1500249624253,-74.89962552302391,-74.89962552302391
890.1600249624253,-74.90014104497838,-74.90014104497838
890.1700249624253,-74.90064868409408,-74.90064868409408
890.1800249624253,-74.90114868533664,-74.90114868533664
890.1900249624252,-74.90164128994732,-74.90164128994732
890.2000249624252,-74.90212673561489,-74.90212673561489
890.2100249624252,-74.90260525668415,-74.90260525668415
890.2200249624252,-74.90307708433114,-74.90307708433114
890.2300249624252,-74.90354244668134,-74.90354244668134
890.2400249624252,-74.90400156896342,-74.90400156896342
890.2500249624252,-74.90445467357509,-74.90445467357509
890.2600249624252,-74.90490198019955,-74.90490198019955
890.2700249624253,-74.90534370585624,-74.90534370585624
890.2800249624253,-74.90578006499008,-74.90578006499008
890.2900249624253,-74.90621126948939,-74.90621126948939
890.3000249624253,-74.90663752875554,-74.90663752875554
890.3100249624252,-74.90705904973247,-74.90705904973247
890.3200249624252,-74.90747603693947,-74.90747603693947
890.3300249624252,-74.90788869250116,-74.90788869250116
890.3400249624252,-74.90829721616096,-74.90829721616096
890.3500249624252,-74.90870180530541,-74.90870180530541
890.3600249624252,-74.90910265498246,-74.90910265498246
890.3700249624252,-74.90949995791942,-74.90949995791942
890.3800249624252,-74.90989390452832,-74.90989390452832
890.3900249624253,-74.91028468291717,-74.91028468291717
890.4000249624253,-74.91067247891323,-74.91067247891323
890.4100249624253,-74.91105747606564,-74.91105747606564
890.4200249624253,-74.91143985564389,-74.91143985564389
890.4300249624253,-74.91181979666628,-74.91181979666628
890.4400249624252,-74.91219747589868,-74.91219747589868
890.4500249624252,-74.91257306785397,-74.91257306785397
890.4600249624252,-74.91294674482029,-74.91294674482029
890.4700249624252,-74.91331867685538,-74.91331867685538
890.4800249624252,-74.913689031805,-74.913689031805
890.4900249624252,-74.91405797531671,-74.91405797531671
890.5000249624252,-74.91442567081583,-74.91442567081583
890.5100249624252,-74.91479227956798,-74.91479227956798
890.5200249624253,-74.91515796063177,-74.91515796063177
890.5300249624253,-74.9155228709361,-74.9155228709361
890.5400249624253,-74.9158871652275,-74.9158871652275
890.5500249624253,-74.91625099611755,-74.91625099611755
890.5600249624252,-74.91661451407599,-74.91661451407599
890.5700249624252,-74.91697786746668,-74.91697786746668
890.5800249624252,-74.9173412025417,-74.9173412025417
890.5900249624252,-74.91770466344428,-74.91770466344428
890.6000249624252,-74.91806839225434,-74.91806839225434
890.6100249624252,-74.91843252897465,-74.91843252897465
890.6200249624252,-74.9187972115494,-74.9187972115494
890.6300249624252,-74.91916257589226,-74.91916257589226
890.6400249624253,-74.91952875588633,-74.91952875588633
890.6500249624253,-74.91989588340897,-74.91989588340897
890.6600249624253,-74.92026408833235,-74.92026408833235
890.6700249624253,-74.92063349856194,-74.92063349856194
890.6800249624253,-74.92100424001931,-74.92100424001931
890.6900249624252,-74.92137643669477,-74.92137643669477
890.7000249624252,-74.9217502106395,-74.9217502106395
890.7100249624252,-74.92212568199002,-74.92212568199002
890.7200249624252,-74.92250296897302,-74.92250296897302
890.7300249624252,-74.92288218795433,-74.92288218795433
890.7400249624252,-74.92326345341438,-74.92326345341438
890.7500249624252,-74.92364687799375,-74.92364687799375
890.7600249624252,-74.92403257249431,-74.92403257249431
890.7700249624253,-74.92442064591096,-74.92442064591096
890.7800249624253,-74.92481120544565,-74.92481120544565
890.7900249624253,-74.92520435650133,-74.92520435650133
890.8000249862671,-74.9256002036847,-74.9256002036847
890.8100249862671,-74.92599884701973,-74.92599884701973
890.8200249862671,-74.92640038762211,-74.92640038762211
890.8300249862671,-74.9268049239713,-74.9268049239713
890.840024986267,-74.9272125528453,-74.9272125528453
890.850024986267,-74.92762336935421,-74.92762336935421
890.860024986267,-74.92803746695637,-74.92803746695637
890.8700249862671,-74.92845493746256,-74.92845493746256
890.8800249862671,-74.9288758710789,-74.9288758710789
890.8900249862671,-74.92930035639642,-74.92930035639642
890.9000249862671,-74.9297284804322,-74.9297284804322
890.9100249862671,-74.93016032862464,-74.93016032862464
890.9200249862671,-74.93059598487875,-74.93059598487875
890.9300249862671,-74.9310355315569,-74.9310355315569
890.9400249862671,-74.93147904952357,-74.93147904952357
890.9500249862671,-74.93192661813134,-74.93192661813134
890.9600249862671,-74.93237177997943,-74.93237177997943
890.970024986267,-74.93281174984115,-74.93281174984115
890.980024986267,-74.93324520935676,-74.93324520935676
890.9900249862671,-74.9336715183195,-74.9336715183195
891.0000249862671,-74.93409041374314,-74.93409041374314
891.0100249862671,-74.93450185363812,-74.93450185363812
891.0200249862671,-74.93490592540125,-74.93490592540125
891.0300249862671,-74.93530279085206,-74.93530279085206
891.0400249862671,-74.93569265313538,-74.93569265313538
891.0500249862671,-74.93607573690069,-74.93607573690069
891.0600249862671,-74.93645227645368,-74.93645227645368
891.0700249862671,-74.93682250883128,-74.93682250883128
891.0800249862671,-74.93718666982555,-74.93718666982555
891.090024986267,-74.93754499178637,-74.93754499178637
891.100024986267,-74.93789770256342,-74.93789770256342
891.110024986267,-74.9382450250417,-74.9382450250417
891.1200249862671,-74.93858717710833,-74.93858717710833
891.1300249862671,-74.93892437179372,-74.93892437179372
891.1400249862671,-74.93925681751583,-74.93925681751583
891.1500249862671,-74.93958471840514,-74.93958471840514
891.1600249862671,-74.93990827461685,-74.93990827461685
891.1700249862671,-74.94022768259042,-74.94022768259042
891.1800249862671,-74.94054313536962,-74.94054313536962
891.1900249862671,-74.94085482282782,-74.94085482282782
891.2000249862671,-74.94116293189069,-74.94116293189069
891.2100249862671,-74.94146111107416,-74.94146111107416
891.220024986267,-74.94174668051775,-74.94174668051775
891.230024986267,-74.94201842640729,-74.94201842640729
891.2400249862671,-74.94227581228405,-74.94227581228405
891.2500249862671,-74.94251867814357,-74.94251867814357
891.2600249862671,-74.94274708424744,-74.94274708424744
891.2700249862671,-74.94296121956994,-74.94296121956994
891.2800249862671,-74.9431613468519,-74.9431613468519
891.2900249862671,-74.94334776956245,-74.94334776956245
891.3000249862671,-74.94352081203503,-74.94352081203503
891.3100249862671,-74.9436808077022,-74.9436808077022
891.3200249862671,-74.94382809213288,-74.94382809213288
891.3300249862671,-74.94396299908321,-74.94396299908321
891.340024986267,-74.94408585829211,-74.94408585829211
891.350024986267,-74.94419699441076,-74.94419699441076
891.360024986267,-74.9442967265548,-74.9442967265548
891.3700249862671,-74.94438536823992,-74.94438536823992
891.3800249862671,-74.94446322755205,-74.94446322755205
891.3900249862671,-74.94453060734753,-74.94453060734753
891.4000249862671,-74.94458780557534,-74.94458780557534
891.4100249862671,-74.94463511557593,-74.94463511557593
891.4200249862671,-74.94467282634501,-74.94467282634501
891.4300249862671,-74.94470122284737,-74.94470122284737
891.4400249862671,-74.9447205861772,-74.9447205861772
891.4500249862671,-74.94473119383045,-74.94473119383045
891.4600249862671,-74.94473331985795,-74.94473331985795
891.470024986267,-74.9447272349988,-74.9447272349988
891.480024986267,-74.94471320683795,-74.94471320683795
891.4900249862671,-74.9446914999088,-74.9446914999088
891.5000249862671,-74.9446623757653,-74.9446623757653
891.5100249862671,-74.94462609307368,-74.94462609307368
891.5200249862671,-74.94458290766454,-74.94458290766454
891.5300249862671,-74.94453307259128,-74.94453307259128
891.5400249862671,-74.94447683816047,-74.94447683816047
891.5500249862671,-74.9444144519765,-74.9444144519765
891.5600249862671,-74.94434615896328,-74.94434615896328
891.5700249862671,-74.94427220137844,-74.94427220137844
891.5800249862671,-74.9441928188457,-74.9441928188457
891.590024986267,-74.94401870521958,-74.94401870521958
891.600024986267,-74.94372486317555,-74.94372486317555
891.610024986267,-74.9433051790791,-74.9433051790791
891.6200249862671,-74.9427587071557,-74.9427587071557
891.6300249862671,-74.94208607202772,-74.94208607202772
891.6400249862671,-74.94128847207809,-74.94128847207809
891.650025010109,-74.94036737630606,-74.94036737630606
891.6600250101089,-74.93932442945004,-74.93932442945004
891.6700250101089,-74.9381613960867,-74.9381613960867
891.6800250101089,-74.93688014149707,-74.93688014149707
891.6900250101089,-74.93548261043358,-74.93548261043358
891.7000250101089,-74.93397080996641,-74.93397080996641
891.7100250101089,-74.93234679423762,-74.93234679423762
891.720025010109,-74.93061265093147,-74.93061265093147
891.730025010109,-74.9287704894377,-74.9287704894377
891.740025010109,-74.92682243055576,-74.92682243055576
891.750025010109,-74.92477059782541,-74.92477059782541
891.760025010109,-74.92261711018504,-74.92261711018504
891.770025010109,-74.92036407590794,-74.92036407590794
891.780025010109,-74.91801358768295,-74.91801358768295
891.7900250101089,-74.91556771858617,-74.91556771858617
891.8000250101089,-74.91302851897639,-74.91302851897639
891.8100250101089,-74.91039801406598,-74.91039801406598
891.8200250101089,-74.9076782020457,-74.9076782020457
891.8300250101089,-74.90487105277515,-74.90487105277515
891.840025010109,-74.90197850683103,-74.90197850683103
891.850025010109,-74.89900247494644,-74.89900247494644
891.860025010109,-74.89594483766744,-74.89594483766744
891.870025010109,-74.89280744528283,-74.89280744528283
891.880025010109,-74.88959211788398,-74.88959211788398
891.890025010109,-74.88630064560178,-74.88630064560178
891.900025010109,-74.88293478892425,-74.88293478892425
891.9100250101089,-74.87949627910363,-74.87949627910363
891.9200250101089,-74.87598681860214,-74.87598681860214
891.9300250101089,-74.87240808159808,-74.87240808159808
891.9400250101089,-74.86876171453136,-74.86876171453136
891.9500250101089,-74.86504933663704,-74.86504933663704
891.9600250101089,-74.86126601506841,-74.86126601506841
891.970025010109,-74.85741046305425,-74.85741046305425
891.980025010109,-74.85348283614367,-74.85348283614367
891.990025010109,-74.84948394442063,-74.84948394442063
892.000025010109,-74.84541495225011,-74.84541495225011
892.010025010109,-74.84127722253905,-74.84127722253905
892.020025010109,-74.83707222557793,-74.83707222557793
892.030025010109,-74.83280148443838,-74.83280148443838
892.0400250101089,-74.82846654229496,-74.82846654229496
892.0500250101089,-74.8240689429281,-74.8240689429281
892.0600250101089,-74.81961021929915,-74.81961021929915
892.0700250101089,-74.81509188694788,-74.81509188694788
892.0800250101089,-74.81051544035496,-74.81051544035496
892.090025010109,-74.80588235112194,-74.80588235112194
892.100025010109,-74.80119406722373,-74.80119406722373
892.110025010109,-74.79645201284602,-74.79645201284602
892.120025010109,-74.7916575886985,-74.7916575886985
892.130025010109,-74.78681217243638,-74.78681217243638
892.140025010109,-74.78191711918178,-74.78191711918178
892.150025010109,-74.77697376215878,-74.77697376215878
892.1600250101089,-74.77198341322982,-74.77198341322982
892.1700250101089,-74.76694736347989,-74.76694736347989
892.1800250101089,-74.76186688373875,-74.76186688373875
892.1900250101089,-74.75674322505893,-74.75674322505893
892.2000250101089,-74.75157761918673,-74.75157761918673
892.2100250101089,-74.74637127898608,-74.74637127898608
892.220025010109,-74.74112539880076,-74.74112539880076
892.230025010109,-74.73584115485663,-74.73584115485663
892.240025010109,-74.7305197055586,-74.7305197055586
892.250025010109,-74.725162191813,-74.725162191813
892.260025010109,-74.71976973730521,-74.71976973730521
892.270025010109,-74.71434344880346,-74.71434344880346
892.280025010109,-74.7088844163733,-74.7088844163733
892.2900250101089,-74.70339371365232,-74.70339371365232
892.3000250101089,-74.69787239806811,-74.69787239806811
892.3100250101089,-74.69232151104369,-74.69232151104369
892.3200250101089,-74.68674207825377,-74.68674207825377
892.3300250101089,-74.6811351097791,-74.6811351097791
892.340025010109,-74.6755016003167,-74.6755016003167
892.350025010109,-74.66984252940897,-74.66984252940897
892.360025010109,-74.66415886158427,-74.66415886158427
892.370025010109,-74.65845154655027,-74.65845154655027
892.380025010109,-74.65272151939699,-74.65272151939699
892.390025010109,-74.64696970075533,-74.64696970075533
892.400025010109,-74.64119699694893,-74.64119699694893
892.4100250101089,-74.63540430020889,-74.63540430020889
892.4200250101089,-74.62959248880921,-74.62959248880921
892.4300250101089,-74.62376242723683,-74.62376242723683
892.4400250101089,-74.6179149663678,-74.6179149663678
892.4500250101089,-74.61205094361054,-74.61205094361054
892.4600250101089,-74.60617118309685,-74.60617118309685
892.470025010109,-74.60027649580094,-74.60027649580094
892.480025010109,-74.59436767973601,-74.59436767973601
892.490025010109,-74.58844552008672,-74.58844552008672
892.5000250339508,-74.58251077522215,-74.58251077522215
892.5100250339508,-74.5765642333619,-74.5765642333619
892.5200250339508,-74.57060662811199,-74.57060662811199
892.5300250339508,-74.56463869489791,-74.56463869489791
892.5400250339508,-74.55866115710464,-74.55866115710464
892.5500250339508,-74.55267472620123,-74.55267472620123
892.5600250339508,-74.5466801019238,-74.5466801019238
892.5700250339509,-74.54067797238092,-74.54067797238092
892.5800250339508,-74.53466901424335,-74.53466901424335
892.5900250339508,-74.52865389284733,-74.52865389284733
892.6000250339508,-74.52263326237778,-74.52263326237778
892.6100250339508,-74.51660776597302,-74.51660776597302
892.6200250339508,-74.51057803591722,-74.51057803591722
892.6300250339508,-74.50454469374422,-74.50454469374422
892.6400250339508,-74.49850835038369,-74.49850835038369
892.6500250339508,-74.49246960631247,-74.49246960631247
892.6600250339508,-74.48642905169267,-74.48642905169267
892.6700250339508,-74.4803872664972,-74.4803872664972
892.6800250339508,-74.47434482065938,-74.47434482065938
892.6900250339509,-74.46830227420152,-74.46830227420152
892.7000250339509,-74.46226017738176,-74.46226017738176
892.7100250339508,-74.45621907080573,-74.45621907080573
892.7200250339508,-74.45017948556229,-74.45017948556229
892.7300250339508,-74.44414194338113,-74.44414194338113
892.7400250339508,-74.43810695673922,-74.43810695673922
892.7500250339508,-74.432075028987,-74.432075028987
892.7600250339508,-74.42604665448549,-74.42604665448549
892.7700250339508,-74.42002231873042,-74.42002231873042
892.7800250339508,-74.41400249848739,-74.41400249848739
892.7900250339508,-74.40798766188728,-74.40798766188728
892.8000250339508,-74.40197826857644,-74.40197826857644
892.8100250339508,-74.39597476982271,-74.39597476982271
892.8200250339509,-74.38997760864117,-74.38997760864117
892.8300250339508,-74.38398721992428,-74.38398721992428
892.8400250339508,-74.37800403052725,-74.37800403052725
892.8500250339508,-74.37202845941654,-74.37202845941654
892.8600250339508,-74.36606091776792,-74.36606091776792
892.8700250339508,-74.36010180909373,-74.36010180909373
892.8800250339508,-74.35415152931797,-74.35415152931797
892.8900250339508,-74.34821046695721,-74.34821046695721
892.9000250339508,-74.34227900315418,-74.34227900315418
892.9100250339508,-74.3363575118429,-74.3363575118429
892.9200250339508,-74.33044635981182,-74.33044635981182
892.9300250339508,-74.32454590684522,-74.32454590684522
892.9400250339509,-74.31865650581612,-74.31865650581612
892.9500250339509,-74.31277850278188,-74.31277850278188
892.9600250339508,-74.3069057625395,-74.3069057625395
892.9700250339508,-74.30103579007445,-74.30103579007445
892.9800250339508,-74.29516754196453,-74.29516754196453
892.9900250339508,-74.28930064366895,-74.28930064366895
893.0000250339508,-74.28343509075499,-74.28343509075499
893.0100250339508,-74.27757109359096,-74.27757109359096
893.0200250339508,-74.2717089862502,-74.2717089862502
893.0300250339508,-74.26584917174458,-74.26584917174458
893.0400250339508,-74.25999208907854,-74.25999208907854
893.0500250339508,-74.25413819350011,-74.25413819350011
893.0600250339508,-74.24828794477541,-74.24828794477541
893.0700250339509,-74.24244180029399,-74.24244180029399
893.0800250339508,-74.2366002112242,-74.2366002112242
893.0900250339508,-74.23076362038134,-74.23076362038134
893.1000250339508,-74.22493246126011,-74.22493246126011
893.1100250339508,-74.21910715768853,-74.21910715768853
893.1200250339508,-74.21328812384868,-74.21328812384868
893.1300250339508,-74.20747576455726,-74.20747576455726
893.1400250339508,-74.20167047556752,-74.20167047556752
893.1500250339508,-74.19587264402001,-74.19587264402001
893.1600250339508,-74.19008264879021,-74.19008264879021
893.1700250339508,-74.18430086090373,-74.18430086090373
893.1800250339508,-74.17852764389403,-74.17852764389403
893.1900250339509,-74.17276335410907,-74.17276335410907
893.2000250339509,-74.1670083410481,-74.1670083410481
893.2100250339508,-74.16126294759802,-74.16126294759802
893.2200250339508,-74.15552751026705,-74.15552751026705
893.2300250339508,-74.14980235943322,-74.14980235943322
893.2400250339508,-74.14408781949712,-74.14408781949712
893.2500250339508,-74.13838420908294,-74.13838420908294
893.2600250339508,-74.13269184116083,-74.13269184116083
893.2700250339508,-74.12701102319993,-74.12701102319993
893.2800250339508,-74.12134205730246,-74.12134205730246
893.2900250339508,-74.1156852402842,-74.1156852402842
893.3000250339508,-74.11004086381337,-74.11004086381337
893.3100250339508,-74.10440921446636,-74.10440921446636
893.3200250339509,-74.09879057385412,-74.09879057385412
893.3300250339508,-74.09318521866975,-74.09318521866975
893.3400250339508,-74.08759342077389,-74.08759342077389
893.3500250577927,-74.08201543398347,-74.08201543398347
893.3600250577927,-74.07645154730865,-74.07645154730865
893.3700250577926,-74.07090200520183,-74.07090200520183
893.3800250577926,-74.06536706086061,-74.06536706086061
893.3900250577926,-74.05984696298061,-74.05984696298061
893.4000250577926,-74.05434195577907,-74.05434195577907
893.4100250577926,-74.04885227907549,-74.04885227907549
893.4200250577927,-74.04337816833883,-74.04337816833883
893.4300250577927,-74.03791985473377,-74.03791985473377
893.4400250577927,-74.03247756516431,-74.03247756516431
893.4500250577927,-74.02705152233554,-74.02705152233554
893.4600250577927,-74.02163549553002,-74.02163549553002
893.4700250577927,-74.01622688286014,-74.01622688286014
893.4800250577927,-74.01082453093458,-74.01082453093458
893.4900250577926,-74.00542795512776,-74.00542795512776
893.5000250577926,-74.0000370418302,-74.0000370418302
893.5100250577926,-73.99465189370316,-73.99465189370316
893.5200250577926,-73.98927273879471,-73.98927273879471
893.5300250577926,-73.98389987595951,-73.98389987595951
893.5400250577927,-73.97853364194752,-73.97853364194752
893.5500250577927,-73.97317439168589,-73.97317439168589
893.5600250577927,-73.96782248654246,-73.96782248654246
893.5700250577927,-73.96247828744313,-73.96247828744313
893.5800250577927,-73.95714215094837,-73.95714215094837
893.5900250577927,-73.95181442713762,-73.95181442713762
893.6000250577927,-73.94649545858611,-73.94649545858611
893.6100250577927,-73.94118557999339,-73.94118557999339
893.6200250577926,-73.93588511816813,-73.93588511816813
893.6300250577926,-73.9305943922461,-73.9305943922461
893.6400250577926,-73.92531371400987,-73.92531371400987
893.6500250577926,-73.92004338824903,-73.92004338824903
893.6600250577926,-73.9147837131208,-73.9147837131208
893.6700250577927,-73.90953498049056,-73.90953498049056
893.6800250577927,-73.90429747629301,-73.90429747629301
893.6900250577927,-73.89907148079223,-73.89907148079223
893.7000250577927,-73.8938572688733,-73.8938572688733
893.7100250577927,-73.88865511024144,-73.88865511024144
893.7200250577927,-73.88346526968436,-73.88346526968436
893.7300250577927,-73.87828800721783,-73.87828800721783
893.7400250577926,-73.87312357825539,-73.87312357825539
893.7500250577926,-73.86797223376189,-73.86797223376189
893.7600250577926,-73.86283422035471,-73.86283422035471
893.7700250577926,-73.8577097804312,-73.8577097804312
893.7800250577926,-73.8525991522582,-73.8525991522582
893.7900250577927,-73.84750257006161,-73.84750257006161
893.8000250577927,-73.84242026410334,-73.84242026410334
893.8100250577927,-73.83735246074677,-73.83735246074677
893.8200250577927,-73.83229938251756,-73.83229938251756
893.8300250577927,-73.82726124816062,-73.82726124816062
893.8400250577927,-73.82223827270032,-73.82223827270032
893.8500250577927,-73.81723066747114,-73.81723066747114
893.8600250577927,-73.81223864018226,-73.81223864018226
893.8700250577926,-73.8072623949407,-73.8072623949407
893.8800250577926,-73.80230213229355,-73.80230213229355
893.8900250577926,-73.79735804927279,-73.79735804927279
893.9000250577926,-73.79243033942556,-73.79243033942556
893.9100250577926,-73.7875191928579,-73.7875191928579
893.9200250577927,-73.78262479623562,-73.78262479623562
893.9300250577927,-73.77774733287751,-73.77774733287751
893.9400250577927,-73.7728869827032,-73.7728869827032
893.9500250577927,-73.7680439223451,-73.7680439223451
893.9600250577927,-73.76321832512016,-73.76321832512016
893.9700250577927,-73.75841036109267,-73.75841036109267
893.9800250577927,-73.75362019708649,-73.75362019708649
893.9900250577926,-73.74884799673495,-73.74884799673495
894.0000250577926,-73.7440939204775,-73.7440939204775
894.0100250577926,-73.7393581256303,-73.7393581256303
894.0200250577926,-73.73464076637715,-73.73464076637715
894.0300250577926,-73.7299419938255,-73.7299419938255
894.0400250577927,-73.72526195601039,-73.72526195601039
894.0500250577927,-73.72060079796248,-73.72060079796248
894.0600250577927,-73.7159586616959,-73.7159586616959
894.0700250577927,-73.7113356862629,-73.7113356862629
894.0800250577927,-73.7067320077736,-73.7067320077736
894.0900250577927,-73.70214775943305,-73.70214775943305
894.1000250577927,-73.69758307156448,-73.69758307156448
894.1100250577927,-73.69303807163483,-73.69303807163483
894.1200250577926,-73.68851288428877,-73.68851288428877
894.1300250577926,-73.6840076313943,-73.6840076313943
894.1400250577926,-73.67952243204921,-73.67952243204921
894.1500250577926,-73.67505740261711,-73.67505740261711
894.1600250577926,-73.67061265675505,-73.67061265675505
894.1700250577927,-73.66618830546321,-73.66618830546321
894.1800250577927,-73.6617844570961,-73.6617844570961
894.1900250577927,-73.65740121739192,-73.65740121739192
894.2000250816345,-73.65303867911412,-73.65303867911412
894.2100250816345,-73.64869696371026,-73.64869696371026
894.2200250816345,-73.6443761587939,-73.6443761587939
894.2300250816345,-73.64007635996258,-73.64007635996258
894.2400250816345,-73.6357976603474,-73.6357976603474
894.2500250816345,-73.63154015063584,-73.63154015063584
894.2600250816345,-73.62730391911322,-73.62730391911322
894.2700250816346,-73.6230890516822,-73.6230890516822
894.2800250816346,-73.61889563192136,-73.61889563192136
894.2900250816346,-73.6147237410708,-73.6147237410708
894.3000250816345,-73.61057345809046,-73.61057345809046
894.3100250816345,-73.60644485968966,-73.60644485968966
894.3200250816345,-73.60233802032931,-73.60233802032931
894.3300250816345,-73.59825301228047,-73.59825301228047
894.3400250816345,-73.59418990563964,-73.59418990563964
894.3500250816345,-73.59014876835836,-73.59014876835836
894.3600250816345,-73.58612966628279,-73.58612966628279
894.3700250816345,-73.58213266314695,-73.58213266314695
894.3800250816345,-73.5781578206354,-73.5781578206354
894.3900250816346,-73.57420519839899,-73.57420519839899
894.4000250816346,-73.57027485409064,-73.57027485409064
894.4100250816346,-73.56636684337336,-73.56636684337336
894.4200250816345,-73.56248121996089,-73.56248121996089
894.4300250816345,-73.55861803564817,-73.55861803564817
894.4400250816345,-73.5547773403206,-73.5547773403206
894.4500250816345,-73.55095918199885,-73.55095918199885
894.4600250816345,-73.54716360685879,-73.54716360685879
894.4700250816345,-73.54339065925511,-73.54339065925511
894.4800250816345,-73.5396403817409,-73.5396403817409
894.4900250816345,-73.53591281510774,-73.53591281510774
894.5000250816345,-73.53220799841387,-73.53220799841387
894.5100250816345,-73.52852596897458,-73.52852596897458
894.5200250816346,-73.52486676242287,-73.52486676242287
894.5300250816346,-73.52123041272921,-73.52123041272921
894.5400250816346,-73.51761695221823,-73.51761695221823
894.5500250816345,-73.51402641158236,-73.51402641158236
894.5600250816345,-73.51045881991627,-73.51045881991627
894.5700250816345,-73.5069142047635,-73.5069142047635
894.5800250816345,-73.50339259209093,-73.50339259209093
894.5900250816345,-73.49989400634401,-73.49989400634401
894.6000250816345,-73.49641847048416,-73.49641847048416
894.6100250816345,-73.4929660059633,-73.4929660059633
894.6200250816345,-73.48953663278498,-73.48953663278498
894.6300250816345,-73.48613036952645,-73.48613036952645
894.6400250816346,-73.48274723333286,-73.48274723333286
894.6500250816346,-73.47938723996431,-73.47938723996431
894.6600250816346,-73.47605040381106,-73.47605040381106
894.6700250816345,-73.47273673789675,-73.47273673789675
894.6800250816345,-73.46944625393162,-73.46944625393162
894.6900250816345,-73.46617896231032,-73.46617896231032
894.7000250816345,-73.46293487213379,-73.46293487213379
894.7100250816345,-73.45971399123617,-73.45971399123617
894.7200250816345,-73.4565163262094,-73.4565163262094
894.7300250816345,-73.45334188239751,-73.45334188239751
894.7400250816345,-73.45019066395568,-73.45019066395568
894.7500250816345,-73.44706267384271,-73.44706267384271
894.7600250816345,-73.44395791383394,-73.44395791383394
894.7700250816346,-73.44087638454607,-73.44087638454607
894.7800250816346,-73.43781808549282,-73.43781808549282
894.7900250816346,-73.43478301503922,-73.43478301503922
894.8000250816345,-73.43177117046478,-73.43177117046478
894.8100250816345,-73.42878254797424,-73.42878254797424
894.8200250816345,-73.42581714269535,-73.42581714269535
894.8300250816345,-73.42287494871651,-73.42287494871651
894.8400250816345,-73.41995595910404,-73.41995595910404
894.8500250816345,-73.41706016589418,-73.41706016589418
894.8600250816345,-73.41418756014453,-73.41418756014453
894.8700250816345,-73.41133813193295,-73.41133813193295
894.8800250816345,-73.40851187036252,-73.40851187036252
894.8900250816346,-73.40570876359641,-73.40570876359641
894.9000250816346,-73.40292879888084,-73.40292879888084
894.9100250816346,-73.40017196252626,-73.40017196252626
894.9200250816345,-73.39743823995305,-73.39743823995305
894.9300250816345,-73.39472761569523,-73.39472761569523
894.9400250816345,-73.39204007341718,-73.39204007341718
894.9500250816345,-73.38937559593501,-73.38937559593501
894.9600250816345,-73.38673416520936,-73.38673416520936
894.9700250816345,-73.38411576239294,-73.38411576239294
894.9800250816345,-73.38152036781767,-73.38152036781767
894.9900250816345,-73.37894796102381,-73.37894796102381
895.0000250816345,-73.37639852075262,-73.37639852075262
895.0100250816345,-73.37387202499593,-73.37387202499593
895.0200250816346,-73.37136845097507,-73.37136845097507
895.0300250816346,-73.36888777517295,-73.36888777517295
895.0400250816346,-73.36642997334681,-73.36642997334681
895.0500251054764,-73.36396272562116,-73.36396272562116
895.0600251054764,-73.36146996048566,-73.36146996048566
895.0700251054764,-73.35894183331415,-73.35894183331415
895.0800251054764,-73.35637179193319,-73.35637179193319
895.0900251054763,-73.35375537431267,-73.35375537431267
895.1000251054763,-73.35108950631295,-73.35108950631295
895.1100251054763,-73.34837204889998,-73.34837204889998
895.1200251054764,-73.34560150317326,-73.34560150317326
895.1300251054764,-73.34277681773563,-73.34277681773563
895.1400251054764,-73.33989726207494,-73.33989726207494
895.1500251054764,-73.33696234262246,-73.33696234262246
895.1600251054764,-73.33397174642529,-73.33397174642529
895.1700251054764,-73.33092530273034,-73.33092530273034
895.1800251054764,-73.32782295642475,-73.32782295642475
895.1900251054764,-73.32466474922873,-73.32466474922873
895.2000251054764,-73.32145080604641,-73.32145080604641
895.2100251054763,-73.31818132475516,-73.31818132475516
895.2200251054763,-73.31485656833763,-73.31485656833763
895.2300251054763,-73.31147685858097,-73.31147685858097
895.2400251054764,-73.30804257087321,-73.30804257087321
895.2500251054764,-73.30455412976039,-73.30455412976039
895.2600251054764,-73.30101200504336,-73.30101200504336
895.2700251054764,-73.29741670832321,-73.29741670832321
895.2800251054764,-73.29376878977679,-73.29376878977679
895.2900251054764,-73.29006883527383,-73.29006883527383
895.3000251054764,-73.28631746360128,-73.28631746360128
895.3100251054764,-73.28251532391334,-73.28251532391334
895.3200251054764,-73.27866309330625,-73.27866309330625
895.3300251054764,-73.27476147453685,-73.27476147453685
895.3400251054763,-73.27081119385333,-73.27081119385333
895.3500251054763,-73.26681299893107,-73.26681299893107
895.3600251054763,-73.26276765694362,-73.26276765694362
895.3700251054764,-73.25867595269715,-73.25867595269715
895.3800251054764,-73.25453868690727,-73.25453868690727
895.3900251054764,-73.25035667449114,-73.25035667449114
895.4000251054764,-73.24613074304855,-73.24613074304855
895.4100251054764,-73.24186173133202,-73.24186173133202
895.4200251054764,-73.23755048787284,-73.23755048787284
895.4300251054764,-73.23319786963532,-73.23319786963532
895.4400251054764,-73.22880474075491,-73.22880474075491
895.4500251054764,-73.22437197137215,-73.22437197137215
895.4600251054763,-73.21989405756239,-73.21989405756239
895.4700251054763,-73.21536909353442,-73.21536909353442
895.4800251054763,-73.21079661317201,-73.21079661317201
895.4900251054764,-73.20617681755468,-73.20617681755468
895.5000251054764,-73.20151027956096,-73.20151027956096
895.5100251054764,-73.19679778996587,-73.19679778996587
895.5200251054764,-73.19204026687943,-73.19204026687943
895.5300251054764,-73.18723870102788,-73.18723870102788
895.5400251054764,-73.18239412252854,-73.18239412252854
895.5500251054764,-73.17750758079139,-73.17750758079139
895.5600251054764,-73.17258013227566,-73.17258013227566
895.5700251054764,-73.16761283309931,-73.16761283309931
895.5800251054764,-73.16260673463407,-73.16260673463407
895.5900251054763,-73.15756288089598,-73.15756288089598
895.6000251054763,-73.15248230704955,-73.15248230704955
895.6100251054763,-73.14736603856346,-73.14736603856346
895.6200251054764,-73.14221509078999,-73.14221509078999
895.6300251054764,-73.13703046882199,-73.13703046882199
895.6400251054764,-73.1318131673694,-73.1318131673694
895.6500251054764,-73.12656417080612,-73.12656417080612
895.6600251054764,-73.12128445320545,-73.12128445320545
895.6700251054764,-73.11597497838967,-73.11597497838967
895.6800251054764,-73.11063669997006,-73.11063669997006
895.6900251054764,-73.10527056141387,-73.10527056141387
895.7000251054764,-73.09987749604385,-73.09987749604385
895.7100251054763,-73.09445842706998,-73.09445842706998
895.7200251054763,-73.08901426759236,-73.08901426759236
895.7300251054763,-73.08354592061718,-73.08354592061718
895.7400251054764,-73.07805427902024,-73.07805427902024
895.7500251054764,-73.07254022556285,-73.07254022556285
895.7600251054764,-73.0670046328694,-73.0670046328694
895.7700251054764,-73.06144836340444,-73.06144836340444
895.7800251054764,-73.0558722694755,-73.0558722694755
895.7900251054764,-73.05027719319598,-73.05027719319598
895.8000251054764,-73.04466396648812,-73.04466396648812
895.8100251054764,-73.03903341107437,-73.03903341107437
895.8200251054764,-73.0333863384404,-73.0333863384404
895.8300251054764,-73.02772354986965,-73.02772354986965
895.8400251054763,-73.02204583643015,-73.02204583643015
895.8500251054763,-73.01635397896699,-73.01635397896699
895.8600251054763,-73.01064874812057,-73.01064874812057
895.8700251054764,-73.0049309043359,-73.0049309043359
895.8800251054764,-72.99920119790507,-72.99920119790507
895.8900251054764,-72.9934603689316,-72.9934603689316
895.9000251293182,-72.98770913370869,-72.98770913370869
895.9100251293182,-72.98194823950077,-72.98194823950077
895.9200251293182,-72.97617838246053,-72.97617838246053
895.9300251293182,-72.97040026239489,-72.97040026239489
895.9400251293182,-72.96461456911136,-72.96461456911136
895.9500251293182,-72.95882198249276,-72.95882198249276
895.9600251293182,-72.95301681900855,-72.95301681900855
895.9700251293183,-72.94719696786015,-72.94719696786015
895.9800251293183,-72.94136174044668,-72.94136174044668
895.9900251293183,-72.93551110132097,-72.93551110132097
896.0000251293183,-72.92964537471448,-72.92964537471448
896.0100251293183,-72.92376509200494,-72.92376509200494
896.0200251293182,-72.91787090222154,-72.91787090222154
896.0300251293182,-72.9119635182964,-72.9119635182964
896.0400251293182,-72.9060436846928,-72.9060436846928
896.0500251293182,-72.90011215804702,-72.90011215804702
896.0600251293182,-72.89416969564118,-72.89416969564118
896.0700251293182,-72.88821704867736,-72.88821704867736
896.0800251293182,-72.88225495846457,-72.88225495846457
896.0900251293183,-72.87628415439633,-72.87628415439633
896.1000251293183,-72.87030535298555,-72.87030535298555
896.1100251293183,-72.8643192575241,-72.8643192575241
896.1200251293183,-72.85832655813704,-72.85832655813704
896.1300251293183,-72.85232793204513,-72.85232793204513
896.1400251293182,-72.84632404392327,-72.84632404392327
896.1500251293182,-72.84031554630516,-72.84031554630516
896.1600251293182,-72.83430307996828,-72.83430307996828
896.1700251293182,-72.82828727436093,-72.82828727436093
896.1800251293182,-72.8222687479483,-72.8222687479483
896.1900251293182,-72.81624810857198,-72.81624810857198
896.2000251293182,-72.81022595373913,-72.81022595373913
896.2100251293182,-72.80420287094589,-72.80420287094589
896.2200251293183,-72.79817943789385,-72.79817943789385
896.2300251293183,-72.79215622275218,-72.79215622275218
896.2400251293183,-72.78613378434284,-72.78613378434284
896.2500251293183,-72.78011267234899,-72.78011267234899
896.2600251293183,-72.7740934274947,-72.7740934274947
896.2700251293182,-72.76807658169011,-72.76807658169011
896.2800251293182,-72.76206265819049,-72.76206265819049
896.2900251293182,-72.75605217172746,-72.75605217172746
896.3000251293182,-72.75004562864545,-72.75004562864545
896.3100251293182,-72.74404352702703,-72.74404352702703
896.3200251293182,-72.73804635678717,-72.73804635678717
896.3300251293182,-72.73205459980016,-72.73205459980016
896.3400251293183,-72.72606873000048,-72.72606873000048
896.3500251293183,-72.72008921349517,-72.72008921349517
896.3600251293183,-72.71411650861846,-72.71411650861846
896.3700251293183,-72.70815106608119,-72.70815106608119
896.3800251293183,-72.70219332902369,-72.70219332902369
896.3900251293182,-72.69624373312205,-72.69624373312205
896.4000251293182,-72.69030270666792,-72.69030270666792
896.4100251293182,-72.68437067065653,-72.68437067065653
896.4200251293182,-72.6784480388819,-72.6784480388819
896.4300251293182,-72.6725352180052,-72.6725352180052
896.4400251293182,-72.66663260764624,-72.66663260764624
896.4500251293182,-72.66074060045936,-72.66074060045936
896.4600251293182,-72.65485958222641,-72.65485958222641
896.4700251293183,-72.64898993191294,-72.64898993191294
896.4800251293183,-72.64313202179731,-72.64313202179731
896.4900251293183,-72.63728621747994,-72.63728621747994
896.5000251293183,-72.63145287802008,-72.63145287802008
896.5100251293183,-72.62563235599498,-72.62563235599498
896.5200251293182,-72.61982499755855,-72.61982499755855
896.5300251293182,-72.61403114255306,-72.61403114255306
896.5400251293182,-72.60825112455447,-72.60825112455447
896.5500251293182,-72.60248527098868,-72.60248527098868
896.5600251293182,-72.5967339031611,-72.5967339031611
896.5700251293182,-72.59099733636631,-72.59099733636631
896.5800251293182,-72.58527587993558,-72.58527587993558
896.5900251293183,-72.57956983734339,-72.57956983734339
896.6000251293183,-72.57387950626617,-72.57387950626617
896.6100251293183,-72.56820517864999,-72.56820517864999
896.6200251293183,-72.56254714080038,-72.56254714080038
896.6300251293183,-72.55690567343166,-72.55690567343166
896.6400251293182,-72.55128105176082,-72.55128105176082
896.6500251293182,-72.54567354557172,-72.54567354557172
896.6600251293182,-72.54008341929536,-72.54008341929536
896.6700251293182,-72.53451093206947,-72.53451093206947
896.6800251293182,-72.52895633781498,-72.52895633781498
896.6900251293182,-72.52341988529953,-72.52341988529953
896.7000251293182,-72.51790181821217,-72.51790181821217
896.7100251293182,-72.51240237524073,-72.51240237524073
896.7200251293183,-72.5069217901306,-72.5069217901306
896.7300251293183,-72.50146029175208,-72.50146029175208
896.7400251293183,-72.49601810417974,-72.49601810417974
896.7500251531601,-72.49059543381695,-72.49059543381695
896.7600251531601,-72.48519252120656,-72.48519252120656
896.7700251531601,-72.47980956341934,-72.47980956341934
896.7800251531601,-72.47444676596456,-72.47444676596456
896.7900251531601,-72.46910432988676,-72.46910432988676
896.80002515316,-72.46378245179523,-72.46378245179523
896.81002515316,-72.45848132395935,-72.45848132395935
896.8200251531601,-72.45320113436786,-72.45320113436786
896.8300251531601,-72.44794206677525,-72.44794206677525
896.8400251531601,-72.44270430078791,-72.44270430078791
896.8500251531601,-72.43748801187184,-72.43748801187184
896.8600251531601,-72.43229337148264,-72.43229337148264
896.8700251531601,-72.4271205470892,-72.4271205470892
896.8800251531601,-72.42196970221735,-72.42196970221735
896.8900251531601,-72.41684099653675,-72.41684099653675
896.9000251531601,-72.41173458592152,-72.41173458592152
896.9100251531601,-72.40665062246622,-72.40665062246622
896.92002515316,-72.40158925458422,-72.40158925458422
896.93002515316,-72.39655062703751,-72.39655062703751
896.9400251531601,-72.39153488101056,-72.39153488101056
896.9500251531601,-72.38654215415285,-72.38654215415285
896.9600251531601,-72.38157258063997,-72.38157258063997
896.9700251531601,-72.37662629120945,-72.37662629120945
896.9800251531601,-72.37170341322204,-72.37170341322204
896.9900251531601,-72.36680407072988,-72.36680407072988
897.0000251531601,-72.36192838450786,-72.36192838450786
897.0100251531601,-72.35707647210327,-72.35707647210327
897.0200251531601,-72.35224844789514,-72.35224844789514
897.0300251531601,-72.34744442314177,-72.34744442314177
897.0400251531601,-72.34266450601694,-72.34266450601694
897.05002515316,-72.33790880168601,-72.33790880168601
897.06002515316,-72.33317741231595,-72.33317741231595
897.0700251531601,-72.3284704371478,-72.3284704371478
897.0800251531601,-72.32378797253337,-72.32378797253337
897.0900251531601,-72.31913011198492,-72.31913011198492
897.1000251531601,-72.3144969462093,-72.3144969462093
897.1100251531601,-72.30988856316847,-72.30988856316847
897.1200251531601,-72.30530504810156,-72.30530504810156
897.1300251531601,-72.30074648359587,-72.30074648359587
897.1400251531601,-72.29621294958979,-72.29621294958979
897.1500251531601,-72.29170452345916,-72.29170452345916
897.1600251531601,-72.28722128003332,-72.28722128003332
897.17002515316,-72.28276329162644,-72.28276329162644
897.18002515316,-72.27833062809678,-72.27833062809678
897.1900251531601,-72.27392335688343,-72.27392335688343
897.2000251531601,-72.26954154304165,-72.26954154304165
897.2100251531601,-72.26518524927565,-72.26518524927565
897.2200251531601,-72.26085453598277,-72.26085453598277
897.2300251531601,-72.25654946128016,-72.25654946128016
897.2400251531601,-72.25227008106552,-72.25227008106552
897.2500251531601,-72.24801644903047,-72.24801644903047
897.2600251531601,-72.24378861669344,-72.24378861669344
897.2700251531601,-72.23958663345705,-72.23958663345705
897.2800251531601,-72.23541054663619,-72.23541054663619
897.2900251531601,-72.23126040146207,-72.23126040146207
897.30002515316,-72.22713624116263,-72.22713624116263
897.31002515316,-72.22303810696434,-72.22303810696434
897.3200251531601,-72.21896603813164,-72.21896603813164
897.3300251531601,-72.214920072002,-72.214920072002
897.3400251531601,-72.2109002440129,-72.2109002440129
897.3500251531601,-72.20690658774316,-72.20690658774316
897.3600251531601,-72.20293913492509,-72.20293913492509
897.3700251531601,-72.1989979155045,-72.1989979155045
897.3800251531601,-72.19508295763646,-72.19508295763646
897.3900251531601,-72.19119428772525,-72.19119428772525
897.4000251531601,-72.18733193047855,-72.18733193047855
897.4100251531601,-72.18349590889838,-72.18349590889838
897.42002515316,-72.17968624433298,-72.17968624433298
897.43002515316,-72.17590295649943,-72.17590295649943
897.4400251531601,-72.17214606349867,-72.17214606349867
897.4500251531601,-72.16841558187079,-72.16841558187079
897.4600251531601,-72.16471152659096,-72.16471152659096
897.4700251531601,-72.16103391109836,-72.16103391109836
897.4800251531601,-72.1573827473521,-72.1573827473521
897.4900251531601,-72.15375804583117,-72.15375804583117
897.5000251531601,-72.15015981554488,-72.15015981554488
897.5100251531601,-72.14658806409349,-72.14658806409349
897.5200251531601,-72.14304279766918,-72.14304279766918
897.5300251531601,-72.13952402108497,-72.13952402108497
897.5400251531601,-72.13603173780628,-72.13603173780628
897.55002515316,-72.13256594994341,-72.13256594994341
897.56002515316,-72.12912665832344,-72.12912665832344
897.5700251531601,-72.12571386246337,-72.12571386246337
897.5800251531601,-72.12232756064003,-72.12232756064003
897.5900251531601,-72.11896774985277,-72.11896774985277
897.600025177002,-72.11563441797054,-72.11563441797054
897.610025177002,-72.11232757553378,-72.11232757553378
897.6200251770019,-72.10904720791932,-72.10904720791932
897.6300251770019,-72.10579330738933,-72.10579330738933
897.6400251770019,-72.10256586505544,-72.10256586505544
897.6500251770019,-72.0993648708907,-72.0993648708907
897.6600251770019,-72.09619031379222,-72.09619031379222
897.670025177002,-72.0930421815502,-72.0930421815502
897.680025177002,-72.08992046091238,-72.08992046091238
897.690025177002,-72.0868251375659,-72.0868251375659
897.700025177002,-72.08375619616538,-72.08375619616538
897.710025177002,-72.080707340721,-72.080707340721
897.720025177002,-72.07767581372335,-72.07767581372335
897.730025177002,-72.07466027147986,-72.07466027147986
897.7400251770019,-72.07166002425947,-72.07166002425947
897.7500251770019,-72.06867474622813,-72.06867474622813
897.7600251770019,-72.06570432465716,-72.06570432465716
897.7700251770019,-72.06274877145574,-72.06274877145574
897.7800251770019,-72.05980816995694,-72.05980816995694
897.790025177002,-72.05688264291804,-72.05688264291804
897.800025177002,-72.05397233334604,-72.05397233334604
897.810025177002,-72.05107739304755,-72.05107739304755
897.820025177002,-72.04819797595037,-72.04819797595037
897.830025177002,-72.04533423427968,-72.04533423427968
897.840025177002,-72.04248631650378,-72.04248631650378
897.850025177002,-72.03965436634242,-72.03965436634242
897.860025177002,-72.03683852234794,-72.03683852234794
897.8700251770019,-72.03403891793663,-72.03403891793663
897.8800251770019,-72.0312556815577,-72.0312556815577
897.8900251770019,-72.02848893698373,-72.02848893698373
897.9000251770019,-72.02573880365216,-72.02573880365216
897.9100251770019,-72.02300539699068,-72.02300539699068
897.920025177002,-72.02028882874953,-72.02028882874953
897.930025177002,-72.0175892072874,-72.0175892072874
897.940025177002,-72.01490663784578,-72.01490663784578
897.950025177002,-72.01224122278026,-72.01224122278026
897.960025177002,-72.00959306176549,-72.00959306176549
897.970025177002,-72.006962251987,-72.006962251987
897.980025177002,-72.00434888828457,-72.00434888828457
897.9900251770019,-72.00175306329362,-72.00175306329362
898.0000251770019,-71.99917486754211,-71.99917486754211
898.0100251770019,-71.99661438957696,-71.99661438957696
898.0200251770019,-71.99407171601658,-71.99407171601658
898.0300251770019,-71.99154693164249,-71.99154693164249
898.040025177002,-71.98904011943254,-71.98904011943254
898.050025177002,-71.9865513606524,-71.9865513606524
898.060025177002,-71.98408073485622,-71.98408073485622
898.070025177002,-71.98162831994954,-71.98162831994954
898.080025177002,-71.97919419220645,-71.97919419220645
898.090025177002,-71.97677842629437,-71.97677842629437
898.100025177002,-71.9743810953154,-71.9743810953154
898.110025177002,-71.97200227080342,-71.97200227080342
898.1200251770019,-71.96964202274482,-71.96964202274482
898.1300251770019,-71.9673004196023,-71.9673004196023
898.1400251770019,-71.96497752831914,-71.96497752831914
898.1500251770019,-71.96267341433072,-71.96267341433072
898.1600251770019,-71.96038814158342,-71.96038814158342
898.170025177002,-71.9581217725172,-71.9581217725172
898.180025177002,-71.95587436811793,-71.95587436811793
898.190025177002,-71.95364598788001,-71.95364598788001
898.200025177002,-71.95143668983705,-71.95143668983705
898.210025177002,-71.94924026179365,-71.94924026179365
898.220025177002,-71.94705402246474,-71.94705402246474
898.230025177002,-71.94487670108266,-71.94487670108266
898.2400251770019,-71.94270767905337,-71.94270767905337
898.2500251770019,-71.94054670049374,-71.94054670049374
898.2600251770019,-71.9383937217343,-71.9383937217343
898.2700251770019,-71.936248823037,-71.936248823037
898.2800251770019,-71.93411215554391,-71.93411215554391
898.290025177002,-71.93198390928812,-71.93198390928812
898.300025177002,-71.92986429408806,-71.92986429408806
898.310025177002,-71.92775352810612,-71.92775352810612
898.320025177002,-71.92565183117307,-71.92565183117307
898.330025177002,-71.9235594209781,-71.9235594209781
898.340025177002,-71.92147651099268,-71.92147651099268
898.350025177002,-71.91940330944857,-71.91940330944857
898.360025177002,-71.91734001897844,-71.91734001897844
898.3700251770019,-71.91528683656992,-71.91528683656992
898.3800251770019,-71.91324395374956,-71.91324395374956
898.3900251770019,-71.91121155688096,-71.91121155688096
898.4000251770019,-71.90918982746061,-71.90918982746061
898.4100251770019,-71.90717894246444,-71.90717894246444
898.420025177002,-71.90517907465907,-71.90517907465907
898.430025177002,-71.90319039289751,-71.90319039289751
898.440025177002,-71.90121306236564,-71.90121306236564
898.4500252008438,-71.89924724013929,-71.89924724013929
898.4600252008438,-71.89729309414929,-71.89729309414929
898.4700252008438,-71.89535077515914,-71.89535077515914
898.4800252008438,-71.89342043575864,-71.89342043575864
898.4900252008438,-71.89150222578103,-71.89150222578103
898.5000252008438,-71.88959629237928,-71.88959629237928
898.5100252008438,-71.88770278017373,-71.88770278017373
898.5200252008439,-71.88582183128806,-71.88582183128806
898.5300252008439,-71.88395358544138,-71.88395358544138
898.5400252008438,-71.8820981800084,-71.8820981800084
898.5500252008438,-71.88025575005328,-71.88025575005328
898.5600252008438,-71.87842642839856,-71.87842642839856
898.5700252008438,-71.87661034563764,-71.87661034563764
898.5800252008438,-71.87480763018226,-71.87480763018226
898.5900252008438,-71.87301840827548,-71.87301840827548
898.6000252008438,-71.87124280403567,-71.87124280403567
898.6100252008438,-71.86948093945388,-71.86948093945388
898.6200252008438,-71.86773293444156,-71.86773293444156
898.6300252008438,-71.86599890680613,-71.86599890680613
898.6400252008439,-71.86427897230502,-71.86427897230502
898.6500252008439,-71.8625732446544,-71.8625732446544
898.6600252008438,-71.8608818355024,-71.8608818355024
898.6700252008438,-71.85920485449677,-71.85920485449677
898.6800252008438,-71.85754240925412,-71.85754240925412
898.6900252008438,-71.85589460539873,-71.85589460539873
898.7000252008438,-71.85426154655148,-71.85426154655148
898.7100252008438,-71.85264333435644,-71.85264333435644
898.7200252008438,-71.85104006848623,-71.85104006848623
898.7300252008438,-71.84945184664149,-71.84945184664149
898.7400252008438,-71.84787876458375,-71.84787876458375
898.7500252008438,-71.84632091614348,-71.84632091614348
898.7600252008438,-71.84477839319266,-71.84477839319266
898.7700252008439,-71.84325128571875,-71.84325128571875
898.7800252008439,-71.84173968179104,-71.84173968179104
898.7900252008438,-71.84024366758132,-71.84024366758132
898.8000252008438,-71.83876332738299,-71.83876332738299
898.8100252008438,-71.83729874362521,-71.83729874362521
898.8200252008438,-71.8358499968812,-71.8358499968812
898.8300252008438,-71.83441716588418,-71.83441716588418
898.8400252008438,-71.83300032752322,-71.83300032752322
898.8500252008438,-71.83159955689227,-71.83159955689227
898.8600252008438,-71.83021492726468,-71.83021492726468
898.8700252008438,-71.82884651014719,-71.82884651014719
898.8800252008438,-71.82749437526671,-71.82749437526671
898.8900252008439,-71.82615859057744,-71.82615859057744
898.9000252008439,-71.82483922231793,-71.82483922231793
898.9100252008438,-71.8235363349793,-71.8235363349793
898.9200252008438,-71.82224999134979,-71.82224999134979
898.9300252008438,-71.82098025251828,-71.82098025251828
898.9400252008438,-71.81972717788888,-71.81972717788888
898.9500252008438,-71.81849082520648,-71.81849082520648
898.9600252008438,-71.81726499299121,-71.81726499299121
898.9700252008438,-71.81604700306777,-71.81604700306777
898.9800252008438,-71.8148355846227,-71.8148355846227
898.9900252008438,-71.81363011749092,-71.81363011749092
899.0000252008438,-71.81243034325867,-71.81243034325867
899.0100252008438,-71.81123621518208,-71.81123621518208
899.0200252008439,-71.81004781009072,-71.81004781009072
899.0300252008439,-71.80886527547936,-71.80886527547936
899.0400252008438,-71.80768879763697,-71.80768879763697
899.0500252008438,-71.80651858255675,-71.80651858255675
899.0600252008438,-71.80535484456779,-71.80535484456779
899.0700252008438,-71.80419779966799,-71.80419779966799
899.0800252008438,-71.80304766174133,-71.80304766174133
899.0900252008438,-71.8019046404648,-71.8019046404648
899.1000252008438,-71.80076894033155,-71.80076894033155
899.1100252008438,-71.79964076026076,-71.79964076026076
899.1200252008438,-71.79852029357463,-71.79852029357463
899.1300252008438,-71.79740772817783,-71.79740772817783
899.1400252008439,-71.79630324684427,-71.79630324684427
899.1500252008439,-71.79520702756108,-71.79520702756108
899.1600252008438,-71.794119243827,-71.794119243827
899.1700252008438,-71.79304006499046,-71.79304006499046
899.1800252008438,-71.79196965652827,-71.79196965652827
899.1900252008438,-71.79090818031891,-71.79090818031891
899.2000252008438,-71.78985579487602,-71.78985579487602
899.2100252008438,-71.78881265555,-71.78881265555
899.2200252008438,-71.78777891469963,-71.78777891469963
899.2300252008438,-71.78675472186089,-71.78675472186089
899.2400252008438,-71.78574022386361,-71.78574022386361
899.2500252008438,-71.78473556495878,-71.78473556495878
899.2600252008438,-71.78374088690403,-71.78374088690403
899.2700252008439,-71.7827563290582,-71.7827563290582
899.2800252008439,-71.78178202845712,-71.78178202845712
899.2900252008438,-71.78081811984363,-71.78081811984363
899.3000252246857,-71.77986473348776,-71.77986473348776
899.3100252246857,-71.77892200432073,-71.77892200432073
899.3200252246857,-71.77799005825419,-71.77799005825419
899.3300252246856,-71.7770690214174,-71.7770690214174
899.3400252246856,-71.77615901785859,-71.77615901785859
899.3500252246856,-71.7752601695664,-71.7752601695664
899.3600252246856,-71.77437259651975,-71.77437259651975
899.3700252246857,-71.77349641668016,-71.77349641668016
899.3800252246857,-71.77263174602425,-71.77263174602425
899.3900252246857,-71.77177869854482,-71.77177869854482
899.4000252246857,-71.77093738628525,-71.77093738628525
899.4100252246857,-71.77010791933384,-71.77010791933384
899.4200252246857,-71.76929040585547,-71.76929040585547
899.4300252246857,-71.7684849520894,-71.7684849520894
899.4400252246857,-71.76769166235997,-71.76769166235997
899.4500252246856,-71.76691063909612,-71.76691063909612
899.4600252246856,-71.7661419828456,-71.7661419828456
899.4700252246856,-71.76538579227461,-71.76538579227461
899.4800252246856,-71.76464216416984,-71.76464216416984
899.4900252246857,-71.76391119347645,-71.76391119347645
899.5000252246857,-71.7631929733069,-71.7631929733069
899.5100252246857,-71.76248759492357,-71.76248759492357
899.5200252246857,-71.76179514776571,-71.76179514776571
899.5300252246857,-71.76111571946961,-71.76111571946961
899.5400252246857,-71.7604493958664,-71.7604493958664
899.5500252246857,-71.75979626100434,-71.75979626100434
899.5600252246857,-71.75915639715923,-71.75915639715923
899.5700252246857,-71.7585298848404,-71.7585298848404
899.5800252246856,-71.75791680281517,-71.75791680281517
899.5900252246856,-71.75731722810096,-71.75731722810096
899.6000252246856,-71.75673123599957,-71.75673123599957
899.6100252246856,-71.75615890010339,-71.75615890010339
899.6200252246857,-71.75560029230692,-71.75560029230692
899.6300252246857,-71.75505548282442,-71.75505548282442
899.6400252246857,-71.75452454019106,-71.75452454019106
899.6500252246857,-71.75400753130594,-71.75400753130594
899.6600252246857,-71.75350452140913,-71.75350452140913
899.6700252246857,-71.75301557413202,-71.75301557413202
899.6800252246857,-71.75254075147765,-71.75254075147765
899.6900252246857,-71.75208011387245,-71.75208011387245
899.7000252246856,-71.7516337201538,-71.7516337201538
899.7100252246856,-71.7511953754889,-71.7511953754889
899.7200252246856,-71.7507624043905,-71.7507624043905
899.7300252246856,-71.75033353719292,-71.75033353719292
899.7400252246857,-71.74990815415693,-71.74990815415693
899.7500252246857,-71.74948599700652,-71.74948599700652
899.7600252246857,-71.7490670189428,-71.7490670189428
899.7700252246857,-71.74865129674961,-71.74865129674961
899.7800252246857,-71.7482389779064,-71.7482389779064
899.7900252246857,-71.7478302487916,-71.7478302487916
899.8000252246857,-71.7474253156262,-71.7474253156262
899.8100252246857,-71.74702439310713,-71.74702439310713
899.8200252246857,-71.74662769775468,-71.74662769775468
899.8300252246856,-71.74623544412005,-71.74623544412005
899.8400252246856,-71.74584784270833,-71.74584784270833
899.8500252246856,-71.74546509900206,-71.74546509900206
899.8600252246856,-71.7450874130218,-71.7450874130218
899.8700252246857,-71.74471497935902,-71.74471497935902
899.8800252246857,-71.74434798732892,-71.74434798732892
899.8900252246857,-71.74398662123036,-71.74398662123036
899.9000252246857,-71.7436310606954,-71.7436310606954
899.9100252246857,-71.74328148101337,-71.74328148101337
899.9200252246857,-71.74293805342444,-71.74293805342444
899.9300252246857,-71.74260094541692,-71.74260094541692
899.9400252246857,-71.74227032098193,-71.74227032098193
899.9500252246856,-71.74194634085774,-71.74194634085774
899.9600252246856,-71.7416291627115,-71.7416291627115
899.9700252246856,-71.74131894133545,-71.74131894133545
899.9800252246856,-71.74101582878058,-71.74101582878058
899.9900252246857,-71.7407199744807,-71.7407199744807
900.0000252246857,-71.74043152539689,-71.74043152539689
900.0100252246857,-71.7401506260737,-71.7401506260737
900.0200252246857,-71.73987741874772,-71.73987741874772
900.0300252246857,-71.73961204338912,-71.73961204338912
900.0400252246857,-71.73935463779357,-71.73935463779357
900.0500252246857,-71.73910533760571,-71.73910533760571
900.0600252246857,-71.73886427637366,-71.73886427637366
900.0700252246857,-71.738631585583,-71.738631585583
900.0800252246856,-71.73840739467708,-71.73840739467708
900.0900252246856,-71.7381918311149,-71.7381918311149
900.1000252246856,-71.73798502036767,-71.73798502036767
900.1100252246856,-71.7377870859338,-71.7377870859338
900.1200252246857,-71.73759814937725,-71.73759814937725
900.1300252246857,-71.7374183303416,-71.7374183303416
900.1400252246857,-71.73724774654947,-71.73724774654947
900.1500252485275,-71.73708651344455,-71.73708651344455
900.1600252485275,-71.73693474575366,-71.73693474575366
900.1700252485275,-71.73679255512118,-71.73679255512118
900.1800252485275,-71.73666005174137,-71.73666005174137
900.1900252485275,-71.73653734394655,-71.73653734394655
900.2000252485275,-71.7364245382322,-71.7364245382322
900.2100252485275,-71.73632173925516,-71.73632173925516
900.2200252485276,-71.73622904983178,-71.73622904983178
900.2300252485276,-71.73614657097701,-71.73614657097701
900.2400252485276,-71.73607440188475,-71.73607440188475
900.2500252485275,-71.73601263995975,-71.73601263995975
900.2600252485275,-71.73596138080555,-71.73596138080555
900.2700252485275,-71.735920718262,-71.735920718262
900.2800252485275,-71.73589074439947,-71.73589074439947
900.2900252485275,-71.73587154951336,-71.73587154951336
900.3000252485275,-71.73586322216975,-71.73586322216975
900.3100252485275,-71.73586584919212,-71.73586584919212
900.3200252485275,-71.73587951567279,-71.73587951567279
900.3300252485275,-71.73590430500364,-71.73590430500364
900.3400252485276,-71.7359402988677,-71.7359402988677
900.3500252485276,-71.7359875772606,-71.7359875772606
900.3600252485276,-71.73604621850104,-71.73604621850104
900.3700252485276,-71.73611629924117,-71.73611629924117
900.3800252485275,-71.73619789448223,-71.73619789448223
900.3900252485275,-71.73629107759078,-71.73629107759078
900.4000252485275,-71.73639592030673,-71.73639592030673
900.4100252485275,-71.73651249276108,-71.73651249276108
900.4200252485275,-71.7366408634816,-71.7366408634816
900.4300252485275,-71.73678109941534,-71.73678109941534
900.4400252485275,-71.73693326594561,-71.73693326594561
900.4500252485275,-71.73709742688499,-71.73709742688499
900.4600252485275,-71.73727364452512,-71.73727364452512
900.4700252485276,-71.73746197960908,-71.73746197960908
900.4800252485276,-71.73766249140641,-71.73766249140641
900.4900252485276,-71.73787523764352,-71.73787523764352
900.5000252485275,-71.73810027460117,-71.73810027460117
900.5100252485275,-71.73833765707894,-71.73833765707894
900.5200252485275,-71.73858743841859,-71.73858743841859
900.5300252485275,-71.73884967053775,-71.73884967053775
900.5400252485275,-71.73912440393255,-71.73912440393255
900.5500252485275,-71.73941168769827,-71.73941168769827
900.5600252485275,-71.73971156953479,-71.73971156953479
900.5700252485275,-71.74002409575748,-71.74002409575748
900.5800252485275,-71.74034931134173,-71.74034931134173
900.5900252485276,-71.7406872599052,-71.7406872599052
900.6000252485276,-71.74103798375343,-71.74103798375343
900.6100252485276,-71.74140152386897,-71.74140152386897
900.6200252485276,-71.74177791993644,-71.74177791993644
900.6300252485275,-71.74216721036896,-71.74216721036896
900.6400252485275,-71.74256943230723,-71.74256943230723
900.6500252485275,-71.74298462164614,-71.74298462164614
900.6600252485275,-71.74341281304494,-71.74341281304494
900.6700252485275,-71.74385403993757,-71.74385403993757
900.6800252485275,-71.74430833456411,-71.74430833456411
900.6900252485275,-71.74477572797548,-71.74477572797548
900.7000252485275,-71.7452562500432,-71.7452562500432
900.7100252485275,-71.74574992948033,-71.74574992948033
900.7200252485276,-71.74625679386266,-71.74625679386266
900.7300252485276,-71.74677686964326,-71.74677686964326
900.7400252485276,-71.74731018215269,-71.74731018215269
900.7500252485275,-71.74785675562678,-71.74785675562678
900.7600252485275,-71.74841661321912,-71.74841661321912
900.7700252485275,-71.74898977701743,-71.74898977701743
900.7800252485275,-71.74957626804114,-71.74957626804114
900.7900252485275,-71.75017610629052,-71.75017610629052
900.8000252485275,-71.75078931072116,-71.75078931072116
900.8100252485275,-71.75141589930233,-71.75141589930233
900.8200252485275,-71.75205588898253,-71.75205588898253
900.8300252485275,-71.75270929574967,-71.75270929574967
900.8400252485276,-71.75337613460108,-71.75337613460108
900.8500252485276,-71.75405641960178,-71.75405641960178
900.8600252485276,-71.75475016385711,-71.75475016385711
900.8700252485276,-71.7554573795527,-71.7554573795527
900.8800252485275,-71.75617807796218,-71.75617807796218
900.8900252485275,-71.7569122694529,-71.7569122694529
900.9000252485275,-71.75765996351257,-71.75765996351257
900.9100252485275,-71.75842116874897,-71.75842116874897
900.9200252485275,-71.75919589291954,-71.75919589291954
900.9300252485275,-71.75998414291823,-71.75998414291823
900.9400252485275,-71.76078592481598,-71.76078592481598
900.9500252485275,-71.76160124385096,-71.76160124385096
900.9600252485275,-71.76243010444878,-71.76243010444878
900.9700252485276,-71.7632725102559,-71.7632725102559
900.9800252485276,-71.76412846411675,-71.76412846411675
900.9900252485276,-71.76499796811312,-71.76499796811312
901.0000252723694,-71.76588102565738,-71.76588102565738
901.0100252723694,-71.76677763315345,-71.76677763315345
901.0200252723694,-71.76768779247648,-71.76768779247648
901.0300252723694,-71.76861150272632,-71.76861150272632
901.0400252723693,-71.76954876229391,-71.76954876229391
901.0500252723693,-71.77049956885558,-71.77049956885558
901.0600252723693,-71.77146391940084,-71.77146391940084
901.0700252723694,-71.77244181023163,-71.77244181023163
901.0800252723694,-71.77343323699745,-71.77343323699745
901.0900252723694,-71.77443819466153,-71.77443819466153
901.1000252723694,-71.77545667755882,-71.77545667755882
901.1100252723694,-71.77648867937316,-71.77648867937316
901.1200252723694,-71.77753419316366,-71.77753419316366
901.1300252723694,-71.77859321137652,-71.77859321137652
901.1400252723694,-71.77966572584012,-71.77966572584012
901.1500252723694,-71.7807517277974,-71.7807517277974
901.1600252723694,-71.78185120789341,-71.78185120789341
901.1700252723693,-71.78296415619707,-71.78296415619707
901.1800252723693,-71.78409056222218,-71.78409056222218
901.1900252723694,-71.78523041489304,-71.78523041489304
901.2000252723694,-71.78638370262524,-71.78638370262524
901.2100252723694,-71.78754415572539,-71.78754415572539
901.2200252723694,-71.78870902521604,-71.78870902521604
901.2300252723694,-71.7898769691557,-71.7898769691557
901.2400252723694,-71.79104729665237,-71.79104729665237
901.2500252723694,-71.79221967934895,-71.79221967934895
901.2600252723694,-71.79339400150111,-71.79339400150111
901.2700252723694,-71.79457027204711,-71.79457027204711
901.2800252723694,-71.79574857177552,-71.79574857177552
901.2900252723693,-71.79692902154457,-71.79692902154457
901.3000252723693,-71.79811176320298,-71.79811176320298
901.3100252723693,-71.79929694822953,-71.79929694822953
901.3200252723694,-71.80048473107654,-71.80048473107654
901.3300252723694,-71.80167526537478,-71.80167526537478
901.3400252723694,-71.8028687018105,-71.8028687018105
901.3500252723694,-71.80406518715374,-71.80406518715374
901.3600252723694,-71.80526486380562,-71.80526486380562
901.3700252723694,-71.80646786980199,-71.80646786980199
901.3800252723694,-71.8076743389441,-71.8076743389441
901.3900252723694,-71.80888440105738,-71.80888440105738
901.4000252723694,-71.81009818232643,-71.81009818232643
901.4100252723694,-71.81131580557374,-71.81131580557374
901.4200252723693,-71.81253739056062,-71.81253739056062
901.4300252723693,-71.81376305427314,-71.81376305427314
901.4400252723694,-71.81499291115493,-71.81499291115493
901.4500252723694,-71.81622707333459,-71.81622707333459
901.4600252723694,-71.817465650793,-71.817465650793
901.4700252723694,-71.8187087515405,-71.8187087515405
901.4800252723694,-71.81995648174893,-71.81995648174893
901.4900252723694,-71.82120894586518,-71.82120894586518
901.5000252723694,-71.82246624671808,-71.82246624671808
901.5100252723694,-71.82372848559837,-71.82372848559837
901.5200252723694,-71.82499576231449,-71.82499576231449
901.5300252723694,-71.82626817525755,-71.82626817525755
901.5400252723693,-71.82754582145952,-71.82754582145952
901.5500252723693,-71.8288287966222,-71.8288287966222
901.5600252723693,-71.83011719513537,-71.83011719513537
901.5700252723694,-71.83141111012135,-71.83141111012135
901.5800252723694,-71.83271063345315,-71.83271063345315
901.5900252723694,-71.8340158557544,-71.8340158557544
901.6000252723694,-71.83532686642597,-71.83532686642597
901.6100252723694,-71.83664375366206,-71.83664375366206
901.6200252723694,-71.83796660442935,-71.83796660442935
901.6300252723694,-71.83929550450185,-71.83929550450185
901.6400252723694,-71.84063053844791,-71.84063053844791
901.6500252723694,-71.84197178964489,-71.84197178964489
901.6600252723694,-71.84331934026986,-71.84331934026986
901.6700252723693,-71.8446732712999,-71.8446732712999
901.6800252723693,-71.84603366252595,-71.84603366252595
901.6900252723694,-71.84740059253905,-71.84740059253905
901.7000252723694,-71.8487741387507,-71.8487741387507
901.7100252723694,-71.8501543773546,-71.8501543773546
901.7200252723694,-71.85154138337717,-71.85154138337717
901.7300252723694,-71.85293523063214,-71.85293523063214
901.7400252723694,-71.8543359917392,-71.8543359917392
901.7500252723694,-71.85574373814556,-71.85574373814556
901.7600252723694,-71.85715854009206,-71.85715854009206
901.7700252723694,-71.8585804666215,-71.8585804666215
901.7800252723694,-71.86000958560508,-71.86000958560508
901.7900252723693,-71.86144596371561,-71.86144596371561
901.8000252723693,-71.86288966644692,-71.86288966644692
901.8100252723693,-71.86434075810827,-71.86434075810827
901.8200252723694,-71.86579930182491,-71.86579930182491
901.8300252723694,-71.86726535955957,-71.86726535955957
901.8400252723694,-71.86873899207743,-71.86873899207743
901.8500252962112,-71.87022026253167,-71.87022026253167
901.8600252962112,-71.87170922233399,-71.87170922233399
901.8700252962112,-71.87320593226696,-71.87320593226696
901.8800252962112,-71.87471044846342,-71.87471044846342
901.8900252962112,-71.87622282591818,-71.87622282591818
901.9000252962112,-71.87774311845604,-71.87774311845604
901.9100252962112,-71.8792713787983,-71.8792713787983
901.9200252962113,-71.88080765850061,-71.88080765850061
901.9300252962113,-71.88235200803014,-71.88235200803014
901.9400252962113,-71.88390447670704,-71.88390447670704
901.9500252962113,-71.88546511274714,-71.88546511274714
901.9600252962113,-71.88703396327868,-71.88703396327868
901.9700252962112,-71.88861107431296,-71.88861107431296
901.9800252962112,-71.89019649079626,-71.89019649079626
901.9900252962112,-71.89179025657893,-71.89179025657893
902.0000252962112,-71.89339241444601,-71.89339241444601
902.0100252962112,-71.89500300612781,-71.89500300612781
902.0200252962112,-71.89662207229205,-71.89662207229205
902.0300252962112,-71.8982496525641,-71.8982496525641
902.0400252962113,-71.89988578553621,-71.89988578553621
902.0500252962113,-71.90153050877315,-71.90153050877315
902.0600252962113,-71.90318385882797,-71.90318385882797
902.0700252962113,-71.904845871244,-71.904845871244
902.0800252962113,-71.90651658056228,-71.90651658056228
902.0900252962113,-71.90819602032423,-71.90819602032423
902.1000252962112,-71.9098842231195,-71.9098842231195
902.1100252962112,-71.91158122056254,-71.91158122056254
902.1200252962112,-71.9132870432905,-71.9132870432905
902.1300252962112,-71.91500172101706,-71.91500172101706
902.1400252962112,-71.91672528250294,-71.91672528250294
902.1500252962112,-71.91845775557701,-71.91845775557701
902.1600252962112,-71.92019916716357,-71.92019916716357
902.1700252962113,-71.92194954326357,-71.92194954326357
902.1800252962113,-71.92370890900222,-71.92370890900222
902.1900252962113,-71.92547728860319,-71.92547728860319
902.2000252962113,-71.92725470541008,-71.92725470541008
902.2100252962113,-71.92903491092306,-71.92903491092306
902.2200252962112,-71.93081518314983,-71.93081518314983
902.2300252962112,-71.93259420927953,-71.93259420927953
902.2400252962112,-71.93437132842018,-71.93437132842018
902.2500252962112,-71.93614624253755,-71.93614624253755
902.2600252962112,-71.93791886633096,-71.93791886633096
902.2700252962112,-71.93968923917313,-71.93968923917313
902.2800252962112,-71.94145747221215,-71.94145747221215
902.2900252962113,-71.94322371653703,-71.94322371653703
902.3000252962113,-71.94498814410599,-71.94498814410599
902.3100252962113,-71.94675093635372,-71.94675093635372
902.3200252962113,-71.94851227752483,-71.94851227752483
902.3300252962113,-71.95027235086651,-71.95027235086651
902.3400252962113,-71.9520313365066,-71.9520313365066
902.3500252962112,-71.9537894104583,-71.9537894104583
902.3600252962112,-71.95554674419637,-71.95554674419637
902.3700252962112,-71.95730350459964,-71.95730350459964
902.3800252962112,-71.95905985414228,-71.95905985414228
902.3900252962112,-71.96081595111255,-71.96081595111255
902.4000252962112,-71.96257194992621,-71.96257194992621
902.4100252962112,-71.96432800145303,-71.96432800145303
902.4200252962113,-71.9660842532683,-71.9660842532683
902.4300252962113,-71.96784084996392,-71.96784084996392
902.4400252962113,-71.96959793336872,-71.96959793336872
902.4500252962113,-71.97135564276279,-71.97135564276279
902.4600252962113,-71.97310784047563,-71.97310784047563
902.4700252962112,-71.97485191604683,-71.97485191604683
902.4800252962112,-71.97658666782186,-71.97658666782186
902.4900252962112,-71.97831154532058,-71.97831154532058
902.5000252962112,-71.9800263601463,-71.9800263601463
902.5100252962112,-71.9817311358324,-71.9817311358324
902.5200252962112,-71.98342601978061,-71.98342601978061
902.5300252962112,-71.98511123042572,-71.98511123042572
902.5400252962113,-71.98678702538551,-71.98678702538551
902.5500252962113,-71.98845368244109,-71.98845368244109
902.5600252962113,-71.9901114881249,-71.9901114881249
902.5700252962113,-71.991760731095,-71.991760731095
902.5800252962113,-71.993401698287,-71.993401698287
902.5900252962113,-71.9950346728736,-71.9950346728736
902.6000252962112,-71.99665993319435,-71.99665993319435
902.6100252962112,-71.99827775236096,-71.99827775236096
902.6200252962112,-71.99988839821367,-71.99988839821367
902.6300252962112,-72.00149213345479,-72.00149213345479
902.6400252962112,-72.00308921592419,-72.00308921592419
902.6500252962112,-72.00467989884994,-72.00467989884994
902.6600252962112,-72.00626443118983,-72.00626443118983
902.6700252962113,-72.00784305788798,-72.00784305788798
902.6800252962113,-72.00941602015955,-72.00941602015955
902.6900252962113,-72.01098355570022,-72.01098355570022
902.7000253200531,-72.01254590261846,-72.01254590261846
902.7100253200531,-72.01410328471857,-72.01410328471857
902.7200253200531,-72.01565593402343,-72.01565593402343
902.7300253200531,-72.01720407597173,-72.01720407597173
902.7400253200531,-72.01874793325955,-72.01874793325955
902.750025320053,-72.02028772592142,-72.02028772592142
902.760025320053,-72.02182367143048,-72.02182367143048
902.7700253200532,-72.02335598473616,-72.02335598473616
902.7800253200531,-72.02488487833374,-72.02488487833374
902.7900253200531,-72.02641056228572,-72.02641056228572
902.8000253200531,-72.02793324426372,-72.02793324426372
902.8100253200531,-72.02945312958647,-72.02945312958647
902.8200253200531,-72.03097042122494,-72.03097042122494
902.8300253200531,-72.032485319827,-72.032485319827
902.8400253200531,-72.03399802373143,-72.03399802373143
902.8500253200531,-72.03550872897321,-72.03550872897321
902.8600253200531,-72.0370176293068,-72.0370176293068
902.8700253200531,-72.03852491619081,-72.03852491619081
902.880025320053,-72.04003077881129,-72.04003077881129
902.8900253200532,-72.04153540406894,-72.04153540406894
902.9000253200531,-72.04303897661073,-72.04303897661073
902.9100253200531,-72.04454167879817,-72.04454167879817
902.9200253200531,-72.04604369073758,-72.04604369073758
902.9300253200531,-72.04754519026359,-72.04754519026359
902.9400253200531,-72.0490463529571,-72.0490463529571
902.9500253200531,-72.05054735213967,-72.05054735213967
902.9600253200531,-72.05204835887558,-72.05204835887558
902.9700253200531,-72.05354954199325,-72.05354954199325
902.9800253200531,-72.05505106807428,-72.05505106807428
902.9900253200531,-72.05655310144431,-72.05655310144431
903.000025320053,-72.0580558042096,-72.0580558042096
903.010025320053,-72.05955933623764,-72.05955933623764
903.0200253200532,-72.06106385518477,-72.06106385518477
903.0300253200531,-72.0625695164866,-72.0625695164866
903.0400253200531,-72.06407647337502,-72.06407647337502
903.0500253200531,-72.06558487686993,-72.06558487686993
903.0600253200531,-72.06709487582009,-72.06709487582009
903.0700253200531,-72.06860661688539,-72.06860661688539
903.0800253200531,-72.07012024455207,-72.07012024455207
903.0900253200531,-72.07163590115313,-72.07163590115313
903.1000253200531,-72.07315372686635,-72.07315372686635
903.1100253200531,-72.07467385973752,-72.07467385973752
903.1200253200531,-72.07619643568968,-72.07619643568968
903.130025320053,-72.07772158853098,-72.07772158853098
903.1400253200532,-72.07924944996522,-72.07924944996522
903.1500253200531,-72.08078014963152,-72.08078014963152
903.1600253200531,-72.08231381506803,-72.08231381506803
903.1700253200531,-72.08385057178275,-72.08385057178275
903.1800253200531,-72.0853905432309,-72.0853905432309
903.1900253200531,-72.08693385083083,-72.08693385083083
903.2000253200531,-72.08848061400755,-72.08848061400755
903.2100253200531,-72.09003095017952,-72.09003095017952
903.2200253200531,-72.09158497479285,-72.09158497479285
903.2300253200531,-72.0931428013356,-72.0931428013356
903.2400253200531,-72.09470454132735,-72.09470454132735
903.250025320053,-72.09627030438406,-72.09627030438406
903.260025320053,-72.09784019819341,-72.09784019819341
903.2700253200532,-72.0994143285599,-72.0994143285599
903.2800253200531,-72.10099279940745,-72.10099279940745
903.2900253200531,-72.10257571279135,-72.10257571279135
903.3000253200531,-72.1041631689396,-72.1041631689396
903.3100253200531,-72.10575526624865,-72.10575526624865
903.3200253200531,-72.10735210131081,-72.10735210131081
903.3300253200531,-72.10895376892678,-72.10895376892678
903.3400253200531,-72.11056036213783,-72.11056036213783
903.3500253200531,-72.11217197223904,-72.11217197223904
903.3600253200531,-72.11378868876783,-72.11378868876783
903.3700253200531,-72.11541059957646,-72.11541059957646
903.380025320053,-72.11703779080686,-72.11703779080686
903.3900253200532,-72.11867034693076,-72.11867034693076
903.4000253200531,-72.12030835076418,-72.12030835076418
903.4100253200531,-72.12195188347538,-72.12195188347538
903.4200253200531,-72.12360102461629,-72.12360102461629
903.4300253200531,-72.12525585214759,-72.12525585214759
903.4400253200531,-72.1269164424305,-72.1269164424305
903.4500253200531,-72.12858287026778,-72.12858287026778
903.4600253200531,-72.13025520891631,-72.13025520891631
903.4700253200531,-72.13193353010557,-72.13193353010557
903.4800253200531,-72.13361790405585,-72.13361790405585
903.4900253200531,-72.13530839949662,-72.13530839949662
903.500025320053,-72.13700508369027,-72.13700508369027
903.510025320053,-72.13870802242695,-72.13870802242695
903.5200253200532,-72.14041728007518,-72.14041728007518
903.5300253200531,-72.14213291958492,-72.14213291958492
903.5400253200531,-72.14385500250111,-72.14385500250111
903.550025343895,-72.14558359310294,-72.14558359310294
903.560025343895,-72.14731874198068,-72.14731874198068
903.5700253438949,-72.14906051067045,-72.14906051067045
903.5800253438949,-72.15080895528537,-72.15080895528537
903.5900253438949,-72.1525641306485,-72.1525641306485
903.6000253438949,-72.15432609027063,-72.15432609027063
903.6100253438949,-72.15609488638461,-72.15609488638461
903.620025343895,-72.15787056995372,-72.15787056995372
903.630025343895,-72.15965319072151,-72.15965319072151
903.640025343895,-72.16144279717928,-72.16144279717928
903.650025343895,-72.16323943661833,-72.16323943661833
903.660025343895,-72.16504315513241,-72.16504315513241
903.670025343895,-72.16685399764312,-72.16685399764312
903.680025343895,-72.1686720078971,-72.1686720078971
903.690025343895,-72.1704972285075,-72.1704972285075
903.7000253438949,-72.17232970095066,-72.17232970095066
903.7100253438949,-72.17416946558276,-72.17416946558276
903.7200253438949,-72.17601656167308,-72.17601656167308
903.7300253438949,-72.17787102740331,-72.17787102740331
903.740025343895,-72.1797328998775,-72.1797328998775
903.750025343895,-72.18160221516557,-72.18160221516557
903.760025343895,-72.18347900828446,-72.18347900828446
903.770025343895,-72.18536331322184,-72.18536331322184
903.780025343895,-72.18725516297108,-72.18725516297108
903.790025343895,-72.1891545895279,-72.1891545895279
903.800025343895,-72.19106162389686,-72.19106162389686
903.810025343895,-72.19297629613644,-72.19297629613644
903.8200253438949,-72.19489863533528,-72.19489863533528
903.8300253438949,-72.19682866965525,-72.19682866965525
903.8400253438949,-72.19876642632592,-72.19876642632592
903.8500253438949,-72.2007119316743,-72.2007119316743
903.8600253438949,-72.20266521111941,-72.20266521111941
903.870025343895,-72.20462628920765,-72.20462628920765
903.880025343895,-72.20659518961122,-72.20659518961122
903.890025343895,-72.20857193513908,-72.20857193513908
903.900025343895,-72.2105565477613,-72.2105565477613
903.910025343895,-72.21254904861158,-72.21254904861158
903.920025343895,-72.21454945800716,-72.21454945800716
903.930025343895,-72.2165577954553,-72.2165577954553
903.940025343895,-72.21857407966763,-72.21857407966763
903.9500253438949,-72.22059832856733,-72.22059832856733
903.9600253438949,-72.22263055931484,-72.22263055931484
903.9700253438949,-72.22467078830954,-72.22467078830954
903.9800253438949,-72.22671903119908,-72.22671903119908
903.990025343895,-72.22877530288706,-72.22877530288706
904.000025343895,-72.23083961757655,-72.23083961757655
904.010025343895,-72.23291198872634,-72.23291198872634
904.020025343895,-72.23499242911156,-72.23499242911156
904.030025343895,-72.2370809508112,-72.2370809508112
904.040025343895,-72.23917756520837,-72.23917756520837
904.050025343895,-72.2412822830374,-72.2412822830374
904.060025343895,-72.2433951143628,-72.2433951143628
904.0700253438949,-72.2455160685906,-72.2455160685906
904.0800253438949,-72.24764515449476,-72.24764515449476
904.0900253438949,-72.249782380212,-72.249782380212
904.1000253438949,-72.251927753276,-72.251927753276
904.1100253438949,-72.2540812805976,-72.2540812805976
904.120025343895,-72.25624296848021,-72.25624296848021
904.130025343895,-72.25841282265345,-72.25841282265345
904.140025343895,-72.2605908482518,-72.2605908482518
904.150025343895,-72.26277704983494,-72.26277704983494
904.160025343895,-72.26497143141488,-72.26497143141488
904.170025343895,-72.26717399643572,-72.26717399643572
904.180025343895,-72.26938474780064,-72.26938474780064
904.190025343895,-72.2716036878772,-72.2716036878772
904.2000253438949,-72.27383081850977,-72.27383081850977
904.2100253438949,-72.27606614100497,-72.27606614100497
904.2200253438949,-72.27830965617387,-72.27830965617387
904.2300253438949,-72.28056136432825,-72.28056136432825
904.240025343895,-72.2828212652732,-72.2828212652732
904.250025343895,-72.28508935834238,-72.28508935834238
904.260025343895,-72.2873656423724,-72.2873656423724
904.270025343895,-72.28965011574411,-72.28965011574411
904.280025343895,-72.2919427763652,-72.2919427763652
904.290025343895,-72.29424362169881,-72.29424362169881
904.300025343895,-72.29655264875136,-72.29655264875136
904.310025343895,-72.2988698541002,-72.2988698541002
904.3200253438949,-72.30119523387404,-72.30119523387404
904.3300253438949,-72.3035287837815,-72.3035287837815
904.3400253438949,-72.30587049912542,-72.30587049912542
904.3500253438949,-72.30822037478372,-72.30822037478372
904.3600253438949,-72.31057840523293,-72.31057840523293
904.370025343895,-72.31294458455119,-72.31294458455119
904.380025343895,-72.3153189064274,-72.3153189064274
904.390025343895,-72.31770136416861,-72.31770136416861
904.4000253677368,-72.32009195639367,-72.32009195639367
904.4100253677368,-72.3224906642988,-72.3224906642988
904.4200253677368,-72.32489748572993,-72.32489748572993
904.4300253677368,-72.3273124125185,-72.3273124125185
904.4400253677368,-72.32973543615404,-72.32973543615404
904.4500253677368,-72.33216654776155,-72.33216654776155
904.4600253677368,-72.33459943023793,-72.33459943023793
904.4700253677369,-72.3370313124245,-72.3370313124245
904.4800253677369,-72.33946084048274,-72.33946084048274
904.4900253677368,-72.34188731648533,-72.34188731648533
904.5000253677368,-72.34431040785279,-72.34431040785279
904.5100253677368,-72.346729996451,-72.346729996451
904.5200253677368,-72.34914609007427,-72.34914609007427
904.5300253677368,-72.35155876928899,-72.35155876928899
904.5400253677368,-72.35396815546481,-72.35396815546481
904.5500253677368,-72.35637439156962,-72.35637439156962
904.5600253677368,-72.35877763075872,-72.35877763075872
904.5700253677368,-72.3611780296237,-72.3611780296237
904.5800253677368,-72.36357574437598,-72.36357574437598
904.5900253677369,-72.36597092872465,-72.36597092872465
904.6000253677369,-72.36836373283369,-72.36836373283369
904.6100253677369,-72.37075430288465,-72.37075430288465
904.6200253677368,-72.37314278103041,-72.37314278103041
904.6300253677368,-72.37552930554476,-72.37552930554476
904.6400253677368,-72.3779140110548,-72.3779140110548
904.6500253677368,-72.38029702883767,-72.38029702883767
904.6600253677368,-72.38267848712518,-72.38267848712518
904.6700253677368,-72.38505851136905,-72.38505851136905
904.6800253677368,-72.38743722452621,-72.38743722452621
904.6900253677368,-72.3898147472771,-72.3898147472771
904.7000253677368,-72.392191198217,-72.392191198217
904.7100253677368,-72.39456669406744,-72.39456669406744
904.7200253677369,-72.3969413498092,-72.3969413498092
904.7300253677369,-72.39931527880874,-72.39931527880874
904.7400253677368,-72.40168859293911,-72.40168859293911
904.7500253677368,-72.40406140264881,-72.40406140264881
904.7600253677368,-72.40643381707399,-72.40643381707399
904.7700253677368,-72.4088059440506,-72.4088059440506
904.7800253677368,-72.41117789020149,-72.41117789020149
904.7900253677368,-72.41354976097222,-72.41354976097222
904.8000253677368,-72.41592166064777,-72.41592166064777
904.8100253677368,-72.41829369238293,-72.41829369238293
904.8200253677368,-72.42066595823425,-72.42066595823425
904.8300253677368,-72.42303855915989,-72.42303855915989
904.8400253677369,-72.42541159503989,-72.42541159503989
904.8500253677369,-72.4277851646843,-72.4277851646843
904.8600253677369,-72.43015936581874,-72.43015936581874
904.8700253677368,-72.43253429511299,-72.43253429511299
904.8800253677368,-72.43491004816835,-72.43491004816835
904.8900253677368,-72.43728671951499,-72.43728671951499
904.9000253677368,-72.43966440261234,-72.43966440261234
904.9100253677368,-72.44204318985956,-72.44204318985956
904.9200253677368,-72.44442317257523,-72.44442317257523
904.9300253677368,-72.44680444100841,-72.44680444100841
904.9400253677368,-72.44918708431847,-72.44918708431847
904.9500253677368,-72.45157119058071,-72.45157119058071
904.9600253677368,-72.45395684678059,-72.45395684678059
904.9700253677369,-72.45634413881795,-72.45634413881795
904.9800253677369,-72.45873315150604,-72.45873315150604
904.9900253677368,-72.46112396854643,-72.46112396854643
905.0000253677368,-72.46351667254936,-72.46351667254936
905.0100253677368,-72.46591134501888,-72.46591134501888
905.0200253677368,-72.46830806636338,-72.46830806636338
905.0300253677368,-72.47070691587399,-72.47070691587399
905.0400253677368,-72.47310797174437,-72.47310797174437
905.0500253677368,-72.47551131105239,-72.47551131105239
905.0600253677368,-72.4779170097836,-72.4779170097836
905.0700253677368,-72.4803251427989,-72.4803251427989
905.0800253677368,-72.48273578386072,-72.48273578386072
905.0900253677369,-72.48514900562655,-72.48514900562655
905.1000253677369,-72.48756487966541,-72.48756487966541
905.1100253677369,-72.48998347641833,-72.48998347641833
905.1200253677368,-72.4924048652363,-72.4924048652363
905.1300253677368,-72.49482911437335,-72.49482911437335
905.1400253677368,-72.49725629100153,-72.49725629100153
905.1500253677368,-72.49968646118832,-72.49968646118832
905.1600253677368,-72.50211968991951,-72.50211968991951
905.1700253677368,-72.50455604110128,-72.50455604110128
905.1800253677368,-72.50699557757015,-72.50699557757015
905.1900253677368,-72.50943836107382,-72.50943836107382
905.2000253677368,-72.51188445230045,-72.51188445230045
905.2100253677368,-72.51433391088457,-72.51433391088457
905.2200253677369,-72.51678679539326,-72.51678679539326
905.2300253677369,-72.51924316335376,-72.51924316335376
905.2400253677368,-72.52170307124888,-72.52170307124888
905.2500253915787,-72.52416658038837,-72.52416658038837
905.2600253915787,-72.52663373348064,-72.52663373348064
905.2700253915787,-72.52910458975367,-72.52910458975367
905.2800253915786,-72.5315792015948,-72.5315792015948
905.2900253915786,-72.53405762037086,-72.53405762037086
905.3000253915786,-72.53653989646108,-72.53653989646108
905.3100253915786,-72.5390260792451,-72.5390260792451
905.3200253915787,-72.54151621711527,-72.54151621711527
905.3300253915787,-72.54401035750446,-72.54401035750446
905.3400253915787,-72.54650854685683,-72.54650854685683
905.3500253915787,-72.54901083067777,-72.54901083067777
905.3600253915787,-72.55151725351139,-72.55151725351139
905.3700253915787,-72.55402785896023,-72.55402785896023
905.3800253915787,-72.55654268968989,-72.55654268968989
905.3900253915787,-72.5590617874586,-72.5590617874586
905.4000253915787,-72.56158519310537,-72.56158519310537
905.4100253915786,-72.56411294654636,-72.56411294654636
905.4200253915786,-72.5666450868166,-72.5666450868166
905.4300253915786,-72.56918165206596,-72.56918165206596
905.4400253915787,-72.57172267955465,-72.57172267955465
905.4500253915787,-72.57426820568972,-72.57426820568972
905.4600253915787,-72.57681826600019,-72.57681826600019
905.4700253915787,-72.57937289517996,-72.57937289517996
905.4800253915787,-72.58193212707765,-72.58193212707765
905.4900253915787,-72.5844959947037,-72.5844959947037
905.5000253915787,-72.58706453025933,-72.58706453025933
905.5100253915787,-72.58963776511439,-72.58963776511439
905.5200253915787,-72.59221572985305,-72.59221572985305
905.5300253915786,-72.59479845425396,-72.59479845425396
905.5400253915786,-72.59738596732397,-72.59738596732397
905.5500253915786,-72.59997829728395,-72.59997829728395
905.5600253915786,-72.60257547158595,-72.60257547158595
905.5700253915787,-72.60517751693453,-72.60517751693453
905.5800253915787,-72.60778445928213,-72.60778445928213
905.5900253915787,-72.6103963238534,-72.6103963238534
905.6000253915787,-72.61301313512253,-72.61301313512253
905.6100253915787,-72.61563491686157,-72.61563491686157
905.6200253915787,-72.61826169212397,-72.61826169212397
905.6300253915787,-72.62089348327267,-72.62089348327267
905.6400253915787,-72.6235303119603,-72.6235303119603
905.6500253915787,-72.62617219917313,-72.62617219917313
905.6600253915786,-72.6288191652094,-72.6288191652094
905.6700253915786,-72.63147122972242,-72.63147122972242
905.6800253915786,-72.63412841167985,-72.63412841167985
905.6900253915787,-72.63679072941113,-72.63679072941113
905.7000253915787,-72.63945820062614,-72.63945820062614
905.7100253915787,-72.6421308423885,-72.6421308423885
905.7200253915787,-72.64480867113151,-72.64480867113151
905.7300253915787,-72.64749170269485,-72.64749170269485
905.7400253915787,-72.65017995229117,-72.65017995229117
905.7500253915787,-72.65287343456708,-72.65287343456708
905.7600253915787,-72.6555721635488,-72.6555721635488
905.7700253915787,-72.65827615269441,-72.65827615269441
905.7800253915786,-72.66098541490194,-72.66098541490194
905.7900253915786,-72.66369996248528,-72.66369996248528
905.8000253915786,-72.66641980722486,-72.66641980722486
905.8100253915786,-72.66914496033438,-72.66914496033438
905.8200253915787,-72.67187543249949,-72.67187543249949
905.8300253915787,-72.67461123387011,-72.67461123387011
905.8400253915787,-72.67735237406642,-72.67735237406642
905.8500253915787,-72.68009886220159,-72.68009886220159
905.8600253915787,-72.68285070687425,-72.68285070687425
905.8700253915787,-72.68560791618134,-72.68560791618134
905.8800253915787,-72.6883704977339,-72.6883704977339
905.8900253915787,-72.69113845864528,-72.69113845864528
905.9000253915787,-72.69391180555958,-72.69391180555958
905.9100253915786,-72.69669054463635,-72.69669054463635
905.9200253915786,-72.69947468158449,-72.69947468158449
905.9300253915786,-72.70226422163917,-72.70226422163917
905.9400253915787,-72.70505916960029,-72.70505916960029
905.9500253915787,-72.70785952982108,-72.70785952982108
905.9600253915787,-72.71066530620625,-72.71066530620625
905.9700253915787,-72.7134765022397,-72.7134765022397
905.9800253915787,-72.71629312097977,-72.71629312097977
905.9900253915787,-72.71911516506553,-72.71911516506553
906.0000253915787,-72.72194263672758,-72.72194263672758
906.0100253915787,-72.72477553778761,-72.72477553778761
906.0200253915787,-72.72761386967335,-72.72761386967335
906.0300253915786,-72.73045763342394,-72.73045763342394
906.0400253915786,-72.73330682968614,-72.73330682968614
906.0500253915786,-72.73616145873424,-72.73616145873424
906.0600253915786,-72.73902152046196,-72.73902152046196
906.0700253915787,-72.74188701440488,-72.74188701440488
906.0800253915787,-72.74475793972496,-72.74475793972496
906.0900253915787,-72.74763429524279,-72.74763429524279
906.1000254154205,-72.75051608628321,-72.75051608628321
906.1100254154205,-72.75340329725759,-72.75340329725759
906.1200254154205,-72.75629593278549,-72.75629593278549
906.1300254154205,-72.75919399031329,-72.75919399031329
906.1400254154205,-72.76209746697413,-72.76209746697413
906.1500254154205,-72.765006359552,-72.765006359552
906.1600254154205,-72.76792066454041,-72.76792066454041
906.1700254154206,-72.77084037809898,-72.77084037809898
906.1800254154206,-72.77376549610361,-72.77376549610361
906.1900254154206,-72.77669601410855,-72.77669601410855
906.2000254154206,-72.77963192738436,-72.77963192738436
906.2100254154205,-72.78257323090742,-72.78257323090742
906.2200254154205,-72.78551991936925,-72.78551991936925
906.2300254154205,-72.78847198717152,-72.78847198717152
906.2400254154205,-72.79142942844591,-72.79142942844591
906.2500254154205,-72.79439223705998,-72.79439223705998
906.2600254154205,-72.79736040659994,-72.79736040659994
906.2700254154205,-72.80033393040398,-72.80033393040398
906.2800254154205,-72.80331280153958,-72.80331280153958
906.2900254154206,-72.80629701282301,-72.80629701282301
906.3000254154206,-72.80928655683155,-72.80928655683155
906.3100254154206,-72.81228142588273,-72.81228142588273
906.3200254154206,-72.81528161207149,-72.81528161207149
906.3300254154206,-72.8182871072397,-72.8182871072397
906.3400254154205,-72.82129790300546,-72.82129790300546
906.3500254154205,-72.824313990759,-72.824313990759
906.3600254154205,-72.82733536167052,-72.82733536167052
906.3700254154205,-72.83036200667986,-72.83036200667986
906.3800254154205,-72.83339391652143,-72.83339391652143
906.3900254154205,-72.83643108171303,-72.83643108171303
906.4000254154205,-72.83947349256583,-72.83947349256583
906.4100254154205,-72.84252113919142,-72.84252113919142
906.4200254154206,-72.8455740114842,-72.8455740114842
906.4300254154206,-72.84863209916283,-72.84863209916283
906.4400254154206,-72.85169539174602,-72.85169539174602
906.4500254154206,-72.85476387855762,-72.85476387855762
906.4600254154205,-72.85783754873991,-72.85783754873991
906.4700254154205,-72.86091639125323,-72.86091639125323
906.4800254154205,-72.8640003948731,-72.8640003948731
906.4900254154205,-72.86708954820222,-72.86708954820222
906.5000254154205,-72.87018383968439,-72.87018383968439
906.5100254154205,-72.8732832575745,-72.8732832575745
906.5200254154205,-72.8763877899731,-72.8763877899731
906.5300254154205,-72.87949742481128,-72.87949742481128
906.5400254154206,-72.88261214986206,-72.88261214986206
906.5500254154206,-72.88573195275754,-72.88573195275754
906.5600254154206,-72.88885682095594,-72.88885682095594
906.5700254154206,-72.89198674178611,-72.89198674178611
906.5800254154206,-72.89512170240653,-72.89512170240653
906.5900254154205,-72.89826168983915,-72.89826168983915
906.6000254154205,-72.90140669097438,-72.90140669097438
906.6100254154205,-72.90455669255775,-72.90455669255775
906.6200254154205,-72.90771168119899,-72.90771168119899
906.6300254154205,-72.91087164337374,-72.91087164337374
906.6400254154205,-72.91403656543007,-72.91403656543007
906.6500254154205,-72.91720643359017,-72.91720643359017
906.6600254154205,-72.92038123394974,-72.92038123394974
906.6700254154206,-72.92356095247202,-72.92356095247202
906.6800254154206,-72.92674557502275,-72.92674557502275
906.6900254154206,-72.92993508733794,-72.92993508733794
906.7000254154206,-72.93312947504003,-72.93312947504003
906.7100254154205,-72.9363223597131,-72.9363223597131
906.7200254154205,-72.93951093760901,-72.93951093760901
906.7300254154205,-72.94269383402951,-72.94269383402951
906.7400254154205,-72.94587033579295,-72.94587033579295
906.7500254154205,-72.94904009830269,-72.94904009830269
906.7600254154205,-72.95220299348478,-72.95220299348478
906.7700254154205,-72.95535902057648,-72.95535902057648
906.7800254154205,-72.95850825263027,-72.95850825263027
906.7900254154206,-72.96165080427717,-72.96165080427717
906.8000254154206,-72.96478681239809,-72.96478681239809
906.8100254154206,-72.96791642459533,-72.96791642459533
906.8200254154206,-72.97103979241506,-72.97103979241506
906.8300254154206,-72.97415706746578,-72.97415706746578
906.8400254154205,-72.97726839926607,-72.97726839926607
906.8500254154205,-72.98037393418456,-72.98037393418456
906.8600254154205,-72.98347381498574,-72.98347381498574
906.8700254154205,-72.98656818076513,-72.98656818076513
906.8800254154205,-72.98965716706388,-72.98965716706388
906.8900254154205,-72.99274090611053,-72.99274090611053
906.9000254154205,-72.99581952710487,-72.99581952710487
906.9100254154205,-72.998893156491,-72.998893156491
906.9200254154206,-73.00196191823927,-73.00196191823927
906.9300254154206,-73.00502593409782,-73.00502593409782
906.9400254154206,-73.00808532380034,-73.00808532380034
906.9500254392624,-73.01114021256417,-73.01114021256417
906.9600254392624,-73.01418433166911,-73.01418433166911
906.9700254392624,-73.01721501137294,-73.01721501137294
906.9800254392624,-73.02023100391801,-73.02023100391801
906.9900254392624,-73.02323172260772,-73.02323172260772
907.0000254392623,-73.02621694865736,-73.02621694865736
907.0100254392623,-73.02918667901177,-73.02918667901177
907.0200254392624,-73.03214103717515,-73.03214103717515
907.0300254392624,-73.03508021963303,-73.03508021963303
907.0400254392624,-73.03800446364056,-73.03800446364056
907.0500254392624,-73.04091402790726,-73.04091402790726
907.0600254392624,-73.04380918105998,-73.04380918105998
907.0700254392624,-73.04669019488838,-73.04669019488838
907.0800254392624,-73.04955734044078,-73.04955734044078
907.0900254392624,-73.0524108858808,-73.0524108858808
907.1000254392624,-73.0552510954221,-73.0552510954221
907.1100254392624,-73.05807822888481,-73.05807822888481
907.1200254392623,-73.06089254157679,-73.06089254157679
907.1300254392623,-73.06369428445407,-73.06369428445407
907.1400254392624,-73.06648370432904,-73.06648370432904
907.1500254392624,-73.0692610441545,-73.0692610441545
907.1600254392624,-73.07202654326109,-73.07202654326109
907.1700254392624,-73.07478043764546,-73.07478043764546
907.1800254392624,-73.07752296021391,-73.07752296021391
907.1900254392624,-73.08025434099687,-73.08025434099687
907.2000254392624,-73.08297480731916,-73.08297480731916
907.2100254392624,-73.08568458396401,-73.08568458396401
907.2200254392624,-73.08838389332169,-73.08838389332169
907.2300254392624,-73.0910729554781,-73.0910729554781
907.2400254392624,-73.09375198831798,-73.09375198831798
907.2500254392623,-73.09642120761535,-73.09642120761535
907.2600254392623,-73.09908082705356,-73.09908082705356
907.2700254392624,-73.10173105831875,-73.10173105831875
907.2800254392624,-73.10437211111294,-73.10437211111294
907.2900254392624,-73.10700419317104,-73.10700419317104
907.3000254392624,-73.10962751030671,-73.10962751030671
907.3100254392624,-73.11224226640516,-73.11224226640516
907.3200254392624,-73.11484866345745,-73.11484866345745
907.3300254392624,-73.11744690154275,-73.11744690154275
907.3400254392624,-73.1200371788326,-73.1200371788326
907.3500254392624,-73.12261969161032,-73.12261969161032
907.3600254392624,-73.1251946342501,-73.1251946342501
907.3700254392623,-73.12776219921831,-73.12776219921831
907.3800254392623,-73.13032257707539,-73.13032257707539
907.3900254392624,-73.13287595646156,-73.13287595646156
907.4000254392624,-73.13542252409378,-73.13542252409378
907.4100254392624,-73.13796246476599,-73.13796246476599
907.4200254392624,-73.14049596132497,-73.14049596132497
907.4300254392624,-73.14302319469141,-73.14302319469141
907.4400254392624,-73.14554434383211,-73.14554434383211
907.4500254392624,-73.1480595857724,-73.1480595857724
907.4600254392624,-73.15056271464262,-73.15056271464262
907.4700254392624,-73.1530511079108,-73.1530511079108
907.4800254392624,-73.1555235743573,-73.1555235743573
907.4900254392624,-73.15797958428182,-73.15797958428182
907.5000254392623,-73.16041897576049,-73.16041897576049
907.5100254392623,-73.16284180211099,-73.16284180211099
907.5200254392624,-73.16524824248255,-73.16524824248255
907.5300254392624,-73.16763854818511,-73.16763854818511
907.5400254392624,-73.17001301034183,-73.17001301034183
907.5500254392624,-73.17237194053479,-73.17237194053479
907.5600254392624,-73.17471565923759,-73.17471565923759
907.5700254392624,-73.17704448902046,-73.17704448902046
907.5800254392624,-73.17935875064603,-73.17935875064603
907.5900254392624,-73.18165876091467,-73.18165876091467
907.6000254392624,-73.1839448316057,-73.1839448316057
907.6100254392624,-73.18621726902443,-73.18621726902443
907.6200254392623,-73.18847637392514,-73.18847637392514
907.6300254392623,-73.1907224416657,-73.1907224416657
907.6400254392624,-73.19295576241353,-73.19295576241353
907.6500254392624,-73.1951766214598,-73.1951766214598
907.6600254392624,-73.19738529948857,-73.19738529948857
907.6700254392624,-73.19958207285895,-73.19958207285895
907.6800254392624,-73.20176721387715,-73.20176721387715
907.6900254392624,-73.20394099101622,-73.20394099101622
907.7000254392624,-73.20610366912805,-73.20610366912805
907.7100254392624,-73.20825550961311,-73.20825550961311
907.7200254392624,-73.21039677059046,-73.21039677059046
907.7300254392624,-73.21252770699935,-73.21252770699935
907.7400254392624,-73.21464857074992,-73.21464857074992
907.7500254392623,-73.21675961078377,-73.21675961078377
907.7600254392623,-73.21886107317047,-73.21886107317047
907.7700254392624,-73.22095320115702,-73.22095320115702
907.7800254392624,-73.22303623525389,-73.22303623525389
907.7900254392624,-73.22511041324451,-73.22511041324451
907.8000254631042,-73.2271759751755,-73.2271759751755
907.8100254631042,-73.2292331436633,-73.2292331436633
907.8200254631042,-73.23128215353397,-73.23128215353397
907.8300254631042,-73.23332323206863,-73.23332323206863
907.8400254631042,-73.23535660398346,-73.23535660398346
907.8500254631042,-73.23738249144911,-73.23738249144911
907.8600254631042,-73.23940111409003,-73.23940111409003
907.8700254631043,-73.24141268900743,-73.24141268900743
907.8800254631043,-73.24341743078794,-73.24341743078794
907.8900254631043,-73.24541555151436,-73.24541555151436
907.9000254631043,-73.2474072607735,-73.2474072607735
907.9100254631043,-73.24939276565703,-73.24939276565703
907.9200254631043,-73.25137227079087,-73.25137227079087
907.9300254631042,-73.25334597831413,-73.25334597831413
907.9400254631042,-73.25531408791277,-73.25531408791277
907.9500254631042,-73.25727679681238,-73.25727679681238
907.9600254631042,-73.25923429979375,-73.25923429979375
907.9700254631042,-73.26118678919565,-73.26118678919565
907.9800254631042,-73.26313445493187,-73.26313445493187
907.9900254631043,-73.26507748448499,-73.26507748448499
908.0000254631043,-73.26701606294552,-73.26701606294552
908.0100254631043,-73.26895037297747,-73.26895037297747
908.0200254631043,-73.27088059487443,-73.27088059487443
908.0300254631043,-73.27280690654435,-73.27280690654435
908.0400254631043,-73.2747294835251,-73.2747294835251
908.0500254631042,-73.27664849900492,-73.27664849900492
908.0600254631042,-73.27856412381878,-73.27856412381878
908.0700254631042,-73.28047652647838,-73.28047652647838
908.0800254631042,-73.28238587317634,-73.28238587317634
908.0900254631042,-73.28429232780165,-73.28429232780165
908.1000254631042,-73.28619605195408,-73.28619605195408
908.1100254631042,-73.28809720495637,-73.28809720495637
908.1200254631043,-73.28999594387284,-73.28999594387284
908.1300254631043,-73.29189242353563,-73.29189242353563
908.1400254631043,-73.29378679653591,-73.29378679653591
908.1500254631043,-73.29567921324677,-73.29567921324677
908.1600254631043,-73.29756982186294,-73.29756982186294
908.1700254631043,-73.29945876838424,-73.29945876838424
908.1800254631042,-73.30134619666758,-73.30134619666758
908.1900254631042,-73.3032322484092,-73.3032322484092
908.2000254631042,-73.305117063187,-73.305117063187
908.2100254631042,-73.30700077847509,-73.30700077847509
908.2200254631042,-73.30888352963737,-73.30888352963737
908.2300254631042,-73.3107654499922,-73.3107654499922
908.2400254631043,-73.31264667078302,-73.31264667078302
908.2500254631043,-73.31452732123505,-73.31452732123505
908.2600254631043,-73.31640752855292,-73.31640752855292
908.2700254631043,-73.31828741793433,-73.31828741793433
908.2800254631043,-73.32016711261198,-73.32016711261198
908.2900254631043,-73.32204673385813,-73.32204673385813
908.3000254631042,-73.32392640100775,-73.32392640100775
908.3100254631042,-73.3258062314618,-73.3258062314618
908.3200254631042,-73.32768634073945,-73.32768634073945
908.3300254631042,-73.32956684247118,-73.32956684247118
908.3400254631042,-73.33144784843206,-73.33144784843206
908.3500254631042,-73.3333294685475,-73.3333294685475
908.3600254631042,-73.33521181092755,-73.33521181092755
908.3700254631043,-73.33709498187996,-73.33709498187996
908.3800254631043,-73.33897908593767,-73.33897908593767
908.3900254631043,-73.34086422585467,-73.34086422585467
908.4000254631043,-73.34275050265681,-73.34275050265681
908.4100254631043,-73.34463801563838,-73.34463801563838
908.4200254631043,-73.34652686240437,-73.34652686240437
908.4300254631042,-73.348417138858,-73.348417138858
908.4400254631042,-73.35030893925206,-73.35030893925206
908.4500254631042,-73.35220235618515,-73.35220235618515
908.4600254631042,-73.35409748063317,-73.35409748063317
908.4700254631042,-73.3559944019728,-73.3559944019728
908.4800254631042,-73.3578932079798,-73.3578932079798
908.4900254631043,-73.35979398487393,-73.35979398487393
908.5000254631043,-73.36169681732859,-73.36169681732859
908.5100254631043,-73.36360178847791,-73.36360178847791
908.5200254631043,-73.36550897994901,-73.36550897994901
908.5300254631043,-73.36741847187146,-73.36741847187146
908.5400254631043,-73.3693303429147,-73.3693303429147
908.5500254631042,-73.3712446702786,-73.3712446702786
908.5600254631042,-73.37316152973023,-73.37316152973023
908.5700254631042,-73.37508099562538,-73.37508099562538
908.5800254631042,-73.37700314091106,-73.37700314091106
908.5900254631042,-73.37892803714823,-73.37892803714823
908.6000254631042,-73.38085575453978,-73.38085575453978
908.6100254631042,-73.38278636194747,-73.38278636194747
908.6200254631043,-73.3847199268852,-73.3847199268852
908.6300254631043,-73.38665651557726,-73.38665651557726
908.6400254631043,-73.38859619293888,-73.38859619293888
908.6500254869461,-73.39053902723091,-73.39053902723091
908.6600254869461,-73.3924850715987,-73.3924850715987
908.6700254869461,-73.39443439177491,-73.39443439177491
908.6800254869461,-73.39638704767573,-73.39638704767573
908.6900254869461,-73.39834309799875,-73.39834309799875
908.7000254869461,-73.40030260023977,-73.40030260023977
908.710025486946,-73.4022656107238,-73.4022656107238
908.7200254869462,-73.40423218460565,-73.40423218460565
908.7300254869461,-73.40620237590167,-73.40620237590167
908.7400254869461,-73.408176237492,-73.408176237492
908.7500254869461,-73.41015382114335,-73.41015382114335
908.7600254869461,-73.41213517751667,-73.41213517751667
908.7700254869461,-73.41412035619402,-73.41412035619402
908.7800254869461,-73.4161094056789,-73.4161094056789
908.7900254869461,-73.41810237342688,-73.41810237342688
908.8000254869461,-73.42009930585661,-73.42009930585661
908.8100254869461,-73.42210024835869,-73.42210024835869
908.8200254869461,-73.4241052452971,-73.4241052452971
908.830025486946,-73.42611434005151,-73.42611434005151
908.8400254869462,-73.4281275750206,-73.4281275750206
908.8500254869462,-73.43014499162757,-73.43014499162757
908.8600254869461,-73.43216663033763,-73.43216663033763
908.8700254869461,-73.43419253068778,-73.43419253068778
908.8800254869461,-73.43622273126732,-73.43622273126732
908.8900254869461,-73.43825726975196,-73.43825726975196
908.9000254869461,-73.44029618292738,-73.44029618292738
908.9100254869461,-73.4423395066828,-73.4423395066828
908.9200254869461,-73.44438727603055,-73.44438727603055
908.9300254869461,-73.44643952511977,-73.44643952511977
908.9400254869461,-73.44849628724754,-73.44849628724754
908.9500254869461,-73.45055759487069,-73.45055759487069
908.960025486946,-73.4526170730317,-73.4526170730317
908.9700254869462,-73.45467194633869,-73.45467194633869
908.9800254869461,-73.45672087783467,-73.45672087783467
908.9900254869461,-73.45876319597494,-73.45876319597494
909.0000254869461,-73.46079859966166,-73.46079859966166
909.0100254869461,-73.46282700507432,-73.46282700507432
909.0200254869461,-73.46484845587375,-73.46484845587375
909.0300254869461,-73.46686306929261,-73.46686306929261
909.0400254869461,-73.46887100368474,-73.46887100368474
909.0500254869461,-73.47087243907704,-73.47087243907704
909.0600254869461,-73.47286756556807,-73.47286756556807
909.0700254869461,-73.47485657650726,-73.47485657650726
909.080025486946,-73.47683966460083,-73.47683966460083
909.0900254869462,-73.47881701975248,-73.47881701975248
909.1000254869462,-73.4807888280268,-73.4807888280268
909.1100254869461,-73.48275527116861,-73.48275527116861
909.1200254869461,-73.48471652658239,-73.48471652658239
909.1300254869461,-73.48667276745034,-73.48667276745034
909.1400254869461,-73.48862416298473,-73.48862416298473
909.1500254869461,-73.490570878719,-73.490570878719
909.1600254869461,-73.49251307681882,-73.49251307681882
909.1700254869461,-73.49445091634982,-73.49445091634982
909.1800254869461,-73.49638455353494,-73.49638455353494
909.1900254869461,-73.4983141420224,-73.4983141420224
909.2000254869461,-73.5002398330648,-73.5002398330648
909.210025486946,-73.50215536513025,-73.50215536513025
909.2200254869462,-73.50405807750046,-73.50405807750046
909.2300254869461,-73.50594674778232,-73.50594674778232
909.2400254869461,-73.50782081842529,-73.50782081842529
909.2500254869461,-73.50968010167058,-73.50968010167058
909.2600254869461,-73.5115246263218,-73.5115246263218
909.2700254869461,-73.51335454795374,-73.51335454795374
909.2800254869461,-73.51517009501165,-73.51517009501165
909.2900254869461,-73.51697153636023,-73.51697153636023
909.3000254869461,-73.5187591618452,-73.5187591618452
909.3100254869461,-73.52053327071019,-73.52053327071019
909.3200254869461,-73.5222941647754,-73.5222941647754
909.330025486946,-73.52404214454346,-73.52404214454346
909.3400254869462,-73.52577750704971,-73.52577750704971
909.3500254869462,-73.52750054478511,-73.52750054478511
909.3600254869461,-73.5291203411326,-73.5291203411326
909.3700254869461,-73.53060134539511,-73.53060134539511
909.3800254869461,-73.5319287287744,-73.5319287287744
909.3900254869461,-73.53309654667169,-73.53309654667169
909.4000254869461,-73.53410350661854,-73.53410350661854
909.4100254869461,-73.5349509656524,-73.5349509656524
909.4200254869461,-73.53564180424122,-73.53564180424122
909.4300254869461,-73.53617974809265,-73.53617974809265
909.4400254869461,-73.53656895189805,-73.53656895189805
909.4500254869461,-73.53681374432657,-73.53681374432657
909.460025486946,-73.53691206459065,-73.53691206459065
909.4700254869462,-73.53686538760847,-73.53686538760847
909.4800254869461,-73.53667650874955,-73.53667650874955
909.4900254869461,-73.5363487437978,-73.5363487437978
909.500025510788,-73.5358856218385,-73.5358856218385
909.510025510788,-73.53529073434561,-73.53529073434561
909.520025510788,-73.53456764410544,-73.53456764410544
909.5300255107879,-73.53371984059012,-73.53371984059012
909.5400255107879,-73.53275071525056,-73.53275071525056
909.5500255107879,-73.53166355067776,-73.53166355067776
909.5600255107879,-73.53046151767838,-73.53046151767838
909.570025510788,-73.52914767669677,-73.52914767669677
909.580025510788,-73.52772498178341,-73.52772498178341
909.590025510788,-73.52619628568316,-73.52619628568316
909.600025510788,-73.52456434545766,-73.52456434545766
909.610025510788,-73.52283182818779,-73.52283182818779
909.620025510788,-73.52100131648407,-73.52100131648407
909.630025510788,-73.51907531374277,-73.51907531374277
909.640025510788,-73.51705624901213,-73.51705624901213
909.6500255107879,-73.51494648151038,-73.51494648151038
909.6600255107879,-73.51274830478322,-73.51274830478322
909.6700255107879,-73.5104639505118,-73.5104639505118
909.6800255107879,-73.50809559196195,-73.50809559196195
909.690025510788,-73.5056453471746,-73.5056453471746
909.700025510788,-73.50311528185341,-73.50311528185341
909.710025510788,-73.50050741201179,-73.50050741201179
909.720025510788,-73.4978237063907,-73.4978237063907
909.730025510788,-73.49506608865865,-73.49506608865865
909.740025510788,-73.4922364394546,-73.4922364394546
909.750025510788,-73.48933659824442,-73.48933659824442
909.760025510788,-73.4863683650386,-73.4863683650386
909.770025510788,-73.4833335019464,-73.4833335019464
909.7800255107879,-73.48023373464508,-73.48023373464508
909.7900255107879,-73.47707075374286,-73.47707075374286
909.8000255107879,-73.47384621599204,-73.47384621599204
909.8100255107879,-73.47056174545763,-73.47056174545763
909.820025510788,-73.46721893458002,-73.46721893458002
909.830025510788,-73.46381934520377,-73.46381934520377
909.840025510788,-73.46036450946919,-73.46036450946919
909.850025510788,-73.4568559307185,-73.4568559307185
909.860025510788,-73.45329508428863,-73.45329508428863
909.870025510788,-73.44968341830656,-73.44968341830656
909.880025510788,-73.44602235437004,-73.44602235437004
909.890025510788,-73.44231328826422,-73.44231328826422
909.9000255107879,-73.43855759057735,-73.43855759057735
909.9100255107879,-73.43475660732857,-73.43475660732857
909.9200255107879,-73.43091166053479,-73.43091166053479
909.9300255107879,-73.42702404873957,-73.42702404873957
909.940025510788,-73.42309504756841,-73.42309504756841
909.950025510788,-73.41912591019829,-73.41912591019829
909.960025510788,-73.41511786783433,-73.41511786783433
909.970025510788,-73.41107213016603,-73.41107213016603
909.980025510788,-73.40698988579913,-73.40698988579913
909.990025510788,-73.40287230267424,-73.40287230267424
910.000025510788,-73.39872052847711,-73.39872052847711
910.010025510788,-73.39453569099908,-73.39453569099908
910.020025510788,-73.39031889853291,-73.39031889853291
910.0300255107879,-73.3860712402181,-73.3860712402181
910.0400255107879,-73.38179378639039,-73.38179378639039
910.0500255107879,-73.37748758892819,-73.37748758892819
910.0600255107879,-73.37315368155289,-73.37315368155289
910.070025510788,-73.36879308017643,-73.36879308017643
910.080025510788,-73.36440678319681,-73.36440678319681
910.090025510788,-73.35999577178033,-73.35999577178033
910.100025510788,-73.35556101017683,-73.35556101017683
910.110025510788,-73.35110344599525,-73.35110344599525
910.120025510788,-73.34662401047092,-73.34662401047092
910.130025510788,-73.34212361875387,-73.34212361875387
910.140025510788,-73.33760317015842,-73.33760317015842
910.1500255107879,-73.33306354842681,-73.33306354842681
910.1600255107879,-73.32850562197568,-73.32850562197568
910.1700255107879,-73.32393024416265,-73.32393024416265
910.1800255107879,-73.31933825349446,-73.31933825349446
910.190025510788,-73.31473047390632,-73.31473047390632
910.200025510788,-73.31010771496952,-73.31010771496952
910.210025510788,-73.30546440008207,-73.30546440008207
910.220025510788,-73.30079853572148,-73.30079853572148
910.230025510788,-73.29610954945228,-73.29610954945228
910.240025510788,-73.29139751786916,-73.29139751786916
910.250025510788,-73.28666287267609,-73.28666287267609
910.260025510788,-73.28190624839971,-73.28190624839971
910.270025510788,-73.2771283933034,-73.2771283933034
910.2800255107879,-73.27233011595924,-73.27233011595924
910.2900255107879,-73.26751225325405,-73.26751225325405
910.3000255107879,-73.26267565127924,-73.26267565127924
910.3100255107879,-73.25782115404348,-73.25782115404348
910.320025510788,-73.25294959691337,-73.25294959691337
910.330025510788,-73.24806180297949,-73.24806180297949
910.340025510788,-73.24315858111252,-73.24315858111252
910.3500255346298,-73.23824071344094,-73.23824071344094
910.3600255346298,-73.2333090018644,-73.2333090018644
910.3700255346298,-73.22836419819212,-73.22836419819212
910.3800255346298,-73.22340705100292,-73.22340705100292
910.3900255346298,-73.21843829450454,-73.21843829450454
910.4000255346298,-73.2134586489884,-73.2134586489884
910.4100255346298,-73.20846882131893,-73.20846882131893
910.4200255346299,-73.20346950536951,-73.20346950536951
910.4300255346299,-73.19846138245613,-73.19846138245613
910.4400255346299,-73.19344512174165,-73.19344512174165
910.4500255346298,-73.1884213805886,-73.1884213805886
910.4600255346298,-73.1833908049066,-73.1833908049066
910.4700255346298,-73.1783540294522,-73.1783540294522
910.4800255346298,-73.17331167810636,-73.17331167810636
910.4900255346298,-73.16826436414816,-73.16826436414816
910.5000255346298,-73.16321269046622,-73.16321269046622
910.5100255346298,-73.15815724979593,-73.15815724979593
910.5200255346298,-73.15309862492535,-73.15309862492535
910.5300255346298,-73.1480373888596,-73.1480373888596
910.5400255346299,-73.14297410500731,-73.14297410500731
910.5500255346299,-73.13790932737268,-73.13790932737268
910.5600255346299,-73.13284360067463,-73.13284360067463
910.5700255346298,-73.12777746051813,-73.12777746051813
910.5800255346298,-73.1227114335285,-73.1227114335285
910.5900255346298,-73.11764603748449,-73.11764603748449
910.6000255346298,-73.112581781467,-73.112581781467
910.6100255346298,-73.10751916597077,-73.10751916597077
910.6200255346298,-73.10245868300994,-73.10245868300994
910.6300255346298,-73.09740081628044,-73.09740081628044
910.6400255346298,-73.09234604124171,-73.09234604124171
910.6500255346298,-73.08729482522845,-73.08729482522845
910.6600255346298,-73.08224762758033,-73.08224762758033
910.6700255346299,-73.07720489973855,-73.07720489973855
910.6800255346299,-73.07216708536485,-73.07216708536485
910.6900255346299,-73.06713462041142,-73.06713462041142
910.7000255346298,-73.0621079332721,-73.0621079332721
910.7100255346298,-73.0570874448357,-73.0570874448357
910.7200255346298,-73.05207356861726,-73.05207356861726
910.7300255346298,-73.04706671084608,-73.04706671084608
910.7400255346298,-73.04206727056437,-73.04206727056437
910.7500255346298,-73.0370756397005,-73.0370756397005
910.7600255346298,-73.03209220321598,-73.03209220321598
910.7700255346298,-73.02711733914636,-73.02711733914636
910.7800255346298,-73.02215141871963,-73.02215141871963
910.7900255346299,-73.01719480642069,-73.01719480642069
910.8000255346299,-73.01224786012862,-73.01224786012862
910.8100255346299,-73.00731093116497,-73.00731093116497
910.8200255346298,-73.00238436440199,-73.00238436440199
910.8300255346298,-72.99746849833825,-72.99746849833825
910.8400255346298,-72.99256366518847,-72.99256366518847
910.8500255346298,-72.98767019097423,-72.98767019097423
910.8600255346298,-72.98278839560966,-72.98278839560966
910.8700255346298,-72.97791859297956,-72.97791859297956
910.8800255346298,-72.97306109101852,-72.97306109101852
910.8900255346298,-72.96821619180177,-72.96821619180177
910.9000255346298,-72.96338419162294,-72.96338419162294
910.9100255346298,-72.958565381078,-72.958565381078
910.9200255346299,-72.95376004512579,-72.95376004512579
910.9300255346299,-72.94896846321052,-72.94896846321052
910.9400255346299,-72.94419090927943,-72.94419090927943
910.9500255346298,-72.93942765191264,-72.93942765191264
910.9600255346298,-72.93467895437438,-72.93467895437438
910.9700255346298,-72.92994507468259,-72.92994507468259
910.9800255346298,-72.92522626570417,-72.92522626570417
910.9900255346298,-72.92052277520251,-72.92052277520251
911.0000255346298,-72.91583484594928,-72.91583484594928
911.0100255346298,-72.91116271575706,-72.91116271575706
911.0200255346298,-72.90650661756077,-72.90650661756077
911.0300255346298,-72.9018667795057,-72.9018667795057
911.0400255346299,-72.89724342500138,-72.89724342500138
911.0500255346299,-72.8926367727913,-72.8926367727913
911.0600255346299,-72.8880470370242,-72.8880470370242
911.0700255346298,-72.88347442732302,-72.88347442732302
911.0800255346298,-72.87891914884175,-72.87891914884175
911.0900255346298,-72.8743814023423,-72.8743814023423
911.1000255346298,-72.86986138425604,-72.86986138425604
911.1100255346298,-72.86535928675215,-72.86535928675215
911.1200255346298,-72.8608752977828,-72.8608752977828
911.1300255346298,-72.85640960116318,-72.85640960116318
911.1400255346298,-72.85196237663104,-72.85196237663104
911.1500255346298,-72.84753379991211,-72.84753379991211
911.1600255346298,-72.84312404275266,-72.84312404275266
911.1700255346299,-72.83873327301738,-72.83873327301738
911.1800255346299,-72.83436165472217,-72.83436165472217
911.1900255346299,-72.83000934809397,-72.83000934809397
911.2000255584717,-72.82567649932601,-72.82567649932601
911.2100255584717,-72.82136328195257,-72.82136328195257
911.2200255584717,-72.81706983480754,-72.81706983480754
911.2300255584717,-72.8127963035643,-72.8127963035643
911.2400255584716,-72.8085428303757,-72.8085428303757
911.2500255584716,-72.80430955395057,-72.80430955395057
911.2600255584716,-72.80009660959384,-72.80009660959384
911.2700255584717,-72.79590412926818,-72.79590412926818
911.2800255584717,-72.79173224163726,-72.79173224163726
911.2900255584717,-72.78758107212303,-72.78758107212303
911.3000255584717,-72.78345074293833,-72.78345074293833
911.3100255584717,-72.77934137316724,-72.77934137316724
911.3200255584717,-72.77525307879198,-72.77525307879198
911.3300255584717,-72.77118597273515,-72.77118597273515
911.3400255584717,-72.76714016492919,-72.76714016492919
911.3500255584717,-72.76311576234934,-72.76311576234934
911.3600255584716,-72.75911286905533,-72.75911286905533
911.3700255584716,-72.75513158624386,-72.75513158624386
911.3800255584716,-72.75117201229531,-72.75117201229531
911.3900255584717,-72.7472342428109,-72.7472342428109
911.4000255584717,-72.74331837066525,-72.74331837066525
911.4100255584717,-72.73942448603866,-72.73942448603866
911.4200255584717,-72.73555267646573,-72.73555267646573
911.4300255584717,-72.73170302686971,-72.73170302686971
911.4400255584717,-72.72787561962313,-72.72787561962313
911.4500255584717,-72.72407053456111,-72.72407053456111
911.4600255584717,-72.72028784903999,-72.72028784903999
911.4700255584717,-72.7165276379658,-72.7165276379658
911.4800255584717,-72.71278997384896,-72.71278997384896
911.4900255584716,-72.70907492682008,-72.70907492682008
911.5000255584716,-72.7053825646883,-72.7053825646883
911.5100255584716,-72.70171295296583,-72.70171295296583
911.5200255584717,-72.6980661549052,-72.6980661549052
911.5300255584717,-72.69444223154329,-72.69444223154329
911.5400255584717,-72.69084124172336,-72.69084124172336
911.5500255584717,-72.68726324214907,-72.68726324214907
911.5600255584717,-72.68370828739569,-72.68370828739569
911.5700255584717,-72.68017642996568,-72.68017642996568
911.5800255584717,-72.67666772030842,-72.67666772030842
911.5900255584717,-72.67318220686364,-72.67318220686364
911.6000255584717,-72.66971993607818,-72.66971993607818
911.6100255584716,-72.66628095244745,-72.66628095244745
911.6200255584716,-72.66286529855195,-72.66286529855195
911.6300255584716,-72.65947301508729,-72.65947301508729
911.6400255584717,-72.65610414087647,-72.65610414087647
911.6500255584717,-72.65275871293636,-72.65275871293636
911.6600255584717,-72.64943676646494,-72.64943676646494
911.6700255584717,-72.64613833489655,-72.64613833489655
911.6800255584717,-72.64286344992918,-72.64286344992918
911.6900255584717,-72.63961214154678,-72.63961214154678
911.7000255584717,-72.6363844380436,-72.6363844380436
911.7100255584717,-72.63318036607014,-72.63318036607014
911.7200255584717,-72.62999995063278,-72.62999995063278
911.7300255584717,-72.62684321514296,-72.62684321514296
911.7400255584716,-72.62371018143304,-72.62371018143304
911.7500255584716,-72.62060086979028,-72.62060086979028
911.7600255584716,-72.61751529896466,-72.61751529896466
911.7700255584717,-72.6144534862198,-72.6144534862198
911.7800255584717,-72.61141544734001,-72.61141544734001
911.7900255584717,-72.60840119665568,-72.60840119665568
911.8000255584717,-72.60541074706887,-72.60541074706887
911.8100255584717,-72.60244411008317,-72.60244411008317
911.8200255584717,-72.59950129582596,-72.59950129582596
911.8300255584717,-72.59658231306027,-72.59658231306027
911.8400255584717,-72.5936871692238,-72.5936871692238
911.8500255584717,-72.59081587042462,-72.59081587042462
911.8600255584716,-72.5879684215063,-72.5879684215063
911.8700255584716,-72.58514482602052,-72.58514482602052
911.8800255584716,-72.58234508628547,-72.58234508628547
911.8900255584717,-72.5795692033917,-72.5795692033917
911.9000255584717,-72.57681717723275,-72.57681717723275
911.9100255584717,-72.57408900649575,-72.57408900649575
911.9200255584717,-72.5713846887144,-72.5713846887144
911.9300255584717,-72.56870422028283,-72.56870422028283
911.9400255584717,-72.56604759646461,-72.56604759646461
911.9500255584717,-72.5634148114237,-72.5634148114237
911.9600255584717,-72.56079955074938,-72.56079955074938
911.9700255584717,-72.55819905985823,-72.55819905985823
911.9800255584717,-72.55561200328124,-72.55561200328124
911.9900255584716,-72.55303770019127,-72.55303770019127
912.0000255584716,-72.55043933205549,-72.55043933205549
912.0100255584716,-72.54781604449529,-72.54781604449529
912.0200255584717,-72.545169000943,-72.545169000943
912.0300255584717,-72.54249828630843,-72.54249828630843
912.0400255584717,-72.53980317324304,-72.53980317324304
912.0500255823135,-72.53708248059385,-72.53708248059385
912.0600255823135,-72.534334830476,-72.534334830476
912.0700255823135,-72.5315587475044,-72.5315587475044
912.0800255823135,-72.52875276611942,-72.52875276611942
912.0900255823135,-72.52591547323911,-72.52591547323911
912.1000255823135,-72.52304553650268,-72.52304553650268
912.1100255823135,-72.52014171985516,-72.52014171985516
912.1200255823136,-72.5172028909607,-72.5172028909607
912.1300255823136,-72.51422802354205,-72.51422802354205
912.1400255823136,-72.51121619648326,-72.51121619648326
912.1500255823136,-72.50816659098706,-72.50816659098706
912.1600255823136,-72.50507848656713,-72.50507848656713
912.1700255823135,-72.50195125641063,-72.50195125641063
912.1800255823135,-72.4987843624574,-72.4987843624574
912.1900255823135,-72.49557735040669,-72.49557735040669
912.2000255823135,-72.4923298447946,-72.4923298447946
912.2100255823135,-72.48903524286942,-72.48903524286942
912.2200255823135,-72.4856905687622,-72.4856905687622
912.2300255823135,-72.48229433102122,-72.48229433102122
912.2400255823136,-72.47884575485153,-72.47884575485153
912.2500255823136,-72.47534448729283,-72.47534448729283
912.2600255823136,-72.47179044261914,-72.47179044261914
912.2700255823136,-72.46818371050286,-72.46818371050286
912.2800255823136,-72.46452449962699,-72.46452449962699
912.2900255823135,-72.4608131027204,-72.4608131027204
912.3000255823135,-72.45704987456246,-72.45704987456246
912.3100255823135,-72.45323521789759,-72.45323521789759
912.3200255823135,-72.44936957421302,-72.44936957421302
912.3300255823135,-72.44545341755668,-72.44545341755668
912.3400255823135,-72.44148725020854,-72.44148725020854
912.3500255823135,-72.43747159955268,-72.43747159955268
912.3600255823135,-72.43340701568567,-72.43340701568567
912.3700255823136,-72.42929406948092,-72.42929406948092
912.3800255823136,-72.42513335102588,-72.42513335102588
912.3900255823136,-72.42092546814288,-72.42092546814288
912.4000255823136,-72.41667104516316,-72.41667104516316
912.4100255823136,-72.41237072173281,-72.41237072173281
912.4200255823135,-72.40802515166783,-72.40802515166783
912.4300255823135,-72.4036350019287,-72.4036350019287
912.4400255823135,-72.39920095157578,-72.39920095157578
912.4500255823135,-72.39472369078949,-72.39472369078949
912.4600255823135,-72.3902039199343,-72.3902039199343
912.4700255823135,-72.3856423486343,-72.3856423486343
912.4800255823135,-72.38103969490408,-72.38103969490408
912.4900255823136,-72.37639668429162,-72.37639668429162
912.5000255823136,-72.37171404908838,-72.37171404908838
912.5100255823136,-72.36699252752994,-72.36699252752994
912.5200255823136,-72.36223286305729,-72.36223286305729
912.5300255823136,-72.35743580358395,-72.35743580358395
912.5400255823135,-72.3526021008455,-72.3526021008455
912.5500255823135,-72.34773250970542,-72.34773250970542
912.5600255823135,-72.34282778756247,-72.34282778756247
912.5700255823135,-72.3378886937327,-72.3378886937327
912.5800255823135,-72.33291598890456,-72.33291598890456
912.5900255823135,-72.32791043458917,-72.32791043458917
912.6000255823135,-72.32287279259847,-72.32287279259847
912.6100255823135,-72.31780382456672,-72.31780382456672
912.6200255823136,-72.31270429149762,-72.31270429149762
912.6300255823136,-72.3075749533277,-72.3075749533277
912.6400255823136,-72.30241656849036,-72.30241656849036
912.6500255823136,-72.29722989354308,-72.29722989354308
912.6600255823136,-72.29201568280168,-72.29201568280168
912.6700255823135,-72.28677468797348,-72.28677468797348
912.6800255823135,-72.28150765783495,-72.28150765783495
912.6900255823135,-72.27621533792863,-72.27621533792863
912.7000255823135,-72.27089847026716,-72.27089847026716
912.7100255823135,-72.26555779304377,-72.26555779304377
912.7200255823135,-72.26019404039347,-72.26019404039347
912.7300255823135,-72.25480794213863,-72.25480794213863
912.7400255823136,-72.24940022357613,-72.24940022357613
912.7500255823136,-72.24397160524597,-72.24397160524597
912.7600255823136,-72.23852280273843,-72.23852280273843
912.7700255823136,-72.23305452651374,-72.23305452651374
912.7800255823136,-72.22756748172864,-72.22756748172864
912.7900255823135,-72.22206236807192,-72.22206236807192
912.8000255823135,-72.21653987962502,-72.21653987962502
912.8100255823135,-72.21100070470338,-72.21100070470338
912.8200255823135,-72.20544552574852,-72.20544552574852
912.8300255823135,-72.19987501922637,-72.19987501922637
912.8400255823135,-72.1942898554655,-72.1942898554655
912.8500255823135,-72.18869069860887,-72.18869069860887
912.8600255823135,-72.18307820650772,-72.18307820650772
912.8700255823136,-72.17745303063543,-72.17745303063543
912.8800255823136,-72.1718158160272,-72.1718158160272
912.8900255823136,-72.16616720119444,-72.16616720119444
912.9000256061554,-72.16050780459794,-72.16050780459794
912.9100256061554,-72.15483827849589,-72.15483827849589
912.9200256061554,-72.14915922809801,-72.14915922809801
912.9300256061554,-72.14347126532748,-72.14347126532748
912.9400256061554,-72.13777499539349,-72.13777499539349
912.9500256061554,-72.13207101673325,-72.13207101673325
912.9600256061553,-72.12635992098599,-72.12635992098599
912.9700256061554,-72.12064229298414,-72.12064229298414
912.9800256061554,-72.11491871074321,-72.11491871074321
912.9900256061554,-72.10918974544096,-72.10918974544096
913.0000256061554,-72.10345596142264,-72.10345596142264
913.0100256061554,-72.09771791620162,-72.09771791620162
913.0200256061554,-72.09197616045998,-72.09197616045998
913.0300256061554,-72.08623123805357,-72.08623123805357
913.0400256061554,-72.08048368603936,-72.08048368603936
913.0500256061554,-72.07473403465893,-72.07473403465893
913.0600256061554,-72.06898280739061,-72.06898280739061
913.0700256061554,-72.06323052095244,-72.06323052095244
913.0800256061553,-72.05747768531238,-72.05747768531238
913.0900256061555,-72.05172480373524,-72.05172480373524
913.1000256061554,-72.04597237281065,-72.04597237281065
913.1100256061554,-72.04022088246971,-72.04022088246971
913.1200256061554,-72.03447081601956,-72.03447081601956
913.1300256061554,-72.02872265018706,-72.02872265018706
913.1400256061554,-72.02297685514367,-72.02297685514367
913.1500256061554,-72.01723389455061,-72.01723389455061
913.1600256061554,-72.01149422561127,-72.01149422561127
913.1700256061554,-72.00575829908263,-72.00575829908263
913.1800256061554,-72.00002655933812,-72.00002655933812
913.1900256061554,-71.99429944441063,-71.99429944441063
913.2000256061554,-71.98857738603223,-71.98857738603223
913.2100256061553,-71.98286080968525,-71.98286080968525
913.2200256061554,-71.97715013463768,-71.97715013463768
913.2300256061554,-71.9714457740198,-71.9714457740198
913.2400256061554,-71.96574813484084,-71.96574813484084
913.2500256061554,-71.96005761805385,-71.96005761805385
913.2600256061554,-71.95437461862058,-71.95437461862058
913.2700256061554,-71.94869952552426,-71.94869952552426
913.2800256061554,-71.94303272186939,-71.94303272186939
913.2900256061554,-71.9373745849025,-71.9373745849025
913.3000256061554,-71.9317254860639,-71.9317254860639
913.3100256061554,-71.9260857910678,-71.9260857910678
913.3200256061554,-71.92045585993857,-71.92045585993857
913.3300256061553,-71.91483604705505,-71.91483604705505
913.3400256061555,-71.90922670122434,-71.90922670122434
913.3500256061554,-71.90362816572468,-71.90362816572468
913.3600256061554,-71.89804077837546,-71.89804077837546
913.3700256061554,-71.89246487157833,-71.89246487157833
913.3800256061554,-71.88690077236457,-71.88690077236457
913.3900256061554,-71.88134880247759,-71.88134880247759
913.4000256061554,-71.8758092784105,-71.8758092784105
913.4100256061554,-71.87028251145607,-71.87028251145607
913.4200256061554,-71.8647688077857,-71.8647688077857
913.4300256061554,-71.85926846847543,-71.85926846847543
913.4400256061554,-71.85378178957569,-71.85378178957569
913.4500256061554,-71.84830906218104,-71.84830906218104
913.4600256061553,-71.84285057245621,-71.84285057245621
913.4700256061554,-71.83740660170885,-71.83740660170885
913.4800256061554,-71.83197742644944,-71.83197742644944
913.4900256061554,-71.82656331842382,-71.82656331842382
913.5000256061554,-71.82116454469175,-71.82116454469175
913.5100256061554,-71.81578136767209,-71.81578136767209
913.5200256061554,-71.81041404517754,-71.81041404517754
913.5300256061554,-71.80506283050919,-71.80506283050919
913.5400256061554,-71.79972797246707,-71.79972797246707
913.5500256061554,-71.79440971543791,-71.79440971543791
913.5600256061554,-71.78910829941714,-71.78910829941714
913.5700256061554,-71.7838239600852,-71.7838239600852
913.5800256061553,-71.77855692884718,-71.77855692884718
913.5900256061555,-71.77330743289174,-71.77330743289174
913.6000256061554,-71.76807569523737,-71.76807569523737
913.6100256061554,-71.7628619347866,-71.7628619347866
913.6200256061554,-71.75766636636718,-71.75766636636718
913.6300256061554,-71.75248920079576,-71.75248920079576
913.6400256061554,-71.74733064490434,-71.74733064490434
913.6500256061554,-71.74219090162998,-71.74219090162998
913.6600256061554,-71.73707017003255,-71.73707017003255
913.6700256061554,-71.73196864534093,-71.73196864534093
913.6800256061554,-71.72688651902251,-71.72688651902251
913.6900256061554,-71.72182397881504,-71.72182397881504
913.7000256061554,-71.71678120877594,-71.71678120877594
913.7100256061553,-71.71175838933141,-71.71175838933141
913.7200256061554,-71.70675569731735,-71.70675569731735
913.7300256061554,-71.70177330604618,-71.70177330604618
913.7400256061554,-71.69681138532447,-71.69681138532447
913.7500256299973,-71.6918700897415,-71.6918700897415
913.7600256299972,-71.68694960585871,-71.68694960585871
913.7700256299972,-71.68205008141655,-71.68205008141655
913.7800256299972,-71.67717167269261,-71.67717167269261
913.7900256299972,-71.6723145327051,-71.6723145327051
913.8000256299972,-71.66747881123003,-71.66747881123003
913.8100256299972,-71.66266465484325,-71.66266465484325
913.8200256299973,-71.65787220698006,-71.65787220698006
913.8300256299973,-71.65310160798704,-71.65310160798704
913.8400256299973,-71.64835299511844,-71.64835299511844
913.8500256299973,-71.64362650262363,-71.64362650262363
913.8600256299973,-71.6389222617666,-71.6389222617666
913.8700256299973,-71.63424040085877,-71.63424040085877
913.8800256299972,-71.62958104531774,-71.62958104531774
913.8900256299972,-71.62494431768698,-71.62494431768698
913.9000256299972,-71.62033033768397,-71.62033033768397
913.9100256299972,-71.61573922222972,-71.61573922222972
913.9200256299972,-71.6111710855143,-71.6111710855143
913.9300256299972,-71.60662603898938,-71.60662603898938
913.9400256299973,-71.60210419142898,-71.60210419142898
913.9500256299973,-71.5976056489818,-71.5976056489818
913.9600256299973,-71.59313051518446,-71.59313051518446
913.9700256299973,-71.5886788909833,-71.5886788909833
913.9800256299973,-71.58425087480133,-71.58425087480133
913.9900256299973,-71.57984656256569,-71.57984656256569
914.0000256299973,-71.57546604772803,-71.57546604772803
914.0100256299972,-71.57110942130049,-71.57110942130049
914.0200256299972,-71.56677677190484,-71.56677677190484
914.0300256299972,-71.56246818578823,-71.56246818578823
914.0400256299972,-71.558183746852,-71.558183746852
914.0500256299972,-71.55392353672002,-71.55392353672002
914.0600256299972,-71.54968763471818,-71.54968763471818
914.0700256299973,-71.5454761179381,-71.5454761179381
914.0800256299973,-71.54128906127764,-71.54128906127764
914.0900256299973,-71.5371265374324,-71.5371265374324
914.1000256299973,-71.53298861695471,-71.53298861695471
914.1100256299973,-71.52887536828544,-71.52887536828544
914.1200256299973,-71.52478685776332,-71.52478685776332
914.1300256299972,-71.52072314967711,-71.52072314967711
914.1400256299972,-71.51668430627626,-71.51668430627626
914.1500256299972,-71.51267038780396,-71.51267038780396
914.1600256299972,-71.50868145253808,-71.50868145253808
914.1700256299972,-71.50471755679139,-71.50471755679139
914.1800256299972,-71.50077875496667,-71.50077875496667
914.1900256299973,-71.49686509956692,-71.49686509956692
914.2000256299973,-71.49297664124117,-71.49297664124117
914.2100256299973,-71.48910720660018,-71.48910720660018
914.2200256299973,-71.48525412933247,-71.48525412933247
914.2300256299973,-71.48141614416797,-71.48141614416797
914.2400256299973,-71.47759263383713,-71.47759263383713
914.2500256299973,-71.47378334142135,-71.47378334142135
914.2600256299972,-71.46998822071865,-71.46998822071865
914.2700256299972,-71.46620734841187,-71.46620734841187
914.2800256299972,-71.46244087118613,-71.46244087118613
914.2900256299972,-71.4586889739132,-71.4586889739132
914.3000256299972,-71.45495186057519,-71.45495186057519
914.3100256299972,-71.45122974290517,-71.45122974290517
914.3200256299973,-71.44752283371164,-71.44752283371164
914.3300256299973,-71.44383134315227,-71.44383134315227
914.3400256299973,-71.44015547663469,-71.44015547663469
914.3500256299973,-71.43649543387534,-71.43649543387534
914.3600256299973,-71.43285140852693,-71.43285140852693
914.3700256299973,-71.42922358820965,-71.42922358820965
914.3800256299972,-71.42561215468307,-71.42561215468307
914.3900256299972,-71.42201728420424,-71.42201728420424
914.4000256299972,-71.41843914783264,-71.41843914783264
914.4100256299972,-71.4148779118034,-71.4148779118034
914.4200256299972,-71.41133373786658,-71.41133373786658
914.4300256299972,-71.40780678361016,-71.40780678361016
914.4400256299973,-71.40429720270888,-71.40429720270888
914.4500256299973,-71.4008051452125,-71.4008051452125
914.4600256299973,-71.39733075774222,-71.39733075774222
914.4700256299973,-71.39387418369878,-71.39387418369878
914.4800256299973,-71.39043556343003,-71.39043556343003
914.4900256299973,-71.38701503435695,-71.38701503435695
914.5000256299973,-71.38361273111644,-71.38361273111644
914.5100256299972,-71.38022878567602,-71.38022878567602
914.5200256299972,-71.3768633274105,-71.3768633274105
914.5300256299972,-71.37351648318801,-71.37351648318801
914.5400256299972,-71.37018837745042,-71.37018837745042
914.5500256299972,-71.36687913225256,-71.36687913225256
914.5600256299972,-71.36358886733467,-71.36358886733467
914.5700256299973,-71.36031770015214,-71.36031770015214
914.5800256299973,-71.35706574594045,-71.35706574594045
914.5900256299973,-71.35383311770791,-71.35383311770791
914.6000256538391,-71.35061991865123,-71.35061991865123
914.6100256538391,-71.34742627284048,-71.34742627284048
914.6200256538391,-71.34425227911844,-71.34425227911844
914.6300256538391,-71.34109804197671,-71.34109804197671
914.6400256538391,-71.33796366381746,-71.33796366381746
914.6500256538391,-71.33484924498313,-71.33484924498313
914.660025653839,-71.33175488377151,-71.33175488377151
914.6700256538392,-71.32868067644168,-71.32868067644168
914.6800256538392,-71.32562671726564,-71.32562671726564
914.6900256538391,-71.32259309849773,-71.32259309849773
914.7000256538391,-71.31957991040306,-71.31957991040306
914.7100256538391,-71.31658724129308,-71.31658724129308
914.7200256538391,-71.31361517750932,-71.31361517750932
914.7300256538391,-71.31066380346289,-71.31066380346289
914.7400256538391,-71.30773320162449,-71.30773320162449
914.7500256538391,-71.3048234525509,-71.3048234525509
914.7600256538391,-71.30193463489206,-71.30193463489206
914.7700256538391,-71.29906682541338,-71.29906682541338
914.7800256538391,-71.29622009899448,-71.29622009899448
914.7900256538392,-71.29339452866064,-71.29339452866064
914.8000256538392,-71.29059018557419,-71.29059018557419
914.8100256538391,-71.28780713907327,-71.28780713907327
914.8200256538391,-71.28504545666634,-71.28504545666634
914.8300256538391,-71.28230520405104,-71.28230520405104
914.8400256538391,-71.27958644513949,-71.27958644513949
914.8500256538391,-71.27688924206014,-71.27688924206014
914.8600256538391,-71.27421365516754,-71.27421365516754
914.8700256538391,-71.27155974307088,-71.27155974307088
914.8800256538391,-71.26892756264058,-71.26892756264058
914.8900256538391,-71.26631716904107,-71.26631716904107
914.9000256538391,-71.26372861570913,-71.26372861570913
914.910025653839,-71.26116195441676,-71.26116195441676
914.9200256538392,-71.2586172352345,-71.2586172352345
914.9300256538392,-71.2560945065992,-71.2560945065992
914.9400256538391,-71.25359381528928,-71.25359381528928
914.9500256538391,-71.2511152064615,-71.2511152064615
914.9600256538391,-71.24865872366256,-71.24865872366256
914.9700256538391,-71.24622440884316,-71.24622440884316
914.9800256538391,-71.2438123023839,-71.2438123023839
914.9900256538391,-71.24142244308678,-71.24142244308678
915.0000256538391,-71.23905486823267,-71.23905486823267
915.0100256538391,-71.23670961355411,-71.23670961355411
915.0200256538391,-71.23438671328259,-71.23438671328259
915.0300256538391,-71.23208620015048,-71.23208620015048
915.0400256538392,-71.22980810541017,-71.22980810541017
915.0500256538392,-71.22755245885752,-71.22755245885752
915.0600256538391,-71.22531928883942,-71.22531928883942
915.0700256538391,-71.22310862227515,-71.22310862227515
915.0800256538391,-71.22092048467225,-71.22092048467225
915.0900256538391,-71.21875490014465,-71.21875490014465
915.1000256538391,-71.2166118914232,-71.2166118914232
915.1100256538391,-71.21449147987985,-71.21449147987985
915.1200256538391,-71.21239368554376,-71.21239368554376
915.1300256538391,-71.21031852712085,-71.21031852712085
915.1400256538391,-71.208266021989,-71.208266021989
915.1500256538391,-71.20623618624762,-71.20623618624762
915.160025653839,-71.20422903470389,-71.20422903470389
915.1700256538392,-71.20224458091027,-71.20224458091027
915.1800256538392,-71.20028283717997,-71.20028283717997
915.1900256538391,-71.19834381458226,-71.19834381458226
915.2000256538391,-71.19642752298435,-71.19642752298435
915.2100256538391,-71.19453397104486,-71.19453397104486
915.2200256538391,-71.19266316624403,-71.19266316624403
915.2300256538391,-71.19081511490567,-71.19081511490567
915.2400256538391,-71.18898982219062,-71.18898982219062
915.2500256538391,-71.18718729213626,-71.18718729213626
915.2600256538391,-71.18540752765773,-71.18540752765773
915.2700256538391,-71.18365053056041,-71.18365053056041
915.2800256538391,-71.18191630157335,-71.18191630157335
915.2900256538392,-71.1802048403476,-71.1802048403476
915.3000256538392,-71.1785161454767,-71.1785161454767
915.3100256538391,-71.17685021451516,-71.17685021451516
915.3200256538391,-71.17520704398773,-71.17520704398773
915.3300256538391,-71.17358662940615,-71.17358662940615
915.3400256538391,-71.17198896529096,-71.17198896529096
915.3500256538391,-71.17041404517154,-71.17041404517154
915.3600256538391,-71.16886186160997,-71.16886186160997
915.3700256538391,-71.16733240622152,-71.16733240622152
915.3800256538391,-71.16582566967399,-71.16582566967399
915.3900256538391,-71.16434164171497,-71.16434164171497
915.4000256538391,-71.16288031117074,-71.16288031117074
915.410025653839,-71.16144166598095,-71.16144166598095
915.4200256538392,-71.16002569319002,-71.16002569319002
915.4300256538392,-71.15863237898654,-71.15863237898654
915.4400256538391,-71.15726170869107,-71.15726170869107
915.450025677681,-71.15591366356904,-71.15591366356904
915.460025677681,-71.15458823376264,-71.15458823376264
915.470025677681,-71.15328539879411,-71.15328539879411
915.4800256776809,-71.15200514069568,-71.15200514069568
915.4900256776809,-71.15074744070866,-71.15074744070866
915.5000256776809,-71.14951227928127,-71.14951227928127
915.5100256776809,-71.14829963609782,-71.14829963609782
915.520025677681,-71.14710949008087,-71.14710949008087
915.530025677681,-71.1459418194279,-71.1459418194279
915.540025677681,-71.14479660157967,-71.14479660157967
915.550025677681,-71.14367381328142,-71.14367381328142
915.560025677681,-71.14257343055655,-71.14257343055655
915.570025677681,-71.14149542873591,-71.14149542873591
915.580025677681,-71.14043978246987,-71.14043978246987
915.590025677681,-71.1394064657287,-71.1394064657287
915.600025677681,-71.13839545183438,-71.13839545183438
915.6100256776809,-71.13740671345114,-71.13740671345114
915.6200256776809,-71.13644022259932,-71.13644022259932
915.6300256776809,-71.13549595067512,-71.13549595067512
915.640025677681,-71.1345738684514,-71.1345738684514
915.650025677681,-71.13367394610862,-71.13367394610862
915.660025677681,-71.13279615321619,-71.13279615321619
915.670025677681,-71.13194045876172,-71.13194045876172
915.680025677681,-71.13110683115224,-71.13110683115224
915.690025677681,-71.13029523824356,-71.13029523824356
915.700025677681,-71.12950564731574,-71.12950564731574
915.710025677681,-71.12873802511483,-71.12873802511483
915.720025677681,-71.12799233785222,-71.12799233785222
915.7300256776809,-71.12726855119674,-71.12726855119674
915.7400256776809,-71.12656663031667,-71.12656663031667
915.7500256776809,-71.12588653986141,-71.12588653986141
915.7600256776809,-71.12522824398432,-71.12522824398432
915.770025677681,-71.12459170635229,-71.12459170635229
915.780025677681,-71.12397689014739,-71.12397689014739
915.790025677681,-71.12338375808187,-71.12338375808187
915.800025677681,-71.1228122724062,-71.1228122724062
915.810025677681,-71.1222623949103,-71.1222623949103
915.820025677681,-71.12173408693083,-71.12173408693083
915.830025677681,-71.12122730938982,-71.12122730938982
915.840025677681,-71.12074202276362,-71.12074202276362
915.850025677681,-71.12027818710807,-71.12027818710807
915.8600256776809,-71.11983576206936,-71.11983576206936
915.8700256776809,-71.11941470688922,-71.11941470688922
915.8800256776809,-71.11901498040785,-71.11901498040785
915.890025677681,-71.1186365410711,-71.1186365410711
915.900025677681,-71.11827934695917,-71.11827934695917
915.910025677681,-71.11794335576303,-71.11794335576303
915.920025677681,-71.11762852482255,-71.11762852482255
915.930025677681,-71.11733481109628,-71.11733481109628
915.940025677681,-71.11706217120542,-71.11706217120542
915.950025677681,-71.11681056142697,-71.11681056142697
915.960025677681,-71.11657993769263,-71.11657993769263
915.970025677681,-71.11637025560111,-71.11637025560111
915.9800256776809,-71.11618147043944,-71.11618147043944
915.9900256776809,-71.11601353716534,-71.11601353716534
916.0000256776809,-71.11586641042736,-71.11586641042736
916.0100256776809,-71.11574004457461,-71.11574004457461
916.020025677681,-71.11563439365962,-71.11563439365962
916.030025677681,-71.11554941143467,-71.11554941143467
916.040025677681,-71.11548505138059,-71.11548505138059
916.050025677681,-71.11544126668853,-71.11544126668853
916.060025677681,-71.11541801027495,-71.11541801027495
916.070025677681,-71.11541523480203,-71.11541523480203
916.080025677681,-71.11543289265691,-71.11543289265691
916.090025677681,-71.11547093598898,-71.11547093598898
916.100025677681,-71.11552931667863,-71.11552931667863
916.1100256776809,-71.1156079863821,-71.1156079863821
916.1200256776809,-71.11570689650958,-71.11570689650958
916.1300256776809,-71.11582599824165,-71.11582599824165
916.140025677681,-71.11596524252008,-71.11596524252008
916.150025677681,-71.116124580091,-71.116124580091
916.160025677681,-71.11630396146408,-71.11630396146408
916.170025677681,-71.11650333694608,-71.11650333694608
916.180025677681,-71.11672265663626,-71.11672265663626
916.190025677681,-71.11696187043523,-71.11696187043523
916.200025677681,-71.11722092804746,-71.11722092804746
916.210025677681,-71.11749358091471,-71.11749358091471
916.220025677681,-71.11777706887473,-71.11777706887473
916.2300256776809,-71.11807002667231,-71.11807002667231
916.2400256776809,-71.11837173511603,-71.11837173511603
916.2500256776809,-71.11868183508109,-71.11868183508109
916.2600256776809,-71.11900017877785,-71.11900017877785
916.270025677681,-71.11932674246921,-71.11932674246921
916.280025677681,-71.11966157397714,-71.11966157397714
916.290025677681,-71.12000476104505,-71.12000476104505
916.3000257015228,-71.12035641325446,-71.12035641325446
916.3100257015228,-71.12071664735024,-71.12071664735024
916.3200257015228,-71.12108558556639,-71.12108558556639
916.3300257015228,-71.12146334859665,-71.12146334859665
916.3400257015228,-71.12185005429549,-71.12185005429549
916.3500257015228,-71.12224581669659,-71.12224581669659
916.3600257015228,-71.12265074557767,-71.12265074557767
916.3700257015229,-71.12306494647906,-71.12306494647906
916.3800257015229,-71.12348852083635,-71.12348852083635
916.3900257015229,-71.12392156624638,-71.12392156624638
916.4000257015228,-71.12436417680746,-71.12436417680746
916.4100257015228,-71.12481644338439,-71.12481644338439
916.4200257015228,-71.12527845395468,-71.12527845395468
916.4300257015228,-71.1257502938694,-71.1257502938694
916.4400257015228,-71.12623204609565,-71.12623204609565
916.4500257015228,-71.12672379144361,-71.12672379144361
916.4600257015228,-71.12721940963668,-71.12721940963668
916.4700257015228,-71.12771626743607,-71.12771626743607
916.4800257015228,-71.1282131251214,-71.1282131251214
916.4900257015229,-71.12870938769547,-71.12870938769547
916.5000257015229,-71.12920481898372,-71.12920481898372
916.5100257015229,-71.12969939298621,-71.12969939298621
916.5200257015229,-71.130193206683,-71.130193206683
916.5300257015228,-71.13068642758388,-71.13068642758388
916.5400257015228,-71.13117926218972,-71.13117926218972
916.5500257015228,-71.13167193704896,-71.13167193704896
916.5600257015228,-71.13216468749175,-71.13216468749175
916.5700257015228,-71.13265775101236,-71.13265775101236
916.5800257015228,-71.1331513634858,-71.1331513634858
916.5900257015228,-71.13364575711864,-71.13364575711864
916.6000257015228,-71.13414115942892,-71.13414115942892
916.6100257015228,-71.13463779285698,-71.13463779285698
916.6200257015229,-71.13513587472919,-71.13513587472919
916.6300257015229,-71.13563561743773,-71.13563561743773
916.6400257015229,-71.13613722866816,-71.13613722866816
916.6500257015228,-71.13664091173179,-71.13664091173179
916.6600257015228,-71.13714686585018,-71.13714686585018
916.6700257015228,-71.13765528647922,-71.13765528647922
916.6800257015228,-71.13816636555048,-71.13816636555048
916.6900257015228,-71.13868029172593,-71.13868029172593
916.7000257015228,-71.13919725060367,-71.13919725060367
916.7100257015228,-71.13971742491978,-71.13971742491978
916.7200257015228,-71.14024099467348,-71.14024099467348
916.7300257015228,-71.14076813728093,-71.14076813728093
916.7400257015229,-71.14129902768374,-71.14129902768374
916.7500257015229,-71.14183383844619,-71.14183383844619
916.7600257015229,-71.14237273983503,-71.14237273983503
916.7700257015229,-71.14291589986789,-71.14291589986789
916.7800257015228,-71.14346348439042,-71.14346348439042
916.7900257015228,-71.14401565709592,-71.14401565709592
916.8000257015228,-71.14457257958121,-71.14457257958121
916.8100257015228,-71.14513441137314,-71.14513441137314
916.8200257015228,-71.14570130993226,-71.14570130993226
916.8300257015228,-71.14627343069043,-71.14627343069043
916.8400257015228,-71.14685092706158,-71.14685092706158
916.8500257015228,-71.14743395044634,-71.14743395044634
916.8600257015228,-71.14802265025119,-71.14802265025119
916.8700257015229,-71.14861717387852,-71.14861717387852
916.8800257015229,-71.14921766676207,-71.14921766676207
916.8900257015229,-71.14982427232975,-71.14982427232975
916.9000257015228,-71.150437132041,-71.150437132041
916.9100257015228,-71.15105638538525,-71.15105638538525
916.9200257015228,-71.15168216985641,-71.15168216985641
916.9300257015228,-71.15231462098744,-71.15231462098744
916.9400257015228,-71.15295387234373,-71.15295387234373
916.9500257015228,-71.15360005551995,-71.15360005551995
916.9600257015228,-71.15425330014297,-71.15425330014297
916.9700257015228,-71.15491373387809,-71.15491373387809
916.9800257015228,-71.15558148243896,-71.15558148243896
916.9900257015229,-71.1562566695673,-71.1562566695673
917.0000257015229,-71.15693941707512,-71.15693941707512
917.0100257015229,-71.15762984480789,-71.15762984480789
917.0200257015229,-71.15832807068199,-71.15832807068199
917.0300257015228,-71.159034210681,-71.159034210681
917.0400257015228,-71.15974837884778,-71.15974837884778
917.0500257015228,-71.16047068730578,-71.16047068730578
917.0600257015228,-71.1612012462749,-71.1612012462749
917.0700257015228,-71.16194016406239,-71.16194016406239
917.0800257015228,-71.16268754707389,-71.16268754707389
917.0900257015228,-71.16344349982542,-71.16344349982542
917.1000257015228,-71.16420812496243,-71.16420812496243
917.1100257015228,-71.16498152325963,-71.16498152325963
917.1200257015229,-71.16576379361493,-71.16576379361493
917.1300257015229,-71.1665550331146,-71.1665550331146
917.1400257015229,-71.16735533697063,-71.16735533697063
917.1500257253647,-71.16816480052007,-71.16816480052007
917.1600257253647,-71.16898351153002,-71.16898351153002
917.1700257253647,-71.16981156168691,-71.16981156168691
917.1800257253647,-71.17064903899751,-71.17064903899751
917.1900257253646,-71.1714960296973,-71.1714960296973
917.2000257253646,-71.17235261826286,-71.17235261826286
917.2100257253646,-71.17321888742373,-71.17321888742373
917.2200257253647,-71.17409491818108,-71.17409491818108
917.2300257253647,-71.17498078982138,-71.17498078982138
917.2400257253647,-71.17587657991754,-71.17587657991754
917.2500257253647,-71.17678236436994,-71.17678236436994
917.2600257253647,-71.17769821740778,-71.17769821740778
917.2700257253647,-71.17862421159191,-71.17862421159191
917.2800257253647,-71.17956041785685,-71.17956041785685
917.2900257253647,-71.18050690550888,-71.18050690550888
917.3000257253647,-71.18146374225216,-71.18146374225216
917.3100257253647,-71.18243099418214,-71.18243099418214
917.3200257253646,-71.18340872584247,-71.18340872584247
917.3300257253646,-71.18439700020402,-71.18439700020402
917.3400257253647,-71.18539587868776,-71.18539587868776
917.3500257253647,-71.18640542120866,-71.18640542120866
917.3600257253647,-71.18742568616247,-71.18742568616247
917.3700257253647,-71.188456730453,-71.188456730453
917.3800257253647,-71.18949860950829,-71.18949860950829
917.3900257253647,-71.19055137729241,-71.19055137729241
917.4000257253647,-71.19161508633235,-71.19161508633235
917.4100257253647,-71.19268978774035,-71.19268978774035
917.4200257253647,-71.19377553120019,-71.19377553120019
917.4300257253647,-71.1948723650146,-71.1948723650146
917.4400257253646,-71.19598033611987,-71.19598033611987
917.4500257253646,-71.19709949007732,-71.19709949007732
917.4600257253646,-71.19822366566383,-71.19822366566383
917.4700257253647,-71.19935019192003,-71.19935019192003
917.4800257253647,-71.20047779272625,-71.20047779272625
917.4900257253647,-71.20160583724476,-71.20160583724476
917.5000257253647,-71.20273405377858,-71.20273405377858
917.5100257253647,-71.20386238098193,-71.20386238098193
917.5200257253647,-71.20499088062202,-71.20499088062202
917.5300257253647,-71.20611968507629,-71.20611968507629
917.5400257253647,-71.20724896577902,-71.20724896577902
917.5500257253647,-71.20837891424854,-71.20837891424854
917.5600257253647,-71.20950973082688,-71.20950973082688
917.5700257253646,-71.21064161805448,-71.21064161805448
917.5800257253646,-71.2117747768751,-71.2117747768751
917.5900257253647,-71.21290940457934,-71.21290940457934
917.6000257253647,-71.21404569380061,-71.21404569380061
917.6100257253647,-71.21518383210778,-71.21518383210778
917.6200257253647,-71.2163240019834,-71.2163240019834
917.6300257253647,-71.21746638100673,-71.21746638100673
917.6400257253647,-71.21861114208303,-71.21861114208303
917.6500257253647,-71.21975845380871,-71.21975845380871
917.6600257253647,-71.22090848072544,-71.22090848072544
917.6700257253647,-71.22206138369143,-71.22206138369143
917.6800257253647,-71.22321732010732,-71.22321732010732
917.6900257253646,-71.22437644420143,-71.22437644420143
917.7000257253646,-71.22553890724346,-71.22553890724346
917.7100257253646,-71.2266986500489,-71.2266986500489
917.7200257253647,-71.2278531037618,-71.2278531037618
917.7300257253647,-71.22900109370673,-71.22900109370673
917.7400257253647,-71.23014208966228,-71.23014208966228
917.7500257253647,-71.231275919723,-71.231275919723
917.7600257253647,-71.23240262157577,-71.23240262157577
917.7700257253647,-71.23352235522633,-71.23352235522633
917.7800257253647,-71.23463535060634,-71.23463535060634
917.7900257253647,-71.23574187601196,-71.23574187601196
917.8000257253647,-71.23684221919466,-71.23684221919466
917.8100257253647,-71.2379366760835,-71.2379366760835
917.8200257253646,-71.23902554418903,-71.23902554418903
917.8300257253646,-71.24010911881507,-71.24010911881507
917.8400257253647,-71.24118769102621,-71.24118769102621
917.8500257253647,-71.24226154662611,-71.24226154662611
917.8600257253647,-71.2433309657449,-71.2433309657449
917.8700257253647,-71.24439622282443,-71.24439622282443
917.8800257253647,-71.24545758678461,-71.24545758678461
917.8900257253647,-71.24651532127666,-71.24651532127666
917.9000257253647,-71.2475696849916,-71.2475696849916
917.9100257253647,-71.24862093196809,-71.24862093196809
917.9200257253647,-71.24966931187922,-71.24966931187922
917.9300257253647,-71.25071507031612,-71.25071507031612
917.9400257253646,-71.2517584490261,-71.2517584490261
917.9500257253646,-71.25279968613212,-71.25279968613212
917.9600257253646,-71.25383901630208,-71.25383901630208
917.9700257253647,-71.25487667093584,-71.25487667093584
917.9800257253647,-71.2559128782758,-71.2559128782758
917.9900257253647,-71.2569478635413,-71.2569478635413
918.0000257492065,-71.25798185147634,-71.25798185147634
918.0100257492065,-71.25901505658896,-71.25901505658896
918.0200257492065,-71.26004769799292,-71.26004769799292
918.0300257492065,-71.26107998962665,-71.26107998962665
918.0400257492065,-71.26211214273837,-71.26211214273837
918.0500257492065,-71.26314436596228,-71.26314436596228
918.0600257492065,-71.264176865307,-71.264176865307
918.0700257492066,-71.26520984422407,-71.26520984422407
918.0800257492066,-71.26624350361298,-71.26624350361298
918.0900257492066,-71.26727804183632,-71.26727804183632
918.1000257492066,-71.26831365474258,-71.26831365474258
918.1100257492066,-71.26935053568721,-71.26935053568721
918.1200257492065,-71.27038887553742,-71.27038887553742
918.1300257492065,-71.27142886266861,-71.27142886266861
918.1400257492065,-71.27247068301207,-71.27247068301207
918.1500257492065,-71.27351452001002,-71.27351452001002
918.1600257492065,-71.27456055466956,-71.27456055466956
918.1700257492065,-71.27560896554452,-71.27560896554452
918.1800257492065,-71.2766599287631,-71.2766599287631
918.1900257492066,-71.2777136180085,-71.2777136180085
918.2000257492066,-71.27877020455675,-71.27877020455675
918.2100257492066,-71.27982364600076,-71.27982364600076
918.2200257492066,-71.28087139290415,-71.28087139290415
918.2300257492066,-71.2819122909056,-71.2819122909056
918.2400257492066,-71.28294583038169,-71.28294583038169
918.2500257492065,-71.28397186000686,-71.28397186000686
918.2600257492065,-71.28499043785929,-71.28499043785929
918.2700257492065,-71.28600174409398,-71.28600174409398
918.2800257492065,-71.28700602839162,-71.28700602839162
918.2900257492065,-71.28800357840875,-71.28800357840875
918.3000257492065,-71.28899470081785,-71.28899470081785
918.3100257492065,-71.28997970999161,-71.28997970999161
918.3200257492066,-71.29095892137327,-71.29095892137327
918.3300257492066,-71.29193264771695,-71.29193264771695
918.3400257492066,-71.29290119698871,-71.29290119698871
918.3500257492066,-71.29386487137452,-71.29386487137452
918.3600257492066,-71.29482396687301,-71.29482396687301
918.3700257492065,-71.29577877326358,-71.29577877326358
918.3800257492065,-71.29672957427597,-71.29672957427597
918.3900257492065,-71.2976766478476,-71.2976766478476
918.4000257492065,-71.29862026645482,-71.29862026645482
918.4100257492065,-71.29956069741314,-71.29956069741314
918.4200257492065,-71.30049820318771,-71.30049820318771
918.4300257492065,-71.30143304167171,-71.30143304167171
918.4400257492066,-71.30236546643303,-71.30236546643303
918.4500257492066,-71.30329572697114,-71.30329572697114
918.4600257492066,-71.30422406887328,-71.30422406887328
918.4700257492066,-71.30515073400818,-71.30515073400818
918.4800257492066,-71.30607596067358,-71.30607596067358
918.4900257492066,-71.30699998373983,-71.30699998373983
918.5000257492065,-71.30792303472218,-71.30792303472218
918.5100257492065,-71.30884534191556,-71.30884534191556
918.5200257492065,-71.309767130448,-71.309767130448
918.5300257492065,-71.31068862236303,-71.31068862236303
918.5400257492065,-71.31161003667779,-71.31161003667779
918.5500257492065,-71.3125315894385,-71.3125315894385
918.5600257492065,-71.3134534937644,-71.3134534937644
918.5700257492066,-71.31437595986814,-71.31437595986814
918.5800257492066,-71.31529919513534,-71.31529919513534
918.5900257492066,-71.31622340410382,-71.31622340410382
918.6000257492066,-71.31714878851966,-71.31714878851966
918.6100257492066,-71.31807554736464,-71.31807554736464
918.6200257492065,-71.3190038768611,-71.3190038768611
918.6300257492065,-71.31993397049682,-71.31993397049682
918.6400257492065,-71.32086601906073,-71.32086601906073
918.6500257492065,-71.32180021063559,-71.32180021063559
918.6600257492065,-71.32273673062974,-71.32273673062974
918.6700257492065,-71.32367576180062,-71.32367576180062
918.6800257492065,-71.3246174842469,-71.3246174842469
918.6900257492066,-71.32556207545055,-71.32556207545055
918.7000257492066,-71.32650971027932,-71.32650971027932
918.7100257492066,-71.32745434655277,-71.32745434655277
918.7200257492066,-71.32839343717625,-71.32839343717625
918.7300257492066,-71.32932583078863,-71.32932583078863
918.7400257492066,-71.33025102091963,-71.33025102091963
918.7500257492065,-71.33116885939013,-71.33116885939013
918.7600257492065,-71.33207940733234,-71.33207940733234
918.7700257492065,-71.33298284782084,-71.33298284782084
918.7800257492065,-71.33387943335522,-71.33387943335522
918.7900257492065,-71.3347694542406,-71.3347694542406
918.8000257492065,-71.33565321963559,-71.33565321963559
918.8100257492065,-71.33653104627946,-71.33653104627946
918.8200257492066,-71.33740325183453,-71.33740325183453
918.8300257492066,-71.33827015113718,-71.33827015113718
918.8400257492066,-71.3391320541087,-71.3391320541087
918.8500257730484,-71.33998926680204,-71.33998926680204
918.8600257730484,-71.34084208284627,-71.34084208284627
918.8700257730484,-71.34169079567583,-71.34169079567583
918.8800257730484,-71.3425356905292,-71.3425356905292
918.8900257730484,-71.34337704675399,-71.34337704675399
918.9000257730484,-71.34421513812987,-71.34421513812987
918.9100257730483,-71.34505023319636,-71.34505023319636
918.9200257730485,-71.34588259555215,-71.34588259555215
918.9300257730484,-71.34671248415081,-71.34671248415081
918.9400257730484,-71.34754015355384,-71.34754015355384
918.9500257730484,-71.34836585415009,-71.34836585415009
918.9600257730484,-71.34918361672304,-71.34918361672304
918.9700257730484,-71.3499909670424,-71.3499909670424
918.9800257730484,-71.35078682594194,-71.35078682594194
918.9900257730484,-71.35157075835201,-71.35157075835201
919.0000257730484,-71.35234268672711,-71.35234268672711
919.0100257730484,-71.35310274210543,-71.35310274210543
919.0200257730484,-71.3538511767779,-71.3538511767779
919.0300257730484,-71.35458831182723,-71.35458831182723
919.0400257730485,-71.35531450552759,-71.35531450552759
919.0500257730484,-71.35603013446814,-71.35603013446814
919.0600257730484,-71.35673558222963,-71.35673558222963
919.0700257730484,-71.35743123284172,-71.35743123284172
919.0800257730484,-71.35811746697728,-71.35811746697728
919.0900257730484,-71.35879465991651,-71.35879465991651
919.1000257730484,-71.35946318056703,-71.35946318056703
919.1100257730484,-71.3601233910549,-71.3601233910549
919.1200257730484,-71.36077564671237,-71.36077564671237
919.1300257730484,-71.36142029624834,-71.36142029624834
919.1400257730484,-71.36205768203526,-71.36205768203526
919.1500257730484,-71.36268814041469,-71.36268814041469
919.1600257730483,-71.36331200200631,-71.36331200200631
919.1700257730485,-71.36392959204034,-71.36392959204034
919.1800257730484,-71.36454123061363,-71.36454123061363
919.1900257730484,-71.36514723295983,-71.36514723295983
919.2000257730484,-71.3657479096671,-71.3657479096671
919.2100257730484,-71.36634356687324,-71.36634356687324
919.2200257730484,-71.3669345064477,-71.3669345064477
919.2300257730484,-71.36752102612336,-71.36752102612336
919.2400257730484,-71.36810341965673,-71.36810341965673
919.2500257730484,-71.36868197687147,-71.36868197687147
919.2600257730484,-71.3692569838247,-71.3692569838247
919.2700257730484,-71.36982872282967,-71.36982872282967
919.2800257730484,-71.37039747256772,-71.37039747256772
919.2900257730485,-71.37096350811035,-71.37096350811035
919.3000257730484,-71.37152710100446,-71.37152710100446
919.3100257730484,-71.37208851928384,-71.37208851928384
919.3200257730484,-71.37264802752793,-71.37264802752793
919.3300257730484,-71.37320588688563,-71.37320588688563
919.3400257730484,-71.37376235510901,-71.37376235510901
919.3500257730484,-71.37431768657751,-71.37431768657751
919.3600257730484,-71.37487213232266,-71.37487213232266
919.3700257730484,-71.37542594006362,-71.37542594006362
919.3800257730484,-71.37597935419745,-71.37597935419745
919.3900257730484,-71.37653261585147,-71.37653261585147
919.4000257730484,-71.37708596286897,-71.37708596286897
919.4100257730483,-71.37763962985385,-71.37763962985385
919.4200257730485,-71.37819384818464,-71.37819384818464
919.4300257730484,-71.37874884602282,-71.37874884602282
919.4400257730484,-71.37930484832724,-71.37930484832724
919.4500257730484,-71.37986207688363,-71.37986207688363
919.4600257730484,-71.38041453331148,-71.38041453331148
919.4700257730484,-71.38095971649969,-71.38095971649969
919.4800257730484,-71.38149652138706,-71.38149652138706
919.4900257730484,-71.38202448760208,-71.38202448760208
919.5000257730484,-71.38254351260564,-71.38254351260564
919.5100257730484,-71.38305370269123,-71.38305370269123
919.5200257730484,-71.38355528551483,-71.38355528551483
919.5300257730484,-71.38404855753842,-71.38404855753842
919.5400257730485,-71.38453385244422,-71.38453385244422
919.5500257730484,-71.38501152215316,-71.38501152215316
919.5600257730484,-71.38548192552517,-71.38548192552517
919.5700257730484,-71.38594542177471,-71.38594542177471
919.5800257730484,-71.38640236663758,-71.38640236663758
919.5900257730484,-71.3868531103782,-71.3868531103782
919.6000257730484,-71.38729799674809,-71.38729799674809
919.6100257730484,-71.3877373626118,-71.3877373626118
919.6200257730484,-71.3881715379452,-71.3881715379452
919.6300257730484,-71.38860084598963,-71.38860084598963
919.6400257730484,-71.38902560355531,-71.38902560355531
919.6500257730484,-71.38944612132914,-71.38944612132914
919.6600257730483,-71.38986270420445,-71.38986270420445
919.6700257730485,-71.39027565160544,-71.39027565160544
919.6800257730484,-71.39068525778731,-71.39068525778731
919.6900257730484,-71.39109181206078,-71.39109181206078
919.7000257968903,-71.39149560004783,-71.39149560004783
919.7100257968902,-71.39189689998084,-71.39189689998084
919.7200257968902,-71.39229598872615,-71.39229598872615
919.7300257968902,-71.39269313803807,-71.39269313803807
919.7400257968902,-71.39308861567656,-71.39308861567656
919.7500257968902,-71.3934826855275,-71.3934826855275
919.7600257968902,-71.39387560771348,-71.39387560771348
919.7700257968903,-71.3942676386681,-71.3942676386681
919.7800257968903,-71.3946590312317,-71.3946590312317
919.7900257968903,-71.39505003469901,-71.39505003469901
919.8000257968903,-71.39544089490352,-71.39544089490352
919.8100257968903,-71.39583185424816,-71.39583185424816
919.8200257968903,-71.39622315177044,-71.39622315177044
919.8300257968903,-71.39661502316758,-71.39661502316758
919.8400257968902,-71.39700770084941,-71.39700770084941
919.8500257968902,-71.39740141396844,-71.39740141396844
919.8600257968902,-71.39779638844159,-71.39779638844159
919.8700257968902,-71.39819284699799,-71.39819284699799
919.8800257968902,-71.39859100918297,-71.39859100918297
919.8900257968903,-71.398991091394,-71.398991091394
919.9000257968903,-71.39939330693629,-71.39939330693629
919.9100257968903,-71.39979786597618,-71.39979786597618
919.9200257968903,-71.40020497563343,-71.40020497563343
919.9300257968903,-71.40061483996367,-71.40061483996367
919.9400257968903,-71.40102765999795,-71.40102765999795
919.9500257968903,-71.40144363375094,-71.40144363375094
919.9600257968902,-71.40185673832347,-71.40185673832347
919.9700257968902,-71.40226444941487,-71.40226444941487
919.9800257968902,-71.4026656393234,-71.4026656393234
919.9900257968902,-71.40305982535041,-71.40305982535041
920.0000257968902,-71.40344688285602,-71.40344688285602
920.0100257968902,-71.40382689621546,-71.40382689621546
920.0200257968903,-71.40420007133591,-71.40420007133591
920.0300257968903,-71.40456668309389,-71.40456668309389
920.0400257968903,-71.40492704371225,-71.40492704371225
920.0500257968903,-71.40528148380191,-71.40528148380191
920.0600257968903,-71.40563034107927,-71.40563034107927
920.0700257968903,-71.40597395372832,-71.40597395372832
920.0800257968903,-71.40631265664021,-71.40631265664021
920.0900257968902,-71.4066467793829,-71.4066467793829
920.1000257968902,-71.40697664516924,-71.40697664516924
920.1100257968902,-71.40730257050095,-71.40730257050095
920.1200257968902,-71.40762486515854,-71.40762486515854
920.1300257968902,-71.40794383236477,-71.40794383236477
920.1400257968903,-71.4082597690749,-71.4082597690749
920.1500257968903,-71.40857296632097,-71.40857296632097
920.1600257968903,-71.40888370952167,-71.40888370952167
920.1700257968903,-71.4091922788151,-71.4091922788151
920.1800257968903,-71.40949894933573,-71.40949894933573
920.1900257968903,-71.4098039915054,-71.4098039915054
920.2000257968903,-71.41010767124862,-71.41010767124862
920.2100257968902,-71.41041025021255,-71.41041025021255
920.2200257968902,-71.41071198595432,-71.41071198595432
920.2300257968902,-71.411013132093,-71.411013132093
920.2400257968902,-71.41131393843357,-71.41131393843357
920.2500257968902,-71.41161465112158,-71.41161465112158
920.2600257968902,-71.41191551272847,-71.41191551272847
920.2700257968903,-71.41221676232605,-71.41221676232605
920.2800257968903,-71.41251863559677,-71.41251863559677
920.2900257968903,-71.41282136487985,-71.41282136487985
920.3000257968903,-71.41312517922118,-71.41312517922118
920.3100257968903,-71.41343030446748,-71.41343030446748
920.3200257968903,-71.41373696326292,-71.41373696326292
920.3300257968903,-71.41404537512406,-71.41404537512406
920.3400257968902,-71.41435575646534,-71.41435575646534
920.3500257968902,-71.41466832063513,-71.41466832063513
920.3600257968902,-71.41498327793592,-71.41498327793592
920.3700257968902,-71.41530083567031,-71.41530083567031
920.3800257968902,-71.41562119816571,-71.41562119816571
920.3900257968903,-71.41594456676546,-71.41594456676546
920.4000257968903,-71.41627113990799,-71.41627113990799
920.4100257968903,-71.41660111309858,-71.41660111309858
920.4200257968903,-71.41693467895205,-71.41693467895205
920.4300257968903,-71.4172720272263,-71.4172720272263
920.4400257968903,-71.4176133448182,-71.4176133448182
920.4500257968903,-71.41795881580018,-71.41795881580018
920.4600257968902,-71.41830862143566,-71.41830862143566
920.4700257968902,-71.41866294019388,-71.41866294019388
920.4800257968902,-71.41902194778291,-71.41902194778291
920.4900257968902,-71.41938581715338,-71.41938581715338
920.5000257968902,-71.41975471852506,-71.41975471852506
920.5100257968902,-71.42012881941965,-71.42012881941965
920.5200257968903,-71.4205082846593,-71.4205082846593
920.5300257968903,-71.42089327640747,-71.42089327640747
920.5400257968903,-71.4212839541665,-71.4212839541665
920.5500258207321,-71.42168047577,-71.42168047577
920.5600258207321,-71.42208299362245,-71.42208299362245
920.5700258207321,-71.42249166033332,-71.42249166033332
920.5800258207321,-71.42290662504102,-71.42290662504102
920.5900258207321,-71.42332803433347,-71.42332803433347
920.6000258207321,-71.42375603228106,-71.42375603228106
920.6100258207321,-71.42419076045336,-71.42419076045336
920.6200258207322,-71.42463235795468,-71.42463235795468
920.6300258207322,-71.42508096142939,-71.42508096142939
920.6400258207321,-71.4255367050921,-71.4255367050921
920.6500258207321,-71.42599972076081,-71.42599972076081
920.6600258207321,-71.42647013785363,-71.42647013785363
920.6700258207321,-71.42694808344439,-71.42694808344439
920.6800258207321,-71.42743368226157,-71.42743368226157
920.6900258207321,-71.42792705671839,-71.42792705671839
920.7000258207321,-71.42842832695051,-71.42842832695051
920.7100258207321,-71.4289313908036,-71.4289313908036
920.7200258207321,-71.42943364685101,-71.42943364685101
920.7300258207321,-71.42993389149433,-71.42993389149433
920.7400258207322,-71.43043156702736,-71.43043156702736
920.7500258207322,-71.43092647462778,-71.43092647462778
920.7600258207322,-71.43141862521544,-71.43141862521544
920.7700258207321,-71.43190815195531,-71.43190815195531
920.7800258207321,-71.43239525769971,-71.43239525769971
920.7900258207321,-71.4328801833349,-71.4328801833349
920.8000258207321,-71.43336318883544,-71.43336318883544
920.8100258207321,-71.43384454195953,-71.43384454195953
920.8200258207321,-71.43432451165368,-71.43432451165368
920.8300258207321,-71.43480336424936,-71.43480336424936
920.8400258207321,-71.43528136145467,-71.43528136145467
920.8500258207321,-71.43575875934002,-71.43575875934002
920.8600258207321,-71.43623580797613,-71.43623580797613
920.8700258207322,-71.4367127514106,-71.4367127514106
920.8800258207322,-71.43718982785717,-71.43718982785717
920.8900258207321,-71.43766726997526,-71.43766726997526
920.9000258207321,-71.43814530521558,-71.43814530521558
920.9100258207321,-71.4386241561242,-71.4386241561242
920.9200258207321,-71.43910404068579,-71.43910404068579
920.9300258207321,-71.43958517261531,-71.43958517261531
920.9400258207321,-71.44006776160491,-71.44006776160491
920.9500258207321,-71.44055201358842,-71.44055201358842
920.9600258207321,-71.44103813092347,-71.44103813092347
920.9700258207321,-71.44152631258214,-71.44152631258214
920.9800258207321,-71.44201675432582,-71.44201675432582
920.9900258207322,-71.44250964879554,-71.44250964879554
921.0000258207322,-71.44300518569342,-71.44300518569342
921.0100258207322,-71.44350355182142,-71.44350355182142
921.0200258207321,-71.4440049312013,-71.4440049312013
921.0300258207321,-71.44450950515368,-71.44450950515368
921.0400258207321,-71.44501745233634,-71.44501745233634
921.0500258207321,-71.4455289488347,-71.4455289488347
921.0600258207321,-71.44604416816945,-71.44604416816945
921.0700258207321,-71.446563281378,-71.446563281378
921.0800258207321,-71.44708645702046,-71.44708645702046
921.0900258207321,-71.44761386123712,-71.44761386123712
921.1000258207321,-71.44814565775333,-71.44814565775333
921.1100258207321,-71.44868200793069,-71.44868200793069
921.1200258207322,-71.44922307075815,-71.44922307075815
921.1300258207322,-71.4497690029097,-71.4497690029097
921.1400258207321,-71.45031995873549,-71.45031995873549
921.1500258207321,-71.45087609028927,-71.45087609028927
921.1600258207321,-71.45143754734576,-71.45143754734576
921.1700258207321,-71.45200447740879,-71.45200447740879
921.1800258207321,-71.45257702575061,-71.45257702575061
921.1900258207321,-71.4531553353986,-71.4531553353986
921.2000258207321,-71.45373954715996,-71.45373954715996
921.2100258207321,-71.45432979964991,-71.45432979964991
921.2200258207321,-71.4549262292719,-71.4549262292719
921.2300258207321,-71.45552897026751,-71.45552897026751
921.2400258207322,-71.45613815470404,-71.45613815470404
921.2500258207322,-71.4567539125201,-71.4567539125201
921.2600258207322,-71.45737637149993,-71.45737637149993
921.2700258207321,-71.45800565731427,-71.45800565731427
921.2800258207321,-71.45864189352683,-71.45864189352683
921.2900258207321,-71.45928520160729,-71.45928520160729
921.3000258207321,-71.45993570095264,-71.45993570095264
921.3100258207321,-71.46059350889794,-71.46059350889794
921.3200258207321,-71.46125874073485,-71.46125874073485
921.3300258207321,-71.46193150971588,-71.46193150971588
921.3400258207321,-71.46261192708222,-71.46261192708222
921.3500258207321,-71.46330010207222,-71.46330010207222
921.3600258207321,-71.4639961419553,-71.4639961419553
921.3700258207322,-71.46470015200784,-71.46470015200784
921.3800258207322,-71.46541223558776,-71.46541223558776
921.3900258207321,-71.46613249409373,-71.46613249409373
921.400025844574,-71.46686102874558,-71.46686102874558
921.410025844574,-71.46759793370768,-71.46759793370768
921.420025844574,-71.46834330637358,-71.46834330637358
921.430025844574,-71.46909724060271,-71.46909724060271
921.4400258445739,-71.46985982837998,-71.46985982837998
921.4500258445739,-71.47063115988341,-71.47063115988341
921.4600258445739,-71.47141132345207,-71.47141132345207
921.470025844574,-71.47220040564962,-71.47220040564962
921.480025844574,-71.47299849126497,-71.47299849126497
921.490025844574,-71.47380566331113,-71.47380566331113
921.500025844574,-71.47462200306973,-71.47462200306973
921.510025844574,-71.47544759011062,-71.47544759011062
921.520025844574,-71.47628250228728,-71.47628250228728
921.530025844574,-71.47712681576614,-71.47712681576614
921.540025844574,-71.477980605056,-71.477980605056
921.550025844574,-71.47884394301012,-71.47884394301012
921.5600258445739,-71.4797169008507,-71.4797169008507
921.5700258445739,-71.48059954819367,-71.48059954819367
921.5800258445739,-71.48149195304845,-71.48149195304845
921.590025844574,-71.48239418185631,-71.48239418185631
921.600025844574,-71.48330629951438,-71.48330629951438
921.610025844574,-71.48422836936011,-71.48422836936011
921.620025844574,-71.48516045321986,-71.48516045321986
921.630025844574,-71.48610261140765,-71.48610261140765
921.640025844574,-71.4870549027669,-71.4870549027669
921.650025844574,-71.48801738465892,-71.48801738465892
921.660025844574,-71.48899011301661,-71.48899011301661
921.670025844574,-71.48997314232008,-71.48997314232008
921.680025844574,-71.49096652564958,-71.49096652564958
921.6900258445739,-71.4919703146937,-71.4919703146937
921.7000258445739,-71.49298455974737,-71.49298455974737
921.7100258445739,-71.49400930976182,-71.49400930976182
921.720025844574,-71.49504461232854,-71.49504461232854
921.730025844574,-71.49609051373807,-71.49609051373807
921.740025844574,-71.49714705895968,-71.49714705895968
921.750025844574,-71.49821429166475,-71.49821429166475
921.760025844574,-71.49929225425835,-71.49929225425835
921.770025844574,-71.50038098788606,-71.50038098788606
921.780025844574,-71.5014805324552,-71.5014805324552
921.790025844574,-71.50259092665843,-71.50259092665843
921.800025844574,-71.5037122079626,-71.5037122079626
921.8100258445739,-71.5048444126604,-71.5048444126604
921.8200258445739,-71.50598757585898,-71.50598757585898
921.8300258445739,-71.50714173151805,-71.50714173151805
921.840025844574,-71.50830691243652,-71.50830691243652
921.850025844574,-71.50948315031727,-71.50948315031727
921.860025844574,-71.51067047572559,-71.51067047572559
921.870025844574,-71.51186891815233,-71.51186891815233
921.880025844574,-71.51307850598076,-71.51307850598076
921.890025844574,-71.51429926655095,-71.51429926655095
921.900025844574,-71.51553122615726,-71.51553122615726
921.910025844574,-71.51677441003741,-71.51677441003741
921.920025844574,-71.51802884243715,-71.51802884243715
921.930025844574,-71.51929454657697,-71.51929454657697
921.9400258445739,-71.52057154469591,-71.52057154469591
921.9500258445739,-71.52185985805515,-71.52185985805515
921.9600258445739,-71.52315327658295,-71.52315327658295
921.970025844574,-71.52444909659724,-71.52444909659724
921.980025844574,-71.5257460153212,-71.5257460153212
921.990025844574,-71.52704337796821,-71.52704337796821
922.000025844574,-71.5283408903494,-71.5283408903494
922.010025844574,-71.52963846957874,-71.52963846957874
922.020025844574,-71.53093615648046,-71.53093615648046
922.030025844574,-71.53223406292324,-71.53223406292324
922.040025844574,-71.53353234016777,-71.53353234016777
922.050025844574,-71.53483115989323,-71.53483115989323
922.0600258445739,-71.53613070284392,-71.53613070284392
922.0700258445739,-71.53743115223283,-71.53743115223283
922.0800258445739,-71.53873268994785,-71.53873268994785
922.090025844574,-71.54003549447133,-71.54003549447133
922.100025844574,-71.54133973991425,-71.54133973991425
922.110025844574,-71.5426455955849,-71.5426455955849
922.120025844574,-71.54395322597483,-71.54395322597483
922.130025844574,-71.54526279093493,-71.54526279093493
922.140025844574,-71.54657444595075,-71.54657444595075
922.150025844574,-71.54788834244324,-71.54788834244324
922.160025844574,-71.54920462809166,-71.54920462809166
922.170025844574,-71.55052344713518,-71.55052344713518
922.180025844574,-71.55184494067247,-71.55184494067247
922.1900258445739,-71.55316924688317,-71.55316924688317
922.2000258445739,-71.55449650128503,-71.55449650128503
922.2100258445739,-71.55582683689914,-71.55582683689914
922.220025844574,-71.5571603844218,-71.5571603844218
922.230025844574,-71.5584972724012,-71.5584972724012
922.240025844574,-71.55983762731664,-71.55983762731664
922.2500258684158,-71.5611815769114,-71.5611815769114
922.2600258684158,-71.56252923746803,-71.56252923746803
922.2700258684158,-71.56388073307447,-71.56388073307447
922.2800258684158,-71.56523618290868,-71.56523618290868
922.2900258684158,-71.5665957044819,-71.5665957044819
922.3000258684158,-71.56795941368145,-71.56795941368145
922.3100258684158,-71.56932742479832,-71.56932742479832
922.3200258684159,-71.57069985056836,-71.57069985056836
922.3300258684159,-71.57207680219582,-71.57207680219582
922.3400258684159,-71.57345838936482,-71.57345838936482
922.3500258684159,-71.57484472026339,-71.57484472026339
922.3600258684158,-71.57623590160495,-71.57623590160495
922.3700258684158,-71.57763203863163,-71.57763203863163
922.3800258684158,-71.5790332351094,-71.5790332351094
922.3900258684158,-71.58043959336638,-71.58043959336638
922.4000258684158,-71.58185121427246,-71.58185121427246
922.4100258684158,-71.5832681972654,-71.5832681972654
922.4200258684158,-71.58469064033916,-71.58469064033916
922.4300258684158,-71.58611864005529,-71.58611864005529
922.4400258684159,-71.58755229154494,-71.58755229154494
922.4500258684159,-71.58899168852817,-71.58899168852817
922.4600258684159,-71.59043692329419,-71.59043692329419
922.4700258684159,-71.59188808670962,-71.59188808670962
922.4800258684159,-71.59334526823268,-71.59334526823268
922.4900258684158,-71.5948085559089,-71.5948085559089
922.5000258684158,-71.59627803637476,-71.59627803637476
922.5100258684158,-71.59775379487634,-71.59775379487634
922.5200258684158,-71.59923591524066,-71.59923591524066
922.5300258684158,-71.60072447991736,-71.60072447991736
922.5400258684158,-71.6022195699615,-71.6022195699615
922.5500258684158,-71.60372126504407,-71.60372126504407
922.5600258684158,-71.60522964344676,-71.60522964344676
922.5700258684159,-71.60674478209019,-71.60674478209019
922.5800258684159,-71.60826675652594,-71.60826675652594
922.5900258684159,-71.60979564094583,-71.60979564094583
922.6000258684159,-71.6113315081799,-71.6113315081799
922.6100258684158,-71.61287442972227,-71.61287442972227
922.6200258684158,-71.61442447571201,-71.61442447571201
922.6300258684158,-71.61598171497192,-71.61598171497192
922.6400258684158,-71.61754621498072,-71.61754621498072
922.6500258684158,-71.61911804191895,-71.61911804191895
922.6600258684158,-71.620697260656,-71.620697260656
922.6700258684158,-71.62228393475692,-71.62228393475692
922.6800258684158,-71.6238781265001,-71.6238781265001
922.6900258684159,-71.62547989687523,-71.62547989687523
922.7000258684159,-71.62708930561011,-71.62708930561011
922.7100258684159,-71.62870641117424,-71.62870641117424
922.7200258684159,-71.6303312707678,-71.6303312707678
922.7300258684159,-71.63196394036805,-71.63196394036805
922.7400258684158,-71.63360447471271,-71.63360447471271
922.7500258684158,-71.63525292731488,-71.63525292731488
922.7600258684158,-71.63690935047369,-71.63690935047369
922.7700258684158,-71.63857379530496,-71.63857379530496
922.7800258684158,-71.6402463117256,-71.6402463117256
922.7900258684158,-71.64192694847262,-71.64192694847262
922.8000258684158,-71.643615753117,-71.643615753117
922.8100258684158,-71.64531277208633,-71.64531277208633
922.8200258684159,-71.64701805063675,-71.64701805063675
922.8300258684159,-71.64873163292235,-71.64873163292235
922.8400258684159,-71.6504535619594,-71.6504535619594
922.8500258684159,-71.65218387966122,-71.65218387966122
922.8600258684158,-71.65392262683172,-71.65392262683172
922.8700258684158,-71.65566984320523,-71.65566984320523
922.8800258684158,-71.65742556743086,-71.65742556743086
922.8900258684158,-71.65918983709336,-71.65918983709336
922.9000258684158,-71.66096268873746,-71.66096268873746
922.9100258684158,-71.66274415786127,-71.66274415786127
922.9200258684158,-71.66453427892866,-71.66453427892866
922.9300258684158,-71.66633308539802,-71.66633308539802
922.9400258684159,-71.66814060971736,-71.66814060971736
922.9500258684159,-71.66995688335926,-71.66995688335926
922.9600258684159,-71.67178193679479,-71.67178193679479
922.9700258684159,-71.67361579953776,-71.67361579953776
922.9800258684159,-71.67545850014841,-71.67545850014841
922.9900258684158,-71.6773100662341,-71.6773100662341
923.0000258684158,-71.67917052446636,-71.67917052446636
923.0100258684158,-71.68103990060754,-71.68103990060754
923.0200258684158,-71.68291821950721,-71.68291821950721
923.0300258684158,-71.6848055051083,-71.6848055051083
923.0400258684158,-71.68670178047387,-71.68670178047387
923.0500258684158,-71.68860706779259,-71.68860706779259
923.0600258684158,-71.69052138838778,-71.69052138838778
923.0700258684159,-71.69244476272637,-71.69244476272637
923.0800258684159,-71.69437721044243,-71.69437721044243
923.0900258684159,-71.69631875033653,-71.69631875033653
923.1000258922577,-71.69826940503816,-71.69826940503816
923.1100258922577,-71.70022918245516,-71.70022918245516
923.1200258922577,-71.70219810357275,-71.70219810357275
923.1300258922577,-71.70417618398507,-71.70417618398507
923.1400258922577,-71.70616343850538,-71.70616343850538
923.1500258922576,-71.7081598811954,-71.7081598811954
923.1600258922576,-71.71016552535333,-71.71016552535333
923.1700258922577,-71.71218038352501,-71.71218038352501
923.1800258922577,-71.71420446754443,-71.71420446754443
923.1900258922577,-71.71623778851155,-71.71623778851155
923.2000258922577,-71.71828035681375,-71.71828035681375
923.2100258922577,-71.72033218213933,-71.72033218213933
923.2200258922577,-71.72239327349193,-71.72239327349193
923.2300258922577,-71.72446363918417,-71.72446363918417
923.2400258922577,-71.7265432868592,-71.7265432868592
923.2500258922577,-71.72863222350355,-71.72863222350355
923.2600258922577,-71.73073045544932,-71.73073045544932
923.2700258922576,-71.7328379883908,-71.7328379883908
923.2800258922576,-71.73495482738456,-71.73495482738456
923.2900258922577,-71.73708097686317,-71.73708097686317
923.3000258922577,-71.73921644065013,-71.73921644065013
923.3100258922577,-71.741361221966,-71.741361221966
923.3200258922577,-71.74351532343117,-71.74351532343117
923.3300258922577,-71.74567874708467,-71.74567874708467
923.3400258922577,-71.74785149439299,-71.74785149439299
923.3500258922577,-71.75003356624146,-71.75003356624146
923.3600258922577,-71.75222496295922,-71.75222496295922
923.3700258922577,-71.7544256843442,-71.7544256843442
923.3800258922577,-71.75663572961966,-71.75663572961966
923.3900258922577,-71.75885509750422,-71.75885509750422
923.4000258922576,-71.76108378618387,-71.76108378618387
923.4100258922576,-71.76332179332363,-71.76332179332363
923.4200258922577,-71.76556911607648,-71.76556911607648
923.4300258922577,-71.76782575110667,-71.76782575110667
923.4400258922577,-71.77009169457425,-71.77009169457425
923.4500258922577,-71.77236694216174,-71.77236694216174
923.4600258922577,-71.77465148907503,-71.77465148907503
923.4700258922577,-71.77694533004714,-71.77694533004714
923.4800258922577,-71.77924845936334,-71.77924845936334
923.4900258922577,-71.78156087083272,-71.78156087083272
923.5000258922577,-71.78388255783008,-71.78388255783008
923.5100258922577,-71.78621351330551,-71.78621351330551
923.5200258922576,-71.78855372975023,-71.78855372975023
923.5300258922576,-71.79090319924903,-71.79090319924903
923.5400258922577,-71.79326191346112,-71.79326191346112
923.5500258922577,-71.7956298636532,-71.7956298636532
923.5600258922577,-71.79800704066433,-71.79800704066433
923.5700258922577,-71.80039343494875,-71.80039343494875
923.5800258922577,-71.80278903657513,-71.80278903657513
923.5900258922577,-71.8051938352147,-71.8051938352147
923.6000258922577,-71.80760782018606,-71.80760782018606
923.6100258922577,-71.81003098040594,-71.81003098040594
923.6200258922577,-71.81246330445549,-71.81246330445549
923.6300258922577,-71.8149047805471,-71.8149047805471
923.6400258922577,-71.81735539653533,-71.81735539653533
923.6500258922576,-71.81981513994273,-71.81981513994273
923.6600258922576,-71.82228399794887,-71.82228399794887
923.6700258922577,-71.8247619573889,-71.8247619573889
923.6800258922577,-71.82724900478854,-71.82724900478854
923.6900258922577,-71.82974512634578,-71.82974512634578
923.7000258922577,-71.83225030793383,-71.83225030793383
923.7100258922577,-71.83476453512955,-71.83476453512955
923.7200258922577,-71.83728779319915,-71.83728779319915
923.7300258922577,-71.83982006710585,-71.83982006710585
923.7400258922577,-71.84236134153178,-71.84236134153178
923.7500258922577,-71.84491160085845,-71.84491160085845
923.7600258922577,-71.84747082919172,-71.84747082919172
923.7700258922576,-71.85003901035502,-71.85003901035502
923.7800258922576,-71.85261612790491,-71.85261612790491
923.7900258922577,-71.85520216512076,-71.85520216512076
923.8000258922577,-71.85779710504727,-71.85779710504727
923.8100258922577,-71.86040093043066,-71.86040093043066
923.8200258922577,-71.8630136237965,-71.8630136237965
923.8300258922577,-71.86563516740937,-71.86563516740937
923.8400258922577,-71.86826554329058,-71.86826554329058
923.8500258922577,-71.87090473323175,-71.87090473323175
923.8600258922577,-71.87355271878924,-71.87355271878924
923.8700258922577,-71.87620948127822,-71.87620948127822
923.8800258922577,-71.87887500179933,-71.87887500179933
923.8900258922577,-71.88154926123453,-71.88154926123453
923.9000258922576,-71.88423224023788,-71.88423224023788
923.9100258922576,-71.88692391926006,-71.88692391926006
923.9200258922577,-71.8896242785581,-71.8896242785581
923.9300258922577,-71.89233329816754,-71.89233329816754
923.9400258922577,-71.89505095792691,-71.89505095792691
923.9500259160995,-71.89777724396824,-71.89777724396824
923.9600259160995,-71.90051212280831,-71.90051212280831
923.9700259160995,-71.9032555801593,-71.9032555801593
923.9800259160995,-71.90600759510454,-71.90600759510454
923.9900259160995,-71.90876814655627,-71.90876814655627
924.0000259160995,-71.9115372132462,-71.9115372132462
924.0100259160995,-71.91431477372866,-71.91431477372866
924.0200259160996,-71.91710080639552,-71.91710080639552
924.0300259160996,-71.91989528947337,-71.91989528947337
924.0400259160996,-71.92269820102061,-71.92269820102061
924.0500259160996,-71.92550951894754,-71.92550951894754
924.0600259160996,-71.92832922100142,-71.92832922100142
924.0700259160996,-71.93115728478266,-71.93115728478266
924.0800259160995,-71.93399368774902,-71.93399368774902
924.0900259160995,-71.93683840720607,-71.93683840720607
924.1000259160995,-71.93969142032118,-71.93969142032118
924.1100259160995,-71.94255270412593,-71.94255270412593
924.1200259160995,-71.94542223551882,-71.94542223551882
924.1300259160995,-71.94829999126175,-71.94829999126175
924.1400259160996,-71.95118594799082,-71.95118594799082
924.1500259160996,-71.9540800822153,-71.9540800822153
924.1600259160996,-71.95698237032967,-71.95698237032967
924.1700259160996,-71.9598927885946,-71.9598927885946
924.1800259160996,-71.96281131316793,-71.96281131316793
924.1900259160996,-71.96573792008823,-71.96573792008823
924.2000259160995,-71.96867258528322,-71.96867258528322
924.2100259160995,-71.97160900896344,-71.97160900896344
924.2200259160995,-71.97454441931758,-71.97454441931758
924.2300259160995,-71.97747745480474,-71.97747745480474
924.2400259160995,-71.98040740673495,-71.98040740673495
924.2500259160995,-71.98333393013546,-71.98333393013546
924.2600259160995,-71.98625689361566,-71.98625689361566
924.2700259160996,-71.98917629127662,-71.98917629127662
924.2800259160996,-71.99209218984204,-71.99209218984204
924.2900259160996,-71.99500469679376,-71.99500469679376
924.3000259160996,-71.99791394129535,-71.99791394129535
924.3100259160996,-72.00082006281089,-72.00082006281089
924.3200259160996,-72.00372320439948,-72.00372320439948
924.3300259160995,-72.00662350890826,-72.00662350890826
924.3400259160995,-72.00952111686551,-72.00952111686551
924.3500259160995,-72.01241616541752,-72.01241616541752
924.3600259160995,-72.01530878794108,-72.01530878794108
924.3700259160995,-72.01819911396271,-72.01819911396271
924.3800259160995,-72.0210872692956,-72.0210872692956
924.3900259160996,-72.02397337630926,-72.02397337630926
924.4000259160996,-72.02685755420508,-72.02685755420508
924.4100259160996,-72.02973991930715,-72.02973991930715
924.4200259160996,-72.03262058533996,-72.03262058533996
924.4300259160996,-72.03549966370794,-72.03549966370794
924.4400259160996,-72.03837726371005,-72.03837726371005
924.4500259160995,-72.04125349275205,-72.04125349275205
924.4600259160995,-72.04412217459658,-72.04412217459658
924.4700259160995,-72.04698066300364,-72.04698066300364
924.4800259160995,-72.04982772208504,-72.04982772208504
924.4900259160995,-72.05266276818021,-72.05266276818021
924.5000259160995,-72.05548558061656,-72.05548558061656
924.5100259160995,-72.05829615144184,-72.05829615144184
924.5200259160996,-72.06109459736162,-72.06109459736162
924.5300259160996,-72.06388110683484,-72.06388110683484
924.5400259160996,-72.0666559082531,-72.0666559082531
924.5500259160996,-72.06941925084286,-72.06941925084286
924.5600259160996,-72.07217139331169,-72.07217139331169
924.5700259160996,-72.0749125971514,-72.0749125971514
924.5800259160995,-72.0776431228297,-72.0776431228297
924.5900259160995,-72.08036322767016,-72.08036322767016
924.6000259160995,-72.08307316482545,-72.08307316482545
924.6100259160995,-72.08577318283864,-72.08577318283864
924.6200259160995,-72.08846352559188,-72.08846352559188
924.6300259160995,-72.09114443243274,-72.09114443243274
924.6400259160996,-72.09381613841514,-72.09381613841514
924.6500259160996,-72.09647887459045,-72.09647887459045
924.6600259160996,-72.0991328682716,-72.0991328682716
924.6700259160996,-72.10177834331121,-72.10177834331121
924.6800259160996,-72.10441552037634,-72.10441552037634
924.6900259160996,-72.10704461714447,-72.10704461714447
924.7000259160995,-72.10966584849946,-72.10966584849946
924.7100259160995,-72.11227313952176,-72.11227313952176
924.7200259160995,-72.1148639476715,-72.1148639476715
924.7300259160995,-72.11743714115728,-72.11743714115728
924.7400259160995,-72.11999224008139,-72.11999224008139
924.7500259160995,-72.12252912691451,-72.12252912691451
924.7600259160995,-72.12504789611577,-72.12504789611577
924.7700259160996,-72.12754876597157,-72.12754876597157
924.7800259160996,-72.13003202567471,-72.13003202567471
924.7900259160996,-72.13249800340932,-72.13249800340932
924.8000259399414,-72.1349470531365,-72.1349470531365
924.8100259399414,-72.13737951979881,-72.13737951979881
924.8200259399414,-72.13979576778118,-72.13979576778118
924.8300259399414,-72.14219615358827,-72.14219615358827
924.8400259399414,-72.14458102961142,-72.14458102961142
924.8500259399414,-72.14695074311285,-72.14695074311285
924.8600259399414,-72.1493056357669,-72.1493056357669
924.8700259399415,-72.15164604360419,-72.15164604360419
924.8800259399414,-72.15397229714283,-72.15397229714283
924.8900259399414,-72.15628472162852,-72.15628472162852
924.9000259399414,-72.15858363731002,-72.15858363731002
924.9100259399414,-72.16086935972085,-72.16086935972085
924.9200259399414,-72.16314219996639,-72.16314219996639
924.9300259399414,-72.16540246494186,-72.16540246494186
924.9400259399414,-72.16765045760857,-72.16765045760857
924.9500259399414,-72.1698864771215,-72.1698864771215
924.9600259399414,-72.17211081906314,-72.17211081906314
924.9700259399414,-72.17432377555278,-72.17432377555278
924.9800259399414,-72.17652563536903,-72.17652563536903
924.9900259399415,-72.1787166840497,-72.1787166840497
925.0000259399415,-72.18089720400327,-72.18089720400327
925.0100259399414,-72.18306747453764,-72.18306747453764
925.0200259399414,-72.18522777195321,-72.18522777195321
925.0300259399414,-72.18737836955108,-72.18737836955108
925.0400259399414,-72.18951953772145,-72.18951953772145
925.0500259399414,-72.19165154393276,-72.19165154393276
925.0600259399414,-72.19377465277354,-72.19377465277354
925.0700259399414,-72.19588912595833,-72.19588912595833
925.0800259399414,-72.1979952223626,-72.1979952223626
925.0900259399414,-72.20009319803361,-72.20009319803361
925.1000259399414,-72.20218330617334,-72.20218330617334
925.1100259399414,-72.20426579716904,-72.20426579716904
925.1200259399415,-72.20634091860562,-72.20634091860562
925.1300259399414,-72.20840891525732,-72.20840891525732
925.1400259399414,-72.21047002907393,-72.21047002907393
925.1500259399414,-72.21252449924224,-72.21252449924224
925.1600259399414,-72.21457256212075,-72.21457256212075
925.1700259399414,-72.21661445129087,-72.21661445129087
925.1800259399414,-72.2186503975533,-72.2186503975533
925.1900259399414,-72.22068062890878,-72.22068062890878
925.2000259399414,-72.22270537059036,-72.22270537059036
925.2100259399414,-72.22472484506234,-72.22472484506234
925.2200259399414,-72.22673927201207,-72.22673927201207
925.2300259399414,-72.2287488683696,-72.2287488683696
925.2400259399415,-72.23075384831027,-72.23075384831027
925.2500259399415,-72.23275442327187,-72.23275442327187
925.2600259399414,-72.23475080194274,-72.23475080194274
925.2700259399414,-72.23674319029655,-72.23674319029655
925.2800259399414,-72.2387317915834,-72.2387317915834
925.2900259399414,-72.24071680634606,-72.24071680634606
925.3000259399414,-72.24269843242665,-72.24269843242665
925.3100259399414,-72.24467686499477,-72.24467686499477
925.3200259399414,-72.24665229654545,-72.24665229654545
925.3300259399414,-72.24862491691457,-72.24862491691457
925.3400259399414,-72.25059491328918,-72.25059491328918
925.3500259399414,-72.25256247023582,-72.25256247023582
925.3600259399414,-72.2545277697136,-72.2545277697136
925.3700259399415,-72.25649099106776,-72.25649099106776
925.3800259399414,-72.25845231108596,-72.25845231108596
925.3900259399414,-72.26041190397333,-72.26041190397333
925.4000259399414,-72.26236994138853,-72.26236994138853
925.4100259399414,-72.26432659247531,-72.26432659247531
925.4200259399414,-72.26628202386276,-72.26628202386276
925.4300259399414,-72.26823639967725,-72.26823639967725
925.4400259399414,-72.27018988158537,-72.27018988158537
925.4500259399414,-72.27214262879386,-72.27214262879386
925.4600259399414,-72.2740884985074,-72.2740884985074
925.4700259399414,-72.27602488839251,-72.27602488839251
925.4800259399414,-72.27795060989916,-72.27795060989916
925.4900259399415,-72.27986512765322,-72.27986512765322
925.5000259399415,-72.28176826920128,-72.28176826920128
925.5100259399414,-72.28366007423887,-72.28366007423887
925.5200259399414,-72.28554070623974,-72.28554070623974
925.5300259399414,-72.28741039935026,-72.28741039935026
925.5400259399414,-72.28926942647159,-72.28926942647159
925.5500259399414,-72.29111808009421,-72.29111808009421
925.5600259399414,-72.29295666088811,-72.29295666088811
925.5700259399414,-72.29478547100585,-72.29478547100585
925.5800259399414,-72.29660481027601,-72.29660481027601
925.5900259399414,-72.29841497408846,-72.29841497408846
925.6000259399414,-72.30021625238105,-72.30021625238105
925.6100259399414,-72.30200892922477,-72.30200892922477
925.6200259399415,-72.30379328279643,-72.30379328279643
925.6300259399414,-72.30556958554575,-72.30556958554575
925.6400259399414,-72.30733810442561,-72.30733810442561
925.6500259637833,-72.30909910543653,-72.30909910543653
925.6600259637833,-72.31085283712359,-72.31085283712359
925.6700259637832,-72.31259955610687,-72.31259955610687
925.6800259637832,-72.31433951053654,-72.31433951053654
925.6900259637832,-72.31607294454118,-72.31607294454118
925.7000259637832,-72.31780009846764,-72.31780009846764
925.7100259637832,-72.31952120905363,-72.31952120905363
925.7200259637833,-72.3212365096298,-72.3212365096298
925.7300259637833,-72.32294623025936,-72.32294623025936
925.7400259637833,-72.32465059783789,-72.32465059783789
925.7500259637833,-72.32634983623872,-72.32634983623872
925.7600259637833,-72.32804416637829,-72.32804416637829
925.7700259637833,-72.32973380631356,-72.32973380631356
925.7800259637833,-72.33141897130241,-72.33141897130241
925.7900259637833,-72.33309987386815,-72.33309987386815
925.8000259637832,-72.33477672384397,-72.33477672384397
925.8100259637832,-72.33644972840968,-72.33644972840968
925.8200259637832,-72.33811909214889,-72.33811909214889
925.8300259637832,-72.33978501705802,-72.33978501705802
925.8400259637833,-72.34144770258602,-72.34144770258602
925.8500259637833,-72.34310734567869,-72.34310734567869
925.8600259637833,-72.3447641407638,-72.3447641407638
925.8700259637833,-72.34641827978693,-72.34641827978693
925.8800259637833,-72.34806995225125,-72.34806995225125
925.8900259637833,-72.34971934519824,-72.34971934519824
925.9000259637833,-72.35136664323522,-72.35136664323522
925.9100259637833,-72.35301202857028,-72.35301202857028
925.9200259637832,-72.35465568100177,-72.35465568100177
925.9300259637832,-72.356297777943,-72.356297777943
925.9400259637832,-72.3579384944263,-72.3579384944263
925.9500259637832,-72.3595780031288,-72.3595780031288
925.9600259637832,-72.36121647438071,-72.36121647438071
925.9700259637833,-72.36285407616253,-72.36285407616253
925.9800259637833,-72.36449097415668,-72.36449097415668
925.9900259637833,-72.36612733170577,-72.36612733170577
926.0000259637833,-72.36776330988258,-72.36776330988258
926.0100259637833,-72.36939906745829,-72.36939906745829
926.0200259637833,-72.37103476093623,-72.37103476093623
926.0300259637833,-72.37267054457112,-72.37267054457112
926.0400259637833,-72.37430657037082,-72.37430657037082
926.0500259637832,-72.37594298811216,-72.37594298811216
926.0600259637832,-72.3775799453726,-72.3775799453726
926.0700259637832,-72.37921758751531,-72.37921758751531
926.0800259637832,-72.38085605773033,-72.38085605773033
926.0900259637833,-72.38249549702533,-72.38249549702533
926.1000259637833,-72.38413604428902,-72.38413604428902
926.1100259637833,-72.38577783624471,-72.38577783624471
926.1200259637833,-72.38742100750946,-72.38742100750946
926.1300259637833,-72.38906569058985,-72.38906569058985
926.1400259637833,-72.39071201592397,-72.39071201592397
926.1500259637833,-72.39236011186192,-72.39236011186192
926.1600259637833,-72.39401010472278,-72.39401010472278
926.1700259637832,-72.39566211877265,-72.39566211877265
926.1800259637832,-72.39731627627665,-72.39731627627665
926.1900259637832,-72.39897269750237,-72.39897269750237
926.2000259637832,-72.40063150072032,-72.40063150072032
926.2100259637832,-72.40228649214302,-72.40228649214302
926.2200259637833,-72.40393502537168,-72.40393502537168
926.2300259637833,-72.40557587078341,-72.40557587078341
926.2400259637833,-72.40720845353881,-72.40720845353881
926.2500259637833,-72.40883256280068,-72.40883256280068
926.2600259637833,-72.4104482006953,-72.4104482006953
926.2700259637833,-72.41205549375718,-72.41205549375718
926.2800259637833,-72.41365463972929,-72.41365463972929
926.2900259637833,-72.41524587556704,-72.41524587556704
926.3000259637832,-72.41682945823622,-72.41682945823622
926.3100259637832,-72.418405653296,-72.418405653296
926.3200259637832,-72.41997472819808,-72.41997472819808
926.3300259637832,-72.42153694842737,-72.42153694842737
926.3400259637833,-72.42309257542634,-72.42309257542634
926.3500259637833,-72.42464186556758,-72.42464186556758
926.3600259637833,-72.42618506974266,-72.42618506974266
926.3700259637833,-72.42772243330789,-72.42772243330789
926.3800259637833,-72.42925419627163,-72.42925419627163
926.3900259637833,-72.43078059354197,-72.43078059354197
926.4000259637833,-72.43230185524725,-72.43230185524725
926.4100259637833,-72.43381820703699,-72.43381820703699
926.4200259637832,-72.43532987039495,-72.43532987039495
926.4300259637832,-72.43683706291033,-72.43683706291033
926.4400259637832,-72.43833999854176,-72.43833999854176
926.4500259637832,-72.43983888782039,-72.43983888782039
926.4600259637832,-72.44133393806473,-72.44133393806473
926.4700259637833,-72.44282535352674,-72.44282535352674
926.4800259637833,-72.4443133355603,-72.4443133355603
926.4900259637833,-72.44579808271965,-72.44579808271965
926.5000259876251,-72.44727979443111,-72.44727979443111
926.5100259876251,-72.44875865692168,-72.44875865692168
926.5200259876251,-72.45023486451738,-72.45023486451738
926.5300259876251,-72.45170860554732,-72.45170860554732
926.5400259876251,-72.45318006596719,-72.45318006596719
926.5500259876251,-72.45464942937963,-72.45464942937963
926.5600259876251,-72.45611687709106,-72.45611687709106
926.5700259876252,-72.45758258812694,-72.45758258812694
926.5800259876252,-72.45904673928936,-72.45904673928936
926.5900259876252,-72.4605095051459,-72.4605095051459
926.6000259876251,-72.46197105807848,-72.46197105807848
926.6100259876251,-72.46343156830012,-72.46343156830012
926.6200259876251,-72.46489120385999,-72.46489120385999
926.6300259876251,-72.46635013066275,-72.46635013066275
926.6400259876251,-72.46780851248162,-72.46780851248162
926.6500259876251,-72.46926651097263,-72.46926651097263
926.6600259876251,-72.4707242856901,-72.4707242856901
926.6700259876251,-72.47218199407435,-72.47218199407435
926.6800259876251,-72.4736397915024,-72.4736397915024
926.6900259876252,-72.4750978312505,-72.4750978312505
926.7000259876252,-72.47655626455034,-72.47655626455034
926.7100259876252,-72.47800892430101,-72.47800892430101
926.7200259876251,-72.4794531945287,-72.4794531945287
926.7300259876251,-72.48088787743005,-72.48088787743005
926.7400259876251,-72.4823124305306,-72.4823124305306
926.7500259876251,-72.48372667558993,-72.48372667558993
926.7600259876251,-72.4851306474294,-72.4851306474294
926.7700259876251,-72.48652450521205,-72.48652450521205
926.7800259876251,-72.48790847923294,-72.48790847923294
926.7900259876251,-72.48928283883548,-72.48928283883548
926.8000259876251,-72.49064787322399,-72.49064787322399
926.8100259876251,-72.4920038799952,-72.4920038799952
926.8200259876252,-72.4933511584235,-72.4933511584235
926.8300259876252,-72.49469000560961,-72.49469000560961
926.8400259876252,-72.49602071438855,-72.49602071438855
926.8500259876251,-72.49734357228175,-72.49734357228175
926.8600259876251,-72.49865886109482,-72.49865886109482
926.8700259876251,-72.49996685686781,-72.49996685686781
926.8800259876251,-72.50126783001886,-72.50126783001886
926.8900259876251,-72.50256204564444,-72.50256204564444
926.9000259876251,-72.50384976379269,-72.50384976379269
926.9100259876251,-72.5051312397754,-72.5051312397754
926.9200259876251,-72.50640672447454,-72.50640672447454
926.9300259876251,-72.50767646461797,-72.50767646461797
926.9400259876252,-72.50894070300822,-72.50894070300822
926.9500259876252,-72.51019967879083,-72.51019967879083
926.9600259876252,-72.51145362759034,-72.51145362759034
926.9700259876251,-72.51270278170769,-72.51270278170769
926.9800259876251,-72.51394737025781,-72.51394737025781
926.9900259876251,-72.5151876192801,-72.5151876192801
927.0000259876251,-72.51642375186289,-72.51642375186289
927.0100259876251,-72.51765598822182,-72.51765598822182
927.0200259876251,-72.51888454577482,-72.51888454577482
927.0300259876251,-72.5201096392036,-72.5201096392036
927.0400259876251,-72.52133148051851,-72.52133148051851
927.0500259876251,-72.52255027909416,-72.52255027909416
927.0600259876251,-72.5237662417124,-72.5237662417124
927.0700259876252,-72.52497957259294,-72.52497957259294
927.0800259876252,-72.52619047343538,-72.52619047343538
927.0900259876252,-72.52739914343395,-72.52739914343395
927.1000259876251,-72.52860577928699,-72.52860577928699
927.1100259876251,-72.52981057524042,-72.52981057524042
927.1200259876251,-72.53101372308647,-72.53101372308647
927.1300259876251,-72.53221541218365,-72.53221541218365
927.1400259876251,-72.53341582947901,-72.53341582947901
927.1500259876251,-72.53461515950376,-72.53461515950376
927.1600259876251,-72.53581358440543,-72.53581358440543
927.1700259876251,-72.53701128393853,-72.53701128393853
927.1800259876251,-72.53820843549605,-72.53820843549605
927.1900259876252,-72.53940521409466,-72.53940521409466
927.2000259876252,-72.54060179242545,-72.54060179242545
927.2100259876252,-72.5417983408168,-72.5417983408168
927.2200259876251,-72.54299502727065,-72.54299502727065
927.2300259876251,-72.54419201748641,-72.54419201748641
927.2400259876251,-72.54538947483172,-72.54538947483172
927.2500259876251,-72.54658756040536,-72.54658756040536
927.2600259876251,-72.54778643300165,-72.54778643300165
927.2700259876251,-72.54898624915847,-72.54898624915847
927.2800259876251,-72.55018716314522,-72.55018716314522
927.2900259876251,-72.55138932698736,-72.55138932698736
927.3000259876251,-72.55259289046535,-72.55259289046535
927.3100259876251,-72.55379800115234,-72.55379800115234
927.3200259876252,-72.55500480440625,-72.55500480440625
927.3300259876252,-72.55621344340933,-72.55621344340933
927.3400259876252,-72.55742405915292,-72.55742405915292
927.350026011467,-72.5586367933414,-72.5586367933414
927.360026011467,-72.55985177689918,-72.55985177689918
927.370026011467,-72.56106914724748,-72.56106914724748
927.380026011467,-72.56228903681541,-72.56228903681541
927.390026011467,-72.56351157593282,-72.56351157593282
927.4000260114669,-72.56473689285507,-72.56473689285507
927.4100260114669,-72.56596511375191,-72.56596511375191
927.420026011467,-72.56719636274812,-72.56719636274812
927.430026011467,-72.56843076194541,-72.56843076194541
927.440026011467,-72.5696684314124,-72.5696684314124
927.450026011467,-72.57090948922767,-72.57090948922767
927.460026011467,-72.57215405149387,-72.57215405149387
927.470026011467,-72.57340223233082,-72.57340223233082
927.480026011467,-72.57465414394089,-72.57465414394089
927.490026011467,-72.57590989658136,-72.57590989658136
927.500026011467,-72.57716959859954,-72.57716959859954
927.510026011467,-72.57843335646402,-72.57843335646402
927.5200260114669,-72.57970127476351,-72.57970127476351
927.5300260114669,-72.58097345623688,-72.58097345623688
927.540026011467,-72.58225000178182,-72.58225000178182
927.550026011467,-72.5835310105079,-72.5835310105079
927.560026011467,-72.58481657968912,-72.58481657968912
927.570026011467,-72.58610680484884,-72.58610680484884
927.580026011467,-72.58740177974369,-72.58740177974369
927.590026011467,-72.58870159638997,-72.58870159638997
927.600026011467,-72.59000634508509,-72.59000634508509
927.610026011467,-72.5913161144356,-72.5913161144356
927.620026011467,-72.59263099134645,-72.59263099134645
927.630026011467,-72.59395106107422,-72.59395106107422
927.640026011467,-72.59527640721856,-72.59527640721856
927.6500260114669,-72.59660711176552,-72.59660711176552
927.6600260114669,-72.5979432550968,-72.5979432550968
927.670026011467,-72.5992849159832,-72.5992849159832
927.680026011467,-72.60063217165822,-72.60063217165822
927.690026011467,-72.60198509778738,-72.60198509778738
927.700026011467,-72.60334376850433,-72.60334376850433
927.710026011467,-72.60470192909067,-72.60470192909067
927.720026011467,-72.60605688286554,-72.60605688286554
927.730026011467,-72.6074073543812,-72.6074073543812
927.740026011467,-72.60875272524851,-72.60875272524851
927.750026011467,-72.61009274254205,-72.61009274254205
927.760026011467,-72.61142736730491,-72.61142736730491
927.7700260114669,-72.61275668572861,-72.61275668572861
927.7800260114669,-72.61408085582205,-72.61408085582205
927.790026011467,-72.61540007528062,-72.61540007528062
927.800026011467,-72.616714562287,-72.616714562287
927.810026011467,-72.61802454400669,-72.61802454400669
927.820026011467,-72.61933024988068,-72.61933024988068
927.830026011467,-72.6206319077882,-72.6206319077882
927.840026011467,-72.62192974193015,-72.62192974193015
927.850026011467,-72.62322397181114,-72.62322397181114
927.860026011467,-72.62451481182818,-72.62451481182818
927.870026011467,-72.62580247123262,-72.62580247123262
927.880026011467,-72.62708715429387,-72.62708715429387
927.890026011467,-72.6283690605675,-72.6283690605675
927.9000260114669,-72.62964838520288,-72.62964838520288
927.9100260114669,-72.63092531926324,-72.63092531926324
927.920026011467,-72.63220005001571,-72.63220005001571
927.930026011467,-72.63347276123483,-72.63347276123483
927.940026011467,-72.634743633423,-72.634743633423
927.950026011467,-72.63601284404356,-72.63601284404356
927.960026011467,-72.63727423775873,-72.63727423775873
927.970026011467,-72.63852521774794,-72.63852521774794
927.980026011467,-72.63976460803251,-72.63976460803251
927.990026011467,-72.64099188906549,-72.64099188906549
928.000026011467,-72.64220690606234,-72.64220690606234
928.010026011467,-72.64340971754332,-72.64340971754332
928.0200260114669,-72.6446005065253,-72.6446005065253
928.0300260114669,-72.64577952720215,-72.64577952720215
928.040026011467,-72.6469470728504,-72.6469470728504
928.050026011467,-72.64810345661385,-72.64810345661385
928.060026011467,-72.64924900005741,-72.64924900005741
928.070026011467,-72.65038402644095,-72.65038402644095
928.080026011467,-72.65150885688762,-72.65150885688762
928.090026011467,-72.65262380827322,-72.65262380827322
928.100026011467,-72.65372919222052,-72.65372919222052
928.110026011467,-72.65482531467991,-72.65482531467991
928.120026011467,-72.65591247586951,-72.65591247586951
928.130026011467,-72.65699097044434,-72.65699097044434
928.140026011467,-72.6580610877669,-72.6580610877669
928.1500260114669,-72.65912311218729,-72.65912311218729
928.1600260114669,-72.66017732336347,-72.66017732336347
928.170026011467,-72.66122399654466,-72.66122399654466
928.180026011467,-72.66226340286279,-72.66226340286279
928.190026011467,-72.66329580952032,-72.66329580952032
928.2000260353088,-72.66432148250846,-72.66432148250846
928.2100260353088,-72.66534067696692,-72.66534067696692
928.2200260353088,-72.66635365204192,-72.66635365204192
928.2300260353088,-72.6673606612193,-72.6673606612193
928.2400260353088,-72.6683619548965,-72.6683619548965
928.2500260353088,-72.66935778046003,-72.66935778046003
928.2600260353088,-72.67034838237237,-72.67034838237237
928.2700260353089,-72.67133400226311,-72.67133400226311
928.2800260353089,-72.67231487894782,-72.67231487894782
928.2900260353089,-72.67329124848672,-72.67329124848672
928.3000260353089,-72.67426334423158,-72.67426334423158
928.3100260353089,-72.67523139685291,-72.67523139685291
928.3200260353088,-72.67619563436077,-72.67619563436077
928.3300260353088,-72.67715628212292,-72.67715628212292
928.3400260353088,-72.67811356289774,-72.67811356289774
928.3500260353088,-72.6790676968274,-72.6790676968274
928.3600260353088,-72.68001890147029,-72.68001890147029
928.3700260353088,-72.68096739179795,-72.68096739179795
928.3800260353088,-72.68191338021896,-72.68191338021896
928.3900260353089,-72.68285707655383,-72.68285707655383
928.4000260353089,-72.68379868809077,-72.68379868809077
928.4100260353089,-72.68473841954365,-72.68473841954365
928.4200260353089,-72.6856764730987,-72.6856764730987
928.4300260353089,-72.68661304838733,-72.68661304838733
928.4400260353088,-72.6875483425031,-72.6875483425031
928.4500260353088,-72.68848255003743,-72.68848255003743
928.4600260353088,-72.68941586303873,-72.68941586303873
928.4700260353088,-72.69034847104878,-72.69034847104878
928.4800260353088,-72.69128056110918,-72.69128056110918
928.4900260353088,-72.69221231776108,-72.69221231776108
928.5000260353088,-72.69314392304344,-72.69314392304344
928.5100260353088,-72.69407555653169,-72.69407555653169
928.5200260353089,-72.69500739531556,-72.69500739531556
928.5300260353089,-72.69593961404682,-72.69593961404682
928.5400260353089,-72.69687238490118,-72.69687238490118
928.5500260353089,-72.69780587763218,-72.69780587763218
928.5600260353089,-72.69874025955613,-72.69874025955613
928.5700260353088,-72.69967569557961,-72.69967569557961
928.5800260353088,-72.70061234821007,-72.70061234821007
928.5900260353088,-72.70155037754627,-72.70155037754627
928.6000260353088,-72.702489941345,-72.702489941345
928.6100260353088,-72.70343119496808,-72.70343119496808
928.6200260353088,-72.70437429146119,-72.70437429146119
928.6300260353088,-72.70531938152406,-72.70531938152406
928.6400260353089,-72.70626661353174,-72.70626661353174
928.6500260353089,-72.70721613358627,-72.70721613358627
928.6600260353089,-72.70816808549343,-72.70816808549343
928.6700260353089,-72.709122610791,-72.709122610791
928.6800260353089,-72.71007984877643,-72.71007984877643
928.6900260353088,-72.71103993651451,-72.71103993651451
928.7000260353088,-72.71200300885607,-72.71200300885607
928.7100260353088,-72.71296919845858,-72.71296919845858
928.7200260353088,-72.71393863580792,-72.71393863580792
928.7300260353088,-72.7149114492313,-72.7149114492313
928.7400260353088,-72.71588776491312,-72.71588776491312
928.7500260353088,-72.71686770692364,-72.71686770692364
928.7600260353088,-72.71785139724095,-72.71785139724095
928.7700260353089,-72.71883895574881,-72.71883895574881
928.7800260353089,-72.71983050029303,-72.71983050029303
928.7900260353089,-72.72082614665825,-72.72082614665825
928.8000260353089,-72.72182600862683,-72.72182600862683
928.8100260353089,-72.72283019796454,-72.72283019796454
928.8200260353088,-72.72383882446522,-72.72383882446522
928.8300260353088,-72.72485199597445,-72.72485199597445
928.8400260353088,-72.72586981838714,-72.72586981838714
928.8500260353088,-72.72689239568487,-72.72689239568487
928.8600260353088,-72.7279198299447,-72.7279198299447
928.8700260353088,-72.72895222137952,-72.72895222137952
928.8800260353088,-72.72998966833619,-72.72998966833619
928.8900260353089,-72.73103226732525,-72.73103226732525
928.9000260353089,-72.73208011305593,-72.73208011305593
928.9100260353089,-72.73313329842699,-72.73313329842699
928.9200260353089,-72.73419191456584,-72.73419191456584
928.9300260353089,-72.73525605084822,-72.73525605084822
928.9400260353088,-72.73632579491476,-72.73632579491476
928.9500260353088,-72.73740123270011,-72.73740123270011
928.9600260353088,-72.73848244844625,-72.73848244844625
928.9700260353088,-72.7395695247111,-72.7395695247111
928.9800260353088,-72.74066254240996,-72.74066254240996
928.9900260353088,-72.74176158081592,-72.74176158081592
929.0000260353088,-72.74286671760812,-72.74286671760812
929.0100260353088,-72.74397802885947,-72.74397802885947
929.0200260353089,-72.74509558906433,-72.74509558906433
929.0300260353089,-72.74621947117777,-72.74621947117777
929.0400260353089,-72.74734974662218,-72.74734974662218
929.0500260591507,-72.74848648800617,-72.74848648800617
929.0600260591507,-72.74962975834696,-72.74962975834696
929.0700260591507,-72.75077962725162,-72.75077962725162
929.0800260591507,-72.75193616020768,-72.75193616020768
929.0900260591507,-72.75309942125,-72.75309942125
929.1000260591507,-72.75426947301035,-72.75426947301035
929.1100260591506,-72.7554463767009,-72.7554463767009
929.1200260591507,-72.75663019215264,-72.75663019215264
929.1300260591507,-72.75782097785694,-72.75782097785694
929.1400260591507,-72.75901879094017,-72.75901879094017
929.1500260591507,-72.76022368720969,-72.76022368720969
929.1600260591507,-72.76143572115645,-72.76143572115645
929.1700260591507,-72.76265494598286,-72.76265494598286
929.1800260591507,-72.76388141362497,-72.76388141362497
929.1900260591507,-72.76511517475147,-72.76511517475147
929.2000260591507,-72.76635627879773,-72.76635627879773
929.2100260591507,-72.76760477397423,-72.76760477397423
929.2200260591507,-72.76886070729394,-72.76886070729394
929.2300260591506,-72.77012412456702,-72.77012412456702
929.2400260591508,-72.77139507043933,-72.77139507043933
929.2500260591507,-72.77267358840795,-72.77267358840795
929.2600260591507,-72.77395972082209,-72.77395972082209
929.2700260591507,-72.77525350890825,-72.77525350890825
929.2800260591507,-72.77655499278532,-72.77655499278532
929.2900260591507,-72.77786421148619,-72.77786421148619
929.3000260591507,-72.77918120295982,-72.77918120295982
929.3100260591507,-72.78050600409465,-72.78050600409465
929.3200260591507,-72.78183865073484,-72.78183865073484
929.3300260591507,-72.78317917769598,-72.78317917769598
929.3400260591507,-72.7845276187843,-72.7845276187843
929.3500260591507,-72.78588400678878,-72.78588400678878
929.3600260591506,-72.78724837352401,-72.78724837352401
929.3700260591507,-72.78862074983047,-72.78862074983047
929.3800260591507,-72.79000116558971,-72.79000116558971
929.3900260591507,-72.79138964973126,-72.79138964973126
929.4000260591507,-72.79278623026582,-72.79278623026582
929.4100260591507,-72.79419093428513,-72.79419093428513
929.4200260591507,-72.79560378797088,-72.79560378797088
929.4300260591507,-72.79702481662245,-72.79702481662245
929.4400260591507,-72.79845404466137,-72.79845404466137
929.4500260591507,-72.7998914956428,-72.7998914956428
929.4600260591507,-72.8013371922786,-72.8013371922786
929.4700260591507,-72.80279115642975,-72.80279115642975
929.4800260591506,-72.80425340913767,-72.80425340913767
929.4900260591508,-72.80572397063602,-72.80572397063602
929.5000260591507,-72.80720286035942,-72.80720286035942
929.5100260591507,-72.80869009694464,-72.80869009694464
929.5200260591507,-72.81018569825575,-72.81018569825575
929.5300260591507,-72.81168968138688,-72.81168968138688
929.5400260591507,-72.81320206268964,-72.81320206268964
929.5500260591507,-72.81472285776296,-72.81472285776296
929.5600260591507,-72.81625208148395,-72.81625208148395
929.5700260591507,-72.81778974800206,-72.81778974800206
929.5800260591507,-72.81933587077012,-72.81933587077012
929.5900260591507,-72.82089046252653,-72.82089046252653
929.6000260591507,-72.82245353533712,-72.82245353533712
929.6100260591506,-72.824025100587,-72.824025100587
929.6200260591507,-72.82560516898839,-72.82560516898839
929.6300260591507,-72.82719375061596,-72.82719375061596
929.6400260591507,-72.82879085487869,-72.82879085487869
929.6500260591507,-72.83039649056808,-72.83039649056808
929.6600260591507,-72.83201066584307,-72.83201066584307
929.6700260591507,-72.83363338824452,-72.83363338824452
929.6800260591507,-72.83526466470258,-72.83526466470258
929.6900260591507,-72.83690450156433,-72.83690450156433
929.7000260591507,-72.83855290458456,-72.83855290458456
929.7100260591507,-72.84020352937175,-72.84020352937175
929.7200260591507,-72.84185360203927,-72.84185360203927
929.7300260591506,-72.8435017755003,-72.8435017755003
929.7400260591508,-72.84514736280235,-72.84514736280235
929.7500260591507,-72.84679004456615,-72.84679004456615
929.7600260591507,-72.848429717,-72.848429717
929.7700260591507,-72.85006640279045,-72.85006640279045
929.7800260591507,-72.85170019759748,-72.85170019759748
929.7900260591507,-72.85333123781905,-72.85333123781905
929.8000260591507,-72.85495968128743,-72.85495968128743
929.8100260591507,-72.85658569578169,-72.85658569578169
929.8200260591507,-72.85820945224408,-72.85820945224408
929.8300260591507,-72.85983112092711,-72.85983112092711
929.8400260591507,-72.86145086926231,-72.86145086926231
929.8500260591507,-72.8630688608354,-72.8630688608354
929.8600260591506,-72.86468525494695,-72.86468525494695
929.8700260591507,-72.86630020657343,-72.86630020657343
929.8800260591507,-72.86791386653596,-72.86791386653596
929.8900260591507,-72.86952638171913,-72.86952638171913
929.9000260829926,-72.87113789923308,-72.87113789923308
929.9100260829925,-72.87274855136747,-72.87274855136747
929.9200260829925,-72.87435847890967,-72.87435847890967
929.9300260829925,-72.87596781605382,-72.87596781605382
929.9400260829925,-72.87757669449307,-72.87757669449307
929.9500260829925,-72.87918524361736,-72.87918524361736
929.9600260829925,-72.8807935907187,-72.8807935907187
929.9700260829926,-72.88240186112165,-72.88240186112165
929.9800260829926,-72.88401017835231,-72.88401017835231
929.9900260829926,-72.8856186642079,-72.8856186642079
930.0000260829926,-72.88722743889078,-72.88722743889078
930.0100260829926,-72.88883662107489,-72.88883662107489
930.0200260829926,-72.8904463279739,-72.8904463279739
930.0300260829925,-72.8920566753891,-72.8920566753891
930.0400260829925,-72.893667777748,-72.893667777748
930.0500260829925,-72.89527974815392,-72.89527974815392
930.0600260829925,-72.89689269842304,-72.89689269842304
930.0700260829925,-72.8985067390809,-72.8985067390809
930.0800260829925,-72.90012197939309,-72.90012197939309
930.0900260829926,-72.90173852737401,-72.90173852737401
930.1000260829926,-72.90335648982551,-72.90335648982551
930.1100260829926,-72.9049759723016,-72.9049759723016
930.1200260829926,-72.90659707913474,-72.90659707913474
930.1300260829926,-72.9082199134485,-72.9082199134485
930.1400260829926,-72.90984457714302,-72.90984457714302
930.1500260829926,-72.9114711709075,-72.9114711709075
930.1600260829925,-72.91309979420559,-72.91309979420559
930.1700260829925,-72.91473054529686,-72.91473054529686
930.1800260829925,-72.91636352121043,-72.91636352121043
930.1900260829925,-72.91799881776461,-72.91799881776461
930.2000260829925,-72.91963652955704,-72.91963652955704
930.2100260829925,-72.92127674996583,-72.92127674996583
930.2200260829926,-72.92291957113792,-72.92291957113792
930.2300260829926,-72.92456508401949,-72.92456508401949
930.2400260829926,-72.92621337829848,-72.92621337829848
930.2500260829926,-72.92786454246304,-72.92786454246304
930.2600260829926,-72.92951866377193,-72.92951866377193
930.2700260829926,-72.93117582824691,-72.93117582824691
930.2800260829925,-72.93283612069037,-72.93283612069037
930.2900260829925,-72.93449962469148,-72.93449962469148
930.3000260829925,-72.93616642260314,-72.93616642260314
930.3100260829925,-72.93783659555916,-72.93783659555916
930.3200260829925,-72.9395102234748,-72.9395102234748
930.3300260829925,-72.9411873850472,-72.9411873850472
930.3400260829926,-72.9428681577582,-72.9428681577582
930.3500260829926,-72.94455261788383,-72.94455261788383
930.3600260829926,-72.9462408404903,-72.9462408404903
930.3700260829926,-72.94793289942955,-72.94793289942955
930.3800260829926,-72.94962886736384,-72.94962886736384
930.3900260829926,-72.95132881576352,-72.95132881576352
930.4000260829926,-72.95303281490118,-72.95303281490118
930.4100260829925,-72.9547409338671,-72.9547409338671
930.4200260829925,-72.95645324058191,-72.95645324058191
930.4300260829925,-72.95816980178071,-72.95816980178071
930.4400260829925,-72.9598906830376,-72.9598906830376
930.4500260829925,-72.96161594876672,-72.96161594876672
930.4600260829925,-72.96333930127594,-72.96333930127594
930.4700260829926,-72.96505801865253,-72.96505801865253
930.4800260829926,-72.96677080759953,-72.96677080759953
930.4900260829926,-72.96847703547478,-72.96847703547478
930.5000260829926,-72.97017643725486,-72.97017643725486
930.5100260829926,-72.97186896330629,-72.97186896330629
930.5200260829926,-72.97355469017653,-72.97355469017653
930.5300260829925,-72.97523376696091,-72.97523376696091
930.5400260829925,-72.97690638307562,-72.97690638307562
930.5500260829925,-72.97857274890312,-72.97857274890312
930.5600260829925,-72.98023308426328,-72.98023308426328
930.5700260829925,-72.98188761165008,-72.98188761165008
930.5800260829925,-72.98353655236201,-72.98353655236201
930.5900260829926,-72.98518012435517,-72.98518012435517
930.6000260829926,-72.98681854124227,-72.98681854124227
930.6100260829926,-72.98845201181575,-72.98845201181575
930.6200260829926,-72.99008074002134,-72.99008074002134
930.6300260829926,-72.99170492512565,-72.99170492512565
930.6400260829926,-72.99332476194165,-72.99332476194165
930.6500260829926,-72.99494044114539,-72.99494044114539
930.6600260829925,-72.99655214956965,-72.99655214956965
930.6700260829925,-72.99816007051656,-72.99816007051656
930.6800260829925,-72.99976438400603,-72.99976438400603
930.6900260829925,-73.001365267032,-73.001365267032
930.7000260829925,-73.00296289377262,-73.00296289377262
930.7100260829925,-73.00455743577885,-73.00455743577885
930.7200260829926,-73.0061490621278,-73.0061490621278
930.7300260829926,-73.0077379395614,-73.0077379395614
930.7400260829926,-73.00932423260619,-73.00932423260619
930.7500261068344,-73.01090810744682,-73.01090810744682
930.7600261068344,-73.01248971690494,-73.01248971690494
930.7700261068344,-73.01406922315326,-73.01406922315326
930.7800261068344,-73.01564678268839,-73.01564678268839
930.7900261068344,-73.01722255013064,-73.01722255013064
930.8000261068344,-73.01879667829678,-73.01879667829678
930.8100261068344,-73.02036931819065,-73.02036931819065
930.8200261068345,-73.0219406190548,-73.0219406190548
930.8300261068345,-73.02351072840439,-73.02351072840439
930.8400261068344,-73.02507979200325,-73.02507979200325
930.8500261068344,-73.02664795391956,-73.02664795391956
930.8600261068344,-73.02821535651367,-73.02821535651367
930.8700261068344,-73.02978214046446,-73.02978214046446
930.8800261068344,-73.0313484447523,-73.0313484447523
930.8900261068344,-73.03291440668859,-73.03291440668859
930.9000261068344,-73.03448016190909,-73.03448016190909
930.9100261068344,-73.03604584438368,-73.03604584438368
930.9200261068344,-73.03761158642675,-73.03761158642675
930.9300261068344,-73.03917751867019,-73.03917751867019
930.9400261068345,-73.04074377010281,-73.04074377010281
930.9500261068345,-73.04231046806464,-73.04231046806464
930.9600261068344,-73.04387773822594,-73.04387773822594
930.9700261068344,-73.04544570462632,-73.04544570462632
930.9800261068344,-73.04701448964448,-73.04701448964448
930.9900261068344,-73.04858421402967,-73.04858421402967
931.0000261068344,-73.05015499688993,-73.05015499688993
931.0100261068344,-73.05172695569162,-73.05172695569162
931.0200261068344,-73.0533002062836,-73.0533002062836
931.0300261068344,-73.05487486288469,-73.05487486288469
931.0400261068344,-73.05645103809066,-73.05645103809066
931.0500261068344,-73.05802884289177,-73.05802884289177
931.0600261068344,-73.05960838666331,-73.05960838666331
931.0700261068345,-73.0611897771831,-73.0611897771831
931.0800261068345,-73.06277312063123,-73.06277312063123
931.0900261068344,-73.06435852160044,-73.06435852160044
931.1000261068344,-73.06594608310971,-73.06594608310971
931.1100261068344,-73.0675359065989,-73.0675359065989
931.1200261068344,-73.06912809195371,-73.06912809195371
931.1300261068344,-73.07072273748645,-73.07072273748645
931.1400261068344,-73.07231993997875,-73.07231993997875
931.1500261068344,-73.07391979467629,-73.07391979467629
931.1600261068344,-73.07552239529026,-73.07552239529026
931.1700261068344,-73.07712783401651,-73.07712783401651
931.1800261068344,-73.07873620154488,-73.07873620154488
931.1900261068345,-73.080347587066,-73.080347587066
931.2000261068345,-73.08196207830053,-73.08196207830053
931.2100261068344,-73.08357338997658,-73.08357338997658
931.2200261068344,-73.08517881814635,-73.08517881814635
931.2300261068344,-73.08677708947629,-73.08677708947629
931.2400261068344,-73.08836759205445,-73.08836759205445
931.2500261068344,-73.08995008186612,-73.08995008186612
931.2600261068344,-73.09152453036347,-73.09152453036347
931.2700261068344,-73.09309103508197,-73.09309103508197
931.2800261068344,-73.09464976596507,-73.09464976596507
931.2900261068344,-73.09620093305882,-73.09620093305882
931.3000261068344,-73.09774476714965,-73.09774476714965
931.3100261068344,-73.09928150823876,-73.09928150823876
931.3200261068345,-73.10081139871825,-73.10081139871825
931.3300261068345,-73.10233467955851,-73.10233467955851
931.3400261068344,-73.10385158813735,-73.10385158813735
931.3500261068344,-73.10536235719758,-73.10536235719758
931.3600261068344,-73.10686721444522,-73.10686721444522
931.3700261068344,-73.10836638247972,-73.10836638247972
931.3800261068344,-73.10986007894672,-73.10986007894672
931.3900261068344,-73.11134851682922,-73.11134851682922
931.4000261068344,-73.11283190469793,-73.11283190469793
931.4100261068344,-73.11431044706919,-73.11431044706919
931.4200261068344,-73.11578434465915,-73.11578434465915
931.4300261068344,-73.11725379467885,-73.11725379467885
931.4400261068345,-73.11871899107958,-73.11871899107958
931.4500261068345,-73.12018012477007,-73.12018012477007
931.4600261068344,-73.12163738379455,-73.12163738379455
931.4700261068344,-73.12309095349633,-73.12309095349633
931.4800261068344,-73.12454101666896,-73.12454101666896
931.4900261068344,-73.12598775365727,-73.12598775365727
931.5000261068344,-73.12743134248967,-73.12743134248967
931.5100261068344,-73.12887195891362,-73.12887195891362
931.5200261068344,-73.1303097765238,-73.1303097765238
931.5300261068344,-73.1317449667721,-73.1317449667721
931.5400261068344,-73.13317769904438,-73.13317769904438
931.5500261068344,-73.13460814070116,-73.13460814070116
931.5600261068344,-73.1360364571081,-73.1360364571081
931.5700261068345,-73.13746281165096,-73.13746281165096
931.5800261068345,-73.13888736579514,-73.13888736579514
931.5900261068344,-73.14031027907437,-73.14031027907437
931.6000261306763,-73.14173171249003,-73.14173171249003
931.6100261306763,-73.14315181500936,-73.14315181500936
931.6200261306763,-73.14457074387214,-73.14457074387214
931.6300261306762,-73.14598865106913,-73.14598865106913
931.6400261306762,-73.14740568671805,-73.14740568671805
931.6500261306762,-73.1488219990914,-73.1488219990914
931.6600261306762,-73.15023773461222,-73.15023773461222
931.6700261306763,-73.15165303785497,-73.15165303785497
931.6800261306763,-73.15306805158066,-73.15306805158066
931.6900261306763,-73.15448291670094,-73.15448291670094
931.7000261306763,-73.15589777230197,-73.15589777230197
931.7100261306763,-73.15731275565686,-73.15731275565686
931.7200261306763,-73.15872800222674,-73.15872800222674
931.7300261306763,-73.16014364565865,-73.16014364565865
931.7400261306763,-73.16155981780403,-73.16155981780403
931.7500261306762,-73.16297664870717,-73.16297664870717
931.7600261306762,-73.16439426662208,-73.16439426662208
931.7700261306762,-73.16581279802838,-73.16581279802838
931.7800261306762,-73.16723236762607,-73.16723236762607
931.7900261306763,-73.16865309833447,-73.16865309833447
931.8000261306763,-73.17007511132299,-73.17007511132299
931.8100261306763,-73.17149852599819,-73.17149852599819
931.8200261306763,-73.17292346002729,-73.17292346002729
931.8300261306763,-73.17435002932483,-73.17435002932483
931.8400261306763,-73.17577834808988,-73.17577834808988
931.8500261306763,-73.17720852880636,-73.17720852880636
931.8600261306763,-73.17864068223946,-73.17864068223946
931.8700261306763,-73.1800749174551,-73.1800749174551
931.8800261306762,-73.18151134183461,-73.18151134183461
931.8900261306762,-73.18295006108347,-73.18295006108347
931.9000261306762,-73.18439117924314,-73.18439117924314
931.9100261306762,-73.18583479868609,-73.18583479868609
931.9200261306763,-73.18728102014431,-73.18728102014431
931.9300261306763,-73.18872994273546,-73.18872994273546
931.9400261306763,-73.19018166394017,-73.19018166394017
931.9500261306763,-73.19163627964078,-73.19163627964078
931.9600261306763,-73.19309388411591,-73.19309388411591
931.9700261306763,-73.19455457007156,-73.19455457007156
931.9800261306763,-73.1960184286445,-73.1960184286445
931.9900261306763,-73.19748554941796,-73.19748554941796
932.0000261306762,-73.19895602042489,-73.19895602042489
932.0100261306762,-73.20042992818281,-73.20042992818281
932.0200261306762,-73.20190735768718,-73.20190735768718
932.0300261306762,-73.20338839242815,-73.20338839242815
932.0400261306763,-73.20487311442514,-73.20487311442514
932.0500261306763,-73.20636160422154,-73.20636160422154
932.0600261306763,-73.20785394089278,-73.20785394089278
932.0700261306763,-73.20935020208648,-73.20935020208648
932.0800261306763,-73.21085046400214,-73.21085046400214
932.0900261306763,-73.21235480143713,-73.21235480143713
932.1000261306763,-73.2138632877928,-73.2138632877928
932.1100261306763,-73.21537599507965,-73.21537599507965
932.1200261306763,-73.21689299393825,-73.21689299393825
932.1300261306762,-73.21841435365646,-73.21841435365646
932.1400261306762,-73.21994014217215,-73.21994014217215
932.1500261306762,-73.221470426108,-73.221470426108
932.1600261306762,-73.22300527076308,-73.22300527076308
932.1700261306763,-73.22454474015193,-73.22454474015193
932.1800261306763,-73.22608889700787,-73.22608889700787
932.1900261306763,-73.22763780278513,-73.22763780278513
932.2000261306763,-73.22919151768158,-73.22919151768158
932.2100261306763,-73.23075010067025,-73.23075010067025
932.2200261306763,-73.23231360949602,-73.23231360949602
932.2300261306763,-73.23388210068808,-73.23388210068808
932.2400261306763,-73.23545562959279,-73.23545562959279
932.2500261306762,-73.23703425037058,-73.23703425037058
932.2600261306762,-73.23861801600505,-73.23861801600505
932.2700261306762,-73.24020697835046,-73.24020697835046
932.2800261306762,-73.24180118809817,-73.24180118809817
932.2900261306763,-73.24340069483135,-73.24340069483135
932.3000261306763,-73.24500554702989,-73.24500554702989
932.3100261306763,-73.2466157920584,-73.2466157920584
932.3200261306763,-73.24823147622072,-73.24823147622072
932.3300261306763,-73.24985264473489,-73.24985264473489
932.3400261306763,-73.25147934178051,-73.25147934178051
932.3500261306763,-73.25311161048711,-73.25311161048711
932.3600261306763,-73.2547494929574,-73.2547494929574
932.3700261306763,-73.25639303028099,-73.25639303028099
932.3800261306762,-73.25804226256408,-73.25804226256408
932.3900261306762,-73.259697228904,-73.259697228904
932.4000261306762,-73.2613579674306,-73.2613579674306
932.4100261306762,-73.26302451531974,-73.26302451531974
932.4200261306763,-73.26469690879051,-73.26469690879051
932.4300261306763,-73.2663751831448,-73.2663751831448
932.4400261306763,-73.26805937273657,-73.26805937273657
932.4500261545181,-73.2697495150527,-73.2697495150527
932.4600261545181,-73.27144563462731,-73.27144563462731
932.4700261545181,-73.27314776712961,-73.27314776712961
932.4800261545181,-73.27485594336875,-73.27485594336875
932.4900261545181,-73.27657019328649,-73.27657019328649
932.5000261545181,-73.27829054597838,-73.27829054597838
932.5100261545181,-73.28001702969932,-73.28001702969932
932.5200261545182,-73.28174967187766,-73.28174967187766
932.5300261545182,-73.28348849914741,-73.28348849914741
932.5400261545182,-73.28523353731208,-73.28523353731208
932.5500261545182,-73.28698481140583,-73.28698481140583
932.5600261545181,-73.28874234567077,-73.28874234567077
932.5700261545181,-73.29050616359363,-73.29050616359363
932.5800261545181,-73.29227628789518,-73.29227628789518
932.5900261545181,-73.29405274055426,-73.29405274055426
932.6000261545181,-73.29583554279839,-73.29583554279839
932.6100261545181,-73.29762471516487,-73.29762471516487
932.6200261545181,-73.29942027744184,-73.29942027744184
932.6300261545181,-73.30122224873725,-73.30122224873725
932.6400261545182,-73.30303064745299,-73.30303064745299
932.6500261545182,-73.3048454913104,-73.3048454913104
932.6600261545182,-73.3066667973672,-73.3066667973672
932.6700261545182,-73.30849458200548,-73.30849458200548
932.6800261545181,-73.31032886095264,-73.31032886095264
932.6900261545181,-73.31216964931224,-73.31216964931224
932.7000261545181,-73.31401696152881,-73.31401696152881
932.7100261545181,-73.31587081143806,-73.31587081143806
932.7200261545181,-73.31773121226057,-73.31773121226057
932.7300261545181,-73.31959817660217,-73.31959817660217
932.7400261545181,-73.32147171647038,-73.32147171647038
932.7500261545181,-73.32335184329916,-73.32335184329916
932.7600261545181,-73.3252385679302,-73.3252385679302
932.7700261545182,-73.32713190064541,-73.32713190064541
932.7800261545182,-73.32903185116346,-73.32903185116346
932.7900261545182,-73.33093842864025,-73.33093842864025
932.8000261545182,-73.33285164169814,-73.33285164169814
932.8100261545181,-73.33477149842093,-73.33477149842093
932.8200261545181,-73.33669800636297,-73.33669800636297
932.8300261545181,-73.33863117255464,-73.33863117255464
932.8400261545181,-73.34057100352311,-73.34057100352311
932.8500261545181,-73.34251750528989,-73.34251750528989
932.8600261545181,-73.34447068338109,-73.34447068338109
932.8700261545181,-73.34643054283231,-73.34643054283231
932.8800261545181,-73.34839708820452,-73.34839708820452
932.8900261545182,-73.35037032357252,-73.35037032357252
932.9000261545182,-73.3523502525622,-73.3523502525622
932.9100261545182,-73.35433687833108,-73.35433687833108
932.9200261545182,-73.3563302035915,-73.3563302035915
932.9300261545181,-73.35833023060479,-73.35833023060479
932.9400261545181,-73.36033696120526,-73.36033696120526
932.9500261545181,-73.36235039679168,-73.36235039679168
932.9600261545181,-73.36437053833669,-73.36437053833669
932.9700261545181,-73.3663973864071,-73.3663973864071
932.9800261545181,-73.36843094115527,-73.36843094115527
932.9900261545181,-73.37047120232606,-73.37047120232606
933.0000261545181,-73.3725181692708,-73.3725181692708
933.0100261545181,-73.37457184095955,-73.37457184095955
933.0200261545182,-73.37663221596405,-73.37663221596405
933.0300261545182,-73.37869929249491,-73.37869929249491
933.0400261545182,-73.38077306837705,-73.38077306837705
933.0500261545182,-73.38285354108105,-73.38285354108105
933.0600261545181,-73.38494070771083,-73.38494070771083
933.0700261545181,-73.38703456501733,-73.38703456501733
933.0800261545181,-73.38913510941508,-73.38913510941508
933.0900261545181,-73.3912423369625,-73.3912423369625
933.1000261545181,-73.39335624339087,-73.39335624339087
933.1100261545181,-73.39547682409713,-73.39547682409713
933.1200261545181,-73.39760407416487,-73.39760407416487
933.1300261545181,-73.39973798833654,-73.39973798833654
933.1400261545182,-73.40187856104956,-73.40187856104956
933.1500261545182,-73.40402578644989,-73.40402578644989
933.1600261545182,-73.40617965835995,-73.40617965835995
933.1700261545182,-73.40834017030696,-73.40834017030696
933.1800261545181,-73.4105073155257,-73.4105073155257
933.1900261545181,-73.41268108696191,-73.41268108696191
933.2000261545181,-73.4148614772963,-73.4148614772963
933.2100261545181,-73.41704847889892,-73.41704847889892
933.2200261545181,-73.41924208388569,-73.41924208388569
933.2300261545181,-73.42144228410025,-73.42144228410025
933.2400261545181,-73.42364907112018,-73.42364907112018
933.2500261545181,-73.42586243626185,-73.42586243626185
933.2600261545181,-73.42808237059815,-73.42808237059815
933.2700261545182,-73.43030886492652,-73.43030886492652
933.2800261545182,-73.43254190982697,-73.43254190982697
933.2900261545182,-73.43478149562274,-73.43478149562274
933.30002617836,-73.4370276177429,-73.4370276177429
933.31002617836,-73.43928025536768,-73.43928025536768
933.32002617836,-73.44153940344616,-73.44153940344616
933.33002617836,-73.44380505136853,-73.44380505136853
933.34002617836,-73.446077188318,-73.446077188318
933.3500261783599,-73.4483558032527,-73.4483558032527
933.3600261783599,-73.4506408849194,-73.4506408849194
933.37002617836,-73.45293242184684,-73.45293242184684
933.38002617836,-73.4552304023743,-73.4552304023743
933.39002617836,-73.45753481463177,-73.45753481463177
933.40002617836,-73.45984564654519,-73.45984564654519
933.41002617836,-73.4621628858481,-73.4621628858481
933.42002617836,-73.46448652008131,-73.46448652008131
933.43002617836,-73.46681653661949,-73.46681653661949
933.44002617836,-73.46915292261811,-73.46915292261811
933.45002617836,-73.4714956650752,-73.4714956650752
933.46002617836,-73.47384475080574,-73.47384475080574
933.47002617836,-73.47620016645172,-73.47620016645172
933.4800261783599,-73.47856189847806,-73.47856189847806
933.49002617836,-73.48092993319496,-73.48092993319496
933.50002617836,-73.48330425674531,-73.48330425674531
933.51002617836,-73.48568485510191,-73.48568485510191
933.52002617836,-73.48807171409001,-73.48807171409001
933.53002617836,-73.49046481937637,-73.49046481937637
933.54002617836,-73.4928641564715,-73.4928641564715
933.55002617836,-73.49526971075038,-73.49526971075038
933.56002617836,-73.49768146742673,-73.49768146742673
933.57002617836,-73.50009941158177,-73.50009941158177
933.58002617836,-73.50252352815163,-73.50252352815163
933.59002617836,-73.50495380194475,-73.50495380194475
933.6000261783599,-73.50739021762112,-73.50739021762112
933.6100261783599,-73.5098327597139,-73.5098327597139
933.62002617836,-73.51228141263283,-73.51228141263283
933.63002617836,-73.5147361606672,-73.5147361606672
933.64002617836,-73.51719698796722,-73.51719698796722
933.65002617836,-73.51966387856787,-73.51966387856787
933.66002617836,-73.52213681638855,-73.52213681638855
933.67002617836,-73.52461578523435,-73.52461578523435
933.68002617836,-73.52710076879269,-73.52710076879269
933.69002617836,-73.52959175063945,-73.52959175063945
933.70002617836,-73.53208871424441,-73.53208871424441
933.71002617836,-73.53459164297227,-73.53459164297227
933.72002617836,-73.5371005200805,-73.5371005200805
933.7300261783599,-73.53961532872736,-73.53961532872736
933.74002617836,-73.54213605197404,-73.54213605197404
933.75002617836,-73.54466267278163,-73.54466267278163
933.76002617836,-73.54719517402184,-73.54719517402184
933.77002617836,-73.54973353846734,-73.54973353846734
933.78002617836,-73.55227774879556,-73.55227774879556
933.79002617836,-73.55482778761143,-73.55482778761143
933.80002617836,-73.55738363741119,-73.55738363741119
933.81002617836,-73.55994528063596,-73.55994528063596
933.82002617836,-73.56251269962195,-73.56251269962195
933.83002617836,-73.56508587663627,-73.56508587663627
933.84002617836,-73.56766479386444,-73.56766479386444
933.8500261783599,-73.57024943341095,-73.57024943341095
933.8600261783599,-73.57283977730876,-73.57283977730876
933.87002617836,-73.57543580752274,-73.57543580752274
933.88002617836,-73.57803750595433,-73.57803750595433
933.89002617836,-73.58064485441965,-73.58064485441965
933.90002617836,-73.58325783467319,-73.58325783467319
933.91002617836,-73.58587642841304,-73.58587642841304
933.92002617836,-73.58850061726307,-73.58850061726307
933.93002617836,-73.59113038279067,-73.59113038279067
933.94002617836,-73.5937657064929,-73.5937657064929
933.95002617836,-73.59640656983333,-73.59640656983333
933.96002617836,-73.59905295419499,-73.59905295419499
933.97002617836,-73.60170484091917,-73.60170484091917
933.9800261783599,-73.60436221128408,-73.60436221128408
933.99002617836,-73.60702504652272,-73.60702504652272
934.00002617836,-73.60969332782608,-73.60969332782608
934.01002617836,-73.61236703631081,-73.61236703631081
934.02002617836,-73.61504615307419,-73.61504615307419
934.03002617836,-73.61773065915773,-73.61773065915773
934.04002617836,-73.62042053555157,-73.62042053555157
934.05002617836,-73.62311576320971,-73.62311576320971
934.06002617836,-73.62581632305108,-73.62581632305108
934.07002617836,-73.62852219594373,-73.62852219594373
934.08002617836,-73.63123336272075,-73.63123336272075
934.09002617836,-73.63394980417773,-73.63394980417773
934.1000261783599,-73.63667150107568,-73.63667150107568
934.1100261783599,-73.63939843414991,-73.63939843414991
934.12002617836,-73.64213058407849,-73.64213058407849
934.13002617836,-73.64486793153577,-73.64486793153577
934.14002617836,-73.64761045715231,-73.64761045715231
934.1500262022018,-73.65035814807129,-73.65035814807129
934.1600262022018,-73.65311097180971,-73.65311097180971
934.1700262022018,-73.65586891541528,-73.65586891541528
934.1800262022018,-73.65863195942235,-73.65863195942235
934.1900262022018,-73.66140008432899,-73.66140008432899
934.2000262022018,-73.66417327061464,-73.66417327061464
934.2100262022018,-73.66695149872157,-73.66695149872157
934.2200262022019,-73.66973474908423,-73.66973474908423
934.2300262022019,-73.6725230021249,-73.6725230021249
934.2400262022019,-73.6753162382286,-73.6753162382286
934.2500262022019,-73.6781144377653,-73.6781144377653
934.2600262022019,-73.68091758109311,-73.68091758109311
934.2700262022018,-73.68372564856219,-73.68372564856219
934.2800262022018,-73.68653862050382,-73.68653862050382
934.2900262022018,-73.68935647722206,-73.68935647722206
934.3000262022018,-73.69217919902668,-73.69217919902668
934.3100262022018,-73.69500676620694,-73.69500676620694
934.3200262022018,-73.6978391590451,-73.6978391590451
934.3300262022018,-73.70067635781542,-73.70067635781542
934.3400262022019,-73.70351834276985,-73.70351834276985
934.3500262022019,-73.70636509417476,-73.70636509417476
934.3600262022019,-73.70921659227406,-73.70921659227406
934.3700262022019,-73.71207281730698,-73.71207281730698
934.3800262022019,-73.7149337495234,-73.7149337495234
934.3900262022019,-73.71779936914395,-73.71779936914395
934.4000262022018,-73.72066965640009,-73.72066965640009
934.4100262022018,-73.72354459152447,-73.72354459152447
934.4200262022018,-73.72642415474165,-73.72642415474165
934.4300262022018,-73.72930832627824,-73.72930832627824
934.4400262022018,-73.73219708636023,-73.73219708636023
934.4500262022018,-73.73509041521815,-73.73509041521815
934.4600262022018,-73.73798829307925,-73.73798829307925
934.4700262022019,-73.74089070017216,-73.74089070017216
934.4800262022019,-73.74379761673617,-73.74379761673617
934.4900262022019,-73.74670902300568,-73.74670902300568
934.5000262022019,-73.74962489923064,-73.74962489923064
934.5100262022019,-73.75254522565822,-73.75254522565822
934.5200262022018,-73.7554699825433,-73.7554699825433
934.5300262022018,-73.75839915014569,-73.75839915014569
934.5400262022018,-73.76133270873741,-73.76133270873741
934.5500262022018,-73.76427063860136,-73.76427063860136
934.5600262022018,-73.76721292002564,-73.76721292002564
934.5700262022018,-73.77015953329999,-73.77015953329999
934.5800262022018,-73.77311045873984,-73.77311045873984
934.5900262022019,-73.7760656766615,-73.7760656766615
934.6000262022019,-73.77902516740261,-73.77902516740261
934.6100262022019,-73.78198891129712,-73.78198891129712
934.6200262022019,-73.78495688870163,-73.78495688870163
934.6300262022019,-73.78792907999207,-73.78792907999207
934.6400262022019,-73.790905465551,-73.790905465551
934.6500262022018,-73.79388602578129,-73.79388602578129
934.6600262022018,-73.7968707410845,-73.7968707410845
934.6700262022018,-73.79985959190007,-73.79985959190007
934.6800262022018,-73.8028525586744,-73.8028525586744
934.6900262022018,-73.8058496218648,-73.8058496218648
934.7000262022018,-73.80885076195628,-73.80885076195628
934.7100262022018,-73.81185595945269,-73.81185595945269
934.7200262022019,-73.81486519486207,-73.81486519486207
934.7300262022019,-73.81787844872663,-73.81787844872663
934.7400262022019,-73.82089570159795,-73.82089570159795
934.7500262022019,-73.82391693406242,-73.82391693406242
934.7600262022019,-73.82694212671272,-73.82694212671272
934.7700262022018,-73.82997126016659,-73.82997126016659
934.7800262022018,-73.83300431506112,-73.83300431506112
934.7900262022018,-73.83604127206827,-73.83604127206827
934.8000262022018,-73.83908211186123,-73.83908211186123
934.8100262022018,-73.84212681515828,-73.84212681515828
934.8200262022018,-73.8451753626828,-73.8451753626828
934.8300262022018,-73.84822773519294,-73.84822773519294
934.8400262022019,-73.8512839134687,-73.8512839134687
934.8500262022019,-73.8543438783143,-73.8543438783143
934.8600262022019,-73.85740761055773,-73.85740761055773
934.8700262022019,-73.86047509106085,-73.86047509106085
934.8800262022019,-73.86354630069285,-73.86354630069285
934.8900262022019,-73.86662122037181,-73.86662122037181
934.9000262022018,-73.86969983102928,-73.86969983102928
934.9100262022018,-73.87278211362332,-73.87278211362332
934.9200262022018,-73.87586804914552,-73.87586804914552
934.9300262022018,-73.87895761861077,-73.87895761861077
934.9400262022018,-73.88205080307347,-73.88205080307347
934.9500262022018,-73.88514758360402,-73.88514758360402
934.9600262022018,-73.88824794129248,-73.88824794129248
934.9700262022019,-73.89135185728536,-73.89135185728536
934.9800262022019,-73.89445931274084,-73.89445931274084
934.9900262022019,-73.89757028885228,-73.89757028885228
935.0000262260437,-73.90068477425785,-73.90068477425785
935.0100262260437,-73.9038027353911,-73.9038027353911
935.0200262260437,-73.90692416094082,-73.90692416094082
935.0300262260437,-73.91004903221443,-73.91004903221443
935.0400262260437,-73.91317733056688,-73.91317733056688
935.0500262260437,-73.91630903737342,-73.91630903737342
935.0600262260436,-73.91944413404664,-73.91944413404664
935.0700262260438,-73.9225826020306,-73.9225826020306
935.0800262260437,-73.92572442280132,-73.92572442280132
935.0900262260437,-73.92886957787594,-73.92886957787594
935.1000262260437,-73.93201804878832,-73.93201804878832
935.1100262260437,-73.93516981712348,-73.93516981712348
935.1200262260437,-73.938324864491,-73.938324864491
935.1300262260437,-73.94148317252112,-73.94148317252112
935.1400262260437,-73.94464472290811,-73.94464472290811
935.1500262260437,-73.94780949736287,-73.94780949736287
935.1600262260437,-73.95097747763694,-73.95097747763694
935.1700262260437,-73.95414864550294,-73.95414864550294
935.1800262260437,-73.95732298278814,-73.95732298278814
935.1900262260438,-73.96050047134551,-73.96050047134551
935.2000262260437,-73.96368109306916,-73.96368109306916
935.2100262260437,-73.96686482988106,-73.96686482988106
935.2200262260437,-73.97005166375045,-73.97005166375045
935.2300262260437,-73.97324157666526,-73.97324157666526
935.2400262260437,-73.97643455067599,-73.97643455067599
935.2500262260437,-73.97963056784198,-73.97963056784198
935.2600262260437,-73.98282961028042,-73.98282961028042
935.2700262260437,-73.98603166013748,-73.98603166013748
935.2800262260437,-73.98923669960051,-73.98923669960051
935.2900262260437,-73.99244471088558,-73.99244471088558
935.3000262260437,-73.99565567626169,-73.99565567626169
935.3100262260436,-73.99886957801868,-73.99886957801868
935.3200262260438,-74.00208639848817,-74.00208639848817
935.3300262260437,-74.00530612006568,-74.00530612006568
935.3400262260437,-74.00852872514452,-74.00852872514452
935.3500262260437,-74.01175419618478,-74.01175419618478
935.3600262260437,-74.01498251568343,-74.01498251568343
935.3700262260437,-74.01821366616323,-74.01821366616323
935.3800262260437,-74.02144763018951,-74.02144763018951
935.3900262260437,-74.02468439037816,-74.02468439037816
935.4000262260437,-74.0279239293698,-74.0279239293698
935.4100262260437,-74.03116622986028,-74.03116622986028
935.4200262260437,-74.03441127457052,-74.03441127457052
935.4300262260437,-74.03765904626806,-74.03765904626806
935.4400262260438,-74.04090952776158,-74.04090952776158
935.4500262260437,-74.04416270188919,-74.04416270188919
935.4600262260437,-74.0474185515601,-74.0474185515601
935.4700262260437,-74.0506770596834,-74.0506770596834
935.4800262260437,-74.05393820923504,-74.05393820923504
935.4900262260437,-74.05720198321978,-74.05720198321978
935.5000262260437,-74.06046836468738,-74.06046836468738
935.5100262260437,-74.06373733672869,-74.06373733672869
935.5200262260437,-74.06700888248069,-74.06700888248069
935.5300262260437,-74.07028298510653,-74.07028298510653
935.5400262260437,-74.07355962782795,-74.07355962782795
935.5500262260437,-74.07683879389424,-74.07683879389424
935.5600262260436,-74.08012046660252,-74.08012046660252
935.5700262260438,-74.08340462929037,-74.08340462929037
935.5800262260437,-74.08669126534109,-74.08669126534109
935.5900262260437,-74.08998035817388,-74.08998035817388
935.6000262260437,-74.09327189125112,-74.09327189125112
935.6100262260437,-74.09656584807391,-74.09656584807391
935.6200262260437,-74.09986221218863,-74.09986221218863
935.6300262260437,-74.10316096718786,-74.10316096718786
935.6400262260437,-74.10646209669427,-74.10646209669427
935.6500262260437,-74.10976558438153,-74.10976558438153
935.6600262260437,-74.11307141397195,-74.11307141397195
935.6700262260437,-74.11637956921327,-74.11637956921327
935.6800262260437,-74.11969003391127,-74.11969003391127
935.6900262260438,-74.12300279189793,-74.12300279189793
935.7000262260437,-74.12631782706315,-74.12631782706315
935.7100262260437,-74.12963512333214,-74.12963512333214
935.7200262260437,-74.13295466467342,-74.13295466467342
935.7300262260437,-74.1362764350973,-74.1362764350973
935.7400262260437,-74.13960041865893,-74.13960041865893
935.7500262260437,-74.14292659944756,-74.14292659944756
935.7600262260437,-74.14625496160674,-74.14625496160674
935.7700262260437,-74.14958548931753,-74.14958548931753
935.7800262260437,-74.15291816680441,-74.15291816680441
935.7900262260437,-74.15625297834193,-74.15625297834193
935.8000262260437,-74.15958990822757,-74.15958990822757
935.8100262260436,-74.16292894082096,-74.16292894082096
935.8200262260438,-74.16627006051421,-74.16627006051421
935.8300262260437,-74.16961325175272,-74.16961325175272
935.8400262260437,-74.17295849900898,-74.17295849900898
935.8500262498856,-74.17630579479449,-74.17630579479449
935.8600262498855,-74.17965510772869,-74.17965510772869
935.8700262498855,-74.18300643038852,-74.18300643038852
935.8800262498855,-74.18635974742078,-74.18635974742078
935.8900262498855,-74.18971504352933,-74.18971504352933
935.9000262498855,-74.19307230345467,-74.19307230345467
935.9100262498855,-74.19643151198402,-74.19643151198402
935.9200262498856,-74.19979265393798,-74.19979265393798
935.9300262498856,-74.20315571419289,-74.20315571419289
935.9400262498856,-74.2065206776524,-74.2065206776524
935.9500262498856,-74.20988752927767,-74.20988752927767
935.9600262498856,-74.21325625406534,-74.21325625406534
935.9700262498856,-74.21662683706138,-74.21662683706138
935.9800262498856,-74.21999926335137,-74.21999926335137
935.9900262498855,-74.22337351806077,-74.22337351806077
936.0000262498855,-74.22674958636044,-74.22674958636044
936.0100262498855,-74.23012745347086,-74.23012745347086
936.0200262498855,-74.23350710464358,-74.23350710464358
936.0300262498855,-74.23688852518436,-74.23688852518436
936.0400262498856,-74.24027170043192,-74.24027170043192
936.0500262498856,-74.24365661578408,-74.24365661578408
936.0600262498856,-74.24704325667126,-74.24704325667126
936.0700262498856,-74.25043160856416,-74.25043160856416
936.0800262498856,-74.25382165697503,-74.25382165697503
936.0900262498856,-74.2572133874704,-74.2572133874704
936.1000262498856,-74.26060678564546,-74.26060678564546
936.1100262498855,-74.26400183714983,-74.26400183714983
936.1200262498855,-74.26739852768564,-74.26739852768564
936.1300262498855,-74.27079684296912,-74.27079684296912
936.1400262498855,-74.27419676878256,-74.27419676878256
936.1500262498855,-74.27759829094005,-74.27759829094005
936.1600262498855,-74.28100139531107,-74.28100139531107
936.1700262498856,-74.28440606779562,-74.28440606779562
936.1800262498856,-74.28781229434328,-74.28781229434328
936.1900262498856,-74.29122006095079,-74.29122006095079
936.2000262498856,-74.29462935364384,-74.29462935364384
936.2100262498856,-74.29804015850097,-74.29804015850097
936.2200262498856,-74.30145246164014,-74.30145246164014
936.2300262498856,-74.30486624921846,-74.30486624921846
936.2400262498855,-74.3082815074528,-74.3082815074528
936.2500262498855,-74.31169822259027,-74.31169822259027
936.2600262498855,-74.31511638090599,-74.31511638090599
936.2700262498855,-74.31853596874969,-74.31853596874969
936.2800262498855,-74.32195697248493,-74.32195697248493
936.2900262498856,-74.32537937853817,-74.32537937853817
936.3000262498856,-74.32880317336492,-74.32880317336492
936.3100262498856,-74.33222834346914,-74.33222834346914
936.3200262498856,-74.33565487540194,-74.33565487540194
936.3300262498856,-74.33908275575037,-74.33908275575037
936.3400262498856,-74.34251197114631,-74.34251197114631
936.3500262498856,-74.34594250825603,-74.34594250825603
936.3600262498855,-74.34937435379598,-74.34937435379598
936.3700262498855,-74.35280749453537,-74.35280749453537
936.3800262498855,-74.35624191726049,-74.35624191726049
936.3900262498855,-74.35967760881744,-74.35967760881744
936.4000262498855,-74.36311455609601,-74.36311455609601
936.4100262498855,-74.36655274602548,-74.36655274602548
936.4200262498856,-74.36999216555476,-74.36999216555476
936.4300262498856,-74.37343280170943,-74.37343280170943
936.4400262498856,-74.3768746415451,-74.3768746415451
936.4500262498856,-74.38031767215469,-74.38031767215469
936.4600262498856,-74.38376188066623,-74.38376188066623
936.4700262498856,-74.3872072542624,-74.3872072542624
936.4800262498856,-74.39065378016357,-74.39065378016357
936.4900262498855,-74.3941014456392,-74.3941014456392
936.5000262498855,-74.39755023798047,-74.39755023798047
936.5100262498855,-74.40100014453613,-74.40100014453613
936.5200262498855,-74.40445115269087,-74.40445115269087
936.5300262498855,-74.40790324987444,-74.40790324987444
936.5400262498856,-74.41135642355115,-74.41135642355115
936.5500262498856,-74.41481066124054,-74.41481066124054
936.5600262498856,-74.41826595048654,-74.41826595048654
936.5700262498856,-74.42172227889027,-74.42172227889027
936.5800262498856,-74.42517963407816,-74.42517963407816
936.5900262498856,-74.42863800373304,-74.42863800373304
936.6000262498856,-74.43209737556319,-74.43209737556319
936.6100262498855,-74.43555773732851,-74.43555773732851
936.6200262498855,-74.4390190768306,-74.4390190768306
936.6300262498855,-74.44248138190596,-74.44248138190596
936.6400262498855,-74.44594464043242,-74.44594464043242
936.6500262498855,-74.44940884034148,-74.44940884034148
936.6600262498855,-74.45287396957669,-74.45287396957669
936.6700262498856,-74.45634001613949,-74.45634001613949
936.6800262498856,-74.4598069680938,-74.4598069680938
936.6900262498856,-74.46327481351265,-74.46327481351265
936.7000262737274,-74.4667435487793,-74.4667435487793
936.7100262737274,-74.47021314553722,-74.47021314553722
936.7200262737274,-74.47368360024579,-74.47368360024579
936.7300262737274,-74.47715490115415,-74.47715490115415
936.7400262737274,-74.48062703654735,-74.48062703654735
936.7500262737274,-74.4840999947424,-74.4840999947424
936.7600262737274,-74.4875737641021,-74.4875737641021
936.7700262737275,-74.49104833303744,-74.49104833303744
936.7800262737275,-74.49452368999893,-74.49452368999893
936.7900262737274,-74.49799982345384,-74.49799982345384
936.8000262737274,-74.50147672193395,-74.50147672193395
936.8100262737274,-74.50495437400703,-74.50495437400703
936.8200262737274,-74.50843276827844,-74.50843276827844
936.8300262737274,-74.51191189337924,-74.51191189337924
936.8400262737274,-74.51539173799277,-74.51539173799277
936.8500262737274,-74.5188722908431,-74.5188722908431
936.8600262737274,-74.52235354069315,-74.52235354069315
936.8700262737274,-74.525835476332,-74.525835476332
936.8800262737274,-74.52931808660963,-74.52931808660963
936.8900262737275,-74.53280136039194,-74.53280136039194
936.9000262737275,-74.53628528661288,-74.53628528661288
936.9100262737275,-74.53976985421356,-74.53976985421356
936.9200262737274,-74.54325505218944,-74.54325505218944
936.9300262737274,-74.54674086957512,-74.54674086957512
936.9400262737274,-74.55022729544565,-74.55022729544565
936.9500262737274,-74.55371431890615,-74.55371431890615
936.9600262737274,-74.5571954183618,-74.5571954183618
936.9700262737274,-74.56066772518108,-74.56066772518108
936.9800262737274,-74.56412983134156,-74.56412983134156
936.9900262737274,-74.56758100501058,-74.56758100501058
937.0000262737274,-74.5710208912464,-74.5710208912464
937.0100262737274,-74.5744493566407,-74.5744493566407
937.0200262737275,-74.57786639831521,-74.57786639831521
937.0300262737275,-74.58127208926355,-74.58127208926355
937.0400262737274,-74.58466654547628,-74.58466654547628
937.0500262737274,-74.588049906226,-74.588049906226
937.0600262737274,-74.59142232227656,-74.59142232227656
937.0700262737274,-74.59478394898765,-74.59478394898765
937.0800262737274,-74.59813494228037,-74.59813494228037
937.0900262737274,-74.60147545645401,-74.60147545645401
937.1000262737274,-74.60480564307053,-74.60480564307053
937.1100262737274,-74.60807959945016,-74.60807959945016
937.1200262737274,-74.6112779327906,-74.6112779327906
937.1300262737274,-74.61439139357651,-74.61439139357651
937.1400262737275,-74.61741509557005,-74.61741509557005
937.1500262737275,-74.62034636559412,-74.62034636559412
937.1600262737275,-74.62318375229596,-74.62318375229596
937.1700262737274,-74.62592651030928,-74.62592651030928
937.1800262737274,-74.628574316701,-74.628574316701
937.1900262737274,-74.63112711136684,-74.63112711136684
937.2000262737274,-74.63358500631777,-74.63358500631777
937.2100262737274,-74.63594823381814,-74.63594823381814
937.2200262737274,-74.63821711637203,-74.63821711637203
937.2300262737274,-74.64039204912203,-74.64039204912203
937.2400262737274,-74.64247348917321,-74.64247348917321
937.2500262737274,-74.64446194865437,-74.64446194865437
937.2600262737274,-74.6463579898773,-74.6463579898773
937.2700262737275,-74.64816222158711,-74.64816222158711
937.2800262737275,-74.64987529577618,-74.64987529577618
937.2900262737274,-74.65149790475746,-74.65149790475746
937.3000262737274,-74.65303077849258,-74.65303077849258
937.3100262737274,-74.65447468193167,-74.65447468193167
937.3200262737274,-74.65583041249829,-74.65583041249829
937.3300262737274,-74.65709879762571,-74.65709879762571
937.3400262737274,-74.65828069241333,-74.65828069241333
937.3500262737274,-74.65937697734705,-74.65937697734705
937.3600262737274,-74.66038855614852,-74.66038855614852
937.3700262737274,-74.66131635370947,-74.66131635370947
937.3800262737274,-74.66216131415314,-74.66216131415314
937.3900262737275,-74.6629243989727,-74.6629243989727
937.4000262737275,-74.6636065853245,-74.6636065853245
937.4100262737275,-74.66420886435533,-74.66420886435533
937.4200262737274,-74.66473223967799,-74.66473223967799
937.4300262737274,-74.66517772590929,-74.66517772590929
937.4400262737274,-74.66554634731895,-74.66554634731895
937.4500262737274,-74.66583913653857,-74.66583913653857
937.4600262737274,-74.6660571333679,-74.6660571333679
937.4700262737274,-74.66620138363332,-74.66620138363332
937.4800262737274,-74.66627293810475,-74.66627293810475
937.4900262737274,-74.66627285154817,-74.66627285154817
937.5000262737274,-74.66620218173115,-74.66620218173115
937.5100262737274,-74.66606198857032,-74.66606198857032
937.5200262737275,-74.66585333328467,-74.66585333328467
937.5300262737275,-74.66557727761999,-74.66557727761999
937.5400262737274,-74.66523488311607,-74.66523488311607
937.5500262975693,-74.66482720941744,-74.66482720941744
937.5600262975693,-74.66435531736121,-74.66435531736121
937.5700262975693,-74.66382026313954,-74.66382026313954
937.5800262975692,-74.66322310091597,-74.66322310091597
937.5900262975692,-74.66256488159424,-74.66256488159424
937.6000262975692,-74.66184665230621,-74.66184665230621
937.6100262975692,-74.66106945592936,-74.66106945592936
937.6200262975693,-74.6602343306422,-74.6602343306422
937.6300262975693,-74.659342309514,-74.659342309514
937.6400262975693,-74.65839442010311,-74.65839442010311
937.6500262975693,-74.65739168409792,-74.65739168409792
937.6600262975693,-74.65633511698528,-74.65633511698528
937.6700262975693,-74.65522572770719,-74.65522572770719
937.6800262975693,-74.65406451841133,-74.65406451841133
937.6900262975693,-74.65285248411836,-74.65285248411836
937.7000262975693,-74.65159061251165,-74.65159061251165
937.7100262975692,-74.65027988368274,-74.65027988368274
937.7200262975692,-74.6489212699038,-74.6489212699038
937.7300262975692,-74.64751573544785,-74.64751573544785
937.7400262975693,-74.64606423636711,-74.64606423636711
937.7500262975693,-74.64456772037859,-74.64456772037859
937.7600262975693,-74.64302712663336,-74.64302712663336
937.7700262975693,-74.64144338564633,-74.64144338564633
937.7800262975693,-74.63981741911532,-74.63981741911532
937.7900262975693,-74.6381501398234,-74.6381501398234
937.8000262975693,-74.63644245152373,-74.63644245152373
937.8100262975693,-74.63469524886564,-74.63469524886564
937.8200262975693,-74.63290941728606,-74.63290941728606
937.8300262975692,-74.63108583296285,-74.63108583296285
937.8400262975692,-74.62922536272123,-74.62922536272123
937.8500262975692,-74.62732886399972,-74.62732886399972
937.8600262975692,-74.62539718479327,-74.62539718479327
937.8700262975693,-74.6234311636213,-74.6234311636213
937.8800262975693,-74.62143162948715,-74.62143162948715
937.8900262975693,-74.61939940187473,-74.61939940187473
937.9000262975693,-74.61733529072588,-74.61733529072588
937.9100262975693,-74.61524009640706,-74.61524009640706
937.9200262975693,-74.61311460974238,-74.61311460974238
937.9300262975693,-74.61095961199356,-74.61095961199356
937.9400262975693,-74.60877587487758,-74.60877587487758
937.9500262975693,-74.60656416057262,-74.60656416057262
937.9600262975692,-74.60432522175469,-74.60432522175469
937.9700262975692,-74.60205980159607,-74.60205980159607
937.9800262975692,-74.59976863381544,-74.59976863381544
937.9900262975693,-74.59745244269291,-74.59745244269291
938.0000262975693,-74.59511194312788,-74.59511194312788
938.0100262975693,-74.59274784065106,-74.59274784065106
938.0200262975693,-74.59036083150066,-74.59036083150066
938.0300262975693,-74.58795160263895,-74.58795160263895
938.0400262975693,-74.58552083182101,-74.58552083182101
938.0500262975693,-74.58306918762929,-74.58306918762929
938.0600262975693,-74.58059732956606,-74.58059732956606
938.0700262975693,-74.5781059080604,-74.5781059080604
938.0800262975692,-74.5755955645808,-74.5755955645808
938.0900262975692,-74.57306693165846,-74.57306693165846
938.1000262975692,-74.57052063297014,-74.57052063297014
938.1100262975692,-74.56795728339179,-74.56795728339179
938.1200262975693,-74.56537748908495,-74.56537748908495
938.1300262975693,-74.56278184757996,-74.56278184757996
938.1400262975693,-74.56017094778247,-74.56017094778247
938.1500262975693,-74.55754537012334,-74.55754537012334
938.1600262975693,-74.55490568658489,-74.55490568658489
938.1700262975693,-74.5522524607889,-74.5522524607889
938.1800262975693,-74.54958624808505,-74.54958624808505
938.1900262975693,-74.54690759560458,-74.54690759560458
938.2000262975693,-74.54421704237325,-74.54421704237325
938.2100262975692,-74.54151511934766,-74.54151511934766
938.2200262975692,-74.5388023495344,-74.5388023495344
938.2300262975692,-74.53607924802941,-74.53607924802941
938.2400262975693,-74.53334632214244,-74.53334632214244
938.2500262975693,-74.530604071455,-74.530604071455
938.2600262975693,-74.52785298789614,-74.52785298789614
938.2700262975693,-74.52509355582747,-74.52509355582747
938.2800262975693,-74.52232625214832,-74.52232625214832
938.2900262975693,-74.5195515463426,-74.5195515463426
938.3000262975693,-74.51676990058353,-74.51676990058353
938.3100262975693,-74.51398176981488,-74.51398176981488
938.3200262975693,-74.51118760182007,-74.51118760182007
938.3300262975692,-74.50838783732263,-74.50838783732263
938.3400262975692,-74.50558291005143,-74.50558291005143
938.3500262975692,-74.50277324683452,-74.50277324683452
938.3600262975692,-74.49995926767555,-74.49995926767555
938.3700262975693,-74.49714138582695,-74.49714138582695
938.3800262975693,-74.49432000790318,-74.49432000790318
938.3900262975693,-74.49149553390906,-74.49149553390906
938.4000263214111,-74.48866835064032,-74.48866835064032
938.4100263214111,-74.48583885866535,-74.48583885866535
938.4200263214111,-74.48300743203052,-74.48300743203052
938.4300263214111,-74.48017444523104,-74.48017444523104
938.4400263214111,-74.47734026658978,-74.47734026658978
938.4500263214111,-74.47450525834186,-74.47450525834186
938.4600263214111,-74.47166977667551,-74.47166977667551
938.4700263214112,-74.46883417185346,-74.46883417185346
938.4800263214112,-74.46599878826319,-74.46599878826319
938.4900263214112,-74.4631639644955,-74.4631639644955
938.5000263214112,-74.46033003342252,-74.46033003342252
938.5100263214111,-74.45749732228347,-74.45749732228347
938.5200263214111,-74.45466615274995,-74.45466615274995
938.5300263214111,-74.4518368409965,-74.4518368409965
938.5400263214111,-74.44900969777697,-74.44900969777697
938.5500263214111,-74.44618502850642,-74.44618502850642
938.5600263214111,-74.44336313332309,-74.44336313332309
938.5700263214111,-74.44054430715403,-74.44054430715403
938.5800263214111,-74.43772883980884,-74.43772883980884
938.5900263214112,-74.43491701600982,-74.43491701600982
938.6000263214112,-74.4321091155215,-74.4321091155215
938.6100263214112,-74.42930541316731,-74.42930541316731
938.6200263214112,-74.4265061789049,-74.4265061789049
938.6300263214112,-74.42371167792331,-74.42371167792331
938.6400263214111,-74.4209221706736,-74.4209221706736
938.6500263214111,-74.41813791295894,-74.41813791295894
938.6600263214111,-74.4153591559899,-74.4153591559899
938.6700263214111,-74.41258614645116,-74.41258614645116
938.6800263214111,-74.40981912657142,-74.40981912657142
938.6900263214111,-74.4070583341637,-74.4070583341637
938.7000263214111,-74.40430400271752,-74.40430400271752
938.7100263214111,-74.40154987521325,-74.40154987521325
938.7200263214112,-74.39879333973462,-74.39879333973462
938.7300263214112,-74.3960332389463,-74.3960332389463
938.7400263214112,-74.39326908651293,-74.39326908651293
938.7500263214112,-74.39050076821329,-74.39050076821329
938.7600263214111,-74.38772838673147,-74.38772838673147
938.7700263214111,-74.3849521707033,-74.3849521707033
938.7800263214111,-74.38217242009166,-74.38217242009166
938.7900263214111,-74.3793894733153,-74.3793894733153
938.8000263214111,-74.37660368756835,-74.37660368756835
938.8100263214111,-74.37381542710878,-74.37381542710878
938.8200263214111,-74.37102505634537,-74.37102505634537
938.8300263214111,-74.36823293595144,-74.36823293595144
938.8400263214112,-74.36543942071641,-74.36543942071641
938.8500263214112,-74.36264485854005,-74.36264485854005
938.8600263214112,-74.35984958998891,-74.35984958998891
938.8700263214112,-74.35705394830352,-74.35705394830352
938.8800263214112,-74.35425825959535,-74.35425825959535
938.8900263214111,-74.35146284311415,-74.35146284311415
938.9000263214111,-74.3486680116223,-74.3486680116223
938.9100263214111,-74.34587407170834,-74.34587407170834
938.9200263214111,-74.34308132413904,-74.34308132413904
938.9300263214111,-74.34029006415935,-74.34029006415935
938.9400263214111,-74.33750058179156,-74.33750058179156
938.9500263214111,-74.33471316205049,-74.33471316205049
938.9600263214111,-74.33192808520684,-74.33192808520684
938.9700263214112,-74.32914562694735,-74.32914562694735
938.9800263214112,-74.32636605856979,-74.32636605856979
938.9900263214112,-74.3235896471176,-74.3235896471176
939.0000263214112,-74.32081665551772,-74.32081665551772
939.0100263214111,-74.31804734270098,-74.31804734270098
939.0200263214111,-74.31528196368177,-74.31528196368177
939.0300263214111,-74.31252076965512,-74.31252076965512
939.0400263214111,-74.30976400808399,-74.30976400808399
939.0500263214111,-74.30701192277382,-74.30701192277382
939.0600263214111,-74.30426475388757,-74.30426475388757
939.0700263214111,-74.301522738052,-74.301522738052
939.0800263214111,-74.29878610838372,-74.29878610838372
939.0900263214112,-74.2960550945252,-74.2960550945252
939.1000263214112,-74.29332992270916,-74.29332992270916
939.1100263214112,-74.29061081577156,-74.29061081577156
939.1200263214112,-74.28789799321162,-74.28789799321162
939.1300263214112,-74.28519167119236,-74.28519167119236
939.1400263214111,-74.2824920626003,-74.2824920626003
939.1500263214111,-74.27979937707079,-74.27979937707079
939.1600263214111,-74.27711382099976,-74.27711382099976
939.1700263214111,-74.27443559758822,-74.27443559758822
939.1800263214111,-74.27176490685717,-74.27176490685717
939.1900263214111,-74.2691019456898,-74.2691019456898
939.2000263214111,-74.2664469078346,-74.2664469078346
939.2100263214111,-74.26379351043593,-74.26379351043593
939.2200263214112,-74.26113911039178,-74.26113911039178
939.2300263214112,-74.25848251770341,-74.25848251770341
939.2400263214112,-74.25582321327461,-74.25582321327461
939.250026345253,-74.25316104415882,-74.25316104415882
939.260026345253,-74.25049609392846,-74.25049609392846
939.270026345253,-74.2478285538364,-74.2478285538364
939.280026345253,-74.24515869351383,-74.24515869351383
939.290026345253,-74.24248682182164,-74.24248682182164
939.300026345253,-74.23981326715355,-74.23981326715355
939.3100263452529,-74.23713836570046,-74.23713836570046
939.320026345253,-74.23446245454579,-74.23446245454579
939.330026345253,-74.23178586775705,-74.23178586775705
939.340026345253,-74.229108934209,-74.229108934209
939.350026345253,-74.22643197653636,-74.22643197653636
939.360026345253,-74.22375531071933,-74.22375531071933
939.370026345253,-74.2210792460532,-74.2210792460532
939.380026345253,-74.21840408529394,-74.21840408529394
939.390026345253,-74.21573012496223,-74.21573012496223
939.400026345253,-74.21305765565444,-74.21305765565444
939.410026345253,-74.21038696235668,-74.21038696235668
939.420026345253,-74.20771832478377,-74.20771832478377
939.4300263452529,-74.20505201766284,-74.20505201766284
939.440026345253,-74.20238831098462,-74.20238831098462
939.450026345253,-74.19972747026841,-74.19972747026841
939.460026345253,-74.1970697567221,-74.1970697567221
939.470026345253,-74.1944154274813,-74.1944154274813
939.480026345253,-74.19176473570735,-74.19176473570735
939.490026345253,-74.18911793077261,-74.18911793077261
939.500026345253,-74.18647525833225,-74.18647525833225
939.510026345253,-74.18379962930827,-74.18379962930827
939.520026345253,-74.18109051604188,-74.18109051604188
939.530026345253,-74.17834932232424,-74.17834932232424
939.540026345253,-74.17557626982423,-74.17557626982423
939.550026345253,-74.17277070329754,-74.17277070329754
939.5600263452529,-74.16993148441638,-74.16993148441638
939.570026345253,-74.16705724095361,-74.16705724095361
939.580026345253,-74.1641465152334,-74.1641465152334
939.590026345253,-74.16119785248449,-74.16119785248449
939.600026345253,-74.15820985324117,-74.15820985324117
939.610026345253,-74.1551812035636,-74.1551812035636
939.620026345253,-74.15211069140759,-74.15211069140759
939.630026345253,-74.14899721427052,-74.14899721427052
939.640026345253,-74.14583978132711,-74.14583978132711
939.650026345253,-74.14263751217402,-74.14263751217402
939.660026345253,-74.1393896334865,-74.1393896334865
939.670026345253,-74.13609547451247,-74.13609547451247
939.6800263452529,-74.13275446187106,-74.13275446187106
939.690026345253,-74.12936611417453,-74.12936611417453
939.700026345253,-74.12593003657746,-74.12593003657746
939.710026345253,-74.12243945578643,-74.12243945578643
939.720026345253,-74.11889131074663,-74.11889131074663
939.730026345253,-74.11528406530105,-74.11528406530105
939.740026345253,-74.11161692289176,-74.11161692289176
939.750026345253,-74.10788952425904,-74.10788952425904
939.760026345253,-74.10410178851855,-74.10410178851855
939.770026345253,-74.1002538185176,-74.1002538185176
939.780026345253,-74.09634584259257,-74.09634584259257
939.790026345253,-74.0923781783369,-74.0923781783369
939.800026345253,-74.08835120966347,-74.08835120966347
939.8100263452529,-74.08426537205762,-74.08426537205762
939.820026345253,-74.08012114283103,-74.08012114283103
939.830026345253,-74.07591903453401,-74.07591903453401
939.840026345253,-74.07165959028309,-74.07165959028309
939.850026345253,-74.06734338037286,-74.06734338037286
939.860026345253,-74.06297099961033,-74.06297099961033
939.870026345253,-74.05854306524544,-74.05854306524544
939.880026345253,-74.05406021513362,-74.05406021513362
939.890026345253,-74.04952310619954,-74.04952310619954
939.900026345253,-74.04493241298336,-74.04493241298336
939.910026345253,-74.04028882635055,-74.04028882635055
939.920026345253,-74.03559305224464,-74.03559305224464
939.9300263452529,-74.03084581052026,-74.03084581052026
939.940026345253,-74.02604783381884,-74.02604783381884
939.950026345253,-74.02119986651135,-74.02119986651135
939.960026345253,-74.01630266363748,-74.01630266363748
939.970026345253,-74.0113569899391,-74.0113569899391
939.980026345253,-74.00636361892406,-74.00636361892406
939.990026345253,-74.00132333192218,-74.00132333192218
940.000026345253,-73.99623691723289,-73.99623691723289
940.010026345253,-73.99110516928823,-73.99110516928823
940.020026345253,-73.98592888785394,-73.98592888785394
940.030026345253,-73.98070887726082,-73.98070887726082
940.040026345253,-73.97544594567485,-73.97544594567485
940.050026345253,-73.97014090440842,-73.97014090440842
940.0600263452529,-73.96479456724693,-73.96479456724693
940.070026345253,-73.95940774984341,-73.95940774984341
940.080026345253,-73.95398126910003,-73.95398126910003
940.090026345253,-73.9485159425897,-73.9485159425897
940.1000263690948,-73.94301257493214,-73.94301257493214
940.1100263690948,-73.93747200958634,-73.93747200958634
940.1200263690948,-73.93189505012796,-73.93189505012796
940.1300263690948,-73.92628251172012,-73.92628251172012
940.1400263690948,-73.92063520782744,-73.92063520782744
940.1500263690948,-73.91495394977208,-73.91495394977208
940.1600263690948,-73.90923954632838,-73.90923954632838
940.1700263690949,-73.90349280337189,-73.90349280337189
940.1800263690949,-73.89771452354665,-73.89771452354665
940.1900263690949,-73.89190550592306,-73.89190550592306
940.2000263690949,-73.88606654570496,-73.88606654570496
940.2100263690949,-73.88019843393022,-73.88019843393022
940.2200263690949,-73.8743019572265,-73.8743019572265
940.2300263690948,-73.86837789754865,-73.86837789754865
940.2400263690948,-73.86242703194064,-73.86242703194064
940.2500263690948,-73.85645013233444,-73.85645013233444
940.2600263690948,-73.85044796530492,-73.85044796530492
940.2700263690948,-73.84442129193849,-73.84442129193849
940.2800263690948,-73.83837086760379,-73.83837086760379
940.2900263690949,-73.8322974418225,-73.8322974418225
940.3000263690949,-73.82620175810118,-73.82620175810118
940.3100263690949,-73.82008455379398,-73.82008455379398
940.3200263690949,-73.81394655997516,-73.81394655997516
940.3300263690949,-73.80778850131549,-73.80778850131549
940.3400263690949,-73.80161109597726,-73.80161109597726
940.3500263690948,-73.79541505552038,-73.79541505552038
940.3600263690948,-73.78920108480965,-73.78920108480965
940.3700263690948,-73.78296988192497,-73.78296988192497
940.3800263690948,-73.77672213809117,-73.77672213809117
940.3900263690948,-73.770458537636,-73.770458537636
940.4000263690948,-73.76417975788893,-73.76417975788893
940.4100263690948,-73.75788646916774,-73.75788646916774
940.4200263690949,-73.75157933471485,-73.75157933471485
940.4300263690949,-73.74525901068094,-73.74525901068094
940.4400263690949,-73.7389261460599,-73.7389261460599
940.4500263690949,-73.73258138269341,-73.73258138269341
940.4600263690949,-73.72622535522461,-73.72622535522461
940.4700263690949,-73.71985869111462,-73.71985869111462
940.4800263690948,-73.71348201059564,-73.71348201059564
940.4900263690948,-73.70709592669905,-73.70709592669905
940.5000263690948,-73.70070104523653,-73.70070104523653
940.5100263690948,-73.69429796479534,-73.69429796479534
940.5200263690948,-73.68788727676885,-73.68788727676885
940.5300263690948,-73.68146956534041,-73.68146956534041
940.5400263690949,-73.67504540751946,-73.67504540751946
940.5500263690949,-73.66861537315431,-73.66861537315431
940.5600263690949,-73.66218002492668,-73.66218002492668
940.5700263690949,-73.6557399184213,-73.6557399184213
940.5800263690949,-73.64929560210824,-73.64929560210824
940.5900263690949,-73.64284761739717,-73.64284761739717
940.6000263690948,-73.63639649865867,-73.63639649865867
940.6100263690948,-73.62994277326688,-73.62994277326688
940.6200263690948,-73.62348696162329,-73.62348696162329
940.6300263690948,-73.61702957721488,-73.61702957721488
940.6400263690948,-73.61057112660951,-73.61057112660951
940.6500263690948,-73.60411210955381,-73.60411210955381
940.6600263690948,-73.59765301897285,-73.59765301897285
940.6700263690949,-73.59119434103759,-73.59119434103759
940.6800263690949,-73.58473655520295,-73.58473655520295
940.6900263690949,-73.57828013425612,-73.57828013425612
940.7000263690949,-73.57182554436447,-73.57182554436447
940.7100263690949,-73.56536683609605,-73.56536683609605
940.7200263690949,-73.55890166383809,-73.55890166383809
940.7300263690948,-73.55242912038631,-73.55242912038631
940.7400263690948,-73.54594896206156,-73.54594896206156
940.7500263690948,-73.53946131256464,-73.53946131256464
940.7600263690948,-73.5329665088261,-73.5329665088261
940.7700263690948,-73.52646501045683,-73.52646501045683
940.7800263690948,-73.51995734529538,-73.51995734529538
940.7900263690949,-73.51344407655418,-73.51344407655418
940.8000263690949,-73.50692578318137,-73.50692578318137
940.8100263690949,-73.50040304808233,-73.50040304808233
940.8200263690949,-73.49387645129899,-73.49387645129899
940.8300263690949,-73.48734656609274,-73.48734656609274
940.8400263690949,-73.48081395682499,-73.48081395682499
940.8500263690948,-73.47427917796075,-73.47427917796075
940.8600263690948,-73.4677427737182,-73.4677427737182
940.8700263690948,-73.46120527808014,-73.46120527808014
940.8800263690948,-73.45466721501374,-73.45466721501374
940.8900263690948,-73.44812909882948,-73.44812909882948
940.9000263690948,-73.44159143453366,-73.44159143453366
940.9100263690948,-73.43505471823073,-73.43505471823073
940.9200263690949,-73.42851943749848,-73.42851943749848
940.9300263690949,-73.42198607172189,-73.42198607172189
940.9400263690949,-73.41545509242215,-73.41545509242215
940.9500263929367,-73.40892694797962,-73.40892694797962
940.9600263929367,-73.40239573150409,-73.40239573150409
940.9700263929367,-73.39585908503102,-73.39585908503102
940.9800263929367,-73.38931610113151,-73.38931610113151
940.9900263929367,-73.38276653430522,-73.38276653430522
941.0000263929367,-73.37621050554893,-73.37621050554893
941.0100263929367,-73.36964834858173,-73.36964834858173
941.0200263929368,-73.36308051950813,-73.36308051950813
941.0300263929367,-73.35650754249012,-73.35650754249012
941.0400263929367,-73.34992997704273,-73.34992997704273
941.0500263929367,-73.34334839837636,-73.34334839837636
941.0600263929367,-73.3367633857522,-73.3367633857522
941.0700263929367,-73.33017551563265,-73.33017551563265
941.0800263929367,-73.32358535783561,-73.32358535783561
941.0900263929367,-73.31699347341271,-73.31699347341271
941.1000263929367,-73.31040041365202,-73.31040041365202
941.1100263929367,-73.30380671976563,-73.30380671976563
941.1200263929367,-73.2972129228819,-73.2972129228819
941.1300263929367,-73.29061954429125,-73.29061954429125
941.1400263929368,-73.28402709577634,-73.28402709577634
941.1500263929368,-73.27743608000418,-73.27743608000418
941.1600263929367,-73.2708469908705,-73.2708469908705
941.1700263929367,-73.2642603139041,-73.2642603139041
941.1800263929367,-73.25767652660222,-73.25767652660222
941.1900263929367,-73.25109609873546,-73.25109609873546
941.2000263929367,-73.24451949261676,-73.24451949261676
941.2100263929367,-73.23794716335664,-73.23794716335664
941.2200263929367,-73.23137955909546,-73.23137955909546
941.2300263929367,-73.22481712118017,-73.22481712118017
941.2400263929367,-73.21826028434329,-73.21826028434329
941.2500263929367,-73.21170947686238,-73.21170947686238
941.2600263929367,-73.20516512068743,-73.20516512068743
941.2700263929368,-73.19862763155116,-73.19862763155116
941.2800263929367,-73.19209741909118,-73.19209741909118
941.2900263929367,-73.18557488693968,-73.18557488693968
941.3000263929367,-73.17906043281319,-73.17906043281319
941.3100263929367,-73.17255444858381,-73.17255444858381
941.3200263929367,-73.16605732036788,-73.16605732036788
941.3300263929367,-73.15956942858017,-73.15956942858017
941.3400263929367,-73.15309114798778,-73.15309114798778
941.3500263929367,-73.14662284779374,-73.14662284779374
941.3600263929367,-73.14016489167106,-73.14016489167106
941.3700263929367,-73.13371763782868,-73.13371763782868
941.3800263929367,-73.1272814390598,-73.1272814390598
941.3900263929368,-73.12085664277716,-73.12085664277716
941.4000263929368,-73.11444359108759,-73.11444359108759
941.4100263929367,-73.10804262081031,-73.10804262081031
941.4200263929367,-73.10165406353197,-73.10165406353197
941.4300263929367,-73.09527824566636,-73.09527824566636
941.4400263929367,-73.08891548849093,-73.08891548849093
941.4500263929367,-73.08256610817217,-73.08256610817217
941.4600263929367,-73.07623041583504,-73.07623041583504
941.4700263929367,-73.06990871759575,-73.06990871759575
941.4800263929367,-73.06360131461379,-73.06360131461379
941.4900263929367,-73.05730850311286,-73.05730850311286
941.5000263929367,-73.05103057446519,-73.05103057446519
941.5100263929367,-73.04476781518245,-73.04476781518245
941.5200263929368,-73.03852050700459,-73.03852050700459
941.5300263929367,-73.03228892693242,-73.03228892693242
941.5400263929367,-73.0260733472582,-73.0260733472582
941.5500263929367,-73.0198740356174,-73.0198740356174
941.5600263929367,-73.0136912550413,-73.0136912550413
941.5700263929367,-73.00752526398638,-73.00752526398638
941.5800263929367,-73.0013763163975,-73.0013763163975
941.5900263929367,-72.99524466173735,-72.99524466173735
941.6000263929367,-72.98913054503026,-72.98913054503026
941.6100263929367,-72.98303420692285,-72.98303420692285
941.6200263929367,-72.97695588371869,-72.97695588371869
941.6300263929367,-72.97089580743005,-72.97089580743005
941.6400263929368,-72.96485420579353,-72.96485420579353
941.6500263929368,-72.95883130237587,-72.95883130237587
941.6600263929367,-72.95282731655317,-72.95282731655317
941.6700263929367,-72.94684246359652,-72.94684246359652
941.6800263929367,-72.94087695470091,-72.94087695470091
941.6900263929367,-72.93493099704011,-72.93493099704011
941.7000263929367,-72.92900479380766,-72.92900479380766
941.7100263929367,-72.92309219191237,-72.92309219191237
941.7200263929367,-72.9171906138171,-72.9171906138171
941.7300263929367,-72.91129891070035,-72.91129891070035
941.7400263929367,-72.90541659427741,-72.90541659427741
941.7500263929367,-72.89954354308858,-72.89954354308858
941.7600263929367,-72.89367984960442,-72.89367984960442
941.7700263929368,-72.88782573035928,-72.88782573035928
941.7800263929367,-72.88198147185695,-72.88198147185695
941.7900263929367,-72.8761473979941,-72.8761473979941
941.8000264167786,-72.87032383663332,-72.87032383663332
941.8100264167786,-72.86451116346906,-72.86451116346906
941.8200264167785,-72.85870971192409,-72.85870971192409
941.8300264167785,-72.85291982480918,-72.85291982480918
941.8400264167785,-72.84714183835288,-72.84714183835288
941.8500264167785,-72.84137608119312,-72.84137608119312
941.8600264167785,-72.83562287403248,-72.83562287403248
941.8700264167786,-72.82988252963244,-72.82988252963244
941.8800264167786,-72.8241553530774,-72.8241553530774
941.8900264167786,-72.81844164206957,-72.81844164206957
941.9000264167786,-72.81274168731692,-72.81274168731692
941.9100264167786,-72.80705577291035,-72.80705577291035
941.9200264167786,-72.80138417668502,-72.80138417668502
941.9300264167786,-72.79572717054941,-72.79572717054941
941.9400264167786,-72.79008502081034,-72.79008502081034
941.9500264167785,-72.78445798842922,-72.78445798842922
941.9600264167785,-72.77884632926832,-72.77884632926832
941.9700264167785,-72.7732502943178,-72.7732502943178
941.9800264167785,-72.76767012988032,-72.76767012988032
941.9900264167786,-72.76210607772084,-72.76210607772084
942.0000264167786,-72.75655837524535,-72.75655837524535
942.0100264167786,-72.75102725559327,-72.75102725559327
942.0200264167786,-72.74551294778242,-72.74551294778242
942.0300264167786,-72.74001567679092,-72.74001567679092
942.0400264167786,-72.7345356636524,-72.7345356636524
942.0500264167786,-72.72907312553626,-72.72907312553626
942.0600264167786,-72.72362827580291,-72.72362827580291
942.0700264167785,-72.71820132408722,-72.71820132408722
942.0800264167785,-72.71279247635887,-72.71279247635887
942.0900264167785,-72.70740193495968,-72.70740193495968
942.1000264167785,-72.70202989865722,-72.70202989865722
942.1100264167785,-72.69667656268828,-72.69667656268828
942.1200264167786,-72.69134211880349,-72.69134211880349
942.1300264167786,-72.68602675531838,-72.68602675531838
942.1400264167786,-72.68073065712879,-72.68073065712879
942.1500264167786,-72.67545400575632,-72.67545400575632
942.1600264167786,-72.670196979384,-72.670196979384
942.1700264167786,-72.66495975289557,-72.66495975289557
942.1800264167786,-72.65974249788364,-72.65974249788364
942.1900264167786,-72.65454538271304,-72.65454538271304
942.2000264167785,-72.649368572527,-72.649368572527
942.2100264167785,-72.64421222929118,-72.64421222929118
942.2200264167785,-72.63907651181619,-72.63907651181619
942.2300264167785,-72.63396157578318,-72.63396157578318
942.2400264167786,-72.62886757377574,-72.62886757377574
942.2500264167786,-72.62379465532536,-72.62379465532536
942.2600264167786,-72.61874296691035,-72.61874296691035
942.2700264167786,-72.613712652009,-72.613712652009
942.2800264167786,-72.60870385111909,-72.60870385111909
942.2900264167786,-72.60371670178336,-72.60371670178336
942.3000264167786,-72.59875133861954,-72.59875133861954
942.3100264167786,-72.59380789335647,-72.59380789335647
942.3200264167785,-72.58888649485257,-72.58888649485257
942.3300264167785,-72.58398726913656,-72.58398726913656
942.3400264167785,-72.5791103394117,-72.5791103394117
942.3500264167785,-72.57425582612375,-72.57425582612375
942.3600264167785,-72.56942384695179,-72.56942384695179
942.3700264167786,-72.5646145168519,-72.5646145168519
942.3800264167786,-72.55982794810214,-72.55982794810214
942.3900264167786,-72.55506425030133,-72.55506425030133
942.4000264167786,-72.5503235304162,-72.5503235304162
942.4100264167786,-72.54560589280597,-72.54560589280597
942.4200264167786,-72.54091143925523,-72.54091143925523
942.4300264167786,-72.53624026899678,-72.53624026899678
942.4400264167786,-72.53159247874403,-72.53159247874403
942.4500264167785,-72.52696816271802,-72.52696816271802
942.4600264167785,-72.52236109486068,-72.52236109486068
942.4700264167785,-72.51776860632792,-72.51776860632792
942.4800264167785,-72.51318945026364,-72.51318945026364
942.4900264167786,-72.50862303786175,-72.50862303786175
942.5000264167786,-72.50406914632974,-72.50406914632974
942.5100264167786,-72.49952776683452,-72.49952776683452
942.5200264167786,-72.49499901518686,-72.49499901518686
942.5300264167786,-72.49048307806393,-72.49048307806393
942.5400264167786,-72.48598018062889,-72.48598018062889
942.5500264167786,-72.4814905670746,-72.4814905670746
942.5600264167786,-72.4770144890599,-72.4770144890599
942.5700264167785,-72.47255219890538,-72.47255219890538
942.5800264167785,-72.46810394575765,-72.46810394575765
942.5900264167785,-72.4636699734765,-72.4636699734765
942.6000264167785,-72.4592505196432,-72.4592505196432
942.6100264167785,-72.45484581520199,-72.45484581520199
942.6200264167786,-72.45045608443137,-72.45045608443137
942.6300264167786,-72.44608154520272,-72.44608154520272
942.6400264167786,-72.44172240925406,-72.44172240925406
942.6500264406204,-72.43737887223396,-72.43737887223396
942.6600264406204,-72.43305115543889,-72.43305115543889
942.6700264406204,-72.42873944400594,-72.42873944400594
942.6800264406204,-72.4244439287501,-72.4244439287501
942.6900264406204,-72.42016479600886,-72.42016479600886
942.7000264406204,-72.41590222796775,-72.41590222796775
942.7100264406204,-72.41165640283718,-72.41165640283718
942.7200264406205,-72.40742749508782,-72.40742749508782
942.7300264406205,-72.40321567560976,-72.40321567560976
942.7400264406205,-72.3990211118683,-72.3990211118683
942.7500264406204,-72.39484396801849,-72.39484396801849
942.7600264406204,-72.39068440507235,-72.39068440507235
942.7700264406204,-72.38654258093575,-72.38654258093575
942.7800264406204,-72.3824186505318,-72.3824186505318
942.7900264406204,-72.37831276587794,-72.37831276587794
942.8000264406204,-72.37422507613144,-72.37422507613144
942.8100264406204,-72.37015572766201,-72.37015572766201
942.8200264406204,-72.36610486410623,-72.36610486410623
942.8300264406204,-72.36207262639714,-72.36207262639714
942.8400264406205,-72.35805915281698,-72.35805915281698
942.8500264406205,-72.3540645790375,-72.3540645790375
942.8600264406205,-72.3500890381406,-72.3500890381406
942.8700264406204,-72.3461326606532,-72.3461326606532
942.8800264406204,-72.34219557457735,-72.34219557457735
942.8900264406204,-72.33827790542685,-72.33827790542685
942.9000264406204,-72.33437977621972,-72.33437977621972
942.9100264406204,-72.33050130753446,-72.33050130753446
942.9200264406204,-72.32664261750516,-72.32664261750516
942.9300264406204,-72.32280382186615,-72.32280382186615
942.9400264406204,-72.31898503396116,-72.31898503396116
942.9500264406204,-72.31518636475627,-72.31518636475627
942.9600264406204,-72.31140792286763,-72.31140792286763
942.9700264406205,-72.30764981456838,-72.30764981456838
942.9800264406205,-72.3039121438454,-72.3039121438454
942.9900264406205,-72.30019501236038,-72.30019501236038
943.0000264406204,-72.2964985195083,-72.2964985195083
943.0100264406204,-72.2928227624323,-72.2928227624323
943.0200264406204,-72.28916783602776,-72.28916783602776
943.0300264406204,-72.2855338329625,-72.2855338329625
943.0400264406204,-72.28192084371561,-72.28192084371561
943.0500264406204,-72.27832895657373,-72.27832895657373
943.0600264406204,-72.27475825766555,-72.27475825766555
943.0700264406204,-72.27120883095844,-72.27120883095844
943.0800264406204,-72.2676807583033,-72.2676807583033
943.0900264406205,-72.26417411944516,-72.26417411944516
943.1000264406205,-72.26068899205002,-72.26068899205002
943.1100264406205,-72.25722545169533,-72.25722545169533
943.1200264406204,-72.25378357192106,-72.25378357192106
943.1300264406204,-72.25036342423023,-72.25036342423023
943.1400264406204,-72.24696507813569,-72.24696507813569
943.1500264406204,-72.24358860114427,-72.24358860114427
943.1600264406204,-72.24023405880281,-72.24023405880281
943.1700264406204,-72.23690151470154,-72.23690151470154
943.1800264406204,-72.2335910305173,-72.2335910305173
943.1900264406204,-72.23030266600126,-72.23030266600126
943.2000264406204,-72.22703647903808,-72.22703647903808
943.2100264406204,-72.22379252563233,-72.22379252563233
943.2200264406205,-72.22057085995378,-72.22057085995378
943.2300264406205,-72.21737153433877,-72.21737153433877
943.2400264406205,-72.21419459932099,-72.21419459932099
943.2500264406204,-72.21104010365762,-72.21104010365762
943.2600264406204,-72.20790809434097,-72.20790809434097
943.2700264406204,-72.20479861661697,-72.20479861661697
943.2800264406204,-72.20171171401253,-72.20171171401253
943.2900264406204,-72.1986474283588,-72.1986474283588
943.3000264406204,-72.19560579979965,-72.19560579979965
943.3100264406204,-72.19258686683496,-72.19258686683496
943.3200264406204,-72.18959066630393,-72.18959066630393
943.3300264406204,-72.1866172334515,-72.1866172334515
943.3400264406205,-72.18366660190432,-72.18366660190432
943.3500264406205,-72.18073880373277,-72.18073880373277
943.3600264406205,-72.1778338694353,-72.1778338694353
943.3700264406204,-72.17495182798068,-72.17495182798068
943.3800264406204,-72.17209270682439,-72.17209270682439
943.3900264406204,-72.16925653191787,-72.16925653191787
943.4000264406204,-72.16644332773934,-72.16644332773934
943.4100264406204,-72.16365311731303,-72.16365311731303
943.4200264406204,-72.1608859222251,-72.1608859222251
943.4300264406204,-72.15814176264414,-72.15814176264414
943.4400264406204,-72.1554206573417,-72.1554206573417
943.4500264406204,-72.15272262370641,-72.15272262370641
943.4600264406204,-72.15004767778092,-72.15004767778092
943.4700264406205,-72.1473958342496,-72.1473958342496
943.4800264406205,-72.1447671065008,-72.1447671065008
943.4900264406205,-72.14216150659401,-72.14216150659401
943.5000264644623,-72.13957903917505,-72.13957903917505
943.5100264644623,-72.13701972613285,-72.13701972613285
943.5200264644623,-72.13448356950462,-72.13448356950462
943.5300264644623,-72.13197057635581,-72.13197057635581
943.5400264644622,-72.12948075251951,-72.12948075251951
943.5500264644622,-72.12701410264314,-72.12701410264314
943.5600264644622,-72.12457063019414,-72.12457063019414
943.5700264644623,-72.12215033747428,-72.12215033747428
943.5800264644623,-72.11975322566872,-72.11975322566872
943.5900264644623,-72.11737929481885,-72.11737929481885
943.6000264644623,-72.11502854386657,-72.11502854386657
943.6100264644623,-72.11270097066014,-72.11270097066014
943.6200264644623,-72.11039657198886,-72.11039657198886
943.6300264644623,-72.108115343573,-72.108115343573
943.6400264644623,-72.10585728009359,-72.10585728009359
943.6500264644623,-72.10362237521396,-72.10362237521396
943.6600264644622,-72.10141062158488,-72.10141062158488
943.6700264644622,-72.09922201087105,-72.09922201087105
943.6800264644622,-72.09705653375669,-72.09705653375669
943.6900264644623,-72.09491417995864,-72.09491417995864
943.7000264644623,-72.09279493827258,-72.09279493827258
943.7100264644623,-72.09069879653443,-72.09069879653443
943.7200264644623,-72.08862574169106,-72.08862574169106
943.7300264644623,-72.08657575976713,-72.08657575976713
943.7400264644623,-72.08454883591527,-72.08454883591527
943.7500264644623,-72.08250869532853,-72.08250869532853
943.7600264644623,-72.08045458682108,-72.08045458682108
943.7700264644623,-72.07838764528452,-72.07838764528452
943.7800264644623,-72.07630786788529,-72.07630786788529
943.7900264644622,-72.07421440934378,-72.07421440934378
943.8000264644622,-72.07210596250054,-72.07210596250054
943.8100264644622,-72.06998099848371,-72.06998099848371
943.8200264644623,-72.06783790921993,-72.06783790921993
943.8300264644623,-72.06567509204311,-72.06567509204311
943.8400264644623,-72.0634909995582,-72.0634909995582
943.8500264644623,-72.0612841683763,-72.0612841683763
943.8600264644623,-72.05905323452866,-72.05905323452866
943.8700264644623,-72.05679694058631,-72.05679694058631
943.8800264644623,-72.05451413757935,-72.05451413757935
943.8900264644623,-72.0522037836347,-72.0522037836347
943.9000264644623,-72.0498649407036,-72.0498649407036
943.9100264644622,-72.04749677018057,-72.04749677018057
943.9200264644622,-72.04509852792359,-72.04509852792359
943.9300264644622,-72.04266955904437,-72.04266955904437
943.9400264644623,-72.04020929266171,-72.04020929266171
943.9500264644623,-72.03771723682259,-72.03771723682259
943.9600264644623,-72.03519297351771,-72.03519297351771
943.9700264644623,-72.03263615401639,-72.03263615401639
943.9800264644623,-72.03004649441527,-72.03004649441527
943.9900264644623,-72.02742377146296,-72.02742377146296
944.0000264644623,-72.02476781860517,-72.02476781860517
944.0100264644623,-72.02207852231841,-72.02207852231841
944.0200264644623,-72.01935581864485,-72.01935581864485
944.0300264644623,-72.01659968996273,-72.01659968996273
944.0400264644622,-72.01381016196342,-72.01381016196342
944.0500264644622,-72.01098730079707,-72.01098730079707
944.0600264644622,-72.00813121044393,-72.00813121044393
944.0700264644623,-72.0052420301862,-72.0052420301862
944.0800264644623,-72.00231993229681,-72.00231993229681
944.0900264644623,-71.99936511982311,-71.99936511982311
944.1000264644623,-71.99637782453584,-71.99637782453584
944.1100264644623,-71.99335830497132,-71.99335830497132
944.1200264644623,-71.99030684462831,-71.99030684462831
944.1300264644623,-71.9872237502247,-71.9872237502247
944.1400264644623,-71.98410935009372,-71.98410935009372
944.1500264644623,-71.98096399264756,-71.98096399264756
944.1600264644622,-71.9777880449355,-71.9777880449355
944.1700264644622,-71.97458189128852,-71.97458189128852
944.1800264644622,-71.97134593203604,-71.97134593203604
944.1900264644623,-71.96808058229661,-71.96808058229661
944.2000264644623,-71.96478627082338,-71.96478627082338
944.2100264644623,-71.96145716770693,-71.96145716770693
944.2200264644623,-71.95809098575191,-71.95809098575191
944.2300264644623,-71.95468686171866,-71.95468686171866
944.2400264644623,-71.95124459760612,-71.95124459760612
944.2500264644623,-71.947764370048,-71.947764370048
944.2600264644623,-71.9442465786757,-71.9442465786757
944.2700264644623,-71.94069175667472,-71.94069175667472
944.2800264644623,-71.9371005166695,-71.9371005166695
944.2900264644622,-71.93347351787413,-71.93347351787413
944.3000264644622,-71.92981144609058,-71.92981144609058
944.3100264644622,-71.92611500157528,-71.92611500157528
944.3200264644623,-71.92238489164288,-71.92238489164288
944.3300264644623,-71.91862182625445,-71.91862182625445
944.3400264644623,-71.91482651534945,-71.91482651534945
944.3500264883041,-71.91099965821162,-71.91099965821162
944.3600264883041,-71.90714197892474,-71.90714197892474
944.3700264883041,-71.90325417154129,-71.90325417154129
944.3800264883041,-71.89933693590024,-71.89933693590024
944.3900264883041,-71.89539096856268,-71.89539096856268
944.4000264883041,-71.8914169627277,-71.8914169627277
944.4100264883041,-71.8874156081954,-71.8874156081954
944.4200264883042,-71.88338759133188,-71.88338759133188
944.4300264883042,-71.87933359505145,-71.87933359505145
944.4400264883042,-71.8752542987488,-71.8752542987488
944.4500264883042,-71.87115037825875,-71.87115037825875
944.4600264883042,-71.86702250578149,-71.86702250578149
944.4700264883041,-71.86287134979153,-71.86287134979153
944.4800264883041,-71.85869757495335,-71.85869757495335
944.4900264883041,-71.85450184202716,-71.85450184202716
944.5000264883041,-71.85028480773828,-71.85028480773828
944.5100264883041,-71.8460471246976,-71.8460471246976
944.5200264883041,-71.8417894412727,-71.8417894412727
944.5300264883041,-71.83751240147053,-71.83751240147053
944.5400264883042,-71.83321664483672,-71.83321664483672
944.5500264883042,-71.8289028063483,-71.8289028063483
944.5600264883042,-71.82457151628545,-71.82457151628545
944.5700264883042,-71.82022340014653,-71.82022340014653
944.5800264883042,-71.81585907853496,-71.81585907853496
944.5900264883041,-71.81147916706752,-71.81147916706752
944.6000264883041,-71.80708427627957,-71.80708427627957
944.6100264883041,-71.80267501152618,-71.80267501152618
944.6200264883041,-71.79825197292007,-71.79825197292007
944.6300264883041,-71.79381575524557,-71.79381575524557
944.6400264883041,-71.78936694787025,-71.78936694787025
944.6500264883041,-71.78490613470228,-71.78490613470228
944.6600264883041,-71.78043389411212,-71.78043389411212
944.6700264883042,-71.7759507988723,-71.7759507988723
944.6800264883042,-71.77145741611909,-71.77145741611909
944.6900264883042,-71.76695430729013,-71.76695430729013
944.7000264883042,-71.76244202809991,-71.76244202809991
944.7100264883042,-71.75791487547819,-71.75791487547819
944.7200264883041,-71.7533706621023,-71.7533706621023
944.7300264883041,-71.74880860492495,-71.74880860492495
944.7400264883041,-71.74422856943221,-71.74422856943221
944.7500264883041,-71.73963078053933,-71.73963078053933
944.7600264883041,-71.73501567193775,-71.73501567193775
944.7700264883041,-71.73038379750353,-71.73038379750353
944.7800264883041,-71.72573577796686,-71.72573577796686
944.7900264883042,-71.72107226867769,-71.72107226867769
944.8000264883042,-71.71639394033288,-71.71639394033288
944.8100264883042,-71.71170146738363,-71.71170146738363
944.8200264883042,-71.70699552129501,-71.70699552129501
944.8300264883042,-71.7022767666509,-71.7022767666509
944.8400264883041,-71.6975458590571,-71.6975458590571
944.8500264883041,-71.69280344410781,-71.69280344410781
944.8600264883041,-71.688050157005,-71.688050157005
944.8700264883041,-71.68328662253818,-71.68328662253818
944.8800264883041,-71.67851345526421,-71.67851345526421
944.8900264883041,-71.67373125982226,-71.67373125982226
944.9000264883041,-71.6689406312705,-71.6689406312705
944.9100264883041,-71.66414215543148,-71.66414215543148
944.9200264883042,-71.65933640923318,-71.65933640923318
944.9300264883042,-71.65452396104995,-71.65452396104995
944.9400264883042,-71.64970537094884,-71.64970537094884
944.9500264883042,-71.64488119096833,-71.64488119096833
944.9600264883042,-71.64005196536696,-71.64005196536696
944.9700264883041,-71.63521823079056,-71.63521823079056
944.9800264883041,-71.6303805164814,-71.6303805164814
944.9900264883041,-71.6255393444373,-71.6255393444373
945.0000264883041,-71.6206952295494,-71.6206952295494
945.0100264883041,-71.61584867971517,-71.61584867971517
945.0200264883041,-71.61100019597559,-71.61100019597559
945.0300264883041,-71.60615027259638,-71.60615027259638
945.0400264883042,-71.60129939717406,-71.60129939717406
945.0500264883042,-71.59644805070808,-71.59644805070808
945.0600264883042,-71.59159670767976,-71.59159670767976
945.0700264883042,-71.58674583611773,-71.58674583611773
945.0800264883042,-71.58189589767377,-71.58189589767377
945.0900264883041,-71.57704734768562,-71.57704734768562
945.1000264883041,-71.57220063521335,-71.57220063521335
945.1100264883041,-71.56735620312826,-71.56735620312826
945.1200264883041,-71.5625144881274,-71.5625144881274
945.1300264883041,-71.55767592082702,-71.55767592082702
945.1400264883041,-71.55284092576628,-71.55284092576628
945.1500264883041,-71.54800992150594,-71.54800992150594
945.1600264883041,-71.5431833206368,-71.5431833206368
945.1700264883042,-71.53836152985042,-71.53836152985042
945.1800264883042,-71.53354494997942,-71.53354494997942
945.1900264883042,-71.52873397604135,-71.52873397604135
945.200026512146,-71.523928985842,-71.523928985842
945.210026512146,-71.5191241541943,-71.5191241541943
945.220026512146,-71.51431712604611,-71.51431712604611
945.230026512146,-71.50950695784506,-71.50950695784506
945.240026512146,-71.50469335290742,-71.50469335290742
945.250026512146,-71.49987637326984,-71.49987637326984
945.2600265121459,-71.49505628948951,-71.49505628948951
945.270026512146,-71.49023349234724,-71.49023349234724
945.280026512146,-71.48540843966818,-71.48540843966818
945.290026512146,-71.48058162427301,-71.48058162427301
945.300026512146,-71.47575355473212,-71.47575355473212
945.310026512146,-71.47092474390544,-71.47092474390544
945.320026512146,-71.4660957022126,-71.4660957022126
945.330026512146,-71.46126693385663,-71.46126693385663
945.340026512146,-71.45643893473827,-71.45643893473827
945.350026512146,-71.45161219149124,-71.45161219149124
945.360026512146,-71.44678718112601,-71.44678718112601
945.370026512146,-71.44196437106677,-71.44196437106677
945.380026512146,-71.43714421936853,-71.43714421936853
945.390026512146,-71.43232717506712,-71.43232717506712
945.400026512146,-71.42751367854939,-71.42751367854939
945.410026512146,-71.42270416193388,-71.42270416193388
945.420026512146,-71.417899049432,-71.417899049432
945.430026512146,-71.4130987577064,-71.4130987577064
945.440026512146,-71.408303696176,-71.408303696176
945.450026512146,-71.40351426729453,-71.40351426729453
945.460026512146,-71.39873086680745,-71.39873086680745
945.470026512146,-71.39395388398798,-71.39395388398798
945.480026512146,-71.38918370179746,-71.38918370179746
945.490026512146,-71.38442069710459,-71.38442069710459
945.500026512146,-71.3796652408253,-71.3796652408253
945.5100265121459,-71.37491769807113,-71.37491769807113
945.520026512146,-71.37017842824784,-71.37017842824784
945.530026512146,-71.36544778520482,-71.36544778520482
945.540026512146,-71.36072611730735,-71.36072611730735
945.550026512146,-71.35601376753331,-71.35601376753331
945.560026512146,-71.35131107356943,-71.35131107356943
945.570026512146,-71.34661836787718,-71.34661836787718
945.580026512146,-71.3419359777638,-71.3419359777638
945.590026512146,-71.33726422544616,-71.33726422544616
945.600026512146,-71.33260342812608,-71.33260342812608
945.610026512146,-71.32795389803651,-71.32795389803651
945.620026512146,-71.32331594249239,-71.32331594249239
945.630026512146,-71.31868986396117,-71.31868986396117
945.640026512146,-71.31407596008695,-71.31407596008695
945.650026512146,-71.30947452377954,-71.30947452377954
945.660026512146,-71.30488584321098,-71.30488584321098
945.670026512146,-71.30031020191146,-71.30031020191146
945.680026512146,-71.29574787877691,-71.29574787877691
945.690026512146,-71.29119914813859,-71.29119914813859
945.700026512146,-71.28666427979262,-71.28666427979262
945.710026512146,-71.28214353904977,-71.28214353904977
945.720026512146,-71.27763718677868,-71.27763718677868
945.730026512146,-71.27314547945421,-71.27314547945421
945.740026512146,-71.26866866918856,-71.26866866918856
945.750026512146,-71.2642070037745,-71.2642070037745
945.7600265121459,-71.25976072673771,-71.25976072673771
945.770026512146,-71.25533007736458,-71.25533007736458
945.780026512146,-71.25091529076674,-71.25091529076674
945.790026512146,-71.2465165979064,-71.2465165979064
945.800026512146,-71.24213422562373,-71.24213422562373
945.810026512146,-71.23776839671174,-71.23776839671174
945.820026512146,-71.23341932993361,-71.23341932993361
945.830026512146,-71.22908724007723,-71.22908724007723
945.840026512146,-71.22477233799115,-71.22477233799115
945.850026512146,-71.22047483062448,-71.22047483062448
945.860026512146,-71.21619492108408,-71.21619492108408
945.870026512146,-71.21193280863389,-71.21193280863389
945.880026512146,-71.20768868878574,-71.20768868878574
945.890026512146,-71.20346275332261,-71.20346275332261
945.900026512146,-71.19925519033552,-71.19925519033552
945.910026512146,-71.19506618425623,-71.19506618425623
945.920026512146,-71.19089591592152,-71.19089591592152
945.930026512146,-71.1867445625948,-71.1867445625948
945.940026512146,-71.18261229800781,-71.18261229800781
945.950026512146,-71.17849929240845,-71.17849929240845
945.960026512146,-71.17440571261892,-71.17440571261892
945.970026512146,-71.17033172202991,-71.17033172202991
945.980026512146,-71.1662774806762,-71.1662774806762
945.990026512146,-71.16224314527409,-71.16224314527409
946.000026512146,-71.15822886925272,-71.15822886925272
946.0100265121459,-71.15423480278795,-71.15423480278795
946.020026512146,-71.15026109285866,-71.15026109285866
946.030026512146,-71.14630788328014,-71.14630788328014
946.040026512146,-71.14237531472791,-71.14237531472791
946.0500265359879,-71.1384635154826,-71.1384635154826
946.0600265359878,-71.13457263877197,-71.13457263877197
946.0700265359878,-71.13070280674707,-71.13070280674707
946.0800265359878,-71.12685414796849,-71.12685414796849
946.0900265359878,-71.12302678804998,-71.12302678804998
946.1000265359878,-71.11922084971165,-71.11922084971165
946.1100265359878,-71.11543645281203,-71.11543645281203
946.1200265359879,-71.11167371437561,-71.11167371437561
946.1300265359879,-71.1079327486548,-71.1079327486548
946.1400265359879,-71.10421366712794,-71.10421366712794
946.1500265359879,-71.1005165785771,-71.1005165785771
946.1600265359879,-71.09684158908257,-71.09684158908257
946.1700265359879,-71.09318880209611,-71.09318880209611
946.1800265359878,-71.0895583184504,-71.0895583184504
946.1900265359878,-71.08595023640612,-71.08595023640612
946.2000265359878,-71.08236465167728,-71.08236465167728
946.2100265359878,-71.07879546406356,-71.07879546406356
946.2200265359878,-71.07524005933256,-71.07524005933256
946.2300265359878,-71.07169721759392,-71.07169721759392
946.2400265359879,-71.06816636469597,-71.06816636469597
946.2500265359879,-71.06464728585999,-71.06464728585999
946.2600265359879,-71.06113997646688,-71.06113997646688
946.2700265359879,-71.05764455428562,-71.05764455428562
946.2800265359879,-71.0541612066812,-71.0541612066812
946.2900265359879,-71.05069015872648,-71.05069015872648
946.3000265359879,-71.04723165410064,-71.04723165410064
946.3100265359878,-71.04378594369955,-71.04378594369955
946.3200265359878,-71.04035327896842,-71.04035327896842
946.3300265359878,-71.03693390807761,-71.03693390807761
946.3400265359878,-71.03352807390118,-71.03352807390118
946.3500265359878,-71.03013601301538,-71.03013601301538
946.3600265359878,-71.02675795535515,-71.02675795535515
946.3700265359879,-71.02339412421044,-71.02339412421044
946.3800265359879,-71.02004473647064,-71.02004473647064
946.3900265359879,-71.0167100028895,-71.0167100028895
946.4000265359879,-71.0133901284964,-71.0133901284964
946.4100265359879,-71.01008531292038,-71.01008531292038
946.4200265359879,-71.00679575075637,-71.00679575075637
946.4300265359878,-71.00352163188052,-71.00352163188052
946.4400265359878,-71.0002631417431,-71.0002631417431
946.4500265359878,-70.99702046162125,-70.99702046162125
946.4600265359878,-70.99378758301306,-70.99378758301306
946.4700265359878,-70.99056197789265,-70.99056197789265
946.4800265359878,-70.98734250963557,-70.98734250963557
946.4900265359879,-70.98412868545302,-70.98412868545302
946.5000265359879,-70.98092037052487,-70.98092037052487
946.5100265359879,-70.97771763904834,-70.97771763904834
946.5200265359879,-70.97452068669858,-70.97452068669858
946.5300265359879,-70.97132977796961,-70.97132977796961
946.5400265359879,-70.968145214391,-70.968145214391
946.5500265359879,-70.96496731549472,-70.96496731549472
946.5600265359878,-70.96179640748217,-70.96179640748217
946.5700265359878,-70.95863281656219,-70.95863281656219
946.5800265359878,-70.95547686519467,-70.95547686519467
946.5900265359878,-70.95232887004877,-70.95232887004877
946.6000265359878,-70.94918914101963,-70.94918914101963
946.6100265359878,-70.94605798088492,-70.94605798088492
946.6200265359879,-70.94293568531083,-70.94293568531083
946.6300265359879,-70.9398225430693,-70.9398225430693
946.6400265359879,-70.93671883634629,-70.93671883634629
946.6500265359879,-70.93362484108602,-70.93362484108602
946.6600265359879,-70.93054082735696,-70.93054082735696
946.6700265359879,-70.92746705968605,-70.92746705968605
946.6800265359878,-70.92440379736968,-70.92440379736968
946.6900265359878,-70.92135129476664,-70.92135129476664
946.7000265359878,-70.91830980153556,-70.91830980153556
946.7100265359878,-70.91527338452335,-70.91527338452335
946.7200265359878,-70.91223958658598,-70.91223958658598
946.7300265359878,-70.90920733968936,-70.90920733968936
946.7400265359879,-70.90617621819575,-70.90617621819575
946.7500265359879,-70.90314615333087,-70.90314615333087
946.7600265359879,-70.90011728442721,-70.90011728442721
946.7700265359879,-70.89708987154746,-70.89708987154746
946.7800265359879,-70.89406424285339,-70.89406424285339
946.7900265359879,-70.8910407629224,-70.8910407629224
946.8000265359879,-70.88801981370487,-70.88801981370487
946.8100265359878,-70.88500178321632,-70.88500178321632
946.8200265359878,-70.88198705889494,-70.88198705889494
946.8300265359878,-70.8789760238407,-70.8789760238407
946.8400265359878,-70.87596905475803,-70.87596905475803
946.8500265359878,-70.87296652099995,-70.87296652099995
946.8600265359878,-70.86996878420017,-70.86996878420017
946.8700265359879,-70.86697619826164,-70.86697619826164
946.8800265359879,-70.86398910962662,-70.86398910962662
946.8900265359879,-70.86100785750999,-70.86100785750999
946.9000265598297,-70.85803276721181,-70.85803276721181
946.9100265598297,-70.85506417879219,-70.85506417879219
946.9200265598297,-70.85210240488459,-70.85210240488459
946.9300265598297,-70.84914775938718,-70.84914775938718
946.9400265598297,-70.84620055061252,-70.84620055061252
946.9500265598297,-70.84326108156588,-70.84326108156588
946.9600265598297,-70.84032347936105,-70.84032347936105
946.9700265598298,-70.83738534275273,-70.83738534275273
946.9800265598298,-70.83444565732526,-70.83444565732526
946.9900265598297,-70.831504049544,-70.831504049544
947.0000265598297,-70.82856050158084,-70.82856050158084
947.0100265598297,-70.82561520277693,-70.82561520277693
947.0200265598297,-70.82266846236564,-70.82266846236564
947.0300265598297,-70.8197206569558,-70.8197206569558
947.0400265598297,-70.81677219888523,-70.81677219888523
947.0500265598297,-70.81382351721784,-70.81382351721784
947.0600265598297,-70.81087504646533,-70.81087504646533
947.0700265598297,-70.80792721995675,-70.80792721995675
947.0800265598297,-70.80495104917472,-70.80495104917472
947.0900265598298,-70.80193024684186,-70.80193024684186
947.1000265598298,-70.79885584655672,-70.79885584655672
947.1100265598297,-70.7957224111322,-70.7957224111322
947.1200265598297,-70.79252634827287,-70.79252634827287
947.1300265598297,-70.78926514987411,-70.78926514987411
947.1400265598297,-70.7859370259382,-70.7859370259382
947.1500265598297,-70.78254071256661,-70.78254071256661
947.1600265598297,-70.77907535957416,-70.77907535957416
947.1700265598297,-70.77554045620936,-70.77554045620936
947.1800265598297,-70.77193577662752,-70.77193577662752
947.1900265598297,-70.76826133659898,-70.76826133659898
947.2000265598297,-70.76451735762755,-70.76451735762755
947.2100265598297,-70.7607042364174,-70.7607042364174
947.2200265598298,-70.75682251862146,-70.75682251862146
947.2300265598298,-70.75287287616337,-70.75287287616337
947.2400265598297,-70.74885608761925,-70.74885608761925
947.2500265598297,-70.74477302125437,-70.74477302125437
947.2600265598297,-70.7406246203657,-70.7406246203657
947.2700265598297,-70.73641189067558,-70.73641189067558
947.2800265598297,-70.73213588938943,-70.73213588938943
947.2900265598297,-70.72779771586572,-70.72779771586572
947.3000265598297,-70.72339850349876,-70.72339850349876
947.3100265598297,-70.71893941279679,-70.71893941279679
947.3200265598297,-70.71442162540271,-70.71442162540271
947.3300265598297,-70.70984633895254,-70.70984633895254
947.3400265598298,-70.7052147626592,-70.7052147626592
947.3500265598298,-70.70052811354095,-70.70052811354095
947.3600265598297,-70.69578761313984,-70.69578761313984
947.3700265598297,-70.69099448473257,-70.69099448473257
947.3800265598297,-70.6861499509438,-70.6861499509438
947.3900265598297,-70.6812552316659,-70.6812552316659
947.4000265598297,-70.6763115423246,-70.6763115423246
947.4100265598297,-70.67132009236093,-70.67132009236093
947.4200265598297,-70.66628208394063,-70.66628208394063
947.4300265598297,-70.6611987108655,-70.6611987108655
947.4400265598297,-70.65607115762731,-70.65607115762731
947.4500265598297,-70.65090059864136,-70.65090059864136
947.4600265598297,-70.64568204671215,-70.64568204671215
947.4700265598298,-70.6404139696249,-70.6404139696249
947.4800265598298,-70.63509621086057,-70.63509621086057
947.4900265598297,-70.6297292453167,-70.6297292453167
947.5000265598297,-70.6243138944471,-70.6243138944471
947.5100265598297,-70.61885117787538,-70.61885117787538
947.5200265598297,-70.61334222603871,-70.61334222603871
947.5300265598297,-70.60778822762208,-70.60778822762208
947.5400265598297,-70.60219039779986,-70.60219039779986
947.5500265598297,-70.59654995916507,-70.59654995916507
947.5600265598297,-70.59086813037982,-70.59086813037982
947.5700265598297,-70.58514611949978,-70.58514611949978
947.5800265598297,-70.57938512016777,-70.57938512016777
947.5900265598298,-70.57358630957717,-70.57358630957717
947.6000265598298,-70.567750847512,-70.567750847512
947.6100265598297,-70.56187987598702,-70.56187987598702
947.6200265598297,-70.55597451931419,-70.55597451931419
947.6300265598297,-70.55003588434408,-70.55003588434408
947.6400265598297,-70.54406506085239,-70.54406506085239
947.6500265598297,-70.53806312192496,-70.53806312192496
947.6600265598297,-70.53203112441793,-70.53203112441793
947.6700265598297,-70.5259701093447,-70.5259701093447
947.6800265598297,-70.51988110229576,-70.51988110229576
947.6900265598297,-70.51376511382001,-70.51376511382001
947.7000265598297,-70.50762313973765,-70.50762313973765
947.7100265598297,-70.50145616150131,-70.50145616150131
947.7200265598298,-70.49526514646737,-70.49526514646737
947.7300265598298,-70.48905104818675,-70.48905104818675
947.7400265598297,-70.48281480661912,-70.48281480661912
947.7500265836716,-70.47655733351769,-70.47655733351769
947.7600265836716,-70.47027957215047,-70.47027957215047
947.7700265836716,-70.46398240832706,-70.46398240832706
947.7800265836715,-70.45766672997044,-70.45766672997044
947.7900265836715,-70.45133341246722,-70.45133341246722
947.8000265836715,-70.44498331883293,-70.44498331883293
947.8100265836715,-70.43861729990668,-70.43861729990668
947.8200265836716,-70.43223619448591,-70.43223619448591
947.8300265836716,-70.42584082948962,-70.42584082948962
947.8400265836716,-70.41943202009249,-70.41943202009249
947.8500265836716,-70.41301056987858,-70.41301056987858
947.8600265836716,-70.40657727097724,-70.40657727097724
947.8700265836716,-70.40013290418435,-70.40013290418435
947.8800265836716,-70.39367823912292,-70.39367823912292
947.8900265836716,-70.38721403434062,-70.38721403434062
947.9000265836715,-70.38074103745744,-70.38074103745744
947.9100265836715,-70.37425998528289,-70.37425998528289
947.9200265836715,-70.36777160394169,-70.36777160394169
947.9300265836715,-70.3612766089817,-70.3612766089817
947.9400265836716,-70.35477570551745,-70.35477570551745
947.9500265836716,-70.34826958832448,-70.34826958832448
947.9600265836716,-70.34175894196731,-70.34175894196731
947.9700265836716,-70.33524444090628,-70.33524444090628
947.9800265836716,-70.32872674961979,-70.32872674961979
947.9900265836716,-70.32220652272034,-70.32220652272034
948.0000265836716,-70.31568440505548,-70.31568440505548
948.0100265836716,-70.30916103181679,-70.30916103181679
948.0200265836716,-70.30263702866829,-70.30263702866829
948.0300265836715,-70.29611301182692,-70.29611301182692
948.0400265836715,-70.28958958819867,-70.28958958819867
948.0500265836715,-70.28306735546587,-70.28306735546587
948.0600265836715,-70.27654690221024,-70.27654690221024
948.0700265836716,-70.27002880799166,-70.27002880799166
948.0800265836716,-70.26351364348609,-70.26351364348609
948.0900265836716,-70.25700197055673,-70.25700197055673
948.1000265836716,-70.25049434238052,-70.25049434238052
948.1100265836716,-70.2439913035369,-70.2439913035369
948.1200265836716,-70.23749339011415,-70.23749339011415
948.1300265836716,-70.23100112980836,-70.23100112980836
948.1400265836716,-70.22451504202806,-70.22451504202806
948.1500265836715,-70.21803563797673,-70.21803563797673
948.1600265836715,-70.21156342076877,-70.21156342076877
948.1700265836715,-70.2050988855142,-70.2050988855142
948.1800265836715,-70.19864251942158,-70.19864251942158
948.1900265836716,-70.1921948018899,-70.1921948018899
948.2000265836716,-70.18575620462256,-70.18575620462256
948.2100265836716,-70.17932719165765,-70.17932719165765
948.2200265836716,-70.17290821954802,-70.17290821954802
948.2300265836716,-70.16649973739061,-70.16649973739061
948.2400265836716,-70.16010218694056,-70.16010218694056
948.2500265836716,-70.15371600270669,-70.15371600270669
948.2600265836716,-70.14734161201073,-70.14734161201073
948.2700265836716,-70.14097943511923,-70.14097943511923
948.2800265836715,-70.1346298853033,-70.1346298853033
948.2900265836715,-70.1282933689327,-70.1282933689327
948.3000265836715,-70.12197028555552,-70.12197028555552
948.3100265836715,-70.11566102799553,-70.11566102799553
948.3200265836716,-70.10936598241962,-70.10936598241962
948.3300265836716,-70.10308552845052,-70.10308552845052
948.3400265836716,-70.09682003922035,-70.09682003922035
948.3500265836716,-70.09056988145842,-70.09056988145842
948.3600265836716,-70.08433541558327,-70.08433541558327
948.3700265836716,-70.07811699576807,-70.07811699576807
948.3800265836716,-70.07191497005279,-70.07191497005279
948.3900265836716,-70.0657296803707,-70.0657296803707
948.4000265836715,-70.05956146266406,-70.05956146266406
948.4100265836715,-70.05341064695602,-70.05341064695602
948.4200265836715,-70.04727755742097,-70.04727755742097
948.4300265836715,-70.04116251244781,-70.04116251244781
948.4400265836716,-70.03506582474499,-70.03506582474499
948.4500265836716,-70.02898780139715,-70.02898780139715
948.4600265836716,-70.02292874392296,-70.02292874392296
948.4700265836716,-70.01688894836626,-70.01688894836626
948.4800265836716,-70.01086870537279,-70.01086870537279
948.4900265836716,-70.00486830024103,-70.00486830024103
948.5000265836716,-69.99888801300321,-69.99888801300321
948.5100265836716,-69.99292811849945,-69.99292811849945
948.5200265836716,-69.98698888643192,-69.98698888643192
948.5300265836715,-69.98107058144302,-69.98107058144302
948.5400265836715,-69.97517346318432,-69.97517346318432
948.5500265836715,-69.96926693390122,-69.96926693390122
948.5600265836715,-69.9633430073768,-69.9633430073768
948.5700265836716,-69.9573983731785,-69.9573983731785
948.5800265836716,-69.95143037179764,-69.95143037179764
948.5900265836716,-69.94543647550715,-69.94543647550715
948.6000266075134,-69.93941431770538,-69.93941431770538
948.6100266075134,-69.93336182161663,-69.93336182161663
948.6200266075134,-69.92727714666249,-69.92727714666249
948.6300266075134,-69.92115874640169,-69.92115874640169
948.6400266075134,-69.9150053386971,-69.9150053386971
948.6500266075134,-69.90881588257261,-69.90881588257261
948.6600266075134,-69.90258955304984,-69.90258955304984
948.6700266075135,-69.89632571670484,-69.89632571670484
948.6800266075135,-69.89002390909818,-69.89002390909818
948.6900266075135,-69.8836838146481,-69.8836838146481
948.7000266075135,-69.87730524890348,-69.87730524890348
948.7100266075134,-69.87088814309367,-69.87088814309367
948.7200266075134,-69.86443253070195,-69.86443253070195
948.7300266075134,-69.85793853579396,-69.85793853579396
948.7400266075134,-69.85140636287363,-69.85140636287363
948.7500266075134,-69.84483628802654,-69.84483628802654
948.7600266075134,-69.83822865116196,-69.83822865116196
948.7700266075134,-69.83158384920907,-69.83158384920907
948.7800266075134,-69.8249023300811,-69.8249023300811
948.7900266075135,-69.81818458733916,-69.81818458733916
948.8000266075135,-69.81143115545116,-69.81143115545116
948.8100266075135,-69.80464260548969,-69.80464260548969
948.8200266075135,-69.79781954133867,-69.79781954133867
948.8300266075134,-69.79096259621565,-69.79096259621565
948.8400266075134,-69.78407242957178,-69.78407242957178
948.8500266075134,-69.77714972423327,-69.77714972423327
948.8600266075134,-69.77019518382494,-69.77019518382494
948.8700266075134,-69.76320953041665,-69.76320953041665
948.8800266075134,-69.75619350234325,-69.75619350234325
948.8900266075134,-69.74914785226348,-69.74914785226348
948.9000266075134,-69.74207334530882,-69.74207334530882
948.9100266075134,-69.73497075743008,-69.73497075743008
948.9200266075135,-69.72784087384133,-69.72784087384133
948.9300266075135,-69.72068448762448,-69.72068448762448
948.9400266075135,-69.71350239840558,-69.71350239840558
948.9500266075135,-69.70629541112932,-69.70629541112932
948.9600266075134,-69.69906433496496,-69.69906433496496
948.9700266075134,-69.69180998226803,-69.69180998226803
948.9800266075134,-69.68453316761993,-69.68453316761993
948.9900266075134,-69.67723470693733,-69.67723470693733
949.0000266075134,-69.66991541666764,-69.66991541666764
949.0100266075134,-69.66257611302755,-69.66257611302755
949.0200266075134,-69.6552176112926,-69.6552176112926
949.0300266075134,-69.64784072517645,-69.64784072517645
949.0400266075135,-69.64044626618555,-69.64044626618555
949.0500266075135,-69.63303504312847,-69.63303504312847
949.0600266075135,-69.62560786154077,-69.62560786154077
949.0700266075135,-69.61816552327784,-69.61816552327784
949.0800266075134,-69.6107088260302,-69.6107088260302
949.0900266075134,-69.60323856294029,-69.60323856294029
949.1000266075134,-69.59575552225168,-69.59575552225168
949.1100266075134,-69.58826048694341,-69.58826048694341
949.1200266075134,-69.58075423442558,-69.58075423442558
949.1300266075134,-69.5732375362775,-69.5732375362775
949.1400266075134,-69.56571115795647,-69.56571115795647
949.1500266075134,-69.55817585857196,-69.55817585857196
949.1600266075134,-69.55063239067773,-69.55063239067773
949.1700266075135,-69.54308150005753,-69.54308150005753
949.1800266075135,-69.53552392556854,-69.53552392556854
949.1900266075135,-69.527960398951,-69.527960398951
949.2000266075135,-69.52039164471118,-69.52039164471118
949.2100266075134,-69.51281837997175,-69.51281837997175
949.2200266075134,-69.50524131436248,-69.50524131436248
949.2300266075134,-69.49766114991637,-69.49766114991637
949.2400266075134,-69.49007858099313,-69.49007858099313
949.2500266075134,-69.48249429416288,-69.48249429416288
949.2600266075134,-69.47490896817237,-69.47490896817237
949.2700266075134,-69.46732327387787,-69.46732327387787
949.2800266075134,-69.45973787418983,-69.45973787418983
949.2900266075135,-69.45215342403519,-69.45215342403519
949.3000266075135,-69.44457057033819,-69.44457057033819
949.3100266075135,-69.43698995195773,-69.43698995195773
949.3200266075135,-69.4294121997233,-69.4294121997233
949.3300266075134,-69.42183793639387,-69.42183793639387
949.3400266075134,-69.41426777663834,-69.41426777663834
949.3500266075134,-69.40670232707257,-69.40670232707257
949.3600266075134,-69.39914218625397,-69.39914218625397
949.3700266075134,-69.39158794467207,-69.39158794467207
949.3800266075134,-69.38404018480163,-69.38404018480163
949.3900266075134,-69.3764994810985,-69.3764994810985
949.4000266075134,-69.36896640002415,-69.36896640002415
949.4100266075134,-69.36144150009571,-69.36144150009571
949.4200266075135,-69.35392533189125,-69.35392533189125
949.4300266075135,-69.34641843812037,-69.34641843812037
949.4400266075135,-69.33892135362433,-69.33892135362433
949.4500266313553,-69.33143458761741,-69.33143458761741
949.4600266313553,-69.32395266088218,-69.32395266088218
949.4700266313553,-69.31647343265665,-69.31647343265665
949.4800266313553,-69.30899613414664,-69.30899613414664
949.4900266313552,-69.30152062108164,-69.30152062108164
949.5000266313552,-69.29404709450054,-69.29404709450054
949.5100266313552,-69.28657595526575,-69.28657595526575
949.5200266313553,-69.2791077185018,-69.2791077185018
949.5300266313553,-69.27164296209327,-69.27164296209327
949.5400266313553,-69.26418229560954,-69.26418229560954
949.5500266313553,-69.25672634168065,-69.25672634168065
949.5600266313553,-69.24927572488869,-69.24927572488869
949.5700266313553,-69.24183106528285,-69.24183106528285
949.5800266313553,-69.23439297468985,-69.23439297468985
949.5900266313553,-69.22696205474888,-69.22696205474888
949.6000266313553,-69.21953889597509,-69.21953889597509
949.6100266313553,-69.21212407744258,-69.21212407744258
949.6200266313552,-69.20471816682335,-69.20471816682335
949.6300266313552,-69.19732172064356,-69.19732172064356
949.6400266313553,-69.18993528462518,-69.18993528462518
949.6500266313553,-69.18255939408292,-69.18255939408292
949.6600266313553,-69.17519457429687,-69.17519457429687
949.6700266313553,-69.1678413409021,-69.1678413409021
949.6800266313553,-69.16050020025429,-69.16050020025429
949.6900266313553,-69.15317164974758,-69.15317164974758
949.7000266313553,-69.14585617810025,-69.14585617810025
949.7100266313553,-69.13855426564143,-69.13855426564143
949.7200266313553,-69.13126638453872,-69.13126638453872
949.7300266313553,-69.1239929990256,-69.1239929990256
949.7400266313552,-69.11673456557551,-69.11673456557551
949.7500266313552,-69.10949153309744,-69.10949153309744
949.7600266313552,-69.10226434309536,-69.10226434309536
949.7700266313553,-69.09505342977745,-69.09505342977745
949.7800266313553,-69.08785922023515,-69.08785922023515
949.7900266313553,-69.0806821345217,-69.0806821345217
949.8000266313553,-69.07352258578388,-69.07352258578388
949.8100266313553,-69.06638098035944,-69.06638098035944
949.8200266313553,-69.05925771788037,-69.05925771788037
949.8300266313553,-69.05215319134808,-69.05215319134808
949.8400266313553,-69.04506778722714,-69.04506778722714
949.8500266313553,-69.03800188551266,-69.03800188551266
949.8600266313553,-69.03095585983553,-69.03095585983553
949.8700266313552,-69.02393007751282,-69.02393007751282
949.8800266313552,-69.01692489962456,-69.01692489962456
949.8900266313553,-69.00994068107543,-69.00994068107543
949.9000266313553,-69.0029777706952,-69.0029777706952
949.9100266313553,-68.99603651125416,-68.99603651125416
949.9200266313553,-68.98911723956904,-68.98911723956904
949.9300266313553,-68.98222028654237,-68.98222028654237
949.9400266313553,-68.9753459772343,-68.9753459772343
949.9500266313553,-68.96849463092832,-68.96849463092832
949.9600266313553,-68.96166656118142,-68.96166656118142
949.9700266313553,-68.95486207589684,-68.95486207589684
949.9800266313553,-68.94808147736698,-68.94808147736698
949.9900266313552,-68.94132506234716,-68.94132506234716
950.0000266313552,-68.93459312211664,-68.93459312211664
950.0100266313552,-68.92788594251466,-68.92788594251466
950.0200266313553,-68.92120380402991,-68.92120380402991
950.0300266313553,-68.9145469818422,-68.9145469818422
950.0400266313553,-68.90791574586801,-68.90791574586801
950.0500266313553,-68.90131036084325,-68.90131036084325
950.0600266313553,-68.89473108635754,-68.89473108635754
950.0700266313553,-68.88817817693707,-68.88817817693707
950.0800266313553,-68.88165188207472,-68.88165188207472
950.0900266313553,-68.87515244629932,-68.87515244629932
950.1000266313553,-68.86868010922849,-68.86868010922849
950.1100266313553,-68.86223510563482,-68.86223510563482
950.1200266313552,-68.85581766548745,-68.85581766548745
950.1300266313552,-68.84942801401907,-68.84942801401907
950.1400266313553,-68.8430663717597,-68.8430663717597
950.1500266313553,-68.83673295463906,-68.83673295463906
950.1600266313553,-68.83042797398332,-68.83042797398332
950.1700266313553,-68.82415163660256,-68.82415163660256
950.1800266313553,-68.81790414485035,-68.81790414485035
950.1900266313553,-68.811685696652,-68.811685696652
950.2000266313553,-68.80549648558448,-68.80549648558448
950.2100266313553,-68.79933670091481,-68.79933670091481
950.2200266313553,-68.79320652765526,-68.79320652765526
950.2300266313553,-68.78710614661306,-68.78710614661306
950.2400266313552,-68.7810357344569,-68.7810357344569
950.2500266313552,-68.77499546375233,-68.77499546375233
950.2600266313552,-68.76898550301776,-68.76898550301776
950.2700266313553,-68.76300601678084,-68.76300601678084
950.2800266313553,-68.75705716564164,-68.75705716564164
950.2900266313553,-68.7511391062791,-68.7511391062791
950.3000266551971,-68.74525197754294,-68.74525197754294
950.3100266551971,-68.73939595660572,-68.73939595660572
950.3200266551971,-68.73357117467737,-68.73357117467737
950.3300266551971,-68.72777777339188,-68.72777777339188
950.3400266551971,-68.72201589072935,-68.72201589072935
950.3500266551971,-68.71628566107243,-68.71628566107243
950.3600266551971,-68.71058721526471,-68.71058721526471
950.3700266551972,-68.70492068063089,-68.70492068063089
950.3800266551972,-68.69928618106142,-68.69928618106142
950.3900266551972,-68.69368383701851,-68.69368383701851
950.4000266551972,-68.6881137656169,-68.6881137656169
950.4100266551972,-68.68257608064546,-68.68257608064546
950.4200266551971,-68.67707089263456,-68.67707089263456
950.4300266551971,-68.67159830887618,-68.67159830887618
950.4400266551971,-68.66615843348882,-68.66615843348882
950.4500266551971,-68.66075136744874,-68.66075136744874
950.4600266551971,-68.65537720863679,-68.65537720863679
950.4700266551971,-68.65003605187412,-68.65003605187412
950.4800266551971,-68.6447279889989,-68.6447279889989
950.4900266551972,-68.63945310885737,-68.63945310885737
950.5000266551972,-68.63421149738448,-68.63421149738448
950.5100266551972,-68.6290032376269,-68.6290032376269
950.5200266551972,-68.6238284097809,-68.6238284097809
950.5300266551972,-68.61868709125478,-68.61868709125478
950.5400266551972,-68.61357935667142,-68.61357935667142
950.5500266551971,-68.60850527796069,-68.60850527796069
950.5600266551971,-68.6034649243458,-68.6034649243458
950.5700266551971,-68.59845836241828,-68.59845836241828
950.5800266551971,-68.59348565614143,-68.59348565614143
950.5900266551971,-68.5885468669311,-68.5885468669311
950.6000266551971,-68.58364205365086,-68.58364205365086
950.6100266551971,-68.57877127269317,-68.57877127269317
950.6200266551972,-68.57393457796863,-68.57393457796863
950.6300266551972,-68.56913202097627,-68.56913202097627
950.6400266551972,-68.5643636508261,-68.5643636508261
950.6500266551972,-68.55962951426925,-68.55962951426925
950.6600266551972,-68.5549296557416,-68.5549296557416
950.6700266551971,-68.55026411739685,-68.55026411739685
950.6800266551971,-68.54563293913642,-68.54563293913642
950.6900266551971,-68.54103615865388,-68.54103615865388
950.7000266551971,-68.53647381145362,-68.53647381145362
950.7100266551971,-68.53194593088578,-68.53194593088578
950.7200266551971,-68.5274525481855,-68.5274525481855
950.7300266551971,-68.52299369249766,-68.52299369249766
950.7400266551972,-68.51856939091401,-68.51856939091401
950.7500266551972,-68.51417966851885,-68.51417966851885
950.7600266551972,-68.50982454838297,-68.50982454838297
950.7700266551972,-68.50550405160882,-68.50550405160882
950.7800266551972,-68.50121819738553,-68.50121819738553
950.7900266551972,-68.49696700298243,-68.49696700298243
950.8000266551971,-68.49275048380888,-68.49275048380888
950.8100266551971,-68.48856865341531,-68.48856865341531
950.8200266551971,-68.48442152354006,-68.48442152354006
950.8300266551971,-68.48030910413543,-68.48030910413543
950.8400266551971,-68.47623140338555,-68.47623140338555
950.8500266551971,-68.47218842775,-68.47218842775
950.8600266551971,-68.46818018196169,-68.46818018196169
950.8700266551972,-68.46420666909458,-68.46420666909458
950.8800266551972,-68.46026789056117,-68.46026789056117
950.8900266551972,-68.4563638461353,-68.4563638461353
950.9000266551972,-68.4524945339978,-68.4524945339978
950.9100266551972,-68.44865995074845,-68.44865995074845
950.9200266551971,-68.44486009143462,-68.44486009143462
950.9300266551971,-68.44109494957617,-68.44109494957617
950.9400266551971,-68.4373645171848,-68.4373645171848
950.9500266551971,-68.43366878479627,-68.43366878479627
950.9600266551971,-68.43000178173942,-68.43000178173942
950.9700266551971,-68.42636089114063,-68.42636089114063
950.9800266551971,-68.4227448385389,-68.4227448385389
950.9900266551972,-68.419152971693,-68.419152971693
951.0000266551972,-68.41558498506298,-68.41558498506298
951.0100266551972,-68.41204077626381,-68.41204077626381
951.0200266551972,-68.40852036165033,-68.40852036165033
951.0300266551972,-68.40502382552171,-68.40502382552171
951.0400266551972,-68.40155128946924,-68.40155128946924
951.0500266551971,-68.3981028939745,-68.3981028939745
951.0600266551971,-68.39467878743257,-68.39467878743257
951.0700266551971,-68.3912791197244,-68.3912791197244
951.0800266551971,-68.38790403854468,-68.38790403854468
951.0900266551971,-68.38455368741532,-68.38455368741532
951.1000266551971,-68.38122820471436,-68.38122820471436
951.1100266551971,-68.37792772331731,-68.37792772331731
951.1200266551972,-68.37465237060884,-68.37465237060884
951.1300266551972,-68.37140226866732,-68.37140226866732
951.1400266551972,-68.36817753454899,-68.36817753454899
951.150026679039,-68.36497827300761,-68.36497827300761
951.160026679039,-68.36180460735339,-68.36180460735339
951.170026679039,-68.35865663388253,-68.35865663388253
951.180026679039,-68.35553445286544,-68.35553445286544
951.190026679039,-68.35243816108787,-68.35243816108787
951.200026679039,-68.34936785213273,-68.34936785213273
951.210026679039,-68.34632361655977,-68.34632361655977
951.220026679039,-68.34330554209372,-68.34330554209372
951.230026679039,-68.34031371381546,-68.34031371381546
951.240026679039,-68.33734821425641,-68.33734821425641
951.250026679039,-68.33440912354547,-68.33440912354547
951.260026679039,-68.33149651950856,-68.33149651950856
951.270026679039,-68.3286104777458,-68.3286104777458
951.280026679039,-68.32575107172097,-68.32575107172097
951.290026679039,-68.3229183728124,-68.3229183728124
951.300026679039,-68.32011245039581,-68.32011245039581
951.310026679039,-68.31733337186128,-68.31733337186128
951.320026679039,-68.3145812026649,-68.3145812026649
951.330026679039,-68.31185600639233,-68.31185600639233
951.340026679039,-68.30915784473777,-68.30915784473777
951.350026679039,-68.3064867775899,-68.3064867775899
951.360026679039,-68.30384286301282,-68.30384286301282
951.370026679039,-68.30122615728902,-68.30122615728902
951.380026679039,-68.29863671493432,-68.29863671493432
951.390026679039,-68.29607458871168,-68.29607458871168
951.400026679039,-68.2935398296592,-68.2935398296592
951.410026679039,-68.2910324870927,-68.2910324870927
951.420026679039,-68.28855260862439,-68.28855260862439
951.430026679039,-68.28610024017377,-68.28610024017377
951.440026679039,-68.28367542598208,-68.28367542598208
951.450026679039,-68.28127820862323,-68.28127820862323
951.460026679039,-68.27890862902295,-68.27890862902295
951.470026679039,-68.27656672645897,-68.27656672645897
951.480026679039,-68.27425253856957,-68.27425253856957
951.490026679039,-68.27196610139003,-68.27196610139003
951.500026679039,-68.26970744933364,-68.26970744933364
951.510026679039,-68.26747661521523,-68.26747661521523
951.520026679039,-68.26527363025924,-68.26527363025924
951.530026679039,-68.26309852412624,-68.26309852412624
951.540026679039,-68.26095132490622,-68.26095132490622
951.550026679039,-68.25883205912774,-68.25883205912774
951.560026679039,-68.25674075179077,-68.25674075179077
951.570026679039,-68.25467742635405,-68.25467742635405
951.580026679039,-68.25264210476834,-68.25264210476834
951.590026679039,-68.2506348074781,-68.2506348074781
951.600026679039,-68.24865555344276,-68.24865555344276
951.610026679039,-68.24670436012687,-68.24670436012687
951.620026679039,-68.24478124353837,-68.24478124353837
951.630026679039,-68.24288621822777,-68.24288621822777
951.640026679039,-68.2410192973103,-68.2410192973103
951.650026679039,-68.2391804924645,-68.2391804924645
951.660026679039,-68.23736981396594,-68.23736981396594
951.670026679039,-68.23558727068503,-68.23558727068503
951.680026679039,-68.23383287010432,-68.23383287010432
951.690026679039,-68.23210661833896,-68.23210661833896
951.700026679039,-68.23040852014825,-68.23040852014825
951.710026679039,-68.22873857895193,-68.22873857895193
951.720026679039,-68.22709679682116,-68.22709679682116
951.730026679039,-68.22548317453203,-68.22548317453203
951.740026679039,-68.2238977115558,-68.2238977115558
951.750026679039,-68.22234040607225,-68.22234040607225
951.760026679039,-68.2208112549925,-68.2208112549925
951.770026679039,-68.21931025397535,-68.21931025397535
951.780026679039,-68.21783739743093,-68.21783739743093
951.790026679039,-68.21639267856165,-68.21639267856165
951.800026679039,-68.21497608933575,-68.21497608933575
951.810026679039,-68.21358762053934,-68.21358762053934
951.820026679039,-68.21222726176796,-68.21222726176796
951.830026679039,-68.21089500145646,-68.21089500145646
951.840026679039,-68.20959082688165,-68.20959082688165
951.850026679039,-68.20831472418958,-68.20831472418958
951.860026679039,-68.20706667840847,-68.20706667840847
951.870026679039,-68.20584667344548,-68.20584667344548
951.880026679039,-68.2046546921265,-68.2046546921265
951.890026679039,-68.203490716196,-68.203490716196
951.900026679039,-68.2023547263367,-68.2023547263367
951.910026679039,-68.20124670217362,-68.20124670217362
951.920026679039,-68.20016662231731,-68.20016662231731
951.930026679039,-68.19911446434878,-68.19911446434878
951.940026679039,-68.19809020484438,-68.19809020484438
951.950026679039,-68.19709381939263,-68.19709381939263
951.960026679039,-68.1961193416127,-68.1961193416127
951.970026679039,-68.19516414718633,-68.19516414718633
951.980026679039,-68.19422694933485,-68.19422694933485
951.990026679039,-68.19330708117704,-68.19330708117704
952.0000267028809,-68.19240421918707,-68.19240421918707
952.0100267028809,-68.1915182489491,-68.1915182489491
952.0200267028808,-68.19064916818022,-68.19064916818022
952.0300267028808,-68.18979704491387,-68.18979704491387
952.0400267028808,-68.18896198486264,-68.18896198486264
952.0500267028808,-68.18814411311978,-68.18814411311978
952.0600267028808,-68.18734356325267,-68.18734356325267
952.0700267028809,-68.18656047089706,-68.18656047089706
952.0800267028809,-68.18579497013938,-68.18579497013938
952.0900267028809,-68.18504719147616,-68.18504719147616
952.1000267028809,-68.18431726088112,-68.18431726088112
952.1100267028809,-68.18360529941337,-68.18360529941337
952.1200267028809,-68.18291142322532,-68.18291142322532
952.1300267028809,-68.18223574371379,-68.18223574371379
952.1400267028808,-68.18157836779716,-68.18157836779716
952.1500267028808,-68.18093939824621,-68.18093939824621
952.1600267028808,-68.18031893398162,-68.18031893398162
952.1700267028808,-68.17971707040121,-68.17971707040121
952.1800267028808,-68.17913389963438,-68.17913389963438
952.1900267028809,-68.17856951083193,-68.17856951083193
952.2000267028809,-68.17802399037441,-68.17802399037441
952.2100267028809,-68.17749742205831,-68.17749742205831
952.2200267028809,-68.17698988729211,-68.17698988729211
952.2300267028809,-68.17650146522625,-68.17650146522625
952.2400267028809,-68.176032232886,-68.176032232886
952.2500267028809,-68.17558226528631,-68.17558226528631
952.2600267028809,-68.17515163552196,-68.17515163552196
952.2700267028808,-68.17474041484242,-68.17474041484242
952.2800267028808,-68.17434867273049,-68.17434867273049
952.2900267028808,-68.17397647693525,-68.17397647693525
952.3000267028808,-68.17362389355014,-68.17362389355014
952.3100267028808,-68.17329098704236,-68.17329098704236
952.3200267028809,-68.17297782026796,-68.17297782026796
952.3300267028809,-68.17268445454768,-68.17268445454768
952.3400267028809,-68.1724109496293,-68.1724109496293
952.3500267028809,-68.17215736377247,-68.17215736377247
952.3600267028809,-68.17192375373206,-68.17192375373206
952.3700267028809,-68.17171017476726,-68.17171017476726
952.3800267028809,-68.17151668067461,-68.17151668067461
952.3900267028808,-68.17134332379919,-68.17134332379919
952.4000267028808,-68.17119015503302,-68.17119015503302
952.4100267028808,-68.17105722383776,-68.17105722383776
952.4200267028808,-68.17094457824697,-68.17094457824697
952.4300267028808,-68.17085226486415,-68.17085226486415
952.4400267028809,-68.17078032889329,-68.17078032889329
952.4500267028809,-68.17072881412605,-68.17072881412605
952.4600267028809,-68.17069776295429,-68.17069776295429
952.4700267028809,-68.17068721638401,-68.17068721638401
952.4800267028809,-68.17069721403709,-68.17069721403709
952.4900267028809,-68.1707277941505,-68.1707277941505
952.5000267028809,-68.17077899359579,-68.17077899359579
952.5100267028809,-68.17085084787625,-68.17085084787625
952.5200267028808,-68.17094339114833,-68.17094339114833
952.5300267028808,-68.17105665620139,-68.17105665620139
952.5400267028808,-68.17119067450574,-68.17119067450574
952.5500267028808,-68.17134547617762,-68.17134547617762
952.5600267028808,-68.17152109001785,-68.17152109001785
952.5700267028809,-68.17171754350382,-68.17171754350382
952.5800267028809,-68.17193486281319,-68.17193486281319
952.5900267028809,-68.17217307281337,-68.17217307281337
952.6000267028809,-68.17243219707376,-68.17243219707376
952.6100267028809,-68.17271225789968,-68.17271225789968
952.6200267028809,-68.17301327631239,-68.17301327631239
952.6300267028809,-68.17333527207833,-68.17333527207833
952.6400267028808,-68.17367826369215,-68.17367826369215
952.6500267028808,-68.17404226842783,-68.17404226842783
952.6600267028808,-68.17442730230478,-68.17442730230478
952.6700267028808,-68.17483338014159,-68.17483338014159
952.6800267028808,-68.17526051553092,-68.17526051553092
952.6900267028809,-68.17570872087721,-68.17570872087721
952.7000267028809,-68.1761780073893,-68.1761780073893
952.7100267028809,-68.1766683850984,-68.1766683850984
952.7200267028809,-68.1771798628727,-68.1771798628727
952.7300267028809,-68.17771244841623,-68.17771244841623
952.7400267028809,-68.17826614830828,-68.17826614830828
952.7500267028809,-68.17884096798089,-68.17884096798089
952.7600267028809,-68.17943691175766,-68.17943691175766
952.7700267028808,-68.18005398285067,-68.18005398285067
952.7800267028808,-68.18069218337908,-68.18069218337908
952.7900267028808,-68.18135151439026,-68.18135151439026
952.8000267028808,-68.18203197583853,-68.18203197583853
952.8100267028808,-68.18273356664366,-68.18273356664366
952.8200267028809,-68.18345628467075,-68.18345628467075
952.8300267028809,-68.18420012676062,-68.18420012676062
952.8400267028809,-68.18496508872046,-68.18496508872046
952.8500267267227,-68.1857511672376,-68.1857511672376
952.8600267267227,-68.18655835244205,-68.18655835244205
952.8700267267227,-68.18738663896431,-68.18738663896431
952.8800267267227,-68.18823601868168,-68.18823601868168
952.8900267267227,-68.18910648249953,-68.18910648249953
952.9000267267227,-68.18999802038705,-68.18999802038705
952.9100267267227,-68.19091062137466,-68.19091062137466
952.9200267267228,-68.19184427357635,-68.19184427357635
952.9300267267228,-68.1927989642127,-68.1927989642127
952.9400267267227,-68.19377467959498,-68.19377467959498
952.9500267267227,-68.19477140516669,-68.19477140516669
952.9600267267227,-68.19578912549537,-68.19578912549537
952.9700267267227,-68.19682782428906,-68.19682782428906
952.9800267267227,-68.19788748442177,-68.19788748442177
952.9900267267227,-68.19896808793234,-68.19896808793234
953.0000267267227,-68.20006961604378,-68.20006961604378
953.0100267267227,-68.20119204916773,-68.20119204916773
953.0200267267227,-68.20233536692304,-68.20233536692304
953.0300267267227,-68.20349954816143,-68.20349954816143
953.0400267267228,-68.2046845709366,-68.2046845709366
953.0500267267228,-68.205890412569,-68.205890412569
953.0600267267228,-68.20711704961856,-68.20711704961856
953.0700267267227,-68.20836445791939,-68.20836445791939
953.0800267267227,-68.20963261257506,-68.20963261257506
953.0900267267227,-68.21092148797963,-68.21092148797963
953.1000267267227,-68.21223105782664,-68.21223105782664
953.1100267267227,-68.21356129512789,-68.21356129512789
953.1200267267227,-68.2149121722144,-68.2149121722144
953.1300267267227,-68.21628366074668,-68.21628366074668
953.1400267267227,-68.21767573174243,-68.21767573174243
953.1500267267227,-68.21908835555507,-68.21908835555507
953.1600267267227,-68.22052150192508,-68.22052150192508
953.1700267267228,-68.22197513995908,-68.22197513995908
953.1800267267228,-68.22344923816735,-68.22344923816735
953.1900267267227,-68.22494376443444,-68.22494376443444
953.2000267267227,-68.22645868607604,-68.22645868607604
953.2100267267227,-68.22799396982651,-68.22799396982651
953.2200267267227,-68.22954958183557,-68.22954958183557
953.2300267267227,-68.23112548770919,-68.23112548770919
953.2400267267227,-68.23272165249206,-68.23272165249206
953.2500267267227,-68.23433804069872,-68.23433804069872
953.2600267267227,-68.23597461631124,-68.23597461631124
953.2700267267227,-68.23763134278984,-68.23763134278984
953.2800267267227,-68.23930818308612,-68.23930818308612
953.2900267267228,-68.24100509965528,-68.24100509965528
953.3000267267228,-68.2427220544526,-68.2427220544526
953.3100267267228,-68.24445900896347,-68.24445900896347
953.3200267267227,-68.24621592419398,-68.24621592419398
953.3300267267227,-68.24799276068221,-68.24799276068221
953.3400267267227,-68.24978947851378,-68.24978947851378
953.3500267267227,-68.25160603733559,-68.25160603733559
953.3600267267227,-68.25344239634885,-68.25344239634885
953.3700267267227,-68.25529851433802,-68.25529851433802
953.3800267267227,-68.25717434965497,-68.25717434965497
953.3900267267227,-68.2590698602481,-68.2590698602481
953.4000267267227,-68.26098500365727,-68.26098500365727
953.4100267267227,-68.26291973703981,-68.26291973703981
953.4200267267228,-68.26487401714509,-68.26487401714509
953.4300267267228,-68.26684780037263,-68.26684780037263
953.4400267267227,-68.26884104273046,-68.26884104273046
953.4500267267227,-68.27085369986992,-68.27085369986992
953.4600267267227,-68.27285147034802,-68.27285147034802
953.4700267267227,-68.27481563601015,-68.27481563601015
953.4800267267227,-68.27673586612403,-68.27673586612403
953.4900267267227,-68.27860584771405,-68.27860584771405
953.5000267267227,-68.28042139053326,-68.28042139053326
953.5100267267227,-68.2821795531838,-68.2821795531838
953.5200267267227,-68.28387820775241,-68.28387820775241
953.5300267267227,-68.28551580522762,-68.28551580522762
953.5400267267228,-68.28709123739453,-68.28709123739453
953.5500267267228,-68.28860374746154,-68.28860374746154
953.5600267267228,-68.29005286684635,-68.29005286684635
953.5700267267227,-68.29143836734342,-68.29143836734342
953.5800267267227,-68.29276022299325,-68.29276022299325
953.5900267267227,-68.29401857878864,-68.29401857878864
953.6000267267227,-68.29521372443465,-68.29521372443465
953.6100267267227,-68.29634607216052,-68.29634607216052
953.6200267267227,-68.29741613779325,-68.29741613779325
953.6300267267227,-68.29842452460336,-68.29842452460336
953.6400267267227,-68.29937190943487,-68.29937190943487
953.6500267267227,-68.30025903082999,-68.30025903082999
953.6600267267227,-68.30108667880093,-68.30108667880093
953.6700267267228,-68.30185568608597,-68.30185568608597
953.6800267267228,-68.30256692062099,-68.30256692062099
953.6900267267227,-68.30322127903017,-68.30322127903017
953.7000267505646,-68.30381968251884,-68.30381968251884
953.7100267505646,-68.30436306617996,-68.30436306617996
953.7200267505646,-68.30485238396741,-68.30485238396741
953.7300267505645,-68.30528859888952,-68.30528859888952
953.7400267505645,-68.30567268157014,-68.30567268157014
953.7500267505645,-68.30600560761506,-68.30600560761506
953.7600267505645,-68.30628835535599,-68.30628835535599
953.7700267505646,-68.30652190387946,-68.30652190387946
953.7800267505646,-68.3067072313871,-68.3067072313871
953.7900267505646,-68.30684531369225,-68.30684531369225
953.8000267505646,-68.30693712303538,-68.30693712303538
953.8100267505646,-68.30698362697564,-68.30698362697564
953.8200267505646,-68.30698578751522,-68.30698578751522
953.8300267505646,-68.30694456027508,-68.30694456027508
953.8400267505646,-68.30686089386629,-68.30686089386629
953.8500267505646,-68.30673572930175,-68.30673572930175
953.8600267505645,-68.30656999951493,-68.30656999951493
953.8700267505645,-68.30636462894817,-68.30636462894817
953.8800267505645,-68.30612053322291,-68.30612053322291
953.8900267505646,-68.30583861884455,-68.30583861884455
953.9000267505646,-68.30551978297679,-68.30551978297679
953.9100267505646,-68.30516491322737,-68.30516491322737
953.9200267505646,-68.30477488751534,-68.30477488751534
953.9300267505646,-68.30435057394133,-68.30435057394133
953.9400267505646,-68.30389283068338,-68.30389283068338
953.9500267505646,-68.3034025059558,-68.3034025059558
953.9600267505646,-68.30288043793385,-68.30288043793385
953.9700267505646,-68.30232745474437,-68.30232745474437
953.9800267505645,-68.3017443744315,-68.3017443744315
953.9900267505645,-68.30113200500487,-68.30113200500487
954.0000267505645,-68.30049114440838,-68.30049114440838
954.0100267505645,-68.29982258057896,-68.29982258057896
954.0200267505646,-68.29912709147165,-68.29912709147165
954.0300267505646,-68.29840544512581,-68.29840544512581
954.0400267505646,-68.29765839966637,-68.29765839966637
954.0500267505646,-68.29688670343403,-68.29688670343403
954.0600267505646,-68.29609109498685,-68.29609109498685
954.0700267505646,-68.29527230321456,-68.29527230321456
954.0800267505646,-68.29443104739644,-68.29443104739644
954.0900267505646,-68.29356803726951,-68.29356803726951
954.1000267505646,-68.29268397312667,-68.29268397312667
954.1100267505645,-68.29177954588634,-68.29177954588634
954.1200267505645,-68.29085543718377,-68.29085543718377
954.1300267505645,-68.28991231945588,-68.28991231945588
954.1400267505646,-68.28895085602589,-68.28895085602589
954.1500267505646,-68.28797170120255,-68.28797170120255
954.1600267505646,-68.28697550037049,-68.28697550037049
954.1700267505646,-68.28596289006168,-68.28596289006168
954.1800267505646,-68.28493449806471,-68.28493449806471
954.1900267505646,-68.28389094351621,-68.28389094351621
954.2000267505646,-68.28283283698528,-68.28283283698528
954.2100267505646,-68.28176078056974,-68.28176078056974
954.2200267505646,-68.28067536798333,-68.28067536798333
954.2300267505645,-68.2795771846634,-68.2795771846634
954.2400267505645,-68.27846680783695,-68.27846680783695
954.2500267505645,-68.27734480663464,-68.27734480663464
954.2600267505645,-68.27621174216566,-68.27621174216566
954.2700267505646,-68.27506816761338,-68.27506816761338
954.2800267505646,-68.27391462834493,-68.27391462834493
954.2900267505646,-68.27275166196225,-68.27275166196225
954.3000267505646,-68.27157979841913,-68.27157979841913
954.3100267505646,-68.27039956010199,-68.27039956010199
954.3200267505646,-68.26921146190806,-68.26921146190806
954.3300267505646,-68.26801601134393,-68.26801601134393
954.3400267505646,-68.26681370861905,-68.26681370861905
954.3500267505646,-68.26560504670313,-68.26560504670313
954.3600267505645,-68.26439051143791,-68.26439051143791
954.3700267505645,-68.26317058160363,-68.26317058160363
954.3800267505645,-68.26194572901424,-68.26194572901424
954.3900267505646,-68.26071641859988,-68.26071641859988
954.4000267505646,-68.25948310846852,-68.25948310846852
954.4100267505646,-68.25824625001464,-68.25824625001464
954.4200267505646,-68.25700628797249,-68.25700628797249
954.4300267505646,-68.2557636605181,-68.2557636605181
954.4400267505646,-68.25451879933343,-68.25451879933343
954.4500267505646,-68.25327212969735,-68.25327212969735
954.4600267505646,-68.25202407053955,-68.25202407053955
954.4700267505646,-68.25077503454072,-68.25077503454072
954.4800267505645,-68.24952542819206,-68.24952542819206
954.4900267505645,-68.24827565187948,-68.24827565187948
954.5000267505645,-68.24702609995505,-68.24702609995505
954.5100267505645,-68.24577716080077,-68.24577716080077
954.5200267505646,-68.24452921690646,-68.24452921690646
954.5300267505646,-68.24328264496158,-68.24328264496158
954.5400267505646,-68.24203781588302,-68.24203781588302
954.5500267744064,-68.24079509195397,-68.24079509195397
954.5600267744064,-68.23955483874954,-68.23955483874954
954.5700267744064,-68.23831740739098,-68.23831740739098
954.5800267744064,-68.23708314651273,-68.23708314651273
954.5900267744064,-68.23585239932021,-68.23585239932021
954.6000267744064,-68.23462550369199,-68.23462550369199
954.6100267744064,-68.23340279222504,-68.23340279222504
954.6200267744065,-68.2321845923079,-68.2321845923079
954.6300267744065,-68.23097122619217,-68.23097122619217
954.6400267744065,-68.22976301103192,-68.22976301103192
954.6500267744065,-68.22856025895523,-68.22856025895523
954.6600267744064,-68.2273632771563,-68.2273632771563
954.6700267744064,-68.22617236790595,-68.22617236790595
954.6800267744064,-68.2249878286538,-68.2249878286538
954.6900267744064,-68.22380995207224,-68.22380995207224
954.7000267744064,-68.22263902609856,-68.22263902609856
954.7100267744064,-68.22147533403124,-68.22147533403124
954.7200267744064,-68.22031915454609,-68.22031915454609
954.7300267744064,-68.21917076179632,-68.21917076179632
954.7400267744065,-68.21803042543219,-68.21803042543219
954.7500267744065,-68.21689841067798,-68.21689841067798
954.7600267744065,-68.21577497838065,-68.21577497838065
954.7700267744065,-68.21466038505044,-68.21466038505044
954.7800267744065,-68.21355488295697,-68.21355488295697
954.7900267744064,-68.21245872013213,-68.21245872013213
954.8000267744064,-68.21137214045496,-68.21137214045496
954.8100267744064,-68.21029538368998,-68.21029538368998
954.8200267744064,-68.20922868555095,-68.20922868555095
954.8300267744064,-68.2081722777373,-68.2081722777373
954.8400267744064,-68.20712638799534,-68.20712638799534
954.8500267744064,-68.20609124016408,-68.20609124016408
954.8600267744064,-68.20506705421779,-68.20506705421779
954.8700267744065,-68.2040540463185,-68.2040540463185
954.8800267744065,-68.20305242888178,-68.20305242888178
954.8900267744065,-68.20206241060723,-68.20206241060723
954.9000267744065,-68.20108419651713,-68.20108419651713
954.9100267744064,-68.20011798801534,-68.20011798801534
954.9200267744064,-68.19916398293859,-68.19916398293859
954.9300267744064,-68.19822237558917,-68.19822237558917
954.9400267744064,-68.19729335678628,-68.19729335678628
954.9500267744064,-68.19637711390207,-68.19637711390207
954.9600267744064,-68.19547383092277,-68.19547383092277
954.9700267744064,-68.19458368848048,-68.19458368848048
954.9800267744064,-68.19370686388953,-68.19370686388953
954.9900267744065,-68.19284353118793,-68.19284353118793
955.0000267744065,-68.19199386121328,-68.19199386121328
955.0100267744065,-68.19115802160961,-68.19115802160961
955.0200267744065,-68.190336176854,-68.190336176854
955.0300267744065,-68.18952848833948,-68.18952848833948
955.0400267744064,-68.18873511438964,-68.18873511438964
955.0500267744064,-68.18795621030263,-68.18795621030263
955.0600267744064,-68.18719192839356,-68.18719192839356
955.0700267744064,-68.18644241801938,-68.18644241801938
955.0800267744064,-68.18570782563788,-68.18570782563788
955.0900267744064,-68.18498829483363,-68.18498829483363
955.1000267744064,-68.18428396634218,-68.18428396634218
955.1100267744064,-68.18359497810978,-68.18359497810978
955.1200267744065,-68.18292146531819,-68.18292146531819
955.1300267744065,-68.1822635604253,-68.1822635604253
955.1400267744065,-68.18162139318721,-68.18162139318721
955.1500267744065,-68.18099509071038,-68.18099509071038
955.1600267744064,-68.18038477747258,-68.18038477747258
955.1700267744064,-68.1797905753689,-68.1797905753689
955.1800267744064,-68.17921260373213,-68.17921260373213
955.1900267744064,-68.17865097937786,-68.17865097937786
955.2000267744064,-68.17810581662829,-68.17810581662829
955.2100267744064,-68.1775772273478,-68.1775772273478
955.2200267744064,-68.17706532097571,-68.17706532097571
955.2300267744064,-68.1765702045559,-68.1765702045559
955.2400267744065,-68.17609198277461,-68.17609198277461
955.2500267744065,-68.17563075798807,-68.17563075798807
955.2600267744065,-68.17518663025074,-68.17518663025074
955.2700267744065,-68.1747596973294,-68.1747596973294
955.2800267744065,-68.1743500547642,-68.1743500547642
955.2900267744064,-68.17395779588638,-68.17395779588638
955.3000267744064,-68.17358301183398,-68.17358301183398
955.3100267744064,-68.17322579159973,-68.17322579159973
955.3200267744064,-68.17288622203644,-68.17288622203644
955.3300267744064,-68.17256438791146,-68.17256438791146
955.3400267744064,-68.1722603719169,-68.1722603719169
955.3500267744064,-68.17197425469486,-68.17197425469486
955.3600267744064,-68.17170611487978,-68.17170611487978
955.3700267744065,-68.17145602910576,-68.17145602910576
955.3800267744065,-68.1712240720665,-68.1712240720665
955.3900267744065,-68.17101031648716,-68.17101031648716
955.4000267982483,-68.17081483273863,-68.17081483273863
955.4100267982483,-68.17063769074615,-68.17063769074615
955.4200267982483,-68.1704789570505,-68.1704789570505
955.4300267982483,-68.17033869690744,-68.17033869690744
955.4400267982483,-68.17021697373782,-68.17021697373782
955.4500267982482,-68.1701138491928,-68.1701138491928
955.4600267982482,-68.17002344337031,-68.17002344337031
955.4700267982483,-68.16994321176516,-68.16994321176516
955.4800267982483,-68.16987194448495,-68.16987194448495
955.4900267982483,-68.16980904962485,-68.16980904962485
955.5000267982483,-68.16975427933481,-68.16975427933481
955.5100267982483,-68.16970758730787,-68.16970758730787
955.5200267982483,-68.1696690451137,-68.1696690451137
955.5300267982483,-68.16963879191019,-68.16963879191019
955.5400267982483,-68.16961700415443,-68.16961700415443
955.5500267982483,-68.16960387740944,-68.16960387740944
955.5600267982483,-68.16959961551753,-68.16959961551753
955.5700267982483,-68.16960442422395,-68.16960442422395
955.5800267982482,-68.16961850753695,-68.16961850753695
955.5900267982483,-68.16964206573525,-68.16964206573525
955.6000267982483,-68.16967529439283,-68.16967529439283
955.6100267982483,-68.16971838398149,-68.16971838398149
955.6200267982483,-68.16977151984545,-68.16977151984545
955.6300267982483,-68.16983488234547,-68.16983488234547
955.6400267982483,-68.16990864711236,-68.16990864711236
955.6500267982483,-68.16999298535042,-68.16999298535042
955.6600267982483,-68.170088064138,-68.170088064138
955.6700267982483,-68.17019404670539,-68.17019404670539
955.6800267982483,-68.17031109270211,-68.17031109270211
955.6900267982483,-68.17043935845547,-68.17043935845547
955.7000267982482,-68.17057899715793,-68.17057899715793
955.7100267982482,-68.17073015907536,-68.17073015907536
955.7200267982483,-68.1708929916985,-68.1708929916985
955.7300267982483,-68.1710676398924,-68.1710676398924
955.7400267982483,-68.17125424598241,-68.17125424598241
955.7500267982483,-68.17145294989965,-68.17145294989965
955.7600267982483,-68.17166388925004,-68.17166388925004
955.7700267982483,-68.17188719937339,-68.17188719937339
955.7800267982483,-68.17212301342299,-68.17212301342299
955.7900267982483,-68.17237146242282,-68.17237146242282
955.8000267982483,-68.17263267530066,-68.17263267530066
955.8100267982483,-68.17290677891478,-68.17290677891478
955.8200267982483,-68.1731938981142,-68.1731938981142
955.8300267982482,-68.17349415575258,-68.17349415575258
955.8400267982483,-68.17380767269916,-68.17380767269916
955.8500267982483,-68.17413456788967,-68.17413456788967
955.8600267982483,-68.17447495830615,-68.17447495830615
955.8700267982483,-68.17482895903129,-68.17482895903129
955.8800267982483,-68.17519668321052,-68.17519668321052
955.8900267982483,-68.17557824210685,-68.17557824210685
955.9000267982483,-68.17597374511215,-68.17597374511215
955.9100267982483,-68.17638329973418,-68.17638329973418
955.9200267982483,-68.17680701159972,-68.17680701159972
955.9300267982483,-68.17724498449178,-68.17724498449178
955.9400267982483,-68.17769732034037,-68.17769732034037
955.9500267982482,-68.17816411923913,-68.17816411923913
955.9600267982482,-68.17864547942631,-68.17864547942631
955.9700267982483,-68.17914149733349,-68.17914149733349
955.9800267982483,-68.17965226756792,-68.17965226756792
955.9900267982483,-68.18017788291615,-68.18017788291615
956.0000267982483,-68.18071843436691,-68.18071843436691
956.0100267982483,-68.18127401112278,-68.18127401112278
956.0200267982483,-68.18184470058468,-68.18184470058468
956.0300267982483,-68.18243058838173,-68.18243058838173
956.0400267982483,-68.18303175837379,-68.18303175837379
956.0500267982483,-68.18364829266076,-68.18364829266076
956.0600267982483,-68.18428027159854,-68.18428027159854
956.0700267982483,-68.1849277737845,-68.1849277737845
956.0800267982482,-68.185590876106,-68.185590876106
956.0900267982483,-68.18626965371905,-68.18626965371905
956.1000267982483,-68.18696418007123,-68.18696418007123
956.1100267982483,-68.18767452691756,-68.18767452691756
956.1200267982483,-68.18840076432271,-68.18840076432271
956.1300267982483,-68.18914296068137,-68.18914296068137
956.1400267982483,-68.1899011827246,-68.1899011827246
956.1500267982483,-68.19067549552459,-68.19067549552459
956.1600267982483,-68.19146596252465,-68.19146596252465
956.1700267982483,-68.19227264553729,-68.19227264553729
956.1800267982483,-68.1930956047681,-68.1930956047681
956.1900267982483,-68.19393489882364,-68.19393489882364
956.2000267982482,-68.1947905847213,-68.1947905847213
956.2100267982482,-68.1956567758324,-68.1956567758324
956.2200267982483,-68.1965309221904,-68.1965309221904
956.2300267982483,-68.19741180880749,-68.19741180880749
956.2400267982483,-68.1982988388391,-68.1982988388391
956.2500268220901,-68.19919176171837,-68.19919176171837
956.2600268220901,-68.20009052216021,-68.20009052216021
956.2700268220901,-68.20099518925608,-68.20099518925608
956.2800268220901,-68.20190589772116,-68.20190589772116
956.2900268220901,-68.2028228197358,-68.2028228197358
956.3000268220901,-68.20374614675899,-68.20374614675899
956.3100268220901,-68.20467607870461,-68.20467607870461
956.3200268220902,-68.20561281757124,-68.20561281757124
956.3300268220902,-68.20655656378331,-68.20655656378331
956.3400268220902,-68.20750751419219,-68.20750751419219
956.3500268220902,-68.20846586110628,-68.20846586110628
956.3600268220902,-68.20943179188303,-68.20943179188303
956.3700268220902,-68.21040548888905,-68.21040548888905
956.3800268220901,-68.21138712964253,-68.21138712964253
956.3900268220901,-68.2123768870599,-68.2123768870599
956.4000268220901,-68.21337492974331,-68.21337492974331
956.4100268220901,-68.214381422277,-68.214381422277
956.4200268220901,-68.21539652550902,-68.21539652550902
956.4300268220901,-68.21642039680474,-68.21642039680474
956.4400268220902,-68.21745319028498,-68.21745319028498
956.4500268220902,-68.21849505705467,-68.21849505705467
956.4600268220902,-68.21954614534398,-68.21954614534398
956.4700268220902,-68.22060660069467,-68.22060660069467
956.4800268220902,-68.22167656609368,-68.22167656609368
956.4900268220902,-68.22275618206761,-68.22275618206761
956.5000268220901,-68.22384558680578,-68.22384558680578
956.5100268220901,-68.22494491622744,-68.22494491622744
956.5200268220901,-68.22605430407029,-68.22605430407029
956.5300268220901,-68.22717388191616,-68.22717388191616
956.5400268220901,-68.22830377927218,-68.22830377927218
956.5500268220901,-68.22944412360982,-68.22944412360982
956.5600268220901,-68.23059504038599,-68.23059504038599
956.5700268220902,-68.23175665307362,-68.23175665307362
956.5800268220902,-68.23292908321608,-68.23292908321608
956.5900268220902,-68.23411245040786,-68.23411245040786
956.6000268220902,-68.23530687234208,-68.23530687234208
956.6100268220902,-68.23651246480426,-68.23651246480426
956.6200268220902,-68.23772934170228,-68.23772934170228
956.6300268220901,-68.2389576150821,-68.2389576150821
956.6400268220901,-68.2401973951219,-68.2401973951219
956.6500268220901,-68.24144879015005,-68.24144879015005
956.6600268220901,-68.2427119066485,-68.2427119066485
956.6700268220901,-68.24398684927452,-68.24398684927452
956.6800268220901,-68.24527372085245,-68.24527372085245
956.6900268220902,-68.24657262239091,-68.24657262239091
956.7000268220902,-68.2478836530923,-68.2478836530923
956.7100268220902,-68.24920096405722,-68.24920096405722
956.7200268220902,-68.2505220455718,-68.2505220455718
956.7300268220902,-68.25184572355856,-68.25184572355856
956.7400268220902,-68.25317144214654,-68.25317144214654
956.7500268220901,-68.25449898948389,-68.25449898948389
956.7600268220901,-68.25582835518802,-68.25582835518802
956.7700268220901,-68.2571596466716,-68.2571596466716
956.7800268220901,-68.25849303880712,-68.25849303880712
956.7900268220901,-68.25982874366426,-68.25982874366426
956.8000268220901,-68.26116699233724,-68.26116699233724
956.8100268220901,-68.26250802408568,-68.26250802408568
956.8200268220902,-68.26385207995487,-68.26385207995487
956.8300268220902,-68.26519939914316,-68.26519939914316
956.8400268220902,-68.26655021697744,-68.26655021697744
956.8500268220902,-68.26790476393047,-68.26790476393047
956.8600268220902,-68.26926326522731,-68.26926326522731
956.8700268220902,-68.2706259407952,-68.2706259407952
956.8800268220901,-68.27199300539448,-68.27199300539448
956.8900268220901,-68.27336466887304,-68.27336466887304
956.9000268220901,-68.27474113644915,-68.27474113644915
956.9100268220901,-68.27612260898383,-68.27612260898383
956.9200268220901,-68.27750928328949,-68.27750928328949
956.9300268220901,-68.27890135235464,-68.27890135235464
956.9400268220902,-68.28029900560186,-68.28029900560186
956.9500268220902,-68.28170242909026,-68.28170242909026
956.9600268220902,-68.28311180568244,-68.28311180568244
956.9700268220902,-68.2845273152087,-68.2845273152087
956.9800268220902,-68.28594913460266,-68.28594913460266
956.9900268220902,-68.28737743799805,-68.28737743799805
957.0000268220901,-68.28881239684951,-68.28881239684951
957.0100268220901,-68.2902541800095,-68.2902541800095
957.0200268220901,-68.29170295378071,-68.29170295378071
957.0300268220901,-68.29315888199297,-68.29315888199297
957.0400268220901,-68.29462212605928,-68.29462212605928
957.0500268220901,-68.29609284499102,-68.29609284499102
957.0600268220901,-68.2975711954618,-68.2975711954618
957.0700268220902,-68.2990573318261,-68.2990573318261
957.0800268220902,-68.30055140614726,-68.30055140614726
957.0900268220902,-68.30205356820436,-68.30205356820436
957.100026845932,-68.30356396914416,-68.30356396914416
957.110026845932,-68.30508274710255,-68.30508274710255
957.120026845932,-68.30661004873423,-68.30661004873423
957.130026845932,-68.30814601492409,-68.30814601492409
957.140026845932,-68.30969078436394,-68.30969078436394
957.150026845932,-68.31124449356216,-68.31124449356216
957.160026845932,-68.31280727685558,-68.31280727685558
957.1700268459321,-68.31437926641186,-68.31437926641186
957.180026845932,-68.31596059226405,-68.31596059226405
957.190026845932,-68.3175212980269,-68.3175212980269
957.200026845932,-68.3190465414735,-68.3190465414735
957.210026845932,-68.32052134344052,-68.32052134344052
957.220026845932,-68.32193712821903,-68.32193712821903
957.230026845932,-68.32328860232468,-68.32328860232468
957.240026845932,-68.32457238233225,-68.32457238233225
957.250026845932,-68.325786299244,-68.325786299244
957.260026845932,-68.3269289816678,-68.3269289816678
957.270026845932,-68.32799959320437,-68.32799959320437
957.280026845932,-68.32899766463447,-68.32899766463447
957.2900268459321,-68.3299229857066,-68.3299229857066
957.300026845932,-68.33077553471507,-68.33077553471507
957.310026845932,-68.33155543200604,-68.33155543200604
957.320026845932,-68.33226290896336,-68.33226290896336
957.330026845932,-68.33289828685152,-68.33289828685152
957.340026845932,-68.33346196212614,-68.33346196212614
957.350026845932,-68.33395439590895,-68.33395439590895
957.360026845932,-68.33437610623521,-68.33437610623521
957.370026845932,-68.33472766208476,-68.33472766208476
957.380026845932,-68.33500967862558,-68.33500967862558
957.390026845932,-68.33522281328554,-68.33522281328554
957.400026845932,-68.33536776232282,-68.33536776232282
957.410026845932,-68.33544525784009,-68.33544525784009
957.4200268459321,-68.3354560650238,-68.3354560650238
957.430026845932,-68.33540097963787,-68.33540097963787
957.440026845932,-68.33528082561064,-68.33528082561064
957.450026845932,-68.33509645283108,-68.33509645283108
957.460026845932,-68.33484873500059,-68.33484873500059
957.470026845932,-68.33453856758977,-68.33453856758977
957.480026845932,-68.33416686593536,-68.33416686593536
957.490026845932,-68.3337345633627,-68.3337345633627
957.500026845932,-68.33324260942838,-68.33324260942838
957.510026845932,-68.33269196824725,-68.33269196824725
957.520026845932,-68.33208361685607,-68.33208361685607
957.530026845932,-68.33141854370665,-68.33141854370665
957.5400268459321,-68.33069774719796,-68.33069774719796
957.550026845932,-68.32992223430148,-68.32992223430148
957.560026845932,-68.32909301922862,-68.32909301922862
957.570026845932,-68.32821112220475,-68.32821112220475
957.580026845932,-68.32727756827946,-68.32727756827946
957.590026845932,-68.32629338621265,-68.32629338621265
957.600026845932,-68.32525960741025,-68.32525960741025
957.610026845932,-68.32417726493743,-68.32417726493743
957.620026845932,-68.32304739260617,-68.32304739260617
957.630026845932,-68.32187102405504,-68.32187102405504
957.640026845932,-68.32064919193766,-68.32064919193766
957.650026845932,-68.31938292713676,-68.31938292713676
957.660026845932,-68.31807325805308,-68.31807325805308
957.6700268459321,-68.31672120990588,-68.31672120990588
957.680026845932,-68.31532780409046,-68.31532780409046
957.690026845932,-68.31389405760324,-68.31389405760324
957.700026845932,-68.31242098244915,-68.31242098244915
957.710026845932,-68.31090958516091,-68.31090958516091
957.720026845932,-68.30936086628576,-68.30936086628576
957.730026845932,-68.30777581995683,-68.30777581995683
957.740026845932,-68.30615543346633,-68.30615543346633
957.750026845932,-68.30450068689031,-68.30450068689031
957.760026845932,-68.30281255272281,-68.30281255272281
957.770026845932,-68.30109199556416,-68.30109199556416
957.780026845932,-68.29933997179482,-68.29933997179482
957.7900268459321,-68.2975574293291,-68.2975574293291
957.800026845932,-68.29574530735336,-68.29574530735336
957.810026845932,-68.29390453608057,-68.29390453608057
957.820026845932,-68.29203603655125,-68.29203603655125
957.830026845932,-68.2901407204583,-68.2901407204583
957.840026845932,-68.28821948996256,-68.28821948996256
957.850026845932,-68.28627323753868,-68.28627323753868
957.860026845932,-68.28430284584502,-68.28430284584502
957.870026845932,-68.28230918760717,-68.28230918760717
957.880026845932,-68.28029312550868,-68.28029312550868
957.890026845932,-68.27825551210363,-68.27825551210363
957.900026845932,-68.27619718972568,-68.27619718972568
957.910026845932,-68.27411899044809,-68.27411899044809
957.9200268459321,-68.27202173601253,-68.27202173601253
957.930026845932,-68.26990623778885,-68.26990623778885
957.940026845932,-68.26777329674101,-68.26777329674101
957.9500268697739,-68.26562369829242,-68.26562369829242
957.9600268697739,-68.26345229242355,-68.26345229242355
957.9700268697738,-68.26125724932922,-68.26125724932922
957.9800268697738,-68.25903807220847,-68.25903807220847
957.9900268697738,-68.25679487383569,-68.25679487383569
958.0000268697738,-68.2545281021505,-68.2545281021505
958.0100268697738,-68.25223839761999,-68.25223839761999
958.0200268697739,-68.24992650951197,-68.24992650951197
958.0300268697739,-68.24759324563631,-68.24759324563631
958.0400268697739,-68.2452394420218,-68.2452394420218
958.0500268697739,-68.24286594481264,-68.24286594481264
958.0600268697739,-68.24047359945521,-68.24047359945521
958.0700268697739,-68.23806324439938,-68.23806324439938
958.0800268697739,-68.23563570749764,-68.23563570749764
958.0900268697739,-68.23319180406523,-68.23319180406523
958.1000268697738,-68.23073233599429,-68.23073233599429
958.1100268697738,-68.22825809140424,-68.22825809140424
958.1200268697738,-68.2257698446695,-68.2257698446695
958.1300268697738,-68.22326835665628,-68.22326835665628
958.1400268697739,-68.22075437502595,-68.22075437502595
958.1500268697739,-68.21822863461281,-68.21822863461281
958.1600268697739,-68.21569185778772,-68.21569185778772
958.1700268697739,-68.21314475482285,-68.21314475482285
958.1800268697739,-68.21058802422144,-68.21058802422144
958.1900268697739,-68.20802235306171,-68.20802235306171
958.2000268697739,-68.20544841724639,-68.20544841724639
958.2100268697739,-68.20286688180346,-68.20286688180346
958.2200268697738,-68.20027840110251,-68.20027840110251
958.2300268697738,-68.19768361907356,-68.19768361907356
958.2400268697738,-68.19508316942355,-68.19508316942355
958.2500268697738,-68.19247767580859,-68.19247767580859
958.2600268697738,-68.1898677519916,-68.1898677519916
958.2700268697739,-68.1872540020136,-68.1872540020136
958.2800268697739,-68.18463702034124,-68.18463702034124
958.2900268697739,-68.18201739198335,-68.18201739198335
958.3000268697739,-68.1793956926325,-68.1793956926325
958.3100268697739,-68.17677248878526,-68.17677248878526
958.3200268697739,-68.1741483378623,-68.1741483378623
958.3300268697739,-68.17152378831274,-68.17152378831274
958.3400268697739,-68.1688993797179,-68.1688993797179
958.3500268697738,-68.16627564291552,-68.16627564291552
958.3600268697738,-68.16365310007457,-68.16365310007457
958.3700268697738,-68.16103226481974,-68.16103226481974
958.3800268697738,-68.15841364229864,-68.15841364229864
958.3900268697739,-68.15579772931227,-68.15579772931227
958.4000268697739,-68.15318501439546,-68.15318501439546
958.4100268697739,-68.15057597789216,-68.15057597789216
958.4200268697739,-68.14797109207136,-68.14797109207136
958.4300268697739,-68.14537082121767,-68.14537082121767
958.4400268697739,-68.14277562170672,-68.14277562170672
958.4500268697739,-68.14018594209516,-68.14018594209516
958.4600268697739,-68.13760222322679,-68.13760222322679
958.4700268697738,-68.13502489832467,-68.13502489832467
958.4800268697738,-68.13245439304958,-68.13245439304958
958.4900268697738,-68.1298911256163,-68.1298911256163
958.5000268697738,-68.12733550687038,-68.12733550687038
958.5100268697738,-68.12478794038569,-68.12478794038569
958.5200268697739,-68.12224882252734,-68.12224882252734
958.5300268697739,-68.11971854257341,-68.11971854257341
958.5400268697739,-68.11719748276741,-68.11719748276741
958.5500268697739,-68.1146860184386,-68.1146860184386
958.5600268697739,-68.11218451804693,-68.11218451804693
958.5700268697739,-68.1096933432963,-68.1096933432963
958.5800268697739,-68.10721284922508,-68.10721284922508
958.5900268697739,-68.10474338427017,-68.10474338427017
958.6000268697738,-68.10228529036209,-68.10228529036209
958.6100268697738,-68.09983890300332,-68.09983890300332
958.6200268697738,-68.09740455136358,-68.09740455136358
958.6300268697738,-68.09498255834761,-68.09498255834761
958.6400268697739,-68.09257324068446,-68.09257324068446
958.6500268697739,-68.09017690899755,-68.09017690899755
958.6600268697739,-68.08779386791895,-68.08779386791895
958.6700268697739,-68.08542441613378,-68.08542441613378
958.6800268697739,-68.08306884646642,-68.08306884646642
958.6900268697739,-68.08072744598033,-68.08072744598033
958.7000268697739,-68.07840049604395,-68.07840049604395
958.7100268697739,-68.0760882724009,-68.0760882724009
958.7200268697738,-68.07379104526335,-68.07379104526335
958.7300268697738,-68.07150907937174,-68.07150907937174
958.7400268697738,-68.06924263408841,-68.06924263408841
958.7500268697738,-68.06699196346244,-68.06699196346244
958.7600268697738,-68.06475731630849,-68.06475731630849
958.7700268697739,-68.06253893627685,-68.06253893627685
958.7800268697739,-68.06033706193556,-68.06033706193556
958.7900268697739,-68.05815192683815,-68.05815192683815
958.8000268936157,-68.05598375442628,-68.05598375442628
958.8100268936157,-68.05383277880817,-68.05383277880817
958.8200268936157,-68.0516992137064,-68.0516992137064
958.8300268936157,-68.04958327333132,-68.04958327333132
958.8400268936157,-68.04748516722391,-68.04748516722391
958.8500268936157,-68.04540510033377,-68.04540510033377
958.8600268936157,-68.0433432730991,-68.0433432730991
958.8700268936158,-68.04129988148344,-68.04129988148344
958.8800268936158,-68.03927511706686,-68.03927511706686
958.8900268936158,-68.0372691671032,-68.0372691671032
958.9000268936157,-68.035282214574,-68.035282214574
958.9100268936157,-68.03331443827926,-68.03331443827926
958.9200268936157,-68.03136601288095,-68.03136601288095
958.9300268936157,-68.02943710895907,-68.02943710895907
958.9400268936157,-68.02752789309781,-68.02752789309781
958.9500268936157,-68.02563852792335,-68.02563852792335
958.9600268936157,-68.02376917217498,-68.02376917217498
958.9700268936157,-68.02191998077122,-68.02191998077122
958.9800268936157,-68.02009110484917,-68.02009110484917
958.9900268936158,-68.0182826918407,-68.0182826918407
959.0000268936158,-68.01649488552619,-68.01649488552619
959.0100268936158,-68.01472782608143,-68.01472782608143
959.0200268936157,-68.01298165013849,-68.01298165013849
959.0300268936157,-68.01125649084491,-68.01125649084491
959.0400268936157,-68.0095524779197,-68.0095524779197
959.0500268936157,-68.00786973770036,-68.00786973770036
959.0600268936157,-68.00620839319366,-68.00620839319366
959.0700268936157,-68.00456856413707,-68.00456856413707
959.0800268936157,-68.00295036704199,-68.00295036704199
959.0900268936157,-68.0013539152546,-68.0013539152546
959.1000268936157,-67.999779318987,-67.999779318987
959.1100268936157,-67.99822668540143,-67.99822668540143
959.1200268936158,-67.9966961186071,-67.9966961186071
959.1300268936158,-67.99518771976442,-67.99518771976442
959.1400268936158,-67.99370158709267,-67.99370158709267
959.1500268936157,-67.99223781592751,-67.99223781592751
959.1600268936157,-67.9907964987813,-67.9907964987813
959.1700268936157,-67.98937772536324,-67.98937772536324
959.1800268936157,-67.98798158264493,-67.98798158264493
959.1900268936157,-67.98660815490273,-67.98660815490273
959.2000268936157,-67.98525752374039,-67.98525752374039
959.2100268936157,-67.9839297681592,-67.9839297681592
959.2200268936157,-67.98262496458342,-67.98262496458342
959.2300268936157,-67.98134318690924,-67.98134318690924
959.2400268936158,-67.98008450653472,-67.98008450653472
959.2500268936158,-67.97884899243154,-67.97884899243154
959.2600268936158,-67.97763671113651,-67.97763671113651
959.2700268936157,-67.9764477268275,-67.9764477268275
959.2800268936157,-67.97528210134374,-67.97528210134374
959.2900268936157,-67.97413989424227,-67.97413989424227
959.3000268936157,-67.97302116282,-67.97302116282
959.3100268936157,-67.97192596214205,-67.97192596214205
959.3200268936157,-67.97085434511071,-67.97085434511071
959.3300268936157,-67.96980636247707,-67.96980636247707
959.3400268936157,-67.96878206286081,-67.96878206286081
959.3500268936157,-67.96778149282784,-67.96778149282784
959.3600268936157,-67.96680469689262,-67.96680469689262
959.3700268936158,-67.96585171756435,-67.96585171756435
959.3800268936158,-67.96492259537858,-67.96492259537858
959.3900268936158,-67.96401736890952,-67.96401736890952
959.4000268936157,-67.96313607484602,-67.96313607484602
959.4100268936157,-67.9622787479823,-67.9622787479823
959.4200268936157,-67.9614454212681,-67.9614454212681
959.4300268936157,-67.96063612583505,-67.96063612583505
959.4400268936157,-67.95985089103365,-67.95985089103365
959.4500268936157,-67.95908974445285,-67.95908974445285
959.4600268936157,-67.95835271195419,-67.95835271195419
959.4700268936157,-67.95763981769434,-67.95763981769434
959.4800268936157,-67.95695108418107,-67.95695108418107
959.4900268936158,-67.95628653225477,-67.95628653225477
959.5000268936158,-67.95564618115357,-67.95564618115357
959.5100268936158,-67.95503004853333,-67.95503004853333
959.5200268936157,-67.95443815047577,-67.95443815047577
959.5300268936157,-67.95387050153721,-67.95387050153721
959.5400268936157,-67.95332711476244,-67.95332711476244
959.5500268936157,-67.9528080017155,-67.9528080017155
959.5600268936157,-67.952313172502,-67.952313172502
959.5700268936157,-67.95184263578484,-67.95184263578484
959.5800268936157,-67.95139639883456,-67.95139639883456
959.5900268936157,-67.95097446753108,-67.95097446753108
959.6000268936157,-67.95057684638704,-67.95057684638704
959.6100268936157,-67.95020353858561,-67.95020353858561
959.6200268936158,-67.94985454598128,-67.94985454598128
959.6300268936158,-67.9495298691583,-67.9495298691583
959.6400268936158,-67.94922950740369,-67.94922950740369
959.6500269174576,-67.94895345813,-67.94895345813
959.6600269174576,-67.94870171953318,-67.94870171953318
959.6700269174576,-67.94847428650033,-67.94847428650033
959.6800269174576,-67.94827115346787,-67.94827115346787
959.6900269174575,-67.94809231370107,-67.94809231370107
959.7000269174575,-67.94793775933094,-67.94793775933094
959.7100269174575,-67.94780748135331,-67.94780748135331
959.7200269174576,-67.94770146965568,-67.94770146965568
959.7300269174576,-67.94761971306536,-67.94761971306536
959.7400269174576,-67.94756219930865,-67.94756219930865
959.7500269174576,-67.94752891507669,-67.94752891507669
959.7600269174576,-67.94751984603761,-67.94751984603761
959.7700269174576,-67.94753497683794,-67.94753497683794
959.7800269174576,-67.94757429112465,-67.94757429112465
959.7900269174576,-67.9476377715872,-67.9476377715872
959.8000269174576,-67.94772539994057,-67.94772539994057
959.8100269174575,-67.94783715695912,-67.94783715695912
959.8200269174575,-67.94797302249754,-67.94797302249754
959.8300269174575,-67.94813297548744,-67.94813297548744
959.8400269174576,-67.94831699397935,-67.94831699397935
959.8500269174576,-67.948525055152,-67.948525055152
959.8600269174576,-67.94875713530357,-67.94875713530357
959.8700269174576,-67.94901320989672,-67.94901320989672
959.8800269174576,-67.94929325355788,-67.94929325355788
959.8900269174576,-67.9495972401038,-67.9495972401038
959.9000269174576,-67.94992514254525,-67.94992514254525
959.9100269174576,-67.95027693310809,-67.95027693310809
959.9200269174576,-67.9506525832436,-67.9506525832436
959.9300269174576,-67.95105206364148,-67.95105206364148
959.9400269174575,-67.9514753442514,-67.9514753442514
959.9500269174575,-67.95192239429346,-67.95192239429346
959.9600269174575,-67.95239318226383,-67.95239318226383
959.9700269174576,-67.952887675953,-67.952887675953
959.9800269174576,-67.95340584246868,-67.95340584246868
959.9900269174576,-67.9539476482273,-67.9539476482273
960.0000269174576,-67.95451305898773,-67.95451305898773
960.0100269174576,-67.9551020398591,-67.9551020398591
960.0200269174576,-67.95571455529713,-67.95571455529713
960.0300269174576,-67.95635056912728,-67.95635056912728
960.0400269174576,-67.95701004456565,-67.95701004456565
960.0500269174576,-67.95769294422418,-67.95769294422418
960.0600269174575,-67.95839923010755,-67.95839923010755
960.0700269174575,-67.95912886364019,-67.95912886364019
960.0800269174575,-67.95988180568239,-67.95988180568239
960.0900269174576,-67.96065801652273,-67.96065801652273
960.1000269174576,-67.96145745591508,-67.96145745591508
960.1100269174576,-67.96228008305488,-67.96228008305488
960.1200269174576,-67.96312585661471,-67.96312585661471
960.1300269174576,-67.96399473474109,-67.96399473474109
960.1400269174576,-67.96488667508811,-67.96488667508811
960.1500269174576,-67.96580163479216,-67.96580163479216
960.1600269174576,-67.96673957051091,-67.96673957051091
960.1700269174576,-67.9677004384236,-67.9677004384236
960.1800269174576,-67.96868419422678,-67.96868419422678
960.1900269174575,-67.96969079316985,-67.96969079316985
960.2000269174575,-67.97072019004715,-67.97072019004715
960.2100269174575,-67.97177233919692,-67.97177233919692
960.2200269174576,-67.97284719453754,-67.97284719453754
960.2300269174576,-67.97394470956881,-67.97394470956881
960.2400269174576,-67.97506483735422,-67.97506483735422
960.2500269174576,-67.9762075305608,-67.9762075305608
960.2600269174576,-67.97737274146454,-67.97737274146454
960.2700269174576,-67.97856042193087,-67.97856042193087
960.2800269174576,-67.97977052346425,-67.97977052346425
960.2900269174576,-67.98100299716808,-67.98100299716808
960.3000269174576,-67.98225779380529,-67.98225779380529
960.3100269174575,-67.98353486376448,-67.98353486376448
960.3200269174575,-67.98483415709448,-67.98483415709448
960.3300269174575,-67.98615562348276,-67.98615562348276
960.3400269174576,-67.98749921228963,-67.98749921228963
960.3500269174576,-67.98886487255942,-67.98886487255942
960.3600269174576,-67.9902525529996,-67.9902525529996
960.3700269174576,-67.99166220199575,-67.99166220199575
960.3800269174576,-67.99309376764744,-67.99309376764744
960.3900269174576,-67.99454719773505,-67.99454719773505
960.4000269174576,-67.99602243975568,-67.99602243975568
960.4100269174576,-67.99751944091182,-67.99751944091182
960.4200269174576,-67.99903814813976,-67.99903814813976
960.4300269174576,-68.00057850808462,-68.00057850808462
960.4400269174575,-68.00214046712435,-68.00214046712435
960.4500269174575,-68.00372397139142,-68.00372397139142
960.4600269174575,-68.00532896675186,-68.00532896675186
960.4700269174576,-68.00695539882173,-68.00695539882173
960.4800269174576,-68.00860321298266,-68.00860321298266
960.4900269174576,-68.01027235436422,-68.01027235436422
960.5000269412994,-68.01196277190938,-68.01196277190938
960.5100269412994,-68.01367440231104,-68.01367440231104
960.5200269412994,-68.01540719398083,-68.01540719398083
960.5300269412994,-68.01716109117163,-68.01716109117163
960.5400269412994,-68.01893603792726,-68.01893603792726
960.5500269412994,-68.02073197808004,-68.02073197808004
960.5600269412994,-68.0225488552694,-68.0225488552694
960.5700269412995,-68.02438661293922,-68.02438661293922
960.5800269412995,-68.0262451943623,-68.0262451943623
960.5900269412995,-68.02812454260157,-68.02812454260157
960.6000269412995,-68.03002460056098,-68.03002460056098
960.6100269412995,-68.03194531096779,-68.03194531096779
960.6200269412994,-68.0338866163815,-68.0338866163815
960.6300269412994,-68.03584845919548,-68.03584845919548
960.6400269412994,-68.03783078165337,-68.03783078165337
960.6500269412994,-68.03983352583579,-68.03983352583579
960.6600269412994,-68.04185663368827,-68.04185663368827
960.6700269412994,-68.04390004699407,-68.04390004699407
960.6800269412994,-68.04596370741467,-68.04596370741467
960.6900269412995,-68.04804755645543,-68.04804755645543
960.7000269412995,-68.05015153552783,-68.05015153552783
960.7100269412995,-68.05227558587308,-68.05227558587308
960.7200269412995,-68.05441964864039,-68.05441964864039
960.7300269412995,-68.05658366484455,-68.05658366484455
960.7400269412994,-68.05876757539662,-68.05876757539662
960.7500269412994,-68.06097132109575,-68.06097132109575
960.7600269412994,-68.06319484262434,-68.06319484262434
960.7700269412994,-68.06543808057934,-68.06543808057934
960.7800269412994,-68.06770097544631,-68.06770097544631
960.7900269412994,-68.06998346761692,-68.06998346761692
960.8000269412994,-68.07228549740094,-68.07228549740094
960.8100269412994,-68.07460700502267,-68.07460700502267
960.8200269412995,-68.07694793060222,-68.07694793060222
960.8300269412995,-68.07930821420238,-68.07930821420238
960.8400269412995,-68.08168779580417,-68.08168779580417
960.8500269412995,-68.08408661530805,-68.08408661530805
960.8600269412995,-68.08650461254814,-68.08650461254814
960.8700269412994,-68.08894172730349,-68.08894172730349
960.8800269412994,-68.0913978992705,-68.0913978992705
960.8900269412994,-68.09387306810603,-68.09387306810603
960.9000269412994,-68.09636717339122,-68.09636717339122
960.9100269412994,-68.09888015467234,-68.09888015467234
960.9200269412994,-68.10141195142769,-68.10141195142769
960.9300269412994,-68.10396250310865,-68.10396250310865
960.9400269412995,-68.10653174910247,-68.10653174910247
960.9500269412995,-68.10911962877957,-68.10911962877957
960.9600269412995,-68.11172014753252,-68.11172014753252
960.9700269412995,-68.11433064987821,-68.11433064987821
960.9800269412995,-68.11694981582737,-68.11694981582737
960.9900269412994,-68.11957694386427,-68.11957694386427
961.0000269412994,-68.12221167713912,-68.12221167713912
961.0100269412994,-68.12485386108712,-68.12485386108712
961.0200269412994,-68.12750345991081,-68.12750345991081
961.0300269412994,-68.1301605063718,-68.1301605063718
961.0400269412994,-68.13282507157483,-68.13282507157483
961.0500269412994,-68.13549724683654,-68.13549724683654
961.0600269412994,-68.13817713292157,-68.13817713292157
961.0700269412995,-68.14086483366665,-68.14086483366665
961.0800269412995,-68.14356045239789,-68.14356045239789
961.0900269412995,-68.14626408993733,-68.14626408993733
961.1000269412995,-68.14897584364908,-68.14897584364908
961.1100269412995,-68.15169580705077,-68.15169580705077
961.1200269412994,-68.15442406977932,-68.15442406977932
961.1300269412994,-68.15716071775884,-68.15716071775884
961.1400269412994,-68.15990583343253,-68.15990583343253
961.1500269412994,-68.16265949607067,-68.16265949607067
961.1600269412994,-68.16542178206363,-68.16542178206363
961.1700269412994,-68.16819276519419,-68.16819276519419
961.1800269412994,-68.1709725169119,-68.1709725169119
961.1900269412995,-68.17376110655096,-68.17376110655096
961.2000269412995,-68.17655860155598,-68.17655860155598
961.2100269412995,-68.17936506763327,-68.17936506763327
961.2200269412995,-68.18218056893467,-68.18218056893467
961.2300269412995,-68.18500516814794,-68.18500516814794
961.2400269412994,-68.18783892663367,-68.18783892663367
961.2500269412994,-68.19068190451554,-68.19068190451554
961.2600269412994,-68.19353416075255,-68.19353416075255
961.2700269412994,-68.19639575319586,-68.19639575319586
961.2800269412994,-68.19926673865675,-68.19926673865675
961.2900269412994,-68.20214717292849,-68.20214717292849
961.3000269412994,-68.20503711083842,-68.20503711083842
961.3100269412994,-68.20793660626003,-68.20793660626003
961.3200269412995,-68.21084571214298,-68.21084571214298
961.3300269412995,-68.21376448053866,-68.21376448053866
961.3400269412995,-68.2166929625902,-68.2166929625902
961.3500269651413,-68.2196312155628,-68.2196312155628
961.3600269651413,-68.22257927487634,-68.22257927487634
961.3700269651413,-68.2255371959921,-68.2255371959921
961.3800269651413,-68.22850502654728,-68.22850502654728
961.3900269651413,-68.23148281330812,-68.23148281330812
961.4000269651413,-68.23447060216623,-68.23447060216623
961.4100269651412,-68.23746843813635,-68.23746843813635
961.4200269651413,-68.2404763653506,-68.2404763653506
961.4300269651413,-68.24349442708626,-68.24349442708626
961.4400269651413,-68.24652266572721,-68.24652266572721
961.4500269651413,-68.24956112277752,-68.24956112277752
961.4600269651413,-68.25260983886128,-68.25260983886128
961.4700269651413,-68.25566885370843,-68.25566885370843
961.4800269651413,-68.25873820616968,-68.25873820616968
961.4900269651413,-68.26181793419919,-68.26181793419919
961.5000269651413,-68.26490807485938,-68.26490807485938
961.5100269651413,-68.26800866431944,-68.26800866431944
961.5200269651413,-68.27111973785333,-68.27111973785333
961.5300269651412,-68.2742413298332,-68.2742413298332
961.5400269651414,-68.2773734737476,-68.2773734737476
961.5500269651413,-68.28051620217626,-68.28051620217626
961.5600269651413,-68.28366954680581,-68.28366954680581
961.5700269651413,-68.28683353842221,-68.28683353842221
961.5800269651413,-68.29000820691317,-68.29000820691317
961.5900269651413,-68.29319358128569,-68.29319358128569
961.6000269651413,-68.29638968964385,-68.29638968964385
961.6100269651413,-68.29959655919767,-68.29959655919767
961.6200269651413,-68.30281421627028,-68.30281421627028
961.6300269651413,-68.30604268630722,-68.30604268630722
961.6400269651413,-68.3092819938647,-68.3092819938647
961.6500269651413,-68.31253216261486,-68.31253216261486
961.6600269651412,-68.31579321536195,-68.31579321536195
961.6700269651413,-68.3190651740351,-68.3190651740351
961.6800269651413,-68.32234805970484,-68.32234805970484
961.6900269651413,-68.32564189255854,-68.32564189255854
961.7000269651413,-68.32894669194712,-68.32894669194712
961.7100269651413,-68.33226247635652,-68.33226247635652
961.7200269651413,-68.33558926343288,-68.33558926343288
961.7300269651413,-68.33892706997587,-68.33892706997587
961.7400269651413,-68.34227591195585,-68.34227591195585
961.7500269651413,-68.34563580449718,-68.34563580449718
961.7600269651413,-68.34900676192396,-68.34900676192396
961.7700269651413,-68.35238879773239,-68.35238879773239
961.7800269651412,-68.35578192459938,-68.35578192459938
961.7900269651414,-68.35918615441402,-68.35918615441402
961.8000269651413,-68.362601498274,-68.362601498274
961.8100269651413,-68.3660279664654,-68.3660279664654
961.8200269651413,-68.36946556851257,-68.36946556851257
961.8300269651413,-68.3729143131598,-68.3729143131598
961.8400269651413,-68.37637420838269,-68.37637420838269
961.8500269651413,-68.37984526140079,-68.37984526140079
961.8600269651413,-68.38332747867987,-68.38332747867987
961.8700269651413,-68.38682086594987,-68.38682086594987
961.8800269651413,-68.39032542820104,-68.39032542820104
961.8900269651413,-68.39384116969357,-68.39384116969357
961.9000269651413,-68.39736809396956,-68.39736809396956
961.9100269651412,-68.40090620386397,-68.40090620386397
961.9200269651413,-68.4044555014994,-68.4044555014994
961.9300269651413,-68.40801598832489,-68.40801598832489
961.9400269651413,-68.4115876650866,-68.4115876650866
961.9500269651413,-68.41517053185547,-68.41517053185547
961.9600269651413,-68.4187536829779,-68.4187536829779
961.9700269651413,-68.42232499562819,-68.42232499562819
961.9800269651413,-68.42587487826833,-68.42587487826833
961.9900269651413,-68.42939638802778,-68.42939638802778
962.0000269651413,-68.43288454351443,-68.43288454351443
962.0100269651413,-68.43633569936317,-68.43633569936317
962.0200269651413,-68.43974711276415,-68.43974711276415
962.0300269651412,-68.44311666392646,-68.44311666392646
962.0400269651414,-68.44644267828981,-68.44644267828981
962.0500269651413,-68.44972381218219,-68.44972381218219
962.0600269651413,-68.45295897761488,-68.45295897761488
962.0700269651413,-68.4561472912827,-68.4561472912827
962.0800269651413,-68.4592880386866,-68.4592880386866
962.0900269651413,-68.46238064792911,-68.46238064792911
962.1000269651413,-68.4654246698623,-68.4654246698623
962.1100269651413,-68.46841976242331,-68.46841976242331
962.1200269651413,-68.47136567796647,-68.47136567796647
962.1300269651413,-68.47426225266697,-68.47426225266697
962.1400269651413,-68.47710939758372,-68.47710939758372
962.1500269651413,-68.47990709086727,-68.47990709086727
962.1600269651412,-68.48265537102408,-68.48265537102408
962.1700269651413,-68.48535433093261,-68.48535433093261
962.1800269651413,-68.488004112594,-68.488004112594
962.1900269651413,-68.49060490240012,-68.49060490240012
962.2000269889832,-68.49315693303345,-68.49315693303345
962.2100269889831,-68.4956604552697,-68.4956604552697
962.2200269889831,-68.49811577142121,-68.49811577142121
962.2300269889831,-68.50052320764503,-68.50052320764503
962.2400269889831,-68.50288311737191,-68.50288311737191
962.2500269889831,-68.50519587883606,-68.50519587883606
962.2600269889831,-68.50746189283252,-68.50746189283252
962.2700269889832,-68.50968158065811,-68.50968158065811
962.2800269889832,-68.51185538228862,-68.51185538228862
962.2900269889832,-68.5139837546503,-68.5139837546503
962.3000269889832,-68.51606717009074,-68.51606717009074
962.3100269889832,-68.51810611497126,-68.51810611497126
962.3200269889832,-68.52010108834395,-68.52010108834395
962.3300269889831,-68.52205260078223,-68.52205260078223
962.3400269889831,-68.52396117325848,-68.52396117325848
962.3500269889831,-68.52582733614047,-68.52582733614047
962.3600269889831,-68.52765162824298,-68.52765162824298
962.3700269889831,-68.52943459595092,-68.52943459595092
962.3800269889831,-68.53117679243167,-68.53117679243167
962.3900269889832,-68.53287877685443,-68.53287877685443
962.4000269889832,-68.5345411137141,-68.5345411137141
962.4100269889832,-68.53616437215076,-68.53616437215076
962.4200269889832,-68.53774912536672,-68.53774912536672
962.4300269889832,-68.53929595003257,-68.53929595003257
962.4400269889832,-68.5408054257726,-68.5408054257726
962.4500269889832,-68.54227813465496,-68.54227813465496
962.4600269889831,-68.54370869165018,-68.54370869165018
962.4700269889831,-68.54509507324575,-68.54509507324575
962.4800269889831,-68.5464366003409,-68.5464366003409
962.4900269889831,-68.54773321631119,-68.54773321631119
962.5000269889831,-68.54898521124743,-68.54898521124743
962.5100269889831,-68.55019307856386,-68.55019307856386
962.5200269889832,-68.55135743075732,-68.55135743075732
962.5300269889832,-68.55247894876341,-68.55247894876341
962.5400269889832,-68.55355835131648,-68.55355835131648
962.5500269889832,-68.55459637651266,-68.55459637651266
962.5600269889832,-68.55559377072392,-68.55559377072392
962.5700269889832,-68.55655128200655,-68.55655128200655
962.5800269889831,-68.55746965621934,-68.55746965621934
962.5900269889831,-68.5583496348584,-68.5583496348584
962.6000269889831,-68.55919195384838,-68.55919195384838
962.6100269889831,-68.55999734294558,-68.55999734294558
962.6200269889831,-68.56076652555218,-68.56076652555218
962.6300269889831,-68.56150021865919,-68.56150021865919
962.6400269889832,-68.56219913295105,-68.56219913295105
962.6500269889832,-68.56286397293093,-68.56286397293093
962.6600269889832,-68.56349543705139,-68.56349543705139
962.6700269889832,-68.5640942178764,-68.5640942178764
962.6800269889832,-68.56466100220547,-68.56466100220547
962.6900269889832,-68.56519647118171,-68.56519647118171
962.7000269889832,-68.5657013003786,-68.5657013003786
962.7100269889831,-68.56617615986872,-68.56617615986872
962.7200269889831,-68.56662171428573,-68.56662171428573
962.7300269889831,-68.56703862283779,-68.56703862283779
962.7400269889831,-68.56742753937397,-68.56742753937397
962.7500269889831,-68.56778911234308,-68.56778911234308
962.7600269889831,-68.56812398483416,-68.56812398483416
962.7700269889832,-68.56843279453206,-68.56843279453206
962.7800269889832,-68.56871617375883,-68.56871617375883
962.7900269889832,-68.56897474939595,-68.56897474939595
962.8000269889832,-68.56920914291388,-68.56920914291388
962.8100269889832,-68.569419970331,-68.569419970331
962.8200269889832,-68.56960784217685,-68.56960784217685
962.8300269889831,-68.56977336348753,-68.56977336348753
962.8400269889831,-68.56991713377614,-68.56991713377614
962.8500269889831,-68.57003974699978,-68.57003974699978
962.8600269889831,-68.57014179155364,-68.57014179155364
962.8700269889831,-68.57022385022128,-68.57022385022128
962.8800269889831,-68.57028650018826,-68.57028650018826
962.8900269889832,-68.57033031299824,-68.57033031299824
962.9000269889832,-68.57035585455449,-68.57035585455449
962.9100269889832,-68.57036368507995,-68.57036368507995
962.9200269889832,-68.57035435913014,-68.57035435913014
962.9300269889832,-68.57032842556777,-68.57032842556777
962.9400269889832,-68.570286427559,-68.570286427559
962.9500269889832,-68.57022890256223,-68.57022890256223
962.9600269889831,-68.57015041376401,-68.57015041376401
962.9700269889831,-68.57004887993064,-68.57004887993064
962.9800269889831,-68.56992355771861,-68.56992355771861
962.9900269889831,-68.56977431982548,-68.56977431982548
963.0000269889831,-68.56960137950327,-68.56960137950327
963.0100269889831,-68.56940514752137,-68.56940514752137
963.0200269889832,-68.56918614824443,-68.56918614824443
963.0300269889832,-68.56894496927252,-68.56894496927252
963.0400269889832,-68.56868223112346,-68.56868223112346
963.050027012825,-68.56839856840011,-68.56839856840011
963.060027012825,-68.56809462164114,-68.56809462164114
963.070027012825,-68.56777102705917,-68.56777102705917
963.080027012825,-68.56742841548736,-68.56742841548736
963.090027012825,-68.56706740978798,-68.56706740978798
963.100027012825,-68.5666886238992,-68.5666886238992
963.110027012825,-68.56629266244602,-68.56629266244602
963.1200270128251,-68.5658801207305,-68.5658801207305
963.130027012825,-68.5654515849333,-68.5654515849333
963.140027012825,-68.56500763232194,-68.56500763232194
963.150027012825,-68.56454883160328,-68.56454883160328
963.160027012825,-68.56407574322353,-68.56407574322353
963.170027012825,-68.56358891967082,-68.56358891967082
963.180027012825,-68.56308890577111,-68.56308890577111
963.190027012825,-68.56257623891466,-68.56257623891466
963.200027012825,-68.56205144930966,-68.56205144930966
963.210027012825,-68.56151506019036,-68.56151506019036
963.220027012825,-68.56096758796318,-68.56096758796318
963.230027012825,-68.56040954241485,-68.56040954241485
963.2400270128251,-68.55984142679104,-68.55984142679104
963.2500270128251,-68.55926373798256,-68.55926373798256
963.260027012825,-68.55867696657806,-68.55867696657806
963.270027012825,-68.55808159699214,-68.55808159699214
963.280027012825,-68.55747810753405,-68.55747810753405
963.290027012825,-68.5568669704946,-68.5568669704946
963.300027012825,-68.55624865220808,-68.55624865220808
963.310027012825,-68.55562361312079,-68.55562361312079
963.320027012825,-68.55499230783123,-68.55499230783123
963.330027012825,-68.55435518515952,-68.55435518515952
963.340027012825,-68.55371268819998,-68.55371268819998
963.350027012825,-68.55306525433825,-68.55306525433825
963.360027012825,-68.5524133153382,-68.5524133153382
963.3700270128251,-68.55175729734309,-68.55175729734309
963.380027012825,-68.55109762095015,-68.55109762095015
963.390027012825,-68.55043470121754,-68.55043470121754
963.400027012825,-68.5497689477305,-68.5497689477305
963.410027012825,-68.54910076463356,-68.54910076463356
963.420027012825,-68.54843055064708,-68.54843055064708
963.430027012825,-68.5477586991284,-68.5477586991284
963.440027012825,-68.5470855980981,-68.5470855980981
963.450027012825,-68.54641163028535,-68.54641163028535
963.460027012825,-68.54573717315895,-68.54573717315895
963.470027012825,-68.54506259896402,-68.54506259896402
963.480027012825,-68.54438827475998,-68.54438827475998
963.4900270128251,-68.54371456245961,-68.54371456245961
963.5000270128251,-68.54304181887792,-68.54304181887792
963.510027012825,-68.54237039574747,-68.54237039574747
963.520027012825,-68.54170063977513,-68.54170063977513
963.530027012825,-68.54103289266794,-68.54103289266794
963.540027012825,-68.5403674911933,-68.5403674911933
963.550027012825,-68.53970476718851,-68.53970476718851
963.560027012825,-68.53904504763675,-68.53904504763675
963.570027012825,-68.53838865467327,-68.53838865467327
963.580027012825,-68.53773590564784,-68.53773590564784
963.590027012825,-68.53708711315342,-68.53708711315342
963.600027012825,-68.536442585077,-68.536442585077
963.610027012825,-68.53580262463446,-68.53580262463446
963.6200270128251,-68.5351675304137,-68.5351675304137
963.630027012825,-68.53453759641673,-68.53453759641673
963.640027012825,-68.53391311210186,-68.53391311210186
963.650027012825,-68.53329436242007,-68.53329436242007
963.660027012825,-68.53268162786446,-68.53268162786446
963.670027012825,-68.53207518451381,-68.53207518451381
963.680027012825,-68.53147530406822,-68.53147530406822
963.690027012825,-68.53088225389554,-68.53088225389554
963.700027012825,-68.5302962970723,-68.5302962970723
963.710027012825,-68.5297176924258,-68.5297176924258
963.720027012825,-68.52914669457658,-68.52914669457658
963.730027012825,-68.52858355398595,-68.52858355398595
963.7400270128251,-68.5280285169941,-68.5280285169941
963.7500270128251,-68.52748182586413,-68.52748182586413
963.760027012825,-68.52694371881681,-68.52694371881681
963.770027012825,-68.52641443010035,-68.52641443010035
963.780027012825,-68.52589418998419,-68.52589418998419
963.790027012825,-68.52538322485154,-68.52538322485154
963.800027012825,-68.52488175721221,-68.52488175721221
963.810027012825,-68.52439000574259,-68.52439000574259
963.820027012825,-68.52390818534955,-68.52390818534955
963.830027012825,-68.52343650719588,-68.52343650719588
963.840027012825,-68.52297517874979,-68.52297517874979
963.850027012825,-68.52252440381902,-68.52252440381902
963.860027012825,-68.52208438259316,-68.52208438259316
963.8700270128251,-68.52165531168401,-68.52165531168401
963.880027012825,-68.52123738418062,-68.52123738418062
963.890027012825,-68.5208307896653,-68.5208307896653
963.9000270366669,-68.52043571333537,-68.52043571333537
963.9100270366669,-68.52005233983839,-68.52005233983839
963.9200270366669,-68.51968084753692,-68.51968084753692
963.9300270366668,-68.51932141244934,-68.51932141244934
963.9400270366668,-68.51897420730467,-68.51897420730467
963.9500270366668,-68.5186394015747,-68.5186394015747
963.9600270366668,-68.51831716150905,-68.51831716150905
963.9700270366669,-68.51800765017737,-68.51800765017737
963.9800270366669,-68.51771102753422,-68.51771102753422
963.9900270366669,-68.51742745041341,-68.51742745041341
964.0000270366669,-68.51715707259048,-68.51715707259048
964.0100270366669,-68.51690004481183,-68.51690004481183
964.0200270366669,-68.51665651484743,-68.51665651484743
964.0300270366669,-68.5164266275046,-68.5164266275046
964.0400270366669,-68.51621052468745,-68.51621052468745
964.0500270366668,-68.5160083454123,-68.5160083454123
964.0600270366668,-68.51582022586588,-68.51582022586588
964.0700270366668,-68.51564629941461,-68.51564629941461
964.0800270366668,-68.5154866966573,-68.5154866966573
964.0900270366669,-68.51534154546718,-68.51534154546718
964.1000270366669,-68.51521097100968,-68.51521097100968
964.1100270366669,-68.51509509578902,-68.51509509578902
964.1200270366669,-68.51499403966791,-68.51499403966791
964.1300270366669,-68.5149079199128,-68.5149079199128
964.1400270366669,-68.51483685123385,-68.51483685123385
964.1500270366669,-68.51478094580035,-68.51478094580035
964.1600270366669,-68.51474031328675,-68.51474031328675
964.1700270366669,-68.51471506090124,-68.51471506090124
964.1800270366668,-68.51470529341569,-68.51470529341569
964.1900270366668,-68.51471111320136,-68.51471111320136
964.2000270366668,-68.51473262025951,-68.51473262025951
964.2100270366668,-68.5147699122458,-68.5147699122458
964.2200270366669,-68.51482308451635,-68.51482308451635
964.2300270366669,-68.5148922301459,-68.5148922301459
964.2400270366669,-68.51497743995833,-68.51497743995833
964.2500270366669,-68.51507880256197,-68.51507880256197
964.2600270366669,-68.51519640437421,-68.51519640437421
964.2700270366669,-68.51533032965183,-68.51533032965183
964.2800270366669,-68.51548066053634,-68.51548066053634
964.2900270366669,-68.51564747704968,-68.51564747704968
964.3000270366668,-68.51583085714663,-68.51583085714663
964.3100270366668,-68.51603087674721,-68.51603087674721
964.3200270366668,-68.51624760973108,-68.51624760973108
964.3300270366668,-68.51648112801254,-68.51648112801254
964.3400270366669,-68.51673150152833,-68.51673150152833
964.3500270366669,-68.51699879829448,-68.51699879829448
964.3600270366669,-68.51728308439525,-68.51728308439525
964.3700270366669,-68.51758442404554,-68.51758442404554
964.3800270366669,-68.51790287960083,-68.51790287960083
964.3900270366669,-68.51823851158936,-68.51823851158936
964.4000270366669,-68.5185913787279,-68.5185913787279
964.4100270366669,-68.51896153795347,-68.51896153795347
964.4200270366669,-68.5193490444466,-68.5193490444466
964.4300270366668,-68.51975395165292,-68.51975395165292
964.4400270366668,-68.52017631130659,-68.52017631130659
964.4500270366668,-68.52061617346851,-68.52061617346851
964.4600270366668,-68.521073586532,-68.521073586532
964.4700270366669,-68.52154859725222,-68.52154859725222
964.4800270366669,-68.52204125077738,-68.52204125077738
964.4900270366669,-68.52255159065813,-68.52255159065813
964.5000270366669,-68.52307965887553,-68.52307965887553
964.5100270366669,-68.52362549586428,-68.52362549586428
964.5200270366669,-68.52418914053484,-68.52418914053484
964.5300270366669,-68.52477063029247,-68.52477063029247
964.5400270366669,-68.5253700010659,-68.5253700010659
964.5500270366668,-68.52598728731658,-68.52598728731658
964.5600270366668,-68.5266225220764,-68.5266225220764
964.5700270366668,-68.52727573694351,-68.52727573694351
964.5800270366668,-68.52794696212231,-68.52794696212231
964.5900270366669,-68.52863622644439,-68.52863622644439
964.6000270366669,-68.52934355738067,-68.52934355738067
964.6100270366669,-68.53006898105829,-68.53006898105829
964.6200270366669,-68.53081252229094,-68.53081252229094
964.6300270366669,-68.5315742045893,-68.5315742045893
964.6400270366669,-68.5323540501778,-68.5323540501778
964.6500270366669,-68.53315208001297,-68.53315208001297
964.6600270366669,-68.53396831382247,-68.53396831382247
964.6700270366669,-68.53480277010938,-68.53480277010938
964.6800270366668,-68.53565546614169,-68.53565546614169
964.6900270366668,-68.53652641801916,-68.53652641801916
964.7000270366668,-68.53741564066594,-68.53741564066594
964.7100270366668,-68.53832314784727,-68.53832314784727
964.7200270366669,-68.53924895218421,-68.53924895218421
964.7300270366669,-68.54019306519088,-68.54019306519088
964.7400270366669,-68.54115549726237,-68.54115549726237
964.7500270605087,-68.54213626003914,-68.54213626003914
964.7600270605087,-68.54313535714749,-68.54313535714749
964.7700270605087,-68.54415279804837,-68.54415279804837
964.7800270605087,-68.54518858887933,-68.54518858887933
964.7900270605087,-68.54624273475933,-68.54624273475933
964.8000270605087,-68.54731523979318,-68.54731523979318
964.8100270605087,-68.54840610710116,-68.54840610710116
964.8200270605088,-68.54951533880845,-68.54951533880845
964.8300270605088,-68.55064293608623,-68.55064293608623
964.8400270605088,-68.55178889915204,-68.55178889915204
964.8500270605088,-68.55295322728864,-68.55295322728864
964.8600270605087,-68.5541359188622,-68.5541359188622
964.8700270605087,-68.55533697132515,-68.55533697132515
964.8800270605087,-68.55655638124003,-68.55655638124003
964.8900270605087,-68.55779414428656,-68.55779414428656
964.9000270605087,-68.5590502552867,-68.5590502552867
964.9100270605087,-68.56032470820102,-68.56032470820102
964.9200270605087,-68.56161749615941,-68.56161749615941
964.9300270605087,-68.56292861146268,-68.56292861146268
964.9400270605088,-68.5642580455929,-68.5642580455929
964.9500270605088,-68.56560578923765,-68.56560578923765
964.9600270605088,-68.56697183229352,-68.56697183229352
964.9700270605088,-68.5683561638878,-68.5683561638878
964.9800270605087,-68.56975877237439,-68.56975877237439
964.9900270605087,-68.57117964536842,-68.57117964536842
965.0000270605087,-68.57261876973033,-68.57261876973033
965.0100270605087,-68.57407613160564,-68.57407613160564
965.0200270605087,-68.57555171642086,-68.57555171642086
965.0300270605087,-68.57704550889571,-68.57704550889571
965.0400270605087,-68.57855749305718,-68.57855749305718
965.0500270605087,-68.58008765224487,-68.58008765224487
965.0600270605087,-68.58163596914208,-68.58163596914208
965.0700270605088,-68.58320242575768,-68.58320242575768
965.0800270605088,-68.58478700345977,-68.58478700345977
965.0900270605088,-68.58638968297554,-68.58638968297554
965.1000270605088,-68.58801044439473,-68.58801044439473
965.1100270605087,-68.58964926720537,-68.58964926720537
965.1200270605087,-68.59130613026778,-68.59130613026778
965.1300270605087,-68.59298101185999,-68.59298101185999
965.1400270605087,-68.5946738896726,-68.5946738896726
965.1500270605087,-68.59638474080717,-68.59638474080717
965.1600270605087,-68.5981135418032,-68.5981135418032
965.1700270605087,-68.59986026863861,-68.59986026863861
965.1800270605087,-68.60162489674724,-68.60162489674724
965.1900270605088,-68.60340740101063,-68.60340740101063
965.2000270605088,-68.60520775579297,-68.60520775579297
965.2100270605088,-68.60702593492476,-68.60702593492476
965.2200270605088,-68.60886191173519,-68.60886191173519
965.2300270605087,-68.61071565903791,-68.61071565903791
965.2400270605087,-68.61258714915506,-68.61258714915506
965.2500270605087,-68.61447635392362,-68.61447635392362
965.2600270605087,-68.61638324469484,-68.61638324469484
965.2700270605087,-68.61830779235615,-68.61830779235615
965.2800270605087,-68.62024996734,-68.62024996734
965.2900270605087,-68.62220973960586,-68.62220973960586
965.3000270605087,-68.62418707868378,-68.62418707868378
965.3100270605087,-68.62618195365351,-68.62618195365351
965.3200270605088,-68.62819433316777,-68.62819433316777
965.3300270605088,-68.63022418546963,-68.63022418546963
965.3400270605088,-68.63227147836784,-68.63227147836784
965.3500270605088,-68.63433617927518,-68.63433617927518
965.3600270605087,-68.6364182552011,-68.6364182552011
965.3700270605087,-68.63851767276567,-68.63851767276567
965.3800270605087,-68.64063439819867,-68.64063439819867
965.3900270605087,-68.64276839735005,-68.64276839735005
965.4000270605087,-68.64491963569779,-68.64491963569779
965.4100270605087,-68.64708807837138,-68.64708807837138
965.4200270605087,-68.64927369012445,-68.64927369012445
965.4300270605087,-68.65147643536447,-68.65147643536447
965.4400270605088,-68.65369627814937,-68.65369627814937
965.4500270605088,-68.65593318222281,-68.65593318222281
965.4600270605088,-68.65818711096506,-68.65818711096506
965.4700270605088,-68.66045802745276,-68.66045802745276
965.4800270605087,-68.6627458944399,-68.6627458944399
965.4900270605087,-68.66505067436286,-68.66505067436286
965.5000270605087,-68.66737232935982,-68.66737232935982
965.5100270605087,-68.66971082125922,-68.66971082125922
965.5200270605087,-68.67206611160347,-68.67206611160347
965.5300270605087,-68.67443816164979,-68.67443816164979
965.5400270605087,-68.67682693236388,-68.67682693236388
965.5500270605087,-68.67923238443133,-68.67923238443133
965.5600270605087,-68.68165447827907,-68.68165447827907
965.5700270605088,-68.68409317405965,-68.68409317405965
965.5800270605088,-68.68654843167782,-68.68654843167782
965.5900270605088,-68.68902021077926,-68.68902021077926
965.6000270843506,-68.69150847667736,-68.69150847667736
965.6100270843506,-68.69401317671935,-68.69401317671935
965.6200270843506,-68.69653427568855,-68.69653427568855
965.6300270843506,-68.69907173226528,-68.69907173226528
965.6400270843505,-68.70162550490652,-68.70162550490652
965.6500270843505,-68.70419555182923,-68.70419555182923
965.6600270843505,-68.70678183104299,-68.70678183104299
965.6700270843506,-68.70938430035103,-68.70938430035103
965.6800270843506,-68.71200291733656,-68.71200291733656
965.6900270843506,-68.71463763938438,-68.71463763938438
965.7000270843506,-68.71728842368384,-68.71728842368384
965.7100270843506,-68.7199552272192,-68.7199552272192
965.7200270843506,-68.72263800679154,-68.72263800679154
965.7300270843506,-68.72533671901239,-68.72533671901239
965.7400270843506,-68.72805132031901,-68.72805132031901
965.7500270843506,-68.73078176697483,-68.73078176697483
965.7600270843506,-68.73352801506002,-68.73352801506002
965.7700270843505,-68.73629002049223,-68.73629002049223
965.7800270843505,-68.73906773902297,-68.73906773902297
965.7900270843506,-68.74186112625252,-68.74186112625252
965.8000270843506,-68.74467013762259,-68.74467013762259
965.8100270843506,-68.74749472841822,-68.74749472841822
965.8200270843506,-68.75033485377845,-68.75033485377845
965.8300270843506,-68.75319046870123,-68.75319046870123
965.8400270843506,-68.75606152804048,-68.75606152804048
965.8500270843506,-68.7589479865292,-68.7589479865292
965.8600270843506,-68.76184979875002,-68.76184979875002
965.8700270843506,-68.76476691917057,-68.76476691917057
965.8800270843506,-68.76769930212441,-68.76769930212441
965.8900270843505,-68.77064690183035,-68.77064690183035
965.9000270843505,-68.77360967239375,-68.77360967239375
965.9100270843505,-68.7765875677933,-68.7765875677933
965.9200270843506,-68.77958054190015,-68.77958054190015
965.9300270843506,-68.78258854849904,-68.78258854849904
965.9400270843506,-68.78561154124611,-68.78561154124611
965.9500270843506,-68.78864947370448,-68.78864947370448
965.9600270843506,-68.79170229934691,-68.79170229934691
965.9700270843506,-68.79476997155298,-68.79476997155298
965.9800270843506,-68.79785244360157,-68.79785244360157
965.9900270843506,-68.800949668693,-68.800949668693
966.0000270843506,-68.80406159994176,-68.80406159994176
966.0100270843506,-68.8071881903816,-68.8071881903816
966.0200270843505,-68.81032939297019,-68.81032939297019
966.0300270843505,-68.81348516058057,-68.81348516058057
966.0400270843506,-68.81665544602316,-68.81665544602316
966.0500270843506,-68.81984020204673,-68.81984020204673
966.0600270843506,-68.82303938131142,-68.82303938131142
966.0700270843506,-68.82625293642658,-68.82625293642658
966.0800270843506,-68.82948081995433,-68.82948081995433
966.0900270843506,-68.83272298438031,-68.83272298438031
966.1000270843506,-68.83597938213546,-68.83597938213546
966.1100270843506,-68.83924996560677,-68.83924996560677
966.1200270843506,-68.84253468712036,-68.84253468712036
966.1300270843506,-68.84583349897468,-68.84583349897468
966.1400270843505,-68.84914635340941,-68.84914635340941
966.1500270843505,-68.8524732026188,-68.8524732026188
966.1600270843505,-68.85581399876537,-68.85581399876537
966.1700270843506,-68.8591686939743,-68.8591686939743
966.1800270843506,-68.86253724033024,-68.86253724033024
966.1900270843506,-68.86591958989762,-68.86591958989762
966.2000270843506,-68.86931569469637,-68.86931569469637
966.2100270843506,-68.87271950487786,-68.87271950487786
966.2200270843506,-68.87612834484614,-68.87612834484614
966.2300270843506,-68.87954088818326,-68.87954088818326
966.2400270843506,-68.88295643305268,-68.88295643305268
966.2500270843506,-68.88637462560018,-68.88637462560018
966.2600270843506,-68.88979531632859,-68.88979531632859
966.2700270843505,-68.89321847584242,-68.89321847584242
966.2800270843505,-68.89664414423703,-68.89664414423703
966.2900270843506,-68.9000724006929,-68.9000724006929
966.3000270843506,-68.90350334517889,-68.90350334517889
966.3100270843506,-68.90693708757708,-68.90693708757708
966.3200270843506,-68.910373741294,-68.910373741294
966.3300270843506,-68.9138134195992,-68.9138134195992
966.3400270843506,-68.91725623360897,-68.91725623360897
966.3500270843506,-68.92070229130475,-68.92070229130475
966.3600270843506,-68.92415169711833,-68.92415169711833
966.3700270843506,-68.92760455188017,-68.92760455188017
966.3800270843506,-68.93106095295417,-68.93106095295417
966.3900270843505,-68.9345209944723,-68.9345209944723
966.4000270843505,-68.93798476761157,-68.93798476761157
966.4100270843505,-68.9414523608745,-68.9414523608745
966.4200270843506,-68.94492386035218,-68.94492386035218
966.4300270843506,-68.9483993499849,-68.9483993499849
966.4400270843506,-68.95187891175564,-68.95187891175564
966.4500271081924,-68.95536263421398,-68.95536263421398
966.4600271081924,-68.95885057945279,-68.95885057945279
966.4700271081924,-68.96234283298256,-68.96234283298256
966.4800271081924,-68.96583947071657,-68.96583947071657
966.4900271081924,-68.96934056736757,-68.96934056736757
966.5000271081924,-68.97284619650641,-68.97284619650641
966.5100271081924,-68.97635643063992,-68.97635643063992
966.5200271081925,-68.97987134128084,-68.97987134128084
966.5300271081925,-68.98339099897805,-68.98339099897805
966.5400271081925,-68.98691547336131,-68.98691547336131
966.5500271081925,-68.990444833146,-68.990444833146
966.5600271081925,-68.99397914619965,-68.99397914619965
966.5700271081924,-68.99751847951751,-68.99751847951751
966.5800271081924,-69.00106289925775,-69.00106289925775
966.5900271081924,-69.00461247074881,-69.00461247074881
966.6000271081924,-69.00816725846883,-69.00816725846883
966.6100271081924,-69.01172732607256,-69.01172732607256
966.6200271081924,-69.015292736394,-69.015292736394
966.6300271081924,-69.0188635514318,-69.0188635514318
966.6400271081925,-69.02243983235532,-69.02243983235532
966.6500271081925,-69.0260216394975,-69.0260216394975
966.6600271081925,-69.02960903234104,-69.02960903234104
966.6700271081925,-69.03320206953805,-69.03320206953805
966.6800271081925,-69.03680080888337,-69.03680080888337
966.6900271081925,-69.04040530731685,-69.04040530731685
966.7000271081924,-69.04401562090997,-69.04401562090997
966.7100271081924,-69.04762578749276,-69.04762578749276
966.7200271081924,-69.05123322661855,-69.05123322661855
966.7300271081924,-69.05483670954342,-69.05483670954342
966.7400271081924,-69.05843563280295,-69.05843563280295
966.7500271081924,-69.06202974097587,-69.06202974097587
966.7600271081924,-69.06561898267346,-69.06561898267346
966.7700271081925,-69.06920342608879,-69.06920342608879
966.7800271081925,-69.07278320829298,-69.07278320829298
966.7900271081925,-69.07635850469177,-69.07635850469177
966.8000271081925,-69.07992951073652,-69.07992951073652
966.8100271081925,-69.08349643099498,-69.08349643099498
966.8200271081924,-69.08705947273876,-69.08705947273876
966.8300271081924,-69.09061884225673,-69.09061884225673
966.8400271081924,-69.09417474285227,-69.09417474285227
966.8500271081924,-69.09772737382184,-69.09772737382184
966.8600271081924,-69.1012769300679,-69.1012769300679
966.8700271081924,-69.10482360200605,-69.10482360200605
966.8800271081924,-69.10836757572147,-69.10836757572147
966.8900271081925,-69.11190903318229,-69.11190903318229
966.9000271081925,-69.11544815253143,-69.11544815253143
966.9100271081925,-69.11898510833487,-69.11898510833487
966.9200271081925,-69.12252007188532,-69.12252007188532
966.9300271081925,-69.12605321142068,-69.12605321142068
966.9400271081925,-69.12958469236038,-69.12958469236038
966.9500271081924,-69.133114677486,-69.133114677486
966.9600271081924,-69.13663730237978,-69.13663730237978
966.9700271081924,-69.14015008725009,-69.14015008725009
966.9800271081924,-69.14365190442327,-69.14365190442327
966.9900271081924,-69.1471422511052,-69.1471422511052
967.0000271081924,-69.15062097187528,-69.15062097187528
967.0100271081924,-69.15408811456979,-69.15408811456979
967.0200271081925,-69.15754384580295,-69.15754384580295
967.0300271081925,-69.1609884002572,-69.1609884002572
967.0400271081925,-69.16442205011889,-69.16442205011889
967.0500271081925,-69.16784508680432,-69.16784508680432
967.0600271081925,-69.17125781005423,-69.17125781005423
967.0700271081924,-69.17466052152461,-69.17466052152461
967.0800271081924,-69.17805352111705,-69.17805352111705
967.0900271081924,-69.18143710497901,-69.18143710497901
967.1000271081924,-69.18481156450083,-69.18481156450083
967.1100271081924,-69.18817718589962,-69.18817718589962
967.1200271081924,-69.19153425017355,-69.19153425017355
967.1300271081924,-69.19488303323818,-69.19488303323818
967.1400271081925,-69.19822380612223,-69.19822380612223
967.1500271081925,-69.20155683529916,-69.20155683529916
967.1600271081925,-69.20488238292072,-69.20488238292072
967.1700271081925,-69.20820070709055,-69.20820070709055
967.1800271081925,-69.21151206209736,-69.21151206209736
967.1900271081925,-69.21481669865335,-69.21481669865335
967.2000271081924,-69.21811486409015,-69.21811486409015
967.2100271081924,-69.22140077123436,-69.22140077123436
967.2200271081924,-69.22467202100553,-69.22467202100553
967.2300271081924,-69.22792756726976,-69.22792756726976
967.2400271081924,-69.23116698876663,-69.23116698876663
967.2500271081924,-69.23439021125319,-69.23439021125319
967.2600271081924,-69.23759736319523,-69.23759736319523
967.2700271081925,-69.24078869118102,-69.24078869118102
967.2800271081925,-69.24396450916691,-69.24396450916691
967.2900271081925,-69.24712516784514,-69.24712516784514
967.3000271320343,-69.25027104385667,-69.25027104385667
967.3100271320343,-69.25340249885073,-69.25340249885073
967.3200271320343,-69.25651991816069,-69.25651991816069
967.3300271320343,-69.2596236770051,-69.2596236770051
967.3400271320343,-69.26271414603342,-69.26271414603342
967.3500271320343,-69.26579169031865,-69.26579169031865
967.3600271320342,-69.26885666895022,-69.26885666895022
967.3700271320344,-69.27190943497276,-69.27190943497276
967.3800271320343,-69.27495033554219,-69.27495033554219
967.3900271320343,-69.27797971211203,-69.27797971211203
967.4000271320343,-69.28099790075552,-69.28099790075552
967.4100271320343,-69.2840052324152,-69.2840052324152
967.4200271320343,-69.28700203318405,-69.28700203318405
967.4300271320343,-69.28998862453504,-69.28998862453504
967.4400271320343,-69.29296532356214,-69.29296532356214
967.4500271320343,-69.2959324431607,-69.2959324431607
967.4600271320343,-69.2988902921928,-69.2988902921928
967.4700271320343,-69.30183917564429,-69.30183917564429
967.4800271320343,-69.30477939472551,-69.30477939472551
967.4900271320344,-69.3077112469932,-69.3077112469932
967.5000271320343,-69.31063502645509,-69.31063502645509
967.5100271320343,-69.31355102358982,-69.31355102358982
967.5200271320343,-69.31645952544743,-69.31645952544743
967.5300271320343,-69.31936081570144,-69.31936081570144
967.5400271320343,-69.32225517467062,-69.32225517467062
967.5500271320343,-69.32514287936334,-69.32514287936334
967.5600271320343,-69.32802420352098,-69.32802420352098
967.5700271320343,-69.33089941762115,-69.33089941762115
967.5800271320343,-69.33376878891761,-69.33376878891761
967.5900271320343,-69.33663258143791,-69.33663258143791
967.6000271320343,-69.33949105601768,-69.33949105601768
967.6100271320342,-69.34234447031892,-69.34234447031892
967.6200271320344,-69.34519307879475,-69.34519307879475
967.6300271320343,-69.34803713276736,-69.34803713276736
967.6400271320343,-69.35087688039991,-69.35087688039991
967.6500271320343,-69.35371256670494,-69.35371256670494
967.6600271320343,-69.35654443357203,-69.35654443357203
967.6700271320343,-69.35937271977313,-69.35937271977313
967.6800271320343,-69.3621976609566,-69.3621976609566
967.6900271320343,-69.36501948967387,-69.36501948967387
967.7000271320343,-69.36783843538976,-69.36783843538976
967.7100271320343,-69.37065472447907,-69.37065472447907
967.7200271320343,-69.37346858025839,-69.37346858025839
967.7300271320343,-69.3762802229897,-69.3762802229897
967.7400271320344,-69.37908986988306,-69.37908986988306
967.7500271320343,-69.38189773513021,-69.38189773513021
967.7600271320343,-69.3847040299008,-69.3847040299008
967.7700271320343,-69.38750896236007,-69.38750896236007
967.7800271320343,-69.39031273770166,-69.39031273770166
967.7900271320343,-69.39311555813806,-69.39311555813806
967.8000271320343,-69.39591762293358,-69.39591762293358
967.8100271320343,-69.39871912841632,-69.39871912841632
967.8200271320343,-69.40152026799329,-69.40152026799329
967.8300271320343,-69.40432123219577,-69.40432123219577
967.8400271320343,-69.40712220863708,-69.40712220863708
967.8500271320343,-69.40992338210535,-69.40992338210535
967.8600271320342,-69.41272493452327,-69.41272493452327
967.8700271320344,-69.41552704500648,-69.41552704500648
967.8800271320343,-69.41832988988119,-69.41832988988119
967.8900271320343,-69.42113364267486,-69.42113364267486
967.9000271320343,-69.42393847418342,-69.42393847418342
967.9100271320343,-69.42674455244584,-69.42674455244584
967.9200271320343,-69.4295520428142,-69.4295520428142
967.9300271320343,-69.43236110794157,-69.43236110794157
967.9400271320343,-69.43517190781718,-69.43517190781718
967.9500271320343,-69.43798459979894,-69.43798459979894
967.9600271320343,-69.4407993386248,-69.4407993386248
967.9700271320343,-69.44361627643427,-69.44361627643427
967.9800271320343,-69.44643556280661,-69.44643556280661
967.9900271320344,-69.44925734477889,-69.44925734477889
968.0000271320343,-69.45208176687349,-69.45208176687349
968.0100271320343,-69.45490897111274,-69.45490897111274
968.0200271320343,-69.45773909705227,-69.45773909705227
968.0300271320343,-69.46057228181947,-69.46057228181947
968.0400271320343,-69.4634086601052,-69.4634086601052
968.0500271320343,-69.466248364221,-69.466248364221
968.0600271320343,-69.4690915241064,-69.4690915241064
968.0700271320343,-69.47193826737232,-69.47193826737232
968.0800271320343,-69.4747887192949,-69.4747887192949
968.0900271320343,-69.47764300288476,-69.47764300288476
968.1000271320343,-69.48050123887221,-69.48050123887221
968.1100271320342,-69.48336354575038,-69.48336354575038
968.1200271320344,-69.4862300398141,-69.4862300398141
968.1300271320343,-69.48910083516508,-69.48910083516508
968.1400271320343,-69.49197604374042,-69.49197604374042
968.1500271558762,-69.49485578220063,-69.49485578220063
968.1600271558762,-69.49774014454911,-69.49774014454911
968.1700271558761,-69.5006292432291,-69.5006292432291
968.1800271558761,-69.50352318179381,-69.50352318179381
968.1900271558761,-69.50642206176818,-69.50642206176818
968.2000271558761,-69.50932598265865,-69.50932598265865
968.2100271558761,-69.51222898706384,-69.51222898706384
968.2200271558762,-69.51512852135377,-69.51512852135377
968.2300271558762,-69.51802339158402,-69.51802339158402
968.2400271558762,-69.52091303224704,-69.52091303224704
968.2500271558762,-69.52379722716822,-69.52379722716822
968.2600271558762,-69.52667596452187,-69.52667596452187
968.2700271558762,-69.52954935181701,-69.52954935181701
968.2800271558762,-69.53241756484891,-69.53241756484891
968.2900271558761,-69.53528081698697,-69.53528081698697
968.3000271558761,-69.53813934074044,-69.53813934074044
968.3100271558761,-69.5409933767914,-69.5409933767914
968.3200271558761,-69.54384316758691,-69.54384316758691
968.3300271558761,-69.54668895363473,-69.54668895363473
968.3400271558762,-69.54953097151105,-69.54953097151105
968.3500271558762,-69.55236945290184,-69.55236945290184
968.3600271558762,-69.55520462416784,-69.55520462416784
968.3700271558762,-69.55803670635336,-69.55803670635336
968.3800271558762,-69.5608659153435,-69.5608659153435
968.3900271558762,-69.56369246209982,-69.56369246209982
968.4000271558762,-69.56651655298133,-69.56651655298133
968.4100271558762,-69.56933839004836,-69.56933839004836
968.4200271558761,-69.57215817135315,-69.57215817135315
968.4300271558761,-69.57497609120318,-69.57497609120318
968.4400271558761,-69.5777923404168,-69.5777923404168
968.4500271558761,-69.58060710653375,-69.58060710653375
968.4600271558761,-69.58341451325133,-69.58341451325133
968.4700271558762,-69.58618146265118,-69.58618146265118
968.4800271558762,-69.58889160997693,-69.58889160997693
968.4900271558762,-69.59153515788525,-69.59153515788525
968.5000271558762,-69.59410577117939,-69.59410577117939
968.5100271558762,-69.59659929741117,-69.59659929741117
968.5200271558762,-69.59901301683453,-69.59901301683453
968.5300271558762,-69.60134516302841,-69.60134516302841
968.5400271558761,-69.60359461341376,-69.60359461341376
968.5500271558761,-69.60576068889942,-69.60576068889942
968.5600271558761,-69.60784302349433,-69.60784302349433
968.5700271558761,-69.60984147863121,-69.60984147863121
968.5800271558761,-69.61175608637252,-69.61175608637252
968.5900271558762,-69.61358701120831,-69.61358701120831
968.6000271558762,-69.61533452396156,-69.61533452396156
968.6100271558762,-69.61699898362137,-69.61699898362137
968.6200271558762,-69.6185808243957,-69.6185808243957
968.6300271558762,-69.62008054614597,-69.62008054614597
968.6400271558762,-69.62149870717036,-69.62149870717036
968.6500271558762,-69.6228359184545,-69.6228359184545
968.6600271558762,-69.62409283897723,-69.62409283897723
968.6700271558761,-69.62527017173635,-69.62527017173635
968.6800271558761,-69.62636866023904,-69.62636866023904
968.6900271558761,-69.62738908536784,-69.62738908536784
968.7000271558761,-69.62833226251814,-69.62833226251814
968.7100271558761,-69.6291929774327,-69.6291929774327
968.7200271558762,-69.62996945825552,-69.62996945825552
968.7300271558762,-69.63066132443555,-69.63066132443555
968.7400271558762,-69.63126885168154,-69.63126885168154
968.7500271558762,-69.63179269017122,-69.63179269017122
968.7600271558762,-69.63223371727148,-69.63223371727148
968.7700271558762,-69.63259295041739,-69.63259295041739
968.7800271558762,-69.63287149405565,-69.63287149405565
968.7900271558761,-69.63307050713992,-69.63307050713992
968.8000271558761,-69.6331911829317,-69.6331911829317
968.8100271558761,-69.63323473641888,-69.63323473641888
968.8200271558761,-69.63320239631699,-69.63320239631699
968.8300271558761,-69.63309539992224,-69.63309539992224
968.8400271558762,-69.63291498972114,-69.63291498972114
968.8500271558762,-69.63266241108863,-69.63266241108863
968.8600271558762,-69.63233891064945,-69.63233891064945
968.8700271558762,-69.63194573505477,-69.63194573505477
968.8800271558762,-69.63148413003842,-69.63148413003842
968.8900271558762,-69.63095533961418,-69.63095533961418
968.9000271558762,-69.63036060539879,-69.63036060539879
968.9100271558762,-69.62970116595471,-69.62970116595471
968.9200271558761,-69.62897825621704,-69.62897825621704
968.9300271558761,-69.62819310694631,-69.62819310694631
968.9400271558761,-69.62734694417128,-69.62734694417128
968.9500271558761,-69.62644098868718,-69.62644098868718
968.9600271558761,-69.62547645557144,-69.62547645557144
968.9700271558762,-69.62445455368501,-69.62445455368501
968.9800271558762,-69.62337648524758,-69.62337648524758
968.9900271558762,-69.62224344536097,-69.62224344536097
969.000027179718,-69.62105661879669,-69.62105661879669
969.010027179718,-69.61981719073508,-69.61981719073508
969.020027179718,-69.61852632994008,-69.61852632994008
969.030027179718,-69.61718519915875,-69.61718519915875
969.040027179718,-69.61579495218186,-69.61579495218186
969.050027179718,-69.61435673352592,-69.61435673352592
969.060027179718,-69.61287167811106,-69.61287167811106
969.0700271797181,-69.61134091102876,-69.61134091102876
969.0800271797181,-69.60976554727723,-69.60976554727723
969.090027179718,-69.60814669151375,-69.60814669151375
969.100027179718,-69.60648543785685,-69.60648543785685
969.110027179718,-69.60478286969396,-69.60478286969396
969.120027179718,-69.60304005948943,-69.60304005948943
969.130027179718,-69.60125806864494,-69.60125806864494
969.140027179718,-69.59943794733658,-69.59943794733658
969.150027179718,-69.5975807344002,-69.5975807344002
969.160027179718,-69.59568745720097,-69.59568745720097
969.170027179718,-69.59375913153815,-69.59375913153815
969.180027179718,-69.59179676158982,-69.59179676158982
969.1900271797181,-69.58980133978412,-69.58980133978412
969.2000271797181,-69.58777384678626,-69.58777384678626
969.210027179718,-69.5857152514181,-69.5857152514181
969.220027179718,-69.58362651063764,-69.58362651063764
969.230027179718,-69.58150856949167,-69.58150856949167
969.240027179718,-69.5793623611227,-69.5793623611227
969.250027179718,-69.57718880674118,-69.57718880674118
969.260027179718,-69.57498881562994,-69.57498881562994
969.270027179718,-69.57276328515046,-69.57276328515046
969.280027179718,-69.5705131007663,-69.5705131007663
969.290027179718,-69.56823913604364,-69.56823913604364
969.300027179718,-69.56594225271164,-69.56594225271164
969.310027179718,-69.56362330068879,-69.56362330068879
969.3200271797181,-69.5612831180987,-69.5612831180987
969.3300271797181,-69.55892253137253,-69.55892253137253
969.340027179718,-69.5565423552519,-69.5565423552519
969.350027179718,-69.55414339286655,-69.55414339286655
969.360027179718,-69.55172643580474,-69.55172643580474
969.370027179718,-69.54929226416868,-69.54929226416868
969.380027179718,-69.54684164665429,-69.54684164665429
969.390027179718,-69.54437534062977,-69.54437534062977
969.400027179718,-69.54189409220156,-69.54189409220156
969.410027179718,-69.53939863631138,-69.53939863631138
969.420027179718,-69.5368896968204,-69.5368896968204
969.430027179718,-69.53436798657422,-69.53436798657422
969.4400271797181,-69.53183420752886,-69.53183420752886
969.4500271797181,-69.52928905082676,-69.52928905082676
969.460027179718,-69.52673319688851,-69.52673319688851
969.470027179718,-69.52416731550885,-69.52416731550885
969.480027179718,-69.5215920659715,-69.5215920659715
969.490027179718,-69.51900809713656,-69.51900809713656
969.500027179718,-69.51641604753857,-69.51641604753857
969.510027179718,-69.51381654551733,-69.51381654551733
969.520027179718,-69.51121020928082,-69.51121020928082
969.530027179718,-69.5085976470438,-69.5085976470438
969.540027179718,-69.50594883197344,-69.50594883197344
969.550027179718,-69.50325618906294,-69.50325618906294
969.560027179718,-69.50051678433269,-69.50051678433269
969.5700271797181,-69.49772832511348,-69.49772832511348
969.5800271797181,-69.49488864265103,-69.49488864265103
969.590027179718,-69.49199573472525,-69.49199573472525
969.600027179718,-69.48904783662567,-69.48904783662567
969.610027179718,-69.48604345320265,-69.48604345320265
969.620027179718,-69.48298136038913,-69.48298136038913
969.630027179718,-69.47986059002162,-69.47986059002162
969.640027179718,-69.47668040731507,-69.47668040731507
969.650027179718,-69.4734402862799,-69.4734402862799
969.660027179718,-69.47013988574206,-69.47013988574206
969.670027179718,-69.46677902724186,-69.46677902724186
969.680027179718,-69.46335767530148,-69.46335767530148
969.6900271797181,-69.45987591999676,-69.45987591999676
969.7000271797181,-69.4563339618654,-69.4563339618654
969.710027179718,-69.45273209863258,-69.45273209863258
969.720027179718,-69.44907071384007,-69.44907071384007
969.730027179718,-69.44535026683522,-69.44535026683522
969.740027179718,-69.44157128413202,-69.44157128413202
969.750027179718,-69.43773435174411,-69.43773435174411
969.760027179718,-69.43384010854639,-69.43384010854639
969.770027179718,-69.42988924032223,-69.42988924032223
969.780027179718,-69.4258824745671,-69.4258824745671
969.790027179718,-69.42182057579501,-69.42182057579501
969.800027179718,-69.41770434136905,-69.41770434136905
969.810027179718,-69.41353459775485,-69.41353459775485
969.8200271797181,-69.40931219713254,-69.40931219713254
969.8300271797181,-69.40503801436378,-69.40503801436378
969.840027179718,-69.40071294417868,-69.40071294417868
969.8500272035599,-69.39633788826006,-69.39633788826006
969.8600272035599,-69.39191379448427,-69.39191379448427
969.8700272035599,-69.38744159275305,-69.38744159275305
969.8800272035598,-69.382922234235,-69.382922234235
969.8900272035598,-69.37835667938829,-69.37835667938829
969.9000272035598,-69.37374589633886,-69.37374589633886
969.9100272035598,-69.36909085937073,-69.36909085937073
969.9200272035599,-69.3643925475749,-69.3643925475749
969.9300272035599,-69.35965194358873,-69.35965194358873
969.9400272035599,-69.35487003240668,-69.35487003240668
969.9500272035599,-69.35004780033609,-69.35004780033609
969.9600272035599,-69.34518623399572,-69.34518623399572
969.9700272035599,-69.34028631940473,-69.34028631940473
969.9800272035599,-69.33534904115275,-69.33534904115275
969.9900272035599,-69.3303753816202,-69.3303753816202
970.0000272035599,-69.32536632026147,-69.32536632026147
970.0100272035598,-69.32032283294626,-69.32032283294626
970.0200272035598,-69.31524589137297,-69.31524589137297
970.0300272035598,-69.31013646249166,-69.31013646249166
970.0400272035599,-69.30499550799935,-69.30499550799935
970.0500272035599,-69.29982398388238,-69.29982398388238
970.0600272035599,-69.29462283996682,-69.29462283996682
970.0700272035599,-69.2893930195409,-69.2893930195409
970.0800272035599,-69.28413545897898,-69.28413545897898
970.0900272035599,-69.27885108743152,-69.27885108743152
970.1000272035599,-69.27354082650402,-69.27354082650402
970.1100272035599,-69.26820559000652,-69.26820559000652
970.1200272035599,-69.2628462837016,-69.2628462837016
970.1300272035598,-69.25746380506337,-69.25746380506337
970.1400272035598,-69.25205904310926,-69.25205904310926
970.1500272035598,-69.2466328781784,-69.2466328781784
970.1600272035598,-69.24118618181316,-69.24118618181316
970.1700272035599,-69.23571981658156,-69.23571981658156
970.1800272035599,-69.23023463598528,-69.23023463598528
970.1900272035599,-69.22473148431574,-69.22473148431574
970.2000272035599,-69.21921119657881,-69.21921119657881
970.2100272035599,-69.21367459841039,-69.21367459841039
970.2200272035599,-69.20812250600642,-69.20812250600642
970.2300272035599,-69.20255572605654,-69.20255572605654
970.2400272035599,-69.19697505570556,-69.19697505570556
970.2500272035599,-69.1913812825306,-69.1913812825306
970.2600272035598,-69.18577518447914,-69.18577518447914
970.2700272035598,-69.18015752989638,-69.18015752989638
970.2800272035598,-69.17452907747844,-69.17452907747844
970.2900272035599,-69.16889057628909,-69.16889057628909
970.3000272035599,-69.16324276576586,-69.16324276576586
970.3100272035599,-69.15758637573087,-69.15758637573087
970.3200272035599,-69.15192212639482,-69.15192212639482
970.3300272035599,-69.1462507284144,-69.1462507284144
970.3400272035599,-69.14057288288804,-69.14057288288804
970.3500272035599,-69.13488928141832,-69.13488928141832
970.3600272035599,-69.12920060612977,-69.12920060612977
970.3700272035599,-69.12350752973234,-69.12350752973234
970.3800272035598,-69.11781071555062,-69.11781071555062
970.3900272035598,-69.11211081758861,-69.11211081758861
970.4000272035598,-69.10640848058846,-69.10640848058846
970.4100272035598,-69.10070434007015,-69.10070434007015
970.4200272035599,-69.09499902240275,-69.09499902240275
970.4300272035599,-69.08929314488856,-69.08929314488856
970.4400272035599,-69.08358731578642,-69.08358731578642
970.4500272035599,-69.07788213441512,-69.07788213441512
970.4600272035599,-69.07217819121391,-69.07217819121391
970.4700272035599,-69.06647606781053,-69.06647606781053
970.4800272035599,-69.06077633709437,-69.06077633709437
970.4900272035599,-69.05507956329994,-69.05507956329994
970.5000272035599,-69.04938630208204,-69.04938630208204
970.5100272035598,-69.04369710057779,-69.04369710057779
970.5200272035598,-69.03801249751639,-69.03801249751639
970.5300272035598,-69.03233302326848,-69.03233302326848
970.5400272035599,-69.02665919994163,-69.02665919994163
970.5500272035599,-69.02099154146514,-69.02099154146514
970.5600272035599,-69.01533055366627,-69.01533055366627
970.5700272035599,-69.00967673435088,-69.00967673435088
970.5800272035599,-69.00403057338626,-69.00403057338626
970.5900272035599,-68.99839255279839,-68.99839255279839
970.6000272035599,-68.99276314683593,-68.99276314683593
970.6100272035599,-68.98714282207234,-68.98714282207234
970.6200272035599,-68.9815320374766,-68.9815320374766
970.6300272035598,-68.97593124449844,-68.97593124449844
970.6400272035598,-68.97034088716173,-68.97034088716173
970.6500272035598,-68.96476140214844,-68.96476140214844
970.6600272035598,-68.95919321886471,-68.95919321886471
970.6700272035599,-68.95363675953845,-68.95363675953845
970.6800272035599,-68.94809243932482,-68.94809243932482
970.6900272035599,-68.94256066633993,-68.94256066633993
970.7000272274017,-68.93704182863601,-68.93704182863601
970.7100272274017,-68.93153634689183,-68.93153634689183
970.7200272274017,-68.92604459550992,-68.92604459550992
970.7300272274017,-68.92056695539412,-68.92056695539412
970.7400272274017,-68.91510380085576,-68.91510380085576
970.7500272274017,-68.90965549967474,-68.90965549967474
970.7600272274017,-68.90422241320238,-68.90422241320238
970.7700272274018,-68.89880489641878,-68.89880489641878
970.7800272274018,-68.89340329804605,-68.89340329804605
970.7900272274018,-68.8880179605889,-68.8880179605889
970.8000272274018,-68.88264922043656,-68.88264922043656
970.8100272274017,-68.87729740793381,-68.87729740793381
970.8200272274017,-68.87196284746304,-68.87196284746304
970.8300272274017,-68.86664585750512,-68.86664585750512
970.8400272274017,-68.86134675074165,-68.86134675074165
970.8500272274017,-68.85606583410909,-68.85606583410909
970.8600272274017,-68.85080340887622,-68.85080340887622
970.8700272274017,-68.84555977073165,-68.84555977073165
970.8800272274017,-68.8403352098426,-68.8403352098426
970.8900272274018,-68.83513001092798,-68.83513001092798
970.9000272274018,-68.8299444533411,-68.8299444533411
970.9100272274018,-68.8247788111356,-68.8247788111356
970.9200272274018,-68.81963335313014,-68.81963335313014
970.9300272274018,-68.81450834299008,-68.81450834299008
970.9400272274017,-68.80940403927566,-68.80940403927566
970.9500272274017,-68.80432069554587,-68.80432069554587
970.9600272274017,-68.79925257412371,-68.79925257412371
970.9700272274017,-68.79419731043095,-68.79419731043095
970.9800272274017,-68.7891538862849,-68.7891538862849
970.9900272274017,-68.78412190484609,-68.78412190484609
971.0000272274017,-68.77910131355422,-68.77910131355422
971.0100272274017,-68.77409225994664,-68.77409225994664
971.0200272274018,-68.7690950069663,-68.7690950069663
971.0300272274018,-68.76410988202693,-68.76410988202693
971.0400272274018,-68.75913724630668,-68.75913724630668
971.0500272274018,-68.75417747639865,-68.75417747639865
971.0600272274017,-68.74923095336563,-68.74923095336563
971.0700272274017,-68.74429805636254,-68.74429805636254
971.0800272274017,-68.73937915902867,-68.73937915902867
971.0900272274017,-68.73447462757612,-68.73447462757612
971.1000272274017,-68.72958481985978,-68.72958481985978
971.1100272274017,-68.72471008509838,-68.72471008509838
971.1200272274017,-68.71985076392237,-68.71985076392237
971.1300272274017,-68.71500718861968,-68.71500718861968
971.1400272274018,-68.71017968346841,-68.71017968346841
971.1500272274018,-68.70536856513199,-68.70536856513199
971.1600272274018,-68.70057414303382,-68.70057414303382
971.1700272274018,-68.69579671971478,-68.69579671971478
971.1800272274018,-68.69103659118248,-68.69103659118248
971.1900272274017,-68.68629404724018,-68.68629404724018
971.2000272274017,-68.68156937173433,-68.68156937173433
971.2100272274017,-68.67685686690614,-68.67685686690614
971.2200272274017,-68.67215420135986,-68.67215420135986
971.2300272274017,-68.66746038731344,-68.66746038731344
971.2400272274017,-68.66277505692138,-68.66277505692138
971.2500272274017,-68.65809818582889,-68.65809818582889
971.2600272274017,-68.65342994929637,-68.65342994929637
971.2700272274018,-68.64877063771041,-68.64877063771041
971.2800272274018,-68.64412060577288,-68.64412060577288
971.2900272274018,-68.63948024190397,-68.63948024190397
971.3000272274018,-68.6348499499201,-68.6348499499201
971.3100272274017,-68.6302301381445,-68.6302301381445
971.3200272274017,-68.62562121305739,-68.62562121305739
971.3300272274017,-68.62102357568199,-68.62102357568199
971.3400272274017,-68.61643761968749,-68.61643761968749
971.3500272274017,-68.61186373048336,-68.61186373048336
971.3600272274017,-68.60730228489555,-68.60730228489555
971.3700272274017,-68.60275365124419,-68.60275365124419
971.3800272274017,-68.59821818956158,-68.59821818956158
971.3900272274018,-68.59369625192417,-68.59369625192417
971.4000272274018,-68.58918818282665,-68.58918818282665
971.4100272274018,-68.58469431955452,-68.58469431955452
971.4200272274018,-68.58021499254052,-68.58021499254052
971.4300272274018,-68.57575052567815,-68.57575052567815
971.4400272274017,-68.57130123663022,-68.57130123663022
971.4500272274017,-68.56686743710935,-68.56686743710935
971.4600272274017,-68.56244943308984,-68.56244943308984
971.4700272274017,-68.55804752504355,-68.55804752504355
971.4800272274017,-68.5536620081064,-68.5536620081064
971.4900272274017,-68.54929317223652,-68.54929317223652
971.5000272274017,-68.54494130238722,-68.54494130238722
971.5100272274017,-68.54060667860534,-68.54060667860534
971.5200272274018,-68.53628957614193,-68.53628957614193
971.5300272274018,-68.53199026558823,-68.53199026558823
971.5400272274018,-68.52770901290447,-68.52770901290447
971.5500272512436,-68.52344606941594,-68.52344606941594
971.5600272512436,-68.51920171247384,-68.51920171247384
971.5700272512436,-68.51497618450655,-68.51497618450655
971.5800272512436,-68.51076973382163,-68.51076973382163
971.5900272512436,-68.50658260445955,-68.50658260445955
971.6000272512435,-68.50241503624072,-68.50241503624072
971.6100272512435,-68.49826726481213,-68.49826726481213
971.6200272512436,-68.4941395216899,-68.4941395216899
971.6300272512436,-68.49003203431877,-68.49003203431877
971.6400272512436,-68.48594502609417,-68.48594502609417
971.6500272512436,-68.48187871639942,-68.48187871639942
971.6600272512436,-68.47783332065748,-68.47783332065748
971.6700272512436,-68.47380905035939,-68.47380905035939
971.6800272512436,-68.46980611310576,-68.46980611310576
971.6900272512436,-68.46582471262677,-68.46582471262677
971.7000272512436,-68.4618650488355,-68.4618650488355
971.7100272512436,-68.45792136095571,-68.45792136095571
971.7200272512436,-68.45399124512058,-68.45399124512058
971.7300272512435,-68.45007363809708,-68.45007363809708
971.7400272512436,-68.44616809593948,-68.44616809593948
971.7500272512436,-68.44227451831365,-68.44227451831365
971.7600272512436,-68.43839300497609,-68.43839300497609
971.7700272512436,-68.43452377151117,-68.43452377151117
971.7800272512436,-68.43066709860287,-68.43066709860287
971.7900272512436,-68.42682330147262,-68.42682330147262
971.8000272512436,-68.422992711576,-68.422992711576
971.8100272512436,-68.41917566568533,-68.41917566568533
971.8200272512436,-68.41537249953569,-68.41537249953569
971.8300272512436,-68.41158354418516,-68.41158354418516
971.8400272512436,-68.40780912409426,-68.40780912409426
971.8500272512435,-68.40404955620765,-68.40404955620765
971.8600272512435,-68.40030514960806,-68.40030514960806
971.8700272512436,-68.39657620556228,-68.39657620556228
971.8800272512436,-68.39286301774382,-68.39286301774382
971.8900272512436,-68.38916587255164,-68.38916587255164
971.9000272512436,-68.38548504945427,-68.38548504945427
971.9100272512436,-68.38182082137176,-68.38182082137176
971.9200272512436,-68.37817345500483,-68.37817345500483
971.9300272512436,-68.37454321117345,-68.37454321117345
971.9400272512436,-68.37093034509353,-68.37093034509353
971.9500272512436,-68.36733510664301,-68.36733510664301
971.9600272512436,-68.36375774061233,-68.36375774061233
971.9700272512436,-68.3601984868781,-68.3601984868781
971.9800272512435,-68.35665758062557,-68.35665758062557
971.9900272512436,-68.35313525246222,-68.35313525246222
972.0000272512436,-68.34963172861453,-68.34963172861453
972.0100272512436,-68.34614723100592,-68.34614723100592
972.0200272512436,-68.34268197737916,-68.34268197737916
972.0300272512436,-68.33923618140712,-68.33923618140712
972.0400272512436,-68.33581005277142,-68.33581005277142
972.0500272512436,-68.33240379723499,-68.33240379723499
972.0600272512436,-68.32901761673054,-68.32901761673054
972.0700272512436,-68.32565170939355,-68.32565170939355
972.0800272512436,-68.32230626964163,-68.32230626964163
972.0900272512436,-68.31898148823308,-68.31898148823308
972.1000272512435,-68.31567755229443,-68.31567755229443
972.1100272512435,-68.31239464538274,-68.31239464538274
972.1200272512436,-68.30913294751869,-68.30913294751869
972.1300272512436,-68.30589263524034,-68.30589263524034
972.1400272512436,-68.30267388162981,-68.30267388162981
972.1500272512436,-68.2994768563432,-68.2994768563432
972.1600272512436,-68.29630172565982,-68.29630172565982
972.1700272512436,-68.29314865252121,-68.29314865252121
972.1800272512436,-68.29001779654295,-68.29001779654295
972.1900272512436,-68.28690931407651,-68.28690931407651
972.2000272512436,-68.28382335819974,-68.28382335819974
972.2100272512436,-68.28076007879338,-68.28076007879338
972.2200272512436,-68.2777196225496,-68.2777196225496
972.2300272512435,-68.27470213299395,-68.27470213299395
972.2400272512436,-68.27170775053752,-68.27170775053752
972.2500272512436,-68.26873661249903,-68.26873661249903
972.2600272512436,-68.26578885312215,-68.26578885312215
972.2700272512436,-68.26286460362591,-68.26286460362591
972.2800272512436,-68.25996399221975,-68.25996399221975
972.2900272512436,-68.2570871441446,-68.2570871441446
972.3000272512436,-68.25423418169913,-68.25423418169913
972.3100272512436,-68.2514052242586,-68.2514052242586
972.3200272512436,-68.24860038832904,-68.24860038832904
972.3300272512436,-68.24581978754905,-68.24581978754905
972.3400272512436,-68.24306353274932,-68.24306353274932
972.3500272512435,-68.24033173195943,-68.24033173195943
972.3600272512435,-68.23762449044754,-68.23762449044754
972.3700272512436,-68.2349419107423,-68.2349419107423
972.3800272512436,-68.23228409268738,-68.23228409268738
972.3900272512436,-68.22965113343896,-68.22965113343896
972.4000272750854,-68.22704312131468,-68.22704312131468
972.4100272750854,-68.22446016070197,-68.22446016070197
972.4200272750854,-68.22190233464754,-68.22190233464754
972.4300272750854,-68.21936972993242,-68.21936972993242
972.4400272750854,-68.21686243080858,-68.21686243080858
972.4500272750854,-68.21438051903603,-68.21438051903603
972.4600272750854,-68.21191813800138,-68.21191813800138
972.4700272750855,-68.20947277639515,-68.20947277639515
972.4800272750855,-68.20704325959457,-68.20704325959457
972.4900272750855,-68.20462903109274,-68.20462903109274
972.5000272750855,-68.20222987788014,-68.20222987788014
972.5100272750855,-68.1998457875462,-68.1998457875462
972.5200272750855,-68.19747686433647,-68.19747686433647
972.5300272750854,-68.19512327863156,-68.19512327863156
972.5400272750854,-68.19278523653564,-68.19278523653564
972.5500272750854,-68.19046296164018,-68.19046296164018
972.5600272750854,-68.18815668416651,-68.18815668416651
972.5700272750854,-68.18586663462769,-68.18586663462769
972.5800272750854,-68.18359304019953,-68.18359304019953
972.5900272750855,-68.1813361228106,-68.1813361228106
972.6000272750855,-68.1790960982121,-68.1790960982121
972.6100272750855,-68.1768731756332,-68.1768731756332
972.6200272750855,-68.17466755780512,-68.17466755780512
972.6300272750855,-68.1724794412051,-68.1724794412051
972.6400272750855,-68.17030901633375,-68.17030901633375
972.6500272750854,-68.16815646807378,-68.16815646807378
972.6600272750854,-68.16602197603167,-68.16602197603167
972.6700272750854,-68.16390571488692,-68.16390571488692
972.6800272750854,-68.16180785469673,-68.16180785469673
972.6900272750854,-68.15972856117779,-68.15972856117779
972.7000272750854,-68.15766799596088,-68.15766799596088
972.7100272750854,-68.15562631680096,-68.15562631680096
972.7200272750855,-68.15360367778787,-68.15360367778787
972.7300272750855,-68.15160022953407,-68.15160022953407
972.7400272750855,-68.14961611926738,-68.14961611926738
972.7500272750855,-68.14765149101876,-68.14765149101876
972.7600272750855,-68.14570648572055,-68.14570648572055
972.7700272750855,-68.1437812412743,-68.1437812412743
972.7800272750854,-68.1418758926864,-68.1418758926864
972.7900272750854,-68.13999057210836,-68.13999057210836
972.8000272750854,-68.13812540892474,-68.13812540892474
972.8100272750854,-68.13628052979767,-68.13628052979767
972.8200272750854,-68.13445605873416,-68.13445605873416
972.8300272750854,-68.13265211710318,-68.13265211710318
972.8400272750855,-68.13086882371628,-68.13086882371628
972.8500272750855,-68.12910629485239,-68.12910629485239
972.8600272750855,-68.12736464427806,-68.12736464427806
972.8700272750855,-68.12564398328496,-68.12564398328496
972.8800272750855,-68.12394442073446,-68.12394442073446
972.8900272750855,-68.12226606306606,-68.12226606306606
972.9000272750854,-68.1206090143245,-68.1206090143245
972.9100272750854,-68.11897337620927,-68.11897337620927
972.9200272750854,-68.11735924806605,-68.11735924806605
972.9300272750854,-68.11576672691983,-68.11576672691983
972.9400272750854,-68.11419590750621,-68.11419590750621
972.9500272750854,-68.11264688227999,-68.11264688227999
972.9600272750854,-68.11111974144347,-68.11111974144347
972.9700272750855,-68.10961457295149,-68.10961457295149
972.9800272750855,-68.1081314625596,-68.1081314625596
972.9900272750855,-68.10667049382123,-68.10667049382123
973.0000272750855,-68.10523174810838,-68.10523174810838
973.0100272750855,-68.10381530464336,-68.10381530464336
973.0200272750855,-68.10242124050703,-68.10242124050703
973.0300272750854,-68.10104963065702,-68.10104963065702
973.0400272750854,-68.09970054796673,-68.09970054796673
973.0500272750854,-68.09837406321178,-68.09837406321178
973.0600272750854,-68.0970702451213,-68.0970702451213
973.0700272750854,-68.09578916037785,-68.09578916037785
973.0800272750854,-68.09453087364703,-68.09453087364703
973.0900272750855,-68.0932954475859,-68.0932954475859
973.1000272750855,-68.09208294288752,-68.09208294288752
973.1100272750855,-68.09089341827251,-68.09089341827251
973.1200272750855,-68.08972693051253,-68.08972693051253
973.1300272750855,-68.08858353446358,-68.08858353446358
973.1400272750855,-68.0874632830916,-68.0874632830916
973.1500272750854,-68.08636622747109,-68.08636622747109
973.1600272750854,-68.08529241682122,-68.08529241682122
973.1700272750854,-68.08424189851267,-68.08424189851267
973.1800272750854,-68.08321471811283,-68.08321471811283
973.1900272750854,-68.08221091936612,-68.08221091936612
973.2000272750854,-68.08123054425549,-68.08123054425549
973.2100272750854,-68.08027363299617,-68.08027363299617
973.2200272750855,-68.07934022407386,-68.07934022407386
973.2300272750855,-68.07843035425732,-68.07843035425732
973.2400272750855,-68.07754405860207,-68.07754405860207
973.2500272989273,-68.07668136845665,-68.07668136845665
973.2600272989273,-68.07584231971789,-68.07584231971789
973.2700272989273,-68.07502694034751,-68.07502694034751
973.2800272989273,-68.07423525884136,-68.07423525884136
973.2900272989273,-68.07346730208909,-68.07346730208909
973.3000272989273,-68.07272309539213,-68.07272309539213
973.3100272989273,-68.07200266250953,-68.07200266250953
973.3200272989274,-68.07130602565914,-68.07130602565914
973.3300272989273,-68.07063320555469,-68.07063320555469
973.3400272989273,-68.06998422139988,-68.06998422139988
973.3500272989273,-68.06935909092348,-68.06935909092348
973.3600272989273,-68.06875783041048,-68.06875783041048
973.3700272989273,-68.06818045470423,-68.06818045470423
973.3800272989273,-68.06762697723892,-68.06762697723892
973.3900272989273,-68.06709741003782,-68.06709741003782
973.4000272989273,-68.06659176374897,-68.06659176374897
973.4100272989273,-68.06611004767409,-68.06611004767409
973.4200272989273,-68.0656522697717,-68.0656522697717
973.4300272989273,-68.06521843667079,-68.06521843667079
973.4400272989274,-68.06480855370798,-68.06480855370798
973.4500272989274,-68.06442262493677,-68.06442262493677
973.4600272989273,-68.06406065314798,-68.06406065314798
973.4700272989273,-68.0637226398736,-68.0637226398736
973.4800272989273,-68.06340858543781,-68.06340858543781
973.4900272989273,-68.0631184889307,-68.0631184889307
973.5000272989273,-68.0628523482777,-68.0628523482777
973.5100272989273,-68.06261016022033,-68.06261016022033
973.5200272989273,-68.06239192033271,-68.06239192033271
973.5300272989273,-68.06219762306146,-68.06219762306146
973.5400272989273,-68.06202726173629,-68.06202726173629
973.5500272989273,-68.06188082857454,-68.06188082857454
973.5600272989273,-68.06175831470746,-68.06175831470746
973.5700272989274,-68.06165971018972,-68.06165971018972
973.5800272989273,-68.0615850040387,-68.0615850040387
973.5900272989273,-68.06153418422558,-68.06153418422558
973.6000272989273,-68.06150723769737,-68.06150723769737
973.6100272989273,-68.06150415040365,-68.06150415040365
973.6200272989273,-68.06152490730209,-68.06152490730209
973.6300272989273,-68.06156949236956,-68.06156949236956
973.6400272989273,-68.06163788863677,-68.06163788863677
973.6500272989273,-68.06173007818407,-68.06173007818407
973.6600272989273,-68.06184604217977,-68.06184604217977
973.6700272989273,-68.06198576085865,-68.06198576085865
973.6800272989273,-68.06214921357866,-68.06214921357866
973.6900272989274,-68.06233637880912,-68.06233637880912
973.7000272989274,-68.06254723415033,-68.06254723415033
973.7100272989273,-68.06277583097162,-68.06277583097162
973.7200272989273,-68.06301955853932,-68.06301955853932
973.7300272989273,-68.06327714071224,-68.06327714071224
973.7400272989273,-68.06354791920647,-68.06354791920647
973.7500272989273,-68.06383157977352,-68.06383157977352
973.7600272989273,-68.06412800973766,-68.06412800973766
973.7700272989273,-68.0644372143311,-68.0644372143311
973.7800272989273,-68.06475926637069,-68.06475926637069
973.7900272989273,-68.06509427597543,-68.06509427597543
973.8000272989273,-68.06544237236427,-68.06544237236427
973.8100272989273,-68.06580369303805,-68.06580369303805
973.8200272989274,-68.066178377464,-68.066178377464
973.8300272989273,-68.0665665634616,-68.0665665634616
973.8400272989273,-68.06696838522085,-68.06696838522085
973.8500272989273,-68.06738397238519,-68.06738397238519
973.8600272989273,-68.06781344968304,-68.06781344968304
973.8700272989273,-68.06825693694752,-68.06825693694752
973.8800272989273,-68.06871454929096,-68.06871454929096
973.8900272989273,-68.0691863973772,-68.0691863973772
973.9000272989273,-68.06967258776358,-68.06967258776358
973.9100272989273,-68.07017322321435,-68.07017322321435
973.9200272989273,-68.07068840300012,-68.07068840300012
973.9300272989273,-68.07121822321197,-68.07121822321197
973.9400272989274,-68.07176277698971,-68.07176277698971
973.9500272989274,-68.07232215478659,-68.07232215478659
973.9600272989273,-68.07289644452857,-68.07289644452857
973.9700272989273,-68.07348573181869,-68.07348573181869
973.9800272989273,-68.0740901000825,-68.0740901000825
973.9900272989273,-68.07470963067713,-68.07470963067713
974.0000272989273,-68.07534440302769,-68.07534440302769
974.0100272989273,-68.07599449471543,-68.07599449471543
974.0200272989273,-68.07665998153743,-68.07665998153743
974.0300272989273,-68.07734093760031,-68.07734093760031
974.0400272989273,-68.07803743537134,-68.07803743537134
974.0500272989273,-68.07874954571236,-68.07874954571236
974.0600272989273,-68.07947733793907,-68.07947733793907
974.0700272989274,-68.08022087985502,-68.08022087985502
974.0800272989273,-68.08098023777525,-68.08098023777525
974.0900272989273,-68.08175547654874,-68.08175547654874
974.1000273227692,-68.08254666147634,-68.08254666147634
974.1100273227692,-68.08335385081706,-68.08335385081706
974.1200273227691,-68.08417710697998,-68.08417710697998
974.1300273227691,-68.08501648916142,-68.08501648916142
974.1400273227691,-68.08587205518074,-68.08587205518074
974.1500273227691,-68.08674386147092,-68.08674386147092
974.1600273227691,-68.08763196311281,-68.08763196311281
974.1700273227692,-68.08853641383136,-68.08853641383136
974.1800273227692,-68.08945726600925,-68.08945726600925
974.1900273227692,-68.09039457069265,-68.09039457069265
974.2000273227692,-68.09134837759505,-68.09134837759505
974.2100273227692,-68.0923187350984,-68.0923187350984
974.2200273227692,-68.0933056902903,-68.0933056902903
974.2300273227692,-68.0943092889138,-68.0943092889138
974.2400273227692,-68.09532957542565,-68.09532957542565
974.2500273227691,-68.09636659297584,-68.09636659297584
974.2600273227691,-68.09742038343809,-68.09742038343809
974.2700273227691,-68.0984909873756,-68.0984909873756
974.2800273227691,-68.09957844408859,-68.09957844408859
974.2900273227692,-68.10068279159266,-68.10068279159266
974.3000273227692,-68.10180406664414,-68.10180406664414
974.3100273227692,-68.1029423047448,-68.1029423047448
974.3200273227692,-68.10409754012399,-68.10409754012399
974.3300273227692,-68.10526980579365,-68.10526980579365
974.3400273227692,-68.10645913351156,-68.10645913351156
974.3500273227692,-68.1076655538173,-68.1076655538173
974.3600273227692,-68.10888909602114,-68.10888909602114
974.3700273227691,-68.11012978823088,-68.11012978823088
974.3800273227691,-68.11138765734594,-68.11138765734594
974.3900273227691,-68.11266272908651,-68.11266272908651
974.4000273227691,-68.11395502797282,-68.11395502797282
974.4100273227691,-68.11526457735712,-68.11526457735712
974.4200273227692,-68.11659139943212,-68.11659139943212
974.4300273227692,-68.11793551523215,-68.11793551523215
974.4400273227692,-68.11929694464881,-68.11929694464881
974.4500273227692,-68.12067570642624,-68.12067570642624
974.4600273227692,-68.12206588652225,-68.12206588652225
974.4700273227692,-68.12346491048028,-68.12346491048028
974.4800273227692,-68.12487153886984,-68.12487153886984
974.4900273227692,-68.12628515013351,-68.12628515013351
974.5000273227691,-68.12770546660676,-68.12770546660676
974.5100273227691,-68.12913241204659,-68.12913241204659
974.5200273227691,-68.13056602794317,-68.13056602794317
974.5300273227691,-68.13200642323373,-68.13200642323373
974.5400273227692,-68.13345374400555,-68.13345374400555
974.5500273227692,-68.13490815533821,-68.13490815533821
974.5600273227692,-68.13636983046027,-68.13636983046027
974.5700273227692,-68.13783894443242,-68.13783894443242
974.5800273227692,-68.13931567051634,-68.13931567051634
974.5900273227692,-68.14080017823427,-68.14080017823427
974.6000273227692,-68.14229263239342,-68.14229263239342
974.6100273227692,-68.14379319275594,-68.14379319275594
974.6200273227691,-68.14530201399914,-68.14530201399914
974.6300273227691,-68.14681924590799,-68.14681924590799
974.6400273227691,-68.14834503365101,-68.14834503365101
974.6500273227691,-68.14987951809042,-68.14987951809042
974.6600273227691,-68.15142283611304,-68.15142283611304
974.6700273227692,-68.15297512090865,-68.15297512090865
974.6800273227692,-68.1545365022845,-68.1545365022845
974.6900273227692,-68.15610710688748,-68.15610710688748
974.7000273227692,-68.15768705844515,-68.15768705844515
974.7100273227692,-68.15927647795736,-68.15927647795736
974.7200273227692,-68.160875483884,-68.160875483884
974.7300273227692,-68.16248419226166,-68.16248419226166
974.7400273227692,-68.16410271685842,-68.16410271685842
974.7500273227691,-68.16573116926006,-68.16573116926006
974.7600273227691,-68.16736965896987,-68.16736965896987
974.7700273227691,-68.1690182935049,-68.1690182935049
974.7800273227691,-68.1706771784261,-68.1706771784261
974.7900273227692,-68.17234641743067,-68.17234641743067
974.8000273227692,-68.17402611239817,-68.17402611239817
974.8100273227692,-68.17571636338674,-68.17571636338674
974.8200273227692,-68.17741726873527,-68.17741726873527
974.8300273227692,-68.17912892503811,-68.17912892503811
974.8400273227692,-68.18085142719823,-68.18085142719823
974.8500273227692,-68.18258486843342,-68.18258486843342
974.8600273227692,-68.18432934031178,-68.18432934031178
974.8700273227691,-68.18608493276308,-68.18608493276308
974.8800273227691,-68.18785173407433,-68.18785173407433
974.8900273227691,-68.18962983093984,-68.18962983093984
974.9000273227691,-68.1914193084303,-68.1914193084303
974.9100273227691,-68.19322025003855,-68.19322025003855
974.9200273227692,-68.19503273766254,-68.19503273766254
974.9300273227692,-68.19685685163194,-68.19685685163194
974.9400273227692,-68.19869267070038,-68.19869267070038
974.950027346611,-68.20054027648128,-68.20054027648128
974.960027346611,-68.20239973585652,-68.20239973585652
974.970027346611,-68.20427112728039,-68.20427112728039
974.980027346611,-68.20615452333931,-68.20615452333931
974.990027346611,-68.2080499950674,-68.2080499950674
975.000027346611,-68.20995761199973,-68.20995761199973
975.010027346611,-68.21187744214502,-68.21187744214502
975.0200273466111,-68.21380955200004,-68.21380955200004
975.0300273466111,-68.21575400657794,-68.21575400657794
975.040027346611,-68.21771086940582,-68.21771086940582
975.050027346611,-68.21968020251985,-68.21968020251985
975.060027346611,-68.2216620664916,-68.2216620664916
975.070027346611,-68.22365652043098,-68.22365652043098
975.080027346611,-68.22566362199983,-68.22566362199983
975.090027346611,-68.22768342741774,-68.22768342741774
975.100027346611,-68.22971599145868,-68.22971599145868
975.110027346611,-68.23176136749694,-68.23176136749694
975.120027346611,-68.23381960747821,-68.23381960747821
975.130027346611,-68.23589076195488,-68.23589076195488
975.1400273466111,-68.2379748800822,-68.2379748800822
975.1500273466111,-68.24007200964833,-68.24007200964833
975.1600273466111,-68.24218219706498,-68.24218219706498
975.170027346611,-68.24430548739333,-68.24430548739333
975.180027346611,-68.24644192434198,-68.24644192434198
975.190027346611,-68.24859155029553,-68.24859155029553
975.200027346611,-68.2507544063132,-68.2507544063132
975.210027346611,-68.25293053214918,-68.25293053214918
975.220027346611,-68.25511996626273,-68.25511996626273
975.230027346611,-68.25732274582182,-68.25732274582182
975.240027346611,-68.2595389067382,-68.2595389067382
975.250027346611,-68.26176848365625,-68.26176848365625
975.260027346611,-68.2640115099718,-68.2640115099718
975.2700273466111,-68.26626801785693,-68.26626801785693
975.2800273466111,-68.26853803826651,-68.26853803826651
975.290027346611,-68.2708216009452,-68.2708216009452
975.300027346611,-68.27311873444495,-68.27311873444495
975.310027346611,-68.2754294661441,-68.2754294661441
975.320027346611,-68.27775382224543,-68.27775382224543
975.330027346611,-68.28009182780794,-68.28009182780794
975.340027346611,-68.28244350674933,-68.28244350674933
975.350027346611,-68.28480888186206,-68.28480888186206
975.360027346611,-68.28718797482688,-68.28718797482688
975.370027346611,-68.28958080622044,-68.28958080622044
975.380027346611,-68.29198739554491,-68.29198739554491
975.3900273466111,-68.29440776120676,-68.29440776120676
975.4000273466111,-68.29684192059577,-68.29684192059577
975.4100273466111,-68.29928989001606,-68.29928989001606
975.420027346611,-68.30175168476576,-68.30175168476576
975.430027346611,-68.30422731910903,-68.30422731910903
975.440027346611,-68.30671680631977,-68.30671680631977
975.450027346611,-68.30922015866817,-68.30922015866817
975.460027346611,-68.31173738744931,-68.31173738744931
975.470027346611,-68.31426850299496,-68.31426850299496
975.480027346611,-68.31681351468059,-68.31681351468059
975.490027346611,-68.31937243095018,-68.31937243095018
975.500027346611,-68.32194525931327,-68.32194525931327
975.510027346611,-68.32453200637,-68.32453200637
975.5200273466111,-68.32713267781662,-68.32713267781662
975.5300273466111,-68.32974727846891,-68.32974727846891
975.540027346611,-68.33237581225505,-68.33237581225505
975.550027346611,-68.33501828225776,-68.33501828225776
975.560027346611,-68.33767469070034,-68.33767469070034
975.570027346611,-68.34034503896474,-68.34034503896474
975.580027346611,-68.34302932761165,-68.34302932761165
975.590027346611,-68.34572755639122,-68.34572755639122
975.600027346611,-68.34843972424765,-68.34843972424765
975.610027346611,-68.35116582934069,-68.35116582934069
975.620027346611,-68.35390586904651,-68.35390586904651
975.630027346611,-68.35665983998616,-68.35665983998616
975.6400273466111,-68.3594277380093,-68.3594277380093
975.6500273466111,-68.36220955825009,-68.36220955825009
975.6600273466111,-68.36500529509016,-68.36500529509016
975.670027346611,-68.36781494219922,-68.36781494219922
975.680027346611,-68.3706384925402,-68.3706384925402
975.690027346611,-68.37347593837393,-68.37347593837393
975.700027346611,-68.37632727129294,-68.37632727129294
975.710027346611,-68.37918652611769,-68.37918652611769
975.720027346611,-68.3820510890563,-68.3820510890563
975.730027346611,-68.38491968629054,-68.38491968629054
975.740027346611,-68.38779166429109,-68.38779166429109
975.750027346611,-68.39066671498868,-68.39066671498868
975.760027346611,-68.39354473285188,-68.39354473285188
975.7700273466111,-68.39642573102988,-68.39642573102988
975.7800273466111,-68.39930979092836,-68.39930979092836
975.790027346611,-68.40219703185036,-68.40219703185036
975.8000273704529,-68.40508759967699,-68.40508759967699
975.8100273704529,-68.40798162851152,-68.40798162851152
975.8200273704529,-68.41087927557655,-68.41087927557655
975.8300273704529,-68.4137806900848,-68.4137806900848
975.8400273704528,-68.41668601814267,-68.41668601814267
975.8500273704528,-68.4195954017806,-68.4195954017806
975.8600273704528,-68.42250897858298,-68.42250897858298
975.8700273704529,-68.42542688164934,-68.42542688164934
975.8800273704529,-68.42834923979592,-68.42834923979592
975.8900273704529,-68.4312761777798,-68.4312761777798
975.9000273704529,-68.43420781661918,-68.43420781661918
975.9100273704529,-68.43714427389793,-68.43714427389793
975.9200273704529,-68.44008566405569,-68.44008566405569
975.9300273704529,-68.44303209867533,-68.44303209867533
975.9400273704529,-68.44598368670212,-68.44598368670212
975.9500273704529,-68.44894053467287,-68.44894053467287
975.9600273704528,-68.4519027468977,-68.4519027468977
975.9700273704528,-68.45487042563157,-68.45487042563157
975.9800273704528,-68.45784367119695,-68.45784367119695
975.9900273704529,-68.46082258210473,-68.46082258210473
976.0000273704529,-68.4638072551852,-68.4638072551852
976.0100273704529,-68.4667977856203,-68.4667977856203
976.0200273704529,-68.46979426705437,-68.46979426705437
976.0300273704529,-68.47279679163161,-68.47279679163161
976.0400273704529,-68.47580545006146,-68.47580545006146
976.0500273704529,-68.47882033165743,-68.47882033165743
976.0600273704529,-68.48184152435789,-68.48184152435789
976.0700273704529,-68.48486911476485,-68.48486911476485
976.0800273704529,-68.4879031881639,-68.4879031881639
976.0900273704528,-68.49094382855324,-68.49094382855324
976.1000273704528,-68.4939911186399,-68.4939911186399
976.1100273704528,-68.4970451398677,-68.4970451398677
976.1200273704529,-68.50010597241138,-68.50010597241138
976.1300273704529,-68.5031736952182,-68.5031736952182
976.1400273704529,-68.50624838598003,-68.50624838598003
976.1500273704529,-68.50933012113413,-68.50933012113413
976.1600273704529,-68.51241897591191,-68.51241897591191
976.1700273704529,-68.51551502430223,-68.51551502430223
976.1800273704529,-68.51861833905689,-68.51861833905689
976.1900273704529,-68.52172899172493,-68.52172899172493
976.2000273704529,-68.52484705262297,-68.52484705262297
976.2100273704528,-68.52797259084215,-68.52797259084215
976.2200273704528,-68.53110567426796,-68.53110567426796
976.2300273704528,-68.53424636955754,-68.53424636955754
976.2400273704529,-68.537394742172,-68.537394742172
976.2500273704529,-68.54055085635375,-68.54055085635375
976.2600273704529,-68.5437147751428,-68.5437147751428
976.2700273704529,-68.54688656036836,-68.54688656036836
976.2800273704529,-68.5500662726648,-68.5500662726648
976.2900273704529,-68.5532539714735,-68.5532539714735
976.3000273704529,-68.55644971502419,-68.55644971502419
976.3100273704529,-68.55965356038367,-68.55965356038367
976.3200273704529,-68.56286556341047,-68.56286556341047
976.3300273704529,-68.56608577879042,-68.56608577879042
976.3400273704528,-68.56931426004624,-68.56931426004624
976.3500273704528,-68.57255105951319,-68.57255105951319
976.3600273704528,-68.57579622838051,-68.57579622838051
976.3700273704529,-68.57904981666358,-68.57904981666358
976.3800273704529,-68.58231187323976,-68.58231187323976
976.3900273704529,-68.58558244582483,-68.58558244582483
976.4000273704529,-68.58886158102032,-68.58886158102032
976.4100273704529,-68.5921493242773,-68.5921493242773
976.4200273704529,-68.59544571992674,-68.59544571992674
976.4300273704529,-68.5987508111849,-68.5987508111849
976.4400273704529,-68.60206464016449,-68.60206464016449
976.4500273704529,-68.60538724787587,-68.60538724787587
976.4600273704528,-68.60871867422749,-68.60871867422749
976.4700273704528,-68.61205895806457,-68.61205895806457
976.4800273704528,-68.61540813714953,-68.61540813714953
976.4900273704529,-68.61876624816736,-68.61876624816736
976.5000273704529,-68.6221333267627,-68.6221333267627
976.5100273704529,-68.625509407535,-68.625509407535
976.5200273704529,-68.6288945240188,-68.6288945240188
976.5300273704529,-68.63228870875648,-68.63228870875648
976.5400273704529,-68.63569199325029,-68.63569199325029
976.5500273704529,-68.63910440799063,-68.63910440799063
976.5600273704529,-68.64252598248693,-68.64252598248693
976.5700273704529,-68.64595674524833,-68.64595674524833
976.5800273704529,-68.64939672380419,-68.64939672380419
976.5900273704528,-68.65284594472253,-68.65284594472253
976.6000273704528,-68.65630443360196,-68.65630443360196
976.6100273704528,-68.65977221510293,-68.65977221510293
976.6200273704529,-68.66324931294237,-68.66324931294237
976.6300273704529,-68.66673574992083,-68.66673574992083
976.6400273704529,-68.67023154790384,-68.67023154790384
976.6500273942947,-68.67373673621218,-68.67373673621218
976.6600273942947,-68.67725131825759,-68.67725131825759
976.6700273942947,-68.68077532153178,-68.68077532153178
976.6800273942947,-68.68430876435372,-68.68430876435372
976.6900273942947,-68.6878516641724,-68.6878516641724
976.7000273942947,-68.69140403758247,-68.69140403758247
976.7100273942947,-68.69496590032814,-68.69496590032814
976.7200273942948,-68.69853726733373,-68.69853726733373
976.7300273942948,-68.70211815270163,-68.70211815270163
976.7400273942948,-68.70570856970627,-68.70570856970627
976.7500273942948,-68.70930853083877,-68.70930853083877
976.7600273942948,-68.71291804778144,-68.71291804778144
976.7700273942947,-68.71653713145784,-68.71653713145784
976.7800273942947,-68.7201657919938,-68.7201657919938
976.7900273942947,-68.72380403878353,-68.72380403878353
976.8000273942947,-68.72745188045377,-68.72745188045377
976.8100273942947,-68.73110932489702,-68.73110932489702
976.8200273942947,-68.7347763792793,-68.7347763792793
976.8300273942947,-68.73845305003834,-68.73845305003834
976.8400273942948,-68.74213934290601,-68.74213934290601
976.8500273942948,-68.7458352629301,-68.7458352629301
976.8600273942948,-68.74954081444828,-68.74954081444828
976.8700273942948,-68.75325600112495,-68.75325600112495
976.8800273942948,-68.75698082596458,-68.75698082596458
976.8900273942947,-68.76071529130614,-68.76071529130614
976.9000273942947,-68.76445939883028,-68.76445939883028
976.9100273942947,-68.76821314958848,-68.76821314958848
976.9200273942947,-68.77197654399656,-68.77197654399656
976.9300273942947,-68.77574958183683,-68.77574958183683
976.9400273942947,-68.77953226230196,-68.77953226230196
976.9500273942947,-68.78332458396116,-68.78332458396116
976.9600273942947,-68.7871205512644,-68.7871205512644
976.9700273942948,-68.79091753914508,-68.79091753914508
976.9800273942948,-68.79471427014975,-68.79471427014975
976.9900273942948,-68.79851009066141,-68.79851009066141
977.0000273942948,-68.80230469452385,-68.80230469452385
977.0100273942948,-68.80609797938378,-68.80609797938378
977.0200273942947,-68.80988996237342,-68.80988996237342
977.0300273942947,-68.81368072949208,-68.81368072949208
977.0400273942947,-68.81747040508978,-68.81747040508978
977.0500273942947,-68.82125913359093,-68.82125913359093
977.0600273942947,-68.82504706859126,-68.82504706859126
977.0700273942947,-68.82883436647197,-68.82883436647197
977.0800273942947,-68.83262118272454,-68.83262118272454
977.0900273942948,-68.83640766997982,-68.83640766997982
977.1000273942948,-68.84019397702508,-68.84019397702508
977.1100273942948,-68.84398024839312,-68.84398024839312
977.1200273942948,-68.84776662434639,-68.84776662434639
977.1300273942948,-68.85155324103609,-68.85155324103609
977.1400273942947,-68.85534023073991,-68.85534023073991
977.1500273942947,-68.85912772217621,-68.85912772217621
977.1600273942947,-68.86291584077404,-68.86291584077404
977.1700273942947,-68.86670470897661,-68.86670470897661
977.1800273942947,-68.87049444651512,-68.87049444651512
977.1900273942947,-68.87428517062301,-68.87428517062301
977.2000273942947,-68.8780769962546,-68.8780769962546
977.2100273942947,-68.88187003625715,-68.88187003625715
977.2200273942948,-68.88566440154797,-68.88566440154797
977.2300273942948,-68.88946020122894,-68.88946020122894
977.2400273942948,-68.8932575426964,-68.8932575426964
977.2500273942948,-68.89705653176316,-68.89705653176316
977.2600273942948,-68.9008572726999,-68.9008572726999
977.2700273942947,-68.90465986832312,-68.90465986832312
977.2800273942947,-68.90846442004992,-68.90846442004992
977.2900273942947,-68.91227102795081,-68.91227102795081
977.3000273942947,-68.91607979076834,-68.91607979076834
977.3100273942947,-68.91989080595523,-68.91989080595523
977.3200273942947,-68.92370416971389,-68.92370416971389
977.3300273942947,-68.92751997698174,-68.92751997698174
977.3400273942948,-68.93133832148612,-68.93133832148612
977.3500273942948,-68.9351592957406,-68.9351592957406
977.3600273942948,-68.93898299104043,-68.93898299104043
977.3700273942948,-68.94280949748862,-68.94280949748862
977.3800273942948,-68.94663890399477,-68.94663890399477
977.3900273942947,-68.95047129827891,-68.95047129827891
977.4000273942947,-68.95430676687671,-68.95430676687671
977.4100273942947,-68.95814539513468,-68.95814539513468
977.4200273942947,-68.96198726722977,-68.96198726722977
977.4300273942947,-68.96583246613372,-68.96583246613372
977.4400273942947,-68.96968107366955,-68.96968107366955
977.4500273942947,-68.97353317045032,-68.97353317045032
977.4600273942947,-68.97738282573467,-68.97738282573467
977.4700273942948,-68.98122748774666,-68.98122748774666
977.4800273942948,-68.98506595531057,-68.98506595531057
977.4900273942948,-68.98889765211752,-68.98889765211752
977.5000274181366,-68.99272235871689,-68.99272235871689
977.5100274181366,-68.99654003204068,-68.99654003204068
977.5200274181366,-69.00035077560463,-69.00035077560463
977.5300274181366,-69.00415475223154,-69.00415475223154
977.5400274181366,-69.00795216261196,-69.00795216261196
977.5500274181366,-69.01174322698618,-69.01174322698618
977.5600274181365,-69.01552817419267,-69.01552817419267
977.5700274181366,-69.01930723525737,-69.01930723525737
977.5800274181366,-69.02308063972906,-69.02308063972906
977.5900274181366,-69.02684861366055,-69.02684861366055
977.6000274181366,-69.03061137862865,-69.03061137862865
977.6100274181366,-69.03436915133881,-69.03436915133881
977.6200274181366,-69.03812214357112,-69.03812214357112
977.6300274181366,-69.04187056233096,-69.04187056233096
977.6400274181366,-69.04561461010691,-69.04561461010691
977.6500274181366,-69.04935448515177,-69.04935448515177
977.6600274181366,-69.05309038178002,-69.05309038178002
977.6700274181366,-69.05682249065356,-69.05682249065356
977.6800274181365,-69.06055099903767,-69.06055099903767
977.6900274181367,-69.06427609101242,-69.06427609101242
977.7000274181366,-69.06799794772847,-69.06799794772847
977.7100274181366,-69.07171674754527,-69.07171674754527
977.7200274181366,-69.07543266619777,-69.07543266619777
977.7300274181366,-69.0791458769265,-69.0791458769265
977.7400274181366,-69.08285655060847,-69.08285655060847
977.7500274181366,-69.08656485581331,-69.08656485581331
977.7600274181366,-69.09027095893155,-69.09027095893155
977.7700274181366,-69.09397502420092,-69.09397502420092
977.7800274181366,-69.09767721379058,-69.09767721379058
977.7900274181366,-69.10137768782464,-69.10137768782464
977.8000274181366,-69.10507660444672,-69.10507660444672
977.8100274181365,-69.10877411983411,-69.10877411983411
977.8200274181366,-69.11247038821935,-69.11247038821935
977.8300274181366,-69.11616556194262,-69.11616556194262
977.8400274181366,-69.11985979143527,-69.11985979143527
977.8500274181366,-69.1235532252581,-69.1235532252581
977.8600274181366,-69.1272460100935,-69.1272460100935
977.8700274181366,-69.130938290798,-69.130938290798
977.8800274181366,-69.13463021034671,-69.13463021034671
977.8900274181366,-69.13832190990276,-69.13832190990276
977.9000274181366,-69.14201352878496,-69.14201352878496
977.9100274181366,-69.14570520449293,-69.14570520449293
977.9200274181366,-69.14939707270989,-69.14939707270989
977.9300274181365,-69.15308926730113,-69.15308926730113
977.9400274181367,-69.15678192032199,-69.15678192032199
977.9500274181366,-69.16047516203092,-69.16047516203092
977.9600274181366,-69.1641691208798,-69.1641691208798
977.9700274181366,-69.1678639235314,-69.1678639235314
977.9800274181366,-69.17155969485866,-69.17155969485866
977.9900274181366,-69.1752565579474,-69.1752565579474
978.0000274181366,-69.17895463412034,-69.17895463412034
978.0100274181366,-69.18265404291647,-69.18265404291647
978.0200274181366,-69.18635490211005,-69.18635490211005
978.0300274181366,-69.19005732773944,-69.19005732773944
978.0400274181366,-69.19376143406272,-69.19376143406272
978.0500274181366,-69.19746733361517,-69.19746733361517
978.0600274181365,-69.20117513719269,-69.20117513719269
978.0700274181366,-69.2048849538672,-69.2048849538672
978.0800274181366,-69.2085968909966,-69.2085968909966
978.0900274181366,-69.21231105422622,-69.21231105422622
978.1000274181366,-69.21602754751089,-69.21602754751089
978.1100274181366,-69.21974647310049,-69.21974647310049
978.1200274181366,-69.22346793159092,-69.22346793159092
978.1300274181366,-69.22719202189332,-69.22719202189332
978.1400274181366,-69.2309188412744,-69.2309188412744
978.1500274181366,-69.23464848534637,-69.23464848534637
978.1600274181366,-69.23838104809275,-69.23838104809275
978.1700274181366,-69.24211662187774,-69.24211662187774
978.1800274181365,-69.24585529745765,-69.24585529745765
978.1900274181367,-69.24959716398462,-69.24959716398462
978.2000274181366,-69.25334230904552,-69.25334230904552
978.2100274181366,-69.25709081863467,-69.25709081863467
978.2200274181366,-69.26084277720595,-69.26084277720595
978.2300274181366,-69.26459826765169,-69.26459826765169
978.2400274181366,-69.26835737134884,-69.26835737134884
978.2500274181366,-69.2721201681488,-69.2721201681488
978.2600274181366,-69.27588673639856,-69.27588673639856
978.2700274181366,-69.27965715296953,-69.27965715296953
978.2800274181366,-69.28343149323875,-69.28343149323875
978.2900274181366,-69.2872098311287,-69.2872098311287
978.3000274181366,-69.29099223912829,-69.29099223912829
978.3100274181365,-69.29477878827753,-69.29477878827753
978.3200274181366,-69.29856954821064,-69.29856954821064
978.3300274181366,-69.30236458715704,-69.30236458715704
978.3400274181366,-69.30616397194781,-69.30616397194781
978.3500274419785,-69.30996777710426,-69.30996777710426
978.3600274419784,-69.31377604864578,-69.31377604864578
978.3700274419784,-69.31758885836383,-69.31758885836383
978.3800274419784,-69.3214062676914,-69.3214062676914
978.3900274419784,-69.32522833675648,-69.32522833675648
978.4000274419784,-69.32905512437573,-69.32905512437573
978.4100274419784,-69.33288668807798,-69.33288668807798
978.4200274419785,-69.33672308414138,-69.33672308414138
978.4300274419785,-69.34056436757615,-69.34056436757615
978.4400274419785,-69.34441059215317,-69.34441059215317
978.4500274419785,-69.34826181041107,-69.34826181041107
978.4600274419785,-69.35211807369535,-69.35211807369535
978.4700274419785,-69.35597943214349,-69.35597943214349
978.4800274419785,-69.35984593471143,-69.35984593471143
978.4900274419784,-69.363717629192,-69.363717629192
978.5000274419784,-69.3675945622254,-69.3675945622254
978.5100274419784,-69.3714767793136,-69.3714767793136
978.5200274419784,-69.37536432484708,-69.37536432484708
978.5300274419784,-69.3792572420866,-69.3792572420866
978.5400274419785,-69.38315557320796,-69.38315557320796
978.5500274419785,-69.38705935931434,-69.38705935931434
978.5600274419785,-69.39096864043873,-69.39096864043873
978.5700274419785,-69.3948834555492,-69.3948834555492
978.5800274419785,-69.39880384258463,-69.39880384258463
978.5900274419785,-69.40272983846482,-69.40272983846482
978.6000274419785,-69.40666147909764,-69.40666147909764
978.6100274419784,-69.41059879938207,-69.41059879938207
978.6200274419784,-69.41454183323911,-69.41454183323911
978.6300274419784,-69.41849061363168,-69.41849061363168
978.6400274419784,-69.42244517254125,-69.42244517254125
978.6500274419784,-69.42640554102901,-69.42640554102901
978.6600274419784,-69.43037174921311,-69.43037174921311
978.6700274419785,-69.43434382628968,-69.43434382628968
978.6800274419785,-69.43832180055966,-69.43832180055966
978.6900274419785,-69.44230569942421,-69.44230569942421
978.7000274419785,-69.44629554940853,-69.44629554940853
978.7100274419785,-69.45029137617756,-69.45029137617756
978.7200274419785,-69.45429320452453,-69.45429320452453
978.7300274419785,-69.4583010584087,-69.4583010584087
978.7400274419784,-69.46231496096125,-69.46231496096125
978.7500274419784,-69.46633493449217,-69.46633493449217
978.7600274419784,-69.47036100049915,-69.47036100049915
978.7700274419784,-69.47439317970075,-69.47439317970075
978.7800274419784,-69.47843149200723,-69.47843149200723
978.7900274419785,-69.48247595657121,-69.48247595657121
978.8000274419785,-69.48652659180092,-69.48652659180092
978.8100274419785,-69.4905834153283,-69.4905834153283
978.8200274419785,-69.49464644405482,-69.49464644405482
978.8300274419785,-69.49871569415708,-69.49871569415708
978.8400274419785,-69.50279118109421,-69.50279118109421
978.8500274419785,-69.50687291961846,-69.50687291961846
978.8600274419784,-69.51096092380364,-69.51096092380364
978.8700274419784,-69.51505520701367,-69.51505520701367
978.8800274419784,-69.51915578195347,-69.51915578195347
978.8900274419784,-69.5232626606565,-69.5232626606565
978.9000274419784,-69.52737585451408,-69.52737585451408
978.9100274419784,-69.53149537425641,-69.53149537425641
978.9200274419785,-69.53562122999118,-69.53562122999118
978.9300274419785,-69.53975343120813,-69.53975343120813
978.9400274419785,-69.54389198676247,-69.54389198676247
978.9500274419785,-69.54803690492788,-69.54803690492788
978.9600274419785,-69.55218819336632,-69.55218819336632
978.9700274419785,-69.55634585916333,-69.55634585916333
978.9800274419785,-69.56050990882535,-69.56050990882535
978.9900274419784,-69.56468034828308,-69.56468034828308
979.0000274419784,-69.56885718291436,-69.56885718291436
979.0100274419784,-69.5730404175531,-69.5730404175531
979.0200274419784,-69.57723005648222,-69.57723005648222
979.0300274419784,-69.58142610345276,-69.58142610345276
979.0400274419785,-69.58562856169573,-69.58562856169573
979.0500274419785,-69.5898374339318,-69.5898374339318
979.0600274419785,-69.5940527223643,-69.5940527223643
979.0700274419785,-69.5982744286971,-69.5982744286971
979.0800274419785,-69.60250255414532,-69.60250255414532
979.0900274419785,-69.60673709945037,-69.60673709945037
979.1000274419785,-69.61097806486565,-69.61097806486565
979.1100274419784,-69.61522545017908,-69.61522545017908
979.1200274419784,-69.6194792547245,-69.6194792547245
979.1300274419784,-69.62373947737332,-69.62373947737332
979.1400274419784,-69.62800611656172,-69.62800611656172
979.1500274419784,-69.63227917029089,-69.63227917029089
979.1600274419784,-69.63655863611348,-69.63655863611348
979.1700274419785,-69.64084451117328,-69.64084451117328
979.1800274419785,-69.64513679220403,-69.64513679220403
979.1900274419785,-69.64943547551967,-69.64943547551967
979.2000274658203,-69.65374056727336,-69.65374056727336
979.2100274658203,-69.65804597105098,-69.65804597105098
979.2200274658203,-69.66234903366087,-69.66234903366087
979.2300274658203,-69.6666484561159,-69.6666484561159
979.2400274658203,-69.67094357111459,-69.67094357111459
979.2500274658203,-69.67523406322516,-69.67523406322516
979.2600274658203,-69.67951982353775,-69.67951982353775
979.2700274658204,-69.68380086437371,-69.68380086437371
979.2800274658204,-69.68807726810324,-69.68807726810324
979.2900274658203,-69.69234915626248,-69.69234915626248
979.3000274658203,-69.69661667109216,-69.69661667109216
979.3100274658203,-69.70087996450778,-69.70087996450778
979.3200274658203,-69.7051391916271,-69.7051391916271
979.3300274658203,-69.709394507061,-69.709394507061
979.3400274658203,-69.71364606289806,-69.71364606289806
979.3500274658203,-69.71789400766663,-69.71789400766663
979.3600274658203,-69.72213848596726,-69.72213848596726
979.3700274658203,-69.72637963841339,-69.72637963841339
979.3800274658203,-69.7306176017605,-69.7306176017605
979.3900274658204,-69.73485250916502,-69.73485250916502
979.4000274658204,-69.73908449046921,-69.73908449046921
979.4100274658203,-69.74331367248145,-69.74331367248145
979.4200274658203,-69.74754017925241,-69.74754017925241
979.4300274658203,-69.75176413234189,-69.75176413234189
979.4400274658203,-69.75598565105282,-69.75598565105282
979.4500274658203,-69.76020485261895,-69.76020485261895
979.4600274658203,-69.76442185238106,-69.76442185238106
979.4700274658203,-69.76863676393927,-69.76863676393927
979.4800274658203,-69.77284969928736,-69.77284969928736
979.4900274658203,-69.77706076889896,-69.77706076889896
979.5000274658203,-69.78127008184498,-69.78127008184498
979.5100274658203,-69.78547774585029,-69.78547774585029
979.5200274658204,-69.78968386735356,-69.78968386735356
979.5300274658204,-69.79388855157534,-69.79388855157534
979.5400274658203,-69.79809190253886,-69.79809190253886
979.5500274658203,-69.80229402310125,-69.80229402310125
979.5600274658203,-69.80649501499607,-69.80649501499607
979.5700274658203,-69.81069497884742,-69.81069497884742
979.5800274658203,-69.81489401418129,-69.81489401418129
979.5900274658203,-69.81909221943556,-69.81909221943556
979.6000274658203,-69.8232896919726,-69.8232896919726
979.6100274658203,-69.82748652808577,-69.82748652808577
979.6200274658203,-69.83168282301054,-69.83168282301054
979.6300274658203,-69.8358786708945,-69.8358786708945
979.6400274658204,-69.840074164841,-69.840074164841
979.6500274658204,-69.84426939688362,-69.84426939688362
979.6600274658203,-69.84846445799246,-69.84846445799246
979.6700274658203,-69.85265943805163,-69.85265943805163
979.6800274658203,-69.85685442588738,-69.85685442588738
979.6900274658203,-69.86104950925898,-69.86104950925898
979.7000274658203,-69.86524477484376,-69.86524477484376
979.7100274658203,-69.86944030822723,-69.86944030822723
979.7200274658203,-69.87363619392835,-69.87363619392835
979.7300274658203,-69.87783251538167,-69.87783251538167
979.7400274658203,-69.8820293549363,-69.8820293549363
979.7500274658203,-69.88622679384434,-69.88622679384434
979.7600274658203,-69.89042491227605,-69.89042491227605
979.7700274658204,-69.894623789304,-69.894623789304
979.7800274658204,-69.89882350292643,-69.89882350292643
979.7900274658203,-69.90302413003135,-69.90302413003135
979.8000274658203,-69.9072257464173,-69.9072257464173
979.8100274658203,-69.91142842680007,-69.91142842680007
979.8200274658203,-69.91563224480207,-69.91563224480207
979.8300274658203,-69.91983727295256,-69.91983727295256
979.8400274658203,-69.92404358268315,-69.92404358268315
979.8500274658203,-69.92825124435932,-69.92825124435932
979.8600274658203,-69.9324603272442,-69.9324603272442
979.8700274658203,-69.93667089954111,-69.93667089954111
979.8800274658203,-69.94088302834743,-69.94088302834743
979.8900274658204,-69.94509677970098,-69.94509677970098
979.9000274658204,-69.94931221857814,-69.94931221857814
979.9100274658203,-69.95352940887004,-69.95352940887004
979.9200274658203,-69.95774841341378,-69.95774841341378
979.9300274658203,-69.96196929400286,-69.96196929400286
979.9400274658203,-69.96619211135221,-69.96619211135221
979.9500274658203,-69.97041692514608,-69.97041692514608
979.9600274658203,-69.97463769466633,-69.97463769466633
979.9700274658203,-69.97885180639695,-69.97885180639695
979.9800274658203,-69.98305801670142,-69.98305801670142
979.9900274658203,-69.9872557157754,-69.9872557157754
980.0000274658203,-69.99144464661362,-69.99144464661362
980.0100274658203,-69.9956247590142,-69.9956247590142
980.0200274658204,-69.99979612396109,-69.99979612396109
980.0300274658204,-70.00395888216826,-70.00395888216826
980.0400274658203,-70.0081132131465,-70.0081132131465
980.0500274896622,-70.0122593264719,-70.0122593264719
980.0600274896622,-70.01639741126407,-70.01639741126407
980.0700274896622,-70.02052768891843,-70.02052768891843
980.0800274896621,-70.02465036989638,-70.02465036989638
980.0900274896621,-70.02876566152509,-70.02876566152509
980.1000274896621,-70.03287376701977,-70.03287376701977
980.1100274896621,-70.03697488506734,-70.03697488506734
980.1200274896622,-70.041069209762,-70.041069209762
980.1300274896622,-70.04515693078987,-70.04515693078987
980.1400274896622,-70.04923823362769,-70.04923823362769
980.1500274896622,-70.05331329985218,-70.05331329985218
980.1600274896622,-70.05738230741328,-70.05738230741328
980.1700274896622,-70.06144543094575,-70.06144543094575
980.1800274896622,-70.0655028419973,-70.0655028419973
980.1900274896622,-70.06955470927892,-70.06955470927892
980.2000274896621,-70.07360119885912,-70.07360119885912
980.2100274896621,-70.07764247433938,-70.07764247433938
980.2200274896621,-70.08167869701691,-70.08167869701691
980.2300274896621,-70.08571002600728,-70.08571002600728
980.2400274896622,-70.08973661835628,-70.08973661835628
980.2500274896622,-70.0937586291407,-70.0937586291407
980.2600274896622,-70.09777621153253,-70.09777621153253
980.2700274896622,-70.10178951686815,-70.10178951686815
980.2800274896622,-70.10579869470735,-70.10579869470735
980.2900274896622,-70.10980389287876,-70.10980389287876
980.3000274896622,-70.11380525750512,-70.11380525750512
980.3100274896622,-70.11780293305901,-70.11780293305901
980.3200274896622,-70.12179706234237,-70.12179706234237
980.3300274896621,-70.12578778654314,-70.12578778654314
980.3400274896621,-70.12977524524639,-70.12977524524639
980.3500274896621,-70.13375957644011,-70.13375957644011
980.3600274896621,-70.13774091653424,-70.13774091653424
980.3700274896622,-70.14171940034322,-70.14171940034322
980.3800274896622,-70.14569516113006,-70.14569516113006
980.3900274896622,-70.14966833058355,-70.14966833058355
980.4000274896622,-70.15363903883203,-70.15363903883203
980.4100274896622,-70.1576074144461,-70.1576074144461
980.4200274896622,-70.16157358444188,-70.16157358444188
980.4300274896622,-70.16553767428063,-70.16553767428063
980.4400274896622,-70.16949980787372,-70.16949980787372
980.4500274896621,-70.17346010758675,-70.17346010758675
980.4600274896621,-70.17741869423493,-70.17741869423493
980.4700274896621,-70.1813756870995,-70.1813756870995
980.4800274896621,-70.18533120390856,-70.18533120390856
980.4900274896622,-70.18928536085666,-70.18928536085666
980.5000274896622,-70.19323827260176,-70.19323827260176
980.5100274896622,-70.19719005228036,-70.19719005228036
980.5200274896622,-70.20114081148171,-70.20114081148171
980.5300274896622,-70.20509066028806,-70.20509066028806
980.5400274896622,-70.20903970724768,-70.20903970724768
980.5500274896622,-70.21298805939354,-70.21298805939354
980.5600274896622,-70.21693582225605,-70.21693582225605
980.5700274896622,-70.22088309986339,-70.22088309986339
980.5800274896621,-70.22482999473682,-70.22482999473682
980.5900274896621,-70.22877660790836,-70.22877660790836
980.6000274896621,-70.23272303892371,-70.23272303892371
980.6100274896621,-70.23666938584047,-70.23666938584047
980.6200274896622,-70.24061574526343,-70.24061574526343
980.6300274896622,-70.24456221231823,-70.24456221231823
980.6400274896622,-70.24850888068434,-70.24850888068434
980.6500274896622,-70.25245584258968,-70.25245584258968
980.6600274896622,-70.2564031888254,-70.2564031888254
980.6700274896622,-70.26035100874832,-70.26035100874832
980.6800274896622,-70.26429939030055,-70.26429939030055
980.6900274896622,-70.26824842001326,-70.26824842001326
980.7000274896621,-70.27219818301302,-70.27219818301302
980.7100274896621,-70.27614263765116,-70.27614263765116
980.7200274896621,-70.28007918386412,-70.28007918386412
980.7300274896621,-70.28400659699544,-70.28400659699544
980.7400274896622,-70.2879242885375,-70.2879242885375
980.7500274896622,-70.29183202394731,-70.29183202394731
980.7600274896622,-70.29572977601683,-70.29572977601683
980.7700274896622,-70.2996176389005,-70.2996176389005
980.7800274896622,-70.3034957764852,-70.3034957764852
980.7900274896622,-70.30736439129461,-70.30736439129461
980.8000274896622,-70.3112237058604,-70.3112237058604
980.8100274896622,-70.31507395162289,-70.31507395162289
980.8200274896622,-70.31891536238619,-70.31891536238619
980.8300274896621,-70.32274817059879,-70.32274817059879
980.8400274896621,-70.32657260531474,-70.32657260531474
980.8500274896621,-70.33038889115741,-70.33038889115741
980.8600274896621,-70.33419724794194,-70.33419724794194
980.8700274896622,-70.33799789061109,-70.33799789061109
980.8800274896622,-70.34179102938717,-70.34179102938717
980.8900274896622,-70.34557687001147,-70.34557687001147
980.900027513504,-70.34935562304902,-70.34935562304902
980.910027513504,-70.35312746816317,-70.35312746816317
980.920027513504,-70.35689260842663,-70.35689260842663
980.930027513504,-70.36065123457283,-70.36065123457283
980.940027513504,-70.36440353421224,-70.36440353421224
980.950027513504,-70.3681496920583,-70.3681496920583
980.960027513504,-70.37188375682643,-70.37188375682643
980.9700275135041,-70.37560322240536,-70.37560322240536
980.9800275135041,-70.37930695890677,-70.37930695890677
980.9900275135041,-70.38299447249916,-70.38299447249916
981.000027513504,-70.38666562293794,-70.38666562293794
981.010027513504,-70.39032047678486,-70.39032047678486
981.020027513504,-70.39395922141995,-70.39395922141995
981.030027513504,-70.39758211333896,-70.39758211333896
981.040027513504,-70.40118944709323,-70.40118944709323
981.050027513504,-70.40478153663989,-70.40478153663989
981.060027513504,-70.40835870424615,-70.40835870424615
981.070027513504,-70.41192127397036,-70.41192127397036
981.080027513504,-70.415469567922,-70.415469567922
981.0900275135041,-70.41900390424276,-70.41900390424276
981.1000275135041,-70.42252459607721,-70.42252459607721
981.1100275135041,-70.42603195115942,-70.42603195115942
981.120027513504,-70.42952627178207,-70.42952627178207
981.130027513504,-70.43300785492563,-70.43300785492563
981.140027513504,-70.43647699251125,-70.43647699251125
981.150027513504,-70.43993397166028,-70.43993397166028
981.160027513504,-70.44337907500874,-70.44337907500874
981.170027513504,-70.44681258097489,-70.44681258097489
981.180027513504,-70.45023476400095,-70.45023476400095
981.190027513504,-70.4536458948062,-70.4536458948062
981.200027513504,-70.45704624054989,-70.45704624054989
981.210027513504,-70.46043606504087,-70.46043606504087
981.2200275135041,-70.46381562884656,-70.46381562884656
981.2300275135041,-70.46718518946382,-70.46718518946382
981.2400275135041,-70.47054500137722,-70.47054500137722
981.250027513504,-70.4738953161879,-70.4738953161879
981.260027513504,-70.47723638266508,-70.47723638266508
981.270027513504,-70.48056844680218,-70.48056844680218
981.280027513504,-70.48389175188235,-70.48389175188235
981.290027513504,-70.48720653851618,-70.48720653851618
981.300027513504,-70.49051304467349,-70.49051304467349
981.310027513504,-70.49381150570885,-70.49381150570885
981.320027513504,-70.4971021543786,-70.4971021543786
981.330027513504,-70.5003852208773,-70.5003852208773
981.3400275135041,-70.50366093283638,-70.50366093283638
981.3500275135041,-70.50692951534995,-70.50692951534995
981.3600275135041,-70.51019119096081,-70.51019119096081
981.370027513504,-70.51344617969595,-70.51344617969595
981.380027513504,-70.51669469905178,-70.51669469905178
981.390027513504,-70.51993696402523,-70.51993696402523
981.400027513504,-70.52317318708772,-70.52317318708772
981.410027513504,-70.52640357821704,-70.52640357821704
981.420027513504,-70.52962834488257,-70.52962834488257
981.430027513504,-70.53284769206952,-70.53284769206952
981.440027513504,-70.53606182226989,-70.53606182226989
981.450027513504,-70.5392709354839,-70.5392709354839
981.460027513504,-70.54247522924277,-70.54247522924277
981.4700275135041,-70.54567489859987,-70.54567489859987
981.4800275135041,-70.54887013614389,-70.54887013614389
981.4900275135041,-70.55206113200285,-70.55206113200285
981.500027513504,-70.55524807385983,-70.55524807385983
981.510027513504,-70.55843114694218,-70.55843114694218
981.520027513504,-70.56161053404699,-70.56161053404699
981.530027513504,-70.56478641554683,-70.56478641554683
981.540027513504,-70.56795896940181,-70.56795896940181
981.550027513504,-70.57112837115889,-70.57112837115889
981.560027513504,-70.5742947939775,-70.5742947939775
981.570027513504,-70.57745840862319,-70.57745840862319
981.580027513504,-70.58061938349901,-70.58061938349901
981.5900275135041,-70.58377788464293,-70.58377788464293
981.6000275135041,-70.58693407575896,-70.58693407575896
981.6100275135041,-70.59008811820448,-70.59008811820448
981.620027513504,-70.5932401710361,-70.5932401710361
981.630027513504,-70.59639039098609,-70.59639039098609
981.640027513504,-70.59953893252155,-70.59953893252155
981.650027513504,-70.6026859478217,-70.6026859478217
981.660027513504,-70.60583158681783,-70.60583158681783
981.670027513504,-70.60897599719529,-70.60897599719529
981.680027513504,-70.61211932441778,-70.61211932441778
981.690027513504,-70.61526171174305,-70.61526171174305
981.700027513504,-70.61840330024474,-70.61840330024474
981.710027513504,-70.62153807513528,-70.62153807513528
981.7200275135041,-70.62466347965655,-70.62466347965655
981.7300275135041,-70.62777833843072,-70.62777833843072
981.7400275135041,-70.63088211452487,-70.63088211452487
981.7500275373459,-70.6339746332523,-70.6339746332523
981.7600275373459,-70.63705590534903,-70.63705590534903
981.7700275373459,-70.640126084867,-70.640126084867
981.7800275373459,-70.64318538771839,-70.64318538771839
981.7900275373458,-70.64623406786286,-70.64623406786286
981.8000275373458,-70.6492723985801,-70.6492723985801
981.8100275373458,-70.65230066132372,-70.65230066132372
981.8200275373459,-70.65531913916026,-70.65531913916026
981.8300275373459,-70.65832811304554,-70.65832811304554
981.8400275373459,-70.66132785976559,-70.66132785976559
981.8500275373459,-70.66431865093693,-70.66431865093693
981.8600275373459,-70.66730075261628,-70.66730075261628
981.8700275373459,-70.67027442526555,-70.67027442526555
981.8800275373459,-70.67323992387429,-70.67323992387429
981.8900275373459,-70.67619749827033,-70.67619749827033
981.9000275373459,-70.67914739338198,-70.67914739338198
981.9100275373459,-70.68208984956934,-70.68208984956934
981.9200275373458,-70.68502510290381,-70.68502510290381
981.9300275373458,-70.68795338543362,-70.68795338543362
981.9400275373459,-70.69087492546618,-70.69087492546618
981.9500275373459,-70.69378994775393,-70.69378994775393
981.9600275373459,-70.69669867368017,-70.69669867368017
981.9700275373459,-70.69960132145812,-70.69960132145812
981.9800275373459,-70.70249810622605,-70.70249810622605
981.9900275373459,-70.70538924021669,-70.70538924021669
982.0000275373459,-70.70827493284156,-70.70827493284156
982.0100275373459,-70.71115539076901,-70.71115539076901
982.0200275373459,-70.71403081802018,-70.71403081802018
982.0300275373459,-70.71690141603197,-70.71690141603197
982.0400275373458,-70.71976738370086,-70.71976738370086
982.0500275373458,-70.72262891744161,-70.72262891744161
982.0600275373458,-70.7254862112105,-70.7254862112105
982.0700275373459,-70.72833945657104,-70.72833945657104
982.0800275373459,-70.73118884269623,-70.73118884269623
982.0900275373459,-70.73403455639915,-70.73403455639915
982.1000275373459,-70.73687678216817,-70.73687678216817
982.1100275373459,-70.73971570218507,-70.73971570218507
982.1200275373459,-70.74255149632623,-70.74255149632623
982.1300275373459,-70.74538434219502,-70.74538434219502
982.1400275373459,-70.74821441512924,-70.74821441512924
982.1500275373459,-70.75104188822577,-70.75104188822577
982.1600275373459,-70.75386693233237,-70.75386693233237
982.1700275373458,-70.75668971608405,-70.75668971608405
982.1800275373458,-70.7595104058879,-70.7595104058879
982.1900275373459,-70.7623291659602,-70.7623291659602
982.2000275373459,-70.76514615831633,-70.76514615831633
982.2100275373459,-70.76795537705469,-70.76795537705469
982.2200275373459,-70.77075428165399,-70.77075428165399
982.2300275373459,-70.77354171582128,-70.77354171582128
982.2400275373459,-70.77631716301207,-70.77631716301207
982.2500275373459,-70.77908046222858,-70.77908046222858
982.2600275373459,-70.78183166038657,-70.78183166038657
982.2700275373459,-70.78457092572685,-70.78457092572685
982.2800275373459,-70.78729849580861,-70.78729849580861
982.2900275373458,-70.79001464620961,-70.79001464620961
982.3000275373458,-70.79271967175902,-70.79271967175902
982.3100275373458,-70.79541387535653,-70.79541387535653
982.3200275373459,-70.7980975614073,-70.7980975614073
982.3300275373459,-70.80077103207057,-70.80077103207057
982.3400275373459,-70.80343458520143,-70.80343458520143
982.3500275373459,-70.80605911127876,-70.80605911127876
982.3600275373459,-70.80862818798741,-70.80862818798741
982.3700275373459,-70.81113270134841,-70.81113270134841
982.3800275373459,-70.81356705812748,-70.81356705812748
982.3900275373459,-70.81592750464262,-70.81592750464262
982.4000275373459,-70.81821136849189,-70.81821136849189
982.4100275373459,-70.8204166940919,-70.8204166940919
982.4200275373458,-70.82254205194614,-70.82254205194614
982.4300275373458,-70.82458642715169,-70.82458642715169
982.4400275373459,-70.82654914585682,-70.82654914585682
982.4500275373459,-70.82842982121835,-70.82842982121835
982.4600275373459,-70.8302283105219,-70.8302283105219
982.4700275373459,-70.83194467959805,-70.83194467959805
982.4800275373459,-70.83357917250063,-70.83357917250063
982.4900275373459,-70.83513218543271,-70.83513218543271
982.5000275373459,-70.83660424416489,-70.83660424416489
982.5100275373459,-70.8379959844975,-70.8379959844975
982.5200275373459,-70.83930813536925,-70.83930813536925
982.5300275373459,-70.84054150422179,-70.84054150422179
982.5400275373458,-70.84169696439419,-70.84169696439419
982.5500275373458,-70.84277544420172,-70.84277544420172
982.5600275373458,-70.84377791756346,-70.84377791756346
982.5700275373459,-70.84470539588428,-70.84470539588428
982.5800275373459,-70.84555892111457,-70.84555892111457
982.5900275373459,-70.8463395596848,-70.8463395596848
982.6000275611877,-70.84704839905628,-70.84704839905628
982.6100275611877,-70.84768653629996,-70.84768653629996
982.6200275611877,-70.84825508501731,-70.84825508501731
982.6300275611877,-70.84875516462037,-70.84875516462037
982.6400275611877,-70.84918789939294,-70.84918789939294
982.6500275611877,-70.84955441606269,-70.84955441606269
982.6600275611877,-70.8498558416702,-70.8498558416702
982.6700275611878,-70.85009330176149,-70.85009330176149
982.6800275611878,-70.85026791883863,-70.85026791883863
982.6900275611878,-70.85038081099204,-70.85038081099204
982.7000275611878,-70.85043309077408,-70.85043309077408
982.7100275611878,-70.85042586419873,-70.85042586419873
982.7200275611877,-70.85036022991974,-70.85036022991974
982.7300275611877,-70.8502372784921,-70.8502372784921
982.7400275611877,-70.85005809176808,-70.85005809176808
982.7500275611877,-70.84982374238825,-70.84982374238825
982.7600275611877,-70.84953529332927,-70.84953529332927
982.7700275611877,-70.8491937975664,-70.8491937975664
982.7800275611877,-70.84880029772133,-70.84880029772133
982.7900275611878,-70.84835582587701,-70.84835582587701
982.8000275611878,-70.84786140333533,-70.84786140333533
982.8100275611878,-70.84731804044424,-70.84731804044424
982.8200275611878,-70.84672673651045,-70.84672673651045
982.8300275611878,-70.8460884796742,-70.8460884796742
982.8400275611878,-70.84540424685643,-70.84540424685643
982.8500275611877,-70.84467500370938,-70.84467500370938
982.8600275611877,-70.84390170457964,-70.84390170457964
982.8700275611877,-70.84308529253548,-70.84308529253548
982.8800275611877,-70.84222669934738,-70.84222669934738
982.8900275611877,-70.84132684552739,-70.84132684552739
982.9000275611877,-70.84038664035252,-70.84038664035252
982.9100275611877,-70.8394069819273,-70.8394069819273
982.9200275611878,-70.83838875721908,-70.83838875721908
982.9300275611878,-70.83733284215892,-70.83733284215892
982.9400275611878,-70.83624010165592,-70.83624010165592
982.9500275611878,-70.83511138971745,-70.83511138971745
982.9600275611878,-70.83394754951081,-70.83394754951081
982.9700275611877,-70.83274941346646,-70.83274941346646
982.9800275611877,-70.83151780333745,-70.83151780333745
982.9900275611877,-70.83025353031083,-70.83025353031083
983.0000275611877,-70.82895739509614,-70.82895739509614
983.0100275611877,-70.82763018803398,-70.82763018803398
983.0200275611877,-70.8262726891859,-70.8262726891859
983.0300275611877,-70.82488566842959,-70.82488566842959
983.0400275611878,-70.8234698855504,-70.8234698855504
983.0500275611878,-70.8220260903871,-70.8220260903871
983.0600275611878,-70.82055502287837,-70.82055502287837
983.0700275611878,-70.81905741320281,-70.81905741320281
983.0800275611878,-70.81753398186994,-70.81753398186994
983.0900275611878,-70.81598543981644,-70.81598543981644
983.1000275611877,-70.81441248853751,-70.81441248853751
983.1100275611877,-70.81281582014849,-70.81281582014849
983.1200275611877,-70.81119611753094,-70.81119611753094
983.1300275611877,-70.80955405439491,-70.80955405439491
983.1400275611877,-70.8078902954097,-70.8078902954097
983.1500275611877,-70.80620549629342,-70.80620549629342
983.1600275611877,-70.80450030392322,-70.80450030392322
983.1700275611878,-70.80277535641599,-70.80277535641599
983.1800275611878,-70.80103128325621,-70.80103128325621
983.1900275611878,-70.79926870536583,-70.79926870536583
983.2000275611878,-70.79748823522428,-70.79748823522428
983.2100275611878,-70.79569047696133,-70.79569047696133
983.2200275611877,-70.7938760264345,-70.7938760264345
983.2300275611877,-70.79204547135062,-70.79204547135062
983.2400275611877,-70.79019939135166,-70.79019939135166
983.2500275611877,-70.78833835811595,-70.78833835811595
983.2600275611877,-70.78646293541718,-70.78646293541718
983.2700275611877,-70.78457367926939,-70.78457367926939
983.2800275611877,-70.78267113797602,-70.78267113797602
983.2900275611878,-70.780755852245,-70.780755852245
983.3000275611878,-70.77882835526012,-70.77882835526012
983.3100275611878,-70.77688917278033,-70.77688917278033
983.3200275611878,-70.77493882323805,-70.77493882323805
983.3300275611878,-70.77297781779087,-70.77297781779087
983.3400275611878,-70.77100666045469,-70.77100666045469
983.3500275611877,-70.76902584815127,-70.76902584815127
983.3600275611877,-70.76703587080648,-70.76703587080648
983.3700275611877,-70.76503721142718,-70.76503721142718
983.3800275611877,-70.76303034620037,-70.76303034620037
983.3900275611877,-70.7610157445684,-70.7610157445684
983.4000275611877,-70.75899386928623,-70.75899386928623
983.4100275611877,-70.7569651765261,-70.7569651765261
983.4200275611878,-70.75493011595074,-70.75493011595074
983.4300275611878,-70.75288913080354,-70.75288913080354
983.4400275611878,-70.75084265795262,-70.75084265795262
983.4500275850296,-70.74879112310282,-70.74879112310282
983.4600275850296,-70.74673496042207,-70.74673496042207
983.4700275850296,-70.7446745832861,-70.7446745832861
983.4800275850296,-70.74261040391562,-70.74261040391562
983.4900275850296,-70.7405428285369,-70.7405428285369
983.5000275850296,-70.73847225745799,-70.73847225745799
983.5100275850295,-70.73639908515834,-70.73639908515834
983.5200275850297,-70.73432370034905,-70.73432370034905
983.5300275850296,-70.73224648604877,-70.73224648604877
983.5400275850296,-70.73016781962967,-70.73016781962967
983.5500275850296,-70.72808807291909,-70.72808807291909
983.5600275850296,-70.7260076122336,-70.7260076122336
983.5700275850296,-70.72392679848305,-70.72392679848305
983.5800275850296,-70.72181484849303,-70.72181484849303
983.5900275850296,-70.71965662665447,-70.71965662665447
983.6000275850296,-70.71744301447863,-70.71744301447863
983.6100275850296,-70.71516805683324,-70.71516805683324
983.6200275850296,-70.71282780752713,-70.71282780752713
983.6300275850296,-70.71041965241687,-70.71041965241687
983.6400275850297,-70.70794187343391,-70.70794187343391
983.6500275850296,-70.70539336488716,-70.70539336488716
983.6600275850296,-70.7027734482501,-70.7027734482501
983.6700275850296,-70.70008175062533,-70.70008175062533
983.6800275850296,-70.69731812409688,-70.69731812409688
983.6900275850296,-70.69448259166982,-70.69448259166982
983.7000275850296,-70.69157531042643,-70.69157531042643
983.7100275850296,-70.68859039131328,-70.68859039131328
983.7200275850296,-70.68552549824525,-70.68552549824525
983.7300275850296,-70.68237975798834,-70.68237975798834
983.7400275850296,-70.6791530068373,-70.6791530068373
983.7500275850296,-70.67584549899,-70.67584549899
983.7600275850295,-70.67245775281975,-70.67245775281975
983.7700275850297,-70.66899045920034,-70.66899045920034
983.7800275850296,-70.66544442516876,-70.66544442516876
983.7900275850296,-70.66182053877483,-70.66182053877483
983.8000275850296,-70.6581197469208,-70.6581197469208
983.8100275850296,-70.65434304107491,-70.65434304107491
983.8200275850296,-70.65049144779368,-70.65049144779368
983.8300275850296,-70.64656602232844,-70.64656602232844
983.8400275850296,-70.64256784405708,-70.64256784405708
983.8500275850296,-70.63849801311467,-70.63849801311467
983.8600275850296,-70.63435764774094,-70.63435764774094
983.8700275850296,-70.63014788215894,-70.63014788215894
983.8800275850296,-70.6258698646959,-70.6258698646959
983.8900275850297,-70.62152475617809,-70.62152475617809
983.9000275850296,-70.6171137284174,-70.6171137284174
983.9100275850296,-70.61263796280048,-70.61263796280048
983.9200275850296,-70.60809864897655,-70.60809864897655
983.9300275850296,-70.60349698360143,-70.60349698360143
983.9400275850296,-70.59883416913512,-70.59883416913512
983.9500275850296,-70.59411141268727,-70.59411141268727
983.9600275850296,-70.58932378146697,-70.58932378146697
983.9700275850296,-70.58446980379132,-70.58446980379132
983.9800275850296,-70.57954939318516,-70.57954939318516
983.9900275850296,-70.57456310476405,-70.57456310476405
984.0000275850296,-70.56951185061683,-70.56951185061683
984.0100275850295,-70.56439675149727,-70.56439675149727
984.0200275850297,-70.5592190494491,-70.5592190494491
984.0300275850296,-70.55398005504465,-70.55398005504465
984.0400275850296,-70.54868111530709,-70.54868111530709
984.0500275850296,-70.54332359423626,-70.54332359423626
984.0600275850296,-70.53790886094123,-70.53790886094123
984.0700275850296,-70.5324382824157,-70.5324382824157
984.0800275850296,-70.52691321921249,-70.52691321921249
984.0900275850296,-70.52133502278997,-70.52133502278997
984.1000275850296,-70.51570503400164,-70.51570503400164
984.1100275850296,-70.51002458219645,-70.51002458219645
984.1200275850296,-70.50429498470695,-70.50429498470695
984.1300275850296,-70.49851754659753,-70.49851754659753
984.1400275850297,-70.49269356050047,-70.49269356050047
984.1500275850296,-70.48682430658747,-70.48682430658747
984.1600275850296,-70.48091105248406,-70.48091105248406
984.1700275850296,-70.47495505328108,-70.47495505328108
984.1800275850296,-70.4689575515176,-70.4689575515176
984.1900275850296,-70.46291977713554,-70.46291977713554
984.2000275850296,-70.45684294748516,-70.45684294748516
984.2100275850296,-70.45072826726975,-70.45072826726975
984.2200275850296,-70.44457692850945,-70.44457692850945
984.2300275850296,-70.43839011048392,-70.43839011048392
984.2400275850296,-70.43216897972596,-70.43216897972596
984.2500275850296,-70.42591468994513,-70.42591468994513
984.2600275850295,-70.419628381987,-70.419628381987
984.2700275850297,-70.41331118378689,-70.41331118378689
984.2800275850296,-70.40696421037232,-70.40696421037232
984.2900275850296,-70.40058856375568,-70.40058856375568
984.3000276088715,-70.39418531770397,-70.39418531770397
984.3100276088715,-70.38775557862316,-70.38775557862316
984.3200276088714,-70.38130039429484,-70.38130039429484
984.3300276088714,-70.37482081457952,-70.37482081457952
984.3400276088714,-70.36831787625151,-70.36831787625151
984.3500276088714,-70.3617926030303,-70.3617926030303
984.3600276088714,-70.35524600554848,-70.35524600554848
984.3700276088715,-70.34867908139326,-70.34867908139326
984.3800276088715,-70.34209281510901,-70.34209281510901
984.3900276088715,-70.33548817821254,-70.33548817821254
984.4000276088715,-70.3288661292301,-70.3288661292301
984.4100276088715,-70.32222761375087,-70.32222761375087
984.4200276088715,-70.31557356444456,-70.31557356444456
984.4300276088715,-70.30890490112058,-70.30890490112058
984.4400276088714,-70.30222253076131,-70.30222253076131
984.4500276088714,-70.29552734760843,-70.29552734760843
984.4600276088714,-70.28882023320251,-70.28882023320251
984.4700276088714,-70.28210205646344,-70.28210205646344
984.4800276088714,-70.27537367374009,-70.27537367374009
984.4900276088715,-70.26863592889751,-70.26863592889751
984.5000276088715,-70.26188965341439,-70.26188965341439
984.5100276088715,-70.25513566641938,-70.25513566641938
984.5200276088715,-70.24837477482086,-70.24837477482086
984.5300276088715,-70.24160777336195,-70.24160777336195
984.5400276088715,-70.23483544473459,-70.23483544473459
984.5500276088715,-70.2280585596542,-70.2280585596542
984.5600276088715,-70.22127787698112,-70.22127787698112
984.5700276088714,-70.214494143787,-70.214494143787
984.5800276088714,-70.20770809548421,-70.20770809548421
984.5900276088714,-70.20092045591001,-70.20092045591001
984.6000276088714,-70.19413193743618,-70.19413193743618
984.6100276088714,-70.18734324108785,-70.18734324108785
984.6200276088715,-70.18055505662933,-70.18055505662933
984.6300276088715,-70.1737680627008,-70.1737680627008
984.6400276088715,-70.1669829268935,-70.1669829268935
984.6500276088715,-70.16020030588199,-70.16020030588199
984.6600276088715,-70.15342084554884,-70.15342084554884
984.6700276088715,-70.14664518107598,-70.14664518107598
984.6800276088715,-70.1398739370605,-70.1398739370605
984.6900276088714,-70.13310772764517,-70.13310772764517
984.7000276088714,-70.12634715662413,-70.12634715662413
984.7100276088714,-70.11959281755074,-70.11959281755074
984.7200276088714,-70.11284529386549,-70.11284529386549
984.7300276088714,-70.10610515900787,-70.10610515900787
984.7400276088715,-70.09937297652804,-70.09937297652804
984.7500276088715,-70.09264930021693,-70.09264930021693
984.7600276088715,-70.08593467420023,-70.08593467420023
984.7700276088715,-70.07922963307794,-70.07922963307794
984.7800276088715,-70.07253470202947,-70.07253470202947
984.7900276088715,-70.06585039692263,-70.06585039692263
984.8000276088715,-70.05917722443552,-70.05917722443552
984.8100276088715,-70.05251568217655,-70.05251568217655
984.8200276088714,-70.0458662588008,-70.0458662588008
984.8300276088714,-70.03922943410561,-70.03922943410561
984.8400276088714,-70.03260567916095,-70.03260567916095
984.8500276088714,-70.0259954564245,-70.0259954564245
984.8600276088714,-70.01939921984228,-70.01939921984228
984.8700276088715,-70.01281741496003,-70.01281741496003
984.8800276088715,-70.00625047906071,-70.00625047906071
984.8900276088715,-69.99969884124165,-69.99969884124165
984.9000276088715,-69.99316292253432,-69.99316292253432
984.9100276088715,-69.98664313601923,-69.98664313601923
984.9200276088715,-69.980139886945,-69.980139886945
984.9300276088715,-69.97365357279746,-69.97365357279746
984.9400276088714,-69.96718458344654,-69.96718458344654
984.9500276088714,-69.96073330123616,-69.96073330123616
984.9600276088714,-69.95430010109523,-69.95430010109523
984.9700276088714,-69.94788535062585,-69.94788535062585
984.9800276088714,-69.94148941020823,-69.94148941020823
984.9900276088715,-69.93511263311933,-69.93511263311933
985.0000276088715,-69.92875536563012,-69.92875536563012
985.0100276088715,-69.92241794708765,-69.92241794708765
985.0200276088715,-69.91610071003878,-69.91610071003878
985.0300276088715,-69.90980398029716,-69.90980398029716
985.0400276088715,-69.90352807707805,-69.90352807707805
985.0500276088715,-69.89727331306861,-69.89727331306861
985.0600276088715,-69.89103999452651,-69.89103999452651
985.0700276088714,-69.88482842136337,-69.88482842136337
985.0800276088714,-69.87863888727613,-69.87863888727613
985.0900276088714,-69.87247167978911,-69.87247167978911
985.1000276088714,-69.866327080384,-69.866327080384
985.1100276088714,-69.86020536456304,-69.86020536456304
985.1200276088715,-69.85410680195955,-69.85410680195955
985.1300276088715,-69.84803165642171,-69.84803165642171
985.1400276088715,-69.84198018606173,-69.84198018606173
985.1500276327133,-69.83595262904618,-69.83595262904618
985.1600276327133,-69.82994926112569,-69.82994926112569
985.1700276327133,-69.82397030939293,-69.82397030939293
985.1800276327133,-69.81801601001105,-69.81801601001105
985.1900276327133,-69.81208659383982,-69.81208659383982
985.2000276327133,-69.80618228653849,-69.80618228653849
985.2100276327133,-69.8003033086313,-69.8003033086313
985.2200276327134,-69.79444987559643,-69.79444987559643
985.2300276327134,-69.78862219794242,-69.78862219794242
985.2400276327133,-69.78282048127868,-69.78282048127868
985.2500276327133,-69.77704492638667,-69.77704492638667
985.2600276327133,-69.77129572929498,-69.77129572929498
985.2700276327133,-69.76557308138074,-69.76557308138074
985.2800276327133,-69.75987716939548,-69.75987716939548
985.2900276327133,-69.75420817556873,-69.75420817556873
985.3000276327133,-69.74856627767497,-69.74856627767497
985.3100276327133,-69.7429516490891,-69.7429516490891
985.3200276327133,-69.73736445887151,-69.73736445887151
985.3300276327133,-69.73180487181533,-69.73180487181533
985.3400276327134,-69.7262730485306,-69.7262730485306
985.3500276327134,-69.72076914551022,-69.72076914551022
985.3600276327134,-69.71529331518335,-69.71529331518335
985.3700276327133,-69.70984570598158,-69.70984570598158
985.3800276327133,-69.70442646240085,-69.70442646240085
985.3900276327133,-69.6990357250885,-69.6990357250885
985.4000276327133,-69.69367363085748,-69.69367363085748
985.4100276327133,-69.68834031278605,-69.68834031278605
985.4200276327133,-69.6830359002515,-69.6830359002515
985.4300276327133,-69.67776051901646,-69.67776051901646
985.4400276327133,-69.67251429125889,-69.67251429125889
985.4500276327133,-69.66729733564217,-69.66729733564217
985.4600276327133,-69.66210370695715,-69.66210370695715
985.4700276327134,-69.65693087270787,-69.65693087270787
985.4800276327134,-69.65177766356042,-69.65177766356042
985.4900276327133,-69.64664353980803,-69.64664353980803
985.5000276327133,-69.6415283111645,-69.6415283111645
985.5100276327133,-69.63643199107695,-69.63643199107695
985.5200276327133,-69.63135471119989,-69.63135471119989
985.5300276327133,-69.62629666997438,-69.62629666997438
985.5400276327133,-69.62125810172381,-69.62125810172381
985.5500276327133,-69.61623925811088,-69.61623925811088
985.5600276327133,-69.61124039712111,-69.61124039712111
985.5700276327133,-69.6062617766287,-69.6062617766287
985.5800276327133,-69.60130365071547,-69.60130365071547
985.5900276327134,-69.59636626774532,-69.59636626774532
985.6000276327134,-69.59144986939127,-69.59144986939127
985.6100276327134,-69.58655469031551,-69.58655469031551
985.6200276327133,-69.58168095817511,-69.58168095817511
985.6300276327133,-69.57682889386375,-69.57682889386375
985.6400276327133,-69.57199871181794,-69.57199871181794
985.6500276327133,-69.56719062033397,-69.56719062033397
985.6600276327133,-69.56240482196404,-69.56240482196404
985.6700276327133,-69.55764151384714,-69.55764151384714
985.6800276327133,-69.55290088799809,-69.55290088799809
985.6900276327133,-69.54818313163017,-69.54818313163017
985.7000276327133,-69.5434884273966,-69.5434884273966
985.7100276327133,-69.53881695360289,-69.53881695360289
985.7200276327134,-69.5341688844381,-69.5341688844381
985.7300276327134,-69.52954439013524,-69.52954439013524
985.7400276327133,-69.52494363711548,-69.52494363711548
985.7500276327133,-69.52036678814837,-69.52036678814837
985.7600276327133,-69.51581400244316,-69.51581400244316
985.7700276327133,-69.51128543578065,-69.51128543578065
985.7800276327133,-69.50678124058118,-69.50678124058118
985.7900276327133,-69.50230156600463,-69.50230156600463
985.8000276327133,-69.49784655800951,-69.49784655800951
985.8100276327133,-69.4934163594248,-69.4934163594248
985.8200276327133,-69.48901111000181,-69.48901111000181
985.8300276327133,-69.48463094647997,-69.48463094647997
985.8400276327134,-69.48027600260347,-69.48027600260347
985.8500276327134,-69.47594640920909,-69.47594640920909
985.8600276327134,-69.47164229422575,-69.47164229422575
985.8700276327133,-69.46736378273233,-69.46736378273233
985.8800276327133,-69.46311099698202,-69.46311099698202
985.8900276327133,-69.45888405644635,-69.45888405644635
985.9000276327133,-69.45468307782771,-69.45468307782771
985.9100276327133,-69.45050817511449,-69.45050817511449
985.9200276327133,-69.44635945958818,-69.44635945958818
985.9300276327133,-69.44223703985577,-69.44223703985577
985.9400276327133,-69.43814102188243,-69.43814102188243
985.9500276327133,-69.43407150900674,-69.43407150900674
985.9600276327133,-69.43002256103802,-69.43002256103802
985.9700276327134,-69.42599163998429,-69.42599163998429
985.9800276327134,-69.42197756719008,-69.42197756719008
985.9900276327133,-69.41797979225419,-69.41797979225419
986.0000276565552,-69.41399810429618,-69.41399810429618
986.0100276565552,-69.41003252463193,-69.41003252463193
986.0200276565552,-69.40608316456891,-69.40608316456891
986.0300276565551,-69.40215021215322,-69.40215021215322
986.0400276565551,-69.3982338918476,-69.3982338918476
986.0500276565551,-69.3943344460109,-69.3943344460109
986.0600276565551,-69.39045212391657,-69.39045212391657
986.0700276565552,-69.3865871752837,-69.3865871752837
986.0800276565552,-69.38273984664325,-69.38273984664325
986.0900276565552,-69.37891037933187,-69.37891037933187
986.1000276565552,-69.37509900854464,-69.37509900854464
986.1100276565552,-69.37130596298387,-69.37130596298387
986.1200276565552,-69.36753146486126,-69.36753146486126
986.1300276565552,-69.36377573008872,-69.36377573008872
986.1400276565552,-69.36003896855568,-69.36003896855568
986.1500276565552,-69.3563213844856,-69.3563213844856
986.1600276565551,-69.35262317676892,-69.35262317676892
986.1700276565551,-69.34894453926687,-69.34894453926687
986.1800276565551,-69.3452856611236,-69.3452856611236
986.1900276565552,-69.34164672702893,-69.34164672702893
986.2000276565552,-69.33802791748032,-69.33802791748032
986.2100276565552,-69.3344233763716,-69.3344233763716
986.2200276565552,-69.33083064386271,-69.33083064386271
986.2300276565552,-69.32724861643884,-69.32724861643884
986.2400276565552,-69.3236768169418,-69.3236768169418
986.2500276565552,-69.32011511580319,-69.32011511580319
986.2600276565552,-69.31656358611018,-69.31656358611018
986.2700276565552,-69.3130224185338,-69.3130224185338
986.2800276565551,-69.30949187022541,-69.30949187022541
986.2900276565551,-69.30597223406308,-69.30597223406308
986.3000276565551,-69.30246382022888,-69.30246382022888
986.3100276565551,-69.29896694525297,-69.29896694525297
986.3200276565552,-69.29548192559724,-69.29548192559724
986.3300276565552,-69.29200907403919,-69.29200907403919
986.3400276565552,-69.28854869765976,-69.28854869765976
986.3500276565552,-69.28510109694365,-69.28510109694365
986.3600276565552,-69.28166656540735,-69.28166656540735
986.3700276565552,-69.27824538961217,-69.27824538961217
986.3800276565552,-69.27483784936095,-69.27483784936095
986.3900276565552,-69.27144421798471,-69.27144421798471
986.4000276565552,-69.26806476269086,-69.26806476269086
986.4100276565551,-69.2646997448713,-69.2646997448713
986.4200276565551,-69.26134942043264,-69.26134942043264
986.4300276565551,-69.25801404009269,-69.25801404009269
986.4400276565552,-69.25469384963102,-69.25469384963102
986.4500276565552,-69.2513890901597,-69.2513890901597
986.4600276565552,-69.2480999982794,-69.2480999982794
986.4700276565552,-69.24482680630773,-69.24482680630773
986.4800276565552,-69.24156974242061,-69.24156974242061
986.4900276565552,-69.23832903077438,-69.23832903077438
986.5000276565552,-69.23510489163687,-69.23510489163687
986.5100276565552,-69.23189754148686,-69.23189754148686
986.5200276565552,-69.22870719310308,-69.22870719310308
986.5300276565551,-69.22553405563156,-69.22553405563156
986.5400276565551,-69.22237833468459,-69.22237833468459
986.5500276565551,-69.21924023235536,-69.21924023235536
986.5600276565551,-69.21611994729366,-69.21611994729366
986.5700276565552,-69.21301767474203,-69.21301767474203
986.5800276565552,-69.20993360659473,-69.20993360659473
986.5900276565552,-69.20686793140246,-69.20686793140246
986.6000276565552,-69.20382083443499,-69.20382083443499
986.6100276565552,-69.20079249768362,-69.20079249768362
986.6200276565552,-69.19778309992357,-69.19778309992357
986.6300276565552,-69.19479281670765,-69.19479281670765
986.6400276565552,-69.19182182041313,-69.19182182041313
986.6500276565552,-69.18887028024365,-69.18887028024365
986.6600276565551,-69.18593836226911,-69.18593836226911
986.6700276565551,-69.18302622944789,-69.18302622944789
986.6800276565551,-69.18013404164581,-69.18013404164581
986.6900276565552,-69.17726195564774,-69.17726195564774
986.7000276565552,-69.17441012518483,-69.17441012518483
986.7100276565552,-69.1715726829243,-69.1715726829243
986.7200276565552,-69.16874715051298,-69.16874715051298
986.7300276565552,-69.16593240316931,-69.16593240316931
986.7400276565552,-69.1631279414071,-69.1631279414071
986.7500276565552,-69.16033361283792,-69.16033361283792
986.7600276565552,-69.15754946750855,-69.15754946750855
986.7700276565552,-69.15477567301302,-69.15477567301302
986.7800276565551,-69.15201246344802,-69.15201246344802
986.7900276565551,-69.14926010869463,-69.14926010869463
986.8000276565551,-69.14651889601497,-69.14651889601497
986.8100276565551,-69.14378911909559,-69.14378911909559
986.8200276565552,-69.14107107161439,-69.14107107161439
986.8300276565552,-69.1383650436269,-69.1383650436269
986.8400276565552,-69.13567131956,-69.13567131956
986.850027680397,-69.13299017089226,-69.13299017089226
986.860027680397,-69.13032188136883,-69.13032188136883
986.870027680397,-69.1276667086258,-69.1276667086258
986.880027680397,-69.12502490997495,-69.12502490997495
986.890027680397,-69.1223967363164,-69.1223967363164
986.900027680397,-69.11978243245,-69.11978243245
986.910027680397,-69.11718223742095,-69.11718223742095
986.9200276803971,-69.11459638484179,-69.11459638484179
986.9300276803971,-69.11202510318877,-69.11202510318877
986.9400276803971,-69.10946861608713,-69.10946861608713
986.950027680397,-69.10692714252022,-69.10692714252022
986.960027680397,-69.10440089708835,-69.10440089708835
986.970027680397,-69.1018900901489,-69.1018900901489
986.980027680397,-69.0993949280285,-69.0993949280285
986.990027680397,-69.09691561312299,-69.09691561312299
987.000027680397,-69.09445234406014,-69.09445234406014
987.010027680397,-69.09200531578102,-69.09200531578102
987.020027680397,-69.08957471965242,-69.08957471965242
987.030027680397,-69.0871607435374,-69.0871607435374
987.0400276803971,-69.08476357188007,-69.08476357188007
987.0500276803971,-69.0823833857743,-69.0823833857743
987.0600276803971,-69.080020363003,-69.080020363003
987.0700276803971,-69.07767467809614,-69.07767467809614
987.080027680397,-69.07534650239839,-69.07534650239839
987.090027680397,-69.07303600408073,-69.07303600408073
987.100027680397,-69.07074334819431,-69.07074334819431
987.110027680397,-69.06846869670564,-69.06846869670564
987.120027680397,-69.0662122085249,-69.0662122085249
987.130027680397,-69.0639740395537,-69.0639740395537
987.140027680397,-69.06175434267752,-69.06175434267752
987.150027680397,-69.05955326783334,-69.05955326783334
987.160027680397,-69.05737096201355,-69.05737096201355
987.1700276803971,-69.05520756929383,-69.05520756929383
987.1800276803971,-69.05306323086886,-69.05306323086886
987.1900276803971,-69.05093808507665,-69.05093808507665
987.200027680397,-69.04883226740169,-69.04883226740169
987.210027680397,-69.04674591051672,-69.04674591051672
987.220027680397,-69.04467914431335,-69.04467914431335
987.230027680397,-69.04263209591055,-69.04263209591055
987.240027680397,-69.04060488967603,-69.04060488967603
987.250027680397,-69.03859764727578,-69.03859764727578
987.260027680397,-69.03661048766573,-69.03661048766573
987.270027680397,-69.03464352713307,-69.03464352713307
987.280027680397,-69.0326968793221,-69.0326968793221
987.2900276803971,-69.03077065524182,-69.03077065524182
987.3000276803971,-69.02886496332408,-69.02886496332408
987.3100276803971,-69.02697990940334,-69.02697990940334
987.3200276803971,-69.02511559677302,-69.02511559677302
987.330027680397,-69.02327212619143,-69.02327212619143
987.340027680397,-69.02144959593275,-69.02144959593275
987.350027680397,-69.0196481017748,-69.0196481017748
987.360027680397,-69.01786773706318,-69.01786773706318
987.370027680397,-69.01610859270127,-69.01610859270127
987.380027680397,-69.01437075719231,-69.01437075719231
987.390027680397,-69.01265431667937,-69.01265431667937
987.400027680397,-69.01095935494077,-69.01095935494077
987.410027680397,-69.00928595342968,-69.00928595342968
987.4200276803971,-69.00763419130737,-69.00763419130737
987.4300276803971,-69.00600414546068,-69.00600414546068
987.4400276803971,-69.00439589052363,-69.00439589052363
987.450027680397,-69.00280949890477,-69.00280949890477
987.460027680397,-69.00124504082818,-69.00124504082818
987.470027680397,-68.99970258433684,-68.99970258433684
987.480027680397,-68.99818219533061,-68.99818219533061
987.490027680397,-68.996683937593,-68.996683937593
987.500027680397,-68.99520787281094,-68.99520787281094
987.510027680397,-68.99375406060409,-68.99375406060409
987.520027680397,-68.9923225585464,-68.9923225585464
987.530027680397,-68.990913422208,-68.990913422208
987.5400276803971,-68.98952670514211,-68.98952670514211
987.5500276803971,-68.98816245896322,-68.98816245896322
987.5600276803971,-68.98682073333069,-68.98682073333069
987.5700276803971,-68.9855015759871,-68.9855015759871
987.580027680397,-68.98420503278896,-68.98420503278896
987.590027680397,-68.98293114771911,-68.98293114771911
987.600027680397,-68.98167996292547,-68.98167996292547
987.610027680397,-68.98045151874535,-68.98045151874535
987.620027680397,-68.97924585371865,-68.97924585371865
987.630027680397,-68.97806300461444,-68.97806300461444
987.640027680397,-68.97690300646174,-68.97690300646174
987.650027680397,-68.97576589257574,-68.97576589257574
987.660027680397,-68.97465169456555,-68.97465169456555
987.6700276803971,-68.97356044237914,-68.97356044237914
987.6800276803971,-68.9724921643151,-68.9724921643151
987.6900276803971,-68.97144688704556,-68.97144688704556
987.7000277042389,-68.97042463321314,-68.97042463321314
987.7100277042389,-68.96942543123755,-68.96942543123755
987.7200277042389,-68.96844930055796,-68.96844930055796
987.7300277042389,-68.96749626158058,-68.96749626158058
987.7400277042389,-68.96656633320114,-68.96656633320114
987.7500277042388,-68.96565953283164,-68.96565953283164
987.7600277042388,-68.96477587641569,-68.96477587641569
987.7700277042389,-68.96391537845516,-68.96391537845516
987.7800277042389,-68.96307805203062,-68.96307805203062
987.7900277042389,-68.96226390881507,-68.96226390881507
987.8000277042389,-68.96147295911312,-68.96147295911312
987.8100277042389,-68.96070521185754,-68.96070521185754
987.8200277042389,-68.95996067465535,-68.95996067465535
987.8300277042389,-68.95923935379317,-68.95923935379317
987.8400277042389,-68.95854125425711,-68.95854125425711
987.8500277042389,-68.95786637976676,-68.95786637976676
987.8600277042389,-68.95721473276953,-68.95721473276953
987.8700277042389,-68.95658631449406,-68.95658631449406
987.8800277042388,-68.95598112494,-68.95598112494
987.890027704239,-68.95539916291033,-68.95539916291033
987.9000277042389,-68.95484042604352,-68.95484042604352
987.9100277042389,-68.95430491079333,-68.95430491079333
987.9200277042389,-68.95379261248283,-68.95379261248283
987.9300277042389,-68.95330352532564,-68.95330352532564
987.9400277042389,-68.95283764241488,-68.95283764241488
987.9500277042389,-68.95239495576178,-68.95239495576178
987.9600277042389,-68.95196945530316,-68.95196945530316
987.9700277042389,-68.95155851061045,-68.95155851061045
987.9800277042389,-68.95116084209819,-68.95116084209819
987.9900277042389,-68.95077579519157,-68.95077579519157
988.0000277042388,-68.95040306311276,-68.95040306311276
988.0100277042388,-68.95004254272594,-68.95004254272594
988.0200277042389,-68.94969424998654,-68.94969424998654
988.0300277042389,-68.94935826908262,-68.94935826908262
988.0400277042389,-68.94903472181056,-68.94903472181056
988.0500277042389,-68.94872374926453,-68.94872374926453
988.0600277042389,-68.9484255009138,-68.9484255009138
988.0700277042389,-68.94814012818897,-68.94814012818897
988.0800277042389,-68.94786778087008,-68.94786778087008
988.0900277042389,-68.94760860507277,-68.94760860507277
988.1000277042389,-68.94736274232851,-68.94736274232851
988.1100277042389,-68.94713032920205,-68.94713032920205
988.1200277042389,-68.94691149730286,-68.94691149730286
988.1300277042388,-68.94670637343752,-68.94670637343752
988.140027704239,-68.94651507991287,-68.94651507991287
988.1500277042389,-68.94633773485145,-68.94633773485145
988.1600277042389,-68.9461744524872,-68.9461744524872
988.1700277042389,-68.94602534352231,-68.94602534352231
988.1800277042389,-68.94589051535952,-68.94589051535952
988.1900277042389,-68.94577007238337,-68.94577007238337
988.2000277042389,-68.94566411619458,-68.94566411619458
988.2100277042389,-68.94557274579203,-68.94557274579203
988.2200277042389,-68.94549605773335,-68.94549605773335
988.2300277042389,-68.9454341463289,-68.9454341463289
988.2400277042389,-68.94538710371769,-68.94538710371769
988.2500277042388,-68.94535501999833,-68.94535501999833
988.2600277042388,-68.9453379833373,-68.9453379833373
988.2700277042389,-68.94533608001336,-68.94533608001336
988.2800277042389,-68.94534939452073,-68.94534939452073
988.2900277042389,-68.94537800959232,-68.94537800959232
988.3000277042389,-68.9454220062789,-68.9454220062789
988.3100277042389,-68.94548146396833,-68.94548146396833
988.3200277042389,-68.9455564604219,-68.9455564604219
988.3300277042389,-68.94564707181314,-68.94564707181314
988.3400277042389,-68.94575337274789,-68.94575337274789
988.3500277042389,-68.94587543629336,-68.94587543629336
988.3600277042389,-68.94601333397617,-68.94601333397617
988.3700277042389,-68.94616713582269,-68.94616713582269
988.3800277042388,-68.94633691035004,-68.94633691035004
988.390027704239,-68.94652272458735,-68.94652272458735
988.4000277042389,-68.94672464411103,-68.94672464411103
988.4100277042389,-68.94694273300719,-68.94694273300719
988.4200277042389,-68.9471770539047,-68.9471770539047
988.4300277042389,-68.94742766800152,-68.94742766800152
988.4400277042389,-68.94769463503344,-68.94769463503344
988.4500277042389,-68.94797801331573,-68.94797801331573
988.4600277042389,-68.94827185829597,-68.94827185829597
988.4700277042389,-68.94857360425588,-68.94857360425588
988.4800277042389,-68.9488820356899,-68.9488820356899
988.4900277042389,-68.94919656161225,-68.94919656161225
988.5000277042388,-68.94951693836184,-68.94951693836184
988.5100277042388,-68.94984312553669,-68.94984312553669
988.5200277042389,-68.95017520139933,-68.95017520139933
988.5300277042389,-68.95051331207102,-68.95051331207102
988.5400277042389,-68.95085764093027,-68.95085764093027
988.5500277280807,-68.95120839112228,-68.95120839112228
988.5600277280807,-68.95156577127679,-68.95156577127679
988.5700277280807,-68.95192999410943,-68.95192999410943
988.5800277280807,-68.95230126944325,-68.95230126944325
988.5900277280807,-68.95267980307038,-68.95267980307038
988.6000277280807,-68.95306579577813,-68.95306579577813
988.6100277280807,-68.9534594429749,-68.9534594429749
988.6200277280808,-68.9538609346608,-68.9538609346608
988.6300277280808,-68.95427045564321,-68.95427045564321
988.6400277280808,-68.95468818575485,-68.95468818575485
988.6500277280808,-68.95511430019178,-68.95511430019178
988.6600277280808,-68.95554896983623,-68.95554896983623
988.6700277280808,-68.95599236153072,-68.95599236153072
988.6800277280807,-68.95644463837262,-68.95644463837262
988.6900277280807,-68.95690595997674,-68.95690595997674
988.7000277280807,-68.9573764826668,-68.9573764826668
988.7100277280807,-68.95785035752911,-68.95785035752911
988.7200277280807,-68.95832511335176,-68.95832511335176
988.7300277280807,-68.95879962793681,-68.95879962793681
988.7400277280808,-68.95927340240449,-68.95927340240449
988.7500277280808,-68.95974628412486,-68.95974628412486
988.7600277280808,-68.96021832268632,-68.96021832268632
988.7700277280808,-68.9606896854015,-68.9606896854015
988.7800277280808,-68.96116060656162,-68.96116060656162
988.7900277280808,-68.96163135688884,-68.96163135688884
988.8000277280807,-68.96210222522022,-68.96210222522022
988.8100277280807,-68.96257350762734,-68.96257350762734
988.8200277280807,-68.9630455010408,-68.9630455010408
988.8300277280807,-68.96351849962257,-68.96351849962257
988.8400277280807,-68.96399279278123,-68.96399279278123
988.8500277280807,-68.96446866423247,-68.96446866423247
988.8600277280807,-68.96494639163748,-68.96494639163748
988.8700277280808,-68.96542624656853,-68.96542624656853
988.8800277280808,-68.965908494729,-68.965908494729
988.8900277280808,-68.96639339617677,-68.96639339617677
988.9000277280808,-68.96688120567362,-68.96688120567362
988.9100277280808,-68.96737217297407,-68.96737217297407
988.9200277280808,-68.9678665431256,-68.9678665431256
988.9300277280807,-68.96836455677081,-68.96836455677081
988.9400277280807,-68.96886645036948,-68.96886645036948
988.9500277280807,-68.96937245642906,-68.96937245642906
988.9600277280807,-68.96988280369222,-68.96988280369222
988.9700277280807,-68.97039771730032,-68.97039771730032
988.9800277280807,-68.970917418939,-68.970917418939
988.9900277280808,-68.97144212696745,-68.97144212696745
989.0000277280808,-68.97197205651818,-68.97197205651818
989.0100277280808,-68.9725074195717,-68.9725074195717
989.0200277280808,-68.97304842504442,-68.97304842504442
989.0300277280808,-68.97359527886069,-68.97359527886069
989.0400277280808,-68.97414818397846,-68.97414818397846
989.0500277280807,-68.97470734047846,-68.97470734047846
989.0600277280807,-68.97527294556156,-68.97527294556156
989.0700277280807,-68.97584519360917,-68.97584519360917
989.0800277280807,-68.97642427620406,-68.97642427620406
989.0900277280807,-68.97701038216121,-68.97701038216121
989.1000277280807,-68.97760369752407,-68.97760369752407
989.1100277280807,-68.97820440562845,-68.97820440562845
989.1200277280808,-68.97881268707849,-68.97881268707849
989.1300277280808,-68.97942871980865,-68.97942871980865
989.1400277280808,-68.9800526790352,-68.9800526790352
989.1500277280808,-68.98068473733304,-68.98068473733304
989.1600277280808,-68.98132506460988,-68.98132506460988
989.1700277280808,-68.98197382813292,-68.98197382813292
989.1800277280807,-68.98263119254882,-68.98263119254882
989.1900277280807,-68.98329731987774,-68.98329731987774
989.2000277280807,-68.98397236954496,-68.98397236954496
989.2100277280807,-68.98465649836517,-68.98465649836517
989.2200277280807,-68.98534986059624,-68.98534986059624
989.2300277280807,-68.98605260792591,-68.98605260792591
989.2400277280808,-68.98676488947868,-68.98676488947868
989.2500277280808,-68.98748685185684,-68.98748685185684
989.2600277280808,-68.98821863912457,-68.98821863912457
989.2700277280808,-68.98896039283828,-68.98896039283828
989.2800277280808,-68.98971225208115,-68.98971225208115
989.2900277280808,-68.99047435342725,-68.99047435342725
989.3000277280807,-68.9912468310133,-68.9912468310133
989.3100277280807,-68.99202981650905,-68.99202981650905
989.3200277280807,-68.99282343916326,-68.99282343916326
989.3300277280807,-68.99362782581898,-68.99362782581898
989.3400277280807,-68.99444310091675,-68.99444310091675
989.3500277280807,-68.99526938652116,-68.99526938652116
989.3600277280807,-68.9961068023419,-68.9961068023419
989.3700277280808,-68.9969554657329,-68.9969554657329
989.3800277280808,-68.99781549174996,-68.99781549174996
989.3900277280808,-68.99868699314125,-68.99868699314125
989.4000277519226,-68.99957008246658,-68.99957008246658
989.4100277519226,-69.00046486375291,-69.00046486375291
989.4200277519226,-69.00137144501822,-69.00137144501822
989.4300277519226,-69.00228993000762,-69.00228993000762
989.4400277519226,-69.0032204202564,-69.0032204202564
989.4500277519226,-69.00416301512124,-69.00416301512124
989.4600277519226,-69.00511781180235,-69.00511781180235
989.4700277519227,-69.00608490535951,-69.00608490535951
989.4800277519226,-69.00706438874506,-69.00706438874506
989.4900277519226,-69.00805635280624,-69.00805635280624
989.5000277519226,-69.00906088632142,-69.00906088632142
989.5100277519226,-69.01007807602568,-69.01007807602568
989.5200277519226,-69.0111080066146,-69.0111080066146
989.5300277519226,-69.01215076078653,-69.01215076078653
989.5400277519226,-69.01320641924778,-69.01320641924778
989.5500277519226,-69.01427506075818,-69.01427506075818
989.5600277519226,-69.01535676212264,-69.01535676212264
989.5700277519226,-69.0164515982272,-69.0164515982272
989.5800277519226,-69.01755964207462,-69.01755964207462
989.5900277519227,-69.01868096478559,-69.01868096478559
989.6000277519227,-69.01981563563977,-69.01981563563977
989.6100277519226,-69.02096372207662,-69.02096372207662
989.6200277519226,-69.02212528974302,-69.02212528974302
989.6300277519226,-69.0233004024791,-69.0233004024791
989.6400277519226,-69.0244891223909,-69.0244891223909
989.6500277519226,-69.0256915098258,-69.0256915098258
989.6600277519226,-69.02690762341709,-69.02690762341709
989.6700277519226,-69.02813752010906,-69.02813752010906
989.6800277519226,-69.0293812551618,-69.0293812551618
989.6900277519226,-69.0306388821844,-69.0306388821844
989.7000277519226,-69.03191045315597,-69.03191045315597
989.7100277519226,-69.03319601844792,-69.03319601844792
989.7200277519227,-69.03449562684185,-69.03449562684185
989.7300277519226,-69.03580932555843,-69.03580932555843
989.7400277519226,-69.03713716025985,-69.03713716025985
989.7500277519226,-69.03847917508878,-69.03847917508878
989.7600277519226,-69.03983541268491,-69.03983541268491
989.7700277519226,-69.041205914203,-69.041205914203
989.7800277519226,-69.04259071933684,-69.04259071933684
989.7900277519226,-69.04398986633547,-69.04398986633547
989.8000277519226,-69.04540339201873,-69.04540339201873
989.8100277519226,-69.04683133181102,-69.04683133181102
989.8200277519226,-69.04827371975895,-69.04827371975895
989.8300277519226,-69.04973058853395,-69.04973058853395
989.8400277519227,-69.05120196947628,-69.05120196947628
989.8500277519227,-69.05268789259856,-69.05268789259856
989.8600277519226,-69.05418838659102,-69.05418838659102
989.8700277519226,-69.05570347887988,-69.05570347887988
989.8800277519226,-69.05723319562028,-69.05723319562028
989.8900277519226,-69.05877756171279,-69.05877756171279
989.9000277519226,-69.06033660082763,-69.06033660082763
989.9100277519226,-69.06191033542136,-69.06191033542136
989.9200277519226,-69.06349878676599,-69.06349878676599
989.9300277519226,-69.06510197495179,-69.06510197495179
989.9400277519226,-69.06671991891633,-69.06671991891633
989.9500277519226,-69.06835263644103,-69.06835263644103
989.9600277519226,-69.07000014420562,-69.07000014420562
989.9700277519227,-69.07166245775439,-69.07166245775439
989.9800277519226,-69.07333959157802,-69.07333959157802
989.9900277519226,-69.075031559073,-69.075031559073
990.0000277519226,-69.07673837257772,-69.07673837257772
990.0100277519226,-69.07846004340446,-69.07846004340446
990.0200277519226,-69.08019658182334,-69.08019658182334
990.0300277519226,-69.08194799711866,-69.08194799711866
990.0400277519226,-69.08371429756467,-69.08371429756467
990.0500277519226,-69.08549549047446,-69.08549549047446
990.0600277519226,-69.08729158219137,-69.08729158219137
990.0700277519226,-69.08910257811264,-69.08910257811264
990.0800277519226,-69.09092848271814,-69.09092848271814
990.0900277519227,-69.0927692995471,-69.0927692995471
990.1000277519227,-69.09462503126501,-69.09462503126501
990.1100277519226,-69.09649567963928,-69.09649567963928
990.1200277519226,-69.09838124556359,-69.09838124556359
990.1300277519226,-69.10028172908034,-69.10028172908034
990.1400277519226,-69.1021971293769,-69.1021971293769
990.1500277519226,-69.10412744482464,-69.10412744482464
990.1600277519226,-69.10607267296882,-69.10607267296882
990.1700277519226,-69.10803281056346,-69.10803281056346
990.1800277519226,-69.11000785355546,-69.11000785355546
990.1900277519226,-69.11199779712828,-69.11199779712828
990.2000277519226,-69.1140026356992,-69.1140026356992
990.2100277519226,-69.11602236293511,-69.11602236293511
990.2200277519227,-69.11805697176344,-69.11805697176344
990.2300277519226,-69.12010645438718,-69.12010645438718
990.2400277519226,-69.12217080228812,-69.12217080228812
990.2500277757645,-69.1242500112113,-69.1242500112113
990.2600277757645,-69.12634406140037,-69.12634406140037
990.2700277757644,-69.1284529471666,-69.1284529471666
990.2800277757644,-69.13057665726528,-69.13057665726528
990.2900277757644,-69.13271517979459,-69.13271517979459
990.3000277757644,-69.13486850222591,-69.13486850222591
990.3100277757644,-69.13703661136668,-69.13703661136668
990.3200277757645,-69.13921949342134,-69.13921949342134
990.3300277757645,-69.14141713398385,-69.14141713398385
990.3400277757645,-69.14362951804608,-69.14362951804608
990.3500277757645,-69.14585663000484,-69.14585663000484
990.3600277757645,-69.14809845368785,-69.14809845368785
990.3700277757645,-69.15035497234521,-69.15035497234521
990.3800277757645,-69.1526261686697,-69.1526261686697
990.3900277757645,-69.15491202481392,-69.15491202481392
990.4000277757644,-69.15721252238569,-69.15721252238569
990.4100277757644,-69.15952764246589,-69.15952764246589
990.4200277757644,-69.16185736560313,-69.16185736560313
990.4300277757644,-69.16420167184877,-69.16420167184877
990.4400277757645,-69.1665605407538,-69.1665605407538
990.4500277757645,-69.16893395137816,-69.16893395137816
990.4600277757645,-69.17132188228096,-69.17132188228096
990.4700277757645,-69.17372431157462,-69.17372431157462
990.4800277757645,-69.17614121688743,-69.17614121688743
990.4900277757645,-69.1785725753891,-69.1785725753891
990.5000277757645,-69.18101836381419,-69.18101836381419
990.5100277757645,-69.18347855844635,-69.18347855844635
990.5200277757644,-69.18595313515254,-69.18595313515254
990.5300277757644,-69.18844206935326,-69.18844206935326
990.5400277757644,-69.19094533607101,-69.19094533607101
990.5500277757644,-69.19346290991908,-69.19346290991908
990.5600277757644,-69.19599476510238,-69.19599476510238
990.5700277757645,-69.1985408754429,-69.1985408754429
990.5800277757645,-69.20110121437612,-69.20110121437612
990.5900277757645,-69.20367575495285,-69.20367575495285
990.6000277757645,-69.20626446986206,-69.20626446986206
990.6100277757645,-69.20886733142478,-69.20886733142478
990.6200277757645,-69.21148431162328,-69.21148431162328
990.6300277757645,-69.21411538205788,-69.21411538205788
990.6400277757645,-69.21676051402028,-69.21676051402028
990.6500277757644,-69.21941967845311,-69.21941967845311
990.6600277757644,-69.22209284597236,-69.22209284597236
990.6700277757644,-69.22477998686648,-69.22477998686648
990.6800277757644,-69.227481071118,-69.227481071118
990.6900277757645,-69.23019606838963,-69.23019606838963
990.7000277757645,-69.23292494806809,-69.23292494806809
990.7100277757645,-69.23566767921929,-69.23566767921929
990.7200277757645,-69.23842423062725,-69.23842423062725
990.7300277757645,-69.24119457078935,-69.24119457078935
990.7400277757645,-69.24397866792607,-69.24397866792607
990.7500277757645,-69.24677648998492,-69.24677648998492
990.7600277757645,-69.24958800465528,-69.24958800465528
990.7700277757644,-69.2524131793555,-69.2524131793555
990.7800277757644,-69.25525198126257,-69.25525198126257
990.7900277757644,-69.25810437728656,-69.25810437728656
990.8000277757644,-69.2609703341059,-69.2609703341059
990.8100277757644,-69.2638498181597,-69.2638498181597
990.8200277757645,-69.26674279564588,-69.26674279564588
990.8300277757645,-69.26964923254779,-69.26964923254779
990.8400277757645,-69.27256909460775,-69.27256909460775
990.8500277757645,-69.27550234737217,-69.27550234737217
990.8600277757645,-69.27844895615124,-69.27844895615124
990.8700277757645,-69.28140888606953,-69.28140888606953
990.8800277757645,-69.2843821020392,-69.2843821020392
990.8900277757645,-69.2873685687617,-69.2873685687617
990.9000277757644,-69.29036825076709,-69.29036825076709
990.9100277757644,-69.2933811123733,-69.2933811123733
990.9200277757644,-69.29640711773443,-69.29640711773443
990.9300277757644,-69.29944623081327,-69.29944623081327
990.9400277757645,-69.30249841540123,-69.30249841540123
990.9500277757645,-69.30556363511677,-69.30556363511677
990.9600277757645,-69.30863581559383,-69.30863581559383
990.9700277757645,-69.31171227890177,-69.31171227890177
990.9800277757645,-69.31479170514615,-69.31479170514615
990.9900277757645,-69.31787340321172,-69.31787340321172
991.0000277757645,-69.32095703227793,-69.32095703227793
991.0100277757645,-69.32404245712044,-69.32404245712044
991.0200277757644,-69.32712966317807,-69.32712966317807
991.0300277757644,-69.33021870558439,-69.33021870558439
991.0400277757644,-69.33330967844184,-69.33330967844184
991.0500277757644,-69.33640269641145,-69.33640269641145
991.0600277757644,-69.33949788374191,-69.33949788374191
991.0700277757645,-69.34259536783377,-69.34259536783377
991.0800277757645,-69.34569527555885,-69.34569527555885
991.0900277757645,-69.34879773126141,-69.34879773126141
991.1000277996063,-69.35190286313437,-69.35190286313437
991.1100277996063,-69.3550107733054,-69.3550107733054
991.1200277996063,-69.35812158208047,-69.35812158208047
991.1300277996063,-69.36123539859648,-69.36123539859648
991.1400277996063,-69.36435232843789,-69.36435232843789
991.1500277996063,-69.36747247392833,-69.36747247392833
991.1600277996063,-69.37059593442504,-69.37059593442504
991.1700277996064,-69.37372280661337,-69.37372280661337
991.1800277996064,-69.37685318476382,-69.37685318476382
991.1900277996064,-69.37998716095137,-69.37998716095137
991.2000277996063,-69.38312482528535,-69.38312482528535
991.2100277996063,-69.38626626606701,-69.38626626606701
991.2200277996063,-69.38941156996037,-69.38941156996037
991.2300277996063,-69.3925608221063,-69.3925608221063
991.2400277996063,-69.39571410624148,-69.39571410624148
991.2500277996063,-69.398871504802,-69.398871504802
991.2600277996063,-69.40203309895702,-69.40203309895702
991.2700277996063,-69.40519896873342,-69.40519896873342
991.2800277996063,-69.40836919301884,-69.40836919301884
991.2900277996064,-69.41154384962054,-69.41154384962054
991.3000277996064,-69.41472301531469,-69.41472301531469
991.3100277996064,-69.41790676583659,-69.41790676583659
991.3200277996064,-69.42109517594325,-69.42109517594325
991.3300277996063,-69.42428831940198,-69.42428831940198
991.3400277996063,-69.42748626900902,-69.42748626900902
991.3500277996063,-69.43068909660839,-69.43068909660839
991.3600277996063,-69.4338968730884,-69.4338968730884
991.3700277996063,-69.43710966838935,-69.43710966838935
991.3800277996063,-69.44032755150108,-69.44032755150108
991.3900277996063,-69.443550590471,-69.443550590471
991.4000277996063,-69.44677885239477,-69.44677885239477
991.4100277996063,-69.45001240342935,-69.45001240342935
991.4200277996064,-69.45325130876547,-69.45325130876547
991.4300277996064,-69.45649563266984,-69.45649563266984
991.4400277996064,-69.45974543843532,-69.45974543843532
991.4500277996063,-69.46300078840001,-69.46300078840001
991.4600277996063,-69.46625569187067,-69.46625569187067
991.4700277996063,-69.46950756127973,-69.46950756127973
991.4800277996063,-69.47275516925944,-69.47275516925944
991.4900277996063,-69.47599791778802,-69.47599791778802
991.5000277996063,-69.47923555909547,-69.47923555909547
991.5100277996063,-69.48246805067978,-69.48246805067978
991.5200277996063,-69.48569547021246,-69.48569547021246
991.5300277996063,-69.48891796444994,-69.48891796444994
991.5400277996064,-69.49213571843575,-69.49213571843575
991.5500277996064,-69.49534893707953,-69.49534893707953
991.5600277996064,-69.49855783414267,-69.49855783414267
991.5700277996064,-69.50176262578874,-69.50176262578874
991.5800277996063,-69.50496352688481,-69.50496352688481
991.5900277996063,-69.50816074897226,-69.50816074897226
991.6000277996063,-69.51135449929512,-69.51135449929512
991.6100277996063,-69.51454498037445,-69.51454498037445
991.6200277996063,-69.51773238996836,-69.51773238996836
991.6300277996063,-69.5209169212327,-69.5209169212327
991.6400277996063,-69.52409876295546,-69.52409876295546
991.6500277996063,-69.52727809983496,-69.52727809983496
991.6600277996063,-69.5304551128091,-69.5304551128091
991.6700277996064,-69.53362997928976,-69.53362997928976
991.6800277996064,-69.53680287347605,-69.53680287347605
991.6900277996064,-69.53997396652991,-69.53997396652991
991.7000277996063,-69.54314342681757,-69.54314342681757
991.7100277996063,-69.54630536132315,-69.54630536132315
991.7200277996063,-69.54945728252126,-69.54945728252126
991.7300277996063,-69.55259806325748,-69.55259806325748
991.7400277996063,-69.55572720515106,-69.55572720515106
991.7500277996063,-69.55884455931664,-69.55884455931664
991.7600277996063,-69.56195018128606,-69.56195018128606
991.7700277996063,-69.56504424590419,-69.56504424590419
991.7800277996063,-69.56812699623053,-69.56812699623053
991.7900277996064,-69.57119871277835,-69.57119871277835
991.8000277996064,-69.57425969509586,-69.57425969509586
991.8100277996064,-69.5773102507657,-69.5773102507657
991.8200277996064,-69.58035068897429,-69.58035068897429
991.8300277996063,-69.58338131684421,-69.58338131684421
991.8400277996063,-69.586402437399,-69.586402437399
991.8500277996063,-69.58941434859673,-69.58941434859673
991.8600277996063,-69.59241734292284,-69.59241734292284
991.8700277996063,-69.59541170734302,-69.59541170734302
991.8800277996063,-69.59839772347436,-69.59839772347436
991.8900277996063,-69.60137566781322,-69.60137566781322
991.9000277996063,-69.60434581203872,-69.60434581203872
991.9100277996063,-69.6073084232942,-69.6073084232942
991.9200277996064,-69.61026376446722,-69.61026376446722
991.9300277996064,-69.61321209446706,-69.61321209446706
991.9400277996064,-69.616153668413,-69.616153668413
991.9500278234482,-69.61908874485887,-69.61908874485887
991.9600278234482,-69.6220175579915,-69.6220175579915
991.9700278234482,-69.62494035976586,-69.62494035976586
991.9800278234482,-69.62785739199965,-69.62785739199965
991.9900278234481,-69.63076889353361,-69.63076889353361
992.0000278234481,-69.63367510027972,-69.63367510027972
992.0100278234481,-69.63657624531993,-69.63657624531993
992.0200278234482,-69.63947255895609,-69.63947255895609
992.0300278234482,-69.64236426879124,-69.64236426879124
992.0400278234482,-69.64525159972602,-69.64525159972602
992.0500278234482,-69.64813477403769,-69.64813477403769
992.0600278234482,-69.65101401139168,-69.65101401139168
992.0700278234482,-69.6538895288503,-69.6538895288503
992.0800278234482,-69.6567615409166,-69.6567615409166
992.0900278234482,-69.65963025955492,-69.65963025955492
992.1000278234482,-69.66249589417241,-69.66249589417241
992.1100278234481,-69.66535865166284,-69.66535865166284
992.1200278234481,-69.66821873640093,-69.66821873640093
992.1300278234481,-69.6710763502464,-69.6710763502464
992.1400278234482,-69.67393169256549,-69.67393169256549
992.1500278234482,-69.67678496022994,-69.67678496022994
992.1600278234482,-69.67963634762323,-69.67963634762323
992.1700278234482,-69.68248604664066,-69.68248604664066
992.1800278234482,-69.68533424670767,-69.68533424670767
992.1900278234482,-69.68818113477982,-69.68818113477982
992.2000278234482,-69.69102689534492,-69.69102689534492
992.2100278234482,-69.6938656398633,-69.6938656398633
992.2200278234482,-69.69669489252877,-69.69669489252877
992.2300278234482,-69.69951354059224,-69.69951354059224
992.2400278234481,-69.702321101129,-69.702321101129
992.2500278234481,-69.70511744110193,-69.70511744110193
992.2600278234481,-69.70790263191186,-69.70790263191186
992.2700278234482,-69.71067686407422,-69.71067686407422
992.2800278234482,-69.71344039597702,-69.71344039597702
992.2900278234482,-69.71619352299972,-69.71619352299972
992.3000278234482,-69.71893655906736,-69.71893655906736
992.3100278234482,-69.72166982559355,-69.72166982559355
992.3200278234482,-69.72439364502648,-69.72439364502648
992.3300278234482,-69.7271083371612,-69.7271083371612
992.3400278234482,-69.72981421710793,-69.72981421710793
992.3500278234482,-69.73251159430843,-69.73251159430843
992.3600278234481,-69.73520077215524,-69.73520077215524
992.3700278234481,-69.73788204794273,-69.73788204794273
992.3800278234481,-69.74055571303413,-69.74055571303413
992.3900278234482,-69.74322205311765,-69.74322205311765
992.4000278234482,-69.74588134851167,-69.74588134851167
992.4100278234482,-69.74853387446173,-69.74853387446173
992.4200278234482,-69.75117990144797,-69.75117990144797
992.4300278234482,-69.75381969542715,-69.75381969542715
992.4400278234482,-69.75645351812067,-69.75645351812067
992.4500278234482,-69.7590816272088,-69.7590816272088
992.4600278234482,-69.76170427651584,-69.76170427651584
992.4700278234482,-69.76432171618426,-69.76432171618426
992.4800278234482,-69.76693419281526,-69.76693419281526
992.4900278234481,-69.76954194960847,-69.76954194960847
992.5000278234481,-69.77214522643877,-69.77214522643877
992.5100278234481,-69.77474425997161,-69.77474425997161
992.5200278234482,-69.77733928372783,-69.77733928372783
992.5300278234482,-69.77993052815305,-69.77993052815305
992.5400278234482,-69.78251822068653,-69.78251822068653
992.5500278234482,-69.78510258579253,-69.78510258579253
992.5600278234482,-69.78768384501488,-69.78768384501488
992.5700278234482,-69.79026221701642,-69.79026221701642
992.5800278234482,-69.79283791760287,-69.79283791760287
992.5900278234482,-69.79541115976392,-69.79541115976392
992.6000278234482,-69.79798215367843,-69.79798215367843
992.6100278234481,-69.80055110677057,-69.80055110677057
992.6200278234481,-69.80311822369092,-69.80311822369092
992.6300278234481,-69.80568370637337,-69.80568370637337
992.6400278234482,-69.80824775402975,-69.80824775402975
992.6500278234482,-69.81081056317778,-69.81081056317778
992.6600278234482,-69.81337232765227,-69.81337232765227
992.6700278234482,-69.81593323861685,-69.81593323861685
992.6800278234482,-69.81849348459767,-69.81849348459767
992.6900278234482,-69.82105325147394,-69.82105325147394
992.7000278234482,-69.82361272250516,-69.82361272250516
992.7100278234482,-69.82617207834927,-69.82617207834927
992.7200278234482,-69.82873149707865,-69.82873149707865
992.7300278234482,-69.83129115419027,-69.83129115419027
992.7400278234481,-69.83385122261055,-69.83385122261055
992.7500278234481,-69.83641187274588,-69.83641187274588
992.7600278234481,-69.83897327245428,-69.83897327245428
992.7700278234482,-69.84153558708698,-69.84153558708698
992.7800278234482,-69.8440989795136,-69.8440989795136
992.7900278234482,-69.8466636101132,-69.8466636101132
992.80002784729,-69.84922964291377,-69.84922964291377
992.81002784729,-69.85179722118419,-69.85179722118419
992.82002784729,-69.85436650406804,-69.85436650406804
992.83002784729,-69.8569376422181,-69.8569376422181
992.84002784729,-69.85951078388915,-69.85951078388915
992.85002784729,-69.86208607496114,-69.86208607496114
992.86002784729,-69.86466365898087,-69.86466365898087
992.8700278472901,-69.86724367712877,-69.86724367712877
992.8800278472901,-69.86982626830616,-69.86982626830616
992.8900278472901,-69.87241156910817,-69.87241156910817
992.9000278472901,-69.87499971385067,-69.87499971385067
992.91002784729,-69.87759083460325,-69.87759083460325
992.92002784729,-69.88018506119519,-69.88018506119519
992.93002784729,-69.88278252125362,-69.88278252125362
992.94002784729,-69.88538334021045,-69.88538334021045
992.95002784729,-69.88798764131708,-69.88798764131708
992.96002784729,-69.89059554568729,-69.89059554568729
992.97002784729,-69.89320717230756,-69.89320717230756
992.98002784729,-69.89582263804351,-69.89582263804351
992.9900278472901,-69.89844205767695,-69.89844205767695
993.0000278472901,-69.90106554394164,-69.90106554394164
993.0100278472901,-69.90369320751222,-69.90369320751222
993.0200278472901,-69.90632515704692,-69.90632515704692
993.0300278472901,-69.90896149919617,-69.90896149919617
993.04002784729,-69.91160233864291,-69.91160233864291
993.05002784729,-69.91424777811555,-69.91424777811555
993.06002784729,-69.91689791838871,-69.91689791838871
993.07002784729,-69.9195528583373,-69.9195528583373
993.08002784729,-69.92221269494571,-69.92221269494571
993.09002784729,-69.92487752332957,-69.92487752332957
993.10002784729,-69.92754743674257,-69.92754743674257
993.11002784729,-69.93022252661885,-69.93022252661885
993.1200278472901,-69.93290288258595,-69.93290288258595
993.1300278472901,-69.93558859249764,-69.93558859249764
993.1400278472901,-69.93827974243202,-69.93827974243202
993.1500278472901,-69.94097641672498,-69.94097641672498
993.16002784729,-69.94367869799892,-69.94367869799892
993.17002784729,-69.94638666717557,-69.94638666717557
993.18002784729,-69.94910040349154,-69.94910040349154
993.19002784729,-69.95181998453685,-69.95181998453685
993.20002784729,-69.95454548625669,-69.95454548625669
993.21002784729,-69.957276982981,-69.957276982981
993.22002784729,-69.96001454744443,-69.96001454744443
993.23002784729,-69.96275825081884,-69.96275825081884
993.2400278472901,-69.96550816269881,-69.96550816269881
993.2500278472901,-69.96826435116192,-69.96826435116192
993.2600278472901,-69.97102688276006,-69.97102688276006
993.2700278472901,-69.97379582256835,-69.97379582256835
993.2800278472901,-69.97657123416259,-69.97657123416259
993.29002784729,-69.97935317967816,-69.97935317967816
993.30002784729,-69.98214171981004,-69.98214171981004
993.31002784729,-69.9849369138376,-69.9849369138376
993.32002784729,-69.98773881963932,-69.98773881963932
993.33002784729,-69.9905474937159,-69.9905474937159
993.34002784729,-69.99336299121762,-69.99336299121762
993.35002784729,-69.99618536593469,-69.99618536593469
993.36002784729,-69.99901467035532,-69.99901467035532
993.3700278472901,-70.00185095564451,-70.00185095564451
993.3800278472901,-70.00469427168849,-70.00469427168849
993.3900278472901,-70.00754466710569,-70.00754466710569
993.4000278472901,-70.01040218925888,-70.01040218925888
993.41002784729,-70.01326688428396,-70.01326688428396
993.42002784729,-70.0161387970938,-70.0161387970938
993.43002784729,-70.01901797140418,-70.01901797140418
993.44002784729,-70.02190444975011,-70.02190444975011
993.45002784729,-70.02479827350189,-70.02479827350189
993.46002784729,-70.02769948286948,-70.02769948286948
993.47002784729,-70.0306081169525,-70.0306081169525
993.48002784729,-70.03352421371753,-70.03352421371753
993.4900278472901,-70.03644781003578,-70.03644781003578
993.5000278472901,-70.03937894169516,-70.03937894169516
993.5100278472901,-70.04231764341488,-70.04231764341488
993.5200278472901,-70.04526394886561,-70.04526394886561
993.5300278472901,-70.04821789067005,-70.04821789067005
993.54002784729,-70.05117950043935,-70.05117950043935
993.55002784729,-70.05414880877079,-70.05414880877079
993.56002784729,-70.0571258452817,-70.0571258452817
993.57002784729,-70.0601106385969,-70.0601106385969
993.58002784729,-70.06310321638247,-70.06310321638247
993.59002784729,-70.06610360536087,-70.06610360536087
993.60002784729,-70.06911183131345,-70.06911183131345
993.61002784729,-70.07212791910067,-70.07212791910067
993.6200278472901,-70.07515189268199,-70.07515189268199
993.6300278472901,-70.07818377512825,-70.07818377512825
993.6400278472901,-70.0812235886203,-70.0812235886203
993.6500278711319,-70.08427136172791,-70.08427136172791
993.6600278711319,-70.08732710043759,-70.08732710043759
993.6700278711319,-70.09039083158301,-70.09039083158301
993.6800278711319,-70.09346257398033,-70.09346257398033
993.6900278711319,-70.09654234560251,-70.09654234560251
993.7000278711319,-70.0996301636239,-70.0996301636239
993.7100278711318,-70.10272604444329,-70.10272604444329
993.720027871132,-70.10583000366472,-70.10583000366472
993.7300278711319,-70.10894205614164,-70.10894205614164
993.7400278711319,-70.11206221595839,-70.11206221595839
993.7500278711319,-70.11519049646093,-70.11519049646093
993.7600278711319,-70.11832691027524,-70.11832691027524
993.7700278711319,-70.12147146929267,-70.12147146929267
993.7800278711319,-70.12462418470159,-70.12462418470159
993.7900278711319,-70.12778506699945,-70.12778506699945
993.8000278711319,-70.13095412598462,-70.13095412598462
993.8100278711319,-70.1341313707939,-70.1341313707939
993.8200278711319,-70.13731680988566,-70.13731680988566
993.8300278711318,-70.1405104510709,-70.1405104510709
993.840027871132,-70.14371230151573,-70.14371230151573
993.8500278711319,-70.14692236776163,-70.14692236776163
993.8600278711319,-70.15014065570472,-70.15014065570472
993.8700278711319,-70.15336717064206,-70.15336717064206
993.8800278711319,-70.15660191726714,-70.15660191726714
993.8900278711319,-70.15984489967585,-70.15984489967585
993.9000278711319,-70.16309612137945,-70.16309612137945
993.9100278711319,-70.16635558530953,-70.16635558530953
993.9200278711319,-70.16962329383065,-70.16962329383065
993.9300278711319,-70.1728992487573,-70.1728992487573
993.9400278711319,-70.17618345135092,-70.17618345135092
993.9500278711319,-70.17947590234182,-70.17947590234182
993.9600278711318,-70.18277660191686,-70.18277660191686
993.970027871132,-70.18608554974476,-70.18608554974476
993.9800278711319,-70.18940274499552,-70.18940274499552
993.9900278711319,-70.19272818630967,-70.19272818630967
994.0000278711319,-70.19606187184725,-70.19606187184725
994.0100278711319,-70.1994037992817,-70.1994037992817
994.0200278711319,-70.20275396578648,-70.20275396578648
994.0300278711319,-70.20611236809232,-70.20611236809232
994.0400278711319,-70.2094790024367,-70.2094790024367
994.0500278711319,-70.21285386461537,-70.21285386461537
994.0600278711319,-70.21623694997449,-70.21623694997449
994.0700278711319,-70.21962825341389,-70.21962825341389
994.0800278711318,-70.22302776939651,-70.22302776939651
994.090027871132,-70.22643549196135,-70.22643549196135
994.1000278711319,-70.22985141473927,-70.22985141473927
994.1100278711319,-70.23327553093011,-70.23327553093011
994.1200278711319,-70.23670783332877,-70.23670783332877
994.1300278711319,-70.24014831434458,-70.24014831434458
994.1400278711319,-70.24359696598376,-70.24359696598376
994.1500278711319,-70.24705377986292,-70.24705377986292
994.1600278711319,-70.2505187472329,-70.2505187472329
994.1700278711319,-70.2539918589757,-70.2539918589757
994.1800278711319,-70.25747310558314,-70.25747310558314
994.1900278711319,-70.26096247720544,-70.26096247720544
994.2000278711319,-70.2644599636342,-70.2644599636342
994.2100278711318,-70.2679655543142,-70.2679655543142
994.220027871132,-70.27147923835062,-70.27147923835062
994.2300278711319,-70.27500100451404,-70.27500100451404
994.2400278711319,-70.27853084124193,-70.27853084124193
994.2500278711319,-70.28206873665167,-70.28206873665167
994.2600278711319,-70.2856146785317,-70.2856146785317
994.2700278711319,-70.28916865436746,-70.28916865436746
994.2800278711319,-70.2927306513453,-70.2927306513453
994.2900278711319,-70.29630065634029,-70.29630065634029
994.3000278711319,-70.29987865593091,-70.29987865593091
994.3100278711319,-70.30346463640393,-70.30346463640393
994.3200278711319,-70.30705858375815,-70.30705858375815
994.3300278711318,-70.31066048373147,-70.31066048373147
994.340027871132,-70.31427032176133,-70.31427032176133
994.3500278711319,-70.3178880830303,-70.3178880830303
994.3600278711319,-70.32151375245303,-70.32151375245303
994.3700278711319,-70.32514731468592,-70.32514731468592
994.3800278711319,-70.32878875412254,-70.32878875412254
994.3900278711319,-70.3324380549062,-70.3324380549062
994.4000278711319,-70.33609520093908,-70.33609520093908
994.4100278711319,-70.33976017588756,-70.33976017588756
994.4200278711319,-70.34343296316355,-70.34343296316355
994.4300278711319,-70.34711354595774,-70.34711354595774
994.4400278711319,-70.35080190724126,-70.35080190724126
994.4500278711319,-70.35449802973524,-70.35449802973524
994.4600278711318,-70.35820189598057,-70.35820189598057
994.470027871132,-70.36191348825683,-70.36191348825683
994.4800278711319,-70.36563278866804,-70.36563278866804
994.4900278711319,-70.3693597790964,-70.3693597790964
994.5000278949738,-70.37309445011222,-70.37309445011222
994.5100278949737,-70.37683676545127,-70.37683676545127
994.5200278949737,-70.38058671525388,-70.38058671525388
994.5300278949737,-70.38434428061493,-70.38434428061493
994.5400278949737,-70.38810944244673,-70.38810944244673
994.5500278949737,-70.39188218147285,-70.39188218147285
994.5600278949737,-70.39566247824082,-70.39566247824082
994.5700278949738,-70.39945031312018,-70.39945031312018
994.5800278949738,-70.4032456663082,-70.4032456663082
994.5900278949738,-70.40704851782807,-70.40704851782807
994.6000278949738,-70.41085884754577,-70.41085884754577
994.6100278949738,-70.41467663515165,-70.41467663515165
994.6200278949738,-70.41850186018948,-70.41850186018948
994.6300278949738,-70.4223345020493,-70.4223345020493
994.6400278949737,-70.42617453996021,-70.42617453996021
994.6500278949737,-70.43002195299513,-70.43002195299513
994.6600278949737,-70.43387672010327,-70.43387672010327
994.6700278949737,-70.43773882007827,-70.43773882007827
994.6800278949737,-70.44160823157534,-70.44160823157534
994.6900278949738,-70.44548493310947,-70.44548493310947
994.7000278949738,-70.44936890306961,-70.44936890306961
994.7100278949738,-70.4532601197086,-70.4532601197086
994.7200278949738,-70.45715856115385,-70.45715856115385
994.7300278949738,-70.46106420540953,-70.46106420540953
994.7400278949738,-70.46497703036007,-70.46497703036007
994.7500278949738,-70.46889701375765,-70.46889701375765
994.7600278949737,-70.47282413325405,-70.47282413325405
994.7700278949737,-70.47675836638908,-70.47675836638908
994.7800278949737,-70.48069969057644,-70.48069969057644
994.7900278949737,-70.48464808312765,-70.48464808312765
994.8000278949737,-70.48860352125732,-70.48860352125732
994.8100278949737,-70.49256598207076,-70.49256598207076
994.8200278949738,-70.49653544256314,-70.49653544256314
994.8300278949738,-70.50051187965734,-70.50051187965734
994.8400278949738,-70.50449527015822,-70.50449527015822
994.8500278949738,-70.50848559078375,-70.50848559078375
994.8600278949738,-70.51248281816316,-70.51248281816316
994.8700278949738,-70.51648692883252,-70.51648692883252
994.8800278949738,-70.52049789925556,-70.52049789925556
994.8900278949737,-70.52451570579254,-70.52451570579254
994.9000278949737,-70.52854032473975,-70.52854032473975
994.9100278949737,-70.53257173230666,-70.53257173230666
994.9200278949737,-70.53660990462812,-70.53660990462812
994.9300278949737,-70.54065481776148,-70.54065481776148
994.9400278949738,-70.54470644768955,-70.54470644768955
994.9500278949738,-70.54876477033064,-70.54876477033064
994.9600278949738,-70.55282976153295,-70.55282976153295
994.9700278949738,-70.55690139707662,-70.55690139707662
994.9800278949738,-70.56097965268198,-70.56097965268198
994.9900278949738,-70.5650645039938,-70.5650645039938
995.0000278949738,-70.56915592661768,-70.56915592661768
995.0100278949737,-70.57325389608624,-70.57325389608624
995.0200278949737,-70.57735838787627,-70.57735838787627
995.0300278949737,-70.58146937741208,-70.58146937741208
995.0400278949737,-70.58558684006331,-70.58558684006331
995.0500278949737,-70.58971075116062,-70.58971075116062
995.0600278949737,-70.59384108596001,-70.59384108596001
995.0700278949738,-70.59797781969618,-70.59797781969618
995.0800278949738,-70.60212092754497,-70.60212092754497
995.0900278949738,-70.60627038464243,-70.60627038464243
995.1000278949738,-70.61042616607386,-70.61042616607386
995.1100278949738,-70.61458824689777,-70.61458824689777
995.1200278949738,-70.61875660212439,-70.61875660212439
995.1300278949738,-70.62293120672558,-70.62293120672558
995.1400278949737,-70.62711203564119,-70.62711203564119
995.1500278949737,-70.63129906377368,-70.63129906377368
995.1600278949737,-70.63549226599987,-70.63549226599987
995.1700278949737,-70.63969161716096,-70.63969161716096
995.1800278949737,-70.6438970920662,-70.6438970920662
995.1900278949738,-70.64810866549313,-70.64810866549313
995.2000278949738,-70.65232631220869,-70.65232631220869
995.2100278949738,-70.65655000694218,-70.65655000694218
995.2200278949738,-70.660779724392,-70.660779724392
995.2300278949738,-70.66501543925948,-70.66501543925948
995.2400278949738,-70.66925712619526,-70.66925712619526
995.2500278949738,-70.67350475984708,-70.67350475984708
995.2600278949737,-70.6777583148397,-70.6777583148397
995.2700278949737,-70.68201776578421,-70.68201776578421
995.2800278949737,-70.68628308727456,-70.68628308727456
995.2900278949737,-70.69055425389102,-70.69055425389102
995.3000278949737,-70.69483124019992,-70.69483124019992
995.3100278949737,-70.69911402074959,-70.69911402074959
995.3200278949738,-70.70340257008135,-70.70340257008135
995.3300278949738,-70.70769686273668,-70.70769686273668
995.3400278949738,-70.71199687323296,-70.71199687323296
995.3500279188156,-70.71630258634073,-70.71630258634073
995.3600279188156,-70.7206139561067,-70.7206139561067
995.3700279188156,-70.72493096724249,-70.72493096724249
995.3800279188156,-70.72925359425278,-70.72925359425278
995.3900279188156,-70.73358181165325,-70.73358181165325
995.4000279188156,-70.73791559393129,-70.73791559393129
995.4100279188156,-70.74225491559409,-70.74225491559409
995.4200279188157,-70.7465997511328,-70.7465997511328
995.4300279188157,-70.75095007505828,-70.75095007505828
995.4400279188156,-70.75530586186203,-70.75530586186203
995.4500279188156,-70.7596670860668,-70.7596670860668
995.4600279188156,-70.76403372216978,-70.76403372216978
995.4700279188156,-70.7684057446866,-70.7684057446866
995.4800279188156,-70.77278312815234,-70.77278312815234
995.4900279188156,-70.77716584709096,-70.77716584709096
995.5000279188156,-70.78155387604428,-70.78155387604428
995.5100279188156,-70.7859471895569,-70.7859471895569
995.5200279188156,-70.79034576219645,-70.79034576219645
995.5300279188156,-70.79474956852135,-70.79474956852135
995.5400279188157,-70.79915858311941,-70.79915858311941
995.5500279188157,-70.80357278059168,-70.80357278059168
995.5600279188156,-70.8079921355352,-70.8079921355352
995.5700279188156,-70.81241662258209,-70.81241662258209
995.5800279188156,-70.81684621637083,-70.81684621637083
995.5900279188156,-70.82128089155172,-70.82128089155172
995.6000279188156,-70.8257206228027,-70.8257206228027
995.6100279188156,-70.83016538481061,-70.83016538481061
995.6200279188156,-70.83461515227532,-70.83461515227532
995.6300279188156,-70.83906989993389,-70.83906989993389
995.6400279188156,-70.84352960253166,-70.84352960253166
995.6500279188156,-70.84799423484004,-70.84799423484004
995.6600279188156,-70.85246377164643,-70.85246377164643
995.6700279188157,-70.85693818776018,-70.85693818776018
995.6800279188157,-70.86141745802402,-70.86141745802402
995.6900279188156,-70.86590155729024,-70.86590155729024
995.7000279188156,-70.87039046044309,-70.87039046044309
995.7100279188156,-70.8748841423929,-70.8748841423929
995.7200279188156,-70.87938257807394,-70.87938257807394
995.7300279188156,-70.88388574244298,-70.88388574244298
995.7400279188156,-70.88839361049082,-70.88839361049082
995.7500279188156,-70.89290615722994,-70.89290615722994
995.7600279188156,-70.89742335770084,-70.89742335770084
995.7700279188156,-70.90194518697707,-70.90194518697707
995.7800279188156,-70.90647162016714,-70.90647162016714
995.7900279188157,-70.9110026323917,-70.9110026323917
995.8000279188157,-70.915538198818,-70.915538198818
995.8100279188156,-70.92007829463962,-70.92007829463962
995.8200279188156,-70.9246228950828,-70.9246228950828
995.8300279188156,-70.92917197539336,-70.92917197539336
995.8400279188156,-70.93372551087252,-70.93372551087252
995.8500279188156,-70.9382834768356,-70.9382834768356
995.8600279188156,-70.94284584864944,-70.94284584864944
995.8700279188156,-70.94741260169863,-70.94741260169863
995.8800279188156,-70.95198371141302,-70.95198371141302
995.8900279188156,-70.95655915324772,-70.95655915324772
995.9000279188156,-70.96113890270217,-70.96113890270217
995.9100279188156,-70.96572293531328,-70.96572293531328
995.9200279188157,-70.97031122664404,-70.97031122664404
995.9300279188157,-70.9749037523164,-70.9749037523164
995.9400279188156,-70.97950048797115,-70.97950048797115
995.9500279188156,-70.98410140928516,-70.98410140928516
995.9600279188156,-70.98870649198813,-70.98870649198813
995.9700279188156,-70.99331571183441,-70.99331571183441
995.9800279188156,-70.99792904463307,-70.99792904463307
995.9900279188156,-71.00254646622355,-71.00254646622355
996.0000279188156,-71.00716795248962,-71.00716795248962
996.0100279188156,-71.01179347934516,-71.01179347934516
996.0200279188156,-71.01642302275643,-71.01642302275643
996.0300279188156,-71.02105655873272,-71.02105655873272
996.0400279188157,-71.02569406331703,-71.02569406331703
996.0500279188157,-71.03033551259851,-71.03033551259851
996.0600279188156,-71.03498088271168,-71.03498088271168
996.0700279188156,-71.0396301498274,-71.0396301498274
996.0800279188156,-71.04428329016505,-71.04428329016505
996.0900279188156,-71.048940279987,-71.048940279987
996.1000279188156,-71.0536010956058,-71.0536010956058
996.1100279188156,-71.05826571335821,-71.05826571335821
996.1200279188156,-71.06293410965067,-71.06293410965067
996.1300279188156,-71.06760626091408,-71.06760626091408
996.1400279188156,-71.07228214364008,-71.07228214364008
996.1500279188156,-71.07696173435995,-71.07696173435995
996.1600279188156,-71.08164500965086,-71.08164500965086
996.1700279188157,-71.0863319461229,-71.0863319461229
996.1800279188157,-71.0910225204717,-71.0910225204717
996.1900279188156,-71.09571670939405,-71.09571670939405
996.2000279426575,-71.1004145008456,-71.1004145008456
996.2100279426575,-71.10510964685436,-71.10510964685436
996.2200279426575,-71.10979941609911,-71.10979941609911
996.2300279426574,-71.11448245900984,-71.11448245900984
996.2400279426574,-71.11915807104472,-71.11915807104472
996.2500279426574,-71.12382590719437,-71.12382590719437
996.2600279426574,-71.12848583368542,-71.12848583368542
996.2700279426575,-71.13313784108037,-71.13313784108037
996.2800279426575,-71.13778199204779,-71.13778199204779
996.2900279426575,-71.14241838993962,-71.14241838993962
996.3000279426575,-71.14704715995472,-71.14704715995472
996.3100279426575,-71.15166843789152,-71.15166843789152
996.3200279426575,-71.15628236353781,-71.15628236353781
996.3300279426575,-71.1608890768752,-71.1608890768752
996.3400279426575,-71.16548871599265,-71.16548871599265
996.3500279426574,-71.17008141603378,-71.17008141603378
996.3600279426574,-71.17466730876188,-71.17466730876188
996.3700279426574,-71.17924652250137,-71.17924652250137
996.3800279426574,-71.1838191822514,-71.1838191822514
996.3900279426575,-71.18838540989341,-71.18838540989341
996.4000279426575,-71.19294532449848,-71.19294532449848
996.4100279426575,-71.19749904258481,-71.19749904258481
996.4200279426575,-71.20204667837504,-71.20204667837504
996.4300279426575,-71.2065883440552,-71.2065883440552
996.4400279426575,-71.21112414997395,-71.21112414997395
996.4500279426575,-71.21565420485719,-71.21565420485719
996.4600279426575,-71.22017240374335,-71.22017240374335
996.4700279426575,-71.22467612900668,-71.22467612900668
996.4800279426574,-71.22916415692605,-71.22916415692605
996.4900279426574,-71.23363590868406,-71.23363590868406
996.5000279426574,-71.23809116450613,-71.23809116450613
996.5100279426574,-71.24252991520834,-71.24252991520834
996.5200279426575,-71.24695227517425,-71.24695227517425
996.5300279426575,-71.25135843014823,-71.25135843014823
996.5400279426575,-71.25574860576523,-71.25574860576523
996.5500279426575,-71.26012304870127,-71.26012304870127
996.5600279426575,-71.26448201545834,-71.26448201545834
996.5700279426575,-71.26882576571354,-71.26882576571354
996.5800279426575,-71.27315455855374,-71.27315455855374
996.5900279426575,-71.27746865036538,-71.27746865036538
996.6000279426574,-71.28176829379838,-71.28176829379838
996.6100279426574,-71.2860537373031,-71.2860537373031
996.6200279426574,-71.29032522508139,-71.29032522508139
996.6300279426574,-71.2945829971834,-71.2945829971834
996.6400279426575,-71.298827289714,-71.298827289714
996.6500279426575,-71.30305833513097,-71.30305833513097
996.6600279426575,-71.30727636247542,-71.30727636247542
996.6700279426575,-71.31148159763416,-71.31148159763416
996.6800279426575,-71.31567426358495,-71.31567426358495
996.6900279426575,-71.31985458059954,-71.31985458059954
996.7000279426575,-71.32402276641197,-71.32402276641197
996.7100279426575,-71.32817903639469,-71.32817903639469
996.7200279426575,-71.33232360367141,-71.33232360367141
996.7300279426574,-71.33645667921976,-71.33645667921976
996.7400279426574,-71.34057847197059,-71.34057847197059
996.7500279426574,-71.34468918888078,-71.34468918888078
996.7600279426574,-71.34878903499417,-71.34878903499417
996.7700279426575,-71.35287821346567,-71.35287821346567
996.7800279426575,-71.35695692561829,-71.35695692561829
996.7900279426575,-71.36094013123318,-71.36094013123318
996.8000279426575,-71.36480400390636,-71.36480400390636
996.8100279426575,-71.3685426912777,-71.3685426912777
996.8200279426575,-71.37215525801174,-71.37215525801174
996.8300279426575,-71.37564226142482,-71.37564226142482
996.8400279426575,-71.37900480339958,-71.37900480339958
996.8500279426574,-71.38224424460621,-71.38224424460621
996.8600279426574,-71.38536210683746,-71.38536210683746
996.8700279426574,-71.38836003129839,-71.38836003129839
996.8800279426574,-71.39123975415694,-71.39123975415694
996.8900279426575,-71.39400308786406,-71.39400308786406
996.9000279426575,-71.396651905121,-71.396651905121
996.9100279426575,-71.39918812446591,-71.39918812446591
996.9200279426575,-71.40161369749745,-71.40161369749745
996.9300279426575,-71.4039305976656,-71.4039305976656
996.9400279426575,-71.40614081053556,-71.40614081053556
996.9500279426575,-71.40824632550351,-71.40824632550351
996.9600279426575,-71.41024912883604,-71.41024912883604
996.9700279426575,-71.41215119790299,-71.41215119790299
996.9800279426574,-71.41395449644213,-71.41395449644213
996.9900279426574,-71.41566097076335,-71.41566097076335
997.0000279426574,-71.4172725467374,-71.4172725467374
997.0100279426574,-71.4187911274356,-71.4187911274356
997.0200279426575,-71.42021859136543,-71.42021859136543
997.0300279426575,-71.42155679116757,-71.42155679116757
997.0400279426575,-71.42280755270318,-71.42280755270318
997.0500279664993,-71.4239726772216,-71.4239726772216
997.0600279664993,-71.42505392964277,-71.42505392964277
997.0700279664993,-71.4260530561266,-71.4260530561266
997.0800279664993,-71.42697177180969,-71.42697177180969
997.0900279664993,-71.42781176427084,-71.42781176427084
997.1000279664993,-71.42857469381265,-71.42857469381265
997.1100279664993,-71.42926219377313,-71.42926219377313
997.1200279664994,-71.42987587095395,-71.42987587095395
997.1300279664994,-71.43041730609428,-71.43041730609428
997.1400279664994,-71.43088805428732,-71.43088805428732
997.1500279664994,-71.4312896455405,-71.4312896455405
997.1600279664993,-71.43162358522055,-71.43162358522055
997.1700279664993,-71.43189135459922,-71.43189135459922
997.1800279664993,-71.43209441130819,-71.43209441130819
997.1900279664993,-71.43223418984944,-71.43223418984944
997.2000279664993,-71.43231210206315,-71.43231210206315
997.2100279664993,-71.43232953758339,-71.43232953758339
997.2200279664993,-71.43228786428962,-71.43228786428962
997.2300279664993,-71.43218842873615,-71.43218842873615
997.2400279664994,-71.43203255656545,-71.43203255656545
997.2500279664994,-71.43182155291038,-71.43182155291038
997.2600279664994,-71.43155670276127,-71.43155670276127
997.2700279664994,-71.43123927135943,-71.43123927135943
997.2800279664993,-71.43087050452738,-71.43087050452738
997.2900279664993,-71.43045162900583,-71.43045162900583
997.3000279664993,-71.42998385280627,-71.42998385280627
997.3100279664993,-71.4294683654872,-71.4294683654872
997.3200279664993,-71.42890633847688,-71.42890633847688
997.3300279664993,-71.42829892535903,-71.42829892535903
997.3400279664993,-71.42764726212954,-71.42764726212954
997.3500279664993,-71.42695246751325,-71.42695246751325
997.3600279664993,-71.42621564317238,-71.42621564317238
997.3700279664994,-71.42543787398175,-71.42543787398175
997.3800279664994,-71.42462022827686,-71.42462022827686
997.3900279664994,-71.42376375807339,-71.42376375807339
997.4000279664994,-71.42286949930244,-71.42286949930244
997.4100279664993,-71.4219384720437,-71.4219384720437
997.4200279664993,-71.42097168073133,-71.42097168073133
997.4300279664993,-71.4199701143706,-71.4199701143706
997.4400279664993,-71.41893474674298,-71.41893474674298
997.4500279664993,-71.41786653661407,-71.41786653661407
997.4600279664993,-71.4167664279266,-71.4167664279266
997.4700279664993,-71.41563534999418,-71.41563534999418
997.4800279664993,-71.41447421769799,-71.41447421769799
997.4900279664994,-71.41328393167827,-71.41328393167827
997.5000279664994,-71.41206537851085,-71.41206537851085
997.5100279664994,-71.41081943088238,-71.41081943088238
997.5200279664994,-71.40954694779172,-71.40954694779172
997.5300279664993,-71.40824877471034,-71.40824877471034
997.5400279664993,-71.40692574375518,-71.40692574375518
997.5500279664993,-71.40557867387021,-71.40557867387021
997.5600279664993,-71.40420837099553,-71.40420837099553
997.5700279664993,-71.40281562822172,-71.40281562822172
997.5800279664993,-71.40140122598415,-71.40140122598415
997.5900279664993,-71.39996593219374,-71.39996593219374
997.6000279664993,-71.39851050242139,-71.39851050242139
997.6100279664993,-71.39703568005008,-71.39703568005008
997.6200279664994,-71.39554219643209,-71.39554219643209
997.6300279664994,-71.3940307710714,-71.3940307710714
997.6400279664994,-71.39250211173845,-71.39250211173845
997.6500279664994,-71.39095691464594,-71.39095691464594
997.6600279664993,-71.38939586461625,-71.38939586461625
997.6700279664993,-71.38781963520624,-71.38781963520624
997.6800279664993,-71.38622888886769,-71.38622888886769
997.6900279664993,-71.38462427710193,-71.38462427710193
997.7000279664993,-71.3830064405951,-71.3830064405951
997.7100279664993,-71.38137600937853,-71.38137600937853
997.7200279664993,-71.37973360296397,-71.37973360296397
997.7300279664993,-71.37807983048484,-71.37807983048484
997.7400279664994,-71.37641529083928,-71.37641529083928
997.7500279664994,-71.3747405728417,-71.3747405728417
997.7600279664994,-71.37305625533872,-71.37305625533872
997.7700279664994,-71.37136290736674,-71.37136290736674
997.7800279664993,-71.36966108828186,-71.36966108828186
997.7900279664993,-71.3679513478953,-71.3679513478953
997.8000279664993,-71.36623422659041,-71.36623422659041
997.8100279664993,-71.36451025549155,-71.36451025549155
997.8200279664993,-71.36277995655824,-71.36277995655824
997.8300279664993,-71.36104384274057,-71.36104384274057
997.8400279664993,-71.35930241808015,-71.35930241808015
997.8500279664993,-71.35755617786974,-71.35755617786974
997.8600279664993,-71.35580560874706,-71.35580560874706
997.8700279664994,-71.35405118883907,-71.35405118883907
997.8800279664994,-71.35229338788697,-71.35229338788697
997.8900279664994,-71.35053266733756,-71.35053266733756
997.9000279903412,-71.34876947628767,-71.34876947628767
997.9100279903412,-71.34700426839795,-71.34700426839795
997.9200279903412,-71.34523747686013,-71.34523747686013
997.9300279903412,-71.34346953120564,-71.34346953120564
997.9400279903412,-71.34170085330732,-71.34170085330732
997.9500279903411,-71.33993185743834,-71.33993185743834
997.9600279903411,-71.33816295043009,-71.33816295043009
997.9700279903412,-71.33639453174686,-71.33639453174686
997.9800279903412,-71.33462699363372,-71.33462699363372
997.9900279903412,-71.3328607211768,-71.3328607211768
998.0000279903412,-71.33109609243938,-71.33109609243938
998.0100279903412,-71.32933347857002,-71.32933347857002
998.0200279903412,-71.32757324388685,-71.32757324388685
998.0300279903412,-71.32581574599602,-71.32581574599602
998.0400279903412,-71.32406133588219,-71.32406133588219
998.0500279903412,-71.3223103580222,-71.3223103580222
998.0600279903412,-71.32056315047124,-71.32056315047124
998.0700279903411,-71.31882004496346,-71.31882004496346
998.0800279903411,-71.31708136700954,-71.31708136700954
998.0900279903412,-71.31534743598671,-71.31534743598671
998.1000279903412,-71.31361856525186,-71.31361856525186
998.1100279903412,-71.31189506220002,-71.31189506220002
998.1200279903412,-71.31017722838635,-71.31017722838635
998.1300279903412,-71.30846535959324,-71.30846535959324
998.1400279903412,-71.30675974594395,-71.30675974594395
998.1500279903412,-71.30506067196104,-71.30506067196104
998.1600279903412,-71.30336841668283,-71.30336841668283
998.1700279903412,-71.30168325371919,-71.30168325371919
998.1800279903412,-71.30000545135536,-71.30000545135536
998.1900279903412,-71.29833527263071,-71.29833527263071
998.2000279903411,-71.29667297541316,-71.29667297541316
998.2100279903411,-71.29501881249028,-71.29501881249028
998.2200279903412,-71.29337303163305,-71.29337303163305
998.2300279903412,-71.29173587569683,-71.29173587569683
998.2400279903412,-71.29010758268754,-71.29010758268754
998.2500279903412,-71.28848838581247,-71.28848838581247
998.2600279903412,-71.28687851360813,-71.28687851360813
998.2700279903412,-71.28527818996893,-71.28527818996893
998.2800279903412,-71.2836876342348,-71.2836876342348
998.2900279903412,-71.28210706126657,-71.28210706126657
998.3000279903412,-71.28053668151628,-71.28053668151628
998.3100279903412,-71.27897670108399,-71.27897670108399
998.3200279903411,-71.27742732181396,-71.27742732181396
998.3300279903411,-71.27588874133524,-71.27588874133524
998.3400279903412,-71.27436115312796,-71.27436115312796
998.3500279903412,-71.27284474660898,-71.27284474660898
998.3600279903412,-71.27133970719126,-71.27133970719126
998.3700279903412,-71.2698462163354,-71.2698462163354
998.3800279903412,-71.2683644516192,-71.2683644516192
998.3900279903412,-71.26689458680299,-71.26689458680299
998.4000279903412,-71.26543679188424,-71.26543679188424
998.4100279903412,-71.26399123316104,-71.26399123316104
998.4200279903412,-71.26255807328926,-71.26255807328926
998.4300279903412,-71.26113747135123,-71.26113747135123
998.4400279903412,-71.25972958289861,-71.25972958289861
998.4500279903411,-71.25833456001045,-71.25833456001045
998.4600279903411,-71.25694633992202,-71.25694633992202
998.4700279903412,-71.25556235021119,-71.25556235021119
998.4800279903412,-71.25418141292165,-71.25418141292165
998.4900279903412,-71.25280299453655,-71.25280299453655
998.5000279903412,-71.25142691954036,-71.25142691954036
998.5100279903412,-71.25005322146863,-71.25005322146863
998.5200279903412,-71.24868205549927,-71.24868205549927
998.5300279903412,-71.2473136459254,-71.2473136459254
998.5400279903412,-71.24594825451449,-71.24594825451449
998.5500279903412,-71.24458616153362,-71.24458616153362
998.5600279903412,-71.24322765444838,-71.24322765444838
998.5700279903411,-71.2418730212887,-71.2418730212887
998.5800279903411,-71.24052254686643,-71.24052254686643
998.5900279903412,-71.23917651073583,-71.23917651073583
998.6000279903412,-71.2378351861826,-71.2378351861826
998.6100279903412,-71.23649883985885,-71.23649883985885
998.6200279903412,-71.23516773176034,-71.23516773176034
998.6300279903412,-71.23384211541487,-71.23384211541487
998.6400279903412,-71.23252223819652,-71.23252223819652
998.6500279903412,-71.23120834164583,-71.23120834164583
998.6600279903412,-71.22990066179128,-71.22990066179128
998.6700279903412,-71.22859942950373,-71.22859942950373
998.6800279903412,-71.22730487079589,-71.22730487079589
998.6900279903412,-71.22601720708516,-71.22601720708516
998.7000279903411,-71.22473665545205,-71.22473665545205
998.7100279903411,-71.22346342886215,-71.22346342886215
998.7200279903412,-71.22219773634785,-71.22219773634785
998.7300279903412,-71.22093978317447,-71.22093978317447
998.7400279903412,-71.21968977099357,-71.21968977099357
998.750028014183,-71.21839505922435,-71.21839505922435
998.760028014183,-71.2170438325076,-71.2170438325076
998.770028014183,-71.21563305780093,-71.21563305780093
998.780028014183,-71.21416135715138,-71.21416135715138
998.790028014183,-71.21262779845964,-71.21262779845964
998.800028014183,-71.21103169165929,-71.21103169165929
998.810028014183,-71.2093725442084,-71.2093725442084
998.8200280141831,-71.20765004091575,-71.20765004091575
998.8300280141831,-71.20586402749952,-71.20586402749952
998.8400280141831,-71.20401449486934,-71.20401449486934
998.8500280141831,-71.20210156402894,-71.20210156402894
998.8600280141831,-71.20012547171052,-71.20012547171052
998.870028014183,-71.19808655693593,-71.19808655693593
998.880028014183,-71.19598524861757,-71.19598524861757
998.890028014183,-71.19382205428009,-71.19382205428009
998.900028014183,-71.1915975498996,-71.1915975498996
998.910028014183,-71.18931237076981,-71.18931237076981
998.920028014183,-71.18696720343914,-71.18696720343914
998.930028014183,-71.1845627785664,-71.1845627785664
998.9400280141831,-71.1820998645759,-71.1820998645759
998.9500280141831,-71.17957926215239,-71.17957926215239
998.9600280141831,-71.17700179930337,-71.17700179930337
998.9700280141831,-71.17436832712588,-71.17436832712588
998.9800280141831,-71.1716797160194,-71.1716797160194
998.990028014183,-71.16893685238644,-71.16893685238644
999.000028014183,-71.16614063573624,-71.16614063573624
999.010028014183,-71.16329197616064,-71.16329197616064
999.020028014183,-71.1603917920689,-71.1603917920689
999.030028014183,-71.15744100824097,-71.15744100824097
999.040028014183,-71.15444055408176,-71.15444055408176
999.050028014183,-71.15139136212748,-71.15139136212748
999.060028014183,-71.14829436665221,-71.14829436665221
999.0700280141831,-71.1451505025132,-71.1451505025132
999.0800280141831,-71.14196070412403,-71.14196070412403
999.0900280141831,-71.13872590446577,-71.13872590446577
999.1000280141831,-71.135447034324,-71.135447034324
999.1100280141831,-71.13212502153503,-71.13212502153503
999.120028014183,-71.12876079033948,-71.12876079033948
999.130028014183,-71.12535526083808,-71.12535526083808
999.140028014183,-71.12190934846159,-71.12190934846159
999.150028014183,-71.11842396352101,-71.11842396352101
999.160028014183,-71.1149000108197,-71.1149000108197
999.170028014183,-71.11133838930303,-71.11133838930303
999.180028014183,-71.10773999173114,-71.10773999173114
999.1900280141831,-71.10410570441533,-71.10410570441533
999.2000280141831,-71.10043640696307,-71.10043640696307
999.2100280141831,-71.09673297204816,-71.09673297204816
999.2200280141831,-71.09299626524766,-71.09299626524766
999.2300280141831,-71.08922714484655,-71.08922714484655
999.240028014183,-71.08542646169924,-71.08542646169924
999.250028014183,-71.08159505908219,-71.08159505908219
999.260028014183,-71.0777337726091,-71.0777337726091
999.270028014183,-71.07384343011645,-71.07384343011645
999.280028014183,-71.0699248515597,-71.0699248515597
999.290028014183,-71.06597884896776,-71.06597884896776
999.300028014183,-71.06200622636074,-71.06200622636074
999.310028014183,-71.0580077797079,-71.0580077797079
999.3200280141831,-71.05398429687531,-71.05398429687531
999.3300280141831,-71.04993655760931,-71.04993655760931
999.3400280141831,-71.04586533349163,-71.04586533349163
999.3500280141831,-71.0417713879133,-71.0417713879133
999.3600280141831,-71.0376554760829,-71.0376554760829
999.370028014183,-71.03351834501265,-71.03351834501265
999.380028014183,-71.02936073349517,-71.02936073349517
999.390028014183,-71.0251833721415,-71.0251833721415
999.400028014183,-71.02098698334854,-71.02098698334854
999.410028014183,-71.01677228134469,-71.01677228134469
999.420028014183,-71.01253997219463,-71.01253997219463
999.430028014183,-71.00829075380956,-71.00829075380956
999.4400280141831,-71.00402531597523,-71.00402531597523
999.4500280141831,-70.99974434037959,-70.99974434037959
999.4600280141831,-70.99544850064044,-70.99544850064044
999.4700280141831,-70.99113846233688,-70.99113846233688
999.4800280141831,-70.98681488303686,-70.98681488303686
999.490028014183,-70.98247841234453,-70.98247841234453
999.500028014183,-70.9781296919349,-70.9781296919349
999.510028014183,-70.97376935556898,-70.97376935556898
999.520028014183,-70.9693980291822,-70.9693980291822
999.530028014183,-70.96501633089945,-70.96501633089945
999.540028014183,-70.96062487106539,-70.96062487106539
999.550028014183,-70.95622425232739,-70.95622425232739
999.560028014183,-70.95181506965677,-70.95181506965677
999.5700280141831,-70.94739791039801,-70.94739791039801
999.5800280141831,-70.94297335434096,-70.94297335434096
999.5900280141831,-70.93854197376591,-70.93854197376591
999.6000280380249,-70.93410432288893,-70.93410432288893
999.6100280380249,-70.92966098022848,-70.92966098022848
999.6200280380249,-70.92521248527463,-70.92521248527463
999.6300280380249,-70.92075938075634,-70.92075938075634
999.6400280380249,-70.91630220214374,-70.91630220214374
999.6500280380249,-70.91184147774167,-70.91184147774167
999.6600280380248,-70.90737772868673,-70.90737772868673
999.670028038025,-70.90291146906146,-70.90291146906146
999.680028038025,-70.89844320593241,-70.89844320593241
999.6900280380249,-70.8939734393846,-70.8939734393846
999.7000280380249,-70.88950266261628,-70.88950266261628
999.7100280380249,-70.88502518529559,-70.88502518529559
999.7200280380249,-70.88053878614231,-70.88053878614231
999.7300280380249,-70.87604262863621,-70.87604262863621
999.7400280380249,-70.8715365149533,-70.8715365149533
999.7500280380249,-70.86702060080091,-70.86702060080091
999.7600280380249,-70.86249524700365,-70.86249524700365
999.7700280380249,-70.85796093233004,-70.85796093233004
999.7800280380249,-70.85341820103294,-70.85341820103294
999.790028038025,-70.8488676312587,-70.8488676312587
999.800028038025,-70.84430981608516,-70.84430981608516
999.8100280380249,-70.83974535219805,-70.83974535219805
999.8200280380249,-70.83517483328663,-70.83517483328663
999.8300280380249,-70.83059884626533,-70.83059884626533
999.8400280380249,-70.82601796924013,-70.82601796924013
999.8500280380249,-70.82143277052374,-70.82143277052374
999.8600280380249,-70.81684380828672,-70.81684380828672
999.8700280380249,-70.81225163055916,-70.81225163055916
999.8800280380249,-70.80765677546125,-70.80765677546125
999.8900280380249,-70.80305977150768,-70.80305977150768
999.9000280380249,-70.79846113797416,-70.79846113797416
999.9100280380248,-70.79386138526199,-70.79386138526199
999.920028038025,-70.78926101524813,-70.78926101524813
999.930028038025,-70.78466052165695,-70.78466052165695
999.9400280380249,-70.78006039030556,-70.78006039030556
999.9500280380249,-70.77546109941429,-70.77546109941429
999.9600280380249,-70.77086311983494,-70.77086311983494
999.9700280380249,-70.76626691529442,-70.76626691529442
999.9800280380249,-70.76167294256044,-70.76167294256044
999.9900280380249,-70.75708165163968,-70.75708165163968
1000.0000280380249,-70.75249348591822,-70.75249348591822
1000.0100280380249,-70.74790888230886,-70.74790888230886
1000.0200280380249,-70.74332827137108,-70.74332827137108
1000.0300280380249,-70.7387520774175,-70.7387520774175
1000.040028038025,-70.73418071861718,-70.73418071861718
1000.050028038025,-70.72961460711393,-70.72961460711393
1000.0600280380249,-70.72505414907441,-70.72505414907441
1000.0700280380249,-70.72049974477801,-70.72049974477801
1000.0800280380249,-70.71595178869083,-70.71595178869083
1000.0900280380249,-70.711410669547,-70.711410669547
1000.1000280380249,-70.70687677039199,-70.70687677039199
1000.1100280380249,-70.70235046866205,-70.70235046866205
1000.1200280380249,-70.69783213622307,-70.69783213622307
1000.1300280380249,-70.69332213943991,-70.69332213943991
1000.1400280380249,-70.68882083922627,-70.68882083922627
1000.1500280380249,-70.68432859109473,-70.68432859109473
1000.1600280380248,-70.67984574520463,-70.67984574520463
1000.170028038025,-70.67537264642309,-70.67537264642309
1000.180028038025,-70.67090963436716,-70.67090963436716
1000.1900280380249,-70.66645704344012,-70.66645704344012
1000.2000280380249,-70.6620152029028,-70.6620152029028
1000.2100280380249,-70.65758443689742,-70.65758443689742
1000.2200280380249,-70.65316506450279,-70.65316506450279
1000.2300280380249,-70.64875739978832,-70.64875739978832
1000.2400280380249,-70.64436175182858,-70.64436175182858
1000.2500280380249,-70.6399784248101,-70.6399784248101
1000.2600280380249,-70.63560771800695,-70.63560771800695
1000.2700280380249,-70.63124992586273,-70.63124992586273
1000.2800280380249,-70.62690533804486,-70.62690533804486
1000.290028038025,-70.6225742394544,-70.6225742394544
1000.300028038025,-70.61825691030954,-70.61825691030954
1000.3100280380249,-70.61395362616149,-70.61395362616149
1000.3200280380249,-70.60966465795545,-70.60966465795545
1000.3300280380249,-70.60539027206231,-70.60539027206231
1000.3400280380249,-70.60113073033955,-70.60113073033955
1000.3500280380249,-70.59688629015406,-70.59688629015406
1000.3600280380249,-70.592657204459,-70.592657204459
1000.3700280380249,-70.58844372180984,-70.58844372180984
1000.3800280380249,-70.58424608641545,-70.58424608641545
1000.3900280380249,-70.58006453818865,-70.58006453818865
1000.4000280380249,-70.5758993127926,-70.5758993127926
1000.4100280380248,-70.57175064167667,-70.57175064167667
1000.420028038025,-70.5676187521175,-70.5676187521175
1000.430028038025,-70.56350386727974,-70.56350386727974
1000.4400280380249,-70.55940620624776,-70.55940620624776
1000.4500280618668,-70.55532597434888,-70.55532597434888
1000.4600280618668,-70.55125725480822,-70.55125725480822
1000.4700280618667,-70.54719755717757,-70.54719755717757
1000.4800280618667,-70.54314578190379,-70.54314578190379
1000.4900280618667,-70.5391014679462,-70.5391014679462
1000.5000280618667,-70.5350645089495,-70.5350645089495
1000.5100280618667,-70.53103500545103,-70.53103500545103
1000.5200280618668,-70.5270131780851,-70.5270131780851
1000.5300280618668,-70.52299931532166,-70.52299931532166
1000.5400280618668,-70.51899374196398,-70.51899374196398
1000.5500280618668,-70.51499680025861,-70.51499680025861
1000.5600280618668,-70.51100883861474,-70.51100883861474
1000.5700280618668,-70.50703020500215,-70.50703020500215
1000.5800280618668,-70.503061243179,-70.503061243179
1000.5900280618667,-70.49910229064712,-70.49910229064712
1000.6000280618667,-70.49515367766071,-70.49515367766071
1000.6100280618667,-70.49121572686659,-70.49121572686659
1000.6200280618667,-70.48728875329115,-70.48728875329115
1000.6300280618667,-70.48337306456405,-70.48337306456405
1000.6400280618668,-70.4794689611994,-70.4794689611994
1000.6500280618668,-70.4755767369585,-70.4755767369585
1000.6600280618668,-70.47169667918166,-70.47169667918166
1000.6700280618668,-70.46782906914356,-70.46782906914356
1000.6800280618668,-70.46397418236707,-70.46397418236707
1000.6900280618668,-70.46013228891574,-70.46013228891574
1000.7000280618668,-70.45630365362939,-70.45630365362939
1000.7100280618668,-70.45248853637602,-70.45248853637602
1000.7200280618667,-70.44868719225246,-70.44868719225246
1000.7300280618667,-70.44489987173883,-70.44489987173883
1000.7400280618667,-70.4411268208748,-70.4411268208748
1000.7500280618667,-70.4373682814111,-70.4373682814111
1000.7600280618667,-70.4336244908947,-70.4336244908947
1000.7700280618668,-70.42989568280511,-70.42989568280511
1000.7800280618668,-70.42618208663308,-70.42618208663308
1000.7900280618668,-70.42248392796945,-70.42248392796945
1000.8000280618668,-70.4188014285651,-70.4188014285651
1000.8100280618668,-70.41513480642544,-70.41513480642544
1000.8200280618668,-70.41148427584855,-70.41148427584855
1000.8300280618668,-70.40785004748368,-70.40785004748368
1000.8400280618667,-70.40423232839007,-70.40423232839007
1000.8500280618667,-70.4006313220697,-70.4006313220697
1000.8600280618667,-70.39704722851617,-70.39704722851617
1000.8700280618667,-70.39348024426171,-70.39348024426171
1000.8800280618667,-70.38993056239683,-70.38993056239683
1000.8900280618668,-70.386398372609,-70.386398372609
1000.9000280618668,-70.38288386124484,-70.38288386124484
1000.9100280618668,-70.37938721129986,-70.37938721129986
1000.9200280618668,-70.37590860247545,-70.37590860247545
1000.9300280618668,-70.37244821120257,-70.37244821120257
1000.9400280618668,-70.36900621066164,-70.36900621066164
1000.9500280618668,-70.36558277084299,-70.36558277084299
1000.9600280618668,-70.36217805853336,-70.36217805853336
1000.9700280618667,-70.35879223737491,-70.35879223737491
1000.9800280618667,-70.35542546787535,-70.35542546787535
1000.9900280618667,-70.35207790745079,-70.35207790745079
1001.0000280618667,-70.34874971043342,-70.34874971043342
1001.0100280618667,-70.34544102811874,-70.34544102811874
1001.0200280618668,-70.34215200877726,-70.34215200877726
1001.0300280618668,-70.33888279770275,-70.33888279770275
1001.0400280618668,-70.33563353720417,-70.33563353720417
1001.0500280618668,-70.33240436666617,-70.33240436666617
1001.0600280618668,-70.32919542256768,-70.32919542256768
1001.0700280618668,-70.32600683850224,-70.32600683850224
1001.0800280618668,-70.32283874520346,-70.32283874520346
1001.0900280618667,-70.31969127059088,-70.31969127059088
1001.1000280618667,-70.31656453977642,-70.31656453977642
1001.1100280618667,-70.3134586750931,-70.3134586750931
1001.1200280618667,-70.31037379613349,-70.31037379613349
1001.1300280618667,-70.30731001978845,-70.30731001978845
1001.1400280618668,-70.30426746025009,-70.30426746025009
1001.1500280618668,-70.30124622904532,-70.30124622904532
1001.1600280618668,-70.298246435072,-70.298246435072
1001.1700280618668,-70.29526818461751,-70.29526818461751
1001.1800280618668,-70.29231158140811,-70.29231158140811
1001.1900280618668,-70.28937672659744,-70.28937672659744
1001.2000280618668,-70.28646371883781,-70.28646371883781
1001.2100280618668,-70.28357265427653,-70.28357265427653
1001.2200280618667,-70.28070362659709,-70.28070362659709
1001.2300280618667,-70.27785672703897,-70.27785672703897
1001.2400280618667,-70.27503204444257,-70.27503204444257
1001.2500280618667,-70.27222966526433,-70.27222966526433
1001.2600280618667,-70.2694496735899,-70.2694496735899
1001.2700280618668,-70.26669215118606,-70.26669215118606
1001.2800280618668,-70.26395717754025,-70.26395717754025
1001.2900280618668,-70.26124482982918,-70.26124482982918
1001.3000280857086,-70.25855517660914,-70.25855517660914
1001.3100280857086,-70.25588830349335,-70.25588830349335
1001.3200280857086,-70.25324427452257,-70.25324427452257
1001.3300280857086,-70.25062315808299,-70.25062315808299
1001.3400280857086,-70.24802502041861,-70.24802502041861
1001.3500280857086,-70.24544992565004,-70.24544992565004
1001.3600280857086,-70.24289793582597,-70.24289793582597
1001.3700280857087,-70.24036911092749,-70.24036911092749
1001.3800280857087,-70.23786350892384,-70.23786350892384
1001.3900280857086,-70.23538118574966,-70.23538118574966
1001.4000280857086,-70.23292219537812,-70.23292219537812
1001.4100280857086,-70.23048658981962,-70.23048658981962
1001.4200280857086,-70.22807441917104,-70.22807441917104
1001.4300280857086,-70.22568573161472,-70.22568573161472
1001.4400280857086,-70.22332057345324,-70.22332057345324
1001.4500280857086,-70.2209789891425,-70.2209789891425
1001.4600280857086,-70.2186610213169,-70.2186610213169
1001.4700280857086,-70.21636671080276,-70.21636671080276
1001.4800280857086,-70.21409609664272,-70.21409609664272
1001.4900280857087,-70.21184921613228,-70.21184921613228
1001.5000280857087,-70.20962610484702,-70.20962610484702
1001.5100280857087,-70.20742679663371,-70.20742679663371
1001.5200280857086,-70.20525132367888,-70.20525132367888
1001.5300280857086,-70.20309971649861,-70.20309971649861
1001.5400280857086,-70.2009720039737,-70.2009720039737
1001.5500280857086,-70.19886821338599,-70.19886821338599
1001.5600280857086,-70.19678837041403,-70.19678837041403
1001.5700280857086,-70.19473249917259,-70.19473249917259
1001.5800280857086,-70.1927006222375,-70.1927006222375
1001.5900280857086,-70.19069276066702,-70.19069276066702
1001.6000280857086,-70.18870893400589,-70.18870893400589
1001.6100280857086,-70.18674916032346,-70.18674916032346
1001.6200280857087,-70.18481345624232,-70.18481345624232
1001.6300280857087,-70.18290183694788,-70.18290183694788
1001.6400280857086,-70.18101431620643,-70.18101431620643
1001.6500280857086,-70.17915090639292,-70.17915090639292
1001.6600280857086,-70.17731161851674,-70.17731161851674
1001.6700280857086,-70.17549646222291,-70.17549646222291
1001.6800280857086,-70.17370544583585,-70.17370544583585
1001.6900280857086,-70.17193857636272,-70.17193857636272
1001.7000280857086,-70.17019585952164,-70.17019585952164
1001.7100280857086,-70.16847729975876,-70.16847729975876
1001.7200280857086,-70.16678290027085,-70.16678290027085
1001.7300280857086,-70.16511266301391,-70.16511266301391
1001.7400280857087,-70.16346658872432,-70.16346658872432
1001.7500280857087,-70.16184467696043,-70.16184467696043
1001.7600280857087,-70.16024692609598,-70.16024692609598
1001.7700280857086,-70.15867333334005,-70.15867333334005
1001.7800280857086,-70.1571238947663,-70.1571238947663
1001.7900280857086,-70.1555986053173,-70.1555986053173
1001.8000280857086,-70.15409745884324,-70.15409745884324
1001.8100280857086,-70.15262044809691,-70.15262044809691
1001.8200280857086,-70.15116756475597,-70.15116756475597
1001.8300280857086,-70.1497387994626,-70.1497387994626
1001.8400280857086,-70.14833414180173,-70.14833414180173
1001.8500280857086,-70.14695358035307,-70.14695358035307
1001.8600280857086,-70.1455971026813,-70.1455971026813
1001.8700280857087,-70.14426469536403,-70.14426469536403
1001.8800280857087,-70.14295634401905,-70.14295634401905
1001.8900280857086,-70.14167203330494,-70.14167203330494
1001.9000280857086,-70.1404117469292,-70.1404117469292
1001.9100280857086,-70.13917546768589,-70.13917546768589
1001.9200280857086,-70.1379631774495,-70.1379631774495
1001.9300280857086,-70.13677485721541,-70.13677485721541
1001.9400280857086,-70.13561048708303,-70.13561048708303
1001.9500280857086,-70.13447004628694,-70.13447004628694
1001.9600280857086,-70.13335351322714,-70.13335351322714
1001.9700280857086,-70.13226086545416,-70.13226086545416
1001.9800280857086,-70.13119207970038,-70.13119207970038
1001.9900280857087,-70.13014713188173,-70.13014713188173
1002.0000280857087,-70.12912599713859,-70.12912599713859
1002.0100280857087,-70.1281286498196,-70.1281286498196
1002.0200280857086,-70.12715506349704,-70.12715506349704
1002.0300280857086,-70.12620521099777,-70.12620521099777
1002.0400280857086,-70.12527906441437,-70.12527906441437
1002.0500280857086,-70.1243765950992,-70.1243765950992
1002.0600280857086,-70.12349777369116,-70.12349777369116
1002.0700280857086,-70.12264257012511,-70.12264257012511
1002.0800280857086,-70.12181095364801,-70.12181095364801
1002.0900280857086,-70.12100289283703,-70.12100289283703
1002.1000280857086,-70.1202183555783,-70.1202183555783
1002.1100280857086,-70.1194573091265,-70.1194573091265
1002.1200280857087,-70.11871972007725,-70.11871972007725
1002.1300280857087,-70.11800555440722,-70.11800555440722
1002.1400280857086,-70.11731477746524,-70.11731477746524
1002.1500281095505,-70.11664735241162,-70.11664735241162
1002.1600281095505,-70.11600324663722,-70.11600324663722
1002.1700281095505,-70.11538242201544,-70.11538242201544
1002.1800281095504,-70.11478484152852,-70.11478484152852
1002.1900281095504,-70.1142104676049,-70.1142104676049
1002.2000281095504,-70.11365926210475,-70.11365926210475
1002.2100281095504,-70.11313118634204,-70.11313118634204
1002.2200281095505,-70.1126262010992,-70.1126262010992
1002.2300281095505,-70.11214426662558,-70.11214426662558
1002.2400281095505,-70.11168534266804,-70.11168534266804
1002.2500281095505,-70.1112493884658,-70.1112493884658
1002.2600281095505,-70.11083636275434,-70.11083636275434
1002.2700281095505,-70.11044622378289,-70.11044622378289
1002.2800281095505,-70.11007892934033,-70.11007892934033
1002.2900281095505,-70.10973443673183,-70.10973443673183
1002.3000281095505,-70.10941270281968,-70.10941270281968
1002.3100281095504,-70.10911368399934,-70.10911368399934
1002.3200281095504,-70.1088373362502,-70.1088373362502
1002.3300281095504,-70.10858361510037,-70.10858361510037
1002.3400281095505,-70.10835247565137,-70.10835247565137
1002.3500281095505,-70.10814387261799,-70.10814387261799
1002.3600281095505,-70.10795776027571,-70.10795776027571
1002.3700281095505,-70.107794092533,-70.107794092533
1002.3800281095505,-70.10765282288871,-70.10765282288871
1002.3900281095505,-70.10753390446469,-70.10753390446469
1002.4000281095505,-70.107437290013,-70.107437290013
1002.4100281095505,-70.10736293192582,-70.10736293192582
1002.4200281095505,-70.10731078222368,-70.10731078222368
1002.4300281095504,-70.10728079258288,-70.10728079258288
1002.4400281095504,-70.10727291434566,-70.10727291434566
1002.4500281095504,-70.1072870985044,-70.1072870985044
1002.4600281095504,-70.10731718407891,-70.10731718407891
1002.4700281095505,-70.1073604464701,-70.1073604464701
1002.4800281095505,-70.10741553616678,-70.10741553616678
1002.4900281095505,-70.1074817409488,-70.1074817409488
1002.5000281095505,-70.10755870396176,-70.10755870396176
1002.5100281095505,-70.10764627708345,-70.10764627708345
1002.5200281095505,-70.10774443479417,-70.10774443479417
1002.5300281095505,-70.1078532223156,-70.1078532223156
1002.5400281095505,-70.10797272444125,-70.10797272444125
1002.5500281095505,-70.10810304673532,-70.10810304673532
1002.5600281095504,-70.10824430439816,-70.10824430439816
1002.5700281095504,-70.10839661566096,-70.10839661566096
1002.5800281095504,-70.1085600979991,-70.1085600979991
1002.5900281095505,-70.10873486612145,-70.10873486612145
1002.6000281095505,-70.10892103093207,-70.10892103093207
1002.6100281095505,-70.10911869911688,-70.10911869911688
1002.6200281095505,-70.10932797311771,-70.10932797311771
1002.6300281095505,-70.10954895126977,-70.10954895126977
1002.6400281095505,-70.10978172809034,-70.10978172809034
1002.6500281095505,-70.11002639454239,-70.11002639454239
1002.6600281095505,-70.11028303837075,-70.11028303837075
1002.6700281095505,-70.11055174438326,-70.11055174438326
1002.6800281095504,-70.1108325947273,-70.1108325947273
1002.6900281095504,-70.11112566912614,-70.11112566912614
1002.7000281095504,-70.1114310451014,-70.1114310451014
1002.7100281095504,-70.1117426862377,-70.1117426862377
1002.7200281095505,-70.11205799105888,-70.11205799105888
1002.7300281095505,-70.11237573173167,-70.11237573173167
1002.7400281095505,-70.11269531635246,-70.11269531635246
1002.7500281095505,-70.11301650717343,-70.11301650717343
1002.7600281095505,-70.11333927400678,-70.11333927400678
1002.7700281095505,-70.11366370821523,-70.11366370821523
1002.7800281095505,-70.11398997095239,-70.11398997095239
1002.7900281095505,-70.11431826199683,-70.11431826199683
1002.8000281095505,-70.11464880104826,-70.11464880104826
1002.8100281095504,-70.11498181656482,-70.11498181656482
1002.8200281095504,-70.11531753921014,-70.11531753921014
1002.8300281095504,-70.11565619810055,-70.11565619810055
1002.8400281095505,-70.11599801878,-70.11599801878
1002.8500281095505,-70.11634322217385,-70.11634322217385
1002.8600281095505,-70.11669202419748,-70.11669202419748
1002.8700281095505,-70.1170446357263,-70.1170446357263
1002.8800281095505,-70.11740126273388,-70.11740126273388
1002.8900281095505,-70.11776210654206,-70.11776210654206
1002.9000281095505,-70.118127364142,-70.118127364142
1002.9100281095505,-70.11849722845916,-70.11849722845916
1002.9200281095505,-70.11887188866805,-70.11887188866805
1002.9300281095504,-70.11925153043073,-70.11925153043073
1002.9400281095504,-70.11963633616634,-70.11963633616634
1002.9500281095504,-70.12002648522027,-70.12002648522027
1002.9600281095504,-70.12041604211052,-70.12041604211052
1002.9700281095505,-70.1208025057922,-70.1208025057922
1002.9800281095505,-70.12118474797944,-70.12118474797944
1002.9900281095505,-70.12156227540918,-70.12156227540918
1003.0000281333923,-70.12193494891294,-70.12193494891294
1003.0100281333923,-70.12230283328714,-70.12230283328714
1003.0200281333923,-70.1226661166383,-70.1226661166383
1003.0300281333923,-70.1230250550797,-70.1230250550797
1003.0400281333923,-70.12337994244324,-70.12337994244324
1003.0500281333923,-70.12373109159734,-70.12373109159734
1003.0600281333923,-70.12407882326059,-70.12407882326059
1003.0700281333924,-70.12442345947971,-70.12442345947971
1003.0800281333924,-70.12476531987402,-70.12476531987402
1003.0900281333924,-70.12510471955989,-70.12510471955989
1003.1000281333924,-70.12544196815597,-70.12544196815597
1003.1100281333923,-70.12577736937139,-70.12577736937139
1003.1200281333923,-70.12611122096264,-70.12611122096264
1003.1300281333923,-70.12644381487605,-70.12644381487605
1003.1400281333923,-70.12677543752687,-70.12677543752687
1003.1500281333923,-70.1271063700378,-70.1271063700378
1003.1600281333923,-70.12743688860475,-70.12743688860475
1003.1700281333923,-70.1277672647252,-70.1277672647252
1003.1800281333923,-70.12809776549315,-70.12809776549315
1003.1900281333924,-70.12842865383814,-70.12842865383814
1003.2000281333924,-70.12876018872383,-70.12876018872383
1003.2100281333924,-70.12909262531086,-70.12909262531086
1003.2200281333924,-70.12942621516075,-70.12942621516075
1003.2300281333924,-70.12976120632469,-70.12976120632469
1003.2400281333923,-70.13009784347359,-70.13009784347359
1003.2500281333923,-70.13043636800185,-70.13043636800185
1003.2600281333923,-70.13077701809115,-70.13077701809115
1003.2700281333923,-70.13112002879873,-70.13112002879873
1003.2800281333923,-70.13146563209139,-70.13146563209139
1003.2900281333923,-70.13181405691006,-70.13181405691006
1003.3000281333923,-70.1321655292163,-70.1321655292163
1003.3100281333923,-70.13252027198095,-70.13252027198095
1003.3200281333924,-70.132878505276,-70.132878505276
1003.3300281333924,-70.133240446271,-70.133240446271
1003.3400281333924,-70.13360630922114,-70.13360630922114
1003.3500281333924,-70.13397630553452,-70.13397630553452
1003.3600281333923,-70.13435064376337,-70.13435064376337
1003.3700281333923,-70.13472952961608,-70.13472952961608
1003.3800281333923,-70.13511316597598,-70.13511316597598
1003.3900281333923,-70.13550175291059,-70.13550175291059
1003.4000281333923,-70.13589548768282,-70.13589548768282
1003.4100281333923,-70.13629456474827,-70.13629456474827
1003.4200281333923,-70.13669917578711,-70.13669917578711
1003.4300281333923,-70.13710950970271,-70.13710950970271
1003.4400281333924,-70.13752575261503,-70.13752575261503
1003.4500281333924,-70.13794808791218,-70.13794808791218
1003.4600281333924,-70.1383766962167,-70.1383766962167
1003.4700281333924,-70.13881175541356,-70.13881175541356
1003.4800281333924,-70.13925344066936,-70.13925344066936
1003.4900281333923,-70.13970192443034,-70.13970192443034
1003.5000281333923,-70.14015737644053,-70.14015737644053
1003.5100281333923,-70.14061996376225,-70.14061996376225
1003.5200281333923,-70.14108985077291,-70.14108985077291
1003.5300281333923,-70.14156719918776,-70.14156719918776
1003.5400281333923,-70.14205216806953,-70.14205216806953
1003.5500281333923,-70.1425449138513,-70.1425449138513
1003.5600281333923,-70.14304559034981,-70.14304559034981
1003.5700281333924,-70.1435543487594,-70.1435543487594
1003.5800281333924,-70.14407133771803,-70.14407133771803
1003.5900281333924,-70.14459670327612,-70.14459670327612
1003.6000281333924,-70.14513058892219,-70.14513058892219
1003.6100281333923,-70.1456731356233,-70.1456731356233
1003.6200281333923,-70.14622448182986,-70.14622448182986
1003.6300281333923,-70.14678476348527,-70.14678476348527
1003.6400281333923,-70.14735411405925,-70.14735411405925
1003.6500281333923,-70.14793266456141,-70.14793266456141
1003.6600281333923,-70.14852054356436,-70.14852054356436
1003.6700281333923,-70.14911787721705,-70.14911787721705
1003.6800281333923,-70.14972478927767,-70.14972478927767
1003.6900281333924,-70.15034140111467,-70.15034140111467
1003.7000281333924,-70.1509678317539,-70.1509678317539
1003.7100281333924,-70.15160419787127,-70.15160419787127
1003.7200281333924,-70.15225061384865,-70.15225061384865
1003.7300281333924,-70.15290719175546,-70.15290719175546
1003.7400281333923,-70.15357404140813,-70.15357404140813
1003.7500281333923,-70.15425127036751,-70.15425127036751
1003.7600281333923,-70.15493898397962,-70.15493898397962
1003.7700281333923,-70.15563728537978,-70.15563728537978
1003.7800281333923,-70.15634627553197,-70.15634627553197
1003.7900281333923,-70.15706605323847,-70.15706605323847
1003.8000281333923,-70.15779671517242,-70.15779671517242
1003.8100281333923,-70.15853835589405,-70.15853835589405
1003.8200281333924,-70.15929106788259,-70.15929106788259
1003.8300281333924,-70.16005494155314,-70.16005494155314
1003.8400281333924,-70.16083006527535,-70.16083006527535
1003.8500281572342,-70.1616165272821,-70.1616165272821
1003.8600281572342,-70.16241440823794,-70.16241440823794
1003.8700281572342,-70.16322379233866,-70.16322379233866
1003.8800281572342,-70.16404476005238,-70.16404476005238
1003.8900281572342,-70.16487738990494,-70.16487738990494
1003.9000281572341,-70.16572175851192,-70.16572175851192
1003.9100281572341,-70.16657794062436,-70.16657794062436
1003.9200281572342,-70.16744600913051,-70.16744600913051
1003.9300281572342,-70.16832603509195,-70.16832603509195
1003.9400281572342,-70.1692180877661,-70.1692180877661
1003.9500281572342,-70.17012223461609,-70.17012223461609
1003.9600281572342,-70.17103854134854,-70.17103854134854
1003.9700281572342,-70.17196707191952,-70.17196707191952
1003.9800281572342,-70.1729078885752,-70.1729078885752
1003.9900281572342,-70.17386105188278,-70.17386105188278
1004.0000281572342,-70.1748266207036,-70.1748266207036
1004.0100281572342,-70.17580465227645,-70.17580465227645
1004.0200281572342,-70.17679520220088,-70.17679520220088
1004.0300281572341,-70.17779832446602,-70.17779832446602
1004.0400281572342,-70.17881407147374,-70.17881407147374
1004.0500281572342,-70.17984249408894,-70.17984249408894
1004.0600281572342,-70.1808836415953,-70.1808836415953
1004.0700281572342,-70.18193756178016,-70.18193756178016
1004.0800281572342,-70.1830043009275,-70.1830043009275
1004.0900281572342,-70.1840839038398,-70.1840839038398
1004.1000281572342,-70.18517641386906,-70.18517641386906
1004.1100281572342,-70.18628187291935,-70.18628187291935
1004.1200281572342,-70.1874003214781,-70.1874003214781
1004.1300281572342,-70.18853179864135,-70.18853179864135
1004.1400281572342,-70.1896763421229,-70.1896763421229
1004.1500281572341,-70.19083398828936,-70.19083398828936
1004.1600281572341,-70.19200477216161,-70.19200477216161
1004.1700281572342,-70.19318872744347,-70.19318872744347
1004.1800281572342,-70.19438588655068,-70.19438588655068
1004.1900281572342,-70.19559628060077,-70.19559628060077
1004.2000281572342,-70.1968199394646,-70.1968199394646
1004.2100281572342,-70.19805689176064,-70.19805689176064
1004.2200281572342,-70.1993071648919,-70.1993071648919
1004.2300281572342,-70.20057078505987,-70.20057078505987
1004.2400281572342,-70.20184777726818,-70.20184777726818
1004.2500281572342,-70.20313816535618,-70.20313816535618
1004.2600281572342,-70.20444197201131,-70.20444197201131
1004.2700281572342,-70.2057592187925,-70.2057592187925
1004.2800281572341,-70.20708992612937,-70.20708992612937
1004.2900281572342,-70.20843411336236,-70.20843411336236
1004.3000281572342,-70.20979179875424,-70.20979179875424
1004.3100281572342,-70.21116299948903,-70.21116299948903
1004.3200281572342,-70.2125477316995,-70.2125477316995
1004.3300281572342,-70.21394601049944,-70.21394601049944
1004.3400281572342,-70.2153578499777,-70.2153578499777
1004.3500281572342,-70.21678326322196,-70.21678326322196
1004.3600281572342,-70.21822226233884,-70.21822226233884
1004.3700281572342,-70.21967485845532,-70.21967485845532
1004.3800281572342,-70.22114106174905,-70.22114106174905
1004.3900281572342,-70.2226208814722,-70.2226208814722
1004.4000281572341,-70.22411432592962,-70.22411432592962
1004.4100281572341,-70.22562140252818,-70.22562140252818
1004.4200281572342,-70.22714211778339,-70.22714211778339
1004.4300281572342,-70.22867647732545,-70.22867647732545
1004.4400281572342,-70.23022448592103,-70.23022448592103
1004.4500281572342,-70.23178614748005,-70.23178614748005
1004.4600281572342,-70.23336146508035,-70.23336146508035
1004.4700281572342,-70.23495044097268,-70.23495044097268
1004.4800281572342,-70.23655307659064,-70.23655307659064
1004.4900281572342,-70.23816937257409,-70.23816937257409
1004.5000281572342,-70.23979932878684,-70.23979932878684
1004.5100281572342,-70.2414429443097,-70.2414429443097
1004.5200281572342,-70.24310021747317,-70.24310021747317
1004.5300281572341,-70.24477114584897,-70.24477114584897
1004.5400281572342,-70.2464557262869,-70.2464557262869
1004.5500281572342,-70.24815395491366,-70.24815395491366
1004.5600281572342,-70.24986582714612,-70.24986582714612
1004.5700281572342,-70.25159133769893,-70.25159133769893
1004.5800281572342,-70.2533304806044,-70.2533304806044
1004.5900281572342,-70.2550832492265,-70.2550832492265
1004.6000281572342,-70.25684963625434,-70.25684963625434
1004.6100281572342,-70.2586296337331,-70.2586296337331
1004.6200281572342,-70.260423233072,-70.260423233072
1004.6300281572342,-70.2622304250527,-70.2622304250527
1004.6400281572342,-70.2640511998314,-70.2640511998314
1004.6500281572341,-70.26588554695003,-70.26588554695003
1004.6600281572341,-70.26773345536476,-70.26773345536476
1004.6700281572342,-70.26959491344341,-70.26959491344341
1004.6800281572342,-70.27146990898866,-70.27146990898866
1004.6900281572342,-70.27335842921195,-70.27335842921195
1004.700028181076,-70.27526046531631,-70.27526046531631
1004.710028181076,-70.27717599442353,-70.27717599442353
1004.720028181076,-70.27910500657309,-70.27910500657309
1004.730028181076,-70.28104748683613,-70.28104748683613
1004.740028181076,-70.28300341975674,-70.28300341975674
1004.750028181076,-70.28497278937057,-70.28497278937057
1004.760028181076,-70.28695557920875,-70.28695557920875
1004.7700281810761,-70.2889517723182,-70.2889517723182
1004.7800281810761,-70.2909613512613,-70.2909613512613
1004.7900281810761,-70.29298429812113,-70.29298429812113
1004.8000281810761,-70.29502059452682,-70.29502059452682
1004.8100281810761,-70.29707022165523,-70.29707022165523
1004.820028181076,-70.2991331602215,-70.2991331602215
1004.830028181076,-70.30120939050794,-70.30120939050794
1004.840028181076,-70.30329889236754,-70.30329889236754
1004.850028181076,-70.30540164523885,-70.30540164523885
1004.860028181076,-70.30751762812505,-70.30751762812505
1004.870028181076,-70.30964681964325,-70.30964681964325
1004.880028181076,-70.31178919800443,-70.31178919800443
1004.8900281810761,-70.31394474101546,-70.31394474101546
1004.9000281810761,-70.31611342612383,-70.31611342612383
1004.9100281810761,-70.3182952303719,-70.3182952303719
1004.9200281810761,-70.32049013044502,-70.32049013044502
1004.9300281810761,-70.32269810267549,-70.32269810267549
1004.9400281810761,-70.32491912303367,-70.32491912303367
1004.950028181076,-70.32715316712272,-70.32715316712272
1004.960028181076,-70.32940021022841,-70.32940021022841
1004.970028181076,-70.33166022729563,-70.33166022729563
1004.980028181076,-70.33393319292958,-70.33393319292958
1004.990028181076,-70.33621908142497,-70.33621908142497
1005.000028181076,-70.33851786676006,-70.33851786676006
1005.010028181076,-70.3408295226007,-70.3408295226007
1005.0200281810761,-70.34315402229616,-70.34315402229616
1005.0300281810761,-70.34549133892203,-70.34549133892203
1005.0400281810761,-70.34784144525314,-70.34784144525314
1005.0500281810761,-70.35020431377191,-70.35020431377191
1005.0600281810761,-70.35257991669458,-70.35257991669458
1005.070028181076,-70.35496822595957,-70.35496822595957
1005.080028181076,-70.35736921322946,-70.35736921322946
1005.090028181076,-70.35978284991006,-70.35978284991006
1005.100028181076,-70.36220910715498,-70.36220910715498
1005.110028181076,-70.36464795586151,-70.36464795586151
1005.120028181076,-70.36709936668149,-70.36709936668149
1005.130028181076,-70.36956331002834,-70.36956331002834
1005.1400281810761,-70.37203975608082,-70.37203975608082
1005.1500281810761,-70.37452867478231,-70.37452867478231
1005.1600281810761,-70.37703003585791,-70.37703003585791
1005.1700281810761,-70.37954380881311,-70.37954380881311
1005.1800281810761,-70.38206996291845,-70.38206996291845
1005.1900281810761,-70.38460846726026,-70.38460846726026
1005.200028181076,-70.3871592907113,-70.3871592907113
1005.210028181076,-70.38971626531085,-70.38971626531085
1005.220028181076,-70.39227667242139,-70.39227667242139
1005.230028181076,-70.39483917298718,-70.39483917298718
1005.240028181076,-70.39740306694277,-70.39740306694277
1005.250028181076,-70.39996801042749,-70.39996801042749
1005.260028181076,-70.40253386874471,-70.40253386874471
1005.2700281810761,-70.40510063011754,-70.40510063011754
1005.2800281810761,-70.40766835384105,-70.40766835384105
1005.2900281810761,-70.41023713905705,-70.41023713905705
1005.3000281810761,-70.41280710601704,-70.41280710601704
1005.3100281810761,-70.4153783849122,-70.4153783849122
1005.320028181076,-70.41795110930146,-70.41795110930146
1005.330028181076,-70.42052541235827,-70.42052541235827
1005.340028181076,-70.42310142480363,-70.42310142480363
1005.350028181076,-70.42567927387928,-70.42567927387928
1005.360028181076,-70.4282590829437,-70.4282590829437
1005.370028181076,-70.43084097141364,-70.43084097141364
1005.380028181076,-70.43342505491951,-70.43342505491951
1005.3900281810761,-70.43601144552962,-70.43601144552962
1005.4000281810761,-70.43860025206737,-70.43860025206737
1005.4100281810761,-70.44119158038035,-70.44119158038035
1005.4200281810761,-70.44378553362199,-70.44378553362199
1005.4300281810761,-70.44638221254586,-70.44638221254586
1005.4400281810761,-70.44898171569909,-70.44898171569909
1005.450028181076,-70.45158413964545,-70.45158413964545
1005.460028181076,-70.45418957914974,-70.45418957914974
1005.470028181076,-70.4567981273011,-70.4567981273011
1005.480028181076,-70.45940987568464,-70.45940987568464
1005.490028181076,-70.46202491445382,-70.46202491445382
1005.500028181076,-70.46464333244448,-70.46464333244448
1005.510028181076,-70.46726521723009,-70.46726521723009
1005.5200281810761,-70.46989065520059,-70.46989065520059
1005.5300281810761,-70.47251973161966,-70.47251973161966
1005.5400281810761,-70.47515253063382,-70.47515253063382
1005.5500282049179,-70.47778914163618,-70.47778914163618
1005.5600282049179,-70.48042963412982,-70.48042963412982
1005.5700282049179,-70.48307409541569,-70.48307409541569
1005.5800282049179,-70.48572260554629,-70.48572260554629
1005.5900282049179,-70.48837524357823,-70.48837524357823
1005.6000282049179,-70.49103208758717,-70.49103208758717
1005.6100282049179,-70.4936932146713,-70.4936932146713
1005.620028204918,-70.49635870096178,-70.49635870096178
1005.630028204918,-70.49902862162402,-70.49902862162402
1005.6400282049179,-70.50170305084588,-70.50170305084588
1005.6500282049179,-70.5043820618481,-70.5043820618481
1005.6600282049179,-70.50706572688323,-70.50706572688323
1005.6700282049179,-70.50975411722696,-70.50975411722696
1005.6800282049179,-70.51244730317794,-70.51244730317794
1005.6900282049179,-70.51514535405099,-70.51514535405099
1005.7000282049179,-70.51784833818357,-70.51784833818357
1005.7100282049179,-70.52055632292581,-70.52055632292581
1005.7200282049179,-70.5232693746415,-70.5232693746415
1005.7300282049179,-70.52598755870004,-70.52598755870004
1005.740028204918,-70.52871093947125,-70.52871093947125
1005.750028204918,-70.53143958032915,-70.53143958032915
1005.760028204918,-70.5341735436607,-70.5341735436607
1005.7700282049179,-70.53691289083677,-70.53691289083677
1005.7800282049179,-70.53965768222955,-70.53965768222955
1005.7900282049179,-70.54240797721039,-70.54240797721039
1005.8000282049179,-70.54516383414322,-70.54516383414322
1005.8100282049179,-70.54792531038827,-70.54792531038827
1005.8200282049179,-70.55069246230237,-70.55069246230237
1005.8300282049179,-70.55346534523643,-70.55346534523643
1005.8400282049179,-70.5562440135385,-70.5562440135385
1005.8500282049179,-70.55902852055885,-70.55902852055885
1005.8600282049179,-70.5618189186462,-70.5618189186462
1005.870028204918,-70.56461525914504,-70.56461525914504
1005.880028204918,-70.56741759241356,-70.56741759241356
1005.8900282049179,-70.57022596781461,-70.57022596781461
1005.9000282049179,-70.57304043371536,-70.57304043371536
1005.9100282049179,-70.57586103750322,-70.57586103750322
1005.9200282049179,-70.57868782559044,-70.57868782559044
1005.9300282049179,-70.58152084339976,-70.58152084339976
1005.9400282049179,-70.58436013538574,-70.58436013538574
1005.9500282049179,-70.58720574504362,-70.58720574504362
1005.9600282049179,-70.59005771488577,-70.59005771488577
1005.9700282049179,-70.59291608649094,-70.59291608649094
1005.9800282049179,-70.59578090046521,-70.59578090046521
1005.990028204918,-70.59865219648444,-70.59865219648444
1006.000028204918,-70.6015300132811,-70.6015300132811
1006.010028204918,-70.60441438864736,-70.60441438864736
1006.0200282049179,-70.60730535945906,-70.60730535945906
1006.0300282049179,-70.61020296166748,-70.61020296166748
1006.0400282049179,-70.61310723031019,-70.61310723031019
1006.0500282049179,-70.61601819952224,-70.61601819952224
1006.0600282049179,-70.61893590254485,-70.61893590254485
1006.0700282049179,-70.62186037172144,-70.62186037172144
1006.0800282049179,-70.62479163851047,-70.62479163851047
1006.0900282049179,-70.62772973350305,-70.62772973350305
1006.1000282049179,-70.6306746864254,-70.6306746864254
1006.1100282049179,-70.63362652613486,-70.63362652613486
1006.120028204918,-70.63658528063608,-70.63658528063608
1006.130028204918,-70.63955097710789,-70.63955097710789
1006.1400282049179,-70.64252364188879,-70.64252364188879
1006.1500282049179,-70.64550330047314,-70.64550330047314
1006.1600282049179,-70.64848997756609,-70.64848997756609
1006.1700282049179,-70.6514836970426,-70.6514836970426
1006.1800282049179,-70.65448448199088,-70.65448448199088
1006.1900282049179,-70.65749235470471,-70.65749235470471
1006.2000282049179,-70.66050733668192,-70.66050733668192
1006.2100282049179,-70.66352944866387,-70.66352944866387
1006.2200282049179,-70.6665587106132,-70.6665587106132
1006.2300282049179,-70.66959514175238,-70.66959514175238
1006.240028204918,-70.67263876053994,-70.67263876053994
1006.250028204918,-70.67568958470777,-70.67568958470777
1006.260028204918,-70.67874763124239,-70.67874763124239
1006.2700282049179,-70.68181291642793,-70.68181291642793
1006.2800282049179,-70.68488545581904,-70.68488545581904
1006.2900282049179,-70.68796526427508,-70.68796526427508
1006.3000282049179,-70.69105235596489,-70.69105235596489
1006.3100282049179,-70.6941467443616,-70.6941467443616
1006.3200282049179,-70.69724844226909,-70.69724844226909
1006.3300282049179,-70.70035746181847,-70.70035746181847
1006.3400282049179,-70.703473814481,-70.703473814481
1006.3500282049179,-70.7065975110764,-70.7065975110764
1006.3600282049179,-70.70972856178454,-70.70972856178454
1006.370028204918,-70.71286697614548,-70.71286697614548
1006.380028204918,-70.71601276308456,-70.71601276308456
1006.3900282049179,-70.71916593089975,-70.71916593089975
1006.4000282287598,-70.72232649482001,-70.72232649482001
1006.4100282287598,-70.72549444690455,-70.72549444690455
1006.4200282287597,-70.72866980114385,-70.72866980114385
1006.4300282287597,-70.73185256346898,-70.73185256346898
1006.4400282287597,-70.73504273921388,-70.73504273921388
1006.4500282287597,-70.73824033316353,-70.73824033316353
1006.4600282287597,-70.74144534954439,-70.74144534954439
1006.4700282287598,-70.74465779200348,-70.74465779200348
1006.4800282287598,-70.74787766368298,-70.74787766368298
1006.4900282287598,-70.75110496716678,-70.75110496716678
1006.5000282287598,-70.75433970451915,-70.75433970451915
1006.5100282287598,-70.75758187729069,-70.75758187729069
1006.5200282287598,-70.76083148650532,-70.76083148650532
1006.5300282287598,-70.76408853269702,-70.76408853269702
1006.5400282287598,-70.7673530159062,-70.7673530159062
1006.5500282287597,-70.77062493567026,-70.77062493567026
1006.5600282287597,-70.77390429105404,-70.77390429105404
1006.5700282287597,-70.77719108064986,-70.77719108064986
1006.5800282287597,-70.78048530258982,-70.78048530258982
1006.5900282287598,-70.78378695453434,-70.78378695453434
1006.6000282287598,-70.78709603370274,-70.78709603370274
1006.6100282287598,-70.79041253686756,-70.79041253686756
1006.6200282287598,-70.79373646035914,-70.79373646035914
1006.6300282287598,-70.79706780008354,-70.79706780008354
1006.6400282287598,-70.80040655152355,-70.80040655152355
1006.6500282287598,-70.8037527097305,-70.8037527097305
1006.6600282287598,-70.80710626936659,-70.80710626936659
1006.6700282287597,-70.81046722468213,-70.81046722468213
1006.6800282287597,-70.81383556953327,-70.81383556953327
1006.6900282287597,-70.81721129737477,-70.81721129737477
1006.7000282287597,-70.82059440129589,-70.82059440129589
1006.7100282287597,-70.82398487398953,-70.82398487398953
1006.7200282287598,-70.82738270779464,-70.82738270779464
1006.7300282287598,-70.83078789468092,-70.83078789468092
1006.7400282287598,-70.83420042625613,-70.83420042625613
1006.7500282287598,-70.83762029377021,-70.83762029377021
1006.7600282287598,-70.84104748813833,-70.84104748813833
1006.7700282287598,-70.84448199992771,-70.84448199992771
1006.7800282287598,-70.84792381937714,-70.84792381937714
1006.7900282287598,-70.85137293638977,-70.85137293638977
1006.8000282287597,-70.85482934054974,-70.85482934054974
1006.8100282287597,-70.85829302111856,-70.85829302111856
1006.8200282287597,-70.86176396706192,-70.86176396706192
1006.8300282287597,-70.8652421670209,-70.8652421670209
1006.8400282287598,-70.86872760934169,-70.86872760934169
1006.8500282287598,-70.87222028207913,-70.87222028207913
1006.8600282287598,-70.87572017299587,-70.87572017299587
1006.8700282287598,-70.8792272695648,-70.8792272695648
1006.8800282287598,-70.88274155898534,-70.88274155898534
1006.8900282287598,-70.8862630281802,-70.8862630281802
1006.9000282287598,-70.88979166380417,-70.88979166380417
1006.9100282287598,-70.89332745224728,-70.89332745224728
1006.9200282287597,-70.89687037963361,-70.89687037963361
1006.9300282287597,-70.90042043183797,-70.90042043183797
1006.9400282287597,-70.90397759448742,-70.90397759448742
1006.9500282287597,-70.9075418529633,-70.9075418529633
1006.9600282287597,-70.9111131924035,-70.9111131924035
1006.9700282287598,-70.91469159769913,-70.91469159769913
1006.9800282287598,-70.91827705353644,-70.91827705353644
1006.9900282287598,-70.92183695557034,-70.92183695557034
1007.0000282287598,-70.92536227898519,-70.92536227898519
1007.0100282287598,-70.92884781101313,-70.92884781101313
1007.0200282287598,-70.93228900059572,-70.93228900059572
1007.0300282287598,-70.9356816535528,-70.9356816535528
1007.0400282287598,-70.93902196582408,-70.93902196582408
1007.0500282287597,-70.94230656117985,-70.94230656117985
1007.0600282287597,-70.94553250176503,-70.94553250176503
1007.0700282287597,-70.948697276937,-70.948697276937
1007.0800282287597,-70.95179877852387,-70.95179877852387
1007.0900282287598,-70.95483526871494,-70.95483526871494
1007.1000282287598,-70.95780534503233,-70.95780534503233
1007.1100282287598,-70.9607079050936,-70.9607079050936
1007.1200282287598,-70.96354211296912,-70.96354211296912
1007.1300282287598,-70.96630736791145,-70.96630736791145
1007.1400282287598,-70.96900327600552,-70.96900327600552
1007.1500282287598,-70.97162962467662,-70.97162962467662
1007.1600282287598,-70.97418636005064,-70.97418636005064
1007.1700282287597,-70.97667356698162,-70.97667356698162
1007.1800282287597,-70.9790914514184,-70.9790914514184
1007.1900282287597,-70.98144032493079,-70.98144032493079
1007.2000282287597,-70.98372059114524,-70.98372059114524
1007.2100282287597,-70.98593273382382,-70.98593273382382
1007.2200282287598,-70.98807730641842,-70.98807730641842
1007.2300282287598,-70.99015492289982,-70.99015492289982
1007.2400282287598,-70.99216624966913,-70.99216624966913
1007.2500282526016,-70.99411200311098,-70.99411200311098
1007.2600282526016,-70.99599292463571,-70.99599292463571
1007.2700282526016,-70.99780980352213,-70.99780980352213
1007.2800282526016,-70.99956345288025,-70.99956345288025
1007.2900282526016,-71.00125471027657,-71.00125471027657
1007.3000282526016,-71.00288443385203,-71.00288443385203
1007.3100282526016,-71.00445349897788,-71.00445349897788
1007.3200282526017,-71.00596279523434,-71.00596279523434
1007.3300282526017,-71.00741322378265,-71.00741322378265
1007.3400282526017,-71.00880569496518,-71.00880569496518
1007.3500282526016,-71.01014112621833,-71.01014112621833
1007.3600282526016,-71.01142044020257,-71.01142044020257
1007.3700282526016,-71.01264456313281,-71.01264456313281
1007.3800282526016,-71.01381442328835,-71.01381442328835
1007.3900282526016,-71.01493094970238,-71.01493094970238
1007.4000282526016,-71.01599507097329,-71.01599507097329
1007.4100282526016,-71.01700771419728,-71.01700771419728
1007.4200282526016,-71.01796980406813,-71.01796980406813
1007.4300282526016,-71.01888226202483,-71.01888226202483
1007.4400282526017,-71.01974600550237,-71.01974600550237
1007.4500282526017,-71.02056194729629,-71.02056194729629
1007.4600282526017,-71.02133099494135,-71.02133099494135
1007.4700282526017,-71.02205405020997,-71.02205405020997
1007.4800282526016,-71.02273200865169,-71.02273200865169
1007.4900282526016,-71.0233657591877,-71.0233657591877
1007.5000282526016,-71.02395618374037,-71.02395618374037
1007.5100282526016,-71.02450415692708,-71.02450415692708
1007.5200282526016,-71.02501054576683,-71.02501054576683
1007.5300282526016,-71.02547620945211,-71.02547620945211
1007.5400282526016,-71.02590199913965,-71.02590199913965
1007.5500282526016,-71.02628875773546,-71.02628875773546
1007.5600282526016,-71.02663731979516,-71.02663731979516
1007.5700282526017,-71.02694851132765,-71.02694851132765
1007.5800282526017,-71.0272231497404,-71.0272231497404
1007.5900282526017,-71.02746204368914,-71.02746204368914
1007.6000282526016,-71.02766599303934,-71.02766599303934
1007.6100282526016,-71.02783578880373,-71.02783578880373
1007.6200282526016,-71.02797221307128,-71.02797221307128
1007.6300282526016,-71.02807603899885,-71.02807603899885
1007.6400282526016,-71.02814803077646,-71.02814803077646
1007.6500282526016,-71.02818894360938,-71.02818894360938
1007.6600282526016,-71.0281995237297,-71.0281995237297
1007.6700282526016,-71.02818050838728,-71.02818050838728
1007.6800282526016,-71.02813262587527,-71.02813262587527
1007.6900282526017,-71.0280565955463,-71.0280565955463
1007.7000282526017,-71.02795312784139,-71.02795312784139
1007.7100282526017,-71.02782292431036,-71.02782292431036
1007.7200282526017,-71.02766667766079,-71.02766667766079
1007.7300282526016,-71.02748507180333,-71.02748507180333
1007.7400282526016,-71.0272787818932,-71.0272787818932
1007.7500282526016,-71.02704847437322,-71.02704847437322
1007.7600282526016,-71.02679480703111,-71.02679480703111
1007.7700282526016,-71.02651842907211,-71.02651842907211
1007.7800282526016,-71.02621998116203,-71.02621998116203
1007.7900282526016,-71.02590009547744,-71.02590009547744
1007.8000282526016,-71.02555939580671,-71.02555939580671
1007.8100282526016,-71.02519849757324,-71.02519849757324
1007.8200282526017,-71.02481800793055,-71.02481800793055
1007.8300282526017,-71.02441852583344,-71.02441852583344
1007.8400282526017,-71.02400064208723,-71.02400064208723
1007.8500282526016,-71.0235649394288,-71.0235649394288
1007.8600282526016,-71.02311199261325,-71.02311199261325
1007.8700282526016,-71.02264236846842,-71.02264236846842
1007.8800282526016,-71.02215662598122,-71.02215662598122
1007.8900282526016,-71.02165531635701,-71.02165531635701
1007.9000282526016,-71.02113898312048,-71.02113898312048
1007.9100282526016,-71.02060816216542,-71.02060816216542
1007.9200282526016,-71.0200633818469,-71.0200633818469
1007.9300282526016,-71.01950516305723,-71.01950516305723
1007.9400282526017,-71.01893401928075,-71.01893401928075
1007.9500282526017,-71.01835045671423,-71.01835045671423
1007.9600282526017,-71.01775497429419,-71.01775497429419
1007.9700282526017,-71.01714806381239,-71.01714806381239
1007.9800282526016,-71.01653020996498,-71.01653020996498
1007.9900282526016,-71.01590189044515,-71.01590189044515
1008.0000282526016,-71.01526357602907,-71.01526357602907
1008.0100282526016,-71.01461573061405,-71.01461573061405
1008.0200282526016,-71.01395881133519,-71.01395881133519
1008.0300282526016,-71.01329326861487,-71.01329326861487
1008.0400282526016,-71.01261954625927,-71.01261954625927
1008.0500282526016,-71.0119380815148,-71.0119380815148
1008.0600282526016,-71.01124930514145,-71.01124930514145
1008.0700282526017,-71.01055364150832,-71.01055364150832
1008.0800282526017,-71.0098515086418,-71.0098515086418
1008.0900282526017,-71.00914331833222,-71.00914331833222
1008.1000282764435,-71.0084294744606,-71.0084294744606
1008.1100282764435,-71.00771037990685,-71.00771037990685
1008.1200282764435,-71.00698642640856,-71.00698642640856
1008.1300282764435,-71.00625800145085,-71.00625800145085
1008.1400282764434,-71.00552548659918,-71.00552548659918
1008.1500282764434,-71.00478925760522,-71.00478925760522
1008.1600282764434,-71.00404968445766,-71.00404968445766
1008.1700282764435,-71.00330713146607,-71.00330713146607
1008.1800282764435,-71.00256195730584,-71.00256195730584
1008.1900282764435,-71.00181451510949,-71.00181451510949
1008.2000282764435,-71.00106515252459,-71.00106515252459
1008.2100282764435,-71.00031421178011,-71.00031421178011
1008.2200282764435,-70.99956202976269,-70.99956202976269
1008.2300282764435,-70.99880893806211,-70.99880893806211
1008.2400282764435,-70.9980552630499,-70.9980552630499
1008.2500282764435,-70.9973013259554,-70.9973013259554
1008.2600282764434,-70.99654744290243,-70.99654744290243
1008.2700282764434,-70.99579392500029,-70.99579392500029
1008.2800282764434,-70.99504107838301,-70.99504107838301
1008.2900282764435,-70.99428920428527,-70.99428920428527
1008.3000282764435,-70.99353859911027,-70.99353859911027
1008.3100282764435,-70.99278955446374,-70.99278955446374
1008.3200282764435,-70.99200058664479,-70.99200058664479
1008.3300282764435,-70.99114767202285,-70.99114767202285
1008.3400282764435,-70.99021866300502,-70.99021866300502
1008.3500282764435,-70.98920775046533,-70.98920775046533
1008.3600282764435,-70.9881125323845,-70.9881125323845
1008.3700282764435,-70.98693246448701,-70.98693246448701
1008.3800282764435,-70.98566801473008,-70.98566801473008
1008.3900282764434,-70.98432019211752,-70.98432019211752
1008.4000282764434,-70.98289028141126,-70.98289028141126
1008.4100282764434,-70.98137969341975,-70.98137969341975
1008.4200282764435,-70.97978988132644,-70.97978988132644
1008.4300282764435,-70.978122295037,-70.978122295037
1008.4400282764435,-70.97637835757266,-70.97637835757266
1008.4500282764435,-70.9745594542211,-70.9745594542211
1008.4600282764435,-70.97266074074915,-70.97266074074915
1008.4700282764435,-70.97068080926152,-70.97068080926152
1008.4800282764435,-70.9686196056286,-70.9686196056286
1008.4900282764435,-70.96647768638104,-70.96647768638104
1008.5000282764435,-70.96425593724543,-70.96425593724543
1008.5100282764434,-70.9619554284796,-70.9619554284796
1008.5200282764434,-70.95957733133685,-70.95957733133685
1008.5300282764434,-70.95712286884276,-70.95712286884276
1008.5400282764435,-70.95459328707176,-70.95459328707176
1008.5500282764435,-70.95198983864661,-70.95198983864661
1008.5600282764435,-70.94931377347496,-70.94931377347496
1008.5700282764435,-70.94656633385839,-70.94656633385839
1008.5800282764435,-70.94374875217088,-70.94374875217088
1008.5900282764435,-70.94086224995168,-70.94086224995168
1008.6000282764435,-70.93790803785782,-70.93790803785782
1008.6100282764435,-70.9348873160228,-70.9348873160228
1008.6200282764435,-70.93180127464983,-70.93180127464983
1008.6300282764435,-70.9286510946197,-70.9286510946197
1008.6400282764434,-70.92543794813083,-70.92543794813083
1008.6500282764434,-70.92216299923433,-70.92216299923433
1008.6600282764434,-70.91882740432642,-70.91882740432642
1008.6700282764435,-70.91543231253284,-70.91543231253284
1008.6800282764435,-70.91197886604328,-70.91197886604328
1008.6900282764435,-70.908468200317,-70.908468200317
1008.7000282764435,-70.90490144427002,-70.90490144427002
1008.7100282764435,-70.90127354228747,-70.90127354228747
1008.7200282764435,-70.89758290651784,-70.89758290651784
1008.7300282764435,-70.89382933329419,-70.89382933329419
1008.7400282764435,-70.89001325718172,-70.89001325718172
1008.7500282764435,-70.88613546591775,-70.88613546591775
1008.7600282764434,-70.8821969521144,-70.8821969521144
1008.7700282764434,-70.87819882617495,-70.87819882617495
1008.7800282764434,-70.8741422638416,-70.8741422638416
1008.7900282764435,-70.87002847456684,-70.87002847456684
1008.8000282764435,-70.86585868246492,-70.86585868246492
1008.8100282764435,-70.8616341148311,-70.8616341148311
1008.8200282764435,-70.85735599536308,-70.85735599536308
1008.8300282764435,-70.85302554019496,-70.85302554019496
1008.8400282764435,-70.84864395564452,-70.84864395564452
1008.8500282764435,-70.84421243698944,-70.84421243698944
1008.8600282764435,-70.83973216792435,-70.83973216792435
1008.8700282764435,-70.8352043203211,-70.8352043203211
1008.8800282764435,-70.83063005423482,-70.83063005423482
1008.8900282764434,-70.82601051800219,-70.82601051800219
1008.9000282764434,-70.82134684839635,-70.82134684839635
1008.9100282764434,-70.816640170776,-70.816640170776
1008.9200282764435,-70.81189159926603,-70.81189159926603
1008.9300282764435,-70.80710223689714,-70.80710223689714
1008.9400282764435,-70.80227317571406,-70.80227317571406
1008.9500283002853,-70.79740548528636,-70.79740548528636
1008.9600283002853,-70.79250025905768,-70.79250025905768
1008.9700283002853,-70.78755854524869,-70.78755854524869
1008.9800283002853,-70.78258139282303,-70.78258139282303
1008.9900283002853,-70.77756984011364,-70.77756984011364
1009.0000283002853,-70.77252491482439,-70.77252491482439
1009.0100283002853,-70.76744763405956,-70.76744763405956
1009.0200283002854,-70.76233900432901,-70.76233900432901
1009.0300283002854,-70.75720002154932,-70.75720002154932
1009.0400283002854,-70.75203167104713,-70.75203167104713
1009.0500283002854,-70.74683492753333,-70.74683492753333
1009.0600283002854,-70.74161075513163,-70.74161075513163
1009.0700283002853,-70.73636010736237,-70.73636010736237
1009.0800283002853,-70.73108392713327,-70.73108392713327
1009.0900283002853,-70.72578314674142,-70.72578314674142
1009.1000283002853,-70.72045868787063,-70.72045868787063
1009.1100283002853,-70.71511146161997,-70.71511146161997
1009.1200283002853,-70.70974236845913,-70.70974236845913
1009.1300283002853,-70.70435229827338,-70.70435229827338
1009.1400283002854,-70.69894213036324,-70.69894213036324
1009.1500283002854,-70.69351273346847,-70.69351273346847
1009.1600283002854,-70.6880649657685,-70.6880649657685
1009.1700283002854,-70.6825996749037,-70.6825996749037
1009.1800283002854,-70.67711769800805,-70.67711769800805
1009.1900283002853,-70.6716198617382,-70.6716198617382
1009.2000283002853,-70.66610698229482,-70.66610698229482
1009.2100283002853,-70.66057371365565,-70.66057371365565
1009.2200283002853,-70.65501816271272,-70.65501816271272
1009.2300283002853,-70.6494398117397,-70.6494398117397
1009.2400283002853,-70.64383877489658,-70.64383877489658
1009.2500283002853,-70.63821551418211,-70.63821551418211
1009.2600283002853,-70.63257069177217,-70.63257069177217
1009.2700283002854,-70.62690508330016,-70.62690508330016
1009.2800283002854,-70.62121952578255,-70.62121952578255
1009.2900283002854,-70.61551488623904,-70.61551488623904
1009.3000283002854,-70.60979204289706,-70.60979204289706
1009.3100283002854,-70.60405187400484,-70.60405187400484
1009.3200283002853,-70.5982952512701,-70.5982952512701
1009.3300283002853,-70.59252303612169,-70.59252303612169
1009.3400283002853,-70.5867360777192,-70.5867360777192
1009.3500283002853,-70.58093521197024,-70.58093521197024
1009.3600283002853,-70.57512126118858,-70.57512126118858
1009.3700283002853,-70.5692950341096,-70.5692950341096
1009.3800283002853,-70.56345732611793,-70.56345732611793
1009.3900283002854,-70.55760891954857,-70.55760891954857
1009.4000283002854,-70.55175058408592,-70.55175058408592
1009.4100283002854,-70.54588307708259,-70.54588307708259
1009.4200283002854,-70.54000714396344,-70.54000714396344
1009.4300283002854,-70.53412351854944,-70.53412351854944
1009.4400283002853,-70.52823292336902,-70.52823292336902
1009.4500283002853,-70.52233606994587,-70.52233606994587
1009.4600283002853,-70.51643365905637,-70.51643365905637
1009.4700283002853,-70.51052638096543,-70.51052638096543
1009.4800283002853,-70.50461491563334,-70.50461491563334
1009.4900283002853,-70.49869993291664,-70.49869993291664
1009.5000283002853,-70.49278209272799,-70.49278209272799
1009.5100283002853,-70.4868620452021,-70.4868620452021
1009.5200283002854,-70.48094043083601,-70.48094043083601
1009.5300283002854,-70.47501788063839,-70.47501788063839
1009.5400283002854,-70.46909501623901,-70.46909501623901
1009.5500283002854,-70.46317245002231,-70.46317245002231
1009.5600283002854,-70.45725078520705,-70.45725078520705
1009.5700283002853,-70.45133061598656,-70.45133061598656
1009.5800283002853,-70.44541252761277,-70.44541252761277
1009.5900283002853,-70.43949709648366,-70.43949709648366
1009.6000283002853,-70.43358489025478,-70.43358489025478
1009.6100283002853,-70.42767646791462,-70.42767646791462
1009.6200283002853,-70.42177237987016,-70.42177237987016
1009.6300283002853,-70.41587316806222,-70.41587316806222
1009.6400283002854,-70.40997936599969,-70.40997936599969
1009.6500283002854,-70.40409149889352,-70.40409149889352
1009.6600283002854,-70.39821008369938,-70.39821008369938
1009.6700283002854,-70.3923356292231,-70.3923356292231
1009.6800283002854,-70.38646863619448,-70.38646863619448
1009.6900283002853,-70.38060959733707,-70.38060959733707
1009.7000283002853,-70.3747589974592,-70.3747589974592
1009.7100283002853,-70.36891731353144,-70.36891731353144
1009.7200283002853,-70.36308501477454,-70.36308501477454
1009.7300283002853,-70.35726256272002,-70.35726256272002
1009.7400283002853,-70.35145041129122,-70.35145041129122
1009.7500283002853,-70.3456490069005,-70.3456490069005
1009.7600283002853,-70.33985878850359,-70.33985878850359
1009.7700283002854,-70.33408018769548,-70.33408018769548
1009.7800283002854,-70.32831362877782,-70.32831362877782
1009.7900283002854,-70.32255952883976,-70.32255952883976
1009.8000283241272,-70.31681828416961,-70.31681828416961
1009.8100283241272,-70.31109032504604,-70.31109032504604
1009.8200283241272,-70.30537603368349,-70.30537603368349
1009.8300283241272,-70.29967579910834,-70.29967579910834
1009.8400283241272,-70.29399000351543,-70.29399000351543
1009.8500283241272,-70.28831902235646,-70.28831902235646
1009.8600283241271,-70.28266322440376,-70.28266322440376
1009.8700283241272,-70.27702297183754,-70.27702297183754
1009.8800283241272,-70.27139862032955,-70.27139862032955
1009.8900283241272,-70.26579051910697,-70.26579051910697
1009.9000283241272,-70.26019901102019,-70.26019901102019
1009.9100283241272,-70.25462443263434,-70.25462443263434
1009.9200283241272,-70.2490671142991,-70.2490671142991
1009.9300283241272,-70.24352738023023,-70.24352738023023
1009.9400283241272,-70.23800554855978,-70.23800554855978
1009.9500283241272,-70.23250193143639,-70.23250193143639
1009.9600283241272,-70.22701683509474,-70.22701683509474
1009.9700283241272,-70.22155055991502,-70.22155055991502
1009.9800283241271,-70.21610340050665,-70.21610340050665
1009.9900283241273,-70.21067564577488,-70.21067564577488
1010.0000283241272,-70.20526757900541,-70.20526757900541
1010.0100283241272,-70.1998794779158,-70.1998794779158
1010.0200283241272,-70.19451161473536,-70.19451161473536
1010.0300283241272,-70.18916425628622,-70.18916425628622
1010.0400283241272,-70.18383766403623,-70.18383766403623
1010.0500283241272,-70.1785320941807,-70.1785320941807
1010.0600283241272,-70.17324779770252,-70.17324779770252
1010.0700283241272,-70.16798502044851,-70.16798502044851
1010.0800283241272,-70.16274400318996,-70.16274400318996
1010.0900283241272,-70.15752498168743,-70.15752498168743
1010.1000283241272,-70.15232818677161,-70.15232818677161
1010.1100283241271,-70.14715384438888,-70.14715384438888
1010.1200283241272,-70.14200217569353,-70.14200217569353
1010.1300283241272,-70.13687339709666,-70.13687339709666
1010.1400283241272,-70.13176772031963,-70.13176772031963
1010.1500283241272,-70.1266853524689,-70.1266853524689
1010.1600283241272,-70.12162649611275,-70.12162649611275
1010.1700283241272,-70.11659134931429,-70.11659134931429
1010.1800283241272,-70.11158010572287,-70.11158010572287
1010.1900283241272,-70.10659295461649,-70.10659295461649
1010.2000283241272,-70.10163008097463,-70.10163008097463
1010.2100283241272,-70.09669166551413,-70.09669166551413
1010.2200283241272,-70.09177788477649,-70.09177788477649
1010.2300283241271,-70.08688891118605,-70.08688891118605
1010.2400283241273,-70.08202491308018,-70.08202491308018
1010.2500283241272,-70.0771860548023,-70.0771860548023
1010.2600283241272,-70.0723724967227,-70.0723724967227
1010.2700283241272,-70.06758439532618,-70.06758439532618
1010.2800283241272,-70.06282190324447,-70.06282190324447
1010.2900283241272,-70.05808516933706,-70.05808516933706
1010.3000283241272,-70.05337433872108,-70.05337433872108
1010.3100283241272,-70.04868955282467,-70.04868955282467
1010.3200283241272,-70.04403094946703,-70.04403094946703
1010.3300283241272,-70.03939866287651,-70.03939866287651
1010.3400283241272,-70.03479282377316,-70.03479282377316
1010.3500283241272,-70.03021355940541,-70.03021355940541
1010.3600283241271,-70.02566099359312,-70.02566099359312
1010.3700283241272,-70.02113524678234,-70.02113524678234
1010.3800283241272,-70.01663643612194,-70.01663643612194
1010.3900283241272,-70.01216467546251,-70.01216467546251
1010.4000283241272,-70.00772007544818,-70.00772007544818
1010.4100283241272,-70.0033027435446,-70.0033027435446
1010.4200283241272,-69.99891278407496,-69.99891278407496
1010.4300283241272,-69.99455029830126,-69.99455029830126
1010.4400283241272,-69.99021538443986,-69.99021538443986
1010.4500283241272,-69.98590813771244,-69.98590813771244
1010.4600283241272,-69.98162865039849,-69.98162865039849
1010.4700283241272,-69.9773770118765,-69.9773770118765
1010.4800283241271,-69.97315330866975,-69.97315330866975
1010.4900283241273,-69.96895762447497,-69.96895762447497
1010.5000283241272,-69.9647900402407,-69.9647900402407
1010.5100283241272,-69.96065063415499,-69.96065063415499
1010.5200283241272,-69.95653948173913,-69.95653948173913
1010.5300283241272,-69.95245665585564,-69.95245665585564
1010.5400283241272,-69.94840222675816,-69.94840222675816
1010.5500283241272,-69.94437626214656,-69.94437626214656
1010.5600283241272,-69.94037882717082,-69.94037882717082
1010.5700283241272,-69.93640998450546,-69.93640998450546
1010.5800283241272,-69.93246979437171,-69.93246979437171
1010.5900283241272,-69.92855831457817,-69.92855831457817
1010.6000283241272,-69.92467560055202,-69.92467560055202
1010.6100283241271,-69.92082170538067,-69.92082170538067
1010.6200283241272,-69.91699667985158,-69.91699667985158
1010.6300283241272,-69.91320057248463,-69.91320057248463
1010.6400283241272,-69.9094334295651,-69.9094334295651
1010.650028347969,-69.90569528628062,-69.90569528628062
1010.660028347969,-69.90198620244692,-69.90198620244692
1010.670028347969,-69.89830620885932,-69.89830620885932
1010.680028347969,-69.89465534322404,-69.89465534322404
1010.690028347969,-69.89103364118009,-69.89103364118009
1010.700028347969,-69.88744113633271,-69.88744113633271
1010.710028347969,-69.88387786029408,-69.88387786029408
1010.7200283479691,-69.88034384269886,-69.88034384269886
1010.7300283479691,-69.8768391112623,-69.8768391112623
1010.7400283479691,-69.87336369177207,-69.87336369177207
1010.7500283479691,-69.86991760816176,-69.86991760816176
1010.7600283479691,-69.86650088251076,-69.86650088251076
1010.7700283479691,-69.86311353508185,-69.86311353508185
1010.780028347969,-69.85975558435246,-69.85975558435246
1010.790028347969,-69.85642704704304,-69.85642704704304
1010.800028347969,-69.85312793815297,-69.85312793815297
1010.810028347969,-69.8498582709628,-69.8498582709628
1010.820028347969,-69.84661805709034,-69.84661805709034
1010.830028347969,-69.84340730651056,-69.84340730651056
1010.8400283479691,-69.84022602756313,-69.84022602756313
1010.8500283479691,-69.83707422700792,-69.83707422700792
1010.8600283479691,-69.83395191003045,-69.83395191003045
1010.8700283479691,-69.83085908027343,-69.83085908027343
1010.8800283479691,-69.82779573987217,-69.82779573987217
1010.8900283479691,-69.82476188944648,-69.82476188944648
1010.900028347969,-69.82175752817012,-69.82175752817012
1010.910028347969,-69.81878265376444,-69.81878265376444
1010.920028347969,-69.81583726253369,-69.81583726253369
1010.930028347969,-69.8129213493834,-69.8129213493834
1010.940028347969,-69.81003490784735,-69.81003490784735
1010.950028347969,-69.80717793010524,-69.80717793010524
1010.960028347969,-69.80435040701505,-69.80435040701505
1010.9700283479691,-69.80155232812004,-69.80155232812004
1010.9800283479691,-69.79878368169017,-69.79878368169017
1010.9900283479691,-69.79604445472721,-69.79604445472721
1011.0000283479691,-69.79333463299002,-69.79333463299002
1011.0100283479691,-69.79065420101888,-69.79065420101888
1011.0200283479691,-69.78800314215528,-69.78800314215528
1011.030028347969,-69.78538143856154,-69.78538143856154
1011.040028347969,-69.78278907123783,-69.78278907123783
1011.050028347969,-69.7802260200544,-69.7802260200544
1011.060028347969,-69.77769226374531,-69.77769226374531
1011.070028347969,-69.77518777995805,-69.77518777995805
1011.080028347969,-69.77271254525097,-69.77271254525097
1011.0900283479691,-69.77026653511481,-69.77026653511481
1011.1000283479691,-69.76784972401056,-69.76784972401056
1011.1100283479691,-69.76546208536456,-69.76546208536456
1011.1200283479691,-69.7631035915832,-69.7631035915832
1011.1300283479691,-69.76077421409332,-69.76077421409332
1011.1400283479691,-69.75847392334603,-69.75847392334603
1011.150028347969,-69.75620268883804,-69.75620268883804
1011.160028347969,-69.75396047911397,-69.75396047911397
1011.170028347969,-69.75174726181365,-69.75174726181365
1011.180028347969,-69.74956300365389,-69.74956300365389
1011.190028347969,-69.74740767046498,-69.74740767046498
1011.200028347969,-69.74528122720392,-69.74528122720392
1011.210028347969,-69.74318363797072,-69.74318363797072
1011.2200283479691,-69.7411148660095,-69.7411148660095
1011.2300283479691,-69.73907487375438,-69.73907487375438
1011.2400283479691,-69.73706362280845,-69.73706362280845
1011.2500283479691,-69.73508107398268,-69.73508107398268
1011.2600283479691,-69.73312718730413,-69.73312718730413
1011.2700283479691,-69.73120192202609,-69.73120192202609
1011.280028347969,-69.72930523664697,-69.72930523664697
1011.290028347969,-69.72743708892885,-69.72743708892885
1011.300028347969,-69.72559743589976,-69.72559743589976
1011.310028347969,-69.72378623387095,-69.72378623387095
1011.320028347969,-69.72200343845552,-69.72200343845552
1011.330028347969,-69.72024900457275,-69.72024900457275
1011.3400283479691,-69.71852288647646,-69.71852288647646
1011.3500283479691,-69.7168250377548,-69.7168250377548
1011.3600283479691,-69.7151554113446,-69.7151554113446
1011.3700283479691,-69.71351395954167,-69.71351395954167
1011.3800283479691,-69.71190063401464,-69.71190063401464
1011.3900283479691,-69.71031538582899,-69.71031538582899
1011.400028347969,-69.70875816543644,-69.70875816543644
1011.410028347969,-69.70722892270915,-69.70722892270915
1011.420028347969,-69.7057276069316,-69.7057276069316
1011.430028347969,-69.70425416683031,-69.70425416683031
1011.440028347969,-69.70280855056949,-69.70280855056949
1011.450028347969,-69.7013907057752,-69.7013907057752
1011.460028347969,-69.70000057953142,-69.70000057953142
1011.4700283479691,-69.69863811840125,-69.69863811840125
1011.4800283479691,-69.69730326843778,-69.69730326843778
1011.4900283479691,-69.69599597519787,-69.69599597519787
1011.5000283718109,-69.69471618069586,-69.69471618069586
1011.5100283718109,-69.693463835677,-69.693463835677
1011.5200283718109,-69.69223888110605,-69.69223888110605
1011.5300283718109,-69.69104126063013,-69.69104126063013
1011.5400283718109,-69.68987091744228,-69.68987091744228
1011.5500283718109,-69.68872779429034,-69.68872779429034
1011.5600283718109,-69.68761183348794,-69.68761183348794
1011.570028371811,-69.68652297692446,-69.68652297692446
1011.580028371811,-69.68546116607526,-69.68546116607526
1011.590028371811,-69.68442634201122,-69.68442634201122
1011.6000283718109,-69.68341844540501,-69.68341844540501
1011.6100283718109,-69.68243741653495,-69.68243741653495
1011.6200283718109,-69.68148319530542,-69.68148319530542
1011.6300283718109,-69.68055572124752,-69.68055572124752
1011.6400283718109,-69.6796549335303,-69.6796549335303
1011.6500283718109,-69.67878077097062,-69.67878077097062
1011.6600283718109,-69.67793317203098,-69.67793317203098
1011.6700283718109,-69.67711207484406,-69.67711207484406
1011.6800283718109,-69.6763174172029,-69.6763174172029
1011.690028371811,-69.67554913657737,-69.67554913657737
1011.700028371811,-69.67480717013873,-69.67480717013873
1011.710028371811,-69.67409145472958,-69.67409145472958
1011.7200283718109,-69.6734019269063,-69.6734019269063
1011.7300283718109,-69.6727385229207,-69.6727385229207
1011.7400283718109,-69.67210117874403,-69.67210117874403
1011.7500283718109,-69.67148983007434,-69.67148983007434
1011.7600283718109,-69.67090441233023,-69.67090441233023
1011.7700283718109,-69.67034486067097,-69.67034486067097
1011.7800283718109,-69.6698111099906,-69.6698111099906
1011.7900283718109,-69.66930309494207,-69.66930309494207
1011.8000283718109,-69.66882074991958,-69.66882074991958
1011.8100283718109,-69.66836400909318,-69.66836400909318
1011.820028371811,-69.66793280639085,-69.66793280639085
1011.830028371811,-69.66752707552847,-69.66752707552847
1011.840028371811,-69.66714674998389,-69.66714674998389
1011.8500283718109,-69.66679176303488,-69.66679176303488
1011.8600283718109,-69.66646204775,-69.66646204775
1011.8700283718109,-69.66615753699183,-69.66615753699183
1011.8800283718109,-69.66587816343362,-69.66587816343362
1011.8900283718109,-69.66562385955325,-69.66562385955325
1011.9000283718109,-69.66539455765796,-69.66539455765796
1011.9100283718109,-69.6651901898616,-69.6651901898616
1011.9200283718109,-69.66501068810902,-69.66501068810902
1011.9300283718109,-69.66485598418065,-69.66485598418065
1011.940028371811,-69.66472600969597,-69.66472600969597
1011.950028371811,-69.66462069611957,-69.66462069611957
1011.960028371811,-69.66453997476167,-69.66453997476167
1011.9700283718109,-69.66448377678346,-69.66448377678346
1011.9800283718109,-69.66445203321034,-69.66445203321034
1011.9900283718109,-69.66444467492323,-69.66444467492323
1012.0000283718109,-69.66446163268458,-69.66446163268458
1012.0100283718109,-69.66450283712095,-69.66450283712095
1012.0200283718109,-69.66456821874564,-69.66456821874564
1012.0300283718109,-69.66465770794277,-69.66465770794277
1012.0400283718109,-69.66477123499318,-69.66477123499318
1012.0500283718109,-69.66490873006929,-69.66490873006929
1012.0600283718109,-69.66507012324551,-69.66507012324551
1012.070028371811,-69.66525534448077,-69.66525534448077
1012.080028371811,-69.66546432365952,-69.66546432365952
1012.090028371811,-69.66569699056407,-69.66569699056407
1012.1000283718109,-69.6659532748903,-69.6659532748903
1012.1100283718109,-69.66623310625948,-69.66623310625948
1012.1200283718109,-69.6665364142105,-69.6665364142105
1012.1300283718109,-69.66686312821157,-69.66686312821157
1012.1400283718109,-69.66721317765503,-69.66721317765503
1012.1500283718109,-69.66758649187634,-69.66758649187634
1012.1600283718109,-69.66798300014534,-69.66798300014534
1012.1700283718109,-69.66840263166829,-69.66840263166829
1012.1800283718109,-69.66884531560986,-69.66884531560986
1012.190028371811,-69.66931098107318,-69.66931098107318
1012.200028371811,-69.66979955712921,-69.66979955712921
1012.210028371811,-69.67031097277982,-69.67031097277982
1012.2200283718109,-69.6708451570152,-69.6708451570152
1012.2300283718109,-69.6714020387723,-69.6714020387723
1012.2400283718109,-69.67198154695566,-69.67198154695566
1012.2500283718109,-69.67258361044452,-69.67258361044452
1012.2600283718109,-69.67320815809424,-69.67320815809424
1012.2700283718109,-69.67385511873312,-69.67385511873312
1012.2800283718109,-69.67452442118005,-69.67452442118005
1012.2900283718109,-69.67521599421845,-69.67521599421845
1012.3000283718109,-69.67592976663141,-69.67592976663141
1012.3100283718109,-69.67666566719136,-69.67666566719136
1012.320028371811,-69.67742362466012,-69.67742362466012
1012.330028371811,-69.67820356779825,-69.67820356779825
1012.340028371811,-69.67900542536111,-69.67900542536111
1012.3500283956528,-69.67982912808112,-69.67982912808112
1012.3600283956528,-69.68067460085233,-69.68067460085233
1012.3700283956528,-69.68154177433645,-69.68154177433645
1012.3800283956527,-69.68243057731426,-69.68243057731426
1012.3900283956527,-69.68334093858816,-69.68334093858816
1012.4000283956527,-69.68427278696151,-69.68427278696151
1012.4100283956527,-69.6852260512606,-69.6852260512606
1012.4200283956528,-69.68620066034143,-69.68620066034143
1012.4300283956528,-69.68719654307455,-69.68719654307455
1012.4400283956528,-69.68821362835305,-69.68821362835305
1012.4500283956528,-69.68925184510312,-69.68925184510312
1012.4600283956528,-69.69031112227788,-69.69031112227788
1012.4700283956528,-69.69139138886722,-69.69139138886722
1012.4800283956528,-69.69249257389794,-69.69249257389794
1012.4900283956528,-69.69361460643151,-69.69361460643151
1012.5000283956527,-69.6947574155657,-69.6947574155657
1012.5100283956527,-69.69592093044149,-69.69592093044149
1012.5200283956527,-69.69710508025331,-69.69710508025331
1012.5300283956527,-69.69830979422845,-69.69830979422845
1012.5400283956528,-69.69953500165776,-69.69953500165776
1012.5500283956528,-69.70078063187478,-69.70078063187478
1012.5600283956528,-69.70204661426527,-69.70204661426527
1012.5700283956528,-69.70333287826227,-69.70333287826227
1012.5800283956528,-69.70463935338027,-69.70463935338027
1012.5900283956528,-69.70596596916336,-69.70596596916336
1012.6000283956528,-69.70731265523725,-69.70731265523725
1012.6100283956528,-69.70867934128015,-69.70867934128015
1012.6200283956528,-69.71006595704044,-69.71006595704044
1012.6300283956527,-69.71147243233753,-69.71147243233753
1012.6400283956527,-69.712898697041,-69.712898697041
1012.6500283956527,-69.714344681103,-69.714344681103
1012.6600283956527,-69.71581031455192,-69.71581031455192
1012.6700283956528,-69.71729552747813,-69.71729552747813
1012.6800283956528,-69.71880025006158,-69.71880025006158
1012.6900283956528,-69.72032441254393,-69.72032441254393
1012.7000283956528,-69.72186794525537,-69.72186794525537
1012.7100283956528,-69.72343077860613,-69.72343077860613
1012.7200283956528,-69.72501284307779,-69.72501284307779
1012.7300283956528,-69.72661406924928,-69.72661406924928
1012.7400283956528,-69.72823438777435,-69.72823438777435
1012.7500283956527,-69.72987372940219,-69.72987372940219
1012.7600283956527,-69.73153202496215,-69.73153202496215
1012.7700283956527,-69.7332092053747,-69.7332092053747
1012.7800283956527,-69.73490520164744,-69.73490520164744
1012.7900283956528,-69.73661994488523,-69.73661994488523
1012.8000283956528,-69.73835336629914,-69.73835336629914
1012.8100283956528,-69.74010539717354,-69.74010539717354
1012.8200283956528,-69.74187596889502,-69.74187596889502
1012.8300283956528,-69.74366501294404,-69.74366501294404
1012.8400283956528,-69.74547246091822,-69.74547246091822
1012.8500283956528,-69.74729824449574,-69.74729824449574
1012.8600283956528,-69.7491422954687,-69.7491422954687
1012.8700283956528,-69.75100454572105,-69.75100454572105
1012.8800283956527,-69.75288492724523,-69.75288492724523
1012.8900283956527,-69.75478337214206,-69.75478337214206
1012.9000283956527,-69.75669981261791,-69.75669981261791
1012.9100283956527,-69.7586341809855,-69.7586341809855
1012.9200283956528,-69.76058640965627,-69.76058640965627
1012.9300283956528,-69.76255643116919,-69.76255643116919
1012.9400283956528,-69.76454417815813,-69.76454417815813
1012.9500283956528,-69.7665495833795,-69.7665495833795
1012.9600283956528,-69.76857257968545,-69.76857257968545
1012.9700283956528,-69.77061310006339,-69.77061310006339
1012.9800283956528,-69.77267107760531,-69.77267107760531
1012.9900283956528,-69.77474644551701,-69.77474644551701
1013.0000283956527,-69.77683913712046,-69.77683913712046
1013.0100283956527,-69.7789490858592,-69.7789490858592
1013.0200283956527,-69.78107622529744,-69.78107622529744
1013.0300283956527,-69.7832204891076,-69.7832204891076
1013.0400283956528,-69.7853818110852,-69.7853818110852
1013.0500283956528,-69.78756012517123,-69.78756012517123
1013.0600283956528,-69.78975536538411,-69.78975536538411
1013.0700283956528,-69.7919674659042,-69.7919674659042
1013.0800283956528,-69.79419636101117,-69.79419636101117
1013.0900283956528,-69.79644198512213,-69.79644198512213
1013.1000283956528,-69.79870427277314,-69.79870427277314
1013.1100283956528,-69.8009831586346,-69.8009831586346
1013.1200283956528,-69.8032785774886,-69.8032785774886
1013.1300283956527,-69.80559046425279,-69.80559046425279
1013.1400283956527,-69.80791875397746,-69.80791875397746
1013.1500283956527,-69.8102633818384,-69.8102633818384
1013.1600283956527,-69.81262428314085,-69.81262428314085
1013.1700283956528,-69.8150013933061,-69.8150013933061
1013.1800283956528,-69.81739464791522,-69.81739464791522
1013.1900283956528,-69.81980398265317,-69.81980398265317
1013.2000284194946,-69.82222933913631,-69.82222933913631
1013.2100284194946,-69.82467064181688,-69.82467064181688
1013.2200284194946,-69.82712783250408,-69.82712783250408
1013.2300284194946,-69.8296008474326,-69.8296008474326
1013.2400284194946,-69.83208962296455,-69.83208962296455
1013.2500284194946,-69.83459409560224,-69.83459409560224
1013.2600284194946,-69.83711420197375,-69.83711420197375
1013.2700284194947,-69.839649878845,-69.839649878845
1013.2800284194947,-69.84220106313741,-69.84220106313741
1013.2900284194947,-69.84476769188008,-69.84476769188008
1013.3000284194947,-69.84734970225367,-69.84734970225367
1013.3100284194946,-69.84994703158186,-69.84994703158186
1013.3200284194946,-69.85255961732173,-69.85255961732173
1013.3300284194946,-69.85518739706944,-69.85518739706944
1013.3400284194946,-69.85783030855232,-69.85783030855232
1013.3500284194946,-69.86048828965745,-69.86048828965745
1013.3600284194946,-69.86316127839302,-69.86316127839302
1013.3700284194946,-69.86584921291852,-69.86584921291852
1013.3800284194946,-69.86855203152703,-69.86855203152703
1013.3900284194947,-69.87126967265066,-69.87126967265066
1013.4000284194947,-69.87400207488479,-69.87400207488479
1013.4100284194947,-69.87674917694484,-69.87674917694484
1013.4200284194947,-69.87951091769386,-69.87951091769386
1013.4300284194946,-69.88228723614196,-69.88228723614196
1013.4400284194946,-69.8850780714439,-69.8850780714439
1013.4500284194946,-69.88788336289296,-69.88788336289296
1013.4600284194946,-69.89070304992558,-69.89070304992558
1013.4700284194946,-69.89353707213029,-69.89353707213029
1013.4800284194946,-69.89638536922703,-69.89638536922703
1013.4900284194946,-69.89924788109232,-69.89924788109232
1013.5000284194946,-69.90212454775059,-69.90212454775059
1013.5100284194946,-69.9050153093624,-69.9050153093624
1013.5200284194947,-69.90792010621959,-69.90792010621959
1013.5300284194947,-69.91083887879707,-69.91083887879707
1013.5400284194947,-69.91377156768964,-69.91377156768964
1013.5500284194947,-69.91671811363871,-69.91671811363871
1013.5600284194946,-69.9196784575385,-69.9196784575385
1013.5700284194946,-69.92265254043423,-69.92265254043423
1013.5800284194946,-69.92564030351004,-69.92564030351004
1013.5900284194946,-69.92864168810883,-69.92864168810883
1013.6000284194946,-69.93165663569877,-69.93165663569877
1013.6100284194946,-69.93468508792067,-69.93468508792067
1013.6200284194946,-69.93772698653967,-69.93772698653967
1013.6300284194946,-69.94078227348655,-69.94078227348655
1013.6400284194947,-69.943850890833,-69.943850890833
1013.6500284194947,-69.94693278080238,-69.94693278080238
1013.6600284194947,-69.9500278857662,-69.9500278857662
1013.6700284194947,-69.95313614823388,-69.95313614823388
1013.6800284194946,-69.95625751088052,-69.95625751088052
1013.6900284194946,-69.95939191651273,-69.95939191651273
1013.7000284194946,-69.96253930810454,-69.96253930810454
1013.7100284194946,-69.96569962875455,-69.96569962875455
1013.7200284194946,-69.96887282174112,-69.96887282174112
1013.7300284194946,-69.97205883046448,-69.97205883046448
1013.7400284194946,-69.97525759848405,-69.97525759848405
1013.7500284194946,-69.97846906951295,-69.97846906951295
1013.7600284194946,-69.98169318740845,-69.98169318740845
1013.7700284194947,-69.98492989617534,-69.98492989617534
1013.7800284194947,-69.98817913998222,-69.98817913998222
1013.7900284194947,-69.9914408631237,-69.9914408631237
1013.8000284194947,-69.99471501006317,-69.99471501006317
1013.8100284194946,-69.99800152540718,-69.99800152540718
1013.8200284194946,-70.00130035390184,-70.00130035390184
1013.8300284194946,-70.00461144045967,-70.00461144045967
1013.8400284194946,-70.00793473013718,-70.00793473013718
1013.8500284194946,-70.01127016814117,-70.01127016814117
1013.8600284194946,-70.01461769981903,-70.01461769981903
1013.8700284194946,-70.01797727067547,-70.01797727067547
1013.8800284194946,-70.02134882636629,-70.02134882636629
1013.8900284194947,-70.02473231268837,-70.02473231268837
1013.9000284194947,-70.02812767561365,-70.02812767561365
1013.9100284194947,-70.03153486122429,-70.03153486122429
1013.9200284194947,-70.03495381578722,-70.03495381578722
1013.9300284194946,-70.03838448569068,-70.03838448569068
1013.9400284194946,-70.04182681749269,-70.04182681749269
1013.9500284194946,-70.04528075790029,-70.04528075790029
1013.9600284194946,-70.04874625375524,-70.04874625375524
1013.9700284194946,-70.05222325206526,-70.05222325206526
1013.9800284194946,-70.05571169997296,-70.05571169997296
1013.9900284194946,-70.0592115447805,-70.0592115447805
1014.0000284194946,-70.06272273393141,-70.06272273393141
1014.0100284194946,-70.06624521502765,-70.06624521502765
1014.0200284194947,-70.06977893581234,-70.06977893581234
1014.0300284194947,-70.07332384418817,-70.07332384418817
1014.0400284194947,-70.07687988818999,-70.07687988818999
1014.0500284433365,-70.08044702451052,-70.08044702451052
1014.0600284433365,-70.0840251845408,-70.0840251845408
1014.0700284433365,-70.0876143252165,-70.0876143252165
1014.0800284433365,-70.09121439517945,-70.09121439517945
1014.0900284433365,-70.09482534322797,-70.09482534322797
1014.1000284433364,-70.09844711828565,-70.09844711828565
1014.1100284433364,-70.10207966944253,-70.10207966944253
1014.1200284433365,-70.10572294592897,-70.10572294592897
1014.1300284433365,-70.1093768971406,-70.1093768971406
1014.1400284433365,-70.1130414725893,-70.1130414725893
1014.1500284433365,-70.11671662195513,-70.11671662195513
1014.1600284433365,-70.12040229506734,-70.12040229506734
1014.1700284433365,-70.12409844189544,-70.12409844189544
1014.1800284433365,-70.12780501255337,-70.12780501255337
1014.1900284433365,-70.13152195731253,-70.13152195731253
1014.2000284433365,-70.13524922657928,-70.13524922657928
1014.2100284433365,-70.13898677091919,-70.13898677091919
1014.2200284433364,-70.14273454104058,-70.14273454104058
1014.2300284433364,-70.14649248778393,-70.14649248778393
1014.2400284433365,-70.15026056216507,-70.15026056216507
1014.2500284433365,-70.15403871532645,-70.15403871532645
1014.2600284433365,-70.15782689855904,-70.15782689855904
1014.2700284433365,-70.16162506330551,-70.16162506330551
1014.2800284433365,-70.16543316113996,-70.16543316113996
1014.2900284433365,-70.16925114380129,-70.16925114380129
1014.3000284433365,-70.17307896315852,-70.17307896315852
1014.3100284433365,-70.1769165712402,-70.1769165712402
1014.3200284433365,-70.18076392021125,-70.18076392021125
1014.3300284433365,-70.18462096237953,-70.18462096237953
1014.3400284433365,-70.18848765020255,-70.18848765020255
1014.3500284433364,-70.1923639362771,-70.1923639362771
1014.3600284433364,-70.19624977335026,-70.19624977335026
1014.3700284433365,-70.20014511430833,-70.20014511430833
1014.3800284433365,-70.2040499121947,-70.2040499121947
1014.3900284433365,-70.20796412018142,-70.20796412018142
1014.4000284433365,-70.21188769158402,-70.21188769158402
1014.4100284433365,-70.21582057986625,-70.21582057986625
1014.4200284433365,-70.21976273864044,-70.21976273864044
1014.4300284433365,-70.22371412165818,-70.22371412165818
1014.4400284433365,-70.2276746828073,-70.2276746828073
1014.4500284433365,-70.23164437612523,-70.23164437612523
1014.4600284433365,-70.23561702927083,-70.23561702927083
1014.4700284433364,-70.2395899105854,-70.2395899105854
1014.4800284433364,-70.24356166475971,-70.24356166475971
1014.4900284433365,-70.24753157404467,-70.24753157404467
1014.5000284433365,-70.25149927619074,-70.25149927619074
1014.5100284433365,-70.25546461790108,-70.25546461790108
1014.5200284433365,-70.25942756888104,-70.25942756888104
1014.5300284433365,-70.26338817021623,-70.26338817021623
1014.5400284433365,-70.26734650330452,-70.26734650330452
1014.5500284433365,-70.27130267118075,-70.27130267118075
1014.5600284433365,-70.27525678740022,-70.27525678740022
1014.5700284433365,-70.27920896951134,-70.27920896951134
1014.5800284433365,-70.28315933529294,-70.28315933529294
1014.5900284433365,-70.28710800066386,-70.28710800066386
1014.6000284433364,-70.2910550786868,-70.2910550786868
1014.6100284433364,-70.29500067911668,-70.29500067911668
1014.6200284433365,-70.2989449083233,-70.2989449083233
1014.6300284433365,-70.3028878694488,-70.3028878694488
1014.6400284433365,-70.30682966259084,-70.30682966259084
1014.6500284433365,-70.31077038510514,-70.31077038510514
1014.6600284433365,-70.31471013185755,-70.31471013185755
1014.6700284433365,-70.31864899551222,-70.31864899551222
1014.6800284433365,-70.32258706673925,-70.32258706673925
1014.6900284433365,-70.32652443447708,-70.32652443447708
1014.7000284433365,-70.33046118607707,-70.33046118607707
1014.7100284433365,-70.33439740750245,-70.33439740750245
1014.7200284433364,-70.3383331834369,-70.3383331834369
1014.7300284433364,-70.3422685974111,-70.3422685974111
1014.7400284433365,-70.34620373191089,-70.34620373191089
1014.7500284433365,-70.35013866845388,-70.35013866845388
1014.7600284433365,-70.35407348764171,-70.35407348764171
1014.7700284433365,-70.3580082692134,-70.3580082692134
1014.7800284433365,-70.3619430920966,-70.3619430920966
1014.7900284433365,-70.36587803444863,-70.36587803444863
1014.8000284433365,-70.36981317365884,-70.36981317365884
1014.8100284433365,-70.3737485863716,-70.3737485863716
1014.8200284433365,-70.37768434851185,-70.37768434851185
1014.8300284433365,-70.38162053527282,-70.38162053527282
1014.8400284433365,-70.38555722115282,-70.38555722115282
1014.8500284433364,-70.38949447991422,-70.38949447991422
1014.8600284433364,-70.39343238461764,-70.39343238461764
1014.8700284433365,-70.3973710075981,-70.3973710075981
1014.8800284433365,-70.40131042047935,-70.40131042047935
1014.8900284433365,-70.40525069414596,-70.40525069414596
1014.9000284671783,-70.40919190814151,-70.40919190814151
1014.9100284671783,-70.41313411311593,-70.41313411311593
1014.9200284671783,-70.41707738710599,-70.41707738710599
1014.9300284671783,-70.42102179801714,-70.42102179801714
1014.9400284671783,-70.4249674129882,-70.4249674129882
1014.9500284671783,-70.42891429839567,-70.42891429839567
1014.9600284671783,-70.43286251982272,-70.43286251982272
1014.9700284671784,-70.43681214206646,-70.43681214206646
1014.9800284671784,-70.44076322913533,-70.44076322913533
1014.9900284671784,-70.44471584422705,-70.44471584422705
1015.0000284671784,-70.44867004973369,-70.44867004973369
1015.0100284671784,-70.45262590723011,-70.45262590723011
1015.0200284671783,-70.45658347747286,-70.45658347747286
1015.0300284671783,-70.46054282038247,-70.46054282038247
1015.0400284671783,-70.46450399505669,-70.46450399505669
1015.0500284671783,-70.4684670597616,-70.4684670597616
1015.0600284671783,-70.47243207191846,-70.47243207191846
1015.0700284671783,-70.47639908810983,-70.47639908810983
1015.0800284671783,-70.48036816406629,-70.48036816406629
1015.0900284671784,-70.4843393546719,-70.4843393546719
1015.1000284671784,-70.48831271396764,-70.48831271396764
1015.1100284671784,-70.4922882951344,-70.4922882951344
1015.1200284671784,-70.49626615051439,-70.49626615051439
1015.1300284671784,-70.50024633159157,-70.50024633159157
1015.1400284671784,-70.50422888898979,-70.50422888898979
1015.1500284671783,-70.50821387249202,-70.50821387249202
1015.1600284671783,-70.51220133102298,-70.51220133102298
1015.1700284671783,-70.51619131266035,-70.51619131266035
1015.1800284671783,-70.52018386463243,-70.52018386463243
1015.1900284671783,-70.52417903332801,-70.52417903332801
1015.2000284671783,-70.52817686428587,-70.52817686428587
1015.2100284671783,-70.53217740220407,-70.53217740220407
1015.2200284671784,-70.53618069094077,-70.53618069094077
1015.2300284671784,-70.54018677352812,-70.54018677352812
1015.2400284671784,-70.54419569215715,-70.54419569215715
1015.2500284671784,-70.54820748819613,-70.54820748819613
1015.2600284671784,-70.55222220218786,-70.55222220218786
1015.2700284671783,-70.55623987386089,-70.55623987386089
1015.2800284671783,-70.5602605421294,-70.5602605421294
1015.2900284671783,-70.56428424509957,-70.56428424509957
1015.3000284671783,-70.5683110200664,-70.5683110200664
1015.3100284671783,-70.57234090353712,-70.57234090353712
1015.3200284671783,-70.57637393122249,-70.57637393122249
1015.3300284671783,-70.58041013803911,-70.58041013803911
1015.3400284671784,-70.5844495581252,-70.5844495581252
1015.3500284671784,-70.58849222485786,-70.58849222485786
1015.3600284671784,-70.59253817082777,-70.59253817082777
1015.3700284671784,-70.59658742787283,-70.59658742787283
1015.3800284671784,-70.6006400270723,-70.6006400270723
1015.3900284671784,-70.60469599875411,-70.60469599875411
1015.4000284671783,-70.60875537250512,-70.60875537250512
1015.4100284671783,-70.61281817717759,-70.61281817717759
1015.4200284671783,-70.61688444089235,-70.61688444089235
1015.4300284671783,-70.62095419105859,-70.62095419105859
1015.4400284671783,-70.62502745435161,-70.62502745435161
1015.4500284671783,-70.62910425675832,-70.62910425675832
1015.4600284671783,-70.63318462355208,-70.63318462355208
1015.4700284671784,-70.63726857932272,-70.63726857932272
1015.4800284671784,-70.64135614796918,-70.64135614796918
1015.4900284671784,-70.64544735271451,-70.64544735271451
1015.5000284671784,-70.64954221611555,-70.64954221611555
1015.5100284671784,-70.65364076004892,-70.65364076004892
1015.5200284671783,-70.65774300575437,-70.65774300575437
1015.5300284671783,-70.661848973815,-70.661848973815
1015.5400284671783,-70.66595868416704,-70.66595868416704
1015.5500284671783,-70.67007215613215,-70.67007215613215
1015.5600284671783,-70.67418940839181,-70.67418940839181
1015.5700284671783,-70.67831045900824,-70.67831045900824
1015.5800284671783,-70.68243532543305,-70.68243532543305
1015.5900284671784,-70.68656402452034,-70.68656402452034
1015.6000284671784,-70.6906965725346,-70.6906965725346
1015.6100284671784,-70.69483298514052,-70.69483298514052
1015.6200284671784,-70.69897327742076,-70.69897327742076
1015.6300284671784,-70.70311746389993,-70.70311746389993
1015.6400284671784,-70.7072655585227,-70.7072655585227
1015.6500284671783,-70.71141757467521,-70.71141757467521
1015.6600284671783,-70.7155735252012,-70.7155735252012
1015.6700284671783,-70.71973342240017,-70.71973342240017
1015.6800284671783,-70.72389727802747,-70.72389727802747
1015.6900284671783,-70.72806510331439,-70.72806510331439
1015.7000284671783,-70.73223690897018,-70.73223690897018
1015.7100284671783,-70.73641270519084,-70.73641270519084
1015.7200284671784,-70.74059250166356,-70.74059250166356
1015.7300284671784,-70.74477630757563,-70.74477630757563
1015.7400284671784,-70.74896413162732,-70.74896413162732
1015.7500284910202,-70.7531559920078,-70.7531559920078
1015.7600284910202,-70.75735187649445,-70.75735187649445
1015.7700284910202,-70.7615518023006,-70.7615518023006
1015.7800284910202,-70.76575577621766,-70.76575577621766
1015.7900284910202,-70.76996380458685,-70.76996380458685
1015.8000284910202,-70.7741758932804,-70.7741758932804
1015.8100284910201,-70.7783920477359,-70.7783920477359
1015.8200284910203,-70.78261227294755,-70.78261227294755
1015.8300284910202,-70.78683657349076,-70.78683657349076
1015.8400284910202,-70.79106495349075,-70.79106495349075
1015.8500284910202,-70.79529741667402,-70.79529741667402
1015.8600284910202,-70.7995339663454,-70.7995339663454
1015.8700284910202,-70.80377460540058,-70.80377460540058
1015.8800284910202,-70.80801933633784,-70.80801933633784
1015.8900284910202,-70.81226816127011,-70.81226816127011
1015.9000284910202,-70.81652108191278,-70.81652108191278
1015.9100284910202,-70.82077809959866,-70.82077809959866
1015.9200284910202,-70.82503921529312,-70.82503921529312
1015.9300284910202,-70.82930442958649,-70.82930442958649
1015.9400284910203,-70.83357374268914,-70.83357374268914
1015.9500284910202,-70.83784715448826,-70.83784715448826
1015.9600284910202,-70.84212466449564,-70.84212466449564
1015.9700284910202,-70.846406271885,-70.846406271885
1015.9800284910202,-70.85069197547057,-70.85069197547057
1015.9900284910202,-70.85498177375841,-70.85498177375841
1016.0000284910202,-70.8592756649041,-70.8592756649041
1016.0100284910202,-70.8635736467482,-70.8635736467482
1016.0200284910202,-70.86787571681587,-70.86787571681587
1016.0300284910202,-70.87218187230017,-70.87218187230017
1016.0400284910202,-70.8764921101101,-70.8764921101101
1016.0500284910202,-70.88080642683269,-70.88080642683269
1016.0600284910201,-70.88512481876454,-70.88512481876454
1016.0700284910203,-70.88944728190191,-70.88944728190191
1016.0800284910202,-70.89377381197517,-70.89377381197517
1016.0900284910202,-70.89810440439494,-70.89810440439494
1016.1000284910202,-70.9024390543252,-70.9024390543252
1016.1100284910202,-70.90677775663559,-70.90677775663559
1016.1200284910202,-70.911120505946,-70.911120505946
1016.1300284910202,-70.91546729659503,-70.91546729659503
1016.1400284910202,-70.91981812267214,-70.91981812267214
1016.1500284910202,-70.92417297800952,-70.92417297800952
1016.1600284910202,-70.92853185617871,-70.92853185617871
1016.1700284910202,-70.93289475052265,-70.93289475052265
1016.1800284910202,-70.93726165413325,-70.93726165413325
1016.1900284910203,-70.94163255985372,-70.94163255985372
1016.2000284910202,-70.94600746032499,-70.94600746032499
1016.2100284910202,-70.95038634793472,-70.95038634793472
1016.2200284910202,-70.95476921485479,-70.95476921485479
1016.2300284910202,-70.95915605302977,-70.95915605302977
1016.2400284910202,-70.96354685418682,-70.96354685418682
1016.2500284910202,-70.96794160985687,-70.96794160985687
1016.2600284910202,-70.97234031134104,-70.97234031134104
1016.2700284910202,-70.9767429497526,-70.9767429497526
1016.2800284910202,-70.98114951599408,-70.98114951599408
1016.2900284910202,-70.98556000077738,-70.98556000077738
1016.3000284910202,-70.98997439462363,-70.98997439462363
1016.3100284910201,-70.99439268784802,-70.99439268784802
1016.3200284910203,-70.99881487058842,-70.99881487058842
1016.3300284910202,-71.0032409328187,-71.0032409328187
1016.3400284910202,-71.0076708643062,-71.0076708643062
1016.3500284910202,-71.01210465465721,-71.01210465465721
1016.3600284910202,-71.016542293307,-71.016542293307
1016.3700284910202,-71.02098376952146,-71.02098376952146
1016.3800284910202,-71.02542907239493,-71.02542907239493
1016.3900284910202,-71.02987819085685,-71.02987819085685
1016.4000284910202,-71.03433111369047,-71.03433111369047
1016.4100284910202,-71.03878782952326,-71.03878782952326
1016.4200284910202,-71.04324832681299,-71.04324832681299
1016.4300284910202,-71.0477125938903,-71.0477125938903
1016.4400284910203,-71.05218061892562,-71.05218061892562
1016.4500284910202,-71.05665238995691,-71.05665238995691
1016.4600284910202,-71.0611216948694,-71.0611216948694
1016.4700284910202,-71.06558580184813,-71.06558580184813
1016.4800284910202,-71.07004337099514,-71.07004337099514
1016.4900284910202,-71.0744937069507,-71.0744937069507
1016.5000284910202,-71.07893647362674,-71.07893647362674
1016.5100284910202,-71.08337154599094,-71.08337154599094
1016.5200284910202,-71.08779892322119,-71.08779892322119
1016.5300284910202,-71.09221867652649,-71.09221867652649
1016.5400284910202,-71.09663091774982,-71.09663091774982
1016.5500284910202,-71.10103578052954,-71.10103578052954
1016.5600284910201,-71.10543340905906,-71.10543340905906
1016.5700284910203,-71.10982395147421,-71.10982395147421
1016.5800284910202,-71.11420755605748,-71.11420755605748
1016.5900284910202,-71.11858436912941,-71.11858436912941
1016.6000285148621,-71.12295454444181,-71.12295454444181
1016.610028514862,-71.12731820105066,-71.12731820105066
1016.620028514862,-71.13167548575174,-71.13167548575174
1016.630028514862,-71.13602653152465,-71.13602653152465
1016.640028514862,-71.14037146816881,-71.14037146816881
1016.650028514862,-71.14471042257281,-71.14471042257281
1016.660028514862,-71.14904351899247,-71.14904351899247
1016.6700285148621,-71.15337087930334,-71.15337087930334
1016.6800285148621,-71.15769262326307,-71.15769262326307
1016.6900285148621,-71.1620088686848,-71.1620088686848
1016.7000285148621,-71.1663197316722,-71.1663197316722
1016.7100285148621,-71.17062532675267,-71.17062532675267
1016.7200285148621,-71.17492576702699,-71.17492576702699
1016.730028514862,-71.17922116427374,-71.17922116427374
1016.740028514862,-71.18351162906015,-71.18351162906015
1016.750028514862,-71.18779727079932,-71.18779727079932
1016.760028514862,-71.19207819784864,-71.19207819784864
1016.770028514862,-71.1963545175282,-71.1963545175282
1016.780028514862,-71.2006263361723,-71.2006263361723
1016.7900285148621,-71.20489375916729,-71.20489375916729
1016.8000285148621,-71.20915689098359,-71.20915689098359
1016.8100285148621,-71.21341583516929,-71.21341583516929
1016.8200285148621,-71.2176706943743,-71.2176706943743
1016.8300285148621,-71.22192157037559,-71.22192157037559
1016.8400285148621,-71.22616856405425,-71.22616856405425
1016.8500285148621,-71.2304117754022,-71.2304117754022
1016.860028514862,-71.23465130355186,-71.23465130355186
1016.870028514862,-71.23888724673284,-71.23888724673284
1016.880028514862,-71.24311970228734,-71.24311970228734
1016.890028514862,-71.2473487666706,-71.2473487666706
1016.900028514862,-71.25157453542886,-71.25157453542886
1016.910028514862,-71.25579710321192,-71.25579710321192
1016.9200285148621,-71.2600165637291,-71.2600165637291
1016.9300285148621,-71.26423300981448,-71.26423300981448
1016.9400285148621,-71.26844653332229,-71.26844653332229
1016.9500285148621,-71.27265722520296,-71.27265722520296
1016.9600285148621,-71.27686517545155,-71.27686517545155
1016.9700285148621,-71.28107047311656,-71.28107047311656
1016.980028514862,-71.28527320629487,-71.28527320629487
1016.990028514862,-71.28947346210451,-71.28947346210451
1017.000028514862,-71.29367132670733,-71.29367132670733
1017.010028514862,-71.29786688528382,-71.29786688528382
1017.020028514862,-71.3020602220481,-71.3020602220481
1017.030028514862,-71.30625142022326,-71.30625142022326
1017.0400285148621,-71.31044056203703,-71.31044056203703
1017.0500285148621,-71.31462772873846,-71.31462772873846
1017.0600285148621,-71.31881300058132,-71.31881300058132
1017.0700285148621,-71.3229964568107,-71.3229964568107
1017.0800285148621,-71.32717817568914,-71.32717817568914
1017.0900285148621,-71.33135823447414,-71.33135823447414
1017.1000285148621,-71.33553670942219,-71.33553670942219
1017.110028514862,-71.33971367578835,-71.33971367578835
1017.120028514862,-71.34388920782591,-71.34388920782591
1017.130028514862,-71.3480633787871,-71.3480633787871
1017.140028514862,-71.35223626093872,-71.35223626093872
1017.150028514862,-71.35640792553156,-71.35640792553156
1017.160028514862,-71.36057844282118,-71.36057844282118
1017.1700285148621,-71.36474788207761,-71.36474788207761
1017.1800285148621,-71.36891631158564,-71.36891631158564
1017.1900285148621,-71.37308379863035,-71.37308379863035
1017.2000285148621,-71.37725040951338,-71.37725040951338
1017.2100285148621,-71.38141620955128,-71.38141620955128
1017.2200285148621,-71.38558126309893,-71.38558126309893
1017.230028514862,-71.38974563351444,-71.38974563351444
1017.240028514862,-71.39390938320786,-71.39390938320786
1017.250028514862,-71.39807257361468,-71.39807257361468
1017.260028514862,-71.40223526521719,-71.40223526521719
1017.270028514862,-71.40639751753979,-71.40639751753979
1017.280028514862,-71.41055938916277,-71.41055938916277
1017.2900285148621,-71.41472093772236,-71.41472093772236
1017.3000285148621,-71.41888221992828,-71.41888221992828
1017.3100285148621,-71.4230432915527,-71.4230432915527
1017.3200285148621,-71.42720420744071,-71.42720420744071
1017.3300285148621,-71.43136502153372,-71.43136502153372
1017.3400285148621,-71.43552578685647,-71.43552578685647
1017.3500285148621,-71.43968655553643,-71.43968655553643
1017.360028514862,-71.44384737880432,-71.44384737880432
1017.370028514862,-71.44800830700375,-71.44800830700375
1017.380028514862,-71.45216938958961,-71.45216938958961
1017.390028514862,-71.45633067516283,-71.45633067516283
1017.400028514862,-71.46049221144212,-71.46049221144212
1017.410028514862,-71.46465404530016,-71.46465404530016
1017.4200285148621,-71.46881622275176,-71.46881622275176
1017.4300285148621,-71.4729787889908,-71.4729787889908
1017.4400285148621,-71.47714178835112,-71.47714178835112
1017.4500285387039,-71.48130527426791,-71.48130527426791
1017.4600285387039,-71.48546926963711,-71.48546926963711
1017.4700285387039,-71.48963382625031,-71.48963382625031
1017.4800285387039,-71.49379898520655,-71.49379898520655
1017.4900285387039,-71.49796478680753,-71.49796478680753
1017.5000285387039,-71.50213127057938,-71.50213127057938
1017.5100285387039,-71.50629847526746,-71.50629847526746
1017.520028538704,-71.51046643884193,-71.51046643884193
1017.530028538704,-71.5146351985291,-71.5146351985291
1017.540028538704,-71.51880479079844,-71.51880479079844
1017.5500285387039,-71.52297525137256,-71.52297525137256
1017.5600285387039,-71.52714661525171,-71.52714661525171
1017.5700285387039,-71.53131891670192,-71.53131891670192
1017.5800285387039,-71.53549218928396,-71.53549218928396
1017.5900285387039,-71.53966646583746,-71.53966646583746
1017.6000285387039,-71.54384177850787,-71.54384177850787
1017.6100285387039,-71.5480181587416,-71.5480181587416
1017.6200285387039,-71.55219563732025,-71.55219563732025
1017.6300285387039,-71.5563742443363,-71.5563742443363
1017.640028538704,-71.56055400922025,-71.56055400922025
1017.650028538704,-71.56473496074346,-71.56473496074346
1017.660028538704,-71.56891712701986,-71.56891712701986
1017.670028538704,-71.5731005355372,-71.5731005355372
1017.6800285387039,-71.5772852131339,-71.5772852131339
1017.6900285387039,-71.58147118602896,-71.58147118602896
1017.7000285387039,-71.5856584798329,-71.5856584798329
1017.7100285387039,-71.58984711952706,-71.58984711952706
1017.7200285387039,-71.5940371295052,-71.5940371295052
1017.7300285387039,-71.59822853356671,-71.59822853356671
1017.7400285387039,-71.60242135491279,-71.60242135491279
1017.7500285387039,-71.60661561618205,-71.60661561618205
1017.7600285387039,-71.61081133942693,-71.61081133942693
1017.770028538704,-71.61500854614133,-71.61500854614133
1017.780028538704,-71.61920725728258,-71.61920725728258
1017.790028538704,-71.62340749323003,-71.62340749323003
1017.8000285387039,-71.62760927384676,-71.62760927384676
1017.8100285387039,-71.63181261844967,-71.63181261844967
1017.8200285387039,-71.6360175458287,-71.6360175458287
1017.8300285387039,-71.64022407426205,-71.64022407426205
1017.8400285387039,-71.64443222151615,-71.64443222151615
1017.8500285387039,-71.64864200484378,-71.64864200484378
1017.8600285387039,-71.65285344101224,-71.65285344101224
1017.8700285387039,-71.65706654629493,-71.65706654629493
1017.8800285387039,-71.66128133648114,-71.66128133648114
1017.890028538704,-71.66549782688473,-71.66549782688473
1017.900028538704,-71.66971603235403,-71.66971603235403
1017.910028538704,-71.6739359672648,-71.6739359672648
1017.920028538704,-71.67815764554348,-71.67815764554348
1017.9300285387039,-71.68238108066714,-71.68238108066714
1017.9400285387039,-71.6866062856687,-71.6866062856687
1017.9500285387039,-71.69083327314094,-71.69083327314094
1017.9600285387039,-71.6950557998243,-71.6950557998243
1017.9700285387039,-71.69927113354855,-71.69927113354855
1017.9800285387039,-71.70347794608918,-71.70347794608918
1017.9900285387039,-71.7076755591583,-71.7076755591583
1018.0000285387039,-71.71186365655593,-71.71186365655593
1018.0100285387039,-71.71604213471466,-71.71604213471466
1018.020028538704,-71.72021101509365,-71.72021101509365
1018.030028538704,-71.72437039156468,-71.72437039156468
1018.040028538704,-71.72852039874192,-71.72852039874192
1018.0500285387039,-71.73266119299028,-71.73266119299028
1018.0600285387039,-71.73679294110481,-71.73679294110481
1018.0700285387039,-71.74091581363656,-71.74091581363656
1018.0800285387039,-71.74502998106202,-71.74502998106202
1018.0900285387039,-71.749135611679,-71.749135611679
1018.1000285387039,-71.75323287055856,-71.75323287055856
1018.1100285387039,-71.75732191907682,-71.75732191907682
1018.1200285387039,-71.76140291485466,-71.76140291485466
1018.1300285387039,-71.7654760118792,-71.7654760118792
1018.140028538704,-71.76954136071299,-71.76954136071299
1018.150028538704,-71.77359910878762,-71.77359910878762
1018.160028538704,-71.77764940066342,-71.77764940066342
1018.170028538704,-71.781692378297,-71.781692378297
1018.1800285387039,-71.78572818128735,-71.78572818128735
1018.1900285387039,-71.7897569470952,-71.7897569470952
1018.2000285387039,-71.79377881123439,-71.79377881123439
1018.2100285387039,-71.79778764352861,-71.79778764352861
1018.2200285387039,-71.80178082879776,-71.80178082879776
1018.2300285387039,-71.80575715673218,-71.80575715673218
1018.2400285387039,-71.809716066867,-71.809716066867
1018.2500285387039,-71.8136573604235,-71.8136573604235
1018.2600285387039,-71.8175810506894,-71.8175810506894
1018.270028538704,-71.82148727533462,-71.82148727533462
1018.280028538704,-71.82537624378918,-71.82537624378918
1018.290028538704,-71.82924820552047,-71.82924820552047
1018.3000285625458,-71.83310344023745,-71.83310344023745
1018.3100285625458,-71.8369422098056,-71.8369422098056
1018.3200285625458,-71.84076480677307,-71.84076480677307
1018.3300285625457,-71.84457151369658,-71.84457151369658
1018.3400285625457,-71.84836261023466,-71.84836261023466
1018.3500285625457,-71.85213837210979,-71.85213837210979
1018.3600285625457,-71.85589907063984,-71.85589907063984
1018.3700285625458,-71.8596449726555,-71.8596449726555
1018.3800285625458,-71.86337634063034,-71.86337634063034
1018.3900285625458,-71.86709343286765,-71.86709343286765
1018.4000285625458,-71.87079650376924,-71.87079650376924
1018.4100285625458,-71.87448580411952,-71.87448580411952
1018.4200285625458,-71.8781615813008,-71.8781615813008
1018.4300285625458,-71.88182407956965,-71.88182407956965
1018.4400285625458,-71.8854735402353,-71.8854735402353
1018.4500285625458,-71.8891102018556,-71.8891102018556
1018.4600285625457,-71.89273430036332,-71.89273430036332
1018.4700285625457,-71.89634606922392,-71.89634606922392
1018.4800285625457,-71.89994573954338,-71.89994573954338
1018.4900285625458,-71.90353354013602,-71.90353354013602
1018.5000285625458,-71.9071096976203,-71.9071096976203
1018.5100285625458,-71.9106744364554,-71.9106744364554
1018.5200285625458,-71.91422797899708,-71.91422797899708
1018.5300285625458,-71.91777054553418,-71.91777054553418
1018.5400285625458,-71.92130235431128,-71.92130235431128
1018.5500285625458,-71.92482362156005,-71.92482362156005
1018.5600285625458,-71.92833456149059,-71.92833456149059
1018.5700285625458,-71.93183538632638,-71.93183538632638
1018.5800285625457,-71.93532630628498,-71.93532630628498
1018.5900285625457,-71.93880752960489,-71.93880752960489
1018.6000285625457,-71.94227926252093,-71.94227926252093
1018.6100285625457,-71.94574170929923,-71.94574170929923
1018.6200285625458,-71.94919507217499,-71.94919507217499
1018.6300285625458,-71.95263955141174,-71.95263955141174
1018.6400285625458,-71.95607534524797,-71.95607534524797
1018.6500285625458,-71.95950264992084,-71.95950264992084
1018.6600285625458,-71.96292165965072,-71.96292165965072
1018.6700285625458,-71.9663325666297,-71.9663325666297
1018.6800285625458,-71.96973556103855,-71.96973556103855
1018.6900285625458,-71.97313083100515,-71.97313083100515
1018.7000285625458,-71.97651856263651,-71.97651856263651
1018.7100285625457,-71.97989893999316,-71.97989893999316
1018.7200285625457,-71.98327214509858,-71.98327214509858
1018.7300285625457,-71.98663835792865,-71.98663835792865
1018.7400285625458,-71.9899977564097,-71.9899977564097
1018.7500285625458,-71.99335051642713,-71.99335051642713
1018.7600285625458,-71.99669681181459,-71.99669681181459
1018.7700285625458,-72.00003681435386,-72.00003681435386
1018.7800285625458,-72.00337069378062,-72.00337069378062
1018.7900285625458,-72.00669861779889,-72.00669861779889
1018.8000285625458,-72.0100207520534,-72.0100207520534
1018.8100285625458,-72.01333726016193,-72.01333726016193
1018.8200285625458,-72.01664830371615,-72.01664830371615
1018.8300285625457,-72.01995404225752,-72.01995404225752
1018.8400285625457,-72.02325463332711,-72.02325463332711
1018.8500285625457,-72.02655023242785,-72.02655023242785
1018.8600285625457,-72.0298409930691,-72.0298409930691
1018.8700285625458,-72.03312706675418,-72.03312706675418
1018.8800285625458,-72.03640860299589,-72.03640860299589
1018.8900285625458,-72.03968574931021,-72.03968574931021
1018.9000285625458,-72.042958651248,-72.042958651248
1018.9100285625458,-72.04622745239193,-72.04622745239193
1018.9200285625458,-72.04949229437416,-72.04949229437416
1018.9300285625458,-72.05275331686822,-72.05275331686822
1018.9400285625458,-72.0560106576315,-72.0560106576315
1018.9500285625458,-72.05926445249116,-72.05926445249116
1018.9600285625457,-72.06251483536418,-72.06251483536418
1018.9700285625457,-72.06576193827797,-72.06576193827797
1018.9800285625457,-72.0690058913815,-72.0690058913815
1018.9900285625458,-72.07224682293625,-72.07224682293625
1019.0000285625458,-72.07548485936464,-72.07548485936464
1019.0100285625458,-72.07872012523381,-72.07872012523381
1019.0200285625458,-72.08195274329411,-72.08195274329411
1019.0300285625458,-72.08518283447678,-72.08518283447678
1019.0400285625458,-72.0884105179174,-72.0884105179174
1019.0500285625458,-72.09163591097517,-72.09163591097517
1019.0600285625458,-72.09485912922732,-72.09485912922732
1019.0700285625458,-72.09808028650127,-72.09808028650127
1019.0800285625457,-72.10129949489621,-72.10129949489621
1019.0900285625457,-72.10451686478642,-72.10451686478642
1019.1000285625457,-72.10773250483736,-72.10773250483736
1019.1100285625457,-72.11094652202915,-72.11094652202915
1019.1200285625458,-72.11415902166782,-72.11415902166782
1019.1300285625458,-72.11737010740802,-72.11737010740802
1019.1400285625458,-72.1205798812488,-72.1205798812488
1019.1500285863876,-72.12378845122659,-72.12378845122659
1019.1600285863876,-72.12699590083764,-72.12699590083764
1019.1700285863876,-72.13020233490859,-72.13020233490859
1019.1800285863876,-72.13340784906102,-72.13340784906102
1019.1900285863876,-72.13661253734394,-72.13661253734394
1019.2000285863876,-72.13981649227284,-72.13981649227284
1019.2100285863876,-72.14301980484792,-72.14301980484792
1019.2200285863877,-72.14622256455102,-72.14622256455102
1019.2300285863877,-72.14942485938244,-72.14942485938244
1019.2400285863877,-72.15262677585548,-72.15262677585548
1019.2500285863877,-72.15582839904017,-72.15582839904017
1019.2600285863876,-72.15902981255799,-72.15902981255799
1019.2700285863876,-72.16223109861279,-72.16223109861279
1019.2800285863876,-72.16543233799354,-72.16543233799354
1019.2900285863876,-72.16863361010095,-72.16863361010095
1019.3000285863876,-72.17183499296127,-72.17183499296127
1019.3100285863876,-72.17503656324351,-72.17503656324351
1019.3200285863876,-72.17823839627667,-72.17823839627667
1019.3300285863876,-72.18144056605216,-72.18144056605216
1019.3400285863877,-72.18464314526578,-72.18464314526578
1019.3500285863877,-72.18784620531744,-72.18784620531744
1019.3600285863877,-72.19104981632884,-72.19104981632884
1019.3700285863877,-72.19425404715274,-72.19425404715274
1019.3800285863877,-72.19745896539857,-72.19745896539857
1019.3900285863876,-72.20066463744683,-72.20066463744683
1019.4000285863876,-72.20387112846359,-72.20387112846359
1019.4100285863876,-72.20707850242034,-72.20707850242034
1019.4200285863876,-72.21028682208438,-72.21028682208438
1019.4300285863876,-72.21349614908553,-72.21349614908553
1019.4400285863876,-72.21670654387236,-72.21670654387236
1019.4500285863876,-72.21991806577141,-72.21991806577141
1019.4600285863876,-72.22313077297255,-72.22313077297255
1019.4700285863877,-72.22634472255625,-72.22634472255625
1019.4800285863877,-72.22955997052782,-72.22955997052782
1019.4900285863877,-72.23277657178662,-72.23277657178662
1019.5000285863877,-72.23599458018033,-72.23599458018033
1019.5100285863876,-72.2392140485053,-72.2392140485053
1019.5200285863876,-72.24243502850881,-72.24243502850881
1019.5300285863876,-72.24565757092526,-72.24565757092526
1019.5400285863876,-72.2488817254766,-72.2488817254766
1019.5500285863876,-72.25210754088192,-72.25210754088192
1019.5600285863876,-72.25533506488902,-72.25533506488902
1019.5700285863876,-72.25856434426261,-72.25856434426261
1019.5800285863876,-72.26179542482011,-72.26179542482011
1019.5900285863877,-72.26502835143143,-72.26502835143143
1019.6000285863877,-72.26826316804588,-72.26826316804588
1019.6100285863877,-72.27149991767453,-72.27149991767453
1019.6200285863877,-72.27473864245071,-72.27473864245071
1019.6300285863877,-72.27797938358951,-72.27797938358951
1019.6400285863876,-72.28122218145154,-72.28122218145154
1019.6500285863876,-72.28446707551204,-72.28446707551204
1019.6600285863876,-72.28771410439334,-72.28771410439334
1019.6700285863876,-72.29096330587979,-72.29096330587979
1019.6800285863876,-72.29421471691938,-72.29421471691938
1019.6900285863876,-72.29746837364694,-72.29746837364694
1019.7000285863876,-72.3007243113844,-72.3007243113844
1019.7100285863876,-72.3039825646579,-72.3039825646579
1019.7200285863877,-72.3072431672086,-72.3072431672086
1019.7300285863877,-72.3105061520004,-72.3105061520004
1019.7400285863877,-72.31377155124396,-72.31377155124396
1019.7500285863877,-72.3170393963831,-72.3170393963831
1019.7600285863876,-72.32030971813352,-72.32030971813352
1019.7700285863876,-72.32358254647987,-72.32358254647987
1019.7800285863876,-72.32685791067016,-72.32685791067016
1019.7900285863876,-72.33013583926721,-72.33013583926721
1019.8000285863876,-72.33341636011778,-72.33341636011778
1019.8100285863876,-72.33669950039229,-72.33669950039229
1019.8200285863876,-72.33998528656068,-72.33998528656068
1019.8300285863876,-72.34327374444537,-72.34327374444537
1019.8400285863877,-72.34656489920144,-72.34656489920144
1019.8500285863877,-72.34985877532962,-72.34985877532962
1019.8600285863877,-72.35315539669715,-72.35315539669715
1019.8700285863877,-72.35645478653802,-72.35645478653802
1019.8800285863877,-72.35975696745773,-72.35975696745773
1019.8900285863876,-72.36306196146538,-72.36306196146538
1019.9000285863876,-72.36636978995007,-72.36636978995007
1019.9100285863876,-72.36968047371417,-72.36968047371417
1019.9200285863876,-72.37299403298229,-72.37299403298229
1019.9300285863876,-72.3763104873829,-72.3763104873829
1019.9400285863876,-72.37962985599071,-72.37962985599071
1019.9500285863876,-72.38295215732525,-72.38295215732525
1019.9600285863876,-72.38627740933504,-72.38627740933504
1019.9700285863877,-72.38960562943625,-72.38960562943625
1019.9800285863877,-72.3929368345189,-72.3929368345189
1019.9900285863877,-72.3962710409313,-72.3962710409313
1020.0000286102295,-72.39960827245253,-72.39960827245253
1020.0100286102295,-72.40294852853708,-72.40294852853708
1020.0200286102295,-72.40629183191828,-72.40629183191828
1020.0300286102295,-72.40963819693536,-72.40963819693536
1020.0400286102295,-72.4129876374185,-72.4129876374185
1020.0500286102294,-72.41634016672148,-72.41634016672148
1020.0600286102294,-72.41969579772397,-72.41969579772397
1020.0700286102295,-72.42305454283425,-72.42305454283425
1020.0800286102295,-72.42641641401724,-72.42641641401724
1020.0900286102295,-72.42978142277057,-72.42978142277057
1020.1000286102295,-72.43314958015016,-72.43314958015016
1020.1100286102295,-72.43652089676424,-72.43652089676424
1020.1200286102295,-72.43989538280235,-72.43989538280235
1020.1300286102295,-72.44327304802991,-72.44327304802991
1020.1400286102295,-72.44665390178923,-72.44665390178923
1020.1500286102295,-72.45003795299215,-72.45003795299215
1020.1600286102295,-72.45342521017005,-72.45342521017005
1020.1700286102295,-72.45681568144622,-72.45681568144622
1020.1800286102294,-72.46020937454537,-72.46020937454537
1020.1900286102295,-72.4636062968042,-72.4636062968042
1020.2000286102295,-72.46700645519095,-72.46700645519095
1020.2100286102295,-72.47040985627916,-72.47040985627916
1020.2200286102295,-72.47381650628712,-72.47381650628712
1020.2300286102295,-72.47722641106316,-72.47722641106316
1020.2400286102295,-72.48063957609828,-72.48063957609828
1020.2500286102295,-72.48405600653213,-72.48405600653213
1020.2600286102295,-72.48747570715749,-72.48747570715749
1020.2700286102295,-72.49089868241491,-72.49089868241491
1020.2800286102295,-72.49432493642102,-72.49432493642102
1020.2900286102295,-72.49775447296142,-72.49775447296142
1020.3000286102294,-72.50118729549041,-72.50118729549041
1020.3100286102294,-72.5046234071463,-72.5046234071463
1020.3200286102295,-72.50806281073667,-72.50806281073667
1020.3300286102295,-72.51150550878064,-72.51150550878064
1020.3400286102295,-72.5149515034803,-72.5149515034803
1020.3500286102295,-72.51840079673882,-72.51840079673882
1020.3600286102295,-72.52185339015391,-72.52185339015391
1020.3700286102295,-72.52530928505041,-72.52530928505041
1020.3800286102295,-72.52876848245468,-72.52876848245468
1020.3900286102295,-72.53223098310713,-72.53223098310713
1020.4000286102295,-72.53569678748612,-72.53569678748612
1020.4100286102295,-72.53916589577967,-72.53916589577967
1020.4200286102295,-72.54263830791952,-72.54263830791952
1020.4300286102294,-72.54611402356875,-72.54611402356875
1020.4400286102295,-72.54959304212329,-72.54959304212329
1020.4500286102295,-72.55307536273963,-72.55307536273963
1020.4600286102295,-72.5565609843167,-72.5565609843167
1020.4700286102295,-72.56004990549292,-72.56004990549292
1020.4800286102295,-72.56354212467767,-72.56354212467767
1020.4900286102295,-72.56703764003633,-72.56703764003633
1020.5000286102295,-72.57053644949933,-72.57053644949933
1020.5100286102295,-72.57403855076251,-72.57403855076251
1020.5200286102295,-72.5775439413021,-72.5775439413021
1020.5300286102295,-72.58105261835684,-72.58105261835684
1020.5400286102295,-72.58456457896163,-72.58456457896163
1020.5500286102294,-72.5880798199225,-72.5880798199225
1020.5600286102294,-72.5915983378309,-72.5915983378309
1020.5700286102295,-72.59512012908128,-72.59512012908128
1020.5800286102295,-72.5986451898514,-72.5986451898514
1020.5900286102295,-72.60217351612462,-72.60217351612462
1020.6000286102295,-72.605705103676,-72.605705103676
1020.6100286102295,-72.60923994808783,-72.60923994808783
1020.6200286102295,-72.6127780447584,-72.6127780447584
1020.6300286102295,-72.61631938888809,-72.61631938888809
1020.6400286102295,-72.61986397549558,-72.61986397549558
1020.6500286102295,-72.6234117994111,-72.6234117994111
1020.6600286102295,-72.62696285529101,-72.62696285529101
1020.6700286102295,-72.6305171376103,-72.6305171376103
1020.6800286102294,-72.63407464067791,-72.63407464067791
1020.6900286102295,-72.63763535862083,-72.63763535862083
1020.7000286102295,-72.64119928541805,-72.64119928541805
1020.7100286102295,-72.64476641486584,-72.64476641486584
1020.7200286102295,-72.64833674060175,-72.64833674060175
1020.7300286102295,-72.65191025611134,-72.65191025611134
1020.7400286102295,-72.65548695471851,-72.65548695471851
1020.7500286102295,-72.65906682959262,-72.65906682959262
1020.7600286102295,-72.6626498737644,-72.6626498737644
1020.7700286102295,-72.6662360801055,-72.6662360801055
1020.7800286102295,-72.66982544133887,-72.66982544133887
1020.7900286102295,-72.67341795005393,-72.67341795005393
1020.8000286102294,-72.67701359869804,-72.67701359869804
1020.8100286102294,-72.68061237958021,-72.68061237958021
1020.8200286102295,-72.68421428487004,-72.68421428487004
1020.8300286102295,-72.68781930661805,-72.68781930661805
1020.8400286102295,-72.69142743673288,-72.69142743673288
1020.8500286340714,-72.6950386755889,-72.6950386755889
1020.8600286340713,-72.69865299766929,-72.69865299766929
1020.8700286340713,-72.70227040308363,-72.70227040308363
1020.8800286340713,-72.70589088325607,-72.70589088325607
1020.8900286340713,-72.70951442947569,-72.70951442947569
1020.9000286340713,-72.71314103292576,-72.71314103292576
1020.9100286340713,-72.71677068467295,-72.71677068467295
1020.9200286340714,-72.72040337566618,-72.72040337566618
1020.9300286340714,-72.72403909675596,-72.72403909675596
1020.9400286340714,-72.72767783868377,-72.72767783868377
1020.9500286340714,-72.73131959207095,-72.73131959207095
1020.9600286340714,-72.73495800079046,-72.73495800079046
1020.9700286340714,-72.73859027162482,-72.73859027162482
1020.9800286340713,-72.74221503602168,-72.74221503602168
1020.9900286340713,-72.74583158505845,-72.74583158505845
1021.0000286340713,-72.74943957740896,-72.74943957740896
1021.0100286340713,-72.75303888768649,-72.75303888768649
1021.0200286340713,-72.75662951762585,-72.75662951762585
1021.0300286340713,-72.76021154267812,-72.76021154267812
1021.0400286340714,-72.76378507990735,-72.76378507990735
1021.0500286340714,-72.76735026872137,-72.76735026872137
1021.0600286340714,-72.77090725939155,-72.77090725939155
1021.0700286340714,-72.77445620626459,-72.77445620626459
1021.0800286340714,-72.77799726390445,-72.77799726390445
1021.0900286340714,-72.78153058492968,-72.78153058492968
1021.1000286340714,-72.7850563189525,-72.7850563189525
1021.1100286340713,-72.7885746121131,-72.7885746121131
1021.1200286340713,-72.79208560701265,-72.79208560701265
1021.1300286340713,-72.79558944281322,-72.79558944281322
1021.1400286340713,-72.79908625548431,-72.79908625548431
1021.1500286340713,-72.80257617806149,-72.80257617806149
1021.1600286340713,-72.80605934092021,-72.80605934092021
1021.1700286340714,-72.80953587204513,-72.80953587204513
1021.1800286340714,-72.81300589728987,-72.81300589728987
1021.1900286340714,-72.81646954056298,-72.81646954056298
1021.2000286340714,-72.81992692406271,-72.81992692406271
1021.2100286340714,-72.82337816838533,-72.82337816838533
1021.2200286340714,-72.82682339271696,-72.82682339271696
1021.2300286340713,-72.83026271491971,-72.83026271491971
1021.2400286340713,-72.83369625164318,-72.83369625164318
1021.2500286340713,-72.83712411839106,-72.83712411839106
1021.2600286340713,-72.84054642960041,-72.84054642960041
1021.2700286340713,-72.84396329867566,-72.84396329867566
1021.2800286340713,-72.84737483805276,-72.84737483805276
1021.2900286340714,-72.85078115920342,-72.85078115920342
1021.3000286340714,-72.85418237269621,-72.85418237269621
1021.3100286340714,-72.85757858816552,-72.85757858816552
1021.3200286340714,-72.86096991437373,-72.86096991437373
1021.3300286340714,-72.86435645918169,-72.86435645918169
1021.3400286340714,-72.86773832956551,-72.86773832956551
1021.3500286340714,-72.87111563162397,-72.87111563162397
1021.3600286340713,-72.8744884705715,-72.8744884705715
1021.3700286340713,-72.87785695072637,-72.87785695072637
1021.3800286340713,-72.88122117552372,-72.88122117552372
1021.3900286340713,-72.88458124749243,-72.88458124749243
1021.4000286340713,-72.88793726825607,-72.88793726825607
1021.4100286340713,-72.89128933853652,-72.89128933853652
1021.4200286340714,-72.89463755811322,-72.89463755811322
1021.4300286340714,-72.8979820258568,-72.8979820258568
1021.4400286340714,-72.90132283969223,-72.90132283969223
1021.4500286340714,-72.90466009660085,-72.90466009660085
1021.4600286340714,-72.90799389260374,-72.90799389260374
1021.4700286340714,-72.91132432277676,-72.91132432277676
1021.4800286340713,-72.91465148121551,-72.91465148121551
1021.4900286340713,-72.91797546104655,-72.91797546104655
1021.5000286340713,-72.92129635441358,-72.92129635441358
1021.5100286340713,-72.92461425247167,-72.92461425247167
1021.5200286340713,-72.92792924539111,-72.92792924539111
1021.5300286340713,-72.93124142233071,-72.93124142233071
1021.5400286340714,-72.93455087145733,-72.93455087145733
1021.5500286340714,-72.93785767994953,-72.93785767994953
1021.5600286340714,-72.94116193394302,-72.94116193394302
1021.5700286340714,-72.94446371857394,-72.94446371857394
1021.5800286340714,-72.94776311797717,-72.94776311797717
1021.5900286340714,-72.95106021525356,-72.95106021525356
1021.6000286340714,-72.95435509249802,-72.95435509249802
1021.6100286340713,-72.95764783077956,-72.95764783077956
1021.6200286340713,-72.96093851015385,-72.96093851015385
1021.6300286340713,-72.96422720965032,-72.96422720965032
1021.6400286340713,-72.96751400729633,-72.96751400729633
1021.6500286340713,-72.97079898008316,-72.97079898008316
1021.6600286340713,-72.97408220399676,-72.97408220399676
1021.6700286340714,-72.97736375400187,-72.97736375400187
1021.6800286340714,-72.98064370406802,-72.98064370406802
1021.6900286340714,-72.98392212714401,-72.98392212714401
1021.7000286579132,-72.98719910296771,-72.98719910296771
1021.7100286579132,-72.99047468688194,-72.99047468688194
1021.7200286579132,-72.99374895663236,-72.99374895663236
1021.7300286579132,-72.99702198116124,-72.99702198116124
1021.7400286579132,-73.00029382843614,-73.00029382843614
1021.7500286579132,-73.00356456542096,-73.00356456542096
1021.7600286579132,-73.00683425811906,-73.00683425811906
1021.7700286579133,-73.01010297152848,-73.01010297152848
1021.7800286579132,-73.01337076971987,-73.01337076971987
1021.7900286579132,-73.01663771577161,-73.01663771577161
1021.8000286579132,-73.01990387180109,-73.01990387180109
1021.8100286579132,-73.02316929898917,-73.02316929898917
1021.8200286579132,-73.02643405756854,-73.02643405756854
1021.8300286579132,-73.02969820682264,-73.02969820682264
1021.8400286579132,-73.03296180511039,-73.03296180511039
1021.8500286579132,-73.03622490986535,-73.03622490986535
1021.8600286579132,-73.03948757760544,-73.03948757760544
1021.8700286579132,-73.04274986394,-73.04274986394
1021.8800286579132,-73.04601182355928,-73.04601182355928
1021.8900286579133,-73.04927351027122,-73.04927351027122
1021.9000286579133,-73.05253497700595,-73.05253497700595
1021.9100286579132,-73.05579627578825,-73.05579627578825
1021.9200286579132,-73.05905745779256,-73.05905745779256
1021.9300286579132,-73.06231857331579,-73.06231857331579
1021.9400286579132,-73.06557967179513,-73.06557967179513
1021.9500286579132,-73.0688408018332,-73.0688408018332
1021.9600286579132,-73.07210201117682,-73.07210201117682
1021.9700286579132,-73.07536334674997,-73.07536334674997
1021.9800286579132,-73.07862485466644,-73.07862485466644
1021.9900286579132,-73.08188658019208,-73.08188658019208
1022.0000286579132,-73.08514856781095,-73.08514856781095
1022.0100286579132,-73.0884108611964,-73.0884108611964
1022.0200286579133,-73.09167350323128,-73.09167350323128
1022.0300286579132,-73.0949365360308,-73.0949365360308
1022.0400286579132,-73.09820000091602,-73.09820000091602
1022.0500286579132,-73.10146393845794,-73.10146393845794
1022.0600286579132,-73.10472838846562,-73.10472838846562
1022.0700286579132,-73.10799338999615,-73.10799338999615
1022.0800286579132,-73.11125898136808,-73.11125898136808
1022.0900286579132,-73.11452520017144,-73.11452520017144
1022.1000286579132,-73.11779208327891,-73.11779208327891
1022.1100286579132,-73.12105966682816,-73.12105966682816
1022.1200286579132,-73.12432798626807,-73.12432798626807
1022.1300286579132,-73.12759707635472,-73.12759707635472
1022.1400286579133,-73.13086697113637,-73.13086697113637
1022.1500286579133,-73.13413770399478,-73.13413770399478
1022.1600286579132,-73.13740930762626,-73.13740930762626
1022.1700286579132,-73.1406818140643,-73.1406818140643
1022.1800286579132,-73.14395525470097,-73.14395525470097
1022.1900286579132,-73.14722966025812,-73.14722966025812
1022.2000286579132,-73.1505050608372,-73.1505050608372
1022.2100286579132,-73.15378148589024,-73.15378148589024
1022.2200286579132,-73.15705896425973,-73.15705896425973
1022.2300286579132,-73.16033752415815,-73.16033752415815
1022.2400286579132,-73.16361719319414,-73.16361719319414
1022.2500286579132,-73.16689799838385,-73.16689799838385
1022.2600286579132,-73.17017996614007,-73.17017996614007
1022.2700286579133,-73.17346312228337,-73.17346312228337
1022.2800286579132,-73.17674749208712,-73.17674749208712
1022.2900286579132,-73.18003310022665,-73.18003310022665
1022.3000286579132,-73.1833199708271,-73.1833199708271
1022.3100286579132,-73.18660812743884,-73.18660812743884
1022.3200286579132,-73.18989759310351,-73.18989759310351
1022.3300286579132,-73.19318839028254,-73.19318839028254
1022.3400286579132,-73.1964805409276,-73.1964805409276
1022.3500286579132,-73.19977406646265,-73.19977406646265
1022.3600286579132,-73.20306898778732,-73.20306898778732
1022.3700286579132,-73.20636532528927,-73.20636532528927
1022.3800286579132,-73.20966309885975,-73.20966309885975
1022.3900286579133,-73.21296232787972,-73.21296232787972
1022.4000286579133,-73.2162630312638,-73.2162630312638
1022.4100286579132,-73.2195652274218,-73.2195652274218
1022.4200286579132,-73.2228689342865,-73.2228689342865
1022.4300286579132,-73.22617416933423,-73.22617416933423
1022.4400286579132,-73.22948094956291,-73.22948094956291
1022.4500286579132,-73.23278929153058,-73.23278929153058
1022.4600286579132,-73.23609282056903,-73.23609282056903
1022.4700286579132,-73.23938874922626,-73.23938874922626
1022.4800286579132,-73.24267572419207,-73.24267572419207
1022.4900286579132,-73.24595305593816,-73.24595305593816
1022.5000286579132,-73.24922042470904,-73.24922042470904
1022.5100286579132,-73.25247772786916,-73.25247772786916
1022.5200286579133,-73.25572499041914,-73.25572499041914
1022.5300286579132,-73.25896231133271,-73.25896231133271
1022.5400286579132,-73.2621898311667,-73.2621898311667
1022.5500286817551,-73.26540772038301,-73.26540772038301
1022.560028681755,-73.26861613708218,-73.26861613708218
1022.570028681755,-73.27181526628016,-73.27181526628016
1022.580028681755,-73.27500528522238,-73.27500528522238
1022.590028681755,-73.27818636896382,-73.27818636896382
1022.600028681755,-73.28135868925963,-73.28135868925963
1022.610028681755,-73.28452241413981,-73.28452241413981
1022.6200286817551,-73.28767770778391,-73.28767770778391
1022.6300286817551,-73.29082473068831,-73.29082473068831
1022.6400286817551,-73.29396363986486,-73.29396363986486
1022.6500286817551,-73.29709458912356,-73.29709458912356
1022.6600286817551,-73.30021772935089,-73.30021772935089
1022.6700286817551,-73.30333320879626,-73.30333320879626
1022.6800286817551,-73.30644117328535,-73.30644117328535
1022.690028681755,-73.30954176647386,-73.30954176647386
1022.700028681755,-73.31263513003175,-73.31263513003175
1022.710028681755,-73.31572140380655,-73.31572140380655
1022.720028681755,-73.31880072595791,-73.31880072595791
1022.730028681755,-73.32187323308868,-73.32187323308868
1022.7400286817551,-73.32493906036025,-73.32493906036025
1022.7500286817551,-73.32799834154551,-73.32799834154551
1022.7600286817551,-73.3310512091,-73.3310512091
1022.7700286817551,-73.33409779423812,-73.33409779423812
1022.7800286817551,-73.3371382269642,-73.3371382269642
1022.7900286817551,-73.34017263609373,-73.34017263609373
1022.8000286817551,-73.34320114931037,-73.34320114931037
1022.810028681755,-73.3462238931534,-73.3462238931534
1022.820028681755,-73.34924099304808,-73.34924099304808
1022.830028681755,-73.35225257332384,-73.35225257332384
1022.840028681755,-73.35525875720855,-73.35525875720855
1022.850028681755,-73.35825966683186,-73.35825966683186
1022.860028681755,-73.36125542323096,-73.36125542323096
1022.8700286817551,-73.36424614634767,-73.36424614634767
1022.8800286817551,-73.36723195503392,-73.36723195503392
1022.8900286817551,-73.37021296702756,-73.37021296702756
1022.9000286817551,-73.37318929897019,-73.37318929897019
1022.9100286817551,-73.37616106638423,-73.37616106638423
1022.9200286817551,-73.37912838368258,-73.37912838368258
1022.9300286817551,-73.38209136415706,-73.38209136415706
1022.940028681755,-73.38505011996067,-73.38505011996067
1022.950028681755,-73.38800476213248,-73.38800476213248
1022.960028681755,-73.39095540055585,-73.39095540055585
1022.970028681755,-73.39390214397002,-73.39390214397002
1022.980028681755,-73.39684509997696,-73.39684509997696
1022.9900286817551,-73.39978437501114,-73.39978437501114
1023.0000286817551,-73.40272007436018,-73.40272007436018
1023.0100286817551,-73.4056523021404,-73.4056523021404
1023.0200286817551,-73.40858116130693,-73.40858116130693
1023.0300286817551,-73.41150675364595,-73.41150675364595
1023.0400286817551,-73.41442917976583,-73.41442917976583
1023.0500286817551,-73.41734853911754,-73.41734853911754
1023.060028681755,-73.4202649299658,-73.4202649299658
1023.070028681755,-73.42317844940246,-73.42317844940246
1023.080028681755,-73.42608919334441,-73.42608919334441
1023.090028681755,-73.42899725653265,-73.42899725653265
1023.100028681755,-73.43190273253195,-73.43190273253195
1023.110028681755,-73.43480571374526,-73.43480571374526
1023.1200286817551,-73.43770629138785,-73.43770629138785
1023.1300286817551,-73.44060455551626,-73.44060455551626
1023.1400286817551,-73.4435005950116,-73.4435005950116
1023.1500286817551,-73.4463944975987,-73.4463944975987
1023.1600286817551,-73.44928634983258,-73.44928634983258
1023.1700286817551,-73.45217623711531,-73.45217623711531
1023.1800286817551,-73.4550642436886,-73.4550642436886
1023.190028681755,-73.45795045266027,-73.45795045266027
1023.200028681755,-73.46083494598741,-73.46083494598741
1023.210028681755,-73.46371780447839,-73.46371780447839
1023.220028681755,-73.46659910781767,-73.46659910781767
1023.230028681755,-73.46947893455885,-73.46947893455885
1023.2400286817551,-73.47235736214064,-73.47235736214064
1023.2500286817551,-73.47523446687616,-73.47523446687616
1023.2600286817551,-73.47811032397547,-73.47811032397547
1023.2700286817551,-73.4809850075495,-73.4809850075495
1023.2800286817551,-73.48385859060781,-73.48385859060781
1023.2900286817551,-73.4867311450852,-73.4867311450852
1023.3000286817551,-73.48960274182026,-73.48960274182026
1023.310028681755,-73.49247345058615,-73.49247345058615
1023.320028681755,-73.49534334009405,-73.49534334009405
1023.330028681755,-73.49821247800652,-73.49821247800652
1023.340028681755,-73.50108093093372,-73.50108093093372
1023.350028681755,-73.50394876443774,-73.50394876443774
1023.360028681755,-73.50681604305255,-73.50681604305255
1023.3700286817551,-73.50968283030109,-73.50968283030109
1023.3800286817551,-73.51254918869041,-73.51254918869041
1023.3900286817551,-73.51541517971837,-73.51541517971837
1023.4000287055969,-73.51828087070928,-73.51828087070928
1023.4100287055969,-73.52114630754335,-73.52114630754335
1023.4200287055969,-73.5240115555817,-73.5240115555817
1023.4300287055969,-73.52687667239464,-73.52687667239464
1023.4400287055969,-73.5297417146089,-73.5297417146089
1023.4500287055969,-73.53260673788769,-73.53260673788769
1023.4600287055969,-73.53546538061262,-73.53546538061262
1023.470028705597,-73.5383148827255,-73.5383148827255
1023.480028705597,-73.54115392375068,-73.54115392375068
1023.490028705597,-73.54398184916937,-73.54398184916937
1023.500028705597,-73.54679837525566,-73.54679837525566
1023.5100287055969,-73.54960343579704,-73.54960343579704
1023.5200287055969,-73.55239709226542,-73.55239709226542
1023.5300287055969,-73.55517947990221,-73.55517947990221
1023.5400287055969,-73.55795077523666,-73.55795077523666
1023.5500287055969,-73.56071117665455,-73.56071117665455
1023.5600287055969,-73.56346089277329,-73.56346089277329
1023.5700287055969,-73.56620013561879,-73.56620013561879
1023.5800287055969,-73.5689291166991,-73.5689291166991
1023.590028705597,-73.57164804484641,-73.57164804484641
1023.600028705597,-73.57435712514673,-73.57435712514673
1023.610028705597,-73.57705655846753,-73.57705655846753
1023.620028705597,-73.57974654139457,-73.57974654139457
1023.6300287055969,-73.58242726637016,-73.58242726637016
1023.6400287055969,-73.585098921884,-73.585098921884
1023.6500287055969,-73.5877616928006,-73.5877616928006
1023.6600287055969,-73.5904157606246,-73.5904157606246
1023.6700287055969,-73.59306130375971,-73.59306130375971
1023.6800287055969,-73.59569849779687,-73.59569849779687
1023.6900287055969,-73.59832751570977,-73.59832751570977
1023.7000287055969,-73.60094852808292,-73.60094852808292
1023.7100287055969,-73.6035617032502,-73.6035617032502
1023.720028705597,-73.6061672074628,-73.6061672074628
1023.730028705597,-73.60876520501859,-73.60876520501859
1023.740028705597,-73.61135585835372,-73.61135585835372
1023.750028705597,-73.6139393281436,-73.6139393281436
1023.7600287055969,-73.61651577335475,-73.61651577335475
1023.7700287055969,-73.6190853513203,-73.6190853513203
1023.7800287055969,-73.62164821778488,-73.62164821778488
1023.7900287055969,-73.6242045269313,-73.6242045269313
1023.8000287055969,-73.62675443143925,-73.62675443143925
1023.8100287055969,-73.62929808248516,-73.62929808248516
1023.8200287055969,-73.63183562976634,-73.63183562976634
1023.8300287055969,-73.63436722151481,-73.63436722151481
1023.840028705597,-73.63689300450825,-73.63689300450825
1023.850028705597,-73.6394131240974,-73.6394131240974
1023.860028705597,-73.6419277241712,-73.6419277241712
1023.870028705597,-73.64443694718912,-73.64443694718912
1023.8800287055969,-73.6469409341882,-73.6469409341882
1023.8900287055969,-73.64943982474875,-73.64943982474875
1023.9000287055969,-73.65193375703033,-73.65193375703033
1023.9100287055969,-73.6544228677565,-73.6544228677565
1023.9200287055969,-73.65690729221107,-73.65690729221107
1023.9300287055969,-73.65938716423771,-73.65938716423771
1023.9400287055969,-73.66186261622383,-73.66186261622383
1023.9500287055969,-73.66433377913941,-73.66433377913941
1023.9600287055969,-73.66679435556618,-73.66679435556618
1023.970028705597,-73.66924165574622,-73.66924165574622
1023.980028705597,-73.67167443158068,-73.67167443158068
1023.990028705597,-73.67409210156136,-73.67409210156136
1024.0000287055968,-73.67649445509424,-73.67649445509424
1024.0100287055968,-73.67888149889522,-73.67888149889522
1024.0200287055968,-73.68125336702145,-73.68125336702145
1024.030028705597,-73.68361026682882,-73.68361026682882
1024.040028705597,-73.6859524464439,-73.6859524464439
1024.050028705597,-73.68828017525148,-73.68828017525148
1024.060028705597,-73.69059373228266,-73.69059373228266
1024.070028705597,-73.69289339933933,-73.69289339933933
1024.080028705597,-73.69517945708492,-73.69517945708492
1024.090028705597,-73.69745218284798,-73.69745218284798
1024.100028705597,-73.69971184955452,-73.69971184955452
1024.110028705597,-73.70195872527329,-73.70195872527329
1024.120028705597,-73.70419307309739,-73.70419307309739
1024.130028705597,-73.706415151323,-73.706415151323
1024.140028705597,-73.70862521363867,-73.70862521363867
1024.150028705597,-73.71082350941354,-73.71082350941354
1024.160028705597,-73.71301028399272,-73.71301028399272
1024.170028705597,-73.71518577895094,-73.71518577895094
1024.180028705597,-73.71735023236003,-73.71735023236003
1024.190028705597,-73.71950387901707,-73.71950387901707
1024.2000287055969,-73.72164695061943,-73.72164695061943
1024.2100287055969,-73.72377967596623,-73.72377967596623
1024.2200287055969,-73.72590228109414,-73.72590228109414
1024.2300287055969,-73.72801498939803,-73.72801498939803
1024.2400287055968,-73.73011802173103,-73.73011802173103
1024.2500287294388,-73.73221160149524,-73.73221160149524
1024.2600287294388,-73.73429593473365,-73.73429593473365
1024.2700287294388,-73.73637124019902,-73.73637124019902
1024.2800287294388,-73.73843772935865,-73.73843772935865
1024.2900287294387,-73.74049561145682,-73.74049561145682
1024.3000287294387,-73.74254509355053,-73.74254509355053
1024.3100287294387,-73.74458638053646,-73.74458638053646
1024.3200287294387,-73.74661967517474,-73.74661967517474
1024.3300287294387,-73.74864517809698,-73.74864517809698
1024.3400287294387,-73.75066308782063,-73.75066308782063
1024.3500287294387,-73.7526736007828,-73.7526736007828
1024.3600287294387,-73.75467691130447,-73.75467691130447
1024.3700287294387,-73.75667321164615,-73.75667321164615
1024.380028729439,-73.75866269196992,-73.75866269196992
1024.3900287294389,-73.7606455403678,-73.7606455403678
1024.4000287294389,-73.76262194287263,-73.76262194287263
1024.4100287294389,-73.76459208343955,-73.76459208343955
1024.4200287294389,-73.76655614396337,-73.76655614396337
1024.4300287294388,-73.7685143042579,-73.7685143042579
1024.4400287294388,-73.77046674210098,-73.77046674210098
1024.4500287294388,-73.77241363320127,-73.77241363320127
1024.4600287294388,-73.77434871623213,-73.77434871623213
1024.4700287294388,-73.776269342507,-73.776269342507
1024.4800287294388,-73.77817430649438,-73.77817430649438
1024.4900287294388,-73.78006306965011,-73.78006306965011
1024.5000287294388,-73.78193546424309,-73.78193546424309
1024.5100287294388,-73.78379153956607,-73.78379153956607
1024.5200287294388,-73.7856314718172,-73.7856314718172
1024.5300287294388,-73.78745550994765,-73.78745550994765
1024.5400287294387,-73.78926394312552,-73.78926394312552
1024.5500287294387,-73.7910570811859,-73.7910570811859
1024.5600287294387,-73.79283524298611,-73.79283524298611
1024.5700287294387,-73.79459874954975,-73.79459874954975
1024.5800287294387,-73.7963479201419,-73.7963479201419
1024.5900287294387,-73.79808307010175,-73.79808307010175
1024.6000287294387,-73.7998045097491,-73.7998045097491
1024.6100287294387,-73.80151254395696,-73.80151254395696
1024.6200287294387,-73.80320747204817,-73.80320747204817
1024.630028729439,-73.80488958796514,-73.80488958796514
1024.6400287294389,-73.806559180478,-73.806559180478
1024.6500287294389,-73.80821653347734,-73.80821653347734
1024.6600287294389,-73.80986192626965,-73.80986192626965
1024.6700287294389,-73.8114956338688,-73.8114956338688
1024.6800287294388,-73.81311792723687,-73.81311792723687
1024.6900287294388,-73.81472907352963,-73.81472907352963
1024.7000287294388,-73.81632933630756,-73.81632933630756
1024.7100287294388,-73.8179189756959,-73.8179189756959
1024.7200287294388,-73.8194982485633,-73.8194982485633
1024.7300287294388,-73.82106740863853,-73.82106740863853
1024.7400287294388,-73.82262670662149,-73.82262670662149
1024.7500287294388,-73.82417639029272,-73.82417639029272
1024.7600287294388,-73.82571670457227,-73.82571670457227
1024.7700287294388,-73.82724789160274,-73.82724789160274
1024.7800287294388,-73.82877019080361,-73.82877019080361
1024.7900287294387,-73.83028383891568,-73.83028383891568
1024.8000287294387,-73.83178907002728,-73.83178907002728
1024.8100287294387,-73.8332861156306,-73.8332861156306
1024.8200287294387,-73.83477520463443,-73.83477520463443
1024.8300287294387,-73.83625656339564,-73.83625656339564
1024.8400287294387,-73.83773041572707,-73.83773041572707
1024.8500287294387,-73.83919698291501,-73.83919698291501
1024.8600287294387,-73.84065648375545,-73.84065648375545
1024.8700287294387,-73.84210913453254,-73.84210913453254
1024.880028729439,-73.84355514906134,-73.84355514906134
1024.8900287294389,-73.84499473866622,-73.84499473866622
1024.9000287294389,-73.84642811221693,-73.84642811221693
1024.9100287294389,-73.84785547613222,-73.84785547613222
1024.9200287294389,-73.84927703436549,-73.84927703436549
1024.9300287294388,-73.85069298843824,-73.85069298843824
1024.9400287294388,-73.8521035374341,-73.8521035374341
1024.9500287294388,-73.85350887802319,-73.85350887802319
1024.9600287294388,-73.8549027639138,-73.8549027639138
1024.9700287294388,-73.85628256540664,-73.85628256540664
1024.9800287294388,-73.85764709720316,-73.85764709720316
1024.9900287294388,-73.85899584139992,-73.85899584139992
1025.0000287294388,-73.86032865092429,-73.86032865092429
1025.0100287294388,-73.86164559558742,-73.86164559558742
1025.0200287294388,-73.8629468718402,-73.8629468718402
1025.0300287294388,-73.86423274857523,-73.86423274857523
1025.0400287294387,-73.86550353453786,-73.86550353453786
1025.0500287294387,-73.86675955874158,-73.86675955874158
1025.0600287294387,-73.86800115884515,-73.86800115884515
1025.0700287294387,-73.86922867428365,-73.86922867428365
1025.0800287294387,-73.87044244232679,-73.87044244232679
1025.0900287294387,-73.87164279593459,-73.87164279593459
1025.1000287532806,-73.8728300655039,-73.8728300655039
1025.1100287532806,-73.87400456708941,-73.87400456708941
1025.1200287532806,-73.87516661939655,-73.87516661939655
1025.1300287532806,-73.876316532524,-73.876316532524
1025.1400287532806,-73.87745461105519,-73.87745461105519
1025.1500287532806,-73.87858115435226,-73.87858115435226
1025.1600287532806,-73.87969645687774,-73.87969645687774
1025.1700287532806,-73.88080080846026,-73.88080080846026
1025.1800287532806,-73.88189449457893,-73.88189449457893
1025.1900287532806,-73.88297779659902,-73.88297779659902
1025.2000287532805,-73.88405099196865,-73.88405099196865
1025.2100287532805,-73.88511435442724,-73.88511435442724
1025.2200287532805,-73.88616815416471,-73.88616815416471
1025.2300287532807,-73.88721265794449,-73.88721265794449
1025.2400287532807,-73.8882481292293,-73.8882481292293
1025.2500287532807,-73.88927482828434,-73.88927482828434
1025.2600287532807,-73.89029301225303,-73.89029301225303
1025.2700287532807,-73.89130293524693,-73.89130293524693
1025.2800287532807,-73.89230484838204,-73.89230484838204
1025.2900287532807,-73.89329899984706,-73.89329899984706
1025.3000287532807,-73.89428563494785,-73.89428563494785
1025.3100287532807,-73.89526499613449,-73.89526499613449
1025.3200287532807,-73.89623732304995,-73.89623732304995
1025.3300287532807,-73.89720285253877,-73.89720285253877
1025.3400287532806,-73.898161818668,-73.898161818668
1025.3500287532806,-73.89911445278254,-73.89911445278254
1025.3600287532806,-73.90006098347477,-73.90006098347477
1025.3700287532806,-73.90100163663804,-73.90100163663804
1025.3800287532806,-73.9019366354559,-73.9019366354559
1025.3900287532806,-73.90286620044053,-73.90286620044053
1025.4000287532806,-73.90379054942252,-73.90379054942252
1025.4100287532806,-73.90470989758195,-73.90470989758195
1025.4200287532806,-73.90562445744175,-73.90562445744175
1025.4300287532806,-73.9065344388804,-73.9065344388804
1025.4400287532806,-73.90744004916664,-73.90744004916664
1025.4500287532805,-73.90834149294474,-73.90834149294474
1025.4600287532805,-73.90923897225481,-73.90923897225481
1025.4700287532805,-73.91013268654663,-73.91013268654663
1025.4800287532807,-73.91102283267844,-73.91102283267844
1025.4900287532807,-73.91190960496112,-73.91190960496112
1025.5000287532807,-73.91279319513518,-73.91279319513518
1025.5100287532807,-73.91367379239949,-73.91367379239949
1025.5200287532807,-73.91455158341444,-73.91455158341444
1025.5300287532807,-73.91542675233762,-73.91542675233762
1025.5400287532807,-73.91629948081061,-73.91629948081061
1025.5500287532807,-73.91716994799944,-73.91716994799944
1025.5600287532807,-73.91803833057921,-73.91803833057921
1025.5700287532807,-73.91890480277789,-73.91890480277789
1025.5800287532807,-73.91976953638812,-73.91976953638812
1025.5900287532806,-73.92063270075064,-73.92063270075064
1025.6000287532806,-73.92149446281368,-73.92149446281368
1025.6100287532806,-73.92235498713906,-73.92235498713906
1025.6200287532806,-73.92321443588749,-73.92321443588749
1025.6300287532806,-73.92407296887531,-73.92407296887531
1025.6400287532806,-73.9249307435724,-73.9249307435724
1025.6500287532806,-73.92578791513661,-73.92578791513661
1025.6600287532806,-73.9266446364017,-73.9266446364017
1025.6700287532806,-73.92750105791838,-73.92750105791838
1025.6800287532806,-73.92835732799439,-73.92835732799439
1025.6900287532806,-73.92921359265678,-73.92921359265678
1025.7000287532805,-73.93006999572019,-73.93006999572019
1025.7100287532805,-73.93092667878166,-73.93092667878166
1025.7200287532805,-73.93178378126385,-73.93178378126385
1025.7300287532807,-73.9326414403988,-73.9326414403988
1025.7400287532807,-73.93349979128159,-73.93349979128159
1025.7500287532807,-73.93435896687674,-73.93435896687674
1025.7600287532807,-73.93521909804326,-73.93521909804326
1025.7700287532807,-73.93608031354321,-73.93608031354321
1025.7800287532807,-73.93694274007704,-73.93694274007704
1025.7900287532807,-73.93780650229245,-73.93780650229245
1025.8000287532807,-73.93867172281489,-73.93867172281489
1025.8100287532807,-73.9395385222618,-73.9395385222618
1025.8200287532807,-73.94040701928057,-73.94040701928057
1025.8300287532807,-73.94127733052903,-73.94127733052903
1025.8400287532806,-73.94214957073932,-73.94214957073932
1025.8500287532806,-73.94302385272549,-73.94302385272549
1025.8600287532806,-73.94390028738422,-73.94390028738422
1025.8700287532806,-73.94477898374845,-73.94477898374845
1025.8800287532806,-73.94566004898321,-73.94566004898321
1025.8900287532806,-73.94654358840955,-73.94654358840955
1025.9000287532806,-73.94742970554552,-73.94742970554552
1025.9100287532806,-73.9483185021024,-73.9483185021024
1025.9200287532806,-73.9492100780247,-73.9492100780247
1025.9300287532806,-73.95010453148508,-73.95010453148508
1025.9400287532806,-73.95100195893855,-73.95100195893855
1025.9500287771225,-73.95190245726339,-73.95190245726339
1025.9600287771225,-73.95280611522487,-73.95280611522487
1025.9700287771225,-73.9537130263172,-73.9537130263172
1025.9800287771225,-73.95462328025815,-73.95462328025815
1025.9900287771225,-73.95553696512557,-73.95553696512557
1026.0000287771225,-73.95645416738891,-73.95645416738891
1026.0100287771224,-73.95737497191962,-73.95737497191962
1026.0200287771224,-73.95829946202217,-73.95829946202217
1026.0300287771224,-73.9592277194381,-73.9592277194381
1026.0400287771224,-73.96015982437721,-73.96015982437721
1026.0500287771224,-73.96109585553407,-73.96109585553407
1026.0600287771224,-73.96203589012151,-73.96203589012151
1026.0700287771224,-73.96298000384772,-73.96298000384772
1026.0800287771226,-73.96392827098443,-73.96392827098443
1026.0900287771226,-73.96488076435931,-73.96488076435931
1026.1000287771226,-73.96583755537472,-73.96583755537472
1026.1100287771226,-73.96679871403525,-73.96679871403525
1026.1200287771226,-73.96776430895518,-73.96776430895518
1026.1300287771226,-73.9687344073937,-73.9687344073937
1026.1400287771226,-73.96970907525463,-73.96970907525463
1026.1500287771225,-73.97068837711478,-73.97068837711478
1026.1600287771225,-73.97167237624535,-73.97167237624535
1026.1700287771225,-73.97266113460044,-73.97266113460044
1026.1800287771225,-73.97365471288079,-73.97365471288079
1026.1900287771225,-73.97465317051716,-73.97465317051716
1026.2000287771225,-73.97565656569866,-73.97565656569866
1026.2100287771225,-73.97665850508324,-73.97665850508324
1026.2200287771225,-73.97765621975151,-73.97765621975151
1026.2300287771225,-73.97864838894702,-73.97864838894702
1026.2400287771225,-73.97963436163292,-73.97963436163292
1026.2500287771225,-73.98061385945775,-73.98061385945775
1026.2600287771224,-73.9815868224605,-73.9815868224605
1026.2700287771224,-73.98255331866956,-73.98255331866956
1026.2800287771224,-73.98351348979176,-73.98351348979176
1026.2900287771224,-73.9844675185262,-73.9844675185262
1026.3000287771224,-73.98541560900651,-73.98541560900651
1026.3100287771224,-73.98635797509544,-73.98635797509544
1026.3200287771224,-73.98729483353358,-73.98729483353358
1026.3300287771226,-73.9882264000256,-73.9882264000256
1026.3400287771226,-73.98915288705821,-73.98915288705821
1026.3500287771226,-73.99007450286342,-73.99007450286342
1026.3600287771226,-73.9909914509646,-73.9909914509646
1026.3700287771226,-73.99190393013735,-73.99190393013735
1026.3800287771226,-73.99281213454165,-73.99281213454165
1026.3900287771226,-73.99371625399363,-73.99371625399363
1026.4000287771225,-73.99461647424468,-73.99461647424468
1026.4100287771225,-73.9955129773016,-73.9955129773016
1026.4200287771225,-73.99640594173036,-73.99640594173036
1026.4300287771225,-73.99729554290022,-73.99729554290022
1026.4400287771225,-73.99818195324534,-73.99818195324534
1026.4500287771225,-73.99906534247545,-73.99906534247545
1026.4600287771225,-73.99994587776293,-73.99994587776293
1026.4700287771225,-74.00082372389433,-74.00082372389433
1026.4800287771225,-74.00169904342359,-74.00169904342359
1026.4900287771225,-74.00257199678288,-74.00257199678288
1026.5000287771225,-74.00344274235746,-74.00344274235746
1026.5100287771224,-74.00431143660822,-74.00431143660822
1026.5200287771224,-74.00517823409838,-74.00517823409838
1026.5300287771224,-74.00604328758794,-74.00604328758794
1026.5400287771224,-74.00690674805159,-74.00690674805159
1026.5500287771224,-74.00776876473537,-74.00776876473537
1026.5600287771224,-74.00862948517779,-74.00862948517779
1026.5700287771224,-74.00948905524614,-74.00948905524614
1026.5800287771226,-74.01034761913877,-74.01034761913877
1026.5900287771226,-74.01120531942406,-74.01120531942406
1026.6000287771226,-74.01206229704627,-74.01206229704627
1026.6100287771226,-74.01291869132606,-74.01291869132606
1026.6200287771226,-74.01377463997616,-74.01377463997616
1026.6300287771226,-74.01463027910881,-74.01463027910881
1026.6400287771226,-74.01548574325601,-74.01548574325601
1026.6500287771225,-74.01634116534409,-74.01634116534409
1026.6600287771225,-74.01719667670808,-74.01719667670808
1026.6700287771225,-74.01805240710593,-74.01805240710593
1026.6800287771225,-74.01890848470904,-74.01890848470904
1026.6900287771225,-74.01976503612107,-74.01976503612107
1026.7000287771225,-74.02062218635763,-74.02062218635763
1026.7100287771225,-74.02147360496174,-74.02147360496174
1026.7200287771225,-74.02231658791621,-74.02231658791621
1026.7300287771225,-74.02314987988683,-74.02314987988683
1026.7400287771225,-74.02397289530623,-74.02397289530623
1026.7500287771225,-74.02478542107193,-74.02478542107193
1026.7600287771224,-74.02558746223097,-74.02558746223097
1026.7700287771224,-74.02637915146039,-74.02637915146039
1026.7800287771224,-74.0271606947098,-74.0271606947098
1026.7900287771224,-74.02793233849003,-74.02793233849003
1026.8000288009644,-74.02869435210583,-74.02869435210583
1026.8100288009643,-74.02944700865366,-74.02944700865366
1026.8200288009643,-74.03019058912236,-74.03019058912236
1026.8300288009643,-74.03092537110919,-74.03092537110919
1026.8400288009643,-74.0316516284953,-74.0316516284953
1026.8500288009643,-74.0323696303781,-74.0323696303781
1026.8600288009643,-74.0330796406367,-74.0330796406367
1026.8700288009643,-74.0337819178533,-74.0337819178533
1026.8800288009643,-74.03447671546078,-74.03447671546078
1026.8900288009643,-74.03516428199845,-74.03516428199845
1026.9000288009643,-74.03584486140248,-74.03584486140248
1026.9100288009643,-74.03651869329738,-74.03651869329738
1026.9200288009642,-74.0371860133035,-74.0371860133035
1026.9300288009645,-74.03784705328837,-74.03784705328837
1026.9400288009645,-74.03850204161547,-74.03850204161547
1026.9500288009644,-74.03915120335313,-74.03915120335313
1026.9600288009644,-74.03978830559073,-74.03978830559073
1026.9700288009644,-74.0404107414881,-74.0404107414881
1026.9800288009644,-74.04101735203136,-74.04101735203136
1026.9900288009644,-74.04160764702932,-74.04160764702932
1027.0000288009644,-74.04218150781622,-74.04218150781622
1027.0100288009644,-74.0427390329599,-74.0427390329599
1027.0200288009644,-74.04328044779513,-74.04328044779513
1027.0300288009644,-74.04380605010181,-74.04380605010181
1027.0400288009644,-74.04431617745281,-74.04431617745281
1027.0500288009644,-74.04481118761004,-74.04481118761004
1027.0600288009643,-74.04529144685397,-74.04529144685397
1027.0700288009643,-74.04575732314493,-74.04575732314493
1027.0800288009643,-74.04620918217242,-74.04620918217242
1027.0900288009643,-74.04664738523499,-74.04664738523499
1027.1000288009643,-74.04707228813815,-74.04707228813815
1027.1100288009643,-74.04748424079067,-74.04748424079067
1027.1200288009643,-74.04788358712288,-74.04788358712288
1027.1300288009643,-74.0482706652291,-74.0482706652291
1027.1400288009643,-74.04864580763622,-74.04864580763622
1027.1500288009643,-74.04900934156804,-74.04900934156804
1027.1600288009643,-74.04936158928184,-74.04936158928184
1027.1700288009642,-74.04970286830658,-74.04970286830658
1027.1800288009645,-74.05003349174746,-74.05003349174746
1027.1900288009645,-74.05035376850941,-74.05035376850941
1027.2000288009644,-74.05066400348818,-74.05066400348818
1027.2100288009644,-74.05096449777169,-74.05096449777169
1027.2200288009644,-74.05125554877239,-74.05125554877239
1027.2300288009644,-74.0515374503776,-74.0515374503776
1027.2400288009644,-74.05181049303965,-74.05181049303965
1027.2500288009644,-74.05207496388962,-74.05207496388962
1027.2600288009644,-74.05233114679713,-74.05233114679713
1027.2700288009644,-74.05257932244608,-74.05257932244608
1027.2800288009644,-74.0528197683744,-74.0528197683744
1027.2900288009644,-74.05305275903052,-74.05305275903052
1027.3000288009644,-74.05327856580655,-74.05327856580655
1027.3100288009643,-74.0534974570623,-74.0534974570623
1027.3200288009643,-74.05370969815539,-74.05370969815539
1027.3300288009643,-74.05391555145644,-74.05391555145644
1027.3400288009643,-74.0541152763763,-74.0541152763763
1027.3500288009643,-74.05430912935942,-74.05430912935942
1027.3600288009643,-74.0544973639258,-74.0544973639258
1027.3700288009643,-74.05468023065187,-74.05468023065187
1027.3800288009643,-74.0548579771979,-74.0548579771979
1027.3900288009643,-74.05503084830812,-74.05503084830812
1027.4000288009643,-74.05519908582072,-74.05519908582072
1027.4100288009643,-74.05536292866451,-74.05536292866451
1027.4200288009642,-74.05552261289345,-74.05552261289345
1027.4300288009645,-74.05567837166686,-74.05567837166686
1027.4400288009645,-74.05583043526553,-74.05583043526553
1027.4500288009644,-74.05597903109339,-74.05597903109339
1027.4600288009644,-74.0561179289333,-74.0561179289333
1027.4700288009644,-74.05624452580899,-74.05624452580899
1027.4800288009644,-74.05635766688135,-74.05635766688135
1027.4900288009644,-74.05645686608926,-74.05645686608926
1027.5000288009644,-74.05654200872182,-74.05654200872182
1027.5100288009644,-74.05661319700532,-74.05661319700532
1027.5200288009644,-74.05667065954056,-74.05667065954056
1027.5300288009644,-74.05671469691872,-74.05671469691872
1027.5400288009644,-74.05674564901591,-74.05674564901591
1027.5500288009644,-74.05676387537629,-74.05676387537629
1027.5600288009643,-74.05676974350025,-74.05676974350025
1027.5700288009643,-74.05676362198129,-74.05676362198129
1027.5800288009643,-74.05674587660381,-74.05674587660381
1027.5900288009643,-74.05671686816419,-74.05671686816419
1027.6000288009643,-74.05667695140987,-74.05667695140987
1027.6100288009643,-74.05662647462525,-74.05662647462525
1027.6200288009643,-74.05656577957264,-74.05656577957264
1027.6300288009643,-74.05649520164215,-74.05649520164215
1027.6400288009643,-74.05641507013004,-74.05641507013004
1027.6500288248062,-74.05632570832543,-74.05632570832543
1027.6600288248062,-74.05622743464662,-74.05622743464662
1027.6700288248062,-74.05612056177081,-74.05612056177081
1027.6800288248062,-74.05600539765223,-74.05600539765223
1027.6900288248062,-74.05588224559398,-74.05588224559398
1027.7000288248062,-74.05575140450387,-74.05575140450387
1027.7100288248062,-74.05561316905032,-74.05561316905032
1027.7200288248061,-74.05546782986245,-74.05546782986245
1027.7300288248061,-74.05531567366677,-74.05531567366677
1027.7400288248061,-74.05515698341652,-74.05515698341652
1027.7500288248061,-74.05499203841033,-74.05499203841033
1027.760028824806,-74.05482111434885,-74.05482111434885
1027.770028824806,-74.0546444834752,-74.0546444834752
1027.7800288248063,-74.05446241458321,-74.05446241458321
1027.7900288248063,-74.05427517311917,-74.05427517311917
1027.8000288248063,-74.05408302121515,-74.05408302121515
1027.8100288248063,-74.05388621773487,-74.05388621773487
1027.8200288248063,-74.05368501832508,-74.05368501832508
1027.8300288248063,-74.05347967542151,-74.05347967542151
1027.8400288248063,-74.05327043830437,-74.05327043830437
1027.8500288248063,-74.05305755311194,-74.05305755311194
1027.8600288248062,-74.05284126288265,-74.05284126288265
1027.8700288248062,-74.05262180755338,-74.05262180755338
1027.8800288248062,-74.05239942399989,-74.05239942399989
1027.8900288248062,-74.05217434603057,-74.05217434603057
1027.9000288248062,-74.05194680443948,-74.05194680443948
1027.9100288248062,-74.05171702699364,-74.05171702699364
1027.9200288248062,-74.05148523847852,-74.05148523847852
1027.9300288248062,-74.05125166068198,-74.05125166068198
1027.9400288248062,-74.05101651243797,-74.05101651243797
1027.9500288248062,-74.05078000962949,-74.05078000962949
1027.9600288248062,-74.05053591213908,-74.05053591213908
1027.9700288248061,-74.05028160710995,-74.05028160710995
1027.9800288248061,-74.0500159296909,-74.0500159296909
1027.9900288248061,-74.04973838370093,-74.04973838370093
1028.0000288248061,-74.0494488442381,-74.0494488442381
1028.010028824806,-74.0491474032182,-74.0491474032182
1028.020028824806,-74.04883427884472,-74.04883427884472
1028.0300288248063,-74.04850976120767,-74.04850976120767
1028.0400288248063,-74.04817417959578,-74.04817417959578
1028.0500288248063,-74.04782788284051,-74.04782788284051
1028.0600288248063,-74.04747122765987,-74.04747122765987
1028.0700288248063,-74.04710457178004,-74.04710457178004
1028.0800288248063,-74.04672827004157,-74.04672827004157
1028.0900288248063,-74.04634267222116,-74.04634267222116
1028.1000288248063,-74.04594812199342,-74.04594812199342
1028.1100288248062,-74.04554495651789,-74.04554495651789
1028.1200288248062,-74.04513350640055,-74.04513350640055
1028.1300288248062,-74.044714095832,-74.044714095832
1028.1400288248062,-74.04428704289472,-74.04428704289472
1028.1500288248062,-74.0438526598549,-74.0438526598549
1028.1600288248062,-74.04341125348962,-74.04341125348962
1028.1700288248062,-74.04296312540436,-74.04296312540436
1028.1800288248062,-74.04250857231092,-74.04250857231092
1028.1900288248062,-74.04204788628543,-74.04204788628543
1028.2000288248062,-74.04158135500231,-74.04158135500231
1028.2100288248062,-74.0411092619311,-74.0411092619311
1028.2200288248061,-74.0406318865235,-74.0406318865235
1028.2300288248061,-74.040149504354,-74.040149504354
1028.2400288248061,-74.03966238725278,-74.03966238725278
1028.2500288248061,-74.03917080343038,-74.03917080343038
1028.260028824806,-74.03867501755084,-74.03867501755084
1028.270028824806,-74.03817529083942,-74.03817529083942
1028.2800288248063,-74.03767188113721,-74.03767188113721
1028.2900288248063,-74.03716504297442,-74.03716504297442
1028.3000288248063,-74.0366550276249,-74.0366550276249
1028.3100288248063,-74.03614208314919,-74.03614208314919
1028.3200288248063,-74.03562645442058,-74.03562645442058
1028.3300288248063,-74.03510838319232,-74.03510838319232
1028.3400288248063,-74.03458810809686,-74.03458810809686
1028.3500288248063,-74.03406586470341,-74.03406586470341
1028.3600288248062,-74.03354188551621,-74.03354188551621
1028.3700288248062,-74.03301640002216,-74.03301640002216
1028.3800288248062,-74.03248963470786,-74.03248963470786
1028.3900288248062,-74.03196181306063,-74.03196181306063
1028.4000288248062,-74.03143315560956,-74.03143315560956
1028.4100288248062,-74.0309038799429,-74.0309038799429
1028.4200288248062,-74.03037420071163,-74.03037420071163
1028.4300288248062,-74.02984432966065,-74.02984432966065
1028.4400288248062,-74.02931447563478,-74.02931447563478
1028.4500288248062,-74.02878484460284,-74.02878484460284
1028.4600288248062,-74.02825563968591,-74.02825563968591
1028.4700288248061,-74.02772706114652,-74.02772706114652
1028.4800288248061,-74.02719930643049,-74.02719930643049
1028.4900288248061,-74.02667257018274,-74.02667257018274
1028.500028848648,-74.02614704298225,-74.02614704298225
1028.510028848648,-74.02562291641975,-74.02562291641975
1028.520028848648,-74.02510037555751,-74.02510037555751
1028.530028848648,-74.02457960398408,-74.02457960398408
1028.540028848648,-74.0240607825594,-74.0240607825594
1028.550028848648,-74.02354408945298,-74.02354408945298
1028.560028848648,-74.02302970016375,-74.02302970016375
1028.570028848648,-74.02251778751028,-74.02251778751028
1028.580028848648,-74.02200852169246,-74.02200852169246
1028.590028848648,-74.02150207028455,-74.02150207028455
1028.600028848648,-74.02099859825661,-74.02099859825661
1028.610028848648,-74.02049826801138,-74.02049826801138
1028.620028848648,-74.02000123938936,-74.02000123938936
1028.6300288486482,-74.01950766970576,-74.01950766970576
1028.6400288486482,-74.01901771375245,-74.01901771375245
1028.6500288486482,-74.0185315238306,-74.0185315238306
1028.6600288486482,-74.01804924977762,-74.01804924977762
1028.6700288486481,-74.01757103897317,-74.01757103897317
1028.6800288486481,-74.01709703639632,-74.01709703639632
1028.6900288486481,-74.01662738460666,-74.01662738460666
1028.7000288486481,-74.01616222377928,-74.01616222377928
1028.710028848648,-74.01570169174859,-74.01570169174859
1028.720028848648,-74.01524592400854,-74.01524592400854
1028.730028848648,-74.01479505374147,-74.01479505374147
1028.740028848648,-74.01434921185131,-74.01434921185131
1028.750028848648,-74.01390852696991,-74.01390852696991
1028.760028848648,-74.01347312549629,-74.01347312549629
1028.770028848648,-74.0130431316078,-74.0130431316078
1028.780028848648,-74.01261866729342,-74.01261866729342
1028.790028848648,-74.01219985237013,-74.01219985237013
1028.800028848648,-74.01178680451059,-74.01178680451059
1028.810028848648,-74.01137963926598,-74.01137963926598
1028.820028848648,-74.01097847008676,-74.01097847008676
1028.830028848648,-74.01058340834861,-74.01058340834861
1028.840028848648,-74.01019456337266,-74.01019456337266
1028.850028848648,-74.0098120424555,-74.0098120424555
1028.860028848648,-74.00943595088808,-74.00943595088808
1028.870028848648,-74.00906639198573,-74.00906639198573
1028.8800288486482,-74.00870346709723,-74.00870346709723
1028.8900288486482,-74.00834727563524,-74.00834727563524
1028.9000288486482,-74.00799791510285,-74.00799791510285
1028.9100288486482,-74.00765548111607,-74.00765548111607
1028.9200288486481,-74.00732006742393,-74.00732006742393
1028.9300288486481,-74.00699176592687,-74.00699176592687
1028.9400288486481,-74.00667066670452,-74.00667066670452
1028.9500288486481,-74.00635685803957,-74.00635685803957
1028.960028848648,-74.00605042644659,-74.00605042644659
1028.970028848648,-74.00575145667972,-74.00575145667972
1028.980028848648,-74.00546003175714,-74.00546003175714
1028.990028848648,-74.00517623299008,-74.00517623299008
1029.000028848648,-74.00490014001169,-74.00490014001169
1029.010028848648,-74.00463183076675,-74.00463183076675
1029.020028848648,-74.00437138157992,-74.00437138157992
1029.030028848648,-74.00411886712862,-74.00411886712862
1029.040028848648,-74.00387436050417,-74.00387436050417
1029.050028848648,-74.00363793321469,-74.00363793321469
1029.060028848648,-74.00340965519942,-74.00340965519942
1029.070028848648,-74.00318959486232,-74.00318959486232
1029.080028848648,-74.00297781909644,-74.00297781909644
1029.090028848648,-74.00277439328168,-74.00277439328168
1029.100028848648,-74.0025793813308,-74.0025793813308
1029.110028848648,-74.00239284567489,-74.00239284567489
1029.120028848648,-74.00221484733675,-74.00221484733675
1029.1300288486482,-74.00204544590045,-74.00204544590045
1029.1400288486482,-74.00188469955091,-74.00188469955091
1029.1500288486482,-74.00173266510026,-74.00173266510026
1029.1600288486482,-74.00158939798791,-74.00158939798791
1029.1700288486481,-74.00145495231135,-74.00145495231135
1029.1800288486481,-74.00132938084847,-74.00132938084847
1029.1900288486481,-74.00121273506596,-74.00121273506596
1029.2000288486481,-74.00110506514683,-74.00110506514683
1029.210028848648,-74.00099997092656,-74.00099997092656
1029.220028848648,-74.0008946791659,-74.0008946791659
1029.230028848648,-74.0007878654577,-74.0007878654577
1029.240028848648,-74.00067887533234,-74.00067887533234
1029.250028848648,-74.00056742701828,-74.00056742701828
1029.260028848648,-74.00045345706239,-74.00045345706239
1029.270028848648,-74.0003370298102,-74.0003370298102
1029.280028848648,-74.0002182830538,-74.0002182830538
1029.290028848648,-74.00009739528996,-74.00009739528996
1029.300028848648,-73.99997456613244,-73.99997456613244
1029.310028848648,-73.99985000461679,-73.99985000461679
1029.320028848648,-73.99972392236036,-73.99972392236036
1029.330028848648,-73.99959652961937,-73.99959652961937
1029.340028848648,-73.999468033179,-73.999468033179
1029.35002887249,-73.99933863496894,-73.99933863496894
1029.36002887249,-73.99920853288388,-73.99920853288388
1029.37002887249,-73.99907791890942,-73.99907791890942
1029.38002887249,-73.9989469804821,-73.9989469804821
1029.39002887249,-73.99881590049867,-73.99881590049867
1029.4000288724899,-73.9986848575982,-73.9986848575982
1029.4100288724899,-73.99855402647881,-73.99855402647881
1029.4200288724899,-73.99842357822413,-73.99842357822413
1029.4300288724899,-73.99829368056646,-73.99829368056646
1029.4400288724898,-73.99816449816642,-73.99816449816642
1029.4500288724898,-73.99803619278494,-73.99803619278494
1029.4600288724898,-73.99790892354754,-73.99790892354754
1029.4700288724898,-73.99778284705644,-73.99778284705644
1029.48002887249,-73.99765811755655,-73.99765811755655
1029.49002887249,-73.99753488706853,-73.99753488706853
1029.50002887249,-73.99741330547471,-73.99741330547471
1029.51002887249,-73.99729352060224,-73.99729352060224
1029.52002887249,-73.99717567833892,-73.99717567833892
1029.53002887249,-73.99705992264816,-73.99705992264816
1029.54002887249,-73.99694639563742,-73.99694639563742
1029.55002887249,-73.99683523761081,-73.99683523761081
1029.56002887249,-73.99672658708502,-73.99672658708502
1029.57002887249,-73.99662058084132,-73.99662058084132
1029.58002887249,-73.99651735393854,-73.99651735393854
1029.59002887249,-73.99641703972799,-73.99641703972799
1029.60002887249,-73.99631976988802,-73.99631976988802
1029.61002887249,-73.99622567441456,-73.99622567441456
1029.62002887249,-73.99613488165717,-73.99613488165717
1029.63002887249,-73.99604751830877,-73.99604751830877
1029.64002887249,-73.99596370942233,-73.99596370942233
1029.6500288724899,-73.99588357841856,-73.99588357841856
1029.6600288724899,-73.99580724708862,-73.99580724708862
1029.6700288724899,-73.99573483560368,-73.99573483560368
1029.6800288724899,-73.99566646251566,-73.99566646251566
1029.6900288724898,-73.99560224475559,-73.99560224475559
1029.7000288724898,-73.9955422976632,-73.9955422976632
1029.7100288724898,-73.99548673495158,-73.99548673495158
1029.7200288724898,-73.99543566873747,-73.99543566873747
1029.73002887249,-73.9953892095463,-73.9953892095463
1029.74002887249,-73.99534746631149,-73.99534746631149
1029.75002887249,-73.9953105463674,-73.9953105463674
1029.76002887249,-73.99527855547005,-73.99527855547005
1029.77002887249,-73.99525159780107,-73.99525159780107
1029.78002887249,-73.99522977595781,-73.99522977595781
1029.79002887249,-73.99521319097141,-73.99521319097141
1029.80002887249,-73.99520194233205,-73.99520194233205
1029.81002887249,-73.9951961279347,-73.9951961279347
1029.82002887249,-73.9951958441504,-73.9951958441504
1029.83002887249,-73.99520118581107,-73.99520118581107
1029.84002887249,-73.99521224620176,-73.99521224620176
1029.85002887249,-73.995229117079,-73.995229117079
1029.86002887249,-73.99525188869643,-73.99525188869643
1029.87002887249,-73.99528064976849,-73.99528064976849
1029.88002887249,-73.99531548753818,-73.99531548753818
1029.89002887249,-73.99535648773025,-73.99535648773025
1029.9000288724899,-73.99540373459921,-73.99540373459921
1029.9100288724899,-73.99545731092785,-73.99545731092785
1029.9200288724899,-73.99551729802084,-73.99551729802084
1029.9300288724899,-73.99558377573491,-73.99558377573491
1029.9400288724898,-73.99565682249208,-73.99565682249208
1029.9500288724898,-73.99573651526931,-73.99573651526931
1029.9600288724898,-73.99582292961665,-73.99582292961665
1029.9700288724898,-73.99591613968826,-73.99591613968826
1029.98002887249,-73.99601621822266,-73.99601621822266
1029.99002887249,-73.99612323658536,-73.99612323658536
1030.00002887249,-73.99623726474724,-73.99623726474724
1030.01002887249,-73.99635837132787,-73.99635837132787
1030.02002887249,-73.99648662358544,-73.99648662358544
1030.03002887249,-73.9966220874481,-73.9966220874481
1030.04002887249,-73.99676482750036,-73.99676482750036
1030.05002887249,-73.99691490701477,-73.99691490701477
1030.06002887249,-73.99707238797735,-73.99707238797735
1030.07002887249,-73.9972373310555,-73.9972373310555
1030.08002887249,-73.99740979565573,-73.99740979565573
1030.09002887249,-73.9975898399053,-73.9975898399053
1030.10002887249,-73.99777752070148,-73.99777752070148
1030.11002887249,-73.99797289368347,-73.99797289368347
1030.12002887249,-73.9981760132588,-73.9981760132588
1030.13002887249,-73.9983869326402,-73.9983869326402
1030.14002887249,-73.99860570381878,-73.99860570381878
1030.1500288724899,-73.99883237760952,-73.99883237760952
1030.1600288724899,-73.99906700365035,-73.99906700365035
1030.1700288724899,-73.99930963042105,-73.99930963042105
1030.1800288724899,-73.9995603052415,-73.9995603052415
1030.1900288724898,-73.99981907430535,-73.99981907430535
1030.2000288963318,-74.0000859833149,-74.0000859833149
1030.2100288963318,-74.00036107498883,-74.00036107498883
1030.2200288963318,-74.00064439279076,-74.00064439279076
1030.2300288963318,-74.00093597849674,-74.00093597849674
1030.2400288963318,-74.00123587281689,-74.00123587281689
1030.2500288963317,-74.00154411540146,-74.00154411540146
1030.2600288963317,-74.00186074486174,-74.00186074486174
1030.2700288963317,-74.0021857987555,-74.0021857987555
1030.2800288963317,-74.00251931365003,-74.00251931365003
1030.2900288963317,-74.00286132508427,-74.00286132508427
1030.3000288963317,-74.00321186761194,-74.00321186761194
1030.3100288963317,-74.0035709747996,-74.0035709747996
1030.3200288963317,-74.00393867926017,-74.00393867926017
1030.330028896332,-74.00431501262801,-74.00431501262801
1030.340028896332,-74.00470000560767,-74.00470000560767
1030.3500288963319,-74.00509368796934,-74.00509368796934
1030.3600288963319,-74.00549608856382,-74.00549608856382
1030.3700288963319,-74.00590723533215,-74.00590723533215
1030.3800288963319,-74.00632715531931,-74.00632715531931
1030.3900288963318,-74.00675587469559,-74.00675587469559
1030.4000288963318,-74.00719341874373,-74.00719341874373
1030.4100288963318,-74.00763981190433,-74.00763981190433
1030.4200288963318,-74.00809507775243,-74.00809507775243
1030.4300288963318,-74.00855923904093,-74.00855923904093
1030.4400288963318,-74.0090323176895,-74.0090323176895
1030.4500288963318,-74.00951433481396,-74.00951433481396
1030.4600288963318,-74.01000531070756,-74.01000531070756
1030.4700288963318,-74.01050526489574,-74.01050526489574
1030.4800288963318,-74.01101421610721,-74.01101421610721
1030.4900288963318,-74.01153218230613,-74.01153218230613
1030.5000288963317,-74.01205918070286,-74.01205918070286
1030.5100288963317,-74.01259522775179,-74.01259522775179
1030.5200288963317,-74.01314033918258,-74.01314033918258
1030.5300288963317,-74.01369452999094,-74.01369452999094
1030.5400288963317,-74.01425781444728,-74.01425781444728
1030.5500288963317,-74.01483020613436,-74.01483020613436
1030.5600288963317,-74.01541171793158,-74.01541171793158
1030.5700288963317,-74.01600236203072,-74.01600236203072
1030.580028896332,-74.01660214995236,-74.01660214995236
1030.590028896332,-74.01721109255477,-74.01721109255477
1030.6000288963319,-74.01782920002721,-74.01782920002721
1030.6100288963319,-74.01845648192285,-74.01845648192285
1030.6200288963319,-74.01909294716626,-74.01909294716626
1030.6300288963319,-74.01973860404149,-74.01973860404149
1030.6400288963318,-74.02039346022586,-74.02039346022586
1030.6500288963318,-74.02105752277456,-74.02105752277456
1030.6600288963318,-74.02173079816384,-74.02173079816384
1030.6700288963318,-74.02241329226474,-74.02241329226474
1030.6800288963318,-74.02310501037412,-74.02310501037412
1030.6900288963318,-74.02380595721786,-74.02380595721786
1030.7000288963318,-74.02451613695774,-74.02451613695774
1030.7100288963318,-74.02523555319424,-74.02523555319424
1030.7200288963318,-74.02596420899003,-74.02596420899003
1030.7300288963318,-74.0267021068753,-74.0267021068753
1030.7400288963318,-74.02744924883157,-74.02744924883157
1030.7500288963317,-74.02820563634,-74.02820563634
1030.7600288963317,-74.02897127035384,-74.02897127035384
1030.7700288963317,-74.02974615133255,-74.02974615133255
1030.7800288963317,-74.03053027923264,-74.03053027923264
1030.7900288963317,-74.03132365353021,-74.03132365353021
1030.8000288963317,-74.0321262732066,-74.0321262732066
1030.8100288963317,-74.03293813678103,-74.03293813678103
1030.8200288963317,-74.03375924229924,-74.03375924229924
1030.830028896332,-74.03458958734934,-74.03458958734934
1030.840028896332,-74.0354291690727,-74.0354291690727
1030.8500288963319,-74.03627798416395,-74.03627798416395
1030.8600288963319,-74.03713602888205,-74.03713602888205
1030.8700288963319,-74.03800329906322,-74.03800329906322
1030.8800288963319,-74.03887979009932,-74.03887979009932
1030.8900288963318,-74.03976549699003,-74.03976549699003
1030.9000288963318,-74.04066041431744,-74.04066041431744
1030.9100288963318,-74.04156453625322,-74.04156453625322
1030.9200288963318,-74.04247785657834,-74.04247785657834
1030.9300288963318,-74.04340036869687,-74.04340036869687
1030.9400288963318,-74.04433206561517,-74.04433206561517
1030.9500288963318,-74.04527293996566,-74.04527293996566
1030.9600288963318,-74.04622298402283,-74.04622298402283
1030.9700288963318,-74.04718218968164,-74.04718218968164
1030.9800288963318,-74.04815054848494,-74.04815054848494
1030.9900288963318,-74.0491280516306,-74.0491280516306
1031.0000288963317,-74.05011468995573,-74.05011468995573
1031.0100288963317,-74.05111045397679,-74.05111045397679
1031.0200288963317,-74.05211533385855,-74.05211533385855
1031.0300288963317,-74.05312931944901,-74.05312931944901
1031.0400288963317,-74.05415240026673,-74.05415240026673
1031.0500289201736,-74.0551845679868,-74.0551845679868
1031.0600289201736,-74.05622580660578,-74.05622580660578
1031.0700289201736,-74.05727610713559,-74.05727610713559
1031.0800289201736,-74.05833545786777,-74.05833545786777
1031.0900289201736,-74.05940384678786,-74.05940384678786
1031.1000289201736,-74.06048126159703,-74.06048126159703
1031.1100289201736,-74.06156768971195,-74.06156768971195
1031.1200289201736,-74.06266311827166,-74.06266311827166
1031.1300289201736,-74.06376753413018,-74.06376753413018
1031.1400289201736,-74.06488092387474,-74.06488092387474
1031.1500289201736,-74.06600327383748,-74.06600327383748
1031.1600289201735,-74.06713457007726,-74.06713457007726
1031.1700289201735,-74.06827479840214,-74.06827479840214
1031.1800289201738,-74.06942394436372,-74.06942394436372
1031.1900289201737,-74.07058199327724,-74.07058199327724
1031.2000289201737,-74.07174893020269,-74.07174893020269
1031.2100289201737,-74.07292473996698,-74.07292473996698
1031.2200289201737,-74.07410940718103,-74.07410940718103
1031.2300289201737,-74.07530291619886,-74.07530291619886
1031.2400289201737,-74.07650525116054,-74.07650525116054
1031.2500289201737,-74.07771639599913,-74.07771639599913
1031.2600289201737,-74.0789363344124,-74.0789363344124
1031.2700289201737,-74.0801650498923,-74.0801650498923
1031.2800289201737,-74.08140252572463,-74.08140252572463
1031.2900289201737,-74.08264874498673,-74.08264874498673
1031.3000289201736,-74.08390369055675,-74.08390369055675
1031.3100289201736,-74.08516734513071,-74.08516734513071
1031.3200289201736,-74.08643969118762,-74.08643969118762
1031.3300289201736,-74.08772071102821,-74.08772071102821
1031.3400289201736,-74.08901038677583,-74.08901038677583
1031.3500289201736,-74.09030870036125,-74.09030870036125
1031.3600289201736,-74.09160583550492,-74.09160583550492
1031.3700289201736,-74.09289003794443,-74.09289003794443
1031.3800289201736,-74.09415100745672,-74.09415100745672
1031.3900289201736,-74.09538044341335,-74.09538044341335
1031.4000289201736,-74.09657175993019,-74.09657175993019
1031.4100289201735,-74.09771969904006,-74.09771969904006
1031.4200289201735,-74.09882001917956,-74.09882001917956
1031.4300289201738,-74.09986927161906,-74.09986927161906
1031.4400289201737,-74.10086464274129,-74.10086464274129
1031.4500289201737,-74.10180384022397,-74.10180384022397
1031.4600289201737,-74.10268500785114,-74.10268500785114
1031.4700289201737,-74.10350665913445,-74.10350665913445
1031.4800289201737,-74.10426762393118,-74.10426762393118
1031.4900289201737,-74.10496700432385,-74.10496700432385
1031.5000289201737,-74.1056041375787,-74.1056041375787
1031.5100289201737,-74.10617856460026,-74.10617856460026
1031.5200289201737,-74.10669000290359,-74.10669000290359
1031.5300289201737,-74.10713832331054,-74.10713832331054
1031.5400289201737,-74.1075235297919,-74.1075235297919
1031.5500289201736,-74.10784574195073,-74.10784574195073
1031.5600289201736,-74.10810517985084,-74.10810517985084
1031.5700289201736,-74.10830215075464,-74.10830215075464
1031.5800289201736,-74.10843703759008,-74.10843703759008
1031.5900289201736,-74.10851028885072,-74.10851028885072
1031.6000289201736,-74.10852240978267,-74.10852240978267
1031.6100289201736,-74.10847395467103,-74.10847395467103
1031.6200289201736,-74.10836552004508,-74.10836552004508
1031.6300289201736,-74.1081977387499,-74.1081977387499
1031.6400289201736,-74.10797127470735,-74.10797127470735
1031.6500289201736,-74.10768681834449,-74.10768681834449
1031.6600289201735,-74.10734508251628,-74.10734508251628
1031.6700289201735,-74.10694679894476,-74.10694679894476
1031.6800289201738,-74.1064927150775,-74.1064927150775
1031.6900289201737,-74.1059835913157,-74.1059835913157
1031.7000289201737,-74.10542019853888,-74.10542019853888
1031.7100289201737,-74.10480331596588,-74.10480331596588
1031.7200289201737,-74.10413372921252,-74.10413372921252
1031.7300289201737,-74.1034122286136,-74.1034122286136
1031.7400289201737,-74.1026396077106,-74.1026396077106
1031.7500289201737,-74.10181666195795,-74.10181666195795
1031.7600289201737,-74.1009441875098,-74.1009441875098
1031.7700289201737,-74.10002298021702,-74.10002298021702
1031.7800289201737,-74.0990538347116,-74.0990538347116
1031.7900289201737,-74.09803754358663,-74.09803754358663
1031.8000289201736,-74.09697489669972,-74.09697489669972
1031.8100289201736,-74.09586668053736,-74.09586668053736
1031.8200289201736,-74.09471367767493,-74.09471367767493
1031.8300289201736,-74.09351666627846,-74.09351666627846
1031.8400289201736,-74.09227641969662,-74.09227641969662
1031.8500289201736,-74.09099370609636,-74.09099370609636
1031.8600289201736,-74.08966928810308,-74.08966928810308
1031.8700289201736,-74.08830392256748,-74.08830392256748
1031.8800289201736,-74.08689836030322,-74.08689836030322
1031.8900289201736,-74.08545334586213,-74.08545334586213
1031.9000289440155,-74.0839696138402,-74.0839696138402
1031.9100289440155,-74.0824479027907,-74.0824479027907
1031.9200289440155,-74.08088893412024,-74.08088893412024
1031.9300289440155,-74.07929342587057,-74.07929342587057
1031.9400289440155,-74.07766208920441,-74.07766208920441
1031.9500289440155,-74.07599562829745,-74.07599562829745
1031.9600289440154,-74.07429474031615,-74.07429474031615
1031.9700289440154,-74.07256011535583,-74.07256011535583
1031.9800289440154,-74.0707924364218,-74.0707924364218
1031.9900289440154,-74.06899237939909,-74.06899237939909
1032.0000289440154,-74.06716061305771,-74.06716061305771
1032.0100289440154,-74.06529779905425,-74.06529779905425
1032.0200289440154,-74.06340459192033,-74.06340459192033
1032.0300289440156,-74.0614816390876,-74.0614816390876
1032.0400289440156,-74.05952958090853,-74.05952958090853
1032.0500289440156,-74.05754905067687,-74.05754905067687
1032.0600289440156,-74.05554067466196,-74.05554067466196
1032.0700289440156,-74.05350507212829,-74.05350507212829
1032.0800289440156,-74.05144285539177,-74.05144285539177
1032.0900289440156,-74.04935462985077,-74.04935462985077
1032.1000289440155,-74.04724099402102,-74.04724099402102
1032.1100289440155,-74.04510253959972,-74.04510253959972
1032.1200289440155,-74.04293985149607,-74.04293985149607
1032.1300289440155,-74.04075350788136,-74.04075350788136
1032.1400289440155,-74.03854408025687,-74.03854408025687
1032.1500289440155,-74.03631213348544,-74.03631213348544
1032.1600289440155,-74.03405822585788,-74.03405822585788
1032.1700289440155,-74.03178290913023,-74.03178290913023
1032.1800289440155,-74.02948672861389,-74.02948672861389
1032.1900289440155,-74.0271702231872,-74.0271702231872
1032.2000289440155,-74.02483392537037,-74.02483392537037
1032.2100289440154,-74.02247836140708,-74.02247836140708
1032.2200289440154,-74.02010405127665,-74.02010405127665
1032.2300289440154,-74.0177115087839,-74.0177115087839
1032.2400289440154,-74.01530124159028,-74.01530124159028
1032.2500289440154,-74.01287375130055,-74.01287375130055
1032.2600289440154,-74.01042953350066,-74.01042953350066
1032.2700289440154,-74.00796907781147,-74.00796907781147
1032.2800289440156,-74.00549286796706,-74.00549286796706
1032.2900289440156,-74.00300138183937,-74.00300138183937
1032.3000289440156,-74.00049509151805,-74.00049509151805
1032.3100289440156,-73.99797446337958,-73.99797446337958
1032.3200289440156,-73.99543995809628,-73.99543995809628
1032.3300289440156,-73.99289203073259,-73.99289203073259
1032.3400289440156,-73.9903311307915,-73.9903311307915
1032.3500289440155,-73.9877577022599,-73.9877577022599
1032.3600289440155,-73.98517218368171,-73.98517218368171
1032.3700289440155,-73.98257500818052,-73.98257500818052
1032.3800289440155,-73.97996660355429,-73.97996660355429
1032.3900289440155,-73.97734739229105,-73.97734739229105
1032.4000289440155,-73.97471779164837,-73.97471779164837
1032.4100289440155,-73.97207821369125,-73.97207821369125
1032.4200289440155,-73.96942906535136,-73.96942906535136
1032.4300289440155,-73.96677074846617,-73.96677074846617
1032.4400289440155,-73.96410365986746,-73.96410365986746
1032.4500289440155,-73.96142819137332,-73.96142819137332
1032.4600289440154,-73.9587447298866,-73.9587447298866
1032.4700289440154,-73.95605365743451,-73.95605365743451
1032.4800289440154,-73.95335535119762,-73.95335535119762
1032.4900289440154,-73.9506501835942,-73.9506501835942
1032.5000289440154,-73.94793852228062,-73.94793852228062
1032.5100289440154,-73.94522073026435,-73.94522073026435
1032.5200289440154,-73.94249716589255,-73.94249716589255
1032.5300289440156,-73.93976818292225,-73.93976818292225
1032.5400289440156,-73.93703413057438,-73.93703413057438
1032.5500289440156,-73.93429535357612,-73.93429535357612
1032.5600289440156,-73.93155219220363,-73.93155219220363
1032.5700289440156,-73.92880498231212,-73.92880498231212
1032.5800289440156,-73.92605405542018,-73.92605405542018
1032.5900289440156,-73.92329973872486,-73.92329973872486
1032.6000289440155,-73.92054235515029,-73.92054235515029
1032.6100289440155,-73.91778222339482,-73.91778222339482
1032.6200289440155,-73.9150196579824,-73.9150196579824
1032.6300289440155,-73.91225496929091,-73.91225496929091
1032.6400289440155,-73.90948846359989,-73.90948846359989
1032.6500289440155,-73.90672044314904,-73.90672044314904
1032.6600289440155,-73.90395120615568,-73.90395120615568
1032.6700289440155,-73.90118104686913,-73.90118104686913
1032.6800289440155,-73.89841025560185,-73.89841025560185
1032.6900289440155,-73.89563911879911,-73.89563911879911
1032.7000289440155,-73.89286791904166,-73.89286791904166
1032.7100289440154,-73.89009693511723,-73.89009693511723
1032.7200289440154,-73.88732644202823,-73.88732644202823
1032.7300289440154,-73.88455671106848,-73.88455671106848
1032.7400289440154,-73.88178800982705,-73.88178800982705
1032.7500289678574,-73.87902059565883,-73.87902059565883
1032.7600289678574,-73.8762547421019,-73.8762547421019
1032.7700289678573,-73.87349069930009,-73.87349069930009
1032.7800289678573,-73.87072872048218,-73.87072872048218
1032.7900289678573,-73.86796905536619,-73.86796905536619
1032.8000289678573,-73.86521195022108,-73.86521195022108
1032.8100289678573,-73.86245764788849,-73.86245764788849
1032.8200289678573,-73.85970638780184,-73.85970638780184
1032.8300289678573,-73.85695840605283,-73.85695840605283
1032.8400289678573,-73.85421393541652,-73.85421393541652
1032.8500289678573,-73.85147320539109,-73.85147320539109
1032.8600289678573,-73.8487364422048,-73.8487364422048
1032.8700289678573,-73.84600386888847,-73.84600386888847
1032.8800289678575,-73.84327570527975,-73.84327570527975
1032.8900289678575,-73.84055216808443,-73.84055216808443
1032.9000289678575,-73.83783347088897,-73.83783347088897
1032.9100289678574,-73.83511982420569,-73.83511982420569
1032.9200289678574,-73.83241143549218,-73.83241143549218
1032.9300289678574,-73.82970850919014,-73.82970850919014
1032.9400289678574,-73.82701124675447,-73.82701124675447
1032.9500289678574,-73.82431984671427,-73.82431984671427
1032.9600289678574,-73.82163450466365,-73.82163450466365
1032.9700289678574,-73.81895541331004,-73.81895541331004
1032.9800289678574,-73.81628276249495,-73.81628276249495
1032.9900289678574,-73.81361673925693,-73.81361673925693
1033.0000289678574,-73.8109575278243,-73.8109575278243
1033.0100289678574,-73.80830530966031,-73.80830530966031
1033.0200289678573,-73.80566026350007,-73.80566026350007
1033.0300289678573,-73.80302256537402,-73.80302256537402
1033.0400289678573,-73.80039238862506,-73.80039238862506
1033.0500289678573,-73.79776990395449,-73.79776990395449
1033.0600289678573,-73.79515527946073,-73.79515527946073
1033.0700289678573,-73.79254868063045,-73.79254868063045
1033.0800289678573,-73.78995027038722,-73.78995027038722
1033.0900289678573,-73.78736020914873,-73.78736020914873
1033.1000289678573,-73.78477865479515,-73.78477865479515
1033.1100289678573,-73.78220576274494,-73.78220576274494
1033.1200289678573,-73.77964168596228,-73.77964168596228
1033.1300289678575,-73.77708657497786,-73.77708657497786
1033.1400289678575,-73.77454057793733,-73.77454057793733
1033.1500289678575,-73.7720038406005,-73.7720038406005
1033.1600289678574,-73.76947650639273,-73.76947650639273
1033.1700289678574,-73.76695871641337,-73.76695871641337
1033.1800289678574,-73.7644506094709,-73.7644506094709
1033.1900289678574,-73.76195232209777,-73.76195232209777
1033.2000289678574,-73.75946398859458,-73.75946398859458
1033.2100289678574,-73.75698574102253,-73.75698574102253
1033.2200289678574,-73.75451770926966,-73.75451770926966
1033.2300289678574,-73.75206002103481,-73.75206002103481
1033.2400289678574,-73.74961280188349,-73.74961280188349
1033.2500289678574,-73.74717617525577,-73.74717617525577
1033.2600289678574,-73.74475026248564,-73.74475026248564
1033.2700289678573,-73.74233518284261,-73.74233518284261
1033.2800289678573,-73.73993105352908,-73.73993105352908
1033.2900289678573,-73.73753798974006,-73.73753798974006
1033.3000289678573,-73.73515610464021,-73.73515610464021
1033.3100289678573,-73.7327855094196,-73.7327855094196
1033.3200289678573,-73.73042631331546,-73.73042631331546
1033.3300289678573,-73.72807862360692,-73.72807862360692
1033.3400289678573,-73.72574254566517,-73.72574254566517
1033.3500289678573,-73.72341818297805,-73.72341818297805
1033.3600289678573,-73.72110563713292,-73.72110563713292
1033.3700289678573,-73.71880500787071,-73.71880500787071
1033.3800289678575,-73.71651639310787,-73.71651639310787
1033.3900289678575,-73.71423988895216,-73.71423988895216
1033.4000289678575,-73.71197558969553,-73.71197558969553
1033.4100289678574,-73.70972358788421,-73.70972358788421
1033.4200289678574,-73.70748397430626,-73.70748397430626
1033.4300289678574,-73.7052568380101,-73.7052568380101
1033.4400289678574,-73.70304226634211,-73.70304226634211
1033.4500289678574,-73.70084034495062,-73.70084034495062
1033.4600289678574,-73.6986511578144,-73.6986511578144
1033.4700289678574,-73.6964747872587,-73.6964747872587
1033.4800289678574,-73.69431131397245,-73.69431131397245
1033.4900289678574,-73.69216081703236,-73.69216081703236
1033.5000289678574,-73.69002337391464,-73.69002337391464
1033.5100289678574,-73.68789906051848,-73.68789906051848
1033.5200289678573,-73.68578795118833,-73.68578795118833
1033.5300289678573,-73.68369011870519,-73.68369011870519
1033.5400289678573,-73.68160563434698,-73.68160563434698
1033.5500289678573,-73.67953456788983,-73.67953456788983
1033.5600289678573,-73.67747698759887,-73.67747698759887
1033.5700289678573,-73.67543296028047,-73.67543296028047
1033.5800289678573,-73.67340255127934,-73.67340255127934
1033.5900289678573,-73.67138582451238,-73.67138582451238
1033.6000289916992,-73.66938283769241,-73.66938283769241
1033.6100289916992,-73.66739366149402,-73.66739366149402
1033.6200289916992,-73.66541835079445,-73.66541835079445
1033.6300289916992,-73.66345696392307,-73.66345696392307
1033.6400289916992,-73.66150955785213,-73.66150955785213
1033.6500289916992,-73.65957618820586,-73.65957618820586
1033.6600289916992,-73.65765690929852,-73.65765690929852
1033.6700289916992,-73.65575177412514,-73.65575177412514
1033.6800289916991,-73.653860834384,-73.653860834384
1033.6900289916991,-73.65198414051184,-73.65198414051184
1033.7000289916991,-73.65012174167707,-73.65012174167707
1033.7100289916991,-73.64827368579081,-73.64827368579081
1033.720028991699,-73.64644001954417,-73.64644001954417
1033.7300289916993,-73.6446207884031,-73.6446207884031
1033.7400289916993,-73.64281603662931,-73.64281603662931
1033.7500289916993,-73.64102580731095,-73.64102580731095
1033.7600289916993,-73.63925014234653,-73.63925014234653
1033.7700289916993,-73.63748908247365,-73.63748908247365
1033.7800289916993,-73.63574266729462,-73.63574266729462
1033.7900289916993,-73.63401093527276,-73.63401093527276
1033.8000289916993,-73.63229392375612,-73.63229392375612
1033.8100289916993,-73.63059166897614,-73.63059166897614
1033.8200289916992,-73.62890420607904,-73.62890420607904
1033.8300289916992,-73.62723156913937,-73.62723156913937
1033.8400289916992,-73.6255737911679,-73.6255737911679
1033.8500289916992,-73.62393090410629,-73.62393090410629
1033.8600289916992,-73.62230293887262,-73.62230293887262
1033.8700289916992,-73.62068992534674,-73.62068992534674
1033.8800289916992,-73.61909189239782,-73.61909189239782
1033.8900289916992,-73.61750886789639,-73.61750886789639
1033.9000289916992,-73.61594087872538,-73.61594087872538
1033.9100289916992,-73.61438795078152,-73.61438795078152
1033.9200289916992,-73.61285010900342,-73.61285010900342
1033.9300289916991,-73.6113273773739,-73.6113273773739
1033.9400289916991,-73.60981977893802,-73.60981977893802
1033.9500289916991,-73.60832733580602,-73.60832733580602
1033.9600289916991,-73.6068500691727,-73.6068500691727
1033.970028991699,-73.6053879993217,-73.6053879993217
1033.9800289916993,-73.60394114564426,-73.60394114564426
1033.9900289916993,-73.60250952665535,-73.60250952665535
1034.0000289916993,-73.60109315997799,-73.60109315997799
1034.0100289916993,-73.59969206240366,-73.59969206240366
1034.0200289916993,-73.5983062498391,-73.5983062498391
1034.0300289916993,-73.59693573736745,-73.59693573736745
1034.0400289916993,-73.595580539246,-73.595580539246
1034.0500289916993,-73.59424066890288,-73.59424066890288
1034.0600289916993,-73.59291613896129,-73.59291613896129
1034.0700289916992,-73.59160696124613,-73.59160696124613
1034.0800289916992,-73.59031314679919,-73.59031314679919
1034.0900289916992,-73.58903470586684,-73.58903470586684
1034.1000289916992,-73.58777164795157,-73.58777164795157
1034.1100289916992,-73.58652398177463,-73.58652398177463
1034.1200289916992,-73.58529171532768,-73.58529171532768
1034.1300289916992,-73.5840748558542,-73.5840748558542
1034.1400289916992,-73.58287340986615,-73.58287340986615
1034.1500289916992,-73.58168738316347,-73.58168738316347
1034.1600289916992,-73.58051678082636,-73.58051678082636
1034.1700289916992,-73.57936160723796,-73.57936160723796
1034.1800289916991,-73.57822186609079,-73.57822186609079
1034.1900289916991,-73.5770975603995,-73.5770975603995
1034.2000289916991,-73.57598869249517,-73.57598869249517
1034.2100289916991,-73.57488884193559,-73.57488884193559
1034.220028991699,-73.57379519309183,-73.57379519309183
1034.2300289916993,-73.5727063724202,-73.5727063724202
1034.2400289916993,-73.5716216743675,-73.5716216743675
1034.2500289916993,-73.57054076570435,-73.57054076570435
1034.2600289916993,-73.5694635318775,-73.5694635318775
1034.2700289916993,-73.56838998686362,-73.56838998686362
1034.2800289916993,-73.56732021899157,-73.56732021899157
1034.2900289916993,-73.56625435833546,-73.56625435833546
1034.3000289916993,-73.5651925570824,-73.5651925570824
1034.3100289916993,-73.56413497785803,-73.56413497785803
1034.3200289916992,-73.56308178682924,-73.56308178682924
1034.3300289916992,-73.56203314974253,-73.56203314974253
1034.3400289916992,-73.5609892297568,-73.5609892297568
1034.3500289916992,-73.55995018632903,-73.55995018632903
1034.3600289916992,-73.55891617476011,-73.55891617476011
1034.3700289916992,-73.55788734614488,-73.55788734614488
1034.3800289916992,-73.55686384745945,-73.55686384745945
1034.3900289916992,-73.55584582183118,-73.55584582183118
1034.4000289916992,-73.55483340880666,-73.55483340880666
1034.4100289916992,-73.55382674465164,-73.55382674465164
1034.4200289916992,-73.55282596263469,-73.55282596263469
1034.4300289916991,-73.55183119327643,-73.55183119327643
1034.4400289916991,-73.55084256459347,-73.55084256459347
1034.450029015541,-73.54986019996954,-73.54986019996954
1034.460029015541,-73.54888422767657,-73.54888422767657
1034.470029015541,-73.54791476698777,-73.54791476698777
1034.480029015541,-73.5469519376723,-73.5469519376723
1034.490029015541,-73.54599585776587,-73.54599585776587
1034.500029015541,-73.54504664365885,-73.54504664365885
1034.510029015541,-73.54410441017416,-73.54410441017416
1034.520029015541,-73.54316927063282,-73.54316927063282
1034.530029015541,-73.54224133688295,-73.54224133688295
1034.540029015541,-73.54132071937529,-73.54132071937529
1034.550029015541,-73.54040752716737,-73.54040752716737
1034.560029015541,-73.5395018679586,-73.5395018679586
1034.570029015541,-73.53860384811678,-73.53860384811678
1034.5800290155412,-73.53771357268914,-73.53771357268914
1034.5900290155412,-73.5368311454005,-73.5368311454005
1034.6000290155412,-73.53595666869278,-73.53595666869278
1034.6100290155412,-73.53509024370018,-73.53509024370018
1034.6200290155411,-73.53423197026656,-73.53423197026656
1034.6300290155411,-73.53338194694085,-73.53338194694085
1034.6400290155411,-73.53254027098812,-73.53254027098812
1034.6500290155411,-73.53170703837698,-73.53170703837698
1034.660029015541,-73.53088234379304,-73.53088234379304
1034.670029015541,-73.53006628061095,-73.53006628061095
1034.680029015541,-73.52925894092343,-73.52925894092343
1034.690029015541,-73.52846041553225,-73.52846041553225
1034.700029015541,-73.52767079392204,-73.52767079392204
1034.710029015541,-73.52689016427318,-73.52689016427318
1034.720029015541,-73.5261186134831,-73.5261186134831
1034.730029015541,-73.52535622711578,-73.52535622711578
1034.740029015541,-73.52460308944768,-73.52460308944768
1034.750029015541,-73.52385928343367,-73.52385928343367
1034.760029015541,-73.52312489072567,-73.52312489072567
1034.770029015541,-73.5223999916573,-73.5223999916573
1034.780029015541,-73.52168466525102,-73.52168466525102
1034.790029015541,-73.52097898922968,-73.52097898922968
1034.800029015541,-73.52028303999825,-73.52028303999825
1034.810029015541,-73.51959689265017,-73.51959689265017
1034.820029015541,-73.5189206209758,-73.5189206209758
1034.8300290155412,-73.51825429746928,-73.51825429746928
1034.8400290155412,-73.5175979933053,-73.5175979933053
1034.8500290155412,-73.516951778371,-73.516951778371
1034.8600290155412,-73.51631572126018,-73.51631572126018
1034.8700290155411,-73.51568988927183,-73.51568988927183
1034.8800290155411,-73.51507434841466,-73.51507434841466
1034.8900290155411,-73.51446916341823,-73.51446916341823
1034.9000290155411,-73.51387439773819,-73.51387439773819
1034.910029015541,-73.51329011354576,-73.51329011354576
1034.920029015541,-73.5127163717635,-73.5127163717635
1034.930029015541,-73.51215323205021,-73.51215323205021
1034.940029015541,-73.51160075280772,-73.51160075280772
1034.950029015541,-73.51105899119923,-73.51105899119923
1034.960029015541,-73.51052800313542,-73.51052800313542
1034.970029015541,-73.51000784331472,-73.51000784331472
1034.980029015541,-73.50949856519075,-73.50949856519075
1034.990029015541,-73.50900022103585,-73.50900022103585
1035.000029015541,-73.50851286188608,-73.50851286188608
1035.010029015541,-73.50803653758922,-73.50803653758922
1035.020029015541,-73.50757129680542,-73.50757129680542
1035.030029015541,-73.50711718701345,-73.50711718701345
1035.040029015541,-73.50667425452016,-73.50667425452016
1035.050029015541,-73.50624254447115,-73.50624254447115
1035.060029015541,-73.50582210087401,-73.50582210087401
1035.070029015541,-73.50541296657858,-73.50541296657858
1035.0800290155412,-73.50501518330259,-73.50501518330259
1035.0900290155412,-73.5046287916512,-73.5046287916512
1035.1000290155412,-73.50425383111526,-73.50425383111526
1035.1100290155412,-73.5038903400937,-73.5038903400937
1035.1200290155411,-73.50353835587109,-73.50353835587109
1035.1300290155411,-73.50319791467044,-73.50319791467044
1035.1400290155411,-73.50286905164081,-73.50286905164081
1035.1500290155411,-73.50255180087103,-73.50255180087103
1035.160029015541,-73.50224619540955,-73.50224619540955
1035.170029015541,-73.50195226726387,-73.50195226726387
1035.180029015541,-73.50167004739586,-73.50167004739586
1035.190029015541,-73.50139956578893,-73.50139956578893
1035.200029015541,-73.50114085139163,-73.50114085139163
1035.210029015541,-73.50089393217448,-73.50089393217448
1035.220029015541,-73.50065883512082,-73.50065883512082
1035.230029015541,-73.50043558624667,-73.50043558624667
1035.240029015541,-73.50022421060136,-73.50022421060136
1035.250029015541,-73.50002473228601,-73.50002473228601
1035.260029015541,-73.49983717447451,-73.49983717447451
1035.270029015541,-73.49966155940294,-73.49966155940294
1035.280029015541,-73.49949790839237,-73.49949790839237
1035.290029015541,-73.49934624185984,-73.49934624185984
1035.300029039383,-73.49920657900233,-73.49920657900233
1035.310029039383,-73.49907893915267,-73.49907893915267
1035.320029039383,-73.49896333972364,-73.49896333972364
1035.330029039383,-73.49885979761396,-73.49885979761396
1035.340029039383,-73.49876832889206,-73.49876832889206
1035.350029039383,-73.49868894876853,-73.49868894876853
1035.3600290393829,-73.49862167163953,-73.49862167163953
1035.3700290393829,-73.49856651107993,-73.49856651107993
1035.3800290393829,-73.49852347985359,-73.49852347985359
1035.3900290393829,-73.49849258993137,-73.49849258993137
1035.4000290393828,-73.49847385249598,-73.49847385249598
1035.4100290393828,-73.49846727796191,-73.49846727796191
1035.4200290393828,-73.49847287597014,-73.49847287597014
1035.430029039383,-73.49849065540499,-73.49849065540499
1035.440029039383,-73.49852062441026,-73.49852062441026
1035.450029039383,-73.49856279040331,-73.49856279040331
1035.460029039383,-73.49861716006926,-73.49861716006926
1035.470029039383,-73.49868373937963,-73.49868373937963
1035.480029039383,-73.49876253360918,-73.49876253360918
1035.490029039383,-73.49885354733134,-73.49885354733134
1035.500029039383,-73.49895678443355,-73.49895678443355
1035.510029039383,-73.49907224814004,-73.49907224814004
1035.520029039383,-73.49919994099514,-73.49919994099514
1035.530029039383,-73.49933986491085,-73.49933986491085
1035.540029039383,-73.49949202113,-73.49949202113
1035.550029039383,-73.49965641027002,-73.49965641027002
1035.560029039383,-73.499833032327,-73.499833032327
1035.570029039383,-73.50002188666764,-73.50002188666764
1035.580029039383,-73.50022297206358,-73.50022297206358
1035.590029039383,-73.5004362866779,-73.5004362866779
1035.600029039383,-73.50066182808627,-73.50066182808627
1035.6100290393829,-73.50089959329159,-73.50089959329159
1035.6200290393829,-73.50114957870737,-73.50114957870737
1035.6300290393829,-73.50141178020102,-73.50141178020102
1035.6400290393829,-73.50168619306956,-73.50168619306956
1035.6500290393828,-73.50197281208204,-73.50197281208204
1035.6600290393828,-73.50227163144586,-73.50227163144586
1035.6700290393828,-73.50258264485949,-73.50258264485949
1035.680029039383,-73.50290584549043,-73.50290584549043
1035.690029039383,-73.50324122599618,-73.50324122599618
1035.700029039383,-73.50358877853154,-73.50358877853154
1035.710029039383,-73.50394849474836,-73.50394849474836
1035.720029039383,-73.5043203658185,-73.5043203658185
1035.730029039383,-73.50470438242428,-73.50470438242428
1035.740029039383,-73.50510053478477,-73.50510053478477
1035.750029039383,-73.50550881263162,-73.50550881263162
1035.760029039383,-73.50592920526894,-73.50592920526894
1035.770029039383,-73.50636170152578,-73.50636170152578
1035.780029039383,-73.50680628980537,-73.50680628980537
1035.790029039383,-73.50726295805427,-73.50726295805427
1035.800029039383,-73.50773169381529,-73.50773169381529
1035.810029039383,-73.5082124841922,-73.5082124841922
1035.820029039383,-73.50870531588212,-73.50870531588212
1035.830029039383,-73.50921017516895,-73.50921017516895
1035.840029039383,-73.50972704794452,-73.50972704794452
1035.850029039383,-73.51025591970298,-73.51025591970298
1035.8600290393829,-73.51079677554526,-73.51079677554526
1035.8700290393829,-73.51134960020352,-73.51134960020352
1035.8800290393829,-73.51191437802558,-73.51191437802558
1035.8900290393829,-73.51249109299985,-73.51249109299985
1035.9000290393828,-73.51307972874775,-73.51307972874775
1035.9100290393828,-73.51368026854769,-73.51368026854769
1035.9200290393828,-73.51429269530958,-73.51429269530958
1035.930029039383,-73.51491699161396,-73.51491699161396
1035.940029039383,-73.51555313971011,-73.51555313971011
1035.950029039383,-73.51620112150223,-73.51620112150223
1035.960029039383,-73.51685450141565,-73.51685450141565
1035.970029039383,-73.51751044579525,-73.51751044579525
1035.980029039383,-73.5181675617328,-73.5181675617328
1035.990029039383,-73.51882512360744,-73.51882512360744
1036.000029039383,-73.51948277778395,-73.51948277778395
1036.010029039383,-73.52014038920846,-73.52014038920846
1036.020029039383,-73.5207979514353,-73.5207979514353
1036.030029039383,-73.52145553258546,-73.52145553258546
1036.040029039383,-73.52211324278748,-73.52211324278748
1036.050029039383,-73.52277121464508,-73.52277121464508
1036.060029039383,-73.52342959159196,-73.52342959159196
1036.070029039383,-73.52408852098776,-73.52408852098776
1036.080029039383,-73.52474815020116,-73.52474815020116
1036.090029039383,-73.52540862439892,-73.52540862439892
1036.100029039383,-73.52607008548948,-73.52607008548948
1036.1100290393829,-73.5267326716303,-73.5267326716303
1036.1200290393829,-73.52739651715234,-73.52739651715234
1036.1300290393829,-73.52806175269335,-73.52806175269335
1036.1400290393829,-73.52872850542104,-73.52872850542104
1036.1500290632248,-73.5293969008921,-73.5293969008921
1036.1600290632248,-73.53006705698841,-73.53006705698841
1036.1700290632248,-73.53073909372698,-73.53073909372698
1036.1800290632248,-73.53141312715093,-73.53141312715093
1036.1900290632248,-73.53208927113494,-73.53208927113494
1036.2000290632247,-73.53276763761474,-73.53276763761474
1036.2100290632247,-73.5334419186561,-73.5334419186561
1036.2200290632247,-73.53410940780195,-73.53410940780195
1036.2300290632247,-73.53476883839292,-73.53476883839292
1036.2400290632247,-73.53541961005536,-73.53541961005536
1036.2500290632247,-73.53606149341357,-73.53606149341357
1036.2600290632247,-73.53669447675357,-73.53669447675357
1036.2700290632247,-73.53731867608388,-73.53731867608388
1036.280029063225,-73.53793428111899,-73.53793428111899
1036.290029063225,-73.53854152278008,-73.53854152278008
1036.3000290632249,-73.53914065366621,-73.53914065366621
1036.3100290632249,-73.53973193641276,-73.53973193641276
1036.3200290632249,-73.5403156368351,-73.5403156368351
1036.3300290632249,-73.54089201998221,-73.54089201998221
1036.3400290632248,-73.54146134796072,-73.54146134796072
1036.3500290632248,-73.54202387882754,-73.54202387882754
1036.3600290632248,-73.54257986613064,-73.54257986613064
1036.3700290632248,-73.54312955883141,-73.54312955883141
1036.3800290632248,-73.54367320138824,-73.54367320138824
1036.3900290632248,-73.54421103400848,-73.54421103400848
1036.4000290632248,-73.54474329289219,-73.54474329289219
1036.4100290632248,-73.54527021052802,-73.54527021052802
1036.4200290632248,-73.54579201592777,-73.54579201592777
1036.4300290632248,-73.54630893488685,-73.54630893488685
1036.4400290632248,-73.54682119019598,-73.54682119019598
1036.4500290632247,-73.54732900181985,-73.54732900181985
1036.4600290632247,-73.54782616892697,-73.54782616892697
1036.4700290632247,-73.54831009203765,-73.54831009203765
1036.4800290632247,-73.54877961082103,-73.54877961082103
1036.4900290632247,-73.54923423037371,-73.54923423037371
1036.5000290632247,-73.54967382590736,-73.54967382590736
1036.5100290632247,-73.55009848936105,-73.55009848936105
1036.5200290632247,-73.55050843945968,-73.55050843945968
1036.530029063225,-73.55090396769657,-73.55090396769657
1036.540029063225,-73.55128540580665,-73.55128540580665
1036.5500290632249,-73.55165310624413,-73.55165310624413
1036.5600290632249,-73.55200743053,-73.55200743053
1036.5700290632249,-73.55234874239748,-73.55234874239748
1036.5800290632249,-73.55267740383121,-73.55267740383121
1036.5900290632248,-73.55299377289187,-73.55299377289187
1036.6000290632248,-73.55329820261095,-73.55329820261095
1036.6100290632248,-73.5535910405298,-73.5535910405298
1036.6200290632248,-73.55387262859674,-73.55387262859674
1036.6300290632248,-73.55414330328888,-73.55414330328888
1036.6400290632248,-73.55440339581615,-73.55440339581615
1036.6500290632248,-73.55465323240396,-73.55465323240396
1036.6600290632248,-73.55489313455901,-73.55489313455901
1036.6700290632248,-73.55512341932538,-73.55512341932538
1036.6800290632248,-73.55534439954054,-73.55534439954054
1036.6900290632248,-73.55555638403023,-73.55555638403023
1036.7000290632247,-73.5557596778181,-73.5557596778181
1036.7100290632247,-73.5559545822776,-73.5559545822776
1036.7200290632247,-73.55614139526212,-73.55614139526212
1036.7300290632247,-73.55632041123869,-73.55632041123869
1036.7400290632247,-73.55649192135591,-73.55649192135591
1036.7500290632247,-73.5566562135565,-73.5566562135565
1036.7600290632247,-73.55681357260472,-73.55681357260472
1036.7700290632247,-73.55696428018409,-73.55696428018409
1036.780029063225,-73.55710861490553,-73.55710861490553
1036.790029063225,-73.55724685234395,-73.55724685234395
1036.8000290632249,-73.55737926507985,-73.55737926507985
1036.8100290632249,-73.55750612271515,-73.55750612271515
1036.8200290632249,-73.55762769187636,-73.55762769187636
1036.8300290632249,-73.5577442362486,-73.5577442362486
1036.8400290632248,-73.55785601656227,-73.55785601656227
1036.8500290632248,-73.55796329062818,-73.55796329062818
1036.8600290632248,-73.55806631331612,-73.55806631331612
1036.8700290632248,-73.55816533657035,-73.55816533657035
1036.8800290632248,-73.55826060941648,-73.55826060941648
1036.8900290632248,-73.55835237794788,-73.55835237794788
1036.9000290632248,-73.55844088534913,-73.55844088534913
1036.9100290632248,-73.55852637190193,-73.55852637190193
1036.9200290632248,-73.55860907494969,-73.55860907494969
1036.9300290632248,-73.5586892289382,-73.5586892289382
1036.9400290632248,-73.55876706541116,-73.55876706541116
1036.9500290632247,-73.55884281300264,-73.55884281300264
1036.9600290632247,-73.55891669745233,-73.55891669745233
1036.9700290632247,-73.55898894160065,-73.55898894160065
1036.9800290632247,-73.55905976540927,-73.55905976540927
1036.9900290632247,-73.55912938595391,-73.55912938595391
1037.0000290870667,-73.55919801760331,-73.55919801760331
1037.0100290870666,-73.55926587136294,-73.55926587136294
1037.0200290870666,-73.55933315589634,-73.55933315589634
1037.0300290870666,-73.55940007684174,-73.55940007684174
1037.0400290870666,-73.55946683699761,-73.55946683699761
1037.0500290870666,-73.55953363634757,-73.55953363634757
1037.0600290870666,-73.5596006720584,-73.5596006720584
1037.0700290870666,-73.55966813851275,-73.55966813851275
1037.0800290870666,-73.55973622728987,-73.55973622728987
1037.0900290870666,-73.55980512721085,-73.55980512721085
1037.1000290870666,-73.55987502433689,-73.55987502433689
1037.1100290870666,-73.55994610200054,-73.55994610200054
1037.1200290870665,-73.56001854079655,-73.56001854079655
1037.1300290870668,-73.5600925186191,-73.5600925186191
1037.1400290870668,-73.56016821068059,-73.56016821068059
1037.1500290870667,-73.56024578952454,-73.56024578952454
1037.1600290870667,-73.56032542503294,-73.56032542503294
1037.1700290870667,-73.56040728445997,-73.56040728445997
1037.1800290870667,-73.56049153245024,-73.56049153245024
1037.1900290870667,-73.56057833105653,-73.56057833105653
1037.2000290870667,-73.56066783975862,-73.56066783975862
1037.2100290870667,-73.5607602154729,-73.5607602154729
1037.2200290870667,-73.560855612606,-73.560855612606
1037.2300290870667,-73.5609541830436,-73.5609541830436
1037.2400290870667,-73.56105607618679,-73.56105607618679
1037.2500290870667,-73.56116143896932,-73.56116143896932
1037.2600290870666,-73.56127041588192,-73.56127041588192
1037.2700290870666,-73.56138314901013,-73.56138314901013
1037.2800290870666,-73.56149977802339,-73.56149977802339
1037.2900290870666,-73.56162044022543,-73.56162044022543
1037.3000290870666,-73.56174527056773,-73.56174527056773
1037.3100290870666,-73.56187440167086,-73.56187440167086
1037.3200290870666,-73.56200796385636,-73.56200796385636
1037.3300290870666,-73.56214608516272,-73.56214608516272
1037.3400290870666,-73.56228889137967,-73.56228889137967
1037.3500290870666,-73.56243650604469,-73.56243650604469
1037.3600290870666,-73.56258905049481,-73.56258905049481
1037.3700290870665,-73.56274664389414,-73.56274664389414
1037.3800290870668,-73.56290940322603,-73.56290940322603
1037.3900290870668,-73.5630774433397,-73.5630774433397
1037.4000290870667,-73.56325087697896,-73.56325087697896
1037.4100290870667,-73.56342981479047,-73.56342981479047
1037.4200290870667,-73.56361436535478,-73.56361436535478
1037.4300290870667,-73.56380463521464,-73.56380463521464
1037.4400290870667,-73.5640007288901,-73.5640007288901
1037.4500290870667,-73.5642027489047,-73.5642027489047
1037.4600290870667,-73.56440437930344,-73.56440437930344
1037.4700290870667,-73.56460290740381,-73.56460290740381
1037.4800290870667,-73.5647970603041,-73.5647970603041
1037.4900290870667,-73.56498623087325,-73.56498623087325
1037.5000290870667,-73.56517018229297,-73.56517018229297
1037.5100290870666,-73.56534889459785,-73.56534889459785
1037.5200290870666,-73.56552247469989,-73.56552247469989
1037.5300290870666,-73.56569110232903,-73.56569110232903
1037.5400290870666,-73.5658549975011,-73.5658549975011
1037.5500290870666,-73.56601440100904,-73.56601440100904
1037.5600290870666,-73.5661695627887,-73.5661695627887
1037.5700290870666,-73.56632073506753,-73.56632073506753
1037.5800290870666,-73.56646816845023,-73.56646816845023
1037.5900290870666,-73.56661210977018,-73.56661210977018
1037.6000290870666,-73.56675280102141,-73.56675280102141
1037.6100290870666,-73.56689047893234,-73.56689047893234
1037.6200290870665,-73.56702537489208,-73.56702537489208
1037.6300290870668,-73.56715771510412,-73.56715771510412
1037.6400290870668,-73.56728772086616,-73.56728772086616
1037.6500290870667,-73.56741560883664,-73.56741560883664
1037.6600290870667,-73.5675415913488,-73.5675415913488
1037.6700290870667,-73.56766587672614,-73.56766587672614
1037.6800290870667,-73.56778866954727,-73.56778866954727
1037.6900290870667,-73.56791017087298,-73.56791017087298
1037.7000290870667,-73.56803057849834,-73.56803057849834
1037.7100290870667,-73.5681500871104,-73.5681500871104
1037.7200290870667,-73.56826888849221,-73.56826888849221
1037.7300290870667,-73.56838717161338,-73.56838717161338
1037.7400290870667,-73.5685051228109,-73.5685051228109
1037.7500290870667,-73.56862292583301,-73.56862292583301
1037.7600290870666,-73.56874076197401,-73.56874076197401
1037.7700290870666,-73.56885881011664,-73.56885881011664
1037.7800290870666,-73.56897724682443,-73.56897724682443
1037.7900290870666,-73.5690962463545,-73.5690962463545
1037.8000290870666,-73.56921598075135,-73.56921598075135
1037.8100290870666,-73.56933661983975,-73.56933661983975
1037.8200290870666,-73.56945833128755,-73.56945833128755
1037.8300290870666,-73.56958128061717,-73.56958128061717
1037.8400290870666,-73.5697056312263,-73.5697056312263
1037.8500291109085,-73.56983154473258,-73.56983154473258
1037.8600291109085,-73.56995917975546,-73.56995917975546
1037.8700291109085,-73.5700886937506,-73.5700886937506
1037.8800291109085,-73.57022024182632,-73.57022024182632
1037.8900291109085,-73.57035397703496,-73.57035397703496
1037.9000291109085,-73.57049005041394,-73.57049005041394
1037.9100291109085,-73.57062861096159,-73.57062861096159
1037.9200291109084,-73.57076980567369,-73.57076980567369
1037.9300291109084,-73.57091377954117,-73.57091377954117
1037.9400291109084,-73.57106067554332,-73.57106067554332
1037.9500291109084,-73.57121063469437,-73.57121063469437
1037.9600291109084,-73.5713637960053,-73.5713637960053
1037.9700291109084,-73.57152029652741,-73.57152029652741
1037.9800291109086,-73.57168027133771,-73.57168027133771
1037.9900291109086,-73.57184385355887,-73.57184385355887
1038.0000291109086,-73.57201117437566,-73.57201117437566
1038.0100291109086,-73.5721823630176,-73.5721823630176
1038.0200291109086,-73.57235754679286,-73.57235754679286
1038.0300291109086,-73.57253685108473,-73.57253685108473
1038.0400291109086,-73.57272039936757,-73.57272039936757
1038.0500291109086,-73.57290831321653,-73.57290831321653
1038.0600291109085,-73.5731007123094,-73.5731007123094
1038.0700291109085,-73.57329771444114,-73.57329771444114
1038.0800291109085,-73.57349943554804,-73.57349943554804
1038.0900291109085,-73.57370598969638,-73.57370598969638
1038.1000291109085,-73.57391748911206,-73.57391748911206
1038.1100291109085,-73.57413404418719,-73.57413404418719
1038.1200291109085,-73.57435576348557,-73.57435576348557
1038.1300291109085,-73.57458275376715,-73.57458275376715
1038.1400291109085,-73.57481511999777,-73.57481511999777
1038.1500291109085,-73.57505296534062,-73.57505296534062
1038.1600291109085,-73.57529639121216,-73.57529639121216
1038.1700291109084,-73.57554549725756,-73.57554549725756
1038.1800291109084,-73.57580038137931,-73.57580038137931
1038.1900291109084,-73.57606113976526,-73.57606113976526
1038.2000291109084,-73.57632786686877,-73.57632786686877
1038.2100291109084,-73.57659423896438,-73.57659423896438
1038.2200291109084,-73.57685753673977,-73.57685753673977
1038.2300291109086,-73.57711648116486,-73.57711648116486
1038.2400291109086,-73.57737045921007,-73.57737045921007
1038.2500291109086,-73.57761922837737,-73.57761922837737
1038.2600291109086,-73.57786276317316,-73.57786276317316
1038.2700291109086,-73.57810116514881,-73.57810116514881
1038.2800291109086,-73.57833460877083,-73.57833460877083
1038.2900291109086,-73.57856330894278,-73.57856330894278
1038.3000291109086,-73.57878750145508,-73.57878750145508
1038.3100291109085,-73.57900743133679,-73.57900743133679
1038.3200291109085,-73.57922334604478,-73.57922334604478
1038.3300291109085,-73.57943549151638,-73.57943549151638
1038.3400291109085,-73.57964411003137,-73.57964411003137
1038.3500291109085,-73.57984943914425,-73.57984943914425
1038.3600291109085,-73.58005171124262,-73.58005171124262
1038.3700291109085,-73.58025115349902,-73.58025115349902
1038.3800291109085,-73.58044798801225,-73.58044798801225
1038.3900291109085,-73.58064243206337,-73.58064243206337
1038.4000291109085,-73.58083469841435,-73.58083469841435
1038.4100291109085,-73.5810249956135,-73.5810249956135
1038.4200291109084,-73.58121352829544,-73.58121352829544
1038.4300291109084,-73.58140049743841,-73.58140049743841
1038.4400291109084,-73.5815861006259,-73.5815861006259
1038.4500291109084,-73.5817705322606,-73.5817705322606
1038.4600291109084,-73.5819539837402,-73.5819539837402
1038.4700291109084,-73.58213664363849,-73.58213664363849
1038.4800291109086,-73.58231869782536,-73.58231869782536
1038.4900291109086,-73.58250032960642,-73.58250032960642
1038.5000291109086,-73.58268171980149,-73.58268171980149
1038.5100291109086,-73.58286304685537,-73.58286304685537
1038.5200291109086,-73.58304448688362,-73.58304448688362
1038.5300291109086,-73.58322621375561,-73.58322621375561
1038.5400291109086,-73.58340839913787,-73.58340839913787
1038.5500291109086,-73.58359121253315,-73.58359121253315
1038.5600291109085,-73.58377482131174,-73.58377482131174
1038.5700291109085,-73.58395939075446,-73.58395939075446
1038.5800291109085,-73.58414508407225,-73.58414508407225
1038.5900291109085,-73.58433206241897,-73.58433206241897
1038.6000291109085,-73.58452048492576,-73.58452048492576
1038.6100291109085,-73.58471050870018,-73.58471050870018
1038.6200291109085,-73.58490228884337,-73.58490228884337
1038.6300291109085,-73.5850959784608,-73.5850959784608
1038.6400291109085,-73.58529172869216,-73.58529172869216
1038.6500291109085,-73.58548968869259,-73.58548968869259
1038.6600291109085,-73.58569000563844,-73.58569000563844
1038.6700291109084,-73.58589282476764,-73.58589282476764
1038.6800291109084,-73.58609828934445,-73.58609828934445
1038.6900291109084,-73.58630654070964,-73.58630654070964
1038.7000291347504,-73.58651771874698,-73.58651771874698
1038.7100291347504,-73.58673195992677,-73.58673195992677
1038.7200291347503,-73.58694940026226,-73.58694940026226
1038.7300291347503,-73.58717017337557,-73.58717017337557
1038.7400291347503,-73.5873944109615,-73.5873944109615
1038.7500291347503,-73.5876222428184,-73.5876222428184
1038.7600291347503,-73.58785379683802,-73.58785379683802
1038.7700291347503,-73.58808919903404,-73.58808919903404
1038.7800291347503,-73.58832857352448,-73.58832857352448
1038.7900291347503,-73.58857204256964,-73.58857204256964
1038.8000291347503,-73.58881972654797,-73.58881972654797
1038.8100291347503,-73.58907174400083,-73.58907174400083
1038.8200291347503,-73.58932821161221,-73.58932821161221
1038.8300291347505,-73.58958924423993,-73.58958924423993
1038.8400291347505,-73.58985495491265,-73.58985495491265
1038.8500291347505,-73.5901254548495,-73.5901254548495
1038.8600291347504,-73.59040085345089,-73.59040085345089
1038.8700291347504,-73.59068125834483,-73.59068125834483
1038.8800291347504,-73.5909667753646,-73.5909667753646
1038.8900291347504,-73.59125750858513,-73.59125750858513
1038.9000291347504,-73.59155356032718,-73.59155356032718
1038.9100291347504,-73.59185503116431,-73.59185503116431
1038.9200291347504,-73.59216201994637,-73.59216201994637
1038.9300291347504,-73.59247462379427,-73.59247462379427
1038.9400291347504,-73.5927929381384,-73.5927929381384
1038.9500291347504,-73.59311705671229,-73.59311705671229
1038.9600291347504,-73.59344707157987,-73.59344707157987
1038.9700291347503,-73.59378307313398,-73.59378307313398
1038.9800291347503,-73.5941251501399,-73.5941251501399
1038.9900291347503,-73.59447338971452,-73.59447338971452
1039.0000291347503,-73.59482787736128,-73.59482787736128
1039.0100291347503,-73.5951886969779,-73.5951886969779
1039.0200291347503,-73.59555593087906,-73.59555593087906
1039.0300291347503,-73.59592965981251,-73.59592965981251
1039.0400291347503,-73.59630996295083,-73.59630996295083
1039.0500291347503,-73.59669691794278,-73.59669691794278
1039.0600291347503,-73.59709060088981,-73.59709060088981
1039.0700291347503,-73.59749108640491,-73.59749108640491
1039.0800291347505,-73.59789844759705,-73.59789844759705
1039.0900291347505,-73.59831275608933,-73.59831275608933
1039.1000291347505,-73.59873408203686,-73.59873408203686
1039.1100291347504,-73.59916249416735,-73.59916249416735
1039.1200291347504,-73.5995980597534,-73.5995980597534
1039.1300291347504,-73.60004084465595,-73.60004084465595
1039.1400291347504,-73.60049091334825,-73.60049091334825
1039.1500291347504,-73.60094832888895,-73.60094832888895
1039.1600291347504,-73.60141315300004,-73.60141315300004
1039.1700291347504,-73.60188544602892,-73.60188544602892
1039.1800291347504,-73.60236526699278,-73.60236526699278
1039.1900291347504,-73.60285267357125,-73.60285267357125
1039.2000291347504,-73.60334772215101,-73.60334772215101
1039.2100291347504,-73.60385046782478,-73.60385046782478
1039.2200291347503,-73.60436096441137,-73.60436096441137
1039.2300291347503,-73.60487926446304,-73.60487926446304
1039.2400291347503,-73.60540541928125,-73.60540541928125
1039.2500291347503,-73.60593947895521,-73.60593947895521
1039.2600291347503,-73.60648149234345,-73.60648149234345
1039.2700291347503,-73.60703150711623,-73.60703150711623
1039.2800291347503,-73.60758956975573,-73.60758956975573
1039.2900291347503,-73.60815572557239,-73.60815572557239
1039.3000291347503,-73.60873001872032,-73.60873001872032
1039.3100291347503,-73.60931249222229,-73.60931249222229
1039.3200291347503,-73.60990318796578,-73.60990318796578
1039.3300291347505,-73.6105021467377,-73.6105021467377
1039.3400291347505,-73.61110940823168,-73.61110940823168
1039.3500291347505,-73.6117250110534,-73.6117250110534
1039.3600291347504,-73.61234899274167,-73.61234899274167
1039.3700291347504,-73.61298138979082,-73.61298138979082
1039.3800291347504,-73.6136222376408,-73.6136222376408
1039.3900291347504,-73.61427157073219,-73.61427157073219
1039.4000291347504,-73.61492942247389,-73.61492942247389
1039.4100291347504,-73.61559582529247,-73.61559582529247
1039.4200291347504,-73.61627081062542,-73.61627081062542
1039.4300291347504,-73.61695440893853,-73.61695440893853
1039.4400291347504,-73.6176466497457,-73.6176466497457
1039.4500291347504,-73.6183475616179,-73.6183475616179
1039.4600291347504,-73.61905075201325,-73.61905075201325
1039.4700291347503,-73.6197534359659,-73.6197534359659
1039.4800291347503,-73.62045427030777,-73.62045427030777
1039.4900291347503,-73.62115257895108,-73.62115257895108
1039.5000291347503,-73.62184805719566,-73.62184805719566
1039.5100291347503,-73.6225406181559,-73.6225406181559
1039.5200291347503,-73.6232303026883,-73.6232303026883
1039.5300291347503,-73.62391722533386,-73.62391722533386
1039.5400291347503,-73.62460154173716,-73.62460154173716
1039.5500291585922,-73.62528343076676,-73.62528343076676
1039.5600291585922,-73.62596307635135,-73.62596307635135
1039.5700291585922,-73.62664067041828,-73.62664067041828
1039.5800291585922,-73.62731640245391,-73.62731640245391
1039.5900291585922,-73.62799045897505,-73.62799045897505
1039.6000291585922,-73.6286630224547,-73.6286630224547
1039.6100291585922,-73.62933427091806,-73.62933427091806
1039.6200291585922,-73.6300043778537,-73.6300043778537
1039.6300291585922,-73.63067351237667,-73.63067351237667
1039.6400291585921,-73.63134183947042,-73.63134183947042
1039.6500291585921,-73.63200952028473,-73.63200952028473
1039.6600291585921,-73.63267671244945,-73.63267671244945
1039.6700291585921,-73.63334357034658,-73.63334357034658
1039.6800291585923,-73.63401024539345,-73.63401024539345
1039.6900291585923,-73.63467688627993,-73.63467688627993
1039.7000291585923,-73.63534363919028,-73.63534363919028
1039.7100291585923,-73.63601064795034,-73.63601064795034
1039.7200291585923,-73.63667805424758,-73.63667805424758
1039.7300291585923,-73.63734599769846,-73.63734599769846
1039.7400291585923,-73.63801461601689,-73.63801461601689
1039.7500291585923,-73.63868404508582,-73.63868404508582
1039.7600291585923,-73.63935441903297,-73.63935441903297
1039.7700291585923,-73.64002587029884,-73.64002587029884
1039.7800291585922,-73.64069852972102,-73.64069852972102
1039.7900291585922,-73.6413725265331,-73.6413725265331
1039.8000291585922,-73.64204798842533,-73.64204798842533
1039.8100291585922,-73.64272504159005,-73.64272504159005
1039.8200291585922,-73.6434038107117,-73.6434038107117
1039.8300291585922,-73.64408441901527,-73.64408441901527
1039.8400291585922,-73.64476698825987,-73.64476698825987
1039.8500291585922,-73.64545163877105,-73.64545163877105
1039.8600291585922,-73.64613848943193,-73.64613848943193
1039.8700291585922,-73.6468276576945,-73.6468276576945
1039.8800291585922,-73.64751925959723,-73.64751925959723
1039.8900291585921,-73.64821340974255,-73.64821340974255
1039.9000291585921,-73.6489102213369,-73.6489102213369
1039.9100291585921,-73.64960980615514,-73.64960980615514
1039.9200291585921,-73.65031227456038,-73.65031227456038
1039.9300291585923,-73.65101773551054,-73.65101773551054
1039.9400291585923,-73.65172629653975,-73.65172629653975
1039.9500291585923,-73.65243806378177,-73.65243806378177
1039.9600291585923,-73.65315314194446,-73.65315314194446
1039.9700291585923,-73.65387163433317,-73.65387163433317
1039.9800291585923,-73.6545936428453,-73.6545936428453
1039.9900291585923,-73.65531926794787,-73.65531926794787
1040.0000291585923,-73.65604860872924,-73.65604860872924
1040.0100291585923,-73.6567817628496,-73.6567817628496
1040.0200291585923,-73.65751882657504,-73.65751882657504
1040.0300291585922,-73.6582598947569,-73.6582598947569
1040.0400291585922,-73.65900506085579,-73.65900506085579
1040.0500291585922,-73.65975441693536,-73.65975441693536
1040.0600291585922,-73.66050805365325,-73.66050805365325
1040.0700291585922,-73.66126606028767,-73.66126606028767
1040.0800291585922,-73.6620285247352,-73.6620285247352
1040.0900291585922,-73.66279553350267,-73.66279553350267
1040.1000291585922,-73.6635671717202,-73.6635671717202
1040.1100291585922,-73.66434352314677,-73.66434352314677
1040.1200291585922,-73.66512467018296,-73.66512467018296
1040.1300291585922,-73.66591069386898,-73.66591069386898
1040.1400291585921,-73.66670167389081,-73.66670167389081
1040.1500291585921,-73.66749768858696,-73.66749768858696
1040.1600291585921,-73.66829881496707,-73.66829881496707
1040.1700291585921,-73.6691051286928,-73.6691051286928
1040.1800291585923,-73.66991670411898,-73.66991670411898
1040.1900291585923,-73.67073361428136,-73.67073361428136
1040.2000291585923,-73.6715559309242,-73.6715559309242
1040.2100291585923,-73.67238372446033,-73.67238372446033
1040.2200291585923,-73.67321706404626,-73.67321706404626
1040.2300291585923,-73.67405601754503,-73.67405601754503
1040.2400291585923,-73.674900651552,-73.674900651552
1040.2500291585923,-73.67575103141326,-73.67575103141326
1040.2600291585923,-73.67660722121258,-73.67660722121258
1040.2700291585923,-73.67746928379702,-73.67746928379702
1040.2800291585922,-73.67833728078568,-73.67833728078568
1040.2900291585922,-73.67921127258397,-73.67921127258397
1040.3000291585922,-73.68009131838437,-73.68009131838437
1040.3100291585922,-73.68097747618093,-73.68097747618093
1040.3200291585922,-73.68186980278547,-73.68186980278547
1040.3300291585922,-73.68276835382244,-73.68276835382244
1040.3400291585922,-73.68367318377216,-73.68367318377216
1040.3500291585922,-73.68458434594324,-73.68458434594324
1040.3600291585922,-73.68550189251566,-73.68550189251566
1040.3700291585922,-73.68642587452683,-73.68642587452683
1040.3800291585922,-73.6873563419008,-73.6873563419008
1040.3900291585921,-73.68829334346283,-73.68829334346283
1040.400029182434,-73.68923692917092,-73.68923692917092
1040.410029182434,-73.69018714119744,-73.69018714119744
1040.420029182434,-73.69114402732038,-73.69114402732038
1040.430029182434,-73.69210763204687,-73.69210763204687
1040.440029182434,-73.693077998833,-73.693077998833
1040.450029182434,-73.69405517009557,-73.69405517009557
1040.460029182434,-73.69503918721841,-73.69503918721841
1040.470029182434,-73.69603009058177,-73.69603009058177
1040.480029182434,-73.6970279195543,-73.6970279195543
1040.490029182434,-73.69803271252093,-73.69803271252093
1040.500029182434,-73.69904450688553,-73.69904450688553
1040.510029182434,-73.70006333908636,-73.70006333908636
1040.520029182434,-73.70108924459352,-73.70108924459352
1040.5300291824342,-73.70212225794145,-73.70212225794145
1040.5400291824342,-73.70316241273851,-73.70316241273851
1040.5500291824342,-73.70420974165911,-73.70420974165911
1040.5600291824342,-73.70526427648373,-73.70526427648373
1040.5700291824342,-73.70632604807061,-73.70632604807061
1040.5800291824341,-73.70739508641363,-73.70739508641363
1040.5900291824341,-73.70847142061419,-73.70847142061419
1040.6000291824341,-73.70955507892639,-73.70955507892639
1040.6100291824341,-73.71064608873941,-73.71064608873941
1040.620029182434,-73.71174447659811,-73.71174447659811
1040.630029182434,-73.71285026822454,-73.71285026822454
1040.640029182434,-73.71396348850999,-73.71396348850999
1040.650029182434,-73.71508416155294,-73.71508416155294
1040.660029182434,-73.71621231063482,-73.71621231063482
1040.670029182434,-73.71734795826619,-73.71734795826619
1040.680029182434,-73.71849112615949,-73.71849112615949
1040.690029182434,-73.71964183528989,-73.71964183528989
1040.700029182434,-73.7208001058454,-73.7208001058454
1040.710029182434,-73.72196595728848,-73.72196595728848
1040.720029182434,-73.72313940834455,-73.72313940834455
1040.730029182434,-73.72432047700276,-73.72432047700276
1040.740029182434,-73.72550918055491,-73.72550918055491
1040.750029182434,-73.7267055355723,-73.7267055355723
1040.760029182434,-73.72790955794132,-73.72790955794132
1040.770029182434,-73.72912126285388,-73.72912126285388
1040.7800291824342,-73.73034066483498,-73.73034066483498
1040.7900291824342,-73.7315677777355,-73.7315677777355
1040.8000291824342,-73.7328026147673,-73.7328026147673
1040.8100291824342,-73.73404518847993,-73.73404518847993
1040.8200291824342,-73.73529551079463,-73.73529551079463
1040.8300291824341,-73.73655359299624,-73.73655359299624
1040.8400291824341,-73.73781944575501,-73.73781944575501
1040.8500291824341,-73.73909307913634,-73.73909307913634
1040.8600291824341,-73.74037450259743,-73.74037450259743
1040.870029182434,-73.7416637250148,-73.7416637250148
1040.880029182434,-73.74296075467142,-73.74296075467142
1040.890029182434,-73.74426559928732,-73.74426559928732
1040.900029182434,-73.74557826600709,-73.74557826600709
1040.910029182434,-73.74689876142583,-73.74689876142583
1040.920029182434,-73.74822709158737,-73.74822709158737
1040.930029182434,-73.74956326199167,-73.74956326199167
1040.940029182434,-73.75090727760941,-73.75090727760941
1040.950029182434,-73.7522591428983,-73.7522591428983
1040.960029182434,-73.75361886178554,-73.75361886178554
1040.970029182434,-73.75498643769967,-73.75498643769967
1040.980029182434,-73.75636187357202,-73.75636187357202
1040.990029182434,-73.75774517182894,-73.75774517182894
1041.000029182434,-73.75913633442586,-73.75913633442586
1041.010029182434,-73.76050145880625,-73.76050145880625
1041.020029182434,-73.76183116465626,-73.76183116465626
1041.0300291824342,-73.76312003501076,-73.76312003501076
1041.0400291824342,-73.76436334090344,-73.76436334090344
1041.0500291824342,-73.76555672517053,-73.76555672517053
1041.0600291824342,-73.76669623731749,-73.76669623731749
1041.0700291824342,-73.76777837291218,-73.76777837291218
1041.0800291824341,-73.76880008452535,-73.76880008452535
1041.0900291824341,-73.7697587700744,-73.7697587700744
1041.1000291824341,-73.77065224699135,-73.77065224699135
1041.1100291824341,-73.77147871874922,-73.77147871874922
1041.120029182434,-73.77223673829093,-73.77223673829093
1041.130029182434,-73.77292517130105,-73.77292517130105
1041.140029182434,-73.77354316110306,-73.77354316110306
1041.150029182434,-73.77409009609353,-73.77409009609353
1041.160029182434,-73.77456558012842,-73.77456558012842
1041.170029182434,-73.77496940597031,-73.77496940597031
1041.180029182434,-73.77530153169387,-73.77530153169387
1041.190029182434,-73.77556205983609,-73.77556205983609
1041.200029182434,-73.7757512190088,-73.7757512190088
1041.210029182434,-73.77586291230084,-73.77586291230084
1041.220029182434,-73.77589475483647,-73.77589475483647
1041.230029182434,-73.7758458911902,-73.7758458911902
1041.240029182434,-73.77571620809887,-73.77571620809887
1041.250029206276,-73.77550602804645,-73.77550602804645
1041.260029206276,-73.77521594873238,-73.77521594873238
1041.270029206276,-73.77484674316219,-73.77484674316219
1041.280029206276,-73.77439930003995,-73.77439930003995
1041.290029206276,-73.77387458526584,-73.77387458526584
1041.300029206276,-73.77327361720583,-73.77327361720583
1041.3100292062759,-73.77259745053667,-73.77259745053667
1041.3200292062759,-73.77184716537359,-73.77184716537359
1041.3300292062759,-73.77102385980098,-73.77102385980098
1041.3400292062759,-73.77012864456503,-73.77012864456503
1041.3500292062758,-73.76916263920815,-73.76916263920815
1041.3600292062758,-73.76812696913578,-73.76812696913578
1041.3700292062758,-73.76702276335457,-73.76702276335457
1041.380029206276,-73.76585115263772,-73.76585115263772
1041.390029206276,-73.76461326800276,-73.76461326800276
1041.400029206276,-73.7633102394682,-73.7633102394682
1041.410029206276,-73.76194319493501,-73.76194319493501
1041.420029206276,-73.76051325923206,-73.76051325923206
1041.430029206276,-73.7590215532984,-73.7590215532984
1041.440029206276,-73.75746919338334,-73.75746919338334
1041.450029206276,-73.75585729041369,-73.75585729041369
1041.460029206276,-73.75418694936512,-73.75418694936512
1041.470029206276,-73.75245926873248,-73.75245926873248
1041.480029206276,-73.75067534002334,-73.75067534002334
1041.490029206276,-73.74883624730296,-73.74883624730296
1041.500029206276,-73.74694306684478,-73.74694306684478
1041.510029206276,-73.74499686671376,-73.74499686671376
1041.520029206276,-73.74299870647819,-73.74299870647819
1041.530029206276,-73.74094963690028,-73.74094963690028
1041.540029206276,-73.73885069969725,-73.73885069969725
1041.550029206276,-73.73670292729695,-73.73670292729695
1041.5600292062759,-73.73450734265214,-73.73450734265214
1041.5700292062759,-73.73226495903963,-73.73226495903963
1041.5800292062759,-73.72997677992483,-73.72997677992483
1041.5900292062759,-73.72764379881457,-73.72764379881457
1041.6000292062758,-73.72526699914766,-73.72526699914766
1041.6100292062758,-73.72284735417746,-73.72284735417746
1041.6200292062758,-73.7203858269192,-73.7203858269192
1041.630029206276,-73.71788337005509,-73.71788337005509
1041.640029206276,-73.71534092588865,-73.71534092588865
1041.650029206276,-73.71275942630477,-73.71275942630477
1041.660029206276,-73.7101397927403,-73.7101397927403
1041.670029206276,-73.70748293615029,-73.70748293615029
1041.680029206276,-73.70478975701539,-73.70478975701539
1041.690029206276,-73.7020611453217,-73.7020611453217
1041.700029206276,-73.69929798059029,-73.69929798059029
1041.710029206276,-73.69649470471191,-73.69649470471191
1041.720029206276,-73.69364936144704,-73.69364936144704
1041.730029206276,-73.69076142930516,-73.69076142930516
1041.740029206276,-73.68783104604668,-73.68783104604668
1041.750029206276,-73.68485871252514,-73.68485871252514
1041.760029206276,-73.68184513881711,-73.68184513881711
1041.770029206276,-73.67879115394486,-73.67879115394486
1041.780029206276,-73.67569765163634,-73.67569765163634
1041.790029206276,-73.67256555769809,-73.67256555769809
1041.800029206276,-73.66939581043476,-73.66939581043476
1041.8100292062759,-73.66618934898771,-73.66618934898771
1041.8200292062759,-73.66294710650851,-73.66294710650851
1041.8300292062759,-73.65967000624454,-73.65967000624454
1041.8400292062759,-73.65635895942262,-73.65635895942262
1041.8500292062758,-73.65301486423307,-73.65301486423307
1041.8600292062758,-73.64963860544486,-73.64963860544486
1041.8700292062758,-73.64623105439047,-73.64623105439047
1041.880029206276,-73.64279306917615,-73.64279306917615
1041.890029206276,-73.63932549499768,-73.63932549499768
1041.900029206276,-73.6358291645054,-73.6358291645054
1041.910029206276,-73.6323048981586,-73.6323048981586
1041.920029206276,-73.62875350460234,-73.62875350460234
1041.930029206276,-73.62517578099846,-73.62517578099846
1041.940029206276,-73.62157251334787,-73.62157251334787
1041.950029206276,-73.61794447675932,-73.61794447675932
1041.960029206276,-73.6142924357192,-73.6142924357192
1041.970029206276,-73.61061714431091,-73.61061714431091
1041.980029206276,-73.60691934643229,-73.60691934643229
1041.990029206276,-73.6031997760053,-73.6031997760053
1042.000029206276,-73.59945915709426,-73.59945915709426
1042.010029206276,-73.59569820411298,-73.59569820411298
1042.020029206276,-73.59191762195243,-73.59191762195243
1042.030029206276,-73.58811810610038,-73.58811810610038
1042.040029206276,-73.58430034277991,-73.58430034277991
1042.050029206276,-73.5804650090472,-73.5804650090472
1042.0600292062759,-73.57661277290465,-73.57661277290465
1042.0700292062759,-73.57274429340946,-73.57274429340946
1042.0800292062759,-73.56886022075446,-73.56886022075446
1042.0900292062759,-73.56496119638949,-73.56496119638949
1042.1000292301178,-73.56104784373144,-73.56104784373144
1042.1100292301178,-73.55712080555449,-73.55712080555449
1042.1200292301178,-73.55318068826365,-73.55318068826365
1042.1300292301178,-73.54922809908011,-73.54922809908011
1042.1400292301178,-73.54526363689095,-73.54526363689095
1042.1500292301178,-73.54128789232236,-73.54128789232236
1042.1600292301177,-73.53730144780472,-73.53730144780472
1042.1700292301177,-73.53330487765571,-73.53330487765571
1042.1800292301177,-73.52929874815997,-73.52929874815997
1042.1900292301177,-73.52528361763503,-73.52528361763503
1042.2000292301177,-73.52126003650777,-73.52126003650777
1042.2100292301177,-73.5172285473937,-73.5172285473937
1042.2200292301177,-73.51318968516287,-73.51318968516287
1042.230029230118,-73.50914397702934,-73.50914397702934
1042.240029230118,-73.5050919426099,-73.5050919426099
1042.250029230118,-73.5010340939949,-73.5010340939949
1042.2600292301179,-73.49697093583256,-73.49697093583256
1042.2700292301179,-73.49290296540785,-73.49290296540785
1042.2800292301179,-73.48883067268775,-73.48883067268775
1042.2900292301179,-73.4847545404222,-73.4847545404222
1042.3000292301178,-73.4806750442072,-73.4806750442072
1042.3100292301178,-73.47659265254836,-73.47659265254836
1042.3200292301178,-73.47250782695166,-73.47250782695166
1042.3300292301178,-73.46842102197802,-73.46842102197802
1042.3400292301178,-73.46433268532967,-73.46433268532967
1042.3500292301178,-73.46024325791824,-73.46024325791824
1042.3600292301178,-73.45615317392635,-73.45615317392635
1042.3700292301178,-73.45206286088869,-73.45206286088869
1042.3800292301178,-73.4479727397586,-73.4479727397586
1042.3900292301178,-73.44388322499955,-73.44388322499955
1042.4000292301178,-73.43979472462564,-73.43979472462564
1042.4100292301177,-73.43570764029607,-73.43570764029607
1042.4200292301177,-73.43162236735938,-73.43162236735938
1042.4300292301177,-73.42753929496874,-73.42753929496874
1042.4400292301177,-73.4234588060979,-73.4234588060979
1042.4500292301177,-73.41938127765158,-73.41938127765158
1042.4600292301177,-73.41530708051583,-73.41530708051583
1042.4700292301177,-73.41123657963306,-73.41123657963306
1042.480029230118,-73.40717013406407,-73.40717013406407
1042.490029230118,-73.40310809706921,-73.40310809706921
1042.500029230118,-73.39905081617297,-73.39905081617297
1042.5100292301179,-73.39499863321134,-73.39499863321134
1042.5200292301179,-73.39095188443363,-73.39095188443363
1042.5300292301179,-73.3869109005326,-73.3869109005326
1042.5400292301179,-73.38287600674389,-73.38287600674389
1042.5500292301178,-73.37884752288798,-73.37884752288798
1042.5600292301178,-73.37482576345556,-73.37482576345556
1042.5700292301178,-73.37081103764808,-73.37081103764808
1042.5800292301178,-73.36680364945344,-73.36680364945344
1042.5900292301178,-73.36280389773425,-73.36280389773425
1042.6000292301178,-73.35881207624553,-73.35881207624553
1042.6100292301178,-73.3548284737257,-73.3548284737257
1042.6200292301178,-73.35085337397356,-73.35085337397356
1042.6300292301178,-73.34688705586727,-73.34688705586727
1042.6400292301178,-73.3429297934576,-73.3429297934576
1042.6500292301178,-73.33898185602891,-73.33898185602891
1042.6600292301177,-73.33504350814562,-73.33504350814562
1042.6700292301177,-73.33111500971526,-73.33111500971526
1042.6800292301177,-73.3271966160569,-73.3271966160569
1042.6900292301177,-73.32328857795666,-73.32328857795666
1042.7000292301177,-73.31939114171301,-73.31939114171301
1042.7100292301177,-73.31550454921289,-73.31550454921289
1042.7200292301177,-73.3116290379702,-73.3116290379702
1042.730029230118,-73.30776484120338,-73.30776484120338
1042.740029230118,-73.30391218788719,-73.30391218788719
1042.750029230118,-73.30007130278479,-73.30007130278479
1042.7600292301179,-73.2962424065325,-73.2962424065325
1042.7700292301179,-73.29242571567102,-73.29242571567102
1042.7800292301179,-73.28862144272158,-73.28862144272158
1042.7900292301179,-73.28482979621506,-73.28482979621506
1042.8000292301178,-73.28105098076416,-73.28105098076416
1042.8100292301178,-73.2772851971167,-73.2772851971167
1042.8200292301178,-73.27353264218509,-73.27353264218509
1042.8300292301178,-73.2697935091213,-73.2697935091213
1042.8400292301178,-73.26606798734966,-73.26606798734966
1042.8500292301178,-73.26235626262448,-73.26235626262448
1042.8600292301178,-73.25865851708367,-73.25865851708367
1042.8700292301178,-73.25497492929345,-73.25497492929345
1042.8800292301178,-73.25130567429714,-73.25130567429714
1042.8900292301178,-73.24765092365813,-73.24765092365813
1042.9000292301178,-73.24401084552248,-73.24401084552248
1042.9100292301177,-73.24038560463279,-73.24038560463279
1042.9200292301177,-73.23677536241546,-73.23677536241546
1042.9300292301177,-73.23318027700142,-73.23318027700142
1042.9400292301177,-73.22960050327713,-73.22960050327713
1042.9500292539597,-73.22603618443324,-73.22603618443324
1042.9600292539596,-73.22248748602063,-73.22248748602063
1042.9700292539596,-73.2189545449246,-73.2189545449246
1042.9800292539596,-73.21543750349181,-73.21543750349181
1042.9900292539596,-73.21193650103623,-73.21193650103623
1043.0000292539596,-73.20845167389479,-73.20845167389479
1043.0100292539596,-73.20498315544778,-73.20498315544778
1043.0200292539596,-73.20153107619058,-73.20153107619058
1043.0300292539596,-73.19809556374315,-73.19809556374315
1043.0400292539596,-73.19467674290274,-73.19467674290274
1043.0500292539596,-73.19127473569202,-73.19127473569202
1043.0600292539596,-73.18788966138041,-73.18788966138041
1043.0700292539595,-73.1845216365328,-73.1845216365328
1043.0800292539598,-73.18117077504365,-73.18117077504365
1043.0900292539598,-73.17783718819162,-73.17783718819162
1043.1000292539597,-73.17452098463917,-73.17452098463917
1043.1100292539597,-73.1712222705162,-73.1712222705162
1043.1200292539597,-73.16794114941962,-73.16794114941962
1043.1300292539597,-73.1646777224626,-73.1646777224626
1043.1400292539597,-73.16143208830646,-73.16143208830646
1043.1500292539597,-73.15820434320062,-73.15820434320062
1043.1600292539597,-73.15499458101787,-73.15499458101787
1043.1700292539597,-73.15180289328288,-73.15180289328288
1043.1800292539597,-73.1486293691986,-73.1486293691986
1043.1900292539597,-73.14547409570488,-73.14547409570488
1043.2000292539597,-73.14233715747874,-73.14233715747874
1043.2100292539596,-73.1392186369828,-73.1392186369828
1043.2200292539596,-73.13611861450583,-73.13611861450583
1043.2300292539596,-73.13303716818653,-73.13303716818653
1043.2400292539596,-73.12997437403007,-73.12997437403007
1043.2500292539596,-73.12693030595963,-73.12693030595963
1043.2600292539596,-73.12390503583048,-73.12390503583048
1043.2700292539596,-73.12089863348092,-73.12089863348092
1043.2800292539596,-73.11791116673615,-73.11791116673615
1043.2900292539596,-73.11494270145124,-73.11494270145124
1043.3000292539596,-73.11199330154227,-73.11199330154227
1043.3100292539596,-73.10906302900895,-73.10906302900895
1043.3200292539595,-73.10615194395855,-73.10615194395855
1043.3300292539598,-73.10326010464802,-73.10326010464802
1043.3400292539598,-73.10038756749141,-73.10038756749141
1043.3500292539597,-73.09753438709932,-73.09753438709932
1043.3600292539597,-73.09470061631082,-73.09470061631082
1043.3700292539597,-73.09188630620095,-73.09188630620095
1043.3800292539597,-73.08909150611728,-73.08909150611728
1043.3900292539597,-73.08631626371722,-73.08631626371722
1043.4000292539597,-73.0835606249711,-73.0835606249711
1043.4100292539597,-73.08082463418665,-73.08082463418665
1043.4200292539597,-73.07810833406486,-73.07810833406486
1043.4300292539597,-73.07541176569181,-73.07541176569181
1043.4400292539597,-73.0727349685736,-73.0727349685736
1043.4500292539597,-73.07007798065435,-73.07007798065435
1043.4600292539596,-73.0674408383565,-73.0674408383565
1043.4700292539596,-73.06482357658116,-73.06482357658116
1043.4800292539596,-73.06222622874306,-73.06222622874306
1043.4900292539596,-73.05964882678916,-73.05964882678916
1043.5000292539596,-73.05709140122497,-73.05709140122497
1043.5100292539596,-73.05455398113283,-73.05455398113283
1043.5200292539596,-73.05203659419027,-73.05203659419027
1043.5300292539596,-73.04953926669911,-73.04953926669911
1043.5400292539596,-73.04706202359795,-73.04706202359795
1043.5500292539596,-73.04460488848395,-73.04460488848395
1043.5600292539596,-73.04216788363908,-73.04216788363908
1043.5700292539595,-73.03975103004433,-73.03975103004433
1043.5800292539598,-73.03735434739917,-73.03735434739917
1043.5900292539598,-73.03497785414812,-73.03497785414812
1043.6000292539597,-73.03262156748143,-73.03262156748143
1043.6100292539597,-73.0302855033869,-73.0302855033869
1043.6200292539597,-73.02796967663082,-73.02796967663082
1043.6300292539597,-73.02567410080383,-73.02567410080383
1043.6400292539597,-73.02339878832515,-73.02339878832515
1043.6500292539597,-73.02114375046517,-73.02114375046517
1043.6600292539597,-73.01890899737027,-73.01890899737027
1043.6700292539597,-73.01669453806001,-73.01669453806001
1043.6800292539597,-73.01450038045587,-73.01450038045587
1043.6900292539597,-73.01232653141192,-73.01232653141192
1043.7000292539597,-73.01017299670382,-73.01017299670382
1043.7100292539596,-73.00803978107595,-73.00803978107595
1043.7200292539596,-73.0059268882297,-73.0059268882297
1043.7300292539596,-73.00383432085498,-73.00383432085498
1043.7400292539596,-73.00176208063685,-73.00176208063685
1043.7500292539596,-72.99971016828843,-72.99971016828843
1043.7600292539596,-72.99767858354545,-72.99767858354545
1043.7700292539596,-72.99566732519273,-72.99566732519273
1043.7800292539596,-72.99367639107983,-72.99367639107983
1043.7900292539596,-72.99170577812393,-72.99170577812393
1043.8000292778015,-72.98975547769781,-72.98975547769781
1043.8100292778015,-72.98782549427247,-72.98782549427247
1043.8200292778015,-72.98591581737054,-72.98591581737054
1043.8300292778015,-72.9840264403708,-72.9840264403708
1043.8400292778015,-72.98215735580088,-72.98215735580088
1043.8500292778015,-72.9803085553346,-72.9803085553346
1043.8600292778015,-72.97848002982845,-72.97848002982845
1043.8700292778015,-72.97667176933177,-72.97667176933177
1043.8800292778014,-72.97488376309062,-72.97488376309062
1043.8900292778014,-72.97311599955104,-72.97311599955104
1043.9000292778014,-72.9713684664005,-72.9713684664005
1043.9100292778014,-72.96964115056153,-72.96964115056153
1043.9200292778014,-72.96793403820763,-72.96793403820763
1043.9300292778016,-72.96624711477736,-72.96624711477736
1043.9400292778016,-72.96458036497214,-72.96458036497214
1043.9500292778016,-72.96293377279946,-72.96293377279946
1043.9600292778016,-72.96130732155812,-72.96130732155812
1043.9700292778016,-72.95970099384824,-72.95970099384824
1043.9800292778016,-72.95811477160858,-72.95811477160858
1043.9900292778016,-72.95654863609364,-72.95654863609364
1044.0000292778016,-72.9550025679105,-72.9550025679105
1044.0100292778016,-72.95347654701932,-72.95347654701932
1044.0200292778015,-72.95197055274748,-72.95197055274748
1044.0300292778015,-72.95048456379558,-72.95048456379558
1044.0400292778015,-72.94901855825825,-72.94901855825825
1044.0500292778015,-72.94757251362674,-72.94757251362674
1044.0600292778015,-72.94614640678736,-72.94614640678736
1044.0700292778015,-72.94474021405345,-72.94474021405345
1044.0800292778015,-72.94335391116844,-72.94335391116844
1044.0900292778015,-72.94198747330262,-72.94198747330262
1044.1000292778015,-72.94064087508339,-72.94064087508339
1044.1100292778015,-72.93931409058291,-72.93931409058291
1044.1200292778015,-72.93800709335675,-72.93800709335675
1044.1300292778014,-72.93671985641194,-72.93671985641194
1044.1400292778014,-72.9354523522584,-72.9354523522584
1044.1500292778014,-72.93420455290013,-72.93420455290013
1044.1600292778014,-72.93297642982647,-72.93297642982647
1044.1700292778014,-72.93176795404884,-72.93176795404884
1044.1800292778016,-72.93057909610295,-72.93057909610295
1044.1900292778016,-72.92940982603983,-72.92940982603983
1044.2000292778016,-72.92826011345662,-72.92826011345662
1044.2100292778016,-72.92712356629403,-72.92712356629403
1044.2200292778016,-72.92599736586551,-72.92599736586551
1044.2300292778016,-72.9248801232439,-72.9248801232439
1044.2400292778016,-72.92377111193406,-72.92377111193406
1044.2500292778016,-72.92266997475785,-72.92266997475785
1044.2600292778016,-72.92157657142185,-72.92157657142185
1044.2700292778015,-72.9204908890964,-72.9204908890964
1044.2800292778015,-72.91941298862467,-72.91941298862467
1044.2900292778015,-72.91834297213664,-72.91834297213664
1044.3000292778015,-72.91728096360573,-72.91728096360573
1044.3100292778015,-72.91622709724868,-72.91622709724868
1044.3200292778015,-72.9151815106887,-72.9151815106887
1044.3300292778015,-72.91414434103821,-72.91414434103821
1044.3400292778015,-72.91311572275517,-72.91311572275517
1044.3500292778015,-72.91209578657457,-72.91209578657457
1044.3600292778015,-72.91108465906963,-72.91108465906963
1044.3700292778015,-72.91008246259072,-72.91008246259072
1044.3800292778014,-72.90908931540609,-72.90908931540609
1044.3900292778014,-72.90810533195904,-72.90810533195904
1044.4000292778014,-72.9071306231573,-72.9071306231573
1044.4100292778014,-72.90616529667625,-72.90616529667625
1044.4200292778014,-72.90520945726306,-72.90520945726306
1044.4300292778016,-72.90426320699203,-72.90426320699203
1044.4400292778016,-72.90332664551076,-72.90332664551076
1044.4500292778016,-72.9023998702413,-72.9023998702413
1044.4600292778016,-72.90148297658324,-72.90148297658324
1044.4700292778016,-72.9005760580532,-72.9005760580532
1044.4800292778016,-72.89967920642837,-72.89967920642837
1044.4900292778016,-72.89879251186755,-72.89879251186755
1044.5000292778016,-72.89791606298921,-72.89791606298921
1044.5100292778016,-72.89704994697004,-72.89704994697004
1044.5200292778015,-72.89619424959085,-72.89619424959085
1044.5300292778015,-72.89534905529912,-72.89534905529912
1044.5400292778015,-72.89451444726038,-72.89451444726038
1044.5500292778015,-72.89369050738156,-72.89369050738156
1044.5600292778015,-72.89287731634747,-72.89287731634747
1044.5700292778015,-72.89207495364442,-72.89207495364442
1044.5800292778015,-72.89128349756311,-72.89128349756311
1044.5900292778015,-72.89050302524417,-72.89050302524417
1044.6000292778015,-72.88973361264749,-72.88973361264749
1044.6100292778015,-72.88897533458233,-72.88897533458233
1044.6200292778015,-72.88822826471781,-72.88822826471781
1044.6300292778014,-72.88749247557446,-72.88749247557446
1044.6400292778014,-72.88676803851949,-72.88676803851949
1044.6500293016434,-72.88605502209768,-72.88605502209768
1044.6600293016434,-72.88535349882464,-72.88535349882464
1044.6700293016434,-72.88466353491013,-72.88466353491013
1044.6800293016433,-72.88398519715972,-72.88398519715972
1044.6900293016433,-72.88331855122385,-72.88331855122385
1044.7000293016433,-72.88266366160998,-72.88266366160998
1044.7100293016433,-72.88202059167547,-72.88202059167547
1044.7200293016433,-72.88138940362077,-72.88138940362077
1044.7300293016433,-72.8807701584961,-72.8807701584961
1044.7400293016433,-72.88016291619995,-72.88016291619995
1044.7500293016433,-72.87956773547097,-72.87956773547097
1044.7600293016433,-72.87898467389934,-72.87898467389934
1044.7700293016433,-72.87841378790726,-72.87841378790726
1044.7800293016435,-72.87785513278138,-72.87785513278138
1044.7900293016435,-72.87730876263417,-72.87730876263417
1044.8000293016435,-72.87677473043283,-72.87677473043283
1044.8100293016435,-72.87625308799461,-72.87625308799461
1044.8200293016434,-72.87574388597719,-72.87574388597719
1044.8300293016434,-72.87524717389479,-72.87524717389479
1044.8400293016434,-72.87476300010972,-72.87476300010972
1044.8500293016434,-72.87429141185244,-72.87429141185244
1044.8600293016434,-72.87383245520422,-72.87383245520422
1044.8700293016434,-72.8733861751158,-72.8733861751158
1044.8800293016434,-72.87295261540363,-72.87295261540363
1044.8900293016434,-72.87253181876119,-72.87253181876119
1044.9000293016434,-72.87212382675504,-72.87212382675504
1044.9100293016434,-72.87172867983992,-72.87172867983992
1044.9200293016434,-72.87134641734964,-72.87134641734964
1044.9300293016433,-72.8709770775277,-72.8709770775277
1044.9400293016433,-72.87062069751555,-72.87062069751555
1044.9500293016433,-72.87027731335246,-72.87027731335246
1044.9600293016433,-72.8699469600005,-72.8699469600005
1044.9700293016433,-72.86962967134868,-72.86962967134868
1044.9800293016433,-72.86932548020405,-72.86932548020405
1044.9900293016433,-72.86903441832027,-72.86903441832027
1045.0000293016433,-72.86875651638985,-72.86875651638985
1045.0100293016433,-72.86849180406571,-72.86849180406571
1045.0200293016433,-72.86824030995456,-72.86824030995456
1045.0300293016435,-72.86800206163969,-72.86800206163969
1045.0400293016435,-72.86777708568506,-72.86777708568506
1045.0500293016435,-72.86756540762764,-72.86756540762764
1045.0600293016435,-72.86736705202138,-72.86736705202138
1045.0700293016434,-72.86718204241528,-72.86718204241528
1045.0800293016434,-72.86701040137832,-72.86701040137832
1045.0900293016434,-72.86685215049918,-72.86685215049918
1045.1000293016434,-72.86670731040768,-72.86670731040768
1045.1100293016434,-72.86657590077229,-72.86657590077229
1045.1200293016434,-72.86645794031735,-72.86645794031735
1045.1300293016434,-72.86635344683384,-72.86635344683384
1045.1400293016434,-72.86626243718065,-72.86626243718065
1045.1500293016434,-72.86618492730682,-72.86618492730682
1045.1600293016434,-72.86612093225222,-72.86612093225222
1045.1700293016434,-72.86607046616805,-72.86607046616805
1045.1800293016433,-72.86603354231323,-72.86603354231323
1045.1900293016433,-72.8660101730653,-72.8660101730653
1045.2000293016433,-72.86600036994649,-72.86600036994649
1045.2100293016433,-72.86600414362579,-72.86600414362579
1045.2200293016433,-72.86602150391914,-72.86602150391914
1045.2300293016433,-72.86605245980881,-72.86605245980881
1045.2400293016433,-72.86609701945972,-72.86609701945972
1045.2500293016433,-72.86615519022017,-72.86615519022017
1045.2600293016433,-72.86622697862883,-72.86622697862883
1045.2700293016433,-72.86631239044245,-72.86631239044245
1045.2800293016435,-72.86641143063075,-72.86641143063075
1045.2900293016435,-72.86652410338199,-72.86652410338199
1045.3000293016435,-72.86665041213098,-72.86665041213098
1045.3100293016435,-72.86679035956203,-72.86679035956203
1045.3200293016434,-72.8669439476145,-72.8669439476145
1045.3300293016434,-72.86711117749441,-72.86711117749441
1045.3400293016434,-72.8672920496844,-72.8672920496844
1045.3500293016434,-72.86748656395642,-72.86748656395642
1045.3600293016434,-72.86769471938216,-72.86769471938216
1045.3700293016434,-72.86791651434328,-72.86791651434328
1045.3800293016434,-72.86815194653428,-72.86815194653428
1045.3900293016434,-72.8684010129823,-72.8684010129823
1045.4000293016434,-72.86866371003316,-72.86866371003316
1045.4100293016434,-72.8689400334092,-72.8689400334092
1045.4200293016434,-72.86922997817348,-72.86922997817348
1045.4300293016433,-72.86953353875788,-72.86953353875788
1045.4400293016433,-72.86985070896966,-72.86985070896966
1045.4500293016433,-72.87018148200103,-72.87018148200103
1045.4600293016433,-72.87052585043045,-72.87052585043045
1045.4700293016433,-72.87088380625946,-72.87088380625946
1045.4800293016433,-72.87125534087834,-72.87125534087834
1045.4900293016433,-72.8716404451121,-72.8716404451121
1045.5000293254852,-72.87203911017484,-72.87203911017484
1045.5100293254852,-72.87245132389823,-72.87245132389823
1045.5200293254852,-72.87287707632517,-72.87287707632517
1045.5300293254852,-72.87331635606155,-72.87331635606155
1045.5400293254852,-72.87376915117441,-72.87376915117441
1045.5500293254852,-72.87423544921296,-72.87423544921296
1045.5600293254852,-72.87471523719272,-72.87471523719272
1045.5700293254852,-72.87520850163821,-72.87520850163821
1045.5800293254852,-72.87571522856103,-72.87571522856103
1045.5900293254851,-72.87623540348919,-72.87623540348919
1045.6000293254851,-72.87676901146179,-72.87676901146179
1045.6100293254851,-72.87731603704363,-72.87731603704363
1045.6200293254851,-72.87787646433429,-72.87787646433429
1045.6300293254853,-72.87845027698386,-72.87845027698386
1045.6400293254853,-72.87903745816928,-72.87903745816928
1045.6500293254853,-72.87963799064245,-72.87963799064245
1045.6600293254853,-72.88025185670637,-72.88025185670637
1045.6700293254853,-72.88087903824001,-72.88087903824001
1045.6800293254853,-72.88151951670487,-72.88151951670487
1045.6900293254853,-72.88217327314051,-72.88217327314051
1045.7000293254853,-72.88279532972152,-72.88279532972152
1045.7100293254853,-72.88336661981924,-72.88336661981924
1045.7200293254853,-72.88387799581567,-72.88387799581567
1045.7300293254852,-72.88432458138938,-72.88432458138938
1045.7400293254852,-72.8847036695039,-72.8847036695039
1045.7500293254852,-72.8850137523307,-72.8850137523307
1045.7600293254852,-72.88525401553021,-72.88525401553021
1045.7700293254852,-72.88542405962322,-72.88542405962322
1045.7800293254852,-72.88552374281943,-72.88552374281943
1045.7900293254852,-72.88555309136696,-72.88555309136696
1045.8000293254852,-72.8855122480719,-72.8855122480719
1045.8100293254852,-72.88540144249653,-72.88540144249653
1045.8200293254852,-72.8852209733465,-72.8852209733465
1045.8300293254852,-72.88497119779191,-72.88497119779191
1045.8400293254851,-72.884652524531,-72.884652524531
1045.8500293254851,-72.88426540900262,-72.88426540900262
1045.8600293254851,-72.88381034966292,-72.88381034966292
1045.8700293254851,-72.88328788489962,-72.88328788489962
1045.8800293254853,-72.88269859025048,-72.88269859025048
1045.8900293254853,-72.88204307579518,-72.88204307579518
1045.9000293254853,-72.88132198367228,-72.88132198367228
1045.9100293254853,-72.88053598571368,-72.88053598571368
1045.9200293254853,-72.87968578112097,-72.87968578112097
1045.9300293254853,-72.87877209427593,-72.87877209427593
1045.9400293254853,-72.87779567262807,-72.87779567262807
1045.9500293254853,-72.87675728468423,-72.87675728468423
1045.9600293254853,-72.87565771810608,-72.87565771810608
1045.9700293254853,-72.87449777790277,-72.87449777790277
1045.9800293254852,-72.87327828476027,-72.87327828476027
1045.9900293254852,-72.87200007338959,-72.87200007338959
1046.0000293254852,-72.87066399105834,-72.87066399105834
1046.0100293254852,-72.86927089617525,-72.86927089617525
1046.0200293254852,-72.8678216569622,-72.8678216569622
1046.0300293254852,-72.86631715019632,-72.86631715019632
1046.0400293254852,-72.86475826006968,-72.86475826006968
1046.0500293254852,-72.86314587706875,-72.86314587706875
1046.0600293254852,-72.86148089696817,-72.86148089696817
1046.0700293254852,-72.85976421986028,-72.85976421986028
1046.0800293254852,-72.85799674924363,-72.85799674924363
1046.0900293254851,-72.85617939119429,-72.85617939119429
1046.1000293254851,-72.85431305355743,-72.85431305355743
1046.1100293254851,-72.85239864518866,-72.85239864518866
1046.1200293254851,-72.85043707527954,-72.85043707527954
1046.1300293254853,-72.84842925268379,-72.84842925268379
1046.1400293254853,-72.84637608530369,-72.84637608530369
1046.1500293254853,-72.84427847949598,-72.84427847949598
1046.1600293254853,-72.84213733955879,-72.84213733955879
1046.1700293254853,-72.83995356718933,-72.83995356718933
1046.1800293254853,-72.837728061018,-72.837728061018
1046.1900293254853,-72.83546171617084,-72.83546171617084
1046.2000293254853,-72.83315542383222,-72.83315542383222
1046.2100293254853,-72.83081007085515,-72.83081007085515
1046.2200293254853,-72.82842653941418,-72.82842653941418
1046.2300293254852,-72.82600570662657,-72.82600570662657
1046.2400293254852,-72.82354844426115,-72.82354844426115
1046.2500293254852,-72.8210556184259,-72.8210556184259
1046.2600293254852,-72.81852808929094,-72.81852808929094
1046.2700293254852,-72.81596671083858,-72.81596671083858
1046.2800293254852,-72.81337233060808,-72.81337233060808
1046.2900293254852,-72.8107457894895,-72.8107457894895
1046.3000293254852,-72.80808792150043,-72.80808792150043
1046.3100293254852,-72.80539955361793,-72.80539955361793
1046.3200293254852,-72.80268150558146,-72.80268150558146
1046.3300293254852,-72.7999345897471,-72.7999345897471
1046.3400293254851,-72.79715961091983,-72.79715961091983
1046.350029349327,-72.79435735957793,-72.79435735957793
1046.360029349327,-72.7915286383375,-72.7915286383375
1046.370029349327,-72.78867422207611,-72.78867422207611
1046.380029349327,-72.78579488423676,-72.78579488423676
1046.390029349327,-72.78289139017049,-72.78289139017049
1046.400029349327,-72.77996449707268,-72.77996449707268
1046.410029349327,-72.77701495388153,-72.77701495388153
1046.420029349327,-72.7740435012451,-72.7740435012451
1046.430029349327,-72.7710508714637,-72.7710508714637
1046.440029349327,-72.76803778843725,-72.76803778843725
1046.450029349327,-72.76500496763266,-72.76500496763266
1046.460029349327,-72.7619467748091,-72.7619467748091
1046.470029349327,-72.75886113486872,-72.75886113486872
1046.4800293493272,-72.75574739095637,-72.75574739095637
1046.4900293493272,-72.75260553843671,-72.75260553843671
1046.5000293493272,-72.74943593249432,-72.74943593249432
1046.5100293493272,-72.74623913619516,-72.74623913619516
1046.5200293493272,-72.7430158314176,-72.7430158314176
1046.5300293493272,-72.73976676526063,-72.73976676526063
1046.5400293493271,-72.73649271783992,-72.73649271783992
1046.5500293493271,-72.73319448290653,-72.73319448290653
1046.5600293493271,-72.72987285633634,-72.72987285633634
1046.5700293493271,-72.72652862934484,-72.72652862934484
1046.580029349327,-72.72316258462004,-72.72316258462004
1046.590029349327,-72.71977549420383,-72.71977549420383
1046.600029349327,-72.71636811845909,-72.71636811845909
1046.610029349327,-72.7129412056783,-72.7129412056783
1046.620029349327,-72.70949549203186,-72.70949549203186
1046.630029349327,-72.70603170176963,-72.70603170176963
1046.640029349327,-72.70255054749724,-72.70255054749724
1046.650029349327,-72.69905273053199,-72.69905273053199
1046.660029349327,-72.69553894121806,-72.69553894121806
1046.670029349327,-72.69200985929902,-72.69200985929902
1046.680029349327,-72.68846615419011,-72.68846615419011
1046.690029349327,-72.68490848531319,-72.68490848531319
1046.700029349327,-72.68133750232563,-72.68133750232563
1046.710029349327,-72.67775384537892,-72.67775384537892
1046.720029349327,-72.67415814530595,-72.67415814530595
1046.7300293493272,-72.67055102384616,-72.67055102384616
1046.7400293493272,-72.66693309379588,-72.66693309379588
1046.7500293493272,-72.66330495915004,-72.66330495915004
1046.7600293493272,-72.65966721526271,-72.65966721526271
1046.7700293493272,-72.65602044896896,-72.65602044896896
1046.7800293493272,-72.65236523870203,-72.65236523870203
1046.7900293493271,-72.64870215459675,-72.64870215459675
1046.8000293493271,-72.64503175859849,-72.64503175859849
1046.8100293493271,-72.64135460452843,-72.64135460452843
1046.8200293493271,-72.63767123820892,-72.63767123820892
1046.830029349327,-72.63398219752713,-72.63398219752713
1046.840029349327,-72.63028801252284,-72.63028801252284
1046.850029349327,-72.62658920545364,-72.62658920545364
1046.860029349327,-72.62288629088407,-72.62288629088407
1046.870029349327,-72.61917977575975,-72.61917977575975
1046.880029349327,-72.61547015946005,-72.61547015946005
1046.890029349327,-72.61175793389104,-72.61175793389104
1046.900029349327,-72.60804358353776,-72.60804358353776
1046.910029349327,-72.60432758555136,-72.60432758555136
1046.920029349327,-72.60061040980327,-72.60061040980327
1046.930029349327,-72.59689251895321,-72.59689251895321
1046.940029349327,-72.59317436852409,-72.59317436852409
1046.950029349327,-72.58945640696663,-72.58945640696663
1046.960029349327,-72.58573907573015,-72.58573907573015
1046.970029349327,-72.58202280932352,-72.58202280932352
1046.9800293493272,-72.57830803539333,-72.57830803539333
1046.9900293493272,-72.57459517477746,-72.57459517477746
1047.0000293493272,-72.57088464158441,-72.57088464158441
1047.0100293493272,-72.56717684325476,-72.56717684325476
1047.0200293493272,-72.56347218064427,-72.56347218064427
1047.0300293493272,-72.55977104806557,-72.55977104806557
1047.0400293493271,-72.55607383337713,-72.55607383337713
1047.0500293493271,-72.55238091803677,-72.55238091803677
1047.0600293493271,-72.54869267718803,-72.54869267718803
1047.0700293493271,-72.54500947971337,-72.54500947971337
1047.080029349327,-72.54133168831216,-72.54133168831216
1047.090029349327,-72.5376596595616,-72.5376596595616
1047.100029349327,-72.53399374399288,-72.53399374399288
1047.110029349327,-72.53033428613946,-72.53033428613946
1047.120029349327,-72.5266816246346,-72.5266816246346
1047.130029349327,-72.52303609226344,-72.52303609226344
1047.140029349327,-72.51939801602933,-72.51939801602933
1047.150029349327,-72.51576771722225,-72.51576771722225
1047.160029349327,-72.51214551149202,-72.51214551149202
1047.170029349327,-72.50853170891514,-72.50853170891514
1047.180029349327,-72.50492661405637,-72.50492661405637
1047.190029349327,-72.50133052603971,-72.50133052603971
1047.200029373169,-72.49774373006744,-72.49774373006744
1047.210029373169,-72.49416021626587,-72.49416021626587
1047.220029373169,-72.49057749945253,-72.49057749945253
1047.230029373169,-72.48699451956531,-72.48699451956531
1047.240029373169,-72.4834108697973,-72.4834108697973
1047.250029373169,-72.47982650523242,-72.47982650523242
1047.260029373169,-72.47624159144323,-72.47624159144323
1047.2700293731689,-72.4726564156886,-72.4726564156886
1047.2800293731689,-72.469071333578,-72.469071333578
1047.2900293731689,-72.46548673695033,-72.46548673695033
1047.3000293731689,-72.46190303462275,-72.46190303462275
1047.3100293731688,-72.4583206409304,-72.4583206409304
1047.3200293731688,-72.45473996903412,-72.45473996903412
1047.330029373169,-72.4511614270821,-72.4511614270821
1047.340029373169,-72.44758541616649,-72.44758541616649
1047.350029373169,-72.44401232930348,-72.44401232930348
1047.360029373169,-72.44044255109074,-72.44044255109074
1047.370029373169,-72.43687645771338,-72.43687645771338
1047.380029373169,-72.43331441713966,-72.43331441713966
1047.390029373169,-72.42975678944605,-72.42975678944605
1047.400029373169,-72.42620392715966,-72.42620392715966
1047.410029373169,-72.42265617564759,-72.42265617564759
1047.420029373169,-72.41911387342152,-72.41911387342152
1047.430029373169,-72.41557735250052,-72.41557735250052
1047.440029373169,-72.41204693870026,-72.41204693870026
1047.450029373169,-72.40852295188614,-72.40852295188614
1047.460029373169,-72.40500570622316,-72.40500570622316
1047.470029373169,-72.40149551037585,-72.40149551037585
1047.480029373169,-72.39799266769685,-72.39799266769685
1047.490029373169,-72.39449747639846,-72.39449747639846
1047.500029373169,-72.39101022970564,-72.39101022970564
1047.510029373169,-72.38753121595833,-72.38753121595833
1047.5200293731689,-72.38406071873966,-72.38406071873966
1047.5300293731689,-72.38059901697883,-72.38059901697883
1047.5400293731689,-72.377146385064,-72.377146385064
1047.5500293731689,-72.37370309287209,-72.37370309287209
1047.5600293731688,-72.37026940589372,-72.37026940589372
1047.5700293731688,-72.36684558526808,-72.36684558526808
1047.580029373169,-72.36343188787093,-72.36343188787093
1047.590029373169,-72.36002856635983,-72.36002856635983
1047.600029373169,-72.3566358692174,-72.3566358692174
1047.610029373169,-72.35325404081179,-72.35325404081179
1047.620029373169,-72.34988332146798,-72.34988332146798
1047.630029373169,-72.34652394747273,-72.34652394747273
1047.640029373169,-72.34317615112768,-72.34317615112768
1047.650029373169,-72.33984016081418,-72.33984016081418
1047.660029373169,-72.33651620100873,-72.33651620100873
1047.670029373169,-72.33320449233757,-72.33320449233757
1047.680029373169,-72.32990525160842,-72.32990525160842
1047.690029373169,-72.32661869185122,-72.32661869185122
1047.700029373169,-72.32334502235264,-72.32334502235264
1047.710029373169,-72.32007814931536,-72.32007814931536
1047.720029373169,-72.31681552254959,-72.31681552254959
1047.730029373169,-72.31355600662727,-72.31355600662727
1047.740029373169,-72.31029911927878,-72.31029911927878
1047.750029373169,-72.30704474070512,-72.30704474070512
1047.760029373169,-72.30379296247683,-72.30379296247683
1047.7700293731689,-72.30054399889559,-72.30054399889559
1047.7800293731689,-72.29729813375529,-72.29729813375529
1047.7900293731689,-72.29405568823185,-72.29405568823185
1047.8000293731689,-72.29081700168157,-72.29081700168157
1047.8100293731688,-72.28758242017264,-72.28758242017264
1047.8200293731688,-72.28435228978296,-72.28435228978296
1047.830029373169,-72.28112695274113,-72.28112695274113
1047.840029373169,-72.27790674537766,-72.27790674537766
1047.850029373169,-72.27469199708814,-72.27469199708814
1047.860029373169,-72.27148302998529,-72.27148302998529
1047.870029373169,-72.26828015884954,-72.26828015884954
1047.880029373169,-72.26508369135756,-72.26508369135756
1047.890029373169,-72.2618939283329,-72.2618939283329
1047.900029373169,-72.25871116411824,-72.25871116411824
1047.910029373169,-72.25553568690725,-72.25553568690725
1047.920029373169,-72.25236777907047,-72.25236777907047
1047.930029373169,-72.2492077174674,-72.2492077174674
1047.940029373169,-72.24605577371865,-72.24605577371865
1047.950029373169,-72.24291221446427,-72.24291221446427
1047.960029373169,-72.23977730156986,-72.23977730156986
1047.970029373169,-72.23665129232415,-72.23665129232415
1047.980029373169,-72.23353443962951,-72.23353443962951
1047.990029373169,-72.23042699210473,-72.23042699210473
1048.000029373169,-72.22732919425314,-72.22732919425314
1048.010029373169,-72.22424128656593,-72.22424128656593
1048.0200293731689,-72.22116350560707,-72.22116350560707
1048.0300293731689,-72.2180960841164,-72.2180960841164
1048.0400293731689,-72.21503925106595,-72.21503925106595
1048.0500293970108,-72.21199322449927,-72.21199322449927
1048.0600293970108,-72.20895824061252,-72.20895824061252
1048.0700293970108,-72.20593451020967,-72.20593451020967
1048.0800293970108,-72.20292224784973,-72.20292224784973
1048.0900293970108,-72.19992166461489,-72.19992166461489
1048.1000293970108,-72.19693296813351,-72.19693296813351
1048.1100293970107,-72.1939563626351,-72.1939563626351
1048.1200293970107,-72.1909920489824,-72.1909920489824
1048.1300293970107,-72.18804022468355,-72.18804022468355
1048.1400293970107,-72.18510108395124,-72.18510108395124
1048.1500293970107,-72.18217481771345,-72.18217481771345
1048.1600293970107,-72.17926161365241,-72.17926161365241
1048.1700293970107,-72.17636165623354,-72.17636165623354
1048.180029397011,-72.17347512670291,-72.17347512670291
1048.190029397011,-72.1706022031606,-72.1706022031606
1048.200029397011,-72.16774306055801,-72.16774306055801
1048.2100293970109,-72.16489787072587,-72.16489787072587
1048.2200293970109,-72.16206680239763,-72.16206680239763
1048.2300293970109,-72.15925002125239,-72.15925002125239
1048.2400293970109,-72.15644768991943,-72.15644768991943
1048.2500293970108,-72.15365996801815,-72.15365996801815
1048.2600293970108,-72.15088701217032,-72.15088701217032
1048.2700293970108,-72.14812897603834,-72.14812897603834
1048.2800293970108,-72.1453860103443,-72.1453860103443
1048.2900293970108,-72.14265826290453,-72.14265826290453
1048.3000293970108,-72.1399458786406,-72.1399458786406
1048.3100293970108,-72.13724899962138,-72.13724899962138
1048.3200293970108,-72.13456776507059,-72.13456776507059
1048.3300293970108,-72.13190231140561,-72.13190231140561
1048.3400293970108,-72.12925277228629,-72.12925277228629
1048.3500293970108,-72.12661927859097,-72.12661927859097
1048.3600293970107,-72.12400195848429,-72.12400195848429
1048.3700293970107,-72.12140093743028,-72.12140093743028
1048.3800293970107,-72.11881633822229,-72.11881633822229
1048.3900293970107,-72.1162482809994,-72.1162482809994
1048.4000293970107,-72.11369688329819,-72.11369688329819
1048.4100293970107,-72.11116226005397,-72.11116226005397
1048.4200293970107,-72.10864452364346,-72.10864452364346
1048.430029397011,-72.10614378390594,-72.10614378390594
1048.440029397011,-72.10366014818176,-72.10366014818176
1048.450029397011,-72.10119372132428,-72.10119372132428
1048.4600293970109,-72.09874460574493,-72.09874460574493
1048.4700293970109,-72.09631290141418,-72.09631290141418
1048.4800293970109,-72.09389870592061,-72.09389870592061
1048.4900293970109,-72.09150211448373,-72.09150211448373
1048.5000293970108,-72.08912321997674,-72.08912321997674
1048.5100293970108,-72.08676211297211,-72.08676211297211
1048.5200293970108,-72.08441888174514,-72.08441888174514
1048.5300293970108,-72.08209361231857,-72.08209361231857
1048.5400293970108,-72.07978638848724,-72.07978638848724
1048.5500293970108,-72.07749729183271,-72.07749729183271
1048.5600293970108,-72.0752264017804,-72.0752264017804
1048.5700293970108,-72.0729737955959,-72.0729737955959
1048.5800293970108,-72.07073954842032,-72.07073954842032
1048.5900293970108,-72.06852373330914,-72.06852373330914
1048.6000293970108,-72.06632642125103,-72.06632642125103
1048.6100293970107,-72.06414768118421,-72.06414768118421
1048.6200293970107,-72.06198758005374,-72.06198758005374
1048.6300293970107,-72.05984618280176,-72.05984618280176
1048.6400293970107,-72.05772355240249,-72.05772355240249
1048.6500293970107,-72.05561974990854,-72.05561974990854
1048.6600293970107,-72.05353483446811,-72.05353483446811
1048.6700293970107,-72.0514688633289,-72.0514688633289
1048.680029397011,-72.04942189189474,-72.04942189189474
1048.690029397011,-72.0473939737377,-72.0473939737377
1048.700029397011,-72.0453851606084,-72.0453851606084
1048.7100293970109,-72.04339550248469,-72.04339550248469
1048.7200293970109,-72.04142504759017,-72.04142504759017
1048.7300293970109,-72.03947384241394,-72.03947384241394
1048.7400293970109,-72.03754193173509,-72.03754193173509
1048.7500293970108,-72.0356293586489,-72.0356293586489
1048.7600293970108,-72.03373616458896,-72.03373616458896
1048.7700293970108,-72.03186238935024,-72.03186238935024
1048.7800293970108,-72.03000807111168,-72.03000807111168
1048.7900293970108,-72.0281732464827,-72.0281732464827
1048.8000293970108,-72.02635795048595,-72.02635795048595
1048.8100293970108,-72.02456221660009,-72.02456221660009
1048.8200293970108,-72.0227860767855,-72.0227860767855
1048.8300293970108,-72.02102956151175,-72.02102956151175
1048.8400293970108,-72.01929269976137,-72.01929269976137
1048.8500293970108,-72.01757551907137,-72.01757551907137
1048.8600293970107,-72.01587804553012,-72.01587804553012
1048.8700293970107,-72.01420030383142,-72.01420030383142
1048.8800293970107,-72.01254231726313,-72.01254231726313
1048.8900293970107,-72.01090410775694,-72.01090410775694
1048.9000294208527,-72.00928569203022,-72.00928569203022
1048.9100294208527,-72.00768709709962,-72.00768709709962
1048.9200294208526,-72.00610833698212,-72.00610833698212
1048.9300294208526,-72.00454942832995,-72.00454942832995
1048.9400294208526,-72.00301038653193,-72.00301038653193
1048.9500294208526,-72.0014912257187,-72.0014912257187
1048.9600294208526,-71.99999195879569,-71.99999195879569
1048.9700294208526,-71.99851259745998,-71.99851259745998
1048.9800294208526,-71.99705315220673,-71.99705315220673
1048.9900294208526,-71.99561363236582,-71.99561363236582
1049.0000294208526,-71.99419404611537,-71.99419404611537
1049.0100294208526,-71.99279440049708,-71.99279440049708
1049.0200294208526,-71.99141470142524,-71.99141470142524
1049.0300294208528,-71.99005495371043,-71.99005495371043
1049.0400294208528,-71.98871516110329,-71.98871516110329
1049.0500294208528,-71.98739532627128,-71.98739532627128
1049.0600294208527,-71.9860954508362,-71.9860954508362
1049.0700294208527,-71.98481553538987,-71.98481553538987
1049.0800294208527,-71.98355557950468,-71.98355557950468
1049.0900294208527,-71.98231558176268,-71.98231558176268
1049.1000294208527,-71.98109553974699,-71.98109553974699
1049.1100294208527,-71.9798954500961,-71.9798954500961
1049.1200294208527,-71.97871530848447,-71.97871530848447
1049.1300294208527,-71.9775551096571,-71.9775551096571
1049.1400294208527,-71.97641484744311,-71.97641484744311
1049.1500294208527,-71.97529451474887,-71.97529451474887
1049.1600294208527,-71.97419410360898,-71.97419410360898
1049.1700294208526,-71.97311360518458,-71.97311360518458
1049.1800294208526,-71.97205300976881,-71.97205300976881
1049.1900294208526,-71.97101230680687,-71.97101230680687
1049.2000294208526,-71.96999148492363,-71.96999148492363
1049.2100294208526,-71.9689905319167,-71.9689905319167
1049.2200294208526,-71.96800943478715,-71.96800943478715
1049.2300294208526,-71.96704817974668,-71.96704817974668
1049.2400294208526,-71.96610675221903,-71.96610675221903
1049.2500294208526,-71.96518513687614,-71.96518513687614
1049.2600294208526,-71.96428331763846,-71.96428331763846
1049.2700294208526,-71.96340127768558,-71.96340127768558
1049.2800294208528,-71.96253899947627,-71.96253899947627
1049.2900294208528,-71.96169646475957,-71.96169646475957
1049.3000294208528,-71.96087365457782,-71.96087365457782
1049.3100294208527,-71.96007054928859,-71.96007054928859
1049.3200294208527,-71.95928712857585,-71.95928712857585
1049.3300294208527,-71.95852337146168,-71.95852337146168
1049.3400294208527,-71.95777925632052,-71.95777925632052
1049.3500294208527,-71.95705476087063,-71.95705476087063
1049.3600294208527,-71.95634986221636,-71.95634986221636
1049.3700294208527,-71.9556645368335,-71.9556645368335
1049.3800294208527,-71.95499876060552,-71.95499876060552
1049.3900294208527,-71.9543525088129,-71.9543525088129
1049.4000294208527,-71.953725756149,-71.953725756149
1049.4100294208527,-71.9531184767321,-71.9531184767321
1049.4200294208526,-71.9525306441166,-71.9525306441166
1049.4300294208526,-71.95196223131207,-71.95196223131207
1049.4400294208526,-71.95141321077584,-71.95141321077584
1049.4500294208526,-71.95088355443437,-71.95088355443437
1049.4600294208526,-71.95036696394618,-71.95036696394618
1049.4700294208526,-71.94986066905714,-71.94986066905714
1049.4800294208526,-71.94936330985249,-71.94936330985249
1049.4900294208526,-71.9488741791829,-71.9488741791829
1049.5000294208526,-71.94839293343735,-71.94839293343735
1049.5100294208526,-71.94791944226193,-71.94791944226193
1049.5200294208526,-71.94745370037687,-71.94745370037687
1049.5300294208528,-71.94699577459393,-71.94699577459393
1049.5400294208528,-71.94654577189243,-71.94654577189243
1049.5500294208528,-71.94610382028674,-71.94610382028674
1049.5600294208527,-71.94567005740667,-71.94567005740667
1049.5700294208527,-71.94524462382397,-71.94524462382397
1049.5800294208527,-71.94482765920417,-71.94482765920417
1049.5900294208527,-71.94441930023218,-71.94441930023218
1049.6000294208527,-71.9440196795643,-71.9440196795643
1049.6100294208527,-71.94362892544255,-71.94362892544255
1049.6200294208527,-71.9432471616602,-71.9432471616602
1049.6300294208527,-71.94287450769453,-71.94287450769453
1049.6400294208527,-71.94251107900506,-71.94251107900506
1049.6500294208527,-71.94215698734963,-71.94215698734963
1049.6600294208527,-71.9418123410579,-71.9418123410579
1049.6700294208526,-71.94147724536151,-71.94147724536151
1049.6800294208526,-71.94115180266239,-71.94115180266239
1049.6900294208526,-71.94083611278819,-71.94083611278819
1049.7000294208526,-71.94053027321286,-71.94053027321286
1049.7100294208526,-71.94022811028383,-71.94022811028383
1049.7200294208526,-71.93992697635075,-71.93992697635075
1049.7300294208526,-71.93962563249205,-71.93962563249205
1049.7400294208526,-71.93932349118934,-71.93932349118934
1049.7500294446945,-71.93902032652647,-71.93902032652647
1049.7600294446945,-71.93871612691302,-71.93871612691302
1049.7700294446945,-71.93841100268297,-71.93841100268297
1049.7800294446945,-71.93810513602655,-71.93810513602655
1049.7900294446945,-71.93779874841024,-71.93779874841024
1049.8000294446945,-71.93749208148978,-71.93749208148978
1049.8100294446945,-71.93718538573756,-71.93718538573756
1049.8200294446945,-71.93687891371934,-71.93687891371934
1049.8300294446944,-71.93657291634055,-71.93657291634055
1049.8400294446944,-71.93626764070774,-71.93626764070774
1049.8500294446944,-71.93596332914056,-71.93596332914056
1049.8600294446944,-71.93566021873957,-71.93566021873957
1049.8700294446944,-71.93535854137605,-71.93535854137605
1049.8800294446946,-71.93505852381018,-71.93505852381018
1049.8900294446946,-71.93476038800036,-71.93476038800036
1049.9000294446946,-71.93446435135738,-71.93446435135738
1049.9100294446946,-71.9341706270803,-71.9341706270803
1049.9200294446946,-71.93387942444208,-71.93387942444208
1049.9300294446946,-71.93359094904943,-71.93359094904943
1049.9400294446946,-71.9333054030907,-71.9333054030907
1049.9500294446946,-71.93302298554737,-71.93302298554737
1049.9600294446946,-71.93274389238147,-71.93274389238147
1049.9700294446945,-71.93246831666875,-71.93246831666875
1049.9800294446945,-71.93219644876665,-71.93219644876665
1049.9900294446945,-71.93192847639378,-71.93192847639378
1050.0000294446945,-71.9316645847454,-71.9316645847454
1050.0100294446945,-71.93140495655584,-71.93140495655584
1050.0200294446945,-71.93114977217962,-71.93114977217962
1050.0300294446945,-71.93089920962285,-71.93089920962285
1050.0400294446945,-71.93065344461158,-71.93065344461158
1050.0500294446945,-71.93041265061281,-71.93041265061281
1050.0600294446945,-71.93017699885507,-71.93017699885507
1050.0700294446945,-71.92994665837625,-71.92994665837625
1050.0800294446944,-71.9297217960143,-71.9297217960143
1050.0900294446944,-71.92950257644078,-71.92950257644078
1050.1000294446944,-71.92928916216428,-71.92928916216428
1050.1100294446944,-71.92908171354465,-71.92908171354465
1050.1200294446944,-71.92888038879589,-71.92888038879589
1050.1300294446946,-71.92868534398579,-71.92868534398579
1050.1400294446946,-71.92849673306594,-71.92849673306594
1050.1500294446946,-71.92831470783905,-71.92831470783905
1050.1600294446946,-71.92813941799082,-71.92813941799082
1050.1700294446946,-71.92797101108256,-71.92797101108256
1050.1800294446946,-71.92780963256337,-71.92780963256337
1050.1900294446946,-71.9276554257466,-71.9276554257466
1050.2000294446946,-71.92750853184143,-71.92750853184143
1050.2100294446946,-71.92736908995114,-71.92736908995114
1050.2200294446945,-71.92723723706656,-71.92723723706656
1050.2300294446945,-71.92711310808028,-71.92711310808028
1050.2400294446945,-71.9269968357933,-71.9269968357933
1050.2500294446945,-71.92688855089352,-71.92688855089352
1050.2600294446945,-71.92678838200906,-71.92678838200906
1050.2700294446945,-71.92669645567636,-71.92669645567636
1050.2800294446945,-71.92661289635738,-71.92661289635738
1050.2900294446945,-71.92653782644867,-71.92653782644867
1050.3000294446945,-71.92647136629789,-71.92647136629789
1050.3100294446945,-71.92641363420061,-71.92641363420061
1050.3200294446945,-71.92636474641294,-71.92636474641294
1050.3300294446944,-71.92632481716423,-71.92632481716423
1050.3400294446944,-71.92629395865819,-71.92629395865819
1050.3500294446944,-71.9262722811023,-71.9262722811023
1050.3600294446944,-71.92625989270033,-71.92625989270033
1050.3700294446944,-71.92625689967501,-71.92625689967501
1050.3800294446946,-71.92626340627575,-71.92626340627575
1050.3900294446946,-71.92627951479632,-71.92627951479632
1050.4000294446946,-71.92630532557645,-71.92630532557645
1050.4100294446946,-71.92634093703032,-71.92634093703032
1050.4200294446946,-71.92638644565221,-71.92638644565221
1050.4300294446946,-71.92644194604298,-71.92644194604298
1050.4400294446946,-71.9265075308958,-71.9265075308958
1050.4500294446946,-71.92658329104025,-71.92658329104025
1050.4600294446946,-71.92666931545929,-71.92666931545929
1050.4700294446945,-71.92676569127669,-71.92676569127669
1050.4800294446945,-71.92687250379149,-71.92687250379149
1050.4900294446945,-71.92698983649589,-71.92698983649589
1050.5000294446945,-71.92711777109696,-71.92711777109696
1050.5100294446945,-71.92725638751068,-71.92725638751068
1050.5200294446945,-71.92740576390564,-71.92740576390564
1050.5300294446945,-71.92756597669812,-71.92756597669812
1050.5400294446945,-71.92773710057972,-71.92773710057972
1050.5500294446945,-71.92791920854074,-71.92791920854074
1050.5600294446945,-71.92811237187404,-71.92811237187404
1050.5700294446945,-71.92831666019578,-71.92831666019578
1050.5800294446944,-71.928532141484,-71.928532141484
1050.5900294446944,-71.92875888206135,-71.92875888206135
1050.6000294685364,-71.9289969472012,-71.9289969472012
1050.6100294685364,-71.92924639891517,-71.92924639891517
1050.6200294685364,-71.9295072992522,-71.9295072992522
1050.6300294685363,-71.9297797081654,-71.9297797081654
1050.6400294685363,-71.93006368407713,-71.93006368407713
1050.6500294685363,-71.9303592838624,-71.9303592838624
1050.6600294685363,-71.93066656288482,-71.93066656288482
1050.6700294685363,-71.93098557502422,-71.93098557502422
1050.6800294685363,-71.93131637267564,-71.93131637267564
1050.6900294685363,-71.9316590067844,-71.9316590067844
1050.7000294685363,-71.93201352683501,-71.93201352683501
1050.7100294685363,-71.93237998092438,-71.93237998092438
1050.7200294685363,-71.93275841571977,-71.93275841571977
1050.7300294685365,-71.93314887651158,-71.93314887651158
1050.7400294685365,-71.93355140721613,-71.93355140721613
1050.7500294685365,-71.93396605040739,-71.93396605040739
1050.7600294685365,-71.93439284732113,-71.93439284732113
1050.7700294685364,-71.93483183787296,-71.93483183787296
1050.7800294685364,-71.93528306069302,-71.93528306069302
1050.7900294685364,-71.93574655310958,-71.93574655310958
1050.8000294685364,-71.93622235120958,-71.93622235120958
1050.8100294685364,-71.93671048981372,-71.93671048981372
1050.8200294685364,-71.93721100252579,-71.93721100252579
1050.8300294685364,-71.93772392173578,-71.93772392173578
1050.8400294685364,-71.93824927862858,-71.93824927862858
1050.8500294685364,-71.93878710321943,-71.93878710321943
1050.8600294685364,-71.93933742434898,-71.93933742434898
1050.8700294685364,-71.93990026972284,-71.93990026972284
1050.8800294685363,-71.94047566591277,-71.94047566591277
1050.8900294685363,-71.94106363837291,-71.94106363837291
1050.9000294685363,-71.9416642114534,-71.9416642114534
1050.9100294685363,-71.94227740843732,-71.94227740843732
1050.9200294685363,-71.94290325152745,-71.94290325152745
1050.9300294685363,-71.94354176187917,-71.94354176187917
1050.9400294685363,-71.94419295961481,-71.94419295961481
1050.9500294685363,-71.94485686382646,-71.94485686382646
1050.9600294685363,-71.94553349261129,-71.94553349261129
1050.9700294685363,-71.94622286306712,-71.94622286306712
1050.9800294685365,-71.94692499132219,-71.94692499132219
1050.9900294685365,-71.94763989254187,-71.94763989254187
1051.0000294685365,-71.94836758093848,-71.94836758093848
1051.0100294685365,-71.9491080697935,-71.9491080697935
1051.0200294685364,-71.94986137148246,-71.94986137148246
1051.0300294685364,-71.95062749745878,-71.95062749745878
1051.0400294685364,-71.95140645829058,-71.95140645829058
1051.0500294685364,-71.95219826368098,-71.95219826368098
1051.0600294685364,-71.95300292245322,-71.95300292245322
1051.0700294685364,-71.95382044258648,-71.95382044258648
1051.0800294685364,-71.95465083122451,-71.95465083122451
1051.0900294685364,-71.95549409469224,-71.95549409469224
1051.1000294685364,-71.95635023849675,-71.95635023849675
1051.1100294685364,-71.95721926734737,-71.95721926734737
1051.1200294685364,-71.95810118517245,-71.95810118517245
1051.1300294685363,-71.95899599512828,-71.95899599512828
1051.1400294685363,-71.95990369960883,-71.95990369960883
1051.1500294685363,-71.9608243002507,-71.9608243002507
1051.1600294685363,-71.96175779797719,-71.96175779797719
1051.1700294685363,-71.96270419296557,-71.96270419296557
1051.1800294685363,-71.9636634846861,-71.9636634846861
1051.1900294685363,-71.96463567191199,-71.96463567191199
1051.2000294685363,-71.96562075273049,-71.96562075273049
1051.2100294685363,-71.96661245182412,-71.96661245182412
1051.2200294685363,-71.9676080217641,-71.9676080217641
1051.2300294685365,-71.96860612521769,-71.96860612521769
1051.2400294685365,-71.96960607734327,-71.96960607734327
1051.2500294685365,-71.97060755663026,-71.97060755663026
1051.2600294685365,-71.97161045466952,-71.97161045466952
1051.2700294685364,-71.97261478801947,-71.97261478801947
1051.2800294685364,-71.97362064526551,-71.97362064526551
1051.2900294685364,-71.97462815513835,-71.97462815513835
1051.3000294685364,-71.97563746740485,-71.97563746740485
1051.3100294685364,-71.97664874146817,-71.97664874146817
1051.3200294685364,-71.97766213968974,-71.97766213968974
1051.3300294685364,-71.97867782354945,-71.97867782354945
1051.3400294685364,-71.97969595157171,-71.97969595157171
1051.3500294685364,-71.98071667827499,-71.98071667827499
1051.3600294685364,-71.98174015377,-71.98174015377
1051.3700294685364,-71.9827665237137,-71.9827665237137
1051.3800294685363,-71.98379592947309,-71.98379592947309
1051.3900294685363,-71.98482850839366,-71.98482850839366
1051.4000294685363,-71.98586439407023,-71.98586439407023
1051.4100294685363,-71.98690371669102,-71.98690371669102
1051.4200294685363,-71.98794660330545,-71.98794660330545
1051.4300294685363,-71.98899317811328,-71.98899317811328
1051.4400294685363,-71.99004356270997,-71.99004356270997
1051.4500294923782,-71.99109787879505,-71.99109787879505
1051.4600294923782,-71.99215623834318,-71.99215623834318
1051.4700294923782,-71.99321875878806,-71.99321875878806
1051.4800294923782,-71.99428555316578,-71.99428555316578
1051.4900294923782,-71.99535673271146,-71.99535673271146
1051.5000294923782,-71.99643240697344,-71.99643240697344
1051.5100294923782,-71.9975126838666,-71.9975126838666
1051.5200294923782,-71.99859766978116,-71.99859766978116
1051.5300294923782,-71.99968746961939,-71.99968746961939
1051.5400294923782,-72.00078218682935,-72.00078218682935
1051.5500294923781,-72.00188192348004,-72.00188192348004
1051.5600294923781,-72.00298678023981,-72.00298678023981
1051.5700294923781,-72.00409685645735,-72.00409685645735
1051.5800294923783,-72.0052122501506,-72.0052122501506
1051.5900294923783,-72.00633305801902,-72.00633305801902
1051.6000294923783,-72.00745937547237,-72.00745937547237
1051.6100294923783,-72.00859129663878,-72.00859129663878
1051.6200294923783,-72.00972891435609,-72.00972891435609
1051.6300294923783,-72.01087232019259,-72.01087232019259
1051.6400294923783,-72.01202160446297,-72.01202160446297
1051.6500294923783,-72.01317685619158,-72.01317685619158
1051.6600294923783,-72.01433816315354,-72.01433816315354
1051.6700294923783,-72.01550561185546,-72.01550561185546
1051.6800294923783,-72.01667928754952,-72.01667928754952
1051.6900294923782,-72.0178592742166,-72.0178592742166
1051.7000294923782,-72.01904565458888,-72.01904565458888
1051.7100294923782,-72.02023223260721,-72.02023223260721
1051.7200294923782,-72.02141634195084,-72.02141634195084
1051.7300294923782,-72.02259672671826,-72.02259672671826
1051.7400294923782,-72.02377278333003,-72.02377278333003
1051.7500294923782,-72.02494427115091,-72.02494427115091
1051.7600294923782,-72.02611116216598,-72.02611116216598
1051.7700294923782,-72.02727355280057,-72.02727355280057
1051.7800294923782,-72.02843161094891,-72.02843161094891
1051.7900294923782,-72.02958554407576,-72.02958554407576
1051.8000294923781,-72.03073558007813,-72.03073558007813
1051.8100294923781,-72.03188195589105,-72.03188195589105
1051.8200294923781,-72.03302491079974,-72.03302491079974
1051.8300294923783,-72.03416468255622,-72.03416468255622
1051.8400294923783,-72.0353015053349,-72.0353015053349
1051.8500294923783,-72.03643560865936,-72.03643560865936
1051.8600294923783,-72.03756721699281,-72.03756721699281
1051.8700294923783,-72.03869654969161,-72.03869654969161
1051.8800294923783,-72.03982382114114,-72.03982382114114
1051.8900294923783,-72.04094924103633,-72.04094924103633
1051.9000294923783,-72.04207301464776,-72.04207301464776
1051.9100294923783,-72.04319534314683,-72.04319534314683
1051.9200294923783,-72.04431642389409,-72.04431642389409
1051.9300294923783,-72.04543645069577,-72.04543645069577
1051.9400294923782,-72.04655561405896,-72.04655561405896
1051.9500294923782,-72.04767410140032,-72.04767410140032
1051.9600294923782,-72.04878581764211,-72.04878581764211
1051.9700294923782,-72.04988819735907,-72.04988819735907
1051.9800294923782,-72.05098008470493,-72.05098008470493
1051.9900294923782,-72.05206097515193,-72.05206097515193
1052.0000294923782,-72.05313072611435,-72.05313072611435
1052.0100294923782,-72.05418940665494,-72.05418940665494
1052.0200294923782,-72.05523720934718,-72.05523720934718
1052.0300294923782,-72.05627439732433,-72.05627439732433
1052.0400294923782,-72.05730127244921,-72.05730127244921
1052.0500294923781,-72.05831815617947,-72.05831815617947
1052.0600294923781,-72.05932537823202,-72.05932537823202
1052.0700294923781,-72.06032326985913,-72.06032326985913
1052.0800294923783,-72.0613121600563,-72.0613121600563
1052.0900294923783,-72.06229237347675,-72.06229237347675
1052.1000294923783,-72.06326422938493,-72.06326422938493
1052.1100294923783,-72.06422804124871,-72.06422804124871
1052.1200294923783,-72.06518411670413,-72.06518411670413
1052.1300294923783,-72.06613275769396,-72.06613275769396
1052.1400294923783,-72.06707426073174,-72.06707426073174
1052.1500294923783,-72.06800891718635,-72.06800891718635
1052.1600294923783,-72.06893701360454,-72.06893701360454
1052.1700294923783,-72.06985883197467,-72.06985883197467
1052.1800294923783,-72.07077465001777,-72.07077465001777
1052.1900294923782,-72.07168474139435,-72.07168474139435
1052.2000294923782,-72.07258937594962,-72.07258937594962
1052.2100294923782,-72.07348881987453,-72.07348881987453
1052.2200294923782,-72.07438333584659,-72.07438333584659
1052.2300294923782,-72.07527318319723,-72.07527318319723
1052.2400294923782,-72.07615861800134,-72.07615861800134
1052.2500294923782,-72.07703989317345,-72.07703989317345
1052.2600294923782,-72.07791725856018,-72.07791725856018
1052.2700294923782,-72.07879096098888,-72.07879096098888
1052.2800294923782,-72.07966124434203,-72.07966124434203
1052.2900294923782,-72.08052834957192,-72.08052834957192
1052.30002951622,-72.08139251684258,-72.08139251684258
1052.31002951622,-72.08225397728111,-72.08225397728111
1052.32002951622,-72.08311296539101,-72.08311296539101
1052.33002951622,-72.08396971081778,-72.08396971081778
1052.34002951622,-72.08482444044127,-72.08482444044127
1052.35002951622,-72.0856773783783,-72.0856773783783
1052.36002951622,-72.08652874598432,-72.08652874598432
1052.37002951622,-72.0873787619027,-72.0873787619027
1052.38002951622,-72.08822764204099,-72.08822764204099
1052.39002951622,-72.08907559959204,-72.08907559959204
1052.40002951622,-72.08992284505715,-72.08992284505715
1052.41002951622,-72.09076958621117,-72.09076958621117
1052.42002951622,-72.09161602815425,-72.09161602815425
1052.4300295162202,-72.09246237329793,-72.09246237329793
1052.4400295162202,-72.09330882138019,-72.09330882138019
1052.4500295162202,-72.09415556946904,-72.09415556946904
1052.4600295162202,-72.09500281197111,-72.09500281197111
1052.4700295162202,-72.09585074065014,-72.09585074065014
1052.4800295162202,-72.09669954461737,-72.09669954461737
1052.4900295162201,-72.097549410358,-72.097549410358
1052.5000295162201,-72.09840052172842,-72.09840052172842
1052.5100295162201,-72.09925305998206,-72.09925305998206
1052.5200295162201,-72.10010720376286,-72.10010720376286
1052.53002951622,-72.10096312914015,-72.10096312914015
1052.54002951622,-72.10182100959734,-72.10182100959734
1052.55002951622,-72.1026810160499,-72.1026810160499
1052.56002951622,-72.10354331687445,-72.10354331687445
1052.57002951622,-72.10440807790629,-72.10440807790629
1052.58002951622,-72.10527546245663,-72.10527546245663
1052.59002951622,-72.10614563134733,-72.10614563134733
1052.60002951622,-72.10701874290096,-72.10701874290096
1052.61002951622,-72.1078949529555,-72.1078949529555
1052.62002951622,-72.10877441491282,-72.10877441491282
1052.63002951622,-72.1096572797231,-72.1096572797231
1052.64002951622,-72.11054369592503,-72.11054369592503
1052.65002951622,-72.11143380963854,-72.11143380963854
1052.66002951622,-72.11232776461455,-72.11232776461455
1052.67002951622,-72.11322570222158,-72.11322570222158
1052.6800295162202,-72.1141277614935,-72.1141277614935
1052.6900295162202,-72.11503407913182,-72.11503407913182
1052.7000295162202,-72.11594478952445,-72.11594478952445
1052.7100295162202,-72.11685374048659,-72.11685374048659
1052.7200295162202,-72.1177583132652,-72.1177583132652
1052.7300295162202,-72.11865730027147,-72.11865730027147
1052.7400295162201,-72.11955014598526,-72.11955014598526
1052.7500295162201,-72.12043665727802,-72.12043665727802
1052.7600295162201,-72.12131685288584,-72.12131685288584
1052.7700295162201,-72.1221908751702,-72.1221908751702
1052.78002951622,-72.12305893709954,-72.12305893709954
1052.79002951622,-72.1239212903215,-72.1239212903215
1052.80002951622,-72.12477820606311,-72.12477820606311
1052.81002951622,-72.12562996372343,-72.12562996372343
1052.82002951622,-72.12647684415982,-72.12647684415982
1052.83002951622,-72.1273191259079,-72.1273191259079
1052.84002951622,-72.12815708307386,-72.12815708307386
1052.85002951622,-72.12899098431754,-72.12899098431754
1052.86002951622,-72.12982109247679,-72.12982109247679
1052.87002951622,-72.13064766449352,-72.13064766449352
1052.88002951622,-72.13147095161271,-72.13147095161271
1052.89002951622,-72.13229119965338,-72.13229119965338
1052.90002951622,-72.13310864930584,-72.13310864930584
1052.91002951622,-72.13392353646134,-72.13392353646134
1052.92002951622,-72.13473609252566,-72.13473609252566
1052.9300295162202,-72.13554654469098,-72.13554654469098
1052.9400295162202,-72.13635511619715,-72.13635511619715
1052.9500295162202,-72.13716202657928,-72.13716202657928
1052.9600295162202,-72.1379612061944,-72.1379612061944
1052.9700295162202,-72.13875011888362,-72.13875011888362
1052.9800295162202,-72.13952763909056,-72.13952763909056
1052.9900295162201,-72.14029329269538,-72.14029329269538
1053.0000295162201,-72.14104696730006,-72.14104696730006
1053.0100295162201,-72.14178876177142,-72.14178876177142
1053.0200295162201,-72.14251889801717,-72.14251889801717
1053.03002951622,-72.14323766798996,-72.14323766798996
1053.04002951622,-72.14394540181164,-72.14394540181164
1053.05002951622,-72.1446424486885,-72.1446424486885
1053.06002951622,-72.14532916549027,-72.14532916549027
1053.07002951622,-72.14600591012744,-72.14600591012744
1053.08002951622,-72.14667303770382,-72.14667303770382
1053.09002951622,-72.1473308984584,-72.1473308984584
1053.10002951622,-72.14797983674903,-72.14797983674903
1053.11002951622,-72.14862019064014,-72.14862019064014
1053.12002951622,-72.14925229187727,-72.14925229187727
1053.13002951622,-72.14987646605584,-72.14987646605584
1053.14002951622,-72.15049303287935,-72.15049303287935
1053.150029540062,-72.15110230791223,-72.15110230791223
1053.160029540062,-72.15170459708818,-72.15170459708818
1053.170029540062,-72.15230020575667,-72.15230020575667
1053.180029540062,-72.15288943311597,-72.15288943311597
1053.190029540062,-72.15347257390252,-72.15347257390252
1053.200029540062,-72.15404991862952,-72.15404991862952
1053.210029540062,-72.15462175377564,-72.15462175377564
1053.220029540062,-72.15518836194461,-72.15518836194461
1053.2300295400619,-72.15575002201466,-72.15575002201466
1053.2400295400619,-72.15630700924557,-72.15630700924557
1053.2500295400619,-72.1568595953881,-72.1568595953881
1053.2600295400619,-72.15740804878203,-72.15740804878203
1053.2700295400618,-72.15795263440508,-72.15795263440508
1053.280029540062,-72.15849361395796,-72.15849361395796
1053.290029540062,-72.1590312459151,-72.1590312459151
1053.300029540062,-72.15956578555493,-72.15956578555493
1053.310029540062,-72.16009748500468,-72.16009748500468
1053.320029540062,-72.16062659328388,-72.16062659328388
1053.330029540062,-72.1611533563076,-72.1611533563076
1053.340029540062,-72.16167801693739,-72.16167801693739
1053.350029540062,-72.1622008149839,-72.1622008149839
1053.360029540062,-72.16272198724722,-72.16272198724722
1053.370029540062,-72.16324176750496,-72.16324176750496
1053.380029540062,-72.16376038653908,-72.16376038653908
1053.390029540062,-72.16427807215965,-72.16427807215965
1053.400029540062,-72.1647950492226,-72.1647950492226
1053.410029540062,-72.16531153960256,-72.16531153960256
1053.420029540062,-72.16582776225944,-72.16582776225944
1053.430029540062,-72.16634393322006,-72.16634393322006
1053.440029540062,-72.16686026559009,-72.16686026559009
1053.450029540062,-72.16737696957311,-72.16737696957311
1053.460029540062,-72.16789425248803,-72.16789425248803
1053.470029540062,-72.16841231877387,-72.16841231877387
1053.4800295400619,-72.16893136999897,-72.16893136999897
1053.4900295400619,-72.1694516048964,-72.1694516048964
1053.5000295400619,-72.16997321935726,-72.16997321935726
1053.5100295400619,-72.17049640644456,-72.17049640644456
1053.5200295400618,-72.17102135641612,-72.17102135641612
1053.530029540062,-72.17154825674949,-72.17154825674949
1053.540029540062,-72.1720772921407,-72.1720772921407
1053.550029540062,-72.17260864452376,-72.17260864452376
1053.560029540062,-72.17314249309915,-72.17314249309915
1053.570029540062,-72.17367901434369,-72.17367901434369
1053.580029540062,-72.17421838202434,-72.17421838202434
1053.590029540062,-72.17476076722727,-72.17476076722727
1053.600029540062,-72.17530633836257,-72.17530633836257
1053.610029540062,-72.17585526119117,-72.17585526119117
1053.620029540062,-72.1764076988685,-72.1764076988685
1053.630029540062,-72.17696381190297,-72.17696381190297
1053.640029540062,-72.17752375824875,-72.17752375824875
1053.650029540062,-72.17808769327179,-72.17808769327179
1053.660029540062,-72.17865576979298,-72.17865576979298
1053.670029540062,-72.17922813813443,-72.17922813813443
1053.680029540062,-72.17980494608332,-72.17980494608332
1053.690029540062,-72.18038633895928,-72.18038633895928
1053.700029540062,-72.18097245962332,-72.18097245962332
1053.710029540062,-72.18155716020472,-72.18155716020472
1053.720029540062,-72.1821378295108,-72.1821378295108
1053.7300295400619,-72.1827132685651,-72.1827132685651
1053.7400295400619,-72.18328293083222,-72.18328293083222
1053.7500295400619,-72.18384663226287,-72.18384663226287
1053.7600295400619,-72.18440440064548,-72.18440440064548
1053.7700295400618,-72.18495638726878,-72.18495638726878
1053.780029540062,-72.1855028138772,-72.1855028138772
1053.790029540062,-72.18604394071036,-72.18604394071036
1053.800029540062,-72.18658004736447,-72.18658004736447
1053.810029540062,-72.18711142139759,-72.18711142139759
1053.820029540062,-72.18763835164003,-72.18763835164003
1053.830029540062,-72.18816112438161,-72.18816112438161
1053.840029540062,-72.18868002128825,-72.18868002128825
1053.850029540062,-72.18919531838665,-72.18919531838665
1053.860029540062,-72.1897072856907,-72.1897072856907
1053.870029540062,-72.19021618714132,-72.19021618714132
1053.880029540062,-72.19072228082206,-72.19072228082206
1053.890029540062,-72.19122581919675,-72.19122581919675
1053.900029540062,-72.19172704945392,-72.19172704945392
1053.910029540062,-72.19222621383561,-72.19222621383561
1053.920029540062,-72.19272354992547,-72.19272354992547
1053.930029540062,-72.19321929095936,-72.19321929095936
1053.940029540062,-72.19371366609174,-72.19371366609174
1053.950029540062,-72.19420690060241,-72.19420690060241
1053.960029540062,-72.19469921612252,-72.19469921612252
1053.970029540062,-72.19519083079622,-72.19519083079622
1053.9800295400619,-72.19568195944782,-72.19568195944782
1053.9900295400619,-72.19617281370921,-72.19617281370921
1054.0000295639038,-72.1966636033029,-72.1966636033029
1054.0100295639038,-72.19715453145844,-72.19715453145844
1054.0200295639038,-72.19764580202529,-72.19764580202529
1054.0300295639038,-72.19813761485597,-72.19813761485597
1054.0400295639038,-72.19863016703803,-72.19863016703803
1054.0500295639038,-72.19912365295376,-72.19912365295376
1054.0600295639038,-72.19961826432387,-72.19961826432387
1054.0700295639037,-72.20011419025505,-72.20011419025505
1054.0800295639037,-72.20061161726521,-72.20061161726521
1054.0900295639037,-72.20111072932133,-72.20111072932133
1054.1000295639037,-72.20161170786545,-72.20161170786545
1054.1100295639037,-72.20211473182987,-72.20211473182987
1054.1200295639037,-72.20261997767324,-72.20261997767324
1054.130029563904,-72.20312761940878,-72.20312761940878
1054.140029563904,-72.20363782858796,-72.20363782858796
1054.150029563904,-72.20415077435578,-72.20415077435578
1054.160029563904,-72.2046666234455,-72.2046666234455
1054.1700295639039,-72.20518554020182,-72.20518554020182
1054.1800295639039,-72.20570768659579,-72.20570768659579
1054.1900295639039,-72.20623322223469,-72.20623322223469
1054.2000295639039,-72.20676230439571,-72.20676230439571
1054.2100295639038,-72.20729508799961,-72.20729508799961
1054.2200295639038,-72.2078317256713,-72.2078317256713
1054.2300295639038,-72.20837236771851,-72.20837236771851
1054.2400295639038,-72.20891716216998,-72.20891716216998
1054.2500295639038,-72.20946625476412,-72.20946625476412
1054.2600295639038,-72.210019788999,-72.210019788999
1054.2700295639038,-72.21057790612346,-72.21057790612346
1054.2800295639038,-72.21114074515107,-72.21114074515107
1054.2900295639038,-72.2117084428794,-72.2117084428794
1054.3000295639038,-72.21228113390447,-72.21228113390447
1054.3100295639038,-72.2128589506443,-72.2128589506443
1054.3200295639037,-72.21344202334777,-72.21344202334777
1054.3300295639037,-72.21403048010464,-72.21403048010464
1054.3400295639037,-72.21462444687572,-72.21462444687572
1054.3500295639037,-72.21522404749669,-72.21522404749669
1054.3600295639037,-72.21582940370659,-72.21582940370659
1054.3700295639037,-72.2164406351534,-72.2164406351534
1054.380029563904,-72.2170578594218,-72.2170578594218
1054.390029563904,-72.2176811920426,-72.2176811920426
1054.400029563904,-72.21831074650345,-72.21831074650345
1054.410029563904,-72.21894663429653,-72.21894663429653
1054.4200295639039,-72.21958896490491,-72.21958896490491
1054.4300295639039,-72.22023784583192,-72.22023784583192
1054.4400295639039,-72.22089338262624,-72.22089338262624
1054.4500295639039,-72.2215556788908,-72.2215556788908
1054.4600295639038,-72.22222483630065,-72.22222483630065
1054.4700295639038,-72.2229009546292,-72.2229009546292
1054.4800295639038,-72.22358413176698,-72.22358413176698
1054.4900295639038,-72.22427446373945,-72.22427446373945
1054.5000295639038,-72.2249720447152,-72.2249720447152
1054.5100295639038,-72.22567696703939,-72.22567696703939
1054.5200295639038,-72.2263893212528,-72.2263893212528
1054.5300295639038,-72.22710919609199,-72.22710919609199
1054.5400295639038,-72.22783667853248,-72.22783667853248
1054.5500295639038,-72.22857185379553,-72.22857185379553
1054.5600295639038,-72.22931480536761,-72.22931480536761
1054.5700295639037,-72.23006561502577,-72.23006561502577
1054.5800295639037,-72.23082436284042,-72.23082436284042
1054.5900295639037,-72.23159112722945,-72.23159112722945
1054.6000295639037,-72.23236598493918,-72.23236598493918
1054.6100295639037,-72.23314901107916,-72.23314901107916
1054.6200295639037,-72.23394027914752,-72.23394027914752
1054.630029563904,-72.23473986103589,-72.23473986103589
1054.640029563904,-72.23554782707313,-72.23554782707313
1054.650029563904,-72.23636424600458,-72.23636424600458
1054.660029563904,-72.2371891850475,-72.2371891850475
1054.6700295639039,-72.23802270990348,-72.23802270990348
1054.6800295639039,-72.2388648847511,-72.2388648847511
1054.6900295639039,-72.23971577231039,-72.23971577231039
1054.7000295639039,-72.24057543380445,-72.24057543380445
1054.7100295639038,-72.24144392902805,-72.24144392902805
1054.7200295639038,-72.24232131633772,-72.24232131633772
1054.7300295639038,-72.24320765267721,-72.24320765267721
1054.7400295639038,-72.24410299361615,-72.24410299361615
1054.7500295639038,-72.24500739332285,-72.24500739332285
1054.7600295639038,-72.245920904624,-72.245920904624
1054.7700295639038,-72.24684357899929,-72.24684357899929
1054.7800295639038,-72.24777546660599,-72.24777546660599
1054.7900295639038,-72.24871661630362,-72.24871661630362
1054.8000295639038,-72.24966707565856,-72.24966707565856
1054.8100295639038,-72.25062689096953,-72.25062689096953
1054.8200295639037,-72.25159610728336,-72.25159610728336
1054.8300295639037,-72.25257476840332,-72.25257476840332
1054.8400295639037,-72.25356291692677,-72.25356291692677
1054.8500295877457,-72.25456059661275,-72.25456059661275
1054.8600295877457,-72.25556784294793,-72.25556784294793
1054.8700295877456,-72.25658469729842,-72.25658469729842
1054.8800295877456,-72.25761119754563,-72.25761119754563
1054.8900295877456,-72.25864738043695,-72.25864738043695
1054.9000295877456,-72.25969328158608,-72.25969328158608
1054.9100295877456,-72.26074893550872,-72.26074893550872
1054.9200295877456,-72.26181437563622,-72.26181437563622
1054.9300295877456,-72.26288963431325,-72.26288963431325
1054.9400295877456,-72.26397474283182,-72.26397474283182
1054.9500295877456,-72.26506973142489,-72.26506973142489
1054.9600295877456,-72.26616833237745,-72.26616833237745
1054.9700295877456,-72.26726782015807,-72.26726782015807
1054.9800295877458,-72.26836688448736,-72.26836688448736
1054.9900295877458,-72.26946486968424,-72.26946486968424
1055.0000295877458,-72.27056148431593,-72.27056148431593
1055.0100295877457,-72.27165665042698,-72.27165665042698
1055.0200295877457,-72.27275041505499,-72.27275041505499
1055.0300295877457,-72.2738428971057,-72.2738428971057
1055.0400295877457,-72.27493425537195,-72.27493425537195
1055.0500295877457,-72.2760246693741,-72.2760246693741
1055.0600295877457,-72.27711432793613,-72.27711432793613
1055.0700295877457,-72.27820342246417,-72.27820342246417
1055.0800295877457,-72.27929214314044,-72.27929214314044
1055.0900295877457,-72.28038067682323,-72.28038067682323
1055.1000295877457,-72.28146920602057,-72.28146920602057
1055.1100295877457,-72.28255790849363,-72.28255790849363
1055.1200295877456,-72.28364695721427,-72.28364695721427
1055.1300295877456,-72.28473652053452,-72.28473652053452
1055.1400295877456,-72.28582676243823,-72.28582676243823
1055.1500295877456,-72.28691784286684,-72.28691784286684
1055.1600295877456,-72.28800991802838,-72.28800991802838
1055.1700295877456,-72.2891031407002,-72.2891031407002
1055.1800295877456,-72.29019766050884,-72.29019766050884
1055.1900295877456,-72.29129362416974,-72.29129362416974
1055.2000295877456,-72.29239117570529,-72.29239117570529
1055.2100295877456,-72.29349045666092,-72.29349045666092
1055.2200295877456,-72.29459160625707,-72.29459160625707
1055.2300295877458,-72.29569476151075,-72.29569476151075
1055.2400295877458,-72.2968000573935,-72.2968000573935
1055.2500295877458,-72.29790762690098,-72.29790762690098
1055.2600295877457,-72.29901760116098,-72.29901760116098
1055.2700295877457,-72.30013010949209,-72.30013010949209
1055.2800295877457,-72.30124527947716,-72.30124527947716
1055.2900295877457,-72.30236323700956,-72.30236323700956
1055.3000295877457,-72.30348410632138,-72.30348410632138
1055.3100295877457,-72.30460801003338,-72.30460801003338
1055.3200295877457,-72.30573506917206,-72.30573506917206
1055.3300295877457,-72.30686540321952,-72.30686540321952
1055.3400295877457,-72.30799913010163,-72.30799913010163
1055.3500295877457,-72.30913636621099,-72.30913636621099
1055.3600295877457,-72.31027722643498,-72.31027722643498
1055.3700295877456,-72.31142182415205,-72.31142182415205
1055.3800295877456,-72.31257027123885,-72.31257027123885
1055.3900295877456,-72.31372267809681,-72.31372267809681
1055.4000295877456,-72.3148791536223,-72.3148791536223
1055.4100295877456,-72.31603980525936,-72.31603980525936
1055.4200295877456,-72.31720473895116,-72.31720473895116
1055.4300295877456,-72.31837405919127,-72.31837405919127
1055.4400295877456,-72.31954786898845,-72.31954786898845
1055.4500295877456,-72.32072626989724,-72.32072626989724
1055.4600295877456,-72.32190936201415,-72.32190936201415
1055.4700295877456,-72.32309724397186,-72.32309724397186
1055.4800295877458,-72.32429001294902,-72.32429001294902
1055.4900295877458,-72.32548776467657,-72.32548776467657
1055.5000295877458,-72.32669059342221,-72.32669059342221
1055.5100295877457,-72.32789859202406,-72.32789859202406
1055.5200295877457,-72.32911185187086,-72.32911185187086
1055.5300295877457,-72.33033046292411,-72.33033046292411
1055.5400295877457,-72.33155451370915,-72.33155451370915
1055.5500295877457,-72.33278409130804,-72.33278409130804
1055.5600295877457,-72.33401928140232,-72.33401928140232
1055.5700295877457,-72.33526016824953,-72.33526016824953
1055.5800295877457,-72.33650683470213,-72.33650683470213
1055.5900295877457,-72.33775936219297,-72.33775936219297
1055.6000295877457,-72.33901783076702,-72.33901783076702
1055.6100295877457,-72.34028231909035,-72.34028231909035
1055.6200295877456,-72.34155290441525,-72.34155290441525
1055.6300295877456,-72.34282966265381,-72.34282966265381
1055.6400295877456,-72.34411266831886,-72.34411266831886
1055.6500295877456,-72.34540199458381,-72.34540199458381
1055.6600295877456,-72.34669771325741,-72.34669771325741
1055.6700295877456,-72.34799989482036,-72.34799989482036
1055.6800295877456,-72.34930860840932,-72.34930860840932
1055.6900295877456,-72.35062392183782,-72.35062392183782
1055.7000296115875,-72.35194590475182,-72.35194590475182
1055.7100296115875,-72.35327461607949,-72.35327461607949
1055.7200296115875,-72.35461012283521,-72.35461012283521
1055.7300296115875,-72.35595248764315,-72.35595248764315
1055.7400296115875,-72.35730177184044,-72.35730177184044
1055.7500296115875,-72.35865803551074,-72.35865803551074
1055.7600296115875,-72.3600213374754,-72.3600213374754
1055.7700296115875,-72.36139173532446,-72.36139173532446
1055.7800296115875,-72.36276928540319,-72.36276928540319
1055.7900296115874,-72.3641540428465,-72.3641540428465
1055.8000296115874,-72.36554606158055,-72.36554606158055
1055.8100296115874,-72.36694539433321,-72.36694539433321
1055.8200296115874,-72.36835209264291,-72.36835209264291
1055.8300296115876,-72.36976620687793,-72.36976620687793
1055.8400296115876,-72.37118778625269,-72.37118778625269
1055.8500296115876,-72.37261687880998,-72.37261687880998
1055.8600296115876,-72.37405353147898,-72.37405353147898
1055.8700296115876,-72.37549779004677,-72.37549779004677
1055.8800296115876,-72.37694969918827,-72.37694969918827
1055.8900296115876,-72.37840930248474,-72.37840930248474
1055.9000296115876,-72.37987664241192,-72.37987664241192
1055.9100296115876,-72.3813517603811,-72.3813517603811
1055.9200296115876,-72.38283469672653,-72.38283469672653
1055.9300296115875,-72.38432549073848,-72.38432549073848
1055.9400296115875,-72.38582418065462,-72.38582418065462
1055.9500296115875,-72.38733080369144,-72.38733080369144
1055.9600296115875,-72.38884539604216,-72.38884539604216
1055.9700296115875,-72.39036799289472,-72.39036799289472
1055.9800296115875,-72.3918986284501,-72.3918986284501
1055.9900296115875,-72.39343733591112,-72.39343733591112
1056.0000296115875,-72.3949841475249,-72.3949841475249
1056.0100296115875,-72.39653909458073,-72.39653909458073
1056.0200296115875,-72.39810220741171,-72.39810220741171
1056.0300296115875,-72.39967351542263,-72.39967351542263
1056.0400296115874,-72.40125304709328,-72.40125304709328
1056.0500296115874,-72.40284082999969,-72.40284082999969
1056.0600296115874,-72.40443689081285,-72.40443689081285
1056.0700296115874,-72.40604125531608,-72.40604125531608
1056.0800296115876,-72.40765394841334,-72.40765394841334
1056.0900296115876,-72.40927499415713,-72.40927499415713
1056.1000296115876,-72.41090441573385,-72.41090441573385
1056.1100296115876,-72.41254223548948,-72.41254223548948
1056.1200296115876,-72.4141884749497,-72.4141884749497
1056.1300296115876,-72.41584315480874,-72.41584315480874
1056.1400296115876,-72.4175062949627,-72.4175062949627
1056.1500296115876,-72.41917791449514,-72.41917791449514
1056.1600296115876,-72.42085803172402,-72.42085803172402
1056.1700296115876,-72.42254666418533,-72.42254666418533
1056.1800296115875,-72.42424382863753,-72.42424382863753
1056.1900296115875,-72.42594954110135,-72.42594954110135
1056.2000296115875,-72.4276638168507,-72.4276638168507
1056.2100296115875,-72.42938667041146,-72.42938667041146
1056.2200296115875,-72.43111811561148,-72.43111811561148
1056.2300296115875,-72.43285816555344,-72.43285816555344
1056.2400296115875,-72.43460683263602,-72.43460683263602
1056.2500296115875,-72.43636412857721,-72.43636412857721
1056.2600296115875,-72.43813006439422,-72.43813006439422
1056.2700296115875,-72.43990465044968,-72.43990465044968
1056.2800296115875,-72.44168789644485,-72.44168789644485
1056.2900296115874,-72.44347981141208,-72.44347981141208
1056.3000296115874,-72.4452804037537,-72.4452804037537
1056.3100296115874,-72.44708968123973,-72.44708968123973
1056.3200296115874,-72.44890765101357,-72.44890765101357
1056.3300296115876,-72.45073431961139,-72.45073431961139
1056.3400296115876,-72.45256969294633,-72.45256969294633
1056.3500296115876,-72.45441377635046,-72.45441377635046
1056.3600296115876,-72.45626657456346,-72.45626657456346
1056.3700296115876,-72.45812809175389,-72.45812809175389
1056.3800296115876,-72.45999833151015,-72.45999833151015
1056.3900296115876,-72.46187729686719,-72.46187729686719
1056.4000296115876,-72.46376499031322,-72.46376499031322
1056.4100296115876,-72.46566141378354,-72.46566141378354
1056.4200296115876,-72.46756656867741,-72.46756656867741
1056.4300296115875,-72.46948045588036,-72.46948045588036
1056.4400296115875,-72.47140307575054,-72.47140307575054
1056.4500296115875,-72.47333442812531,-72.47333442812531
1056.4600296115875,-72.47527451236519,-72.47527451236519
1056.4700296115875,-72.47722332731539,-72.47722332731539
1056.4800296115875,-72.47918087135311,-72.47918087135311
1056.4900296115875,-72.48114714235308,-72.48114714235308
1056.5000296115875,-72.48312213774688,-72.48312213774688
1056.5100296115875,-72.48510585447956,-72.48510585447956
1056.5200296115875,-72.48709828905473,-72.48709828905473
1056.5300296115875,-72.48909943751988,-72.48909943751988
1056.5400296115874,-72.49110929548202,-72.49110929548202
1056.5500296354294,-72.49312786292592,-72.49312786292592
1056.5600296354294,-72.49515512502089,-72.49515512502089
1056.5700296354294,-72.4971910808602,-72.4971910808602
1056.5800296354294,-72.49923572436425,-72.49923572436425
1056.5900296354293,-72.50128904903862,-72.50128904903862
1056.6000296354293,-72.50335104800843,-72.50335104800843
1056.6100296354293,-72.50542171398,-72.50542171398
1056.6200296354293,-72.50750103929113,-72.50750103929113
1056.6300296354293,-72.50958901589279,-72.50958901589279
1056.6400296354293,-72.51168563536054,-72.51168563536054
1056.6500296354293,-72.51379088891835,-72.51379088891835
1056.6600296354293,-72.51590476740814,-72.51590476740814
1056.6700296354293,-72.5180272613231,-72.5180272613231
1056.6800296354295,-72.52015836082684,-72.52015836082684
1056.6900296354295,-72.52229805570961,-72.52229805570961
1056.7000296354295,-72.52444633545791,-72.52444633545791
1056.7100296354295,-72.52660318920556,-72.52660318920556
1056.7200296354295,-72.5287686057605,-72.5287686057605
1056.7300296354294,-72.53094257362784,-72.53094257362784
1056.7400296354294,-72.53312508098479,-72.53312508098479
1056.7500296354294,-72.53531611570844,-72.53531611570844
1056.7600296354294,-72.53751566537032,-72.53751566537032
1056.7700296354294,-72.53972371724592,-72.53972371724592
1056.7800296354294,-72.54194025831843,-72.54194025831843
1056.7900296354294,-72.5441652752733,-72.5441652752733
1056.8000296354294,-72.54639875453103,-72.54639875453103
1056.8100296354294,-72.54864068222868,-72.54864068222868
1056.8200296354294,-72.55089104423772,-72.55089104423772
1056.8300296354294,-72.5531498261507,-72.5531498261507
1056.8400296354293,-72.55541701331177,-72.55541701331177
1056.8500296354293,-72.55769259080232,-72.55769259080232
1056.8600296354293,-72.559976543448,-72.559976543448
1056.8700296354293,-72.5622688558356,-72.5622688558356
1056.8800296354293,-72.56456951230174,-72.56456951230174
1056.8900296354293,-72.56687849694858,-72.56687849694858
1056.9000296354293,-72.56919579364386,-72.56919579364386
1056.9100296354293,-72.57152138602065,-72.57152138602065
1056.9200296354293,-72.57385525749466,-72.57385525749466
1056.9300296354295,-72.57619739126402,-72.57619739126402
1056.9400296354295,-72.57854777029875,-72.57854777029875
1056.9500296354295,-72.58090637736808,-72.58090637736808
1056.9600296354295,-72.58327319502477,-72.58327319502477
1056.9700296354295,-72.58564820561861,-72.58564820561861
1056.9800296354294,-72.58803139130319,-72.58803139130319
1056.9900296354294,-72.59042273403438,-72.59042273403438
1057.0000296354294,-72.59282221557628,-72.59282221557628
1057.0100296354294,-72.5952298175035,-72.5952298175035
1057.0200296354294,-72.59764552120403,-72.59764552120403
1057.0300296354294,-72.60006930789763,-72.60006930789763
1057.0400296354294,-72.60250115861143,-72.60250115861143
1057.0500296354294,-72.60494105419639,-72.60494105419639
1057.0600296354294,-72.60738897534563,-72.60738897534563
1057.0700296354294,-72.60984490258845,-72.60984490258845
1057.0800296354294,-72.61230881627618,-72.61230881627618
1057.0900296354293,-72.61478069661274,-72.61478069661274
1057.1000296354293,-72.61726052364232,-72.61726052364232
1057.1100296354293,-72.61974827725913,-72.61974827725913
1057.1200296354293,-72.6222439371974,-72.6222439371974
1057.1300296354293,-72.62474748305748,-72.62474748305748
1057.1400296354293,-72.62725889428815,-72.62725889428815
1057.1500296354293,-72.62977815020284,-72.62977815020284
1057.1600296354293,-72.63230522997821,-72.63230522997821
1057.1700296354293,-72.63484011265245,-72.63484011265245
1057.1800296354295,-72.63738277713371,-72.63738277713371
1057.1900296354295,-72.63993320220598,-72.63993320220598
1057.2000296354295,-72.642491366527,-72.642491366527
1057.2100296354295,-72.64505091325886,-72.64505091325886
1057.2200296354295,-72.6476090463117,-72.6476090463117
1057.2300296354294,-72.65016439299956,-72.65016439299956
1057.2400296354294,-72.65271623950717,-72.65271623950717
1057.2500296354294,-72.65526423912263,-72.65526423912263
1057.2600296354294,-72.65780826069398,-72.65780826069398
1057.2700296354294,-72.66034829975929,-72.66034829975929
1057.2800296354294,-72.66288442521854,-72.66288442521854
1057.2900296354294,-72.665416747163,-72.665416747163
1057.3000296354294,-72.66794539764369,-72.66794539764369
1057.3100296354294,-72.67047051918952,-72.67047051918952
1057.3200296354294,-72.67299225804138,-72.67299225804138
1057.3300296354294,-72.67551076028965,-72.67551076028965
1057.3400296354293,-72.67802616976145,-72.67802616976145
1057.3500296354293,-72.68053862693657,-72.68053862693657
1057.3600296354293,-72.6830482685325,-72.6830482685325
1057.3700296354293,-72.68555522746215,-72.68555522746215
1057.3800296354293,-72.68805963293869,-72.68805963293869
1057.3900296354293,-72.69056161072295,-72.69056161072295
1057.4000296592712,-72.69306128939574,-72.69306128939574
1057.4100296592712,-72.69555877679981,-72.69555877679981
1057.4200296592712,-72.6980541960563,-72.6980541960563
1057.4300296592712,-72.70054766201677,-72.70054766201677
1057.4400296592712,-72.70303928743833,-72.70303928743833
1057.4500296592712,-72.7055291831895,-72.7055291831895
1057.4600296592712,-72.70801745842617,-72.70801745842617
1057.4700296592712,-72.71050422072823,-72.71050422072823
1057.4800296592712,-72.71298957624782,-72.71298957624782
1057.4900296592712,-72.71547362979727,-72.71547362979727
1057.5000296592711,-72.7179564849474,-72.7179564849474
1057.5100296592711,-72.72043824408858,-72.72043824408858
1057.5200296592711,-72.72291900850402,-72.72291900850402
1057.5300296592713,-72.72539887840162,-72.72539887840162
1057.5400296592713,-72.7278779529563,-72.7278779529563
1057.5500296592713,-72.73035633035474,-72.73035633035474
1057.5600296592713,-72.7328341077969,-72.7328341077969
1057.5700296592713,-72.73531138151932,-72.73531138151932
1057.5800296592713,-72.73778824682323,-72.73778824682323
1057.5900296592713,-72.74026479805693,-72.74026479805693
1057.6000296592713,-72.74274112862969,-72.74274112862969
1057.6100296592713,-72.74521733103722,-72.74521733103722
1057.6200296592713,-72.74769349681779,-72.74769349681779
1057.6300296592713,-72.75016971659197,-72.75016971659197
1057.6400296592712,-72.75264608003276,-72.75264608003276
1057.6500296592712,-72.75512267587735,-72.75512267587735
1057.6600296592712,-72.75759959191846,-72.75759959191846
1057.6700296592712,-72.76007691499353,-72.76007691499353
1057.6800296592712,-72.76255473098907,-72.76255473098907
1057.6900296592712,-72.76503312482832,-72.76503312482832
1057.7000296592712,-72.7675121804678,-72.7675121804678
1057.7100296592712,-72.7699856345591,-72.7699856345591
1057.7200296592712,-72.77245078962677,-72.77245078962677
1057.7300296592712,-72.77490637310927,-72.77490637310927
1057.7400296592712,-72.77735177153583,-72.77735177153583
1057.7500296592711,-72.77978673828953,-72.77978673828953
1057.7600296592711,-72.78221124180145,-72.78221124180145
1057.7700296592711,-72.7846253765774,-72.7846253765774
1057.7800296592713,-72.78702930972875,-72.78702930972875
1057.7900296592713,-72.78942324880518,-72.78942324880518
1057.8000296592713,-72.79180742251573,-72.79180742251573
1057.8100296592713,-72.79418206920244,-72.79418206920244
1057.8200296592713,-72.79654743005777,-72.79654743005777
1057.8300296592713,-72.79890374529045,-72.79890374529045
1057.8400296592713,-72.80125125195354,-72.80125125195354
1057.8500296592713,-72.80359018288328,-72.80359018288328
1057.8600296592713,-72.80592076627042,-72.80592076627042
1057.8700296592713,-72.80824322559083,-72.80824322559083
1057.8800296592713,-72.81055777973135,-72.81055777973135
1057.8900296592712,-72.8128646432371,-72.8128646432371
1057.9000296592712,-72.81516402658973,-72.81516402658973
1057.9100296592712,-72.81745613650294,-72.81745613650294
1057.9200296592712,-72.81974117619625,-72.81974117619625
1057.9300296592712,-72.82201934565276,-72.82201934565276
1057.9400296592712,-72.82429084185303,-72.82429084185303
1057.9500296592712,-72.82655585897534,-72.82655585897534
1057.9600296592712,-72.82881458856018,-72.82881458856018
1057.9700296592712,-72.83106721968704,-72.83106721968704
1057.9800296592712,-72.83331393907393,-72.83331393907393
1057.9900296592712,-72.83555493119499,-72.83555493119499
1058.0000296592711,-72.83779037837472,-72.83779037837472
1058.0100296592711,-72.84002046085806,-72.84002046085806
1058.0200296592711,-72.8422453568573,-72.8422453568573
1058.0300296592713,-72.8444652426372,-72.8444652426372
1058.0400296592713,-72.84668029253076,-72.84668029253076
1058.0500296592713,-72.8488906789736,-72.8488906789736
1058.0600296592713,-72.85109657252707,-72.85109657252707
1058.0700296592713,-72.85329814192701,-72.85329814192701
1058.0800296592713,-72.8554955540637,-72.8554955540637
1058.0900296592713,-72.8576889740204,-72.8576889740204
1058.1000296592713,-72.85987856507784,-72.85987856507784
1058.1100296592713,-72.86206448870692,-72.86206448870692
1058.1200296592713,-72.86424690459455,-72.86424690459455
1058.1300296592713,-72.86642597063816,-72.86642597063816
1058.1400296592712,-72.86860184295028,-72.86860184295028
1058.1500296592712,-72.87077467586374,-72.87077467586374
1058.1600296592712,-72.87294462193118,-72.87294462193118
1058.1700296592712,-72.87511183191805,-72.87511183191805
1058.1800296592712,-72.87727645481323,-72.87727645481323
1058.1900296592712,-72.87943863783364,-72.87943863783364
1058.2000296592712,-72.88159852641367,-72.88159852641367
1058.2100296592712,-72.883749908706,-72.883749908706
1058.2200296592712,-72.88589014347727,-72.88589014347727
1058.2300296592712,-72.88801801581675,-72.88801801581675
1058.2400296592712,-72.89013297010307,-72.89013297010307
1058.250029683113,-72.89223482235873,-72.89223482235873
1058.260029683113,-72.8943235881378,-72.8943235881378
1058.270029683113,-72.89639942358819,-72.89639942358819
1058.280029683113,-72.89846255178382,-72.89846255178382
1058.290029683113,-72.90051323555711,-72.90051323555711
1058.300029683113,-72.9025517581708,-72.9025517581708
1058.310029683113,-72.9045784118112,-72.9045784118112
1058.320029683113,-72.90659349083042,-72.90659349083042
1058.330029683113,-72.90859728784153,-72.90859728784153
1058.340029683113,-72.91059009159208,-72.91059009159208
1058.350029683113,-72.91257218592916,-72.91257218592916
1058.360029683113,-72.91454384931914,-72.91454384931914
1058.370029683113,-72.91650535483905,-72.91650535483905
1058.3800296831132,-72.91845697028997,-72.91845697028997
1058.3900296831132,-72.92039895844302,-72.92039895844302
1058.4000296831132,-72.92233157733135,-72.92233157733135
1058.4100296831132,-72.92425508053715,-72.92425508053715
1058.4200296831132,-72.92616971751552,-72.92616971751552
1058.4300296831132,-72.92807573381884,-72.92807573381884
1058.4400296831132,-72.92997337134541,-72.92997337134541
1058.4500296831131,-72.93186286856388,-72.93186286856388
1058.4600296831131,-72.93374446067547,-72.93374446067547
1058.4700296831131,-72.93561837977997,-72.93561837977997
1058.4800296831131,-72.93748485501195,-72.93748485501195
1058.490029683113,-72.93934411265741,-72.93934411265741
1058.500029683113,-72.94119637623172,-72.94119637623172
1058.510029683113,-72.94304186659241,-72.94304186659241
1058.520029683113,-72.94488080197083,-72.94488080197083
1058.530029683113,-72.94671339806484,-72.94671339806484
1058.540029683113,-72.94853986806287,-72.94853986806287
1058.550029683113,-72.95036042269335,-72.95036042269335
1058.560029683113,-72.95217527025147,-72.95217527025147
1058.570029683113,-72.95398461664806,-72.95398461664806
1058.580029683113,-72.95578866540217,-72.95578866540217
1058.590029683113,-72.95758761768339,-72.95758761768339
1058.600029683113,-72.9593816723202,-72.9593816723202
1058.610029683113,-72.96117102581985,-72.96117102581985
1058.620029683113,-72.9629558723638,-72.9629558723638
1058.6300296831132,-72.96473640384457,-72.96473640384457
1058.6400296831132,-72.9665128098599,-72.9665128098599
1058.6500296831132,-72.96828527771207,-72.96828527771207
1058.6600296831132,-72.97005399243659,-72.97005399243659
1058.6700296831132,-72.971819136795,-72.971819136795
1058.6800296831132,-72.97358089129871,-72.97358089129871
1058.6900296831132,-72.97533943418708,-72.97533943418708
1058.7000296831131,-72.97709494146916,-72.97709494146916
1058.7100296831131,-72.97884758690746,-72.97884758690746
1058.7200296831131,-72.98059754202609,-72.98059754202609
1058.7300296831131,-72.98234497614136,-72.98234497614136
1058.740029683113,-72.98409005633516,-72.98409005633516
1058.750029683113,-72.98583294751029,-72.98583294751029
1058.760029683113,-72.9875738123339,-72.9875738123339
1058.770029683113,-72.9893128113133,-72.9893128113133
1058.780029683113,-72.99105010275787,-72.99105010275787
1058.790029683113,-72.99278584282547,-72.99278584282547
1058.800029683113,-72.99452018550554,-72.99452018550554
1058.810029683113,-72.99625328264183,-72.99625328264183
1058.820029683113,-72.997985283948,-72.997985283948
1058.830029683113,-72.99971633700085,-72.99971633700085
1058.840029683113,-73.00144658727544,-73.00144658727544
1058.850029683113,-73.0031761781505,-73.0031761781505
1058.860029683113,-73.00490525091399,-73.00490525091399
1058.870029683113,-73.00663394478049,-73.00663394478049
1058.8800296831132,-73.00836239691228,-73.00836239691228
1058.8900296831132,-73.0100907424284,-73.0100907424284
1058.9000296831132,-73.01181911441242,-73.01181911441242
1058.9100296831132,-73.01354764394053,-73.01354764394053
1058.9200296831132,-73.01527646008228,-73.01527646008228
1058.9300296831132,-73.01700568993387,-73.01700568993387
1058.9400296831132,-73.01873545861254,-73.01873545861254
1058.9500296831131,-73.02046588928746,-73.02046588928746
1058.9600296831131,-73.0221971032027,-73.0221971032027
1058.9700296831131,-73.02392921966933,-73.02392921966933
1058.9800296831131,-73.02566235610473,-73.02566235610473
1058.990029683113,-73.0273966280344,-73.0273966280344
1059.000029683113,-73.02913214912805,-73.02913214912805
1059.010029683113,-73.0308690311947,-73.0308690311947
1059.020029683113,-73.03260738421181,-73.03260738421181
1059.030029683113,-73.03434731633936,-73.03434731633936
1059.040029683113,-73.03608893394369,-73.03608893394369
1059.050029683113,-73.03783234160844,-73.03783234160844
1059.060029683113,-73.0395776421422,-73.0395776421422
1059.070029683113,-73.04132493663143,-73.04132493663143
1059.080029683113,-73.04307432441863,-73.04307432441863
1059.090029683113,-73.04482590314042,-73.04482590314042
1059.100029706955,-73.04657977292676,-73.04657977292676
1059.110029706955,-73.04833601971455,-73.04833601971455
1059.120029706955,-73.05009474027116,-73.05009474027116
1059.130029706955,-73.05185602559274,-73.05185602559274
1059.140029706955,-73.05361996504341,-73.05361996504341
1059.150029706955,-73.05538664638075,-73.05538664638075
1059.160029706955,-73.05715615579538,-73.05715615579538
1059.170029706955,-73.05892857789465,-73.05892857789465
1059.1800297069549,-73.06070399575566,-73.06070399575566
1059.1900297069549,-73.06248249091676,-73.06248249091676
1059.2000297069549,-73.06426414340912,-73.06426414340912
1059.2100297069549,-73.0660490317747,-73.0660490317747
1059.2200297069548,-73.06783723306928,-73.06783723306928
1059.230029706955,-73.06962882290381,-73.06962882290381
1059.240029706955,-73.07142387544388,-73.07142387544388
1059.250029706955,-73.07322246342561,-73.07322246342561
1059.260029706955,-73.07502465819395,-73.07502465819395
1059.270029706955,-73.07683052969674,-73.07683052969674
1059.280029706955,-73.07864014651214,-73.07864014651214
1059.290029706955,-73.0804535758793,-73.0804535758793
1059.300029706955,-73.0822708836769,-73.0822708836769
1059.310029706955,-73.08409213448415,-73.08409213448415
1059.320029706955,-73.08591739156807,-73.08591739156807
1059.330029706955,-73.08774671691562,-73.08774671691562
1059.340029706955,-73.08958017123928,-73.08958017123928
1059.350029706955,-73.09141781400906,-73.09141781400906
1059.360029706955,-73.09325970344196,-73.09325970344196
1059.370029706955,-73.09510589655238,-73.09510589655238
1059.380029706955,-73.09695644913694,-73.09695644913694
1059.390029706955,-73.09881141581263,-73.09881141581263
1059.400029706955,-73.10067085002606,-73.10067085002606
1059.410029706955,-73.10253480406175,-73.10253480406175
1059.420029706955,-73.10440332906043,-73.10440332906043
1059.4300297069549,-73.10627647503867,-73.10627647503867
1059.4400297069549,-73.10815429090968,-73.10815429090968
1059.4500297069549,-73.11003682448852,-73.11003682448852
1059.4600297069549,-73.11191774737594,-73.11191774737594
1059.4700297069548,-73.11379431381111,-73.11379431381111
1059.480029706955,-73.11566520952057,-73.11566520952057
1059.490029706955,-73.1175297823419,-73.1175297823419
1059.500029706955,-73.11938774856885,-73.11938774856885
1059.510029706955,-73.12123904049992,-73.12123904049992
1059.520029706955,-73.12308371703298,-73.12308371703298
1059.530029706955,-73.1249219099904,-73.1249219099904
1059.540029706955,-73.1267537918069,-73.1267537918069
1059.550029706955,-73.12857955617021,-73.12857955617021
1059.560029706955,-73.13039940645882,-73.13039940645882
1059.570029706955,-73.13221354898502,-73.13221354898502
1059.580029706955,-73.13402218907684,-73.13402218907684
1059.590029706955,-73.13582552898936,-73.13582552898936
1059.600029706955,-73.1376237668392,-73.1376237668392
1059.610029706955,-73.13941709615486,-73.13941709615486
1059.620029706955,-73.14120570584642,-73.14120570584642
1059.630029706955,-73.14298978036116,-73.14298978036116
1059.640029706955,-73.14476949991891,-73.14476949991891
1059.650029706955,-73.14654504079682,-73.14654504079682
1059.660029706955,-73.14831657566414,-73.14831657566414
1059.670029706955,-73.15008427386105,-73.15008427386105
1059.6800297069549,-73.15184830165622,-73.15184830165622
1059.6900297069549,-73.15360882250746,-73.15360882250746
1059.7000297069549,-73.15536599724838,-73.15536599724838
1059.7100297069549,-73.15711998429165,-73.15711998429165
1059.7200297069548,-73.15887093979012,-73.15887093979012
1059.730029706955,-73.16061901775282,-73.16061901775282
1059.740029706955,-73.16236437018159,-73.16236437018159
1059.750029706955,-73.16410714715848,-73.16410714715848
1059.760029706955,-73.16584749691526,-73.16584749691526
1059.770029706955,-73.16758556591985,-73.16758556591985
1059.780029706955,-73.16932149891568,-73.16932149891568
1059.790029706955,-73.17105543897841,-73.17105543897841
1059.800029706955,-73.17278752754572,-73.17278752754572
1059.810029706955,-73.1745179044524,-73.1745179044524
1059.820029706955,-73.1762467079669,-73.1762467079669
1059.830029706955,-73.17797407478763,-73.17797407478763
1059.840029706955,-73.17970014007567,-73.17970014007567
1059.850029706955,-73.18142503746097,-73.18142503746097
1059.860029706955,-73.18314889905716,-73.18314889905716
1059.870029706955,-73.18487185545612,-73.18487185545612
1059.880029706955,-73.18659403575863,-73.18659403575863
1059.890029706955,-73.18831556755279,-73.18831556755279
1059.900029706955,-73.19003657693295,-73.19003657693295
1059.910029706955,-73.19175718850072,-73.19175718850072
1059.920029706955,-73.19347752535913,-73.19347752535913
1059.9300297069549,-73.19519770912987,-73.19519770912987
1059.9400297069549,-73.19691785993356,-73.19691785993356
1059.9500297307968,-73.1986381005008,-73.1986381005008
1059.9600297307968,-73.20035853979934,-73.20035853979934
1059.9700297307968,-73.20207929757133,-73.20207929757133
1059.9800297307968,-73.20380048800403,-73.20380048800403
1059.9900297307968,-73.20552222379406,-73.20552222379406
1060.0000297307968,-73.20724461614958,-73.20724461614958
1060.0100297307968,-73.20896777482014,-73.20896777482014
1060.0200297307968,-73.21069180805556,-73.21069180805556
1060.0300297307967,-73.21241682265357,-73.21241682265357
1060.0400297307967,-73.21414292393386,-73.21414292393386
1060.0500297307967,-73.21587021574089,-73.21587021574089
1060.0600297307967,-73.21759880047671,-73.21759880047671
1060.0700297307967,-73.21932877907132,-73.21932877907132
1060.080029730797,-73.22106025101353,-73.22106025101353
1060.090029730797,-73.22279331433968,-73.22279331433968
1060.100029730797,-73.22452806564822,-73.22452806564822
1060.110029730797,-73.22625567286754,-73.22625567286754
1060.120029730797,-73.22796586158509,-73.22796586158509
1060.1300297307969,-73.22964976004053,-73.22964976004053
1060.1400297307969,-73.23130015963334,-73.23130015963334
1060.1500297307969,-73.23291117333663,-73.23291117333663
1060.1600297307969,-73.23447790005925,-73.23447790005925
1060.1700297307968,-73.2359961933009,-73.2359961933009
1060.1800297307968,-73.23746251232411,-73.23746251232411
1060.1900297307968,-73.23887382363986,-73.23887382363986
1060.2000297307968,-73.2402275309431,-73.2402275309431
1060.2100297307968,-73.24152142118108,-73.24152142118108
1060.2200297307968,-73.24275362037567,-73.24275362037567
1060.2300297307968,-73.24392255578049,-73.24392255578049
1060.2400297307968,-73.24502692286215,-73.24502692286215
1060.2500297307968,-73.24606565602593,-73.24606565602593
1060.2600297307968,-73.24703790261971,-73.24703790261971
1060.2700297307968,-73.2479429998257,-73.2479429998257
1060.2800297307967,-73.24878045403389,-73.24878045403389
1060.2900297307967,-73.24954992256276,-73.24954992256276
1060.3000297307967,-73.25025119736094,-73.25025119736094
1060.3100297307967,-73.2508841905529,-73.2508841905529
1060.3200297307967,-73.25144892156787,-73.25144892156787
1060.330029730797,-73.25194550570816,-73.25194550570816
1060.340029730797,-73.25237414396301,-73.25237414396301
1060.350029730797,-73.25273511396769,-73.25273511396769
1060.360029730797,-73.25302876191367,-73.25302876191367
1060.370029730797,-73.25325549533117,-73.25325549533117
1060.3800297307969,-73.25341577663421,-73.25341577663421
1060.3900297307969,-73.25351011735306,-73.25351011735306
1060.4000297307969,-73.25353907295002,-73.25353907295002
1060.4100297307969,-73.25350323817482,-73.25350323817482
1060.4200297307968,-73.25340324286304,-73.25340324286304
1060.4300297307968,-73.25323974816544,-73.25323974816544
1060.4400297307968,-73.25301344314585,-73.25301344314585
1060.4500297307968,-73.25272504168764,-73.25272504168764
1060.4600297307968,-73.25237527971088,-73.25237527971088
1060.4700297307968,-73.2519649126269,-73.2519649126269
1060.4800297307968,-73.25149471304566,-73.25149471304566
1060.4900297307968,-73.25096546867033,-73.25096546867033
1060.5000297307968,-73.25037798038787,-73.25037798038787
1060.5100297307968,-73.24973306052331,-73.24973306052331
1060.5200297307968,-73.24903153126282,-73.24903153126282
1060.5300297307967,-73.2482742231613,-73.2482742231613
1060.5400297307967,-73.24746197384059,-73.24746197384059
1060.5500297307967,-73.24659562671742,-73.24659562671742
1060.5600297307967,-73.24567602994104,-73.24567602994104
1060.5700297307967,-73.24470403530077,-73.24470403530077
1060.580029730797,-73.24368049730253,-73.24368049730253
1060.590029730797,-73.24260627228566,-73.24260627228566
1060.600029730797,-73.24148221761212,-73.24148221761212
1060.610029730797,-73.24030919093013,-73.24030919093013
1060.620029730797,-73.23908804947904,-73.23908804947904
1060.6300297307969,-73.23781964946451,-73.23781964946451
1060.6400297307969,-73.23650484546665,-73.23650484546665
1060.6500297307969,-73.23514448990962,-73.23514448990962
1060.6600297307969,-73.23373943254788,-73.23373943254788
1060.6700297307968,-73.23229052001827,-73.23229052001827
1060.6800297307968,-73.23079859542503,-73.23079859542503
1060.6900297307968,-73.22926449792283,-73.22926449792283
1060.7000297307968,-73.22768906237962,-73.22768906237962
1060.7100297307968,-73.22607311903151,-73.22607311903151
1060.7200297307968,-73.22441749315509,-73.22441749315509
1060.7300297307968,-73.22272300483874,-73.22272300483874
1060.7400297307968,-73.22099046867176,-73.22099046867176
1060.7500297307968,-73.21922069352769,-73.21922069352769
1060.7600297307968,-73.21741448234951,-73.21741448234951
1060.7700297307968,-73.21557263192193,-73.21557263192193
1060.7800297307967,-73.21369593271281,-73.21369593271281
1060.7900297307967,-73.21178516870285,-73.21178516870285
1060.8000297546387,-73.20984111258714,-73.20984111258714
1060.8100297546387,-73.20786454410629,-73.20786454410629
1060.8200297546387,-73.2058562223347,-73.2058562223347
1060.8300297546386,-73.20381690388865,-73.20381690388865
1060.8400297546386,-73.20174733825574,-73.20174733825574
1060.8500297546386,-73.19964826770503,-73.19964826770503
1060.8600297546386,-73.19752042720036,-73.19752042720036
1060.8700297546386,-73.195364544355,-73.195364544355
1060.8800297546386,-73.1931813393324,-73.1931813393324
1060.8900297546386,-73.1909715248197,-73.1909715248197
1060.9000297546386,-73.18873580596237,-73.18873580596237
1060.9100297546386,-73.18647488033407,-73.18647488033407
1060.9200297546386,-73.18418943793185,-73.18418943793185
1060.9300297546388,-73.18188016107946,-73.18188016107946
1060.9400297546388,-73.17954772449308,-73.17954772449308
1060.9500297546388,-73.17719279520952,-73.17719279520952
1060.9600297546388,-73.1748160326039,-73.1748160326039
1060.9700297546387,-73.17241808836745,-73.17241808836745
1060.9800297546387,-73.1699996065468,-73.1699996065468
1060.9900297546387,-73.16756122350472,-73.16756122350472
1061.0000297546387,-73.16510356796222,-73.16510356796222
1061.0100297546387,-73.16262726100383,-73.16262726100383
1061.0200297546387,-73.160132916088,-73.160132916088
1061.0300297546387,-73.15762113908792,-73.15762113908792
1061.0400297546387,-73.15509252830148,-73.15509252830148
1061.0500297546387,-73.15254767448812,-73.15254767448812
1061.0600297546387,-73.14998716089396,-73.14998716089396
1061.0700297546387,-73.14741156329593,-73.14741156329593
1061.0800297546386,-73.14482145001993,-73.14482145001993
1061.0900297546386,-73.14221738200256,-73.14221738200256
1061.1000297546386,-73.13959991281527,-73.13959991281527
1061.1100297546386,-73.13696958870807,-73.13696958870807
1061.1200297546386,-73.1343269486798,-73.1343269486798
1061.1300297546386,-73.13167252448002,-73.13167252448002
1061.1400297546386,-73.12900684069876,-73.12900684069876
1061.1500297546386,-73.12633041480477,-73.12633041480477
1061.1600297546386,-73.12364375718148,-73.12364375718148
1061.1700297546386,-73.12094737119341,-73.12094737119341
1061.1800297546388,-73.11824175325314,-73.11824175325314
1061.1900297546388,-73.11552739284957,-73.11552739284957
1061.2000297546388,-73.11280477261096,-73.11280477261096
1061.2100297546388,-73.11007436838506,-73.11007436838506
1061.2200297546387,-73.1073366492634,-73.1073366492634
1061.2300297546387,-73.10459207766358,-73.10459207766358
1061.2400297546387,-73.10184110938152,-73.10184110938152
1061.2500297546387,-73.09908419365526,-73.09908419365526
1061.2600297546387,-73.09632177321464,-73.09632177321464
1061.2700297546387,-73.09355428435298,-73.09355428435298
1061.2800297546387,-73.09078215698005,-73.09078215698005
1061.2900297546387,-73.08800581469457,-73.08800581469457
1061.3000297546387,-73.08522567483928,-73.08522567483928
1061.3100297546387,-73.08244214856992,-73.08244214856992
1061.3200297546387,-73.07965564090365,-73.07965564090365
1061.3300297546386,-73.07686655079516,-73.07686655079516
1061.3400297546386,-73.07407527120073,-73.07407527120073
1061.3500297546386,-73.07128218912571,-73.07128218912571
1061.3600297546386,-73.06848768571145,-73.06848768571145
1061.3700297546386,-73.06569213626487,-73.06569213626487
1061.3800297546386,-73.06289591035113,-73.06289591035113
1061.3900297546386,-73.06009937185895,-73.06009937185895
1061.4000297546386,-73.0573028790399,-73.0573028790399
1061.4100297546386,-73.05450678457672,-73.05450678457672
1061.4200297546386,-73.05171143564834,-73.05171143564834
1061.4300297546388,-73.04891717401472,-73.04891717401472
1061.4400297546388,-73.0461243360434,-73.0461243360434
1061.4500297546388,-73.04333325279784,-73.04333325279784
1061.4600297546388,-73.04053788172867,-73.04053788172867
1061.4700297546387,-73.03773575547298,-73.03773575547298
1061.4800297546387,-73.03492583508476,-73.03492583508476
1061.4900297546387,-73.03210774147607,-73.03210774147607
1061.5000297546387,-73.02928146158395,-73.02928146158395
1061.5100297546387,-73.026447195465,-73.026447195465
1061.5200297546387,-73.0236052665216,-73.0236052665216
1061.5300297546387,-73.02075606754349,-73.02075606754349
1061.5400297546387,-73.01790002815056,-73.01790002815056
1061.5500297546387,-73.01503759532754,-73.01503759532754
1061.5600297546387,-73.01216922177002,-73.01216922177002
1061.5700297546387,-73.00929535907828,-73.00929535907828
1061.5800297546386,-73.00641645388572,-73.00641645388572
1061.5900297546386,-73.0035329457459,-73.0035329457459
1061.6000297546386,-73.00064526610551,-73.00064526610551
1061.6100297546386,-72.9977538379228,-72.9977538379228
1061.6200297546386,-72.99485907567706,-72.99485907567706
1061.6300297546386,-72.99196138557129,-72.99196138557129
1061.6400297546386,-72.98906116583014,-72.98906116583014
1061.6500297784805,-72.98615880016622,-72.98615880016622
1061.6600297784805,-72.98325468576522,-72.98325468576522
1061.6700297784805,-72.98034919218941,-72.98034919218941
1061.6800297784805,-72.97744268931172,-72.97744268931172
1061.6900297784805,-72.97453554075598,-72.97453554075598
1061.7000297784805,-72.97162810410957,-72.97162810410957
1061.7100297784805,-72.96872073118928,-72.96872073118928
1061.7200297784805,-72.96581376824939,-72.96581376824939
1061.7300297784805,-72.96290755615928,-72.96290755615928
1061.7400297784804,-72.96000243056443,-72.96000243056443
1061.7500297784804,-72.95709872205919,-72.95709872205919
1061.7600297784804,-72.95419675627643,-72.95419675627643
1061.7700297784804,-72.95129685402775,-72.95129685402775
1061.7800297784806,-72.9483993313977,-72.9483993313977
1061.7900297784806,-72.94550449982393,-72.94550449982393
1061.8000297784806,-72.94261266618716,-72.94261266618716
1061.8100297784806,-72.93972413288039,-72.93972413288039
1061.8200297784806,-72.93683919788646,-72.93683919788646
1061.8300297784806,-72.93395815482886,-72.93395815482886
1061.8400297784806,-72.93108129302709,-72.93108129302709
1061.8500297784806,-72.92820889755588,-72.92820889755588
1061.8600297784806,-72.92534124929095,-72.92534124929095
1061.8700297784806,-72.92247862493986,-72.92247862493986
1061.8800297784805,-72.91962129711905,-72.91962129711905
1061.8900297784805,-72.91676953436145,-72.91676953436145
1061.9000297784805,-72.91392360118927,-72.91392360118927
1061.9100297784805,-72.9110837581183,-72.9110837581183
1061.9200297784805,-72.90825026171284,-72.90825026171284
1061.9300297784805,-72.90542336463203,-72.90542336463203
1061.9400297784805,-72.90260331565622,-72.90260331565622
1061.9500297784805,-72.89979035970994,-72.89979035970994
1061.9600297784805,-72.8969783826178,-72.8969783826178
1061.9700297784805,-72.89416483967649,-72.89416483967649
1061.9800297784805,-72.89134861329369,-72.89134861329369
1061.9900297784804,-72.88852924590252,-72.88852924590252
1062.0000297784804,-72.8857066466252,-72.8857066466252
1062.0100297784804,-72.88288093864315,-72.88288093864315
1062.0200297784804,-72.8800523695078,-72.8800523695078
1062.0300297784806,-72.87722125721743,-72.87722125721743
1062.0400297784806,-72.8743879577449,-72.8743879577449
1062.0500297784806,-72.87155284549054,-72.87155284549054
1062.0600297784806,-72.8687163016946,-72.8687163016946
1062.0700297784806,-72.86587870759836,-72.86587870759836
1062.0800297784806,-72.86304044052947,-72.86304044052947
1062.0900297784806,-72.86020187180458,-72.86020187180458
1062.1000297784806,-72.85736336567518,-72.85736336567518
1062.1100297784806,-72.85452527893567,-72.85452527893567
1062.1200297784806,-72.8516879608849,-72.8516879608849
1062.1300297784805,-72.8488517535554,-72.8488517535554
1062.1400297784805,-72.84601699195932,-72.84601699195932
1062.1500297784805,-72.84318400446504,-72.84318400446504
1062.1600297784805,-72.84035311311251,-72.84035311311251
1062.1700297784805,-72.83752463395857,-72.83752463395857
1062.1800297784805,-72.83469887739335,-72.83469887739335
1062.1900297784805,-72.83187614839943,-72.83187614839943
1062.2000297784805,-72.82905674681363,-72.82905674681363
1062.2100297784805,-72.82624096756027,-72.82624096756027
1062.2200297784805,-72.8234291008173,-72.8234291008173
1062.2300297784805,-72.82062143222835,-72.82062143222835
1062.2400297784804,-72.81781824300535,-72.81781824300535
1062.2500297784804,-72.81501981008019,-72.81501981008019
1062.2600297784804,-72.81222640623504,-72.81222640623504
1062.2700297784804,-72.8094383001788,-72.8094383001788
1062.2800297784806,-72.80665575663666,-72.80665575663666
1062.2900297784806,-72.80387903642846,-72.80387903642846
1062.3000297784806,-72.8011083965432,-72.8011083965432
1062.3100297784806,-72.79834409019826,-72.79834409019826
1062.3200297784806,-72.79558636688662,-72.79558636688662
1062.3300297784806,-72.79283547243435,-72.79283547243435
1062.3400297784806,-72.79009164902666,-72.79009164902666
1062.3500297784806,-72.78735513527506,-72.78735513527506
1062.3600297784806,-72.78462616623622,-72.78462616623622
1062.3700297784806,-72.78190497345136,-72.78190497345136
1062.3800297784805,-72.7791917849737,-72.7791917849737
1062.3900297784805,-72.77648682541547,-72.77648682541547
1062.4000297784805,-72.77379031596584,-72.77379031596584
1062.4100297784805,-72.77110247441604,-72.77110247441604
1062.4200297784805,-72.76842351518751,-72.76842351518751
1062.4300297784805,-72.76575364936785,-72.76575364936785
1062.4400297784805,-72.76309308473648,-72.76309308473648
1062.4500297784805,-72.76044202577975,-72.76044202577975
1062.4600297784805,-72.75780067372482,-72.75780067372482
1062.4700297784805,-72.75516922655804,-72.75516922655804
1062.4800297784805,-72.7525478790698,-72.7525478790698
1062.4900297784804,-72.7499368228481,-72.7499368228481
1062.5000298023224,-72.74733624013771,-72.74733624013771
1062.5100298023224,-72.74474632865481,-72.74474632865481
1062.5200298023224,-72.74216726437656,-72.74216726437656
1062.5300298023224,-72.73959922641669,-72.73959922641669
1062.5400298023224,-72.73704239083118,-72.73704239083118
1062.5500298023223,-72.73449693063777,-72.73449693063777
1062.5600298023223,-72.73196301586329,-72.73196301586329
1062.5700298023223,-72.72944081354083,-72.72944081354083
1062.5800298023223,-72.72693048775943,-72.72693048775943
1062.5900298023223,-72.724432199687,-72.724432199687
1062.6000298023223,-72.72194610758325,-72.72194610758325
1062.6100298023223,-72.71947236683488,-72.71947236683488
1062.6200298023223,-72.71701112999563,-72.71701112999563
1062.6300298023225,-72.71456254679367,-72.71456254679367
1062.6400298023225,-72.71212676416461,-72.71212676416461
1062.6500298023225,-72.70970392627429,-72.70970392627429
1062.6600298023225,-72.70729417456857,-72.70729417456857
1062.6700298023225,-72.704897647771,-72.704897647771
1062.6800298023225,-72.70251448192698,-72.70251448192698
1062.6900298023224,-72.70014481044095,-72.70014481044095
1062.7000298023224,-72.69778876408084,-72.69778876408084
1062.7100298023224,-72.69544647100994,-72.69544647100994
1062.7200298023224,-72.69311805683566,-72.69311805683566
1062.7300298023224,-72.69080364461936,-72.69080364461936
1062.7400298023224,-72.68850335489945,-72.68850335489945
1062.7500298023224,-72.68621730573324,-72.68621730573324
1062.7600298023224,-72.683945612731,-72.683945612731
1062.7700298023224,-72.68168838904714,-72.68168838904714
1062.7800298023224,-72.67944574545464,-72.67944574545464
1062.7900298023224,-72.67721779033668,-72.67721779033668
1062.8000298023223,-72.67500462973224,-72.67500462973224
1062.8100298023223,-72.67280636736062,-72.67280636736062
1062.8200298023223,-72.67062310465286,-72.67062310465286
1062.8300298023223,-72.66845494075764,-72.66845494075764
1062.8400298023223,-72.66630197260235,-72.66630197260235
1062.8500298023223,-72.66416429489117,-72.66416429489117
1062.8600298023223,-72.66204200014975,-72.66204200014975
1062.8700298023223,-72.65993517873613,-72.65993517873613
1062.8800298023225,-72.65784391888079,-72.65784391888079
1062.8900298023225,-72.65576830672121,-72.65576830672121
1062.9000298023225,-72.65370842628896,-72.65370842628896
1062.9100298023225,-72.65166435958635,-72.65166435958635
1062.9200298023225,-72.64963618657926,-72.64963618657926
1062.9300298023225,-72.64762398524208,-72.64762398524208
1062.9400298023224,-72.64562783156205,-72.64562783156205
1062.9500298023224,-72.64364779957265,-72.64364779957265
1062.9600298023224,-72.64168396140421,-72.64168396140421
1062.9700298023224,-72.63973638726897,-72.63973638726897
1062.9800298023224,-72.63780514551627,-72.63780514551627
1062.9900298023224,-72.63589030263587,-72.63589030263587
1063.0000298023224,-72.63399192330424,-72.63399192330424
1063.0100298023224,-72.63211007038147,-72.63211007038147
1063.0200298023224,-72.6302448049699,-72.6302448049699
1063.0300298023224,-72.62839618641176,-72.62839618641176
1063.0400298023224,-72.62656427230644,-72.62656427230644
1063.0500298023223,-72.62474911857103,-72.62474911857103
1063.0600298023223,-72.62295077942609,-72.62295077942609
1063.0700298023223,-72.62116930743674,-72.62116930743674
1063.0800298023223,-72.6194047535397,-72.6194047535397
1063.0900298023223,-72.6176571670422,-72.6176571670422
1063.1000298023223,-72.61592659568184,-72.61592659568184
1063.1100298023223,-72.61421308560024,-72.61421308560024
1063.1200298023223,-72.61251668141722,-72.61251668141722
1063.1300298023225,-72.61083742621682,-72.61083742621682
1063.1400298023225,-72.60917536158246,-72.60917536158246
1063.1500298023225,-72.60753052760798,-72.60753052760798
1063.1600298023225,-72.60590296293437,-72.60590296293437
1063.1700298023225,-72.60429270476136,-72.60429270476136
1063.1800298023225,-72.60269978886562,-72.60269978886562
1063.1900298023224,-72.60112424962693,-72.60112424962693
1063.2000298023224,-72.59956612004518,-72.59956612004518
1063.2100298023224,-72.59802543175678,-72.59802543175678
1063.2200298023224,-72.59650221507316,-72.59650221507316
1063.2300298023224,-72.5949964989678,-72.5949964989678
1063.2400298023224,-72.59350831113012,-72.59350831113012
1063.2500298023224,-72.59203767794939,-72.59203767794939
1063.2600298023224,-72.5905846245725,-72.5905846245725
1063.2700298023224,-72.58914917488539,-72.58914917488539
1063.2800298023224,-72.58773135155687,-72.58773135155687
1063.2900298023224,-72.58633117604923,-72.58633117604923
1063.3000298023223,-72.58494866862522,-72.58494866862522
1063.3100298023223,-72.5835838483966,-72.5835838483966
1063.3200298023223,-72.58223673329005,-72.58223673329005
1063.3300298023223,-72.58090734013142,-72.58090734013142
1063.3400298023223,-72.57959568459793,-72.57959568459793
1063.3500298261642,-72.57830177819436,-72.57830177819436
1063.3600298261642,-72.57702564063035,-72.57702564063035
1063.3700298261642,-72.57576728119925,-72.57576728119925
1063.3800298261642,-72.57452671128448,-72.57452671128448
1063.3900298261642,-72.5733039412267,-72.5733039412267
1063.4000298261642,-72.57209898033193,-72.57209898033193
1063.4100298261642,-72.57091183691753,-72.57091183691753
1063.4200298261642,-72.56974251830366,-72.56974251830366
1063.4300298261642,-72.56859103083696,-72.56859103083696
1063.4400298261642,-72.567457379907,-72.567457379907
1063.4500298261642,-72.56634156994298,-72.56634156994298
1063.4600298261641,-72.5652436044649,-72.5652436044649
1063.4700298261641,-72.56413015644252,-72.56413015644252
1063.4800298261644,-72.56299205130593,-72.56299205130593
1063.4900298261643,-72.56182402380469,-72.56182402380469
1063.5000298261643,-72.56062148657698,-72.56062148657698
1063.5100298261643,-72.5593802151596,-72.5593802151596
1063.5200298261643,-72.55809638111263,-72.55809638111263
1063.5300298261643,-72.55676659045902,-72.55676659045902
1063.5400298261643,-72.55538789459249,-72.55538789459249
1063.5500298261643,-72.55395777902065,-72.55395777902065
1063.5600298261643,-72.55247413816694,-72.55247413816694
1063.5700298261643,-72.5509352426575,-72.5509352426575
1063.5800298261643,-72.54933970354479,-72.54933970354479
1063.5900298261643,-72.54768643638688,-72.54768643638688
1063.6000298261642,-72.54597462691181,-72.54597462691181
1063.6100298261642,-72.54420369911483,-72.54420369911483
1063.6200298261642,-72.5423732863396,-72.5423732863396
1063.6300298261642,-72.54048320530094,-72.54048320530094
1063.6400298261642,-72.53853343300625,-72.53853343300625
1063.6500298261642,-72.53652408639752,-72.53652408639752
1063.6600298261642,-72.53445540438605,-72.53445540438605
1063.6700298261642,-72.53232773211572,-72.53232773211572
1063.6800298261642,-72.53014150713837,-72.53014150713837
1063.6900298261642,-72.52789724730836,-72.52789724730836
1063.7000298261642,-72.52559554013118,-72.52559554013118
1063.7100298261641,-72.52323703344389,-72.52323703344389
1063.7200298261641,-72.52082242723343,-72.52082242723343
1063.7300298261644,-72.51835246641666,-72.51835246641666
1063.7400298261643,-72.51582793449549,-72.51582793449549
1063.7500298261643,-72.51324964796922,-72.51324964796922
1063.7600298261643,-72.51061845139296,-72.51061845139296
1063.7700298261643,-72.50793521301767,-72.50793521301767
1063.7800298261643,-72.50520082095136,-72.50520082095136
1063.7900298261643,-72.50241617970778,-72.50241617970778
1063.8000298261643,-72.49958220721003,-72.49958220721003
1063.8100298261643,-72.49669983208554,-72.49669983208554
1063.8200298261643,-72.4937699913068,-72.4937699913068
1063.8300298261643,-72.49079362803643,-72.49079362803643
1063.8400298261643,-72.48777168978266,-72.48777168978266
1063.8500298261642,-72.48470512669029,-72.48470512669029
1063.8600298261642,-72.48159489007337,-72.48159489007337
1063.8700298261642,-72.47844193108529,-72.47844193108529
1063.8800298261642,-72.47524719954643,-72.47524719954643
1063.8900298261642,-72.47201164289461,-72.47201164289461
1063.9000298261642,-72.4687362052301,-72.4687362052301
1063.9100298261642,-72.46542182652222,-72.46542182652222
1063.9200298261642,-72.46206944186137,-72.46206944186137
1063.9300298261642,-72.45867998077891,-72.45867998077891
1063.9400298261642,-72.45525436673277,-72.45525436673277
1063.9500298261642,-72.45179351653944,-72.45179351653944
1063.9600298261641,-72.4482983399432,-72.4482983399432
1063.9700298261641,-72.44476973922214,-72.44476973922214
1063.9800298261644,-72.44120860884166,-72.44120860884166
1063.9900298261643,-72.43761583514693,-72.43761583514693
1064.0000298261643,-72.43399229608258,-72.43399229608258
1064.0100298261643,-72.43033886100086,-72.43033886100086
1064.0200298261643,-72.42665639041294,-72.42665639041294
1064.0300298261643,-72.42294573585957,-72.42294573585957
1064.0400298261643,-72.41920773974918,-72.41920773974918
1064.0500298261643,-72.41544323523554,-72.41544323523554
1064.0600298261643,-72.41165304612807,-72.41165304612807
1064.0700298261643,-72.40783798680653,-72.40783798680653
1064.0800298261643,-72.40399886215064,-72.40399886215064
1064.0900298261643,-72.40013646751513,-72.40013646751513
1064.1000298261642,-72.39625158865196,-72.39625158865196
1064.1100298261642,-72.39234500175176,-72.39234500175176
1064.1200298261642,-72.38841747336878,-72.38841747336878
1064.1300298261642,-72.38446976046805,-72.38446976046805
1064.1400298261642,-72.38050261041353,-72.38050261041353
1064.1500298261642,-72.37651676099804,-72.37651676099804
1064.1600298261642,-72.37251294044808,-72.37251294044808
1064.1700298261642,-72.36849186749241,-72.36849186749241
1064.1800298261642,-72.36445425135796,-72.36445425135796
1064.1900298261642,-72.36040079184731,-72.36040079184731
1064.200029850006,-72.35633216967953,-72.35633216967953
1064.210029850006,-72.35224277654011,-72.35224277654011
1064.220029850006,-72.34813051207915,-72.34813051207915
1064.230029850006,-72.34399469665861,-72.34399469665861
1064.240029850006,-72.3398353005525,-72.3398353005525
1064.250029850006,-72.33565265281572,-72.33565265281572
1064.260029850006,-72.3314472897512,-72.3314472897512
1064.270029850006,-72.32721986596745,-72.32721986596745
1064.280029850006,-72.32297110082013,-72.32297110082013
1064.290029850006,-72.31870174623361,-72.31870174623361
1064.300029850006,-72.31441256731993,-72.31441256731993
1064.310029850006,-72.31010433089696,-72.31010433089696
1064.320029850006,-72.30577779871905,-72.30577779871905
1064.3300298500062,-72.30143372366317,-72.30143372366317
1064.3400298500062,-72.2970728476567,-72.2970728476567
1064.3500298500062,-72.29269590068027,-72.29269590068027
1064.3600298500062,-72.28830360040942,-72.28830360040942
1064.3700298500062,-72.2838966522651,-72.2838966522651
1064.3800298500062,-72.27947574960525,-72.27947574960525
1064.3900298500062,-72.27504157410867,-72.27504157410867
1064.4000298500061,-72.27059479612856,-72.27059479612856
1064.4100298500061,-72.26613607506496,-72.26613607506496
1064.4200298500061,-72.26166605978484,-72.26166605978484
1064.4300298500061,-72.25718538894786,-72.25718538894786
1064.440029850006,-72.25269469134288,-72.25269469134288
1064.450029850006,-72.248194586181,-72.248194586181
1064.460029850006,-72.24367938473404,-72.24367938473404
1064.470029850006,-72.23914692994036,-72.23914692994036
1064.480029850006,-72.23459647421163,-72.23459647421163
1064.490029850006,-72.23002791947286,-72.23002791947286
1064.500029850006,-72.22544152655655,-72.22544152655655
1064.510029850006,-72.22083776401588,-72.22083776401588
1064.520029850006,-72.2162172192894,-72.2162172192894
1064.530029850006,-72.21158054533598,-72.21158054533598
1064.540029850006,-72.20692842846019,-72.20692842846019
1064.550029850006,-72.20226156906809,-72.20226156906809
1064.560029850006,-72.19758067016302,-72.19758067016302
1064.570029850006,-72.19288643063115,-72.19288643063115
1064.5800298500062,-72.18817954142573,-72.18817954142573
1064.5900298500062,-72.18346068352088,-72.18346068352088
1064.6000298500062,-72.17873052689536,-72.17873052689536
1064.6100298500062,-72.17398973021093,-72.17398973021093
1064.6200298500062,-72.16923894081233,-72.16923894081233
1064.6300298500062,-72.16447879496619,-72.16447879496619
1064.6400298500062,-72.15970991816882,-72.15970991816882
1064.6500298500061,-72.1549329255375,-72.1549329255375
1064.6600298500061,-72.15014842217857,-72.15014842217857
1064.6700298500061,-72.14535700354966,-72.14535700354966
1064.6800298500061,-72.14055925579555,-72.14055925579555
1064.690029850006,-72.13575575607214,-72.13575575607214
1064.700029850006,-72.13094707280779,-72.13094707280779
1064.710029850006,-72.12612225513244,-72.12612225513244
1064.720029850006,-72.1212690650599,-72.1212690650599
1064.730029850006,-72.11637793761328,-72.11637793761328
1064.740029850006,-72.11144210493002,-72.11144210493002
1064.750029850006,-72.1064568696496,-72.1064568696496
1064.760029850006,-72.10141894320222,-72.10141894320222
1064.770029850006,-72.096325986791,-72.096325986791
1064.780029850006,-72.09117631516703,-72.09117631516703
1064.790029850006,-72.08596870799043,-72.08596870799043
1064.800029850006,-72.08070228847633,-72.08070228847633
1064.810029850006,-72.07537644350556,-72.07537644350556
1064.820029850006,-72.0699907694392,-72.0699907694392
1064.8300298500062,-72.06454503403313,-72.06454503403313
1064.8400298500062,-72.05903914870268,-72.05903914870268
1064.8500298500062,-72.05347314744999,-72.05347314744999
1064.8600298500062,-72.0478471703671,-72.0478471703671
1064.8700298500062,-72.0421614502497,-72.0421614502497
1064.8800298500062,-72.03641630150165,-72.03641630150165
1064.8900298500062,-72.03061211072078,-72.03061211072078
1064.9000298500061,-72.02474932857443,-72.02474932857443
1064.9100298500061,-72.01882846271715,-72.01882846271715
1064.9200298500061,-72.01285007160617,-72.01285007160617
1064.9300298500061,-72.00681475897059,-72.00681475897059
1064.940029850006,-72.00072316892539,-72.00072316892539
1064.950029850006,-71.99457598163207,-71.99457598163207
1064.960029850006,-71.98836763782388,-71.98836763782388
1064.970029850006,-71.98209613574805,-71.98209613574805
1064.980029850006,-71.9757609123735,-71.9757609123735
1064.990029850006,-71.96936208290435,-71.96936208290435
1065.000029850006,-71.96290014849951,-71.96290014849951
1065.010029850006,-71.95637584312477,-71.95637584312477
1065.020029850006,-71.9497900428973,-71.9497900428973
1065.030029850006,-71.94314371083915,-71.94314371083915
1065.040029850006,-71.93643786302668,-71.93643786302668
1065.050029873848,-71.9296735316005,-71.9296735316005
1065.060029873848,-71.92285181605476,-71.92285181605476
1065.070029873848,-71.91597377901147,-71.91597377901147
1065.080029873848,-71.90904050500069,-71.90904050500069
1065.090029873848,-71.9020530813257,-71.9020530813257
1065.100029873848,-71.89501259593983,-71.89501259593983
1065.110029873848,-71.88792013612338,-71.88792013612338
1065.120029873848,-71.88077678752133,-71.88077678752133
1065.130029873848,-71.87358363351511,-71.87358363351511
1065.1400298738479,-71.86634175471823,-71.86634175471823
1065.1500298738479,-71.85905222859073,-71.85905222859073
1065.1600298738479,-71.85171612912055,-71.85171612912055
1065.1700298738479,-71.84433452650104,-71.84433452650104
1065.180029873848,-71.83690848686697,-71.83690848686697
1065.190029873848,-71.82943907201623,-71.82943907201623
1065.200029873848,-71.82192733915367,-71.82192733915367
1065.210029873848,-71.81436808771714,-71.81436808771714
1065.220029873848,-71.8067596326793,-71.8067596326793
1065.230029873848,-71.7991016932308,-71.7991016932308
1065.240029873848,-71.79139463660069,-71.79139463660069
1065.250029873848,-71.78363918885387,-71.78363918885387
1065.260029873848,-71.77583628423635,-71.77583628423635
1065.270029873848,-71.76798697661212,-71.76798697661212
1065.280029873848,-71.76009238610735,-71.76009238610735
1065.290029873848,-71.75215366683193,-71.75215366683193
1065.300029873848,-71.744171987459,-71.744171987459
1065.310029873848,-71.73614851954042,-71.73614851954042
1065.320029873848,-71.7280844305583,-71.7280844305583
1065.330029873848,-71.71998087989884,-71.71998087989884
1065.340029873848,-71.71183901656741,-71.71183901656741
1065.350029873848,-71.70365997796577,-71.70365997796577
1065.360029873848,-71.69544488934984,-71.69544488934984
1065.370029873848,-71.68719486365626,-71.68719486365626
1065.380029873848,-71.67891100150071,-71.67891100150071
1065.3900298738479,-71.67059439134562,-71.67059439134562
1065.4000298738479,-71.66224610967608,-71.66224610967608
1065.4100298738479,-71.65386722124157,-71.65386722124157
1065.4200298738479,-71.64545877923763,-71.64545877923763
1065.430029873848,-71.6370218255136,-71.6370218255136
1065.440029873848,-71.62855739071765,-71.62855739071765
1065.450029873848,-71.62006649448746,-71.62006649448746
1065.460029873848,-71.61155014553206,-71.61155014553206
1065.470029873848,-71.60300934178524,-71.60300934178524
1065.480029873848,-71.59444507046526,-71.59444507046526
1065.490029873848,-71.58585830815946,-71.58585830815946
1065.500029873848,-71.57725002089475,-71.57725002089475
1065.510029873848,-71.56862116417516,-71.56862116417516
1065.520029873848,-71.55997268305258,-71.55997268305258
1065.530029873848,-71.55130551213506,-71.55130551213506
1065.540029873848,-71.5426205756392,-71.5426205756392
1065.550029873848,-71.53391878742617,-71.53391878742617
1065.560029873848,-71.52520105100001,-71.52520105100001
1065.570029873848,-71.51646825956357,-71.51646825956357
1065.580029873848,-71.50772129602305,-71.50772129602305
1065.590029873848,-71.4989610330193,-71.4989610330193
1065.600029873848,-71.49018833296523,-71.49018833296523
1065.610029873848,-71.48140404803367,-71.48140404803367
1065.620029873848,-71.47260902022168,-71.47260902022168
1065.630029873848,-71.46380408137294,-71.46380408137294
1065.6400298738479,-71.45499005318362,-71.45499005318362
1065.6500298738479,-71.4461677472599,-71.4461677472599
1065.6600298738479,-71.43733796513033,-71.43733796513033
1065.6700298738479,-71.4285014983043,-71.4285014983043
1065.680029873848,-71.41965912829194,-71.41965912829194
1065.690029873848,-71.41081162664068,-71.41081162664068
1065.700029873848,-71.40195975499978,-71.40195975499978
1065.710029873848,-71.39310426513931,-71.39310426513931
1065.720029873848,-71.38424589900477,-71.38424589900477
1065.730029873848,-71.37538538878078,-71.37538538878078
1065.740029873848,-71.36652345691239,-71.36652345691239
1065.750029873848,-71.35766081617071,-71.35766081617071
1065.760029873848,-71.34879816971815,-71.34879816971815
1065.770029873848,-71.33993621115083,-71.33993621115083
1065.780029873848,-71.33107562455231,-71.33107562455231
1065.790029873848,-71.32221708457254,-71.32221708457254
1065.800029873848,-71.31336125646288,-71.31336125646288
1065.810029873848,-71.30450879615434,-71.30450879615434
1065.820029873848,-71.29566035031576,-71.29566035031576
1065.830029873848,-71.28681655642436,-71.28681655642436
1065.840029873848,-71.27797804283189,-71.27797804283189
1065.850029873848,-71.26914542881883,-71.26914542881883
1065.860029873848,-71.26031932468129,-71.26031932468129
1065.870029873848,-71.25150033178822,-71.25150033178822
1065.880029873848,-71.24268904266405,-71.24268904266405
1065.8900298738479,-71.23388604104663,-71.23388604104663
1065.9000298976898,-71.22509188101822,-71.22509188101822
1065.9100298976898,-71.21630717088371,-71.21630717088371
1065.9200298976898,-71.20753244752345,-71.20753244752345
1065.9300298976898,-71.19876826028441,-71.19876826028441
1065.9400298976898,-71.19001515011169,-71.19001515011169
1065.9500298976898,-71.18127364959935,-71.18127364959935
1065.9600298976898,-71.17254428310422,-71.17254428310422
1065.9700298976898,-71.16382756678698,-71.16382756678698
1065.9800298976897,-71.15512400871283,-71.15512400871283
1065.9900298976897,-71.14643410890903,-71.14643410890903
1066.0000298976897,-71.13775835946169,-71.13775835946169
1066.0100298976897,-71.129097244573,-71.129097244573
1066.0200298976897,-71.12045124067771,-71.12045124067771
1066.03002989769,-71.11182081646753,-71.11182081646753
1066.04002989769,-71.10320643301489,-71.10320643301489
1066.05002989769,-71.09460854381615,-71.09460854381615
1066.06002989769,-71.08602759490039,-71.08602759490039
1066.07002989769,-71.07746402489123,-71.07746402489123
1066.0800298976899,-71.06891826507953,-71.06891826507953
1066.0900298976899,-71.06039073951692,-71.06039073951692
1066.1000298976899,-71.05188186508882,-71.05188186508882
1066.1100298976899,-71.04339205158198,-71.04339205158198
1066.1200298976898,-71.03492170177672,-71.03492170177672
1066.1300298976898,-71.0264712115139,-71.0264712115139
1066.1400298976898,-71.0180409697732,-71.0180409697732
1066.1500298976898,-71.00963135875121,-71.00963135875121
1066.1600298976898,-71.00124275394555,-71.00124275394555
1066.1700298976898,-70.9928755242211,-70.9928755242211
1066.1800298976898,-70.98453003188057,-70.98453003188057
1066.1900298976898,-70.97620663275889,-70.97620663275889
1066.2000298976898,-70.96790567628278,-70.96790567628278
1066.2100298976898,-70.95962750555587,-70.95962750555587
1066.2200298976898,-70.95137245742016,-70.95137245742016
1066.2300298976897,-70.94314086253667,-70.94314086253667
1066.2400298976897,-70.93493304546125,-70.93493304546125
1066.2500298976897,-70.92674932471161,-70.92674932471161
1066.2600298976897,-70.91859001284908,-70.91859001284908
1066.2700298976897,-70.9104554165459,-70.9104554165459
1066.28002989769,-70.90234583665105,-70.90234583665105
1066.29002989769,-70.89426156825745,-70.89426156825745
1066.30002989769,-70.88620290079984,-70.88620290079984
1066.31002989769,-70.8781701180882,-70.8781701180882
1066.32002989769,-70.87016349840948,-70.87016349840948
1066.3300298976899,-70.8621833145617,-70.8621833145617
1066.3400298976899,-70.85422983395942,-70.85422983395942
1066.3500298976899,-70.84630331866711,-70.84630331866711
1066.3600298976899,-70.83840402549372,-70.83840402549372
1066.3700298976898,-70.83053220604155,-70.83053220604155
1066.3800298976898,-70.82268810678009,-70.82268810678009
1066.3900298976898,-70.8148719691181,-70.8148719691181
1066.4000298976898,-70.80708402945581,-70.80708402945581
1066.4100298976898,-70.7993245192424,-70.7993245192424
1066.4200298976898,-70.79159366506028,-70.79159366506028
1066.4300298976898,-70.78389168867449,-70.78389168867449
1066.4400298976898,-70.77621880710727,-70.77621880710727
1066.4500298976898,-70.76857523268055,-70.76857523268055
1066.4600298976898,-70.76095501743451,-70.76095501743451
1066.4700298976898,-70.75335567831226,-70.75335567831226
1066.4800298976897,-70.7457761160401,-70.7457761160401
1066.4900298976897,-70.73821587024054,-70.73821587024054
1066.5000298976897,-70.73067483480916,-70.73067483480916
1066.5100298976897,-70.72315310982081,-70.72315310982081
1066.5200298976897,-70.71565091459793,-70.71565091459793
1066.53002989769,-70.70816853542334,-70.70816853542334
1066.54002989769,-70.70070629405764,-70.70070629405764
1066.55002989769,-70.69326452885936,-70.69326452885936
1066.56002989769,-70.68584358355412,-70.68584358355412
1066.57002989769,-70.67844380067075,-70.67844380067075
1066.5800298976899,-70.67106551778905,-70.67106551778905
1066.5900298976899,-70.66370906556557,-70.66370906556557
1066.6000298976899,-70.65637476675161,-70.65637476675161
1066.6100298976899,-70.64906293587185,-70.64906293587185
1066.6200298976898,-70.64177387925477,-70.64177387925477
1066.6300298976898,-70.63450789524124,-70.63450789524124
1066.6400298976898,-70.62726527452776,-70.62726527452776
1066.6500298976898,-70.6200463005241,-70.6200463005241
1066.6600298976898,-70.6128512497325,-70.6128512497325
1066.6700298976898,-70.60568039209767,-70.60568039209767
1066.6800298976898,-70.598533991348,-70.598533991348
1066.6900298976898,-70.59141230528053,-70.59141230528053
1066.7000298976898,-70.5843155860611,-70.5843155860611
1066.7100298976898,-70.57724408044386,-70.57724408044386
1066.7200298976898,-70.57019802999756,-70.57019802999756
1066.7300298976897,-70.5631776712876,-70.5631776712876
1066.7400298976897,-70.5561832360665,-70.5561832360665
1066.7500299215317,-70.54921493480067,-70.54921493480067
1066.7600299215317,-70.54227302324358,-70.54227302324358
1066.7700299215317,-70.53535770282818,-70.53535770282818
1066.7800299215316,-70.52846918730678,-70.52846918730678
1066.7900299215316,-70.52160768618886,-70.52160768618886
1066.8000299215316,-70.51477340484426,-70.51477340484426
1066.8100299215316,-70.5079665445485,-70.5079665445485
1066.8200299215316,-70.50118730258733,-70.50118730258733
1066.8300299215316,-70.49443587228649,-70.49443587228649
1066.8400299215316,-70.48771244308897,-70.48771244308897
1066.8500299215316,-70.48101720059749,-70.48101720059749
1066.8600299215316,-70.47435032662749,-70.47435032662749
1066.8700299215316,-70.46771199925577,-70.46771199925577
1066.8800299215318,-70.46110239286831,-70.46110239286831
1066.8900299215318,-70.45452167817926,-70.45452167817926
1066.9000299215318,-70.4479700223086,-70.4479700223086
1066.9100299215318,-70.44144758879015,-70.44144758879015
1066.9200299215318,-70.43495453761649,-70.43495453761649
1066.9300299215317,-70.42849102528893,-70.42849102528893
1066.9400299215317,-70.42205720482013,-70.42205720482013
1066.9500299215317,-70.41565322581476,-70.41565322581476
1066.9600299215317,-70.40927923446002,-70.40927923446002
1066.9700299215317,-70.40293537358917,-70.40293537358917
1066.9800299215317,-70.39662178268718,-70.39662178268718
1066.9900299215317,-70.39033859795889,-70.39033859795889
1067.0000299215317,-70.38408595233855,-70.38408595233855
1067.0100299215317,-70.37786397551123,-70.37786397551123
1067.0200299215317,-70.37167279396877,-70.37167279396877
1067.0300299215316,-70.36551253104,-70.36551253104
1067.0400299215316,-70.3593833069025,-70.3593833069025
1067.0500299215316,-70.35328523862424,-70.35328523862424
1067.0600299215316,-70.34721844021723,-70.34721844021723
1067.0700299215316,-70.34118302264493,-70.34118302264493
1067.0800299215316,-70.33517909384653,-70.33517909384653
1067.0900299215316,-70.32920675878678,-70.32920675878678
1067.1000299215316,-70.32326611949112,-70.32326611949112
1067.1100299215316,-70.31735727506545,-70.31735727506545
1067.1200299215316,-70.31148032173154,-70.31148032173154
1067.1300299215318,-70.30563535285118,-70.30563535285118
1067.1400299215318,-70.29982245897304,-70.29982245897304
1067.1500299215318,-70.29404172786263,-70.29404172786263
1067.1600299215318,-70.28829324451385,-70.28829324451385
1067.1700299215318,-70.28257709119912,-70.28257709119912
1067.1800299215317,-70.2768933475009,-70.2768933475009
1067.1900299215317,-70.2712420903324,-70.2712420903324
1067.2000299215317,-70.26562339398704,-70.26562339398704
1067.2100299215317,-70.26003733014693,-70.26003733014693
1067.2200299215317,-70.25448396791742,-70.25448396791742
1067.2300299215317,-70.24896337387713,-70.24896337387713
1067.2400299215317,-70.24347561209485,-70.24347561209485
1067.2500299215317,-70.23802074416268,-70.23802074416268
1067.2600299215317,-70.23259882922746,-70.23259882922746
1067.2700299215317,-70.22720992402454,-70.22720992402454
1067.2800299215316,-70.22185408288587,-70.22185408288587
1067.2900299215316,-70.21653135781658,-70.21653135781658
1067.3000299215316,-70.21124179847226,-70.21124179847226
1067.3100299215316,-70.20598545223186,-70.20598545223186
1067.3200299215316,-70.20076236420108,-70.20076236420108
1067.3300299215316,-70.19557257725467,-70.19557257725467
1067.3400299215316,-70.19041613206088,-70.19041613206088
1067.3500299215316,-70.18529306711626,-70.18529306711626
1067.3600299215316,-70.18020341875675,-70.18020341875675
1067.3700299215316,-70.17514722121786,-70.17514722121786
1067.3800299215318,-70.17012450662565,-70.17012450662565
1067.3900299215318,-70.16513530507247,-70.16513530507247
1067.4000299215318,-70.16017964459846,-70.16017964459846
1067.4100299215318,-70.15525755124982,-70.15525755124982
1067.4200299215318,-70.15036904908274,-70.15036904908274
1067.4300299215317,-70.14551416022283,-70.14551416022283
1067.4400299215317,-70.14069290487072,-70.14069290487072
1067.4500299215317,-70.13590530131754,-70.13590530131754
1067.4600299215317,-70.13115136600275,-70.13115136600275
1067.4700299215317,-70.12643111352368,-70.12643111352368
1067.4800299215317,-70.1217445566607,-70.1217445566607
1067.4900299215317,-70.11709170641348,-70.11709170641348
1067.5000299215317,-70.11247257201256,-70.11247257201256
1067.5100299215317,-70.10788716096012,-70.10788716096012
1067.5200299215317,-70.1033354790476,-70.1033354790476
1067.5300299215316,-70.09881753037219,-70.09881753037219
1067.5400299215316,-70.09433331739233,-70.09433331739233
1067.5500299215316,-70.08988284091215,-70.08988284091215
1067.5600299215316,-70.08546610013232,-70.08546610013232
1067.5700299215316,-70.08108309267533,-70.08108309267533
1067.5800299215316,-70.07673381459101,-70.07673381459101
1067.5900299215316,-70.07241826039963,-70.07241826039963
1067.6000299453735,-70.06813641291629,-70.06813641291629
1067.6100299453735,-70.06388828411811,-70.06388828411811
1067.6200299453735,-70.05967385377599,-70.05967385377599
1067.6300299453735,-70.0554931104897,-70.0554931104897
1067.6400299453735,-70.0513460414359,-70.0513460414359
1067.6500299453735,-70.04723263239848,-70.04723263239848
1067.6600299453735,-70.04315286777859,-70.04315286777859
1067.6700299453735,-70.03910673061745,-70.03910673061745
1067.6800299453735,-70.03509420263374,-70.03509420263374
1067.6900299453735,-70.0311152642323,-70.0311152642323
1067.7000299453734,-70.02716989450798,-70.02716989450798
1067.7100299453734,-70.02325807130852,-70.02325807130852
1067.7200299453734,-70.01937977121511,-70.01937977121511
1067.7300299453736,-70.01553496958667,-70.01553496958667
1067.7400299453736,-70.0117236405701,-70.0117236405701
1067.7500299453736,-70.00794575712361,-70.00794575712361
1067.7600299453736,-70.00420129103232,-70.00420129103232
1067.7700299453736,-70.00049021293448,-70.00049021293448
1067.7800299453736,-69.99681249233146,-69.99681249233146
1067.7900299453736,-69.99316809762126,-69.99316809762126
1067.8000299453736,-69.98955699610381,-69.98955699610381
1067.8100299453736,-69.98597915399563,-69.98597915399563
1067.8200299453736,-69.98243453646745,-69.98243453646745
1067.8300299453736,-69.97892310764286,-69.97892310764286
1067.8400299453735,-69.97544483063142,-69.97544483063142
1067.8500299453735,-69.97199966753358,-69.97199966753358
1067.8600299453735,-69.96858757946215,-69.96858757946215
1067.8700299453735,-69.96520852656192,-69.96520852656192
1067.8800299453735,-69.96186246803245,-69.96186246803245
1067.8900299453735,-69.95854936212874,-69.95854936212874
1067.9000299453735,-69.95526916618758,-69.95526916618758
1067.9100299453735,-69.95202183665087,-69.95202183665087
1067.9200299453735,-69.94880732905864,-69.94880732905864
1067.9300299453735,-69.94562559809212,-69.94562559809212
1067.9400299453735,-69.94247659757612,-69.94247659757612
1067.9500299453734,-69.93936028048469,-69.93936028048469
1067.9600299453734,-69.93627659898773,-69.93627659898773
1067.9700299453734,-69.93322550442694,-69.93322550442694
1067.9800299453736,-69.93020694735233,-69.93020694735233
1067.9900299453736,-69.92722087754194,-69.92722087754194
1068.0000299453736,-69.9242672439959,-69.9242672439959
1068.0100299453736,-69.92134599496998,-69.92134599496998
1068.0200299453736,-69.91845707798268,-69.91845707798268
1068.0300299453736,-69.9156004398277,-69.9156004398277
1068.0400299453736,-69.91277602658367,-69.91277602658367
1068.0500299453736,-69.90998378364277,-69.90998378364277
1068.0600299453736,-69.90722365570714,-69.90722365570714
1068.0700299453736,-69.90449558680734,-69.90449558680734
1068.0800299453736,-69.90179952032472,-69.90179952032472
1068.0900299453735,-69.8991353989787,-69.8991353989787
1068.1000299453735,-69.89650316487646,-69.89650316487646
1068.1100299453735,-69.89390275950127,-69.89390275950127
1068.1200299453735,-69.89132565529643,-69.89132565529643
1068.1300299453735,-69.88876197968213,-69.88876197968213
1068.1400299453735,-69.88620321330536,-69.88620321330536
1068.1500299453735,-69.88364243059263,-69.88364243059263
1068.1600299453735,-69.8810739699164,-69.8810739699164
1068.1700299453735,-69.87849311098964,-69.87849311098964
1068.1800299453735,-69.87589585245932,-69.87589585245932
1068.1900299453735,-69.87327876860336,-69.87327876860336
1068.2000299453734,-69.87063891438103,-69.87063891438103
1068.2100299453734,-69.86797375794772,-69.86797375794772
1068.2200299453734,-69.8652811288327,-69.8652811288327
1068.2300299453736,-69.86255917558921,-69.86255917558921
1068.2400299453736,-69.85980632972131,-69.85980632972131
1068.2500299453736,-69.85702127423946,-69.85702127423946
1068.2600299453736,-69.85420291590356,-69.85420291590356
1068.2700299453736,-69.8513503606537,-69.8513503606537
1068.2800299453736,-69.84846289178758,-69.84846289178758
1068.2900299453736,-69.84553995053572,-69.84553995053572
1068.3000299453736,-69.84258111887131,-69.84258111887131
1068.3100299453736,-69.83958610421986,-69.83958610421986
1068.3200299453736,-69.83655472587287,-69.83655472587287
1068.3300299453736,-69.83348690297055,-69.83348690297055
1068.3400299453735,-69.83038264379074,-69.83038264379074
1068.3500299453735,-69.82724203622925,-69.82724203622925
1068.3600299453735,-69.82406523935033,-69.82406523935033
1068.3700299453735,-69.82085247584678,-69.82085247584678
1068.3800299453735,-69.81760402531796,-69.81760402531796
1068.3900299453735,-69.81432021823697,-69.81432021823697
1068.4000299453735,-69.81100143062588,-69.81100143062588
1068.4100299453735,-69.8076480791978,-69.8076480791978
1068.4200299453735,-69.80426061703334,-69.80426061703334
1068.4300299453735,-69.80083952972551,-69.80083952972551
1068.4400299453735,-69.79738533183257,-69.79738533183257
1068.4500299692154,-69.79389855544997,-69.79389855544997
1068.4600299692154,-69.79034900264924,-69.79034900264924
1068.4700299692154,-69.78672902466472,-69.78672902466472
1068.4800299692154,-69.78303566529405,-69.78303566529405
1068.4900299692154,-69.77926663754403,-69.77926663754403
1068.5000299692153,-69.77541980454845,-69.77541980454845
1068.5100299692153,-69.77149322165927,-69.77149322165927
1068.5200299692153,-69.76748520634176,-69.76748520634176
1068.5300299692153,-69.76339436865267,-69.76339436865267
1068.5400299692153,-69.75921961104031,-69.75921961104031
1068.5500299692153,-69.75496011142917,-69.75496011142917
1068.5600299692153,-69.75061529902838,-69.75061529902838
1068.5700299692153,-69.74618482818107,-69.74618482818107
1068.5800299692155,-69.74166855296802,-69.74166855296802
1068.5900299692155,-69.73706650379147,-69.73706650379147
1068.6000299692155,-69.73237886640673,-69.73237886640673
1068.6100299692155,-69.72760596346167,-69.72760596346167
1068.6200299692155,-69.72274823828813,-69.72274823828813
1068.6300299692155,-69.71780624080984,-69.71780624080984
1068.6400299692154,-69.7127806152509,-69.7127806152509
1068.6500299692154,-69.70767208937178,-69.70767208937178
1068.6600299692154,-69.70248146504915,-69.70248146504915
1068.6700299692154,-69.6972096100142,-69.6972096100142
1068.6800299692154,-69.6918574505346,-69.6918574505346
1068.6900299692154,-69.68642596491327,-69.68642596491327
1068.7000299692154,-69.68091617773042,-69.68091617773042
1068.7100299692154,-69.67532915467253,-69.67532915467253
1068.7200299692154,-69.66966599787831,-69.66966599787831
1068.7300299692154,-69.66392784176116,-69.66392784176116
1068.7400299692154,-69.65811584922676,-69.65811584922676
1068.7500299692153,-69.6522312082419,-69.6522312082419
1068.7600299692153,-69.64627512865783,-69.64627512865783
1068.7700299692153,-69.64024883941846,-69.64024883941846
1068.7800299692153,-69.63415358590356,-69.63415358590356
1068.7900299692153,-69.62799062755045,-69.62799062755045
1068.8000299692153,-69.62176123564281,-69.62176123564281
1068.8100299692153,-69.615466691291,-69.615466691291
1068.8200299692153,-69.60910828356741,-69.60910828356741
1068.8300299692155,-69.60268730780113,-69.60268730780113
1068.8400299692155,-69.59620506397142,-69.59620506397142
1068.8500299692155,-69.5896628552471,-69.5896628552471
1068.8600299692155,-69.583061986656,-69.583061986656
1068.8700299692155,-69.57640376380098,-69.57640376380098
1068.8800299692155,-69.56968949174447,-69.56968949174447
1068.8900299692154,-69.56292047389378,-69.56292047389378
1068.9000299692154,-69.55609801105884,-69.55609801105884
1068.9100299692154,-69.5492234005044,-69.5492234005044
1068.9200299692154,-69.542297935121,-69.542297935121
1068.9300299692154,-69.53532290266168,-69.53532290266168
1068.9400299692154,-69.5282995850018,-69.5282995850018
1068.9500299692154,-69.52122925747281,-69.52122925747281
1068.9600299692154,-69.51411318827498,-69.51411318827498
1068.9700299692154,-69.50695263789969,-69.50695263789969
1068.9800299692154,-69.49974885861188,-69.49974885861188
1068.9900299692154,-69.4925030939856,-69.4925030939856
1069.0000299692153,-69.48521657845642,-69.48521657845642
1069.0100299692153,-69.47789053692357,-69.47789053692357
1069.0200299692153,-69.47052618441222,-69.47052618441222
1069.0300299692153,-69.46312472569792,-69.46312472569792
1069.0400299692153,-69.45568735502795,-69.45568735502795
1069.0500299692153,-69.44821525586323,-69.44821525586323
1069.0600299692153,-69.44070960060621,-69.44070960060621
1069.0700299692153,-69.43317155039601,-69.43317155039601
1069.0800299692155,-69.42560225487539,-69.42560225487539
1069.0900299692155,-69.4180028520706,-69.4180028520706
1069.1000299692155,-69.41037446818544,-69.41037446818544
1069.1100299692155,-69.402718217472,-69.402718217472
1069.1200299692155,-69.39503520213324,-69.39503520213324
1069.1300299692155,-69.38732651218527,-69.38732651218527
1069.1400299692154,-69.37959322539469,-69.37959322539469
1069.1500299692154,-69.37183640718939,-69.37183640718939
1069.1600299692154,-69.3640571106073,-69.3640571106073
1069.1700299692154,-69.35625637623934,-69.35625637623934
1069.1800299692154,-69.34843523220823,-69.34843523220823
1069.1900299692154,-69.34059469412007,-69.34059469412007
1069.2000299692154,-69.33273576506413,-69.33273576506413
1069.2100299692154,-69.32485339991386,-69.32485339991386
1069.2200299692154,-69.31694594026095,-69.31694594026095
1069.2300299692154,-69.30901307758089,-69.30901307758089
1069.2400299692154,-69.30105512360646,-69.30105512360646
1069.2500299692153,-69.29307273102914,-69.29307273102914
1069.2600299692153,-69.28506674789347,-69.28506674789347
1069.2700299692153,-69.27703813197951,-69.27703813197951
1069.2800299692153,-69.2689878991882,-69.2689878991882
1069.2900299692153,-69.26091709245587,-69.26091709245587
1069.3000299930573,-69.25282674376054,-69.25282674376054
1069.3100299930572,-69.24471793999912,-69.24471793999912
1069.3200299930572,-69.23659170109258,-69.23659170109258
1069.3300299930572,-69.22844905307514,-69.22844905307514
1069.3400299930572,-69.2202910069675,-69.2202910069675
1069.3500299930572,-69.21211855781338,-69.21211855781338
1069.3600299930572,-69.20393268437209,-69.20393268437209
1069.3700299930572,-69.19573434917285,-69.19573434917285
1069.3800299930572,-69.1875244987548,-69.1875244987548
1069.3900299930572,-69.17930406403269,-69.17930406403269
1069.4000299930572,-69.1710739607103,-69.1710739607103
1069.4100299930572,-69.1628350896735,-69.1628350896735
1069.4200299930571,-69.15458833741198,-69.15458833741198
1069.4300299930574,-69.14633457638953,-69.14633457638953
1069.4400299930574,-69.1380746654015,-69.1380746654015
1069.4500299930573,-69.12980944988834,-69.12980944988834
1069.4600299930573,-69.12153976225068,-69.12153976225068
1069.4700299930573,-69.11326642211273,-69.11326642211273
1069.4800299930573,-69.10499023656988,-69.10499023656988
1069.4900299930573,-69.09671200042271,-69.09671200042271
1069.5000299930573,-69.08843249639305,-69.08843249639305
1069.5100299930573,-69.08015249530024,-69.08015249530024
1069.5200299930573,-69.07187275625515,-69.07187275625515
1069.5300299930573,-69.06359402683461,-69.06359402683461
1069.5400299930573,-69.05531704322834,-69.05531704322834
1069.5500299930573,-69.04704253038969,-69.04704253038969
1069.5600299930572,-69.03877120219165,-69.03877120219165
1069.5700299930572,-69.03050376154673,-69.03050376154673
1069.5800299930572,-69.02224090054942,-69.02224090054942
1069.5900299930572,-69.0139833005989,-69.0139833005989
1069.6000299930572,-69.00573163252088,-69.00573163252088
1069.6100299930572,-68.99748655669838,-68.99748655669838
1069.6200299930572,-68.9892487231707,-68.9892487231707
1069.6300299930572,-68.98101877175365,-68.98101877175365
1069.6400299930572,-68.97279733217198,-68.97279733217198
1069.6500299930572,-68.96458502412462,-68.96458502412462
1069.6600299930572,-68.95638245745175,-68.95638245745175
1069.6700299930571,-68.94819023219493,-68.94819023219493
1069.6800299930574,-68.94000893873064,-68.94000893873064
1069.6900299930574,-68.93183915785558,-68.93183915785558
1069.7000299930573,-68.92368146091769,-68.92368146091769
1069.7100299930573,-68.9155364099072,-68.9155364099072
1069.7200299930573,-68.90740455753932,-68.90740455753932
1069.7300299930573,-68.89928644739922,-68.89928644739922
1069.7400299930573,-68.89118261401451,-68.89118261401451
1069.7500299930573,-68.88309358296067,-68.88309358296067
1069.7600299930573,-68.87501987097006,-68.87501987097006
1069.7700299930573,-68.86696198602641,-68.86696198602641
1069.7800299930573,-68.85892042746868,-68.85892042746868
1069.7900299930573,-68.85089568609747,-68.85089568609747
1069.8000299930573,-68.84288824424688,-68.84288824424688
1069.8100299930572,-68.834898575917,-68.834898575917
1069.8200299930572,-68.82692714686301,-68.82692714686301
1069.8300299930572,-68.818974414669,-68.818974414669
1069.8400299930572,-68.81104082887883,-68.81104082887883
1069.8500299930572,-68.8031268310694,-68.8031268310694
1069.8600299930572,-68.7952328549485,-68.7952328549485
1069.8700299930572,-68.78735932646829,-68.78735932646829
1069.8800299930572,-68.77950666391537,-68.77950666391537
1069.8900299930572,-68.77167527797144,-68.77167527797144
1069.9000299930572,-68.76386557185694,-68.76386557185694
1069.9100299930572,-68.7560779413874,-68.7560779413874
1069.9200299930571,-68.74831277508848,-68.74831277508848
1069.9300299930574,-68.74057045427274,-68.74057045427274
1069.9400299930574,-68.73285135313091,-68.73285135313091
1069.9500299930573,-68.72515583884432,-68.72515583884432
1069.9600299930573,-68.71748427164297,-68.71748427164297
1069.9700299930573,-68.70983700491827,-68.70983700491827
1069.9800299930573,-68.70221438529619,-68.70221438529619
1069.9900299930573,-68.6946167527392,-68.6946167527392
1070.0000299930573,-68.68704444061703,-68.68704444061703
1070.0100299930573,-68.67949777581181,-68.67949777581181
1070.0200299930573,-68.67197707878323,-68.67197707878323
1070.0300299930573,-68.66448266366939,-68.66448266366939
1070.0400299930573,-68.65701483836905,-68.65701483836905
1070.0500299930573,-68.6495739046045,-68.6495739046045
1070.0600299930572,-68.6421601580353,-68.6421601580353
1070.0700299930572,-68.63477388832025,-68.63477388832025
1070.0800299930572,-68.62741537919052,-68.62741537919052
1070.0900299930572,-68.62008490856239,-68.62008490856239
1070.1000299930572,-68.61278274857797,-68.61278274857797
1070.1100299930572,-68.60550916571391,-68.60550916571391
1070.1200299930572,-68.59822220704613,-68.59822220704613
1070.1300299930572,-68.59090432067183,-68.59090432067183
1070.1400299930572,-68.583547298941,-68.583547298941
1070.150030016899,-68.57614694559092,-68.57614694559092
1070.160030016899,-68.56870116596542,-68.56870116596542
1070.170030016899,-68.56120894586822,-68.56120894586822
1070.180030016899,-68.55366994195488,-68.55366994195488
1070.190030016899,-68.54608419911655,-68.54608419911655
1070.200030016899,-68.53845200005486,-68.53845200005486
1070.210030016899,-68.53077377900026,-68.53077377900026
1070.220030016899,-68.52305007181724,-68.52305007181724
1070.230030016899,-68.51528148697834,-68.51528148697834
1070.240030016899,-68.50746868831006,-68.50746868831006
1070.250030016899,-68.49961238447172,-68.49961238447172
1070.260030016899,-68.49171332221421,-68.49171332221421
1070.270030016899,-68.4837722817142,-68.4837722817142
1070.2800300168992,-68.4757900730917,-68.4757900730917
1070.2900300168992,-68.46776753349316,-68.46776753349316
1070.3000300168992,-68.45970552462637,-68.45970552462637
1070.3100300168992,-68.4516049304316,-68.4516049304316
1070.3200300168992,-68.44346665491004,-68.44346665491004
1070.3300300168992,-68.4352916200732,-68.4352916200732
1070.3400300168992,-68.42708076395674,-68.42708076395674
1070.3500300168992,-68.41883503878205,-68.41883503878205
1070.3600300168991,-68.41055540915299,-68.41055540915299
1070.3700300168991,-68.40224285040104,-68.40224285040104
1070.3800300168991,-68.39389834699939,-68.39389834699939
1070.3900300168991,-68.38552289106059,-68.38552289106059
1070.400030016899,-68.37711748098641,-68.37711748098641
1070.410030016899,-68.36868312013415,-68.36868312013415
1070.420030016899,-68.36022081562787,-68.36022081562787
1070.430030016899,-68.3517315772387,-68.3517315772387
1070.440030016899,-68.34321641630383,-68.34321641630383
1070.450030016899,-68.33467634479224,-68.33467634479224
1070.460030016899,-68.32611237436589,-68.32611237436589
1070.470030016899,-68.3175255155533,-68.3175255155533
1070.480030016899,-68.30891677696304,-68.30891677696304
1070.490030016899,-68.30028716455894,-68.30028716455894
1070.500030016899,-68.29163768097948,-68.29163768097948
1070.510030016899,-68.28296932491351,-68.28296932491351
1070.520030016899,-68.27428309051646,-68.27428309051646
1070.5300300168992,-68.26557996687146,-68.26557996687146
1070.5400300168992,-68.25686093749768,-68.25686093749768
1070.5500300168992,-68.24812697986673,-68.24812697986673
1070.5600300168992,-68.23937906498384,-68.23937906498384
1070.5700300168992,-68.23061815697969,-68.23061815697969
1070.5800300168992,-68.22184521275564,-68.22184521275564
1070.5900300168992,-68.21306118162715,-68.21306118162715
1070.6000300168992,-68.20426700503276,-68.20426700503276
1070.6100300168991,-68.19546361621637,-68.19546361621637
1070.6200300168991,-68.18665193998898,-68.18665193998898
1070.6300300168991,-68.17783289245888,-68.17783289245888
1070.6400300168991,-68.16900738083378,-68.16900738083378
1070.650030016899,-68.1601763031981,-68.1601763031981
1070.660030016899,-68.15134054834053,-68.15134054834053
1070.670030016899,-68.14250099558245,-68.14250099558245
1070.680030016899,-68.13365851461715,-68.13365851461715
1070.690030016899,-68.12481396539863,-68.12481396539863
1070.700030016899,-68.11596819800032,-68.11596819800032
1070.710030016899,-68.10712205251535,-68.10712205251535
1070.720030016899,-68.09827635896183,-68.09827635896183
1070.730030016899,-68.0894319372003,-68.0894319372003
1070.740030016899,-68.08058959686473,-68.08058959686473
1070.750030016899,-68.0717501373091,-68.0717501373091
1070.760030016899,-68.06291434756001,-68.06291434756001
1070.770030016899,-68.05408300627147,-68.05408300627147
1070.7800300168992,-68.04525688169295,-68.04525688169295
1070.7900300168992,-68.03643673165573,-68.03643673165573
1070.8000300168992,-68.02762330357577,-68.02762330357577
1070.8100300168992,-68.01881733441164,-68.01881733441164
1070.8200300168992,-68.01001955071065,-68.01001955071065
1070.8300300168992,-68.00123066857921,-68.00123066857921
1070.8400300168992,-67.99245139373265,-67.99245139373265
1070.8500300168992,-67.98368242150576,-67.98368242150576
1070.8600300168991,-67.97492443686973,-67.97492443686973
1070.8700300168991,-67.96617811448176,-67.96617811448176
1070.8800300168991,-67.95744411873032,-67.95744411873032
1070.8900300168991,-67.94872310374359,-67.94872310374359
1070.900030016899,-67.94001571346746,-67.94001571346746
1070.910030016899,-67.93132258172172,-67.93132258172172
1070.920030016899,-67.92264433224885,-67.92264433224885
1070.930030016899,-67.91398157875614,-67.91398157875614
1070.940030016899,-67.90533492500613,-67.90533492500613
1070.950030016899,-67.89670496486907,-67.89670496486907
1070.960030016899,-67.88808637708996,-67.88808637708996
1070.970030016899,-67.87947716111952,-67.87947716111952
1070.980030016899,-67.87087664132446,-67.87087664132446
1070.990030016899,-67.86228475207513,-67.86228475207513
1071.000030040741,-67.85370174372981,-67.85370174372981
1071.010030040741,-67.84512812170709,-67.84512812170709
1071.020030040741,-67.83656443999479,-67.83656443999479
1071.030030040741,-67.82801133228294,-67.82801133228294
1071.040030040741,-67.81946946109969,-67.81946946109969
1071.050030040741,-67.81093949950117,-67.81093949950117
1071.060030040741,-67.80242212019549,-67.80242212019549
1071.070030040741,-67.79391798920916,-67.79391798920916
1071.080030040741,-67.78542776228457,-67.78542776228457
1071.0900300407409,-67.77695208298226,-67.77695208298226
1071.1000300407409,-67.76849158179877,-67.76849158179877
1071.1100300407409,-67.76004687590999,-67.76004687590999
1071.1200300407409,-67.7516185692383,-67.7516185692383
1071.130030040741,-67.74320725277134,-67.74320725277134
1071.140030040741,-67.73481350490678,-67.73481350490678
1071.150030040741,-67.7264378918859,-67.7264378918859
1071.160030040741,-67.71808096823685,-67.71808096823685
1071.170030040741,-67.70974327717354,-67.70974327717354
1071.180030040741,-67.7014253509886,-67.7014253509886
1071.190030040741,-67.69312771141547,-67.69312771141547
1071.200030040741,-67.68485086994416,-67.68485086994416
1071.210030040741,-67.67659532815175,-67.67659532815175
1071.220030040741,-67.66836157794961,-67.66836157794961
1071.230030040741,-67.66015010183754,-67.66015010183754
1071.240030040741,-67.6519613731315,-67.6519613731315
1071.250030040741,-67.6437958561668,-67.6437958561668
1071.260030040741,-67.63565400649307,-67.63565400649307
1071.270030040741,-67.6275362710412,-67.6275362710412
1071.280030040741,-67.61944308828895,-67.61944308828895
1071.290030040741,-67.61137488840579,-67.61137488840579
1071.300030040741,-67.60333209339078,-67.60333209339078
1071.310030040741,-67.59531511722058,-67.59531511722058
1071.320030040741,-67.58732436593768,-67.58732436593768
1071.330030040741,-67.57936023780522,-67.57936023780522
1071.3400300407409,-67.5714231234045,-67.5714231234045
1071.3500300407409,-67.5635134057367,-67.5635134057367
1071.3600300407409,-67.55563146032945,-67.55563146032945
1071.3700300407409,-67.54777765534818,-67.54777765534818
1071.380030040741,-67.5399523516836,-67.5399523516836
1071.390030040741,-67.53215590303986,-67.53215590303986
1071.400030040741,-67.52438865604076,-67.52438865604076
1071.410030040741,-67.51665095030896,-67.51665095030896
1071.420030040741,-67.5089431185709,-67.5089431185709
1071.430030040741,-67.50126548672606,-67.50126548672606
1071.440030040741,-67.49361837393296,-67.49361837393296
1071.450030040741,-67.48600209272195,-67.48600209272195
1071.460030040741,-67.47841694903376,-67.47841694903376
1071.470030040741,-67.47086324234593,-67.47086324234593
1071.480030040741,-67.46334126572427,-67.46334126572427
1071.490030040741,-67.45585130590804,-67.45585130590804
1071.500030040741,-67.44839364342825,-67.44839364342825
1071.510030040741,-67.44096855261567,-67.44096855261567
1071.520030040741,-67.43357630174283,-67.43357630174283
1071.530030040741,-67.42621715307824,-67.42621715307824
1071.540030040741,-67.41889136296254,-67.41889136296254
1071.550030040741,-67.4115991818915,-67.4115991818915
1071.560030040741,-67.4043408545878,-67.4043408545878
1071.570030040741,-67.39711662007466,-67.39711662007466
1071.580030040741,-67.38992671174996,-67.38992671174996
1071.5900300407409,-67.38277135748525,-67.38277135748525
1071.6000300407409,-67.37565077966583,-67.37565077966583
1071.6100300407409,-67.36856519527636,-67.36856519527636
1071.6200300407409,-67.3615148159904,-67.3615148159904
1071.630030040741,-67.35449984820704,-67.35449984820704
1071.640030040741,-67.34752049317827,-67.34752049317827
1071.650030040741,-67.34057694701337,-67.34057694701337
1071.660030040741,-67.33366940080357,-67.33366940080357
1071.670030040741,-67.32679804065394,-67.32679804065394
1071.680030040741,-67.31996304779284,-67.31996304779284
1071.690030040741,-67.31316459860402,-67.31316459860402
1071.700030040741,-67.30640286470991,-67.30640286470991
1071.710030040741,-67.29967801303805,-67.29967801303805
1071.720030040741,-67.29299020589481,-67.29299020589481
1071.730030040741,-67.28633960102599,-67.28633960102599
1071.740030040741,-67.2797263516731,-67.2797263516731
1071.750030040741,-67.2731506066608,-67.2731506066608
1071.760030040741,-67.26661251044213,-67.26661251044213
1071.770030040741,-67.2601122031656,-67.2601122031656
1071.780030040741,-67.25364982074122,-67.25364982074122
1071.790030040741,-67.24722549490839,-67.24722549490839
1071.800030040741,-67.24083935329705,-67.24083935329705
1071.810030040741,-67.23449151947632,-67.23449151947632
1071.820030040741,-67.22818211302891,-67.22818211302891
1071.830030040741,-67.2219112495934,-67.2219112495934
1071.8400300407409,-67.21567904095261,-67.21567904095261
1071.8500300645828,-67.20948558033093,-67.20948558033093
1071.8600300645828,-67.2033310015122,-67.2033310015122
1071.8700300645828,-67.19721539016263,-67.19721539016263
1071.8800300645828,-67.1911388431519,-67.1911388431519
1071.8900300645828,-67.18510145375038,-67.18510145375038
1071.9000300645828,-67.17910331171295,-67.17910331171295
1071.9100300645828,-67.17314450331702,-67.17314450331702
1071.9200300645828,-67.16722511140017,-67.16722511140017
1071.9300300645828,-67.16134521545652,-67.16134521545652
1071.9400300645827,-67.15550489164688,-67.15550489164688
1071.9500300645827,-67.14970421287005,-67.14970421287005
1071.9600300645827,-67.14394324881789,-67.14394324881789
1071.9700300645827,-67.13822206602076,-67.13822206602076
1071.980030064583,-67.13254072788834,-67.13254072788834
1071.990030064583,-67.12689929477231,-67.12689929477231
1072.000030064583,-67.12129782401477,-67.12129782401477
1072.010030064583,-67.11573636998395,-67.11573636998395
1072.020030064583,-67.11021498413629,-67.11021498413629
1072.030030064583,-67.10473371506284,-67.10473371506284
1072.0400300645829,-67.09929260851153,-67.09929260851153
1072.0500300645829,-67.09389170747156,-67.09389170747156
1072.0600300645829,-67.08853105218229,-67.08853105218229
1072.0700300645829,-67.08321068019748,-67.08321068019748
1072.0800300645828,-67.07793062642791,-67.07793062642791
1072.0900300645828,-67.07269092318414,-67.07269092318414
1072.1000300645828,-67.06749160021782,-67.06749160021782
1072.1100300645828,-67.06233268475671,-67.06233268475671
1072.1200300645828,-67.05721420154619,-67.05721420154619
1072.1300300645828,-67.05213617290386,-67.05213617290386
1072.1400300645828,-67.04709861875614,-67.04709861875614
1072.1500300645828,-67.04210155667073,-67.04210155667073
1072.1600300645828,-67.03714500189336,-67.03714500189336
1072.1700300645828,-67.03222896740188,-67.03222896740188
1072.1800300645828,-67.02735346392551,-67.02735346392551
1072.1900300645827,-67.02251849999897,-67.02251849999897
1072.2000300645827,-67.01772408198303,-67.01772408198303
1072.2100300645827,-67.01296438462084,-67.01296438462084
1072.2200300645827,-67.00823686776255,-67.00823686776255
1072.230030064583,-67.00354030572832,-67.00354030572832
1072.240030064583,-66.99887408165968,-66.99887408165968
1072.250030064583,-66.99423791748336,-66.99423791748336
1072.260030064583,-66.98963173326517,-66.98963173326517
1072.270030064583,-66.98505556442015,-66.98505556442015
1072.280030064583,-66.98050951189755,-66.98050951189755
1072.2900300645829,-66.97599371209708,-66.97599371209708
1072.3000300645829,-66.97150831886076,-66.97150831886076
1072.3100300645829,-66.96705349269985,-66.96705349269985
1072.3200300645829,-66.96262939452203,-66.96262939452203
1072.3300300645828,-66.95823618206079,-66.95823618206079
1072.3400300645828,-66.95387400795539,-66.95387400795539
1072.3500300645828,-66.94954301886244,-66.94954301886244
1072.3600300645828,-66.94524335510859,-66.94524335510859
1072.3700300645828,-66.9409751507515,-66.9409751507515
1072.3800300645828,-66.93673853377379,-66.93673853377379
1072.3900300645828,-66.93253362644157,-66.93253362644157
1072.4000300645828,-66.92836054561432,-66.92836054561432
1072.4100300645828,-66.92421940315278,-66.92421940315278
1072.4200300645828,-66.92011030623176,-66.92011030623176
1072.4300300645828,-66.9160333576566,-66.9160333576566
1072.4400300645827,-66.91198865617305,-66.91198865617305
1072.4500300645827,-66.90797629671457,-66.90797629671457
1072.4600300645827,-66.90399637063042,-66.90399637063042
1072.4700300645827,-66.90004896588637,-66.90004896588637
1072.480030064583,-66.89613416726266,-66.89613416726266
1072.490030064583,-66.89225205647121,-66.89225205647121
1072.500030064583,-66.88840271231875,-66.88840271231875
1072.510030064583,-66.88458621082408,-66.88458621082408
1072.520030064583,-66.88080262529776,-66.88080262529776
1072.530030064583,-66.87705202646882,-66.87705202646882
1072.5400300645829,-66.87333448251415,-66.87333448251415
1072.5500300645829,-66.8696500591787,-66.8696500591787
1072.5600300645829,-66.86599881980771,-66.86599881980771
1072.5700300645829,-66.86238082540994,-66.86238082540994
1072.5800300645828,-66.85879613469152,-66.85879613469152
1072.5900300645828,-66.85524480411519,-66.85524480411519
1072.6000300645828,-66.85172688793352,-66.85172688793352
1072.6100300645828,-66.84824243822435,-66.84824243822435
1072.6200300645828,-66.84479150492682,-66.84479150492682
1072.6300300645828,-66.841374135868,-66.841374135868
1072.6400300645828,-66.8379903767836,-66.8379903767836
1072.6500300645828,-66.83464027135314,-66.83464027135314
1072.6600300645828,-66.83132386121218,-66.83132386121218
1072.6700300645828,-66.8280411859926,-66.8280411859926
1072.6800300645828,-66.82479228332127,-66.82479228332127
1072.6900300645827,-66.82157718886955,-66.82157718886955
1072.7000300884247,-66.81839592879103,-66.81839592879103
1072.7100300884247,-66.81524855008335,-66.81524855008335
1072.7200300884247,-66.81213507495883,-66.81213507495883
1072.7300300884247,-66.80905553140217,-66.80905553140217
1072.7400300884246,-66.80600994551457,-66.80600994551457
1072.7500300884246,-66.80299834154256,-66.80299834154256
1072.7600300884246,-66.80002074189255,-66.80002074189255
1072.7700300884246,-66.797077167161,-66.797077167161
1072.7800300884246,-66.79416763612929,-66.79416763612929
1072.7900300884246,-66.79129216580918,-66.79129216580918
1072.8000300884246,-66.78845077143849,-66.78845077143849
1072.8100300884246,-66.7856434664982,-66.7856434664982
1072.8200300884246,-66.78287026275645,-66.78287026275645
1072.8300300884248,-66.78013117025621,-66.78013117025621
1072.8400300884248,-66.77742619736253,-66.77742619736253
1072.8500300884248,-66.77475535074443,-66.77475535074443
1072.8600300884248,-66.77211863543936,-66.77211863543936
1072.8700300884248,-66.76951605482431,-66.76951605482431
1072.8800300884247,-66.76694761065671,-66.76694761065671
1072.8900300884247,-66.76441330311498,-66.76441330311498
1072.9000300884247,-66.76191313077001,-66.76191313077001
1072.9100300884247,-66.75944709064132,-66.75944709064132
1072.9200300884247,-66.75701517819435,-66.75701517819435
1072.9300300884247,-66.75461738736912,-66.75461738736912
1072.9400300884247,-66.75225371060395,-66.75225371060395
1072.9500300884247,-66.7499241388396,-66.7499241388396
1072.9600300884247,-66.7476286615382,-66.7476286615382
1072.9700300884247,-66.74536726672238,-66.74536726672238
1072.9800300884247,-66.74313994096629,-66.74313994096629
1072.9900300884246,-66.74094666944684,-66.74094666944684
1073.0000300884246,-66.73878743592026,-66.73878743592026
1073.0100300884246,-66.73666222278547,-66.73666222278547
1073.0200300884246,-66.7345710110605,-66.7345710110605
1073.0300300884246,-66.73251378043925,-66.73251378043925
1073.0400300884246,-66.73049050928589,-66.73049050928589
1073.0500300884246,-66.72850117466074,-66.72850117466074
1073.0600300884246,-66.72654575233152,-66.72654575233152
1073.0700300884246,-66.72462421680345,-66.72462421680345
1073.0800300884248,-66.72273654132752,-66.72273654132752
1073.0900300884248,-66.72088269792275,-66.72088269792275
1073.1000300884248,-66.71906265739673,-66.71906265739673
1073.1100300884248,-66.71727638935839,-66.71727638935839
1073.1200300884248,-66.71552386224943,-66.71552386224943
1073.1300300884247,-66.71380504333231,-66.71380504333231
1073.1400300884247,-66.71211989873362,-66.71211989873362
1073.1500300884247,-66.71046839345807,-66.71046839345807
1073.1600300884247,-66.70885049139663,-66.70885049139663
1073.1700300884247,-66.70726615535771,-66.70726615535771
1073.1800300884247,-66.70571534707071,-66.70571534707071
1073.1900300884247,-66.70419802720157,-66.70419802720157
1073.2000300884247,-66.70271415538556,-66.70271415538556
1073.2100300884247,-66.70126369023174,-66.70126369023174
1073.2200300884247,-66.6998465893415,-66.6998465893415
1073.2300300884247,-66.69846280933129,-66.69846280933129
1073.2400300884246,-66.69711230584102,-66.69711230584102
1073.2500300884246,-66.69579503354423,-66.69579503354423
1073.2600300884246,-66.6945109461868,-66.6945109461868
1073.2700300884246,-66.69325999658044,-66.69325999658044
1073.2800300884246,-66.6920421366345,-66.6920421366345
1073.2900300884246,-66.69085731735659,-66.69085731735659
1073.3000300884246,-66.68970548887455,-66.68970548887455
1073.3100300884246,-66.68858660045717,-66.68858660045717
1073.3200300884246,-66.6875006005334,-66.6875006005334
1073.3300300884248,-66.68644743668443,-66.68644743668443
1073.3400300884248,-66.68542705567282,-66.68542705567282
1073.3500300884248,-66.68443940346825,-66.68443940346825
1073.3600300884248,-66.6834844252451,-66.6834844252451
1073.3700300884248,-66.68256206540842,-66.68256206540842
1073.3800300884247,-66.68167226759289,-66.68167226759289
1073.3900300884247,-66.68081497469156,-66.68081497469156
1073.4000300884247,-66.67999012887009,-66.67999012887009
1073.4100300884247,-66.67919767156103,-66.67919767156103
1073.4200300884247,-66.67843754350459,-66.67843754350459
1073.4300300884247,-66.67770968474316,-66.67770968474316
1073.4400300884247,-66.67701403464777,-66.67701403464777
1073.4500300884247,-66.67635053191174,-66.67635053191174
1073.4600300884247,-66.67571911457487,-66.67571911457487
1073.4700300884247,-66.67511972005276,-66.67511972005276
1073.4800300884247,-66.67455228513055,-66.67455228513055
1073.4900300884246,-66.67401674596482,-66.67401674596482
1073.5000300884246,-66.67351303812092,-66.67351303812092
1073.5100300884246,-66.67304109656227,-66.67304109656227
1073.5200300884246,-66.6726008556929,-66.6726008556929
1073.5300300884246,-66.67219224933551,-66.67219224933551
1073.5400300884246,-66.67181521075936,-66.67181521075936
1073.5500301122665,-66.67146967188764,-66.67146967188764
1073.5600301122665,-66.67115556662425,-66.67115556662425
1073.5700301122665,-66.67087282573972,-66.67087282573972
1073.5800301122665,-66.67062138040643,-66.67062138040643
1073.5900301122665,-66.67040116128928,-66.67040116128928
1073.6000301122665,-66.67021209857555,-66.67021209857555
1073.6100301122665,-66.67005412196792,-66.67005412196792
1073.6200301122665,-66.66992716069825,-66.66992716069825
1073.6300301122665,-66.66983114355588,-66.66983114355588
1073.6400301122665,-66.66976599887131,-66.66976599887131
1073.6500301122664,-66.66973165454449,-66.66973165454449
1073.6600301122664,-66.66972803805089,-66.66972803805089
1073.6700301122664,-66.66975507645036,-66.66975507645036
1073.6800301122666,-66.66981269638327,-66.66981269638327
1073.6900301122666,-66.66990082412033,-66.66990082412033
1073.7000301122666,-66.67001938551894,-66.67001938551894
1073.7100301122666,-66.67016830607305,-66.67016830607305
1073.7200301122666,-66.6703475108983,-66.6703475108983
1073.7300301122666,-66.67055692475881,-66.67055692475881
1073.7400301122666,-66.67079647206651,-66.67079647206651
1073.7500301122666,-66.6710660768959,-66.6710660768959
1073.7600301122666,-66.67136566296777,-66.67136566296777
1073.7700301122666,-66.67169515369514,-66.67169515369514
1073.7800301122666,-66.67205447217806,-66.67205447217806
1073.7900301122665,-66.67244354119985,-66.67244354119985
1073.8000301122665,-66.67286228324026,-66.67286228324026
1073.8100301122665,-66.67331062049725,-66.67331062049725
1073.8200301122665,-66.67378847488378,-66.67378847488378
1073.8300301122665,-66.6742957680242,-66.6742957680242
1073.8400301122665,-66.67483242128625,-66.67483242128625
1073.8500301122665,-66.67539835577527,-66.67539835577527
1073.8600301122665,-66.67599349234109,-66.67599349234109
1073.8700301122665,-66.67661775159254,-66.67661775159254
1073.8800301122665,-66.67727105388569,-66.67727105388569
1073.8900301122665,-66.67795331936118,-66.67795331936118
1073.9000301122664,-66.67866446792524,-66.67866446792524
1073.9100301122664,-66.67940441927311,-66.67940441927311
1073.9200301122664,-66.68017309288471,-66.68017309288471
1073.9300301122666,-66.68097040803315,-66.68097040803315
1073.9400301122666,-66.68179628379846,-66.68179628379846
1073.9500301122666,-66.68265063907467,-66.68265063907467
1073.9600301122666,-66.68352758676684,-66.68352758676684
1073.9700301122666,-66.68442450867312,-66.68442450867312
1073.9800301122666,-66.68534009501359,-66.68534009501359
1073.9900301122666,-66.6862736425705,-66.6862736425705
1074.0000301122666,-66.68722478634945,-66.68722478634945
1074.0100301122666,-66.68819335988071,-66.68819335988071
1074.0200301122666,-66.68917931313543,-66.68917931313543
1074.0300301122666,-66.69018266310404,-66.69018266310404
1074.0400301122665,-66.69120346403483,-66.69120346403483
1074.0500301122665,-66.69224178956021,-66.69224178956021
1074.0600301122665,-66.69329772204931,-66.69329772204931
1074.0700301122665,-66.69437134635666,-66.69437134635666
1074.0800301122665,-66.69546274627398,-66.69546274627398
1074.0900301122665,-66.69657200258689,-66.69657200258689
1074.1000301122665,-66.69769919214141,-66.69769919214141
1074.1100301122665,-66.69884438750309,-66.69884438750309
1074.1200301122665,-66.70000765694667,-66.70000765694667
1074.1300301122665,-66.70118906461202,-66.70118906461202
1074.1400301122665,-66.70238867080552,-66.70238867080552
1074.1500301122664,-66.70360653229623,-66.70360653229623
1074.1600301122664,-66.70484270264176,-66.70484270264176
1074.1700301122664,-66.7060972324868,-66.7060972324868
1074.1800301122666,-66.70737016983104,-66.70737016983104
1074.1900301122666,-66.70866156029246,-66.70866156029246
1074.2000301122666,-66.70997144732912,-66.70997144732912
1074.2100301122666,-66.71129987242253,-66.71129987242253
1074.2200301122666,-66.71264687523896,-66.71264687523896
1074.2300301122666,-66.71401249379258,-66.71401249379258
1074.2400301122666,-66.71539676455212,-66.71539676455212
1074.2500301122666,-66.71679972255146,-66.71679972255146
1074.2600301122666,-66.71822140147427,-66.71822140147427
1074.2700301122666,-66.7196618337284,-66.7196618337284
1074.2800301122666,-66.72112105050684,-66.72112105050684
1074.2900301122665,-66.72259908184242,-66.72259908184242
1074.3000301122665,-66.72409595664334,-66.72409595664334
1074.3100301122665,-66.72561170274723,-66.72561170274723
1074.3200301122665,-66.72714634691866,-66.72714634691866
1074.3300301122665,-66.72869991491324,-66.72869991491324
1074.3400301122665,-66.7302724314572,-66.7302724314572
1074.3500301122665,-66.73186392028609,-66.73186392028609
1074.3600301122665,-66.73347440416747,-66.73347440416747
1074.3700301122665,-66.73510390488369,-66.73510390488369
1074.3800301122665,-66.73675244326073,-66.73675244326073
1074.3900301122665,-66.73842003915976,-66.73842003915976
1074.4000301361084,-66.74010671552952,-66.74010671552952
1074.4100301361084,-66.74181248234034,-66.74181248234034
1074.4200301361084,-66.74353736058224,-66.74353736058224
1074.4300301361084,-66.74528136634356,-66.74528136634356
1074.4400301361084,-66.74704451477416,-66.74704451477416
1074.4500301361084,-66.74882682008112,-66.74882682008112
1074.4600301361083,-66.75062829553342,-66.75062829553342
1074.4700301361083,-66.75244895347383,-66.75244895347383
1074.4800301361083,-66.75428880531483,-66.75428880531483
1074.4900301361083,-66.75614786152705,-66.75614786152705
1074.5000301361083,-66.75802613166627,-66.75802613166627
1074.5100301361083,-66.7599236243436,-66.7599236243436
1074.5200301361083,-66.76184034726433,-66.76184034726433
1074.5300301361085,-66.76377630718912,-66.76377630718912
1074.5400301361085,-66.76573150998301,-66.76573150998301
1074.5500301361085,-66.76770596057536,-66.76770596057536
1074.5600301361085,-66.76969966298914,-66.76969966298914
1074.5700301361085,-66.771712620332,-66.771712620332
1074.5800301361085,-66.7737448348145,-66.7737448348145
1074.5900301361085,-66.77579630772286,-66.77579630772286
1074.6000301361084,-66.77786703946694,-66.77786703946694
1074.6100301361084,-66.77995702953876,-66.77995702953876
1074.6200301361084,-66.78206627655818,-66.78206627655818
1074.6300301361084,-66.78419477825724,-66.78419477825724
1074.6400301361084,-66.78634253148118,-66.78634253148118
1074.6500301361084,-66.78850953220947,-66.78850953220947
1074.6600301361084,-66.79069577555182,-66.79069577555182
1074.6700301361084,-66.79290125574487,-66.79290125574487
1074.6800301361084,-66.7951259661826,-66.7951259661826
1074.6900301361084,-66.79736989940452,-66.79736989940452
1074.7000301361084,-66.79963304710411,-66.79963304710411
1074.7100301361083,-66.80191540015296,-66.80191540015296
1074.7200301361083,-66.80421694857428,-66.80421694857428
1074.7300301361083,-66.80653768159434,-66.80653768159434
1074.7400301361083,-66.80887758760177,-66.80887758760177
1074.7500301361083,-66.81123665419553,-66.81123665419553
1074.7600301361083,-66.81361486817634,-66.81361486817634
1074.7700301361083,-66.81601221554284,-66.81601221554284
1074.7800301361085,-66.81842868153278,-66.81842868153278
1074.7900301361085,-66.82086425059354,-66.82086425059354
1074.8000301361085,-66.8233189064184,-66.8233189064184
1074.8100301361085,-66.82579263193676,-66.82579263193676
1074.8200301361085,-66.8282854093378,-66.8282854093378
1074.8300301361085,-66.83079722006288,-66.83079722006288
1074.8400301361085,-66.83332804483199,-66.83332804483199
1074.8500301361084,-66.8358778636413,-66.8358778636413
1074.8600301361084,-66.83844665577394,-66.83844665577394
1074.8700301361084,-66.84103439980804,-66.84103439980804
1074.8800301361084,-66.84364107363481,-66.84364107363481
1074.8900301361084,-66.84626665445371,-66.84626665445371
1074.9000301361084,-66.84891111878545,-66.84891111878545
1074.9100301361084,-66.85157444249297,-66.85157444249297
1074.9200301361084,-66.85425660077881,-66.85425660077881
1074.9300301361084,-66.85695756818954,-66.85695756818954
1074.9400301361084,-66.85967731863677,-66.85967731863677
1074.9500301361084,-66.86241582540852,-66.86241582540852
1074.9600301361083,-66.86517306115998,-66.86517306115998
1074.9700301361083,-66.86794899794636,-66.86794899794636
1074.9800301361083,-66.87074360720894,-66.87074360720894
1074.9900301361083,-66.87355685979743,-66.87355685979743
1075.0000301361083,-66.87638872598399,-66.87638872598399
1075.0100301361083,-66.87923917545571,-66.87923917545571
1075.0200301361083,-66.88210817734101,-66.88210817734101
1075.0300301361085,-66.88499570021094,-66.88499570021094
1075.0400301361085,-66.88790171208367,-66.88790171208367
1075.0500301361085,-66.89082618043149,-66.89082618043149
1075.0600301361085,-66.89376907221373,-66.89376907221373
1075.0700301361085,-66.89673035384934,-66.89673035384934
1075.0800301361085,-66.89970999125539,-66.89970999125539
1075.0900301361085,-66.90270794983931,-66.90270794983931
1075.1000301361084,-66.90572419451918,-66.90572419451918
1075.1100301361084,-66.90875868972051,-66.90875868972051
1075.1200301361084,-66.91181139938767,-66.91181139938767
1075.1300301361084,-66.91488228699988,-66.91488228699988
1075.1400301361084,-66.91797131557614,-66.91797131557614
1075.1500301361084,-66.92107844767406,-66.92107844767406
1075.1600301361084,-66.92420364541697,-66.92420364541697
1075.1700301361084,-66.92734687048096,-66.92734687048096
1075.1800301361084,-66.93050808411785,-66.93050808411785
1075.1900301361084,-66.9336872471635,-66.9336872471635
1075.2000301361084,-66.93688432003651,-66.93688432003651
1075.2100301361083,-66.94009926275245,-66.94009926275245
1075.2200301361083,-66.94333203492731,-66.94333203492731
1075.2300301361083,-66.94658259578294,-66.94658259578294
1075.2400301361083,-66.94985090418442,-66.94985090418442
1075.2500301599503,-66.95313692642425,-66.95313692642425
1075.2600301599502,-66.95644060500246,-66.95644060500246
1075.2700301599502,-66.95976190544108,-66.95976190544108
1075.2800301599502,-66.96310078513986,-66.96310078513986
1075.2900301599502,-66.96645720115745,-66.96645720115745
1075.3000301599502,-66.96983111020947,-66.96983111020947
1075.3100301599502,-66.97322246868586,-66.97322246868586
1075.3200301599502,-66.97663123265026,-66.97663123265026
1075.3300301599502,-66.98005735785118,-66.98005735785118
1075.3400301599502,-66.98350079973578,-66.98350079973578
1075.3500301599502,-66.98696151344069,-66.98696151344069
1075.3600301599502,-66.99043945381116,-66.99043945381116
1075.3700301599501,-66.99393457540202,-66.99393457540202
1075.3800301599504,-66.99744683249112,-66.99744683249112
1075.3900301599504,-67.0009761790797,-67.0009761790797
1075.4000301599503,-67.00452256889093,-67.00452256889093
1075.4100301599503,-67.00808595539965,-67.00808595539965
1075.4200301599503,-67.01166629181361,-67.01166629181361
1075.4300301599503,-67.01526353109729,-67.01526353109729
1075.4400301599503,-67.01887762597252,-67.01887762597252
1075.4500301599503,-67.02250852891119,-67.02250852891119
1075.4600301599503,-67.02615619216824,-67.02615619216824
1075.4700301599503,-67.02982056776527,-67.02982056776527
1075.4800301599503,-67.03350160750443,-67.03350160750443
1075.4900301599503,-67.0371992629714,-67.0371992629714
1075.5000301599503,-67.0409134855456,-67.0409134855456
1075.5100301599502,-67.04464422640808,-67.04464422640808
1075.5200301599502,-67.04839143653484,-67.04839143653484
1075.5300301599502,-67.05215506670626,-67.05215506670626
1075.5400301599502,-67.05593506752184,-67.05593506752184
1075.5500301599502,-67.05973138939972,-67.05973138939972
1075.5600301599502,-67.0635439825803,-67.0635439825803
1075.5700301599502,-67.06737279713448,-67.06737279713448
1075.5800301599502,-67.07121778296072,-67.07121778296072
1075.5900301599502,-67.0750788898002,-67.0750788898002
1075.6000301599502,-67.07895606723929,-67.07895606723929
1075.6100301599502,-67.08284926470674,-67.08284926470674
1075.6200301599501,-67.08675843149068,-67.08675843149068
1075.6300301599504,-67.09068351673157,-67.09068351673157
1075.6400301599504,-67.09462446944224,-67.09462446944224
1075.6500301599503,-67.09857311692568,-67.09857311692568
1075.6600301599503,-67.1025199819948,-67.1025199819948
1075.6700301599503,-67.10645687446703,-67.10645687446703
1075.6800301599503,-67.11037712734847,-67.11037712734847
1075.6900301599503,-67.1142752836205,-67.1142752836205
1075.7000301599503,-67.11814678834811,-67.11814678834811
1075.7100301599503,-67.12198777612848,-67.12198777612848
1075.7200301599503,-67.12579493413715,-67.12579493413715
1075.7300301599503,-67.12956541138689,-67.12956541138689
1075.7400301599503,-67.13329675425439,-67.13329675425439
1075.7500301599503,-67.13698685698395,-67.13698685698395
1075.7600301599502,-67.14063392117727,-67.14063392117727
1075.7700301599502,-67.14423642128163,-67.14423642128163
1075.7800301599502,-67.14779307447398,-67.14779307447398
1075.7900301599502,-67.1513028140824,-67.1513028140824
1075.8000301599502,-67.15476476598363,-67.15476476598363
1075.8100301599502,-67.15817822766594,-67.15817822766594
1075.8200301599502,-67.16154264959356,-67.16154264959356
1075.8300301599502,-67.1648576186556,-67.1648576186556
1075.8400301599502,-67.16812284345619,-67.16812284345619
1075.8500301599502,-67.17133814130115,-67.17133814130115
1075.8600301599502,-67.17450342655775,-67.17450342655775
1075.8700301599501,-67.17761870040935,-67.17761870040935
1075.8800301599504,-67.18068404163735,-67.18068404163735
1075.8900301599504,-67.18369959851555,-67.18369959851555
1075.9000301599503,-67.18666558151595,-67.18666558151595
1075.9100301599503,-67.18958225683325,-67.18958225683325
1075.9200301599503,-67.19244994059544,-67.19244994059544
1075.9300301599503,-67.19526899367783,-67.19526899367783
1075.9400301599503,-67.19803981702529,-67.19803981702529
1075.9500301599503,-67.20076284753291,-67.20076284753291
1075.9600301599503,-67.20343855422875,-67.20343855422875
1075.9700301599503,-67.20606743491716,-67.20606743491716
1075.9800301599503,-67.20865001311492,-67.20865001311492
1075.9900301599503,-67.21118683529635,-67.21118683529635
1076.0000301599503,-67.21367846837997,-67.21367846837997
1076.0100301599502,-67.21612549745537,-67.21612549745537
1076.0200301599502,-67.21852852371879,-67.21852852371879
1076.0300301599502,-67.22088816259702,-67.22088816259702
1076.0400301599502,-67.22320504203711,-67.22320504203711
1076.0500301599502,-67.22547980092325,-67.22547980092325
1076.0600301599502,-67.22771308767298,-67.22771308767298
1076.0700301599502,-67.22990555891329,-67.22990555891329
1076.0800301599502,-67.23205787828903,-67.23205787828903
1076.0900301599502,-67.23417071536028,-67.23417071536028
1076.1000301837921,-67.23624474951177,-67.23624474951177
1076.110030183792,-67.23828064921945,-67.23828064921945
1076.120030183792,-67.24027910104971,-67.24027910104971
1076.130030183792,-67.24224078889439,-67.24224078889439
1076.140030183792,-67.24416639823866,-67.24416639823866
1076.150030183792,-67.24605661551281,-67.24605661551281
1076.160030183792,-67.2479121274599,-67.2479121274599
1076.170030183792,-67.2497336205739,-67.2497336205739
1076.180030183792,-67.25152178057623,-67.25152178057623
1076.190030183792,-67.2532772919248,-67.2532772919248
1076.200030183792,-67.25500083735432,-67.25500083735432
1076.210030183792,-67.25669309749263,-67.25669309749263
1076.220030183792,-67.25835475044342,-67.25835475044342
1076.2300301837922,-67.2599864714372,-67.2599864714372
1076.2400301837922,-67.26158893254761,-67.26158893254761
1076.2500301837922,-67.26316280231879,-67.26316280231879
1076.2600301837922,-67.26470874554072,-67.26470874554072
1076.2700301837922,-67.26622742296755,-67.26622742296755
1076.2800301837922,-67.2677194910923,-67.2677194910923
1076.2900301837922,-67.26918560192736,-67.26918560192736
1076.3000301837922,-67.27062640279931,-67.27062640279931
1076.3100301837922,-67.27204253615437,-67.27204253615437
1076.3200301837921,-67.27343463942016,-67.27343463942016
1076.3300301837921,-67.27480334482495,-67.27480334482495
1076.3400301837921,-67.27614927926251,-67.27614927926251
1076.3500301837921,-67.2774730641693,-67.2774730641693
1076.360030183792,-67.27877531539717,-67.27877531539717
1076.370030183792,-67.28005664313467,-67.28005664313467
1076.380030183792,-67.28131765177292,-67.28131765177292
1076.390030183792,-67.28255893984019,-67.28255893984019
1076.400030183792,-67.28378109992565,-67.28378109992565
1076.410030183792,-67.2849847186174,-67.2849847186174
1076.420030183792,-67.28617037641591,-67.28617037641591
1076.430030183792,-67.2873386477147,-67.2873386477147
1076.440030183792,-67.28849010073353,-67.28849010073353
1076.450030183792,-67.28962529747713,-67.28962529747713
1076.460030183792,-67.29073893085067,-67.29073893085067
1076.470030183792,-67.29182898422488,-67.29182898422488
1076.4800301837922,-67.29289475538347,-67.29289475538347
1076.4900301837922,-67.29393614871186,-67.29393614871186
1076.5000301837922,-67.2949534044304,-67.2949534044304
1076.5100301837922,-67.29594695755844,-67.29594695755844
1076.5200301837922,-67.29691735503664,-67.29691735503664
1076.5300301837922,-67.29786520583995,-67.29786520583995
1076.5400301837922,-67.2987911509062,-67.2987911509062
1076.5500301837922,-67.29969584506652,-67.29969584506652
1076.5600301837922,-67.30057994625648,-67.30057994625648
1076.5700301837921,-67.30144410920838,-67.30144410920838
1076.5800301837921,-67.30228898181446,-67.30228898181446
1076.5900301837921,-67.30311520316204,-67.30311520316204
1076.6000301837921,-67.30392340257931,-67.30392340257931
1076.610030183792,-67.30471419926279,-67.30471419926279
1076.620030183792,-67.30548820226282,-67.30548820226282
1076.630030183792,-67.30624601066039,-67.30624601066039
1076.640030183792,-67.30698821385268,-67.30698821385268
1076.650030183792,-67.30771539186817,-67.30771539186817
1076.660030183792,-67.30842811570389,-67.30842811570389
1076.670030183792,-67.30912694763963,-67.30912694763963
1076.680030183792,-67.30981244151933,-67.30981244151933
1076.690030183792,-67.31048514306327,-67.31048514306327
1076.700030183792,-67.31114559007167,-67.31114559007167
1076.710030183792,-67.3117943126785,-67.3117943126785
1076.720030183792,-67.31243183352122,-67.31243183352122
1076.7300301837922,-67.31305866792493,-67.31305866792493
1076.7400301837922,-67.31367532406779,-67.31367532406779
1076.7500301837922,-67.3142823031042,-67.3142823031042
1076.7600301837922,-67.31488009930324,-67.31488009930324
1076.7700301837922,-67.31546920013405,-67.31546920013405
1076.7800301837922,-67.31605008640275,-67.31605008640275
1076.7900301837922,-67.31662323231737,-67.31662323231737
1076.8000301837922,-67.31718910557733,-67.31718910557733
1076.8100301837922,-67.31774816744492,-67.31774816744492
1076.8200301837921,-67.3183008728415,-67.3183008728415
1076.8300301837921,-67.31884767038272,-67.31884767038272
1076.8400301837921,-67.31938900246485,-67.31938900246485
1076.8500301837921,-67.31992530531504,-67.31992530531504
1076.860030183792,-67.3204570090522,-67.3204570090522
1076.870030183792,-67.32098453775046,-67.32098453775046
1076.880030183792,-67.32150830947454,-67.32150830947454
1076.890030183792,-67.32202873634334,-67.32202873634334
1076.900030183792,-67.3225462245914,-67.3225462245914
1076.910030183792,-67.32306117460261,-67.32306117460261
1076.920030183792,-67.32357398098011,-67.32357398098011
1076.930030183792,-67.32408503257318,-67.32408503257318
1076.940030183792,-67.32459471255403,-67.32459471255403
1076.950030207634,-67.32510339964611,-67.32510339964611
1076.960030207634,-67.32561146336519,-67.32561146336519
1076.970030207634,-67.32611927130212,-67.32611927130212
1076.980030207634,-67.32662718435702,-67.32662718435702
1076.990030207634,-67.32713555797471,-67.32713555797471
1077.000030207634,-67.32764474220951,-67.32764474220951
1077.010030207634,-67.32815508177177,-67.32815508177177
1077.020030207634,-67.32866691607892,-67.32866691607892
1077.030030207634,-67.32918057929547,-67.32918057929547
1077.040030207634,-67.3296964003922,-67.3296964003922
1077.0500302076339,-67.33021470319585,-67.33021470319585
1077.0600302076339,-67.33073580643963,-67.33073580643963
1077.0700302076339,-67.3312600238102,-67.3312600238102
1077.080030207634,-67.33178766399561,-67.33178766399561
1077.090030207634,-67.33231903074437,-67.33231903074437
1077.100030207634,-67.33285442290637,-67.33285442290637
1077.110030207634,-67.33339413448616,-67.33339413448616
1077.120030207634,-67.33393845470665,-67.33393845470665
1077.130030207634,-67.33448766803278,-67.33448766803278
1077.140030207634,-67.33504205424087,-67.33504205424087
1077.150030207634,-67.33560188848,-67.33560188848
1077.160030207634,-67.33616744128429,-67.33616744128429
1077.170030207634,-67.33673897865839,-67.33673897865839
1077.180030207634,-67.3373167621203,-67.3373167621203
1077.190030207634,-67.33790104873447,-67.33790104873447
1077.200030207634,-67.3384920911869,-67.3384920911869
1077.210030207634,-67.3390842714787,-67.3390842714787
1077.220030207634,-67.33967526605956,-67.33967526605956
1077.230030207634,-67.34026406905467,-67.34026406905467
1077.240030207634,-67.34085028409724,-67.34085028409724
1077.250030207634,-67.34143385326631,-67.34143385326631
1077.260030207634,-67.34201491593576,-67.34201491593576
1077.270030207634,-67.34259372576558,-67.34259372576558
1077.280030207634,-67.34317060077696,-67.34317060077696
1077.290030207634,-67.34374589322432,-67.34374589322432
1077.3000302076339,-67.34431997154559,-67.34431997154559
1077.3100302076339,-67.34489320961086,-67.34489320961086
1077.3200302076339,-67.3454659803819,-67.3454659803819
1077.330030207634,-67.34603865235358,-67.34603865235358
1077.340030207634,-67.34661158760265,-67.34661158760265
1077.350030207634,-67.3471851408456,-67.3471851408456
1077.360030207634,-67.34775965911224,-67.34775965911224
1077.370030207634,-67.34833548176188,-67.34833548176188
1077.380030207634,-67.34891294066384,-67.34891294066384
1077.390030207634,-67.34949236054155,-67.34949236054155
1077.400030207634,-67.35007405925077,-67.35007405925077
1077.410030207634,-67.35065834818354,-67.35065834818354
1077.420030207634,-67.35124553257181,-67.35124553257181
1077.430030207634,-67.35183591180913,-67.35183591180913
1077.440030207634,-67.35242977971672,-67.35242977971672
1077.450030207634,-67.3530274248142,-67.3530274248142
1077.460030207634,-67.35362326348496,-67.35362326348496
1077.470030207634,-67.35421500662805,-67.35421500662805
1077.480030207634,-67.35480168260905,-67.35480168260905
1077.490030207634,-67.35538292905348,-67.35538292905348
1077.500030207634,-67.35595872183539,-67.35595872183539
1077.510030207634,-67.35652923391498,-67.35652923391498
1077.520030207634,-67.35709475243894,-67.35709475243894
1077.530030207634,-67.35765562879087,-67.35765562879087
1077.540030207634,-67.3582122485381,-67.3582122485381
1077.5500302076339,-67.35876501340043,-67.35876501340043
1077.5600302076339,-67.35931433049011,-67.35931433049011
1077.5700302076339,-67.3598606060237,-67.3598606060237
1077.580030207634,-67.36040424173963,-67.36040424173963
1077.590030207634,-67.3609456329655,-67.3609456329655
1077.600030207634,-67.36148516769553,-67.36148516769553
1077.610030207634,-67.36202322623421,-67.36202322623421
1077.620030207634,-67.36256018122023,-67.36256018122023
1077.630030207634,-67.36309639782131,-67.36309639782131
1077.640030207634,-67.36363223402604,-67.36363223402604
1077.650030207634,-67.36416804095678,-67.36416804095678
1077.660030207634,-67.36470416325064,-67.36470416325064
1077.670030207634,-67.36524093933147,-67.36524093933147
1077.680030207634,-67.36577870174403,-67.36577870174403
1077.690030207634,-67.36631777741121,-67.36631777741121
1077.700030207634,-67.36685848787252,-67.36685848787252
1077.710030207634,-67.36739528222199,-67.36739528222199
1077.720030207634,-67.36792590464187,-67.36792590464187
1077.730030207634,-67.36844941685952,-67.36844941685952
1077.740030207634,-67.36896548976034,-67.36896548976034
1077.750030207634,-67.3694741323419,-67.3694741323419
1077.760030207634,-67.36997555054307,-67.36997555054307
1077.770030207634,-67.37047006429599,-67.37047006429599
1077.780030207634,-67.37095805758388,-67.37095805758388
1077.790030207634,-67.37143994838219,-67.37143994838219
1077.8000302314758,-67.37191617172891,-67.37191617172891
1077.8100302314758,-67.37238716441072,-67.37238716441072
1077.8200302314758,-67.37285336556953,-67.37285336556953
1077.8300302314758,-67.37331520846551,-67.37331520846551
1077.8400302314758,-67.37377311971585,-67.37377311971585
1077.8500302314758,-67.37422751835568,-67.37422751835568
1077.8600302314758,-67.37467881549784,-67.37467881549784
1077.8700302314758,-67.375127414322,-67.375127414322
1077.8800302314758,-67.37557371028295,-67.37557371028295
1077.8900302314757,-67.37601809138913,-67.37601809138913
1077.9000302314757,-67.37646093853135,-67.37646093853135
1077.9100302314757,-67.37690262581299,-67.37690262581299
1077.9200302314757,-67.37734352086942,-67.37734352086942
1077.930030231476,-67.3777839851702,-67.3777839851702
1077.940030231476,-67.37822437426942,-67.37822437426942
1077.950030231476,-67.37866503805448,-67.37866503805448
1077.960030231476,-67.37910632096096,-67.37910632096096
1077.970030231476,-67.37954856214613,-67.37954856214613
1077.980030231476,-67.37999209566809,-67.37999209566809
1077.9900302314759,-67.380437250599,-67.380437250599
1078.0000302314759,-67.38088435117773,-67.38088435117773
1078.0100302314759,-67.3813337168963,-67.3813337168963
1078.0200302314759,-67.38178566260613,-67.38178566260613
1078.0300302314758,-67.38224049860027,-67.38224049860027
1078.0400302314758,-67.3826985306777,-67.3826985306777
1078.0500302314758,-67.38316006022622,-67.38316006022622
1078.0600302314758,-67.38362538425199,-67.38362538425199
1078.0700302314758,-67.38409479546075,-67.38409479546075
1078.0800302314758,-67.38456858228825,-67.38456858228825
1078.0900302314758,-67.38504702894824,-67.38504702894824
1078.1000302314758,-67.38553041547088,-67.38553041547088
1078.1100302314758,-67.38601901775668,-67.38601901775668
1078.1200302314758,-67.38651310757822,-67.38651310757822
1078.1300302314758,-67.38701295264286,-67.38701295264286
1078.1400302314757,-67.3875188166106,-67.3875188166106
1078.1500302314757,-67.38803095914778,-67.38803095914778
1078.1600302314757,-67.38854963591072,-67.38854963591072
1078.1700302314757,-67.3890750986258,-67.3890750986258
1078.180030231476,-67.38960759509627,-67.38960759509627
1078.190030231476,-67.39014736922451,-67.39014736922451
1078.200030231476,-67.39069466104718,-67.39069466104718
1078.210030231476,-67.39124383926296,-67.39124383926296
1078.220030231476,-67.3917925700395,-67.3917925700395
1078.230030231476,-67.39233983832457,-67.39233983832457
1078.2400302314759,-67.39288523904267,-67.39288523904267
1078.2500302314759,-67.39342870594436,-67.39342870594436
1078.2600302314759,-67.39397037034175,-67.39397037034175
1078.2700302314759,-67.39451047806698,-67.39451047806698
1078.2800302314758,-67.39504933952911,-67.39504933952911
1078.2900302314758,-67.39558729957238,-67.39558729957238
1078.3000302314758,-67.39612471944109,-67.39612471944109
1078.3100302314758,-67.39666196598779,-67.39666196598779
1078.3200302314758,-67.39719940536095,-67.39719940536095
1078.3300302314758,-67.39773739941162,-67.39773739941162
1078.3400302314758,-67.39827630376,-67.39827630376
1078.3500302314758,-67.3988164668415,-67.3988164668415
1078.3600302314758,-67.39935822958202,-67.39935822958202
1078.3700302314758,-67.39990192538609,-67.39990192538609
1078.3800302314758,-67.40044788033956,-67.40044788033956
1078.3900302314757,-67.40099641350231,-67.40099641350231
1078.4000302314757,-67.40154783724542,-67.40154783724542
1078.4100302314757,-67.4021024575808,-67.4021024575808
1078.4200302314757,-67.40266057450874,-67.40266057450874
1078.430030231476,-67.40322248228867,-67.40322248228867
1078.440030231476,-67.40378846974019,-67.40378846974019
1078.450030231476,-67.40435882048443,-67.40435882048443
1078.460030231476,-67.40493381314985,-67.40493381314985
1078.470030231476,-67.40551372158535,-67.40551372158535
1078.480030231476,-67.40609881501628,-67.40609881501628
1078.4900302314759,-67.40668935819312,-67.40668935819312
1078.5000302314759,-67.40728561154201,-67.40728561154201
1078.5100302314759,-67.40788783124509,-67.40788783124509
1078.5200302314759,-67.408496269373,-67.408496269373
1078.5300302314758,-67.4091111739659,-67.4091111739659
1078.5400302314758,-67.40973278910427,-67.40973278910427
1078.5500302314758,-67.4103613549874,-67.4103613549874
1078.5600302314758,-67.41099710799924,-67.41099710799924
1078.5700302314758,-67.41164028076264,-67.41164028076264
1078.5800302314758,-67.41229110218914,-67.41229110218914
1078.5900302314758,-67.41294979752375,-67.41294979752375
1078.6000302314758,-67.41361658841603,-67.41361658841603
1078.6100302314758,-67.41429169291361,-67.41429169291361
1078.6200302314758,-67.41497532554067,-67.41497532554067
1078.6300302314758,-67.41566769732302,-67.41566769732302
1078.6400302314757,-67.41636901581751,-67.41636901581751
1078.6500302553177,-67.41707948683968,-67.41707948683968
1078.6600302553177,-67.4177993077519,-67.4177993077519
1078.6700302553177,-67.41852867758004,-67.41852867758004
1078.6800302553177,-67.41926779033956,-67.41926779033956
1078.6900302553177,-67.42001683673888,-67.42001683673888
1078.7000302553176,-67.4207760042058,-67.4207760042058
1078.7100302553176,-67.42154547691753,-67.42154547691753
1078.7200302553176,-67.42232543583015,-67.42232543583015
1078.7300302553176,-67.42311605870245,-67.42311605870245
1078.7400302553176,-67.42391752012821,-67.42391752012821
1078.7500302553176,-67.42472999157724,-67.42472999157724
1078.7600302553176,-67.42555364139758,-67.42555364139758
1078.7700302553176,-67.42638863486265,-67.42638863486265
1078.7800302553178,-67.42723513419341,-67.42723513419341
1078.7900302553178,-67.42809329859422,-67.42809329859422
1078.8000302553178,-67.4289632842629,-67.4289632842629
1078.8100302553178,-67.4298452444393,-67.4298452444393
1078.8200302553178,-67.4307393294324,-67.4307393294324
1078.8300302553178,-67.43164568663335,-67.43164568663335
1078.8400302553177,-67.43256446054825,-67.43256446054825
1078.8500302553177,-67.43349579285224,-67.43349579285224
1078.8600302553177,-67.43443982238361,-67.43443982238361
1078.8700302553177,-67.4353966851884,-67.4353966851884
1078.8800302553177,-67.43636651455812,-67.43636651455812
1078.8900302553177,-67.43734944103583,-67.43734944103583
1078.9000302553177,-67.43834559247016,-67.43834559247016
1078.9100302553177,-67.43935509403902,-67.43935509403902
1078.9200302553177,-67.44037806825769,-67.44037806825769
1078.9300302553177,-67.44141463503618,-67.44141463503618
1078.9400302553177,-67.44246491170286,-67.44246491170286
1078.9500302553176,-67.44352901300032,-67.44352901300032
1078.9600302553176,-67.44460705116319,-67.44460705116319
1078.9700302553176,-67.44569913592044,-67.44569913592044
1078.9800302553176,-67.44680537453564,-67.44680537453564
1078.9900302553176,-67.44792587181165,-67.44792587181165
1079.0000302553176,-67.44906073015066,-67.44906073015066
1079.0100302553176,-67.45021004956712,-67.45021004956712
1079.0200302553176,-67.4513739277247,-67.4513739277247
1079.0300302553178,-67.45255245994652,-67.45255245994652
1079.0400302553178,-67.45374573927546,-67.45374573927546
1079.0500302553178,-67.45495385646461,-67.45495385646461
1079.0600302553178,-67.45617690003951,-67.45617690003951
1079.0700302553178,-67.45741495630999,-67.45741495630999
1079.0800302553178,-67.4586681093873,-67.4586681093873
1079.0900302553177,-67.45993644123496,-67.45993644123496
1079.1000302553177,-67.46122003168172,-67.46122003168172
1079.1100302553177,-67.46251895846724,-67.46251895846724
1079.1200302553177,-67.46383329723407,-67.46383329723407
1079.1300302553177,-67.46516312159477,-67.46516312159477
1079.1400302553177,-67.46650850312867,-67.46650850312867
1079.1500302553177,-67.46786951142893,-67.46786951142893
1079.1600302553177,-67.46924621411718,-67.46924621411718
1079.1700302553177,-67.47063867687277,-67.47063867687277
1079.1800302553177,-67.47204696346455,-67.47204696346455
1079.1900302553177,-67.47347113576436,-67.47347113576436
1079.2000302553176,-67.47491125379021,-67.47491125379021
1079.2100302553176,-67.47636150160513,-67.47636150160513
1079.2200302553176,-67.47781936708641,-67.47781936708641
1079.2300302553176,-67.47928366000238,-67.47928366000238
1079.2400302553176,-67.4807538023369,-67.4807538023369
1079.2500302553176,-67.48222955684277,-67.48222955684277
1079.2600302553176,-67.48371088571943,-67.48371088571943
1079.2700302553176,-67.48519786753866,-67.48519786753866
1079.2800302553178,-67.48669064731382,-67.48669064731382
1079.2900302553178,-67.48818940637449,-67.48818940637449
1079.3000302553178,-67.48969434432466,-67.48969434432466
1079.3100302553178,-67.49120566826517,-67.49120566826517
1079.3200302553178,-67.49272358650411,-67.49272358650411
1079.3300302553178,-67.49424830494874,-67.49424830494874
1079.3400302553177,-67.49578002517742,-67.49578002517742
1079.3500302553177,-67.49731894350026,-67.49731894350026
1079.3600302553177,-67.49886525059296,-67.49886525059296
1079.3700302553177,-67.50041913151279,-67.50041913151279
1079.3800302553177,-67.50198076589085,-67.50198076589085
1079.3900302553177,-67.50355032821746,-67.50355032821746
1079.4000302553177,-67.50512798814216,-67.50512798814216
1079.4100302553177,-67.50671391083887,-67.50671391083887
1079.4200302553177,-67.50830825729022,-67.50830825729022
1079.4300302553177,-67.5099111846142,-67.5099111846142
1079.4400302553177,-67.51152284627726,-67.51152284627726
1079.4500302553176,-67.51314339238218,-67.51314339238218
1079.4600302553176,-67.51477296983747,-67.51477296983747
1079.4700302553176,-67.51641172255647,-67.51641172255647
1079.4800302553176,-67.51805979159988,-67.51805979159988
1079.4900302553176,-67.51971731532457,-67.51971731532457
1079.5000302791595,-67.52138443346182,-67.52138443346182
1079.5100302791595,-67.52306127136633,-67.52306127136633
1079.5200302791595,-67.52474796383959,-67.52474796383959
1079.5300302791595,-67.52644463941971,-67.52644463941971
1079.5400302791595,-67.52815142437531,-67.52815142437531
1079.5500302791595,-67.52986844275664,-67.52986844275664
1079.5600302791595,-67.53159581645419,-67.53159581645419
1079.5700302791595,-67.53333366523765,-67.53333366523765
1079.5800302791595,-67.5350821068051,-67.5350821068051
1079.5900302791595,-67.5368412567807,-67.5368412567807
1079.6000302791595,-67.53861122878672,-67.53861122878672
1079.6100302791594,-67.54039213443151,-67.54039213443151
1079.6200302791594,-67.54218408335132,-67.54218408335132
1079.6300302791597,-67.54398718323039,-67.54398718323039
1079.6400302791596,-67.5458015398057,-67.5458015398057
1079.6500302791596,-67.54762725690769,-67.54762725690769
1079.6600302791596,-67.54946443644653,-67.54946443644653
1079.6700302791596,-67.55131317844899,-67.55131317844899
1079.6800302791596,-67.55317358106902,-67.55317358106902
1079.6900302791596,-67.5550457405922,-67.5550457405922
1079.7000302791596,-67.55692975145611,-67.55692975145611
1079.7100302791596,-67.55882570626204,-67.55882570626204
1079.7200302791596,-67.56073369577807,-67.56073369577807
1079.7300302791596,-67.56265380897631,-67.56265380897631
1079.7400302791596,-67.56458613301305,-67.56458613301305
1079.7500302791595,-67.56653075326412,-67.56653075326412
1079.7600302791595,-67.5684877533266,-67.5684877533266
1079.7700302791595,-67.57045721502713,-67.57045721502713
1079.7800302791595,-67.57243921845637,-67.57243921845637
1079.7900302791595,-67.57443384194967,-67.57443384194967
1079.8000302791595,-67.57644116212424,-67.57644116212424
1079.8100302791595,-67.57846125388322,-67.57846125388322
1079.8200302791595,-67.58049419042878,-67.58049419042878
1079.8300302791595,-67.58254004327182,-67.58254004327182
1079.8400302791595,-67.58459888224715,-67.58459888224715
1079.8500302791595,-67.58667077553658,-67.58667077553658
1079.8600302791594,-67.58875578967482,-67.58875578967482
1079.8700302791594,-67.59085398955709,-67.59085398955709
1079.8800302791597,-67.59296543845386,-67.59296543845386
1079.8900302791596,-67.59509019804752,-67.59509019804752
1079.9000302791596,-67.59722832841223,-67.59722832841223
1079.9100302791596,-67.59937988805952,-67.59937988805952
1079.9200302791596,-67.60154493392739,-67.60154493392739
1079.9300302791596,-67.60372352142173,-67.60372352142173
1079.9400302791596,-67.60591570439476,-67.60591570439476
1079.9500302791596,-67.60812153520013,-67.60812153520013
1079.9600302791596,-67.61034106468558,-67.61034106468558
1079.9700302791596,-67.61257434220157,-67.61257434220157
1079.9800302791596,-67.61482141564379,-67.61482141564379
1079.9900302791596,-67.61708233143725,-67.61708233143725
1080.0000302791595,-67.61935713457649,-67.61935713457649
1080.0100302791595,-67.62164586861856,-67.62164586861856
1080.0200302791595,-67.62394857572438,-67.62394857572438
1080.0300302791595,-67.62626529665141,-67.62626529665141
1080.0400302791595,-67.62859607078536,-67.62859607078536
1080.0500302791595,-67.63094093614296,-67.63094093614296
1080.0600302791595,-67.63329992939867,-67.63329992939867
1080.0700302791595,-67.63567308588932,-67.63567308588932
1080.0800302791595,-67.63806043964092,-67.63806043964092
1080.0900302791595,-67.64046202337781,-67.64046202337781
1080.1000302791595,-67.64287786854108,-67.64287786854108
1080.1100302791594,-67.6453080053066,-67.6453080053066
1080.1200302791594,-67.64775246258364,-67.64775246258364
1080.1300302791597,-67.65021126805438,-67.65021126805438
1080.1400302791596,-67.65268444817158,-67.65268444817158
1080.1500302791596,-67.65517202819677,-67.65517202819677
1080.1600302791596,-67.65767403218061,-67.65767403218061
1080.1700302791596,-67.66014881066567,-67.66014881066567
1080.1800302791596,-67.66257876924602,-67.66257876924602
1080.1900302791596,-67.66495552073005,-67.66495552073005
1080.2000302791596,-67.66727464342183,-67.66727464342183
1080.2100302791596,-67.66952783869924,-67.66952783869924
1080.2200302791596,-67.67171123703302,-67.67171123703302
1080.2300302791596,-67.6738229395701,-67.6738229395701
1080.2400302791596,-67.67586204687828,-67.67586204687828
1080.2500302791595,-67.6778282401426,-67.6778282401426
1080.2600302791595,-67.67972155575616,-67.67972155575616
1080.2700302791595,-67.68154225390238,-67.68154225390238
1080.2800302791595,-67.68329074049473,-67.68329074049473
1080.2900302791595,-67.68496752055094,-67.68496752055094
1080.3000302791595,-67.68657316996782,-67.68657316996782
1080.3100302791595,-67.68810831831131,-67.68810831831131
1080.3200302791595,-67.68957363795364,-67.68957363795364
1080.3300302791595,-67.69096983706007,-67.69096983706007
1080.3400302791595,-67.69229765476287,-67.69229765476287
1080.3500303030014,-67.69355786067129,-67.69355786067129
1080.3600303030014,-67.69475123991154,-67.69475123991154
1080.3700303030014,-67.69587860960661,-67.69587860960661
1080.3800303030014,-67.69694080411321,-67.69694080411321
1080.3900303030014,-67.6979386765201,-67.6979386765201
1080.4000303030014,-67.69887309700886,-67.69887309700886
1080.4100303030013,-67.69974495126193,-67.69974495126193
1080.4200303030013,-67.70055513896423,-67.70055513896423
1080.4300303030013,-67.70130457241893,-67.70130457241893
1080.4400303030013,-67.70199417516119,-67.70199417516119
1080.4500303030013,-67.70262488071037,-67.70262488071037
1080.4600303030013,-67.70319174015854,-67.70319174015854
1080.4700303030013,-67.70369313013018,-67.70369313013018
1080.4800303030015,-67.70412876148875,-67.70412876148875
1080.4900303030015,-67.70449896601141,-67.70449896601141
1080.5000303030015,-67.70480442312578,-67.70480442312578
1080.5100303030015,-67.70504601736698,-67.70504601736698
1080.5200303030015,-67.70522475427936,-67.70522475427936
1080.5300303030015,-67.7053417095854,-67.7053417095854
1080.5400303030015,-67.70539799824482,-67.70539799824482
1080.5500303030014,-67.70539475561846,-67.70539475561846
1080.5600303030014,-67.70533312599741,-67.70533312599741
1080.5700303030014,-67.7052142555939,-67.7052142555939
1080.5800303030014,-67.70503928832672,-67.70503928832672
1080.5900303030014,-67.70480936323074,-67.70480936323074
1080.6000303030014,-67.70452561297056,-67.70452561297056
1080.6100303030014,-67.70418916291666,-67.70418916291666
1080.6200303030014,-67.70380113064161,-67.70380113064161
1080.6300303030014,-67.70336262562508,-67.70336262562508
1080.6400303030014,-67.70287474907423,-67.70287474907423
1080.6500303030014,-67.70233859380981,-67.70233859380981
1080.6600303030013,-67.70175524420077,-67.70175524420077
1080.6700303030013,-67.70112577608757,-67.70112577608757
1080.6800303030013,-67.70045125672439,-67.70045125672439
1080.6900303030013,-67.69973274469704,-67.69973274469704
1080.7000303030013,-67.69897128986089,-67.69897128986089
1080.7100303030013,-67.69816793324006,-67.69816793324006
1080.7200303030013,-67.69732370692284,-67.69732370692284
1080.7300303030015,-67.69643963399601,-67.69643963399601
1080.7400303030015,-67.69551672842218,-67.69551672842218
1080.7500303030015,-67.69455599493023,-67.69455599493023
1080.7600303030015,-67.6935584289372,-67.6935584289372
1080.7700303030015,-67.69252501641637,-67.69252501641637
1080.7800303030015,-67.69145673383026,-67.69145673383026
1080.7900303030015,-67.6903545480075,-67.6903545480075
1080.8000303030014,-67.68921941606942,-67.68921941606942
1080.8100303030014,-67.68805228534148,-67.68805228534148
1080.8200303030014,-67.68685409325684,-67.68685409325684
1080.8300303030014,-67.68562576732485,-67.68562576732485
1080.8400303030014,-67.68436822501131,-67.68436822501131
1080.8500303030014,-67.68308237371464,-67.68308237371464
1080.8600303030014,-67.68176911070373,-67.68176911070373
1080.8700303030014,-67.68042932305815,-67.68042932305815
1080.8800303030014,-67.67906388764045,-67.67906388764045
1080.8900303030014,-67.67767367107415,-67.67767367107415
1080.9000303030014,-67.67625952968426,-67.67625952968426
1080.9100303030013,-67.67482230950239,-67.67482230950239
1080.9200303030013,-67.67336284623832,-67.67336284623832
1080.9300303030013,-67.6718819652905,-67.6718819652905
1080.9400303030013,-67.67038048172388,-67.67038048172388
1080.9500303030013,-67.66885920027698,-67.66885920027698
1080.9600303030013,-67.66731891538511,-67.66731891538511
1080.9700303030013,-67.66576041118452,-67.66576041118452
1080.9800303030015,-67.66418446152129,-67.66418446152129
1080.9900303030015,-67.66259182999326,-67.66259182999326
1081.0000303030015,-67.66098326997701,-67.66098326997701
1081.0100303030015,-67.65935952465514,-67.65935952465514
1081.0200303030015,-67.65772132704068,-67.65772132704068
1081.0300303030015,-67.65606940006381,-67.65606940006381
1081.0400303030015,-67.65440445655071,-67.65440445655071
1081.0500303030014,-67.65272719933648,-67.65272719933648
1081.0600303030014,-67.65103832128484,-67.65103832128484
1081.0700303030014,-67.64933850534642,-67.64933850534642
1081.0800303030014,-67.64762842462086,-67.64762842462086
1081.0900303030014,-67.64590874242258,-67.64590874242258
1081.1000303030014,-67.64418011233998,-67.64418011233998
1081.1100303030014,-67.64244317830526,-67.64244317830526
1081.1200303030014,-67.64069857466195,-67.64069857466195
1081.1300303030014,-67.6389469262317,-67.6389469262317
1081.1400303030014,-67.63718884840868,-67.63718884840868
1081.1500303030014,-67.63542494720427,-67.63542494720427
1081.1600303030013,-67.63365581934842,-67.63365581934842
1081.1700303030013,-67.63188205236345,-67.63188205236345
1081.1800303030013,-67.63010422463346,-67.63010422463346
1081.1900303030013,-67.62832290550506,-67.62832290550506
1081.2000303268433,-67.62653865109273,-67.62653865109273
1081.2100303268433,-67.62475202138518,-67.62475202138518
1081.2200303268432,-67.62296355485906,-67.62296355485906
1081.2300303268432,-67.62117378549591,-67.62117378549591
1081.2400303268432,-67.6193832386618,-67.6193832386618
1081.2500303268432,-67.6175924311938,-67.6175924311938
1081.2600303268432,-67.61580187147551,-67.61580187147551
1081.2700303268432,-67.61401205953936,-67.61401205953936
1081.2800303268432,-67.61222348715619,-67.61222348715619
1081.2900303268432,-67.61043663790822,-67.61043663790822
1081.3000303268432,-67.6086519873006,-67.6086519873006
1081.3100303268432,-67.6068700028383,-67.6068700028383
1081.3200303268432,-67.60509114411603,-67.60509114411603
1081.3300303268434,-67.60331586292081,-67.60331586292081
1081.3400303268434,-67.60154460330685,-67.60154460330685
1081.3500303268434,-67.5997778016989,-67.5997778016989
1081.3600303268433,-67.59801588697647,-67.59801588697647
1081.3700303268433,-67.59625928056863,-67.59625928056863
1081.3800303268433,-67.59450839654356,-67.59450839654356
1081.3900303268433,-67.59276364169176,-67.59276364169176
1081.4000303268433,-67.59102541562497,-67.59102541562497
1081.4100303268433,-67.5892941108649,-67.5892941108649
1081.4200303268433,-67.58757011292279,-67.58757011292279
1081.4300303268433,-67.58585380040309,-67.58585380040309
1081.4400303268433,-67.5841455450753,-67.5841455450753
1081.4500303268433,-67.58244571197872,-67.58244571197872
1081.4600303268433,-67.5807546594972,-67.5807546594972
1081.4700303268432,-67.5790727394548,-67.5790727394548
1081.4800303268432,-67.57740029719555,-67.57740029719555
1081.4900303268432,-67.57573767166481,-67.57573767166481
1081.5000303268432,-67.57408519551255,-67.57408519551255
1081.5100303268432,-67.57244319516754,-67.57244319516754
1081.5200303268432,-67.57081199090834,-67.57081199090834
1081.5300303268432,-67.56919189696882,-67.56919189696882
1081.5400303268432,-67.56758322161359,-67.56758322161359
1081.5500303268432,-67.56598626720536,-67.56598626720536
1081.5600303268432,-67.56440133030496,-67.56440133030496
1081.5700303268432,-67.56282870175663,-67.56282870175663
1081.5800303268434,-67.56126866673775,-67.56126866673775
1081.5900303268434,-67.55972150486625,-67.55972150486625
1081.6000303268434,-67.55818749026837,-67.55818749026837
1081.6100303268433,-67.55666689165817,-67.55666689165817
1081.6200303268433,-67.55515997240856,-67.55515997240856
1081.6300303268433,-67.55366699063678,-67.55366699063678
1081.6400303268433,-67.55218819927624,-67.55218819927624
1081.6500303268433,-67.55072384613335,-67.55072384613335
1081.6600303268433,-67.54927417400273,-67.54927417400273
1081.6700303268433,-67.54783942070442,-67.54783942070442
1081.6800303268433,-67.54641981915822,-67.54641981915822
1081.6900303268433,-67.54501559747051,-67.54501559747051
1081.7000303268433,-67.54362697899084,-67.54362697899084
1081.7100303268433,-67.54225418239396,-67.54225418239396
1081.7200303268432,-67.54089742174452,-67.54089742174452
1081.7300303268432,-67.53955690655258,-67.53955690655258
1081.7400303268432,-67.5382328418624,-67.5382328418624
1081.7500303268432,-67.53692542829877,-67.53692542829877
1081.7600303268432,-67.53563486214819,-67.53563486214819
1081.7700303268432,-67.53436133541317,-67.53436133541317
1081.7800303268432,-67.53310503587552,-67.53310503587552
1081.7900303268432,-67.5318661471675,-67.5318661471675
1081.8000303268432,-67.53064484884166,-67.53064484884166
1081.8100303268432,-67.52944131639745,-67.52944131639745
1081.8200303268432,-67.5282557213861,-67.5282557213861
1081.8300303268434,-67.52708823144019,-67.52708823144019
1081.8400303268434,-67.52593901035115,-67.52593901035115
1081.8500303268434,-67.52480821810953,-67.52480821810953
1081.8600303268433,-67.52369601097125,-67.52369601097125
1081.8700303268433,-67.52260254152606,-67.52260254152606
1081.8800303268433,-67.5215279587412,-67.5215279587412
1081.8900303268433,-67.52047240801183,-67.52047240801183
1081.9000303268433,-67.51943603123249,-67.51943603123249
1081.9100303268433,-67.51841896683133,-67.51841896683133
1081.9200303268433,-67.51742134983682,-67.51742134983682
1081.9300303268433,-67.5164433119356,-67.5164433119356
1081.9400303268433,-67.5154849814988,-67.5154849814988
1081.9500303268433,-67.51454648365983,-67.51454648365983
1081.9600303268433,-67.51362206985713,-67.51362206985713
1081.9700303268432,-67.51270929898676,-67.51270929898676
1081.9800303268432,-67.5118070509915,-67.5118070509915
1081.9900303268432,-67.51091481609997,-67.51091481609997
1082.0000303268432,-67.51003242332462,-67.51003242332462
1082.0100303268432,-67.5091598992086,-67.5091598992086
1082.0200303268432,-67.5082973849003,-67.5082973849003
1082.0300303268432,-67.50744508626161,-67.50744508626161
1082.0400303268432,-67.50660324385281,-67.50660324385281
1082.0500303506851,-67.5057721129518,-67.5057721129518
1082.060030350685,-67.50495196080935,-67.50495196080935
1082.070030350685,-67.50414304842812,-67.50414304842812
1082.080030350685,-67.50334563502453,-67.50334563502453
1082.090030350685,-67.50255997412755,-67.50255997412755
1082.100030350685,-67.50178631267194,-67.50178631267194
1082.110030350685,-67.50102489069322,-67.50102489069322
1082.120030350685,-67.50027594137384,-67.50027594137384
1082.130030350685,-67.49953969124694,-67.49953969124694
1082.140030350685,-67.49881636052633,-67.49881636052633
1082.150030350685,-67.49810616345101,-67.49810616345101
1082.160030350685,-67.49740930863956,-67.49740930863956
1082.170030350685,-67.4967259994587,-67.4967259994587
1082.1800303506852,-67.49605643429605,-67.49605643429605
1082.1900303506852,-67.4954008068936,-67.4954008068936
1082.2000303506852,-67.49475930656779,-67.49475930656779
1082.2100303506852,-67.49413211845388,-67.49413211845388
1082.2200303506852,-67.49351942371364,-67.49351942371364
1082.2300303506852,-67.49292139969242,-67.49292139969242
1082.2400303506852,-67.49233822009444,-67.49233822009444
1082.2500303506852,-67.49177005509917,-67.49177005509917
1082.2600303506852,-67.49121707149925,-67.49121707149925
1082.2700303506851,-67.49067943279243,-67.49067943279243
1082.2800303506851,-67.49015729927837,-67.49015729927837
1082.2900303506851,-67.48965082812946,-67.48965082812946
1082.3000303506851,-67.48916017347354,-67.48916017347354
1082.310030350685,-67.48868548646458,-67.48868548646458
1082.320030350685,-67.48822691531579,-67.48822691531579
1082.330030350685,-67.48778460536268,-67.48778460536268
1082.340030350685,-67.48735869913133,-67.48735869913133
1082.350030350685,-67.4869493363414,-67.4869493363414
1082.360030350685,-67.48655665397204,-67.48655665397204
1082.370030350685,-67.48618078628299,-67.48618078628299
1082.380030350685,-67.48582186485184,-67.48582186485184
1082.390030350685,-67.4854800186289,-67.4854800186289
1082.400030350685,-67.48515537392244,-67.48515537392244
1082.410030350685,-67.4848480544564,-67.4848480544564
1082.420030350685,-67.48455818138669,-67.48455818138669
1082.4300303506852,-67.48428587334921,-67.48428587334921
1082.4400303506852,-67.48403124643986,-67.48403124643986
1082.4500303506852,-67.48379441428102,-67.48379441428102
1082.4600303506852,-67.48357548802626,-67.48357548802626
1082.4700303506852,-67.4833745763898,-67.4833745763898
1082.4800303506852,-67.48319178565481,-67.48319178565481
1082.4900303506852,-67.48302721972335,-67.48302721972335
1082.5000303506852,-67.48288098011682,-67.48288098011682
1082.5100303506852,-67.48275316600456,-67.48275316600456
1082.5200303506851,-67.48264387423556,-67.48264387423556
1082.5300303506851,-67.48255319933932,-67.48255319933932
1082.5400303506851,-67.48248123356731,-67.48248123356731
1082.5500303506851,-67.48242806691022,-67.48242806691022
1082.560030350685,-67.48239378711321,-67.48239378711321
1082.570030350685,-67.482378479704,-67.482378479704
1082.580030350685,-67.4823822280277,-67.4823822280277
1082.590030350685,-67.4824051132381,-67.4824051132381
1082.600030350685,-67.48244721435348,-67.48244721435348
1082.610030350685,-67.48250860825011,-67.48250860825011
1082.620030350685,-67.48258936970589,-67.48258936970589
1082.630030350685,-67.48268957141002,-67.48268957141002
1082.640030350685,-67.48280928399633,-67.48280928399633
1082.650030350685,-67.48294857604986,-67.48294857604986
1082.660030350685,-67.4831075141518,-67.4831075141518
1082.670030350685,-67.48328616287343,-67.48328616287343
1082.6800303506852,-67.48348458483702,-67.48348458483702
1082.6900303506852,-67.48370284069185,-67.48370284069185
1082.7000303506852,-67.48394098917392,-67.48394098917392
1082.7100303506852,-67.48419321764493,-67.48419321764493
1082.7200303506852,-67.48445702056759,-67.48445702056759
1082.7300303506852,-67.48473121392998,-67.48473121392998
1082.7400303506852,-67.48501522487228,-67.48501522487228
1082.7500303506852,-67.48530882028386,-67.48530882028386
1082.7600303506852,-67.48561196563861,-67.48561196563861
1082.7700303506851,-67.48592474209927,-67.48592474209927
1082.7800303506851,-67.48624729666149,-67.48624729666149
1082.7900303506851,-67.48657981213572,-67.48657981213572
1082.8000303506851,-67.48692248917361,-67.48692248917361
1082.810030350685,-67.48727553551313,-67.48727553551313
1082.820030350685,-67.48763915976748,-67.48763915976748
1082.830030350685,-67.48801356781821,-67.48801356781821
1082.840030350685,-67.48839896092784,-67.48839896092784
1082.850030350685,-67.48879553480526,-67.48879553480526
1082.860030350685,-67.48920347929396,-67.48920347929396
1082.870030350685,-67.48962297835732,-67.48962297835732
1082.880030350685,-67.49005421030657,-67.49005421030657
1082.890030350685,-67.49049734808818,-67.49049734808818
1082.900030374527,-67.49095256070564,-67.49095256070564
1082.910030374527,-67.49142000923129,-67.49142000923129
1082.920030374527,-67.4918998535594,-67.4918998535594
1082.930030374527,-67.49239224847658,-67.49239224847658
1082.940030374527,-67.49289734494536,-67.49289734494536
1082.950030374527,-67.49341529036349,-67.49341529036349
1082.960030374527,-67.4939462287937,-67.4939462287937
1082.970030374527,-67.49449030110925,-67.49449030110925
1082.980030374527,-67.49504764518366,-67.49504764518366
1082.990030374527,-67.4956183960238,-67.4956183960238
1083.000030374527,-67.49620268587303,-67.49620268587303
1083.0100303745269,-67.49680064434708,-67.49680064434708
1083.0200303745269,-67.49741239849902,-67.49741239849902
1083.030030374527,-67.49803807290307,-67.49803807290307
1083.040030374527,-67.49867778973059,-67.49867778973059
1083.050030374527,-67.49933166878434,-67.49933166878434
1083.060030374527,-67.49999982758882,-67.49999982758882
1083.070030374527,-67.50068238139386,-67.50068238139386
1083.080030374527,-67.50137944323768,-67.50137944323768
1083.090030374527,-67.50209112398008,-67.50209112398008
1083.100030374527,-67.5028175323203,-67.5028175323203
1083.110030374527,-67.50355877482916,-67.50355877482916
1083.120030374527,-67.5043149559893,-67.5043149559893
1083.130030374527,-67.50508617819484,-67.50508617819484
1083.140030374527,-67.50587254178072,-67.50587254178072
1083.150030374527,-67.50667414504595,-67.50667414504595
1083.160030374527,-67.50749108426689,-67.50749108426689
1083.170030374527,-67.50832345372679,-67.50832345372679
1083.180030374527,-67.50917134569893,-67.50917134569893
1083.190030374527,-67.51003485049642,-67.51003485049642
1083.200030374527,-67.5109140564721,-67.5109140564721
1083.210030374527,-67.51180905003437,-67.51180905003437
1083.220030374527,-67.51271991566266,-67.51271991566266
1083.230030374527,-67.51364673592838,-67.51364673592838
1083.240030374527,-67.51458959149376,-67.51458959149376
1083.250030374527,-67.515548561131,-67.515548561131
1083.2600303745269,-67.51652372174738,-67.51652372174738
1083.2700303745269,-67.51751514839462,-67.51751514839462
1083.280030374527,-67.51852291426715,-67.51852291426715
1083.290030374527,-67.5195470907484,-67.5195470907484
1083.300030374527,-67.52058774739287,-67.52058774739287
1083.310030374527,-67.52164495195552,-67.52164495195552
1083.320030374527,-67.52271877041858,-67.52271877041858
1083.330030374527,-67.52380926698062,-67.52380926698062
1083.340030374527,-67.52491650408855,-67.52491650408855
1083.350030374527,-67.52604054245411,-67.52604054245411
1083.360030374527,-67.52718144106045,-67.52718144106045
1083.370030374527,-67.52833925718075,-67.52833925718075
1083.380030374527,-67.52951404640632,-67.52951404640632
1083.390030374527,-67.53070586264187,-67.53070586264187
1083.400030374527,-67.53191475813841,-67.53191475813841
1083.410030374527,-67.53314078348178,-67.53314078348178
1083.420030374527,-67.53438398766241,-67.53438398766241
1083.430030374527,-67.53564441804126,-67.53564441804126
1083.440030374527,-67.53692212038501,-67.53692212038501
1083.450030374527,-67.5382171388887,-67.5382171388887
1083.460030374527,-67.5395236403946,-67.5395236403946
1083.470030374527,-67.54083910147936,-67.54083910147936
1083.480030374527,-67.54216232144536,-67.54216232144536
1083.490030374527,-67.54349271143629,-67.54349271143629
1083.500030374527,-67.54483002285964,-67.54483002285964
1083.5100303745269,-67.54617420617657,-67.54617420617657
1083.5200303745269,-67.54752532795452,-67.54752532795452
1083.530030374527,-67.54888352102533,-67.54888352102533
1083.540030374527,-67.55024895444596,-67.55024895444596
1083.550030374527,-67.55162181551478,-67.55162181551478
1083.560030374527,-67.55300229903733,-67.55300229903733
1083.570030374527,-67.55439060108395,-67.55439060108395
1083.580030374527,-67.55578691538709,-67.55578691538709
1083.590030374527,-67.5571914314476,-67.5571914314476
1083.600030374527,-67.55860433359253,-67.55860433359253
1083.610030374527,-67.56002580063202,-67.56002580063202
1083.620030374527,-67.56145600587253,-67.56145600587253
1083.630030374527,-67.56289511730948,-67.56289511730948
1083.640030374527,-67.56434329790815,-67.56434329790815
1083.650030374527,-67.56580070593995,-67.56580070593995
1083.660030374527,-67.56726749530078,-67.56726749530078
1083.670030374527,-67.56874381582456,-67.56874381582456
1083.680030374527,-67.57022981359218,-67.57022981359218
1083.690030374527,-67.57172563115954,-67.57172563115954
1083.700030374527,-67.57323140783117,-67.57323140783117
1083.710030374527,-67.57474727983622,-67.57474727983622
1083.720030374527,-67.57627338051373,-67.57627338051373
1083.730030374527,-67.57780984046582,-67.57780984046582
1083.740030374527,-67.57935678769392,-67.57935678769392
1083.7500303983688,-67.58091435143373,-67.58091435143373
1083.7600303983688,-67.58248264741165,-67.58248264741165
1083.7700303983688,-67.58406180013513,-67.58406180013513
1083.7800303983688,-67.58565192819441,-67.58565192819441
1083.7900303983688,-67.58725314801933,-67.58725314801933
1083.8000303983688,-67.58886557391364,-67.58886557391364
1083.8100303983688,-67.59048931812424,-67.59048931812424
1083.8200303983688,-67.59212449086303,-67.59212449086303
1083.8300303983688,-67.5937712003542,-67.5937712003542
1083.8400303983688,-67.59542955284503,-67.59542955284503
1083.8500303983687,-67.59709965265492,-67.59709965265492
1083.8600303983687,-67.59878160218942,-67.59878160218942
1083.8700303983687,-67.60047550195624,-67.60047550195624
1083.880030398369,-67.6021814505991,-67.6021814505991
1083.890030398369,-67.60385796229149,-67.60385796229149
1083.900030398369,-67.60548757667169,-67.60548757667169
1083.910030398369,-67.60706202580967,-67.60706202580967
1083.920030398369,-67.60857699926954,-67.60857699926954
1083.930030398369,-67.61003019630846,-67.61003019630846
1083.940030398369,-67.61142042672681,-67.61142042672681
1083.9500303983689,-67.61274714158432,-67.61274714158432
1083.9600303983689,-67.61401017433552,-67.61401017433552
1083.9700303983689,-67.61520959446285,-67.61520959446285
1083.9800303983689,-67.61634562382233,-67.61634562382233
1083.9900303983688,-67.61741858845296,-67.61741858845296
1084.0000303983688,-67.61842889054962,-67.61842889054962
1084.0100303983688,-67.61937699186687,-67.61937699186687
1084.0200303983688,-67.62026340355003,-67.62026340355003
1084.0300303983688,-67.62108867959637,-67.62108867959637
1084.0400303983688,-67.62185341226389,-67.62185341226389
1084.0500303983688,-67.622558228583,-67.622558228583
1084.0600303983688,-67.62320378745378,-67.62320378745378
1084.0700303983688,-67.62379077704712,-67.62379077704712
1084.0800303983688,-67.62431991243915,-67.62431991243915
1084.0900303983688,-67.62479193335045,-67.62479193335045
1084.1000303983687,-67.62520760198915,-67.62520760198915
1084.1100303983687,-67.62556770098571,-67.62556770098571
1084.1200303983687,-67.6258730314426,-67.6258730314426
1084.130030398369,-67.62612441108097,-67.62612441108097
1084.140030398369,-67.6263226724572,-67.6263226724572
1084.150030398369,-67.62646866130291,-67.62646866130291
1084.160030398369,-67.62656323497193,-67.62656323497193
1084.170030398369,-67.62660726095977,-67.62660726095977
1084.180030398369,-67.6266016155441,-67.6266016155441
1084.190030398369,-67.62654718249733,-67.62654718249733
1084.2000303983689,-67.62644485188262,-67.62644485188262
1084.2100303983689,-67.6262955189434,-67.6262955189434
1084.2200303983689,-67.6261000830525,-67.6261000830525
1084.2300303983689,-67.62585944674638,-67.62585944674638
1084.2400303983688,-67.62557451482205,-67.62557451482205
1084.2500303983688,-67.62524619347681,-67.62524619347681
1084.2600303983688,-67.62487538954186,-67.62487538954186
1084.2700303983688,-67.6244630097289,-67.6244630097289
1084.2800303983688,-67.6240099599468,-67.6240099599468
1084.2900303983688,-67.62351714467691,-67.62351714467691
1084.3000303983688,-67.62298546634936,-67.62298546634936
1084.3100303983688,-67.62241582481653,-67.62241582481653
1084.3200303983688,-67.6218091168066,-67.6218091168066
1084.3300303983688,-67.6211662354618,-67.6211662354618
1084.3400303983688,-67.62048806986886,-67.62048806986886
1084.3500303983687,-67.61977550464728,-67.61977550464728
1084.3600303983687,-67.61902941956285,-67.61902941956285
1084.3700303983687,-67.61825068916156,-67.61825068916156
1084.380030398369,-67.61744018241446,-67.61744018241446
1084.390030398369,-67.61659876243189,-67.61659876243189
1084.400030398369,-67.61572728613775,-67.61572728613775
1084.410030398369,-67.61482660403617,-67.61482660403617
1084.420030398369,-67.61389755993035,-67.61389755993035
1084.430030398369,-67.61294099071664,-67.61294099071664
1084.440030398369,-67.61195772615453,-67.61195772615453
1084.4500303983689,-67.61094858868742,-67.61094858868742
1084.4600303983689,-67.60991439323584,-67.60991439323584
1084.4700303983689,-67.60885594707193,-67.60885594707193
1084.4800303983689,-67.60777404964671,-67.60777404964671
1084.4900303983688,-67.60666949244752,-67.60666949244752
1084.5000303983688,-67.60554305890257,-67.60554305890257
1084.5100303983688,-67.60439552424742,-67.60439552424742
1084.5200303983688,-67.60322765543283,-67.60322765543283
1084.5300303983688,-67.60204021105379,-67.60204021105379
1084.5400303983688,-67.60083394123467,-67.60083394123467
1084.5500303983688,-67.59960958761486,-67.59960958761486
1084.5600303983688,-67.59836788322923,-67.59836788322923
1084.5700303983688,-67.597109552523,-67.597109552523
1084.5800303983688,-67.59583531126522,-67.59583531126522
1084.5900303983688,-67.59454586654122,-67.59454586654122
1084.6000304222107,-67.59324191360157,-67.59324191360157
1084.6100304222107,-67.59192414824415,-67.59192414824415
1084.6200304222107,-67.59059324830756,-67.59059324830756
1084.6300304222107,-67.58924988591384,-67.58924988591384
1084.6400304222107,-67.58789472443961,-67.58789472443961
1084.6500304222106,-67.58652841853029,-67.58652841853029
1084.6600304222106,-67.58515161408862,-67.58515161408862
1084.6700304222106,-67.58376494831245,-67.58376494831245
1084.6800304222106,-67.58236904970688,-67.58236904970688
1084.6900304222106,-67.58096453810201,-67.58096453810201
1084.7000304222106,-67.57955202470033,-67.57955202470033
1084.7100304222106,-67.57813211210473,-67.57813211210473
1084.7200304222106,-67.5767053943554,-67.5767053943554
1084.7300304222108,-67.575272456967,-67.575272456967
1084.7400304222108,-67.57383387697838,-67.57383387697838
1084.7500304222108,-67.57239022299166,-67.57239022299166
1084.7600304222108,-67.57094205524781,-67.57094205524781
1084.7700304222108,-67.56948992564607,-67.56948992564607
1084.7800304222108,-67.56803437782477,-67.56803437782477
1084.7900304222107,-67.56657594720339,-67.56657594720339
1084.8000304222107,-67.56511516104996,-67.56511516104996
1084.8100304222107,-67.5636525385365,-67.5636525385365
1084.8200304222107,-67.56218859082449,-67.56218859082449
1084.8300304222107,-67.56072382109875,-67.56072382109875
1084.8400304222107,-67.55925872465431,-67.55925872465431
1084.8500304222107,-67.55779378895919,-67.55779378895919
1084.8600304222107,-67.5563294937262,-67.5563294937262
1084.8700304222107,-67.55486631096589,-67.55486631096589
1084.8800304222107,-67.55340470509138,-67.55340470509138
1084.8900304222107,-67.5519451329844,-67.5519451329844
1084.9000304222106,-67.5504880440288,-67.5504880440288
1084.9100304222106,-67.54903388023583,-67.54903388023583
1084.9200304222106,-67.54758307628354,-67.54758307628354
1084.9300304222106,-67.54613605961819,-67.54613605961819
1084.9400304222106,-67.5446932505182,-67.5446932505182
1084.9500304222106,-67.54325506216097,-67.54325506216097
1084.9600304222106,-67.54182190072156,-67.54182190072156
1084.9700304222106,-67.54039416543453,-67.54039416543453
1084.9800304222108,-67.53897224866873,-67.53897224866873
1084.9900304222108,-67.53755653602775,-67.53755653602775
1085.0000304222108,-67.53614740639583,-67.53614740639583
1085.0100304222108,-67.53474523203838,-67.53474523203838
1085.0200304222108,-67.53335037867244,-67.53335037867244
1085.0300304222108,-67.53193520528758,-67.53193520528758
1085.0400304222107,-67.53048419361693,-67.53048419361693
1085.0500304222107,-67.52898880199393,-67.52898880199393
1085.0600304222107,-67.52744384772409,-67.52744384772409
1085.0700304222107,-67.52584590189723,-67.52584590189723
1085.0800304222107,-67.52419256519242,-67.52419256519242
1085.0900304222107,-67.52248211954831,-67.52248211954831
1085.1000304222107,-67.52071334560796,-67.52071334560796
1085.1100304222107,-67.5188854158315,-67.5188854158315
1085.1200304222107,-67.51699782386869,-67.51699782386869
1085.1300304222107,-67.51505033261775,-67.51505033261775
1085.1400304222107,-67.51304293310186,-67.51304293310186
1085.1500304222106,-67.51097581027956,-67.51097581027956
1085.1600304222106,-67.50884931402386,-67.50884931402386
1085.1700304222106,-67.50666393415122,-67.50666393415122
1085.1800304222106,-67.5044202788896,-67.5044202788896
1085.1900304222106,-67.5021190562447,-67.5021190562447
1085.2000304222106,-67.49976105791923,-67.49976105791923
1085.2100304222106,-67.49734127770184,-67.49734127770184
1085.2200304222106,-67.494858078013,-67.494858078013
1085.2300304222108,-67.49231119253506,-67.49231119253506
1085.2400304222108,-67.48970100653116,-67.48970100653116
1085.2500304222108,-67.48702827779921,-67.48702827779921
1085.2600304222108,-67.48429398896592,-67.48429398896592
1085.2700304222108,-67.4814992590205,-67.4814992590205
1085.2800304222108,-67.47864528861778,-67.47864528861778
1085.2900304222107,-67.47573332595599,-67.47573332595599
1085.3000304222107,-67.47276464522501,-67.47276464522501
1085.3100304222107,-67.46974053285466,-67.46974053285466
1085.3200304222107,-67.46666227862275,-67.46666227862275
1085.3300304222107,-67.46353116987274,-67.46353116987274
1085.3400304222107,-67.46034848766878,-67.46034848766878
1085.3500304222107,-67.45711550425025,-67.45711550425025
1085.3600304222107,-67.45383348129938,-67.45383348129938
1085.3700304222107,-67.45050366874727,-67.45050366874727
1085.3800304222107,-67.4471273039809,-67.4471273039809
1085.3900304222107,-67.44370561128333,-67.44370561128333
1085.4000304222106,-67.44023980142103,-67.44023980142103
1085.4100304222106,-67.43673107139318,-67.43673107139318
1085.4200304222106,-67.43318060423098,-67.43318060423098
1085.4300304222106,-67.42958956888735,-67.42958956888735
1085.4400304222106,-67.42595912014174,-67.42595912014174
1085.4500304460526,-67.4222903898199,-67.4222903898199
1085.4600304460525,-67.4185845216438,-67.4185845216438
1085.4700304460525,-67.41484261912775,-67.41484261912775
1085.4800304460525,-67.41106578020381,-67.41106578020381
1085.4900304460525,-67.40725508864917,-67.40725508864917
1085.5000304460525,-67.40341161412967,-67.40341161412967
1085.5100304460525,-67.39953641229772,-67.39953641229772
1085.5200304460525,-67.39563052482526,-67.39563052482526
1085.5300304460525,-67.3916949795195,-67.3916949795195
1085.5400304460525,-67.38773079038663,-67.38773079038663
1085.5500304460525,-67.38373895772786,-67.38373895772786
1085.5600304460525,-67.37972046827375,-67.37972046827375
1085.5700304460524,-67.37567629525984,-67.37567629525984
1085.5800304460527,-67.37160739853455,-67.37160739853455
1085.5900304460527,-67.36751472469604,-67.36751472469604
1085.6000304460526,-67.36339920721196,-67.36339920721196
1085.6100304460526,-67.35926176649959,-67.35926176649959
1085.6200304460526,-67.35510331009743,-67.35510331009743
1085.6300304460526,-67.35092473276592,-67.35092473276592
1085.6400304460526,-67.34672691661424,-67.34672691661424
1085.6500304460526,-67.34251073124581,-67.34251073124581
1085.6600304460526,-67.33827703384934,-67.33827703384934
1085.6700304460526,-67.33402666938406,-67.33402666938406
1085.6800304460526,-67.32976047065759,-67.32976047065759
1085.6900304460526,-67.32547925849305,-67.32547925849305
1085.7000304460526,-67.32118384183677,-67.32118384183677
1085.7100304460525,-67.31686916720619,-67.31686916720619
1085.7200304460525,-67.31253347019657,-67.31253347019657
1085.7300304460525,-67.30817629515349,-67.30817629515349
1085.7400304460525,-67.30379778659626,-67.30379778659626
1085.7500304460525,-67.29939841855472,-67.29939841855472
1085.7600304460525,-67.2949788538558,-67.2949788538558
1085.7700304460525,-67.29053174736526,-67.29053174736526
1085.7800304460525,-67.28604851896993,-67.28604851896993
1085.7900304460525,-67.28152191926034,-67.28152191926034
1085.8000304460525,-67.27694624740394,-67.27694624740394
1085.8100304460525,-67.27231702441243,-67.27231702441243
1085.8200304460524,-67.26763067558106,-67.26763067558106
1085.8300304460527,-67.26288431132625,-67.26288431132625
1085.8400304460527,-67.25807558582666,-67.25807558582666
1085.8500304460526,-67.25320260353563,-67.25320260353563
1085.8600304460526,-67.2482638530377,-67.2482638530377
1085.8700304460526,-67.24325815659797,-67.24325815659797
1085.8800304460526,-67.2381846292162,-67.2381846292162
1085.8900304460526,-67.23304264398487,-67.23304264398487
1085.9000304460526,-67.22783180203038,-67.22783180203038
1085.9100304460526,-67.2225519061079,-67.2225519061079
1085.9200304460526,-67.2172029372719,-67.2172029372719
1085.9300304460526,-67.211785034197,-67.211785034197
1085.9400304460526,-67.20629847485749,-67.20629847485749
1085.9500304460526,-67.20074366027332,-67.20074366027332
1085.9600304460525,-67.19512110010086,-67.19512110010086
1085.9700304460525,-67.18943139986894,-67.18943139986894
1085.9800304460525,-67.18367524964835,-67.18367524964835
1085.9900304460525,-67.17785341400011,-67.17785341400011
1086.0000304460525,-67.1719667230415,-67.1719667230415
1086.0100304460525,-67.1660160645331,-67.1660160645331
1086.0200304460525,-67.16000237681297,-67.16000237681297
1086.0300304460525,-67.15392664249434,-67.15392664249434
1086.0400304460525,-67.14778988287783,-67.14778988287783
1086.0500304460525,-67.14159315291934,-67.14159315291934
1086.0600304460525,-67.13533753677578,-67.13533753677578
1086.0700304460524,-67.12902414373985,-67.12902414373985
1086.0800304460527,-67.12265410468699,-67.12265410468699
1086.0900304460527,-67.11622856879862,-67.11622856879862
1086.1000304460526,-67.10974870066332,-67.10974870066332
1086.1100304460526,-67.10321567764727,-67.10321567764727
1086.1200304460526,-67.09663068750245,-67.09663068750245
1086.1300304460526,-67.08999492626306,-67.08999492626306
1086.1400304460526,-67.08330959627554,-67.08330959627554
1086.1500304460526,-67.07657590445159,-67.07657590445159
1086.1600304460526,-67.06979506066912,-67.06979506066912
1086.1700304460526,-67.06296827634789,-67.06296827634789
1086.1800304460526,-67.05609676312113,-67.05609676312113
1086.1900304460526,-67.04918173163671,-67.04918173163671
1086.2000304460526,-67.04222439048728,-67.04222439048728
1086.2100304460525,-67.03522594522147,-67.03522594522147
1086.2200304460525,-67.02818759742567,-67.02818759742567
1086.2300304460525,-67.02111054393214,-67.02111054393214
1086.2400304460525,-67.01399597606326,-67.01399597606326
1086.2500304460525,-67.00684507895055,-67.00684507895055
1086.2600304460525,-66.99965903091758,-66.99965903091758
1086.2700304460525,-66.99243900291673,-66.99243900291673
1086.2800304460525,-66.9851861580229,-66.9851861580229
1086.2900304460525,-66.97790165097312,-66.97790165097312
1086.3000304698944,-66.97058661030304,-66.97058661030304
1086.3100304698944,-66.96324220761713,-66.96324220761713
1086.3200304698944,-66.9558695528918,-66.9558695528918
1086.3300304698944,-66.94846976364113,-66.94846976364113
1086.3400304698944,-66.94104394730256,-66.94104394730256
1086.3500304698944,-66.93359320097409,-66.93359320097409
1086.3600304698944,-66.9261186111861,-66.9261186111861
1086.3700304698943,-66.91862125368804,-66.91862125368804
1086.3800304698943,-66.91110219329542,-66.91110219329542
1086.3900304698943,-66.9035624837082,-66.9035624837082
1086.4000304698943,-66.89600316738024,-66.89600316738024
1086.4100304698943,-66.88842527539687,-66.88842527539687
1086.4200304698943,-66.88082982738008,-66.88082982738008
1086.4300304698945,-66.8732178313695,-66.8732178313695
1086.4400304698945,-66.86559028378385,-66.86559028378385
1086.4500304698945,-66.85794816933783,-66.85794816933783
1086.4600304698945,-66.8502924610058,-66.8502924610058
1086.4700304698945,-66.84262411996399,-66.84262411996399
1086.4800304698945,-66.83494409559334,-66.83494409559334
1086.4900304698945,-66.82725332543708,-66.82725332543708
1086.5000304698945,-66.8195527352099,-66.8195527352099
1086.5100304698944,-66.81184323879488,-66.81184323879488
1086.5200304698944,-66.80412573826186,-66.80412573826186
1086.5300304698944,-66.79640112386315,-66.79640112386315
1086.5400304698944,-66.78867027408768,-66.78867027408768
1086.5500304698944,-66.78093405566777,-66.78093405566777
1086.5600304698944,-66.77319332362906,-66.77319332362906
1086.5700304698944,-66.7654489213334,-66.7654489213334
1086.5800304698944,-66.75770168052554,-66.75770168052554
1086.5900304698944,-66.74995242138218,-66.74995242138218
1086.6000304698944,-66.7422019525786,-66.7422019525786
1086.6100304698944,-66.73445107135426,-66.73445107135426
1086.6200304698943,-66.72670056355244,-66.72670056355244
1086.6300304698943,-66.71895120372443,-66.71895120372443
1086.6400304698943,-66.71120375517893,-66.71120375517893
1086.6500304698943,-66.70345897007513,-66.70345897007513
1086.6600304698943,-66.69571758949037,-66.69571758949037
1086.6700304698943,-66.68798034349932,-66.68798034349932
1086.6800304698945,-66.68024795126888,-66.68024795126888
1086.6900304698945,-66.67252112113383,-66.67252112113383
1086.7000304698945,-66.66480055069863,-66.66480055069863
1086.7100304698945,-66.65708692691447,-66.65708692691447
1086.7200304698945,-66.64938092618988,-66.64938092618988
1086.7300304698945,-66.64168321444123,-66.64168321444123
1086.7400304698945,-66.63399444724273,-66.63399444724273
1086.7500304698945,-66.62631526988869,-66.62631526988869
1086.7600304698944,-66.6186463174974,-66.6186463174974
1086.7700304698944,-66.61098821510807,-66.61098821510807
1086.7800304698944,-66.60334157778392,-66.60334157778392
1086.7900304698944,-66.59570701070717,-66.59570701070717
1086.8000304698944,-66.58808510928445,-66.58808510928445
1086.8100304698944,-66.58047645924191,-66.58047645924191
1086.8200304698944,-66.57288163672558,-66.57288163672558
1086.8300304698944,-66.56530120840893,-66.56530120840893
1086.8400304698944,-66.55773573158584,-66.55773573158584
1086.8500304698944,-66.55018575428802,-66.55018575428802
1086.8600304698944,-66.54265181536768,-66.54265181536768
1086.8700304698943,-66.53513444460839,-66.53513444460839
1086.8800304698943,-66.52763416283295,-66.52763416283295
1086.8900304698943,-66.52015148198471,-66.52015148198471
1086.9000304698943,-66.51268690525927,-66.51268690525927
1086.9100304698943,-66.50524092718425,-66.50524092718425
1086.9200304698943,-66.4978060699433,-66.4978060699433
1086.9300304698945,-66.49037359717197,-66.49037359717197
1086.9400304698945,-66.48293605726384,-66.48293605726384
1086.9500304698945,-66.4754875079436,-66.4754875079436
1086.9600304698945,-66.46802320180127,-66.46802320180127
1086.9700304698945,-66.46053927861232,-66.46053927861232
1086.9800304698945,-66.45303255271398,-66.45303255271398
1086.9900304698945,-66.44550037563464,-66.44550037563464
1087.0000304698945,-66.43794054492467,-66.43794054492467
1087.0100304698944,-66.43035123940318,-66.43035123940318
1087.0200304698944,-66.42273096953909,-66.42273096953909
1087.0300304698944,-66.41507853702016,-66.41507853702016
1087.0400304698944,-66.40739300047291,-66.40739300047291
1087.0500304698944,-66.39967364564451,-66.39967364564451
1087.0600304698944,-66.39191995921806,-66.39191995921806
1087.0700304698944,-66.38413160566279,-66.38413160566279
1087.0800304698944,-66.3763084067201,-66.3763084067201
1087.0900304698944,-66.36845032322444,-66.36845032322444
1087.1000304698944,-66.36055743902031,-66.36055743902031
1087.1100304698944,-66.35262994668838,-66.35262994668838
1087.1200304698943,-66.34466813493337,-66.34466813493337
1087.1300304698943,-66.33667237736107,-66.33667237736107
1087.1400304698943,-66.32864312258046,-66.32864312258046
1087.1500304937363,-66.32058086619638,-66.32058086619638
1087.1600304937363,-66.31248621974386,-66.31248621974386
1087.1700304937362,-66.3043597887051,-66.3043597887051
1087.1800304937362,-66.29620224299192,-66.29620224299192
1087.1900304937362,-66.28801429224275,-66.28801429224275
1087.2000304937362,-66.27979668096147,-66.27979668096147
1087.2100304937362,-66.27155018407228,-66.27155018407228
1087.2200304937362,-66.26327560303332,-66.26327560303332
1087.2300304937362,-66.25497376228343,-66.25497376228343
1087.2400304937362,-66.2466455060974,-66.2466455060974
1087.2500304937362,-66.2382916957365,-66.2382916957365
1087.2600304937362,-66.2299132068911,-66.2299132068911
1087.2700304937362,-66.22151092736358,-66.22151092736358
1087.2800304937364,-66.21308575499087,-66.21308575499087
1087.2900304937364,-66.20463859576552,-66.20463859576552
1087.3000304937364,-66.19617036211879,-66.19617036211879
1087.3100304937363,-66.18768197139785,-66.18768197139785
1087.3200304937363,-66.17917434443308,-66.17917434443308
1087.3300304937363,-66.17064840430588,-66.17064840430588
1087.3400304937363,-66.16210507515484,-66.16210507515484
1087.3500304937363,-66.15354528115505,-66.15354528115505
1087.3600304937363,-66.14496994556733,-66.14496994556733
1087.3700304937363,-66.13637998982855,-66.13637998982855
1087.3800304937363,-66.12777633281186,-66.12777633281186
1087.3900304937363,-66.11915989007122,-66.11915989007122
1087.4000304937363,-66.11053157319859,-66.11053157319859
1087.4100304937363,-66.10189228921921,-66.10189228921921
1087.4200304937362,-66.09324294006554,-66.09324294006554
1087.4300304937362,-66.08458442207947,-66.08458442207947
1087.4400304937362,-66.07591762552396,-66.07591762552396
1087.4500304937362,-66.06724343422128,-66.06724343422128
1087.4600304937362,-66.05856272517059,-66.05856272517059
1087.4700304937362,-66.04987636819442,-66.04987636819442
1087.4800304937362,-66.0411852256535,-66.0411852256535
1087.4900304937362,-66.03249015215567,-66.03249015215567
1087.5000304937362,-66.02379199431141,-66.02379199431141
1087.5100304937362,-66.01509159051668,-66.01509159051668
1087.5200304937362,-66.00638977075249,-66.00638977075249
1087.5300304937364,-65.99768735640566,-65.99768735640566
1087.5400304937364,-65.98898516008938,-65.98898516008938
1087.5500304937364,-65.98028398553278,-65.98028398553278
1087.5600304937363,-65.9715846274426,-65.9715846274426
1087.5700304937363,-65.96288787139946,-65.96288787139946
1087.5800304937363,-65.9541944937496,-65.9541944937496
1087.5900304937363,-65.94550526154082,-65.94550526154082
1087.6000304937363,-65.93682093245263,-65.93682093245263
1087.6100304937363,-65.92814225472763,-65.92814225472763
1087.6200304937363,-65.91946996714876,-65.91946996714876
1087.6300304937363,-65.91080479898523,-65.91080479898523
1087.6400304937363,-65.90214746997641,-65.90214746997641
1087.6500304937363,-65.89349869031103,-65.89349869031103
1087.6600304937363,-65.88485916061622,-65.88485916061622
1087.6700304937362,-65.87622957197375,-65.87622957197375
1087.6800304937362,-65.86761060589942,-65.86761060589942
1087.6900304937362,-65.85900293437933,-65.85900293437933
1087.7000304937362,-65.85040721986692,-65.85040721986692
1087.7100304937362,-65.84182411533466,-65.84182411533466
1087.7200304937362,-65.83325426427596,-65.83325426427596
1087.7300304937362,-65.8246983007596,-65.8246983007596
1087.7400304937362,-65.81615684945189,-65.81615684945189
1087.7500304937362,-65.8076305256836,-65.8076305256836
1087.7600304937362,-65.79911993547228,-65.79911993547228
1087.7700304937362,-65.79062567558267,-65.79062567558267
1087.7800304937364,-65.78214833358972,-65.78214833358972
1087.7900304937364,-65.77368848792403,-65.77368848792403
1087.8000304937364,-65.76524670793822,-65.76524670793822
1087.8100304937363,-65.75682355396984,-65.75682355396984
1087.8200304937363,-65.74841957739847,-65.74841957739847
1087.8300304937363,-65.74003532071583,-65.74003532071583
1087.8400304937363,-65.73167131761134,-65.73167131761134
1087.8500304937363,-65.72332809302624,-65.72332809302624
1087.8600304937363,-65.71500616322166,-65.71500616322166
1087.8700304937363,-65.70670603586737,-65.70670603586737
1087.8800304937363,-65.69842821012267,-65.69842821012267
1087.8900304937363,-65.69017317669227,-65.69017317669227
1087.9000304937363,-65.6819414179238,-65.6819414179238
1087.9100304937363,-65.67373340787685,-65.67373340787685
1087.9200304937362,-65.66554961239615,-65.66554961239615
1087.9300304937362,-65.65739048922043,-65.65739048922043
1087.9400304937362,-65.6492564880332,-65.6492564880332
1087.9500304937362,-65.64114805056143,-65.64114805056143
1087.9600304937362,-65.63306561065347,-65.63306561065347
1087.9700304937362,-65.62500959436949,-65.62500959436949
1087.9800304937362,-65.61698042005267,-65.61698042005267
1087.9900304937362,-65.60897849842469,-65.60897849842469
1088.0000305175781,-65.60100421366326,-65.60100421366326
1088.0100305175781,-65.59305799957498,-65.59305799957498
1088.020030517578,-65.58514022540278,-65.58514022540278
1088.030030517578,-65.57725127220297,-65.57725127220297
1088.040030517578,-65.5693915138332,-65.5693915138332
1088.050030517578,-65.5615613170172,-65.5615613170172
1088.060030517578,-65.55376104145171,-65.55376104145171
1088.070030517578,-65.54599103986222,-65.54599103986222
1088.080030517578,-65.53825165811281,-65.53825165811281
1088.090030517578,-65.53054323528866,-65.53054323528866
1088.100030517578,-65.52286610375401,-65.52286610375401
1088.110030517578,-65.51522058926095,-65.51522058926095
1088.120030517578,-65.50760701101242,-65.50760701101242
1088.1300305175782,-65.50002568176937,-65.50002568176937
1088.1400305175782,-65.49247690789619,-65.49247690789619
1088.1500305175782,-65.48496098947716,-65.48496098947716
1088.1600305175782,-65.47747822036936,-65.47747822036936
1088.1700305175782,-65.47002888829158,-65.47002888829158
1088.1800305175782,-65.46261327491962,-65.46261327491962
1088.1900305175782,-65.45523165593642,-65.45523165593642
1088.2000305175782,-65.44788430113378,-65.44788430113378
1088.2100305175782,-65.44057147447359,-65.44057147447359
1088.2200305175782,-65.43329343417196,-65.43329343417196
1088.2300305175781,-65.42605043277993,-65.42605043277993
1088.2400305175781,-65.41884271724548,-65.41884271724548
1088.2500305175781,-65.41167052900953,-65.41167052900953
1088.2600305175781,-65.40453410405487,-65.40453410405487
1088.270030517578,-65.39743367300179,-65.39743367300179
1088.280030517578,-65.39036946117459,-65.39036946117459
1088.290030517578,-65.3833416886552,-65.3833416886552
1088.300030517578,-65.37635057038109,-65.37635057038109
1088.310030517578,-65.3693963162073,-65.3693963162073
1088.320030517578,-65.36247913096557,-65.36247913096557
1088.330030517578,-65.35559921455611,-65.35559921455611
1088.340030517578,-65.3487567619916,-65.3487567619916
1088.350030517578,-65.34195196347571,-65.34195196347571
1088.360030517578,-65.33518500448126,-65.33518500448126
1088.370030517578,-65.32845606580432,-65.32845606580432
1088.3800305175782,-65.32176532361721,-65.32176532361721
1088.3900305175782,-65.31511294957392,-65.31511294957392
1088.4000305175782,-65.30849911082741,-65.30849911082741
1088.4100305175782,-65.30192397013303,-65.30192397013303
1088.4200305175782,-65.29538768586556,-65.29538768586556
1088.4300305175782,-65.28889041213793,-65.28889041213793
1088.4400305175782,-65.28243229881956,-65.28243229881956
1088.4500305175782,-65.27601349161888,-65.27601349161888
1088.4600305175782,-65.26963413212336,-65.26963413212336
1088.4700305175782,-65.26329435788686,-65.26329435788686
1088.4800305175781,-65.25699430245965,-65.25699430245965
1088.4900305175781,-65.25073409546168,-65.25073409546168
1088.5000305175781,-65.24451386264528,-65.24451386264528
1088.5100305175781,-65.23833372593319,-65.23833372593319
1088.520030517578,-65.23219380349285,-65.23219380349285
1088.530030517578,-65.22609420977038,-65.22609420977038
1088.540030517578,-65.22003505558153,-65.22003505558153
1088.550030517578,-65.21401644811534,-65.21401644811534
1088.560030517578,-65.20803849102796,-65.20803849102796
1088.570030517578,-65.20210128447698,-65.20210128447698
1088.580030517578,-65.19620492517502,-65.19620492517502
1088.590030517578,-65.1903495064454,-65.1903495064454
1088.600030517578,-65.18453511826382,-65.18453511826382
1088.610030517578,-65.17876184732434,-65.17876184732434
1088.620030517578,-65.17302977707034,-65.17302977707034
1088.6300305175782,-65.16733898774582,-65.16733898774582
1088.6400305175782,-65.16168955644522,-65.16168955644522
1088.6500305175782,-65.15608155718043,-65.15608155718043
1088.6600305175782,-65.15051506089199,-65.15051506089199
1088.6700305175782,-65.14499013552393,-65.14499013552393
1088.6800305175782,-65.13950684604193,-65.13950684604193
1088.6900305175782,-65.13406525450561,-65.13406525450561
1088.7000305175782,-65.12866542011014,-65.12866542011014
1088.7100305175782,-65.12330739920034,-65.12330739920034
1088.7200305175782,-65.11799124534072,-65.11799124534072
1088.7300305175781,-65.11271700935015,-65.11271700935015
1088.7400305175781,-65.10748473934986,-65.10748473934986
1088.7500305175781,-65.10229448079262,-65.10229448079262
1088.7600305175781,-65.09714627651154,-65.09714627651154
1088.770030517578,-65.0920401667476,-65.0920401667476
1088.780030517578,-65.08697618921347,-65.08697618921347
1088.790030517578,-65.0819543791153,-65.0819543791153
1088.800030517578,-65.07697476918702,-65.07697476918702
1088.810030517578,-65.07203738974276,-65.07203738974276
1088.820030517578,-65.06714226870017,-65.06714226870017
1088.830030517578,-65.06228943163374,-65.06228943163374
1088.840030517578,-65.05747890178068,-65.05747890178068
1088.85003054142,-65.05271068876883,-65.05271068876883
1088.86003054142,-65.04798483414828,-65.04798483414828
1088.87003054142,-65.04330134294784,-65.04330134294784
1088.88003054142,-65.0386602295091,-65.0386602295091
1088.89003054142,-65.03406150602078,-65.03406150602078
1088.90003054142,-65.02950518256783,-65.02950518256783
1088.91003054142,-65.0249912671606,-65.0249912671606
1088.92003054142,-65.02051976575989,-65.02051976575989
1088.93003054142,-65.01609068232251,-65.01609068232251
1088.94003054142,-65.01170401881744,-65.01170401881744
1088.95003054142,-65.00735977525969,-65.00735977525969
1088.9600305414199,-65.0030579497519,-65.0030579497519
1088.9700305414199,-64.99879853850271,-64.99879853850271
1088.98003054142,-64.99458153587815,-64.99458153587815
1088.99003054142,-64.99040693438819,-64.99040693438819
1089.00003054142,-64.98627472477155,-64.98627472477155
1089.01003054142,-64.98218489596739,-64.98218489596739
1089.02003054142,-64.97813743518388,-64.97813743518388
1089.03003054142,-64.97413232791693,-64.97413232791693
1089.04003054142,-64.97016955796555,-64.97016955796555
1089.05003054142,-64.9662491074704,-64.9662491074704
1089.06003054142,-64.96237095693725,-64.96237095693725
1089.07003054142,-64.9585350852595,-64.9585350852595
1089.08003054142,-64.9547414697542,-64.9547414697542
1089.09003054142,-64.95099008616911,-64.95099008616911
1089.10003054142,-64.94728090873075,-64.94728090873075
1089.11003054142,-64.94361391015032,-64.94361391015032
1089.12003054142,-64.93998906165541,-64.93998906165541
1089.13003054142,-64.93640633302302,-64.93640633302302
1089.14003054142,-64.93286569258348,-64.93286569258348
1089.15003054142,-64.92936710725532,-64.92936710725532
1089.16003054142,-64.9259105425734,-64.9259105425734
1089.17003054142,-64.92249596270202,-64.92249596270202
1089.18003054142,-64.9191233304642,-64.9191233304642
1089.19003054142,-64.91579260735558,-64.91579260735558
1089.20003054142,-64.91250375357365,-64.91250375357365
1089.2100305414199,-64.90925672803922,-64.90925672803922
1089.2200305414199,-64.90605148841266,-64.90605148841266
1089.23003054142,-64.90288799111887,-64.90288799111887
1089.24003054142,-64.89976619135733,-64.89976619135733
1089.25003054142,-64.89668604314352,-64.89668604314352
1089.26003054142,-64.89364749931106,-64.89364749931106
1089.27003054142,-64.89065051153636,-64.89065051153636
1089.28003054142,-64.88769503036004,-64.88769503036004
1089.29003054142,-64.88478100519819,-64.88478100519819
1089.30003054142,-64.88190838437507,-64.88190838437507
1089.31003054142,-64.8790771151311,-64.8790771151311
1089.32003054142,-64.87628714364816,-64.87628714364816
1089.33003054142,-64.87353841505285,-64.87353841505285
1089.34003054142,-64.8708308734592,-64.8708308734592
1089.35003054142,-64.86816446196357,-64.86816446196357
1089.36003054142,-64.86553912267118,-64.86553912267118
1089.37003054142,-64.86295479671543,-64.86295479671543
1089.38003054142,-64.86041142426795,-64.86041142426795
1089.39003054142,-64.8579089445647,-64.8579089445647
1089.40003054142,-64.85544729591457,-64.85544729591457
1089.41003054142,-64.85302641571576,-64.85302641571576
1089.42003054142,-64.85064624047418,-64.85064624047418
1089.43003054142,-64.84830670581401,-64.84830670581401
1089.44003054142,-64.84600774650598,-64.84600774650598
1089.45003054142,-64.84371958785867,-64.84371958785867
1089.4600305414199,-64.84143408398042,-64.84143408398042
1089.4700305414199,-64.839146607194,-64.839146607194
1089.48003054142,-64.83685314243714,-64.83685314243714
1089.49003054142,-64.8345499953571,-64.8345499953571
1089.50003054142,-64.83223381672212,-64.83223381672212
1089.51003054142,-64.82990163453273,-64.82990163453273
1089.52003054142,-64.82755086304293,-64.82755086304293
1089.53003054142,-64.82517929274496,-64.82517929274496
1089.54003054142,-64.82278506831186,-64.82278506831186
1089.55003054142,-64.82036666001132,-64.82036666001132
1089.56003054142,-64.81792283248585,-64.81792283248585
1089.57003054142,-64.81545261338775,-64.81545261338775
1089.58003054142,-64.81295526347431,-64.81295526347431
1089.59003054142,-64.81043024880776,-64.81043024880776
1089.60003054142,-64.80787721557829,-64.80787721557829
1089.61003054142,-64.80529596753358,-64.80529596753358
1089.62003054142,-64.80268644592745,-64.80268644592745
1089.63003054142,-64.80004871184573,-64.80004871184573
1089.64003054142,-64.7973829306548,-64.7973829306548
1089.65003054142,-64.79468935837579,-64.79468935837579
1089.66003054142,-64.7919683297224,-64.7919683297224
1089.67003054142,-64.78922024765095,-64.78922024765095
1089.68003054142,-64.78644557417945,-64.78644557417945
1089.69003054142,-64.78364482236431,-64.78364482236431
1089.7000305652618,-64.78081854251586,-64.78081854251586
1089.7100305652618,-64.77796734281384,-64.77796734281384
1089.7200305652618,-64.77509184382957,-64.77509184382957
1089.7300305652618,-64.77219270024959,-64.77219270024959
1089.7400305652618,-64.7692705901135,-64.7692705901135
1089.7500305652618,-64.76632621106117,-64.76632621106117
1089.7600305652618,-64.76336027704,-64.76336027704
1089.7700305652618,-64.76037351538324,-64.76037351538324
1089.7800305652618,-64.75736666425189,-64.75736666425189
1089.7900305652618,-64.75434047031854,-64.75434047031854
1089.8000305652617,-64.75129568678285,-64.75129568678285
1089.8100305652617,-64.74823307153773,-64.74823307153773
1089.8200305652617,-64.74515338560232,-64.74515338560232
1089.830030565262,-64.74205739169768,-64.74205739169768
1089.840030565262,-64.73894585299229,-64.73894585299229
1089.850030565262,-64.73581953198519,-64.73581953198519
1089.860030565262,-64.73267918951238,-64.73267918951238
1089.870030565262,-64.72952558387995,-64.72952558387995
1089.880030565262,-64.72635947006796,-64.72635947006796
1089.890030565262,-64.72318159904508,-64.72318159904508
1089.9000305652619,-64.7199927171654,-64.7199927171654
1089.9100305652619,-64.71679356561627,-64.71679356561627
1089.9200305652619,-64.71358487994819,-64.71358487994819
1089.9300305652619,-64.71036738964415,-64.71036738964415
1089.9400305652618,-64.7071418177503,-64.7071418177503
1089.9500305652618,-64.70390888056656,-64.70390888056656
1089.9600305652618,-64.70066365711747,-64.70066365711747
1089.9700305652618,-64.69740438632333,-64.69740438632333
1089.9800305652618,-64.69413057063021,-64.69413057063021
1089.9900305652618,-64.690842295729,-64.690842295729
1090.0000305652618,-64.68753996964203,-64.68753996964203
1090.0100305652618,-64.68422418646075,-64.68422418646075
1090.0200305652618,-64.68089564608378,-64.68089564608378
1090.0300305652618,-64.67755510584779,-64.67755510584779
1090.0400305652618,-64.6742033512763,-64.6742033512763
1090.0500305652617,-64.6708411785003,-64.6708411785003
1090.0600305652617,-64.6674693837567,-64.6674693837567
1090.0700305652617,-64.66408875722487,-64.66408875722487
1090.080030565262,-64.66070007951372,-64.66070007951372
1090.090030565262,-64.6573041197195,-64.6573041197195
1090.100030565262,-64.65390163455206,-64.65390163455206
1090.110030565262,-64.65049336798559,-64.65049336798559
1090.120030565262,-64.64708005125173,-64.64708005125173
1090.130030565262,-64.64366240306873,-64.64366240306873
1090.140030565262,-64.64024112994485,-64.64024112994485
1090.1500305652619,-64.63681692652014,-64.63681692652014
1090.1600305652619,-64.63339047592191,-64.63339047592191
1090.1700305652619,-64.62996245011908,-64.62996245011908
1090.1800305652619,-64.62653351025274,-64.62653351025274
1090.1900305652618,-64.62310430693196,-64.62310430693196
1090.2000305652618,-64.61967548051166,-64.61967548051166
1090.2100305652618,-64.61624766135725,-64.61624766135725
1090.2200305652618,-64.61282147006169,-64.61282147006169
1090.2300305652618,-64.609397517652,-64.609397517652
1090.2400305652618,-64.60597640578683,-64.60597640578683
1090.2500305652618,-64.60255872692211,-64.60255872692211
1090.2600305652618,-64.5991450644715,-64.5991450644715
1090.2700305652618,-64.59573599294174,-64.59573599294174
1090.2800305652618,-64.59233207808064,-64.59233207808064
1090.2900305652618,-64.58893387698859,-64.58893387698859
1090.3000305652617,-64.58554193824871,-64.58554193824871
1090.3100305652617,-64.582156802016,-64.582156802016
1090.3200305652617,-64.57877900013627,-64.57877900013627
1090.330030565262,-64.57540905623576,-64.57540905623576
1090.340030565262,-64.57204748583534,-64.57204748583534
1090.350030565262,-64.56869479641217,-64.56869479641217
1090.360030565262,-64.56535148751217,-64.56535148751217
1090.370030565262,-64.56201805082193,-64.56201805082193
1090.380030565262,-64.55869497025918,-64.55869497025918
1090.390030565262,-64.55538272204785,-64.55538272204785
1090.4000305652619,-64.5520817748151,-64.5520817748151
1090.4100305652619,-64.54879258965596,-64.54879258965596
1090.4200305652619,-64.54551562019624,-64.54551562019624
1090.4300305652619,-64.54225131271201,-64.54225131271201
1090.4400305652618,-64.53900010616783,-64.53900010616783
1090.4500305652618,-64.53576243230656,-64.53576243230656
1090.4600305652618,-64.53253871573776,-64.53253871573776
1090.4700305652618,-64.5293293739816,-64.5293293739816
1090.4800305652618,-64.52613481757366,-64.52613481757366
1090.4900305652618,-64.5229554501182,-64.5229554501182
1090.5000305652618,-64.51979166837063,-64.51979166837063
1090.5100305652618,-64.51664386231883,-64.51664386231883
1090.5200305652618,-64.51351241523778,-64.51351241523778
1090.5300305652618,-64.51039770377234,-64.51039770377234
1090.5400305652618,-64.50730009800127,-64.50730009800127
1090.5500305891037,-64.5042199542029,-64.5042199542029
1090.5600305891037,-64.50115764426937,-64.50115764426937
1090.5700305891037,-64.49811351166296,-64.49811351166296
1090.5800305891037,-64.49508790095165,-64.49508790095165
1090.5900305891037,-64.49208115049828,-64.49208115049828
1090.6000305891037,-64.48909359254698,-64.48909359254698
1090.6100305891036,-64.48612555326629,-64.48612555326629
1090.6200305891036,-64.48317735284014,-64.48317735284014
1090.6300305891036,-64.48024930552573,-64.48024930552573
1090.6400305891036,-64.47734171973882,-64.47734171973882
1090.6500305891036,-64.47445489809762,-64.47445489809762
1090.6600305891036,-64.47158913753044,-64.47158913753044
1090.6700305891036,-64.4687447292847,-64.4687447292847
1090.6800305891038,-64.46592195905595,-64.46592195905595
1090.6900305891038,-64.46312110700549,-64.46312110700549
1090.7000305891038,-64.46034244788034,-64.46034244788034
1090.7100305891038,-64.4575862510183,-64.4575862510183
1090.7200305891038,-64.45485278046154,-64.45485278046154
1090.7300305891038,-64.45214229500026,-64.45214229500026
1090.7400305891038,-64.4494550482471,-64.4494550482471
1090.7500305891037,-64.44679128869507,-64.44679128869507
1090.7600305891037,-64.4441512597841,-64.4441512597841
1090.7700305891037,-64.44153519996644,-64.44153519996644
1090.7800305891037,-64.43894334276513,-64.43894334276513
1090.7900305891037,-64.43637591684765,-64.43637591684765
1090.8000305891037,-64.43383314607253,-64.43383314607253
1090.8100305891037,-64.43131524956293,-64.43131524956293
1090.8200305891037,-64.42882244176012,-64.42882244176012
1090.8300305891037,-64.426354932498,-64.426354932498
1090.8400305891037,-64.42391292704039,-64.42391292704039
1090.8500305891037,-64.42149662616058,-64.42149662616058
1090.8600305891036,-64.41910622619352,-64.41910622619352
1090.8700305891036,-64.41674191909469,-64.41674191909469
1090.8800305891036,-64.41440389248267,-64.41440389248267
1090.8900305891036,-64.41209232973236,-64.41209232973236
1090.9000305891036,-64.40980741000162,-64.40980741000162
1090.9100305891036,-64.40754930829594,-64.40754930829594
1090.9200305891036,-64.40531819552088,-64.40531819552088
1090.9300305891038,-64.40311423854877,-64.40311423854877
1090.9400305891038,-64.40093760025904,-64.40093760025904
1090.9500305891038,-64.3987884396022,-64.3987884396022
1090.9600305891038,-64.39666691165075,-64.39666691165075
1090.9700305891038,-64.39457316764305,-64.39457316764305
1090.9800305891038,-64.39250735505263,-64.39250735505263
1090.9900305891038,-64.39046961763023,-64.39046961763023
1091.0000305891037,-64.38846009545958,-64.38846009545958
1091.0100305891037,-64.38647892499137,-64.38647892499137
1091.0200305891037,-64.38452623911722,-64.38452623911722
1091.0300305891037,-64.38260216720367,-64.38260216720367
1091.0400305891037,-64.380706835149,-64.380706835149
1091.0500305891037,-64.37884036542984,-64.37884036542984
1091.0600305891037,-64.37700287715055,-64.37700287715055
1091.0700305891037,-64.37519448607017,-64.37519448607017
1091.0800305891037,-64.37341530468622,-64.37341530468622
1091.0900305891037,-64.37166544225242,-64.37166544225242
1091.1000305891037,-64.36994500483473,-64.36994500483473
1091.1100305891036,-64.368254095363,-64.368254095363
1091.1200305891036,-64.36659281365107,-64.36659281365107
1091.1300305891036,-64.36496125647787,-64.36496125647787
1091.1400305891036,-64.36335951760105,-64.36335951760105
1091.1500305891036,-64.36178768780547,-64.36178768780547
1091.1600305891036,-64.3602458549601,-64.3602458549601
1091.1700305891036,-64.35873410403768,-64.35873410403768
1091.1800305891038,-64.35725251718198,-64.35725251718198
1091.1900305891038,-64.35580117372508,-64.35580117372508
1091.2000305891038,-64.35438015024538,-64.35438015024538
1091.2100305891038,-64.35298952059736,-64.35298952059736
1091.2200305891038,-64.35162935595524,-64.35162935595524
1091.2300305891038,-64.35029972484308,-64.35029972484308
1091.2400305891038,-64.34900069318977,-64.34900069318977
1091.2500305891037,-64.34773232436129,-64.34773232436129
1091.2600305891037,-64.346494679187,-64.346494679187
1091.2700305891037,-64.34528781601001,-64.34528781601001
1091.2800305891037,-64.34411179071745,-64.34411179071745
1091.2900305891037,-64.34292706180207,-64.34292706180207
1091.3000305891037,-64.34171698080411,-64.34171698080411
1091.3100305891037,-64.34047366012794,-64.34047366012794
1091.3200305891037,-64.33919298666574,-64.33919298666574
1091.3300305891037,-64.33787276576943,-64.33787276576943
1091.3400305891037,-64.33651186325217,-64.33651186325217
1091.3500305891037,-64.33510975669992,-64.33510975669992
1091.3600305891036,-64.33366628730194,-64.33366628730194
1091.3700305891036,-64.33218151920731,-64.33218151920731
1091.3800305891036,-64.33065565895073,-64.33065565895073
1091.3900305891036,-64.32908900895286,-64.32908900895286
1091.4000306129456,-64.3274819366601,-64.3274819366601
1091.4100306129455,-64.32583487372133,-64.32583487372133
1091.4200306129455,-64.32414828392352,-64.32414828392352
1091.4300306129455,-64.32242267173244,-64.32242267173244
1091.4400306129455,-64.32065857452268,-64.32065857452268
1091.4500306129455,-64.31885655942584,-64.31885655942584
1091.4600306129455,-64.31701722080291,-64.31701722080291
1091.4700306129455,-64.31514117800167,-64.31514117800167
1091.4800306129455,-64.31322907332458,-64.31322907332458
1091.4900306129455,-64.31128157008813,-64.31128157008813
1091.5000306129455,-64.30929935080133,-64.30929935080133
1091.5100306129455,-64.30728311539896,-64.30728311539896
1091.5200306129454,-64.3052335795528,-64.3052335795528
1091.5300306129457,-64.30315147308495,-64.30315147308495
1091.5400306129457,-64.3010375384445,-64.3010375384445
1091.5500306129456,-64.29889252927552,-64.29889252927552
1091.5600306129456,-64.29671720905436,-64.29671720905436
1091.5700306129456,-64.29451234982648,-64.29451234982648
1091.5800306129456,-64.29227873100315,-64.29227873100315
1091.5900306129456,-64.29001713825399,-64.29001713825399
1091.6000306129456,-64.28772836245803,-64.28772836245803
1091.6100306129456,-64.28541319872197,-64.28541319872197
1091.6200306129456,-64.2830724454704,-64.2830724454704
1091.6300306129456,-64.28070690360364,-64.28070690360364
1091.6400306129456,-64.27831737568094,-64.27831737568094
1091.6500306129456,-64.27590466519798,-64.27590466519798
1091.6600306129455,-64.27346957587008,-64.27346957587008
1091.6700306129455,-64.27101291099866,-64.27101291099866
1091.6800306129455,-64.26853547287699,-64.26853547287699
1091.6900306129455,-64.26603806218539,-64.26603806218539
1091.7000306129455,-64.2635214774981,-64.2635214774981
1091.7100306129455,-64.26098651476921,-64.26098651476921
1091.7200306129455,-64.25843396688941,-64.25843396688941
1091.7300306129455,-64.25586462323321,-64.25586462323321
1091.7400306129455,-64.25327926927517,-64.25327926927517
1091.7500306129455,-64.25067868621093,-64.25067868621093
1091.7600306129455,-64.24806365059258,-64.24806365059258
1091.7700306129454,-64.24543493403479,-64.24543493403479
1091.7800306129457,-64.24279330287798,-64.24279330287798
1091.7900306129457,-64.24013951793835,-64.24013951793835
1091.8000306129456,-64.23747433421612,-64.23747433421612
1091.8100306129456,-64.23479850067253,-64.23479850067253
1091.8200306129456,-64.23211276002165,-64.23211276002165
1091.8300306129456,-64.2294178484861,-64.2294178484861
1091.8400306129456,-64.22671449563184,-64.22671449563184
1091.8500306129456,-64.22400342418783,-64.22400342418783
1091.8600306129456,-64.22128534989379,-64.22128534989379
1091.8700306129456,-64.21856098132473,-64.21856098132473
1091.8800306129456,-64.2158310197909,-64.2158310197909
1091.8900306129456,-64.21309615920516,-64.21309615920516
1091.9000306129456,-64.21035708596999,-64.21035708596999
1091.9100306129455,-64.207614478877,-64.207614478877
1091.9200306129455,-64.20486900901416,-64.20486900901416
1091.9300306129455,-64.20212133971195,-64.20212133971195
1091.9400306129455,-64.19937212645475,-64.19937212645475
1091.9500306129455,-64.19662201681736,-64.19662201681736
1091.9600306129455,-64.1938716504279,-64.1938716504279
1091.9700306129455,-64.19112165893071,-64.19112165893071
1091.9800306129455,-64.18837266591729,-64.18837266591729
1091.9900306129455,-64.18562528693475,-64.18562528693475
1092.0000306129455,-64.18288012944357,-64.18288012944357
1092.0100306129455,-64.1801377928171,-64.1801377928171
1092.0200306129454,-64.17739886832373,-64.17739886832373
1092.0300306129457,-64.1746639391171,-64.1746639391171
1092.0400306129457,-64.17193358025055,-64.17193358025055
1092.0500306129456,-64.16920835867695,-64.16920835867695
1092.0600306129456,-64.16648883327437,-64.16648883327437
1092.0700306129456,-64.16377555484434,-64.16377555484434
1092.0800306129456,-64.1610690661484,-64.1610690661484
1092.0900306129456,-64.15836990191114,-64.15836990191114
1092.1000306129456,-64.15567858889278,-64.15567858889278
1092.1100306129456,-64.15299564587309,-64.15299564587309
1092.1200306129456,-64.15032158370724,-64.15032158370724
1092.1300306129456,-64.14765690537604,-64.14765690537604
1092.1400306129456,-64.14500210600615,-64.14500210600615
1092.1500306129456,-64.1423576729389,-64.1423576729389
1092.1600306129455,-64.13972408575646,-64.13972408575646
1092.1700306129455,-64.13710181634605,-64.13710181634605
1092.1800306129455,-64.13449132894046,-64.13449132894046
1092.1900306129455,-64.13189308017945,-64.13189308017945
1092.2000306129455,-64.12930751916971,-64.12930751916971
1092.2100306129455,-64.12673508753127,-64.12673508753127
1092.2200306129455,-64.12417621946616,-64.12417621946616
1092.2300306129455,-64.12163134180767,-64.12163134180767
1092.2400306129455,-64.11910087410526,-64.11910087410526
1092.2500306367874,-64.11658522266548,-64.11658522266548
1092.2600306367874,-64.11408480465029,-64.11408480465029
1092.2700306367874,-64.11160001206932,-64.11160001206932
1092.2800306367874,-64.1091312359142,-64.1091312359142
1092.2900306367874,-64.10667886022073,-64.10667886022073
1092.3000306367874,-64.10424326211583,-64.10424326211583
1092.3100306367874,-64.1018248118897,-64.1018248118897
1092.3200306367874,-64.0994238730896,-64.0994238730896
1092.3300306367873,-64.09704080254858,-64.09704080254858
1092.3400306367873,-64.09467595049948,-64.09467595049948
1092.3500306367873,-64.09232966061256,-64.09232966061256
1092.3600306367873,-64.09000227009122,-64.09000227009122
1092.3700306367873,-64.08769410973291,-64.08769410973291
1092.3800306367875,-64.08540550398658,-64.08540550398658
1092.3900306367875,-64.08313677105996,-64.08313677105996
1092.4000306367875,-64.08088822296328,-64.08088822296328
1092.4100306367875,-64.07866016558836,-64.07866016558836
1092.4200306367875,-64.07645289878211,-64.07645289878211
1092.4300306367875,-64.07426671642541,-64.07426671642541
1092.4400306367875,-64.07210190650144,-64.07210190650144
1092.4500306367875,-64.06995875115322,-64.06995875115322
1092.4600306367875,-64.06783752677646,-64.06783752677646
1092.4700306367874,-64.06573850407166,-64.06573850407166
1092.4800306367874,-64.06366194814129,-64.06366194814129
1092.4900306367874,-64.06160811853874,-64.06160811853874
1092.5000306367874,-64.05957726934686,-64.05957726934686
1092.5100306367874,-64.0575696492513,-64.0575696492513
1092.5200306367874,-64.05558550159043,-64.05558550159043
1092.5300306367874,-64.05362506446774,-64.05362506446774
1092.5400306367874,-64.05168857077237,-64.05168857077237
1092.5500306367874,-64.04977624828048,-64.04977624828048
1092.5600306367874,-64.0478883197153,-64.0478883197153
1092.5700306367874,-64.04602500280005,-64.04602500280005
1092.5800306367873,-64.04418651035269,-64.04418651035269
1092.5900306367873,-64.04237305034079,-64.04237305034079
1092.6000306367873,-64.04058482593327,-64.04058482593327
1092.6100306367873,-64.0388220355857,-64.0388220355857
1092.6200306367873,-64.03708487309629,-64.03708487309629
1092.6300306367875,-64.03537352767725,-64.03537352767725
1092.6400306367875,-64.0336881840019,-64.0336881840019
1092.6500306367875,-64.03202902230048,-64.03202902230048
1092.6600306367875,-64.03039621839285,-64.03039621839285
1092.6700306367875,-64.02878994375287,-64.02878994375287
1092.6800306367875,-64.02721036559866,-64.02721036559866
1092.6900306367875,-64.02565764691587,-64.02565764691587
1092.7000306367875,-64.02413194654714,-64.02413194654714
1092.7100306367875,-64.02263341923867,-64.02263341923867
1092.7200306367874,-64.02116221569662,-64.02116221569662
1092.7300306367874,-64.01971848266228,-64.01971848266228
1092.7400306367874,-64.01830236294657,-64.01830236294657
1092.7500306367874,-64.01691399550307,-64.01691399550307
1092.7600306367874,-64.01555351549213,-64.01555351549213
1092.7700306367874,-64.01422105431186,-64.01422105431186
1092.7800306367874,-64.01291673966946,-64.01291673966946
1092.7900306367874,-64.01164069564337,-64.01164069564337
1092.8000306367874,-64.01039304272066,-64.01039304272066
1092.8100306367874,-64.009173897871,-64.009173897871
1092.8200306367874,-64.00798337457162,-64.00798337457162
1092.8300306367873,-64.00682158288086,-64.00682158288086
1092.8400306367873,-64.00568862948757,-64.00568862948757
1092.8500306367873,-64.00458461775193,-64.00458461775193
1092.8600306367873,-64.00350964777039,-64.00350964777039
1092.8700306367873,-64.0024638164108,-64.0024638164108
1092.8800306367875,-64.0014472173691,-64.0014472173691
1092.8900306367875,-64.00045994121945,-64.00045994121945
1092.9000306367875,-63.999502075459915,-63.999502075459915
1092.9100306367875,-63.99857370455658,-63.99857370455658
1092.9200306367875,-63.997674909992746,-63.997674909992746
1092.9300306367875,-63.996805770317934,-63.996805770317934
1092.9400306367875,-63.995966361186376,-63.995966361186376
1092.9500306367875,-63.995156755407756,-63.995156755407756
1092.9600306367875,-63.99437702299427,-63.99437702299427
1092.9700306367874,-63.99362723118634,-63.99362723118634
1092.9800306367874,-63.992907444526935,-63.992907444526935
1092.9900306367874,-63.99221772486506,-63.99221772486506
1093.0000306367874,-63.991558131441955,-63.991558131441955
1093.0100306367874,-63.99092872089721,-63.99092872089721
1093.0200306367874,-63.990329547310864,-63.990329547310864
1093.0300306367874,-63.98976066227362,-63.98976066227362
1093.0400306367874,-63.98922211488922,-63.98922211488922
1093.0500306367874,-63.98871395184437,-63.98871395184437
1093.0600306367874,-63.98823621743408,-63.98823621743408
1093.0700306367874,-63.98778895358609,-63.98778895358609
1093.0800306367873,-63.98737219992615,-63.98737219992615
1093.0900306367873,-63.98698599379399,-63.98698599379399
1093.1000306606293,-63.9866303694522,-63.9866303694522
1093.1100306606293,-63.986305361557015,-63.986305361557015
1093.1200306606293,-63.986010999889544,-63.986010999889544
1093.1300306606292,-63.985747313042914,-63.985747313042914
1093.1400306606292,-63.98551432750016,-63.98551432750016
1093.1500306606292,-63.98531206766896,-63.98531206766896
1093.1600306606292,-63.985140555938465,-63.985140555938465
1093.1700306606292,-63.984999812680186,-63.984999812680186
1093.1800306606292,-63.98488985629642,-63.98488985629642
1093.1900306606292,-63.98481070326508,-63.98481070326508
1093.2000306606292,-63.984762368144516,-63.984762368144516
1093.2100306606292,-63.98473929838722,-63.98473929838722
1093.2200306606292,-63.98473907273475,-63.98473907273475
1093.2300306606294,-63.98476052336824,-63.98476052336824
1093.2400306606294,-63.98480306306442,-63.98480306306442
1093.2500306606294,-63.98486642770458,-63.98486642770458
1093.2600306606294,-63.98495054215787,-63.98495054215787
1093.2700306606293,-63.98505544140152,-63.98505544140152
1093.2800306606293,-63.98518122308885,-63.98518122308885
1093.2900306606293,-63.98532801894648,-63.98532801894648
1093.3000306606293,-63.98549597760664,-63.98549597760664
1093.3100306606293,-63.98568525441923,-63.98568525441923
1093.3200306606293,-63.98589600546425,-63.98589600546425
1093.3300306606293,-63.98612838417229,-63.98612838417229
1093.3400306606293,-63.98638253951554,-63.98638253951554
1093.3500306606293,-63.98665861513293,-63.98665861513293
1093.3600306606293,-63.986956749029716,-63.986956749029716
1093.3700306606293,-63.98727707361713,-63.98727707361713
1093.3800306606292,-63.987619715918974,-63.987619715918974
1093.3900306606292,-63.98798479786047,-63.98798479786047
1093.4000306606292,-63.98837243660313,-63.98837243660313
1093.4100306606292,-63.988782744880524,-63.988782744880524
1093.4200306606292,-63.98921583132942,-63.98921583132942
1093.4300306606292,-63.98967180075676,-63.98967180075676
1093.4400306606292,-63.990150754442126,-63.990150754442126
1093.4500306606292,-63.990652790352684,-63.990652790352684
1093.4600306606292,-63.99117800335512,-63.99117800335512
1093.4700306606292,-63.99172648539656,-63.99172648539656
1093.4800306606294,-63.9922983256716,-63.9922983256716
1093.4900306606294,-63.99289361076627,-63.99289361076627
1093.5000306606294,-63.993512424748545,-63.993512424748545
1093.5100306606294,-63.99415484931084,-63.99415484931084
1093.5200306606293,-63.9948209638214,-63.9948209638214
1093.5300306606293,-63.99551084544058,-63.99551084544058
1093.5400306606293,-63.99622456915247,-63.99622456915247
1093.5500306606293,-63.99696220783134,-63.99696220783134
1093.5600306606293,-63.99772383232091,-63.99772383232091
1093.5700306606293,-63.99850951142868,-63.99850951142868
1093.5800306606293,-63.999319312003436,-63.999319312003436
1093.5900306606293,-64.00015329895584,-64.00015329895584
1093.6000306606293,-64.0010115352808,-64.0010115352808
1093.6100306606293,-64.00189408210194,-64.00189408210194
1093.6200306606293,-64.00280099867199,-64.00280099867199
1093.6300306606292,-64.00373234241613,-64.00373234241613
1093.6400306606292,-64.00468816893583,-64.00468816893583
1093.6500306606292,-64.00566853203566,-64.00566853203566
1093.6600306606292,-64.00667348373044,-64.00667348373044
1093.6700306606292,-64.00770307427617,-64.00770307427617
1093.6800306606292,-64.0087573521733,-64.0087573521733
1093.6900306606292,-64.0098363641819,-64.0098363641819
1093.7000306606292,-64.01094015533646,-64.01094015533646
1093.7100306606292,-64.01206320096425,-64.01206320096425
1093.7200306606292,-64.01320310906048,-64.01320310906048
1093.7300306606294,-64.01435874140884,-64.01435874140884
1093.7400306606294,-64.01552954045738,-64.01552954045738
1093.7500306606294,-64.0167152717874,-64.0167152717874
1093.7600306606294,-64.01791588998036,-64.01791588998036
1093.7700306606293,-64.01913145980527,-64.01913145980527
1093.7800306606293,-64.02036210876379,-64.02036210876379
1093.7900306606293,-64.02160799849125,-64.02160799849125
1093.8000306606293,-64.02286930762912,-64.02286930762912
1093.8100306606293,-64.02414622160624,-64.02414622160624
1093.8200306606293,-64.02543892665504,-64.02543892665504
1093.8300306606293,-64.02674760642321,-64.02674760642321
1093.8400306606293,-64.02807244015303,-64.02807244015303
1093.8500306606293,-64.02941360177546,-64.02941360177546
1093.8600306606293,-64.03077125963047,-64.03077125963047
1093.8700306606293,-64.03214557646255,-64.03214557646255
1093.8800306606292,-64.03353670962402,-64.03353670962402
1093.8900306606292,-64.03494481135003,-64.03494481135003
1093.9000306606292,-64.03637002908219,-64.03637002908219
1093.9100306606292,-64.0378125057906,-64.0378125057906
1093.9200306606292,-64.03927238028832,-64.03927238028832
1093.9300306606292,-64.0407497875057,-64.0407497875057
1093.9400306606292,-64.0422448587496,-64.0422448587496
1093.9500306844711,-64.04375772555422,-64.04375772555422
1093.9600306844711,-64.04528850543171,-64.04528850543171
1093.970030684471,-64.0468373236508,-64.0468373236508
1093.980030684471,-64.04840429903392,-64.04840429903392
1093.990030684471,-64.049989547662,-64.049989547662
1094.000030684471,-64.051593182985,-64.051593182985
1094.010030684471,-64.05321531592566,-64.05321531592566
1094.020030684471,-64.05485605496652,-64.05485605496652
1094.030030684471,-64.0565155061868,-64.0565155061868
1094.040030684471,-64.05819377337863,-64.05819377337863
1094.050030684471,-64.05989095804934,-64.05989095804934
1094.060030684471,-64.06160715950494,-64.06160715950494
1094.070030684471,-64.06334247487025,-64.06334247487025
1094.0800306844712,-64.06509699912122,-64.06509699912122
1094.0900306844712,-64.06687082512819,-64.06687082512819
1094.1000306844712,-64.06866404366633,-64.06866404366633
1094.1100306844712,-64.07047674345404,-64.07047674345404
1094.1200306844712,-64.07230901117366,-64.07230901117366
1094.1300306844712,-64.07416093147931,-64.07416093147931
1094.1400306844712,-64.07603258701364,-64.07603258701364
1094.1500306844712,-64.0779240584414,-64.0779240584414
1094.1600306844712,-64.07983542444555,-64.07983542444555
1094.1700306844712,-64.08176676175516,-64.08176676175516
1094.1800306844711,-64.0837181451498,-64.0837181451498
1094.1900306844711,-64.08568964748132,-64.08568964748132
1094.2000306844711,-64.08768133966784,-64.08768133966784
1094.2100306844711,-64.0896932907369,-64.0896932907369
1094.220030684471,-64.09172556780722,-64.09172556780722
1094.230030684471,-64.09377823612859,-64.09377823612859
1094.240030684471,-64.0958513590685,-64.0958513590685
1094.250030684471,-64.09794499814565,-64.09794499814565
1094.260030684471,-64.10005921302351,-64.10005921302351
1094.270030684471,-64.10219406154611,-64.10219406154611
1094.280030684471,-64.10434959972518,-64.10434959972518
1094.290030684471,-64.10652588178435,-64.10652588178435
1094.300030684471,-64.10872296013846,-64.10872296013846
1094.310030684471,-64.11094088543018,-64.11094088543018
1094.320030684471,-64.11317970653383,-64.11317970653383
1094.3300306844712,-64.11543947057618,-64.11543947057618
1094.3400306844712,-64.1177202229478,-64.1177202229478
1094.3500306844712,-64.12002200731884,-64.12002200731884
1094.3600306844712,-64.12234486564942,-64.12234486564942
1094.3700306844712,-64.12468883821762,-64.12468883821762
1094.3800306844712,-64.12705396360484,-64.12705396360484
1094.3900306844712,-64.12944027875108,-64.12944027875108
1094.4000306844712,-64.13184781893273,-64.13184781893273
1094.4100306844712,-64.13427661781616,-64.13427661781616
1094.4200306844712,-64.13672670743705,-64.13672670743705
1094.4300306844711,-64.13919811824441,-64.13919811824441
1094.4400306844711,-64.14169087910099,-64.14169087910099
1094.4500306844711,-64.14420501730088,-64.14420501730088
1094.4600306844711,-64.14673497849836,-64.14673497849836
1094.470030684471,-64.14927834761744,-64.14927834761744
1094.480030684471,-64.15183396572704,-64.15183396572704
1094.490030684471,-64.15440125554396,-64.15440125554396
1094.500030684471,-64.1569799634947,-64.1569799634947
1094.510030684471,-64.15957002541018,-64.15957002541018
1094.520030684471,-64.16217148762169,-64.16217148762169
1094.530030684471,-64.16478445949882,-64.16478445949882
1094.540030684471,-64.16740908483652,-64.16740908483652
1094.550030684471,-64.17004552474026,-64.17004552474026
1094.560030684471,-64.17269394738939,-64.17269394738939
1094.570030684471,-64.1753545220878,-64.1753545220878
1094.5800306844712,-64.1780274158588,-64.1780274158588
1094.5900306844712,-64.18071279161329,-64.18071279161329
1094.6000306844712,-64.18341080728271,-64.18341080728271
1094.6100306844712,-64.18612161550975,-64.18612161550975
1094.6200306844712,-64.1888453636603,-64.1888453636603
1094.6300306844712,-64.19158219399782,-64.19158219399782
1094.6400306844712,-64.19433224400301,-64.19433224400301
1094.6500306844712,-64.1970956466388,-64.1970956466388
1094.6600306844712,-64.19987253073288,-64.19987253073288
1094.6700306844712,-64.20266302123281,-64.20266302123281
1094.6800306844711,-64.20546723951406,-64.20546723951406
1094.6900306844711,-64.20828530362179,-64.20828530362179
1094.7000306844711,-64.21111732851296,-64.21111732851296
1094.7100306844711,-64.2139634262291,-64.2139634262291
1094.720030684471,-64.21682370609226,-64.21682370609226
1094.730030684471,-64.21969827484764,-64.21969827484764
1094.740030684471,-64.22258723678935,-64.22258723678935
1094.750030684471,-64.22549069386798,-64.22549069386798
1094.760030684471,-64.22840874579192,-64.22840874579192
1094.770030684471,-64.2313414901078,-64.2313414901078
1094.780030684471,-64.23428902227191,-64.23428902227191
1094.790030684471,-64.23725143569703,-64.23725143569703
1094.800030708313,-64.24022882894806,-64.24022882894806
1094.810030708313,-64.24322127733943,-64.24322127733943
1094.820030708313,-64.24622887553446,-64.24622887553446
1094.830030708313,-64.24925170927351,-64.24925170927351
1094.840030708313,-64.25228986246317,-64.25228986246317
1094.850030708313,-64.25534341717882,-64.25534341717882
1094.860030708313,-64.25841245371716,-64.25841245371716
1094.870030708313,-64.26149705059613,-64.26149705059613
1094.880030708313,-64.26459728457374,-64.26459728457374
1094.890030708313,-64.26771323068154,-64.26771323068154
1094.900030708313,-64.27084496222011,-64.27084496222011
1094.910030708313,-64.2739925507636,-64.2739925507636
1094.9200307083129,-64.2771560662029,-64.2771560662029
1094.930030708313,-64.28033557673268,-64.28033557673268
1094.940030708313,-64.2835311488702,-64.2835311488702
1094.950030708313,-64.2867428474625,-64.2867428474625
1094.960030708313,-64.2899707357106,-64.2899707357106
1094.970030708313,-64.29321487515213,-64.29321487515213
1094.980030708313,-64.29647532569096,-64.29647532569096
1094.990030708313,-64.29975214561618,-64.29975214561618
1095.000030708313,-64.30304539158173,-64.30304539158173
1095.010030708313,-64.30635511865613,-64.30635511865613
1095.020030708313,-64.30968138029719,-64.30968138029719
1095.030030708313,-64.31302422837379,-64.31302422837379
1095.040030708313,-64.3163837131981,-64.3163837131981
1095.050030708313,-64.3197598835049,-64.3197598835049
1095.060030708313,-64.32315278647275,-64.32315278647275
1095.070030708313,-64.32656246775494,-64.32656246775494
1095.080030708313,-64.32998897145416,-64.32998897145416
1095.090030708313,-64.33343234017455,-64.33343234017455
1095.100030708313,-64.3368926150013,-64.3368926150013
1095.110030708313,-64.34036983553827,-64.34036983553827
1095.120030708313,-64.34386403988694,-64.34386403988694
1095.130030708313,-64.34737526470587,-64.34737526470587
1095.140030708313,-64.35090354518512,-64.35090354518512
1095.150030708313,-64.35444891506816,-64.35444891506816
1095.160030708313,-64.35801140667073,-64.35801140667073
1095.1700307083129,-64.36159105090778,-64.36159105090778
1095.180030708313,-64.3651878772698,-64.3651878772698
1095.190030708313,-64.36880191387253,-64.36880191387253
1095.200030708313,-64.3724331874526,-64.3724331874526
1095.210030708313,-64.37608172338597,-64.37608172338597
1095.220030708313,-64.37974754570321,-64.37974754570321
1095.230030708313,-64.38343067710082,-64.38343067710082
1095.240030708313,-64.3871311389581,-64.3871311389581
1095.250030708313,-64.39084895135012,-64.39084895135012
1095.260030708313,-64.39458413306933,-64.39458413306933
1095.270030708313,-64.39833670162153,-64.39833670162153
1095.280030708313,-64.40210667325925,-64.40210667325925
1095.290030708313,-64.40589406299516,-64.40589406299516
1095.300030708313,-64.4096988846019,-64.4096988846019
1095.310030708313,-64.41352115063772,-64.41352115063772
1095.320030708313,-64.41736087246373,-64.41736087246373
1095.330030708313,-64.42121806025199,-64.42121806025199
1095.340030708313,-64.42509272300919,-64.42509272300919
1095.350030708313,-64.42898486857456,-64.42898486857456
1095.360030708313,-64.43289450365384,-64.43289450365384
1095.370030708313,-64.43682163382125,-64.43682163382125
1095.380030708313,-64.44076626354416,-64.44076626354416
1095.390030708313,-64.44472839618653,-64.44472839618653
1095.400030708313,-64.44870803402907,-64.44870803402907
1095.410030708313,-64.45270517829137,-64.45270517829137
1095.4200307083129,-64.45671982912839,-64.45671982912839
1095.430030708313,-64.46075198565994,-64.46075198565994
1095.440030708313,-64.46480164598763,-64.46480164598763
1095.450030708313,-64.46886880719475,-64.46886880719475
1095.460030708313,-64.47295346536697,-64.47295346536697
1095.470030708313,-64.47705561562147,-64.47705561562147
1095.480030708313,-64.48117525208646,-64.48117525208646
1095.490030708313,-64.48531236795445,-64.48531236795445
1095.500030708313,-64.48946695547713,-64.48946695547713
1095.510030708313,-64.49363900596299,-64.49363900596299
1095.520030708313,-64.4978285098281,-64.4978285098281
1095.530030708313,-64.50203545658466,-64.50203545658466
1095.540030708313,-64.5062598348475,-64.5062598348475
1095.550030708313,-64.5105016323795,-64.5105016323795
1095.560030708313,-64.5147608360789,-64.5147608360789
1095.570030708313,-64.51903743199139,-64.51903743199139
1095.580030708313,-64.52333140533395,-64.52333140533395
1095.590030708313,-64.52764274051565,-64.52764274051565
1095.600030708313,-64.53197142113423,-64.53197142113423
1095.610030708313,-64.53631742998785,-64.53631742998785
1095.620030708313,-64.54068074911147,-64.54068074911147
1095.630030708313,-64.54506135975312,-64.54506135975312
1095.640030708313,-64.5494592424195,-64.5494592424195
1095.6500307321548,-64.55387438740232,-64.55387438740232
1095.6600307321548,-64.55830675272428,-64.55830675272428
1095.6700307321548,-64.56275632716253,-64.56275632716253
1095.6800307321548,-64.56722308833164,-64.56722308833164
1095.6900307321548,-64.5717070131482,-64.5717070131482
1095.7000307321548,-64.57620807783996,-64.57620807783996
1095.7100307321548,-64.58072625797163,-64.58072625797163
1095.7200307321548,-64.58526152843928,-64.58526152843928
1095.7300307321548,-64.5898138635037,-64.5898138635037
1095.7400307321548,-64.59438323677357,-64.59438323677357
1095.7500307321548,-64.59896962124681,-64.59896962124681
1095.7600307321547,-64.60357298929254,-64.60357298929254
1095.7700307321547,-64.6081933126871,-64.6081933126871
1095.780030732155,-64.61283056261057,-64.61283056261057
1095.790030732155,-64.6174847096627,-64.6174847096627
1095.800030732155,-64.62215572387377,-64.62215572387377
1095.810030732155,-64.6268435747032,-64.6268435747032
1095.820030732155,-64.63154823107217,-64.63154823107217
1095.830030732155,-64.63626966134994,-64.63626966134994
1095.840030732155,-64.64100783338127,-64.64100783338127
1095.850030732155,-64.64576271449137,-64.64576271449137
1095.8600307321549,-64.65053427148501,-64.65053427148501
1095.8700307321549,-64.65532247067448,-64.65532247067448
1095.8800307321549,-64.66012727787822,-64.66012727787822
1095.8900307321549,-64.66494865843119,-64.66494865843119
1095.9000307321548,-64.66978657719044,-64.66978657719044
1095.9100307321548,-64.67464099855941,-64.67464099855941
1095.9200307321548,-64.6795118864752,-64.6795118864752
1095.9300307321548,-64.68439920443217,-64.68439920443217
1095.9400307321548,-64.68930291549613,-64.68930291549613
1095.9500307321548,-64.69422298229524,-64.69422298229524
1095.9600307321548,-64.69915373606904,-64.69915373606904
1095.9700307321548,-64.70409267512933,-64.70409267512933
1095.9800307321548,-64.70903856524282,-64.70903856524282
1095.9900307321548,-64.71399075943279,-64.71399075943279
1096.0000307321548,-64.718948937973,-64.718948937973
1096.0100307321547,-64.72391297307408,-64.72391297307408
1096.0200307321547,-64.72888284945141,-64.72888284945141
1096.030030732155,-64.73385861655055,-64.73385861655055
1096.040030732155,-64.73884035977288,-64.73884035977288
1096.050030732155,-64.7438281832361,-64.7438281832361
1096.060030732155,-64.74882219948978,-64.74882219948978
1096.070030732155,-64.75382252348932,-64.75382252348932
1096.080030732155,-64.7588292691891,-64.7588292691891
1096.090030732155,-64.7638425476701,-64.7638425476701
1096.100030732155,-64.76886246623307,-64.76886246623307
1096.1100307321549,-64.77388912808726,-64.77388912808726
1096.1200307321549,-64.77892263230575,-64.77892263230575
1096.1300307321549,-64.78396307402264,-64.78396307402264
1096.1400307321549,-64.78901054468966,-64.78901054468966
1096.1500307321548,-64.79406513235378,-64.79406513235378
1096.1600307321548,-64.79912692199656,-64.79912692199656
1096.1700307321548,-64.80419599578467,-64.80419599578467
1096.1800307321548,-64.80927243334452,-64.80927243334452
1096.1900307321548,-64.81435631200003,-64.81435631200003
1096.2000307321548,-64.81944770699641,-64.81944770699641
1096.2100307321548,-64.8245466916421,-64.8245466916421
1096.2200307321548,-64.82965333751633,-64.82965333751633
1096.2300307321548,-64.8347677145584,-64.8347677145584
1096.2400307321548,-64.83988989119698,-64.83988989119698
1096.2500307321548,-64.84501993445133,-64.84501993445133
1096.2600307321547,-64.85015791001564,-64.85015791001564
1096.2700307321547,-64.855303882307,-64.855303882307
1096.280030732155,-64.86045791453668,-64.86045791453668
1096.290030732155,-64.86562006874952,-64.86562006874952
1096.300030732155,-64.87079040587281,-64.87079040587281
1096.310030732155,-64.87596898572068,-64.87596898572068
1096.320030732155,-64.881155867054,-64.881155867054
1096.330030732155,-64.88635110757562,-64.88635110757562
1096.340030732155,-64.8915547639503,-64.8915547639503
1096.350030732155,-64.8967668918357,-64.8967668918357
1096.3600307321549,-64.90198754586673,-64.90198754586673
1096.3700307321549,-64.90721677966803,-64.90721677966803
1096.3800307321549,-64.9124546458834,-64.9124546458834
1096.3900307321549,-64.91770119614472,-64.91770119614472
1096.4000307321548,-64.92295648110094,-64.92295648110094
1096.4100307321548,-64.92822055040615,-64.92822055040615
1096.4200307321548,-64.93349345273211,-64.93349345273211
1096.4300307321548,-64.93877523575055,-64.93877523575055
1096.4400307321548,-64.94406594615238,-64.94406594615238
1096.4500307321548,-64.94936562964263,-64.94936562964263
1096.4600307321548,-64.95467433093786,-64.95467433093786
1096.4700307321548,-64.95999209375738,-64.95999209375738
1096.4800307321548,-64.96531896084451,-64.96531896084451
1096.4900307321548,-64.97065497393625,-64.97065497393625
1096.5000307559967,-64.9760001865409,-64.9760001865409
1096.5100307559967,-64.98135461298232,-64.98135461298232
1096.5200307559967,-64.98671830473778,-64.98671830473778
1096.5300307559967,-64.9920912996163,-64.9920912996163
1096.5400307559967,-64.99747363442553,-64.99747363442553
1096.5500307559967,-65.00286534500144,-65.00286534500144
1096.5600307559966,-65.00826646618745,-65.00826646618745
1096.5700307559966,-65.01367703185355,-65.01367703185355
1096.5800307559966,-65.01909707489038,-65.01909707489038
1096.5900307559966,-65.02452662722268,-65.02452662722268
1096.6000307559966,-65.02996571979583,-65.02996571979583
1096.6100307559966,-65.03541438258337,-65.03541438258337
1096.6200307559966,-65.04087264460813,-65.04087264460813
1096.6300307559968,-65.04634053393275,-65.04634053393275
1096.6400307559968,-65.05181807765526,-65.05181807765526
1096.6500307559968,-65.05730530193696,-65.05730530193696
1096.6600307559968,-65.06280223198073,-65.06280223198073
1096.6700307559968,-65.06830889206341,-65.06830889206341
1096.6800307559968,-65.07382530552404,-65.07382530552404
1096.6900307559968,-65.07935149477606,-65.07935149477606
1096.7000307559967,-65.08488748130456,-65.08488748130456
1096.7100307559967,-65.09042761969052,-65.09042761969052
1096.7200307559967,-65.09596945009396,-65.09596945009396
1096.7300307559967,-65.10151178706182,-65.10151178706182
1096.7400307559967,-65.1070540352645,-65.1070540352645
1096.7500307559967,-65.1125959279754,-65.1125959279754
1096.7600307559967,-65.11813739103394,-65.11813739103394
1096.7700307559967,-65.12367846296311,-65.12367846296311
1096.7800307559967,-65.12921924699043,-65.12921924699043
1096.7900307559967,-65.13475988211384,-65.13475988211384
1096.8000307559967,-65.14030052576373,-65.14030052576373
1096.8100307559966,-65.14584134350542,-65.14584134350542
1096.8200307559966,-65.15138250295053,-65.15138250295053
1096.8300307559966,-65.15692417032884,-65.15692417032884
1096.8400307559966,-65.16246650861432,-65.16246650861432
1096.8500307559966,-65.16800967661625,-65.16800967661625
1096.8600307559966,-65.17355382860347,-65.17355382860347
1096.8700307559966,-65.17909911434003,-65.17909911434003
1096.8800307559968,-65.18464567920527,-65.18464567920527
1096.8900307559968,-65.19019366447078,-65.19019366447078
1096.9000307559968,-65.1957432075973,-65.1957432075973
1096.9100307559968,-65.20129444252434,-65.20129444252434
1096.9200307559968,-65.20684749995891,-65.20684749995891
1096.9300307559968,-65.21240250763012,-65.21240250763012
1096.9400307559968,-65.21795959053323,-65.21795959053323
1096.9500307559967,-65.22351887114358,-65.22351887114358
1096.9600307559967,-65.22908046957455,-65.22908046957455
1096.9700307559967,-65.23464450374533,-65.23464450374533
1096.9800307559967,-65.24021108953237,-65.24021108953237
1096.9900307559967,-65.24578034085243,-65.24578034085243
1097.0000307559967,-65.25135236977572,-65.25135236977572
1097.0100307559967,-65.25692728661456,-65.25692728661456
1097.0200307559967,-65.26250519997251,-65.26250519997251
1097.0300307559967,-65.26808621682628,-65.26808621682628
1097.0400307559967,-65.27367044253884,-65.27367044253884
1097.0500307559967,-65.27925798094054,-65.27925798094054
1097.0600307559966,-65.28484893433368,-65.28484893433368
1097.0700307559966,-65.2904434035195,-65.2904434035195
1097.0800307559966,-65.29604148784429,-65.29604148784429
1097.0900307559966,-65.30164328519894,-65.30164328519894
1097.1000307559966,-65.30724889203061,-65.30724889203061
1097.1100307559966,-65.31285840337658,-65.31285840337658
1097.1200307559966,-65.31847191285361,-65.31847191285361
1097.1300307559968,-65.32408951267266,-65.32408951267266
1097.1400307559968,-65.32971129365308,-65.32971129365308
1097.1500307559968,-65.33533734521248,-65.33533734521248
1097.1600307559968,-65.3409677553916,-65.3409677553916
1097.1700307559968,-65.34660261084895,-65.34660261084895
1097.1800307559968,-65.35224199686307,-65.35224199686307
1097.1900307559968,-65.35788599733989,-65.35788599733989
1097.2000307559967,-65.3635346948081,-65.3635346948081
1097.2100307559967,-65.369188170433,-65.369188170433
1097.2200307559967,-65.37484650402016,-65.37484650402016
1097.2300307559967,-65.38050977401222,-65.38050977401222
1097.2400307559967,-65.38617805748686,-65.38617805748686
1097.2500307559967,-65.39185143017066,-65.39185143017066
1097.2600307559967,-65.39752996645196,-65.39752996645196
1097.2700307559967,-65.40321373936466,-65.40321373936466
1097.2800307559967,-65.40890282059864,-65.40890282059864
1097.2900307559967,-65.41459728051292,-65.41459728051292
1097.3000307559967,-65.42029718813747,-65.42029718813747
1097.3100307559966,-65.426002611174,-65.426002611174
1097.3200307559966,-65.43171361600056,-65.43171361600056
1097.3300307559966,-65.43743026769305,-65.43743026769305
1097.3400307559966,-65.44315263001145,-65.44315263001145
1097.3500307798386,-65.44888077905978,-65.44888077905978
1097.3600307798386,-65.45461474874183,-65.45461474874183
1097.3700307798385,-65.46035461255343,-65.46035461255343
1097.3800307798385,-65.46610042910433,-65.46610042910433
1097.3900307798385,-65.47185225573006,-65.47185225573006
1097.4000307798385,-65.47761014850299,-65.47761014850299
1097.4100307798385,-65.48337416224777,-65.48337416224777
1097.4200307798385,-65.48914435053331,-65.48914435053331
1097.4300307798385,-65.49492076570866,-65.49492076570866
1097.4400307798385,-65.50070345887848,-65.50070345887848
1097.4500307798385,-65.50649247994761,-65.50649247994761
1097.4600307798385,-65.5122821744188,-65.5122821744188
1097.4700307798385,-65.51807009373563,-65.51807009373563
1097.4800307798387,-65.52385507153758,-65.52385507153758
1097.4900307798387,-65.52963653496829,-65.52963653496829
1097.5000307798387,-65.53541424151402,-65.53541424151402
1097.5100307798386,-65.54118814215815,-65.54118814215815
1097.5200307798386,-65.54695830102187,-65.54695830102187
1097.5300307798386,-65.55272484710638,-65.55272484710638
1097.5400307798386,-65.55848794522561,-65.55848794522561
1097.5500307798386,-65.56424777853769,-65.56424777853769
1097.5600307798386,-65.57000453821918,-65.57000453821918
1097.5700307798386,-65.57575841733504,-65.57575841733504
1097.5800307798386,-65.58150960739037,-65.58150960739037
1097.5900307798386,-65.58725829643424,-65.58725829643424
1097.6000307798386,-65.59300466814543,-65.59300466814543
1097.6100307798386,-65.59874890149503,-65.59874890149503
1097.6200307798385,-65.60449117069939,-65.60449117069939
1097.6300307798385,-65.61023164540492,-65.61023164540492
1097.6400307798385,-65.61597049094024,-65.61597049094024
1097.6500307798385,-65.62170786861122,-65.62170786861122
1097.6600307798385,-65.62744393599063,-65.62744393599063
1097.6700307798385,-65.63317884721334,-65.63317884721334
1097.6800307798385,-65.63891275322936,-65.63891275322936
1097.6900307798385,-65.64464580205522,-65.64464580205522
1097.7000307798385,-65.65037813895502,-65.65037813895502
1097.7100307798385,-65.65610990665394,-65.65610990665394
1097.7200307798385,-65.66184124546898,-65.66184124546898
1097.7300307798387,-65.66757229346368,-65.66757229346368
1097.7400307798387,-65.67330318654554,-65.67330318654554
1097.7500307798387,-65.67903405857791,-65.67903405857791
1097.7600307798386,-65.68476504145545,-65.68476504145545
1097.7700307798386,-65.69049626518559,-65.69049626518559
1097.7800307798386,-65.69622785791638,-65.69622785791638
1097.7900307798386,-65.70195994603493,-65.70195994603493
1097.8000307798386,-65.70769265416396,-65.70769265416396
1097.8100307798386,-65.71342610522139,-65.71342610522139
1097.8200307798386,-65.71916042043742,-65.71916042043742
1097.8300307798386,-65.72489571938583,-65.72489571938583
1097.8400307798386,-65.73063212001458,-65.73063212001458
1097.8500307798386,-65.73636973862816,-65.73636973862816
1097.8600307798386,-65.74210868993298,-65.74210868993298
1097.8700307798385,-65.7478490870537,-65.7478490870537
1097.8800307798385,-65.75359104151501,-65.75359104151501
1097.8900307798385,-65.75933466326924,-65.75933466326924
1097.9000307798385,-65.76508006070813,-65.76508006070813
1097.9100307798385,-65.77082734064324,-65.77082734064324
1097.9200307798385,-65.7765766083566,-65.7765766083566
1097.9300307798385,-65.7823279675572,-65.7823279675572
1097.9400307798385,-65.7880815204333,-65.7880815204333
1097.9500307798385,-65.79383736761761,-65.79383736761761
1097.9600307798385,-65.79959560820951,-65.79959560820951
1097.9700307798385,-65.80535633979355,-65.80535633979355
1097.9800307798387,-65.81111965841036,-65.81111965841036
1097.9900307798387,-65.81688565859652,-65.81688565859652
1098.0000307798387,-65.82265443337158,-65.82265443337158
1098.0100307798386,-65.82842607425191,-65.82842607425191
1098.0200307798386,-65.83420067123953,-65.83420067123953
1098.0300307798386,-65.83997831286452,-65.83997831286452
1098.0400307798386,-65.84575908614393,-65.84575908614393
1098.0500307798386,-65.85154307661756,-65.85154307661756
1098.0600307798386,-65.85733036836847,-65.85733036836847
1098.0700307798386,-65.86312104399663,-65.86312104399663
1098.0800307798386,-65.86891518464128,-65.86891518464128
1098.0900307798386,-65.8747128699965,-65.8747128699965
1098.1000307798386,-65.88051417830214,-65.88051417830214
1098.1100307798386,-65.88631918638545,-65.88631918638545
1098.1200307798385,-65.89212796962374,-65.89212796962374
1098.1300307798385,-65.89794060198949,-65.89794060198949
1098.1400307798385,-65.90375715604898,-65.90375715604898
1098.1500307798385,-65.90957770296741,-65.90957770296741
1098.1600307798385,-65.91540231252526,-65.91540231252526
1098.1700307798385,-65.92123105311693,-65.92123105311693
1098.1800307798385,-65.92706399178617,-65.92706399178617
1098.1900307798385,-65.93290119421218,-65.93290119421218
1098.2000308036804,-65.93874273863416,-65.93874273863416
1098.2100308036804,-65.94458866026346,-65.94458866026346
1098.2200308036804,-65.95043903464618,-65.95043903464618
1098.2300308036804,-65.95629392216807,-65.95629392216807
1098.2400308036804,-65.96215338189641,-65.96215338189641
1098.2500308036804,-65.96801747160957,-65.96801747160957
1098.2600308036804,-65.97388624782145,-65.97388624782145
1098.2700308036804,-65.9797597657722,-65.9797597657722
1098.2800308036803,-65.9856380794499,-65.9856380794499
1098.2900308036803,-65.99152124161171,-65.99152124161171
1098.3000308036803,-65.99740930378626,-65.99740930378626
1098.3100308036803,-66.00330231629152,-66.00330231629152
1098.3200308036803,-66.00920032822826,-66.00920032822826
1098.3300308036805,-66.0151033875236,-66.0151033875236
1098.3400308036805,-66.02101154093366,-66.02101154093366
1098.3500308036805,-66.02692483403378,-66.02692483403378
1098.3600308036805,-66.03284331126336,-66.03284331126336
1098.3700308036805,-66.03876701592277,-66.03876701592277
1098.3800308036805,-66.04469599018738,-66.04469599018738
1098.3900308036805,-66.0506302751096,-66.0506302751096
1098.4000308036805,-66.05656991065041,-66.05656991065041
1098.4100308036805,-66.06251493568766,-66.06251493568766
1098.4200308036804,-66.06846538803033,-66.06846538803033
1098.4300308036804,-66.07442130441336,-66.07442130441336
1098.4400308036804,-66.080382720536,-66.080382720536
1098.4500308036804,-66.08634967106008,-66.08634967106008
1098.4600308036804,-66.09232218961908,-66.09232218961908
1098.4700308036804,-66.09830030884393,-66.09830030884393
1098.4800308036804,-66.10428406036813,-66.10428406036813
1098.4900308036804,-66.11027347483086,-66.11027347483086
1098.5000308036804,-66.11626858192446,-66.11626858192446
1098.5100308036804,-66.12226941035624,-66.12226941035624
1098.5200308036804,-66.12827598789795,-66.12827598789795
1098.5300308036803,-66.1342883413911,-66.1342883413911
1098.5400308036803,-66.14030649675348,-66.14030649675348
1098.5500308036803,-66.14633047898872,-66.14633047898872
1098.5600308036803,-66.1523603122035,-66.1523603122035
1098.5700308036803,-66.15839601962952,-66.15839601962952
1098.5800308036805,-66.16443762361533,-66.16443762361533
1098.5900308036805,-66.17048514564844,-66.17048514564844
1098.6000308036805,-66.17653860637516,-66.17653860637516
1098.6100308036805,-66.182598025602,-66.182598025602
1098.6200308036805,-66.18866342229886,-66.18866342229886
1098.6300308036805,-66.19473481464244,-66.19473481464244
1098.6400308036805,-66.2008122199853,-66.2008122199853
1098.6500308036805,-66.2068956548979,-66.2068956548979
1098.6600308036805,-66.21298513517242,-66.21298513517242
1098.6700308036804,-66.21908067583583,-66.21908067583583
1098.6800308036804,-66.22518229114242,-66.22518229114242
1098.6900308036804,-66.23128999461902,-66.23128999461902
1098.7000308036804,-66.23740379904599,-66.23740379904599
1098.7100308036804,-66.2435237164807,-66.2435237164807
1098.7200308036804,-66.24964975826835,-66.24964975826835
1098.7300308036804,-66.25578193505007,-66.25578193505007
1098.7400308036804,-66.26192025677558,-66.26192025677558
1098.7500308036804,-66.26806473270156,-66.26806473270156
1098.7600308036804,-66.27421537142227,-66.27421537142227
1098.7700308036804,-66.2803721808727,-66.2803721808727
1098.7800308036803,-66.28653516832765,-66.28653516832765
1098.7900308036803,-66.29270434042357,-66.29270434042357
1098.8000308036803,-66.2988797031705,-66.2988797031705
1098.8100308036803,-66.30506126193978,-66.30506126193978
1098.8200308036803,-66.31124902150542,-66.31124902150542
1098.8300308036805,-66.31744298603422,-66.31744298603422
1098.8400308036805,-66.32364315909624,-66.32364315909624
1098.8500308036805,-66.32984954367048,-66.32984954367048
1098.8600308036805,-66.33606214217998,-66.33606214217998
1098.8700308036805,-66.34228095646662,-66.34228095646662
1098.8800308036805,-66.34850598782042,-66.34850598782042
1098.8900308036805,-66.35473723697446,-66.35473723697446
1098.9000308036805,-66.3609747041312,-66.3609747041312
1098.9100308036805,-66.36721838895969,-66.36721838895969
1098.9200308036804,-66.37346829061278,-66.37346829061278
1098.9300308036804,-66.37972440771685,-66.37972440771685
1098.9400308036804,-66.38598673839824,-66.38598673839824
1098.9500308036804,-66.39225528029257,-66.39225528029257
1098.9600308036804,-66.39853003053769,-66.39853003053769
1098.9700308036804,-66.40481098579389,-66.40481098579389
1098.9800308036804,-66.41109814224949,-66.41109814224949
1098.9900308036804,-66.41739149562885,-66.41739149562885
1099.0000308036804,-66.42369104119139,-66.42369104119139
1099.0100308036804,-66.42999677375289,-66.42999677375289
1099.0200308036804,-66.43630868768761,-66.43630868768761
1099.0300308036803,-66.44262677694034,-66.44262677694034
1099.0400308036803,-66.44895103500953,-66.44895103500953
1099.0500308275223,-66.45528147006587,-66.45528147006587
1099.0600308275223,-66.46161804467013,-66.46161804467013
1099.0700308275223,-66.46796076612237,-66.46796076612237
1099.0800308275223,-66.47430962630794,-66.47430962630794
1099.0900308275222,-66.48066461670365,-66.48066461670365
1099.1000308275222,-66.48702572840442,-66.48702572840442
1099.1100308275222,-66.49339295214057,-66.49339295214057
1099.1200308275222,-66.49976627824343,-66.49976627824343
1099.1300308275222,-66.50614569670125,-66.50614569670125
1099.1400308275222,-66.51253119713157,-66.51253119713157
1099.1500308275222,-66.51892276880697,-66.51892276880697
1099.1600308275222,-66.5253204006471,-66.5253204006471
1099.1700308275222,-66.53172408123427,-66.53172408123427
1099.1800308275224,-66.5381337988198,-66.5381337988198
1099.1900308275224,-66.54454954132116,-66.54454954132116
1099.2000308275224,-66.55097129633484,-66.55097129633484
1099.2100308275224,-66.55739905115134,-66.55739905115134
1099.2200308275224,-66.56383279274392,-66.56383279274392
1099.2300308275223,-66.57027250776568,-66.57027250776568
1099.2400308275223,-66.57671818259557,-66.57671818259557
1099.2500308275223,-66.58316980330737,-66.58316980330737
1099.2600308275223,-66.5896273556915,-66.5896273556915
1099.2700308275223,-66.59609082524719,-66.59609082524719
1099.2800308275223,-66.60256019720572,-66.60256019720572
1099.2900308275223,-66.60903545651894,-66.60903545651894
1099.3000308275223,-66.61551658787172,-66.61551658787172
1099.3100308275223,-66.62200357569431,-66.62200357569431
1099.3200308275223,-66.6284964041576,-66.6284964041576
1099.3300308275223,-66.63499505717424,-66.63499505717424
1099.3400308275222,-66.64149951841637,-66.64149951841637
1099.3500308275222,-66.64800977131226,-66.64800977131226
1099.3600308275222,-66.65452579905362,-66.65452579905362
1099.3700308275222,-66.661047584591,-66.661047584591
1099.3800308275222,-66.66757511065855,-66.66757511065855
1099.3900308275222,-66.67410835976374,-66.67410835976374
1099.4000308275222,-66.68064731418677,-66.68064731418677
1099.4100308275222,-66.68719195600787,-66.68719195600787
1099.4200308275222,-66.6937422670792,-66.6937422670792
1099.4300308275224,-66.70029822905539,-66.70029822905539
1099.4400308275224,-66.70685982339894,-66.70685982339894
1099.4500308275224,-66.71342703135478,-66.71342703135478
1099.4600308275224,-66.71999983398572,-66.71999983398572
1099.4700308275224,-66.7265782121619,-66.7265782121619
1099.4800308275223,-66.73316214656916,-66.73316214656916
1099.4900308275223,-66.7397516177183,-66.7397516177183
1099.5000308275223,-66.74634660592886,-66.74634660592886
1099.5100308275223,-66.75294709135683,-66.75294709135683
1099.5200308275223,-66.75955305397245,-66.75955305397245
1099.5300308275223,-66.76616447359649,-66.76616447359649
1099.5400308275223,-66.7727813298822,-66.7727813298822
1099.5500308275223,-66.77940360231833,-66.77940360231833
1099.5600308275223,-66.78603127024071,-66.78603127024071
1099.5700308275223,-66.79266431283911,-66.79266431283911
1099.5800308275223,-66.7993027091414,-66.7993027091414
1099.5900308275222,-66.80594643803407,-66.80594643803407
1099.6000308275222,-66.81259547826593,-66.81259547826593
1099.6100308275222,-66.81924980844471,-66.81924980844471
1099.6200308275222,-66.82590940704627,-66.82590940704627
1099.6300308275222,-66.83257425240224,-66.83257425240224
1099.6400308275222,-66.83924432272948,-66.83924432272948
1099.6500308275222,-66.84591959611005,-66.84591959611005
1099.6600308275222,-66.85260005049894,-66.85260005049894
1099.6700308275222,-66.85928566373724,-66.85928566373724
1099.6800308275224,-66.86597641354791,-66.86597641354791
1099.6900308275224,-66.87267227754339,-66.87267227754339
1099.7000308275224,-66.87937323320553,-66.87937323320553
1099.7100308275224,-66.88607925793572,-66.88607925793572
1099.7200308275224,-66.8927903290137,-66.8927903290137
1099.7300308275223,-66.89950642361711,-66.89950642361711
1099.7400308275223,-66.90622751882228,-66.90622751882228
1099.7500308275223,-66.91295359160898,-66.91295359160898
1099.7600308275223,-66.91968461886356,-66.91968461886356
1099.7700308275223,-66.92642057737643,-66.92642057737643
1099.7800308275223,-66.93316144385565,-66.93316144385565
1099.7900308275223,-66.93990719490961,-66.93990719490961
1099.8000308275223,-66.94665780707311,-66.94665780707311
1099.8100308275223,-66.95341325678835,-66.95341325678835
1099.8200308275223,-66.96017352042442,-66.96017352042442
1099.8300308275223,-66.96693857427124,-66.96693857427124
1099.8400308275222,-66.97370839453953,-66.97370839453953
1099.8500308275222,-66.98048295737266,-66.98048295737266
1099.8600308275222,-66.98726223884148,-66.98726223884148
1099.8700308275222,-66.9940462149522,-66.9940462149522
1099.8800308275222,-67.0008348616214,-67.0008348616214
1099.8900308275222,-67.00762815473418,-67.00762815473418
1099.9000308513641,-67.01442608627218,-67.01442608627218
1099.9100308513641,-67.02122859965881,-67.02122859965881
1099.9200308513641,-67.02803568671219,-67.02803568671219
1099.930030851364,-67.03484732307616,-67.03484732307616
1099.940030851364,-67.04166348433748,-67.04166348433748
1099.950030851364,-67.0484841460199,-67.0484841460199
1099.960030851364,-67.05530344074965,-67.05530344074965
1099.970030851364,-67.06211878360286,-67.06211878360286
1099.980030851364,-67.06892890291736,-67.06892890291736
1099.990030851364,-67.07573313542267,-67.07573313542267
1100.000030851364,-67.08253115699004,-67.08253115699004
1100.010030851364,-67.08932284263874,-67.08932284263874
1100.020030851364,-67.09610818448697,-67.09610818448697
1100.0300308513642,-67.10288724239568,-67.10288724239568
1100.0400308513642,-67.10966011425438,-67.10966011425438
1100.0500308513642,-67.11642691820164,-67.11642691820164
1100.0600308513642,-67.12318778199455,-67.12318778199455
1100.0700308513642,-67.12994283676814,-67.12994283676814
1100.0800308513642,-67.13669221346622,-67.13669221346622
1100.0900308513642,-67.14343604089612,-67.14343604089612
1100.1000308513642,-67.15017444474762,-67.15017444474762
1100.1100308513642,-67.15690754722407,-67.15690754722407
1100.1200308513642,-67.16363546695773,-67.16363546695773
1100.1300308513642,-67.17035831918368,-67.17035831918368
1100.1400308513641,-67.17707621596328,-67.17707621596328
1100.1500308513641,-67.18378926644489,-67.18378926644489
1100.1600308513641,-67.1904975771523,-67.1904975771523
1100.1700308513641,-67.19720125224002,-67.19720125224002
1100.180030851364,-67.20390039375205,-67.20390039375205
1100.190030851364,-67.21059510183737,-67.21059510183737
1100.200030851364,-67.21728547492152,-67.21728547492152
1100.210030851364,-67.22397160990073,-67.22397160990073
1100.220030851364,-67.23065360225598,-67.23065360225598
1100.230030851364,-67.23733154619451,-67.23733154619451
1100.240030851364,-67.2440055347353,-67.2440055347353
1100.250030851364,-67.25067565979559,-67.25067565979559
1100.260030851364,-67.25734201225788,-67.25734201225788
1100.270030851364,-67.26400468202867,-67.26400468202867
1100.2800308513642,-67.27066375807985,-67.27066375807985
1100.2900308513642,-67.27731932848643,-67.27731932848643
1100.3000308513642,-67.28397148045131,-67.28397148045131
1100.3100308513642,-67.29062030032904,-67.29062030032904
1100.3200308513642,-67.2972658736496,-67.2972658736496
1100.3300308513642,-67.30390828510227,-67.30390828510227
1100.3400308513642,-67.3105476185795,-67.3105476185795
1100.3500308513642,-67.31718395715892,-67.31718395715892
1100.3600308513642,-67.32381738310092,-67.32381738310092
1100.3700308513642,-67.33044797787191,-67.33044797787191
1100.3800308513642,-67.33707582211947,-67.33707582211947
1100.3900308513641,-67.34370099567492,-67.34370099567492
1100.4000308513641,-67.3503235775682,-67.3503235775682
1100.4100308513641,-67.35694364599173,-67.35694364599173
1100.4200308513641,-67.36356127831762,-67.36356127831762
1100.430030851364,-67.37017655108943,-67.37017655108943
1100.440030851364,-67.37678954000458,-67.37678954000458
1100.450030851364,-67.38340031992341,-67.38340031992341
1100.460030851364,-67.39000896485682,-67.39000896485682
1100.470030851364,-67.39661554796236,-67.39661554796236
1100.480030851364,-67.40322014152663,-67.40322014152663
1100.490030851364,-67.40982281697966,-67.40982281697966
1100.500030851364,-67.41642364488797,-67.41642364488797
1100.510030851364,-67.42302269492725,-67.42302269492725
1100.520030851364,-67.42962003591396,-67.42962003591396
1100.5300308513642,-67.43621573576512,-67.43621573576512
1100.5400308513642,-67.44280986153062,-67.44280986153062
1100.5500308513642,-67.44940247934993,-67.44940247934993
1100.5600308513642,-67.4559936544934,-67.4559936544934
1100.5700308513642,-67.46258345132712,-67.46258345132712
1100.5800308513642,-67.46917193332699,-67.46917193332699
1100.5900308513642,-67.4757591630729,-67.4757591630729
1100.6000308513642,-67.48234520225307,-67.48234520225307
1100.6100308513642,-67.48893011166274,-67.48893011166274
1100.6200308513642,-67.49551395119282,-67.49551395119282
1100.6300308513642,-67.50209677984704,-67.50209677984704
1100.6400308513641,-67.50867865572978,-67.50867865572978
1100.6500308513641,-67.5152596360607,-67.5152596360607
1100.6600308513641,-67.52183977716498,-67.52183977716498
1100.6700308513641,-67.52841913447953,-67.52841913447953
1100.680030851364,-67.5349977625612,-67.5349977625612
1100.690030851364,-67.5415757150774,-67.5415757150774
1100.700030851364,-67.5481530448187,-67.5481530448187
1100.710030851364,-67.55472391691255,-67.55472391691255
1100.720030851364,-67.56128580255806,-67.56128580255806
1100.730030851364,-67.56783749510555,-67.56783749510555
1100.740030851364,-67.5743783999236,-67.5743783999236
1100.750030875206,-67.58090827872104,-67.58090827872104
1100.760030875206,-67.58742704639332,-67.58742704639332
1100.770030875206,-67.59393478166835,-67.59393478166835
1100.780030875206,-67.60043161521095,-67.60043161521095
1100.790030875206,-67.60691771527468,-67.60691771527468
1100.800030875206,-67.61339326978121,-67.61339326978121
1100.810030875206,-67.61985847562606,-67.61985847562606
1100.820030875206,-67.62631353241363,-67.62631353241363
1100.830030875206,-67.63275863883447,-67.63275863883447
1100.840030875206,-67.63919399072054,-67.63919399072054
1100.850030875206,-67.64561978006047,-67.64561978006047
1100.860030875206,-67.652036194606,-67.652036194606
1100.8700308752059,-67.65844341783107,-67.65844341783107
1100.880030875206,-67.66484162905729,-67.66484162905729
1100.890030875206,-67.67123100369211,-67.67123100369211
1100.900030875206,-67.67761171351204,-67.67761171351204
1100.910030875206,-67.68398392694009,-67.68398392694009
1100.920030875206,-67.69034780929857,-67.69034780929857
1100.930030875206,-67.69670352309055,-67.69670352309055
1100.940030875206,-67.70305122818687,-67.70305122818687
1100.950030875206,-67.70939108205228,-67.70939108205228
1100.960030875206,-67.71571733943425,-67.71571733943425
1100.970030875206,-67.72202756790831,-67.72202756790831
1100.980030875206,-67.72832065924486,-67.72832065924486
1100.990030875206,-67.73459611766552,-67.73459611766552
1101.000030875206,-67.74085378806483,-67.74085378806483
1101.010030875206,-67.74709371480564,-67.74709371480564
1101.020030875206,-67.7533160589048,-67.7533160589048
1101.030030875206,-67.75952104828295,-67.75952104828295
1101.040030875206,-67.7657089478495,-67.7657089478495
1101.050030875206,-67.77188004154856,-67.77188004154856
1101.060030875206,-67.77803462167701,-67.77803462167701
1101.070030875206,-67.78417298259349,-67.78417298259349
1101.080030875206,-67.79029541712157,-67.79029541712157
1101.090030875206,-67.79640221458777,-67.79640221458777
1101.100030875206,-67.80249365984618,-67.80249365984618
1101.110030875206,-67.80857003289151,-67.80857003289151
1101.1200308752059,-67.81463160877408,-67.81463160877408
1101.130030875206,-67.82067865777185,-67.82067865777185
1101.140030875206,-67.82671144560196,-67.82671144560196
1101.150030875206,-67.83273023368928,-67.83273023368928
1101.160030875206,-67.8387352794469,-67.8387352794469
1101.170030875206,-67.84472683652848,-67.84472683652848
1101.180030875206,-67.85070515507637,-67.85070515507637
1101.190030875206,-67.85667048193179,-67.85667048193179
1101.200030875206,-67.86262306083745,-67.86262306083745
1101.210030875206,-67.86856313256257,-67.86856313256257
1101.220030875206,-67.8744909350859,-67.8744909350859
1101.230030875206,-67.88040670367948,-67.88040670367948
1101.240030875206,-67.8863106710117,-67.8863106710117
1101.250030875206,-67.89220306724864,-67.89220306724864
1101.260030875206,-67.89808412009441,-67.89808412009441
1101.270030875206,-67.90395405486066,-67.90395405486066
1101.280030875206,-67.90981309449833,-67.90981309449833
1101.290030875206,-67.91566145964616,-67.91566145964616
1101.300030875206,-67.92149936866186,-67.92149936866186
1101.310030875206,-67.92732703761911,-67.92732703761911
1101.320030875206,-67.93314468035706,-67.93314468035706
1101.330030875206,-67.93895250846846,-67.93895250846846
1101.340030875206,-67.94475073133832,-67.94475073133832
1101.350030875206,-67.95053955611056,-67.95053955611056
1101.360030875206,-67.95631918772911,-67.95631918772911
1101.3700308752059,-67.96208982893057,-67.96208982893057
1101.380030875206,-67.96785168023781,-67.96785168023781
1101.390030875206,-67.9736049399792,-67.9736049399792
1101.400030875206,-67.97934980427893,-67.97934980427893
1101.410030875206,-67.98508646705046,-67.98508646705046
1101.420030875206,-67.99081512001597,-67.99081512001597
1101.430030875206,-67.99653595269895,-67.99653595269895
1101.440030875206,-68.00224915241989,-68.00224915241989
1101.450030875206,-68.00795490430679,-68.00795490430679
1101.460030875206,-68.0136533912944,-68.0136533912944
1101.470030875206,-68.01934479412579,-68.01934479412579
1101.480030875206,-68.02502929134654,-68.02502929134654
1101.490030875206,-68.03070705932824,-68.03070705932824
1101.500030875206,-68.036378272258,-68.036378272258
1101.510030875206,-68.04204310213274,-68.04204310213274
1101.520030875206,-68.04770171880416,-68.04770171880416
1101.530030875206,-68.05335428993557,-68.05335428993557
1101.540030875206,-68.05900098103986,-68.05900098103986
1101.550030875206,-68.06464195547831,-68.06464195547831
1101.560030875206,-68.07027737446398,-68.07027737446398
1101.570030875206,-68.0759073970726,-68.0759073970726
1101.580030875206,-68.08153218025811,-68.08153218025811
1101.590030875206,-68.08715187885075,-68.08715187885075
1101.6000308990479,-68.09276665894427,-68.09276665894427
1101.6100308990478,-68.09837664443828,-68.09837664443828
1101.6200308990478,-68.10398199723183,-68.10398199723183
1101.6300308990478,-68.10958286379632,-68.10958286379632
1101.6400308990478,-68.11517938854708,-68.11517938854708
1101.6500308990478,-68.12077171382835,-68.12077171382835
1101.6600308990478,-68.12635997996487,-68.12635997996487
1101.6700308990478,-68.1319443252461,-68.1319443252461
1101.6800308990478,-68.1375248859601,-68.1375248859601
1101.6900308990478,-68.14310179639826,-68.14310179639826
1101.7000308990478,-68.14867518886594,-68.14867518886594
1101.7100308990478,-68.15424519370664,-68.15424519370664
1101.7200308990477,-68.15981193931067,-68.15981193931067
1101.730030899048,-68.16537555213526,-68.16537555213526
1101.740030899048,-68.17093615671294,-68.17093615671294
1101.750030899048,-68.17649387567566,-68.17649387567566
1101.760030899048,-68.18204882976532,-68.18204882976532
1101.770030899048,-68.18760113785183,-68.18760113785183
1101.780030899048,-68.19315091695597,-68.19315091695597
1101.790030899048,-68.19869828225643,-68.19869828225643
1101.800030899048,-68.20424334711126,-68.20424334711126
1101.810030899048,-68.2097862230709,-68.2097862230709
1101.8200308990479,-68.21532701990675,-68.21532701990675
1101.8300308990479,-68.2208658456156,-68.2208658456156
1101.8400308990479,-68.2264028064501,-68.2264028064501
1101.8500308990479,-68.23193800691121,-68.23193800691121
1101.8600308990478,-68.23747154980563,-68.23747154980563
1101.8700308990478,-68.24300353622917,-68.24300353622917
1101.8800308990478,-68.24853406559036,-68.24853406559036
1101.8900308990478,-68.25406323565295,-68.25406323565295
1101.9000308990478,-68.25959114251339,-68.25959114251339
1101.9100308990478,-68.26511788065713,-68.26511788065713
1101.9200308990478,-68.27064354295132,-68.27064354295132
1101.9300308990478,-68.27616822067502,-68.27616822067502
1101.9400308990478,-68.28169200353709,-68.28169200353709
1101.9500308990478,-68.28721497967788,-68.28721497967788
1101.9600308990478,-68.29273723570995,-68.29273723570995
1101.9700308990477,-68.29825885672263,-68.29825885672263
1101.980030899048,-68.30377992629711,-68.30377992629711
1101.990030899048,-68.30930052653987,-68.30930052653987
1102.000030899048,-68.3148207380811,-68.3148207380811
1102.010030899048,-68.32034064010396,-68.32034064010396
1102.020030899048,-68.32586031035628,-68.32586031035628
1102.030030899048,-68.3313798251769,-68.3313798251769
1102.040030899048,-68.3368992595012,-68.3368992595012
1102.050030899048,-68.3424186868768,-68.3424186868768
1102.060030899048,-68.34793817950406,-68.34793817950406
1102.0700308990479,-68.35345780821932,-68.35345780821932
1102.0800308990479,-68.35897764254885,-68.35897764254885
1102.0900308990479,-68.36449775068287,-68.36449775068287
1102.1000308990479,-68.37001819953397,-68.37001819953397
1102.1100308990478,-68.37553905472554,-68.37553905472554
1102.1200308990478,-68.38106038062202,-68.38106038062202
1102.1300308990478,-68.38658224033338,-68.38658224033338
1102.1400308990478,-68.39210469574273,-68.39210469574273
1102.1500308990478,-68.39762780752673,-68.39762780752673
1102.1600308990478,-68.40315163515434,-68.40315163515434
1102.1700308990478,-68.40867623691236,-68.40867623691236
1102.1800308990478,-68.41420166992125,-68.41420166992125
1102.1900308990478,-68.41972799014651,-68.41972799014651
1102.2000308990478,-68.42525525242553,-68.42525525242553
1102.2100308990478,-68.43078351046493,-68.43078351046493
1102.2200308990477,-68.43631281687519,-68.43631281687519
1102.230030899048,-68.44184322316849,-68.44184322316849
1102.240030899048,-68.44737477978198,-68.44737477978198
1102.250030899048,-68.45290753608826,-68.45290753608826
1102.260030899048,-68.45844154042065,-68.45844154042065
1102.270030899048,-68.46397684008002,-68.46397684008002
1102.280030899048,-68.46951348134228,-68.46951348134228
1102.290030899048,-68.47505150948032,-68.47505150948032
1102.300030899048,-68.4805909687779,-68.4805909687779
1102.310030899048,-68.48613190254905,-68.48613190254905
1102.3200308990479,-68.49167435312609,-68.49167435312609
1102.3300308990479,-68.49721836192269,-68.49721836192269
1102.3400308990479,-68.50276396939046,-68.50276396939046
1102.3500308990479,-68.50831121506675,-68.50831121506675
1102.3600308990478,-68.513860137582,-68.513860137582
1102.3700308990478,-68.5194107746597,-68.5194107746597
1102.3800308990478,-68.52496316315681,-68.52496316315681
1102.3900308990478,-68.53051733904184,-68.53051733904184
1102.4000308990478,-68.53607333744009,-68.53607333744009
1102.4100308990478,-68.54163119261676,-68.54163119261676
1102.4200308990478,-68.5471909380208,-68.5471909380208
1102.4300308990478,-68.5527526062582,-68.5527526062582
1102.4400308990478,-68.55831622913138,-68.55831622913138
1102.4500309228897,-68.56388185089403,-68.56388185089403
1102.4600309228897,-68.56944350053928,-68.56944350053928
1102.4700309228897,-68.5749986032812,-68.5749986032812
1102.4800309228897,-68.58054591323234,-68.58054591323234
1102.4900309228897,-68.58608480571996,-68.58608480571996
1102.5000309228897,-68.59161500202052,-68.59161500202052
1102.5100309228897,-68.59713642628662,-68.59713642628662
1102.5200309228896,-68.60264912166897,-68.60264912166897
1102.5300309228896,-68.6081531999049,-68.6081531999049
1102.5400309228896,-68.61364881100975,-68.61364881100975
1102.5500309228896,-68.6191361250602,-68.6191361250602
1102.5600309228896,-68.6246153213698,-68.6246153213698
1102.5700309228896,-68.63008658212934,-68.63008658212934
1102.5800309228898,-68.63555008874891,-68.63555008874891
1102.5900309228898,-68.64100601987417,-68.64100601987417
1102.6000309228898,-68.64645455039685,-68.64645455039685
1102.6100309228898,-68.65189585106427,-68.65189585106427
1102.6200309228898,-68.65733008841822,-68.65733008841822
1102.6300309228898,-68.66275742496428,-68.66275742496428
1102.6400309228898,-68.66817801938076,-68.66817801938076
1102.6500309228898,-68.67359202682431,-68.67359202682431
1102.6600309228897,-68.67899959920808,-68.67899959920808
1102.6700309228897,-68.68440088546912,-68.68440088546912
1102.6800309228897,-68.68979603185365,-68.68979603185365
1102.6900309228897,-68.69518518209793,-68.69518518209793
1102.7000309228897,-68.70056847767398,-68.70056847767398
1102.7100309228897,-68.70594007150557,-68.70594007150557
1102.7200309228897,-68.71129747861211,-68.71129747861211
1102.7300309228897,-68.71663955777221,-68.71663955777221
1102.7400309228897,-68.72196578925458,-68.72196578925458
1102.7500309228897,-68.72727599908427,-68.72727599908427
1102.7600309228897,-68.73257021574562,-68.73257021574562
1102.7700309228896,-68.7378485862019,-68.7378485862019
1102.7800309228896,-68.7431113254329,-68.7431113254329
1102.7900309228896,-68.74835868607674,-68.74835868607674
1102.8000309228896,-68.75359094022456,-68.75359094022456
1102.8100309228896,-68.75880836858649,-68.75880836858649
1102.8200309228896,-68.76401125410841,-68.76401125410841
1102.8300309228898,-68.76919987833804,-68.76919987833804
1102.8400309228898,-68.7743745194346,-68.7743745194346
1102.8500309228898,-68.77953545115143,-68.77953545115143
1102.8600309228898,-68.78468294247638,-68.78468294247638
1102.8700309228898,-68.78981725754447,-68.78981725754447
1102.8800309228898,-68.79493865578871,-68.79493865578871
1102.8900309228898,-68.80004739216777,-68.80004739216777
1102.9000309228898,-68.80514371745134,-68.80514371745134
1102.9100309228897,-68.81022787848926,-68.81022787848926
1102.9200309228897,-68.81530011846253,-68.81530011846253
1102.9300309228897,-68.82036067714978,-68.82036067714978
1102.9400309228897,-68.82540979113642,-68.82540979113642
1102.9500309228897,-68.83044769400065,-68.83044769400065
1102.9600309228897,-68.83546861951724,-68.83546861951724
1102.9700309228897,-68.84047016929063,-68.84047016929063
1102.9800309228897,-68.84545129048188,-68.84545129048188
1102.9900309228897,-68.85041155214206,-68.85041155214206
1103.0000309228897,-68.8553508689463,-68.8553508689463
1103.0100309228897,-68.86026935763319,-68.86026935763319
1103.0200309228896,-68.86516725285587,-68.86516725285587
1103.0300309228896,-68.87004485662197,-68.87004485662197
1103.0400309228896,-68.87490250786406,-68.87490250786406
1103.0500309228896,-68.87974056421031,-68.87974056421031
1103.0600309228896,-68.88455939110445,-68.88455939110445
1103.0700309228896,-68.88935935543259,-68.88935935543259
1103.0800309228898,-68.89414082184398,-68.89414082184398
1103.0900309228898,-68.89890415076657,-68.89890415076657
1103.1000309228898,-68.90364969739973,-68.90364969739973
1103.1100309228898,-68.90837781131202,-68.90837781131202
1103.1200309228898,-68.91308883639189,-68.91308883639189
1103.1300309228898,-68.91778311098136,-68.91778311098136
1103.1400309228898,-68.92246096808398,-68.92246096808398
1103.1500309228898,-68.92712273566117,-68.92712273566117
1103.1600309228897,-68.93176873691714,-68.93176873691714
1103.1700309228897,-68.93639929052108,-68.93639929052108
1103.1800309228897,-68.94101471090141,-68.94101471090141
1103.1900309228897,-68.94561530842948,-68.94561530842948
1103.2000309228897,-68.95020138962543,-68.95020138962543
1103.2100309228897,-68.95477325732412,-68.95477325732412
1103.2200309228897,-68.9593312108041,-68.9593312108041
1103.2300309228897,-68.96387554591364,-68.96387554591364
1103.2400309228897,-68.96840655517886,-68.96840655517886
1103.2500309228897,-68.97292452787549,-68.97292452787549
1103.2600309228897,-68.97742975010355,-68.97742975010355
1103.2700309228896,-68.98192250485056,-68.98192250485056
1103.2800309228896,-68.98640307204015,-68.98640307204015
1103.2900309228896,-68.99087172855086,-68.99087172855086
1103.3000309467316,-68.99532875887479,-68.99532875887479
1103.3100309467316,-68.99977441268483,-68.99977441268483
1103.3200309467315,-69.00420896857716,-69.00420896857716
1103.3300309467315,-69.00863269157672,-69.00863269157672
1103.3400309467315,-69.01304584379346,-69.01304584379346
1103.3500309467315,-69.01744868442935,-69.01744868442935
1103.3600309467315,-69.02184146978617,-69.02184146978617
1103.3700309467315,-69.0262244532746,-69.0262244532746
1103.3800309467315,-69.03059788541988,-69.03059788541988
1103.3900309467315,-69.03496201388015,-69.03496201388015
1103.4000309467315,-69.03931708342841,-69.03931708342841
1103.4100309467315,-69.04366333599575,-69.04366333599575
1103.4200309467315,-69.04800101064721,-69.04800101064721
1103.4300309467317,-69.05233034358352,-69.05233034358352
1103.4400309467317,-69.05665156817527,-69.05665156817527
1103.4500309467317,-69.0609649149518,-69.0609649149518
1103.4600309467316,-69.06526459622992,-69.06526459622992
1103.4700309467316,-69.06954820364042,-69.06954820364042
1103.4800309467316,-69.0738146786136,-69.0738146786136
1103.4900309467316,-69.07806358617465,-69.07806358617465
1103.5000309467316,-69.08229483765618,-69.08229483765618
1103.5100309467316,-69.08650854662247,-69.08650854662247
1103.5200309467316,-69.09070494436367,-69.09070494436367
1103.5300309467316,-69.09488432914479,-69.09488432914479
1103.5400309467316,-69.09904703564688,-69.09904703564688
1103.5500309467316,-69.1031934166576,-69.1031934166576
1103.5600309467316,-69.10732383215664,-69.10732383215664
1103.5700309467315,-69.1114386428976,-69.1114386428976
1103.5800309467315,-69.11553820674743,-69.11553820674743
1103.5900309467315,-69.11962287670991,-69.11962287670991
1103.6000309467315,-69.12369299990073,-69.12369299990073
1103.6100309467315,-69.12774891717382,-69.12774891717382
1103.6200309467315,-69.13179096309747,-69.13179096309747
1103.6300309467315,-69.13581946608015,-69.13581946608015
1103.6400309467315,-69.13983474865181,-69.13983474865181
1103.6500309467315,-69.14383712772619,-69.14383712772619
1103.6600309467315,-69.14782691493558,-69.14782691493558
1103.6700309467315,-69.15180441690114,-69.15180441690114
1103.6800309467317,-69.15576993548471,-69.15576993548471
1103.6900309467317,-69.15972376807129,-69.15972376807129
1103.7000309467317,-69.16366620774176,-69.16366620774176
1103.7100309467316,-69.16759754348718,-69.16759754348718
1103.7200309467316,-69.17151806035571,-69.17151806035571
1103.7300309467316,-69.17542803960568,-69.17542803960568
1103.7400309467316,-69.17932775882123,-69.17932775882123
1103.7500309467316,-69.18321749202234,-69.18321749202234
1103.7600309467316,-69.18709750975735,-69.18709750975735
1103.7700309467316,-69.19096807916529,-69.19096807916529
1103.7800309467316,-69.19482946405707,-69.19482946405707
1103.7900309467316,-69.19868192496973,-69.19868192496973
1103.8000309467316,-69.20252571922099,-69.20252571922099
1103.8100309467316,-69.20636110094617,-69.20636110094617
1103.8200309467315,-69.21018832113558,-69.21018832113558
1103.8300309467315,-69.21400762767435,-69.21400762767435
1103.8400309467315,-69.21781926536609,-69.21781926536609
1103.8500309467315,-69.22162347596444,-69.22162347596444
1103.8600309467315,-69.22542049819893,-69.22542049819893
1103.8700309467315,-69.22921056780012,-69.22921056780012
1103.8800309467315,-69.23299391749575,-69.23299391749575
1103.8900309467315,-69.23677077706837,-69.23677077706837
1103.9000309467315,-69.24054137335115,-69.24054137335115
1103.9100309467315,-69.244305930247,-69.244305930247
1103.9200309467315,-69.24806466874179,-69.24806466874179
1103.9300309467317,-69.25181780694328,-69.25181780694328
1103.9400309467317,-69.25556556007452,-69.25556556007452
1103.9500309467317,-69.25930814050564,-69.25930814050564
1103.9600309467316,-69.2630397263606,-69.2630397263606
1103.9700309467316,-69.26675788516393,-69.26675788516393
1103.9800309467316,-69.27046153815162,-69.27046153815162
1103.9900309467316,-69.27415023194888,-69.27415023194888
1104.0000309467316,-69.27782386046401,-69.27782386046401
1104.0100309467316,-69.28148252038984,-69.28148252038984
1104.0200309467316,-69.285126426476,-69.285126426476
1104.0300309467316,-69.28875586057826,-69.28875586057826
1104.0400309467316,-69.29237114106405,-69.29237114106405
1104.0500309467316,-69.29597260442098,-69.29597260442098
1104.0600309467316,-69.29956059432281,-69.29956059432281
1104.0700309467315,-69.30313545522465,-69.30313545522465
1104.0800309467315,-69.30669752867239,-69.30669752867239
1104.0900309467315,-69.31024715133269,-69.31024715133269
1104.1000309467315,-69.31378465398578,-69.31378465398578
1104.1100309467315,-69.31731036115785,-69.31731036115785
1104.1200309467315,-69.32082459110457,-69.32082459110457
1104.1300309467315,-69.32432765594517,-69.32432765594517
1104.1400309467315,-69.3278198619252,-69.3278198619252
1104.1500309705734,-69.33130151803388,-69.33130151803388
1104.1600309705734,-69.33477290311417,-69.33477290311417
1104.1700309705734,-69.33823431597243,-69.33823431597243
1104.1800309705734,-69.34168604240426,-69.34168604240426
1104.1900309705734,-69.34512836377955,-69.34512836377955
1104.2000309705734,-69.34856155725348,-69.34856155725348
1104.2100309705734,-69.35198589594786,-69.35198589594786
1104.2200309705734,-69.3554016491341,-69.3554016491341
1104.2300309705734,-69.3588090823794,-69.3588090823794
1104.2400309705733,-69.36220845766157,-69.36220845766157
1104.2500309705733,-69.36560003348795,-69.36560003348795
1104.2600309705733,-69.36898406498517,-69.36898406498517
1104.2700309705733,-69.37236080397439,-69.37236080397439
1104.2800309705735,-69.37573049904842,-69.37573049904842
1104.2900309705735,-69.37909339563939,-69.37909339563939
1104.3000309705735,-69.38244973604671,-69.38244973604671
1104.3100309705735,-69.38579975950489,-69.38579975950489
1104.3200309705735,-69.38914370221123,-69.38914370221123
1104.3300309705735,-69.39248179737493,-69.39248179737493
1104.3400309705735,-69.39581427523044,-69.39581427523044
1104.3500309705735,-69.39914136308398,-69.39914136308398
1104.3600309705735,-69.40246328532075,-69.40246328532075
1104.3700309705735,-69.40578026344116,-69.40578026344116
1104.3800309705734,-69.40909251607754,-69.40909251607754
1104.3900309705734,-69.41240025902499,-69.41240025902499
1104.4000309705734,-69.41570370523358,-69.41570370523358
1104.4100309705734,-69.41900306485825,-69.41900306485825
1104.4200309705734,-69.42229854526302,-69.42229854526302
1104.4300309705734,-69.42559035103216,-69.42559035103216
1104.4400309705734,-69.42887868400643,-69.42887868400643
1104.4500309705734,-69.43216374326168,-69.43216374326168
1104.4600309705734,-69.435445725177,-69.435445725177
1104.4700309705734,-69.43872482341489,-69.43872482341489
1104.4800309705734,-69.44200122894927,-69.44200122894927
1104.4900309705733,-69.4452751300797,-69.4452751300797
1104.5000309705733,-69.44854671245861,-69.44854671245861
1104.5100309705733,-69.45181615910009,-69.45181615910009
1104.5200309705733,-69.45508365039316,-69.45508365039316
1104.5300309705735,-69.45834936413252,-69.45834936413252
1104.5400309705735,-69.46161347551553,-69.46161347551553
1104.5500309705735,-69.46487615719101,-69.46487615719101
1104.5600309705735,-69.46813757926243,-69.46813757926243
1104.5700309705735,-69.47139790929857,-69.47139790929857
1104.5800309705735,-69.47465731235181,-69.47465731235181
1104.5900309705735,-69.4779159510031,-69.4779159510031
1104.6000309705735,-69.48117398535766,-69.48117398535766
1104.6100309705735,-69.48443157307203,-69.48443157307203
1104.6200309705735,-69.48768886937944,-69.48768886937944
1104.6300309705734,-69.49094602709464,-69.49094602709464
1104.6400309705734,-69.49420319666396,-69.49420319666396
1104.6500309705734,-69.49746052616004,-69.49746052616004
1104.6600309705734,-69.50071816129812,-69.50071816129812
1104.6700309705734,-69.50397624548998,-69.50397624548998
1104.6800309705734,-69.50723491983727,-69.50723491983727
1104.6900309705734,-69.51049432315243,-69.51049432315243
1104.7000309705734,-69.5137545920072,-69.5137545920072
1104.7100309705734,-69.5170158607315,-69.5170158607315
1104.7200309705734,-69.52027826143218,-69.52027826143218
1104.7300309705734,-69.52354192403091,-69.52354192403091
1104.7400309705733,-69.526806976284,-69.526806976284
1104.7500309705733,-69.53007354379231,-69.53007354379231
1104.7600309705733,-69.53334175002513,-69.53334175002513
1104.7700309705733,-69.5366117163632,-69.5366117163632
1104.7800309705735,-69.53988356210077,-69.53988356210077
1104.7900309705735,-69.54315740446899,-69.54315740446899
1104.8000309705735,-69.5464333586723,-69.5464333586723
1104.8100309705735,-69.54971153789118,-69.54971153789118
1104.8200309705735,-69.55299205332166,-69.55299205332166
1104.8300309705735,-69.55627501418526,-69.55627501418526
1104.8400309705735,-69.5595605277647,-69.5595605277647
1104.8500309705735,-69.56284869940944,-69.56284869940944
1104.8600309705735,-69.56613963257789,-69.56613963257789
1104.8700309705735,-69.56943342883231,-69.56943342883231
1104.8800309705734,-69.57273018789422,-69.57273018789422
1104.8900309705734,-69.57603000763432,-69.57603000763432
1104.9000309705734,-69.57933298411811,-69.57933298411811
1104.9100309705734,-69.58263921161422,-69.58263921161422
1104.9200309705734,-69.58594878261987,-69.58594878261987
1104.9300309705734,-69.58926178788923,-69.58926178788923
1104.9400309705734,-69.59257831643873,-69.59257831643873
1104.9500309705734,-69.5958984555881,-69.5958984555881
1104.9600309705734,-69.59922229096811,-69.59922229096811
1104.9700309705734,-69.60254990654386,-69.60254990654386
1104.9800309705734,-69.605881384637,-69.605881384637
1104.9900309705733,-69.60921680595169,-69.60921680595169
1105.0000309944153,-69.61255625752719,-69.61255625752719
1105.0100309944153,-69.61589980101739,-69.61589980101739
1105.0200309944153,-69.61924752028668,-69.61924752028668
1105.0300309944153,-69.6225994897675,-69.6225994897675
1105.0400309944152,-69.62595578234601,-69.62595578234601
1105.0500309944152,-69.62931646942121,-69.62931646942121
1105.0600309944152,-69.63268162089844,-69.63268162089844
1105.0700309944152,-69.63605130523861,-69.63605130523861
1105.0800309944152,-69.63942558945186,-69.63942558945186
1105.0900309944152,-69.64280453912305,-69.64280453912305
1105.1000309944152,-69.64618821842566,-69.64618821842566
1105.1100309944152,-69.64957669016148,-69.64957669016148
1105.1200309944152,-69.65297001576954,-69.65297001576954
1105.1300309944154,-69.65636825532088,-69.65636825532088
1105.1400309944154,-69.65977146757652,-69.65977146757652
1105.1500309944154,-69.66317970997447,-69.66317970997447
1105.1600309944154,-69.66659303866508,-69.66659303866508
1105.1700309944154,-69.6700115085138,-69.6700115085138
1105.1800309944153,-69.67343517314016,-69.67343517314016
1105.1900309944153,-69.67686408491996,-69.67686408491996
1105.2000309944153,-69.68029829499302,-69.68029829499302
1105.2100309944153,-69.68373785331124,-69.68373785331124
1105.2200309944153,-69.68718280862677,-69.68718280862677
1105.2300309944153,-69.69063320851748,-69.69063320851748
1105.2400309944153,-69.69408909940509,-69.69408909940509
1105.2500309944153,-69.69755052657533,-69.69755052657533
1105.2600309944153,-69.70101753419385,-69.70101753419385
1105.2700309944153,-69.7044901653005,-69.7044901653005
1105.2800309944153,-69.70796846186222,-69.70796846186222
1105.2900309944152,-69.7114524647526,-69.7114524647526
1105.3000309944152,-69.71494221380615,-69.71494221380615
1105.3100309944152,-69.7184377477833,-69.7184377477833
1105.3200309944152,-69.72193910443478,-69.72193910443478
1105.3300309944152,-69.72544632048371,-69.72544632048371
1105.3400309944152,-69.72895943166012,-69.72895943166012
1105.3500309944152,-69.73247847269137,-69.73247847269137
1105.3600309944152,-69.73600347735356,-69.73600347735356
1105.3700309944152,-69.73953447844453,-69.73953447844453
1105.3800309944154,-69.74307150782893,-69.74307150782893
1105.3900309944154,-69.74661459644001,-69.74661459644001
1105.4000309944154,-69.75016377428419,-69.75016377428419
1105.4100309944154,-69.75371907047855,-69.75371907047855
1105.4200309944154,-69.75728051323713,-69.75728051323713
1105.4300309944153,-69.76084812990325,-69.76084812990325
1105.4400309944153,-69.7644219469553,-69.7644219469553
1105.4500309944153,-69.76800199001073,-69.76800199001073
1105.4600309944153,-69.77158828385727,-69.77158828385727
1105.4700309944153,-69.77518085245902,-69.77518085245902
1105.4800309944153,-69.77877971895992,-69.77877971895992
1105.4900309944153,-69.78238490570064,-69.78238490570064
1105.5000309944153,-69.78599643423121,-69.78599643423121
1105.5100309944153,-69.78961432533029,-69.78961432533029
1105.5200309944153,-69.7932385990097,-69.7932385990097
1105.5300309944153,-69.79686927450967,-69.79686927450967
1105.5400309944152,-69.80050637034562,-69.80050637034562
1105.5500309944152,-69.80414990430317,-69.80414990430317
1105.5600309944152,-69.80779989342284,-69.80779989342284
1105.5700309944152,-69.81145635404752,-69.81145635404752
1105.5800309944152,-69.81511930182963,-69.81511930182963
1105.5900309944152,-69.81878875172627,-69.81878875172627
1105.6000309944152,-69.82246471800883,-69.82246471800883
1105.6100309944152,-69.8261472142855,-69.8261472142855
1105.6200309944152,-69.82983625351245,-69.82983625351245
1105.6300309944154,-69.83353184798952,-69.83353184798952
1105.6400309944154,-69.83723400937666,-69.83723400937666
1105.6500309944154,-69.84094274871862,-69.84094274871862
1105.6600309944154,-69.84465807642655,-69.84465807642655
1105.6700309944154,-69.84838000230607,-69.84838000230607
1105.6800309944153,-69.85210853557585,-69.85210853557585
1105.6900309944153,-69.85584368485142,-69.85584368485142
1105.7000309944153,-69.85958545816612,-69.85958545816612
1105.7100309944153,-69.86332777725814,-69.86332777725814
1105.7200309944153,-69.86706798554606,-69.86706798554606
1105.7300309944153,-69.87080479436554,-69.87080479436554
1105.7400309944153,-69.87453754816991,-69.87453754816991
1105.7500309944153,-69.87826594399377,-69.87826594399377
1105.7600309944153,-69.88198988565874,-69.88198988565874
1105.7700309944153,-69.88570939826764,-69.88570939826764
1105.7800309944153,-69.88942457684546,-69.88942457684546
1105.7900309944152,-69.8931355554063,-69.8931355554063
1105.8000309944152,-69.89684248844841,-69.89684248844841
1105.8100309944152,-69.9005455398759,-69.9005455398759
1105.8200309944152,-69.90424487655119,-69.90424487655119
1105.8300309944152,-69.90794066455253,-69.90794066455253
1105.8400309944152,-69.91163306717783,-69.91163306717783
1105.8500310182571,-69.91532225270137,-69.91532225270137
1105.8600310182571,-69.9190083588809,-69.9190083588809
1105.8700310182571,-69.92269154558302,-69.92269154558302
1105.8800310182571,-69.92637195982054,-69.92637195982054
1105.890031018257,-69.93004974478428,-69.93004974478428
1105.900031018257,-69.93372504013337,-69.93372504013337
1105.910031018257,-69.93739798229323,-69.93739798229323
1105.920031018257,-69.94106870473713,-69.94106870473713
1105.930031018257,-69.94473733825394,-69.94473733825394
1105.940031018257,-69.94840401119204,-69.94840401119204
1105.950031018257,-69.9520688496434,-69.9520688496434
1105.960031018257,-69.95573197764195,-69.95573197764195
1105.970031018257,-69.95939351731063,-69.95939351731063
1105.9800310182573,-69.96305358900672,-69.96305358900672
1105.9900310182572,-69.96671231139895,-69.96671231139895
1106.0000310182572,-69.9703698016105,-69.9703698016105
1106.0100310182572,-69.97402617524618,-69.97402617524618
1106.0200310182572,-69.97768154649224,-69.97768154649224
1106.0300310182572,-69.9813360281615,-69.9813360281615
1106.0400310182572,-69.98498973173179,-69.98498973173179
1106.0500310182572,-69.98864276738811,-69.98864276738811
1106.0600310182572,-69.99229524403488,-69.99229524403488
1106.0700310182572,-69.99594726935089,-69.99594726935089
1106.0800310182572,-69.99959894977373,-69.99959894977373
1106.0900310182572,-70.0032503905383,-70.0032503905383
1106.1000310182571,-70.00690169566795,-70.00690169566795
1106.1100310182571,-70.01055296800193,-70.01055296800193
1106.1200310182571,-70.01420430918742,-70.01420430918742
1106.1300310182571,-70.0178558196806,-70.0178558196806
1106.140031018257,-70.02150759876486,-70.02150759876486
1106.150031018257,-70.02515974454508,-70.02515974454508
1106.160031018257,-70.02881235395188,-70.02881235395188
1106.170031018257,-70.03246552271882,-70.03246552271882
1106.180031018257,-70.03611934540855,-70.03611934540855
1106.190031018257,-70.03977391540835,-70.03977391540835
1106.200031018257,-70.04342932492006,-70.04342932492006
1106.210031018257,-70.04708566496038,-70.04708566496038
1106.220031018257,-70.05074302537228,-70.05074302537228
1106.2300310182573,-70.05440149479483,-70.05440149479483
1106.2400310182572,-70.05806116070505,-70.05806116070505
1106.2500310182572,-70.06172210938362,-70.06172210938362
1106.2600310182572,-70.0653844259205,-70.0653844259205
1106.2700310182572,-70.06904819423893,-70.06904819423893
1106.2800310182572,-70.07271349706218,-70.07271349706218
1106.2900310182572,-70.07638041593214,-70.07638041593214
1106.3000310182572,-70.08004903121548,-70.08004903121548
1106.3100310182572,-70.0837194220924,-70.0837194220924
1106.3200310182572,-70.0873916665678,-70.0873916665678
1106.3300310182572,-70.09106584147105,-70.09106584147105
1106.3400310182572,-70.09474202245343,-70.09474202245343
1106.3500310182571,-70.09842028400372,-70.09842028400372
1106.3600310182571,-70.10210069945093,-70.10210069945093
1106.3700310182571,-70.10578334093387,-70.10578334093387
1106.3800310182571,-70.10946827946546,-70.10946827946546
1106.390031018257,-70.11315558488488,-70.11315558488488
1106.400031018257,-70.11684532589635,-70.11684532589635
1106.410031018257,-70.1205375700426,-70.1205375700426
1106.420031018257,-70.12423238375177,-70.12423238375177
1106.430031018257,-70.12792983231849,-70.12792983231849
1106.440031018257,-70.13162997988302,-70.13162997988302
1106.450031018257,-70.13533288949243,-70.13533288949243
1106.460031018257,-70.1390325124656,-70.1390325124656
1106.470031018257,-70.14272623476627,-70.14272623476627
1106.4800310182573,-70.14641281512712,-70.14641281512712
1106.4900310182572,-70.15009164735913,-70.15009164735913
1106.5000310182572,-70.15376247869865,-70.15376247869865
1106.5100310182572,-70.15742526346888,-70.15742526346888
1106.5200310182572,-70.16108007725806,-70.16108007725806
1106.5300310182572,-70.16472706535922,-70.16472706535922
1106.5400310182572,-70.16836641175264,-70.16836641175264
1106.5500310182572,-70.17199832048759,-70.17199832048759
1106.5600310182572,-70.17562300460935,-70.17562300460935
1106.5700310182572,-70.17924067964553,-70.17924067964553
1106.5800310182572,-70.18285155986689,-70.18285155986689
1106.5900310182572,-70.18645585629021,-70.18645585629021
1106.6000310182571,-70.19005377564157,-70.19005377564157
1106.6100310182571,-70.19364551995777,-70.19364551995777
1106.6200310182571,-70.19723128656504,-70.19723128656504
1106.6300310182571,-70.20081126820632,-70.20081126820632
1106.640031018257,-70.20438565330012,-70.20438565330012
1106.650031018257,-70.20795462624281,-70.20795462624281
1106.660031018257,-70.21151836769475,-70.21151836769475
1106.670031018257,-70.21507705486654,-70.21507705486654
1106.680031018257,-70.2186308617902,-70.2186308617902
1106.690031018257,-70.22217995955158,-70.22217995955158
1106.700031042099,-70.2257245249362,-70.2257245249362
1106.710031042099,-70.22926470685806,-70.22926470685806
1106.720031042099,-70.23280067715567,-70.23280067715567
1106.730031042099,-70.23633259695707,-70.23633259695707
1106.740031042099,-70.23986062524918,-70.23986062524918
1106.750031042099,-70.2433849189498,-70.2433849189498
1106.760031042099,-70.24690563300902,-70.24690563300902
1106.770031042099,-70.25042292047388,-70.25042292047388
1106.780031042099,-70.25393693253645,-70.25393693253645
1106.790031042099,-70.25744781859024,-70.25744781859024
1106.800031042099,-70.26095572625711,-70.26095572625711
1106.810031042099,-70.26446080144137,-70.26446080144137
1106.820031042099,-70.2679631883293,-70.2679631883293
1106.830031042099,-70.2714630294263,-70.2714630294263
1106.840031042099,-70.27496046556448,-70.27496046556448
1106.850031042099,-70.2784556359437,-70.2784556359437
1106.860031042099,-70.28194867810048,-70.28194867810048
1106.870031042099,-70.28543972795934,-70.28543972795934
1106.880031042099,-70.28892891980423,-70.28892891980423
1106.890031042099,-70.29241638632305,-70.29241638632305
1106.900031042099,-70.29590225857618,-70.29590225857618
1106.910031042099,-70.29938666603603,-70.29938666603603
1106.920031042099,-70.30286973655278,-70.30286973655278
1106.930031042099,-70.30635159638915,-70.30635159638915
1106.940031042099,-70.30983237020187,-70.30983237020187
1106.950031042099,-70.31331218107498,-70.31331218107498
1106.960031042099,-70.31679115049955,-70.31679115049955
1106.970031042099,-70.32026939836973,-70.32026939836973
1106.980031042099,-70.32374704299491,-70.32374704299491
1106.990031042099,-70.32722420111722,-70.32722420111722
1107.000031042099,-70.33070098790458,-70.33070098790458
1107.010031042099,-70.3341775169515,-70.3341775169515
1107.020031042099,-70.33765390027251,-70.33765390027251
1107.030031042099,-70.3411302483531,-70.3411302483531
1107.040031042099,-70.34460667008925,-70.34460667008925
1107.050031042099,-70.34808327285239,-70.34808327285239
1107.060031042099,-70.35156016245054,-70.35156016245054
1107.070031042099,-70.35503744315871,-70.35503744315871
1107.080031042099,-70.35851521772598,-70.35851521772598
1107.090031042099,-70.36199358736677,-70.36199358736677
1107.100031042099,-70.36547265178659,-70.36547265178659
1107.110031042099,-70.36895250917749,-70.36895250917749
1107.120031042099,-70.37243325623027,-70.37243325623027
1107.130031042099,-70.37591498814128,-70.37591498814128
1107.140031042099,-70.37939779862144,-70.37939779862144
1107.150031042099,-70.38288177991167,-70.38288177991167
1107.160031042099,-70.38636702277583,-70.38636702277583
1107.170031042099,-70.38985361652676,-70.38985361652676
1107.180031042099,-70.39334164903518,-70.39334164903518
1107.190031042099,-70.39683120673324,-70.39683120673324
1107.200031042099,-70.40032237461415,-70.40032237461415
1107.210031042099,-70.40381523626972,-70.40381523626972
1107.220031042099,-70.40730987387896,-70.40730987387896
1107.230031042099,-70.4108063682394,-70.4108063682394
1107.240031042099,-70.41430479874282,-70.41430479874282
1107.250031042099,-70.41780524343596,-70.41780524343596
1107.260031042099,-70.42130777899146,-70.42130777899146
1107.270031042099,-70.42481248072731,-70.42481248072731
1107.280031042099,-70.42831942264824,-70.42831942264824
1107.290031042099,-70.43182867741689,-70.43182867741689
1107.300031042099,-70.43534031639048,-70.43534031639048
1107.310031042099,-70.43885440962882,-70.43885440962882
1107.320031042099,-70.44237102589625,-70.44237102589625
1107.330031042099,-70.44589023269357,-70.44589023269357
1107.340031042099,-70.44941209624992,-70.44941209624992
1107.350031042099,-70.45293668156197,-70.45293668156197
1107.360031042099,-70.4564640523758,-70.4564640523758
1107.370031042099,-70.45999427121484,-70.45999427121484
1107.380031042099,-70.46352739939124,-70.46352739939124
1107.390031042099,-70.46706349702677,-70.46706349702677
1107.400031042099,-70.47060262305364,-70.47060262305364
1107.410031042099,-70.47414483523461,-70.47414483523461
1107.420031042099,-70.47769019016773,-70.47769019016773
1107.430031042099,-70.48123874330787,-70.48123874330787
1107.440031042099,-70.4847905489734,-70.4847905489734
1107.450031042099,-70.48834566037485,-70.48834566037485
1107.460031042099,-70.49190412959905,-70.49190412959905
1107.470031042099,-70.4954660076443,-70.4954660076443
1107.480031042099,-70.49903134442962,-70.49903134442962
1107.490031042099,-70.50260018880049,-70.50260018880049
1107.500031042099,-70.50617258854808,-70.50617258854808
1107.510031042099,-70.50974859042003,-70.50974859042003
1107.520031042099,-70.51332824013653,-70.51332824013653
1107.530031042099,-70.51691158238512,-70.51691158238512
1107.540031042099,-70.5204986608774,-70.5204986608774
1107.5500310659409,-70.5240895268459,-70.5240895268459
1107.5600310659408,-70.52768420493892,-70.52768420493892
1107.5700310659408,-70.5312827444238,-70.5312827444238
1107.5800310659408,-70.53488518510635,-70.53488518510635
1107.5900310659408,-70.53849156582726,-70.53849156582726
1107.6000310659408,-70.54210192450678,-70.54210192450678
1107.6100310659408,-70.54571629815054,-70.54571629815054
1107.6200310659408,-70.54933472284546,-70.54933472284546
1107.6300310659408,-70.55295723377994,-70.55295723377994
1107.6400310659408,-70.5565838652719,-70.5565838652719
1107.6500310659408,-70.5602146507592,-70.5602146507592
1107.6600310659408,-70.56384962281334,-70.56384962281334
1107.6700310659407,-70.56748881316638,-70.56748881316638
1107.680031065941,-70.57113225271132,-70.57113225271132
1107.690031065941,-70.57477997150468,-70.57477997150468
1107.700031065941,-70.57843199879933,-70.57843199879933
1107.710031065941,-70.58208836304213,-70.58208836304213
1107.720031065941,-70.58574909187939,-70.58574909187939
1107.730031065941,-70.58941421218252,-70.58941421218252
1107.740031065941,-70.59308375005678,-70.59308375005678
1107.750031065941,-70.5967577308348,-70.5967577308348
1107.760031065941,-70.60043617910726,-70.60043617910726
1107.7700310659409,-70.6041191187195,-70.6041191187195
1107.7800310659409,-70.60780657279417,-70.60780657279417
1107.7900310659409,-70.6114985637308,-70.6114985637308
1107.8000310659409,-70.61519511323189,-70.61519511323189
1107.8100310659408,-70.61889624228226,-70.61889624228226
1107.8200310659408,-70.62260197119706,-70.62260197119706
1107.8300310659408,-70.62631231959915,-70.62631231959915
1107.8400310659408,-70.63002730644433,-70.63002730644433
1107.8500310659408,-70.63374695004369,-70.63374695004369
1107.8600310659408,-70.63747126804996,-70.63747126804996
1107.8700310659408,-70.64120027747647,-70.64120027747647
1107.8800310659408,-70.64493399470189,-70.64493399470189
1107.8900310659408,-70.64867243548728,-70.64867243548728
1107.9000310659408,-70.65241561498782,-70.65241561498782
1107.9100310659408,-70.65616354774757,-70.65616354774757
1107.9200310659407,-70.65991624771296,-70.65991624771296
1107.930031065941,-70.66367372826015,-70.66367372826015
1107.940031065941,-70.6674360021772,-70.6674360021772
1107.950031065941,-70.67120308168974,-70.67120308168974
1107.960031065941,-70.67497497845547,-70.67497497845547
1107.970031065941,-70.67875170360301,-70.67875170360301
1107.980031065941,-70.68253326769285,-70.68253326769285
1107.990031065941,-70.6863196807621,-70.6863196807621
1108.000031065941,-70.69011095232253,-70.69011095232253
1108.010031065941,-70.69390709137456,-70.69390709137456
1108.0200310659409,-70.69770810639616,-70.69770810639616
1108.0300310659409,-70.701514005365,-70.701514005365
1108.0400310659409,-70.70532479577679,-70.70532479577679
1108.0500310659409,-70.70914048462205,-70.70914048462205
1108.0600310659408,-70.71296107842784,-70.71296107842784
1108.0700310659408,-70.71678658323385,-70.71678658323385
1108.0800310659408,-70.72061700463573,-70.72061700463573
1108.0900310659408,-70.72445234775418,-70.72445234775418
1108.1000310659408,-70.72829261725985,-70.72829261725985
1108.1100310659408,-70.73213781738586,-70.73213781738586
1108.1200310659408,-70.73598795194069,-70.73598795194069
1108.1300310659408,-70.73984302428852,-70.73984302428852
1108.1400310659408,-70.7437030373685,-70.7437030373685
1108.1500310659408,-70.747567993717,-70.747567993717
1108.1600310659408,-70.7514378954549,-70.7514378954549
1108.1700310659407,-70.7553127442985,-70.7553127442985
1108.180031065941,-70.75919254157003,-70.75919254157003
1108.190031065941,-70.76307728820177,-70.76307728820177
1108.200031065941,-70.76696698474373,-70.76696698474373
1108.210031065941,-70.77086163136424,-70.77086163136424
1108.220031065941,-70.77476122786267,-70.77476122786267
1108.230031065941,-70.77866577368007,-70.77866577368007
1108.240031065941,-70.78257526789024,-70.78257526789024
1108.250031065941,-70.78648594472646,-70.78648594472646
1108.260031065941,-70.79039218231502,-70.79039218231502
1108.2700310659409,-70.79428824628772,-70.79428824628772
1108.2800310659409,-70.79816894530418,-70.79816894530418
1108.2900310659409,-70.80202974067674,-70.80202974067674
1108.3000310659409,-70.80586668534416,-70.80586668534416
1108.3100310659408,-70.80967633418831,-70.80967633418831
1108.3200310659408,-70.81345566442441,-70.81345566442441
1108.3300310659408,-70.81720201184572,-70.81720201184572
1108.3400310659408,-70.82091302042103,-70.82091302042103
1108.3500310659408,-70.8245866019431,-70.8245866019431
1108.3600310659408,-70.82822090311278,-70.82822090311278
1108.3700310659408,-70.8318142781824,-70.8318142781824
1108.3800310659408,-70.83536526589133,-70.83536526589133
1108.3900310659408,-70.83887256990617,-70.83887256990617
1108.4000310897827,-70.84233505019994,-70.84233505019994
1108.4100310897827,-70.84575167550057,-70.84575167550057
1108.4200310897827,-70.84912156037565,-70.84912156037565
1108.4300310897827,-70.85244392103375,-70.85244392103375
1108.4400310897827,-70.85571807398792,-70.85571807398792
1108.4500310897827,-70.85894342757071,-70.85894342757071
1108.4600310897827,-70.8621194744072,-70.8621194744072
1108.4700310897827,-70.8652457847698,-70.8652457847698
1108.4800310897826,-70.86832200058491,-70.86832200058491
1108.4900310897826,-70.8713478300917,-70.8713478300917
1108.5000310897826,-70.87432304302249,-70.87432304302249
1108.5100310897826,-70.87724746620283,-70.87724746620283
1108.5200310897826,-70.88012097963032,-70.88012097963032
1108.5300310897828,-70.88294351278607,-70.88294351278607
1108.5400310897828,-70.88571504133294,-70.88571504133294
1108.5500310897828,-70.88843558404614,-70.88843558404614
1108.5600310897828,-70.89110519996763,-70.89110519996763
1108.5700310897828,-70.89372398579623,-70.89372398579623
1108.5800310897828,-70.89629207345261,-70.89629207345261
1108.5900310897828,-70.89880962778571,-70.89880962778571
1108.6000310897828,-70.90127684446422,-70.90127684446422
1108.6100310897828,-70.9036939479982,-70.9036939479982
1108.6200310897827,-70.90606118985212,-70.90606118985212
1108.6300310897827,-70.90837884672635,-70.90837884672635
1108.6400310897827,-70.91064721888081,-70.91064721888081
1108.6500310897827,-70.9128666286093,-70.9128666286093
1108.6600310897827,-70.91503741876042,-70.91503741876042
1108.6700310897827,-70.91715995135974,-70.91715995135974
1108.6800310897827,-70.91923460632388,-70.91923460632388
1108.6900310897827,-70.92126178020536,-70.92126178020536
1108.7000310897827,-70.92324188504006,-70.92324188504006
1108.7100310897827,-70.9251753472336,-70.9251753472336
1108.7200310897827,-70.92706260653426,-70.92706260653426
1108.7300310897826,-70.9289041150171,-70.9289041150171
1108.7400310897826,-70.93070033616868,-70.93070033616868
1108.7500310897826,-70.93245174397919,-70.93245174397919
1108.7600310897826,-70.93415882211411,-70.93415882211411
1108.7700310897826,-70.93582206311511,-70.93582206311511
1108.7800310897828,-70.9374419676124,-70.9374419676124
1108.7900310897828,-70.93901904365576,-70.93901904365576
1108.8000310897828,-70.94055380598262,-70.94055380598262
1108.8100310897828,-70.94204677540658,-70.94204677540658
1108.8200310897828,-70.94349847817875,-70.94349847817875
1108.8300310897828,-70.94490944542906,-70.94490944542906
1108.8400310897828,-70.94628021259402,-70.94628021259402
1108.8500310897828,-70.94761131890232,-70.94761131890232
1108.8600310897828,-70.94890330688239,-70.94890330688239
1108.8700310897827,-70.95015672187263,-70.95015672187263
1108.8800310897827,-70.95137211160736,-70.95137211160736
1108.8900310897827,-70.95255002576475,-70.95255002576475
1108.9000310897827,-70.95369101558734,-70.95369101558734
1108.9100310897827,-70.95479563348528,-70.95479563348528
1108.9200310897827,-70.95586443269114,-70.95586443269114
1108.9300310897827,-70.95689796691464,-70.95689796691464
1108.9400310897827,-70.95789679000639,-70.95789679000639
1108.9500310897827,-70.95886145568748,-70.95886145568748
1108.9600310897827,-70.95979251722979,-70.95979251722979
1108.9700310897827,-70.9606905271917,-70.9606905271917
1108.9800310897826,-70.96155603716933,-70.96155603716933
1108.9900310897826,-70.96238959754362,-70.96238959754362
1109.0000310897826,-70.96319175726114,-70.96319175726114
1109.0100310897826,-70.9639630636065,-70.9639630636065
1109.0200310897826,-70.96470406200197,-70.96470406200197
1109.0300310897828,-70.96541529580705,-70.96541529580705
1109.0400310897828,-70.96609730616323,-70.96609730616323
1109.0500310897828,-70.96675063179549,-70.96675063179549
1109.0600310897828,-70.96737580885829,-70.96737580885829
1109.0700310897828,-70.96797337079674,-70.96797337079674
1109.0800310897828,-70.96854384818307,-70.96854384818307
1109.0900310897828,-70.9690877686104,-70.9690877686104
1109.1000310897828,-70.96960565653428,-70.96960565653428
1109.1100310897828,-70.97009803319771,-70.97009803319771
1109.1200310897827,-70.97056541649337,-70.97056541649337
1109.1300310897827,-70.97100832084921,-70.97100832084921
1109.1400310897827,-70.97142725717909,-70.97142725717909
1109.1500310897827,-70.97182273275484,-70.97182273275484
1109.1600310897827,-70.9721952511383,-70.9721952511383
1109.1700310897827,-70.97254531210157,-70.97254531210157
1109.1800310897827,-70.9728734115646,-70.9728734115646
1109.1900310897827,-70.97318004151981,-70.97318004151981
1109.2000310897827,-70.97346568997948,-70.97346568997948
1109.2100310897827,-70.97373084091544,-70.97373084091544
1109.2200310897827,-70.97397597420701,-70.97397597420701
1109.2300310897826,-70.97420156561809,-70.97420156561809
1109.2400310897826,-70.97440808671027,-70.97440808671027
1109.2500311136246,-70.97459600528701,-70.97459600528701
1109.2600311136246,-70.97476578355723,-70.97476578355723
1109.2700311136246,-70.97491788082819,-70.97491788082819
1109.2800311136245,-70.97505275162801,-70.97505275162801
1109.2900311136245,-70.97517084617735,-70.97517084617735
1109.3000311136245,-70.97527261032408,-70.97527261032408
1109.3100311136245,-70.97535848557604,-70.97535848557604
1109.3200311136245,-70.97542890905395,-70.97542890905395
1109.3300311136245,-70.97548431348574,-70.97548431348574
1109.3400311136245,-70.97552512720763,-70.97552512720763
1109.3500311136245,-70.97555177414961,-70.97555177414961
1109.3600311136245,-70.97556467382618,-70.97556467382618
1109.3700311136245,-70.97556424135031,-70.97556424135031
1109.3800311136247,-70.97555088741746,-70.97555088741746
1109.3900311136247,-70.97552501832254,-70.97552501832254
1109.4000311136247,-70.97548703595405,-70.97548703595405
1109.4100311136247,-70.97543733779875,-70.97543733779875
1109.4200311136246,-70.97537631697024,-70.97537631697024
1109.4300311136246,-70.97530436218747,-70.97530436218747
1109.4400311136246,-70.97522185778891,-70.97522185778891
1109.4500311136246,-70.97512918378341,-70.97512918378341
1109.4600311136246,-70.97502671581533,-70.97502671581533
1109.4700311136246,-70.97491482521491,-70.97491482521491
1109.4800311136246,-70.97479387899189,-70.97479387899189
1109.4900311136246,-70.97466423986789,-70.97466423986789
1109.5000311136246,-70.97452626627539,-70.97452626627539
1109.5100311136246,-70.97438031240884,-70.97438031240884
1109.5200311136246,-70.97422672820603,-70.97422672820603
1109.5300311136245,-70.97406585941201,-70.97406585941201
1109.5400311136245,-70.97389804756578,-70.97389804756578
1109.5500311136245,-70.97372363004523,-70.97372363004523
1109.5600311136245,-70.97354294007637,-70.97354294007637
1109.5700311136245,-70.97335630676872,-70.97335630676872
1109.5800311136245,-70.97316405513827,-70.97316405513827
1109.5900311136245,-70.97296650612748,-70.97296650612748
1109.6000311136245,-70.97276397663776,-70.97276397663776
1109.6100311136245,-70.97255677955552,-70.97255677955552
1109.6200311136245,-70.97234522378766,-70.97234522378766
1109.6300311136247,-70.97212961426001,-70.97212961426001
1109.6400311136247,-70.97191025199052,-70.97191025199052
1109.6500311136247,-70.97168743408442,-70.97168743408442
1109.6600311136247,-70.9714614537642,-70.9714614537642
1109.6700311136246,-70.97123260042059,-70.97123260042059
1109.6800311136246,-70.97100115962908,-70.97100115962908
1109.6900311136246,-70.9707674131755,-70.9707674131755
1109.7000311136246,-70.97053163909598,-70.97053163909598
1109.7100311136246,-70.97029411170794,-70.97029411170794
1109.7200311136246,-70.97005510162904,-70.97005510162904
1109.7300311136246,-70.96981487581273,-70.96981487581273
1109.7400311136246,-70.96957369758933,-70.96957369758933
1109.7500311136246,-70.96933182670034,-70.96933182670034
1109.7600311136246,-70.96908951929571,-70.96908951929571
1109.7700311136246,-70.96884702801273,-70.96884702801273
1109.7800311136245,-70.9686046019684,-70.9686046019684
1109.7900311136245,-70.96836248681555,-70.96836248681555
1109.8000311136245,-70.9681209247596,-70.9681209247596
1109.8100311136245,-70.96788015461554,-70.96788015461554
1109.8200311136245,-70.96764041179073,-70.96764041179073
1109.8300311136245,-70.9674019283679,-70.9674019283679
1109.8400311136245,-70.96716493310424,-70.96716493310424
1109.8500311136245,-70.96692965149252,-70.96692965149252
1109.8600311136245,-70.96669630576282,-70.96669630576282
1109.8700311136245,-70.9664651149143,-70.9664651149143
1109.8800311136247,-70.96623629477496,-70.96623629477496
1109.8900311136247,-70.96601005801433,-70.96601005801433
1109.9000311136247,-70.96578661417742,-70.96578661417742
1109.9100311136247,-70.9655661697082,-70.9655661697082
1109.9200311136246,-70.96534892799554,-70.96534892799554
1109.9300311136246,-70.96513508939032,-70.96513508939032
1109.9400311136246,-70.96492485125246,-70.96492485125246
1109.9500311136246,-70.96471840796892,-70.96471840796892
1109.9600311136246,-70.96451595097784,-70.96451595097784
1109.9700311136246,-70.96431766882299,-70.96431766882299
1109.9800311136246,-70.96412374716299,-70.96412374716299
1109.9900311136246,-70.96393436881648,-70.96393436881648
1110.0000311136246,-70.9637497137663,-70.9637497137663
1110.0100311136246,-70.96356995923348,-70.96356995923348
1110.0200311136246,-70.96339527965905,-70.96339527965905
1110.0300311136245,-70.96322584675544,-70.96322584675544
1110.0400311136245,-70.96306182955605,-70.96306182955605
1110.0500311136245,-70.96290339440311,-70.96290339440311
1110.0600311136245,-70.96275070501534,-70.96275070501534
1110.0700311136245,-70.96260392248638,-70.96260392248638
1110.0800311136245,-70.96246320533066,-70.96246320533066
1110.0900311136245,-70.96232870951157,-70.96232870951157
1110.1000311374664,-70.96220058815408,-70.96220058815408
1110.1100311374664,-70.9620789928283,-70.9620789928283
1110.1200311374664,-70.96196407166784,-70.96196407166784
1110.1300311374664,-70.96185597069125,-70.96185597069125
1110.1400311374664,-70.96175483350392,-70.96175483350392
1110.1500311374664,-70.9616608013261,-70.9616608013261
1110.1600311374664,-70.96157401300852,-70.96157401300852
1110.1700311374664,-70.96149460506787,-70.96149460506787
1110.1800311374664,-70.96142271171443,-70.96142271171443
1110.1900311374663,-70.96135846488087,-70.96135846488087
1110.2000311374663,-70.96130199423693,-70.96130199423693
1110.2100311374663,-70.9612534272254,-70.9612534272254
1110.2200311374663,-70.96121288908782,-70.96121288908782
1110.2300311374665,-70.96118050288004,-70.96118050288004
1110.2400311374665,-70.96115638950391,-70.96115638950391
1110.2500311374665,-70.96114066773568,-70.96114066773568
1110.2600311374665,-70.9611334542535,-70.9611334542535
1110.2700311374665,-70.9611348636464,-70.9611348636464
1110.2800311374665,-70.9611450084623,-70.9611450084623
1110.2900311374665,-70.96116399919566,-70.96116399919566
1110.3000311374665,-70.96119194435124,-70.96119194435124
1110.3100311374665,-70.96122895045198,-70.96122895045198
1110.3200311374665,-70.96127512203951,-70.96127512203951
1110.3300311374664,-70.96133056174793,-70.96133056174793
1110.3400311374664,-70.961395370278,-70.961395370278
1110.3500311374664,-70.96146964645204,-70.96146964645204
1110.3600311374664,-70.96155348721601,-70.96155348721601
1110.3700311374664,-70.96164698766788,-70.96164698766788
1110.3800311374664,-70.96175024108925,-70.96175024108925
1110.3900311374664,-70.96186333895854,-70.96186333895854
1110.4000311374664,-70.961986370967,-70.961986370967
1110.4100311374664,-70.96211942505707,-70.96211942505707
1110.4200311374664,-70.96226258743017,-70.96226258743017
1110.4300311374664,-70.9624159425713,-70.9624159425713
1110.4400311374663,-70.96257957326202,-70.96257957326202
1110.4500311374663,-70.96275356062723,-70.96275356062723
1110.4600311374663,-70.96293798411943,-70.96293798411943
1110.4700311374663,-70.96313292156886,-70.96313292156886
1110.4800311374665,-70.96333844918995,-70.96333844918995
1110.4900311374665,-70.96355464159488,-70.96355464159488
1110.5000311374665,-70.9637815718336,-70.9637815718336
1110.5100311374665,-70.9640193113948,-70.9640193113948
1110.5200311374665,-70.9642679302266,-70.9642679302266
1110.5300311374665,-70.9645274967718,-70.9645274967718
1110.5400311374665,-70.9647980779583,-70.9647980779583
1110.5500311374665,-70.96507973924847,-70.96507973924847
1110.5600311374665,-70.96537254464276,-70.96537254464276
1110.5700311374665,-70.96567655669521,-70.96567655669521
1110.5800311374664,-70.96599183653036,-70.96599183653036
1110.5900311374664,-70.96631844386933,-70.96631844386933
1110.6000311374664,-70.96665643705185,-70.96665643705185
1110.6100311374664,-70.96700587302989,-70.96700587302989
1110.6200311374664,-70.96736680741951,-70.96736680741951
1110.6300311374664,-70.96773929448719,-70.96773929448719
1110.6400311374664,-70.96812338717282,-70.96812338717282
1110.6500311374664,-70.96851913712604,-70.96851913712604
1110.6600311374664,-70.96892659470727,-70.96892659470727
1110.6700311374664,-70.969345808996,-70.969345808996
1110.6800311374664,-70.96977682781927,-70.96977682781927
1110.6900311374663,-70.97021969777086,-70.97021969777086
1110.7000311374663,-70.97067446422076,-70.97067446422076
1110.7100311374663,-70.9711411713322,-70.9711411713322
1110.7200311374663,-70.97161986206964,-70.97161986206964
1110.7300311374665,-70.97211057822615,-70.97211057822615
1110.7400311374665,-70.97261336043151,-70.97261336043151
1110.7500311374665,-70.97312824816557,-70.97312824816557
1110.7600311374665,-70.97365527977966,-70.97365527977966
1110.7700311374665,-70.97419449250971,-70.97419449250971
1110.7800311374665,-70.9747459224932,-70.9747459224932
1110.7900311374665,-70.97530960476307,-70.97530960476307
1110.8000311374665,-70.97588557329114,-70.97588557329114
1110.8100311374665,-70.97647386098497,-70.97647386098497
1110.8200311374665,-70.97707449970459,-70.97707449970459
1110.8300311374664,-70.97768752027712,-70.97768752027712
1110.8400311374664,-70.97831295251815,-70.97831295251815
1110.8500311374664,-70.97895082522237,-70.97895082522237
1110.8600311374664,-70.97960116620327,-70.97960116620327
1110.8700311374664,-70.9802640022866,-70.9802640022866
1110.8800311374664,-70.98093935933747,-70.98093935933747
1110.8900311374664,-70.98162726227031,-70.98162726227031
1110.9000311374664,-70.98232773504598,-70.98232773504598
1110.9100311374664,-70.98304080070812,-70.98304080070812
1110.9200311374664,-70.98376648137598,-70.98376648137598
1110.9300311374664,-70.98450479827119,-70.98450479827119
1110.9400311374663,-70.98525577171435,-70.98525577171435
1110.9500311613083,-70.98601942295706,-70.98601942295706
1110.9600311613083,-70.98679576700002,-70.98679576700002
1110.9700311613083,-70.98758482331776,-70.98758482331776
1110.9800311613083,-70.98838660879329,-70.98838660879329
1110.9900311613083,-70.98920113946414,-70.98920113946414
1111.0000311613082,-70.99002843054848,-70.99002843054848
1111.0100311613082,-70.99086849644904,-70.99086849644904
1111.0200311613082,-70.9917213507678,-70.9917213507678
1111.0300311613082,-70.99258700631704,-70.99258700631704
1111.0400311613082,-70.99346547513353,-70.99346547513353
1111.0500311613082,-70.99435676848218,-70.99435676848218
1111.0600311613082,-70.99526089686424,-70.99526089686424
1111.0700311613082,-70.99617787003979,-70.99617787003979
1111.0800311613084,-70.99710769703489,-70.99710769703489
1111.0900311613084,-70.998050386138,-70.998050386138
1111.1000311613084,-70.99900594492468,-70.99900594492468
1111.1100311613084,-70.99997438026242,-70.99997438026242
1111.1200311613084,-71.00095569832942,-71.00095569832942
1111.1300311613084,-71.00194990460903,-71.00194990460903
1111.1400311613083,-71.00295700388976,-71.00295700388976
1111.1500311613083,-71.00397700031975,-71.00397700031975
1111.1600311613083,-71.00500989737019,-71.00500989737019
1111.1700311613083,-71.0060556978674,-71.0060556978674
1111.1800311613083,-71.00711440398928,-71.00711440398928
1111.1900311613083,-71.0081860172999,-71.0081860172999
1111.2000311613083,-71.00927053870763,-71.00927053870763
1111.2100311613083,-71.01036796854007,-71.01036796854007
1111.2200311613083,-71.01147830649253,-71.01147830649253
1111.2300311613083,-71.01260155167579,-71.01260155167579
1111.2400311613083,-71.01373770261341,-71.01373770261341
1111.2500311613082,-71.014886757243,-71.014886757243
1111.2600311613082,-71.01604871292547,-71.01604871292547
1111.2700311613082,-71.01722356646829,-71.01722356646829
1111.2800311613082,-71.01841131412391,-71.01841131412391
1111.2900311613082,-71.01961195158236,-71.01961195158236
1111.3000311613082,-71.02082547399623,-71.02082547399623
1111.3100311613082,-71.02205187600462,-71.02205187600462
1111.3200311613082,-71.02329115170205,-71.02329115170205
1111.3300311613084,-71.02454329466687,-71.02454329466687
1111.3400311613084,-71.02580829798191,-71.02580829798191
1111.3500311613084,-71.02708615421571,-71.02708615421571
1111.3600311613084,-71.02837685545448,-71.02837685545448
1111.3700311613084,-71.0296803932822,-71.0296803932822
1111.3800311613084,-71.03099675881082,-71.03099675881082
1111.3900311613083,-71.03232594267257,-71.03232594267257
1111.4000311613083,-71.03366793504537,-71.03366793504537
1111.4100311613083,-71.0350227256401,-71.0350227256401
1111.4200311613083,-71.03639030371748,-71.03639030371748
1111.4300311613083,-71.03777065808957,-71.03777065808957
1111.4400311613083,-71.0391637771377,-71.0391637771377
1111.4500311613083,-71.0405696487997,-71.0405696487997
1111.4600311613083,-71.04198826059144,-71.04198826059144
1111.4700311613083,-71.04341959961505,-71.04341959961505
1111.4800311613083,-71.04486365256174,-71.04486365256174
1111.4900311613083,-71.04632040570486,-71.04632040570486
1111.5000311613082,-71.04778984492387,-71.04778984492387
1111.5100311613082,-71.0492719557079,-71.0492719557079
1111.5200311613082,-71.05076672314867,-71.05076672314867
1111.5300311613082,-71.05227413196528,-71.05227413196528
1111.5400311613082,-71.05379416649296,-71.05379416649296
1111.5500311613082,-71.05532681070682,-71.05532681070682
1111.5600311613082,-71.05687204820478,-71.05687204820478
1111.5700311613082,-71.05842986223172,-71.05842986223172
1111.5800311613084,-71.06000023568745,-71.06000023568745
1111.5900311613084,-71.06158315110825,-71.06158315110825
1111.6000311613084,-71.06317859070268,-71.06317859070268
1111.6100311613084,-71.06478653633836,-71.06478653633836
1111.6200311613084,-71.066406969544,-71.066406969544
1111.6300311613084,-71.06803987153312,-71.06803987153312
1111.6400311613083,-71.0696852231931,-71.0696852231931
1111.6500311613083,-71.07134300510664,-71.07134300510664
1111.6600311613083,-71.07301319752592,-71.07301319752592
1111.6700311613083,-71.07469578041139,-71.07469578041139
1111.6800311613083,-71.07639073342463,-71.07639073342463
1111.6900311613083,-71.07809803592458,-71.07809803592458
1111.7000311613083,-71.07981766699437,-71.07981766699437
1111.7100311613083,-71.08154960540888,-71.08154960540888
1111.7200311613083,-71.08329382968364,-71.08329382968364
1111.7300311613083,-71.08505031804641,-71.08505031804641
1111.7400311613083,-71.08681904845703,-71.08681904845703
1111.7500311613082,-71.08859999860728,-71.08859999860728
1111.7600311613082,-71.0903931459294,-71.0903931459294
1111.7700311613082,-71.09219846759326,-71.09219846759326
1111.7800311613082,-71.09401594052845,-71.09401594052845
1111.7900311613082,-71.09584554139181,-71.09584554139181
1111.8000311851501,-71.09768725100209,-71.09768725100209
1111.8100311851501,-71.0995410368216,-71.0995410368216
1111.8200311851501,-71.10140687913373,-71.10140687913373
1111.8300311851501,-71.10328475366589,-71.10328475366589
1111.84003118515,-71.10517463590485,-71.10517463590485
1111.85003118515,-71.10707650112492,-71.10707650112492
1111.86003118515,-71.10899032436625,-71.10899032436625
1111.87003118515,-71.11091608046495,-71.11091608046495
1111.88003118515,-71.11285374404669,-71.11285374404669
1111.89003118515,-71.11480328951275,-71.11480328951275
1111.90003118515,-71.11676469107957,-71.11676469107957
1111.91003118515,-71.11873792275784,-71.11873792275784
1111.92003118515,-71.12072295836026,-71.12072295836026
1111.9300311851503,-71.12271977150462,-71.12271977150462
1111.9400311851502,-71.12472833562174,-71.12472833562174
1111.9500311851502,-71.12674862395107,-71.12674862395107
1111.9600311851502,-71.1287806095655,-71.1287806095655
1111.9700311851502,-71.13082426534723,-71.13082426534723
1111.9800311851502,-71.13287956400609,-71.13287956400609
1111.9900311851502,-71.13494647807555,-71.13494647807555
1112.0000311851502,-71.13702497992705,-71.13702497992705
1112.0100311851502,-71.139115041771,-71.139115041771
1112.0200311851502,-71.14121663565103,-71.14121663565103
1112.0300311851502,-71.14332973345167,-71.14332973345167
1112.0400311851502,-71.1454543069005,-71.1454543069005
1112.0500311851501,-71.14759032758272,-71.14759032758272
1112.0600311851501,-71.1497377669244,-71.1497377669244
1112.0700311851501,-71.15189659621389,-71.15189659621389
1112.0800311851501,-71.15406678658964,-71.15406678658964
1112.09003118515,-71.15624830906098,-71.15624830906098
1112.10003118515,-71.1584411344881,-71.1584411344881
1112.11003118515,-71.16064523360849,-71.16064523360849
1112.12003118515,-71.16286057702122,-71.16286057702122
1112.13003118515,-71.16508713519771,-71.16508713519771
1112.14003118515,-71.1673248784976,-71.1673248784976
1112.15003118515,-71.16957377714418,-71.16957377714418
1112.16003118515,-71.17183380125017,-71.17183380125017
1112.17003118515,-71.17410492080565,-71.17410492080565
1112.1800311851503,-71.17638710568701,-71.17638710568701
1112.1900311851502,-71.17868032565598,-71.17868032565598
1112.2000311851502,-71.18098455038644,-71.18098455038644
1112.2100311851502,-71.1832935369697,-71.1832935369697
1112.2200311851502,-71.18560452992436,-71.18560452992436
1112.2300311851502,-71.18791617002644,-71.18791617002644
1112.2400311851502,-71.19022774548233,-71.19022774548233
1112.2500311851502,-71.19253890575628,-71.19253890575628
1112.2600311851502,-71.19484951266641,-71.19484951266641
1112.2700311851502,-71.19715955300583,-71.19715955300583
1112.2800311851502,-71.19946908600842,-71.19946908600842
1112.2900311851502,-71.20177821163786,-71.20177821163786
1112.3000311851501,-71.20408705164512,-71.20408705164512
1112.3100311851501,-71.20639573814911,-71.20639573814911
1112.3200311851501,-71.20870440701677,-71.20870440701677
1112.3300311851501,-71.21101319398133,-71.21101319398133
1112.34003118515,-71.21332223256184,-71.21332223256184
1112.35003118515,-71.21563165298306,-71.21563165298306
1112.36003118515,-71.2179415817757,-71.2179415817757
1112.37003118515,-71.22025214167581,-71.22025214167581
1112.38003118515,-71.22256345176181,-71.22256345176181
1112.39003118515,-71.22487562771731,-71.22487562771731
1112.40003118515,-71.22718878206815,-71.22718878206815
1112.41003118515,-71.22950302451704,-71.22950302451704
1112.42003118515,-71.23181846218304,-71.23181846218304
1112.4300311851503,-71.23413519988037,-71.23413519988037
1112.4400311851502,-71.2364533403344,-71.2364533403344
1112.4500311851502,-71.23877298439805,-71.23877298439805
1112.4600311851502,-71.24109423119057,-71.24109423119057
1112.4700311851502,-71.24341717828086,-71.24341717828086
1112.4800311851502,-71.24574192179303,-71.24574192179303
1112.4900311851502,-71.24806855652746,-71.24806855652746
1112.5000311851502,-71.25039717602664,-71.25039717602664
1112.5100311851502,-71.25272787265096,-71.25272787265096
1112.5200311851502,-71.2550607376606,-71.2550607376606
1112.5300311851502,-71.25739586124709,-71.25739586124709
1112.5400311851502,-71.25973333255341,-71.25973333255341
1112.5500311851501,-71.26207323973823,-71.26207323973823
1112.5600311851501,-71.26441566996851,-71.26441566996851
1112.5700311851501,-71.26676070946715,-71.26676070946715
1112.5800311851501,-71.2691084434885,-71.2691084434885
1112.59003118515,-71.27145895635695,-71.27145895635695
1112.60003118515,-71.27381233145779,-71.27381233145779
1112.61003118515,-71.27616865126134,-71.27616865126134
1112.62003118515,-71.27852799728281,-71.27852799728281
1112.63003118515,-71.28089045012302,-71.28089045012302
1112.64003118515,-71.28325608943383,-71.28325608943383
1112.650031208992,-71.28562499958116,-71.28562499958116
1112.660031208992,-71.28799724707943,-71.28799724707943
1112.670031208992,-71.29037291439174,-71.29037291439174
1112.680031208992,-71.29275207740402,-71.29275207740402
1112.690031208992,-71.29513481103787,-71.29513481103787
1112.700031208992,-71.29752118927185,-71.29752118927185
1112.710031208992,-71.29991128510154,-71.29991128510154
1112.720031208992,-71.30230517055628,-71.30230517055628
1112.730031208992,-71.30470291669933,-71.30470291669933
1112.740031208992,-71.30710459359949,-71.30710459359949
1112.750031208992,-71.30951027035258,-71.30951027035258
1112.760031208992,-71.31192001506658,-71.31192001506658
1112.770031208992,-71.31433389484499,-71.31433389484499
1112.780031208992,-71.31675197582781,-71.31675197582781
1112.790031208992,-71.31917432312085,-71.31917432312085
1112.800031208992,-71.32160100086642,-71.32160100086642
1112.810031208992,-71.32403207219488,-71.32403207219488
1112.820031208992,-71.32646759921899,-71.32646759921899
1112.830031208992,-71.3289076430906,-71.3289076430906
1112.840031208992,-71.33135226391731,-71.33135226391731
1112.850031208992,-71.33380152084064,-71.33380152084064
1112.860031208992,-71.33625547198051,-71.33625547198051
1112.870031208992,-71.3387141744696,-71.3387141744696
1112.880031208992,-71.341177684438,-71.341177684438
1112.890031208992,-71.3436460570305,-71.3436460570305
1112.900031208992,-71.34611934639015,-71.34611934639015
1112.910031208992,-71.34859760567201,-71.34859760567201
1112.920031208992,-71.35108088704797,-71.35108088704797
1112.930031208992,-71.35356924170642,-71.35356924170642
1112.940031208992,-71.35606271985708,-71.35606271985708
1112.950031208992,-71.35856137074224,-71.35856137074224
1112.960031208992,-71.36105901550667,-71.36105901550667
1112.970031208992,-71.36355297032631,-71.36355297032631
1112.980031208992,-71.36604194982453,-71.36604194982453
1112.990031208992,-71.3685253164305,-71.3685253164305
1113.000031208992,-71.37100279357077,-71.37100279357077
1113.010031208992,-71.37347431652628,-71.37347431652628
1113.020031208992,-71.375939944909,-71.375939944909
1113.030031208992,-71.37839981006168,-71.37839981006168
1113.040031208992,-71.3808540833628,-71.3808540833628
1113.050031208992,-71.38330295719075,-71.38330295719075
1113.060031208992,-71.3857466335971,-71.3857466335971
1113.070031208992,-71.3881853176033,-71.3881853176033
1113.080031208992,-71.39061921336025,-71.39061921336025
1113.090031208992,-71.39304852206638,-71.39304852206638
1113.100031208992,-71.39547344088739,-71.39547344088739
1113.110031208992,-71.39789416254072,-71.39789416254072
1113.120031208992,-71.40031087521712,-71.40031087521712
1113.130031208992,-71.40272376271645,-71.40272376271645
1113.140031208992,-71.40513300469149,-71.40513300469149
1113.150031208992,-71.40753877693156,-71.40753877693156
1113.160031208992,-71.40994125165385,-71.40994125165385
1113.170031208992,-71.41234059777241,-71.41234059777241
1113.180031208992,-71.41473698116822,-71.41473698116822
1113.190031208992,-71.41713056491307,-71.41713056491307
1113.200031208992,-71.41952150947571,-71.41952150947571
1113.210031208992,-71.42190374127544,-71.42190374127544
1113.220031208992,-71.4242746834626,-71.4242746834626
1113.230031208992,-71.4266331575186,-71.4266331575186
1113.240031208992,-71.42897863212248,-71.42897863212248
1113.250031208992,-71.43131093617433,-71.43131093617433
1113.260031208992,-71.43363010964659,-71.43363010964659
1113.270031208992,-71.4359363160511,-71.4359363160511
1113.280031208992,-71.43822978986216,-71.43822978986216
1113.290031208992,-71.44051080485553,-71.44051080485553
1113.300031208992,-71.4427796550687,-71.4427796550687
1113.310031208992,-71.44503664350866,-71.44503664350866
1113.320031208992,-71.44728207545799,-71.44728207545799
1113.330031208992,-71.44951625464199,-71.44951625464199
1113.340031208992,-71.45173948115524,-71.45173948115524
1113.350031208992,-71.45395205037484,-71.45395205037484
1113.360031208992,-71.4561542525454,-71.4561542525454
1113.370031208992,-71.45834637270234,-71.45834637270234
1113.380031208992,-71.4605286908119,-71.4605286908119
1113.390031208992,-71.46270148199797,-71.46270148199797
1113.400031208992,-71.46486501681214,-71.46486501681214
1113.410031208992,-71.46701956152995,-71.46701956152995
1113.420031208992,-71.46916537840944,-71.46916537840944
1113.430031208992,-71.47130272595994,-71.47130272595994
1113.440031208992,-71.47343185914104,-71.47343185914104
1113.450031208992,-71.4755530295676,-71.4755530295676
1113.460031208992,-71.47766648569717,-71.47766648569717
1113.470031208992,-71.47977247293646,-71.47977247293646
1113.480031208992,-71.48187123380136,-71.48187123380136
1113.490031208992,-71.483963007992,-71.483963007992
1113.5000312328339,-71.48604803744537,-71.48604803744537
1113.5100312328339,-71.48812654654515,-71.48812654654515
1113.5200312328338,-71.49019877201734,-71.49019877201734
1113.5300312328338,-71.49226494303925,-71.49226494303925
1113.5400312328338,-71.49432528629193,-71.49432528629193
1113.5500312328338,-71.49638002596377,-71.49638002596377
1113.5600312328338,-71.49842938380114,-71.49842938380114
1113.5700312328338,-71.50047357911032,-71.50047357911032
1113.5800312328338,-71.50251282876783,-71.50251282876783
1113.5900312328338,-71.50454734724384,-71.50454734724384
1113.6000312328338,-71.50657734661438,-71.50657734661438
1113.6100312328338,-71.5086030365556,-71.5086030365556
1113.6200312328338,-71.51062462435817,-71.51062462435817
1113.630031232834,-71.51264231491622,-71.51264231491622
1113.640031232834,-71.51465631076039,-71.51465631076039
1113.650031232834,-71.51666681202165,-71.51666681202165
1113.660031232834,-71.51867401646184,-71.51867401646184
1113.670031232834,-71.52067811947,-71.52067811947
1113.680031232834,-71.52267931406236,-71.52267931406236
1113.690031232834,-71.5246777908821,-71.5246777908821
1113.700031232834,-71.52667373820185,-71.52667373820185
1113.710031232834,-71.52866734193344,-71.52866734193344
1113.720031232834,-71.53065878562346,-71.53065878562346
1113.7300312328339,-71.53264825046854,-71.53264825046854
1113.7400312328339,-71.53463591530955,-71.53463591530955
1113.7500312328339,-71.53662195663975,-71.53662195663975
1113.7600312328339,-71.53860654861468,-71.53860654861468
1113.7700312328338,-71.5405898630524,-71.5405898630524
1113.7800312328338,-71.54257206945002,-71.54257206945002
1113.7900312328338,-71.54455333497384,-71.54455333497384
1113.8000312328338,-71.54653382449138,-71.54653382449138
1113.8100312328338,-71.54851370056251,-71.54851370056251
1113.8200312328338,-71.55049312346053,-71.55049312346053
1113.8300312328338,-71.55247225117651,-71.55247225117651
1113.8400312328338,-71.55445123942775,-71.55445123942775
1113.8500312328338,-71.5564302416797,-71.5564302416797
1113.8600312328338,-71.55840940914888,-71.55840940914888
1113.8700312328338,-71.56038889081951,-71.56038889081951
1113.880031232834,-71.56236883344677,-71.56236883344677
1113.890031232834,-71.56434938159369,-71.56434938159369
1113.900031232834,-71.56633067762284,-71.56633067762284
1113.910031232834,-71.56831286172206,-71.56831286172206
1113.920031232834,-71.57029607192352,-71.57029607192352
1113.930031232834,-71.57228044409442,-71.57228044409442
1113.940031232834,-71.57426611198147,-71.57426611198147
1113.950031232834,-71.57625320722056,-71.57625320722056
1113.960031232834,-71.57824185934751,-71.57824185934751
1113.970031232834,-71.58023219580616,-71.58023219580616
1113.9800312328339,-71.58222434198524,-71.58222434198524
1113.9900312328339,-71.58421842123046,-71.58421842123046
1114.0000312328339,-71.58621455485847,-71.58621455485847
1114.0100312328339,-71.58821286215903,-71.58821286215903
1114.0200312328338,-71.59021346044712,-71.59021346044712
1114.0300312328338,-71.5922164650453,-71.5922164650453
1114.0400312328338,-71.59422198934243,-71.59422198934243
1114.0500312328338,-71.59623014476631,-71.59623014476631
1114.0600312328338,-71.5982410408476,-71.5982410408476
1114.0700312328338,-71.6002547852007,-71.6002547852007
1114.0800312328338,-71.60227148356668,-71.60227148356668
1114.0900312328338,-71.60429123982206,-71.60429123982206
1114.1000312328338,-71.60631415599921,-71.60631415599921
1114.1100312328338,-71.60834033231932,-71.60834033231932
1114.1200312328338,-71.6103698671845,-71.6103698671845
1114.130031232834,-71.61240285722765,-71.61240285722765
1114.140031232834,-71.61443939729709,-71.61443939729709
1114.150031232834,-71.61647958051739,-71.61647958051739
1114.160031232834,-71.618523498275,-71.618523498275
1114.170031232834,-71.62057124025375,-71.62057124025375
1114.180031232834,-71.62262289444739,-71.62262289444739
1114.190031232834,-71.6246785471847,-71.6246785471847
1114.200031232834,-71.62673828314084,-71.62673828314084
1114.210031232834,-71.62879593829422,-71.62879593829422
1114.220031232834,-71.63084885630319,-71.63084885630319
1114.2300312328339,-71.63289578338866,-71.63289578338866
1114.2400312328339,-71.63493611486895,-71.63493611486895
1114.2500312328339,-71.63696960737111,-71.63696960737111
1114.2600312328339,-71.63899622921681,-71.63899622921681
1114.2700312328338,-71.64101607269188,-71.64101607269188
1114.2800312328338,-71.64302930129989,-71.64302930129989
1114.2900312328338,-71.64503611802076,-71.64503611802076
1114.3000312328338,-71.64703674624253,-71.64703674624253
1114.3100312328338,-71.64903141842728,-71.64903141842728
1114.3200312328338,-71.65102036940468,-71.65102036940468
1114.3300312328338,-71.6530038325793,-71.6530038325793
1114.3400312328338,-71.65498203781186,-71.65498203781186
1114.3500312566757,-71.65695521507034,-71.65695521507034
1114.3600312566757,-71.65892357523863,-71.65892357523863
1114.3700312566757,-71.66088733826945,-71.66088733826945
1114.3800312566757,-71.66284671449614,-71.66284671449614
1114.3900312566757,-71.66480190960584,-71.66480190960584
1114.4000312566757,-71.66675312494445,-71.66675312494445
1114.4100312566757,-71.66870055779806,-71.66870055779806
1114.4200312566757,-71.67064440168957,-71.67064440168957
1114.4300312566756,-71.67258484666759,-71.67258484666759
1114.4400312566756,-71.674522079528,-71.674522079528
1114.4500312566756,-71.67645628402656,-71.67645628402656
1114.4600312566756,-71.6783876410856,-71.6783876410856
1114.4700312566756,-71.68031632893556,-71.68031632893556
1114.4800312566758,-71.68224252326192,-71.68224252326192
1114.4900312566758,-71.68416639732129,-71.68416639732129
1114.5000312566758,-71.68608812203978,-71.68608812203978
1114.5100312566758,-71.68800786611072,-71.68800786611072
1114.5200312566758,-71.68992579604826,-71.68992579604826
1114.5300312566758,-71.6918420762589,-71.6918420762589
1114.5400312566758,-71.69375686909711,-71.69375686909711
1114.5500312566758,-71.69567033488184,-71.69567033488184
1114.5600312566758,-71.69758263197147,-71.69758263197147
1114.5700312566757,-71.6994939167548,-71.6994939167548
1114.5800312566757,-71.7014043437066,-71.7014043437066
1114.5900312566757,-71.70331406539397,-71.70331406539397
1114.6000312566757,-71.70522323249058,-71.70522323249058
1114.6100312566757,-71.70713199380225,-71.70713199380225
1114.6200312566757,-71.70904049626981,-71.70904049626981
1114.6300312566757,-71.7109488849993,-71.7109488849993
1114.6400312566757,-71.71285730323828,-71.71285730323828
1114.6500312566757,-71.71476589241246,-71.71476589241246
1114.6600312566757,-71.71667479212198,-71.71667479212198
1114.6700312566757,-71.71858414015387,-71.71858414015387
1114.6800312566756,-71.72049407248781,-71.72049407248781
1114.6900312566756,-71.72240472329887,-71.72240472329887
1114.7000312566756,-71.72431622495426,-71.72431622495426
1114.7100312566756,-71.72622870803936,-71.72622870803936
1114.7200312566756,-71.7281423013535,-71.7281423013535
1114.7300312566758,-71.73005713191918,-71.73005713191918
1114.7400312566758,-71.73197332498201,-71.73197332498201
1114.7500312566758,-71.73389100402309,-71.73389100402309
1114.7600312566758,-71.73581029076254,-71.73581029076254
1114.7700312566758,-71.73773130517398,-71.73773130517398
1114.7800312566758,-71.73965416548532,-71.73965416548532
1114.7900312566758,-71.7415789881799,-71.7415789881799
1114.8000312566758,-71.74350588801498,-71.74350588801498
1114.8100312566758,-71.745434978038,-71.745434978038
1114.8200312566757,-71.74736636957822,-71.74736636957822
1114.8300312566757,-71.74930017226039,-71.74930017226039
1114.8400312566757,-71.75123649401183,-71.75123649401183
1114.8500312566757,-71.75317544108702,-71.75317544108702
1114.8600312566757,-71.75511711805905,-71.75511711805905
1114.8700312566757,-71.75706162784483,-71.75706162784483
1114.8800312566757,-71.75900907170237,-71.75900907170237
1114.8900312566757,-71.76095954926112,-71.76095954926112
1114.9000312566757,-71.76291315850938,-71.76291315850938
1114.9100312566757,-71.76486999581961,-71.76486999581961
1114.9200312566757,-71.76683015596208,-71.76683015596208
1114.9300312566756,-71.76879373211317,-71.76879373211317
1114.9400312566756,-71.7707608158651,-71.7707608158651
1114.9500312566756,-71.77273149723392,-71.77273149723392
1114.9600312566756,-71.77469960602035,-71.77469960602035
1114.9700312566756,-71.77666248709683,-71.77666248709683
1114.9800312566758,-71.77861889061593,-71.77861889061593
1114.9900312566758,-71.7805682169936,-71.7805682169936
1115.0000312566758,-71.78251022853827,-71.78251022853827
1115.0100312566758,-71.78444489960218,-71.78444489960218
1115.0200312566758,-71.78637232866728,-71.78637232866728
1115.0300312566758,-71.78829268552519,-71.78829268552519
1115.0400312566758,-71.79020617948399,-71.79020617948399
1115.0500312566758,-71.7921130402839,-71.7921130402839
1115.0600312566758,-71.79401350671573,-71.79401350671573
1115.0700312566757,-71.79590781993619,-71.79590781993619
1115.0800312566757,-71.79779621965865,-71.79779621965865
1115.0900312566757,-71.79967894201741,-71.79967894201741
1115.1000312566757,-71.80155621855668,-71.80155621855668
1115.1100312566757,-71.80342827580508,-71.80342827580508
1115.1200312566757,-71.80529533519989,-71.80529533519989
1115.1300312566757,-71.80715761326351,-71.80715761326351
1115.1400312566757,-71.80901532183502,-71.80901532183502
1115.1500312566757,-71.81086866837833,-71.81086866837833
1115.1600312566757,-71.81271785627888,-71.81271785627888
1115.1700312566757,-71.81456308512364,-71.81456308512364
1115.1800312566756,-71.81640455098946,-71.81640455098946
1115.1900312566756,-71.81824244666839,-71.81824244666839
1115.2000312805176,-71.82007696625811,-71.82007696625811
1115.2100312805176,-71.82190828785815,-71.82190828785815
1115.2200312805176,-71.82373659996547,-71.82373659996547
1115.2300312805176,-71.82556208413229,-71.82556208413229
1115.2400312805175,-71.82738491943545,-71.82738491943545
1115.2500312805175,-71.82920528257415,-71.82920528257415
1115.2600312805175,-71.83102334797282,-71.83102334797282
1115.2700312805175,-71.83283928785887,-71.83283928785887
1115.2800312805175,-71.83465327228397,-71.83465327228397
1115.2900312805175,-71.83646546921767,-71.83646546921767
1115.3000312805175,-71.8382760445496,-71.8382760445496
1115.3100312805175,-71.84008516215746,-71.84008516215746
1115.3200312805175,-71.84189298391786,-71.84189298391786
1115.3300312805177,-71.84369966973502,-71.84369966973502
1115.3400312805177,-71.84550537756344,-71.84550537756344
1115.3500312805177,-71.84731026342423,-71.84731026342423
1115.3600312805177,-71.84911448140686,-71.84911448140686
1115.3700312805177,-71.85091818370738,-71.85091818370738
1115.3800312805176,-71.85272152061091,-71.85272152061091
1115.3900312805176,-71.85452464053192,-71.85452464053192
1115.4000312805176,-71.8563276899891,-71.8563276899891
1115.4100312805176,-71.8581308136389,-71.8581308136389
1115.4200312805176,-71.85993415425628,-71.85993415425628
1115.4300312805176,-71.86173785277332,-71.86173785277332
1115.4400312805176,-71.86354204825548,-71.86354204825548
1115.4500312805176,-71.8653468779373,-71.8653468779373
1115.4600312805176,-71.86715247719613,-71.86715247719613
1115.4700312805176,-71.86895897957747,-71.86895897957747
1115.4800312805176,-71.87076651680121,-71.87076651680121
1115.4900312805175,-71.87257521875617,-71.87257521875617
1115.5000312805175,-71.87438521352499,-71.87438521352499
1115.5100312805175,-71.87619662736496,-71.87619662736496
1115.5200312805175,-71.87800958474607,-71.87800958474607
1115.5300312805175,-71.87982420834153,-71.87982420834153
1115.5400312805175,-71.88164061902286,-71.88164061902286
1115.5500312805175,-71.88345893589447,-71.88345893589447
1115.5600312805175,-71.88527927628782,-71.88527927628782
1115.5700312805175,-71.88710175577826,-71.88710175577826
1115.5800312805177,-71.88892648817472,-71.88892648817472
1115.5900312805177,-71.89075358555658,-71.89075358555658
1115.6000312805177,-71.89258315826001,-71.89258315826001
1115.6100312805177,-71.89441531490941,-71.89441531490941
1115.6200312805177,-71.89625016240572,-71.89625016240572
1115.6300312805176,-71.8980878059571,-71.8980878059571
1115.6400312805176,-71.89992834908674,-71.89992834908674
1115.6500312805176,-71.90177189362039,-71.90177189362039
1115.6600312805176,-71.90361853973798,-71.90361853973798
1115.6700312805176,-71.9054683859569,-71.9054683859569
1115.6800312805176,-71.90732152915615,-71.90732152915615
1115.6900312805176,-71.90917806458147,-71.90917806458147
1115.7000312805176,-71.91103808586618,-71.91103808586618
1115.7100312805176,-71.91290168503494,-71.91290168503494
1115.7200312805176,-71.91476895253484,-71.91476895253484
1115.7300312805176,-71.91663997722996,-71.91663997722996
1115.7400312805175,-71.91851484642147,-71.91851484642147
1115.7500312805175,-71.92039364585911,-71.92039364585911
1115.7600312805175,-71.92227645976519,-71.92227645976519
1115.7700312805175,-71.92416337084006,-71.92416337084006
1115.7800312805175,-71.92605446027406,-71.92605446027406
1115.7900312805175,-71.92794980776955,-71.92794980776955
1115.8000312805175,-71.92984949155105,-71.92984949155105
1115.8100312805175,-71.93175358838485,-71.93175358838485
1115.8200312805175,-71.9336621735818,-71.9336621735818
1115.8300312805177,-71.9355753210229,-71.9355753210229
1115.8400312805177,-71.93749310318104,-71.93749310318104
1115.8500312805177,-71.93941559110021,-71.93941559110021
1115.8600312805177,-71.9413428544648,-71.9413428544648
1115.8700312805177,-71.94327496156615,-71.94327496156615
1115.8800312805176,-71.9452119793463,-71.9452119793463
1115.8900312805176,-71.94715397340232,-71.94715397340232
1115.9000312805176,-71.94910100799797,-71.94910100799797
1115.9100312805176,-71.95105314608996,-71.95105314608996
1115.9200312805176,-71.95301044932687,-71.95301044932687
1115.9300312805176,-71.95497297809436,-71.95497297809436
1115.9400312805176,-71.95694079147879,-71.95694079147879
1115.9500312805176,-71.95891394733067,-71.95891394733067
1115.9600312805176,-71.96088622805956,-71.96088622805956
1115.9700312805176,-71.96285494076037,-71.96285494076037
1115.9800312805176,-71.96481880160403,-71.96481880160403
1115.9900312805175,-71.96677717880118,-71.96677717880118
1116.0000312805175,-71.96872980354424,-71.96872980354424
1116.0100312805175,-71.97067661978606,-71.97067661978606
1116.0200312805175,-71.972617696167,-71.972617696167
1116.0300312805175,-71.97455317304198,-71.97455317304198
1116.0400312805175,-71.9764832306516,-71.9764832306516
1116.0500313043594,-71.97840807457712,-71.97840807457712
1116.0600313043594,-71.98032790601462,-71.98032790601462
1116.0700313043594,-71.98224294260947,-71.98224294260947
1116.0800313043594,-71.98415339623874,-71.98415339623874
1116.0900313043594,-71.98605947553104,-71.98605947553104
1116.1000313043594,-71.98796138480294,-71.98796138480294
1116.1100313043594,-71.98985932365989,-71.98985932365989
1116.1200313043594,-71.9917534869399,-71.9917534869399
1116.1300313043594,-71.99364406484058,-71.99364406484058
1116.1400313043594,-71.9955312432013,-71.9955312432013
1116.1500313043593,-71.99741520378673,-71.99741520378673
1116.1600313043593,-71.99929612458273,-71.99929612458273
1116.1700313043593,-72.0011741801038,-72.0011741801038
1116.1800313043595,-72.0030495416345,-72.0030495416345
1116.1900313043595,-72.00492237749997,-72.00492237749997
1116.2000313043595,-72.00679285325302,-72.00679285325302
1116.2100313043595,-72.00866113188316,-72.00866113188316
1116.2200313043595,-72.01052737395537,-72.01052737395537
1116.2300313043595,-72.01239173774991,-72.01239173774991
1116.2400313043595,-72.01425437939778,-72.01425437939778
1116.2500313043595,-72.01611545294816,-72.01611545294816
1116.2600313043595,-72.01797511047924,-72.01797511047924
1116.2700313043595,-72.01983350214138,-72.01983350214138
1116.2800313043595,-72.02169077623753,-72.02169077623753
1116.2900313043594,-72.02354707926266,-72.02354707926266
1116.3000313043594,-72.02540255592812,-72.02540255592812
1116.3100313043594,-72.02725734923234,-72.02725734923234
1116.3200313043594,-72.02911160043855,-72.02911160043855
1116.3300313043594,-72.0309654491373,-72.0309654491373
1116.3400313043594,-72.03281903325234,-72.03281903325234
1116.3500313043594,-72.03467248904302,-72.03467248904302
1116.3600313043594,-72.03652595112827,-72.03652595112827
1116.3700313043594,-72.03837955250864,-72.03837955250864
1116.3800313043594,-72.0402334245359,-72.0402334245359
1116.3900313043594,-72.04208769695839,-72.04208769695839
1116.4000313043593,-72.04394249791672,-72.04394249791672
1116.4100313043593,-72.04579795393062,-72.04579795393062
1116.4200313043593,-72.04765418992726,-72.04765418992726
1116.4300313043595,-72.04951132923158,-72.04951132923158
1116.4400313043595,-72.05136949357085,-72.05136949357085
1116.4500313043595,-72.0532288030785,-72.0532288030785
1116.4600313043595,-72.05508937630006,-72.05508937630006
1116.4700313043595,-72.05695133019529,-72.05695133019529
1116.4800313043595,-72.05881478013895,-72.05881478013895
1116.4900313043595,-72.06067983992898,-72.06067983992898
1116.5000313043595,-72.06254662177987,-72.06254662177987
1116.5100313043595,-72.06441523634784,-72.06441523634784
1116.5200313043595,-72.06628579271447,-72.06628579271447
1116.5300313043595,-72.06815839839989,-72.06815839839989
1116.5400313043594,-72.07003315936859,-72.07003315936859
1116.5500313043594,-72.07191018003039,-72.07191018003039
1116.5600313043594,-72.07378956326207,-72.07378956326207
1116.5700313043594,-72.07567141037677,-72.07567141037677
1116.5800313043594,-72.07755582117677,-72.07755582117677
1116.5900313043594,-72.07944289394705,-72.07944289394705
1116.6000313043594,-72.08133272541949,-72.08133272541949
1116.6100313043594,-72.08322541084438,-72.08322541084438
1116.6200313043594,-72.0851210439557,-72.0851210439557
1116.6300313043594,-72.08701971700499,-72.08701971700499
1116.6400313043594,-72.08892152074708,-72.08892152074708
1116.6500313043593,-72.09082654446611,-72.09082654446611
1116.6600313043593,-72.09273487597343,-72.09273487597343
1116.6700313043593,-72.09464660163164,-72.09464660163164
1116.6800313043595,-72.0965618063508,-72.0965618063508
1116.6900313043595,-72.09848057361029,-72.09848057361029
1116.7000313043595,-72.10040298544615,-72.10040298544615
1116.7100313043595,-72.10232912249563,-72.10232912249563
1116.7200313043595,-72.10425906398586,-72.10425906398586
1116.7300313043595,-72.1061928877411,-72.1061928877411
1116.7400313043595,-72.1081306702151,-72.1081306702151
1116.7500313043595,-72.1100724864781,-72.1100724864781
1116.7600313043595,-72.1120184102537,-72.1120184102537
1116.7700313043595,-72.113968513899,-72.113968513899
1116.7800313043595,-72.11592286845497,-72.11592286845497
1116.7900313043594,-72.11788154362657,-72.11788154362657
1116.8000313043594,-72.11984460781142,-72.11984460781142
1116.8100313043594,-72.1218121281004,-72.1218121281004
1116.8200313043594,-72.12378417031839,-72.12378417031839
1116.8300313043594,-72.12576079897748,-72.12576079897748
1116.8400313043594,-72.1277420773704,-72.1277420773704
1116.8500313043594,-72.12972806751353,-72.12972806751353
1116.8600313043594,-72.13171883019862,-72.13171883019862
1116.8700313043594,-72.13371442498521,-72.13371442498521
1116.8800313043594,-72.13571491023224,-72.13571491023224
1116.8900313043594,-72.13772034308805,-72.13772034308805
1116.9000313282013,-72.1397307843047,-72.1397307843047
1116.9100313282013,-72.14174627913657,-72.14174627913657
1116.9200313282013,-72.14376688598315,-72.14376688598315
1116.9300313282013,-72.14579265734073,-72.14579265734073
1116.9400313282013,-72.147823644566,-72.147823644566
1116.9500313282012,-72.14985989789893,-72.14985989789893
1116.9600313282012,-72.15190146646881,-72.15190146646881
1116.9700313282012,-72.15394839831664,-72.15394839831664
1116.9800313282012,-72.15600074039281,-72.15600074039281
1116.9900313282012,-72.15805853858535,-72.15805853858535
1117.0000313282012,-72.1601218377241,-72.1601218377241
1117.0100313282012,-72.16219068160335,-72.16219068160335
1117.0200313282012,-72.1642651129712,-72.1642651129712
1117.0300313282014,-72.16634517356754,-72.16634517356754
1117.0400313282014,-72.16843090412567,-72.16843090412567
1117.0500313282014,-72.17052234439063,-72.17052234439063
1117.0600313282014,-72.17261953311106,-72.17261953311106
1117.0700313282014,-72.17472250808557,-72.17472250808557
1117.0800313282014,-72.1768313061476,-72.1768313061476
1117.0900313282013,-72.17894596319559,-72.17894596319559
1117.1000313282013,-72.18106651417878,-72.18106651417878
1117.1100313282013,-72.18319299315209,-72.18319299315209
1117.1200313282013,-72.18532543324606,-72.18532543324606
1117.1300313282013,-72.18746386669956,-72.18746386669956
1117.1400313282013,-72.1896083248702,-72.1896083248702
1117.1500313282013,-72.19175883824475,-72.19175883824475
1117.1600313282013,-72.19391543645325,-72.19391543645325
1117.1700313282013,-72.19607814826722,-72.19607814826722
1117.1800313282013,-72.19824700162125,-72.19824700162125
1117.1900313282013,-72.20042202364421,-72.20042202364421
1117.2000313282012,-72.2026032406303,-72.2026032406303
1117.2100313282012,-72.20479067808202,-72.20479067808202
1117.2200313282012,-72.20698436069422,-72.20698436069422
1117.2300313282012,-72.20918431240972,-72.20918431240972
1117.2400313282012,-72.21139055637076,-72.21139055637076
1117.2500313282012,-72.21360311497736,-72.21360311497736
1117.2600313282012,-72.2158220098814,-72.2158220098814
1117.2700313282012,-72.21804726199599,-72.21804726199599
1117.2800313282014,-72.22027889148671,-72.22027889148671
1117.2900313282014,-72.22251691783397,-72.22251691783397
1117.3000313282014,-72.22476135979522,-72.22476135979522
1117.3100313282014,-72.2270122354289,-72.2270122354289
1117.3200313282014,-72.22926956211322,-72.22926956211322
1117.3300313282014,-72.2315333565387,-72.2315333565387
1117.3400313282013,-72.23380363475148,-72.23380363475148
1117.3500313282013,-72.23608041211686,-72.23608041211686
1117.3600313282013,-72.23836370336608,-72.23836370336608
1117.3700313282013,-72.24065352258549,-72.24065352258549
1117.3800313282013,-72.24294988324115,-72.24294988324115
1117.3900313282013,-72.24525279816628,-72.24525279816628
1117.4000313282013,-72.24756227959669,-72.24756227959669
1117.4100313282013,-72.24987833916143,-72.24987833916143
1117.4200313282013,-72.25220098790346,-72.25220098790346
1117.4300313282013,-72.25453023627807,-72.25453023627807
1117.4400313282013,-72.25686609415932,-72.25686609415932
1117.4500313282012,-72.2592085708636,-72.2592085708636
1117.4600313282012,-72.26155767515962,-72.26155767515962
1117.4700313282012,-72.26391341524321,-72.26391341524321
1117.4800313282012,-72.26627579879442,-72.26627579879442
1117.4900313282012,-72.26864483294436,-72.26864483294436
1117.5000313282012,-72.27102052430739,-72.27102052430739
1117.5100313282012,-72.2734028789852,-72.2734028789852
1117.5200313282012,-72.27579190256716,-72.27579190256716
1117.5300313282014,-72.27818760014074,-72.27818760014074
1117.5400313282014,-72.2805899763077,-72.2805899763077
1117.5500313282014,-72.28299903517393,-72.28299903517393
1117.5600313282014,-72.28541478038112,-72.28541478038112
1117.5700313282014,-72.28783721509748,-72.28783721509748
1117.5800313282014,-72.29026634202474,-72.29026634202474
1117.5900313282013,-72.29270216341553,-72.29270216341553
1117.6000313282013,-72.29514468107351,-72.29514468107351
1117.6100313282013,-72.2975938963594,-72.2975938963594
1117.6200313282013,-72.3000498102007,-72.3000498102007
1117.6300313282013,-72.302512423108,-72.302512423108
1117.6400313282013,-72.30498173515306,-72.30498173515306
1117.6500313282013,-72.30745774600888,-72.30745774600888
1117.6600313282013,-72.30994045493946,-72.30994045493946
1117.6700313282013,-72.31242986080241,-72.31242986080241
1117.6800313282013,-72.31492596206945,-72.31492596206945
1117.6900313282013,-72.31742875683076,-72.31742875683076
1117.7000313282012,-72.31993824278788,-72.31993824278788
1117.7100313282012,-72.3224544172644,-72.3224544172644
1117.7200313282012,-72.32497727722033,-72.32497727722033
1117.7300313282012,-72.32750681925623,-72.32750681925623
1117.7400313282012,-72.33004303961106,-72.33004303961106
1117.7500313520432,-72.33258594022581,-72.33258594022581
1117.7600313520431,-72.33513550457172,-72.33513550457172
1117.7700313520431,-72.33769173388076,-72.33769173388076
1117.7800313520431,-72.34025462302078,-72.34025462302078
1117.7900313520431,-72.34282416654754,-72.34282416654754
1117.800031352043,-72.3454003586767,-72.3454003586767
1117.810031352043,-72.34798319333116,-72.34798319333116
1117.820031352043,-72.35057266409791,-72.35057266409791
1117.830031352043,-72.35316876427406,-72.35316876427406
1117.840031352043,-72.35577148684916,-72.35577148684916
1117.850031352043,-72.35838082450994,-72.35838082450994
1117.860031352043,-72.36099676966911,-72.36099676966911
1117.870031352043,-72.36361931444424,-72.36361931444424
1117.8800313520433,-72.36624845067375,-72.36624845067375
1117.8900313520433,-72.36888416991127,-72.36888416991127
1117.9000313520432,-72.37152646345368,-72.37152646345368
1117.9100313520432,-72.37417532232703,-72.37417532232703
1117.9200313520432,-72.37683073729526,-72.37683073729526
1117.9300313520432,-72.37949269885661,-72.37949269885661
1117.9400313520432,-72.38216119727218,-72.38216119727218
1117.9500313520432,-72.38483622254117,-72.38483622254117
1117.9600313520432,-72.38751776442597,-72.38751776442597
1117.9700313520432,-72.39020581246074,-72.39020581246074
1117.9800313520432,-72.39290035591486,-72.39290035591486
1117.9900313520432,-72.39560138385366,-72.39560138385366
1118.0000313520432,-72.39830888511048,-72.39830888511048
1118.0100313520431,-72.40102284828777,-72.40102284828777
1118.0200313520431,-72.4037432617786,-72.4037432617786
1118.0300313520431,-72.40647011375376,-72.40647011375376
1118.0400313520431,-72.40920339217547,-72.40920339217547
1118.050031352043,-72.41194308480573,-72.41194308480573
1118.060031352043,-72.41468917919595,-72.41468917919595
1118.070031352043,-72.41744166270512,-72.41744166270512
1118.080031352043,-72.42020052248726,-72.42020052248726
1118.090031352043,-72.42296574550898,-72.42296574550898
1118.100031352043,-72.42573731855178,-72.42573731855178
1118.110031352043,-72.42851522821677,-72.42851522821677
1118.120031352043,-72.43129946091348,-72.43129946091348
1118.1300313520433,-72.4340900028784,-72.4340900028784
1118.1400313520433,-72.43688684017545,-72.43688684017545
1118.1500313520432,-72.4396899586941,-72.4396899586941
1118.1600313520432,-72.44249934416335,-72.44249934416335
1118.1700313520432,-72.445314982129,-72.445314982129
1118.1800313520432,-72.44813685801024,-72.44813685801024
1118.1900313520432,-72.45096495703638,-72.45096495703638
1118.2000313520432,-72.45379926429332,-72.45379926429332
1118.2100313520432,-72.45663976471408,-72.45663976471408
1118.2200313520432,-72.45948644309067,-72.45948644309067
1118.2300313520432,-72.46233928406487,-72.46233928406487
1118.2400313520432,-72.46519827212956,-72.46519827212956
1118.2500313520432,-72.46806339164188,-72.46806339164188
1118.2600313520431,-72.47093462682524,-72.47093462682524
1118.2700313520431,-72.47381196176454,-72.47381196176454
1118.2800313520431,-72.4766953804183,-72.4766953804183
1118.2900313520431,-72.47958486660895,-72.47958486660895
1118.300031352043,-72.48248040404185,-72.48248040404185
1118.310031352043,-72.4853819762954,-72.4853819762954
1118.320031352043,-72.48828956682289,-72.48828956682289
1118.330031352043,-72.49120315896124,-72.49120315896124
1118.340031352043,-72.49412273594156,-72.49412273594156
1118.350031352043,-72.49704828087715,-72.49704828087715
1118.360031352043,-72.4999797767662,-72.4999797767662
1118.370031352043,-72.50291720650375,-72.50291720650375
1118.3800313520433,-72.50586055286901,-72.50586055286901
1118.3900313520433,-72.5088097985519,-72.5088097985519
1118.4000313520432,-72.5117649261414,-72.5117649261414
1118.4100313520432,-72.51472591811782,-72.51472591811782
1118.4200313520432,-72.51769275687404,-72.51769275687404
1118.4300313520432,-72.52066542469787,-72.52066542469787
1118.4400313520432,-72.52364390379837,-72.52364390379837
1118.4500313520432,-72.5266281762861,-72.5266281762861
1118.4600313520432,-72.52961822418636,-72.52961822418636
1118.4700313520432,-72.5326140294413,-72.5326140294413
1118.4800313520432,-72.53561557391538,-72.53561557391538
1118.4900313520432,-72.53862283937941,-72.53862283937941
1118.5000313520432,-72.54163580753051,-72.54163580753051
1118.5100313520431,-72.54465445998756,-72.54465445998756
1118.5200313520431,-72.54767877830068,-72.54767877830068
1118.5300313520431,-72.55070874393667,-72.55070874393667
1118.5400313520431,-72.5537443383038,-72.5537443383038
1118.550031352043,-72.55678554272794,-72.55678554272794
1118.560031352043,-72.5598323384704,-72.5598323384704
1118.570031352043,-72.56288470674231,-72.56288470674231
1118.580031352043,-72.56594262865967,-72.56594262865967
1118.590031352043,-72.5690060852976,-72.5690060852976
1118.600031375885,-72.57207506498425,-72.57207506498425
1118.610031375885,-72.57514953407812,-72.57514953407812
1118.620031375885,-72.57822948074957,-72.57822948074957
1118.630031375885,-72.5813148858472,-72.5813148858472
1118.640031375885,-72.58440573015667,-72.58440573015667
1118.650031375885,-72.58750199441293,-72.58750199441293
1118.660031375885,-72.59060365930057,-72.59060365930057
1118.670031375885,-72.59371070545444,-72.59371070545444
1118.680031375885,-72.59682311345675,-72.59682311345675
1118.690031375885,-72.59994086386266,-72.59994086386266
1118.700031375885,-72.60306393716475,-72.60306393716475
1118.710031375885,-72.60619231381767,-72.60619231381767
1118.720031375885,-72.60932597423864,-72.60932597423864
1118.7300313758851,-72.61246489879619,-72.61246489879619
1118.740031375885,-72.61560906782819,-72.61560906782819
1118.750031375885,-72.61875846163856,-72.61875846163856
1118.760031375885,-72.62191306048265,-72.62191306048265
1118.770031375885,-72.62507284459723,-72.62507284459723
1118.780031375885,-72.6282377941753,-72.6282377941753
1118.790031375885,-72.63140788937524,-72.63140788937524
1118.800031375885,-72.63458311034623,-72.63458311034623
1118.810031375885,-72.63776343718041,-72.63776343718041
1118.820031375885,-72.64094884996304,-72.64094884996304
1118.830031375885,-72.6441393287378,-72.6441393287378
1118.840031375885,-72.64733485354283,-72.64733485354283
1118.850031375885,-72.65053540436561,-72.65053540436561
1118.860031375885,-72.65374096119157,-72.65374096119157
1118.870031375885,-72.65695150398327,-72.65695150398327
1118.880031375885,-72.66016701266724,-72.66016701266724
1118.890031375885,-72.66338746717508,-72.66338746717508
1118.900031375885,-72.66661284739548,-72.66661284739548
1118.910031375885,-72.66984313320803,-72.66984313320803
1118.920031375885,-72.67307830448735,-72.67307830448735
1118.930031375885,-72.67631834108066,-72.67631834108066
1118.940031375885,-72.67956322282413,-72.67956322282413
1118.950031375885,-72.68281292954434,-72.68281292954434
1118.960031375885,-72.6860674410534,-72.6860674410534
1118.970031375885,-72.68932673715459,-72.68932673715459
1118.9800313758851,-72.69259079763849,-72.69259079763849
1118.990031375885,-72.69585960229172,-72.69585960229172
1119.000031375885,-72.699133130883,-72.699133130883
1119.010031375885,-72.70241136318953,-72.70241136318953
1119.020031375885,-72.70569427896163,-72.70569427896163
1119.030031375885,-72.70898185796943,-72.70898185796943
1119.040031375885,-72.71227407996157,-72.71227407996157
1119.050031375885,-72.71557092468213,-72.71557092468213
1119.060031375885,-72.71887237189328,-72.71887237189328
1119.070031375885,-72.72217840133146,-72.72217840133146
1119.080031375885,-72.72548899273936,-72.72548899273936
1119.090031375885,-72.72880412587018,-72.72880412587018
1119.100031375885,-72.73212378047101,-72.73212378047101
1119.110031375885,-72.73544793628301,-72.73544793628301
1119.120031375885,-72.73877657306927,-72.73877657306927
1119.130031375885,-72.74210967057661,-72.74210967057661
1119.140031375885,-72.74544720856748,-72.74544720856748
1119.150031375885,-72.74878916680201,-72.74878916680201
1119.160031375885,-72.75213552505457,-72.75213552505457
1119.170031375885,-72.75548626310096,-72.75548626310096
1119.180031375885,-72.7588413607294,-72.7588413607294
1119.190031375885,-72.7622007977257,-72.7622007977257
1119.200031375885,-72.76556455389374,-72.76556455389374
1119.210031375885,-72.76892625943698,-72.76892625943698
1119.220031375885,-72.77228310940218,-72.77228310940218
1119.2300313758851,-72.77563372449968,-72.77563372449968
1119.240031375885,-72.77897738565868,-72.77897738565868
1119.250031375885,-72.78231374184176,-72.78231374184176
1119.260031375885,-72.7856426582649,-72.7856426582649
1119.270031375885,-72.78896412745293,-72.78896412745293
1119.280031375885,-72.79227821578858,-72.79227821578858
1119.290031375885,-72.79558503138294,-72.79558503138294
1119.300031375885,-72.79888470476085,-72.79888470476085
1119.310031375885,-72.80217737736027,-72.80217737736027
1119.320031375885,-72.80546319475988,-72.80546319475988
1119.330031375885,-72.80874230278015,-72.80874230278015
1119.340031375885,-72.8120148453595,-72.8120148453595
1119.350031375885,-72.81528096345262,-72.81528096345262
1119.360031375885,-72.81854079459511,-72.81854079459511
1119.370031375885,-72.82179447280785,-72.82179447280785
1119.380031375885,-72.825042128738,-72.825042128738
1119.390031375885,-72.82828388987932,-72.82828388987932
1119.400031375885,-72.8315198808353,-72.8315198808353
1119.410031375885,-72.83475022360133,-72.83475022360133
1119.420031375885,-72.83797503784452,-72.83797503784452
1119.430031375885,-72.84119444113408,-72.84119444113408
1119.440031375885,-72.84440854916592,-72.84440854916592
1119.4500313997269,-72.84761748360519,-72.84761748360519
1119.4600313997269,-72.8508213416702,-72.8508213416702
1119.4700313997268,-72.8540202421448,-72.8540202421448
1119.4800313997268,-72.85721429490287,-72.85721429490287
1119.4900313997268,-72.86040360868041,-72.86040360868041
1119.5000313997268,-72.86358829111154,-72.86358829111154
1119.5100313997268,-72.86676844882311,-72.86676844882311
1119.5200313997268,-72.86994418749379,-72.86994418749379
1119.5300313997268,-72.87311561186931,-72.87311561186931
1119.5400313997268,-72.87628282581124,-72.87628282581124
1119.5500313997268,-72.8794459323288,-72.8794459323288
1119.5600313997268,-72.88260503357697,-72.88260503357697
1119.5700313997268,-72.88576023088332,-72.88576023088332
1119.580031399727,-72.88891162474556,-72.88891162474556
1119.590031399727,-72.89205931483967,-72.89205931483967
1119.600031399727,-72.89520340002187,-72.89520340002187
1119.610031399727,-72.8983439783318,-72.8983439783318
1119.620031399727,-72.9014811469747,-72.9014811469747
1119.630031399727,-72.90461500232769,-72.90461500232769
1119.640031399727,-72.90774563993142,-72.90774563993142
1119.650031399727,-72.91087315449572,-72.91087315449572
1119.660031399727,-72.91399763985247,-72.91399763985247
1119.670031399727,-72.91711918899367,-72.91711918899367
1119.6800313997269,-72.92023789404175,-72.92023789404175
1119.6900313997269,-72.92335384622567,-72.92335384622567
1119.7000313997269,-72.92646713590285,-72.92646713590285
1119.7100313997269,-72.92957785253748,-72.92957785253748
1119.7200313997268,-72.93268608469491,-72.93268608469491
1119.7300313997268,-72.93579192002116,-72.93579192002116
1119.7400313997268,-72.93889544525756,-72.93889544525756
1119.7500313997268,-72.94199674622165,-72.94199674622165
1119.7600313997268,-72.94509590779253,-72.94509590779253
1119.7700313997268,-72.94819301392133,-72.94819301392133
1119.7800313997268,-72.95128814761543,-72.95128814761543
1119.7900313997268,-72.95438139094252,-72.95438139094252
1119.8000313997268,-72.95747282501334,-72.95747282501334
1119.8100313997268,-72.960562529995,-72.960562529995
1119.8200313997268,-72.96365058509097,-72.96365058509097
1119.830031399727,-72.9667370685392,-72.9667370685392
1119.840031399727,-72.96982205763015,-72.96982205763015
1119.850031399727,-72.97290562868008,-72.97290562868008
1119.860031399727,-72.97598785704261,-72.97598785704261
1119.870031399727,-72.97906881710196,-72.97906881710196
1119.880031399727,-72.98214858228887,-72.98214858228887
1119.890031399727,-72.98522722505265,-72.98522722505265
1119.900031399727,-72.98830481688687,-72.98830481688687
1119.910031399727,-72.99138142830873,-72.99138142830873
1119.920031399727,-72.99445712889703,-72.99445712889703
1119.9300313997269,-72.99753198724468,-72.99753198724468
1119.9400313997269,-73.00060607099675,-73.00060607099675
1119.9500313997269,-73.00367944684126,-73.00367944684126
1119.9600313997269,-73.00675218050802,-73.00675218050802
1119.9700313997268,-73.00982433678077,-73.00982433678077
1119.9800313997268,-73.01289597949605,-73.01289597949605
1119.9900313997268,-73.0159671715537,-73.0159671715537
1120.0000313997268,-73.01903797491431,-73.01903797491431
1120.0100313997268,-73.02210845059275,-73.02210845059275
1120.0200313997268,-73.02517865869129,-73.02517865869129
1120.0300313997268,-73.02824865837327,-73.02824865837327
1120.0400313997268,-73.03131850790045,-73.03131850790045
1120.0500313997268,-73.03438826460496,-73.03438826460496
1120.0600313997268,-73.0374579849195,-73.0374579849195
1120.0700313997268,-73.04052772437781,-73.04052772437781
1120.080031399727,-73.0435975376172,-73.0435975376172
1120.090031399727,-73.04666747839211,-73.04666747839211
1120.100031399727,-73.04973759956246,-73.04973759956246
1120.110031399727,-73.05280795312379,-73.05280795312379
1120.120031399727,-73.05587859019573,-73.05587859019573
1120.130031399727,-73.05894956104261,-73.05894956104261
1120.140031399727,-73.06202091507004,-73.06202091507004
1120.150031399727,-73.06509270084484,-73.06509270084484
1120.160031399727,-73.06816496608177,-73.06816496608177
1120.170031399727,-73.07123775767269,-73.07123775767269
1120.1800313997269,-73.07431112167788,-73.07431112167788
1120.1900313997269,-73.07738510334705,-73.07738510334705
1120.2000313997269,-73.08045974711514,-73.08045974711514
1120.2100313997269,-73.08352871980948,-73.08352871980948
1120.2200313997268,-73.08658926760097,-73.08658926760097
1120.2300313997268,-73.08964006760195,-73.08964006760195
1120.2400313997268,-73.09268045909043,-73.09268045909043
1120.2500313997268,-73.0957101501159,-73.0957101501159
1120.2600313997268,-73.09872906511464,-73.09872906511464
1120.2700313997268,-73.10173725558977,-73.10173725558977
1120.2800313997268,-73.10473484649665,-73.10473484649665
1120.2900313997268,-73.10772200395209,-73.10772200395209
1120.3000314235687,-73.11069892297931,-73.11069892297931
1120.3100314235687,-73.11366578757152,-73.11366578757152
1120.3200314235687,-73.11662280651335,-73.11662280651335
1120.3300314235687,-73.11957018104864,-73.11957018104864
1120.3400314235687,-73.12250810983157,-73.12250810983157
1120.3500314235687,-73.12543678787695,-73.12543678787695
1120.3600314235687,-73.12835640608378,-73.12835640608378
1120.3700314235687,-73.13126715116782,-73.13126715116782
1120.3800314235687,-73.13416920580599,-73.13416920580599
1120.3900314235686,-73.1370627488432,-73.1370627488432
1120.4000314235686,-73.1399479555828,-73.1399479555828
1120.4100314235686,-73.14282499807113,-73.14282499807113
1120.4200314235686,-73.145694045369,-73.145694045369
1120.4300314235688,-73.14855526380484,-73.14855526380484
1120.4400314235688,-73.15140881720205,-73.15140881720205
1120.4500314235688,-73.15425486707895,-73.15425486707895
1120.4600314235688,-73.15708719016699,-73.15708719016699
1120.4700314235688,-73.15990314503998,-73.15990314503998
1120.4800314235688,-73.16270152158086,-73.16270152158086
1120.4900314235688,-73.16548177153277,-73.16548177153277
1120.5000314235688,-73.16824371486045,-73.16824371486045
1120.5100314235688,-73.170987387298,-73.170987387298
1120.5200314235688,-73.17371295100969,-73.17371295100969
1120.5300314235687,-73.17642064092617,-73.17642064092617
1120.5400314235687,-73.179110732499,-73.179110732499
1120.5500314235687,-73.18178352231806,-73.18178352231806
1120.5600314235687,-73.18443931657532,-73.18443931657532
1120.5700314235687,-73.18707842427634,-73.18707842427634
1120.5800314235687,-73.18970115334302,-73.18970115334302
1120.5900314235687,-73.19230780845702,-73.19230780845702
1120.6000314235687,-73.19489868997869,-73.19489868997869
1120.6100314235687,-73.19747409350177,-73.19747409350177
1120.6200314235687,-73.20003430975746,-73.20003430975746
1120.6300314235687,-73.20257962474321,-73.20257962474321
1120.6400314235686,-73.20511031993797,-73.20511031993797
1120.6500314235686,-73.2076266725781,-73.2076266725781
1120.6600314235686,-73.21012895591102,-73.21012895591102
1120.6700314235686,-73.21261743948578,-73.21261743948578
1120.6800314235688,-73.21509238937671,-73.21509238937671
1120.6900314235688,-73.21755406840919,-73.21755406840919
1120.7000314235688,-73.22000273633432,-73.22000273633432
1120.7100314235688,-73.22243226278995,-73.22243226278995
1120.7200314235688,-73.22484010182234,-73.22484010182234
1120.7300314235688,-73.22722513925753,-73.22722513925753
1120.7400314235688,-73.2295869225317,-73.2295869225317
1120.7500314235688,-73.23192536681135,-73.23192536681135
1120.7600314235688,-73.2342406023746,-73.2342406023746
1120.7700314235688,-73.23653288521355,-73.23653288521355
1120.7800314235687,-73.23880254327855,-73.23880254327855
1120.7900314235687,-73.2410499442139,-73.2410499442139
1120.8000314235687,-73.24327547595013,-73.24327547595013
1120.8100314235687,-73.245479535151,-73.245479535151
1120.8200314235687,-73.24766252040729,-73.24766252040729
1120.8300314235687,-73.24982482833427,-73.24982482833427
1120.8400314235687,-73.2519668514169,-73.2519668514169
1120.8500314235687,-73.25408897691496,-73.25408897691496
1120.8600314235687,-73.25619158639967,-73.25619158639967
1120.8700314235687,-73.25827505568635,-73.25827505568635
1120.8800314235687,-73.26033975493895,-73.26033975493895
1120.8900314235686,-73.26238604889437,-73.26238604889437
1120.9000314235686,-73.26441429711585,-73.26441429711585
1120.9100314235686,-73.26642485428778,-73.26642485428778
1120.9200314235686,-73.26841807047158,-73.26841807047158
1120.9300314235688,-73.27039429133096,-73.27039429133096
1120.9400314235688,-73.27235385836983,-73.27235385836983
1120.9500314235688,-73.27429710911701,-73.27429710911701
1120.9600314235688,-73.27621798688146,-73.27621798688146
1120.9700314235688,-73.27811402130828,-73.27811402130828
1120.9800314235688,-73.27998417396189,-73.27998417396189
1120.9900314235688,-73.2818280675774,-73.2818280675774
1121.0000314235688,-73.28364569194325,-73.28364569194325
1121.0100314235688,-73.28543725119256,-73.28543725119256
1121.0200314235688,-73.28720307430734,-73.28720307430734
1121.0300314235687,-73.28894356135233,-73.28894356135233
1121.0400314235687,-73.2906591511808,-73.2906591511808
1121.0500314235687,-73.29235030200154,-73.29235030200154
1121.0600314235687,-73.29401747983206,-73.29401747983206
1121.0700314235687,-73.29566115170608,-73.29566115170608
1121.0800314235687,-73.2972817817473,-73.2972817817473
1121.0900314235687,-73.29887982901649,-73.29887982901649
1121.1000314235687,-73.30045574646671,-73.30045574646671
1121.1100314235687,-73.3020099804448,-73.3020099804448
1121.1200314235687,-73.3035429706514,-73.3035429706514
1121.1300314235687,-73.30505515023252,-73.30505515023252
1121.1400314235686,-73.30654694603386,-73.30654694603386
1121.1500314474106,-73.30801878237445,-73.30801878237445
1121.1600314474106,-73.30947106724048,-73.30947106724048
1121.1700314474106,-73.31090421378673,-73.31090421378673
1121.1800314474106,-73.31231862634819,-73.31231862634819
1121.1900314474105,-73.31371470426268,-73.31371470426268
1121.2000314474105,-73.31509284204374,-73.31509284204374
1121.2100314474105,-73.31645342957994,-73.31645342957994
1121.2200314474105,-73.31779685225224,-73.31779685225224
1121.2300314474105,-73.3191234910641,-73.3191234910641
1121.2400314474105,-73.32043372275656,-73.32043372275656
1121.2500314474105,-73.3217279198905,-73.3217279198905
1121.2600314474105,-73.32300645092585,-73.32300645092585
1121.2700314474105,-73.3242696802601,-73.3242696802601
1121.2800314474107,-73.32551796830415,-73.32551796830415
1121.2900314474107,-73.32675167152834,-73.32675167152834
1121.3000314474107,-73.32797114247576,-73.32797114247576
1121.3100314474107,-73.32917672979686,-73.32917672979686
1121.3200314474107,-73.33036877830254,-73.33036877830254
1121.3300314474106,-73.33154762895411,-73.33154762895411
1121.3400314474106,-73.33271361889273,-73.33271361889273
1121.3500314474106,-73.33386708145557,-73.33386708145557
1121.3600314474106,-73.33500834618998,-73.33500834618998
1121.3700314474106,-73.33613773887095,-73.33613773887095
1121.3800314474106,-73.337255581512,-73.337255581512
1121.3900314474106,-73.33836219237837,-73.33836219237837
1121.4000314474106,-73.33945788598315,-73.33945788598315
1121.4100314474106,-73.3405429731249,-73.3405429731249
1121.4200314474106,-73.34161776087932,-73.34161776087932
1121.4300314474106,-73.3426825526129,-73.3426825526129
1121.4400314474105,-73.34373764801657,-73.34373764801657
1121.4500314474105,-73.34478334309972,-73.34478334309972
1121.4600314474105,-73.34581353645707,-73.34581353645707
1121.4700314474105,-73.34682571693503,-73.34682571693503
1121.4800314474105,-73.3478188065946,-73.3478188065946
1121.4900314474105,-73.34879238908054,-73.34879238908054
1121.5000314474105,-73.34974641514079,-73.34974641514079
1121.5100314474105,-73.35068104968684,-73.35068104968684
1121.5200314474105,-73.35159658215842,-73.35159658215842
1121.5300314474107,-73.35249337266733,-73.35249337266733
1121.5400314474107,-73.35337181964121,-73.35337181964121
1121.5500314474107,-73.35423234036209,-73.35423234036209
1121.5600314474107,-73.35507535941201,-73.35507535941201
1121.5700314474107,-73.3559013018556,-73.3559013018556
1121.5800314474106,-73.35671058937263,-73.35671058937263
1121.5900314474106,-73.35750363808859,-73.35750363808859
1121.6000314474106,-73.35828085755449,-73.35828085755449
1121.6100314474106,-73.35904265027484,-73.35904265027484
1121.6200314474106,-73.35978941172117,-73.35978941172117
1121.6300314474106,-73.36052153043028,-73.36052153043028
1121.6400314474106,-73.36123938828395,-73.36123938828395
1121.6500314474106,-73.36194336082225,-73.36194336082225
1121.6600314474106,-73.3626338175377,-73.3626338175377
1121.6700314474106,-73.36331112217673,-73.36331112217673
1121.6800314474106,-73.36397563304347,-73.36397563304347
1121.6900314474105,-73.36462770323034,-73.36462770323034
1121.7000314474105,-73.36526768083975,-73.36526768083975
1121.7100314474105,-73.36589590919965,-73.36589590919965
1121.7200314474105,-73.36651272701917,-73.36651272701917
1121.7300314474105,-73.36711846854975,-73.36711846854975
1121.7400314474105,-73.36771346370216,-73.36771346370216
1121.7500314474105,-73.36829803816977,-73.36829803816977
1121.7600314474105,-73.36887251352717,-73.36887251352717
1121.7700314474105,-73.36943720730383,-73.36943720730383
1121.7800314474107,-73.36999243306347,-73.36999243306347
1121.7900314474107,-73.37053850045653,-73.37053850045653
1121.8000314474107,-73.3710757153023,-73.3710757153023
1121.8100314474107,-73.37160437961339,-73.37160437961339
1121.8200314474107,-73.37212479163699,-73.37212479163699
1121.8300314474106,-73.37263724591432,-73.37263724591432
1121.8400314474106,-73.37314203330106,-73.37314203330106
1121.8500314474106,-73.37363944100514,-73.37363944100514
1121.8600314474106,-73.3741297526066,-73.3741297526066
1121.8700314474106,-73.3746132481129,-73.3746132481129
1121.8800314474106,-73.37509020393303,-73.37509020393303
1121.8900314474106,-73.37556089295403,-73.37556089295403
1121.9000314474106,-73.37602558454033,-73.37602558454033
1121.9100314474106,-73.37648454456127,-73.37648454456127
1121.9200314474106,-73.37693803540431,-73.37693803540431
1121.9300314474106,-73.37738631602262,-73.37738631602262
1121.9400314474105,-73.37782964191015,-73.37782964191015
1121.9500314474105,-73.37826826518874,-73.37826826518874
1121.9600314474105,-73.37869603989142,-73.37869603989142
1121.9700314474105,-73.37911041269068,-73.37911041269068
1121.9800314474105,-73.37951026448874,-73.37951026448874
1121.9900314474105,-73.3798951383467,-73.3798951383467
1122.0000314712524,-73.3802649457447,-73.3802649457447
1122.0100314712524,-73.38061980996548,-73.38061980996548
1122.0200314712524,-73.38095998183496,-73.38095998183496
1122.0300314712524,-73.3812857821382,-73.3812857821382
1122.0400314712524,-73.38159757017016,-73.38159757017016
1122.0500314712524,-73.38189572426806,-73.38189572426806
1122.0600314712524,-73.38218063026963,-73.38218063026963
1122.0700314712524,-73.38245267468825,-73.38245267468825
1122.0800314712524,-73.38271224082838,-73.38271224082838
1122.0900314712524,-73.38295970668169,-73.38295970668169
1122.1000314712524,-73.38319544385797,-73.38319544385797
1122.1100314712523,-73.38341981718203,-73.38341981718203
1122.1200314712523,-73.38363318464678,-73.38363318464678
1122.1300314712526,-73.38383589758025,-73.38383589758025
1122.1400314712525,-73.38402830091378,-73.38402830091378
1122.1500314712525,-73.38421073349049,-73.38421073349049
1122.1600314712525,-73.3843835283816,-73.3843835283816
1122.1700314712525,-73.38454701320644,-73.38454701320644
1122.1800314712525,-73.38470151041115,-73.38470151041115
1122.1900314712525,-73.38484733751707,-73.38484733751707
1122.2000314712525,-73.38498480736808,-73.38498480736808
1122.2100314712525,-73.38511422832059,-73.38511422832059
1122.2200314712525,-73.3852359044238,-73.3852359044238
1122.2300314712525,-73.38535013556499,-73.38535013556499
1122.2400314712525,-73.38545721761248,-73.38545721761248
1122.2500314712524,-73.3855574425212,-73.3855574425212
1122.2600314712524,-73.38565109843495,-73.38565109843495
1122.2700314712524,-73.38573846978584,-73.38573846978584
1122.2800314712524,-73.38581983732186,-73.38581983732186
1122.2900314712524,-73.38589547823918,-73.38589547823918
1122.3000314712524,-73.38596566618799,-73.38596566618799
1122.3100314712524,-73.38603067133073,-73.38603067133073
1122.3200314712524,-73.3860907604044,-73.3860907604044
1122.3300314712524,-73.3861461967343,-73.3861461967343
1122.3400314712524,-73.38619724028315,-73.38619724028315
1122.3500314712524,-73.38624414768026,-73.38624414768026
1122.3600314712523,-73.38628717225447,-73.38628717225447
1122.3700314712523,-73.38632656405375,-73.38632656405375
1122.3800314712526,-73.38636256986987,-73.38636256986987
1122.3900314712525,-73.38639543326367,-73.38639543326367
1122.4000314712525,-73.38642539459143,-73.38642539459143
1122.4100314712525,-73.38645269101715,-73.38645269101715
1122.4200314712525,-73.38647755655109,-73.38647755655109
1122.4300314712525,-73.38650022204227,-73.38650022204227
1122.4400314712525,-73.38652091522236,-73.38652091522236
1122.4500314712525,-73.38653986071685,-73.38653986071685
1122.4600314712525,-73.38655728007596,-73.38655728007596
1122.4700314712525,-73.38657339175903,-73.38657339175903
1122.4800314712525,-73.38658841121337,-73.38658841121337
1122.4900314712525,-73.38660255083181,-73.38660255083181
1122.5000314712524,-73.38661602002334,-73.38661602002334
1122.5100314712524,-73.38662902520205,-73.38662902520205
1122.5200314712524,-73.38664176982515,-73.38664176982515
1122.5300314712524,-73.38665445439233,-73.38665445439233
1122.5400314712524,-73.38666727650819,-73.38666727650819
1122.5500314712524,-73.3866804308612,-73.3866804308612
1122.5600314712524,-73.38669410927253,-73.38669410927253
1122.5700314712524,-73.38670850070298,-73.38670850070298
1122.5800314712524,-73.38672379127784,-73.38672379127784
1122.5900314712524,-73.38674016432282,-73.38674016432282
1122.6000314712524,-73.38675780036878,-73.38675780036878
1122.6100314712523,-73.38677687718946,-73.38677687718946
1122.6200314712523,-73.3867975698235,-73.3867975698235
1122.6300314712526,-73.38682005059104,-73.38682005059104
1122.6400314712525,-73.38684448911295,-73.38684448911295
1122.6500314712525,-73.38687105235302,-73.38687105235302
1122.6600314712525,-73.38689990462815,-73.38689990462815
1122.6700314712525,-73.38693120763993,-73.38693120763993
1122.6800314712525,-73.38696512050312,-73.38696512050312
1122.6900314712525,-73.3870017997469,-73.3870017997469
1122.7000314712525,-73.38704139937222,-73.38704139937222
1122.7100314712525,-73.38708407084727,-73.38708407084727
1122.7200314712525,-73.38712996316944,-73.38712996316944
1122.7300314712525,-73.38717922285403,-73.38717922285403
1122.7400314712525,-73.38723199397357,-73.38723199397357
1122.7500314712524,-73.38728841819254,-73.38728841819254
1122.7600314712524,-73.38734863476785,-73.38734863476785
1122.7700314712524,-73.38741278060867,-73.38741278060867
1122.7800314712524,-73.38748099027366,-73.38748099027366
1122.7900314712524,-73.38755339600584,-73.38755339600584
1122.8000314712524,-73.38763012776047,-73.38763012776047
1122.8100314712524,-73.38771131323367,-73.38771131323367
1122.8200314712524,-73.38779707787563,-73.38779707787563
1122.8300314712524,-73.38788754493041,-73.38788754493041
1122.8400314712524,-73.38798283545343,-73.38798283545343
1122.8500314950943,-73.38808306856355,-73.38808306856355
1122.8600314950943,-73.38818836055731,-73.38818836055731
1122.8700314950943,-73.3882988262907,-73.3882988262907
1122.8800314950943,-73.38841457831411,-73.38841457831411
1122.8900314950943,-73.38853572712706,-73.38853572712706
1122.9000314950943,-73.38866238117167,-73.38866238117167
1122.9100314950942,-73.38879464688348,-73.38879464688348
1122.9200314950942,-73.38893262871433,-73.38893262871433
1122.9300314950942,-73.38907642914322,-73.38907642914322
1122.9400314950942,-73.38922614871845,-73.38922614871845
1122.9500314950942,-73.3893818860653,-73.3893818860653
1122.9600314950942,-73.38953734325342,-73.38953734325342
1122.9700314950942,-73.3896898177071,-73.3896898177071
1122.9800314950944,-73.38983804294323,-73.38983804294323
1122.9900314950944,-73.38998141626085,-73.38998141626085
1123.0000314950944,-73.39011970401371,-73.39011970401371
1123.0100314950944,-73.39025288851984,-73.39025288851984
1123.0200314950944,-73.39038107826282,-73.39038107826282
1123.0300314950944,-73.39050445401534,-73.39050445401534
1123.0400314950944,-73.39062323637,-73.39062323637
1123.0500314950943,-73.3907376663088,-73.3907376663088
1123.0600314950943,-73.39084799361476,-73.39084799361476
1123.0700314950943,-73.39095447007914,-73.39095447007914
1123.0800314950943,-73.39105734560971,-73.39105734560971
1123.0900314950943,-73.3911568661241,-73.3911568661241
1123.1000314950943,-73.3912532724969,-73.3912532724969
1123.1100314950943,-73.39134680017287,-73.39134680017287
1123.1200314950943,-73.39143767909802,-73.39143767909802
1123.1300314950943,-73.3915261339146,-73.3915261339146
1123.1400314950943,-73.39161238421168,-73.39161238421168
1123.1500314950943,-73.39169664486009,-73.39169664486009
1123.1600314950942,-73.39177912632648,-73.39177912632648
1123.1700314950942,-73.39186003497912,-73.39186003497912
1123.1800314950942,-73.39193957337106,-73.39193957337106
1123.1900314950942,-73.39201794048962,-73.39201794048962
1123.2000314950942,-73.39209533200608,-73.39209533200608
1123.2100314950942,-73.39217194045862,-73.39217194045862
1123.2200314950942,-73.39224795542903,-73.39224795542903
1123.2300314950944,-73.39232356367978,-73.39232356367978
1123.2400314950944,-73.39239894929794,-73.39239894929794
1123.2500314950944,-73.39247429378744,-73.39247429378744
1123.2600314950944,-73.39254977618755,-73.39254977618755
1123.2700314950944,-73.39262557312105,-73.39262557312105
1123.2800314950944,-73.39270185886677,-73.39270185886677
1123.2900314950944,-73.39277880544851,-73.39277880544851
1123.3000314950943,-73.39285658264005,-73.39285658264005
1123.3100314950943,-73.39293535802167,-73.39293535802167
1123.3200314950943,-73.3930152970341,-73.3930152970341
1123.3300314950943,-73.39309656296956,-73.39309656296956
1123.3400314950943,-73.39317931703955,-73.39317931703955
1123.3500314950943,-73.39326371835055,-73.39326371835055
1123.3600314950943,-73.39334992397468,-73.39334992397468
1123.3700314950943,-73.39343808892208,-73.39343808892208
1123.3800314950943,-73.39352836618127,-73.39352836618127
1123.3900314950943,-73.39362090671459,-73.39362090671459
1123.4000314950943,-73.39371585948159,-73.39371585948159
1123.4100314950942,-73.39381337145504,-73.39381337145504
1123.4200314950942,-73.39391358761375,-73.39391358761375
1123.4300314950942,-73.39401665096479,-73.39401665096479
1123.4400314950942,-73.39412270254374,-73.39412270254374
1123.4500314950942,-73.39423188142646,-73.39423188142646
1123.4600314950942,-73.39434432475258,-73.39434432475258
1123.4700314950942,-73.39446016770857,-73.39446016770857
1123.4800314950944,-73.39457954354454,-73.39457954354454
1123.4900314950944,-73.39470258360505,-73.39470258360505
1123.5000314950944,-73.39482941730826,-73.39482941730826
1123.5100314950944,-73.394960172167,-73.394960172167
1123.5200314950944,-73.39509497379267,-73.39509497379267
1123.5300314950944,-73.39523394592761,-73.39523394592761
1123.5400314950944,-73.39537721042066,-73.39537721042066
1123.5500314950943,-73.39552488725231,-73.39552488725231
1123.5600314950943,-73.3956770945628,-73.3956770945628
1123.5700314950943,-73.39583394863412,-73.39583394863412
1123.5800314950943,-73.39599556391887,-73.39599556391887
1123.5900314950943,-73.3961620530456,-73.3961620530456
1123.6000314950943,-73.39633352682556,-73.39633352682556
1123.6100314950943,-73.39651009428817,-73.39651009428817
1123.6200314950943,-73.39669186265922,-73.39669186265922
1123.6300314950943,-73.39687893738088,-73.39687893738088
1123.6400314950943,-73.39707142216227,-73.39707142216227
1123.6500314950943,-73.39726941894192,-73.39726941894192
1123.6600314950942,-73.39747302792492,-73.39747302792492
1123.6700314950942,-73.39768234760183,-73.39768234760183
1123.6800314950942,-73.39789747475189,-73.39789747475189
1123.6900314950942,-73.39811850444983,-73.39811850444983
1123.7000315189362,-73.39834553063965,-73.39834553063965
1123.7100315189361,-73.39857864400823,-73.39857864400823
1123.7200315189361,-73.39881793514708,-73.39881793514708
1123.7300315189361,-73.39906349250516,-73.39906349250516
1123.7400315189361,-73.39931540291518,-73.39931540291518
1123.750031518936,-73.39957375159236,-73.39957375159236
1123.760031518936,-73.39983862215571,-73.39983862215571
1123.770031518936,-73.40011009666672,-73.40011009666672
1123.780031518936,-73.40038825559883,-73.40038825559883
1123.790031518936,-73.40067317790773,-73.40067317790773
1123.800031518936,-73.400964940993,-73.400964940993
1123.810031518936,-73.40126362074895,-73.40126362074895
1123.820031518936,-73.40156929157526,-73.40156929157526
1123.8300315189363,-73.40188202638356,-73.40188202638356
1123.8400315189363,-73.40220189660546,-73.40220189660546
1123.8500315189362,-73.4025289722424,-73.4025289722424
1123.8600315189362,-73.4028633218307,-73.4028633218307
1123.8700315189362,-73.4032050125141,-73.4032050125141
1123.8800315189362,-73.40355411000945,-73.40355411000945
1123.8900315189362,-73.4039106786516,-73.4039106786516
1123.9000315189362,-73.40427478140303,-73.40427478140303
1123.9100315189362,-73.40464647986423,-73.40464647986423
1123.9200315189362,-73.405025834291,-73.405025834291
1123.9300315189362,-73.40541290361851,-73.40541290361851
1123.9400315189362,-73.40580774545451,-73.40580774545451
1123.9500315189362,-73.40621041613733,-73.40621041613733
1123.9600315189361,-73.40662097069804,-73.40662097069804
1123.9700315189361,-73.40703946291157,-73.40703946291157
1123.9800315189361,-73.40746594531106,-73.40746594531106
1123.9900315189361,-73.40790046918468,-73.40790046918468
1124.000031518936,-73.40834308460431,-73.40834308460431
1124.010031518936,-73.4087938404355,-73.4087938404355
1124.020031518936,-73.40925278435485,-73.40925278435485
1124.030031518936,-73.40971996287095,-73.40971996287095
1124.040031518936,-73.41019542132113,-73.41019542132113
1124.050031518936,-73.41067920391224,-73.41067920391224
1124.060031518936,-73.41117135370475,-73.41117135370475
1124.070031518936,-73.41167191266256,-73.41167191266256
1124.0800315189363,-73.4121809216303,-73.4121809216303
1124.0900315189363,-73.41269842038072,-73.41269842038072
1124.1000315189362,-73.41322444759751,-73.41322444759751
1124.1100315189362,-73.41375904092847,-73.41375904092847
1124.1200315189362,-73.41430223695333,-73.41430223695333
1124.1300315189362,-73.41485407124351,-73.41485407124351
1124.1400315189362,-73.4154145783395,-73.4154145783395
1124.1500315189362,-73.41598379178615,-73.41598379178615
1124.1600315189362,-73.41656174413713,-73.41656174413713
1124.1700315189362,-73.41714846696489,-73.41714846696489
1124.1800315189362,-73.41774399089428,-73.41774399089428
1124.1900315189362,-73.4183483455833,-73.4183483455833
1124.2000315189362,-73.41896155977014,-73.41896155977014
1124.2100315189361,-73.41958366125557,-73.41958366125557
1124.2200315189361,-73.42021467694707,-73.42021467694707
1124.2300315189361,-73.42085463283944,-73.42085463283944
1124.2400315189361,-73.4215035540551,-73.4215035540551
1124.250031518936,-73.42216146482636,-73.42216146482636
1124.260031518936,-73.42282838854935,-73.42282838854935
1124.270031518936,-73.4235043477555,-73.4235043477555
1124.280031518936,-73.42418936414734,-73.42418936414734
1124.290031518936,-73.42488345859705,-73.42488345859705
1124.300031518936,-73.42558665117424,-73.42558665117424
1124.310031518936,-73.42629896114875,-73.42629896114875
1124.320031518936,-73.42702040698998,-73.42702040698998
1124.3300315189363,-73.42775100640179,-73.42775100640179
1124.3400315189363,-73.42849077631853,-73.42849077631853
1124.3500315189362,-73.42923973291641,-73.42923973291641
1124.3600315189362,-73.42999789163805,-73.42999789163805
1124.3700315189362,-73.43076526717822,-73.43076526717822
1124.3800315189362,-73.43154187352732,-73.43154187352732
1124.3900315189362,-73.43232772395037,-73.43232772395037
1124.4000315189362,-73.43312283102196,-73.43312283102196
1124.4100315189362,-73.43392720662008,-73.43392720662008
1124.4200315189362,-73.43474086194662,-73.43474086194662
1124.4300315189362,-73.43556380753314,-73.43556380753314
1124.4400315189362,-73.4363960532527,-73.4363960532527
1124.4500315189362,-73.43723760832532,-73.43723760832532
1124.4600315189361,-73.43808848133143,-73.43808848133143
1124.4700315189361,-73.43894868022984,-73.43894868022984
1124.4800315189361,-73.43981821235693,-73.43981821235693
1124.4900315189361,-73.44069708442876,-73.44069708442876
1124.500031518936,-73.44158530256045,-73.44158530256045
1124.510031518936,-73.44248287228723,-73.44248287228723
1124.520031518936,-73.44338979855034,-73.44338979855034
1124.530031518936,-73.44430608572084,-73.44430608572084
1124.540031518936,-73.44523173760341,-73.44523173760341
1124.550031542778,-73.44616675967535,-73.44616675967535
1124.560031542778,-73.44711115021715,-73.44711115021715
1124.570031542778,-73.44806491357522,-73.44806491357522
1124.580031542778,-73.44902805138484,-73.44902805138484
1124.590031542778,-73.4500005647529,-73.4500005647529
1124.600031542778,-73.45098245427987,-73.45098245427987
1124.610031542778,-73.45197372004948,-73.45197372004948
1124.620031542778,-73.4529743616506,-73.4529743616506
1124.630031542778,-73.45398437818294,-73.45398437818294
1124.640031542778,-73.45500376827562,-73.45500376827562
1124.650031542778,-73.45603253005442,-73.45603253005442
1124.660031542778,-73.45707066120536,-73.45707066120536
1124.670031542778,-73.45811815894197,-73.45811815894197
1124.6800315427781,-73.45917502002008,-73.45917502002008
1124.6900315427781,-73.46024124076779,-73.46024124076779
1124.700031542778,-73.46131681705924,-73.46131681705924
1124.710031542778,-73.46240174434749,-73.46240174434749
1124.720031542778,-73.46349601766111,-73.46349601766111
1124.730031542778,-73.46459963160956,-73.46459963160956
1124.740031542778,-73.465712580391,-73.465712580391
1124.750031542778,-73.46683485780963,-73.46683485780963
1124.760031542778,-73.46796645725473,-73.46796645725473
1124.770031542778,-73.46910737174932,-73.46910737174932
1124.780031542778,-73.4702575939106,-73.4702575939106
1124.790031542778,-73.47141711599498,-73.47141711599498
1124.800031542778,-73.47258592988287,-73.47258592988287
1124.810031542778,-73.47376402707832,-73.47376402707832
1124.820031542778,-73.47495139875531,-73.47495139875531
1124.830031542778,-73.4761480357118,-73.4761480357118
1124.840031542778,-73.47735392840701,-73.47735392840701
1124.850031542778,-73.47856906695218,-73.47856906695218
1124.860031542778,-73.47979344113946,-73.47979344113946
1124.870031542778,-73.48102704041723,-73.48102704041723
1124.880031542778,-73.48226985390802,-73.48226985390802
1124.890031542778,-73.48352187043955,-73.48352187043955
1124.900031542778,-73.484783078506,-73.484783078506
1124.910031542778,-73.48605346630288,-73.48605346630288
1124.920031542778,-73.48733302172168,-73.48733302172168
1124.9300315427781,-73.48862173235952,-73.48862173235952
1124.9400315427781,-73.48991958551753,-73.48991958551753
1124.950031542778,-73.49122656820765,-73.49122656820765
1124.960031542778,-73.49253625946392,-73.49253625946392
1124.970031542778,-73.49384584024209,-73.49384584024209
1124.980031542778,-73.49515393124699,-73.49515393124699
1124.990031542778,-73.49645981954478,-73.49645981954478
1125.000031542778,-73.49776316337935,-73.49776316337935
1125.010031542778,-73.49906383885425,-73.49906383885425
1125.020031542778,-73.50036185007752,-73.50036185007752
1125.030031542778,-73.50165727512402,-73.50165727512402
1125.040031542778,-73.5029502335796,-73.5029502335796
1125.050031542778,-73.5042408670368,-73.5042408670368
1125.060031542778,-73.50552932748214,-73.50552932748214
1125.070031542778,-73.50681577047605,-73.50681577047605
1125.080031542778,-73.5081003512396,-73.5081003512396
1125.090031542778,-73.5093832225147,-73.5093832225147
1125.100031542778,-73.51066453349608,-73.51066453349608
1125.110031542778,-73.51194442940357,-73.51194442940357
1125.120031542778,-73.51322305140609,-73.51322305140609
1125.130031542778,-73.51450053678799,-73.51450053678799
1125.140031542778,-73.5157770191905,-73.5157770191905
1125.150031542778,-73.51705262889807,-73.51705262889807
1125.160031542778,-73.51832749315209,-73.51832749315209
1125.170031542778,-73.5196017364226,-73.5196017364226
1125.1800315427781,-73.52087548070267,-73.52087548070267
1125.1900315427781,-73.52214884570063,-73.52214884570063
1125.200031542778,-73.52342194908631,-73.52342194908631
1125.210031542778,-73.52468849616251,-73.52468849616251
1125.220031542778,-73.52594579427185,-73.52594579427185
1125.230031542778,-73.52719258984143,-73.52719258984143
1125.240031542778,-73.52842829471385,-73.52842829471385
1125.250031542778,-73.52965269100198,-73.52965269100198
1125.260031542778,-73.53086577773895,-73.53086577773895
1125.270031542778,-73.53206768104694,-73.53206768104694
1125.280031542778,-73.53325860016612,-73.53325860016612
1125.290031542778,-73.53443877498162,-73.53443877498162
1125.300031542778,-73.53560846656823,-73.53560846656823
1125.310031542778,-73.53676794558032,-73.53676794558032
1125.320031542778,-73.53791748544631,-73.53791748544631
1125.330031542778,-73.53905735844762,-73.53905735844762
1125.340031542778,-73.54018783360345,-73.54018783360345
1125.350031542778,-73.54130917557075,-73.54130917557075
1125.360031542778,-73.54242164424623,-73.54242164424623
1125.370031542778,-73.54352549467521,-73.54352549467521
1125.380031542778,-73.54462097719029,-73.54462097719029
1125.390031542778,-73.5457083376679,-73.5457083376679
1125.4000315666199,-73.54678782036497,-73.54678782036497
1125.4100315666199,-73.54785965791939,-73.54785965791939
1125.4200315666199,-73.5489240871183,-73.5489240871183
1125.4300315666198,-73.54998133879924,-73.54998133879924
1125.4400315666198,-73.55103164065424,-73.55103164065424
1125.4500315666198,-73.552075217471,-73.552075217471
1125.4600315666198,-73.55310587894495,-73.55310587894495
1125.4700315666198,-73.55412103734665,-73.55412103734665
1125.4800315666198,-73.55511954363712,-73.55511954363712
1125.4900315666198,-73.55610091355146,-73.55610091355146
1125.5000315666198,-73.557065032261,-73.557065032261
1125.5100315666198,-73.55801200105002,-73.55801200105002
1125.5200315666198,-73.55894204738945,-73.55894204738945
1125.53003156662,-73.55985547094775,-73.55985547094775
1125.54003156662,-73.56075261115016,-73.56075261115016
1125.55003156662,-73.56163382764119,-73.56163382764119
1125.56003156662,-73.56249948872473,-73.56249948872473
1125.57003156662,-73.56334996451757,-73.56334996451757
1125.58003156662,-73.56418562303492,-73.56418562303492
1125.59003156662,-73.56500682805901,-73.56500682805901
1125.60003156662,-73.56581393805617,-73.56581393805617
1125.61003156662,-73.56660730573302,-73.56660730573302
1125.62003156662,-73.56738727799032,-73.56738727799032
1125.63003156662,-73.56815419602837,-73.56815419602837
1125.6400315666199,-73.56890839559729,-73.56890839559729
1125.6500315666199,-73.56965020730806,-73.56965020730806
1125.6600315666199,-73.57037995688802,-73.57037995688802
1125.6700315666199,-73.57109796545954,-73.57109796545954
1125.6800315666198,-73.57180454982309,-73.57180454982309
1125.6900315666198,-73.57250002265529,-73.57250002265529
1125.7000315666198,-73.57318469272356,-73.57318469272356
1125.7100315666198,-73.57385245202825,-73.57385245202825
1125.7200315666198,-73.57450079527264,-73.57450079527264
1125.7300315666198,-73.57512865527102,-73.57512865527102
1125.7400315666198,-73.57573562876603,-73.57573562876603
1125.7500315666198,-73.57632168108569,-73.57632168108569
1125.7600315666198,-73.57688699270962,-73.57688699270962
1125.7700315666198,-73.5774318693733,-73.5774318693733
1125.78003156662,-73.57795668807178,-73.57795668807178
1125.79003156662,-73.57846186455215,-73.57846186455215
1125.80003156662,-73.57894783385721,-73.57894783385721
1125.81003156662,-73.57941503870013,-73.57941503870013
1125.82003156662,-73.57986392265927,-73.57986392265927
1125.83003156662,-73.58029492626115,-73.58029492626115
1125.84003156662,-73.58070848484653,-73.58070848484653
1125.85003156662,-73.58110502748885,-73.58110502748885
1125.86003156662,-73.58148497658405,-73.58148497658405
1125.87003156662,-73.58184874777918,-73.58184874777918
1125.88003156662,-73.58219675010174,-73.58219675010174
1125.8900315666199,-73.58252938622691,-73.58252938622691
1125.9000315666199,-73.58284705275173,-73.58284705275173
1125.9100315666199,-73.58315014050686,-73.58315014050686
1125.9200315666199,-73.58343903483318,-73.58343903483318
1125.9300315666198,-73.58371411584956,-73.58371411584956
1125.9400315666198,-73.58397575866731,-73.58397575866731
1125.9500315666198,-73.58422433364416,-73.58422433364416
1125.9600315666198,-73.5844602065157,-73.5844602065157
1125.9700315666198,-73.58468373856732,-73.58468373856732
1125.9800315666198,-73.5848952867741,-73.5848952867741
1125.9900315666198,-73.58509520391623,-73.58509520391623
1126.0000315666198,-73.58528383865277,-73.58528383865277
1126.0100315666198,-73.58546153560796,-73.58546153560796
1126.0200315666198,-73.58562863545275,-73.58562863545275
1126.03003156662,-73.58578547495509,-73.58578547495509
1126.04003156662,-73.58593238700887,-73.58593238700887
1126.05003156662,-73.58606970070237,-73.58606970070237
1126.06003156662,-73.58619774132885,-73.58619774132885
1126.07003156662,-73.58631683043482,-73.58631683043482
1126.08003156662,-73.58642728582288,-73.58642728582288
1126.09003156662,-73.58652942159053,-73.58652942159053
1126.10003156662,-73.586623548145,-73.586623548145
1126.11003156662,-73.58670997221614,-73.58670997221614
1126.12003156662,-73.5867889968716,-73.5867889968716
1126.13003156662,-73.58686092153626,-73.58686092153626
1126.1400315666199,-73.58692604200934,-73.58692604200934
1126.1500315666199,-73.58698465046561,-73.58698465046561
1126.1600315666199,-73.58703703547505,-73.58703703547505
1126.1700315666199,-73.58708348200261,-73.58708348200261
1126.1800315666198,-73.58712427144717,-73.58712427144717
1126.1900315666198,-73.58715968164707,-73.58715968164707
1126.2000315666198,-73.58718998687034,-73.58718998687034
1126.2100315666198,-73.58721545786086,-73.58721545786086
1126.2200315666198,-73.5872363618333,-73.5872363618333
1126.2300315666198,-73.58725296248576,-73.58725296248576
1126.2400315666198,-73.58726552003652,-73.58726552003652
1126.2500315904617,-73.58727429124752,-73.58727429124752
1126.2600315904617,-73.5872795293503,-73.5872795293503
1126.2700315904617,-73.58728148421632,-73.58728148421632
1126.2800315904617,-73.58728040226255,-73.58728040226255
1126.2900315904617,-73.5872765265095,-73.5872765265095
1126.3000315904617,-73.58727009657925,-73.58727009657925
1126.3100315904617,-73.58726134875872,-73.58726134875872
1126.3200315904617,-73.5872505159754,-73.5872505159754
1126.3300315904617,-73.58723782784809,-73.58723782784809
1126.3400315904616,-73.58722351068636,-73.58722351068636
1126.3500315904616,-73.58720778754494,-73.58720778754494
1126.3600315904616,-73.58719087821554,-73.58719087821554
1126.3700315904616,-73.5871729992621,-73.5871729992621
1126.3800315904618,-73.58715436406622,-73.58715436406622
1126.3900315904618,-73.58713518282431,-73.58713518282431
1126.4000315904618,-73.58711566257227,-73.58711566257227
1126.4100315904618,-73.58709600723598,-73.58709600723598
1126.4200315904618,-73.58707641764059,-73.58707641764059
1126.4300315904618,-73.58705709153293,-73.58705709153293
1126.4400315904618,-73.58703822362001,-73.58703822362001
1126.4500315904618,-73.5870200055965,-73.5870200055965
1126.4600315904618,-73.58699621417898,-73.58699621417898
1126.4700315904618,-73.58696423041715,-73.58696423041715
1126.4800315904617,-73.5869228742427,-73.5869228742427
1126.4900315904617,-73.58687163005024,-73.58687163005024
1126.5000315904617,-73.58681035117866,-73.58681035117866
1126.5100315904617,-73.58673910640371,-73.58673910640371
1126.5200315904617,-73.58665808996675,-73.58665808996675
1126.5300315904617,-73.58656756752742,-73.58656756752742
1126.5400315904617,-73.5864678436582,-73.5864678436582
1126.5500315904617,-73.58635924233805,-73.58635924233805
1126.5600315904617,-73.5862420953609,-73.5862420953609
1126.5700315904617,-73.58611673552755,-73.58611673552755
1126.5800315904617,-73.58598349274041,-73.58598349274041
1126.5900315904616,-73.5858426919218,-73.5858426919218
1126.6000315904616,-73.58569465194665,-73.58569465194665
1126.6100315904616,-73.58553968523707,-73.58553968523707
1126.6200315904616,-73.58537809774099,-73.58537809774099
1126.6300315904618,-73.58521018912496,-73.58521018912496
1126.6400315904618,-73.58503625302099,-73.58503625302099
1126.6500315904618,-73.58485657736352,-73.58485657736352
1126.6600315904618,-73.58467144471827,-73.58467144471827
1126.6700315904618,-73.58448113259723,-73.58448113259723
1126.6800315904618,-73.58428591375134,-73.58428591375134
1126.6900315904618,-73.58408605643301,-73.58408605643301
1126.7000315904618,-73.58388182464206,-73.58388182464206
1126.7100315904618,-73.58367347832045,-73.58367347832045
1126.7200315904618,-73.58346127353747,-73.58346127353747
1126.7300315904617,-73.58324546264292,-73.58324546264292
1126.7400315904617,-73.58302629441806,-73.58302629441806
1126.7500315904617,-73.58280401415797,-73.58280401415797
1126.7600315904617,-73.58257886382044,-73.58257886382044
1126.7700315904617,-73.58235108207317,-73.58235108207317
1126.7800315904617,-73.58212090439312,-73.58212090439312
1126.7900315904617,-73.58188856312213,-73.58188856312213
1126.8000315904617,-73.58165428751865,-73.58165428751865
1126.8100315904617,-73.58141830382462,-73.58141830382462
1126.8200315904617,-73.58118083529435,-73.58118083529435
1126.8300315904617,-73.58094210223145,-73.58094210223145
1126.8400315904616,-73.58070232203795,-73.58070232203795
1126.8500315904616,-73.58046170922695,-73.58046170922695
1126.8600315904616,-73.58022047546297,-73.58022047546297
1126.8700315904616,-73.57997882958736,-73.57997882958736
1126.8800315904618,-73.5797369776379,-73.5797369776379
1126.8900315904618,-73.57949512285691,-73.57949512285691
1126.9000315904618,-73.57925346574336,-73.57925346574336
1126.9100315904618,-73.57901220404338,-73.57901220404338
1126.9200315904618,-73.57877153278585,-73.57877153278585
1126.9300315904618,-73.57853164429093,-73.57853164429093
1126.9400315904618,-73.57829272819502,-73.57829272819502
1126.9500315904618,-73.5780549714637,-73.5780549714637
1126.9600315904618,-73.57781855840972,-73.57781855840972
1126.9700315904618,-73.57758367071106,-73.57758367071106
1126.9800315904617,-73.57735048742339,-73.57735048742339
1126.9900315904617,-73.57711918501862,-73.57711918501862
1127.0000315904617,-73.5768899373632,-73.5768899373632
1127.0100315904617,-73.57666291577591,-73.57666291577591
1127.0200315904617,-73.57643828901783,-73.57643828901783
1127.0300315904617,-73.5762162233295,-73.5762162233295
1127.0400315904617,-73.57599688242655,-73.57599688242655
1127.0500315904617,-73.57578042754918,-73.57578042754918
1127.0600315904617,-73.57556701744127,-73.57556701744127
1127.0700315904617,-73.57535680842022,-73.57535680842022
1127.0800315904617,-73.57514995433566,-73.57514995433566
1127.0900315904616,-73.57494660664379,-73.57494660664379
1127.1000316143036,-73.57474691391063,-73.57474691391063
1127.1100316143036,-73.5745510237794,-73.5745510237794
1127.1200316143036,-73.5743590800627,-73.5743590800627
1127.1300316143036,-73.57417122474354,-73.57417122474354
1127.1400316143036,-73.57398759747745,-73.57398759747745
1127.1500316143035,-73.57380833563046,-73.57380833563046
1127.1600316143035,-73.57363357428984,-73.57363357428984
1127.1700316143035,-73.57346344628145,-73.57346344628145
1127.1800316143035,-73.57329808219775,-73.57329808219775
1127.1900316143035,-73.5731376104221,-73.5731376104221
1127.2000316143035,-73.57298215715268,-73.57298215715268
1127.2100316143035,-73.57282543617717,-73.57282543617717
1127.2200316143035,-73.57266476602723,-73.57266476602723
1127.2300316143037,-73.57249890472966,-73.57249890472966
1127.2400316143037,-73.5723272754388,-73.5723272754388
1127.2500316143037,-73.57214967099031,-73.57214967099031
1127.2600316143037,-73.57196610034269,-73.57196610034269
1127.2700316143037,-73.57177669864977,-73.57177669864977
1127.2800316143037,-73.57158167316629,-73.57158167316629
1127.2900316143036,-73.57138127072429,-73.57138127072429
1127.3000316143036,-73.57117575827674,-73.57117575827674
1127.3100316143036,-73.57096541124221,-73.57096541124221
1127.3200316143036,-73.57075050670825,-73.57075050670825
1127.3300316143036,-73.57053131954278,-73.57053131954278
1127.3400316143036,-73.57030812028796,-73.57030812028796
1127.3500316143036,-73.57008117408414,-73.57008117408414
1127.3600316143036,-73.56985074030729,-73.56985074030729
1127.3700316143036,-73.56961707249332,-73.56961707249332
1127.3800316143036,-73.5693804185496,-73.5693804185496
1127.3900316143036,-73.56914102098999,-73.56914102098999
1127.4000316143035,-73.56889911729353,-73.56889911729353
1127.4100316143035,-73.56865494019473,-73.56865494019473
1127.4200316143035,-73.56840871802038,-73.56840871802038
1127.4300316143035,-73.56816067495953,-73.56816067495953
1127.4400316143035,-73.56791103134664,-73.56791103134664
1127.4500316143035,-73.56766000387331,-73.56766000387331
1127.4600316143035,-73.56740139638461,-73.56740139638461
1127.4700316143035,-73.56713261621601,-73.56713261621601
1127.4800316143037,-73.56685250913134,-73.56685250913134
1127.4900316143037,-73.56656058514533,-73.56656058514533
1127.5000316143037,-73.56625672314546,-73.56625672314546
1127.5100316143037,-73.56594101744605,-73.56594101744605
1127.5200316143037,-73.56561368789174,-73.56561368789174
1127.5300316143037,-73.56527502584044,-73.56527502584044
1127.5400316143036,-73.56492536167865,-73.56492536167865
1127.5500316143036,-73.56456504534371,-73.56456504534371
1127.5600316143036,-73.56419443476028,-73.56419443476028
1127.5700316143036,-73.56381388902135,-73.56381388902135
1127.5800316143036,-73.56342376450694,-73.56342376450694
1127.5900316143036,-73.56302441278753,-73.56302441278753
1127.6000316143036,-73.5626161795619,-73.5626161795619
1127.6100316143036,-73.56219940427931,-73.56219940427931
1127.6200316143036,-73.56177442007713,-73.56177442007713
1127.6300316143036,-73.56134155396596,-73.56134155396596
1127.6400316143036,-73.56090112707965,-73.56090112707965
1127.6500316143035,-73.560453455007,-73.560453455007
1127.6600316143035,-73.55999884809837,-73.55999884809837
1127.6700316143035,-73.55953761176835,-73.55953761176835
1127.6800316143035,-73.55907004677204,-73.55907004677204
1127.6900316143035,-73.55859644946077,-73.55859644946077
1127.7000316143035,-73.55811711201042,-73.55811711201042
1127.7100316143035,-73.55763232260158,-73.55763232260158
1127.7200316143035,-73.55714236558397,-73.55714236558397
1127.7300316143037,-73.5566475216182,-73.5566475216182
1127.7400316143037,-73.55614806782289,-73.55614806782289
1127.7500316143037,-73.55564427784127,-73.55564427784127
1127.7600316143037,-73.55513642195255,-73.55513642195255
1127.7700316143037,-73.55462476712165,-73.55462476712165
1127.7800316143037,-73.55410957709265,-73.55410957709265
1127.7900316143036,-73.55359111241665,-73.55359111241665
1127.8000316143036,-73.55306963049306,-73.55306963049306
1127.8100316143036,-73.55254538563871,-73.55254538563871
1127.8200316143036,-73.5520186290806,-73.5520186290806
1127.8300316143036,-73.55148960900799,-73.55148960900799
1127.8400316143036,-73.55095857058386,-73.55095857058386
1127.8500316143036,-73.55042575596784,-73.55042575596784
1127.8600316143036,-73.54989140432743,-73.54989140432743
1127.8700316143036,-73.54935575187416,-73.54935575187416
1127.8800316143036,-73.54881903185901,-73.54881903185901
1127.8900316143036,-73.54828147459061,-73.54828147459061
1127.9000316143035,-73.54774330743948,-73.54774330743948
1127.9100316143035,-73.5472047548654,-73.5472047548654
1127.9200316143035,-73.5466660384205,-73.5466660384205
1127.9300316143035,-73.54612737674469,-73.54612737674469
1127.9400316143035,-73.54558898561551,-73.54558898561551
1127.9500316381454,-73.54505107663641,-73.54505107663641
1127.9600316381454,-73.54450745597555,-73.54450745597555
1127.9700316381454,-73.54395552896324,-73.54395552896324
1127.9800316381454,-73.54339414044041,-73.54339414044041
1127.9900316381454,-73.54282279941718,-73.54282279941718
1128.0000316381454,-73.54224138364287,-73.54224138364287
1128.0100316381454,-73.54164998619005,-73.54164998619005
1128.0200316381454,-73.5410488254588,-73.5410488254588
1128.0300316381454,-73.54043819111703,-73.54043819111703
1128.0400316381454,-73.53981841160528,-73.53981841160528
1128.0500316381454,-73.53918983461853,-73.53918983461853
1128.0600316381453,-73.53855281550483,-73.53855281550483
1128.0700316381453,-73.537907710423,-73.537907710423
1128.0800316381456,-73.53725487248687,-73.53725487248687
1128.0900316381455,-73.53659464962888,-73.53659464962888
1128.1000316381455,-73.53592738355061,-73.53592738355061
1128.1100316381455,-73.53525340932944,-73.53525340932944
1128.1200316381455,-73.53457305538093,-73.53457305538093
1128.1300316381455,-73.5338866436146,-73.5338866436146
1128.1400316381455,-73.53319448973085,-73.53319448973085
1128.1500316381455,-73.53249690353948,-73.53249690353948
1128.1600316381455,-73.5317941892618,-73.5317941892618
1128.1700316381455,-73.53108664587418,-73.53108664587418
1128.1800316381455,-73.53037456739276,-73.53037456739276
1128.1900316381455,-73.52965824310864,-73.52965824310864
1128.2000316381454,-73.52893795784799,-73.52893795784799
1128.2100316381454,-73.52821399217753,-73.52821399217753
1128.2200316381454,-73.52748662255655,-73.52748662255655
1128.2300316381454,-73.52675612151899,-73.52675612151899
1128.2400316381454,-73.5260227577915,-73.5260227577915
1128.2500316381454,-73.52528679641321,-73.52528679641321
1128.2600316381454,-73.52454849883722,-73.52454849883722
1128.2700316381454,-73.523808123007,-73.523808123007
1128.2800316381454,-73.52306592344347,-73.52306592344347
1128.2900316381454,-73.52232215130655,-73.52232215130655
1128.3000316381454,-73.52157705442845,-73.52157705442845
1128.3100316381453,-73.5208308773883,-73.5208308773883
1128.3200316381453,-73.52008386154404,-73.52008386154404
1128.3300316381456,-73.5193362450711,-73.5193362450711
1128.3400316381455,-73.51858826300436,-73.51858826300436
1128.3500316381455,-73.51784014724646,-73.51784014724646
1128.3600316381455,-73.51709212660222,-73.51709212660222
1128.3700316381455,-73.51634442682564,-73.51634442682564
1128.3800316381455,-73.5155972706244,-73.5155972706244
1128.3900316381455,-73.51485087766376,-73.51485087766376
1128.4000316381455,-73.51410546462893,-73.51410546462893
1128.4100316381455,-73.51336124521754,-73.51336124521754
1128.4200316381455,-73.51261843014731,-73.51261843014731
1128.4300316381455,-73.51187722720721,-73.51187722720721
1128.4400316381455,-73.51113784125478,-73.51113784125478
1128.4500316381454,-73.5104004742414,-73.5104004742414
1128.4600316381454,-73.50965892260294,-73.50965892260294
1128.4700316381454,-73.50891058422839,-73.50891058422839
1128.4800316381454,-73.50815429457316,-73.50815429457316
1128.4900316381454,-73.50738955294231,-73.50738955294231
1128.5000316381454,-73.50661622719463,-73.50661622719463
1128.5100316381454,-73.50583440034043,-73.50583440034043
1128.5200316381454,-73.50504428065553,-73.50504428065553
1128.5300316381454,-73.5042461476044,-73.5042461476044
1128.5400316381454,-73.50344031934483,-73.50344031934483
1128.5500316381454,-73.50262713326029,-73.50262713326029
1128.5600316381453,-73.50180693432007,-73.50180693432007
1128.5700316381453,-73.50098006831576,-73.50098006831576
1128.5800316381456,-73.50014687793278,-73.50014687793278
1128.5900316381455,-73.49930770067627,-73.49930770067627
1128.6000316381455,-73.49846286781202,-73.49846286781202
1128.6100316381455,-73.49761270396593,-73.49761270396593
1128.6200316381455,-73.49675752710917,-73.49675752710917
1128.6300316381455,-73.49589764873983,-73.49589764873983
1128.6400316381455,-73.4950333741272,-73.4950333741272
1128.6500316381455,-73.49416500268445,-73.49416500268445
1128.6600316381455,-73.49329282827226,-73.49329282827226
1128.6700316381455,-73.4924171395185,-73.4924171395185
1128.6800316381455,-73.49153822012649,-73.49153822012649
1128.6900316381455,-73.49065634910978,-73.49065634910978
1128.7000316381454,-73.48977180107049,-73.48977180107049
1128.7100316381454,-73.48887844611797,-73.48887844611797
1128.7200316381454,-73.48797375376373,-73.48797375376373
1128.7300316381454,-73.48705662970868,-73.48705662970868
1128.7400316381454,-73.48612664237426,-73.48612664237426
1128.7500316381454,-73.48518372783202,-73.48518372783202
1128.7600316381454,-73.48422803653881,-73.48422803653881
1128.7700316381454,-73.48325984347062,-73.48325984347062
1128.7800316381454,-73.48227949418576,-73.48227949418576
1128.7900316381454,-73.48128737233974,-73.48128737233974
1128.8000316619873,-73.4802838778687,-73.4802838778687
1128.8100316619873,-73.47926942492879,-73.47926942492879
1128.8200316619873,-73.47824442091498,-73.47824442091498
1128.8300316619873,-73.47720927199347,-73.47720927199347
1128.8400316619873,-73.47616437867731,-73.47616437867731
1128.8500316619873,-73.4751101348172,-73.4751101348172
1128.8600316619873,-73.47404692717588,-73.47404692717588
1128.8700316619872,-73.47297513543364,-73.47297513543364
1128.8800316619872,-73.47189513233663,-73.47189513233663
1128.8900316619872,-73.47080728402356,-73.47080728402356
1128.9000316619872,-73.46971195030231,-73.46971195030231
1128.9100316619872,-73.46860948498905,-73.46860948498905
1128.9200316619872,-73.46750023626593,-73.46750023626593
1128.9300316619874,-73.46638454690583,-73.46638454690583
1128.9400316619874,-73.46526275457535,-73.46526275457535
1128.9500316619874,-73.46413519205798,-73.46413519205798
1128.9600316619874,-73.46300218745483,-73.46300218745483
1128.9700316619874,-73.461864064354,-73.461864064354
1128.9800316619874,-73.46072114198856,-73.46072114198856
1128.9900316619874,-73.4595737353692,-73.4595737353692
1129.0000316619874,-73.45842215539739,-73.45842215539739
1129.0100316619873,-73.45726670894737,-73.45726670894737
1129.0200316619873,-73.45610769897084,-73.45610769897084
1129.0300316619873,-73.45494542454566,-73.45494542454566
1129.0400316619873,-73.45378018094802,-73.45378018094802
1129.0500316619873,-73.45261225970741,-73.45261225970741
1129.0600316619873,-73.45144194864584,-73.45144194864584
1129.0700316619873,-73.4502695319217,-73.4502695319217
1129.0800316619873,-73.4490952900537,-73.4490952900537
1129.0900316619873,-73.44791949998248,-73.44791949998248
1129.1000316619873,-73.44674243506567,-73.44674243506567
1129.1100316619873,-73.44556436510807,-73.44556436510807
1129.1200316619872,-73.44438555641163,-73.44438555641163
1129.1300316619872,-73.44320627175262,-73.44320627175262
1129.1400316619872,-73.44202677044333,-73.44202677044333
1129.1500316619872,-73.44084730834257,-73.44084730834257
1129.1600316619872,-73.43966813785505,-73.43966813785505
1129.1700316619872,-73.4384895079668,-73.4384895079668
1129.1800316619874,-73.43731166426033,-73.43731166426033
1129.1900316619874,-73.43613484893878,-73.43613484893878
1129.2000316619874,-73.43495930083499,-73.43495930083499
1129.2100316619874,-73.43378525542829,-73.43378525542829
1129.2200316619874,-73.43261294486562,-73.43261294486562
1129.2300316619874,-73.43144259799413,-73.43144259799413
1129.2400316619874,-73.43027444036466,-73.43027444036466
1129.2500316619874,-73.42910869424936,-73.42910869424936
1129.2600316619873,-73.42794557867772,-73.42794557867772
1129.2700316619873,-73.42678530944588,-73.42678530944588
1129.2800316619873,-73.42562809913974,-73.42562809913974
1129.2900316619873,-73.42447415715759,-73.42447415715759
1129.3000316619873,-73.42332368972403,-73.42332368972403
1129.3100316619873,-73.4221768999247,-73.4221768999247
1129.3200316619873,-73.42103398772757,-73.42103398772757
1129.3300316619873,-73.41989514999489,-73.41989514999489
1129.3400316619873,-73.41876058051992,-73.41876058051992
1129.3500316619873,-73.41763047003559,-73.41763047003559
1129.3600316619873,-73.41650500625498,-73.41650500625498
1129.3700316619872,-73.41538437389514,-73.41538437389514
1129.3800316619872,-73.41426875468528,-73.41426875468528
1129.3900316619872,-73.41315832740679,-73.41315832740679
1129.4000316619872,-73.4120532679144,-73.4120532679144
1129.4100316619872,-73.41095374917137,-73.41095374917137
1129.4200316619872,-73.40985994125474,-73.40985994125474
1129.4300316619874,-73.40877201139985,-73.40877201139985
1129.4400316619874,-73.40769012402401,-73.40769012402401
1129.4500316619874,-73.40661444074709,-73.40661444074709
1129.4600316619874,-73.40553872830596,-73.40553872830596
1129.4700316619874,-73.4044603503453,-73.4044603503453
1129.4800316619874,-73.40337810624064,-73.40337810624064
1129.4900316619874,-73.40229145840318,-73.40229145840318
1129.5000316619874,-73.4012002373964,-73.4012002373964
1129.5100316619873,-73.40010448876971,-73.40010448876971
1129.5200316619873,-73.39900438320397,-73.39900438320397
1129.5300316619873,-73.39790016256013,-73.39790016256013
1129.5400316619873,-73.39679210742668,-73.39679210742668
1129.5500316619873,-73.39568051764518,-73.39568051764518
1129.5600316619873,-73.3945657007488,-73.3945657007488
1129.5700316619873,-73.39344796514848,-73.39344796514848
1129.5800316619873,-73.3923276162948,-73.3923276162948
1129.5900316619873,-73.39120495456942,-73.39120495456942
1129.6000316619873,-73.39008027426371,-73.39008027426371
1129.6100316619873,-73.38895386318242,-73.38895386318242
1129.6200316619872,-73.38782600264376,-73.38782600264376
1129.6300316619872,-73.38669696765808,-73.38669696765808
1129.6400316619872,-73.38556702724075,-73.38556702724075
1129.6500316858292,-73.3844364420108,-73.3844364420108
1129.6600316858292,-73.3833054753475,-73.3833054753475
1129.6700316858291,-73.38217437753852,-73.38217437753852
1129.6800316858291,-73.38104339686268,-73.38104339686268
1129.6900316858291,-73.37991277714349,-73.37991277714349
1129.7000316858291,-73.37878275803875,-73.37878275803875
1129.710031685829,-73.37764718580809,-73.37764718580809
1129.720031685829,-73.37650350131382,-73.37650350131382
1129.730031685829,-73.37535057973909,-73.37535057973909
1129.740031685829,-73.37418795826132,-73.37418795826132
1129.750031685829,-73.37301554139194,-73.37301554139194
1129.760031685829,-73.37183344791,-73.37183344791
1129.770031685829,-73.3706419211374,-73.3706419211374
1129.7800316858293,-73.36944127504233,-73.36944127504233
1129.7900316858293,-73.36823186181246,-73.36823186181246
1129.8000316858293,-73.36701405245759,-73.36701405245759
1129.8100316858292,-73.36578822523882,-73.36578822523882
1129.8200316858292,-73.36455475891341,-73.36455475891341
1129.8300316858292,-73.36331402887237,-73.36331402887237
1129.8400316858292,-73.36206640505029,-73.36206640505029
1129.8500316858292,-73.36081225092221,-73.36081225092221
1129.8600316858292,-73.35955192310075,-73.35955192310075
1129.8700316858292,-73.35828577134079,-73.35828577134079
1129.8800316858292,-73.3570141386994,-73.3570141386994
1129.8900316858292,-73.3557373618326,-73.3557373618326
1129.9000316858292,-73.3544557713327,-73.3544557713327
1129.9100316858292,-73.35316969205536,-73.35316969205536
1129.9200316858291,-73.35187944343537,-73.35187944343537
1129.9300316858291,-73.3505853397774,-73.3505853397774
1129.9400316858291,-73.34928769053141,-73.34928769053141
1129.9500316858291,-73.34798680050905,-73.34798680050905
1129.960031685829,-73.34667658407412,-73.34667658407412
1129.970031685829,-73.34535454833122,-73.34535454833122
1129.980031685829,-73.34401963363177,-73.34401963363177
1129.990031685829,-73.3426714415859,-73.3426714415859
1130.000031685829,-73.34130994046505,-73.34130994046505
1130.010031685829,-73.33993531222708,-73.33993531222708
1130.020031685829,-73.33854786280818,-73.33854786280818
1130.0300316858293,-73.33714796822694,-73.33714796822694
1130.0400316858293,-73.33573604218353,-73.33573604218353
1130.0500316858293,-73.33431251663609,-73.33431251663609
1130.0600316858292,-73.33287783025017,-73.33287783025017
1130.0700316858292,-73.33143242162595,-73.33143242162595
1130.0800316858292,-73.32997672544279,-73.32997672544279
1130.0900316858292,-73.32851117035604,-73.32851117035604
1130.1000316858292,-73.3270361779834,-73.3270361779834
1130.1100316858292,-73.32555216252209,-73.32555216252209
1130.1200316858292,-73.32405953071483,-73.32405953071483
1130.1300316858292,-73.32255868204388,-73.32255868204388
1130.1400316858292,-73.32105000899695,-73.32105000899695
1130.1500316858292,-73.31953389741787,-73.31953389741787
1130.1600316858292,-73.31801072682184,-73.31801072682184
1130.1700316858291,-73.31648087070867,-73.31648087070867
1130.1800316858291,-73.31494469686783,-73.31494469686783
1130.1900316858291,-73.3134025676296,-73.3134025676296
1130.2000316858291,-73.31185484010315,-73.31185484010315
1130.210031685829,-73.31030186637918,-73.31030186637918
1130.220031685829,-73.30874399371163,-73.30874399371163
1130.230031685829,-73.30718156465753,-73.30718156465753
1130.240031685829,-73.30561491722551,-73.30561491722551
1130.250031685829,-73.30404438497898,-73.30404438497898
1130.260031685829,-73.30247029713436,-73.30247029713436
1130.270031685829,-73.30089297865351,-73.30089297865351
1130.2800316858293,-73.29931275030825,-73.29931275030825
1130.2900316858293,-73.2977299287468,-73.2977299287468
1130.3000316858293,-73.29614482653872,-73.29614482653872
1130.3100316858292,-73.2945577522326,-73.2945577522326
1130.3200316858292,-73.29296901039282,-73.29296901039282
1130.3300316858292,-73.29137890164726,-73.29137890164726
1130.3400316858292,-73.28978772270345,-73.28978772270345
1130.3500316858292,-73.28819576639523,-73.28819576639523
1130.3600316858292,-73.28660332168232,-73.28660332168232
1130.3700316858292,-73.28501067371907,-73.28501067371907
1130.3800316858292,-73.28341810383326,-73.28341810383326
1130.3900316858292,-73.28182588958676,-73.28182588958676
1130.4000316858292,-73.28023430477218,-73.28023430477218
1130.4100316858292,-73.27864361944515,-73.27864361944515
1130.4200316858291,-73.2770540999462,-73.2770540999462
1130.4300316858291,-73.27546600890776,-73.27546600890776
1130.4400316858291,-73.27387960530405,-73.27387960530405
1130.4500316858291,-73.27229514443678,-73.27229514443678
1130.460031685829,-73.27071287797646,-73.27071287797646
1130.470031685829,-73.26913305398509,-73.26913305398509
1130.480031685829,-73.26755591693328,-73.26755591693328
1130.490031685829,-73.26598170772573,-73.26598170772573
1130.500031709671,-73.2644106599558,-73.2644106599558
1130.510031709671,-73.26284301495112,-73.26284301495112
1130.520031709671,-73.26127899929874,-73.26127899929874
1130.530031709671,-73.25971883983632,-73.25971883983632
1130.540031709671,-73.25816275995767,-73.25816275995767
1130.550031709671,-73.25661097964095,-73.25661097964095
1130.560031709671,-73.25506371544185,-73.25506371544185
1130.570031709671,-73.25352118055234,-73.25352118055234
1130.580031709671,-73.25198358480434,-73.25198358480434
1130.590031709671,-73.25045113471695,-73.25045113471695
1130.600031709671,-73.24892403349781,-73.24892403349781
1130.610031709671,-73.24740248108023,-73.24740248108023
1130.620031709671,-73.24588667417318,-73.24588667417318
1130.6300317096711,-73.24437680625307,-73.24437680625307
1130.6400317096711,-73.24287306762335,-73.24287306762335
1130.650031709671,-73.2413756454093,-73.2413756454093
1130.660031709671,-73.23988472362053,-73.23988472362053
1130.670031709671,-73.23840048315947,-73.23840048315947
1130.680031709671,-73.23692310187023,-73.23692310187023
1130.690031709671,-73.23545275453522,-73.23545275453522
1130.700031709671,-73.23398961293888,-73.23398961293888
1130.710031709671,-73.23252747066925,-73.23252747066925
1130.720031709671,-73.23106371000974,-73.23106371000974
1130.730031709671,-73.22959714543535,-73.22959714543535
1130.740031709671,-73.22812725268344,-73.22812725268344
1130.750031709671,-73.22665387451762,-73.22665387451762
1130.760031709671,-73.22517706788824,-73.22517706788824
1130.770031709671,-73.22369701431967,-73.22369701431967
1130.780031709671,-73.22221396601103,-73.22221396601103
1130.790031709671,-73.22072821348165,-73.22072821348165
1130.800031709671,-73.21924006614326,-73.21924006614326
1130.810031709671,-73.21774984073618,-73.21774984073618
1130.820031709671,-73.21625785458197,-73.21625785458197
1130.830031709671,-73.21476442172899,-73.21476442172899
1130.840031709671,-73.21326985085318,-73.21326985085318
1130.850031709671,-73.21177444427454,-73.21177444427454
1130.860031709671,-73.21027849756156,-73.21027849756156
1130.870031709671,-73.2087822995274,-73.2087822995274
1130.8800317096711,-73.20728613243396,-73.20728613243396
1130.8900317096711,-73.20579027228926,-73.20579027228926
1130.900031709671,-73.20429498918617,-73.20429498918617
1130.910031709671,-73.20280054765372,-73.20280054765372
1130.920031709671,-73.20130720699656,-73.20130720699656
1130.930031709671,-73.19981522159198,-73.19981522159198
1130.940031709671,-73.19832484116375,-73.19832484116375
1130.950031709671,-73.19683631105781,-73.19683631105781
1130.960031709671,-73.19534987243294,-73.19534987243294
1130.970031709671,-73.19386576246768,-73.19386576246768
1130.980031709671,-73.1923842145262,-73.1923842145262
1130.990031709671,-73.19090545830859,-73.19090545830859
1131.000031709671,-73.18942971995774,-73.18942971995774
1131.010031709671,-73.1879572221959,-73.1879572221959
1131.020031709671,-73.18648818440352,-73.18648818440352
1131.030031709671,-73.18502282269247,-73.18502282269247
1131.040031709671,-73.18356135001228,-73.18356135001228
1131.050031709671,-73.18210397618219,-73.18210397618219
1131.060031709671,-73.18065090794741,-73.18065090794741
1131.070031709671,-73.17920234906273,-73.17920234906273
1131.080031709671,-73.17775850028578,-73.17775850028578
1131.090031709671,-73.17631955945058,-73.17631955945058
1131.100031709671,-73.17488572150552,-73.17488572150552
1131.110031709671,-73.17345717851447,-73.17345717851447
1131.120031709671,-73.17203411971565,-73.17203411971565
1131.1300317096711,-73.17061673154258,-73.17061673154258
1131.1400317096711,-73.16920519763623,-73.16920519763623
1131.150031709671,-73.16779969888687,-73.16779969888687
1131.160031709671,-73.16640041343538,-73.16640041343538
1131.170031709671,-73.16500751672574,-73.16500751672574
1131.180031709671,-73.16362118149615,-73.16362118149615
1131.190031709671,-73.16224157781501,-73.16224157781501
1131.200031709671,-73.1608688730995,-73.1608688730995
1131.210031709671,-73.15949686324258,-73.15949686324258
1131.220031709671,-73.15812292968718,-73.15812292968718
1131.230031709671,-73.15674588502344,-73.15674588502344
1131.240031709671,-73.15536520275587,-73.15536520275587
1131.250031709671,-73.15398072336481,-73.15398072336481
1131.260031709671,-73.15259250163113,-73.15259250163113
1131.270031709671,-73.15120071701547,-73.15120071701547
1131.280031709671,-73.14980561989263,-73.14980561989263
1131.290031709671,-73.1484074991451,-73.1484074991451
1131.300031709671,-73.14700666276777,-73.14700666276777
1131.310031709671,-73.1456034263088,-73.1456034263088
1131.320031709671,-73.14419810610575,-73.14419810610575
1131.330031709671,-73.14279101543511,-73.14279101543511
1131.340031709671,-73.14138246240792,-73.14138246240792
1131.3500317335129,-73.13997274561545,-73.13997274561545
1131.3600317335129,-73.13856216714807,-73.13856216714807
1131.3700317335129,-73.1371510124595,-73.1371510124595
1131.3800317335129,-73.13573956396795,-73.13573956396795
1131.3900317335128,-73.13432809800516,-73.13432809800516
1131.4000317335128,-73.13291688515055,-73.13291688515055
1131.4100317335128,-73.13150619055328,-73.13150619055328
1131.4200317335128,-73.13009627428276,-73.13009627428276
1131.4300317335128,-73.12868739161381,-73.12868739161381
1131.4400317335128,-73.12727979329142,-73.12727979329142
1131.4500317335128,-73.1258737258018,-73.1258737258018
1131.4600317335128,-73.12446943155466,-73.12446943155466
1131.4700317335128,-73.12306714908536,-73.12306714908536
1131.480031733513,-73.12166711321727,-73.12166711321727
1131.490031733513,-73.12026955518888,-73.12026955518888
1131.500031733513,-73.11887470278974,-73.11887470278974
1131.510031733513,-73.11748278045388,-73.11748278045388
1131.520031733513,-73.11609400935424,-73.11609400935424
1131.530031733513,-73.1147086074917,-73.1147086074917
1131.540031733513,-73.11332678973048,-73.11332678973048
1131.550031733513,-73.11194876788599,-73.11194876788599
1131.560031733513,-73.11057475077571,-73.11057475077571
1131.570031733513,-73.10920494424076,-73.10920494424076
1131.580031733513,-73.10783955121327,-73.10783955121327
1131.590031733513,-73.1064787717268,-73.1064787717268
1131.6000317335129,-73.10512280296372,-73.10512280296372
1131.6100317335129,-73.10377183928126,-73.10377183928126
1131.6200317335129,-73.10242607223586,-73.10242607223586
1131.6300317335129,-73.10108569061163,-73.10108569061163
1131.6400317335128,-73.09975088042202,-73.09975088042202
1131.6500317335128,-73.09842182496051,-73.09842182496051
1131.6600317335128,-73.09709870479855,-73.09709870479855
1131.6700317335128,-73.09578169781838,-73.09578169781838
1131.6800317335128,-73.09447097921796,-73.09447097921796
1131.6900317335128,-73.09316672154894,-73.09316672154894
1131.7000317335128,-73.09186909470786,-73.09186909470786
1131.7100317335128,-73.09057826597267,-73.09057826597267
1131.7200317335128,-73.08929440002015,-73.08929440002015
1131.730031733513,-73.088017658938,-73.088017658938
1131.740031733513,-73.08674820223233,-73.08674820223233
1131.750031733513,-73.08548618686443,-73.08548618686443
1131.760031733513,-73.08423176726087,-73.08423176726087
1131.770031733513,-73.0829850953237,-73.0829850953237
1131.780031733513,-73.08174632045976,-73.08174632045976
1131.790031733513,-73.08051558958435,-73.08051558958435
1131.800031733513,-73.07929304715879,-73.07929304715879
1131.810031733513,-73.0780788352029,-73.0780788352029
1131.820031733513,-73.07687309330174,-73.07687309330174
1131.830031733513,-73.07567595864205,-73.07567595864205
1131.840031733513,-73.07448756601117,-73.07448756601117
1131.8500317335129,-73.0733080478441,-73.0733080478441
1131.8600317335129,-73.07213753421368,-73.07213753421368
1131.8700317335129,-73.07097615286911,-73.07097615286911
1131.8800317335129,-73.06982402925814,-73.06982402925814
1131.8900317335128,-73.06868128653643,-73.06868128653643
1131.9000317335128,-73.067548045594,-73.067548045594
1131.9100317335128,-73.06642442508027,-73.06642442508027
1131.9200317335128,-73.06531054142016,-73.06531054142016
1131.9300317335128,-73.06420650882147,-73.06420650882147
1131.9400317335128,-73.06311243932561,-73.06311243932561
1131.9500317335128,-73.06202844281172,-73.06202844281172
1131.9600317335128,-73.06095462702251,-73.06095462702251
1131.9700317335128,-73.05989109756855,-73.05989109756855
1131.980031733513,-73.05883795797838,-73.05883795797838
1131.990031733513,-73.05779530970129,-73.05779530970129
1132.000031733513,-73.05676325214189,-73.05676325214189
1132.010031733513,-73.05574188266702,-73.05574188266702
1132.020031733513,-73.05473129663821,-73.05473129663821
1132.030031733513,-73.0537315874261,-73.0537315874261
1132.040031733513,-73.05274284645122,-73.05274284645122
1132.050031733513,-73.05176516318139,-73.05176516318139
1132.060031733513,-73.05079862516357,-73.05079862516357
1132.070031733513,-73.04984331804708,-73.04984331804708
1132.080031733513,-73.04889932560552,-73.04889932560552
1132.090031733513,-73.04796672976356,-73.04796672976356
1132.1000317335129,-73.04704561061335,-73.04704561061335
1132.1100317335129,-73.04613604642574,-73.04613604642574
1132.1200317335129,-73.04523811368664,-73.04523811368664
1132.1300317335129,-73.0443518871182,-73.0443518871182
1132.1400317335128,-73.04347743970249,-73.04347743970249
1132.1500317335128,-73.04261484267867,-73.04261484267867
1132.1600317335128,-73.0417641655953,-73.0417641655953
1132.1700317335128,-73.0409254763203,-73.0409254763203
1132.1800317335128,-73.04009884105508,-73.04009884105508
1132.1900317335128,-73.03928432436517,-73.03928432436517
1132.2000317573547,-73.03848198728501,-73.03848198728501
1132.2100317573547,-73.0376918950243,-73.0376918950243
1132.2200317573547,-73.03691410539366,-73.03691410539366
1132.2300317573547,-73.03614867660396,-73.03614867660396
1132.2400317573547,-73.03539566533807,-73.03539566533807
1132.2500317573547,-73.03465512676489,-73.03465512676489
1132.2600317573547,-73.03392711453445,-73.03392711453445
1132.2700317573547,-73.03321168083565,-73.03321168083565
1132.2800317573547,-73.03250887640318,-73.03250887640318
1132.2900317573547,-73.03181875053347,-73.03181875053347
1132.3000317573546,-73.03114135109053,-73.03114135109053
1132.3100317573546,-73.03047672456226,-73.03047672456226
1132.3200317573546,-73.0298249160488,-73.0298249160488
1132.3300317573548,-73.0291859692775,-73.0291859692775
1132.3400317573548,-73.0285599266553,-73.0285599266553
1132.3500317573548,-73.02794682925139,-73.02794682925139
1132.3600317573548,-73.02734671684486,-73.02734671684486
1132.3700317573548,-73.02675962791405,-73.02675962791405
1132.3800317573548,-73.02618559966673,-73.02618559966673
1132.3900317573548,-73.02562466807386,-73.02562466807386
1132.4000317573548,-73.02507686787908,-73.02507686787908
1132.4100317573548,-73.02454223258418,-73.02454223258418
1132.4200317573548,-73.02402079452744,-73.02402079452744
1132.4300317573548,-73.02351258484343,-73.02351258484343
1132.4400317573547,-73.0230176335025,-73.0230176335025
1132.4500317573547,-73.0225359693374,-73.0225359693374
1132.4600317573547,-73.02206762006146,-73.02206762006146
1132.4700317573547,-73.02161261225409,-73.02161261225409
1132.4800317573547,-73.02117097141394,-73.02117097141394
1132.4900317573547,-73.02074272195739,-73.02074272195739
1132.5000317573547,-73.02032788721525,-73.02032788721525
1132.5100317573547,-73.01992648948928,-73.01992648948928
1132.5200317573547,-73.01953855004075,-73.01953855004075
1132.5300317573547,-73.01916408912254,-73.01916408912254
1132.5400317573547,-73.01880312596515,-73.01880312596515
1132.5500317573546,-73.01845567883493,-73.01845567883493
1132.5600317573546,-73.01812176500593,-73.01812176500593
1132.5700317573546,-73.01780140079678,-73.01780140079678
1132.5800317573548,-73.01749460159398,-73.01749460159398
1132.5900317573548,-73.01720138184257,-73.01720138184257
1132.6000317573548,-73.01692175507084,-73.01692175507084
1132.6100317573548,-73.01665573391321,-73.01665573391321
1132.6200317573548,-73.0164033301151,-73.0164033301151
1132.6300317573548,-73.01616455454186,-73.01616455454186
1132.6400317573548,-73.01593941721094,-73.01593941721094
1132.6500317573548,-73.01572792727765,-73.01572792727765
1132.6600317573548,-73.01553009306716,-73.01553009306716
1132.6700317573548,-73.01534592208766,-73.01534592208766
1132.6800317573548,-73.01517542103214,-73.01517542103214
1132.6900317573547,-73.01501859581073,-73.01501859581073
1132.7000317573547,-73.01487545153711,-73.01487545153711
1132.7100317573547,-73.01473963271933,-73.01473963271933
1132.7200317573547,-73.01460836387896,-73.01460836387896
1132.7300317573547,-73.01448029973793,-73.01448029973793
1132.7400317573547,-73.0143547565388,-73.0143547565388
1132.7500317573547,-73.01423141871862,-73.01423141871862
1132.7600317573547,-73.01411018646903,-73.01411018646903
1132.7700317573547,-73.01399108637777,-73.01399108637777
1132.7800317573547,-73.01387421768823,-73.01387421768823
1132.7900317573547,-73.0137597200091,-73.0137597200091
1132.8000317573546,-73.01364775393084,-73.01364775393084
1132.8100317573546,-73.01353848947676,-73.01353848947676
1132.8200317573546,-73.0134320993559,-73.0134320993559
1132.8300317573548,-73.01332875508231,-73.01332875508231
1132.8400317573548,-73.0132286248924,-73.0132286248924
1132.8500317573548,-73.01313187269584,-73.01313187269584
1132.8600317573548,-73.01303865770646,-73.01303865770646
1132.8700317573548,-73.01294913436321,-73.01294913436321
1132.8800317573548,-73.01286345256165,-73.01286345256165
1132.8900317573548,-73.0127817578774,-73.0127817578774
1132.9000317573548,-73.01270419192507,-73.01270419192507
1132.9100317573548,-73.01263089265564,-73.01263089265564
1132.9200317573548,-73.01256199467454,-73.01256199467454
1132.9300317573548,-73.01249762953161,-73.01249762953161
1132.9400317573547,-73.01243792596998,-73.01243792596998
1132.9500317573547,-73.01238301015388,-73.01238301015388
1132.9600317573547,-73.01233300585888,-73.01233300585888
1132.9700317573547,-73.01228803466526,-73.01228803466526
1132.9800317573547,-73.01224821607322,-73.01224821607322
1132.9900317573547,-73.01221366764587,-73.01221366764587
1133.0000317573547,-73.01218450510916,-73.01218450510916
1133.0100317573547,-73.01216084242748,-73.01216084242748
1133.0200317573547,-73.01214279191124,-73.01214279191124
1133.0300317573547,-73.01213046424496,-73.01213046424496
1133.0400317573547,-73.01212396855237,-73.01212396855237
1133.0500317811966,-73.01212341244181,-73.01212341244181
1133.0600317811966,-73.01212890206058,-73.01212890206058
1133.0700317811966,-73.01214054205047,-73.01214054205047
1133.0800317811966,-73.01215843565421,-73.01215843565421
1133.0900317811966,-73.01218268469846,-73.01218268469846
1133.1000317811965,-73.0122133896211,-73.0122133896211
1133.1100317811965,-73.01225064947788,-73.01225064947788
1133.1200317811965,-73.0122945619362,-73.0122945619362
1133.1300317811965,-73.01234522331049,-73.01234522331049
1133.1400317811965,-73.01240272856238,-73.01240272856238
1133.1500317811965,-73.01246717130013,-73.01246717130013
1133.1600317811965,-73.01253864376581,-73.01253864376581
1133.1700317811965,-73.012617236888,-73.012617236888
1133.1800317811967,-73.01270304022371,-73.01270304022371
1133.1900317811967,-73.01279614200578,-73.01279614200578
1133.2000317811967,-73.012896629135,-73.012896629135
1133.2100317811967,-73.01299822669779,-73.01299822669779
1133.2200317811967,-73.0130982389152,-73.0130982389152
1133.2300317811967,-73.01319539958111,-73.01319539958111
1133.2400317811966,-73.0132891033967,-73.0132891033967
1133.2500317811966,-73.01337911267315,-73.01337911267315
1133.2600317811966,-73.0134654049187,-73.0134654049187
1133.2700317811966,-73.01354808345513,-73.01354808345513
1133.2800317811966,-73.01362732372749,-73.01362732372749
1133.2900317811966,-73.01370334098651,-73.01370334098651
1133.3000317811966,-73.01377637089126,-73.01377637089126
1133.3100317811966,-73.01384665800197,-73.01384665800197
1133.3200317811966,-73.01391444897497,-73.01391444897497
1133.3300317811966,-73.01397998870101,-73.01397998870101
1133.3400317811966,-73.01404351819478,-73.01404351819478
1133.3500317811965,-73.0141052735584,-73.0141052735584
1133.3600317811965,-73.01416548555189,-73.01416548555189
1133.3700317811965,-73.01422437959599,-73.01422437959599
1133.3800317811965,-73.01428217590035,-73.01428217590035
1133.3900317811965,-73.01433908974779,-73.01433908974779
1133.4000317811965,-73.0143953317904,-73.0143953317904
1133.4100317811965,-73.014451108392,-73.014451108392
1133.4200317811965,-73.0145066219201,-73.0145066219201
1133.4300317811967,-73.0145620710102,-73.0145620710102
1133.4400317811967,-73.01461765084191,-73.01461765084191
1133.4500317811967,-73.01467355335551,-73.01467355335551
1133.4600317811967,-73.01472996744045,-73.01472996744045
1133.4700317811967,-73.01478707910029,-73.01478707910029
1133.4800317811967,-73.0148450715952,-73.0148450715952
1133.4900317811966,-73.01490412557978,-73.01490412557978
1133.5000317811966,-73.01496441920332,-73.01496441920332
1133.5100317811966,-73.01502612817087,-73.01502612817087
1133.5200317811966,-73.01508942585608,-73.01508942585608
1133.5300317811966,-73.01515448334574,-73.01515448334574
1133.5400317811966,-73.01522146948473,-73.01522146948473
1133.5500317811966,-73.01529055094062,-73.01529055094062
1133.5600317811966,-73.01536189220879,-73.01536189220879
1133.5700317811966,-73.01543565568197,-73.01543565568197
1133.5800317811966,-73.01551200164967,-73.01551200164967
1133.5900317811966,-73.01559108832919,-73.01559108832919
1133.6000317811965,-73.01567307187602,-73.01567307187602
1133.6100317811965,-73.01575810640952,-73.01575810640952
1133.6200317811965,-73.01584634401894,-73.01584634401894
1133.6300317811965,-73.01593793478465,-73.01593793478465
1133.6400317811965,-73.01603302676992,-73.01603302676992
1133.6500317811965,-73.01613176606439,-73.01613176606439
1133.6600317811965,-73.01623429675037,-73.01623429675037
1133.6700317811965,-73.01634076093245,-73.01634076093245
1133.6800317811967,-73.01645129874721,-73.01645129874721
1133.6900317811967,-73.01656604836452,-73.01656604836452
1133.7000317811967,-73.01668514598578,-73.01668514598578
1133.7100317811967,-73.01680872587708,-73.01680872587708
1133.7200317811967,-73.01693692034455,-73.01693692034455
1133.7300317811967,-73.01706985974931,-73.01706985974931
1133.7400317811966,-73.01720767253555,-73.01720767253555
1133.7500317811966,-73.0173504852189,-73.0173504852189
1133.7600317811966,-73.01749842239323,-73.01749842239323
1133.7700317811966,-73.01765160675309,-73.01765160675309
1133.7800317811966,-73.01781015908122,-73.01781015908122
1133.7900317811966,-73.0179741982841,-73.0179741982841
1133.8000317811966,-73.01814384136442,-73.01814384136442
1133.8100317811966,-73.01831920346937,-73.01831920346937
1133.8200317811966,-73.01850039787527,-73.01850039787527
1133.8300317811966,-73.01868753601671,-73.01868753601671
1133.8400317811966,-73.01888072746777,-73.01888072746777
1133.8500317811965,-73.01908007999103,-73.01908007999103
1133.8600317811965,-73.01928569952041,-73.01928569952041
1133.8700317811965,-73.01949769018059,-73.01949769018059
1133.8800317811965,-73.01971615430855,-73.01971615430855
1133.8900317811965,-73.01994119245565,-73.01994119245565
1133.9000318050385,-73.02017290394105,-73.02017290394105
1133.9100318050384,-73.02041138471577,-73.02041138471577
1133.9200318050384,-73.02065673057689,-73.02065673057689
1133.9300318050384,-73.02090903507137,-73.02090903507137
1133.9400318050384,-73.02116839003457,-73.02116839003457
1133.9500318050384,-73.02143488559348,-73.02143488559348
1133.9600318050384,-73.02170861018801,-73.02170861018801
1133.9700318050384,-73.02198965057919,-73.02198965057919
1133.9800318050384,-73.02227809187765,-73.02227809187765
1133.9900318050384,-73.02257401754305,-73.02257401754305
1134.0000318050384,-73.02287750940869,-73.02287750940869
1134.0100318050384,-73.02318864769616,-73.02318864769616
1134.0200318050383,-73.02350751103158,-73.02350751103158
1134.0300318050386,-73.02383417644313,-73.02383417644313
1134.0400318050386,-73.02416871940527,-73.02416871940527
1134.0500318050385,-73.0245112138398,-73.0245112138398
1134.0600318050385,-73.02486173212043,-73.02486173212043
1134.0700318050385,-73.02522034511273,-73.02522034511273
1134.0800318050385,-73.02558712217728,-73.02558712217728
1134.0900318050385,-73.02596213118235,-73.02596213118235
1134.1000318050385,-73.02634543852885,-73.02634543852885
1134.1100318050385,-73.02673710915649,-73.02673710915649
1134.1200318050385,-73.02713720656216,-73.02713720656216
1134.1300318050385,-73.02754579282374,-73.02754579282374
1134.1400318050385,-73.02796292861814,-73.02796292861814
1134.1500318050385,-73.02838867320708,-73.02838867320708
1134.1600318050384,-73.02882308450661,-73.02882308450661
1134.1700318050384,-73.02926621904504,-73.02926621904504
1134.1800318050384,-73.02971813203429,-73.02971813203429
1134.1900318050384,-73.03017887733758,-73.03017887733758
1134.2000318050384,-73.03064850751517,-73.03064850751517
1134.2100318050384,-73.03112707383312,-73.03112707383312
1134.2200318050384,-73.03161462626971,-73.03161462626971
1134.2300318050384,-73.03211121354236,-73.03211121354236
1134.2400318050384,-73.03261688312534,-73.03261688312534
1134.2500318050384,-73.03313168125942,-73.03313168125942
1134.2600318050384,-73.03365565295603,-73.03365565295603
1134.2700318050383,-73.03418884204753,-73.03418884204753
1134.2800318050386,-73.03473129115528,-73.03473129115528
1134.2900318050386,-73.03528304174893,-73.03528304174893
1134.3000318050385,-73.03584413413026,-73.03584413413026
1134.3100318050385,-73.03641460746846,-73.03641460746846
1134.3200318050385,-73.03699449980246,-73.03699449980246
1134.3300318050385,-73.03758384805917,-73.03758384805917
1134.3400318050385,-73.03818268808182,-73.03818268808182
1134.3500318050385,-73.03879105461615,-73.03879105461615
1134.3600318050385,-73.03940898135787,-73.03940898135787
1134.3700318050385,-73.04003650093493,-73.04003650093493
1134.3800318050385,-73.04067364494277,-73.04067364494277
1134.3900318050385,-73.0413204439659,-73.0413204439659
1134.4000318050385,-73.04197692756841,-73.04197692756841
1134.4100318050384,-73.04264312432625,-73.04264312432625
1134.4200318050384,-73.04331906181724,-73.04331906181724
1134.4300318050384,-73.04400476667382,-73.04400476667382
1134.4400318050384,-73.04470026456484,-73.04470026456484
1134.4500318050384,-73.04540558021935,-73.04540558021935
1134.4600318050384,-73.04612073743468,-73.04612073743468
1134.4700318050384,-73.04684575910551,-73.04684575910551
1134.4800318050384,-73.04758066721558,-73.04758066721558
1134.4900318050384,-73.04832548286889,-73.04832548286889
1134.5000318050384,-73.04908022629274,-73.04908022629274
1134.5100318050384,-73.04984491685497,-73.04984491685497
1134.5200318050383,-73.05061957306587,-73.05061957306587
1134.5300318050386,-73.0514042126099,-73.0514042126099
1134.5400318050386,-73.05219885233933,-73.05219885233933
1134.5500318050385,-73.0530035082949,-73.0530035082949
1134.5600318050385,-73.05381819571596,-73.05381819571596
1134.5700318050385,-73.05464292907052,-73.05464292907052
1134.5800318050385,-73.05547772202446,-73.05547772202446
1134.5900318050385,-73.05632258749789,-73.05632258749789
1134.6000318050385,-73.05717753764449,-73.05717753764449
1134.6100318050385,-73.05804258388824,-73.05804258388824
1134.6200318050385,-73.05891773691516,-73.05891773691516
1134.6300318050385,-73.0598030066868,-73.0598030066868
1134.6400318050385,-73.0606984024674,-73.0606984024674
1134.6500318050385,-73.06160393282248,-73.06160393282248
1134.6600318050384,-73.06251960562894,-73.06251960562894
1134.6700318050384,-73.06344542808051,-73.06344542808051
1134.6800318050384,-73.06438140670897,-73.06438140670897
1134.6900318050384,-73.06532754738939,-73.06532754738939
1134.7000318050384,-73.06628385536439,-73.06628385536439
1134.7100318050384,-73.0672503352267,-73.0672503352267
1134.7200318050384,-73.06822699095011,-73.06822699095011
1134.7300318050384,-73.06921382588978,-73.06921382588978
1134.7400318050384,-73.07021084280473,-73.07021084280473
1134.7500318288803,-73.0712180462371,-73.0712180462371
1134.7600318288803,-73.07223543300182,-73.07223543300182
1134.7700318288803,-73.07326300644255,-73.07326300644255
1134.7800318288803,-73.07430076699646,-73.07430076699646
1134.7900318288803,-73.07534871451934,-73.07534871451934
1134.8000318288803,-73.0764068483274,-73.0764068483274
1134.8100318288803,-73.07747516720377,-73.07747516720377
1134.8200318288802,-73.07855366939172,-73.07855366939172
1134.8300318288802,-73.07964235260974,-73.07964235260974
1134.8400318288802,-73.08074121405899,-73.08074121405899
1134.8500318288802,-73.08185025043491,-73.08185025043491
1134.8600318288802,-73.08296945793877,-73.08296945793877
1134.8700318288802,-73.08409883228603,-73.08409883228603
1134.8800318288804,-73.08523836869958,-73.08523836869958
1134.8900318288804,-73.08638806193221,-73.08638806193221
1134.9000318288804,-73.08754790627728,-73.08754790627728
1134.9100318288804,-73.08871789555523,-73.08871789555523
1134.9200318288804,-73.08989802314665,-73.08989802314665
1134.9300318288804,-73.09108828199128,-73.09108828199128
1134.9400318288804,-73.09228866458295,-73.09228866458295
1134.9500318288804,-73.09349916299693,-73.09349916299693
1134.9600318288803,-73.09471976888518,-73.09471976888518
1134.9700318288803,-73.09595047347986,-73.09595047347986
1134.9800318288803,-73.09719126761317,-73.09719126761317
1134.9900318288803,-73.09844214171369,-73.09844214171369
1135.0000318288803,-73.09970308581948,-73.09970308581948
1135.0100318288803,-73.10097408958342,-73.10097408958342
1135.0200318288803,-73.1022551422718,-73.1022551422718
1135.0300318288803,-73.10354623278852,-73.10354623278852
1135.0400318288803,-73.10484734966217,-73.10484734966217
1135.0500318288803,-73.10615848106572,-73.10615848106572
1135.0600318288803,-73.10747961482119,-73.10747961482119
1135.0700318288802,-73.10881073839057,-73.10881073839057
1135.0800318288802,-73.11015183890433,-73.11015183890433
1135.0900318288802,-73.11150290315547,-73.11150290315547
1135.1000318288802,-73.1128639176126,-73.1128639176126
1135.1100318288802,-73.11414420996653,-73.11414420996653
1135.1200318288802,-73.11530816546485,-73.11530816546485
1135.1300318288804,-73.11634077516764,-73.11634077516764
1135.1400318288804,-73.11723586468305,-73.11723586468305
1135.1500318288804,-73.11799188605319,-73.11799188605319
1135.1600318288804,-73.11860992648117,-73.11860992648117
1135.1700318288804,-73.11909258862637,-73.11909258862637
1135.1800318288804,-73.11944331628304,-73.11944331628304
1135.1900318288804,-73.11966598047198,-73.11966598047198
1135.2000318288804,-73.11976462592624,-73.11976462592624
1135.2100318288803,-73.11973694673152,-73.11973694673152
1135.2200318288803,-73.11958415393532,-73.11958415393532
1135.2300318288803,-73.11930877256012,-73.11930877256012
1135.2400318288803,-73.11891384611431,-73.11891384611431
1135.2500318288803,-73.11840263230089,-73.11840263230089
1135.2600318288803,-73.11777844903766,-73.11777844903766
1135.2700318288803,-73.11704458889729,-73.11704458889729
1135.2800318288803,-73.11620427212877,-73.11620427212877
1135.2900318288803,-73.11526062252504,-73.11526062252504
1135.3000318288803,-73.11421665671817,-73.11421665671817
1135.3100318288803,-73.11307528129332,-73.11307528129332
1135.3200318288802,-73.11183929433821,-73.11183929433821
1135.3300318288802,-73.11051138939877,-73.11051138939877
1135.3400318288802,-73.10909416065779,-73.10909416065779
1135.3500318288802,-73.10759010857468,-73.10759010857468
1135.3600318288802,-73.10600164561103,-73.10600164561103
1135.3700318288802,-73.10433110180486,-73.10433110180486
1135.3800318288804,-73.10258073002447,-73.10258073002447
1135.3900318288804,-73.10075271088512,-73.10075271088512
1135.4000318288804,-73.09884915730548,-73.09884915730548
1135.4100318288804,-73.09687211866452,-73.09687211866452
1135.4200318288804,-73.09482358466553,-73.09482358466553
1135.4300318288804,-73.09270548879321,-73.09270548879321
1135.4400318288804,-73.09051971152371,-73.09051971152371
1135.4500318288804,-73.08826808325352,-73.08826808325352
1135.4600318288803,-73.08595238693333,-73.08595238693333
1135.4700318288803,-73.08357436053193,-73.08357436053193
1135.4800318288803,-73.08113569925213,-73.08113569925213
1135.4900318288803,-73.07863805756563,-73.07863805756563
1135.5000318288803,-73.07608305109811,-73.07608305109811
1135.5100318288803,-73.07347225835271,-73.07347225835271
1135.5200318288803,-73.07080722229644,-73.07080722229644
1135.5300318288803,-73.068089451795,-73.068089451795
1135.5400318288803,-73.06532042301036,-73.06532042301036
1135.5500318288803,-73.0625015806191,-73.0625015806191
1135.5600318288803,-73.05963433896935,-73.05963433896935
1135.5700318288802,-73.05672008317542,-73.05672008317542
1135.5800318288802,-73.05376017010084,-73.05376017010084
1135.5900318288802,-73.05075592930363,-73.05075592930363
1135.6000318527222,-73.04770865662887,-73.04770865662887
1135.6100318527222,-73.04461964389583,-73.04461964389583
1135.6200318527221,-73.04149013672561,-73.04149013672561
1135.6300318527221,-73.0383213635541,-73.0383213635541
1135.6400318527221,-73.03511452936343,-73.03511452936343
1135.6500318527221,-73.03187081631012,-73.03187081631012
1135.660031852722,-73.02859138432285,-73.02859138432285
1135.670031852722,-73.02527737164412,-73.02527737164412
1135.680031852722,-73.02192989537924,-73.02192989537924
1135.690031852722,-73.01855005201864,-73.01855005201864
1135.700031852722,-73.01513891790351,-73.01513891790351
1135.710031852722,-73.01169754969165,-73.01169754969165
1135.720031852722,-73.00822698480492,-73.00822698480492
1135.7300318527223,-73.00472824183852,-73.00472824183852
1135.7400318527223,-73.00120232097335,-73.00120232097335
1135.7500318527223,-72.99765020435487,-72.99765020435487
1135.7600318527222,-72.99407285647551,-72.99407285647551
1135.7700318527222,-72.9904712245157,-72.9904712245157
1135.7800318527222,-72.98684623868347,-72.98684623868347
1135.7900318527222,-72.98319881258219,-72.98319881258219
1135.8000318527222,-72.97952984347256,-72.97952984347256
1135.8100318527222,-72.97584021262124,-72.97584021262124
1135.8200318527222,-72.97213078559803,-72.97213078559803
1135.8300318527222,-72.96840241254992,-72.96840241254992
1135.8400318527222,-72.96465592849253,-72.96465592849253
1135.8500318527222,-72.96089215356493,-72.96089215356493
1135.8600318527222,-72.95711189332124,-72.95711189332124
1135.8700318527221,-72.95331593896971,-72.95331593896971
1135.8800318527221,-72.94950506762942,-72.94950506762942
1135.8900318527221,-72.94568004257799,-72.94568004257799
1135.9000318527221,-72.94184161348248,-72.94184161348248
1135.910031852722,-72.93799051663144,-72.93799051663144
1135.920031852722,-72.93412747518424,-72.93412747518424
1135.930031852722,-72.93025319935967,-72.93025319935967
1135.940031852722,-72.92636838666189,-72.92636838666189
1135.950031852722,-72.92247372212371,-72.92247372212371
1135.960031852722,-72.918569878465,-72.918569878465
1135.970031852722,-72.91465751634264,-72.91465751634264
1135.9800318527223,-72.91073728451886,-72.91073728451886
1135.9900318527223,-72.90680982007514,-72.90680982007514
1136.0000318527223,-72.90287574858513,-72.90287574858513
1136.0100318527222,-72.89893568432164,-72.89893568432164
1136.0200318527222,-72.89499023043162,-72.89499023043162
1136.0300318527222,-72.89103997912174,-72.89103997912174
1136.0400318527222,-72.88708551183618,-72.88708551183618
1136.0500318527222,-72.8831273994236,-72.8831273994236
1136.0600318527222,-72.87916620231333,-72.87916620231333
1136.0700318527222,-72.87520247068832,-72.87520247068832
1136.0800318527222,-72.87123674464509,-72.87123674464509
1136.0900318527222,-72.86726955435344,-72.86726955435344
1136.1000318527222,-72.86330142023866,-72.86330142023866
1136.1100318527222,-72.85933285310385,-72.85933285310385
1136.1200318527221,-72.85536435431362,-72.85536435431362
1136.1300318527221,-72.85139641592639,-72.85139641592639
1136.1400318527221,-72.84742952086275,-72.84742952086275
1136.1500318527221,-72.84346414304079,-72.84346414304079
1136.160031852722,-72.83950074752225,-72.83950074752225
1136.170031852722,-72.83553979064503,-72.83553979064503
1136.180031852722,-72.8315817201969,-72.8315817201969
1136.190031852722,-72.82762697550586,-72.82762697550586
1136.200031852722,-72.8236759876231,-72.8236759876231
1136.210031852722,-72.81972285003884,-72.81972285003884
1136.220031852722,-72.81576522136609,-72.81576522136609
1136.2300318527223,-72.8118021773818,-72.8118021773818
1136.2400318527223,-72.80783344401667,-72.80783344401667
1136.2500318527223,-72.80385910528425,-72.80385910528425
1136.2600318527222,-72.79987945197126,-72.79987945197126
1136.2700318527222,-72.79589489302256,-72.79589489302256
1136.2800318527222,-72.79190590244542,-72.79190590244542
1136.2900318527222,-72.78791298742641,-72.78791298742641
1136.3000318527222,-72.78391666927975,-72.78391666927975
1136.3100318527222,-72.77991747217526,-72.77991747217526
1136.3200318527222,-72.7759159165575,-72.7759159165575
1136.3300318527222,-72.77191251545449,-72.77191251545449
1136.3400318527222,-72.76790777252786,-72.76790777252786
1136.3500318527222,-72.76390218114622,-72.76390218114622
1136.3600318527222,-72.75989622411016,-72.75989622411016
1136.3700318527221,-72.75589037372124,-72.75589037372124
1136.3800318527221,-72.7518850920437,-72.7518850920437
1136.3900318527221,-72.74788083128743,-72.74788083128743
1136.4000318527221,-72.74387803420198,-72.74387803420198
1136.410031852722,-72.73987713448767,-72.73987713448767
1136.420031852722,-72.73587855719028,-72.73587855719028
1136.430031852722,-72.7318827190704,-72.7318827190704
1136.440031852722,-72.72789002893238,-72.72789002893238
1136.450031876564,-72.7239008784487,-72.7239008784487
1136.460031876564,-72.7199156804117,-72.7199156804117
1136.470031876564,-72.7159348120096,-72.7159348120096
1136.480031876564,-72.7119586530217,-72.7119586530217
1136.490031876564,-72.70798757652364,-72.70798757652364
1136.500031876564,-72.70402194907089,-72.70402194907089
1136.510031876564,-72.70006213087332,-72.70006213087332
1136.520031876564,-72.6961084759256,-72.6961084759256
1136.530031876564,-72.6921613321456,-72.6921613321456
1136.540031876564,-72.68822104149085,-72.68822104149085
1136.550031876564,-72.68428794008663,-72.68428794008663
1136.560031876564,-72.68036235832484,-72.68036235832484
1136.570031876564,-72.67644462094175,-72.67644462094175
1136.5800318765641,-72.67253504713545,-72.67253504713545
1136.5900318765641,-72.66863395063373,-72.66863395063373
1136.6000318765641,-72.66474163979366,-72.66474163979366
1136.610031876564,-72.66085841765451,-72.66085841765451
1136.620031876564,-72.6569845820243,-72.6569845820243
1136.630031876564,-72.65312042554432,-72.65312042554432
1136.640031876564,-72.64926623576291,-72.64926623576291
1136.650031876564,-72.64542229520323,-72.64542229520323
1136.660031876564,-72.64158888141297,-72.64158888141297
1136.670031876564,-72.63776626703785,-72.63776626703785
1136.680031876564,-72.63395471988706,-72.63395471988706
1136.690031876564,-72.63015450297368,-72.63015450297368
1136.700031876564,-72.6263658745945,-72.6263658745945
1136.710031876564,-72.62258908836023,-72.62258908836023
1136.720031876564,-72.61882439329179,-72.61882439329179
1136.730031876564,-72.6150720338311,-72.6150720338311
1136.740031876564,-72.61133224992541,-72.61133224992541
1136.750031876564,-72.60760527707468,-72.60760527707468
1136.760031876564,-72.60389134637117,-72.60389134637117
1136.770031876564,-72.60019068457773,-72.60019068457773
1136.780031876564,-72.5965035141568,-72.5965035141568
1136.790031876564,-72.59283005333953,-72.59283005333953
1136.800031876564,-72.58917051616682,-72.58917051616682
1136.810031876564,-72.58552511253322,-72.58552511253322
1136.820031876564,-72.58189404826821,-72.58189404826821
1136.8300318765641,-72.57827752514955,-72.57827752514955
1136.8400318765641,-72.57467574097129,-72.57467574097129
1136.8500318765641,-72.57108888959365,-72.57108888959365
1136.860031876564,-72.5675171609986,-72.5675171609986
1136.870031876564,-72.56396074131845,-72.56396074131845
1136.880031876564,-72.5604198129016,-72.5604198129016
1136.890031876564,-72.55689455435277,-72.55689455435277
1136.900031876564,-72.55338514058062,-72.55338514058062
1136.910031876564,-72.54989174285045,-72.54989174285045
1136.920031876564,-72.5464145288315,-72.5464145288315
1136.930031876564,-72.54295366263699,-72.54295366263699
1136.940031876564,-72.53950930486951,-72.53950930486951
1136.950031876564,-72.5360816126896,-72.5360816126896
1136.960031876564,-72.53266443667061,-72.53266443667061
1136.970031876564,-72.52925518319712,-72.52925518319712
1136.980031876564,-72.52585267459781,-72.52585267459781
1136.990031876564,-72.522456385048,-72.522456385048
1137.000031876564,-72.51906614961545,-72.51906614961545
1137.010031876564,-72.51568201345364,-72.51568201345364
1137.020031876564,-72.5123041435124,-72.5123041435124
1137.030031876564,-72.50893277554619,-72.50893277554619
1137.040031876564,-72.50556818229691,-72.50556818229691
1137.050031876564,-72.50221065447242,-72.50221065447242
1137.060031876564,-72.49886048940984,-72.49886048940984
1137.070031876564,-72.49551798451098,-72.49551798451098
1137.0800318765641,-72.49218343347975,-72.49218343347975
1137.0900318765641,-72.48885712430945,-72.48885712430945
1137.1000318765641,-72.48553933833622,-72.48553933833622
1137.110031876564,-72.48223034987653,-72.48223034987653
1137.120031876564,-72.47893042625752,-72.47893042625752
1137.130031876564,-72.47563982802563,-72.47563982802563
1137.140031876564,-72.4723588092537,-72.4723588092537
1137.150031876564,-72.46908761790162,-72.46908761790162
1137.160031876564,-72.46582649616309,-72.46582649616309
1137.170031876564,-72.46257568080331,-72.46257568080331
1137.180031876564,-72.45933540347404,-72.45933540347404
1137.190031876564,-72.456105891005,-72.456105891005
1137.200031876564,-72.45288736565023,-72.45288736565023
1137.210031876564,-72.44967374938594,-72.44967374938594
1137.220031876564,-72.44646251506124,-72.44646251506124
1137.230031876564,-72.44325254928326,-72.44325254928326
1137.240031876564,-72.44004338926088,-72.44004338926088
1137.250031876564,-72.43683493228997,-72.43683493228997
1137.260031876564,-72.43362728518797,-72.43362728518797
1137.270031876564,-72.43042067611667,-72.43042067611667
1137.280031876564,-72.42721540171155,-72.42721540171155
1137.290031876564,-72.42401179532577,-72.42401179532577
1137.3000319004059,-72.42081020040682,-72.42081020040682
1137.3100319004059,-72.41761098972148,-72.41761098972148
1137.3200319004059,-72.41441451303302,-72.41441451303302
1137.3300319004059,-72.41122112385736,-72.41122112385736
1137.3400319004058,-72.40803116981874,-72.40803116981874
1137.3500319004058,-72.40484499173651,-72.40484499173651
1137.3600319004058,-72.4016629232039,-72.4016629232039
1137.3700319004058,-72.39848529066603,-72.39848529066603
1137.3800319004058,-72.39531241359737,-72.39531241359737
1137.3900319004058,-72.39214460479229,-72.39214460479229
1137.4000319004058,-72.38898217072347,-72.38898217072347
1137.4100319004058,-72.38582541187522,-72.38582541187522
1137.4200319004058,-72.38267462307877,-72.38267462307877
1137.430031900406,-72.37953009380364,-72.37953009380364
1137.440031900406,-72.37639210843417,-72.37639210843417
1137.450031900406,-72.37326094650885,-72.37326094650885
1137.460031900406,-72.37013688293092,-72.37013688293092
1137.470031900406,-72.36702018816894,-72.36702018816894
1137.480031900406,-72.36391112838992,-72.36391112838992
1137.490031900406,-72.36080996561182,-72.36080996561182
1137.500031900406,-72.35771695783578,-72.35771695783578
1137.510031900406,-72.35463235912604,-72.35463235912604
1137.520031900406,-72.35155641971774,-72.35155641971774
1137.530031900406,-72.34848938608252,-72.34848938608252
1137.540031900406,-72.3454315009969,-72.3454315009969
1137.5500319004059,-72.34238300361358,-72.34238300361358
1137.5600319004059,-72.33934412950354,-72.33934412950354
1137.5700319004059,-72.33631511069406,-72.33631511069406
1137.5800319004059,-72.33329617572623,-72.33329617572623
1137.5900319004058,-72.3302875496787,-72.3302875496787
1137.6000319004058,-72.3272894542047,-72.3272894542047
1137.6100319004058,-72.32430210755959,-72.32430210755959
1137.6200319004058,-72.32132572463273,-72.32132572463273
1137.6300319004058,-72.3183605169781,-72.3183605169781
1137.6400319004058,-72.31540669281172,-72.31540669281172
1137.6500319004058,-72.31246445707377,-72.31246445707377
1137.6600319004058,-72.30953401143297,-72.30953401143297
1137.6700319004058,-72.30661555429603,-72.30661555429603
1137.680031900406,-72.30370928084248,-72.30370928084248
1137.690031900406,-72.30081538304606,-72.30081538304606
1137.700031900406,-72.29793404970589,-72.29793404970589
1137.710031900406,-72.2950591837601,-72.2950591837601
1137.720031900406,-72.29218823231066,-72.29218823231066
1137.730031900406,-72.28932005414045,-72.28932005414045
1137.740031900406,-72.28645415810747,-72.28645415810747
1137.750031900406,-72.2835904131425,-72.2835904131425
1137.760031900406,-72.28072889783543,-72.28072889783543
1137.770031900406,-72.27786981235842,-72.27786981235842
1137.780031900406,-72.2750134256096,-72.2750134256096
1137.790031900406,-72.27216004344031,-72.27216004344031
1137.8000319004059,-72.26930998965065,-72.26930998965065
1137.8100319004059,-72.26646359467041,-72.26646359467041
1137.8200319004059,-72.26362118898773,-72.26362118898773
1137.8300319004059,-72.26078309936263,-72.26078309936263
1137.8400319004058,-72.25794964683595,-72.25794964683595
1137.8500319004058,-72.25512114573328,-72.25512114573328
1137.8600319004058,-72.25229790331719,-72.25229790331719
1137.8700319004058,-72.24948021978112,-72.24948021978112
1137.8800319004058,-72.24666838845486,-72.24666838845486
1137.8900319004058,-72.2438626961033,-72.2438626961033
1137.9000319004058,-72.24106342325999,-72.24106342325999
1137.9100319004058,-72.23827084458335,-72.23827084458335
1137.9200319004058,-72.23548522917471,-72.23548522917471
1137.930031900406,-72.23270684088527,-72.23270684088527
1137.940031900406,-72.22993593858163,-72.22993593858163
1137.950031900406,-72.2271727764007,-72.2271727764007
1137.960031900406,-72.22441760397159,-72.22441760397159
1137.970031900406,-72.22167066659014,-72.22167066659014
1137.980031900406,-72.21893220538284,-72.21893220538284
1137.990031900406,-72.21620245747485,-72.21620245747485
1138.000031900406,-72.21348165609437,-72.21348165609437
1138.010031900406,-72.210770030682,-72.210770030682
1138.020031900406,-72.20806780698413,-72.20806780698413
1138.030031900406,-72.20537520715445,-72.20537520715445
1138.040031900406,-72.20269244980555,-72.20269244980555
1138.0500319004059,-72.20001975008626,-72.20001975008626
1138.0600319004059,-72.19735731972882,-72.19735731972882
1138.0700319004059,-72.19470536710084,-72.19470536710084
1138.0800319004059,-72.19206409725938,-72.19206409725938
1138.0900319004058,-72.18943371198054,-72.18943371198054
1138.1000319004058,-72.18681440979934,-72.18681440979934
1138.1100319004058,-72.18420638605532,-72.18420638605532
1138.1200319004058,-72.18160983291327,-72.18160983291327
1138.1300319004058,-72.17902493938296,-72.17902493938296
1138.1400319004058,-72.17645189136302,-72.17645189136302
1138.1500319242477,-72.17389086557353,-72.17389086557353
1138.1600319242477,-72.17134205399967,-72.17134205399967
1138.1700319242477,-72.168805627199,-72.168805627199
1138.1800319242477,-72.1662817588734,-72.1662817588734
1138.1900319242477,-72.16377061972722,-72.16377061972722
1138.2000319242477,-72.161272377502,-72.161272377502
1138.2100319242477,-72.15878719698208,-72.15878719698208
1138.2200319242477,-72.15631524004392,-72.15631524004392
1138.2300319242477,-72.15385666565582,-72.15385666565582
1138.2400319242477,-72.15141162991216,-72.15141162991216
1138.2500319242477,-72.1489802860572,-72.1489802860572
1138.2600319242476,-72.14656278449486,-72.14656278449486
1138.2700319242476,-72.1441592728322,-72.1441592728322
1138.2800319242479,-72.14176989588677,-72.14176989588677
1138.2900319242478,-72.13939479572967,-72.13939479572967
1138.3000319242478,-72.13703411166725,-72.13703411166725
1138.3100319242478,-72.13468798032505,-72.13468798032505
1138.3200319242478,-72.13235653561514,-72.13235653561514
1138.3300319242478,-72.13003990879349,-72.13003990879349
1138.3400319242478,-72.12773822847618,-72.12773822847618
1138.3500319242478,-72.12545162066395,-72.12545162066395
1138.3600319242478,-72.12318020876258,-72.12318020876258
1138.3700319242478,-72.12092411360901,-72.12092411360901
1138.3800319242478,-72.11868345350312,-72.11868345350312
1138.3900319242478,-72.11645834422407,-72.11645834422407
1138.4000319242477,-72.1142488990704,-72.1142488990704
1138.4100319242477,-72.11205522885915,-72.11205522885915
1138.4200319242477,-72.10987744198003,-72.10987744198003
1138.4300319242477,-72.10771564439527,-72.10771564439527
1138.4400319242477,-72.10556993968304,-72.10556993968304
1138.4500319242477,-72.10344042905633,-72.10344042905633
1138.4600319242477,-72.10132721139709,-72.10132721139709
1138.4700319242477,-72.0992303832634,-72.0992303832634
1138.4800319242477,-72.09715003893683,-72.09715003893683
1138.4900319242477,-72.09508627043562,-72.09508627043562
1138.5000319242477,-72.09303916753525,-72.09303916753525
1138.5100319242476,-72.09100881781087,-72.09100881781087
1138.5200319242476,-72.08899530664634,-72.08899530664634
1138.5300319242479,-72.08699871727623,-72.08699871727623
1138.5400319242478,-72.08501913079921,-72.08501913079921
1138.5500319242478,-72.08305662620351,-72.08305662620351
1138.5600319242478,-72.08111128040413,-72.08111128040413
1138.5700319242478,-72.07918316826006,-72.07918316826006
1138.5800319242478,-72.07727236259197,-72.07727236259197
1138.5900319242478,-72.07537893421737,-72.07537893421737
1138.6000319242478,-72.0735029519845,-72.0735029519845
1138.6100319242478,-72.0716444827853,-72.0716444827853
1138.6200319242478,-72.06980359157237,-72.06980359157237
1138.6300319242478,-72.06798034139102,-72.06798034139102
1138.6400319242478,-72.06617479342651,-72.06617479342651
1138.6500319242477,-72.06438700699839,-72.06438700699839
1138.6600319242477,-72.06261703959628,-72.06261703959628
1138.6700319242477,-72.0608649468955,-72.0608649468955
1138.6800319242477,-72.05913078280136,-72.05913078280136
1138.6900319242477,-72.05741459945116,-72.05741459945116
1138.7000319242477,-72.05571644726234,-72.05571644726234
1138.7100319242477,-72.05403637492512,-72.05403637492512
1138.7200319242477,-72.0523744294495,-72.0523744294495
1138.7300319242477,-72.0507306561822,-72.0507306561822
1138.7400319242477,-72.04910509882488,-72.04910509882488
1138.7500319242477,-72.04749779947103,-72.04749779947103
1138.7600319242476,-72.04590879860564,-72.04590879860564
1138.7700319242476,-72.04433813515288,-72.04433813515288
1138.7800319242479,-72.0427858464756,-72.0427858464756
1138.7900319242478,-72.04125196842632,-72.04125196842632
1138.8000319242478,-72.03973653532752,-72.03973653532752
1138.8100319242478,-72.03823958003981,-72.03823958003981
1138.8200319242478,-72.03676113393931,-72.03676113393931
1138.8300319242478,-72.03530122698231,-72.03530122698231
1138.8400319242478,-72.03385988768464,-72.03385988768464
1138.8500319242478,-72.03243714317425,-72.03243714317425
1138.8600319242478,-72.03103301918955,-72.03103301918955
1138.8700319242478,-72.02964754012713,-72.02964754012713
1138.8800319242478,-72.02828072902898,-72.02828072902898
1138.8900319242478,-72.02693260764029,-72.02693260764029
1138.9000319242477,-72.02560319637382,-72.02560319637382
1138.9100319242477,-72.0242925143917,-72.0242925143917
1138.9200319242477,-72.02300057958584,-72.02300057958584
1138.9300319242477,-72.02172740861043,-72.02172740861043
1138.9400319242477,-72.02047301689774,-72.02047301689774
1138.9500319242477,-72.01923741867606,-72.01923741867606
1138.9600319242477,-72.01801436387579,-72.01801436387579
1138.9700319242477,-72.01680113426485,-72.01680113426485
1138.9800319242477,-72.01559642036437,-72.01559642036437
1138.9900319242477,-72.01439956293319,-72.01439956293319
1139.0000319480896,-72.0132102611071,-72.0132102611071
1139.0100319480896,-72.01202843379724,-72.01202843379724
1139.0200319480896,-72.01085411474074,-72.01085411474074
1139.0300319480896,-72.00968741116857,-72.00968741116857
1139.0400319480896,-72.00852846925764,-72.00852846925764
1139.0500319480896,-72.00737745510442,-72.00737745510442
1139.0600319480895,-72.00623454344493,-72.00623454344493
1139.0700319480895,-72.00509991106361,-72.00509991106361
1139.0800319480895,-72.00397373301587,-72.00397373301587
1139.0900319480895,-72.00285618060181,-72.00285618060181
1139.1000319480895,-72.00174742037322,-72.00174742037322
1139.1100319480895,-72.00064761378133,-72.00064761378133
1139.1200319480895,-71.99955691714854,-71.99955691714854
1139.1300319480897,-71.99847548186301,-71.99847548186301
1139.1400319480897,-71.99740345466809,-71.99740345466809
1139.1500319480897,-71.99634097798122,-71.99634097798122
1139.1600319480897,-71.99528819022574,-71.99528819022574
1139.1700319480897,-71.99424522614095,-71.99424522614095
1139.1800319480897,-71.9932122170906,-71.9932122170906
1139.1900319480897,-71.99218929130738,-71.99218929130738
1139.2000319480896,-71.99117657413075,-71.99117657413075
1139.2100319480896,-71.99016792679144,-71.99016792679144
1139.2200319480896,-71.98916073949667,-71.98916073949667
1139.2300319480896,-71.98815380956867,-71.98815380956867
1139.2400319480896,-71.98714658333847,-71.98714658333847
1139.2500319480896,-71.98613886734985,-71.98613886734985
1139.2600319480896,-71.98513067846669,-71.98513067846669
1139.2700319480896,-71.98412215613104,-71.98412215613104
1139.2800319480896,-71.98311350964532,-71.98311350964532
1139.2900319480896,-71.98210498651571,-71.98210498651571
1139.3000319480896,-71.98109685349282,-71.98109685349282
1139.3100319480895,-71.98008938529513,-71.98008938529513
1139.3200319480895,-71.97908285802221,-71.97908285802221
1139.3300319480895,-71.97807754541323,-71.97807754541323
1139.3400319480895,-71.97707371678754,-71.97707371678754
1139.3500319480895,-71.97607163610634,-71.97607163610634
1139.3600319480895,-71.9750715615668,-71.9750715615668
1139.3700319480895,-71.9740737455925,-71.9740737455925
1139.3800319480897,-71.97307843501792,-71.97307843501792
1139.3900319480897,-71.972085871378,-71.972085871378
1139.4000319480897,-71.97109629121995,-71.97109629121995
1139.4100319480897,-71.97010992641896,-71.97010992641896
1139.4200319480897,-71.96912700449515,-71.96912700449515
1139.4300319480897,-71.96814774888308,-71.96814774888308
1139.4400319480897,-71.96717237919583,-71.96717237919583
1139.4500319480896,-71.96620111144058,-71.96620111144058
1139.4600319480896,-71.96523415821076,-71.96523415821076
1139.4700319480896,-71.9642717288576,-71.9642717288576
1139.4800319480896,-71.96331402963222,-71.96331402963222
1139.4900319480896,-71.96236126379291,-71.96236126379291
1139.5000319480896,-71.96141363173197,-71.96141363173197
1139.5100319480896,-71.96047133104321,-71.96047133104321
1139.5200319480896,-71.95953455660303,-71.95953455660303
1139.5300319480896,-71.95860350061875,-71.95860350061875
1139.5400319480896,-71.95767835271161,-71.95767835271161
1139.5500319480896,-71.95675929991867,-71.95675929991867
1139.5600319480895,-71.95584652676166,-71.95584652676166
1139.5700319480895,-71.954940215245,-71.954940215245
1139.5800319480895,-71.95404054492057,-71.95404054492057
1139.5900319480895,-71.95314769288447,-71.95314769288447
1139.6000319480895,-71.95226183377935,-71.95226183377935
1139.6100319480895,-71.95138313985241,-71.95138313985241
1139.6200319480895,-71.95051178093428,-71.95051178093428
1139.6300319480897,-71.94964792445244,-71.94964792445244
1139.6400319480897,-71.94879173546636,-71.94879173546636
1139.6500319480897,-71.94794337664857,-71.94794337664857
1139.6600319480897,-71.94710300830664,-71.94710300830664
1139.6700319480897,-71.94627078840408,-71.94627078840408
1139.6800319480897,-71.94544687252974,-71.94544687252974
1139.6900319480897,-71.94463141394262,-71.94463141394262
1139.7000319480896,-71.94382456357573,-71.94382456357573
1139.7100319480896,-71.94302647002212,-71.94302647002212
1139.7200319480896,-71.94223727956758,-71.94223727956758
1139.7300319480896,-71.94145713618603,-71.94145713618603
1139.7400319480896,-71.94068618153449,-71.94068618153449
1139.7500319480896,-71.93992455500397,-71.93992455500397
1139.7600319480896,-71.93917239368278,-71.93917239368278
1139.7700319480896,-71.93842983240431,-71.93842983240431
1139.7800319480896,-71.93769700372964,-71.93769700372964
1139.7900319480896,-71.93697403796807,-71.93697403796807
1139.8000319480896,-71.93626106320524,-71.93626106320524
1139.8100319480895,-71.93555820528675,-71.93555820528675
1139.8200319480895,-71.93486558784443,-71.93486558784443
1139.8300319480895,-71.93418333231828,-71.93418333231828
1139.8400319480895,-71.93351155795648,-71.93351155795648
1139.8500319719315,-71.93285038026026,-71.93285038026026
1139.8600319719314,-71.93219991733186,-71.93219991733186
1139.8700319719314,-71.93156028031319,-71.93156028031319
1139.8800319719314,-71.93093157985489,-71.93093157985489
1139.8900319719314,-71.9303139244861,-71.9303139244861
1139.9000319719314,-71.92970742063375,-71.92970742063375
1139.9100319719314,-71.92911217264209,-71.92911217264209
1139.9200319719314,-71.92852828280047,-71.92852828280047
1139.9300319719314,-71.92795585134655,-71.92795585134655
1139.9400319719314,-71.9273949764802,-71.9273949764802
1139.9500319719314,-71.92684575438439,-71.92684575438439
1139.9600319719314,-71.92630827925824,-71.92630827925824
1139.9700319719313,-71.92578264331121,-71.92578264331121
1139.9800319719316,-71.92526893680275,-71.92526893680275
1139.9900319719316,-71.92476724803822,-71.92476724803822
1140.0000319719315,-71.9242776634214,-71.9242776634214
1140.0100319719315,-71.92380026743372,-71.92380026743372
1140.0200319719315,-71.92333514267196,-71.92333514267196
1140.0300319719315,-71.92288236986886,-71.92288236986886
1140.0400319719315,-71.92244202790812,-71.92244202790812
1140.0500319719315,-71.9220141938573,-71.9220141938573
1140.0600319719315,-71.92159894296435,-71.92159894296435
1140.0700319719315,-71.92119634869907,-71.92119634869907
1140.0800319719315,-71.92080648274211,-71.92080648274211
1140.0900319719315,-71.9204294150317,-71.9204294150317
1140.1000319719315,-71.92006521377866,-71.92006521377866
1140.1100319719314,-71.91971394548153,-71.91971394548153
1140.1200319719314,-71.91937567494747,-71.91937567494747
1140.1300319719314,-71.91905046531484,-71.91905046531484
1140.1400319719314,-71.91873837806908,-71.91873837806908
1140.1500319719314,-71.91843947305544,-71.91843947305544
1140.1600319719314,-71.91815380850974,-71.91815380850974
1140.1700319719314,-71.91788144107683,-71.91788144107683
1140.1800319719314,-71.91762242582445,-71.91762242582445
1140.1900319719314,-71.91737681626562,-71.91737681626562
1140.2000319719314,-71.91714466437688,-71.91714466437688
1140.2100319719314,-71.91692602062336,-71.91692602062336
1140.2200319719313,-71.9167209339702,-71.9167209339702
1140.2300319719316,-71.91652945190857,-71.91652945190857
1140.2400319719316,-71.91635162046263,-71.91635162046263
1140.2500319719315,-71.91618748422107,-71.91618748422107
1140.2600319719315,-71.91603708635367,-71.91603708635367
1140.2700319719315,-71.91590046862164,-71.91590046862164
1140.2800319719315,-71.91577767140792,-71.91577767140792
1140.2900319719315,-71.91566873373193,-71.91566873373193
1140.3000319719315,-71.91557369327253,-71.91557369327253
1140.3100319719315,-71.91549258636574,-71.91549258636574
1140.3200319719315,-71.91542544803303,-71.91542544803303
1140.3300319719315,-71.91537231202842,-71.91537231202842
1140.3400319719315,-71.91533321080476,-71.91533321080476
1140.3500319719315,-71.91530817557872,-71.91530817557872
1140.3600319719314,-71.91529723631683,-71.91529723631683
1140.3700319719314,-71.91530042176485,-71.91530042176485
1140.3800319719314,-71.91531775947594,-71.91531775947594
1140.3900319719314,-71.9153492758016,-71.9153492758016
1140.4000319719314,-71.91539499592493,-71.91539499592493
1140.4100319719314,-71.91545494387817,-71.91545494387817
1140.4200319719314,-71.91552914256161,-71.91552914256161
1140.4300319719314,-71.91561761375057,-71.91561761375057
1140.4400319719314,-71.91572037811342,-71.91572037811342
1140.4500319719314,-71.91583745523815,-71.91583745523815
1140.4600319719314,-71.91596886364175,-71.91596886364175
1140.4700319719313,-71.916114620777,-71.916114620777
1140.4800319719316,-71.91627474306058,-71.91627474306058
1140.4900319719316,-71.91644924589909,-71.91644924589909
1140.5000319719315,-71.91663814366471,-71.91663814366471
1140.5100319719315,-71.91684144974886,-71.91684144974886
1140.5200319719315,-71.91705917656526,-71.91705917656526
1140.5300319719315,-71.91729133556447,-71.91729133556447
1140.5400319719315,-71.91753793724942,-71.91753793724942
1140.5500319719315,-71.91779899118164,-71.91779899118164
1140.5600319719315,-71.918074506007,-71.918074506007
1140.5700319719315,-71.91836448946505,-71.91836448946505
1140.5800319719315,-71.91866894840184,-71.91866894840184
1140.5900319719315,-71.91898788879078,-71.91898788879078
1140.6000319719315,-71.91932131573594,-71.91932131573594
1140.6100319719314,-71.91966923349443,-71.91966923349443
1140.6200319719314,-71.92003164548551,-71.92003164548551
1140.6300319719314,-71.92040855430774,-71.92040855430774
1140.6400319719314,-71.92079996173975,-71.92079996173975
1140.6500319719314,-71.92120586877014,-71.92120586877014
1140.6600319719314,-71.9216262755975,-71.9216262755975
1140.6700319719314,-71.92206118165052,-71.92206118165052
1140.6800319719314,-71.92251058560888,-71.92251058560888
1140.6900319719314,-71.9229744853916,-71.9229744853916
1140.7000319957733,-71.92345287931846,-71.92345287931846
1140.7100319957733,-71.92394576163888,-71.92394576163888
1140.7200319957733,-71.92445312917134,-71.92445312917134
1140.7300319957733,-71.92497497697603,-71.92497497697603
1140.7400319957733,-71.9255112994224,-71.9255112994224
1140.7500319957733,-71.92606209019203,-71.92606209019203
1140.7600319957733,-71.92662734231449,-71.92662734231449
1140.7700319957733,-71.92720704815285,-71.92720704815285
1140.7800319957732,-71.92780119943144,-71.92780119943144
1140.7900319957732,-71.92840978724325,-71.92840978724325
1140.8000319957732,-71.929032802057,-71.929032802057
1140.8100319957732,-71.92967023373745,-71.92967023373745
1140.8200319957732,-71.93032207152572,-71.93032207152572
1140.8300319957734,-71.93098830409777,-71.93098830409777
1140.8400319957734,-71.93166891953553,-71.93166891953553
1140.8500319957734,-71.93236390535988,-71.93236390535988
1140.8600319957734,-71.93307324851004,-71.93307324851004
1140.8700319957734,-71.9337969353916,-71.9337969353916
1140.8800319957734,-71.93453495186762,-71.93453495186762
1140.8900319957734,-71.93528728327112,-71.93528728327112
1140.9000319957734,-71.93605391439989,-71.93605391439989
1140.9100319957734,-71.93683482954881,-71.93683482954881
1140.9200319957733,-71.93763001249718,-71.93763001249718
1140.9300319957733,-71.93843944654131,-71.93843944654131
1140.9400319957733,-71.93926311448598,-71.93926311448598
1140.9500319957733,-71.94010099864211,-71.94010099864211
1140.9600319957733,-71.94095308088056,-71.94095308088056
1140.9700319957733,-71.94181934259022,-71.94181934259022
1140.9800319957733,-71.94269976471395,-71.94269976471395
1140.9900319957733,-71.94359432773759,-71.94359432773759
1141.0000319957733,-71.9445030117331,-71.9445030117331
1141.0100319957733,-71.94542579632638,-71.94542579632638
1141.0200319957733,-71.9463626607236,-71.9463626607236
1141.0300319957732,-71.94731358372303,-71.94731358372303
1141.0400319957732,-71.94827854371722,-71.94827854371722
1141.0500319957732,-71.94925751869921,-71.94925751869921
1141.0600319957732,-71.95025048626408,-71.95025048626408
1141.0700319957732,-71.9512574236346,-71.9512574236346
1141.0800319957734,-71.95227830766356,-71.95227830766356
1141.0900319957734,-71.95331311481101,-71.95331311481101
1141.1000319957734,-71.95436182120024,-71.95436182120024
1141.1100319957734,-71.95542440257938,-71.95542440257938
1141.1200319957734,-71.95650083435596,-71.95650083435596
1141.1300319957734,-71.95759109160436,-71.95759109160436
1141.1400319957734,-71.95869514905884,-71.95869514905884
1141.1500319957734,-71.9598129811193,-71.9598129811193
1141.1600319957734,-71.9609445618645,-71.9609445618645
1141.1700319957733,-71.96208986506525,-71.96208986506525
1141.1800319957733,-71.96324886417368,-71.96324886417368
1141.1900319957733,-71.96442153234821,-71.96442153234821
1141.2000319957733,-71.96560784243896,-71.96560784243896
1141.2100319957733,-71.96680776702402,-71.96680776702402
1141.2200319957733,-71.9680212783724,-71.9680212783724
1141.2300319957733,-71.96924834848414,-71.96924834848414
1141.2400319957733,-71.97048894908833,-71.97048894908833
1141.2500319957733,-71.97174305164322,-71.97174305164322
1141.2600319957733,-71.97301062734633,-71.97301062734633
1141.2700319957733,-71.97429164713182,-71.97429164713182
1141.2800319957732,-71.97558608168151,-71.97558608168151
1141.2900319957732,-71.97689390144184,-71.97689390144184
1141.3000319957732,-71.97821507661206,-71.97821507661206
1141.3100319957732,-71.97954957715723,-71.97954957715723
1141.3200319957732,-71.98089737280942,-71.98089737280942
1141.3300319957734,-71.98225843305595,-71.98225843305595
1141.3400319957734,-71.98363272719499,-71.98363272719499
1141.3500319957734,-71.98502022429257,-71.98502022429257
1141.3600319957734,-71.98642089320457,-71.98642089320457
1141.3700319957734,-71.98783470257668,-71.98783470257668
1141.3800319957734,-71.98926162085642,-71.98926162085642
1141.3900319957734,-71.99070161629533,-71.99070161629533
1141.4000319957734,-71.99215465694972,-71.99215465694972
1141.4100319957734,-71.99362071068298,-71.99362071068298
1141.4200319957733,-71.99509974517673,-71.99509974517673
1141.4300319957733,-71.9965917279413,-71.9965917279413
1141.4400319957733,-71.9980966262993,-71.9980966262993
1141.4500319957733,-71.99961440740329,-71.99961440740329
1141.4600319957733,-72.0011450382453,-72.0011450382453
1141.4700319957733,-72.00268848564745,-72.00268848564745
1141.4800319957733,-72.00424471627682,-72.00424471627682
1141.4900319957733,-72.00581369664224,-72.00581369664224
1141.5000319957733,-72.00739539309791,-72.00739539309791
1141.5100319957733,-72.00898977185554,-72.00898977185554
1141.5200319957733,-72.01059679898184,-72.01059679898184
1141.5300319957732,-72.01221644040135,-72.01221644040135
1141.5400319957732,-72.01384866191023,-72.01384866191023
1141.5500320196152,-72.0154934330761,-72.0154934330761
1141.5600320196152,-72.01715071163714,-72.01715071163714
1141.5700320196152,-72.01882046685365,-72.01882046685365
1141.5800320196151,-72.02050266400559,-72.02050266400559
1141.5900320196151,-72.02219726825301,-72.02219726825301
1141.6000320196151,-72.02390424464394,-72.02390424464394
1141.6100320196151,-72.02562355810268,-72.02562355810268
1141.620032019615,-72.02735517345504,-72.02735517345504
1141.630032019615,-72.0290990554095,-72.0290990554095
1141.640032019615,-72.03085516858027,-72.03085516858027
1141.650032019615,-72.03262347748174,-72.03262347748174
1141.660032019615,-72.0344039465263,-72.0344039465263
1141.670032019615,-72.03619654002792,-72.03619654002792
1141.6800320196153,-72.03800122221897,-72.03800122221897
1141.6900320196153,-72.03981795724704,-72.03981795724704
1141.7000320196153,-72.04164670915411,-72.04164670915411
1141.7100320196153,-72.04348744192788,-72.04348744192788
1141.7200320196152,-72.04534011945016,-72.04534011945016
1141.7300320196152,-72.04720470554165,-72.04720470554165
1141.7400320196152,-72.04908116394544,-72.04908116394544
1141.7500320196152,-72.05096945833303,-72.05096945833303
1141.7600320196152,-72.05286955230515,-72.05286955230515
1141.7700320196152,-72.05478140940158,-72.05478140940158
1141.7800320196152,-72.05670499308805,-72.05670499308805
1141.7900320196152,-72.05864026678066,-72.05864026678066
1141.8000320196152,-72.06058719382608,-72.06058719382608
1141.8100320196152,-72.06254573752314,-72.06254573752314
1141.8200320196152,-72.06451586111304,-72.06451586111304
1141.8300320196151,-72.06649752778488,-72.06649752778488
1141.8400320196151,-72.06849070068037,-72.06849070068037
1141.8500320196151,-72.07049534289392,-72.07049534289392
1141.8600320196151,-72.07251141746798,-72.07251141746798
1141.870032019615,-72.07453888741271,-72.07453888741271
1141.880032019615,-72.07657771569342,-72.07657771569342
1141.890032019615,-72.07862786523276,-72.07862786523276
1141.900032019615,-72.08068929893047,-72.08068929893047
1141.910032019615,-72.08276197963629,-72.08276197963629
1141.920032019615,-72.08484587017816,-72.08484587017816
1141.9300320196153,-72.08694093334584,-72.08694093334584
1141.9400320196153,-72.08904713191308,-72.08904713191308
1141.9500320196153,-72.09116442861706,-72.09116442861706
1141.9600320196153,-72.09328650393516,-72.09328650393516
1141.9700320196152,-72.09541057273731,-72.09541057273731
1141.9800320196152,-72.0975352619489,-72.0975352619489
1141.9900320196152,-72.09965985171712,-72.09965985171712
1142.0000320196152,-72.10178398596447,-72.10178398596447
1142.0100320196152,-72.10390752210054,-72.10390752210054
1142.0200320196152,-72.10603044296865,-72.10603044296865
1142.0300320196152,-72.10815280393051,-72.10815280393051
1142.0400320196152,-72.11027470106104,-72.11027470106104
1142.0500320196152,-72.11239625206993,-72.11239625206993
1142.0600320196152,-72.11451758493128,-72.11451758493128
1142.0700320196152,-72.11663883121706,-72.11663883121706
1142.0800320196151,-72.1187601222749,-72.1187601222749
1142.0900320196151,-72.12088158712443,-72.12088158712443
1142.1000320196151,-72.12300335145083,-72.12300335145083
1142.1100320196151,-72.12512553716515,-72.12512553716515
1142.120032019615,-72.12724826236305,-72.12724826236305
1142.130032019615,-72.12937164146558,-72.12937164146558
1142.140032019615,-72.13149578547531,-72.13149578547531
1142.150032019615,-72.13362080226189,-72.13362080226189
1142.160032019615,-72.13574679684814,-72.13574679684814
1142.170032019615,-72.1378738717209,-72.1378738717209
1142.1800320196153,-72.14000212706665,-72.14000212706665
1142.1900320196153,-72.14213166100468,-72.14213166100468
1142.2000320196153,-72.14426256982433,-72.14426256982433
1142.2100320196153,-72.14639494811694,-72.14639494811694
1142.2200320196152,-72.14852888896242,-72.14852888896242
1142.2300320196152,-72.15066448402905,-72.15066448402905
1142.2400320196152,-72.15280182370242,-72.15280182370242
1142.2500320196152,-72.1549409971825,-72.1549409971825
1142.2600320196152,-72.15708209250799,-72.15708209250799
1142.2700320196152,-72.15922519667322,-72.15922519667322
1142.2800320196152,-72.16137039565425,-72.16137039565425
1142.2900320196152,-72.16351777443265,-72.16351777443265
1142.3000320196152,-72.16566741705446,-72.16566741705446
1142.3100320196152,-72.16772997637942,-72.16772997637942
1142.3200320196152,-72.16967042866546,-72.16967042866546
1142.3300320196151,-72.17147407542767,-72.17147407542767
1142.3400320196151,-72.17313492900755,-72.17313492900755
1142.3500320196151,-72.17465156169791,-72.17465156169791
1142.3600320196151,-72.17602514221235,-72.17602514221235
1142.370032019615,-72.17725833194068,-72.17725833194068
1142.380032019615,-72.17835462039831,-72.17835462039831
1142.390032019615,-72.1793179173554,-72.1793179173554
1142.400032043457,-72.18015230509995,-72.18015230509995
1142.410032043457,-72.18086187929165,-72.18086187929165
1142.420032043457,-72.18145067392621,-72.18145067392621
1142.430032043457,-72.18192260222337,-72.18192260222337
1142.440032043457,-72.18228143410927,-72.18228143410927
1142.450032043457,-72.18253078584108,-72.18253078584108
1142.460032043457,-72.18266783256026,-72.18266783256026
1142.470032043457,-72.18269313820716,-72.18269313820716
1142.480032043457,-72.18260853623698,-72.18260853623698
1142.490032043457,-72.18241637764591,-72.18241637764591
1142.500032043457,-72.18211924961462,-72.18211924961462
1142.510032043457,-72.1817198336875,-72.1817198336875
1142.520032043457,-72.18118765096283,-72.18118765096283
1142.5300320434571,-72.18051619777778,-72.18051619777778
1142.5400320434571,-72.17970279787487,-72.17970279787487
1142.5500320434571,-72.17874538334401,-72.17874538334401
1142.560032043457,-72.17764217943483,-72.17764217943483
1142.570032043457,-72.17639173733649,-72.17639173733649
1142.580032043457,-72.17499297376017,-72.17499297376017
1142.590032043457,-72.17344518395299,-72.17344518395299
1142.600032043457,-72.17174803325446,-72.17174803325446
1142.610032043457,-72.16990153497574,-72.16990153497574
1142.620032043457,-72.16790602090254,-72.16790602090254
1142.630032043457,-72.16576210865088,-72.16576210865088
1142.640032043457,-72.16347066873416,-72.16347066873416
1142.650032043457,-72.16103279302726,-72.16103279302726
1142.660032043457,-72.15844976548871,-72.15844976548871
1142.670032043457,-72.1557230356382,-72.1557230356382
1142.680032043457,-72.15285419476464,-72.15285419476464
1142.690032043457,-72.14984495490029,-72.14984495490029
1142.700032043457,-72.14669713026149,-72.14669713026149
1142.710032043457,-72.14341262103866,-72.14341262103866
1142.720032043457,-72.1399933991644,-72.1399933991644
1142.730032043457,-72.13644149591275,-72.13644149591275
1142.740032043457,-72.13275899109959,-72.13275899109959
1142.750032043457,-72.12894800364298,-72.12894800364298
1142.760032043457,-72.12501068334556,-72.12501068334556
1142.770032043457,-72.12094920370845,-72.12094920370845
1142.7800320434571,-72.1167657556662,-72.1167657556662
1142.7900320434571,-72.11246254211711,-72.11246254211711
1142.8000320434571,-72.10804177313955,-72.10804177313955
1142.810032043457,-72.10350566181378,-72.10350566181378
1142.820032043457,-72.09885642055785,-72.09885642055785
1142.830032043457,-72.09409625793946,-72.09409625793946
1142.840032043457,-72.08922737585576,-72.08922737585576
1142.850032043457,-72.08425196709383,-72.08425196709383
1142.860032043457,-72.07917221319093,-72.07917221319093
1142.870032043457,-72.07399028256557,-72.07399028256557
1142.880032043457,-72.06870832887087,-72.06870832887087
1142.890032043457,-72.06332848959492,-72.06332848959492
1142.900032043457,-72.05785288478287,-72.05785288478287
1142.910032043457,-72.05228361601358,-72.05228361601358
1142.920032043457,-72.04662276541495,-72.04662276541495
1142.930032043457,-72.04087239491508,-72.04087239491508
1142.940032043457,-72.03503454551925,-72.03503454551925
1142.950032043457,-72.02911123674612,-72.02911123674612
1142.960032043457,-72.02310446611587,-72.02310446611587
1142.970032043457,-72.01701620874452,-72.01701620874452
1142.980032043457,-72.01084841701167,-72.01084841701167
1142.990032043457,-72.00460302026522,-72.00460302026522
1143.000032043457,-71.99828192460198,-71.99828192460198
1143.010032043457,-71.99188701271983,-71.99188701271983
1143.020032043457,-71.98542014374848,-71.98542014374848
1143.0300320434571,-71.97888315321183,-71.97888315321183
1143.0400320434571,-71.97227785296386,-71.97227785296386
1143.0500320434571,-71.96560603114186,-71.96560603114186
1143.060032043457,-71.95886945223374,-71.95886945223374
1143.070032043457,-71.95206985708053,-71.95206985708053
1143.080032043457,-71.94520896294894,-71.94520896294894
1143.090032043457,-71.9382884636224,-71.9382884636224
1143.100032043457,-71.93131002949367,-71.93131002949367
1143.110032043457,-71.92427530768339,-71.92427530768339
1143.120032043457,-71.91718592217504,-71.91718592217504
1143.130032043457,-71.91004347397438,-71.91004347397438
1143.140032043457,-71.90284954124883,-71.90284954124883
1143.150032043457,-71.89560567950178,-71.89560567950178
1143.160032043457,-71.8883134217597,-71.8883134217597
1143.170032043457,-71.88097427874244,-71.88097427874244
1143.180032043457,-71.87358973907119,-71.87358973907119
1143.190032043457,-71.86616126944958,-71.86616126944958
1143.200032043457,-71.85869031488023,-71.85869031488023
1143.210032043457,-71.8511782988716,-71.8511782988716
1143.220032043457,-71.84362662366146,-71.84362662366146
1143.230032043457,-71.83603667040391,-71.83603667040391
1143.240032043457,-71.82840979942455,-71.82840979942455
1143.250032067299,-71.82074733215502,-71.82074733215502
1143.2600320672989,-71.81305062425173,-71.81305062425173
1143.2700320672989,-71.80532095676966,-71.80532095676966
1143.2800320672989,-71.79755960884093,-71.79755960884093
1143.2900320672989,-71.78976783990983,-71.78976783990983
1143.3000320672988,-71.7819468899278,-71.7819468899278
1143.3100320672988,-71.77409797957162,-71.77409797957162
1143.3200320672988,-71.76622231049629,-71.76622231049629
1143.3300320672988,-71.75828814048946,-71.75828814048946
1143.3400320672988,-71.75028760645924,-71.75028760645924
1143.3500320672988,-71.7422167044867,-71.7422167044867
1143.3600320672988,-71.73407209108453,-71.73407209108453
1143.3700320672988,-71.72585076909343,-71.72585076909343
1143.380032067299,-71.71755011865841,-71.71755011865841
1143.390032067299,-71.70916793429862,-71.70916793429862
1143.400032067299,-71.7007024350345,-71.7007024350345
1143.410032067299,-71.69215225289247,-71.69215225289247
1143.420032067299,-71.68351640780382,-71.68351640780382
1143.430032067299,-71.67479427513075,-71.67479427513075
1143.440032067299,-71.66598555032769,-71.66598555032769
1143.450032067299,-71.65709021341394,-71.65709021341394
1143.460032067299,-71.64810849509036,-71.64810849509036
1143.470032067299,-71.63904084534046,-71.63904084534046
1143.480032067299,-71.62988790492726,-71.62988790492726
1143.490032067299,-71.62065047984802,-71.62065047984802
1143.500032067299,-71.61132951870945,-71.61132951870945
1143.5100320672989,-71.60192609270815,-71.60192609270815
1143.5200320672989,-71.5924413780844,-71.5924413780844
1143.5300320672989,-71.58287664071325,-71.58287664071325
1143.5400320672989,-71.573233222637,-71.573233222637
1143.5500320672988,-71.5635125302629,-71.5635125302629
1143.5600320672988,-71.55371602402967,-71.55371602402967
1143.5700320672988,-71.54384520939347,-71.54384520939347
1143.5800320672988,-71.53390162887996,-71.53390162887996
1143.5900320672988,-71.52388685517987,-71.52388685517987
1143.6000320672988,-71.51380248504297,-71.51380248504297
1143.6100320672988,-71.50365013394115,-71.50365013394115
1143.6200320672988,-71.49343143139735,-71.49343143139735
1143.630032067299,-71.48314801681413,-71.48314801681413
1143.640032067299,-71.47280153587432,-71.47280153587432
1143.650032067299,-71.46239363735225,-71.46239363735225
1143.660032067299,-71.45192597029025,-71.45192597029025
1143.670032067299,-71.44140018152129,-71.44140018152129
1143.680032067299,-71.43081791350167,-71.43081791350167
1143.690032067299,-71.42018080237779,-71.42018080237779
1143.700032067299,-71.40949047632225,-71.40949047632225
1143.710032067299,-71.39874855402893,-71.39874855402893
1143.720032067299,-71.38795664342578,-71.38795664342578
1143.730032067299,-71.37711634053997,-71.37711634053997
1143.740032067299,-71.36622922847862,-71.36622922847862
1143.750032067299,-71.35529687659327,-71.35529687659327
1143.7600320672989,-71.34432083968984,-71.34432083968984
1143.7700320672989,-71.33330265740273,-71.33330265740273
1143.7800320672989,-71.32224385359262,-71.32224385359262
1143.7900320672989,-71.31114593591253,-71.31114593591253
1143.8000320672988,-71.30001039534638,-71.30001039534638
1143.8100320672988,-71.28883870587433,-71.28883870587433
1143.8200320672988,-71.27763232418401,-71.27763232418401
1143.8300320672988,-71.26639268945407,-71.26639268945407
1143.8400320672988,-71.25512122311224,-71.25512122311224
1143.8500320672988,-71.24381932871275,-71.24381932871275
1143.8600320672988,-71.2324883918113,-71.2324883918113
1143.8700320672988,-71.22112977989401,-71.22112977989401
1143.880032067299,-71.20974484230688,-71.20974484230688
1143.890032067299,-71.1983349102431,-71.1983349102431
1143.900032067299,-71.1869012967266,-71.1869012967266
1143.910032067299,-71.1754452966337,-71.1754452966337
1143.920032067299,-71.16396818673981,-71.16396818673981
1143.930032067299,-71.15247122577131,-71.15247122577131
1143.940032067299,-71.14095565445805,-71.14095565445805
1143.950032067299,-71.12942269564324,-71.12942269564324
1143.960032067299,-71.11786737926,-71.11786737926
1143.970032067299,-71.10628820707602,-71.10628820707602
1143.980032067299,-71.09468505681154,-71.09468505681154
1143.990032067299,-71.08305843302998,-71.08305843302998
1144.000032067299,-71.07140918157887,-71.07140918157887
1144.0100320672989,-71.05973834131889,-71.05973834131889
1144.0200320672989,-71.04804705724848,-71.04804705724848
1144.0300320672989,-71.03633652832,-71.03633652832
1144.0400320672989,-71.02460797608704,-71.02460797608704
1144.0500320672988,-71.01286262598008,-71.01286262598008
1144.0600320672988,-71.00110169624588,-71.00110169624588
1144.0700320672988,-70.98932639148344,-70.98932639148344
1144.0800320672988,-70.97753789906405,-70.97753789906405
1144.0900320672988,-70.96573738725999,-70.96573738725999
1144.1000320911407,-70.95392597628364,-70.95392597628364
1144.1100320911407,-70.94210485057847,-70.94210485057847
1144.1200320911407,-70.93027509031722,-70.93027509031722
1144.1300320911407,-70.91843778411004,-70.91843778411004
1144.1400320911407,-70.90659400140481,-70.90659400140481
1144.1500320911407,-70.89474479297415,-70.89474479297415
1144.1600320911407,-70.88289119141886,-70.88289119141886
1144.1700320911407,-70.87103421165529,-70.87103421165529
1144.1800320911407,-70.85917485136608,-70.85917485136608
1144.1900320911407,-70.8473140914143,-70.8473140914143
1144.2000320911407,-70.83545289627264,-70.83545289627264
1144.2100320911406,-70.82359221437814,-70.82359221437814
1144.2200320911406,-70.81173297847297,-70.81173297847297
1144.2300320911409,-70.79987610591418,-70.79987610591418
1144.2400320911408,-70.78802249898645,-70.78802249898645
1144.2500320911408,-70.77617304515842,-70.77617304515842
1144.2600320911408,-70.7643286173419,-70.7643286173419
1144.2700320911408,-70.75249007413382,-70.75249007413382
1144.2800320911408,-70.74065826005034,-70.74065826005034
1144.2900320911408,-70.72883400572266,-70.72883400572266
1144.3000320911408,-70.71701812812147,-70.71701812812147
1144.3100320911408,-70.70521143074083,-70.70521143074083
1144.3200320911408,-70.69341470380247,-70.69341470380247
1144.3300320911408,-70.68162872440936,-70.68162872440936
1144.3400320911408,-70.66985425673866,-70.66985425673866
1144.3500320911407,-70.65809205223314,-70.65809205223314
1144.3600320911407,-70.64634284971034,-70.64634284971034
1144.3700320911407,-70.63460737558725,-70.63460737558725
1144.3800320911407,-70.62288634400028,-70.62288634400028
1144.3900320911407,-70.61118045696877,-70.61118045696877
1144.4000320911407,-70.59949040455074,-70.59949040455074
1144.4100320911407,-70.58781686499266,-70.58781686499266
1144.4200320911407,-70.57616050486646,-70.57616050486646
1144.4300320911407,-70.5645219792442,-70.5645219792442
1144.4400320911407,-70.55290193180456,-70.55290193180456
1144.4500320911407,-70.54130099499088,-70.54130099499088
1144.4600320911406,-70.52971979014954,-70.52971979014954
1144.4700320911406,-70.51815892768322,-70.51815892768322
1144.4800320911409,-70.50661900715838,-70.50661900715838
1144.4900320911408,-70.49510061747476,-70.49510061747476
1144.5000320911408,-70.48360433695548,-70.48360433695548
1144.5100320911408,-70.47213073352542,-70.47213073352542
1144.5200320911408,-70.46068036482114,-70.46068036482114
1144.5300320911408,-70.44925377831397,-70.44925377831397
1144.5400320911408,-70.43785151145234,-70.43785151145234
1144.5500320911408,-70.42647409178768,-70.42647409178768
1144.5600320911408,-70.4151220370884,-70.4151220370884
1144.5700320911408,-70.40379585549056,-70.40379585549056
1144.5800320911408,-70.39249604559218,-70.39249604559218
1144.5900320911408,-70.38122309659622,-70.38122309659622
1144.6000320911407,-70.3699774884285,-70.3699774884285
1144.6100320911407,-70.35875969186937,-70.35875969186937
1144.6200320911407,-70.34757016863738,-70.34757016863738
1144.6300320911407,-70.33640937155407,-70.33640937155407
1144.6400320911407,-70.32527774463146,-70.32527774463146
1144.6500320911407,-70.3141757231973,-70.3141757231973
1144.6600320911407,-70.30310373401726,-70.30310373401726
1144.6700320911407,-70.29206219540292,-70.29206219540292
1144.6800320911407,-70.28105151731488,-70.28105151731488
1144.6900320911407,-70.27007210149178,-70.27007210149178
1144.7000320911407,-70.25912434155887,-70.25912434155887
1144.7100320911406,-70.24820862312951,-70.24820862312951
1144.7200320911406,-70.23732532391192,-70.23732532391192
1144.7300320911409,-70.22647481384229,-70.22647481384229
1144.7400320911408,-70.21565745515541,-70.21565745515541
1144.7500320911408,-70.2048736025162,-70.2048736025162
1144.7600320911408,-70.19412360312273,-70.19412360312273
1144.7700320911408,-70.18340779678346,-70.18340779678346
1144.7800320911408,-70.17272651605059,-70.17272651605059
1144.7900320911408,-70.16208008631185,-70.16208008631185
1144.8000320911408,-70.15146882587591,-70.15146882587591
1144.8100320911408,-70.14089304610222,-70.14089304610222
1144.8200320911408,-70.13035305146343,-70.13035305146343
1144.8300320911408,-70.11984913967062,-70.11984913967062
1144.8400320911408,-70.10938160175255,-70.10938160175255
1144.8500320911407,-70.09895072215421,-70.09895072215421
1144.8600320911407,-70.0885567788381,-70.0885567788381
1144.8700320911407,-70.07820004336486,-70.07820004336486
1144.8800320911407,-70.06788078098651,-70.06788078098651
1144.8900320911407,-70.05759925075468,-70.05759925075468
1144.9000320911407,-70.0473557055856,-70.0473557055856
1144.9100320911407,-70.03715039235189,-70.03715039235189
1144.9200320911407,-70.02698355199671,-70.02698355199671
1144.9300320911407,-70.01685541958142,-70.01685541958142
1144.9400320911407,-70.00676622440305,-70.00676622440305
1144.9500321149826,-69.9967161661248,-69.9967161661248
1144.9600321149826,-69.98670551070626,-69.98670551070626
1144.9700321149826,-69.97673444655379,-69.97673444655379
1144.9800321149826,-69.96680318067547,-69.96680318067547
1144.9900321149826,-69.9569119147254,-69.9569119147254
1145.0000321149826,-69.9470608450616,-69.9470608450616
1145.0100321149826,-69.93725016282004,-69.93725016282004
1145.0200321149825,-69.92748005401583,-69.92748005401583
1145.0300321149825,-69.91775069960129,-69.91775069960129
1145.0400321149825,-69.90806227555453,-69.90806227555453
1145.0500321149825,-69.89841495293842,-69.89841495293842
1145.0600321149825,-69.88880889798395,-69.88880889798395
1145.0700321149825,-69.87924427216922,-69.87924427216922
1145.0800321149827,-69.86972123226484,-69.86972123226484
1145.0900321149827,-69.86023993043834,-69.86023993043834
1145.1000321149827,-69.85080051429794,-69.85080051429794
1145.1100321149827,-69.8414031269711,-69.8414031269711
1145.1200321149827,-69.83204790717532,-69.83204790717532
1145.1300321149827,-69.82273498928072,-69.82273498928072
1145.1400321149827,-69.81346450337305,-69.81346450337305
1145.1500321149827,-69.80423657532496,-69.80423657532496
1145.1600321149826,-69.79505132685819,-69.79505132685819
1145.1700321149826,-69.78590887560446,-69.78590887560446
1145.1800321149826,-69.77680933517576,-69.77680933517576
1145.1900321149826,-69.76775281521442,-69.76775281521442
1145.2000321149826,-69.75873942146356,-69.75873942146356
1145.2100321149826,-69.74976925582592,-69.74976925582592
1145.2200321149826,-69.74084241641802,-69.74084241641802
1145.2300321149826,-69.7319589976281,-69.7319589976281
1145.2400321149826,-69.72311909018157,-69.72311909018157
1145.2500321149826,-69.71432278119342,-69.71432278119342
1145.2600321149826,-69.70557015422386,-69.70557015422386
1145.2700321149825,-69.69686128933958,-69.69686128933958
1145.2800321149825,-69.68819626315292,-69.68819626315292
1145.2900321149825,-69.67957514889503,-69.67957514889503
1145.3000321149825,-69.6709980164581,-69.6709980164581
1145.3100321149825,-69.66246493244313,-69.66246493244313
1145.3200321149825,-69.6539759602306,-69.6539759602306
1145.3300321149827,-69.64553115999645,-69.64553115999645
1145.3400321149827,-69.63713058881777,-69.63713058881777
1145.3500321149827,-69.62877430066274,-69.62877430066274
1145.3600321149827,-69.62046234648064,-69.62046234648064
1145.3700321149827,-69.61219477422188,-69.61219477422188
1145.3800321149827,-69.60397162891749,-69.60397162891749
1145.3900321149827,-69.59579295268352,-69.59579295268352
1145.4000321149827,-69.58765878481792,-69.58765878481792
1145.4100321149826,-69.57956916179643,-69.57956916179643
1145.4200321149826,-69.57152411735014,-69.57152411735014
1145.4300321149826,-69.56352368250087,-69.56352368250087
1145.4400321149826,-69.55556788561145,-69.55556788561145
1145.4500321149826,-69.54765675240156,-69.54765675240156
1145.4600321149826,-69.53979030603071,-69.53979030603071
1145.4700321149826,-69.53196856710512,-69.53196856710512
1145.4800321149826,-69.52419155373451,-69.52419155373451
1145.4900321149826,-69.51645928157942,-69.51645928157942
1145.5000321149826,-69.50877176387431,-69.50877176387431
1145.5100321149826,-69.50112901148444,-69.50112901148444
1145.5200321149825,-69.4935310329267,-69.4935310329267
1145.5300321149825,-69.48597783442139,-69.48597783442139
1145.5400321149825,-69.47846941992951,-69.47846941992951
1145.5500321149825,-69.47100579118704,-69.47100579118704
1145.5600321149825,-69.46358694773568,-69.46358694773568
1145.5700321149825,-69.45621288696694,-69.45621288696694
1145.5800321149827,-69.4488836041595,-69.4488836041595
1145.5900321149827,-69.44159909250328,-69.44159909250328
1145.6000321149827,-69.43435934314215,-69.43435934314215
1145.6100321149827,-69.42716434521982,-69.42716434521982
1145.6200321149827,-69.420014085889,-69.420014085889
1145.6300321149827,-69.41290855035525,-69.41290855035525
1145.6400321149827,-69.40584772192696,-69.40584772192696
1145.6500321149827,-69.39883158201178,-69.39883158201178
1145.6600321149826,-69.3918601101811,-69.3918601101811
1145.6700321149826,-69.38493328418322,-69.38493328418322
1145.6800321149826,-69.37796535429933,-69.37796535429933
1145.6900321149826,-69.37092280651767,-69.37092280651767
1145.7000321149826,-69.36379164992427,-69.36379164992427
1145.7100321149826,-69.35656624281437,-69.35656624281437
1145.7200321149826,-69.34924530177825,-69.34924530177825
1145.7300321149826,-69.34183001641642,-69.34183001641642
1145.7400321149826,-69.33432299111693,-69.33432299111693
1145.7500321149826,-69.32672760889514,-69.32672760889514
1145.7600321149826,-69.31904764163887,-69.31904764163887
1145.7700321149825,-69.31128701195821,-69.31128701195821
1145.7800321149825,-69.30344964991981,-69.30344964991981
1145.7900321149825,-69.29553940932729,-69.29553940932729
1145.8000321388245,-69.28756000231684,-69.28756000231684
1145.8100321388245,-69.27951505176561,-69.27951505176561
1145.8200321388244,-69.27140796916633,-69.27140796916633
1145.8300321388244,-69.26324202888487,-69.26324202888487
1145.8400321388244,-69.25502035392506,-69.25502035392506
1145.8500321388244,-69.24674592281352,-69.24674592281352
1145.8600321388244,-69.23842157781354,-69.23842157781354
1145.8700321388244,-69.23005003355627,-69.23005003355627
1145.8800321388244,-69.221633885584,-69.221633885584
1145.8900321388244,-69.21317561858386,-69.21317561858386
1145.9000321388244,-69.2046776140831,-69.2046776140831
1145.9100321388244,-69.19614215762044,-69.19614215762044
1145.9200321388244,-69.18757144532118,-69.18757144532118
1145.9300321388246,-69.17896758994696,-69.17896758994696
1145.9400321388246,-69.17033262638671,-69.17033262638671
1145.9500321388246,-69.16166851670008,-69.16166851670008
1145.9600321388245,-69.15297715467885,-69.15297715467885
1145.9700321388245,-69.14426037002977,-69.14426037002977
1145.9800321388245,-69.13551993218476,-69.13551993218476
1145.9900321388245,-69.12675755378682,-69.12675755378682
1146.0000321388245,-69.11797489384006,-69.11797489384006
1146.0100321388245,-69.10917356065156,-69.10917356065156
1146.0200321388245,-69.10035511449684,-69.10035511449684
1146.0300321388245,-69.09152107003327,-69.09152107003327
1146.0400321388245,-69.08267289860026,-69.08267289860026
1146.0500321388245,-69.07381203026279,-69.07381203026279
1146.0600321388245,-69.0649398557347,-69.0649398557347
1146.0700321388244,-69.0560577281372,-69.0560577281372
1146.0800321388244,-69.04716696463947,-69.04716696463947
1146.0900321388244,-69.03826884796862,-69.03826884796862
1146.1000321388244,-69.02936462781668,-69.02936462781668
1146.1100321388244,-69.02045552212563,-69.02045552212563
1146.1200321388244,-69.01154271835702,-69.01154271835702
1146.1300321388244,-69.00262737455473,-69.00262737455473
1146.1400321388244,-68.9937106204531,-68.9937106204531
1146.1500321388244,-68.98479355844238,-68.98479355844238
1146.1600321388244,-68.97587726449983,-68.97587726449983
1146.1700321388244,-68.96696278906751,-68.96696278906751
1146.1800321388246,-68.95805115785373,-68.95805115785373
1146.1900321388246,-68.94914337261702,-68.94914337261702
1146.2000321388246,-68.94024041187691,-68.94024041187691
1146.2100321388245,-68.93134323161935,-68.93134323161935
1146.2200321388245,-68.92245276591844,-68.92245276591844
1146.2300321388245,-68.91356992756025,-68.91356992756025
1146.2400321388245,-68.90469560863029,-68.90469560863029
1146.2500321388245,-68.89583068105712,-68.89583068105712
1146.2600321388245,-68.88697599714548,-68.88697599714548
1146.2700321388245,-68.87813239006387,-68.87813239006387
1146.2800321388245,-68.86930067434585,-68.86930067434585
1146.2900321388245,-68.86048164632322,-68.86048164632322
1146.3000321388245,-68.85167608458022,-68.85167608458022
1146.3100321388245,-68.84288475035541,-68.84288475035541
1146.3200321388244,-68.83410838795504,-68.83410838795504
1146.3300321388244,-68.82534772514572,-68.82534772514572
1146.3400321388244,-68.81660347350794,-68.81660347350794
1146.3500321388244,-68.80787632881918,-68.80787632881918
1146.3600321388244,-68.79916697135569,-68.79916697135569
1146.3700321388244,-68.7904760662797,-68.7904760662797
1146.3800321388244,-68.78180426390885,-68.78180426390885
1146.3900321388244,-68.77315220006625,-68.77315220006625
1146.4000321388244,-68.76452049637189,-68.76452049637189
1146.4100321388244,-68.7559097605149,-68.7559097605149
1146.4200321388244,-68.74732058656384,-68.74732058656384
1146.4300321388246,-68.73875355521385,-68.73875355521385
1146.4400321388246,-68.73020923408443,-68.73020923408443
1146.4500321388246,-68.72168817795036,-68.72168817795036
1146.4600321388245,-68.7131909290094,-68.7131909290094
1146.4700321388245,-68.7047180171245,-68.7047180171245
1146.4800321388245,-68.69626996006538,-68.69626996006538
1146.4900321388245,-68.6878472637279,-68.6878472637279
1146.5000321388245,-68.67945042238318,-68.67945042238318
1146.5100321388245,-68.67107991888388,-68.67107991888388
1146.5200321388245,-68.66273622488114,-68.66273622488114
1146.5300321388245,-68.65441980103965,-68.65441980103965
1146.5400321388245,-68.64613109724914,-68.64613109724914
1146.5500321388245,-68.63787055281665,-68.63787055281665
1146.5600321388245,-68.62963859666617,-68.62963859666617
1146.5700321388244,-68.62143564754044,-68.62143564754044
1146.5800321388244,-68.61326211417628,-68.61326211417628
1146.5900321388244,-68.60511839549756,-68.60511839549756
1146.6000321388244,-68.5970048807924,-68.5970048807924
1146.6100321388244,-68.58892194988914,-68.58892194988914
1146.6200321388244,-68.58086997334428,-68.58086997334428
1146.6300321388244,-68.57284931259373,-68.57284931259373
1146.6400321388244,-68.56486032012776,-68.56486032012776
1146.6500321626663,-68.55690332070739,-68.55690332070739
1146.6600321626663,-68.54897868737336,-68.54897868737336
1146.6700321626663,-68.54108672772998,-68.54108672772998
1146.6800321626663,-68.5332277600877,-68.5332277600877
1146.6900321626663,-68.52540209458576,-68.52540209458576
1146.7000321626663,-68.5176100333563,-68.5176100333563
1146.7100321626663,-68.5098518706618,-68.5098518706618
1146.7200321626663,-68.50212789303887,-68.50212789303887
1146.7300321626662,-68.49443837943974,-68.49443837943974
1146.7400321626662,-68.48678360137542,-68.48678360137542
1146.7500321626662,-68.479163823036,-68.479163823036
1146.7600321626662,-68.47157930143155,-68.47157930143155
1146.7700321626662,-68.4640302865194,-68.4640302865194
1146.7800321626664,-68.45651702134742,-68.45651702134742
1146.7900321626664,-68.44903974215184,-68.44903974215184
1146.8000321626664,-68.44159867849127,-68.44159867849127
1146.8100321626664,-68.43419405338526,-68.43419405338526
1146.8200321626664,-68.42682608340618,-68.42682608340618
1146.8300321626664,-68.41949497881579,-68.41949497881579
1146.8400321626664,-68.41220094366074,-68.41220094366074
1146.8500321626664,-68.40494417590149,-68.40494417590149
1146.8600321626664,-68.39772486752102,-68.39772486752102
1146.8700321626663,-68.39054320461842,-68.39054320461842
1146.8800321626663,-68.38339936753528,-68.38339936753528
1146.8900321626663,-68.37629353094461,-68.37629353094461
1146.9000321626663,-68.3692258639603,-68.3692258639603
1146.9100321626663,-68.3621965302405,-68.3621965302405
1146.9200321626663,-68.35520568808172,-68.35520568808172
1146.9300321626663,-68.34825349051795,-68.34825349051795
1146.9400321626663,-68.3413400854155,-68.3413400854155
1146.9500321626663,-68.33446561557047,-68.33446561557047
1146.9600321626663,-68.32763021880238,-68.32763021880238
1146.9700321626663,-68.32083402803391,-68.32083402803391
1146.9800321626662,-68.3140771713849,-68.3140771713849
1146.9900321626662,-68.30735977227071,-68.30735977227071
1147.0000321626662,-68.30068194947832,-68.30068194947832
1147.0100321626662,-68.2940438172469,-68.2940438172469
1147.0200321626662,-68.2874454853637,-68.2874454853637
1147.0300321626664,-68.28088705923689,-68.28088705923689
1147.0400321626664,-68.27436863997261,-68.27436863997261
1147.0500321626664,-68.26789032446507,-68.26789032446507
1147.0600321626664,-68.26145220545953,-68.26145220545953
1147.0700321626664,-68.25505437164655,-68.25505437164655
1147.0800321626664,-68.24869690770969,-68.24869690770969
1147.0900321626664,-68.24237989443526,-68.24237989443526
1147.1000321626664,-68.23610340875352,-68.23610340875352
1147.1100321626664,-68.22986752383066,-68.22986752383066
1147.1200321626663,-68.22367230910893,-68.22367230910893
1147.1300321626663,-68.21751783041294,-68.21751783041294
1147.1400321626663,-68.21140414999849,-68.21140414999849
1147.1500321626663,-68.20533132660752,-68.20533132660752
1147.1600321626663,-68.19929941555448,-68.19929941555448
1147.1700321626663,-68.19330846877585,-68.19330846877585
1147.1800321626663,-68.1873585348957,-68.1873585348957
1147.1900321626663,-68.18144965929544,-68.18144965929544
1147.2000321626663,-68.17558188416186,-68.17558188416186
1147.2100321626663,-68.1697493351494,-68.1697493351494
1147.2200321626663,-68.16394947877518,-68.16394947877518
1147.2300321626662,-68.15818111268483,-68.15818111268483
1147.2400321626662,-68.15244364765086,-68.15244364765086
1147.2500321626662,-68.14673683404118,-68.14673683404118
1147.2600321626662,-68.14106061991076,-68.14106061991076
1147.2700321626662,-68.13541506780781,-68.13541506780781
1147.2800321626664,-68.12980030482875,-68.12980030482875
1147.2900321626664,-68.12421649258047,-68.12421649258047
1147.3000321626664,-68.1186638092357,-68.1186638092357
1147.3100321626664,-68.11314243884028,-68.11314243884028
1147.3200321626664,-68.1076525651236,-68.1076525651236
1147.3300321626664,-68.10219436799339,-68.10219436799339
1147.3400321626664,-68.09676802165734,-68.09676802165734
1147.3500321626664,-68.0913736937414,-68.0913736937414
1147.3600321626664,-68.08601154503478,-68.08601154503478
1147.3700321626663,-68.0806817295164,-68.0806817295164
1147.3800321626663,-68.07538439460266,-68.07538439460266
1147.3900321626663,-68.07011968148505,-68.07011968148505
1147.4000321626663,-68.06488772547586,-68.06488772547586
1147.4100321626663,-68.059688656408,-68.059688656408
1147.4200321626663,-68.05452259894994,-68.05452259894994
1147.4300321626663,-68.04938967295604,-68.04938967295604
1147.4400321626663,-68.04428999375938,-68.04428999375938
1147.4500321626663,-68.03922367242446,-68.03922367242446
1147.4600321626663,-68.03419081600677,-68.03419081600677
1147.4700321626663,-68.02919152772897,-68.02919152772897
1147.4800321626662,-68.02422590718696,-68.02422590718696
1147.4900321626662,-68.01929405050305,-68.01929405050305
1147.5000321865082,-68.01439603881526,-68.01439603881526
1147.5100321865082,-68.00953198511453,-68.00953198511453
1147.5200321865082,-68.00470196411968,-68.00470196411968
1147.5300321865082,-67.99990605932884,-67.99990605932884
1147.5400321865081,-67.99514435130978,-67.99514435130978
1147.5500321865081,-67.99041691780816,-67.99041691780816
1147.5600321865081,-67.98572383379471,-67.98572383379471
1147.5700321865081,-67.98106517151989,-67.98106517151989
1147.580032186508,-67.976441000587,-67.976441000587
1147.590032186508,-67.97185138800073,-67.97185138800073
1147.600032186508,-67.96729639820668,-67.96729639820668
1147.610032186508,-67.96277609312733,-67.96277609312733
1147.620032186508,-67.95829053222255,-67.95829053222255
1147.6300321865083,-67.95383977250196,-67.95383977250196
1147.6400321865083,-67.94942386856982,-67.94942386856982
1147.6500321865083,-67.94504287266764,-67.94504287266764
1147.6600321865083,-67.94069683468145,-67.94069683468145
1147.6700321865083,-67.93638580219015,-67.93638580219015
1147.6800321865082,-67.93210982048673,-67.93210982048673
1147.6900321865082,-67.92786893260106,-67.92786893260106
1147.7000321865082,-67.92366317933781,-67.92366317933781
1147.7100321865082,-67.91949259928543,-67.91949259928543
1147.7200321865082,-67.91535722886422,-67.91535722886422
1147.7300321865082,-67.91125710233122,-67.91125710233122
1147.7400321865082,-67.9071922518032,-67.9071922518032
1147.7500321865082,-67.90316270729687,-67.90316270729687
1147.7600321865082,-67.8991684967367,-67.8991684967367
1147.7700321865082,-67.89520964599465,-67.89520964599465
1147.7800321865082,-67.89128617889519,-67.89128617889519
1147.7900321865081,-67.88739811725004,-67.88739811725004
1147.8000321865081,-67.88354548088327,-67.88354548088327
1147.8100321865081,-67.87972828763803,-67.87972828763803
1147.8200321865081,-67.87594655342528,-67.87594655342528
1147.830032186508,-67.87220029221686,-67.87220029221686
1147.840032186508,-67.86848951609485,-67.86848951609485
1147.850032186508,-67.86481423525949,-67.86481423525949
1147.860032186508,-67.86117445804643,-67.86117445804643
1147.870032186508,-67.85757019097184,-67.85757019097184
1147.8800321865083,-67.85400143873011,-67.85400143873011
1147.8900321865083,-67.85046820423442,-67.85046820423442
1147.9000321865083,-67.84697048863042,-67.84697048863042
1147.9100321865083,-67.84350829130817,-67.84350829130817
1147.9200321865083,-67.84008160995594,-67.84008160995594
1147.9300321865082,-67.83669044055559,-67.83669044055559
1147.9400321865082,-67.83333477740587,-67.83333477740587
1147.9500321865082,-67.83001461316346,-67.83001461316346
1147.9600321865082,-67.82672993883878,-67.82672993883878
1147.9700321865082,-67.82348074384635,-67.82348074384635
1147.9800321865082,-67.82026701599949,-67.82026701599949
1147.9900321865082,-67.81708874155669,-67.81708874155669
1148.0000321865082,-67.81394590523097,-67.81394590523097
1148.0100321865082,-67.81083849021157,-67.81083849021157
1148.0200321865082,-67.80776647818729,-67.80776647818729
1148.0300321865082,-67.80472984935965,-67.80472984935965
1148.0400321865081,-67.801728582487,-67.801728582487
1148.0500321865081,-67.79876265488205,-67.79876265488205
1148.0600321865081,-67.79583204244462,-67.79583204244462
1148.0700321865081,-67.79293671968763,-67.79293671968763
1148.080032186508,-67.79007665974297,-67.79007665974297
1148.090032186508,-67.787251834398,-67.787251834398
1148.100032186508,-67.78446221410265,-67.78446221410265
1148.110032186508,-67.78170776799318,-67.78170776799318
1148.120032186508,-67.77898846393975,-67.77898846393975
1148.1300321865083,-67.7763042685065,-67.7763042685065
1148.1400321865083,-67.77365514704165,-67.77365514704165
1148.1500321865083,-67.77104106364288,-67.77104106364288
1148.1600321865083,-67.76846198120529,-67.76846198120529
1148.1700321865083,-67.76591786143592,-67.76591786143592
1148.1800321865082,-67.76340866487254,-67.76340866487254
1148.1900321865082,-67.76093435089264,-67.76093435089264
1148.2000321865082,-67.75849487775491,-67.75849487775491
1148.2100321865082,-67.7560902025943,-67.7560902025943
1148.2200321865082,-67.75372028146563,-67.75372028146563
1148.2300321865082,-67.75138506932707,-67.75138506932707
1148.2400321865082,-67.74908452010231,-67.74908452010231
1148.2500321865082,-67.74681858666615,-67.74681858666615
1148.2600321865082,-67.74458722087097,-67.74458722087097
1148.2700321865082,-67.74239037357104,-67.74239037357104
1148.2800321865082,-67.74022799463376,-67.74022799463376
1148.2900321865081,-67.73810003296128,-67.73810003296128
1148.3000321865081,-67.73600643650603,-67.73600643650603
1148.3100321865081,-67.73394715228648,-67.73394715228648
1148.3200321865081,-67.73192212640517,-67.73192212640517
1148.330032186508,-67.7299313040688,-67.7299313040688
1148.340032186508,-67.72797462960489,-67.72797462960489
1148.35003221035,-67.72605204190329,-67.72605204190329
1148.36003221035,-67.72416349281906,-67.72416349281906
1148.37003221035,-67.7223089194216,-67.7223089194216
1148.38003221035,-67.72048826268559,-67.72048826268559
1148.39003221035,-67.71870146276434,-67.71870146276434
1148.40003221035,-67.71694845903711,-67.71694845903711
1148.41003221035,-67.71522919009738,-67.71522919009738
1148.42003221035,-67.71354359379059,-67.71354359379059
1148.43003221035,-67.711891607226,-67.711891607226
1148.44003221035,-67.71027316676965,-67.71027316676965
1148.45003221035,-67.70868820809366,-67.70868820809366
1148.46003221035,-67.70713666616152,-67.70713666616152
1148.47003221035,-67.70561847525694,-67.70561847525694
1148.4800322103501,-67.7041335690017,-67.7041335690017
1148.4900322103501,-67.70268188035307,-67.70268188035307
1148.5000322103501,-67.70126334163285,-67.70126334163285
1148.5100322103501,-67.69987788453129,-67.69987788453129
1148.52003221035,-67.6985254401278,-67.6985254401278
1148.53003221035,-67.69720593889757,-67.69720593889757
1148.54003221035,-67.69591931072239,-67.69591931072239
1148.55003221035,-67.69466548491907,-67.69466548491907
1148.56003221035,-67.69344439023337,-67.69344439023337
1148.57003221035,-67.69225595486463,-67.69225595486463
1148.58003221035,-67.69110010647928,-67.69110010647928
1148.59003221035,-67.68997677219781,-67.68997677219781
1148.60003221035,-67.6888858786462,-67.6888858786462
1148.61003221035,-67.68782735193827,-67.68782735193827
1148.62003221035,-67.6868011177049,-67.6868011177049
1148.63003221035,-67.68580710108097,-67.68580710108097
1148.64003221035,-67.68484522675658,-67.68484522675658
1148.65003221035,-67.68391541894671,-67.68391541894671
1148.66003221035,-67.68301760142383,-67.68301760142383
1148.67003221035,-67.68215169752581,-67.68215169752581
1148.68003221035,-67.68131763017261,-67.68131763017261
1148.69003221035,-67.68051532185345,-67.68051532185345
1148.70003221035,-67.6797446946773,-67.6797446946773
1148.71003221035,-67.6790056703398,-67.6790056703398
1148.72003221035,-67.67829817015988,-67.67829817015988
1148.7300322103501,-67.67762211508058,-67.67762211508058
1148.7400322103501,-67.6769774256867,-67.6769774256867
1148.7500322103501,-67.6763640222054,-67.6763640222054
1148.7600322103501,-67.67578182451089,-67.67578182451089
1148.77003221035,-67.6752307521552,-67.6752307521552
1148.78003221035,-67.67471072435917,-67.67471072435917
1148.79003221035,-67.67422166002352,-67.67422166002352
1148.80003221035,-67.67376347774055,-67.67376347774055
1148.81003221035,-67.67333609580633,-67.67333609580633
1148.82003221035,-67.67293943222035,-67.67293943222035
1148.83003221035,-67.67257340471224,-67.67257340471224
1148.84003221035,-67.67223793072539,-67.67223793072539
1148.85003221035,-67.67193292743364,-67.67193292743364
1148.86003221035,-67.67165831176813,-67.67165831176813
1148.87003221035,-67.67141400040056,-67.67141400040056
1148.88003221035,-67.67119990976546,-67.67119990976546
1148.89003221035,-67.67101595605561,-67.67101595605561
1148.90003221035,-67.6708620552434,-67.6708620552434
1148.91003221035,-67.67073812308169,-67.67073812308169
1148.92003221035,-67.67064407511275,-67.67064407511275
1148.93003221035,-67.67057982668112,-67.67057982668112
1148.94003221035,-67.67054529291512,-67.67054529291512
1148.95003221035,-67.67054038877552,-67.67054038877552
1148.96003221035,-67.67056502902805,-67.67056502902805
1148.97003221035,-67.67061912826307,-67.67061912826307
1148.9800322103501,-67.67070260090559,-67.67070260090559
1148.9900322103501,-67.67081536121064,-67.67081536121064
1149.0000322103501,-67.67095732328558,-67.67095732328558
1149.0100322103501,-67.67112840108587,-67.67112840108587
1149.02003221035,-67.67132850842556,-67.67132850842556
1149.03003221035,-67.67155755896806,-67.67155755896806
1149.04003221035,-67.67181546626699,-67.67181546626699
1149.05003221035,-67.6721021437378,-67.6721021437378
1149.06003221035,-67.67241750467996,-67.67241750467996
1149.07003221035,-67.67276146228501,-67.67276146228501
1149.08003221035,-67.67313392962369,-67.67313392962369
1149.09003221035,-67.67353481967828,-67.67353481967828
1149.10003221035,-67.67396404532981,-67.67396404532981
1149.11003221035,-67.67442151936538,-67.67442151936538
1149.12003221035,-67.67490715449138,-67.67490715449138
1149.13003221035,-67.67542086334052,-67.67542086334052
1149.14003221035,-67.67596255845449,-67.67596255845449
1149.15003221035,-67.67653215232082,-67.67653215232082
1149.16003221035,-67.6771295573545,-67.6771295573545
1149.17003221035,-67.67775468591013,-67.67775468591013
1149.18003221035,-67.67840745029189,-67.67840745029189
1149.19003221035,-67.67908776275335,-67.67908776275335
1149.200032234192,-67.67979553720339,-67.67979553720339
1149.2100322341919,-67.68053068251076,-67.68053068251076
1149.2200322341919,-67.68129311237642,-67.68129311237642
1149.2300322341919,-67.68208273892218,-67.68208273892218
1149.2400322341919,-67.682899474215,-67.682899474215
1149.2500322341918,-67.68374323032002,-67.68374323032002
1149.2600322341918,-67.68461391925959,-67.68461391925959
1149.2700322341918,-67.68551145305614,-67.68551145305614
1149.2800322341918,-67.68643574371042,-67.68643574371042
1149.2900322341918,-67.68738670322811,-67.68738670322811
1149.3000322341918,-67.68836424360983,-67.68836424360983
1149.3100322341918,-67.689368276857,-67.689368276857
1149.3200322341918,-67.6903987149709,-67.6903987149709
1149.330032234192,-67.69145546996982,-67.69145546996982
1149.340032234192,-67.692538453889,-67.692538453889
1149.350032234192,-67.69364757877224,-67.69364757877224
1149.360032234192,-67.69478275669346,-67.69478275669346
1149.370032234192,-67.69594389973408,-67.69594389973408
1149.380032234192,-67.69713092002233,-67.69713092002233
1149.390032234192,-67.69834372969962,-67.69834372969962
1149.400032234192,-67.69958224095393,-67.69958224095393
1149.410032234192,-67.70084636601082,-67.70084636601082
1149.420032234192,-67.70213601713272,-67.70213601713272
1149.430032234192,-67.7034511066217,-67.7034511066217
1149.440032234192,-67.70479154683733,-67.70479154683733
1149.450032234192,-67.70615725018806,-67.70615725018806
1149.4600322341919,-67.70754812912877,-67.70754812912877
1149.4700322341919,-67.70896409617494,-67.70896409617494
1149.4800322341919,-67.71040506390193,-67.71040506390193
1149.4900322341919,-67.7118709449466,-67.7118709449466
1149.5000322341918,-67.71336165201018,-67.71336165201018
1149.5100322341918,-67.71487709786255,-67.71487709786255
1149.5200322341918,-67.71641719534654,-67.71641719534654
1149.5300322341918,-67.71798185737275,-67.71798185737275
1149.5400322341918,-67.71957099692709,-67.71957099692709
1149.5500322341918,-67.72118452708467,-67.72118452708467
1149.5600322341918,-67.72282236099572,-67.72282236099572
1149.5700322341918,-67.72448441188034,-67.72448441188034
1149.580032234192,-67.7261705930643,-67.7261705930643
1149.590032234192,-67.72788081796224,-67.72788081796224
1149.600032234192,-67.7296150000582,-67.7296150000582
1149.610032234192,-67.73137305294352,-67.73137305294352
1149.620032234192,-67.73315489032073,-67.73315489032073
1149.630032234192,-67.73496042595337,-67.73496042595337
1149.640032234192,-67.73678957373308,-67.73678957373308
1149.650032234192,-67.73864224764311,-67.73864224764311
1149.660032234192,-67.7405183617693,-67.7405183617693
1149.670032234192,-67.74241783031026,-67.74241783031026
1149.680032234192,-67.74434056757154,-67.74434056757154
1149.690032234192,-67.74628648795823,-67.74628648795823
1149.700032234192,-67.74825550599601,-67.74825550599601
1149.7100322341919,-67.75024164443458,-67.75024164443458
1149.7200322341919,-67.75224224648042,-67.75224224648042
1149.7300322341919,-67.75425598151409,-67.75425598151409
1149.7400322341919,-67.75628213211304,-67.75628213211304
1149.7500322341918,-67.758320322184,-67.758320322184
1149.7600322341918,-67.76037037583072,-67.76037037583072
1149.7700322341918,-67.76243223461968,-67.76243223461968
1149.7800322341918,-67.76450590789067,-67.76450590789067
1149.7900322341918,-67.76659144286613,-67.76659144286613
1149.8000322341918,-67.7686889067496,-67.7686889067496
1149.8100322341918,-67.77079837603237,-67.77079837603237
1149.8200322341918,-67.77291993026829,-67.77291993026829
1149.830032234192,-67.77505364852021,-67.77505364852021
1149.840032234192,-67.77719960740735,-67.77719960740735
1149.850032234192,-67.7793578801666,-67.7793578801666
1149.860032234192,-67.78152853628445,-67.78152853628445
1149.870032234192,-67.7837116414965,-67.7837116414965
1149.880032234192,-67.78590725791106,-67.78590725791106
1149.890032234192,-67.78811544428875,-67.78811544428875
1149.900032234192,-67.79033625634885,-67.79033625634885
1149.910032234192,-67.79256974704542,-67.79256974704542
1149.920032234192,-67.79481596685909,-67.79481596685909
1149.930032234192,-67.79707496406155,-67.79707496406155
1149.940032234192,-67.7993467849576,-67.7993467849576
1149.950032234192,-67.80163147407258,-67.80163147407258
1149.9600322341919,-67.80392907433449,-67.80392907433449
1149.9700322341919,-67.80623962724172,-67.80623962724172
1149.9800322341919,-67.80856317299028,-67.80856317299028
1149.9900322341919,-67.8108997505611,-67.8108997505611
1150.0000322341918,-67.81324939783603,-67.81324939783603
1150.0100322341918,-67.81561215167794,-67.81561215167794
1150.0200322341918,-67.81798804797222,-67.81798804797222
1150.0300322341918,-67.82037712169647,-67.82037712169647
1150.0400322341918,-67.82277940695847,-67.82277940695847
1150.0500322580338,-67.82519494279192,-67.82519494279192
1150.0600322580337,-67.82762375019469,-67.82762375019469
1150.0700322580337,-67.83006586652898,-67.83006586652898
1150.0800322580337,-67.83252132271181,-67.83252132271181
1150.0900322580337,-67.83499014888774,-67.83499014888774
1150.1000322580337,-67.83747237446838,-67.83747237446838
1150.1100322580337,-67.83996802810168,-67.83996802810168
1150.1200322580337,-67.84247713770495,-67.84247713770495
1150.1300322580337,-67.84499973046371,-67.84499973046371
1150.1400322580337,-67.84753583282496,-67.84753583282496
1150.1500322580337,-67.85008547049974,-67.85008547049974
1150.1600322580337,-67.852648668452,-67.852648668452
1150.1700322580336,-67.8552254509295,-67.8552254509295
1150.1800322580339,-67.85781584141046,-67.85781584141046
1150.1900322580339,-67.86041986264719,-67.86041986264719
1150.2000322580338,-67.8630375366378,-67.8630375366378
1150.2100322580338,-67.86566888463379,-67.86566888463379
1150.2200322580338,-67.86831392712305,-67.86831392712305
1150.2300322580338,-67.87097268384021,-67.87097268384021
1150.2400322580338,-67.8736451737644,-67.8736451737644
1150.2500322580338,-67.87633141510577,-67.87633141510577
1150.2600322580338,-67.87903142531079,-67.87903142531079
1150.2700322580338,-67.88174522105656,-67.88174522105656
1150.2800322580338,-67.88447281825493,-67.88447281825493
1150.2900322580338,-67.8872142320457,-67.8872142320457
1150.3000322580338,-67.88996947679064,-67.88996947679064
1150.3100322580337,-67.89273856608729,-67.89273856608729
1150.3200322580337,-67.89552151275376,-67.89552151275376
1150.3300322580337,-67.89831832883876,-67.89831832883876
1150.3400322580337,-67.9011290256119,-67.9011290256119
1150.3500322580337,-67.90395361356873,-67.90395361356873
1150.3600322580337,-67.90679210244645,-67.90679210244645
1150.3700322580337,-67.90964450119878,-67.90964450119878
1150.3800322580337,-67.91251081802129,-67.91251081802129
1150.3900322580337,-67.91539106033677,-67.91539106033677
1150.4000322580337,-67.91828523480453,-67.91828523480453
1150.4100322580337,-67.92119334732467,-67.92119334732467
1150.4200322580336,-67.92411540303725,-67.92411540303725
1150.4300322580339,-67.92705140632475,-67.92705140632475
1150.4400322580339,-67.93000136082492,-67.93000136082492
1150.4500322580338,-67.93296526942758,-67.93296526942758
1150.4600322580338,-67.93593722331934,-67.93593722331934
1150.4700322580338,-67.93891464172724,-67.93891464172724
1150.4800322580338,-67.94189627295766,-67.94189627295766
1150.4900322580338,-67.94488147960138,-67.94488147960138
1150.5000322580338,-67.94786996591507,-67.94786996591507
1150.5100322580338,-67.95086163629553,-67.95086163629553
1150.5200322580338,-67.9538565123152,-67.9538565123152
1150.5300322580338,-67.95685468288679,-67.95685468288679
1150.5400322580338,-67.95985627429285,-67.95985627429285
1150.5500322580338,-67.96286143220318,-67.96286143220318
1150.5600322580337,-67.96587031100806,-67.96587031100806
1150.5700322580337,-67.96888306752255,-67.96888306752255
1150.5800322580337,-67.97189985741956,-67.97189985741956
1150.5900322580337,-67.97492083328278,-67.97492083328278
1150.6000322580337,-67.97794614365172,-67.97794614365172
1150.6100322580337,-67.98097593265668,-67.98097593265668
1150.6200322580337,-67.98401033997483,-67.98401033997483
1150.6300322580337,-67.98704950100557,-67.98704950100557
1150.6400322580337,-67.99009354711485,-67.99009354711485
1150.6500322580337,-67.99314260593627,-67.99314260593627
1150.6600322580337,-67.99619680165289,-67.99619680165289
1150.6700322580336,-67.99925625530747,-67.99925625530747
1150.6800322580339,-68.00232108503798,-68.00232108503798
1150.6900322580339,-68.00539140633111,-68.00539140633111
1150.7000322580338,-68.00846733222532,-68.00846733222532
1150.7100322580338,-68.01154897347428,-68.01154897347428
1150.7200322580338,-68.01463643872009,-68.01463643872009
1150.7300322580338,-68.01772983463057,-68.01772983463057
1150.7400322580338,-68.02082926599991,-68.02082926599991
1150.7500322580338,-68.02393483583688,-68.02393483583688
1150.7600322580338,-68.02704664547439,-68.02704664547439
1150.7700322580338,-68.03016479459603,-68.03016479459603
1150.7800322580338,-68.0332893813382,-68.0332893813382
1150.7900322580338,-68.03642050228943,-68.03642050228943
1150.8000322580338,-68.03955825257034,-68.03955825257034
1150.8100322580337,-68.04270272583759,-68.04270272583759
1150.8200322580337,-68.04585401432658,-68.04585401432658
1150.8300322580337,-68.04901220886514,-68.04901220886514
1150.8400322580337,-68.05217739888019,-68.05217739888019
1150.8500322580337,-68.05534967244473,-68.05534967244473
1150.8600322580337,-68.05852911624989,-68.05852911624989
1150.8700322580337,-68.06171581563913,-68.06171581563913
1150.8800322580337,-68.0649098546135,-68.0649098546135
1150.8900322580337,-68.06811131582062,-68.06811131582062
1150.9000322818756,-68.07132028822846,-68.07132028822846
1150.9100322818756,-68.07453683656962,-68.07453683656962
1150.9200322818756,-68.0777610470971,-68.0777610470971
1150.9300322818756,-68.08099299714809,-68.08099299714809
1150.9400322818756,-68.08423276273585,-68.08423276273585
1150.9500322818756,-68.08748041854604,-68.08748041854604
1150.9600322818756,-68.09073011253068,-68.09073011253068
1150.9700322818755,-68.09397932745884,-68.09397932745884
1150.9800322818755,-68.09722687770446,-68.09722687770446
1150.9900322818755,-68.10047219288425,-68.10047219288425
1151.0000322818755,-68.10371504461654,-68.10371504461654
1151.0100322818755,-68.106955404654,-68.106955404654
1151.0200322818755,-68.11019336169477,-68.11019336169477
1151.0300322818757,-68.11342907144464,-68.11342907144464
1151.0400322818757,-68.11666272655891,-68.11666272655891
1151.0500322818757,-68.1198945386168,-68.1198945386168
1151.0600322818757,-68.123124727418,-68.123124727418
1151.0700322818757,-68.12635351467343,-68.12635351467343
1151.0800322818757,-68.12958112041626,-68.12958112041626
1151.0900322818757,-68.13280776103332,-68.13280776103332
1151.1000322818757,-68.1360336483279,-68.1360336483279
1151.1100322818756,-68.13925898911144,-68.13925898911144
1151.1200322818756,-68.14248398520878,-68.14248398520878
1151.1300322818756,-68.14570883357125,-68.14570883357125
1151.1400322818756,-68.14893372656361,-68.14893372656361
1151.1500322818756,-68.15215885223454,-68.15215885223454
1151.1600322818756,-68.15538439461007,-68.15538439461007
1151.1700322818756,-68.15861053399155,-68.15861053399155
1151.1800322818756,-68.1618374472035,-68.1618374472035
1151.1900322818756,-68.16506530783231,-68.16506530783231
1151.2000322818756,-68.16829428643491,-68.16829428643491
1151.2100322818756,-68.17152455072059,-68.17152455072059
1151.2200322818755,-68.17475626569541,-68.17475626569541
1151.2300322818755,-68.1779895937982,-68.1779895937982
1151.2400322818755,-68.18122469503527,-68.18122469503527
1151.2500322818755,-68.18446172704706,-68.18446172704706
1151.2600322818755,-68.18770084520744,-68.18770084520744
1151.2700322818755,-68.19094220269098,-68.19094220269098
1151.2800322818757,-68.19418595052394,-68.19418595052394
1151.2900322818757,-68.19743223764141,-68.19743223764141
1151.3000322818757,-68.20068121091815,-68.20068121091815
1151.3100322818757,-68.20393301520997,-68.20393301520997
1151.3200322818757,-68.20718779339126,-68.20718779339126
1151.3300322818757,-68.21044568634957,-68.21044568634957
1151.3400322818757,-68.21370683304448,-68.21370683304448
1151.3500322818757,-68.21697137049527,-68.21697137049527
1151.3600322818756,-68.22023943380809,-68.22023943380809
1151.3700322818756,-68.2235111561773,-68.2235111561773
1151.3800322818756,-68.22678666891574,-68.22678666891574
1151.3900322818756,-68.2300661014555,-68.2300661014555
1151.4000322818756,-68.23334958134093,-68.23334958134093
1151.4100322818756,-68.23663723425715,-68.23663723425715
1151.4200322818756,-68.23992918403934,-68.23992918403934
1151.4300322818756,-68.24322555265445,-68.24322555265445
1151.4400322818756,-68.24652646022521,-68.24652646022521
1151.4500322818756,-68.24983202505197,-68.24983202505197
1151.4600322818756,-68.25314236357698,-68.25314236357698
1151.4700322818755,-68.25645759044596,-68.25645759044596
1151.4800322818755,-68.25977781845042,-68.25977781845042
1151.4900322818755,-68.26310315860502,-68.26310315860502
1151.5000322818755,-68.26643372009437,-68.26643372009437
1151.5100322818755,-68.26976961031406,-68.26976961031406
1151.5200322818755,-68.27311093487101,-68.27311093487101
1151.5300322818757,-68.2764577975878,-68.2764577975878
1151.5400322818757,-68.27981030051535,-68.27981030051535
1151.5500322818757,-68.28316854394726,-68.28316854394726
1151.5600322818757,-68.28653262641699,-68.28653262641699
1151.5700322818757,-68.28990264470559,-68.28990264470559
1151.5800322818757,-68.29327869387001,-68.29327869387001
1151.5900322818757,-68.29666086724775,-68.29666086724775
1151.6000322818757,-68.30004925644376,-68.30004925644376
1151.6100322818756,-68.30344395137772,-68.30344395137772
1151.6200322818756,-68.30684504027022,-68.30684504027022
1151.6300322818756,-68.31025260966331,-68.31025260966331
1151.6400322818756,-68.31366674443478,-68.31366674443478
1151.6500322818756,-68.31708752780344,-68.31708752780344
1151.6600322818756,-68.3205150413422,-68.3205150413422
1151.6700322818756,-68.32394936500552,-68.32394936500552
1151.6800322818756,-68.32739057712368,-68.32739057712368
1151.6900322818756,-68.33083875442624,-68.33083875442624
1151.7000322818756,-68.33429397204335,-68.33429397204335
1151.7100322818756,-68.33775630354388,-68.33775630354388
1151.7200322818755,-68.3412258209392,-68.3412258209392
1151.7300322818755,-68.34470259467183,-68.34470259467183
1151.7400322818755,-68.34818669366832,-68.34818669366832
1151.7500323057175,-68.35167819365016,-68.35167819365016
1151.7600323057175,-68.35517714391332,-68.35517714391332
1151.7700323057175,-68.35868361713933,-68.35868361713933
1151.7800323057174,-68.36219767627486,-68.36219767627486
1151.7900323057174,-68.36571938279381,-68.36571938279381
1151.8000323057174,-68.36924879672576,-68.36924879672576
1151.8100323057174,-68.37278597667503,-68.37278597667503
1151.8200323057174,-68.37633097984155,-68.37633097984155
1151.8300323057174,-68.37988386200652,-68.37988386200652
1151.8400323057174,-68.38344467757616,-68.38344467757616
1151.8500323057174,-68.38701347960075,-68.38701347960075
1151.8600323057174,-68.39059031976328,-68.39059031976328
1151.8700323057174,-68.39417524842196,-68.39417524842196
1151.8800323057176,-68.39776831459604,-68.39776831459604
1151.8900323057176,-68.40136956601937,-68.40136956601937
1151.9000323057176,-68.40497904912216,-68.40497904912216
1151.9100323057176,-68.40859680906317,-68.40859680906317
1151.9200323057175,-68.41222288974295,-68.41222288974295
1151.9300323057175,-68.41585733381905,-68.41585733381905
1151.9400323057175,-68.41950018271187,-68.41950018271187
1151.9500323057175,-68.42315147664598,-68.42315147664598
1151.9600323057175,-68.42681125463162,-68.42681125463162
1151.9700323057175,-68.43047955449732,-68.43047955449732
1151.9800323057175,-68.4341564129095,-68.4341564129095
1151.9900323057175,-68.4378418653784,-68.4378418653784
1152.0000323057175,-68.44153594627896,-68.44153594627896
1152.0100323057175,-68.44523868886789,-68.44523868886789
1152.0200323057175,-68.44895012528153,-68.44895012528153
1152.0300323057174,-68.45267028657135,-68.45267028657135
1152.0400323057174,-68.45639920270419,-68.45639920270419
1152.0500323057174,-68.46013690259294,-68.46013690259294
1152.0600323057174,-68.4638834140947,-68.4638834140947
1152.0700323057174,-68.46763876402703,-68.46763876402703
1152.0800323057174,-68.47140297819446,-68.47140297819446
1152.0900323057174,-68.47517608138934,-68.47517608138934
1152.1000323057174,-68.47895809741784,-68.47895809741784
1152.1100323057174,-68.48274904910251,-68.48274904910251
1152.1200323057174,-68.48654895830522,-68.48654895830522
1152.1300323057176,-68.49035784592466,-68.49035784592466
1152.1400323057176,-68.49417573193608,-68.49417573193608
1152.1500323057176,-68.49800263538741,-68.49800263538741
1152.1600323057176,-68.50183857441901,-68.50183857441901
1152.1700323057175,-68.50568356626195,-68.50568356626195
1152.1800323057175,-68.50953762727605,-68.50953762727605
1152.1900323057175,-68.51340077294054,-68.51340077294054
1152.2000323057175,-68.51727301788955,-68.51727301788955
1152.2100323057175,-68.52115437589302,-68.52115437589302
1152.2200323057175,-68.52504485989482,-68.52504485989482
1152.2300323057175,-68.52894448202944,-68.52894448202944
1152.2400323057175,-68.53285325361517,-68.53285325361517
1152.2500323057175,-68.5367711851702,-68.5367711851702
1152.2600323057175,-68.5406982864407,-68.5406982864407
1152.2700323057175,-68.54463456638523,-68.54463456638523
1152.2800323057174,-68.54858003321783,-68.54858003321783
1152.2900323057174,-68.55253469439513,-68.55253469439513
1152.3000323057174,-68.55649855664358,-68.55649855664358
1152.3100323057174,-68.56047162596114,-68.56047162596114
1152.3200323057174,-68.56445390763614,-68.56445390763614
1152.3300323057174,-68.56844540624304,-68.56844540624304
1152.3400323057174,-68.5724461256799,-68.5724461256799
1152.3500323057174,-68.57645606915295,-68.57645606915295
1152.3600323057174,-68.58047523920538,-68.58047523920538
1152.3700323057174,-68.58450363772039,-68.58450363772039
1152.3800323057176,-68.58854126592622,-68.58854126592622
1152.3900323057176,-68.59258812442611,-68.59258812442611
1152.4000323057176,-68.59664421318392,-68.59664421318392
1152.4100323057176,-68.60070953155297,-68.60070953155297
1152.4200323057175,-68.60478407826834,-68.60478407826834
1152.4300323057175,-68.60886785148931,-68.60886785148931
1152.4400323057175,-68.61296084877215,-68.61296084877215
1152.4500323057175,-68.61706306709416,-68.61706306709416
1152.4600323057175,-68.6211685275473,-68.6211685275473
1152.4700323057175,-68.6252746124002,-68.6252746124002
1152.4800323057175,-68.62938004695756,-68.62938004695756
1152.4900323057175,-68.63348417774199,-68.63348417774199
1152.5000323057175,-68.63758669703621,-68.63758669703621
1152.5100323057175,-68.64168749988585,-68.64168749988585
1152.5200323057175,-68.64578660019889,-68.64578660019889
1152.5300323057174,-68.64988408040671,-68.64988408040671
1152.5400323057174,-68.65398006113607,-68.65398006113607
1152.5500323057174,-68.65807468307075,-68.65807468307075
1152.5600323057174,-68.66216809611015,-68.66216809611015
1152.5700323057174,-68.66626045301537,-68.66626045301537
1152.5800323057174,-68.67035190580731,-68.67035190580731
1152.5900323057174,-68.67444260376121,-68.67444260376121
1152.6000323295593,-68.67853270218107,-68.67853270218107
1152.6100323295593,-68.68262232307359,-68.68262232307359
1152.6200323295593,-68.68671161348796,-68.68671161348796
1152.6300323295593,-68.6908007067839,-68.6908007067839
1152.6400323295593,-68.69488973257938,-68.69488973257938
1152.6500323295593,-68.69897881704118,-68.69897881704118
1152.6600323295593,-68.70306808318169,-68.70306808318169
1152.6700323295593,-68.7071576511405,-68.7071576511405
1152.6800323295593,-68.71124763844816,-68.71124763844816
1152.6900323295592,-68.71533816022114,-68.71533816022114
1152.7000323295592,-68.71942932943169,-68.71942932943169
1152.7100323295592,-68.72352125702055,-68.72352125702055
1152.7200323295592,-68.72761405208048,-68.72761405208048
1152.7300323295594,-68.73170782197408,-68.73170782197408
1152.7400323295594,-68.73580267245113,-68.73580267245113
1152.7500323295594,-68.73989870773642,-68.73989870773642
1152.7600323295594,-68.74399603061782,-68.74399603061782
1152.7700323295594,-68.74809474248748,-68.74809474248748
1152.7800323295594,-68.75219494340575,-68.75219494340575
1152.7900323295594,-68.75629673214705,-68.75629673214705
1152.8000323295594,-68.76040020622575,-68.76040020622575
1152.8100323295594,-68.76450546195154,-68.76450546195154
1152.8200323295594,-68.76861259441274,-68.76861259441274
1152.8300323295593,-68.77272169751606,-68.77272169751606
1152.8400323295593,-68.77683286399906,-68.77683286399906
1152.8500323295593,-68.78094618544472,-68.78094618544472
1152.8600323295593,-68.78506175227064,-68.78506175227064
1152.8700323295593,-68.78917965376338,-68.78917965376338
1152.8800323295593,-68.79329997805621,-68.79329997805621
1152.8900323295593,-68.79742281214388,-68.79742281214388
1152.9000323295593,-68.80154824188999,-68.80154824188999
1152.9100323295593,-68.80567635200785,-68.80567635200785
1152.9200323295593,-68.80980722609267,-68.80980722609267
1152.9300323295593,-68.81394094658263,-68.81394094658263
1152.9400323295592,-68.818077594784,-68.818077594784
1152.9500323295592,-68.82221725086544,-68.82221725086544
1152.9600323295592,-68.82635999385221,-68.82635999385221
1152.9700323295592,-68.83050590163917,-68.83050590163917
1152.9800323295594,-68.83465505096223,-68.83465505096223
1152.9900323295594,-68.83880751742983,-68.83880751742983
1153.0000323295594,-68.84296337549915,-68.84296337549915
1153.0100323295594,-68.84712269850033,-68.84712269850033
1153.0200323295594,-68.85128555859936,-68.85128555859936
1153.0300323295594,-68.85545202684135,-68.85545202684135
1153.0400323295594,-68.85962217312016,-68.85962217312016
1153.0500323295594,-68.86379606619445,-68.86379606619445
1153.0600323295594,-68.86797377368731,-68.86797377368731
1153.0700323295594,-68.87215536208441,-68.87215536208441
1153.0800323295593,-68.87634089674225,-68.87634089674225
1153.0900323295593,-68.8805304418872,-68.8805304418872
1153.1000323295593,-68.88472406061832,-68.88472406061832
1153.1100323295593,-68.88892181491414,-68.88892181491414
1153.1200323295593,-68.89312376563953,-68.89312376563953
1153.1300323295593,-68.89732997253812,-68.89732997253812
1153.1400323295593,-68.90154049424987,-68.90154049424987
1153.1500323295593,-68.90575538831057,-68.90575538831057
1153.1600323295593,-68.90997471115155,-68.90997471115155
1153.1700323295593,-68.91419851812141,-68.91419851812141
1153.1800323295593,-68.91842686346736,-68.91842686346736
1153.1900323295592,-68.92265980036967,-68.92265980036967
1153.2000323295592,-68.92689738093247,-68.92689738093247
1153.2100323295592,-68.93113965618204,-68.93113965618204
1153.2200323295592,-68.93538667609468,-68.93538667609468
1153.2300323295594,-68.93963848958369,-68.93963848958369
1153.2400323295594,-68.94389514453836,-68.94389514453836
1153.2500323295594,-68.94815668777824,-68.94815668777824
1153.2600323295594,-68.95242316511866,-68.95242316511866
1153.2700323295594,-68.95669462134285,-68.95669462134285
1153.2800323295594,-68.96097110022184,-68.96097110022184
1153.2900323295594,-68.96525264451829,-68.96525264451829
1153.3000323295594,-68.96953929600012,-68.96953929600012
1153.3100323295594,-68.97383109545522,-68.97383109545522
1153.3200323295594,-68.97812808267227,-68.97812808267227
1153.3300323295593,-68.98243029649268,-68.98243029649268
1153.3400323295593,-68.98673777478551,-68.98673777478551
1153.3500323295593,-68.99105055446691,-68.99105055446691
1153.3600323295593,-68.99536867151086,-68.99536867151086
1153.3700323295593,-68.99969216096143,-68.99969216096143
1153.3800323295593,-69.00402105693748,-69.00402105693748
1153.3900323295593,-69.00835539263774,-69.00835539263774
1153.4000323295593,-69.01269520036814,-69.01269520036814
1153.4100323295593,-69.01704051153112,-69.01704051153112
1153.4200323295593,-69.021391356645,-69.021391356645
1153.4300323295593,-69.02574776535178,-69.02574776535178
1153.4400323295592,-69.03010976643344,-69.03010976643344
1153.4500323534012,-69.03447739820453,-69.03447739820453
1153.4600323534012,-69.03884465323802,-69.03884465323802
1153.4700323534012,-69.04320893648543,-69.04320893648543
1153.4800323534012,-69.04756899358321,-69.04756899358321
1153.4900323534011,-69.05192419506008,-69.05192419506008
1153.5000323534011,-69.05627425920788,-69.05627425920788
1153.5100323534011,-69.06061910815433,-69.06061910815433
1153.5200323534011,-69.06495878349129,-69.06495878349129
1153.530032353401,-69.06929339559451,-69.06929339559451
1153.540032353401,-69.07362309313164,-69.07362309313164
1153.550032353401,-69.07794804477408,-69.07794804477408
1153.560032353401,-69.08226842831598,-69.08226842831598
1153.570032353401,-69.0865844242643,-69.0865844242643
1153.5800323534013,-69.09089621220159,-69.09089621220159
1153.5900323534013,-69.09520396878379,-69.09520396878379
1153.6000323534013,-69.099507866737,-69.099507866737
1153.6100323534013,-69.10380807449582,-69.10380807449582
1153.6200323534013,-69.10810475613881,-69.10810475613881
1153.6300323534012,-69.11239807154466,-69.11239807154466
1153.6400323534012,-69.11668817662567,-69.11668817662567
1153.6500323534012,-69.1209752236476,-69.1209752236476
1153.6600323534012,-69.12525936147512,-69.12525936147512
1153.6700323534012,-69.12954073588568,-69.12954073588568
1153.6800323534012,-69.13381948981882,-69.13381948981882
1153.6900323534012,-69.1380957636014,-69.1380957636014
1153.7000323534012,-69.14236969516051,-69.14236969516051
1153.7100323534012,-69.14664142019768,-69.14664142019768
1153.7200323534012,-69.15091107232324,-69.15091107232324
1153.7300323534012,-69.15517878321592,-69.15517878321592
1153.7400323534011,-69.15944468272201,-69.15944468272201
1153.7500323534011,-69.16370889891753,-69.16370889891753
1153.7600323534011,-69.16797155824679,-69.16797155824679
1153.7700323534011,-69.17223278551496,-69.17223278551496
1153.780032353401,-69.17649270401039,-69.17649270401039
1153.790032353401,-69.18075143550061,-69.18075143550061
1153.800032353401,-69.1850091002859,-69.1850091002859
1153.810032353401,-69.18926581722684,-69.18926581722684
1153.820032353401,-69.19352170378012,-69.19352170378012
1153.8300323534013,-69.19777687598899,-69.19777687598899
1153.8400323534013,-69.20203144852769,-69.20203144852769
1153.8500323534013,-69.20628553470047,-69.20628553470047
1153.8600323534013,-69.21053924644113,-69.21053924644113
1153.8700323534013,-69.21479269433885,-69.21479269433885
1153.8800323534012,-69.21904598763736,-69.21904598763736
1153.8900323534012,-69.22329923423592,-69.22329923423592
1153.9000323534012,-69.22755254069175,-69.22755254069175
1153.9100323534012,-69.23180601222927,-69.23180601222927
1153.9200323534012,-69.23605975271896,-69.23605975271896
1153.9300323534012,-69.24031386472345,-69.24031386472345
1153.9400323534012,-69.24456844944852,-69.24456844944852
1153.9500323534012,-69.24882360677746,-69.24882360677746
1153.9600323534012,-69.25307943526444,-69.25307943526444
1153.9700323534012,-69.25733603212284,-69.25733603212284
1153.9800323534012,-69.26159349324031,-69.26159349324031
1153.9900323534011,-69.26585191317677,-69.26585191317677
1154.0000323534011,-69.27011138516683,-69.27011138516683
1154.0100323534011,-69.27437200111102,-69.27437200111102
1154.0200323534011,-69.27863385159093,-69.27863385159093
1154.030032353401,-69.28289702586848,-69.28289702586848
1154.040032353401,-69.28716161188804,-69.28716161188804
1154.050032353401,-69.29142769627222,-69.29142769627222
1154.060032353401,-69.29569536433536,-69.29569536433536
1154.070032353401,-69.2999647000863,-69.2999647000863
1154.0800323534013,-69.30423578623066,-69.30423578623066
1154.0900323534013,-69.30850870416761,-69.30850870416761
1154.1000323534013,-69.31278353400805,-69.31278353400805
1154.1100323534013,-69.31706035457091,-69.31706035457091
1154.1200323534013,-69.3213392433979,-69.3213392433979
1154.1300323534012,-69.3256202767499,-69.3256202767499
1154.1400323534012,-69.32990352961517,-69.32990352961517
1154.1500323534012,-69.33418907572336,-69.33418907572336
1154.1600323534012,-69.33847698754369,-69.33847698754369
1154.1700323534012,-69.34276733629952,-69.34276733629952
1154.1800323534012,-69.34706019196997,-69.34706019196997
1154.1900323534012,-69.35135562329604,-69.35135562329604
1154.2000323534012,-69.35565369779582,-69.35565369779582
1154.2100323534012,-69.3599544817817,-69.3599544817817
1154.2200323534012,-69.36425804033767,-69.36425804033767
1154.2300323534012,-69.36856443736075,-69.36856443736075
1154.2400323534011,-69.3728737355583,-69.3728737355583
1154.2500323534011,-69.37718599644607,-69.37718599644607
1154.2600323534011,-69.38150128037749,-69.38150128037749
1154.2700323534011,-69.3858196465426,-69.3858196465426
1154.280032353401,-69.39014115297435,-69.39014115297435
1154.290032353401,-69.39446585656107,-69.39446585656107
1154.300032377243,-69.3987938233783,-69.3987938233783
1154.310032377243,-69.40312508747854,-69.40312508747854
1154.320032377243,-69.40745971265338,-69.40745971265338
1154.330032377243,-69.41179775133817,-69.41179775133817
1154.340032377243,-69.41613925486917,-69.41613925486917
1154.350032377243,-69.420484273504,-69.420484273504
1154.360032377243,-69.42483285642741,-69.42483285642741
1154.370032377243,-69.4291850517617,-69.4291850517617
1154.380032377243,-69.4335409066025,-69.4335409066025
1154.390032377243,-69.43790046698176,-69.43790046698176
1154.400032377243,-69.44226377791725,-69.44226377791725
1154.410032377243,-69.44663088341436,-69.44663088341436
1154.420032377243,-69.45100182647641,-69.45100182647641
1154.4300323772432,-69.4553766490989,-69.4553766490989
1154.4400323772431,-69.45975539231729,-69.45975539231729
1154.4500323772431,-69.4641380961833,-69.4641380961833
1154.4600323772431,-69.46852479978917,-69.46852479978917
1154.4700323772431,-69.47291554128508,-69.47291554128508
1154.480032377243,-69.47731035787588,-69.47731035787588
1154.490032377243,-69.48170928585745,-69.48170928585745
1154.500032377243,-69.48611236059129,-69.48611236059129
1154.510032377243,-69.49051961653669,-69.49051961653669
1154.520032377243,-69.49493108727334,-69.49493108727334
1154.530032377243,-69.49934680548739,-69.49934680548739
1154.540032377243,-69.50376680299844,-69.50376680299844
1154.550032377243,-69.50819111076274,-69.50819111076274
1154.560032377243,-69.51261975888822,-69.51261975888822
1154.570032377243,-69.5170527766473,-69.5170527766473
1154.580032377243,-69.5214901924795,-69.5214901924795
1154.590032377243,-69.52593203401119,-69.52593203401119
1154.600032377243,-69.5303783280614,-69.5303783280614
1154.610032377243,-69.53482910064993,-69.53482910064993
1154.620032377243,-69.53928437701104,-69.53928437701104
1154.630032377243,-69.54374418160661,-69.54374418160661
1154.640032377243,-69.54820853813507,-69.54820853813507
1154.650032377243,-69.55267746953515,-69.55267746953515
1154.660032377243,-69.55715099801093,-69.55715099801093
1154.670032377243,-69.56162914501436,-69.56162914501436
1154.6800323772432,-69.56611193128623,-69.56611193128623
1154.6900323772431,-69.5705993768575,-69.5705993768575
1154.7000323772431,-69.57509150104188,-69.57509150104188
1154.7100323772431,-69.57958832246703,-69.57958832246703
1154.7200323772431,-69.58408985907755,-69.58408985907755
1154.730032377243,-69.58859612812914,-69.58859612812914
1154.740032377243,-69.59310714623041,-69.59310714623041
1154.750032377243,-69.59762292932557,-69.59762292932557
1154.760032377243,-69.60214349270971,-69.60214349270971
1154.770032377243,-69.6066688510375,-69.6066688510375
1154.780032377243,-69.61119901834563,-69.61119901834563
1154.790032377243,-69.6157340080424,-69.6157340080424
1154.800032377243,-69.62027383292885,-69.62027383292885
1154.810032377243,-69.62481850521375,-69.62481850521375
1154.820032377243,-69.62936803650078,-69.62936803650078
1154.830032377243,-69.63392243781023,-69.63392243781023
1154.840032377243,-69.63848171960092,-69.63848171960092
1154.850032377243,-69.64304589175542,-69.64304589175542
1154.860032377243,-69.64761496359019,-69.64761496359019
1154.870032377243,-69.6521889438981,-69.6521889438981
1154.880032377243,-69.65676784090213,-69.65676784090213
1154.890032377243,-69.66135166230903,-69.66135166230903
1154.900032377243,-69.6659404152918,-69.6659404152918
1154.910032377243,-69.67053410651395,-69.67053410651395
1154.920032377243,-69.6751327421303,-69.6751327421303
1154.9300323772432,-69.67973632778603,-69.67973632778603
1154.9400323772431,-69.68434486864159,-69.68434486864159
1154.9500323772431,-69.68895836936885,-69.68895836936885
1154.9600323772431,-69.6935768341631,-69.6935768341631
1154.9700323772431,-69.69820026674084,-69.69820026674084
1154.980032377243,-69.70282867036829,-69.70282867036829
1154.990032377243,-69.7074620478473,-69.7074620478473
1155.000032377243,-69.71210040153106,-69.71210040153106
1155.010032377243,-69.71674373333506,-69.71674373333506
1155.020032377243,-69.72139204473152,-69.72139204473152
1155.030032377243,-69.72604533678562,-69.72604533678562
1155.040032377243,-69.73070361011231,-69.73070361011231
1155.050032377243,-69.7353668649371,-69.7353668649371
1155.060032377243,-69.74003510107033,-69.74003510107033
1155.070032377243,-69.74470831791324,-69.74470831791324
1155.080032377243,-69.74938651448657,-69.74938651448657
1155.090032377243,-69.75406968940885,-69.75406968940885
1155.100032377243,-69.75875784092773,-69.75875784092773
1155.110032377243,-69.76345096691765,-69.76345096691765
1155.120032377243,-69.76814906487225,-69.76814906487225
1155.130032377243,-69.77285213193967,-69.77285213193967
1155.140032377243,-69.77756016489697,-69.77756016489697
1155.150032401085,-69.78227317138683,-69.78227317138683
1155.160032401085,-69.78699112509632,-69.78699112509632
1155.1700324010849,-69.79171403293817,-69.79171403293817
1155.1800324010849,-69.79644189033847,-69.79644189033847
1155.1900324010849,-69.80117469239326,-69.80117469239326
1155.2000324010849,-69.80591243384963,-69.80591243384963
1155.2100324010848,-69.81065510916407,-69.81065510916407
1155.2200324010848,-69.81540271246493,-69.81540271246493
1155.2300324010848,-69.8201552375847,-69.8201552375847
1155.2400324010848,-69.82491267805179,-69.82491267805179
1155.2500324010848,-69.82967502709772,-69.82967502709772
1155.2600324010848,-69.83444227766547,-69.83444227766547
1155.2700324010848,-69.83921442240994,-69.83921442240994
1155.280032401085,-69.84399145370752,-69.84399145370752
1155.290032401085,-69.84877336366146,-69.84877336366146
1155.300032401085,-69.8535601441029,-69.8535601441029
1155.310032401085,-69.85835178658328,-69.85835178658328
1155.320032401085,-69.86314828242242,-69.86314828242242
1155.330032401085,-69.86794962265893,-69.86794962265893
1155.340032401085,-69.87275579808495,-69.87275579808495
1155.350032401085,-69.87756679925904,-69.87756679925904
1155.360032401085,-69.88238261648067,-69.88238261648067
1155.370032401085,-69.88720323981313,-69.88720323981313
1155.380032401085,-69.89202865909503,-69.89202865909503
1155.390032401085,-69.89685886393222,-69.89685886393222
1155.400032401085,-69.90169384368923,-69.90169384368923
1155.410032401085,-69.90653358753016,-69.90653358753016
1155.4200324010849,-69.91137808439643,-69.91137808439643
1155.4300324010849,-69.9162273230065,-69.9162273230065
1155.4400324010849,-69.9210812918787,-69.9210812918787
1155.4500324010849,-69.92593997932445,-69.92593997932445
1155.4600324010848,-69.93080337345407,-69.93080337345407
1155.4700324010848,-69.93567146217684,-69.93567146217684
1155.4800324010848,-69.94054423321464,-69.94054423321464
1155.4900324010848,-69.94542167409253,-69.94542167409253
1155.5000324010848,-69.95030377214948,-69.95030377214948
1155.5100324010848,-69.95519051454463,-69.95519051454463
1155.5200324010848,-69.96008188826121,-69.96008188826121
1155.530032401085,-69.96497788009701,-69.96497788009701
1155.540032401085,-69.96987847668436,-69.96987847668436
1155.550032401085,-69.97478366448695,-69.97478366448695
1155.560032401085,-69.97969342980471,-69.97969342980471
1155.570032401085,-69.98460775876605,-69.98460775876605
1155.580032401085,-69.98952663734309,-69.98952663734309
1155.590032401085,-69.99445005135989,-69.99445005135989
1155.600032401085,-69.99937798647987,-69.99937798647987
1155.610032401085,-70.00431042822368,-70.00431042822368
1155.620032401085,-70.0092473619599,-70.0092473619599
1155.630032401085,-70.014188772918,-70.014188772918
1155.640032401085,-70.01913464617475,-70.01913464617475
1155.650032401085,-70.0240849666862,-70.0240849666862
1155.660032401085,-70.02903971926878,-70.02903971926878
1155.6700324010849,-70.03399888860187,-70.03399888860187
1155.6800324010849,-70.03896245924443,-70.03896245924443
1155.6900324010849,-70.0439304156142,-70.0439304156142
1155.7000324010849,-70.0489027420214,-70.0489027420214
1155.7100324010848,-70.053879422654,-70.053879422654
1155.7200324010848,-70.0588604415666,-70.0588604415666
1155.7300324010848,-70.0638457827238,-70.0638457827238
1155.7400324010848,-70.06883542995205,-70.06883542995205
1155.7500324010848,-70.07382936697886,-70.07382936697886
1155.7600324010848,-70.0788275774313,-70.0788275774313
1155.7700324010848,-70.083830044812,-70.083830044812
1155.780032401085,-70.08883675253774,-70.08883675253774
1155.790032401085,-70.09384768392184,-70.09384768392184
1155.800032401085,-70.09886282217457,-70.09886282217457
1155.810032401085,-70.10388215041552,-70.10388215041552
1155.820032401085,-70.10890565166197,-70.10890565166197
1155.830032401085,-70.11393330885195,-70.11393330885195
1155.840032401085,-70.11896510481859,-70.11896510481859
1155.850032401085,-70.12400102233083,-70.12400102233083
1155.860032401085,-70.12904104404551,-70.12904104404551
1155.870032401085,-70.13408515256609,-70.13408515256609
1155.880032401085,-70.13913333039336,-70.13913333039336
1155.890032401085,-70.14418555996006,-70.14418555996006
1155.900032401085,-70.14924182361291,-70.14924182361291
1155.910032401085,-70.15430210364607,-70.15430210364607
1155.9200324010849,-70.15936638225507,-70.15936638225507
1155.9300324010849,-70.16443464158458,-70.16443464158458
1155.9400324010849,-70.16950686369819,-70.16950686369819
1155.9500324010849,-70.17458303059304,-70.17458303059304
1155.9600324010848,-70.17966312421427,-70.17966312421427
1155.9700324010848,-70.18474712643358,-70.18474712643358
1155.9800324010848,-70.18983501906561,-70.18983501906561
1155.9900324010848,-70.19492678386419,-70.19492678386419
1156.0000324249268,-70.20002241465289,-70.20002241465289
1156.0100324249267,-70.20512186884245,-70.20512186884245
1156.0200324249267,-70.21022514011088,-70.21022514011088
1156.0300324249267,-70.21533220999545,-70.21533220999545
1156.0400324249267,-70.22044305998992,-70.22044305998992
1156.0500324249267,-70.22555767152403,-70.22555767152403
1156.0600324249267,-70.23067602598326,-70.23067602598326
1156.0700324249267,-70.23579810470946,-70.23579810470946
1156.0800324249267,-70.24092388900179,-70.24092388900179
1156.0900324249267,-70.24605336011638,-70.24605336011638
1156.1000324249267,-70.25118649926038,-70.25118649926038
1156.1100324249267,-70.25632328761306,-70.25632328761306
1156.1200324249266,-70.26146370629748,-70.26146370629748
1156.1300324249269,-70.26660773642081,-70.26660773642081
1156.1400324249269,-70.27175535904499,-70.27175535904499
1156.1500324249268,-70.27690655519602,-70.27690655519602
1156.1600324249268,-70.28206130586419,-70.28206130586419
1156.1700324249268,-70.28721959201737,-70.28721959201737
1156.1800324249268,-70.29238139459063,-70.29238139459063
1156.1900324249268,-70.29754669448062,-70.29754669448062
1156.2000324249268,-70.30271547257438,-70.30271547257438
1156.2100324249268,-70.30788770972066,-70.30788770972066
1156.2200324249268,-70.31306338674437,-70.31306338674437
1156.2300324249268,-70.3182424844509,-70.3182424844509
1156.2400324249268,-70.32342498362036,-70.32342498362036
1156.2500324249268,-70.32861086500844,-70.32861086500844
1156.2600324249267,-70.33380010935821,-70.33380010935821
1156.2700324249267,-70.33899269738683,-70.33899269738683
1156.2800324249267,-70.34418860980212,-70.34418860980212
1156.2900324249267,-70.34938782728648,-70.34938782728648
1156.3000324249267,-70.35459033051325,-70.35459033051325
1156.3100324249267,-70.35979610013612,-70.35979610013612
1156.3200324249267,-70.36500511680138,-70.36500511680138
1156.3300324249267,-70.37021736114251,-70.37021736114251
1156.3400324249267,-70.37543281377403,-70.37543281377403
1156.3500324249267,-70.38065145530233,-70.38065145530233
1156.3600324249267,-70.38587326633547,-70.38587326633547
1156.3700324249266,-70.39109822746634,-70.39109822746634
1156.3800324249269,-70.39632631927776,-70.39632631927776
1156.3900324249269,-70.40155752235574,-70.40155752235574
1156.4000324249268,-70.40679181726712,-70.40679181726712
1156.4100324249268,-70.41202918457857,-70.41202918457857
1156.4200324249268,-70.41726960486635,-70.41726960486635
1156.4300324249268,-70.42251305869053,-70.42251305869053
1156.4400324249268,-70.42775952660762,-70.42775952660762
1156.4500324249268,-70.43300898919202,-70.43300898919202
1156.4600324249268,-70.43825528400612,-70.43825528400612
1156.4700324249268,-70.44349569858291,-70.44349569858291
1156.4800324249268,-70.44872889996789,-70.44872889996789
1156.4900324249268,-70.45395419389897,-70.45395419389897
1156.5000324249268,-70.45917124207878,-70.45917124207878
1156.5100324249267,-70.46437991531074,-70.46437991531074
1156.5200324249267,-70.46958020743358,-70.46958020743358
1156.5300324249267,-70.47477218363406,-70.47477218363406
1156.5400324249267,-70.47995594933685,-70.47995594933685
1156.5500324249267,-70.48513163154679,-70.48513163154679
1156.5600324249267,-70.49029936772163,-70.49029936772163
1156.5700324249267,-70.49545929922853,-70.49545929922853
1156.5800324249267,-70.50061156758667,-70.50061156758667
1156.5900324249267,-70.50575631240581,-70.50575631240581
1156.6000324249267,-70.51089367034766,-70.51089367034766
1156.6100324249267,-70.51602377469456,-70.51602377469456
1156.6200324249266,-70.52114675528745,-70.52114675528745
1156.6300324249269,-70.52626273862793,-70.52626273862793
1156.6400324249269,-70.53137184814135,-70.53137184814135
1156.6500324249268,-70.53647420440855,-70.53647420440855
1156.6600324249268,-70.5415699254502,-70.5415699254502
1156.6700324249268,-70.546659126997,-70.546659126997
1156.6800324249268,-70.55174192272507,-70.55174192272507
1156.6900324249268,-70.5568184244751,-70.5568184244751
1156.7000324249268,-70.56188874243996,-70.56188874243996
1156.7100324249268,-70.56695298531712,-70.56695298531712
1156.7200324249268,-70.57201126046779,-70.57201126046779
1156.7300324249268,-70.57706367401265,-70.57706367401265
1156.7400324249268,-70.58211033093876,-70.58211033093876
1156.7500324249268,-70.58715133517241,-70.58715133517241
1156.7600324249267,-70.59218678964643,-70.59218678964643
1156.7700324249267,-70.59721679635032,-70.59721679635032
1156.7800324249267,-70.60224145638719,-70.60224145638719
1156.7900324249267,-70.60726086996985,-70.60726086996985
1156.8000324249267,-70.61227513648326,-70.61227513648326
1156.8100324249267,-70.61728435448066,-70.61728435448066
1156.8200324249267,-70.62228862170583,-70.62228862170583
1156.8300324249267,-70.62728803508642,-70.62728803508642
1156.8400324249267,-70.63228269076389,-70.63228269076389
1156.8500324487686,-70.63727269594537,-70.63727269594537
1156.8600324487686,-70.64225812140644,-70.64225812140644
1156.8700324487686,-70.64723907275389,-70.64723907275389
1156.8800324487686,-70.6522156429122,-70.6522156429122
1156.8900324487686,-70.65718792398873,-70.65718792398873
1156.9000324487686,-70.66215600726889,-70.66215600726889
1156.9100324487686,-70.66711998322093,-70.66711998322093
1156.9200324487686,-70.67207994146543,-70.67207994146543
1156.9300324487685,-70.6770359707835,-70.6770359707835
1156.9400324487685,-70.68198815910685,-70.68198815910685
1156.9500324487685,-70.68693659351135,-70.68693659351135
1156.9600324487685,-70.6918813602048,-70.6918813602048
1156.9700324487685,-70.6968225445237,-70.6968225445237
1156.9800324487687,-70.70176023092186,-70.70176023092186
1156.9900324487687,-70.70669450296421,-70.70669450296421
1157.0000324487687,-70.71162544333043,-70.71162544333043
1157.0100324487687,-70.7165531337901,-70.7165531337901
1157.0200324487687,-70.72147765521258,-70.72147765521258
1157.0300324487687,-70.72639908755922,-70.72639908755922
1157.0400324487687,-70.73131750987177,-70.73131750987177
1157.0500324487687,-70.73623300027806,-70.73623300027806
1157.0600324487687,-70.74114563598388,-70.74114563598388
1157.0700324487686,-70.74605549325888,-70.74605549325888
1157.0800324487686,-70.75096264746048,-70.75096264746048
1157.0900324487686,-70.755867173006,-70.755867173006
1157.1000324487686,-70.76076914338866,-70.76076914338866
1157.1100324487686,-70.76566863115697,-70.76566863115697
1157.1200324487686,-70.77056570793435,-70.77056570793435
1157.1300324487686,-70.77546044440925,-70.77546044440925
1157.1400324487686,-70.78035291033773,-70.78035291033773
1157.1500324487686,-70.78524317454051,-70.78524317454051
1157.1600324487686,-70.79013130490586,-70.79013130490586
1157.1700324487686,-70.79501736839178,-70.79501736839178
1157.1800324487685,-70.79990143103275,-70.79990143103275
1157.1900324487685,-70.80478355792832,-70.80478355792832
1157.2000324487685,-70.80966381326316,-70.80966381326316
1157.2100324487685,-70.81454226029982,-70.81454226029982
1157.2200324487685,-70.81941896137228,-70.81941896137228
1157.2300324487687,-70.82429397792063,-70.82429397792063
1157.2400324487687,-70.82916737045981,-70.82916737045981
1157.2500324487687,-70.8340391985991,-70.8340391985991
1157.2600324487687,-70.83890952104686,-70.83890952104686
1157.2700324487687,-70.84377839563311,-70.84377839563311
1157.2800324487687,-70.84864587927272,-70.84864587927272
1157.2900324487687,-70.85351202800716,-70.85351202800716
1157.3000324487687,-70.858376896983,-70.858376896983
1157.3100324487687,-70.86324054048335,-70.86324054048335
1157.3200324487686,-70.86810301192351,-70.86810301192351
1157.3300324487686,-70.87296436385353,-70.87296436385353
1157.3400324487686,-70.87782464795966,-70.87782464795966
1157.3500324487686,-70.88268391508524,-70.88268391508524
1157.3600324487686,-70.88754221522534,-70.88754221522534
1157.3700324487686,-70.89239959753371,-70.89239959753371
1157.3800324487686,-70.89725611033867,-70.89725611033867
1157.3900324487686,-70.90211180113691,-70.90211180113691
1157.4000324487686,-70.90696671662194,-70.90696671662194
1157.4100324487686,-70.91182090266757,-70.91182090266757
1157.4200324487686,-70.9166744043412,-70.9166744043412
1157.4300324487685,-70.92152726592695,-70.92152726592695
1157.4400324487685,-70.92637953090687,-70.92637953090687
1157.4500324487685,-70.93123124199185,-70.93123124199185
1157.4600324487685,-70.93607625433233,-70.93607625433233
1157.4700324487685,-70.94091189662853,-70.94091189662853
1157.4800324487687,-70.94573688609503,-70.94573688609503
1157.4900324487687,-70.9505505824188,-70.9505505824188
1157.5000324487687,-70.95535270302639,-70.95535270302639
1157.5100324487687,-70.96014317520739,-70.96014317520739
1157.5200324487687,-70.96492204948645,-70.96492204948645
1157.5300324487687,-70.96968944754909,-70.96968944754909
1157.5400324487687,-70.97444553094132,-70.97444553094132
1157.5500324487687,-70.97919048229966,-70.97919048229966
1157.5600324487687,-70.98392449412671,-70.98392449412671
1157.5700324487686,-70.98864776223405,-70.98864776223405
1157.5800324487686,-70.99336048193305,-70.99336048193305
1157.5900324487686,-70.99806284598824,-70.99806284598824
1157.6000324487686,-71.00275504355675,-71.00275504355675
1157.6100324487686,-71.00743725977016,-71.00743725977016
1157.6200324487686,-71.01210967566657,-71.01210967566657
1157.6300324487686,-71.01677246830526,-71.01677246830526
1157.6400324487686,-71.02142581100999,-71.02142581100999
1157.6500324487686,-71.02606987363602,-71.02606987363602
1157.6600324487686,-71.03070482284764,-71.03070482284764
1157.6700324487686,-71.03533082240418,-71.03533082240418
1157.6800324487685,-71.03994803337807,-71.03994803337807
1157.6900324487685,-71.04455661440974,-71.04455661440974
1157.7000324726105,-71.0491567328313,-71.0491567328313
1157.7100324726105,-71.05374852101,-71.05374852101
1157.7200324726105,-71.05833214226277,-71.05833214226277
1157.7300324726104,-71.06290774713064,-71.06290774713064
1157.7400324726104,-71.06747548442495,-71.06747548442495
1157.7500324726104,-71.07203550133212,-71.07203550133212
1157.7600324726104,-71.07658794345969,-71.07658794345969
1157.7700324726104,-71.08113295493459,-71.08113295493459
1157.7800324726104,-71.08567067840853,-71.08567067840853
1157.7900324726104,-71.09020125513211,-71.09020125513211
1157.8000324726104,-71.09472482494634,-71.09472482494634
1157.8100324726104,-71.09924152633486,-71.09924152633486
1157.8200324726104,-71.10375149643647,-71.10375149643647
1157.8300324726106,-71.10825487105281,-71.10825487105281
1157.8400324726106,-71.11275178466256,-71.11275178466256
1157.8500324726106,-71.11724237043208,-71.11724237043208
1157.8600324726106,-71.12172676021441,-71.12172676021441
1157.8700324726105,-71.12620508455292,-71.12620508455292
1157.8800324726105,-71.13067747268462,-71.13067747268462
1157.8900324726105,-71.13514405253976,-71.13514405253976
1157.9000324726105,-71.13960495073894,-71.13960495073894
1157.9100324726105,-71.14406029258971,-71.14406029258971
1157.9200324726105,-71.14851020210078,-71.14851020210078
1157.9300324726105,-71.1529548019534,-71.1529548019534
1157.9400324726105,-71.15739421352019,-71.15739421352019
1157.9500324726105,-71.16182855685325,-71.16182855685325
1157.9600324726105,-71.16625795068423,-71.16625795068423
1157.9700324726105,-71.17068251242549,-71.17068251242549
1157.9800324726104,-71.1751023581621,-71.1751023581621
1157.9900324726104,-71.17951760265119,-71.17951760265119
1158.0000324726104,-71.18392835933142,-71.18392835933142
1158.0100324726104,-71.18833474030342,-71.18833474030342
1158.0200324726104,-71.19273685634178,-71.19273685634178
1158.0300324726104,-71.1971348169052,-71.1971348169052
1158.0400324726104,-71.20152873011676,-71.20152873011676
1158.0500324726104,-71.2059187027644,-71.2059187027644
1158.0600324726104,-71.2103048403341,-71.2103048403341
1158.0700324726104,-71.21468724697247,-71.21468724697247
1158.0800324726106,-71.2190660255039,-71.2190660255039
1158.0900324726106,-71.2234412774451,-71.2234412774451
1158.1000324726106,-71.22781310299688,-71.22781310299688
1158.1100324726106,-71.23218160105057,-71.23218160105057
1158.1200324726105,-71.23654686918658,-71.23654686918658
1158.1300324726105,-71.24090900368408,-71.24090900368408
1158.1400324726105,-71.24526809952957,-71.24526809952957
1158.1500324726105,-71.24962425041117,-71.24962425041117
1158.1600324726105,-71.25397754874379,-71.25397754874379
1158.1700324726105,-71.25832808564275,-71.25832808564275
1158.1800324726105,-71.26267595097215,-71.26267595097215
1158.1900324726105,-71.26702123331178,-71.26702123331178
1158.2000324726105,-71.27136401999516,-71.27136401999516
1158.2100324726105,-71.27570439709345,-71.27570439709345
1158.2200324726105,-71.2800424494368,-71.2800424494368
1158.2300324726104,-71.28437826062223,-71.28437826062223
1158.2400324726104,-71.28871191301143,-71.28871191301143
1158.2500324726104,-71.2930434877532,-71.2930434877532
1158.2600324726104,-71.2973730647781,-71.2973730647781
1158.2700324726104,-71.30170072281156,-71.30170072281156
1158.2800324726104,-71.30602653939658,-71.30602653939658
1158.2900324726104,-71.3103505908819,-71.3103505908819
1158.3000324726104,-71.31467295243955,-71.31467295243955
1158.3100324726104,-71.31899369808075,-71.31899369808075
1158.3200324726104,-71.32331290066337,-71.32331290066337
1158.3300324726106,-71.32763063189108,-71.32763063189108
1158.3400324726106,-71.33194696234666,-71.33194696234666
1158.3500324726106,-71.33626196146068,-71.33626196146068
1158.3600324726106,-71.34057569756635,-71.34057569756635
1158.3700324726105,-71.34488823788483,-71.34488823788483
1158.3800324726105,-71.34919964854137,-71.34919964854137
1158.3900324726105,-71.35350999458296,-71.35350999458296
1158.4000324726105,-71.35781933998291,-71.35781933998291
1158.4100324726105,-71.3621277476384,-71.3621277476384
1158.4200324726105,-71.36643527940542,-71.36643527940542
1158.4300324726105,-71.37074199608654,-71.37074199608654
1158.4400324726105,-71.37504795746646,-71.37504795746646
1158.4500324726105,-71.37935322229549,-71.37935322229549
1158.4600324726105,-71.38365162275524,-71.38365162275524
1158.4700324726105,-71.38794048648266,-71.38794048648266
1158.4800324726104,-71.39221853821205,-71.39221853821205
1158.4900324726104,-71.3964851490045,-71.3964851490045
1158.5000324726104,-71.40074004968751,-71.40074004968751
1158.5100324726104,-71.40498318208998,-71.40498318208998
1158.5200324726104,-71.40921461179565,-71.40921461179565
1158.5300324726104,-71.41343447578372,-71.41343447578372
1158.5400324726104,-71.41764295094085,-71.41764295094085
1158.5500324964523,-71.42184024513014,-71.42184024513014
1158.5600324964523,-71.42602654593557,-71.42602654593557
1158.5700324964523,-71.4302020740672,-71.4302020740672
1158.5800324964523,-71.43436703951515,-71.43436703951515
1158.5900324964523,-71.4385216494845,-71.4385216494845
1158.6000324964523,-71.44266610735244,-71.44266610735244
1158.6100324964523,-71.44680061223521,-71.44680061223521
1158.6200324964523,-71.45092535891396,-71.45092535891396
1158.6300324964523,-71.45504053798118,-71.45504053798118
1158.6400324964522,-71.4591463360697,-71.4591463360697
1158.6500324964522,-71.46324293612714,-71.46324293612714
1158.6600324964522,-71.46733051770264,-71.46733051770264
1158.6700324964522,-71.47140925722168,-71.47140925722168
1158.6800324964524,-71.47547932824575,-71.47547932824575
1158.6900324964524,-71.47954090167714,-71.47954090167714
1158.7000324964524,-71.48359414597138,-71.48359414597138
1158.7100324964524,-71.4876392273113,-71.4876392273113
1158.7200324964524,-71.49167630975423,-71.49167630975423
1158.7300324964524,-71.49570555534892,-71.49570555534892
1158.7400324964524,-71.49972712424118,-71.49972712424118
1158.7500324964524,-71.50374117477581,-71.50374117477581
1158.7600324964524,-71.50774786355284,-71.50774786355284
1158.7700324964524,-71.51174734549932,-71.51174734549932
1158.7800324964523,-71.51573977391179,-71.51573977391179
1158.7900324964523,-71.51972530050789,-71.51972530050789
1158.8000324964523,-71.52370407544228,-71.52370407544228
1158.8100324964523,-71.52767624733995,-71.52767624733995
1158.8200324964523,-71.53164196333614,-71.53164196333614
1158.8300324964523,-71.53560136905477,-71.53560136905477
1158.8400324964523,-71.53955460864755,-71.53955460864755
1158.8500324964523,-71.5435018247961,-71.5435018247961
1158.8600324964523,-71.54744315872593,-71.54744315872593
1158.8700324964523,-71.55137875019696,-71.55137875019696
1158.8800324964523,-71.5553087375104,-71.5553087375104
1158.8900324964522,-71.55923325752418,-71.55923325752418
1158.9000324964522,-71.56315244564233,-71.56315244564233
1158.9100324964522,-71.56706643581306,-71.56706643581306
1158.9200324964522,-71.5709753605438,-71.5709753605438
1158.9300324964524,-71.57487935087005,-71.57487935087005
1158.9400324964524,-71.57877853639933,-71.57877853639933
1158.9500324964524,-71.58267304527061,-71.58267304527061
1158.9600324964524,-71.58656300417461,-71.58656300417461
1158.9700324964524,-71.59044853834959,-71.59044853834959
1158.9800324964524,-71.59432977157992,-71.59432977157992
1158.9900324964524,-71.59820682619109,-71.59820682619109
1159.0000324964524,-71.60207982306308,-71.60207982306308
1159.0100324964524,-71.60594888162862,-71.60594888162862
1159.0200324964524,-71.60981411985614,-71.60981411985614
1159.0300324964523,-71.61367565428306,-71.61367565428306
1159.0400324964523,-71.61753359998298,-71.61753359998298
1159.0500324964523,-71.62138807059672,-71.62138807059672
1159.0600324964523,-71.62523917832344,-71.62523917832344
1159.0700324964523,-71.62908703392542,-71.62908703392542
1159.0800324964523,-71.63293174672731,-71.63293174672731
1159.0900324964523,-71.63677342462064,-71.63677342462064
1159.1000324964523,-71.64061217409358,-71.64061217409358
1159.1100324964523,-71.64444810019384,-71.64444810019384
1159.1200324964523,-71.64828130656109,-71.64828130656109
1159.1300324964523,-71.65211189543315,-71.65211189543315
1159.1400324964522,-71.65593996764464,-71.65593996764464
1159.1500324964522,-71.65976562263494,-71.65976562263494
1159.1600324964522,-71.6635889584459,-71.6635889584459
1159.1700324964522,-71.66741007176104,-71.66741007176104
1159.1800324964524,-71.67122905786886,-71.67122905786886
1159.1900324964524,-71.67504601072056,-71.67504601072056
1159.2000324964524,-71.67886102288092,-71.67886102288092
1159.2100324964524,-71.68267418559122,-71.68267418559122
1159.2200324964524,-71.68648558874531,-71.68648558874531
1159.2300324964524,-71.69029532089951,-71.69029532089951
1159.2400324964524,-71.69410346930918,-71.69410346930918
1159.2500324964524,-71.69791011991232,-71.69791011991232
1159.2600324964524,-71.7017153573329,-71.7017153573329
1159.2700324964524,-71.70551926491925,-71.70551926491925
1159.2800324964523,-71.70932192473816,-71.70932192473816
1159.2900324964523,-71.71312341757258,-71.71312341757258
1159.3000324964523,-71.71692382296861,-71.71692382296861
1159.3100324964523,-71.72072321921064,-71.72072321921064
1159.3200324964523,-71.72452168334658,-71.72452168334658
1159.3300324964523,-71.72831929119893,-71.72831929119893
1159.3400324964523,-71.73211611737548,-71.73211611737548
1159.3500324964523,-71.73591223527339,-71.73591223527339
1159.3600324964523,-71.73970771710269,-71.73970771710269
1159.3700324964523,-71.74350263389111,-71.74350263389111
1159.3800324964523,-71.74729705548965,-71.74729705548965
1159.3900324964522,-71.75109105060336,-71.75109105060336
1159.4000325202942,-71.75488469580282,-71.75488469580282
1159.4100325202942,-71.75867803945407,-71.75867803945407
1159.4200325202942,-71.76247115585721,-71.76247115585721
1159.4300325202942,-71.76626410919845,-71.76626410919845
1159.4400325202942,-71.77005696255551,-71.77005696255551
1159.4500325202941,-71.77384977791021,-71.77384977791021
1159.4600325202941,-71.77764261617294,-71.77764261617294
1159.4700325202941,-71.78143553718006,-71.78143553718006
1159.4800325202941,-71.78522859972946,-71.78522859972946
1159.490032520294,-71.78902186155882,-71.78902186155882
1159.500032520294,-71.79281537939117,-71.79281537939117
1159.510032520294,-71.79660920891995,-71.79660920891995
1159.520032520294,-71.80040340482924,-71.80040340482924
1159.5300325202943,-71.80419802081498,-71.80419802081498
1159.5400325202943,-71.80799310958967,-71.80799310958967
1159.5500325202943,-71.81178872288417,-71.81178872288417
1159.5600325202943,-71.81558491147585,-71.81558491147585
1159.5700325202943,-71.81938172519072,-71.81938172519072
1159.5800325202943,-71.82317921291862,-71.82317921291862
1159.5900325202942,-71.8269774226186,-71.8269774226186
1159.6000325202942,-71.83077640132962,-71.83077640132962
1159.6100325202942,-71.83457619519658,-71.83457619519658
1159.6200325202942,-71.8383768494631,-71.8383768494631
1159.6300325202942,-71.84217840849593,-71.84217840849593
1159.6400325202942,-71.84598091578393,-71.84598091578393
1159.6500325202942,-71.84978441397382,-71.84978441397382
1159.6600325202942,-71.85358894483949,-71.85358894483949
1159.6700325202942,-71.857394549325,-71.857394549325
1159.6800325202942,-71.86120126754754,-71.86120126754754
1159.6900325202942,-71.86500913881623,-71.86500913881623
1159.7000325202941,-71.86881820162121,-71.86881820162121
1159.7100325202941,-71.87262849366014,-71.87262849366014
1159.7200325202941,-71.87644005184623,-71.87644005184623
1159.7300325202941,-71.88025291232228,-71.88025291232228
1159.740032520294,-71.88406711045397,-71.88406711045397
1159.750032520294,-71.88788268085676,-71.88788268085676
1159.760032520294,-71.89169965740477,-71.89169965740477
1159.770032520294,-71.89551807323858,-71.89551807323858
1159.7800325202943,-71.89933796077011,-71.89933796077011
1159.7900325202943,-71.9031593516952,-71.9031593516952
1159.8000325202943,-71.90698227700389,-71.90698227700389
1159.8100325202943,-71.91080676698958,-71.91080676698958
1159.8200325202943,-71.91463285126757,-71.91463285126757
1159.8300325202943,-71.91846055877811,-71.91846055877811
1159.8400325202942,-71.92228991776685,-71.92228991776685
1159.8500325202942,-71.92612095584171,-71.92612095584171
1159.8600325202942,-71.92995369996687,-71.92995369996687
1159.8700325202942,-71.93378817644935,-71.93378817644935
1159.8800325202942,-71.93762441098066,-71.93762441098066
1159.8900325202942,-71.94146242861628,-71.94146242861628
1159.9000325202942,-71.94530225380112,-71.94530225380112
1159.9100325202942,-71.94914391037709,-71.94914391037709
1159.9200325202942,-71.95298742159339,-71.95298742159339
1159.9300325202942,-71.95683281010055,-71.95683281010055
1159.9400325202942,-71.96068009797818,-71.96068009797818
1159.9500325202941,-71.96452930672987,-71.96452930672987
1159.9600325202941,-71.96838045729127,-71.96838045729127
1159.9700325202941,-71.97223357004916,-71.97223357004916
1159.9800325202941,-71.97608866483533,-71.97608866483533
1159.990032520294,-71.9799457609569,-71.9799457609569
1160.000032520294,-71.98380487717614,-71.98380487717614
1160.010032520294,-71.98766603173422,-71.98766603173422
1160.020032520294,-71.9915292423487,-71.9915292423487
1160.0300325202943,-71.99539452623519,-71.99539452623519
1160.0400325202943,-71.99926190010977,-71.99926190010977
1160.0500325202943,-72.00313138019277,-72.00313138019277
1160.0600325202943,-72.00700298221571,-72.00700298221571
1160.0700325202943,-72.01087672142629,-72.01087672142629
1160.0800325202943,-72.01475261260038,-72.01475261260038
1160.0900325202942,-72.01863067005979,-72.01863067005979
1160.1000325202942,-72.02251090764997,-72.02251090764997
1160.1100325202942,-72.02639333877028,-72.02639333877028
1160.1200325202942,-72.03027797638437,-72.03027797638437
1160.1300325202942,-72.03416483299965,-72.03416483299965
1160.1400325202942,-72.0380539207074,-72.0380539207074
1160.1500325202942,-72.04194525115302,-72.04194525115302
1160.1600325202942,-72.0458388355813,-72.0458388355813
1160.1700325202942,-72.049734684819,-72.049734684819
1160.1800325202942,-72.05363280927727,-72.05363280927727
1160.1900325202942,-72.05753321898133,-72.05753321898133
1160.2000325202941,-72.06143592355411,-72.06143592355411
1160.2100325202941,-72.06534093222174,-72.06534093222174
1160.2200325202941,-72.06924825383712,-72.06924825383712
1160.2300325202941,-72.07315789687203,-72.07315789687203
1160.240032520294,-72.07706986942325,-72.07706986942325
1160.250032544136,-72.08098418854944,-72.08098418854944
1160.260032544136,-72.08490084300817,-72.08490084300817
1160.270032544136,-72.08881984910522,-72.08881984910522
1160.280032544136,-72.0927412135168,-72.0927412135168
1160.290032544136,-72.09666494258012,-72.09666494258012
1160.300032544136,-72.10059104228152,-72.10059104228152
1160.310032544136,-72.10451951827521,-72.10451951827521
1160.320032544136,-72.10845037588841,-72.10845037588841
1160.330032544136,-72.11238362012779,-72.11238362012779
1160.340032544136,-72.11631925567082,-72.11631925567082
1160.350032544136,-72.1202572869083,-72.1202572869083
1160.360032544136,-72.12419771788805,-72.12419771788805
1160.370032544136,-72.1281405523746,-72.1281405523746
1160.3800325441362,-72.13208579383783,-72.13208579383783
1160.3900325441361,-72.1360334454426,-72.1360334454426
1160.4000325441361,-72.13998351007206,-72.13998351007206
1160.4100325441361,-72.14393599032209,-72.14393599032209
1160.4200325441361,-72.14789088849619,-72.14789088849619
1160.430032544136,-72.1518482066459,-72.1518482066459
1160.440032544136,-72.15580794653499,-72.15580794653499
1160.450032544136,-72.15977010966638,-72.15977010966638
1160.460032544136,-72.16373469726761,-72.16373469726761
1160.470032544136,-72.16770171032871,-72.16770171032871
1160.480032544136,-72.171671149575,-72.171671149575
1160.490032544136,-72.17564301547439,-72.17564301547439
1160.500032544136,-72.17961730826394,-72.17961730826394
1160.510032544136,-72.1835940279224,-72.1835940279224
1160.520032544136,-72.18757317419681,-72.18757317419681
1160.530032544136,-72.19155474660482,-72.19155474660482
1160.540032544136,-72.19553874442177,-72.19553874442177
1160.550032544136,-72.19952516670841,-72.19952516670841
1160.560032544136,-72.20351401229271,-72.20351401229271
1160.570032544136,-72.20750527979523,-72.20750527979523
1160.580032544136,-72.21149896760248,-72.21149896760248
1160.590032544136,-72.21549507390563,-72.21549507390563
1160.600032544136,-72.2194935966804,-72.2194935966804
1160.610032544136,-72.22349453369458,-72.22349453369458
1160.620032544136,-72.22749788251289,-72.22749788251289
1160.6300325441362,-72.23150364050753,-72.23150364050753
1160.6400325441361,-72.23551180484318,-72.23551180484318
1160.6500325441361,-72.23952237251677,-72.23952237251677
1160.6600325441361,-72.24353534031275,-72.24353534031275
1160.6700325441361,-72.24755070483873,-72.24755070483873
1160.680032544136,-72.25156846252354,-72.25156846252354
1160.690032544136,-72.25558860960409,-72.25558860960409
1160.700032544136,-72.25961114215107,-72.25961114215107
1160.710032544136,-72.26363605606466,-72.26363605606466
1160.720032544136,-72.26766334706758,-72.26766334706758
1160.730032544136,-72.27169301071791,-72.27169301071791
1160.740032544136,-72.27572504240507,-72.27572504240507
1160.750032544136,-72.2797594373607,-72.2797594373607
1160.760032544136,-72.28379619065986,-72.28379619065986
1160.770032544136,-72.2878352972217,-72.2878352972217
1160.780032544136,-72.29187675180115,-72.29187675180115
1160.790032544136,-72.2959205490111,-72.2959205490111
1160.800032544136,-72.29996668331786,-72.29996668331786
1160.810032544136,-72.30401514903944,-72.30401514903944
1160.820032544136,-72.30806594034404,-72.30806594034404
1160.830032544136,-72.31211905127017,-72.31211905127017
1160.840032544136,-72.31617447571959,-72.31617447571959
1160.850032544136,-72.32023220744581,-72.32023220744581
1160.860032544136,-72.32429224008723,-72.32429224008723
1160.870032544136,-72.32835456712941,-72.32835456712941
1160.8800325441362,-72.33241918195199,-72.33241918195199
1160.8900325441361,-72.33648607778714,-72.33648607778714
1160.9000325441361,-72.34055524776635,-72.34055524776635
1160.9100325441361,-72.34462668488028,-72.34462668488028
1160.9200325441361,-72.34870038201737,-72.34870038201737
1160.930032544136,-72.3527763319248,-72.3527763319248
1160.940032544136,-72.35685452726563,-72.35685452726563
1160.950032544136,-72.36093496057225,-72.36093496057225
1160.960032544136,-72.36501131047528,-72.36501131047528
1160.970032544136,-72.36908080026379,-72.36908080026379
1160.980032544136,-72.37314207055013,-72.37314207055013
1160.990032544136,-72.3771944181305,-72.3771944181305
1161.000032544136,-72.38123750544231,-72.38123750544231
1161.010032544136,-72.38527120974057,-72.38527120974057
1161.020032544136,-72.38929553468098,-72.38929553468098
1161.030032544136,-72.39331055724398,-72.39331055724398
1161.040032544136,-72.39731639576212,-72.39731639576212
1161.050032544136,-72.40131319077943,-72.40131319077943
1161.060032544136,-72.4053010936006,-72.4053010936006
1161.070032544136,-72.40928025958901,-72.40928025958901
1161.080032544136,-72.41325084428007,-72.41325084428007
1161.090032544136,-72.41721300127216,-72.41721300127216
1161.100032567978,-72.42116689054757,-72.42116689054757
1161.110032567978,-72.42511264038112,-72.42511264038112
1161.120032567978,-72.42905040377315,-72.42905040377315
1161.1300325679779,-72.43298032086578,-72.43298032086578
1161.1400325679779,-72.4369025286065,-72.4369025286065
1161.1500325679779,-72.44081716101385,-72.44081716101385
1161.1600325679779,-72.44472434944186,-72.44472434944186
1161.1700325679778,-72.44862422287179,-72.44862422287179
1161.1800325679778,-72.45251690812884,-72.45251690812884
1161.1900325679778,-72.4564025301171,-72.4564025301171
1161.2000325679778,-72.46028121200423,-72.46028121200423
1161.2100325679778,-72.46415307539444,-72.46415307539444
1161.2200325679778,-72.4680182404499,-72.4680182404499
1161.230032567978,-72.47187682602308,-72.47187682602308
1161.240032567978,-72.47572894973989,-72.47572894973989
1161.250032567978,-72.47957472808665,-72.47957472808665
1161.260032567978,-72.48341427648546,-72.48341427648546
1161.270032567978,-72.48724770932182,-72.48724770932182
1161.280032567978,-72.49107514001088,-72.49107514001088
1161.290032567978,-72.49489668100368,-72.49489668100368
1161.300032567978,-72.49871244384063,-72.49871244384063
1161.310032567978,-72.50252253914122,-72.50252253914122
1161.320032567978,-72.50632707663812,-72.50632707663812
1161.330032567978,-72.51012616516859,-72.51012616516859
1161.340032567978,-72.51391991269358,-72.51391991269358
1161.350032567978,-72.51770842627916,-72.51770842627916
1161.360032567978,-72.52149181211055,-72.52149181211055
1161.370032567978,-72.52527017549696,-72.52527017549696
1161.3800325679779,-72.52904362083952,-72.52904362083952
1161.3900325679779,-72.53281225164707,-72.53281225164707
1161.4000325679779,-72.53657617052713,-72.53657617052713
1161.4100325679779,-72.54033547916266,-72.54033547916266
1161.4200325679778,-72.54409027833421,-72.54409027833421
1161.4300325679778,-72.54784066787987,-72.54784066787987
1161.4400325679778,-72.55158674670743,-72.55158674670743
1161.4500325679778,-72.55532861277429,-72.55532861277429
1161.4600325679778,-72.55906636309642,-72.55906636309642
1161.4700325679778,-72.56280009372692,-72.56280009372692
1161.480032567978,-72.56652989975103,-72.56652989975103
1161.490032567978,-72.5702558752886,-72.5702558752886
1161.500032567978,-72.57397811346154,-72.57397811346154
1161.510032567978,-72.57769670642756,-72.57769670642756
1161.520032567978,-72.58141174533816,-72.58141174533816
1161.530032567978,-72.58512332036258,-72.58512332036258
1161.540032567978,-72.58883152066483,-72.58883152066483
1161.550032567978,-72.59253643440745,-72.59253643440745
1161.560032567978,-72.59623814873794,-72.59623814873794
1161.570032567978,-72.59993674979758,-72.59993674979758
1161.580032567978,-72.60363232271375,-72.60363232271375
1161.590032567978,-72.60732495160646,-72.60732495160646
1161.600032567978,-72.61101471958007,-72.61101471958007
1161.610032567978,-72.61470170871118,-72.61470170871118
1161.620032567978,-72.61838600007417,-72.61838600007417
1161.6300325679779,-72.62206767371902,-72.62206767371902
1161.6400325679779,-72.62574680867705,-72.62574680867705
1161.6500325679779,-72.62942348297551,-72.62942348297551
1161.6600325679779,-72.63309777361594,-72.63309777361594
1161.6700325679778,-72.63676975659637,-72.63676975659637
1161.6800325679778,-72.64043950689819,-72.64043950689819
1161.6900325679778,-72.64410709850745,-72.64410709850745
1161.7000325679778,-72.64777260440201,-72.64777260440201
1161.7100325679778,-72.65143609655628,-72.65143609655628
1161.7200325679778,-72.65509764594889,-72.65509764594889
1161.730032567978,-72.6587573225624,-72.6587573225624
1161.740032567978,-72.66241519540525,-72.66241519540525
1161.750032567978,-72.66607133249006,-72.66607133249006
1161.760032567978,-72.6697258008523,-72.6697258008523
1161.770032567978,-72.67337866655822,-72.67337866655822
1161.780032567978,-72.67702999471038,-72.67702999471038
1161.790032567978,-72.68067984944338,-72.68067984944338
1161.800032567978,-72.68432829393325,-72.68432829393325
1161.810032567978,-72.68797539041717,-72.68797539041717
1161.820032567978,-72.69162120017155,-72.69162120017155
1161.830032567978,-72.69526578355045,-72.69526578355045
1161.840032567978,-72.6989091999767,-72.6989091999767
1161.850032567978,-72.70255150795292,-72.70255150795292
1161.860032567978,-72.7061927650494,-72.7061927650494
1161.870032567978,-72.70983302793958,-72.70983302793958
1161.8800325679779,-72.7134723523959,-72.7134723523959
1161.8900325679779,-72.71711079329708,-72.71711079329708
1161.9000325679779,-72.72074840463056,-72.72074840463056
1161.9100325679779,-72.72438523950616,-72.72438523950616
1161.9200325679778,-72.72802135016933,-72.72802135016933
1161.9300325679778,-72.73165678799548,-72.73165678799548
1161.9400325679778,-72.73529160350563,-72.73529160350563
1161.9500325918198,-72.7389258550264,-72.7389258550264
1161.9600325918198,-72.74255322748536,-72.74255322748536
1161.9700325918197,-72.74617099431147,-72.74617099431147
1161.9800325918197,-72.74977784429498,-72.74977784429498
1161.9900325918197,-72.75329221498961,-72.75329221498961
1162.0000325918197,-72.75668195686865,-72.75668195686865
1162.0100325918197,-72.75993200097726,-72.75993200097726
1162.0200325918197,-72.76303444137436,-72.76303444137436
1162.0300325918197,-72.76598544721871,-72.76598544721871
1162.0400325918197,-72.76878383164362,-72.76878383164362
1162.0500325918197,-72.7714301769653,-72.7714301769653
1162.0600325918197,-72.7739262441949,-72.7739262441949
1162.0700325918197,-72.77627456465763,-72.77627456465763
1162.0800325918199,-72.77847815675915,-72.77847815675915
1162.0900325918199,-72.78054033026474,-72.78054033026474
1162.1000325918199,-72.7824645518147,-72.7824645518147
1162.1100325918198,-72.78425435330188,-72.78425435330188
1162.1200325918198,-72.7859132701762,-72.7859132701762
1162.1300325918198,-72.78744480063072,-72.78744480063072
1162.1400325918198,-72.78885237926218,-72.78885237926218
1162.1500325918198,-72.79013936077195,-72.79013936077195
1162.1600325918198,-72.79130901058674,-72.79130901058674
1162.1700325918198,-72.79236450014194,-72.79236450014194
1162.1800325918198,-72.79330890537885,-72.79330890537885
1162.1900325918198,-72.7941452073309,-72.7941452073309
1162.2000325918198,-72.79487629407343,-72.79487629407343
1162.2100325918198,-72.79549861887874,-72.79549861887874
1162.2200325918197,-72.79601211413672,-72.79601211413672
1162.2300325918197,-72.79641805421093,-72.79641805421093
1162.2400325918197,-72.79671829330718,-72.79671829330718
1162.2500325918197,-72.79691497685168,-72.79691497685168
1162.2600325918197,-72.79701039334364,-72.79701039334364
1162.2700325918197,-72.7970068888806,-72.7970068888806
1162.2800325918197,-72.79690681701044,-72.79690681701044
1162.2900325918197,-72.79671250968015,-72.79671250968015
1162.3000325918197,-72.79642626086051,-72.79642626086051
1162.3100325918197,-72.79605031772788,-72.79605031772788
1162.3200325918197,-72.79558687646873,-72.79558687646873
1162.3300325918199,-72.79503808070147,-72.79503808070147
1162.3400325918199,-72.79440602159079,-72.79440602159079
1162.3500325918199,-72.7936927387954,-72.7936927387954
1162.3600325918198,-72.79290022196476,-72.79290022196476
1162.3700325918198,-72.79203041247077,-72.79203041247077
1162.3800325918198,-72.79108520520568,-72.79108520520568
1162.3900325918198,-72.79006645040882,-72.79006645040882
1162.4000325918198,-72.78897595544764,-72.78897595544764
1162.4100325918198,-72.78781548647441,-72.78781548647441
1162.4200325918198,-72.78658677004118,-72.78658677004118
1162.4300325918198,-72.78529149460574,-72.78529149460574
1162.4400325918198,-72.78393131192053,-72.78393131192053
1162.4500325918198,-72.78250783835126,-72.78250783835126
1162.4600325918198,-72.78102265612137,-72.78102265612137
1162.4700325918197,-72.77947731444658,-72.77947731444658
1162.4800325918197,-72.77787333061475,-72.77787333061475
1162.4900325918197,-72.77621219100828,-72.77621219100828
1162.5000325918197,-72.77449535204511,-72.77449535204511
1162.5100325918197,-72.772724241081,-72.772724241081
1162.5200325918197,-72.77090025725605,-72.77090025725605
1162.5300325918197,-72.76902477229478,-72.76902477229478
1162.5400325918197,-72.76709913126176,-72.76709913126176
1162.5500325918197,-72.76512465328425,-72.76512465328425
1162.5600325918197,-72.76310263223107,-72.76310263223107
1162.5700325918197,-72.76103433737377,-72.76103433737377
1162.5800325918199,-72.75892101399076,-72.75892101399076
1162.5900325918199,-72.75676388399275,-72.75676388399275
1162.6000325918199,-72.75456414646163,-72.75456414646163
1162.6100325918198,-72.75232297820375,-72.75232297820375
1162.6200325918198,-72.75004153428183,-72.75004153428183
1162.6300325918198,-72.74772094850125,-72.74772094850125
1162.6400325918198,-72.74536233391034,-72.74536233391034
1162.6500325918198,-72.7429667832416,-72.7429667832416
1162.6600325918198,-72.74053536939168,-72.74053536939168
1162.6700325918198,-72.73806914581247,-72.73806914581247
1162.6800325918198,-72.73556914696856,-72.73556914696856
1162.6900325918198,-72.7330363887156,-72.7330363887156
1162.7000325918198,-72.73047186867701,-72.73047186867701
1162.7100325918198,-72.72787656667698,-72.72787656667698
1162.7200325918197,-72.72525144503663,-72.72525144503663
1162.7300325918197,-72.72259744896783,-72.72259744896783
1162.7400325918197,-72.71991550690542,-72.71991550690542
1162.7500325918197,-72.71720653084068,-72.71720653084068
1162.7600325918197,-72.71447141666195,-72.71447141666195
1162.7700325918197,-72.71171104442588,-72.71171104442588
1162.7800325918197,-72.70892627869326,-72.70892627869326
1162.7900325918197,-72.70611796883296,-72.70611796883296
1162.8000326156616,-72.70328694254812,-72.70328694254812
1162.8100326156616,-72.70043403302893,-72.70043403302893
1162.8200326156616,-72.69756003913467,-72.69756003913467
1162.8300326156616,-72.69466575218948,-72.69466575218948
1162.8400326156616,-72.6917519497116,-72.6917519497116
1162.8500326156616,-72.6888193956383,-72.6888193956383
1162.8600326156616,-72.68586884057996,-72.68586884057996
1162.8700326156616,-72.68290102204142,-72.68290102204142
1162.8800326156615,-72.67991666468427,-72.67991666468427
1162.8900326156615,-72.67691648053184,-72.67691648053184
1162.9000326156615,-72.67390116921784,-72.67390116921784
1162.9100326156615,-72.6708714181746,-72.6708714181746
1162.9200326156615,-72.66782790287549,-72.66782790287549
1162.9300326156617,-72.66477128702729,-72.66477128702729
1162.9400326156617,-72.6617022227965,-72.6617022227965
1162.9500326156617,-72.6586213509768,-72.6586213509768
1162.9600326156617,-72.6555293012168,-72.6555293012168
1162.9700326156617,-72.65242669219035,-72.65242669219035
1162.9800326156617,-72.64931413179876,-72.64931413179876
1162.9900326156617,-72.6461922173547,-72.6461922173547
1163.0000326156617,-72.64306153573703,-72.64306153573703
1163.0100326156617,-72.63992266360441,-72.63992266360441
1163.0200326156616,-72.63677616754183,-72.63677616754183
1163.0300326156616,-72.63362260424744,-72.63362260424744
1163.0400326156616,-72.63046252068158,-72.63046252068158
1163.0500326156616,-72.6272964542375,-72.6272964542375
1163.0600326156616,-72.62412493290876,-72.62412493290876
1163.0700326156616,-72.62094847543212,-72.62094847543212
1163.0800326156616,-72.61776759144433,-72.61776759144433
1163.0900326156616,-72.61458278164524,-72.61458278164524
1163.1000326156616,-72.6113945379284,-72.6113945379284
1163.1100326156616,-72.60820334353075,-72.60820334353075
1163.1200326156616,-72.60500967317057,-72.60500967317057
1163.1300326156615,-72.60181399321684,-72.60181399321684
1163.1400326156615,-72.59861676177786,-72.59861676177786
1163.1500326156615,-72.59541842886844,-72.59541842886844
1163.1600326156615,-72.59221943652838,-72.59221943652838
1163.1700326156615,-72.58902021896782,-72.58902021896782
1163.1800326156617,-72.5858212026711,-72.5858212026711
1163.1900326156617,-72.5826228065376,-72.5826228065376
1163.2000326156617,-72.5794254420025,-72.5794254420025
1163.2100326156617,-72.57622320151182,-72.57622320151182
1163.2200326156617,-72.57301372415016,-72.57301372415016
1163.2300326156617,-72.5697960604745,-72.5697960604745
1163.2400326156617,-72.5665699094648,-72.5665699094648
1163.2500326156617,-72.5633353277664,-72.5633353277664
1163.2600326156617,-72.56009257903013,-72.56009257903013
1163.2700326156616,-72.55684204576212,-72.55684204576212
1163.2800326156616,-72.55358417651061,-72.55358417651061
1163.2900326156616,-72.55031945417073,-72.55031945417073
1163.3000326156616,-72.54704837704654,-72.54704837704654
1163.3100326156616,-72.54377144763899,-72.54377144763899
1163.3200326156616,-72.54048916610172,-72.54048916610172
1163.3300326156616,-72.53720202651958,-72.53720202651958
1163.3400326156616,-72.53391051494106,-72.53391051494106
1163.3500326156616,-72.53061510842835,-72.53061510842835
1163.3600326156616,-72.52731627472662,-72.52731627472662
1163.3700326156616,-72.5240144722969,-72.5240144722969
1163.3800326156615,-72.5207101505313,-72.5207101505313
1163.3900326156615,-72.51740375007519,-72.51740375007519
1163.4000326156615,-72.51409570319379,-72.51409570319379
1163.4100326156615,-72.51078643412988,-72.51078643412988
1163.4200326156615,-72.50747635944965,-72.50747635944965
1163.4300326156617,-72.50416588839767,-72.50416588839767
1163.4400326156617,-72.50085542315486,-72.50085542315486
1163.4500326156617,-72.49754535913134,-72.49754535913134
1163.4600326156617,-72.49423608521232,-72.49423608521232
1163.4700326156617,-72.49092798395216,-72.49092798395216
1163.4800326156617,-72.4876214317867,-72.4876214317867
1163.4900326156617,-72.48431679917498,-72.48431679917498
1163.5000326156617,-72.48101445078112,-72.48101445078112
1163.5100326156617,-72.47771474559647,-72.47771474559647
1163.5200326156616,-72.47441803705412,-72.47441803705412
1163.5300326156616,-72.47112467314753,-72.47112467314753
1163.5400326156616,-72.46783499652982,-72.46783499652982
1163.5500326156616,-72.46454934460084,-72.46454934460084
1163.5600326156616,-72.46126804959053,-72.46126804959053
1163.5700326156616,-72.4579914386302,-72.4579914386302
1163.5800326156616,-72.45471983384523,-72.45471983384523
1163.5900326156616,-72.45145355238724,-72.45145355238724
1163.6000326156616,-72.44819290652698,-72.44819290652698
1163.6100326156616,-72.4449382037014,-72.4449382037014
1163.6200326156616,-72.44168974655928,-72.44168974655928
1163.6300326156615,-72.4384478330435,-72.4384478330435
1163.6400326156615,-72.43521275641207,-72.43521275641207
1163.6500326395035,-72.43198479762532,-72.43198479762532
1163.6600326395035,-72.42876425615343,-72.42876425615343
1163.6700326395035,-72.42555140383827,-72.42555140383827
1163.6800326395035,-72.42234651574938,-72.42234651574938
1163.6900326395034,-72.41914986253634,-72.41914986253634
1163.7000326395034,-72.41596171045073,-72.41596171045073
1163.7100326395034,-72.41278232141788,-72.41278232141788
1163.7200326395034,-72.40961195304904,-72.40961195304904
1163.7300326395034,-72.4064508587193,-72.4064508587193
1163.7400326395034,-72.40329928758291,-72.40329928758291
1163.7500326395034,-72.40015748462199,-72.40015748462199
1163.7600326395034,-72.39702569070396,-72.39702569070396
1163.7700326395034,-72.39390414262255,-72.39390414262255
1163.7800326395036,-72.39079307310307,-72.39079307310307
1163.7900326395036,-72.38769271090378,-72.38769271090378
1163.8000326395036,-72.38460328081024,-72.38460328081024
1163.8100326395036,-72.38152500369296,-72.38152500369296
1163.8200326395036,-72.37845809654628,-72.37845809654628
1163.8300326395035,-72.37540277254239,-72.37540277254239
1163.8400326395035,-72.3723592410607,-72.3723592410607
1163.8500326395035,-72.36932770772184,-72.36932770772184
1163.8600326395035,-72.36630837444584,-72.36630837444584
1163.8700326395035,-72.36330143948243,-72.36330143948243
1163.8800326395035,-72.36030709745273,-72.36030709745273
1163.8900326395035,-72.35732553939113,-72.35732553939113
1163.9000326395035,-72.35435695278474,-72.35435695278474
1163.9100326395035,-72.3514015216171,-72.3514015216171
1163.9200326395035,-72.34839382362256,-72.34839382362256
1163.9300326395035,-72.34531229060165,-72.34531229060165
1163.9400326395034,-72.34214983938134,-72.34214983938134
1163.9500326395034,-72.33890410716852,-72.33890410716852
1163.9600326395034,-72.33557449024902,-72.33557449024902
1163.9700326395034,-72.33216114069425,-72.33216114069425
1163.9800326395034,-72.32866458481148,-72.32866458481148
1163.9900326395034,-72.32508556449646,-72.32508556449646
1164.0000326395034,-72.32142496613245,-72.32142496613245
1164.0100326395034,-72.31768378560524,-72.31768378560524
1164.0200326395034,-72.31386310850328,-72.31386310850328
1164.0300326395036,-72.30996409664338,-72.30996409664338
1164.0400326395036,-72.3059879772805,-72.3059879772805
1164.0500326395036,-72.30193603362517,-72.30193603362517
1164.0600326395036,-72.29780959599753,-72.29780959599753
1164.0700326395036,-72.2936100336937,-72.2936100336937
1164.0800326395035,-72.28933874745141,-72.28933874745141
1164.0900326395035,-72.28499716258511,-72.28499716258511
1164.1000326395035,-72.28058672281342,-72.28058672281342
1164.1100326395035,-72.27610888478127,-72.27610888478127
1164.1200326395035,-72.27156511322266,-72.27156511322266
1164.1300326395035,-72.26695687676137,-72.26695687676137
1164.1400326395035,-72.26228564427886,-72.26228564427886
1164.1500326395035,-72.25755288177497,-72.25755288177497
1164.1600326395035,-72.2527600497181,-72.2527600497181
1164.1700326395035,-72.24790860077063,-72.24790860077063
1164.1800326395035,-72.24299997788995,-72.24299997788995
1164.1900326395034,-72.23803561274426,-72.23803561274426
1164.2000326395034,-72.2330169243545,-72.2330169243545
1164.2100326395034,-72.22794531800452,-72.22794531800452
1164.2200326395034,-72.22282218433934,-72.22282218433934
1164.2300326395034,-72.21764889862494,-72.21764889862494
1164.2400326395034,-72.21242682016089,-72.21242682016089
1164.2500326395034,-72.20715729178751,-72.20715729178751
1164.2600326395034,-72.2018416395733,-72.2018416395733
1164.2700326395034,-72.1964811724925,-72.1964811724925
1164.2800326395036,-72.19107718225087,-72.19107718225087
1164.2900326395036,-72.18563094314113,-72.18563094314113
1164.3000326395036,-72.1801437119731,-72.1801437119731
1164.3100326395036,-72.17461672804298,-72.17461672804298
1164.3200326395036,-72.16905121311711,-72.16905121311711
1164.3300326395035,-72.16344837148851,-72.16344837148851
1164.3400326395035,-72.15780939005568,-72.15780939005568
1164.3500326395035,-72.15213543839712,-72.15213543839712
1164.3600326395035,-72.14642766887657,-72.14642766887657
1164.3700326395035,-72.1406872167823,-72.1406872167823
1164.3800326395035,-72.1349152004792,-72.1349152004792
1164.3900326395035,-72.12911272152989,-72.12911272152989
1164.4000326395035,-72.12328086488984,-72.12328086488984
1164.4100326395035,-72.11742069904867,-72.11742069904867
1164.4200326395035,-72.11153327622168,-72.11153327622168
1164.4300326395035,-72.10561963254219,-72.10561963254219
1164.4400326395034,-72.09968078821095,-72.09968078821095
1164.4500326395034,-72.09371774772784,-72.09371774772784
1164.4600326395034,-72.08773150005118,-72.08773150005118
1164.4700326395034,-72.08172301880677,-72.08172301880677
1164.4800326395034,-72.07569326246465,-72.07569326246465
1164.4900326395034,-72.06964317455837,-72.06964317455837
1164.5000326633453,-72.0635736693852,-72.0635736693852
1164.5100326633453,-72.05748568998679,-72.05748568998679
1164.5200326633453,-72.05138012184719,-72.05138012184719
1164.5300326633453,-72.04525785059745,-72.04525785059745
1164.5400326633453,-72.03911974788556,-72.03911974788556
1164.5500326633453,-72.03296667157227,-72.03296667157227
1164.5600326633453,-72.02679946590214,-72.02679946590214
1164.5700326633453,-72.02061896169798,-72.02061896169798
1164.5800326633453,-72.01442597654452,-72.01442597654452
1164.5900326633453,-72.00822131496896,-72.00822131496896
1164.6000326633452,-72.00200576861315,-72.00200576861315
1164.6100326633452,-71.99578011643165,-71.99578011643165
1164.6200326633452,-71.98954512485696,-71.98954512485696
1164.6300326633454,-71.9833015479752,-71.9833015479752
1164.6400326633454,-71.97705012770061,-71.97705012770061
1164.6500326633454,-71.97079159393584,-71.97079159393584
1164.6600326633454,-71.96452666476502,-71.96452666476502
1164.6700326633454,-71.95825604659684,-71.95825604659684
1164.6800326633454,-71.95198043434414,-71.95198043434414
1164.6900326633454,-71.94570051156893,-71.94570051156893
1164.7000326633454,-71.9394169506665,-71.9394169506665
1164.7100326633454,-71.93312415766337,-71.93312415766337
1164.7200326633454,-71.92682005263288,-71.92682005263288
1164.7300326633454,-71.92050395172312,-71.92050395172312
1164.7400326633453,-71.91417581052059,-71.91417581052059
1164.7500326633453,-71.90783593582607,-71.90783593582607
1164.7600326633453,-71.90148483629059,-71.90148483629059
1164.7700326633453,-71.89512313497191,-71.89512313497191
1164.7800326633453,-71.88875151697987,-71.88875151697987
1164.7900326633453,-71.88237069799514,-71.88237069799514
1164.8000326633453,-71.87598140553158,-71.87598140553158
1164.8100326633453,-71.86958436778269,-71.86958436778269
1164.8200326633453,-71.86318030716087,-71.86318030716087
1164.8300326633453,-71.85676993663333,-71.85676993663333
1164.8400326633453,-71.85035395778971,-71.85035395778971
1164.8500326633452,-71.84393305992961,-71.84393305992961
1164.8600326633452,-71.83750791979264,-71.83750791979264
1164.8700326633452,-71.83107920160606,-71.83107920160606
1164.8800326633454,-71.82464755735172,-71.82464755735172
1164.8900326633454,-71.81821362710922,-71.81821362710922
1164.9000326633454,-71.81177803947476,-71.81177803947476
1164.9100326633454,-71.8053414119434,-71.8053414119434
1164.9200326633454,-71.79890435131169,-71.79890435131169
1164.9300326633454,-71.7924674540315,-71.7924674540315
1164.9400326633454,-71.78603130654577,-71.78603130654577
1164.9500326633454,-71.77959648560349,-71.77959648560349
1164.9600326633454,-71.77316355851315,-71.77316355851315
1164.9700326633454,-71.7667330834188,-71.7667330834188
1164.9800326633454,-71.76030560951217,-71.76030560951217
1164.9900326633453,-71.75388167722852,-71.75388167722852
1165.0000326633453,-71.74746181845242,-71.74746181845242
1165.0100326633453,-71.74104655667573,-71.74104655667573
1165.0200326633453,-71.73463640714799,-71.73463640714799
1165.0300326633453,-71.72823187703467,-71.72823187703467
1165.0400326633453,-71.72183346552892,-71.72183346552892
1165.0500326633453,-71.7154416639986,-71.7154416639986
1165.0600326633453,-71.70905695608302,-71.70905695608302
1165.0700326633453,-71.70267981779676,-71.70267981779676
1165.0800326633453,-71.69631071765586,-71.69631071765586
1165.0900326633453,-71.6899501167529,-71.6899501167529
1165.1000326633452,-71.68359846886821,-71.68359846886821
1165.1100326633452,-71.67725622053695,-71.67725622053695
1165.1200326633452,-71.67092381115573,-71.67092381115573
1165.1300326633454,-71.66460167306522,-71.66460167306522
1165.1400326633454,-71.65829023162354,-71.65829023162354
1165.1500326633454,-71.65198990528829,-71.65198990528829
1165.1600326633454,-71.64570110569143,-71.64570110569143
1165.1700326633454,-71.63942423771978,-71.63942423771978
1165.1800326633454,-71.63315969959848,-71.63315969959848
1165.1900326633454,-71.62690788293911,-71.62690788293911
1165.2000326633454,-71.62066917284642,-71.62066917284642
1165.2100326633454,-71.61444394795237,-71.61444394795237
1165.2200326633454,-71.60823258053085,-71.60823258053085
1165.2300326633454,-71.60203543651737,-71.60203543651737
1165.2400326633453,-71.59585287563021,-71.59585287563021
1165.2500326633453,-71.58968525140668,-71.58968525140668
1165.2600326633453,-71.58353291127573,-71.58353291127573
1165.2700326633453,-71.57739619662472,-71.57739619662472
1165.2800326633453,-71.57127544289195,-71.57127544289195
1165.2900326633453,-71.56517097959751,-71.56517097959751
1165.3000326633453,-71.55908313042869,-71.55908313042869
1165.3100326633453,-71.55301221330204,-71.55301221330204
1165.3200326633453,-71.54695854043905,-71.54695854043905
1165.3300326633453,-71.54092241841458,-71.54092241841458
1165.3400326633453,-71.53490414823412,-71.53490414823412
1165.3500326871872,-71.52890401110211,-71.52890401110211
1165.3600326871872,-71.52292232570508,-71.52292232570508
1165.3700326871872,-71.51695936236604,-71.51695936236604
1165.3800326871872,-71.5110154004418,-71.5110154004418
1165.3900326871872,-71.50509071402813,-71.50509071402813
1165.4000326871871,-71.49918557203007,-71.49918557203007
1165.4100326871871,-71.49330023822681,-71.49330023822681
1165.4200326871871,-71.4874349713232,-71.4874349713232
1165.4300326871871,-71.4815900250178,-71.4815900250178
1165.440032687187,-71.47576564806518,-71.47576564806518
1165.450032687187,-71.46996208433511,-71.46996208433511
1165.460032687187,-71.46417335676912,-71.46417335676912
1165.470032687187,-71.45839698617243,-71.45839698617243
1165.4800326871873,-71.45263188694014,-71.45263188694014
1165.4900326871873,-71.44687761507842,-71.44687761507842
1165.5000326871873,-71.44113408167865,-71.44113408167865
1165.5100326871873,-71.43540140431297,-71.43540140431297
1165.5200326871873,-71.42967981998659,-71.42967981998659
1165.5300326871873,-71.42396963290732,-71.42396963290732
1165.5400326871872,-71.41827118309142,-71.41827118309142
1165.5500326871872,-71.4125848275872,-71.4125848275872
1165.5600326871872,-71.40691092929586,-71.40691092929586
1165.5700326871872,-71.40124985043238,-71.40124985043238
1165.5800326871872,-71.39560194880565,-71.39560194880565
1165.5900326871872,-71.38996757582163,-71.38996757582163
1165.6000326871872,-71.38434707551355,-71.38434707551355
1165.6100326871872,-71.37874078415058,-71.37874078415058
1165.6200326871872,-71.3731490302651,-71.3731490302651
1165.6300326871872,-71.36757213483403,-71.36757213483403
1165.6400326871872,-71.36201041156728,-71.36201041156728
1165.6500326871871,-71.35646416723958,-71.35646416723958
1165.6600326871871,-71.3509337020361,-71.3509337020361
1165.6700326871871,-71.34541930987069,-71.34541930987069
1165.6800326871871,-71.33992127869081,-71.33992127869081
1165.690032687187,-71.33443989074578,-71.33443989074578
1165.700032687187,-71.32897542283798,-71.32897542283798
1165.710032687187,-71.32352814653845,-71.32352814653845
1165.720032687187,-71.31809832839095,-71.31809832839095
1165.7300326871873,-71.31268623005482,-71.31268623005482
1165.7400326871873,-71.30729210848153,-71.30729210848153
1165.7500326871873,-71.30191621602746,-71.30191621602746
1165.7600326871873,-71.29655880058112,-71.29655880058112
1165.7700326871873,-71.29122010565729,-71.29122010565729
1165.7800326871873,-71.28590037048815,-71.28590037048815
1165.7900326871872,-71.28059983010324,-71.28059983010324
1165.8000326871872,-71.27531871540454,-71.27531871540454
1165.8100326871872,-71.27005725323096,-71.27005725323096
1165.8200326871872,-71.26481566640739,-71.26481566640739
1165.8300326871872,-71.25959417382629,-71.25959417382629
1165.8400326871872,-71.25439299045863,-71.25439299045863
1165.8500326871872,-71.24921232741896,-71.24921232741896
1165.8600326871872,-71.24405239201464,-71.24405239201464
1165.8700326871872,-71.23891338778347,-71.23891338778347
1165.8800326871872,-71.23379551451806,-71.23379551451806
1165.8900326871872,-71.22869896831783,-71.22869896831783
1165.9000326871871,-71.22362394161375,-71.22362394161375
1165.9100326871871,-71.21857062321821,-71.21857062321821
1165.9200326871871,-71.2135391983384,-71.2135391983384
1165.9300326871871,-71.20852984861628,-71.20852984861628
1165.940032687187,-71.20354275216938,-71.20354275216938
1165.950032687187,-71.1985780836142,-71.1985780836142
1165.960032687187,-71.19363601410033,-71.19363601410033
1165.970032687187,-71.18871671132058,-71.18871671132058
1165.9800326871873,-71.18382033959034,-71.18382033959034
1165.9900326871873,-71.1789470598196,-71.1789470598196
1166.0000326871873,-71.17409702959354,-71.17409702959354
1166.0100326871873,-71.1692704031719,-71.1692704031719
1166.0200326871873,-71.16446733153452,-71.16446733153452
1166.0300326871873,-71.15968796239216,-71.15968796239216
1166.0400326871872,-71.15493244025595,-71.15493244025595
1166.0500326871872,-71.15020090642643,-71.15020090642643
1166.0600326871872,-71.14549349903794,-71.14549349903794
1166.0700326871872,-71.14081035310626,-71.14081035310626
1166.0800326871872,-71.1361516005394,-71.1361516005394
1166.0900326871872,-71.13151737018502,-71.13151737018502
1166.1000326871872,-71.1269077878283,-71.1269077878283
1166.1100326871872,-71.12232297626751,-71.12232297626751
1166.1200326871872,-71.117763055324,-71.117763055324
1166.1300326871872,-71.11322814186255,-71.11322814186255
1166.1400326871872,-71.1087183498385,-71.1087183498385
1166.1500326871871,-71.10423379032461,-71.10423379032461
1166.1600326871871,-71.09977457154521,-71.09977457154521
1166.1700326871871,-71.09534079889902,-71.09534079889902
1166.1800326871871,-71.09093257499676,-71.09093257499676
1166.190032687187,-71.08654999969579,-71.08654999969579
1166.200032711029,-71.08219315974418,-71.08219315974418
1166.210032711029,-71.077862170422,-71.077862170422
1166.220032711029,-71.07355711300076,-71.07355711300076
1166.230032711029,-71.06927807663571,-71.06927807663571
1166.240032711029,-71.06502514786064,-71.06502514786064
1166.250032711029,-71.06079841064411,-71.06079841064411
1166.260032711029,-71.05659794639853,-71.05659794639853
1166.270032711029,-71.05242383404436,-71.05242383404436
1166.280032711029,-71.04827615001118,-71.04827615001118
1166.290032711029,-71.04415496828975,-71.04415496828975
1166.300032711029,-71.04006036044468,-71.04006036044468
1166.310032711029,-71.03599239566684,-71.03599239566684
1166.320032711029,-71.03195114077457,-71.03195114077457
1166.3300327110292,-71.02793666026474,-71.02793666026474
1166.3400327110292,-71.02394901634221,-71.02394901634221
1166.3500327110291,-71.01998826894484,-71.01998826894484
1166.3600327110291,-71.01605447577036,-71.01605447577036
1166.3700327110291,-71.01214769230461,-71.01214769230461
1166.3800327110291,-71.00826797186166,-71.00826797186166
1166.390032711029,-71.00441536559775,-71.00441536559775
1166.400032711029,-71.000589922554,-71.000589922554
1166.410032711029,-70.99679168968164,-70.99679168968164
1166.420032711029,-70.99302071186236,-70.99302071186236
1166.430032711029,-70.98927703194721,-70.98927703194721
1166.440032711029,-70.98556069077402,-70.98556069077402
1166.450032711029,-70.98187172720966,-70.98187172720966
1166.460032711029,-70.9782101781632,-70.9782101781632
1166.470032711029,-70.97457607861371,-70.97457607861371
1166.480032711029,-70.97096946165776,-70.97096946165776
1166.490032711029,-70.96739035850042,-70.96739035850042
1166.500032711029,-70.96383879851912,-70.96383879851912
1166.510032711029,-70.96031480926852,-70.96031480926852
1166.520032711029,-70.95681841651765,-70.95681841651765
1166.530032711029,-70.95334964425591,-70.95334964425591
1166.540032711029,-70.94990851474248,-70.94990851474248
1166.550032711029,-70.94649504852423,-70.94649504852423
1166.560032711029,-70.9431092644509,-70.9431092644509
1166.570032711029,-70.9397511797203,-70.9397511797203
1166.5800327110292,-70.93642080987158,-70.93642080987158
1166.5900327110292,-70.93311816884983,-70.93311816884983
1166.6000327110291,-70.92984326900796,-70.92984326900796
1166.6100327110291,-70.92659612111039,-70.92659612111039
1166.6200327110291,-70.92337673440015,-70.92337673440015
1166.6300327110291,-70.92018511658895,-70.92018511658895
1166.640032711029,-70.91702127390423,-70.91702127390423
1166.650032711029,-70.91388521108507,-70.91388521108507
1166.660032711029,-70.91077693142478,-70.91077693142478
1166.670032711029,-70.90769643679934,-70.90769643679934
1166.680032711029,-70.9046437276681,-70.9046437276681
1166.690032711029,-70.90161880310252,-70.90161880310252
1166.700032711029,-70.89862166082723,-70.89862166082723
1166.710032711029,-70.89565229720412,-70.89565229720412
1166.720032711029,-70.89271070730175,-70.89271070730175
1166.730032711029,-70.8897968848708,-70.8897968848708
1166.740032711029,-70.8869108223868,-70.8869108223868
1166.750032711029,-70.88405251107812,-70.88405251107812
1166.760032711029,-70.88122194092321,-70.88122194092321
1166.770032711029,-70.87841910069018,-70.87841910069018
1166.780032711029,-70.8756439779502,-70.8756439779502
1166.790032711029,-70.87289655908747,-70.87289655908747
1166.800032711029,-70.87017682934832,-70.87017682934832
1166.810032711029,-70.86748477281196,-70.86748477281196
1166.820032711029,-70.8648203724542,-70.8648203724542
1166.8300327110292,-70.86218361015054,-70.86218361015054
1166.8400327110292,-70.85957446668046,-70.85957446668046
1166.8500327110291,-70.85699292177364,-70.85699292177364
1166.8600327110291,-70.85443895409472,-70.85443895409472
1166.8700327110291,-70.85191254129313,-70.85191254129313
1166.8800327110291,-70.8494136599886,-70.8494136599886
1166.890032711029,-70.8469422858214,-70.8469422858214
1166.900032711029,-70.84449839345048,-70.84449839345048
1166.910032711029,-70.84208195656537,-70.84208195656537
1166.920032711029,-70.83969294791761,-70.83969294791761
1166.930032711029,-70.8373313393274,-70.8373313393274
1166.940032711029,-70.83499710169887,-70.83499710169887
1166.950032711029,-70.83269020504548,-70.83269020504548
1166.960032711029,-70.83040445229277,-70.83040445229277
1166.970032711029,-70.82813711713716,-70.82813711713716
1166.980032711029,-70.82588685909217,-70.82588685909217
1166.990032711029,-70.82365297816888,-70.82365297816888
1167.000032711029,-70.82143513069687,-70.82143513069687
1167.010032711029,-70.81923318180526,-70.81923318180526
1167.020032711029,-70.81704711898033,-70.81704711898033
1167.030032711029,-70.81487700013633,-70.81487700013633
1167.040032711029,-70.81272292235988,-70.81272292235988
1167.050032734871,-70.81058499812816,-70.81058499812816
1167.060032734871,-70.80846336456526,-70.80846336456526
1167.070032734871,-70.80635814614233,-70.80635814614233
1167.0800327348709,-70.80426947154861,-70.80426947154861
1167.0900327348709,-70.80219746644416,-70.80219746644416
1167.1000327348709,-70.80014225246944,-70.80014225246944
1167.1100327348709,-70.79810394683273,-70.79810394683273
1167.1200327348708,-70.79608266228838,-70.79608266228838
1167.1300327348708,-70.79407850727426,-70.79407850727426
1167.1400327348708,-70.79209158616928,-70.79209158616928
1167.1500327348708,-70.79012199959884,-70.79012199959884
1167.1600327348708,-70.78816984472527,-70.78816984472527
1167.1700327348708,-70.78623521552636,-70.78623521552636
1167.180032734871,-70.78431820308373,-70.78431820308373
1167.190032734871,-70.78241889581257,-70.78241889581257
1167.200032734871,-70.78053737965612,-70.78053737965612
1167.210032734871,-70.77866757620347,-70.77866757620347
1167.220032734871,-70.77680687398608,-70.77680687398608
1167.230032734871,-70.77495404530139,-70.77495404530139
1167.240032734871,-70.77310850155821,-70.77310850155821
1167.250032734871,-70.77127000936845,-70.77127000936845
1167.260032734871,-70.76943854318951,-70.76943854318951
1167.270032734871,-70.76761419896494,-70.76761419896494
1167.280032734871,-70.76579714229969,-70.76579714229969
1167.290032734871,-70.76398757724662,-70.76398757724662
1167.300032734871,-70.76218572763018,-70.76218572763018
1167.310032734871,-70.76039182591465,-70.76039182591465
1167.320032734871,-70.75860610665552,-70.75860610665552
1167.3300327348709,-70.75682880279186,-70.75682880279186
1167.3400327348709,-70.75506014358383,-70.75506014358383
1167.3500327348709,-70.75330035361499,-70.75330035361499
1167.3600327348709,-70.75154965237743,-70.75154965237743
1167.3700327348708,-70.74980825424741,-70.74980825424741
1167.3800327348708,-70.74807636861229,-70.74807636861229
1167.3900327348708,-70.746354200114,-70.746354200114
1167.4000327348708,-70.74464194894045,-70.74464194894045
1167.4100327348708,-70.74293981112244,-70.74293981112244
1167.4200327348708,-70.74124797881262,-70.74124797881262
1167.430032734871,-70.73956664052363,-70.73956664052363
1167.440032734871,-70.73789598137087,-70.73789598137087
1167.450032734871,-70.73623618326481,-70.73623618326481
1167.460032734871,-70.7345874250873,-70.7345874250873
1167.470032734871,-70.73294988284923,-70.73294988284923
1167.480032734871,-70.73132372979592,-70.73132372979592
1167.490032734871,-70.72970913653356,-70.72970913653356
1167.500032734871,-70.72810627110141,-70.72810627110141
1167.510032734871,-70.72651529904729,-70.72651529904729
1167.520032734871,-70.7249363834882,-70.7249363834882
1167.530032734871,-70.7233696851761,-70.7233696851761
1167.540032734871,-70.72181536252572,-70.72181536252572
1167.550032734871,-70.72027357163432,-70.72027357163432
1167.560032734871,-70.71874446633791,-70.71874446633791
1167.570032734871,-70.71722819820585,-70.71722819820585
1167.5800327348709,-70.71572491658037,-70.71572491658037
1167.5900327348709,-70.7142347685724,-70.7142347685724
1167.6000327348709,-70.71275789907573,-70.71275789907573
1167.6100327348709,-70.7112944507909,-70.7112944507909
1167.6200327348708,-70.70984456421505,-70.70984456421505
1167.6300327348708,-70.70840837765763,-70.70840837765763
1167.6400327348708,-70.70698602724234,-70.70698602724234
1167.6500327348708,-70.70557764690031,-70.70557764690031
1167.6600327348708,-70.70418336839711,-70.70418336839711
1167.6700327348708,-70.70280332132212,-70.70280332132212
1167.680032734871,-70.70143763309281,-70.70143763309281
1167.690032734871,-70.70008642895326,-70.70008642895326
1167.700032734871,-70.69874983198909,-70.69874983198909
1167.710032734871,-70.69742796312744,-70.69742796312744
1167.720032734871,-70.69612094114198,-70.69612094114198
1167.730032734871,-70.69482888265418,-70.69482888265418
1167.740032734871,-70.69355190214492,-70.69355190214492
1167.750032734871,-70.69229011195695,-70.69229011195695
1167.760032734871,-70.69104362230169,-70.69104362230169
1167.770032734871,-70.68981254126669,-70.68981254126669
1167.780032734871,-70.68859697482289,-70.68859697482289
1167.790032734871,-70.68739702683858,-70.68739702683858
1167.800032734871,-70.68621279908119,-70.68621279908119
1167.810032734871,-70.68504439122741,-70.68504439122741
1167.820032734871,-70.6838919008781,-70.6838919008781
1167.8300327348709,-70.68275542356798,-70.68275542356798
1167.8400327348709,-70.6816350527747,-70.6816350527747
1167.8500327348709,-70.68053087992789,-70.68053087992789
1167.8600327348709,-70.67944299443471,-70.67944299443471
1167.8700327348708,-70.6783714836726,-70.6783714836726
1167.8800327348708,-70.67731643301654,-70.67731643301654
1167.8900327348708,-70.67627792584884,-70.67627792584884
1167.9000327587128,-70.67525604114971,-70.67525604114971
1167.9100327587128,-70.67425086328426,-70.67425086328426
1167.9200327587128,-70.67326246724134,-70.67326246724134
1167.9300327587127,-70.67229092857615,-70.67229092857615
1167.9400327587127,-70.67133632094847,-70.67133632094847
1167.9500327587127,-70.67039871610234,-70.67039871610234
1167.9600327587127,-70.66947818389242,-70.66947818389242
1167.9700327587127,-70.66857479230494,-70.66857479230494
1167.9800327587127,-70.66768860748728,-70.66768860748728
1167.9900327587127,-70.66681969373728,-70.66681969373728
1168.0000327587127,-70.66596811353969,-70.66596811353969
1168.0100327587127,-70.66513392758392,-70.66513392758392
1168.0200327587127,-70.66431719478092,-70.66431719478092
1168.0300327587129,-70.66351797226234,-70.66351797226234
1168.0400327587129,-70.66273631543537,-70.66273631543537
1168.0500327587129,-70.66197227796782,-70.66197227796782
1168.0600327587129,-70.66122591182433,-70.66122591182433
1168.0700327587128,-70.66049726727037,-70.66049726727037
1168.0800327587128,-70.65978639290819,-70.65978639290819
1168.0900327587128,-70.65909333568302,-70.65909333568302
1168.1000327587128,-70.65841814091641,-70.65841814091641
1168.1100327587128,-70.6577608522919,-70.6577608522919
1168.1200327587128,-70.65712151192396,-70.65712151192396
1168.1300327587128,-70.65650016032978,-70.65650016032978
1168.1400327587128,-70.65589683647028,-70.65589683647028
1168.1500327587128,-70.65531157777377,-70.65531157777377
1168.1600327587128,-70.65474442014612,-70.65474442014612
1168.1700327587128,-70.65419539798427,-70.65419539798427
1168.1800327587127,-70.65366454420781,-70.65366454420781
1168.1900327587127,-70.65315189027237,-70.65315189027237
1168.2000327587127,-70.65265746618044,-70.65265746618044
1168.2100327587127,-70.65217514820402,-70.65217514820402
1168.2200327587127,-70.65170227393587,-70.65170227393587
1168.2300327587127,-70.65123756307513,-70.65123756307513
1168.2400327587127,-70.65078037402722,-70.65078037402722
1168.2500327587127,-70.65033042037012,-70.65033042037012
1168.2600327587127,-70.64988762363959,-70.64988762363959
1168.2700327587127,-70.64945202703203,-70.64945202703203
1168.2800327587129,-70.64902374356345,-70.64902374356345
1168.2900327587129,-70.64860292488245,-70.64860292488245
1168.3000327587129,-70.6481897425896,-70.6481897425896
1168.3100327587129,-70.64778437707272,-70.64778437707272
1168.3200327587128,-70.64738701101065,-70.64738701101065
1168.3300327587128,-70.64699782559352,-70.64699782559352
1168.3400327587128,-70.64661699853914,-70.64661699853914
1168.3500327587128,-70.64624470303946,-70.64624470303946
1168.3600327587128,-70.64588110737989,-70.64588110737989
1168.3700327587128,-70.6455263749259,-70.6455263749259
1168.3800327587128,-70.64518066424158,-70.64518066424158
1168.3900327587128,-70.64484412939727,-70.64484412939727
1168.4000327587128,-70.64451692020461,-70.64451692020461
1168.4100327587128,-70.64419918258365,-70.64419918258365
1168.4200327587128,-70.6438910588135,-70.6438910588135
1168.4300327587127,-70.64359268782276,-70.64359268782276
1168.4400327587127,-70.64330420542782,-70.64330420542782
1168.4500327587127,-70.64302574454666,-70.64302574454666
1168.4600327587127,-70.64275743539031,-70.64275743539031
1168.4700327587127,-70.64249940562321,-70.64249940562321
1168.4800327587127,-70.64225178048994,-70.64225178048994
1168.4900327587127,-70.64201468295126,-70.64201468295126
1168.5000327587127,-70.6417882337871,-70.6417882337871
1168.5100327587127,-70.64157255166646,-70.64157255166646
1168.5200327587127,-70.64136775323392,-70.64136775323392
1168.5300327587129,-70.64117395316406,-70.64117395316406
1168.5400327587129,-70.6409912642144,-70.6409912642144
1168.5500327587129,-70.64081979727482,-70.64081979727482
1168.5600327587129,-70.64065966139067,-70.64065966139067
1168.5700327587128,-70.64051096381215,-70.64051096381215
1168.5800327587128,-70.64037381001029,-70.64037381001029
1168.5900327587128,-70.64024830369085,-70.64024830369085
1168.6000327587128,-70.64013454682896,-70.64013454682896
1168.6100327587128,-70.64003263967099,-70.64003263967099
1168.6200327587128,-70.63994268076155,-70.63994268076155
1168.6300327587128,-70.63986476693778,-70.63986476693778
1168.6400327587128,-70.63979899336213,-70.63979899336213
1168.6500327587128,-70.63974545351515,-70.63974545351515
1168.6600327587128,-70.63970423920152,-70.63970423920152
1168.6700327587128,-70.63967544057591,-70.63967544057591
1168.6800327587127,-70.63965914612906,-70.63965914612906
1168.6900327587127,-70.63965544271343,-70.63965544271343
1168.7000327587127,-70.63966441552625,-70.63966441552625
1168.7100327587127,-70.63967999656876,-70.63967999656876
1168.7200327587127,-70.63969957826424,-70.63969957826424
1168.7300327587127,-70.63972193479889,-70.63972193479889
1168.7400327587127,-70.6397464788031,-70.6397464788031
1168.7500327825546,-70.63977297793193,-70.63977297793193
1168.7600327825546,-70.63980140736331,-70.63980140736331
1168.7700327825546,-70.63983186384388,-70.63983186384388
1168.7800327825546,-70.6398645136318,-70.6398645136318
1168.7900327825546,-70.63989956134132,-70.63989956134132
1168.8000327825546,-70.63993723121993,-70.63993723121993
1168.8100327825546,-70.63997775601985,-70.63997775601985
1168.8200327825546,-70.64002137043883,-70.64002137043883
1168.8300327825546,-70.64006830739662,-70.64006830739662
1168.8400327825545,-70.64011879595654,-70.64011879595654
1168.8500327825545,-70.64017306034076,-70.64017306034076
1168.8600327825545,-70.64023131952051,-70.64023131952051
1168.8700327825545,-70.64029378715114,-70.64029378715114
1168.8800327825547,-70.64036067175596,-70.64036067175596
1168.8900327825547,-70.64043217696334,-70.64043217696334
1168.9000327825547,-70.64050850179444,-70.64050850179444
1168.9100327825547,-70.64058984096275,-70.64058984096275
1168.9200327825547,-70.64067638516947,-70.64067638516947
1168.9300327825547,-70.64076832138294,-70.64076832138294
1168.9400327825547,-70.64086583303596,-70.64086583303596
1168.9500327825547,-70.64096910028675,-70.64096910028675
1168.9600327825547,-70.64107830015709,-70.64107830015709
1168.9700327825547,-70.64119360673018,-70.64119360673018
1168.9800327825546,-70.64131519126477,-70.64131519126477
1168.9900327825546,-70.64144322231814,-70.64144322231814
1169.0000327825546,-70.64157786584113,-70.64157786584113
1169.0100327825546,-70.64171928527583,-70.64171928527583
1169.0200327825546,-70.64186764161512,-70.64186764161512
1169.0300327825546,-70.64202309345542,-70.64202309345542
1169.0400327825546,-70.6421857970687,-70.6421857970687
1169.0500327825546,-70.6423559064294,-70.6423559064294
1169.0600327825546,-70.64253357325765,-70.64253357325765
1169.0700327825546,-70.64271894704855,-70.64271894704855
1169.0800327825546,-70.64291217509493,-70.64291217509493
1169.0900327825545,-70.64311340250578,-70.64311340250578
1169.1000327825545,-70.64332277224365,-70.64332277224365
1169.1100327825545,-70.64354042512163,-70.64354042512163
1169.1200327825545,-70.64376649982609,-70.64376649982609
1169.1300327825547,-70.64400113293128,-70.64400113293128
1169.1400327825547,-70.64424445890265,-70.64424445890265
1169.1500327825547,-70.64449661011987,-70.64449661011987
1169.1600327825547,-70.64475771687059,-70.64475771687059
1169.1700327825547,-70.64502790737583,-70.64502790737583
1169.1800327825547,-70.64530730778986,-70.64530730778986
1169.1900327825547,-70.64559604221276,-70.64559604221276
1169.2000327825547,-70.64589423269533,-70.64589423269533
1169.2100327825547,-70.64620199923878,-70.64620199923878
1169.2200327825547,-70.64651945983428,-70.64651945983428
1169.2300327825546,-70.64684673043807,-70.64684673043807
1169.2400327825546,-70.64718392500485,-70.64718392500485
1169.2500327825546,-70.6475311554778,-70.6475311554778
1169.2600327825546,-70.64788853180173,-70.64788853180173
1169.2700327825546,-70.6482561619524,-70.6482561619524
1169.2800327825546,-70.64863415192337,-70.64863415192337
1169.2900327825546,-70.64902260575282,-70.64902260575282
1169.3000327825546,-70.6494216255305,-70.6494216255305
1169.3100327825546,-70.64983131140295,-70.64983131140295
1169.3200327825546,-70.65025176158241,-70.65025176158241
1169.3300327825546,-70.65068307237982,-70.65068307237982
1169.3400327825545,-70.65112533820238,-70.65112533820238
1169.3500327825545,-70.65157865155999,-70.65157865155999
1169.3600327825545,-70.65204310309448,-70.65204310309448
1169.3700327825545,-70.6525187815789,-70.6525187815789
1169.3800327825547,-70.65300577394136,-70.65300577394136
1169.3900327825547,-70.65350416527393,-70.65350416527393
1169.4000327825547,-70.65401403886085,-70.65401403886085
1169.4100327825547,-70.65453547616556,-70.65453547616556
1169.4200327825547,-70.65506855687444,-70.65506855687444
1169.4300327825547,-70.65561335889373,-70.65561335889373
1169.4400327825547,-70.65616995836847,-70.65616995836847
1169.4500327825547,-70.65673842970837,-70.65673842970837
1169.4600327825547,-70.65731884559472,-70.65731884559472
1169.4700327825547,-70.65791127699816,-70.65791127699816
1169.4800327825546,-70.65851579319529,-70.65851579319529
1169.4900327825546,-70.65913246177504,-70.65913246177504
1169.5000327825546,-70.65976134868292,-70.65976134868292
1169.5100327825546,-70.66040251820866,-70.66040251820866
1169.5200327825546,-70.66105603301457,-70.66105603301457
1169.5300327825546,-70.661721954163,-70.661721954163
1169.5400327825546,-70.66240034111065,-70.66240034111065
1169.5500327825546,-70.66309125174487,-70.66309125174487
1169.5600327825546,-70.66379474238954,-70.66379474238954
1169.5700327825546,-70.66451086783347,-70.66451086783347
1169.5800327825546,-70.66523968133684,-70.66523968133684
1169.5900327825545,-70.66598123464642,-70.66598123464642
1169.6000328063965,-70.66673557983947,-70.66673557983947
1169.6100328063965,-70.66750276215996,-70.66750276215996
1169.6200328063965,-70.66828283067797,-70.66828283067797
1169.6300328063965,-70.66907583130401,-70.66907583130401
1169.6400328063964,-70.66988180852216,-70.66988180852216
1169.6500328063964,-70.67070080540708,-70.67070080540708
1169.6600328063964,-70.67153286365895,-70.67153286365895
1169.6700328063964,-70.67237802359706,-70.67237802359706
1169.6800328063964,-70.67323632420067,-70.67323632420067
1169.6900328063964,-70.67410780311408,-70.67410780311408
1169.7000328063964,-70.67499249664887,-70.67499249664887
1169.7100328063964,-70.67589043984263,-70.67589043984263
1169.7200328063964,-70.67680166643036,-70.67680166643036
1169.7300328063966,-70.67772620889123,-70.67772620889123
1169.7400328063966,-70.67866409845523,-70.67866409845523
1169.7500328063966,-70.67961536510798,-70.67961536510798
1169.7600328063966,-70.68058003764244,-70.68058003764244
1169.7700328063966,-70.68155814363307,-70.68155814363307
1169.7800328063965,-70.68254970947464,-70.68254970947464
1169.7900328063965,-70.68355476040362,-70.68355476040362
1169.8000328063965,-70.68457332050018,-70.68457332050018
1169.8100328063965,-70.6856054127129,-70.6856054127129
1169.8200328063965,-70.68665105886762,-70.68665105886762
1169.8300328063965,-70.68771027969456,-70.68771027969456
1169.8400328063965,-70.68878309483118,-70.68878309483118
1169.8500328063965,-70.68986952285368,-70.68986952285368
1169.8600328063965,-70.69096958127223,-70.69096958127223
1169.8700328063965,-70.69208328656399,-70.69208328656399
1169.8800328063965,-70.69321065417037,-70.69321065417037
1169.8900328063964,-70.6943516985291,-70.6943516985291
1169.9000328063964,-70.69550643309245,-70.69550643309245
1169.9100328063964,-70.69667487031275,-70.69667487031275
1169.9200328063964,-70.6978570216915,-70.6978570216915
1169.9300328063964,-70.69905289777475,-70.69905289777475
1169.9400328063964,-70.70026250817087,-70.70026250817087
1169.9500328063964,-70.70148586156304,-70.70148586156304
1169.9600328063964,-70.70271680685124,-70.70271680685124
1169.9700328063964,-70.70395265711042,-70.70395265711042
1169.9800328063966,-70.7051921093066,-70.7051921093066
1169.9900328063966,-70.70643450042573,-70.70643450042573
1170.0000328063966,-70.70767952362225,-70.70767952362225
1170.0100328063966,-70.70892708081817,-70.70892708081817
1170.0200328063966,-70.71017719627395,-70.71017719627395
1170.0300328063965,-70.71142996468012,-70.71142996468012
1170.0400328063965,-70.7126855199148,-70.7126855199148
1170.0500328063965,-70.71394401631582,-70.71394401631582
1170.0600328063965,-70.71520561750737,-70.71520561750737
1170.0700328063965,-70.71647048986627,-70.71647048986627
1170.0800328063965,-70.7177387987812,-70.7177387987812
1170.0900328063965,-70.71901070658093,-70.71901070658093
1170.1000328063965,-70.72028637154804,-70.72028637154804
1170.1100328063965,-70.7215659475131,-70.7215659475131
1170.1200328063965,-70.72284958379677,-70.72284958379677
1170.1300328063965,-70.7241374253891,-70.7241374253891
1170.1400328063964,-70.72542961318034,-70.72542961318034
1170.1500328063964,-70.72672628427702,-70.72672628427702
1170.1600328063964,-70.72802757228898,-70.72802757228898
1170.1700328063964,-70.72933360760744,-70.72933360760744
1170.1800328063964,-70.7306445177064,-70.7306445177064
1170.1900328063964,-70.73196042735167,-70.73196042735167
1170.2000328063964,-70.73328145880963,-70.73328145880963
1170.2100328063964,-70.73460773206156,-70.73460773206156
1170.2200328063964,-70.73593936492239,-70.73593936492239
1170.2300328063966,-70.73727647320746,-70.73727647320746
1170.2400328063966,-70.73861917081767,-70.73861917081767
1170.2500328063966,-70.73996756986628,-70.73996756986628
1170.2600328063966,-70.7413217807321,-70.7413217807321
1170.2700328063966,-70.74268191215532,-70.74268191215532
1170.2800328063965,-70.74404807127526,-70.74404807127526
1170.2900328063965,-70.74542036367318,-70.74542036367318
1170.3000328063965,-70.7467988934407,-70.7467988934407
1170.3100328063965,-70.74818376316178,-70.74818376316178
1170.3200328063965,-70.74957507398895,-70.74957507398895
1170.3300328063965,-70.75097292564352,-70.75097292564352
1170.3400328063965,-70.75237741641826,-70.75237741641826
1170.3500328063965,-70.75378864321112,-70.75378864321112
1170.3600328063965,-70.75520670153249,-70.75520670153249
1170.3700328063965,-70.75663168551614,-70.75663168551614
1170.3800328063965,-70.75806368790892,-70.75806368790892
1170.3900328063964,-70.75950280010183,-70.75950280010183
1170.4000328063964,-70.76094911211648,-70.76094911211648
1170.4100328063964,-70.76240271260617,-70.76240271260617
1170.4200328063964,-70.76386368889148,-70.76386368889148
1170.4300328063964,-70.76533212691237,-70.76533212691237
1170.4400328063964,-70.76680811125932,-70.76680811125932
1170.4500328302383,-70.76829172871969,-70.76829172871969
1170.4600328302383,-70.76978305414826,-70.76978305414826
1170.4700328302383,-70.77128217158273,-70.77128217158273
1170.4800328302383,-70.77278916025001,-70.77278916025001
1170.4900328302383,-70.774304097996,-70.774304097996
1170.5000328302383,-70.77582706134785,-70.77582706134785
1170.5100328302383,-70.77735812549673,-70.77735812549673
1170.5200328302383,-70.7788973642879,-70.7788973642879
1170.5300328302383,-70.78044485024063,-70.78044485024063
1170.5400328302383,-70.78200065454355,-70.78200065454355
1170.5500328302383,-70.78356484707076,-70.78356484707076
1170.5600328302382,-70.78513749637071,-70.78513749637071
1170.5700328302382,-70.78671866968206,-70.78671866968206
1170.5800328302385,-70.7883084329258,-70.7883084329258
1170.5900328302384,-70.7899068507257,-70.7899068507257
1170.6000328302384,-70.79151398640946,-70.79151398640946
1170.6100328302384,-70.79312990201387,-70.79312990201387
1170.6200328302384,-70.7947546582832,-70.7947546582832
1170.6300328302384,-70.7963883146883,-70.7963883146883
1170.6400328302384,-70.79803092943615,-70.79803092943615
1170.6500328302384,-70.79968255945917,-70.79968255945917
1170.6600328302384,-70.80134326044566,-70.80134326044566
1170.6700328302384,-70.80301308681769,-70.80301308681769
1170.6800328302384,-70.80469209177785,-70.80469209177785
1170.6900328302384,-70.80638032728913,-70.80638032728913
1170.7000328302383,-70.80807784409194,-70.80807784409194
1170.7100328302383,-70.80977852264311,-70.80977852264311
1170.7200328302383,-70.81147971239491,-70.81147971239491
1170.7300328302383,-70.81318014856791,-70.81318014856791
1170.7400328302383,-70.81487920712833,-70.81487920712833
1170.7500328302383,-70.81657662049439,-70.81657662049439
1170.7600328302383,-70.81827232992869,-70.81827232992869
1170.7700328302383,-70.81996639894054,-70.81996639894054
1170.7800328302383,-70.82165896128494,-70.82165896128494
1170.7900328302383,-70.82335018968509,-70.82335018968509
1170.8000328302383,-70.82504027707233,-70.82504027707233
1170.8100328302382,-70.82672942539571,-70.82672942539571
1170.8200328302382,-70.82841783905721,-70.82841783905721
1170.8300328302385,-70.83010572116537,-70.83010572116537
1170.8400328302384,-70.83179327147629,-70.83179327147629
1170.8500328302384,-70.8334806853762,-70.8334806853762
1170.8600328302384,-70.83516815348567,-70.83516815348567
1170.8700328302384,-70.8368558616155,-70.8368558616155
1170.8800328302384,-70.8385439909035,-70.8385439909035
1170.8900328302384,-70.84023271807828,-70.84023271807828
1170.9000328302384,-70.841922215759,-70.841922215759
1170.9100328302384,-70.84361265273421,-70.84361265273421
1170.9200328302384,-70.84530419428216,-70.84530419428216
1170.9300328302384,-70.84699700241296,-70.84699700241296
1170.9400328302384,-70.84869123610669,-70.84869123610669
1170.9500328302383,-70.85038705153214,-70.85038705153214
1170.9600328302383,-70.8520784296373,-70.8520784296373
1170.9700328302383,-70.85376282120278,-70.85376282120278
1170.9800328302383,-70.85543906250176,-70.85543906250176
1170.9900328302383,-70.85710662993169,-70.85710662993169
1171.0000328302383,-70.85876535565944,-70.85876535565944
1171.0100328302383,-70.86041527994514,-70.86041527994514
1171.0200328302383,-70.86205656459332,-70.86205656459332
1171.0300328302383,-70.86368944096183,-70.86368944096183
1171.0400328302383,-70.86531417869102,-70.86531417869102
1171.0500328302383,-70.86693106693338,-70.86693106693338
1171.0600328302382,-70.8685404032377,-70.8685404032377
1171.0700328302382,-70.87014248694283,-70.87014248694283
1171.0800328302385,-70.87173761546912,-70.87173761546912
1171.0900328302384,-70.87332608223979,-70.87332608223979
1171.1000328302384,-70.87490817568519,-70.87490817568519
1171.1100328302384,-70.87648417885585,-70.87648417885585
1171.1200328302384,-70.8780543693325,-70.8780543693325
1171.1300328302384,-70.87961901940342,-70.87961901940342
1171.1400328302384,-70.88117839631268,-70.88117839631268
1171.1500328302384,-70.88273276253668,-70.88273276253668
1171.1600328302384,-70.8842823760759,-70.8842823760759
1171.1700328302384,-70.88578583464383,-70.88578583464383
1171.1800328302384,-70.88721917013063,-70.88721917013063
1171.1900328302384,-70.88857026121407,-70.88857026121407
1171.2000328302383,-70.88983330396377,-70.88983330396377
1171.2100328302383,-70.89100588714598,-70.89100588714598
1171.2200328302383,-70.892087447664,-70.892087447664
1171.2300328302383,-70.89307842837081,-70.89307842837081
1171.2400328302383,-70.89397980934393,-70.89397980934393
1171.2500328302383,-70.89479284423763,-70.89479284423763
1171.2600328302383,-70.89551891177747,-70.89551891177747
1171.2700328302383,-70.89615943293505,-70.89615943293505
1171.2800328302383,-70.8967158258265,-70.8967158258265
1171.2900328302383,-70.89718948254689,-70.89718948254689
1171.3000328540802,-70.89758175948324,-70.89758175948324
1171.3100328540802,-70.89789396988253,-70.89789396988253
1171.3200328540802,-70.898127390826,-70.898127390826
1171.3300328540802,-70.8982832611957,-70.8982832611957
1171.3400328540802,-70.89836278644599,-70.89836278644599
1171.3500328540802,-70.89836714245637,-70.89836714245637
1171.3600328540801,-70.89829747927902,-70.89829747927902
1171.3700328540801,-70.89815492465952,-70.89815492465952
1171.3800328540801,-70.89794058717482,-70.89794058717482
1171.3900328540801,-70.8976555590322,-70.8976555590322
1171.40003285408,-70.89730091846934,-70.89730091846934
1171.41003285408,-70.89687773179638,-70.89687773179638
1171.42003285408,-70.89638705512945,-70.89638705512945
1171.4300328540803,-70.89582993581692,-70.89582993581692
1171.4400328540803,-70.89520741364183,-70.89520741364183
1171.4500328540803,-70.89452052175925,-70.89452052175925
1171.4600328540803,-70.89377028748282,-70.89377028748282
1171.4700328540803,-70.89295773288211,-70.89295773288211
1171.4800328540803,-70.8920838752531,-70.8920838752531
1171.4900328540803,-70.89114972746258,-70.89114972746258
1171.5000328540802,-70.89015629819377,-70.89015629819377
1171.5100328540802,-70.88910459210675,-70.88910459210675
1171.5200328540802,-70.88799560992223,-70.88799560992223
1171.5300328540802,-70.88683034846001,-70.88683034846001
1171.5400328540802,-70.88560980061956,-70.88560980061956
1171.5500328540802,-70.88433495532546,-70.88433495532546
1171.5600328540802,-70.88300679744863,-70.88300679744863
1171.5700328540802,-70.88162630765723,-70.88162630765723
1171.5800328540802,-70.8801944623167,-70.8801944623167
1171.5900328540802,-70.87871223331459,-70.87871223331459
1171.6000328540802,-70.87718058791044,-70.87718058791044
1171.6100328540801,-70.87560048854773,-70.87560048854773
1171.6200328540801,-70.87397289269327,-70.87397289269327
1171.6300328540801,-70.87229875265643,-70.87229875265643
1171.6400328540801,-70.87057901538508,-70.87057901538508
1171.65003285408,-70.86881462229684,-70.86881462229684
1171.66003285408,-70.8670065091147,-70.8670065091147
1171.67003285408,-70.86515560566028,-70.86515560566028
1171.6800328540803,-70.86326283569882,-70.86326283569882
1171.6900328540803,-70.8613291167702,-70.8613291167702
1171.7000328540803,-70.85935536001065,-70.85935536001065
1171.7100328540803,-70.85734247001837,-70.85734247001837
1171.7200328540803,-70.85529134469208,-70.85529134469208
1171.7300328540803,-70.85320287508729,-70.85320287508729
1171.7400328540803,-70.85107794526358,-70.85107794526358
1171.7500328540802,-70.84891743218242,-70.84891743218242
1171.7600328540802,-70.8467222055811,-70.8467222055811
1171.7700328540802,-70.84449312781751,-70.84449312781751
1171.7800328540802,-70.84223105382262,-70.84223105382262
1171.7900328540802,-70.83993683094124,-70.83993683094124
1171.8000328540802,-70.8376112988854,-70.8376112988854
1171.8100328540802,-70.83525528960776,-70.83525528960776
1171.8200328540802,-70.83286962724802,-70.83286962724802
1171.8300328540802,-70.83045512804019,-70.83045512804019
1171.8400328540802,-70.82801260025825,-70.82801260025825
1171.8500328540802,-70.82554284414674,-70.82554284414674
1171.8600328540801,-70.82304665187667,-70.82304665187667
1171.8700328540801,-70.82052480747683,-70.82052480747683
1171.8800328540801,-70.81797808681368,-70.81797808681368
1171.8900328540801,-70.81540725754675,-70.81540725754675
1171.90003285408,-70.81281307907793,-70.81281307907793
1171.91003285408,-70.8101963025502,-70.8101963025502
1171.92003285408,-70.80755767081772,-70.80755767081772
1171.9300328540803,-70.80489791842902,-70.80489791842902
1171.9400328540803,-70.80221777160324,-70.80221777160324
1171.9500328540803,-70.79951794824888,-70.79951794824888
1171.9600328540803,-70.79679299899952,-70.79679299899952
1171.9700328540803,-70.79404093776358,-70.79404093776358
1171.9800328540803,-70.79126115688308,-70.79126115688308
1171.9900328540803,-70.78845368191114,-70.78845368191114
1172.0000328540802,-70.78561888729978,-70.78561888729978
1172.0100328540802,-70.7827573487786,-70.7827573487786
1172.0200328540802,-70.779869756817,-70.779869756817
1172.0300328540802,-70.77695686463893,-70.77695686463893
1172.0400328540802,-70.77401945696165,-70.77401945696165
1172.0500328540802,-70.77105833126237,-70.77105833126237
1172.0600328540802,-70.76807428665971,-70.76807428665971
1172.0700328540802,-70.76506811737627,-70.76506811737627
1172.0800328540802,-70.7620406090242,-70.7620406090242
1172.0900328540802,-70.75899253662323,-70.75899253662323
1172.1000328540802,-70.75592466361705,-70.75592466361705
1172.1100328540801,-70.75283774151791,-70.75283774151791
1172.1200328540801,-70.7497325099129,-70.7497325099129
1172.1300328540801,-70.74660969665433,-70.74660969665433
1172.1400328540801,-70.74347001818306,-70.74347001818306
1172.150032877922,-70.74031417233068,-70.74031417233068
1172.160032877922,-70.7371428686906,-70.7371428686906
1172.170032877922,-70.73395678402771,-70.73395678402771
1172.180032877922,-70.73075659246967,-70.73075659246967
1172.190032877922,-70.72754295835827,-70.72754295835827
1172.200032877922,-70.72431653650462,-70.72431653650462
1172.210032877922,-70.72107797241966,-70.72107797241966
1172.220032877922,-70.71782790253397,-70.71782790253397
1172.230032877922,-70.71456695437823,-70.71456695437823
1172.240032877922,-70.71129574675082,-70.71129574675082
1172.250032877922,-70.70801488987841,-70.70801488987841
1172.260032877922,-70.70472498554226,-70.70472498554226
1172.270032877922,-70.70142662720913,-70.70142662720913
1172.2800328779222,-70.69812040013471,-70.69812040013471
1172.2900328779222,-70.6948068814789,-70.6948068814789
1172.3000328779221,-70.69148664038823,-70.69148664038823
1172.3100328779221,-70.68816023810518,-70.68816023810518
1172.3200328779221,-70.6848282280382,-70.6848282280382
1172.3300328779221,-70.68149115584652,-70.68149115584652
1172.340032877922,-70.67814955950452,-70.67814955950452
1172.350032877922,-70.67480396939108,-70.67480396939108
1172.360032877922,-70.67145490835799,-70.67145490835799
1172.370032877922,-70.66810289179385,-70.66810289179385
1172.380032877922,-70.66474842768176,-70.66474842768176
1172.390032877922,-70.66139201668419,-70.66139201668419
1172.400032877922,-70.65803415220091,-70.65803415220091
1172.410032877922,-70.65467532042238,-70.65467532042238
1172.420032877922,-70.65131600039864,-70.65131600039864
1172.430032877922,-70.64795666412796,-70.64795666412796
1172.440032877922,-70.64459777656992,-70.64459777656992
1172.450032877922,-70.64123979575103,-70.64123979575103
1172.460032877922,-70.63787702929555,-70.63787702929555
1172.470032877922,-70.63450724258234,-70.63450724258234
1172.480032877922,-70.63112957810361,-70.63112957810361
1172.490032877922,-70.62774381177728,-70.62774381177728
1172.500032877922,-70.62435006927994,-70.62435006927994
1172.510032877922,-70.6209486787311,-70.6209486787311
1172.520032877922,-70.61754008433853,-70.61754008433853
1172.5300328779222,-70.61412479451802,-70.61412479451802
1172.5400328779222,-70.6107033507227,-70.6107033507227
1172.5500328779221,-70.60727630879423,-70.60727630879423
1172.5600328779221,-70.60384422784549,-70.60384422784549
1172.5700328779221,-70.60040766383713,-70.60040766383713
1172.5800328779221,-70.59696716586991,-70.59696716586991
1172.590032877922,-70.59352327423547,-70.59352327423547
1172.600032877922,-70.5900765194861,-70.5900765194861
1172.610032877922,-70.58662742211558,-70.58662742211558
1172.620032877922,-70.5831764925696,-70.5831764925696
1172.630032877922,-70.57972423149519,-70.57972423149519
1172.640032877922,-70.57627113005059,-70.57627113005059
1172.650032877922,-70.57281767028257,-70.57281767028257
1172.660032877922,-70.56936432547583,-70.56936432547583
1172.670032877922,-70.56591156053261,-70.56591156053261
1172.680032877922,-70.56245983227193,-70.56245983227193
1172.690032877922,-70.55900958975631,-70.55900958975631
1172.700032877922,-70.55556127455672,-70.55556127455672
1172.710032877922,-70.55211532100014,-70.55211532100014
1172.720032877922,-70.54867215637891,-70.54867215637891
1172.730032877922,-70.5452322011515,-70.5452322011515
1172.740032877922,-70.54179586910661,-70.54179586910661
1172.750032877922,-70.53836356753428,-70.53836356753428
1172.760032877922,-70.53493569735168,-70.53493569735168
1172.770032877922,-70.53151265324117,-70.53151265324117
1172.7800328779222,-70.52809482372983,-70.52809482372983
1172.7900328779222,-70.52468259133568,-70.52468259133568
1172.8000328779221,-70.52127633262813,-70.52127633262813
1172.8100328779221,-70.51787641833636,-70.51787641833636
1172.8200328779221,-70.51448321340773,-70.51448321340773
1172.8300328779221,-70.51109707710566,-70.51109707710566
1172.840032877922,-70.5077183630594,-70.5077183630594
1172.850032877922,-70.50434741935013,-70.50434741935013
1172.860032877922,-70.50098458854612,-70.50098458854612
1172.870032877922,-70.49763020779037,-70.49763020779037
1172.880032877922,-70.4942846088468,-70.4942846088468
1172.890032877922,-70.49094811815647,-70.49094811815647
1172.900032877922,-70.48762105690399,-70.48762105690399
1172.910032877922,-70.48430374104508,-70.48430374104508
1172.920032877922,-70.48099648139436,-70.48099648139436
1172.930032877922,-70.47769958363763,-70.47769958363763
1172.940032877922,-70.47441334841693,-70.47441334841693
1172.950032877922,-70.47113807135952,-70.47113807135952
1172.960032877922,-70.467867914925,-70.467867914925
1172.970032877922,-70.46460049335727,-70.46460049335727
1172.980032877922,-70.46133479674202,-70.46133479674202
1172.990032877922,-70.4580704490248,-70.4580704490248
1173.000032901764,-70.454807417219,-70.454807417219
1173.010032901764,-70.4515458954296,-70.4515458954296
1173.020032901764,-70.44828617204467,-70.44828617204467
1173.030032901764,-70.44502860899853,-70.44502860899853
1173.0400329017639,-70.44177360289368,-70.44177360289368
1173.0500329017639,-70.43852156632931,-70.43852156632931
1173.0600329017639,-70.43527291688056,-70.43527291688056
1173.0700329017639,-70.4320280705581,-70.4320280705581
1173.0800329017638,-70.42878743817779,-70.42878743817779
1173.0900329017638,-70.42555142339785,-70.42555142339785
1173.1000329017638,-70.42232042175313,-70.42232042175313
1173.1100329017638,-70.41909482033277,-70.41909482033277
1173.1200329017638,-70.41587499782446,-70.41587499782446
1173.130032901764,-70.4126613246977,-70.4126613246977
1173.140032901764,-70.4094541635432,-70.4094541635432
1173.150032901764,-70.40625386940724,-70.40625386940724
1173.160032901764,-70.40306079017353,-70.40306079017353
1173.170032901764,-70.39987526687852,-70.39987526687852
1173.180032901764,-70.39669763405428,-70.39669763405428
1173.190032901764,-70.39352821999697,-70.39352821999697
1173.200032901764,-70.39036734704237,-70.39036734704237
1173.210032901764,-70.3872092108599,-70.3872092108599
1173.220032901764,-70.38405145448642,-70.38405145448642
1173.230032901764,-70.3808930948071,-70.3808930948071
1173.240032901764,-70.37773378153209,-70.37773378153209
1173.250032901764,-70.37457351452912,-70.37457351452912
1173.260032901764,-70.37141249704736,-70.37141249704736
1173.270032901764,-70.36825104963073,-70.36825104963073
1173.280032901764,-70.36508955843365,-70.36508955843365
1173.2900329017639,-70.3619284441442,-70.3619284441442
1173.3000329017639,-70.35876814340791,-70.35876814340791
1173.3100329017639,-70.35560909776581,-70.35560909776581
1173.3200329017639,-70.35245174722088,-70.35245174722088
1173.3300329017638,-70.3492965265919,-70.3492965265919
1173.3400329017638,-70.34614386352777,-70.34614386352777
1173.3500329017638,-70.34299417760961,-70.34299417760961
1173.3600329017638,-70.33984787998838,-70.33984787998838
1173.3700329017638,-70.33670537343801,-70.33670537343801
1173.380032901764,-70.33356705255018,-70.33356705255018
1173.390032901764,-70.33043330406173,-70.33043330406173
1173.400032901764,-70.327304507184,-70.327304507184
1173.410032901764,-70.32418103397121,-70.32418103397121
1173.420032901764,-70.32106324964572,-70.32106324964572
1173.430032901764,-70.31795151291284,-70.31795151291284
1173.440032901764,-70.3148461762536,-70.3148461762536
1173.450032901764,-70.31174758614455,-70.31174758614455
1173.460032901764,-70.30864996971651,-70.30864996971651
1173.470032901764,-70.30555099772529,-70.30555099772529
1173.480032901764,-70.30244971321818,-70.30244971321818
1173.490032901764,-70.29934579132758,-70.29934579132758
1173.500032901764,-70.29623925689906,-70.29623925689906
1173.510032901764,-70.29313033786349,-70.29313033786349
1173.520032901764,-70.29001937920874,-70.29001937920874
1173.530032901764,-70.2869067913439,-70.2869067913439
1173.5400329017639,-70.28379301905208,-70.28379301905208
1173.5500329017639,-70.2806673493475,-70.2806673493475
1173.5600329017639,-70.27751783666774,-70.27751783666774
1173.5700329017639,-70.27433513564452,-70.27433513564452
1173.5800329017638,-70.2711126158266,-70.2711126158266
1173.5900329017638,-70.26784565446283,-70.26784565446283
1173.6000329017638,-70.26453099400872,-70.26453099400872
1173.6100329017638,-70.26116629698498,-70.26116629698498
1173.6200329017638,-70.25774985904408,-70.25774985904408
1173.630032901764,-70.25428042647572,-70.25428042647572
1173.640032901764,-70.25075707895901,-70.25075707895901
1173.650032901764,-70.24717915243902,-70.24717915243902
1173.660032901764,-70.24354618688335,-70.24354618688335
1173.670032901764,-70.23985788956912,-70.23985788956912
1173.680032901764,-70.23611410829787,-70.23611410829787
1173.690032901764,-70.23231481107128,-70.23231481107128
1173.700032901764,-70.22846007011043,-70.22846007011043
1173.710032901764,-70.22455004892663,-70.22455004892663
1173.720032901764,-70.22058499150542,-70.22058499150542
1173.730032901764,-70.21656521317556,-70.21656521317556
1173.740032901764,-70.21249109267708,-70.21249109267708
1173.750032901764,-70.20836306527059,-70.20836306527059
1173.760032901764,-70.20418161666717,-70.20418161666717
1173.770032901764,-70.19994727761822,-70.19994727761822
1173.780032901764,-70.19566061916615,-70.19566061916615
1173.7900329017639,-70.19132224832933,-70.19132224832933
1173.8000329017639,-70.18693280429972,-70.18693280429972
1173.8100329017639,-70.18249295498522,-70.18249295498522
1173.8200329017639,-70.17800339393136,-70.17800339393136
1173.8300329017638,-70.17346483752786,-70.17346483752786
1173.8400329017638,-70.16887802248753,-70.16887802248753
1173.8500329256058,-70.16424369252374,-70.16424369252374
1173.8600329256058,-70.1595626403303,-70.1595626403303
1173.8700329256058,-70.15483563983014,-70.15483563983014
1173.8800329256057,-70.15006348826377,-70.15006348826377
1173.8900329256057,-70.14524699369726,-70.14524699369726
1173.9000329256057,-70.14038697361997,-70.14038697361997
1173.9100329256057,-70.1354842536147,-70.1354842536147
1173.9200329256057,-70.13053966618686,-70.13053966618686
1173.9300329256057,-70.12555404964887,-70.12555404964887
1173.9400329256057,-70.1205282471121,-70.1205282471121
1173.9500329256057,-70.11546310556994,-70.11546310556994
1173.9600329256057,-70.11035947501077,-70.11035947501077
1173.9700329256057,-70.10521820763184,-70.10521820763184
1173.9800329256059,-70.10004015710602,-70.10004015710602
1173.9900329256059,-70.09482617791284,-70.09482617791284
1174.0000329256059,-70.08957712466555,-70.08957712466555
1174.0100329256059,-70.08429385156155,-70.08429385156155
1174.0200329256058,-70.07897721180163,-70.07897721180163
1174.0300329256058,-70.0736280571069,-70.0736280571069
1174.0400329256058,-70.06824723723317,-70.06824723723317
1174.0500329256058,-70.06283559952472,-70.06283559952472
1174.0600329256058,-70.05739398850774,-70.05739398850774
1174.0700329256058,-70.05192324551716,-70.05192324551716
1174.0800329256058,-70.04642420832148,-70.04642420832148
1174.0900329256058,-70.04089771079647,-70.04089771079647
1174.1000329256058,-70.03534458262514,-70.03534458262514
1174.1100329256058,-70.02976564899822,-70.02976564899822
1174.1200329256058,-70.02416173033866,-70.02416173033866
1174.1300329256057,-70.01853364207804,-70.01853364207804
1174.1400329256057,-70.01288219439823,-70.01288219439823
1174.1500329256057,-70.00720819202036,-70.00720819202036
1174.1600329256057,-70.00151243401346,-70.00151243401346
1174.1700329256057,-69.99579571360572,-69.99579571360572
1174.1800329256057,-69.9900588180106,-69.9900588180106
1174.1900329256057,-69.98430252826309,-69.98430252826309
1174.2000329256057,-69.97852761907262,-69.97852761907262
1174.2100329256057,-69.97272878099012,-69.97272878099012
1174.2200329256057,-69.96690413184129,-69.96690413184129
1174.2300329256059,-69.96105315368123,-69.96105315368123
1174.2400329256059,-69.95517595555918,-69.95517595555918
1174.2500329256059,-69.94927299227788,-69.94927299227788
1174.2600329256059,-69.94334491828978,-69.94334491828978
1174.2700329256058,-69.9373925019677,-69.9373925019677
1174.2800329256058,-69.93141657411923,-69.93141657411923
1174.2900329256058,-69.92541799693821,-69.92541799693821
1174.3000329256058,-69.91939764543122,-69.91939764543122
1174.3100329256058,-69.91335639634696,-69.91335639634696
1174.3200329256058,-69.90729512166885,-69.90729512166885
1174.3300329256058,-69.9012146849064,-69.9012146849064
1174.3400329256058,-69.89511593908152,-69.89511593908152
1174.3500329256058,-69.88899972575929,-69.88899972575929
1174.3600329256058,-69.88286687464465,-69.88286687464465
1174.3700329256058,-69.87671820356684,-69.87671820356684
1174.3800329256057,-69.87055451864303,-69.87055451864303
1174.3900329256057,-69.86437661456858,-69.86437661456858
1174.4000329256057,-69.85818527490534,-69.85818527490534
1174.4100329256057,-69.85198127242698,-69.85198127242698
1174.4200329256057,-69.84576536941272,-69.84576536941272
1174.4300329256057,-69.83953831793876,-69.83953831793876
1174.4400329256057,-69.83330086015145,-69.83330086015145
1174.4500329256057,-69.82705372848088,-69.82705372848088
1174.4600329256057,-69.82079764585589,-69.82079764585589
1174.4700329256057,-69.81453332590786,-69.81453332590786
1174.4800329256059,-69.80826147312375,-69.80826147312375
1174.4900329256059,-69.80198278297405,-69.80198278297405
1174.5000329256059,-69.79569794207846,-69.79569794207846
1174.5100329256059,-69.78940762828395,-69.78940762828395
1174.5200329256058,-69.78311251078945,-69.78311251078945
1174.5300329256058,-69.77681325023724,-69.77681325023724
1174.5400329256058,-69.77051049877443,-69.77051049877443
1174.5500329256058,-69.76420490016972,-69.76420490016972
1174.5600329256058,-69.75789708985363,-69.75789708985363
1174.5700329256058,-69.75158769499264,-69.75158769499264
1174.5800329256058,-69.7452773345695,-69.7452773345695
1174.5900329256058,-69.73896661941939,-69.73896661941939
1174.6000329256058,-69.73265615229118,-69.73265615229118
1174.6100329256058,-69.72634652792841,-69.72634652792841
1174.6200329256058,-69.72003833309718,-69.72003833309718
1174.6300329256057,-69.71373214664385,-69.71373214664385
1174.6400329256057,-69.70742853957067,-69.70742853957067
1174.6500329256057,-69.70112807505298,-69.70112807505298
1174.6600329256057,-69.69483130851806,-69.69483130851806
1174.6700329256057,-69.68853878769981,-69.68853878769981
1174.6800329256057,-69.68225105267085,-69.68225105267085
1174.6900329256057,-69.67596863590782,-69.67596863590782
1174.7000329494476,-69.66969204740715,-69.66969204740715
1174.7100329494476,-69.6634218345346,-69.6634218345346
1174.7200329494476,-69.65715849233008,-69.65715849233008
1174.7300329494476,-69.65090252342799,-69.65090252342799
1174.7400329494476,-69.64465442313991,-69.64465442313991
1174.7500329494476,-69.63841467951335,-69.63841467951335
1174.7600329494476,-69.63218377338251,-69.63218377338251
1174.7700329494476,-69.62596217841408,-69.62596217841408
1174.7800329494476,-69.61975036119499,-69.61975036119499
1174.7900329494475,-69.6135487812641,-69.6135487812641
1174.8000329494475,-69.60735789117746,-69.60735789117746
1174.8100329494475,-69.60117813658567,-69.60117813658567
1174.8200329494475,-69.59500995625416,-69.59500995625416
1174.8300329494477,-69.5888537821638,-69.5888537821638
1174.8400329494477,-69.58271003955147,-69.58271003955147
1174.8500329494477,-69.57657914695682,-69.57657914695682
1174.8600329494477,-69.57046151631788,-69.57046151631788
1174.8700329494477,-69.56435755300238,-69.56435755300238
1174.8800329494477,-69.55826765588962,-69.55826765588962
1174.8900329494477,-69.55219221740998,-69.55219221740998
1174.9000329494477,-69.54613162363368,-69.54613162363368
1174.9100329494477,-69.540086254304,-69.540086254304
1174.9200329494477,-69.53405648292359,-69.53405648292359
1174.9300329494477,-69.52804267680403,-69.52804267680403
1174.9400329494476,-69.52204519712753,-69.52204519712753
1174.9500329494476,-69.5160643990163,-69.5160643990163
1174.9600329494476,-69.51009459512382,-69.51009459512382
1174.9700329494476,-69.50413350333638,-69.50413350333638
1174.9800329494476,-69.49818019756916,-69.49818019756916
1174.9900329494476,-69.49223437552958,-69.49223437552958
1175.0000329494476,-69.48629607946071,-69.48629607946071
1175.0100329494476,-69.48036555110627,-69.48036555110627
1175.0200329494476,-69.47444314666649,-69.47444314666649
1175.0300329494476,-69.46852928572888,-69.46852928572888
1175.0400329494475,-69.46262442056455,-69.46262442056455
1175.0500329494475,-69.45672901777449,-69.45672901777449
1175.0600329494475,-69.45084354736686,-69.45084354736686
1175.0700329494475,-69.44496847643568,-69.44496847643568
1175.0800329494477,-69.43910426556333,-69.43910426556333
1175.0900329494477,-69.43325136693079,-69.43325136693079
1175.1000329494477,-69.42741022341951,-69.42741022341951
1175.1100329494477,-69.42158126831897,-69.42158126831897
1175.1200329494477,-69.4157649253942,-69.4157649253942
1175.1300329494477,-69.40996160914354,-69.40996160914354
1175.1400329494477,-69.40417172512254,-69.40417172512254
1175.1500329494477,-69.39839567033057,-69.39839567033057
1175.1600329494477,-69.39263383360631,-69.39263383360631
1175.1700329494477,-69.38688659597675,-69.38688659597675
1175.1800329494477,-69.38115433101083,-69.38115433101083
1175.1900329494476,-69.3754374051304,-69.3754374051304
1175.2000329494476,-69.36973617787628,-69.36973617787628
1175.2100329494476,-69.36404497829015,-69.36404497829015
1175.2200329494476,-69.35836153295772,-69.35836153295772
1175.2300329494476,-69.35268492136011,-69.35268492136011
1175.2400329494476,-69.34701484531377,-69.34701484531377
1175.2500329494476,-69.34135135037383,-69.34135135037383
1175.2600329494476,-69.3356946812081,-69.3356946812081
1175.2700329494476,-69.33004519673645,-69.33004519673645
1175.2800329494476,-69.32440331925328,-69.32440331925328
1175.2900329494475,-69.31876950380203,-69.31876950380203
1175.3000329494475,-69.31314421989157,-69.31314421989157
1175.3100329494475,-69.30752794061803,-69.30752794061803
1175.3200329494475,-69.3019211363758,-69.3019211363758
1175.3300329494477,-69.29632427127007,-69.29632427127007
1175.3400329494477,-69.29073780123255,-69.29073780123255
1175.3500329494477,-69.28516217314882,-69.28516217314882
1175.3600329494477,-69.27959782455508,-69.27959782455508
1175.3700329494477,-69.27404518370452,-69.27404518370452
1175.3800329494477,-69.26850466980544,-69.26850466980544
1175.3900329494477,-69.26297669336839,-69.26297669336839
1175.4000329494477,-69.25746165656501,-69.25746165656501
1175.4100329494477,-69.25195995361219,-69.25195995361219
1175.4200329494477,-69.24647197112205,-69.24647197112205
1175.4300329494477,-69.24099808842978,-69.24099808842978
1175.4400329494476,-69.23553867790615,-69.23553867790615
1175.4500329494476,-69.23009410522502,-69.23009410522502
1175.4600329494476,-69.22466472958531,-69.22466472958531
1175.4700329494476,-69.219250903957,-69.219250903957
1175.4800329494476,-69.21385297523129,-69.21385297523129
1175.4900329494476,-69.20847128440347,-69.20847128440347
1175.5000329494476,-69.20310616672754,-69.20310616672754
1175.5100329494476,-69.19775795184388,-69.19775795184388
1175.5200329494476,-69.1924269638786,-69.1924269638786
1175.5300329494476,-69.18711352156497,-69.18711352156497
1175.5400329494475,-69.18181793832443,-69.18181793832443
1175.5500329732895,-69.17654050979408,-69.17654050979408
1175.5600329732895,-69.1712815642063,-69.1712815642063
1175.5700329732895,-69.16604138691854,-69.16604138691854
1175.5800329732895,-69.16082027089608,-69.16082027089608
1175.5900329732895,-69.15561850414367,-69.15561850414367
1175.6000329732894,-69.15043636976834,-69.15043636976834
1175.6100329732894,-69.14527414603955,-69.14527414603955
1175.6200329732894,-69.1401321064193,-69.1401321064193
1175.6300329732894,-69.13501051962925,-69.13501051962925
1175.6400329732894,-69.12990964968081,-69.12990964968081
1175.6500329732894,-69.12482975594108,-69.12482975594108
1175.6600329732894,-69.11977109315609,-69.11977109315609
1175.6700329732894,-69.1147339115007,-69.1147339115007
1175.6800329732896,-69.10971845661632,-69.10971845661632
1175.6900329732896,-69.10472496966469,-69.10472496966469
1175.7000329732896,-69.09975368734109,-69.09975368734109
1175.7100329732896,-69.09480484196324,-69.09480484196324
1175.7200329732896,-69.08987866145243,-69.08987866145243
1175.7300329732896,-69.084975369418,-69.084975369418
1175.7400329732895,-69.08009518517783,-69.08009518517783
1175.7500329732895,-69.07523832379289,-69.07523832379289
1175.7600329732895,-69.07040499612594,-69.07040499612594
1175.7700329732895,-69.06559540887535,-69.06559540887535
1175.7800329732895,-69.06080976459589,-69.06080976459589
1175.7900329732895,-69.05604826175922,-69.05604826175922
1175.8000329732895,-69.05131109479758,-69.05131109479758
1175.8100329732895,-69.04659845412056,-69.04659845412056
1175.8200329732895,-69.0419105261786,-69.0419105261786
1175.8300329732895,-69.03724749348795,-69.03724749348795
1175.8400329732895,-69.03260953467972,-69.03260953467972
1175.8500329732894,-69.02799682453995,-69.02799682453995
1175.8600329732894,-69.02340953403552,-69.02340953403552
1175.8700329732894,-69.01884783038444,-69.01884783038444
1175.8800329732894,-69.01431187706021,-69.01431187706021
1175.8900329732894,-69.00980183386315,-69.00980183386315
1175.9000329732894,-69.00531785693249,-69.00531785693249
1175.9100329732894,-69.00086009881964,-69.00086009881964
1175.9200329732894,-68.99642870850381,-68.99642870850381
1175.9300329732896,-68.99202383143823,-68.99202383143823
1175.9400329732896,-68.98764560959386,-68.98764560959386
1175.9500329732896,-68.9832941814919,-68.9832941814919
1175.9600329732896,-68.97896968226921,-68.97896968226921
1175.9700329732896,-68.97467224367959,-68.97467224367959
1175.9800329732896,-68.97040199415926,-68.97040199415926
1175.9900329732895,-68.96615905886362,-68.96615905886362
1176.0000329732895,-68.96194355970408,-68.96194355970408
1176.0100329732895,-68.95775561538476,-68.95775561538476
1176.0200329732895,-68.9535953414556,-68.9535953414556
1176.0300329732895,-68.94946285032425,-68.94946285032425
1176.0400329732895,-68.94535825132772,-68.94535825132772
1176.0500329732895,-68.94128165075384,-68.94128165075384
1176.0600329732895,-68.93723315188059,-68.93723315188059
1176.0700329732895,-68.93321285501338,-68.93321285501338
1176.0800329732895,-68.92922085752252,-68.92922085752252
1176.0900329732895,-68.92525725390247,-68.92525725390247
1176.1000329732894,-68.9213221357728,-68.9213221357728
1176.1100329732894,-68.91741559194307,-68.91741559194307
1176.1200329732894,-68.91353770844624,-68.91353770844624
1176.1300329732894,-68.90968856856642,-68.90968856856642
1176.1400329732894,-68.90586825288872,-68.90586825288872
1176.1500329732894,-68.90207683932088,-68.90207683932088
1176.1600329732894,-68.89831440314029,-68.89831440314029
1176.1700329732894,-68.89458101702287,-68.89458101702287
1176.1800329732896,-68.8908767510933,-68.8908767510933
1176.1900329732896,-68.88720167293938,-68.88720167293938
1176.2000329732896,-68.88355584766175,-68.88355584766175
1176.2100329732896,-68.8799393379014,-68.8799393379014
1176.2200329732896,-68.87635220387862,-68.87635220387862
1176.2300329732896,-68.8727945034357,-68.8727945034357
1176.2400329732895,-68.86926629204459,-68.86926629204459
1176.2500329732895,-68.86576762286641,-68.86576762286641
1176.2600329732895,-68.86229854678012,-68.86229854678012
1176.2700329732895,-68.85885911239646,-68.85885911239646
1176.2800329732895,-68.85544936610829,-68.85544936610829
1176.2900329732895,-68.85206935213483,-68.85206935213483
1176.3000329732895,-68.84871911250987,-68.84871911250987
1176.3100329732895,-68.84539868716828,-68.84539868716828
1176.3200329732895,-68.84210811393623,-68.84210811393623
1176.3300329732895,-68.83884742857838,-68.83884742857838
1176.3400329732895,-68.83561666482335,-68.83561666482335
1176.3500329732894,-68.83241585440295,-68.83241585440295
1176.3600329732894,-68.82924502707523,-68.82924502707523
1176.3700329732894,-68.82610421064506,-68.82610421064506
1176.3800329732894,-68.822993431024,-68.822993431024
1176.3900329732894,-68.81991271221783,-68.81991271221783
1176.4000329971313,-68.81686206912336,-68.81686206912336
1176.4100329971313,-68.81384153667713,-68.81384153667713
1176.4200329971313,-68.81085112606175,-68.81085112606175
1176.4300329971313,-68.80789085403268,-68.80789085403268
1176.4400329971313,-68.80496073559782,-68.80496073559782
1176.4500329971313,-68.80206078405821,-68.80206078405821
1176.4600329971313,-68.79918503214135,-68.79918503214135
1176.4700329971313,-68.79633088619643,-68.79633088619643
1176.4800329971313,-68.79349709901307,-68.79349709901307
1176.4900329971313,-68.79068304523311,-68.79068304523311
1176.5000329971313,-68.78788844494649,-68.78788844494649
1176.5100329971312,-68.78511322002572,-68.78511322002572
1176.5200329971312,-68.78235740990381,-68.78235740990381
1176.5300329971315,-68.77962112093147,-68.77962112093147
1176.5400329971314,-68.77690449592893,-68.77690449592893
1176.5500329971314,-68.7742076959363,-68.7742076959363
1176.5600329971314,-68.77153088939306,-68.77153088939306
1176.5700329971314,-68.76887424579547,-68.76887424579547
1176.5800329971314,-68.76623793210587,-68.76623793210587
1176.5900329971314,-68.76362211082066,-68.76362211082066
1176.6000329971314,-68.7610269390486,-68.7610269390486
1176.6100329971314,-68.7584525681923,-68.7584525681923
1176.6200329971314,-68.7558991439593,-68.7558991439593
1176.6300329971314,-68.75336680657072,-68.75336680657072
1176.6400329971314,-68.7508556910724,-68.7508556910724
1176.6500329971313,-68.74836592765422,-68.74836592765422
1176.6600329971313,-68.74589764201077,-68.74589764201077
1176.6700329971313,-68.74345095566,-68.74345095566
1176.6800329971313,-68.74102598624789,-68.74102598624789
1176.6900329971313,-68.73862284780193,-68.73862284780193
1176.7000329971313,-68.73624165099439,-68.73624165099439
1176.7100329971313,-68.73387652940997,-68.73387652940997
1176.7200329971313,-68.7315249855271,-68.7315249855271
1176.7300329971313,-68.7291858658498,-68.7291858658498
1176.7400329971313,-68.72685863716312,-68.72685863716312
1176.7500329971313,-68.72454311048152,-68.72454311048152
1176.7600329971312,-68.72223929761675,-68.72223929761675
1176.7700329971312,-68.7199473270955,-68.7199473270955
1176.7800329971315,-68.71766739361556,-68.71766739361556
1176.7900329971314,-68.71539972767583,-68.71539972767583
1176.8000329971314,-68.71314457736898,-68.71314457736898
1176.8100329971314,-68.710902197603,-68.710902197603
1176.8200329971314,-68.70867284376314,-68.70867284376314
1176.8300329971314,-68.7064567681475,-68.7064567681475
1176.8400329971314,-68.70425421805365,-68.70425421805365
1176.8500329971314,-68.70206543484528,-68.70206543484528
1176.8600329971314,-68.69989065362653,-68.69989065362653
1176.8700329971314,-68.69773010328788,-68.69773010328788
1176.8800329971314,-68.69558400666608,-68.69558400666608
1176.8900329971314,-68.69345258087789,-68.69345258087789
1176.9000329971313,-68.69133603762485,-68.69133603762485
1176.9100329971313,-68.68923458353736,-68.68923458353736
1176.9200329971313,-68.68714842050956,-68.68714842050956
1176.9300329971313,-68.6850777459526,-68.6850777459526
1176.9400329971313,-68.68302275311915,-68.68302275311915
1176.9500329971313,-68.68098363126215,-68.68098363126215
1176.9600329971313,-68.67896056590202,-68.67896056590202
1176.9700329971313,-68.67695373896126,-68.67695373896126
1176.9800329971313,-68.67496332895301,-68.67496332895301
1176.9900329971313,-68.67298951107183,-68.67298951107183
1177.0000329971313,-68.67103245735754,-68.67103245735754
1177.0100329971312,-68.6690923367527,-68.6690923367527
1177.0200329971312,-68.66716931520398,-68.66716931520398
1177.0300329971315,-68.66526355571915,-68.66526355571915
1177.0400329971314,-68.66337521844422,-68.66337521844422
1177.0500329971314,-68.66150446071502,-68.66150446071502
1177.0600329971314,-68.65965143709914,-68.65965143709914
1177.0700329971314,-68.6578162994215,-68.6578162994215
1177.0800329971314,-68.65599919682394,-68.65599919682394
1177.0900329971314,-68.65420027577255,-68.65420027577255
1177.1000329971314,-68.6524196801055,-68.6524196801055
1177.1100329971314,-68.65065755102998,-68.65065755102998
1177.1200329971314,-68.6489140271836,-68.6489140271836
1177.1300329971314,-68.64718924460672,-68.64718924460672
1177.1400329971314,-68.64548333679976,-68.64548333679976
1177.1500329971313,-68.64379643471185,-68.64379643471185
1177.1600329971313,-68.64212866677933,-68.64212866677933
1177.1700329971313,-68.640480158926,-68.640480158926
1177.1800329971313,-68.63885103459043,-68.63885103459043
1177.1900329971313,-68.63724141471867,-68.63724141471867
1177.2000329971313,-68.63565141780838,-68.63565141780838
1177.2100329971313,-68.6340751937397,-68.6340751937397
1177.2200329971313,-68.63251025652544,-68.63251025652544
1177.2300329971313,-68.63095546255725,-68.63095546255725
1177.2400329971313,-68.62941028791317,-68.62941028791317
1177.2500330209732,-68.62787454894419,-68.62787454894419
1177.2600330209732,-68.6263482736023,-68.6263482736023
1177.2700330209732,-68.62483159546812,-68.62483159546812
1177.2800330209732,-68.62332471783988,-68.62332471783988
1177.2900330209732,-68.62182787970735,-68.62182787970735
1177.3000330209732,-68.62034133754825,-68.62034133754825
1177.3100330209732,-68.61886535448316,-68.61886535448316
1177.3200330209731,-68.61740019396161,-68.61740019396161
1177.3300330209731,-68.61594611615172,-68.61594611615172
1177.3400330209731,-68.61450337600618,-68.61450337600618
1177.3500330209731,-68.61307222233228,-68.61307222233228
1177.360033020973,-68.61165289746519,-68.61165289746519
1177.370033020973,-68.61024563725975,-68.61024563725975
1177.3800330209733,-68.60885067128991,-68.60885067128991
1177.3900330209733,-68.60746822316824,-68.60746822316824
1177.4000330209733,-68.60609851083277,-68.60609851083277
1177.4100330209733,-68.60474174692548,-68.60474174692548
1177.4200330209733,-68.60339813907036,-68.60339813907036
1177.4300330209733,-68.60206789021623,-68.60206789021623
1177.4400330209733,-68.60075119886226,-68.60075119886226
1177.4500330209733,-68.59944825932484,-68.59944825932484
1177.4600330209732,-68.59815329871952,-68.59815329871952
1177.4700330209732,-68.59686390504176,-68.59686390504176
1177.4800330209732,-68.59557900673246,-68.59557900673246
1177.4900330209732,-68.59429815052304,-68.59429815052304
1177.5000330209732,-68.59302122594936,-68.59302122594936
1177.5100330209732,-68.5917483222263,-68.5917483222263
1177.5200330209732,-68.5904796443091,-68.5904796443091
1177.5300330209732,-68.58921546247603,-68.58921546247603
1177.5400330209732,-68.58795608199775,-68.58795608199775
1177.5500330209732,-68.58670182499255,-68.58670182499255
1177.5600330209732,-68.58545301962762,-68.58545301962762
1177.5700330209731,-68.5842099938317,-68.5842099938317
1177.5800330209731,-68.58297307170601,-68.58297307170601
1177.5900330209731,-68.58174257162004,-68.58174257162004
1177.6000330209731,-68.58051880528573,-68.58051880528573
1177.610033020973,-68.57930207744815,-68.57930207744815
1177.620033020973,-68.57809268585167,-68.57809268585167
1177.6300330209733,-68.57689092151708,-68.57689092151708
1177.6400330209733,-68.5756970689797,-68.5756970689797
1177.6500330209733,-68.57451140664563,-68.57451140664563
1177.6600330209733,-68.5733342071397,-68.5733342071397
1177.6700330209733,-68.57216573758868,-68.57216573758868
1177.6800330209733,-68.57100625994815,-68.57100625994815
1177.6900330209733,-68.56985603126142,-68.56985603126142
1177.7000330209733,-68.56871530388361,-68.56871530388361
1177.7100330209732,-68.56758432571664,-68.56758432571664
1177.7200330209732,-68.5664633403518,-68.5664633403518
1177.7300330209732,-68.56535258726048,-68.56535258726048
1177.7400330209732,-68.56425230191819,-68.56425230191819
1177.7500330209732,-68.5631627159286,-68.5631627159286
1177.7600330209732,-68.56208405710598,-68.56208405710598
1177.7700330209732,-68.56101654959416,-68.56101654959416
1177.7800330209732,-68.55995209167637,-68.55995209167637
1177.7900330209732,-68.55888124268253,-68.55888124268253
1177.8000330209732,-68.5577958846998,-68.5577958846998
1177.8100330209732,-68.5566894673872,-68.5566894673872
1177.8200330209731,-68.55555668658026,-68.55555668658026
1177.8300330209731,-68.5543931669692,-68.5543931669692
1177.8400330209731,-68.55319524222675,-68.55319524222675
1177.8500330209731,-68.55195981280775,-68.55195981280775
1177.860033020973,-68.55068425153328,-68.55068425153328
1177.870033020973,-68.5493663364602,-68.5493663364602
1177.8800330209733,-68.5480041993369,-68.5480041993369
1177.8900330209733,-68.54659628356069,-68.54659628356069
1177.9000330209733,-68.54514130843434,-68.54514130843434
1177.9100330209733,-68.54363823804151,-68.54363823804151
1177.9200330209733,-68.54208625383957,-68.54208625383957
1177.9300330209733,-68.54048473038361,-68.54048473038361
1177.9400330209733,-68.53883321379047,-68.53883321379047
1177.9500330209733,-68.53713140260909,-68.53713140260909
1177.9600330209732,-68.53537913089268,-68.53537913089268
1177.9700330209732,-68.53357635310047,-68.53357635310047
1177.9800330209732,-68.53172313078237,-68.53172313078237
1177.9900330209732,-68.52981962069433,-68.52981962069433
1178.0000330209732,-68.52786606430885,-68.52786606430885
1178.0100330209732,-68.52586277845121,-68.52586277845121
1178.0200330209732,-68.52381014697583,-68.52381014697583
1178.0300330209732,-68.52170861337522,-68.52170861337522
1178.0400330209732,-68.51955867417601,-68.51955867417601
1178.0500330209732,-68.5173608730423,-68.5173608730423
1178.0600330209732,-68.51511579550237,-68.51511579550237
1178.0700330209731,-68.51282406424315,-68.51282406424315
1178.0800330209731,-68.51048633484874,-68.51048633484874
1178.0900330209731,-68.5081032920285,-68.5081032920285
1178.100033044815,-68.50567564038707,-68.50567564038707
1178.110033044815,-68.50320412436153,-68.50320412436153
1178.120033044815,-68.50068949106812,-68.50068949106812
1178.130033044815,-68.49813251059172,-68.49813251059172
1178.140033044815,-68.49553396803108,-68.49553396803108
1178.150033044815,-68.49289466140756,-68.49289466140756
1178.160033044815,-68.49021539979566,-68.49021539979566
1178.170033044815,-68.48749700162429,-68.48749700162429
1178.180033044815,-68.48474029311666,-68.48474029311666
1178.190033044815,-68.48194610684689,-68.48194610684689
1178.200033044815,-68.47911528047527,-68.47911528047527
1178.210033044815,-68.4762427032828,-68.4762427032828
1178.220033044815,-68.47332662582724,-68.47332662582724
1178.2300330448152,-68.47036664304666,-68.47036664304666
1178.2400330448152,-68.467362972534,-68.467362972534
1178.2500330448152,-68.4643161783869,-68.4643161783869
1178.2600330448151,-68.46122702728802,-68.46122702728802
1178.2700330448151,-68.45809640374925,-68.45809640374925
1178.2800330448151,-68.45492525889632,-68.45492525889632
1178.2900330448151,-68.45171457943215,-68.45171457943215
1178.300033044815,-68.44846536882287,-68.44846536882287
1178.310033044815,-68.44517863590717,-68.44517863590717
1178.320033044815,-68.44185538806376,-68.44185538806376
1178.330033044815,-68.4384966271539,-68.4384966271539
1178.340033044815,-68.43510334714786,-68.43510334714786
1178.350033044815,-68.43167653281894,-68.43167653281894
1178.360033044815,-68.4282171590498,-68.4282171590498
1178.370033044815,-68.42472619050922,-68.42472619050922
1178.380033044815,-68.42120458157142,-68.42120458157142
1178.390033044815,-68.41765327631526,-68.41765327631526
1178.400033044815,-68.4140732086356,-68.4140732086356
1178.410033044815,-68.41046530231507,-68.41046530231507
1178.420033044815,-68.40683047117204,-68.40683047117204
1178.430033044815,-68.40316961913715,-68.40316961913715
1178.440033044815,-68.39948364036894,-68.39948364036894
1178.450033044815,-68.39577341932637,-68.39577341932637
1178.460033044815,-68.39203388640482,-68.39203388640482
1178.470033044815,-68.38826331667897,-68.38826331667897
1178.4800330448152,-68.38446131708251,-68.38446131708251
1178.4900330448152,-68.38062810649983,-68.38062810649983
1178.5000330448152,-68.37676424069022,-68.37676424069022
1178.5100330448151,-68.37287046920564,-68.37287046920564
1178.5200330448151,-68.36894765132226,-68.36894765132226
1178.5300330448151,-68.36499670545648,-68.36499670545648
1178.5400330448151,-68.36101857870361,-68.36101857870361
1178.550033044815,-68.35701422854652,-68.35701422854652
1178.560033044815,-68.35298461198784,-68.35298461198784
1178.570033044815,-68.3489306791529,-68.3489306791529
1178.580033044815,-68.34485336965625,-68.34485336965625
1178.590033044815,-68.34075361065243,-68.34075361065243
1178.600033044815,-68.33663231586246,-68.33663231586246
1178.610033044815,-68.33249038527136,-68.33249038527136
1178.620033044815,-68.32832870508697,-68.32832870508697
1178.630033044815,-68.32414814796144,-68.32414814796144
1178.640033044815,-68.3199495732953,-68.3199495732953
1178.650033044815,-68.31573382757323,-68.31573382757323
1178.660033044815,-68.31150174470896,-68.31150174470896
1178.670033044815,-68.30725414637877,-68.30725414637877
1178.680033044815,-68.30299184235584,-68.30299184235584
1178.690033044815,-68.29871563078052,-68.29871563078052
1178.700033044815,-68.29442629843341,-68.29442629843341
1178.710033044815,-68.29012462095986,-68.29012462095986
1178.720033044815,-68.28581136310285,-68.28581136310285
1178.7300330448152,-68.28148727887644,-68.28148727887644
1178.7400330448152,-68.27715311174883,-68.27715311174883
1178.7500330448152,-68.27280959479336,-68.27280959479336
1178.7600330448151,-68.26845745083278,-68.26845745083278
1178.7700330448151,-68.26409739256744,-68.26409739256744
1178.7800330448151,-68.2597301226971,-68.2597301226971
1178.7900330448151,-68.25535633402933,-68.25535633402933
1178.800033044815,-68.25097670958472,-68.25097670958472
1178.810033044815,-68.24659192270526,-68.24659192270526
1178.820033044815,-68.24220263712873,-68.24220263712873
1178.830033044815,-68.23780950709373,-68.23780950709373
1178.840033044815,-68.23341317742005,-68.23341317742005
1178.850033044815,-68.22901428359393,-68.22901428359393
1178.860033044815,-68.22461345185137,-68.22461345185137
1178.870033044815,-68.2202112992472,-68.2202112992472
1178.880033044815,-68.21580843376782,-68.21580843376782
1178.890033044815,-68.21140545436778,-68.21140545436778
1178.900033044815,-68.20700295107181,-68.20700295107181
1178.910033044815,-68.20260150505584,-68.20260150505584
1178.920033044815,-68.19820168871058,-68.19820168871058
1178.930033044815,-68.19380406573008,-68.19380406573008
1178.940033044815,-68.18940919118076,-68.18940919118076
1178.950033068657,-68.18501760113573,-68.18501760113573
1178.960033068657,-68.18062985457327,-68.18062985457327
1178.970033068657,-68.17624647069738,-68.17624647069738
1178.980033068657,-68.17186797087106,-68.17186797087106
1178.9900330686569,-68.16749486822295,-68.16749486822295
1179.0000330686569,-68.16312766772725,-68.16312766772725
1179.0100330686569,-68.15876686628631,-68.15876686628631
1179.0200330686569,-68.15441295281731,-68.15441295281731
1179.0300330686568,-68.15006640831629,-68.15006640831629
1179.0400330686568,-68.14572770594397,-68.14572770594397
1179.0500330686568,-68.14139731111361,-68.14139731111361
1179.0600330686568,-68.13707568156896,-68.13707568156896
1179.0700330686568,-68.13276326746265,-68.13276326746265
1179.080033068657,-68.12846051142051,-68.12846051142051
1179.090033068657,-68.12416784865317,-68.12416784865317
1179.100033068657,-68.11988570701489,-68.11988570701489
1179.110033068657,-68.11561450710128,-68.11561450710128
1179.120033068657,-68.1113546623078,-68.1113546623078
1179.130033068657,-68.1071065789302,-68.1071065789302
1179.140033068657,-68.10287065622272,-68.10287065622272
1179.150033068657,-68.09864728651479,-68.09864728651479
1179.160033068657,-68.09443685525343,-68.09443685525343
1179.170033068657,-68.09023974110875,-68.09023974110875
1179.180033068657,-68.08605631604112,-68.08605631604112
1179.190033068657,-68.08188694538408,-68.08188694538408
1179.200033068657,-68.07773198792988,-68.07773198792988
1179.210033068657,-68.07358587964958,-68.07358587964958
1179.220033068657,-68.06944638839299,-68.06944638839299
1179.230033068657,-68.0653126114809,-68.0653126114809
1179.2400330686569,-68.06118425925118,-68.06118425925118
1179.2500330686569,-68.05706138111645,-68.05706138111645
1179.2600330686569,-68.05294422298506,-68.05294422298506
1179.2700330686569,-68.04883314341828,-68.04883314341828
1179.2800330686568,-68.04472856324246,-68.04472856324246
1179.2900330686568,-68.0406309351791,-68.0406309351791
1179.3000330686568,-68.03654072565595,-68.03654072565595
1179.3100330686568,-68.03245840400734,-68.03245840400734
1179.3200330686568,-68.02838443618712,-68.02838443618712
1179.330033068657,-68.02431928118095,-68.02431928118095
1179.340033068657,-68.02026338915188,-68.02026338915188
1179.350033068657,-68.01621720054204,-68.01621720054204
1179.360033068657,-68.01218114581737,-68.01218114581737
1179.370033068657,-68.00815564552839,-68.00815564552839
1179.380033068657,-68.00414111058367,-68.00414111058367
1179.390033068657,-68.00013794258574,-68.00013794258574
1179.400033068657,-67.99614653427633,-67.99614653427633
1179.410033068657,-67.99216726988499,-67.99216726988499
1179.420033068657,-67.98820052552274,-67.98820052552274
1179.430033068657,-67.98424666957615,-67.98424666957615
1179.440033068657,-67.98030606300566,-67.98030606300566
1179.450033068657,-67.97637905964822,-67.97637905964822
1179.460033068657,-67.97246600647908,-67.97246600647908
1179.470033068657,-67.96856724386039,-67.96856724386039
1179.480033068657,-67.96468310576196,-67.96468310576196
1179.4900330686569,-67.96081391993833,-67.96081391993833
1179.5000330686569,-67.95696000810852,-67.95696000810852
1179.5100330686569,-67.95312168610175,-67.95312168610175
1179.5200330686569,-67.94929926402561,-67.94929926402561
1179.5300330686568,-67.94549304635109,-67.94549304635109
1179.5400330686568,-67.94170333206364,-67.94170333206364
1179.5500330686568,-67.93793041475035,-67.93793041475035
1179.5600330686568,-67.93417458269549,-67.93417458269549
1179.5700330686568,-67.93043611896958,-67.93043611896958
1179.580033068657,-67.92671530153159,-67.92671530153159
1179.590033068657,-67.92301240329502,-67.92301240329502
1179.600033068657,-67.91932769218238,-67.91932769218238
1179.610033068657,-67.91566143122583,-67.91566143122583
1179.620033068657,-67.91201387862252,-67.91201387862252
1179.630033068657,-67.90838528778077,-67.90838528778077
1179.640033068657,-67.90477590741574,-67.90477590741574
1179.650033068657,-67.90118598157224,-67.90118598157224
1179.660033068657,-67.8976157496997,-67.8976157496997
1179.670033068657,-67.89406544671066,-67.89406544671066
1179.680033068657,-67.89053530302616,-67.89053530302616
1179.690033068657,-67.88702554463782,-67.88702554463782
1179.700033068657,-67.88353639314508,-67.88353639314508
1179.710033068657,-67.88006806581703,-67.88006806581703
1179.720033068657,-67.87662077563897,-67.87662077563897
1179.730033068657,-67.87319473137006,-67.87319473137006
1179.7400330686569,-67.86979013757295,-67.86979013757295
1179.7500330686569,-67.86640719467897,-67.86640719467897
1179.7600330686569,-67.86304609904157,-67.86304609904157
1179.7700330686569,-67.85970704296041,-67.85970704296041
1179.7800330686568,-67.85639021473696,-67.85639021473696
1179.7900330686568,-67.85309579874284,-67.85309579874284
1179.8000330924988,-67.84982396764264,-67.84982396764264
1179.8100330924988,-67.84657491367538,-67.84657491367538
1179.8200330924988,-67.84334880178723,-67.84334880178723
1179.8300330924988,-67.84014580099877,-67.84014580099877
1179.8400330924987,-67.83696607663005,-67.83696607663005
1179.8500330924987,-67.83380979031088,-67.83380979031088
1179.8600330924987,-67.8306771000504,-67.8306771000504
1179.8700330924987,-67.82756816025953,-67.82756816025953
1179.8800330924987,-67.82448312181572,-67.82448312181572
1179.8900330924987,-67.82142213208849,-67.82142213208849
1179.9000330924987,-67.81838533500655,-67.81838533500655
1179.9100330924987,-67.81537287107598,-67.81537287107598
1179.9200330924987,-67.81238487743454,-67.81238487743454
1179.930033092499,-67.80942148789465,-67.80942148789465
1179.9400330924989,-67.80648283298599,-67.80648283298599
1179.9500330924989,-67.80356903999295,-67.80356903999295
1179.9600330924989,-67.80068023299748,-67.80068023299748
1179.9700330924989,-67.79781653292419,-67.79781653292419
1179.9800330924988,-67.79497805758288,-67.79497805758288
1179.9900330924988,-67.79216492170248,-67.79216492170248
1180.0000330924988,-67.78937723697068,-67.78937723697068
1180.0100330924988,-67.78661511208979,-67.78661511208979
1180.0200330924988,-67.78387865279569,-67.78387865279569
1180.0300330924988,-67.7811679619087,-67.7811679619087
1180.0400330924988,-67.7784831393773,-67.7784831393773
1180.0500330924988,-67.77582428229663,-67.77582428229663
1180.0600330924988,-67.7731914849731,-67.7731914849731
1180.0700330924988,-67.77058483895141,-67.77058483895141
1180.0800330924988,-67.76800443303827,-67.76800443303827
1180.0900330924987,-67.76545035336967,-67.76545035336967
1180.1000330924987,-67.76292268342367,-67.76292268342367
1180.1100330924987,-67.76042150406343,-67.76042150406343
1180.1200330924987,-67.75794689358175,-67.75794689358175
1180.1300330924987,-67.75549892772041,-67.75549892772041
1180.1400330924987,-67.75307767973213,-67.75307767973213
1180.1500330924987,-67.75068322039385,-67.75068322039385
1180.1600330924987,-67.74831561803094,-67.74831561803094
1180.1700330924987,-67.74597493859892,-67.74597493859892
1180.180033092499,-67.74366124566694,-67.74366124566694
1180.1900330924989,-67.7413746004828,-67.7413746004828
1180.2000330924989,-67.73911506199548,-67.73911506199548
1180.2100330924989,-67.73688268688134,-67.73688268688134
1180.2200330924989,-67.7346775295913,-67.7346775295913
1180.2300330924988,-67.73249964238293,-67.73249964238293
1180.2400330924988,-67.7303490753411,-67.7303490753411
1180.2500330924988,-67.72822587641154,-67.72822587641154
1180.2600330924988,-67.72613009144493,-67.72613009144493
1180.2700330924988,-67.72406176421968,-67.72406176421968
1180.2800330924988,-67.72202093646635,-67.72202093646635
1180.2900330924988,-67.72000764790347,-67.72000764790347
1180.3000330924988,-67.71802193627461,-67.71802193627461
1180.3100330924988,-67.71606383736449,-67.71606383736449
1180.3200330924988,-67.71413338504594,-67.71413338504594
1180.3300330924988,-67.71223061129048,-67.71223061129048
1180.3400330924987,-67.7103555462063,-67.7103555462063
1180.3500330924987,-67.70850821805978,-67.70850821805978
1180.3600330924987,-67.70668865332348,-67.70668865332348
1180.3700330924987,-67.70489687667143,-67.70489687667143
1180.3800330924987,-67.70313291103766,-67.70313291103766
1180.3900330924987,-67.70139677762654,-67.70139677762654
1180.4000330924987,-67.69968849593353,-67.69968849593353
1180.4100330924987,-67.69800808379524,-67.69800808379524
1180.4200330924987,-67.69635555737648,-67.69635555737648
1180.430033092499,-67.69473093124454,-67.69473093124454
1180.4400330924989,-67.6931342183574,-67.6931342183574
1180.4500330924989,-67.69156543009393,-67.69156543009393
1180.4600330924989,-67.69002457630029,-67.69002457630029
1180.4700330924989,-67.68851166529393,-67.68851166529393
1180.4800330924988,-67.6870267038835,-67.6870267038835
1180.4900330924988,-67.6855696974079,-67.6855696974079
1180.5000330924988,-67.68414064976004,-67.68414064976004
1180.5100330924988,-67.6827395633898,-67.6827395633898
1180.5200330924988,-67.68136643935526,-67.68136643935526
1180.5300330924988,-67.68002127731151,-67.68002127731151
1180.5400330924988,-67.67870407556738,-67.67870407556738
1180.5500330924988,-67.67741483107638,-67.67741483107638
1180.5600330924988,-67.67615353949621,-67.67615353949621
1180.5700330924988,-67.67492019515822,-67.67492019515822
1180.5800330924988,-67.6737147911314,-67.6737147911314
1180.5900330924987,-67.67253731922855,-67.67253731922855
1180.6000330924987,-67.67138777003518,-67.67138777003518
1180.6100330924987,-67.67026613289596,-67.67026613289596
1180.6200330924987,-67.66917239598256,-67.66917239598256
1180.6300330924987,-67.66810654628115,-67.66810654628115
1180.6400330924987,-67.6670685696197,-67.6670685696197
1180.6500331163406,-67.66605844829752,-67.66605844829752
1180.6600331163406,-67.66507617075547,-67.66507617075547
1180.6700331163406,-67.66412171698741,-67.66412171698741
1180.6800331163406,-67.66319506838158,-67.66319506838158
1180.6900331163406,-67.6622962052659,-67.6622962052659
1180.7000331163406,-67.66142510692113,-67.66142510692113
1180.7100331163406,-67.66058175159199,-67.66058175159199
1180.7200331163406,-67.65976611651446,-67.65976611651446
1180.7300331163406,-67.65897817793132,-67.65897817793132
1180.7400331163406,-67.65821791111223,-67.65821791111223
1180.7500331163405,-67.6574852903525,-67.6574852903525
1180.7600331163405,-67.65678028901316,-67.65678028901316
1180.7700331163405,-67.65610287951978,-67.65610287951978
1180.7800331163407,-67.65545303338928,-67.65545303338928
1180.7900331163407,-67.65483072123463,-67.65483072123463
1180.8000331163407,-67.6542359127958,-67.6542359127958
1180.8100331163407,-67.6536685769279,-67.6536685769279
1180.8200331163407,-67.65312868165307,-67.65312868165307
1180.8300331163407,-67.65261619414456,-67.65261619414456
1180.8400331163407,-67.65213108076483,-67.65213108076483
1180.8500331163407,-67.65167330705538,-67.65167330705538
1180.8600331163407,-67.65124283777638,-67.65124283777638
1180.8700331163407,-67.6508396368946,-67.6508396368946
1180.8800331163407,-67.65046366761716,-67.65046366761716
1180.8900331163406,-67.65011489238887,-67.65011489238887
1180.9000331163406,-67.64979327293024,-67.64979327293024
1180.9100331163406,-67.64949877022838,-67.64949877022838
1180.9200331163406,-67.64923134455508,-67.64923134455508
1180.9300331163406,-67.64899095549244,-67.64899095549244
1180.9400331163406,-67.64877756192062,-67.64877756192062
1180.9500331163406,-67.64859112204648,-67.64859112204648
1180.9600331163406,-67.64843159342352,-67.64843159342352
1180.9700331163406,-67.64829893294649,-67.64829893294649
1180.9800331163406,-67.64819309687,-67.64819309687
1180.9900331163406,-67.64811404082675,-67.64811404082675
1181.0000331163405,-67.64806171983322,-67.64806171983322
1181.0100331163405,-67.64803608829682,-67.64803608829682
1181.0200331163405,-67.64803710003365,-67.64803710003365
1181.0300331163407,-67.64806470828219,-67.64806470828219
1181.0400331163407,-67.64811886570723,-67.64811886570723
1181.0500331163407,-67.64819952441499,-67.64819952441499
1181.0600331163407,-67.64830663595403,-67.64830663595403
1181.0700331163407,-67.64844015134749,-67.64844015134749
1181.0800331163407,-67.64860002108021,-67.64860002108021
1181.0900331163407,-67.64878619512164,-67.64878619512164
1181.1000331163407,-67.64899862293221,-67.64899862293221
1181.1100331163407,-67.64923725347981,-67.64923725347981
1181.1200331163407,-67.64950203523021,-67.64950203523021
1181.1300331163407,-67.6497929161822,-67.6497929161822
1181.1400331163406,-67.65010984386157,-67.65010984386157
1181.1500331163406,-67.65045276533324,-67.65045276533324
1181.1600331163406,-67.65082162721234,-67.65082162721234
1181.1700331163406,-67.65121637566362,-67.65121637566362
1181.1800331163406,-67.65163695643406,-67.65163695643406
1181.1900331163406,-67.65208331483697,-67.65208331483697
1181.2000331163406,-67.65255539576654,-67.65255539576654
1181.2100331163406,-67.6530472566123,-67.6530472566123
1181.2200331163406,-67.65355627032685,-67.65355627032685
1181.2300331163406,-67.65408113660723,-67.65408113660723
1181.2400331163406,-67.65462117001049,-67.65462117001049
1181.2500331163405,-67.65517602780665,-67.65517602780665
1181.2600331163405,-67.65574556824265,-67.65574556824265
1181.2700331163405,-67.656329767285,-67.656329767285
1181.2800331163407,-67.65692866853027,-67.65692866853027
1181.2900331163407,-67.65754235301694,-67.65754235301694
1181.3000331163407,-67.65817092111661,-67.65817092111661
1181.3100331163407,-67.65881448174024,-67.65881448174024
1181.3200331163407,-67.6594731460471,-67.6594731460471
1181.3300331163407,-67.66014702381594,-67.66014702381594
1181.3400331163407,-67.66083622151373,-67.66083622151373
1181.3500331163407,-67.66154084136168,-67.66154084136168
1181.3600331163407,-67.66226098096158,-67.66226098096158
1181.3700331163407,-67.66299673332672,-67.66299673332672
1181.3800331163407,-67.66374818705071,-67.66374818705071
1181.3900331163406,-67.66451542659095,-67.66451542659095
1181.4000331163406,-67.66529853260364,-67.66529853260364
1181.4100331163406,-67.66609758223828,-67.66609758223828
1181.4200331163406,-67.66691264949215,-67.66691264949215
1181.4300331163406,-67.66774380546221,-67.66774380546221
1181.4400331163406,-67.6685911186187,-67.6685911186187
1181.4500331163406,-67.6694546550148,-67.6694546550148
1181.4600331163406,-67.67033447851918,-67.67033447851918
1181.4700331163406,-67.67123065095765,-67.67123065095765
1181.4800331163406,-67.67214323226533,-67.67214323226533
1181.4900331163406,-67.67307228064081,-67.67307228064081
1181.5000331401825,-67.6740178548825,-67.6740178548825
1181.5100331401825,-67.67498000549884,-67.67498000549884
1181.5200331401825,-67.6759587882088,-67.6759587882088
1181.5300331401825,-67.67695425511583,-67.67695425511583
1181.5400331401825,-67.67796645695626,-67.67796645695626
1181.5500331401824,-67.6789954431665,-67.6789954431665
1181.5600331401824,-67.6800412619094,-67.6800412619094
1181.5700331401824,-67.68110396010731,-67.68110396010731
1181.5800331401824,-67.68218358348214,-67.68218358348214
1181.5900331401824,-67.68328017654781,-67.68328017654781
1181.6000331401824,-67.68439378266933,-67.68439378266933
1181.6100331401824,-67.68552444404199,-67.68552444404199
1181.6200331401824,-67.68667220172321,-67.68667220172321
1181.6300331401826,-67.68783709565514,-67.68783709565514
1181.6400331401826,-67.68901916464303,-67.68901916464303
1181.6500331401826,-67.6902184463863,-67.6902184463863
1181.6600331401826,-67.69143497746909,-67.69143497746909
1181.6700331401826,-67.69266879337808,-67.69266879337808
1181.6800331401826,-67.6939199285083,-67.6939199285083
1181.6900331401825,-67.6951884161597,-67.6951884161597
1181.7000331401825,-67.69647428852632,-67.69647428852632
1181.7100331401825,-67.6977716845816,-67.6977716845816
1181.7200331401825,-67.69907805998567,-67.69907805998567
1181.7300331401825,-67.70039219706123,-67.70039219706123
1181.7400331401825,-67.70171349252885,-67.70171349252885
1181.7500331401825,-67.70304168521962,-67.70304168521962
1181.7600331401825,-67.70437671434618,-67.70437671434618
1181.7700331401825,-67.70571863624117,-67.70571863624117
1181.7800331401825,-67.70706757426709,-67.70706757426709
1181.7900331401825,-67.70842368867392,-67.70842368867392
1181.8000331401824,-67.70978715844093,-67.70978715844093
1181.8100331401824,-67.71115817054032,-67.71115817054032
1181.8200331401824,-67.71253691359685,-67.71253691359685
1181.8300331401824,-67.71392357428063,-67.71392357428063
1181.8400331401824,-67.71531833535342,-67.71531833535342
1181.8500331401824,-67.71672137473972,-67.71672137473972
1181.8600331401824,-67.71813286513341,-67.71813286513341
1181.8700331401824,-67.71955297402103,-67.71955297402103
1181.8800331401826,-67.72098186383815,-67.72098186383815
1181.8900331401826,-67.72241969225429,-67.72241969225429
1181.9000331401826,-67.72386661249725,-67.72386661249725
1181.9100331401826,-67.72532277364192,-67.72532277364192
1181.9200331401826,-67.72678832095347,-67.72678832095347
1181.9300331401826,-67.72826339614348,-67.72826339614348
1181.9400331401825,-67.72974813763032,-67.72974813763032
1181.9500331401825,-67.73124268075976,-67.73124268075976
1181.9600331401825,-67.73274715801769,-67.73274715801769
1181.9700331401825,-67.73426169917296,-67.73426169917296
1181.9800331401825,-67.73578643144498,-67.73578643144498
1181.9900331401825,-67.73732147962627,-67.73732147962627
1182.0000331401825,-67.73886696618563,-67.73886696618563
1182.0100331401825,-67.74042301137366,-67.74042301137366
1182.0200331401825,-67.74198973327046,-67.74198973327046
1182.0300331401825,-67.74356724789702,-67.74356724789702
1182.0400331401825,-67.74515566922597,-67.74515566922597
1182.0500331401824,-67.7467551092707,-67.7467551092707
1182.0600331401824,-67.74836567808939,-67.74836567808939
1182.0700331401824,-67.74998748385165,-67.74998748385165
1182.0800331401824,-67.75162063284678,-67.75162063284678
1182.0900331401824,-67.75326522952346,-67.75326522952346
1182.1000331401824,-67.75492137649084,-67.75492137649084
1182.1100331401824,-67.7565891745649,-67.7565891745649
1182.1200331401824,-67.7582687227651,-67.7582687227651
1182.1300331401826,-67.75996011832851,-67.75996011832851
1182.1400331401826,-67.76166345674669,-67.76166345674669
1182.1500331401826,-67.7633788317403,-67.7633788317403
1182.1600331401826,-67.7651063353058,-67.7651063353058
1182.1700331401826,-67.76684605769606,-67.76684605769606
1182.1800331401826,-67.76859808744877,-67.76859808744877
1182.1900331401825,-67.77036251138651,-67.77036251138651
1182.2000331401825,-67.77213941462172,-67.77213941462172
1182.2100331401825,-67.77392888058134,-67.77392888058134
1182.2200331401825,-67.77573099099826,-67.77573099099826
1182.2300331401825,-67.77754582592479,-67.77754582592479
1182.2400331401825,-67.77937346374604,-67.77937346374604
1182.2500331401825,-67.78121398117719,-67.78121398117719
1182.2600331401825,-67.78306745329235,-67.78306745329235
1182.2700331401825,-67.78493395350662,-67.78493395350662
1182.2800331401825,-67.78681355361041,-67.78681355361041
1182.2900331401825,-67.78870632374988,-67.78870632374988
1182.3000331401824,-67.79061233247812,-67.79061233247812
1182.3100331401824,-67.79253164673008,-67.79253164673008
1182.3200331401824,-67.79446433182797,-67.79446433182797
1182.3300331401824,-67.79641045153605,-67.79641045153605
1182.3400331401824,-67.79837006802701,-67.79837006802701
1182.3500331640244,-67.80034324661142,-67.80034324661142
1182.3600331640243,-67.80233003698042,-67.80233003698042
1182.3700331640243,-67.80433050130235,-67.80433050130235
1182.3800331640243,-67.80634469557344,-67.80634469557344
1182.3900331640243,-67.808372674255,-67.808372674255
1182.4000331640243,-67.81041449031635,-67.81041449031635
1182.4100331640243,-67.8124701952138,-67.8124701952138
1182.4200331640243,-67.81453983894454,-67.81453983894454
1182.4300331640243,-67.81662347002593,-67.81662347002593
1182.4400331640243,-67.81872113552686,-67.81872113552686
1182.4500331640243,-67.82083288107172,-67.82083288107172
1182.4600331640243,-67.82295284685364,-67.82295284685364
1182.4700331640242,-67.82507849517008,-67.82507849517008
1182.4800331640245,-67.82720861674206,-67.82720861674206
1182.4900331640245,-67.8293426172298,-67.8293426172298
1182.5000331640244,-67.83148024452201,-67.83148024452201
1182.5100331640244,-67.833621446876,-67.833621446876
1182.5200331640244,-67.83576628957346,-67.83576628957346
1182.5300331640244,-67.83791490483716,-67.83791490483716
1182.5400331640244,-67.84006746166304,-67.84006746166304
1182.5500331640244,-67.84222414768138,-67.84222414768138
1182.5600331640244,-67.84438515842461,-67.84438515842461
1182.5700331640244,-67.84655069099225,-67.84655069099225
1182.5800331640244,-67.84872094043524,-67.84872094043524
1182.5900331640244,-67.85089609782959,-67.85089609782959
1182.6000331640244,-67.85307634932498,-67.85307634932498
1182.6100331640243,-67.8552618757766,-67.8552618757766
1182.6200331640243,-67.85745285274592,-67.85745285274592
1182.6300331640243,-67.8596494506906,-67.8596494506906
1182.6400331640243,-67.86185183523308,-67.86185183523308
1182.6500331640243,-67.86406016746425,-67.86406016746425
1182.6600331640243,-67.8662746042897,-67.8662746042897
1182.6700331640243,-67.86849529872178,-67.86849529872178
1182.6800331640243,-67.87072240016634,-67.87072240016634
1182.6900331640243,-67.87295605466953,-67.87295605466953
1182.7000331640243,-67.87519640516236,-67.87519640516236
1182.7100331640243,-67.87744359163999,-67.87744359163999
1182.7200331640242,-67.8796977513529,-67.8796977513529
1182.7300331640245,-67.88195901894463,-67.88195901894463
1182.7400331640245,-67.88422752657479,-67.88422752657479
1182.7500331640244,-67.8865034040589,-67.8865034040589
1182.7600331640244,-67.88878677891944,-67.88878677891944
1182.7700331640244,-67.89107777650653,-67.89107777650653
1182.7800331640244,-67.89337652004534,-67.89337652004534
1182.7900331640244,-67.89568313069324,-67.89568313069324
1182.8000331640244,-67.8979977276109,-67.8979977276109
1182.8100331640244,-67.90032042797867,-67.90032042797867
1182.8200331640244,-67.90265134705352,-67.90265134705352
1182.8300331640244,-67.90499059819028,-67.90499059819028
1182.8400331640244,-67.90733829288015,-67.90733829288015
1182.8500331640244,-67.90969454076553,-67.90969454076553
1182.8600331640243,-67.91205944965556,-67.91205944965556
1182.8700331640243,-67.91443312556004,-67.91443312556004
1182.8800331640243,-67.91681567269397,-67.91681567269397
1182.8900331640243,-67.91920719349194,-67.91920719349194
1182.9000331640243,-67.9216077886336,-67.9216077886336
1182.9100331640243,-67.92401755703798,-67.92401755703798
1182.9200331640243,-67.92643659589592,-67.92643659589592
1182.9300331640243,-67.92886500066008,-67.92886500066008
1182.9400331640243,-67.93130286506334,-67.93130286506334
1182.9500331640243,-67.93375028113404,-67.93375028113404
1182.9600331640243,-67.93620733919721,-67.93620733919721
1182.9700331640242,-67.93867412789085,-67.93867412789085
1182.9800331640245,-67.94115073417309,-67.94115073417309
1182.9900331640245,-67.94363724331663,-67.94363724331663
1183.0000331640244,-67.94613373895179,-67.94613373895179
1183.0100331640244,-67.94864030304737,-67.94864030304737
1183.0200331640244,-67.95115701593346,-67.95115701593346
1183.0300331640244,-67.9536839562878,-67.9536839562878
1183.0400331640244,-67.95622120119295,-67.95622120119295
1183.0500331640244,-67.95876882610513,-67.95876882610513
1183.0600331640244,-67.9613269048794,-67.9613269048794
1183.0700331640244,-67.96389550977698,-67.96389550977698
1183.0800331640244,-67.96647471148354,-67.96647471148354
1183.0900331640244,-67.96906457910937,-67.96906457910937
1183.1000331640244,-67.97166518022097,-67.97166518022097
1183.1100331640243,-67.97427658081479,-67.97427658081479
1183.1200331640243,-67.97689884537122,-67.97689884537122
1183.1300331640243,-67.97953203684895,-67.97953203684895
1183.1400331640243,-67.98217621668344,-67.98217621668344
1183.1500331640243,-67.98483144482728,-67.98483144482728
1183.1600331640243,-67.98749777974,-67.98749777974
1183.1700331640243,-67.9901752784116,-67.9901752784116
1183.1800331640243,-67.99286399637028,-67.99286399637028
1183.1900331640243,-67.99556398770703,-67.99556398770703
1183.2000331878662,-67.99827531153481,-67.99827531153481
1183.2100331878662,-68.00099800620582,-68.00099800620582
1183.2200331878662,-68.00373212796798,-68.00373212796798
1183.2300331878662,-68.00647772526112,-68.00647772526112
1183.2400331878662,-68.00923484515285,-68.00923484515285
1183.2500331878662,-68.01200353334539,-68.01200353334539
1183.2600331878662,-68.01478383418873,-68.01478383418873
1183.2700331878661,-68.01757579069756,-68.01757579069756
1183.2800331878661,-68.0203794445746,-68.0203794445746
1183.2900331878661,-68.02319483619762,-68.02319483619762
1183.3000331878661,-68.0260220046803,-68.0260220046803
1183.310033187866,-68.02886098783709,-68.02886098783709
1183.320033187866,-68.03171182222805,-68.03171182222805
1183.3300331878663,-68.03457454316921,-68.03457454316921
1183.3400331878663,-68.03744918473673,-68.03744918473673
1183.3500331878663,-68.04033577978582,-68.04033577978582
1183.3600331878663,-68.04323435996677,-68.04323435996677
1183.3700331878663,-68.04614495575267,-68.04614495575267
1183.3800331878663,-68.04906759642681,-68.04906759642681
1183.3900331878663,-68.05200231011564,-68.05200231011564
1183.4000331878663,-68.05494912379763,-68.05494912379763
1183.4100331878662,-68.05790806332925,-68.05790806332925
1183.4200331878662,-68.0608791534366,-68.0608791534366
1183.4300331878662,-68.06386241774753,-68.06386241774753
1183.4400331878662,-68.06685787879617,-68.06685787879617
1183.4500331878662,-68.06986555805763,-68.06986555805763
1183.4600331878662,-68.07287954870107,-68.07287954870107
1183.4700331878662,-68.07589727828724,-68.07589727828724
1183.4800331878662,-68.07891750768988,-68.07891750768988
1183.4900331878662,-68.08193961506811,-68.08193961506811
1183.5000331878662,-68.08496332222299,-68.08496332222299
1183.5100331878662,-68.08798855231106,-68.08798855231106
1183.5200331878661,-68.09101534630648,-68.09101534630648
1183.5300331878661,-68.09404381277702,-68.09404381277702
1183.5400331878661,-68.09707409763209,-68.09707409763209
1183.5500331878661,-68.10010636600626,-68.10010636600626
1183.560033187866,-68.10314079146269,-68.10314079146269
1183.570033187866,-68.10617754961854,-68.10617754961854
1183.5800331878663,-68.1092168145775,-68.1092168145775
1183.5900331878663,-68.11225875695206,-68.11225875695206
1183.6000331878663,-68.11530354288621,-68.11530354288621
1183.6100331878663,-68.11835133373036,-68.11835133373036
1183.6200331878663,-68.12140228599698,-68.12140228599698
1183.6300331878663,-68.12445655153752,-68.12445655153752
1183.6400331878663,-68.12751427782197,-68.12751427782197
1183.6500331878663,-68.13057560823486,-68.13057560823486
1183.6600331878662,-68.13364068239036,-68.13364068239036
1183.6700331878662,-68.13670963643594,-68.13670963643594
1183.6800331878662,-68.13978260332395,-68.13978260332395
1183.6900331878662,-68.14285971306454,-68.14285971306454
1183.7000331878662,-68.14594109294242,-68.14594109294242
1183.7100331878662,-68.14902093384477,-68.14902093384477
1183.7200331878662,-68.15209676343812,-68.15209676343812
1183.7300331878662,-68.15516744294806,-68.15516744294806
1183.7400331878662,-68.15823245042502,-68.15823245042502
1183.7500331878662,-68.16129160695829,-68.16129160695829
1183.7600331878662,-68.16434493426743,-68.16434493426743
1183.7700331878661,-68.16739257119956,-68.16739257119956
1183.7800331878661,-68.17043472349098,-68.17043472349098
1183.7900331878661,-68.17347163354631,-68.17347163354631
1183.8000331878661,-68.17650356231854,-68.17650356231854
1183.810033187866,-68.17953077853119,-68.17953077853119
1183.820033187866,-68.18255355235225,-68.18255355235225
1183.8300331878663,-68.18557215177647,-68.18557215177647
1183.8400331878663,-68.18858684069058,-68.18858684069058
1183.8500331878663,-68.19159787790753,-68.19159787790753
1183.8600331878663,-68.19460551679882,-68.19460551679882
1183.8700331878663,-68.19761000528955,-68.19761000528955
1183.8800331878663,-68.20061158600468,-68.20061158600468
1183.8900331878663,-68.20361049656277,-68.20361049656277
1183.9000331878663,-68.20660696984265,-68.20660696984265
1183.9100331878662,-68.20960123431425,-68.20960123431425
1183.9200331878662,-68.21259351433199,-68.21259351433199
1183.9300331878662,-68.21558403037346,-68.21558403037346
1183.9400331878662,-68.21857299932066,-68.21857299932066
1183.9500331878662,-68.22156063464297,-68.22156063464297
1183.9600331878662,-68.2245471465829,-68.2245471465829
1183.9700331878662,-68.22753274232241,-68.22753274232241
1183.9800331878662,-68.23051762612515,-68.23051762612515
1183.9900331878662,-68.23350199943414,-68.23350199943414
1184.0000331878662,-68.23648606098143,-68.23648606098143
1184.0100331878662,-68.23947000686654,-68.23947000686654
1184.0200331878661,-68.24245403062785,-68.24245403062785
1184.0300331878661,-68.24543832329051,-68.24543832329051
1184.0400331878661,-68.2484230734306,-68.2484230734306
1184.050033211708,-68.25140847431152,-68.25140847431152
1184.060033211708,-68.25439469548525,-68.25439469548525
1184.070033211708,-68.25738192547307,-68.25738192547307
1184.080033211708,-68.26037034335656,-68.26037034335656
1184.090033211708,-68.2633601259034,-68.2633601259034
1184.100033211708,-68.26635144758048,-68.26635144758048
1184.110033211708,-68.26934448057062,-68.26934448057062
1184.120033211708,-68.27233939478276,-68.27233939478276
1184.130033211708,-68.27533635787667,-68.27533635787667
1184.140033211708,-68.27833553524515,-68.27833553524515
1184.150033211708,-68.28133709004437,-68.28133709004437
1184.160033211708,-68.28434118318128,-68.28434118318128
1184.170033211708,-68.28734797334371,-68.28734797334371
1184.1800332117082,-68.29035761698678,-68.29035761698678
1184.1900332117082,-68.29337026836278,-68.29337026836278
1184.2000332117082,-68.29638607950352,-68.29638607950352
1184.2100332117082,-68.29940520023187,-68.29940520023187
1184.2200332117081,-68.30242777819315,-68.30242777819315
1184.2300332117081,-68.30545395882359,-68.30545395882359
1184.2400332117081,-68.30848388538998,-68.30848388538998
1184.2500332117081,-68.31151769898065,-68.31151769898065
1184.260033211708,-68.31455553852773,-68.31455553852773
1184.270033211708,-68.31759754080247,-68.31759754080247
1184.280033211708,-68.32064384042096,-68.32064384042096
1184.290033211708,-68.32369456988305,-68.32369456988305
1184.300033211708,-68.32674985955127,-68.32674985955127
1184.310033211708,-68.32980983766946,-68.32980983766946
1184.320033211708,-68.33287463038678,-68.33287463038678
1184.330033211708,-68.33594436176807,-68.33594436176807
1184.340033211708,-68.33901915377939,-68.33901915377939
1184.350033211708,-68.34209912633554,-68.34209912633554
1184.360033211708,-68.34518439728983,-68.34518439728983
1184.370033211708,-68.34827508245995,-68.34827508245995
1184.380033211708,-68.35137129563789,-68.35137129563789
1184.390033211708,-68.3544731486003,-68.3544731486003
1184.400033211708,-68.35758075113401,-68.35758075113401
1184.410033211708,-68.3606942110392,-68.3606942110392
1184.420033211708,-68.36381363414796,-68.36381363414796
1184.4300332117082,-68.36693912434063,-68.36693912434063
1184.4400332117082,-68.370070783577,-68.370070783577
1184.4500332117082,-68.37320871187586,-68.37320871187586
1184.4600332117082,-68.37635300737018,-68.37635300737018
1184.4700332117081,-68.37950376630494,-68.37950376630494
1184.4800332117081,-68.382661083048,-68.382661083048
1184.4900332117081,-68.38582505012815,-68.38582505012815
1184.5000332117081,-68.38899575823757,-68.38899575823757
1184.510033211708,-68.39217329624218,-68.39217329624218
1184.520033211708,-68.39535775122069,-68.39535775122069
1184.530033211708,-68.39854920845767,-68.39854920845767
1184.540033211708,-68.401747751493,-68.401747751493
1184.550033211708,-68.404953462099,-68.404953462099
1184.560033211708,-68.4081664203477,-68.4081664203477
1184.570033211708,-68.4113867045802,-68.4113867045802
1184.580033211708,-68.41461439145769,-68.41461439145769
1184.590033211708,-68.41784955596316,-68.41784955596316
1184.600033211708,-68.42109227143824,-68.42109227143824
1184.610033211708,-68.42434260956846,-68.42434260956846
1184.620033211708,-68.42760064044339,-68.42760064044339
1184.630033211708,-68.4308664325467,-68.4308664325467
1184.640033211708,-68.43414005276881,-68.43414005276881
1184.650033211708,-68.43742156645742,-68.43742156645742
1184.660033211708,-68.44071103741341,-68.44071103741341
1184.670033211708,-68.44400852790523,-68.44400852790523
1184.6800332117082,-68.4472745907684,-68.4472745907684
1184.6900332117082,-68.4504930566212,-68.4504930566212
1184.7000332117082,-68.45365513665088,-68.45365513665088
1184.7100332117082,-68.45675589301739,-68.45675589301739
1184.7200332117081,-68.45979273080638,-68.45979273080638
1184.7300332117081,-68.4627644550156,-68.4627644550156
1184.7400332117081,-68.46567068228927,-68.46567068228927
1184.7500332117081,-68.4685114895797,-68.4685114895797
1184.760033211708,-68.47128721035472,-68.47128721035472
1184.770033211708,-68.47399831885713,-68.47399831885713
1184.780033211708,-68.47664536557157,-68.47664536557157
1184.790033211708,-68.47922894214763,-68.47922894214763
1184.800033211708,-68.48174966300635,-68.48174966300635
1184.810033211708,-68.48420815621253,-68.48420815621253
1184.820033211708,-68.48660505938733,-68.48660505938733
1184.830033211708,-68.48894101822455,-68.48894101822455
1184.840033211708,-68.49121668623744,-68.49121668623744
1184.850033211708,-68.49343272502506,-68.49343272502506
1184.860033211708,-68.49558980462375,-68.49558980462375
1184.870033211708,-68.49768860379706,-68.49768860379706
1184.880033211708,-68.49972981017605,-68.49972981017605
1184.890033211708,-68.50171412020434,-68.50171412020434
1184.90003323555,-68.50364224352997,-68.50364224352997
1184.91003323555,-68.50551488412664,-68.50551488412664
1184.92003323555,-68.50733276797364,-68.50733276797364
1184.93003323555,-68.50909662352241,-68.50909662352241
1184.94003323555,-68.51080718596192,-68.51080718596192
1184.9500332355499,-68.51246519658442,-68.51246519658442
1184.9600332355499,-68.51407140215342,-68.51407140215342
1184.9700332355499,-68.51562655424972,-68.51562655424972
1184.9800332355499,-68.5171314086251,-68.5171314086251
1184.9900332355498,-68.51858672458451,-68.51858672458451
1185.0000332355498,-68.51999326435723,-68.51999326435723
1185.0100332355498,-68.52135179251822,-68.52135179251822
1185.0200332355498,-68.52266307540984,-68.52266307540984
1185.03003323555,-68.52392788059768,-68.52392788059768
1185.04003323555,-68.52514697633012,-68.52514697633012
1185.05003323555,-68.5263211310706,-68.5263211310706
1185.06003323555,-68.52745111301101,-68.52745111301101
1185.07003323555,-68.52853768962608,-68.52853768962608
1185.08003323555,-68.52958162726715,-68.52958162726715
1185.09003323555,-68.53058369073707,-68.53058369073707
1185.10003323555,-68.53154464293975,-68.53154464293975
1185.11003323555,-68.53246524452278,-68.53246524452278
1185.12003323555,-68.53334625353347,-68.53334625353347
1185.13003323555,-68.53418842511749,-68.53418842511749
1185.14003323555,-68.5349925112311,-68.5349925112311
1185.15003323555,-68.53575926034664,-68.53575926034664
1185.16003323555,-68.53648941722854,-68.53648941722854
1185.17003323555,-68.53718372265372,-68.53718372265372
1185.18003323555,-68.53784291321611,-68.53784291321611
1185.19003323555,-68.53846772111466,-68.53846772111466
1185.2000332355499,-68.53905887394113,-68.53905887394113
1185.2100332355499,-68.53961709451512,-68.53961709451512
1185.2200332355499,-68.54014310069479,-68.54014310069479
1185.2300332355499,-68.54063760524362,-68.54063760524362
1185.2400332355498,-68.5411013156655,-68.5411013156655
1185.2500332355498,-68.54153493409001,-68.54153493409001
1185.2600332355498,-68.5419391571217,-68.5419391571217
1185.2700332355498,-68.54231467574242,-68.54231467574242
1185.28003323555,-68.54266217520505,-68.54266217520505
1185.29003323555,-68.54298233493446,-68.54298233493446
1185.30003323555,-68.54327582843685,-68.54327582843685
1185.31003323555,-68.54354332322582,-68.54354332322582
1185.32003323555,-68.54378548074507,-68.54378548074507
1185.33003323555,-68.54400295629436,-68.54400295629436
1185.34003323555,-68.54419639898818,-68.54419639898818
1185.35003323555,-68.54436645170013,-68.54436645170013
1185.36003323555,-68.54451375100221,-68.54451375100221
1185.37003323555,-68.54463892714303,-68.54463892714303
1185.38003323555,-68.54474260399279,-68.54474260399279
1185.39003323555,-68.54482539903574,-68.54482539903574
1185.40003323555,-68.54488792331797,-68.54488792331797
1185.41003323555,-68.54493078146261,-68.54493078146261
1185.42003323555,-68.54495457162477,-68.54495457162477
1185.43003323555,-68.5449598854849,-68.5449598854849
1185.44003323555,-68.54494730825766,-68.54494730825766
1185.4500332355499,-68.54491741866771,-68.54491741866771
1185.4600332355499,-68.54487078895899,-68.54487078895899
1185.4700332355499,-68.54480798490049,-68.54480798490049
1185.4800332355499,-68.54472956577969,-68.54472956577969
1185.4900332355498,-68.54463608442475,-68.54463608442475
1185.5000332355498,-68.54452808722023,-68.54452808722023
1185.5100332355498,-68.5444061141043,-68.5444061141043
1185.5200332355498,-68.54427069860101,-68.54427069860101
1185.53003323555,-68.54412236782017,-68.54412236782017
1185.54003323555,-68.54396164250964,-68.54396164250964
1185.55003323555,-68.54378903705643,-68.54378903705643
1185.56003323555,-68.54360505950918,-68.54360505950918
1185.57003323555,-68.54341021162864,-68.54341021162864
1185.58003323555,-68.54320498890063,-68.54320498890063
1185.59003323555,-68.54298988056539,-68.54298988056539
1185.60003323555,-68.54276536965843,-68.54276536965843
1185.61003323555,-68.54253193303921,-68.54253193303921
1185.62003323555,-68.54229004143185,-68.54229004143185
1185.63003323555,-68.54204015945263,-68.54204015945263
1185.64003323555,-68.54178274565491,-68.54178274565491
1185.65003323555,-68.5415182525786,-68.5415182525786
1185.66003323555,-68.54124712676764,-68.54124712676764
1185.67003323555,-68.54096980882127,-68.54096980882127
1185.68003323555,-68.54068673344429,-68.54068673344429
1185.69003323555,-68.54039832948341,-68.54039832948341
1185.7000332355499,-68.54010501995985,-68.54010501995985
1185.7100332355499,-68.53980722213448,-68.53980722213448
1185.7200332355499,-68.53950534753233,-68.53950534753233
1185.7300332355499,-68.53919980200486,-68.53919980200486
1185.7400332355498,-68.538890985759,-68.538890985759
1185.7500332593918,-68.53857929268358,-68.53857929268358
1185.7600332593918,-68.53826511334444,-68.53826511334444
1185.7700332593918,-68.53794883059518,-68.53794883059518
1185.7800332593918,-68.53763082257824,-68.53763082257824
1185.7900332593917,-68.53731146203995,-68.53731146203995
1185.8000332593917,-68.53699111636676,-68.53699111636676
1185.8100332593917,-68.5366701476647,-68.5366701476647
1185.8200332593917,-68.53634891276423,-68.53634891276423
1185.8300332593917,-68.53602776330791,-68.53602776330791
1185.8400332593917,-68.5357070457725,-68.5357070457725
1185.8500332593917,-68.53538710153074,-68.53538710153074
1185.8600332593917,-68.53506826690273,-68.53506826690273
1185.8700332593917,-68.53475087319889,-68.53475087319889
1185.880033259392,-68.53443524676815,-68.53443524676815
1185.8900332593919,-68.53412170905834,-68.53412170905834
1185.9000332593919,-68.53381057664969,-68.53381057664969
1185.9100332593919,-68.53350216131388,-68.53350216131388
1185.9200332593919,-68.53319677006374,-68.53319677006374
1185.9300332593918,-68.53289470520082,-68.53289470520082
1185.9400332593918,-68.53259626435563,-68.53259626435563
1185.9500332593918,-68.53230174054337,-68.53230174054337
1185.9600332593918,-68.53200545943417,-68.53200545943417
1185.9700332593918,-68.5317051004764,-68.5317051004764
1185.9800332593918,-68.53139968084305,-68.53139968084305
1185.9900332593918,-68.53108883427025,-68.53108883427025
1186.0000332593918,-68.53077253584334,-68.53077253584334
1186.0100332593918,-68.53045095913932,-68.53045095913932
1186.0200332593918,-68.53012439244823,-68.53012439244823
1186.0300332593918,-68.52979318852155,-68.52979318852155
1186.0400332593917,-68.52945773431505,-68.52945773431505
1186.0500332593917,-68.52911843294109,-68.52911843294109
1186.0600332593917,-68.5287756928714,-68.5287756928714
1186.0700332593917,-68.52842992166707,-68.52842992166707
1186.0800332593917,-68.52808152241063,-68.52808152241063
1186.0900332593917,-68.52773089175899,-68.52773089175899
1186.1000332593917,-68.52737841906179,-68.52737841906179
1186.1100332593917,-68.52702448597704,-68.52702448597704
1186.1200332593917,-68.52666946649198,-68.52666946649198
1186.130033259392,-68.52631372714774,-68.52631372714774
1186.1400332593919,-68.52595762728869,-68.52595762728869
1186.1500332593919,-68.52560151942572,-68.52560151942572
1186.1600332593919,-68.52524574954012,-68.52524574954012
1186.1700332593919,-68.5248906574376,-68.5248906574376
1186.1800332593918,-68.52453657701696,-68.52453657701696
1186.1900332593918,-68.52418383654953,-68.52418383654953
1186.2000332593918,-68.52383275892812,-68.52383275892812
1186.2100332593918,-68.52348366188295,-68.52348366188295
1186.2200332593918,-68.52313685815524,-68.52313685815524
1186.2300332593918,-68.52279265566538,-68.52279265566538
1186.2400332593918,-68.52245135767627,-68.52245135767627
1186.2500332593918,-68.52211326290835,-68.52211326290835
1186.2600332593918,-68.52177866566028,-68.52177866566028
1186.2700332593918,-68.52144785589218,-68.52144785589218
1186.2800332593918,-68.52112111932854,-68.52112111932854
1186.2900332593917,-68.52079873752612,-68.52079873752612
1186.3000332593917,-68.52048098796303,-68.52048098796303
1186.3100332593917,-68.5201681440624,-68.5201681440624
1186.3200332593917,-68.51986047530023,-68.51986047530023
1186.3300332593917,-68.51955824720154,-68.51955824720154
1186.3400332593917,-68.5192617214322,-68.5192617214322
1186.3500332593917,-68.51897115581109,-68.51897115581109
1186.3600332593917,-68.5186868043637,-68.5186868043637
1186.3700332593917,-68.51840891737223,-68.51840891737223
1186.380033259392,-68.51813774138152,-68.51813774138152
1186.3900332593919,-68.51787351926026,-68.51787351926026
1186.4000332593919,-68.51761649021833,-68.51761649021833
1186.4100332593919,-68.51736688983851,-68.51736688983851
1186.4200332593919,-68.51712495011652,-68.51712495011652
1186.4300332593918,-68.51689089947473,-68.51689089947473
1186.4400332593918,-68.51666496281885,-68.51666496281885
1186.4500332593918,-68.51644736153295,-68.51644736153295
1186.4600332593918,-68.5162323524846,-68.5162323524846
1186.4700332593918,-68.51601754621099,-68.51601754621099
1186.4800332593918,-68.51580189158173,-68.51580189158173
1186.4900332593918,-68.51558495481294,-68.51558495481294
1186.5000332593918,-68.51536664436983,-68.51536664436983
1186.5100332593918,-68.51514706812831,-68.51514706812831
1186.5200332593918,-68.5149264496228,-68.5149264496228
1186.5300332593918,-68.51470507780105,-68.51470507780105
1186.5400332593917,-68.51448327676867,-68.51448327676867
1186.5500332593917,-68.51426138770918,-68.51426138770918
1186.5600332593917,-68.51403975810089,-68.51403975810089
1186.5700332593917,-68.51381873540936,-68.51381873540936
1186.5800332593917,-68.5135986635109,-68.5135986635109
1186.5900332593917,-68.51337988074228,-68.51337988074228
1186.6000332832336,-68.51316271844226,-68.51316271844226
1186.6100332832336,-68.51294750265195,-68.51294750265195
1186.6200332832336,-68.512734551023,-68.512734551023
1186.6300332832336,-68.51252417503767,-68.51252417503767
1186.6400332832336,-68.51231667978544,-68.51231667978544
1186.6500332832336,-68.51211236426992,-68.51211236426992
1186.6600332832336,-68.51191152171774,-68.51191152171774
1186.6700332832336,-68.51171443990009,-68.51171443990009
1186.6800332832336,-68.5115214014079,-68.5115214014079
1186.6900332832336,-68.51133268389302,-68.51133268389302
1186.7000332832336,-68.51114856031926,-68.51114856031926
1186.7100332832335,-68.5109692991455,-68.5109692991455
1186.7200332832335,-68.51079516450736,-68.51079516450736
1186.7300332832338,-68.51062641636445,-68.51062641636445
1186.7400332832337,-68.51046331065291,-68.51046331065291
1186.7500332832337,-68.51030609938401,-68.51030609938401
1186.7600332832337,-68.51015503073762,-68.51015503073762
1186.7700332832337,-68.51001034917773,-68.51001034917773
1186.7800332832337,-68.50987229550276,-68.50987229550276
1186.7900332832337,-68.50974110691676,-68.50974110691676
1186.8000332832337,-68.50961701711036,-68.50961701711036
1186.8100332832337,-68.50950025627705,-68.50950025627705
1186.8200332832337,-68.5093910512015,-68.5093910512015
1186.8300332832337,-68.50928962525676,-68.50928962525676
1186.8400332832337,-68.50919619848155,-68.50919619848155
1186.8500332832336,-68.50911098758641,-68.50911098758641
1186.8600332832336,-68.50903420600449,-68.50903420600449
1186.8700332832336,-68.50896606390052,-68.50896606390052
1186.8800332832336,-68.50890676821705,-68.50890676821705
1186.8900332832336,-68.50885652270328,-68.50885652270328
1186.9000332832336,-68.50881552790946,-68.50881552790946
1186.9100332832336,-68.50878398125215,-68.50878398125215
1186.9200332832336,-68.50876207699723,-68.50876207699723
1186.9300332832336,-68.50875000632074,-68.50875000632074
1186.9400332832336,-68.5087479573014,-68.5087479573014
1186.9500332832336,-68.50875611495943,-68.50875611495943
1186.9600332832335,-68.50877466126136,-68.50877466126136
1186.9700332832335,-68.50880377517521,-68.50880377517521
1186.9800332832338,-68.50884363264564,-68.50884363264564
1186.9900332832337,-68.50889440666364,-68.50889440666364
1187.0000332832337,-68.50895626724758,-68.50895626724758
1187.0100332832337,-68.50902938149808,-68.50902938149808
1187.0200332832337,-68.50911391359287,-68.50911391359287
1187.0300332832337,-68.50921002483707,-68.50921002483707
1187.0400332832337,-68.5093178736491,-68.5093178736491
1187.0500332832337,-68.5094376156295,-68.5094376156295
1187.0600332832337,-68.50956940354152,-68.50956940354152
1187.0700332832337,-68.50971338736451,-68.50971338736451
1187.0800332832337,-68.50986971429764,-68.50986971429764
1187.0900332832337,-68.51003852879442,-68.51003852879442
1187.1000332832336,-68.51021997258957,-68.51021997258957
1187.1100332832336,-68.51041418471371,-68.51041418471371
1187.1200332832336,-68.51062130151944,-68.51062130151944
1187.1300332832336,-68.51084145670508,-68.51084145670508
1187.1400332832336,-68.51107478135586,-68.51107478135586
1187.1500332832336,-68.51132140393837,-68.51132140393837
1187.1600332832336,-68.51158145035971,-68.51158145035971
1187.1700332832336,-68.51185504395914,-68.51185504395914
1187.1800332832336,-68.5121423055574,-68.5121423055574
1187.1900332832336,-68.51244335347016,-68.51244335347016
1187.2000332832336,-68.51275830354378,-68.51275830354378
1187.2100332832335,-68.5130872691719,-68.5130872691719
1187.2200332832335,-68.51343036131895,-68.51343036131895
1187.2300332832338,-68.51378768855058,-68.51378768855058
1187.2400332832337,-68.51415935706956,-68.51415935706956
1187.2500332832337,-68.51454547071718,-68.51454547071718
1187.2600332832337,-68.51494613101876,-68.51494613101876
1187.2700332832337,-68.5153614372074,-68.5153614372074
1187.2800332832337,-68.5157914862292,-68.5157914862292
1187.2900332832337,-68.51623637280606,-68.51623637280606
1187.3000332832337,-68.51669618942309,-68.51669618942309
1187.3100332832337,-68.51717102637602,-68.51717102637602
1187.3200332832337,-68.51766097179662,-68.51766097179662
1187.3300332832337,-68.51816611167395,-68.51816611167395
1187.3400332832337,-68.51868652987758,-68.51868652987758
1187.3500332832336,-68.5192223081756,-68.5192223081756
1187.3600332832336,-68.51977352627817,-68.51977352627817
1187.3700332832336,-68.52034026185144,-68.52034026185144
1187.3800332832336,-68.52092259053966,-68.52092259053966
1187.3900332832336,-68.52152058599995,-68.52152058599995
1187.4000332832336,-68.52213431991613,-68.52213431991613
1187.4100332832336,-68.5227638620364,-68.5227638620364
1187.4200332832336,-68.52340928018238,-68.52340928018238
1187.4300332832336,-68.52407064029367,-68.52407064029367
1187.4400332832336,-68.52474800642314,-68.52474800642314
1187.4500333070755,-68.52544144243099,-68.52544144243099
1187.4600333070755,-68.52615100547108,-68.52615100547108
1187.4700333070755,-68.5268767557201,-68.5268767557201
1187.4800333070755,-68.52761875000557,-68.52761875000557
1187.4900333070755,-68.52837704339258,-68.52837704339258
1187.5000333070755,-68.52915168922108,-68.52915168922108
1187.5100333070754,-68.52994273911892,-68.52994273911892
1187.5200333070754,-68.530750243048,-68.530750243048
1187.5300333070754,-68.53157424929509,-68.53157424929509
1187.5400333070754,-68.53241480450896,-68.53241480450896
1187.5500333070754,-68.53327195373589,-68.53327195373589
1187.5600333070754,-68.53414574041203,-68.53414574041203
1187.5700333070754,-68.53503620641573,-68.53503620641573
1187.5800333070756,-68.53594339206927,-68.53594339206927
1187.5900333070756,-68.53686733616942,-68.53686733616942
1187.6000333070756,-68.53780807601156,-68.53780807601156
1187.6100333070756,-68.53876564739892,-68.53876564739892
1187.6200333070756,-68.5397400846661,-68.5397400846661
1187.6300333070756,-68.54073142071775,-68.54073142071775
1187.6400333070756,-68.54173968702341,-68.54173968702341
1187.6500333070755,-68.5427649136558,-68.5427649136558
1187.6600333070755,-68.5438071293009,-68.5438071293009
1187.6700333070755,-68.54486636127636,-68.54486636127636
1187.6800333070755,-68.54594263557499,-68.54594263557499
1187.6900333070755,-68.54703597684635,-68.54703597684635
1187.7000333070755,-68.54814640844758,-68.54814640844758
1187.7100333070755,-68.54927395244562,-68.54927395244562
1187.7200333070755,-68.55041862964042,-68.55041862964042
1187.7300333070755,-68.55158045958368,-68.55158045958368
1187.7400333070755,-68.55275946060848,-68.55275946060848
1187.7500333070755,-68.55395564981688,-68.55395564981688
1187.7600333070754,-68.55516904312478,-68.55516904312478
1187.7700333070754,-68.55639965528208,-68.55639965528208
1187.7800333070754,-68.55764749987615,-68.55764749987615
1187.7900333070754,-68.5589125893473,-68.5589125893473
1187.8000333070754,-68.56019493501924,-68.56019493501924
1187.8100333070754,-68.56149454711033,-68.56149454711033
1187.8200333070754,-68.5628114347503,-68.5628114347503
1187.8300333070756,-68.5641456059862,-68.5641456059862
1187.8400333070756,-68.565497067819,-68.565497067819
1187.8500333070756,-68.56686582621417,-68.56686582621417
1187.8600333070756,-68.56825188610173,-68.56825188610173
1187.8700333070756,-68.56965525140163,-68.56965525140163
1187.8800333070756,-68.57107592505943,-68.57107592505943
1187.8900333070756,-68.57251390902492,-68.57251390902492
1187.9000333070755,-68.57396920429366,-68.57396920429366
1187.9100333070755,-68.57544181091356,-68.57544181091356
1187.9200333070755,-68.57693172800423,-68.57693172800423
1187.9300333070755,-68.578438953769,-68.578438953769
1187.9400333070755,-68.57996348550027,-68.57996348550027
1187.9500333070755,-68.58150531961012,-68.58150531961012
1187.9600333070755,-68.58306445163971,-68.58306445163971
1187.9700333070755,-68.58464087625458,-68.58464087625458
1187.9800333070755,-68.58623458728331,-68.58623458728331
1187.9900333070755,-68.58784557772896,-68.58784557772896
1188.0000333070755,-68.58947383976908,-68.58947383976908
1188.0100333070754,-68.59111936477379,-68.59111936477379
1188.0200333070754,-68.59278214332973,-68.59278214332973
1188.0300333070754,-68.5944621652243,-68.5944621652243
1188.0400333070754,-68.59615941950119,-68.59615941950119
1188.0500333070754,-68.59787389443153,-68.59787389443153
1188.0600333070754,-68.59960557755703,-68.59960557755703
1188.0700333070754,-68.6013544556754,-68.6013544556754
1188.0800333070756,-68.6031205148836,-68.6031205148836
1188.0900333070756,-68.60490374056543,-68.60490374056543
1188.1000333070756,-68.60670411740432,-68.60670411740432
1188.1100333070756,-68.60852162940965,-68.60852162940965
1188.1200333070756,-68.61035625991452,-68.61035625991452
1188.1300333070756,-68.61220799160591,-68.61220799160591
1188.1400333070756,-68.61407680650485,-68.61407680650485
1188.1500333070755,-68.61596268600461,-68.61596268600461
1188.1600333070755,-68.61786561087673,-68.61786561087673
1188.1700333070755,-68.61978556126395,-68.61978556126395
1188.1800333070755,-68.6217225167127,-68.6217225167127
1188.1900333070755,-68.62367645617513,-68.62367645617513
1188.2000333070755,-68.62564735801796,-68.62564735801796
1188.2100333070755,-68.62763520003317,-68.62763520003317
1188.2200333070755,-68.62963995944546,-68.62963995944546
1188.2300333070755,-68.63166161293107,-68.63166161293107
1188.2400333070755,-68.63370013661853,-68.63370013661853
1188.2500333070755,-68.63575550609899,-68.63575550609899
1188.2600333070754,-68.63782769646008,-68.63782769646008
1188.2700333070754,-68.63991668223677,-68.63991668223677
1188.2800333070754,-68.64202243748399,-68.64202243748399
1188.2900333070754,-68.64414493574544,-68.64414493574544
1188.3000333309174,-68.6462841551847,-68.6462841551847
1188.3100333309173,-68.64844005825053,-68.64844005825053
1188.3200333309173,-68.65061262207334,-68.65061262207334
1188.3300333309173,-68.65280181831098,-68.65280181831098
1188.3400333309173,-68.65500761816192,-68.65500761816192
1188.3500333309173,-68.65722999237279,-68.65722999237279
1188.3600333309173,-68.6594689112504,-68.6594689112504
1188.3700333309173,-68.66172434468498,-68.66172434468498
1188.3800333309173,-68.66399626213587,-68.66399626213587
1188.3900333309173,-68.66628463265066,-68.66628463265066
1188.4000333309173,-68.66858942486996,-68.66858942486996
1188.4100333309173,-68.67091060704361,-68.67091060704361
1188.4200333309172,-68.67324814702138,-68.67324814702138
1188.4300333309175,-68.67560201227847,-68.67560201227847
1188.4400333309175,-68.67797216991036,-68.67797216991036
1188.4500333309174,-68.68035858665021,-68.68035858665021
1188.4600333309174,-68.68275524869927,-68.68275524869927
1188.4700333309174,-68.68515950601468,-68.68515950601468
1188.4800333309174,-68.68757005312261,-68.68757005312261
1188.4900333309174,-68.68998620665388,-68.68998620665388
1188.5000333309174,-68.6924076295998,-68.6924076295998
1188.5100333309174,-68.69483418811258,-68.69483418811258
1188.5200333309174,-68.69726586752708,-68.69726586752708
1188.5300333309174,-68.69970272196275,-68.69970272196275
1188.5400333309174,-68.70214484398336,-68.70214484398336
1188.5500333309174,-68.70459234641777,-68.70459234641777
1188.5600333309173,-68.70704535151822,-68.70704535151822
1188.5700333309173,-68.70950398462793,-68.70950398462793
1188.5800333309173,-68.71196837053014,-68.71196837053014
1188.5900333309173,-68.71443863148849,-68.71443863148849
1188.6000333309173,-68.71691488622936,-68.71691488622936
1188.6100333309173,-68.71939724959262,-68.71939724959262
1188.6200333309173,-68.72188583247058,-68.72188583247058
1188.6300333309173,-68.72438074195676,-68.72438074195676
1188.6400333309173,-68.72688208158394,-68.72688208158394
1188.6500333309173,-68.72938995162242,-68.72938995162242
1188.6600333309173,-68.73190444935874,-68.73190444935874
1188.6700333309172,-68.73442566936907,-68.73442566936907
1188.6800333309175,-68.73695370377783,-68.73695370377783
1188.6900333309175,-68.73948864248614,-68.73948864248614
1188.7000333309174,-68.74203057337408,-68.74203057337408
1188.7100333309174,-68.74457958247058,-68.74457958247058
1188.7200333309174,-68.74713575409021,-68.74713575409021
1188.7300333309174,-68.74969917099003,-68.74969917099003
1188.7400333309174,-68.75226991444822,-68.75226991444822
1188.7500333309174,-68.75484806435459,-68.75484806435459
1188.7600333309174,-68.75743369930251,-68.75743369930251
1188.7700333309174,-68.76002689663972,-68.76002689663972
1188.7800333309174,-68.76262773250781,-68.76262773250781
1188.7900333309174,-68.76523628191477,-68.76523628191477
1188.8000333309174,-68.76785261873164,-68.76785261873164
1188.8100333309173,-68.77047681573372,-68.77047681573372
1188.8200333309173,-68.77310894462877,-68.77310894462877
1188.8300333309173,-68.7757490760659,-68.7757490760659
1188.8400333309173,-68.77839727964435,-68.77839727964435
1188.8500333309173,-68.78105362392523,-68.78105362392523
1188.8600333309173,-68.78371817643949,-68.78371817643949
1188.8700333309173,-68.78639100369135,-68.78639100369135
1188.8800333309173,-68.7890721711645,-68.7890721711645
1188.8900333309173,-68.7917617433145,-68.7917617433145
1188.9000333309173,-68.79445978356783,-68.79445978356783
1188.9100333309173,-68.79716635433155,-68.79716635433155
1188.9200333309172,-68.79988151698262,-68.79988151698262
1188.9300333309175,-68.80260533187872,-68.80260533187872
1188.9400333309175,-68.80533785834467,-68.80533785834467
1188.9500333309174,-68.80807915467301,-68.80807915467301
1188.9600333309174,-68.81082927812244,-68.81082927812244
1188.9700333309174,-68.81358828491209,-68.81358828491209
1188.9800333309174,-68.81635623022119,-68.81635623022119
1188.9900333309174,-68.81913316820918,-68.81913316820918
1189.0000333309174,-68.82191915197026,-68.82191915197026
1189.0100333309174,-68.82471423357134,-68.82471423357134
1189.0200333309174,-68.82751846403212,-68.82751846403212
1189.0300333309174,-68.83033189333501,-68.83033189333501
1189.0400333309174,-68.83315457040982,-68.83315457040982
1189.0500333309174,-68.83598654315735,-68.83598654315735
1189.0600333309173,-68.8388278584293,-68.8388278584293
1189.0700333309173,-68.84167856203517,-68.84167856203517
1189.0800333309173,-68.84453869875064,-68.84453869875064
1189.0900333309173,-68.84740831230995,-68.84740831230995
1189.1000333309173,-68.85028744542072,-68.85028744542072
1189.1100333309173,-68.85317613975896,-68.85317613975896
1189.1200333309173,-68.85607443596395,-68.85607443596395
1189.1300333309173,-68.85898237366217,-68.85898237366217
1189.1400333309173,-68.86189999145445,-68.86189999145445
1189.1500333547592,-68.86482733388824,-68.86482733388824
1189.1600333547592,-68.86776442363902,-68.86776442363902
1189.1700333547592,-68.87071130319428,-68.87071130319428
1189.1800333547592,-68.87366800713104,-68.87366800713104
1189.1900333547592,-68.87663456900853,-68.87663456900853
1189.2000333547592,-68.87961102141428,-68.87961102141428
1189.2100333547592,-68.88259139704903,-68.88259139704903
1189.2200333547592,-68.88557310132646,-68.88557310132646
1189.2300333547591,-68.8885548875019,-68.8885548875019
1189.2400333547591,-68.89153613221124,-68.89153613221124
1189.2500333547591,-68.8945165589103,-68.8945165589103
1189.2600333547591,-68.89749609430439,-68.89749609430439
1189.270033354759,-68.90047478409568,-68.90047478409568
1189.2800333547593,-68.9034527424646,-68.9034527424646
1189.2900333547593,-68.90643012162678,-68.90643012162678
1189.3000333547593,-68.90940709360525,-68.90940709360525
1189.3100333547593,-68.91238383936819,-68.91238383936819
1189.3200333547593,-68.91536054245239,-68.91536054245239
1189.3300333547593,-68.91833738530396,-68.91833738530396
1189.3400333547593,-68.9213145473051,-68.9213145473051
1189.3500333547593,-68.92429220377376,-68.92429220377376
1189.3600333547593,-68.92727052557379,-68.92727052557379
1189.3700333547592,-68.93024967908588,-68.93024967908588
1189.3800333547592,-68.93322982632851,-68.93322982632851
1189.3900333547592,-68.93621112521784,-68.93621112521784
1189.4000333547592,-68.93919372983679,-68.93919372983679
1189.4100333547592,-68.94217779074765,-68.94217779074765
1189.4200333547592,-68.94516345524681,-68.94516345524681
1189.4300333547592,-68.94815086762918,-68.94815086762918
1189.4400333547592,-68.95114016942364,-68.95114016942364
1189.4500333547592,-68.95413149958264,-68.95413149958264
1189.4600333547592,-68.95712499466734,-68.95712499466734
1189.4700333547592,-68.96012078899831,-68.96012078899831
1189.4800333547591,-68.96311901477232,-68.96311901477232
1189.4900333547591,-68.9661198021963,-68.9661198021963
1189.5000333547591,-68.96912327954351,-68.96912327954351
1189.5100333547591,-68.97212957326492,-68.97212957326492
1189.520033354759,-68.97513880804584,-68.97513880804584
1189.5300333547593,-68.97815110684009,-68.97815110684009
1189.5400333547593,-68.98116659093719,-68.98116659093719
1189.5500333547593,-68.98418537999007,-68.98418537999007
1189.5600333547593,-68.9872075920382,-68.9872075920382
1189.5700333547593,-68.99023334355374,-68.99023334355374
1189.5800333547593,-68.99326274944072,-68.99326274944072
1189.5900333547593,-68.99629592304599,-68.99629592304599
1189.6000333547593,-68.99933297620105,-68.99933297620105
1189.6100333547593,-69.00237401920955,-69.00237401920955
1189.6200333547592,-69.00541916086135,-69.00541916086135
1189.6300333547592,-69.00846850843908,-69.00846850843908
1189.6400333547592,-69.01152216771717,-69.01152216771717
1189.6500333547592,-69.01458024298908,-69.01458024298908
1189.6600333547592,-69.0176428370399,-69.0176428370399
1189.6700333547592,-69.02071005117735,-69.02071005117735
1189.6800333547592,-69.02378198521144,-69.02378198521144
1189.6900333547592,-69.0268587374782,-69.0268587374782
1189.7000333547592,-69.02994040482332,-69.02994040482332
1189.7100333547592,-69.03302107047806,-69.03302107047806
1189.7200333547592,-69.03609819723698,-69.03609819723698
1189.7300333547591,-69.03917059821251,-69.03917059821251
1189.7400333547591,-69.04223771079897,-69.04223771079897
1189.7500333547591,-69.04529931950438,-69.04529931950438
1189.7600333547591,-69.0483554120264,-69.0483554120264
1189.770033354759,-69.05140609489317,-69.05140609489317
1189.7800333547593,-69.05445154275264,-69.05445154275264
1189.7900333547593,-69.05749196788814,-69.05749196788814
1189.8000333547593,-69.0605276019319,-69.0605276019319
1189.8100333547593,-69.06355868498619,-69.06355868498619
1189.8200333547593,-69.06658545921417,-69.06658545921417
1189.8300333547593,-69.06960816517595,-69.06960816517595
1189.8400333547593,-69.07262703984937,-69.07262703984937
1189.8500333547593,-69.07564231561555,-69.07564231561555
1189.8600333547593,-69.07865421986568,-69.07865421986568
1189.8700333547592,-69.0816629749535,-69.0816629749535
1189.8800333547592,-69.08466879835979,-69.08466879835979
1189.8900333547592,-69.08767190289238,-69.08767190289238
1189.9000333547592,-69.0906724970045,-69.0906724970045
1189.9100333547592,-69.09363018413465,-69.09363018413465
1189.9200333547592,-69.0965215663772,-69.0965215663772
1189.9300333547592,-69.09933479331146,-69.09933479331146
1189.9400333547592,-69.10206417067114,-69.10206417067114
1189.9500333547592,-69.10470730952157,-69.10470730952157
1189.9600333547592,-69.10726362115118,-69.10726362115118
1189.9700333547592,-69.10973349656888,-69.10973349656888
1189.9800333547591,-69.1121178499435,-69.1121178499435
1189.9900333547591,-69.11441786182294,-69.11441786182294
1190.000033378601,-69.11663483986189,-69.11663483986189
1190.010033378601,-69.11877011677008,-69.11877011677008
1190.020033378601,-69.12082503899735,-69.12082503899735
1190.030033378601,-69.12280092216024,-69.12280092216024
1190.040033378601,-69.12469904634581,-69.12469904634581
1190.050033378601,-69.12652065280503,-69.12652065280503
1190.060033378601,-69.12826694447412,-69.12826694447412
1190.070033378601,-69.12993908852833,-69.12993908852833
1190.080033378601,-69.13153821981913,-69.13153821981913
1190.090033378601,-69.13306544464172,-69.13306544464172
1190.100033378601,-69.13452184439421,-69.13452184439421
1190.110033378601,-69.13590847902468,-69.13590847902468
1190.120033378601,-69.13722639010037,-69.13722639010037
1190.1300333786012,-69.13847660353201,-69.13847660353201
1190.1400333786012,-69.13966013192605,-69.13966013192605
1190.1500333786012,-69.14077797657761,-69.14077797657761
1190.1600333786012,-69.14183112916906,-69.14183112916906
1190.1700333786011,-69.14282057318272,-69.14282057318272
1190.1800333786011,-69.14374728502912,-69.14374728502912
1190.1900333786011,-69.1446122350148,-69.1446122350148
1190.2000333786011,-69.14541638810023,-69.14541638810023
1190.210033378601,-69.14616070447272,-69.14616070447272
1190.220033378601,-69.14684614000636,-69.14684614000636
1190.230033378601,-69.14747364662298,-69.14747364662298
1190.240033378601,-69.14804417252077,-69.14804417252077
1190.250033378601,-69.14855866231905,-69.14855866231905
1190.260033378601,-69.14901805717939,-69.14901805717939
1190.270033378601,-69.14942329481697,-69.14942329481697
1190.280033378601,-69.14977530949119,-69.14977530949119
1190.290033378601,-69.15007503194818,-69.15007503194818
1190.300033378601,-69.1503233893306,-69.1503233893306
1190.310033378601,-69.15052130508356,-69.15052130508356
1190.320033378601,-69.15066969881211,-69.15066969881211
1190.330033378601,-69.15076948612698,-69.15076948612698
1190.340033378601,-69.15082157849676,-69.15082157849676
1190.350033378601,-69.15082688306802,-69.15082688306802
1190.360033378601,-69.15078630250993,-69.15078630250993
1190.370033378601,-69.15070073481633,-69.15070073481633
1190.3800333786012,-69.15057107314375,-69.15057107314375
1190.3900333786012,-69.15039820562333,-69.15039820562333
1190.4000333786012,-69.1501830151824,-69.1501830151824
1190.4100333786012,-69.14992637939694,-69.14992637939694
1190.4200333786011,-69.14962917027795,-69.14962917027795
1190.4300333786011,-69.14929225414834,-69.14929225414834
1190.4400333786011,-69.14891649145002,-69.14891649145002
1190.4500333786011,-69.14850273661443,-69.14850273661443
1190.460033378601,-69.14805183789095,-69.14805183789095
1190.470033378601,-69.14756463723494,-69.14756463723494
1190.480033378601,-69.14704197013921,-69.14704197013921
1190.490033378601,-69.14648466552144,-69.14648466552144
1190.500033378601,-69.1458935456065,-69.1458935456065
1190.510033378601,-69.14526942580707,-69.14526942580707
1190.520033378601,-69.14461311460656,-69.14461311460656
1190.530033378601,-69.14392541347644,-69.14392541347644
1190.540033378601,-69.14320711676862,-69.14320711676862
1190.550033378601,-69.14245901162327,-69.14245901162327
1190.560033378601,-69.1416818779023,-69.1416818779023
1190.570033378601,-69.14087648810671,-69.14087648810671
1190.580033378601,-69.14004360730141,-69.14004360730141
1190.590033378601,-69.13918399306448,-69.13918399306448
1190.600033378601,-69.13829839543168,-69.13829839543168
1190.610033378601,-69.13738755683524,-69.13738755683524
1190.620033378601,-69.13645221205472,-69.13645221205472
1190.6300333786012,-69.13549308821108,-69.13549308821108
1190.6400333786012,-69.13451090468998,-69.13451090468998
1190.6500333786012,-69.1335063731423,-69.1335063731423
1190.6600333786012,-69.1324801974411,-69.1324801974411
1190.6700333786011,-69.13143307368382,-69.13143307368382
1190.6800333786011,-69.13036569015742,-69.13036569015742
1190.6900333786011,-69.1292787273368,-69.1292787273368
1190.7000333786011,-69.12817285788238,-69.12817285788238
1190.710033378601,-69.12704273425251,-69.12704273425251
1190.720033378601,-69.12588638878789,-69.12588638878789
1190.730033378601,-69.12470319968348,-69.12470319968348
1190.740033378601,-69.12349316363223,-69.12349316363223
1190.750033378601,-69.12225661825806,-69.12225661825806
1190.760033378601,-69.12099409800463,-69.12099409800463
1190.770033378601,-69.11970624964452,-69.11970624964452
1190.780033378601,-69.11839378152385,-69.11839378152385
1190.790033378601,-69.11705743310189,-69.11705743310189
1190.800033378601,-69.11569795662648,-69.11569795662648
1190.810033378601,-69.11431610630206,-69.11431610630206
1190.820033378601,-69.11291263191154,-69.11291263191154
1190.830033378601,-69.11148827520881,-69.11148827520881
1190.840033378601,-69.11004376795307,-69.11004376795307
1190.850033402443,-69.1085798274758,-69.1085798274758
1190.860033402443,-69.10709717023852,-69.10709717023852
1190.870033402443,-69.1055964910707,-69.1055964910707
1190.880033402443,-69.10407847712746,-69.10407847712746
1190.890033402443,-69.10254380475823,-69.10254380475823
1190.900033402443,-69.10099313983928,-69.10099313983928
1190.9100334024429,-69.09942713810506,-69.09942713810506
1190.9200334024429,-69.09784644549256,-69.09784644549256
1190.9300334024429,-69.096251698422,-69.096251698422
1190.9400334024429,-69.09464352408897,-69.09464352408897
1190.9500334024428,-69.09302254070816,-69.09302254070816
1190.9600334024428,-69.09138935774195,-69.09138935774195
1190.9700334024428,-69.08974457610418,-69.08974457610418
1190.980033402443,-69.08808878834549,-69.08808878834549
1190.990033402443,-69.08642257879539,-69.08642257879539
1191.000033402443,-69.08474652372716,-69.08474652372716
1191.010033402443,-69.0830611914767,-69.0830611914767
1191.020033402443,-69.08136714255764,-69.08136714255764
1191.030033402443,-69.07966492977445,-69.07966492977445
1191.040033402443,-69.0779550983158,-69.0779550983158
1191.050033402443,-69.07623818585009,-69.07623818585009
1191.060033402443,-69.07451472260426,-69.07451472260426
1191.070033402443,-69.07278523144564,-69.07278523144564
1191.080033402443,-69.07105022795595,-69.07105022795595
1191.090033402443,-69.06931022049818,-69.06931022049818
1191.100033402443,-69.06756571029689,-69.06756571029689
1191.110033402443,-69.06581719148431,-69.06581719148431
1191.120033402443,-69.06406515118051,-69.06406515118051
1191.130033402443,-69.0623100695545,-69.0623100695545
1191.140033402443,-69.06055241987609,-69.06055241987609
1191.150033402443,-69.05879266857322,-69.05879266857322
1191.1600334024429,-69.0570312753015,-69.0570312753015
1191.1700334024429,-69.0552686930159,-69.0552686930159
1191.1800334024429,-69.05350536799479,-69.05350536799479
1191.1900334024429,-69.0517417399239,-69.0517417399239
1191.2000334024428,-69.04997824193764,-69.04997824193764
1191.2100334024428,-69.04821530069914,-69.04821530069914
1191.2200334024428,-69.04645333643663,-69.04645333643663
1191.230033402443,-69.04469276301062,-69.04469276301062
1191.240033402443,-69.04293398797526,-69.04293398797526
1191.250033402443,-69.0411774126214,-69.0411774126214
1191.260033402443,-69.03942343205624,-69.03942343205624
1191.270033402443,-69.03767243524152,-69.03767243524152
1191.280033402443,-69.03592480506428,-69.03592480506428
1191.290033402443,-69.03418091839175,-69.03418091839175
1191.300033402443,-69.03244114613032,-69.03244114613032
1191.310033402443,-69.03070585328054,-69.03070585328054
1191.320033402443,-69.02897539899843,-69.02897539899843
1191.330033402443,-69.027250136654,-69.027250136654
1191.340033402443,-69.02553041390371,-69.02553041390371
1191.350033402443,-69.0238165727189,-69.0238165727189
1191.360033402443,-69.0221089494696,-69.0221089494696
1191.370033402443,-69.02040787498115,-69.02040787498115
1191.380033402443,-69.0187136745823,-69.0187136745823
1191.390033402443,-69.0170266681684,-69.0170266681684
1191.400033402443,-69.01534717026337,-69.01534717026337
1191.4100334024429,-69.01367549008383,-69.01367549008383
1191.4200334024429,-69.01201193157777,-69.01201193157777
1191.4300334024429,-69.01035679351207,-69.01035679351207
1191.4400334024429,-69.00871036949748,-69.00871036949748
1191.4500334024428,-69.00707294807277,-69.00707294807277
1191.4600334024428,-69.00544481276037,-69.00544481276037
1191.4700334024428,-69.00382624210779,-69.00382624210779
1191.480033402443,-69.00221750976048,-69.00221750976048
1191.490033402443,-69.00061888450912,-69.00061888450912
1191.500033402443,-68.99903063036146,-68.99903063036146
1191.510033402443,-68.99745300657568,-68.99745300657568
1191.520033402443,-68.99588626774839,-68.99588626774839
1191.530033402443,-68.99433066383969,-68.99433066383969
1191.540033402443,-68.99278644024687,-68.99278644024687
1191.550033402443,-68.99125383785761,-68.99125383785761
1191.560033402443,-68.98973309310448,-68.98973309310448
1191.570033402443,-68.98822443801924,-68.98822443801924
1191.580033402443,-68.98672810028206,-68.98672810028206
1191.590033402443,-68.98524430329019,-68.98524430329019
1191.600033402443,-68.98377326619327,-68.98377326619327
1191.610033402443,-68.98231520396533,-68.98231520396533
1191.620033402443,-68.98087032743926,-68.98087032743926
1191.630033402443,-68.97943884338743,-68.97943884338743
1191.640033402443,-68.97802095453552,-68.97802095453552
1191.650033402443,-68.97661685964822,-68.97661685964822
1191.6600334024429,-68.97522675356392,-68.97522675356392
1191.6700334024429,-68.97385082724958,-68.97385082724958
1191.6800334024429,-68.97248926784295,-68.97248926784295
1191.6900334024429,-68.9711422587224,-68.9711422587224
1191.7000334262848,-68.96980997636766,-68.96980997636766
1191.7100334262848,-68.96849260315278,-68.96849260315278
1191.7200334262848,-68.96719030820299,-68.96719030820299
1191.7300334262848,-68.96590326031641,-68.96590326031641
1191.7400334262848,-68.96463162474345,-68.96463162474345
1191.7500334262847,-68.9633755632549,-68.9633755632549
1191.7600334262847,-68.96213523419893,-68.96213523419893
1191.7700334262847,-68.96091079253162,-68.96091079253162
1191.7800334262847,-68.95970238987066,-68.95970238987066
1191.7900334262847,-68.9585101745391,-68.9585101745391
1191.8000334262847,-68.95733429160403,-68.95733429160403
1191.8100334262847,-68.9561748829383,-68.9561748829383
1191.8200334262847,-68.95503208725214,-68.95503208725214
1191.830033426285,-68.95390604013406,-68.95390604013406
1191.840033426285,-68.95279687409271,-68.95279687409271
1191.8500334262849,-68.9517047186232,-68.9517047186232
1191.8600334262849,-68.95062970021962,-68.95062970021962
1191.8700334262849,-68.94957194242504,-68.94957194242504
1191.8800334262849,-68.94853156588765,-68.94853156588765
1191.8900334262848,-68.94750868838564,-68.94750868838564
1191.9000334262848,-68.94650342486862,-68.94650342486862
1191.9100334262848,-68.94551588750868,-68.94551588750868
1191.9200334262848,-68.94454618573252,-68.94454618573252
1191.9300334262848,-68.94359442625498,-68.94359442625498
1191.9400334262848,-68.94266071312514,-68.94266071312514
1191.9500334262848,-68.94174514776495,-68.94174514776495
1191.9600334262848,-68.94084183242722,-68.94084183242722
1191.9700334262848,-68.93994824659255,-68.93994824659255
1191.9800334262848,-68.93906321772705,-68.93906321772705
1191.9900334262848,-68.93818619566254,-68.93818619566254
1192.0000334262847,-68.93731697570801,-68.93731697570801
1192.0100334262847,-68.93645555480757,-68.93645555480757
1192.0200334262847,-68.935602047177,-68.935602047177
1192.0300334262847,-68.934756633647,-68.934756633647
1192.0400334262847,-68.9339195312043,-68.9339195312043
1192.0500334262847,-68.93309097473413,-68.93309097473413
1192.0600334262847,-68.93227120618118,-68.93227120618118
1192.0700334262847,-68.93146046822933,-68.93146046822933
1192.080033426285,-68.93065900065554,-68.93065900065554
1192.090033426285,-68.92986703842898,-68.92986703842898
1192.1000334262849,-68.92908481075602,-68.92908481075602
1192.1100334262849,-68.92831254074791,-68.92831254074791
1192.1200334262849,-68.92755044541205,-68.92755044541205
1192.1300334262849,-68.92679873586037,-68.92679873586037
1192.1400334262848,-68.92605761759967,-68.92605761759967
1192.1500334262848,-68.92532729083352,-68.92532729083352
1192.1600334262848,-68.92460795082746,-68.92460795082746
1192.1700334262848,-68.9238997882072,-68.9238997882072
1192.1800334262848,-68.92320298925195,-68.92320298925195
1192.1900334262848,-68.92251773615791,-68.92251773615791
1192.2000334262848,-68.92184420728248,-68.92184420728248
1192.2100334262848,-68.92118257733951,-68.92118257733951
1192.2200334262848,-68.92053301757804,-68.92053301757804
1192.2300334262848,-68.91989569597035,-68.91989569597035
1192.2400334262848,-68.91927077730486,-68.91927077730486
1192.2500334262847,-68.91865842334329,-68.91865842334329
1192.2600334262847,-68.91805879289454,-68.91805879289454
1192.2700334262847,-68.91747204191826,-68.91747204191826
1192.2800334262847,-68.91689832360272,-68.91689832360272
1192.2900334262847,-68.91633778841968,-68.91633778841968
1192.3000334262847,-68.91579058420159,-68.91579058420159
1192.3100334262847,-68.91525685617214,-68.91525685617214
1192.3200334262847,-68.91473674701705,-68.91473674701705
1192.330033426285,-68.91423039688745,-68.91423039688745
1192.340033426285,-68.91373794347514,-68.91373794347514
1192.3500334262849,-68.91325952201261,-68.91325952201261
1192.3600334262849,-68.91279526531791,-68.91279526531791
1192.3700334262849,-68.91234530380889,-68.91234530380889
1192.3800334262849,-68.91190976555502,-68.91190976555502
1192.3900334262848,-68.91148877625642,-68.91148877625642
1192.4000334262848,-68.91108245930216,-68.91108245930216
1192.4100334262848,-68.91069093577549,-68.91069093577549
1192.4200334262848,-68.9103143244556,-68.9103143244556
1192.4300334262848,-68.90995274186821,-68.90995274186821
1192.4400334262848,-68.90960630228575,-68.90960630228575
1192.4500334262848,-68.90927511773789,-68.90927511773789
1192.4600334262848,-68.90895929803749,-68.90895929803749
1192.4700334262848,-68.90865895079898,-68.90865895079898
1192.4800334262848,-68.90837418145011,-68.90837418145011
1192.4900334262848,-68.90810509324209,-68.90810509324209
1192.5000334262847,-68.9078517872799,-68.9078517872799
1192.5100334262847,-68.90761436253216,-68.90761436253216
1192.5200334262847,-68.90739291584076,-68.90739291584076
1192.5300334262847,-68.90718754194691,-68.90718754194691
1192.5400334262847,-68.90699833349993,-68.90699833349993
1192.5500334501266,-68.90682538066618,-68.90682538066618
1192.5600334501266,-68.90666877285466,-68.90666877285466
1192.5700334501266,-68.90652859607633,-68.90652859607633
1192.5800334501266,-68.90640493479538,-68.90640493479538
1192.5900334501266,-68.906297871488,-68.906297871488
1192.6000334501266,-68.90620748662809,-68.90620748662809
1192.6100334501266,-68.90613385872973,-68.90613385872973
1192.6200334501266,-68.90607706434471,-68.90607706434471
1192.6300334501266,-68.90603717810612,-68.90603717810612
1192.6400334501266,-68.90601427272922,-68.90601427272922
1192.6500334501266,-68.9060084190204,-68.9060084190204
1192.6600334501265,-68.90601968592324,-68.90601968592324
1192.6700334501265,-68.90604814051711,-68.90604814051711
1192.6800334501268,-68.90609384803366,-68.90609384803366
1192.6900334501267,-68.90615687189563,-68.90615687189563
1192.7000334501267,-68.90623727371326,-68.90623727371326
1192.7100334501267,-68.90633511330871,-68.90633511330871
1192.7200334501267,-68.90645044874572,-68.90645044874572
1192.7300334501267,-68.90658333633621,-68.90658333633621
1192.7400334501267,-68.90673383067258,-68.90673383067258
1192.7500334501267,-68.9069019846299,-68.9069019846299
1192.7600334501267,-68.90708784938901,-68.90708784938901
1192.7700334501267,-68.90729147447345,-68.90729147447345
1192.7800334501267,-68.90751290774432,-68.90751290774432
1192.7900334501267,-68.90775219543552,-68.90775219543552
1192.8000334501266,-68.90800938216664,-68.90800938216664
1192.8100334501266,-68.90828451096111,-68.90828451096111
1192.8200334501266,-68.9085776232645,-68.9085776232645
1192.8300334501266,-68.90888875897707,-68.90888875897707
1192.8400334501266,-68.90921795644844,-68.90921795644844
1192.8500334501266,-68.9095652525233,-68.9095652525233
1192.8600334501266,-68.90993068253343,-68.90993068253343
1192.8700334501266,-68.91031428033784,-68.91031428033784
1192.8800334501266,-68.91071607832852,-68.91071607832852
1192.8900334501266,-68.91113610745866,-68.91113610745866
1192.9000334501266,-68.91157439725457,-68.91157439725457
1192.9100334501265,-68.9120309758382,-68.9120309758382
1192.9200334501265,-68.91250586993975,-68.91250586993975
1192.9300334501268,-68.9129991049303,-68.9129991049303
1192.9400334501267,-68.9135107048223,-68.9135107048223
1192.9500334501267,-68.9140406922858,-68.9140406922858
1192.9600334501267,-68.91458908869353,-68.91458908869353
1192.9700334501267,-68.91515591410229,-68.91515591410229
1192.9800334501267,-68.91574118730982,-68.91574118730982
1192.9900334501267,-68.91634492584177,-68.91634492584177
1193.0000334501267,-68.9169671459745,-68.9169671459745
1193.0100334501267,-68.91760786276755,-68.91760786276755
1193.0200334501267,-68.91826709006342,-68.91826709006342
1193.0300334501267,-68.9189448405147,-68.9189448405147
1193.0400334501267,-68.91964112560342,-68.91964112560342
1193.0500334501266,-68.92035595564201,-68.92035595564201
1193.0600334501266,-68.92108933981,-68.92108933981
1193.0700334501266,-68.92184128616145,-68.92184128616145
1193.0800334501266,-68.92261180163624,-68.92261180163624
1193.0900334501266,-68.92340089208487,-68.92340089208487
1193.1000334501266,-68.92420856228398,-68.92420856228398
1193.1100334501266,-68.92503481594106,-68.92503481594106
1193.1200334501266,-68.92587965573239,-68.92587965573239
1193.1300334501266,-68.92674308329015,-68.92674308329015
1193.1400334501266,-68.92762509924708,-68.92762509924708
1193.1500334501266,-68.92852570322766,-68.92852570322766
1193.1600334501265,-68.92944489387878,-68.92944489387878
1193.1700334501265,-68.93038266887417,-68.93038266887417
1193.1800334501268,-68.93133902493699,-68.93133902493699
1193.1900334501267,-68.93231395786151,-68.93231395786151
1193.2000334501267,-68.93330746250938,-68.93330746250938
1193.2100334501267,-68.93431953283167,-68.93431953283167
1193.2200334501267,-68.93535016187997,-68.93535016187997
1193.2300334501267,-68.93639934183827,-68.93639934183827
1193.2400334501267,-68.93746706402587,-68.93746706402587
1193.2500334501267,-68.93855331889274,-68.93855331889274
1193.2600334501267,-68.9396580960544,-68.9396580960544
1193.2700334501267,-68.94078138431047,-68.94078138431047
1193.2800334501267,-68.9419231716391,-68.9419231716391
1193.2900334501267,-68.94308344522526,-68.94308344522526
1193.3000334501266,-68.94426219145952,-68.94426219145952
1193.3100334501266,-68.94545939596588,-68.94545939596588
1193.3200334501266,-68.94667504360653,-68.94667504360653
1193.3300334501266,-68.94786865853553,-68.94786865853553
1193.3400334501266,-68.94901673299063,-68.94901673299063
1193.3500334501266,-68.95010728059049,-68.95010728059049
1193.3600334501266,-68.95113445579578,-68.95113445579578
1193.3700334501266,-68.95209570944964,-68.95209570944964
1193.3800334501266,-68.95299028728452,-68.95299028728452
1193.3900334501266,-68.95381841159903,-68.95381841159903
1193.4000334739685,-68.95458082773295,-68.95458082773295
1193.4100334739685,-68.95527854058538,-68.95527854058538
1193.4200334739685,-68.95591268211811,-68.95591268211811
1193.4300334739685,-68.95648442295821,-68.95648442295821
1193.4400334739685,-68.95699493082618,-68.95699493082618
1193.4500334739685,-68.95744534810427,-68.95744534810427
1193.4600334739685,-68.95783678162951,-68.95783678162951
1193.4700334739684,-68.95817029942538,-68.95817029942538
1193.4800334739684,-68.95844693131085,-68.95844693131085
1193.4900334739684,-68.95866767146536,-68.95866767146536
1193.5000334739684,-68.95883348195807,-68.95883348195807
1193.5100334739684,-68.95894529649549,-68.95894529649549
1193.5200334739684,-68.95900402420327,-68.95900402420327
1193.5300334739686,-68.95901055304236,-68.95901055304236
1193.5400334739686,-68.95896575295464,-68.95896575295464
1193.5500334739686,-68.9588704786417,-68.9588704786417
1193.5600334739686,-68.95872557193063,-68.95872557193063
1193.5700334739686,-68.95853186383799,-68.95853186383799
1193.5800334739686,-68.95829017629137,-68.95829017629137
1193.5900334739686,-68.95800132359075,-68.95800132359075
1193.6000334739686,-68.95766611359026,-68.95766611359026
1193.6100334739685,-68.95728534868914,-68.95728534868914
1193.6200334739685,-68.9568598266262,-68.9568598266262
1193.6300334739685,-68.95639034111306,-68.95639034111306
1193.6400334739685,-68.95587768232583,-68.95587768232583
1193.6500334739685,-68.95532263728282,-68.95532263728282
1193.6600334739685,-68.95472599012106,-68.95472599012106
1193.6700334739685,-68.95408852229554,-68.95408852229554
1193.6800334739685,-68.95341101268605,-68.95341101268605
1193.6900334739685,-68.952694237675,-68.952694237675
1193.7000334739685,-68.95193897116172,-68.95193897116172
1193.7100334739685,-68.95114598452764,-68.95114598452764
1193.7200334739684,-68.95031604658126,-68.95031604658126
1193.7300334739684,-68.9494499234694,-68.9494499234694
1193.7400334739684,-68.94854837857545,-68.94854837857545
1193.7500334739684,-68.94761217239146,-68.94761217239146
1193.7600334739684,-68.94664206237178,-68.94664206237178
1193.7700334739684,-68.94563880278041,-68.94563880278041
1193.7800334739686,-68.94460314457285,-68.94460314457285
1193.7900334739686,-68.94353583518793,-68.94353583518793
1193.8000334739686,-68.94243761841614,-68.94243761841614
1193.8100334739686,-68.9413092342317,-68.9413092342317
1193.8200334739686,-68.94015141861206,-68.94015141861206
1193.8300334739686,-68.9389649033938,-68.9389649033938
1193.8400334739686,-68.93775041611973,-68.93775041611973
1193.8500334739686,-68.93650867985544,-68.93650867985544
1193.8600334739685,-68.93524041308167,-68.93524041308167
1193.8700334739685,-68.93394632949068,-68.93394632949068
1193.8800334739685,-68.93262713789689,-68.93262713789689
1193.8900334739685,-68.93128354207627,-68.93128354207627
1193.9000334739685,-68.92991624063994,-68.92991624063994
1193.9100334739685,-68.9285259269161,-68.9285259269161
1193.9200334739685,-68.92711328880775,-68.92711328880775
1193.9300334739685,-68.92567900871818,-68.92567900871818
1193.9400334739685,-68.92422376341287,-68.92422376341287
1193.9500334739685,-68.92274822393645,-68.92274822393645
1193.9600334739685,-68.9212470607399,-68.9212470607399
1193.9700334739684,-68.91971831791348,-68.91971831791348
1193.9800334739684,-68.91816138370137,-68.91816138370137
1193.9900334739684,-68.91657626489173,-68.91657626489173
1194.0000334739684,-68.9149633099322,-68.9149633099322
1194.0100334739684,-68.91332306503953,-68.91332306503953
1194.0200334739684,-68.91165618983092,-68.91165618983092
1194.0300334739686,-68.90996340661484,-68.90996340661484
1194.0400334739686,-68.90824546987018,-68.90824546987018
1194.0500334739686,-68.90650314794514,-68.90650314794514
1194.0600334739686,-68.90473721213993,-68.90473721213993
1194.0700334739686,-68.9029484303123,-68.9029484303123
1194.0800334739686,-68.90113756319528,-68.90113756319528
1194.0900334739686,-68.89930536241978,-68.89930536241978
1194.1000334739686,-68.8974525695054,-68.8974525695054
1194.1100334739685,-68.89557991546128,-68.89557991546128
1194.1200334739685,-68.8936881207455,-68.8936881207455
1194.1300334739685,-68.89177789541804,-68.89177789541804
1194.1400334739685,-68.88984993936499,-68.88984993936499
1194.1500334739685,-68.88790494262311,-68.88790494262311
1194.1600334739685,-68.8859435856405,-68.8859435856405
1194.1700334739685,-68.88396653958044,-68.88396653958044
1194.1800334739685,-68.88197446658462,-68.88197446658462
1194.1900334739685,-68.8799680200093,-68.8799680200093
1194.2000334739685,-68.87794784463577,-68.87794784463577
1194.2100334739685,-68.8759145768789,-68.8759145768789
1194.2200334739684,-68.87386884492436,-68.87386884492436
1194.2300334739684,-68.87181126892006,-68.87181126892006
1194.2400334739684,-68.86974246105588,-68.86974246105588
1194.2500334978104,-68.86766302075685,-68.86766302075685
1194.2600334978104,-68.86557355455453,-68.86557355455453
1194.2700334978103,-68.86347464656211,-68.86347464656211
1194.2800334978103,-68.86136687824107,-68.86136687824107
1194.2900334978103,-68.85925082358995,-68.85925082358995
1194.3000334978103,-68.85712704918511,-68.85712704918511
1194.3100334978103,-68.85499611424459,-68.85499611424459
1194.3200334978103,-68.85285857070771,-68.85285857070771
1194.3300334978103,-68.85071496324291,-68.85071496324291
1194.3400334978103,-68.84856582934978,-68.84856582934978
1194.3500334978103,-68.84641169935942,-68.84641169935942
1194.3600334978103,-68.84425309652977,-68.84425309652977
1194.3700334978103,-68.84209053704002,-68.84209053704002
1194.3800334978105,-68.83992453007315,-68.83992453007315
1194.3900334978105,-68.83775557785174,-68.83775557785174
1194.4000334978105,-68.83558417566506,-68.83558417566506
1194.4100334978104,-68.83341081194165,-68.83341081194165
1194.4200334978104,-68.83123596828477,-68.83123596828477
1194.4300334978104,-68.82906011949564,-68.82906011949564
1194.4400334978104,-68.82688373364948,-68.82688373364948
1194.4500334978104,-68.8247072721227,-68.8247072721227
1194.4600334978104,-68.82252520490215,-68.82252520490215
1194.4700334978104,-68.82033537057936,-68.82033537057936
1194.4800334978104,-68.8181369494847,-68.8181369494847
1194.4900334978104,-68.81592973918337,-68.81592973918337
1194.5000334978104,-68.81371387801914,-68.81371387801914
1194.5100334978104,-68.81148970154243,-68.81148970154243
1194.5200334978103,-68.80925765835332,-68.80925765835332
1194.5300334978103,-68.80701825950445,-68.80701825950445
1194.5400334978103,-68.80477204815205,-68.80477204815205
1194.5500334978103,-68.80251958135254,-68.80251958135254
1194.5600334978103,-68.80026141926027,-68.80026141926027
1194.5700334978103,-68.79799811882403,-68.79799811882403
1194.5800334978103,-68.79573023020883,-68.79573023020883
1194.5900334978103,-68.79345829490939,-68.79345829490939
1194.6000334978103,-68.79118284480114,-68.79118284480114
1194.6100334978103,-68.7889044018594,-68.7889044018594
1194.6200334978103,-68.78662347816287,-68.78662347816287
1194.6300334978105,-68.7843405761405,-68.7843405761405
1194.6400334978105,-68.782056188849,-68.782056188849
1194.6500334978105,-68.77977080035821,-68.77977080035821
1194.6600334978104,-68.7774848860846,-68.7774848860846
1194.6700334978104,-68.77519891315835,-68.77519891315835
1194.6800334978104,-68.77291334071779,-68.77291334071779
1194.6900334978104,-68.7706286202156,-68.7706286202156
1194.7000334978104,-68.76834519567934,-68.76834519567934
1194.7100334978104,-68.76606350393445,-68.76606350393445
1194.7200334978104,-68.76378397483003,-68.76378397483003
1194.7300334978104,-68.76150703143473,-68.76150703143473
1194.7400334978104,-68.75923309016419,-68.75923309016419
1194.7500334978104,-68.75696256095651,-68.75696256095651
1194.7600334978104,-68.75469584741316,-68.75469584741316
1194.7700334978103,-68.7524333469054,-68.7524333469054
1194.7800334978103,-68.75017545067993,-68.75017545067993
1194.7900334978103,-68.74792254395858,-68.74792254395858
1194.8000334978103,-68.74567500603135,-68.74567500603135
1194.8100334978103,-68.74343321034563,-68.74343321034563
1194.8200334978103,-68.74119752457146,-68.74119752457146
1194.8300334978103,-68.73896831067357,-68.73896831067357
1194.8400334978103,-68.73674592498236,-68.73674592498236
1194.8500334978103,-68.73453071825574,-68.73453071825574
1194.8600334978103,-68.73232303574636,-68.73232303574636
1194.8700334978103,-68.73012321725649,-68.73012321725649
1194.8800334978105,-68.72793159718825,-68.72793159718825
1194.8900334978105,-68.72574850460187,-68.72574850460187
1194.9000334978105,-68.72357426327255,-68.72357426327255
1194.9100334978104,-68.72140919173877,-68.72140919173877
1194.9200334978104,-68.71925360335243,-68.71925360335243
1194.9300334978104,-68.71710780633131,-68.71710780633131
1194.9400334978104,-68.71497210381473,-68.71497210381473
1194.9500334978104,-68.71284679389291,-68.71284679389291
1194.9600334978104,-68.71073216967861,-68.71073216967861
1194.9700334978104,-68.70862851934595,-68.70862851934595
1194.9800334978104,-68.70653612617164,-68.70653612617164
1194.9900334978104,-68.7044552685944,-68.7044552685944
1195.0000334978104,-68.70238622025737,-68.70238622025737
1195.0100334978104,-68.70032925006342,-68.70032925006342
1195.0200334978103,-68.69828462220245,-68.69828462220245
1195.0300334978103,-68.69625259622161,-68.69625259622161
1195.0400334978103,-68.69423342705998,-68.69423342705998
1195.0500334978103,-68.69222736510558,-68.69222736510558
1195.0600334978103,-68.69023465622865,-68.69023465622865
1195.0700334978103,-68.68825554185736,-68.68825554185736
1195.0800334978103,-68.68629025897535,-68.68629025897535
1195.0900334978103,-68.68433904021629,-68.68433904021629
1195.1000335216522,-68.68240210928434,-68.68240210928434
1195.1100335216522,-68.68047969948357,-68.68047969948357
1195.1200335216522,-68.67857202597268,-68.67857202597268
1195.1300335216522,-68.67667930438435,-68.67667930438435
1195.1400335216522,-68.67480174622663,-68.67480174622663
1195.1500335216522,-68.6729395589135,-68.6729395589135
1195.1600335216522,-68.67109294583373,-68.67109294583373
1195.1700335216522,-68.66926210637705,-68.66926210637705
1195.1800335216521,-68.66744723597913,-68.66744723597913
1195.1900335216521,-68.66564852620037,-68.66564852620037
1195.2000335216521,-68.66386616472717,-68.66386616472717
1195.2100335216521,-68.66209436462064,-68.66209436462064
1195.220033521652,-68.66033070277165,-68.66033070277165
1195.2300335216523,-68.65857409765454,-68.65857409765454
1195.2400335216523,-68.65682408644456,-68.65682408644456
1195.2500335216523,-68.65508054919464,-68.65508054919464
1195.2600335216523,-68.65334356550852,-68.65334356550852
1195.2700335216523,-68.65161333053682,-68.65161333053682
1195.2800335216523,-68.64989010449794,-68.64989010449794
1195.2900335216523,-68.64817418230791,-68.64817418230791
1195.3000335216523,-68.64646587542725,-68.64646587542725
1195.3100335216523,-68.64476550108645,-68.64476550108645
1195.3200335216522,-68.64307337594916,-68.64307337594916
1195.3300335216522,-68.6413898125724,-68.6413898125724
1195.3400335216522,-68.6397151174855,-68.6397151174855
1195.3500335216522,-68.63804959025727,-68.63804959025727
1195.3600335216522,-68.6363935232002,-68.6363935232002
1195.3700335216522,-68.63474720138663,-68.63474720138663
1195.3800335216522,-68.6331109028484,-68.6331109028484
1195.3900335216522,-68.63148489889157,-68.63148489889157
1195.4000335216522,-68.62986945443335,-68.62986945443335
1195.4100335216522,-68.62826482836819,-68.62826482836819
1195.4200335216522,-68.62667127387233,-68.62667127387233
1195.4300335216521,-68.6250890387174,-68.6250890387174
1195.4400335216521,-68.62351836556532,-68.62351836556532
1195.4500335216521,-68.62195949220857,-68.62195949220857
1195.4600335216521,-68.62041265176848,-68.62041265176848
1195.470033521652,-68.61887807292321,-68.61887807292321
1195.4800335216523,-68.61735598005949,-68.61735598005949
1195.4900335216523,-68.61584659342698,-68.61584659342698
1195.5000335216523,-68.61435012927065,-68.61435012927065
1195.5100335216523,-68.61286679995372,-68.61286679995372
1195.5200335216523,-68.61139681404183,-68.61139681404183
1195.5300335216523,-68.6099403763959,-68.6099403763959
1195.5400335216523,-68.60849768827804,-68.60849768827804
1195.5500335216523,-68.60706894738206,-68.60706894738206
1195.5600335216523,-68.60565434792177,-68.60565434792177
1195.5700335216522,-68.60425408069476,-68.60425408069476
1195.5800335216522,-68.60286833309941,-68.60286833309941
1195.5900335216522,-68.6014972892277,-68.6014972892277
1195.6000335216522,-68.60014112986927,-68.60014112986927
1195.6100335216522,-68.59880003257202,-68.59880003257202
1195.6200335216522,-68.59747417167353,-68.59747417167353
1195.6300335216522,-68.59616371833913,-68.59616371833913
1195.6400335216522,-68.59486884059561,-68.59486884059561
1195.6500335216522,-68.59358970336223,-68.59358970336223
1195.6600335216522,-68.5923264684741,-68.5923264684741
1195.6700335216522,-68.59107929472488,-68.59107929472488
1195.6800335216521,-68.58984833788773,-68.58984833788773
1195.6900335216521,-68.58863375073668,-68.58863375073668
1195.7000335216521,-68.5874356830901,-68.5874356830901
1195.7100335216521,-68.5862483170917,-68.5862483170917
1195.720033521652,-68.58506919577574,-68.58506919577574
1195.7300335216523,-68.58389720317646,-68.58389720317646
1195.7400335216523,-68.58273184221822,-68.58273184221822
1195.7500335216523,-68.58157295917827,-68.58157295917827
1195.7600335216523,-68.58042060049851,-68.58042060049851
1195.7700335216523,-68.57927492882251,-68.57927492882251
1195.7800335216523,-68.57813617253733,-68.57813617253733
1195.7900335216523,-68.57700459543999,-68.57700459543999
1195.8000335216523,-68.57588047855484,-68.57588047855484
1195.8100335216523,-68.57476410933712,-68.57476410933712
1195.8200335216522,-68.57365577536181,-68.57365577536181
1195.8300335216522,-68.57255576074492,-68.57255576074492
1195.8400335216522,-68.57146434418472,-68.57146434418472
1195.8500335216522,-68.57038179807111,-68.57038179807111
1195.8600335216522,-68.56930838812096,-68.56930838812096
1195.8700335216522,-68.5682443734008,-68.5682443734008
1195.8800335216522,-68.56719000652147,-68.56719000652147
1195.8900335216522,-68.56614553393015,-68.56614553393015
1195.9000335216522,-68.56511119623471,-68.56511119623471
1195.9100335216522,-68.56408722853655,-68.56408722853655
1195.9200335216522,-68.56307386076327,-68.56307386076327
1195.9300335216521,-68.56207131794032,-68.56207131794032
1195.9400335216521,-68.56107982047,-68.56107982047
1195.950033545494,-68.56009958204213,-68.56009958204213
1195.960033545494,-68.55913081920379,-68.55913081920379
1195.970033545494,-68.55817373742236,-68.55817373742236
1195.980033545494,-68.55722854071811,-68.55722854071811
1195.990033545494,-68.55629542940814,-68.55629542940814
1196.000033545494,-68.55537460023625,-68.55537460023625
1196.010033545494,-68.5544662464675,-68.5544662464675
1196.020033545494,-68.55357055801362,-68.55357055801362
1196.030033545494,-68.55268772147578,-68.55268772147578
1196.040033545494,-68.55181792021928,-68.55181792021928
1196.050033545494,-68.55096133446911,-68.55096133446911
1196.060033545494,-68.55011814132142,-68.55011814132142
1196.070033545494,-68.54928851480939,-68.54928851480939
1196.0800335454942,-68.5484726259666,-68.5484726259666
1196.0900335454942,-68.5476706428301,-68.5476706428301
1196.1000335454942,-68.54688273050428,-68.54688273050428
1196.1100335454942,-68.5461090511693,-68.5461090511693
1196.1200335454942,-68.54534976414287,-68.54534976414287
1196.1300335454941,-68.5446050258764,-68.5446050258764
1196.1400335454941,-68.54387498999789,-68.54387498999789
1196.1500335454941,-68.54315980734597,-68.54315980734597
1196.1600335454941,-68.54245962596015,-68.54245962596015
1196.170033545494,-68.54177459113596,-68.54177459113596
1196.180033545494,-68.54110484545613,-68.54110484545613
1196.190033545494,-68.5404505287647,-68.5404505287647
1196.200033545494,-68.539811778233,-68.539811778233
1196.210033545494,-68.53918872836938,-68.53918872836938
1196.220033545494,-68.53858151102445,-68.53858151102445
1196.230033545494,-68.53799025544087,-68.53799025544087
1196.240033545494,-68.53741508824636,-68.53741508824636
1196.250033545494,-68.53685613349658,-68.53685613349658
1196.260033545494,-68.5363135126826,-68.5363135126826
1196.270033545494,-68.5357873447489,-68.5357873447489
1196.280033545494,-68.53527774613524,-68.53527774613524
1196.290033545494,-68.53478483077635,-68.53478483077635
1196.300033545494,-68.53430871014167,-68.53430871014167
1196.310033545494,-68.53384949324459,-68.53384949324459
1196.320033545494,-68.53340728665901,-68.53340728665901
1196.3300335454942,-68.53298219456474,-68.53298219456474
1196.3400335454942,-68.53257431874468,-68.53257431874468
1196.3500335454942,-68.53218375862325,-68.53218375862325
1196.3600335454942,-68.5318106112887,-68.5318106112887
1196.3700335454942,-68.53145497149475,-68.53145497149475
1196.3800335454941,-68.53111693172151,-68.53111693172151
1196.3900335454941,-68.53079658216285,-68.53079658216285
1196.4000335454941,-68.53049401076906,-68.53049401076906
1196.4100335454941,-68.53020930326295,-68.53020930326295
1196.420033545494,-68.52994254316793,-68.52994254316793
1196.430033545494,-68.52969381182031,-68.52969381182031
1196.440033545494,-68.52946318841335,-68.52946318841335
1196.450033545494,-68.52925074999479,-68.52925074999479
1196.460033545494,-68.52905657151288,-68.52905657151288
1196.470033545494,-68.52888072583701,-68.52888072583701
1196.480033545494,-68.52872328375746,-68.52872328375746
1196.490033545494,-68.52858431404572,-68.52858431404572
1196.500033545494,-68.5284638834458,-68.5284638834458
1196.510033545494,-68.5283620567214,-68.5283620567214
1196.520033545494,-68.52827889666845,-68.52827889666845
1196.530033545494,-68.52821446412942,-68.52821446412942
1196.540033545494,-68.52816881805158,-68.52816881805158
1196.550033545494,-68.52814201545829,-68.52814201545829
1196.560033545494,-68.52813411151186,-68.52813411151186
1196.570033545494,-68.52814515953185,-68.52814515953185
1196.5800335454942,-68.52817521101122,-68.52817521101122
1196.5900335454942,-68.52822431563648,-68.52822431563648
1196.6000335454942,-68.52829252131119,-68.52829252131119
1196.6100335454942,-68.52837987418917,-68.52837987418917
1196.6200335454942,-68.52848641869397,-68.52848641869397
1196.6300335454941,-68.52861219753227,-68.52861219753227
1196.6400335454941,-68.52875725171921,-68.52875725171921
1196.6500335454941,-68.52892162061916,-68.52892162061916
1196.6600335454941,-68.52910534193968,-68.52910534193968
1196.670033545494,-68.52930845177181,-68.52930845177181
1196.680033545494,-68.52953098461445,-68.52953098461445
1196.690033545494,-68.52977297338846,-68.52977297338846
1196.700033545494,-68.53003444945118,-68.53003444945118
1196.710033545494,-68.53031544263048,-68.53031544263048
1196.720033545494,-68.53061598125572,-68.53061598125572
1196.730033545494,-68.53093609215206,-68.53093609215206
1196.740033545494,-68.53127580068073,-68.53127580068073
1196.750033545494,-68.53163513075232,-68.53163513075232
1196.760033545494,-68.53201410485805,-68.53201410485805
1196.770033545494,-68.53241274407421,-68.53241274407421
1196.780033545494,-68.53283106809289,-68.53283106809289
1196.790033545494,-68.53326909524512,-68.53326909524512
1196.800033569336,-68.53372684360522,-68.53372684360522
1196.810033569336,-68.53420432670944,-68.53420432670944
1196.820033569336,-68.53470155993031,-68.53470155993031
1196.830033569336,-68.535218556335,-68.535218556335
1196.840033569336,-68.53575532772605,-68.53575532772605
1196.850033569336,-68.53631188465025,-68.53631188465025
1196.8600335693359,-68.53688823642848,-68.53688823642848
1196.8700335693359,-68.5374843911722,-68.5374843911722
1196.8800335693359,-68.53810035580585,-68.53810035580585
1196.8900335693359,-68.53873613607043,-68.53873613607043
1196.9000335693358,-68.53939173655631,-68.53939173655631
1196.9100335693358,-68.54006716071959,-68.54006716071959
1196.9200335693358,-68.54076241089315,-68.54076241089315
1196.930033569336,-68.54147748831257,-68.54147748831257
1196.940033569336,-68.54221239311607,-68.54221239311607
1196.950033569336,-68.54296712438978,-68.54296712438978
1196.960033569336,-68.54374168016456,-68.54374168016456
1196.970033569336,-68.54453605742879,-68.54453605742879
1196.980033569336,-68.54535025216403,-68.54535025216403
1196.990033569336,-68.54618425935219,-68.54618425935219
1197.000033569336,-68.54703807298783,-68.54703807298783
1197.010033569336,-68.54791168609025,-68.54791168609025
1197.020033569336,-68.54880509073386,-68.54880509073386
1197.030033569336,-68.5497182780473,-68.5497182780473
1197.040033569336,-68.5506512382568,-68.5506512382568
1197.050033569336,-68.55160396066132,-68.55160396066132
1197.060033569336,-68.55257643367335,-68.55257643367335
1197.070033569336,-68.55356864483169,-68.55356864483169
1197.080033569336,-68.55458058081202,-68.55458058081202
1197.090033569336,-68.5556122274492,-68.5556122274492
1197.100033569336,-68.55666356973612,-68.55666356973612
1197.1100335693359,-68.55773459185383,-68.55773459185383
1197.1200335693359,-68.55882527716514,-68.55882527716514
1197.1300335693359,-68.55993560825203,-68.55993560825203
1197.1400335693359,-68.56106556691425,-68.56106556691425
1197.1500335693358,-68.56221513419034,-68.56221513419034
1197.1600335693358,-68.56338429036491,-68.56338429036491
1197.1700335693358,-68.5645730149889,-68.5645730149889
1197.180033569336,-68.56578128687882,-68.56578128687882
1197.190033569336,-68.56700908414602,-68.56700908414602
1197.200033569336,-68.56825638420703,-68.56825638420703
1197.210033569336,-68.56952316376612,-68.56952316376612
1197.220033569336,-68.57080939888712,-68.57080939888712
1197.230033569336,-68.5721150649364,-68.5721150649364
1197.240033569336,-68.57344013665077,-68.57344013665077
1197.250033569336,-68.57478458811717,-68.57478458811717
1197.260033569336,-68.57614839279465,-68.57614839279465
1197.270033569336,-68.57753152353237,-68.57753152353237
1197.280033569336,-68.57893395255894,-68.57893395255894
1197.290033569336,-68.58035565152377,-68.58035565152377
1197.300033569336,-68.58179659148193,-68.58179659148193
1197.310033569336,-68.58325674291545,-68.58325674291545
1197.320033569336,-68.58473607575193,-68.58473607575193
1197.330033569336,-68.58623455935756,-68.58623455935756
1197.340033569336,-68.58775216256034,-68.58775216256034
1197.350033569336,-68.58928885365876,-68.58928885365876
1197.3600335693359,-68.59084460042273,-68.59084460042273
1197.3700335693359,-68.59241937011996,-68.59241937011996
1197.3800335693359,-68.5940131295025,-68.5940131295025
1197.3900335693359,-68.59562584484804,-68.59562584484804
1197.4000335693358,-68.59725748193229,-68.59725748193229
1197.4100335693358,-68.5989080060701,-68.5989080060701
1197.4200335693358,-68.60057738211086,-68.60057738211086
1197.430033569336,-68.60226557443431,-68.60226557443431
1197.440033569336,-68.60397254699262,-68.60397254699262
1197.450033569336,-68.60569826329937,-68.60569826329937
1197.460033569336,-68.60744268641966,-68.60744268641966
1197.470033569336,-68.60920577901146,-68.60920577901146
1197.480033569336,-68.61098750332961,-68.61098750332961
1197.490033569336,-68.61278782120417,-68.61278782120417
1197.500033569336,-68.61460669409081,-68.61460669409081
1197.510033569336,-68.61644408303903,-68.61644408303903
1197.520033569336,-68.6182999487332,-68.6182999487332
1197.530033569336,-68.62017425147786,-68.62017425147786
1197.540033569336,-68.62206695122192,-68.62206695122192
1197.550033569336,-68.62397800754587,-68.62397800754587
1197.560033569336,-68.62590737968723,-68.62590737968723
1197.570033569336,-68.62785502654803,-68.62785502654803
1197.580033569336,-68.62982090668808,-68.62982090668808
1197.590033569336,-68.63180497834519,-68.63180497834519
1197.600033569336,-68.63380719943665,-68.63380719943665
1197.6100335693359,-68.63582752756216,-68.63582752756216
1197.6200335693359,-68.63786592001664,-68.63786592001664
1197.6300335693359,-68.63992233379999,-68.63992233379999
1197.6400335693359,-68.64199672561834,-68.64199672561834
1197.6500335931778,-68.64408905688202,-68.64408905688202
1197.6600335931778,-68.64619927381891,-68.64619927381891
1197.6700335931778,-68.6483273372051,-68.6483273372051
1197.6800335931778,-68.6504732026443,-68.6504732026443
1197.6900335931778,-68.65263682548613,-68.65263682548613
1197.7000335931777,-68.6548181608086,-68.6548181608086
1197.7100335931777,-68.65701118578521,-68.65701118578521
1197.7200335931777,-68.65921324323352,-68.65921324323352
1197.7300335931777,-68.66142302097434,-68.66142302097434
1197.7400335931777,-68.66363982923686,-68.66363982923686
1197.7500335931777,-68.665863324845,-68.665863324845
1197.7600335931777,-68.66809336789751,-68.66809336789751
1197.7700335931777,-68.67032993768252,-68.67032993768252
1197.780033593178,-68.67257308218421,-68.67257308218421
1197.790033593178,-68.67482288766054,-68.67482288766054
1197.800033593178,-68.67707946044924,-68.67707946044924
1197.8100335931779,-68.67934291611263,-68.67934291611263
1197.8200335931779,-68.6816133730808,-68.6816133730808
1197.8300335931779,-68.6838909490357,-68.6838909490357
1197.8400335931778,-68.68617575891949,-68.68617575891949
1197.8500335931778,-68.68846791398089,-68.68846791398089
1197.8600335931778,-68.69076752141336,-68.69076752141336
1197.8700335931778,-68.69307468431744,-68.69307468431744
1197.8800335931778,-68.69538950185735,-68.69538950185735
1197.8900335931778,-68.69771206955222,-68.69771206955222
1197.9000335931778,-68.7000424795279,-68.7000424795279
1197.9100335931778,-68.70238082086136,-68.70238082086136
1197.9200335931778,-68.70472717984151,-68.70472717984151
1197.9300335931778,-68.7070816402403,-68.7070816402403
1197.9400335931778,-68.70944428356029,-68.70944428356029
1197.9500335931777,-68.71181518923683,-68.71181518923683
1197.9600335931777,-68.71418845182318,-68.71418845182318
1197.9700335931777,-68.71656153264432,-68.71656153264432
1197.9800335931777,-68.71893323779592,-68.71893323779592
1197.9900335931777,-68.72130299506247,-68.72130299506247
1198.0000335931777,-68.72367057800949,-68.72367057800949
1198.0100335931777,-68.72603596257888,-68.72603596257888
1198.0200335931777,-68.72839924306055,-68.72839924306055
1198.030033593178,-68.73076058157413,-68.73076058157413
1198.040033593178,-68.73312017769729,-68.73312017769729
1198.050033593178,-68.73547825025294,-68.73547825025294
1198.0600335931779,-68.73783502648767,-68.73783502648767
1198.0700335931779,-68.74019073571912,-68.74019073571912
1198.0800335931779,-68.74254560571752,-68.74254560571752
1198.0900335931778,-68.74489986075551,-68.74489986075551
1198.1000335931778,-68.74725372060085,-68.74725372060085
1198.1100335931778,-68.74960740018837,-68.74960740018837
1198.1200335931778,-68.7519611095705,-68.7519611095705
1198.1300335931778,-68.75431505407902,-68.75431505407902
1198.1400335931778,-68.75666943456993,-68.75666943456993
1198.1500335931778,-68.75902444773027,-68.75902444773027
1198.1600335931778,-68.76138028636453,-68.76138028636453
1198.1700335931778,-68.76373713968269,-68.76373713968269
1198.1800335931778,-68.76609519354461,-68.76609519354461
1198.1900335931778,-68.76845463070168,-68.76845463070168
1198.2000335931777,-68.77081563099088,-68.77081563099088
1198.2100335931777,-68.77317837152631,-68.77317837152631
1198.2200335931777,-68.77554302682533,-68.77554302682533
1198.2300335931777,-68.77790976892892,-68.77790976892892
1198.2400335931777,-68.78027876754601,-68.78027876754601
1198.2500335931777,-68.7826501901055,-68.7826501901055
1198.2600335931777,-68.78502420185742,-68.78502420185742
1198.2700335931777,-68.78740096589729,-68.78740096589729
1198.280033593178,-68.78978064325902,-68.78978064325902
1198.290033593178,-68.79216339291833,-68.79216339291833
1198.300033593178,-68.79454937185463,-68.79454937185463
1198.3100335931779,-68.7969387350468,-68.7969387350468
1198.3200335931779,-68.79933163552246,-68.79933163552246
1198.3300335931779,-68.80172822436073,-68.80172822436073
1198.3400335931778,-68.8041286507068,-68.8041286507068
1198.3500335931778,-68.80653306177085,-68.80653306177085
1198.3600335931778,-68.80894160285919,-68.80894160285919
1198.3700335931778,-68.81135441736318,-68.81135441736318
1198.3800335931778,-68.81377164675679,-68.81377164675679
1198.3900335931778,-68.81619343062309,-68.81619343062309
1198.4000335931778,-68.8186199066344,-68.8186199066344
1198.4100335931778,-68.82105121056725,-68.82105121056725
1198.4200335931778,-68.8234874762939,-68.8234874762939
1198.4300335931778,-68.82592883579909,-68.82592883579909
1198.4400335931778,-68.8283754191567,-68.8283754191567
1198.4500335931777,-68.83082735455486,-68.83082735455486
1198.4600335931777,-68.83328476829861,-68.83328476829861
1198.4700335931777,-68.83574778477681,-68.83574778477681
1198.4800335931777,-68.83821652652152,-68.83821652652152
1198.4900335931777,-68.84069111415184,-68.84069111415184
1198.5000336170197,-68.84317167233735,-68.84317167233735
1198.5100336170196,-68.84565830616064,-68.84565830616064
1198.5200336170196,-68.84815113649772,-68.84815113649772
1198.5300336170196,-68.85065027648498,-68.85065027648498
1198.5400336170196,-68.85315583740308,-68.85315583740308
1198.5500336170196,-68.85566792866098,-68.85566792866098
1198.5600336170196,-68.85818665784213,-68.85818665784213
1198.5700336170196,-68.86071213065851,-68.86071213065851
1198.5800336170196,-68.8632444510145,-68.8632444510145
1198.5900336170196,-68.86578372098023,-68.86578372098023
1198.6000336170196,-68.8683300408098,-68.8683300408098
1198.6100336170196,-68.87088350894429,-68.87088350894429
1198.6200336170195,-68.87344422203473,-68.87344422203473
1198.6300336170198,-68.87601227495178,-68.87601227495178
1198.6400336170198,-68.87858776077677,-68.87858776077677
1198.6500336170197,-68.88117077084034,-68.88117077084034
1198.6600336170197,-68.88376139470516,-68.88376139470516
1198.6700336170197,-68.8863597202061,-68.8863597202061
1198.6800336170197,-68.8889658334476,-68.8889658334476
1198.6900336170197,-68.89157981881024,-68.89157981881024
1198.7000336170197,-68.89420175897995,-68.89420175897995
1198.7100336170197,-68.89682573575116,-68.89682573575116
1198.7200336170197,-68.89944920626587,-68.89944920626587
1198.7300336170197,-68.90207097581234,-68.90207097581234
1198.7400336170197,-68.90469047284054,-68.90469047284054
1198.7500336170197,-68.90730747223789,-68.90730747223789
1198.7600336170196,-68.90992195154703,-68.90992195154703
1198.7700336170196,-68.91253400664564,-68.91253400664564
1198.7800336170196,-68.91514380105468,-68.91514380105468
1198.7900336170196,-68.91775153548505,-68.91775153548505
1198.8000336170196,-68.92035742956965,-68.92035742956965
1198.8100336170196,-68.92296171095713,-68.92296171095713
1198.8200336170196,-68.92556460896245,-68.92556460896245
1198.8300336170196,-68.92816635093303,-68.92816635093303
1198.8400336170196,-68.93076716025656,-68.93076716025656
1198.8500336170196,-68.93336725540536,-68.93336725540536
1198.8600336170196,-68.93596684956638,-68.93596684956638
1198.8700336170195,-68.9385661506173,-68.9385661506173
1198.8800336170198,-68.94116536129289,-68.94116536129289
1198.8900336170198,-68.94376467947131,-68.94376467947131
1198.9000336170197,-68.9463642984227,-68.9463642984227
1198.9100336170197,-68.94896440718641,-68.94896440718641
1198.9200336170197,-68.9515651908194,-68.9515651908194
1198.9300336170197,-68.95416683069323,-68.95416683069323
1198.9400336170197,-68.95676950472745,-68.95676950472745
1198.9500336170197,-68.95937338762297,-68.95937338762297
1198.9600336170197,-68.96197865102829,-68.96197865102829
1198.9700336170197,-68.96458546372916,-68.96458546372916
1198.9800336170197,-68.96719399178092,-68.96719399178092
1198.9900336170197,-68.96980439862234,-68.96980439862234
1199.0000336170197,-68.97241684520725,-68.97241684520725
1199.0100336170196,-68.97503149006035,-68.97503149006035
1199.0200336170196,-68.97764848936869,-68.97764848936869
1199.0300336170196,-68.9802679970592,-68.9802679970592
1199.0400336170196,-68.98289016482177,-68.98289016482177
1199.0500336170196,-68.98551514219777,-68.98551514219777
1199.0600336170196,-68.98814307658407,-68.98814307658407
1199.0700336170196,-68.99077411327723,-68.99077411327723
1199.0800336170196,-68.99340839551971,-68.99340839551971
1199.0900336170196,-68.99604606450112,-68.99604606450112
1199.1000336170196,-68.99868725939494,-68.99868725939494
1199.1100336170196,-69.00133211738212,-69.00133211738212
1199.1200336170195,-69.0039807736347,-69.0039807736347
1199.1300336170198,-69.00663336138362,-69.00663336138362
1199.1400336170198,-69.00929001189179,-69.00929001189179
1199.1500336170197,-69.0119508544756,-69.0119508544756
1199.1600336170197,-69.01461601652535,-69.01461601652535
1199.1700336170197,-69.01728562350186,-69.01728562350186
1199.1800336170197,-69.01995979896289,-69.01995979896289
1199.1900336170197,-69.02263866456359,-69.02263866456359
1199.2000336170197,-69.0253223400599,-69.0253223400599
1199.2100336170197,-69.02800493273344,-69.02800493273344
1199.2200336170197,-69.03068393125965,-69.03068393125965
1199.2300336170197,-69.03335817480435,-69.03335817480435
1199.2400336170197,-69.03602712667693,-69.03602712667693
1199.2500336170197,-69.03869059708884,-69.03869059708884
1199.2600336170196,-69.04134859910454,-69.04134859910454
1199.2700336170196,-69.04400126413165,-69.04400126413165
1199.2800336170196,-69.04664879118033,-69.04664879118033
1199.2900336170196,-69.04929141631087,-69.04929141631087
1199.3000336170196,-69.05192939431583,-69.05192939431583
1199.3100336170196,-69.05456298783848,-69.05456298783848
1199.3200336170196,-69.05719246095256,-69.05719246095256
1199.3300336170196,-69.05981807554434,-69.05981807554434
1199.3400336170196,-69.06244008929991,-69.06244008929991
1199.3500336408615,-69.06505876098073,-69.06505876098073
1199.3600336408615,-69.06767432511397,-69.06767432511397
1199.3700336408615,-69.07028702935793,-69.07028702935793
1199.3800336408615,-69.0728971097407,-69.0728971097407
1199.3900336408615,-69.07550479714881,-69.07550479714881
1199.4000336408615,-69.07811031763634,-69.07811031763634
1199.4100336408615,-69.08071389270766,-69.08071389270766
1199.4200336408614,-69.08331573964712,-69.08331573964712
1199.4300336408614,-69.08591607175117,-69.08591607175117
1199.4400336408614,-69.08851509861209,-69.08851509861209
1199.4500336408614,-69.091113026305,-69.091113026305
1199.4600336408614,-69.09371005758389,-69.09371005758389
1199.4700336408614,-69.09630639204512,-69.09630639204512
1199.4800336408616,-69.09890222627668,-69.09890222627668
1199.4900336408616,-69.10149775397893,-69.10149775397893
1199.5000336408616,-69.10409316604154,-69.10409316604154
1199.5100336408616,-69.10668865066921,-69.10668865066921
1199.5200336408616,-69.10928439343363,-69.10928439343363
1199.5300336408616,-69.11188057735447,-69.11188057735447
1199.5400336408616,-69.11447738293296,-69.11447738293296
1199.5500336408616,-69.11707498821355,-69.11707498821355
1199.5600336408615,-69.11967356882214,-69.11967356882214
1199.5700336408615,-69.12227329800074,-69.12227329800074
1199.5800336408615,-69.1248743466287,-69.1248743466287
1199.5900336408615,-69.12747688325679,-69.12747688325679
1199.6000336408615,-69.13008107412476,-69.13008107412476
1199.6100336408615,-69.13268708318579,-69.13268708318579
1199.6200336408615,-69.13529507212179,-69.13529507212179
1199.6300336408615,-69.13790520035785,-69.13790520035785
1199.6400336408615,-69.14051762508171,-69.14051762508171
1199.6500336408615,-69.1431325012423,-69.1431325012423
1199.6600336408615,-69.14574998158209,-69.14574998158209
1199.6700336408614,-69.14837021663989,-69.14837021663989
1199.6800336408614,-69.15099335475963,-69.15099335475963
1199.6900336408614,-69.15361954209725,-69.15361954209725
1199.7000336408614,-69.15624892264505,-69.15624892264505
1199.7100336408614,-69.15888163824003,-69.15888163824003
1199.7200336408614,-69.16151782856834,-69.16151782856834
1199.7300336408616,-69.16415763116609,-69.16415763116609
1199.7400336408616,-69.16680118146608,-69.16680118146608
1199.7500336408616,-69.16944861276988,-69.16944861276988
1199.7600336408616,-69.17210005628232,-69.17210005628232
1199.7700336408616,-69.17475564111903,-69.17475564111903
1199.7800336408616,-69.17741549430926,-69.17741549430926
1199.7900336408616,-69.1800797408242,-69.1800797408242
1199.8000336408616,-69.18274850358097,-69.18274850358097
1199.8100336408615,-69.1854219034462,-69.1854219034462
1199.8200336408615,-69.18810005928488,-69.18810005928488
1199.8300336408615,-69.19078308791592,-69.19078308791592
1199.8400336408615,-69.19347110418619,-69.19347110418619
1199.8500336408615,-69.1961642209482,-69.1961642209482
1199.8600336408615,-69.19886254908336,-69.19886254908336
1199.8700336408615,-69.20156619752211,-69.20156619752211
1199.8800336408615,-69.20427527325673,-69.20427527325673
1199.8900336408615,-69.20698988135476,-69.20698988135476
1199.9000336408615,-69.2097101249714,-69.2097101249714
1199.9100336408615,-69.21243610537637,-69.21243610537637
1199.9200336408614,-69.21516792196275,-69.21516792196275
1199.9300336408614,-69.21790567226618,-69.21790567226618
1199.9400336408614,-69.22064945196806,-69.22064945196806
1199.9500336408614,-69.22339935493817,-69.22339935493817
1199.9600336408614,-69.22615547323306,-69.22615547323306
1199.9700336408614,-69.22891789710789,-69.22891789710789
1199.9800336408616,-69.23168671506721,-69.23168671506721
1199.9900336408616,-69.23446201383825,-69.23446201383825
1200.0000336408616,-69.2372438784137,-69.2372438784137
1200.0100336408616,-69.24003239206367,-69.24003239206367
1200.0200336408616,-69.24282763636268,-69.24282763636268
1200.0300336408616,-69.24562969119337,-69.24562969119337
1200.0400336408616,-69.24843863476912,-69.24843863476912
1200.0500336408616,-69.2512545436522,-69.2512545436522
1200.0600336408615,-69.25407749277315,-69.25407749277315
1200.0700336408615,-69.25690755545038,-69.25690755545038
1200.0800336408615,-69.25974480340388,-69.25974480340388
1200.0900336408615,-69.26258930677592,-69.26258930677592
1200.1000336408615,-69.26535531812038,-69.26535531812038
1200.1100336408615,-69.26800924456553,-69.26800924456553
1200.1200336408615,-69.27053700359298,-69.27053700359298
1200.1300336408615,-69.27293287141795,-69.27293287141795
1200.1400336408615,-69.27519549773433,-69.27519549773433
1200.1500336408615,-69.27732602079035,-69.27732602079035
1200.1600336408615,-69.27932700794953,-69.27932700794953
1200.1700336408614,-69.28120181799339,-69.28120181799339
1200.1800336408614,-69.28295420985788,-69.28295420985788
1200.1900336408614,-69.28458810317034,-69.28458810317034
1200.2000336647034,-69.28610743746391,-69.28610743746391
1200.2100336647034,-69.28751607265272,-69.28751607265272
1200.2200336647034,-69.2888177648291,-69.2888177648291
1200.2300336647033,-69.29001612630057,-69.29001612630057
1200.2400336647033,-69.29111462012891,-69.29111462012891
1200.2500336647033,-69.29211655896393,-69.29211655896393
1200.2600336647033,-69.29302510883662,-69.29302510883662
1200.2700336647033,-69.29384329571245,-69.29384329571245
1200.2800336647033,-69.29457401333569,-69.29457401333569
1200.2900336647033,-69.29522003153988,-69.29522003153988
1200.3000336647033,-69.29578400452375,-69.29578400452375
1200.3100336647033,-69.29626847884391,-69.29626847884391
1200.3200336647033,-69.29667590084541,-69.29667590084541
1200.3300336647035,-69.29700862366082,-69.29700862366082
1200.3400336647035,-69.29726891358379,-69.29726891358379
1200.3500336647035,-69.29745895595056,-69.29745895595056
1200.3600336647035,-69.29758086048561,-69.29758086048561
1200.3700336647034,-69.29763666617166,-69.29763666617166
1200.3800336647034,-69.29762834571926,-69.29762834571926
1200.3900336647034,-69.29755780961601,-69.29755780961601
1200.4000336647034,-69.29742690981803,-69.29742690981803
1200.4100336647034,-69.29723744313087,-69.29723744313087
1200.4200336647034,-69.29699115430105,-69.29699115430105
1200.4300336647034,-69.29668973882312,-69.29668973882312
1200.4400336647034,-69.29633484554314,-69.29633484554314
1200.4500336647034,-69.29592807902364,-69.29592807902364
1200.4600336647034,-69.29547100173366,-69.29547100173366
1200.4700336647034,-69.29496513603553,-69.29496513603553
1200.4800336647033,-69.29441196606689,-69.29441196606689
1200.4900336647033,-69.29381293941566,-69.29381293941566
1200.5000336647033,-69.29316946871865,-69.29316946871865
1200.5100336647033,-69.29248293312716,-69.29248293312716
1200.5200336647033,-69.2917546796382,-69.2917546796382
1200.5300336647033,-69.29098602439244,-69.29098602439244
1200.5400336647033,-69.29017825380653,-69.29017825380653
1200.5500336647033,-69.2893326256797,-69.2893326256797
1200.5600336647033,-69.28845037021352,-69.28845037021352
1200.5700336647033,-69.28753269096116,-69.28753269096116
1200.5800336647035,-69.28658076571737,-69.28658076571737
1200.5900336647035,-69.28559574735323,-69.28559574735323
1200.6000336647035,-69.28457876460222,-69.28457876460222
1200.6100336647035,-69.28353092278583,-69.28353092278583
1200.6200336647034,-69.28245330451713,-69.28245330451713
1200.6300336647034,-69.28134697036215,-69.28134697036215
1200.6400336647034,-69.28021295944188,-69.28021295944188
1200.6500336647034,-69.27905229003193,-69.27905229003193
1200.6600336647034,-69.2778659601054,-69.2778659601054
1200.6700336647034,-69.27665494787676,-69.27665494787676
1200.6800336647034,-69.27542021227995,-69.27542021227995
1200.6900336647034,-69.27416269347025,-69.27416269347025
1200.7000336647034,-69.27288331326312,-69.27288331326312
1200.7100336647034,-69.27158297557477,-69.27158297557477
1200.7200336647034,-69.27026256683799,-69.27026256683799
1200.7300336647033,-69.26892295638807,-69.26892295638807
1200.7400336647033,-69.2675649968743,-69.2675649968743
1200.7500336647033,-69.26618952458637,-69.26618952458637
1200.7600336647033,-69.2647973598389,-69.2647973598389
1200.7700336647033,-69.26338930730947,-69.26338930730947
1200.7800336647033,-69.26196615634132,-69.26196615634132
1200.7900336647033,-69.2605286812804,-69.2605286812804
1200.8000336647033,-69.25907764178228,-69.25907764178228
1200.8100336647033,-69.25761378308336,-69.25761378308336
1200.8200336647033,-69.25613783632379,-69.25613783632379
1200.8300336647035,-69.25465051878395,-69.25465051878395
1200.8400336647035,-69.25315253418067,-69.25315253418067
1200.8500336647035,-69.25164457291882,-69.25164457291882
1200.8600336647035,-69.25012731233663,-69.25012731233663
1200.8700336647034,-69.248601416976,-69.248601416976
1200.8800336647034,-69.2470675387864,-69.2470675387864
1200.8900336647034,-69.24552631739132,-69.24552631739132
1200.9000336647034,-69.24397838029711,-69.24397838029711
1200.9100336647034,-69.2424243431161,-69.2424243431161
1200.9200336647034,-69.2408648097802,-69.2408648097802
1200.9300336647034,-69.23930037276851,-69.23930037276851
1200.9400336647034,-69.23773161329443,-69.23773161329443
1200.9500336647034,-69.2361591015106,-69.2361591015106
1200.9600336647034,-69.23458339671363,-69.23458339671363
1200.9700336647034,-69.23300504752127,-69.23300504752127
1200.9800336647033,-69.23142459208616,-69.23142459208616
1200.9900336647033,-69.2298425582502,-69.2298425582502
1201.0000336647033,-69.22825946374223,-69.22825946374223
1201.0100336647033,-69.22667581635952,-69.22667581635952
1201.0200336647033,-69.22509211411192,-69.22509211411192
1201.0300336647033,-69.2235088454319,-69.2235088454319
1201.0400336647033,-69.22192648930444,-69.22192648930444
1201.0500336885452,-69.2203455116854,-69.2203455116854
1201.0600336885452,-69.21876638070091,-69.21876638070091
1201.0700336885452,-69.21718954427526,-69.21718954427526
1201.0800336885452,-69.2156154452548,-69.2156154452548
1201.0900336885452,-69.21404451785217,-69.21404451785217
1201.1000336885452,-69.21247718776476,-69.21247718776476
1201.1100336885452,-69.21091387235198,-69.21091387235198
1201.1200336885452,-69.2093549807387,-69.2093549807387
1201.1300336885452,-69.2078009139909,-69.2078009139909
1201.1400336885451,-69.20625206523584,-69.20625206523584
1201.1500336885451,-69.20470881978976,-69.20470881978976
1201.1600336885451,-69.2031715553103,-69.2031715553103
1201.1700336885451,-69.20164064190877,-69.20164064190877
1201.1800336885453,-69.20011644229325,-69.20011644229325
1201.1900336885453,-69.19859931187501,-69.19859931187501
1201.2000336885453,-69.1970895989064,-69.1970895989064
1201.2100336885453,-69.19558764459914,-69.19558764459914
1201.2200336885453,-69.19409378324141,-69.19409378324141
1201.2300336885453,-69.1926083423203,-69.1926083423203
1201.2400336885453,-69.19113164261621,-69.19113164261621
1201.2500336885453,-69.18966399835669,-69.18966399835669
1201.2600336885453,-69.18820571727709,-69.18820571727709
1201.2700336885453,-69.18675710077845,-69.18675710077845
1201.2800336885452,-69.18531844398808,-69.18531844398808
1201.2900336885452,-69.18389003590019,-69.18389003590019
1201.3000336885452,-69.18247215947065,-69.18247215947065
1201.3100336885452,-69.18106509171207,-69.18106509171207
1201.3200336885452,-69.17966910380318,-69.17966910380318
1201.3300336885452,-69.17828446116545,-69.17828446116545
1201.3400336885452,-69.17691142359597,-69.17691142359597
1201.3500336885452,-69.17555024533144,-69.17555024533144
1201.3600336885452,-69.17420117514962,-69.17420117514962
1201.3700336885452,-69.17286445647883,-69.17286445647883
1201.3800336885452,-69.17154032745826,-69.17154032745826
1201.3900336885451,-69.17022902105609,-69.17022902105609
1201.4000336885451,-69.16893076513547,-69.16893076513547
1201.4100336885451,-69.16764578254838,-69.16764578254838
1201.4200336885451,-69.16637429122673,-69.16637429122673
1201.4300336885453,-69.1651165042531,-69.1651165042531
1201.4400336885453,-69.16387262994282,-69.16387262994282
1201.4500336885453,-69.16264287194001,-69.16264287194001
1201.4600336885453,-69.1614274292831,-69.1614274292831
1201.4700336885453,-69.16022649648235,-69.16022649648235
1201.4800336885453,-69.15904026359642,-69.15904026359642
1201.4900336885453,-69.15786891632479,-69.15786891632479
1201.5000336885453,-69.15671263604777,-69.15671263604777
1201.5100336885453,-69.15557159992562,-69.15557159992562
1201.5200336885453,-69.15444598096647,-69.15444598096647
1201.5300336885452,-69.15333594808816,-69.15333594808816
1201.5400336885452,-69.15224166618937,-69.15224166618937
1201.5500336885452,-69.15116329622543,-69.15116329622543
1201.5600336885452,-69.15010099526052,-69.15010099526052
1201.5700336885452,-69.14905491654417,-69.14905491654417
1201.5800336885452,-69.14802520957268,-69.14802520957268
1201.5900336885452,-69.1470120201551,-69.1470120201551
1201.6000336885452,-69.14601549047094,-69.14601549047094
1201.6100336885452,-69.14503575913763,-69.14503575913763
1201.6200336885452,-69.14407296126706,-69.14407296126706
1201.6300336885452,-69.14312722851145,-69.14312722851145
1201.6400336885451,-69.14219868914633,-69.14219868914633
1201.6500336885451,-69.14128746811892,-69.14128746811892
1201.6600336885451,-69.14039368708977,-69.14039368708977
1201.6700336885451,-69.13951746450563,-69.13951746450563
1201.6800336885453,-69.13865891564541,-69.13865891564541
1201.6900336885453,-69.13781815269009,-69.13781815269009
1201.7000336885453,-69.13699528474197,-69.13699528474197
1201.7100336885453,-69.13619041790565,-69.13619041790565
1201.7200336885453,-69.13540365533089,-69.13540365533089
1201.7300336885453,-69.13463509726034,-69.13463509726034
1201.7400336885453,-69.13388484107591,-69.13388484107591
1201.7500336885453,-69.13315298135196,-69.13315298135196
1201.7600336885453,-69.13243960990188,-69.13243960990188
1201.7700336885453,-69.13174481582767,-69.13174481582767
1201.7800336885452,-69.13106868556041,-69.13106868556041
1201.7900336885452,-69.13041130290549,-69.13041130290549
1201.8000336885452,-69.12977274908718,-69.12977274908718
1201.8100336885452,-69.12915310280796,-69.12915310280796
1201.8200336885452,-69.12855244026959,-69.12855244026959
1201.8300336885452,-69.12797083522352,-69.12797083522352
1201.8400336885452,-69.12740835900921,-69.12740835900921
1201.8500336885452,-69.12686508061044,-69.12686508061044
1201.8600336885452,-69.12634106667232,-69.12634106667232
1201.8700336885452,-69.12583638156555,-69.12583638156555
1201.8800336885452,-69.1253510873949,-69.1253510873949
1201.8900336885451,-69.1248852440732,-69.1248852440732
1201.900033712387,-69.12443890826633,-69.12443890826633
1201.910033712387,-69.12401213776116,-69.12401213776116
1201.920033712387,-69.12360498492241,-69.12360498492241
1201.930033712387,-69.12321750118167,-69.12321750118167
1201.940033712387,-69.12284973595295,-69.12284973595295
1201.950033712387,-69.12250173664577,-69.12250173664577
1201.960033712387,-69.12216754401972,-69.12216754401972
1201.970033712387,-69.12184458703332,-69.12184458703332
1201.980033712387,-69.12153164497434,-69.12153164497434
1201.990033712387,-69.12122811955712,-69.12122811955712
1202.000033712387,-69.12093375770857,-69.12093375770857
1202.010033712387,-69.12064850780337,-69.12064850780337
1202.020033712387,-69.12037243547631,-69.12037243547631
1202.0300337123872,-69.12010567308367,-69.12010567308367
1202.0400337123872,-69.11984838937418,-69.11984838937418
1202.0500337123872,-69.11960077132503,-69.11960077132503
1202.0600337123872,-69.11936301335305,-69.11936301335305
1202.0700337123872,-69.11913531102287,-69.11913531102287
1202.0800337123871,-69.11891785746415,-69.11891785746415
1202.0900337123871,-69.11871084147113,-69.11871084147113
1202.1000337123871,-69.11851444656732,-69.11851444656732
1202.1100337123871,-69.11832885067662,-69.11832885067662
1202.120033712387,-69.11815422613861,-69.11815422613861
1202.130033712387,-69.11799073990751,-69.11799073990751
1202.140033712387,-69.11783855384222,-69.11783855384222
1202.150033712387,-69.11769782503372,-69.11769782503372
1202.160033712387,-69.11756870613905,-69.11756870613905
1202.170033712387,-69.11745134569952,-69.11745134569952
1202.180033712387,-69.11734588842191,-69.11734588842191
1202.190033712387,-69.11725247545104,-69.11725247545104
1202.200033712387,-69.11717124460883,-69.11717124460883
1202.210033712387,-69.11710233057893,-69.11710233057893
1202.220033712387,-69.11704586511703,-69.11704586511703
1202.230033712387,-69.11700197716928,-69.11700197716928
1202.240033712387,-69.11697079303995,-69.11697079303995
1202.250033712387,-69.11695243648802,-69.11695243648802
1202.260033712387,-69.1169470288317,-69.1169470288317
1202.270033712387,-69.11695468903973,-69.11695468903973
1202.2800337123872,-69.11697553379574,-69.11697553379574
1202.2900337123872,-69.1170096775669,-69.1170096775669
1202.3000337123872,-69.11705723266175,-69.11705723266175
1202.3100337123872,-69.11711830927939,-69.11711830927939
1202.3200337123872,-69.1171930155414,-69.1171930155414
1202.3300337123871,-69.1172814575371,-69.1172814575371
1202.3400337123871,-69.11738373934864,-69.11738373934864
1202.3500337123871,-69.11749996308029,-69.11749996308029
1202.3600337123871,-69.11763022889306,-69.11763022889306
1202.370033712387,-69.11777463500583,-69.11777463500583
1202.380033712387,-69.11793327774389,-69.11793327774389
1202.390033712387,-69.11810625153231,-69.11810625153231
1202.400033712387,-69.11829364892218,-69.11829364892218
1202.410033712387,-69.11849556060194,-69.11849556060194
1202.420033712387,-69.11871207542924,-69.11871207542924
1202.430033712387,-69.1189432804133,-69.1189432804133
1202.440033712387,-69.11918926076493,-69.11918926076493
1202.450033712387,-69.11945009987065,-69.11945009987065
1202.460033712387,-69.11972587933916,-69.11972587933916
1202.470033712387,-69.12001667900306,-69.12001667900306
1202.480033712387,-69.12032257690991,-69.12032257690991
1202.490033712387,-69.12064364936656,-69.12064364936656
1202.500033712387,-69.12097997092974,-69.12097997092974
1202.510033712387,-69.12133161442513,-69.12133161442513
1202.520033712387,-69.12169865096324,-69.12169865096324
1202.5300337123872,-69.12208114993979,-69.12208114993979
1202.5400337123872,-69.12247917906451,-69.12247917906451
1202.5500337123872,-69.12289280436123,-69.12289280436123
1202.5600337123872,-69.12332209018305,-69.12332209018305
1202.5700337123872,-69.12376709921452,-69.12376709921452
1202.5800337123871,-69.12422789252236,-69.12422789252236
1202.5900337123871,-69.12470452951531,-69.12470452951531
1202.6000337123871,-69.12519706799802,-69.12519706799802
1202.6100337123871,-69.12570556417043,-69.12570556417043
1202.620033712387,-69.12623007264462,-69.12623007264462
1202.630033712387,-69.12677064644228,-69.12677064644228
1202.640033712387,-69.12732733703753,-69.12732733703753
1202.650033712387,-69.12790019435012,-69.12790019435012
1202.660033712387,-69.12848926675824,-69.12848926675824
1202.670033712387,-69.12909460112803,-69.12909460112803
1202.680033712387,-69.12971624282139,-69.12971624282139
1202.690033712387,-69.13035423570655,-69.13035423570655
1202.700033712387,-69.13100862217017,-69.13100862217017
1202.710033712387,-69.1316734352954,-69.1316734352954
1202.720033712387,-69.13234609671885,-69.13234609671885
1202.730033712387,-69.13302537918031,-69.13302537918031
1202.740033712387,-69.13371067864068,-69.13371067864068
1202.750033736229,-69.13440173860648,-69.13440173860648
1202.760033736229,-69.13509849977389,-69.13509849977389
1202.770033736229,-69.13580102556674,-69.13580102556674
1202.780033736229,-69.13650944509233,-69.13650944509233
1202.790033736229,-69.13722392435389,-69.13722392435389
1202.800033736229,-69.13794464805252,-69.13794464805252
1202.810033736229,-69.13867180880857,-69.13867180880857
1202.8200337362289,-69.13940560081086,-69.13940560081086
1202.8300337362289,-69.14014621623423,-69.14014621623423
1202.8400337362289,-69.14089384329495,-69.14089384329495
1202.8500337362289,-69.14164866532919,-69.14164866532919
1202.8600337362288,-69.14241086042186,-69.14241086042186
1202.8700337362288,-69.14318060141875,-69.14318060141875
1202.880033736229,-69.1439580560925,-69.1439580560925
1202.890033736229,-69.14474338744552,-69.14474338744552
1202.900033736229,-69.1455367539947,-69.1455367539947
1202.910033736229,-69.14633831011508,-69.14633831011508
1202.920033736229,-69.1471482063294,-69.1471482063294
1202.930033736229,-69.14796658960229,-69.14796658960229
1202.940033736229,-69.14879360357237,-69.14879360357237
1202.950033736229,-69.14962938879235,-69.14962938879235
1202.960033736229,-69.15047408291471,-69.15047408291471
1202.970033736229,-69.15132782087464,-69.15132782087464
1202.980033736229,-69.15219073501977,-69.15219073501977
1202.990033736229,-69.15306295524704,-69.15306295524704
1203.000033736229,-69.1539446091041,-69.1539446091041
1203.010033736229,-69.1548358218935,-69.1548358218935
1203.020033736229,-69.15573671672738,-69.15573671672738
1203.030033736229,-69.15664741461963,-69.15664741461963
1203.040033736229,-69.15756803453232,-69.15756803453232
1203.050033736229,-69.15849869341483,-69.15849869341483
1203.060033736229,-69.1594395062628,-69.1594395062628
1203.0700337362289,-69.16039058614699,-69.16039058614699
1203.0800337362289,-69.16135204423193,-69.16135204423193
1203.0900337362289,-69.16232398982443,-69.16232398982443
1203.1000337362289,-69.16330653036837,-69.16330653036837
1203.1100337362288,-69.16429977148913,-69.16429977148913
1203.1200337362288,-69.16530381700211,-69.16530381700211
1203.130033736229,-69.16631876891906,-69.16631876891906
1203.140033736229,-69.16734472747318,-69.16734472747318
1203.150033736229,-69.1683817911341,-69.1683817911341
1203.160033736229,-69.16943005660261,-69.16943005660261
1203.170033736229,-69.17048961883872,-69.17048961883872
1203.180033736229,-69.17156057105751,-69.17156057105751
1203.190033736229,-69.17264300475716,-69.17264300475716
1203.200033736229,-69.1737370096959,-69.1737370096959
1203.210033736229,-69.17484267394306,-69.17484267394306
1203.220033736229,-69.17596008385716,-69.17596008385716
1203.230033736229,-69.17708932410196,-69.17708932410196
1203.240033736229,-69.17823047765816,-69.17823047765816
1203.250033736229,-69.17938362582754,-69.17938362582754
1203.260033736229,-69.1805488482572,-69.1805488482572
1203.270033736229,-69.18172622293285,-69.18172622293285
1203.280033736229,-69.18291582618221,-69.18291582618221
1203.290033736229,-69.1841177327142,-69.1841177327142
1203.300033736229,-69.18533201559524,-69.18533201559524
1203.310033736229,-69.18655874628118,-69.18655874628118
1203.3200337362289,-69.18779799462361,-69.18779799462361
1203.3300337362289,-69.18904982888071,-69.18904982888071
1203.3400337362289,-69.19031431571435,-69.19031431571435
1203.3500337362289,-69.19159152022246,-69.19159152022246
1203.3600337362288,-69.19288150594132,-69.19288150594132
1203.3700337362288,-69.19418433485356,-69.19418433485356
1203.380033736229,-69.19550006739728,-69.19550006739728
1203.390033736229,-69.19682876249853,-69.19682876249853
1203.400033736229,-69.19817047755589,-69.19817047755589
1203.410033736229,-69.1995252684766,-69.1995252684766
1203.420033736229,-69.20089318967376,-69.20089318967376
1203.430033736229,-69.20227429408703,-69.20227429408703
1203.440033736229,-69.20366863319839,-69.20366863319839
1203.450033736229,-69.20507625704212,-69.20507625704212
1203.460033736229,-69.20649721420455,-69.20649721420455
1203.470033736229,-69.20793155187053,-69.20793155187053
1203.480033736229,-69.20937931580045,-69.20937931580045
1203.490033736229,-69.21084055036556,-69.21084055036556
1203.500033736229,-69.21231529856578,-69.21231529856578
1203.510033736229,-69.21380360202733,-69.21380360202733
1203.520033736229,-69.21530550102779,-69.21530550102779
1203.530033736229,-69.21682103450635,-69.21682103450635
1203.540033736229,-69.218350240088,-69.218350240088
1203.550033736229,-69.21989315407902,-69.21989315407902
1203.560033736229,-69.22144981149893,-69.22144981149893
1203.5700337362289,-69.22302024608717,-69.22302024608717
1203.5800337362289,-69.22460449032198,-69.22460449032198
1203.5900337362289,-69.22620257542685,-69.22620257542685
1203.6000337600708,-69.22781453523747,-69.22781453523747
1203.6100337600708,-69.2294403909059,-69.2294403909059
1203.6200337600708,-69.23108017375942,-69.23108017375942
1203.6300337600708,-69.23273391018536,-69.23273391018536
1203.6400337600708,-69.23440162538424,-69.23440162538424
1203.6500337600708,-69.23608334339515,-69.23608334339515
1203.6600337600707,-69.23777908711092,-69.23777908711092
1203.6700337600707,-69.23948887829677,-69.23948887829677
1203.6800337600707,-69.24121273758429,-69.24121273758429
1203.6900337600707,-69.24295068451961,-69.24295068451961
1203.7000337600707,-69.24470273754665,-69.24470273754665
1203.7100337600707,-69.24646891404296,-69.24646891404296
1203.7200337600707,-69.24824923032494,-69.24824923032494
1203.730033760071,-69.25004370165829,-69.25004370165829
1203.740033760071,-69.25185234228215,-69.25185234228215
1203.750033760071,-69.25367516540553,-69.25367516540553
1203.7600337600709,-69.25551218325322,-69.25551218325322
1203.7700337600709,-69.25736340704677,-69.25736340704677
1203.7800337600709,-69.25922884703527,-69.25922884703527
1203.7900337600709,-69.26110851250685,-69.26110851250685
1203.8000337600708,-69.26300241179722,-69.26300241179722
1203.8100337600708,-69.26491055231132,-69.26491055231132
1203.8200337600708,-69.2668329405256,-69.2668329405256
1203.8300337600708,-69.26876958201669,-69.26876958201669
1203.8400337600708,-69.27072048146599,-69.27072048146599
1203.8500337600708,-69.27268564266667,-69.27268564266667
1203.8600337600708,-69.27466506854586,-69.27466506854586
1203.8700337600708,-69.27665876117453,-69.27665876117453
1203.8800337600708,-69.2786667217833,-69.2786667217833
1203.8900337600708,-69.2806889507703,-69.2806889507703
1203.9000337600708,-69.2827254477205,-69.2827254477205
1203.9100337600707,-69.2847762113974,-69.2847762113974
1203.9200337600707,-69.28684123979359,-69.28684123979359
1203.9300337600707,-69.28892053010536,-69.28892053010536
1203.9400337600707,-69.2910140787639,-69.2910140787639
1203.9500337600707,-69.29312188145092,-69.29312188145092
1203.9600337600707,-69.29523790587041,-69.29523790587041
1203.9700337600707,-69.29735951599963,-69.29735951599963
1203.980033760071,-69.29948543123948,-69.29948543123948
1203.990033760071,-69.30161499700384,-69.30161499700384
1204.000033760071,-69.30374790672515,-69.30374790672515
1204.0100337600709,-69.30588405757125,-69.30588405757125
1204.0200337600709,-69.30802346593366,-69.30802346593366
1204.0300337600709,-69.3101662166709,-69.3101662166709
1204.0400337600709,-69.31231243259903,-69.31231243259903
1204.0500337600708,-69.31446225622089,-69.31446225622089
1204.0600337600708,-69.31661583886564,-69.31661583886564
1204.0700337600708,-69.3187733343137,-69.3187733343137
1204.0800337600708,-69.3209348951752,-69.3209348951752
1204.0900337600708,-69.32310067092736,-69.32310067092736
1204.1000337600708,-69.3252708069413,-69.3252708069413
1204.1100337600708,-69.32744544413336,-69.32744544413336
1204.1200337600708,-69.32962471893515,-69.32962471893515
1204.1300337600708,-69.33180876345257,-69.33180876345257
1204.1400337600708,-69.33399770574069,-69.33399770574069
1204.1500337600708,-69.3361916701218,-69.3361916701218
1204.1600337600707,-69.33839077746336,-69.33839077746336
1204.1700337600707,-69.34059514548503,-69.34059514548503
1204.1800337600707,-69.34280488904386,-69.34280488904386
1204.1900337600707,-69.34502012033886,-69.34502012033886
1204.2000337600707,-69.3472409491598,-69.3472409491598
1204.2100337600707,-69.34946748306068,-69.34946748306068
1204.2200337600707,-69.35169982751215,-69.35169982751215
1204.230033760071,-69.35393808604977,-69.35393808604977
1204.240033760071,-69.35618236039116,-69.35618236039116
1204.250033760071,-69.35843275052781,-69.35843275052781
1204.2600337600709,-69.36068935480513,-69.36068935480513
1204.2700337600709,-69.36295227001152,-69.36295227001152
1204.2800337600709,-69.36522159141886,-69.36522159141886
1204.2900337600709,-69.3674974128302,-69.3674974128302
1204.3000337600708,-69.369779826635,-69.369779826635
1204.3100337600708,-69.37206892382653,-69.37206892382653
1204.3200337600708,-69.37436479404322,-69.37436479404322
1204.3300337600708,-69.37666752558027,-69.37666752558027
1204.3400337600708,-69.37897720541488,-69.37897720541488
1204.3500337600708,-69.38129391921575,-69.38129391921575
1204.3600337600708,-69.38361775135456,-69.38361775135456
1204.3700337600708,-69.3859487849304,-69.3859487849304
1204.3800337600708,-69.3882871017521,-69.3882871017521
1204.3900337600708,-69.39063278236718,-69.39063278236718
1204.4000337600708,-69.39298590605155,-69.39298590605155
1204.4100337600707,-69.39534655082414,-69.39534655082414
1204.4200337600707,-69.39771479344505,-69.39771479344505
1204.4300337600707,-69.40009070942784,-69.40009070942784
1204.4400337600707,-69.40247437301694,-69.40247437301694
1204.4500337839127,-69.4048658629149,-69.4048658629149
1204.4600337839126,-69.40726523953006,-69.40726523953006
1204.4700337839126,-69.40967257900722,-69.40967257900722
1204.4800337839126,-69.41208795062614,-69.41208795062614
1204.4900337839126,-69.4145114224103,-69.4145114224103
1204.5000337839126,-69.41694306114928,-69.41694306114928
1204.5100337839126,-69.41938293239627,-69.41938293239627
1204.5200337839126,-69.42183110047168,-69.42183110047168
1204.5300337839126,-69.42428762845158,-69.42428762845158
1204.5400337839126,-69.42675257820072,-69.42675257820072
1204.5500337839126,-69.42922601035735,-69.42922601035735
1204.5600337839126,-69.43170798433657,-69.43170798433657
1204.5700337839125,-69.43419855834583,-69.43419855834583
1204.5800337839128,-69.43669778937591,-69.43669778937591
1204.5900337839128,-69.43920573322661,-69.43920573322661
1204.6000337839127,-69.44172244448231,-69.44172244448231
1204.6100337839127,-69.44424797653618,-69.44424797653618
1204.6200337839127,-69.44678238160137,-69.44678238160137
1204.6300337839127,-69.44932571071428,-69.44932571071428
1204.6400337839127,-69.4518780137224,-69.4518780137224
1204.6500337839127,-69.45443933931129,-69.45443933931129
1204.6600337839127,-69.45700973500674,-69.45700973500674
1204.6700337839127,-69.45958924719305,-69.45958924719305
1204.6800337839127,-69.46217792108986,-69.46217792108986
1204.6900337839127,-69.46477580079709,-69.46477580079709
1204.7000337839127,-69.4673829292702,-69.4673829292702
1204.7100337839126,-69.46999934834646,-69.46999934834646
1204.7200337839126,-69.47262509877186,-69.47262509877186
1204.7300337839126,-69.47526022015994,-69.47526022015994
1204.7400337839126,-69.47790475104713,-69.47790475104713
1204.7500337839126,-69.48055872889174,-69.48055872889174
1204.7600337839126,-69.4832221900537,-69.4832221900537
1204.7700337839126,-69.48589516984943,-69.48589516984943
1204.7800337839126,-69.48857770252476,-69.48857770252476
1204.7900337839126,-69.49126982128176,-69.49126982128176
1204.8000337839126,-69.49397155829709,-69.49397155829709
1204.8100337839126,-69.49668294470817,-69.49668294470817
1204.8200337839125,-69.49940401064863,-69.49940401064863
1204.8300337839128,-69.50213478523015,-69.50213478523015
1204.8400337839128,-69.50487529658174,-69.50487529658174
1204.8500337839127,-69.50762557183377,-69.50762557183377
1204.8600337839127,-69.51038563715848,-69.51038563715848
1204.8700337839127,-69.51315551775407,-69.51315551775407
1204.8800337839127,-69.51593523787092,-69.51593523787092
1204.8900337839127,-69.51872482080094,-69.51872482080094
1204.9000337839127,-69.52152428892657,-69.52152428892657
1204.9100337839127,-69.52433366368993,-69.52433366368993
1204.9200337839127,-69.52715296563649,-69.52715296563649
1204.9300337839127,-69.52998221440049,-69.52998221440049
1204.9400337839127,-69.53282142872708,-69.53282142872708
1204.9500337839127,-69.535670626493,-69.535670626493
1204.9600337839126,-69.53852982469922,-69.53852982469922
1204.9700337839126,-69.54139903949084,-69.54139903949084
1204.9800337839126,-69.5442782861633,-69.5442782861633
1204.9900337839126,-69.5471675791861,-69.5471675791861
1205.0000337839126,-69.55006693218911,-69.55006693218911
1205.0100337839126,-69.55297635799741,-69.55297635799741
1205.0200337839126,-69.55589586863913,-69.55589586863913
1205.0300337839126,-69.55882547532893,-69.55882547532893
1205.0400337839126,-69.56176518851183,-69.56176518851183
1205.0500337839126,-69.56471501786135,-69.56471501786135
1205.0600337839126,-69.56767497228414,-69.56767497228414
1205.0700337839125,-69.57064505994082,-69.57064505994082
1205.0800337839128,-69.57362528824568,-69.57362528824568
1205.0900337839128,-69.57661566389211,-69.57661566389211
1205.1000337839127,-69.57961619283583,-69.57961619283583
1205.1100337839127,-69.58262688032974,-69.58262688032974
1205.1200337839127,-69.5856477309307,-69.5856477309307
1205.1300337839127,-69.58867874850004,-69.58867874850004
1205.1400337839127,-69.59171993621732,-69.59171993621732
1205.1500337839127,-69.59477129660272,-69.59477129660272
1205.1600337839127,-69.59783283150716,-69.59783283150716
1205.1700337839127,-69.60090454212795,-69.60090454212795
1205.1800337839127,-69.60398642902199,-69.60398642902199
1205.1900337839127,-69.60707849211232,-69.60707849211232
1205.2000337839127,-69.61018073071243,-69.61018073071243
1205.2100337839126,-69.61328708385703,-69.61328708385703
1205.2200337839126,-69.6163949016834,-69.6163949016834
1205.2300337839126,-69.61950289644935,-69.61950289644935
1205.2400337839126,-69.62261041001864,-69.62261041001864
1205.2500337839126,-69.62571713445766,-69.62571713445766
1205.2600337839126,-69.62882296708312,-69.62882296708312
1205.2700337839126,-69.6319279254397,-69.6319279254397
1205.2800337839126,-69.63503209629124,-69.63503209629124
1205.2900337839126,-69.6381356049492,-69.6381356049492
1205.3000338077545,-69.64123860425737,-69.64123860425737
1205.3100338077545,-69.64434123409782,-69.64434123409782
1205.3200338077545,-69.64744365928512,-69.64744365928512
1205.3300338077545,-69.65054603638941,-69.65054603638941
1205.3400338077545,-69.65364851909831,-69.65364851909831
1205.3500338077545,-69.65675125724741,-69.65675125724741
1205.3600338077545,-69.65985439643704,-69.65985439643704
1205.3700338077545,-69.66295807799825,-69.66295807799825
1205.3800338077544,-69.66606243914502,-69.66606243914502
1205.3900338077544,-69.66916761323827,-69.66916761323827
1205.4000338077544,-69.67227373006457,-69.67227373006457
1205.4100338077544,-69.67538091615813,-69.67538091615813
1205.4200338077544,-69.67848929505695,-69.67848929505695
1205.4300338077546,-69.68159898759717,-69.68159898759717
1205.4400338077546,-69.68471011212324,-69.68471011212324
1205.4500338077546,-69.68782278471049,-69.68782278471049
1205.4600338077546,-69.69093711934316,-69.69093711934316
1205.4700338077546,-69.69405322806648,-69.69405322806648
1205.4800338077546,-69.6971712211217,-69.6971712211217
1205.4900338077546,-69.70029120705776,-69.70029120705776
1205.5000338077546,-69.70341329281787,-69.70341329281787
1205.5100338077546,-69.70653758383037,-69.70653758383037
1205.5200338077545,-69.7096641840572,-69.7096641840572
1205.5300338077545,-69.7127931960788,-69.7127931960788
1205.5400338077545,-69.7159247211051,-69.7159247211051
1205.5500338077545,-69.7190588590382,-69.7190588590382
1205.5600338077545,-69.72219570849087,-69.72219570849087
1205.5700338077545,-69.72533536679724,-69.72533536679724
1205.5800338077545,-69.72847793005931,-69.72847793005931
1205.5900338077545,-69.73162349314927,-69.73162349314927
1205.6000338077545,-69.73477214970336,-69.73477214970336
1205.6100338077545,-69.73792399216104,-69.73792399216104
1205.6200338077545,-69.74107911176642,-69.74107911176642
1205.6300338077544,-69.74423759854962,-69.74423759854962
1205.6400338077544,-69.74739954136444,-69.74739954136444
1205.6500338077544,-69.7505650278551,-69.7505650278551
1205.6600338077544,-69.75373414447891,-69.75373414447891
1205.6700338077544,-69.75690697651306,-69.75690697651306
1205.6800338077546,-69.7600836080428,-69.7600836080428
1205.6900338077546,-69.76326412196163,-69.76326412196163
1205.7000338077546,-69.76644859997185,-69.76644859997185
1205.7100338077546,-69.7696371225993,-69.7696371225993
1205.7200338077546,-69.7728297691667,-69.7728297691667
1205.7300338077546,-69.77602661782699,-69.77602661782699
1205.7400338077546,-69.77922774551857,-69.77922774551857
1205.7500338077546,-69.78243322801669,-69.78243322801669
1205.7600338077546,-69.78564313990117,-69.78564313990117
1205.7700338077545,-69.7888575545727,-69.7888575545727
1205.7800338077545,-69.79207654423622,-69.79207654423622
1205.7900338077545,-69.79530017991998,-69.79530017991998
1205.8000338077545,-69.79852853147155,-69.79852853147155
1205.8100338077545,-69.80176166756492,-69.80176166756492
1205.8200338077545,-69.80499965569958,-69.80499965569958
1205.8300338077545,-69.8082425621961,-69.8082425621961
1205.8400338077545,-69.8114904522127,-69.8114904522127
1205.8500338077545,-69.81474338973706,-69.81474338973706
1205.8600338077545,-69.81800143760687,-69.81800143760687
1205.8700338077545,-69.8212646575013,-69.8212646575013
1205.8800338077544,-69.82453310994103,-69.82453310994103
1205.8900338077544,-69.8278068543177,-69.8278068543177
1205.9000338077544,-69.83108594886556,-69.83108594886556
1205.9100338077544,-69.83437045069878,-69.83437045069878
1205.9200338077544,-69.83766041580556,-69.83766041580556
1205.9300338077546,-69.84095589903428,-69.84095589903428
1205.9400338077546,-69.84425695414875,-69.84425695414875
1205.9500338077546,-69.847563633775,-69.847563633775
1205.9600338077546,-69.85087598946922,-69.85087598946922
1205.9700338077546,-69.85419407167923,-69.85419407167923
1205.9800338077546,-69.85751792976143,-69.85751792976143
1205.9900338077546,-69.86078424562332,-69.86078424562332
1206.0000338077546,-69.8639720495666,-69.8639720495666
1206.0100338077546,-69.86707436059115,-69.86707436059115
1206.0200338077545,-69.87008875719242,-69.87008875719242
1206.0300338077545,-69.8730145173661,-69.8730145173661
1206.0400338077545,-69.87585164956126,-69.87585164956126
1206.0500338077545,-69.87860052428289,-69.87860052428289
1206.0600338077545,-69.88126172120083,-69.88126172120083
1206.0700338077545,-69.88383596084876,-69.88383596084876
1206.0800338077545,-69.88632407119842,-69.88632407119842
1206.0900338077545,-69.8887269688116,-69.8887269688116
1206.1000338077545,-69.89104564608861,-69.89104564608861
1206.1100338077545,-69.8932811610505,-69.8932811610505
1206.1200338077545,-69.89543462824768,-69.89543462824768
1206.1300338077544,-69.89750721033991,-69.89750721033991
1206.1400338077544,-69.89950011025874,-69.89950011025874
1206.1500338315964,-69.90141456850615,-69.90141456850615
1206.1600338315964,-69.90325183802375,-69.90325183802375
1206.1700338315964,-69.90501320641683,-69.90501320641683
1206.1800338315963,-69.90669997144046,-69.90669997144046
1206.1900338315963,-69.90831344121838,-69.90831344121838
1206.2000338315963,-69.90985493014264,-69.90985493014264
1206.2100338315963,-69.91132575532313,-69.91132575532313
1206.2200338315963,-69.91272723348322,-69.91272723348322
1206.2300338315963,-69.91406067836654,-69.91406067836654
1206.2400338315963,-69.91532739849366,-69.91532739849366
1206.2500338315963,-69.91652869526018,-69.91652869526018
1206.2600338315963,-69.91766586136272,-69.91766586136272
1206.2700338315963,-69.91874017946253,-69.91874017946253
1206.2800338315965,-69.91975292107381,-69.91975292107381
1206.2900338315965,-69.9207053456365,-69.9207053456365
1206.3000338315965,-69.92159869977728,-69.92159869977728
1206.3100338315965,-69.92243421669023,-69.92243421669023
1206.3200338315964,-69.92321311565337,-69.92321311565337
1206.3300338315964,-69.92393660162506,-69.92393660162506
1206.3400338315964,-69.92460586494744,-69.92460586494744
1206.3500338315964,-69.92522208112952,-69.92522208112952
1206.3600338315964,-69.9257864106494,-69.9257864106494
1206.3700338315964,-69.92629999890548,-69.92629999890548
1206.3800338315964,-69.92676397609385,-69.92676397609385
1206.3900338315964,-69.92717945720274,-69.92717945720274
1206.4000338315964,-69.92754754203052,-69.92754754203052
1206.4100338315964,-69.92786931521046,-69.92786931521046
1206.4200338315964,-69.92814584627648,-69.92814584627648
1206.4300338315963,-69.92837818973577,-69.92837818973577
1206.4400338315963,-69.92856738515945,-69.92856738515945
1206.4500338315963,-69.92871445730063,-69.92871445730063
1206.4600338315963,-69.92882041623326,-69.92882041623326
1206.4700338315963,-69.92888625744237,-69.92888625744237
1206.4800338315963,-69.92891296199288,-69.92891296199288
1206.4900338315963,-69.9289014966795,-69.9289014966795
1206.5000338315963,-69.92885281415548,-69.92885281415548
1206.5100338315963,-69.92876785311964,-69.92876785311964
1206.5200338315963,-69.92864753843573,-69.92864753843573
1206.5300338315965,-69.9284927813279,-69.9284927813279
1206.5400338315965,-69.92830447954009,-69.92830447954009
1206.5500338315965,-69.92808351748042,-69.92808351748042
1206.5600338315965,-69.92783076641436,-69.92783076641436
1206.5700338315964,-69.92754708462297,-69.92754708462297
1206.5800338315964,-69.92723331754925,-69.92723331754925
1206.5900338315964,-69.92689029799799,-69.92689029799799
1206.6000338315964,-69.92651884627482,-69.92651884627482
1206.6100338315964,-69.9261197703734,-69.9261197703734
1206.6200338315964,-69.92569386612489,-69.92569386612489
1206.6300338315964,-69.92524191736317,-69.92524191736317
1206.6400338315964,-69.92476469609808,-69.92476469609808
1206.6500338315964,-69.92426296265569,-69.92426296265569
1206.6600338315964,-69.92373746586117,-69.92373746586117
1206.6700338315964,-69.92318894318578,-69.92318894318578
1206.6800338315963,-69.92261812089082,-69.92261812089082
1206.6900338315963,-69.9220257142158,-69.9220257142158
1206.7000338315963,-69.92141242748257,-69.92141242748257
1206.7100338315963,-69.92077895429497,-69.92077895429497
1206.7200338315963,-69.92012597764807,-69.92012597764807
1206.7300338315963,-69.91945417009967,-69.91945417009967
1206.7400338315963,-69.91876419392224,-69.91876419392224
1206.7500338315963,-69.91805670119994,-69.91805670119994
1206.7600338315963,-69.91733233404211,-69.91733233404211
1206.7700338315963,-69.91659172465971,-69.91659172465971
1206.7800338315965,-69.91583549553587,-69.91583549553587
1206.7900338315965,-69.91506425953983,-69.91506425953983
1206.8000338315965,-69.91427862009037,-69.91427862009037
1206.8100338315965,-69.91347917126583,-69.91347917126583
1206.8200338315964,-69.91266649794072,-69.91266649794072
1206.8300338315964,-69.91184117591109,-69.91184117591109
1206.8400338315964,-69.91100377203479,-69.91100377203479
1206.8500338315964,-69.91015484432839,-69.91015484432839
1206.8600338315964,-69.90929494211846,-69.90929494211846
1206.8700338315964,-69.90842460615376,-69.90842460615376
1206.8800338315964,-69.90754436872027,-69.90754436872027
1206.8900338315964,-69.90665475375874,-69.90665475375874
1206.9000338315964,-69.90575627698541,-69.90575627698541
1206.9100338315964,-69.90484944601319,-69.90484944601319
1206.9200338315964,-69.9039347604501,-69.9039347604501
1206.9300338315963,-69.90301271201231,-69.90301271201231
1206.9400338315963,-69.90208378464922,-69.90208378464922
1206.9500338315963,-69.90114845464102,-69.90114845464102
1206.9600338315963,-69.90020110319375,-69.90020110319375
1206.9700338315963,-69.89923953077486,-69.89923953077486
1206.9800338315963,-69.89826289966918,-69.89826289966918
1206.9900338315963,-69.89727099837668,-69.89727099837668
1207.0000338554382,-69.89626395866595,-69.89626395866595
1207.0100338554382,-69.89524211954881,-69.89524211954881
1207.0200338554382,-69.89420592772557,-69.89420592772557
1207.0300338554382,-69.8931558957638,-69.8931558957638
1207.0400338554382,-69.8920925690091,-69.8920925690091
1207.0500338554382,-69.89101650713346,-69.89101650713346
1207.0600338554382,-69.8899282731976,-69.8899282731976
1207.0700338554382,-69.8888284272465,-69.8888284272465
1207.0800338554382,-69.88771752268376,-69.88771752268376
1207.0900338554382,-69.8865961043147,-69.8865961043147
1207.1000338554381,-69.88546470742861,-69.88546470742861
1207.1100338554381,-69.88432385746648,-69.88432385746648
1207.1200338554381,-69.88317407007374,-69.88317407007374
1207.1300338554383,-69.88201585127678,-69.88201585127678
1207.1400338554383,-69.88084969785614,-69.88084969785614
1207.1500338554383,-69.87967609764873,-69.87967609764873
1207.1600338554383,-69.87849552996511,-69.87849552996511
1207.1700338554383,-69.87730846591144,-69.87730846591144
1207.1800338554383,-69.87611536872912,-69.87611536872912
1207.1900338554383,-69.87491669408918,-69.87491669408918
1207.2000338554383,-69.87371289037279,-69.87371289037279
1207.2100338554383,-69.87249831398887,-69.87249831398887
1207.2200338554383,-69.8712707399331,-69.8712707399331
1207.2300338554383,-69.8700293053193,-69.8700293053193
1207.2400338554382,-69.86877377409908,-69.86877377409908
1207.2500338554382,-69.86750425670128,-69.86750425670128
1207.2600338554382,-69.86622106452623,-69.86622106452623
1207.2700338554382,-69.86492462465341,-69.86492462465341
1207.2800338554382,-69.8636154286567,-69.8636154286567
1207.2900338554382,-69.86229400182994,-69.86229400182994
1207.3000338554382,-69.86096088475169,-69.86096088475169
1207.3100338554382,-69.85961662230744,-69.85961662230744
1207.3200338554382,-69.85826175731083,-69.85826175731083
1207.3300338554382,-69.85689682682266,-69.85689682682266
1207.3400338554382,-69.85552236021273,-69.85552236021273
1207.3500338554381,-69.85413887818738,-69.85413887818738
1207.3600338554381,-69.85274689245752,-69.85274689245752
1207.3700338554381,-69.85134690572536,-69.85134690572536
1207.3800338554383,-69.84993941189805,-69.84993941189805
1207.3900338554383,-69.8485248963675,-69.8485248963675
1207.4000338554383,-69.8471038363398,-69.8471038363398
1207.4100338554383,-69.84567670117777,-69.84567670117777
1207.4200338554383,-69.84424395273636,-69.84424395273636
1207.4300338554383,-69.84280604563254,-69.84280604563254
1207.4400338554383,-69.84136342754954,-69.84136342754954
1207.4500338554383,-69.83991653946623,-69.83991653946623
1207.4600338554383,-69.83846581587143,-69.83846581587143
1207.4700338554383,-69.83701168497316,-69.83701168497316
1207.4800338554383,-69.83555456885641,-69.83555456885641
1207.4900338554382,-69.83409488361687,-69.83409488361687
1207.5000338554382,-69.83263303952079,-69.83263303952079
1207.5100338554382,-69.83116944110522,-69.83116944110522
1207.5200338554382,-69.82970448727214,-69.82970448727214
1207.5300338554382,-69.82823857140622,-69.82823857140622
1207.5400338554382,-69.82677208143335,-69.82677208143335
1207.5500338554382,-69.82530539989328,-69.82530539989328
1207.5600338554382,-69.82383890402825,-69.82383890402825
1207.5700338554382,-69.82237296581874,-69.82237296581874
1207.5800338554382,-69.82090795205443,-69.82090795205443
1207.5900338554382,-69.81944422438877,-69.81944422438877
1207.6000338554381,-69.81798213936928,-69.81798213936928
1207.6100338554381,-69.8165220485027,-69.8165220485027
1207.6200338554381,-69.81506429829946,-69.81506429829946
1207.6300338554383,-69.81360923029455,-69.81360923029455
1207.6400338554383,-69.8121571811169,-69.8121571811169
1207.6500338554383,-69.8107084825055,-69.8107084825055
1207.6600338554383,-69.80926346136393,-69.80926346136393
1207.6700338554383,-69.80782243978122,-69.80782243978122
1207.6800338554383,-69.80638573509813,-69.80638573509813
1207.6900338554383,-69.80495365991314,-69.80495365991314
1207.7000338554383,-69.80352652213249,-69.80352652213249
1207.7100338554383,-69.80210462501933,-69.80210462501933
1207.7200338554383,-69.8006882672098,-69.8006882672098
1207.7300338554383,-69.79927774276175,-69.79927774276175
1207.7400338554382,-69.79787334118633,-69.79787334118633
1207.7500338554382,-69.7964753474968,-69.7964753474968
1207.7600338554382,-69.79508404222744,-69.79508404222744
1207.7700338554382,-69.79369970148996,-69.79369970148996
1207.7800338554382,-69.79232259698854,-69.79232259698854
1207.7900338554382,-69.79095299608505,-69.79095299608505
1207.8000338554382,-69.78959116182341,-69.78959116182341
1207.8100338554382,-69.78823735295651,-69.78823735295651
1207.8200338554382,-69.78689182400316,-69.78689182400316
1207.8300338554382,-69.78555482527935,-69.78555482527935
1207.8400338554382,-69.7842266029273,-69.7842266029273
1207.85003387928,-69.78290739583764,-69.78290739583764
1207.86003387928,-69.78159744826412,-69.78159744826412
1207.87003387928,-69.78029699092059,-69.78029699092059
1207.88003387928,-69.77900625369978,-69.77900625369978
1207.89003387928,-69.77772546251148,-69.77772546251148
1207.90003387928,-69.7764548393507,-69.7764548393507
1207.91003387928,-69.77519460231646,-69.77519460231646
1207.92003387928,-69.77394496566457,-69.77394496566457
1207.93003387928,-69.77270613983303,-69.77270613983303
1207.94003387928,-69.7714783314993,-69.7714783314993
1207.95003387928,-69.77026174360826,-69.77026174360826
1207.96003387928,-69.76905657541054,-69.76905657541054
1207.97003387928,-69.76786302251743,-69.76786302251743
1207.9800338792802,-69.76668127691272,-69.76668127691272
1207.9900338792802,-69.76551152702956,-69.76551152702956
1208.0000338792802,-69.76435395776318,-69.76435395776318
1208.0100338792802,-69.76320875051326,-69.76320875051326
1208.0200338792802,-69.7620760832288,-69.7620760832288
1208.0300338792802,-69.76095613046033,-69.76095613046033
1208.0400338792801,-69.75984906336521,-69.75984906336521
1208.0500338792801,-69.75875504977874,-69.75875504977874
1208.0600338792801,-69.75767425424276,-69.75767425424276
1208.0700338792801,-69.75660683803821,-69.75660683803821
1208.08003387928,-69.7555529592283,-69.7555529592283
1208.09003387928,-69.75451277269565,-69.75451277269565
1208.10003387928,-69.753486430196,-69.753486430196
1208.11003387928,-69.75247408036478,-69.75247408036478
1208.12003387928,-69.75147586878684,-69.75147586878684
1208.13003387928,-69.75049193800244,-69.75049193800244
1208.14003387928,-69.7495224275848,-69.7495224275848
1208.15003387928,-69.74856747413887,-69.74856747413887
1208.16003387928,-69.74762721136193,-69.74762721136193
1208.17003387928,-69.74670177006807,-69.74670177006807
1208.18003387928,-69.7457912782348,-69.7457912782348
1208.19003387928,-69.74489586103373,-69.74489586103373
1208.20003387928,-69.74401564085535,-69.74401564085535
1208.21003387928,-69.74314466386495,-69.74314466386495
1208.22003387928,-69.74228039246165,-69.74228039246165
1208.2300338792802,-69.74142165273416,-69.74142165273416
1208.2400338792802,-69.74056790048375,-69.74056790048375
1208.2500338792802,-69.73971894119573,-69.73971894119573
1208.2600338792802,-69.7388747846383,-69.7388747846383
1208.2700338792802,-69.73803555959861,-69.73803555959861
1208.2800338792802,-69.73720146263048,-69.73720146263048
1208.2900338792801,-69.73637272723731,-69.73637272723731
1208.3000338792801,-69.73554960538117,-69.73554960538117
1208.3100338792801,-69.73473235648474,-69.73473235648474
1208.3200338792801,-69.73392124096512,-69.73392124096512
1208.33003387928,-69.73311651654672,-69.73311651654672
1208.34003387928,-69.73231843627512,-69.73231843627512
1208.35003387928,-69.73152724752782,-69.73152724752782
1208.36003387928,-69.7307431916325,-69.7307431916325
1208.37003387928,-69.72996650386015,-69.72996650386015
1208.38003387928,-69.72919741358803,-69.72919741358803
1208.39003387928,-69.72843614458516,-69.72843614458516
1208.40003387928,-69.72768291531312,-69.72768291531312
1208.41003387928,-69.72693793923948,-69.72693793923948
1208.42003387928,-69.72620142517442,-69.72620142517442
1208.43003387928,-69.72547357753072,-69.72547357753072
1208.44003387928,-69.72475459658318,-69.72475459658318
1208.45003387928,-69.72404467870228,-69.72404467870228
1208.46003387928,-69.72334401655473,-69.72334401655473
1208.47003387928,-69.72265279929486,-69.72265279929486
1208.4800338792802,-69.7219712126764,-69.7219712126764
1208.4900338792802,-69.7212994392391,-69.7212994392391
1208.5000338792802,-69.72063765838625,-69.72063765838625
1208.5100338792802,-69.71998604650311,-69.71998604650311
1208.5200338792802,-69.7193447770272,-69.7193447770272
1208.5300338792802,-69.7187140205262,-69.7187140205262
1208.5400338792801,-69.71809394478669,-69.71809394478669
1208.5500338792801,-69.71748471484301,-69.71748471484301
1208.5600338792801,-69.71688649303049,-69.71688649303049
1208.5700338792801,-69.71629943903517,-69.71629943903517
1208.58003387928,-69.71572370993422,-69.71572370993422
1208.59003387928,-69.71515946022028,-69.71515946022028
1208.60003387928,-69.71460684184599,-69.71460684184599
1208.61003387928,-69.7140660042341,-69.7140660042341
1208.62003387928,-69.71353709430933,-69.71353709430933
1208.63003387928,-69.7130202565305,-69.7130202565305
1208.64003387928,-69.71251563290784,-69.71251563290784
1208.65003387928,-69.71202336301332,-69.71202336301332
1208.66003387928,-69.71154358398994,-69.71154358398994
1208.67003387928,-69.71107643061393,-69.71107643061393
1208.68003387928,-69.71062203527087,-69.71062203527087
1208.69003387928,-69.710180527991,-69.710180527991
1208.700033903122,-69.70975203543254,-69.70975203543254
1208.710033903122,-69.7093366850445,-69.7093366850445
1208.720033903122,-69.70893459878593,-69.70893459878593
1208.730033903122,-69.70854589740787,-69.70854589740787
1208.740033903122,-69.70817069938109,-69.70817069938109
1208.750033903122,-69.70780912091685,-69.70780912091685
1208.760033903122,-69.70746127597018,-69.70746127597018
1208.7700339031219,-69.70712727627111,-69.70712727627111
1208.7800339031219,-69.70680723133705,-69.70680723133705
1208.7900339031219,-69.70650124847788,-69.70650124847788
1208.8000339031219,-69.70620943283485,-69.70620943283485
1208.8100339031218,-69.70593188737647,-69.70593188737647
1208.8200339031218,-69.70566871292769,-69.70566871292769
1208.830033903122,-69.7054200081816,-69.7054200081816
1208.840033903122,-69.70518586972644,-69.70518586972644
1208.850033903122,-69.70496639205957,-69.70496639205957
1208.860033903122,-69.70476166758328,-69.70476166758328
1208.870033903122,-69.70457178665662,-69.70457178665662
1208.880033903122,-69.70439683760425,-69.70439683760425
1208.890033903122,-69.70423690671474,-69.70423690671474
1208.900033903122,-69.7040920782839,-69.7040920782839
1208.910033903122,-69.70396243462355,-69.70396243462355
1208.920033903122,-69.70384805607426,-69.70384805607426
1208.930033903122,-69.70374902103825,-69.70374902103825
1208.940033903122,-69.70366540598175,-69.70366540598175
1208.950033903122,-69.70359728547544,-69.70359728547544
1208.960033903122,-69.7035447321958,-69.7035447321958
1208.970033903122,-69.70350781695058,-69.70350781695058
1208.980033903122,-69.70348660870228,-69.70348660870228
1208.990033903122,-69.7034811745722,-69.7034811745722
1209.000033903122,-69.7034915798842,-69.7034915798842
1209.010033903122,-69.70351788816443,-69.70351788816443
1209.0200339031219,-69.70356016117229,-69.70356016117229
1209.0300339031219,-69.7036184589237,-69.7036184589237
1209.0400339031219,-69.70369283968907,-69.70369283968907
1209.0500339031219,-69.70378336003519,-69.70378336003519
1209.0600339031218,-69.70389007483845,-69.70389007483845
1209.0700339031218,-69.70401303729544,-69.70401303729544
1209.080033903122,-69.70415229896165,-69.70415229896165
1209.090033903122,-69.70430790975261,-69.70430790975261
1209.100033903122,-69.70447991797549,-69.70447991797549
1209.110033903122,-69.70466837034371,-69.70466837034371
1209.120033903122,-69.70487331199094,-69.70487331199094
1209.130033903122,-69.70509478650126,-69.70509478650126
1209.140033903122,-69.70533283592772,-69.70533283592772
1209.150033903122,-69.70558750080404,-69.70558750080404
1209.160033903122,-69.70585882015385,-69.70585882015385
1209.170033903122,-69.70614683155407,-69.70614683155407
1209.180033903122,-69.70645157110604,-69.70645157110604
1209.190033903122,-69.70677307346399,-69.70677307346399
1209.200033903122,-69.70711137187607,-69.70711137187607
1209.210033903122,-69.70746649818264,-69.70746649818264
1209.220033903122,-69.70783848284313,-69.70783848284313
1209.230033903122,-69.70822735495292,-69.70822735495292
1209.240033903122,-69.70863314226293,-69.70863314226293
1209.250033903122,-69.70905587118384,-69.70905587118384
1209.260033903122,-69.70949556684052,-69.70949556684052
1209.2700339031219,-69.70995225304934,-69.70995225304934
1209.2800339031219,-69.71042595234937,-69.71042595234937
1209.2900339031219,-69.71091668603448,-69.71091668603448
1209.3000339031219,-69.71142447415791,-69.71142447415791
1209.3100339031218,-69.71194933555822,-69.71194933555822
1209.3200339031218,-69.71249128785301,-69.71249128785301
1209.330033903122,-69.71305034749669,-69.71305034749669
1209.340033903122,-69.71362652975183,-69.71362652975183
1209.350033903122,-69.71421984874816,-69.71421984874816
1209.360033903122,-69.71483031746483,-69.71483031746483
1209.370033903122,-69.7154579477689,-69.7154579477689
1209.380033903122,-69.71610275042433,-69.71610275042433
1209.390033903122,-69.71676473511152,-69.71676473511152
1209.400033903122,-69.7174439104285,-69.7174439104285
1209.410033903122,-69.71814028393551,-69.71814028393551
1209.420033903122,-69.71885386214825,-69.71885386214825
1209.430033903122,-69.71958465055211,-69.71958465055211
1209.440033903122,-69.7203326536291,-69.7203326536291
1209.450033903122,-69.72109787488027,-69.72109787488027
1209.460033903122,-69.7218742434085,-69.7218742434085
1209.470033903122,-69.7226591046605,-69.7226591046605
1209.480033903122,-69.7234511691011,-69.7234511691011
1209.490033903122,-69.72424977856971,-69.72424977856971
1209.500033903122,-69.72505462627772,-69.72505462627772
1209.510033903122,-69.72586561144429,-69.72586561144429
1209.5200339031219,-69.72668275396947,-69.72668275396947
1209.5300339031219,-69.72750614317016,-69.72750614317016
1209.5400339031219,-69.7283359069618,-69.7283359069618
1209.5500339269638,-69.72917219532427,-69.72917219532427
1209.5600339269638,-69.73001516134305,-69.73001516134305
1209.5700339269638,-69.73086496657668,-69.73086496657668
1209.5800339269638,-69.73172176951086,-69.73172176951086
1209.5900339269638,-69.7325857254847,-69.7325857254847
1209.6000339269638,-69.73345698568127,-69.73345698568127
1209.6100339269638,-69.73433569675294,-69.73433569675294
1209.6200339269637,-69.73522200075291,-69.73522200075291
1209.6300339269637,-69.73611603533658,-69.73611603533658
1209.6400339269637,-69.73701793396602,-69.73701793396602
1209.6500339269637,-69.73792782624407,-69.73792782624407
1209.6600339269637,-69.73884583820188,-69.73884583820188
1209.6700339269637,-69.73977209258628,-69.73977209258628
1209.680033926964,-69.74070670913042,-69.74070670913042
1209.690033926964,-69.74164980479705,-69.74164980479705
1209.700033926964,-69.7426014939873,-69.7426014939873
1209.710033926964,-69.7435618887188,-69.7435618887188
1209.7200339269639,-69.7445310988026,-69.7445310988026
1209.7300339269639,-69.7455092319677,-69.7455092319677
1209.7400339269639,-69.74649639396381,-69.74649639396381
1209.7500339269639,-69.747492688695,-69.747492688695
1209.7600339269638,-69.74849821827183,-69.74849821827183
1209.7700339269638,-69.74951308310573,-69.74951308310573
1209.7800339269638,-69.75053738193449,-69.75053738193449
1209.7900339269638,-69.75157121191907,-69.75157121191907
1209.8000339269638,-69.75261466862834,-69.75261466862834
1209.8100339269638,-69.75366784612737,-69.75366784612737
1209.8200339269638,-69.75473083696842,-69.75473083696842
1209.8300339269638,-69.75580373221852,-69.75580373221852
1209.8400339269638,-69.75688662149078,-69.75688662149078
1209.8500339269638,-69.75797959296818,-69.75797959296818
1209.8600339269638,-69.75908273338364,-69.75908273338364
1209.8700339269637,-69.76019612805291,-69.76019612805291
1209.8800339269637,-69.7613198608864,-69.7613198608864
1209.8900339269637,-69.76245401438828,-69.76245401438828
1209.9000339269637,-69.76359866966298,-69.76359866966298
1209.9100339269637,-69.7647539064203,-69.7647539064203
1209.9200339269637,-69.76591980298316,-69.76591980298316
1209.930033926964,-69.76709643628222,-69.76709643628222
1209.940033926964,-69.76828388187921,-69.76828388187921
1209.950033926964,-69.76948221394976,-69.76948221394976
1209.960033926964,-69.77069150528888,-69.77069150528888
1209.9700339269639,-69.7719118273307,-69.7719118273307
1209.9800339269639,-69.77314325012713,-69.77314325012713
1209.9900339269639,-69.77438584238153,-69.77438584238153
1210.0000339269639,-69.77563967142098,-69.77563967142098
1210.0100339269638,-69.7769048032286,-69.7769048032286
1210.0200339269638,-69.77818130242176,-69.77818130242176
1210.0300339269638,-69.77946923227125,-69.77946923227125
1210.0400339269638,-69.78076865471216,-69.78076865471216
1210.0500339269638,-69.78207963032925,-69.78207963032925
1210.0600339269638,-69.78340221838556,-69.78340221838556
1210.0700339269638,-69.78473647679724,-69.78473647679724
1210.0800339269638,-69.78608246217551,-69.78608246217551
1210.0900339269638,-69.78744022981161,-69.78744022981161
1210.1000339269638,-69.78880983367304,-69.78880983367304
1210.1100339269638,-69.7901913264485,-69.7901913264485
1210.1200339269637,-69.79158475951282,-69.79158475951282
1210.1300339269637,-69.79299018296504,-69.79299018296504
1210.1400339269637,-69.79440764561355,-69.79440764561355
1210.1500339269637,-69.79583719500513,-69.79583719500513
1210.1600339269637,-69.7972788774246,-69.7972788774246
1210.1700339269637,-69.79873273789106,-69.79873273789106
1210.180033926964,-69.80019882019,-69.80019882019
1210.190033926964,-69.80167716686385,-69.80167716686385
1210.200033926964,-69.80316781924249,-69.80316781924249
1210.210033926964,-69.80467081741858,-69.80467081741858
1210.2200339269639,-69.80618620028874,-69.80618620028874
1210.2300339269639,-69.80771400555716,-69.80771400555716
1210.2400339269639,-69.80925426973805,-69.80925426973805
1210.2500339269639,-69.81080702816554,-69.81080702816554
1210.2600339269638,-69.8123723150157,-69.8123723150157
1210.2700339269638,-69.81395016330448,-69.81395016330448
1210.2800339269638,-69.81554060491648,-69.81554060491648
1210.2900339269638,-69.81714367058358,-69.81714367058358
1210.3000339269638,-69.81875938993375,-69.81875938993375
1210.3100339269638,-69.8203877914771,-69.8203877914771
1210.3200339269638,-69.82202890262853,-69.82202890262853
1210.3300339269638,-69.82368274971988,-69.82368274971988
1210.3400339269638,-69.82534935799542,-69.82534935799542
1210.3500339269638,-69.82702875164681,-69.82702875164681
1210.3600339269638,-69.82872095381263,-69.82872095381263
1210.3700339269637,-69.8304259865857,-69.8304259865857
1210.3800339269637,-69.83214387103996,-69.83214387103996
1210.3900339269637,-69.8338746272237,-69.8338746272237
1210.4000339508057,-69.83561827833411,-69.83561827833411
1210.4100339508057,-69.83737483417447,-69.83737483417447
1210.4200339508056,-69.83914431589803,-69.83914431589803
1210.4300339508056,-69.84092673962354,-69.84092673962354
1210.4400339508056,-69.84272212048832,-69.84272212048832
1210.4500339508056,-69.84453047270304,-69.84453047270304
1210.4600339508056,-69.84635180953224,-69.84635180953224
1210.4700339508056,-69.84818614332755,-69.84818614332755
1210.4800339508056,-69.85003348551373,-69.85003348551373
1210.4900339508056,-69.85189384663278,-69.85189384663278
1210.5000339508056,-69.85376723633705,-69.85376723633705
1210.5100339508056,-69.85565366340097,-69.85565366340097
1210.5200339508056,-69.85755313573674,-69.85755313573674
1210.5300339508058,-69.85946566039999,-69.85946566039999
1210.5400339508058,-69.86139124361806,-69.86139124361806
1210.5500339508058,-69.86332989078483,-69.86332989078483
1210.5600339508057,-69.86528160647839,-69.86528160647839
1210.5700339508057,-69.86724639446237,-69.86724639446237
1210.5800339508057,-69.86922425771179,-69.86922425771179
1210.5900339508057,-69.87121519842569,-69.87121519842569
1210.6000339508057,-69.87321921802214,-69.87321921802214
1210.6100339508057,-69.87523631716351,-69.87523631716351
1210.6200339508057,-69.87726649576065,-69.87726649576065
1210.6300339508057,-69.87930975299287,-69.87930975299287
1210.6400339508057,-69.88136608729289,-69.88136608729289
1210.6500339508057,-69.88343549639563,-69.88343549639563
1210.6600339508057,-69.88551797731918,-69.88551797731918
1210.6700339508056,-69.88761352639291,-69.88761352639291
1210.6800339508056,-69.8897221392567,-69.8897221392567
1210.6900339508056,-69.89184381086933,-69.89184381086933
1210.7000339508056,-69.8939785355435,-69.8939785355435
1210.7100339508056,-69.8961202163907,-69.8961202163907
1210.7200339508056,-69.898266181059,-69.898266181059
1210.7300339508056,-69.90041512587226,-69.90041512587226
1210.7400339508056,-69.90256638046108,-69.90256638046108
1210.7500339508056,-69.90471962710188,-69.90471962710188
1210.7600339508056,-69.90687475494657,-69.90687475494657
1210.7700339508056,-69.90903177448396,-69.90903177448396
1210.7800339508058,-69.91119076622012,-69.91119076622012
1210.7900339508058,-69.91335184970589,-69.91335184970589
1210.8000339508058,-69.91551516501318,-69.91551516501318
1210.8100339508057,-69.91768086167468,-69.91768086167468
1210.8200339508057,-69.91984909218456,-69.91984909218456
1210.8300339508057,-69.92202000828212,-69.92202000828212
1210.8400339508057,-69.92419375891224,-69.92419375891224
1210.8500339508057,-69.92637048924165,-69.92637048924165
1210.8600339508057,-69.9285503402209,-69.9285503402209
1210.8700339508057,-69.9307334485719,-69.9307334485719
1210.8800339508057,-69.93291994690324,-69.93291994690324
1210.8900339508057,-69.93510996398247,-69.93510996398247
1210.9000339508057,-69.93730362502446,-69.93730362502446
1210.9100339508057,-69.9395010519518,-69.9395010519518
1210.9200339508056,-69.94170236373168,-69.94170236373168
1210.9300339508056,-69.94390767658956,-69.94390767658956
1210.9400339508056,-69.94611710426929,-69.94611710426929
1210.9500339508056,-69.94833075822669,-69.94833075822669
1210.9600339508056,-69.95054265264626,-69.95054265264626
1210.9700339508056,-69.95275022752374,-69.95275022752374
1210.9800339508056,-69.9549522914269,-69.9549522914269
1210.9900339508056,-69.95714828565207,-69.95714828565207
1211.0000339508056,-69.95933800345563,-69.95933800345563
1211.0100339508056,-69.96152144419209,-69.96152144419209
1211.0200339508056,-69.96369872784084,-69.96369872784084
1211.0300339508058,-69.96587004363153,-69.96587004363153
1211.0400339508058,-69.96803561912422,-69.96803561912422
1211.0500339508058,-69.97019570167981,-69.97019570167981
1211.0600339508057,-69.97235054740533,-69.97235054740533
1211.0700339508057,-69.97450041468804,-69.97450041468804
1211.0800339508057,-69.97664556046354,-69.97664556046354
1211.0900339508057,-69.97878623818004,-69.97878623818004
1211.1000339508057,-69.98092269681113,-69.98092269681113
1211.1100339508057,-69.98305518043244,-69.98305518043244
1211.1200339508057,-69.98518392818718,-69.98518392818718
1211.1300339508057,-69.98730917440788,-69.98730917440788
1211.1400339508057,-69.98943114884892,-69.98943114884892
1211.1500339508057,-69.9915500770186,-69.9915500770186
1211.1600339508057,-69.99366618040511,-69.99366618040511
1211.1700339508056,-69.9957796767783,-69.9957796767783
1211.1800339508056,-69.99789078044444,-69.99789078044444
1211.1900339508056,-69.9999997024646,-69.9999997024646
1211.2000339508056,-70.00210665084381,-70.00210665084381
1211.2100339508056,-70.00420573150002,-70.00420573150002
1211.2200339508056,-70.00629447802613,-70.00629447802613
1211.2300339508056,-70.0083717928022,-70.0083717928022
1211.2400339508056,-70.01043721062223,-70.01043721062223
1211.2500339746475,-70.01249062256464,-70.01249062256464
1211.2600339746475,-70.01453211047776,-70.01453211047776
1211.2700339746475,-70.01656189081054,-70.01656189081054
1211.2800339746475,-70.01858024357242,-70.01858024357242
1211.2900339746475,-70.02058748630446,-70.02058748630446
1211.3000339746475,-70.02258395551807,-70.02258395551807
1211.3100339746475,-70.0245699956495,-70.0245699956495
1211.3200339746475,-70.02654595255665,-70.02654595255665
1211.3300339746474,-70.02851216979394,-70.02851216979394
1211.3400339746474,-70.03046898657404,-70.03046898657404
1211.3500339746474,-70.03241673677982,-70.03241673677982
1211.3600339746474,-70.0343557485153,-70.0343557485153
1211.3700339746474,-70.03628634408217,-70.03628634408217
1211.3800339746476,-70.03820884010194,-70.03820884010194
1211.3900339746476,-70.04012354775718,-70.04012354775718
1211.4000339746476,-70.04203077308756,-70.04203077308756
1211.4100339746476,-70.04393081724473,-70.04393081724473
1211.4200339746476,-70.04582397679064,-70.04582397679064
1211.4300339746476,-70.04771054393399,-70.04771054393399
1211.4400339746476,-70.04959080676794,-70.04959080676794
1211.4500339746476,-70.05146504947558,-70.05146504947558
1211.4600339746476,-70.05333355245635,-70.05333355245635
1211.4700339746475,-70.0551965925176,-70.0551965925176
1211.4800339746475,-70.05705444298808,-70.05705444298808
1211.4900339746475,-70.05890737381701,-70.05890737381701
1211.5000339746475,-70.06075565166326,-70.06075565166326
1211.5100339746475,-70.06259953997491,-70.06259953997491
1211.5200339746475,-70.0644392990368,-70.0644392990368
1211.5300339746475,-70.06627518603544,-70.06627518603544
1211.5400339746475,-70.06810745510658,-70.06810745510658
1211.5500339746475,-70.06993635734942,-70.06993635734942
1211.5600339746475,-70.07176214086631,-70.07176214086631
1211.5700339746475,-70.07358505079303,-70.07358505079303
1211.5800339746474,-70.07540532931104,-70.07540532931104
1211.5900339746474,-70.0772232156586,-70.0772232156586
1211.6000339746474,-70.0790389461537,-70.0790389461537
1211.6100339746474,-70.08085275420612,-70.08085275420612
1211.6200339746474,-70.08266487032589,-70.08266487032589
1211.6300339746476,-70.08447552212785,-70.08447552212785
1211.6400339746476,-70.08628493434038,-70.08628493434038
1211.6500339746476,-70.08809332882177,-70.08809332882177
1211.6600339746476,-70.0899009245598,-70.0899009245598
1211.6700339746476,-70.09170793768475,-70.09170793768475
1211.6800339746476,-70.09351458147557,-70.09351458147557
1211.6900339746476,-70.09532106636516,-70.09532106636516
1211.7000339746476,-70.09712759994444,-70.09712759994444
1211.7100339746476,-70.09893438698558,-70.09893438698558
1211.7200339746475,-70.10074162944164,-70.10074162944164
1211.7300339746475,-70.10254952645022,-70.10254952645022
1211.7400339746475,-70.10435827435674,-70.10435827435674
1211.7500339746475,-70.10616806670738,-70.10616806670738
1211.7600339746475,-70.10797909428773,-70.10797909428773
1211.7700339746475,-70.10979154511145,-70.10979154511145
1211.7800339746475,-70.11160560444684,-70.11160560444684
1211.7900339746475,-70.1134214548134,-70.1134214548134
1211.8000339746475,-70.11523927601333,-70.11523927601333
1211.8100339746475,-70.11705924514207,-70.11705924514207
1211.8200339746475,-70.11888153659736,-70.11888153659736
1211.8300339746474,-70.12070632209061,-70.12070632209061
1211.8400339746474,-70.12253377068707,-70.12253377068707
1211.8500339746474,-70.12436404879094,-70.12436404879094
1211.8600339746474,-70.12619732019645,-70.12619732019645
1211.8700339746474,-70.1280337460754,-70.1280337460754
1211.8800339746476,-70.12987348500761,-70.12987348500761
1211.8900339746476,-70.13171669301518,-70.13171669301518
1211.9000339746476,-70.1335635235504,-70.1335635235504
1211.9100339746476,-70.13541412754861,-70.13541412754861
1211.9200339746476,-70.13726865341638,-70.13726865341638
1211.9300339746476,-70.139127247077,-70.139127247077
1211.9400339746476,-70.14099005197951,-70.14099005197951
1211.9500339746476,-70.14285720912191,-70.14285720912191
1211.9600339746476,-70.14472885707673,-70.14472885707673
1211.9700339746475,-70.14660513200857,-70.14660513200857
1211.9800339746475,-70.14848616770041,-70.14848616770041
1211.9900339746475,-70.15037209556196,-70.15037209556196
1212.0000339746475,-70.1522630446762,-70.1522630446762
1212.0100339746475,-70.15415914179631,-70.15415914179631
1212.0200339746475,-70.15606051139012,-70.15606051139012
1212.0300339746475,-70.15796727564698,-70.15796727564698
1212.0400339746475,-70.15987955451114,-70.15987955451114
1212.0500339746475,-70.1617974657054,-70.1617974657054
1212.0600339746475,-70.16372112473819,-70.16372112473819
1212.0700339746475,-70.16565064495028,-70.16565064495028
1212.0800339746474,-70.16758613752248,-70.16758613752248
1212.0900339746474,-70.16952771150646,-70.16952771150646
1212.1000339984894,-70.17147547848049,-70.17147547848049
1212.1100339984894,-70.17342953405613,-70.17342953405613
1212.1200339984894,-70.17538998562411,-70.17538998562411
1212.1300339984894,-70.17735693395544,-70.17735693395544
1212.1400339984893,-70.17933047779314,-70.17933047779314
1212.1500339984893,-70.18131071389078,-70.18131071389078
1212.1600339984893,-70.18329773703289,-70.18329773703289
1212.1700339984893,-70.18529164006551,-70.18529164006551
1212.1800339984893,-70.187292513913,-70.187292513913
1212.1900339984893,-70.18930044759914,-70.18930044759914
1212.2000339984893,-70.19131552827643,-70.19131552827643
1212.2100339984893,-70.19333784124174,-70.19333784124174
1212.2200339984893,-70.19536746997514,-70.19536746997514
1212.2300339984895,-70.19740449613717,-70.19740449613717
1212.2400339984895,-70.19944899962178,-70.19944899962178
1212.2500339984895,-70.20150105855099,-70.20150105855099
1212.2600339984895,-70.20356074931126,-70.20356074931126
1212.2700339984895,-70.20562814658871,-70.20562814658871
1212.2800339984894,-70.20770332335965,-70.20770332335965
1212.2900339984894,-70.20978635093533,-70.20978635093533
1212.3000339984894,-70.21187729899101,-70.21187729899101
1212.3100339984894,-70.21397623555733,-70.21397623555733
1212.3200339984894,-70.21608322707387,-70.21608322707387
1212.3300339984894,-70.2181983383831,-70.2181983383831
1212.3400339984894,-70.22032163278136,-70.22032163278136
1212.3500339984894,-70.22245317202614,-70.22245317202614
1212.3600339984894,-70.22459301633552,-70.22459301633552
1212.3700339984894,-70.22674122444148,-70.22674122444148
1212.3800339984894,-70.22889785359669,-70.22889785359669
1212.3900339984893,-70.23106295959876,-70.23106295959876
1212.4000339984893,-70.23323659680226,-70.23323659680226
1212.4100339984893,-70.23541881815045,-70.23541881815045
1212.4200339984893,-70.23760967518079,-70.23760967518079
1212.4300339984893,-70.23980921805956,-70.23980921805956
1212.4400339984893,-70.24201749558931,-70.24201749558931
1212.4500339984893,-70.2442345552307,-70.2442345552307
1212.4600339984893,-70.24646044313839,-70.24646044313839
1212.4700339984893,-70.24869520415407,-70.24869520415407
1212.4800339984895,-70.25093888183991,-70.25093888183991
1212.4900339984895,-70.25319151849767,-70.25319151849767
1212.5000339984895,-70.25545315517792,-70.25545315517792
1212.5100339984895,-70.25772383171157,-70.25772383171157
1212.5200339984895,-70.26000358670517,-70.26000358670517
1212.5300339984894,-70.26229245758425,-70.26229245758425
1212.5400339984894,-70.26459048059918,-70.26459048059918
1212.5500339984894,-70.26689769083943,-70.26689769083943
1212.5600339984894,-70.26921412226329,-70.26921412226329
1212.5700339984894,-70.27153980769125,-70.27153980769125
1212.5800339984894,-70.27387477885136,-70.27387477885136
1212.5900339984894,-70.27621906638235,-70.27621906638235
1212.6000339984894,-70.27857269983353,-70.27857269983353
1212.6100339984894,-70.28093570771512,-70.28093570771512
1212.6200339984894,-70.28330811748475,-70.28330811748475
1212.6300339984894,-70.2856899555753,-70.2856899555753
1212.6400339984893,-70.28808124741992,-70.28808124741992
1212.6500339984893,-70.29048201743639,-70.29048201743639
1212.6600339984893,-70.29289228908542,-70.29289228908542
1212.6700339984893,-70.29531208485407,-70.29531208485407
1212.6800339984893,-70.2977414262742,-70.2977414262742
1212.6900339984893,-70.30018033394666,-70.30018033394666
1212.7000339984893,-70.3026288275647,-70.3026288275647
1212.7100339984893,-70.30508692588732,-70.30508692588732
1212.7200339984893,-70.30755464680347,-70.30755464680347
1212.7300339984895,-70.31003200732027,-70.31003200732027
1212.7400339984895,-70.31251902357006,-70.31251902357006
1212.7500339984895,-70.31501571084159,-70.31501571084159
1212.7600339984895,-70.31752208358733,-70.31752208358733
1212.7700339984895,-70.32003815543229,-70.32003815543229
1212.7800339984894,-70.32256393918613,-70.32256393918613
1212.7900339984894,-70.32509944686386,-70.32509944686386
1212.8000339984894,-70.32764468970085,-70.32764468970085
1212.8100339984894,-70.33019967814496,-70.33019967814496
1212.8200339984894,-70.3327644218872,-70.3327644218872
1212.8300339984894,-70.33533892987514,-70.33533892987514
1212.8400339984894,-70.33792321030958,-70.33792321030958
1212.8500339984894,-70.3405172706677,-70.3405172706677
1212.8600339984894,-70.34312111772385,-70.34312111772385
1212.8700339984894,-70.34573475753454,-70.34573475753454
1212.8800339984894,-70.3483581954812,-70.3483581954812
1212.8900339984893,-70.35099143625229,-70.35099143625229
1212.9000339984893,-70.3536344838674,-70.3536344838674
1212.9100339984893,-70.35628734169616,-70.35628734169616
1212.9200339984893,-70.35895001246284,-70.35895001246284
1212.9300339984893,-70.36162249823884,-70.36162249823884
1212.9400339984893,-70.36430480049063,-70.36430480049063
1212.9500340223312,-70.36699692645692,-70.36699692645692
1212.9600340223312,-70.36969273184032,-70.36969273184032
1212.9700340223312,-70.37238953911188,-70.37238953911188
1212.9800340223312,-70.37508604232518,-70.37508604232518
1212.9900340223312,-70.37778157320952,-70.37778157320952
1213.0000340223312,-70.3804758185607,-70.3804758185607
1213.0100340223312,-70.38316867347406,-70.38316867347406
1213.0200340223312,-70.38586015523961,-70.38586015523961
1213.0300340223312,-70.38855035163208,-70.38855035163208
1213.0400340223312,-70.39123938975682,-70.39123938975682
1213.0500340223311,-70.39392741740241,-70.39392741740241
1213.0600340223311,-70.3966145919153,-70.3966145919153
1213.0700340223311,-70.39930107366393,-70.39930107366393
1213.0800340223313,-70.40198702227342,-70.40198702227342
1213.0900340223313,-70.40467259461623,-70.40467259461623
1213.1000340223313,-70.40735794379086,-70.40735794379086
1213.1100340223313,-70.41004321869812,-70.41004321869812
1213.1200340223313,-70.41272856402679,-70.41272856402679
1213.1300340223313,-70.41541412036914,-70.41541412036914
1213.1400340223313,-70.41810002450795,-70.41810002450795
1213.1500340223313,-70.4207864096633,-70.4207864096633
1213.1600340223313,-70.42347340582494,-70.42347340582494
1213.1700340223313,-70.42616114001727,-70.42616114001727
1213.1800340223313,-70.42884973657951,-70.42884973657951
1213.1900340223312,-70.43153931737855,-70.43153931737855
1213.2000340223312,-70.43423000204355,-70.43423000204355
1213.2100340223312,-70.43692190811343,-70.43692190811343
1213.2200340223312,-70.4396151512156,-70.4396151512156
1213.2300340223312,-70.44230984518839,-70.44230984518839
1213.2400340223312,-70.44500610218057,-70.44500610218057
1213.2500340223312,-70.44770403277276,-70.44770403277276
1213.2600340223312,-70.45040374603383,-70.45040374603383
1213.2700340223312,-70.45310534959314,-70.45310534959314
1213.2800340223312,-70.45580894969638,-70.45580894969638
1213.2900340223312,-70.45851465123613,-70.45851465123613
1213.3000340223311,-70.46122255780016,-70.46122255780016
1213.3100340223311,-70.46393277169423,-70.46393277169423
1213.3200340223311,-70.4666453939776,-70.4666453939776
1213.3300340223313,-70.46936052447039,-70.46936052447039
1213.3400340223313,-70.47207826174964,-70.47207826174964
1213.3500340223313,-70.47479870320218,-70.47479870320218
1213.3600340223313,-70.47752194499718,-70.47752194499718
1213.3700340223313,-70.48024808210795,-70.48024808210795
1213.3800340223313,-70.48297720831478,-70.48297720831478
1213.3900340223313,-70.4857094161972,-70.4857094161972
1213.4000340223313,-70.48844479715132,-70.48844479715132
1213.4100340223313,-70.49118344138465,-70.49118344138465
1213.4200340223313,-70.49392543791282,-70.49392543791282
1213.4300340223313,-70.49667087455697,-70.49667087455697
1213.4400340223312,-70.49941983795085,-70.49941983795085
1213.4500340223312,-70.50217241353928,-70.50217241353928
1213.4600340223312,-70.50492868557085,-70.50492868557085
1213.4700340223312,-70.507688737099,-70.507688737099
1213.4800340223312,-70.5104526499897,-70.5104526499897
1213.4900340223312,-70.51322050491025,-70.51322050491025
1213.5000340223312,-70.51599238133988,-70.51599238133988
1213.5100340223312,-70.518768357559,-70.518768357559
1213.5200340223312,-70.52154851065168,-70.52154851065168
1213.5300340223312,-70.52433291651892,-70.52433291651892
1213.5400340223312,-70.527121649867,-70.527121649867
1213.5500340223311,-70.52991478420552,-70.52991478420552
1213.5600340223311,-70.5327123918647,-70.5327123918647
1213.5700340223311,-70.53551454398776,-70.53551454398776
1213.5800340223313,-70.53832131053147,-70.53832131053147
1213.5900340223313,-70.54113276028025,-70.54113276028025
1213.6000340223313,-70.54394896083815,-70.54394896083815
1213.6100340223313,-70.5467699786305,-70.5467699786305
1213.6200340223313,-70.5495958789276,-70.5495958789276
1213.6300340223313,-70.55242672583417,-70.55242672583417
1213.6400340223313,-70.55526258228471,-70.55526258228471
1213.6500340223313,-70.55810351007406,-70.55810351007406
1213.6600340223313,-70.56094956984387,-70.56094956984387
1213.6700340223313,-70.56380082109186,-70.56380082109186
1213.6800340223313,-70.56665732219145,-70.56665732219145
1213.6900340223312,-70.56951913037427,-70.56951913037427
1213.7000340223312,-70.57238630175986,-70.57238630175986
1213.7100340223312,-70.57525889134601,-70.57525889134601
1213.7200340223312,-70.57813695302455,-70.57813695302455
1213.7300340223312,-70.58102053958564,-70.58102053958564
1213.7400340223312,-70.58390970274061,-70.58390970274061
1213.7500340223312,-70.58680449310062,-70.58680449310062
1213.7600340223312,-70.5897049602081,-70.5897049602081
1213.7700340223312,-70.59261115253746,-70.59261115253746
1213.7800340223312,-70.59552311750164,-70.59552311750164
1213.7900340223312,-70.59844090147023,-70.59844090147023
1213.800034046173,-70.6013645567207,-70.6013645567207
1213.810034046173,-70.6042941136573,-70.6042941136573
1213.820034046173,-70.60722962247127,-70.60722962247127
1213.830034046173,-70.61017112541909,-70.61017112541909
1213.840034046173,-70.61311866375804,-70.61311866375804
1213.850034046173,-70.61607227774621,-70.61607227774621
1213.860034046173,-70.61903200666174,-70.61903200666174
1213.870034046173,-70.62199788878608,-70.62199788878608
1213.880034046173,-70.62496996146027,-70.62496996146027
1213.890034046173,-70.6279482610537,-70.6279482610537
1213.900034046173,-70.6309328229995,-70.6309328229995
1213.910034046173,-70.63392368179554,-70.63392368179554
1213.920034046173,-70.63692087099803,-70.63692087099803
1213.9300340461732,-70.63992442327287,-70.63992442327287
1213.9400340461732,-70.64293437036548,-70.64293437036548
1213.9500340461732,-70.64595074311883,-70.64595074311883
1213.9600340461732,-70.64897357150622,-70.64897357150622
1213.9700340461732,-70.65200288461234,-70.65200288461234
1213.9800340461732,-70.65503871067236,-70.65503871067236
1213.9900340461732,-70.65808107705608,-70.65808107705608
1214.0000340461731,-70.66113001027975,-70.66113001027975
1214.0100340461731,-70.66418553604272,-70.66418553604272
1214.0200340461731,-70.66724767921446,-70.66724767921446
1214.0300340461731,-70.67031646384227,-70.67031646384227
1214.040034046173,-70.67339191318725,-70.67339191318725
1214.050034046173,-70.67647404968854,-70.67647404968854
1214.060034046173,-70.67956289502698,-70.67956289502698
1214.070034046173,-70.68265847008884,-70.68265847008884
1214.080034046173,-70.68576079501513,-70.68576079501513
1214.090034046173,-70.6888698891772,-70.6888698891772
1214.100034046173,-70.6919857712062,-70.6919857712062
1214.110034046173,-70.69510845900531,-70.69510845900531
1214.120034046173,-70.69823796973684,-70.69823796973684
1214.130034046173,-70.70137431986959,-70.70137431986959
1214.140034046173,-70.70451752515102,-70.70451752515102
1214.150034046173,-70.70766760062789,-70.70766760062789
1214.160034046173,-70.71082456066682,-70.71082456066682
1214.170034046173,-70.71398841896689,-70.71398841896689
1214.1800340461732,-70.71715918854632,-70.71715918854632
1214.1900340461732,-70.72033688176867,-70.72033688176867
1214.2000340461732,-70.72352151034251,-70.72352151034251
1214.2100340461732,-70.7267130853465,-70.7267130853465
1214.2200340461732,-70.72991161721998,-70.72991161721998
1214.2300340461732,-70.73311711578204,-70.73311711578204
1214.2400340461732,-70.73632959023575,-70.73632959023575
1214.2500340461731,-70.73954904919171,-70.73954904919171
1214.2600340461731,-70.74277550064514,-70.74277550064514
1214.2700340461731,-70.74600895202086,-70.74600895202086
1214.2800340461731,-70.74924941015186,-70.74924941015186
1214.290034046173,-70.75249688131706,-70.75249688131706
1214.300034046173,-70.75575137121746,-70.75575137121746
1214.310034046173,-70.75901288500806,-70.75901288500806
1214.320034046173,-70.7622814273029,-70.7622814273029
1214.330034046173,-70.76555700216709,-70.76555700216709
1214.340034046173,-70.76883961315696,-70.76883961315696
1214.350034046173,-70.77212926328995,-70.77212926328995
1214.360034046173,-70.7754259550813,-70.7754259550813
1214.370034046173,-70.77872969053739,-70.77872969053739
1214.380034046173,-70.78204047116323,-70.78204047116323
1214.390034046173,-70.78535829798076,-70.78535829798076
1214.400034046173,-70.78868317153452,-70.78868317153452
1214.410034046173,-70.79201509188383,-70.79201509188383
1214.420034046173,-70.79535405862458,-70.79535405862458
1214.4300340461732,-70.7987000708991,-70.7987000708991
1214.4400340461732,-70.80205312739027,-70.80205312739027
1214.4500340461732,-70.80541322634703,-70.80541322634703
1214.4600340461732,-70.80878036556427,-70.80878036556427
1214.4700340461732,-70.81215454242518,-70.81215454242518
1214.4800340461732,-70.8155357538711,-70.8155357538711
1214.4900340461732,-70.81892399643985,-70.81892399643985
1214.5000340461731,-70.82231926624893,-70.82231926624893
1214.5100340461731,-70.8257215590223,-70.8257215590223
1214.5200340461731,-70.82913087007341,-70.82913087007341
1214.5300340461731,-70.83254719434677,-70.83254719434677
1214.540034046173,-70.8359705263798,-70.8359705263798
1214.550034046173,-70.83940086033763,-70.83940086033763
1214.560034046173,-70.84283819003578,-70.84283819003578
1214.570034046173,-70.8462825088978,-70.8462825088978
1214.580034046173,-70.8497338100024,-70.8497338100024
1214.590034046173,-70.85319208606889,-70.85319208606889
1214.600034046173,-70.85665732947531,-70.85665732947531
1214.610034046173,-70.86012953225968,-70.86012953225968
1214.620034046173,-70.86360868611273,-70.86360868611273
1214.630034046173,-70.86709478240775,-70.86709478240775
1214.640034046173,-70.87058781219763,-70.87058781219763
1214.650034070015,-70.87408777453867,-70.87408777453867
1214.660034070015,-70.8775946432137,-70.8775946432137
1214.670034070015,-70.88110841662558,-70.88110841662558
1214.680034070015,-70.88462908458645,-70.88462908458645
1214.690034070015,-70.88815663660816,-70.88815663660816
1214.700034070015,-70.89169106191217,-70.89169106191217
1214.710034070015,-70.89522616872506,-70.89522616872506
1214.720034070015,-70.89875923842325,-70.89875923842325
1214.7300340700149,-70.90228894091977,-70.90228894091977
1214.7400340700149,-70.9058145888746,-70.9058145888746
1214.7500340700149,-70.90933585303522,-70.90933585303522
1214.7600340700149,-70.91285261437447,-70.91285261437447
1214.7700340700148,-70.91636487738178,-70.91636487738178
1214.780034070015,-70.91987271797929,-70.91987271797929
1214.790034070015,-70.92337625218934,-70.92337625218934
1214.800034070015,-70.92687561733167,-70.92687561733167
1214.810034070015,-70.93037096079054,-70.93037096079054
1214.820034070015,-70.93386243346379,-70.93386243346379
1214.830034070015,-70.93735018596152,-70.93735018596152
1214.840034070015,-70.94083436654319,-70.94083436654319
1214.850034070015,-70.94431512008858,-70.94431512008858
1214.860034070015,-70.94779258766847,-70.94779258766847
1214.870034070015,-70.95126690650388,-70.95126690650388
1214.880034070015,-70.9547382100843,-70.9547382100843
1214.890034070015,-70.95820662840427,-70.95820662840427
1214.900034070015,-70.96167228826924,-70.96167228826924
1214.910034070015,-70.96513531356683,-70.96513531356683
1214.920034070015,-70.96859582553324,-70.96859582553324
1214.930034070015,-70.97205394302722,-70.97205394302722
1214.940034070015,-70.97550978274836,-70.97550978274836
1214.950034070015,-70.97896345943376,-70.97896345943376
1214.960034070015,-70.98241508603606,-70.98241508603606
1214.970034070015,-70.98586477386436,-70.98586477386436
1214.9800340700149,-70.98931263270589,-70.98931263270589
1214.9900340700149,-70.99275877094335,-70.99275877094335
1215.0000340700149,-70.99620329564205,-70.99620329564205
1215.0100340700149,-70.99964631260484,-70.99964631260484
1215.0200340700148,-71.00308792644067,-71.00308792644067
1215.030034070015,-71.00652824061605,-71.00652824061605
1215.040034070015,-71.00996735749233,-71.00996735749233
1215.050034070015,-71.0134053783437,-71.0134053783437
1215.060034070015,-71.01684240340724,-71.01684240340724
1215.070034070015,-71.0202785318669,-71.0202785318669
1215.080034070015,-71.02371386190795,-71.02371386190795
1215.090034070015,-71.02714849067004,-71.02714849067004
1215.100034070015,-71.03058251431241,-71.03058251431241
1215.110034070015,-71.0340160279708,-71.0340160279708
1215.120034070015,-71.03744912580515,-71.03744912580515
1215.130034070015,-71.04088190094711,-71.04088190094711
1215.140034070015,-71.0443144455412,-71.0443144455412
1215.150034070015,-71.04774685071645,-71.04774685071645
1215.160034070015,-71.05117920660064,-71.05117920660064
1215.170034070015,-71.05461160230657,-71.05461160230657
1215.180034070015,-71.05804412592539,-71.05804412592539
1215.190034070015,-71.06147686453272,-71.06147686453272
1215.200034070015,-71.06490990417686,-71.06490990417686
1215.210034070015,-71.06834332988046,-71.06834332988046
1215.220034070015,-71.07177722562781,-71.07177722562781
1215.2300340700149,-71.07521167436988,-71.07521167436988
1215.2400340700149,-71.07864675801221,-71.07864675801221
1215.2500340700149,-71.0820825574204,-71.0820825574204
1215.2600340700149,-71.08551915240625,-71.08551915240625
1215.2700340700148,-71.08895662173758,-71.08895662173758
1215.280034070015,-71.0923950431243,-71.0923950431243
1215.290034070015,-71.09583449323583,-71.09583449323583
1215.300034070015,-71.09927504767448,-71.09927504767448
1215.310034070015,-71.10271678098451,-71.10271678098451
1215.320034070015,-71.10615976666573,-71.10615976666573
1215.330034070015,-71.10960407715116,-71.10960407715116
1215.340034070015,-71.11304978383069,-71.11304978383069
1215.350034070015,-71.11649695701868,-71.11649695701868
1215.360034070015,-71.1199456660039,-71.1199456660039
1215.370034070015,-71.12339597899435,-71.12339597899435
1215.380034070015,-71.1268479631642,-71.1268479631642
1215.390034070015,-71.13030168464924,-71.13030168464924
1215.400034070015,-71.13375720852072,-71.13375720852072
1215.410034070015,-71.13721459882142,-71.13721459882142
1215.420034070015,-71.14067391855718,-71.14067391855718
1215.430034070015,-71.14413522969096,-71.14413522969096
1215.440034070015,-71.14759859317562,-71.14759859317562
1215.450034070015,-71.15106406891952,-71.15106406891952
1215.460034070015,-71.15453171583148,-71.15453171583148
1215.470034070015,-71.15800159179025,-71.15800159179025
1215.4800340700149,-71.16147375367366,-71.16147375367366
1215.4900340700149,-71.16494825736012,-71.16494825736012
1215.5000340938568,-71.16842516601167,-71.16842516601167
1215.5100340938568,-71.17190451697088,-71.17190451697088
1215.5200340938568,-71.1753863713997,-71.1753863713997
1215.5300340938568,-71.17887078123016,-71.17887078123016
1215.5400340938568,-71.1823577974328,-71.1823577974328
1215.5500340938568,-71.18584746999986,-71.18584746999986
1215.5600340938568,-71.18933984797495,-71.18933984797495
1215.5700340938567,-71.1928349794556,-71.1928349794556
1215.5800340938567,-71.1963329116019,-71.1963329116019
1215.5900340938567,-71.19983369063318,-71.19983369063318
1215.6000340938567,-71.20333736185152,-71.20333736185152
1215.6100340938567,-71.20684396963605,-71.20684396963605
1215.6200340938567,-71.21035355747756,-71.21035355747756
1215.630034093857,-71.21386616794541,-71.21386616794541
1215.640034093857,-71.21738184272246,-71.21738184272246
1215.650034093857,-71.22090062261837,-71.22090062261837
1215.660034093857,-71.22442254756469,-71.22442254756469
1215.6700340938569,-71.22794765662394,-71.22794765662394
1215.6800340938569,-71.2314759880045,-71.2314759880045
1215.6900340938569,-71.23500757906729,-71.23500757906729
1215.7000340938569,-71.23854246633461,-71.23854246633461
1215.7100340938568,-71.24208068549784,-71.24208068549784
1215.7200340938568,-71.24562227142039,-71.24562227142039
1215.7300340938568,-71.24916725816863,-71.24916725816863
1215.7400340938568,-71.25271567899769,-71.25271567899769
1215.7500340938568,-71.25626756636292,-71.25626756636292
1215.7600340938568,-71.25982295194156,-71.25982295194156
1215.7700340938568,-71.2633818666301,-71.2633818666301
1215.7800340938568,-71.26694434056081,-71.26694434056081
1215.7900340938568,-71.27051040309881,-71.27051040309881
1215.8000340938568,-71.27408008286956,-71.27408008286956
1215.8100340938568,-71.27765340775312,-71.27765340775312
1215.8200340938567,-71.28123040489912,-71.28123040489912
1215.8300340938567,-71.28481110073135,-71.28481110073135
1215.8400340938567,-71.28839552096416,-71.28839552096416
1215.8500340938567,-71.29198369060549,-71.29198369060549
1215.8600340938567,-71.29557563396116,-71.29557563396116
1215.8700340938567,-71.29917137465765,-71.29917137465765
1215.880034093857,-71.3027709356346,-71.3027709356346
1215.890034093857,-71.30637433917092,-71.30637433917092
1215.900034093857,-71.3099816068715,-71.3099816068715
1215.910034093857,-71.31359275969622,-71.31359275969622
1215.9200340938569,-71.31720781796095,-71.31720781796095
1215.9300340938569,-71.32082680134687,-71.32082680134687
1215.9400340938569,-71.32444972890872,-71.32444972890872
1215.9500340938569,-71.3280766190675,-71.3280766190675
1215.9600340938568,-71.33170748964135,-71.33170748964135
1215.9700340938568,-71.33534235786341,-71.33534235786341
1215.9800340938568,-71.33898124035304,-71.33898124035304
1215.9900340938568,-71.34262415313758,-71.34262415313758
1216.0000340938568,-71.34627111168798,-71.34627111168798
1216.0100340938568,-71.34992213089454,-71.34992213089454
1216.0200340938568,-71.35357722507995,-71.35357722507995
1216.0300340938568,-71.35723640801764,-71.35723640801764
1216.0400340938568,-71.36089969293798,-71.36089969293798
1216.0500340938568,-71.36456709252934,-71.36456709252934
1216.0600340938568,-71.36823861895135,-71.36823861895135
1216.0700340938567,-71.37191428383743,-71.37191428383743
1216.0800340938567,-71.37559409830696,-71.37559409830696
1216.0900340938567,-71.37927807297193,-71.37927807297193
1216.1000340938567,-71.3829662179445,-71.3829662179445
1216.1100340938567,-71.38665854283869,-71.38665854283869
1216.1200340938567,-71.39035505678595,-71.39035505678595
1216.130034093857,-71.39405576843171,-71.39405576843171
1216.140034093857,-71.39776068596483,-71.39776068596483
1216.150034093857,-71.40146981709036,-71.40146981709036
1216.160034093857,-71.40518316907378,-71.40518316907378
1216.1700340938569,-71.40890074871565,-71.40890074871565
1216.1800340938569,-71.41262256238193,-71.41262256238193
1216.1900340938569,-71.41634861598362,-71.41634861598362
1216.2000340938569,-71.42007891502861,-71.42007891502861
1216.2100340938568,-71.42381346458195,-71.42381346458195
1216.2200340938568,-71.42755226928696,-71.42755226928696
1216.2300340938568,-71.43129533338619,-71.43129533338619
1216.2400340938568,-71.43504266070889,-71.43504266070889
1216.2500340938568,-71.43879425470456,-71.43879425470456
1216.2600340938568,-71.44255011840494,-71.44255011840494
1216.2700340938568,-71.44631025447181,-71.44631025447181
1216.2800340938568,-71.45007466517912,-71.45007466517912
1216.2900340938568,-71.45384335243568,-71.45384335243568
1216.3000340938568,-71.4576163177626,-71.4576163177626
1216.3100340938568,-71.46139356234161,-71.46139356234161
1216.3200340938567,-71.46517508698672,-71.46517508698672
1216.3300340938567,-71.46896089216268,-71.46896089216268
1216.3400340938567,-71.4727509779851,-71.4727509779851
1216.3500341176987,-71.47654535326696,-71.47654535326696
1216.3600341176987,-71.48034399941508,-71.48034399941508
1216.3700341176987,-71.48414692453449,-71.48414692453449
1216.3800341176986,-71.48795412743956,-71.48795412743956
1216.3900341176986,-71.49176560659757,-71.49176560659757
1216.4000341176986,-71.49558136016515,-71.49558136016515
1216.4100341176986,-71.4994013860019,-71.4994013860019
1216.4200341176986,-71.50322568166257,-71.50322568166257
1216.4300341176986,-71.50705424439074,-71.50705424439074
1216.4400341176986,-71.51088707115673,-71.51088707115673
1216.4500341176986,-71.51472415863012,-71.51472415863012
1216.4600341176986,-71.51855926579724,-71.51855926579724
1216.4700341176986,-71.5223896549502,-71.5223896549502
1216.4800341176988,-71.5262139890649,-71.5262139890649
1216.4900341176988,-71.5300315795003,-71.5300315795003
1216.5000341176988,-71.53384209886735,-71.53384209886735
1216.5100341176988,-71.53764543189811,-71.53764543189811
1216.5200341176987,-71.54144158802526,-71.54144158802526
1216.5300341176987,-71.54523064887373,-71.54523064887373
1216.5400341176987,-71.54901273664863,-71.54901273664863
1216.5500341176987,-71.55278799519328,-71.55278799519328
1216.5600341176987,-71.55655657869069,-71.55655657869069
1216.5700341176987,-71.56031864500076,-71.56031864500076
1216.5800341176987,-71.5640743518608,-71.5640743518608
1216.5900341176987,-71.56782385478076,-71.56782385478076
1216.6000341176987,-71.57156730600894,-71.57156730600894
1216.6100341176987,-71.57530485407776,-71.57530485407776
1216.6200341176987,-71.57903664375394,-71.57903664375394
1216.6300341176986,-71.58276281616176,-71.58276281616176
1216.6400341176986,-71.58648350901383,-71.58648350901383
1216.6500341176986,-71.59019885689051,-71.59019885689051
1216.6600341176986,-71.59390899152966,-71.59390899152966
1216.6700341176986,-71.59761404207853,-71.59761404207853
1216.6800341176986,-71.6013141353585,-71.6013141353585
1216.6900341176986,-71.60500939609442,-71.60500939609442
1216.7000341176986,-71.60869994708943,-71.60869994708943
1216.7100341176986,-71.61237966408287,-71.61237966408287
1216.7200341176986,-71.61604592941892,-71.61604592941892
1216.7300341176988,-71.6196975267657,-71.6196975267657
1216.7400341176988,-71.62333388794507,-71.62333388794507
1216.7500341176988,-71.62695480547391,-71.62695480547391
1216.7600341176988,-71.63056028335089,-71.63056028335089
1216.7700341176987,-71.63415044955129,-71.63415044955129
1216.7800341176987,-71.63772550349779,-71.63772550349779
1216.7900341176987,-71.64128568446253,-71.64128568446253
1216.8000341176987,-71.64483125259224,-71.64483125259224
1216.8100341176987,-71.64836247763331,-71.64836247763331
1216.8200341176987,-71.65187963226364,-71.65187963226364
1216.8300341176987,-71.65538298829894,-71.65538298829894
1216.8400341176987,-71.65887281457928,-71.65887281457928
1216.8500341176987,-71.66234937592243,-71.66234937592243
1216.8600341176987,-71.66581293268254,-71.66581293268254
1216.8700341176987,-71.66926374069031,-71.66926374069031
1216.8800341176986,-71.67270205134446,-71.67270205134446
1216.8900341176986,-71.67612811187513,-71.67612811187513
1216.9000341176986,-71.67954216557365,-71.67954216557365
1216.9100341176986,-71.6829444520924,-71.6829444520924
1216.9200341176986,-71.68633520769436,-71.68633520769436
1216.9300341176986,-71.68971466548406,-71.68971466548406
1216.9400341176986,-71.69308305563229,-71.69308305563229
1216.9500341176986,-71.69644060556563,-71.69644060556563
1216.9600341176986,-71.69978754011204,-71.69978754011204
1216.9700341176986,-71.7031240816437,-71.7031240816437
1216.9800341176988,-71.7064504501765,-71.7064504501765
1216.9900341176988,-71.70976686348911,-71.70976686348911
1217.0000341176988,-71.71307353716638,-71.71307353716638
1217.0100341176988,-71.71637068468996,-71.71637068468996
1217.0200341176987,-71.71965851745402,-71.71965851745402
1217.0300341176987,-71.72293724484452,-71.72293724484452
1217.0400341176987,-71.72620707422195,-71.72620707422195
1217.0500341176987,-71.72946821099477,-71.72946821099477
1217.0600341176987,-71.73272085859116,-71.73272085859116
1217.0700341176987,-71.73596521848988,-71.73596521848988
1217.0800341176987,-71.73920149022481,-71.73920149022481
1217.0900341176987,-71.7424298713964,-71.7424298713964
1217.1000341176987,-71.74565055766422,-71.74565055766422
1217.1100341176987,-71.74886374274047,-71.74886374274047
1217.1200341176987,-71.75206961840175,-71.75206961840175
1217.1300341176986,-71.7552683744787,-71.7552683744787
1217.1400341176986,-71.75846019885486,-71.75846019885486
1217.1500341176986,-71.76164527745753,-71.76164527745753
1217.1600341176986,-71.76482379425615,-71.76482379425615
1217.1700341176986,-71.76799593126138,-71.76799593126138
1217.1800341176986,-71.77116186851335,-71.77116186851335
1217.1900341176986,-71.77432178408218,-71.77432178408218
1217.2000341415405,-71.77747586157128,-71.77747586157128
1217.2100341415405,-71.78061800132721,-71.78061800132721
1217.2200341415405,-71.78374564089432,-71.78374564089432
1217.2300341415405,-71.7868576143163,-71.7868576143163
1217.2400341415405,-71.78995340466422,-71.78995340466422
1217.2500341415405,-71.79303285580677,-71.79303285580677
1217.2600341415405,-71.79609602279315,-71.79609602279315
1217.2700341415405,-71.79914308406667,-71.79914308406667
1217.2800341415405,-71.80217428879081,-71.80217428879081
1217.2900341415404,-71.8051899251338,-71.8051899251338
1217.3000341415404,-71.80819030123854,-71.80819030123854
1217.3100341415404,-71.81117573386796,-71.81117573386796
1217.3200341415404,-71.81414654176317,-71.81414654176317
1217.3300341415406,-71.81710304177456,-71.81710304177456
1217.3400341415406,-71.8200455467977,-71.8200455467977
1217.3500341415406,-71.82297436468804,-71.82297436468804
1217.3600341415406,-71.82588979786028,-71.82588979786028
1217.3700341415406,-71.82879214319489,-71.82879214319489
1217.3800341415406,-71.83168169218239,-71.83168169218239
1217.3900341415406,-71.83455873116863,-71.83455873116863
1217.4000341415406,-71.83742354160799,-71.83742354160799
1217.4100341415406,-71.84027640039093,-71.84027640039093
1217.4200341415406,-71.84311758009508,-71.84311758009508
1217.4300341415405,-71.84594734923579,-71.84594734923579
1217.4400341415405,-71.84876597253215,-71.84876597253215
1217.4500341415405,-71.85157371107559,-71.85157371107559
1217.4600341415405,-71.85436455830398,-71.85436455830398
1217.4700341415405,-71.8571360246948,-71.8571360246948
1217.4800341415405,-71.85988702508754,-71.85988702508754
1217.4900341415405,-71.86261712295261,-71.86261712295261
1217.5000341415405,-71.86532624196747,-71.86532624196747
1217.5100341415405,-71.86801451629849,-71.86801451629849
1217.5200341415405,-71.87068220282895,-71.87068220282895
1217.5300341415405,-71.87332962841535,-71.87332962841535
1217.5400341415404,-71.87595715825312,-71.87595715825312
1217.5500341415404,-71.87856517681028,-71.87856517681028
1217.5600341415404,-71.88115407651087,-71.88115407651087
1217.5700341415404,-71.88372425109965,-71.88372425109965
1217.5800341415406,-71.88627609180617,-71.88627609180617
1217.5900341415406,-71.88880998526749,-71.88880998526749
1217.6000341415406,-71.8913263124896,-71.8913263124896
1217.6100341415406,-71.89382544840154,-71.89382544840154
1217.6200341415406,-71.89630776182291,-71.89630776182291
1217.6300341415406,-71.89877361556285,-71.89877361556285
1217.6400341415406,-71.90122336670395,-71.90122336670395
1217.6500341415406,-71.90365736686185,-71.90365736686185
1217.6600341415406,-71.90607596247021,-71.90607596247021
1217.6700341415406,-71.90847949506596,-71.90847949506596
1217.6800341415405,-71.91086830153445,-71.91086830153445
1217.6900341415405,-71.9132427143539,-71.9132427143539
1217.7000341415405,-71.91560306178764,-71.91560306178764
1217.7100341415405,-71.9179433995761,-71.9179433995761
1217.7200341415405,-71.92026130322034,-71.92026130322034
1217.7300341415405,-71.92255575322052,-71.92255575322052
1217.7400341415405,-71.92482637865646,-71.92482637865646
1217.7500341415405,-71.9270731685111,-71.9270731685111
1217.7600341415405,-71.92929632177503,-71.92929632177503
1217.7700341415405,-71.93149615963571,-71.93149615963571
1217.7800341415405,-71.93367307264745,-71.93367307264745
1217.7900341415404,-71.93582748904699,-71.93582748904699
1217.8000341415404,-71.93795985569497,-71.93795985569497
1217.8100341415404,-71.94007062676098,-71.94007062676098
1217.8200341415404,-71.94216025701961,-71.94216025701961
1217.8300341415406,-71.94422919807499,-71.94422919807499
1217.8400341415406,-71.94627789625255,-71.94627789625255
1217.8500341415406,-71.94830679154117,-71.94830679154117
1217.8600341415406,-71.95031631719414,-71.95031631719414
1217.8700341415406,-71.95230689964674,-71.95230689964674
1217.8800341415406,-71.95427895867458,-71.95427895867458
1217.8900341415406,-71.95623290763805,-71.95623290763805
1217.9000341415406,-71.95816915373764,-71.95816915373764
1217.9100341415406,-71.96008809832738,-71.96008809832738
1217.9200341415406,-71.96199013719786,-71.96199013719786
1217.9300341415405,-71.96387566082323,-71.96387566082323
1217.9400341415405,-71.96574505459235,-71.96574505459235
1217.9500341415405,-71.96759869901979,-71.96759869901979
1217.9600341415405,-71.9694306984584,-71.9694306984584
1217.9700341415405,-71.97123867913274,-71.97123867913274
1217.9800341415405,-71.97302167263894,-71.97302167263894
1217.9900341415405,-71.97477935894442,-71.97477935894442
1218.0000341415405,-71.97651177750103,-71.97651177750103
1218.0100341415405,-71.97821917724255,-71.97821917724255
1218.0200341415405,-71.97990192867023,-71.97990192867023
1218.0300341415405,-71.98156047105607,-71.98156047105607
1218.0400341415404,-71.98319528063641,-71.98319528063641
1218.0500341653824,-71.98480685544898,-71.98480685544898
1218.0600341653824,-71.98639568857283,-71.98639568857283
1218.0700341653824,-71.9879622846637,-71.9879622846637
1218.0800341653824,-71.98950714059376,-71.98950714059376
1218.0900341653823,-71.99103074728804,-71.99103074728804
1218.1000341653823,-71.99253358866498,-71.99253358866498
1218.1100341653823,-71.99401614123252,-71.99401614123252
1218.1200341653823,-71.99547887405025,-71.99547887405025
1218.1300341653823,-71.99692224884981,-71.99692224884981
1218.1400341653823,-71.99834672030319,-71.99834672030319
1218.1500341653823,-71.99975273631296,-71.99975273631296
1218.1600341653823,-72.00114073829052,-72.00114073829052
1218.1700341653823,-72.00251116147885,-72.00251116147885
1218.1800341653825,-72.0038644351839,-72.0038644351839
1218.1900341653825,-72.00520098304436,-72.00520098304436
1218.2000341653825,-72.00652122321101,-72.00652122321101
1218.2100341653825,-72.00781929538802,-72.00781929538802
1218.2200341653825,-72.00909286272564,-72.00909286272564
1218.2300341653824,-72.01034099395306,-72.01034099395306
1218.2400341653824,-72.01156340593194,-72.01156340593194
1218.2500341653824,-72.01276017461241,-72.01276017461241
1218.2600341653824,-72.01393158493728,-72.01393158493728
1218.2700341653824,-72.01507804287365,-72.01507804287365
1218.2800341653824,-72.01620002256173,-72.01620002256173
1218.2900341653824,-72.01729803454637,-72.01729803454637
1218.3000341653824,-72.01837260671095,-72.01837260671095
1218.3100341653824,-72.01942427295299,-72.01942427295299
1218.3200341653824,-72.02045356651149,-72.02045356651149
1218.3300341653824,-72.02142149976353,-72.02142149976353
1218.3400341653823,-72.0223238439091,-72.0223238439091
1218.3500341653823,-72.02315924920003,-72.02315924920003
1218.3600341653823,-72.02392650338847,-72.02392650338847
1218.3700341653823,-72.02462454652598,-72.02462454652598
1218.3800341653823,-72.02525250624612,-72.02525250624612
1218.3900341653823,-72.02580967273288,-72.02580967273288
1218.4000341653823,-72.02629546601337,-72.02629546601337
1218.4100341653823,-72.02670941253591,-72.02670941253591
1218.4200341653823,-72.02705113125049,-72.02705113125049
1218.4300341653825,-72.02732032590407,-72.02732032590407
1218.4400341653825,-72.02751678055488,-72.02751678055488
1218.4500341653825,-72.02764035661714,-72.02764035661714
1218.4600341653825,-72.02769099025386,-72.02769099025386
1218.4700341653825,-72.02766868979917,-72.02766868979917
1218.4800341653824,-72.02757353297875,-72.02757353297875
1218.4900341653824,-72.0274056638718,-72.0274056638718
1218.5000341653824,-72.02716528972172,-72.02716528972172
1218.5100341653824,-72.02685267758395,-72.02685267758395
1218.5200341653824,-72.02646815091947,-72.02646815091947
1218.5300341653824,-72.0260120861886,-72.0260120861886
1218.5400341653824,-72.02548490947389,-72.02548490947389
1218.5500341653824,-72.02488709314048,-72.02488709314048
1218.5600341653824,-72.02421915265073,-72.02421915265073
1218.5700341653824,-72.02348164343917,-72.02348164343917
1218.5800341653824,-72.0226751579301,-72.0226751579301
1218.5900341653823,-72.02180032270086,-72.02180032270086
1218.6000341653823,-72.02085779573655,-72.02085779573655
1218.6100341653823,-72.01984826387721,-72.01984826387721
1218.6200341653823,-72.01877244035258,-72.01877244035258
1218.6300341653823,-72.01763106247546,-72.01763106247546
1218.6400341653823,-72.01642488946155,-72.01642488946155
1218.6500341653823,-72.01515470036844,-72.01515470036844
1218.6600341653823,-72.01382129213636,-72.01382129213636
1218.6700341653823,-72.0124254777913,-72.0124254777913
1218.6800341653825,-72.01096808472839,-72.01096808472839
1218.6900341653825,-72.00944995307641,-72.00944995307641
1218.7000341653825,-72.00787193422336,-72.00787193422336
1218.7100341653825,-72.00623488937177,-72.00623488937177
1218.7200341653825,-72.00453968823425,-72.00453968823425
1218.7300341653824,-72.00278720779231,-72.00278720779231
1218.7400341653824,-72.00097833111681,-72.00097833111681
1218.7500341653824,-71.99911394630973,-71.99911394630973
1218.7600341653824,-71.99719494547372,-71.99719494547372
1218.7700341653824,-71.99522222377989,-71.99522222377989
1218.7800341653824,-71.99319667856534,-71.99319667856534
1218.7900341653824,-71.99111920853339,-71.99111920853339
1218.8000341653824,-71.98899071297323,-71.98899071297323
1218.8100341653824,-71.98681209104568,-71.98681209104568
1218.8200341653824,-71.9845842411209,-71.9845842411209
1218.8300341653824,-71.98230806017195,-71.98230806017195
1218.8400341653823,-71.97998444317996,-71.97998444317996
1218.8500341653823,-71.97761428262172,-71.97761428262172
1218.8600341653823,-71.97519846794533,-71.97519846794533
1218.8700341653823,-71.97273788515467,-71.97273788515467
1218.8800341653823,-71.97023341633715,-71.97023341633715
1218.8900341653823,-71.96768593930015,-71.96768593930015
1218.9000341892242,-71.96509632103133,-71.96509632103133
1218.9100341892242,-71.96246544192188,-71.96246544192188
1218.9200341892242,-71.95979415885262,-71.95979415885262
1218.9300341892242,-71.95708332909744,-71.95708332909744
1218.9400341892242,-71.95433380411241,-71.95433380411241
1218.9500341892242,-71.95154642929101,-71.95154642929101
1218.9600341892242,-71.94872204371242,-71.94872204371242
1218.9700341892242,-71.94586147997389,-71.94586147997389
1218.9800341892242,-71.94296556398484,-71.94296556398484
1218.9900341892242,-71.94003511480847,-71.94003511480847
1219.0000341892242,-71.93707094452144,-71.93707094452144
1219.0100341892241,-71.93407385805976,-71.93407385805976
1219.0200341892241,-71.93104465311133,-71.93104465311133
1219.0300341892244,-71.92798412000644,-71.92798412000644
1219.0400341892243,-71.9248930416094,-71.9248930416094
1219.0500341892243,-71.92177219325954,-71.92177219325954
1219.0600341892243,-71.91862234266465,-71.91862234266465
1219.0700341892243,-71.91544424985845,-71.91544424985845
1219.0800341892243,-71.91223866714539,-71.91223866714539
1219.0900341892243,-71.90900633903591,-71.90900633903591
1219.1000341892243,-71.90574800222426,-71.90574800222426
1219.1100341892243,-71.90246438556055,-71.90246438556055
1219.1200341892243,-71.89915621001734,-71.89915621001734
1219.1300341892243,-71.8958241886689,-71.8958241886689
1219.1400341892243,-71.89246902669184,-71.89246902669184
1219.1500341892242,-71.8890914213585,-71.8890914213585
1219.1600341892242,-71.88569206203366,-71.88569206203366
1219.1700341892242,-71.88227163017838,-71.88227163017838
1219.1800341892242,-71.87883079936778,-71.87883079936778
1219.1900341892242,-71.87537023530935,-71.87537023530935
1219.2000341892242,-71.87189059583362,-71.87189059583362
1219.2100341892242,-71.86839253095833,-71.86839253095833
1219.2200341892242,-71.86487668288424,-71.86487668288424
1219.2300341892242,-71.8613436860271,-71.8613436860271
1219.2400341892242,-71.8577941670798,-71.8577941670798
1219.2500341892242,-71.85422874501494,-71.85422874501494
1219.2600341892241,-71.8506480311283,-71.8506480311283
1219.2700341892241,-71.8470526290919,-71.8470526290919
1219.2800341892244,-71.84344313499834,-71.84344313499834
1219.2900341892243,-71.83982013738903,-71.83982013738903
1219.3000341892243,-71.83618421731732,-71.83618421731732
1219.3100341892243,-71.8325359483879,-71.8325359483879
1219.3200341892243,-71.8288758968099,-71.8288758968099
1219.3300341892243,-71.82520462145862,-71.82520462145862
1219.3400341892243,-71.82152267391007,-71.82152267391007
1219.3500341892243,-71.81783059850653,-71.81783059850653
1219.3600341892243,-71.81412893241826,-71.81412893241826
1219.3700341892243,-71.81041820569357,-71.81041820569357
1219.3800341892243,-71.80669894131658,-71.80669894131658
1219.3900341892243,-71.80297165526213,-71.80297165526213
1219.4000341892242,-71.79923685656513,-71.79923685656513
1219.4100341892242,-71.79549504737126,-71.79549504737126
1219.4200341892242,-71.79174672300192,-71.79174672300192
1219.4300341892242,-71.78799237202253,-71.78799237202253
1219.4400341892242,-71.78423247628234,-71.78423247628234
1219.4500341892242,-71.78046751100811,-71.78046751100811
1219.4600341892242,-71.77669794483687,-71.77669794483687
1219.4700341892242,-71.77292423989371,-71.77292423989371
1219.4800341892242,-71.76914685185994,-71.76914685185994
1219.4900341892242,-71.76536623001934,-71.76536623001934
1219.5000341892242,-71.76158281734152,-71.76158281734152
1219.5100341892241,-71.75779705051373,-71.75779705051373
1219.5200341892241,-71.75400936005529,-71.75400936005529
1219.5300341892244,-71.75022017032161,-71.75022017032161
1219.5400341892243,-71.74642989961268,-71.74642989961268
1219.5500341892243,-71.74263896021056,-71.74263896021056
1219.5600341892243,-71.7388477584512,-71.7388477584512
1219.5700341892243,-71.73505669479879,-71.73505669479879
1219.5800341892243,-71.73126616388629,-71.73126616388629
1219.5900341892243,-71.72747655458556,-71.72747655458556
1219.6000341892243,-71.72368825008392,-71.72368825008392
1219.6100341892243,-71.71990162793153,-71.71990162793153
1219.6200341892243,-71.7161170600947,-71.7161170600947
1219.6300341892243,-71.7123349130467,-71.7123349130467
1219.6400341892243,-71.7085555477944,-71.7085555477944
1219.6500341892242,-71.70477931996979,-71.70477931996979
1219.6600341892242,-71.70100657987184,-71.70100657987184
1219.6700341892242,-71.69723767252773,-71.69723767252773
1219.6800341892242,-71.69347293774973,-71.69347293774973
1219.6900341892242,-71.68971271021883,-71.68971271021883
1219.7000341892242,-71.6859573195141,-71.6859573195141
1219.7100341892242,-71.68220709017743,-71.68220709017743
1219.7200341892242,-71.67846234178386,-71.67846234178386
1219.7300341892242,-71.67472338899266,-71.67472338899266
1219.7400341892242,-71.67099054159898,-71.67099054159898
1219.750034213066,-71.66726409571666,-71.66726409571666
1219.760034213066,-71.66354436937478,-71.66354436937478
1219.770034213066,-71.65983164922837,-71.65983164922837
1219.780034213066,-71.65612622619247,-71.65612622619247
1219.790034213066,-71.65242838661443,-71.65242838661443
1219.800034213066,-71.64873841230947,-71.64873841230947
1219.810034213066,-71.64505658062056,-71.64505658062056
1219.820034213066,-71.64138316446335,-71.64138316446335
1219.830034213066,-71.63771843240197,-71.63771843240197
1219.840034213066,-71.63406264867761,-71.63406264867761
1219.850034213066,-71.6304160732696,-71.6304160732696
1219.860034213066,-71.6267789619484,-71.6267789619484
1219.870034213066,-71.62315156633059,-71.62315156633059
1219.8800342130662,-71.6195341339142,-71.6195341339142
1219.8900342130662,-71.61592690814534,-71.61592690814534
1219.9000342130662,-71.61233012845074,-71.61233012845074
1219.9100342130662,-71.60874403030684,-71.60874403030684
1219.9200342130662,-71.60516884527233,-71.60516884527233
1219.9300342130662,-71.60160480104607,-71.60160480104607
1219.9400342130662,-71.59805212150712,-71.59805212150712
1219.9500342130661,-71.59451102676677,-71.59451102676677
1219.9600342130661,-71.59098173319872,-71.59098173319872
1219.9700342130661,-71.5874644535296,-71.5874644535296
1219.9800342130661,-71.58395939682235,-71.58395939682235
1219.990034213066,-71.58046676856691,-71.58046676856691
1220.000034213066,-71.57698677070998,-71.57698677070998
1220.010034213066,-71.57351960170264,-71.57351960170264
1220.020034213066,-71.57006545654048,-71.57006545654048
1220.030034213066,-71.56662452680196,-71.56662452680196
1220.040034213066,-71.56319700069297,-71.56319700069297
1220.050034213066,-71.55978306310108,-71.55978306310108
1220.060034213066,-71.55638289563022,-71.55638289563022
1220.070034213066,-71.55299667662189,-71.55299667662189
1220.080034213066,-71.54962458123823,-71.54962458123823
1220.090034213066,-71.54626678146519,-71.54626678146519
1220.100034213066,-71.54292344616562,-71.54292344616562
1220.110034213066,-71.53959474111946,-71.53959474111946
1220.120034213066,-71.53628082906305,-71.53628082906305
1220.1300342130662,-71.53298186971575,-71.53298186971575
1220.1400342130662,-71.52969801984491,-71.52969801984491
1220.1500342130662,-71.52635000390431,-71.52635000390431
1220.1600342130662,-71.52290675584081,-71.52290675584081
1220.1700342130662,-71.51935377911381,-71.51935377911381
1220.1800342130662,-71.51568348347071,-71.51568348347071
1220.1900342130662,-71.51189220164783,-71.51189220164783
1220.2000342130661,-71.5079788144393,-71.5079788144393
1220.2100342130661,-71.50394391050071,-71.50394391050071
1220.2200342130661,-71.49978921809137,-71.49978921809137
1220.2300342130661,-71.4955172111599,-71.4955172111599
1220.240034213066,-71.49113083559453,-71.49113083559453
1220.250034213066,-71.48663331959048,-71.48663331959048
1220.260034213066,-71.48202804313854,-71.48202804313854
1220.270034213066,-71.47731844887313,-71.47731844887313
1220.280034213066,-71.47250798194146,-71.47250798194146
1220.290034213066,-71.46760005005517,-71.46760005005517
1220.300034213066,-71.46259799767869,-71.46259799767869
1220.310034213066,-71.45750508993625,-71.45750508993625
1220.320034213066,-71.4523245033072,-71.4523245033072
1220.330034213066,-71.44705932089063,-71.44705932089063
1220.340034213066,-71.44171253082038,-71.44171253082038
1220.350034213066,-71.43628702674063,-71.43628702674063
1220.360034213066,-71.4307856096277,-71.4307856096277
1220.370034213066,-71.42521099048032,-71.42521099048032
1220.3800342130662,-71.41956579346434,-71.41956579346434
1220.3900342130662,-71.41385255936834,-71.41385255936834
1220.4000342130662,-71.40807374909785,-71.40807374909785
1220.4100342130662,-71.40223174718703,-71.40223174718703
1220.4200342130662,-71.39632886522796,-71.39632886522796
1220.4300342130662,-71.39036734515605,-71.39036734515605
1220.4400342130662,-71.3843493624151,-71.3843493624151
1220.4500342130661,-71.3782770289244,-71.3782770289244
1220.4600342130661,-71.37215239590195,-71.37215239590195
1220.4700342130661,-71.36597745651068,-71.36597745651068
1220.4800342130661,-71.35975414836301,-71.35975414836301
1220.490034213066,-71.35348435584847,-71.35348435584847
1220.500034213066,-71.34716991233938,-71.34716991233938
1220.510034213066,-71.34081260224251,-71.34081260224251
1220.520034213066,-71.33441416294832,-71.33441416294832
1220.530034213066,-71.32797628661767,-71.32797628661767
1220.540034213066,-71.32150062193783,-71.32150062193783
1220.550034213066,-71.31498877569376,-71.31498877569376
1220.560034213066,-71.30844231430326,-71.30844231430326
1220.570034213066,-71.30186276525022,-71.30186276525022
1220.580034213066,-71.29525161843755,-71.29525161843755
1220.590034213066,-71.2886103274611,-71.2886103274611
1220.600034236908,-71.28194029493174,-71.28194029493174
1220.610034236908,-71.27524293705213,-71.27524293705213
1220.620034236908,-71.26851958984413,-71.26851958984413
1220.630034236908,-71.2617715731833,-71.2617715731833
1220.640034236908,-71.25500017615161,-71.25500017615161
1220.650034236908,-71.24820665794198,-71.24820665794198
1220.660034236908,-71.2413922487825,-71.2413922487825
1220.670034236908,-71.23455815076613,-71.23455815076613
1220.6800342369079,-71.22770553867491,-71.22770553867491
1220.6900342369079,-71.22083556078083,-71.22083556078083
1220.7000342369079,-71.21394933957824,-71.21394933957824
1220.7100342369079,-71.20704178431696,-71.20704178431696
1220.7200342369078,-71.2001112665886,-71.2001112665886
1220.730034236908,-71.19315752821755,-71.19315752821755
1220.740034236908,-71.18618093325694,-71.18618093325694
1220.750034236908,-71.17918218270866,-71.17918218270866
1220.760034236908,-71.17216216650564,-71.17216216650564
1220.770034236908,-71.16512187693661,-71.16512187693661
1220.780034236908,-71.15806235685676,-71.15806235685676
1220.790034236908,-71.15098466869378,-71.15098466869378
1220.800034236908,-71.1438898760839,-71.1438898760839
1220.810034236908,-71.13677903313749,-71.13677903313749
1220.820034236908,-71.12965317827702,-71.12965317827702
1220.830034236908,-71.12251333097562,-71.12251333097562
1220.840034236908,-71.11536049011701,-71.11536049011701
1220.850034236908,-71.10819563343269,-71.10819563343269
1220.860034236908,-71.10101971751496,-71.10101971751496
1220.870034236908,-71.09383367816662,-71.09383367816662
1220.880034236908,-71.08663843098265,-71.08663843098265
1220.890034236908,-71.07943487193597,-71.07943487193597
1220.900034236908,-71.07222387808889,-71.07222387808889
1220.910034236908,-71.06500630821192,-71.06500630821192
1220.920034236908,-71.0577830034457,-71.0577830034457
1220.9300342369079,-71.0505547878698,-71.0505547878698
1220.9400342369079,-71.04332246907944,-71.04332246907944
1220.9500342369079,-71.03608683870384,-71.03608683870384
1220.9600342369079,-71.0288486728805,-71.0288486728805
1220.9700342369078,-71.02160873272064,-71.02160873272064
1220.980034236908,-71.01436776471155,-71.01436776471155
1220.990034236908,-71.00712650109556,-71.00712650109556
1221.000034236908,-70.99988566025317,-70.99988566025317
1221.010034236908,-70.99264594702981,-70.99264594702981
1221.020034236908,-70.98540805304783,-70.98540805304783
1221.030034236908,-70.97817265701534,-70.97817265701534
1221.040034236908,-70.97094042499731,-70.97094042499731
1221.050034236908,-70.96371201069108,-70.96371201069108
1221.060034236908,-70.95648805567146,-70.95648805567146
1221.070034236908,-70.94926918964968,-70.94926918964968
1221.080034236908,-70.94205603068832,-70.94205603068832
1221.090034236908,-70.93484918542322,-70.93484918542322
1221.100034236908,-70.92764924928306,-70.92764924928306
1221.110034236908,-70.92045680669703,-70.92045680669703
1221.120034236908,-70.91327243129305,-70.91327243129305
1221.130034236908,-70.90609668606612,-70.90609668606612
1221.140034236908,-70.89893012360812,-70.89893012360812
1221.150034236908,-70.89177328624267,-70.89177328624267
1221.160034236908,-70.88462670622168,-70.88462670622168
1221.170034236908,-70.87749090589585,-70.87749090589585
1221.1800342369079,-70.87036639787338,-70.87036639787338
1221.1900342369079,-70.86325368518001,-70.86325368518001
1221.2000342369079,-70.8561532614242,-70.8561532614242
1221.2100342369079,-70.84905945798823,-70.84905945798823
1221.2200342369078,-70.84197006542821,-70.84197006542821
1221.230034236908,-70.83488425112652,-70.83488425112652
1221.240034236908,-70.82780181478275,-70.82780181478275
1221.250034236908,-70.82072290426636,-70.82072290426636
1221.260034236908,-70.81364786815912,-70.81364786815912
1221.270034236908,-70.80657716934601,-70.80657716934601
1221.280034236908,-70.79951133317054,-70.79951133317054
1221.290034236908,-70.79245091631724,-70.79245091631724
1221.300034236908,-70.78539648822817,-70.78539648822817
1221.310034236908,-70.7783486200832,-70.7783486200832
1221.320034236908,-70.77130787839576,-70.77130787839576
1221.330034236908,-70.7642748214085,-70.7642748214085
1221.340034236908,-70.75724999717937,-70.75724999717937
1221.350034236908,-70.7502339427125,-70.7502339427125
1221.360034236908,-70.74322718367534,-70.74322718367534
1221.370034236908,-70.7362302344924,-70.7362302344924
1221.380034236908,-70.72924359860298,-70.72924359860298
1221.390034236908,-70.72226776884133,-70.72226776884133
1221.400034236908,-70.71530322782323,-70.71530322782323
1221.410034236908,-70.70835044837646,-70.70835044837646
1221.420034236908,-70.70140989391508,-70.70140989391508
1221.4300342369079,-70.69448201881681,-70.69448201881681
1221.4400342369079,-70.68756726875051,-70.68756726875051
1221.4500342607498,-70.68066606455139,-70.68066606455139
1221.4600342607498,-70.67377886827646,-70.67377886827646
1221.4700342607498,-70.66690608475346,-70.66690608475346
1221.4800342607498,-70.66004812761854,-70.66004812761854
1221.4900342607498,-70.65320540305946,-70.65320540305946
1221.5000342607498,-70.64637831000682,-70.64637831000682
1221.5100342607498,-70.63956724029595,-70.63956724029595
1221.5200342607498,-70.63277257881681,-70.63277257881681
1221.5300342607497,-70.62599470365406,-70.62599470365406
1221.5400342607497,-70.61923398620624,-70.61923398620624
1221.5500342607497,-70.61249079131943,-70.61249079131943
1221.5600342607497,-70.60576547738722,-70.60576547738722
1221.5700342607497,-70.59905839644651,-70.59905839644651
1221.58003426075,-70.592369894274,-70.592369894274
1221.59003426075,-70.58570031050127,-70.58570031050127
1221.60003426075,-70.57904997867175,-70.57904997867175
1221.61003426075,-70.57241922632475,-70.57241922632475
1221.62003426075,-70.56580837509642,-70.56580837509642
1221.6300342607499,-70.5592177407809,-70.5592177407809
1221.6400342607499,-70.55264763339945,-70.55264763339945
1221.6500342607499,-70.54609835728226,-70.54609835728226
1221.6600342607499,-70.53957021113813,-70.53957021113813
1221.6700342607498,-70.5330634881168,-70.5330634881168
1221.6800342607498,-70.5265784758706,-70.5265784758706
1221.6900342607498,-70.52011545663282,-70.52011545663282
1221.7000342607498,-70.51367470728094,-70.51367470728094
1221.7100342607498,-70.50725649938161,-70.50725649938161
1221.7200342607498,-70.50086109927516,-70.50086109927516
1221.7300342607498,-70.49448876811788,-70.49448876811788
1221.7400342607498,-70.48813976196564,-70.48813976196564
1221.7500342607498,-70.48181433181172,-70.48181433181172
1221.7600342607498,-70.47551272365207,-70.47551272365207
1221.7700342607498,-70.46923517856418,-70.46923517856418
1221.7800342607497,-70.4629819327344,-70.4629819327344
1221.7900342607497,-70.45675321752988,-70.45675321752988
1221.8000342607497,-70.45054925957189,-70.45054925957189
1221.8100342607497,-70.44437028075882,-70.44437028075882
1221.8200342607497,-70.43821649835577,-70.43821649835577
1221.83003426075,-70.4320881250331,-70.4320881250331
1221.84003426075,-70.4259853689273,-70.4259853689273
1221.85003426075,-70.4199084336868,-70.4199084336868
1221.86003426075,-70.41385751854823,-70.41385751854823
1221.87003426075,-70.40783281837376,-70.40783281837376
1221.8800342607499,-70.40183452371305,-70.40183452371305
1221.8900342607499,-70.39586282084186,-70.39586282084186
1221.9000342607499,-70.38991789184958,-70.38991789184958
1221.9100342607499,-70.38399991465009,-70.38399991465009
1221.9200342607498,-70.37810906306674,-70.37810906306674
1221.9300342607498,-70.37224550687263,-70.37224550687263
1221.9400342607498,-70.36640941184828,-70.36640941184828
1221.9500342607498,-70.36060093981762,-70.36060093981762
1221.9600342607498,-70.35482024871494,-70.35482024871494
1221.9700342607498,-70.34906749262828,-70.34906749262828
1221.9800342607498,-70.3433428218602,-70.3433428218602
1221.9900342607498,-70.3376463829646,-70.3376463829646
1222.0000342607498,-70.33197831880258,-70.33197831880258
1222.0100342607498,-70.3263387685946,-70.3263387685946
1222.0200342607498,-70.32072786795331,-70.32072786795331
1222.0300342607497,-70.31514574895883,-70.31514574895883
1222.0400342607497,-70.3095925401857,-70.3095925401857
1222.0500342607497,-70.304068366756,-70.304068366756
1222.0600342607497,-70.29857335039115,-70.29857335039115
1222.0700342607497,-70.2931076094527,-70.2931076094527
1222.08003426075,-70.28767125898081,-70.28767125898081
1222.09003426075,-70.28226441076086,-70.28226441076086
1222.10003426075,-70.27688717335347,-70.27688717335347
1222.11003426075,-70.27153965215467,-70.27153965215467
1222.12003426075,-70.26622194940973,-70.26622194940973
1222.1300342607499,-70.26093416428549,-70.26093416428549
1222.1400342607499,-70.25567639291114,-70.25567639291114
1222.1500342607499,-70.25044872840016,-70.25044872840016
1222.1600342607499,-70.24525126092254,-70.24525126092254
1222.1700342607498,-70.24008407772256,-70.24008407772256
1222.1800342607498,-70.23494726317752,-70.23494726317752
1222.1900342607498,-70.2298408988268,-70.2298408988268
1222.2000342607498,-70.2247650634264,-70.2247650634264
1222.2100342607498,-70.21971373457338,-70.21971373457338
1222.2200342607498,-70.21468432454586,-70.21468432454586
1222.2300342607498,-70.20967561596967,-70.20967561596967
1222.2400342607498,-70.20468702377356,-70.20468702377356
1222.2500342607498,-70.1997183136988,-70.1997183136988
1222.2600342607498,-70.19476945609007,-70.19476945609007
1222.2700342607498,-70.18984054025528,-70.18984054025528
1222.2800342607497,-70.18493172308058,-70.18493172308058
1222.2900342607497,-70.18004319810376,-70.18004319810376
1222.3000342845917,-70.17517516547484,-70.17517516547484
1222.3100342845917,-70.17032786736871,-70.17032786736871
1222.3200342845917,-70.16550151182867,-70.16550151182867
1222.3300342845916,-70.16069631570609,-70.16069631570609
1222.3400342845916,-70.15591249097949,-70.15591249097949
1222.3500342845916,-70.15115024385784,-70.15115024385784
1222.3600342845916,-70.14640977439446,-70.14640977439446
1222.3700342845916,-70.14169127650554,-70.14169127650554
1222.3800342845916,-70.1369949381588,-70.1369949381588
1222.3900342845916,-70.1323209416626,-70.1323209416626
1222.4000342845916,-70.1276694639789,-70.1276694639789
1222.4100342845916,-70.12304067706525,-70.12304067706525
1222.4200342845916,-70.11843474820871,-70.11843474820871
1222.4300342845918,-70.11385184027013,-70.11385184027013
1222.4400342845918,-70.10929211199087,-70.10929211199087
1222.4500342845918,-70.1047557182003,-70.1047557182003
1222.4600342845918,-70.10024281004992,-70.10024281004992
1222.4700342845917,-70.09575353516132,-70.09575353516132
1222.4800342845917,-70.09128803781296,-70.09128803781296
1222.4900342845917,-70.08684645905274,-70.08684645905274
1222.5000342845917,-70.08242893683105,-70.08242893683105
1222.5100342845917,-70.0780356061048,-70.0780356061048
1222.5200342845917,-70.07366659890116,-70.07366659890116
1222.5300342845917,-70.06932204443216,-70.06932204443216
1222.5400342845917,-70.06500206913647,-70.06500206913647
1222.5500342845917,-70.06070679673547,-70.06070679673547
1222.5600342845917,-70.05643634830223,-70.05643634830223
1222.5700342845917,-70.0521908422987,-70.0521908422987
1222.5800342845916,-70.0479703946084,-70.0479703946084
1222.5900342845916,-70.04377511857446,-70.04377511857446
1222.6000342845916,-70.03960512504658,-70.03960512504658
1222.6100342845916,-70.03546052238957,-70.03546052238957
1222.6200342845916,-70.0313414165184,-70.0313414165184
1222.6300342845916,-70.0272479109315,-70.0272479109315
1222.6400342845916,-70.02318010671719,-70.02318010671719
1222.6500342845916,-70.01913810257892,-70.01913810257892
1222.6600342845916,-70.01512199487395,-70.01512199487395
1222.6700342845916,-70.01113187761094,-70.01113187761094
1222.6800342845918,-70.00716784247253,-70.00716784247253
1222.6900342845918,-70.00322997885041,-70.00322997885041
1222.7000342845918,-69.99931837383406,-69.99931837383406
1222.7100342845918,-69.99543311225993,-69.99543311225993
1222.7200342845917,-69.99157427669881,-69.99157427669881
1222.7300342845917,-69.98774194750321,-69.98774194750321
1222.7400342845917,-69.98393620279214,-69.98393620279214
1222.7500342845917,-69.98015711849635,-69.98015711849635
1222.7600342845917,-69.97640476837013,-69.97640476837013
1222.7700342845917,-69.97267922399105,-69.97267922399105
1222.7800342845917,-69.96898055479538,-69.96898055479538
1222.7900342845917,-69.96530882809382,-69.96530882809382
1222.8000342845917,-69.96166410907337,-69.96166410907337
1222.8100342845917,-69.95804646084424,-69.95804646084424
1222.8200342845917,-69.9544559444241,-69.9544559444241
1222.8300342845916,-69.9508926187892,-69.9508926187892
1222.8400342845916,-69.9473565408696,-69.9473565408696
1222.8500342845916,-69.94384776557983,-69.94384776557983
1222.8600342845916,-69.94036634582555,-69.94036634582555
1222.8700342845916,-69.93691233253618,-69.93691233253618
1222.8800342845916,-69.93348577467562,-69.93348577467562
1222.8900342845916,-69.9300867192628,-69.9300867192628
1222.9000342845916,-69.92671521138938,-69.92671521138938
1222.9100342845916,-69.92337129425356,-69.92337129425356
1222.9200342845916,-69.92005500915968,-69.92005500915968
1222.9300342845918,-69.9167663955427,-69.9167663955427
1222.9400342845918,-69.9135054910001,-69.9135054910001
1222.9500342845918,-69.91027233129363,-69.91027233129363
1222.9600342845918,-69.90706695039074,-69.90706695039074
1222.9700342845917,-69.90388938046394,-69.90388938046394
1222.9800342845917,-69.90073965191675,-69.90073965191675
1222.9900342845917,-69.89761779342278,-69.89761779342278
1223.0000342845917,-69.89452383191814,-69.89452383191814
1223.0100342845917,-69.89145779263501,-69.89145779263501
1223.0200342845917,-69.88841969911167,-69.88841969911167
1223.0300342845917,-69.88540957324258,-69.88540957324258
1223.0400342845917,-69.88242743526453,-69.88242743526453
1223.0500342845917,-69.87947330378893,-69.87947330378893
1223.0600342845917,-69.8765471958229,-69.8765471958229
1223.0700342845917,-69.87364912679104,-69.87364912679104
1223.0800342845916,-69.87077911055287,-69.87077911055287
1223.0900342845916,-69.86793715942973,-69.86793715942973
1223.1000342845916,-69.86512328421863,-69.86512328421863
1223.1100342845916,-69.86233749420032,-69.86233749420032
1223.1200342845916,-69.85957979718088,-69.85957979718088
1223.1300342845916,-69.85685019950436,-69.85685019950436
1223.1400342845916,-69.85414870606249,-69.85414870606249
1223.1500343084335,-69.8514753139674,-69.8514753139674
1223.1600343084335,-69.84883003809844,-69.84883003809844
1223.1700343084335,-69.84621287266147,-69.84621287266147
1223.1800343084335,-69.84362381697994,-69.84362381697994
1223.1900343084335,-69.84106286902666,-69.84106286902666
1223.2000343084335,-69.83853002543508,-69.83853002543508
1223.2100343084335,-69.83601921234677,-69.83601921234677
1223.2200343084335,-69.83352777372069,-69.83352777372069
1223.2300343084335,-69.8310544180867,-69.8310544180867
1223.2400343084335,-69.82859848443671,-69.82859848443671
1223.2500343084334,-69.8261596621944,-69.8261596621944
1223.2600343084334,-69.82373784576461,-69.82373784576461
1223.2700343084334,-69.82133304935907,-69.82133304935907
1223.2800343084336,-69.81894535582252,-69.81894535582252
1223.2900343084336,-69.8165748858753,-69.8165748858753
1223.3000343084336,-69.81422177968595,-69.81422177968595
1223.3100343084336,-69.81188618592704,-69.81188618592704
1223.3200343084336,-69.80956825535586,-69.80956825535586
1223.3300343084336,-69.80726813717047,-69.80726813717047
1223.3400343084336,-69.80498597701005,-69.80498597701005
1223.3500343084336,-69.80272191598799,-69.80272191598799
1223.3600343084336,-69.80047609032759,-69.80047609032759
1223.3700343084336,-69.79824863134667,-69.79824863134667
1223.3800343084336,-69.79603966561686,-69.79603966561686
1223.3900343084335,-69.79384931524368,-69.79384931524368
1223.4000343084335,-69.79167769814764,-69.79167769814764
1223.4100343084335,-69.7895249283956,-69.7895249283956
1223.4200343084335,-69.78739111649358,-69.78739111649358
1223.4300343084335,-69.78527636964583,-69.78527636964583
1223.4400343084335,-69.78318079202265,-69.78318079202265
1223.4500343084335,-69.78110448495978,-69.78110448495978
1223.4600343084335,-69.77904754715202,-69.77904754715202
1223.4700343084335,-69.77701007481069,-69.77701007481069
1223.4800343084335,-69.77499216181577,-69.77499216181577
1223.4900343084335,-69.77299389984022,-69.77299389984022
1223.5000343084334,-69.77101537843129,-69.77101537843129
1223.5100343084334,-69.76905668511776,-69.76905668511776
1223.5200343084334,-69.7671179054681,-69.7671179054681
1223.5300343084336,-69.76519912316755,-69.76519912316755
1223.5400343084336,-69.76330042006002,-69.76330042006002
1223.5500343084336,-69.76142187619797,-69.76142187619797
1223.5600343084336,-69.75956356986882,-69.75956356986882
1223.5700343084336,-69.75772557765367,-69.75772557765367
1223.5800343084336,-69.7559079744207,-69.7559079744207
1223.5900343084336,-69.75411083337951,-69.75411083337951
1223.6000343084336,-69.75233422606016,-69.75233422606016
1223.6100343084336,-69.75057822237083,-69.75057822237083
1223.6200343084336,-69.74884289059672,-69.74884289059672
1223.6300343084336,-69.74712829739795,-69.74712829739795
1223.6400343084335,-69.74543450783487,-69.74543450783487
1223.6500343084335,-69.74376158538367,-69.74376158538367
1223.6600343084335,-69.74210959193863,-69.74210959193863
1223.6700343084335,-69.74047858780801,-69.74047858780801
1223.6800343084335,-69.73886863172906,-69.73886863172906
1223.6900343084335,-69.73727978089947,-69.73727978089947
1223.7000343084335,-69.7357120909407,-69.7357120909407
1223.7100343084335,-69.73416561593453,-69.73416561593453
1223.7200343084335,-69.73264040842761,-69.73264040842761
1223.7300343084335,-69.73113651942084,-69.73113651942084
1223.7400343084335,-69.72965399840635,-69.72965399840635
1223.7500343084334,-69.72819289333847,-69.72819289333847
1223.7600343084334,-69.72675325067017,-69.72675325067017
1223.7700343084334,-69.72533511534414,-69.72533511534414
1223.7800343084336,-69.72393853080786,-69.72393853080786
1223.7900343084336,-69.72256353902772,-69.72256353902772
1223.8000343084336,-69.72121018046718,-69.72121018046718
1223.8100343084336,-69.71987849413948,-69.71987849413948
1223.8200343084336,-69.71856851758527,-69.71856851758527
1223.8300343084336,-69.71728028689449,-69.71728028689449
1223.8400343084336,-69.71601383670614,-69.71601383670614
1223.8500343084336,-69.71476920023356,-69.71476920023356
1223.8600343084336,-69.71354640926208,-69.71354640926208
1223.8700343084336,-69.7123454941583,-69.7123454941583
1223.8800343084336,-69.7111664838907,-69.7111664838907
1223.8900343084335,-69.71000940603113,-69.71000940603113
1223.9000343084335,-69.70887428676693,-69.70887428676693
1223.9100343084335,-69.70776115092396,-69.70776115092396
1223.9200343084335,-69.70667002196278,-69.70667002196278
1223.9300343084335,-69.70560092199864,-69.70560092199864
1223.9400343084335,-69.70455387181464,-69.70455387181464
1223.9500343084335,-69.70352889086584,-69.70352889086584
1223.9600343084335,-69.70251993669952,-69.70251993669952
1223.9700343084335,-69.70152437855383,-69.70152437855383
1223.9800343084335,-69.70054094794449,-69.70054094794449
1223.9900343084335,-69.69956900590341,-69.69956900590341
1224.0000343322754,-69.69860826111494,-69.69860826111494
1224.0100343322754,-69.69765863390889,-69.69765863390889
1224.0200343322754,-69.69672015735667,-69.69672015735667
1224.0300343322754,-69.69579293547713,-69.69579293547713
1224.0400343322754,-69.69487711014709,-69.69487711014709
1224.0500343322753,-69.6939728427113,-69.6939728427113
1224.0600343322753,-69.69308030304022,-69.69308030304022
1224.0700343322753,-69.69219966310416,-69.69219966310416
1224.0800343322753,-69.6913310933074,-69.6913310933074
1224.0900343322753,-69.69047476052067,-69.69047476052067
1224.1000343322753,-69.68963082708761,-69.68963082708761
1224.1100343322753,-69.68879945045019,-69.68879945045019
1224.1200343322753,-69.68798078311842,-69.68798078311842
1224.1300343322755,-69.68717497284423,-69.68717497284423
1224.1400343322755,-69.68638216287748,-69.68638216287748
1224.1500343322755,-69.68560249225861,-69.68560249225861
1224.1600343322755,-69.68483609613655,-69.68483609613655
1224.1700343322755,-69.68408310603974,-69.68408310603974
1224.1800343322755,-69.68334365016153,-69.68334365016153
1224.1900343322754,-69.68261785360946,-69.68261785360946
1224.2000343322754,-69.6819058385894,-69.6819058385894
1224.2100343322754,-69.68120772463011,-69.68120772463011
1224.2200343322754,-69.68052362869857,-69.68052362869857
1224.2300343322754,-69.67985366537454,-69.67985366537454
1224.2400343322754,-69.6791979469532,-69.6791979469532
1224.2500343322754,-69.67855658355037,-69.67855658355037
1224.2600343322754,-69.67792968319152,-69.67792968319152
1224.2700343322754,-69.67731735186103,-69.67731735186103
1224.2800343322754,-69.67671969358969,-69.67671969358969
1224.2900343322754,-69.67613681050084,-69.67613681050084
1224.3000343322753,-69.67556880283968,-69.67556880283968
1224.3100343322753,-69.67501576902124,-69.67501576902124
1224.3200343322753,-69.67447780565305,-69.67447780565305
1224.3300343322753,-69.67395500757317,-69.67395500757317
1224.3400343322753,-69.6734474678544,-69.6734474678544
1224.3500343322753,-69.67295527784032,-69.67295527784032
1224.3600343322753,-69.67247852715502,-69.67247852715502
1224.3700343322753,-69.67201730371156,-69.67201730371156
1224.3800343322755,-69.67157169372061,-69.67157169372061
1224.3900343322755,-69.6711417817129,-69.6711417817129
1224.4000343322755,-69.6707276505398,-69.6707276505398
1224.4100343322755,-69.67032938138759,-69.67032938138759
1224.4200343322755,-69.66994705377594,-69.66994705377594
1224.4300343322755,-69.66958074557967,-69.66958074557967
1224.4400343322754,-69.66923053302993,-69.66923053302993
1224.4500343322754,-69.66889649070067,-69.66889649070067
1224.4600343322754,-69.66857263250411,-69.66857263250411
1224.4700343322754,-69.66825638235613,-69.66825638235613
1224.4800343322754,-69.66794652567,-69.66794652567
1224.4900343322754,-69.66764247689508,-69.66764247689508
1224.5000343322754,-69.66734400002899,-69.66734400002899
1224.5100343322754,-69.6670510635138,-69.6670510635138
1224.5200343322754,-69.66676375511322,-69.66676375511322
1224.5300343322754,-69.66648223087824,-69.66648223087824
1224.5400343322754,-69.66620668440292,-69.66620668440292
1224.5500343322753,-69.66593732841382,-69.66593732841382
1224.5600343322753,-69.66567438382307,-69.66567438382307
1224.5700343322753,-69.66541807328785,-69.66541807328785
1224.5800343322753,-69.66516861755234,-69.66516861755234
1224.5900343322753,-69.66492623345387,-69.66492623345387
1224.6000343322753,-69.66469113292654,-69.66469113292654
1224.6100343322753,-69.66446352263894,-69.66446352263894
1224.6200343322753,-69.66424360393246,-69.66424360393246
1224.6300343322755,-69.6640315730171,-69.6640315730171
1224.6400343322755,-69.66382762119602,-69.66382762119602
1224.6500343322755,-69.66363193516894,-69.66363193516894
1224.6600343322755,-69.66344469734796,-69.66344469734796
1224.6700343322755,-69.66326608612142,-69.66326608612142
1224.6800343322755,-69.66309627614032,-69.66309627614032
1224.6900343322754,-69.66293543855834,-69.66293543855834
1224.7000343322754,-69.6627837412197,-69.6627837412197
1224.7100343322754,-69.66263529010301,-69.66263529010301
1224.7200343322754,-69.66248759976939,-69.66248759976939
1224.7300343322754,-69.66233954510224,-69.66233954510224
1224.7400343322754,-69.6621906289803,-69.6621906289803
1224.7500343322754,-69.66204070286746,-69.66204070286746
1224.7600343322754,-69.66188982179041,-69.66188982179041
1224.7700343322754,-69.66173815930264,-69.66173815930264
1224.7800343322754,-69.66158595648301,-69.66158595648301
1224.7900343322754,-69.66143349120206,-69.66143349120206
1224.8000343322753,-69.66128105979112,-69.66128105979112
1224.8100343322753,-69.66112896607373,-69.66112896607373
1224.8200343322753,-69.66097751498657,-69.66097751498657
1224.8300343322753,-69.66082700890028,-69.66082700890028
1224.8400343322753,-69.66067774565356,-69.66067774565356
1224.8500343561172,-69.66053001721309,-69.66053001721309
1224.8600343561172,-69.66038411072746,-69.66038411072746
1224.8700343561172,-69.66024030632664,-69.66024030632664
1224.8800343561172,-69.66009887876879,-69.66009887876879
1224.8900343561172,-69.65996009729567,-69.65996009729567
1224.9000343561172,-69.65982422593164,-69.65982422593164
1224.9100343561172,-69.65969152379554,-69.65969152379554
1224.9200343561172,-69.65956224537338,-69.65956224537338
1224.9300343561172,-69.6594366407993,-69.6594366407993
1224.9400343561172,-69.65931495606306,-69.65931495606306
1224.9500343561172,-69.65919743324608,-69.65919743324608
1224.9600343561171,-69.65908431068212,-69.65908431068212
1224.9700343561171,-69.65897582312347,-69.65897582312347
1224.9800343561174,-69.65887220187061,-69.65887220187061
1224.9900343561173,-69.65877367488123,-69.65877367488123
1225.0000343561173,-69.65868046687605,-69.65868046687605
1225.0100343561173,-69.65859279939876,-69.65859279939876
1225.0200343561173,-69.65851089092665,-69.65851089092665
1225.0300343561173,-69.65843495687557,-69.65843495687557
1225.0400343561173,-69.65836520968419,-69.65836520968419
1225.0500343561173,-69.6583018588421,-69.6583018588421
1225.0600343561173,-69.65824511092711,-69.65824511092711
1225.0700343561173,-69.65819516962947,-69.65819516962947
1225.0800343561173,-69.65815223579197,-69.65815223579197
1225.0900343561173,-69.65811650741493,-69.65811650741493
1225.1000343561172,-69.65808817967432,-69.65808817967432
1225.1100343561172,-69.6580674449656,-69.6580674449656
1225.1200343561172,-69.658054492867,-69.658054492867
1225.1300343561172,-69.65804951020553,-69.65804951020553
1225.1400343561172,-69.65805268104006,-69.65805268104006
1225.1500343561172,-69.65806418668463,-69.65806418668463
1225.1600343561172,-69.65808420570676,-69.65808420570676
1225.1700343561172,-69.6581129139481,-69.6581129139481
1225.1800343561172,-69.6581504845466,-69.6581504845466
1225.1900343561172,-69.65819708791585,-69.65819708791585
1225.2000343561172,-69.65825289178869,-69.65825289178869
1225.2100343561171,-69.65831806120899,-69.65831806120899
1225.2200343561171,-69.65839275855198,-69.65839275855198
1225.2300343561174,-69.65847714352616,-69.65847714352616
1225.2400343561173,-69.65857137320204,-69.65857137320204
1225.2500343561173,-69.6586756020195,-69.6586756020195
1225.2600343561173,-69.65878998178509,-69.65878998178509
1225.2700343561173,-69.65891466169683,-69.65891466169683
1225.2800343561173,-69.65904978837834,-69.65904978837834
1225.2900343561173,-69.65919550585697,-69.65919550585697
1225.3000343561173,-69.65935195561163,-69.65935195561163
1225.3100343561173,-69.65951927656924,-69.65951927656924
1225.3200343561173,-69.65969760512839,-69.65969760512839
1225.3300343561173,-69.65988707517381,-69.65988707517381
1225.3400343561173,-69.66008781809606,-69.66008781809606
1225.3500343561172,-69.66029996280625,-69.66029996280625
1225.3600343561172,-69.66052363575787,-69.66052363575787
1225.3700343561172,-69.66075896097439,-69.66075896097439
1225.3800343561172,-69.6610060600306,-69.6610060600306
1225.3900343561172,-69.66126505213275,-69.66126505213275
1225.4000343561172,-69.66153605407766,-69.66153605407766
1225.4100343561172,-69.6618191803241,-69.6618191803241
1225.4200343561172,-69.6621145429677,-69.6621145429677
1225.4300343561172,-69.66242225180211,-69.66242225180211
1225.4400343561172,-69.66274241430865,-69.66274241430865
1225.4500343561172,-69.66307513569822,-69.66307513569822
1225.4600343561171,-69.66342051892254,-69.66342051892254
1225.4700343561171,-69.66377866469749,-69.66377866469749
1225.4800343561174,-69.66414967152959,-69.66414967152959
1225.4900343561173,-69.66453363573677,-69.66453363573677
1225.5000343561173,-69.6649306514586,-69.6649306514586
1225.5100343561173,-69.66534081069913,-69.66534081069913
1225.5200343561173,-69.66576420333848,-69.66576420333848
1225.5300343561173,-69.66620091715451,-69.66620091715451
1225.5400343561173,-69.66665103785084,-69.66665103785084
1225.5500343561173,-69.66711464906173,-69.66711464906173
1225.5600343561173,-69.66759183241153,-69.66759183241153
1225.5700343561173,-69.66808266750316,-69.66808266750316
1225.5800343561173,-69.66858723195236,-69.66858723195236
1225.5900343561173,-69.6691056014209,-69.6691056014209
1225.6000343561172,-69.6696378496165,-69.6696378496165
1225.6100343561172,-69.67018404834889,-69.67018404834889
1225.6200343561172,-69.67074426752237,-69.67074426752237
1225.6300343561172,-69.67131857517211,-69.67131857517211
1225.6400343561172,-69.67190703748001,-69.67190703748001
1225.6500343561172,-69.67250971881258,-69.67250971881258
1225.6600343561172,-69.67312668172941,-69.67312668172941
1225.6700343561172,-69.67375798700886,-69.67375798700886
1225.6800343561172,-69.67440369367841,-69.67440369367841
1225.6900343561172,-69.67506385902296,-69.67506385902296
1225.700034379959,-69.67573854023425,-69.67573854023425
1225.710034379959,-69.67642778802134,-69.67642778802134
1225.720034379959,-69.67713165616709,-69.67713165616709
1225.730034379959,-69.67785019523255,-69.67785019523255
1225.740034379959,-69.67858345418203,-69.67858345418203
1225.750034379959,-69.67933148036398,-69.67933148036398
1225.760034379959,-69.68009431954933,-69.68009431954933
1225.770034379959,-69.6808720159507,-69.6808720159507
1225.780034379959,-69.68166461224179,-69.68166461224179
1225.790034379959,-69.68247214957891,-69.68247214957891
1225.800034379959,-69.68329466762512,-69.68329466762512
1225.810034379959,-69.68413220456813,-69.68413220456813
1225.820034379959,-69.68498479715065,-69.68498479715065
1225.8300343799592,-69.68585248067609,-69.68585248067609
1225.8400343799592,-69.68673528903845,-69.68673528903845
1225.8500343799592,-69.68763325474276,-69.68763325474276
1225.8600343799592,-69.68854640890765,-69.68854640890765
1225.8700343799592,-69.68947478132529,-69.68947478132529
1225.8800343799592,-69.69041840043117,-69.69041840043117
1225.8900343799592,-69.69137729336163,-69.69137729336163
1225.9000343799592,-69.69235148596188,-69.69235148596188
1225.9100343799591,-69.69334100279043,-69.69334100279043
1225.9200343799591,-69.69434586716982,-69.69434586716982
1225.9300343799591,-69.6953661011665,-69.6953661011665
1225.9400343799591,-69.69640172563841,-69.69640172563841
1225.950034379959,-69.69745276024997,-69.69745276024997
1225.960034379959,-69.69851922347554,-69.69851922347554
1225.970034379959,-69.69960113263134,-69.69960113263134
1225.980034379959,-69.70069850388307,-69.70069850388307
1225.990034379959,-69.70181135226915,-69.70181135226915
1226.000034379959,-69.70293969172089,-69.70293969172089
1226.010034379959,-69.70408353508088,-69.70408353508088
1226.020034379959,-69.70524289410271,-69.70524289410271
1226.030034379959,-69.70641777949388,-69.70641777949388
1226.040034379959,-69.70760820091174,-69.70760820091174
1226.050034379959,-69.70881416698852,-69.70881416698852
1226.060034379959,-69.71003568534194,-69.71003568534194
1226.070034379959,-69.71127276260843,-69.71127276260843
1226.0800343799592,-69.71252540444056,-69.71252540444056
1226.0900343799592,-69.7137936155145,-69.7137936155145
1226.1000343799592,-69.71507739957754,-69.71507739957754
1226.1100343799592,-69.71637675943717,-69.71637675943717
1226.1200343799592,-69.71769169698355,-69.71769169698355
1226.1300343799592,-69.71902221321179,-69.71902221321179
1226.1400343799592,-69.72036830822104,-69.72036830822104
1226.1500343799592,-69.72172998124219,-69.72172998124219
1226.1600343799591,-69.7231072306475,-69.7231072306475
1226.1700343799591,-69.72450005396615,-69.72450005396615
1226.1800343799591,-69.72590844789251,-69.72590844789251
1226.1900343799591,-69.72733240831434,-69.72733240831434
1226.200034379959,-69.72877193029885,-69.72877193029885
1226.210034379959,-69.73022700814289,-69.73022700814289
1226.220034379959,-69.73169763535708,-69.73169763535708
1226.230034379959,-69.73318380469252,-69.73318380469252
1226.240034379959,-69.73468550814947,-69.73468550814947
1226.250034379959,-69.73620273698808,-69.73620273698808
1226.260034379959,-69.73773548174881,-69.73773548174881
1226.270034379959,-69.73928373225102,-69.73928373225102
1226.280034379959,-69.74084747762117,-69.74084747762117
1226.290034379959,-69.74242670629638,-69.74242670629638
1226.300034379959,-69.74402140604056,-69.74402140604056
1226.310034379959,-69.74563156394505,-69.74563156394505
1226.320034379959,-69.74725716645644,-69.74725716645644
1226.3300343799592,-69.74889819936902,-69.74889819936902
1226.3400343799592,-69.75055464786112,-69.75055464786112
1226.3500343799592,-69.75222649647267,-69.75222649647267
1226.3600343799592,-69.7539137291533,-69.7539137291533
1226.3700343799592,-69.75561632925222,-69.75561632925222
1226.3800343799592,-69.75733427952193,-69.75733427952193
1226.3900343799592,-69.75906756214604,-69.75906756214604
1226.4000343799592,-69.76081615874341,-69.76081615874341
1226.4100343799591,-69.76258005036894,-69.76258005036894
1226.4200343799591,-69.7643592175347,-69.7643592175347
1226.4300343799591,-69.76615364022227,-69.76615364022227
1226.4400343799591,-69.76796329788321,-69.76796329788321
1226.450034379959,-69.76978816945699,-69.76978816945699
1226.460034379959,-69.7716282333659,-69.7716282333659
1226.470034379959,-69.77348346754053,-69.77348346754053
1226.480034379959,-69.77535384942735,-69.77535384942735
1226.490034379959,-69.7772393559837,-69.7772393559837
1226.500034379959,-69.77913996369995,-69.77913996369995
1226.510034379959,-69.78105564860914,-69.78105564860914
1226.520034379959,-69.78298638629175,-69.78298638629175
1226.530034379959,-69.78493215187315,-69.78493215187315
1226.540034379959,-69.78689292005538,-69.78689292005538
1226.550034403801,-69.78886866981628,-69.78886866981628
1226.560034403801,-69.79085936564601,-69.79085936564601
1226.570034403801,-69.79286498561677,-69.79286498561677
1226.580034403801,-69.7948855027696,-69.7948855027696
1226.590034403801,-69.79692088975243,-69.79692088975243
1226.600034403801,-69.79897111881206,-69.79897111881206
1226.610034403801,-69.80103616181813,-69.80103616181813
1226.620034403801,-69.80311599027767,-69.80311599027767
1226.630034403801,-69.80521057532091,-69.80521057532091
1226.6400344038009,-69.80731988772126,-69.80731988772126
1226.6500344038009,-69.80944389789563,-69.80944389789563
1226.6600344038009,-69.81158257593302,-69.81158257593302
1226.6700344038009,-69.81373589157096,-69.81373589157096
1226.680034403801,-69.81590381422596,-69.81590381422596
1226.690034403801,-69.81808631298586,-69.81808631298586
1226.700034403801,-69.82028335662243,-69.82028335662243
1226.710034403801,-69.82248883444943,-69.82248883444943
1226.720034403801,-69.82470005561196,-69.82470005561196
1226.730034403801,-69.82691569594743,-69.82691569594743
1226.740034403801,-69.82913506369522,-69.82913506369522
1226.750034403801,-69.83135781921817,-69.83135781921817
1226.760034403801,-69.83358382947026,-69.83358382947026
1226.770034403801,-69.83581308261465,-69.83581308261465
1226.780034403801,-69.83804563677806,-69.83804563677806
1226.790034403801,-69.8402815892221,-69.8402815892221
1226.800034403801,-69.84252105783027,-69.84252105783027
1226.810034403801,-69.84476417010909,-69.84476417010909
1226.820034403801,-69.84701105674466,-69.84701105674466
1226.830034403801,-69.84926184786531,-69.84926184786531
1226.840034403801,-69.85151667107402,-69.85151667107402
1226.850034403801,-69.85377565041773,-69.85377565041773
1226.860034403801,-69.85603890599634,-69.85603890599634
1226.870034403801,-69.85830655394345,-69.85830655394345
1226.880034403801,-69.86057870654986,-69.86057870654986
1226.8900344038009,-69.86285547251984,-69.86285547251984
1226.9000344038009,-69.86513695726937,-69.86513695726937
1226.9100344038009,-69.8674232632057,-69.8674232632057
1226.9200344038009,-69.86971449003565,-69.86971449003565
1226.930034403801,-69.87201073498119,-69.87201073498119
1226.940034403801,-69.87431209304947,-69.87431209304947
1226.950034403801,-69.87661865721334,-69.87661865721334
1226.960034403801,-69.87893051860026,-69.87893051860026
1226.970034403801,-69.88124776663518,-69.88124776663518
1226.980034403801,-69.88357048918553,-69.88357048918553
1226.990034403801,-69.88589877264278,-69.88589877264278
1227.000034403801,-69.88823270202687,-69.88823270202687
1227.010034403801,-69.89057236106841,-69.89057236106841
1227.020034403801,-69.89291783226295,-69.89291783226295
1227.030034403801,-69.89526919692085,-69.89526919692085
1227.040034403801,-69.89762653521164,-69.89762653521164
1227.050034403801,-69.89998992619857,-69.89998992619857
1227.060034403801,-69.90235944785738,-69.90235944785738
1227.070034403801,-69.90473517710707,-69.90473517710707
1227.080034403801,-69.90711718982432,-69.90711718982432
1227.090034403801,-69.90950556084466,-69.90950556084466
1227.100034403801,-69.91190036398615,-69.91190036398615
1227.110034403801,-69.91430167204005,-69.91430167204005
1227.120034403801,-69.91670955679596,-69.91670955679596
1227.130034403801,-69.9191240890262,-69.9191240890262
1227.1400344038009,-69.92154533848598,-69.92154533848598
1227.1500344038009,-69.92397337391975,-69.92397337391975
1227.1600344038009,-69.92640826306521,-69.92640826306521
1227.1700344038009,-69.92885007265475,-69.92885007265475
1227.180034403801,-69.9312988683776,-69.9312988683776
1227.190034403801,-69.93375471493495,-69.93375471493495
1227.200034403801,-69.93621767598314,-69.93621767598314
1227.210034403801,-69.93868172390077,-69.93868172390077
1227.220034403801,-69.94114425592619,-69.94114425592619
1227.230034403801,-69.94360403763024,-69.94360403763024
1227.240034403801,-69.94606046738018,-69.94606046738018
1227.250034403801,-69.94851329559606,-69.94851329559606
1227.260034403801,-69.9509624789326,-69.9509624789326
1227.270034403801,-69.95340809481509,-69.95340809481509
1227.280034403801,-69.95585029002767,-69.95585029002767
1227.290034403801,-69.95828924987586,-69.95828924987586
1227.300034403801,-69.96072517960818,-69.96072517960818
1227.310034403801,-69.96315829341822,-69.96315829341822
1227.320034403801,-69.96558880794242,-69.96558880794242
1227.330034403801,-69.96801693853418,-69.96801693853418
1227.340034403801,-69.97044289727334,-69.97044289727334
1227.350034403801,-69.97286689193884,-69.97286689193884
1227.360034403801,-69.97528912559156,-69.97528912559156
1227.370034403801,-69.97770979656312,-69.97770979656312
1227.380034403801,-69.98012909856348,-69.98012909856348
1227.3900344038009,-69.9825472209398,-69.9825472209398
1227.4000344276428,-69.98496435472143,-69.98496435472143
1227.4100344276428,-69.98738066987465,-69.98738066987465
1227.4200344276428,-69.9897963501326,-69.9897963501326
1227.4300344276428,-69.99221157021077,-69.99221157021077
1227.4400344276428,-69.99462650181393,-69.99462650181393
1227.4500344276428,-69.99704131382285,-69.99704131382285
1227.4600344276428,-69.99945617246361,-69.99945617246361
1227.4700344276428,-70.00187124148529,-70.00187124148529
1227.4800344276427,-70.00428668226223,-70.00428668226223
1227.4900344276427,-70.00670265391325,-70.00670265391325
1227.5000344276427,-70.00911931339355,-70.00911931339355
1227.5100344276427,-70.01153681558905,-70.01153681558905
1227.5200344276427,-70.01395531332878,-70.01395531332878
1227.530034427643,-70.01637495750273,-70.01637495750273
1227.540034427643,-70.01879589705591,-70.01879589705591
1227.550034427643,-70.021218279063,-70.021218279063
1227.560034427643,-70.0236422487255,-70.0236422487255
1227.570034427643,-70.02606794940698,-70.02606794940698
1227.5800344276429,-70.0284955226591,-70.0284955226591
1227.5900344276429,-70.03092510824685,-70.03092510824685
1227.6000344276429,-70.03335684412603,-70.03335684412603
1227.6100344276429,-70.03579086648656,-70.03579086648656
1227.6200344276428,-70.0382273097514,-70.0382273097514
1227.6300344276428,-70.04066630658919,-70.04066630658919
1227.6400344276428,-70.04310798789339,-70.04310798789339
1227.6500344276428,-70.04555248281848,-70.04555248281848
1227.6600344276428,-70.04799991877884,-70.04799991877884
1227.6700344276428,-70.0504504214347,-70.0504504214347
1227.6800344276428,-70.05290411470537,-70.05290411470537
1227.6900344276428,-70.05536112078816,-70.05536112078816
1227.7000344276428,-70.05782156014047,-70.05782156014047
1227.7100344276428,-70.06028555147975,-70.06028555147975
1227.7200344276428,-70.06275321181789,-70.06275321181789
1227.7300344276427,-70.06522465642762,-70.06522465642762
1227.7400344276427,-70.06769999886812,-70.06769999886812
1227.7500344276427,-70.07017935098517,-70.07017935098517
1227.7600344276427,-70.07266282292377,-70.07266282292377
1227.7700344276427,-70.07515052310883,-70.07515052310883
1227.780034427643,-70.07764255828691,-70.07764255828691
1227.790034427643,-70.08013903349936,-70.08013903349936
1227.800034427643,-70.08264005210523,-70.08264005210523
1227.810034427643,-70.08514571578593,-70.08514571578593
1227.820034427643,-70.0876561245499,-70.0876561245499
1227.8300344276429,-70.09017137674095,-70.09017137674095
1227.8400344276429,-70.09269156905799,-70.09269156905799
1227.8500344276429,-70.09521679653919,-70.09521679653919
1227.8600344276429,-70.09774715258854,-70.09774715258854
1227.8700344276428,-70.10028272899426,-70.10028272899426
1227.8800344276428,-70.1028236159096,-70.1028236159096
1227.8900344276428,-70.10536990188045,-70.10536990188045
1227.9000344276428,-70.10792167386792,-70.10792167386792
1227.9100344276428,-70.11047901723312,-70.11047901723312
1227.9200344276428,-70.11304201576405,-70.11304201576405
1227.9300344276428,-70.11561075168669,-70.11561075168669
1227.9400344276428,-70.11818530567727,-70.11818530567727
1227.9500344276428,-70.12076575686338,-70.12076575686338
1227.9600344276428,-70.12335218284164,-70.12335218284164
1227.9700344276428,-70.12594465969954,-70.12594465969954
1227.9800344276427,-70.12854326202243,-70.12854326202243
1227.9900344276427,-70.13114806289522,-70.13114806289522
1228.0000344276427,-70.13375913393001,-70.13375913393001
1228.0100344276427,-70.13637654527606,-70.13637654527606
1228.0200344276427,-70.13900036563551,-70.13900036563551
1228.030034427643,-70.14163066225625,-70.14163066225625
1228.040034427643,-70.14426750098013,-70.14426750098013
1228.050034427643,-70.14691094623743,-70.14691094623743
1228.060034427643,-70.14956106104825,-70.14956106104825
1228.070034427643,-70.15221790706165,-70.15221790706165
1228.0800344276429,-70.15488154455778,-70.15488154455778
1228.0900344276429,-70.15755203246543,-70.15755203246543
1228.1000344276429,-70.16022942836365,-70.16022942836365
1228.1100344276429,-70.16291378851544,-70.16291378851544
1228.1200344276428,-70.16560516788061,-70.16560516788061
1228.1300344276428,-70.1683036201068,-70.1683036201068
1228.1400344276428,-70.17100919756079,-70.17100919756079
1228.1500344276428,-70.17372195136312,-70.17372195136312
1228.1600344276428,-70.17644193135119,-70.17644193135119
1228.1700344276428,-70.17916918615478,-70.17916918615478
1228.1800344276428,-70.18190376315512,-70.18190376315512
1228.1900344276428,-70.18464570854061,-70.18464570854061
1228.2000344276428,-70.18739506729317,-70.18739506729317
1228.2100344276428,-70.19015188322612,-70.19015188322612
1228.2200344276428,-70.19291619897974,-70.19291619897974
1228.2300344276427,-70.19568805604102,-70.19568805604102
1228.2400344276427,-70.19846749476034,-70.19846749476034
1228.2500344514847,-70.20125456101249,-70.20125456101249
1228.2600344514847,-70.20404927967593,-70.20404927967593
1228.2700344514847,-70.20685169436578,-70.20685169436578
1228.2800344514847,-70.20966184104275,-70.20966184104275
1228.2900344514846,-70.21247975458328,-70.21247975458328
1228.3000344514846,-70.2153054688201,-70.2153054688201
1228.3100344514846,-70.21813901653091,-70.21813901653091
1228.3200344514846,-70.22098042948735,-70.22098042948735
1228.3300344514846,-70.22382973844256,-70.22382973844256
1228.3400344514846,-70.22668697315393,-70.22668697315393
1228.3500344514846,-70.2295521623809,-70.2295521623809
1228.3600344514846,-70.23242533393292,-70.23242533393292
1228.3700344514846,-70.23530651465403,-70.23530651465403
1228.3800344514848,-70.23819573043467,-70.23819573043467
1228.3900344514848,-70.24109300624546,-70.24109300624546
1228.4000344514848,-70.24399836613917,-70.24399836613917
1228.4100344514848,-70.24691183325488,-70.24691183325488
1228.4200344514848,-70.24983342984395,-70.24983342984395
1228.4300344514847,-70.25276317728391,-70.25276317728391
1228.4400344514847,-70.25570109607507,-70.25570109607507
1228.4500344514847,-70.258647205863,-70.258647205863
1228.4600344514847,-70.26160152546866,-70.26160152546866
1228.4700344514847,-70.26456407285728,-70.26456407285728
1228.4800344514847,-70.26753486518847,-70.26753486518847
1228.4900344514847,-70.27051391882446,-70.27051391882446
1228.5000344514847,-70.27350124931856,-70.27350124931856
1228.5100344514847,-70.27649687144165,-70.27649687144165
1228.5200344514847,-70.27950079920488,-70.27950079920488
1228.5300344514847,-70.28251304585704,-70.28251304585704
1228.5400344514846,-70.28553362389584,-70.28553362389584
1228.5500344514846,-70.2885625450783,-70.2885625450783
1228.5600344514846,-70.29159982044177,-70.29159982044177
1228.5700344514846,-70.294645460311,-70.294645460311
1228.5800344514846,-70.29769947429857,-70.29769947429857
1228.5900344514846,-70.30076187132867,-70.30076187132867
1228.6000344514846,-70.30383265965409,-70.30383265965409
1228.6100344514846,-70.30691184683482,-70.30691184683482
1228.6200344514846,-70.30999943978803,-70.30999943978803
1228.6300344514848,-70.31309544476281,-70.31309544476281
1228.6400344514848,-70.31619986738444,-70.31619986738444
1228.6500344514848,-70.31931271263787,-70.31931271263787
1228.6600344514848,-70.32243398488896,-70.32243398488896
1228.6700344514848,-70.32556368789155,-70.32556368789155
1228.6800344514847,-70.32870182479734,-70.32870182479734
1228.6900344514847,-70.33184839817714,-70.33184839817714
1228.7000344514847,-70.33500341000344,-70.33500341000344
1228.7100344514847,-70.33816686167891,-70.33816686167891
1228.7200344514847,-70.34133875404746,-70.34133875404746
1228.7300344514847,-70.34451908740463,-70.34451908740463
1228.7400344514847,-70.34770786148525,-70.34770786148525
1228.7500344514847,-70.3509050754983,-70.3509050754983
1228.7600344514847,-70.3541107281163,-70.3541107281163
1228.7700344514847,-70.35732481750502,-70.35732481750502
1228.7800344514847,-70.36054734130238,-70.36054734130238
1228.7900344514846,-70.36377829666377,-70.36377829666377
1228.8000344514846,-70.3670176802324,-70.3670176802324
1228.8100344514846,-70.370265488176,-70.370265488176
1228.8200344514846,-70.3735217161793,-70.3735217161793
1228.8300344514846,-70.37678635946286,-70.37678635946286
1228.8400344514846,-70.38005941277348,-70.38005941277348
1228.8500344514846,-70.38334087042348,-70.38334087042348
1228.8600344514846,-70.38663072626213,-70.38663072626213
1228.8700344514846,-70.38992897371061,-70.38992897371061
1228.8800344514848,-70.3932356057456,-70.3932356057456
1228.8900344514848,-70.39655061493191,-70.39655061493191
1228.9000344514848,-70.39987399341368,-70.39987399341368
1228.9100344514848,-70.40320573293,-70.40320573293
1228.9200344514848,-70.40654582480069,-70.40654582480069
1228.9300344514847,-70.40989425997272,-70.40989425997272
1228.9400344514847,-70.41325102899448,-70.41325102899448
1228.9500344514847,-70.41661612203035,-70.41661612203035
1228.9600344514847,-70.41998339269992,-70.41998339269992
1228.9700344514847,-70.423350143846,-70.423350143846
1228.9800344514847,-70.42671505701806,-70.42671505701806
1228.9900344514847,-70.4300774518349,-70.4300774518349
1229.0000344514847,-70.43343700326966,-70.43343700326966
1229.0100344514847,-70.43679359482846,-70.43679359482846
1229.0200344514847,-70.4401472324622,-70.4401472324622
1229.0300344514847,-70.44349799285055,-70.44349799285055
1229.0400344514846,-70.44684599230357,-70.44684599230357
1229.0500344514846,-70.45019136808853,-70.45019136808853
1229.0600344514846,-70.45353426732994,-70.45353426732994
1229.0700344514846,-70.45687484046141,-70.45687484046141
1229.0800344514846,-70.46021323751779,-70.46021323751779
1229.0900344514846,-70.46354960605858,-70.46354960605858
1229.1000344753265,-70.46688409810001,-70.46688409810001
1229.1100344753265,-70.47021683795509,-70.47021683795509
1229.1200344753265,-70.47354796979644,-70.47354796979644
1229.1300344753265,-70.4768776260759,-70.4768776260759
1229.1400344753265,-70.48020593567566,-70.48020593567566
1229.1500344753265,-70.48353302420256,-70.48353302420256
1229.1600344753265,-70.48685901426472,-70.48685901426472
1229.1700344753265,-70.49018402577427,-70.49018402577427
1229.1800344753265,-70.49350817618607,-70.49350817618607
1229.1900344753265,-70.49683158072229,-70.49683158072229
1229.2000344753264,-70.50015435257836,-70.50015435257836
1229.2100344753264,-70.50347660310072,-70.50347660310072
1229.2200344753264,-70.50679844192314,-70.50679844192314
1229.2300344753266,-70.51011997709995,-70.51011997709995
1229.2400344753266,-70.5134413152288,-70.5134413152288
1229.2500344753266,-70.51676256149076,-70.51676256149076
1229.2600344753266,-70.52008381977481,-70.52008381977481
1229.2700344753266,-70.52340519272049,-70.52340519272049
1229.2800344753266,-70.52672678175199,-70.52672678175199
1229.2900344753266,-70.53004868713067,-70.53004868713067
1229.3000344753266,-70.53337100799477,-70.53337100799477
1229.3100344753266,-70.53669384236126,-70.53669384236126
1229.3200344753266,-70.54001728716773,-70.54001728716773
1229.3300344753266,-70.54334143826783,-70.54334143826783
1229.3400344753265,-70.5466663904607,-70.5466663904607
1229.3500344753265,-70.5499922374867,-70.5499922374867
1229.3600344753265,-70.55331907203389,-70.55331907203389
1229.3700344753265,-70.55664698574084,-70.55664698574084
1229.3800344753265,-70.55997606919054,-70.55997606919054
1229.3900344753265,-70.5633064119249,-70.5633064119249
1229.4000344753265,-70.56663810243994,-70.56663810243994
1229.4100344753265,-70.56997122818004,-70.56997122818004
1229.4200344753265,-70.57330587551678,-70.57330587551678
1229.4300344753265,-70.57664212978445,-70.57664212978445
1229.4400344753265,-70.57998007524746,-70.57998007524746
1229.4500344753264,-70.58331979510702,-70.58331979510702
1229.4600344753264,-70.5866613715032,-70.5866613715032
1229.4700344753264,-70.59000488549684,-70.59000488549684
1229.4800344753266,-70.59335041708344,-70.59335041708344
1229.4900344753266,-70.59669804517513,-70.59669804517513
1229.5000344753266,-70.60004784760473,-70.60004784760473
1229.5100344753266,-70.6033999011407,-70.6033999011407
1229.5200344753266,-70.60675428145495,-70.60675428145495
1229.5300344753266,-70.61011106313704,-70.61011106313704
1229.5400344753266,-70.61347031969679,-70.61347031969679
1229.5500344753266,-70.61683212355786,-70.61683212355786
1229.5600344753266,-70.62019654605751,-70.62019654605751
1229.5700344753266,-70.62356365745907,-70.62356365745907
1229.5800344753266,-70.62693352692362,-70.62693352692362
1229.5900344753265,-70.63030622254723,-70.63030622254723
1229.6000344753265,-70.63368181133579,-70.63368181133579
1229.6100344753265,-70.63706035922365,-70.63706035922365
1229.6200344753265,-70.64044193106439,-70.64044193106439
1229.6300344753265,-70.64382659063733,-70.64382659063733
1229.6400344753265,-70.64721440066559,-70.64721440066559
1229.6500344753265,-70.65060542279107,-70.65060542279107
1229.6600344753265,-70.65399971759555,-70.65399971759555
1229.6700344753265,-70.6573973446138,-70.6573973446138
1229.6800344753265,-70.6607983623181,-70.6607983623181
1229.6900344753265,-70.66420282813209,-70.66420282813209
1229.7000344753264,-70.6676107984449,-70.6676107984449
1229.7100344753264,-70.67102232859907,-70.67102232859907
1229.7200344753264,-70.67443747291885,-70.67443747291885
1229.7300344753266,-70.67785628468434,-70.67785628468434
1229.7400344753266,-70.68127881618304,-70.68127881618304
1229.7500344753266,-70.68470511866015,-70.68470511866015
1229.7600344753266,-70.68813524238386,-70.68813524238386
1229.7700344753266,-70.69156923660807,-70.69156923660807
1229.7800344753266,-70.69500714959453,-70.69500714959453
1229.7900344753266,-70.69844902864074,-70.69844902864074
1229.8000344753266,-70.7018949200413,-70.7018949200413
1229.8100344753266,-70.70534486914639,-70.70534486914639
1229.8200344753266,-70.70879892033877,-70.70879892033877
1229.8300344753266,-70.71225711704153,-70.71225711704153
1229.8400344753265,-70.71571950175229,-70.71571950175229
1229.8500344753265,-70.71918611601336,-70.71918611601336
1229.8600344753265,-70.72265700046214,-70.72265700046214
1229.8700344753265,-70.72613219479457,-70.72613219479457
1229.8800344753265,-70.72961173781067,-70.72961173781067
1229.8900344753265,-70.73309566741793,-70.73309566741793
1229.9000344753265,-70.7365840206232,-70.7365840206232
1229.9100344753265,-70.74007683354944,-70.74007683354944
1229.9200344753265,-70.74357414145085,-70.74357414145085
1229.9300344753265,-70.7470759787142,-70.7470759787142
1229.9400344753265,-70.75058237886643,-70.75058237886643
1229.9500344991684,-70.75409338296957,-70.75409338296957
1229.9600344991684,-70.75760900616243,-70.75760900616243
1229.9700344991684,-70.76112928780908,-70.76112928780908
1229.9800344991684,-70.76465425811513,-70.76465425811513
1229.9900344991684,-70.76818394647628,-70.76818394647628
1230.0000344991684,-70.77171838148791,-70.77171838148791
1230.0100344991683,-70.77525759095957,-70.77525759095957
1230.0200344991683,-70.77880160190969,-70.77880160190969
1230.0300344991683,-70.78235044059737,-70.78235044059737
1230.0400344991683,-70.78590413250085,-70.78590413250085
1230.0500344991683,-70.78946270236914,-70.78946270236914
1230.0600344991683,-70.79302617418566,-70.79302617418566
1230.0700344991683,-70.79659457121737,-70.79659457121737
1230.0800344991685,-70.80016791598105,-70.80016791598105
1230.0900344991685,-70.80374623030046,-70.80374623030046
1230.1000344991685,-70.80732953527124,-70.80732953527124
1230.1100344991685,-70.81091785131561,-70.81091785131561
1230.1200344991685,-70.81451119813832,-70.81451119813832
1230.1300344991685,-70.81810959478287,-70.81810959478287
1230.1400344991685,-70.82171305961285,-70.82171305961285
1230.1500344991684,-70.82532161033636,-70.82532161033636
1230.1600344991684,-70.82893526399663,-70.82893526399663
1230.1700344991684,-70.83255403699599,-70.83255403699599
1230.1800344991684,-70.83617794510602,-70.83617794510602
1230.1900344991684,-70.83980700346353,-70.83980700346353
1230.2000344991684,-70.84344122658713,-70.84344122658713
1230.2100344991684,-70.84708062838546,-70.84708062838546
1230.2200344991684,-70.85072522216538,-70.85072522216538
1230.2300344991684,-70.85437502063995,-70.85437502063995
1230.2400344991684,-70.85803003594198,-70.85803003594198
1230.2500344991684,-70.86169027961085,-70.86169027961085
1230.2600344991683,-70.86535576263545,-70.86535576263545
1230.2700344991683,-70.8690264954327,-70.8690264954327
1230.2800344991683,-70.87270248787198,-70.87270248787198
1230.2900344991683,-70.87638374927859,-70.87638374927859
1230.3000344991683,-70.88007028842895,-70.88007028842895
1230.3100344991683,-70.88376211358435,-70.88376211358435
1230.3200344991683,-70.8874592324819,-70.8874592324819
1230.3300344991685,-70.89116165234252,-70.89116165234252
1230.3400344991685,-70.89486937988652,-70.89486937988652
1230.3500344991685,-70.89858242131928,-70.89858242131928
1230.3600344991685,-70.9023007823743,-70.9023007823743
1230.3700344991685,-70.90602446829125,-70.90602446829125
1230.3800344991685,-70.9097534838377,-70.9097534838377
1230.3900344991685,-70.91348783331479,-70.91348783331479
1230.4000344991684,-70.91722752054889,-70.91722752054889
1230.4100344991684,-70.92097254892603,-70.92097254892603
1230.4200344991684,-70.92472292137768,-70.92472292137768
1230.4300344991684,-70.92847864039761,-70.92847864039761
1230.4400344991684,-70.93223970803747,-70.93223970803747
1230.4500344991684,-70.93600612594317,-70.93600612594317
1230.4600344991684,-70.93977171105705,-70.93977171105705
1230.4700344991684,-70.94353375491741,-70.94353375491741
1230.4800344991684,-70.94729093802191,-70.94729093802191
1230.4900344991684,-70.9510425836999,-70.9510425836999
1230.5000344991684,-70.95478837332904,-70.95478837332904
1230.5100344991683,-70.95852819842476,-70.95852819842476
1230.5200344991683,-70.96226207393934,-70.96226207393934
1230.5300344991683,-70.96599008616593,-70.96599008616593
1230.5400344991683,-70.96971236142474,-70.96971236142474
1230.5500344991683,-70.97342904725872,-70.97342904725872
1230.5600344991683,-70.97714030122252,-70.97714030122252
1230.5700344991683,-70.98084628432433,-70.98084628432433
1230.5800344991685,-70.98454715723079,-70.98454715723079
1230.5900344991685,-70.98824307821653,-70.98824307821653
1230.6000344991685,-70.99193420210537,-70.99193420210537
1230.6100344991685,-70.995620679888,-70.995620679888
1230.6200344991685,-70.99930265862287,-70.99930265862287
1230.6300344991685,-71.00298028158599,-71.00298028158599
1230.6400344991685,-71.00665368853218,-71.00665368853218
1230.6500344991684,-71.01032301593507,-71.01032301593507
1230.6600344991684,-71.01398839729845,-71.01398839729845
1230.6700344991684,-71.01764996341146,-71.01764996341146
1230.6800344991684,-71.02130784263093,-71.02130784263093
1230.6900344991684,-71.02496216107764,-71.02496216107764
1230.7000344991684,-71.0286130428395,-71.0286130428395
1230.7100344991684,-71.03226061016511,-71.03226061016511
1230.7200344991684,-71.03590498357562,-71.03590498357562
1230.7300344991684,-71.03954628201235,-71.03954628201235
1230.7400344991684,-71.04318462294079,-71.04318462294079
1230.7500344991684,-71.04682012241773,-71.04682012241773
1230.7600344991683,-71.0504528951822,-71.0504528951822
1230.7700344991683,-71.05408305470937,-71.05408305470937
1230.7800344991683,-71.05771071325626,-71.05771071325626
1230.7900344991683,-71.06133598189273,-71.06133598189273
1230.8000345230103,-71.06495897916464,-71.06495897916464
1230.8100345230102,-71.06857979662365,-71.06857979662365
1230.8200345230102,-71.07219855056809,-71.07219855056809
1230.8300345230102,-71.07581534759946,-71.07581534759946
1230.8400345230102,-71.07943029321957,-71.07943029321957
1230.8500345230102,-71.08304349185094,-71.08304349185094
1230.8600345230102,-71.08665504683968,-71.08665504683968
1230.8700345230102,-71.09026506046199,-71.09026506046199
1230.8800345230102,-71.09387363391156,-71.09387363391156
1230.8900345230102,-71.09748086732489,-71.09748086732489
1230.9000345230102,-71.10108685974339,-71.10108685974339
1230.9100345230102,-71.1046917091321,-71.1046917091321
1230.9200345230101,-71.10829551236834,-71.10829551236834
1230.9300345230104,-71.11189836526033,-71.11189836526033
1230.9400345230104,-71.11550036251023,-71.11550036251023
1230.9500345230103,-71.11910159772569,-71.11910159772569
1230.9600345230103,-71.12269596321651,-71.12269596321651
1230.9700345230103,-71.12628083418161,-71.12628083418161
1230.9800345230103,-71.12985497770549,-71.12985497770549
1230.9900345230103,-71.13341780465666,-71.13341780465666
1231.0000345230103,-71.13696908418103,-71.13696908418103
1231.0100345230103,-71.14050879539293,-71.14050879539293
1231.0200345230103,-71.1440370404752,-71.1440370404752
1231.0300345230103,-71.14755399242355,-71.14755399242355
1231.0400345230103,-71.15105986364911,-71.15105986364911
1231.0500345230103,-71.15455488712102,-71.15455488712102
1231.0600345230102,-71.15803930513643,-71.15803930513643
1231.0700345230102,-71.1615133627127,-71.1615133627127
1231.0800345230102,-71.16497730377357,-71.16497730377357
1231.0900345230102,-71.16843136910434,-71.16843136910434
1231.1000345230102,-71.17187579529337,-71.17187579529337
1231.1100345230102,-71.17531081429873,-71.17531081429873
1231.1200345230102,-71.17873665338023,-71.17873665338023
1231.1300345230102,-71.18215353522783,-71.18215353522783
1231.1400345230102,-71.18556167822037,-71.18556167822037
1231.1500345230102,-71.18896129667156,-71.18896129667156
1231.1600345230102,-71.19235260113533,-71.19235260113533
1231.1700345230101,-71.19573579865306,-71.19573579865306
1231.1800345230104,-71.19911109302195,-71.19911109302195
1231.1900345230104,-71.20247868502135,-71.20247868502135
1231.2000345230103,-71.20583877261005,-71.20583877261005
1231.2100345230103,-71.20918534386472,-71.20918534386472
1231.2200345230103,-71.2125158726857,-71.2125158726857
1231.2300345230103,-71.21582922529404,-71.21582922529404
1231.2400345230103,-71.2191249113437,-71.2191249113437
1231.2500345230103,-71.22240279811095,-71.22240279811095
1231.2600345230103,-71.22566296213395,-71.22566296213395
1231.2700345230103,-71.22890560220236,-71.22890560220236
1231.2800345230103,-71.23213098714044,-71.23213098714044
1231.2900345230103,-71.23533942440154,-71.23533942440154
1231.3000345230103,-71.2385312412092,-71.2385312412092
1231.3100345230102,-71.24170677334533,-71.24170677334533
1231.3200345230102,-71.24486635853799,-71.24486635853799
1231.3300345230102,-71.24801033270253,-71.24801033270253
1231.3400345230102,-71.25113902784757,-71.25113902784757
1231.3500345230102,-71.25425277104867,-71.25425277104867
1231.3600345230102,-71.25735188403394,-71.25735188403394
1231.3700345230102,-71.26043668309458,-71.26043668309458
1231.3800345230102,-71.26350747924839,-71.26350747924839
1231.3900345230102,-71.26656457844184,-71.26656457844184
1231.4000345230102,-71.26960828185,-71.26960828185
1231.4100345230102,-71.2726388861454,-71.2726388861454
1231.4200345230101,-71.27565668375695,-71.27565668375695
1231.4300345230104,-71.27866196314348,-71.27866196314348
1231.4400345230104,-71.2816550089953,-71.2816550089953
1231.4500345230103,-71.28463610242397,-71.28463610242397
1231.4600345230103,-71.28760552115217,-71.28760552115217
1231.4700345230103,-71.29056353962748,-71.29056353962748
1231.4800345230103,-71.2935104291635,-71.2935104291635
1231.4900345230103,-71.29644645803623,-71.29644645803623
1231.5000345230103,-71.29937189155535,-71.29937189155535
1231.5100345230103,-71.30228699214908,-71.30228699214908
1231.5200345230103,-71.30519201940925,-71.30519201940925
1231.5300345230103,-71.30808723015873,-71.30808723015873
1231.5400345230103,-71.31097287845425,-71.31097287845425
1231.5500345230103,-71.31384921565311,-71.31384921565311
1231.5600345230102,-71.31671649041611,-71.31671649041611
1231.5700345230102,-71.31957494874365,-71.31957494874365
1231.5800345230102,-71.32242483395697,-71.32242483395697
1231.5900345230102,-71.32526638675323,-71.32526638675323
1231.6000345230102,-71.32809984518579,-71.32809984518579
1231.6100345230102,-71.33092544469127,-71.33092544469127
1231.6200345230102,-71.33374341808477,-71.33374341808477
1231.6300345230102,-71.33655399555136,-71.33655399555136
1231.6400345230102,-71.3393574046903,-71.3393574046903
1231.650034546852,-71.34215387712717,-71.34215387712717
1231.660034546852,-71.34494362191407,-71.34494362191407
1231.670034546852,-71.34772686549796,-71.34772686549796
1231.680034546852,-71.35050382506564,-71.35050382506564
1231.690034546852,-71.35327471520522,-71.35327471520522
1231.700034546852,-71.3560397479211,-71.3560397479211
1231.710034546852,-71.3587991326271,-71.3587991326271
1231.720034546852,-71.36155307616467,-71.36155307616467
1231.730034546852,-71.36430178280985,-71.36430178280985
1231.740034546852,-71.36704545425992,-71.36704545425992
1231.750034546852,-71.369784289667,-71.369784289667
1231.760034546852,-71.3725184856186,-71.3725184856186
1231.770034546852,-71.37524823616737,-71.37524823616737
1231.7800345468522,-71.37797373283911,-71.37797373283911
1231.7900345468522,-71.38069516461815,-71.38069516461815
1231.8000345468522,-71.38341271799008,-71.38341271799008
1231.8100345468522,-71.38612657692916,-71.38612657692916
1231.8200345468522,-71.38883692292146,-71.38883692292146
1231.8300345468522,-71.39154393497056,-71.39154393497056
1231.8400345468522,-71.39424778963054,-71.39424778963054
1231.8500345468522,-71.39694866097601,-71.39694866097601
1231.8600345468521,-71.39964672066446,-71.39964672066446
1231.8700345468521,-71.4023421379085,-71.4023421379085
1231.8800345468521,-71.40503507952872,-71.40503507952872
1231.8900345468521,-71.40772570993929,-71.40772570993929
1231.900034546852,-71.41041419118883,-71.41041419118883
1231.910034546852,-71.41310068295324,-71.41310068295324
1231.920034546852,-71.41578534256685,-71.41578534256685
1231.930034546852,-71.41846832502868,-71.41846832502868
1231.940034546852,-71.42114978304905,-71.42114978304905
1231.950034546852,-71.42382986701824,-71.42382986701824
1231.960034546852,-71.42650250040961,-71.42650250040961
1231.970034546852,-71.429165103773,-71.429165103773
1231.980034546852,-71.43181649442668,-71.43181649442668
1231.990034546852,-71.4344561351236,-71.4344561351236
1232.000034546852,-71.43708384729266,-71.43708384729266
1232.010034546852,-71.43969966214584,-71.43969966214584
1232.020034546852,-71.4423037333404,-71.4423037333404
1232.0300345468522,-71.44489628456773,-71.44489628456773
1232.0400345468522,-71.44747757799303,-71.44747757799303
1232.0500345468522,-71.45004789535594,-71.45004789535594
1232.0600345468522,-71.45260752670664,-71.45260752670664
1232.0700345468522,-71.4551567637636,-71.4551567637636
1232.0800345468522,-71.45769589616631,-71.45769589616631
1232.0900345468522,-71.46022520937335,-71.46022520937335
1232.1000345468522,-71.46274498367089,-71.46274498367089
1232.1100345468521,-71.46525549373557,-71.46525549373557
1232.1200345468521,-71.4677570086151,-71.4677570086151
1232.1300345468521,-71.47024979187027,-71.47024979187027
1232.1400345468521,-71.47273410182352,-71.47273410182352
1232.150034546852,-71.47521019188183,-71.47521019188183
1232.160034546852,-71.47767831082122,-71.47767831082122
1232.170034546852,-71.48013870308024,-71.48013870308024
1232.180034546852,-71.4825916090419,-71.4825916090419
1232.190034546852,-71.48503726528043,-71.48503726528043
1232.200034546852,-71.48747590476435,-71.48747590476435
1232.210034546852,-71.48990775704648,-71.48990775704648
1232.220034546852,-71.49233304844358,-71.49233304844358
1232.230034546852,-71.49475200217184,-71.49475200217184
1232.240034546852,-71.49716483845829,-71.49716483845829
1232.250034546852,-71.49957177465316,-71.49957177465316
1232.260034546852,-71.5019730253186,-71.5019730253186
1232.270034546852,-71.50436880230225,-71.50436880230225
1232.2800345468522,-71.50675931479974,-71.50675931479974
1232.2900345468522,-71.50914476941838,-71.50914476941838
1232.3000345468522,-71.51152537021767,-71.51152537021767
1232.3100345468522,-71.51390131874003,-71.51390131874003
1232.3200345468522,-71.51627281405656,-71.51627281405656
1232.3300345468522,-71.51864005281008,-71.51864005281008
1232.3400345468522,-71.52100322919733,-71.52100322919733
1232.3500345468522,-71.52336253504491,-71.52336253504491
1232.3600345468521,-71.52571815979331,-71.52571815979331
1232.3700345468521,-71.52807029051897,-71.52807029051897
1232.3800345468521,-71.53041911196335,-71.53041911196335
1232.3900345468521,-71.53276480653733,-71.53276480653733
1232.400034546852,-71.53510755433254,-71.53510755433254
1232.410034546852,-71.53744753314865,-71.53744753314865
1232.420034546852,-71.5397849184809,-71.5397849184809
1232.430034546852,-71.54211988356089,-71.54211988356089
1232.440034546852,-71.54445259934015,-71.54445259934015
1232.450034546852,-71.54678323451172,-71.54678323451172
1232.460034546852,-71.5491119555311,-71.5491119555311
1232.470034546852,-71.55143892661748,-71.55143892661748
1232.480034546852,-71.55376430976358,-71.55376430976358
1232.490034546852,-71.55608826474909,-71.55608826474909
1232.500034570694,-71.55841095469174,-71.55841095469174
1232.510034570694,-71.56073252391899,-71.56073252391899
1232.520034570694,-71.56305313117831,-71.56305313117831
1232.530034570694,-71.56537292751129,-71.56537292751129
1232.540034570694,-71.56769206182568,-71.56769206182568
1232.550034570694,-71.57001068087241,-71.57001068087241
1232.560034570694,-71.57232892929494,-71.57232892929494
1232.570034570694,-71.57464694960115,-71.57464694960115
1232.580034570694,-71.57696488221254,-71.57696488221254
1232.590034570694,-71.57928286547615,-71.57928286547615
1232.6000345706939,-71.58160103564944,-71.58160103564944
1232.6100345706939,-71.58391952694402,-71.58391952694402
1232.6200345706939,-71.58623847153433,-71.58623847153433
1232.630034570694,-71.58855799955569,-71.58855799955569
1232.640034570694,-71.59087823915543,-71.59087823915543
1232.650034570694,-71.5931993164633,-71.5931993164633
1232.660034570694,-71.59552135565866,-71.59552135565866
1232.670034570694,-71.59784447893729,-71.59784447893729
1232.680034570694,-71.60016880655725,-71.60016880655725
1232.690034570694,-71.60249445685595,-71.60249445685595
1232.700034570694,-71.60482154624037,-71.60482154624037
1232.710034570694,-71.60715018924236,-71.60715018924236
1232.720034570694,-71.60948049850812,-71.60948049850812
1232.730034570694,-71.61181258483303,-71.61181258483303
1232.740034570694,-71.61414655715463,-71.61414655715463
1232.750034570694,-71.61648252259832,-71.61648252259832
1232.760034570694,-71.61882058647794,-71.61882058647794
1232.770034570694,-71.62116085231469,-71.62116085231469
1232.780034570694,-71.62350342187166,-71.62350342187166
1232.790034570694,-71.62584839514666,-71.62584839514666
1232.800034570694,-71.62819587040663,-71.62819587040663
1232.810034570694,-71.63054594419835,-71.63054594419835
1232.820034570694,-71.63289871137236,-71.63289871137236
1232.830034570694,-71.63525426510135,-71.63525426510135
1232.840034570694,-71.63761269688882,-71.63761269688882
1232.8500345706939,-71.63997409659629,-71.63997409659629
1232.8600345706939,-71.6423385524569,-71.6423385524569
1232.8700345706939,-71.64470615110143,-71.64470615110143
1232.880034570694,-71.64707697756606,-71.64707697756606
1232.890034570694,-71.6494511153113,-71.6494511153113
1232.900034570694,-71.6518286462446,-71.6518286462446
1232.910034570694,-71.65420965074615,-71.65420965074615
1232.920034570694,-71.65659420766454,-71.65659420766454
1232.930034570694,-71.65898239435924,-71.65898239435924
1232.940034570694,-71.66137428669593,-71.66137428669593
1232.950034570694,-71.66376995908591,-71.66376995908591
1232.960034570694,-71.66616948448716,-71.66616948448716
1232.970034570694,-71.6685729344289,-71.6685729344289
1232.980034570694,-71.67098037903037,-71.67098037903037
1232.990034570694,-71.67339188701328,-71.67339188701328
1233.000034570694,-71.6758075257173,-71.6758075257173
1233.010034570694,-71.67822736112835,-71.67822736112835
1233.020034570694,-71.68065145789458,-71.68065145789458
1233.030034570694,-71.68307987932265,-71.68307987932265
1233.040034570694,-71.68551268741881,-71.68551268741881
1233.050034570694,-71.68794994289671,-71.68794994289671
1233.060034570694,-71.69039170519717,-71.69039170519717
1233.070034570694,-71.69283803248344,-71.69283803248344
1233.080034570694,-71.69528898169912,-71.69528898169912
1233.090034570694,-71.69774460855271,-71.69774460855271
1233.1000345706939,-71.70020496752635,-71.70020496752635
1233.1100345706939,-71.70267011193133,-71.70267011193133
1233.1200345706939,-71.7051400938815,-71.7051400938815
1233.130034570694,-71.70761496433182,-71.70761496433182
1233.140034570694,-71.71009477309998,-71.71009477309998
1233.150034570694,-71.71257956886686,-71.71257956886686
1233.160034570694,-71.71506939917755,-71.71506939917755
1233.170034570694,-71.71756431049835,-71.71756431049835
1233.180034570694,-71.72006434819497,-71.72006434819497
1233.190034570694,-71.72256955657282,-71.72256955657282
1233.200034570694,-71.7250799788654,-71.7250799788654
1233.210034570694,-71.72759565727874,-71.72759565727874
1233.220034570694,-71.7301166329729,-71.7301166329729
1233.230034570694,-71.73264294610858,-71.73264294610858
1233.240034570694,-71.73517463583543,-71.73517463583543
1233.250034570694,-71.73771174031994,-71.73771174031994
1233.260034570694,-71.74025429676688,-71.74025429676688
1233.270034570694,-71.74280234140532,-71.74280234140532
1233.280034570694,-71.74535590953293,-71.74535590953293
1233.290034570694,-71.74791503550695,-71.74791503550695
1233.300034570694,-71.75047975276337,-71.75047975276337
1233.310034570694,-71.75305009384215,-71.75305009384215
1233.320034570694,-71.7556260903845,-71.7556260903845
1233.330034570694,-71.75820777315917,-71.75820777315917
1233.340034570694,-71.760795172055,-71.760795172055
1233.3500345945358,-71.76338832228674,-71.76338832228674
1233.3600345945358,-71.76598723973534,-71.76598723973534
1233.3700345945358,-71.76859195790014,-71.76859195790014
1233.3800345945358,-71.7712025033374,-71.7712025033374
1233.3900345945358,-71.77381890180419,-71.77381890180419
1233.4000345945358,-71.77644117823773,-71.77644117823773
1233.4100345945358,-71.77906935679914,-71.77906935679914
1233.4200345945358,-71.78170346089452,-71.78170346089452
1233.4300345945358,-71.7843435131504,-71.7843435131504
1233.4400345945357,-71.78698953545927,-71.78698953545927
1233.4500345945357,-71.78964154896158,-71.78964154896158
1233.4600345945357,-71.7922995740852,-71.7922995740852
1233.4700345945357,-71.79496363052493,-71.79496363052493
1233.480034594536,-71.79763373728079,-71.79763373728079
1233.490034594536,-71.80030991265596,-71.80030991265596
1233.500034594536,-71.80299217426834,-71.80299217426834
1233.510034594536,-71.80568053906435,-71.80568053906435
1233.520034594536,-71.80837502332439,-71.80837502332439
1233.530034594536,-71.81107564267789,-71.81107564267789
1233.5400345945359,-71.81378241209507,-71.81378241209507
1233.5500345945359,-71.81649534592906,-71.81649534592906
1233.5600345945359,-71.81921445789973,-71.81921445789973
1233.5700345945359,-71.82193976111718,-71.82193976111718
1233.5800345945358,-71.82467126807644,-71.82467126807644
1233.5900345945358,-71.8274089906748,-71.8274089906748
1233.6000345945358,-71.83015294023085,-71.83015294023085
1233.6100345945358,-71.83290312748764,-71.83290312748764
1233.6200345945358,-71.83565956260055,-71.83565956260055
1233.6300345945358,-71.83842225518013,-71.83842225518013
1233.6400345945358,-71.84119121426845,-71.84119121426845
1233.6500345945358,-71.84396644838311,-71.84396644838311
1233.6600345945358,-71.84674796549011,-71.84674796549011
1233.6700345945358,-71.849535773038,-71.849535773038
1233.6800345945358,-71.85232987794576,-71.85232987794576
1233.6900345945357,-71.85513028662999,-71.85513028662999
1233.7000345945357,-71.85793700500004,-71.85793700500004
1233.7100345945357,-71.86075003847579,-71.86075003847579
1233.7200345945357,-71.86356939197557,-71.86356939197557
1233.730034594536,-71.86639506995621,-71.86639506995621
1233.740034594536,-71.86922707638685,-71.86922707638685
1233.750034594536,-71.87206541478338,-71.87206541478338
1233.760034594536,-71.87491008819805,-71.87491008819805
1233.770034594536,-71.8777610992304,-71.8777610992304
1233.780034594536,-71.88061845003928,-71.88061845003928
1233.7900345945359,-71.88348214235216,-71.88348214235216
1233.8000345945359,-71.88635217745967,-71.88635217745967
1233.8100345945359,-71.8892285562321,-71.8892285562321
1233.8200345945359,-71.89211127912841,-71.89211127912841
1233.8300345945358,-71.89500034619067,-71.89500034619067
1233.8400345945358,-71.89789575706702,-71.89789575706702
1233.8500345945358,-71.90079751100804,-71.90079751100804
1233.8600345945358,-71.90370560687018,-71.90370560687018
1233.8700345945358,-71.90662004312374,-71.90662004312374
1233.8800345945358,-71.9095408178763,-71.9095408178763
1233.8900345945358,-71.91246792885283,-71.91246792885283
1233.9000345945358,-71.91540137341661,-71.91540137341661
1233.9100345945358,-71.9183411485749,-71.9183411485749
1233.9200345945358,-71.92128725097525,-71.92128725097525
1233.9300345945358,-71.92423967692127,-71.92423967692127
1233.9400345945357,-71.9271984223764,-71.9271984223764
1233.9500345945357,-71.93016348296766,-71.93016348296766
1233.9600345945357,-71.93313485399473,-71.93313485399473
1233.9700345945357,-71.93611253042073,-71.93611253042073
1233.980034594536,-71.93909650690698,-71.93909650690698
1233.990034594536,-71.94208677778677,-71.94208677778677
1234.000034594536,-71.94508333709015,-71.94508333709015
1234.010034594536,-71.94808617854855,-71.94808617854855
1234.020034594536,-71.95109529558465,-71.95109529558465
1234.030034594536,-71.95411068133077,-71.95411068133077
1234.0400345945359,-71.95713232863405,-71.95713232863405
1234.0500345945359,-71.96016023005565,-71.96016023005565
1234.0600345945359,-71.96319437787795,-71.96319437787795
1234.0700345945359,-71.96623476411037,-71.96623476411037
1234.0800345945358,-71.9692813804908,-71.9692813804908
1234.0900345945358,-71.97233421850122,-71.97233421850122
1234.1000345945358,-71.97539326934802,-71.97539326934802
1234.1100345945358,-71.97845852398981,-71.97845852398981
1234.1200345945358,-71.98152997314048,-71.98152997314048
1234.1300345945358,-71.98460760725348,-71.98460760725348
1234.1400345945358,-71.98769141654796,-71.98769141654796
1234.1500345945358,-71.99078139101326,-71.99078139101326
1234.1600345945358,-71.99387752038967,-71.99387752038967
1234.1700345945358,-71.99697979418853,-71.99697979418853
1234.1800345945358,-72.00008820169577,-72.00008820169577
1234.1900345945357,-72.00320273198977,-72.00320273198977
1234.2000346183777,-72.0063233813422,-72.0063233813422
1234.2100346183777,-72.0094501235707,-72.0094501235707
1234.2200346183777,-72.01258295447658,-72.01258295447658
1234.2300346183777,-72.01572186229566,-72.01572186229566
1234.2400346183776,-72.01886683504642,-72.01886683504642
1234.2500346183776,-72.02201786054623,-72.02201786054623
1234.2600346183776,-72.02517492640968,-72.02517492640968
1234.2700346183776,-72.02833802007677,-72.02833802007677
1234.2800346183776,-72.03150712878846,-72.03150712878846
1234.2900346183776,-72.03468223959115,-72.03468223959115
1234.3000346183776,-72.03786333937498,-72.03786333937498
1234.3100346183776,-72.04105041483683,-72.04105041483683
1234.3200346183776,-72.04424345249885,-72.04424345249885
1234.3300346183778,-72.0474424387106,-72.0474424387106
1234.3400346183778,-72.05064735965458,-72.05064735965458
1234.3500346183778,-72.05385820135626,-72.05385820135626
1234.3600346183778,-72.05707494966832,-72.05707494966832
1234.3700346183778,-72.06029759029902,-72.06029759029902
1234.3800346183777,-72.063526108786,-72.063526108786
1234.3900346183777,-72.06676049052002,-72.06676049052002
1234.4000346183777,-72.07000072074298,-72.07000072074298
1234.4100346183777,-72.073246784557,-72.073246784557
1234.4200346183777,-72.07649866690674,-72.07649866690674
1234.4300346183777,-72.07975635260303,-72.07975635260303
1234.4400346183777,-72.0830198263183,-72.0830198263183
1234.4500346183777,-72.08628907259697,-72.08628907259697
1234.4600346183777,-72.08956407584209,-72.08956407584209
1234.4700346183777,-72.09284482032933,-72.09284482032933
1234.4800346183777,-72.09613129019836,-72.09613129019836
1234.4900346183776,-72.0994234694824,-72.0994234694824
1234.5000346183776,-72.10272134208077,-72.10272134208077
1234.5100346183776,-72.10602489177771,-72.10602489177771
1234.5200346183776,-72.10933410223653,-72.10933410223653
1234.5300346183776,-72.11264895701255,-72.11264895701255
1234.5400346183776,-72.11596943954171,-72.11596943954171
1234.5500346183776,-72.11929553316115,-72.11929553316115
1234.5600346183776,-72.12262722107762,-72.12262722107762
1234.5700346183776,-72.12596448642877,-72.12596448642877
1234.5800346183778,-72.12930731221672,-72.12930731221672
1234.5900346183778,-72.13265568136352,-72.13265568136352
1234.6000346183778,-72.13600957669247,-72.13600957669247
1234.6100346183778,-72.13936898091015,-72.13936898091015
1234.6200346183778,-72.14273387665894,-72.14273387665894
1234.6300346183777,-72.14610424647266,-72.14610424647266
1234.6400346183777,-72.14948007279325,-72.14948007279325
1234.6500346183777,-72.15286133798453,-72.15286133798453
1234.6600346183777,-72.15624802432458,-72.15624802432458
1234.6700346183777,-72.15964011400148,-72.15964011400148
1234.6800346183777,-72.16303758913162,-72.16303758913162
1234.6900346183777,-72.16644043174118,-72.16644043174118
1234.7000346183777,-72.16984862379496,-72.16984862379496
1234.7100346183777,-72.1732621471624,-72.1732621471624
1234.7200346183777,-72.17668098365291,-72.17668098365291
1234.7300346183777,-72.18010511500654,-72.18010511500654
1234.7400346183776,-72.18353452287909,-72.18353452287909
1234.7500346183776,-72.1869691888825,-72.1869691888825
1234.7600346183776,-72.19040909453165,-72.19040909453165
1234.7700346183776,-72.19385422130846,-72.19385422130846
1234.7800346183776,-72.19730455060979,-72.19730455060979
1234.7900346183776,-72.20076006377926,-72.20076006377926
1234.8000346183776,-72.2042207421053,-72.2042207421053
1234.8100346183776,-72.20768656681275,-72.20768656681275
1234.8200346183776,-72.21115751907381,-72.21115751907381
1234.8300346183778,-72.214633580004,-72.214633580004
1234.8400346183778,-72.21811473067503,-72.21811473067503
1234.8500346183778,-72.22160095209172,-72.22160095209172
1234.8600346183778,-72.22509222522834,-72.22509222522834
1234.8700346183778,-72.22858853098816,-72.22858853098816
1234.8800346183777,-72.23208985025447,-72.23208985025447
1234.8900346183777,-72.23559616384162,-72.23559616384162
1234.9000346183777,-72.23910745253694,-72.23910745253694
1234.9100346183777,-72.24262369708005,-72.24262369708005
1234.9200346183777,-72.24614487816575,-72.24614487816575
1234.9300346183777,-72.24966712796127,-72.24966712796127
1234.9400346183777,-72.25318467968569,-72.25318467968569
1234.9500346183777,-72.25669164913089,-72.25669164913089
1234.9600346183777,-72.26018270474567,-72.26018270474567
1234.9700346183777,-72.26365318014653,-72.26365318014653
1234.9800346183777,-72.26709901234561,-72.26709901234561
1234.9900346183776,-72.27051665053928,-72.27051665053928
1235.0000346183776,-72.27390297526833,-72.27390297526833
1235.0100346183776,-72.27725523354364,-72.27725523354364
1235.0200346183776,-72.28057098761002,-72.28057098761002
1235.0300346183776,-72.28384807389001,-72.28384807389001
1235.0400346183776,-72.28708456948948,-72.28708456948948
1235.0500346422195,-72.29027877188973,-72.29027877188973
1235.0600346422195,-72.29342914498922,-72.29342914498922
1235.0700346422195,-72.29653434499365,-72.29653434499365
1235.0800346422195,-72.2995931725828,-72.2995931725828
1235.0900346422195,-72.3026045657289,-72.3026045657289
1235.1000346422195,-72.30556758683407,-72.30556758683407
1235.1100346422195,-72.30848141147344,-72.30848141147344
1235.1200346422195,-72.31134531852788,-72.31134531852788
1235.1300346422195,-72.31415868151184,-72.31415868151184
1235.1400346422195,-72.3169209608626,-72.3169209608626
1235.1500346422195,-72.31963169709674,-72.31963169709674
1235.1600346422194,-72.32229050471607,-72.32229050471607
1235.1700346422194,-72.32489706670552,-72.32489706670552
1235.1800346422197,-72.3274511295778,-72.3274511295778
1235.1900346422196,-72.32995249890254,-72.32995249890254
1235.2000346422196,-72.33240103521057,-72.33240103521057
1235.2100346422196,-72.33479665026181,-72.33479665026181
1235.2200346422196,-72.33713930365667,-72.33713930365667
1235.2300346422196,-72.33942899962736,-72.33942899962736
1235.2400346422196,-72.34166578416995,-72.34166578416995
1235.2500346422196,-72.3438497423351,-72.3438497423351
1235.2600346422196,-72.34598099571464,-72.34598099571464
1235.2700346422196,-72.34805970010034,-72.34805970010034
1235.2800346422196,-72.3500860433118,-72.3500860433118
1235.2900346422196,-72.35206024313564,-72.35206024313564
1235.3000346422195,-72.35398254542224,-72.35398254542224
1235.3100346422195,-72.35585322226585,-72.35585322226585
1235.3200346422195,-72.35767257031968,-72.35767257031968
1235.3300346422195,-72.35944090920168,-72.35944090920168
1235.3400346422195,-72.3611585799764,-72.3611585799764
1235.3500346422195,-72.36282594374521,-72.36282594374521
1235.3600346422195,-72.36444338029314,-72.36444338029314
1235.3700346422195,-72.36601128680898,-72.36601128680898
1235.3800346422195,-72.36753007669259,-72.36753007669259
1235.3900346422195,-72.36900017841849,-72.36900017841849
1235.4000346422195,-72.3704220344533,-72.3704220344533
1235.4100346422194,-72.37179610022172,-72.37179610022172
1235.4200346422194,-72.37312284315563,-72.37312284315563
1235.4300346422197,-72.37440274175209,-72.37440274175209
1235.4400346422196,-72.37563628472886,-72.37563628472886
1235.4500346422196,-72.37682397018011,-72.37682397018011
1235.4600346422196,-72.37795999140664,-72.37795999140664
1235.4700346422196,-72.37904209603415,-72.37904209603415
1235.4800346422196,-72.38006945796074,-72.38006945796074
1235.4900346422196,-72.38104191527154,-72.38104191527154
1235.5000346422196,-72.38195967882758,-72.38195967882758
1235.5100346422196,-72.38282318043753,-72.38282318043753
1235.5200346422196,-72.38363298364801,-72.38363298364801
1235.5300346422196,-72.38438972987237,-72.38438972987237
1235.5400346422196,-72.38509410574477,-72.38509410574477
1235.5500346422195,-72.38574682336716,-72.38574682336716
1235.5600346422195,-72.3863486083318,-72.3863486083318
1235.5700346422195,-72.38690019248988,-72.38690019248988
1235.5800346422195,-72.3874023096341,-72.3874023096341
1235.5900346422195,-72.38785569297106,-72.38785569297106
1235.6000346422195,-72.38825075495839,-72.38825075495839
1235.6100346422195,-72.38857664022547,-72.38857664022547
1235.6200346422195,-72.38882407955583,-72.38882407955583
1235.6300346422195,-72.38898556522139,-72.38898556522139
1235.6400346422195,-72.38905504194774,-72.38905504194774
1235.6500346422195,-72.3890276161393,-72.3890276161393
1235.6600346422194,-72.38889933812636,-72.38889933812636
1235.6700346422194,-72.38866703976676,-72.38866703976676
1235.6800346422197,-72.38832820886495,-72.38832820886495
1235.6900346422196,-72.38788088901319,-72.38788088901319
1235.7000346422196,-72.38732359780106,-72.38732359780106
1235.7100346422196,-72.38665525917473,-72.38665525917473
1235.7200346422196,-72.38587514682072,-72.38587514682072
1235.7300346422196,-72.38498283645121,-72.38498283645121
1235.7400346422196,-72.38397816530866,-72.38397816530866
1235.7500346422196,-72.38286119766285,-72.38286119766285
1235.7600346422196,-72.3816321951502,-72.3816321951502
1235.7700346422196,-72.38029159125425,-72.38029159125425
1235.7800346422196,-72.37883996923232,-72.37883996923232
1235.7900346422196,-72.3772780429063,-72.3772780429063
1235.8000346422195,-72.37560663997111,-72.37560663997111
1235.8100346422195,-72.3738266873617,-72.3738266873617
1235.8200346422195,-72.37193919848808,-72.37193919848808
1235.8300346422195,-72.36994526194141,-72.36994526194141
1235.8400346422195,-72.36784603165661,-72.36784603165661
1235.8500346422195,-72.36564271814305,-72.36564271814305
1235.8600346422195,-72.3633365807995,-72.3633365807995
1235.8700346422195,-72.36092892109572,-72.36092892109572
1235.8800346422195,-72.35842107653504,-72.35842107653504
1235.8900346422195,-72.3558144152744,-72.3558144152744
1235.9000346660614,-72.35311032494565,-72.35311032494565
1235.9100346660614,-72.35031023394671,-72.35031023394671
1235.9200346660614,-72.34741556970961,-72.34741556970961
1235.9300346660614,-72.34442778042045,-72.34442778042045
1235.9400346660614,-72.34134832578559,-72.34134832578559
1235.9500346660614,-72.33817867436095,-72.33817867436095
1235.9600346660613,-72.33492030116491,-72.33492030116491
1235.9700346660613,-72.33157468549255,-72.33157468549255
1235.9800346660613,-72.32814330902686,-72.32814330902686
1235.9900346660613,-72.32462765411326,-72.32462765411326
1236.0000346660613,-72.32102920218347,-72.32102920218347
1236.0100346660613,-72.31734943238928,-72.31734943238928
1236.0200346660613,-72.31358982035731,-72.31358982035731
1236.0300346660615,-72.30975183703138,-72.30975183703138
1236.0400346660615,-72.30583694771315,-72.30583694771315
1236.0500346660615,-72.30184661112779,-72.30184661112779
1236.0600346660615,-72.29778227861544,-72.29778227861544
1236.0700346660615,-72.29364539339014,-72.29364539339014
1236.0800346660615,-72.28943738989959,-72.28943738989959
1236.0900346660615,-72.285159693226,-72.285159693226
1236.1000346660614,-72.28081371854091,-72.28081371854091
1236.1100346660614,-72.27640087065608,-72.27640087065608
1236.1200346660614,-72.27192254358839,-72.27192254358839
1236.1300346660614,-72.26738012017087,-72.26738012017087
1236.1400346660614,-72.26277497170959,-72.26277497170959
1236.1500346660614,-72.25810845771481,-72.25810845771481
1236.1600346660614,-72.2533819255902,-72.2533819255902
1236.1700346660614,-72.24859671042725,-72.24859671042725
1236.1800346660614,-72.24375413476679,-72.24375413476679
1236.1900346660614,-72.23885550844663,-72.23885550844663
1236.2000346660614,-72.23390212843267,-72.23390212843267
1236.2100346660613,-72.22889527865831,-72.22889527865831
1236.2200346660613,-72.22383622994333,-72.22383622994333
1236.2300346660613,-72.21872623986074,-72.21872623986074
1236.2400346660613,-72.21356655267847,-72.21356655267847
1236.2500346660613,-72.20835839927757,-72.20835839927757
1236.2600346660613,-72.20310299709956,-72.20310299709956
1236.2700346660613,-72.19780155012394,-72.19780155012394
1236.2800346660615,-72.19245524881285,-72.19245524881285
1236.2900346660615,-72.18706527011264,-72.18706527011264
1236.3000346660615,-72.1816327774433,-72.1816327774433
1236.3100346660615,-72.17615892068945,-72.17615892068945
1236.3200346660615,-72.17064483623467,-72.17064483623467
1236.3300346660615,-72.16509164697132,-72.16509164697132
1236.3400346660615,-72.15950046231896,-72.15950046231896
1236.3500346660614,-72.1538723782651,-72.1538723782651
1236.3600346660614,-72.14820847740745,-72.14820847740745
1236.3700346660614,-72.14250982899817,-72.14250982899817
1236.3800346660614,-72.1367774890009,-72.1367774890009
1236.3900346660614,-72.13101250014215,-72.13101250014215
1236.4000346660614,-72.12521589197588,-72.12521589197588
1236.4100346660614,-72.11938868094698,-72.11938868094698
1236.4200346660614,-72.11353187047882,-72.11353187047882
1236.4300346660614,-72.10764645102194,-72.10764645102194
1236.4400346660614,-72.10173340014438,-72.10173340014438
1236.4500346660614,-72.09579368261207,-72.09579368261207
1236.4600346660613,-72.08982825048265,-72.08982825048265
1236.4700346660613,-72.08383804317953,-72.08383804317953
1236.4800346660613,-72.07782398758283,-72.07782398758283
1236.4900346660613,-72.07178699811871,-72.07178699811871
1236.5000346660613,-72.0657279768719,-72.0657279768719
1236.5100346660613,-72.0596478136464,-72.0596478136464
1236.5200346660613,-72.05354738612121,-72.05354738612121
1236.5300346660615,-72.04742755987219,-72.04742755987219
1236.5400346660615,-72.04128918853775,-72.04128918853775
1236.5500346660615,-72.03513311388721,-72.03513311388721
1236.5600346660615,-72.0289601659474,-72.0289601659474
1236.5700346660615,-72.0227711630802,-72.0227711630802
1236.5800346660615,-72.01656691209784,-72.01656691209784
1236.5900346660615,-72.01034820839932,-72.01034820839932
1236.6000346660614,-72.00411583601152,-72.00411583601152
1236.6100346660614,-71.99787056776891,-71.99787056776891
1236.6200346660614,-71.9916131653804,-71.9916131653804
1236.6300346660614,-71.9853443795307,-71.9853443795307
1236.6400346660614,-71.97906495003122,-71.97906495003122
1236.6500346660614,-71.9727756058827,-71.9727756058827
1236.6600346660614,-71.96647706541793,-71.96647706541793
1236.6700346660614,-71.9601700363879,-71.9601700363879
1236.6800346660614,-71.95385521609514,-71.95385521609514
1236.6900346660614,-71.94753329148489,-71.94753329148489
1236.7000346660614,-71.9412049392593,-71.9412049392593
1236.7100346660613,-71.93487082599277,-71.93487082599277
1236.7200346660613,-71.92853160823655,-71.92853160823655
1236.7300346660613,-71.9221879326347,-71.9221879326347
1236.7400346660613,-71.91584043601888,-71.91584043601888
1236.7500346899033,-71.90948973039754,-71.90948973039754
1236.7600346899033,-71.90313646358723,-71.90313646358723
1236.7700346899032,-71.89678122853648,-71.89678122853648
1236.7800346899032,-71.89042462395041,-71.89042462395041
1236.7900346899032,-71.88406723928611,-71.88406723928611
1236.8000346899032,-71.8777096548206,-71.8777096548206
1236.8100346899032,-71.87135244179792,-71.87135244179792
1236.8200346899032,-71.86499616250445,-71.86499616250445
1236.8300346899032,-71.85864137039945,-71.85864137039945
1236.8400346899032,-71.85228861019978,-71.85228861019978
1236.8500346899032,-71.8459384179889,-71.8459384179889
1236.8600346899032,-71.83959132133324,-71.83959132133324
1236.8700346899032,-71.83324783935824,-71.83324783935824
1236.8800346899034,-71.82690848288247,-71.82690848288247
1236.8900346899034,-71.82057375449826,-71.82057375449826
1236.9000346899034,-71.81424414866596,-71.81424414866596
1236.9100346899033,-71.80792015182828,-71.80792015182828
1236.9200346899033,-71.80160224250353,-71.80160224250353
1236.9300346899033,-71.79529089139744,-71.79529089139744
1236.9400346899033,-71.78898656146968,-71.78898656146968
1236.9500346899033,-71.78268970805827,-71.78268970805827
1236.9600346899033,-71.77640077895799,-71.77640077895799
1236.9700346899033,-71.77012021453216,-71.77012021453216
1236.9800346899033,-71.76384844779211,-71.76384844779211
1236.9900346899033,-71.75758590449378,-71.75758590449378
1237.0000346899033,-71.75133300323027,-71.75133300323027
1237.0100346899033,-71.7450901555298,-71.7450901555298
1237.0200346899032,-71.73885776593745,-71.73885776593745
1237.0300346899032,-71.73263623211011,-71.73263623211011
1237.0400346899032,-71.72642594490684,-71.72642594490684
1237.0500346899032,-71.72022728846613,-71.72022728846613
1237.0600346899032,-71.71404064030173,-71.71404064030173
1237.0700346899032,-71.7078663713923,-71.7078663713923
1237.0800346899032,-71.70170484626836,-71.70170484626836
1237.0900346899032,-71.69555642307603,-71.69555642307603
1237.1000346899032,-71.68942145369374,-71.68942145369374
1237.1100346899032,-71.68330028377929,-71.68330028377929
1237.1200346899032,-71.6771932528768,-71.6771932528768
1237.1300346899034,-71.67110069449102,-71.67110069449102
1237.1400346899034,-71.66502293617152,-71.66502293617152
1237.1500346899034,-71.65896029957267,-71.65896029957267
1237.1600346899033,-71.65291310056158,-71.65291310056158
1237.1700346899033,-71.64688164927063,-71.64688164927063
1237.1800346899033,-71.64086625019397,-71.64086625019397
1237.1900346899033,-71.63486720223476,-71.63486720223476
1237.2000346899033,-71.62888479881926,-71.62888479881926
1237.2100346899033,-71.62291308758013,-71.62291308758013
1237.2200346899033,-71.61694962523765,-71.61694962523765
1237.2300346899033,-71.61099337031096,-71.61099337031096
1237.2400346899033,-71.60504392876373,-71.60504392876373
1237.2500346899033,-71.59910126560796,-71.59910126560796
1237.2600346899033,-71.59316555475499,-71.59316555475499
1237.2700346899032,-71.58723709080205,-71.58723709080205
1237.2800346899032,-71.58131623593337,-71.58131623593337
1237.2900346899032,-71.57540338792927,-71.57540338792927
1237.3000346899032,-71.56949896096924,-71.56949896096924
1237.3100346899032,-71.56360337420904,-71.56360337420904
1237.3200346899032,-71.5577170450919,-71.5577170450919
1237.3300346899032,-71.55184038553799,-71.55184038553799
1237.3400346899032,-71.54597379989218,-71.54597379989218
1237.3500346899032,-71.5401176839675,-71.5401176839675
1237.3600346899032,-71.5342724246822,-71.5342724246822
1237.3700346899032,-71.52843840009784,-71.52843840009784
1237.3800346899034,-71.52261597964608,-71.52261597964608
1237.3900346899034,-71.51680552446805,-71.51680552446805
1237.4000346899034,-71.51100738778483,-71.51100738778483
1237.4100346899033,-71.505221915273,-71.505221915273
1237.4200346899033,-71.49944944543626,-71.49944944543626
1237.4300346899033,-71.49369030997502,-71.49369030997502
1237.4400346899033,-71.4879448340548,-71.4879448340548
1237.4500346899033,-71.48221333661012,-71.48221333661012
1237.4600346899033,-71.47649613061213,-71.47649613061213
1237.4700346899033,-71.47079352326794,-71.47079352326794
1237.4800346899033,-71.46510581622569,-71.46510581622569
1237.4900346899033,-71.45943330575565,-71.45943330575565
1237.5000346899033,-71.45377628291594,-71.45377628291594
1237.5100346899033,-71.44813503366598,-71.44813503366598
1237.5200346899032,-71.44250983901631,-71.44250983901631
1237.5300346899032,-71.4369009751295,-71.4369009751295
1237.5400346899032,-71.43130871340983,-71.43130871340983
1237.5500346899032,-71.42573332060742,-71.42573332060742
1237.5600346899032,-71.42017505890249,-71.42017505890249
1237.5700346899032,-71.41463418596263,-71.41463418596263
1237.5800346899032,-71.40911095503358,-71.40911095503358
1237.5900346899032,-71.40360561497235,-71.40360561497235
1237.6000347137451,-71.39811839726772,-71.39811839726772
1237.610034713745,-71.39264956839769,-71.39264956839769
1237.620034713745,-71.3871993513622,-71.3871993513622
1237.630034713745,-71.3817679780883,-71.3817679780883
1237.640034713745,-71.37635567641831,-71.37635567641831
1237.650034713745,-71.37096267012586,-71.37096267012586
1237.660034713745,-71.36558917895678,-71.36558917895678
1237.670034713745,-71.36023541870253,-71.36023541870253
1237.680034713745,-71.35490160120385,-71.35490160120385
1237.690034713745,-71.3495879344095,-71.3495879344095
1237.700034713745,-71.34429462242602,-71.34429462242602
1237.710034713745,-71.33902186553235,-71.33902186553235
1237.720034713745,-71.33376986024271,-71.33376986024271
1237.7300347137452,-71.32853879931777,-71.32853879931777
1237.7400347137452,-71.32332887182368,-71.32332887182368
1237.7500347137452,-71.31814026317102,-71.31814026317102
1237.7600347137452,-71.3129731551354,-71.3129731551354
1237.7700347137452,-71.30782772590224,-71.30782772590224
1237.7800347137452,-71.30270415009949,-71.30270415009949
1237.7900347137452,-71.29760259884988,-71.29760259884988
1237.8000347137452,-71.292523239781,-71.292523239781
1237.8100347137452,-71.2874662370867,-71.2874662370867
1237.8200347137451,-71.28243175155018,-71.28243175155018
1237.8300347137451,-71.27741994057224,-71.27741994057224
1237.8400347137451,-71.27243095822391,-71.27243095822391
1237.8500347137451,-71.26746495528002,-71.26746495528002
1237.860034713745,-71.26252207924561,-71.26252207924561
1237.870034713745,-71.25760247439418,-71.25760247439418
1237.880034713745,-71.25270628181079,-71.25270628181079
1237.890034713745,-71.24783363941525,-71.24783363941525
1237.900034713745,-71.24298468200517,-71.24298468200517
1237.910034713745,-71.23815954129019,-71.23815954129019
1237.920034713745,-71.23335834593124,-71.23335834593124
1237.930034713745,-71.22858122157069,-71.22858122157069
1237.940034713745,-71.22382829085637,-71.22382829085637
1237.950034713745,-71.21909967350805,-71.21909967350805
1237.960034713745,-71.21439548631916,-71.21439548631916
1237.970034713745,-71.20971584321016,-71.20971584321016
1237.9800347137452,-71.20506085525287,-71.20506085525287
1237.9900347137452,-71.2004306307068,-71.2004306307068
1238.0000347137452,-71.19582527506758,-71.19582527506758
1238.0100347137452,-71.19124489107037,-71.19124489107037
1238.0200347137452,-71.18668957875924,-71.18668957875924
1238.0300347137452,-71.18215943550128,-71.18215943550128
1238.0400347137452,-71.17765455601837,-71.17765455601837
1238.0500347137452,-71.17317503241627,-71.17317503241627
1238.0600347137452,-71.16872095424118,-71.16872095424118
1238.0700347137451,-71.16429240848657,-71.16429240848657
1238.0800347137451,-71.15988947963902,-71.15988947963902
1238.0900347137451,-71.15551224971112,-71.15551224971112
1238.1000347137451,-71.15116079825994,-71.15116079825994
1238.110034713745,-71.14683520244927,-71.14683520244927
1238.120034713745,-71.14253553703806,-71.14253553703806
1238.130034713745,-71.13826187444634,-71.13826187444634
1238.140034713745,-71.13401428478296,-71.13401428478296
1238.150034713745,-71.12979283585368,-71.12979283585368
1238.160034713745,-71.12559759321682,-71.12559759321682
1238.170034713745,-71.12142862019392,-71.12142862019392
1238.180034713745,-71.117285977918,-71.117285977918
1238.190034713745,-71.11316972535992,-71.11316972535992
1238.200034713745,-71.10907991934594,-71.10907991934594
1238.210034713745,-71.10501661458811,-71.10501661458811
1238.220034713745,-71.10097986372776,-71.10097986372776
1238.2300347137452,-71.09696971735768,-71.09696971735768
1238.2400347137452,-71.09298622404845,-71.09298622404845
1238.2500347137452,-71.08902943037097,-71.08902943037097
1238.2600347137452,-71.0850993809365,-71.0850993809365
1238.2700347137452,-71.08119611841857,-71.08119611841857
1238.2800347137452,-71.07731968358028,-71.07731968358028
1238.2900347137452,-71.07347011530399,-71.07347011530399
1238.3000347137452,-71.06964745061144,-71.06964745061144
1238.3100347137452,-71.0658517246929,-71.0658517246929
1238.3200347137451,-71.06208297095095,-71.06208297095095
1238.3300347137451,-71.05834122099603,-71.05834122099603
1238.3400347137451,-71.0546265046949,-71.0546265046949
1238.3500347137451,-71.05093885018165,-71.05093885018165
1238.360034713745,-71.0472782838953,-71.0472782838953
1238.370034713745,-71.04364483060394,-71.04364483060394
1238.380034713745,-71.04003851341618,-71.04003851341618
1238.390034713745,-71.03645935382019,-71.03645935382019
1238.400034713745,-71.03290737169976,-71.03290737169976
1238.410034713745,-71.02938258535745,-71.02938258535745
1238.420034713745,-71.02588501155704,-71.02588501155704
1238.430034713745,-71.0224146655028,-71.0224146655028
1238.440034713745,-71.01897156091485,-71.01897156091485
1238.450034737587,-71.01555570188721,-71.01555570188721
1238.460034737587,-71.01216711551483,-71.01216711551483
1238.470034737587,-71.00880580291627,-71.00880580291627
1238.480034737587,-71.00547177199913,-71.00547177199913
1238.490034737587,-71.00216502926249,-71.00216502926249
1238.500034737587,-70.99888557984156,-70.99888557984156
1238.510034737587,-70.99563342751495,-70.99563342751495
1238.520034737587,-70.99240857472155,-70.99240857472155
1238.530034737587,-70.98921102258596,-70.98921102258596
1238.540034737587,-70.98604077095081,-70.98604077095081
1238.5500347375869,-70.98289781838201,-70.98289781838201
1238.5600347375869,-70.97978216218141,-70.97978216218141
1238.5700347375869,-70.97669379844261,-70.97669379844261
1238.580034737587,-70.97363272201974,-70.97363272201974
1238.590034737587,-70.97059892658798,-70.97059892658798
1238.600034737587,-70.96759240464263,-70.96759240464263
1238.610034737587,-70.96461314751889,-70.96461314751889
1238.620034737587,-70.96166114542518,-70.96166114542518
1238.630034737587,-70.95873638743575,-70.95873638743575
1238.640034737587,-70.95583886153499,-70.95583886153499
1238.650034737587,-70.95296855461326,-70.95296855461326
1238.660034737587,-70.95012545249946,-70.95012545249946
1238.670034737587,-70.94730953997414,-70.94730953997414
1238.680034737587,-70.94452080078341,-70.94452080078341
1238.690034737587,-70.94175921764861,-70.94175921764861
1238.700034737587,-70.93902477231006,-70.93902477231006
1238.710034737587,-70.93631744551766,-70.93631744551766
1238.720034737587,-70.9336372170451,-70.9336372170451
1238.730034737587,-70.93098406573485,-70.93098406573485
1238.740034737587,-70.92835796947425,-70.92835796947425
1238.750034737587,-70.92575890524479,-70.92575890524479
1238.760034737587,-70.92318684912186,-70.92318684912186
1238.770034737587,-70.92064177629005,-70.92064177629005
1238.780034737587,-70.91812366106227,-70.91812366106227
1238.790034737587,-70.91563247689139,-70.91563247689139
1238.8000347375869,-70.91316819638801,-70.91316819638801
1238.8100347375869,-70.91073079132431,-70.91073079132431
1238.8200347375869,-70.9083202326725,-70.9083202326725
1238.830034737587,-70.90593649058765,-70.90593649058765
1238.840034737587,-70.90357953444693,-70.90357953444693
1238.850034737587,-70.90124933284433,-70.90124933284433
1238.860034737587,-70.89894585361907,-70.89894585361907
1238.870034737587,-70.89666906385301,-70.89666906385301
1238.880034737587,-70.89441892991043,-70.89441892991043
1238.890034737587,-70.8921954174184,-70.8921954174184
1238.900034737587,-70.88999849129645,-70.88999849129645
1238.910034737587,-70.88782811577477,-70.88782811577477
1238.920034737587,-70.88568425439256,-70.88568425439256
1238.930034737587,-70.88356687002411,-70.88356687002411
1238.940034737587,-70.88147592487068,-70.88147592487068
1238.950034737587,-70.87941138049632,-70.87941138049632
1238.960034737587,-70.87737319782615,-70.87737319782615
1238.970034737587,-70.87536133715935,-70.87536133715935
1238.980034737587,-70.873375758172,-70.873375758172
1238.990034737587,-70.87141641995147,-70.87141641995147
1239.000034737587,-70.86948328098569,-70.86948328098569
1239.010034737587,-70.8675762991868,-70.8675762991868
1239.020034737587,-70.86569543189145,-70.86569543189145
1239.030034737587,-70.86384063588169,-70.86384063588169
1239.040034737587,-70.86201186738478,-70.86201186738478
1239.0500347375869,-70.86020908210148,-70.86020908210148
1239.0600347375869,-70.85843223518438,-70.85843223518438
1239.0700347375869,-70.85668128128201,-70.85668128128201
1239.080034737587,-70.85495617453083,-70.85495617453083
1239.090034737587,-70.8532568685761,-70.8532568685761
1239.100034737587,-70.85158331655178,-70.85158331655178
1239.110034737587,-70.84993547113346,-70.84993547113346
1239.120034737587,-70.84831328452103,-70.84831328452103
1239.130034737587,-70.84671670845584,-70.84671670845584
1239.140034737587,-70.84514569421098,-70.84514569421098
1239.150034737587,-70.84360019264771,-70.84360019264771
1239.160034737587,-70.84208015415886,-70.84208015415886
1239.170034737587,-70.84058552872742,-70.84058552872742
1239.180034737587,-70.83911626591853,-70.83911626591853
1239.190034737587,-70.83767231489124,-70.83767231489124
1239.200034737587,-70.83625362439915,-70.83625362439915
1239.210034737587,-70.83486014280821,-70.83486014280821
1239.220034737587,-70.83349181810026,-70.83349181810026
1239.230034737587,-70.83214859787235,-70.83214859787235
1239.240034737587,-70.83083042936536,-70.83083042936536
1239.250034737587,-70.82953725945848,-70.82953725945848
1239.260034737587,-70.82826903467249,-70.82826903467249
1239.270034737587,-70.82702570118485,-70.82702570118485
1239.280034737587,-70.82580720483931,-70.82580720483931
1239.290034737587,-70.82461349114261,-70.82461349114261
1239.3000347614288,-70.82344450250709,-70.82344450250709
1239.3100347614288,-70.82230018942245,-70.82230018942245
1239.3200347614288,-70.82118049361164,-70.82118049361164
1239.3300347614288,-70.82008535933397,-70.82008535933397
1239.3400347614288,-70.81901473055292,-70.81901473055292
1239.3500347614288,-70.8179685509523,-70.8179685509523
1239.3600347614288,-70.81694676393185,-70.81694676393185
1239.3700347614288,-70.81594931260112,-70.81594931260112
1239.3800347614288,-70.81497613982094,-70.81497613982094
1239.3900347614288,-70.81402718818241,-70.81402718818241
1239.4000347614287,-70.81310240001878,-70.81310240001878
1239.4100347614287,-70.81220171740867,-70.81220171740867
1239.4200347614287,-70.81132508220283,-70.81132508220283
1239.430034761429,-70.81047243599826,-70.81047243599826
1239.440034761429,-70.8096437201672,-70.8096437201672
1239.450034761429,-70.80883887585716,-70.80883887585716
1239.460034761429,-70.80805784399422,-70.80805784399422
1239.470034761429,-70.80730056528945,-70.80730056528945
1239.480034761429,-70.80656698024232,-70.80656698024232
1239.490034761429,-70.80585702915381,-70.80585702915381
1239.5000347614289,-70.80517065212436,-70.80517065212436
1239.5100347614289,-70.80450778906246,-70.80450778906246
1239.5200347614289,-70.80386837969799,-70.80386837969799
1239.5300347614289,-70.80325236355857,-70.80325236355857
1239.5400347614288,-70.80265968001281,-70.80265968001281
1239.5500347614288,-70.80209026824906,-70.80209026824906
1239.5600347614288,-70.80154406729105,-70.80154406729105
1239.5700347614288,-70.80102101600902,-70.80102101600902
1239.5800347614288,-70.80052105309548,-70.80052105309548
1239.5900347614288,-70.80004411711403,-70.80004411711403
1239.6000347614288,-70.7995901464619,-70.7995901464619
1239.6100347614288,-70.79915907940621,-70.79915907940621
1239.6200347614288,-70.79875085406334,-70.79875085406334
1239.6300347614288,-70.79836540843182,-70.79836540843182
1239.6400347614288,-70.79800268036189,-70.79800268036189
1239.6500347614287,-70.79766260759783,-70.79766260759783
1239.6600347614287,-70.7973451277489,-70.7973451277489
1239.6700347614287,-70.79705017831859,-70.79705017831859
1239.680034761429,-70.79677769668844,-70.79677769668844
1239.690034761429,-70.7965276201441,-70.7965276201441
1239.700034761429,-70.79629988584576,-70.79629988584576
1239.710034761429,-70.79609443087095,-70.79609443087095
1239.720034761429,-70.79591119220363,-70.79591119220363
1239.730034761429,-70.7957501067242,-70.7957501067242
1239.740034761429,-70.79561111123087,-70.79561111123087
1239.7500347614289,-70.79549414243269,-70.79549414243269
1239.7600347614289,-70.79539913696145,-70.79539913696145
1239.7700347614289,-70.79532603137397,-70.79532603137397
1239.7800347614289,-70.7952747621528,-70.7952747621528
1239.7900347614288,-70.795245265702,-70.795245265702
1239.8000347614288,-70.7952374783708,-70.7952374783708
1239.8100347614288,-70.79525133643918,-70.79525133643918
1239.8200347614288,-70.79528677612323,-70.79528677612323
1239.8300347614288,-70.7953437335956,-70.7953437335956
1239.8400347614288,-70.79542214496374,-70.79542214496374
1239.8500347614288,-70.7955219462911,-70.7955219462911
1239.8600347614288,-70.79564307359013,-70.79564307359013
1239.8700347614288,-70.79578546284493,-70.79578546284493
1239.8800347614288,-70.79594904997865,-70.79594904997865
1239.8900347614288,-70.79613377088741,-70.79613377088741
1239.9000347614287,-70.79633956142813,-70.79633956142813
1239.9100347614287,-70.79656635744638,-70.79656635744638
1239.9200347614287,-70.79681409473174,-70.79681409473174
1239.930034761429,-70.79708270905857,-70.79708270905857
1239.940034761429,-70.79737213618975,-70.79737213618975
1239.950034761429,-70.79768231185507,-70.79768231185507
1239.960034761429,-70.7980131717761,-70.7980131717761
1239.970034761429,-70.79836465165336,-70.79836465165336
1239.980034761429,-70.79873668718497,-70.79873668718497
1239.990034761429,-70.79912921404387,-70.79912921404387
1240.0000347614289,-70.79954216792389,-70.79954216792389
1240.0100347614289,-70.79997548448881,-70.79997548448881
1240.0200347614289,-70.80042909941473,-70.80042909941473
1240.0300347614289,-70.80090294837515,-70.80090294837515
1240.0400347614288,-70.80139696703918,-70.80139696703918
1240.0500347614288,-70.80191109111021,-70.80191109111021
1240.0600347614288,-70.80244525627215,-70.80244525627215
1240.0700347614288,-70.80299939822972,-70.80299939822972
1240.0800347614288,-70.80357345270376,-70.80357345270376
1240.0900347614288,-70.80416735541947,-70.80416735541947
1240.1000347614288,-70.8047810421384,-70.8047810421384
1240.1100347614288,-70.80541444862581,-70.80541444862581
1240.1200347614288,-70.80606751068358,-70.80606751068358
1240.1300347614288,-70.8067401641165,-70.8067401641165
1240.1400347614288,-70.80743234477866,-70.80743234477866
1240.1500347852707,-70.80814399024258,-70.80814399024258
1240.1600347852707,-70.80887503307174,-70.80887503307174
1240.1700347852707,-70.80962541083726,-70.80962541083726
1240.1800347852707,-70.81039505951485,-70.81039505951485
1240.1900347852707,-70.8111839151143,-70.8111839151143
1240.2000347852706,-70.81199191367384,-70.81199191367384
1240.2100347852706,-70.81281899128743,-70.81281899128743
1240.2200347852706,-70.81366508408898,-70.81366508408898
1240.2300347852706,-70.8145301282387,-70.8145301282387
1240.2400347852706,-70.81541405995847,-70.81541405995847
1240.2500347852706,-70.81631681552194,-70.81631681552194
1240.2600347852706,-70.81723833123779,-70.81723833123779
1240.2700347852706,-70.81817854347892,-70.81817854347892
1240.2800347852708,-70.8191373886548,-70.8191373886548
1240.2900347852708,-70.82011480324687,-70.82011480324687
1240.3000347852708,-70.82111072378538,-70.82111072378538
1240.3100347852708,-70.82212508685397,-70.82212508685397
1240.3200347852708,-70.8231578290958,-70.8231578290958
1240.3300347852708,-70.82420888723153,-70.82420888723153
1240.3400347852707,-70.82527819801453,-70.82527819801453
1240.3500347852707,-70.82636569828642,-70.82636569828642
1240.3600347852707,-70.82747132494616,-70.82747132494616
1240.3700347852707,-70.82859501495483,-70.82859501495483
1240.3800347852707,-70.82973670534918,-70.82973670534918
1240.3900347852707,-70.83089633323443,-70.83089633323443
1240.4000347852707,-70.83207383578119,-70.83207383578119
1240.4100347852707,-70.83326915023846,-70.83326915023846
1240.4200347852707,-70.83448221392946,-70.83448221392946
1240.4300347852707,-70.8357129642423,-70.8357129642423
1240.4400347852707,-70.83696133865072,-70.83696133865072
1240.4500347852706,-70.83822727470755,-70.83822727470755
1240.4600347852706,-70.83950453105457,-70.83950453105457
1240.4700347852706,-70.84079033939882,-70.84079033939882
1240.4800347852706,-70.84208332129639,-70.84208332129639
1240.4900347852706,-70.8433827425301,-70.8433827425301
1240.5000347852706,-70.84468822821921,-70.84468822821921
1240.5100347852706,-70.84599961470141,-70.84599961470141
1240.5200347852706,-70.84731686254948,-70.84731686254948
1240.5300347852708,-70.84864000426609,-70.84864000426609
1240.5400347852708,-70.84996911279947,-70.84996911279947
1240.5500347852708,-70.851304282593,-70.851304282593
1240.5600347852708,-70.85264561833041,-70.85264561833041
1240.5700347852708,-70.85399322827288,-70.85399322827288
1240.5800347852708,-70.85534722046059,-70.85534722046059
1240.5900347852707,-70.85670770064463,-70.85670770064463
1240.6000347852707,-70.85807477122167,-70.85807477122167
1240.6100347852707,-70.85944853082849,-70.85944853082849
1240.6200347852707,-70.86082907430108,-70.86082907430108
1240.6300347852707,-70.86221649280274,-70.86221649280274
1240.6400347852707,-70.86361087407619,-70.86361087407619
1240.6500347852707,-70.86501230273504,-70.86501230273504
1240.6600347852707,-70.86642086056943,-70.86642086056943
1240.6700347852707,-70.86783662680676,-70.86783662680676
1240.6800347852707,-70.869259678414,-70.869259678414
1240.6900347852707,-70.87069009029997,-70.87069009029997
1240.7000347852706,-70.87212793552635,-70.87212793552635
1240.7100347852706,-70.8735732855087,-70.8735732855087
1240.7200347852706,-70.87502621014453,-70.87502621014453
1240.7300347852706,-70.87648677795632,-70.87648677795632
1240.7400347852706,-70.87795505619404,-70.87795505619404
1240.7500347852706,-70.87943111093936,-70.87943111093936
1240.7600347852706,-70.88091500717461,-70.88091500717461
1240.7700347852706,-70.88240680883403,-70.88240680883403
1240.7800347852708,-70.88390657887338,-70.88390657887338
1240.7900347852708,-70.885414379301,-70.885414379301
1240.8000347852708,-70.88693027121627,-70.88693027121627
1240.8100347852708,-70.88845431481508,-70.88845431481508
1240.8200347852708,-70.88998656944305,-70.88998656944305
1240.8300347852708,-70.89152709358166,-70.89152709358166
1240.8400347852707,-70.89307594487569,-70.89307594487569
1240.8500347852707,-70.89463318013959,-70.89463318013959
1240.8600347852707,-70.89619885534276,-70.89619885534276
1240.8700347852707,-70.89777302563981,-70.89777302563981
1240.8800347852707,-70.89935574535787,-70.89935574535787
1240.8900347852707,-70.9009470679894,-70.9009470679894
1240.9000347852707,-70.90254704619547,-70.90254704619547
1240.9100347852707,-70.90415573181181,-70.90415573181181
1240.9200347852707,-70.90577317582206,-70.90577317582206
1240.9300347852707,-70.90739942839224,-70.90739942839224
1240.9400347852707,-70.90903453882105,-70.90903453882105
1240.9500347852706,-70.91067855557823,-70.91067855557823
1240.9600347852706,-70.91232534119864,-70.91232534119864
1240.9700347852706,-70.91397223347755,-70.91397223347755
1240.9800347852706,-70.9156179602007,-70.9156179602007
1240.9900347852706,-70.91726189283857,-70.91726189283857
1241.0000348091125,-70.9189037653864,-70.9189037653864
1241.0100348091125,-70.92054351044567,-70.92054351044567
1241.0200348091125,-70.92218119580089,-70.92218119580089
1241.0300348091125,-70.9238169563371,-70.9238169563371
1241.0400348091125,-70.92545096651803,-70.92545096651803
1241.0500348091125,-70.92708342143936,-70.92708342143936
1241.0600348091125,-70.92871452555437,-70.92871452555437
1241.0700348091125,-70.9303444860272,-70.9303444860272
1241.0800348091125,-70.93197350891616,-70.93197350891616
1241.0900348091125,-70.93360179709823,-70.93360179709823
1241.1000348091125,-70.93522954921214,-70.93522954921214
1241.1100348091124,-70.93685695924796,-70.93685695924796
1241.1200348091124,-70.93848421647382,-70.93848421647382
1241.1300348091127,-70.94011150558781,-70.94011150558781
1241.1400348091126,-70.94173900696332,-70.94173900696332
1241.1500348091126,-70.94336689690962,-70.94336689690962
1241.1600348091126,-70.9449953480127,-70.9449953480127
1241.1700348091126,-70.94662452937732,-70.94662452937732
1241.1800348091126,-70.94825460690014,-70.94825460690014
1241.1900348091126,-70.94988574351218,-70.94988574351218
1241.2000348091126,-70.95151809939073,-70.95151809939073
1241.2100348091126,-70.95315183210452,-70.95315183210452
1241.2200348091126,-70.95478709680712,-70.95478709680712
1241.2300348091126,-70.95642404633787,-70.95642404633787
1241.2400348091126,-70.95806283136287,-70.95806283136287
1241.2500348091125,-70.95970360043684,-70.95970360043684
1241.2600348091125,-70.96134650010663,-70.96134650010663
1241.2700348091125,-70.96299167496504,-70.96299167496504
1241.2800348091125,-70.96463926770939,-70.96463926770939
1241.2900348091125,-70.96628941917179,-70.96628941917179
1241.3000348091125,-70.96794226837945,-70.96794226837945
1241.3100348091125,-70.96959795257074,-70.96959795257074
1241.3200348091125,-70.97125660721731,-70.97125660721731
1241.3300348091125,-70.97291836605083,-70.97291836605083
1241.3400348091125,-70.97458336108112,-70.97458336108112
1241.3500348091125,-70.97625172258401,-70.97625172258401
1241.3600348091124,-70.97792357915903,-70.97792357915903
1241.3700348091124,-70.97959905768477,-70.97959905768477
1241.3800348091127,-70.98127828336546,-70.98127828336546
1241.3900348091126,-70.9829613797242,-70.9829613797242
1241.4000348091126,-70.9846484685903,-70.9846484685903
1241.4100348091126,-70.98633967011665,-70.98633967011665
1241.4200348091126,-70.98803510279657,-70.98803510279657
1241.4300348091126,-70.98973488344924,-70.98973488344924
1241.4400348091126,-70.99143912721195,-70.99143912721195
1241.4500348091126,-70.9931479475735,-70.9931479475735
1241.4600348091126,-70.99485526512845,-70.99485526512845
1241.4700348091126,-70.99655847869596,-70.99655847869596
1241.4800348091126,-70.99825637762046,-70.99825637762046
1241.4900348091126,-70.9999483946823,-70.9999483946823
1241.5000348091125,-71.00163432072557,-71.00163432072557
1241.5100348091125,-71.00331415631024,-71.00331415631024
1241.5200348091125,-71.00498802470744,-71.00498802470744
1241.5300348091125,-71.00665611952543,-71.00665611952543
1241.5400348091125,-71.00831867324338,-71.00831867324338
1241.5500348091125,-71.00997593825372,-71.00997593825372
1241.5600348091125,-71.01162817560284,-71.01162817560284
1241.5700348091125,-71.01327564834587,-71.01327564834587
1241.5800348091125,-71.01491861773934,-71.01491861773934
1241.5900348091125,-71.01655734117872,-71.01655734117872
1241.6000348091125,-71.0181920711388,-71.0181920711388
1241.6100348091124,-71.0198230547754,-71.0198230547754
1241.6200348091124,-71.02145053384746,-71.02145053384746
1241.6300348091127,-71.02307474488939,-71.02307474488939
1241.6400348091126,-71.02469591944852,-71.02469591944852
1241.6500348091126,-71.02631428436638,-71.02631428436638
1241.6600348091126,-71.02793006210939,-71.02793006210939
1241.6700348091126,-71.02954347102906,-71.02954347102906
1241.6800348091126,-71.031154725638,-71.031154725638
1241.6900348091126,-71.03276403685524,-71.03276403685524
1241.7000348091126,-71.03437161220721,-71.03437161220721
1241.7100348091126,-71.03597765602734,-71.03597765602734
1241.7200348091126,-71.03758236960257,-71.03758236960257
1241.7300348091126,-71.03918595132191,-71.03918595132191
1241.7400348091126,-71.04078859678093,-71.04078859678093
1241.7500348091125,-71.04239049889424,-71.04239049889424
1241.7600348091125,-71.04399184797745,-71.04399184797745
1241.7700348091125,-71.04559283181223,-71.04559283181223
1241.7800348091125,-71.0471936357165,-71.0471936357165
1241.7900348091125,-71.04879444258663,-71.04879444258663
1241.8000348091125,-71.05039543293461,-71.05039543293461
1241.8100348091125,-71.05199678494499,-71.05199678494499
1241.8200348091125,-71.05359867448944,-71.05359867448944
1241.8300348091125,-71.05520127515419,-71.05520127515419
1241.8400348091125,-71.05680475827394,-71.05680475827394
1241.8500348329544,-71.05840929675554,-71.05840929675554
1241.8600348329544,-71.06001504980198,-71.06001504980198
1241.8700348329544,-71.06162218590988,-71.06162218590988
1241.8800348329544,-71.06323086751148,-71.06323086751148
1241.8900348329544,-71.06484125487832,-71.06484125487832
1241.9000348329544,-71.06645350610901,-71.06645350610901
1241.9100348329544,-71.0680677771043,-71.0680677771043
1241.9200348329543,-71.06968422163415,-71.06968422163415
1241.9300348329543,-71.07130299130905,-71.07130299130905
1241.9400348329543,-71.07292423561032,-71.07292423561032
1241.9500348329543,-71.07454810186546,-71.07454810186546
1241.9600348329543,-71.07617473530016,-71.07617473530016
1241.9700348329543,-71.07780427901773,-71.07780427901773
1241.9800348329545,-71.07943687401163,-71.07943687401163
1241.9900348329545,-71.08107265917963,-71.08107265917963
1242.0000348329545,-71.08271177134189,-71.08271177134189
1242.0100348329545,-71.08435434522849,-71.08435434522849
1242.0200348329545,-71.08600051350838,-71.08600051350838
1242.0300348329545,-71.0876504068025,-71.0876504068025
1242.0400348329545,-71.08930415365555,-71.08930415365555
1242.0500348329545,-71.09096188061247,-71.09096188061247
1242.0600348329544,-71.09262371217594,-71.09262371217594
1242.0700348329544,-71.09428977084454,-71.09428977084454
1242.0800348329544,-71.09596017711155,-71.09596017711155
1242.0900348329544,-71.09763504949402,-71.09763504949402
1242.1000348329544,-71.09922911916384,-71.09922911916384
1242.1100348329544,-71.10073602507424,-71.10073602507424
1242.1200348329544,-71.102151549151,-71.102151549151
1242.1300348329544,-71.10347329464285,-71.10347329464285
1242.1400348329544,-71.10470013657516,-71.10470013657516
1242.1500348329544,-71.10583179092507,-71.10583179092507
1242.1600348329544,-71.10686852354489,-71.10686852354489
1242.1700348329543,-71.10781096293589,-71.10781096293589
1242.1800348329543,-71.10865998127922,-71.10865998127922
1242.1900348329543,-71.10941661830843,-71.10941661830843
1242.2000348329543,-71.11008203204335,-71.11008203204335
1242.2100348329543,-71.11065746623314,-71.11065746623314
1242.2200348329543,-71.11114422830465,-71.11114422830465
1242.2300348329545,-71.11154367393767,-71.11154367393767
1242.2400348329545,-71.1118571959024,-71.1118571959024
1242.2500348329545,-71.11208621564873,-71.11208621564873
1242.2600348329545,-71.1122321767316,-71.1122321767316
1242.2700348329545,-71.11229653944068,-71.11229653944068
1242.2800348329545,-71.1122162413457,-71.1122162413457
1242.2900348329545,-71.11197136303682,-71.11197136303682
1242.3000348329545,-71.11155624614487,-71.11155624614487
1242.3100348329544,-71.11096988565211,-71.11096988565211
1242.3200348329544,-71.11021301330568,-71.11021301330568
1242.3300348329544,-71.10928710737664,-71.10928710737664
1242.3400348329544,-71.1081940145189,-71.1081940145189
1242.3500348329544,-71.10693579145209,-71.10693579145209
1242.3600348329544,-71.10551463310068,-71.10551463310068
1242.3700348329544,-71.10393283658549,-71.10393283658549
1242.3800348329544,-71.10219278034015,-71.10219278034015
1242.3900348329544,-71.10029690969792,-71.10029690969792
1242.4000348329544,-71.09824772522668,-71.09824772522668
1242.4100348329544,-71.09604777243793,-71.09604777243793
1242.4200348329543,-71.09369963236271,-71.09369963236271
1242.4300348329543,-71.09120591278169,-71.09120591278169
1242.4400348329543,-71.08856924020469,-71.08856924020469
1242.4500348329543,-71.08579225260948,-71.08579225260948
1242.4600348329543,-71.08287759288395,-71.08287759288395
1242.4700348329543,-71.07982790304396,-71.07982790304396
1242.4800348329545,-71.07664581914075,-71.07664581914075
1242.4900348329545,-71.0733339668511,-71.0733339668511
1242.5000348329545,-71.0698949576536,-71.0698949576536
1242.5100348329545,-71.0663313855933,-71.0663313855933
1242.5200348329545,-71.06264582446833,-71.06264582446833
1242.5300348329545,-71.05884082554732,-71.05884082554732
1242.5400348329545,-71.05491891558364,-71.05491891558364
1242.5500348329545,-71.05088259522306,-71.05088259522306
1242.5600348329544,-71.04673433764681,-71.04673433764681
1242.5700348329544,-71.04247658752287,-71.04247658752287
1242.5800348329544,-71.03811176011398,-71.03811176011398
1242.5900348329544,-71.03364224062274,-71.03364224062274
1242.6000348329544,-71.02907038367805,-71.02907038367805
1242.6100348329544,-71.02439851293546,-71.02439851293546
1242.6200348329544,-71.01962892083094,-71.01962892083094
1242.6300348329544,-71.0147638683974,-71.0147638683974
1242.6400348329544,-71.0098055852053,-71.0098055852053
1242.6500348329544,-71.00475626935925,-71.00475626935925
1242.6600348329544,-70.99961808753818,-70.99961808753818
1242.6700348329543,-70.99439317511349,-70.99439317511349
1242.6800348329543,-70.98908363631318,-70.98908363631318
1242.6900348329543,-70.98369154439838,-70.98369154439838
1242.7000348567963,-70.9782189288398,-70.9782189288398
1242.7100348567963,-70.97266782742383,-70.97266782742383
1242.7200348567962,-70.96704020941095,-70.96704020941095
1242.7300348567962,-70.96133802659156,-70.96133802659156
1242.7400348567962,-70.9555632012415,-70.9555632012415
1242.7500348567962,-70.94971762635127,-70.94971762635127
1242.7600348567962,-70.94380316595823,-70.94380316595823
1242.7700348567962,-70.93782165547185,-70.93782165547185
1242.7800348567962,-70.93177490202089,-70.93177490202089
1242.7900348567962,-70.92566468481071,-70.92566468481071
1242.8000348567962,-70.91949275546914,-70.91949275546914
1242.8100348567962,-70.91326083840349,-70.91326083840349
1242.8200348567962,-70.90697063116859,-70.90697063116859
1242.8300348567964,-70.90062380481531,-70.90062380481531
1242.8400348567964,-70.89422200424767,-70.89422200424767
1242.8500348567964,-70.8877668485873,-70.8877668485873
1242.8600348567963,-70.88125993152205,-70.88125993152205
1242.8700348567963,-70.87470282166983,-70.87470282166983
1242.8800348567963,-70.8680970629192,-70.8680970629192
1242.8900348567963,-70.8614441747914,-70.8614441747914
1242.9000348567963,-70.85474565276841,-70.85474565276841
1242.9100348567963,-70.8480029686552,-70.8480029686552
1242.9200348567963,-70.84121757091553,-70.84121757091553
1242.9300348567963,-70.83439088500339,-70.83439088500339
1242.9400348567963,-70.82752431369428,-70.82752431369428
1242.9500348567963,-70.82061923741803,-70.82061923741803
1242.9600348567963,-70.81367701458963,-70.81367701458963
1242.9700348567962,-70.80669898191911,-70.80669898191911
1242.9800348567962,-70.79968645473998,-70.79968645473998
1242.9900348567962,-70.79264072731065,-70.79264072731065
1243.0000348567962,-70.78556307313367,-70.78556307313367
1243.0100348567962,-70.77845474525203,-70.77845474525203
1243.0200348567962,-70.77131697654559,-70.77131697654559
1243.0300348567962,-70.76415098006167,-70.76415098006167
1243.0400348567962,-70.75695794926199,-70.75695794926199
1243.0500348567962,-70.74973905833082,-70.74973905833082
1243.0600348567962,-70.74249546245407,-70.74249546245407
1243.0700348567962,-70.73522829811292,-70.73522829811292
1243.0800348567964,-70.72793868334172,-70.72793868334172
1243.0900348567964,-70.72062771802243,-70.72062771802243
1243.1000348567964,-70.71329648412437,-70.71329648412437
1243.1100348567963,-70.70594604599373,-70.70594604599373
1243.1200348567963,-70.69857745058806,-70.69857745058806
1243.1300348567963,-70.69119172775345,-70.69119172775345
1243.1400348567963,-70.68378989046887,-70.68378989046887
1243.1500348567963,-70.67637293509571,-70.67637293509571
1243.1600348567963,-70.66894184162184,-70.66894184162184
1243.1700348567963,-70.66149757390457,-70.66149757390457
1243.1800348567963,-70.65404107990113,-70.65404107990113
1243.1900348567963,-70.64657329191338,-70.64657329191338
1243.2000348567963,-70.63909512681565,-70.63909512681565
1243.2100348567963,-70.63160748626866,-70.63160748626866
1243.2200348567962,-70.62411125696384,-70.62411125696384
1243.2300348567962,-70.61660731082688,-70.61660731082688
1243.2400348567962,-70.6090965052377,-70.6090965052377
1243.2500348567962,-70.60157968325365,-70.60157968325365
1243.2600348567962,-70.59405767381945,-70.59405767381945
1243.2700348567962,-70.58653129194956,-70.58653129194956
1243.2800348567962,-70.57900133896865,-70.57900133896865
1243.2900348567962,-70.57146860268078,-70.57146860268078
1243.3000348567962,-70.56393385759537,-70.56393385759537
1243.3100348567962,-70.55639786509666,-70.55639786509666
1243.3200348567962,-70.54886137365439,-70.54886137365439
1243.3300348567964,-70.54132511900373,-70.54132511900373
1243.3400348567964,-70.53378982433988,-70.53378982433988
1243.3500348567964,-70.52625620049207,-70.52625620049207
1243.3600348567963,-70.51872494610433,-70.51872494610433
1243.3700348567963,-70.51119674782439,-70.51119674782439
1243.3800348567963,-70.50367228047088,-70.50367228047088
1243.3900348567963,-70.4961522072024,-70.4961522072024
1243.4000348567963,-70.4886371797096,-70.4886371797096
1243.4100348567963,-70.48112783835498,-70.48112783835498
1243.4200348567963,-70.47362481235689,-70.47362481235689
1243.4300348567963,-70.46612871993476,-70.46612871993476
1243.4400348567963,-70.45864016849436,-70.45864016849436
1243.4500348567963,-70.45115975477219,-70.45115975477219
1243.4600348567963,-70.44368193263247,-70.44368193263247
1243.4700348567962,-70.4362046020339,-70.4362046020339
1243.4800348567962,-70.42872703427138,-70.42872703427138
1243.4900348567962,-70.421249130021,-70.421249130021
1243.5000348567962,-70.41377113631026,-70.41377113631026
1243.5100348567962,-70.40629349956676,-70.40629349956676
1243.5200348567962,-70.3988167793731,-70.3988167793731
1243.5300348567962,-70.39134159677201,-70.39134159677201
1243.5400348567962,-70.38386860308633,-70.38386860308633
1243.5500348806381,-70.3763984435189,-70.3763984435189
1243.560034880638,-70.36893181722888,-70.36893181722888
1243.570034880638,-70.36146936424997,-70.36146936424997
1243.580034880638,-70.35401173285149,-70.35401173285149
1243.590034880638,-70.34655955993492,-70.34655955993492
1243.600034880638,-70.33911347010931,-70.33911347010931
1243.610034880638,-70.33167407541619,-70.33167407541619
1243.620034880638,-70.3242419754016,-70.3242419754016
1243.630034880638,-70.31681775740287,-70.31681775740287
1243.640034880638,-70.30940199691423,-70.30940199691423
1243.650034880638,-70.30199525802428,-70.30199525802428
1243.660034880638,-70.29459809380965,-70.29459809380965
1243.670034880638,-70.28721104674621,-70.28721104674621
1243.6800348806382,-70.27983464911271,-70.27983464911271
1243.6900348806382,-70.27246942331057,-70.27246942331057
1243.7000348806382,-70.26511588220322,-70.26511588220322
1243.7100348806382,-70.25777452941443,-70.25777452941443
1243.7200348806382,-70.25044585957282,-70.25044585957282
1243.7300348806382,-70.24313035858802,-70.24313035858802
1243.7400348806382,-70.23582850381874,-70.23582850381874
1243.7500348806382,-70.22854076431229,-70.22854076431229
1243.7600348806382,-70.22126760096455,-70.22126760096455
1243.7700348806381,-70.21400946669313,-70.21400946669313
1243.7800348806381,-70.20676680658393,-70.20676680658393
1243.7900348806381,-70.19954005803548,-70.19954005803548
1243.8000348806381,-70.19232965089371,-70.19232965089371
1243.810034880638,-70.18513600757318,-70.18513600757318
1243.820034880638,-70.17795954315638,-70.17795954315638
1243.830034880638,-70.17080066553454,-70.17080066553454
1243.840034880638,-70.1636597754733,-70.1636597754733
1243.850034880638,-70.15653726674707,-70.15653726674707
1243.860034880638,-70.14943352621049,-70.14943352621049
1243.870034880638,-70.14234893389424,-70.14234893389424
1243.880034880638,-70.13528386309062,-70.13528386309062
1243.890034880638,-70.12823868044983,-70.12823868044983
1243.900034880638,-70.12121374605479,-70.12121374605479
1243.910034880638,-70.11420941349604,-70.11420941349604
1243.920034880638,-70.10722602996077,-70.10722602996077
1243.9300348806382,-70.10026393630534,-70.10026393630534
1243.9400348806382,-70.09332346713276,-70.09332346713276
1243.9500348806382,-70.08640495085864,-70.08640495085864
1243.9600348806382,-70.07950261013558,-70.07950261013558
1243.9700348806382,-70.07261409991692,-70.07261409991692
1243.9800348806382,-70.06573844349407,-70.06573844349407
1243.9900348806382,-70.05887529435861,-70.05887529435861
1244.0000348806382,-70.0520246545812,-70.0520246545812
1244.0100348806382,-70.04518672852416,-70.04518672852416
1244.0200348806381,-70.0383618369962,-70.0383618369962
1244.0300348806381,-70.0315503656786,-70.0315503656786
1244.0400348806381,-70.0247527340909,-70.0247527340909
1244.0500348806381,-70.01796937696673,-70.01796937696673
1244.060034880638,-70.01120073318435,-70.01120073318435
1244.070034880638,-70.00444723927617,-70.00444723927617
1244.080034880638,-69.99770932578967,-69.99770932578967
1244.090034880638,-69.99098741525117,-69.99098741525117
1244.100034880638,-69.98428192126816,-69.98428192126816
1244.110034880638,-69.97759324817896,-69.97759324817896
1244.120034880638,-69.97092179106082,-69.97092179106082
1244.130034880638,-69.96426793597567,-69.96426793597567
1244.140034880638,-69.95763206027702,-69.95763206027702
1244.150034880638,-69.95101453297082,-69.95101453297082
1244.160034880638,-69.9444157151005,-69.9444157151005
1244.170034880638,-69.93783596007049,-69.93783596007049
1244.1800348806382,-69.93127561400327,-69.93127561400327
1244.1900348806382,-69.92473501604057,-69.92473501604057
1244.2000348806382,-69.91821449859884,-69.91821449859884
1244.2100348806382,-69.9117143876267,-69.9117143876267
1244.2200348806382,-69.90523500281972,-69.90523500281972
1244.2300348806382,-69.89877665781336,-69.89877665781336
1244.2400348806382,-69.8923396603646,-69.8923396603646
1244.2500348806382,-69.88592431249349,-69.88592431249349
1244.2600348806382,-69.879530910633,-69.879530910633
1244.2700348806381,-69.87315974573119,-69.87315974573119
1244.2800348806381,-69.86681110339654,-69.86681110339654
1244.2900348806381,-69.86048526396792,-69.86048526396792
1244.3000348806381,-69.85418250262076,-69.85418250262076
1244.310034880638,-69.84790308944261,-69.84790308944261
1244.320034880638,-69.8416472895266,-69.8416472895266
1244.330034880638,-69.83541536301033,-69.83541536301033
1244.340034880638,-69.82920756518484,-69.82920756518484
1244.350034880638,-69.82302414652398,-69.82302414652398
1244.360034880638,-69.81686535276486,-69.81686535276486
1244.370034880638,-69.8107314249459,-69.8107314249459
1244.380034880638,-69.80462259947345,-69.80462259947345
1244.390034880638,-69.79853910817255,-69.79853910817255
1244.40003490448,-69.79248116391312,-69.79248116391312
1244.41003490448,-69.78644901842026,-69.78644901842026
1244.42003490448,-69.78044287555586,-69.78044287555586
1244.43003490448,-69.77446294930665,-69.77446294930665
1244.44003490448,-69.76850944931779,-69.76850944931779
1244.45003490448,-69.76258258091397,-69.76258258091397
1244.46003490448,-69.75667647436607,-69.75667647436607
1244.47003490448,-69.75078867782327,-69.75078867782327
1244.48003490448,-69.74491810308164,-69.74491810308164
1244.49003490448,-69.7390642909122,-69.7390642909122
1244.50003490448,-69.73322713075576,-69.73322713075576
1244.5100349044799,-69.72740671505886,-69.72740671505886
1244.5200349044799,-69.72160325381773,-69.72160325381773
1244.53003490448,-69.71581702321224,-69.71581702321224
1244.54003490448,-69.71004833466785,-69.71004833466785
1244.55003490448,-69.70429751628,-69.70429751628
1244.56003490448,-69.69856490181927,-69.69856490181927
1244.57003490448,-69.69285082422287,-69.69285082422287
1244.58003490448,-69.68715561191345,-69.68715561191345
1244.59003490448,-69.68147958683389,-69.68147958683389
1244.60003490448,-69.67582306346252,-69.67582306346252
1244.61003490448,-69.67018634847177,-69.67018634847177
1244.62003490448,-69.66456974073003,-69.66456974073003
1244.63003490448,-69.65897353151544,-69.65897353151544
1244.64003490448,-69.65339800479909,-69.65339800479909
1244.65003490448,-69.64784343761619,-69.64784343761619
1244.66003490448,-69.6423101003865,-69.6423101003865
1244.67003490448,-69.63679825725076,-69.63679825725076
1244.68003490448,-69.63130816640559,-69.63130816640559
1244.69003490448,-69.62584008036676,-69.62584008036676
1244.70003490448,-69.62039424622586,-69.62039424622586
1244.71003490448,-69.61497090589387,-69.61497090589387
1244.72003490448,-69.60957029628084,-69.60957029628084
1244.73003490448,-69.60419264949398,-69.60419264949398
1244.74003490448,-69.59883819297421,-69.59883819297421
1244.75003490448,-69.59350714963077,-69.59350714963077
1244.7600349044799,-69.58819973799429,-69.58819973799429
1244.7700349044799,-69.58291617229018,-69.58291617229018
1244.78003490448,-69.5776566625429,-69.5776566625429
1244.79003490448,-69.57242141467137,-69.57242141467137
1244.80003490448,-69.56721063053979,-69.56721063053979
1244.81003490448,-69.56202450807314,-69.56202450807314
1244.82003490448,-69.55686324125989,-69.55686324125989
1244.83003490448,-69.55172702025406,-69.55172702025406
1244.84003490448,-69.54661603140936,-69.54661603140936
1244.85003490448,-69.54153045732977,-69.54153045732977
1244.86003490448,-69.53647047691076,-69.53647047691076
1244.87003490448,-69.53143626537724,-69.53143626537724
1244.88003490448,-69.5264279943474,-69.5264279943474
1244.89003490448,-69.52144583184725,-69.52144583184725
1244.90003490448,-69.51648994235661,-69.51648994235661
1244.91003490448,-69.5115604868401,-69.5115604868401
1244.92003490448,-69.50665762278193,-69.50665762278193
1244.93003490448,-69.50178150422954,-69.50178150422954
1244.94003490448,-69.49693228181593,-69.49693228181593
1244.95003490448,-69.49211010279333,-69.49211010279333
1244.96003490448,-69.48731511107324,-69.48731511107324
1244.97003490448,-69.48254744723765,-69.48254744723765
1244.98003490448,-69.47780724859696,-69.47780724859696
1244.99003490448,-69.47309464919951,-69.47309464919951
1245.00003490448,-69.46840977988809,-69.46840977988809
1245.0100349044799,-69.46375276829393,-69.46375276829393
1245.0200349044799,-69.45912373890225,-69.45912373890225
1245.03003490448,-69.45452281306926,-69.45452281306926
1245.04003490448,-69.44995010904347,-69.44995010904347
1245.05003490448,-69.4454057420223,-69.4454057420223
1245.06003490448,-69.44088982414824,-69.44088982414824
1245.07003490448,-69.43640246457456,-69.43640246457456
1245.08003490448,-69.43194376947756,-69.43194376947756
1245.09003490448,-69.42751384208006,-69.42751384208006
1245.10003490448,-69.4231127827183,-69.4231127827183
1245.11003490448,-69.41874068883025,-69.41874068883025
1245.12003490448,-69.41439765499996,-69.41439765499996
1245.13003490448,-69.41008377301823,-69.41008377301823
1245.14003490448,-69.40579913186933,-69.40579913186933
1245.15003490448,-69.40154381778588,-69.40154381778588
1245.16003490448,-69.3973179142918,-69.3973179142918
1245.17003490448,-69.39312150220229,-69.39312150220229
1245.18003490448,-69.3889546596821,-69.3889546596821
1245.19003490448,-69.38481746226506,-69.38481746226506
1245.20003490448,-69.38070998288842,-69.38070998288842
1245.21003490448,-69.37663229192313,-69.37663229192313
1245.22003490448,-69.37258445720123,-69.37258445720123
1245.23003490448,-69.36856654405629,-69.36856654405629
1245.24003490448,-69.36457861534838,-69.36457861534838
1245.2500349283218,-69.36062072207173,-69.36062072207173
1245.2600349283218,-69.35669294117066,-69.35669294117066
1245.2700349283218,-69.3527953187268,-69.3527953187268
1245.2800349283218,-69.34892790803218,-69.34892790803218
1245.2900349283218,-69.34509076005398,-69.34509076005398
1245.3000349283218,-69.34128392345356,-69.34128392345356
1245.3100349283218,-69.3375074446355,-69.3375074446355
1245.3200349283218,-69.33376136779385,-69.33376136779385
1245.3300349283218,-69.33004573490182,-69.33004573490182
1245.3400349283218,-69.32636058576111,-69.32636058576111
1245.3500349283217,-69.32270595805566,-69.32270595805566
1245.3600349283217,-69.3190818873495,-69.3190818873495
1245.3700349283217,-69.3154884071158,-69.3154884071158
1245.380034928322,-69.31192554878945,-69.31192554878945
1245.390034928322,-69.3083933417784,-69.3083933417784
1245.400034928322,-69.30489181349213,-69.30489181349213
1245.410034928322,-69.3014209893793,-69.3014209893793
1245.420034928322,-69.29798089294567,-69.29798089294567
1245.430034928322,-69.2945715457893,-69.2945715457893
1245.440034928322,-69.29119296762094,-69.29119296762094
1245.4500349283219,-69.28784517630291,-69.28784517630291
1245.4600349283219,-69.28452215771469,-69.28452215771469
1245.4700349283219,-69.28122129390272,-69.28122129390272
1245.4800349283219,-69.27794132337188,-69.27794132337188
1245.4900349283218,-69.27468161163169,-69.27468161163169
1245.5000349283218,-69.27144187276976,-69.27144187276976
1245.5100349283218,-69.26822202481087,-69.26822202481087
1245.5200349283218,-69.26502210480308,-69.26502210480308
1245.5300349283218,-69.26184221777464,-69.26184221777464
1245.5400349283218,-69.25868250602574,-69.25868250602574
1245.5500349283218,-69.255543130664,-69.255543130664
1245.5600349283218,-69.25242426061781,-69.25242426061781
1245.5700349283218,-69.24932606623437,-69.24932606623437
1245.5800349283218,-69.24624871557052,-69.24624871557052
1245.5900349283218,-69.24319237244102,-69.24319237244102
1245.6000349283217,-69.24015719541636,-69.24015719541636
1245.6100349283217,-69.23714333749481,-69.23714333749481
1245.6200349283217,-69.23415094606678,-69.23415094606678
1245.630034928322,-69.23118016311638,-69.23118016311638
1245.640034928322,-69.22823112549845,-69.22823112549845
1245.650034928322,-69.2253039652664,-69.2253039652664
1245.660034928322,-69.22239881000306,-69.22239881000306
1245.670034928322,-69.21951578312567,-69.21951578312567
1245.680034928322,-69.21665500420045,-69.21665500420045
1245.690034928322,-69.21381658919145,-69.21381658919145
1245.7000349283219,-69.21100065068963,-69.21100065068963
1245.7100349283219,-69.20820729813015,-69.20820729813015
1245.7200349283219,-69.2054366379891,-69.2054366379891
1245.7300349283219,-69.20268877390541,-69.20268877390541
1245.7400349283218,-69.19996380684834,-69.19996380684834
1245.7500349283218,-69.19726183521517,-69.19726183521517
1245.7600349283218,-69.19458295494196,-69.19458295494196
1245.7700349283218,-69.1919272595813,-69.1919272595813
1245.7800349283218,-69.18929484039576,-69.18929484039576
1245.7900349283218,-69.18668578640663,-69.18668578640663
1245.8000349283218,-69.18410018445847,-69.18410018445847
1245.8100349283218,-69.18153811926115,-69.18153811926115
1245.8200349283218,-69.17899967344187,-69.17899967344187
1245.8300349283218,-69.17648492756494,-69.17648492756494
1245.8400349283218,-69.17399396018435,-69.17399396018435
1245.8500349283217,-69.17152684785805,-69.17152684785805
1245.8600349283217,-69.16908366518406,-69.16908366518406
1245.8700349283217,-69.16666448480707,-69.16666448480707
1245.880034928322,-69.16426937746301,-69.16426937746301
1245.890034928322,-69.16189841197517,-69.16189841197517
1245.900034928322,-69.15955165528315,-69.15955165528315
1245.910034928322,-69.1572291724531,-69.1572291724531
1245.920034928322,-69.15493102669987,-69.15493102669987
1245.930034928322,-69.15265727939966,-69.15265727939966
1245.940034928322,-69.15040799009952,-69.15040799009952
1245.9500349283219,-69.1481832165288,-69.1481832165288
1245.9600349283219,-69.14598301462264,-69.14598301462264
1245.9700349283219,-69.14380743853108,-69.14380743853108
1245.9800349283219,-69.14165654060751,-69.14165654060751
1245.9900349283218,-69.13953037147346,-69.13953037147346
1246.0000349283218,-69.1374289799824,-69.1374289799824
1246.0100349283218,-69.13535241325617,-69.13535241325617
1246.0200349283218,-69.13330071669213,-69.13330071669213
1246.0300349283218,-69.13127393397194,-69.13127393397194
1246.0400349283218,-69.12927210708082,-69.12927210708082
1246.0500349283218,-69.12729527632374,-69.12729527632374
1246.0600349283218,-69.12534348032516,-69.12534348032516
1246.0700349283218,-69.12341675604976,-69.12341675604976
1246.0800349283218,-69.12151513882314,-69.12151513882314
1246.0900349283218,-69.1196386623442,-69.1196386623442
1246.1000349521637,-69.11778735427998,-69.11778735427998
1246.1100349521637,-69.11596125399898,-69.11596125399898
1246.1200349521637,-69.11416038586484,-69.11416038586484
1246.1300349521637,-69.11238477720774,-69.11238477720774
1246.1400349521637,-69.11063445377506,-69.11063445377506
1246.1500349521637,-69.1089094397893,-69.1089094397893
1246.1600349521636,-69.1072097579088,-69.1072097579088
1246.1700349521636,-69.10553542930684,-69.10553542930684
1246.1800349521636,-69.10388647363814,-69.10388647363814
1246.1900349521636,-69.10226290908831,-69.10226290908831
1246.2000349521636,-69.10066475236579,-69.10066475236579
1246.2100349521636,-69.09909201872789,-69.09909201872789
1246.2200349521636,-69.09754472199936,-69.09754472199936
1246.2300349521638,-69.09602287458019,-69.09602287458019
1246.2400349521638,-69.09452648747147,-69.09452648747147
1246.2500349521638,-69.09305557028563,-69.09305557028563
1246.2600349521638,-69.09161013125257,-69.09161013125257
1246.2700349521638,-69.09019017725353,-69.09019017725353
1246.2800349521638,-69.08879571383451,-69.08879571383451
1246.2900349521638,-69.08742674521147,-69.08742674521147
1246.3000349521637,-69.08608327429609,-69.08608327429609
1246.3100349521637,-69.08476530270438,-69.08476530270438
1246.3200349521637,-69.08347283078545,-69.08347283078545
1246.3300349521637,-69.08220585761994,-69.08220585761994
1246.3400349521637,-69.08096438105217,-69.08096438105217
1246.3500349521637,-69.07974839768977,-69.07974839768977
1246.3600349521637,-69.0785579029535,-69.0785579029535
1246.3700349521637,-69.07739289104943,-69.07739289104943
1246.3800349521637,-69.07625335501277,-69.07625335501277
1246.3900349521637,-69.07513928671644,-69.07513928671644
1246.4000349521637,-69.07405067689251,-69.07405067689251
1246.4100349521636,-69.07298751513419,-69.07298751513419
1246.4200349521636,-69.0719497899287,-69.0719497899287
1246.4300349521636,-69.07093748866336,-69.07093748866336
1246.4400349521636,-69.06995059764508,-69.06995059764508
1246.4500349521636,-69.06898910210906,-69.06898910210906
1246.4600349521636,-69.06805298625231,-69.06805298625231
1246.4700349521636,-69.06714223322288,-69.06714223322288
1246.4800349521638,-69.06625682515006,-69.06625682515006
1246.4900349521638,-69.06539674316727,-69.06539674316727
1246.5000349521638,-69.06456196741674,-69.06456196741674
1246.5100349521638,-69.06375247705797,-69.06375247705797
1246.5200349521638,-69.06296825030934,-69.06296825030934
1246.5300349521638,-69.06220926442764,-69.06220926442764
1246.5400349521638,-69.061475495743,-69.061475495743
1246.5500349521637,-69.06076691967723,-69.06076691967723
1246.5600349521637,-69.06008351075143,-69.06008351075143
1246.5700349521637,-69.05942524259997,-69.05942524259997
1246.5800349521637,-69.05879208798673,-69.05879208798673
1246.5900349521637,-69.05818401880906,-69.05818401880906
1246.6000349521637,-69.0576010061365,-69.0576010061365
1246.6100349521637,-69.05704302019424,-69.05704302019424
1246.6200349521637,-69.05651003040826,-69.05651003040826
1246.6300349521637,-69.05600200539494,-69.05600200539494
1246.6400349521637,-69.05551891297641,-69.05551891297641
1246.6500349521637,-69.05506072021224,-69.05506072021224
1246.6600349521636,-69.05462739339073,-69.05462739339073
1246.6700349521636,-69.05421889805788,-69.05421889805788
1246.6800349521636,-69.053835199023,-69.053835199023
1246.6900349521636,-69.05347626037182,-69.05347626037182
1246.7000349521636,-69.05314204548306,-69.05314204548306
1246.7100349521636,-69.05282650451048,-69.05282650451048
1246.7200349521636,-69.05252697227237,-69.05252697227237
1246.7300349521638,-69.0522421362725,-69.0522421362725
1246.7400349521638,-69.05197130995124,-69.05197130995124
1246.7500349521638,-69.05171415520431,-69.05171415520431
1246.7600349521638,-69.05147053827689,-69.05147053827689
1246.7700349521638,-69.05124044513775,-69.05124044513775
1246.7800349521638,-69.0510239306444,-69.0510239306444
1246.7900349521638,-69.0508210879081,-69.0508210879081
1246.8000349521637,-69.05063202993962,-69.05063202993962
1246.8100349521637,-69.05045687869227,-69.05045687869227
1246.8200349521637,-69.05029575863821,-69.05029575863821
1246.8300349521637,-69.05014879310777,-69.05014879310777
1246.8400349521637,-69.05001610228034,-69.05001610228034
1246.8500349521637,-69.04989780221459,-69.04989780221459
1246.8600349521637,-69.04979400447895,-69.04979400447895
1246.8700349521637,-69.04970481609863,-69.04970481609863
1246.8800349521637,-69.04963033975085,-69.04963033975085
1246.8900349521637,-69.04957067400532,-69.04957067400532
1246.9000349521637,-69.04952591365748,-69.04952591365748
1246.9100349521636,-69.04949615002326,-69.04949615002326
1246.9200349521636,-69.04948147122296,-69.04948147122296
1246.9300349521636,-69.04948196247918,-69.04948196247918
1246.9400349521636,-69.0494977063592,-69.0494977063592
1246.9500349760056,-69.04952878306166,-69.04952878306166
1246.9600349760055,-69.04957527035836,-69.04957527035836
1246.9700349760055,-69.04963724404074,-69.04963724404074
1246.9800349760055,-69.04971477795888,-69.04971477795888
1246.9900349760055,-69.04980794413567,-69.04980794413567
1247.0000349760055,-69.04991681286637,-69.04991681286637
1247.0100349760055,-69.05004145281607,-69.05004145281607
1247.0200349760055,-69.05018193107743,-69.05018193107743
1247.0300349760055,-69.05033831326337,-69.05033831326337
1247.0400349760055,-69.05051066351945,-69.05051066351945
1247.0500349760055,-69.05069904459374,-69.05069904459374
1247.0600349760055,-69.05090351787041,-69.05090351787041
1247.0700349760054,-69.05112414338119,-69.05112414338119
1247.0800349760057,-69.05136097985688,-69.05136097985688
1247.0900349760057,-69.05161408471906,-69.05161408471906
1247.1000349760056,-69.05188351413169,-69.05188351413169
1247.1100349760056,-69.0521693229747,-69.0521693229747
1247.1200349760056,-69.05247156487663,-69.05247156487663
1247.1300349760056,-69.05279029222591,-69.05279029222591
1247.1400349760056,-69.05312555618316,-69.05312555618316
1247.1500349760056,-69.05347740666542,-69.05347740666542
1247.1600349760056,-69.05384589238743,-69.05384589238743
1247.1700349760056,-69.05423106081605,-69.05423106081605
1247.1800349760056,-69.05463295820745,-69.05463295820745
1247.1900349760056,-69.05505162963047,-69.05505162963047
1247.2000349760056,-69.0554871189271,-69.0554871189271
1247.2100349760055,-69.05593946872179,-69.05593946872179
1247.2200349760055,-69.05640872046169,-69.05640872046169
1247.2300349760055,-69.05689491437835,-69.05689491437835
1247.2400349760055,-69.05739808951101,-69.05739808951101
1247.2500349760055,-69.05791828370248,-69.05791828370248
1247.2600349760055,-69.05845553361499,-69.05845553361499
1247.2700349760055,-69.05900987472376,-69.05900987472376
1247.2800349760055,-69.05958134130847,-69.05958134130847
1247.2900349760055,-69.06016996648039,-69.06016996648039
1247.3000349760055,-69.060775782182,-69.060775782182
1247.3100349760055,-69.06139881918934,-69.06139881918934
1247.3200349760054,-69.06203910709519,-69.06203910709519
1247.3300349760057,-69.06269667435035,-69.06269667435035
1247.3400349760057,-69.06337154825341,-69.06337154825341
1247.3500349760056,-69.06406375495632,-69.06406375495632
1247.3600349760056,-69.06477331946611,-69.06477331946611
1247.3700349760056,-69.06550026565758,-69.06550026565758
1247.3800349760056,-69.06624461628303,-69.06624461628303
1247.3900349760056,-69.06700639296879,-69.06700639296879
1247.4000349760056,-69.0677856162383,-69.0677856162383
1247.4100349760056,-69.06858230550496,-69.06858230550496
1247.4200349760056,-69.06939647908385,-69.06939647908385
1247.4300349760056,-69.07022815420756,-69.07022815420756
1247.4400349760056,-69.07107734702606,-69.07107734702606
1247.4500349760056,-69.07194407261456,-69.07194407261456
1247.4600349760055,-69.07282834499215,-69.07282834499215
1247.4700349760055,-69.07373017712533,-69.07373017712533
1247.4800349760055,-69.07464958093276,-69.07464958093276
1247.4900349760055,-69.07558656730018,-69.07558656730018
1247.5000349760055,-69.07654114609277,-69.07654114609277
1247.5100349760055,-69.07751332615132,-69.07751332615132
1247.5200349760055,-69.07850311532665,-69.07850311532665
1247.5300349760055,-69.07951052046216,-69.07951052046216
1247.5400349760055,-69.08053554741684,-69.08053554741684
1247.5500349760055,-69.08157820108575,-69.08157820108575
1247.5600349760055,-69.08263848538633,-69.08263848538633
1247.5700349760054,-69.08371640328973,-69.08371640328973
1247.5800349760057,-69.08481195682414,-69.08481195682414
1247.5900349760057,-69.08592514708629,-69.08592514708629
1247.6000349760056,-69.08705597425121,-69.08705597425121
1247.6100349760056,-69.08820443757764,-69.08820443757764
1247.6200349760056,-69.08937053543534,-69.08937053543534
1247.6300349760056,-69.0905542652916,-69.0905542652916
1247.6400349760056,-69.09175562374617,-69.09175562374617
1247.6500349760056,-69.09297460652414,-69.09297460652414
1247.6600349760056,-69.09421120849576,-69.09421120849576
1247.6700349760056,-69.09546542368854,-69.09546542368854
1247.6800349760056,-69.09673724529212,-69.09673724529212
1247.6900349760056,-69.098026665679,-69.098026665679
1247.7000349760056,-69.09933367640716,-69.09933367640716
1247.7100349760055,-69.1006522497387,-69.1006522497387
1247.7200349760055,-69.10197974402637,-69.10197974402637
1247.7300349760055,-69.10331487090723,-69.10331487090723
1247.7400349760055,-69.1046569681847,-69.1046569681847
1247.7500349760055,-69.10600572227918,-69.10600572227918
1247.7600349760055,-69.10736102398053,-69.10736102398053
1247.7700349760055,-69.10872288385659,-69.10872288385659
1247.7800349760055,-69.11009138137395,-69.11009138137395
1247.7900349760055,-69.11146663430326,-69.11146663430326
1247.8000349998474,-69.1128487836215,-69.1128487836215
1247.8100349998474,-69.11423796943528,-69.11423796943528
1247.8200349998474,-69.11563434420793,-69.11563434420793
1247.8300349998474,-69.11703805604932,-69.11703805604932
1247.8400349998474,-69.11844924993716,-69.11844924993716
1247.8500349998474,-69.11986806674327,-69.11986806674327
1247.8600349998474,-69.1212946428463,-69.1212946428463
1247.8700349998473,-69.12272911010056,-69.12272911010056
1247.8800349998473,-69.12417159599363,-69.12417159599363
1247.8900349998473,-69.12562222392077,-69.12562222392077
1247.9000349998473,-69.12708111345503,-69.12708111345503
1247.9100349998473,-69.12854838067287,-69.12854838067287
1247.9200349998473,-69.13002413844595,-69.13002413844595
1247.9300349998475,-69.13150849670512,-69.13150849670512
1247.9400349998475,-69.13300156268176,-69.13300156268176
1247.9500349998475,-69.13450344112005,-69.13450344112005
1247.9600349998475,-69.136008212922,-69.136008212922
1247.9700349998475,-69.13751334533826,-69.13751334533826
1247.9800349998475,-69.13901765835428,-69.13901765835428
1247.9900349998475,-69.1405205973365,-69.1405205973365
1248.0000349998475,-69.14202195541895,-69.14202195541895
1248.0100349998474,-69.14352172928575,-69.14352172928575
1248.0200349998474,-69.14502003459926,-69.14502003459926
1248.0300349998474,-69.14651705514886,-69.14651705514886
1248.0400349998474,-69.14801301227816,-69.14801301227816
1248.0500349998474,-69.14950814653608,-69.14950814653608
1248.0600349998474,-69.15100270674351,-69.15100270674351
1248.0700349998474,-69.15249694358558,-69.15249694358558
1248.0800349998474,-69.15399110595234,-69.15399110595234
1248.0900349998474,-69.1554854389532,-69.1554854389532
1248.1000349998474,-69.15698018289905,-69.15698018289905
1248.1100349998474,-69.15847557295129,-69.15847557295129
1248.1200349998473,-69.15997183906616,-69.15997183906616
1248.1300349998473,-69.16146920616687,-69.16146920616687
1248.1400349998473,-69.16296789437713,-69.16296789437713
1248.1500349998473,-69.16446811934068,-69.16446811934068
1248.1600349998473,-69.16597009248926,-69.16597009248926
1248.1700349998473,-69.16747402133615,-69.16747402133615
1248.1800349998475,-69.16898010974805,-69.16898010974805
1248.1900349998475,-69.1704885581713,-69.1704885581713
1248.2000349998475,-69.17199956382714,-69.17199956382714
1248.2100349998475,-69.17351332090229,-69.17351332090229
1248.2200349998475,-69.17503002069381,-69.17503002069381
1248.2300349998475,-69.17654985176124,-69.17654985176124
1248.2400349998475,-69.17807299999413,-69.17807299999413
1248.2500349998475,-69.17959964874792,-69.17959964874792
1248.2600349998474,-69.18112997889388,-69.18112997889388
1248.2700349998474,-69.18266416888699,-69.18266416888699
1248.2800349998474,-69.18420239483267,-69.18420239483267
1248.2900349998474,-69.18574483050807,-69.18574483050807
1248.3000349998474,-69.18729164742736,-69.18729164742736
1248.3100349998474,-69.18884301484401,-69.18884301484401
1248.3200349998474,-69.1903990997948,-69.1903990997948
1248.3300349998474,-69.19196006709869,-69.19196006709869
1248.3400349998474,-69.19352607939076,-69.19352607939076
1248.3500349998474,-69.19509729712361,-69.19509729712361
1248.3600349998474,-69.19667387859155,-69.19667387859155
1248.3700349998473,-69.19825597993147,-69.19825597993147
1248.3800349998473,-69.19984375512107,-69.19984375512107
1248.3900349998473,-69.2014373559862,-69.2014373559862
1248.4000349998473,-69.20303693222897,-69.20303693222897
1248.4100349998473,-69.20464263140184,-69.20464263140184
1248.4200349998473,-69.20625459893273,-69.20625459893273
1248.4300349998475,-69.20787297812387,-69.20787297812387
1248.4400349998475,-69.20949791016116,-69.20949791016116
1248.4500349998475,-69.2111295340963,-69.2111295340963
1248.4600349998475,-69.21276798687516,-69.21276798687516
1248.4700349998475,-69.21441340333172,-69.21441340333172
1248.4800349998475,-69.2160659162084,-69.2160659162084
1248.4900349998475,-69.2177256561358,-69.2177256561358
1248.5000349998475,-69.21939275166037,-69.21939275166037
1248.5100349998474,-69.22106732923422,-69.22106732923422
1248.5200349998474,-69.22274951325609,-69.22274951325609
1248.5300349998474,-69.22443942602737,-69.22443942602737
1248.5400349998474,-69.22613718779589,-69.22613718779589
1248.5500349998474,-69.22784291676265,-69.22784291676265
1248.5600349998474,-69.2295567290811,-69.2295567290811
1248.5700349998474,-69.23127873886895,-69.23127873886895
1248.5800349998474,-69.23300905821681,-69.23300905821681
1248.5900349998474,-69.23474779721543,-69.23474779721543
1248.6000349998474,-69.23649506394818,-69.23649506394818
1248.6100349998474,-69.2382509645007,-69.2382509645007
1248.6200349998473,-69.2400156029871,-69.2400156029871
1248.6300349998473,-69.24178908155788,-69.24178908155788
1248.6400349998473,-69.24357150040623,-69.24357150040623
1248.6500350236893,-69.24536296206685,-69.24536296206685
1248.6600350236893,-69.24716355437677,-69.24716355437677
1248.6700350236893,-69.24897337597385,-69.24897337597385
1248.6800350236892,-69.25079251940242,-69.25079251940242
1248.6900350236892,-69.25262107530835,-69.25262107530835
1248.7000350236892,-69.2544591324833,-69.2544591324833
1248.7100350236892,-69.25630677786417,-69.25630677786417
1248.7200350236892,-69.2581640965473,-69.2581640965473
1248.7300350236892,-69.26003117181975,-69.26003117181975
1248.7400350236892,-69.26190808516576,-69.26190808516576
1248.7500350236892,-69.26379491628325,-69.26379491628325
1248.7600350236892,-69.26569174310181,-69.26569174310181
1248.7700350236892,-69.26759864180637,-69.26759864180637
1248.7800350236894,-69.26951568683936,-69.26951568683936
1248.7900350236894,-69.27144295093397,-69.27144295093397
1248.8000350236894,-69.27338050511615,-69.27338050511615
1248.8100350236894,-69.27532841874613,-69.27532841874613
1248.8200350236893,-69.27728675949882,-69.27728675949882
1248.8300350236893,-69.27925559341921,-69.27925559341921
1248.8400350236893,-69.28123498490925,-69.28123498490925
1248.8500350236893,-69.28322499677924,-69.28322499677924
1248.8600350236893,-69.28522569023072,-69.28522569023072
1248.8700350236893,-69.28723712489746,-69.28723712489746
1248.8800350236893,-69.28925935884998,-69.28925935884998
1248.8900350236893,-69.29129244863437,-69.29129244863437
1248.9000350236893,-69.2933364492594,-69.2933364492594
1248.9100350236893,-69.2953914142448,-69.2953914142448
1248.9200350236893,-69.29745739561444,-69.29745739561444
1248.9300350236892,-69.29953444393709,-69.29953444393709
1248.9400350236892,-69.3016226083165,-69.3016226083165
1248.9500350236892,-69.30372193644496,-69.30372193644496
1248.9600350236892,-69.30583247458756,-69.30583247458756
1248.9700350236892,-69.307954267617,-69.307954267617
1248.9800350236892,-69.3100873590299,-69.3100873590299
1248.9900350236892,-69.31223179095907,-69.31223179095907
1249.0000350236892,-69.3143876042039,-69.3143876042039
1249.0100350236892,-69.31655483822841,-69.31655483822841
1249.0200350236892,-69.31873353120801,-69.31873353120801
1249.0300350236894,-69.32092371999917,-69.32092371999917
1249.0400350236894,-69.3231254402062,-69.3231254402062
1249.0500350236894,-69.3253387261755,-69.3253387261755
1249.0600350236894,-69.32756361101283,-69.32756361101283
1249.0700350236893,-69.32980012659935,-69.32980012659935
1249.0800350236893,-69.33204830361524,-69.33204830361524
1249.0900350236893,-69.33430817154796,-69.33430817154796
1249.1000350236893,-69.33657975871995,-69.33657975871995
1249.1100350236893,-69.33886309229761,-69.33886309229761
1249.1200350236893,-69.34115819829844,-69.34115819829844
1249.1300350236893,-69.34346510162602,-69.34346510162602
1249.1400350236893,-69.34578382607855,-69.34578382607855
1249.1500350236893,-69.34811439436714,-69.34811439436714
1249.1600350236893,-69.35045682811379,-69.35045682811379
1249.1700350236893,-69.35281114789359,-69.35281114789359
1249.1800350236892,-69.35517737322894,-69.35517737322894
1249.1900350236892,-69.35755552262268,-69.35755552262268
1249.2000350236892,-69.3599456135598,-69.3599456135598
1249.2100350236892,-69.36234162057308,-69.36234162057308
1249.2200350236892,-69.36474091633069,-69.36474091633069
1249.2300350236892,-69.36714223151081,-69.36714223151081
1249.2400350236892,-69.36954492506564,-69.36954492506564
1249.2500350236892,-69.37194870564016,-69.37194870564016
1249.2600350236892,-69.37435348682082,-69.37435348682082
1249.2700350236892,-69.37675930224623,-69.37675930224623
1249.2800350236894,-69.37916625457876,-69.37916625457876
1249.2900350236894,-69.38157448481678,-69.38157448481678
1249.3000350236894,-69.38398415383325,-69.38398415383325
1249.3100350236894,-69.38639543144433,-69.38639543144433
1249.3200350236893,-69.38880848995376,-69.38880848995376
1249.3300350236893,-69.39122350046074,-69.39122350046074
1249.3400350236893,-69.39364063087267,-69.39364063087267
1249.3500350236893,-69.39606004489494,-69.39606004489494
1249.3600350236893,-69.39848190167278,-69.39848190167278
1249.3700350236893,-69.40090635572871,-69.40090635572871
1249.3800350236893,-69.40333355714576,-69.40333355714576
1249.3900350236893,-69.40576365180064,-69.40576365180064
1249.4000350236893,-69.40819678167996,-69.40819678167996
1249.4100350236893,-69.41063308518649,-69.41063308518649
1249.4200350236893,-69.41307269742022,-69.41307269742022
1249.4300350236892,-69.41551575045163,-69.41551575045163
1249.4400350236892,-69.41796237355575,-69.41796237355575
1249.4500350236892,-69.42041269344014,-69.42041269344014
1249.4600350236892,-69.42286683442241,-69.42286683442241
1249.4700350236892,-69.42532491857818,-69.42532491857818
1249.4800350236892,-69.42778706591236,-69.42778706591236
1249.4900350236892,-69.43025339444506,-69.43025339444506
1249.5000350475311,-69.43272402619118,-69.43272402619118
1249.5100350475311,-69.43519906376632,-69.43519906376632
1249.520035047531,-69.43767862565666,-69.43767862565666
1249.530035047531,-69.44016282284171,-69.44016282284171
1249.540035047531,-69.44265176469206,-69.44265176469206
1249.550035047531,-69.44514555898608,-69.44514555898608
1249.560035047531,-69.44764431197923,-69.44764431197923
1249.570035047531,-69.45014812842481,-69.45014812842481
1249.580035047531,-69.45265711157822,-69.45265711157822
1249.590035047531,-69.45517136323956,-69.45517136323956
1249.600035047531,-69.45769098375476,-69.45769098375476
1249.610035047531,-69.4602160720274,-69.4602160720274
1249.620035047531,-69.46274672555336,-69.46274672555336
1249.6300350475312,-69.46528304038537,-69.46528304038537
1249.6400350475312,-69.46782511118143,-69.46782511118143
1249.6500350475312,-69.47037303120563,-69.47037303120563
1249.6600350475312,-69.472926892299,-69.472926892299
1249.6700350475312,-69.4754867849318,-69.4754867849318
1249.6800350475312,-69.4780527981564,-69.4780527981564
1249.6900350475312,-69.4806250196545,-69.4806250196545
1249.7000350475312,-69.48320353573371,-69.48320353573371
1249.7100350475312,-69.48578843131098,-69.48578843131098
1249.7200350475312,-69.48837978991227,-69.48837978991227
1249.7300350475311,-69.49097769371257,-69.49097769371257
1249.7400350475311,-69.49358222350789,-69.49358222350789
1249.7500350475311,-69.4961934587163,-69.4961934587163
1249.7600350475311,-69.49881147741405,-69.49881147741405
1249.770035047531,-69.50143635629207,-69.50143635629207
1249.780035047531,-69.50406817071014,-69.50406817071014
1249.790035047531,-69.50670699465884,-69.50670699465884
1249.800035047531,-69.50935290079792,-69.50935290079792
1249.810035047531,-69.51200596043536,-69.51200596043536
1249.820035047531,-69.51466624355383,-69.51466624355383
1249.830035047531,-69.51733381879748,-69.51733381879748
1249.840035047531,-69.52000875349412,-69.52000875349412
1249.850035047531,-69.52269111364608,-69.52269111364608
1249.860035047531,-69.52538096396586,-69.52538096396586
1249.870035047531,-69.52807836784572,-69.52807836784572
1249.8800350475312,-69.53078338738696,-69.53078338738696
1249.8900350475312,-69.53349608340899,-69.53349608340899
1249.9000350475312,-69.53621651544762,-69.53621651544762
1249.9100350475312,-69.53894474176485,-69.53894474176485
1249.9200350475312,-69.54168081936753,-69.54168081936753
1249.9300350475312,-69.54442480400961,-69.54442480400961
1249.9400350475312,-69.54717675018969,-69.54717675018969
1249.9500350475312,-69.54993671118471,-69.54993671118471
1249.9600350475312,-69.5527047390395,-69.5527047390395
1249.9700350475312,-69.55548088458596,-69.55548088458596
1249.9800350475311,-69.5582651974409,-69.5582651974409
1249.9900350475311,-69.56105772604069,-69.56105772604069
1250.0000350475311,-69.56385851762595,-69.56385851762595
1250.0100350475311,-69.56666761825963,-69.56666761825963
1250.020035047531,-69.56948507285539,-69.56948507285539
1250.030035047531,-69.57231092515441,-69.57231092515441
1250.040035047531,-69.575145217768,-69.575145217768
1250.050035047531,-69.57798799217065,-69.57798799217065
1250.060035047531,-69.58083928871845,-69.58083928871845
1250.070035047531,-69.58369914665741,-69.58369914665741
1250.080035047531,-69.58656760413265,-69.58656760413265
1250.090035047531,-69.58944469820428,-69.58944469820428
1250.100035047531,-69.59233046486337,-69.59233046486337
1250.110035047531,-69.59522493902374,-69.59522493902374
1250.120035047531,-69.59812815455722,-69.59812815455722
1250.1300350475312,-69.60104014429325,-69.60104014429325
1250.1400350475312,-69.6039609400311,-69.6039609400311
1250.1500350475312,-69.60689057254473,-69.60689057254473
1250.1600350475312,-69.60982907161888,-69.60982907161888
1250.1700350475312,-69.61277646603182,-69.61277646603182
1250.1800350475312,-69.61573278357565,-69.61573278357565
1250.1900350475312,-69.61869805108302,-69.61869805108302
1250.2000350475312,-69.62167229441488,-69.62167229441488
1250.2100350475312,-69.62465553850123,-69.62465553850123
1250.2200350475312,-69.6276478073249,-69.6276478073249
1250.2300350475311,-69.63064912394331,-69.63064912394331
1250.2400350475311,-69.63365951050332,-69.63365951050332
1250.2500350475311,-69.63667898824406,-69.63667898824406
1250.2600350475311,-69.63970757753326,-69.63970757753326
1250.270035047531,-69.64274529784686,-69.64274529784686
1250.280035047531,-69.64579216778934,-69.64579216778934
1250.290035047531,-69.64884820511926,-69.64884820511926
1250.300035047531,-69.65191342675561,-69.65191342675561
1250.310035047531,-69.6549878487632,-69.6549878487632
1250.320035047531,-69.65807148640945,-69.65807148640945
1250.330035047531,-69.66116435413642,-69.66116435413642
1250.340035047531,-69.66426646559727,-69.66426646559727
1250.350035071373,-69.66737784105524,-69.66737784105524
1250.360035071373,-69.67049847781772,-69.67049847781772
1250.370035071373,-69.67362839454677,-69.67362839454677
1250.380035071373,-69.67676760181293,-69.67676760181293
1250.390035071373,-69.67991610943308,-69.67991610943308
1250.400035071373,-69.68307392648117,-69.68307392648117
1250.410035071373,-69.68624106132225,-69.68624106132225
1250.420035071373,-69.68941752158914,-69.68941752158914
1250.430035071373,-69.69260331422055,-69.69260331422055
1250.440035071373,-69.69579844546394,-69.69579844546394
1250.450035071373,-69.69900292088222,-69.69900292088222
1250.4600350713729,-69.70221674536457,-69.70221674536457
1250.4700350713729,-69.7054399231394,-69.7054399231394
1250.480035071373,-69.70867245776962,-69.70867245776962
1250.490035071373,-69.71191435219745,-69.71191435219745
1250.500035071373,-69.7151656087156,-69.7151656087156
1250.510035071373,-69.7184262289975,-69.7184262289975
1250.520035071373,-69.72169621410858,-69.72169621410858
1250.530035071373,-69.72497556449738,-69.72497556449738
1250.540035071373,-69.72826428001696,-69.72826428001696
1250.550035071373,-69.73156235996238,-69.73156235996238
1250.560035071373,-69.73486980301006,-69.73486980301006
1250.570035071373,-69.73818660729887,-69.73818660729887
1250.580035071373,-69.74151277039645,-69.74151277039645
1250.590035071373,-69.74484828931779,-69.74484828931779
1250.600035071373,-69.74819316055012,-69.74819316055012
1250.610035071373,-69.75154738003447,-69.75154738003447
1250.620035071373,-69.75491094319285,-69.75491094319285
1250.630035071373,-69.75828384493758,-69.75828384493758
1250.640035071373,-69.76166607965847,-69.76166607965847
1250.650035071373,-69.76505764126256,-69.76505764126256
1250.660035071373,-69.76845852315164,-69.76845852315164
1250.670035071373,-69.77186871826336,-69.77186871826336
1250.680035071373,-69.7752882190409,-69.7752882190409
1250.690035071373,-69.77871701747527,-69.77871701747527
1250.700035071373,-69.78215510508659,-69.78215510508659
1250.7100350713729,-69.78559639151857,-69.78559639151857
1250.7200350713729,-69.78903820529706,-69.78903820529706
1250.730035071373,-69.79247924169947,-69.79247924169947
1250.740035071373,-69.79591882859924,-69.79591882859924
1250.750035071373,-69.79935664622965,-69.79935664622965
1250.760035071373,-69.80279258157654,-69.80279258157654
1250.770035071373,-69.8062266430026,-69.8062266430026
1250.780035071373,-69.8096589089186,-69.8096589089186
1250.790035071373,-69.81308949690832,-69.81308949690832
1250.800035071373,-69.81651854521077,-69.81651854521077
1250.810035071373,-69.81994620168473,-69.81994620168473
1250.820035071373,-69.82337261731789,-69.82337261731789
1250.830035071373,-69.82679794250419,-69.82679794250419
1250.840035071373,-69.83022232503751,-69.83022232503751
1250.850035071373,-69.83364590908837,-69.83364590908837
1250.860035071373,-69.83706883479731,-69.83706883479731
1250.870035071373,-69.84049123825775,-69.84049123825775
1250.880035071373,-69.84391325162133,-69.84391325162133
1250.890035071373,-69.84733500337954,-69.84733500337954
1250.900035071373,-69.85075661861988,-69.85075661861988
1250.910035071373,-69.85417821934341,-69.85417821934341
1250.920035071373,-69.85759992473788,-69.85759992473788
1250.930035071373,-69.86102185143147,-69.86102185143147
1250.940035071373,-69.86444411372739,-69.86444411372739
1250.950035071373,-69.8678668238197,-69.8678668238197
1250.9600350713729,-69.8712900919446,-69.8712900919446
1250.9700350713729,-69.87471402655743,-69.87471402655743
1250.980035071373,-69.87813873444361,-69.87813873444361
1250.990035071373,-69.88156432084617,-69.88156432084617
1251.000035071373,-69.88499088953326,-69.88499088953326
1251.010035071373,-69.88841854288135,-69.88841854288135
1251.020035071373,-69.89184738196748,-69.89184738196748
1251.030035071373,-69.89527750657679,-69.89527750657679
1251.040035071373,-69.89870901527549,-69.89870901527549
1251.050035071373,-69.90214200541574,-69.90214200541574
1251.060035071373,-69.90557657320396,-69.90557657320396
1251.070035071373,-69.90901281368906,-69.90901281368906
1251.080035071373,-69.9124508207809,-69.9124508207809
1251.090035071373,-69.91589068729043,-69.91589068729043
1251.100035071373,-69.9193325049021,-69.9193325049021
1251.110035071373,-69.92277636420381,-69.92277636420381
1251.120035071373,-69.92622235468944,-69.92622235468944
1251.130035071373,-69.92967056475213,-69.92967056475213
1251.140035071373,-69.93312108170191,-69.93312108170191
1251.150035071373,-69.93657399174884,-69.93657399174884
1251.160035071373,-69.94002938000224,-69.94002938000224
1251.170035071373,-69.943487330485,-69.943487330485
1251.180035071373,-69.94694792612226,-69.94694792612226
1251.190035071373,-69.95041124874625,-69.95041124874625
1251.2000350952148,-69.95387738732968,-69.95387738732968
1251.2100350952148,-69.95734640501414,-69.95734640501414
1251.2200350952148,-69.96081838854734,-69.96081838854734
1251.2300350952148,-69.96429341534784,-69.96429341534784
1251.2400350952148,-69.96777156173052,-69.96777156173052
1251.2500350952148,-69.97125290289043,-69.97125290289043
1251.2600350952148,-69.97473751292364,-69.97473751292364
1251.2700350952148,-69.9782254648091,-69.9782254648091
1251.2800350952148,-69.98171683041743,-69.98171683041743
1251.2900350952148,-69.98521168051668,-69.98521168051668
1251.3000350952148,-69.98871008475555,-69.98871008475555
1251.3100350952147,-69.99221211167345,-69.99221211167345
1251.3200350952147,-69.99571782871128,-69.99571782871128
1251.330035095215,-69.99922730220281,-69.99922730220281
1251.340035095215,-70.0027405973688,-70.0027405973688
1251.350035095215,-70.0062577783419,-70.0062577783419
1251.360035095215,-70.00977890814843,-70.00977890814843
1251.370035095215,-70.01330404872547,-70.01330404872547
1251.380035095215,-70.01683326091394,-70.01683326091394
1251.390035095215,-70.02036660447078,-70.02036660447078
1251.400035095215,-70.02390413806685,-70.02390413806685
1251.4100350952149,-70.02744591930531,-70.02744591930531
1251.4200350952149,-70.03099200469983,-70.03099200469983
1251.4300350952149,-70.03454244970665,-70.03454244970665
1251.4400350952149,-70.03809730872669,-70.03809730872669
1251.4500350952148,-70.04165663508974,-70.04165663508974
1251.4600350952148,-70.04521437649817,-70.04521437649817
1251.4700350952148,-70.04876791147149,-70.04876791147149
1251.4800350952148,-70.05231598970518,-70.05231598970518
1251.4900350952148,-70.05585799521381,-70.05585799521381
1251.5000350952148,-70.05939366507398,-70.05939366507398
1251.5100350952148,-70.06292294330835,-70.06292294330835
1251.5200350952148,-70.06644589516797,-70.06644589516797
1251.5300350952148,-70.0699626556863,-70.0699626556863
1251.5400350952148,-70.07347339867809,-70.07347339867809
1251.5500350952148,-70.07697831815712,-70.07697831815712
1251.5600350952147,-70.08047761726104,-70.08047761726104
1251.5700350952147,-70.08397150174092,-70.08397150174092
1251.580035095215,-70.08746017624988,-70.08746017624988
1251.590035095215,-70.09094384228138,-70.09094384228138
1251.600035095215,-70.094422697168,-70.094422697168
1251.610035095215,-70.09789693369268,-70.09789693369268
1251.620035095215,-70.1013667400133,-70.1013667400133
1251.630035095215,-70.10483229982823,-70.10483229982823
1251.640035095215,-70.10829379261686,-70.10829379261686
1251.650035095215,-70.11175139391636,-70.11175139391636
1251.6600350952149,-70.11520527563323,-70.11520527563323
1251.6700350952149,-70.11865560630801,-70.11865560630801
1251.6800350952149,-70.12210255139068,-70.12210255139068
1251.6900350952149,-70.12554627347143,-70.12554627347143
1251.7000350952148,-70.1289869324709,-70.1289869324709
1251.7100350952148,-70.13242468584951,-70.13242468584951
1251.7200350952148,-70.13585968872826,-70.13585968872826
1251.7300350952148,-70.13929209403233,-70.13929209403233
1251.7400350952148,-70.14272205262168,-70.14272205262168
1251.7500350952148,-70.14614971335705,-70.14614971335705
1251.7600350952148,-70.14957522319588,-70.14957522319588
1251.7700350952148,-70.15299872724648,-70.15299872724648
1251.7800350952148,-70.15642036883484,-70.15642036883484
1251.7900350952148,-70.1598402895532,-70.1598402895532
1251.8000350952148,-70.1632586292716,-70.1632586292716
1251.8100350952147,-70.16667552619835,-70.16667552619835
1251.8200350952147,-70.17009111688887,-70.17009111688887
1251.830035095215,-70.17350553627725,-70.17350553627725
1251.840035095215,-70.17691891767768,-70.17691891767768
1251.850035095215,-70.18033139281363,-70.18033139281363
1251.860035095215,-70.18374309181706,-70.18374309181706
1251.870035095215,-70.1871541432363,-70.1871541432363
1251.880035095215,-70.1905646740542,-70.1905646740542
1251.890035095215,-70.1939748096947,-70.1939748096947
1251.900035095215,-70.1973846740042,-70.1973846740042
1251.9100350952149,-70.20079438928317,-70.20079438928317
1251.9200350952149,-70.20420407626803,-70.20420407626803
1251.9300350952149,-70.20761385416196,-70.20761385416196
1251.9400350952149,-70.21102384059022,-70.21102384059022
1251.9500350952148,-70.21443415166289,-70.21443415166289
1251.9600350952148,-70.21783878258066,-70.21783878258066
1251.9700350952148,-70.22123516735337,-70.22123516735337
1251.9800350952148,-70.22462211399687,-70.22462211399687
1251.9900350952148,-70.22799906589081,-70.22799906589081
1252.0000350952148,-70.23136581983042,-70.23136581983042
1252.0100350952148,-70.23472237953328,-70.23472237953328
1252.0200350952148,-70.23806886974602,-70.23806886974602
1252.0300350952148,-70.24140548465648,-70.24140548465648
1252.0400350952148,-70.24473245680616,-70.24473245680616
1252.0500351190567,-70.24805004638672,-70.24805004638672
1252.0600351190567,-70.25135849850176,-70.25135849850176
1252.0700351190567,-70.25465808408929,-70.25465808408929
1252.0800351190567,-70.25794906456588,-70.25794906456588
1252.0900351190567,-70.26123169763981,-70.26123169763981
1252.1000351190567,-70.26450623634507,-70.26450623634507
1252.1100351190566,-70.26777292860399,-70.26777292860399
1252.1200351190566,-70.27103201718992,-70.27103201718992
1252.1300351190566,-70.27428373986795,-70.27428373986795
1252.1400351190566,-70.27752832962808,-70.27752832962808
1252.1500351190566,-70.2807660149816,-70.2807660149816
1252.1600351190566,-70.28399702026022,-70.28399702026022
1252.1700351190566,-70.28722156588361,-70.28722156588361
1252.1800351190568,-70.29043986862591,-70.29043986862591
1252.1900351190568,-70.29365214185354,-70.29365214185354
1252.2000351190568,-70.29685859572439,-70.29685859572439
1252.2100351190568,-70.30005331143413,-70.30005331143413
1252.2200351190568,-70.30323381173734,-70.30323381173734
1252.2300351190568,-70.3063989938142,-70.3063989938142
1252.2400351190568,-70.30954838988993,-70.30954838988993
1252.2500351190567,-70.31268188498457,-70.31268188498457
1252.2600351190567,-70.31579957038848,-70.31579957038848
1252.2700351190567,-70.31890165768849,-70.31890165768849
1252.2800351190567,-70.32198842721702,-70.32198842721702
1252.2900351190567,-70.32506019692623,-70.32506019692623
1252.3000351190567,-70.32811730382062,-70.32811730382062
1252.3100351190567,-70.33116009285463,-70.33116009285463
1252.3200351190567,-70.33418891040539,-70.33418891040539
1252.3300351190567,-70.33720410055953,-70.33720410055953
1252.3400351190567,-70.34020600307895,-70.34020600307895
1252.3500351190567,-70.34319495239612,-70.34319495239612
1252.3600351190566,-70.34617127718519,-70.34617127718519
1252.3700351190566,-70.34913530033359,-70.34913530033359
1252.3800351190566,-70.3520873390848,-70.3520873390848
1252.3900351190566,-70.355027705277,-70.355027705277
1252.4000351190566,-70.35795670564448,-70.35795670564448
1252.4100351190566,-70.36087464208933,-70.36087464208933
1252.4200351190566,-70.36378181197071,-70.36378181197071
1252.4300351190568,-70.36667850834607,-70.36667850834607
1252.4400351190568,-70.36956502023105,-70.36956502023105
1252.4500351190568,-70.37244163277408,-70.37244163277408
1252.4600351190568,-70.37530249593055,-70.37530249593055
1252.4700351190568,-70.37814520436034,-70.37814520436034
1252.4800351190568,-70.38096872796515,-70.38096872796515
1252.4900351190568,-70.38377267165802,-70.38377267165802
1252.5000351190567,-70.38655699285377,-70.38655699285377
1252.5100351190567,-70.3893218547577,-70.3893218547577
1252.5200351190567,-70.39206754032001,-70.39206754032001
1252.5300351190567,-70.39479440056127,-70.39479440056127
1252.5400351190567,-70.39750282349254,-70.39750282349254
1252.5500351190567,-70.40019321547382,-70.40019321547382
1252.5600351190567,-70.40286599010606,-70.40286599010606
1252.5700351190567,-70.40552156169505,-70.40552156169505
1252.5800351190567,-70.40816034153923,-70.40816034153923
1252.5900351190567,-70.4107827358912,-70.4107827358912
1252.6000351190567,-70.41338914493171,-70.41338914493171
1252.6100351190566,-70.41597996237739,-70.41597996237739
1252.6200351190566,-70.41855557541926,-70.41855557541926
1252.6300351190566,-70.42111636487935,-70.42111636487935
1252.6400351190566,-70.42366270545692,-70.42366270545692
1252.6500351190566,-70.42619496600723,-70.42619496600723
1252.6600351190566,-70.42871350983286,-70.42871350983286
1252.6700351190566,-70.4312186949759,-70.4312186949759
1252.6800351190568,-70.4337108744725,-70.4337108744725
1252.6900351190568,-70.43619039657376,-70.43619039657376
1252.7000351190568,-70.43865760494961,-70.43865760494961
1252.7100351190568,-70.44111283889333,-70.44111283889333
1252.7200351190568,-70.44355643344701,-70.44355643344701
1252.7300351190568,-70.44598871954535,-70.44598871954535
1252.7400351190568,-70.44841002411458,-70.44841002411458
1252.7500351190567,-70.45082067018075,-70.45082067018075
1252.7600351190567,-70.45322097694856,-70.45322097694856
1252.7700351190567,-70.45561125985454,-70.45561125985454
1252.7800351190567,-70.4579918306468,-70.4579918306468
1252.7900351190567,-70.4603629974134,-70.4603629974134
1252.8000351190567,-70.46272506462951,-70.46272506462951
1252.8100351190567,-70.46507833320558,-70.46507833320558
1252.8200351190567,-70.46742310049778,-70.46742310049778
1252.8300351190567,-70.46975966032873,-70.46975966032873
1252.8400351190567,-70.47208830304488,-70.47208830304488
1252.8500351190567,-70.47440931549718,-70.47440931549718
1252.8600351190566,-70.47672298108547,-70.47672298108547
1252.8700351190566,-70.479029579757,-70.479029579757
1252.8800351190566,-70.48132938803866,-70.48132938803866
1252.8900351190566,-70.48362267902955,-70.48362267902955
1252.9000351428986,-70.48590972788357,-70.48590972788357
1252.9100351428986,-70.48819079001152,-70.48819079001152
1252.9200351428985,-70.49046613381331,-70.49046613381331
1252.9300351428985,-70.49273601886235,-70.49273601886235
1252.9400351428985,-70.49500070140336,-70.49500070140336
1252.9500351428985,-70.49726043432624,-70.49726043432624
1252.9600351428985,-70.4995093267085,-70.4995093267085
1252.9700351428985,-70.50174493893621,-70.50174493893621
1252.9800351428985,-70.50396620916044,-70.50396620916044
1252.9900351428985,-70.5061727116334,-70.5061727116334
1253.0000351428985,-70.50836437361347,-70.50836437361347
1253.0100351428985,-70.51054132830629,-70.51054132830629
1253.0200351428985,-70.51270382861976,-70.51270382861976
1253.0300351428987,-70.51485219535026,-70.51485219535026
1253.0400351428987,-70.51698678602415,-70.51698678602415
1253.0500351428987,-70.51910797619347,-70.51910797619347
1253.0600351428986,-70.5212161482874,-70.5212161482874
1253.0700351428986,-70.52331168510189,-70.52331168510189
1253.0800351428986,-70.52539496604852,-70.52539496604852
1253.0900351428986,-70.5274663651293,-70.5274663651293
1253.1000351428986,-70.52952624994144,-70.52952624994144
1253.1100351428986,-70.53157498127202,-70.53157498127202
1253.1200351428986,-70.53361291308076,-70.53361291308076
1253.1300351428986,-70.53564039265476,-70.53564039265476
1253.1400351428986,-70.53765776087715,-70.53765776087715
1253.1500351428986,-70.53966535253531,-70.53966535253531
1253.1600351428986,-70.54166349665088,-70.54166349665088
1253.1700351428985,-70.54365251675442,-70.54365251675442
1253.1800351428985,-70.54563273117935,-70.54563273117935
1253.1900351428985,-70.54760445331898,-70.54760445331898
1253.2000351428985,-70.54956799184754,-70.54956799184754
1253.2100351428985,-70.55152365091534,-70.55152365091534
1253.2200351428985,-70.5534717303305,-70.5534717303305
1253.2300351428985,-70.5554125257092,-70.5554125257092
1253.2400351428985,-70.55734632859519,-70.55734632859519
1253.2500351428985,-70.55927342658366,-70.55927342658366
1253.2600351428985,-70.5611941034253,-70.5611941034253
1253.2700351428985,-70.5631086390963,-70.5631086390963
1253.2800351428987,-70.56501730987847,-70.56501730987847
1253.2900351428987,-70.56692038843545,-70.56692038843545
1253.3000351428987,-70.5688181438521,-70.5688181438521
1253.3100351428986,-70.57071084169195,-70.57071084169195
1253.3200351428986,-70.57259874403913,-70.57259874403913
1253.3300351428986,-70.57448210955388,-70.57448210955388
1253.3400351428986,-70.57636119347953,-70.57636119347953
1253.3500351428986,-70.57823624769952,-70.57823624769952
1253.3600351428986,-70.58010752075765,-70.58010752075765
1253.3700351428986,-70.58197525787755,-70.58197525787755
1253.3800351428986,-70.58383970100589,-70.58383970100589
1253.3900351428986,-70.58570108882883,-70.58570108882883
1253.4000351428986,-70.58755965679208,-70.58755965679208
1253.4100351428986,-70.5894156371326,-70.5894156371326
1253.4200351428985,-70.59126925889208,-70.59126925889208
1253.4300351428985,-70.59312074793318,-70.59312074793318
1253.4400351428985,-70.59497032698567,-70.59497032698567
1253.4500351428985,-70.5968182156432,-70.5968182156432
1253.4600351428985,-70.5986584824904,-70.5986584824904
1253.4700351428985,-70.60048865281532,-70.60048865281532
1253.4800351428985,-70.60230763189293,-70.60230763189293
1253.4900351428985,-70.60411496221145,-70.60411496221145
1253.5000351428985,-70.60591053997014,-70.60591053997014
1253.5100351428985,-70.6076944677922,-70.6076944677922
1253.5200351428985,-70.60946696834031,-70.60946696834031
1253.5300351428987,-70.61122833244664,-70.61122833244664
1253.5400351428987,-70.61297888787048,-70.61297888787048
1253.5500351428987,-70.61471898057816,-70.61471898057816
1253.5600351428986,-70.61644896359809,-70.61644896359809
1253.5700351428986,-70.61816919050302,-70.61816919050302
1253.5800351428986,-70.61988001164501,-70.61988001164501
1253.5900351428986,-70.62158177215183,-70.62158177215183
1253.6000351428986,-70.62327481092579,-70.62327481092579
1253.6100351428986,-70.62495946025086,-70.62495946025086
1253.6200351428986,-70.62663604578567,-70.62663604578567
1253.6300351428986,-70.6283048867167,-70.6283048867167
1253.6400351428986,-70.62996629603958,-70.62996629603958
1253.6500351428986,-70.63162058087612,-70.63162058087612
1253.6600351428986,-70.6332680427884,-70.6332680427884
1253.6700351428985,-70.63490897809339,-70.63490897809339
1253.6800351428985,-70.63654367813298,-70.63654367813298
1253.6900351428985,-70.63817242954231,-70.63817242954231
1253.7000351428985,-70.63979551447598,-70.63979551447598
1253.7100351428985,-70.64141321081945,-70.64141321081945
1253.7200351428985,-70.64302579234109,-70.64302579234109
1253.7300351428985,-70.6446335288758,-70.6446335288758
1253.7400351428985,-70.64623668643173,-70.64623668643173
1253.7500351667404,-70.64783553112304,-70.64783553112304
1253.7600351667404,-70.64943031404776,-70.64943031404776
1253.7700351667404,-70.6510212942051,-70.6510212942051
1253.7800351667404,-70.65260872335254,-70.65260872335254
1253.7900351667404,-70.65419284986477,-70.65419284986477
1253.8000351667404,-70.65577391881497,-70.65577391881497
1253.8100351667404,-70.65735217198362,-70.65735217198362
1253.8200351667404,-70.65892784794012,-70.65892784794012
1253.8300351667403,-70.66050118206668,-70.66050118206668
1253.8400351667403,-70.66207240660086,-70.66207240660086
1253.8500351667403,-70.66364175065,-70.66364175065
1253.8600351667403,-70.66520944025116,-70.66520944025116
1253.8700351667403,-70.6667756983665,-70.6667756983665
1253.8800351667405,-70.66834074491736,-70.66834074491736
1253.8900351667405,-70.66990479681992,-70.66990479681992
1253.9000351667405,-70.67146806799886,-70.67146806799886
1253.9100351667405,-70.67303076941522,-70.67303076941522
1253.9200351667405,-70.67459310907152,-70.67459310907152
1253.9300351667405,-70.67615529203917,-70.67615529203917
1253.9400351667405,-70.67771752049079,-70.67771752049079
1253.9500351667405,-70.67927999370589,-70.67927999370589
1253.9600351667405,-70.68084290809378,-70.68084290809378
1253.9700351667404,-70.68240645721669,-70.68240645721669
1253.9800351667404,-70.6839708317976,-70.6839708317976
1253.9900351667404,-70.68553621975849,-70.68553621975849
1254.0000351667404,-70.68710280622659,-70.68710280622659
1254.0100351667404,-70.68867077356684,-70.68867077356684
1254.0200351667404,-70.69024030137311,-70.69024030137311
1254.0300351667404,-70.6918115665239,-70.6918115665239
1254.0400351667404,-70.69338474318639,-70.69338474318639
1254.0500351667404,-70.69496000283658,-70.69496000283658
1254.0600351667404,-70.69653751427214,-70.69653751427214
1254.0700351667404,-70.69811744365565,-70.69811744365565
1254.0800351667403,-70.69969995452031,-70.69969995452031
1254.0900351667403,-70.70128520779474,-70.70128520779474
1254.1000351667403,-70.70287336182207,-70.70287336182207
1254.1100351667403,-70.70446457240034,-70.70446457240034
1254.1200351667403,-70.7060589927627,-70.7060589927627
1254.1300351667405,-70.7076567736468,-70.7076567736468
1254.1400351667405,-70.70925806330334,-70.70925806330334
1254.1500351667405,-70.71086300749708,-70.71086300749708
1254.1600351667405,-70.7124717495475,-70.7124717495475
1254.1700351667405,-70.71408443036566,-70.71408443036566
1254.1800351667405,-70.71570118844777,-70.71570118844777
1254.1900351667405,-70.71732215992459,-70.71732215992459
1254.2000351667405,-70.71894747856136,-70.71894747856136
1254.2100351667405,-70.72057111788175,-70.72057111788175
1254.2200351667404,-70.72219051521971,-70.72219051521971
1254.2300351667404,-70.72380449115018,-70.72380449115018
1254.2400351667404,-70.72541250536037,-70.72541250536037
1254.2500351667404,-70.72701437263332,-70.72701437263332
1254.2600351667404,-70.72861011528255,-70.72861011528255
1254.2700351667404,-70.73019987658652,-70.73019987658652
1254.2800351667404,-70.73178386882057,-70.73178386882057
1254.2900351667404,-70.73336234196029,-70.73336234196029
1254.3000351667404,-70.73493556492218,-70.73493556492218
1254.3100351667404,-70.7365038144095,-70.7365038144095
1254.3200351667404,-70.73806736835917,-70.73806736835917
1254.3300351667403,-70.7396265022085,-70.7396265022085
1254.3400351667403,-70.7411814868831,-70.7411814868831
1254.3500351667403,-70.74273258778793,-70.74273258778793
1254.3600351667403,-70.74428006442987,-70.74428006442987
1254.3700351667403,-70.74582417041172,-70.74582417041172
1254.3800351667405,-70.74736515359483,-70.74736515359483
1254.3900351667405,-70.74890325638655,-70.74890325638655
1254.4000351667405,-70.75043871604872,-70.75043871604872
1254.4100351667405,-70.75197176501848,-70.75197176501848
1254.4200351667405,-70.75350263122998,-70.75350263122998
1254.4300351667405,-70.7550315383928,-70.7550315383928
1254.4400351667405,-70.75655870624345,-70.75655870624345
1254.4500351667405,-70.75808435079857,-70.75808435079857
1254.4600351667405,-70.75960868452243,-70.75960868452243
1254.4700351667404,-70.76113191653941,-70.76113191653941
1254.4800351667404,-70.7626542527401,-70.7626542527401
1254.4900351667404,-70.76417589597374,-70.76417589597374
1254.5000351667404,-70.76569704610414,-70.76569704610414
1254.5100351667404,-70.76721790014486,-70.76721790014486
1254.5200351667404,-70.7687386523173,-70.7687386523173
1254.5300351667404,-70.77025949413188,-70.77025949413188
1254.5400351667404,-70.77178061446835,-70.77178061446835
1254.5500351667404,-70.7733021995993,-70.7733021995993
1254.5600351667404,-70.77482443324942,-70.77482443324942
1254.5700351667404,-70.77634749664651,-70.77634749664651
1254.5800351667403,-70.77787156853417,-70.77787156853417
1254.5900351667403,-70.77939682522766,-70.77939682522766
1254.6000351905823,-70.78092344424513,-70.78092344424513
1254.6100351905823,-70.78245158982986,-70.78245158982986
1254.6200351905823,-70.78398143474296,-70.78398143474296
1254.6300351905822,-70.78551314577415,-70.78551314577415
1254.6400351905822,-70.78704688737213,-70.78704688737213
1254.6500351905822,-70.7885828216899,-70.7885828216899
1254.6600351905822,-70.79012110855983,-70.79012110855983
1254.6700351905822,-70.79166190555378,-70.79166190555378
1254.6800351905822,-70.79320536796475,-70.79320536796475
1254.6900351905822,-70.79475164883726,-70.79475164883726
1254.7000351905822,-70.79630089896982,-70.79630089896982
1254.7100351905822,-70.797853266938,-70.797853266938
1254.7200351905822,-70.79940889909986,-70.79940889909986
1254.7300351905824,-70.80096793961631,-70.80096793961631
1254.7400351905824,-70.80253053046046,-70.80253053046046
1254.7500351905824,-70.80409681145272,-70.80409681145272
1254.7600351905824,-70.80566692022312,-70.80566692022312
1254.7700351905823,-70.80724099227497,-70.80724099227497
1254.7800351905823,-70.80881916097292,-70.80881916097292
1254.7900351905823,-70.81040155757502,-70.81040155757502
1254.8000351905823,-70.81198831122401,-70.81198831122401
1254.8100351905823,-70.81357954898442,-70.81357954898442
1254.8200351905823,-70.81517539584266,-70.81517539584266
1254.8300351905823,-70.81677597473198,-70.81677597473198
1254.8400351905823,-70.81838140654065,-70.81838140654065
1254.8500351905823,-70.81999181012814,-70.81999181012814
1254.8600351905823,-70.82160730234186,-70.82160730234186
1254.8700351905823,-70.82322799804399,-70.82322799804399
1254.8800351905822,-70.8248540100995,-70.8248540100995
1254.8900351905822,-70.82648544943567,-70.82648544943567
1254.9000351905822,-70.8281224250179,-70.8281224250179
1254.9100351905822,-70.82976504388802,-70.82976504388802
1254.9200351905822,-70.83141341117327,-70.83141341117327
1254.9300351905822,-70.83306763010465,-70.83306763010465
1254.9400351905822,-70.83472780204734,-70.83472780204734
1254.9500351905822,-70.83639402648933,-70.83639402648933
1254.9600351905822,-70.83806640109862,-70.83806640109862
1254.9700351905822,-70.83974502169558,-70.83974502169558
1254.9800351905824,-70.84142998231096,-70.84142998231096
1254.9900351905824,-70.84312137517567,-70.84312137517567
1255.0000351905824,-70.84481929075834,-70.84481929075834
1255.0100351905824,-70.84652381777691,-70.84652381777691
1255.0200351905823,-70.84823504321012,-70.84823504321012
1255.0300351905823,-70.84995305231558,-70.84995305231558
1255.0400351905823,-70.85167792866123,-70.85167792866123
1255.0500351905823,-70.85340975413098,-70.85340975413098
1255.0600351905823,-70.85514860894429,-70.85514860894429
1255.0700351905823,-70.8568945716927,-70.8568945716927
1255.0800351905823,-70.85864771932802,-70.85864771932802
1255.0900351905823,-70.86040812719641,-70.86040812719641
1255.1000351905823,-70.86217586905829,-70.86217586905829
1255.1100351905823,-70.86395101710738,-70.86395101710738
1255.1200351905823,-70.86573364197761,-70.86573364197761
1255.1300351905822,-70.86752381277678,-70.86752381277678
1255.1400351905822,-70.86932159709586,-70.86932159709586
1255.1500351905822,-70.87112706102563,-70.87112706102563
1255.1600351905822,-70.87294026917425,-70.87294026917425
1255.1700351905822,-70.87476128469356,-70.87476128469356
1255.1800351905822,-70.87659016928866,-70.87659016928866
1255.1900351905822,-70.87842698324148,-70.87842698324148
1255.2000351905822,-70.88027178542194,-70.88027178542194
1255.2100351905822,-70.88212463331351,-70.88212463331351
1255.2200351905822,-70.88398558301826,-70.88398558301826
1255.2300351905824,-70.88585468928947,-70.88585468928947
1255.2400351905824,-70.88773200553335,-70.88773200553335
1255.2500351905824,-70.88961758384491,-70.88961758384491
1255.2600351905824,-70.89151147500651,-70.89151147500651
1255.2700351905823,-70.893413728519,-70.893413728519
1255.2800351905823,-70.89532439260662,-70.89532439260662
1255.2900351905823,-70.89724351424238,-70.89724351424238
1255.3000351905823,-70.8991711391611,-70.8991711391611
1255.3100351905823,-70.90110731187681,-70.90110731187681
1255.3200351905823,-70.90305207570242,-70.90305207570242
1255.3300351905823,-70.90500547275775,-70.90500547275775
1255.3400351905823,-70.90696754398444,-70.90696754398444
1255.3500351905823,-70.90893832917337,-70.90893832917337
1255.3600351905823,-70.91091786698071,-70.91091786698071
1255.3700351905823,-70.91290619492845,-70.91290619492845
1255.3800351905822,-70.91490334943153,-70.91490334943153
1255.3900351905822,-70.91690936580835,-70.91690936580835
1255.4000351905822,-70.91892427830167,-70.91892427830167
1255.4100351905822,-70.92094812008776,-70.92094812008776
1255.4200351905822,-70.92298092329523,-70.92298092329523
1255.4300351905822,-70.92502271901331,-70.92502271901331
1255.4400351905822,-70.92707353731498,-70.92707353731498
1255.4500352144241,-70.92913341217725,-70.92913341217725
1255.4600352144241,-70.9312023619046,-70.9312023619046
1255.4700352144241,-70.93328041844691,-70.93328041844691
1255.480035214424,-70.93536760794997,-70.93536760794997
1255.490035214424,-70.93746395559914,-70.93746395559914
1255.500035214424,-70.939569485655,-70.939569485655
1255.510035214424,-70.94168422143906,-70.94168422143906
1255.520035214424,-70.94380818537046,-70.94380818537046
1255.530035214424,-70.94594139897889,-70.94594139897889
1255.540035214424,-70.9480838829093,-70.9480838829093
1255.550035214424,-70.9502356569275,-70.9502356569275
1255.560035214424,-70.95239673996163,-70.95239673996163
1255.570035214424,-70.95456715007695,-70.95456715007695
1255.5800352144242,-70.95674690452064,-70.95674690452064
1255.5900352144242,-70.95893601971437,-70.95893601971437
1255.6000352144242,-70.96113451128038,-70.96113451128038
1255.6100352144242,-70.96334239403477,-70.96334239403477
1255.6200352144242,-70.96555968201936,-70.96555968201936
1255.6300352144242,-70.9677863885036,-70.9677863885036
1255.6400352144242,-70.9700225259979,-70.9700225259979
1255.6500352144242,-70.97226810626263,-70.97226810626263
1255.6600352144242,-70.9745231403298,-70.9745231403298
1255.6700352144242,-70.97678763849585,-70.97678763849585
1255.6800352144242,-70.97906161035074,-70.97906161035074
1255.6900352144241,-70.98134506477403,-70.98134506477403
1255.7000352144241,-70.98363800995936,-70.98363800995936
1255.7100352144241,-70.98594045342327,-70.98594045342327
1255.7200352144241,-70.9882524019953,-70.9882524019953
1255.730035214424,-70.99057386186415,-70.99057386186415
1255.740035214424,-70.99290483855142,-70.99290483855142
1255.750035214424,-70.99524533694915,-70.99524533694915
1255.760035214424,-70.99759536131378,-70.99759536131378
1255.770035214424,-70.99995491528668,-70.99995491528668
1255.780035214424,-71.00232400188965,-71.00232400188965
1255.790035214424,-71.00470262354551,-71.00470262354551
1255.800035214424,-71.00709078209454,-71.00709078209454
1255.810035214424,-71.0094884788017,-71.0094884788017
1255.820035214424,-71.01189571433127,-71.01189571433127
1255.8300352144242,-71.01431248880222,-71.01431248880222
1255.8400352144242,-71.01673880178157,-71.01673880178157
1255.8500352144242,-71.019174652291,-71.019174652291
1255.8600352144242,-71.02162003880119,-71.02162003880119
1255.8700352144242,-71.02407495926084,-71.02407495926084
1255.8800352144242,-71.02653941111014,-71.02653941111014
1255.8900352144242,-71.02901339125837,-71.02901339125837
1255.9000352144242,-71.03149689612738,-71.03149689612738
1255.9100352144242,-71.03398992164061,-71.03398992164061
1255.9200352144242,-71.03649246323218,-71.03649246323218
1255.9300352144242,-71.03900451586281,-71.03900451586281
1255.9400352144241,-71.04152607400516,-71.04152607400516
1255.9500352144241,-71.04405713169078,-71.04405713169078
1255.9600352144241,-71.04659768249098,-71.04659768249098
1255.9700352144241,-71.049147719523,-71.049147719523
1255.980035214424,-71.05170723544863,-71.05170723544863
1255.990035214424,-71.05427622253453,-71.05427622253453
1256.000035214424,-71.05685467259345,-71.05685467259345
1256.010035214424,-71.05944257702355,-71.05944257702355
1256.020035214424,-71.06203992681134,-71.06203992681134
1256.030035214424,-71.06464671254632,-71.06464671254632
1256.040035214424,-71.06726292441057,-71.06726292441057
1256.050035214424,-71.0698885522092,-71.0698885522092
1256.060035214424,-71.07252358534107,-71.07252358534107
1256.070035214424,-71.07516801284201,-71.07516801284201
1256.0800352144242,-71.07782182337736,-71.07782182337736
1256.0900352144242,-71.08048500524556,-71.08048500524556
1256.1000352144242,-71.08315754637347,-71.08315754637347
1256.1100352144242,-71.08583943435708,-71.08583943435708
1256.1200352144242,-71.08853065643014,-71.08853065643014
1256.1300352144242,-71.09123119949435,-71.09123119949435
1256.1400352144242,-71.0939410501108,-71.0939410501108
1256.1500352144242,-71.09666019451468,-71.09666019451468
1256.1600352144242,-71.09938861862162,-71.09938861862162
1256.1700352144242,-71.10212630802452,-71.10212630802452
1256.1800352144242,-71.1048732480115,-71.1048732480115
1256.1900352144241,-71.10762942355649,-71.10762942355649
1256.2000352144241,-71.11039481933796,-71.11039481933796
1256.2100352144241,-71.11316941974901,-71.11316941974901
1256.2200352144241,-71.1159532088755,-71.1159532088755
1256.230035214424,-71.11874617053249,-71.11874617053249
1256.240035214424,-71.12154828824707,-71.12154828824707
1256.250035214424,-71.1243595452761,-71.1243595452761
1256.260035214424,-71.1271799246058,-71.1271799246058
1256.270035214424,-71.13000940896738,-71.13000940896738
1256.280035214424,-71.13284798081665,-71.13284798081665
1256.290035214424,-71.13569562236577,-71.13569562236577
1256.300035238266,-71.1385523223789,-71.1385523223789
1256.310035238266,-71.14141804900446,-71.14141804900446
1256.320035238266,-71.1442927904701,-71.1442927904701
1256.330035238266,-71.14717652802369,-71.14717652802369
1256.340035238266,-71.15006924267108,-71.15006924267108
1256.350035238266,-71.1529709152001,-71.1529709152001
1256.360035238266,-71.15588152617049,-71.15588152617049
1256.370035238266,-71.15880105591884,-71.15880105591884
1256.380035238266,-71.16172948456781,-71.16172948456781
1256.390035238266,-71.16466679204154,-71.16466679204154
1256.400035238266,-71.16761295805527,-71.16761295805527
1256.410035238266,-71.17056796211006,-71.17056796211006
1256.4200352382659,-71.17353178351486,-71.17353178351486
1256.430035238266,-71.17650440139954,-71.17650440139954
1256.440035238266,-71.17948579468336,-71.17948579468336
1256.450035238266,-71.18247594211456,-71.18247594211456
1256.460035238266,-71.18547482225165,-71.18547482225165
1256.470035238266,-71.18848241347808,-71.18848241347808
1256.480035238266,-71.1914986940015,-71.1914986940015
1256.490035238266,-71.19452364185953,-71.19452364185953
1256.500035238266,-71.19755723491967,-71.19755723491967
1256.510035238266,-71.20059945088592,-71.20059945088592
1256.520035238266,-71.20365026730394,-71.20365026730394
1256.530035238266,-71.20670966156325,-71.20670966156325
1256.540035238266,-71.20977761089452,-71.20977761089452
1256.550035238266,-71.21285409238085,-71.21285409238085
1256.560035238266,-71.21593908295668,-71.21593908295668
1256.570035238266,-71.21903255942306,-71.21903255942306
1256.580035238266,-71.2221344984245,-71.2221344984245
1256.590035238266,-71.22524487647537,-71.22524487647537
1256.600035238266,-71.22836366995828,-71.22836366995828
1256.610035238266,-71.23149085511855,-71.23149085511855
1256.620035238266,-71.2346264080738,-71.2346264080738
1256.630035238266,-71.23777030482195,-71.23777030482195
1256.640035238266,-71.24092252123435,-71.24092252123435
1256.650035238266,-71.24408303306112,-71.24408303306112
1256.660035238266,-71.24725181593732,-71.24725181593732
1256.6700352382659,-71.25042884538539,-71.25042884538539
1256.680035238266,-71.25361409680826,-71.25361409680826
1256.690035238266,-71.25680754551759,-71.25680754551759
1256.700035238266,-71.26000916670436,-71.26000916670436
1256.710035238266,-71.26321272367862,-71.26321272367862
1256.720035238266,-71.26641547192781,-71.26641547192781
1256.730035238266,-71.26961606304286,-71.26961606304286
1256.740035238266,-71.27281379492942,-71.27281379492942
1256.750035238266,-71.27600832560083,-71.27600832560083
1256.760035238266,-71.27919952448941,-71.27919952448941
1256.770035238266,-71.28238738526586,-71.28238738526586
1256.780035238266,-71.28557197345351,-71.28557197345351
1256.790035238266,-71.2887533949051,-71.2887533949051
1256.800035238266,-71.29193177691226,-71.29193177691226
1256.810035238266,-71.29510725690382,-71.29510725690382
1256.820035238266,-71.29827997586301,-71.29827997586301
1256.830035238266,-71.301450074514,-71.301450074514
1256.840035238266,-71.30461769125633,-71.30461769125633
1256.850035238266,-71.3077829611271,-71.3077829611271
1256.860035238266,-71.31094601537775,-71.31094601537775
1256.870035238266,-71.31410698143783,-71.31410698143783
1256.880035238266,-71.31726598305312,-71.31726598305312
1256.890035238266,-71.32042314051449,-71.32042314051449
1256.900035238266,-71.32357857097243,-71.32357857097243
1256.910035238266,-71.32673238870358,-71.32673238870358
1256.9200352382659,-71.32988470540388,-71.32988470540388
1256.930035238266,-71.33303563046394,-71.33303563046394
1256.940035238266,-71.33618527116583,-71.33618527116583
1256.950035238266,-71.33933373290519,-71.33933373290519
1256.960035238266,-71.34247490062303,-71.34247490062303
1256.970035238266,-71.34560615380319,-71.34560615380319
1256.980035238266,-71.34872626825181,-71.34872626825181
1256.990035238266,-71.35183466557187,-71.35183466557187
1257.000035238266,-71.35493112674781,-71.35493112674781
1257.010035238266,-71.35801564339133,-71.35801564339133
1257.020035238266,-71.36108833049698,-71.36108833049698
1257.030035238266,-71.36414937407044,-71.36414937407044
1257.040035238266,-71.36719899962897,-71.36719899962897
1257.050035238266,-71.37023745328534,-71.37023745328534
1257.060035238266,-71.37326499049382,-71.37326499049382
1257.070035238266,-71.37628186942172,-71.37628186942172
1257.080035238266,-71.37928834718986,-71.37928834718986
1257.090035238266,-71.3822846777849,-71.3822846777849
1257.100035238266,-71.3852711110105,-71.3852711110105
1257.110035238266,-71.38824789209302,-71.38824789209302
1257.120035238266,-71.39121526160565,-71.39121526160565
1257.130035238266,-71.39417345561795,-71.39417345561795
1257.140035238266,-71.39712270592771,-71.39712270592771
1257.1500352621078,-71.40006324732892,-71.40006324732892
1257.1600352621078,-71.40299528989897,-71.40299528989897
1257.1700352621078,-71.40591906131557,-71.40591906131557
1257.1800352621078,-71.40883477904059,-71.40883477904059
1257.1900352621078,-71.41174265758741,-71.41174265758741
1257.2000352621078,-71.41464290868873,-71.41464290868873
1257.2100352621078,-71.4175357414682,-71.4175357414682
1257.2200352621078,-71.42042136259916,-71.42042136259916
1257.2300352621078,-71.42329997639231,-71.42329997639231
1257.2400352621078,-71.4261717849229,-71.4261717849229
1257.2500352621078,-71.42903698810915,-71.42903698810915
1257.2600352621077,-71.43189578374391,-71.43189578374391
1257.2700352621077,-71.43474836760153,-71.43474836760153
1257.280035262108,-71.43759493344945,-71.43759493344945
1257.290035262108,-71.44043567306912,-71.44043567306912
1257.300035262108,-71.4432707763125,-71.4432707763125
1257.310035262108,-71.44610043110691,-71.44610043110691
1257.320035262108,-71.4489248234695,-71.4489248234695
1257.330035262108,-71.45174413751359,-71.45174413751359
1257.340035262108,-71.454558555468,-71.454558555468
1257.350035262108,-71.45736825766588,-71.45736825766588
1257.3600352621079,-71.46017342255213,-71.46017342255213
1257.3700352621079,-71.46297422669099,-71.46297422669099
1257.3800352621079,-71.4657708447567,-71.4657708447567
1257.3900352621079,-71.46856344952742,-71.46856344952742
1257.4000352621078,-71.47135221190051,-71.47135221190051
1257.4100352621078,-71.47413730086276,-71.47413730086276
1257.4200352621078,-71.47691888350647,-71.47691888350647
1257.4300352621078,-71.47969712503517,-71.47969712503517
1257.4400352621078,-71.48247218872821,-71.48247218872821
1257.4500352621078,-71.48524423596983,-71.48524423596983
1257.4600352621078,-71.48801342623118,-71.48801342623118
1257.4700352621078,-71.49077991707819,-71.49077991707819
1257.4800352621078,-71.49354386414348,-71.49354386414348
1257.4900352621078,-71.49630542116822,-71.49630542116822
1257.5000352621078,-71.49906473997257,-71.49906473997257
1257.5100352621077,-71.50182197047708,-71.50182197047708
1257.5200352621077,-71.50457726067025,-71.50457726067025
1257.530035262108,-71.50733075664284,-71.50733075664284
1257.540035262108,-71.51008260257485,-71.51008260257485
1257.550035262108,-71.51283294074703,-71.51283294074703
1257.560035262108,-71.51558191153705,-71.51558191153705
1257.570035262108,-71.51832965343952,-71.51832965343952
1257.580035262108,-71.52107630304103,-71.52107630304103
1257.590035262108,-71.52382199505807,-71.52382199505807
1257.600035262108,-71.52656686233065,-71.52656686233065
1257.6100352621079,-71.52931103582543,-71.52931103582543
1257.6200352621079,-71.53205464464028,-71.53205464464028
1257.6300352621079,-71.53479781603508,-71.53479781603508
1257.6400352621079,-71.53754067540697,-71.53754067540697
1257.6500352621078,-71.54028334633222,-71.54028334633222
1257.6600352621078,-71.54302595055368,-71.54302595055368
1257.6700352621078,-71.5457686080036,-71.5457686080036
1257.6800352621078,-71.54851143679396,-71.54851143679396
1257.6900352621078,-71.55125455326709,-71.55125455326709
1257.7000352621078,-71.55399807196153,-71.55399807196153
1257.7100352621078,-71.55674210565392,-71.55674210565392
1257.7200352621078,-71.55948676536184,-71.55948676536184
1257.7300352621078,-71.5622321603523,-71.5622321603523
1257.7400352621078,-71.56497839816888,-71.56497839816888
1257.7500352621078,-71.56772558462424,-71.56772558462424
1257.7600352621077,-71.57047382383513,-71.57047382383513
1257.7700352621077,-71.57322321822208,-71.57322321822208
1257.780035262108,-71.57597386852375,-71.57597386852375
1257.790035262108,-71.57872587381951,-71.57872587381951
1257.800035262108,-71.58147933152424,-71.58147933152424
1257.810035262108,-71.58423433743745,-71.58423433743745
1257.820035262108,-71.58699098573226,-71.58699098573226
1257.830035262108,-71.58974936896641,-71.58974936896641
1257.840035262108,-71.59250957811113,-71.59250957811113
1257.850035262108,-71.59527170257459,-71.59527170257459
1257.8600352621079,-71.59803583018781,-71.59803583018781
1257.8700352621079,-71.60080204724562,-71.60080204724562
1257.8800352621079,-71.60357043851523,-71.60357043851523
1257.8900352621079,-71.60634108724666,-71.60634108724666
1257.9000352621078,-71.60911407519794,-71.60911407519794
1257.9100352621078,-71.61188948263361,-71.61188948263361
1257.9200352621078,-71.6146673883618,-71.6146673883618
1257.9300352621078,-71.61744786973547,-71.61744786973547
1257.9400352621078,-71.62023100267164,-71.62023100267164
1257.9500352621078,-71.62301686167271,-71.62301686167271
1257.9600352621078,-71.62580551984065,-71.62580551984065
1257.9700352621078,-71.62859704888437,-71.62859704888437
1257.9800352621078,-71.63139151914552,-71.63139151914552
1257.9900352621078,-71.63418899960327,-71.63418899960327
1258.0000352859497,-71.6369895645668,-71.6369895645668
1258.0100352859497,-71.63979326704415,-71.63979326704415
1258.0200352859497,-71.64260017869196,-71.64260017869196
1258.0300352859497,-71.64541036323357,-71.64541036323357
1258.0400352859497,-71.64822388310482,-71.64822388310482
1258.0500352859497,-71.65104079949684,-71.65104079949684
1258.0600352859497,-71.65386117233518,-71.65386117233518
1258.0700352859496,-71.65668506033234,-71.65668506033234
1258.0800352859496,-71.65951252097456,-71.65951252097456
1258.0900352859496,-71.66234361054796,-71.66234361054796
1258.1000352859496,-71.66517838415608,-71.66517838415608
1258.1100352859496,-71.6680168957359,-71.6680168957359
1258.1200352859496,-71.67085919806286,-71.67085919806286
1258.1300352859498,-71.673705342775,-71.673705342775
1258.1400352859498,-71.67655538038899,-71.67655538038899
1258.1500352859498,-71.67940936030757,-71.67940936030757
1258.1600352859498,-71.6822673308301,-71.6822673308301
1258.1700352859498,-71.68512933918998,-71.68512933918998
1258.1800352859498,-71.68799543154113,-71.68799543154113
1258.1900352859498,-71.69086565298448,-71.69086565298448
1258.2000352859498,-71.69374004759145,-71.69374004759145
1258.2100352859497,-71.6966186583946,-71.6966186583946
1258.2200352859497,-71.6995015274318,-71.6995015274318
1258.2300352859497,-71.70238869573213,-71.70238869573213
1258.2400352859497,-71.70528020334785,-71.70528020334785
1258.2500352859497,-71.7081760893495,-71.7081760893495
1258.2600352859497,-71.71107639185887,-71.71107639185887
1258.2700352859497,-71.71398114805866,-71.71398114805866
1258.2800352859497,-71.71689039418908,-71.71689039418908
1258.2900352859497,-71.71980416558776,-71.71980416558776
1258.3000352859497,-71.72272249667336,-71.72272249667336
1258.3100352859497,-71.72564542097845,-71.72564542097845
1258.3200352859496,-71.7285729711571,-71.7285729711571
1258.3300352859496,-71.73150517899651,-71.73150517899651
1258.3400352859496,-71.73444207542765,-71.73444207542765
1258.3500352859496,-71.7373836905416,-71.7373836905416
1258.3600352859496,-71.74033005359165,-71.74033005359165
1258.3700352859496,-71.74328119302737,-71.74328119302737
1258.3800352859498,-71.74623713647362,-71.74623713647362
1258.3900352859498,-71.74919791078052,-71.74919791078052
1258.4000352859498,-71.75216354199478,-71.75216354199478
1258.4100352859498,-71.75513405540497,-71.75513405540497
1258.4200352859498,-71.75810947552927,-71.75810947552927
1258.4300352859498,-71.7610898261383,-71.7610898261383
1258.4400352859498,-71.76407513027814,-71.76407513027814
1258.4500352859498,-71.7670654102521,-71.7670654102521
1258.4600352859497,-71.77006068764835,-71.77006068764835
1258.4700352859497,-71.77306098335008,-71.77306098335008
1258.4800352859497,-71.77606631755107,-71.77606631755107
1258.4900352859497,-71.77907670974764,-71.77907670974764
1258.5000352859497,-71.78209217877104,-71.78209217877104
1258.5100352859497,-71.78511274278826,-71.78511274278826
1258.5200352859497,-71.78813841929939,-71.78813841929939
1258.5300352859497,-71.79116922517284,-71.79116922517284
1258.5400352859497,-71.7942051766345,-71.7942051766345
1258.5500352859497,-71.7972462892875,-71.7972462892875
1258.5600352859497,-71.80020353203648,-71.80020353203648
1258.5700352859496,-71.8030419386796,-71.8030419386796
1258.5800352859496,-71.80574677864857,-71.80574677864857
1258.5900352859496,-71.8083119977837,-71.8083119977837
1258.6000352859496,-71.81073608596262,-71.81073608596262
1258.6100352859496,-71.81302012168432,-71.81302012168432
1258.6200352859496,-71.81516667250632,-71.81516667250632
1258.6300352859498,-71.81717913287396,-71.81717913287396
1258.6400352859498,-71.81906131761423,-71.81906131761423
1258.6500352859498,-71.82081721294823,-71.82081721294823
1258.6600352859498,-71.82245082614764,-71.82245082614764
1258.6700352859498,-71.82396609728347,-71.82396609728347
1258.6800352859498,-71.82536684981778,-71.82536684981778
1258.6900352859498,-71.82665676542878,-71.82665676542878
1258.7000352859498,-71.82783937366415,-71.82783937366415
1258.7100352859497,-71.82891805051668,-71.82891805051668
1258.7200352859497,-71.82989602221795,-71.82989602221795
1258.7300352859497,-71.83077637183892,-71.83077637183892
1258.7400352859497,-71.83156204730682,-71.83156204730682
1258.7500352859497,-71.83225586991612,-71.83225586991612
1258.7600352859497,-71.8328605428163,-71.8328605428163
1258.7700352859497,-71.83337865917292,-71.83337865917292
1258.7800352859497,-71.83381270986874,-71.83381270986874
1258.7900352859497,-71.83416509061932,-71.83416509061932
1258.8000352859497,-71.83443810858653,-71.83443810858653
1258.8100352859497,-71.83463398838329,-71.83463398838329
1258.8200352859496,-71.83475487758813,-71.83475487758813
1258.8300352859496,-71.83480285175914,-71.83480285175914
1258.8400352859496,-71.83477991901594,-71.83477991901594
1258.8500353097916,-71.83468802396388,-71.83468802396388
1258.8600353097916,-71.83452905213981,-71.83452905213981
1258.8700353097915,-71.83430483303928,-71.83430483303928
1258.8800353097915,-71.8340171431511,-71.8340171431511
1258.8900353097915,-71.8336677090507,-71.8336677090507
1258.9000353097915,-71.83325821005468,-71.83325821005468
1258.9100353097915,-71.83279028062971,-71.83279028062971
1258.9200353097915,-71.83226551266434,-71.83226551266434
1258.9300353097915,-71.83168545749074,-71.83168545749074
1258.9400353097915,-71.83105162779201,-71.83105162779201
1258.9500353097915,-71.8303654993739,-71.8303654993739
1258.9600353097915,-71.82962851276766,-71.82962851276766
1258.9700353097915,-71.82884207469618,-71.82884207469618
1258.9800353097917,-71.82800755952121,-71.82800755952121
1258.9900353097917,-71.82712631047916,-71.82712631047916
1259.0000353097917,-71.8261996409002,-71.8261996409002
1259.0100353097916,-71.82522883531917,-71.82522883531917
1259.0200353097916,-71.82421515051563,-71.82421515051563
1259.0300353097916,-71.82315981647004,-71.82315981647004
1259.0400353097916,-71.82206403729019,-71.82206403729019
1259.0500353097916,-71.82092899204387,-71.82092899204387
1259.0600353097916,-71.81975583555591,-71.81975583555591
1259.0700353097916,-71.8185456991712,-71.8185456991712
1259.0800353097916,-71.81729969144386,-71.81729969144386
1259.0900353097916,-71.8160188988075,-71.8160188988075
1259.1000353097916,-71.81470438619651,-71.81470438619651
1259.1100353097916,-71.8133571976528,-71.8133571976528
1259.1200353097915,-71.81197835685572,-71.81197835685572
1259.1300353097915,-71.81056886769628,-71.81056886769628
1259.1400353097915,-71.80912971474473,-71.80912971474473
1259.1500353097915,-71.80766186375327,-71.80766186375327
1259.1600353097915,-71.80616626210818,-71.80616626210818
1259.1700353097915,-71.80464383925732,-71.80464383925732
1259.1800353097915,-71.80309550714966,-71.80309550714966
1259.1900353097915,-71.80152216061266,-71.80152216061266
1259.2000353097915,-71.7999246777439,-71.7999246777439
1259.2100353097915,-71.79830392028099,-71.79830392028099
1259.2200353097915,-71.79666073394652,-71.79666073394652
1259.2300353097917,-71.79499594880038,-71.79499594880038
1259.2400353097917,-71.79331037956064,-71.79331037956064
1259.2500353097917,-71.79160482590476,-71.79160482590476
1259.2600353097916,-71.78988007279571,-71.78988007279571
1259.2700353097916,-71.78813689076532,-71.78813689076532
1259.2800353097916,-71.78637603619549,-71.78637603619549
1259.2900353097916,-71.78459825161343,-71.78459825161343
1259.3000353097916,-71.78280426591813,-71.78280426591813
1259.3100353097916,-71.78099479468311,-71.78099479468311
1259.3200353097916,-71.77917054038473,-71.77917054038473
1259.3300353097916,-71.77733219265617,-71.77733219265617
1259.3400353097916,-71.77548042851586,-71.77548042851586
1259.3500353097916,-71.77361591259853,-71.77361591259853
1259.3600353097916,-71.77173929739419,-71.77173929739419
1259.3700353097915,-71.7698512234549,-71.7698512234549
1259.3800353097915,-71.76795231961611,-71.76795231961611
1259.3900353097915,-71.76604320320835,-71.76604320320835
1259.4000353097915,-71.76412448023831,-71.76412448023831
1259.4100353097915,-71.76219674561978,-71.76219674561978
1259.4200353097915,-71.7602605833568,-71.7602605833568
1259.4300353097915,-71.75831656672531,-71.75831656672531
1259.4400353097915,-71.75636525846207,-71.75636525846207
1259.4500353097915,-71.75440721096147,-71.75440721096147
1259.4600353097915,-71.75244296643527,-71.75244296643527
1259.4700353097915,-71.75047305710007,-71.75047305710007
1259.4800353097917,-71.74849800534,-71.74849800534
1259.4900353097917,-71.74651832388842,-71.74651832388842
1259.5000353097917,-71.74453451596968,-71.74453451596968
1259.5100353097916,-71.74254707547651,-71.74254707547651
1259.5200353097916,-71.74055648712344,-71.74055648712344
1259.5300353097916,-71.7385632266189,-71.7385632266189
1259.5400353097916,-71.73656776078029,-71.73656776078029
1259.5500353097916,-71.73457054771238,-71.73457054771238
1259.5600353097916,-71.73257203695755,-71.73257203695755
1259.5700353097916,-71.73057266961209,-71.73057266961209
1259.5800353097916,-71.72857287848926,-71.72857287848926
1259.5900353097916,-71.7265730882558,-71.7265730882558
1259.6000353097916,-71.72457371555218,-71.72457371555218
1259.6100353097916,-71.72257516915562,-71.72257516915562
1259.6200353097915,-71.72057785008708,-71.72057785008708
1259.6300353097915,-71.71858215175281,-71.71858215175281
1259.6400353097915,-71.71658846004901,-71.71658846004901
1259.6500353097915,-71.71459715352611,-71.71459715352611
1259.6600353097915,-71.71260860347118,-71.71260860347118
1259.6700353097915,-71.71062317404991,-71.71062317404991
1259.6800353097915,-71.70864122243437,-71.70864122243437
1259.6900353097915,-71.70666309888863,-71.70666309888863
1259.7000353336334,-71.70468914219929,-71.70468914219929
1259.7100353336334,-71.70271346452347,-71.70271346452347
1259.7200353336334,-71.70073367408234,-71.70073367408234
1259.7300353336334,-71.6987487802368,-71.6987487802368
1259.7400353336334,-71.69675843381661,-71.69675843381661
1259.7500353336334,-71.69476263959557,-71.69476263959557
1259.7600353336334,-71.69276160732028,-71.69276160732028
1259.7700353336334,-71.69075566448868,-71.69075566448868
1259.7800353336334,-71.6887452040491,-71.6887452040491
1259.7900353336333,-71.68673065301012,-71.68673065301012
1259.8000353336333,-71.68471245367796,-71.68471245367796
1259.8100353336333,-71.68269105254004,-71.68269105254004
1259.8200353336333,-71.68066689375476,-71.68066689375476
1259.8300353336335,-71.67864041551994,-71.67864041551994
1259.8400353336335,-71.67661204808809,-71.67661204808809
1259.8500353336335,-71.67458221286913,-71.67458221286913
1259.8600353336335,-71.67255132211928,-71.67255132211928
1259.8700353336335,-71.67051977897397,-71.67051977897397
1259.8800353336335,-71.66848797770642,-71.66848797770642
1259.8900353336335,-71.6664563040604,-71.6664563040604
1259.9000353336335,-71.66442513562235,-71.66442513562235
1259.9100353336335,-71.66239484220502,-71.66239484220502
1259.9200353336335,-71.6603657862243,-71.6603657862243
1259.9300353336334,-71.65833832301698,-71.65833832301698
1259.9400353336334,-71.6563128011769,-71.6563128011769
1259.9500353336334,-71.65428956282001,-71.65428956282001
1259.9600353336334,-71.65226894384915,-71.65226894384915
1259.9700353336334,-71.65025127416759,-71.65025127416759
1259.9800353336334,-71.64823687788183,-71.64823687788183
1259.9900353336334,-71.64622607349293,-71.64622607349293
1260.0000353336334,-71.64421917404472,-71.64421917404472
1260.0100353336334,-71.64221648725646,-71.64221648725646
1260.0200353336334,-71.64021831568112,-71.64021831568112
1260.0300353336334,-71.63822495679676,-71.63822495679676
1260.0400353336333,-71.6362367031199,-71.6362367031199
1260.0500353336333,-71.63425384229558,-71.63425384229558
1260.0600353336333,-71.63227665719226,-71.63227665719226
1260.0700353336333,-71.63030542597562,-71.63030542597562
1260.0800353336335,-71.6283404221976,-71.6283404221976
1260.0900353336335,-71.62638191484206,-71.62638191484206
1260.1000353336335,-71.62443016841446,-71.62443016841446
1260.1100353336335,-71.62248544298708,-71.62248544298708
1260.1200353336335,-71.62054799426498,-71.62054799426498
1260.1300353336335,-71.6186180736419,-71.6186180736419
1260.1400353336335,-71.61669592825055,-71.61669592825055
1260.1500353336335,-71.61478180102557,-71.61478180102557
1260.1600353336335,-71.61287593073493,-71.61287593073493
1260.1700353336335,-71.61097855204324,-71.61097855204324
1260.1800353336334,-71.60908989554962,-71.60908989554962
1260.1900353336334,-71.60721018784963,-71.60721018784963
1260.2000353336334,-71.60533965155666,-71.60533965155666
1260.2100353336334,-71.60347228134137,-71.60347228134137
1260.2200353336334,-71.6016055799222,-71.6016055799222
1260.2300353336334,-71.59973844704784,-71.59973844704784
1260.2400353336334,-71.59787042537806,-71.59787042537806
1260.2500353336334,-71.5960014133613,-71.5960014133613
1260.2600353336334,-71.59413151641544,-71.59413151641544
1260.2700353336334,-71.59226095977415,-71.59226095977415
1260.2800353336334,-71.59039003623974,-71.59039003623974
1260.2900353336333,-71.58851907475588,-71.58851907475588
1260.3000353336333,-71.58664842164771,-71.58664842164771
1260.3100353336333,-71.58477842944885,-71.58477842944885
1260.3200353336333,-71.58290945038561,-71.58290945038561
1260.3300353336335,-71.58104183266076,-71.58104183266076
1260.3400353336335,-71.57917591848684,-71.57917591848684
1260.3500353336335,-71.5773120430911,-71.5773120430911
1260.3600353336335,-71.57545053438645,-71.57545053438645
1260.3700353336335,-71.57359171297857,-71.57359171297857
1260.3800353336335,-71.57173589234466,-71.57173589234466
1260.3900353336335,-71.56988337915365,-71.56988337915365
1260.4000353336335,-71.56803447359964,-71.56803447359964
1260.4100353336335,-71.56618946972725,-71.56618946972725
1260.4200353336335,-71.56434865578308,-71.56434865578308
1260.4300353336334,-71.56251231452381,-71.56251231452381
1260.4400353336334,-71.56068072344362,-71.56068072344362
1260.4500353336334,-71.55885415507758,-71.55885415507758
1260.4600353336334,-71.55703287718605,-71.55703287718605
1260.4700353336334,-71.5552171529562,-71.5552171529562
1260.4800353336334,-71.55340724116869,-71.55340724116869
1260.4900353336334,-71.55160339634944,-71.55160339634944
1260.5000353336334,-71.54980586888861,-71.54980586888861
1260.5100353336334,-71.54801490515206,-71.54801490515206
1260.5200353336334,-71.54623074759856,-71.54623074759856
1260.5300353336334,-71.54445363484494,-71.54445363484494
1260.5400353336333,-71.5426838017488,-71.5426838017488
1260.5500353574753,-71.54092147527457,-71.54092147527457
1260.5600353574753,-71.53916689139055,-71.53916689139055
1260.5700353574753,-71.53742026984001,-71.53742026984001
1260.5800353574753,-71.53568183105816,-71.53568183105816
1260.5900353574752,-71.53395179201536,-71.53395179201536
1260.6000353574752,-71.53223036622673,-71.53223036622673
1260.6100353574752,-71.5305177638198,-71.5305177638198
1260.6200353574752,-71.5288141915377,-71.5288141915377
1260.6300353574752,-71.52711985280321,-71.52711985280321
1260.6400353574752,-71.5254349477386,-71.5254349477386
1260.6500353574752,-71.52375967319588,-71.52375967319588
1260.6600353574752,-71.52209422278425,-71.52209422278425
1260.6700353574752,-71.52043878689797,-71.52043878689797
1260.6800353574754,-71.51879355275423,-71.51879355275423
1260.6900353574754,-71.5171587044062,-71.5171587044062
1260.7000353574754,-71.51553442277995,-71.51553442277995
1260.7100353574754,-71.51392088569386,-71.51392088569386
1260.7200353574754,-71.51231826788492,-71.51231826788492
1260.7300353574753,-71.51072674104061,-71.51072674104061
1260.7400353574753,-71.5091464738225,-71.5091464738225
1260.7500353574753,-71.50757763189357,-71.50757763189357
1260.7600353574753,-71.50602037793496,-71.50602037793496
1260.7700353574753,-71.50447487168627,-71.50447487168627
1260.7800353574753,-71.50294126995983,-71.50294126995983
1260.7900353574753,-71.50141972666556,-71.50141972666556
1260.8000353574753,-71.49991039285342,-71.49991039285342
1260.8100353574753,-71.49841341672283,-71.49841341672283
1260.8200353574753,-71.49692894366163,-71.49692894366163
1260.8300353574753,-71.49545711624381,-71.49545711624381
1260.8400353574752,-71.49399807431102,-71.49399807431102
1260.8500353574752,-71.49255195494332,-71.49255195494332
1260.8600353574752,-71.49111889251392,-71.49111889251392
1260.8700353574752,-71.48969901872249,-71.48969901872249
1260.8800353574752,-71.48829246259344,-71.48829246259344
1260.8900353574752,-71.48689935053655,-71.48689935053655
1260.9000353574752,-71.48551980634333,-71.48551980634333
1260.9100353574752,-71.48415395124503,-71.48415395124503
1260.9200353574752,-71.48280190391098,-71.48280190391098
1260.9300353574754,-71.48146378050185,-71.48146378050185
1260.9400353574754,-71.48013969466425,-71.48013969466425
1260.9500353574754,-71.47882975759659,-71.47882975759659
1260.9600353574754,-71.47753407805308,-71.47753407805308
1260.9700353574754,-71.47625276237825,-71.47625276237825
1260.9800353574753,-71.4749859145251,-71.4749859145251
1260.9900353574753,-71.47373363609013,-71.47373363609013
1261.0000353574753,-71.47249602635145,-71.47249602635145
1261.0100353574753,-71.47127318226609,-71.47127318226609
1261.0200353574753,-71.4700651985284,-71.4700651985284
1261.0300353574753,-71.46887216758411,-71.46887216758411
1261.0400353574753,-71.46769417964963,-71.46769417964963
1261.0500353574753,-71.46653132275668,-71.46653132275668
1261.0600353574753,-71.46538368276255,-71.46538368276255
1261.0700353574753,-71.46425134338787,-71.46425134338787
1261.0800353574753,-71.46313438624131,-71.46313438624131
1261.0900353574752,-71.46203289083657,-71.46203289083657
1261.1000353574752,-71.4609469346258,-71.4609469346258
1261.1100353574752,-71.4598765930333,-71.4598765930333
1261.1200353574752,-71.45882193947583,-71.45882193947583
1261.1300353574752,-71.45778304538212,-71.45778304538212
1261.1400353574752,-71.45675998022503,-71.45675998022503
1261.1500353574752,-71.45575281154237,-71.45575281154237
1261.1600353574752,-71.45476160497272,-71.45476160497272
1261.1700353574752,-71.4537864242724,-71.4537864242724
1261.1800353574754,-71.45282733133683,-71.45282733133683
1261.1900353574754,-71.45188438623647,-71.45188438623647
1261.2000353574754,-71.45095764724421,-71.45095764724421
1261.2100353574754,-71.45004717083651,-71.45004717083651
1261.2200353574754,-71.44915301173502,-71.44915301173502
1261.2300353574753,-71.44827522293822,-71.44827522293822
1261.2400353574753,-71.44741385573461,-71.44741385573461
1261.2500353574753,-71.44656895971809,-71.44656895971809
1261.2600353574753,-71.44574058283082,-71.44574058283082
1261.2700353574753,-71.44492877138016,-71.44492877138016
1261.2800353574753,-71.44413357004164,-71.44413357004164
1261.2900353574753,-71.4433550219166,-71.4433550219166
1261.3000353574753,-71.44259316853086,-71.44259316853086
1261.3100353574753,-71.44184804986267,-71.44184804986267
1261.3200353574753,-71.4411197043665,-71.4411197043665
1261.3300353574753,-71.44040816900059,-71.44040816900059
1261.3400353574752,-71.43971347923679,-71.43971347923679
1261.3500353574752,-71.43903566908371,-71.43903566908371
1261.3600353574752,-71.43837477111423,-71.43837477111423
1261.3700353574752,-71.43773081649873,-71.43773081649873
1261.3800353574752,-71.43710383499953,-71.43710383499953
1261.3900353574752,-71.43649385500377,-71.43649385500377
1261.4000353813171,-71.43590090213549,-71.43590090213549
1261.4100353813171,-71.43532500499605,-71.43532500499605
1261.4200353813171,-71.43476618647284,-71.43476618647284
1261.430035381317,-71.43422446967924,-71.43422446967924
1261.440035381317,-71.4336998764331,-71.4336998764331
1261.450035381317,-71.43319242730212,-71.43319242730212
1261.460035381317,-71.43269592970886,-71.43269592970886
1261.470035381317,-71.4322076930392,-71.4322076930392
1261.480035381317,-71.43172642327745,-71.43172642327745
1261.490035381317,-71.43125147081972,-71.43125147081972
1261.500035381317,-71.43078254394786,-71.43078254394786
1261.510035381317,-71.43031956021355,-71.43031956021355
1261.520035381317,-71.42986255941648,-71.42986255941648
1261.5300353813172,-71.42941165137026,-71.42941165137026
1261.5400353813172,-71.42896698452476,-71.42896698452476
1261.5500353813172,-71.42852872714816,-71.42852872714816
1261.5600353813172,-71.42809705617202,-71.42809705617202
1261.5700353813172,-71.42767215064636,-71.42767215064636
1261.5800353813172,-71.42725418800362,-71.42725418800362
1261.5900353813172,-71.42684334206594,-71.42684334206594
1261.6000353813172,-71.42643978203128,-71.42643978203128
1261.6100353813172,-71.42604367211916,-71.42604367211916
1261.6200353813172,-71.4256551715527,-71.4256551715527
1261.6300353813172,-71.42527443474356,-71.42527443474356
1261.6400353813171,-71.42490161155283,-71.42490161155283
1261.6500353813171,-71.4245368476117,-71.4245368476117
1261.6600353813171,-71.42418028464786,-71.42418028464786
1261.6700353813171,-71.4238320607925,-71.4238320607925
1261.680035381317,-71.42349231085228,-71.42349231085228
1261.690035381317,-71.42316116655786,-71.42316116655786
1261.700035381317,-71.42283875682084,-71.42283875682084
1261.710035381317,-71.42252520788868,-71.42252520788868
1261.720035381317,-71.42222064353517,-71.42222064353517
1261.730035381317,-71.42192518520231,-71.42192518520231
1261.740035381317,-71.42163895213258,-71.42163895213258
1261.750035381317,-71.42136206146535,-71.42136206146535
1261.760035381317,-71.42109462833217,-71.42109462833217
1261.770035381317,-71.42083676592391,-71.42083676592391
1261.7800353813172,-71.4205885855614,-71.4205885855614
1261.7900353813172,-71.42035019675889,-71.42035019675889
1261.8000353813172,-71.42012170726034,-71.42012170726034
1261.8100353813172,-71.4199032230749,-71.4199032230749
1261.8200353813172,-71.41969484851163,-71.41969484851163
1261.8300353813172,-71.41949668622183,-71.41949668622183
1261.8400353813172,-71.41930883719317,-71.41930883719317
1261.8500353813172,-71.41913140079485,-71.41913140079485
1261.8600353813172,-71.41896447479273,-71.41896447479273
1261.8700353813172,-71.41880815533625,-71.41880815533625
1261.8800353813172,-71.41866253699638,-71.41866253699638
1261.8900353813171,-71.41852771276731,-71.41852771276731
1261.9000353813171,-71.41840377409294,-71.41840377409294
1261.9100353813171,-71.41829081083633,-71.41829081083633
1261.9200353813171,-71.41818891133128,-71.41818891133128
1261.930035381317,-71.41809816234785,-71.41809816234785
1261.940035381317,-71.41801864913532,-71.41801864913532
1261.950035381317,-71.41795045540745,-71.41795045540745
1261.960035381317,-71.41789366334196,-71.41789366334196
1261.970035381317,-71.41784835361636,-71.41784835361636
1261.980035381317,-71.41781460537615,-71.41781460537615
1261.990035381317,-71.41779249626846,-71.41779249626846
1262.000035381317,-71.41778210243942,-71.41778210243942
1262.010035381317,-71.41778349853654,-71.41778349853654
1262.020035381317,-71.41779675771882,-71.41779675771882
1262.0300353813172,-71.41782195166142,-71.41782195166142
1262.0400353813172,-71.41785915056047,-71.41785915056047
1262.0500353813172,-71.41790842315406,-71.41790842315406
1262.0600353813172,-71.4179698367114,-71.4179698367114
1262.0700353813172,-71.41804345704364,-71.41804345704364
1262.0800353813172,-71.41812934853743,-71.41812934853743
1262.0900353813172,-71.41822757411285,-71.41822757411285
1262.1000353813172,-71.418338195285,-71.418338195285
1262.1100353813172,-71.41846127213435,-71.41846127213435
1262.1200353813172,-71.41859686334689,-71.41859686334689
1262.1300353813172,-71.41874502618697,-71.41874502618697
1262.1400353813171,-71.41890581654567,-71.41890581654567
1262.1500353813171,-71.4190792889295,-71.4190792889295
1262.1600353813171,-71.41926549645838,-71.41926549645838
1262.1700353813171,-71.41946449090483,-71.41946449090483
1262.180035381317,-71.41967632270135,-71.41967632270135
1262.190035381317,-71.41990104091568,-71.41990104091568
1262.200035381317,-71.42013869330414,-71.42013869330414
1262.210035381317,-71.42038311293848,-71.42038311293848
1262.220035381317,-71.42063163370808,-71.42063163370808
1262.230035381317,-71.42088298603873,-71.42088298603873
1262.240035381317,-71.42113654495826,-71.42113654495826
1262.250035405159,-71.42139204414617,-71.42139204414617
1262.260035405159,-71.42164942487268,-71.42164942487268
1262.270035405159,-71.42190875252388,-71.42190875252388
1262.280035405159,-71.42217016196558,-71.42217016196558
1262.290035405159,-71.42243382670186,-71.42243382670186
1262.300035405159,-71.42269994005014,-71.42269994005014
1262.310035405159,-71.42296870396648,-71.42296870396648
1262.320035405159,-71.42324032244731,-71.42324032244731
1262.330035405159,-71.42351499783602,-71.42351499783602
1262.340035405159,-71.42379292877777,-71.42379292877777
1262.350035405159,-71.42407430920346,-71.42407430920346
1262.360035405159,-71.42435932798014,-71.42435932798014
1262.370035405159,-71.42464816886779,-71.42464816886779
1262.380035405159,-71.42494101069587,-71.42494101069587
1262.390035405159,-71.4252380276438,-71.4252380276438
1262.400035405159,-71.42553938952388,-71.42553938952388
1262.410035405159,-71.4258452621277,-71.4258452621277
1262.420035405159,-71.4261558074981,-71.4261558074981
1262.430035405159,-71.42647118422609,-71.42647118422609
1262.440035405159,-71.42679154770323,-71.42679154770323
1262.450035405159,-71.42711705033479,-71.42711705033479
1262.460035405159,-71.4274478417182,-71.4274478417182
1262.470035405159,-71.42778406884379,-71.42778406884379
1262.480035405159,-71.42812587620757,-71.42812587620757
1262.490035405159,-71.42847340594255,-71.42847340594255
1262.500035405159,-71.42882679793138,-71.42882679793138
1262.510035405159,-71.4291861898885,-71.4291861898885
1262.520035405159,-71.42955171742555,-71.42955171742555
1262.530035405159,-71.42992351413653,-71.42992351413653
1262.540035405159,-71.43030171163234,-71.43030171163234
1262.550035405159,-71.43068643958722,-71.43068643958722
1262.560035405159,-71.43107782578403,-71.43107782578403
1262.570035405159,-71.4314759961487,-71.4314759961487
1262.580035405159,-71.43188107476129,-71.43188107476129
1262.590035405159,-71.43229318389668,-71.43229318389668
1262.600035405159,-71.4327124440427,-71.4327124440427
1262.610035405159,-71.43313897388488,-71.43313897388488
1262.620035405159,-71.43357289036389,-71.43357289036389
1262.630035405159,-71.43401430866201,-71.43401430866201
1262.640035405159,-71.43446334222236,-71.43446334222236
1262.650035405159,-71.43492010276667,-71.43492010276667
1262.660035405159,-71.43538470027596,-71.43538470027596
1262.670035405159,-71.43585724301931,-71.43585724301931
1262.680035405159,-71.43633783756657,-71.43633783756657
1262.690035405159,-71.43682658877681,-71.43682658877681
1262.700035405159,-71.43732359981055,-71.43732359981055
1262.710035405159,-71.4378289721558,-71.4378289721558
1262.720035405159,-71.4383428056097,-71.4383428056097
1262.730035405159,-71.43886519828801,-71.43886519828801
1262.740035405159,-71.43939624664438,-71.43939624664438
1262.750035405159,-71.43993604547107,-71.43993604547107
1262.760035405159,-71.44048468790204,-71.44048468790204
1262.770035405159,-71.4410422654263,-71.4410422654263
1262.780035405159,-71.44160886788777,-71.44160886788777
1262.790035405159,-71.44218458350979,-71.44218458350979
1262.800035405159,-71.44276949888358,-71.44276949888358
1262.810035405159,-71.44336369898764,-71.44336369898764
1262.820035405159,-71.44396726719086,-71.44396726719086
1262.830035405159,-71.44458028525685,-71.44458028525685
1262.840035405159,-71.4452028333817,-71.4452028333817
1262.850035405159,-71.44583499016858,-71.44583499016858
1262.860035405159,-71.44647683265798,-71.44647683265798
1262.870035405159,-71.44712843633316,-71.44712843633316
1262.880035405159,-71.44778987512042,-71.44778987512042
1262.890035405159,-71.44846122142734,-71.44846122142734
1262.900035405159,-71.44914254611979,-71.44914254611979
1262.910035405159,-71.44983391855297,-71.44983391855297
1262.920035405159,-71.45053540658955,-71.45053540658955
1262.930035405159,-71.45124707659556,-71.45124707659556
1262.940035405159,-71.45196899345758,-71.45196899345758
1262.950035405159,-71.45270122060445,-71.45270122060445
1262.960035405159,-71.45344382000144,-71.45344382000144
1262.970035405159,-71.454196852179,-71.454196852179
1262.980035405159,-71.45496037623855,-71.45496037623855
1262.990035405159,-71.45573444986857,-71.45573444986857
1263.000035405159,-71.456519129367,-71.456519129367
1263.010035405159,-71.45731446962694,-71.45731446962694
1263.020035405159,-71.45812052417129,-71.45812052417129
1263.030035405159,-71.45893734517549,-71.45893734517549
1263.040035405159,-71.4597649834479,-71.4597649834479
1263.050035405159,-71.46060348847818,-71.46060348847818
1263.060035405159,-71.46145290843988,-71.46145290843988
1263.070035405159,-71.46231329018593,-71.46231329018593
1263.080035405159,-71.46318467928936,-71.46318467928936
1263.090035405159,-71.46406712005047,-71.46406712005047
1263.1000354290009,-71.4649606576319,-71.4649606576319
1263.1100354290008,-71.46586532959832,-71.46586532959832
1263.1200354290008,-71.4667811785668,-71.4667811785668
1263.1300354290008,-71.46770824386977,-71.46770824386977
1263.1400354290008,-71.46864656363516,-71.46864656363516
1263.1500354290008,-71.46959617478628,-71.46959617478628
1263.1600354290008,-71.47055711308235,-71.47055711308235
1263.1700354290008,-71.47152941311079,-71.47152941311079
1263.1800354290008,-71.47251310830288,-71.47251310830288
1263.1900354290008,-71.473508230966,-71.473508230966
1263.2000354290008,-71.47451481227681,-71.47451481227681
1263.2100354290008,-71.47553288232017,-71.47553288232017
1263.2200354290007,-71.47656247006293,-71.47656247006293
1263.230035429001,-71.47760360340855,-71.47760360340855
1263.240035429001,-71.47865630919553,-71.47865630919553
1263.250035429001,-71.47972061320968,-71.47972061320968
1263.260035429001,-71.48079654018969,-71.48079654018969
1263.270035429001,-71.48188411385725,-71.48188411385725
1263.280035429001,-71.48298335692698,-71.48298335692698
1263.290035429001,-71.48409429110976,-71.48409429110976
1263.300035429001,-71.48521693713293,-71.48521693713293
1263.310035429001,-71.48635131476347,-71.48635131476347
1263.3200354290009,-71.4874974427979,-71.4874974427979
1263.3300354290009,-71.48865533909773,-71.48865533909773
1263.3400354290009,-71.48982502058543,-71.48982502058543
1263.3500354290009,-71.49100650327875,-71.49100650327875
1263.3600354290008,-71.4921998022811,-71.4921998022811
1263.3700354290008,-71.49340493180627,-71.49340493180627
1263.3800354290008,-71.49462190518709,-71.49462190518709
1263.3900354290008,-71.49585073489031,-71.49585073489031
1263.4000354290008,-71.49709143253054,-71.49709143253054
1263.4100354290008,-71.49834400887603,-71.49834400887603
1263.4200354290008,-71.49960847387744,-71.49960847387744
1263.4300354290008,-71.50088483665849,-71.50088483665849
1263.4400354290008,-71.50217310552917,-71.50217310552917
1263.4500354290008,-71.50347328802711,-71.50347328802711
1263.4600354290008,-71.50478539089207,-71.50478539089207
1263.4700354290007,-71.50610942010299,-71.50610942010299
1263.480035429001,-71.50744538087312,-71.50744538087312
1263.490035429001,-71.50879327767004,-71.50879327767004
1263.500035429001,-71.51015311423734,-71.51015311423734
1263.510035429001,-71.51152489357939,-71.51152489357939
1263.520035429001,-71.51290861799461,-71.51290861799461
1263.530035429001,-71.51430428908,-71.51430428908
1263.540035429001,-71.51571190774177,-71.51571190774177
1263.550035429001,-71.51713147421357,-71.51713147421357
1263.560035429001,-71.51856298803258,-71.51856298803258
1263.5700354290009,-71.52000644810639,-71.52000644810639
1263.5800354290009,-71.52146185267694,-71.52146185267694
1263.5900354290009,-71.52292919936032,-71.52292919936032
1263.6000354290009,-71.52440848513275,-71.52440848513275
1263.6100354290008,-71.52589970636178,-71.52589970636178
1263.6200354290008,-71.5274028587947,-71.5274028587947
1263.6300354290008,-71.52891793759399,-71.52891793759399
1263.6400354290008,-71.53044493732438,-71.53044493732438
1263.6500354290008,-71.5319838519806,-71.5319838519806
1263.6600354290008,-71.53353467497503,-71.53353467497503
1263.6700354290008,-71.53509739917163,-71.53509739917163
1263.6800354290008,-71.53667201687873,-71.53667201687873
1263.6900354290008,-71.53825851985549,-71.53825851985549
1263.7000354290008,-71.53985689935067,-71.53985689935067
1263.7100354290008,-71.54146714606165,-71.54146714606165
1263.7200354290007,-71.54308925019106,-71.54308925019106
1263.730035429001,-71.54472320141859,-71.54472320141859
1263.740035429001,-71.54636898894658,-71.54636898894658
1263.750035429001,-71.54802660147088,-71.54802660147088
1263.760035429001,-71.5496960272147,-71.5496960272147
1263.770035429001,-71.55137725393061,-71.55137725393061
1263.780035429001,-71.553070268898,-71.553070268898
1263.790035429001,-71.55477505894923,-71.55477505894923
1263.800035429001,-71.55649161045389,-71.55649161045389
1263.810035429001,-71.55821990935927,-71.55821990935927
1263.8200354290009,-71.55995994116682,-71.55995994116682
1263.8300354290009,-71.5617116909605,-71.5617116909605
1263.8400354290009,-71.56347514339573,-71.56347514339573
1263.8500354290009,-71.56525028273539,-71.56525028273539
1263.8600354290008,-71.56703709281975,-71.56703709281975
1263.8700354290008,-71.56883555711545,-71.56883555711545
1263.8800354290008,-71.57064565867344,-71.57064565867344
1263.8900354290008,-71.57246738018621,-71.57246738018621
1263.9000354290008,-71.57430070395407,-71.57430070395407
1263.9100354290008,-71.57614561192584,-71.57614561192584
1263.9200354290008,-71.57800208567531,-71.57800208567531
1263.9300354290008,-71.57987010643104,-71.57987010643104
1263.9400354290008,-71.58174965506788,-71.58174965506788
1263.9500354528427,-71.58364071663384,-71.58364071663384
1263.9600354528427,-71.58554326236602,-71.58554326236602
1263.9700354528427,-71.58745727657634,-71.58745727657634
1263.9800354528427,-71.58938273882893,-71.58938273882893
1263.9900354528427,-71.59131962834752,-71.59131962834752
1264.0000354528427,-71.59326792407217,-71.59326792407217
1264.0100354528427,-71.59522760461574,-71.59522760461574
1264.0200354528426,-71.59719864829857,-71.59719864829857
1264.0300354528426,-71.59918103314894,-71.59918103314894
1264.0400354528426,-71.60117473690323,-71.60117473690323
1264.0500354528426,-71.60317973702566,-71.60317973702566
1264.0600354528426,-71.60519601070541,-71.60519601070541
1264.0700354528426,-71.60722353485157,-71.60722353485157
1264.0800354528428,-71.60926228610795,-71.60926228610795
1264.0900354528428,-71.61131224087228,-71.61131224087228
1264.1000354528428,-71.6133733752683,-71.6133733752683
1264.1100354528428,-71.61544566518285,-71.61544566518285
1264.1200354528428,-71.61752908625495,-71.61752908625495
1264.1300354528428,-71.61962361389635,-71.61962361389635
1264.1400354528428,-71.62172922326745,-71.62172922326745
1264.1500354528428,-71.6238458893033,-71.6238458893033
1264.1600354528427,-71.62597358672262,-71.62597358672262
1264.1700354528427,-71.6281122900175,-71.6281122900175
1264.1800354528427,-71.63026197346151,-71.63026197346151
1264.1900354528427,-71.63242261113079,-71.63242261113079
1264.2000354528427,-71.63459417687773,-71.63459417687773
1264.2100354528427,-71.6367766443679,-71.6367766443679
1264.2200354528427,-71.63896998706429,-71.63896998706429
1264.2300354528427,-71.64117417823363,-71.64117417823363
1264.2400354528427,-71.64338919095387,-71.64338919095387
1264.2500354528427,-71.64561499813026,-71.64561499813026
1264.2600354528427,-71.64785157247607,-71.64785157247607
1264.2700354528426,-71.65009888653049,-71.65009888653049
1264.2800354528426,-71.65235691265786,-71.65235691265786
1264.2900354528426,-71.65462562306321,-71.65462562306321
1264.3000354528426,-71.65690498978067,-71.65690498978067
1264.3100354528426,-71.65919498468664,-71.65919498468664
1264.3200354528426,-71.66149557950091,-71.66149557950091
1264.3300354528428,-71.66380674578667,-71.66380674578667
1264.3400354528428,-71.66612845495406,-71.66612845495406
1264.3500354528428,-71.66846067829077,-71.66846067829077
1264.3600354528428,-71.67080338691216,-71.67080338691216
1264.3700354528428,-71.67315655181218,-71.67315655181218
1264.3800354528428,-71.67552014384722,-71.67552014384722
1264.3900354528428,-71.67789413373845,-71.67789413373845
1264.4000354528428,-71.6802784920782,-71.6802784920782
1264.4100354528427,-71.68267318934132,-71.68267318934132
1264.4200354528427,-71.68507819587855,-71.68507819587855
1264.4300354528427,-71.6874934819151,-71.6874934819151
1264.4400354528427,-71.68991901756608,-71.68991901756608
1264.4500354528427,-71.69235477283848,-71.69235477283848
1264.4600354528427,-71.69480071762553,-71.69480071762553
1264.4700354528427,-71.69725682170694,-71.69725682170694
1264.4800354528427,-71.69972305477631,-71.69972305477631
1264.4900354528427,-71.70219938641193,-71.70219938641193
1264.5000354528427,-71.70468578610514,-71.70468578610514
1264.5100354528427,-71.70718222324788,-71.70718222324788
1264.5200354528426,-71.70968866713842,-71.70968866713842
1264.5300354528426,-71.7122050869856,-71.7122050869856
1264.5400354528426,-71.71473145192,-71.71473145192
1264.5500354528426,-71.71726773098885,-71.71726773098885
1264.5600354528426,-71.71981389315212,-71.71981389315212
1264.5700354528426,-71.72236990728616,-71.72236990728616
1264.5800354528428,-71.72493574220118,-71.72493574220118
1264.5900354528428,-71.72751136663136,-71.72751136663136
1264.6000354528428,-71.73009674924886,-71.73009674924886
1264.6100354528428,-71.7326918586446,-71.7326918586446
1264.6200354528428,-71.73529666334348,-71.73529666334348
1264.6300354528428,-71.73791113182094,-71.73791113182094
1264.6400354528428,-71.74053523247474,-71.74053523247474
1264.6500354528428,-71.74316893365904,-71.74316893365904
1264.6600354528427,-71.74581220366386,-71.74581220366386
1264.6700354528427,-71.74846501071825,-71.74846501071825
1264.6800354528427,-71.75112732301717,-71.75112732301717
1264.6900354528427,-71.75379910868725,-71.75379910868725
1264.7000354528427,-71.75648033581902,-71.75648033581902
1264.7100354528427,-71.75917097245518,-71.75917097245518
1264.7200354528427,-71.76187098658771,-71.76187098658771
1264.7300354528427,-71.76458034617521,-71.76458034617521
1264.7400354528427,-71.76729901913744,-71.76729901913744
1264.7500354528427,-71.77002697334972,-71.77002697334972
1264.7600354528427,-71.77276417665499,-71.77276417665499
1264.7700354528426,-71.77551059686955,-71.77551059686955
1264.7800354528426,-71.77826620176359,-71.77826620176359
1264.7900354528426,-71.78103095908438,-71.78103095908438
1264.8000354766846,-71.78380484316123,-71.78380484316123
1264.8100354766846,-71.78658780851816,-71.78658780851816
1264.8200354766846,-71.789379829379,-71.789379829379
1264.8300354766845,-71.79218087339314,-71.79218087339314
1264.8400354766845,-71.79499090818686,-71.79499090818686
1264.8500354766845,-71.79780990136331,-71.79780990136331
1264.8600354766845,-71.80063782051602,-71.80063782051602
1264.8700354766845,-71.80347463321706,-71.80347463321706
1264.8800354766845,-71.80632030702567,-71.80632030702567
1264.8900354766845,-71.80917480948096,-71.80917480948096
1264.9000354766845,-71.81203810812309,-71.81203810812309
1264.9100354766845,-71.81491017046373,-71.81491017046373
1264.9200354766845,-71.81779096403416,-71.81779096403416
1264.9300354766847,-71.82068045632357,-71.82068045632357
1264.9400354766847,-71.82357861484876,-71.82357861484876
1264.9500354766847,-71.82648540711025,-71.82648540711025
1264.9600354766847,-71.8293945401846,-71.8293945401846
1264.9700354766846,-71.83230324144034,-71.83230324144034
1264.9800354766846,-71.83521014482143,-71.83521014482143
1264.9900354766846,-71.83811453497847,-71.83811453497847
1265.0000354766846,-71.84101605895218,-71.84101605895218
1265.0100354766846,-71.84391457652592,-71.84391457652592
1265.0200354766846,-71.84681007254287,-71.84681007254287
1265.0300354766846,-71.8497026042167,-71.8497026042167
1265.0400354766846,-71.85259226950184,-71.85259226950184
1265.0500354766846,-71.85547918807714,-71.85547918807714
1265.0600354766846,-71.85836349002646,-71.85836349002646
1265.0700354766846,-71.86124530919805,-71.86124530919805
1265.0800354766845,-71.86412477940877,-71.86412477940877
1265.0900354766845,-71.86700203232094,-71.86700203232094
1265.1000354766845,-71.86987719644308,-71.86987719644308
1265.1100354766845,-71.87275039667394,-71.87275039667394
1265.1200354766845,-71.87562175425784,-71.87562175425784
1265.1300354766845,-71.87849138692157,-71.87849138692157
1265.1400354766845,-71.88135940911415,-71.88135940911415
1265.1500354766845,-71.88422593227148,-71.88422593227148
1265.1600354766845,-71.88709106512695,-71.88709106512695
1265.1700354766845,-71.88995491397537,-71.88995491397537
1265.1800354766847,-71.8928175829192,-71.8928175829192
1265.1900354766847,-71.89567917411125,-71.89567917411125
1265.2000354766847,-71.89853978794974,-71.89853978794974
1265.2100354766847,-71.90139325637332,-71.90139325637332
1265.2200354766846,-71.90423693360191,-71.90423693360191
1265.2300354766846,-71.90706958056474,-71.90706958056474
1265.2400354766846,-71.9098906084099,-71.9098906084099
1265.2500354766846,-71.91269978995848,-71.91269978995848
1265.2600354766846,-71.9154971099974,-71.9154971099974
1265.2700354766846,-71.91828267755652,-71.91828267755652
1265.2800354766846,-71.92105667321128,-71.92105667321128
1265.2900354766846,-71.92381931744045,-71.92381931744045
1265.3000354766846,-71.92657085163407,-71.92657085163407
1265.3100354766846,-71.92931152677048,-71.92931152677048
1265.3200354766846,-71.93204159677688,-71.93204159677688
1265.3300354766845,-71.93476131473244,-71.93476131473244
1265.3400354766845,-71.93747093075075,-71.93747093075075
1265.3500354766845,-71.940170690986,-71.940170690986
1265.3600354766845,-71.94286083714361,-71.94286083714361
1265.3700354766845,-71.94554160645832,-71.94554160645832
1265.3800354766845,-71.94821323181668,-71.94821323181668
1265.3900354766845,-71.95087594197044,-71.95087594197044
1265.4000354766845,-71.9535299618256,-71.9535299618256
1265.4100354766845,-71.95617551270786,-71.95617551270786
1265.4200354766845,-71.95881281263924,-71.95881281263924
1265.4300354766847,-71.96144207658404,-71.96144207658404
1265.4400354766847,-71.96406351665807,-71.96406351665807
1265.4500354766847,-71.96667734230556,-71.96667734230556
1265.4600354766847,-71.96928376048997,-71.96928376048997
1265.4700354766846,-71.97188297580307,-71.97188297580307
1265.4800354766846,-71.97447519059733,-71.97447519059733
1265.4900354766846,-71.97706060506758,-71.97706060506758
1265.5000354766846,-71.97963941733533,-71.97963941733533
1265.5100354766846,-71.98221182350862,-71.98221182350862
1265.5200354766846,-71.98477801773285,-71.98477801773285
1265.5300354766846,-71.98733819223617,-71.98733819223617
1265.5400354766846,-71.98989253733704,-71.98989253733704
1265.5500354766846,-71.99244124150695,-71.99244124150695
1265.5600354766846,-71.99498449133877,-71.99498449133877
1265.5700354766846,-71.99752247159971,-71.99752247159971
1265.5800354766845,-72.00005536521462,-72.00005536521462
1265.5900354766845,-72.0025833532803,-72.0025833532803
1265.6000354766845,-72.00510661506111,-72.00510661506111
1265.6100354766845,-72.00762532799558,-72.00762532799558
1265.6200354766845,-72.01013966768518,-72.01013966768518
1265.6300354766845,-72.01264980789695,-72.01264980789695
1265.6400354766845,-72.0151559205633,-72.0151559205633
1265.6500355005264,-72.0176581817172,-72.0176581817172
1265.6600355005264,-72.02015674768386,-72.02015674768386
1265.6700355005264,-72.02265179079876,-72.02265179079876
1265.6800355005264,-72.02514347559195,-72.02514347559195
1265.6900355005264,-72.02763196471085,-72.02763196471085
1265.7000355005264,-72.03011741896627,-72.03011741896627
1265.7100355005264,-72.03259999725701,-72.03259999725701
1265.7200355005264,-72.03507985664534,-72.03507985664534
1265.7300355005264,-72.037557152298,-72.037557152298
1265.7400355005263,-72.04003203750514,-72.04003203750514
1265.7500355005263,-72.04250466367871,-72.04250466367871
1265.7600355005263,-72.04497518035717,-72.04497518035717
1265.7700355005263,-72.04744373517964,-72.04744373517964
1265.7800355005265,-72.04991047392083,-72.04991047392083
1265.7900355005265,-72.0523755404776,-72.0523755404776
1265.8000355005265,-72.05483907686964,-72.05483907686964
1265.8100355005265,-72.05730122324059,-72.05730122324059
1265.8200355005265,-72.05976211785905,-72.05976211785905
1265.8300355005265,-72.062221897149,-72.062221897149
1265.8400355005265,-72.06468069565062,-72.06468069565062
1265.8500355005265,-72.06713864606162,-72.06713864606162
1265.8600355005265,-72.06959587923515,-72.06959587923515
1265.8700355005265,-72.07205252418046,-72.07205252418046
1265.8800355005264,-72.07450870806875,-72.07450870806875
1265.8900355005264,-72.07696455624925,-72.07696455624925
1265.9000355005264,-72.0794201922533,-72.0794201922533
1265.9100355005264,-72.08187573779789,-72.08187573779789
1265.9200355005264,-72.08433131281565,-72.08433131281565
1265.9300355005264,-72.08678703543102,-72.08678703543102
1265.9400355005264,-72.08924302201335,-72.08924302201335
1265.9500355005264,-72.0916993871526,-72.0916993871526
1265.9600355005264,-72.09415624366889,-72.09415624366889
1265.9700355005264,-72.09661370266393,-72.09661370266393
1265.9800355005264,-72.09907187348938,-72.09907187348938
1265.9900355005263,-72.10153086378347,-72.10153086378347
1266.0000355005263,-72.10399077947793,-72.10399077947793
1266.0100355005263,-72.1064517248005,-72.1064517248005
1266.0200355005263,-72.10891380231178,-72.10891380231178
1266.0300355005265,-72.11137711289621,-72.11137711289621
1266.0400355005265,-72.11384175577966,-72.11384175577966
1266.0500355005265,-72.11630782856025,-72.11630782856025
1266.0600355005265,-72.11877542719844,-72.11877542719844
1266.0700355005265,-72.12124464606141,-72.12124464606141
1266.0800355005265,-72.12371557789196,-72.12371557789196
1266.0900355005265,-72.12618831387755,-72.12618831387755
1266.1000355005265,-72.12866294361933,-72.12866294361933
1266.1100355005265,-72.13113955518368,-72.13113955518368
1266.1200355005265,-72.13361823508225,-72.13361823508225
1266.1300355005264,-72.13609906831758,-72.13609906831758
1266.1400355005264,-72.1385821383776,-72.1385821383776
1266.1500355005264,-72.1410675272623,-72.1410675272623
1266.1600355005264,-72.14355531549636,-72.14355531549636
1266.1700355005264,-72.14604558214884,-72.14604558214884
1266.1800355005264,-72.14853840483582,-72.14853840483582
1266.1900355005264,-72.15103385974191,-72.15103385974191
1266.2000355005264,-72.15353202164933,-72.15353202164933
1266.2100355005264,-72.15603296393122,-72.15603296393122
1266.2200355005264,-72.15853675859327,-72.15853675859327
1266.2300355005264,-72.16104347625821,-72.16104347625821
1266.2400355005263,-72.16355318620822,-72.16355318620822
1266.2500355005263,-72.16606595638899,-72.16606595638899
1266.2600355005263,-72.16858185341408,-72.16858185341408
1266.2700355005263,-72.17110094261514,-72.17110094261514
1266.2800355005265,-72.1736232880074,-72.1736232880074
1266.2900355005265,-72.17614895235945,-72.17614895235945
1266.3000355005265,-72.17867799716446,-72.17867799716446
1266.3100355005265,-72.18121048267571,-72.18121048267571
1266.3200355005265,-72.18374646792171,-72.18374646792171
1266.3300355005265,-72.1862860107215,-72.1862860107215
1266.3400355005265,-72.18882916768901,-72.18882916768901
1266.3500355005265,-72.19137599426858,-72.19137599426858
1266.3600355005265,-72.19392654471524,-72.19392654471524
1266.3700355005265,-72.19648087215334,-72.19648087215334
1266.3800355005264,-72.19903902855599,-72.19903902855599
1266.3900355005264,-72.2016010647791,-72.2016010647791
1266.4000355005264,-72.20416703057849,-72.20416703057849
1266.4100355005264,-72.20673697459034,-72.20673697459034
1266.4200355005264,-72.20931094440402,-72.20931094440402
1266.4300355005264,-72.21188898652186,-72.21188898652186
1266.4400355005264,-72.21447114638812,-72.21447114638812
1266.4500355005264,-72.21705746843487,-72.21705746843487
1266.4600355005264,-72.2196417008204,-72.2196417008204
1266.4700355005264,-72.22222112980477,-72.22222112980477
1266.4800355005264,-72.22479445506657,-72.22479445506657
1266.4900355005263,-72.22736102977632,-72.22736102977632
1266.5000355243683,-72.22992057684195,-72.22992057684195
1266.5100355243683,-72.23247301397217,-72.23247301397217
1266.5200355243683,-72.23501840212892,-72.23501840212892
1266.5300355243683,-72.23755686813081,-72.23755686813081
1266.5400355243682,-72.2400885789109,-72.2400885789109
1266.5500355243682,-72.24261372240926,-72.24261372240926
1266.5600355243682,-72.24513249620904,-72.24513249620904
1266.5700355243682,-72.24764510083972,-72.24764510083972
1266.5800355243682,-72.25015173594672,-72.25015173594672
1266.5900355243682,-72.2526525982237,-72.2526525982237
1266.6000355243682,-72.25514788032979,-72.25514788032979
1266.6100355243682,-72.25763777049723,-72.25763777049723
1266.6200355243682,-72.26012245248143,-72.26012245248143
1266.6300355243684,-72.26260210567801,-72.26260210567801
1266.6400355243684,-72.2650769053898,-72.2650769053898
1266.6500355243684,-72.26754702312236,-72.26754702312236
1266.6600355243684,-72.27001262686262,-72.27001262686262
1266.6700355243684,-72.2724738813813,-72.2724738813813
1266.6800355243683,-72.27493094847817,-72.27493094847817
1266.6900355243683,-72.27738398723959,-72.27738398723959
1266.7000355243683,-72.27983315421326,-72.27983315421326
1266.7100355243683,-72.2822786036283,-72.2822786036283
1266.7200355243683,-72.28472048752116,-72.28472048752116
1266.7300355243683,-72.28715895587554,-72.28715895587554
1266.7400355243683,-72.28959415672647,-72.28959415672647
1266.7500355243683,-72.29202623627704,-72.29202623627704
1266.7600355243683,-72.29445533894209,-72.29445533894209
1266.7700355243683,-72.29688160745016,-72.29688160745016
1266.7800355243683,-72.29930518285772,-72.29930518285772
1266.7900355243682,-72.30172620463593,-72.30172620463593
1266.8000355243682,-72.30414481068026,-72.30414481068026
1266.8100355243682,-72.30656113733014,-72.30656113733014
1266.8200355243682,-72.3089753194197,-72.3089753194197
1266.8300355243682,-72.31138749028311,-72.31138749028311
1266.8400355243682,-72.3137977817699,-72.3137977817699
1266.8500355243682,-72.31620632425181,-72.31620632425181
1266.8600355243682,-72.31861324665104,-72.31861324665104
1266.8700355243682,-72.32101867641629,-72.32101867641629
1266.8800355243684,-72.3234227395537,-72.3234227395537
1266.8900355243684,-72.32582556062856,-72.32582556062856
1266.9000355243684,-72.32822726274722,-72.32822726274722
1266.9100355243684,-72.33062796757558,-72.33062796757558
1266.9200355243684,-72.33302779534252,-72.33302779534252
1266.9300355243683,-72.33542686483705,-72.33542686483705
1266.9400355243683,-72.3378252934029,-72.3378252934029
1266.9500355243683,-72.34022319695033,-72.34022319695033
1266.9600355243683,-72.34262068994938,-72.34262068994938
1266.9700355243683,-72.34501788542927,-72.34501788542927
1266.9800355243683,-72.34741489499699,-72.34741489499699
1266.9900355243683,-72.34981182879966,-72.34981182879966
1267.0000355243683,-72.35220879557576,-72.35220879557576
1267.0100355243683,-72.35460590261053,-72.35460590261053
1267.0200355243683,-72.357003255774,-72.357003255774
1267.0300355243683,-72.35940095949981,-72.35940095949981
1267.0400355243682,-72.36179911680097,-72.36179911680097
1267.0500355243682,-72.36419782927575,-72.36419782927575
1267.0600355243682,-72.3665971970943,-72.3665971970943
1267.0700355243682,-72.36899731901478,-72.36899731901478
1267.0800355243682,-72.37139829239348,-72.37139829239348
1267.0900355243682,-72.37380021318344,-72.37380021318344
1267.1000355243682,-72.37620317592489,-72.37620317592489
1267.1100355243682,-72.37860727378163,-72.37860727378163
1267.1200355243682,-72.38101259851702,-72.38101259851702
1267.1300355243684,-72.38341924053037,-72.38341924053037
1267.1400355243684,-72.38582728882704,-72.38582728882704
1267.1500355243684,-72.38823683105922,-72.38823683105922
1267.1600355243684,-72.39064795351884,-72.39064795351884
1267.1700355243684,-72.39306074114238,-72.39306074114238
1267.1800355243683,-72.39547527751583,-72.39547527751583
1267.1900355243683,-72.39789164491147,-72.39789164491147
1267.2000355243683,-72.40030992424549,-72.40030992424549
1267.2100355243683,-72.40273019514994,-72.40273019514994
1267.2200355243683,-72.40515253592366,-72.40515253592366
1267.2300355243683,-72.40757702358073,-72.40757702358073
1267.2400355243683,-72.41000373383135,-72.41000373383135
1267.2500355243683,-72.41243274111997,-72.41243274111997
1267.2600355243683,-72.41486411861086,-72.41486411861086
1267.2700355243683,-72.41729793821935,-72.41729793821935
1267.2800355243683,-72.41973427059906,-72.41973427059906
1267.2900355243682,-72.42217318517211,-72.42217318517211
1267.3000355243682,-72.42461475013579,-72.42461475013579
1267.3100355243682,-72.42705903246753,-72.42705903246753
1267.3200355243682,-72.42950609794227,-72.42950609794227
1267.3300355243682,-72.43195601112875,-72.43195601112875
1267.3400355243682,-72.43440883542641,-72.43440883542641
1267.3500355482101,-72.43686463889762,-72.43686463889762
1267.3600355482101,-72.43932347092398,-72.43932347092398
1267.3700355482101,-72.44178539723893,-72.44178539723893
1267.3800355482101,-72.44425047661944,-72.44425047661944
1267.39003554821,-72.44671876670444,-72.44671876670444
1267.40003554821,-72.44919032403266,-72.44919032403266
1267.41003554821,-72.45166520401935,-72.45166520401935
1267.42003554821,-72.45414346100473,-72.45414346100473
1267.43003554821,-72.4566251482358,-72.4566251482358
1267.44003554821,-72.45911031790187,-72.45911031790187
1267.45003554821,-72.4615990211292,-72.4615990211292
1267.46003554821,-72.46409130800173,-72.46409130800173
1267.47003554821,-72.46658722757377,-72.46658722757377
1267.4800355482103,-72.46908682786967,-72.46908682786967
1267.4900355482102,-72.47159015591127,-72.47159015591127
1267.5000355482102,-72.47409725770748,-72.47409725770748
1267.5100355482102,-72.47660817830591,-72.47660817830591
1267.5200355482102,-72.47912296175615,-72.47912296175615
1267.5300355482102,-72.48164165115678,-72.48164165115678
1267.5400355482102,-72.48416428864762,-72.48416428864762
1267.5500355482102,-72.48669091544002,-72.48669091544002
1267.5600355482102,-72.48922157180355,-72.48922157180355
1267.5700355482102,-72.49175629710327,-72.49175629710327
1267.5800355482102,-72.4942951297777,-72.4942951297777
1267.5900355482102,-72.49683810739835,-72.49683810739835
1267.6000355482101,-72.49938526662444,-72.49938526662444
1267.6100355482101,-72.50193664326673,-72.50193664326673
1267.6200355482101,-72.5044922722628,-72.5044922722628
1267.6300355482101,-72.50705218769677,-72.50705218769677
1267.64003554821,-72.50961642282768,-72.50961642282768
1267.65003554821,-72.51218501007422,-72.51218501007422
1267.66003554821,-72.51475798104654,-72.51475798104654
1267.67003554821,-72.51733536653946,-72.51733536653946
1267.68003554821,-72.51991719655462,-72.51991719655462
1267.69003554821,-72.52250350031316,-72.52250350031316
1267.70003554821,-72.52509430625153,-72.52509430625153
1267.71003554821,-72.52768964205083,-72.52768964205083
1267.72003554821,-72.53028953463462,-72.53028953463462
1267.7300355482103,-72.53289401018537,-72.53289401018537
1267.7400355482102,-72.5355030941475,-72.5355030941475
1267.7500355482102,-72.53811681123881,-72.53811681123881
1267.7600355482102,-72.5407351854738,-72.5407351854738
1267.7700355482102,-72.54335824015307,-72.54335824015307
1267.7800355482102,-72.54598599788315,-72.54598599788315
1267.7900355482102,-72.54861848059292,-72.54861848059292
1267.8000355482102,-72.55125570953552,-72.55125570953552
1267.8100355482102,-72.55389770528572,-72.55389770528572
1267.8200355482102,-72.55654448778627,-72.55654448778627
1267.8300355482102,-72.55919607631361,-72.55919607631361
1267.8400355482102,-72.56185248951363,-72.56185248951363
1267.8500355482101,-72.56451374540298,-72.56451374540298
1267.8600355482101,-72.5671798613719,-72.5671798613719
1267.8700355482101,-72.56985085421623,-72.56985085421623
1267.8800355482101,-72.57252674012686,-72.57252674012686
1267.89003554821,-72.57520753468145,-72.57520753468145
1267.90003554821,-72.57789325289768,-72.57789325289768
1267.91003554821,-72.58058390920522,-72.58058390920522
1267.92003554821,-72.58327951746696,-72.58327951746696
1267.93003554821,-72.58598009099147,-72.58598009099147
1267.94003554821,-72.5886856425335,-72.5886856425335
1267.95003554821,-72.5913961843081,-72.5913961843081
1267.96003554821,-72.59411172798737,-72.59411172798737
1267.97003554821,-72.59683228472743,-72.59683228472743
1267.9800355482103,-72.59955786516677,-72.59955786516677
1267.9900355482102,-72.60228847941957,-72.60228847941957
1268.0000355482102,-72.6050241371058,-72.6050241371058
1268.0100355482102,-72.60776484735116,-72.60776484735116
1268.0200355482102,-72.61051061879209,-72.61051061879209
1268.0300355482102,-72.61326145958228,-72.61326145958228
1268.0400355482102,-72.61601737739949,-72.61601737739949
1268.0500355482102,-72.61877837946825,-72.61877837946825
1268.0600355482102,-72.62154447254028,-72.62154447254028
1268.0700355482102,-72.62431566291409,-72.62431566291409
1268.0800355482102,-72.62709195646077,-72.62709195646077
1268.0900355482102,-72.62987335859337,-72.62987335859337
1268.1000355482101,-72.63265987430354,-72.63265987430354
1268.1100355482101,-72.6354515081546,-72.6354515081546
1268.1200355482101,-72.63824826429625,-72.63824826429625
1268.1300355482101,-72.64105014646628,-72.64105014646628
1268.14003554821,-72.6438571579926,-72.6438571579926
1268.15003554821,-72.6466693018161,-72.6466693018161
1268.16003554821,-72.64948658046745,-72.64948658046745
1268.17003554821,-72.65230899610131,-72.65230899610131
1268.18003554821,-72.65513655049273,-72.65513655049273
1268.19003554821,-72.65796924504244,-72.65796924504244
1268.200035572052,-72.66080708754552,-72.66080708754552
1268.210035572052,-72.66365006517542,-72.66365006517542
1268.220035572052,-72.66649818496816,-72.66649818496816
1268.230035572052,-72.66935144690083,-72.66935144690083
1268.240035572052,-72.67220985058346,-72.67220985058346
1268.250035572052,-72.67507339529638,-72.67507339529638
1268.260035572052,-72.67794207998718,-72.67794207998718
1268.270035572052,-72.68081590327294,-72.68081590327294
1268.280035572052,-72.683694863446,-72.683694863446
1268.290035572052,-72.68657895847949,-72.68657895847949
1268.300035572052,-72.68946818603767,-72.68946818603767
1268.310035572052,-72.6923625434809,-72.6923625434809
1268.320035572052,-72.69526202785377,-72.69526202785377
1268.330035572052,-72.69816663591469,-72.69816663591469
1268.340035572052,-72.70107636413125,-72.70107636413125
1268.350035572052,-72.70399120867242,-72.70399120867242
1268.360035572052,-72.70691116543871,-72.70691116543871
1268.370035572052,-72.7098362300341,-72.7098362300341
1268.380035572052,-72.7127663978114,-72.7127663978114
1268.390035572052,-72.71570166383948,-72.71570166383948
1268.400035572052,-72.71864202292811,-72.71864202292811
1268.410035572052,-72.72158746961958,-72.72158746961958
1268.420035572052,-72.72453799821844,-72.72453799821844
1268.430035572052,-72.72749360275627,-72.72749360275627
1268.440035572052,-72.73045427703146,-72.73045427703146
1268.450035572052,-72.73342001460028,-72.73342001460028
1268.460035572052,-72.73639080877938,-72.73639080877938
1268.470035572052,-72.73936665264961,-72.73936665264961
1268.480035572052,-72.74234753905506,-72.74234753905506
1268.490035572052,-72.7453334606331,-72.7453334606331
1268.500035572052,-72.74832440978207,-72.74832440978207
1268.510035572052,-72.75132037868195,-72.75132037868195
1268.520035572052,-72.75432135930785,-72.75432135930785
1268.530035572052,-72.75732734342095,-72.75732734342095
1268.540035572052,-72.76033832257396,-72.76033832257396
1268.550035572052,-72.76335428811595,-72.76335428811595
1268.560035572052,-72.76637523119835,-72.76637523119835
1268.570035572052,-72.76940114277187,-72.76940114277187
1268.580035572052,-72.7724320136052,-72.7724320136052
1268.590035572052,-72.77546783426737,-72.77546783426737
1268.600035572052,-72.77850859514872,-72.77850859514872
1268.610035572052,-72.78155428645249,-72.78155428645249
1268.620035572052,-72.78460489820722,-72.78460489820722
1268.630035572052,-72.7876604202684,-72.7876604202684
1268.640035572052,-72.7907208423114,-72.7907208423114
1268.650035572052,-72.79378615385014,-72.79378615385014
1268.660035572052,-72.79685634422623,-72.79685634422623
1268.670035572052,-72.79993140262343,-72.79993140262343
1268.680035572052,-72.8030113180575,-72.8030113180575
1268.690035572052,-72.80609607939529,-72.80609607939529
1268.700035572052,-72.8091856753572,-72.8091856753572
1268.710035572052,-72.81227374354266,-72.81227374354266
1268.720035572052,-72.81535748912725,-72.81535748912725
1268.730035572052,-72.81843554338704,-72.81843554338704
1268.740035572052,-72.82150719760094,-72.82150719760094
1268.750035572052,-72.82457211074465,-72.82457211074465
1268.760035572052,-72.82763015771826,-72.82763015771826
1268.770035572052,-72.83068134041008,-72.83068134041008
1268.780035572052,-72.83372573427438,-72.83372573427438
1268.790035572052,-72.83676345619162,-72.83676345619162
1268.800035572052,-72.83979464521421,-72.83979464521421
1268.810035572052,-72.84281945104522,-72.84281945104522
1268.820035572052,-72.84583802730599,-72.84583802730599
1268.830035572052,-72.84885052763637,-72.84885052763637
1268.840035572052,-72.85185710358881,-72.85185710358881
1268.850035572052,-72.85485790353283,-72.85485790353283
1268.860035572052,-72.85785307221687,-72.85785307221687
1268.870035572052,-72.8608427507063,-72.8608427507063
1268.880035572052,-72.86382707651003,-72.86382707651003
1268.890035572052,-72.86680618381041,-72.86680618381041
1268.900035572052,-72.86978020373445,-72.86978020373445
1268.910035572052,-72.87274926464214,-72.87274926464214
1268.920035572052,-72.87571349240633,-72.87571349240633
1268.930035572052,-72.87867301065104,-72.87867301065104
1268.940035572052,-72.88162794098751,-72.88162794098751
1268.950035572052,-72.88457840319646,-72.88457840319646
1268.960035572052,-72.88752451540873,-72.88752451540873
1268.970035572052,-72.89046639424542,-72.89046639424542
1268.980035572052,-72.89340415493088,-72.89340415493088
1268.990035572052,-72.89633791139703,-72.89633791139703
1269.000035572052,-72.89926777637167,-72.89926777637167
1269.010035572052,-72.90219386144825,-72.90219386144825
1269.020035572052,-72.90511627714285,-72.90511627714285
1269.030035572052,-72.90803513291567,-72.90803513291567
1269.040035572052,-72.9109505372174,-72.9109505372174
1269.0500355958939,-72.91386260447828,-72.91386260447828
1269.0600355958939,-72.91677142733981,-72.91677142733981
1269.0700355958938,-72.91967711832007,-72.91967711832007
1269.0800355958938,-72.92257978205721,-72.92257978205721
1269.0900355958938,-72.92547952225314,-72.92547952225314
1269.1000355958938,-72.92837644170585,-72.92837644170585
1269.1100355958938,-72.93127064226454,-72.93127064226454
1269.1200355958938,-72.93416222486131,-72.93416222486131
1269.1300355958938,-72.93705128949395,-72.93705128949395
1269.1400355958938,-72.93993793522732,-72.93993793522732
1269.1500355958938,-72.94282226017633,-72.94282226017633
1269.1600355958938,-72.94570436151109,-72.94570436151109
1269.1700355958938,-72.94858433545248,-72.94858433545248
1269.180035595894,-72.9514622772573,-72.9514622772573
1269.190035595894,-72.95433828121976,-72.95433828121976
1269.200035595894,-72.95721244065282,-72.95721244065282
1269.210035595894,-72.96007848417898,-72.96007848417898
1269.220035595894,-72.96293371439384,-72.96293371439384
1269.230035595894,-72.96577686200193,-72.96577686200193
1269.240035595894,-72.96860731824754,-72.96860731824754
1269.250035595894,-72.97142484195095,-72.97142484195095
1269.260035595894,-72.97422940747266,-72.97422940747266
1269.270035595894,-72.97702111556154,-72.97702111556154
1269.2800355958939,-72.97980013984328,-72.97980013984328
1269.2900355958939,-72.9825666946071,-72.9825666946071
1269.3000355958939,-72.98532101547426,-72.98532101547426
1269.3100355958939,-72.98806334790949,-72.98806334790949
1269.3200355958938,-72.99079394041804,-72.99079394041804
1269.3300355958938,-72.99351304064638,-72.99351304064638
1269.3400355958938,-72.99622089325649,-72.99622089325649
1269.3500355958938,-72.99891773882744,-72.99891773882744
1269.3600355958938,-73.00160381342748,-73.00160381342748
1269.3700355958938,-73.00427934852826,-73.00427934852826
1269.3800355958938,-73.0069445711158,-73.0069445711158
1269.3900355958938,-73.00959970394398,-73.00959970394398
1269.4000355958938,-73.01224496579013,-73.01224496579013
1269.4100355958938,-73.01488057174005,-73.01488057174005
1269.4200355958938,-73.0175067334733,-73.0175067334733
1269.430035595894,-73.02012365949147,-73.02012365949147
1269.440035595894,-73.02273155535893,-73.02273155535893
1269.450035595894,-73.02533062388564,-73.02533062388564
1269.460035595894,-73.02792106531474,-73.02792106531474
1269.470035595894,-73.03050307743896,-73.03050307743896
1269.480035595894,-73.03307685575429,-73.03307685575429
1269.490035595894,-73.03564259354386,-73.03564259354386
1269.500035595894,-73.03820048195463,-73.03820048195463
1269.510035595894,-73.04075071009753,-73.04075071009753
1269.520035595894,-73.04329346507895,-73.04329346507895
1269.5300355958939,-73.04582893205792,-73.04582893205792
1269.5400355958939,-73.04835729428262,-73.04835729428262
1269.5500355958939,-73.05087873312571,-73.05087873312571
1269.5600355958939,-73.0533934280993,-73.0533934280993
1269.5700355958938,-73.05590155688007,-73.05590155688007
1269.5800355958938,-73.0584032953254,-73.0584032953254
1269.5900355958938,-73.06089881746803,-73.06089881746803
1269.6000355958938,-73.06338829554895,-73.06338829554895
1269.6100355958938,-73.06587190000593,-73.06587190000593
1269.6200355958938,-73.06834979948029,-73.06834979948029
1269.6300355958938,-73.07082216082541,-73.07082216082541
1269.6400355958938,-73.07328914910275,-73.07328914910275
1269.6500355958938,-73.07575092758212,-73.07575092758212
1269.6600355958938,-73.07820765774117,-73.07820765774117
1269.6700355958938,-73.0806594992698,-73.0806594992698
1269.680035595894,-73.08310661007559,-73.08310661007559
1269.690035595894,-73.08554914625981,-73.08554914625981
1269.700035595894,-73.08798726214762,-73.08798726214762
1269.710035595894,-73.09042111027648,-73.09042111027648
1269.720035595894,-73.09285084137481,-73.09285084137481
1269.730035595894,-73.0952766043977,-73.0952766043977
1269.740035595894,-73.09769854651194,-73.09769854651194
1269.750035595894,-73.10011681308823,-73.10011681308823
1269.760035595894,-73.10253154772516,-73.10253154772516
1269.770035595894,-73.10494289223591,-73.10494289223591
1269.7800355958939,-73.10735098666247,-73.10735098666247
1269.7900355958939,-73.10975596926203,-73.10975596926203
1269.8000355958939,-73.11215797653375,-73.11215797653375
1269.8100355958939,-73.11455714320668,-73.11455714320668
1269.8200355958938,-73.11695360224586,-73.11695360224586
1269.8300355958938,-73.1193474848638,-73.1193474848638
1269.8400355958938,-73.12173892053812,-73.12173892053812
1269.8500355958938,-73.12412803699567,-73.12412803699567
1269.8600355958938,-73.12651496024188,-73.12651496024188
1269.8700355958938,-73.12889981454558,-73.12889981454558
1269.8800355958938,-73.13128272246541,-73.13128272246541
1269.8900355958938,-73.1336638048503,-73.1336638048503
1269.9000356197357,-73.13604318651645,-73.13604318651645
1269.9100356197357,-73.13842097359569,-73.13842097359569
1269.9200356197357,-73.14079728753738,-73.14079728753738
1269.9300356197357,-73.14317224245657,-73.14317224245657
1269.9400356197357,-73.1455459508111,-73.1455459508111
1269.9500356197357,-73.14791852342067,-73.14791852342067
1269.9600356197357,-73.15028369002314,-73.15028369002314
1269.9700356197357,-73.15263876314636,-73.15263876314636
1269.9800356197356,-73.1549824865924,-73.1549824865924
1269.9900356197356,-73.15731426580052,-73.15731426580052
1270.0000356197356,-73.15963387419474,-73.15963387419474
1270.0100356197356,-73.16194130071187,-73.16194130071187
1270.0200356197356,-73.16423666045138,-73.16423666045138
1270.0300356197358,-73.1665201410046,-73.1665201410046
1270.0400356197358,-73.16879197019148,-73.16879197019148
1270.0500356197358,-73.17105239669588,-73.17105239669588
1270.0600356197358,-73.17330167852262,-73.17330167852262
1270.0700356197358,-73.17554007622324,-73.17554007622324
1270.0800356197358,-73.1777678490144,-73.1777678490144
1270.0900356197358,-73.17998525262232,-73.17998525262232
1270.1000356197358,-73.18219253825195,-73.18219253825195
1270.1100356197358,-73.18438995212331,-73.18438995212331
1270.1200356197357,-73.18657773541146,-73.18657773541146
1270.1300356197357,-73.18875612440733,-73.18875612440733
1270.1400356197357,-73.1909253507288,-73.1909253507288
1270.1500356197357,-73.19308564165742,-73.19308564165742
1270.1600356197357,-73.1952372203907,-73.1952372203907
1270.1700356197357,-73.19738030634366,-73.19738030634366
1270.1800356197357,-73.19951511542334,-73.19951511542334
1270.1900356197357,-73.20164186024239,-73.20164186024239
1270.2000356197357,-73.20376075036522,-73.20376075036522
1270.2100356197357,-73.20587199243812,-73.20587199243812
1270.2200356197357,-73.2079757903928,-73.2079757903928
1270.2300356197356,-73.21007234554345,-73.21007234554345
1270.2400356197356,-73.21216185672945,-73.21216185672945
1270.2500356197356,-73.21424452039257,-73.21424452039257
1270.2600356197356,-73.21632053066583,-73.21632053066583
1270.2700356197356,-73.21839007942043,-73.21839007942043
1270.2800356197358,-73.22045335636425,-73.22045335636425
1270.2900356197358,-73.22251054905443,-73.22251054905443
1270.3000356197358,-73.22456184294305,-73.22456184294305
1270.3100356197358,-73.22660742140843,-73.22660742140843
1270.3200356197358,-73.22864746579515,-73.22864746579515
1270.3300356197358,-73.23068215542337,-73.23068215542337
1270.3400356197358,-73.23271166760105,-73.23271166760105
1270.3500356197358,-73.2347361776558,-73.2347361776558
1270.3600356197358,-73.23675585893609,-73.23675585893609
1270.3700356197357,-73.23877088282973,-73.23877088282973
1270.3800356197357,-73.24078141876109,-73.24078141876109
1270.3900356197357,-73.24278763419852,-73.24278763419852
1270.4000356197357,-73.24478969468377,-73.24478969468377
1270.4100356197357,-73.24678776381568,-73.24678776381568
1270.4200356197357,-73.24878200325573,-73.24878200325573
1270.4300356197357,-73.25077257273414,-73.25077257273414
1270.4400356197357,-73.2527596300722,-73.2527596300722
1270.4500356197357,-73.2547433311608,-73.2547433311608
1270.4600356197357,-73.25672382998962,-73.25672382998962
1270.4700356197357,-73.25870127863587,-73.25870127863587
1270.4800356197356,-73.26067582727804,-73.26067582727804
1270.4900356197356,-73.26264762418921,-73.26264762418921
1270.5000356197356,-73.26461681576205,-73.26461681576205
1270.5100356197356,-73.26658354649821,-73.26658354649821
1270.5200356197356,-73.26854795901195,-73.26854795901195
1270.5300356197358,-73.27051019407226,-73.27051019407226
1270.5400356197358,-73.27247039054976,-73.27247039054976
1270.5500356197358,-73.2744286854903,-73.2744286854903
1270.5600356197358,-73.27638521407685,-73.27638521407685
1270.5700356197358,-73.27834010963406,-73.27834010963406
1270.5800356197358,-73.28029350369336,-73.28029350369336
1270.5900356197358,-73.28224552593491,-73.28224552593491
1270.6000356197358,-73.28419630423859,-73.28419630423859
1270.6100356197358,-73.28614596467406,-73.28614596467406
1270.6200356197357,-73.28809463153017,-73.28809463153017
1270.6300356197357,-73.29004242730356,-73.29004242730356
1270.6400356197357,-73.2919894727345,-73.2919894727345
1270.6500356197357,-73.29393588679704,-73.29393588679704
1270.6600356197357,-73.29588178670727,-73.29588178670727
1270.6700356197357,-73.29782728796964,-73.29782728796964
1270.6800356197357,-73.29977250434534,-73.29977250434534
1270.6900356197357,-73.30171754790439,-73.30171754790439
1270.7000356197357,-73.30366252900616,-73.30366252900616
1270.7100356197357,-73.30560755633155,-73.30560755633155
1270.7200356197357,-73.3075527368883,-73.3075527368883
1270.7300356197356,-73.3094981760363,-73.3094981760363
1270.7400356197356,-73.31144397748477,-73.31144397748477
1270.7500356435776,-73.31339024794637,-73.31339024794637
1270.7600356435776,-73.31533707864082,-73.31533707864082
1270.7700356435776,-73.31728457304163,-73.31728457304163
1270.7800356435775,-73.3192328284431,-73.3192328284431
1270.7900356435775,-73.32118194055471,-73.32118194055471
1270.8000356435775,-73.32313200352989,-73.32313200352989
1270.8100356435775,-73.32508310997912,-73.32508310997912
1270.8200356435775,-73.32703535098828,-73.32703535098828
1270.8300356435775,-73.32898881612728,-73.32898881612728
1270.8400356435775,-73.33094359347189,-73.33094359347189
1270.8500356435775,-73.332899769614,-73.332899769614
1270.8600356435775,-73.3348574296864,-73.3348574296864
1270.8700356435775,-73.33681665736509,-73.33681665736509
1270.8800356435777,-73.33877753488696,-73.33877753488696
1270.8900356435777,-73.34074014306609,-73.34074014306609
1270.9000356435777,-73.34270456131732,-73.34270456131732
1270.9100356435777,-73.34467086766807,-73.34467086766807
1270.9200356435776,-73.3466391387615,-73.3466391387615
1270.9300356435776,-73.34860944987625,-73.34860944987625
1270.9400356435776,-73.3505818749648,-73.3505818749648
1270.9500356435776,-73.35255648663846,-73.35255648663846
1270.9600356435776,-73.35453335618516,-73.35453335618516
1270.9700356435776,-73.35651255361871,-73.35651255361871
1270.9800356435776,-73.35849414763508,-73.35849414763508
1270.9900356435776,-73.36047820569665,-73.36047820569665
1271.0000356435776,-73.36246479398739,-73.36246479398739
1271.0100356435776,-73.36445397746368,-73.36445397746368
1271.0200356435776,-73.36644581985252,-73.36644581985252
1271.0300356435775,-73.36844038367005,-73.36844038367005
1271.0400356435775,-73.37043773023777,-73.37043773023777
1271.0500356435775,-73.37243791970641,-73.37243791970641
1271.0600356435775,-73.37444101104917,-73.37444101104917
1271.0700356435775,-73.37644706209501,-73.37644706209501
1271.0800356435775,-73.37845612953191,-73.37845612953191
1271.0900356435775,-73.38046826893515,-73.38046826893515
1271.1000356435775,-73.38248353475537,-73.38248353475537
1271.1100356435775,-73.3845019803615,-73.3845019803615
1271.1200356435775,-73.38652365804089,-73.38652365804089
1271.1300356435777,-73.38854861900774,-73.38854861900774
1271.1400356435777,-73.39057691343534,-73.39057691343534
1271.1500356435777,-73.39260859044485,-73.39260859044485
1271.1600356435777,-73.39464369814287,-73.39464369814287
1271.1700356435776,-73.39668228361501,-73.39668228361501
1271.1800356435776,-73.39872439296096,-73.39872439296096
1271.1900356435776,-73.40077007128492,-73.40077007128492
1271.2000356435776,-73.40281936271204,-73.40281936271204
1271.2100356435776,-73.40487231042965,-73.40487231042965
1271.2200356435776,-73.40692895666865,-73.40692895666865
1271.2300356435776,-73.40898934270625,-73.40898934270625
1271.2400356435776,-73.41105350893145,-73.41105350893145
1271.2500356435776,-73.41312149481149,-73.41312149481149
1271.2600356435776,-73.41519333890466,-73.41519333890466
1271.2700356435776,-73.4172690789079,-73.4172690789079
1271.2800356435775,-73.41934875162951,-73.41934875162951
1271.2900356435775,-73.42143239302732,-73.42143239302732
1271.3000356435775,-73.4235200382002,-73.4235200382002
1271.3100356435775,-73.42561172142942,-73.42561172142942
1271.3200356435775,-73.42770747614463,-73.42770747614463
1271.3300356435775,-73.42980733499253,-73.42980733499253
1271.3400356435775,-73.43191132979726,-73.43191132979726
1271.3500356435775,-73.43401949160791,-73.43401949160791
1271.3600356435775,-73.43613185067171,-73.43613185067171
1271.3700356435775,-73.43824843649095,-73.43824843649095
1271.3800356435777,-73.44036927779734,-73.44036927779734
1271.3900356435777,-73.44249440259021,-73.44249440259021
1271.4000356435777,-73.44462383810544,-73.44462383810544
1271.4100356435777,-73.44675761088115,-73.44675761088115
1271.4200356435776,-73.44889574672538,-73.44889574672538
1271.4300356435776,-73.45103827074728,-73.45103827074728
1271.4400356435776,-73.45318520735842,-73.45318520735842
1271.4500356435776,-73.4553365802922,-73.4553365802922
1271.4600356435776,-73.4574860059118,-73.4574860059118
1271.4700356435776,-73.45963069965741,-73.45963069965741
1271.4800356435776,-73.46176931535472,-73.46176931535472
1271.4900356435776,-73.46390117229775,-73.46390117229775
1271.5000356435776,-73.46602596031826,-73.46602596031826
1271.5100356435776,-73.46814358663512,-73.46814358663512
1271.5200356435776,-73.47025408609993,-73.47025408609993
1271.5300356435775,-73.47235756729711,-73.47235756729711
1271.5400356435775,-73.47445418010318,-73.47445418010318
1271.5500356435775,-73.47654409624613,-73.47654409624613
1271.5600356435775,-73.47862749772442,-73.47862749772442
1271.5700356435775,-73.48070456995619,-73.48070456995619
1271.5800356435775,-73.48277549790504,-73.48277549790504
1271.5900356435775,-73.48484046392173,-73.48484046392173
1271.6000356674194,-73.48689965156534,-73.48689965156534
1271.6100356674194,-73.48895322554809,-73.48895322554809
1271.6200356674194,-73.49100136114421,-73.49100136114421
1271.6300356674194,-73.49304422464004,-73.49304422464004
1271.6400356674194,-73.49508197851839,-73.49508197851839
1271.6500356674194,-73.49711478173543,-73.49711478173543
1271.6600356674194,-73.49914279001136,-73.49914279001136
1271.6700356674194,-73.50116615612811,-73.50116615612811
1271.6800356674194,-73.50318503018124,-73.50318503018124
1271.6900356674194,-73.50519955979392,-73.50519955979392
1271.7000356674193,-73.5072098903523,-73.5072098903523
1271.7100356674193,-73.50921616516146,-73.50921616516146
1271.7200356674193,-73.51121852560584,-73.51121852560584
1271.7300356674195,-73.51321711126809,-73.51321711126809
1271.7400356674195,-73.5152120600422,-73.5152120600422
1271.7500356674195,-73.51720350822862,-73.51720350822862
1271.7600356674195,-73.51919159060468,-73.51919159060468
1271.7700356674195,-73.52117644047247,-73.52117644047247
1271.7800356674195,-73.52315818972912,-73.52315818972912
1271.7900356674195,-73.52513696889586,-73.52513696889586
1271.8000356674195,-73.52711290715685,-73.52711290715685
1271.8100356674195,-73.52908613237733,-73.52908613237733
1271.8200356674195,-73.5310567711246,-73.5310567711246
1271.8300356674195,-73.53302494868153,-73.53302494868153
1271.8400356674194,-73.53499078906187,-73.53499078906187
1271.8500356674194,-73.53695441501033,-73.53695441501033
1271.8600356674194,-73.53891594803264,-73.53891594803264
1271.8700356674194,-73.54087550835001,-73.54087550835001
1271.8800356674194,-73.54283321494542,-73.54283321494542
1271.8900356674194,-73.54478918555544,-73.54478918555544
1271.9000356674194,-73.54674353664205,-73.54674353664205
1271.9100356674194,-73.5486963834162,-73.5486963834162
1271.9200356674194,-73.55064783984788,-73.55064783984788
1271.9300356674194,-73.55259801862022,-73.55259801862022
1271.9400356674194,-73.55454703117289,-73.55454703117289
1271.9500356674193,-73.55649498766286,-73.55649498766286
1271.9600356674193,-73.55844199698325,-73.55844199698325
1271.9700356674193,-73.56038816675739,-73.56038816675739
1271.9800356674195,-73.56233360333202,-73.56233360333202
1271.9900356674195,-73.56427841178534,-73.56427841178534
1272.0000356674195,-73.56622269590495,-73.56622269590495
1272.0100356674195,-73.56816655820818,-73.56816655820818
1272.0200356674195,-73.57011009991992,-73.57011009991992
1272.0300356674195,-73.57205342100839,-73.57205342100839
1272.0400356674195,-73.57399662013941,-73.57399662013941
1272.0500356674195,-73.57593979470911,-73.57593979470911
1272.0600356674195,-73.5778830408401,-73.5778830408401
1272.0700356674195,-73.57982645336139,-73.57982645336139
1272.0800356674195,-73.58177012584467,-73.58177012584467
1272.0900356674194,-73.5837141505678,-73.5837141505678
1272.1000356674194,-73.58565861856077,-73.58565861856077
1272.1100356674194,-73.5876036195614,-73.5876036195614
1272.1200356674194,-73.58954924206705,-73.58954924206705
1272.1300356674194,-73.59149557330265,-73.59149557330265
1272.1400356674194,-73.59344269923879,-73.59344269923879
1272.1500356674194,-73.59539070459748,-73.59539070459748
1272.1600356674194,-73.59733967285713,-73.59733967285713
1272.1700356674194,-73.59928968624602,-73.59928968624602
1272.1800356674194,-73.60124082577013,-73.60124082577013
1272.1900356674194,-73.60319317119911,-73.60319317119911
1272.2000356674193,-73.60514680108717,-73.60514680108717
1272.2100356674193,-73.60710179276815,-73.60710179276815
1272.2200356674193,-73.60905822237925,-73.60905822237925
1272.2300356674195,-73.61101616483977,-73.61101616483977
1272.2400356674195,-73.61297569390058,-73.61297569390058
1272.2500356674195,-73.61493688210021,-73.61493688210021
1272.2600356674195,-73.6168998008166,-73.6168998008166
1272.2700356674195,-73.61886452026245,-73.61886452026245
1272.2800356674195,-73.62083110948775,-73.62083110948775
1272.2900356674195,-73.6227996363865,-73.6227996363865
1272.3000356674195,-73.62477016771638,-73.62477016771638
1272.3100356674195,-73.62674276909746,-73.62674276909746
1272.3200356674195,-73.6287175050382,-73.6287175050382
1272.3300356674195,-73.63069443891845,-73.63069443891845
1272.3400356674194,-73.63267363302666,-73.63267363302666
1272.3500356674194,-73.63465514854832,-73.63465514854832
1272.3600356674194,-73.636639045582,-73.636639045582
1272.3700356674194,-73.63862538315685,-73.63862538315685
1272.3800356674194,-73.6406142192331,-73.6406142192331
1272.3900356674194,-73.64260561072922,-73.64260561072922
1272.4000356674194,-73.64459961350197,-73.64459961350197
1272.4100356674194,-73.64659628238482,-73.64659628238482
1272.4200356674194,-73.64859567117892,-73.64859567117892
1272.4300356674194,-73.65059783267577,-73.65059783267577
1272.4400356674194,-73.652602818668,-73.652602818668
1272.4500356912613,-73.65461068473671,-73.65461068473671
1272.4600356912613,-73.6566214711423,-73.6566214711423
1272.4700356912613,-73.65863523148171,-73.65863523148171
1272.4800356912613,-73.66065201365083,-73.66065201365083
1272.4900356912613,-73.66267186457154,-73.66267186457154
1272.5000356912612,-73.6646948302364,-73.6646948302364
1272.5100356912612,-73.66672095570306,-73.66672095570306
1272.5200356912612,-73.66875028511198,-73.66875028511198
1272.5300356912612,-73.67078286169502,-73.67078286169502
1272.5400356912612,-73.67281872778513,-73.67281872778513
1272.5500356912612,-73.67485792481658,-73.67485792481658
1272.5600356912612,-73.67690049336886,-73.67690049336886
1272.5700356912612,-73.67894647313743,-73.67894647313743
1272.5800356912614,-73.68099590296994,-73.68099590296994
1272.5900356912614,-73.68304882086026,-73.68304882086026
1272.6000356912614,-73.68510526397196,-73.68510526397196
1272.6100356912614,-73.68716526863167,-73.68716526863167
1272.6200356912614,-73.68922887035887,-73.68922887035887
1272.6300356912614,-73.69129610387185,-73.69129610387185
1272.6400356912613,-73.6933670030856,-73.6933670030856
1272.6500356912613,-73.6954416011407,-73.6954416011407
1272.6600356912613,-73.69751993038379,-73.69751993038379
1272.6700356912613,-73.69960202241228,-73.69960202241228
1272.6800356912613,-73.7016879080532,-73.7016879080532
1272.6900356912613,-73.70377761741013,-73.70377761741013
1272.7000356912613,-73.70587117982167,-73.70587117982167
1272.7100356912613,-73.70796219464586,-73.70796219464586
1272.7200356912613,-73.71004787255916,-73.71004787255916
1272.7300356912613,-73.71212686754208,-73.71212686754208
1272.7400356912613,-73.71419850130012,-73.71419850130012
1272.7500356912612,-73.71626246731024,-73.71626246731024
1272.7600356912612,-73.71831867716432,-73.71831867716432
1272.7700356912612,-73.72036717050689,-73.72036717050689
1272.7800356912612,-73.72240806094365,-73.72240806094365
1272.7900356912612,-73.72444150350437,-73.72444150350437
1272.8000356912612,-73.72646767512127,-73.72646767512127
1272.8100356912612,-73.72848676302348,-73.72848676302348
1272.8200356912612,-73.73049895785825,-73.73049895785825
1272.8300356912614,-73.73250444978504,-73.73250444978504
1272.8400356912614,-73.73450342632572,-73.73450342632572
1272.8500356912614,-73.73649607127084,-73.73649607127084
1272.8600356912614,-73.73848256426507,-73.73848256426507
1272.8700356912614,-73.7404630807138,-73.7404630807138
1272.8800356912614,-73.74243779192864,-73.74243779192864
1272.8900356912613,-73.74440686535645,-73.74440686535645
1272.9000356912613,-73.74637046489939,-73.74637046489939
1272.9100356912613,-73.74832875117157,-73.74832875117157
1272.9200356912613,-73.75028188180615,-73.75028188180615
1272.9300356912613,-73.75223001169566,-73.75223001169566
1272.9400356912613,-73.75417329324385,-73.75417329324385
1272.9500356912613,-73.75611187655895,-73.75611187655895
1272.9600356912613,-73.75804590962841,-73.75804590962841
1272.9700356912613,-73.75997553846982,-73.75997553846982
1272.9800356912613,-73.76190090727746,-73.76190090727746
1272.9900356912613,-73.76382215850434,-73.76382215850434
1273.0000356912612,-73.7657394329728,-73.7657394329728
1273.0100356912612,-73.76765286991731,-73.76765286991731
1273.0200356912612,-73.76956260709252,-73.76956260709252
1273.0300356912612,-73.77146878078199,-73.77146878078199
1273.0400356912612,-73.77337152586338,-73.77337152586338
1273.0500356912612,-73.77527097582534,-73.77527097582534
1273.0600356912612,-73.77716726280192,-73.77716726280192
1273.0700356912612,-73.77906051758875,-73.77906051758875
1273.0800356912614,-73.78095086965669,-73.78095086965669
1273.0900356912614,-73.782838447168,-73.782838447168
1273.1000356912614,-73.78472337697562,-73.78472337697562
1273.1100356912614,-73.78660578463473,-73.78660578463473
1273.1200356912614,-73.78848579440861,-73.78848579440861
1273.1300356912614,-73.79036352926612,-73.79036352926612
1273.1400356912613,-73.79223911087956,-73.79223911087956
1273.1500356912613,-73.79411265961895,-73.79411265961895
1273.1600356912613,-73.79598429456921,-73.79598429456921
1273.1700356912613,-73.79785413351438,-73.79785413351438
1273.1800356912613,-73.79972229294451,-73.79972229294451
1273.1900356912613,-73.80158888802671,-73.80158888802671
1273.2000356912613,-73.80345403263796,-73.80345403263796
1273.2100356912613,-73.80531783934477,-73.80531783934477
1273.2200356912613,-73.80718041940169,-73.80718041940169
1273.2300356912613,-73.80904188275963,-73.80904188275963
1273.2400356912613,-73.81090233804323,-73.81090233804323
1273.2500356912612,-73.81276189257522,-73.81276189257522
1273.2600356912612,-73.81462065235593,-73.81462065235593
1273.2700356912612,-73.81647872206423,-73.81647872206423
1273.2800356912612,-73.81833620506875,-73.81833620506875
1273.2900356912612,-73.82019320342008,-73.82019320342008
1273.3000357151031,-73.82204982228585,-73.82204982228585
1273.3100357151031,-73.8239061522397,-73.8239061522397
1273.3200357151031,-73.8257622958082,-73.8257622958082
1273.3300357151031,-73.8276183497941,-73.8276183497941
1273.340035715103,-73.82947440969421,-73.82947440969421
1273.350035715103,-73.83133056968741,-73.83133056968741
1273.360035715103,-73.83318692267468,-73.83318692267468
1273.370035715103,-73.83504356022902,-73.83504356022902
1273.380035715103,-73.83690057265622,-73.83690057265622
1273.390035715103,-73.83875804896527,-73.83875804896527
1273.400035715103,-73.84061607688368,-73.84061607688368
1273.410035715103,-73.84247474285611,-73.84247474285611
1273.420035715103,-73.8443341320595,-73.8443341320595
1273.4300357151033,-73.84619432840225,-73.84619432840225
1273.4400357151032,-73.84805541454682,-73.84805541454682
1273.4500357151032,-73.84991747188188,-73.84991747188188
1273.4600357151032,-73.85177413897456,-73.85177413897456
1273.4700357151032,-73.85362267232351,-73.85362267232351
1273.4800357151032,-73.85546177402847,-73.85546177402847
1273.4900357151032,-73.85729081469547,-73.85729081469547
1273.5000357151032,-73.85910953691939,-73.85910953691939
1273.5100357151032,-73.86091790130322,-73.86091790130322
1273.5200357151032,-73.86271599624116,-73.86271599624116
1273.5300357151032,-73.86450398371346,-73.86450398371346
1273.5400357151032,-73.86628206669339,-73.86628206669339
1273.5500357151031,-73.8680504695843,-73.8680504695843
1273.5600357151031,-73.86980942657586,-73.86980942657586
1273.5700357151031,-73.8715591747799,-73.8715591747799
1273.5800357151031,-73.87329995028786,-73.87329995028786
1273.590035715103,-73.87503198604999,-73.87503198604999
1273.600035715103,-73.8767555107543,-73.8767555107543
1273.610035715103,-73.87847074840617,-73.87847074840617
1273.620035715103,-73.88017791827018,-73.88017791827018
1273.630035715103,-73.88187723498002,-73.88187723498002
1273.640035715103,-73.8835689087993,-73.8835689087993
1273.650035715103,-73.88525314591587,-73.88525314591587
1273.660035715103,-73.88693014872139,-73.88693014872139
1273.670035715103,-73.88860011611801,-73.88860011611801
1273.6800357151033,-73.89026324375267,-73.89026324375267
1273.6900357151032,-73.89191972428239,-73.89191972428239
1273.7000357151032,-73.89356974755674,-73.89356974755674
1273.7100357151032,-73.89521350080419,-73.89521350080419
1273.7200357151032,-73.89685116880611,-73.89685116880611
1273.7300357151032,-73.89848293399778,-73.89848293399778
1273.7400357151032,-73.90010897660213,-73.90010897660213
1273.7500357151032,-73.90172947470873,-73.90172947470873
1273.7600357151032,-73.9033446043589,-73.9033446043589
1273.7700357151032,-73.90495453961428,-73.90495453961428
1273.7800357151032,-73.90655945259644,-73.90655945259644
1273.7900357151032,-73.90815951354564,-73.90815951354564
1273.8000357151031,-73.90975489084119,-73.90975489084119
1273.8100357151031,-73.91134575105924,-73.91134575105924
1273.8200357151031,-73.91293225895198,-73.91293225895198
1273.8300357151031,-73.91451457750019,-73.91451457750019
1273.840035715103,-73.91609286792972,-73.91609286792972
1273.850035715103,-73.91766728969817,-73.91766728969817
1273.860035715103,-73.91923800052952,-73.91923800052952
1273.870035715103,-73.92080515640623,-73.92080515640623
1273.880035715103,-73.92236891157799,-73.92236891157799
1273.890035715103,-73.9239294185665,-73.9239294185665
1273.900035715103,-73.92548682817434,-73.92548682817434
1273.910035715103,-73.92704128948496,-73.92704128948496
1273.920035715103,-73.92859294985391,-73.92859294985391
1273.9300357151033,-73.9301419549229,-73.9301419549229
1273.9400357151032,-73.93168844862532,-73.93168844862532
1273.9500357151032,-73.93323257317876,-73.93323257317876
1273.9600357151032,-73.93476802097032,-73.93476802097032
1273.9700357151032,-73.93629210608879,-73.93629210608879
1273.9800357151032,-73.93780358936925,-73.93780358936925
1273.9900357151032,-73.93930190042097,-73.93930190042097
1274.0000357151032,-73.94078684077411,-73.94078684077411
1274.0100357151032,-73.94225842971835,-73.94225842971835
1274.0200357151032,-73.94371681396127,-73.94371681396127
1274.0300357151032,-73.94516221337125,-73.94516221337125
1274.0400357151032,-73.94659488832238,-73.94659488832238
1274.0500357151031,-73.9480151201251,-73.9480151201251
1274.0600357151031,-73.9494231993439,-73.9494231993439
1274.0700357151031,-73.950819418929,-73.950819418929
1274.0800357151031,-73.95220407029203,-73.95220407029203
1274.090035715103,-73.95357744112181,-73.95357744112181
1274.100035715103,-73.95493981432054,-73.95493981432054
1274.110035715103,-73.95629146754108,-73.95629146754108
1274.120035715103,-73.9576326731316,-73.9576326731316
1274.130035715103,-73.95896369826795,-73.95896369826795
1274.140035715103,-73.96028480519605,-73.96028480519605
1274.150035738945,-73.96159625462496,-73.96159625462496
1274.160035738945,-73.96289829355118,-73.96289829355118
1274.170035738945,-73.96419117431249,-73.96419117431249
1274.180035738945,-73.96547514230237,-73.96547514230237
1274.190035738945,-73.96675043936033,-73.96675043936033
1274.200035738945,-73.96801730394675,-73.96801730394675
1274.210035738945,-73.96927597137086,-73.96927597137086
1274.220035738945,-73.97052667390437,-73.97052667390437
1274.230035738945,-73.97176964093786,-73.97176964093786
1274.240035738945,-73.97300509908803,-73.97300509908803
1274.250035738945,-73.97423327229622,-73.97423327229622
1274.260035738945,-73.97545438188946,-73.97545438188946
1274.270035738945,-73.97666864667303,-73.97666864667303
1274.2800357389451,-73.9778762829613,-73.9778762829613
1274.290035738945,-73.97907750464734,-73.97907750464734
1274.300035738945,-73.98027252321995,-73.98027252321995
1274.310035738945,-73.98146154780645,-73.98146154780645
1274.320035738945,-73.98264478520046,-73.98264478520046
1274.330035738945,-73.98382243988226,-73.98382243988226
1274.340035738945,-73.98499471401841,-73.98499471401841
1274.350035738945,-73.98616180751601,-73.98616180751601
1274.360035738945,-73.98732391798639,-73.98732391798639
1274.370035738945,-73.98848124080094,-73.98848124080094
1274.380035738945,-73.98963396907267,-73.98963396907267
1274.390035738945,-73.99078229366866,-73.99078229366866
1274.400035738945,-73.99192640322889,-73.99192640322889
1274.410035738945,-73.99306648414569,-73.99306648414569
1274.420035738945,-73.99420272060853,-73.99420272060853
1274.430035738945,-73.99533529457499,-73.99533529457499
1274.440035738945,-73.99646438579961,-73.99646438579961
1274.450035738945,-73.99759017181998,-73.99759017181998
1274.460035738945,-73.9987128279902,-73.9987128279902
1274.470035738945,-73.99983252745302,-73.99983252745302
1274.480035738945,-74.00094944117492,-74.00094944117492
1274.490035738945,-74.00206373793901,-74.00206373793901
1274.500035738945,-74.00317558435268,-74.00317558435268
1274.510035738945,-74.00428514485829,-74.00428514485829
1274.520035738945,-74.0053925817464,-74.0053925817464
1274.5300357389451,-74.00649805514648,-74.00649805514648
1274.540035738945,-74.00760172306354,-74.00760172306354
1274.550035738945,-74.00870374135914,-74.00870374135914
1274.560035738945,-74.00980426378497,-74.00980426378497
1274.570035738945,-74.010903441978,-74.010903441978
1274.580035738945,-74.01200142547859,-74.01200142547859
1274.590035738945,-74.01309836173297,-74.01309836173297
1274.600035738945,-74.01419439610858,-74.01419439610858
1274.610035738945,-74.015289671932,-74.015289671932
1274.620035738945,-74.01638433045473,-74.01638433045473
1274.630035738945,-74.01747851089789,-74.01747851089789
1274.640035738945,-74.0185723504646,-74.0185723504646
1274.650035738945,-74.01966598433248,-74.01966598433248
1274.660035738945,-74.0207595456983,-74.0207595456983
1274.670035738945,-74.02185316576687,-74.02185316576687
1274.680035738945,-74.0229469737798,-74.0229469737798
1274.690035738945,-74.02404109701713,-74.02404109701713
1274.700035738945,-74.02513566083228,-74.02513566083228
1274.710035738945,-74.026230788654,-74.026230788654
1274.720035738945,-74.0273266020051,-74.0273266020051
1274.730035738945,-74.02842322051004,-74.02842322051004
1274.740035738945,-74.02952076193237,-74.02952076193237
1274.750035738945,-74.03061934217057,-74.03061934217057
1274.760035738945,-74.0317190752805,-74.0317190752805
1274.770035738945,-74.03282007350347,-74.03282007350347
1274.7800357389451,-74.0339224472597,-74.0339224472597
1274.790035738945,-74.03502630519283,-74.03502630519283
1274.800035738945,-74.03613175416577,-74.03613175416577
1274.810035738945,-74.03723889929094,-74.03723889929094
1274.820035738945,-74.03834784394078,-74.03834784394078
1274.830035738945,-74.03945868975606,-74.03945868975606
1274.840035738945,-74.04057153669063,-74.04057153669063
1274.850035738945,-74.04168648299756,-74.04168648299756
1274.860035738945,-74.04280362527659,-74.04280362527659
1274.870035738945,-74.043923058463,-74.043923058463
1274.880035738945,-74.04504487586604,-74.04504487586604
1274.890035738945,-74.04616916918037,-74.04616916918037
1274.900035738945,-74.04729602850202,-74.04729602850202
1274.910035738945,-74.04842554233954,-74.04842554233954
1274.920035738945,-74.04955779765106,-74.04955779765106
1274.930035738945,-74.05069287984773,-74.05069287984773
1274.940035738945,-74.05183087279553,-74.05183087279553
1274.950035738945,-74.05297185887652,-74.05297185887652
1274.960035738945,-74.05411591896649,-74.05411591896649
1274.970035738945,-74.05526313246506,-74.05526313246506
1274.980035738945,-74.05641357732449,-74.05641357732449
1274.990035738945,-74.05756733004289,-74.05756733004289
1275.0000357627869,-74.05872446845684,-74.05872446845684
1275.0100357627869,-74.05988506075371,-74.05988506075371
1275.0200357627868,-74.06104918195379,-74.06104918195379
1275.0300357627868,-74.0622169029718,-74.0622169029718
1275.0400357627868,-74.06338829337669,-74.06338829337669
1275.0500357627868,-74.0645634213943,-74.0645634213943
1275.0600357627868,-74.0657423539119,-74.0657423539119
1275.0700357627868,-74.06692515652786,-74.06692515652786
1275.0800357627868,-74.06811189356202,-74.06811189356202
1275.0900357627868,-74.06930262803938,-74.06930262803938
1275.1000357627868,-74.0704974217424,-74.0704974217424
1275.1100357627868,-74.07169633521507,-74.07169633521507
1275.1200357627868,-74.07289942777598,-74.07289942777598
1275.130035762787,-74.0741067575225,-74.0741067575225
1275.140035762787,-74.0753183813831,-74.0753183813831
1275.150035762787,-74.07653435508634,-74.07653435508634
1275.160035762787,-74.07775473322275,-74.07775473322275
1275.170035762787,-74.07897956921575,-74.07897956921575
1275.180035762787,-74.08020891537365,-74.08020891537365
1275.190035762787,-74.0814428228791,-74.0814428228791
1275.200035762787,-74.08268134182096,-74.08268134182096
1275.210035762787,-74.08392452120358,-74.08392452120358
1275.220035762787,-74.08517240895017,-74.08517240895017
1275.2300357627869,-74.08642505194103,-74.08642505194103
1275.2400357627869,-74.08768249600149,-74.08768249600149
1275.2500357627869,-74.08894478593349,-74.08894478593349
1275.2600357627869,-74.09021196553084,-74.09021196553084
1275.2700357627868,-74.09148407757905,-74.09148407757905
1275.2800357627868,-74.09276116387672,-74.09276116387672
1275.2900357627868,-74.09404326526858,-74.09404326526858
1275.3000357627868,-74.095330421616,-74.095330421616
1275.3100357627868,-74.09662267184314,-74.09662267184314
1275.3200357627868,-74.09792005395008,-74.09792005395008
1275.3300357627868,-74.09922260500907,-74.09922260500907
1275.3400357627868,-74.10053036118698,-74.10053036118698
1275.3500357627868,-74.10184335776113,-74.10184335776113
1275.3600357627868,-74.10316162912045,-74.10316162912045
1275.3700357627868,-74.10448520878708,-74.10448520878708
1275.380035762787,-74.10581412943057,-74.10581412943057
1275.390035762787,-74.1071484228821,-74.1071484228821
1275.400035762787,-74.1084881201308,-74.1084881201308
1275.410035762787,-74.10983325134235,-74.10983325134235
1275.420035762787,-74.11118384588421,-74.11118384588421
1275.430035762787,-74.11253993232359,-74.11253993232359
1275.440035762787,-74.113901538447,-74.113901538447
1275.450035762787,-74.11526869125885,-74.11526869125885
1275.460035762787,-74.11664141700905,-74.11664141700905
1275.470035762787,-74.1180197411882,-74.1180197411882
1275.4800357627869,-74.11940368856187,-74.11940368856187
1275.4900357627869,-74.12079328313875,-74.12079328313875
1275.5000357627869,-74.1221885482368,-74.1221885482368
1275.5100357627869,-74.12358950644803,-74.12358950644803
1275.5200357627868,-74.12499617967059,-74.12499617967059
1275.5300357627868,-74.12640858912206,-74.12640858912206
1275.5400357627868,-74.12782675533498,-74.12782675533498
1275.5500357627868,-74.12925069817052,-74.12925069817052
1275.5600357627868,-74.13068043684102,-74.13068043684102
1275.5700357627868,-74.13211598990472,-74.13211598990472
1275.5800357627868,-74.13355737529507,-74.13355737529507
1275.5900357627868,-74.13500461029852,-74.13500461029852
1275.6000357627868,-74.13645771159212,-74.13645771159212
1275.6100357627868,-74.1379166952385,-74.1379166952385
1275.6200357627868,-74.13938157670783,-74.13938157670783
1275.630035762787,-74.14085237086749,-74.14085237086749
1275.640035762787,-74.14232909200037,-74.14232909200037
1275.650035762787,-74.14381175383028,-74.14381175383028
1275.660035762787,-74.14530036950815,-74.14530036950815
1275.670035762787,-74.14679495162925,-74.14679495162925
1275.680035762787,-74.14829551222928,-74.14829551222928
1275.690035762787,-74.1498020628175,-74.1498020628175
1275.700035762787,-74.1513146143641,-74.1513146143641
1275.710035762787,-74.15282670946124,-74.15282670946124
1275.720035762787,-74.15433552454735,-74.15433552454735
1275.7300357627869,-74.15583968840383,-74.15583968840383
1275.7400357627869,-74.15733850181658,-74.15733850181658
1275.7500357627869,-74.15883163982274,-74.15883163982274
1275.7600357627869,-74.16031899706284,-74.16031899706284
1275.7700357627868,-74.16180059718985,-74.16180059718985
1275.7800357627868,-74.16327653840476,-74.16327653840476
1275.7900357627868,-74.16474696074242,-74.16474696074242
1275.8000357627868,-74.16621202640525,-74.16621202640525
1275.8100357627868,-74.16767190806578,-74.16767190806578
1275.8200357627868,-74.16912678200026,-74.16912678200026
1275.8300357627868,-74.17057682409504,-74.17057682409504
1275.8400357627868,-74.17202220773007,-74.17202220773007
1275.8500357866287,-74.17346310609759,-74.17346310609759
1275.8600357866287,-74.17489967803877,-74.17489967803877
1275.8700357866287,-74.17633208858568,-74.17633208858568
1275.8800357866287,-74.1777604953321,-74.1777604953321
1275.8900357866287,-74.17918505214699,-74.17918505214699
1275.9000357866287,-74.18060590944144,-74.18060590944144
1275.9100357866287,-74.18202321447981,-74.18202321447981
1275.9200357866287,-74.18343711164746,-74.18343711164746
1275.9300357866287,-74.18484774272314,-74.18484774272314
1275.9400357866286,-74.18625524712135,-74.18625524712135
1275.9500357866286,-74.18765976208117,-74.18765976208117
1275.9600357866286,-74.18906142285147,-74.18906142285147
1275.9700357866286,-74.19046036284259,-74.19046036284259
1275.9800357866288,-74.19185671375243,-74.19185671375243
1275.9900357866288,-74.19325060568117,-74.19325060568117
1276.0000357866288,-74.19464216720964,-74.19464216720964
1276.0100357866288,-74.19603152548795,-74.19603152548795
1276.0200357866288,-74.19741880628864,-74.19741880628864
1276.0300357866288,-74.1988041340453,-74.1988041340453
1276.0400357866288,-74.20018763191663,-74.20018763191663
1276.0500357866288,-74.20156942178991,-74.20156942178991
1276.0600357866288,-74.20294962432536,-74.20294962432536
1276.0700357866288,-74.20432835897864,-74.20432835897864
1276.0800357866287,-74.20570574398886,-74.20570574398886
1276.0900357866287,-74.20708189641752,-74.20708189641752
1276.1000357866287,-74.20845693212894,-74.20845693212894
1276.1100357866287,-74.20983096583012,-74.20983096583012
1276.1200357866287,-74.21120411102592,-74.21120411102592
1276.1300357866287,-74.21257648006078,-74.21257648006078
1276.1400357866287,-74.21394818410191,-74.21394818410191
1276.1500357866287,-74.2153193331203,-74.2153193331203
1276.1600357866287,-74.21669003592405,-74.21669003592405
1276.1700357866287,-74.21806040011938,-74.21806040011938
1276.1800357866287,-74.21943053213892,-74.21943053213892
1276.1900357866286,-74.2208005372105,-74.2208005372105
1276.2000357866286,-74.22217051937353,-74.22217051937353
1276.2100357866286,-74.22354058144812,-74.22354058144812
1276.2200357866286,-74.22491082508071,-74.22491082508071
1276.2300357866288,-74.22628135069557,-74.22628135069557
1276.2400357866288,-74.22765225751156,-74.22765225751156
1276.2500357866288,-74.22902364352527,-74.22902364352527
1276.2600357866288,-74.2303956055269,-74.2303956055269
1276.2700357866288,-74.23176823909465,-74.23176823909465
1276.2800357866288,-74.23314163857799,-74.23314163857799
1276.2900357866288,-74.2345158971214,-74.2345158971214
1276.3000357866288,-74.23589110664315,-74.23589110664315
1276.3100357866288,-74.23726735783903,-74.23726735783903
1276.3200357866288,-74.23864474019923,-74.23864474019923
1276.3300357866287,-74.24002334198256,-74.24002334198256
1276.3400357866287,-74.2414032502425,-74.2414032502425
1276.3500357866287,-74.24278455081395,-74.24278455081395
1276.3600357866287,-74.24416732831506,-74.24416732831506
1276.3700357866287,-74.24555166616396,-74.24555166616396
1276.3800357866287,-74.24693764658316,-74.24693764658316
1276.3900357866287,-74.24832535057296,-74.24832535057296
1276.4000357866287,-74.24971485794683,-74.24971485794683
1276.4100357866287,-74.25110624731886,-74.25110624731886
1276.4200357866287,-74.25249959612022,-74.25249959612022
1276.4300357866287,-74.2538949805995,-74.2538949805995
1276.4400357866286,-74.25529247581599,-74.25529247581599
1276.4500357866286,-74.25669215566879,-74.25669215566879
1276.4600357866286,-74.25809409288892,-74.25809409288892
1276.4700357866286,-74.25949835905097,-74.25949835905097
1276.4800357866288,-74.26090502456391,-74.26090502456391
1276.4900357866288,-74.26231415870586,-74.26231415870586
1276.5000357866288,-74.26372582960448,-74.26372582960448
1276.5100357866288,-74.2651401042628,-74.2651401042628
1276.5200357866288,-74.26655704856483,-74.26655704856483
1276.5300357866288,-74.26797672726921,-74.26797672726921
1276.5400357866288,-74.26939920403106,-74.26939920403106
1276.5500357866288,-74.27082454141197,-74.27082454141197
1276.5600357866288,-74.27225280087366,-74.27225280087366
1276.5700357866288,-74.27368404281282,-74.27368404281282
1276.5800357866287,-74.27511832653259,-74.27511832653259
1276.5900357866287,-74.27655571028201,-74.27655571028201
1276.6000357866287,-74.27799625126602,-74.27799625126602
1276.6100357866287,-74.27944000562525,-74.27944000562525
1276.6200357866287,-74.28088702847559,-74.28088702847559
1276.6300357866287,-74.28233737389886,-74.28233737389886
1276.6400357866287,-74.2837910949779,-74.2837910949779
1276.6500357866287,-74.28524824377598,-74.28524824377598
1276.6600357866287,-74.28670887134682,-74.28670887134682
1276.6700357866287,-74.28817302778036,-74.28817302778036
1276.6800357866287,-74.28964076217326,-74.28964076217326
1276.6900357866286,-74.29111212266083,-74.29111212266083
1276.7000358104706,-74.29258715993397,-74.29258715993397
1276.7100358104706,-74.29406591320834,-74.29406591320834
1276.7200358104706,-74.29554843126756,-74.29554843126756
1276.7300358104706,-74.29703475847504,-74.29703475847504
1276.7400358104705,-74.29852493827669,-74.29852493827669
1276.7500358104705,-74.30001901321532,-74.30001901321532
1276.7600358104705,-74.30151702493316,-74.30151702493316
1276.7700358104705,-74.30301901417646,-74.30301901417646
1276.7800358104705,-74.30452502082184,-74.30452502082184
1276.7900358104705,-74.30603508388589,-74.30603508388589
1276.8000358104705,-74.30754924150783,-74.30754924150783
1276.8100358104705,-74.30906753100201,-74.30906753100201
1276.8200358104705,-74.31058998883574,-74.31058998883574
1276.8300358104707,-74.31211665063935,-74.31211665063935
1276.8400358104707,-74.31364755124723,-74.31364755124723
1276.8500358104707,-74.31518272466866,-74.31518272466866
1276.8600358104707,-74.31667924579554,-74.31667924579554
1276.8700358104707,-74.31811944896081,-74.31811944896081
1276.8800358104706,-74.31949368903732,-74.31949368903732
1276.8900358104706,-74.32079651482884,-74.32079651482884
1276.9000358104706,-74.32202503047444,-74.32202503047444
1276.9100358104706,-74.32317786886196,-74.32317786886196
1276.9200358104706,-74.32425455054596,-74.32425455054596
1276.9300358104706,-74.32525510050296,-74.32525510050296
1276.9400358104706,-74.32617982576204,-74.32617982576204
1276.9500358104706,-74.32702918897856,-74.32702918897856
1276.9600358104706,-74.32780373790465,-74.32780373790465
1276.9700358104706,-74.32850406701586,-74.32850406701586
1276.9800358104706,-74.32913079736197,-74.32913079736197
1276.9900358104705,-74.32968456654176,-74.32968456654176
1277.0000358104705,-74.33016602420176,-74.33016602420176
1277.0100358104705,-74.3305758303726,-74.3305758303726
1277.0200358104705,-74.33091465517109,-74.33091465517109
1277.0300358104705,-74.33118317904628,-74.33118317904628
1277.0400358104705,-74.33138209316954,-74.33138209316954
1277.0500358104705,-74.3315120996846,-74.3315120996846
1277.0600358104705,-74.33157391186892,-74.33157391186892
1277.0700358104705,-74.33156825405906,-74.33156825405906
1277.0800358104707,-74.33149586137694,-74.33149586137694
1277.0900358104707,-74.33135747937337,-74.33135747937337
1277.1000358104707,-74.33115386349066,-74.33115386349066
1277.1100358104707,-74.33088577847973,-74.33088577847973
1277.1200358104707,-74.3305539977333,-74.3305539977333
1277.1300358104706,-74.3301593025866,-74.3301593025866
1277.1400358104706,-74.32970248159589,-74.32970248159589
1277.1500358104706,-74.32918432980253,-74.32918432980253
1277.1600358104706,-74.32860564801568,-74.32860564801568
1277.1700358104706,-74.32796724209985,-74.32796724209985
1277.1800358104706,-74.32726992226712,-74.32726992226712
1277.1900358104706,-74.32651450242014,-74.32651450242014
1277.2000358104706,-74.32570179949681,-74.32570179949681
1277.2100358104706,-74.3248326328398,-74.3248326328398
1277.2200358104706,-74.32390782361396,-74.32390782361396
1277.2300358104706,-74.32292819424174,-74.32292819424174
1277.2400358104705,-74.32189456786784,-74.32189456786784
1277.2500358104705,-74.32080776782601,-74.32080776782601
1277.2600358104705,-74.31966861719236,-74.31966861719236
1277.2700358104705,-74.31847793830273,-74.31847793830273
1277.2800358104705,-74.31723655233984,-74.31723655233984
1277.2900358104705,-74.3159452789085,-74.3159452789085
1277.3000358104705,-74.31460493567204,-74.31460493567204
1277.3100358104705,-74.31321633797808,-74.31321633797808
1277.3200358104705,-74.3117802985104,-74.3117802985104
1277.3300358104707,-74.31029762700292,-74.31029762700292
1277.3400358104707,-74.30876912990325,-74.30876912990325
1277.3500358104707,-74.3071956101096,-74.3071956101096
1277.3600358104707,-74.30557786671184,-74.30557786671184
1277.3700358104707,-74.30391669473512,-74.30391669473512
1277.3800358104706,-74.30221288490189,-74.30221288490189
1277.3900358104706,-74.30046722342549,-74.30046722342549
1277.4000358104706,-74.29868049182983,-74.29868049182983
1277.4100358104706,-74.29685346670288,-74.29685346670288
1277.4200358104706,-74.29498691957717,-74.29498691957717
1277.4300358104706,-74.29308161674366,-74.29308161674366
1277.4400358104706,-74.29113831910466,-74.29113831910466
1277.4500358104706,-74.28915778202823,-74.28915778202823
1277.4600358104706,-74.28714075521256,-74.28714075521256
1277.4700358104706,-74.28508798259182,-74.28508798259182
1277.4800358104706,-74.28300020219545,-74.28300020219545
1277.4900358104705,-74.2808781460644,-74.2808781460644
1277.5000358104705,-74.27872254015303,-74.27872254015303
1277.5100358104705,-74.27653410423734,-74.27653410423734
1277.5200358104705,-74.27431355185159,-74.27431355185159
1277.5300358104705,-74.27206159021235,-74.27206159021235
1277.5400358104705,-74.26977892015371,-74.26977892015371
1277.5500358343124,-74.26746623055483,-74.26746623055483
1277.5600358343124,-74.26512422024973,-74.26512422024973
1277.5700358343124,-74.26275356521113,-74.26275356521113
1277.5800358343124,-74.26035494021657,-74.26035494021657
1277.5900358343124,-74.25792901347495,-74.25792901347495
1277.6000358343124,-74.2554764465345,-74.2554764465345
1277.6100358343124,-74.25299789430757,-74.25299789430757
1277.6200358343124,-74.25049400501382,-74.25049400501382
1277.6300358343124,-74.24796542019821,-74.24796542019821
1277.6400358343124,-74.24541277468794,-74.24541277468794
1277.6500358343123,-74.24283669661669,-74.24283669661669
1277.6600358343123,-74.2402378074015,-74.2402378074015
1277.6700358343123,-74.23761672174032,-74.23761672174032
1277.6800358343125,-74.2349740476395,-74.2349740476395
1277.6900358343125,-74.23231038640466,-74.23231038640466
1277.7000358343125,-74.22962633263123,-74.22962633263123
1277.7100358343125,-74.22692247425901,-74.22692247425901
1277.7200358343125,-74.2241993925532,-74.2241993925532
1277.7300358343125,-74.22145766213502,-74.22145766213502
1277.7400358343125,-74.21869785100729,-74.21869785100729
1277.7500358343125,-74.21592052056882,-74.21592052056882
1277.7600358343125,-74.21312622562728,-74.21312622562728
1277.7700358343125,-74.21031551446097,-74.21031551446097
1277.7800358343125,-74.20748892880887,-74.20748892880887
1277.7900358343124,-74.20464700391521,-74.20464700391521
1277.8000358343124,-74.20179026857299,-74.20179026857299
1277.8100358343124,-74.19891924513372,-74.19891924513372
1277.8200358343124,-74.1960344495599,-74.1960344495599
1277.8300358343124,-74.19313639146068,-74.19313639146068
1277.8400358343124,-74.19022557412079,-74.19022557412079
1277.8500358343124,-74.18730249453952,-74.18730249453952
1277.8600358343124,-74.18436764346566,-74.18436764346566
1277.8700358343124,-74.18142150546853,-74.18142150546853
1277.8800358343124,-74.17846455892551,-74.17846455892551
1277.8900358343124,-74.17549727611753,-74.17549727611753
1277.9000358343123,-74.1725201232382,-74.1725201232382
1277.9100358343123,-74.16953356046919,-74.16953356046919
1277.9200358343123,-74.16653804197094,-74.16653804197094
1277.9300358343125,-74.16353401598859,-74.16353401598859
1277.9400358343125,-74.16052192486934,-74.16052192486934
1277.9500358343125,-74.15750220510368,-74.15750220510368
1277.9600358343125,-74.15447528738926,-74.15447528738926
1277.9700358343125,-74.1514415966515,-74.1514415966515
1277.9800358343125,-74.14840155212423,-74.14840155212423
1277.9900358343125,-74.14535556739234,-74.14535556739234
1278.0000358343125,-74.14230405041167,-74.14230405041167
1278.0100358343125,-74.13924740358071,-74.13924740358071
1278.0200358343125,-74.13618602379294,-74.13618602379294
1278.0300358343125,-74.1331203024771,-74.1331203024771
1278.0400358343124,-74.13005062565102,-74.13005062565102
1278.0500358343124,-74.12697737396803,-74.12697737396803
1278.0600358343124,-74.12390092277238,-74.12390092277238
1278.0700358343124,-74.12082164213665,-74.12082164213665
1278.0800358343124,-74.11773989692529,-74.11773989692529
1278.0900358343124,-74.11465604683187,-74.11465604683187
1278.1000358343124,-74.1115704464615,-74.1115704464615
1278.1100358343124,-74.10848344532057,-74.10848344532057
1278.1200358343124,-74.10539538792884,-74.10539538792884
1278.1300358343124,-74.10230661383488,-74.10230661383488
1278.1400358343124,-74.09921745766893,-74.09921745766893
1278.1500358343123,-74.09612824919907,-74.09612824919907
1278.1600358343123,-74.09303931338714,-74.09303931338714
1278.1700358343123,-74.08995097042197,-74.08995097042197
1278.1800358343125,-74.08686353578878,-74.08686353578878
1278.1900358343125,-74.08377732028771,-74.08377732028771
1278.2000358343125,-74.08069263011048,-74.08069263011048
1278.2100358343125,-74.07760976689497,-74.07760976689497
1278.2200358343125,-74.07452902773974,-74.07452902773974
1278.2300358343125,-74.07145070527447,-74.07145070527447
1278.2400358343125,-74.06837508771861,-74.06837508771861
1278.2500358343125,-74.06530245890981,-74.06530245890981
1278.2600358343125,-74.0622330983516,-74.0622330983516
1278.2700358343125,-74.05916728128449,-74.05916728128449
1278.2800358343125,-74.05610527869175,-74.05610527869175
1278.2900358343124,-74.05304735738893,-74.05304735738893
1278.3000358343124,-74.04999378005019,-74.04999378005019
1278.3100358343124,-74.04694480524925,-74.04694480524925
1278.3200358343124,-74.04390068752902,-74.04390068752902
1278.3300358343124,-74.04086167741093,-74.04086167741093
1278.3400358343124,-74.03782802146658,-74.03782802146658
1278.3500358343124,-74.03479996236588,-74.03479996236588
1278.3600358343124,-74.0317777389045,-74.0317777389045
1278.3700358343124,-74.02876158606169,-74.02876158606169
1278.3800358343124,-74.02575173503371,-74.02575173503371
1278.3900358343124,-74.0227484132911,-74.0227484132911
1278.4000358581543,-74.0197518374525,-74.0197518374525
1278.4100358581543,-74.01676224196017,-74.01676224196017
1278.4200358581543,-74.01377983616337,-74.01377983616337
1278.4300358581543,-74.01080483303295,-74.01080483303295
1278.4400358581543,-74.0078374420033,-74.0078374420033
1278.4500358581543,-74.0048778690357,-74.0048778690357
1278.4600358581542,-74.00192631665129,-74.00192631665129
1278.4700358581542,-73.99898298398449,-73.99898298398449
1278.4800358581542,-73.99604806679675,-73.99604806679675
1278.4900358581542,-73.99312175754707,-73.99312175754707
1278.5000358581542,-73.99020424542341,-73.99020424542341
1278.5100358581542,-73.98729571635866,-73.98729571635866
1278.5200358581542,-73.98439635310156,-73.98439635310156
1278.5300358581544,-73.98150633523383,-73.98150633523383
1278.5400358581544,-73.97862583923708,-73.97862583923708
1278.5500358581544,-73.97575503848603,-73.97575503848603
1278.5600358581544,-73.97289410332331,-73.97289410332331
1278.5700358581544,-73.97004320108532,-73.97004320108532
1278.5800358581544,-73.96720249613195,-73.96720249613195
1278.5900358581544,-73.96437214989407,-73.96437214989407
1278.6000358581543,-73.96155232090534,-73.96155232090534
1278.6100358581543,-73.95874316483936,-73.95874316483936
1278.6200358581543,-73.95594483453965,-73.95594483453965
1278.6300358581543,-73.9531574800597,-73.9531574800597
1278.6400358581543,-73.95038124869588,-73.95038124869588
1278.6500358581543,-73.94761628502896,-73.94761628502896
1278.6600358581543,-73.94486273094522,-73.94486273094522
1278.6700358581543,-73.94212072568058,-73.94212072568058
1278.6800358581543,-73.93939040584478,-73.93939040584478
1278.6900358581543,-73.9366719054703,-73.9366719054703
1278.7000358581543,-73.93396535602966,-73.93396535602966
1278.7100358581542,-73.93126444343349,-73.93126444343349
1278.7200358581542,-73.92856647478915,-73.92856647478915
1278.7300358581542,-73.92587020252273,-73.92587020252273
1278.7400358581542,-73.92317504610497,-73.92317504610497
1278.7500358581542,-73.92048079530343,-73.92048079530343
1278.7600358581542,-73.91778745627579,-73.91778745627579
1278.7700358581542,-73.91509516144708,-73.91509516144708
1278.7800358581544,-73.91240411541035,-73.91240411541035
1278.7900358581544,-73.90971456245566,-73.90971456245566
1278.8000358581544,-73.9070267670824,-73.9070267670824
1278.8100358581544,-73.90434100240589,-73.90434100240589
1278.8200358581544,-73.9016575433879,-73.9016575433879
1278.8300358581544,-73.89897666291189,-73.89897666291189
1278.8400358581544,-73.89629862967763,-73.89629862967763
1278.8500358581543,-73.89362370715044,-73.89362370715044
1278.8600358581543,-73.89095215314455,-73.89095215314455
1278.8700358581543,-73.88828421975853,-73.88828421975853
1278.8800358581543,-73.88562015354749,-73.88562015354749
1278.8900358581543,-73.88296019577547,-73.88296019577547
1278.9000358581543,-73.88030458271585,-73.88030458271585
1278.9100358581543,-73.87765354596256,-73.87765354596256
1278.9200358581543,-73.87500731272118,-73.87500731272118
1278.9300358581543,-73.87236610610033,-73.87236610610033
1278.9400358581543,-73.86973014533879,-73.86973014533879
1278.9500358581543,-73.86709964605475,-73.86709964605475
1278.9600358581542,-73.86446838353338,-73.86446838353338
1278.9700358581542,-73.86183375006917,-73.86183375006917
1278.9800358581542,-73.85919458130513,-73.85919458130513
1278.9900358581542,-73.85655037875938,-73.85655037875938
1279.0000358581542,-73.85390101344147,-73.85390101344147
1279.0100358581542,-73.85124657215295,-73.85124657215295
1279.0200358581542,-73.84858726746445,-73.84858726746445
1279.0300358581544,-73.84592338372673,-73.84592338372673
1279.0400358581544,-73.84325524462149,-73.84325524462149
1279.0500358581544,-73.84058319371128,-73.84058319371128
1279.0600358581544,-73.83790758287596,-73.83790758287596
1279.0700358581544,-73.83522876551467,-73.83522876551467
1279.0800358581544,-73.83254709266924,-73.83254709266924
1279.0900358581544,-73.8298629108938,-73.8298629108938
1279.1000358581543,-73.82717656117919,-73.82717656117919
1279.1100358581543,-73.82448837854066,-73.82448837854066
1279.1200358581543,-73.82179869196389,-73.82179869196389
1279.1300358581543,-73.81910782451112,-73.81910782451112
1279.1400358581543,-73.81641609360383,-73.81641609360383
1279.1500358581543,-73.81372381129185,-73.81372381129185
1279.1600358581543,-73.81103128454292,-73.81103128454292
1279.1700358581543,-73.80833881553137,-73.80833881553137
1279.1800358581543,-73.80564670189274,-73.80564670189274
1279.1900358581543,-73.8029552369621,-73.8029552369621
1279.2000358581543,-73.80026470996583,-73.80026470996583
1279.2100358581542,-73.79757540619856,-73.79757540619856
1279.2200358581542,-73.79488760719497,-73.79488760719497
1279.2300358581542,-73.79220159083289,-73.79220159083289
1279.2400358581542,-73.78951763144804,-73.78951763144804
1279.2500358819962,-73.7868359935494,-73.7868359935494
1279.2600358819961,-73.78415695742407,-73.78415695742407
1279.2700358819961,-73.78148078089602,-73.78148078089602
1279.2800358819961,-73.7788077249209,-73.7788077249209
1279.2900358819961,-73.77613804723165,-73.77613804723165
1279.300035881996,-73.77347200239723,-73.77347200239723
1279.310035881996,-73.77080984183216,-73.77080984183216
1279.320035881996,-73.76815181383508,-73.76815181383508
1279.330035881996,-73.76549816360216,-73.76549816360216
1279.340035881996,-73.76284913323275,-73.76284913323275
1279.350035881996,-73.76020496178374,-73.76020496178374
1279.360035881996,-73.75756588523404,-73.75756588523404
1279.370035881996,-73.7549321365309,-73.7549321365309
1279.3800358819963,-73.75230394557587,-73.75230394557587
1279.3900358819963,-73.74968153925131,-73.74968153925131
1279.4000358819962,-73.74706514141296,-73.74706514141296
1279.4100358819962,-73.74445497292051,-73.74445497292051
1279.4200358819962,-73.7418512516138,-73.7418512516138
1279.4300358819962,-73.73925419235735,-73.73925419235735
1279.4400358819962,-73.73666400702949,-73.73666400702949
1279.4500358819962,-73.73408090452256,-73.73408090452256
1279.4600358819962,-73.73149866669708,-73.73149866669708
1279.4700358819962,-73.72891468607739,-73.72891468607739
1279.4800358819962,-73.72632779608173,-73.72632779608173
1279.4900358819962,-73.72373749492496,-73.72373749492496
1279.5000358819962,-73.72114364968334,-73.72114364968334
1279.5100358819961,-73.71854634275985,-73.71854634275985
1279.5200358819961,-73.7159457819606,-73.7159457819606
1279.5300358819961,-73.7133422465059,-73.7133422465059
1279.5400358819961,-73.71073605459178,-73.71073605459178
1279.550035881996,-73.70812754396783,-73.70812754396783
1279.560035881996,-73.7055170603124,-73.7055170603124
1279.570035881996,-73.7029049504698,-73.7029049504698
1279.580035881996,-73.70029155853109,-73.70029155853109
1279.590035881996,-73.6976772237012,-73.6976772237012
1279.600035881996,-73.69506227925311,-73.69506227925311
1279.610035881996,-73.69244705209897,-73.69244705209897
1279.620035881996,-73.68983186271285,-73.68983186271285
1279.6300358819963,-73.68721702529088,-73.68721702529088
1279.6400358819963,-73.68460284801475,-73.68460284801475
1279.6500358819962,-73.68198963332408,-73.68198963332408
1279.6600358819962,-73.67937767823484,-73.67937767823484
1279.6700358819962,-73.67676727462711,-73.67676727462711
1279.6800358819962,-73.67415870951774,-73.67415870951774
1279.6900358819962,-73.67155226529673,-73.67155226529673
1279.7000358819962,-73.66894821995987,-73.66894821995987
1279.7100358819962,-73.66634684728469,-73.66634684728469
1279.7200358819962,-73.66374841698291,-73.66374841698291
1279.7300358819962,-73.66115319487373,-73.66115319487373
1279.7400358819962,-73.65856144298046,-73.65856144298046
1279.7500358819962,-73.65597341964839,-73.65597341964839
1279.7600358819961,-73.65338937962208,-73.65338937962208
1279.7700358819961,-73.65080957412889,-73.65080957412889
1279.7800358819961,-73.6482342509502,-73.6482342509502
1279.7900358819961,-73.64566365446102,-73.64566365446102
1279.800035881996,-73.64309802571017,-73.64309802571017
1279.810035881996,-73.64053760241283,-73.64053760241283
1279.820035881996,-73.63798261903791,-73.63798261903791
1279.830035881996,-73.6354333068086,-73.6354333068086
1279.840035881996,-73.63288989374402,-73.63288989374402
1279.850035881996,-73.6303526046816,-73.6303526046816
1279.860035881996,-73.62782166130047,-73.62782166130047
1279.870035881996,-73.62529728214002,-73.62529728214002
1279.8800358819963,-73.6227796826246,-73.6227796826246
1279.8900358819963,-73.62026907508384,-73.62026907508384
1279.9000358819962,-73.61776566875082,-73.61776566875082
1279.9100358819962,-73.6152696698148,-73.6152696698148
1279.9200358819962,-73.61278128140948,-73.61278128140948
1279.9300358819962,-73.61030070364029,-73.61030070364029
1279.9400358819962,-73.60782813359164,-73.60782813359164
1279.9500358819962,-73.60536376535964,-73.60536376535964
1279.9600358819962,-73.60290779005693,-73.60290779005693
1279.9700358819962,-73.60046039583221,-73.60046039583221
1279.9800358819962,-73.59802176788756,-73.59802176788756
1279.9900358819962,-73.59559208849365,-73.59559208849365
1280.0000358819962,-73.59317153700745,-73.59317153700745
1280.0100358819961,-73.59076028989918,-73.59076028989918
1280.0200358819961,-73.58835852075879,-73.58835852075879
1280.0300358819961,-73.5859664003215,-73.5859664003215
1280.0400358819961,-73.58358409648322,-73.58358409648322
1280.050035881996,-73.58121177432871,-73.58121177432871
1280.060035881996,-73.57884959613375,-73.57884959613375
1280.070035881996,-73.57649772140371,-73.57649772140371
1280.080035881996,-73.57415630688753,-73.57415630688753
1280.090035881996,-73.57182550658865,-73.57182550658865
1280.100035905838,-73.56950546628794,-73.56950546628794
1280.110035905838,-73.56719634567074,-73.56719634567074
1280.120035905838,-73.5648982851051,-73.5648982851051
1280.130035905838,-73.56261142789711,-73.56261142789711
1280.140035905838,-73.56033591468697,-73.56033591468697
1280.150035905838,-73.55807188354795,-73.55807188354795
1280.160035905838,-73.55581946995486,-73.55581946995486
1280.170035905838,-73.55357880683395,-73.55357880683395
1280.180035905838,-73.55135002457907,-73.55135002457907
1280.190035905838,-73.54913325107276,-73.54913325107276
1280.200035905838,-73.54692861171803,-73.54692861171803
1280.210035905838,-73.54473622945272,-73.54473622945272
1280.220035905838,-73.54255622479168,-73.54255622479168
1280.2300359058381,-73.54038871582566,-73.54038871582566
1280.240035905838,-73.53823381826098,-73.53823381826098
1280.250035905838,-73.536091645448,-73.536091645448
1280.260035905838,-73.53396230839545,-73.53396230839545
1280.270035905838,-73.5318459158079,-73.5318459158079
1280.280035905838,-73.5297425740966,-73.5297425740966
1280.290035905838,-73.52765238741588,-73.52765238741588
1280.300035905838,-73.5255754576746,-73.5255754576746
1280.310035905838,-73.52351188458026,-73.52351188458026
1280.320035905838,-73.52146176564202,-73.52146176564202
1280.330035905838,-73.51942519622406,-73.51942519622406
1280.340035905838,-73.51740226954286,-73.51740226954286
1280.350035905838,-73.51539307669837,-73.51539307669837
1280.360035905838,-73.51339770671385,-73.51339770671385
1280.370035905838,-73.51141624654286,-73.51141624654286
1280.380035905838,-73.50944878110907,-73.50944878110907
1280.390035905838,-73.50749539331918,-73.50749539331918
1280.400035905838,-73.50555616408724,-73.50555616408724
1280.410035905838,-73.50363117236721,-73.50363117236721
1280.420035905838,-73.50172049518198,-73.50172049518198
1280.430035905838,-73.49982420763224,-73.49982420763224
1280.440035905838,-73.49794238292246,-73.49794238292246
1280.450035905838,-73.49607509239962,-73.49607509239962
1280.460035905838,-73.49421600256665,-73.49421600256665
1280.470035905838,-73.49236238011521,-73.49236238011521
1280.4800359058381,-73.49051292928117,-73.49051292928117
1280.490035905838,-73.48866701833029,-73.48866701833029
1280.500035905838,-73.48682438451291,-73.48682438451291
1280.510035905838,-73.48498498096615,-73.48498498096615
1280.520035905838,-73.48314888704924,-73.48314888704924
1280.530035905838,-73.48131625445858,-73.48131625445858
1280.540035905838,-73.47948727489468,-73.47948727489468
1280.550035905838,-73.47766216062922,-73.47766216062922
1280.560035905838,-73.47584113298156,-73.47584113298156
1280.570035905838,-73.47402441550447,-73.47402441550447
1280.580035905838,-73.47221223014284,-73.47221223014284
1280.590035905838,-73.47040479510216,-73.47040479510216
1280.600035905838,-73.46860232378809,-73.46860232378809
1280.610035905838,-73.46680502439852,-73.46680502439852
1280.620035905838,-73.46501309989227,-73.46501309989227
1280.630035905838,-73.46322674810452,-73.46322674810452
1280.640035905838,-73.46144616204084,-73.46144616204084
1280.650035905838,-73.45967153018205,-73.45967153018205
1280.660035905838,-73.4579030367676,-73.4579030367676
1280.670035905838,-73.45614086211013,-73.45614086211013
1280.680035905838,-73.45438518286132,-73.45438518286132
1280.690035905838,-73.45263617227539,-73.45263617227539
1280.700035905838,-73.45089400041364,-73.45089400041364
1280.710035905838,-73.44915883432716,-73.44915883432716
1280.720035905838,-73.44743083824207,-73.44743083824207
1280.7300359058381,-73.44571017368992,-73.44571017368992
1280.740035905838,-73.44399699962652,-73.44399699962652
1280.750035905838,-73.44229147254363,-73.44229147254363
1280.760035905838,-73.44059374655008,-73.44059374655008
1280.770035905838,-73.43890397343135,-73.43890397343135
1280.780035905838,-73.43722230275216,-73.43722230275216
1280.790035905838,-73.43554888187215,-73.43554888187215
1280.800035905838,-73.43388385599616,-73.43388385599616
1280.810035905838,-73.43222736823017,-73.43222736823017
1280.820035905838,-73.43057955959277,-73.43057955959277
1280.830035905838,-73.42894056905472,-73.42894056905472
1280.840035905838,-73.42731053355426,-73.42731053355426
1280.850035905838,-73.42568958800705,-73.42568958800705
1280.860035905838,-73.42407786535944,-73.42407786535944
1280.870035905838,-73.42247549655723,-73.42247549655723
1280.880035905838,-73.42088261059556,-73.42088261059556
1280.890035905838,-73.41929933449407,-73.41929933449407
1280.900035905838,-73.41772579334504,-73.41772579334504
1280.910035905838,-73.41616211029566,-73.41616211029566
1280.920035905838,-73.41460840656472,-73.41460840656472
1280.930035905838,-73.41306480144937,-73.41306480144937
1280.940035905838,-73.41153141234412,-73.41153141234412
1280.9500359296799,-73.41000835110171,-73.41000835110171
1280.9600359296799,-73.40849573859948,-73.40849573859948
1280.9700359296799,-73.40699368286991,-73.40699368286991
1280.9800359296798,-73.40550229373946,-73.40550229373946
1280.9900359296798,-73.40402167915556,-73.40402167915556
1281.0000359296798,-73.40255194519567,-73.40255194519567
1281.0100359296798,-73.40109319608149,-73.40109319608149
1281.0200359296798,-73.39964553419438,-73.39964553419438
1281.0300359296798,-73.39820906007013,-73.39820906007013
1281.0400359296798,-73.39678387242405,-73.39678387242405
1281.0500359296798,-73.39537006814285,-73.39537006814285
1281.0600359296798,-73.3939677423112,-73.3939677423112
1281.0700359296798,-73.39257698820677,-73.39257698820677
1281.08003592968,-73.39119789733095,-73.39119789733095
1281.09003592968,-73.38983055939534,-73.38983055939534
1281.10003592968,-73.3884750623561,-73.3884750623561
1281.11003592968,-73.38713149241005,-73.38713149241005
1281.12003592968,-73.38579993401943,-73.38579993401943
1281.13003592968,-73.38448046990753,-73.38448046990753
1281.14003592968,-73.38317318108989,-73.38317318108989
1281.15003592968,-73.38187814686727,-73.38187814686727
1281.16003592968,-73.38059544486234,-73.38059544486234
1281.17003592968,-73.3793251510141,-73.3793251510141
1281.18003592968,-73.3780673395996,-73.3780673395996
1281.1900359296799,-73.37682208324563,-73.37682208324563
1281.2000359296799,-73.37558945294317,-73.37558945294317
1281.2100359296799,-73.37436312511771,-73.37436312511771
1281.2200359296799,-73.37314037078961,-73.37314037078961
1281.2300359296798,-73.37191989648788,-73.37191989648788
1281.2400359296798,-73.37070107204516,-73.37070107204516
1281.2500359296798,-73.36948363597958,-73.36948363597958
1281.2600359296798,-73.3682675426508,-73.3682675426508
1281.2700359296798,-73.36705287260882,-73.36705287260882
1281.2800359296798,-73.36583977883278,-73.36583977883278
1281.2900359296798,-73.36462845438285,-73.36462845438285
1281.3000359296798,-73.36341911300553,-73.36341911300553
1281.3100359296798,-73.36221197760207,-73.36221197760207
1281.3200359296798,-73.36100727341328,-73.36100727341328
1281.33003592968,-73.35980522414842,-73.35980522414842
1281.34003592968,-73.35860604988152,-73.35860604988152
1281.35003592968,-73.35740996599944,-73.35740996599944
1281.36003592968,-73.35621718276832,-73.35621718276832
1281.37003592968,-73.3550279052816,-73.3550279052816
1281.38003592968,-73.35384233361951,-73.35384233361951
1281.39003592968,-73.35266066310766,-73.35266066310766
1281.40003592968,-73.35148308460525,-73.35148308460525
1281.41003592968,-73.35030978481613,-73.35030978481613
1281.42003592968,-73.34914094659494,-73.34914094659494
1281.43003592968,-73.34797674921515,-73.34797674921515
1281.4400359296799,-73.34681736859613,-73.34681736859613
1281.4500359296799,-73.345662977534,-73.345662977534
1281.4600359296799,-73.34451374589243,-73.34451374589243
1281.4700359296799,-73.34336984075411,-73.34336984075411
1281.4800359296798,-73.34223142657069,-73.34223142657069
1281.4900359296798,-73.34109866527226,-73.34109866527226
1281.5000359296798,-73.33997171636832,-73.33997171636832
1281.5100359296798,-73.33885073704288,-73.33885073704288
1281.5200359296798,-73.3377358822214,-73.3377358822214
1281.5300359296798,-73.3366273046198,-73.3366273046198
1281.5400359296798,-73.33552515481666,-73.33552515481666
1281.5500359296798,-73.33442958128167,-73.33442958128167
1281.5600359296798,-73.33334073041559,-73.33334073041559
1281.5700359296798,-73.33225874655895,-73.33225874655895
1281.58003592968,-73.33118377206664,-73.33118377206664
1281.59003592968,-73.33011594728319,-73.33011594728319
1281.60003592968,-73.32905541057218,-73.32905541057218
1281.61003592968,-73.3280022983444,-73.3280022983444
1281.62003592968,-73.32695674505506,-73.32695674505506
1281.63003592968,-73.32591888322229,-73.32591888322229
1281.64003592968,-73.32488884343941,-73.32488884343941
1281.65003592968,-73.3238667543772,-73.3238667543772
1281.66003592968,-73.32285274279918,-73.32285274279918
1281.67003592968,-73.32184693356498,-73.32184693356498
1281.68003592968,-73.32084944963657,-73.32084944963657
1281.6900359296799,-73.31986041207475,-73.31986041207475
1281.7000359296799,-73.31887994006944,-73.31887994006944
1281.7100359296799,-73.31790176296505,-73.31790176296505
1281.7200359296799,-73.31692320178084,-73.31692320178084
1281.7300359296798,-73.31594301174029,-73.31594301174029
1281.7400359296798,-73.31496061066191,-73.31496061066191
1281.7500359296798,-73.31397578455288,-73.31397578455288
1281.7600359296798,-73.31298853483156,-73.31298853483156
1281.7700359296798,-73.31199898876247,-73.31199898876247
1281.7800359296798,-73.31100734568311,-73.31100734568311
1281.7900359296798,-73.31001384466184,-73.31001384466184
1281.8000359535217,-73.3090187427382,-73.3090187427382
1281.8100359535217,-73.30802231283792,-73.30802231283792
1281.8200359535217,-73.30702482281096,-73.30702482281096
1281.8300359535217,-73.30602654096808,-73.30602654096808
1281.8400359535217,-73.30502773162374,-73.30502773162374
1281.8500359535217,-73.30402865402306,-73.30402865402306
1281.8600359535217,-73.30302956193961,-73.30302956193961
1281.8700359535217,-73.30203070357939,-73.30203070357939
1281.8800359535217,-73.30103232177012,-73.30103232177012
1281.8900359535216,-73.30003465419033,-73.30003465419033
1281.9000359535216,-73.29903793368806,-73.29903793368806
1281.9100359535216,-73.29804238856283,-73.29804238856283
1281.9200359535216,-73.29704824286726,-73.29704824286726
1281.9300359535218,-73.29605571667632,-73.29605571667632
1281.9400359535218,-73.29506502633376,-73.29506502633376
1281.9500359535218,-73.29407638466938,-73.29407638466938
1281.9600359535218,-73.29308361578379,-73.29308361578379
1281.9700359535218,-73.29208413305436,-73.29208413305436
1281.9800359535218,-73.29107678247617,-73.29107678247617
1281.9900359535218,-73.29006107138385,-73.29006107138385
1282.0000359535218,-73.28903687427028,-73.28903687427028
1282.0100359535218,-73.28800428008526,-73.28800428008526
1282.0200359535218,-73.28696350279665,-73.28696350279665
1282.0300359535217,-73.2859148276417,-73.2859148276417
1282.0400359535217,-73.28485857885417,-73.28485857885417
1282.0500359535217,-73.28379510029772,-73.28379510029772
1282.0600359535217,-73.28272474396009,-73.28272474396009
1282.0700359535217,-73.28164786316776,-73.28164786316776
1282.0800359535217,-73.28056480872058,-73.28056480872058
1282.0900359535217,-73.2794759267807,-73.2794759267807
1282.1000359535217,-73.27838155783444,-73.27838155783444
1282.1100359535217,-73.27728203626214,-73.27728203626214
1282.1200359535217,-73.27617769027316,-73.27617769027316
1282.1300359535217,-73.27506884208316,-73.27506884208316
1282.1400359535216,-73.27395580815676,-73.27395580815676
1282.1500359535216,-73.2728388994917,-73.2728388994917
1282.1600359535216,-73.27171842192931,-73.27171842192931
1282.1700359535216,-73.27059467644467,-73.27059467644467
1282.1800359535218,-73.26946795941201,-73.26946795941201
1282.1900359535218,-73.26833856283247,-73.26833856283247
1282.2000359535218,-73.26720677456096,-73.26720677456096
1282.2100359535218,-73.26607287847665,-73.26607287847665
1282.2200359535218,-73.26493715464356,-73.26493715464356
1282.2300359535218,-73.26379987944726,-73.26379987944726
1282.2400359535218,-73.26266132568037,-73.26266132568037
1282.2500359535218,-73.26152176268424,-73.26152176268424
1282.2600359535218,-73.26038145640001,-73.26038145640001
1282.2700359535218,-73.25924066943983,-73.25924066943983
1282.2800359535217,-73.25809966115199,-73.25809966115199
1282.2900359535217,-73.25695868766063,-73.25695868766063
1282.3000359535217,-73.25581800190386,-73.25581800190386
1282.3100359535217,-73.25467785367304,-73.25467785367304
1282.3200359535217,-73.25353848963982,-73.25353848963982
1282.3300359535217,-73.25240015337606,-73.25240015337606
1282.3400359535217,-73.25126308538316,-73.25126308538316
1282.3500359535217,-73.25012752308625,-73.25012752308625
1282.3600359535217,-73.24899370088586,-73.24899370088586
1282.3700359535217,-73.24786185014759,-73.24786185014759
1282.3800359535217,-73.24673219920196,-73.24673219920196
1282.3900359535216,-73.24560497338986,-73.24560497338986
1282.4000359535216,-73.24448039505313,-73.24448039505313
1282.4100359535216,-73.24335868354225,-73.24335868354225
1282.4200359535216,-73.24224005523735,-73.24224005523735
1282.4300359535218,-73.24112472354729,-73.24112472354729
1282.4400359535218,-73.24001289893111,-73.24001289893111
1282.4500359535218,-73.23890478890314,-73.23890478890314
1282.4600359535218,-73.23779421857796,-73.23779421857796
1282.4700359535218,-73.23667860011,-73.23667860011
1282.4800359535218,-73.23555677736124,-73.23555677736124
1282.4900359535218,-73.23442825509233,-73.23442825509233
1282.5000359535218,-73.23329290486568,-73.23329290486568
1282.5100359535218,-73.23215081240633,-73.23215081240633
1282.5200359535218,-73.23100218809289,-73.23100218809289
1282.5300359535217,-73.2298473132304,-73.2298473132304
1282.5400359535217,-73.22868650773431,-73.22868650773431
1282.5500359535217,-73.22752011074196,-73.22752011074196
1282.5600359535217,-73.22634846909297,-73.22634846909297
1282.5700359535217,-73.22517193052268,-73.22517193052268
1282.5800359535217,-73.22399083981419,-73.22399083981419
1282.5900359535217,-73.22280553668406,-73.22280553668406
1282.6000359535217,-73.22161635472627,-73.22161635472627
1282.6100359535217,-73.22042362100673,-73.22042362100673
1282.6200359535217,-73.21922765602405,-73.21922765602405
1282.6300359535217,-73.21802877386165,-73.21802877386165
1282.6400359535216,-73.2168272824505,-73.2168272824505
1282.6500359773636,-73.21562348103878,-73.21562348103878
1282.6600359773636,-73.21441767192445,-73.21441767192445
1282.6700359773636,-73.21321014363062,-73.21321014363062
1282.6800359773636,-73.2120011825816,-73.2120011825816
1282.6900359773636,-73.21079107053754,-73.21079107053754
1282.7000359773635,-73.2095800848047,-73.2095800848047
1282.7100359773635,-73.20836849841967,-73.20836849841967
1282.7200359773635,-73.20715658034722,-73.20715658034722
1282.7300359773635,-73.20594459561505,-73.20594459561505
1282.7400359773635,-73.20473280545546,-73.20473280545546
1282.7500359773635,-73.20352146739462,-73.20352146739462
1282.7600359773635,-73.20231083536594,-73.20231083536594
1282.7700359773635,-73.201101159786,-73.201101159786
1282.7800359773637,-73.19989268763082,-73.19989268763082
1282.7900359773637,-73.19868566248991,-73.19868566248991
1282.8000359773637,-73.197480324616,-73.197480324616
1282.8100359773637,-73.19627691099934,-73.19627691099934
1282.8200359773637,-73.19507565537194,-73.19507565537194
1282.8300359773637,-73.19387678825824,-73.19387678825824
1282.8400359773636,-73.19268053701374,-73.19268053701374
1282.8500359773636,-73.19148712585246,-73.19148712585246
1282.8600359773636,-73.19029677586244,-73.19029677586244
1282.8700359773636,-73.18910970503715,-73.18910970503715
1282.8800359773636,-73.18792612829861,-73.18792612829861
1282.8900359773636,-73.18674625752523,-73.18674625752523
1282.9000359773636,-73.18557030155947,-73.18557030155947
1282.9100359773636,-73.18439846623113,-73.18439846623113
1282.9200359773636,-73.18323095438045,-73.18323095438045
1282.9300359773636,-73.18206796586406,-73.18206796586406
1282.9400359773636,-73.18090969759416,-73.18090969759416
1282.9500359773635,-73.17975634354652,-73.17975634354652
1282.9600359773635,-73.17860809476495,-73.17860809476495
1282.9700359773635,-73.17746513940884,-73.17746513940884
1282.9800359773635,-73.17632766274406,-73.17632766274406
1282.9900359773635,-73.17519584717186,-73.17519584717186
1283.0000359773635,-73.17406987225937,-73.17406987225937
1283.0100359773635,-73.17294991472933,-73.17294991472933
1283.0200359773635,-73.17183614851444,-73.17183614851444
1283.0300359773637,-73.17072874474745,-73.17072874474745
1283.0400359773637,-73.16962787180643,-73.16962787180643
1283.0500359773637,-73.1685336953083,-73.1685336953083
1283.0600359773637,-73.16744637815927,-73.16744637815927
1283.0700359773637,-73.1663660805456,-73.1663660805456
1283.0800359773637,-73.16529295998062,-73.16529295998062
1283.0900359773636,-73.16422717131185,-73.16422717131185
1283.1000359773636,-73.16316886674538,-73.16316886674538
1283.1100359773636,-73.16211819586421,-73.16211819586421
1283.1200359773636,-73.1610753056669,-73.1610753056669
1283.1300359773636,-73.16004034056566,-73.16004034056566
1283.1400359773636,-73.1590134424394,-73.1590134424394
1283.1500359773636,-73.1579947506202,-73.1579947506202
1283.1600359773636,-73.15698440194801,-73.15698440194801
1283.1700359773636,-73.15598253078036,-73.15598253078036
1283.1800359773636,-73.15498926902532,-73.15498926902532
1283.1900359773636,-73.15400474613907,-73.15400474613907
1283.2000359773635,-73.15302908919175,-73.15302908919175
1283.2100359773635,-73.1520624228531,-73.1520624228531
1283.2200359773635,-73.15110486943995,-73.15110486943995
1283.2300359773635,-73.15015654893294,-73.15015654893294
1283.2400359773635,-73.14921757899076,-73.14921757899076
1283.2500359773635,-73.14828807500324,-73.14828807500324
1283.2600359773635,-73.14736815008733,-73.14736815008733
1283.2700359773635,-73.14645791513176,-73.14645791513176
1283.2800359773637,-73.14555747878924,-73.14555747878924
1283.2900359773637,-73.1446669475484,-73.1446669475484
1283.3000359773637,-73.14378642572608,-73.14378642572608
1283.3100359773637,-73.14291601549789,-73.14291601549789
1283.3200359773637,-73.14205581692889,-73.14205581692889
1283.3300359773637,-73.14120592798851,-73.14120592798851
1283.3400359773636,-73.14036644457892,-73.14036644457892
1283.3500359773636,-73.1395374605798,-73.1395374605798
1283.3600359773636,-73.13871906783096,-73.13871906783096
1283.3700359773636,-73.13791135619542,-73.13791135619542
1283.3800359773636,-73.13711441356148,-73.13711441356148
1283.3900359773636,-73.13632832587761,-73.13632832587761
1283.4000359773636,-73.13555317717015,-73.13555317717015
1283.4100359773636,-73.1347890495713,-73.1347890495713
1283.4200359773636,-73.13403602333673,-73.13403602333673
1283.4300359773636,-73.13329417688173,-73.13329417688173
1283.4400359773636,-73.13256358678439,-73.13256358678439
1283.4500359773635,-73.13184432784459,-73.13184432784459
1283.4600359773635,-73.1311301027949,-73.1311301027949
1283.4700359773635,-73.13041819777962,-73.13041819777962
1283.4800359773635,-73.12970732990864,-73.12970732990864
1283.4900359773635,-73.12899687753942,-73.12899687753942
1283.5000360012054,-73.1282865849053,-73.1282865849053
1283.5100360012054,-73.12757641635793,-73.12757641635793
1283.5200360012054,-73.12686645685596,-73.12686645685596
1283.5300360012054,-73.12615686502753,-73.12615686502753
1283.5400360012054,-73.12544783917056,-73.12544783917056
1283.5500360012054,-73.12473959791195,-73.12473959791195
1283.5600360012054,-73.12403236869571,-73.12403236869571
1283.5700360012054,-73.12332638099582,-73.12332638099582
1283.5800360012054,-73.1226218624688,-73.1226218624688
1283.5900360012054,-73.12191903684692,-73.12191903684692
1283.6000360012054,-73.12121812291856,-73.12121812291856
1283.6100360012053,-73.1205193340922,-73.1205193340922
1283.6200360012053,-73.11982287841366,-73.11982287841366
1283.6300360012056,-73.1191289586795,-73.1191289586795
1283.6400360012055,-73.11843777275212,-73.11843777275212
1283.6500360012055,-73.11774951383629,-73.11774951383629
1283.6600360012055,-73.11706437083971,-73.11706437083971
1283.6700360012055,-73.1163825286487,-73.1163825286487
1283.6800360012055,-73.11570416843372,-73.11570416843372
1283.6900360012055,-73.11502946789456,-73.11502946789456
1283.7000360012055,-73.1143586014819,-73.1143586014819
1283.7100360012055,-73.11369174060547,-73.11369174060547
1283.7200360012055,-73.11302905380481,-73.11302905380481
1283.7300360012055,-73.11237070690092,-73.11237070690092
1283.7400360012055,-73.11171686310006,-73.11171686310006
1283.7500360012054,-73.11106768312857,-73.11106768312857
1283.7600360012054,-73.11042332531821,-73.11042332531821
1283.7700360012054,-73.10978394567377,-73.10978394567377
1283.7800360012054,-73.10914969794652,-73.10914969794652
1283.7900360012054,-73.1085207336951,-73.1085207336951
1283.8000360012054,-73.107897202332,-73.107897202332
1283.8100360012054,-73.10727925115741,-73.10727925115741
1283.8200360012054,-73.10666702539712,-73.10666702539712
1283.8300360012054,-73.10606066823384,-73.10606066823384
1283.8400360012054,-73.10546032083764,-73.10546032083764
1283.8500360012054,-73.10486612236129,-73.10486612236129
1283.8600360012053,-73.10427820999304,-73.10427820999304
1283.8700360012053,-73.10369671895681,-73.10369671895681
1283.8800360012056,-73.10312178253429,-73.10312178253429
1283.8900360012055,-73.10255353205666,-73.10255353205666
1283.9000360012055,-73.10199209693872,-73.10199209693872
1283.9100360012055,-73.10143760468233,-73.10143760468233
1283.9200360012055,-73.10089018087697,-73.10089018087697
1283.9300360012055,-73.10034994922462,-73.10034994922462
1283.9400360012055,-73.09981703154213,-73.09981703154213
1283.9500360012055,-73.09929154776653,-73.09929154776653
1283.9600360012055,-73.09876724832132,-73.09876724832132
1283.9700360012055,-73.09824146548733,-73.09824146548733
1283.9800360012055,-73.09771296179402,-73.09771296179402
1283.9900360012055,-73.09718116067963,-73.09718116067963
1284.0000360012054,-73.09664585286016,-73.09664585286016
1284.0100360012054,-73.09610704389644,-73.09610704389644
1284.0200360012054,-73.09556486481867,-73.09556486481867
1284.0300360012054,-73.09501951841969,-73.09501951841969
1284.0400360012054,-73.09447124697546,-73.09447124697546
1284.0500360012054,-73.09392031285903,-73.09392031285903
1284.0600360012054,-73.09336698703761,-73.09336698703761
1284.0700360012054,-73.0928115422743,-73.0928115422743
1284.0800360012054,-73.09225424926818,-73.09225424926818
1284.0900360012054,-73.09169537454663,-73.09169537454663
1284.1000360012054,-73.091135179413,-73.091135179413
1284.1100360012053,-73.09057391953873,-73.09057391953873
1284.1200360012053,-73.09001184492777,-73.09001184492777
1284.1300360012056,-73.08944920006135,-73.08944920006135
1284.1400360012055,-73.08888622417344,-73.08888622417344
1284.1500360012055,-73.08832315155688,-73.08832315155688
1284.1600360012055,-73.08776021186958,-73.08776021186958
1284.1700360012055,-73.08719763045545,-73.08719763045545
1284.1800360012055,-73.08663562860082,-73.08663562860082
1284.1900360012055,-73.08607442379858,-73.08607442379858
1284.2000360012055,-73.08551422997012,-73.08551422997012
1284.2100360012055,-73.08495525764464,-73.08495525764464
1284.2200360012055,-73.0843977141445,-73.0843977141445
1284.2300360012055,-73.08384180371299,-73.08384180371299
1284.2400360012055,-73.08328772764511,-73.08328772764511
1284.2500360012054,-73.08273568440589,-73.08273568440589
1284.2600360012054,-73.08218586969238,-73.08218586969238
1284.2700360012054,-73.0816384765402,-73.0816384765402
1284.2800360012054,-73.08109369534483,-73.08109369534483
1284.2900360012054,-73.08055171397397,-73.08055171397397
1284.3000360012054,-73.08001271775764,-73.08001271775764
1284.3100360012054,-73.07947688957333,-73.07947688957333
1284.3200360012054,-73.07894440984258,-73.07894440984258
1284.3300360012054,-73.07841545657743,-73.07841545657743
1284.3400360012054,-73.07789020540892,-73.07789020540892
1284.3500360250473,-73.0773688283585,-73.0773688283585
1284.3600360250473,-73.07685149883429,-73.07685149883429
1284.3700360250473,-73.07633838416274,-73.07633838416274
1284.3800360250473,-73.07582965061697,-73.07582965061697
1284.3900360250473,-73.0753254621536,-73.0753254621536
1284.4000360250473,-73.07482598045041,-73.07482598045041
1284.4100360250472,-73.07433136489598,-73.07433136489598
1284.4200360250472,-73.07384177260067,-73.07384177260067
1284.4300360250472,-73.07335735844426,-73.07335735844426
1284.4400360250472,-73.07287827503339,-73.07287827503339
1284.4500360250472,-73.07240467273719,-73.07240467273719
1284.4600360250472,-73.07193669970465,-73.07193669970465
1284.4700360250472,-73.0714745018633,-73.0714745018633
1284.4800360250474,-73.07101822292536,-73.07101822292536
1284.4900360250474,-73.0705680044127,-73.0705680044127
1284.5000360250474,-73.0701239856505,-73.0701239856505
1284.5100360250474,-73.06968630380123,-73.06968630380123
1284.5200360250474,-73.0692550938436,-73.0692550938436
1284.5300360250474,-73.06883048862034,-73.06883048862034
1284.5400360250474,-73.06841261882049,-73.06841261882049
1284.5500360250473,-73.06800161301132,-73.06800161301132
1284.5600360250473,-73.06759759764016,-73.06759759764016
1284.5700360250473,-73.06720069704632,-73.06720069704632
1284.5800360250473,-73.06681103348564,-73.06681103348564
1284.5900360250473,-73.06642872713279,-73.06642872713279
1284.6000360250473,-73.0660538961062,-73.0660538961062
1284.6100360250473,-73.06568665647349,-73.06568665647349
1284.6200360250473,-73.06532712226158,-73.06532712226158
1284.6300360250473,-73.0649754054936,-73.0649754054936
1284.6400360250473,-73.06463161617883,-73.06463161617883
1284.6500360250473,-73.06429586234822,-73.06429586234822
1284.6600360250472,-73.06396825006048,-73.06396825006048
1284.6700360250472,-73.06364888341794,-73.06364888341794
1284.6800360250472,-73.06333786458113,-73.06333786458113
1284.6900360250472,-73.0630352937985,-73.0630352937985
1284.7000360250472,-73.06274126940764,-73.06274126940764
1284.7100360250472,-73.06245588786243,-73.06245588786243
1284.7200360250472,-73.0621792437525,-73.0621792437525
1284.7300360250474,-73.06191142980451,-73.06191142980451
1284.7400360250474,-73.06165253692272,-73.06165253692272
1284.7500360250474,-73.06140265417271,-73.06140265417271
1284.7600360250474,-73.06116186884715,-73.06116186884715
1284.7700360250474,-73.0609302664444,-73.0609302664444
1284.7800360250474,-73.06070793069796,-73.06070793069796
1284.7900360250474,-73.06049494361167,-73.06049494361167
1284.8000360250473,-73.06029138544685,-73.06029138544685
1284.8100360250473,-73.06009733476674,-73.06009733476674
1284.8200360250473,-73.05991286843876,-73.05991286843876
1284.8300360250473,-73.05973806165989,-73.05973806165989
1284.8400360250473,-73.05957298798413,-73.05957298798413
1284.8500360250473,-73.05941771931829,-73.05941771931829
1284.8600360250473,-73.05927232596657,-73.05927232596657
1284.8700360250473,-73.05913687661894,-73.05913687661894
1284.8800360250473,-73.05901143840698,-73.05901143840698
1284.8900360250473,-73.05889607688157,-73.05889607688157
1284.9000360250473,-73.05879085606925,-73.05879085606925
1284.9100360250472,-73.05869583846982,-73.05869583846982
1284.9200360250472,-73.05861108506298,-73.05861108506298
1284.9300360250472,-73.05853665535854,-73.05853665535854
1284.9400360250472,-73.05847260738571,-73.05847260738571
1284.9500360250472,-73.05841899773809,-73.05841899773809
1284.9600360250472,-73.05837588156605,-73.05837588156605
1284.9700360250472,-73.05834331259757,-73.05834331259757
1284.9800360250474,-73.0583213431805,-73.0583213431805
1284.9900360250474,-73.0583100242729,-73.0583100242729
1285.0000360250474,-73.05830940547555,-73.05830940547555
1285.0100360250474,-73.05831953504403,-73.05831953504403
1285.0200360250474,-73.05834045991129,-73.05834045991129
1285.0300360250474,-73.05837222569447,-73.05837222569447
1285.0400360250474,-73.0584148767222,-73.0584148767222
1285.0500360250473,-73.05846845605265,-73.05846845605265
1285.0600360250473,-73.05853300548188,-73.05853300548188
1285.0700360250473,-73.05860856557034,-73.05860856557034
1285.0800360250473,-73.0586951756455,-73.0586951756455
1285.0900360250473,-73.0587928738375,-73.0587928738375
1285.1000360250473,-73.05890169707843,-73.05890169707843
1285.1100360250473,-73.05902168113587,-73.05902168113587
1285.1200360250473,-73.05915286060738,-73.05915286060738
1285.1300360250473,-73.05929526895785,-73.05929526895785
1285.1400360250473,-73.05944893851921,-73.05944893851921
1285.1500360250473,-73.05961390051192,-73.05961390051192
1285.1600360250472,-73.05979018507779,-73.05979018507779
1285.1700360250472,-73.05997782125851,-73.05997782125851
1285.1800360250472,-73.06017683704292,-73.06017683704292
1285.1900360250472,-73.0603872593667,-73.0603872593667
1285.2000360488892,-73.06060911467124,-73.06060911467124
1285.2100360488892,-73.06083606070295,-73.06083606070295
1285.2200360488891,-73.06106533769106,-73.06106533769106
1285.2300360488891,-73.06129561585321,-73.06129561585321
1285.2400360488891,-73.06152622694357,-73.06152622694357
1285.2500360488891,-73.06175687078407,-73.06175687078407
1285.260036048889,-73.061987462886,-73.061987462886
1285.270036048889,-73.0622180450687,-73.0622180450687
1285.280036048889,-73.062448731837,-73.062448731837
1285.290036048889,-73.06267967805621,-73.06267967805621
1285.300036048889,-73.06291105961913,-73.06291105961913
1285.310036048889,-73.06314306191467,-73.06314306191467
1285.320036048889,-73.06337587304473,-73.06337587304473
1285.3300360488893,-73.06360967996186,-73.06360967996186
1285.3400360488893,-73.06384466638384,-73.06384466638384
1285.3500360488893,-73.06408101171692,-73.06408101171692
1285.3600360488892,-73.06431889066789,-73.06431889066789
1285.3700360488892,-73.0645584731817,-73.0645584731817
1285.3800360488892,-73.06479992464183,-73.06479992464183
1285.3900360488892,-73.06504340608372,-73.06504340608372
1285.4000360488892,-73.0652890745396,-73.0652890745396
1285.4100360488892,-73.06553708333031,-73.06553708333031
1285.4200360488892,-73.06578758238471,-73.06578758238471
1285.4300360488892,-73.06604071850317,-73.06604071850317
1285.4400360488892,-73.06629663560372,-73.06629663560372
1285.4500360488892,-73.06655547495063,-73.06655547495063
1285.4600360488892,-73.06681100870797,-73.06681100870797
1285.4700360488891,-73.06706058895419,-73.06706058895419
1285.4800360488891,-73.0673029972766,-73.0673029972766
1285.4900360488891,-73.06753767579511,-73.06753767579511
1285.5000360488891,-73.06776443380737,-73.06776443380737
1285.510036048889,-73.06798329542285,-73.06798329542285
1285.520036048889,-73.06819441028226,-73.06819441028226
1285.530036048889,-73.06839799993783,-73.06839799993783
1285.540036048889,-73.0685943255782,-73.0685943255782
1285.550036048889,-73.0687836687273,-73.0687836687273
1285.560036048889,-73.06896631970915,-73.06896631970915
1285.570036048889,-73.06914257089997,-73.06914257089997
1285.5800360488893,-73.06931271285573,-73.06931271285573
1285.5900360488893,-73.0694770322284,-73.0694770322284
1285.6000360488893,-73.06963581071022,-73.06963581071022
1285.6100360488892,-73.06978932461541,-73.06978932461541
1285.6200360488892,-73.06993784483126,-73.06993784483126
1285.6300360488892,-73.07008163699028,-73.07008163699028
1285.6400360488892,-73.07022096170832,-73.07022096170832
1285.6500360488892,-73.07035607489462,-73.07035607489462
1285.6600360488892,-73.07048722804377,-73.07048722804377
1285.6700360488892,-73.0706146685411,-73.0706146685411
1285.6800360488892,-73.0707386399198,-73.0707386399198
1285.6900360488892,-73.07085938208769,-73.07085938208769
1285.7000360488892,-73.07097713156779,-73.07097713156779
1285.7100360488892,-73.07109212165824,-73.07109212165824
1285.7200360488891,-73.07120458257548,-73.07120458257548
1285.7300360488891,-73.07131474162196,-73.07131474162196
1285.7400360488891,-73.07142282324317,-73.07142282324317
1285.7500360488891,-73.07152904917814,-73.07152904917814
1285.760036048889,-73.07163363849969,-73.07163363849969
1285.770036048889,-73.07173680768584,-73.07173680768584
1285.780036048889,-73.0718387706742,-73.0718387706742
1285.790036048889,-73.0719397389122,-73.0719397389122
1285.800036048889,-73.07203992137472,-73.07203992137472
1285.810036048889,-73.07213952461395,-73.07213952461395
1285.820036048889,-73.07223875275048,-73.07223875275048
1285.8300360488893,-73.07233780753029,-73.07233780753029
1285.8400360488893,-73.07243688832104,-73.07243688832104
1285.8500360488893,-73.07253619210809,-73.07253619210809
1285.8600360488892,-73.07263591353126,-73.07263591353126
1285.8700360488892,-73.07273624486955,-73.07273624486955
1285.8800360488892,-73.07283737606303,-73.07283737606303
1285.8900360488892,-73.07293949471236,-73.07293949471236
1285.9000360488892,-73.07304278607872,-73.07304278607872
1285.9100360488892,-73.07314743309315,-73.07314743309315
1285.9200360488892,-73.0732536163634,-73.0732536163634
1285.9300360488892,-73.07336151416055,-73.07336151416055
1285.9400360488892,-73.07347130244528,-73.07347130244528
1285.9500360488892,-73.07358315484754,-73.07358315484754
1285.9600360488892,-73.07369087606301,-73.07369087606301
1285.9700360488891,-73.07379185107324,-73.07379185107324
1285.9800360488891,-73.07388489435797,-73.07388489435797
1285.9900360488891,-73.07396948071168,-73.07396948071168
1286.0000360488891,-73.07404545175528,-73.07404545175528
1286.010036048889,-73.0741128635214,-73.0741128635214
1286.020036048889,-73.07417189706685,-73.07417189706685
1286.030036048889,-73.07422280480813,-73.07422280480813
1286.040036048889,-73.07426587819283,-73.07426587819283
1286.050036072731,-73.07430142845085,-73.07430142845085
1286.060036072731,-73.07432977467322,-73.07432977467322
1286.070036072731,-73.07435123761678,-73.07435123761678
1286.080036072731,-73.07436613543894,-73.07436613543894
1286.090036072731,-73.0743747816588,-73.0743747816588
1286.100036072731,-73.07437748414439,-73.07437748414439
1286.110036072731,-73.07437454468527,-73.07437454468527
1286.120036072731,-73.07436625893592,-73.07436625893592
1286.130036072731,-73.07435291659978,-73.07435291659978
1286.140036072731,-73.07433480169463,-73.07433480169463
1286.150036072731,-73.0743121928331,-73.0743121928331
1286.160036072731,-73.074285363546,-73.074285363546
1286.170036072731,-73.07425458260762,-73.07425458260762
1286.1800360727311,-73.0742201142994,-73.0742201142994
1286.1900360727311,-73.07418221864918,-73.07418221864918
1286.200036072731,-73.07414115167322,-73.07414115167322
1286.210036072731,-73.07409716556865,-73.07409716556865
1286.220036072731,-73.07405050886226,-73.07405050886226
1286.230036072731,-73.07400142659067,-73.07400142659067
1286.240036072731,-73.07395016039567,-73.07395016039567
1286.250036072731,-73.07389694865127,-73.07389694865127
1286.260036072731,-73.0738420265358,-73.0738420265358
1286.270036072731,-73.07378562613447,-73.07378562613447
1286.280036072731,-73.07372797648698,-73.07372797648698
1286.290036072731,-73.0736693036535,-73.0736693036535
1286.300036072731,-73.07360983075624,-73.07360983075624
1286.310036072731,-73.07354977803641,-73.07354977803641
1286.320036072731,-73.07348936287194,-73.07348936287194
1286.330036072731,-73.07342879982555,-73.07342879982555
1286.340036072731,-73.07336830065185,-73.07336830065185
1286.350036072731,-73.07330807435426,-73.07330807435426
1286.360036072731,-73.07324832716702,-73.07324832716702
1286.370036072731,-73.07318926261206,-73.07318926261206
1286.380036072731,-73.07313108148834,-73.07313108148834
1286.390036072731,-73.07307398190616,-73.07307398190616
1286.400036072731,-73.07301815928805,-73.07301815928805
1286.410036072731,-73.07296380640032,-73.07296380640032
1286.420036072731,-73.07291111334496,-73.07291111334496
1286.4300360727311,-73.07286026761572,-73.07286026761572
1286.4400360727311,-73.07281145405388,-73.07281145405388
1286.450036072731,-73.07276485490542,-73.07276485490542
1286.460036072731,-73.07272064982118,-73.07272064982118
1286.470036072731,-73.07267901585952,-73.07267901585952
1286.480036072731,-73.0726401275288,-73.0726401275288
1286.490036072731,-73.07260415676582,-73.07260415676582
1286.500036072731,-73.0725712729768,-73.0725712729768
1286.510036072731,-73.07254164304106,-73.07254164304106
1286.520036072731,-73.0725154313228,-73.0725154313228
1286.530036072731,-73.07249279969984,-73.07249279969984
1286.540036072731,-73.07247390756054,-73.07247390756054
1286.550036072731,-73.07245891184543,-73.07245891184543
1286.560036072731,-73.07244796703905,-73.07244796703905
1286.570036072731,-73.07244122519045,-73.07244122519045
1286.580036072731,-73.07243883594934,-73.07243883594934
1286.590036072731,-73.07244094656272,-73.07244094656272
1286.600036072731,-73.0724477018952,-73.0724477018952
1286.610036072731,-73.072459244458,-73.072459244458
1286.620036072731,-73.07247571442274,-73.07247571442274
1286.630036072731,-73.07249724963293,-73.07249724963293
1286.640036072731,-73.07252398562412,-73.07252398562412
1286.650036072731,-73.07255605566729,-73.07255605566729
1286.660036072731,-73.07259359075618,-73.07259359075618
1286.670036072731,-73.07263671963891,-73.07263671963891
1286.6800360727311,-73.07268556883741,-73.07268556883741
1286.6900360727311,-73.07274026266916,-73.07274026266916
1286.700036072731,-73.07280092327315,-73.07280092327315
1286.710036072731,-73.07286767062612,-73.07286767062612
1286.720036072731,-73.07294062255319,-73.07294062255319
1286.730036072731,-73.07301989475847,-73.07301989475847
1286.740036072731,-73.07310560084262,-73.07310560084262
1286.750036072731,-73.07319785234324,-73.07319785234324
1286.760036072731,-73.07329675871881,-73.07329675871881
1286.770036072731,-73.07340242740261,-73.07340242740261
1286.780036072731,-73.07351496379594,-73.07351496379594
1286.790036072731,-73.07363447131974,-73.07363447131974
1286.800036072731,-73.07376105142082,-73.07376105142082
1286.810036072731,-73.07389480358731,-73.07389480358731
1286.820036072731,-73.07403582537783,-73.07403582537783
1286.830036072731,-73.07418421244142,-73.07418421244142
1286.840036072731,-73.07434005854937,-73.07434005854937
1286.850036072731,-73.0745034555833,-73.0745034555833
1286.860036072731,-73.07467449360448,-73.07467449360448
1286.870036072731,-73.07485326083672,-73.07485326083672
1286.880036072731,-73.07503984370815,-73.07503984370815
1286.890036072731,-73.07523432686209,-73.07523432686209
1286.9000360965729,-73.07543679366836,-73.07543679366836
1286.9100360965729,-73.07564732433505,-73.07564732433505
1286.9200360965729,-73.07586599874251,-73.07586599874251
1286.9300360965728,-73.07609289461996,-73.07609289461996
1286.9400360965728,-73.07632808803463,-73.07632808803463
1286.9500360965728,-73.07657165338036,-73.07657165338036
1286.9600360965728,-73.07682366343067,-73.07682366343067
1286.9700360965728,-73.07708418934506,-73.07708418934506
1286.9800360965728,-73.07735330067558,-73.07735330067558
1286.9900360965728,-73.07763106541995,-73.07763106541995
1287.0000360965728,-73.07791755000571,-73.07791755000571
1287.0100360965728,-73.07821281934363,-73.07821281934363
1287.0200360965728,-73.0785169368239,-73.0785169368239
1287.030036096573,-73.07882996434799,-73.07882996434799
1287.040036096573,-73.07915196234242,-73.07915196234242
1287.050036096573,-73.07948298977593,-73.07948298977593
1287.060036096573,-73.07982310419425,-73.07982310419425
1287.070036096573,-73.0801723617127,-73.0801723617127
1287.080036096573,-73.08053081706636,-73.08053081706636
1287.090036096573,-73.08089852360037,-73.08089852360037
1287.100036096573,-73.08127553331464,-73.08127553331464
1287.110036096573,-73.08166189685693,-73.08166189685693
1287.120036096573,-73.0820576635594,-73.0820576635594
1287.130036096573,-73.08246288145763,-73.08246288145763
1287.1400360965729,-73.08287759728688,-73.08287759728688
1287.1500360965729,-73.08330185652459,-73.08330185652459
1287.1600360965729,-73.08373570340133,-73.08373570340133
1287.1700360965729,-73.08417918090936,-73.08417918090936
1287.1800360965728,-73.08463233083555,-73.08463233083555
1287.1900360965728,-73.08509519375582,-73.08509519375582
1287.2000360965728,-73.08556780907921,-73.08556780907921
1287.2100360965728,-73.08605021503006,-73.08605021503006
1287.2200360965728,-73.08654244871764,-73.08654244871764
1287.2300360965728,-73.08704454610118,-73.08704454610118
1287.2400360965728,-73.0875565420166,-73.0875565420166
1287.2500360965728,-73.08807847022081,-73.08807847022081
1287.2600360965728,-73.08861036337731,-73.08861036337731
1287.2700360965728,-73.08915225308769,-73.08915225308769
1287.280036096573,-73.08970416990257,-73.08970416990257
1287.290036096573,-73.09026614333595,-73.09026614333595
1287.300036096573,-73.09083820187769,-73.09083820187769
1287.310036096573,-73.09142037302381,-73.09142037302381
1287.320036096573,-73.09201268326403,-73.09201268326403
1287.330036096573,-73.09261515812283,-73.09261515812283
1287.340036096573,-73.09322782216732,-73.09322782216732
1287.350036096573,-73.09385069900937,-73.09385069900937
1287.360036096573,-73.09448381132415,-73.09448381132415
1287.370036096573,-73.0951271808765,-73.0951271808765
1287.380036096573,-73.09578082852754,-73.09578082852754
1287.3900360965729,-73.09644477424298,-73.09644477424298
1287.4000360965729,-73.0971190371126,-73.0971190371126
1287.4100360965729,-73.09780363536619,-73.09780363536619
1287.4200360965729,-73.0984985863656,-73.0984985863656
1287.4300360965728,-73.09920390665253,-73.09920390665253
1287.4400360965728,-73.09991961193778,-73.09991961193778
1287.4500360965728,-73.1006457171198,-73.1006457171198
1287.4600360965728,-73.10138223628864,-73.10138223628864
1287.4700360965728,-73.1021291827549,-73.1021291827549
1287.4800360965728,-73.10288656905692,-73.10288656905692
1287.4900360965728,-73.10365440695881,-73.10365440695881
1287.5000360965728,-73.10443270747172,-73.10443270747172
1287.5100360965728,-73.10522148088884,-73.10522148088884
1287.5200360965728,-73.10602073674215,-73.10602073674215
1287.530036096573,-73.1068304838727,-73.1068304838727
1287.540036096573,-73.1076507303989,-73.1076507303989
1287.550036096573,-73.10848148376029,-73.10848148376029
1287.560036096573,-73.10932275068974,-73.10932275068974
1287.570036096573,-73.11017453727524,-73.11017453727524
1287.580036096573,-73.11103684891401,-73.11103684891401
1287.590036096573,-73.11190969036963,-73.11190969036963
1287.600036096573,-73.11279306575818,-73.11279306575818
1287.610036096573,-73.11368697856963,-73.11368697856963
1287.620036096573,-73.11459143166311,-73.11459143166311
1287.630036096573,-73.11550642728885,-73.11550642728885
1287.6400360965729,-73.11643196710224,-73.11643196710224
1287.6500360965729,-73.11736805216816,-73.11736805216816
1287.6600360965729,-73.11831468295674,-73.11831468295674
1287.6700360965729,-73.11927185937272,-73.11927185937272
1287.6800360965728,-73.12023958076273,-73.12023958076273
1287.6900360965728,-73.12121784590737,-73.12121784590737
1287.7000360965728,-73.12220665305385,-73.12220665305385
1287.7100360965728,-73.12320599990117,-73.12320599990117
1287.7200360965728,-73.12421588362716,-73.12421588362716
1287.7300360965728,-73.1252363008902,-73.1252363008902
1287.7400360965728,-73.12626724783885,-73.12626724783885
1287.7500361204147,-73.12730872260578,-73.12730872260578
1287.7600361204147,-73.12836071541744,-73.12836071541744
1287.7700361204147,-73.12942322337082,-73.12942322337082
1287.7800361204147,-73.13049624066336,-73.13049624066336
1287.7900361204147,-73.13157976101718,-73.13157976101718
1287.8000361204147,-73.13267377769373,-73.13267377769373
1287.8100361204147,-73.13377828349886,-73.13377828349886
1287.8200361204147,-73.13489327079023,-73.13489327079023
1287.8300361204147,-73.13601873147958,-73.13601873147958
1287.8400361204147,-73.13715465706885,-73.13715465706885
1287.8500361204146,-73.13830103861726,-73.13830103861726
1287.8600361204146,-73.13945786677381,-73.13945786677381
1287.8700361204146,-73.14062513177868,-73.14062513177868
1287.8800361204148,-73.14180282346504,-73.14180282346504
1287.8900361204148,-73.14299093127423,-73.14299093127423
1287.9000361204148,-73.1441894442622,-73.1441894442622
1287.9100361204148,-73.14539835110234,-73.14539835110234
1287.9200361204148,-73.14661764007276,-73.14661764007276
1287.9300361204148,-73.14784729911258,-73.14784729911258
1287.9400361204148,-73.14908731578682,-73.14908731578682
1287.9500361204148,-73.15033767729513,-73.15033767729513
1287.9600361204148,-73.15159199349691,-73.15159199349691
1287.9700361204148,-73.15284746013221,-73.15284746013221
1287.9800361204148,-73.15410270602148,-73.15410270602148
1287.9900361204147,-73.15535702309117,-73.15535702309117
1288.0000361204147,-73.15661007256674,-73.15661007256674
1288.0100361204147,-73.15786173237643,-73.15786173237643
1288.0200361204147,-73.15911200768808,-73.15911200768808
1288.0300361204147,-73.16036097714696,-73.16036097714696
1288.0400361204147,-73.16160876057522,-73.16160876057522
1288.0500361204147,-73.16285549953237,-73.16285549953237
1288.0600361204147,-73.16410134580518,-73.16410134580518
1288.0700361204147,-73.16534645458414,-73.16534645458414
1288.0800361204147,-73.16659098060427,-73.16659098060427
1288.0900361204147,-73.16783507599708,-73.16783507599708
1288.1000361204146,-73.16907888926012,-73.16907888926012
1288.1100361204146,-73.17032256479675,-73.17032256479675
1288.1200361204146,-73.17156624289859,-73.17156624289859
1288.1300361204148,-73.17281005987701,-73.17281005987701
1288.1400361204148,-73.1740541483085,-73.1740541483085
1288.1500361204148,-73.17529863734549,-73.17529863734549
1288.1600361204148,-73.17654365301597,-73.17654365301597
1288.1700361204148,-73.17778931851245,-73.17778931851245
1288.1800361204148,-73.17903575445379,-73.17903575445379
1288.1900361204148,-73.18028307913666,-73.18028307913666
1288.2000361204148,-73.18153140871674,-73.18153140871674
1288.2100361204148,-73.18277447766683,-73.18277447766683
1288.2200361204148,-73.18400960640135,-73.18400960640135
1288.2300361204148,-73.18523554771562,-73.18523554771562
1288.2400361204147,-73.18645171660123,-73.18645171660123
1288.2500361204147,-73.18765789641309,-73.18765789641309
1288.2600361204147,-73.1888540863051,-73.1888540863051
1288.2700361204147,-73.19004041176072,-73.19004041176072
1288.2800361204147,-73.19121707088831,-73.19121707088831
1288.2900361204147,-73.19238430211811,-73.19238430211811
1288.3000361204147,-73.19354236482364,-73.19354236482364
1288.3100361204147,-73.19469152777404,-73.19469152777404
1288.3200361204147,-73.19583206236811,-73.19583206236811
1288.3300361204147,-73.19696423876057,-73.19696423876057
1288.3400361204147,-73.19808832370991,-73.19808832370991
1288.3500361204146,-73.19920457954841,-73.19920457954841
1288.3600361204146,-73.20031326374512,-73.20031326374512
1288.3700361204146,-73.20141462883483,-73.20141462883483
1288.3800361204148,-73.20250892258093,-73.20250892258093
1288.3900361204148,-73.20359638820638,-73.20359638820638
1288.4000361204148,-73.2046772646921,-73.2046772646921
1288.4100361204148,-73.20575178705792,-73.20575178705792
1288.4200361204148,-73.20682018664728,-73.20682018664728
1288.4300361204148,-73.20788269140263,-73.20788269140263
1288.4400361204148,-73.20893952606198,-73.20893952606198
1288.4500361204148,-73.20999091238039,-73.20999091238039
1288.4600361204148,-73.21103706930054,-73.21103706930054
1288.4700361204148,-73.21207821308734,-73.21207821308734
1288.4800361204148,-73.21311455747492,-73.21311455747492
1288.4900361204147,-73.21414631374165,-73.21414631374165
1288.5000361204147,-73.21517369081907,-73.21517369081907
1288.5100361204147,-73.21619689533907,-73.21619689533907
1288.5200361204147,-73.21721613171833,-73.21721613171833
1288.5300361204147,-73.21823160217639,-73.21823160217639
1288.5400361204147,-73.21924350678437,-73.21924350678437
1288.5500361204147,-73.22025204349235,-73.22025204349235
1288.5600361204147,-73.22125740815851,-73.22125740815851
1288.5700361204147,-73.22225979454645,-73.22225979454645
1288.5800361204147,-73.22325939435292,-73.22325939435292
1288.5900361204147,-73.22425639721861,-73.22425639721861
1288.6000361442566,-73.22525099309537,-73.22525099309537
1288.6100361442566,-73.22624336276304,-73.22624336276304
1288.6200361442566,-73.22723369206929,-73.22723369206929
1288.6300361442566,-73.22822216243968,-73.22822216243968
1288.6400361442566,-73.22920895325133,-73.22920895325133
1288.6500361442565,-73.23019424183059,-73.23019424183059
1288.6600361442565,-73.23117820343967,-73.23117820343967
1288.6700361442565,-73.23216101129405,-73.23216101129405
1288.6800361442565,-73.23314283655345,-73.23314283655345
1288.6900361442565,-73.23412384831174,-73.23412384831174
1288.7000361442565,-73.23510421361618,-73.23510421361618
1288.7100361442565,-73.23608409745061,-73.23608409745061
1288.7200361442565,-73.23706366273797,-73.23706366273797
1288.7300361442567,-73.23804307033333,-73.23804307033333
1288.7400361442567,-73.2390224790523,-73.2390224790523
1288.7500361442567,-73.24000204564695,-73.24000204564695
1288.7600361442567,-73.24098192480801,-73.24098192480801
1288.7700361442567,-73.24196226917552,-73.24196226917552
1288.7800361442567,-73.24294322934807,-73.24294322934807
1288.7900361442566,-73.24392495387872,-73.24392495387872
1288.8000361442566,-73.24490758928721,-73.24490758928721
1288.8100361442566,-73.24589128004969,-73.24589128004969
1288.8200361442566,-73.24687616862202,-73.24687616862202
1288.8300361442566,-73.24786239543576,-73.24786239543576
1288.8400361442566,-73.24885009891469,-73.24885009891469
1288.8500361442566,-73.24983941547616,-73.24983941547616
1288.8600361442566,-73.2508304795344,-73.2508304795344
1288.8700361442566,-73.25182342352652,-73.25182342352652
1288.8800361442566,-73.25281837790932,-73.25281837790932
1288.8900361442566,-73.25381547117614,-73.25381547117614
1288.9000361442565,-73.25481482984989,-73.25481482984989
1288.9100361442565,-73.25581657852362,-73.25581657852362
1288.9200361442565,-73.25682083985816,-73.25682083985816
1288.9300361442565,-73.25782773457863,-73.25782773457863
1288.9400361442565,-73.25883738151798,-73.25883738151798
1288.9500361442565,-73.25984989760751,-73.25984989760751
1288.9600361442565,-73.26086539789335,-73.26086539789335
1288.9700361442565,-73.26188399555384,-73.26188399555384
1288.9800361442567,-73.26290580191835,-73.26290580191835
1288.9900361442567,-73.26393092647041,-73.26393092647041
1289.0000361442567,-73.26495947687135,-73.26495947687135
1289.0100361442567,-73.26599155896962,-73.26599155896962
1289.0200361442567,-73.26702727682934,-73.26702727682934
1289.0300361442567,-73.26806673272023,-73.26806673272023
1289.0400361442566,-73.26911002715264,-73.26911002715264
1289.0500361442566,-73.27015725888712,-73.27015725888712
1289.0600361442566,-73.27120852495472,-73.27120852495472
1289.0700361442566,-73.2722639206751,-73.2722639206751
1289.0800361442566,-73.27332353965916,-73.27332353965916
1289.0900361442566,-73.27438747383664,-73.27438747383664
1289.1000361442566,-73.27545581346837,-73.27545581346837
1289.1100361442566,-73.27652864717551,-73.27652864717551
1289.1200361442566,-73.27760606193394,-73.27760606193394
1289.1300361442566,-73.27868814310963,-73.27868814310963
1289.1400361442566,-73.27977497445976,-73.27977497445976
1289.1500361442565,-73.28086663816569,-73.28086663816569
1289.1600361442565,-73.28196321484799,-73.28196321484799
1289.1700361442565,-73.28306478357004,-73.28306478357004
1289.1800361442565,-73.28417142186517,-73.28417142186517
1289.1900361442565,-73.28528320575099,-73.28528320575099
1289.2000361442565,-73.28640020975652,-73.28640020975652
1289.2100361442565,-73.28752250690987,-73.28752250690987
1289.2200361442565,-73.28865016879307,-73.28865016879307
1289.2300361442567,-73.28978326554551,-73.28978326554551
1289.2400361442567,-73.29092186585812,-73.29092186585812
1289.2500361442567,-73.29206603702285,-73.29206603702285
1289.2600361442567,-73.2932158449344,-73.2932158449344
1289.2700361442567,-73.2943713541079,-73.2943713541079
1289.2800361442567,-73.29553262768864,-73.29553262768864
1289.2900361442566,-73.29669972748795,-73.29669972748795
1289.3000361442566,-73.29787271398254,-73.29787271398254
1289.3100361442566,-73.29905164632734,-73.29905164632734
1289.3200361442566,-73.30023658240299,-73.30023658240299
1289.3300361442566,-73.30142757878916,-73.30142757878916
1289.3400361442566,-73.30262469081548,-73.30262469081548
1289.3500361442566,-73.30382797256223,-73.30382797256223
1289.3600361442566,-73.3050374768722,-73.3050374768722
1289.3700361442566,-73.30625325538706,-73.30625325538706
1289.3800361442566,-73.30747535853116,-73.30747535853116
1289.3900361442566,-73.30870383555633,-73.30870383555633
1289.4000361442565,-73.30993873454373,-73.30993873454373
1289.4100361442565,-73.3111801024177,-73.3111801024177
1289.4200361442565,-73.31242798497607,-73.31242798497607
1289.4300361442565,-73.31368242688578,-73.31368242688578
1289.4400361442565,-73.31494347171628,-73.31494347171628
1289.4500361680984,-73.31621116495798,-73.31621116495798
1289.4600361680984,-73.3174855419935,-73.3174855419935
1289.4700361680984,-73.31876664614171,-73.31876664614171
1289.4800361680984,-73.3200545166868,-73.3200545166868
1289.4900361680984,-73.3213491918878,-73.3213491918878
1289.5000361680984,-73.3226507089814,-73.3226507089814
1289.5100361680984,-73.32395910419598,-73.32395910419598
1289.5200361680984,-73.32527441277155,-73.32527441277155
1289.5300361680984,-73.32659666897294,-73.32659666897294
1289.5400361680984,-73.32792590610072,-73.32792590610072
1289.5500361680984,-73.32926215650707,-73.32926215650707
1289.5600361680983,-73.33060545160869,-73.33060545160869
1289.5700361680983,-73.33195582189607,-73.33195582189607
1289.5800361680986,-73.33331329695909,-73.33331329695909
1289.5900361680985,-73.33467790549103,-73.33467790549103
1289.6000361680985,-73.33604967528652,-73.33604967528652
1289.6100361680985,-73.3374286332896,-73.3374286332896
1289.6200361680985,-73.33881480557608,-73.33881480557608
1289.6300361680985,-73.34020821738248,-73.34020821738248
1289.6400361680985,-73.34160889310445,-73.34160889310445
1289.6500361680985,-73.34301685633424,-73.34301685633424
1289.6600361680985,-73.34443212983595,-73.34443212983595
1289.6700361680985,-73.34585473558947,-73.34585473558947
1289.6800361680985,-73.34728469477925,-73.34728469477925
1289.6900361680985,-73.3487220278309,-73.3487220278309
1289.7000361680984,-73.35016675440272,-73.35016675440272
1289.7100361680984,-73.351618893406,-73.351618893406
1289.7200361680984,-73.35307846300574,-73.35307846300574
1289.7300361680984,-73.35454548063845,-73.35454548063845
1289.7400361680984,-73.35601996303664,-73.35601996303664
1289.7500361680984,-73.35750192621154,-73.35750192621154
1289.7600361680984,-73.35899138549205,-73.35899138549205
1289.7700361680984,-73.36048835551635,-73.36048835551635
1289.7800361680984,-73.36199285024837,-73.36199285024837
1289.7900361680984,-73.36350488299097,-73.36350488299097
1289.8000361680984,-73.36502446639571,-73.36502446639571
1289.8100361680983,-73.36655161245994,-73.36655161245994
1289.8200361680983,-73.36808633256227,-73.36808633256227
1289.8300361680986,-73.36962863744671,-73.36962863744671
1289.8400361680985,-73.37117853724428,-73.37117853724428
1289.8500361680985,-73.37273604147747,-73.37273604147747
1289.8600361680985,-73.37430115908501,-73.37430115908501
1289.8700361680985,-73.37587389841552,-73.37587389841552
1289.8800361680985,-73.37745426724116,-73.37745426724116
1289.8900361680985,-73.37904227276194,-73.37904227276194
1289.9000361680985,-73.38063792162218,-73.38063792162218
1289.9100361680985,-73.3822412199133,-73.3822412199133
1289.9200361680985,-73.38385217318923,-73.38385217318923
1289.9300361680985,-73.38547078646883,-73.38547078646883
1289.9400361680985,-73.38709706424284,-73.38709706424284
1289.9500361680984,-73.3887310104978,-73.3887310104978
1289.9600361680984,-73.39037262871024,-73.39037262871024
1289.9700361680984,-73.39202192184727,-73.39202192184727
1289.9800361680984,-73.39367889239006,-73.39367889239006
1289.9900361680984,-73.39534354233764,-73.39534354233764
1290.0000361680984,-73.39701587321194,-73.39701587321194
1290.0100361680984,-73.39869588606018,-73.39869588606018
1290.0200361680984,-73.40038358148378,-73.40038358148378
1290.0300361680984,-73.4020789596181,-73.4020789596181
1290.0400361680984,-73.40378202016193,-73.40378202016193
1290.0500361680984,-73.4054927623633,-73.4054927623633
1290.0600361680983,-73.40721118505374,-73.40721118505374
1290.0700361680983,-73.40893728663487,-73.40893728663487
1290.0800361680986,-73.41067106508102,-73.41067106508102
1290.0900361680985,-73.41241251797443,-73.41241251797443
1290.1000361680985,-73.414161642486,-73.414161642486
1290.1100361680985,-73.41591843537911,-73.41591843537911
1290.1200361680985,-73.41768289304727,-73.41768289304727
1290.1300361680985,-73.41945501148437,-73.41945501148437
1290.1400361680985,-73.42123478630945,-73.42123478630945
1290.1500361680985,-73.42302221277971,-73.42302221277971
1290.1600361680985,-73.42481728577312,-73.42481728577312
1290.1700361680985,-73.42661999982074,-73.42661999982074
1290.1800361680985,-73.42843034909906,-73.42843034909906
1290.1900361680985,-73.4302483274398,-73.4302483274398
1290.2000361680984,-73.43207392832588,-73.43207392832588
1290.2100361680984,-73.43390074072565,-73.43390074072565
1290.2200361680984,-73.43572595291451,-73.43572595291451
1290.2300361680984,-73.43754819172572,-73.43754819172572
1290.2400361680984,-73.43936674971138,-73.43936674971138
1290.2500361680984,-73.4411812902122,-73.4411812902122
1290.2600361680984,-73.44299169421281,-73.44299169421281
1290.2700361680984,-73.444797970552,-73.444797970552
1290.2800361680984,-73.44660020199034,-73.44660020199034
1290.2900361680984,-73.44839851279636,-73.44839851279636
1290.3000361919403,-73.45019305351539,-73.45019305351539
1290.3100361919403,-73.45198397230754,-73.45198397230754
1290.3200361919403,-73.45377143376425,-73.45377143376425
1290.3300361919403,-73.45555559790449,-73.45555559790449
1290.3400361919403,-73.45733662230619,-73.45733662230619
1290.3500361919403,-73.4591146610267,-73.4591146610267
1290.3600361919403,-73.46088986418073,-73.46088986418073
1290.3700361919402,-73.4626623778746,-73.4626623778746
1290.3800361919402,-73.46443234435102,-73.46443234435102
1290.3900361919402,-73.466199902214,-73.466199902214
1290.4000361919402,-73.46796518675598,-73.46796518675598
1290.4100361919402,-73.46972833021412,-73.46972833021412
1290.4200361919402,-73.47148946208223,-73.47148946208223
1290.4300361919404,-73.47324870936461,-73.47324870936461
1290.4400361919404,-73.47500619680423,-73.47500619680423
1290.4500361919404,-73.47676204710322,-73.47676204710322
1290.4600361919404,-73.47851638107468,-73.47851638107468
1290.4700361919404,-73.48026931782132,-73.48026931782132
1290.4800361919404,-73.48202097484868,-73.48202097484868
1290.4900361919404,-73.48377146816097,-73.48377146816097
1290.5000361919404,-73.48552091239688,-73.48552091239688
1290.5100361919403,-73.48726942084778,-73.48726942084778
1290.5200361919403,-73.48901710555717,-73.48901710555717
1290.5300361919403,-73.49076407734997,-73.49076407734997
1290.5400361919403,-73.49251044587653,-73.49251044587653
1290.5500361919403,-73.49425631963882,-73.49425631963882
1290.5600361919403,-73.4960018060312,-73.4960018060312
1290.5700361919403,-73.49774701135429,-73.49774701135429
1290.5800361919403,-73.4994920408112,-73.4994920408112
1290.5900361919403,-73.50123699851976,-73.50123699851976
1290.6000361919403,-73.50298198754805,-73.50298198754805
1290.6100361919403,-73.50472710989362,-73.50472710989362
1290.6200361919402,-73.50647246647178,-73.50647246647178
1290.6300361919402,-73.50821815715564,-73.50821815715564
1290.6400361919402,-73.50996428073763,-73.50996428073763
1290.6500361919402,-73.5117109349502,-73.5117109349502
1290.6600361919402,-73.51345821643952,-73.51345821643952
1290.6700361919402,-73.51520622078968,-73.51520622078968
1290.6800361919404,-73.51695504250095,-73.51695504250095
1290.6900361919404,-73.51870477499818,-73.51870477499818
1290.7000361919404,-73.52045551059905,-73.52045551059905
1290.7100361919404,-73.52220734054669,-73.52220734054669
1290.7200361919404,-73.52396035497173,-73.52396035497173
1290.7300361919404,-73.52571464291786,-73.52571464291786
1290.7400361919404,-73.52747029231422,-73.52747029231422
1290.7500361919404,-73.52922738999338,-73.52922738999338
1290.7600361919403,-73.53098602166419,-73.53098602166419
1290.7700361919403,-73.53274627194094,-73.53274627194094
1290.7800361919403,-73.53450822430506,-73.53450822430506
1290.7900361919403,-73.53627196113298,-73.53627196113298
1290.8000361919403,-73.53803756366715,-73.53803756366715
1290.8100361919403,-73.53980511205715,-73.53980511205715
1290.8200361919403,-73.54157468531743,-73.54157468531743
1290.8300361919403,-73.54334636135195,-73.54334636135195
1290.8400361919403,-73.54512021693401,-73.54512021693401
1290.8500361919403,-73.54689632773857,-73.54689632773857
1290.8600361919403,-73.54867476830873,-73.54867476830873
1290.8700361919402,-73.55045561208462,-73.55045561208462
1290.8800361919402,-73.55223893139355,-73.55223893139355
1290.8900361919402,-73.55402479745428,-73.55402479745428
1290.9000361919402,-73.55581328038751,-73.55581328038751
1290.9100361919402,-73.55760444920853,-73.55760444920853
1290.9200361919402,-73.55939837182692,-73.55939837182692
1290.9300361919404,-73.56119511507194,-73.56119511507194
1290.9400361919404,-73.56299474468507,-73.56299474468507
1290.9500361919404,-73.56479732531757,-73.56479732531757
1290.9600361919404,-73.56660292054794,-73.56660292054794
1290.9700361919404,-73.56841159288255,-73.56841159288255
1290.9800361919404,-73.5702234037652,-73.5702234037652
1290.9900361919404,-73.57203841357648,-73.57203841357648
1291.0000361919404,-73.57385668163798,-73.57385668163798
1291.0100361919403,-73.57567826623583,-73.57567826623583
1291.0200361919403,-73.5775032246113,-73.5775032246113
1291.0300361919403,-73.5793316129723,-73.5793316129723
1291.0400361919403,-73.5811634865143,-73.5811634865143
1291.0500361919403,-73.58299889939944,-73.58299889939944
1291.0600361919403,-73.58483790478134,-73.58483790478134
1291.0700361919403,-73.58668055482978,-73.58668055482978
1291.0800361919403,-73.58852690070506,-73.58852690070506
1291.0900361919403,-73.59037699258117,-73.59037699258117
1291.1000361919403,-73.59223087966458,-73.59223087966458
1291.1100361919403,-73.5940886101862,-73.5940886101862
1291.1200361919402,-73.59595023142587,-73.59595023142587
1291.1300361919402,-73.59781578970818,-73.59781578970818
1291.1400361919402,-73.59968533041538,-73.59968533041538
1291.1500362157822,-73.60155890246307,-73.60155890246307
1291.1600362157822,-73.60343654046467,-73.60343654046467
1291.1700362157821,-73.60531829147017,-73.60531829147017
1291.1800362157821,-73.60720419719395,-73.60720419719395
1291.1900362157821,-73.60909429843771,-73.60909429843771
1291.2000362157821,-73.61098863512927,-73.61098863512927
1291.210036215782,-73.61288724630819,-73.61288724630819
1291.220036215782,-73.61479017015124,-73.61479017015124
1291.230036215782,-73.61669744397905,-73.61669744397905
1291.240036215782,-73.61860910425216,-73.61860910425216
1291.250036215782,-73.62052518659632,-73.62052518659632
1291.260036215782,-73.6224457258076,-73.6224457258076
1291.270036215782,-73.62437075585753,-73.62437075585753
1291.2800362157823,-73.62630030990577,-73.62630030990577
1291.2900362157823,-73.62823442031731,-73.62823442031731
1291.3000362157823,-73.63017311865275,-73.63017311865275
1291.3100362157822,-73.6321164356861,-73.6321164356861
1291.3200362157822,-73.63406440142637,-73.63406440142637
1291.3300362157822,-73.63601704511731,-73.63601704511731
1291.3400362157822,-73.6379743952435,-73.6379743952435
1291.3500362157822,-73.63993647954369,-73.63993647954369
1291.3600362157822,-73.64190332501452,-73.64190332501452
1291.3700362157822,-73.64387495792545,-73.64387495792545
1291.3800362157822,-73.64585140383073,-73.64585140383073
1291.3900362157822,-73.64783268758462,-73.64783268758462
1291.4000362157822,-73.64981883330806,-73.64981883330806
1291.4100362157822,-73.6518098644642,-73.6518098644642
1291.4200362157821,-73.65380580382137,-73.65380580382137
1291.4300362157821,-73.6558066734696,-73.6558066734696
1291.4400362157821,-73.65781249483894,-73.65781249483894
1291.4500362157821,-73.65982328869634,-73.65982328869634
1291.460036215782,-73.66183907517151,-73.66183907517151
1291.470036215782,-73.66385987374747,-73.66385987374747
1291.480036215782,-73.66588570328027,-73.66588570328027
1291.490036215782,-73.66791658199654,-73.66791658199654
1291.500036215782,-73.66995252752642,-73.66995252752642
1291.510036215782,-73.67199355687048,-73.67199355687048
1291.520036215782,-73.67403968646256,-73.67403968646256
1291.5300362157823,-73.67609093212648,-73.67609093212648
1291.5400362157823,-73.67814730911681,-73.67814730911681
1291.5500362157823,-73.6802088321085,-73.6802088321085
1291.5600362157822,-73.68227551521527,-73.68227551521527
1291.5700362157822,-73.68434737199638,-73.68434737199638
1291.5800362157822,-73.68642441546662,-73.68642441546662
1291.5900362157822,-73.68850665809725,-73.68850665809725
1291.6000362157822,-73.6905941118224,-73.6905941118224
1291.6100362157822,-73.69268678805611,-73.69268678805611
1291.6200362157822,-73.69478469770145,-73.69478469770145
1291.6300362157822,-73.69688785114099,-73.69688785114099
1291.6400362157822,-73.69899625826473,-73.69899625826473
1291.6500362157822,-73.7011099284609,-73.7011099284609
1291.6600362157822,-73.70322887063655,-73.70322887063655
1291.6700362157821,-73.70535309321643,-73.70535309321643
1291.6800362157821,-73.70748260414088,-73.70748260414088
1291.6900362157821,-73.70961741090896,-73.70961741090896
1291.7000362157821,-73.71175752054036,-73.71175752054036
1291.710036215782,-73.71389650917124,-73.71389650917124
1291.720036215782,-73.71603156546394,-73.71603156546394
1291.730036215782,-73.7181613219475,-73.7181613219475
1291.740036215782,-73.72028507927983,-73.72028507927983
1291.750036215782,-73.72240251024758,-73.72240251024758
1291.760036215782,-73.7245135060335,-73.7245135060335
1291.770036215782,-73.72661808615574,-73.72661808615574
1291.7800362157823,-73.7287163443418,-73.7287163443418
1291.7900362157823,-73.73080841597759,-73.73080841597759
1291.8000362157823,-73.73289445858822,-73.73289445858822
1291.8100362157822,-73.73497464019519,-73.73497464019519
1291.8200362157822,-73.73704913246426,-73.73704913246426
1291.8300362157822,-73.73911810679434,-73.73911810679434
1291.8400362157822,-73.74118173214084,-73.74118173214084
1291.8500362157822,-73.74324017394952,-73.74324017394952
1291.8600362157822,-73.74529359373852,-73.74529359373852
1291.8700362157822,-73.74734214896912,-73.74734214896912
1291.8800362157822,-73.74938599322581,-73.74938599322581
1291.8900362157822,-73.7514252764588,-73.7514252764588
1291.9000362157822,-73.75346014524756,-73.75346014524756
1291.9100362157822,-73.75549074310882,-73.75549074310882
1291.9200362157821,-73.75751721076507,-73.75751721076507
1291.9300362157821,-73.75953968641575,-73.75953968641575
1291.9400362157821,-73.76155830597645,-73.76155830597645
1291.9500362157821,-73.7635732032518,-73.7635732032518
1291.960036215782,-73.76558451013675,-73.76558451013675
1291.970036215782,-73.7675923567544,-73.7675923567544
1291.980036215782,-73.76959687159025,-73.76959687159025
1291.990036215782,-73.77159818158765,-73.77159818158765
1292.000036239624,-73.77359641700691,-73.77359641700691
1292.010036239624,-73.77559169244556,-73.77559169244556
1292.020036239624,-73.77758413548447,-73.77758413548447
1292.030036239624,-73.77957386766232,-73.77957386766232
1292.040036239624,-73.78156100928729,-73.78156100928729
1292.050036239624,-73.78354567948263,-73.78354567948263
1292.060036239624,-73.78552799618046,-73.78552799618046
1292.070036239624,-73.7875080761643,-73.7875080761643
1292.080036239624,-73.78948603506568,-73.78948603506568
1292.090036239624,-73.79146198738222,-73.79146198738222
1292.100036239624,-73.7934360464977,-73.7934360464977
1292.110036239624,-73.7954083246453,-73.7954083246453
1292.120036239624,-73.7973789329515,-73.7973789329515
1292.1300362396241,-73.79934798141403,-73.79934798141403
1292.1400362396241,-73.80131557889122,-73.80131557889122
1292.1500362396241,-73.80328183312997,-73.80328183312997
1292.160036239624,-73.8052468507307,-73.8052468507307
1292.170036239624,-73.80721073716607,-73.80721073716607
1292.180036239624,-73.80917359676403,-73.80917359676403
1292.190036239624,-73.81113553270372,-73.81113553270372
1292.200036239624,-73.81309664702296,-73.81309664702296
1292.210036239624,-73.81505060163686,-73.81505060163686
1292.220036239624,-73.81699467519464,-73.81699467519464
1292.230036239624,-73.81892759145181,-73.81892759145181
1292.240036239624,-73.82084874246365,-73.82084874246365
1292.250036239624,-73.82275789216679,-73.82275789216679
1292.260036239624,-73.82465502247246,-73.82465502247246
1292.270036239624,-73.82654024304605,-73.82654024304605
1292.280036239624,-73.8284137371272,-73.8284137371272
1292.290036239624,-73.83027572893201,-73.83027572893201
1292.300036239624,-73.83212646409092,-73.83212646409092
1292.310036239624,-73.83396619796831,-73.83396619796831
1292.320036239624,-73.83579518884981,-73.83579518884981
1292.330036239624,-73.83761369393713,-73.83761369393713
1292.340036239624,-73.8394219672406,-73.8394219672406
1292.350036239624,-73.84122025844624,-73.84122025844624
1292.360036239624,-73.84300881251285,-73.84300881251285
1292.370036239624,-73.84478786954955,-73.84478786954955
1292.3800362396241,-73.84655766497806,-73.84655766497806
1292.3900362396241,-73.84831842975949,-73.84831842975949
1292.4000362396241,-73.85007039065806,-73.85007039065806
1292.410036239624,-73.85181377057356,-73.85181377057356
1292.420036239624,-73.85354878877797,-73.85354878877797
1292.430036239624,-73.85527566118802,-73.85527566118802
1292.440036239624,-73.85699460061343,-73.85699460061343
1292.450036239624,-73.85870581692991,-73.85870581692991
1292.460036239624,-73.86040951725624,-73.86040951725624
1292.470036239624,-73.8621059061346,-73.8621059061346
1292.480036239624,-73.86379518562048,-73.86379518562048
1292.490036239624,-73.86547755540157,-73.86547755540157
1292.500036239624,-73.86715321291081,-73.86715321291081
1292.510036239624,-73.86882235336232,-73.86882235336232
1292.520036239624,-73.87048516983829,-73.87048516983829
1292.530036239624,-73.8721418533276,-73.8721418533276
1292.540036239624,-73.87379259277657,-73.87379259277657
1292.550036239624,-73.87543757511037,-73.87543757511037
1292.560036239624,-73.87707698526766,-73.87707698526766
1292.570036239624,-73.87871100622831,-73.87871100622831
1292.580036239624,-73.88033981900024,-73.88033981900024
1292.590036239624,-73.88196360267234,-73.88196360267234
1292.600036239624,-73.8835825344017,-73.8835825344017
1292.610036239624,-73.88519678941789,-73.88519678941789
1292.620036239624,-73.88680654105211,-73.88680654105211
1292.6300362396241,-73.88841196070965,-73.88841196070965
1292.6400362396241,-73.89001321789878,-73.89001321789878
1292.6500362396241,-73.89161048022116,-73.89161048022116
1292.660036239624,-73.89320391338067,-73.89320391338067
1292.670036239624,-73.89479368117408,-73.89479368117408
1292.680036239624,-73.8963799455053,-73.8963799455053
1292.690036239624,-73.89796286637494,-73.89796286637494
1292.700036239624,-73.89954260189646,-73.89954260189646
1292.710036239624,-73.90111930828306,-73.90111930828306
1292.720036239624,-73.90269313985722,-73.90269313985722
1292.730036239624,-73.90426424905344,-73.90426424905344
1292.740036239624,-73.90583278642397,-73.90583278642397
1292.750036239624,-73.90739890062424,-73.90739890062424
1292.760036239624,-73.90896273844872,-73.90896273844872
1292.770036239624,-73.91052444480012,-73.91052444480012
1292.780036239624,-73.91208416271687,-73.91208416271687
1292.790036239624,-73.91364203337774,-73.91364203337774
1292.800036239624,-73.91519819608973,-73.91519819608973
1292.810036239624,-73.91675278831585,-73.91675278831585
1292.820036239624,-73.91830594567824,-73.91830594567824
1292.830036239624,-73.91985780193163,-73.91985780193163
1292.840036239624,-73.92140848902146,-73.92140848902146
1292.8500362634659,-73.92295814076026,-73.92295814076026
1292.8600362634659,-73.92450687807163,-73.92450687807163
1292.8700362634659,-73.92605483113928,-73.92605483113928
1292.8800362634659,-73.92760212466267,-73.92760212466267
1292.8900362634658,-73.92914888155508,-73.92914888155508
1292.9000362634658,-73.93069522295355,-73.93069522295355
1292.9100362634658,-73.93224126823452,-73.93224126823452
1292.9200362634658,-73.93378713501575,-73.93378713501575
1292.9300362634658,-73.93533293916953,-73.93533293916953
1292.9400362634658,-73.93687879484327,-73.93687879484327
1292.9500362634658,-73.93842481446602,-73.93842481446602
1292.9600362634658,-73.93997110875338,-73.93997110875338
1292.9700362634658,-73.94151778673127,-73.94151778673127
1292.980036263466,-73.94306495575489,-73.94306495575489
1292.990036263466,-73.94461272149384,-73.94461272149384
1293.000036263466,-73.94616118797384,-73.94616118797384
1293.010036263466,-73.94771045758948,-73.94771045758948
1293.020036263466,-73.94926063108456,-73.94926063108456
1293.030036263466,-73.9508118076162,-73.9508118076162
1293.040036263466,-73.95236408472698,-73.95236408472698
1293.050036263466,-73.95391755838797,-73.95391755838797
1293.060036263466,-73.95547232299258,-73.95547232299258
1293.070036263466,-73.95702847138585,-73.95702847138585
1293.080036263466,-73.95858609486599,-73.95858609486599
1293.090036263466,-73.96014528320981,-73.96014528320981
1293.1000362634659,-73.96170612468961,-73.96170612468961
1293.1100362634659,-73.96326870608239,-73.96326870608239
1293.1200362634659,-73.96483311267302,-73.96483311267302
1293.1300362634659,-73.9663994283068,-73.9663994283068
1293.1400362634658,-73.96796773535289,-73.96796773535289
1293.1500362634658,-73.96953811475532,-73.96953811475532
1293.1600362634658,-73.97111064605093,-73.97111064605093
1293.1700362634658,-73.9726854073596,-73.9726854073596
1293.1800362634658,-73.97426247542778,-73.97426247542778
1293.1900362634658,-73.97584192561068,-73.97584192561068
1293.2000362634658,-73.97742383192178,-73.97742383192178
1293.2100362634658,-73.97900826702298,-73.97900826702298
1293.2200362634658,-73.98059530225879,-73.98059530225879
1293.230036263466,-73.98218500765313,-73.98218500765313
1293.240036263466,-73.98377745193956,-73.98377745193956
1293.250036263466,-73.98537270256402,-73.98537270256402
1293.260036263466,-73.98697082570742,-73.98697082570742
1293.270036263466,-73.98857188631231,-73.98857188631231
1293.280036263466,-73.99017594807222,-73.99017594807222
1293.290036263466,-73.99178307346357,-73.99178307346357
1293.300036263466,-73.9933933237584,-73.9933933237584
1293.310036263466,-73.99500675902439,-73.99500675902439
1293.320036263466,-73.99662343817288,-73.99662343817288
1293.330036263466,-73.99824341894487,-73.99824341894487
1293.340036263466,-73.99986675792448,-73.99986675792448
1293.3500362634659,-74.00149351057904,-74.00149351057904
1293.3600362634659,-74.00312373124348,-74.00312373124348
1293.3700362634659,-74.0047574731561,-74.0047574731561
1293.3800362634659,-74.00639478845817,-74.00639478845817
1293.3900362634658,-74.00803572821935,-74.00803572821935
1293.4000362634658,-74.00968034244572,-74.00968034244572
1293.4100362634658,-74.01132868009779,-74.01132868009779
1293.4200362634658,-74.0129807891022,-74.0129807891022
1293.4300362634658,-74.01463671634268,-74.01463671634268
1293.4400362634658,-74.01629650772927,-74.01629650772927
1293.4500362634658,-74.01796020816268,-74.01796020816268
1293.4600362634658,-74.01962786154967,-74.01962786154967
1293.4700362634658,-74.02129951085399,-74.02129951085399
1293.480036263466,-74.02297519805734,-74.02297519805734
1293.490036263466,-74.02465496422225,-74.02465496422225
1293.500036263466,-74.02633884947122,-74.02633884947122
1293.510036263466,-74.02802689300721,-74.02802689300721
1293.520036263466,-74.02971913314016,-74.02971913314016
1293.530036263466,-74.03141560727653,-74.03141560727653
1293.540036263466,-74.03311635194893,-74.03311635194893
1293.550036263466,-74.03482140282703,-74.03482140282703
1293.560036263466,-74.0365307947189,-74.0365307947189
1293.570036263466,-74.03824456158563,-74.03824456158563
1293.580036263466,-74.0399627365718,-74.0399627365718
1293.590036263466,-74.04168535199942,-74.04168535199942
1293.6000362634659,-74.04341243936891,-74.04341243936891
1293.6100362634659,-74.0451440293781,-74.0451440293781
1293.6200362634659,-74.04688015196156,-74.04688015196156
1293.6300362634659,-74.04862083627921,-74.04862083627921
1293.6400362634658,-74.05036611070526,-74.05036611070526
1293.6500362634658,-74.05211600288209,-74.05211600288209
1293.6600362634658,-74.05387053970509,-74.05387053970509
1293.6700362634658,-74.0556297473297,-74.0556297473297
1293.6800362634658,-74.05739365120291,-74.05739365120291
1293.6900362634658,-74.05916227605685,-74.05916227605685
1293.7000362873077,-74.06093565014258,-74.06093565014258
1293.7100362873077,-74.06270732761952,-74.06270732761952
1293.7200362873077,-74.06447450473676,-74.06447450473676
1293.7300362873077,-74.06623582399507,-74.06623582399507
1293.7400362873077,-74.06799059893336,-74.06799059893336
1293.7500362873077,-74.06973851673095,-74.06973851673095
1293.7600362873077,-74.07147948378953,-74.07147948378953
1293.7700362873077,-74.07321353521249,-74.07321353521249
1293.7800362873077,-74.07494078044611,-74.07494078044611
1293.7900362873077,-74.07666137062031,-74.07666137062031
1293.8000362873076,-74.07837547886959,-74.07837547886959
1293.8100362873076,-74.08008328869423,-74.08008328869423
1293.8200362873076,-74.08178498705918,-74.08178498705918
1293.8300362873078,-74.08348076046228,-74.08348076046228
1293.8400362873078,-74.08517079276108,-74.08517079276108
1293.8500362873078,-74.08685526410953,-74.08685526410953
1293.8600362873078,-74.08853435048539,-74.08853435048539
1293.8700362873078,-74.09020822365116,-74.09020822365116
1293.8800362873078,-74.09187705127512,-74.09187705127512
1293.8900362873078,-74.09354099718844,-74.09354099718844
1293.9000362873078,-74.09520022165734,-74.09520022165734
1293.9100362873078,-74.09685488168655,-74.09685488168655
1293.9200362873078,-74.09850513130979,-74.09850513130979
1293.9300362873078,-74.10015112185263,-74.10015112185263
1293.9400362873077,-74.10179300214435,-74.10179300214435
1293.9500362873077,-74.10343091875342,-74.10343091875342
1293.9600362873077,-74.10506501614715,-74.10506501614715
1293.9700362873077,-74.10669543685025,-74.10669543685025
1293.9800362873077,-74.10832232156812,-74.10832232156812
1293.9900362873077,-74.10994580930104,-74.10994580930104
1294.0000362873077,-74.11156603744465,-74.11156603744465
1294.0100362873077,-74.1131831418376,-74.1131831418376
1294.0200362873077,-74.1147972568458,-74.1147972568458
1294.0300362873077,-74.11640851540523,-74.11640851540523
1294.0400362873077,-74.11801704906533,-74.11801704906533
1294.0500362873076,-74.11962298801238,-74.11962298801238
1294.0600362873076,-74.12122646110666,-74.12122646110666
1294.0700362873076,-74.12282759589228,-74.12282759589228
1294.0800362873078,-74.12442651861856,-74.12442651861856
1294.0900362873078,-74.12602335425917,-74.12602335425917
1294.1000362873078,-74.12761822648854,-74.12761822648854
1294.1100362873078,-74.12921125772812,-74.12921125772812
1294.1200362873078,-74.13080256911086,-74.13080256911086
1294.1300362873078,-74.13239228052001,-74.13239228052001
1294.1400362873078,-74.13398051055978,-74.13398051055978
1294.1500362873078,-74.13556737656552,-74.13556737656552
1294.1600362873078,-74.13715299460453,-74.13715299460453
1294.1700362873078,-74.13873747946698,-74.13873747946698
1294.1800362873078,-74.14032094467372,-74.14032094467372
1294.1900362873077,-74.14190350245919,-74.14190350245919
1294.2000362873077,-74.14348526378306,-74.14348526378306
1294.2100362873077,-74.14506633832355,-74.14506633832355
1294.2200362873077,-74.14664683447157,-74.14664683447157
1294.2300362873077,-74.14822685932411,-74.14822685932411
1294.2400362873077,-74.14980651868946,-74.14980651868946
1294.2500362873077,-74.1513859170925,-74.1513859170925
1294.2600362873077,-74.15296515776342,-74.15296515776342
1294.2700362873077,-74.15454434262097,-74.15454434262097
1294.2800362873077,-74.1561235723161,-74.1561235723161
1294.2900362873077,-74.157702946194,-74.157702946194
1294.3000362873076,-74.1592825623009,-74.1592825623009
1294.3100362873076,-74.16086251740968,-74.16086251740968
1294.3200362873076,-74.16244290697816,-74.16244290697816
1294.3300362873078,-74.16402382519101,-74.16402382519101
1294.3400362873078,-74.16560536494322,-74.16560536494322
1294.3500362873078,-74.16718761784732,-74.16718761784732
1294.3600362873078,-74.16877067423007,-74.16877067423007
1294.3700362873078,-74.17035462314914,-74.17035462314914
1294.3800362873078,-74.17193955238044,-74.17193955238044
1294.3900362873078,-74.17352554844415,-74.17352554844415
1294.4000362873078,-74.17511269658519,-74.17511269658519
1294.4100362873078,-74.17670108079982,-74.17670108079982
1294.4200362873078,-74.17829078381943,-74.17829078381943
1294.4300362873078,-74.1798818871381,-74.1798818871381
1294.4400362873077,-74.18147447101208,-74.18147447101208
1294.4500362873077,-74.18306861445595,-74.18306861445595
1294.4600362873077,-74.18466439526378,-74.18466439526378
1294.4700362873077,-74.18626189000882,-74.18626189000882
1294.4800362873077,-74.18786117405655,-74.18786117405655
1294.4900362873077,-74.1894623215612,-74.1894623215612
1294.5000362873077,-74.19106540548796,-74.19106540548796
1294.5100362873077,-74.19267049760711,-74.19267049760711
1294.5200362873077,-74.19427766851148,-74.19427766851148
1294.5300362873077,-74.19588698762898,-74.19588698762898
1294.5400362873077,-74.19749852322238,-74.19749852322238
1294.5500363111496,-74.19911234624745,-74.19911234624745
1294.5600363111496,-74.20072851498814,-74.20072851498814
1294.5700363111496,-74.20234709811092,-74.20234709811092
1294.5800363111496,-74.2039681593268,-74.2039681593268
1294.5900363111496,-74.2055917612294,-74.2055917612294
1294.6000363111496,-74.20721796530597,-74.20721796530597
1294.6100363111495,-74.20884683195622,-74.20884683195622
1294.6200363111495,-74.21047842048881,-74.21047842048881
1294.6300363111495,-74.2121127891351,-74.2121127891351
1294.6400363111495,-74.21374999507206,-74.21374999507206
1294.6500363111495,-74.21539009441672,-74.21539009441672
1294.6600363111495,-74.2170331422308,-74.2170331422308
1294.6700363111495,-74.21867919255956,-74.21867919255956
1294.6800363111497,-74.2203282984256,-74.2203282984256
1294.6900363111497,-74.22198051183003,-74.22198051183003
1294.7000363111497,-74.22363588377478,-74.22363588377478
1294.7100363111497,-74.22528798922089,-74.22528798922089
1294.7200363111497,-74.22693404024096,-74.22693404024096
1294.7300363111497,-74.228572702257,-74.228572702257
1294.7400363111497,-74.23020331289324,-74.23020331289324
1294.7500363111496,-74.231825583945,-74.231825583945
1294.7600363111496,-74.23343944661819,-74.23343944661819
1294.7700363111496,-74.23504496081236,-74.23504496081236
1294.7800363111496,-74.23664226067419,-74.23664226067419
1294.7900363111496,-74.23823152181433,-74.23823152181433
1294.8000363111496,-74.23981294164228,-74.23981294164228
1294.8100363111496,-74.24138672770816,-74.24138672770816
1294.8200363111496,-74.24295309073331,-74.24295309073331
1294.8300363111496,-74.24451224071274,-74.24451224071274
1294.8400363111496,-74.24606438473543,-74.24606438473543
1294.8500363111496,-74.24760972590296,-74.24760972590296
1294.8600363111495,-74.24914846286678,-74.24914846286678
1294.8700363111495,-74.25068078979697,-74.25068078979697
1294.8800363111495,-74.25220689648202,-74.25220689648202
1294.8900363111495,-74.25372696860063,-74.25372696860063
1294.9000363111495,-74.25524118800791,-74.25524118800791
1294.9100363111495,-74.25674973301963,-74.25674973301963
1294.9200363111495,-74.2582527787233,-74.2582527787233
1294.9300363111497,-74.25975049721345,-74.25975049721345
1294.9400363111497,-74.26124305784477,-74.26124305784477
1294.9500363111497,-74.26273062744552,-74.26273062744552
1294.9600363111497,-74.26421337047017,-74.26421337047017
1294.9700363111497,-74.26569144918713,-74.26569144918713
1294.9800363111497,-74.26716502379017,-74.26716502379017
1294.9900363111497,-74.26863425251507,-74.26863425251507
1295.0000363111496,-74.27009929173221,-74.27009929173221
1295.0100363111496,-74.27156029601551,-74.27156029601551
1295.0200363111496,-74.27301741821584,-74.27301741821584
1295.0300363111496,-74.27447080951177,-74.27447080951177
1295.0400363111496,-74.27592061944596,-74.27592061944596
1295.0500363111496,-74.27736699597286,-74.27736699597286
1295.0600363111496,-74.27881008546717,-74.27881008546717
1295.0700363111496,-74.280250032769,-74.280250032769
1295.0800363111496,-74.28168698117362,-74.28168698117362
1295.0900363111496,-74.28312107247422,-74.28312107247422
1295.1000363111496,-74.28455244693652,-74.28455244693652
1295.1100363111495,-74.28598124335845,-74.28598124335845
1295.1200363111495,-74.28740759901427,-74.28740759901427
1295.1300363111495,-74.28883164970193,-74.28883164970193
1295.1400363111495,-74.29025352973022,-74.29025352973022
1295.1500363111495,-74.29167337192841,-74.29167337192841
1295.1600363111495,-74.29309130762357,-74.29309130762357
1295.1700363111495,-74.29450746666252,-74.29450746666252
1295.1800363111497,-74.29592197742224,-74.29592197742224
1295.1900363111497,-74.29733496677083,-74.29733496677083
1295.2000363111497,-74.29874656010722,-74.29874656010722
1295.2100363111497,-74.30015688133739,-74.30015688133739
1295.2200363111497,-74.30156605288033,-74.30156605288033
1295.2300363111497,-74.3029741956609,-74.3029741956609
1295.2400363111497,-74.30438142913603,-74.30438142913603
1295.2500363111496,-74.30578787125967,-74.30578787125967
1295.2600363111496,-74.30719363851621,-74.30719363851621
1295.2700363111496,-74.30859884589692,-74.30859884589692
1295.2800363111496,-74.31000360691097,-74.31000360691097
1295.2900363111496,-74.31140803359342,-74.31140803359342
1295.3000363111496,-74.31281223650794,-74.31281223650794
1295.3100363111496,-74.31421632473572,-74.31421632473572
1295.3200363111496,-74.31562040589486,-74.31562040589486
1295.3300363111496,-74.31702458613752,-74.31702458613752
1295.3400363111496,-74.3184289701643,-74.3184289701643
1295.3500363111496,-74.3198336611997,-74.3198336611997
1295.3600363111495,-74.321238761037,-74.321238761037
1295.3700363111495,-74.32264437001666,-74.32264437001666
1295.3800363111495,-74.32405058704283,-74.32405058704283
1295.3900363111495,-74.32545750959001,-74.32545750959001
1295.4000363349915,-74.32686523707076,-74.32686523707076
1295.4100363349914,-74.32827385740045,-74.32827385740045
1295.4200363349914,-74.3296834671545,-74.3296834671545
1295.4300363349914,-74.33109415815747,-74.33109415815747
1295.4400363349914,-74.33250602083923,-74.33250602083923
1295.4500363349914,-74.33391914424178,-74.33391914424178
1295.4600363349914,-74.33532713181481,-74.33532713181481
1295.4700363349914,-74.33672722921399,-74.33672722921399
1295.4800363349914,-74.33811813721611,-74.33811813721611
1295.4900363349914,-74.33949922940984,-74.33949922940984
1295.5000363349914,-74.34087025370701,-74.34087025370701
1295.5100363349914,-74.34223117735256,-74.34223117735256
1295.5200363349913,-74.34358209608573,-74.34358209608573
1295.5300363349916,-74.34492317959948,-74.34492317959948
1295.5400363349916,-74.34625463872283,-74.34625463872283
1295.5500363349915,-74.34757670573656,-74.34757670573656
1295.5600363349915,-74.34888962263817,-74.34888962263817
1295.5700363349915,-74.35019363424168,-74.35019363424168
1295.5800363349915,-74.35148898422374,-74.35148898422374
1295.5900363349915,-74.35277591295468,-74.35277591295468
1295.6000363349915,-74.35405465642006,-74.35405465642006
1295.6100363349915,-74.35532544577045,-74.35532544577045
1295.6200363349915,-74.35658850725287,-74.35658850725287
1295.6300363349915,-74.35784406235881,-74.35784406235881
1295.6400363349915,-74.3590923280718,-74.3590923280718
1295.6500363349915,-74.36033351715545,-74.36033351715545
1295.6600363349914,-74.36156783845007,-74.36156783845007
1295.6700363349914,-74.36279549718685,-74.36279549718685
1295.6800363349914,-74.36401669520457,-74.36401669520457
1295.6900363349914,-74.36523163124033,-74.36523163124033
1295.7000363349914,-74.36644050110614,-74.36644050110614
1295.7100363349914,-74.36764349789576,-74.36764349789576
1295.7200363349914,-74.36884081211403,-74.36884081211403
1295.7300363349914,-74.3700326318313,-74.3700326318313
1295.7400363349914,-74.37121914279209,-74.37121914279209
1295.7500363349914,-74.37240052850935,-74.37240052850935
1295.7600363349914,-74.3735769703397,-74.3735769703397
1295.7700363349913,-74.37474864757192,-74.37474864757192
1295.7800363349916,-74.37591573743765,-74.37591573743765
1295.7900363349916,-74.37707841520474,-74.37707841520474
1295.8000363349915,-74.37823685419127,-74.37823685419127
1295.8100363349915,-74.37939122579034,-74.37939122579034
1295.8200363349915,-74.38054169950959,-74.38054169950959
1295.8300363349915,-74.3816884429854,-74.3816884429854
1295.8400363349915,-74.38283162200244,-74.38283162200244
1295.8500363349915,-74.38397140049594,-74.38397140049594
1295.8600363349915,-74.38510794058172,-74.38510794058172
1295.8700363349915,-74.38624140253756,-74.38624140253756
1295.8800363349915,-74.38737194483652,-74.38737194483652
1295.8900363349915,-74.38849972414384,-74.38849972414384
1295.9000363349915,-74.3896248953187,-74.3896248953187
1295.9100363349914,-74.39074761141205,-74.39074761141205
1295.9200363349914,-74.39186802368302,-74.39186802368302
1295.9300363349914,-74.39298628158774,-74.39298628158774
1295.9400363349914,-74.39410253280269,-74.39410253280269
1295.9500363349914,-74.39521692320032,-74.39521692320032
1295.9600363349914,-74.39632959687627,-74.39632959687627
1295.9700363349914,-74.39744069614625,-74.39744069614625
1295.9800363349914,-74.3985503615425,-74.3985503615425
1295.9900363349914,-74.39965873181677,-74.39965873181677
1296.0000363349914,-74.40076594395012,-74.40076594395012
1296.0100363349914,-74.40187213316267,-74.40187213316267
1296.0200363349913,-74.40297743290563,-74.40297743290563
1296.0300363349916,-74.40408197487653,-74.40408197487653
1296.0400363349916,-74.40518588901702,-74.40518588901702
1296.0500363349915,-74.40628930352223,-74.40628930352223
1296.0600363349915,-74.40739234485132,-74.40739234485132
1296.0700363349915,-74.4084951377204,-74.4084951377204
1296.0800363349915,-74.40959780512898,-74.40959780512898
1296.0900363349915,-74.41070046836023,-74.41070046836023
1296.1000363349915,-74.41180324697841,-74.41180324697841
1296.1100363349915,-74.412906258852,-74.412906258852
1296.1200363349915,-74.41400962016355,-74.41400962016355
1296.1300363349915,-74.41511344538597,-74.41511344538597
1296.1400363349915,-74.41621784735231,-74.41621784735231
1296.1500363349915,-74.41732293721184,-74.41732293721184
1296.1600363349914,-74.41842882446227,-74.41842882446227
1296.1700363349914,-74.41953561697062,-74.41953561697062
1296.1800363349914,-74.42064342095331,-74.42064342095331
1296.1900363349914,-74.42175234102213,-74.42175234102213
1296.2000363349914,-74.42286248016784,-74.42286248016784
1296.2100363349914,-74.4239674485246,-74.4239674485246
1296.2200363349914,-74.42506450271513,-74.42506450271513
1296.2300363349914,-74.42615235603542,-74.42615235603542
1296.2400363349914,-74.42723039516991,-74.42723039516991
1296.2500363588333,-74.42829838389197,-74.42829838389197
1296.2600363588333,-74.42935629767224,-74.42935629767224
1296.2700363588333,-74.43040424811238,-74.43040424811238
1296.2800363588333,-74.43144241803955,-74.43144241803955
1296.2900363588333,-74.43247103122914,-74.43247103122914
1296.3000363588333,-74.43349033268885,-74.43349033268885
1296.3100363588333,-74.43450057692719,-74.43450057692719
1296.3200363588332,-74.43550202105051,-74.43550202105051
1296.3300363588332,-74.4364949208015,-74.4364949208015
1296.3400363588332,-74.43747952839637,-74.43747952839637
1296.3500363588332,-74.43845609144712,-74.43845609144712
1296.3600363588332,-74.43942485249153,-74.43942485249153
1296.3700363588332,-74.44038604897375,-74.44038604897375
1296.3800363588334,-74.44133991336007,-74.44133991336007
1296.3900363588334,-74.44228667341592,-74.44228667341592
1296.4000363588334,-74.44322655248024,-74.44322655248024
1296.4100363588334,-74.44415976976506,-74.44415976976506
1296.4200363588334,-74.4450865406752,-74.4450865406752
1296.4300363588334,-74.44600707707015,-74.44600707707015
1296.4400363588334,-74.44692158748063,-74.44692158748063
1296.4500363588334,-74.4478302773529,-74.4478302773529
1296.4600363588333,-74.44873334923767,-74.44873334923767
1296.4700363588333,-74.44963100291194,-74.44963100291194
1296.4800363588333,-74.4505234355482,-74.4505234355482
1296.4900363588333,-74.45141084183714,-74.45141084183714
1296.5000363588333,-74.45229341406613,-74.45229341406613
1296.5100363588333,-74.45317134219323,-74.45317134219323
1296.5200363588333,-74.45404481394696,-74.45404481394696
1296.5300363588333,-74.45491401487335,-74.45491401487335
1296.5400363588333,-74.45577912836993,-74.45577912836993
1296.5500363588333,-74.45664033573628,-74.45664033573628
1296.5600363588333,-74.45749781620304,-74.45749781620304
1296.5700363588332,-74.45835174697123,-74.45835174697123
1296.5800363588332,-74.45920230321894,-74.45920230321894
1296.5900363588332,-74.46004965812678,-74.46004965812678
1296.6000363588332,-74.46089398290697,-74.46089398290697
1296.6100363588332,-74.4617354467771,-74.4617354467771
1296.6200363588332,-74.46257421702468,-74.46257421702468
1296.6300363588334,-74.46341045896648,-74.46341045896648
1296.6400363588334,-74.46424433599445,-74.46424433599445
1296.6500363588334,-74.46507600955346,-74.46507600955346
1296.6600363588334,-74.46590563916016,-74.46590563916016
1296.6700363588334,-74.4667333824076,-74.4667333824076
1296.6800363588334,-74.46755939497368,-74.46755939497368
1296.6900363588334,-74.46838383062862,-74.46838383062862
1296.7000363588334,-74.4692068412237,-74.4692068412237
1296.7100363588333,-74.47002857669928,-74.47002857669928
1296.7200363588333,-74.47084918511604,-74.47084918511604
1296.7300363588333,-74.47166881263159,-74.47166881263159
1296.7400363588333,-74.47248760350892,-74.47248760350892
1296.7500363588333,-74.47330570013035,-74.47330570013035
1296.7600363588333,-74.47412324300753,-74.47412324300753
1296.7700363588333,-74.47494037077803,-74.47494037077803
1296.7800363588333,-74.47575722021556,-74.47575722021556
1296.7900363588333,-74.4765739262314,-74.4765739262314
1296.8000363588333,-74.47739062189135,-74.47739062189135
1296.8100363588333,-74.47820743842773,-74.47820743842773
1296.8200363588332,-74.47902450522838,-74.47902450522838
1296.8300363588332,-74.47984194986462,-74.47984194986462
1296.8400363588332,-74.48065989808973,-74.48065989808973
1296.8500363588332,-74.48147847385961,-74.48147847385961
1296.8600363588332,-74.48229779931974,-74.48229779931974
1296.8700363588332,-74.48311799484357,-74.48311799484357
1296.8800363588334,-74.48393917902443,-74.48393917902443
1296.8900363588334,-74.48476146869879,-74.48476146869879
1296.9000363588334,-74.48558497894432,-74.48558497894432
1296.9100363588334,-74.48640982310684,-74.48640982310684
1296.9200363588334,-74.48723611278832,-74.48723611278832
1296.9300363588334,-74.48806395789614,-74.48806395789614
1296.9400363588334,-74.48889346662382,-74.48889346662382
1296.9500363588334,-74.48972474546632,-74.48972474546632
1296.9600363588333,-74.49055789925708,-74.49055789925708
1296.9700363588333,-74.49139303115875,-74.49139303115875
1296.9800363588333,-74.492230242684,-74.492230242684
1296.9900363588333,-74.49306963370566,-74.49306963370566
1297.0000363588333,-74.49391130248038,-74.49391130248038
1297.0100363588333,-74.49475534565359,-74.49475534565359
1297.0200363588333,-74.49560185826618,-74.49560185826618
1297.0300363588333,-74.4964509337975,-74.4964509337975
1297.0400363588333,-74.49730266415497,-74.49730266415497
1297.0500363588333,-74.49815713968695,-74.49815713968695
1297.0600363588333,-74.49901444921295,-74.49901444921295
1297.0700363588332,-74.49987468003167,-74.49987468003167
1297.0800363588332,-74.5007379179391,-74.5007379179391
1297.0900363588332,-74.5016042472302,-74.5016042472302
1297.1000363826752,-74.5024737527957,-74.5024737527957
1297.1100363826752,-74.50334651188408,-74.50334651188408
1297.1200363826752,-74.50422260645813,-74.50422260645813
1297.1300363826751,-74.50510211500574,-74.50510211500574
1297.1400363826751,-74.50598511460241,-74.50598511460241
1297.1500363826751,-74.50687168092325,-74.50687168092325
1297.1600363826751,-74.507761888248,-74.507761888248
1297.170036382675,-74.50865580949898,-74.50865580949898
1297.180036382675,-74.50955351624468,-74.50955351624468
1297.190036382675,-74.51045507870263,-74.51045507870263
1297.200036382675,-74.51136056577955,-74.51136056577955
1297.210036382675,-74.5122700450594,-74.5122700450594
1297.220036382675,-74.51318358283929,-74.51318358283929
1297.2300363826753,-74.51410124414653,-74.51410124414653
1297.2400363826753,-74.51502309273577,-74.51502309273577
1297.2500363826753,-74.51594919111662,-74.51594919111662
1297.2600363826753,-74.51687960055452,-74.51687960055452
1297.2700363826752,-74.51781438111284,-74.51781438111284
1297.2800363826752,-74.51875359164542,-74.51875359164542
1297.2900363826752,-74.51969728981322,-74.51969728981322
1297.3000363826752,-74.52064553210353,-74.52064553210353
1297.3100363826752,-74.5215983738439,-74.5215983738439
1297.3200363826752,-74.5225558692242,-74.5225558692242
1297.3300363826752,-74.52351807128919,-74.52351807128919
1297.3400363826752,-74.52448503197674,-74.52448503197674
1297.3500363826752,-74.52545680211968,-74.52545680211968
1297.3600363826752,-74.52643343145823,-74.52643343145823
1297.3700363826752,-74.52741496867047,-74.52741496867047
1297.3800363826751,-74.52840146136037,-74.52840146136037
1297.3900363826751,-74.52939295609092,-74.52939295609092
1297.4000363826751,-74.5303894983893,-74.5303894983893
1297.4100363826751,-74.53139113277221,-74.53139113277221
1297.420036382675,-74.5323979027373,-74.5323979027373
1297.430036382675,-74.53340985079778,-74.53340985079778
1297.440036382675,-74.53442701848401,-74.53442701848401
1297.450036382675,-74.5354494463592,-74.5354494463592
1297.460036382675,-74.53647717403379,-74.53647717403379
1297.470036382675,-74.53751024017875,-74.53751024017875
1297.4800363826753,-74.53854868253805,-74.53854868253805
1297.4900363826753,-74.53959253793784,-74.53959253793784
1297.5000363826753,-74.54064184230302,-74.54064184230302
1297.5100363826753,-74.54169663067124,-74.54169663067124
1297.5200363826752,-74.54275693719171,-74.54275693719171
1297.5300363826752,-74.54382279516182,-74.54382279516182
1297.5400363826752,-74.54489423701254,-74.54489423701254
1297.5500363826752,-74.5459712943401,-74.5459712943401
1297.5600363826752,-74.5470539979111,-74.5470539979111
1297.5700363826752,-74.54814237766364,-74.54814237766364
1297.5800363826752,-74.5492364627393,-74.5492364627393
1297.5900363826752,-74.5503362814848,-74.5503362814848
1297.6000363826752,-74.55144186144797,-74.55144186144797
1297.6100363826752,-74.55255322941571,-74.55255322941571
1297.6200363826752,-74.5536704114115,-74.5536704114115
1297.6300363826751,-74.55479343270454,-74.55479343270454
1297.6400363826751,-74.55592231782093,-74.55592231782093
1297.6500363826751,-74.5570570905626,-74.5570570905626
1297.6600363826751,-74.55819777400922,-74.55819777400922
1297.670036382675,-74.55934439053777,-74.55934439053777
1297.680036382675,-74.56049696181545,-74.56049696181545
1297.690036382675,-74.56165550882034,-74.56165550882034
1297.700036382675,-74.56282005185929,-74.56282005185929
1297.710036382675,-74.56399061056423,-74.56399061056423
1297.720036382675,-74.56516720391014,-74.56516720391014
1297.7300363826753,-74.5663498502351,-74.5663498502351
1297.7400363826753,-74.5675385672174,-74.5675385672174
1297.7500363826753,-74.56873337191858,-74.56873337191858
1297.7600363826753,-74.5699342807686,-74.5699342807686
1297.7700363826752,-74.57114130958566,-74.57114130958566
1297.7800363826752,-74.57235447360127,-74.57235447360127
1297.7900363826752,-74.57357378743806,-74.57357378743806
1297.8000363826752,-74.57479926513649,-74.57479926513649
1297.8100363826752,-74.57603092016588,-74.57603092016588
1297.8200363826752,-74.5772687654232,-74.5772687654232
1297.8300363826752,-74.57851281324832,-74.57851281324832
1297.8400363826752,-74.57976307543282,-74.57976307543282
1297.8500363826752,-74.58101956321902,-74.58101956321902
1297.8600363826752,-74.58228228732548,-74.58228228732548
1297.8700363826752,-74.5835512579341,-74.5835512579341
1297.8800363826751,-74.58482648471711,-74.58482648471711
1297.8900363826751,-74.58610797682945,-74.58610797682945
1297.9000363826751,-74.58739574292672,-74.58739574292672
1297.9100363826751,-74.58868979117692,-74.58868979117692
1297.920036382675,-74.58999012924988,-74.58999012924988
1297.930036382675,-74.59129676434404,-74.59129676434404
1297.940036382675,-74.59260970318338,-74.59260970318338
1297.950036406517,-74.59392895516922,-74.59392895516922
1297.960036406517,-74.59525451984429,-74.59525451984429
1297.970036406517,-74.59658640566586,-74.59658640566586
1297.980036406517,-74.59792461754651,-74.59792461754651
1297.990036406517,-74.59926915995678,-74.59926915995678
1298.000036406517,-74.6006200369476,-74.6006200369476
1298.010036406517,-74.60197725212834,-74.60197725212834
1298.020036406517,-74.60334080870038,-74.60334080870038
1298.030036406517,-74.60471070945918,-74.60471070945918
1298.040036406517,-74.60608695679319,-74.60608695679319
1298.050036406517,-74.6074695526944,-74.6074695526944
1298.060036406517,-74.60885849875677,-74.60885849875677
1298.070036406517,-74.61025379619872,-74.61025379619872
1298.0800364065171,-74.61165544586007,-74.61165544586007
1298.0900364065171,-74.61306344820474,-74.61306344820474
1298.1000364065171,-74.61447780333253,-74.61447780333253
1298.110036406517,-74.61589851098408,-74.61589851098408
1298.120036406517,-74.617325570537,-74.617325570537
1298.130036406517,-74.61875898102662,-74.61875898102662
1298.140036406517,-74.6201987411452,-74.6201987411452
1298.150036406517,-74.6216448492487,-74.6216448492487
1298.160036406517,-74.62309730334712,-74.62309730334712
1298.170036406517,-74.62455610114603,-74.62455610114603
1298.180036406517,-74.62602124001091,-74.62602124001091
1298.190036406517,-74.62749271700253,-74.62749271700253
1298.200036406517,-74.62897052885788,-74.62897052885788
1298.210036406517,-74.63045467202278,-74.63045467202278
1298.220036406517,-74.63194514262022,-74.63194514262022
1298.230036406517,-74.6334419365013,-74.6334419365013
1298.240036406517,-74.63494504921549,-74.63494504921549
1298.250036406517,-74.63645447601984,-74.63645447601984
1298.260036406517,-74.63797021189689,-74.63797021189689
1298.270036406517,-74.63949225155764,-74.63949225155764
1298.280036406517,-74.64102058942683,-74.64102058942683
1298.290036406517,-74.6425552196736,-74.6425552196736
1298.300036406517,-74.64409613619293,-74.64409613619293
1298.310036406517,-74.64564333263009,-74.64564333263009
1298.320036406517,-74.64719680237228,-74.64719680237228
1298.3300364065171,-74.6487565385589,-74.6487565385589
1298.3400364065171,-74.65032253407426,-74.65032253407426
1298.3500364065171,-74.65189478157707,-74.65189478157707
1298.360036406517,-74.65347327347811,-74.65347327347811
1298.370036406517,-74.65505800194693,-74.65505800194693
1298.380036406517,-74.6566489589471,-74.6566489589471
1298.390036406517,-74.65824613618706,-74.65824613618706
1298.400036406517,-74.65984952517472,-74.65984952517472
1298.410036406517,-74.66145911719765,-74.66145911719765
1298.420036406517,-74.66307490332639,-74.66307490332639
1298.430036406517,-74.66469687442589,-74.66469687442589
1298.440036406517,-74.66632502113434,-74.66632502113434
1298.450036406517,-74.66795933391741,-74.66795933391741
1298.460036406517,-74.66959328781101,-74.66959328781101
1298.470036406517,-74.67122401771772,-74.67122401771772
1298.480036406517,-74.67285012146573,-74.67285012146573
1298.490036406517,-74.6744708739111,-74.6744708739111
1298.500036406517,-74.67608592709821,-74.67608592709821
1298.510036406517,-74.6776951545862,-74.6776951545862
1298.520036406517,-74.67929856017022,-74.67929856017022
1298.530036406517,-74.6808962231107,-74.6808962231107
1298.540036406517,-74.68248826514227,-74.68248826514227
1298.550036406517,-74.6840748307148,-74.6840748307148
1298.560036406517,-74.68565607518507,-74.68565607518507
1298.570036406517,-74.68723215789495,-74.68723215789495
1298.5800364065171,-74.68880323818028,-74.68880323818028
1298.5900364065171,-74.69036947317467,-74.69036947317467
1298.6000364065171,-74.69193101673686,-74.69193101673686
1298.610036406517,-74.69348801897462,-74.69348801897462
1298.620036406517,-74.69504062617312,-74.69504062617312
1298.630036406517,-74.69658898092341,-74.69658898092341
1298.640036406517,-74.69813322237152,-74.69813322237152
1298.650036406517,-74.69967348649544,-74.69967348649544
1298.660036406517,-74.70120990638763,-74.70120990638763
1298.670036406517,-74.70274261255837,-74.70274261255837
1298.680036406517,-74.70427173317178,-74.70427173317178
1298.690036406517,-74.70579739428376,-74.70579739428376
1298.700036406517,-74.70731972003566,-74.70731972003566
1298.710036406517,-74.70883231446774,-74.70883231446774
1298.720036406517,-74.71033244202101,-74.71033244202101
1298.730036406517,-74.71181882955976,-74.71181882955976
1298.740036406517,-74.71329088017113,-74.71329088017113
1298.750036406517,-74.7147483732755,-74.7147483732755
1298.760036406517,-74.71619130891519,-74.71619130891519
1298.770036406517,-74.71761981650795,-74.71761981650795
1298.780036406517,-74.71903410008771,-74.71903410008771
1298.790036406517,-74.72043440533422,-74.72043440533422
1298.800036430359,-74.72182100312415,-74.72182100312415
1298.8100364303589,-74.72319416449612,-74.72319416449612
1298.8200364303589,-74.72455417364878,-74.72455417364878
1298.8300364303589,-74.72590131063686,-74.72590131063686
1298.8400364303589,-74.72723585253284,-74.72723585253284
1298.8500364303588,-74.7285580723068,-74.7285580723068
1298.8600364303588,-74.72986823837444,-74.72986823837444
1298.8700364303588,-74.73116661452272,-74.73116661452272
1298.8800364303588,-74.73245346002281,-74.73245346002281
1298.8900364303588,-74.73372902985994,-74.73372902985994
1298.9000364303588,-74.73499357501072,-74.73499357501072
1298.9100364303588,-74.73624734272443,-74.73624734272443
1298.9200364303588,-74.73749057678005,-74.73749057678005
1298.930036430359,-74.7387235177525,-74.7387235177525
1298.940036430359,-74.73994640321621,-74.73994640321621
1298.950036430359,-74.7411594679382,-74.7411594679382
1298.960036430359,-74.74236294404248,-74.74236294404248
1298.970036430359,-74.74355706114292,-74.74355706114292
1298.980036430359,-74.7447420464691,-74.7447420464691
1298.990036430359,-74.74591812493732,-74.74591812493732
1299.000036430359,-74.7470855192653,-74.7470855192653
1299.010036430359,-74.74824444999749,-74.74824444999749
1299.020036430359,-74.74939513556335,-74.74939513556335
1299.030036430359,-74.75053779233266,-74.75053779233266
1299.040036430359,-74.75167263461807,-74.75167263461807
1299.050036430359,-74.75279987472577,-74.75279987472577
1299.0600364303589,-74.75391972294409,-74.75391972294409
1299.0700364303589,-74.75503238757574,-74.75503238757574
1299.0800364303589,-74.75613807491703,-74.75613807491703
1299.0900364303589,-74.75723698929747,-74.75723698929747
1299.1000364303588,-74.75832933304196,-74.75832933304196
1299.1100364303588,-74.75941530649533,-74.75941530649533
1299.1200364303588,-74.76049510801325,-74.76049510801325
1299.1300364303588,-74.76156893395125,-74.76156893395125
1299.1400364303588,-74.76263697866527,-74.76263697866527
1299.1500364303588,-74.76369943450113,-74.76369943450113
1299.1600364303588,-74.76475649179936,-74.76475649179936
1299.1700364303588,-74.7658083388755,-74.7658083388755
1299.180036430359,-74.7668551620297,-74.7668551620297
1299.190036430359,-74.7678971455247,-74.7678971455247
1299.200036430359,-74.76893447159834,-74.76893447159834
1299.210036430359,-74.76996732044773,-74.76996732044773
1299.220036430359,-74.77099587023082,-74.77099587023082
1299.230036430359,-74.77202029706332,-74.77202029706332
1299.240036430359,-74.77304077501806,-74.77304077501806
1299.250036430359,-74.77405747611462,-74.77405747611462
1299.260036430359,-74.77507057032915,-74.77507057032915
1299.270036430359,-74.77608022559183,-74.77608022559183
1299.280036430359,-74.77708660778917,-74.77708660778917
1299.290036430359,-74.77808988075557,-74.77808988075557
1299.300036430359,-74.77909020628636,-74.77909020628636
1299.3100364303589,-74.7800877441409,-74.7800877441409
1299.3200364303589,-74.78108265204922,-74.78108265204922
1299.3300364303589,-74.7820750856975,-74.7820750856975
1299.3400364303589,-74.78306519875031,-74.78306519875031
1299.3500364303588,-74.78405314286456,-74.78405314286456
1299.3600364303588,-74.78503906767718,-74.78503906767718
1299.3700364303588,-74.78602312082508,-74.78602312082508
1299.3800364303588,-74.78700544794684,-74.78700544794684
1299.3900364303588,-74.78798619268257,-74.78798619268257
1299.4000364303588,-74.78896549671174,-74.78896549671174
1299.4100364303588,-74.78994349974352,-74.78994349974352
1299.4200364303588,-74.7909203395068,-74.7909203395068
1299.430036430359,-74.79189615181046,-74.79189615181046
1299.440036430359,-74.79287107051354,-74.79287107051354
1299.450036430359,-74.79384522754776,-74.79384522754776
1299.460036430359,-74.79481875293735,-74.79481875293735
1299.470036430359,-74.79579177481452,-74.79579177481452
1299.480036430359,-74.79676441940134,-74.79676441940134
1299.490036430359,-74.79773681107072,-74.79773681107072
1299.500036430359,-74.79870907232167,-74.79870907232167
1299.510036430359,-74.79968132381536,-74.79968132381536
1299.520036430359,-74.80065368437432,-74.80065368437432
1299.530036430359,-74.8016262710151,-74.8016262710151
1299.540036430359,-74.80259919893247,-74.80259919893247
1299.550036430359,-74.8035725815503,-74.8035725815503
1299.5600364303589,-74.80454653050704,-74.80454653050704
1299.5700364303589,-74.80552115569849,-74.80552115569849
1299.5800364303589,-74.80649656527113,-74.80649656527113
1299.5900364303589,-74.80747286565477,-74.80747286565477
1299.6000364303588,-74.80845016155742,-74.80845016155742
1299.6100364303588,-74.80942855600658,-74.80942855600658
1299.6200364303588,-74.81040815034075,-74.81040815034075
1299.6300364303588,-74.81138904424951,-74.81138904424951
1299.6400364303588,-74.812371335767,-74.812371335767
1299.6500364542007,-74.8133551236502,-74.8133551236502
1299.6600364542007,-74.81434049802839,-74.81434049802839
1299.6700364542007,-74.81532755443723,-74.81532755443723
1299.6800364542007,-74.81631638451108,-74.81631638451108
1299.6900364542007,-74.8173070783193,-74.8173070783193
1299.7000364542007,-74.81829972438317,-74.81829972438317
1299.7100364542007,-74.81929440970727,-74.81929440970727
1299.7200364542007,-74.82029121977249,-74.82029121977249
1299.7300364542007,-74.82129023857833,-74.82129023857833
1299.7400364542007,-74.82229154863994,-74.82229154863994
1299.7500364542007,-74.82329523101112,-74.82329523101112
1299.7600364542006,-74.82430136530625,-74.82430136530625
1299.7700364542006,-74.82531002971149,-74.82531002971149
1299.7800364542009,-74.82632130100369,-74.82632130100369
1299.7900364542008,-74.82733525456608,-74.82733525456608
1299.8000364542008,-74.82835196439977,-74.82835196439977
1299.8100364542008,-74.8293715031541,-74.8293715031541
1299.8200364542008,-74.8303939421254,-74.8303939421254
1299.8300364542008,-74.83141935128585,-74.83141935128585
1299.8400364542008,-74.83244779929268,-74.83244779929268
1299.8500364542008,-74.83347935351455,-74.83347935351455
1299.8600364542008,-74.83451408003332,-74.83451408003332
1299.8700364542008,-74.83555204367359,-74.83555204367359
1299.8800364542008,-74.8365933080032,-74.8365933080032
1299.8900364542008,-74.83763793537025,-74.83763793537025
1299.9000364542007,-74.83868598689624,-74.83868598689624
1299.9100364542007,-74.83973752250515,-74.83973752250515
1299.9200364542007,-74.84079260093256,-74.84079260093256
1299.9300364542007,-74.84185127974519,-74.84185127974519
1299.9400364542007,-74.8429136153589,-74.8429136153589
1299.9500364542007,-74.84397966304589,-74.84397966304589
1299.9600364542007,-74.84504947695474,-74.84504947695474
1299.9700364542007,-74.84612311012633,-74.84612311012633
1299.9800364542007,-74.84720061450203,-74.84720061450203
1299.9900364542007,-74.8482820409372,-74.8482820409372
1300.0000364542007,-74.84936743923521,-74.84936743923521
1300.0100364542006,-74.85045685813292,-74.85045685813292
1300.0200364542006,-74.85155034534367,-74.85155034534367
1300.0300364542009,-74.85264794754175,-74.85264794754175
1300.0400364542008,-74.85374971039035,-74.85374971039035
1300.0500364542008,-74.85485567858012,-74.85485567858012
1300.0600364542008,-74.85596589579801,-74.85596589579801
1300.0700364542008,-74.85708040475932,-74.85708040475932
1300.0800364542008,-74.85819924723937,-74.85819924723937
1300.0900364542008,-74.859322464064,-74.859322464064
1300.1000364542008,-74.86045009512256,-74.86045009512256
1300.1100364542008,-74.86158217939473,-74.86158217939473
1300.1200364542008,-74.86271875496082,-74.86271875496082
1300.1300364542008,-74.86385985899564,-74.86385985899564
1300.1400364542008,-74.86500552781294,-74.86500552781294
1300.1500364542007,-74.86615579684629,-74.86615579684629
1300.1600364542007,-74.86731070068596,-74.86731070068596
1300.1700364542007,-74.86847027307329,-74.86847027307329
1300.1800364542007,-74.86963454692659,-74.86963454692659
1300.1900364542007,-74.87080355434065,-74.87080355434065
1300.2000364542007,-74.87197732659956,-74.87197732659956
1300.2100364542007,-74.87315589420095,-74.87315589420095
1300.2200364542007,-74.87433928685196,-74.87433928685196
1300.2300364542007,-74.8755275334997,-74.8755275334997
1300.2400364542007,-74.8767206623188,-74.8767206623188
1300.2500364542007,-74.87791870073922,-74.87791870073922
1300.2600364542006,-74.87912167545481,-74.87912167545481
1300.2700364542006,-74.88032961242338,-74.88032961242338
1300.2800364542009,-74.88154253689203,-74.88154253689203
1300.2900364542008,-74.88276047339947,-74.88276047339947
1300.3000364542008,-74.88398344578336,-74.88398344578336
1300.3100364542008,-74.88521147719555,-74.88521147719555
1300.3200364542008,-74.88644459012042,-74.88644459012042
1300.3300364542008,-74.8876828063608,-74.8876828063608
1300.3400364542008,-74.88892614708509,-74.88892614708509
1300.3500364542008,-74.89017463279652,-74.89017463279652
1300.3600364542008,-74.89142828337178,-74.89142828337178
1300.3700364542008,-74.89268711804331,-74.89268711804331
1300.3800364542008,-74.89395115544355,-74.89395115544355
1300.3900364542008,-74.89522041358337,-74.89522041358337
1300.4000364542007,-74.89649490988334,-74.89649490988334
1300.4100364542007,-74.8977746611781,-74.8977746611781
1300.4200364542007,-74.89905968369985,-74.89905968369985
1300.4300364542007,-74.90034999312161,-74.90034999312161
1300.4400364542007,-74.90164560454514,-74.90164560454514
1300.4500364542007,-74.90294653252799,-74.90294653252799
1300.4600364542007,-74.90425279106468,-74.90425279106468
1300.4700364542007,-74.9055643936247,-74.9055643936247
1300.4800364542007,-74.90688135313651,-74.90688135313651
1300.4900364542007,-74.90820368200723,-74.90820368200723
1300.5000364780426,-74.90953139529228,-74.90953139529228
1300.5100364780426,-74.91086449807266,-74.91086449807266
1300.5200364780426,-74.91220300437327,-74.91220300437327
1300.5300364780426,-74.91354692459373,-74.91354692459373
1300.5400364780426,-74.91489626864704,-74.91489626864704
1300.5500364780426,-74.91625104596491,-74.91625104596491
1300.5600364780425,-74.91761126550858,-74.91761126550858
1300.5700364780425,-74.91897693578109,-74.91897693578109
1300.5800364780425,-74.9203480648383,-74.9203480648383
1300.5900364780425,-74.92172466026264,-74.92172466026264
1300.6000364780425,-74.92310672923264,-74.92310672923264
1300.6100364780425,-74.92449427846208,-74.92449427846208
1300.6200364780425,-74.92588731424797,-74.92588731424797
1300.6300364780427,-74.92728584246298,-74.92728584246298
1300.6400364780427,-74.9286898685763,-74.9286898685763
1300.6500364780427,-74.93009939763671,-74.93009939763671
1300.6600364780427,-74.93151443430756,-74.93151443430756
1300.6700364780427,-74.93293498283974,-74.93293498283974
1300.6800364780427,-74.93436104710045,-74.93436104710045
1300.6900364780427,-74.93579263058433,-74.93579263058433
1300.7000364780426,-74.93722973639154,-74.93722973639154
1300.7100364780426,-74.93867236727617,-74.93867236727617
1300.7200364780426,-74.94012052560525,-74.94012052560525
1300.7300364780426,-74.94157421340404,-74.94157421340404
1300.7400364780426,-74.94303343233592,-74.94303343233592
1300.7500364780426,-74.94449818370988,-74.94449818370988
1300.7600364780426,-74.94596846850521,-74.94596846850521
1300.7700364780426,-74.94744428736175,-74.94744428736175
1300.7800364780426,-74.94892564058922,-74.94892564058922
1300.7900364780426,-74.9504125281661,-74.9504125281661
1300.8000364780426,-74.95190494975726,-74.95190494975726
1300.8100364780425,-74.95340290470547,-74.95340290470547
1300.8200364780425,-74.95490639205502,-74.95490639205502
1300.8300364780425,-74.9564154105318,-74.9564154105318
1300.8400364780425,-74.9579299585725,-74.9579299585725
1300.8500364780425,-74.95945003431301,-74.95945003431301
1300.8600364780425,-74.96097563559668,-74.96097563559668
1300.8700364780425,-74.9625067599923,-74.9625067599923
1300.8800364780427,-74.96404340477078,-74.96404340477078
1300.8900364780427,-74.96558556693773,-74.96558556693773
1300.9000364780427,-74.96713324323422,-74.96713324323422
1300.9100364780427,-74.96868643012245,-74.96868643012245
1300.9200364780427,-74.97024512380092,-74.97024512380092
1300.9300364780427,-74.97180932021644,-74.97180932021644
1300.9400364780427,-74.97337901506233,-74.97337901506233
1300.9500364780426,-74.9749542037749,-74.9749542037749
1300.9600364780426,-74.97653488155923,-74.97653488155923
1300.9700364780426,-74.97812104336184,-74.97812104336184
1300.9800364780426,-74.97971268389418,-74.97971268389418
1300.9900364780426,-74.98130979765357,-74.98130979765357
1301.0000364780426,-74.98291237888338,-74.98291237888338
1301.0100364780426,-74.98452042161767,-74.98452042161767
1301.0200364780426,-74.9861339196571,-74.9861339196571
1301.0300364780426,-74.98775286659703,-74.98775286659703
1301.0400364780426,-74.9893772558217,-74.9893772558217
1301.0500364780426,-74.99100708047939,-74.99100708047939
1301.0600364780425,-74.99264233353355,-74.99264233353355
1301.0700364780425,-74.99428300774022,-74.99428300774022
1301.0800364780425,-74.99592909565689,-74.99592909565689
1301.0900364780425,-74.9975805896356,-74.9975805896356
1301.1000364780425,-74.9992374818537,-74.9992374818537
1301.1100364780425,-75.00089976428396,-75.00089976428396
1301.1200364780425,-75.00256742871672,-75.00256742871672
1301.1300364780427,-75.0042404667565,-75.0042404667565
1301.1400364780427,-75.00591886983898,-75.00591886983898
1301.1500364780427,-75.00760262921631,-75.00760262921631
1301.1600364780427,-75.00929173596673,-75.00929173596673
1301.1700364780427,-75.01098618099847,-75.01098618099847
1301.1800364780427,-75.01268595505371,-75.01268595505371
1301.1900364780427,-75.01439104871298,-75.01439104871298
1301.2000364780426,-75.01610145239084,-75.01610145239084
1301.2100364780426,-75.01781715635653,-75.01781715635653
1301.2200364780426,-75.01953815069687,-75.01953815069687
1301.2300364780426,-75.02126442537856,-75.02126442537856
1301.2400364780426,-75.02299597020445,-75.02299597020445
1301.2500364780426,-75.02473277482292,-75.02473277482292
1301.2600364780426,-75.02647482875463,-75.02647482875463
1301.2700364780426,-75.02822212136556,-75.02822212136556
1301.2800364780426,-75.02997464188789,-75.02997464188789
1301.2900364780426,-75.03173237942077,-75.03173237942077
1301.3000364780426,-75.03349532292232,-75.03349532292232
1301.3100364780425,-75.03526346122418,-75.03526346122418
1301.3200364780425,-75.03703678303435,-75.03703678303435
1301.3300364780425,-75.03881527693257,-75.03881527693257
1301.3400364780425,-75.04059893137263,-75.04059893137263
1301.3500365018845,-75.04238773893931,-75.04238773893931
1301.3600365018845,-75.04418167935344,-75.04418167935344
1301.3700365018844,-75.04598074494662,-75.04598074494662
1301.3800365018844,-75.04778492371001,-75.04778492371001
1301.3900365018844,-75.04959420351386,-75.04959420351386
1301.4000365018844,-75.05140857211515,-75.05140857211515
1301.4100365018844,-75.05322801717831,-75.05322801717831
1301.4200365018844,-75.0550525262415,-75.0550525262415
1301.4300365018844,-75.05688208675974,-75.05688208675974
1301.4400365018844,-75.05871668607998,-75.05871668607998
1301.4500365018844,-75.06055631145064,-75.06055631145064
1301.4600365018844,-75.06240095001861,-75.06240095001861
1301.4700365018844,-75.0642505888337,-75.0642505888337
1301.4800365018846,-75.06610521487359,-75.06610521487359
1301.4900365018846,-75.06796481500447,-75.06796481500447
1301.5000365018846,-75.06982937600148,-75.06982937600148
1301.5100365018845,-75.07169888457061,-75.07169888457061
1301.5200365018845,-75.07357332731489,-75.07357332731489
1301.5300365018845,-75.07545269077289,-75.07545269077289
1301.5400365018845,-75.07733696138352,-75.07733696138352
1301.5500365018845,-75.07922612550837,-75.07922612550837
1301.5600365018845,-75.08112016944615,-75.08112016944615
1301.5700365018845,-75.08301907940937,-75.08301907940937
1301.5800365018845,-75.08492284153583,-75.08492284153583
1301.5900365018845,-75.08683144188619,-75.08683144188619
1301.6000365018845,-75.08874486646106,-75.08874486646106
1301.6100365018845,-75.09066310118371,-75.09066310118371
1301.6200365018844,-75.09258613191378,-75.09258613191378
1301.6300365018844,-75.09451394445054,-75.09451394445054
1301.6400365018844,-75.09644652450999,-75.09644652450999
1301.6500365018844,-75.09838385776025,-75.09838385776025
1301.6600365018844,-75.10032592981183,-75.10032592981183
1301.6700365018844,-75.10227272620673,-75.10227272620673
1301.6800365018844,-75.10422423242797,-75.10422423242797
1301.6900365018844,-75.1061804338987,-75.1061804338987
1301.7000365018844,-75.10814131600515,-75.10814131600515
1301.7100365018844,-75.110100307935,-75.110100307935
1301.7200365018844,-75.11205452016203,-75.11205452016203
1301.7300365018846,-75.11400253476941,-75.11400253476941
1301.7400365018846,-75.11594361501207,-75.11594361501207
1301.7500365018846,-75.11787740371247,-75.11787740371247
1301.7600365018845,-75.11980376667951,-75.11980376667951
1301.7700365018845,-75.1217227009814,-75.1217227009814
1301.7800365018845,-75.12363427984505,-75.12363427984505
1301.7900365018845,-75.125538619491,-75.125538619491
1301.8000365018845,-75.12743585928317,-75.12743585928317
1301.8100365018845,-75.12932614983724,-75.12932614983724
1301.8200365018845,-75.13120964605528,-75.13120964605528
1301.8300365018845,-75.13308650311438,-75.13308650311438
1301.8400365018845,-75.13495687424418,-75.13495687424418
1301.8500365018845,-75.13682090962986,-75.13682090962986
1301.8600365018845,-75.13867875594485,-75.13867875594485
1301.8700365018844,-75.14053055624021,-75.14053055624021
1301.8800365018844,-75.14237645008888,-75.14237645008888
1301.8900365018844,-75.14421657381833,-75.14421657381833
1301.9000365018844,-75.14605106076897,-75.14605106076897
1301.9100365018844,-75.14788004159857,-75.14788004159857
1301.9200365018844,-75.14970364453754,-75.14970364453754
1301.9300365018844,-75.15152199566022,-75.15152199566022
1301.9400365018844,-75.15333521909007,-75.15333521909007
1301.9500365018844,-75.15514343720758,-75.15514343720758
1301.9600365018844,-75.15694677080373,-75.15694677080373
1301.9700365018844,-75.15874533925744,-75.15874533925744
1301.9800365018846,-75.16053926061417,-75.16053926061417
1301.9900365018846,-75.16232865169765,-75.16232865169765
1302.0000365018846,-75.16411362820902,-75.16411362820902
1302.0100365018845,-75.16589430476347,-75.16589430476347
1302.0200365018845,-75.16767079497319,-75.16767079497319
1302.0300365018845,-75.16944321147001,-75.16944321147001
1302.0400365018845,-75.17121166594333,-75.17121166594333
1302.0500365018845,-75.17297626916424,-75.17297626916424
1302.0600365018845,-75.17473713099427,-75.17473713099427
1302.0700365018845,-75.1764943604142,-75.1764943604142
1302.0800365018845,-75.17824806551674,-75.17824806551674
1302.0900365018845,-75.17999835352138,-75.17999835352138
1302.1000365018845,-75.18174533076639,-75.18174533076639
1302.1100365018845,-75.18348910268523,-75.18348910268523
1302.1200365018844,-75.18522977386758,-75.18522977386758
1302.1300365018844,-75.18696744799226,-75.18696744799226
1302.1400365018844,-75.18870222783606,-75.18870222783606
1302.1500365018844,-75.19043421527924,-75.19043421527924
1302.1600365018844,-75.19216351128621,-75.19216351128621
1302.1700365018844,-75.19389021590194,-75.19389021590194
1302.1800365018844,-75.1956144282372,-75.1956144282372
1302.1900365018844,-75.19733624647425,-75.19733624647425
1302.2000365257263,-75.1990557719311,-75.1990557719311
1302.2100365257263,-75.20076652912655,-75.20076652912655
1302.2200365257263,-75.20246573971153,-75.20246573971153
1302.2300365257263,-75.20415209365923,-75.20415209365923
1302.2400365257263,-75.20582496195831,-75.20582496195831
1302.2500365257263,-75.20748409468011,-75.20748409468011
1302.2600365257263,-75.209129464234,-75.209129464234
1302.2700365257263,-75.21076117348052,-75.21076117348052
1302.2800365257262,-75.21237940060631,-75.21237940060631
1302.2900365257262,-75.21398436592023,-75.21398436592023
1302.3000365257262,-75.215576311944,-75.215576311944
1302.3100365257262,-75.21715549152536,-75.21715549152536
1302.3200365257262,-75.2187221608397,-75.2187221608397
1302.3300365257264,-75.22027657538855,-75.22027657538855
1302.3400365257264,-75.22180825520623,-75.22180825520623
1302.3500365257264,-75.22330538533838,-75.22330538533838
1302.3600365257264,-75.2247577816199,-75.2247577816199
1302.3700365257264,-75.22615707628547,-75.22615707628547
1302.3800365257264,-75.22749640105039,-75.22749640105039
1302.3900365257264,-75.22877008871004,-75.22877008871004
1302.4000365257264,-75.2299734499181,-75.2299734499181
1302.4100365257264,-75.23110260664464,-75.23110260664464
1302.4200365257263,-75.23215436326825,-75.23215436326825
1302.4300365257263,-75.23312610359483,-75.23312610359483
1302.4400365257263,-75.23401570664097,-75.23401570664097
1302.4500365257263,-75.23482147683173,-75.23482147683173
1302.4600365257263,-75.23554208550009,-75.23554208550009
1302.4700365257263,-75.23617652156696,-75.23617652156696
1302.4800365257263,-75.236724049622,-75.236724049622
1302.4900365257263,-75.23718417414219,-75.23718417414219
1302.5000365257263,-75.23755660880967,-75.23755660880967
1302.5100365257263,-75.237841250036,-75.237841250036
1302.5200365257263,-75.23803815406178,-75.23803815406178
1302.5300365257262,-75.23814751708728,-75.23814751708728
1302.5400365257262,-75.23816965793708,-75.23816965793708
1302.5500365257262,-75.2381050029127,-75.2381050029127
1302.5600365257262,-75.23795407254082,-75.23795407254082
1302.5700365257262,-75.23771746993495,-75.23771746993495
1302.5800365257264,-75.23739587056016,-75.23739587056016
1302.5900365257264,-75.23699001317915,-75.23699001317915
1302.6000365257264,-75.23650069191278,-75.23650069191278
1302.6100365257264,-75.23592874917608,-75.23592874917608
1302.6200365257264,-75.23527506944126,-75.23527506944126
1302.6300365257264,-75.23454057371364,-75.23454057371364
1302.6400365257264,-75.23372621459599,-75.23372621459599
1302.6500365257264,-75.23283297192899,-75.23283297192899
1302.6600365257264,-75.231861848916,-75.231861848916
1302.6700365257263,-75.23081386862583,-75.23081386862583
1302.6800365257263,-75.22969007092308,-75.22969007092308
1302.6900365257263,-75.22849150968409,-75.22849150968409
1302.7000365257263,-75.22721925033373,-75.22721925033373
1302.7100365257263,-75.22586780721335,-75.22586780721335
1302.7200365257263,-75.2244353907438,-75.2244353907438
1302.7300365257263,-75.2229216912459,-75.2229216912459
1302.7400365257263,-75.22132708534504,-75.22132708534504
1302.7500365257263,-75.21965233245456,-75.21965233245456
1302.7600365257263,-75.21789841669099,-75.21789841669099
1302.7700365257263,-75.21606645381112,-75.21606645381112
1302.7800365257262,-75.21415763496886,-75.21415763496886
1302.7900365257262,-75.21217319256982,-75.21217319256982
1302.8000365257262,-75.21011437949133,-75.21011437949133
1302.8100365257262,-75.20798245640374,-75.20798245640374
1302.8200365257262,-75.20577868409426,-75.20577868409426
1302.8300365257264,-75.20350431880351,-75.20350431880351
1302.8400365257264,-75.20116060943054,-75.20116060943054
1302.8500365257264,-75.19874879591701,-75.19874879591701
1302.8600365257264,-75.19627010829424,-75.19627010829424
1302.8700365257264,-75.1937257661769,-75.1937257661769
1302.8800365257264,-75.19111697850734,-75.19111697850734
1302.8900365257264,-75.18844494345899,-75.18844494345899
1302.9000365257264,-75.18571084839706,-75.18571084839706
1302.9100365257264,-75.18291586987553,-75.18291586987553
1302.9200365257263,-75.18006117366679,-75.18006117366679
1302.9300365257263,-75.17714791481008,-75.17714791481008
1302.9400365257263,-75.17417723760349,-75.17417723760349
1302.9500365257263,-75.17115027566294,-75.17115027566294
1302.9600365257263,-75.16806159938007,-75.16806159938007
1302.9700365257263,-75.16490945527514,-75.16490945527514
1302.9800365257263,-75.16169355261819,-75.16169355261819
1302.9900365257263,-75.15841427187766,-75.15841427187766
1303.0000365257263,-75.15507236278872,-75.15507236278872
1303.0100365257263,-75.1516687875916,-75.1516687875916
1303.0200365257263,-75.14820462912935,-75.14820462912935
1303.0300365257262,-75.14468103563975,-75.14468103563975
1303.0400365257262,-75.14109918753829,-75.14109918753829
1303.0500365495682,-75.1374602687868,-75.1374602687868
1303.0600365495682,-75.13376548951796,-75.13376548951796
1303.0700365495682,-75.13001602748417,-75.13001602748417
1303.0800365495681,-75.12621305818958,-75.12621305818958
1303.0900365495681,-75.1223577442067,-75.1223577442067
1303.1000365495681,-75.11845123402907,-75.11845123402907
1303.1100365495681,-75.11449466162017,-75.11449466162017
1303.120036549568,-75.11048914633751,-75.11048914633751
1303.130036549568,-75.10643579304494,-75.10643579304494
1303.140036549568,-75.1023356923995,-75.1023356923995
1303.150036549568,-75.09818992111839,-75.09818992111839
1303.160036549568,-75.09399954231498,-75.09399954231498
1303.170036549568,-75.08976560577274,-75.08976560577274
1303.1800365495683,-75.08548914824493,-75.08548914824493
1303.1900365495683,-75.08117119370986,-75.08117119370986
1303.2000365495683,-75.07681275363133,-75.07681275363133
1303.2100365495683,-75.07241482712732,-75.07241482712732
1303.2200365495682,-75.0679784011848,-75.0679784011848
1303.2300365495682,-75.06350445081736,-75.06350445081736
1303.2400365495682,-75.05899393922067,-75.05899393922067
1303.2500365495682,-75.05444781790305,-75.05444781790305
1303.2600365495682,-75.04986702681481,-75.04986702681481
1303.2700365495682,-75.04525249445075,-75.04525249445075
1303.2800365495682,-75.04060513794629,-75.04060513794629
1303.2900365495682,-75.03592586320033,-75.03592586320033
1303.3000365495682,-75.03121556492918,-75.03121556492918
1303.3100365495682,-75.02647512677626,-75.02647512677626
1303.3200365495682,-75.02170542137587,-75.02170542137587
1303.3300365495681,-75.01690731044305,-75.01690731044305
1303.3400365495681,-75.01208164484372,-75.01208164484372
1303.3500365495681,-75.00722926465762,-75.00722926465762
1303.3600365495681,-75.00235099927902,-75.00235099927902
1303.370036549568,-74.99744766746109,-74.99744766746109
1303.380036549568,-74.99252007740206,-74.99252007740206
1303.390036549568,-74.98756902681764,-74.98756902681764
1303.400036549568,-74.98259530301549,-74.98259530301549
1303.410036549568,-74.97759968295142,-74.97759968295142
1303.420036549568,-74.9725829333143,-74.9725829333143
1303.4300365495683,-74.96754581062257,-74.96754581062257
1303.4400365495683,-74.96248906125476,-74.96248906125476
1303.4500365495683,-74.95741342154992,-74.95741342154992
1303.4600365495683,-74.95231961789482,-74.95231961789482
1303.4700365495682,-74.9472083667791,-74.9472083667791
1303.4800365495682,-74.94208037488809,-74.94208037488809
1303.4900365495682,-74.93693633916872,-74.93693633916872
1303.5000365495682,-74.93177694692578,-74.93177694692578
1303.5100365495682,-74.92660287588663,-74.92660287588663
1303.5200365495682,-74.92141479430133,-74.92141479430133
1303.5300365495682,-74.91621336100134,-74.91621336100134
1303.5400365495682,-74.91099922550214,-74.91099922550214
1303.5500365495682,-74.90577302806967,-74.90577302806967
1303.5600365495682,-74.90053539982503,-74.90053539982503
1303.5700365495682,-74.89528696281387,-74.89528696281387
1303.5800365495681,-74.89002833009174,-74.89002833009174
1303.5900365495681,-74.88476010581634,-74.88476010581634
1303.6000365495681,-74.87948288532769,-74.87948288532769
1303.6100365495681,-74.87419725523851,-74.87419725523851
1303.620036549568,-74.86890379351574,-74.86890379351574
1303.630036549568,-74.86360306958129,-74.86360306958129
1303.640036549568,-74.85829564437205,-74.85829564437205
1303.650036549568,-74.85298207045064,-74.85298207045064
1303.660036549568,-74.84766289209252,-74.84766289209252
1303.670036549568,-74.84233864535733,-74.84233864535733
1303.6800365495683,-74.83700985818639,-74.83700985818639
1303.6900365495683,-74.83167705048572,-74.83167705048572
1303.7000365495683,-74.82634073421441,-74.82634073421441
1303.7100365495683,-74.82100141347797,-74.82100141347797
1303.7200365495682,-74.8156595846151,-74.8156595846151
1303.7300365495682,-74.81031573626474,-74.81031573626474
1303.7400365495682,-74.80497034948112,-74.80497034948112
1303.7500365495682,-74.79962389779763,-74.79962389779763
1303.7600365495682,-74.794276847324,-74.794276847324
1303.7700365495682,-74.78892965682661,-74.78892965682661
1303.7800365495682,-74.78358277781987,-74.78358277781987
1303.7900365495682,-74.77823665466632,-74.77823665466632
1303.8000365495682,-74.77289172460458,-74.77289172460458
1303.8100365495682,-74.76754841789449,-74.76754841789449
1303.8200365495682,-74.76220715788351,-74.76220715788351
1303.8300365495681,-74.75686836106858,-74.75686836106858
1303.8400365495681,-74.75153243720844,-74.75153243720844
1303.8500365495681,-74.7461997893894,-74.7461997893894
1303.8600365495681,-74.74087081410424,-74.74087081410424
1303.870036549568,-74.735545901348,-74.735545901348
1303.880036549568,-74.73022543467857,-74.73022543467857
1303.890036549568,-74.72490979131678,-74.72490979131678
1303.90003657341,-74.71959932956237,-74.71959932956237
1303.91003657341,-74.71429443950029,-74.71429443950029
1303.92003657341,-74.70899546712681,-74.70899546712681
1303.93003657341,-74.70370276505912,-74.70370276505912
1303.94003657341,-74.69841667997476,-74.69841667997476
1303.95003657341,-74.69313755265823,-74.69313755265823
1303.96003657341,-74.68786571810483,-74.68786571810483
1303.97003657341,-74.682601505564,-74.682601505564
1303.98003657341,-74.67734523865946,-74.67734523865946
1303.99003657341,-74.67209723541458,-74.67209723541458
1304.00003657341,-74.66685780835121,-74.66685780835121
1304.01003657341,-74.66162726456305,-74.66162726456305
1304.02003657341,-74.65640590577102,-74.65640590577102
1304.0300365734101,-74.65119402841343,-74.65119402841343
1304.0400365734101,-74.64599192370031,-74.64599192370031
1304.0500365734101,-74.64079987769469,-74.64079987769469
1304.0600365734101,-74.63561817137267,-74.63561817137267
1304.07003657341,-74.6304470806998,-74.6304470806998
1304.08003657341,-74.62528687669017,-74.62528687669017
1304.09003657341,-74.62013782547268,-74.62013782547268
1304.10003657341,-74.61500018837322,-74.61500018837322
1304.11003657341,-74.60987422194789,-74.60987422194789
1304.12003657341,-74.60476017807942,-74.60476017807942
1304.13003657341,-74.59965830404006,-74.59965830404006
1304.14003657341,-74.59456884252921,-74.59456884252921
1304.15003657341,-74.58949203174217,-74.58949203174217
1304.16003657341,-74.58442810544885,-74.58442810544885
1304.17003657341,-74.5793772930534,-74.5793772930534
1304.18003657341,-74.57433981963418,-74.57433981963418
1304.19003657341,-74.56931590602032,-74.56931590602032
1304.20003657341,-74.56430576884222,-74.56430576884222
1304.21003657341,-74.55930962059891,-74.55930962059891
1304.22003657341,-74.55432766970381,-74.55432766970381
1304.23003657341,-74.54936012055187,-74.54936012055187
1304.24003657341,-74.54440717356364,-74.54440717356364
1304.25003657341,-74.53946902525455,-74.53946902525455
1304.26003657341,-74.53454586828572,-74.53454586828572
1304.27003657341,-74.52963789150273,-74.52963789150273
1304.2800365734101,-74.52474528001672,-74.52474528001672
1304.2900365734101,-74.51986821523411,-74.51986821523411
1304.3000365734101,-74.51500687491351,-74.51500687491351
1304.3100365734101,-74.51016143322902,-74.51016143322902
1304.32003657341,-74.5053320608118,-74.5053320608118
1304.33003657341,-74.5005189247886,-74.5005189247886
1304.34003657341,-74.49572218885348,-74.49572218885348
1304.35003657341,-74.49094201330604,-74.49094201330604
1304.36003657341,-74.48617855509427,-74.48617855509427
1304.37003657341,-74.48143196787147,-74.48143196787147
1304.38003657341,-74.47670240203544,-74.47670240203544
1304.39003657341,-74.47199000478379,-74.47199000478379
1304.40003657341,-74.46729492015307,-74.46729492015307
1304.41003657341,-74.46261728906289,-74.46261728906289
1304.42003657341,-74.45795724937254,-74.45795724937254
1304.43003657341,-74.4533149359022,-74.4533149359022
1304.44003657341,-74.44869048049897,-74.44869048049897
1304.45003657341,-74.44408401207329,-74.44408401207329
1304.46003657341,-74.43949565662064,-74.43949565662064
1304.47003657341,-74.43492553730677,-74.43492553730677
1304.48003657341,-74.4303737744611,-74.4303737744611
1304.49003657341,-74.42584048565827,-74.42584048565827
1304.50003657341,-74.42132578571879,-74.42132578571879
1304.51003657341,-74.41682978677916,-74.41682978677916
1304.52003657341,-74.4123525983313,-74.4123525983313
1304.5300365734101,-74.40789432722941,-74.40789432722941
1304.5400365734101,-74.40345507776489,-74.40345507776489
1304.5500365734101,-74.39903495168181,-74.39903495168181
1304.5600365734101,-74.39463404822219,-74.39463404822219
1304.57003657341,-74.39025246415176,-74.39025246415176
1304.58003657341,-74.38589029381993,-74.38589029381993
1304.59003657341,-74.38154762916427,-74.38154762916427
1304.60003657341,-74.37722455976952,-74.37722455976952
1304.61003657341,-74.3729211728917,-74.3729211728917
1304.62003657341,-74.36863755349283,-74.36863755349283
1304.63003657341,-74.36437378426838,-74.36437378426838
1304.64003657341,-74.36012994570024,-74.36012994570024
1304.65003657341,-74.35590611606705,-74.35590611606705
1304.66003657341,-74.35170237149528,-74.35170237149528
1304.67003657341,-74.34751878596946,-74.34751878596946
1304.68003657341,-74.34335543138467,-74.34335543138467
1304.69003657341,-74.33921237755959,-74.33921237755959
1304.70003657341,-74.33508969228515,-74.33508969228515
1304.71003657341,-74.33098744133733,-74.33098744133733
1304.72003657341,-74.32690568851962,-74.32690568851962
1304.73003657341,-74.32284449568287,-74.32284449568287
1304.74003657341,-74.31880392275822,-74.31880392275822
1304.750036597252,-74.31478401822069,-74.31478401822069
1304.7600365972519,-74.31078485744278,-74.31078485744278
1304.7700365972519,-74.30680648514092,-74.30680648514092
1304.7800365972519,-74.30284895384608,-74.30284895384608
1304.7900365972519,-74.29891231431402,-74.29891231431402
1304.8000365972518,-74.29499661554098,-74.29499661554098
1304.8100365972518,-74.29110190480567,-74.29110190480567
1304.8200365972518,-74.28722822765805,-74.28722822765805
1304.8300365972518,-74.28337562799749,-74.28337562799749
1304.8400365972518,-74.27954414804961,-74.27954414804961
1304.8500365972518,-74.27573382842256,-74.27573382842256
1304.8600365972518,-74.27194470812282,-74.27194470812282
1304.8700365972518,-74.26817682456833,-74.26817682456833
1304.880036597252,-74.26443021362635,-74.26443021362635
1304.890036597252,-74.26070490963322,-74.26070490963322
1304.900036597252,-74.25700094542071,-74.25700094542071
1304.910036597252,-74.25331835230968,-74.25331835230968
1304.920036597252,-74.2496571601852,-74.2496571601852
1304.930036597252,-74.24601739747652,-74.24601739747652
1304.940036597252,-74.24239909118921,-74.24239909118921
1304.950036597252,-74.238802266939,-74.238802266939
1304.960036597252,-74.23522048012558,-74.23522048012558
1304.970036597252,-74.2316509276695,-74.2316509276695
1304.980036597252,-74.22809226117134,-74.22809226117134
1304.990036597252,-74.2245438048512,-74.2245438048512
1305.000036597252,-74.22100525709395,-74.22100525709395
1305.0100365972519,-74.21747653541706,-74.21747653541706
1305.0200365972519,-74.21395768550799,-74.21395768550799
1305.0300365972519,-74.21044882655737,-74.21044882655737
1305.0400365972519,-74.20695011834812,-74.20695011834812
1305.0500365972518,-74.20346174153565,-74.20346174153565
1305.0600365972518,-74.1999838858757,-74.1999838858757
1305.0700365972518,-74.19651674334477,-74.19651674334477
1305.0800365972518,-74.1930605041728,-74.1930605041728
1305.0900365972518,-74.18961535475425,-74.18961535475425
1305.1000365972518,-74.18618147651469,-74.18618147651469
1305.1100365972518,-74.18275904559388,-74.18275904559388
1305.1200365972518,-74.17934823274885,-74.17934823274885
1305.130036597252,-74.17594920356979,-74.17594920356979
1305.140036597252,-74.172562118755,-74.172562118755
1305.150036597252,-74.16918713444072,-74.16918713444072
1305.160036597252,-74.16582440254673,-74.16582440254673
1305.170036597252,-74.16247407107298,-74.16247407107298
1305.180036597252,-74.15913628442051,-74.15913628442051
1305.190036597252,-74.15581118363933,-74.15581118363933
1305.200036597252,-74.15249890667295,-74.15249890667295
1305.210036597252,-74.1491995885773,-74.1491995885773
1305.220036597252,-74.14591336168706,-74.14591336168706
1305.230036597252,-74.14264035577015,-74.14264035577015
1305.240036597252,-74.13938069816255,-74.13938069816255
1305.250036597252,-74.13613451388002,-74.13613451388002
1305.2600365972519,-74.13290192571701,-74.13290192571701
1305.2700365972519,-74.12968305434438,-74.12968305434438
1305.2800365972519,-74.12647801833945,-74.12647801833945
1305.2900365972519,-74.12328693429156,-74.12328693429156
1305.3000365972518,-74.12010991681399,-74.12010991681399
1305.3100365972518,-74.11694707860205,-74.11694707860205
1305.3200365972518,-74.11379853047245,-74.11379853047245
1305.3300365972518,-74.11066438139014,-74.11066438139014
1305.3400365972518,-74.10754473849461,-74.10754473849461
1305.3500365972518,-74.1044397071076,-74.1044397071076
1305.3600365972518,-74.10134939078557,-74.10134939078557
1305.3700365972518,-74.09827389129381,-74.09827389129381
1305.380036597252,-74.09521330864922,-74.09521330864922
1305.390036597252,-74.09216774112167,-74.09216774112167
1305.400036597252,-74.08913728525583,-74.08913728525583
1305.410036597252,-74.08612203586272,-74.08612203586272
1305.420036597252,-74.08312208604283,-74.08312208604283
1305.430036597252,-74.08013752719131,-74.08013752719131
1305.440036597252,-74.07716844900351,-74.07716844900351
1305.450036597252,-74.07421493947895,-74.07421493947895
1305.460036597252,-74.07127708493556,-74.07127708493556
1305.470036597252,-74.06835497001828,-74.06835497001828
1305.480036597252,-74.06544867769937,-74.06544867769937
1305.490036597252,-74.06255828928546,-74.06255828928546
1305.500036597252,-74.0596838844334,-74.0596838844334
1305.5100365972519,-74.0568255411412,-74.0568255411412
1305.5200365972519,-74.05398333578295,-74.05398333578295
1305.5300365972519,-74.05115734309402,-74.05115734309402
1305.5400365972519,-74.04834763617397,-74.04834763617397
1305.5500365972518,-74.04555428652903,-74.04555428652903
1305.5600365972518,-74.04277736404133,-74.04277736404133
1305.5700365972518,-74.04001693699297,-74.04001693699297
1305.5800365972518,-74.03727307208781,-74.03727307208781
1305.5900365972518,-74.03454583445667,-74.03454583445667
1305.6000366210938,-74.03183528119578,-74.03183528119578
1305.6100366210937,-74.02914148724682,-74.02914148724682
1305.6200366210937,-74.02646450656005,-74.02646450656005
1305.6300366210937,-74.0238043980418,-74.0238043980418
1305.6400366210937,-74.02116121907275,-74.02116121907275
1305.6500366210937,-74.01853502552974,-74.01853502552974
1305.6600366210937,-74.01592587176515,-74.01592587176515
1305.6700366210937,-74.0133338106561,-74.0133338106561
1305.6800366210937,-74.01075889359369,-74.01075889359369
1305.6900366210937,-74.00820117049214,-74.00820117049214
1305.7000366210937,-74.00566068984173,-74.00566068984173
1305.7100366210936,-74.00313749865798,-74.00313749865798
1305.7200366210936,-74.0006316425316,-74.0006316425316
1305.7300366210939,-73.99814316564888,-73.99814316564888
1305.7400366210939,-73.99567211078443,-73.99567211078443
1305.7500366210938,-73.99321851932793,-73.99321851932793
1305.7600366210938,-73.99078243128622,-73.99078243128622
1305.7700366210938,-73.98836388530871,-73.98836388530871
1305.7800366210938,-73.98596291869053,-73.98596291869053
1305.7900366210938,-73.98357956739444,-73.98357956739444
1305.8000366210938,-73.98121386605382,-73.98121386605382
1305.8100366210938,-73.97886584800547,-73.97886584800547
1305.8200366210938,-73.976535545292,-73.976535545292
1305.8300366210938,-73.97422298865065,-73.97422298865065
1305.8400366210938,-73.97192820759082,-73.97192820759082
1305.8500366210938,-73.96965123034326,-73.96965123034326
1305.8600366210937,-73.96739208391708,-73.96739208391708
1305.8700366210937,-73.96515079408768,-73.96515079408768
1305.8800366210937,-73.9629273854268,-73.9629273854268
1305.8900366210937,-73.96072188130273,-73.96072188130273
1305.9000366210937,-73.95853430391615,-73.95853430391615
1305.9100366210937,-73.95636467429189,-73.95636467429189
1305.9200366210937,-73.95421301230948,-73.95421301230948
1305.9300366210937,-73.9520793367088,-73.9520793367088
1305.9400366210937,-73.94996366509957,-73.94996366509957
1305.9500366210937,-73.94786601398458,-73.94786601398458
1305.9600366210936,-73.94578639877452,-73.94578639877452
1305.9700366210936,-73.94372483380836,-73.94372483380836
1305.9800366210939,-73.94168133233498,-73.94168133233498
1305.9900366210939,-73.93965590656254,-73.93965590656254
1306.0000366210938,-73.93764856766077,-73.93764856766077
1306.0100366210938,-73.93565932577235,-73.93565932577235
1306.0200366210938,-73.93368819002117,-73.93368819002117
1306.0300366210938,-73.93173516854412,-73.93173516854412
1306.0400366210938,-73.92980026848828,-73.92980026848828
1306.0500366210938,-73.92788349602782,-73.92788349602782
1306.0600366210938,-73.92598485637727,-73.92598485637727
1306.0700366210938,-73.92410435382122,-73.92410435382122
1306.0800366210938,-73.92224199169486,-73.92224199169486
1306.0900366210938,-73.92039777241918,-73.92039777241918
1306.1000366210938,-73.9185716975274,-73.9185716975274
1306.1100366210937,-73.91676376763449,-73.91676376763449
1306.1200366210937,-73.91497398249378,-73.91497398249378
1306.1300366210937,-73.91320234098396,-73.91320234098396
1306.1400366210937,-73.91144884114217,-73.91144884114217
1306.1500366210937,-73.9097134801548,-73.9097134801548
1306.1600366210937,-73.90799625438285,-73.90799625438285
1306.1700366210937,-73.90629715936922,-73.90629715936922
1306.1800366210937,-73.90461618986106,-73.90461618986106
1306.1900366210937,-73.90295333979903,-73.90295333979903
1306.2000366210937,-73.9013086023604,-73.9013086023604
1306.2100366210936,-73.89968196993901,-73.89968196993901
1306.2200366210936,-73.89807343418262,-73.89807343418262
1306.2300366210939,-73.8964829859962,-73.8964829859962
1306.2400366210939,-73.8949106155491,-73.8949106155491
1306.2500366210938,-73.89335631229548,-73.89335631229548
1306.2600366210938,-73.89182006496114,-73.89182006496114
1306.2700366210938,-73.89030186159859,-73.89030186159859
1306.2800366210938,-73.88880168955464,-73.88880168955464
1306.2900366210938,-73.88731953551076,-73.88731953551076
1306.3000366210938,-73.88585538547314,-73.88585538547314
1306.3100366210938,-73.88440922479772,-73.88440922479772
1306.3200366210938,-73.88298103819174,-73.88298103819174
1306.3300366210938,-73.8815708097484,-73.8815708097484
1306.3400366210938,-73.88017852291458,-73.88017852291458
1306.3500366210938,-73.87880416053073,-73.87880416053073
1306.3600366210937,-73.87744770484127,-73.87744770484127
1306.3700366210937,-73.87610913748834,-73.87610913748834
1306.3800366210937,-73.87478843954246,-73.87478843954246
1306.3900366210937,-73.87348559148899,-73.87348559148899
1306.4000366210937,-73.87220057326171,-73.87220057326171
1306.4100366210937,-73.87093336422691,-73.87093336422691
1306.4200366210937,-73.86968394321883,-73.86968394321883
1306.4300366210937,-73.86845228854233,-73.86845228854233
1306.4400366210937,-73.86723837796579,-73.86723837796579
1306.4500366449356,-73.866042185885,-73.866042185885
1306.4600366449356,-73.8648636947997,-73.8648636947997
1306.4700366449356,-73.86370287805566,-73.86370287805566
1306.4800366449356,-73.86255971141028,-73.86255971141028
1306.4900366449356,-73.86143417014674,-73.86143417014674
1306.5000366449356,-73.86032622906937,-73.86032622906937
1306.5100366449356,-73.85923586251548,-73.85923586251548
1306.5200366449355,-73.85816304438396,-73.85816304438396
1306.5300366449355,-73.85710774810269,-73.85710774810269
1306.5400366449355,-73.85606994668096,-73.85606994668096
1306.5500366449355,-73.85504961267615,-73.85504961267615
1306.5600366449355,-73.85404671824124,-73.85404671824124
1306.5700366449355,-73.85306123510884,-73.85306123510884
1306.5800366449357,-73.85209313460003,-73.85209313460003
1306.5900366449357,-73.8511423876355,-73.8511423876355
1306.6000366449357,-73.85020896475204,-73.85020896475204
1306.6100366449357,-73.84929283609009,-73.84929283609009
1306.6200366449357,-73.84839397142385,-73.84839397142385
1306.6300366449357,-73.84751234014983,-73.84751234014983
1306.6400366449357,-73.84664791130012,-73.84664791130012
1306.6500366449357,-73.84580065356276,-73.84580065356276
1306.6600366449356,-73.8449705352678,-73.8449705352678
1306.6700366449356,-73.84415752439863,-73.84415752439863
1306.6800366449356,-73.84336158861116,-73.84336158861116
1306.6900366449356,-73.84258269521963,-73.84258269521963
1306.7000366449356,-73.8418208112422,-73.8418208112422
1306.7100366449356,-73.84107590335624,-73.84107590335624
1306.7200366449356,-73.84034793793026,-73.84034793793026
1306.7300366449356,-73.83963688105395,-73.83963688105395
1306.7400366449356,-73.838942698502,-73.838942698502
1306.7500366449356,-73.83826535575086,-73.83826535575086
1306.7600366449356,-73.83760481801097,-73.83760481801097
1306.7700366449355,-73.8369610502021,-73.8369610502021
1306.7800366449355,-73.83633401698125,-73.83633401698125
1306.7900366449355,-73.83572368272775,-73.83572368272775
1306.8000366449355,-73.83513001156079,-73.83513001156079
1306.8100366449355,-73.83455296735166,-73.83455296735166
1306.8200366449355,-73.83399251372171,-73.83399251372171
1306.8300366449357,-73.8334486140396,-73.8334486140396
1306.8400366449357,-73.83292123144203,-73.83292123144203
1306.8500366449357,-73.8324103288232,-73.8324103288232
1306.8600366449357,-73.83191586886676,-73.83191586886676
1306.8700366449357,-73.83143781401607,-73.83143781401607
1306.8800366449357,-73.83097612649854,-73.83097612649854
1306.8900366449357,-73.83053076832957,-73.83053076832957
1306.9000366449357,-73.83010170133,-73.83010170133
1306.9100366449356,-73.82968888709469,-73.82968888709469
1306.9200366449356,-73.82929228704454,-73.82929228704454
1306.9300366449356,-73.82891186237985,-73.82891186237985
1306.9400366449356,-73.82854757413483,-73.82854757413483
1306.9500366449356,-73.82819938315305,-73.82819938315305
1306.9600366449356,-73.82786725009032,-73.82786725009032
1306.9700366449356,-73.82755113543068,-73.82755113543068
1306.9800366449356,-73.82725099949407,-73.82725099949407
1306.9900366449356,-73.82696680243228,-73.82696680243228
1307.0000366449356,-73.82669850422816,-73.82669850422816
1307.0100366449356,-73.82644606470797,-73.82644606470797
1307.0200366449355,-73.82620944355544,-73.82620944355544
1307.0300366449355,-73.82598860029083,-73.82598860029083
1307.0400366449355,-73.82578349429191,-73.82578349429191
1307.0500366449355,-73.82559408479936,-73.82559408479936
1307.0600366449355,-73.82542033091303,-73.82542033091303
1307.0700366449355,-73.82526219160161,-73.82526219160161
1307.0800366449357,-73.82511962570338,-73.82511962570338
1307.0900366449357,-73.82499259192248,-73.82499259192248
1307.1000366449357,-73.82488104885395,-73.82488104885395
1307.1100366449357,-73.82478495496837,-73.82478495496837
1307.1200366449357,-73.82470426861468,-73.82470426861468
1307.1300366449357,-73.82463894802687,-73.82463894802687
1307.1400366449357,-73.82458895135117,-73.82458895135117
1307.1500366449357,-73.82455423661803,-73.82455423661803
1307.1600366449356,-73.82453476174982,-73.82453476174982
1307.1700366449356,-73.8245304845815,-73.8245304845815
1307.1800366449356,-73.82454136283886,-73.82454136283886
1307.1900366449356,-73.82456735417196,-73.82456735417196
1307.2000366449356,-73.82460841613887,-73.82460841613887
1307.2100366449356,-73.82466450619901,-73.82466450619901
1307.2200366449356,-73.82473558175586,-73.82473558175586
1307.2300366449356,-73.82482160010049,-73.82482160010049
1307.2400366449356,-73.82492251847754,-73.82492251847754
1307.2500366449356,-73.82503829404547,-73.82503829404547
1307.2600366449356,-73.82516888389252,-73.82516888389252
1307.2700366449355,-73.82531424504572,-73.82531424504572
1307.2800366449355,-73.82547433445654,-73.82547433445654
1307.2900366449355,-73.82564910901806,-73.82564910901806
1307.3000366687775,-73.82583852602716,-73.82583852602716
1307.3100366687775,-73.8260425414046,-73.8260425414046
1307.3200366687774,-73.82626111227802,-73.82626111227802
1307.3300366687774,-73.82649419533017,-73.82649419533017
1307.3400366687774,-73.82674174717866,-73.82674174717866
1307.3500366687774,-73.82700372442095,-73.82700372442095
1307.3600366687774,-73.82728008359221,-73.82728008359221
1307.3700366687774,-73.82757078119332,-73.82757078119332
1307.3800366687774,-73.82787577367675,-73.82787577367675
1307.3900366687774,-73.82819501746661,-73.82819501746661
1307.4000366687774,-73.82852846895905,-73.82852846895905
1307.4100366687774,-73.8288760845035,-73.8288760845035
1307.4200366687774,-73.82923782043545,-73.82923782043545
1307.4300366687776,-73.82961363306184,-73.82961363306184
1307.4400366687776,-73.83000347865683,-73.83000347865683
1307.4500366687776,-73.83040731346978,-73.83040731346978
1307.4600366687775,-73.8308250937404,-73.8308250937404
1307.4700366687775,-73.83125677569012,-73.83125677569012
1307.4800366687775,-73.83170231551486,-73.83170231551486
1307.4900366687775,-73.83216166940106,-73.83216166940106
1307.5000366687775,-73.83263479352911,-73.83263479352911
1307.5100366687775,-73.83312164405812,-73.83312164405812
1307.5200366687775,-73.83362217715461,-73.83362217715461
1307.5300366687775,-73.83413634895501,-73.83413634895501
1307.5400366687775,-73.8346641156117,-73.8346641156117
1307.5500366687775,-73.83520543326675,-73.83520543326675
1307.5600366687775,-73.83576025806627,-73.83576025806627
1307.5700366687774,-73.83632854615112,-73.83632854615112
1307.5800366687774,-73.83691025366454,-73.83691025366454
1307.5900366687774,-73.83750533676798,-73.83750533676798
1307.6000366687774,-73.83811375161716,-73.83811375161716
1307.6100366687774,-73.83873545437106,-73.83873545437106
1307.6200366687774,-73.83937040120958,-73.83937040120958
1307.6300366687774,-73.84001854832393,-73.84001854832393
1307.6400366687774,-73.84067985191356,-73.84067985191356
1307.6500366687774,-73.84135426819134,-73.84135426819134
1307.6600366687774,-73.84204175338486,-73.84204175338486
1307.6700366687774,-73.84274226374654,-73.84274226374654
1307.6800366687776,-73.84345575553652,-73.84345575553652
1307.6900366687776,-73.84418218505468,-73.84418218505468
1307.7000366687776,-73.84492150861035,-73.84492150861035
1307.7100366687775,-73.84566724017195,-73.84566724017195
1307.7200366687775,-73.84641651496366,-73.84641651496366
1307.7300366687775,-73.8471679159054,-73.8471679159054
1307.7400366687775,-73.84792069613013,-73.84792069613013
1307.7500366687775,-73.84867448225586,-73.84867448225586
1307.7600366687775,-73.84942912032932,-73.84942912032932
1307.7700366687775,-73.8501845854319,-73.8501845854319
1307.7800366687775,-73.85094092741818,-73.85094092741818
1307.7900366687775,-73.85169823821698,-73.85169823821698
1307.8000366687775,-73.85245663225214,-73.85245663225214
1307.8100366687775,-73.85321623473949,-73.85321623473949
1307.8200366687774,-73.85397717479458,-73.85397717479458
1307.8300366687774,-73.85473958151796,-73.85473958151796
1307.8400366687774,-73.85550358179934,-73.85550358179934
1307.8500366687774,-73.85626929927814,-73.85626929927814
1307.8600366687774,-73.8570368538595,-73.8570368538595
1307.8700366687774,-73.85780636166778,-73.85780636166778
1307.8800366687774,-73.85857793517893,-73.85857793517893
1307.8900366687774,-73.85935168347433,-73.85935168347433
1307.9000366687774,-73.86012771252788,-73.86012771252788
1307.9100366687774,-73.86090612549349,-73.86090612549349
1307.9200366687774,-73.86168702299247,-73.86168702299247
1307.9300366687776,-73.86247050340776,-73.86247050340776
1307.9400366687776,-73.8632566630613,-73.8632566630613
1307.9500366687776,-73.86404559645669,-73.86404559645669
1307.9600366687775,-73.86483739645831,-73.86483739645831
1307.9700366687775,-73.86563215442824,-73.86563215442824
1307.9800366687775,-73.86642996035839,-73.86642996035839
1307.9900366687775,-73.86723090297478,-73.86723090297478
1308.0000366687775,-73.86803506983865,-73.86803506983865
1308.0100366687775,-73.86884254740733,-73.86884254740733
1308.0200366687775,-73.86965342109268,-73.86965342109268
1308.0300366687775,-73.87046777530973,-73.87046777530973
1308.0400366687775,-73.87128569353422,-73.87128569353422
1308.0500366687775,-73.87210725830414,-73.87210725830414
1308.0600366687775,-73.8729325512482,-73.8729325512482
1308.0700366687774,-73.8737616531228,-73.8737616531228
1308.0800366687774,-73.87459464380258,-73.87459464380258
1308.0900366687774,-73.87543160229076,-73.87543160229076
1308.1000366687774,-73.87627260673594,-73.87627260673594
1308.1100366687774,-73.87711773442201,-73.87711773442201
1308.1200366687774,-73.87796706177068,-73.87796706177068
1308.1300366687774,-73.87882066434838,-73.87882066434838
1308.1400366687774,-73.87967861685205,-73.87967861685205
1308.1500366926193,-73.88054099515952,-73.88054099515952
1308.1600366926193,-73.8814078681245,-73.8814078681245
1308.1700366926193,-73.88227930985605,-73.88227930985605
1308.1800366926193,-73.88315539152963,-73.88315539152963
1308.1900366926193,-73.88403618345225,-73.88403618345225
1308.2000366926193,-73.88492175500407,-73.88492175500407
1308.2100366926193,-73.88580572889539,-73.88580572889539
1308.2200366926193,-73.88668534978876,-73.88668534978876
1308.2300366926193,-73.8875593097306,-73.8875593097306
1308.2400366926192,-73.88842697029992,-73.88842697029992
1308.2500366926192,-73.88928806580618,-73.88928806580618
1308.2600366926192,-73.89014254910772,-73.89014254910772
1308.2700366926192,-73.89099050124952,-73.89099050124952
1308.2800366926194,-73.8918320771494,-73.8918320771494
1308.2900366926194,-73.8926674729251,-73.8926674729251
1308.3000366926194,-73.89349690628038,-73.89349690628038
1308.3100366926194,-73.89432060478978,-73.89432060478978
1308.3200366926194,-73.8951387990522,-73.8951387990522
1308.3300366926194,-73.89595171869793,-73.89595171869793
1308.3400366926194,-73.89675959024684,-73.89675959024684
1308.3500366926194,-73.89756263602028,-73.89756263602028
1308.3600366926194,-73.89836107366385,-73.89836107366385
1308.3700366926194,-73.89915511611262,-73.89915511611262
1308.3800366926193,-73.89994497170127,-73.89994497170127
1308.3900366926193,-73.90073084440886,-73.90073084440886
1308.4000366926193,-73.90151293415397,-73.90151293415397
1308.4100366926193,-73.90229143707509,-73.90229143707509
1308.4200366926193,-73.90306654583227,-73.90306654583227
1308.4300366926193,-73.90383844983735,-73.90383844983735
1308.4400366926193,-73.90460733552617,-73.90460733552617
1308.4500366926193,-73.90537338653566,-73.90537338653566
1308.4600366926193,-73.90613033698676,-73.90613033698676
1308.4700366926193,-73.90687554232663,-73.90687554232663
1308.4800366926193,-73.90760780433128,-73.90760780433128
1308.4900366926192,-73.90832659318276,-73.90832659318276
1308.5000366926192,-73.90903175064335,-73.90903175064335
1308.5100366926192,-73.9097233359873,-73.9097233359873
1308.5200366926192,-73.91040153564056,-73.91040153564056
1308.5300366926194,-73.9110666089497,-73.9110666089497
1308.5400366926194,-73.91171885551871,-73.91171885551871
1308.5500366926194,-73.91235859564037,-73.91235859564037
1308.5600366926194,-73.91298615862735,-73.91298615862735
1308.5700366926194,-73.91360187594165,-73.91360187594165
1308.5800366926194,-73.91420607726216,-73.91420607726216
1308.5900366926194,-73.91479908832063,-73.91479908832063
1308.6000366926194,-73.91538122985303,-73.91538122985303
1308.6100366926194,-73.91595281712023,-73.91595281712023
1308.6200366926194,-73.9165141598367,-73.9165141598367
1308.6300366926193,-73.9170655623383,-73.9170655623383
1308.6400366926193,-73.91760732381012,-73.91760732381012
1308.6500366926193,-73.9181397385554,-73.9181397385554
1308.6600366926193,-73.91866309631004,-73.91866309631004
1308.6700366926193,-73.91917768249688,-73.91917768249688
1308.6800366926193,-73.91968377852007,-73.91968377852007
1308.6900366926193,-73.92018166195831,-73.92018166195831
1308.7000366926193,-73.92067160678965,-73.92067160678965
1308.7100366926193,-73.92115388355073,-73.92115388355073
1308.7200366926193,-73.92162875948746,-73.92162875948746
1308.7300366926193,-73.92209649869143,-73.92209649869143
1308.7400366926192,-73.92255736219154,-73.92255736219154
1308.7500366926192,-73.92301160804489,-73.92301160804489
1308.7600366926192,-73.923459491418,-73.923459491418
1308.7700366926192,-73.92390126463503,-73.92390126463503
1308.7800366926194,-73.9243371772254,-73.9243371772254
1308.7900366926194,-73.9247674759761,-73.9247674759761
1308.8000366926194,-73.92519240495018,-73.92519240495018
1308.8100366926194,-73.92561220551447,-73.92561220551447
1308.8200366926194,-73.92602711637122,-73.92602711637122
1308.8300366926194,-73.92643737356507,-73.92643737356507
1308.8400366926194,-73.92684321048036,-73.92684321048036
1308.8500366926194,-73.92724485788139,-73.92724485788139
1308.8600366926194,-73.92764254390707,-73.92764254390707
1308.8700366926194,-73.92803649405478,-73.92803649405478
1308.8800366926193,-73.92842693122356,-73.92842693122356
1308.8900366926193,-73.92881407570896,-73.92881407570896
1308.9000366926193,-73.92919814517444,-73.92919814517444
1308.9100366926193,-73.92957935469225,-73.92957935469225
1308.9200366926193,-73.92995791672796,-73.92995791672796
1308.9300366926193,-73.93033404116078,-73.93033404116078
1308.9400366926193,-73.93070793525884,-73.93070793525884
1308.9500366926193,-73.93107980370975,-73.93107980370975
1308.9600366926193,-73.93144340122933,-73.93144340122933
1308.9700366926193,-73.93179610496786,-73.93179610496786
1308.9800366926193,-73.93213673853228,-73.93213673853228
1308.9900366926192,-73.93246479369766,-73.93246479369766
1309.0000367164612,-73.93278013421934,-73.93278013421934
1309.0100367164612,-73.93308283852168,-73.93308283852168
1309.0200367164612,-73.93337311398892,-73.93337311398892
1309.0300367164612,-73.93365123945097,-73.93365123945097
1309.0400367164611,-73.93391753331233,-73.93391753331233
1309.0500367164611,-73.93417233397285,-73.93417233397285
1309.0600367164611,-73.93441598811185,-73.93441598811185
1309.0700367164611,-73.93464884382807,-73.93464884382807
1309.080036716461,-73.93487124670067,-73.93487124670067
1309.090036716461,-73.93508353762878,-73.93508353762878
1309.100036716461,-73.935286051778,-73.935286051778
1309.110036716461,-73.93547911810786,-73.93547911810786
1309.120036716461,-73.93566305934941,-73.93566305934941
1309.1300367164613,-73.93583819213428,-73.93583819213428
1309.1400367164613,-73.93600482725563,-73.93600482725563
1309.1500367164613,-73.93616326998068,-73.93616326998068
1309.1600367164613,-73.93631382034152,-73.93631382034152
1309.1700367164613,-73.93645677343511,-73.93645677343511
1309.1800367164612,-73.93659241971993,-73.93659241971993
1309.1900367164612,-73.93672104524306,-73.93672104524306
1309.2000367164612,-73.93684293186203,-73.93684293186203
1309.2100367164612,-73.93695835744121,-73.93695835744121
1309.2200367164612,-73.93706759602541,-73.93706759602541
1309.2300367164612,-73.9371709179755,-73.9371709179755
1309.2400367164612,-73.93726859007484,-73.93726859007484
1309.2500367164612,-73.937360875675,-73.937360875675
1309.2600367164612,-73.93744803474924,-73.93744803474924
1309.2700367164612,-73.9375303240042,-73.9375303240042
1309.2800367164612,-73.93760799689532,-73.93760799689532
1309.2900367164611,-73.93768130373331,-73.93768130373331
1309.3000367164611,-73.9377504917025,-73.9377504917025
1309.3100367164611,-73.93781580492896,-73.93781580492896
1309.3200367164611,-73.93787748447501,-73.93787748447501
1309.330036716461,-73.9379357684086,-73.9379357684086
1309.340036716461,-73.93799089181354,-73.93799089181354
1309.350036716461,-73.93804308682111,-73.93804308682111
1309.360036716461,-73.93809258261838,-73.93809258261838
1309.370036716461,-73.93813960547405,-73.93813960547405
1309.3800367164613,-73.93818437877934,-73.93818437877934
1309.3900367164613,-73.938227123023,-73.938227123023
1309.4000367164613,-73.93826805583828,-73.93826805583828
1309.4100367164613,-73.93830739201233,-73.93830739201233
1309.4200367164613,-73.938345343494,-73.938345343494
1309.4300367164612,-73.93838211940547,-73.93838211940547
1309.4400367164612,-73.93841792608282,-73.93841792608282
1309.4500367164612,-73.93845296704494,-73.93845296704494
1309.4600367164612,-73.93848744303949,-73.93848744303949
1309.4700367164612,-73.93852155206812,-73.93852155206812
1309.4800367164612,-73.93855548936438,-73.93855548936438
1309.4900367164612,-73.93858944744181,-73.93858944744181
1309.5000367164612,-73.9386236161004,-73.9386236161004
1309.5100367164612,-73.93865818241358,-73.93865818241358
1309.5200367164612,-73.93869333079745,-73.93869333079745
1309.5300367164612,-73.93872924298019,-73.93872924298019
1309.5400367164611,-73.9387660980445,-73.9387660980445
1309.5500367164611,-73.93880407243459,-73.93880407243459
1309.5600367164611,-73.93884333998061,-73.93884333998061
1309.5700367164611,-73.93888407190789,-73.93888407190789
1309.580036716461,-73.93892643686705,-73.93892643686705
1309.590036716461,-73.93897060093849,-73.93897060093849
1309.600036716461,-73.93901672765739,-73.93901672765739
1309.610036716461,-73.93906497804218,-73.93906497804218
1309.620036716461,-73.93911551060161,-73.93911551060161
1309.6300367164613,-73.93916848136072,-73.93916848136072
1309.6400367164613,-73.93922404388074,-73.93922404388074
1309.6500367164613,-73.93928234927174,-73.93928234927174
1309.6600367164613,-73.93934354623698,-73.93934354623698
1309.6700367164613,-73.93940778105825,-73.93940778105825
1309.6800367164612,-73.93947519764912,-73.93947519764912
1309.6900367164612,-73.93954593756136,-73.93954593756136
1309.7000367164612,-73.93962014000265,-73.93962014000265
1309.7100367164612,-73.93969794188402,-73.93969794188402
1309.7200367164612,-73.9397794777992,-73.9397794777992
1309.7300367164612,-73.93986488008667,-73.93986488008667
1309.7400367164612,-73.93995427883114,-73.93995427883114
1309.7500367164612,-73.94004780189908,-73.94004780189908
1309.7600367164612,-73.94014557492638,-73.94014557492638
1309.7700367164612,-73.94024772140678,-73.94024772140678
1309.7800367164612,-73.94035436264402,-73.94035436264402
1309.7900367164611,-73.94046561782574,-73.94046561782574
1309.8000367164611,-73.94058160401475,-73.94058160401475
1309.8100367164611,-73.94070243619414,-73.94070243619414
1309.8200367164611,-73.94082822726692,-73.94082822726692
1309.830036716461,-73.94095908810614,-73.94095908810614
1309.840036716461,-73.94109512755324,-73.94109512755324
1309.850036740303,-73.94123645278619,-73.94123645278619
1309.860036740303,-73.9413831680285,-73.9413831680285
1309.870036740303,-73.94153537650779,-73.94153537650779
1309.880036740303,-73.94169317922531,-73.94169317922531
1309.890036740303,-73.94185667524957,-73.94185667524957
1309.900036740303,-73.94202596178035,-73.94202596178035
1309.910036740303,-73.94220113414407,-73.94220113414407
1309.920036740303,-73.94238228583711,-73.94238228583711
1309.930036740303,-73.94256950852741,-73.94256950852741
1309.940036740303,-73.94276289210265,-73.94276289210265
1309.950036740303,-73.94296252465644,-73.94296252465644
1309.960036740303,-73.9431684925426,-73.9431684925426
1309.970036740303,-73.94338088038862,-73.94338088038862
1309.9800367403031,-73.94359977111239,-73.94359977111239
1309.9900367403031,-73.94382524593424,-73.94382524593424
1310.0000367403031,-73.94405738441998,-73.94405738441998
1310.0100367403031,-73.94429626449143,-73.94429626449143
1310.020036740303,-73.94454196244517,-73.94454196244517
1310.030036740303,-73.9447945529824,-73.9447945529824
1310.040036740303,-73.94505410920459,-73.94505410920459
1310.050036740303,-73.94532070268326,-73.94532070268326
1310.060036740303,-73.94559440341274,-73.94559440341274
1310.070036740303,-73.94587527990845,-73.94587527990845
1310.080036740303,-73.94616339915602,-73.94616339915602
1310.090036740303,-73.94645882667845,-73.94645882667845
1310.100036740303,-73.94676162653894,-73.94676162653894
1310.110036740303,-73.94707186135379,-73.94707186135379
1310.120036740303,-73.94738959232242,-73.94738959232242
1310.130036740303,-73.94771487925482,-73.94771487925482
1310.140036740303,-73.94804778055945,-73.94804778055945
1310.150036740303,-73.94838835329692,-73.94838835329692
1310.160036740303,-73.94873665317607,-73.94873665317607
1310.170036740303,-73.94909273458676,-73.94909273458676
1310.180036740303,-73.94945665061202,-73.94945665061202
1310.190036740303,-73.94982845304537,-73.94982845304537
1310.200036740303,-73.95020819240519,-73.95020819240519
1310.210036740303,-73.9505959179698,-73.9505959179698
1310.220036740303,-73.95099167776804,-73.95099167776804
1310.2300367403031,-73.95139551861303,-73.95139551861303
1310.2400367403031,-73.95180748612562,-73.95180748612562
1310.2500367403031,-73.95222762474008,-73.95222762474008
1310.2600367403031,-73.95265597772087,-73.95265597772087
1310.270036740303,-73.95309258719494,-73.95309258719494
1310.280036740303,-73.95353749413731,-73.95353749413731
1310.290036740303,-73.95399073842123,-73.95399073842123
1310.300036740303,-73.95445235881509,-73.95445235881509
1310.310036740303,-73.95492239299485,-73.95492239299485
1310.320036740303,-73.95540087758624,-73.95540087758624
1310.330036740303,-73.95588784813984,-73.95588784813984
1310.340036740303,-73.9563833391816,-73.9563833391816
1310.350036740303,-73.95688738420914,-73.95688738420914
1310.360036740303,-73.95740001571954,-73.95740001571954
1310.370036740303,-73.95792126520577,-73.95792126520577
1310.380036740303,-73.95845116319315,-73.95845116319315
1310.390036740303,-73.95898973923467,-73.95898973923467
1310.400036740303,-73.95953702194248,-73.95953702194248
1310.410036740303,-73.96009303898262,-73.96009303898262
1310.420036740303,-73.96065781710969,-73.96065781710969
1310.430036740303,-73.96123138216012,-73.96123138216012
1310.440036740303,-73.96181375908954,-73.96181375908954
1310.450036740303,-73.96240497196538,-73.96240497196538
1310.460036740303,-73.96300504398329,-73.96300504398329
1310.470036740303,-73.96361399749406,-73.96361399749406
1310.4800367403031,-73.96423185399688,-73.96423185399688
1310.4900367403031,-73.96485863417142,-73.96485863417142
1310.5000367403031,-73.9654943578661,-73.9654943578661
1310.5100367403031,-73.96613904415322,-73.96613904415322
1310.520036740303,-73.96679271128407,-73.96679271128407
1310.530036740303,-73.96745537674767,-73.96745537674767
1310.540036740303,-73.96812705726673,-73.96812705726673
1310.550036740303,-73.96880776879361,-73.96880776879361
1310.560036740303,-73.96949752654402,-73.96949752654402
1310.570036740303,-73.97019634501328,-73.97019634501328
1310.580036740303,-73.97090423794668,-73.97090423794668
1310.590036740303,-73.97162121841448,-73.97162121841448
1310.600036740303,-73.97234729875721,-73.97234729875721
1310.610036740303,-73.97308249064498,-73.97308249064498
1310.620036740303,-73.97382680506448,-73.97382680506448
1310.630036740303,-73.97458025233516,-73.97458025233516
1310.640036740303,-73.9753428421243,-73.9753428421243
1310.650036740303,-73.97611458343651,-73.97611458343651
1310.660036740303,-73.97689548466715,-73.97689548466715
1310.670036740303,-73.97768555355243,-73.97768555355243
1310.680036740303,-73.97848479724423,-73.97848479724423
1310.690036740303,-73.9792932222691,-73.9792932222691
1310.700036764145,-73.9801108365046,-73.9801108365046
1310.710036764145,-73.98093764142803,-73.98093764142803
1310.7200367641449,-73.98177364372704,-73.98177364372704
1310.7300367641449,-73.98261884759779,-73.98261884759779
1310.7400367641449,-73.98347325668294,-73.98347325668294
1310.7500367641449,-73.98433687406644,-73.98433687406644
1310.7600367641448,-73.9852097022954,-73.9852097022954
1310.7700367641448,-73.98609174337182,-73.98609174337182
1310.7800367641448,-73.98698299879091,-73.98698299879091
1310.7900367641448,-73.98788346951306,-73.98788346951306
1310.8000367641448,-73.9887931560034,-73.9887931560034
1310.8100367641448,-73.98971205821924,-73.98971205821924
1310.8200367641448,-73.99064017563198,-73.99064017563198
1310.830036764145,-73.99157750721986,-73.99157750721986
1310.840036764145,-73.99252405149507,-73.99252405149507
1310.850036764145,-73.99347980649698,-73.99347980649698
1310.860036764145,-73.99444476979873,-73.99444476979873
1310.870036764145,-73.99541893853068,-73.99541893853068
1310.880036764145,-73.99640230937182,-73.99640230937182
1310.890036764145,-73.99739487856017,-73.99739487856017
1310.900036764145,-73.99839664190668,-73.99839664190668
1310.910036764145,-73.99940759479941,-73.99940759479941
1310.920036764145,-74.00042773220757,-74.00042773220757
1310.930036764145,-74.00145704868629,-74.00145704868629
1310.940036764145,-74.00249553839154,-74.00249553839154
1310.950036764145,-74.00354319508797,-74.00354319508797
1310.960036764145,-74.00459355745151,-74.00459355745151
1310.9700367641449,-74.00564379219838,-74.00564379219838
1310.9800367641449,-74.00669251602768,-74.00669251602768
1310.9900367641449,-74.00773901662096,-74.00773901662096
1311.0000367641449,-74.00878295536931,-74.00878295536931
1311.0100367641448,-74.00982421301396,-74.00982421301396
1311.0200367641448,-74.0108627991301,-74.0108627991301
1311.0300367641448,-74.01189879776854,-74.01189879776854
1311.0400367641448,-74.01293233474743,-74.01293233474743
1311.0500367641448,-74.01396355803004,-74.01396355803004
1311.0600367641448,-74.01499262601766,-74.01499262601766
1311.0700367641448,-74.01601970069098,-74.01601970069098
1311.080036764145,-74.01704494364662,-74.01704494364662
1311.090036764145,-74.01806851396466,-74.01806851396466
1311.100036764145,-74.01909056710856,-74.01909056710856
1311.110036764145,-74.02011125450285,-74.02011125450285
1311.120036764145,-74.0211307234529,-74.0211307234529
1311.130036764145,-74.0221491173024,-74.0221491173024
1311.140036764145,-74.02316657567975,-74.02316657567975
1311.150036764145,-74.02418323479007,-74.02418323479007
1311.160036764145,-74.02519922771074,-74.02519922771074
1311.170036764145,-74.02621468468305,-74.02621468468305
1311.180036764145,-74.02722973339128,-74.02722973339128
1311.190036764145,-74.02824449917638,-74.02824449917638
1311.200036764145,-74.02925910526776,-74.02925910526776
1311.210036764145,-74.03027367293582,-74.03027367293582
1311.2200367641449,-74.03128832167283,-74.03128832167283
1311.2300367641449,-74.03230316930531,-74.03230316930531
1311.2400367641449,-74.03331833212151,-74.03331833212151
1311.2500367641449,-74.03433392494081,-74.03433392494081
1311.2600367641448,-74.03535006121206,-74.03535006121206
1311.2700367641448,-74.03636685304319,-74.03636685304319
1311.2800367641448,-74.03738441131034,-74.03738441131034
1311.2900367641448,-74.0384028456298,-74.0384028456298
1311.3000367641448,-74.03942226442543,-74.03942226442543
1311.3100367641448,-74.0404427749681,-74.0404427749681
1311.3200367641448,-74.04146448336972,-74.04146448336972
1311.330036764145,-74.0424874945983,-74.0424874945983
1311.340036764145,-74.04351191250703,-74.04351191250703
1311.350036764145,-74.04453783981536,-74.04453783981536
1311.360036764145,-74.04556537814831,-74.04556537814831
1311.370036764145,-74.04659462800512,-74.04659462800512
1311.380036764145,-74.04762568877479,-74.04762568877479
1311.390036764145,-74.04865865874754,-74.04865865874754
1311.400036764145,-74.04969363508319,-74.04969363508319
1311.410036764145,-74.05073071382914,-74.05073071382914
1311.420036764145,-74.05176998992684,-74.05176998992684
1311.430036764145,-74.05281155717859,-74.05281155717859
1311.440036764145,-74.05385550827471,-74.05385550827471
1311.450036764145,-74.05490193476659,-74.05490193476659
1311.460036764145,-74.05595092707236,-74.05595092707236
1311.4700367641449,-74.05700257448007,-74.05700257448007
1311.4800367641449,-74.0580569651337,-74.0580569651337
1311.4900367641449,-74.05911418603081,-74.05911418603081
1311.5000367641449,-74.06017432302043,-74.06017432302043
1311.5100367641448,-74.0612374608134,-74.0612374608134
1311.5200367641448,-74.0623036829706,-74.0623036829706
1311.5300367641448,-74.06337307189405,-74.06337307189405
1311.5400367641448,-74.06444570883164,-74.06444570883164
1311.5500367879868,-74.06552167644695,-74.06552167644695
1311.5600367879867,-74.06660104857207,-74.06660104857207
1311.5700367879867,-74.06768390554981,-74.06768390554981
1311.5800367879867,-74.06877032402352,-74.06877032402352
1311.5900367879867,-74.06986037947196,-74.06986037947196
1311.6000367879867,-74.07095414624104,-74.07095414624104
1311.6100367879867,-74.07205169752051,-74.07205169752051
1311.6200367879867,-74.07315310536126,-74.07315310536126
1311.6300367879867,-74.07425844066127,-74.07425844066127
1311.6400367879867,-74.07536777319437,-74.07536777319437
1311.6500367879867,-74.07648117158618,-74.07648117158618
1311.6600367879867,-74.07759870333162,-74.07759870333162
1311.6700367879866,-74.07872043481267,-74.07872043481267
1311.6800367879869,-74.07984643127973,-74.07984643127973
1311.6900367879869,-74.08097675687085,-74.08097675687085
1311.7000367879868,-74.082111474611,-74.082111474611
1311.7100367879868,-74.08324418466374,-74.08324418466374
1311.7200367879868,-74.08437211819228,-74.08437211819228
1311.7300367879868,-74.08549395709885,-74.08549395709885
1311.7400367879868,-74.08660905420815,-74.08660905420815
1311.7500367879868,-74.0877171357295,-74.0877171357295
1311.7600367879868,-74.08881814673568,-74.08881814673568
1311.7700367879868,-74.0899121605944,-74.0899121605944
1311.7800367879868,-74.09099932454659,-74.09099932454659
1311.7900367879868,-74.09207982699444,-74.09207982699444
1311.8000367879868,-74.09315387784996,-74.09315387784996
1311.8100367879867,-74.09422169682853,-74.09422169682853
1311.8200367879867,-74.09528350658819,-74.09528350658819
1311.8300367879867,-74.09633952875254,-74.09633952875254
1311.8400367879867,-74.09738998177711,-74.09738998177711
1311.8500367879867,-74.0984350798596,-74.0984350798596
1311.8600367879867,-74.0994750325133,-74.0994750325133
1311.8700367879867,-74.10051004448586,-74.10051004448586
1311.8800367879867,-74.10154031591563,-74.10154031591563
1311.8900367879867,-74.10256604258021,-74.10256604258021
1311.9000367879867,-74.1035874161803,-74.1035874161803
1311.9100367879867,-74.1046046246586,-74.1046046246586
1311.9200367879866,-74.10561785248676,-74.10561785248676
1311.9300367879869,-74.10662728092854,-74.10662728092854
1311.9400367879869,-74.10763308827428,-74.10763308827428
1311.9500367879868,-74.1086354500593,-74.1086354500593
1311.9600367879868,-74.1096345392536,-74.1096345392536
1311.9700367879868,-74.11063052640282,-74.11063052640282
1311.9800367879868,-74.11162357978536,-74.11162357978536
1311.9900367879868,-74.1126138654895,-74.1126138654895
1312.0000367879868,-74.11360154755914,-74.11360154755914
1312.0100367879868,-74.11458678802552,-74.11458678802552
1312.0200367879868,-74.115569747007,-74.115569747007
1312.0300367879868,-74.11655058275402,-74.11655058275402
1312.0400367879868,-74.11752945169052,-74.11752945169052
1312.0500367879868,-74.11850650843242,-74.11850650843242
1312.0600367879867,-74.11948190586438,-74.11948190586438
1312.0700367879867,-74.12045579512453,-74.12045579512453
1312.0800367879867,-74.12142832564143,-74.12142832564143
1312.0900367879867,-74.12239964514248,-74.12239964514248
1312.1000367879867,-74.12336989967316,-74.12336989967316
1312.1100367879867,-74.12433923360787,-74.12433923360787
1312.1200367879867,-74.12530778964162,-74.12530778964162
1312.1300367879867,-74.1262757088045,-74.1262757088045
1312.1400367879867,-74.12724313047273,-74.12724313047273
1312.1500367879867,-74.12821019237626,-74.12821019237626
1312.1600367879867,-74.12917703059401,-74.12917703059401
1312.1700367879866,-74.13014377954394,-74.13014377954394
1312.1800367879869,-74.1311105720005,-74.1311105720005
1312.1900367879869,-74.1320775391056,-74.1320775391056
1312.2000367879868,-74.13304481033528,-74.13304481033528
1312.2100367879868,-74.13401251354497,-74.13401251354497
1312.2200367879868,-74.13498077495005,-74.13498077495005
1312.2300367879868,-74.13594971910611,-74.13594971910611
1312.2400367879868,-74.13691946895406,-74.13691946895406
1312.2500367879868,-74.13789014580223,-74.13789014580223
1312.2600367879868,-74.13886186932301,-74.13886186932301
1312.2700367879868,-74.13983475756932,-74.13983475756932
1312.2800367879868,-74.14080892696452,-74.14080892696452
1312.2900367879868,-74.14178449232138,-74.14178449232138
1312.3000367879868,-74.14276156684286,-74.14276156684286
1312.3100367879867,-74.14374026211557,-74.14374026211557
1312.3200367879867,-74.1447206881397,-74.1447206881397
1312.3300367879867,-74.14570295330567,-74.14570295330567
1312.3400367879867,-74.14668716441862,-74.14668716441862
1312.3500367879867,-74.14767342670923,-74.14767342670923
1312.3600367879867,-74.14866184383027,-74.14866184383027
1312.3700367879867,-74.14965251786435,-74.14965251786435
1312.3800367879867,-74.15064554933754,-74.15064554933754
1312.3900367879867,-74.15164103722154,-74.15164103722154
1312.4000368118286,-74.15263908133277,-74.15263908133277
1312.4100368118286,-74.15363977282951,-74.15363977282951
1312.4200368118286,-74.15464320845648,-74.15464320845648
1312.4300368118286,-74.155649481084,-74.155649481084
1312.4400368118286,-74.15665868207518,-74.15665868207518
1312.4500368118286,-74.15767090131189,-74.15767090131189
1312.4600368118286,-74.15868622717635,-74.15868622717635
1312.4700368118285,-74.1597047465901,-74.1597047465901
1312.4800368118285,-74.16072654501868,-74.16072654501868
1312.4900368118285,-74.16175170647641,-74.16175170647641
1312.5000368118285,-74.16278031353905,-74.16278031353905
1312.5100368118285,-74.16381244736276,-74.16381244736276
1312.5200368118285,-74.16484818768215,-74.16484818768215
1312.5300368118287,-74.16588761284216,-74.16588761284216
1312.5400368118287,-74.16693079980027,-74.16693079980027
1312.5500368118287,-74.16797782413266,-74.16797782413266
1312.5600368118287,-74.16902876005008,-74.16902876005008
1312.5700368118287,-74.1700836804259,-74.1700836804259
1312.5800368118287,-74.17114265677981,-74.17114265677981
1312.5900368118287,-74.1722057593176,-74.1722057593176
1312.6000368118287,-74.17327305694012,-74.17327305694012
1312.6100368118286,-74.17434461723415,-74.17434461723415
1312.6200368118286,-74.17542050651066,-74.17542050651066
1312.6300368118286,-74.17650078981586,-74.17650078981586
1312.6400368118286,-74.1775855309237,-74.1775855309237
1312.6500368118286,-74.17867479236465,-74.17867479236465
1312.6600368118286,-74.17976863544767,-74.17976863544767
1312.6700368118286,-74.18086712026421,-74.18086712026421
1312.6800368118286,-74.18197030569026,-74.18197030569026
1312.6900368118286,-74.18307824941321,-74.18307824941321
1312.7000368118286,-74.18419100795433,-74.18419100795433
1312.7100368118286,-74.18530863664925,-74.18530863664925
1312.7200368118285,-74.18643118969582,-74.18643118969582
1312.7300368118285,-74.18755872015788,-74.18755872015788
1312.7400368118285,-74.1886912799704,-74.1886912799704
1312.7500368118285,-74.18982891994813,-74.18982891994813
1312.7600368118285,-74.19097168981205,-74.19097168981205
1312.7700368118285,-74.1921196382148,-74.1921196382148
1312.7800368118287,-74.19327281271022,-74.19327281271022
1312.7900368118287,-74.19443125981203,-74.19443125981203
1312.8000368118287,-74.1955950249935,-74.1955950249935
1312.8100368118287,-74.19676415266994,-74.19676415266994
1312.8200368118287,-74.19793868626314,-74.19793868626314
1312.8300368118287,-74.19911866817517,-74.19911866817517
1312.8400368118287,-74.20030413981468,-74.20030413981468
1312.8500368118287,-74.20149514160468,-74.20149514160468
1312.8600368118286,-74.20269171301808,-74.20269171301808
1312.8700368118286,-74.20389389254885,-74.20389389254885
1312.8800368118286,-74.20510171775997,-74.20510171775997
1312.8900368118286,-74.20631522528437,-74.20631522528437
1312.9000368118286,-74.20753445083419,-74.20753445083419
1312.9100368118286,-74.20875942920243,-74.20875942920243
1312.9200368118286,-74.20999019430364,-74.20999019430364
1312.9300368118286,-74.21122677916394,-74.21122677916394
1312.9400368118286,-74.21246921593479,-74.21246921593479
1312.9500368118286,-74.21371753591166,-74.21371753591166
1312.9600368118286,-74.2149717695419,-74.2149717695419
1312.9700368118285,-74.2162319464376,-74.2162319464376
1312.9800368118285,-74.21749809538984,-74.21749809538984
1312.9900368118285,-74.21877024436809,-74.21877024436809
1313.0000368118285,-74.22004842054041,-74.22004842054041
1313.0100368118285,-74.22133265029561,-74.22133265029561
1313.0200368118285,-74.22262295923605,-74.22262295923605
1313.0300368118287,-74.22391937219102,-74.22391937219102
1313.0400368118287,-74.22522191323476,-74.22522191323476
1313.0500368118287,-74.22653060570254,-74.22653060570254
1313.0600368118287,-74.22784547217744,-74.22784547217744
1313.0700368118287,-74.22916653452472,-74.22916653452472
1313.0800368118287,-74.23049381390065,-74.23049381390065
1313.0900368118287,-74.23182733075004,-74.23182733075004
1313.1000368118287,-74.23316710482,-74.23316710482
1313.1100368118286,-74.23451315517597,-74.23451315517597
1313.1200368118286,-74.23586550021207,-74.23586550021207
1313.1300368118286,-74.23722415764581,-74.23722415764581
1313.1400368118286,-74.23858914454789,-74.23858914454789
1313.1500368118286,-74.23996047734242,-74.23996047734242
1313.1600368118286,-74.24133817181708,-74.24133817181708
1313.1700368118286,-74.24272224313054,-74.24272224313054
1313.1800368118286,-74.24411270581842,-74.24411270581842
1313.1900368118286,-74.24550957382412,-74.24550957382412
1313.2000368118286,-74.24691286047272,-74.24691286047272
1313.2100368118286,-74.24832257851324,-74.24832257851324
1313.2200368118285,-74.24973874010102,-74.24973874010102
1313.2300368118285,-74.2511613568323,-74.2511613568323
1313.2400368118285,-74.25259043972655,-74.25259043972655
1313.2500368356705,-74.25402600267466,-74.25402600267466
1313.2600368356705,-74.25546804878516,-74.25546804878516
1313.2700368356705,-74.25691659083316,-74.25691659083316
1313.2800368356704,-74.25837163766381,-74.25837163766381
1313.2900368356704,-74.25983319761394,-74.25983319761394
1313.3000368356704,-74.26130127850527,-74.26130127850527
1313.3100368356704,-74.26277588763236,-74.26277588763236
1313.3200368356704,-74.26425703181842,-74.26425703181842
1313.3300368356704,-74.26574471738395,-74.26574471738395
1313.3400368356704,-74.26723895015242,-74.26723895015242
1313.3500368356704,-74.26873973549459,-74.26873973549459
1313.3600368356704,-74.27024707830572,-74.27024707830572
1313.3700368356704,-74.27176098299648,-74.27176098299648
1313.3800368356706,-74.27328145356205,-74.27328145356205
1313.3900368356706,-74.27480849352105,-74.27480849352105
1313.4000368356706,-74.27634210596932,-74.27634210596932
1313.4100368356706,-74.27788229355873,-74.27788229355873
1313.4200368356705,-74.27942905853455,-74.27942905853455
1313.4300368356705,-74.28098240269486,-74.28098240269486
1313.4400368356705,-74.28254232744996,-74.28254232744996
1313.4500368356705,-74.28410883379217,-74.28410883379217
1313.4600368356705,-74.28568192231285,-74.28568192231285
1313.4700368356705,-74.2872615932172,-74.2872615932172
1313.4800368356705,-74.28884784633075,-74.28884784633075
1313.4900368356705,-74.29044068107969,-74.29044068107969
1313.5000368356705,-74.29204009652766,-74.29204009652766
1313.5100368356705,-74.29364609137124,-74.29364609137124
1313.5200368356705,-74.29525866394074,-74.29525866394074
1313.5300368356704,-74.29687781221513,-74.29687781221513
1313.5400368356704,-74.29850353382336,-74.29850353382336
1313.5500368356704,-74.30013582603688,-74.30013582603688
1313.5600368356704,-74.30177468580445,-74.30177468580445
1313.5700368356704,-74.30342010974313,-74.30342010974313
1313.5800368356704,-74.30507209412298,-74.30507209412298
1313.5900368356704,-74.30673063491443,-74.30673063491443
1313.6000368356704,-74.30839572776172,-74.30839572776172
1313.6100368356704,-74.31006736798905,-74.31006736798905
1313.6200368356704,-74.31174555062833,-74.31174555062833
1313.6300368356706,-74.31343027040283,-74.31343027040283
1313.6400368356706,-74.31512152174338,-74.31512152174338
1313.6500368356706,-74.31681929878164,-74.31681929878164
1313.6600368356706,-74.31852359538502,-74.31852359538502
1313.6700368356705,-74.32023440511007,-74.32023440511007
1313.6800368356705,-74.32195172125024,-74.32195172125024
1313.6900368356705,-74.32367553684007,-74.32367553684007
1313.7000368356705,-74.32540584463155,-74.32540584463155
1313.7100368356705,-74.32714263711219,-74.32714263711219
1313.7200368356705,-74.3288859065231,-74.3288859065231
1313.7300368356705,-74.33063564484351,-74.33063564484351
1313.7400368356705,-74.33239184381843,-74.33239184381843
1313.7500368356705,-74.33415449492725,-74.33415449492725
1313.7600368356705,-74.33592358942217,-74.33592358942217
1313.7700368356705,-74.33769911830908,-74.33769911830908
1313.7800368356704,-74.33948107238038,-74.33948107238038
1313.7900368356704,-74.34126944218254,-74.34126944218254
1313.8000368356704,-74.3430642180509,-74.3430642180509
1313.8100368356704,-74.34486539009174,-74.34486539009174
1313.8200368356704,-74.34667294820684,-74.34667294820684
1313.8300368356704,-74.34848688206941,-74.34848688206941
1313.8400368356704,-74.35030718115785,-74.35030718115785
1313.8500368356704,-74.35213383474907,-74.35213383474907
1313.8600368356704,-74.35396683191065,-74.35396683191065
1313.8700368356704,-74.35580616151594,-74.35580616151594
1313.8800368356706,-74.35765181224158,-74.35765181224158
1313.8900368356706,-74.35950377258143,-74.35950377258143
1313.9000368356706,-74.36136203084135,-74.36136203084135
1313.9100368356706,-74.36322657513847,-74.36322657513847
1313.9200368356705,-74.36509739342196,-74.36509739342196
1313.9300368356705,-74.36697447345688,-74.36697447345688
1313.9400368356705,-74.36885780283919,-74.36885780283919
1313.9500368356705,-74.37074736898849,-74.37074736898849
1313.9600368356705,-74.37263666942985,-74.37263666942985
1313.9700368356705,-74.37452284724513,-74.37452284724513
1313.9800368356705,-74.37640450272497,-74.37640450272497
1313.9900368356705,-74.37828091062441,-74.37828091062441
1314.0000368356705,-74.38015172144502,-74.38015172144502
1314.0100368356705,-74.38201680637306,-74.38201680637306
1314.0200368356705,-74.38387616639484,-74.38387616639484
1314.0300368356704,-74.38572987768359,-74.38572987768359
1314.0400368356704,-74.38757805877617,-74.38757805877617
1314.0500368356704,-74.38942085085755,-74.38942085085755
1314.0600368356704,-74.39125840601159,-74.39125840601159
1314.0700368356704,-74.3930908803193,-74.3930908803193
1314.0800368356704,-74.39491842988342,-74.39491842988342
1314.0900368356704,-74.3967412086323,-74.3967412086323
1314.1000368595123,-74.39855937159656,-74.39855937159656
1314.1100368595123,-74.40037305707753,-74.40037305707753
1314.1200368595123,-74.40218241262028,-74.40218241262028
1314.1300368595123,-74.40398757777655,-74.40398757777655
1314.1400368595123,-74.40578868867242,-74.40578868867242
1314.1500368595123,-74.40758587831208,-74.40758587831208
1314.1600368595123,-74.40937927685752,-74.40937927685752
1314.1700368595123,-74.41116901190122,-74.41116901190122
1314.1800368595123,-74.41295520873469,-74.41295520873469
1314.1900368595122,-74.41473799057374,-74.41473799057374
1314.2000368595122,-74.41651747874513,-74.41651747874513
1314.2100368595122,-74.41829379288949,-74.41829379288949
1314.2200368595122,-74.4200670510651,-74.4200670510651
1314.2300368595124,-74.42183736991674,-74.42183736991674
1314.2400368595124,-74.42360486474396,-74.42360486474396
1314.2500368595124,-74.42536964961222,-74.42536964961222
1314.2600368595124,-74.42713183739872,-74.42713183739872
1314.2700368595124,-74.42889153985335,-74.42889153985335
1314.2800368595124,-74.43064886767395,-74.43064886767395
1314.2900368595124,-74.43240393049564,-74.43240393049564
1314.3000368595124,-74.43415683696303,-74.43415683696303
1314.3100368595124,-74.43590769470256,-74.43590769470256
1314.3200368595124,-74.43765661038525,-74.43765661038525
1314.3300368595123,-74.43940368969689,-74.43940368969689
1314.3400368595123,-74.44114903737217,-74.44114903737217
1314.3500368595123,-74.44289275718914,-74.44289275718914
1314.3600368595123,-74.44463495195981,-74.44463495195981
1314.3700368595123,-74.44637572354036,-74.44637572354036
1314.3800368595123,-74.44811517282609,-74.44811517282609
1314.3900368595123,-74.44985339974916,-74.44985339974916
1314.4000368595123,-74.45159050326426,-74.45159050326426
1314.4100368595123,-74.45332658134846,-74.45332658134846
1314.4200368595123,-74.45506173099717,-74.45506173099717
1314.4300368595123,-74.45679604821281,-74.45679604821281
1314.4400368595122,-74.45852962799695,-74.45852962799695
1314.4500368595122,-74.46026256435634,-74.46026256435634
1314.4600368595122,-74.46199495026819,-74.46199495026819
1314.4700368595122,-74.46372687772048,-74.46372687772048
1314.4800368595124,-74.46545843764918,-74.46545843764918
1314.4900368595124,-74.46718971998115,-74.46718971998115
1314.5000368595124,-74.46892081358834,-74.46892081358834
1314.5100368595124,-74.47065180633336,-74.47065180633336
1314.5200368595124,-74.47238278500247,-74.47238278500247
1314.5300368595124,-74.47411383535739,-74.47411383535739
1314.5400368595124,-74.4758450420928,-74.4758450420928
1314.5500368595124,-74.47757648885674,-74.47757648885674
1314.5600368595124,-74.47930825824244,-74.47930825824244
1314.5700368595124,-74.48104043177432,-74.48104043177432
1314.5800368595123,-74.48277308993116,-74.48277308993116
1314.5900368595123,-74.4845063121151,-74.4845063121151
1314.6000368595123,-74.48624017667412,-74.48624017667412
1314.6100368595123,-74.48797476089275,-74.48797476089275
1314.6200368595123,-74.48971014099892,-74.48971014099892
1314.6300368595123,-74.49144639215464,-74.49144639215464
1314.6400368595123,-74.49318358846178,-74.49318358846178
1314.6500368595123,-74.4949218029763,-74.4949218029763
1314.6600368595123,-74.49666110768767,-74.49666110768767
1314.6700368595123,-74.49840157353107,-74.49840157353107
1314.6800368595123,-74.50014327039901,-74.50014327039901
1314.6900368595122,-74.50188626713955,-74.50188626713955
1314.7000368595122,-74.50363063155551,-74.50363063155551
1314.7100368595122,-74.50537643041997,-74.50537643041997
1314.7200368595122,-74.50712372946236,-74.50712372946236
1314.7300368595124,-74.50887259338542,-74.50887259338542
1314.7400368595124,-74.51062308587657,-74.51062308587657
1314.7500368595124,-74.51237526959838,-74.51237526959838
1314.7600368595124,-74.51412920620348,-74.51412920620348
1314.7700368595124,-74.51588495633759,-74.51588495633759
1314.7800368595124,-74.51764257964085,-74.51764257964085
1314.7900368595124,-74.51940213478056,-74.51940213478056
1314.8000368595124,-74.52116367941134,-74.52116367941134
1314.8100368595124,-74.52292727022636,-74.52292727022636
1314.8200368595124,-74.52469296293002,-74.52469296293002
1314.8300368595123,-74.52646081228002,-74.52646081228002
1314.8400368595123,-74.52823087206728,-74.52823087206728
1314.8500368595123,-74.53000319511854,-74.53000319511854
1314.8600368595123,-74.53177783334496,-74.53177783334496
1314.8700368595123,-74.53355483769474,-74.53355483769474
1314.8800368595123,-74.53533425820639,-74.53533425820639
1314.8900368595123,-74.53711614400342,-74.53711614400342
1314.9000368595123,-74.53890054327942,-74.53890054327942
1314.9100368595123,-74.54068750333373,-74.54068750333373
1314.9200368595123,-74.54247707058383,-74.54247707058383
1314.9300368595123,-74.54426929054259,-74.54426929054259
1314.9400368595122,-74.5460642078628,-74.5460642078628
1314.9500368833542,-74.54786187060121,-74.54786187060121
1314.9600368833542,-74.54965580780019,-74.54965580780019
1314.9700368833542,-74.55144321474472,-74.55144321474472
1314.9800368833542,-74.5532227423634,-74.5532227423634
1314.9900368833542,-74.5549937168957,-74.5549937168957
1315.0000368833541,-74.55675584056084,-74.55675584056084
1315.0100368833541,-74.55850903610268,-74.55850903610268
1315.0200368833541,-74.56025335574658,-74.56025335574658
1315.0300368833541,-74.56198892646245,-74.56198892646245
1315.040036883354,-74.56371591708043,-74.56371591708043
1315.050036883354,-74.56543451854589,-74.56543451854589
1315.060036883354,-74.56714493214893,-74.56714493214893
1315.070036883354,-74.56884736259512,-74.56884736259512
1315.0800368833543,-74.57054201405012,-74.57054201405012
1315.0900368833543,-74.57222908794907,-74.57222908794907
1315.1000368833543,-74.57390878189206,-74.57390878189206
1315.1100368833543,-74.57558128921171,-74.57558128921171
1315.1200368833543,-74.57724679887734,-74.57724679887734
1315.1300368833543,-74.57890549565114,-74.57890549565114
1315.1400368833542,-74.58055756031027,-74.58055756031027
1315.1500368833542,-74.5822031699434,-74.5822031699434
1315.1600368833542,-74.58384249825644,-74.58384249825644
1315.1700368833542,-74.58547571582292,-74.58547571582292
1315.1800368833542,-74.58710299037202,-74.58710299037202
1315.1900368833542,-74.58872448702162,-74.58872448702162
1315.2000368833542,-74.5903403684658,-74.5903403684658
1315.2100368833542,-74.5919507951611,-74.5919507951611
1315.2200368833542,-74.59355592549292,-74.59355592549292
1315.2300368833542,-74.59515591586946,-74.59515591586946
1315.2400368833542,-74.59675092084913,-74.59675092084913
1315.2500368833541,-74.59834109326076,-74.59834109326076
1315.2600368833541,-74.59992658421682,-74.59992658421682
1315.2700368833541,-74.60150754321721,-74.60150754321721
1315.2800368833541,-74.60308411818713,-74.60308411818713
1315.290036883354,-74.60465645552702,-74.60465645552702
1315.300036883354,-74.60622470013026,-74.60622470013026
1315.310036883354,-74.60778899540723,-74.60778899540723
1315.320036883354,-74.609349483323,-74.609349483323
1315.3300368833543,-74.61090630440916,-74.61090630440916
1315.3400368833543,-74.61245959775361,-74.61245959775361
1315.3500368833543,-74.61400950103585,-74.61400950103585
1315.3600368833543,-74.61555615051036,-74.61555615051036
1315.3700368833543,-74.6170996810238,-74.6170996810238
1315.3800368833543,-74.61864022601469,-74.61864022601469
1315.3900368833542,-74.62017791751778,-74.62017791751778
1315.4000368833542,-74.62171288614299,-74.62171288614299
1315.4100368833542,-74.62324526111247,-74.62324526111247
1315.4200368833542,-74.62477517022874,-74.62477517022874
1315.4300368833542,-74.62630273987378,-74.62630273987378
1315.4400368833542,-74.62782809501537,-74.62782809501537
1315.4500368833542,-74.62935135921585,-74.62935135921585
1315.4600368833542,-74.6308661429324,-74.6308661429324
1315.4700368833542,-74.63236971345749,-74.63236971345749
1315.4800368833542,-74.6338607989927,-74.6338607989927
1315.4900368833542,-74.63533880320689,-74.63533880320689
1315.5000368833541,-74.63680350552443,-74.63680350552443
1315.5100368833541,-74.63825490554045,-74.63825490554045
1315.5200368833541,-74.63969313183256,-74.63969313183256
1315.5300368833541,-74.64111838720167,-74.64111838720167
1315.540036883354,-74.64253091570615,-74.64253091570615
1315.550036883354,-74.64393098291514,-74.64393098291514
1315.560036883354,-74.64531886409748,-74.64531886409748
1315.570036883354,-74.64669483729703,-74.64669483729703
1315.5800368833543,-74.64805917935702,-74.64805917935702
1315.5900368833543,-74.64941216372617,-74.64941216372617
1315.6000368833543,-74.6507540593363,-74.6507540593363
1315.6100368833543,-74.65208513016923,-74.65208513016923
1315.6200368833543,-74.6534056351762,-74.6534056351762
1315.6300368833543,-74.65471582839179,-74.65471582839179
1315.6400368833542,-74.65601595918224,-74.65601595918224
1315.6500368833542,-74.65730627252759,-74.65730627252759
1315.6600368833542,-74.65858700932002,-74.65858700932002
1315.6700368833542,-74.65985840664123,-74.65985840664123
1315.6800368833542,-74.66112069800566,-74.66112069800566
1315.6900368833542,-74.6623741136106,-74.6623741136106
1315.7000368833542,-74.66361888054423,-74.66361888054423
1315.7100368833542,-74.66485522293718,-74.66485522293718
1315.7200368833542,-74.66608336214135,-74.66608336214135
1315.7300368833542,-74.66730351684137,-74.66730351684137
1315.7400368833542,-74.66851590317413,-74.66851590317413
1315.7500368833541,-74.6697207348132,-74.6697207348132
1315.7600368833541,-74.67091822303198,-74.67091822303198
1315.7700368833541,-74.67210857678641,-74.67210857678641
1315.7800368833541,-74.67329200277503,-74.67329200277503
1315.790036883354,-74.67446870544016,-74.67446870544016
1315.800036907196,-74.67563888983773,-74.67563888983773
1315.810036907196,-74.67680275046162,-74.67680275046162
1315.820036907196,-74.67796048806777,-74.67796048806777
1315.830036907196,-74.67911229847633,-74.67911229847633
1315.840036907196,-74.68025837538767,-74.68025837538767
1315.850036907196,-74.68139891040495,-74.68139891040495
1315.860036907196,-74.68253409304505,-74.68253409304505
1315.870036907196,-74.68366411072812,-74.68366411072812
1315.880036907196,-74.68478914881062,-74.68478914881062
1315.890036907196,-74.685909390558,-74.685909390558
1315.900036907196,-74.68702501717608,-74.68702501717608
1315.910036907196,-74.68813620780489,-74.68813620780489
1315.920036907196,-74.68924313951288,-74.68924313951288
1315.9300369071962,-74.69034598731311,-74.69034598731311
1315.9400369071961,-74.69144492415758,-74.69144492415758
1315.9500369071961,-74.69254012093732,-74.69254012093732
1315.9600369071961,-74.69363174651214,-74.69363174651214
1315.9700369071961,-74.6947199676722,-74.6947199676722
1315.980036907196,-74.69580494917226,-74.69580494917226
1315.990036907196,-74.6968868537238,-74.6968868537238
1316.000036907196,-74.6979658420038,-74.6979658420038
1316.010036907196,-74.69904207266869,-74.69904207266869
1316.020036907196,-74.70011570233027,-74.70011570233027
1316.030036907196,-74.70118688560135,-74.70118688560135
1316.040036907196,-74.70225577507799,-74.70225577507799
1316.050036907196,-74.7033225213429,-74.7033225213429
1316.060036907196,-74.70438727298713,-74.70438727298713
1316.070036907196,-74.70545017662256,-74.70545017662256
1316.080036907196,-74.70651137686849,-74.70651137686849
1316.090036907196,-74.70757101637955,-74.70757101637955
1316.100036907196,-74.70862923585733,-74.70862923585733
1316.110036907196,-74.7096861740302,-74.7096861740302
1316.120036907196,-74.71074196771235,-74.71074196771235
1316.130036907196,-74.71179675177312,-74.71179675177312
1316.140036907196,-74.71285065917674,-74.71285065917674
1316.150036907196,-74.71390382095719,-74.71390382095719
1316.160036907196,-74.71495636628407,-74.71495636628407
1316.170036907196,-74.71600842242798,-74.71600842242798
1316.1800369071962,-74.71706011480217,-74.71706011480217
1316.1900369071961,-74.7181115669576,-74.7181115669576
1316.2000369071961,-74.71916290060662,-74.71916290060662
1316.2100369071961,-74.72021423563386,-74.72021423563386
1316.2200369071961,-74.72126569010462,-74.72126569010462
1316.230036907196,-74.72231738030148,-74.72231738030148
1316.240036907196,-74.72336942070216,-74.72336942070216
1316.250036907196,-74.72442192403682,-74.72442192403682
1316.260036907196,-74.72547500126387,-74.72547500126387
1316.270036907196,-74.72652876161769,-74.72652876161769
1316.280036907196,-74.72758331259011,-74.72758331259011
1316.290036907196,-74.72863875998058,-74.72863875998058
1316.300036907196,-74.72969520788583,-74.72969520788583
1316.310036907196,-74.73075275873863,-74.73075275873863
1316.320036907196,-74.73181151329476,-74.73181151329476
1316.330036907196,-74.73287157068934,-74.73287157068934
1316.340036907196,-74.73393302840638,-74.73393302840638
1316.350036907196,-74.73499598232208,-74.73499598232208
1316.360036907196,-74.73606052672552,-74.73606052672552
1316.370036907196,-74.73712675431958,-74.73712675431958
1316.380036907196,-74.73819475624539,-74.73819475624539
1316.390036907196,-74.73926462210234,-74.73926462210234
1316.400036907196,-74.7403364399526,-74.7403364399526
1316.410036907196,-74.74141029634875,-74.74141029634875
1316.420036907196,-74.74248627634985,-74.74248627634985
1316.4300369071962,-74.74356446352037,-74.74356446352037
1316.4400369071961,-74.74464493998353,-74.74464493998353
1316.4500369071961,-74.7457277863916,-74.7457277863916
1316.4600369071961,-74.7468065613103,-74.7468065613103
1316.4700369071961,-74.74787848603549,-74.74787848603549
1316.480036907196,-74.74894224510787,-74.74894224510787
1316.490036907196,-74.74999719957468,-74.74999719957468
1316.500036907196,-74.7510430868565,-74.7510430868565
1316.510036907196,-74.75207986491453,-74.75207986491453
1316.520036907196,-74.753107620899,-74.753107620899
1316.530036907196,-74.75412651633452,-74.75412651633452
1316.540036907196,-74.75513675410288,-74.75513675410288
1316.550036907196,-74.75613855867878,-74.75613855867878
1316.560036907196,-74.75713216430016,-74.75713216430016
1316.570036907196,-74.75811780809471,-74.75811780809471
1316.580036907196,-74.75909572604778,-74.75909572604778
1316.590036907196,-74.76006615086618,-74.76006615086618
1316.600036907196,-74.76102931087019,-74.76102931087019
1316.610036907196,-74.76198542954971,-74.76198542954971
1316.620036907196,-74.76293472551018,-74.76293472551018
1316.630036907196,-74.76387741260822,-74.76387741260822
1316.640036907196,-74.76481370021727,-74.76481370021727
1316.650036931038,-74.76574379572948,-74.76574379572948
1316.660036931038,-74.76666789598528,-74.76666789598528
1316.6700369310379,-74.76758620089997,-74.76758620089997
1316.6800369310379,-74.76849890482752,-74.76849890482752
1316.6900369310379,-74.76940619903802,-74.76940619903802
1316.7000369310379,-74.77030827193121,-74.77030827193121
1316.7100369310378,-74.77120530920278,-74.77120530920278
1316.7200369310378,-74.77209749403598,-74.77209749403598
1316.7300369310378,-74.7729850072169,-74.7729850072169
1316.7400369310378,-74.77386802726296,-74.77386802726296
1316.7500369310378,-74.77474673049605,-74.77474673049605
1316.7600369310378,-74.77562129114116,-74.77562129114116
1316.7700369310378,-74.77649188140494,-74.77649188140494
1316.780036931038,-74.77735867151473,-74.77735867151473
1316.790036931038,-74.77822182976422,-74.77822182976422
1316.800036931038,-74.77908152256417,-74.77908152256417
1316.810036931038,-74.77993791446964,-74.77993791446964
1316.820036931038,-74.78079116820622,-74.78079116820622
1316.830036931038,-74.7816414446799,-74.7816414446799
1316.840036931038,-74.78248890301283,-74.78248890301283
1316.850036931038,-74.78333370054872,-74.78333370054872
1316.860036931038,-74.78417599285251,-74.78417599285251
1316.870036931038,-74.78501593373991,-74.78501593373991
1316.880036931038,-74.78585367527464,-74.78585367527464
1316.890036931038,-74.78668936776506,-74.78668936776506
1316.900036931038,-74.78752315978507,-74.78752315978507
1316.910036931038,-74.78835519817011,-74.78835519817011
1316.9200369310379,-74.78918562802293,-74.78918562802293
1316.9300369310379,-74.79001459270702,-74.79001459270702
1316.9400369310379,-74.79084223387683,-74.79084223387683
1316.9500369310379,-74.79166869144593,-74.79166869144593
1316.9600369310378,-74.79249410361099,-74.79249410361099
1316.9700369310378,-74.79331860685264,-74.79331860685264
1316.9800369310378,-74.794142335931,-74.794142335931
1316.9900369310378,-74.79496542389084,-74.79496542389084
1317.0000369310378,-74.79578800207705,-74.79578800207705
1317.0100369310378,-74.79661020013407,-74.79661020013407
1317.0200369310378,-74.79743214599208,-74.79743214599208
1317.030036931038,-74.79825396589905,-74.79825396589905
1317.040036931038,-74.79907578440408,-74.79907578440408
1317.050036931038,-74.79989772437716,-74.79989772437716
1317.060036931038,-74.80071990701084,-74.80071990701084
1317.070036931038,-74.80154245182341,-74.80154245182341
1317.080036931038,-74.80236547667086,-74.80236547667086
1317.090036931038,-74.80318909775094,-74.80318909775094
1317.100036931038,-74.80401342960957,-74.80401342960957
1317.110036931038,-74.80483858515503,-74.80483858515503
1317.120036931038,-74.80566467565949,-74.80566467565949
1317.130036931038,-74.80649181078093,-74.80649181078093
1317.140036931038,-74.80732009853624,-74.80732009853624
1317.150036931038,-74.80814964536654,-74.80814964536654
1317.160036931038,-74.80898055610038,-74.80898055610038
1317.1700369310379,-74.80981293398179,-74.80981293398179
1317.1800369310379,-74.81064688068535,-74.81064688068535
1317.1900369310379,-74.81148249631586,-74.81148249631586
1317.2000369310379,-74.81231987942732,-74.81231987942732
1317.2100369310378,-74.81315912703472,-74.81315912703472
1317.2200369310378,-74.81400033461532,-74.81400033461532
1317.2300369310378,-74.81484359613988,-74.81484359613988
1317.2400369310378,-74.81568900405611,-74.81568900405611
1317.2500369310378,-74.8165366493272,-74.8165366493272
1317.2600369310378,-74.81738662143455,-74.81738662143455
1317.2700369310378,-74.81823900838012,-74.81823900838012
1317.280036931038,-74.81909389672968,-74.81909389672968
1317.290036931038,-74.81995137157851,-74.81995137157851
1317.300036931038,-74.82081151661177,-74.82081151661177
1317.310036931038,-74.82167441408647,-74.82167441408647
1317.320036931038,-74.8225401448548,-74.8225401448548
1317.330036931038,-74.82340878838225,-74.82340878838225
1317.340036931038,-74.82428042275427,-74.82428042275427
1317.350036931038,-74.82515512468822,-74.82515512468822
1317.360036931038,-74.8260329695566,-74.8260329695566
1317.370036931038,-74.82691403139053,-74.82691403139053
1317.380036931038,-74.82779838290018,-74.82779838290018
1317.390036931038,-74.82868609548194,-74.82868609548194
1317.400036931038,-74.82957723924152,-74.82957723924152
1317.410036931038,-74.83047188299206,-74.83047188299206
1317.4200369310379,-74.83137009429586,-74.83137009429586
1317.4300369310379,-74.83227193943742,-74.83227193943742
1317.4400369310379,-74.83317748348233,-74.83317748348233
1317.4500369310379,-74.83408679024913,-74.83408679024913
1317.4600369310378,-74.83499992235976,-74.83499992235976
1317.4700369310378,-74.8359169412339,-74.8359169412339
1317.4800369310378,-74.83683790708835,-74.83683790708835
1317.4900369310378,-74.83776287898331,-74.83776287898331
1317.5000369548798,-74.83869191703828,-74.83869191703828
1317.5100369548798,-74.83962507358513,-74.83962507358513
1317.5200369548797,-74.8405624064513,-74.8405624064513
1317.5300369548797,-74.84150397013693,-74.84150397013693
1317.5400369548797,-74.84244981804295,-74.84244981804295
1317.5500369548797,-74.843400002474,-74.843400002474
1317.5600369548797,-74.84435457466415,-74.84435457466415
1317.5700369548797,-74.84531358477832,-74.84531358477832
1317.5800369548797,-74.8462770819292,-74.8462770819292
1317.5900369548797,-74.84724511419869,-74.84724511419869
1317.6000369548797,-74.84821772863711,-74.84821772863711
1317.6100369548797,-74.84919497127899,-74.84919497127899
1317.6200369548797,-74.85017688716654,-74.85017688716654
1317.6300369548799,-74.85116352034893,-74.85116352034893
1317.6400369548799,-74.85215491390632,-74.85215491390632
1317.6500369548799,-74.85315110995819,-74.85315110995819
1317.6600369548798,-74.85415214967252,-74.85415214967252
1317.6700369548798,-74.85515807328386,-74.85515807328386
1317.6800369548798,-74.85616892009611,-74.85616892009611
1317.6900369548798,-74.85718472850365,-74.85718472850365
1317.7000369548798,-74.85820553600583,-74.85820553600583
1317.7100369548798,-74.85922484863845,-74.85922484863845
1317.7200369548798,-74.86023984140499,-74.86023984140499
1317.7300369548798,-74.86124915531639,-74.86124915531639
1317.7400369548798,-74.86225210947981,-74.86225210947981
1317.7500369548798,-74.86324840044897,-74.86324840044897
1317.7600369548798,-74.86423794617042,-74.86423794617042
1317.7700369548797,-74.86522079446843,-74.86522079446843
1317.7800369548797,-74.86619706813434,-74.86619706813434
1317.7900369548797,-74.86716693186837,-74.86716693186837
1317.8000369548797,-74.86813057245021,-74.86813057245021
1317.8100369548797,-74.86908818693745,-74.86908818693745
1317.8200369548797,-74.8700399757148,-74.8700399757148
1317.8300369548797,-74.87098613850151,-74.87098613850151
1317.8400369548797,-74.87192687219212,-74.87192687219212
1317.8500369548797,-74.87286236972618,-74.87286236972618
1317.8600369548797,-74.87379281967769,-74.87379281967769
1317.8700369548797,-74.87471840617269,-74.87471840617269
1317.8800369548799,-74.87563930902797,-74.87563930902797
1317.8900369548799,-74.8765557040128,-74.8765557040128
1317.9000369548799,-74.87746776312802,-74.87746776312802
1317.9100369548798,-74.87837565491358,-74.87837565491358
1317.9200369548798,-74.87927954474223,-74.87927954474223
1317.9300369548798,-74.88017959508196,-74.88017959508196
1317.9400369548798,-74.88107596573307,-74.88107596573307
1317.9500369548798,-74.88196881404428,-74.88196881404428
1317.9600369548798,-74.88285829508287,-74.88285829508287
1317.9700369548798,-74.88374456180624,-74.88374456180624
1317.9800369548798,-74.88462776517353,-74.88462776517353
1317.9900369548798,-74.88550805428225,-74.88550805428225
1318.0000369548798,-74.88638557644687,-74.88638557644687
1318.0100369548798,-74.88726047726878,-74.88726047726878
1318.0200369548797,-74.88813290072333,-74.88813290072333
1318.0300369548797,-74.88900298918954,-74.88900298918954
1318.0400369548797,-74.88987088349879,-74.88987088349879
1318.0500369548797,-74.89073672298386,-74.89073672298386
1318.0600369548797,-74.89160064548419,-74.89160064548419
1318.0700369548797,-74.8924627873894,-74.8924627873894
1318.0800369548797,-74.89332328363787,-74.89332328363787
1318.0900369548797,-74.89418226772257,-74.89418226772257
1318.1000369548797,-74.89503987174388,-74.89503987174388
1318.1100369548797,-74.89589622636805,-74.89589622636805
1318.1200369548797,-74.89675146085328,-74.89675146085328
1318.1300369548799,-74.89760570305585,-74.89760570305585
1318.1400369548799,-74.89845907942299,-74.89845907942299
1318.1500369548799,-74.89931171500012,-74.89931171500012
1318.1600369548798,-74.90016373342624,-74.90016373342624
1318.1700369548798,-74.9010152569357,-74.9010152569357
1318.1800369548798,-74.90186640634866,-74.90186640634866
1318.1900369548798,-74.9027173010943,-74.9027173010943
1318.2000369548798,-74.9035680591892,-74.9035680591892
1318.2100369548798,-74.90441879723146,-74.90441879723146
1318.2200369548798,-74.90526963040821,-74.90526963040821
1318.2300369548798,-74.90612067250497,-74.90612067250497
1318.2400369548798,-74.90697203589215,-74.90697203589215
1318.2500369548798,-74.907823831536,-74.907823831536
1318.2600369548798,-74.90867616897627,-74.90867616897627
1318.2700369548797,-74.9095291563574,-74.9095291563574
1318.2800369548797,-74.91038290040164,-74.91038290040164
1318.2900369548797,-74.91123750642879,-74.91123750642879
1318.3000369548797,-74.91209307835841,-74.91209307835841
1318.3100369548797,-74.91294971869567,-74.91294971869567
1318.3200369548797,-74.91380752855716,-74.91380752855716
1318.3300369548797,-74.91466660765612,-74.91466660765612
1318.3400369548797,-74.91552705430426,-74.91552705430426
1318.3500369787216,-74.91638896749787,-74.91638896749787
1318.3600369787216,-74.91725243866756,-74.91725243866756
1318.3700369787216,-74.91811756402996,-74.91811756402996
1318.3800369787216,-74.91898443637702,-74.91898443637702
1318.3900369787216,-74.91985314713203,-74.91985314713203
1318.4000369787216,-74.92072378634923,-74.92072378634923
1318.4100369787216,-74.92159644273482,-74.92159644273482
1318.4200369787216,-74.92247120364294,-74.92247120364294
1318.4300369787215,-74.92334815508913,-74.92334815508913
1318.4400369787215,-74.92422738175036,-74.92422738175036
1318.4500369787215,-74.92510896698127,-74.92510896698127
1318.4600369787215,-74.92599299281767,-74.92599299281767
1318.4700369787215,-74.9268795399789,-74.9268795399789
1318.4800369787217,-74.92776868789666,-74.92776868789666
1318.4900369787217,-74.92866051469746,-74.92866051469746
1318.5000369787217,-74.92955509723723,-74.92955509723723
1318.5100369787217,-74.93045251108123,-74.93045251108123
1318.5200369787217,-74.93135283055364,-74.93135283055364
1318.5300369787217,-74.93225612870735,-74.93225612870735
1318.5400369787217,-74.93316247736989,-74.93316247736989
1318.5500369787217,-74.93407194710805,-74.93407194710805
1318.5600369787217,-74.93498460729151,-74.93498460729151
1318.5700369787216,-74.93590052605816,-74.93590052605816
1318.5800369787216,-74.93681977035764,-74.93681977035764
1318.5900369787216,-74.93774240594755,-74.93774240594755
1318.6000369787216,-74.93866849739628,-74.93866849739628
1318.6100369787216,-74.93959810811435,-74.93959810811435
1318.6200369787216,-74.94053130034449,-74.94053130034449
1318.6300369787216,-74.94146813518145,-74.94146813518145
1318.6400369787216,-74.9424086725963,-74.9424086725963
1318.6500369787216,-74.94335297143049,-74.94335297143049
1318.6600369787216,-74.94430108940672,-74.94430108940672
1318.6700369787216,-74.94525308315262,-74.94525308315262
1318.6800369787215,-74.94620900819812,-74.94620900819812
1318.6900369787215,-74.94716891899992,-74.94716891899992
1318.7000369787215,-74.94813286895607,-74.94813286895607
1318.7100369787215,-74.94909437189928,-74.94909437189928
1318.7200369787215,-74.95005061492216,-74.95005061492216
1318.7300369787217,-74.95100025273496,-74.95100025273496
1318.7400369787217,-74.95194261877069,-74.95194261877069
1318.7500369787217,-74.95287742420422,-74.95287742420422
1318.7600369787217,-74.95380460168784,-74.95380460168784
1318.7700369787217,-74.95472421376265,-74.95472421376265
1318.7800369787217,-74.95563639784997,-74.95563639784997
1318.7900369787217,-74.95654133317802,-74.95654133317802
1318.8000369787217,-74.95743922091948,-74.95743922091948
1318.8100369787217,-74.95833027238905,-74.95833027238905
1318.8200369787216,-74.95921470205343,-74.95921470205343
1318.8300369787216,-74.9600927235762,-74.9600927235762
1318.8400369787216,-74.96096454760816,-74.96096454760816
1318.8500369787216,-74.96183038072239,-74.96183038072239
1318.8600369787216,-74.96269042494285,-74.96269042494285
1318.8700369787216,-74.96354487767894,-74.96354487767894
1318.8800369787216,-74.96439393187909,-74.96439393187909
1318.8900369787216,-74.96523777628413,-74.96523777628413
1318.9000369787216,-74.96607659570654,-74.96607659570654
1318.9100369787216,-74.9669105713333,-74.9669105713333
1318.9200369787216,-74.96773988103133,-74.96773988103133
1318.9300369787215,-74.96856469960348,-74.96856469960348
1318.9400369787215,-74.96938519904072,-74.96938519904072
1318.9500369787215,-74.97020154871616,-74.97020154871616
1318.9600369787215,-74.97101391556629,-74.97101391556629
1318.9700369787215,-74.97182246427786,-74.97182246427786
1318.9800369787217,-74.97262735738757,-74.97262735738757
1318.9900369787217,-74.97342875541433,-74.97342875541433
1319.0000369787217,-74.97422681693573,-74.97422681693573
1319.0100369787217,-74.97502169868672,-74.97502169868672
1319.0200369787217,-74.97581355561795,-74.97581355561795
1319.0300369787217,-74.97660254094488,-74.97660254094488
1319.0400369787217,-74.97738880619706,-74.97738880619706
1319.0500369787217,-74.97817250125556,-74.97817250125556
1319.0600369787217,-74.97895377435658,-74.97895377435658
1319.0700369787216,-74.97973277216823,-74.97973277216823
1319.0800369787216,-74.98050963974386,-74.98050963974386
1319.0900369787216,-74.98128452059474,-74.98128452059474
1319.1000369787216,-74.98205755665228,-74.98205755665228
1319.1100369787216,-74.9828288883152,-74.9828288883152
1319.1200369787216,-74.98359865442998,-74.98359865442998
1319.1300369787216,-74.98436699230594,-74.98436699230594
1319.1400369787216,-74.98513403772003,-74.98513403772003
1319.1500369787216,-74.98589992490534,-74.98589992490534
1319.1600369787216,-74.98666478657158,-74.98666478657158
1319.1700369787216,-74.9874287538902,-74.9874287538902
1319.1800369787215,-74.98819195650935,-74.98819195650935
1319.1900369787215,-74.98895452253811,-74.98895452253811
1319.2000370025635,-74.98971658037702,-74.98971658037702
1319.2100370025635,-74.99047825144208,-74.99047825144208
1319.2200370025635,-74.9912396610743,-74.9912396610743
1319.2300370025634,-74.99200093126423,-74.99200093126423
1319.2400370025634,-74.99276218246625,-74.99276218246625
1319.2500370025634,-74.99352353362423,-74.99352353362423
1319.2600370025634,-74.99428510214702,-74.99428510214702
1319.2700370025634,-74.99504700392123,-74.99504700392123
1319.2800370025634,-74.99580935330337,-74.99580935330337
1319.2900370025634,-74.9965722631539,-74.9965722631539
1319.3000370025634,-74.9973358447948,-74.9973358447948
1319.3100370025634,-74.99810020805064,-74.99810020805064
1319.3200370025634,-74.99886546123038,-74.99886546123038
1319.3300370025636,-74.99963171115172,-74.99963171115172
1319.3400370025636,-75.00039906312192,-75.00039906312192
1319.3500370025636,-75.00116762096536,-75.00116762096536
1319.3600370025636,-75.00193748701203,-75.00193748701203
1319.3700370025635,-75.00270876211754,-75.00270876211754
1319.3800370025635,-75.00348154567193,-75.00348154567193
1319.3900370025635,-75.00425593557807,-75.00425593557807
1319.4000370025635,-75.00503202829815,-75.00503202829815
1319.4100370025635,-75.00580991883791,-75.00580991883791
1319.4200370025635,-75.00658970076562,-75.00658970076562
1319.4300370025635,-75.00737146619856,-75.00737146619856
1319.4400370025635,-75.00815530585051,-75.00815530585051
1319.4500370025635,-75.00894130900116,-75.00894130900116
1319.4600370025635,-75.00971887330799,-75.00971887330799
1319.4700370025635,-75.01047607203043,-75.01047607203043
1319.4800370025634,-75.01120260921104,-75.01120260921104
1319.4900370025634,-75.01189000422382,-75.01189000422382
1319.5000370025634,-75.01253127524595,-75.01253127524595
1319.5100370025634,-75.01312064105157,-75.01312064105157
1319.5200370025634,-75.01365329777957,-75.01365329777957
1319.5300370025634,-75.01412525226519,-75.01412525226519
1319.5400370025634,-75.01453319304662,-75.01453319304662
1319.5500370025634,-75.01487438726882,-75.01487438726882
1319.5600370025634,-75.01514659644567,-75.01514659644567
1319.5700370025634,-75.01534800663181,-75.01534800663181
1319.5800370025636,-75.01547716993801,-75.01547716993801
1319.5900370025636,-75.01553295520927,-75.01553295520927
1319.6000370025636,-75.01551450616334,-75.01551450616334
1319.6100370025636,-75.01542120567093,-75.01542120567093
1319.6200370025635,-75.01525264509641,-75.01525264509641
1319.6300370025635,-75.01500859788759,-75.01500859788759
1319.6400370025635,-75.01468899678021,-75.01468899678021
1319.6500370025635,-75.01429391395202,-75.01429391395202
1319.6600370025635,-75.01382354374587,-75.01382354374587
1319.6700370025635,-75.01327818765385,-75.01327818765385
1319.6800370025635,-75.01265824106883,-75.01265824106883
1319.6900370025635,-75.01196418175138,-75.01196418175138
1319.7000370025635,-75.0111965596268,-75.0111965596268
1319.7100370025635,-75.0103494469536,-75.0103494469536
1319.7200370025635,-75.00942064985212,-75.00942064985212
1319.7300370025634,-75.00840949298255,-75.00840949298255
1319.7400370025634,-75.00731602356065,-75.00731602356065
1319.7500370025634,-75.00614070464688,-75.00614070464688
1319.7600370025634,-75.00488425388798,-75.00488425388798
1319.7700370025634,-75.00354754751996,-75.00354754751996
1319.7800370025634,-75.00213156145765,-75.00213156145765
1319.7900370025634,-75.00063733478984,-75.00063733478984
1319.8000370025634,-74.9990659467929,-74.9990659467929
1319.8100370025634,-74.9974185024191,-74.9974185024191
1319.8200370025634,-74.99569612281311,-74.99569612281311
1319.8300370025636,-74.99389993917998,-74.99389993917998
1319.8400370025636,-74.99203108860861,-74.99203108860861
1319.8500370025636,-74.9900907112104,-74.9900907112104
1319.8600370025636,-74.98807994810994,-74.98807994810994
1319.8700370025635,-74.98599993993054,-74.98599993993054
1319.8800370025635,-74.98385182566577,-74.98385182566577
1319.8900370025635,-74.98163674178416,-74.98163674178416
1319.9000370025635,-74.97935582147551,-74.97935582147551
1319.9100370025635,-74.97701019402797,-74.97701019402797
1319.9200370025635,-74.97460098425418,-74.97460098425418
1319.9300370025635,-74.97212931202489,-74.97212931202489
1319.9400370025635,-74.96959629180826,-74.96959629180826
1319.9500370025635,-74.96700303226675,-74.96700303226675
1319.9600370025635,-74.96435063586092,-74.96435063586092
1319.9700370025635,-74.96164019851551,-74.96164019851551
1319.9800370025634,-74.9588728092901,-74.9588728092901
1319.9900370025634,-74.95604955009914,-74.95604955009914
1320.0000370025634,-74.95317149539211,-74.95317149539211
1320.0100370025634,-74.95023971192767,-74.95023971192767
1320.0200370025634,-74.94725525852203,-74.94725525852203
1320.0300370025634,-74.9442191858337,-74.9442191858337
1320.0400370025634,-74.9411325361575,-74.9411325361575
1320.0500370264053,-74.93799633576505,-74.93799633576505
1320.0600370264053,-74.93481162450979,-74.93481162450979
1320.0700370264053,-74.9315794112034,-74.9315794112034
1320.0800370264053,-74.9283007029745,-74.9283007029745
1320.0900370264053,-74.92497649783363,-74.92497649783363
1320.1000370264053,-74.92160778450385,-74.92160778450385
1320.1100370264053,-74.9181955423658,-74.9181955423658
1320.1200370264053,-74.9147407413479,-74.9147407413479
1320.1300370264053,-74.91124434183531,-74.91124434183531
1320.1400370264053,-74.90770729461713,-74.90770729461713
1320.1500370264052,-74.90413054081732,-74.90413054081732
1320.1600370264052,-74.90051501184432,-74.90051501184432
1320.1700370264052,-74.89686162934052,-74.89686162934052
1320.1800370264054,-74.8931713051536,-74.8931713051536
1320.1900370264054,-74.88944494131975,-74.88944494131975
1320.2000370264054,-74.88568343000857,-74.88568343000857
1320.2100370264054,-74.88188765355763,-74.88188765355763
1320.2200370264054,-74.87805848441343,-74.87805848441343
1320.2300370264054,-74.87419678516548,-74.87419678516548
1320.2400370264054,-74.87030340852739,-74.87030340852739
1320.2500370264054,-74.8663791973755,-74.8663791973755
1320.2600370264054,-74.8624249847311,-74.8624249847311
1320.2700370264054,-74.85844159379566,-74.85844159379566
1320.2800370264054,-74.85442983796423,-74.85442983796423
1320.2900370264053,-74.85039052087963,-74.85039052087963
1320.3000370264053,-74.84632443640956,-74.84632443640956
1320.3100370264053,-74.8422323687432,-74.8422323687432
1320.3200370264053,-74.83811509238686,-74.83811509238686
1320.3300370264053,-74.83397337222284,-74.83397337222284
1320.3400370264053,-74.8298079635532,-74.8298079635532
1320.3500370264053,-74.82561961213611,-74.82561961213611
1320.3600370264053,-74.82140905425703,-74.82140905425703
1320.3700370264053,-74.81717701675889,-74.81717701675889
1320.3800370264053,-74.81292421710454,-74.81292421710454
1320.3900370264053,-74.80865136344757,-74.80865136344757
1320.4000370264052,-74.80435915467727,-74.80435915467727
1320.4100370264052,-74.80004828046964,-74.80004828046964
1320.4200370264052,-74.79571942137729,-74.79571942137729
1320.4300370264054,-74.79137324886939,-74.79137324886939
1320.4400370264054,-74.78701042541711,-74.78701042541711
1320.4500370264054,-74.78263160455215,-74.78263160455215
1320.4600370264054,-74.77823091529545,-74.77823091529545
1320.4700370264054,-74.77380614712824,-74.77380614712824
1320.4800370264054,-74.76935654706485,-74.76935654706485
1320.4900370264054,-74.7648820320205,-74.7648820320205
1320.5000370264054,-74.76038288834634,-74.76038288834634
1320.5100370264054,-74.75585961585786,-74.75585961585786
1320.5200370264054,-74.75131283634862,-74.75131283634862
1320.5300370264054,-74.7467432386911,-74.7467432386911
1320.5400370264053,-74.74215154581799,-74.74215154581799
1320.5500370264053,-74.73753849491622,-74.73753849491622
1320.5600370264053,-74.73290482565213,-74.73290482565213
1320.5700370264053,-74.72825127332284,-74.72825127332284
1320.5800370264053,-74.72357856488527,-74.72357856488527
1320.5900370264053,-74.71888741689055,-74.71888741689055
1320.6000370264053,-74.71417853443702,-74.71417853443702
1320.6100370264053,-74.70945261084343,-74.70945261084343
1320.6200370264053,-74.70471032761589,-74.70471032761589
1320.6300370264053,-74.69995235472153,-74.69995235472153
1320.6400370264053,-74.69517935087958,-74.69517935087958
1320.6500370264052,-74.69039196397148,-74.69039196397148
1320.6600370264052,-74.68559083139863,-74.68559083139863
1320.6700370264052,-74.68077658047987,-74.68077658047987
1320.6800370264054,-74.67594982877021,-74.67594982877021
1320.6900370264054,-74.67111118440577,-74.67111118440577
1320.7000370264054,-74.66626124637965,-74.66626124637965
1320.7100370264054,-74.66140060480778,-74.66140060480778
1320.7200370264054,-74.65652984115731,-74.65652984115731
1320.7300370264054,-74.65164952846942,-74.65164952846942
1320.7400370264054,-74.64676023154854,-74.64676023154854
1320.7500370264054,-74.64186250709119,-74.64186250709119
1320.7600370264054,-74.63695690389198,-74.63695690389198
1320.7700370264054,-74.63204396296047,-74.63204396296047
1320.7800370264054,-74.62712421765217,-74.62712421765217
1320.7900370264053,-74.62219819376345,-74.62219819376345
1320.8000370264053,-74.61726640967713,-74.61726640967713
1320.8100370264053,-74.61232937641729,-74.61232937641729
1320.8200370264053,-74.60738759777719,-74.60738759777719
1320.8300370264053,-74.60244157039267,-74.60244157039267
1320.8400370264053,-74.59749178382582,-74.59749178382582
1320.8500370264053,-74.59253872063914,-74.59253872063914
1320.8600370264053,-74.58758285649212,-74.58758285649212
1320.8700370264053,-74.58262466018905,-74.58262466018905
1320.8800370264053,-74.57766459375955,-74.57766459375955
1320.8900370264053,-74.57270311252402,-74.57270311252402
1320.9000370502472,-74.56774065335593,-74.56774065335593
1320.9100370502472,-74.56277768200748,-74.56277768200748
1320.9200370502472,-74.55781462226912,-74.55781462226912
1320.9300370502472,-74.55285190331226,-74.55285190331226
1320.9400370502472,-74.54788994791737,-74.54788994791737
1320.9500370502471,-74.54292917255326,-74.54292917255326
1320.9600370502471,-74.53796998742831,-74.53796998742831
1320.9700370502471,-74.53301279656178,-74.53301279656178
1320.9800370502471,-74.52805799784116,-74.52805799784116
1320.990037050247,-74.52310598307736,-74.52310598307736
1321.000037050247,-74.51815713807018,-74.51815713807018
1321.010037050247,-74.51321184267032,-74.51321184267032
1321.020037050247,-74.5082704708423,-74.5082704708423
1321.0300370502473,-74.50333339070916,-74.50333339070916
1321.0400370502473,-74.49840096464003,-74.49840096464003
1321.0500370502473,-74.49347354928017,-74.49347354928017
1321.0600370502473,-74.48855149562853,-74.48855149562853
1321.0700370502473,-74.48363514908836,-74.48363514908836
1321.0800370502473,-74.47872484953487,-74.47872484953487
1321.0900370502472,-74.47382093137021,-74.47382093137021
1321.1000370502472,-74.46892372358676,-74.46892372358676
1321.1100370502472,-74.46402372074918,-74.46402372074918
1321.1200370502472,-74.45910947606266,-74.45910947606266
1321.1300370502472,-74.45417101025089,-74.45417101025089
1321.1400370502472,-74.44920035885309,-74.44920035885309
1321.1500370502472,-74.44419128343071,-74.44419128343071
1321.1600370502472,-74.43913888010309,-74.43913888010309
1321.1700370502472,-74.43403926417605,-74.43403926417605
1321.1800370502472,-74.42888934371975,-74.42888934371975
1321.1900370502472,-74.42368665982794,-74.42368665982794
1321.2000370502471,-74.41842927146251,-74.41842927146251
1321.2100370502471,-74.41311566929375,-74.41311566929375
1321.2200370502471,-74.40774470874607,-74.40774470874607
1321.2300370502471,-74.40231555619062,-74.40231555619062
1321.240037050247,-74.39682764460971,-74.39682764460971
1321.250037050247,-74.39128063637767,-74.39128063637767
1321.260037050247,-74.38567439169955,-74.38567439169955
1321.270037050247,-74.38000894153518,-74.38000894153518
1321.2800370502473,-74.37428446433226,-74.37428446433226
1321.2900370502473,-74.36850126589374,-74.36850126589374
1321.3000370502473,-74.36265976197117,-74.36265976197117
1321.3100370502473,-74.35676046312955,-74.35676046312955
1321.3200370502473,-74.3508039615701,-74.3508039615701
1321.3300370502473,-74.34479091969214,-74.34479091969214
1321.3400370502472,-74.33872206010753,-74.33872206010753
1321.3500370502472,-74.33259815687428,-74.33259815687428
1321.3600370502472,-74.32642002790104,-74.32642002790104
1321.3700370502472,-74.32018852824375,-74.32018852824375
1321.3800370502472,-74.3139045442466,-74.3139045442466
1321.3900370502472,-74.30756898841707,-74.30756898841707
1321.4000370502472,-74.30118279490891,-74.30118279490891
1321.4100370502472,-74.2947469155551,-74.2947469155551
1321.4200370502472,-74.28826231638487,-74.28826231638487
1321.4300370502472,-74.28172997455226,-74.28172997455226
1321.4400370502472,-74.27515087562495,-74.27515087562495
1321.4500370502471,-74.26852601125381,-74.26852601125381
1321.4600370502471,-74.26185637700846,-74.26185637700846
1321.4700370502471,-74.25514297059374,-74.25514297059374
1321.4800370502471,-74.24838679018774,-74.24838679018774
1321.490037050247,-74.24158883303986,-74.24158883303986
1321.500037050247,-74.2347500941896,-74.2347500941896
1321.510037050247,-74.22787156538384,-74.22787156538384
1321.520037050247,-74.22095423409343,-74.22095423409343
1321.5300370502473,-74.21399908266282,-74.21399908266282
1321.5400370502473,-74.2070070875797,-74.2070070875797
1321.5500370502473,-74.19997921880557,-74.19997921880557
1321.5600370502473,-74.1929164392223,-74.1929164392223
1321.5700370502473,-74.18581970413157,-74.18581970413157
1321.5800370502473,-74.17868996082908,-74.17868996082908
1321.5900370502472,-74.17152814824786,-74.17152814824786
1321.6000370502472,-74.16433519663128,-74.16433519663128
1321.6100370502472,-74.15711202727634,-74.15711202727634
1321.6200370502472,-74.14985955227996,-74.14985955227996
1321.6300370502472,-74.142578674382,-74.142578674382
1321.6400370502472,-74.13527028678331,-74.13527028678331
1321.6500370502472,-74.12793527302941,-74.12793527302941
1321.6600370502472,-74.12057450690742,-74.12057450690742
1321.6700370502472,-74.11318885235598,-74.11318885235598
1321.6800370502472,-74.10577916342322,-74.10577916342322
1321.6900370502472,-74.09834628421827,-74.09834628421827
1321.7000370502471,-74.09089104887882,-74.09089104887882
1321.7100370502471,-74.08341428157362,-74.08341428157362
1321.7200370502471,-74.07591679650696,-74.07591679650696
1321.7300370502471,-74.0683993979292,-74.0683993979292
1321.740037050247,-74.06086288015278,-74.06086288015278
1321.750037074089,-74.05330800960239,-74.05330800960239
1321.760037074089,-74.04573559679683,-74.04573559679683
1321.770037074089,-74.03814638853582,-74.03814638853582
1321.780037074089,-74.03054113985068,-74.03054113985068
1321.790037074089,-74.02292059605114,-74.02292059605114
1321.800037074089,-74.01528549283374,-74.01528549283374
1321.810037074089,-74.00763655633416,-74.00763655633416
1321.820037074089,-73.99997450320728,-73.99997450320728
1321.830037074089,-73.99230004069187,-73.99230004069187
1321.840037074089,-73.98461386670202,-73.98461386670202
1321.850037074089,-73.97691666989671,-73.97691666989671
1321.860037074089,-73.9692091297697,-73.9692091297697
1321.870037074089,-73.96149191671503,-73.96149191671503
1321.8800370740892,-73.95376569214314,-73.95376569214314
1321.8900370740892,-73.94603110854875,-73.94603110854875
1321.9000370740891,-73.93828880959529,-73.93828880959529
1321.9100370740891,-73.93053943020948,-73.93053943020948
1321.9200370740891,-73.9227835966619,-73.9227835966619
1321.9300370740891,-73.91502192665916,-73.91502192665916
1321.940037074089,-73.90725502944437,-73.90725502944437
1321.950037074089,-73.89948350585928,-73.89948350585928
1321.960037074089,-73.89170151081991,-73.89170151081991
1321.970037074089,-73.8839068175969,-73.8839068175969
1321.980037074089,-73.87609864170535,-73.87609864170535
1321.990037074089,-73.86827686251671,-73.86827686251671
1322.000037074089,-73.8604417260277,-73.8604417260277
1322.010037074089,-73.85259369035273,-73.85259369035273
1322.020037074089,-73.84473333507246,-73.84473333507246
1322.030037074089,-73.83686130668234,-73.83686130668234
1322.040037074089,-73.82897828580847,-73.82897828580847
1322.050037074089,-73.82108496752357,-73.82108496752357
1322.060037074089,-73.8131820496437,-73.8131820496437
1322.070037074089,-73.80527022589116,-73.80527022589116
1322.080037074089,-73.79735018199217,-73.79735018199217
1322.090037074089,-73.78942259362466,-73.78942259362466
1322.100037074089,-73.7814881253771,-73.7814881253771
1322.110037074089,-73.7735474304578,-73.7735474304578
1322.120037074089,-73.76560115069785,-73.76560115069785
1322.1300370740892,-73.75764991679377,-73.75764991679377
1322.1400370740892,-73.74969434867533,-73.74969434867533
1322.1500370740891,-73.74173505588023,-73.74173505588023
1322.1600370740891,-73.73377263796607,-73.73377263796607
1322.1700370740891,-73.72580768488335,-73.72580768488335
1322.1800370740891,-73.71784077735748,-73.71784077735748
1322.190037074089,-73.70987248719553,-73.70987248719553
1322.200037074089,-73.70190337760205,-73.70190337760205
1322.210037074089,-73.69393400343336,-73.69393400343336
1322.220037074089,-73.68596491144959,-73.68596491144959
1322.230037074089,-73.67799664052866,-73.67799664052866
1322.240037074089,-73.6700297218505,-73.6700297218505
1322.250037074089,-73.66206467908351,-73.66206467908351
1322.260037074089,-73.65410202852222,-73.65410202852222
1322.270037074089,-73.64614227924038,-73.64614227924038
1322.280037074089,-73.63818593321795,-73.63818593321795
1322.290037074089,-73.63023348545609,-73.63023348545609
1322.300037074089,-73.62228542405718,-73.62228542405718
1322.310037074089,-73.61434223036271,-73.61434223036271
1322.320037074089,-73.60640437901465,-73.60640437901465
1322.330037074089,-73.59847233805658,-73.59847233805658
1322.340037074089,-73.59054656899268,-73.59054656899268
1322.350037074089,-73.58262752687592,-73.58262752687592
1322.360037074089,-73.57471566038477,-73.57471566038477
1322.370037074089,-73.56681141187393,-73.56681141187393
1322.3800370740892,-73.55891521744185,-73.55891521744185
1322.3900370740892,-73.55102750702322,-73.55102750702322
1322.4000370740891,-73.54314870439264,-73.54314870439264
1322.4100370740891,-73.5352792272831,-73.5352792272831
1322.4200370740891,-73.52741948738924,-73.52741948738924
1322.4300370740891,-73.51956989047714,-73.51956989047714
1322.440037074089,-73.51173083639203,-73.51173083639203
1322.450037074089,-73.50390271914158,-73.50390271914158
1322.460037074089,-73.49608592694614,-73.49608592694614
1322.470037074089,-73.48828084227353,-73.48828084227353
1322.480037074089,-73.48048784191654,-73.48048784191654
1322.490037074089,-73.47270729703204,-73.47270729703204
1322.500037074089,-73.46493957319277,-73.46493957319277
1322.510037074089,-73.45718503044293,-73.45718503044293
1322.520037074089,-73.44944402334893,-73.44944402334893
1322.530037074089,-73.44171690104125,-73.44171690104125
1322.540037074089,-73.43400400728325,-73.43400400728325
1322.550037074089,-73.42630568051186,-73.42630568051186
1322.560037074089,-73.41862225387978,-73.41862225387978
1322.570037074089,-73.41095405531047,-73.41095405531047
1322.580037074089,-73.40330140756747,-73.40330140756747
1322.590037074089,-73.39566462828353,-73.39566462828353
1322.600037097931,-73.38804401185894,-73.38804401185894
1322.610037097931,-73.38043990216053,-73.38043990216053
1322.620037097931,-73.37285258356603,-73.37285258356603
1322.6300370979309,-73.36528235369849,-73.36528235369849
1322.6400370979309,-73.35772950530985,-73.35772950530985
1322.6500370979309,-73.35019432632542,-73.35019432632542
1322.6600370979309,-73.34267709989399,-73.34267709989399
1322.6700370979308,-73.33517810443942,-73.33517810443942
1322.6800370979308,-73.32769761368509,-73.32769761368509
1322.6900370979308,-73.32023589675083,-73.32023589675083
1322.7000370979308,-73.31279321815495,-73.31279321815495
1322.7100370979308,-73.30536983788747,-73.30536983788747
1322.7200370979308,-73.29796601145217,-73.29796601145217
1322.730037097931,-73.29058198991332,-73.29058198991332
1322.740037097931,-73.28321801994775,-73.28321801994775
1322.750037097931,-73.27587434387816,-73.27587434387816
1322.760037097931,-73.26855119974854,-73.26855119974854
1322.770037097931,-73.2612488213371,-73.2612488213371
1322.780037097931,-73.25396743822449,-73.25396743822449
1322.790037097931,-73.2467072758434,-73.2467072758434
1322.800037097931,-73.239468555506,-73.239468555506
1322.810037097931,-73.232251494469,-73.232251494469
1322.820037097931,-73.22505630596918,-73.22505630596918
1322.830037097931,-73.21788319926279,-73.21788319926279
1322.840037097931,-73.2107323796962,-73.2107323796962
1322.850037097931,-73.2036040487178,-73.2036040487178
1322.860037097931,-73.19649840395026,-73.19649840395026
1322.870037097931,-73.18941563920875,-73.18941563920875
1322.8800370979309,-73.1823559445673,-73.1823559445673
1322.8900370979309,-73.17531950639452,-73.17531950639452
1322.9000370979309,-73.16830650739664,-73.16830650739664
1322.9100370979309,-73.16131712666083,-73.16131712666083
1322.9200370979308,-73.15435153968693,-73.15435153968693
1322.9300370979308,-73.1474099184643,-73.1474099184643
1322.9400370979308,-73.14049243146698,-73.14049243146698
1322.9500370979308,-73.13359924372989,-73.13359924372989
1322.9600370979308,-73.12673051687347,-73.12673051687347
1322.9700370979308,-73.11988640915106,-73.11988640915106
1322.980037097931,-73.11306707549454,-73.11306707549454
1322.990037097931,-73.10627266754042,-73.10627266754042
1323.000037097931,-73.09950333368161,-73.09950333368161
1323.010037097931,-73.09275921910178,-73.09275921910178
1323.020037097931,-73.08604046582276,-73.08604046582276
1323.030037097931,-73.07934721273182,-73.07934721273182
1323.040037097931,-73.07267959563454,-73.07267959563454
1323.050037097931,-73.06603774726506,-73.06603774726506
1323.060037097931,-73.05942179735969,-73.05942179735969
1323.070037097931,-73.05283187267577,-73.05283187267577
1323.080037097931,-73.0462680970239,-73.0462680970239
1323.090037097931,-73.039730591319,-73.039730591319
1323.100037097931,-73.03321947361462,-73.03321947361462
1323.110037097931,-73.02673485911667,-73.02673485911667
1323.120037097931,-73.0202768602451,-73.0202768602451
1323.1300370979309,-73.01384558667269,-73.01384558667269
1323.1400370979309,-73.00744114533225,-73.00744114533225
1323.1500370979309,-73.00106364048293,-73.00106364048293
1323.1600370979309,-72.99471317371216,-72.99471317371216
1323.1700370979308,-72.98838984400324,-72.98838984400324
1323.1800370979308,-72.98209374773899,-72.98209374773899
1323.1900370979308,-72.97582497875675,-72.97582497875675
1323.2000370979308,-72.9695836283814,-72.9695836283814
1323.2100370979308,-72.96336342680435,-72.96336342680435
1323.2200370979308,-72.9571616818297,-72.9571616818297
1323.230037097931,-72.95097713102747,-72.95097713102747
1323.240037097931,-72.94480917330432,-72.94480917330432
1323.250037097931,-72.93865757530004,-72.93865757530004
1323.260037097931,-72.9325223187496,-72.9325223187496
1323.270037097931,-72.92640351084133,-72.92640351084133
1323.280037097931,-72.9203013302415,-72.9203013302415
1323.290037097931,-72.91421599464734,-72.91421599464734
1323.300037097931,-72.90814774125583,-72.90814774125583
1323.310037097931,-72.90209681515518,-72.90209681515518
1323.320037097931,-72.89606346249347,-72.89606346249347
1323.330037097931,-72.89004792657506,-72.89004792657506
1323.340037097931,-72.88405044574911,-72.88405044574911
1323.350037097931,-72.87807125240944,-72.87807125240944
1323.360037097931,-72.87211057253215,-72.87211057253215
1323.370037097931,-72.86616862574265,-72.86616862574265
1323.3800370979309,-72.86024562544011,-72.86024562544011
1323.3900370979309,-72.85434177913912,-72.85434177913912
1323.4000370979309,-72.8484572887824,-72.8484572887824
1323.4100370979309,-72.84259235110775,-72.84259235110775
1323.4200370979308,-72.83674715796644,-72.83674715796644
1323.4300370979308,-72.83092189663655,-72.83092189663655
1323.4400370979308,-72.82511675010389,-72.82511675010389
1323.4500371217728,-72.81933188354262,-72.81933188354262
1323.4600371217728,-72.81356749967003,-72.81356749967003
1323.4700371217727,-72.80782375618072,-72.80782375618072
1323.4800371217727,-72.80210082110416,-72.80210082110416
1323.4900371217727,-72.79639885915644,-72.79639885915644
1323.5000371217727,-72.79071803187166,-72.79071803187166
1323.5100371217727,-72.78505849770187,-72.78505849770187
1323.5200371217727,-72.77942041211315,-72.77942041211315
1323.5300371217727,-72.77380392767499,-72.77380392767499
1323.5400371217727,-72.7682091941188,-72.7682091941188
1323.5500371217727,-72.76263635841252,-72.76263635841252
1323.5600371217727,-72.75708556479228,-72.75708556479228
1323.5700371217727,-72.7515569548354,-72.7515569548354
1323.5800371217729,-72.7460506674967,-72.7460506674967
1323.5900371217729,-72.74056683913005,-72.74056683913005
1323.6000371217729,-72.73510560353431,-72.73510560353431
1323.6100371217728,-72.72966709198562,-72.72966709198562
1323.6200371217728,-72.72425143324622,-72.72425143324622
1323.6300371217728,-72.718858753608,-72.718858753608
1323.6400371217728,-72.71348917691313,-72.71348917691313
1323.6500371217728,-72.70814282456168,-72.70814282456168
1323.6600371217728,-72.702819815551,-72.702819815551
1323.6700371217728,-72.69752026645911,-72.69752026645911
1323.6800371217728,-72.692244291505,-72.692244291505
1323.6900371217728,-72.68699200254571,-72.68699200254571
1323.7000371217728,-72.68176350909586,-72.68176350909586
1323.7100371217728,-72.67655258446597,-72.67655258446597
1323.7200371217727,-72.67135656523827,-72.67135656523827
1323.7300371217727,-72.66617421207665,-72.66617421207665
1323.7400371217727,-72.66100494431443,-72.66100494431443
1323.7500371217727,-72.65584854762456,-72.65584854762456
1323.7600371217727,-72.65070502196733,-72.65070502196733
1323.7700371217727,-72.64557449230233,-72.64557449230233
1323.7800371217727,-72.6404571548958,-72.6404571548958
1323.7900371217727,-72.63535324493876,-72.63535324493876
1323.8000371217727,-72.63026301712442,-72.63026301712442
1323.8100371217727,-72.62518673408121,-72.62518673408121
1323.8200371217727,-72.62012465953052,-72.62012465953052
1323.8300371217729,-72.61507705442406,-72.61507705442406
1323.8400371217729,-72.6100441748163,-72.6100441748163
1323.8500371217729,-72.60502627082226,-72.60502627082226
1323.8600371217728,-72.60002358620387,-72.60002358620387
1323.8700371217728,-72.59503635836167,-72.59503635836167
1323.8800371217728,-72.59006481850399,-72.59006481850399
1323.8900371217728,-72.58510919192872,-72.58510919192872
1323.9000371217728,-72.5801696983555,-72.5801696983555
1323.9100371217728,-72.57524655225674,-72.57524655225674
1323.9200371217728,-72.57033996318252,-72.57033996318252
1323.9300371217728,-72.56545013605718,-72.56545013605718
1323.9400371217728,-72.56057727145681,-72.56057727145681
1323.9500371217728,-72.55572156583595,-72.55572156583595
1323.9600371217728,-72.55087688921279,-72.55087688921279
1323.9700371217727,-72.54604066718153,-72.54604066718153
1323.9800371217727,-72.54121174556637,-72.54121174556637
1323.9900371217727,-72.53638962651551,-72.53638962651551
1324.0000371217727,-72.53157417679135,-72.53157417679135
1324.0100371217727,-72.52676547609273,-72.52676547609273
1324.0200371217727,-72.52196372802821,-72.52196372802821
1324.0300371217727,-72.5171692065488,-72.5171692065488
1324.0400371217727,-72.51238222374377,-72.51238222374377
1324.0500371217727,-72.50760311046925,-72.50760311046925
1324.0600371217727,-72.502832204803,-72.502832204803
1324.0700371217727,-72.49806984529938,-72.49806984529938
1324.0800371217729,-72.49331636713259,-72.49331636713259
1324.0900371217729,-72.48857209998206,-72.48857209998206
1324.1000371217729,-72.48383736700224,-72.48383736700224
1324.1100371217728,-72.479112484447,-72.479112484447
1324.1200371217728,-72.47439776163657,-72.47439776163657
1324.1300371217728,-72.46969350112538,-72.46969350112538
1324.1400371217728,-72.46499999902088,-72.46499999902088
1324.1500371217728,-72.46031754528357,-72.46031754528357
1324.1600371217728,-72.45564642405773,-72.45564642405773
1324.1700371217728,-72.45098691400787,-72.45098691400787
1324.1800371217728,-72.44633928860647,-72.44633928860647
1324.1900371217728,-72.44170381639155,-72.44170381639155
1324.2000371217728,-72.43708076122503,-72.43708076122503
1324.2100371217728,-72.43246407109697,-72.43246407109697
1324.2200371217727,-72.42785124310872,-72.42785124310872
1324.2300371217727,-72.42324119153119,-72.42324119153119
1324.2400371217727,-72.41863348519416,-72.41863348519416
1324.2500371217727,-72.41402805626262,-72.41402805626262
1324.2600371217727,-72.40942504882528,-72.40942504882528
1324.2700371217727,-72.4048247300192,-72.4048247300192
1324.2800371217727,-72.40022743659539,-72.40022743659539
1324.2900371217727,-72.39563354272848,-72.39563354272848
1324.3000371456146,-72.39104342977862,-72.39104342977862
1324.3100371456146,-72.38645751847001,-72.38645751847001
1324.3200371456146,-72.38187619664035,-72.38187619664035
1324.3300371456146,-72.37729985899715,-72.37729985899715
1324.3400371456146,-72.37272889414835,-72.37272889414835
1324.3500371456146,-72.36816368357734,-72.36816368357734
1324.3600371456146,-72.36360460124061,-72.36360460124061
1324.3700371456146,-72.35905201354213,-72.35905201354213
1324.3800371456146,-72.35450627951414,-72.35450627951414
1324.3900371456145,-72.34996775109921,-72.34996775109921
1324.4000371456145,-72.34543677348441,-72.34543677348441
1324.4100371456145,-72.34091368543513,-72.34091368543513
1324.4200371456145,-72.33639881959034,-72.33639881959034
1324.4300371456147,-72.33189250278822,-72.33189250278822
1324.4400371456147,-72.32739505631139,-72.32739505631139
1324.4500371456147,-72.3229067961336,-72.3229067961336
1324.4600371456147,-72.31842803312998,-72.31842803312998
1324.4700371456147,-72.31395907323945,-72.31395907323945
1324.4800371456147,-72.30950021764835,-72.30950021764835
1324.4900371456147,-72.30505176290951,-72.30505176290951
1324.5000371456147,-72.30061400105963,-72.30061400105963
1324.5100371456147,-72.29618721974731,-72.29618721974731
1324.5200371456147,-72.2917717022725,-72.2917717022725
1324.5300371456146,-72.28736772771111,-72.28736772771111
1324.5400371456146,-72.28297557095192,-72.28297557095192
1324.5500371456146,-72.27859550276423,-72.27859550276423
1324.5600371456146,-72.2742277898561,-72.2742277898561
1324.5700371456146,-72.26987269489655,-72.26987269489655
1324.5800371456146,-72.26553047659063,-72.26553047659063
1324.5900371456146,-72.26120138968648,-72.26120138968648
1324.6000371456146,-72.2568856850153,-72.2568856850153
1324.6100371456146,-72.2525836095314,-72.2525836095314
1324.6200371456146,-72.24829540633664,-72.24829540633664
1324.6300371456146,-72.2440213146964,-72.2440213146964
1324.6400371456145,-72.23976157009088,-72.23976157009088
1324.6500371456145,-72.23551640421073,-72.23551640421073
1324.6600371456145,-72.2312860449952,-72.2312860449952
1324.6700371456145,-72.22707071665577,-72.22707071665577
1324.6800371456147,-72.2228706397044,-72.2228706397044
1324.6900371456147,-72.21868603096745,-72.21868603096745
1324.7000371456147,-72.21451710361329,-72.21451710361329
1324.7100371456147,-72.21035777680761,-72.21035777680761
1324.7200371456147,-72.2062055084885,-72.2062055084885
1324.7300371456147,-72.2020591697067,-72.2020591697067
1324.7400371456147,-72.19791828424499,-72.19791828424499
1324.7500371456147,-72.19378273826158,-72.19378273826158
1324.7600371456147,-72.18965262930467,-72.18965262930467
1324.7700371456147,-72.18552817765652,-72.18552817765652
1324.7800371456146,-72.18140967305811,-72.18140967305811
1324.7900371456146,-72.17729744258942,-72.17729744258942
1324.8000371456146,-72.17319183139924,-72.17319183139924
1324.8100371456146,-72.16909319123074,-72.16909319123074
1324.8200371456146,-72.16500187366142,-72.16500187366142
1324.8300371456146,-72.1609182262891,-72.1609182262891
1324.8400371456146,-72.15684259062587,-72.15684259062587
1324.8500371456146,-72.15277530108301,-72.15277530108301
1324.8600371456146,-72.14871668457864,-72.14871668457864
1324.8700371456146,-72.14466706054151,-72.14466706054151
1324.8800371456146,-72.14062674108162,-72.14062674108162
1324.8900371456145,-72.13659603129577,-72.13659603129577
1324.9000371456145,-72.13257522960193,-72.13257522960193
1324.9100371456145,-72.12856462809465,-72.12856462809465
1324.9200371456145,-72.12456451285112,-72.12456451285112
1324.9300371456147,-72.12057516426175,-72.12057516426175
1324.9400371456147,-72.11659685730429,-72.11659685730429
1324.9500371456147,-72.1126298617927,-72.1126298617927
1324.9600371456147,-72.1086681619515,-72.1086681619515
1324.9700371456147,-72.10470927465906,-72.10470927465906
1324.9800371456147,-72.10075212683724,-72.10075212683724
1324.9900371456147,-72.09679629627769,-72.09679629627769
1325.0000371456147,-72.09284172179674,-72.09284172179674
1325.0100371456147,-72.08888855257557,-72.08888855257557
1325.0200371456147,-72.08493705972417,-72.08493705972417
1325.0300371456146,-72.08098758313784,-72.08098758313784
1325.0400371456146,-72.07704049947421,-72.07704049947421
1325.0500371456146,-72.07309620299277,-72.07309620299277
1325.0600371456146,-72.06915509408714,-72.06915509408714
1325.0700371456146,-72.0652175726227,-72.0652175726227
1325.0800371456146,-72.06128403410153,-72.06128403410153
1325.0900371456146,-72.05735486760314,-72.05735486760314
1325.1000371456146,-72.05343045478801,-72.05343045478801
1325.1100371456146,-72.04951116952024,-72.04951116952024
1325.1200371456146,-72.04559737785766,-72.04559737785766
1325.1300371456146,-72.04168943825661,-72.04168943825661
1325.1400371456145,-72.03778770185683,-72.03778770185683
1325.1500371694565,-72.03389250355893,-72.03389250355893
1325.1600371694565,-72.03000419945774,-72.03000419945774
1325.1700371694565,-72.02612311154473,-72.02612311154473
1325.1800371694565,-72.0222495650757,-72.0222495650757
1325.1900371694564,-72.0183838795988,-72.0183838795988
1325.2000371694564,-72.01452636919574,-72.01452636919574
1325.2100371694564,-72.01067734269535,-72.01067734269535
1325.2200371694564,-72.00683710388307,-72.00683710388307
1325.2300371694564,-72.00300595164792,-72.00300595164792
1325.2400371694564,-71.99918418012773,-71.99918418012773
1325.2500371694564,-71.99537207884305,-71.99537207884305
1325.2600371694564,-71.99156993280926,-71.99156993280926
1325.2700371694564,-71.98777802262536,-71.98777802262536
1325.2800371694566,-71.98399662455853,-71.98399662455853
1325.2900371694566,-71.98022601063089,-71.98022601063089
1325.3000371694566,-71.97646644865382,-71.97646644865382
1325.3100371694566,-71.97271820232726,-71.97271820232726
1325.3200371694566,-71.96898153124667,-71.96898153124667
1325.3300371694565,-71.96525669099104,-71.96525669099104
1325.3400371694565,-71.96154393314295,-71.96154393314295
1325.3500371694565,-71.95784350533035,-71.95784350533035
1325.3600371694565,-71.95415565126635,-71.95415565126635
1325.3700371694565,-71.95048061077439,-71.95048061077439
1325.3800371694565,-71.94681861982697,-71.94681861982697
1325.3900371694565,-71.9431699105787,-71.9431699105787
1325.4000371694565,-71.93953471140071,-71.93953471140071
1325.4100371694565,-71.93591324688377,-71.93591324688377
1325.4200371694565,-71.93230573789718,-71.93230573789718
1325.4300371694565,-71.92871240159316,-71.92871240159316
1325.4400371694564,-71.92513345145734,-71.92513345145734
1325.4500371694564,-71.92156909730583,-71.92156909730583
1325.4600371694564,-71.91801328280725,-71.91801328280725
1325.4700371694564,-71.91446347609612,-71.91446347609612
1325.4800371694564,-71.91091855239979,-71.91091855239979
1325.4900371694564,-71.90737803673308,-71.90737803673308
1325.5000371694564,-71.90384181478036,-71.90384181478036
1325.5100371694564,-71.9003099825458,-71.9003099825458
1325.5200371694564,-71.89678275810785,-71.89678275810785
1325.5300371694566,-71.8932604285702,-71.8932604285702
1325.5400371694566,-71.88974331810338,-71.88974331810338
1325.5500371694566,-71.88623176875697,-71.88623176875697
1325.5600371694566,-71.88272612906567,-71.88272612906567
1325.5700371694566,-71.87922674734509,-71.87922674734509
1325.5800371694565,-71.87573396787009,-71.87573396787009
1325.5900371694565,-71.87224812880795,-71.87224812880795
1325.6000371694565,-71.86876956122397,-71.86876956122397
1325.6100371694565,-71.8652985886884,-71.8652985886884
1325.6200371694565,-71.86183552729122,-71.86183552729122
1325.6300371694565,-71.85838068582947,-71.85838068582947
1325.6400371694565,-71.85493436609684,-71.85493436609684
1325.6500371694565,-71.85149686324442,-71.85149686324442
1325.6600371694565,-71.8480684661054,-71.8480684661054
1325.6700371694565,-71.84464945755775,-71.84464945755775
1325.6800371694565,-71.84124011480377,-71.84124011480377
1325.6900371694564,-71.83784070968261,-71.83784070968261
1325.7000371694564,-71.83445150890722,-71.83445150890722
1325.7100371694564,-71.8310727742763,-71.8310727742763
1325.7200371694564,-71.82770476289824,-71.82770476289824
1325.7300371694564,-71.8243477273405,-71.8243477273405
1325.7400371694564,-71.8210019158017,-71.8210019158017
1325.7500371694564,-71.81766757222317,-71.81766757222317
1325.7600371694564,-71.81434493641997,-71.81434493641997
1325.7700371694564,-71.81103424417883,-71.81103424417883
1325.7800371694566,-71.80773572733519,-71.80773572733519
1325.7900371694566,-71.80444961388599,-71.80444961388599
1325.8000371694566,-71.80117612801662,-71.80117612801662
1325.8100371694566,-71.79791549018427,-71.79791549018427
1325.8200371694566,-71.79466791718431,-71.79466791718431
1325.8300371694565,-71.79143362218818,-71.79143362218818
1325.8400371694565,-71.78821281479391,-71.78821281479391
1325.8500371694565,-71.78500570105942,-71.78500570105942
1325.8600371694565,-71.78181248355699,-71.78181248355699
1325.8700371694565,-71.77863336140092,-71.77863336140092
1325.8800371694565,-71.7754685302943,-71.7754685302943
1325.8900371694565,-71.77231818253235,-71.77231818253235
1325.9000371694565,-71.76918250706821,-71.76918250706821
1325.9100371694565,-71.76606168953472,-71.76606168953472
1325.9200371694565,-71.7629559122524,-71.7629559122524
1325.9300371694565,-71.75986535428335,-71.75986535428335
1325.9400371694564,-71.75679019144452,-71.75679019144452
1325.9500371694564,-71.75373059636132,-71.75373059636132
1325.9600371694564,-71.750680491386,-71.750680491386
1325.9700371694564,-71.74763731560462,-71.74763731560462
1325.9800371694564,-71.74459991219594,-71.74459991219594
1325.9900371694564,-71.74156777289468,-71.74156777289468
1326.0000371932983,-71.73854074235264,-71.73854074235264
1326.0100371932983,-71.73551889697954,-71.73551889697954
1326.0200371932983,-71.73250241371774,-71.73250241371774
1326.0300371932983,-71.72949154589361,-71.72949154589361
1326.0400371932983,-71.72648658416439,-71.72648658416439
1326.0500371932983,-71.72348783740576,-71.72348783740576
1326.0600371932983,-71.72049562132635,-71.72049562132635
1326.0700371932983,-71.71751025178861,-71.71751025178861
1326.0800371932983,-71.71453204101213,-71.71453204101213
1326.0900371932983,-71.71156129551235,-71.71156129551235
1326.1000371932982,-71.70859831510107,-71.70859831510107
1326.1100371932982,-71.70564339251546,-71.70564339251546
1326.1200371932982,-71.70269681342464,-71.70269681342464
1326.1300371932984,-71.69975885659379,-71.69975885659379
1326.1400371932984,-71.6968297942215,-71.6968297942215
1326.1500371932984,-71.69390989224966,-71.69390989224966
1326.1600371932984,-71.69099941073587,-71.69099941073587
1326.1700371932984,-71.68809860416546,-71.68809860416546
1326.1800371932984,-71.68520772177143,-71.68520772177143
1326.1900371932984,-71.68232700780952,-71.68232700780952
1326.2000371932984,-71.67945670181307,-71.67945670181307
1326.2100371932984,-71.67659703881141,-71.67659703881141
1326.2200371932984,-71.6737482495164,-71.6737482495164
1326.2300371932984,-71.67091056051386,-71.67091056051386
1326.2400371932983,-71.66808419439003,-71.66808419439003
1326.2500371932983,-71.66526936987147,-71.66526936987147
1326.2600371932983,-71.66246630193933,-71.66246630193933
1326.2700371932983,-71.65967520192287,-71.65967520192287
1326.2800371932983,-71.65689627758464,-71.65689627758464
1326.2900371932983,-71.65412973320039,-71.65412973320039
1326.3000371932983,-71.65137576962553,-71.65137576962553
1326.3100371932983,-71.64863458435137,-71.64863458435137
1326.3200371932983,-71.64590637157382,-71.64590637157382
1326.3300371932983,-71.6431913222064,-71.6431913222064
1326.3400371932983,-71.64048962395388,-71.64048962395388
1326.3500371932982,-71.63780146134859,-71.63780146134859
1326.3600371932982,-71.63512701577517,-71.63512701577517
1326.3700371932982,-71.63246646550137,-71.63246646550137
1326.3800371932984,-71.62981998572474,-71.62981998572474
1326.3900371932984,-71.6271877485898,-71.6271877485898
1326.4000371932984,-71.62456992322507,-71.62456992322507
1326.4100371932984,-71.62196667575873,-71.62196667575873
1326.4200371932984,-71.61937816934882,-71.61937816934882
1326.4300371932984,-71.61680456420994,-71.61680456420994
1326.4400371932984,-71.61424601764689,-71.61424601764689
1326.4500371932984,-71.61170268406164,-71.61170268406164
1326.4600371932984,-71.60917471497991,-71.60917471497991
1326.4700371932984,-71.60666225909434,-71.60666225909434
1326.4800371932984,-71.60416546226033,-71.60416546226033
1326.4900371932983,-71.60168446753563,-71.60168446753563
1326.5000371932983,-71.59921941520143,-71.59921941520143
1326.5100371932983,-71.59677044278286,-71.59677044278286
1326.5200371932983,-71.59433768508168,-71.59433768508168
1326.5300371932983,-71.59192127418795,-71.59192127418795
1326.5400371932983,-71.58952133950216,-71.58952133950216
1326.5500371932983,-71.58713800776579,-71.58713800776579
1326.5600371932983,-71.58477140309887,-71.58477140309887
1326.5700371932983,-71.58242164699243,-71.58242164699243
1326.5800371932983,-71.58008885835659,-71.58008885835659
1326.5900371932983,-71.5777731535426,-71.5777731535426
1326.6000371932982,-71.5754746463521,-71.5754746463521
1326.6100371932982,-71.57319344808464,-71.57319344808464
1326.6200371932982,-71.57092966754533,-71.57092966754533
1326.6300371932984,-71.56868341107136,-71.56868341107136
1326.6400371932984,-71.56645478256813,-71.56645478256813
1326.6500371932984,-71.56424388351395,-71.56424388351395
1326.6600371932984,-71.5620508130102,-71.5620508130102
1326.6700371932984,-71.55987566779255,-71.55987566779255
1326.6800371932984,-71.55771854224548,-71.55771854224548
1326.6900371932984,-71.55557952845994,-71.55557952845994
1326.7000371932984,-71.55345871622701,-71.55345871622701
1326.7100371932984,-71.55134996349327,-71.55134996349327
1326.7200371932984,-71.5492506359856,-71.5492506359856
1326.7300371932984,-71.54715950033582,-71.54715950033582
1326.7400371932983,-71.54507597066076,-71.54507597066076
1326.7500371932983,-71.5429998209589,-71.5429998209589
1326.7600371932983,-71.54093103557938,-71.54093103557938
1326.7700371932983,-71.53886972146022,-71.53886972146022
1326.7800371932983,-71.53681605536703,-71.53681605536703
1326.7900371932983,-71.53477025214005,-71.53477025214005
1326.8000371932983,-71.53273254563071,-71.53273254563071
1326.8100371932983,-71.53070317736417,-71.53070317736417
1326.8200371932983,-71.52868238991444,-71.52868238991444
1326.8300371932983,-71.52667042307955,-71.52667042307955
1326.8400371932983,-71.52466751184751,-71.52466751184751
1326.8500372171402,-71.52267388068366,-71.52267388068366
1326.8600372171402,-71.52068976211055,-71.52068976211055
1326.8700372171402,-71.5187153682223,-71.5187153682223
1326.8800372171402,-71.51675090987081,-71.51675090987081
1326.8900372171402,-71.51479659224418,-71.51479659224418
1326.9000372171402,-71.51285261516009,-71.51285261516009
1326.9100372171401,-71.51091917344382,-71.51091917344382
1326.9200372171401,-71.50899645724091,-71.50899645724091
1326.9300372171401,-71.5070846523081,-71.5070846523081
1326.9400372171401,-71.50518394032105,-71.50518394032105
1326.95003721714,-71.50329449909701,-71.50329449909701
1326.96003721714,-71.50141650281061,-71.50141650281061
1326.97003721714,-71.4995501221844,-71.4995501221844
1326.9800372171403,-71.49769552465303,-71.49769552465303
1326.9900372171403,-71.49585287452463,-71.49585287452463
1327.0000372171403,-71.49402233307016,-71.49402233307016
1327.0100372171403,-71.49220405865012,-71.49220405865012
1327.0200372171403,-71.49039820681422,-71.49039820681422
1327.0300372171403,-71.48860493036122,-71.48860493036122
1327.0400372171403,-71.48682437941251,-71.48682437941251
1327.0500372171402,-71.48505670149241,-71.48505670149241
1327.0600372171402,-71.48330204155576,-71.48330204155576
1327.0700372171402,-71.48156054204999,-71.48156054204999
1327.0800372171402,-71.47983234294092,-71.47983234294092
1327.0900372171402,-71.47811758177129,-71.47811758177129
1327.1000372171402,-71.47641639366907,-71.47641639366907
1327.1100372171402,-71.47472891137879,-71.47472891137879
1327.1200372171402,-71.4730552653156,-71.4730552653156
1327.1300372171402,-71.47139558354844,-71.47139558354844
1327.1400372171402,-71.4697499918514,-71.4697499918514
1327.1500372171402,-71.46811861371214,-71.46811861371214
1327.1600372171401,-71.46650157034239,-71.46650157034239
1327.1700372171401,-71.46489898073317,-71.46489898073317
1327.1800372171401,-71.46331096162724,-71.46331096162724
1327.1900372171401,-71.46173762755511,-71.46173762755511
1327.20003721714,-71.46017909085668,-71.46017909085668
1327.21003721714,-71.45862924005243,-71.45862924005243
1327.22003721714,-71.45708546686421,-71.45708546686421
1327.2300372171403,-71.45554656203979,-71.45554656203979
1327.2400372171403,-71.45401196294065,-71.45401196294065
1327.2500372171403,-71.45248146631799,-71.45248146631799
1327.2600372171403,-71.45095507897594,-71.45095507897594
1327.2700372171403,-71.44943293014698,-71.44943293014698
1327.2800372171403,-71.4479152188132,-71.4479152188132
1327.2900372171403,-71.44640218197101,-71.44640218197101
1327.3000372171402,-71.44489407564039,-71.44489407564039
1327.3100372171402,-71.4433911635036,-71.4433911635036
1327.3200372171402,-71.44189371026128,-71.44189371026128
1327.3300372171402,-71.44040197787643,-71.44040197787643
1327.3400372171402,-71.43891622348922,-71.43891622348922
1327.3500372171402,-71.43743669842542,-71.43743669842542
1327.3600372171402,-71.43596364782557,-71.43596364782557
1327.3700372171402,-71.43449731062744,-71.43449731062744
1327.3800372171402,-71.43303791974334,-71.43303791974334
1327.3900372171402,-71.4315857023701,-71.4315857023701
1327.4000372171402,-71.43014088028112,-71.43014088028112
1327.4100372171401,-71.42870367021251,-71.42870367021251
1327.4200372171401,-71.4272742841411,-71.4272742841411
1327.4300372171401,-71.42585292959782,-71.42585292959782
1327.4400372171401,-71.424439809928,-71.424439809928
1327.45003721714,-71.42303512454784,-71.42303512454784
1327.46003721714,-71.42163906914097,-71.42163906914097
1327.47003721714,-71.42025183583368,-71.42025183583368
1327.4800372171403,-71.41887361337754,-71.41887361337754
1327.4900372171403,-71.417504587265,-71.417504587265
1327.5000372171403,-71.41614493985678,-71.41614493985678
1327.5100372171403,-71.41479485048714,-71.41479485048714
1327.5200372171403,-71.41345449554315,-71.41345449554315
1327.5300372171403,-71.4121240485463,-71.4121240485463
1327.5400372171403,-71.41080368022918,-71.41080368022918
1327.5500372171402,-71.40949355856598,-71.40949355856598
1327.5600372171402,-71.40819384884261,-71.40819384884261
1327.5700372171402,-71.40690471369857,-71.40690471369857
1327.5800372171402,-71.40562631316818,-71.40562631316818
1327.5900372171402,-71.40435880468691,-71.40435880468691
1327.6000372171402,-71.40310234314657,-71.40310234314657
1327.6100372171402,-71.40185708092902,-71.40185708092902
1327.6200372171402,-71.4006231679161,-71.4006231679161
1327.6300372171402,-71.39940075150126,-71.39940075150126
1327.6400372171402,-71.39818997663154,-71.39818997663154
1327.6500372171402,-71.39699098580756,-71.39699098580756
1327.6600372171401,-71.39580391913333,-71.39580391913333
1327.6700372171401,-71.39462891429348,-71.39462891429348
1327.6800372171401,-71.39346610659025,-71.39346610659025
1327.6900372171401,-71.39231562897163,-71.39231562897163
1327.700037240982,-71.39117760930469,-71.39117760930469
1327.710037240982,-71.39004596563008,-71.39004596563008
1327.720037240982,-71.38891810744302,-71.38891810744302
1327.730037240982,-71.38779284434267,-71.38779284434267
1327.740037240982,-71.38666963167877,-71.38666963167877
1327.750037240982,-71.38554828360608,-71.38554828360608
1327.760037240982,-71.38442882392509,-71.38442882392509
1327.770037240982,-71.38331139856221,-71.38331139856221
1327.780037240982,-71.38219622295604,-71.38219622295604
1327.790037240982,-71.38108355036553,-71.38108355036553
1327.800037240982,-71.37997365289017,-71.37997365289017
1327.810037240982,-71.37886681014547,-71.37886681014547
1327.820037240982,-71.37776330264155,-71.37776330264155
1327.8300372409822,-71.37666340800196,-71.37666340800196
1327.8400372409822,-71.37556739889558,-71.37556739889558
1327.8500372409821,-71.37447554206003,-71.37447554206003
1327.8600372409821,-71.37338809791595,-71.37338809791595
1327.8700372409821,-71.37230532054441,-71.37230532054441
1327.8800372409821,-71.371227457889,-71.371227457889
1327.890037240982,-71.3701547520334,-71.3701547520334
1327.900037240982,-71.36908743953336,-71.36908743953336
1327.910037240982,-71.36802575175464,-71.36802575175464
1327.920037240982,-71.3669699151857,-71.3669699151857
1327.930037240982,-71.36592015173291,-71.36592015173291
1327.940037240982,-71.36487667900869,-71.36487667900869
1327.950037240982,-71.36383971054485,-71.36383971054485
1327.960037240982,-71.36280324305808,-71.36280324305808
1327.970037240982,-71.36176477013592,-71.36176477013592
1327.980037240982,-71.36072318099794,-71.36072318099794
1327.990037240982,-71.35967800924799,-71.35967800924799
1328.000037240982,-71.35862914612804,-71.35862914612804
1328.010037240982,-71.3575766915542,-71.3575766915542
1328.020037240982,-71.35652086669205,-71.35652086669205
1328.030037240982,-71.35546196141306,-71.35546196141306
1328.040037240982,-71.35440030271114,-71.35440030271114
1328.050037240982,-71.35333623572998,-71.35333623572998
1328.060037240982,-71.35227011251041,-71.35227011251041
1328.070037240982,-71.35120228538844,-71.35120228538844
1328.0800372409822,-71.3501331032329,-71.3501331032329
1328.0900372409822,-71.34906290939983,-71.34906290939983
1328.1000372409821,-71.34799204076764,-71.34799204076764
1328.1100372409821,-71.34692082735866,-71.34692082735866
1328.1200372409821,-71.34584959232733,-71.34584959232733
1328.1300372409821,-71.34477865216175,-71.34477865216175
1328.140037240982,-71.34370831696623,-71.34370831696623
1328.150037240982,-71.34263889078984,-71.34263889078984
1328.160037240982,-71.34157067195709,-71.34157067195709
1328.170037240982,-71.34050395339956,-71.34050395339956
1328.180037240982,-71.33943902293748,-71.33943902293748
1328.190037240982,-71.33837616354924,-71.33837616354924
1328.200037240982,-71.33731565360317,-71.33731565360317
1328.210037240982,-71.33625776707076,-71.33625776707076
1328.220037240982,-71.3352027736962,-71.3352027736962
1328.230037240982,-71.33415093916004,-71.33415093916004
1328.240037240982,-71.33310252521116,-71.33310252521116
1328.250037240982,-71.33205778976951,-71.33205778976951
1328.260037240982,-71.33101698705757,-71.33101698705757
1328.270037240982,-71.32998036764461,-71.32998036764461
1328.280037240982,-71.32894817854324,-71.32894817854324
1328.290037240982,-71.3279206632743,-71.3279206632743
1328.300037240982,-71.32689806190706,-71.32689806190706
1328.310037240982,-71.32587121165886,-71.32587121165886
1328.320037240982,-71.32482909014631,-71.32482909014631
1328.3300372409822,-71.32376207549558,-71.32376207549558
1328.3400372409822,-71.32266247136948,-71.32266247136948
1328.3500372409821,-71.32152423246822,-71.32152423246822
1328.3600372409821,-71.3203425911634,-71.3203425911634
1328.3700372409821,-71.31911375650131,-71.31911375650131
1328.3800372409821,-71.31783469790234,-71.31783469790234
1328.390037240982,-71.31650299248399,-71.31650299248399
1328.400037240982,-71.31511671488846,-71.31511671488846
1328.410037240982,-71.31367435478629,-71.31367435478629
1328.420037240982,-71.31217475277583,-71.31217475277583
1328.430037240982,-71.3106170488182,-71.3106170488182
1328.440037240982,-71.3090006397069,-71.3090006397069
1328.450037240982,-71.30732514344997,-71.30732514344997
1328.460037240982,-71.30559036892804,-71.30559036892804
1328.470037240982,-71.30379628998598,-71.30379628998598
1328.480037240982,-71.30194302308051,-71.30194302308051
1328.490037240982,-71.30003080798609,-71.30003080798609
1328.500037240982,-71.29805999106291,-71.29805999106291
1328.510037240982,-71.29603101075053,-71.29603101075053
1328.520037240982,-71.29394438491532,-71.29394438491532
1328.530037240982,-71.29180069985009,-71.29180069985009
1328.540037240982,-71.2896006006799,-71.2896006006799
1328.550037264824,-71.28734477757658,-71.28734477757658
1328.560037264824,-71.28503397977933,-71.28503397977933
1328.570037264824,-71.28266897735749,-71.28266897735749
1328.5800372648239,-71.28025057664136,-71.28025057664136
1328.5900372648239,-71.27777961001817,-71.27777961001817
1328.6000372648239,-71.27525693160689,-71.27525693160689
1328.6100372648239,-71.2726834134138,-71.2726834134138
1328.6200372648238,-71.2700599419885,-71.2700599419885
1328.6300372648238,-71.26738741545168,-71.26738741545168
1328.6400372648238,-71.26466674087064,-71.26466674087064
1328.6500372648238,-71.2618988319753,-71.2618988319753
1328.6600372648238,-71.25908460713205,-71.25908460713205
1328.6700372648238,-71.25622498753056,-71.25622498753056
1328.680037264824,-71.25332089564337,-71.25332089564337
1328.690037264824,-71.25037325379036,-71.25037325379036
1328.700037264824,-71.24738298297467,-71.24738298297467
1328.710037264824,-71.24435100174013,-71.24435100174013
1328.720037264824,-71.2412782252732,-71.2412782252732
1328.730037264824,-71.23816556454446,-71.23816556454446
1328.740037264824,-71.23501392558913,-71.23501392558913
1328.750037264824,-71.23182420886032,-71.23182420886032
1328.760037264824,-71.22859730867535,-71.22859730867535
1328.770037264824,-71.22533411273466,-71.22533411273466
1328.780037264824,-71.22203550167126,-71.22203550167126
1328.790037264824,-71.21870234871676,-71.21870234871676
1328.800037264824,-71.21533551936623,-71.21533551936623
1328.810037264824,-71.2119358711169,-71.2119358711169
1328.820037264824,-71.20850425323269,-71.20850425323269
1328.8300372648239,-71.20504150654276,-71.20504150654276
1328.8400372648239,-71.2015484632987,-71.2015484632987
1328.8500372648239,-71.19802594700435,-71.19802594700435
1328.8600372648239,-71.19447477235487,-71.19447477235487
1328.8700372648238,-71.19089574510419,-71.19089574510419
1328.8800372648238,-71.1872896620249,-71.1872896620249
1328.8900372648238,-71.18365731085969,-71.18365731085969
1328.9000372648238,-71.17999947026487,-71.17999947026487
1328.9100372648238,-71.1763169098176,-71.1763169098176
1328.9200372648238,-71.1726103900101,-71.1726103900101
1328.930037264824,-71.16888066223413,-71.16888066223413
1328.940037264824,-71.16512846881385,-71.16512846881385
1328.950037264824,-71.16135454301671,-71.16135454301671
1328.960037264824,-71.1575534145776,-71.1575534145776
1328.970037264824,-71.15372309485589,-71.15372309485589
1328.980037264824,-71.14986298202575,-71.14986298202575
1328.990037264824,-71.14597311198948,-71.14597311198948
1329.000037264824,-71.14205387223343,-71.14205387223343
1329.010037264824,-71.13810585308815,-71.13810585308815
1329.020037264824,-71.13412976041275,-71.13412976041275
1329.030037264824,-71.13012636307141,-71.13012636307141
1329.040037264824,-71.12609646136487,-71.12609646136487
1329.050037264824,-71.12204086806732,-71.12204086806732
1329.060037264824,-71.11796039719414,-71.11796039719414
1329.070037264824,-71.11385585738881,-71.11385585738881
1329.0800372648239,-71.10972804822579,-71.10972804822579
1329.0900372648239,-71.10557775820163,-71.10557775820163
1329.1000372648239,-71.10140576378872,-71.10140576378872
1329.1100372648239,-71.09721282912113,-71.09721282912113
1329.1200372648238,-71.0929997060412,-71.0929997060412
1329.1300372648238,-71.08876713434651,-71.08876713434651
1329.1400372648238,-71.08451584213734,-71.08451584213734
1329.1500372648238,-71.08024654620515,-71.08024654620515
1329.1600372648238,-71.07595995244193,-71.07595995244193
1329.1700372648238,-71.07165675620153,-71.07165675620153
1329.180037264824,-71.06733764267608,-71.06733764267608
1329.190037264824,-71.06300328723134,-71.06300328723134
1329.200037264824,-71.05865435567001,-71.05865435567001
1329.210037264824,-71.05429150454593,-71.05429150454593
1329.220037264824,-71.04991538138877,-71.04991538138877
1329.230037264824,-71.04552662491575,-71.04552662491575
1329.240037264824,-71.04112586524437,-71.04112586524437
1329.250037264824,-71.03671372406038,-71.03671372406038
1329.260037264824,-71.03229081478513,-71.03229081478513
1329.270037264824,-71.02785774269867,-71.02785774269867
1329.280037264824,-71.0234151051154,-71.0234151051154
1329.290037264824,-71.01896349146956,-71.01896349146956
1329.300037264824,-71.01450348344932,-71.01450348344932
1329.310037264824,-71.01003565508162,-71.01003565508162
1329.320037264824,-71.00556057285335,-71.00556057285335
1329.3300372648239,-71.00107879578314,-71.00107879578314
1329.3400372648239,-70.99659087552565,-70.99659087552565
1329.3500372648239,-70.99209735644618,-70.99209735644618
1329.3600372648239,-70.9875987756908,-70.9875987756908
1329.3700372648238,-70.98309566327661,-70.98309566327661
1329.3800372648238,-70.9785885421672,-70.9785885421672
1329.3900372648238,-70.97407792831568,-70.97407792831568
1329.4000372886658,-70.96956432002253,-70.96956432002253
1329.4100372886658,-70.96504824096866,-70.96504824096866
1329.4200372886658,-70.96053017581133,-70.96053017581133
1329.4300372886657,-70.95601061323035,-70.95601061323035
1329.4400372886657,-70.95149003524088,-70.95149003524088
1329.4500372886657,-70.94696891725371,-70.94696891725371
1329.4600372886657,-70.94244155244778,-70.94244155244778
1329.4700372886657,-70.93790570740371,-70.93790570740371
1329.4800372886657,-70.93336053411778,-70.93336053411778
1329.4900372886657,-70.92880582314002,-70.92880582314002
1329.5000372886657,-70.92424171830066,-70.92424171830066
1329.5100372886657,-70.91966856829883,-70.91966856829883
1329.5200372886657,-70.91508683960716,-70.91508683960716
1329.5300372886659,-70.9104970640463,-70.9104970640463
1329.5400372886659,-70.90589980723274,-70.90589980723274
1329.5500372886659,-70.90129564968451,-70.90129564968451
1329.5600372886659,-70.89668517553683,-70.89668517553683
1329.5700372886658,-70.89206896598543,-70.89206896598543
1329.5800372886658,-70.88744759549975,-70.88744759549975
1329.5900372886658,-70.8828216298575,-70.8828216298575
1329.6000372886658,-70.8781916251574,-70.8781916251574
1329.6100372886658,-70.8735581274859,-70.8735581274859
1329.6200372886658,-70.86892167294586,-70.86892167294586
1329.6300372886658,-70.8642827878965,-70.8642827878965
1329.6400372886658,-70.85964198925491,-70.85964198925491
1329.6500372886658,-70.85499978488124,-70.85499978488124
1329.6600372886658,-70.85035667395009,-70.85035667395009
1329.6700372886658,-70.84571314730846,-70.84571314730846
1329.6800372886657,-70.84106968781717,-70.84106968781717
1329.6900372886657,-70.83642677065129,-70.83642677065129
1329.7000372886657,-70.8317848635888,-70.8317848635888
1329.7100372886657,-70.8271444272367,-70.8271444272367
1329.7200372886657,-70.822505915281,-70.822505915281
1329.7300372886657,-70.81786977466342,-70.81786977466342
1329.7400372886657,-70.81323644576109,-70.81323644576109
1329.7500372886657,-70.8086063625375,-70.8086063625375
1329.7600372886657,-70.80397995268869,-70.80397995268869
1329.7700372886657,-70.79935763776128,-70.79935763776128
1329.7800372886659,-70.7947398332709,-70.7947398332709
1329.7900372886659,-70.79012694879415,-70.79012694879415
1329.8000372886659,-70.78551938805822,-70.78551938805822
1329.8100372886659,-70.7809175490413,-70.7809175490413
1329.8200372886658,-70.77632182402722,-70.77632182402722
1329.8300372886658,-70.7717325996946,-70.7717325996946
1329.8400372886658,-70.76715025717772,-70.76715025717772
1329.8500372886658,-70.76257517212359,-70.76257517212359
1329.8600372886658,-70.7580077147497,-70.7580077147497
1329.8700372886658,-70.75344824992743,-70.75344824992743
1329.8800372886658,-70.74889713718142,-70.74889713718142
1329.8900372886658,-70.74435473079866,-70.74435473079866
1329.9000372886658,-70.73982137983597,-70.73982137983597
1329.9100372886658,-70.73529742820364,-70.73529742820364
1329.9200372886658,-70.73078321468326,-70.73078321468326
1329.9300372886657,-70.72627907298948,-70.72627907298948
1329.9400372886657,-70.72178533180517,-70.72178533180517
1329.9500372886657,-70.71730231484612,-70.71730231484612
1329.9600372886657,-70.7128303408853,-70.7128303408853
1329.9700372886657,-70.70836972380587,-70.70836972380587
1329.9800372886657,-70.70392077263654,-70.70392077263654
1329.9900372886657,-70.69948379161573,-70.69948379161573
1330.0000372886657,-70.69505908020835,-70.69505908020835
1330.0100372886657,-70.69064693316965,-70.69064693316965
1330.0200372886657,-70.6862476405768,-70.6862476405768
1330.0300372886659,-70.68186148787487,-70.68186148787487
1330.0400372886659,-70.67748875592424,-70.67748875592424
1330.0500372886659,-70.67312972103231,-70.67312972103231
1330.0600372886659,-70.66878465500807,-70.66878465500807
1330.0700372886658,-70.66445382519906,-70.66445382519906
1330.0800372886658,-70.66013749453802,-70.66013749453802
1330.0900372886658,-70.65583592157965,-70.65583592157965
1330.1000372886658,-70.65154936053396,-70.65154936053396
1330.1100372886658,-70.64727806134134,-70.64727806134134
1330.1200372886658,-70.64302226968334,-70.64302226968334
1330.1300372886658,-70.63878222703612,-70.63878222703612
1330.1400372886658,-70.63455817071282,-70.63455817071282
1330.1500372886658,-70.6303503339121,-70.6303503339121
1330.1600372886658,-70.62615894574677,-70.62615894574677
1330.1700372886658,-70.6219842312989,-70.6219842312989
1330.1800372886657,-70.61782641165512,-70.61782641165512
1330.1900372886657,-70.61368570395177,-70.61368570395177
1330.2000372886657,-70.60956232140609,-70.60956232140609
1330.2100372886657,-70.605456473391,-70.605456473391
1330.2200372886657,-70.60136836543197,-70.60136836543197
1330.2300372886657,-70.59729819926407,-70.59729819926407
1330.2400372886657,-70.59324617290692,-70.59324617290692
1330.2500373125076,-70.58921247105197,-70.58921247105197
1330.2600373125076,-70.58519730360585,-70.58519730360585
1330.2700373125076,-70.58120084793312,-70.58120084793312
1330.2800373125076,-70.5772232874762,-70.5772232874762
1330.2900373125076,-70.57326480213585,-70.57326480213585
1330.3000373125076,-70.56932556832464,-70.56932556832464
1330.3100373125076,-70.56540575899122,-70.56540575899122
1330.3200373125076,-70.56150554366499,-70.56150554366499
1330.3300373125076,-70.55762508850263,-70.55762508850263
1330.3400373125075,-70.55376455631668,-70.55376455631668
1330.3500373125075,-70.5499241066303,-70.5499241066303
1330.3600373125075,-70.54610389568468,-70.54610389568468
1330.3700373125075,-70.54230407652359,-70.54230407652359
1330.3800373125077,-70.5385247989935,-70.5385247989935
1330.3900373125077,-70.53476620981154,-70.53476620981154
1330.4000373125077,-70.53102845255506,-70.53102845255506
1330.4100373125077,-70.52731166777404,-70.52731166777404
1330.4200373125077,-70.52361599295483,-70.52361599295483
1330.4300373125077,-70.51994156260794,-70.51994156260794
1330.4400373125077,-70.51628850827368,-70.51628850827368
1330.4500373125077,-70.51265695857695,-70.51265695857695
1330.4600373125077,-70.50904703926437,-70.50904703926437
1330.4700373125077,-70.50545887321866,-70.50545887321866
1330.4800373125076,-70.50189258052232,-70.50189258052232
1330.4900373125076,-70.49834827847319,-70.49834827847319
1330.5000373125076,-70.49482608162768,-70.49482608162768
1330.5100373125076,-70.49132610182993,-70.49132610182993
1330.5200373125076,-70.48784844825862,-70.48784844825862
1330.5300373125076,-70.48439322745682,-70.48439322745682
1330.5400373125076,-70.48096054334248,-70.48096054334248
1330.5500373125076,-70.47755049728399,-70.47755049728399
1330.5600373125076,-70.47416318809,-70.47416318809
1330.5700373125076,-70.47079871208012,-70.47079871208012
1330.5800373125076,-70.46745716309279,-70.46745716309279
1330.5900373125075,-70.46413863252641,-70.46413863252641
1330.6000373125075,-70.4608432093676,-70.4608432093676
1330.6100373125075,-70.45757098022726,-70.45757098022726
1330.6200373125075,-70.45432202936944,-70.45432202936944
1330.6300373125077,-70.45109643874756,-70.45109643874756
1330.6400373125077,-70.4478942880259,-70.4478942880259
1330.6500373125077,-70.44471565461247,-70.44471565461247
1330.6600373125077,-70.4415606136909,-70.4415606136909
1330.6700373125077,-70.43842923825494,-70.43842923825494
1330.6800373125077,-70.43532159913168,-70.43532159913168
1330.6900373125077,-70.43223776501014,-70.43223776501014
1330.7000373125077,-70.42917780247477,-70.42917780247477
1330.7100373125077,-70.42613564328414,-70.42613564328414
1330.7200373125077,-70.42310867116606,-70.42310867116606
1330.7300373125076,-70.42009564946298,-70.42009564946298
1330.7400373125076,-70.41709597978492,-70.41709597978492
1330.7500373125076,-70.41410941876914,-70.41410941876914
1330.7600373125076,-70.41113593075613,-70.41113593075613
1330.7700373125076,-70.40817560124566,-70.40817560124566
1330.7800373125076,-70.40522858482889,-70.40522858482889
1330.7900373125076,-70.40229507384427,-70.40229507384427
1330.8000373125076,-70.39937527956991,-70.39937527956991
1330.8100373125076,-70.39646942101754,-70.39646942101754
1330.8200373125076,-70.39357771832658,-70.39357771832658
1330.8300373125076,-70.3907003890624,-70.3907003890624
1330.8400373125075,-70.38783764615155,-70.38783764615155
1330.8500373125075,-70.38498969692564,-70.38498969692564
1330.8600373125075,-70.3821567427238,-70.3821567427238
1330.8700373125075,-70.37933897891942,-70.37933897891942
1330.8800373125077,-70.3765365950709,-70.3765365950709
1330.8900373125077,-70.3737497752734,-70.3737497752734
1330.9000373125077,-70.37097869843485,-70.37097869843485
1330.9100373125077,-70.36822353865247,-70.36822353865247
1330.9200373125077,-70.36548446553427,-70.36548446553427
1330.9300373125077,-70.36276164447483,-70.36276164447483
1330.9400373125077,-70.36005523695933,-70.36005523695933
1330.9500373125077,-70.3573654008079,-70.3573654008079
1330.9600373125077,-70.35469229035061,-70.35469229035061
1330.9700373125077,-70.35203605666887,-70.35203605666887
1330.9800373125076,-70.34939684770468,-70.34939684770468
1330.9900373125076,-70.34677480844181,-70.34677480844181
1331.0000373125076,-70.34417008101678,-70.34417008101678
1331.0100373125076,-70.34158280481667,-70.34158280481667
1331.0200373125076,-70.33901311656828,-70.33901311656828
1331.0300373125076,-70.3364611504308,-70.3364611504308
1331.0400373125076,-70.33392703805366,-70.33392703805366
1331.0500373125076,-70.33141090863873,-70.33141090863873
1331.0600373125076,-70.3289128889914,-70.3289128889914
1331.0700373125076,-70.32643310355687,-70.32643310355687
1331.0800373125076,-70.32397167447667,-70.32397167447667
1331.0900373125075,-70.32152872160722,-70.32152872160722
1331.1000373363495,-70.31910435679022,-70.31910435679022
1331.1100373363495,-70.3166987069935,-70.3166987069935
1331.1200373363495,-70.31431187958974,-70.31431187958974
1331.1300373363495,-70.31194398559055,-70.31194398559055
1331.1400373363495,-70.30959513385879,-70.30959513385879
1331.1500373363494,-70.30726543110146,-70.30726543110146
1331.1600373363494,-70.30495498192522,-70.30495498192522
1331.1700373363494,-70.30266388883284,-70.30266388883284
1331.1800373363494,-70.30039225222721,-70.30039225222721
1331.1900373363494,-70.29814017044825,-70.29814017044825
1331.2000373363494,-70.29590773976804,-70.29590773976804
1331.2100373363494,-70.29369505442922,-70.29369505442922
1331.2200373363494,-70.29150220663138,-70.29150220663138
1331.2300373363496,-70.28932928655605,-70.28932928655605
1331.2400373363496,-70.28717638238727,-70.28717638238727
1331.2500373363496,-70.2850435803227,-70.2850435803227
1331.2600373363496,-70.28293096456908,-70.28293096456908
1331.2700373363496,-70.28083861739194,-70.28083861739194
1331.2800373363496,-70.27876661909784,-70.27876661909784
1331.2900373363495,-70.27671504805109,-70.27671504805109
1331.3000373363495,-70.27468398069968,-70.27468398069968
1331.3100373363495,-70.27267349159281,-70.27267349159281
1331.3200373363495,-70.27068365337303,-70.27068365337303
1331.3300373363495,-70.26871453681203,-70.26871453681203
1331.3400373363495,-70.26676621082677,-70.26676621082677
1331.3500373363495,-70.26483874247509,-70.26483874247509
1331.3600373363495,-70.26293219698164,-70.26293219698164
1331.3700373363495,-70.26104663775007,-70.26104663775007
1331.3800373363495,-70.25918212640018,-70.25918212640018
1331.3900373363495,-70.2573387227456,-70.2573387227456
1331.4000373363494,-70.25551648484247,-70.25551648484247
1331.4100373363494,-70.25371546897753,-70.25371546897753
1331.4200373363494,-70.25193572970247,-70.25193572970247
1331.4300373363494,-70.25017731985042,-70.25017731985042
1331.4400373363494,-70.24844029055188,-70.24844029055188
1331.4500373363494,-70.2467246912326,-70.2467246912326
1331.4600373363494,-70.24503056966707,-70.24503056966707
1331.4700373363494,-70.2433579719448,-70.2433579719448
1331.4800373363496,-70.24170694254083,-70.24170694254083
1331.4900373363496,-70.24007752429323,-70.24007752429323
1331.5000373363496,-70.23846975843179,-70.23846975843179
1331.5100373363496,-70.23688368461129,-70.23688368461129
1331.5200373363496,-70.23531934090522,-70.23531934090522
1331.5300373363496,-70.23377676382925,-70.23377676382925
1331.5400373363495,-70.23225598836666,-70.23225598836666
1331.5500373363495,-70.23075704798225,-70.23075704798225
1331.5600373363495,-70.22927997462202,-70.22927997462202
1331.5700373363495,-70.22782479877209,-70.22782479877209
1331.5800373363495,-70.22639154943134,-70.22639154943134
1331.5900373363495,-70.22498025414573,-70.22498025414573
1331.6000373363495,-70.2235909390343,-70.2235909390343
1331.6100373363495,-70.22222362879683,-70.22222362879683
1331.6200373363495,-70.22087834673282,-70.22087834673282
1331.6300373363495,-70.21955511475774,-70.21955511475774
1331.6400373363495,-70.2182539534215,-70.2182539534215
1331.6500373363494,-70.2169748819192,-70.2169748819192
1331.6600373363494,-70.21571791813282,-70.21571791813282
1331.6700373363494,-70.21448307861756,-70.21448307861756
1331.6800373363494,-70.21326115011748,-70.21326115011748
1331.6900373363494,-70.2120411053365,-70.2120411053365
1331.7000373363494,-70.210813300525,-70.210813300525
1331.7100373363494,-70.20956998707103,-70.20956998707103
1331.7200373363494,-70.2083050398071,-70.2083050398071
1331.7300373363496,-70.20701358962292,-70.20701358962292
1331.7400373363496,-70.2056917275012,-70.2056917275012
1331.7500373363496,-70.2043362920476,-70.2043362920476
1331.7600373363496,-70.2029447194924,-70.2029447194924
1331.7700373363496,-70.20151493544735,-70.20151493544735
1331.7800373363496,-70.20004527396328,-70.20004527396328
1331.7900373363495,-70.19853441453296,-70.19853441453296
1331.8000373363495,-70.19698133147722,-70.19698133147722
1331.8100373363495,-70.19538525226665,-70.19538525226665
1331.8200373363495,-70.19374562251946,-70.19374562251946
1331.8300373363495,-70.19206207628547,-70.19206207628547
1331.8400373363495,-70.1903344106442,-70.1903344106442
1331.8500373363495,-70.18856256379762,-70.18856256379762
1331.8600373363495,-70.18674659618313,-70.18674659618313
1331.8700373363495,-70.1848866740595,-70.1848866740595
1331.8800373363495,-70.18298305532774,-70.18298305532774
1331.8900373363495,-70.18103607712197,-70.18103607712197
1331.9000373363494,-70.1790461450715,-70.1790461450715
1331.9100373363494,-70.1770137238993,-70.1770137238993
1331.9200373363494,-70.1749393291712,-70.1749393291712
1331.9300373363494,-70.1728235201644,-70.1728235201644
1331.9400373363494,-70.17066689355322,-70.17066689355322
1331.9500373601913,-70.16847007267857,-70.16847007267857
1331.9600373601913,-70.16623372350428,-70.16623372350428
1331.9700373601913,-70.163958519293,-70.163958519293
1331.9800373601913,-70.16164515750549,-70.16164515750549
1331.9900373601913,-70.15929435136931,-70.15929435136931
1332.0000373601913,-70.15690682695701,-70.15690682695701
1332.0100373601913,-70.15448332065779,-70.15448332065779
1332.0200373601913,-70.15202457691336,-70.15202457691336
1332.0300373601913,-70.14953134624888,-70.14953134624888
1332.0400373601913,-70.14700438349288,-70.14700438349288
1332.0500373601913,-70.14444444625912,-70.14444444625912
1332.0600373601912,-70.14185229356316,-70.14185229356316
1332.0700373601912,-70.13922868465332,-70.13922868465332
1332.0800373601915,-70.13657437789615,-70.13657437789615
1332.0900373601914,-70.1338901299214,-70.1338901299214
1332.1000373601914,-70.13117669473118,-70.13117669473118
1332.1100373601914,-70.12843482301422,-70.12843482301422
1332.1200373601914,-70.12566526152081,-70.12566526152081
1332.1300373601914,-70.12286875248182,-70.12286875248182
1332.1400373601914,-70.12004603316127,-70.12004603316127
1332.1500373601914,-70.11719783538415,-70.11719783538415
1332.1600373601914,-70.11432488522287,-70.11432488522287
1332.1700373601914,-70.1114279026453,-70.1114279026453
1332.1800373601914,-70.10850760125773,-70.10850760125773
1332.1900373601914,-70.10556468806061,-70.10556468806061
1332.2000373601913,-70.10259986323948,-70.10259986323948
1332.2100373601913,-70.09960771269935,-70.09960771269935
1332.2200373601913,-70.09658625247262,-70.09658625247262
1332.2300373601913,-70.09353486680737,-70.09353486680737
1332.2400373601913,-70.09045357027273,-70.09045357027273
1332.2500373601913,-70.08734272573247,-70.08734272573247
1332.2600373601913,-70.08420289759903,-70.08420289759903
1332.2700373601913,-70.08103476563359,-70.08103476563359
1332.2800373601913,-70.07783907305313,-70.07783907305313
1332.2900373601913,-70.07461659526682,-70.07461659526682
1332.3000373601913,-70.07136812110045,-70.07136812110045
1332.3100373601912,-70.06809444159695,-70.06809444159695
1332.3200373601912,-70.06479634344596,-70.06479634344596
1332.3300373601915,-70.06147460521099,-70.06147460521099
1332.3400373601914,-70.05812999530858,-70.05812999530858
1332.3500373601914,-70.0547632710139,-70.0547632710139
1332.3600373601914,-70.05137517808427,-70.05137517808427
1332.3700373601914,-70.04796645075747,-70.04796645075747
1332.3800373601914,-70.0445378119578,-70.0445378119578
1332.3900373601914,-70.04108997359442,-70.04108997359442
1332.4000373601914,-70.0376236369075,-70.0376236369075
1332.4100373601914,-70.0341394928327,-70.0341394928327
1332.4200373601914,-70.03063822234584,-70.03063822234584
1332.4300373601914,-70.02712049679897,-70.02712049679897
1332.4400373601914,-70.0235869782028,-70.0235869782028
1332.4500373601913,-70.0200383195271,-70.0200383195271
1332.4600373601913,-70.01647516492926,-70.01647516492926
1332.4700373601913,-70.01289814997355,-70.01289814997355
1332.4800373601913,-70.00930790184931,-70.00930790184931
1332.4900373601913,-70.00570503953156,-70.00570503953156
1332.5000373601913,-70.00209017394822,-70.00209017394822
1332.5100373601913,-69.99846390813249,-69.99846390813249
1332.5200373601913,-69.99482683735089,-69.99482683735089
1332.5300373601913,-69.99117954922241,-69.99117954922241
1332.5400373601913,-69.98752262382699,-69.98752262382699
1332.5500373601913,-69.9838566338064,-69.9838566338064
1332.5600373601912,-69.9801821444784,-69.9801821444784
1332.5700373601912,-69.97649971390919,-69.97649971390919
1332.5800373601915,-69.97280989297072,-69.97280989297072
1332.5900373601914,-69.96911322547925,-69.96911322547925
1332.6000373601914,-69.96541024821255,-69.96541024821255
1332.6100373601914,-69.96170149102045,-69.96170149102045
1332.6200373601914,-69.95798747686634,-69.95798747686634
1332.6300373601914,-69.95426872191412,-69.95426872191412
1332.6400373601914,-69.95054573558846,-69.95054573558846
1332.6500373601914,-69.94681902062996,-69.94681902062996
1332.6600373601914,-69.94308907315488,-69.94308907315488
1332.6700373601914,-69.93935638271608,-69.93935638271608
1332.6800373601914,-69.93562143238564,-69.93562143238564
1332.6900373601914,-69.93188469878255,-69.93188469878255
1332.7000373601913,-69.92814665213119,-69.92814665213119
1332.7100373601913,-69.9244016644811,-69.9244016644811
1332.7200373601913,-69.92064752995167,-69.92064752995167
1332.7300373601913,-69.9168834086515,-69.9168834086515
1332.7400373601913,-69.91310909080448,-69.91310909080448
1332.7500373601913,-69.90932471552735,-69.90932471552735
1332.7600373601913,-69.90553062452089,-69.90553062452089
1332.7700373601913,-69.90172727609863,-69.90172727609863
1332.7800373601913,-69.89791519351652,-69.89791519351652
1332.7900373601913,-69.89409493378459,-69.89409493378459
1332.8000373840332,-69.89026705988617,-69.89026705988617
1332.8100373840332,-69.88643216607235,-69.88643216607235
1332.8200373840332,-69.88259081672923,-69.88259081672923
1332.8300373840332,-69.87874357901288,-69.87874357901288
1332.8400373840332,-69.87489101179038,-69.87489101179038
1332.8500373840332,-69.87103366463812,-69.87103366463812
1332.8600373840331,-69.86717207751221,-69.86717207751221
1332.8700373840331,-69.86330678074258,-69.86330678074258
1332.8800373840331,-69.85943829524102,-69.85943829524102
1332.8900373840331,-69.8555671328199,-69.8555671328199
1332.900037384033,-69.8516937965342,-69.8516937965342
1332.910037384033,-69.84781878104394,-69.84781878104394
1332.920037384033,-69.84394257295146,-69.84394257295146
1332.9300373840333,-69.84006565113056,-69.84006565113056
1332.9400373840333,-69.83618848702459,-69.83618848702459
1332.9500373840333,-69.83231154488924,-69.83231154488924
1332.9600373840333,-69.82843528206043,-69.82843528206043
1332.9700373840333,-69.82456014914702,-69.82456014914702
1332.9800373840333,-69.82068659020888,-69.82068659020888
1332.9900373840333,-69.81681504294235,-69.81681504294235
1333.0000373840332,-69.81294593881901,-69.81294593881901
1333.0100373840332,-69.8090797032184,-69.8090797032184
1333.0200373840332,-69.80521675553484,-69.80521675553484
1333.0300373840332,-69.80135750929738,-69.80135750929738
1333.0400373840332,-69.79750237225836,-69.79750237225836
1333.0500373840332,-69.79365174647378,-69.79365174647378
1333.0600373840332,-69.78980602837838,-69.78980602837838
1333.0700373840332,-69.78596560889179,-69.78596560889179
1333.0800373840332,-69.78213087342922,-69.78213087342922
1333.0900373840332,-69.7783022020095,-69.7783022020095
1333.1000373840332,-69.77447996929446,-69.77447996929446
1333.1100373840331,-69.77066454463694,-69.77066454463694
1333.1200373840331,-69.76685629214921,-69.76685629214921
1333.1300373840331,-69.76305557073566,-69.76305557073566
1333.1400373840331,-69.75926273415246,-69.75926273415246
1333.150037384033,-69.75547813105891,-69.75547813105891
1333.160037384033,-69.75170210504896,-69.75170210504896
1333.170037384033,-69.74793499470668,-69.74793499470668
1333.1800373840333,-69.74417713362753,-69.74417713362753
1333.1900373840333,-69.74042885050214,-69.74042885050214
1333.2000373840333,-69.7366904691078,-69.7366904691078
1333.2100373840333,-69.73296230839335,-69.73296230839335
1333.2200373840333,-69.72924468249671,-69.72924468249671
1333.2300373840333,-69.72553790078213,-69.72553790078213
1333.2400373840333,-69.7218422679099,-69.7218422679099
1333.2500373840332,-69.71815808384292,-69.71815808384292
1333.2600373840332,-69.71448564391774,-69.71448564391774
1333.2700373840332,-69.71082523884807,-69.71082523884807
1333.2800373840332,-69.70717715479667,-69.70717715479667
1333.2900373840332,-69.70354167340257,-69.70354167340257
1333.3000373840332,-69.69991907182946,-69.69991907182946
1333.3100373840332,-69.6963096228041,-69.6963096228041
1333.3200373840332,-69.69271359463937,-69.69271359463937
1333.3300373840332,-69.68913125130281,-69.68913125130281
1333.3400373840332,-69.6855628524388,-69.6855628524388
1333.3500373840332,-69.68200865341404,-69.68200865341404
1333.3600373840331,-69.67846890535866,-69.67846890535866
1333.3700373840331,-69.67494385520331,-69.67494385520331
1333.3800373840331,-69.67143374573158,-69.67143374573158
1333.3900373840331,-69.66793881559131,-69.66793881559131
1333.400037384033,-69.6644592993832,-69.6644592993832
1333.410037384033,-69.66099542765207,-69.66099542765207
1333.420037384033,-69.6575474269541,-69.6575474269541
1333.4300373840333,-69.65411551989587,-69.65411551989587
1333.4400373840333,-69.65069992517331,-69.65069992517331
1333.4500373840333,-69.64730085760347,-69.64730085760347
1333.4600373840333,-69.64391246111933,-69.64391246111933
1333.4700373840333,-69.64053229017051,-69.64053229017051
1333.4800373840333,-69.63715926203476,-69.63715926203476
1333.4900373840333,-69.63379292399087,-69.63379292399087
1333.5000373840332,-69.6304331731982,-69.6304331731982
1333.5100373840332,-69.62708011095961,-69.62708011095961
1333.5200373840332,-69.62373395708347,-69.62373395708347
1333.5300373840332,-69.62039499835282,-69.62039499835282
1333.5400373840332,-69.61706355751856,-69.61706355751856
1333.5500373840332,-69.6137399746484,-69.6137399746484
1333.5600373840332,-69.61042459600431,-69.61042459600431
1333.5700373840332,-69.60711776755524,-69.60711776755524
1333.5800373840332,-69.60381983125201,-69.60381983125201
1333.5900373840332,-69.60053112300646,-69.60053112300646
1333.6000373840332,-69.59725197171724,-69.59725197171724
1333.6100373840331,-69.59398269891123,-69.59398269891123
1333.6200373840331,-69.59072361873463,-69.59072361873463
1333.6300373840331,-69.58747503815157,-69.58747503815157
1333.6400373840331,-69.58423725722827,-69.58423725722827
1333.650037407875,-69.58101056180146,-69.58101056180146
1333.660037407875,-69.57779525455271,-69.57779525455271
1333.670037407875,-69.57459160921121,-69.57459160921121
1333.680037407875,-69.57139990162443,-69.57139990162443
1333.690037407875,-69.56822040234192,-69.56822040234192
1333.700037407875,-69.56505337687948,-69.56505337687948
1333.710037407875,-69.56189908591405,-69.56189908591405
1333.720037407875,-69.5587577855078,-69.5587577855078
1333.730037407875,-69.55562972726666,-69.55562972726666
1333.740037407875,-69.55251515848511,-69.55251515848511
1333.750037407875,-69.54941432229386,-69.54941432229386
1333.760037407875,-69.54632745776196,-69.54632745776196
1333.770037407875,-69.54325480000283,-69.54325480000283
1333.7800374078752,-69.54019658026048,-69.54019658026048
1333.7900374078752,-69.53715302599578,-69.53715302599578
1333.8000374078752,-69.53412436095262,-69.53412436095262
1333.8100374078751,-69.53111080523412,-69.53111080523412
1333.8200374078751,-69.52811257532215,-69.52811257532215
1333.8300374078751,-69.52512988417016,-69.52512988417016
1333.8400374078751,-69.52216294122556,-69.52216294122556
1333.850037407875,-69.51921195247914,-69.51921195247914
1333.860037407875,-69.5162771205047,-69.5162771205047
1333.870037407875,-69.51335864449074,-69.51335864449074
1333.880037407875,-69.51045672027983,-69.51045672027983
1333.890037407875,-69.5075715404008,-69.5075715404008
1333.900037407875,-69.50470329410005,-69.50470329410005
1333.910037407875,-69.50185216735478,-69.50185216735478
1333.920037407875,-69.49901834294033,-69.49901834294033
1333.930037407875,-69.49620200040961,-69.49620200040961
1333.940037407875,-69.49340331615642,-69.49340331615642
1333.950037407875,-69.49062246341883,-69.49062246341883
1333.960037407875,-69.48785355924883,-69.48785355924883
1333.970037407875,-69.48509412410104,-69.48509412410104
1333.980037407875,-69.48234303874689,-69.48234303874689
1333.990037407875,-69.47959981304986,-69.47959981304986
1334.000037407875,-69.47686430651171,-69.47686430651171
1334.010037407875,-69.47413658287215,-69.47413658287215
1334.020037407875,-69.47141682467756,-69.47141682467756
1334.0300374078752,-69.46870528187897,-69.46870528187897
1334.0400374078752,-69.46600224086745,-69.46600224086745
1334.0500374078752,-69.46330800588593,-69.46330800588593
1334.0600374078751,-69.46062288791839,-69.46062288791839
1334.0700374078751,-69.4579471982037,-69.4579471982037
1334.0800374078751,-69.45528124452204,-69.45528124452204
1334.0900374078751,-69.45262532915172,-69.45262532915172
1334.100037407875,-69.44997974789865,-69.44997974789865
1334.110037407875,-69.44734478972515,-69.44734478972515
1334.120037407875,-69.44472073672289,-69.44472073672289
1334.130037407875,-69.44210786430443,-69.44210786430443
1334.140037407875,-69.4395064414754,-69.4395064414754
1334.150037407875,-69.43691673117941,-69.43691673117941
1334.160037407875,-69.43433899060886,-69.43433899060886
1334.170037407875,-69.43177347153292,-69.43177347153292
1334.180037407875,-69.42922042059215,-69.42922042059215
1334.190037407875,-69.42668007956705,-69.42668007956705
1334.200037407875,-69.42415268562306,-69.42415268562306
1334.210037407875,-69.42163242471815,-69.42163242471815
1334.220037407875,-69.41911688185921,-69.41911688185921
1334.230037407875,-69.41660499997639,-69.41660499997639
1334.240037407875,-69.41409634953672,-69.41409634953672
1334.250037407875,-69.4115908494904,-69.4115908494904
1334.260037407875,-69.40908862206726,-69.40908862206726
1334.270037407875,-69.4065899075443,-69.4065899075443
1334.2800374078752,-69.40409501295589,-69.40409501295589
1334.2900374078752,-69.40160428120764,-69.40160428120764
1334.3000374078752,-69.3991180725515,-69.3991180725515
1334.3100374078751,-69.39663675353184,-69.39663675353184
1334.3200374078751,-69.39416069050736,-69.39416069050736
1334.3300374078751,-69.39169024597399,-69.39169024597399
1334.3400374078751,-69.38922577655492,-69.38922577655492
1334.350037407875,-69.3867676320221,-69.3867676320221
1334.360037407875,-69.38431615493096,-69.38431615493096
1334.370037407875,-69.38187168062508,-69.38187168062508
1334.380037407875,-69.37943453739123,-69.37943453739123
1334.390037407875,-69.37700504675885,-69.37700504675885
1334.400037407875,-69.37458352383163,-69.37458352383163
1334.410037407875,-69.37217027759745,-69.37217027759745
1334.420037407875,-69.36976561126411,-69.36976561126411
1334.430037407875,-69.36736982252908,-69.36736982252908
1334.440037407875,-69.36498320385998,-69.36498320385998
1334.450037407875,-69.36260604271236,-69.36260604271236
1334.460037407875,-69.36023258122195,-69.36023258122195
1334.470037407875,-69.3578604571884,-69.3578604571884
1334.480037407875,-69.35548866462155,-69.35548866462155
1334.490037407875,-69.35311682399161,-69.35311682399161
1334.500037431717,-69.35074489780459,-69.35074489780459
1334.510037431717,-69.34837306807775,-69.34837306807775
1334.520037431717,-69.34600161743256,-69.34600161743256
1334.530037431717,-69.34363090031263,-69.34363090031263
1334.5400374317169,-69.34126130655544,-69.34126130655544
1334.5500374317169,-69.33889324285245,-69.33889324285245
1334.5600374317169,-69.33652712173826,-69.33652712173826
1334.5700374317169,-69.3341633551065,-69.3341633551065
1334.5800374317168,-69.33180235052697,-69.33180235052697
1334.5900374317168,-69.32944450923061,-69.32944450923061
1334.6000374317168,-69.32709022515596,-69.32709022515596
1334.6100374317168,-69.32473988456834,-69.32473988456834
1334.6200374317168,-69.3223938660397,-69.3223938660397
1334.630037431717,-69.32005254064372,-69.32005254064372
1334.640037431717,-69.31771627223554,-69.31771627223554
1334.650037431717,-69.31538541777275,-69.31538541777275
1334.660037431717,-69.31306032762767,-69.31306032762767
1334.670037431717,-69.31074134592374,-69.31074134592374
1334.680037431717,-69.30842881082135,-69.30842881082135
1334.690037431717,-69.3061230547573,-69.3061230547573
1334.700037431717,-69.3038244047148,-69.3038244047148
1334.710037431717,-69.30153318241807,-69.30153318241807
1334.720037431717,-69.29924970448222,-69.29924970448222
1334.730037431717,-69.29697428262108,-69.29697428262108
1334.740037431717,-69.29470722374971,-69.29470722374971
1334.750037431717,-69.29244883011384,-69.29244883011384
1334.760037431717,-69.29019939938996,-69.29019939938996
1334.770037431717,-69.28795922478082,-69.28795922478082
1334.780037431717,-69.28572859508803,-69.28572859508803
1334.7900374317169,-69.28350779478252,-69.28350779478252
1334.8000374317169,-69.2812971040728,-69.2812971040728
1334.8100374317169,-69.27909679894357,-69.27909679894357
1334.8200374317169,-69.27690715122664,-69.27690715122664
1334.8300374317168,-69.27472842861022,-69.27472842861022
1334.8400374317168,-69.27256089471159,-69.27256089471159
1334.8500374317168,-69.27040480909763,-69.27040480909763
1334.8600374317168,-69.26826042732725,-69.26826042732725
1334.8700374317168,-69.26612800096127,-69.26612800096127
1334.880037431717,-69.26400777762477,-69.26400777762477
1334.890037431717,-69.26190000101246,-69.26190000101246
1334.900037431717,-69.25980491092217,-69.25980491092217
1334.910037431717,-69.25772274327515,-69.25772274327515
1334.920037431717,-69.25565373016212,-69.25565373016212
1334.930037431717,-69.25359809985265,-69.25359809985265
1334.940037431717,-69.2515560768318,-69.2515560768318
1334.950037431717,-69.24952788180661,-69.24952788180661
1334.960037431717,-69.24751373175503,-69.24751373175503
1334.970037431717,-69.24551383993962,-69.24551383993962
1334.980037431717,-69.24352841593557,-69.24352841593557
1334.990037431717,-69.2415576656579,-69.2415576656579
1335.000037431717,-69.23960179139283,-69.23960179139283
1335.010037431717,-69.23766099181792,-69.23766099181792
1335.020037431717,-69.23573546203305,-69.23573546203305
1335.030037431717,-69.23382539357843,-69.23382539357843
1335.0400374317169,-69.2319309744902,-69.2319309744902
1335.0500374317169,-69.23005238930166,-69.23005238930166
1335.0600374317169,-69.22818981908034,-69.22818981908034
1335.0700374317169,-69.22634344145551,-69.22634344145551
1335.0800374317168,-69.22451343065104,-69.22451343065104
1335.0900374317168,-69.22269995752231,-69.22269995752231
1335.1000374317168,-69.22090318956458,-69.22090318956458
1335.1100374317168,-69.21912329097007,-69.21912329097007
1335.1200374317168,-69.21736042264678,-69.21736042264678
1335.130037431717,-69.2156147422371,-69.2156147422371
1335.140037431717,-69.21388640416488,-69.21388640416488
1335.150037431717,-69.2121755596708,-69.2121755596708
1335.160037431717,-69.21048235682991,-69.21048235682991
1335.170037431717,-69.20880694059333,-69.20880694059333
1335.180037431717,-69.20714945280338,-69.20714945280338
1335.190037431717,-69.20551003225886,-69.20551003225886
1335.200037431717,-69.2038888147105,-69.2038888147105
1335.210037431717,-69.20228593292293,-69.20228593292293
1335.220037431717,-69.20070151668268,-69.20070151668268
1335.230037431717,-69.19913569286003,-69.19913569286003
1335.240037431717,-69.19758858539763,-69.19758858539763
1335.250037431717,-69.19606031539108,-69.19606031539108
1335.260037431717,-69.19455100109339,-69.19455100109339
1335.270037431717,-69.19306075795535,-69.19306075795535
1335.280037431717,-69.19158969865504,-69.19158969865504
1335.2900374317169,-69.19013793313795,-69.19013793313795
1335.3000374317169,-69.18870556862733,-69.18870556862733
1335.3100374317169,-69.18729270969436,-69.18729270969436
1335.3200374317169,-69.18589945825502,-69.18589945825502
1335.3300374317168,-69.18452591362649,-69.18452591362649
1335.3400374317168,-69.1831721725444,-69.1831721725444
1335.3500374555588,-69.18183832603057,-69.18183832603057
1335.3600374555588,-69.18052447215705,-69.18052447215705
1335.3700374555588,-69.17923069690708,-69.17923069690708
1335.3800374555587,-69.17795708702553,-69.17795708702553
1335.3900374555587,-69.17670372684303,-69.17670372684303
1335.4000374555587,-69.17547069831483,-69.17547069831483
1335.4100374555587,-69.17425808103191,-69.17425808103191
1335.4200374555587,-69.17306595226582,-69.17306595226582
1335.4300374555587,-69.17189438699279,-69.17189438699279
1335.4400374555587,-69.1707434579288,-69.1707434579288
1335.4500374555587,-69.16961323556336,-69.16961323556336
1335.4600374555587,-69.1685037881628,-69.1685037881628
1335.4700374555587,-69.16741518184833,-69.16741518184833
1335.4800374555589,-69.16634748058911,-69.16634748058911
1335.4900374555589,-69.16530074623418,-69.16530074623418
1335.5000374555589,-69.16427503856437,-69.16427503856437
1335.5100374555589,-69.16327041529414,-69.16327041529414
1335.5200374555588,-69.16228693211639,-69.16228693211639
1335.5300374555588,-69.16132464272931,-69.16132464272931
1335.5400374555588,-69.16038359885978,-69.16038359885978
1335.5500374555588,-69.15946385029797,-69.15946385029797
1335.5600374555588,-69.15856544491872,-69.15856544491872
1335.5700374555588,-69.15768842871057,-69.15768842871057
1335.5800374555588,-69.1568328458114,-69.1568328458114
1335.5900374555588,-69.1559987385285,-69.1559987385285
1335.6000374555588,-69.15518614734576,-69.15518614734576
1335.6100374555588,-69.15439511099477,-69.15439511099477
1335.6200374555588,-69.1536256664466,-69.1536256664466
1335.6300374555587,-69.15287784894038,-69.15287784894038
1335.6400374555587,-69.15215169201474,-69.15215169201474
1335.6500374555587,-69.15144722754977,-69.15144722754977
1335.6600374555587,-69.15076448576156,-69.15076448576156
1335.6700374555587,-69.15010349525082,-69.15010349525082
1335.6800374555587,-69.14946428300644,-69.14946428300644
1335.6900374555587,-69.14884687445657,-69.14884687445657
1335.7000374555587,-69.14825129347811,-69.14825129347811
1335.7100374555587,-69.14767756240158,-69.14767756240158
1335.7200374555587,-69.14712570206507,-69.14712570206507
1335.7300374555589,-69.14659573183151,-69.14659573183151
1335.7400374555589,-69.146087669601,-69.146087669601
1335.7500374555589,-69.14560153183233,-69.14560153183233
1335.7600374555589,-69.14513733357299,-69.14513733357299
1335.7700374555588,-69.14469508848835,-69.14469508848835
1335.7800374555588,-69.14427480886438,-69.14427480886438
1335.7900374555588,-69.14387650564088,-69.14387650564088
1335.8000374555588,-69.14350018844617,-69.14350018844617
1335.8100374555588,-69.14314586558021,-69.14314586558021
1335.8200374555588,-69.1428135440678,-69.1428135440678
1335.8300374555588,-69.14250322967885,-69.14250322967885
1335.8400374555588,-69.14221492693066,-69.14221492693066
1335.8500374555588,-69.14194863911695,-69.14194863911695
1335.8600374555588,-69.14170436833051,-69.14170436833051
1335.8700374555588,-69.14148211548152,-69.14148211548152
1335.8800374555587,-69.14128188031195,-69.14128188031195
1335.8900374555587,-69.14110366141442,-69.14110366141442
1335.9000374555587,-69.14094745626086,-69.14094745626086
1335.9100374555587,-69.14081326121195,-69.14081326121195
1335.9200374555587,-69.14070107153816,-69.14070107153816
1335.9300374555587,-69.140610881435,-69.140610881435
1335.9400374555587,-69.14054268404797,-69.14054268404797
1335.9500374555587,-69.14049647147472,-69.14049647147472
1335.9600374555587,-69.14047223481529,-69.14047223481529
1335.9700374555587,-69.14046996414358,-69.14046996414358
1335.9800374555589,-69.1404896485588,-69.1404896485588
1335.9900374555589,-69.1405312761872,-69.1405312761872
1336.0000374555589,-69.1405948342019,-69.1405948342019
1336.0100374555589,-69.1406803088493,-69.1406803088493
1336.0200374555588,-69.14078768544182,-69.14078768544182
1336.0300374555588,-69.1409169483878,-69.1409169483878
1336.0400374555588,-69.14106808121633,-69.14106808121633
1336.0500374555588,-69.14124106656988,-69.14124106656988
1336.0600374555588,-69.14143588623864,-69.14143588623864
1336.0700374555588,-69.14165252117414,-69.14165252117414
1336.0800374555588,-69.1418909514953,-69.1418909514953
1336.0900374555588,-69.14215115649161,-69.14215115649161
1336.1000374555588,-69.14243311466906,-69.14243311466906
1336.1100374555588,-69.14273680373775,-69.14273680373775
1336.1200374555588,-69.14306220064032,-69.14306220064032
1336.1300374555587,-69.14340928155855,-69.14340928155855
1336.1400374555587,-69.14377802192632,-69.14377802192632
1336.1500374555587,-69.14416839643637,-69.14416839643637
1336.1600374555587,-69.14458037908389,-69.14458037908389
1336.1700374555587,-69.14501394314121,-69.14501394314121
1336.1800374555587,-69.14546906118953,-69.14546906118953
1336.1900374555587,-69.14594570512574,-69.14594570512574
1336.2000374794006,-69.14644384738705,-69.14644384738705
1336.2100374794006,-69.14696345621869,-69.14696345621869
1336.2200374794006,-69.14750450268075,-69.14750450268075
1336.2300374794006,-69.14806695607179,-69.14806695607179
1336.2400374794006,-69.14865078506357,-69.14865078506357
1336.2500374794006,-69.14925595772957,-69.14925595772957
1336.2600374794006,-69.14988244153415,-69.14988244153415
1336.2700374794006,-69.15053020336539,-69.15053020336539
1336.2800374794006,-69.15119920952631,-69.15119920952631
1336.2900374794006,-69.15188942575818,-69.15188942575818
1336.3000374794005,-69.15260081724382,-69.15260081724382
1336.3100374794005,-69.15333334862605,-69.15333334862605
1336.3200374794005,-69.15408698401048,-69.15408698401048
1336.3300374794007,-69.1548616869802,-69.1548616869802
1336.3400374794007,-69.15565742061608,-69.15565742061608
1336.3500374794007,-69.15647414747276,-69.15647414747276
1336.3600374794007,-69.15731182963343,-69.15731182963343
1336.3700374794007,-69.15817042867673,-69.15817042867673
1336.3800374794007,-69.15904990572116,-69.15904990572116
1336.3900374794007,-69.15995022141692,-69.15995022141692
1336.4000374794007,-69.16087133595406,-69.16087133595406
1336.4100374794007,-69.16181320908416,-69.16181320908416
1336.4200374794007,-69.16277580011906,-69.16277580011906
1336.4300374794007,-69.16375906793027,-69.16375906793027
1336.4400374794006,-69.16476297098195,-69.16476297098195
1336.4500374794006,-69.16578746731511,-69.16578746731511
1336.4600374794006,-69.16683251457283,-69.16683251457283
1336.4700374794006,-69.16789807001314,-69.16789807001314
1336.4800374794006,-69.16898409048528,-69.16898409048528
1336.4900374794006,-69.17009053248064,-69.17009053248064
1336.5000374794006,-69.17121735210895,-69.17121735210895
1336.5100374794006,-69.17236450511263,-69.17236450511263
1336.5200374794006,-69.17353194688876,-69.17353194688876
1336.5300374794006,-69.17471963248815,-69.17471963248815
1336.5400374794006,-69.17592751660969,-69.17592751660969
1336.5500374794005,-69.17715555363066,-69.17715555363066
1336.5600374794005,-69.17840369759058,-69.17840369759058
1336.5700374794005,-69.1796719022228,-69.1796719022228
1336.5800374794007,-69.18096012094219,-69.18096012094219
1336.5900374794007,-69.18226830686126,-69.18226830686126
1336.6000374794007,-69.18359641279277,-69.18359641279277
1336.6100374794007,-69.18494439126623,-69.18494439126623
1336.6200374794007,-69.18631219451483,-69.18631219451483
1336.6300374794007,-69.18769977449934,-69.18769977449934
1336.6400374794007,-69.18910708290929,-69.18910708290929
1336.6500374794007,-69.19053407117664,-69.19053407117664
1336.6600374794007,-69.19198069046985,-69.19198069046985
1336.6700374794007,-69.1934468916983,-69.1934468916983
1336.6800374794007,-69.19493262552433,-69.19493262552433
1336.6900374794006,-69.19643784238725,-69.19643784238725
1336.7000374794006,-69.19796249246679,-69.19796249246679
1336.7100374794006,-69.19950652573746,-69.19950652573746
1336.7200374794006,-69.20106989193603,-69.20106989193603
1336.7300374794006,-69.20265254058341,-69.20265254058341
1336.7400374794006,-69.20425442099597,-69.20425442099597
1336.7500374794006,-69.20587548227958,-69.20587548227958
1336.7600374794006,-69.2075156733329,-69.2075156733329
1336.7700374794006,-69.20917494286772,-69.20917494286772
1336.7800374794006,-69.21085323940238,-69.21085323940238
1336.7900374794006,-69.21255051127055,-69.21255051127055
1336.8000374794005,-69.21426670662471,-69.21426670662471
1336.8100374794005,-69.21600177343585,-69.21600177343585
1336.8200374794005,-69.21775565951651,-69.21775565951651
1336.8300374794007,-69.21952831250738,-69.21952831250738
1336.8400374794007,-69.22131967988413,-69.22131967988413
1336.8500374794007,-69.22312970897671,-69.22312970897671
1336.8600374794007,-69.22495834695388,-69.22495834695388
1336.8700374794007,-69.22680554084738,-69.22680554084738
1336.8800374794007,-69.22867123753372,-69.22867123753372
1336.8900374794007,-69.23055538375601,-69.23055538375601
1336.9000374794007,-69.23245792613457,-69.23245792613457
1336.9100374794007,-69.23437881114705,-69.23437881114705
1336.9200374794007,-69.23631798514467,-69.23631798514467
1336.9300374794007,-69.23827539437441,-69.23827539437441
1336.9400374794006,-69.24025098494491,-69.24025098494491
1336.9500374794006,-69.24224470286609,-69.24224470286609
1336.9600374794006,-69.24425046000009,-69.24425046000009
1336.9700374794006,-69.24626556194002,-69.24626556194002
1336.9800374794006,-69.24828867169944,-69.24828867169944
1336.9900374794006,-69.25031908112624,-69.25031908112624
1337.0000374794006,-69.25235643264392,-69.25235643264392
1337.0100374794006,-69.25440057453454,-69.25440057453454
1337.0200374794006,-69.256451476026,-69.256451476026
1337.0300374794006,-69.25850917622498,-69.25850917622498
1337.0400374794006,-69.26057375336207,-69.26057375336207
1337.0500375032425,-69.26264531127133,-69.26264531127133
1337.0600375032425,-69.26472394865155,-69.26472394865155
1337.0700375032425,-69.26680978216247,-69.26680978216247
1337.0800375032425,-69.26890292306271,-69.26890292306271
1337.0900375032425,-69.27100348006944,-69.27100348006944
1337.1000375032424,-69.27311155838278,-69.27311155838278
1337.1100375032424,-69.27522725928308,-69.27522725928308
1337.1200375032424,-69.27735068009636,-69.27735068009636
1337.1300375032424,-69.27948191433487,-69.27948191433487
1337.1400375032424,-69.28162105195756,-69.28162105195756
1337.1500375032424,-69.28376817966863,-69.28376817966863
1337.1600375032424,-69.28592338119847,-69.28592338119847
1337.1700375032424,-69.2880867376161,-69.2880867376161
1337.1800375032426,-69.29025832756486,-69.29025832756486
1337.1900375032426,-69.29243822752733,-69.29243822752733
1337.2000375032426,-69.29462651199741,-69.29462651199741
1337.2100375032426,-69.29682325369649,-69.29682325369649
1337.2200375032426,-69.29902852371143,-69.29902852371143
1337.2300375032426,-69.30124239163008,-69.30124239163008
1337.2400375032425,-69.30346492564631,-69.30346492564631
1337.2500375032425,-69.30569619266801,-69.30569619266801
1337.2600375032425,-69.30793625838717,-69.30793625838717
1337.2700375032425,-69.31018518733491,-69.31018518733491
1337.2800375032425,-69.31244304295859,-69.31244304295859
1337.2900375032425,-69.3147098876374,-69.3147098876374
1337.3000375032425,-69.31698578275062,-69.31698578275062
1337.3100375032425,-69.3192707886723,-69.3192707886723
1337.3200375032425,-69.32156496480492,-69.32156496480492
1337.3300375032425,-69.32386836961712,-69.32386836961712
1337.3400375032425,-69.32618106062634,-69.32618106062634
1337.3500375032424,-69.32850309443478,-69.32850309443478
1337.3600375032424,-69.33083452671079,-69.33083452671079
1337.3700375032424,-69.33317541221133,-69.33317541221133
1337.3800375032424,-69.33552580479068,-69.33552580479068
1337.3900375032424,-69.33788575737476,-69.33788575737476
1337.4000375032424,-69.34025532199504,-69.34025532199504
1337.4100375032424,-69.34263454975641,-69.34263454975641
1337.4200375032424,-69.34502349086486,-69.34502349086486
1337.4300375032426,-69.34742219459966,-69.34742219459966
1337.4400375032426,-69.34983070933609,-69.34983070933609
1337.4500375032426,-69.35224908250726,-69.35224908250726
1337.4600375032426,-69.35467736064429,-69.35467736064429
1337.4700375032426,-69.35711558934655,-69.35711558934655
1337.4800375032426,-69.35956381330026,-69.35956381330026
1337.4900375032425,-69.36202207623013,-69.36202207623013
1337.5000375032425,-69.36449042096382,-69.36449042096382
1337.5100375032425,-69.36696888937476,-69.36696888937476
1337.5200375032425,-69.36945752242073,-69.36945752242073
1337.5300375032425,-69.3719563601081,-69.3719563601081
1337.5400375032425,-69.37446544152269,-69.37446544152269
1337.5500375032425,-69.3769848047957,-69.3769848047957
1337.5600375032425,-69.37951448713994,-69.37951448713994
1337.5700375032425,-69.38205452482529,-69.38205452482529
1337.5800375032425,-69.38460495318282,-69.38460495318282
1337.5900375032425,-69.38716580662539,-69.38716580662539
1337.6000375032424,-69.38973711862523,-69.38973711862523
1337.6100375032424,-69.39231892171699,-69.39231892171699
1337.6200375032424,-69.39491124751945,-69.39491124751945
1337.6300375032424,-69.39751412672356,-69.39751412672356
1337.6400375032424,-69.40012758909843,-69.40012758909843
1337.6500375032424,-69.4027516634924,-69.4027516634924
1337.6600375032424,-69.4053863778407,-69.4053863778407
1337.6700375032424,-69.40803175916736,-69.40803175916736
1337.6800375032426,-69.41068783359366,-69.41068783359366
1337.6900375032426,-69.41335462633786,-69.41335462633786
1337.7000375032426,-69.41603216171444,-69.41603216171444
1337.7100375032426,-69.4187144131196,-69.4187144131196
1337.7200375032426,-69.42139875510155,-69.42139875510155
1337.7300375032426,-69.4240839220003,-69.4240839220003
1337.7400375032425,-69.42676927761472,-69.42676927761472
1337.7500375032425,-69.42945453627888,-69.42945453627888
1337.7600375032425,-69.43213961788105,-69.43213961788105
1337.7700375032425,-69.43482456278414,-69.43482456278414
1337.7800375032425,-69.43750948069132,-69.43750948069132
1337.7900375032425,-69.44019451985226,-69.44019451985226
1337.8000375032425,-69.44287984856724,-69.44287984856724
1337.8100375032425,-69.44556564420054,-69.44556564420054
1337.8200375032425,-69.44825208668294,-69.44825208668294
1337.8300375032425,-69.45093935482197,-69.45093935482197
1337.8400375032425,-69.45362762426772,-69.45362762426772
1337.8500375032424,-69.45631706651993,-69.45631706651993
1337.8600375032424,-69.4590078485238,-69.4590078485238
1337.8700375032424,-69.46170013263682,-69.46170013263682
1337.8800375032424,-69.46439407676557,-69.46439407676557
1337.8900375032424,-69.46708983463228,-69.46708983463228
1337.9000375270844,-69.46978756248721,-69.46978756248721
1337.9100375270843,-69.4724873936984,-69.4724873936984
1337.9200375270843,-69.47518947759882,-69.47518947759882
1337.9300375270843,-69.47789395404408,-69.47789395404408
1337.9400375270843,-69.48060096008003,-69.48060096008003
1337.9500375270843,-69.48331063015176,-69.48331063015176
1337.9600375270843,-69.48602309628731,-69.48602309628731
1337.9700375270843,-69.4887384882513,-69.4887384882513
1337.9800375270843,-69.49145693366768,-69.49145693366768
1337.9900375270843,-69.4941785581677,-69.4941785581677
1338.0000375270843,-69.49690348545924,-69.49690348545924
1338.0100375270843,-69.49963183741853,-69.49963183741853
1338.0200375270842,-69.50236373414666,-69.50236373414666
1338.0300375270845,-69.50509929404664,-69.50509929404664
1338.0400375270845,-69.50783863385874,-69.50783863385874
1338.0500375270844,-69.5105818686967,-69.5105818686967
1338.0600375270844,-69.51332911208776,-69.51332911208776
1338.0700375270844,-69.51608047599774,-69.51608047599774
1338.0800375270844,-69.51883607085455,-69.51883607085455
1338.0900375270844,-69.52159600555342,-69.52159600555342
1338.1000375270844,-69.52436038749687,-69.52436038749687
1338.1100375270844,-69.52712932257934,-69.52712932257934
1338.1200375270844,-69.52990291521441,-69.52990291521441
1338.1300375270844,-69.53268126834249,-69.53268126834249
1338.1400375270844,-69.53546448342247,-69.53546448342247
1338.1500375270844,-69.53825266045119,-69.53825266045119
1338.1600375270843,-69.54104589796262,-69.54104589796262
1338.1700375270843,-69.54384429303953,-69.54384429303953
1338.1800375270843,-69.54664794129451,-69.54664794129451
1338.1900375270843,-69.54945693690199,-69.54945693690199
1338.2000375270843,-69.55227137258933,-69.55227137258933
1338.2100375270843,-69.55509133962163,-69.55509133962163
1338.2200375270843,-69.55791692785233,-69.55791692785233
1338.2300375270843,-69.56074822566036,-69.56074822566036
1338.2400375270843,-69.5635853200106,-69.5635853200106
1338.2500375270843,-69.56642829643232,-69.56642829643232
1338.2600375270843,-69.56927723901303,-69.56927723901303
1338.2700375270842,-69.57213223042972,-69.57213223042972
1338.2800375270845,-69.57499335193363,-69.57499335193363
1338.2900375270845,-69.57786068336293,-69.57786068336293
1338.3000375270844,-69.5807343031342,-69.5807343031342
1338.3100375270844,-69.58361428827385,-69.58361428827385
1338.3200375270844,-69.5865007143992,-69.5865007143992
1338.3300375270844,-69.58939365573384,-69.58939365573384
1338.3400375270844,-69.59229318511983,-69.59229318511983
1338.3500375270844,-69.59519937401487,-69.59519937401487
1338.3600375270844,-69.59811229250596,-69.59811229250596
1338.3700375270844,-69.60103200930578,-69.60103200930578
1338.3800375270844,-69.60395859177397,-69.60395859177397
1338.3900375270844,-69.60689210592666,-69.60689210592666
1338.4000375270844,-69.6098326164323,-69.6098326164323
1338.4100375270843,-69.61278018662864,-69.61278018662864
1338.4200375270843,-69.61573487852682,-69.61573487852682
1338.4300375270843,-69.6186967528277,-69.6186967528277
1338.4400375270843,-69.62166586891955,-69.62166586891955
1338.4500375270843,-69.62464228491005,-69.62464228491005
1338.4600375270843,-69.62761998932727,-69.62761998932727
1338.4700375270843,-69.63059638150784,-69.63059638150784
1338.4800375270843,-69.63357022411647,-69.63357022411647
1338.4900375270843,-69.63654091061845,-69.63654091061845
1338.5000375270843,-69.63950818557501,-69.63950818557501
1338.5100375270843,-69.64247199927848,-69.64247199927848
1338.5200375270842,-69.64543242244591,-69.64543242244591
1338.5300375270845,-69.64838959498883,-69.64838959498883
1338.5400375270845,-69.65134369514392,-69.65134369514392
1338.5500375270844,-69.6542949209617,-69.6542949209617
1338.5600375270844,-69.65724347926624,-69.65724347926624
1338.5700375270844,-69.66018957919033,-69.66018957919033
1338.5800375270844,-69.66313342843542,-69.66313342843542
1338.5900375270844,-69.66607523129318,-69.66607523129318
1338.6000375270844,-69.6690151875888,-69.6690151875888
1338.6100375270844,-69.6719534923235,-69.6719534923235
1338.6200375270844,-69.67489033562708,-69.67489033562708
1338.6300375270844,-69.67782590289929,-69.67782590289929
1338.6400375270844,-69.6807603750591,-69.6807603750591
1338.6500375270844,-69.68369392886207,-69.68369392886207
1338.6600375270843,-69.68662673717796,-69.68662673717796
1338.6700375270843,-69.68955896929242,-69.68955896929242
1338.6800375270843,-69.69249079117023,-69.69249079117023
1338.6900375270843,-69.69542236568218,-69.69542236568218
1338.7000375270843,-69.69835385283713,-69.69835385283713
1338.7100375270843,-69.70127933562864,-69.70127933562864
1338.7200375270843,-69.70419631025624,-69.70419631025624
1338.7300375270843,-69.70710363651972,-69.70710363651972
1338.7400375270843,-69.71000080464074,-69.71000080464074
1338.7500375509262,-69.71288766222521,-69.71288766222521
1338.7600375509262,-69.71576424129644,-69.71576424129644
1338.7700375509262,-69.71863071435814,-69.71863071435814
1338.7800375509262,-69.72148731550341,-69.72148731550341
1338.7900375509262,-69.72433431650208,-69.72433431650208
1338.8000375509262,-69.72717200830076,-69.72717200830076
1338.8100375509262,-69.73000068998019,-69.73000068998019
1338.8200375509261,-69.73282066233105,-69.73282066233105
1338.8300375509261,-69.735632224095,-69.735632224095
1338.8400375509261,-69.73843566999484,-69.73843566999484
1338.8500375509261,-69.74123128969434,-69.74123128969434
1338.860037550926,-69.74401936742849,-69.74401936742849
1338.870037550926,-69.74680018196058,-69.74680018196058
1338.8800375509263,-69.74957400671262,-69.74957400671262
1338.8900375509263,-69.75234111003155,-69.75234111003155
1338.9000375509263,-69.75510175545845,-69.75510175545845
1338.9100375509263,-69.75785620204766,-69.75785620204766
1338.9200375509263,-69.76060470462131,-69.76060470462131
1338.9300375509263,-69.7633475140578,-69.7633475140578
1338.9400375509263,-69.76608487749449,-69.76608487749449
1338.9500375509263,-69.76881703854424,-69.76881703854424
1338.9600375509262,-69.77154423746829,-69.77154423746829
1338.9700375509262,-69.77426671133388,-69.77426671133388
1338.9800375509262,-69.77698469415304,-69.77698469415304
1338.9900375509262,-69.77969841695511,-69.77969841695511
1339.0000375509262,-69.78240810792553,-69.78240810792553
1339.0100375509262,-69.78511399243672,-69.78511399243672
1339.0200375509262,-69.78781629316323,-69.78781629316323
1339.0300375509262,-69.7905152300844,-69.7905152300844
1339.0400375509262,-69.79321102056159,-69.79321102056159
1339.0500375509262,-69.79590387935825,-69.79590387935825
1339.0600375509262,-69.79859401868477,-69.79859401868477
1339.0700375509261,-69.80128164820837,-69.80128164820837
1339.0800375509261,-69.80396697507776,-69.80396697507776
1339.0900375509261,-69.80665020395426,-69.80665020395426
1339.1000375509261,-69.8093315370043,-69.8093315370043
1339.110037550926,-69.81201117392037,-69.81201117392037
1339.120037550926,-69.81468931192919,-69.81468931192919
1339.1300375509263,-69.8173661458064,-69.8173661458064
1339.1400375509263,-69.8200418678853,-69.8200418678853
1339.1500375509263,-69.82271666804311,-69.82271666804311
1339.1600375509263,-69.82539073373077,-69.82539073373077
1339.1700375509263,-69.82806424997204,-69.82806424997204
1339.1800375509263,-69.83073739936178,-69.83073739936178
1339.1900375509263,-69.83341036209119,-69.83341036209119
1339.2000375509263,-69.83608331593291,-69.83608331593291
1339.2100375509262,-69.83875643624863,-69.83875643624863
1339.2200375509262,-69.84142989601588,-69.84142989601588
1339.2300375509262,-69.84410386581399,-69.84410386581399
1339.2400375509262,-69.84677851383668,-69.84677851383668
1339.2500375509262,-69.84945400591286,-69.84945400591286
1339.2600375509262,-69.85213050550693,-69.85213050550693
1339.2700375509262,-69.85480817371091,-69.85480817371091
1339.2800375509262,-69.85748716929373,-69.85748716929373
1339.2900375509262,-69.86016764866723,-69.86016764866723
1339.3000375509262,-69.86284976592933,-69.86284976592933
1339.3100375509262,-69.86553367286744,-69.86553367286744
1339.3200375509261,-69.86821951895861,-69.86821951895861
1339.3300375509261,-69.87090745139594,-69.87090745139594
1339.3400375509261,-69.87359761508816,-69.87359761508816
1339.3500375509261,-69.87629015269155,-69.87629015269155
1339.360037550926,-69.87898520460809,-69.87898520460809
1339.370037550926,-69.88168290900151,-69.88168290900151
1339.3800375509263,-69.88438340182051,-69.88438340182051
1339.3900375509263,-69.8870868168096,-69.8870868168096
1339.4000375509263,-69.88979328551856,-69.88979328551856
1339.4100375509263,-69.8925029373297,-69.8925029373297
1339.4200375509263,-69.89521589946794,-69.89521589946794
1339.4300375509263,-69.89793229702073,-69.89793229702073
1339.4400375509263,-69.90065225294724,-69.90065225294724
1339.4500375509263,-69.90337588810873,-69.90337588810873
1339.4600375509262,-69.90609723027592,-69.90609723027592
1339.4700375509262,-69.90881373102086,-69.90881373102086
1339.4800375509262,-69.91152420972634,-69.91152420972634
1339.4900375509262,-69.91422811813716,-69.91422811813716
1339.5000375509262,-69.91692525956825,-69.91692525956825
1339.5100375509262,-69.91961564299325,-69.91961564299325
1339.5200375509262,-69.92229939745144,-69.92229939745144
1339.5300375509262,-69.92497672061802,-69.92497672061802
1339.5400375509262,-69.92764784783603,-69.92764784783603
1339.5500375509262,-69.93031303357225,-69.93031303357225
1339.5600375509262,-69.93297254034093,-69.93297254034093
1339.5700375509261,-69.93562663222097,-69.93562663222097
1339.5800375509261,-69.93827557111969,-69.93827557111969
1339.5900375509261,-69.94091961480095,-69.94091961480095
1339.600037574768,-69.94355902212298,-69.94355902212298
1339.610037574768,-69.94619402752727,-69.94619402752727
1339.620037574768,-69.94882487874645,-69.94882487874645
1339.630037574768,-69.95145181178428,-69.95145181178428
1339.640037574768,-69.95407505748135,-69.95407505748135
1339.650037574768,-69.956694841822,-69.956694841822
1339.660037574768,-69.95931138622693,-69.95931138622693
1339.670037574768,-69.9619249078692,-69.9619249078692
1339.680037574768,-69.96453561993735,-69.96453561993735
1339.690037574768,-69.96714373189876,-69.96714373189876
1339.700037574768,-69.96974944969628,-69.96974944969628
1339.710037574768,-69.97235297596914,-69.97235297596914
1339.720037574768,-69.97495451019257,-69.97495451019257
1339.7300375747682,-69.97755424884873,-69.97755424884873
1339.7400375747682,-69.98015238552745,-69.98015238552745
1339.7500375747682,-69.98274911104501,-69.98274911104501
1339.7600375747681,-69.98534461353499,-69.98534461353499
1339.7700375747681,-69.98793907852411,-69.98793907852411
1339.7800375747681,-69.99053268901721,-69.99053268901721
1339.7900375747681,-69.99312562551475,-69.99312562551475
1339.800037574768,-69.99571806609818,-69.99571806609818
1339.810037574768,-69.99831018646212,-69.99831018646212
1339.820037574768,-70.00090215993022,-70.00090215993022
1339.830037574768,-70.00349415752524,-70.00349415752524
1339.840037574768,-70.00608634795228,-70.00608634795228
1339.850037574768,-70.00867889766178,-70.00867889766178
1339.860037574768,-70.01127197084504,-70.01127197084504
1339.870037574768,-70.01386572946977,-70.01386572946977
1339.880037574768,-70.01646033327324,-70.01646033327324
1339.890037574768,-70.01905593981036,-70.01905593981036
1339.900037574768,-70.02165270443963,-70.02165270443963
1339.910037574768,-70.02425078035414,-70.02425078035414
1339.920037574768,-70.0268503185811,-70.0268503185811
1339.930037574768,-70.02945146799986,-70.02945146799986
1339.940037574768,-70.03205437536836,-70.03205437536836
1339.950037574768,-70.03465918530146,-70.03465918530146
1339.960037574768,-70.03725993850577,-70.03725993850577
1339.970037574768,-70.03985410600029,-70.03985410600029
1339.9800375747682,-70.04244052910467,-70.04244052910467
1339.9900375747682,-70.04501868259526,-70.04501868259526
1340.0000375747682,-70.04758839336,-70.04758839336
1340.0100375747681,-70.05014969424012,-70.05014969424012
1340.0200375747681,-70.05270273824404,-70.05270273824404
1340.0300375747681,-70.05524774704477,-70.05524774704477
1340.0400375747681,-70.05778497994925,-70.05778497994925
1340.050037574768,-70.06031471530582,-70.06031471530582
1340.060037574768,-70.06283723940834,-70.06283723940834
1340.070037574768,-70.06535283999182,-70.06535283999182
1340.080037574768,-70.06786180252566,-70.06786180252566
1340.090037574768,-70.07036440816131,-70.07036440816131
1340.100037574768,-70.0728609327332,-70.0728609327332
1340.110037574768,-70.0753516463938,-70.0753516463938
1340.120037574768,-70.07783681353564,-70.07783681353564
1340.130037574768,-70.08031669299062,-70.08031669299062
1340.140037574768,-70.0827915382572,-70.0827915382572
1340.150037574768,-70.08526159781317,-70.08526159781317
1340.160037574768,-70.08772711541845,-70.08772711541845
1340.170037574768,-70.0901883304173,-70.0901883304173
1340.180037574768,-70.09264547800475,-70.09264547800475
1340.190037574768,-70.09509878947922,-70.09509878947922
1340.200037574768,-70.09754849244244,-70.09754849244244
1340.210037574768,-70.0999948110097,-70.0999948110097
1340.220037574768,-70.10243796595802,-70.10243796595802
1340.2300375747682,-70.1048781748785,-70.1048781748785
1340.2400375747682,-70.10731565231063,-70.10731565231063
1340.2500375747682,-70.1097506098157,-70.1097506098157
1340.2600375747681,-70.11218325610352,-70.11218325610352
1340.2700375747681,-70.1146137970686,-70.1146137970686
1340.2800375747681,-70.11704243589412,-70.11704243589412
1340.2900375747681,-70.11946937307627,-70.11946937307627
1340.300037574768,-70.12189480649751,-70.12189480649751
1340.310037574768,-70.1243189314468,-70.1243189314468
1340.320037574768,-70.12674194067202,-70.12674194067202
1340.330037574768,-70.12916402439348,-70.12916402439348
1340.340037574768,-70.13158537034741,-70.13158537034741
1340.350037574768,-70.13400616379096,-70.13400616379096
1340.360037574768,-70.13642658754678,-70.13642658754678
1340.370037574768,-70.13884682198595,-70.13884682198595
1340.380037574768,-70.14126704507939,-70.14126704507939
1340.390037574768,-70.14368743240041,-70.14368743240041
1340.400037574768,-70.14610815713866,-70.14610815713866
1340.410037574768,-70.14852939010612,-70.14852939010612
1340.420037574768,-70.15095129976069,-70.15095129976069
1340.430037574768,-70.15337405221364,-70.15337405221364
1340.440037574768,-70.15579781124809,-70.15579781124809
1340.45003759861,-70.15822274408067,-70.15822274408067
1340.46003759861,-70.16064899832669,-70.16064899832669
1340.47003759861,-70.16307673660097,-70.16307673660097
1340.48003759861,-70.16550611346082,-70.16550611346082
1340.49003759861,-70.16793728119603,-70.16793728119603
1340.5000375986099,-70.17037038984112,-70.17037038984112
1340.5100375986099,-70.17280558717076,-70.17280558717076
1340.5200375986099,-70.17524301872105,-70.17524301872105
1340.5300375986099,-70.17768282781812,-70.17768282781812
1340.5400375986098,-70.18012515557298,-70.18012515557298
1340.5500375986098,-70.18257014090433,-70.18257014090433
1340.5600375986098,-70.18501792054018,-70.18501792054018
1340.5700375986098,-70.18746862906158,-70.18746862906158
1340.58003759861,-70.18992239887496,-70.18992239887496
1340.59003759861,-70.19237936027028,-70.19237936027028
1340.60003759861,-70.1948396414018,-70.1948396414018
1340.61003759861,-70.19730336833157,-70.19730336833157
1340.62003759861,-70.19977066502203,-70.19977066502203
1340.63003759861,-70.20224165336892,-70.20224165336892
1340.64003759861,-70.20471645320256,-70.20471645320256
1340.65003759861,-70.20719518232923,-70.20719518232923
1340.66003759861,-70.20967795651855,-70.20967795651855
1340.67003759861,-70.21207786924856,-70.21207786924856
1340.68003759861,-70.21436088556466,-70.21436088556466
1340.69003759861,-70.21651275363945,-70.21651275363945
1340.70003759861,-70.21852769995027,-70.21852769995027
1340.71003759861,-70.22039827241672,-70.22039827241672
1340.72003759861,-70.22212298731746,-70.22212298731746
1340.73003759861,-70.22370318864812,-70.22370318864812
1340.74003759861,-70.22514166201452,-70.22514166201452
1340.7500375986099,-70.22644195527612,-70.22644195527612
1340.7600375986099,-70.2276079887706,-70.2276079887706
1340.7700375986099,-70.22864382255958,-70.22864382255958
1340.7800375986099,-70.22955351861538,-70.22955351861538
1340.7900375986098,-70.23034106162756,-70.23034106162756
1340.8000375986098,-70.23101031587247,-70.23101031587247
1340.8100375986098,-70.23156500410691,-70.23156500410691
1340.8200375986098,-70.23200869978885,-70.23200869978885
1340.83003759861,-70.23234482712408,-70.23234482712408
1340.84003759861,-70.23257666561715,-70.23257666561715
1340.85003759861,-70.23270735693384,-70.23270735693384
1340.86003759861,-70.23273991293274,-70.23273991293274
1340.87003759861,-70.2326772239441,-70.2326772239441
1340.88003759861,-70.23252206698416,-70.23252206698416
1340.89003759861,-70.23227711357461,-70.23227711357461
1340.90003759861,-70.23194493706613,-70.23194493706613
1340.91003759861,-70.23152801939757,-70.23152801939757
1340.92003759861,-70.2310287573229,-70.2310287573229
1340.93003759861,-70.23044946808376,-70.23044946808376
1340.94003759861,-70.22979239459862,-70.22979239459862
1340.95003759861,-70.22905971016118,-70.22905971016118
1340.96003759861,-70.22825352272059,-70.22825352272059
1340.97003759861,-70.22737587879188,-70.22737587879188
1340.98003759861,-70.22642876700452,-70.22642876700452
1340.99003759861,-70.22541412131358,-70.22541412131358
1341.0000375986099,-70.22433382398268,-70.22433382398268
1341.0100375986099,-70.22318970825113,-70.22318970825113
1341.0200375986099,-70.2219835608293,-70.2219835608293
1341.0300375986099,-70.2207171241432,-70.2207171241432
1341.0400375986098,-70.2193920984152,-70.2193920984152
1341.0500375986098,-70.21801014356967,-70.21801014356967
1341.0600375986098,-70.2165728809969,-70.2165728809969
1341.0700375986098,-70.21508189517432,-70.21508189517432
1341.08003759861,-70.21353873514691,-70.21353873514691
1341.09003759861,-70.2119449159499,-70.2119449159499
1341.10003759861,-70.21030191985331,-70.21030191985331
1341.11003759861,-70.20861119758892,-70.20861119758892
1341.12003759861,-70.2068741694438,-70.2068741694438
1341.13003759861,-70.20509222629295,-70.20509222629295
1341.14003759861,-70.20326673057812,-70.20326673057812
1341.15003759861,-70.20139901719688,-70.20139901719688
1341.16003759861,-70.19949039435414,-70.19949039435414
1341.17003759861,-70.19754214436982,-70.19754214436982
1341.18003759861,-70.19555552439833,-70.19555552439833
1341.19003759861,-70.19353176715398,-70.19353176715398
1341.20003759861,-70.19147208155825,-70.19147208155825
1341.21003759861,-70.18937765338178,-70.18937765338178
1341.22003759861,-70.18724964582191,-70.18724964582191
1341.23003759861,-70.18508920007777,-70.18508920007777
1341.24003759861,-70.18289743587337,-70.18289743587337
1341.2500375986099,-70.1806754519793,-70.1806754519793
1341.2600375986099,-70.1784243266831,-70.1784243266831
1341.2700375986099,-70.17614511826577,-70.17614511826577
1341.2800375986099,-70.17383886542447,-70.17383886542447
1341.2900375986098,-70.17150658771551,-70.17150658771551
1341.3000376224518,-70.169149280329,-70.169149280329
1341.3100376224518,-70.1667679368344,-70.1667679368344
1341.3200376224518,-70.16436351627502,-70.16436351627502
1341.3300376224518,-70.16193696548925,-70.16193696548925
1341.3400376224517,-70.15948921405536,-70.15948921405536
1341.3500376224517,-70.15702117465713,-70.15702117465713
1341.3600376224517,-70.15453374333788,-70.15453374333788
1341.3700376224517,-70.15202779987078,-70.15202779987078
1341.3800376224517,-70.14950420804394,-70.14950420804394
1341.3900376224517,-70.14696381594734,-70.14696381594734
1341.4000376224517,-70.14440745627635,-70.14440745627635
1341.4100376224517,-70.14183594659704,-70.14183594659704
1341.4200376224517,-70.13925008962781,-70.13925008962781
1341.430037622452,-70.13665067349827,-70.13665067349827
1341.4400376224519,-70.13403847200756,-70.13403847200756
1341.4500376224519,-70.13141424487833,-70.13141424487833
1341.4600376224519,-70.12877873800223,-70.12877873800223
1341.4700376224519,-70.12613268366566,-70.12613268366566
1341.4800376224518,-70.12347680081285,-70.12347680081285
1341.4900376224518,-70.12081179524174,-70.12081179524174
1341.5000376224518,-70.11813835985627,-70.11813835985627
1341.5100376224518,-70.11545717486071,-70.11545717486071
1341.5200376224518,-70.11276890798852,-70.11276890798852
1341.5300376224518,-70.11007421470731,-70.11007421470731
1341.5400376224518,-70.1073737384384,-70.1073737384384
1341.5500376224518,-70.10466811072116,-70.10466811072116
1341.5600376224518,-70.10195795145398,-70.10195795145398
1341.5700376224518,-70.0992438690616,-70.0992438690616
1341.5800376224518,-70.09652646070367,-70.09652646070367
1341.5900376224517,-70.09380631244395,-70.09380631244395
1341.6000376224517,-70.09108399943234,-70.09108399943234
1341.6100376224517,-70.08836008611424,-70.08836008611424
1341.6200376224517,-70.08563512636073,-70.08563512636073
1341.6300376224517,-70.08290966367859,-70.08290966367859
1341.6400376224517,-70.08018423137928,-70.08018423137928
1341.6500376224517,-70.0774593527215,-70.0774593527215
1341.6600376224517,-70.07473554110719,-70.07473554110719
1341.6700376224517,-70.07201330021606,-70.07201330021606
1341.680037622452,-70.06929312417856,-70.06929312417856
1341.6900376224519,-70.0665754977316,-70.0665754977316
1341.7000376224519,-70.06386089637057,-70.06386089637057
1341.7100376224519,-70.06114370172436,-70.06114370172436
1341.7200376224519,-70.05842172359748,-70.05842172359748
1341.7300376224518,-70.05569413409452,-70.05569413409452
1341.7400376224518,-70.05296072980255,-70.05296072980255
1341.7500376224518,-70.0502216508077,-70.0502216508077
1341.7600376224518,-70.04747723500297,-70.04747723500297
1341.7700376224518,-70.04472793282434,-70.04472793282434
1341.7800376224518,-70.04197425606161,-70.04197425606161
1341.7900376224518,-70.0392167471719,-70.0392167471719
1341.8000376224518,-70.03645596093598,-70.03645596093598
1341.8100376224518,-70.03369245361013,-70.03369245361013
1341.8200376224518,-70.03092677662846,-70.03092677662846
1341.8300376224518,-70.02815947304424,-70.02815947304424
1341.8400376224517,-70.02539107569024,-70.02539107569024
1341.8500376224517,-70.02262210632807,-70.02262210632807
1341.8600376224517,-70.01985307539674,-70.01985307539674
1341.8700376224517,-70.01708448211754,-70.01708448211754
1341.8800376224517,-70.01431681476917,-70.01431681476917
1341.8900376224517,-70.01155055108941,-70.01155055108941
1341.9000376224517,-70.00878615867548,-70.00878615867548
1341.9100376224517,-70.0060240954168,-70.0060240954168
1341.9200376224517,-70.00326480989204,-70.00326480989204
1341.930037622452,-70.0005087417462,-70.0005087417462
1341.9400376224519,-69.99775632205298,-69.99775632205298
1341.9500376224519,-69.99500797360776,-69.99500797360776
1341.9600376224519,-69.99225803379503,-69.99225803379503
1341.9700376224519,-69.98950426626963,-69.98950426626963
1341.9800376224518,-69.98674579680988,-69.98674579680988
1341.9900376224518,-69.98398237624595,-69.98398237624595
1342.0000376224518,-69.98121409983274,-69.98121409983274
1342.0100376224518,-69.97844126179227,-69.97844126179227
1342.0200376224518,-69.97566427010571,-69.97566427010571
1342.0300376224518,-69.97288359545976,-69.97288359545976
1342.0400376224518,-69.97009974056888,-69.97009974056888
1342.0500376224518,-69.96731322187634,-69.96731322187634
1342.0600376224518,-69.9645245586884,-69.9645245586884
1342.0700376224518,-69.9617342668703,-69.9617342668703
1342.0800376224518,-69.9589428553085,-69.9589428553085
1342.0900376224517,-69.95615082401646,-69.95615082401646
1342.1000376224517,-69.95335866327936,-69.95335866327936
1342.1100376224517,-69.95056685336324,-69.95056685336324
1342.1200376224517,-69.94777586459576,-69.94777586459576
1342.1300376224517,-69.94498615762147,-69.94498615762147
1342.1400376224517,-69.94219818375157,-69.94219818375157
1342.1500376462936,-69.93941237870617,-69.93941237870617
1342.1600376462936,-69.9366291895421,-69.9366291895421
1342.1700376462936,-69.93384903525792,-69.93384903525792
1342.1800376462936,-69.93107233359176,-69.93107233359176
1342.1900376462936,-69.92829949474515,-69.92829949474515
1342.2000376462936,-69.92553092169364,-69.92553092169364
1342.2100376462936,-69.92276701038053,-69.92276701038053
1342.2200376462936,-69.92000814999435,-69.92000814999435
1342.2300376462936,-69.91725472313229,-69.91725472313229
1342.2400376462936,-69.91450710600587,-69.91450710600587
1342.2500376462935,-69.91176566857605,-69.91176566857605
1342.2600376462935,-69.90903077471121,-69.90903077471121
1342.2700376462935,-69.90630278231372,-69.90630278231372
1342.2800376462937,-69.90358204343855,-69.90358204343855
1342.2900376462937,-69.90086890438559,-69.90086890438559
1342.3000376462937,-69.8981637058075,-69.8981637058075
1342.3100376462937,-69.89546678279078,-69.89546678279078
1342.3200376462937,-69.89277846494518,-69.89277846494518
1342.3300376462937,-69.89009907646552,-69.89009907646552
1342.3400376462937,-69.88742893621853,-69.88742893621853
1342.3500376462937,-69.88476835779578,-69.88476835779578
1342.3600376462937,-69.88211764958578,-69.88211764958578
1342.3700376462937,-69.87947711483294,-69.87947711483294
1342.3800376462937,-69.87684705168878,-69.87684705168878
1342.3900376462936,-69.87422775328729,-69.87422775328729
1342.4000376462936,-69.8716195077709,-69.8716195077709
1342.4100376462936,-69.86902259836305,-69.86902259836305
1342.4200376462936,-69.86643730342664,-69.86643730342664
1342.4300376462936,-69.86386389649728,-69.86386389649728
1342.4400376462936,-69.86130264633313,-69.86130264633313
1342.4500376462936,-69.85875381698459,-69.85875381698459
1342.4600376462936,-69.85621766781271,-69.85621766781271
1342.4700376462936,-69.85369445357414,-69.85369445357414
1342.4800376462936,-69.85118442443132,-69.85118442443132
1342.4900376462936,-69.8486878260292,-69.8486878260292
1342.5000376462935,-69.84620489952935,-69.84620489952935
1342.5100376462935,-69.84373588165673,-69.84373588165673
1342.5200376462935,-69.84128100475824,-69.84128100475824
1342.5300376462937,-69.8388404968254,-69.8388404968254
1342.5400376462937,-69.83641458157625,-69.83641458157625
1342.5500376462937,-69.83400347846694,-69.83400347846694
1342.5600376462937,-69.83160740275457,-69.83160740275457
1342.5700376462937,-69.82922656554358,-69.82922656554358
1342.5800376462937,-69.82686117383305,-69.82686117383305
1342.5900376462937,-69.82451143056493,-69.82451143056493
1342.6000376462937,-69.82217753465822,-69.82217753465822
1342.6100376462937,-69.81985968106322,-69.81985968106322
1342.6200376462937,-69.81755806080653,-69.81755806080653
1342.6300376462937,-69.8152728610365,-69.8152728610365
1342.6400376462936,-69.81300426506215,-69.81300426506215
1342.6500376462936,-69.81075245241792,-69.81075245241792
1342.6600376462936,-69.80851759888633,-69.80851759888633
1342.6700376462936,-69.80629987654855,-69.80629987654855
1342.6800376462936,-69.80409945385179,-69.80409945385179
1342.6900376462936,-69.80191649561185,-69.80191649561185
1342.7000376462936,-69.7997511630952,-69.7997511630952
1342.7100376462936,-69.79760361404988,-69.79760361404988
1342.7200376462936,-69.79547400273535,-69.79547400273535
1342.7300376462936,-69.79336247999689,-69.79336247999689
1342.7400376462936,-69.7912691932796,-69.7912691932796
1342.7500376462935,-69.78919428668485,-69.78919428668485
1342.7600376462935,-69.78713790102024,-69.78713790102024
1342.7700376462935,-69.78510017382658,-69.78510017382658
1342.7800376462937,-69.78308123943846,-69.78308123943846
1342.7900376462937,-69.78108122900277,-69.78108122900277
1342.8000376462937,-69.77910027054612,-69.77910027054612
1342.8100376462937,-69.7771384890005,-69.7771384890005
1342.8200376462937,-69.77519600623941,-69.77519600623941
1342.8300376462937,-69.77327294114417,-69.77327294114417
1342.8400376462937,-69.7713694096278,-69.7713694096278
1342.8500376462937,-69.76948552466011,-69.76948552466011
1342.8600376462937,-69.76762139634205,-69.76762139634205
1342.8700376462937,-69.7657771319152,-69.7657771319152
1342.8800376462937,-69.763952835825,-69.763952835825
1342.8900376462936,-69.76214860973836,-69.76214860973836
1342.9000376462936,-69.76036455259653,-69.76036455259653
1342.9100376462936,-69.75860076064447,-69.75860076064447
1342.9200376462936,-69.7568573274789,-69.7568573274789
1342.9300376462936,-69.75513434407966,-69.75513434407966
1342.9400376462936,-69.75343189884444,-69.75343189884444
1342.9500376462936,-69.75175007763221,-69.75175007763221
1342.9600376462936,-69.75008896380437,-69.75008896380437
1342.9700376462936,-69.74844863823277,-69.74844863823277
1342.9800376462936,-69.74682917937339,-69.74682917937339
1342.9900376462936,-69.74523066327129,-69.74523066327129
1343.0000376701355,-69.74365315986597,-69.74365315986597
1343.0100376701355,-69.74209674810386,-69.74209674810386
1343.0200376701355,-69.7405614932027,-69.7405614932027
1343.0300376701355,-69.73904746198507,-69.73904746198507
1343.0400376701355,-69.73755471902506,-69.73755471902506
1343.0500376701355,-69.73608332671006,-69.73608332671006
1343.0600376701354,-69.7346333452667,-69.7346333452667
1343.0700376701354,-69.73320483279271,-69.73320483279271
1343.0800376701354,-69.73179784528102,-69.73179784528102
1343.0900376701354,-69.7304124366768,-69.7304124366768
1343.1000376701354,-69.72904865887608,-69.72904865887608
1343.1100376701354,-69.72770656178301,-69.72770656178301
1343.1200376701354,-69.72638619331384,-69.72638619331384
1343.1300376701356,-69.72508759946565,-69.72508759946565
1343.1400376701356,-69.72381082430152,-69.72381082430152
1343.1500376701356,-69.72255591001763,-69.72255591001763
1343.1600376701356,-69.72132289695011,-69.72132289695011
1343.1700376701356,-69.7201118236032,-69.7201118236032
1343.1800376701356,-69.71892272670034,-69.71892272670034
1343.1900376701356,-69.71775564118457,-69.71775564118457
1343.2000376701355,-69.7166106002643,-69.7166106002643
1343.2100376701355,-69.71548763542698,-69.71548763542698
1343.2200376701355,-69.71438677647686,-69.71438677647686
1343.2300376701355,-69.71330805155755,-69.71330805155755
1343.2400376701355,-69.71225148718788,-69.71225148718788
1343.2500376701355,-69.71121710825832,-69.71121710825832
1343.2600376701355,-69.71020493809445,-69.71020493809445
1343.2700376701355,-69.70921499846223,-69.70921499846223
1343.2800376701355,-69.70824730959004,-69.70824730959004
1343.2900376701355,-69.70730189018809,-69.70730189018809
1343.3000376701355,-69.70637875750855,-69.70637875750855
1343.3100376701354,-69.7054779273282,-69.7054779273282
1343.3200376701354,-69.70459941399005,-69.70459941399005
1343.3300376701354,-69.70374323041806,-69.70374323041806
1343.3400376701354,-69.70290938815708,-69.70290938815708
1343.3500376701354,-69.70209789737628,-69.70209789737628
1343.3600376701354,-69.70130876690887,-69.70130876690887
1343.3700376701354,-69.70054200424421,-69.70054200424421
1343.3800376701356,-69.6997976155996,-69.6997976155996
1343.3900376701356,-69.69907560589313,-69.69907560589313
1343.4000376701356,-69.69837597879152,-69.69837597879152
1343.4100376701356,-69.69769873671332,-69.69769873671332
1343.4200376701356,-69.69704388087148,-69.69704388087148
1343.4300376701356,-69.69641141127616,-69.69641141127616
1343.4400376701356,-69.69580132675979,-69.69580132675979
1343.4500376701355,-69.69521362500478,-69.69521362500478
1343.4600376701355,-69.69464830254053,-69.69464830254053
1343.4700376701355,-69.69410535479005,-69.69410535479005
1343.4800376701355,-69.69358477607284,-69.69358477607284
1343.4900376701355,-69.69308655962561,-69.69308655962561
1343.5000376701355,-69.69261069762355,-69.69261069762355
1343.5100376701355,-69.69215718119408,-69.69215718119408
1343.5200376701355,-69.6917260004322,-69.6917260004322
1343.5300376701355,-69.6913171444396,-69.6913171444396
1343.5400376701355,-69.69093060131054,-69.69093060131054
1343.5500376701355,-69.69056635816995,-69.69056635816995
1343.5600376701354,-69.69022440117595,-69.69022440117595
1343.5700376701354,-69.68990471555826,-69.68990471555826
1343.5800376701354,-69.68960728560015,-69.68960728560015
1343.5900376701354,-69.68933209470019,-69.68933209470019
1343.6000376701354,-69.68907912534873,-69.68907912534873
1343.6100376701354,-69.68884835916221,-69.68884835916221
1343.6200376701354,-69.68863977688734,-69.68863977688734
1343.6300376701356,-69.68845335842633,-69.68845335842633
1343.6400376701356,-69.68828908285973,-69.68828908285973
1343.6500376701356,-69.6881469284341,-69.6881469284341
1343.6600376701356,-69.68802687260228,-69.68802687260228
1343.6700376701356,-69.68792889202048,-69.68792889202048
1343.6800376701356,-69.68785296257948,-69.68785296257948
1343.6900376701356,-69.68779905940166,-69.68779905940166
1343.7000376701355,-69.68776715686123,-69.68776715686123
1343.7100376701355,-69.68775722860403,-69.68775722860403
1343.7200376701355,-69.68776924755319,-69.68776924755319
1343.7300376701355,-69.68780318591988,-69.68780318591988
1343.7400376701355,-69.68785901522763,-69.68785901522763
1343.7500376701355,-69.68793670631513,-69.68793670631513
1343.7600376701355,-69.68803622934479,-69.68803622934479
1343.7700376701355,-69.6881575538349,-69.6881575538349
1343.7800376701355,-69.68830064865185,-69.68830064865185
1343.7900376701355,-69.68846548202777,-69.68846548202777
1343.8000376701355,-69.68865202157399,-69.68865202157399
1343.8100376701354,-69.68886023429756,-69.68886023429756
1343.8200376701354,-69.68909008660114,-69.68909008660114
1343.8300376701354,-69.68934154430156,-69.68934154430156
1343.8400376701354,-69.68961457264112,-69.68961457264112
1343.8500376939774,-69.68990913700537,-69.68990913700537
1343.8600376939773,-69.69022520019669,-69.69022520019669
1343.8700376939773,-69.69056272639175,-69.69056272639175
1343.8800376939773,-69.69092167865777,-69.69092167865777
1343.8900376939773,-69.69130201951833,-69.69130201951833
1343.9000376939773,-69.69170371099037,-69.69170371099037
1343.9100376939773,-69.69212671458453,-69.69212671458453
1343.9200376939773,-69.69257099132736,-69.69257099132736
1343.9300376939773,-69.69303650174588,-69.69303650174588
1343.9400376939773,-69.69352320590932,-69.69352320590932
1343.9500376939773,-69.6940310634146,-69.6940310634146
1343.9600376939773,-69.6945539751382,-69.6945539751382
1343.9700376939772,-69.6950892600107,-69.6950892600107
1343.9800376939775,-69.69563560065241,-69.69563560065241
1343.9900376939775,-69.6961923094025,-69.6961923094025
1344.0000376939774,-69.69675904868377,-69.69675904868377
1344.0100376939774,-69.69733568586425,-69.69733568586425
1344.0200376939774,-69.69792220820347,-69.69792220820347
1344.0300376939774,-69.69851867181922,-69.69851867181922
1344.0400376939774,-69.69912517095945,-69.69912517095945
1344.0500376939774,-69.69974181965762,-69.69974181965762
1344.0600376939774,-69.70036874076479,-69.70036874076479
1344.0700376939774,-69.70100605959314,-69.70100605959314
1344.0800376939774,-69.7016539002538,-69.7016539002538
1344.0900376939774,-69.70231238370694,-69.70231238370694
1344.1000376939774,-69.70298162679617,-69.70298162679617
1344.1100376939773,-69.7036617418964,-69.7036617418964
1344.1200376939773,-69.70435283690796,-69.70435283690796
1344.1300376939773,-69.7050550154421,-69.7050550154421
1344.1400376939773,-69.70576837710037,-69.70576837710037
1344.1500376939773,-69.70649301776798,-69.70649301776798
1344.1600376939773,-69.70722902996312,-69.70722902996312
1344.1700376939773,-69.70797650312012,-69.70797650312012
1344.1800376939773,-69.70873552386396,-69.70873552386396
1344.1900376939773,-69.70950617628141,-69.70950617628141
1344.2000376939773,-69.71028854212952,-69.71028854212952
1344.2100376939773,-69.71108270103609,-69.71108270103609
1344.2200376939772,-69.71188873064828,-69.71188873064828
1344.2300376939775,-69.71270670680276,-69.71270670680276
1344.2400376939775,-69.71353670362129,-69.71353670362129
1344.2500376939774,-69.71437879361548,-69.71437879361548
1344.2600376939774,-69.71523304779781,-69.71523304779781
1344.2700376939774,-69.71609953573476,-69.71609953573476
1344.2800376939774,-69.7169783256097,-69.7169783256097
1344.2900376939774,-69.71786948428006,-69.71786948428006
1344.3000376939774,-69.71877307730657,-69.71877307730657
1344.3100376939774,-69.71968916901588,-69.71968916901588
1344.3200376939774,-69.72061782250388,-69.72061782250388
1344.3300376939774,-69.72155909965099,-69.72155909965099
1344.3400376939774,-69.72251306117344,-69.72251306117344
1344.3500376939774,-69.72347976662012,-69.72347976662012
1344.3600376939773,-69.72445927439183,-69.72445927439183
1344.3700376939773,-69.72545164173813,-69.72545164173813
1344.3800376939773,-69.7264569247731,-69.7264569247731
1344.3900376939773,-69.72747517849788,-69.72747517849788
1344.4000376939773,-69.72850645678598,-69.72850645678598
1344.4100376939773,-69.72955081237407,-69.72955081237407
1344.4200376939773,-69.73060829691639,-69.73060829691639
1344.4300376939773,-69.73167896092775,-69.73167896092775
1344.4400376939773,-69.73276285382417,-69.73276285382417
1344.4500376939773,-69.73386002391868,-69.73386002391868
1344.4600376939773,-69.73496445449673,-69.73496445449673
1344.4700376939772,-69.73607354777849,-69.73607354777849
1344.4800376939775,-69.73718606992058,-69.73718606992058
1344.4900376939775,-69.73830141677014,-69.73830141677014
1344.5000376939774,-69.73941933398632,-69.73941933398632
1344.5100376939774,-69.74053977180255,-69.74053977180255
1344.5200376939774,-69.74166279993763,-69.74166279993763
1344.5300376939774,-69.74278855645699,-69.74278855645699
1344.5400376939774,-69.74391721705724,-69.74391721705724
1344.5500376939774,-69.74504897664944,-69.74504897664944
1344.5600376939774,-69.74618403841544,-69.74618403841544
1344.5700376939774,-69.7473226073842,-69.7473226073842
1344.5800376939774,-69.7484648867981,-69.7484648867981
1344.5900376939774,-69.74961107610346,-69.74961107610346
1344.6000376939774,-69.75076137001496,-69.75076137001496
1344.6100376939773,-69.75191595813887,-69.75191595813887
1344.6200376939773,-69.75307502495127,-69.75307502495127
1344.6300376939773,-69.7542387499722,-69.7542387499722
1344.6400376939773,-69.75540730802878,-69.75540730802878
1344.6500376939773,-69.75658086958586,-69.75658086958586
1344.6600376939773,-69.7577596010446,-69.7577596010446
1344.6700376939773,-69.75894366502696,-69.75894366502696
1344.6800376939773,-69.76013322067752,-69.76013322067752
1344.6900376939773,-69.7613284238966,-69.7613284238966
1344.7000377178192,-69.76252943041538,-69.76252943041538
1344.7100377178192,-69.7637363845844,-69.7637363845844
1344.7200377178192,-69.7649494365981,-69.7649494365981
1344.7300377178192,-69.76616873130563,-69.76616873130563
1344.7400377178192,-69.76739441114673,-69.76739441114673
1344.7500377178192,-69.76862661624658,-69.76862661624658
1344.7600377178192,-69.76986548453013,-69.76986548453013
1344.7700377178192,-69.77111115176831,-69.77111115176831
1344.7800377178191,-69.77236375165036,-69.77236375165036
1344.7900377178191,-69.77362341584708,-69.77362341584708
1344.8000377178191,-69.77489027403053,-69.77489027403053
1344.8100377178191,-69.77616445393568,-69.77616445393568
1344.820037717819,-69.77744608136965,-69.77744608136965
1344.8300377178193,-69.77873528026753,-69.77873528026753
1344.8400377178193,-69.78003217268822,-69.78003217268822
1344.8500377178193,-69.78133687884029,-69.78133687884029
1344.8600377178193,-69.78264951709465,-69.78264951709465
1344.8700377178193,-69.78397020401351,-69.78397020401351
1344.8800377178193,-69.78529905433359,-69.78529905433359
1344.8900377178193,-69.78663618102215,-69.78663618102215
1344.9000377178193,-69.78798169524075,-69.78798169524075
1344.9100377178193,-69.78933570637777,-69.78933570637777
1344.9200377178192,-69.79069832203658,-69.79069832203658
1344.9300377178192,-69.79206964807541,-69.79206964807541
1344.9400377178192,-69.79344978858927,-69.79344978858927
1344.9500377178192,-69.79483884591306,-69.79483884591306
1344.9600377178192,-69.79623692065415,-69.79623692065415
1344.9700377178192,-69.79764411167746,-69.79764411167746
1344.9800377178192,-69.7990605161124,-69.7990605161124
1344.9900377178192,-69.80048622936557,-69.80048622936557
1345.0000377178192,-69.80192134513418,-69.80192134513418
1345.0100377178192,-69.80336595539393,-69.80336595539393
1345.0200377178192,-69.80482015044318,-69.80482015044318
1345.0300377178191,-69.80628401886784,-69.80628401886784
1345.0400377178191,-69.80775764757439,-69.80775764757439
1345.0500377178191,-69.8092411217956,-69.8092411217956
1345.0600377178191,-69.81073452509939,-69.81073452509939
1345.070037717819,-69.81223793939544,-69.81223793939544
1345.0800377178193,-69.8137514449384,-69.8137514449384
1345.0900377178193,-69.81527512035755,-69.81527512035755
1345.1000377178193,-69.81680904264518,-69.81680904264518
1345.1100377178193,-69.81835328718753,-69.81835328718753
1345.1200377178193,-69.81990792775171,-69.81990792775171
1345.1300377178193,-69.82147303651074,-69.82147303651074
1345.1400377178193,-69.82304868407108,-69.82304868407108
1345.1500377178193,-69.82463493946109,-69.82463493946109
1345.1600377178193,-69.82623187013239,-69.82623187013239
1345.1700377178192,-69.82783954202736,-69.82783954202736
1345.1800377178192,-69.82945801951418,-69.82945801951418
1345.1900377178192,-69.83108736546406,-69.83108736546406
1345.2000377178192,-69.83272764123423,-69.83272764123423
1345.2100377178192,-69.83437890668473,-69.83437890668473
1345.2200377178192,-69.83604122020529,-69.83604122020529
1345.2300377178192,-69.83771463870062,-69.83771463870062
1345.2400377178192,-69.83939921763618,-69.83939921763618
1345.2500377178192,-69.84109501103562,-69.84109501103562
1345.2600377178192,-69.84280207149227,-69.84280207149227
1345.2700377178192,-69.8445204501827,-69.8445204501827
1345.2800377178191,-69.8462501968977,-69.8462501968977
1345.2900377178191,-69.84799136004668,-69.84799136004668
1345.3000377178191,-69.8497439866602,-69.8497439866602
1345.3100377178191,-69.85150812241739,-69.85150812241739
1345.320037717819,-69.85328381165984,-69.85328381165984
1345.3300377178193,-69.85507109740769,-69.85507109740769
1345.3400377178193,-69.85687002137186,-69.85687002137186
1345.3500377178193,-69.8586806239575,-69.8586806239575
1345.3600377178193,-69.8605029443062,-69.8605029443062
1345.3700377178193,-69.86233702028663,-69.86233702028663
1345.3800377178193,-69.86418288851448,-69.86418288851448
1345.3900377178193,-69.86604058437891,-69.86604058437891
1345.4000377178193,-69.86791014203688,-69.86791014203688
1345.4100377178193,-69.86979159445458,-69.86979159445458
1345.4200377178192,-69.87168497338763,-69.87168497338763
1345.4300377178192,-69.87359030942947,-69.87359030942947
1345.4400377178192,-69.8755076320243,-69.8755076320243
1345.4500377178192,-69.87743696943986,-69.87743696943986
1345.4600377178192,-69.87937834883587,-69.87937834883587
1345.4700377178192,-69.8813317962471,-69.8813317962471
1345.4800377178192,-69.88329733659914,-69.88329733659914
1345.4900377178192,-69.88527499374413,-69.88527499374413
1345.5000377178192,-69.88726479045293,-69.88726479045293
1345.5100377178192,-69.88926674843113,-69.88926674843113
1345.5200377178192,-69.89128088834747,-69.89128088834747
1345.5300377178191,-69.8933072298431,-69.8933072298431
1345.5400377178191,-69.89534579152878,-69.89534579152878
1345.550037741661,-69.89739659591577,-69.89739659591577
1345.560037741661,-69.89945964990721,-69.89945964990721
1345.570037741661,-69.90153497398184,-69.90153497398184
1345.580037741661,-69.90362258283686,-69.90362258283686
1345.590037741661,-69.90572249022128,-69.90572249022128
1345.600037741661,-69.9078347089501,-69.9078347089501
1345.610037741661,-69.90995925091217,-69.90995925091217
1345.620037741661,-69.91209612709447,-69.91209612709447
1345.630037741661,-69.91424534758582,-69.91424534758582
1345.640037741661,-69.91640692159571,-69.91640692159571
1345.650037741661,-69.91858085746762,-69.91858085746762
1345.660037741661,-69.92076716269584,-69.92076716269584
1345.670037741661,-69.92296584391686,-69.92296584391686
1345.6800377416612,-69.92517690694727,-69.92517690694727
1345.6900377416612,-69.92740035678591,-69.92740035678591
1345.7000377416612,-69.92963619763911,-69.92963619763911
1345.7100377416612,-69.9318783470395,-69.9318783470395
1345.7200377416611,-69.93412415045715,-69.93412415045715
1345.7300377416611,-69.9363723218387,-69.9363723218387
1345.7400377416611,-69.93862220747535,-69.93862220747535
1345.7500377416611,-69.94087350528439,-69.94087350528439
1345.760037741661,-69.94312611913364,-69.94312611913364
1345.770037741661,-69.9453800734112,-69.9453800734112
1345.780037741661,-69.94763546173874,-69.94763546173874
1345.790037741661,-69.94989241616821,-69.94989241616821
1345.800037741661,-69.95215108864403,-69.95215108864403
1345.810037741661,-69.95441164004957,-69.95441164004957
1345.820037741661,-69.95667423374267,-69.95667423374267
1345.830037741661,-69.95893903189987,-69.95893903189987
1345.840037741661,-69.96120619349892,-69.96120619349892
1345.850037741661,-69.96347587336187,-69.96347587336187
1345.860037741661,-69.9657482217762,-69.9657482217762
1345.870037741661,-69.96802338447142,-69.96802338447142
1345.880037741661,-69.97030150277564,-69.97030150277564
1345.890037741661,-69.97258271389964,-69.97258271389964
1345.900037741661,-69.97486715123677,-69.97486715123677
1345.910037741661,-69.97715494466189,-69.97715494466189
1345.920037741661,-69.97944622085498,-69.97944622085498
1345.9300377416612,-69.9817411035293,-69.9817411035293
1345.9400377416612,-69.98403971371545,-69.98403971371545
1345.9500377416612,-69.9863421699665,-69.9863421699665
1345.9600377416612,-69.9886424972451,-69.9886424972451
1345.9700377416611,-69.99093814976253,-69.99093814976253
1345.9800377416611,-69.99322795016815,-69.99322795016815
1345.9900377416611,-69.99551135295097,-69.99551135295097
1346.0000377416611,-69.9977881636023,-69.9977881636023
1346.010037741661,-70.00005839284053,-70.00005839284053
1346.020037741661,-70.00232217120967,-70.00232217120967
1346.030037741661,-70.00457969777416,-70.00457969777416
1346.040037741661,-70.00683120929665,-70.00683120929665
1346.050037741661,-70.00907696175507,-70.00907696175507
1346.060037741661,-70.01131721937749,-70.01131721937749
1346.070037741661,-70.01355224818805,-70.01355224818805
1346.080037741661,-70.0157823123377,-70.0157823123377
1346.090037741661,-70.01800767211739,-70.01800767211739
1346.100037741661,-70.02022858297772,-70.02022858297772
1346.110037741661,-70.02244529516616,-70.02244529516616
1346.120037741661,-70.02465805366924,-70.02465805366924
1346.130037741661,-70.02686709841035,-70.02686709841035
1346.140037741661,-70.02907266449272,-70.02907266449272
1346.150037741661,-70.03127498249157,-70.03127498249157
1346.160037741661,-70.0334742787634,-70.0334742787634
1346.170037741661,-70.03567077573321,-70.03567077573321
1346.1800377416612,-70.03786469215724,-70.03786469215724
1346.1900377416612,-70.04005624336551,-70.04005624336551
1346.2000377416612,-70.0422456414514,-70.0422456414514
1346.2100377416612,-70.04443309547293,-70.04443309547293
1346.2200377416611,-70.04661881158505,-70.04661881158505
1346.2300377416611,-70.04880299319038,-70.04880299319038
1346.2400377416611,-70.05098584105033,-70.05098584105033
1346.2500377416611,-70.05316755334006,-70.05316755334006
1346.260037741661,-70.05534832577231,-70.05534832577231
1346.270037741661,-70.05752835164633,-70.05752835164633
1346.280037741661,-70.05970782188555,-70.05970782188555
1346.290037741661,-70.06188692510915,-70.06188692510915
1346.300037741661,-70.06406584763299,-70.06406584763299
1346.310037741661,-70.06624477354156,-70.06624477354156
1346.320037741661,-70.06842388466859,-70.06842388466859
1346.330037741661,-70.07060336064391,-70.07060336064391
1346.340037741661,-70.07278337890669,-70.07278337890669
1346.350037741661,-70.07496411470379,-70.07496411470379
1346.360037741661,-70.07714574110844,-70.07714574110844
1346.370037741661,-70.0793284290334,-70.0793284290334
1346.380037741661,-70.08151234722887,-70.08151234722887
1346.390037741661,-70.08369766228938,-70.08369766228938
1346.400037765503,-70.08588454387866,-70.08588454387866
1346.410037765503,-70.08807314389745,-70.08807314389745
1346.420037765503,-70.09026362769956,-70.09026362769956
1346.430037765503,-70.09245615331861,-70.09245615331861
1346.440037765503,-70.09465087665095,-70.09465087665095
1346.4500377655029,-70.09684795147028,-70.09684795147028
1346.4600377655029,-70.0990475294131,-70.0990475294131
1346.4700377655029,-70.10124976000021,-70.10124976000021
1346.4800377655029,-70.10345479064028,-70.10345479064028
1346.4900377655028,-70.10566276663559,-70.10566276663559
1346.5000377655028,-70.10787383118169,-70.10787383118169
1346.5100377655028,-70.11008812536922,-70.11008812536922
1346.5200377655028,-70.11230578820359,-70.11230578820359
1346.530037765503,-70.11452695660032,-70.11452695660032
1346.540037765503,-70.11675176540706,-70.11675176540706
1346.550037765503,-70.11898034739997,-70.11898034739997
1346.560037765503,-70.12121283328818,-70.12121283328818
1346.570037765503,-70.12344935174127,-70.12344935174127
1346.580037765503,-70.12569002938692,-70.12569002938692
1346.590037765503,-70.127934990813,-70.127934990813
1346.600037765503,-70.13018435860631,-70.13018435860631
1346.610037765503,-70.13243825333231,-70.13243825333231
1346.620037765503,-70.13469679356942,-70.13469679356942
1346.630037765503,-70.13696009590291,-70.13696009590291
1346.640037765503,-70.1392282749553,-70.1392282749553
1346.650037765503,-70.14150144338684,-70.14150144338684
1346.660037765503,-70.1437797119231,-70.1437797119231
1346.670037765503,-70.14606318934366,-70.14606318934366
1346.680037765503,-70.14835198252126,-70.14835198252126
1346.690037765503,-70.15064619643458,-70.15064619643458
1346.7000377655029,-70.1529459341571,-70.1529459341571
1346.7100377655029,-70.1552512969054,-70.1552512969054
1346.7200377655029,-70.15756238403848,-70.15756238403848
1346.7300377655029,-70.15987929307198,-70.15987929307198
1346.7400377655028,-70.16220211969244,-70.16220211969244
1346.7500377655028,-70.16453095779002,-70.16453095779002
1346.7600377655028,-70.16686589945564,-70.16686589945564
1346.7700377655028,-70.16920703500492,-70.16920703500492
1346.780037765503,-70.17155445299608,-70.17155445299608
1346.790037765503,-70.17390824024588,-70.17390824024588
1346.800037765503,-70.17626848184666,-70.17626848184666
1346.810037765503,-70.17863526118447,-70.17863526118447
1346.820037765503,-70.18100865995642,-70.18100865995642
1346.830037765503,-70.18338875818071,-70.18338875818071
1346.840037765503,-70.18577563422377,-70.18577563422377
1346.850037765503,-70.18816936481731,-70.18816936481731
1346.860037765503,-70.19057002506484,-70.19057002506484
1346.870037765503,-70.19297768848341,-70.19297768848341
1346.880037765503,-70.19539242698286,-70.19539242698286
1346.890037765503,-70.19781431092731,-70.19781431092731
1346.900037765503,-70.20024340911449,-70.20024340911449
1346.910037765503,-70.20267978882275,-70.20267978882275
1346.920037765503,-70.20512351580307,-70.20512351580307
1346.930037765503,-70.20757465432311,-70.20757465432311
1346.940037765503,-70.210033267165,-70.210033267165
1346.9500377655029,-70.212499415658,-70.212499415658
1346.9600377655029,-70.21497315967062,-70.21497315967062
1346.9700377655029,-70.21745455766752,-70.21745455766752
1346.9800377655029,-70.21994366668453,-70.21994366668453
1346.9900377655028,-70.22244054238053,-70.22244054238053
1347.0000377655028,-70.22494523903197,-70.22494523903197
1347.0100377655028,-70.22745780956923,-70.22745780956923
1347.0200377655028,-70.22997830557571,-70.22997830557571
1347.030037765503,-70.23250677730904,-70.23250677730904
1347.040037765503,-70.23504327373146,-70.23504327373146
1347.050037765503,-70.23758784251157,-70.23758784251157
1347.060037765503,-70.24014053004682,-70.24014053004682
1347.070037765503,-70.24270138148295,-70.24270138148295
1347.080037765503,-70.24527044072418,-70.24527044072418
1347.090037765503,-70.24784775045482,-70.24784775045482
1347.100037765503,-70.2504333521522,-70.2504333521522
1347.110037765503,-70.25302728611479,-70.25302728611479
1347.120037765503,-70.25562959145459,-70.25562959145459
1347.130037765503,-70.25824030613649,-70.25824030613649
1347.140037765503,-70.26085946697604,-70.26085946697604
1347.150037765503,-70.26348710967513,-70.26348710967513
1347.160037765503,-70.2661232688185,-70.2661232688185
1347.170037765503,-70.26876797789919,-70.26876797789919
1347.180037765503,-70.27142126932675,-70.27142126932675
1347.190037765503,-70.27408317445504,-70.27408317445504
1347.2000377655029,-70.276753723587,-70.276753723587
1347.2100377655029,-70.27943294598712,-70.27943294598712
1347.2200377655029,-70.28212086991583,-70.28212086991583
1347.2300377655029,-70.28481752261291,-70.28481752261291
1347.2400377655028,-70.28752293033286,-70.28752293033286
1347.2500377893448,-70.2902371248313,-70.2902371248313
1347.2600377893448,-70.29296011753601,-70.29296011753601
1347.2700377893448,-70.2956919382357,-70.2956919382357
1347.2800377893448,-70.29843260937727,-70.29843260937727
1347.2900377893448,-70.30118215248689,-70.30118215248689
1347.3000377893447,-70.30394058818645,-70.30394058818645
1347.3100377893447,-70.30670793619535,-70.30670793619535
1347.3200377893447,-70.30948421536476,-70.30948421536476
1347.3300377893447,-70.31226944367288,-70.31226944367288
1347.3400377893447,-70.31506363825129,-70.31506363825129
1347.3500377893447,-70.31786681538324,-70.31786681538324
1347.3600377893447,-70.3206789905305,-70.3206789905305
1347.3700377893447,-70.32350017835435,-70.32350017835435
1347.380037789345,-70.3263303926811,-70.3263303926811
1347.390037789345,-70.32916964657856,-70.32916964657856
1347.4000377893449,-70.33201795231945,-70.33201795231945
1347.4100377893449,-70.33487532142426,-70.33487532142426
1347.4200377893449,-70.33774176464019,-70.33774176464019
1347.4300377893449,-70.34061729199297,-70.34061729199297
1347.4400377893448,-70.34350191276724,-70.34350191276724
1347.4500377893448,-70.34639563553203,-70.34639563553203
1347.4600377893448,-70.34929846814373,-70.34929846814373
1347.4700377893448,-70.35221041776663,-70.35221041776663
1347.4800377893448,-70.35513149087511,-70.35513149087511
1347.4900377893448,-70.35806169328141,-70.35806169328141
1347.5000377893448,-70.36100103011324,-70.36100103011324
1347.5100377893448,-70.36394950586369,-70.36394950586369
1347.5200377893448,-70.3669071243712,-70.3669071243712
1347.5300377893448,-70.36987388884461,-70.36987388884461
1347.5400377893448,-70.37284980186963,-70.37284980186963
1347.5500377893447,-70.37583486542881,-70.37583486542881
1347.5600377893447,-70.37882908088798,-70.37882908088798
1347.5700377893447,-70.38183244902648,-70.38183244902648
1347.5800377893447,-70.38484497003623,-70.38484497003623
1347.5900377893447,-70.38786664354295,-70.38786664354295
1347.6000377893447,-70.39089746860984,-70.39089746860984
1347.6100377893447,-70.39393744373001,-70.39393744373001
1347.6200377893447,-70.39698656686845,-70.39698656686845
1347.630037789345,-70.40004483544158,-70.40004483544158
1347.640037789345,-70.40311224634534,-70.40311224634534
1347.6500377893449,-70.40618879594778,-70.40618879594778
1347.6600377893449,-70.40927448011516,-70.40927448011516
1347.6700377893449,-70.4123692942074,-70.4123692942074
1347.6800377893449,-70.41547323309474,-70.41547323309474
1347.6900377893448,-70.41858629115393,-70.41858629115393
1347.7000377893448,-70.42170846229561,-70.42170846229561
1347.7100377893448,-70.42483360591386,-70.42483360591386
1347.7200377893448,-70.42795903286789,-70.42795903286789
1347.7300377893448,-70.43108343285849,-70.43108343285849
1347.7400377893448,-70.43420613326695,-70.43420613326695
1347.7500377893448,-70.43732681642271,-70.43732681642271
1347.7600377893448,-70.4404453727868,-70.4404453727868
1347.7700377893448,-70.44356181489322,-70.44356181489322
1347.7800377893448,-70.44667622563641,-70.44667622563641
1347.7900377893448,-70.44978872718139,-70.44978872718139
1347.8000377893447,-70.45289946233487,-70.45289946233487
1347.8100377893447,-70.45600858343296,-70.45600858343296
1347.8200377893447,-70.45911624582233,-70.45911624582233
1347.8300377893447,-70.46222260414581,-70.46222260414581
1347.8400377893447,-70.46532781031517,-70.46532781031517
1347.8500377893447,-70.46843201250111,-70.46843201250111
1347.8600377893447,-70.47153535473716,-70.47153535473716
1347.8700377893447,-70.47463797688073,-70.47463797688073
1347.880037789345,-70.47774001478047,-70.47774001478047
1347.890037789345,-70.48084160051368,-70.48084160051368
1347.9000377893449,-70.48394286269537,-70.48394286269537
1347.9100377893449,-70.48704392674911,-70.48704392674911
1347.9200377893449,-70.49014491522557,-70.49014491522557
1347.9300377893449,-70.4932459480474,-70.4932459480474
1347.9400377893448,-70.49634714276269,-70.49634714276269
1347.9500377893448,-70.49944861473502,-70.49944861473502
1347.9600377893448,-70.50255047733174,-70.50255047733174
1347.9700377893448,-70.50565284207377,-70.50565284207377
1347.9800377893448,-70.50875581877013,-70.50875581877013
1347.9900377893448,-70.51185951563518,-70.51185951563518
1348.0000377893448,-70.51496403938029,-70.51496403938029
1348.0100377893448,-70.51806949528259,-70.51806949528259
1348.0200377893448,-70.52117598725538,-70.52117598725538
1348.0300377893448,-70.52428361790713,-70.52428361790713
1348.0400377893448,-70.52739248856744,-70.52739248856744
1348.0500377893447,-70.53050269935402,-70.53050269935402
1348.0600377893447,-70.53361434916584,-70.53361434916584
1348.0700377893447,-70.53672753571942,-70.53672753571942
1348.0800377893447,-70.53984235559122,-70.53984235559122
1348.0900377893447,-70.54295890418186,-70.54295890418186
1348.1000378131866,-70.54607728318737,-70.54607728318737
1348.1100378131866,-70.54919757092404,-70.54919757092404
1348.1200378131866,-70.55231986679783,-70.55231986679783
1348.1300378131866,-70.55544426171375,-70.55544426171375
1348.1400378131866,-70.55857084544033,-70.55857084544033
1348.1500378131866,-70.56169970663665,-70.56169970663665
1348.1600378131866,-70.56483093283066,-70.56483093283066
1348.1700378131866,-70.56796461043794,-70.56796461043794
1348.1800378131866,-70.57110082474676,-70.57110082474676
1348.1900378131866,-70.57423965992938,-70.57423965992938
1348.2000378131866,-70.57738119903172,-70.57738119903172
1348.2100378131865,-70.5805255239811,-70.5805255239811
1348.2200378131865,-70.58367271556327,-70.58367271556327
1348.2300378131868,-70.58682285345563,-70.58682285345563
1348.2400378131867,-70.5899760161873,-70.5899760161873
1348.2500378131867,-70.59313228117554,-70.59313228117554
1348.2600378131867,-70.59629172468847,-70.59629172468847
1348.2700378131867,-70.59945442188787,-70.59945442188787
1348.2800378131867,-70.60262044678936,-70.60262044678936
1348.2900378131867,-70.60578987227329,-70.60578987227329
1348.3000378131867,-70.60896277010603,-70.60896277010603
1348.3100378131867,-70.61213921092653,-70.61213921092653
1348.3200378131867,-70.61531926423837,-70.61531926423837
1348.3300378131867,-70.61850299842312,-70.61850299842312
1348.3400378131867,-70.62169048074338,-70.62169048074338
1348.3500378131866,-70.62488177733877,-70.62488177733877
1348.3600378131866,-70.6280769532469,-70.6280769532469
1348.3700378131866,-70.63127607237426,-70.63127607237426
1348.3800378131866,-70.63447919752775,-70.63447919752775
1348.3900378131866,-70.63768639041827,-70.63768639041827
1348.4000378131866,-70.64089771164102,-70.64089771164102
1348.4100378131866,-70.64411322071656,-70.64411322071656
1348.4200378131866,-70.64733297606001,-70.64733297606001
1348.4300378131866,-70.65055703500693,-70.65055703500693
1348.4400378131866,-70.65378545382362,-70.65378545382362
1348.4500378131866,-70.65701828769694,-70.65701828769694
1348.4600378131865,-70.66025559074957,-70.66025559074957
1348.4700378131865,-70.66349741604078,-70.66349741604078
1348.4800378131868,-70.66674381558295,-70.66674381558295
1348.4900378131867,-70.66999484036147,-70.66999484036147
1348.5000378131867,-70.67325054029341,-70.67325054029341
1348.5100378131867,-70.67651096428575,-70.67651096428575
1348.5200378131867,-70.679776160217,-70.679776160217
1348.5300378131867,-70.68304617495137,-70.68304617495137
1348.5400378131867,-70.68632105435253,-70.68632105435253
1348.5500378131867,-70.68960084328418,-70.68960084328418
1348.5600378131867,-70.69288558562224,-70.69288558562224
1348.5700378131867,-70.69617532425733,-70.69617532425733
1348.5800378131867,-70.69947010111413,-70.69947010111413
1348.5900378131867,-70.70276995715172,-70.70276995715172
1348.6000378131866,-70.70607493237488,-70.70607493237488
1348.6100378131866,-70.70938506585092,-70.70938506585092
1348.6200378131866,-70.71270039569688,-70.71270039569688
1348.6300378131866,-70.71602095911173,-70.71602095911173
1348.6400378131866,-70.71934679238525,-70.71934679238525
1348.6500378131866,-70.72267793088703,-70.72267793088703
1348.6600378131866,-70.72601440908336,-70.72601440908336
1348.6700378131866,-70.72935626056652,-70.72935626056652
1348.6800378131866,-70.73270351804447,-70.73270351804447
1348.6900378131866,-70.73605621335179,-70.73605621335179
1348.7000378131866,-70.73941437746208,-70.73941437746208
1348.7100378131865,-70.74277804050956,-70.74277804050956
1348.7200378131865,-70.74614723176954,-70.74614723176954
1348.7300378131868,-70.7495219796966,-70.7495219796966
1348.7400378131867,-70.7529023119177,-70.7529023119177
1348.7500378131867,-70.7562882552549,-70.7562882552549
1348.7600378131867,-70.75967983572029,-70.75967983572029
1348.7700378131867,-70.76307707853954,-70.76307707853954
1348.7800378131867,-70.76648000814889,-70.76648000814889
1348.7900378131867,-70.76988864821011,-70.76988864821011
1348.8000378131867,-70.77330302163186,-70.77330302163186
1348.8100378131867,-70.77672315054933,-70.77672315054933
1348.8200378131867,-70.78014905636414,-70.78014905636414
1348.8300378131867,-70.78358075974451,-70.78358075974451
1348.8400378131867,-70.78701828062121,-70.78701828062121
1348.8500378131866,-70.7904616382211,-70.7904616382211
1348.8600378131866,-70.79391085104967,-70.79391085104967
1348.8700378131866,-70.79736593692203,-70.79736593692203
1348.8800378131866,-70.80082691296543,-70.80082691296543
1348.8900378131866,-70.8042937956246,-70.8042937956246
1348.9000378131866,-70.80776660066533,-70.80776660066533
1348.9100378131866,-70.81124534320384,-70.81124534320384
1348.9200378131866,-70.81473003770228,-70.81473003770228
1348.9300378131866,-70.81822069796249,-70.81822069796249
1348.9400378131866,-70.82171733717611,-70.82171733717611
1348.9500378370285,-70.82521997623375,-70.82521997623375
1348.9600378370285,-70.8287286104137,-70.8287286104137
1348.9700378370285,-70.83224325934792,-70.83224325934792
1348.9800378370285,-70.83576393376462,-70.83576393376462
1348.9900378370285,-70.83929064380372,-70.83929064380372
1349.0000378370285,-70.84282339901256,-70.84282339901256
1349.0100378370284,-70.8463622083719,-70.8463622083719
1349.0200378370284,-70.84990708028879,-70.84990708028879
1349.0300378370284,-70.85345802261905,-70.85345802261905
1349.0400378370284,-70.85701504264794,-70.85701504264794
1349.0500378370284,-70.86057814715137,-70.86057814715137
1349.0600378370284,-70.86414734235503,-70.86414734235503
1349.0700378370284,-70.86772263393985,-70.86772263393985
1349.0800378370286,-70.8713040271023,-70.8713040271023
1349.0900378370286,-70.87489152651116,-70.87489152651116
1349.1000378370286,-70.87848513632967,-70.87848513632967
1349.1100378370286,-70.88208486023386,-70.88208486023386
1349.1200378370286,-70.88569070140662,-70.88569070140662
1349.1300378370286,-70.88930266255855,-70.88930266255855
1349.1400378370286,-70.89292074591455,-70.89292074591455
1349.1500378370285,-70.89654495323545,-70.89654495323545
1349.1600378370285,-70.90017528584394,-70.90017528584394
1349.1700378370285,-70.90381174458602,-70.90381174458602
1349.1800378370285,-70.90745432987788,-70.90745432987788
1349.1900378370285,-70.91110304169726,-70.91110304169726
1349.2000378370285,-70.91475787959315,-70.91475787959315
1349.2100378370285,-70.91841266184163,-70.91841266184163
1349.2200378370285,-70.92206468176995,-70.92206468176995
1349.2300378370285,-70.92571262137025,-70.92571262137025
1349.2400378370285,-70.92935580508744,-70.92935580508744
1349.2500378370285,-70.93299391509241,-70.93299391509241
1349.2600378370284,-70.93662684341375,-70.93662684341375
1349.2700378370284,-70.94025460529271,-70.94025460529271
1349.2800378370284,-70.94387728709823,-70.94387728709823
1349.2900378370284,-70.94749501502137,-70.94749501502137
1349.3000378370284,-70.95110793629524,-70.95110793629524
1349.3100378370284,-70.95471620800005,-70.95471620800005
1349.3200378370284,-70.9583199905141,-70.9583199905141
1349.3300378370286,-70.96191944371508,-70.96191944371508
1349.3400378370286,-70.9655147249464,-70.9655147249464
1349.3500378370286,-70.96910598800474,-70.96910598800474
1349.3600378370286,-70.97269338269078,-70.97269338269078
1349.3700378370286,-70.97627705480721,-70.97627705480721
1349.3800378370286,-70.97985714625314,-70.97985714625314
1349.3900378370286,-70.9834337953031,-70.9834337953031
1349.4000378370285,-70.98700713687637,-70.98700713687637
1349.4100378370285,-70.99057730283658,-70.99057730283658
1349.4200378370285,-70.99414442228287,-70.99414442228287
1349.4300378370285,-70.99770862177301,-70.99770862177301
1349.4400378370285,-71.00127002559915,-71.00127002559915
1349.4500378370285,-71.00482875594524,-71.00482875594524
1349.4600378370285,-71.0083849331037,-71.0083849331037
1349.4700378370285,-71.01193867559313,-71.01193867559313
1349.4800378370285,-71.01549010030384,-71.01549010030384
1349.4900378370285,-71.01903932260063,-71.01903932260063
1349.5000378370285,-71.02258645640583,-71.02258645640583
1349.5100378370284,-71.02613161428683,-71.02613161428683
1349.5200378370284,-71.02967490751277,-71.02967490751277
1349.5300378370284,-71.03321644608752,-71.03321644608752
1349.5400378370284,-71.03675633881508,-71.03675633881508
1349.5500378370284,-71.04029469332426,-71.04029469332426
1349.5600378370284,-71.04383161608084,-71.04383161608084
1349.5700378370284,-71.04736721242236,-71.04736721242236
1349.5800378370286,-71.05090158656539,-71.05090158656539
1349.5900378370286,-71.05443484161921,-71.05443484161921
1349.6000378370286,-71.05796707960202,-71.05796707960202
1349.6100378370286,-71.0614984014286,-71.0614984014286
1349.6200378370286,-71.06502890692495,-71.06502890692495
1349.6300378370286,-71.06855869482875,-71.06855869482875
1349.6400378370286,-71.07208786279877,-71.07208786279877
1349.6500378370285,-71.0756165073895,-71.0756165073895
1349.6600378370285,-71.07914472406324,-71.07914472406324
1349.6700378370285,-71.08267260719715,-71.08267260719715
1349.6800378370285,-71.0862002500666,-71.0862002500666
1349.6900378370285,-71.08972774484381,-71.08972774484381
1349.7000378370285,-71.09325518260542,-71.09325518260542
1349.7100378370285,-71.09678265332975,-71.09678265332975
1349.7200378370285,-71.10031024586775,-71.10031024586775
1349.7300378370285,-71.10383804796533,-71.10383804796533
1349.7400378370285,-71.10736614626283,-71.10736614626283
1349.7500378370285,-71.11089462628186,-71.11089462628186
1349.7600378370284,-71.11442357242106,-71.11442357242106
1349.7700378370284,-71.11795306797555,-71.11795306797555
1349.7800378370284,-71.12148319510865,-71.12148319510865
1349.7900378370284,-71.12501403485885,-71.12501403485885
1349.8000378608704,-71.12854567556158,-71.12854567556158
1349.8100378608704,-71.13207817922452,-71.13207817922452
1349.8200378608703,-71.13561163191754,-71.13561163191754
1349.8300378608703,-71.13914611021342,-71.13914611021342
1349.8400378608703,-71.14268168956326,-71.14268168956326
1349.8500378608703,-71.14621844430425,-71.14621844430425
1349.8600378608703,-71.14975644765566,-71.14975644765566
1349.8700378608703,-71.15329577173559,-71.15329577173559
1349.8800378608703,-71.15683648754734,-71.15683648754734
1349.8900378608703,-71.16037866499559,-71.16037866499559
1349.9000378608703,-71.16392237288133,-71.16392237288133
1349.9100378608703,-71.16746767891215,-71.16746767891215
1349.9200378608703,-71.17101464971216,-71.17101464971216
1349.9300378608705,-71.17456335080558,-71.17456335080558
1349.9400378608705,-71.17811384663854,-71.17811384663854
1349.9500378608705,-71.18166620059351,-71.18166620059351
1349.9600378608704,-71.18522047497369,-71.18522047497369
1349.9700378608704,-71.1887767310348,-71.1887767310348
1349.9800378608704,-71.19233502894767,-71.19233502894767
1349.9900378608704,-71.19589542784877,-71.19589542784877
1350.0000378608704,-71.19945798583551,-71.19945798583551
1350.0100378608704,-71.20302275996154,-71.20302275996154
1350.0200378608704,-71.20658980625596,-71.20658980625596
1350.0300378608704,-71.21015917972343,-71.21015917972343
1350.0400378608704,-71.21373093435157,-71.21373093435157
1350.0500378608704,-71.21730512312818,-71.21730512312818
1350.0600378608704,-71.22088179804598,-71.22088179804598
1350.0700378608703,-71.22446101009513,-71.22446101009513
1350.0800378608703,-71.22804280929293,-71.22804280929293
1350.0900378608703,-71.231627244685,-71.231627244685
1350.1000378608703,-71.2352143643497,-71.2352143643497
1350.1100378608703,-71.23880421541284,-71.23880421541284
1350.1200378608703,-71.24239684404456,-71.24239684404456
1350.1300378608703,-71.24599229547829,-71.24599229547829
1350.1400378608703,-71.24959061403452,-71.24959061403452
1350.1500378608703,-71.25319184309116,-71.25319184309116
1350.1600378608703,-71.25676463278306,-71.25676463278306
1350.1700378608703,-71.26029339257938,-71.26029339257938
1350.1800378608705,-71.26376859086906,-71.26376859086906
1350.1900378608705,-71.26718388231106,-71.26718388231106
1350.2000378608705,-71.27053494659233,-71.27053494659233
1350.2100378608704,-71.27381880771274,-71.27381880771274
1350.2200378608704,-71.27703339559203,-71.27703339559203
1350.2300378608704,-71.28017726080421,-71.28017726080421
1350.2400378608704,-71.28324938842965,-71.28324938842965
1350.2500378608704,-71.28624907582518,-71.28624907582518
1350.2600378608704,-71.2891758516135,-71.2891758516135
1350.2700378608704,-71.29202942128074,-71.29202942128074
1350.2800378608704,-71.2948096301807,-71.2948096301807
1350.2900378608704,-71.29751643785762,-71.29751643785762
1350.3000378608704,-71.30014989984275,-71.30014989984275
1350.3100378608704,-71.30271015445584,-71.30271015445584
1350.3200378608703,-71.30519741290075,-71.30519741290075
1350.3300378608703,-71.30761195157514,-71.30761195157514
1350.3400378608703,-71.30995410595992,-71.30995410595992
1350.3500378608703,-71.31222426547451,-71.31222426547451
1350.3600378608703,-71.31442286915379,-71.31442286915379
1350.3700378608703,-71.31655040179787,-71.31655040179787
1350.3800378608703,-71.3186073905162,-71.3186073905162
1350.3900378608703,-71.32059440160467,-71.32059440160467
1350.4000378608703,-71.32251203762677,-71.32251203762677
1350.4100378608703,-71.32436093469803,-71.32436093469803
1350.4200378608703,-71.32614175992978,-71.32614175992978
1350.4300378608705,-71.32785520903411,-71.32785520903411
1350.4400378608705,-71.32950200403457,-71.32950200403457
1350.4500378608705,-71.33108289111779,-71.33108289111779
1350.4600378608704,-71.33259863857087,-71.33259863857087
1350.4700378608704,-71.33405003484725,-71.33405003484725
1350.4800378608704,-71.33543788671639,-71.33543788671639
1350.4900378608704,-71.33676301752085,-71.33676301752085
1350.5000378608704,-71.3380262655131,-71.3380262655131
1350.5100378608704,-71.33922848226806,-71.33922848226806
1350.5200378608704,-71.34037053121178,-71.34037053121178
1350.5300378608704,-71.34145328620686,-71.34145328620686
1350.5400378608704,-71.34247763020201,-71.34247763020201
1350.5500378608704,-71.34344445398493,-71.34344445398493
1350.5600378608704,-71.34435465499708,-71.34435465499708
1350.5700378608703,-71.34520913620068,-71.34520913620068
1350.5800378608703,-71.3460088050244,-71.3460088050244
1350.5900378608703,-71.34675457235731,-71.34675457235731
1350.6000378608703,-71.34744735163476,-71.34744735163476
1350.6100378608703,-71.34808805793115,-71.34808805793115
1350.6200378608703,-71.34867760714421,-71.34867760714421
1350.6300378608703,-71.34921691521232,-71.34921691521232
1350.6400378608703,-71.3497068973977,-71.3497068973977
1350.6500378847122,-71.35014846864043,-71.35014846864043
1350.6600378847122,-71.35054253861215,-71.35054253861215
1350.6700378847122,-71.35089001778557,-71.35089001778557
1350.6800378847122,-71.35119181229113,-71.35119181229113
1350.6900378847122,-71.35144882458626,-71.35144882458626
1350.7000378847122,-71.35166195296082,-71.35166195296082
1350.7100378847122,-71.35183209110704,-71.35183209110704
1350.7200378847122,-71.35196012768812,-71.35196012768812
1350.7300378847121,-71.35204694594643,-71.35204694594643
1350.7400378847121,-71.3520934233539,-71.3520934233539
1350.7500378847121,-71.35210043127903,-71.35210043127903
1350.7600378847121,-71.3520688346725,-71.3520688346725
1350.770037884712,-71.35199949178886,-71.35199949178886
1350.7800378847123,-71.3518932539336,-71.3518932539336
1350.7900378847123,-71.35175096522588,-71.35175096522588
1350.8000378847123,-71.3515734623565,-71.3515734623565
1350.8100378847123,-71.35136157442408,-71.35136157442408
1350.8200378847123,-71.35111612273643,-71.35111612273643
1350.8300378847123,-71.35083792064886,-71.35083792064886
1350.8400378847123,-71.35052777341714,-71.35052777341714
1350.8500378847123,-71.35018647807507,-71.35018647807507
1350.8600378847123,-71.34981482329431,-71.34981482329431
1350.8700378847122,-71.34941358930608,-71.34941358930608
1350.8800378847122,-71.34898354780694,-71.34898354780694
1350.8900378847122,-71.34852546184841,-71.34852546184841
1350.9000378847122,-71.34804008581807,-71.34804008581807
1350.9100378847122,-71.34752816533909,-71.34752816533909
1350.9200378847122,-71.34699043724491,-71.34699043724491
1350.9300378847122,-71.34642762954095,-71.34642762954095
1350.9400378847122,-71.34584046136446,-71.34584046136446
1350.9500378847122,-71.34522964296723,-71.34522964296723
1350.9600378847122,-71.3445958757154,-71.3445958757154
1350.9700378847122,-71.34393985206442,-71.34393985206442
1350.9800378847121,-71.34326225556846,-71.34326225556846
1350.9900378847121,-71.34256376088278,-71.34256376088278
1351.0000378847121,-71.34184503378575,-71.34184503378575
1351.0100378847121,-71.34110673120277,-71.34110673120277
1351.020037884712,-71.34034950120113,-71.34034950120113
1351.0300378847123,-71.3395739830429,-71.3395739830429
1351.0400378847123,-71.3387808072297,-71.3387808072297
1351.0500378847123,-71.33797059550133,-71.33797059550133
1351.0600378847123,-71.33714396091695,-71.33714396091695
1351.0700378847123,-71.33630150787023,-71.33630150787023
1351.0800378847123,-71.33544383216002,-71.33544383216002
1351.0900378847123,-71.33457152103709,-71.33457152103709
1351.1000378847123,-71.33368515324686,-71.33368515324686
1351.1100378847123,-71.33278529909741,-71.33278529909741
1351.1200378847122,-71.33187252052522,-71.33187252052522
1351.1300378847122,-71.33094737115223,-71.33094737115223
1351.1400378847122,-71.33001039634736,-71.33001039634736
1351.1500378847122,-71.32906213327878,-71.32906213327878
1351.1600378847122,-71.32810311103053,-71.32810311103053
1351.1700378847122,-71.32713385061909,-71.32713385061909
1351.1800378847122,-71.32615486508963,-71.32615486508963
1351.1900378847122,-71.32516665960152,-71.32516665960152
1351.2000378847122,-71.32416973147978,-71.32416973147978
1351.2100378847122,-71.32315835696147,-71.32315835696147
1351.2200378847122,-71.32213030364532,-71.32213030364532
1351.2300378847121,-71.32108472995732,-71.32108472995732
1351.2400378847121,-71.32002143394408,-71.32002143394408
1351.2500378847121,-71.31894056665672,-71.31894056665672
1351.2600378847121,-71.31784248334444,-71.31784248334444
1351.270037884712,-71.31672765622878,-71.31672765622878
1351.2800378847123,-71.31559662212071,-71.31559662212071
1351.2900378847123,-71.31444995095383,-71.31444995095383
1351.3000378847123,-71.31328822693217,-71.31328822693217
1351.3100378847123,-71.31211203733737,-71.31211203733737
1351.3200378847123,-71.31092196597888,-71.31092196597888
1351.3300378847123,-71.30971858948877,-71.30971858948877
1351.3400378847123,-71.30850247533961,-71.30850247533961
1351.3500378847123,-71.30727418087166,-71.30727418087166
1351.3600378847123,-71.3060342529814,-71.3060342529814
1351.3700378847122,-71.30478322814868,-71.30478322814868
1351.3800378847122,-71.30352163265378,-71.30352163265378
1351.3900378847122,-71.30224998291435,-71.30224998291435
1351.4000378847122,-71.3009687858362,-71.3009687858362
1351.4100378847122,-71.29967853921418,-71.29967853921418
1351.4200378847122,-71.2983797320715,-71.2983797320715
1351.4300378847122,-71.2970728450102,-71.2970728450102
1351.4400378847122,-71.29575835050767,-71.29575835050767
1351.4500378847122,-71.29443671320826,-71.29443671320826
1351.4600378847122,-71.29310839017914,-71.29310839017914
1351.4700378847122,-71.29177383113043,-71.29177383113043
1351.4800378847121,-71.29043347860603,-71.29043347860603
1351.4900378847121,-71.2890877681976,-71.2890877681976
1351.500037908554,-71.2877371254572,-71.2877371254572
1351.510037908554,-71.28638197893076,-71.28638197893076
1351.520037908554,-71.28502274100492,-71.28502274100492
1351.530037908554,-71.28365982086086,-71.28365982086086
1351.540037908554,-71.28229362139541,-71.28229362139541
1351.550037908554,-71.28092453930991,-71.28092453930991
1351.560037908554,-71.2795529652074,-71.2795529652074
1351.570037908554,-71.27817928369477,-71.27817928369477
1351.580037908554,-71.2768038734487,-71.2768038734487
1351.590037908554,-71.2754271073024,-71.2754271073024
1351.600037908554,-71.2740493523185,-71.2740493523185
1351.610037908554,-71.27267096986363,-71.27267096986363
1351.620037908554,-71.27129231565672,-71.27129231565672
1351.6300379085542,-71.2699137398923,-71.2699137398923
1351.6400379085542,-71.26853558722762,-71.26853558722762
1351.6500379085542,-71.26715819690243,-71.26715819690243
1351.6600379085542,-71.2657819027759,-71.2657819027759
1351.6700379085541,-71.26440703338305,-71.26440703338305
1351.6800379085541,-71.26303391202296,-71.26303391202296
1351.6900379085541,-71.26166285677597,-71.26166285677597
1351.7000379085541,-71.26029418058799,-71.26029418058799
1351.710037908554,-71.25892819131435,-71.25892819131435
1351.720037908554,-71.25756519179197,-71.25756519179197
1351.730037908554,-71.25620547987262,-71.25620547987262
1351.740037908554,-71.25484934850179,-71.25484934850179
1351.750037908554,-71.25349708574774,-71.25349708574774
1351.760037908554,-71.25214897487545,-71.25214897487545
1351.770037908554,-71.2508052944016,-71.2508052944016
1351.780037908554,-71.24946631812881,-71.24946631812881
1351.790037908554,-71.24813231521198,-71.24813231521198
1351.800037908554,-71.24680355021955,-71.24680355021955
1351.810037908554,-71.2454802831806,-71.2454802831806
1351.820037908554,-71.2441627696177,-71.2441627696177
1351.830037908554,-71.24285126063745,-71.24285126063745
1351.840037908554,-71.24154600294729,-71.24154600294729
1351.850037908554,-71.24024723893446,-71.24024723893446
1351.860037908554,-71.2389552067032,-71.2389552067032
1351.870037908554,-71.23767014011742,-71.23767014011742
1351.8800379085542,-71.23639226887822,-71.23639226887822
1351.8900379085542,-71.23512181854785,-71.23512181854785
1351.9000379085542,-71.23385901063563,-71.23385901063563
1351.9100379085542,-71.2326040625973,-71.2326040625973
1351.9200379085541,-71.23135718792636,-71.23135718792636
1351.9300379085541,-71.23011859619653,-71.23011859619653
1351.9400379085541,-71.22888849310763,-71.22888849310763
1351.9500379085541,-71.22766708052717,-71.22766708052717
1351.960037908554,-71.22645455654298,-71.22645455654298
1351.970037908554,-71.22525111552284,-71.22525111552284
1351.980037908554,-71.2240569481536,-71.2240569481536
1351.990037908554,-71.22287224148512,-71.22287224148512
1352.000037908554,-71.2216971789833,-71.2216971789833
1352.010037908554,-71.22053194057864,-71.22053194057864
1352.020037908554,-71.21937670271967,-71.21937670271967
1352.030037908554,-71.21823163840375,-71.21823163840375
1352.040037908554,-71.21709691723159,-71.21709691723159
1352.050037908554,-71.21597270544683,-71.21597270544683
1352.060037908554,-71.21485916599961,-71.21485916599961
1352.070037908554,-71.21375645856605,-71.21375645856605
1352.080037908554,-71.21266473961553,-71.21266473961553
1352.090037908554,-71.21158416244188,-71.21158416244188
1352.100037908554,-71.21051487720545,-71.21051487720545
1352.110037908554,-71.20945703098225,-71.20945703098225
1352.120037908554,-71.20841076781105,-71.20841076781105
1352.1300379085542,-71.20737622872187,-71.20737622872187
1352.1400379085542,-71.20635355179661,-71.20635355179661
1352.1500379085542,-71.20534287219262,-71.20534287219262
1352.1600379085542,-71.20434432219112,-71.20434432219112
1352.1700379085541,-71.20335803124667,-71.20335803124667
1352.1800379085541,-71.20238412600098,-71.20238412600098
1352.1900379085541,-71.20142273037048,-71.20142273037048
1352.2000379085541,-71.20047396552866,-71.20047396552866
1352.210037908554,-71.19953794999081,-71.19953794999081
1352.220037908554,-71.19861479962049,-71.19861479962049
1352.230037908554,-71.1977046276923,-71.1977046276923
1352.240037908554,-71.19680754491571,-71.19680754491571
1352.250037908554,-71.19592365947102,-71.19592365947102
1352.260037908554,-71.19505307705903,-71.19505307705903
1352.270037908554,-71.19419590092414,-71.19419590092414
1352.280037908554,-71.19335223188612,-71.19335223188612
1352.290037908554,-71.19252216839989,-71.19252216839989
1352.300037908554,-71.19170580656632,-71.19170580656632
1352.310037908554,-71.19090324018545,-71.19090324018545
1352.320037908554,-71.19011456076504,-71.19011456076504
1352.330037908554,-71.18933985758663,-71.18933985758663
1352.340037908554,-71.18857921770616,-71.18857921770616
1352.350037932396,-71.18783272424442,-71.18783272424442
1352.360037932396,-71.18710046353618,-71.18710046353618
1352.370037932396,-71.18638251439457,-71.18638251439457
1352.380037932396,-71.18567895537765,-71.18567895537765
1352.390037932396,-71.18498986298265,-71.18498986298265
1352.400037932396,-71.1843153117035,-71.1843153117035
1352.4100379323959,-71.18365537403265,-71.18365537403265
1352.4200379323959,-71.1830101205205,-71.1830101205205
1352.4300379323959,-71.18237961978308,-71.18237961978308
1352.4400379323959,-71.18176393852409,-71.18176393852409
1352.4500379323958,-71.18116314160804,-71.18116314160804
1352.4600379323958,-71.18057729202397,-71.18057729202397
1352.4700379323958,-71.18000645097153,-71.18000645097153
1352.480037932396,-71.1794506778642,-71.1794506778642
1352.490037932396,-71.17891003034232,-71.17891003034232
1352.500037932396,-71.17838456432698,-71.17838456432698
1352.510037932396,-71.1778743340372,-71.1778743340372
1352.520037932396,-71.17737939200353,-71.17737939200353
1352.530037932396,-71.17689978911898,-71.17689978911898
1352.540037932396,-71.1764355746271,-71.1764355746271
1352.550037932396,-71.17598679619324,-71.17598679619324
1352.560037932396,-71.17555349990245,-71.17555349990245
1352.570037932396,-71.17513573027277,-71.17513573027277
1352.580037932396,-71.17473353031325,-71.17473353031325
1352.590037932396,-71.17434694150718,-71.17434694150718
1352.600037932396,-71.17397600387115,-71.17397600387115
1352.610037932396,-71.17362075596456,-71.17362075596456
1352.620037932396,-71.17328123490128,-71.17328123490128
1352.630037932396,-71.17295747640179,-71.17295747640179
1352.640037932396,-71.17264951477269,-71.17264951477269
1352.650037932396,-71.17235738297653,-71.17235738297653
1352.6600379323959,-71.17208111260413,-71.17208111260413
1352.6700379323959,-71.17182073393542,-71.17182073393542
1352.6800379323959,-71.17157627594052,-71.17157627594052
1352.6900379323959,-71.17134776630448,-71.17134776630448
1352.7000379323958,-71.1711352314473,-71.1711352314473
1352.7100379323958,-71.17093869656178,-71.17093869656178
1352.7200379323958,-71.17075818558561,-71.17075818558561
1352.730037932396,-71.17059372127738,-71.17059372127738
1352.740037932396,-71.17044532519331,-71.17044532519331
1352.750037932396,-71.17031301773376,-71.17031301773376
1352.760037932396,-71.1701968181401,-71.1701968181401
1352.770037932396,-71.17009674453658,-71.17009674453658
1352.780037932396,-71.1700128139206,-71.1700128139206
1352.790037932396,-71.16994504220636,-71.16994504220636
1352.800037932396,-71.16989344422795,-71.16989344422795
1352.810037932396,-71.16985803375563,-71.16985803375563
1352.820037932396,-71.1698388235244,-71.1698388235244
1352.830037932396,-71.16983582524247,-71.16983582524247
1352.840037932396,-71.16984904960249,-71.16984904960249
1352.850037932396,-71.16987850630697,-71.16987850630697
1352.860037932396,-71.16992420409,-71.16992420409
1352.870037932396,-71.16998615070511,-71.16998615070511
1352.880037932396,-71.17006435297967,-71.17006435297967
1352.890037932396,-71.17015881680418,-71.17015881680418
1352.900037932396,-71.17026954714864,-71.17026954714864
1352.9100379323959,-71.1703965480812,-71.1703965480812
1352.9200379323959,-71.17053982280424,-71.17053982280424
1352.9300379323959,-71.17069937362186,-71.17069937362186
1352.9400379323959,-71.1708752020005,-71.1708752020005
1352.9500379323958,-71.17106730856233,-71.17106730856233
1352.9600379323958,-71.17126949053568,-71.17126949053568
1352.9700379323958,-71.17147903612403,-71.17147903612403
1352.980037932396,-71.17169462853495,-71.17169462853495
1352.990037932396,-71.17191559626053,-71.17191559626053
1353.000037932396,-71.17214162689339,-71.17214162689339
1353.010037932396,-71.1723726184675,-71.1723726184675
1353.020037932396,-71.17260859227328,-71.17260859227328
1353.030037932396,-71.17284964045786,-71.17284964045786
1353.040037932396,-71.17309589451624,-71.17309589451624
1353.050037932396,-71.17334750641126,-71.17334750641126
1353.060037932396,-71.17360463729408,-71.17360463729408
1353.070037932396,-71.17386745093232,-71.17386745093232
1353.080037932396,-71.17413610993863,-71.17413610993863
1353.090037932396,-71.17441077371497,-71.17441077371497
1353.100037932396,-71.17469159744141,-71.17469159744141
1353.110037932396,-71.17497873169006,-71.17497873169006
1353.120037932396,-71.17527232239746,-71.17527232239746
1353.130037932396,-71.1755725110254,-71.1755725110254
1353.140037932396,-71.17587943481327,-71.17587943481327
1353.150037932396,-71.1761932271109,-71.1761932271109
1353.1600379323959,-71.17651401765741,-71.17651401765741
1353.1700379323959,-71.17684193291832,-71.17684193291832
1353.1800379323959,-71.17717709633162,-71.17717709633162
1353.1900379323959,-71.1775196285619,-71.1775196285619
1353.2000379562378,-71.1778696485515,-71.1778696485515
1353.2100379562378,-71.17822106722487,-71.17822106722487
1353.2200379562378,-71.17857128773326,-71.17857128773326
1353.2300379562378,-71.1789191062438,-71.1789191062438
1353.2400379562378,-71.17926396311732,-71.17926396311732
1353.2500379562377,-71.17960565680653,-71.17960565680653
1353.2600379562377,-71.1799441952712,-71.1799441952712
1353.2700379562377,-71.18027970883983,-71.18027970883983
1353.2800379562377,-71.18061239787549,-71.18061239787549
1353.2900379562377,-71.18094250128976,-71.18094250128976
1353.3000379562377,-71.18127027769263,-71.18127027769263
1353.3100379562377,-71.18159599414506,-71.18159599414506
1353.3200379562377,-71.18191991958757,-71.18191991958757
1353.330037956238,-71.18224232107777,-71.18224232107777
1353.340037956238,-71.18256346174681,-71.18256346174681
1353.3500379562379,-71.18288359978466,-71.18288359978466
1353.3600379562379,-71.18320298805068,-71.18320298805068
1353.3700379562379,-71.18352187403651,-71.18352187403651
1353.3800379562379,-71.18384050002595,-71.18384050002595
1353.3900379562378,-71.1841591033558,-71.1841591033558
1353.4000379562378,-71.18447791671917,-71.18447791671917
1353.4100379562378,-71.18479716845039,-71.18479716845039
1353.4200379562378,-71.18511708283047,-71.18511708283047
1353.4300379562378,-71.18543788036177,-71.18543788036177
1353.4400379562378,-71.1857597779726,-71.1857597779726
1353.4500379562378,-71.18608298926597,-71.18608298926597
1353.4600379562378,-71.18640772467273,-71.18640772467273
1353.4700379562378,-71.18673419161979,-71.18673419161979
1353.4800379562378,-71.18706259465986,-71.18706259465986
1353.4900379562378,-71.18739313558513,-71.18739313558513
1353.5000379562377,-71.1877260134959,-71.1877260134959
1353.5100379562377,-71.18806142492092,-71.18806142492092
1353.5200379562377,-71.18839956385764,-71.18839956385764
1353.5300379562377,-71.18874062183396,-71.18874062183396
1353.5400379562377,-71.18908478794263,-71.18908478794263
1353.5500379562377,-71.18943224887681,-71.18943224887681
1353.5600379562377,-71.18978318898345,-71.18978318898345
1353.5700379562377,-71.1901377902671,-71.1901377902671
1353.580037956238,-71.19049623241148,-71.19049623241148
1353.590037956238,-71.19085869278905,-71.19085869278905
1353.6000379562379,-71.19122534649071,-71.19122534649071
1353.6100379562379,-71.19159636633366,-71.19159636633366
1353.6200379562379,-71.19197192285307,-71.19197192285307
1353.6300379562379,-71.19235218433793,-71.19235218433793
1353.6400379562378,-71.19273731681511,-71.19273731681511
1353.6500379562378,-71.19312748404363,-71.19312748404363
1353.6600379562378,-71.19352284757453,-71.19352284757453
1353.6700379562378,-71.19392356667896,-71.19392356667896
1353.6800379562378,-71.19432979841336,-71.19432979841336
1353.6900379562378,-71.19474169760285,-71.19474169760285
1353.7000379562378,-71.1951594168479,-71.1951594168479
1353.7100379562378,-71.19558310652057,-71.19558310652057
1353.7200379562378,-71.19601291477993,-71.19601291477993
1353.7300379562378,-71.19644898758685,-71.19644898758685
1353.7400379562378,-71.19689146869172,-71.19689146869172
1353.7500379562377,-71.1973404996292,-71.1973404996292
1353.7600379562377,-71.1977962197822,-71.1977962197822
1353.7700379562377,-71.19825876632694,-71.19825876632694
1353.7800379562377,-71.1987282742765,-71.1987282742765
1353.7900379562377,-71.19920487647423,-71.19920487647423
1353.8000379562377,-71.19968870362314,-71.19968870362314
1353.8100379562377,-71.2001798842673,-71.2001798842673
1353.8200379562377,-71.20067854482892,-71.20067854482892
1353.830037956238,-71.2011848095985,-71.2011848095985
1353.840037956238,-71.2016988007591,-71.2016988007591
1353.8500379562379,-71.20222063840052,-71.20222063840052
1353.8600379562379,-71.20275044052732,-71.20275044052732
1353.8700379562379,-71.20328832306593,-71.20328832306593
1353.8800379562379,-71.20383439988346,-71.20383439988346
1353.8900379562378,-71.20438878280447,-71.20438878280447
1353.9000379562378,-71.20495158162088,-71.20495158162088
1353.9100379562378,-71.20552290411564,-71.20552290411564
1353.9200379562378,-71.20610285606517,-71.20610285606517
1353.9300379562378,-71.20669154126162,-71.20669154126162
1353.9400379562378,-71.20728906152104,-71.20728906152104
1353.9500379562378,-71.2078955167187,-71.2078955167187
1353.9600379562378,-71.20851100478298,-71.20851100478298
1353.9700379562378,-71.20913562173077,-71.20913562173077
1353.9800379562378,-71.20976946166219,-71.20976946166219
1353.9900379562378,-71.21041261681003,-71.21041261681003
1354.0000379562377,-71.2110651775139,-71.2110651775139
1354.0100379562377,-71.2117272322789,-71.2117272322789
1354.0200379562377,-71.21239886777344,-71.21239886777344
1354.0300379562377,-71.21308016885047,-71.21308016885047
1354.0400379562377,-71.21377121855946,-71.21377121855946
1354.0500379800797,-71.2144720998541,-71.2144720998541
1354.0600379800796,-71.21518288893832,-71.21518288893832
1354.0700379800796,-71.21590366521478,-71.21590366521478
1354.0800379800796,-71.2166345047237,-71.2166345047237
1354.0900379800796,-71.21737548182105,-71.21737548182105
1354.1000379800796,-71.21812666915108,-71.21812666915108
1354.1100379800796,-71.21888813769776,-71.21888813769776
1354.1200379800796,-71.21965995679857,-71.21965995679857
1354.1300379800796,-71.22044219414893,-71.22044219414893
1354.1400379800796,-71.22123491584648,-71.22123491584648
1354.1500379800796,-71.22203818638243,-71.22203818638243
1354.1600379800796,-71.22285206868217,-71.22285206868217
1354.1700379800795,-71.22367662410201,-71.22367662410201
1354.1800379800798,-71.22451191247326,-71.22451191247326
1354.1900379800798,-71.22535799210233,-71.22535799210233
1354.2000379800797,-71.22621491978691,-71.22621491978691
1354.2100379800797,-71.22708275085841,-71.22708275085841
1354.2200379800797,-71.22796153918009,-71.22796153918009
1354.2300379800797,-71.22885133714827,-71.22885133714827
1354.2400379800797,-71.22975219576612,-71.22975219576612
1354.2500379800797,-71.23066416459977,-71.23066416459977
1354.2600379800797,-71.23158729183528,-71.23158729183528
1354.2700379800797,-71.23252162427974,-71.23252162427974
1354.2800379800797,-71.23346720740464,-71.23346720740464
1354.2900379800797,-71.23442408532243,-71.23442408532243
1354.3000379800797,-71.23539230083217,-71.23539230083217
1354.3100379800796,-71.23637189543045,-71.23637189543045
1354.3200379800796,-71.23736290932908,-71.23736290932908
1354.3300379800796,-71.23836538147674,-71.23836538147674
1354.3400379800796,-71.23937934956547,-71.23937934956547
1354.3500379800796,-71.2404048500652,-71.2404048500652
1354.3600379800796,-71.24144191821455,-71.24144191821455
1354.3700379800796,-71.24249058806264,-71.24249058806264
1354.3800379800796,-71.2435508924719,-71.2435508924719
1354.3900379800796,-71.24462286314656,-71.24462286314656
1354.4000379800796,-71.24570653063415,-71.24570653063415
1354.4100379800796,-71.24680192434374,-71.24680192434374
1354.4200379800795,-71.2479090725749,-71.2479090725749
1354.4300379800798,-71.24902800252197,-71.24902800252197
1354.4400379800798,-71.25015874030339,-71.25015874030339
1354.4500379800797,-71.25130131094984,-71.25130131094984
1354.4600379800797,-71.25245573845227,-71.25245573845227
1354.4700379800797,-71.25362204575859,-71.25362204575859
1354.4800379800797,-71.2548002547909,-71.2548002547909
1354.4900379800797,-71.2559903864637,-71.2559903864637
1354.5000379800797,-71.25719246068472,-71.25719246068472
1354.5100379800797,-71.2584064964066,-71.2584064964066
1354.5200379800797,-71.2596325116038,-71.2596325116038
1354.5300379800797,-71.26087052329432,-71.26087052329432
1354.5400379800797,-71.2621205475747,-71.2621205475747
1354.5500379800797,-71.26338259960865,-71.26338259960865
1354.5600379800796,-71.26465669365211,-71.26465669365211
1354.5700379800796,-71.26594284307161,-71.26594284307161
1354.5800379800796,-71.2672410603501,-71.2672410603501
1354.5900379800796,-71.26855135709764,-71.26855135709764
1354.6000379800796,-71.2698737440873,-71.2698737440873
1354.6100379800796,-71.27120823123064,-71.27120823123064
1354.6200379800796,-71.27255482761639,-71.27255482761639
1354.6300379800796,-71.2739135415276,-71.2739135415276
1354.6400379800796,-71.27528438044436,-71.27528438044436
1354.6500379800796,-71.27666735104572,-71.27666735104572
1354.6600379800796,-71.27806245924292,-71.27806245924292
1354.6700379800795,-71.27946971017204,-71.27946971017204
1354.6800379800798,-71.28088910823284,-71.28088910823284
1354.6900379800798,-71.28232065706868,-71.28232065706868
1354.7000379800797,-71.28376435959237,-71.28376435959237
1354.7100379800797,-71.2852202180084,-71.2852202180084
1354.7200379800797,-71.28668823381243,-71.28668823381243
1354.7300379800797,-71.28816840780068,-71.28816840780068
1354.7400379800797,-71.28966074009013,-71.28966074009013
1354.7500379800797,-71.29116523012206,-71.29116523012206
1354.7600379800797,-71.2926818766713,-71.2926818766713
1354.7700379800797,-71.29421067787267,-71.29421067787267
1354.7800379800797,-71.29575163121247,-71.29575163121247
1354.7900379800797,-71.2973047335461,-71.2973047335461
1354.8000379800797,-71.29886998111468,-71.29886998111468
1354.8100379800796,-71.30044736954738,-71.30044736954738
1354.8200379800796,-71.30203689387112,-71.30203689387112
1354.8300379800796,-71.30363854851754,-71.30363854851754
1354.8400379800796,-71.3052523273536,-71.3052523273536
1354.8500379800796,-71.30687822367018,-71.30687822367018
1354.8600379800796,-71.30851623018641,-71.30851623018641
1354.8700379800796,-71.3101663390855,-71.3101663390855
1354.8800379800796,-71.31182854200625,-71.31182854200625
1354.8900379800796,-71.31350283004625,-71.31350283004625
1354.9000380039215,-71.31518919780021,-71.31518919780021
1354.9100380039215,-71.31688762733836,-71.31688762733836
1354.9200380039215,-71.31859811219064,-71.31859811219064
1354.9300380039215,-71.32032064141539,-71.32032064141539
1354.9400380039215,-71.32205520358394,-71.32205520358394
1354.9500380039215,-71.32380178679246,-71.32380178679246
1354.9600380039215,-71.32556037866027,-71.32556037866027
1354.9700380039214,-71.32733096634104,-71.32733096634104
1354.9800380039214,-71.32911353653216,-71.32911353653216
1354.9900380039214,-71.33090807547846,-71.33090807547846
1355.0000380039214,-71.33271456899608,-71.33271456899608
1355.0100380039214,-71.33453300245647,-71.33453300245647
1355.0200380039214,-71.33636336082249,-71.33636336082249
1355.0300380039216,-71.33820562861905,-71.33820562861905
1355.0400380039216,-71.34005978998113,-71.34005978998113
1355.0500380039216,-71.34192582863173,-71.34192582863173
1355.0600380039216,-71.34380372788442,-71.34380372788442
1355.0700380039216,-71.34569347069527,-71.34569347069527
1355.0800380039216,-71.34759503962263,-71.34759503962263
1355.0900380039216,-71.34950841683671,-71.34950841683671
1355.1000380039216,-71.35143358416376,-71.35143358416376
1355.1100380039215,-71.35337052306222,-71.35337052306222
1355.1200380039215,-71.35531921462405,-71.35531921462405
1355.1300380039215,-71.35727963961514,-71.35727963961514
1355.1400380039215,-71.35925177844624,-71.35925177844624
1355.1500380039215,-71.36123561118691,-71.36123561118691
1355.1600380039215,-71.3632311175917,-71.3632311175917
1355.1700380039215,-71.36523827709753,-71.36523827709753
1355.1800380039215,-71.36725706879623,-71.36725706879623
1355.1900380039215,-71.3692874715056,-71.3692874715056
1355.2000380039215,-71.37132946371004,-71.37132946371004
1355.2100380039215,-71.37338302361125,-71.37338302361125
1355.2200380039214,-71.37544812911577,-71.37544812911577
1355.2300380039214,-71.37752475783074,-71.37752475783074
1355.2400380039214,-71.37961288710805,-71.37961288710805
1355.2500380039214,-71.38171249399136,-71.38171249399136
1355.2600380039214,-71.38382355527234,-71.38382355527234
1355.2700380039214,-71.38594604747679,-71.38594604747679
1355.2800380039216,-71.38807994686506,-71.38807994686506
1355.2900380039216,-71.39022522943672,-71.39022522943672
1355.3000380039216,-71.39238187095995,-71.39238187095995
1355.3100380039216,-71.39454984693576,-71.39454984693576
1355.3200380039216,-71.39672913264043,-71.39672913264043
1355.3300380039216,-71.3989197031105,-71.3989197031105
1355.3400380039216,-71.40112153314982,-71.40112153314982
1355.3500380039216,-71.40333459733637,-71.40333459733637
1355.3600380039215,-71.40555887003559,-71.40555887003559
1355.3700380039215,-71.40779432538064,-71.40779432538064
1355.3800380039215,-71.41004093731316,-71.41004093731316
1355.3900380039215,-71.41229867954806,-71.41229867954806
1355.4000380039215,-71.41456752560417,-71.41456752560417
1355.4100380039215,-71.4168474488106,-71.4168474488106
1355.4200380039215,-71.41913842228786,-71.41913842228786
1355.4300380039215,-71.42144041896917,-71.42144041896917
1355.4400380039215,-71.42375341161474,-71.42375341161474
1355.4500380039215,-71.42607737278553,-71.42607737278553
1355.4600380039215,-71.4284122748752,-71.4284122748752
1355.4700380039214,-71.43075809009804,-71.43075809009804
1355.4800380039214,-71.43311479050368,-71.43311479050368
1355.4900380039214,-71.43548234796381,-71.43548234796381
1355.5000380039214,-71.43786073420077,-71.43786073420077
1355.5100380039214,-71.4402499207755,-71.4402499207755
1355.5200380039214,-71.44264987908514,-71.44264987908514
1355.5300380039216,-71.44506058039059,-71.44506058039059
1355.5400380039216,-71.44748199578437,-71.44748199578437
1355.5500380039216,-71.44991409623832,-71.44991409623832
1355.5600380039216,-71.45235685256853,-71.45235685256853
1355.5700380039216,-71.45481023545327,-71.45481023545327
1355.5800380039216,-71.45727421543813,-71.45727421543813
1355.5900380039216,-71.45974876294453,-71.45974876294453
1355.6000380039216,-71.46223384826288,-71.46223384826288
1355.6100380039215,-71.46472944155249,-71.46472944155249
1355.6200380039215,-71.4672355128602,-71.4672355128602
1355.6300380039215,-71.46975203211566,-71.46975203211566
1355.6400380039215,-71.47227896912815,-71.47227896912815
1355.6500380039215,-71.47481629359068,-71.47481629359068
1355.6600380039215,-71.47736397509513,-71.47736397509513
1355.6700380039215,-71.47992198313304,-71.47992198313304
1355.6800380039215,-71.48249028708433,-71.48249028708433
1355.6900380039215,-71.48506885622359,-71.48506885622359
1355.7000380039215,-71.48765765973702,-71.48765765973702
1355.7100380039215,-71.49025666671912,-71.49025666671912
1355.7200380039214,-71.49286584616618,-71.49286584616618
1355.7300380039214,-71.49548516698256,-71.49548516698256
1355.7400380039214,-71.49811459799366,-71.49811459799366
1355.7500380277634,-71.50075411423013,-71.50075411423013
1355.7600380277634,-71.50340367180732,-71.50340367180732
1355.7700380277633,-71.50606324554472,-71.50606324554472
1355.7800380277633,-71.50873280394472,-71.50873280394472
1355.7900380277633,-71.5114123154475,-71.5114123154475
1355.8000380277633,-71.51410174840412,-71.51410174840412
1355.8100380277633,-71.51680107110482,-71.51680107110482
1355.8200380277633,-71.51951025177476,-71.51951025177476
1355.8300380277633,-71.52222925856442,-71.52222925856442
1355.8400380277633,-71.52495805957732,-71.52495805957732
1355.8500380277633,-71.52769662283924,-71.52769662283924
1355.8600380277633,-71.53044491634067,-71.53044491634067
1355.8700380277633,-71.533202908001,-71.533202908001
1355.8800380277635,-71.53597056568276,-71.53597056568276
1355.8900380277635,-71.53874785721662,-71.53874785721662
1355.9000380277635,-71.5415347503702,-71.5415347503702
1355.9100380277634,-71.54433121286127,-71.54433121286127
1355.9200380277634,-71.54713721236875,-71.54713721236875
1355.9300380277634,-71.54995271653551,-71.54995271653551
1355.9400380277634,-71.55277769294482,-71.55277769294482
1355.9500380277634,-71.55561210915867,-71.55561210915867
1355.9600380277634,-71.55845593270183,-71.55845593270183
1355.9700380277634,-71.56130913105282,-71.56130913105282
1355.9800380277634,-71.56417167165345,-71.56417167165345
1355.9900380277634,-71.5670435219411,-71.5670435219411
1356.0000380277634,-71.56992464929046,-71.56992464929046
1356.0100380277634,-71.57281502106963,-71.57281502106963
1356.0200380277633,-71.57571460461168,-71.57571460461168
1356.0300380277633,-71.57862336722613,-71.57862336722613
1356.0400380277633,-71.58154127620477,-71.58154127620477
1356.0500380277633,-71.58446829881362,-71.58446829881362
1356.0600380277633,-71.58740440230216,-71.58740440230216
1356.0700380277633,-71.59034955389903,-71.59034955389903
1356.0800380277633,-71.59330372081885,-71.59330372081885
1356.0900380277633,-71.59626687026034,-71.59626687026034
1356.1000380277633,-71.59923896940786,-71.59923896940786
1356.1100380277633,-71.60221998543453,-71.60221998543453
1356.1200380277633,-71.60520988550913,-71.60520988550913
1356.1300380277635,-71.60820863678882,-71.60820863678882
1356.1400380277635,-71.61121620641947,-71.61121620641947
1356.1500380277635,-71.61423256154616,-71.61423256154616
1356.1600380277634,-71.6172576693062,-71.6172576693062
1356.1700380277634,-71.62029149683543,-71.62029149683543
1356.1800380277634,-71.62333401126409,-71.62333401126409
1356.1900380277634,-71.62638517973727,-71.62638517973727
1356.2000380277634,-71.62944496938074,-71.62944496938074
1356.2100380277634,-71.63251334733684,-71.63251334733684
1356.2200380277634,-71.6355902807442,-71.6355902807442
1356.2300380277634,-71.63867573675313,-71.63867573675313
1356.2400380277634,-71.64176968251179,-71.64176968251179
1356.2500380277634,-71.64487208518388,-71.64487208518388
1356.2600380277634,-71.64798291193324,-71.64798291193324
1356.2700380277633,-71.6511021299476,-71.6511021299476
1356.2800380277633,-71.65422970640212,-71.65422970640212
1356.2900380277633,-71.65736560851632,-71.65736560851632
1356.3000380277633,-71.66050980349398,-71.66050980349398
1356.3100380277633,-71.66366225856791,-71.66366225856791
1356.3200380277633,-71.66682294098412,-71.66682294098412
1356.3300380277633,-71.669991818,-71.669991818
1356.3400380277633,-71.6731688568988,-71.6731688568988
1356.3500380277633,-71.67635402497933,-71.67635402497933
1356.3600380277633,-71.67954728955826,-71.67954728955826
1356.3700380277633,-71.68274861797344,-71.68274861797344
1356.3800380277635,-71.68595797758898,-71.68595797758898
1356.3900380277635,-71.6891753357783,-71.6891753357783
1356.4000380277635,-71.69240065995393,-71.69240065995393
1356.4100380277634,-71.69563391755341,-71.69563391755341
1356.4200380277634,-71.69887507602503,-71.69887507602503
1356.4300380277634,-71.70212410285822,-71.70212410285822
1356.4400380277634,-71.70538096555897,-71.70538096555897
1356.4500380277634,-71.70864563167405,-71.70864563167405
1356.4600380277634,-71.71191181310284,-71.71191181310284
1356.4700380277634,-71.71517673684995,-71.71517673684995
1356.4800380277634,-71.71843903537757,-71.71843903537757
1356.4900380277634,-71.72169799187853,-71.72169799187853
1356.5000380277634,-71.72495325215264,-71.72495325215264
1356.5100380277634,-71.7282046750485,-71.7282046750485
1356.5200380277633,-71.73145224465854,-71.73145224465854
1356.5300380277633,-71.73469601770766,-71.73469601770766
1356.5400380277633,-71.73793609179941,-71.73793609179941
1356.5500380277633,-71.74117258642609,-71.74117258642609
1356.5600380277633,-71.74440563161991,-71.74440563161991
1356.5700380277633,-71.74763536129048,-71.74763536129048
1356.5800380277633,-71.75086190940455,-71.75086190940455
1356.5900380277633,-71.75408540787093,-71.75408540787093
1356.6000380516052,-71.757305993183,-71.757305993183
1356.6100380516052,-71.7605237752928,-71.7605237752928
1356.6200380516052,-71.76373888357021,-71.76373888357021
1356.6300380516052,-71.76695143626156,-71.76695143626156
1356.6400380516052,-71.77016154837001,-71.77016154837001
1356.6500380516052,-71.7733693319533,-71.7733693319533
1356.6600380516052,-71.77657489641287,-71.77657489641287
1356.6700380516052,-71.77977834875006,-71.77977834875006
1356.6800380516052,-71.78297979381057,-71.78297979381057
1356.6900380516051,-71.78617933453113,-71.78617933453113
1356.7000380516051,-71.78937707213436,-71.78937707213436
1356.7100380516051,-71.79256684380032,-71.79256684380032
1356.7200380516051,-71.7957460041814,-71.7957460041814
1356.7300380516053,-71.79891331362089,-71.79891331362089
1356.7400380516053,-71.8020681826702,-71.8020681826702
1356.7500380516053,-71.80521038378915,-71.80521038378915
1356.7600380516053,-71.80833990164356,-71.80833990164356
1356.7700380516053,-71.81145684533944,-71.81145684533944
1356.7800380516053,-71.8145613957394,-71.8145613957394
1356.7900380516053,-71.81765377376787,-71.81765377376787
1356.8000380516053,-71.82073422138515,-71.82073422138515
1356.8100380516053,-71.82380299025785,-71.82380299025785
1356.8200380516053,-71.82686033511943,-71.82686033511943
1356.8300380516052,-71.82990650990949,-71.82990650990949
1356.8400380516052,-71.83294176571562,-71.83294176571562
1356.8500380516052,-71.83596634968019,-71.83596634968019
1356.8600380516052,-71.8389805046107,-71.8389805046107
1356.8700380516052,-71.8419844688639,-71.8419844688639
1356.8800380516052,-71.84497847649848,-71.84497847649848
1356.8900380516052,-71.84796275747716,-71.84796275747716
1356.9000380516052,-71.85093753797476,-71.85093753797476
1356.9100380516052,-71.85390304058815,-71.85390304058815
1356.9200380516052,-71.85685948468056,-71.85685948468056
1356.9300380516052,-71.85980708655498,-71.85980708655498
1356.9400380516051,-71.86274605969247,-71.86274605969247
1356.9500380516051,-71.86567661495134,-71.86567661495134
1356.9600380516051,-71.86859269246906,-71.86859269246906
1356.9700380516051,-71.87149175258506,-71.87149175258506
1356.9800380516053,-71.8743726618132,-71.8743726618132
1356.9900380516053,-71.87723493659179,-71.87723493659179
1357.0000380516053,-71.88007845466423,-71.88007845466423
1357.0100380516053,-71.88290330523495,-71.88290330523495
1357.0200380516053,-71.88570970114057,-71.88570970114057
1357.0300380516053,-71.88849792606644,-71.88849792606644
1357.0400380516053,-71.89126830283139,-71.89126830283139
1357.0500380516053,-71.89402117435,-71.89402117435
1357.0600380516053,-71.89675689228197,-71.89675689228197
1357.0700380516053,-71.89947581035518,-71.89947581035518
1357.0800380516052,-71.90217828054743,-71.90217828054743
1357.0900380516052,-71.90486465096735,-71.90486465096735
1357.1000380516052,-71.90753526479487,-71.90753526479487
1357.1100380516052,-71.91019045986113,-71.91019045986113
1357.1200380516052,-71.91283056856233,-71.91283056856233
1357.1300380516052,-71.9154559179629,-71.9154559179629
1357.1400380516052,-71.91806683004667,-71.91806683004667
1357.1500380516052,-71.92066362197743,-71.92066362197743
1357.1600380516052,-71.92324660637041,-71.92324660637041
1357.1700380516052,-71.92581609154763,-71.92581609154763
1357.1800380516052,-71.92837238179594,-71.92837238179594
1357.1900380516051,-71.93091577756977,-71.93091577756977
1357.2000380516051,-71.93344657568822,-71.93344657568822
1357.2100380516051,-71.9359650694813,-71.9359650694813
1357.2200380516051,-71.93847154894873,-71.93847154894873
1357.2300380516053,-71.94096630085718,-71.94096630085718
1357.2400380516053,-71.94344960884374,-71.94344960884374
1357.2500380516053,-71.94592175349459,-71.94592175349459
1357.2600380516053,-71.94838301240048,-71.94838301240048
1357.2700380516053,-71.95083366023378,-71.95083366023378
1357.2800380516053,-71.95327396876444,-71.95327396876444
1357.2900380516053,-71.95570420691509,-71.95570420691509
1357.3000380516053,-71.95812464076799,-71.95812464076799
1357.3100380516053,-71.9605355336036,-71.9605355336036
1357.3200380516053,-71.96293714590887,-71.96293714590887
1357.3300380516052,-71.96532973538758,-71.96532973538758
1357.3400380516052,-71.96771355697709,-71.96771355697709
1357.3500380516052,-71.97008886284655,-71.97008886284655
1357.3600380516052,-71.97245590241288,-71.97245590241288
1357.3700380516052,-71.97481492233103,-71.97481492233103
1357.3800380516052,-71.97716616651536,-71.97716616651536
1357.3900380516052,-71.97950987612315,-71.97950987612315
1357.4000380516052,-71.98184628957281,-71.98184628957281
1357.4100380516052,-71.98417564252914,-71.98417564252914
1357.4200380516052,-71.9864981679246,-71.9864981679246
1357.4300380516052,-71.98881409594432,-71.98881409594432
1357.4400380516051,-71.991123654045,-71.991123654045
1357.450038075447,-71.99342707242685,-71.99342707242685
1357.460038075447,-71.99571828475145,-71.99571828475145
1357.470038075447,-71.99799476728654,-71.99799476728654
1357.480038075447,-72.00025539882479,-72.00025539882479
1357.490038075447,-72.00249970855131,-72.00249970855131
1357.500038075447,-72.00472758687363,-72.00472758687363
1357.510038075447,-72.00693913526997,-72.00693913526997
1357.520038075447,-72.00913457822844,-72.00913457822844
1357.530038075447,-72.01131421037753,-72.01131421037753
1357.540038075447,-72.01347836469994,-72.01347836469994
1357.550038075447,-72.01562739340126,-72.01562739340126
1357.560038075447,-72.01776165657535,-72.01776165657535
1357.570038075447,-72.01988151552602,-72.01988151552602
1357.5800380754472,-72.02198732891401,-72.02198732891401
1357.5900380754472,-72.0240794506795,-72.0240794506795
1357.6000380754472,-72.02615822897576,-72.02615822897576
1357.6100380754472,-72.02822400578066,-72.02822400578066
1357.6200380754472,-72.03027711682671,-72.03027711682671
1357.6300380754471,-72.03231789173137,-72.03231789173137
1357.6400380754471,-72.03434665427338,-72.03434665427338
1357.6500380754471,-72.03636372265912,-72.03636372265912
1357.6600380754471,-72.03836940984888,-72.03836940984888
1357.670038075447,-72.04036402382265,-72.04036402382265
1357.680038075447,-72.04234786786425,-72.04234786786425
1357.690038075447,-72.04432124078826,-72.04432124078826
1357.700038075447,-72.0462844371793,-72.0462844371793
1357.710038075447,-72.04823774755145,-72.04823774755145
1357.720038075447,-72.05018145851825,-72.05018145851825
1357.730038075447,-72.05211585295008,-72.05211585295008
1357.740038075447,-72.05404121005718,-72.05404121005718
1357.750038075447,-72.05595780553462,-72.05595780553462
1357.760038075447,-72.0578659116218,-72.0578659116218
1357.770038075447,-72.0597657972032,-72.0597657972032
1357.780038075447,-72.06165772783764,-72.06165772783764
1357.790038075447,-72.0635419658477,-72.0635419658477
1357.800038075447,-72.06541877034749,-72.06541877034749
1357.810038075447,-72.06728839729426,-72.06728839729426
1357.820038075447,-72.06915109951181,-72.06915109951181
1357.8300380754472,-72.07100712673258,-72.07100712673258
1357.8400380754472,-72.07285672563071,-72.07285672563071
1357.8500380754472,-72.07470013982136,-72.07470013982136
1357.8600380754472,-72.07653760992103,-72.07653760992103
1357.8700380754472,-72.07836937352094,-72.07836937352094
1357.8800380754471,-72.08019566525985,-72.08019566525985
1357.8900380754471,-72.08201671678971,-72.08201671678971
1357.9000380754471,-72.0838327568232,-72.0838327568232
1357.9100380754471,-72.08564401115328,-72.08564401115328
1357.920038075447,-72.08745070264504,-72.08745070264504
1357.930038075447,-72.08925305126567,-72.08925305126567
1357.940038075447,-72.09105127411338,-72.09105127411338
1357.950038075447,-72.09284558540213,-72.09284558540213
1357.960038075447,-72.09462991222783,-72.09462991222783
1357.970038075447,-72.09640171264385,-72.09640171264385
1357.980038075447,-72.0981598545687,-72.0981598545687
1357.990038075447,-72.09990385706384,-72.09990385706384
1358.000038075447,-72.10163360078955,-72.10163360078955
1358.010038075447,-72.10334917762538,-72.10334917762538
1358.020038075447,-72.10505080248691,-72.10505080248691
1358.030038075447,-72.10673876041369,-72.10673876041369
1358.040038075447,-72.10841337467353,-72.10841337467353
1358.050038075447,-72.11007498769409,-72.11007498769409
1358.060038075447,-72.1117239496512,-72.1117239496512
1358.070038075447,-72.1133606118224,-72.1133606118224
1358.0800380754472,-72.1149853227326,-72.1149853227326
1358.0900380754472,-72.11659842607672,-72.11659842607672
1358.1000380754472,-72.11820025968319,-72.11820025968319
1358.1100380754472,-72.11979115512422,-72.11979115512422
1358.1200380754472,-72.12137143762534,-72.12137143762534
1358.1300380754471,-72.12294142626253,-72.12294142626253
1358.1400380754471,-72.12450143420698,-72.12450143420698
1358.1500380754471,-72.12605176902238,-72.12605176902238
1358.1600380754471,-72.12759273298134,-72.12759273298134
1358.170038075447,-72.12912462335736,-72.12912462335736
1358.180038075447,-72.13064773270426,-72.13064773270426
1358.190038075447,-72.13216234909838,-72.13216234909838
1358.200038075447,-72.13366875636265,-72.13366875636265
1358.210038075447,-72.1351672342777,-72.1351672342777
1358.220038075447,-72.13665805871288,-72.13665805871288
1358.230038075447,-72.13814150179455,-72.13814150179455
1358.240038075447,-72.13961783204135,-72.13961783204135
1358.250038075447,-72.14108731444422,-72.14108731444422
1358.260038075447,-72.14255021059115,-72.14255021059115
1358.270038075447,-72.14400677871765,-72.14400677871765
1358.280038075447,-72.1454572737869,-72.1454572737869
1358.290038075447,-72.14690194754752,-72.14690194754752
1358.300038099289,-72.1483410520258,-72.1483410520258
1358.310038099289,-72.1497748258153,-72.1497748258153
1358.320038099289,-72.15120351475278,-72.15120351475278
1358.330038099289,-72.15262735818409,-72.15262735818409
1358.340038099289,-72.1540465924359,-72.1540465924359
1358.350038099289,-72.15546145085005,-72.15546145085005
1358.3600380992889,-72.15687216379698,-72.15687216379698
1358.3700380992889,-72.15827895871114,-72.15827895871114
1358.3800380992889,-72.1596820601026,-72.1596820601026
1358.3900380992889,-72.16108168957739,-72.16108168957739
1358.4000380992888,-72.16247806585592,-72.16247806585592
1358.4100380992888,-72.16387140479112,-72.16387140479112
1358.4200380992888,-72.16526191938547,-72.16526191938547
1358.430038099289,-72.16664981980803,-72.16664981980803
1358.440038099289,-72.16803531341372,-72.16803531341372
1358.450038099289,-72.1694186047453,-72.1694186047453
1358.460038099289,-72.17079989557445,-72.17079989557445
1358.470038099289,-72.17217938489642,-72.17217938489642
1358.480038099289,-72.17355726894652,-72.17355726894652
1358.490038099289,-72.17493374123548,-72.17493374123548
1358.500038099289,-72.17630899254975,-72.17630899254975
1358.510038099289,-72.17768321097422,-72.17768321097422
1358.520038099289,-72.17905658191181,-72.17905658191181
1358.530038099289,-72.1804292880908,-72.1804292880908
1358.540038099289,-72.18180150959962,-72.18180150959962
1358.550038099289,-72.18317342388579,-72.18317342388579
1358.560038099289,-72.18454520579161,-72.18454520579161
1358.570038099289,-72.18591702756424,-72.18591702756424
1358.580038099289,-72.18728905887932,-72.18728905887932
1358.590038099289,-72.1886614668546,-72.1886614668546
1358.600038099289,-72.19003441607438,-72.19003441607438
1358.6100380992889,-72.19140806860689,-72.19140806860689
1358.6200380992889,-72.19278258403106,-72.19278258403106
1358.6300380992889,-72.19415811945213,-72.19415811945213
1358.6400380992889,-72.19553482952168,-72.19553482952168
1358.6500380992888,-72.19691286645387,-72.19691286645387
1358.6600380992888,-72.19829238006297,-72.19829238006297
1358.6700380992888,-72.19967351776995,-72.19967351776995
1358.680038099289,-72.20105642462973,-72.20105642462973
1358.690038099289,-72.20244124335417,-72.20244124335417
1358.700038099289,-72.20382811433606,-72.20382811433606
1358.710038099289,-72.2052108831606,-72.2052108831606
1358.720038099289,-72.20658693260059,-72.20658693260059
1358.730038099289,-72.2079550580208,-72.2079550580208
1358.740038099289,-72.20931470750362,-72.20931470750362
1358.750038099289,-72.21066569180695,-72.21066569180695
1358.760038099289,-72.21200803375409,-72.21200803375409
1358.770038099289,-72.21334187991752,-72.21334187991752
1358.780038099289,-72.21466744756523,-72.21466744756523
1358.790038099289,-72.21598499276458,-72.21598499276458
1358.800038099289,-72.21729479124588,-72.21729479124588
1358.810038099289,-72.21859712702042,-72.21859712702042
1358.820038099289,-72.21989228567074,-72.21989228567074
1358.830038099289,-72.22118055054594,-72.22118055054594
1358.840038099289,-72.22246220068064,-72.22246220068064
1358.850038099289,-72.2237375097762,-72.2237375097762
1358.8600380992889,-72.2250067457726,-72.2250067457726
1358.8700380992889,-72.22627017082561,-72.22627017082561
1358.8800380992889,-72.22752804148263,-72.22752804148263
1358.8900380992889,-72.22878060893873,-72.22878060893873
1358.9000380992888,-72.2300281193439,-72.2300281193439
1358.9100380992888,-72.23127081412478,-72.23127081412478
1358.9200380992888,-72.23250893028154,-72.23250893028154
1358.930038099289,-72.23374270068119,-72.23374270068119
1358.940038099289,-72.2349723542892,-72.2349723542892
1358.950038099289,-72.23619811642095,-72.23619811642095
1358.960038099289,-72.23741391416303,-72.23741391416303
1358.970038099289,-72.23861721246888,-72.23861721246888
1358.980038099289,-72.23980688865448,-72.23980688865448
1358.990038099289,-72.24098247225407,-72.24098247225407
1359.000038099289,-72.24214385497709,-72.24214385497709
1359.010038099289,-72.24329114003316,-72.24329114003316
1359.020038099289,-72.2444245538707,-72.2444245538707
1359.030038099289,-72.2455443931384,-72.2455443931384
1359.040038099289,-72.24665099279234,-72.24665099279234
1359.050038099289,-72.24774470699242,-72.24774470699242
1359.060038099289,-72.24882589770452,-72.24882589770452
1359.070038099289,-72.24989492804401,-72.24989492804401
1359.080038099289,-72.25095215844695,-72.25095215844695
1359.090038099289,-72.25199794459225,-72.25199794459225
1359.100038099289,-72.25303263639414,-72.25303263639414
1359.1100380992889,-72.2540565775736,-72.2540565775736
1359.1200380992889,-72.25507010563825,-72.25507010563825
1359.1300380992889,-72.25607355203297,-72.25607355203297
1359.1400380992889,-72.25706724240378,-72.25706724240378
1359.1500381231308,-72.25805149923683,-72.25805149923683
1359.1600381231308,-72.25902663277101,-72.25902663277101
1359.1700381231308,-72.25999295543835,-72.25999295543835
1359.1800381231308,-72.26095077267617,-72.26095077267617
1359.1900381231308,-72.2619003855208,-72.2619003855208
1359.2000381231308,-72.2628420908648,-72.2628420908648
1359.2100381231307,-72.2637698855182,-72.2637698855182
1359.2200381231307,-72.26468130505762,-72.26468130505762
1359.2300381231307,-72.26557529742732,-72.26557529742732
1359.2400381231307,-72.26645146245582,-72.26645146245582
1359.2500381231307,-72.2673097616954,-72.2673097616954
1359.2600381231307,-72.26815036774096,-72.26815036774096
1359.2700381231307,-72.26897357586039,-72.26897357586039
1359.280038123131,-72.26977975094998,-72.26977975094998
1359.290038123131,-72.27056929561579,-72.27056929561579
1359.300038123131,-72.27134263104038,-72.27134263104038
1359.3100381231309,-72.2721001856045,-72.2721001856045
1359.3200381231309,-72.27284238820103,-72.27284238820103
1359.3300381231309,-72.27356966438839,-72.27356966438839
1359.3400381231309,-72.27428243434412,-72.27428243434412
1359.3500381231308,-72.27498111181292,-72.27498111181292
1359.3600381231308,-72.27566610369392,-72.27566610369392
1359.3700381231308,-72.27633781002575,-72.27633781002575
1359.3800381231308,-72.27699662412242,-72.27699662412242
1359.3900381231308,-72.27764293282003,-72.27764293282003
1359.4000381231308,-72.27827711681861,-72.27827711681861
1359.4100381231308,-72.27889955093954,-72.27889955093954
1359.4200381231308,-72.2795106044519,-72.2795106044519
1359.4300381231308,-72.28011064133905,-72.28011064133905
1359.4400381231308,-72.28070002053668,-72.28070002053668
1359.4500381231308,-72.28127909613563,-72.28127909613563
1359.4600381231307,-72.28184192113869,-72.28184192113869
1359.4700381231307,-72.28238608772506,-72.28238608772506
1359.4800381231307,-72.28291060010329,-72.28291060010329
1359.4900381231307,-72.28341511385433,-72.28341511385433
1359.5000381231307,-72.28389964569705,-72.28389964569705
1359.5100381231307,-72.28436442272763,-72.28436442272763
1359.5200381231307,-72.28480979406494,-72.28480979406494
1359.530038123131,-72.28523617776871,-72.28523617776871
1359.540038123131,-72.2856440289169,-72.2856440289169
1359.550038123131,-72.28603382047987,-72.28603382047987
1359.5600381231309,-72.28640603191816,-72.28640603191816
1359.5700381231309,-72.28676114249426,-72.28676114249426
1359.5800381231309,-72.28709962747504,-72.28709962747504
1359.5900381231309,-72.28742195603323,-72.28742195603323
1359.6000381231308,-72.28772859024373,-72.28772859024373
1359.6100381231308,-72.28801998465897,-72.28801998465897
1359.6200381231308,-72.28829658629188,-72.28829658629188
1359.6300381231308,-72.28855883476592,-72.28855883476592
1359.6400381231308,-72.28880716258743,-72.28880716258743
1359.6500381231308,-72.28904199544377,-72.28904199544377
1359.6600381231308,-72.28926375254011,-72.28926375254011
1359.6700381231308,-72.28947284686113,-72.28947284686113
1359.6800381231308,-72.28966968547999,-72.28966968547999
1359.6900381231308,-72.28985466979255,-72.28985466979255
1359.7000381231308,-72.2900281957387,-72.2900281957387
1359.7100381231307,-72.29018435820343,-72.29018435820343
1359.7200381231307,-72.29032079126289,-72.29032079126289
1359.7300381231307,-72.29043654057487,-72.29043654057487
1359.7400381231307,-72.29053130263253,-72.29053130263253
1359.7500381231307,-72.29060513446373,-72.29060513446373
1359.7600381231307,-72.29065830290544,-72.29065830290544
1359.7700381231307,-72.29069119617986,-72.29069119617986
1359.780038123131,-72.29070427083431,-72.29070427083431
1359.790038123131,-72.29069801980377,-72.29069801980377
1359.800038123131,-72.29067295331264,-72.29067295331264
1359.8100381231309,-72.290629587428,-72.290629587428
1359.8200381231309,-72.29056843743665,-72.29056843743665
1359.8300381231309,-72.29049001399744,-72.29049001399744
1359.8400381231309,-72.29039482110345,-72.29039482110345
1359.8500381231308,-72.29028335504104,-72.29028335504104
1359.8600381231308,-72.29015610401287,-72.29015610401287
1359.8700381231308,-72.29001354809338,-72.29001354809338
1359.8800381231308,-72.28985615943354,-72.28985615943354
1359.8900381231308,-72.28968440250256,-72.28968440250256
1359.9000381231308,-72.28949873441348,-72.28949873441348
1359.9100381231308,-72.28929960524844,-72.28929960524844
1359.9200381231308,-72.28908745835619,-72.28908745835619
1359.9300381231308,-72.28886273065758,-72.28886273065758
1359.9400381231308,-72.28862585288435,-72.28862585288435
1359.9500381231308,-72.28837724981702,-72.28837724981702
1359.9600381231307,-72.28811734048229,-72.28811734048229
1359.9700381231307,-72.28784653831615,-72.28784653831615
1359.9800381231307,-72.28756525134243,-72.28756525134243
1359.9900381231307,-72.28727388229413,-72.28727388229413
1360.0000381469727,-72.28697282798883,-72.28697282798883
1360.0100381469726,-72.28666248229727,-72.28666248229727
1360.0200381469726,-72.28634323200919,-72.28634323200919
1360.0300381469726,-72.28601545967133,-72.28601545967133
1360.0400381469726,-72.28567954297141,-72.28567954297141
1360.0500381469726,-72.28533585481027,-72.28533585481027
1360.0600381469726,-72.28498476333492,-72.28498476333492
1360.0700381469726,-72.28462663199416,-72.28462663199416
1360.0800381469726,-72.28426181958771,-72.28426181958771
1360.0900381469726,-72.28389068028864,-72.28389068028864
1360.1000381469726,-72.28351356368044,-72.28351356368044
1360.1100381469726,-72.28313081480009,-72.28313081480009
1360.1200381469725,-72.28274277416818,-72.28274277416818
1360.1300381469728,-72.28234977781307,-72.28234977781307
1360.1400381469728,-72.28195215729056,-72.28195215729056
1360.1500381469727,-72.28155023973794,-72.28155023973794
1360.1600381469727,-72.28114434787516,-72.28114434787516
1360.1700381469727,-72.2807348000445,-72.2807348000445
1360.1800381469727,-72.28032191024464,-72.28032191024464
1360.1900381469727,-72.27990598813894,-72.27990598813894
1360.2000381469727,-72.27948733910083,-72.27948733910083
1360.2100381469727,-72.27905997151554,-72.27905997151554
1360.2200381469727,-72.27862143363598,-72.27862143363598
1360.2300381469727,-72.27817068583184,-72.27817068583184
1360.2400381469727,-72.27770733978782,-72.27770733978782
1360.2500381469727,-72.27723136815386,-72.27723136815386
1360.2600381469726,-72.27674295373464,-72.27674295373464
1360.2700381469726,-72.27624240103079,-72.27624240103079
1360.2800381469726,-72.27573008311171,-72.27573008311171
1360.2900381469726,-72.27520640966348,-72.27520640966348
1360.3000381469726,-72.27467180782452,-72.27467180782452
1360.3100381469726,-72.27412671078373,-72.27412671078373
1360.3200381469726,-72.27357155113269,-72.27357155113269
1360.3300381469726,-72.2730067570177,-72.2730067570177
1360.3400381469726,-72.27243275010638,-72.27243275010638
1360.3500381469726,-72.2718499445821,-72.2718499445821
1360.3600381469726,-72.27125874674906,-72.27125874674906
1360.3700381469725,-72.27065955505955,-72.27065955505955
1360.3800381469728,-72.27005276026523,-72.27005276026523
1360.3900381469728,-72.26943874574933,-72.26943874574933
1360.4000381469727,-72.26881788782957,-72.26881788782957
1360.4100381469727,-72.26819055611521,-72.26819055611521
1360.4200381469727,-72.26755711383863,-72.26755711383863
1360.4300381469727,-72.2669179181399,-72.2669179181399
1360.4400381469727,-72.2662733203774,-72.2662733203774
1360.4500381469727,-72.26562366635123,-72.26562366635123
1360.4600381469727,-72.2649630059047,-72.2649630059047
1360.4700381469727,-72.26428892740873,-72.26428892740873
1360.4800381469727,-72.2636004303454,-72.2636004303454
1360.4900381469727,-72.26289716474808,-72.26289716474808
1360.5000381469727,-72.26217914101622,-72.26217914101622
1360.5100381469726,-72.26144657918472,-72.26144657918472
1360.5200381469726,-72.26069982053951,-72.26069982053951
1360.5300381469726,-72.259939274563,-72.259939274563
1360.5400381469726,-72.25916538701183,-72.25916538701183
1360.5500381469726,-72.25837862080044,-72.25837862080044
1360.5600381469726,-72.25757944465633,-72.25757944465633
1360.5700381469726,-72.25676832642938,-72.25676832642938
1360.5800381469726,-72.25594572932793,-72.25594572932793
1360.5900381469726,-72.25511210988424,-72.25511210988424
1360.6000381469726,-72.25426791694719,-72.25426791694719
1360.6100381469726,-72.25341359133108,-72.25341359133108
1360.6200381469725,-72.25254956580244,-72.25254956580244
1360.6300381469728,-72.251676265279,-72.251676265279
1360.6400381469728,-72.25079410712947,-72.25079410712947
1360.6500381469727,-72.2499035015008,-72.2499035015008
1360.6600381469727,-72.24900485166205,-72.24900485166205
1360.6700381469727,-72.2480985543391,-72.2480985543391
1360.6800381469727,-72.2471850000001,-72.2471850000001
1360.6900381469727,-72.2462645731552,-72.2462645731552
1360.7000381469727,-72.2453376525658,-72.2453376525658
1360.7100381469727,-72.24440461148231,-72.24440461148231
1360.7200381469727,-72.24346581783131,-72.24346581783131
1360.7300381469727,-72.24252163436512,-72.24252163436512
1360.7400381469727,-72.24157241881285,-72.24157241881285
1360.7500381469727,-72.24061852401123,-72.24061852401123
1360.7600381469726,-72.23966029800326,-72.23966029800326
1360.7700381469726,-72.23869808412948,-72.23869808412948
1360.7800381469726,-72.23773222112894,-72.23773222112894
1360.7900381469726,-72.23676304317296,-72.23676304317296
1360.8000381469726,-72.23579087998948,-72.23579087998948
1360.8100381469726,-72.23481605686871,-72.23481605686871
1360.8200381469726,-72.23383889473041,-72.23383889473041
1360.8300381469726,-72.23285971017637,-72.23285971017637
1360.8400381469726,-72.23187881552577,-72.23187881552577
1360.8500381708145,-72.23089651651291,-72.23089651651291
1360.8600381708145,-72.2299131216939,-72.2299131216939
1360.8700381708145,-72.22892892844631,-72.22892892844631
1360.8800381708145,-72.22794423232857,-72.22794423232857
1360.8900381708145,-72.22695932479552,-72.22695932479552
1360.9000381708145,-72.22597449323553,-72.22597449323553
1360.9100381708145,-72.22499002097916,-72.22499002097916
1360.9200381708145,-72.22400618735163,-72.22400618735163
1360.9300381708144,-72.22302326766768,-72.22302326766768
1360.9400381708144,-72.22204153329318,-72.22204153329318
1360.9500381708144,-72.2210612516547,-72.2210612516547
1360.9600381708144,-72.22008268628323,-72.22008268628323
1360.9700381708144,-72.21910609681629,-72.21910609681629
1360.9800381708146,-72.21813173904596,-72.21813173904596
1360.9900381708146,-72.21715986494858,-72.21715986494858
1361.0000381708146,-72.21619072270325,-72.21619072270325
1361.0100381708146,-72.21522455672762,-72.21522455672762
1361.0200381708146,-72.21426160769956,-72.21426160769956
1361.0300381708146,-72.21330211259463,-72.21330211259463
1361.0400381708146,-72.21234630471875,-72.21234630471875
1361.0500381708146,-72.21139441371899,-72.21139441371899
1361.0600381708146,-72.21044666562953,-72.21044666562953
1361.0700381708145,-72.20950328292172,-72.20950328292172
1361.0800381708145,-72.20856448448097,-72.20856448448097
1361.0900381708145,-72.2076304856962,-72.2076304856962
1361.1000381708145,-72.20670149845903,-72.20670149845903
1361.1100381708145,-72.20577773119983,-72.20577773119983
1361.1200381708145,-72.20485938891795,-72.20485938891795
1361.1300381708145,-72.20394667323252,-72.20394667323252
1361.1400381708145,-72.2030397823906,-72.2030397823906
1361.1500381708145,-72.20213891130976,-72.20213891130976
1361.1600381708145,-72.2012442516184,-72.2012442516184
1361.1700381708145,-72.2003559916703,-72.2003559916703
1361.1800381708144,-72.19947431660137,-72.19947431660137
1361.1900381708144,-72.19859940835289,-72.19859940835289
1361.2000381708144,-72.19773144568757,-72.19773144568757
1361.2100381708144,-72.19687060424097,-72.19687060424097
1361.2200381708144,-72.19601705656751,-72.19601705656751
1361.2300381708146,-72.19517097213877,-72.19517097213877
1361.2400381708146,-72.19433251740716,-72.19433251740716
1361.2500381708146,-72.19350185583296,-72.19350185583296
1361.2600381708146,-72.19267914789943,-72.19267914789943
1361.2700381708146,-72.19186455117233,-72.19186455117233
1361.2800381708146,-72.19105822031004,-72.19105822031004
1361.2900381708146,-72.1902603071227,-72.1902603071227
1361.3000381708146,-72.18947096058123,-72.18947096058123
1361.3100381708146,-72.18869032685528,-72.18869032685528
1361.3200381708145,-72.1879185493661,-72.1879185493661
1361.3300381708145,-72.18715576878729,-72.18715576878729
1361.3400381708145,-72.18640212311372,-72.18640212311372
1361.3500381708145,-72.18565774766033,-72.18565774766033
1361.3600381708145,-72.18492277511432,-72.18492277511432
1361.3700381708145,-72.1841973355656,-72.1841973355656
1361.3800381708145,-72.18348155653266,-72.18348155653266
1361.3900381708145,-72.1827755630002,-72.1827755630002
1361.4000381708145,-72.18207947744183,-72.18207947744183
1361.4100381708145,-72.1813934198747,-72.1813934198747
1361.4200381708145,-72.18071750786223,-72.18071750786223
1361.4300381708144,-72.18005185655349,-72.18005185655349
1361.4400381708144,-72.17939657873725,-72.17939657873725
1361.4500381708144,-72.17875178484995,-72.17875178484995
1361.4600381708144,-72.17811758299297,-72.17811758299297
1361.4700381708144,-72.17749407899699,-72.17749407899699
1361.4800381708146,-72.17688137642975,-72.17688137642975
1361.4900381708146,-72.17627957664472,-72.17627957664472
1361.5000381708146,-72.17568877878404,-72.17568877878404
1361.5100381708146,-72.1751090798277,-72.1751090798277
1361.5200381708146,-72.1745405746073,-72.1745405746073
1361.5300381708146,-72.1739833558635,-72.1739833558635
1361.5400381708146,-72.17343751424517,-72.17343751424517
1361.5500381708146,-72.1729031383398,-72.1729031383398
1361.5600381708146,-72.17238031472324,-72.17238031472324
1361.5700381708145,-72.17186912797429,-72.17186912797429
1361.5800381708145,-72.17136966069502,-72.17136966069502
1361.5900381708145,-72.17088199354147,-72.17088199354147
1361.6000381708145,-72.1704062052729,-72.1704062052729
1361.6100381708145,-72.16994237273575,-72.16994237273575
1361.6200381708145,-72.16949057093287,-72.16949057093287
1361.6300381708145,-72.16905087302817,-72.16905087302817
1361.6400381708145,-72.1686233503635,-72.1686233503635
1361.6500381708145,-72.16820807251412,-72.16820807251412
1361.6600381708145,-72.16780510727624,-72.16780510727624
1361.6700381708145,-72.1674145207284,-72.1674145207284
1361.6800381708144,-72.16703637723604,-72.16703637723604
1361.6900381708144,-72.16667073946863,-72.16667073946863
1361.7000381946564,-72.16631766760626,-72.16631766760626
1361.7100381946564,-72.16597094035626,-72.16597094035626
1361.7200381946564,-72.16562787149346,-72.16562787149346
1361.7300381946563,-72.16528718834518,-72.16528718834518
1361.7400381946563,-72.16494827119232,-72.16494827119232
1361.7500381946563,-72.16461086332345,-72.16461086332345
1361.7600381946563,-72.16427492036229,-72.16427492036229
1361.7700381946563,-72.16394052191319,-72.16394052191319
1361.7800381946563,-72.16360781847003,-72.16360781847003
1361.7900381946563,-72.16327699947274,-72.16327699947274
1361.8000381946563,-72.16294827415868,-72.16294827415868
1361.8100381946563,-72.16262186017268,-72.16262186017268
1361.8200381946563,-72.16229797689257,-72.16229797689257
1361.8300381946565,-72.16197684162674,-72.16197684162674
1361.8400381946565,-72.16165866755951,-72.16165866755951
1361.8500381946565,-72.16134366274926,-72.16134366274926
1361.8600381946565,-72.16103202974166,-72.16103202974166
1361.8700381946564,-72.16072396557114,-72.16072396557114
1361.8800381946564,-72.16041966195807,-72.16041966195807
1361.8900381946564,-72.1601193055612,-72.1601193055612
1361.9000381946564,-72.15982307834057,-72.15982307834057
1361.9100381946564,-72.15953115788652,-72.15953115788652
1361.9200381946564,-72.15924371773254,-72.15924371773254
1361.9300381946564,-72.15896092766486,-72.15896092766486
1361.9400381946564,-72.15868295396375,-72.15868295396375
1361.9500381946564,-72.15840995966678,-72.15840995966678
1361.9600381946564,-72.15814210476405,-72.15814210476405
1361.9700381946564,-72.15787954637,-72.15787954637
1361.9800381946563,-72.15762243889924,-72.15762243889924
1361.9900381946563,-72.1573709341861,-72.1573709341861
1362.0000381946563,-72.15712518160677,-72.15712518160677
1362.0100381946563,-72.1568853281602,-72.1568853281602
1362.0200381946563,-72.15665151858299,-72.15665151858299
1362.0300381946563,-72.15642389539174,-72.15642389539174
1362.0400381946563,-72.15620259895972,-72.15620259895972
1362.0500381946563,-72.1559877675644,-72.1559877675644
1362.0600381946563,-72.15577953743963,-72.15577953743963
1362.0700381946563,-72.15557804278966,-72.15557804278966
1362.0800381946565,-72.15538341584839,-72.15538341584839
1362.0900381946565,-72.15519578690107,-72.15519578690107
1362.1000381946565,-72.15501528430521,-72.15501528430521
1362.1100381946565,-72.15484203450305,-72.15484203450305
1362.1200381946564,-72.15467616205238,-72.15467616205238
1362.1300381946564,-72.15451778964717,-72.15451778964717
1362.1400381946564,-72.15436703811926,-72.15436703811926
1362.1500381946564,-72.15422402645049,-72.15422402645049
1362.1600381946564,-72.15408887179991,-72.15408887179991
1362.1700381946564,-72.15396168949643,-72.15396168949643
1362.1800381946564,-72.15384259306725,-72.15384259306725
1362.1900381946564,-72.15373169422638,-72.15373169422638
1362.2000381946564,-72.15362910291744,-72.15362910291744
1362.2100381946564,-72.15352864528248,-72.15352864528248
1362.2200381946564,-72.15342768430713,-72.15342768430713
1362.2300381946563,-72.15332499524504,-72.15332499524504
1362.2400381946563,-72.15322000603848,-72.15322000603848
1362.2500381946563,-72.15311250739582,-72.15311250739582
1362.2600381946563,-72.15300250216488,-72.15300250216488
1362.2700381946563,-72.15289011695502,-72.15289011695502
1362.2800381946563,-72.15277554907263,-72.15277554907263
1362.2900381946563,-72.15265903455533,-72.15265903455533
1362.3000381946563,-72.15254082902439,-72.15254082902439
1362.3100381946563,-72.15242119628235,-72.15242119628235
1362.3200381946563,-72.15230040163337,-72.15230040163337
1362.3300381946565,-72.1521787080568,-72.1521787080568
1362.3400381946565,-72.15205637416176,-72.15205637416176
1362.3500381946565,-72.1519336531359,-72.1519336531359
1362.3600381946565,-72.15181079240244,-72.15181079240244
1362.3700381946564,-72.15168803356019,-72.15168803356019
1362.3800381946564,-72.15156561258235,-72.15156561258235
1362.3900381946564,-72.15144376008756,-72.15144376008756
1362.4000381946564,-72.15132270167805,-72.15132270167805
1362.4100381946564,-72.15120265823157,-72.15120265823157
1362.4200381946564,-72.1510838462622,-72.1510838462622
1362.4300381946564,-72.15096647815705,-72.15096647815705
1362.4400381946564,-72.15085076248472,-72.15085076248472
1362.4500381946564,-72.15073690418599,-72.15073690418599
1362.4600381946564,-72.15062510480206,-72.15062510480206
1362.4700381946564,-72.15051556263947,-72.15051556263947
1362.4800381946563,-72.15040847292072,-72.15040847292072
1362.4900381946563,-72.15030402792087,-72.15030402792087
1362.5000381946563,-72.15020241706843,-72.15020241706843
1362.5100381946563,-72.15010382704035,-72.15010382704035
1362.5200381946563,-72.15000844186353,-72.15000844186353
1362.5300381946563,-72.1499164429564,-72.1499164429564
1362.5400381946563,-72.14982800920889,-72.14982800920889
1362.5500382184982,-72.1497433168224,-72.1497433168224
1362.5600382184982,-72.14966254016768,-72.14966254016768
1362.5700382184982,-72.1495858505745,-72.1495858505745
1362.5800382184982,-72.14951341721735,-72.14951341721735
1362.5900382184982,-72.14944540692554,-72.14944540692554
1362.6000382184982,-72.14938198420707,-72.14938198420707
1362.6100382184982,-72.14932331126266,-72.14932331126266
1362.6200382184982,-72.14926954800465,-72.14926954800465
1362.6300382184982,-72.14922085209886,-72.14922085209886
1362.6400382184981,-72.14917737893202,-72.14917737893202
1362.6500382184981,-72.14913928167279,-72.14913928167279
1362.6600382184981,-72.1491067112529,-72.1491067112529
1362.6700382184981,-72.14907981640137,-72.14907981640137
1362.6800382184983,-72.1490587436443,-72.1490587436443
1362.6900382184983,-72.14904363731492,-72.14904363731492
1362.7000382184983,-72.1490346395695,-72.1490346395695
1362.7100382184983,-72.14902560852764,-72.14902560852764
1362.7200382184983,-72.14901393848953,-72.14901393848953
1362.7300382184983,-72.1489984355526,-72.1489984355526
1362.7400382184983,-72.14897855807034,-72.14897855807034
1362.7500382184983,-72.14895412677116,-72.14895412677116
1362.7600382184983,-72.14892517415282,-72.14892517415282
1362.7700382184983,-72.14889185611612,-72.14889185611612
1362.7800382184982,-72.14885439890448,-72.14885439890448
1362.7900382184982,-72.14881306715634,-72.14881306715634
1362.8000382184982,-72.14876814475103,-72.14876814475103
1362.8100382184982,-72.14871992342009,-72.14871992342009
1362.8200382184982,-72.14866869607019,-72.14866869607019
1362.8300382184982,-72.14861475295183,-72.14861475295183
1362.8400382184982,-72.14855837959783,-72.14855837959783
1362.8500382184982,-72.14849985582684,-72.14849985582684
1362.8600382184982,-72.1484394553355,-72.1484394553355
1362.8700382184982,-72.14837744570033,-72.14837744570033
1362.8800382184982,-72.14831408853448,-72.14831408853448
1362.8900382184981,-72.14824963978006,-72.14824963978006
1362.9000382184981,-72.14818435003626,-72.14818435003626
1362.9100382184981,-72.14811846487589,-72.14811846487589
1362.9200382184981,-72.14805222517522,-72.14805222517522
1362.9300382184983,-72.1479858673922,-72.1479858673922
1362.9400382184983,-72.14791962383295,-72.14791962383295
1362.9500382184983,-72.14785372288084,-72.14785372288084
1362.9600382184983,-72.14778838921185,-72.14778838921185
1362.9700382184983,-72.14772384396524,-72.14772384396524
1362.9800382184983,-72.1476603048892,-72.1476603048892
1362.9900382184983,-72.14759798649051,-72.14759798649051
1363.0000382184983,-72.1475371001388,-72.1475371001388
1363.0100382184983,-72.14747785415908,-72.14747785415908
1363.0200382184983,-72.14742045392828,-72.14742045392828
1363.0300382184982,-72.14736510193852,-72.14736510193852
1363.0400382184982,-72.14731199785416,-72.14731199785416
1363.0500382184982,-72.14726133858072,-72.14726133858072
1363.0600382184982,-72.14721331830384,-72.14721331830384
1363.0700382184982,-72.14716812852065,-72.14716812852065
1363.0800382184982,-72.14712595807977,-72.14712595807977
1363.0900382184982,-72.14708699321285,-72.14708699321285
1363.1000382184982,-72.14705141757958,-72.14705141757958
1363.1100382184982,-72.14701941224553,-72.14701941224553
1363.1200382184982,-72.14699115575623,-72.14699115575623
1363.1300382184982,-72.14696682412627,-72.14696682412627
1363.1400382184981,-72.14694659085949,-72.14694659085949
1363.1500382184981,-72.14693062697545,-72.14693062697545
1363.1600382184981,-72.1469191010188,-72.1469191010188
1363.1700382184981,-72.14691217907328,-72.14691217907328
1363.1800382184983,-72.14691002479177,-72.14691002479177
1363.1900382184983,-72.14691279938916,-72.14691279938916
1363.2000382184983,-72.14692066166342,-72.14692066166342
1363.2100382184983,-72.14693376801893,-72.14693376801893
1363.2200382184983,-72.1469522724653,-72.1469522724653
1363.2300382184983,-72.14697632665245,-72.14697632665245
1363.2400382184983,-72.14700607986735,-72.14700607986735
1363.2500382184983,-72.14704167905633,-72.14704167905633
1363.2600382184983,-72.14705328258945,-72.14705328258945
1363.2700382184983,-72.14702398184916,-72.14702398184916
1363.2800382184982,-72.14694432602674,-72.14694432602674
1363.2900382184982,-72.14680846212558,-72.14680846212558
1363.3000382184982,-72.14661242022014,-72.14661242022014
1363.3100382184982,-72.1463533391955,-72.1463533391955
1363.3200382184982,-72.14602909412746,-72.14602909412746
1363.3300382184982,-72.14563810093415,-72.14563810093415
1363.3400382184982,-72.14517920194864,-72.14517920194864
1363.3500382184982,-72.14465159031963,-72.14465159031963
1363.3600382184982,-72.14405475435817,-72.14405475435817
1363.3700382184982,-72.1433884334495,-72.1433884334495
1363.3800382184982,-72.1426525813677,-72.1426525813677
1363.3900382184981,-72.14184733508553,-72.14184733508553
1363.40003824234,-72.1409729858495,-72.1409729858495
1363.41003824234,-72.14002996408963,-72.14002996408963
1363.42003824234,-72.13901880749731,-72.13901880749731
1363.43003824234,-72.13794015128379,-72.13794015128379
1363.44003824234,-72.1367947113626,-72.1367947113626
1363.45003824234,-72.13558327135458,-72.13558327135458
1363.46003824234,-72.13430667143551,-72.13430667143551
1363.47003824234,-72.13296579868458,-72.13296579868458
1363.48003824234,-72.13156157881542,-72.13156157881542
1363.49003824234,-72.13009496899518,-72.13009496899518
1363.50003824234,-72.12856695172925,-72.12856695172925
1363.51003824234,-72.12697852954985,-72.12697852954985
1363.52003824234,-72.1253307204785,-72.1253307204785
1363.5300382423402,-72.12362455410079,-72.12362455410079
1363.5400382423402,-72.12186106820174,-72.12186106820174
1363.5500382423402,-72.12004130588113,-72.12004130588113
1363.5600382423402,-72.11816631303942,-72.11816631303942
1363.5700382423402,-72.11623713625447,-72.11623713625447
1363.5800382423402,-72.11425482094268,-72.11425482094268
1363.5900382423401,-72.11222040978647,-72.11222040978647
1363.6000382423401,-72.11013494135855,-72.11013494135855
1363.6100382423401,-72.10799944900744,-72.10799944900744
1363.6200382423401,-72.10581495983502,-72.10581495983502
1363.63003824234,-72.10358249387497,-72.10358249387497
1363.64003824234,-72.10130306336919,-72.10130306336919
1363.65003824234,-72.09897767216471,-72.09897767216471
1363.66003824234,-72.09660731519865,-72.09660731519865
1363.67003824234,-72.09419297807862,-72.09419297807862
1363.68003824234,-72.09173563673212,-72.09173563673212
1363.69003824234,-72.08923625708795,-72.08923625708795
1363.70003824234,-72.08669579486188,-72.08669579486188
1363.71003824234,-72.08411519535521,-72.08411519535521
1363.72003824234,-72.08149539331102,-72.08149539331102
1363.73003824234,-72.07883731277482,-72.07883731277482
1363.74003824234,-72.07614186704319,-72.07614186704319
1363.75003824234,-72.07340995858624,-72.07340995858624
1363.76003824234,-72.07064247901818,-72.07064247901818
1363.77003824234,-72.06784030907392,-72.06784030907392
1363.7800382423402,-72.06500431864161,-72.06500431864161
1363.7900382423402,-72.0621353667504,-72.0621353667504
1363.8000382423402,-72.0592343016291,-72.0592343016291
1363.8100382423402,-72.05630196072198,-72.05630196072198
1363.8200382423402,-72.05333917078205,-72.05333917078205
1363.8300382423402,-72.05034674788844,-72.05034674788844
1363.8400382423401,-72.0473254975523,-72.0473254975523
1363.8500382423401,-72.04427621479256,-72.04427621479256
1363.8600382423401,-72.04119968419481,-72.04119968419481
1363.8700382423401,-72.0380966800075,-72.0380966800075
1363.88003824234,-72.03496796624962,-72.03496796624962
1363.89003824234,-72.03181429678529,-72.03181429678529
1363.90003824234,-72.02863641542292,-72.02863641542292
1363.91003824234,-72.02543505602524,-72.02543505602524
1363.92003824234,-72.02221094260067,-72.02221094260067
1363.93003824234,-72.0189647893971,-72.0189647893971
1363.94003824234,-72.01569730102139,-72.01569730102139
1363.95003824234,-72.01240917254044,-72.01240917254044
1363.96003824234,-72.00909482004369,-72.00909482004369
1363.97003824234,-72.00575218011213,-72.00575218011213
1363.98003824234,-72.0023805915138,-72.0023805915138
1363.99003824234,-71.99898003750023,-71.99898003750023
1364.00003824234,-71.99555085652744,-71.99555085652744
1364.01003824234,-71.99209359192683,-71.99209359192683
1364.02003824234,-71.9886089037614,-71.9886089037614
1364.0300382423402,-71.98509751587956,-71.98509751587956
1364.0400382423402,-71.981560184098,-71.981560184098
1364.0500382423402,-71.97799767714606,-71.97799767714606
1364.0600382423402,-71.97441076534443,-71.97441076534443
1364.0700382423402,-71.97080021402373,-71.97080021402373
1364.0800382423402,-71.96716677975706,-71.96716677975706
1364.0900382423401,-71.96351120839627,-71.96351120839627
1364.1000382423401,-71.95983423412106,-71.95983423412106
1364.1100382423401,-71.95613657912622,-71.95613657912622
1364.1200382423401,-71.9524189536887,-71.9524189536887
1364.13003824234,-71.94868205640525,-71.94868205640525
1364.14003824234,-71.94492657454104,-71.94492657454104
1364.15003824234,-71.94115318444562,-71.94115318444562
1364.16003824234,-71.93736255192292,-71.93736255192292
1364.17003824234,-71.93355533265412,-71.93355533265412
1364.18003824234,-71.9297321725109,-71.9297321725109
1364.19003824234,-71.92589370793854,-71.92589370793854
1364.20003824234,-71.92204056619636,-71.92204056619636
1364.21003824234,-71.91816710463824,-71.91816710463824
1364.22003824234,-71.91427119679338,-71.91427119679338
1364.23003824234,-71.91035211745123,-71.91035211745123
1364.24003824234,-71.90640978607284,-71.90640978607284
1364.250038266182,-71.90244446848311,-71.90244446848311
1364.260038266182,-71.89845666450266,-71.89845666450266
1364.270038266182,-71.89444696349972,-71.89444696349972
1364.280038266182,-71.89041602902049,-71.89041602902049
1364.290038266182,-71.88636455770516,-71.88636455770516
1364.300038266182,-71.88229326022537,-71.88229326022537
1364.310038266182,-71.87820285001065,-71.87820285001065
1364.3200382661819,-71.87409403661995,-71.87409403661995
1364.3300382661819,-71.86996752199525,-71.86996752199525
1364.3400382661819,-71.86582399847622,-71.86582399847622
1364.3500382661819,-71.86166414782228,-71.86166414782228
1364.3600382661818,-71.85748864089797,-71.85748864089797
1364.3700382661818,-71.8532981376787,-71.8532981376787
1364.380038266182,-71.84909328749474,-71.84909328749474
1364.390038266182,-71.84487472935484,-71.84487472935484
1364.400038266182,-71.84064309231064,-71.84064309231064
1364.410038266182,-71.83639899582492,-71.83639899582492
1364.420038266182,-71.8321430501341,-71.8321430501341
1364.430038266182,-71.82787585657812,-71.82787585657812
1364.440038266182,-71.8235980078982,-71.8235980078982
1364.450038266182,-71.81931008851075,-71.81931008851075
1364.460038266182,-71.81501267475858,-71.81501267475858
1364.470038266182,-71.8107063351169,-71.8107063351169
1364.480038266182,-71.80639163038629,-71.80639163038629
1364.490038266182,-71.80206911386823,-71.80206911386823
1364.500038266182,-71.7977393315091,-71.7977393315091
1364.510038266182,-71.79340282204646,-71.79340282204646
1364.520038266182,-71.789060117106,-71.789060117106
1364.530038266182,-71.78471174134133,-71.78471174134133
1364.540038266182,-71.7803582125118,-71.7803582125118
1364.550038266182,-71.77600004156238,-71.77600004156238
1364.560038266182,-71.77163773273706,-71.77163773273706
1364.5700382661819,-71.7672717836364,-71.7672717836364
1364.5800382661819,-71.76290268527517,-71.76290268527517
1364.5900382661819,-71.7585309221745,-71.7585309221745
1364.6000382661819,-71.75415697240086,-71.75415697240086
1364.6100382661818,-71.74978130764335,-71.74978130764335
1364.6200382661818,-71.74540439325912,-71.74540439325912
1364.630038266182,-71.74102668833153,-71.74102668833153
1364.640038266182,-71.73664864573144,-71.73664864573144
1364.650038266182,-71.73227071215312,-71.73227071215312
1364.660038266182,-71.72789332817945,-71.72789332817945
1364.670038266182,-71.72351692832115,-71.72351692832115
1364.680038266182,-71.71914194106976,-71.71914194106976
1364.690038266182,-71.71476878895425,-71.71476878895425
1364.700038266182,-71.71039788858468,-71.71039788858468
1364.710038266182,-71.70602965068711,-71.70602965068711
1364.720038266182,-71.70166448017886,-71.70166448017886
1364.730038266182,-71.69730277618493,-71.69730277618493
1364.740038266182,-71.69294493211451,-71.69294493211451
1364.750038266182,-71.68859133569403,-71.68859133569403
1364.760038266182,-71.68424236901886,-71.68424236901886
1364.770038266182,-71.67989840858797,-71.67989840858797
1364.780038266182,-71.67555982538465,-71.67555982538465
1364.790038266182,-71.67122698488923,-71.67122698488923
1364.800038266182,-71.66690024714822,-71.66690024714822
1364.810038266182,-71.66257996682458,-71.66257996682458
1364.8200382661819,-71.6582664932307,-71.6582664932307
1364.8300382661819,-71.65396017038567,-71.65396017038567
1364.8400382661819,-71.64966133707438,-71.64966133707438
1364.8500382661819,-71.64537032687625,-71.64537032687625
1364.8600382661818,-71.64108746823327,-71.64108746823327
1364.8700382661818,-71.63681308448811,-71.63681308448811
1364.880038266182,-71.6325474939293,-71.6325474939293
1364.890038266182,-71.62829100985616,-71.62829100985616
1364.900038266182,-71.62404394061039,-71.62404394061039
1364.910038266182,-71.6198065896472,-71.6198065896472
1364.920038266182,-71.61557925556366,-71.61557925556366
1364.930038266182,-71.61136223215836,-71.61136223215836
1364.940038266182,-71.60715580846627,-71.60715580846627
1364.950038266182,-71.60296026883822,-71.60296026883822
1364.960038266182,-71.59877589295911,-71.59877589295911
1364.970038266182,-71.59460295590912,-71.59460295590912
1364.980038266182,-71.59044172821439,-71.59044172821439
1364.990038266182,-71.58629247590002,-71.58629247590002
1365.000038266182,-71.58215546052317,-71.58215546052317
1365.010038266182,-71.57803093923633,-71.57803093923633
1365.020038266182,-71.57391916482695,-71.57391916482695
1365.030038266182,-71.56982038577507,-71.56982038577507
1365.040038266182,-71.56573484628984,-71.56573484628984
1365.050038266182,-71.56166278636172,-71.56166278636172
1365.060038266182,-71.55760444181028,-71.55760444181028
1365.0700382661819,-71.55356004433793,-71.55356004433793
1365.0800382661819,-71.54952982156345,-71.54952982156345
1365.0900382661819,-71.54551399708164,-71.54551399708164
1365.1000382900238,-71.54151278096401,-71.54151278096401
1365.1100382900238,-71.5375264080002,-71.5375264080002
1365.1200382900238,-71.53355508038804,-71.53355508038804
1365.1300382900238,-71.5295990060604,-71.5295990060604
1365.1400382900238,-71.5256583891638,-71.5256583891638
1365.1500382900238,-71.52173343007804,-71.52173343007804
1365.1600382900237,-71.51782432547903,-71.51782432547903
1365.1700382900237,-71.51393126837024,-71.51393126837024
1365.1800382900237,-71.51005444814534,-71.51005444814534
1365.1900382900237,-71.50619405061127,-71.50619405061127
1365.2000382900237,-71.50235025803951,-71.50235025803951
1365.2100382900237,-71.49852324921847,-71.49852324921847
1365.2200382900237,-71.49471319948059,-71.49471319948059
1365.230038290024,-71.49092028076765,-71.49092028076765
1365.240038290024,-71.4871446616448,-71.4871446616448
1365.250038290024,-71.48338650735886,-71.48338650735886
1365.2600382900239,-71.47964597987439,-71.47964597987439
1365.2700382900239,-71.47592323792378,-71.47592323792378
1365.2800382900239,-71.47221843703133,-71.47221843703133
1365.2900382900239,-71.46853172956972,-71.46853172956972
1365.3000382900238,-71.46486326479851,-71.46486326479851
1365.3100382900238,-71.4612131888863,-71.4612131888863
1365.3200382900238,-71.45758164497178,-71.45758164497178
1365.3300382900238,-71.45396877319793,-71.45396877319793
1365.3400382900238,-71.45037471072253,-71.45037471072253
1365.3500382900238,-71.44679959180537,-71.44679959180537
1365.3600382900238,-71.44324354781212,-71.44324354781212
1365.3700382900238,-71.43970670725004,-71.43970670725004
1365.3800382900238,-71.43618919581652,-71.43618919581652
1365.3900382900238,-71.43269113644833,-71.43269113644833
1365.4000382900238,-71.42921264933084,-71.42921264933084
1365.4100382900237,-71.42575385194755,-71.42575385194755
1365.4200382900237,-71.42231485912072,-71.42231485912072
1365.4300382900237,-71.41889578302157,-71.41889578302157
1365.4400382900237,-71.41549673324712,-71.41549673324712
1365.4500382900237,-71.41211781680995,-71.41211781680995
1365.4600382900237,-71.40875913820413,-71.40875913820413
1365.4700382900237,-71.40542079943184,-71.40542079943184
1365.480038290024,-71.4021029000255,-71.4021029000255
1365.490038290024,-71.39880553708052,-71.39880553708052
1365.500038290024,-71.39552880530138,-71.39552880530138
1365.5100382900239,-71.39227279703712,-71.39227279703712
1365.5200382900239,-71.38903760228561,-71.38903760228561
1365.5300382900239,-71.38582330876149,-71.38582330876149
1365.5400382900239,-71.38263000188873,-71.38263000188873
1365.5500382900238,-71.3794577648619,-71.3794577648619
1365.5600382900238,-71.37630667866017,-71.37630667866017
1365.5700382900238,-71.37317682209537,-71.37317682209537
1365.5800382900238,-71.37006827181271,-71.37006827181271
1365.5900382900238,-71.36698110234491,-71.36698110234491
1365.6000382900238,-71.36391538613844,-71.36391538613844
1365.6100382900238,-71.36087119355827,-71.36087119355827
1365.6200382900238,-71.35784859295033,-71.35784859295033
1365.6300382900238,-71.35484765065013,-71.35484765065013
1365.6400382900238,-71.3518684310063,-71.3518684310063
1365.6500382900238,-71.34891099642667,-71.34891099642667
1365.6600382900237,-71.34597540738596,-71.34597540738596
1365.6700382900237,-71.34306172246711,-71.34306172246711
1365.6800382900237,-71.34016999837343,-71.34016999837343
1365.6900382900237,-71.33730028996419,-71.33730028996419
1365.7000382900237,-71.33445265028786,-71.33445265028786
1365.7100382900237,-71.33162713057916,-71.33162713057916
1365.7200382900237,-71.32882378031793,-71.32882378031793
1365.730038290024,-71.32604264724074,-71.32604264724074
1365.740038290024,-71.32328377734918,-71.32328377734918
1365.750038290024,-71.32054721495814,-71.32054721495814
1365.7600382900239,-71.31783300271356,-71.31783300271356
1365.7700382900239,-71.31514118160698,-71.31514118160698
1365.7800382900239,-71.312471791002,-71.312471791002
1365.7900382900239,-71.30982486866054,-71.30982486866054
1365.8000382900238,-71.30720045077194,-71.30720045077194
1365.8100382900238,-71.30459857195926,-71.30459857195926
1365.8200382900238,-71.3020192653216,-71.3020192653216
1365.8300382900238,-71.29946256242845,-71.29946256242845
1365.8400382900238,-71.29692849337147,-71.29692849337147
1365.8500382900238,-71.29441708676849,-71.29441708676849
1365.8600382900238,-71.29192836978346,-71.29192836978346
1365.8700382900238,-71.28946236815449,-71.28946236815449
1365.8800382900238,-71.28701910620991,-71.28701910620991
1365.8900382900238,-71.28459860690063,-71.28459860690063
1365.9000382900238,-71.2822008917963,-71.2822008917963
1365.9100382900237,-71.27982598112898,-71.27982598112898
1365.9200382900237,-71.27747389379066,-71.27747389379066
1365.9300382900237,-71.27514464738553,-71.27514464738553
1365.9400382900237,-71.2728382582025,-71.2728382582025
1365.9500383138657,-71.27055473583489,-71.27055473583489
1365.9600383138657,-71.2682941050199,-71.2682941050199
1365.9700383138656,-71.26605637276622,-71.26605637276622
1365.9800383138656,-71.26384155041688,-71.26384155041688
1365.9900383138656,-71.2616496480895,-71.2616496480895
1366.0000383138656,-71.25948067474785,-71.25948067474785
1366.0100383138656,-71.25733463816829,-71.25733463816829
1366.0200383138656,-71.25521154499485,-71.25521154499485
1366.0300383138656,-71.25311140072711,-71.25311140072711
1366.0400383138656,-71.25103420977435,-71.25103420977435
1366.0500383138656,-71.24897997543299,-71.24897997543299
1366.0600383138656,-71.2469486999288,-71.2469486999288
1366.0700383138656,-71.24494038441928,-71.24494038441928
1366.0800383138658,-71.24295502901798,-71.24295502901798
1366.0900383138658,-71.24099263280469,-71.24099263280469
1366.1000383138658,-71.23905319384325,-71.23905319384325
1366.1100383138657,-71.23713670919376,-71.23713670919376
1366.1200383138657,-71.23524317493917,-71.23524317493917
1366.1300383138657,-71.23337258618038,-71.23337258618038
1366.1400383138657,-71.23152493707475,-71.23152493707475
1366.1500383138657,-71.22970022081994,-71.22970022081994
1366.1600383138657,-71.22789842971056,-71.22789842971056
1366.1700383138657,-71.22611955510892,-71.22611955510892
1366.1800383138657,-71.22436358748605,-71.22436358748605
1366.1900383138657,-71.22263051642778,-71.22263051642778
1366.2000383138657,-71.22092033063187,-71.22092033063187
1366.2100383138657,-71.21923301797054,-71.21923301797054
1366.2200383138656,-71.21756856544853,-71.21756856544853
1366.2300383138656,-71.21592695924193,-71.21592695924193
1366.2400383138656,-71.21430818470748,-71.21430818470748
1366.2500383138656,-71.21271222639875,-71.21271222639875
1366.2600383138656,-71.21113906807585,-71.21113906807585
1366.2700383138656,-71.20958869271338,-71.20958869271338
1366.2800383138656,-71.20806108251607,-71.20806108251607
1366.2900383138656,-71.20655621893775,-71.20655621893775
1366.3000383138656,-71.20507408269432,-71.20507408269432
1366.3100383138656,-71.20361465374756,-71.20361465374756
1366.3200383138656,-71.20217791135991,-71.20217791135991
1366.3300383138658,-71.20076383406416,-71.20076383406416
1366.3400383138658,-71.19937239970923,-71.19937239970923
1366.3500383138658,-71.19800358544967,-71.19800358544967
1366.3600383138657,-71.19665736776508,-71.19665736776508
1366.3700383138657,-71.19533372247747,-71.19533372247747
1366.3800383138657,-71.19403262473966,-71.19403262473966
1366.3900383138657,-71.19275404906864,-71.19275404906864
1366.4000383138657,-71.19149796934718,-71.19149796934718
1366.4100383138657,-71.1902643588324,-71.1902643588324
1366.4200383138657,-71.18905319017743,-71.18905319017743
1366.4300383138657,-71.18786443542426,-71.18786443542426
1366.4400383138657,-71.18669806602209,-71.18669806602209
1366.4500383138657,-71.18555405283519,-71.18555405283519
1366.4600383138657,-71.18442616483844,-71.18442616483844
1366.4700383138656,-71.1833116576346,-71.1833116576346
1366.4800383138656,-71.18220918129511,-71.18220918129511
1366.4900383138656,-71.18111803161301,-71.18111803161301
1366.5000383138656,-71.18003786410756,-71.18003786410756
1366.5100383138656,-71.17896854533588,-71.17896854533588
1366.5200383138656,-71.17791006570286,-71.17791006570286
1366.5300383138656,-71.17686248701338,-71.17686248701338
1366.5400383138656,-71.17582591094762,-71.17582591094762
1366.5500383138656,-71.17480046008592,-71.17480046008592
1366.5600383138656,-71.17378626665408,-71.17378626665408
1366.5700383138656,-71.17278346589475,-71.17278346589475
1366.5800383138658,-71.1717921922502,-71.1717921922502
1366.5900383138658,-71.17081257733072,-71.17081257733072
1366.6000383138658,-71.16984474882769,-71.16984474882769
1366.6100383138657,-71.16888883014789,-71.16888883014789
1366.6200383138657,-71.16794494036866,-71.16794494036866
1366.6300383138657,-71.16701319437053,-71.16701319437053
1366.6400383138657,-71.1660937031144,-71.1660937031144
1366.6500383138657,-71.1651865739234,-71.1651865739234
1366.6600383138657,-71.16429191077353,-71.16429191077353
1366.6700383138657,-71.16340981461934,-71.16340981461934
1366.6800383138657,-71.16254038364654,-71.16254038364654
1366.6900383138657,-71.16168371349929,-71.16168371349929
1366.7000383138657,-71.16083989751523,-71.16083989751523
1366.7100383138657,-71.16000902689461,-71.16000902689461
1366.7200383138656,-71.15919119086827,-71.15919119086827
1366.7300383138656,-71.15838647681751,-71.15838647681751
1366.7400383138656,-71.1575949704128,-71.1575949704128
1366.7500383138656,-71.15681675568362,-71.15681675568362
1366.7600383138656,-71.15605191512822,-71.15605191512822
1366.7700383138656,-71.1553005297592,-71.1553005297592
1366.7800383138656,-71.15456267916171,-71.15456267916171
1366.7900383138656,-71.15383844154516,-71.15383844154516
1366.8000383377075,-71.15312789209182,-71.15312789209182
1366.8100383377075,-71.15243110979583,-71.15243110979583
1366.8200383377075,-71.15174816718456,-71.15174816718456
1366.8300383377075,-71.15107913728659,-71.15107913728659
1366.8400383377075,-71.1504240918595,-71.1504240918595
1366.8500383377075,-71.14978310142597,-71.14978310142597
1366.8600383377075,-71.14915623529158,-71.14915623529158
1366.8700383377075,-71.148543561528,-71.148543561528
1366.8800383377074,-71.14794514700243,-71.14794514700243
1366.8900383377074,-71.14736105735737,-71.14736105735737
1366.9000383377074,-71.1467913570368,-71.1467913570368
1366.9100383377074,-71.14623610926988,-71.14623610926988
1366.9200383377074,-71.1456953760859,-71.1456953760859
1366.9300383377076,-71.14516921828937,-71.14516921828937
1366.9400383377076,-71.14465769550483,-71.14465769550483
1366.9500383377076,-71.14416086613744,-71.14416086613744
1366.9600383377076,-71.1436787873865,-71.1436787873865
1366.9700383377076,-71.14321151524634,-71.14321151524634
1366.9800383377076,-71.14275910450495,-71.14275910450495
1366.9900383377076,-71.1423216087477,-71.1423216087477
1367.0000383377076,-71.14189908035738,-71.14189908035738
1367.0100383377076,-71.14149157051128,-71.14149157051128
1367.0200383377075,-71.14109912917898,-71.14109912917898
1367.0300383377075,-71.14072180514502,-71.14072180514502
1367.0400383377075,-71.14035964597984,-71.14035964597984
1367.0500383377075,-71.14001269807054,-71.14001269807054
1367.0600383377075,-71.1396810065981,-71.1396810065981
1367.0700383377075,-71.13936461556517,-71.13936461556517
1367.0800383377075,-71.1390635677749,-71.1390635677749
1367.0900383377075,-71.13877790486859,-71.13877790486859
1367.1000383377075,-71.13850766729021,-71.13850766729021
1367.1100383377075,-71.13825289431583,-71.13825289431583
1367.1200383377075,-71.13801362405161,-71.13801362405161
1367.1300383377074,-71.13778989344266,-71.13778989344266
1367.1400383377074,-71.13758173827662,-71.13758173827662
1367.1500383377074,-71.13738919318943,-71.13738919318943
1367.1600383377074,-71.13721229166909,-71.13721229166909
1367.1700383377074,-71.13705106607262,-71.13705106607262
1367.1800383377076,-71.1369055476123,-71.1369055476123
1367.1900383377076,-71.1367757663832,-71.1367757663832
1367.2000383377076,-71.1366617513736,-71.1366617513736
1367.2100383377076,-71.13656353044439,-71.13656353044439
1367.2200383377076,-71.1364811303617,-71.1364811303617
1367.2300383377076,-71.13641457680654,-71.13641457680654
1367.2400383377076,-71.13636389437326,-71.13636389437326
1367.2500383377076,-71.13632910657941,-71.13632910657941
1367.2600383377076,-71.13631023587364,-71.13631023587364
1367.2700383377075,-71.13630730364892,-71.13630730364892
1367.2800383377075,-71.13632033025155,-71.13632033025155
1367.2900383377075,-71.1363493349808,-71.1363493349808
1367.3000383377075,-71.13639433612792,-71.13639433612792
1367.3100383377075,-71.13645535094714,-71.13645535094714
1367.3200383377075,-71.13653239568744,-71.13653239568744
1367.3300383377075,-71.13662548559486,-71.13662548559486
1367.3400383377075,-71.13673463494361,-71.13673463494361
1367.3500383377075,-71.1368598570048,-71.1368598570048
1367.3600383377075,-71.13700116409056,-71.13700116409056
1367.3700383377075,-71.1371585675681,-71.1371585675681
1367.3800383377074,-71.13733207783771,-71.13733207783771
1367.3900383377074,-71.13752170436696,-71.13752170436696
1367.4000383377074,-71.13772745570861,-71.13772745570861
1367.4100383377074,-71.13794933948417,-71.13794933948417
1367.4200383377074,-71.13818736241522,-71.13818736241522
1367.4300383377076,-71.13844153032639,-71.13844153032639
1367.4400383377076,-71.13871184817049,-71.13871184817049
1367.4500383377076,-71.13899832001229,-71.13899832001229
1367.4600383377076,-71.1393009490502,-71.1393009490502
1367.4700383377076,-71.13961973765252,-71.13961973765252
1367.4800383377076,-71.1399546873236,-71.1399546873236
1367.4900383377076,-71.1403057987526,-71.1403057987526
1367.5000383377076,-71.14067307179587,-71.14067307179587
1367.5100383377076,-71.14105650551375,-71.14105650551375
1367.5200383377075,-71.14145609815473,-71.14145609815473
1367.5300383377075,-71.14187184719023,-71.14187184719023
1367.5400383377075,-71.142303749314,-71.142303749314
1367.5500383377075,-71.14275180044058,-71.14275180044058
1367.5600383377075,-71.14321599574227,-71.14321599574227
1367.5700383377075,-71.14369632964173,-71.14369632964173
1367.5800383377075,-71.14419279582073,-71.14419279582073
1367.5900383377075,-71.14470538724166,-71.14470538724166
1367.6000383377075,-71.1452340961582,-71.1452340961582
1367.6100383377075,-71.14577891409955,-71.14577891409955
1367.6200383377075,-71.14633983192265,-71.14633983192265
1367.6300383377074,-71.14691683978886,-71.14691683978886
1367.6400383377074,-71.14750992718494,-71.14750992718494
1367.6500383615494,-71.14811908439431,-71.14811908439431
1367.6600383615494,-71.1487442967313,-71.1487442967313
1367.6700383615494,-71.14938555312209,-71.14938555312209
1367.6800383615494,-71.15004284046485,-71.15004284046485
1367.6900383615493,-71.1507161450242,-71.1507161450242
1367.7000383615493,-71.15140545246405,-71.15140545246405
1367.7100383615493,-71.15210454665561,-71.15210454665561
1367.7200383615493,-71.15281069638527,-71.15281069638527
1367.7300383615493,-71.15352256404078,-71.15352256404078
1367.7400383615493,-71.15423945722058,-71.15423945722058
1367.7500383615493,-71.1549610429349,-71.1549610429349
1367.7600383615493,-71.15568719908967,-71.15568719908967
1367.7700383615493,-71.15641792738367,-71.15641792738367
1367.7800383615495,-71.15715330096636,-71.15715330096636
1367.7900383615495,-71.15789343292663,-71.15789343292663
1367.8000383615495,-71.15863845740199,-71.15863845740199
1367.8100383615495,-71.15938851829199,-71.15938851829199
1367.8200383615495,-71.16014376265419,-71.16014376265419
1367.8300383615494,-71.16090433689364,-71.16090433689364
1367.8400383615494,-71.16167038470687,-71.16167038470687
1367.8500383615494,-71.16244204602565,-71.16244204602565
1367.8600383615494,-71.16321945660948,-71.16321945660948
1367.8700383615494,-71.16400274800242,-71.16400274800242
1367.8800383615494,-71.16479204766252,-71.16479204766252
1367.8900383615494,-71.1655874792151,-71.1655874792151
1367.9000383615494,-71.16638916274721,-71.16638916274721
1367.9100383615494,-71.16719721509185,-71.16719721509185
1367.9200383615494,-71.16801175012363,-71.16801175012363
1367.9300383615494,-71.16883287901149,-71.16883287901149
1367.9400383615493,-71.16966071046788,-71.16966071046788
1367.9500383615493,-71.17049535094344,-71.17049535094344
1367.9600383615493,-71.17133690480628,-71.17133690480628
1367.9700383615493,-71.17218547449289,-71.17218547449289
1367.9800383615493,-71.17304116066582,-71.17304116066582
1367.9900383615493,-71.17390406228719,-71.17390406228719
1368.0000383615493,-71.17477427672817,-71.17477427672817
1368.0100383615493,-71.17565189985582,-71.17565189985582
1368.0200383615493,-71.1765370260831,-71.1765370260831
1368.0300383615495,-71.17742974843195,-71.17742974843195
1368.0400383615495,-71.17833015857356,-71.17833015857356
1368.0500383615495,-71.17923834685753,-71.17923834685753
1368.0600383615495,-71.1801544023511,-71.1801544023511
1368.0700383615495,-71.18107841284855,-71.18107841284855
1368.0800383615494,-71.18201046490769,-71.18201046490769
1368.0900383615494,-71.18295064384044,-71.18295064384044
1368.1000383615494,-71.18389903375412,-71.18389903375412
1368.1100383615494,-71.18485571751944,-71.18485571751944
1368.1200383615494,-71.18582077680904,-71.18582077680904
1368.1300383615494,-71.18679429209061,-71.18679429209061
1368.1400383615494,-71.18777634263026,-71.18777634263026
1368.1500383615494,-71.18876700649936,-71.18876700649936
1368.1600383615494,-71.1897663605497,-71.1897663605497
1368.1700383615494,-71.19077448043983,-71.19077448043983
1368.1800383615494,-71.1917914406364,-71.1917914406364
1368.1900383615493,-71.19281731439693,-71.19281731439693
1368.2000383615493,-71.19385217378547,-71.19385217378547
1368.2100383615493,-71.19488988459736,-71.19488988459736
1368.2200383615493,-71.19592779910165,-71.19592779910165
1368.2300383615493,-71.19696466332762,-71.19696466332762
1368.2400383615493,-71.19799986818948,-71.19799986818948
1368.2500383615493,-71.19903316355635,-71.19903316355635
1368.2600383615493,-71.20006450965671,-71.20006450965671
1368.2700383615493,-71.20109398993957,-71.20109398993957
1368.2800383615495,-71.20212175870367,-71.20212175870367
1368.2900383615495,-71.20314800957458,-71.20314800957458
1368.3000383615495,-71.2041729566133,-71.2041729566133
1368.3100383615495,-71.20519682301304,-71.20519682301304
1368.3200383615495,-71.20621983448217,-71.20621983448217
1368.3300383615494,-71.2072422154308,-71.2072422154308
1368.3400383615494,-71.20826418690358,-71.20826418690358
1368.3500383615494,-71.20928596552514,-71.20928596552514
1368.3600383615494,-71.21030776306115,-71.21030776306115
1368.3700383615494,-71.21132978639874,-71.21132978639874
1368.3800383615494,-71.21235223765427,-71.21235223765427
1368.3900383615494,-71.21337531443336,-71.21337531443336
1368.4000383615494,-71.2143992100829,-71.2143992100829
1368.4100383615494,-71.21542411402751,-71.21542411402751
1368.4200383615494,-71.21645021202073,-71.21645021202073
1368.4300383615494,-71.21747768641117,-71.21747768641117
1368.4400383615493,-71.2185067163755,-71.2185067163755
1368.4500383615493,-71.21953747812185,-71.21953747812185
1368.4600383615493,-71.22056393821576,-71.22056393821576
1368.4700383615493,-71.22158354963993,-71.22158354963993
1368.4800383615493,-71.22259515830868,-71.22259515830868
1368.4900383615493,-71.22359825405972,-71.22359825405972
1368.5000383853912,-71.2245926870457,-71.2245926870457
1368.5100383853912,-71.22557850970156,-71.22557850970156
1368.5200383853912,-71.22655590393408,-71.22655590393408
1368.5300383853912,-71.22752511922491,-71.22752511922491
1368.5400383853912,-71.2284864435611,-71.2284864435611
1368.5500383853912,-71.22944018453578,-71.22944018453578
1368.5600383853912,-71.23038665810758,-71.23038665810758
1368.5700383853912,-71.23132618199232,-71.23132618199232
1368.5800383853912,-71.23225907185781,-71.23225907185781
1368.5900383853912,-71.2331856392657,-71.2331856392657
1368.6000383853911,-71.23410619062801,-71.23410619062801
1368.6100383853911,-71.23502102680659,-71.23502102680659
1368.6200383853911,-71.23593044304117,-71.23593044304117
1368.6300383853913,-71.2368347290948,-71.2368347290948
1368.6400383853913,-71.23773416949012,-71.23773416949012
1368.6500383853913,-71.23862904381022,-71.23862904381022
1368.6600383853913,-71.23951962696084,-71.23951962696084
1368.6700383853913,-71.24040618947771,-71.24040618947771
1368.6800383853913,-71.24128899776468,-71.24128899776468
1368.6900383853913,-71.24216831431652,-71.24216831431652
1368.7000383853913,-71.24304439793458,-71.24304439793458
1368.7100383853913,-71.24391129591193,-71.24391129591193
1368.7200383853913,-71.2447665425042,-71.2447665425042
1368.7300383853913,-71.24560906462413,-71.24560906462413
1368.7400383853912,-71.24643843248805,-71.24643843248805
1368.7500383853912,-71.24725457362058,-71.24725457362058
1368.7600383853912,-71.24805762421855,-71.24805762421855
1368.7700383853912,-71.24884784205288,-71.24884784205288
1368.7800383853912,-71.24962555410092,-71.24962555410092
1368.7900383853912,-71.25039112508378,-71.25039112508378
1368.8000383853912,-71.25114493853525,-71.25114493853525
1368.8100383853912,-71.25188738558174,-71.25188738558174
1368.8200383853912,-71.25261885830874,-71.25261885830874
1368.8300383853912,-71.25333974596603,-71.25333974596603
1368.8400383853912,-71.25405043290549,-71.25405043290549
1368.8500383853911,-71.25475129755553,-71.25475129755553
1368.8600383853911,-71.2554427119714,-71.2554427119714
1368.8700383853911,-71.25612504181554,-71.25612504181554
1368.8800383853913,-71.2567986464748,-71.2567986464748
1368.8900383853913,-71.25746387931035,-71.25746387931035
1368.9000383853913,-71.2581210879591,-71.2581210879591
1368.9100383853913,-71.25877061458041,-71.25877061458041
1368.9200383853913,-71.25941279618816,-71.25941279618816
1368.9300383853913,-71.26004796488021,-71.26004796488021
1368.9400383853913,-71.26067644806405,-71.26067644806405
1368.9500383853913,-71.26129856867576,-71.26129856867576
1368.9600383853913,-71.2619146453585,-71.2619146453585
1368.9700383853913,-71.26252499259839,-71.26252499259839
1368.9800383853913,-71.26312992086467,-71.26312992086467
1368.9900383853912,-71.26372973671778,-71.26372973671778
1369.0000383853912,-71.26432474289663,-71.26432474289663
1369.0100383853912,-71.26491523842208,-71.26491523842208
1369.0200383853912,-71.26550151862415,-71.26550151862415
1369.0300383853912,-71.2660838752352,-71.2660838752352
1369.0400383853912,-71.26666259641335,-71.26666259641335
1369.0500383853912,-71.26723796678789,-71.26723796678789
1369.0600383853912,-71.26781026748841,-71.26781026748841
1369.0700383853912,-71.26837977619667,-71.26837977619667
1369.0800383853912,-71.2689467671299,-71.2689467671299
1369.0900383853912,-71.26951151110664,-71.26951151110664
1369.1000383853911,-71.27007427552387,-71.27007427552387
1369.1100383853911,-71.27063532440731,-71.27063532440731
1369.1200383853911,-71.27119491841319,-71.27119491841319
1369.1300383853913,-71.27175331483264,-71.27175331483264
1369.1400383853913,-71.2723107676133,-71.2723107676133
1369.1500383853913,-71.27286752738829,-71.27286752738829
1369.1600383853913,-71.27342384145825,-71.27342384145825
1369.1700383853913,-71.27397995381834,-71.27397995381834
1369.1800383853913,-71.27453610517324,-71.27453610517324
1369.1900383853913,-71.27509253294953,-71.27509253294953
1369.2000383853913,-71.27564947130956,-71.27564947130956
1369.2100383853913,-71.27620715115876,-71.27620715115876
1369.2200383853913,-71.27676580016244,-71.27676580016244
1369.2300383853913,-71.2773256427546,-71.2773256427546
1369.2400383853912,-71.27788690016583,-71.27788690016583
1369.2500383853912,-71.27844979043505,-71.27844979043505
1369.2600383853912,-71.27901452841049,-71.27901452841049
1369.2700383853912,-71.27958132578902,-71.27958132578902
1369.2800383853912,-71.2801503911155,-71.2801503911155
1369.2900383853912,-71.28072192981841,-71.28072192981841
1369.3000383853912,-71.28129614421783,-71.28129614421783
1369.3100383853912,-71.28187323353757,-71.28187323353757
1369.3200383853912,-71.28245339394317,-71.28245339394317
1369.3300383853912,-71.28303681855051,-71.28303681855051
1369.3400383853912,-71.28362369743716,-71.28362369743716
1369.350038409233,-71.28421421909867,-71.28421421909867
1369.360038409233,-71.28480856483364,-71.28480856483364
1369.370038409233,-71.28540691717164,-71.28540691717164
1369.380038409233,-71.28600945431775,-71.28600945431775
1369.390038409233,-71.28661635156392,-71.28661635156392
1369.400038409233,-71.28722778130357,-71.28722778130357
1369.410038409233,-71.28784391306753,-71.28784391306753
1369.420038409233,-71.28846491355249,-71.28846491355249
1369.430038409233,-71.28909094662875,-71.28909094662875
1369.440038409233,-71.28972217338831,-71.28972217338831
1369.450038409233,-71.2903587521446,-71.2903587521446
1369.460038409233,-71.29099462820528,-71.29099462820528
1369.470038409233,-71.29162723737217,-71.29162723737217
1369.4800384092332,-71.29225540950546,-71.29225540950546
1369.4900384092332,-71.29287861860195,-71.29287861860195
1369.5000384092332,-71.29349669644151,-71.29349669644151
1369.5100384092332,-71.2941096838667,-71.2941096838667
1369.5200384092332,-71.29471774354862,-71.29471774354862
1369.5300384092332,-71.29532110756507,-71.29532110756507
1369.5400384092331,-71.2959200458771,-71.2959200458771
1369.5500384092331,-71.296514847409,-71.296514847409
1369.5600384092331,-71.2971058088154,-71.2971058088154
1369.5700384092331,-71.29769322784202,-71.29769322784202
1369.580038409233,-71.29827739955893,-71.29827739955893
1369.590038409233,-71.29885861431777,-71.29885861431777
1369.600038409233,-71.29943715672152,-71.29943715672152
1369.610038409233,-71.30001330526426,-71.30001330526426
1369.620038409233,-71.30058733225559,-71.30058733225559
1369.630038409233,-71.30115950403136,-71.30115950403136
1369.640038409233,-71.30173008119974,-71.30173008119974
1369.650038409233,-71.30229931895175,-71.30229931895175
1369.660038409233,-71.30286746740052,-71.30286746740052
1369.670038409233,-71.30343477187134,-71.30343477187134
1369.680038409233,-71.30400147318208,-71.30400147318208
1369.690038409233,-71.30456780792534,-71.30456780792534
1369.700038409233,-71.30513400866053,-71.30513400866053
1369.710038409233,-71.30570030414736,-71.30570030414736
1369.720038409233,-71.30626691948676,-71.30626691948676
1369.7300384092332,-71.30683407632351,-71.30683407632351
1369.7400384092332,-71.30740199291964,-71.30740199291964
1369.7500384092332,-71.30797088430711,-71.30797088430711
1369.7600384092332,-71.30854096237009,-71.30854096237009
1369.7700384092332,-71.30911243593779,-71.30911243593779
1369.7800384092332,-71.30968551084833,-71.30968551084833
1369.7900384092331,-71.31026039001144,-71.31026039001144
1369.8000384092331,-71.31083727346878,-71.31083727346878
1369.8100384092331,-71.31141635844654,-71.31141635844654
1369.8200384092331,-71.31199783937915,-71.31199783937915
1369.830038409233,-71.31258190796653,-71.31258190796653
1369.840038409233,-71.3131687531955,-71.3131687531955
1369.850038409233,-71.31375856137119,-71.31375856137119
1369.860038409233,-71.31435151613718,-71.31435151613718
1369.870038409233,-71.31494779851653,-71.31494779851653
1369.880038409233,-71.31554758690997,-71.31554758690997
1369.890038409233,-71.31615105713965,-71.31615105713965
1369.900038409233,-71.31675838245188,-71.31675838245188
1369.910038409233,-71.31736973353662,-71.31736973353662
1369.920038409233,-71.31798527855996,-71.31798527855996
1369.930038409233,-71.3186051831687,-71.3186051831687
1369.940038409233,-71.31922961050151,-71.31922961050151
1369.950038409233,-71.3198587212223,-71.3198587212223
1369.960038409233,-71.32049267352546,-71.32049267352546
1369.970038409233,-71.32113162314951,-71.32113162314951
1369.9800384092332,-71.32177572339187,-71.32177572339187
1369.9900384092332,-71.32242512515153,-71.32242512515153
1370.0000384092332,-71.32307997690249,-71.32307997690249
1370.0100384092332,-71.32374042474406,-71.32374042474406
1370.0200384092332,-71.32440661239764,-71.32440661239764
1370.0300384092332,-71.32507868123784,-71.32507868123784
1370.0400384092331,-71.32575677030283,-71.32575677030283
1370.0500384092331,-71.32644101630235,-71.32644101630235
1370.0600384092331,-71.32713155365639,-71.32713155365639
1370.0700384092331,-71.32782851449342,-71.32782851449342
1370.080038409233,-71.32853202868154,-71.32853202868154
1370.090038409233,-71.32924222382819,-71.32924222382819
1370.100038409233,-71.3299592253283,-71.3299592253283
1370.110038409233,-71.3306831563503,-71.3306831563503
1370.120038409233,-71.33141413788017,-71.33141413788017
1370.130038409233,-71.33215228872955,-71.33215228872955
1370.140038409233,-71.33289772555845,-71.33289772555845
1370.150038409233,-71.33365056289063,-71.33365056289063
1370.160038409233,-71.33441091312271,-71.33441091312271
1370.170038409233,-71.33517888657755,-71.33517888657755
1370.180038409233,-71.33595459149144,-71.33595459149144
1370.190038409233,-71.3367381340415,-71.3367381340415
1370.200038433075,-71.33752962025898,-71.33752962025898
1370.210038433075,-71.33832914853463,-71.33832914853463
1370.220038433075,-71.3391368208538,-71.3391368208538
1370.230038433075,-71.33995273539078,-71.33995273539078
1370.240038433075,-71.3407769883514,-71.3407769883514
1370.250038433075,-71.34160967401718,-71.34160967401718
1370.260038433075,-71.34245088474621,-71.34245088474621
1370.270038433075,-71.34330071101319,-71.34330071101319
1370.2800384330749,-71.3441592414142,-71.3441592414142
1370.2900384330749,-71.34502656270466,-71.34502656270466
1370.3000384330749,-71.34590275980428,-71.34590275980428
1370.3100384330749,-71.34678791582054,-71.34678791582054
1370.3200384330748,-71.34768211208404,-71.34768211208404
1370.330038433075,-71.34858542815199,-71.34858542815199
1370.340038433075,-71.34949794182577,-71.34949794182577
1370.350038433075,-71.35041972918486,-71.35041972918486
1370.360038433075,-71.35135086461825,-71.35135086461825
1370.370038433075,-71.35229142079787,-71.35229142079787
1370.380038433075,-71.35324146876101,-71.35324146876101
1370.390038433075,-71.35420107787824,-71.35420107787824
1370.400038433075,-71.35517031591473,-71.35517031591473
1370.410038433075,-71.35614924901778,-71.35614924901778
1370.420038433075,-71.35713794175552,-71.35713794175552
1370.430038433075,-71.35813645712521,-71.35813645712521
1370.440038433075,-71.35914485658387,-71.35914485658387
1370.450038433075,-71.36016320007067,-71.36016320007067
1370.460038433075,-71.36119154600212,-71.36119154600212
1370.470038433075,-71.36222995132742,-71.36222995132742
1370.480038433075,-71.36327847151196,-71.36327847151196
1370.490038433075,-71.36433716059422,-71.36433716059422
1370.500038433075,-71.36540607117074,-71.36540607117074
1370.510038433075,-71.36648525442972,-71.36648525442972
1370.520038433075,-71.36757476016379,-71.36757476016379
1370.5300384330749,-71.36867463680863,-71.36867463680863
1370.5400384330749,-71.36978493144184,-71.36978493144184
1370.5500384330749,-71.37090568979607,-71.37090568979607
1370.5600384330749,-71.3720369562943,-71.3720369562943
1370.5700384330748,-71.37317877406257,-71.37317877406257
1370.580038433075,-71.3743311849467,-71.3743311849467
1370.590038433075,-71.37549422953036,-71.37549422953036
1370.600038433075,-71.37666794714315,-71.37666794714315
1370.610038433075,-71.37785237589804,-71.37785237589804
1370.620038433075,-71.37904755269726,-71.37904755269726
1370.630038433075,-71.3802535132388,-71.3802535132388
1370.640038433075,-71.38147029205435,-71.38147029205435
1370.650038433075,-71.38269792251349,-71.38269792251349
1370.660038433075,-71.38393643683025,-71.38393643683025
1370.670038433075,-71.38518586610692,-71.38518586610692
1370.680038433075,-71.38644624034004,-71.38644624034004
1370.690038433075,-71.38771758841256,-71.38771758841256
1370.700038433075,-71.38899993814485,-71.38899993814485
1370.710038433075,-71.39029331628743,-71.39029331628743
1370.720038433075,-71.39159774854095,-71.39159774854095
1370.730038433075,-71.39291325958227,-71.39291325958227
1370.740038433075,-71.3942398730628,-71.3942398730628
1370.750038433075,-71.39557761164055,-71.39557761164055
1370.760038433075,-71.39692649698414,-71.39692649698414
1370.770038433075,-71.39828654979051,-71.39828654979051
1370.7800384330749,-71.39965778979402,-71.39965778979402
1370.7900384330749,-71.40104023578884,-71.40104023578884
1370.8000384330749,-71.40243390564439,-71.40243390564439
1370.8100384330749,-71.40383881630903,-71.40383881630903
1370.8200384330748,-71.40525498383829,-71.40525498383829
1370.830038433075,-71.40668242339605,-71.40668242339605
1370.840038433075,-71.40812114927014,-71.40812114927014
1370.850038433075,-71.40957117488259,-71.40957117488259
1370.860038433075,-71.4110325128183,-71.4110325128183
1370.870038433075,-71.41250517483306,-71.41250517483306
1370.880038433075,-71.41398917184749,-71.41398917184749
1370.890038433075,-71.41548451398238,-71.41548451398238
1370.900038433075,-71.41699121055589,-71.41699121055589
1370.910038433075,-71.41850927011514,-71.41850927011514
1370.920038433075,-71.4200387004198,-71.4200387004198
1370.930038433075,-71.42157950847466,-71.42157950847466
1370.940038433075,-71.42313170055188,-71.42313170055188
1370.950038433075,-71.42469528216718,-71.42469528216718
1370.960038433075,-71.426264034392,-71.426264034392
1370.970038433075,-71.42783523793594,-71.42783523793594
1370.980038433075,-71.4294075722987,-71.4294075722987
1370.990038433075,-71.43098036429123,-71.43098036429123
1371.000038433075,-71.43255330109011,-71.43255330109011
1371.010038433075,-71.43412628123754,-71.43412628123754
1371.020038433075,-71.43569932721195,-71.43569932721195
1371.0300384330749,-71.43727253289654,-71.43727253289654
1371.0400384330749,-71.43884603197912,-71.43884603197912
1371.0500384569168,-71.44041998275614,-71.44041998275614
1371.0600384569168,-71.44199454183685,-71.44199454183685
1371.0700384569168,-71.44356987999969,-71.44356987999969
1371.0800384569168,-71.44514616340604,-71.44514616340604
1371.0900384569168,-71.44672355528675,-71.44672355528675
1371.1000384569168,-71.44830221489637,-71.44830221489637
1371.1100384569168,-71.44988229713184,-71.44988229713184
1371.1200384569167,-71.45146395246165,-71.45146395246165
1371.1300384569167,-71.45304732710136,-71.45304732710136
1371.1400384569167,-71.45463256326131,-71.45463256326131
1371.1500384569167,-71.45621979944467,-71.45621979944467
1371.1600384569167,-71.45780917074632,-71.45780917074632
1371.1700384569167,-71.45940080915483,-71.45940080915483
1371.180038456917,-71.46099484380638,-71.46099484380638
1371.190038456917,-71.46259140125458,-71.46259140125458
1371.200038456917,-71.46419060563811,-71.46419060563811
1371.210038456917,-71.465786351711,-71.465786351711
1371.2200384569169,-71.46737603451932,-71.46737603451932
1371.2300384569169,-71.46895844750634,-71.46895844750634
1371.2400384569169,-71.47053303064106,-71.47053303064106
1371.2500384569169,-71.47209958349865,-71.47209958349865
1371.2600384569168,-71.47365811618913,-71.47365811618913
1371.2700384569168,-71.4752087619568,-71.4752087619568
1371.2800384569168,-71.47675172467065,-71.47675172467065
1371.2900384569168,-71.47828724726324,-71.47828724726324
1371.3000384569168,-71.47981559278016,-71.47981559278016
1371.3100384569168,-71.4813370331147,-71.4813370331147
1371.3200384569168,-71.48285184235611,-71.48285184235611
1371.3300384569168,-71.4843602930223,-71.4843602930223
1371.3400384569168,-71.48586265399459,-71.48586265399459
1371.3500384569168,-71.48735918948306,-71.48735918948306
1371.3600384569168,-71.48885015861477,-71.48885015861477
1371.3700384569167,-71.49033581539676,-71.49033581539676
1371.3800384569167,-71.49181640883488,-71.49181640883488
1371.3900384569167,-71.4932921832208,-71.4932921832208
1371.4000384569167,-71.49476337840822,-71.49476337840822
1371.4100384569167,-71.49623023008519,-71.49623023008519
1371.4200384569167,-71.49769297009277,-71.49769297009277
1371.430038456917,-71.4991518266476,-71.4991518266476
1371.440038456917,-71.50060702459747,-71.50060702459747
1371.450038456917,-71.50205878562338,-71.50205878562338
1371.460038456917,-71.5035010984684,-71.5035010984684
1371.4700384569169,-71.50493145333958,-71.50493145333958
1371.4800384569169,-71.50634873872818,-71.50634873872818
1371.4900384569169,-71.50775248918359,-71.50775248918359
1371.5000384569169,-71.50914259817654,-71.50914259817654
1371.5100384569168,-71.5105191690016,-71.5105191690016
1371.5200384569168,-71.51188242729573,-71.51188242729573
1371.5300384569168,-71.51323266854128,-71.51323266854128
1371.5400384569168,-71.5145702264335,-71.5145702264335
1371.5500384569168,-71.51589545394195,-71.51589545394195
1371.5600384569168,-71.51720871202433,-71.51720871202433
1371.5700384569168,-71.51851036299028,-71.51851036299028
1371.5800384569168,-71.51980076670026,-71.51980076670026
1371.5900384569168,-71.52108027850322,-71.52108027850322
1371.6000384569168,-71.52234924818222,-71.52234924818222
1371.6100384569168,-71.5236080195822,-71.5236080195822
1371.6200384569167,-71.52485693052138,-71.52485693052138
1371.6300384569167,-71.52609631294575,-71.52609631294575
1371.6400384569167,-71.52732649318904,-71.52732649318904
1371.6500384569167,-71.5285477922496,-71.5285477922496
1371.6600384569167,-71.5297605260785,-71.5297605260785
1371.6700384569167,-71.53096500587232,-71.53096500587232
1371.680038456917,-71.53216153833131,-71.53216153833131
1371.690038456917,-71.5333504258887,-71.5333504258887
1371.700038456917,-71.53453196689888,-71.53453196689888
1371.710038456917,-71.53570645585138,-71.53570645585138
1371.7200384569169,-71.53687418347879,-71.53687418347879
1371.7300384569169,-71.53803543692933,-71.53803543692933
1371.7400384569169,-71.5391904998305,-71.5391904998305
1371.7500384569169,-71.54033965240642,-71.54033965240642
1371.7600384569168,-71.54148317155861,-71.54148317155861
1371.7700384569168,-71.5426213309068,-71.5426213309068
1371.7800384569168,-71.54375440087335,-71.54375440087335
1371.7900384569168,-71.54488264869337,-71.54488264869337
1371.8000384569168,-71.54600633848887,-71.54600633848887
1371.8100384569168,-71.54712573125855,-71.54712573125855
1371.8200384569168,-71.54824108491917,-71.54824108491917
1371.8300384569168,-71.54935265435986,-71.54935265435986
1371.8400384569168,-71.55045052157364,-71.55045052157364
1371.8500384569168,-71.55152351873366,-71.55152351873366
1371.8600384569168,-71.55256204046088,-71.55256204046088
1371.8700384569167,-71.55355821628575,-71.55355821628575
1371.8800384569167,-71.55450560592148,-71.55450560592148
1371.8900384569167,-71.5553989127056,-71.5553989127056
1371.9000384807587,-71.55623377114262,-71.55623377114262
1371.9100384807587,-71.55700657884584,-71.55700657884584
1371.9200384807586,-71.5577143854107,-71.5577143854107
1371.9300384807586,-71.55835478538738,-71.55835478538738
1371.9400384807586,-71.55892584001778,-71.55892584001778
1371.9500384807586,-71.55942601071062,-71.55942601071062
1371.9600384807586,-71.55985410336676,-71.55985410336676
1371.9700384807586,-71.56020922151737,-71.56020922151737
1371.9800384807586,-71.56049072657164,-71.56049072657164
1371.9900384807586,-71.56069820390039,-71.56069820390039
1372.0000384807586,-71.56083143378278,-71.56083143378278
1372.0100384807586,-71.56089036639659,-71.56089036639659
1372.0200384807586,-71.56087510017474,-71.56087510017474
1372.0300384807588,-71.56078586305222,-71.56078586305222
1372.0400384807588,-71.56062299612356,-71.56062299612356
1372.0500384807588,-71.56038693940805,-71.56038693940805
1372.0600384807587,-71.56007821934915,-71.56007821934915
1372.0700384807587,-71.5596974379058,-71.5596974379058
1372.0800384807587,-71.5592452629132,-71.5592452629132
1372.0900384807587,-71.55872241962227,-71.55872241962227
1372.1000384807587,-71.55812968326363,-71.55812968326363
1372.1100384807587,-71.55746787243386,-71.55746787243386
1372.1200384807587,-71.55673784325798,-71.55673784325798
1372.1300384807587,-71.55594048425513,-71.55594048425513
1372.1400384807587,-71.55507671175044,-71.55507671175044
1372.1500384807587,-71.55414746581862,-71.55414746581862
1372.1600384807587,-71.55315370664586,-71.55315370664586
1372.1700384807586,-71.55209641134476,-71.55209641134476
1372.1800384807586,-71.55097657109064,-71.55097657109064
1372.1900384807586,-71.54979518855407,-71.54979518855407
1372.2000384807586,-71.54855327564252,-71.54855327564252
1372.2100384807586,-71.54725185145492,-71.54725185145492
1372.2200384807586,-71.54589194046854,-71.54589194046854
1372.2300384807586,-71.54447457090917,-71.54447457090917
1372.2400384807586,-71.54300077329712,-71.54300077329712
1372.2500384807586,-71.54147157913083,-71.54147157913083
1372.2600384807586,-71.53988801974906,-71.53988801974906
1372.2700384807586,-71.53825112525288,-71.53825112525288
1372.2800384807588,-71.536561923564,-71.536561923564
1372.2900384807588,-71.53482143960811,-71.53482143960811
1372.3000384807588,-71.53303069452937,-71.53303069452937
1372.3100384807587,-71.53119070502805,-71.53119070502805
1372.3200384807587,-71.52930248273323,-71.52930248273323
1372.3300384807587,-71.52736703366372,-71.52736703366372
1372.3400384807587,-71.52538535775179,-71.52538535775179
1372.3500384807587,-71.5233584483764,-71.5233584483764
1372.3600384807587,-71.52128729197571,-71.52128729197571
1372.3700384807587,-71.5191728677132,-71.5191728677132
1372.3800384807587,-71.51701614713966,-71.51701614713966
1372.3900384807587,-71.51481809392061,-71.51481809392061
1372.4000384807587,-71.51257966359461,-71.51257966359461
1372.4100384807587,-71.51030180332677,-71.51030180332677
1372.4200384807586,-71.50798545172853,-71.50798545172853
1372.4300384807586,-71.50563153869184,-71.50563153869184
1372.4400384807586,-71.50324098523063,-71.50324098523063
1372.4500384807586,-71.50081470332505,-71.50081470332505
1372.4600384807586,-71.49834737273959,-71.49834737273959
1372.4700384807586,-71.49583717062765,-71.49583717062765
1372.4800384807586,-71.4932836662574,-71.4932836662574
1372.4900384807586,-71.49068706821139,-71.49068706821139
1372.5000384807586,-71.48804793700405,-71.48804793700405
1372.5100384807586,-71.48536703581358,-71.48536703581358
1372.5200384807586,-71.48264524287904,-71.48264524287904
1372.5300384807588,-71.47988349884488,-71.47988349884488
1372.5400384807588,-71.47708277507185,-71.47708277507185
1372.5500384807588,-71.47424405459999,-71.47424405459999
1372.5600384807587,-71.47136832085158,-71.47136832085158
1372.5700384807587,-71.46845655093873,-71.46845655093873
1372.5800384807587,-71.46550971188921,-71.46550971188921
1372.5900384807587,-71.4625287585544,-71.4625287585544
1372.6000384807587,-71.45951463261213,-71.45951463261213
1372.6100384807587,-71.45646826218483,-71.45646826218483
1372.6200384807587,-71.45339056179968,-71.45339056179968
1372.6300384807587,-71.45028243259324,-71.45028243259324
1372.6400384807587,-71.4471447625889,-71.4471447625889
1372.6500384807587,-71.44397842703455,-71.44397842703455
1372.6600384807587,-71.44078428875734,-71.44078428875734
1372.6700384807586,-71.43756319849587,-71.43756319849587
1372.6800384807586,-71.43431599520592,-71.43431599520592
1372.6900384807586,-71.43104350636537,-71.43104350636537
1372.7000384807586,-71.42774654822847,-71.42774654822847
1372.7100384807586,-71.42442592607755,-71.42442592607755
1372.7200384807586,-71.42108243441176,-71.42108243441176
1372.7300384807586,-71.4177168571785,-71.4177168571785
1372.7400384807586,-71.41432996791063,-71.41432996791063
1372.7500385046005,-71.41092252178558,-71.41092252178558
1372.7600385046005,-71.4074952882005,-71.4074952882005
1372.7700385046005,-71.40404900232387,-71.40404900232387
1372.7800385046005,-71.40058439755069,-71.40058439755069
1372.7900385046005,-71.3971021975371,-71.3971021975371
1372.8000385046005,-71.39360311632545,-71.39360311632545
1372.8100385046005,-71.39008785841509,-71.39008785841509
1372.8200385046005,-71.3865571188849,-71.3865571188849
1372.8300385046005,-71.38301158345512,-71.38301158345512
1372.8400385046004,-71.37945192860343,-71.37945192860343
1372.8500385046004,-71.3758788216238,-71.3758788216238
1372.8600385046004,-71.37229292071387,-71.37229292071387
1372.8700385046004,-71.36869487506549,-71.36869487506549
1372.8800385046006,-71.3650853249365,-71.3650853249365
1372.8900385046006,-71.36146490171649,-71.36146490171649
1372.9000385046006,-71.35783422802155,-71.35783422802155
1372.9100385046006,-71.3541939177649,-71.3541939177649
1372.9200385046006,-71.3505445762297,-71.3505445762297
1372.9300385046006,-71.34688680013402,-71.34688680013402
1372.9400385046006,-71.34322117772922,-71.34322117772922
1372.9500385046006,-71.33954828884929,-71.33954828884929
1372.9600385046006,-71.33586870500933,-71.33586870500933
1372.9700385046006,-71.33218298946292,-71.33218298946292
1372.9800385046005,-71.32849169728487,-71.32849169728487
1372.9900385046005,-71.324795375451,-71.324795375451
1373.0000385046005,-71.32109456290478,-71.32109456290478
1373.0100385046005,-71.3173897906276,-71.3173897906276
1373.0200385046005,-71.31368158174305,-71.31368158174305
1373.0300385046005,-71.30997045155702,-71.30997045155702
1373.0400385046005,-71.30625690766043,-71.30625690766043
1373.0500385046005,-71.30254144997794,-71.30254144997794
1373.0600385046005,-71.2988245708847,-71.2988245708847
1373.0700385046005,-71.29510675524101,-71.29510675524101
1373.0800385046005,-71.2913884804921,-71.2913884804921
1373.0900385046004,-71.28767021673605,-71.28767021673605
1373.1000385046004,-71.28395242680313,-71.28395242680313
1373.1100385046004,-71.2802355663374,-71.2802355663374
1373.1200385046004,-71.27652008386636,-71.27652008386636
1373.1300385046006,-71.27280642087258,-71.27280642087258
1373.1400385046006,-71.26909501188203,-71.26909501188203
1373.1500385046006,-71.26538628452194,-71.26538628452194
1373.1600385046006,-71.26168065962162,-71.26168065962162
1373.1700385046006,-71.25797855127544,-71.25797855127544
1373.1800385046006,-71.2542803669085,-71.2542803669085
1373.1900385046006,-71.25058650736628,-71.25058650736628
1373.2000385046006,-71.24689736697368,-71.24689736697368
1373.2100385046006,-71.2432133336343,-71.2432133336343
1373.2200385046006,-71.23953478888959,-71.23953478888959
1373.2300385046005,-71.23586210798759,-71.23586210798759
1373.2400385046005,-71.23219565995956,-71.23219565995956
1373.2500385046005,-71.22853580771542,-71.22853580771542
1373.2600385046005,-71.22488290808718,-71.22488290808718
1373.2700385046005,-71.22123731190233,-71.22123731190233
1373.2800385046005,-71.21759936407788,-71.21759936407788
1373.2900385046005,-71.21396940368068,-71.21396940368068
1373.3000385046005,-71.21034776399443,-71.21034776399443
1373.3100385046005,-71.20673477259588,-71.20673477259588
1373.3200385046005,-71.20313075142671,-71.20313075142671
1373.3300385046005,-71.19953601686153,-71.19953601686153
1373.3400385046004,-71.19595087976744,-71.19595087976744
1373.3500385046004,-71.19237564560008,-71.19237564560008
1373.3600385046004,-71.18881061443004,-71.18881061443004
1373.3700385046004,-71.18525608104898,-71.18525608104898
1373.3800385046006,-71.18171233501823,-71.18171233501823
1373.3900385046006,-71.17817966074885,-71.17817966074885
1373.4000385046006,-71.17465833755055,-71.17465833755055
1373.4100385046006,-71.17114863969371,-71.17114863969371
1373.4200385046006,-71.16765083651177,-71.16765083651177
1373.4300385046006,-71.16416519241479,-71.16416519241479
1373.4400385046006,-71.16069196699078,-71.16069196699078
1373.4500385046006,-71.15723141505089,-71.15723141505089
1373.4600385046006,-71.15378378670752,-71.15378378670752
1373.4700385046006,-71.15034932742292,-71.15034932742292
1373.4800385046005,-71.14692827806532,-71.14692827806532
1373.4900385046005,-71.143520874983,-71.143520874983
1373.5000385046005,-71.14012735006403,-71.14012735006403
1373.5100385046005,-71.13674793079466,-71.13674793079466
1373.5200385046005,-71.13338284030432,-71.13338284030432
1373.5300385046005,-71.13003229743548,-71.13003229743548
1373.5400385046005,-71.12669651682329,-71.12669651682329
1373.5500385046005,-71.12337570890168,-71.12337570890168
1373.5600385046005,-71.12007008000417,-71.12007008000417
1373.5700385046005,-71.1167798324089,-71.1167798324089
1373.5800385046005,-71.11350516438219,-71.11350516438219
1373.5900385046004,-71.11024627023271,-71.11024627023271
1373.6000385284424,-71.10700333266915,-71.10700333266915
1373.6100385284424,-71.10377655376321,-71.10377655376321
1373.6200385284424,-71.10056610853623,-71.10056610853623
1373.6300385284424,-71.09737217603791,-71.09737217603791
1373.6400385284423,-71.09419493164111,-71.09419493164111
1373.6500385284423,-71.09103454708809,-71.09103454708809
1373.6600385284423,-71.08789119052427,-71.08789119052427
1373.6700385284423,-71.08476502657301,-71.08476502657301
1373.6800385284423,-71.08165621636384,-71.08165621636384
1373.6900385284423,-71.07856491759988,-71.07856491759988
1373.7000385284423,-71.07549128458984,-71.07549128458984
1373.7100385284423,-71.07243546830621,-71.07243546830621
1373.7200385284423,-71.0693976164249,-71.0693976164249
1373.7300385284425,-71.06637787338644,-71.06637787338644
1373.7400385284425,-71.06337638040739,-71.06337638040739
1373.7500385284425,-71.06039327557198,-71.06039327557198
1373.7600385284425,-71.05742869384916,-71.05742869384916
1373.7700385284425,-71.05448276713648,-71.05448276713648
1373.7800385284424,-71.05155562430758,-71.05155562430758
1373.7900385284424,-71.04864739125168,-71.04864739125168
1373.8000385284424,-71.04575819092767,-71.04575819092767
1373.8100385284424,-71.04288814340136,-71.04288814340136
1373.8200385284424,-71.04003736587714,-71.04003736587714
1373.8300385284424,-71.0372059727478,-71.0372059727478
1373.8400385284424,-71.03439407564034,-71.03439407564034
1373.8500385284424,-71.03160178344592,-71.03160178344592
1373.8600385284424,-71.02882920235848,-71.02882920235848
1373.8700385284424,-71.02607643591398,-71.02607643591398
1373.8800385284424,-71.02334358503516,-71.02334358503516
1373.8900385284423,-71.0206307480678,-71.0206307480678
1373.9000385284423,-71.01793802082072,-71.01793802082072
1373.9100385284423,-71.01526549658756,-71.01526549658756
1373.9200385284423,-71.01261326619893,-71.01261326619893
1373.9300385284423,-71.00998141805815,-71.00998141805815
1373.9400385284423,-71.00737003816725,-71.00737003816725
1373.9500385284423,-71.004779210148,-71.004779210148
1373.9600385284423,-71.00220283523272,-71.00220283523272
1373.9700385284423,-70.99963829586224,-70.99963829586224
1373.9800385284425,-70.9970843646604,-70.9970843646604
1373.9900385284425,-70.99454045662485,-70.99454045662485
1374.0000385284425,-70.99200634365096,-70.99200634365096
1374.0100385284425,-70.9894820061867,-70.9894820061867
1374.0200385284425,-70.98696754616057,-70.98696754616057
1374.0300385284424,-70.98446313463488,-70.98446313463488
1374.0400385284424,-70.98196898028684,-70.98196898028684
1374.0500385284424,-70.97948531055877,-70.97948531055877
1374.0600385284424,-70.97701236038087,-70.97701236038087
1374.0700385284424,-70.97455036560477,-70.97455036560477
1374.0800385284424,-70.97209955923648,-70.97209955923648
1374.0900385284424,-70.96966016945,-70.96966016945
1374.1000385284424,-70.96723241857043,-70.96723241857043
1374.1100385284424,-70.96481652274439,-70.96481652274439
1374.1200385284424,-70.9624126919263,-70.9624126919263
1374.1300385284424,-70.9600211300803,-70.9600211300803
1374.1400385284423,-70.95764203549727,-70.95764203549727
1374.1500385284423,-70.95527560111636,-70.95527560111636
1374.1600385284423,-70.95292201488353,-70.95292201488353
1374.1700385284423,-70.95058146005938,-70.95058146005938
1374.1800385284423,-70.94825411556134,-70.94825411556134
1374.1900385284423,-70.94594015621479,-70.94594015621479
1374.2000385284423,-70.94363975301468,-70.94363975301468
1374.2100385284423,-70.9413468982793,-70.9413468982793
1374.2200385284423,-70.93905906140515,-70.93905906140515
1374.2300385284425,-70.9367750997585,-70.9367750997585
1374.2400385284425,-70.93449451166495,-70.93449451166495
1374.2500385284425,-70.93221715127694,-70.93221715127694
1374.2600385284425,-70.92994308043815,-70.92994308043815
1374.2700385284425,-70.92767248174216,-70.92767248174216
1374.2800385284424,-70.92540560627495,-70.92540560627495
1374.2900385284424,-70.92314274220651,-70.92314274220651
1374.3000385284424,-70.92088419591842,-70.92088419591842
1374.3100385284424,-70.91863028080738,-70.91863028080738
1374.3200385284424,-70.91638131071097,-70.91638131071097
1374.3300385284424,-70.91413759619489,-70.91413759619489
1374.3400385284424,-70.91189944252444,-70.91189944252444
1374.3500385284424,-70.90966714868232,-70.90966714868232
1374.3600385284424,-70.90744100702544,-70.90744100702544
1374.3700385284424,-70.90522130327523,-70.90522130327523
1374.3800385284424,-70.90300831671338,-70.90300831671338
1374.3900385284423,-70.90080232047461,-70.90080232047461
1374.4000385284423,-70.89860358188456,-70.89860358188456
1374.4100385284423,-70.89641236278503,-70.89641236278503
1374.4200385284423,-70.89422891988471,-70.89422891988471
1374.4300385284423,-70.89205350500994,-70.89205350500994
1374.4400385284423,-70.88988636541659,-70.88988636541659
1374.4500385522842,-70.88772773885381,-70.88772773885381
1374.4600385522842,-70.88557787437378,-70.88557787437378
1374.4700385522842,-70.88343700161451,-70.88343700161451
1374.4800385522842,-70.8813053515436,-70.8813053515436
1374.4900385522842,-70.87918315146885,-70.87918315146885
1374.5000385522842,-70.87707062514784,-70.87707062514784
1374.5100385522842,-70.87496799287312,-70.87496799287312
1374.5200385522842,-70.87287547156397,-70.87287547156397
1374.5300385522842,-70.87079327484985,-70.87079327484985
1374.5400385522842,-70.86872161311886,-70.86872161311886
1374.5500385522841,-70.86666069358627,-70.86666069358627
1374.5600385522841,-70.86461072032824,-70.86461072032824
1374.5700385522841,-70.86257189433141,-70.86257189433141
1374.5800385522843,-70.86054441352486,-70.86054441352486
1374.5900385522843,-70.85852847281973,-70.85852847281973
1374.6000385522843,-70.85652426413527,-70.85652426413527
1374.6100385522843,-70.85453197639951,-70.85453197639951
1374.6200385522843,-70.85255179561867,-70.85255179561867
1374.6300385522843,-70.85058390485386,-70.85058390485386
1374.6400385522843,-70.84862848427436,-70.84862848427436
1374.6500385522843,-70.84668571115259,-70.84668571115259
1374.6600385522843,-70.84475575989696,-70.84475575989696
1374.6700385522843,-70.8428388020601,-70.8428388020601
1374.6800385522843,-70.84093500635544,-70.84093500635544
1374.6900385522842,-70.83904453868863,-70.83904453868863
1374.7000385522842,-70.83716756214345,-70.83716756214345
1374.7100385522842,-70.8353042370327,-70.8353042370327
1374.7200385522842,-70.8334547208956,-70.8334547208956
1374.7300385522842,-70.83161916851124,-70.83161916851124
1374.7400385522842,-70.82979773192714,-70.82979773192714
1374.7500385522842,-70.82799056047267,-70.82799056047267
1374.7600385522842,-70.82619780075929,-70.82619780075929
1374.7700385522842,-70.82441959672892,-70.82441959672892
1374.7800385522842,-70.82265608963851,-70.82265608963851
1374.7900385522842,-70.82090741811523,-70.82090741811523
1374.8000385522841,-70.8191737181391,-70.8191737181391
1374.8100385522841,-70.81745512308171,-70.81745512308171
1374.8200385522841,-70.8157517637257,-70.8157517637257
1374.8300385522843,-70.81406376827718,-70.81406376827718
1374.8400385522843,-70.81239126239002,-70.81239126239002
1374.8500385522843,-70.81073436917066,-70.81073436917066
1374.8600385522843,-70.80909320924113,-70.80909320924113
1374.8700385522843,-70.80746790070938,-70.80746790070938
1374.8800385522843,-70.80585855921568,-70.80585855921568
1374.8900385522843,-70.80426529795585,-70.80426529795585
1374.9000385522843,-70.80268822769465,-70.80268822769465
1374.9100385522843,-70.80112745679347,-70.80112745679347
1374.9200385522843,-70.79958309123347,-70.79958309123347
1374.9300385522843,-70.79805523462666,-70.79805523462666
1374.9400385522842,-70.7965439882543,-70.7965439882543
1374.9500385522842,-70.7950494510832,-70.7950494510832
1374.9600385522842,-70.79356555716734,-70.79356555716734
1374.9700385522842,-70.79208971116054,-70.79208971116054
1374.9800385522842,-70.7906207036519,-70.7906207036519
1374.9900385522842,-70.78915796565111,-70.78915796565111
1375.0000385522842,-70.78770128401716,-70.78770128401716
1375.0100385522842,-70.78625065352236,-70.78625065352236
1375.0200385522842,-70.78480619008147,-70.78480619008147
1375.0300385522842,-70.78336807852791,-70.78336807852791
1375.0400385522842,-70.78193654124114,-70.78193654124114
1375.0500385522841,-70.78051181927826,-70.78051181927826
1375.0600385522841,-70.77909416118992,-70.77909416118992
1375.0700385522841,-70.77768381642979,-70.77768381642979
1375.0800385522843,-70.77628103161891,-70.77628103161891
1375.0900385522843,-70.77488604853005,-70.77488604853005
1375.1000385522843,-70.77349910309435,-70.77349910309435
1375.1100385522843,-70.77212042504755,-70.77212042504755
1375.1200385522843,-70.7707502379221,-70.7707502379221
1375.1300385522843,-70.76938875923757,-70.76938875923757
1375.1400385522843,-70.76803620079824,-70.76803620079824
1375.1500385522843,-70.76669276904242,-70.76669276904242
1375.1600385522843,-70.76535866534377,-70.76535866534377
1375.1700385522843,-70.76403408638203,-70.76403408638203
1375.1800385522843,-70.7627192244111,-70.7627192244111
1375.1900385522842,-70.76141426755018,-70.76141426755018
1375.2000385522842,-70.76011940001182,-70.76011940001182
1375.2100385522842,-70.7588348023369,-70.7588348023369
1375.2200385522842,-70.75756065156479,-70.75756065156479
1375.2300385522842,-70.75629712139899,-70.75629712139899
1375.2400385522842,-70.75504438234995,-70.75504438234995
1375.2500385522842,-70.75380260185425,-70.75380260185425
1375.2600385522842,-70.75257194439133,-70.75257194439133
1375.2700385522842,-70.75135257157136,-70.75135257157136
1375.2800385522842,-70.75014464219703,-70.75014464219703
1375.2900385522842,-70.74894831236438,-70.74894831236438
1375.300038576126,-70.74776373266491,-70.74776373266491
1375.310038576126,-70.74659105958297,-70.74659105958297
1375.320038576126,-70.74543043851926,-70.74543043851926
1375.330038576126,-70.74428201518444,-70.74428201518444
1375.340038576126,-70.74314593281233,-70.74314593281233
1375.350038576126,-70.74202233216647,-70.74202233216647
1375.360038576126,-70.74091135159682,-70.74091135159682
1375.370038576126,-70.7398131270371,-70.7398131270371
1375.380038576126,-70.73872779205114,-70.73872779205114
1375.390038576126,-70.73765547784848,-70.73765547784848
1375.400038576126,-70.73659631329554,-70.73659631329554
1375.410038576126,-70.73555042494597,-70.73555042494597
1375.420038576126,-70.73451793705782,-70.73451793705782
1375.4300385761262,-70.73349897160158,-70.73349897160158
1375.4400385761262,-70.73249364830569,-70.73249364830569
1375.4500385761262,-70.73150208463079,-70.73150208463079
1375.4600385761262,-70.73052439581882,-70.73052439581882
1375.4700385761262,-70.72956069489523,-70.72956069489523
1375.4800385761262,-70.72861109268958,-70.72861109268958
1375.4900385761262,-70.72767569786201,-70.72767569786201
1375.5000385761261,-70.7267546168971,-70.7267546168971
1375.5100385761261,-70.72584795413263,-70.72584795413263
1375.5200385761261,-70.72495581177414,-70.72495581177414
1375.5300385761261,-70.72407828991324,-70.72407828991324
1375.540038576126,-70.72321548654418,-70.72321548654418
1375.550038576126,-70.72236749758565,-70.72236749758565
1375.560038576126,-70.72153441687409,-70.72153441687409
1375.570038576126,-70.72071633620179,-70.72071633620179
1375.580038576126,-70.71991334534927,-70.71991334534927
1375.590038576126,-70.71912553205257,-70.71912553205257
1375.600038576126,-70.71835298207108,-70.71835298207108
1375.610038576126,-70.71759577918398,-70.71759577918398
1375.620038576126,-70.71685400520141,-70.71685400520141
1375.630038576126,-70.71612774000006,-70.71612774000006
1375.640038576126,-70.71541706152001,-70.71541706152001
1375.650038576126,-70.71472204579995,-70.71472204579995
1375.660038576126,-70.7140427669973,-70.7140427669973
1375.670038576126,-70.7133792973832,-70.7133792973832
1375.6800385761262,-70.71273170740014,-70.71273170740014
1375.6900385761262,-70.71210006563551,-70.71210006563551
1375.7000385761262,-70.71148443887456,-70.71148443887456
1375.7100385761262,-70.71088489211397,-70.71088489211397
1375.7200385761262,-70.71030148855687,-70.71030148855687
1375.7300385761262,-70.70973428967008,-70.70973428967008
1375.7400385761262,-70.70918335517712,-70.70918335517712
1375.7500385761261,-70.70864874307074,-70.70864874307074
1375.7600385761261,-70.70813050965572,-70.70813050965572
1375.7700385761261,-70.70762870956028,-70.70762870956028
1375.7800385761261,-70.7071433957515,-70.7071433957515
1375.790038576126,-70.70667461954778,-70.70667461954778
1375.800038576126,-70.70622243064786,-70.70622243064786
1375.810038576126,-70.70578687715341,-70.70578687715341
1375.820038576126,-70.70536800558308,-70.70536800558308
1375.830038576126,-70.70496586089132,-70.70496586089132
1375.840038576126,-70.70458048647451,-70.70458048647451
1375.850038576126,-70.70421192422538,-70.70421192422538
1375.860038576126,-70.70386021451631,-70.70386021451631
1375.870038576126,-70.70352539622715,-70.70352539622715
1375.880038576126,-70.70320750678245,-70.70320750678245
1375.890038576126,-70.70290658215218,-70.70290658215218
1375.900038576126,-70.70262265686888,-70.70262265686888
1375.910038576126,-70.702355764066,-70.702355764066
1375.920038576126,-70.70210593546885,-70.70210593546885
1375.9300385761262,-70.70187320143707,-70.70187320143707
1375.9400385761262,-70.70165759096447,-70.70165759096447
1375.9500385761262,-70.70145913172067,-70.70145913172067
1375.9600385761262,-70.70127785004033,-70.70127785004033
1375.9700385761262,-70.70111377096418,-70.70111377096418
1375.9800385761262,-70.70096691823976,-70.70096691823976
1375.9900385761262,-70.7008373143679,-70.7008373143679
1376.0000385761261,-70.70072498058214,-70.70072498058214
1376.0100385761261,-70.70062993688921,-70.70062993688921
1376.0200385761261,-70.70055220207946,-70.70055220207946
1376.0300385761261,-70.70049179374507,-70.70049179374507
1376.040038576126,-70.70044872831672,-70.70044872831672
1376.050038576126,-70.70042302104133,-70.70042302104133
1376.060038576126,-70.70041468602987,-70.70041468602987
1376.070038576126,-70.70042373626494,-70.70042373626494
1376.080038576126,-70.70045018360919,-70.70045018360919
1376.090038576126,-70.70049403883841,-70.70049403883841
1376.100038576126,-70.70055531164338,-70.70055531164338
1376.110038576126,-70.7006340106505,-70.7006340106505
1376.120038576126,-70.70073014344742,-70.70073014344742
1376.130038576126,-70.70084371657303,-70.70084371657303
1376.140038576126,-70.70097473556696,-70.70097473556696
1376.150038599968,-70.70112320531324,-70.70112320531324
1376.160038599968,-70.70128912869882,-70.70128912869882
1376.170038599968,-70.70147250859831,-70.70147250859831
1376.180038599968,-70.70167334663425,-70.70167334663425
1376.190038599968,-70.70189164349046,-70.70189164349046
1376.200038599968,-70.70212739891564,-70.70212739891564
1376.210038599968,-70.70237445447019,-70.70237445447019
1376.220038599968,-70.70263011835219,-70.70263011835219
1376.2300385999679,-70.70289308399869,-70.70289308399869
1376.2400385999679,-70.70316268570164,-70.70316268570164
1376.2500385999679,-70.70343861445856,-70.70343861445856
1376.2600385999679,-70.70372077027788,-70.70372077027788
1376.2700385999678,-70.70400917550853,-70.70400917550853
1376.280038599968,-70.70430392274707,-70.70430392274707
1376.290038599968,-70.70460514351645,-70.70460514351645
1376.300038599968,-70.70491298940564,-70.70491298940564
1376.310038599968,-70.70522762091615,-70.70522762091615
1376.320038599968,-70.70554920087572,-70.70554920087572
1376.330038599968,-70.70587789068036,-70.70587789068036
1376.340038599968,-70.70621384827375,-70.70621384827375
1376.350038599968,-70.70655722715367,-70.70655722715367
1376.360038599968,-70.70690817597746,-70.70690817597746
1376.370038599968,-70.7072668385581,-70.7072668385581
1376.380038599968,-70.70763335401715,-70.70763335401715
1376.390038599968,-70.70800785709461,-70.70800785709461
1376.400038599968,-70.70839047843096,-70.70839047843096
1376.410038599968,-70.70878134491758,-70.70878134491758
1376.420038599968,-70.70918057998209,-70.70918057998209
1376.430038599968,-70.70958830388085,-70.70958830388085
1376.440038599968,-70.71000463397036,-70.71000463397036
1376.450038599968,-70.71042968491437,-70.71042968491437
1376.460038599968,-70.71086356888709,-70.71086356888709
1376.470038599968,-70.71130639573572,-70.71130639573572
1376.4800385999679,-70.7117582731492,-70.7117582731492
1376.4900385999679,-70.71221930676249,-70.71221930676249
1376.5000385999679,-70.71268960027759,-70.71268960027759
1376.5100385999679,-70.71316925554721,-70.71316925554721
1376.5200385999678,-70.71365837266245,-70.71365837266245
1376.530038599968,-70.71415705000001,-70.71415705000001
1376.540038599968,-70.7146653842814,-70.7146653842814
1376.550038599968,-70.71518347063449,-70.71518347063449
1376.560038599968,-70.71571140261298,-70.71571140261298
1376.570038599968,-70.71624927224512,-70.71624927224512
1376.580038599968,-70.71679717004696,-70.71679717004696
1376.590038599968,-70.71735518504389,-70.71735518504389
1376.600038599968,-70.71792340480862,-70.71792340480862
1376.610038599968,-70.7185019154511,-70.7185019154511
1376.620038599968,-70.71909080164698,-70.71909080164698
1376.630038599968,-70.71969014664727,-70.71969014664727
1376.640038599968,-70.72030003228961,-70.72030003228961
1376.650038599968,-70.72092053899829,-70.72092053899829
1376.660038599968,-70.72155174579963,-70.72155174579963
1376.670038599968,-70.72219373031825,-70.72219373031825
1376.680038599968,-70.72284656879698,-70.72284656879698
1376.690038599968,-70.72351033608936,-70.72351033608936
1376.700038599968,-70.72418510566524,-70.72418510566524
1376.710038599968,-70.72487094962383,-70.72487094962383
1376.720038599968,-70.72556793869073,-70.72556793869073
1376.7300385999679,-70.72627614222831,-70.72627614222831
1376.7400385999679,-70.72699562823294,-70.72699562823294
1376.7500385999679,-70.72772646333945,-70.72772646333945
1376.7600385999679,-70.7284687128522,-70.7284687128522
1376.7700385999678,-70.7292224407028,-70.7292224407028
1376.780038599968,-70.72998770948993,-70.72998770948993
1376.790038599968,-70.73076458047369,-70.73076458047369
1376.800038599968,-70.73155311358619,-70.73155311358619
1376.810038599968,-70.73235336742995,-70.73235336742995
1376.820038599968,-70.73316539929408,-70.73316539929408
1376.830038599968,-70.73398926514689,-70.73398926514689
1376.840038599968,-70.73482501966735,-70.73482501966735
1376.850038599968,-70.73567271622359,-70.73567271622359
1376.860038599968,-70.73653240688722,-70.73653240688722
1376.870038599968,-70.7374041424628,-70.7374041424628
1376.880038599968,-70.73828797247488,-70.73828797247488
1376.890038599968,-70.73918394517553,-70.73918394517553
1376.900038599968,-70.74009210756553,-70.74009210756553
1376.910038599968,-70.74101250539195,-70.74101250539195
1376.920038599968,-70.74194518316109,-70.74194518316109
1376.930038599968,-70.74289018416225,-70.74289018416225
1376.940038599968,-70.74384755044383,-70.74384755044383
1376.950038599968,-70.74481732285977,-70.74481732285977
1376.960038599968,-70.74579337876001,-70.74579337876001
1376.970038599968,-70.7467730634141,-70.7467730634141
1376.9800385999679,-70.74775510773617,-70.74775510773617
1376.9900385999679,-70.74873888347857,-70.74873888347857
1377.0000386238098,-70.74972412135068,-70.74972412135068
1377.0100386238098,-70.75071075385483,-70.75071075385483
1377.0200386238098,-70.75169884270264,-70.75169884270264
1377.0300386238098,-70.752688517329,-70.752688517329
1377.0400386238098,-70.75367994587648,-70.75367994587648
1377.0500386238098,-70.75467331639622,-70.75467331639622
1377.0600386238098,-70.75566882563163,-70.75566882563163
1377.0700386238098,-70.7566666724724,-70.7566666724724
1377.0800386238097,-70.7576670541597,-70.7576670541597
1377.0900386238097,-70.75867016428298,-70.75867016428298
1377.1000386238097,-70.75967619177061,-70.75967619177061
1377.1100386238097,-70.76068532048042,-70.76068532048042
1377.1200386238097,-70.76169772919474,-70.76169772919474
1377.13003862381,-70.76271359179272,-70.76271359179272
1377.14003862381,-70.7637330775075,-70.7637330775075
1377.15003862381,-70.76475635123242,-70.76475635123242
1377.16003862381,-70.76578357387002,-70.76578357387002
1377.17003862381,-70.76681490259817,-70.76681490259817
1377.1800386238099,-70.76785049117464,-70.76785049117464
1377.1900386238099,-70.76889049017915,-70.76889049017915
1377.2000386238099,-70.76993504724459,-70.76993504724459
1377.2100386238099,-70.77098430723801,-70.77098430723801
1377.2200386238098,-70.77203841244895,-70.77203841244895
1377.2300386238098,-70.77309750271512,-70.77309750271512
1377.2400386238098,-70.77416171557222,-70.77416171557222
1377.2500386238098,-70.77523118632305,-70.77523118632305
1377.2600386238098,-70.7763060481637,-70.7763060481637
1377.2700386238098,-70.77738643224319,-70.77738643224319
1377.2800386238098,-70.77847246772804,-70.77847246772804
1377.2900386238098,-70.77956428186025,-70.77956428186025
1377.3000386238098,-70.78066200000195,-70.78066200000195
1377.3100386238098,-70.78176574566636,-70.78176574566636
1377.3200386238098,-70.78287564056677,-70.78287564056677
1377.3300386238097,-70.78399180463457,-70.78399180463457
1377.3400386238097,-70.78511435603431,-70.78511435603431
1377.3500386238097,-70.7862434111976,-70.7862434111976
1377.3600386238097,-70.78737908483052,-70.78737908483052
1377.3700386238097,-70.78852148994103,-70.78852148994103
1377.38003862381,-70.78967073783369,-70.78967073783369
1377.39003862381,-70.7908269381234,-70.7908269381234
1377.40003862381,-70.79199019876516,-70.79199019876516
1377.41003862381,-70.79316062602159,-70.79316062602159
1377.42003862381,-70.79433832452209,-70.79433832452209
1377.4300386238099,-70.7955233972363,-70.7955233972363
1377.4400386238099,-70.7967159454823,-70.7967159454823
1377.4500386238099,-70.79791606894491,-70.79791606894491
1377.4600386238099,-70.79912386568245,-70.79912386568245
1377.4700386238098,-70.80033943210744,-70.80033943210744
1377.4800386238098,-70.80156286303487,-70.80156286303487
1377.4900386238098,-70.80279425165504,-70.80279425165504
1377.5000386238098,-70.80403368955278,-70.80403368955278
1377.5100386238098,-70.80528126672196,-70.80528126672196
1377.5200386238098,-70.80653707155503,-70.80653707155503
1377.5300386238098,-70.80780119085927,-70.80780119085927
1377.5400386238098,-70.80907370987103,-70.80907370987103
1377.5500386238098,-70.81035471224978,-70.81035471224978
1377.5600386238098,-70.81164428009438,-70.81164428009438
1377.5700386238098,-70.81294249395863,-70.81294249395863
1377.5800386238097,-70.81424943283767,-70.81424943283767
1377.5900386238097,-70.81556517421066,-70.81556517421066
1377.6000386238097,-70.81688979401123,-70.81688979401123
1377.6100386238097,-70.81822336667119,-70.81822336667119
1377.6200386238097,-70.8195659651119,-70.8195659651119
1377.63003862381,-70.82091766075293,-70.82091766075293
1377.64003862381,-70.82227852353427,-70.82227852353427
1377.65003862381,-70.82364862192799,-70.82364862192799
1377.66003862381,-70.82502802292315,-70.82502802292315
1377.67003862381,-70.8264167920768,-70.8264167920768
1377.6800386238099,-70.82781499349875,-70.82781499349875
1377.6900386238099,-70.8292226898656,-70.8292226898656
1377.7000386238099,-70.83063994244175,-70.83063994244175
1377.7100386238099,-70.83203564277426,-70.83203564277426
1377.7200386238098,-70.83339433971337,-70.83339433971337
1377.7300386238098,-70.83470660528499,-70.83470660528499
1377.7400386238098,-70.83596618109445,-70.83596618109445
1377.7500386238098,-70.83716882383206,-70.83716882383206
1377.7600386238098,-70.83831162791236,-70.83831162791236
1377.7700386238098,-70.8393925889196,-70.8393925889196
1377.7800386238098,-70.84041031934609,-70.84041031934609
1377.7900386238098,-70.8413638630335,-70.8413638630335
1377.8000386238098,-70.84225257327113,-70.84225257327113
1377.8100386238098,-70.84307603199137,-70.84307603199137
1377.8200386238098,-70.84383399548136,-70.84383399548136
1377.8300386238097,-70.84452635746965,-70.84452635746965
1377.8400386238097,-70.845153123487,-70.845153123487
1377.8500386476517,-70.84571439407702,-70.84571439407702
1377.8600386476517,-70.84621034606903,-70.84621034606903
1377.8700386476517,-70.84664123137917,-70.84664123137917
1377.8800386476516,-70.84700736334213,-70.84700736334213
1377.8900386476516,-70.84730911219881,-70.84730911219881
1377.9000386476516,-70.84754690004168,-70.84754690004168
1377.9100386476516,-70.84772119649543,-70.84772119649543
1377.9200386476516,-70.84783251492972,-70.84783251492972
1377.9300386476516,-70.84788140905664,-70.84788140905664
1377.9400386476516,-70.84786846984063,-70.84786846984063
1377.9500386476516,-70.84779432265903,-70.84779432265903
1377.9600386476516,-70.84765962459075,-70.84765962459075
1377.9700386476516,-70.84746506196082,-70.84746506196082
1377.9800386476518,-70.84721134797357,-70.84721134797357
1377.9900386476518,-70.84689922046825,-70.84689922046825
1378.0000386476518,-70.84652943982965,-70.84652943982965
1378.0100386476518,-70.84610278697976,-70.84610278697976
1378.0200386476517,-70.84562006148725,-70.84562006148725
1378.0300386476517,-70.84508207976401,-70.84508207976401
1378.0400386476517,-70.844489673371,-70.844489673371
1378.0500386476517,-70.84384368738382,-70.84384368738382
1378.0600386476517,-70.8431449789021,-70.8431449789021
1378.0700386476517,-70.8423944155692,-70.8423944155692
1378.0800386476517,-70.84159287421271,-70.84159287421271
1378.0900386476517,-70.84074123956395,-70.84074123956395
1378.1000386476517,-70.8398404030378,-70.8398404030378
1378.1100386476517,-70.83889126155827,-70.83889126155827
1378.1200386476517,-70.83789471650194,-70.83789471650194
1378.1300386476516,-70.83685167266059,-70.83685167266059
1378.1400386476516,-70.83576303730263,-70.83576303730263
1378.1500386476516,-70.8346297192531,-70.8346297192531
1378.1600386476516,-70.83345262804785,-70.83345262804785
1378.1700386476516,-70.83223267314536,-70.83223267314536
1378.1800386476516,-70.83097076318492,-70.83097076318492
1378.1900386476516,-70.8296678052858,-70.8296678052858
1378.2000386476516,-70.82832470439054,-70.82832470439054
1378.2100386476516,-70.82694236267423,-70.82694236267423
1378.2200386476516,-70.82552167896436,-70.82552167896436
1378.2300386476518,-70.82406354821492,-70.82406354821492
1378.2400386476518,-70.82256886101332,-70.82256886101332
1378.2500386476518,-70.82103850312505,-70.82103850312505
1378.2600386476518,-70.81947335507323,-70.81947335507323
1378.2700386476517,-70.81787429173856,-70.81787429173856
1378.2800386476517,-70.81624218200581,-70.81624218200581
1378.2900386476517,-70.81457788842253,-70.81457788842253
1378.3000386476517,-70.81288226688021,-70.81288226688021
1378.3100386476517,-70.81115616634925,-70.81115616634925
1378.3200386476517,-70.80940042860988,-70.80940042860988
1378.3300386476517,-70.8076158880034,-70.8076158880034
1378.3400386476517,-70.80580337123436,-70.80580337123436
1378.3500386476517,-70.80396369715407,-70.80396369715407
1378.3600386476517,-70.8020976765912,-70.8020976765912
1378.3700386476517,-70.80020611218308,-70.80020611218308
1378.3800386476516,-70.79828979824768,-70.79828979824768
1378.3900386476516,-70.79634952062442,-70.79634952062442
1378.4000386476516,-70.79438605658824,-70.79438605658824
1378.4100386476516,-70.79240017473171,-70.79240017473171
1378.4200386476516,-70.79039263487347,-70.79039263487347
1378.4300386476516,-70.78836418799806,-70.78836418799806
1378.4400386476516,-70.78631557618111,-70.78631557618111
1378.4500386476516,-70.784247532533,-70.784247532533
1378.4600386476516,-70.78216078115096,-70.78216078115096
1378.4700386476516,-70.78005603711739,-70.78005603711739
1378.4800386476518,-70.77793400642325,-70.77793400642325
1378.4900386476518,-70.77579538598741,-70.77579538598741
1378.5000386476518,-70.77364086363423,-70.77364086363423
1378.5100386476518,-70.77147111809238,-70.77147111809238
1378.5200386476517,-70.76928681900637,-70.76928681900637
1378.5300386476517,-70.76708862694817,-70.76708862694817
1378.5400386476517,-70.76487719342282,-70.76487719342282
1378.5500386476517,-70.76265316089327,-70.76265316089327
1378.5600386476517,-70.76041716283106,-70.76041716283106
1378.5700386476517,-70.75816982372332,-70.75816982372332
1378.5800386476517,-70.75591175911741,-70.75591175911741
1378.5900386476517,-70.75364357566828,-70.75364357566828
1378.6000386476517,-70.75136587117939,-70.75136587117939
1378.6100386476517,-70.74907923466988,-70.74907923466988
1378.6200386476517,-70.74678424639227,-70.74678424639227
1378.6300386476516,-70.74448147792158,-70.74448147792158
1378.6400386476516,-70.7421714922055,-70.7421714922055
1378.6500386476516,-70.73985484361573,-70.73985484361573
1378.6600386476516,-70.73753207802622,-70.73753207802622
1378.6700386476516,-70.73520373287715,-70.73520373287715
1378.6800386476516,-70.73287033723112,-70.73287033723112
1378.6900386476516,-70.73053241186315,-70.73053241186315
1378.7000386714935,-70.72819046373857,-70.72819046373857
1378.7100386714935,-70.72584500840735,-70.72584500840735
1378.7200386714935,-70.72349653662674,-70.72349653662674
1378.7300386714935,-70.7211455367164,-70.7211455367164
1378.7400386714935,-70.71879248909181,-70.71879248909181
1378.7500386714935,-70.71643786631773,-70.71643786631773
1378.7600386714935,-70.71408213320106,-70.71408213320106
1378.7700386714935,-70.71172574687414,-70.71172574687414
1378.7800386714935,-70.70936915686394,-70.70936915686394
1378.7900386714934,-70.70701280519286,-70.70701280519286
1378.8000386714934,-70.70465712643902,-70.70465712643902
1378.8100386714934,-70.70230254784536,-70.70230254784536
1378.8200386714934,-70.69994948937793,-70.69994948937793
1378.8300386714936,-70.69759836383061,-70.69759836383061
1378.8400386714936,-70.69524957689158,-70.69524957689158
1378.8500386714936,-70.69290352724074,-70.69290352724074
1378.8600386714936,-70.69056060662253,-70.69056060662253
1378.8700386714936,-70.68822119994041,-70.68822119994041
1378.8800386714936,-70.68588568534031,-70.68588568534031
1378.8900386714936,-70.6835544342805,-70.6835544342805
1378.9000386714936,-70.68122781162839,-70.68122781162839
1378.9100386714936,-70.67890617574744,-70.67890617574744
1378.9200386714936,-70.67658987857072,-70.67658987857072
1378.9300386714935,-70.67427926568745,-70.67427926568745
1378.9400386714935,-70.67197467642106,-70.67197467642106
1378.9500386714935,-70.66967644391914,-70.66967644391914
1378.9600386714935,-70.66737874216147,-70.66737874216147
1378.9700386714935,-70.66507920763262,-70.66507920763262
1378.9800386714935,-70.66277685720321,-70.66277685720321
1378.9900386714935,-70.66047134354105,-70.66047134354105
1379.0000386714935,-70.65816267092936,-70.65816267092936
1379.0100386714935,-70.65585104763284,-70.65585104763284
1379.0200386714935,-70.65353679929648,-70.65353679929648
1379.0300386714935,-70.65122031694163,-70.65122031694163
1379.0400386714934,-70.6489020256861,-70.6489020256861
1379.0500386714934,-70.64658236600329,-70.64658236600329
1379.0600386714934,-70.64426178260571,-70.64426178260571
1379.0700386714934,-70.64194071795355,-70.64194071795355
1379.0800386714936,-70.63961960856781,-70.63961960856781
1379.0900386714936,-70.63729888308426,-70.63729888308426
1379.1000386714936,-70.63497896128635,-70.63497896128635
1379.1100386714936,-70.63266025382826,-70.63266025382826
1379.1200386714936,-70.63034316224145,-70.63034316224145
1379.1300386714936,-70.62802807920659,-70.62802807920659
1379.1400386714936,-70.62571538886047,-70.62571538886047
1379.1500386714936,-70.62340546717876,-70.62340546717876
1379.1600386714936,-70.62109868236215,-70.62109868236215
1379.1700386714936,-70.61879539520429,-70.61879539520429
1379.1800386714935,-70.61649595941033,-70.61649595941033
1379.1900386714935,-70.61420072192432,-70.61420072192432
1379.2000386714935,-70.61191002320979,-70.61191002320979
1379.2100386714935,-70.60962419749602,-70.60962419749602
1379.2200386714935,-70.607343573,-70.607343573
1379.2300386714935,-70.6050684721401,-70.6050684721401
1379.2400386714935,-70.60279921170539,-70.60279921170539
1379.2500386714935,-70.60053610300324,-70.60053610300324
1379.2600386714935,-70.59827945201889,-70.59827945201889
1379.2700386714935,-70.59602955952371,-70.59602955952371
1379.2800386714935,-70.59378672121774,-70.59378672121774
1379.2900386714934,-70.5915512278116,-70.5915512278116
1379.3000386714934,-70.58932336511243,-70.58932336511243
1379.3100386714934,-70.5871034141387,-70.5871034141387
1379.3200386714934,-70.58489165118388,-70.58489165118388
1379.3300386714936,-70.58268834788045,-70.58268834788045
1379.3400386714936,-70.58049377128832,-70.58049377128832
1379.3500386714936,-70.57830818395519,-70.57830818395519
1379.3600386714936,-70.57613184396651,-70.57613184396651
1379.3700386714936,-70.5739650050067,-70.5739650050067
1379.3800386714936,-70.57180791642563,-70.57180791642563
1379.3900386714936,-70.5696608232727,-70.5696608232727
1379.4000386714936,-70.56752396637408,-70.56752396637408
1379.4100386714936,-70.56539758235355,-70.56539758235355
1379.4200386714936,-70.56328190370414,-70.56328190370414
1379.4300386714935,-70.56117715881862,-70.56117715881862
1379.4400386714935,-70.55908357204633,-70.55908357204633
1379.4500386714935,-70.5570013637393,-70.5570013637393
1379.4600386714935,-70.55493075028598,-70.55493075028598
1379.4700386714935,-70.5528719441588,-70.5528719441588
1379.4800386714935,-70.55082515397433,-70.55082515397433
1379.4900386714935,-70.54879058450526,-70.54879058450526
1379.5000386714935,-70.54676843675983,-70.54676843675983
1379.5100386714935,-70.54475890798079,-70.54475890798079
1379.5200386714935,-70.54276219173173,-70.54276219173173
1379.5300386714935,-70.54077847790792,-70.54077847790792
1379.5400386714934,-70.53880795278766,-70.53880795278766
1379.5500386953354,-70.53685079442094,-70.53685079442094
1379.5600386953354,-70.53490719132928,-70.53490719132928
1379.5700386953354,-70.53297731449963,-70.53297731449963
1379.5800386953354,-70.53106133614745,-70.53106133614745
1379.5900386953354,-70.52915942508203,-70.52915942508203
1379.6000386953353,-70.52727174675373,-70.52727174675373
1379.6100386953353,-70.52539846325591,-70.52539846325591
1379.6200386953353,-70.52353973340871,-70.52353973340871
1379.6300386953353,-70.52169571276764,-70.52169571276764
1379.6400386953353,-70.51986655369208,-70.51986655369208
1379.6500386953353,-70.51805240533987,-70.51805240533987
1379.6600386953353,-70.51625341375401,-70.51625341375401
1379.6700386953353,-70.51446972187527,-70.51446972187527
1379.6800386953355,-70.51270146958706,-70.51270146958706
1379.6900386953355,-70.51094879375017,-70.51094879375017
1379.7000386953355,-70.50921182824526,-70.50921182824526
1379.7100386953355,-70.50749070401903,-70.50749070401903
1379.7200386953355,-70.50578554911134,-70.50578554911134
1379.7300386953355,-70.5040964886775,-70.5040964886775
1379.7400386953354,-70.50242364506468,-70.50242364506468
1379.7500386953354,-70.50076713780736,-70.50076713780736
1379.7600386953354,-70.49912708369605,-70.49912708369605
1379.7700386953354,-70.49750359680087,-70.49750359680087
1379.7800386953354,-70.49589678850279,-70.49589678850279
1379.7900386953354,-70.4943067675308,-70.4943067675308
1379.8000386953354,-70.49273364000855,-70.49273364000855
1379.8100386953354,-70.49117750948867,-70.49117750948867
1379.8200386953354,-70.4896384769667,-70.4896384769667
1379.8300386953354,-70.48811664094417,-70.48811664094417
1379.8400386953354,-70.486612097446,-70.486612097446
1379.8500386953353,-70.48512494005043,-70.48512494005043
1379.8600386953353,-70.48365525994166,-70.48365525994166
1379.8700386953353,-70.48220314593118,-70.48220314593118
1379.8800386953353,-70.48076868448976,-70.48076868448976
1379.8900386953353,-70.47935195977935,-70.47935195977935
1379.9000386953353,-70.47795305370111,-70.47795305370111
1379.9100386953353,-70.4765720459018,-70.4765720459018
1379.9200386953353,-70.47520901383528,-70.47520901383528
1379.9300386953355,-70.47386403276384,-70.47386403276384
1379.9400386953355,-70.47253717581141,-70.47253717581141
1379.9500386953355,-70.47122851399436,-70.47122851399436
1379.9600386953355,-70.46993197908608,-70.46993197908608
1379.9700386953355,-70.46864495958597,-70.46864495958597
1379.9800386953355,-70.46736622448643,-70.46736622448643
1379.9900386953354,-70.4660951807312,-70.4660951807312
1380.0000386953354,-70.46483158974611,-70.46483158974611
1380.0100386953354,-70.46357542013611,-70.46357542013611
1380.0200386953354,-70.4623267612502,-70.4623267612502
1380.0300386953354,-70.4610857712363,-70.4610857712363
1380.0400386953354,-70.4598526458129,-70.4598526458129
1380.0500386953354,-70.45862759953292,-70.45862759953292
1380.0600386953354,-70.45741085463787,-70.45741085463787
1380.0700386953354,-70.45620263454246,-70.45620263454246
1380.0800386953354,-70.45500316012195,-70.45500316012195
1380.0900386953354,-70.45381264770761,-70.45381264770761
1380.1000386953353,-70.45263130812228,-70.45263130812228
1380.1100386953353,-70.45145934631022,-70.45145934631022
1380.1200386953353,-70.45029696134334,-70.45029696134334
1380.1300386953353,-70.44914434661727,-70.44914434661727
1380.1400386953353,-70.44800169013455,-70.44800169013455
1380.1500386953353,-70.446869174852,-70.446869174852
1380.1600386953353,-70.44574697899989,-70.44574697899989
1380.1700386953353,-70.4446352764205,-70.4446352764205
1380.1800386953355,-70.44353423684557,-70.44353423684557
1380.1900386953355,-70.44244402618516,-70.44244402618516
1380.2000386953355,-70.44136480675583,-70.44136480675583
1380.2100386953355,-70.44029673750896,-70.44029673750896
1380.2200386953355,-70.43923997417586,-70.43923997417586
1380.2300386953355,-70.43819466946593,-70.43819466946593
1380.2400386953354,-70.43716097318926,-70.43716097318926
1380.2500386953354,-70.43613903238136,-70.43613903238136
1380.2600386953354,-70.43512899138702,-70.43512899138702
1380.2700386953354,-70.43413099197919,-70.43413099197919
1380.2800386953354,-70.43314517339908,-70.43314517339908
1380.2900386953354,-70.43217167247587,-70.43217167247587
1380.3000386953354,-70.43121062362658,-70.43121062362658
1380.3100386953354,-70.43026215893461,-70.43026215893461
1380.3200386953354,-70.42932640819176,-70.42932640819176
1380.3300386953354,-70.42840349893363,-70.42840349893363
1380.3400386953354,-70.4274935564685,-70.4274935564685
1380.3500386953353,-70.42659670391386,-70.42659670391386
1380.3600386953353,-70.42571306221927,-70.42571306221927
1380.3700386953353,-70.42484275019083,-70.42484275019083
1380.3800386953353,-70.42398588450384,-70.42398588450384
1380.3900386953353,-70.42314257974495,-70.42314257974495
1380.4000387191772,-70.4223129464416,-70.4223129464416
1380.4100387191772,-70.42149709900278,-70.42149709900278
1380.4200387191772,-70.4206951437887,-70.4206951437887
1380.4300387191772,-70.4199071871478,-70.4199071871478
1380.4400387191772,-70.41913333340183,-70.41913333340183
1380.4500387191772,-70.41837368486031,-70.41837368486031
1380.4600387191772,-70.41762220894826,-70.41762220894826
1380.4700387191772,-70.41687632687449,-70.41687632687449
1380.4800387191772,-70.4161348392732,-70.4161348392732
1380.4900387191772,-70.41539718424534,-70.41539718424534
1380.5000387191772,-70.41466315412445,-70.41466315412445
1380.5100387191771,-70.41393274829161,-70.41393274829161
1380.5200387191771,-70.41320608680734,-70.41320608680734
1380.5300387191774,-70.41248335851056,-70.41248335851056
1380.5400387191773,-70.41176478978383,-70.41176478978383
1380.5500387191773,-70.41105062583915,-70.41105062583915
1380.5600387191773,-70.41034111957097,-70.41034111957097
1380.5700387191773,-70.40963652501138,-70.40963652501138
1380.5800387191773,-70.40893709363363,-70.40893709363363
1380.5900387191773,-70.4082430723213,-70.4082430723213
1380.6000387191773,-70.40755470239763,-70.40755470239763
1380.6100387191773,-70.40687221922028,-70.40687221922028
1380.6200387191773,-70.40619585221886,-70.40619585221886
1380.6300387191773,-70.40552582504021,-70.40552582504021
1380.6400387191773,-70.40486235584935,-70.40486235584935
1380.6500387191772,-70.40420565762034,-70.40420565762034
1380.6600387191772,-70.40355593849867,-70.40355593849867
1380.6700387191772,-70.40291340209473,-70.40291340209473
1380.6800387191772,-70.40227824777752,-70.40227824777752
1380.6900387191772,-70.40165067093096,-70.40165067093096
1380.7000387191772,-70.40103086319273,-70.40103086319273
1380.7100387191772,-70.40041901263847,-70.40041901263847
1380.7200387191772,-70.39981530397766,-70.39981530397766
1380.7300387191772,-70.39921991871996,-70.39921991871996
1380.7400387191772,-70.39863303525722,-70.39863303525722
1380.7500387191772,-70.39805482902436,-70.39805482902436
1380.7600387191771,-70.39748547257695,-70.39748547257695
1380.7700387191771,-70.39692513568417,-70.39692513568417
1380.7800387191774,-70.39637398539777,-70.39637398539777
1380.7900387191773,-70.39583218609874,-70.39583218609874
1380.8000387191773,-70.39529989957045,-70.39529989957045
1380.8100387191773,-70.39477728503977,-70.39477728503977
1380.8200387191773,-70.39426449921984,-70.39426449921984
1380.8300387191773,-70.39376169633601,-70.39376169633601
1380.8400387191773,-70.39326902815824,-70.39326902815824
1380.8500387191773,-70.39278664404803,-70.39278664404803
1380.8600387191773,-70.39231469094699,-70.39231469094699
1380.8700387191773,-70.39185331343126,-70.39185331343126
1380.8800387191773,-70.39140265371627,-70.39140265371627
1380.8900387191773,-70.39096285167271,-70.39096285167271
1380.9000387191772,-70.39053404486658,-70.39053404486658
1380.9100387191772,-70.39011636853647,-70.39011636853647
1380.9200387191772,-70.38970995564523,-70.38970995564523
1380.9300387191772,-70.38931493687414,-70.38931493687414
1380.9400387191772,-70.3889314406455,-70.3889314406455
1380.9500387191772,-70.38855959314017,-70.38855959314017
1380.9600387191772,-70.38819951829373,-70.38819951829373
1380.9700387191772,-70.3878513378402,-70.3878513378402
1380.9800387191772,-70.38751517129157,-70.38751517129157
1380.9900387191772,-70.38719113598285,-70.38719113598285
1381.0000387191772,-70.38687934707373,-70.38687934707373
1381.0100387191771,-70.38657991754981,-70.38657991754981
1381.0200387191771,-70.38629295825521,-70.38629295825521
1381.0300387191774,-70.38601857791167,-70.38601857791167
1381.0400387191773,-70.38575688311273,-70.38575688311273
1381.0500387191773,-70.38550797835038,-70.38550797835038
1381.0600387191773,-70.38527196603864,-70.38527196603864
1381.0700387191773,-70.38504894651322,-70.38504894651322
1381.0800387191773,-70.38483901806129,-70.38483901806129
1381.0900387191773,-70.38464227692283,-70.38464227692283
1381.1000387191773,-70.38445881732035,-70.38445881732035
1381.1100387191773,-70.38428873148024,-70.38428873148024
1381.1200387191773,-70.38413210963179,-70.38413210963179
1381.1300387191773,-70.38398904003344,-70.38398904003344
1381.1400387191773,-70.3838596089982,-70.3838596089982
1381.1500387191772,-70.38374390088966,-70.38374390088966
1381.1600387191772,-70.38364199816961,-70.38364199816961
1381.1700387191772,-70.38355398139207,-70.38355398139207
1381.1800387191772,-70.38347992923053,-70.38347992923053
1381.1900387191772,-70.3834199184926,-70.3834199184926
1381.2000387191772,-70.38337402415057,-70.38337402415057
1381.2100387191772,-70.38334231933723,-70.38334231933723
1381.2200387191772,-70.38332487538662,-70.38332487538662
1381.2300387191772,-70.38332176184169,-70.38332176184169
1381.2400387191772,-70.38333304648431,-70.38333304648431
1381.250038743019,-70.38335879538576,-70.38335879538576
1381.260038743019,-70.38339907276855,-70.38339907276855
1381.270038743019,-70.38345394122418,-70.38345394122418
1381.280038743019,-70.38352346164002,-70.38352346164002
1381.290038743019,-70.38360769321834,-70.38360769321834
1381.300038743019,-70.38370669352575,-70.38370669352575
1381.310038743019,-70.3838205184756,-70.3838205184756
1381.320038743019,-70.3839492223791,-70.3839492223791
1381.330038743019,-70.38409285793603,-70.38409285793603
1381.340038743019,-70.38425147627018,-70.38425147627018
1381.350038743019,-70.3844251269523,-70.3844251269523
1381.360038743019,-70.3846138580047,-70.3846138580047
1381.370038743019,-70.38481771593997,-70.38481771593997
1381.3800387430192,-70.3850367457449,-70.3850367457449
1381.3900387430192,-70.38527099095549,-70.38527099095549
1381.4000387430192,-70.38552049361857,-70.38552049361857
1381.4100387430192,-70.38578529433978,-70.38578529433978
1381.4200387430192,-70.38606543230154,-70.38606543230154
1381.4300387430192,-70.38636094527318,-70.38636094527318
1381.4400387430192,-70.38667186963421,-70.38667186963421
1381.4500387430191,-70.3869982403976,-70.3869982403976
1381.4600387430191,-70.38733396007014,-70.38733396007014
1381.4700387430191,-70.387676383143,-70.387676383143
1381.4800387430191,-70.38802424321845,-70.38802424321845
1381.490038743019,-70.38837691159716,-70.38837691159716
1381.500038743019,-70.38873411427052,-70.38873411427052
1381.510038743019,-70.38909578484123,-70.38909578484123
1381.520038743019,-70.38946197821768,-70.38946197821768
1381.530038743019,-70.38983281878463,-70.38983281878463
1381.540038743019,-70.3902084692028,-70.3902084692028
1381.550038743019,-70.39058911169315,-70.39058911169315
1381.560038743019,-70.39097493692164,-70.39097493692164
1381.570038743019,-70.39136613747615,-70.39136613747615
1381.580038743019,-70.39176290412522,-70.39176290412522
1381.590038743019,-70.39216542383475,-70.39216542383475
1381.600038743019,-70.39257387875571,-70.39257387875571
1381.610038743019,-70.39298844587057,-70.39298844587057
1381.620038743019,-70.39340929696344,-70.39340929696344
1381.6300387430192,-70.39383659881518,-70.39383659881518
1381.6400387430192,-70.39427051346443,-70.39427051346443
1381.6500387430192,-70.39471119852477,-70.39471119852477
1381.6600387430192,-70.39515880752364,-70.39515880752364
1381.6700387430192,-70.39561349019111,-70.39561349019111
1381.6800387430192,-70.39607539276155,-70.39607539276155
1381.6900387430192,-70.39654465822922,-70.39654465822922
1381.7000387430191,-70.3970214265418,-70.3970214265418
1381.7100387430191,-70.39749970289868,-70.39749970289868
1381.7200387430191,-70.39797694345748,-70.39797694345748
1381.7300387430191,-70.39845198244393,-70.39845198244393
1381.740038743019,-70.39892429077665,-70.39892429077665
1381.750038743019,-70.39939369313943,-70.39939369313943
1381.760038743019,-70.39986022097395,-70.39986022097395
1381.770038743019,-70.40032402623557,-70.40032402623557
1381.780038743019,-70.40078532960605,-70.40078532960605
1381.790038743019,-70.4012443893528,-70.4012443893528
1381.800038743019,-70.40170148261626,-70.40170148261626
1381.810038743019,-70.40215689433255,-70.40215689433255
1381.820038743019,-70.4026109107246,-70.4026109107246
1381.830038743019,-70.40306381557912,-70.40306381557912
1381.840038743019,-70.40351588825389,-70.40351588825389
1381.850038743019,-70.40396740267515,-70.40396740267515
1381.860038743019,-70.40441862698358,-70.40441862698358
1381.870038743019,-70.40486982351209,-70.40486982351209
1381.8800387430192,-70.40532124894494,-70.40532124894494
1381.8900387430192,-70.40577315462154,-70.40577315462154
1381.9000387430192,-70.4062257867955,-70.4062257867955
1381.9100387430192,-70.40667938701861,-70.40667938701861
1381.9200387430192,-70.40713419237143,-70.40713419237143
1381.9300387430192,-70.40759043578177,-70.40759043578177
1381.9400387430192,-70.40804834627228,-70.40804834627228
1381.9500387430191,-70.40850814916128,-70.40850814916128
1381.9600387430191,-70.40896393389811,-70.40896393389811
1381.9700387430191,-70.40941324060147,-70.40941324060147
1381.9800387430191,-70.4098549868839,-70.4098549868839
1381.990038743019,-70.41028872640919,-70.41028872640919
1382.000038743019,-70.41071436591415,-70.41071436591415
1382.010038743019,-70.4111320181919,-70.4111320181919
1382.020038743019,-70.41154191584923,-70.41154191584923
1382.030038743019,-70.41194435951178,-70.41194435951178
1382.040038743019,-70.41233968664649,-70.41233968664649
1382.050038743019,-70.41272825289242,-70.41272825289242
1382.060038743019,-70.41311042094738,-70.41311042094738
1382.070038743019,-70.41348655404784,-70.41348655404784
1382.080038743019,-70.41385701225553,-70.41385701225553
1382.090038743019,-70.41422215045021,-70.41422215045021
1382.100038766861,-70.41458231820597,-70.41458231820597
1382.110038766861,-70.41493785593092,-70.41493785593092
1382.120038766861,-70.41528910010605,-70.41528910010605
1382.130038766861,-70.41563637990805,-70.41563637990805
1382.140038766861,-70.41598001839499,-70.41598001839499
1382.150038766861,-70.41632033279859,-70.41632033279859
1382.160038766861,-70.41665763484362,-70.41665763484362
1382.170038766861,-70.41699223105533,-70.41699223105533
1382.180038766861,-70.41732442300489,-70.41732442300489
1382.1900387668609,-70.41765450759722,-70.41765450759722
1382.2000387668609,-70.41798277727052,-70.41798277727052
1382.2100387668609,-70.41830338793503,-70.41830338793503
1382.2200387668609,-70.41861394575788,-70.41861394575788
1382.230038766861,-70.41891343369822,-70.41891343369822
1382.240038766861,-70.41920147005028,-70.41920147005028
1382.250038766861,-70.41947802541273,-70.41947802541273
1382.260038766861,-70.41974327567166,-70.41974327567166
1382.270038766861,-70.41999751578288,-70.41999751578288
1382.280038766861,-70.42024110794937,-70.42024110794937
1382.290038766861,-70.42047445046562,-70.42047445046562
1382.300038766861,-70.42069795904432,-70.42069795904432
1382.310038766861,-70.42091205569785,-70.42091205569785
1382.320038766861,-70.42111716223654,-70.42111716223654
1382.330038766861,-70.42131369655368,-70.42131369655368
1382.340038766861,-70.4215020706177,-70.4215020706177
1382.350038766861,-70.42168268948168,-70.42168268948168
1382.360038766861,-70.42185595092732,-70.42185595092732
1382.370038766861,-70.42202224544289,-70.42202224544289
1382.380038766861,-70.42218195638903,-70.42218195638903
1382.390038766861,-70.4223354602793,-70.4223354602793
1382.400038766861,-70.42248312709904,-70.42248312709904
1382.410038766861,-70.4226253206197,-70.4226253206197
1382.420038766861,-70.42276239870253,-70.42276239870253
1382.430038766861,-70.42289471358326,-70.42289471358326
1382.4400387668609,-70.42302261213366,-70.42302261213366
1382.4500387668609,-70.4231464360714,-70.4231464360714
1382.4600387668609,-70.42326652216754,-70.42326652216754
1382.4700387668609,-70.42338320240674,-70.42338320240674
1382.480038766861,-70.42349680415265,-70.42349680415265
1382.490038766861,-70.42360765027274,-70.42360765027274
1382.500038766861,-70.4237160592283,-70.4237160592283
1382.510038766861,-70.42382234518932,-70.42382234518932
1382.520038766861,-70.42392681812143,-70.42392681812143
1382.530038766861,-70.4240297838261,-70.4240297838261
1382.540038766861,-70.4241315440417,-70.4241315440417
1382.550038766861,-70.4242323964638,-70.4242323964638
1382.560038766861,-70.42433263481902,-70.42433263481902
1382.570038766861,-70.42443254888634,-70.42443254888634
1382.580038766861,-70.42453242452996,-70.42453242452996
1382.590038766861,-70.42463254376688,-70.42463254376688
1382.600038766861,-70.42473318475652,-70.42473318475652
1382.610038766861,-70.42483462185331,-70.42483462185331
1382.620038766861,-70.42493712561847,-70.42493712561847
1382.630038766861,-70.42504096285504,-70.42504096285504
1382.640038766861,-70.42514639663409,-70.42514639663409
1382.650038766861,-70.42525368630696,-70.42525368630696
1382.660038766861,-70.42536308753203,-70.42536308753203
1382.670038766861,-70.42547485228651,-70.42547485228651
1382.680038766861,-70.42558922891858,-70.42558922891858
1382.6900387668609,-70.42570646212694,-70.42570646212694
1382.7000387668609,-70.42582679302294,-70.42582679302294
1382.7100387668609,-70.42595045912229,-70.42595045912229
1382.7200387668609,-70.4260776943844,-70.4260776943844
1382.730038766861,-70.42620872922465,-70.42620872922465
1382.740038766861,-70.4263437905453,-70.4263437905453
1382.750038766861,-70.42648310175386,-70.42648310175386
1382.760038766861,-70.42662688279937,-70.42662688279937
1382.770038766861,-70.42677535017403,-70.42677535017403
1382.780038766861,-70.42692871695516,-70.42692871695516
1382.790038766861,-70.42708719281812,-70.42708719281812
1382.800038766861,-70.42725098407577,-70.42725098407577
1382.810038766861,-70.42742029369127,-70.42742029369127
1382.820038766861,-70.42759532132243,-70.42759532132243
1382.830038766861,-70.42777626332796,-70.42777626332796
1382.840038766861,-70.42796331280768,-70.42796331280768
1382.850038766861,-70.4281566596162,-70.4281566596162
1382.860038766861,-70.42835649040921,-70.42835649040921
1382.870038766861,-70.42856298866938,-70.42856298866938
1382.880038766861,-70.42877633471072,-70.42877633471072
1382.890038766861,-70.42899670573307,-70.42899670573307
1382.900038766861,-70.42922427585556,-70.42922427585556
1382.910038766861,-70.42945921611893,-70.42945921611893
1382.920038766861,-70.42970169453045,-70.42970169453045
1382.930038766861,-70.42995187610263,-70.42995187610263
1382.9400387668609,-70.43020992287045,-70.43020992287045
1382.9500387907028,-70.43047599455532,-70.43047599455532
1382.9600387907028,-70.43075024608326,-70.43075024608326
1382.9700387907028,-70.43103283136269,-70.43103283136269
1382.9800387907028,-70.431323900833,-70.431323900833
1382.9900387907028,-70.43162360211522,-70.43162360211522
1383.0000387907028,-70.43193208003365,-70.43193208003365
1383.0100387907028,-70.43224947665428,-70.43224947665428
1383.0200387907028,-70.43257593132005,-70.43257593132005
1383.0300387907027,-70.43291158065877,-70.43291158065877
1383.0400387907027,-70.43325655864929,-70.43325655864929
1383.0500387907027,-70.4336109966171,-70.4336109966171
1383.0600387907027,-70.43397502328976,-70.43397502328976
1383.0700387907027,-70.4343487648118,-70.4343487648118
1383.080038790703,-70.43473234479241,-70.43473234479241
1383.090038790703,-70.43512588430896,-70.43512588430896
1383.100038790703,-70.43552950197807,-70.43552950197807
1383.110038790703,-70.43594331394145,-70.43594331394145
1383.120038790703,-70.43636743391473,-70.43636743391473
1383.1300387907029,-70.4368019732403,-70.4368019732403
1383.1400387907029,-70.43724704087191,-70.43724704087191
1383.1500387907029,-70.43770274345165,-70.43770274345165
1383.1600387907029,-70.43816918529666,-70.43816918529666
1383.1700387907028,-70.43864646846525,-70.43864646846525
1383.1800387907028,-70.43913469275388,-70.43913469275388
1383.1900387907028,-70.43963395575634,-70.43963395575634
1383.2000387907028,-70.44014435286451,-70.44014435286451
1383.2100387907028,-70.44065984428045,-70.44065984428045
1383.2200387907028,-70.44117784310218,-70.44117784310218
1383.2300387907028,-70.44169714127118,-70.44169714127118
1383.2400387907028,-70.44221716784422,-70.44221716784422
1383.2500387907028,-70.44273770587554,-70.44273770587554
1383.2600387907028,-70.4432587453028,-70.4432587453028
1383.2700387907028,-70.44378039662102,-70.44378039662102
1383.2800387907027,-70.4443028390667,-70.4443028390667
1383.2900387907027,-70.44482628938282,-70.44482628938282
1383.3000387907027,-70.44535098314135,-70.44535098314135
1383.3100387907027,-70.4458771636072,-70.4458771636072
1383.3200387907027,-70.44640507523627,-70.44640507523627
1383.330038790703,-70.44693495995955,-70.44693495995955
1383.340038790703,-70.44746705518347,-70.44746705518347
1383.350038790703,-70.44800159280763,-70.44800159280763
1383.360038790703,-70.44853879886709,-70.44853879886709
1383.370038790703,-70.4490788935319,-70.4490788935319
1383.3800387907029,-70.44962209127944,-70.44962209127944
1383.3900387907029,-70.45016860121645,-70.45016860121645
1383.4000387907029,-70.45071862736548,-70.45071862736548
1383.4100387907029,-70.45127236902883,-70.45127236902883
1383.4200387907028,-70.45183002108675,-70.45183002108675
1383.4300387907028,-70.4523917743066,-70.4523917743066
1383.4400387907028,-70.45295781560033,-70.45295781560033
1383.4500387907028,-70.4535283282572,-70.4535283282572
1383.4600387907028,-70.45410349216958,-70.45410349216958
1383.4700387907028,-70.45468348399086,-70.45468348399086
1383.4800387907028,-70.45526847730385,-70.45526847730385
1383.4900387907028,-70.45585864275746,-70.45585864275746
1383.5000387907028,-70.4564541481895,-70.4564541481895
1383.5100387907028,-70.45705515870824,-70.45705515870824
1383.5200387907028,-70.45766183681285,-70.45766183681285
1383.5300387907027,-70.45827434242935,-70.45827434242935
1383.5400387907027,-70.45889283299789,-70.45889283299789
1383.5500387907027,-70.45951746354315,-70.45951746354315
1383.5600387907027,-70.46014838667368,-70.46014838667368
1383.5700387907027,-70.46078575268878,-70.46078575268878
1383.580038790703,-70.4614297095654,-70.4614297095654
1383.590038790703,-70.46208040300803,-70.46208040300803
1383.600038790703,-70.46273797647794,-70.46273797647794
1383.610038790703,-70.46340257122117,-70.46340257122117
1383.620038790703,-70.4640743262852,-70.4640743262852
1383.6300387907029,-70.46475337854558,-70.46475337854558
1383.6400387907029,-70.46543986272161,-70.46543986272161
1383.6500387907029,-70.46613391139385,-70.46613391139385
1383.6600387907029,-70.46683565502487,-70.46683565502487
1383.6700387907028,-70.46754522197037,-70.46754522197037
1383.6800387907028,-70.46826273849713,-70.46826273849713
1383.6900387907028,-70.46898832879779,-70.46898832879779
1383.7000387907028,-70.46972211499732,-70.46972211499732
1383.7100387907028,-70.47046421718397,-70.47046421718397
1383.7200387907028,-70.471214753399,-70.471214753399
1383.7300387907028,-70.47197383966852,-70.47197383966852
1383.7400387907028,-70.4727415900188,-70.4727415900188
1383.7500387907028,-70.47351811646737,-70.47351811646737
1383.7600387907028,-70.47430352905913,-70.47430352905913
1383.7700387907028,-70.47509793587993,-70.47509793587993
1383.7800387907027,-70.47590144304553,-70.47590144304553
1383.7900387907027,-70.47671415474947,-70.47671415474947
1383.8000388145447,-70.47753617521496,-70.47753617521496
1383.8100388145447,-70.47836760089902,-70.47836760089902
1383.8200388145447,-70.47920853217832,-70.47920853217832
1383.8300388145447,-70.48005906563064,-70.48005906563064
1383.8400388145446,-70.48091929596724,-70.48091929596724
1383.8500388145446,-70.48178931602705,-70.48178931602705
1383.8600388145446,-70.48266921684339,-70.48266921684339
1383.8700388145446,-70.48355908759974,-70.48355908759974
1383.8800388145446,-70.48445901569232,-70.48445901569232
1383.8900388145446,-70.48536908671628,-70.48536908671628
1383.9000388145446,-70.48628938449792,-70.48628938449792
1383.9100388145446,-70.48721999110595,-70.48721999110595
1383.9200388145446,-70.48816098686505,-70.48816098686505
1383.9300388145448,-70.48911245036714,-70.48911245036714
1383.9400388145448,-70.49007445851483,-70.49007445851483
1383.9500388145448,-70.49104708649864,-70.49104708649864
1383.9600388145448,-70.49202426971615,-70.49202426971615
1383.9700388145448,-70.49300339909439,-70.49300339909439
1383.9800388145447,-70.49398324573059,-70.49398324573059
1383.9900388145447,-70.4949632187142,-70.4949632187142
1384.0000388145447,-70.49594308181462,-70.49594308181462
1384.0100388145447,-70.49692280628406,-70.49692280628406
1384.0200388145447,-70.49790248445119,-70.49790248445119
1384.0300388145447,-70.49888227786623,-70.49888227786623
1384.0400388145447,-70.49986238606769,-70.49986238606769
1384.0500388145447,-70.50084302786595,-70.50084302786595
1384.0600388145447,-70.50182443019915,-70.50182443019915
1384.0700388145447,-70.5028068216009,-70.5028068216009
1384.0800388145447,-70.50379042849073,-70.50379042849073
1384.0900388145446,-70.50477547315303,-70.50477547315303
1384.1000388145446,-70.50576217275365,-70.50576217275365
1384.1100388145446,-70.50675073895611,-70.50675073895611
1384.1200388145446,-70.50774137792803,-70.50774137792803
1384.1300388145446,-70.50873429050857,-70.50873429050857
1384.1400388145446,-70.50972967248985,-70.50972967248985
1384.1500388145446,-70.51072771492694,-70.51072771492694
1384.1600388145446,-70.51172860448797,-70.51172860448797
1384.1700388145446,-70.51273252372593,-70.51273252372593
1384.1800388145448,-70.51373965140104,-70.51373965140104
1384.1900388145448,-70.51475016272391,-70.51475016272391
1384.2000388145448,-70.5157642295761,-70.5157642295761
1384.2100388145448,-70.51678202072794,-70.51678202072794
1384.2200388145448,-70.51780370200437,-70.51780370200437
1384.2300388145447,-70.51882943643386,-70.51882943643386
1384.2400388145447,-70.51985938438047,-70.51985938438047
1384.2500388145447,-70.52089370365648,-70.52089370365648
1384.2600388145447,-70.52193254961529,-70.52193254961529
1384.2700388145447,-70.52297607523975,-70.52297607523975
1384.2800388145447,-70.52402443119743,-70.52402443119743
1384.2900388145447,-70.52507776591025,-70.52507776591025
1384.3000388145447,-70.52613622560366,-70.52613622560366
1384.3100388145447,-70.5271999543451,-70.5271999543451
1384.3200388145447,-70.5282690940925,-70.5282690940925
1384.3300388145447,-70.5293437847108,-70.5293437847108
1384.3400388145446,-70.53042416401854,-70.53042416401854
1384.3500388145446,-70.531510367785,-70.531510367785
1384.3600388145446,-70.5326025297849,-70.5326025297849
1384.3700388145446,-70.53370078178979,-70.53370078178979
1384.3800388145446,-70.53480525359367,-70.53480525359367
1384.3900388145446,-70.53591607303115,-70.53591607303115
1384.4000388145446,-70.53703336599004,-70.53703336599004
1384.4100388145446,-70.53815725642187,-70.53815725642187
1384.4200388145446,-70.53928786634972,-70.53928786634972
1384.4300388145448,-70.54042531588674,-70.54042531588674
1384.4400388145448,-70.54156972324496,-70.54156972324496
1384.4500388145448,-70.54272120473902,-70.54272120473902
1384.4600388145448,-70.54387987482102,-70.54387987482102
1384.4700388145448,-70.54504584604825,-70.54504584604825
1384.4800388145447,-70.5462192291258,-70.5462192291258
1384.4900388145447,-70.54740013291068,-70.54740013291068
1384.5000388145447,-70.54858866441003,-70.54858866441003
1384.5100388145447,-70.54978492881132,-70.54978492881132
1384.5200388145447,-70.55098902947103,-70.55098902947103
1384.5300388145447,-70.55220106794175,-70.55220106794175
1384.5400388145447,-70.55342114397541,-70.55342114397541
1384.5500388145447,-70.55464935554248,-70.55464935554248
1384.5600388145447,-70.55588579883722,-70.55588579883722
1384.5700388145447,-70.55713056827771,-70.55713056827771
1384.5800388145447,-70.55838375653904,-70.55838375653904
1384.5900388145446,-70.55964545455761,-70.55964545455761
1384.6000388145446,-70.56091575153562,-70.56091575153562
1384.6100388145446,-70.5621947349672,-70.5621947349672
1384.6200388145446,-70.56348249064253,-70.56348249064253
1384.6300388145446,-70.56477910265396,-70.56477910265396
1384.6400388145446,-70.56608465342985,-70.56608465342985
1384.6500388383865,-70.56739922686255,-70.56739922686255
1384.6600388383865,-70.56872289583514,-70.56872289583514
1384.6700388383865,-70.57005574093004,-70.57005574093004
1384.6800388383865,-70.57139783799869,-70.57139783799869
1384.6900388383865,-70.57274926130665,-70.57274926130665
1384.7000388383865,-70.57411008350111,-70.57411008350111
1384.7100388383865,-70.57548037568932,-70.57548037568932
1384.7200388383865,-70.57686020738782,-70.57686020738782
1384.7300388383865,-70.57824964658319,-70.57824964658319
1384.7400388383865,-70.57964875971757,-70.57964875971757
1384.7500388383864,-70.58105761172341,-70.58105761172341
1384.7600388383864,-70.58247626602954,-70.58247626602954
1384.7700388383864,-70.5839047845902,-70.5839047845902
1384.7800388383866,-70.58534322787136,-70.58534322787136
1384.7900388383866,-70.58679165490153,-70.58679165490153
1384.8000388383866,-70.58825012325967,-70.58825012325967
1384.8100388383866,-70.58971868910193,-70.58971868910193
1384.8200388383866,-70.59119740718418,-70.59119740718418
1384.8300388383866,-70.59268633086428,-70.59268633086428
1384.8400388383866,-70.59418551212778,-70.59418551212778
1384.8500388383866,-70.59569500158385,-70.59569500158385
1384.8600388383866,-70.59721484852427,-70.59721484852427
1384.8700388383866,-70.59874510088217,-70.59874510088217
1384.8800388383866,-70.60028580530245,-70.60028580530245
1384.8900388383865,-70.60183700711706,-70.60183700711706
1384.9000388383865,-70.6033987503785,-70.6033987503785
1384.9100388383865,-70.60497107787332,-70.60497107787332
1384.9200388383865,-70.60655403113165,-70.60655403113165
1384.9300388383865,-70.60814765046085,-70.60814765046085
1384.9400388383865,-70.60975197493596,-70.60975197493596
1384.9500388383865,-70.61136704242652,-70.61136704242652
1384.9600388383865,-70.6129928896216,-70.6129928896216
1384.9700388383865,-70.61462955202398,-70.61462955202398
1384.9800388383865,-70.61627706399126,-70.61627706399126
1384.9900388383865,-70.61793545872516,-70.61793545872516
1385.0000388383864,-70.6196047682899,-70.6196047682899
1385.0100388383864,-70.62128502366396,-70.62128502366396
1385.0200388383864,-70.6229762546968,-70.6229762546968
1385.0300388383866,-70.62467849016427,-70.62467849016427
1385.0400388383866,-70.62639175777574,-70.62639175777574
1385.0500388383866,-70.6281160841856,-70.6281160841856
1385.0600388383866,-70.62985149499099,-70.62985149499099
1385.0700388383866,-70.63159801478456,-70.63159801478456
1385.0800388383866,-70.63335566712261,-70.63335566712261
1385.0900388383866,-70.63512447458262,-70.63512447458262
1385.1000388383866,-70.63690445874113,-70.63690445874113
1385.1100388383866,-70.6386956402176,-70.6386956402176
1385.1200388383866,-70.64049803866162,-70.64049803866162
1385.1300388383866,-70.64231167278679,-70.64231167278679
1385.1400388383865,-70.64413656037016,-70.64413656037016
1385.1500388383865,-70.64597271828048,-70.64597271828048
1385.1600388383865,-70.64782016247236,-70.64782016247236
1385.1700388383865,-70.64967890801469,-70.64967890801469
1385.1800388383865,-70.65154896909503,-70.65154896909503
1385.1900388383865,-70.65343035904637,-70.65343035904637
1385.2000388383865,-70.65532309033875,-70.65532309033875
1385.2100388383865,-70.65722101977288,-70.65722101977288
1385.2200388383865,-70.65912146789908,-70.65912146789908
1385.2300388383865,-70.66102313931046,-70.66102313931046
1385.2400388383865,-70.66292537886552,-70.66292537886552
1385.2500388383864,-70.66482788777498,-70.66482788777498
1385.2600388383864,-70.66673057606364,-70.66673057606364
1385.2700388383864,-70.66863347604219,-70.66863347604219
1385.2800388383866,-70.67053669031665,-70.67053669031665
1385.2900388383866,-70.67244036051271,-70.67244036051271
1385.3000388383866,-70.67434464847287,-70.67434464847287
1385.3100388383866,-70.6762497251621,-70.6762497251621
1385.3200388383866,-70.67815576403707,-70.67815576403707
1385.3300388383866,-70.68006293736683,-70.68006293736683
1385.3400388383866,-70.68197141415985,-70.68197141415985
1385.3500388383866,-70.68388135919216,-70.68388135919216
1385.3600388383866,-70.68579293261737,-70.68579293261737
1385.3700388383866,-70.68770628991265,-70.68770628991265
1385.3800388383866,-70.68962158208602,-70.68962158208602
1385.3900388383865,-70.69153895591494,-70.69153895591494
1385.4000388383865,-70.69345855427147,-70.69345855427147
1385.4100388383865,-70.69538051641385,-70.69538051641385
1385.4200388383865,-70.69729493475401,-70.69729493475401
1385.4300388383865,-70.69919066733975,-70.69919066733975
1385.4400388383865,-70.70105811611276,-70.70105811611276
1385.4500388383865,-70.70288939785854,-70.70288939785854
1385.4600388383865,-70.70467804347345,-70.70467804347345
1385.4700388383865,-70.70641871486187,-70.70641871486187
1385.4800388383865,-70.70810699301113,-70.70810699301113
1385.4900388383865,-70.70973921984695,-70.70973921984695
1385.5000388622284,-70.71131237985503,-70.71131237985503
1385.5100388622284,-70.71282398746409,-70.71282398746409
1385.5200388622284,-70.71427203054832,-70.71427203054832
1385.5300388622284,-70.71565488924332,-70.71565488924332
1385.5400388622284,-70.71697128485457,-70.71697128485457
1385.5500388622283,-70.71822023356721,-70.71822023356721
1385.5600388622283,-70.7194010072025,-70.7194010072025
1385.5700388622283,-70.72051309973307,-70.72051309973307
1385.5800388622283,-70.72155619859042,-70.72155619859042
1385.5900388622283,-70.72253016000695,-70.72253016000695
1385.6000388622283,-70.7234349876116,-70.7234349876116
1385.6100388622283,-70.72427081396823,-70.72427081396823
1385.6200388622283,-70.72503788440507,-70.72503788440507
1385.6300388622285,-70.72573654299026,-70.72573654299026
1385.6400388622285,-70.7263672201914,-70.7263672201914
1385.6500388622285,-70.72693042209714,-70.72693042209714
1385.6600388622285,-70.72742672092738,-70.72742672092738
1385.6700388622285,-70.72785674666524,-70.72785674666524
1385.6800388622285,-70.72822117969815,-70.72822117969815
1385.6900388622284,-70.72852074433739,-70.72852074433739
1385.7000388622284,-70.72875620302204,-70.72875620302204
1385.7100388622284,-70.72892835124509,-70.72892835124509
1385.7200388622284,-70.72903801303482,-70.72903801303482
1385.7300388622284,-70.72908603693196,-70.72908603693196
1385.7400388622284,-70.72907329242781,-70.72907329242781
1385.7500388622284,-70.72900066678724,-70.72900066678724
1385.7600388622284,-70.72886906221564,-70.72886906221564
1385.7700388622284,-70.72867939334301,-70.72867939334301
1385.7800388622284,-70.72843258495851,-70.72843258495851
1385.7900388622284,-70.72812957000701,-70.72812957000701
1385.8000388622283,-70.7277712877751,-70.7277712877751
1385.8100388622283,-70.72735868230787,-70.72735868230787
1385.8200388622283,-70.72689270092805,-70.72689270092805
1385.8300388622283,-70.72637429296324,-70.72637429296324
1385.8400388622283,-70.725804408573,-70.725804408573
1385.8500388622283,-70.72518399771619,-70.72518399771619
1385.8600388622283,-70.72451400920295,-70.72451400920295
1385.8700388622283,-70.72379538985972,-70.72379538985972
1385.8800388622285,-70.72302908376645,-70.72302908376645
1385.8900388622285,-70.72221603158553,-70.72221603158553
1385.9000388622285,-70.72135716993378,-70.72135716993378
1385.9100388622285,-70.72045343085595,-70.72045343085595
1385.9200388622285,-70.71950574130437,-70.71950574130437
1385.9300388622285,-70.71851502271565,-70.71851502271565
1385.9400388622284,-70.71748219058973,-70.71748219058973
1385.9500388622284,-70.71640815416104,-70.71640815416104
1385.9600388622284,-70.71528766019532,-70.71528766019532
1385.9700388622284,-70.71411891750462,-70.71411891750462
1385.9800388622284,-70.71290151413788,-70.71290151413788
1385.9900388622284,-70.71163567243154,-70.71163567243154
1386.0000388622284,-70.71032196459605,-70.71032196459605
1386.0100388622284,-70.70896116491434,-70.70896116491434
1386.0200388622284,-70.70755416293225,-70.70755416293225
1386.0300388622284,-70.70610191126248,-70.70610191126248
1386.0400388622284,-70.70460539414441,-70.70460539414441
1386.0500388622283,-70.70306560851097,-70.70306560851097
1386.0600388622283,-70.70148355270102,-70.70148355270102
1386.0700388622283,-70.69986021979207,-70.69986021979207
1386.0800388622283,-70.69819659377615,-70.69819659377615
1386.0900388622283,-70.6964936474453,-70.6964936474453
1386.1000388622283,-70.69474303138864,-70.69474303138864
1386.1100388622283,-70.69293454495259,-70.69293454495259
1386.1200388622283,-70.69105936653263,-70.69105936653263
1386.1300388622285,-70.68911057419167,-70.68911057419167
1386.1400388622285,-70.68708287377207,-70.68708287377207
1386.1500388622285,-70.68497222901244,-70.68497222901244
1386.1600388622285,-70.6827755634295,-70.6827755634295
1386.1700388622285,-70.68049054617559,-70.68049054617559
1386.1800388622285,-70.67811544097735,-70.67811544097735
1386.1900388622284,-70.67564899714719,-70.67564899714719
1386.2000388622284,-70.6730903680725,-70.6730903680725
1386.2100388622284,-70.67043904783435,-70.67043904783435
1386.2200388622284,-70.66769482023935,-70.66769482023935
1386.2300388622284,-70.66485771683332,-70.66485771683332
1386.2400388622284,-70.66192798164887,-70.66192798164887
1386.2500388622284,-70.65890604124563,-70.65890604124563
1386.2600388622284,-70.65579247907326,-70.65579247907326
1386.2700388622284,-70.65258801339502,-70.65258801339502
1386.2800388622284,-70.6492934781925,-70.6492934781925
1386.2900388622284,-70.64590980663318,-70.64590980663318
1386.3000388622283,-70.64243801671678,-70.64243801671678
1386.3100388622283,-70.6388791987681,-70.6388791987681
1386.3200388622283,-70.63523450456468,-70.63523450456468
1386.3300388622283,-70.63150513785563,-70.63150513785563
1386.3400388622283,-70.62769234603995,-70.62769234603995
1386.3500388860703,-70.62379740366423,-70.62379740366423
1386.3600388860702,-70.61982164296859,-70.61982164296859
1386.3700388860702,-70.61576639327741,-70.61576639327741
1386.3800388860702,-70.61163301262054,-70.61163301262054
1386.3900388860702,-70.60742287434434,-70.60742287434434
1386.4000388860702,-70.60313736339005,-70.60313736339005
1386.4100388860702,-70.59877787294333,-70.59877787294333
1386.4200388860702,-70.5943458015583,-70.5943458015583
1386.4300388860702,-70.58984255057543,-70.58984255057543
1386.4400388860702,-70.58526952190455,-70.58526952190455
1386.4500388860702,-70.58062811600051,-70.58062811600051
1386.4600388860702,-70.57591358901225,-70.57591358901225
1386.4700388860701,-70.57112465551792,-70.57112465551792
1386.4800388860704,-70.56626140851314,-70.56626140851314
1386.4900388860704,-70.56132457484205,-70.56132457484205
1386.5000388860703,-70.55631523031329,-70.55631523031329
1386.5100388860703,-70.5512346513203,-70.5512346513203
1386.5200388860703,-70.54608422741188,-70.54608422741188
1386.5300388860703,-70.54086540853652,-70.54086540853652
1386.5400388860703,-70.5355796730771,-70.5355796730771
1386.5500388860703,-70.53022850849912,-70.53022850849912
1386.5600388860703,-70.52481339970078,-70.52481339970078
1386.5700388860703,-70.51933582201802,-70.51933582201802
1386.5800388860703,-70.51379723715411,-70.51379723715411
1386.5900388860703,-70.50819909083476,-70.50819909083476
1386.6000388860703,-70.5025428115619,-70.5025428115619
1386.6100388860702,-70.49682981006046,-70.49682981006046
1386.6200388860702,-70.4910614790479,-70.4910614790479
1386.6300388860702,-70.48523919330496,-70.48523919330496
1386.6400388860702,-70.47936430983837,-70.47936430983837
1386.6500388860702,-70.47343816812275,-70.47343816812275
1386.6600388860702,-70.46746209036594,-70.46746209036594
1386.6700388860702,-70.46143738178188,-70.46143738178188
1386.6800388860702,-70.45536533086397,-70.45536533086397
1386.6900388860702,-70.44924720964646,-70.44924720964646
1386.7000388860702,-70.44308427393344,-70.44308427393344
1386.7100388860702,-70.43687163575439,-70.43687163575439
1386.7200388860701,-70.4306078479233,-70.4306078479233
1386.7300388860704,-70.42429282980314,-70.42429282980314
1386.7400388860704,-70.41792712547961,-70.41792712547961
1386.7500388860703,-70.41151162060378,-70.41151162060378
1386.7600388860703,-70.40504739519625,-70.40504739519625
1386.7700388860703,-70.39853563728866,-70.39853563728866
1386.7800388860703,-70.39197759102468,-70.39197759102468
1386.7900388860703,-70.38537452543609,-70.38537452543609
1386.8000388860703,-70.37872771578095,-70.37872771578095
1386.8100388860703,-70.3720384324393,-70.3720384324393
1386.8200388860703,-70.36530793446435,-70.36530793446435
1386.8300388860703,-70.3585374659463,-70.3585374659463
1386.8400388860703,-70.35172825409025,-70.35172825409025
1386.8500388860703,-70.34488150834427,-70.34488150834427
1386.8600388860702,-70.33799842011976,-70.33799842011976
1386.8700388860702,-70.33108016290147,-70.33108016290147
1386.8800388860702,-70.3241278925273,-70.3241278925273
1386.8900388860702,-70.31714274760597,-70.31714274760597
1386.9000388860702,-70.31012584991872,-70.31012584991872
1386.9100388860702,-70.30307830488275,-70.30307830488275
1386.9200388860702,-70.29600120196639,-70.29600120196639
1386.9300388860702,-70.28889561509956,-70.28889561509956
1386.9400388860702,-70.28176260303603,-70.28176260303603
1386.9500388860702,-70.27460320970047,-70.27460320970047
1386.9600388860702,-70.26741846449792,-70.26741846449792
1386.9700388860701,-70.26020938262134,-70.26020938262134
1386.9800388860704,-70.25297696529644,-70.25297696529644
1386.9900388860704,-70.24572220001363,-70.24572220001363
1387.0000388860703,-70.2384460607751,-70.2384460607751
1387.0100388860703,-70.23114950829263,-70.23114950829263
1387.0200388860703,-70.22383349015863,-70.22383349015863
1387.0300388860703,-70.21649894105911,-70.21649894105911
1387.0400388860703,-70.20914678291565,-70.20914678291565
1387.0500388860703,-70.20177792506165,-70.20177792506165
1387.0600388860703,-70.19439326437956,-70.19439326437956
1387.0700388860703,-70.1869936854488,-70.1869936854488
1387.0800388860703,-70.17958006069712,-70.17958006069712
1387.0900388860703,-70.17215325051627,-70.17215325051627
1387.1000388860703,-70.1647141034146,-70.1647141034146
1387.1100388860702,-70.15726345611228,-70.15726345611228
1387.1200388860702,-70.14980213369269,-70.14980213369269
1387.1300388860702,-70.14233094970392,-70.14233094970392
1387.1400388860702,-70.13485070629604,-70.13485070629604
1387.1500388860702,-70.12736219431906,-70.12736219431906
1387.1600388860702,-70.1198661934519,-70.1198661934519
1387.1700388860702,-70.11236347230887,-70.11236347230887
1387.1800388860702,-70.10485478853968,-70.10485478853968
1387.1900388860702,-70.09734088896806,-70.09734088896806
1387.200038909912,-70.08982249177596,-70.08982249177596
1387.210038909912,-70.0822942631184,-70.0822942631184
1387.220038909912,-70.07475424435901,-70.07475424435901
1387.230038909912,-70.06720185982638,-70.06720185982638
1387.240038909912,-70.0596371608281,-70.0596371608281
1387.250038909912,-70.05206054369972,-70.05206054369972
1387.260038909912,-70.04447260317033,-70.04447260317033
1387.270038909912,-70.03687404625788,-70.03687404625788
1387.280038909912,-70.02926564048538,-70.02926564048538
1387.290038909912,-70.02164818271628,-70.02164818271628
1387.300038909912,-70.01402248047297,-70.01402248047297
1387.310038909912,-70.006389340879,-70.006389340879
1387.320038909912,-69.99874956414926,-69.99874956414926
1387.3300389099122,-69.99110393998792,-69.99110393998792
1387.3400389099122,-69.98345324560853,-69.98345324560853
1387.3500389099122,-69.9757982448728,-69.9757982448728
1387.3600389099122,-69.9681396880136,-69.9681396880136
1387.3700389099122,-69.96047831168737,-69.96047831168737
1387.3800389099122,-69.95281483927478,-69.95281483927478
1387.3900389099122,-69.9451499812703,-69.9451499812703
1387.4000389099122,-69.9374844356777,-69.9374844356777
1387.4100389099121,-69.92981888845434,-69.92981888845434
1387.4200389099121,-69.92215401390412,-69.92215401390412
1387.4300389099121,-69.91449047507064,-69.91449047507064
1387.4400389099121,-69.9068289240898,-69.9068289240898
1387.450038909912,-69.89917000252231,-69.89917000252231
1387.460038909912,-69.89150826386307,-69.89150826386307
1387.470038909912,-69.88384168159726,-69.88384168159726
1387.480038909912,-69.87616959131589,-69.87616959131589
1387.490038909912,-69.86849195466878,-69.86849195466878
1387.500038909912,-69.86080907828403,-69.86080907828403
1387.510038909912,-69.85312146753311,-69.85312146753311
1387.520038909912,-69.84542974072389,-69.84542974072389
1387.530038909912,-69.8377345774582,-69.8377345774582
1387.540038909912,-69.83003668756957,-69.83003668756957
1387.550038909912,-69.82233679252664,-69.82233679252664
1387.560038909912,-69.81463561438176,-69.81463561438176
1387.570038909912,-69.80693386934183,-69.80693386934183
1387.5800389099122,-69.799232264128,-69.799232264128
1387.5900389099122,-69.79153149406491,-69.79153149406491
1387.6000389099122,-69.78383224217883,-69.78383224217883
1387.6100389099122,-69.77613517894576,-69.77613517894576
1387.6200389099122,-69.76844096233404,-69.76844096233404
1387.6300389099122,-69.76075023810108,-69.76075023810108
1387.6400389099122,-69.7530636401592,-69.7530636401592
1387.6500389099122,-69.74538179099557,-69.74538179099557
1387.6600389099121,-69.73770530208087,-69.73770530208087
1387.6700389099121,-69.73003477424818,-69.73003477424818
1387.6800389099121,-69.72237079809537,-69.72237079809537
1387.6900389099121,-69.71471395429631,-69.71471395429631
1387.700038909912,-69.70706481393663,-69.70706481393663
1387.710038909912,-69.69941787857434,-69.69941787857434
1387.720038909912,-69.69177106128232,-69.69177106128232
1387.730038909912,-69.6841236344128,-69.6841236344128
1387.740038909912,-69.67647549558072,-69.67647549558072
1387.750038909912,-69.66882688731867,-69.66882688731867
1387.760038909912,-69.66117825123014,-69.66117825123014
1387.770038909912,-69.65353014235264,-69.65353014235264
1387.780038909912,-69.64588317764027,-69.64588317764027
1387.790038909912,-69.63823800496517,-69.63823800496517
1387.800038909912,-69.63059528453769,-69.63059528453769
1387.810038909912,-69.62295567787562,-69.62295567787562
1387.820038909912,-69.61531984136647,-69.61531984136647
1387.8300389099122,-69.60768842264675,-69.60768842264675
1387.8400389099122,-69.60006205866149,-69.60006205866149
1387.8500389099122,-69.59244137475827,-69.59244137475827
1387.8600389099122,-69.58482698442414,-69.58482698442414
1387.8700389099122,-69.57721948933859,-69.57721948933859
1387.8800389099122,-69.56961947964639,-69.56961947964639
1387.8900389099122,-69.5620275343113,-69.5620275343113
1387.9000389099122,-69.5544442215216,-69.5544442215216
1387.9100389099121,-69.54687009909783,-69.54687009909783
1387.9200389099121,-69.53930571485732,-69.53930571485732
1387.9300389099121,-69.53175160700847,-69.53175160700847
1387.9400389099121,-69.52420830446144,-69.52420830446144
1387.950038909912,-69.51667632712801,-69.51667632712801
1387.960038909912,-69.50915618619422,-69.50915618619422
1387.970038909912,-69.50164838437048,-69.50164838437048
1387.980038909912,-69.49415341609188,-69.49415341609188
1387.990038909912,-69.48667176773085,-69.48667176773085
1388.000038909912,-69.47920391775823,-69.47920391775823
1388.010038909912,-69.47175033690218,-69.47175033690218
1388.020038909912,-69.4643114883099,-69.4643114883099
1388.030038909912,-69.45688782764388,-69.45688782764388
1388.040038909912,-69.44947980323269,-69.44947980323269
1388.050038933754,-69.44208783855757,-69.44208783855757
1388.060038933754,-69.4347124028025,-69.4347124028025
1388.070038933754,-69.42735390525621,-69.42735390525621
1388.080038933754,-69.42001276586257,-69.42001276586257
1388.090038933754,-69.4126893977134,-69.4126893977134
1388.100038933754,-69.40538420710033,-69.40538420710033
1388.110038933754,-69.3980975936201,-69.3980975936201
1388.120038933754,-69.39082995021121,-69.39082995021121
1388.130038933754,-69.38358166325855,-69.38358166325855
1388.1400389337539,-69.37635311263574,-69.37635311263574
1388.1500389337539,-69.36914467181597,-69.36914467181597
1388.1600389337539,-69.36195670786864,-69.36195670786864
1388.1700389337539,-69.35478958158923,-69.35478958158923
1388.180038933754,-69.34764364753056,-69.34764364753056
1388.190038933754,-69.34051925407162,-69.34051925407162
1388.200038933754,-69.33341674347966,-69.33341674347966
1388.210038933754,-69.3263364519682,-69.3263364519682
1388.220038933754,-69.31927870976713,-69.31927870976713
1388.230038933754,-69.3122438411832,-69.3122438411832
1388.240038933754,-69.3052321646469,-69.3052321646469
1388.250038933754,-69.2982439927933,-69.2982439927933
1388.260038933754,-69.29127963249977,-69.29127963249977
1388.270038933754,-69.28433938496588,-69.28433938496588
1388.280038933754,-69.277423545766,-69.277423545766
1388.290038933754,-69.27053240490247,-69.27053240490247
1388.300038933754,-69.26366624686634,-69.26366624686634
1388.310038933754,-69.25682535071545,-69.25682535071545
1388.320038933754,-69.25000999010099,-69.25000999010099
1388.330038933754,-69.24322043335351,-69.24322043335351
1388.340038933754,-69.2364569435301,-69.2364569435301
1388.350038933754,-69.2297197784743,-69.2297197784743
1388.360038933754,-69.22300919088029,-69.22300919088029
1388.370038933754,-69.2163254283431,-69.2163254283431
1388.380038933754,-69.2096687334134,-69.2096687334134
1388.3900389337539,-69.20303934368718,-69.20303934368718
1388.4000389337539,-69.19643749180857,-69.19643749180857
1388.4100389337539,-69.18986340557744,-69.18986340557744
1388.4200389337539,-69.18331730798023,-69.18331730798023
1388.430038933754,-69.1767994172617,-69.1767994172617
1388.440038933754,-69.17030994696518,-69.17030994696518
1388.450038933754,-69.16384910600772,-69.16384910600772
1388.460038933754,-69.15741709872042,-69.15741709872042
1388.470038933754,-69.15101412492396,-69.15101412492396
1388.480038933754,-69.14464037995887,-69.14464037995887
1388.490038933754,-69.1382960547615,-69.1382960547615
1388.500038933754,-69.13198133590923,-69.13198133590923
1388.510038933754,-69.12569640567855,-69.12569640567855
1388.520038933754,-69.11944144210732,-69.11944144210732
1388.530038933754,-69.1132166190324,-69.1132166190324
1388.540038933754,-69.10702210615773,-69.10702210615773
1388.550038933754,-69.10085806909987,-69.10085806909987
1388.560038933754,-69.09472466944659,-69.09472466944659
1388.570038933754,-69.08862206479951,-69.08862206479951
1388.580038933754,-69.08255040884595,-69.08255040884595
1388.590038933754,-69.07650985138734,-69.07650985138734
1388.600038933754,-69.07050053840894,-69.07050053840894
1388.610038933754,-69.06452261212583,-69.06452261212583
1388.620038933754,-69.05857621102005,-69.05857621102005
1388.630038933754,-69.05266146990937,-69.05266146990937
1388.6400389337539,-69.04677851998477,-69.04677851998477
1388.6500389337539,-69.04092748888093,-69.04092748888093
1388.6600389337539,-69.03510850069561,-69.03510850069561
1388.6700389337539,-69.02932167604642,-69.02932167604642
1388.680038933754,-69.02356713214274,-69.02356713214274
1388.690038933754,-69.01784498279444,-69.01784498279444
1388.700038933754,-69.0121553384924,-69.0121553384924
1388.710038933754,-69.00649830644046,-69.00649830644046
1388.720038933754,-69.00087399058974,-69.00087399058974
1388.730038933754,-68.99528249171193,-68.99528249171193
1388.740038933754,-68.98972390742851,-68.98972390742851
1388.750038933754,-68.98419833224655,-68.98419833224655
1388.760038933754,-68.97870585761807,-68.97870585761807
1388.770038933754,-68.97324657198548,-68.97324657198548
1388.780038933754,-68.96782056081412,-68.96782056081412
1388.790038933754,-68.96242790663473,-68.96242790663473
1388.800038933754,-68.95706868908539,-68.95706868908539
1388.810038933754,-68.95174298497801,-68.95174298497801
1388.820038933754,-68.94645086829902,-68.94645086829902
1388.830038933754,-68.94119241028433,-68.94119241028433
1388.840038933754,-68.93596767944292,-68.93596767944292
1388.850038933754,-68.93077674159358,-68.93077674159358
1388.860038933754,-68.92561965992293,-68.92561965992293
1388.870038933754,-68.92049649501604,-68.92049649501604
1388.880038933754,-68.91540730486734,-68.91540730486734
1388.8900389337539,-68.91035214497133,-68.91035214497133
1388.9000389575958,-68.90533105636428,-68.90533105636428
1388.9100389575958,-68.90034411357428,-68.90034411357428
1388.9200389575958,-68.89539135269784,-68.89539135269784
1388.9300389575958,-68.89047281946492,-68.89047281946492
1388.9400389575958,-68.8855885572813,-68.8855885572813
1388.9500389575958,-68.88073860723965,-68.88073860723965
1388.9600389575958,-68.87592300815822,-68.87592300815822
1388.9700389575958,-68.87114179661329,-68.87114179661329
1388.9800389575958,-68.86639500697957,-68.86639500697957
1388.9900389575957,-68.86168267146662,-68.86168267146662
1389.0000389575957,-68.85700482013661,-68.85700482013661
1389.0100389575957,-68.8523614809444,-68.8523614809444
1389.0200389575957,-68.8477526797929,-68.8477526797929
1389.030038957596,-68.84317844052029,-68.84317844052029
1389.040038957596,-68.83863878496537,-68.83863878496537
1389.050038957596,-68.83413373299095,-68.83413373299095
1389.060038957596,-68.82966330250697,-68.82966330250697
1389.070038957596,-68.82522750952322,-68.82522750952322
1389.080038957596,-68.82082636814584,-68.82082636814584
1389.0900389575959,-68.8164598906241,-68.8164598906241
1389.1000389575959,-68.8121280873897,-68.8121280873897
1389.1100389575959,-68.80783096706837,-68.80783096706837
1389.1200389575959,-68.80356853651801,-68.80356853651801
1389.1300389575958,-68.7993408008547,-68.7993408008547
1389.1400389575958,-68.79514776348111,-68.79514776348111
1389.1500389575958,-68.79098942610788,-68.79098942610788
1389.1600389575958,-68.78686578878425,-68.78686578878425
1389.1700389575958,-68.78277684992995,-68.78277684992995
1389.1800389575958,-68.77872260636039,-68.77872260636039
1389.1900389575958,-68.77470305329744,-68.77470305329744
1389.2000389575958,-68.7707181844152,-68.7707181844152
1389.2100389575958,-68.76676799186356,-68.76676799186356
1389.2200389575958,-68.7628524662628,-68.7628524662628
1389.2300389575958,-68.75897159678216,-68.75897159678216
1389.2400389575957,-68.75512537110234,-68.75512537110234
1389.2500389575957,-68.75131377549343,-68.75131377549343
1389.2600389575957,-68.74753679480547,-68.74753679480547
1389.2700389575957,-68.7437944125027,-68.7437944125027
1389.280038957596,-68.74008661068432,-68.74008661068432
1389.290038957596,-68.73641337010913,-68.73641337010913
1389.300038957596,-68.73277467020581,-68.73277467020581
1389.310038957596,-68.72917048912585,-68.72917048912585
1389.320038957596,-68.72560080372399,-68.72560080372399
1389.330038957596,-68.72206558961669,-68.72206558961669
1389.3400389575959,-68.71856482117796,-68.71856482117796
1389.3500389575959,-68.71509847156567,-68.71509847156567
1389.3600389575959,-68.71166651275753,-68.71166651275753
1389.3700389575959,-68.70826891554138,-68.70826891554138
1389.3800389575958,-68.70490564957059,-68.70490564957059
1389.3900389575958,-68.70157668334745,-68.70157668334745
1389.4000389575958,-68.69828198427791,-68.69828198427791
1389.4100389575958,-68.69502151865666,-68.69502151865666
1389.4200389575958,-68.69179525171565,-68.69179525171565
1389.4300389575958,-68.68860314762489,-68.68860314762489
1389.4400389575958,-68.68544516951232,-68.68544516951232
1389.4500389575958,-68.68232127948588,-68.68232127948588
1389.4600389575958,-68.67923143865511,-68.67923143865511
1389.4700389575958,-68.6761756071404,-68.6761756071404
1389.4800389575958,-68.67315374408483,-68.67315374408483
1389.4900389575957,-68.67016580768932,-68.67016580768932
1389.5000389575957,-68.66721175523,-68.66721175523
1389.5100389575957,-68.6642915430378,-68.6642915430378
1389.5200389575957,-68.66140512656384,-68.66140512656384
1389.530038957596,-68.65855246036067,-68.65855246036067
1389.540038957596,-68.65573349811726,-68.65573349811726
1389.550038957596,-68.65294819266363,-68.65294819266363
1389.560038957596,-68.65019649599547,-68.65019649599547
1389.570038957596,-68.64747835928596,-68.64747835928596
1389.580038957596,-68.64479373288302,-68.64479373288302
1389.5900389575959,-68.64214256635991,-68.64214256635991
1389.6000389575959,-68.6395248084984,-68.6395248084984
1389.6100389575959,-68.63694040731976,-68.63694040731976
1389.6200389575959,-68.63438931009486,-68.63438931009486
1389.6300389575958,-68.63187146334587,-68.63187146334587
1389.6400389575958,-68.62938681287883,-68.62938681287883
1389.6500389575958,-68.62693530379697,-68.62693530379697
1389.6600389575958,-68.62451688050183,-68.62451688050183
1389.6700389575958,-68.62213148669814,-68.62213148669814
1389.6800389575958,-68.61977906543797,-68.61977906543797
1389.6900389575958,-68.61745955910273,-68.61745955910273
1389.7000389575958,-68.61517290943019,-68.61517290943019
1389.7100389575958,-68.61291308707253,-68.61291308707253
1389.7200389575958,-68.6106774277052,-68.6106774277052
1389.7300389575958,-68.60846461252558,-68.60846461252558
1389.7400389575957,-68.60627394583608,-68.60627394583608
1389.7500389814377,-68.60410507385309,-68.60410507385309
1389.7600389814377,-68.60195786177755,-68.60195786177755
1389.7700389814377,-68.59983227833628,-68.59983227833628
1389.7800389814377,-68.5977283657548,-68.5977283657548
1389.7900389814376,-68.59564620398278,-68.59564620398278
1389.8000389814376,-68.5935858923579,-68.5935858923579
1389.8100389814376,-68.59154753863326,-68.59154753863326
1389.8200389814376,-68.58953125258775,-68.58953125258775
1389.8300389814376,-68.58753714239367,-68.58753714239367
1389.8400389814376,-68.58556531261854,-68.58556531261854
1389.8500389814376,-68.58361586328394,-68.58361586328394
1389.8600389814376,-68.5816888895057,-68.5816888895057
1389.8700389814376,-68.57978448151812,-68.57978448151812
1389.8800389814378,-68.57790272484152,-68.57790272484152
1389.8900389814378,-68.576043700579,-68.576043700579
1389.9000389814378,-68.57420748574505,-68.57420748574505
1389.9100389814378,-68.57239415361458,-68.57239415361458
1389.9200389814378,-68.57060377402836,-68.57060377402836
1389.9300389814377,-68.56883641367867,-68.56883641367867
1389.9400389814377,-68.56709213639647,-68.56709213639647
1389.9500389814377,-68.56537100336101,-68.56537100336101
1389.9600389814377,-68.56364462691019,-68.56364462691019
1389.9700389814377,-68.56189692280802,-68.56189692280802
1389.9800389814377,-68.5601189010136,-68.5601189010136
1389.9900389814377,-68.55830499435265,-68.55830499435265
1390.0000389814377,-68.5564514263454,-68.5564514263454
1390.0100389814377,-68.55455547327895,-68.55455547327895
1390.0200389814377,-68.55261510868642,-68.55261510868642
1390.0300389814377,-68.5506288168097,-68.5506288168097
1390.0400389814376,-68.54859548336577,-68.54859548336577
1390.0500389814376,-68.54651432356299,-68.54651432356299
1390.0600389814376,-68.54438482923757,-68.54438482923757
1390.0700389814376,-68.54220672709798,-68.54220672709798
1390.0800389814376,-68.5399799441029,-68.5399799441029
1390.0900389814376,-68.5377045780372,-68.5377045780372
1390.1000389814376,-68.53538087230916,-68.53538087230916
1390.1100389814376,-68.53300919412771,-68.53300919412771
1390.1200389814376,-68.5305900156934,-68.5305900156934
1390.1300389814378,-68.52812389789887,-68.52812389789887
1390.1400389814378,-68.525611476308,-68.525611476308
1390.1500389814378,-68.52305344903806,-68.52305344903806
1390.1600389814378,-68.52045056630936,-68.52045056630936
1390.1700389814378,-68.51780362147608,-68.51780362147608
1390.1800389814377,-68.51511344327999,-68.51511344327999
1390.1900389814377,-68.51238088921608,-68.51238088921608
1390.2000389814377,-68.50960683980173,-68.50960683980173
1390.2100389814377,-68.50679219368051,-68.50679219368051
1390.2200389814377,-68.50393786336436,-68.50393786336436
1390.2300389814377,-68.50104477162903,-68.50104477162903
1390.2400389814377,-68.49811384840122,-68.49811384840122
1390.2500389814377,-68.49514602804791,-68.49514602804791
1390.2600389814377,-68.49214224710988,-68.49214224710988
1390.2700389814377,-68.48910344231732,-68.48910344231732
1390.2800389814377,-68.48603054887597,-68.48603054887597
1390.2900389814376,-68.48292449904932,-68.48292449904932
1390.3000389814376,-68.47978622090977,-68.47978622090977
1390.3100389814376,-68.47661663725842,-68.47661663725842
1390.3200389814376,-68.47341666475226,-68.47341666475226
1390.3300389814376,-68.47018721311866,-68.47018721311866
1390.3400389814376,-68.4669291845057,-68.4669291845057
1390.3500389814376,-68.46364347293495,-68.46364347293495
1390.3600389814376,-68.46033096384019,-68.46033096384019
1390.3700389814376,-68.45699253368454,-68.45699253368454
1390.3800389814378,-68.45362904963915,-68.45362904963915
1390.3900389814378,-68.45024136931622,-68.45024136931622
1390.4000389814378,-68.44683034056109,-68.44683034056109
1390.4100389814378,-68.44339680129006,-68.44339680129006
1390.4200389814378,-68.43994157935501,-68.43994157935501
1390.4300389814377,-68.43646549243074,-68.43646549243074
1390.4400389814377,-68.43296934796768,-68.43296934796768
1390.4500389814377,-68.42945394313669,-68.42945394313669
1390.4600389814377,-68.42592006480918,-68.42592006480918
1390.4700389814377,-68.42236848953827,-68.42236848953827
1390.4800389814377,-68.41879998359249,-68.41879998359249
1390.4900389814377,-68.41521530296514,-68.41521530296514
1390.5000389814377,-68.41161519340761,-68.41161519340761
1390.5100389814377,-68.40800039050413,-68.40800039050413
1390.5200389814377,-68.40437161969298,-68.40437161969298
1390.5300389814377,-68.4007295963546,-68.4007295963546
1390.5400389814376,-68.39707502588274,-68.39707502588274
1390.5500389814376,-68.39340860375268,-68.39340860375268
1390.5600389814376,-68.38973101560626,-68.38973101560626
1390.5700389814376,-68.38604293733417,-68.38604293733417
1390.5800389814376,-68.38234503517805,-68.38234503517805
1390.5900389814376,-68.378637965795,-68.378637965795
1390.6000390052795,-68.37492236755676,-68.37492236755676
1390.6100390052795,-68.37119889594241,-68.37119889594241
1390.6200390052795,-68.36746817070781,-68.36746817070781
1390.6300390052795,-68.36373081121191,-68.36373081121191
1390.6400390052795,-68.35998742776768,-68.35998742776768
1390.6500390052795,-68.3562386216913,-68.3562386216913
1390.6600390052795,-68.35248498544215,-68.35248498544215
1390.6700390052795,-68.34872710269748,-68.34872710269748
1390.6800390052795,-68.3449655484639,-68.3449655484639
1390.6900390052795,-68.34120088918861,-68.34120088918861
1390.7000390052795,-68.33743368284205,-68.33743368284205
1390.7100390052794,-68.33366447903462,-68.33366447903462
1390.7200390052794,-68.32989381910933,-68.32989381910933
1390.7300390052797,-68.32612223623575,-68.32612223623575
1390.7400390052796,-68.32235025552548,-68.32235025552548
1390.7500390052796,-68.31857839410995,-68.31857839410995
1390.7600390052796,-68.314807161258,-68.314807161258
1390.7700390052796,-68.31103705846564,-68.31103705846564
1390.7800390052796,-68.30726857953563,-68.30726857953563
1390.7900390052796,-68.30350221070017,-68.30350221070017
1390.8000390052796,-68.29973843069594,-68.29973843069594
1390.8100390052796,-68.29597771086847,-68.29597771086847
1390.8200390052796,-68.2922205152505,-68.2922205152505
1390.8300390052796,-68.2884673006685,-68.2884673006685
1390.8400390052796,-68.28471851683314,-68.28471851683314
1390.8500390052795,-68.28097460640338,-68.28097460640338
1390.8600390052795,-68.27723600511176,-68.27723600511176
1390.8700390052795,-68.27350314182864,-68.27350314182864
1390.8800390052795,-68.26977643864643,-68.26977643864643
1390.8900390052795,-68.26605631097675,-68.26605631097675
1390.9000390052795,-68.26234316763458,-68.26234316763458
1390.9100390052795,-68.25863741090777,-68.25863741090777
1390.9200390052795,-68.25493943666626,-68.25493943666626
1390.9300390052795,-68.25124963440693,-68.25124963440693
1390.9400390052795,-68.24756838735945,-68.24756838735945
1390.9500390052795,-68.2438960725748,-68.2438960725748
1390.9600390052794,-68.24023306097449,-68.24023306097449
1390.9700390052794,-68.23657971744302,-68.23657971744302
1390.9800390052797,-68.2329364009077,-68.2329364009077
1390.9900390052796,-68.22930346441906,-68.22930346441906
1391.0000390052796,-68.22568125520468,-68.22568125520468
1391.0100390052796,-68.22207011476601,-68.22207011476601
1391.0200390052796,-68.21847037894015,-68.21847037894015
1391.0300390052796,-68.21488237797722,-68.21488237797722
1391.0400390052796,-68.21130643660064,-68.21130643660064
1391.0500390052796,-68.2077428740892,-68.2077428740892
1391.0600390052796,-68.20419200434972,-68.20419200434972
1391.0700390052796,-68.20065413596961,-68.20065413596961
1391.0800390052796,-68.19712957229625,-68.19712957229625
1391.0900390052796,-68.19361861151056,-68.19361861151056
1391.1000390052795,-68.19012154667335,-68.19012154667335
1391.1100390052795,-68.18663866580333,-68.18663866580333
1391.1200390052795,-68.18317025195951,-68.18317025195951
1391.1300390052795,-68.17971658326678,-68.17971658326678
1391.1400390052795,-68.17627793299593,-68.17627793299593
1391.1500390052795,-68.17285456964234,-68.17285456964234
1391.1600390052795,-68.16944675697523,-68.16944675697523
1391.1700390052795,-68.16605475408073,-68.16605475408073
1391.1800390052795,-68.16267881544726,-68.16267881544726
1391.1900390052795,-68.1593191910265,-68.1593191910265
1391.2000390052795,-68.15597612625984,-68.15597612625984
1391.2100390052794,-68.15264986218394,-68.15264986218394
1391.2200390052794,-68.14934063543475,-68.14934063543475
1391.2300390052797,-68.14604867834973,-68.14604867834973
1391.2400390052796,-68.14277421899891,-68.14277421899891
1391.2500390052796,-68.13951748124386,-68.13951748124386
1391.2600390052796,-68.1362786848064,-68.1362786848064
1391.2700390052796,-68.13305804529315,-68.13305804529315
1391.2800390052796,-68.12985577427422,-68.12985577427422
1391.2900390052796,-68.12667207933293,-68.12667207933293
1391.3000390052796,-68.12350716410334,-68.12350716410334
1391.3100390052796,-68.12036122832998,-68.12036122832998
1391.3200390052796,-68.1172344679224,-68.1172344679224
1391.3300390052796,-68.11412707500388,-68.11412707500388
1391.3400390052796,-68.11103923795287,-68.11103923795287
1391.3500390052795,-68.107971141461,-68.107971141461
1391.3600390052795,-68.10492296657425,-68.10492296657425
1391.3700390052795,-68.10189489073404,-68.10189489073404
1391.3800390052795,-68.0988870878594,-68.0988870878594
1391.3900390052795,-68.09589972834226,-68.09589972834226
1391.4000390052795,-68.09293297912579,-68.09293297912579
1391.4100390052795,-68.089987003749,-68.089987003749
1391.4200390052795,-68.0870619623788,-68.0870619623788
1391.4300390052795,-68.08415801185416,-68.08415801185416
1391.4400390052795,-68.08127530574632,-68.08127530574632
1391.4500390291214,-68.07841398758099,-68.07841398758099
1391.4600390291214,-68.07557421816595,-68.07557421816595
1391.4700390291214,-68.07275613462936,-68.07275613462936
1391.4800390291214,-68.06995987783893,-68.06995987783893
1391.4900390291214,-68.06718558560239,-68.06718558560239
1391.5000390291214,-68.06443339269947,-68.06443339269947
1391.5100390291213,-68.06170343093477,-68.06170343093477
1391.5200390291213,-68.0589958291418,-68.0589958291418
1391.5300390291213,-68.05631071325385,-68.05631071325385
1391.5400390291213,-68.05364820633851,-68.05364820633851
1391.5500390291213,-68.05100842862215,-68.05100842862215
1391.5600390291213,-68.04839149753022,-68.04839149753022
1391.5700390291213,-68.04579752774781,-68.04579752774781
1391.5800390291215,-68.04322663122127,-68.04322663122127
1391.5900390291215,-68.040678917215,-68.040678917215
1391.6000390291215,-68.03815449234122,-68.03815449234122
1391.6100390291215,-68.03565346060309,-68.03565346060309
1391.6200390291215,-68.03317592342323,-68.03317592342323
1391.6300390291215,-68.03072197967249,-68.03072197967249
1391.6400390291215,-68.02829172571462,-68.02829172571462
1391.6500390291214,-68.02588525543055,-68.02588525543055
1391.6600390291214,-68.02350266025594,-68.02350266025594
1391.6700390291214,-68.0211440292184,-68.0211440292184
1391.6800390291214,-68.01880944896934,-68.01880944896934
1391.6900390291214,-68.01649900380048,-68.01649900380048
1391.7000390291214,-68.01421277569453,-68.01421277569453
1391.7100390291214,-68.01195084434143,-68.01195084434143
1391.7200390291214,-68.00971328718616,-68.00971328718616
1391.7300390291214,-68.00750017943528,-68.00750017943528
1391.7400390291214,-68.00531159412314,-68.00531159412314
1391.7500390291214,-68.00314760209791,-68.00314760209791
1391.7600390291213,-68.0010082720823,-68.0010082720823
1391.7700390291213,-67.99889367068563,-67.99889367068563
1391.7800390291213,-67.99680386244374,-67.99680386244374
1391.7900390291213,-67.99473890984596,-67.99473890984596
1391.8000390291213,-67.99269887334535,-67.99269887334535
1391.8100390291213,-67.99068381141457,-67.99068381141457
1391.8200390291213,-67.98869378055038,-67.98869378055038
1391.8300390291215,-67.98672883531138,-67.98672883531138
1391.8400390291215,-67.98478902834562,-67.98478902834562
1391.8500390291215,-67.98287441040222,-67.98287441040222
1391.8600390291215,-67.98098503037232,-67.98098503037232
1391.8700390291215,-67.97912093531562,-67.97912093531562
1391.8800390291215,-67.97728217047961,-67.97728217047961
1391.8900390291215,-67.97546877931298,-67.97546877931298
1391.9000390291214,-67.97368080351289,-67.97368080351289
1391.9100390291214,-67.97191828303444,-67.97191828303444
1391.9200390291214,-67.97018125611412,-67.97018125611412
1391.9300390291214,-67.96846975929884,-67.96846975929884
1391.9400390291214,-67.96678382748047,-67.96678382748047
1391.9500390291214,-67.96512349389012,-67.96512349389012
1391.9600390291214,-67.96348287253112,-67.96348287253112
1391.9700390291214,-67.96185940431806,-67.96185940431806
1391.9800390291214,-67.96025186108098,-67.96025186108098
1391.9900390291214,-67.95865963088784,-67.95865963088784
1392.0000390291214,-67.95708244482903,-67.95708244482903
1392.0100390291213,-67.95552023491095,-67.95552023491095
1392.0200390291213,-67.95397305054355,-67.95397305054355
1392.0300390291213,-67.95244100839075,-67.95244100839075
1392.0400390291213,-67.95092426209501,-67.95092426209501
1392.0500390291213,-67.94942298417219,-67.94942298417219
1392.0600390291213,-67.94793735515478,-67.94793735515478
1392.0700390291213,-67.9464675572803,-67.9464675572803
1392.0800390291215,-67.94501377084246,-67.94501377084246
1392.0900390291215,-67.9435761722403,-67.9435761722403
1392.1000390291215,-67.94215493300771,-67.94215493300771
1392.1100390291215,-67.9407502194451,-67.9407502194451
1392.1200390291215,-67.93936219258656,-67.93936219258656
1392.1300390291215,-67.93799100840691,-67.93799100840691
1392.1400390291215,-67.93663681804041,-67.93663681804041
1392.1500390291214,-67.9352997681226,-67.9352997681226
1392.1600390291214,-67.93398000110831,-67.93398000110831
1392.1700390291214,-67.93267765554356,-67.93267765554356
1392.1800390291214,-67.93139286638078,-67.93139286638078
1392.1900390291214,-67.93012576519779,-67.93012576519779
1392.2000390291214,-67.92887648043904,-67.92887648043904
1392.2100390291214,-67.92764513759722,-67.92764513759722
1392.2200390291214,-67.92643185939897,-67.92643185939897
1392.2300390291214,-67.92523676594607,-67.92523676594607
1392.2400390291214,-67.9240599748315,-67.9240599748315
1392.2500390291214,-67.9229016012714,-67.9229016012714
1392.2600390291213,-67.9217617581594,-67.9217617581594
1392.2700390291213,-67.92064055619015,-67.92064055619015
1392.2800390291213,-67.91953810389506,-67.91953810389506
1392.2900390291213,-67.91845450771466,-67.91845450771466
1392.3000390529633,-67.91738986950888,-67.91738986950888
1392.3100390529632,-67.91634429677342,-67.91634429677342
1392.3200390529632,-67.9153178873469,-67.9153178873469
1392.3300390529632,-67.91431073970554,-67.91431073970554
1392.3400390529632,-67.91332295041204,-67.91332295041204
1392.3500390529632,-67.9123546141525,-67.9123546141525
1392.3600390529632,-67.91140582372806,-67.91140582372806
1392.3700390529632,-67.91047667010336,-67.91047667010336
1392.3800390529632,-67.90956724239678,-67.90956724239678
1392.3900390529632,-67.90867762789877,-67.90867762789877
1392.4000390529632,-67.90780791210078,-67.90780791210078
1392.4100390529632,-67.90695817868584,-67.90695817868584
1392.4200390529631,-67.90612850955496,-67.90612850955496
1392.4300390529634,-67.90531898482662,-67.90531898482662
1392.4400390529634,-67.90452968284279,-67.90452968284279
1392.4500390529633,-67.90376068019147,-67.90376068019147
1392.4600390529633,-67.90301205171224,-67.90301205171224
1392.4700390529633,-67.9022838704864,-67.9022838704864
1392.4800390529633,-67.90157620788061,-67.90157620788061
1392.4900390529633,-67.90088913352376,-67.90088913352376
1392.5000390529633,-67.90022271533573,-67.90022271533573
1392.5100390529633,-67.8995770195142,-67.8995770195142
1392.5200390529633,-67.89895211056586,-67.89895211056586
1392.5300390529633,-67.89834805131196,-67.89834805131196
1392.5400390529633,-67.8977649028978,-67.8977649028978
1392.5500390529633,-67.89720272478141,-67.89720272478141
1392.5600390529632,-67.89666157476671,-67.89666157476671
1392.5700390529632,-67.89614150901643,-67.89614150901643
1392.5800390529632,-67.89564258204443,-67.89564258204443
1392.5900390529632,-67.89516484674307,-67.89516484674307
1392.6000390529632,-67.89470835438615,-67.89470835438615
1392.6100390529632,-67.89427315463404,-67.89427315463404
1392.6200390529632,-67.89385929555775,-67.89385929555775
1392.6300390529632,-67.89346682364744,-67.89346682364744
1392.6400390529632,-67.89309578381109,-67.89309578381109
1392.6500390529632,-67.89274621941806,-67.89274621941806
1392.6600390529632,-67.89241817228047,-67.89241817228047
1392.6700390529631,-67.89211168267305,-67.89211168267305
1392.6800390529634,-67.89182678935262,-67.89182678935262
1392.6900390529634,-67.8915635295768,-67.8915635295768
1392.7000390529633,-67.89132193909721,-67.89132193909721
1392.7100390529633,-67.8911020521978,-67.8911020521978
1392.7200390529633,-67.8909039016858,-67.8909039016858
1392.7300390529633,-67.89072751892039,-67.89072751892039
1392.7400390529633,-67.89057293381724,-67.89057293381724
1392.7500390529633,-67.8904401748737,-67.8904401748737
1392.7600390529633,-67.8903292691706,-67.8903292691706
1392.7700390529633,-67.89024024239767,-67.89024024239767
1392.7800390529633,-67.89017311885428,-67.89017311885428
1392.7900390529633,-67.89012792148047,-67.89012792148047
1392.8000390529633,-67.89010467185696,-67.89010467185696
1392.8100390529632,-67.8901033902285,-67.8901033902285
1392.8200390529632,-67.89012409551829,-67.89012409551829
1392.8300390529632,-67.89016680533041,-67.89016680533041
1392.8400390529632,-67.89023153599368,-67.89023153599368
1392.8500390529632,-67.89031830253306,-67.89031830253306
1392.8600390529632,-67.89042711872278,-67.89042711872278
1392.8700390529632,-67.89055799708261,-67.89055799708261
1392.8800390529632,-67.89071094890484,-67.89071094890484
1392.8900390529632,-67.89088598424327,-67.89088598424327
1392.9000390529632,-67.89108311196436,-67.89108311196436
1392.9100390529632,-67.89130233973235,-67.89130233973235
1392.9200390529631,-67.89154367403751,-67.89154367403751
1392.9300390529634,-67.89180712020386,-67.89180712020386
1392.9400390529634,-67.89209268241535,-67.89209268241535
1392.9500390529633,-67.89240036372462,-67.89240036372462
1392.9600390529633,-67.89272425307608,-67.89272425307608
1392.9700390529633,-67.89306176264036,-67.89306176264036
1392.9800390529633,-67.89341163414512,-67.89341163414512
1392.9900390529633,-67.89377322507724,-67.89377322507724
1393.0000390529633,-67.89414623586502,-67.89414623586502
1393.0100390529633,-67.89453056799596,-67.89453056799596
1393.0200390529633,-67.89492624071896,-67.89492624071896
1393.0300390529633,-67.89533334096451,-67.89533334096451
1393.0400390529633,-67.89575199318054,-67.89575199318054
1393.0500390529633,-67.89618234124457,-67.89618234124457
1393.0600390529632,-67.89662453765528,-67.89662453765528
1393.0700390529632,-67.89707873720353,-67.89707873720353
1393.0800390529632,-67.89754509333943,-67.89754509333943
1393.0900390529632,-67.89802375622203,-67.89802375622203
1393.1000390529632,-67.89851487170442,-67.89851487170442
1393.1100390529632,-67.89901858099189,-67.89901858099189
1393.1200390529632,-67.89953502057583,-67.89953502057583
1393.1300390529632,-67.90006432241894,-67.90006432241894
1393.1400390529632,-67.90060661419182,-67.90060661419182
1393.1500390768051,-67.90116202088866,-67.90116202088866
1393.160039076805,-67.90173065987187,-67.90173065987187
1393.170039076805,-67.90231264901159,-67.90231264901159
1393.180039076805,-67.90290810175365,-67.90290810175365
1393.190039076805,-67.9035171286292,-67.9035171286292
1393.200039076805,-67.9041398374927,-67.9041398374927
1393.210039076805,-67.90477633369717,-67.90477633369717
1393.220039076805,-67.9054267202542,-67.9054267202542
1393.230039076805,-67.90609109796478,-67.90609109796478
1393.240039076805,-67.90676956554604,-67.90676956554604
1393.250039076805,-67.90746221973049,-67.90746221973049
1393.260039076805,-67.90816915534951,-67.90816915534951
1393.270039076805,-67.90889046540514,-67.90889046540514
1393.2800390768052,-67.90962624112356,-67.90962624112356
1393.2900390768052,-67.91037657200644,-67.91037657200644
1393.3000390768052,-67.91114154589194,-67.91114154589194
1393.3100390768052,-67.91192124896925,-67.91192124896925
1393.3200390768052,-67.91271576581127,-67.91271576581127
1393.3300390768052,-67.91352517941377,-67.91352517941377
1393.3400390768052,-67.91434957119453,-67.91434957119453
1393.3500390768052,-67.9151890210288,-67.9151890210288
1393.3600390768052,-67.91604360725688,-67.91604360725688
1393.3700390768051,-67.9169134066933,-67.9169134066933
1393.3800390768051,-67.91779849463897,-67.91779849463897
1393.3900390768051,-67.91869894490102,-67.91869894490102
1393.4000390768051,-67.9196148297807,-67.9196148297807
1393.410039076805,-67.920546220097,-67.920546220097
1393.420039076805,-67.92149318518538,-67.92149318518538
1393.430039076805,-67.92245579289823,-67.92245579289823
1393.440039076805,-67.92343410963186,-67.92343410963186
1393.450039076805,-67.9244282003013,-67.9244282003013
1393.460039076805,-67.92543812835729,-67.92543812835729
1393.470039076805,-67.92646395580795,-67.92646395580795
1393.480039076805,-67.92750574320527,-67.92750574320527
1393.490039076805,-67.92856354964378,-67.92856354964378
1393.500039076805,-67.92963743278902,-67.92963743278902
1393.510039076805,-67.9307274488622,-67.9307274488622
1393.520039076805,-67.93183365266283,-67.93183365266283
1393.5300390768052,-67.93295609756483,-67.93295609756483
1393.5400390768052,-67.9340948355154,-67.9340948355154
1393.5500390768052,-67.93524991705416,-67.93524991705416
1393.5600390768052,-67.9364213913228,-67.9364213913228
1393.5700390768052,-67.93760930605636,-67.93760930605636
1393.5800390768052,-67.93881370759837,-67.93881370759837
1393.5900390768052,-67.94003464092326,-67.94003464092326
1393.6000390768052,-67.94127214962164,-67.94127214962164
1393.6100390768052,-67.94252627591084,-67.94252627591084
1393.6200390768051,-67.94379706067159,-67.94379706067159
1393.6300390768051,-67.9450845434127,-67.9450845434127
1393.6400390768051,-67.94638876232759,-67.94638876232759
1393.6500390768051,-67.94770975426158,-67.94770975426158
1393.660039076805,-67.94904755475285,-67.94904755475285
1393.670039076805,-67.95040219801675,-67.95040219801675
1393.680039076805,-67.95177371699002,-67.95177371699002
1393.690039076805,-67.95316214330202,-67.95316214330202
1393.700039076805,-67.95456750730973,-67.95456750730973
1393.710039076805,-67.95598983811148,-67.95598983811148
1393.720039076805,-67.95742916353953,-67.95742916353953
1393.730039076805,-67.95888551018257,-67.95888551018257
1393.740039076805,-67.96035890340366,-67.96035890340366
1393.750039076805,-67.96184936734112,-67.96184936734112
1393.760039076805,-67.96335692492835,-67.96335692492835
1393.770039076805,-67.96488159788638,-67.96488159788638
1393.7800390768052,-67.96642340676392,-67.96642340676392
1393.7900390768052,-67.96798237093533,-67.96798237093533
1393.8000390768052,-67.9695585086113,-67.9695585086113
1393.8100390768052,-67.9711518368528,-67.9711518368528
1393.8200390768052,-67.97276237159328,-67.97276237159328
1393.8300390768052,-67.97439012763022,-67.97439012763022
1393.8400390768052,-67.97603511866542,-67.97603511866542
1393.8500390768052,-67.97769735728065,-67.97769735728065
1393.8600390768052,-67.97937685499275,-67.97937685499275
1393.8700390768051,-67.98107362223519,-67.98107362223519
1393.8800390768051,-67.98278766838116,-67.98278766838116
1393.8900390768051,-67.98451900175942,-67.98451900175942
1393.9000390768051,-67.9862676296644,-67.9862676296644
1393.910039076805,-67.98803355836692,-67.98803355836692
1393.920039076805,-67.98981679313457,-67.98981679313457
1393.930039076805,-67.99161733822153,-67.99161733822153
1393.940039076805,-67.99343519692037,-67.99343519692037
1393.950039076805,-67.99527037153513,-67.99527037153513
1393.960039076805,-67.99712286342482,-67.99712286342482
1393.970039076805,-67.99899267299217,-67.99899267299217
1393.980039076805,-68.00087979971421,-68.00087979971421
1393.990039076805,-68.0027842421461,-68.0027842421461
1394.000039100647,-68.00470600251462,-68.00470600251462
1394.010039100647,-68.00664506846371,-68.00664506846371
1394.020039100647,-68.00860144038754,-68.00860144038754
1394.030039100647,-68.01057511327917,-68.01057511327917
1394.040039100647,-68.01256608128391,-68.01256608128391
1394.050039100647,-68.01457433769647,-68.01457433769647
1394.060039100647,-68.01659987497463,-68.01659987497463
1394.070039100647,-68.01864268475939,-68.01864268475939
1394.080039100647,-68.02070275787973,-68.02070275787973
1394.090039100647,-68.02278008436788,-68.02278008436788
1394.1000391006469,-68.02487465347501,-68.02487465347501
1394.1100391006469,-68.0269864536642,-68.0269864536642
1394.1200391006469,-68.02911547264937,-68.02911547264937
1394.130039100647,-68.03126169739059,-68.03126169739059
1394.140039100647,-68.03342511410798,-68.03342511410798
1394.150039100647,-68.0356057082933,-68.0356057082933
1394.160039100647,-68.03780346471311,-68.03780346471311
1394.170039100647,-68.04001836744858,-68.04001836744858
1394.180039100647,-68.04225039987078,-68.04225039987078
1394.190039100647,-68.04449954467447,-68.04449954467447
1394.200039100647,-68.04676578387463,-68.04676578387463
1394.210039100647,-68.0490490988394,-68.0490490988394
1394.220039100647,-68.05134947027697,-68.05134947027697
1394.230039100647,-68.05366687824994,-68.05366687824994
1394.240039100647,-68.05600130219561,-68.05600130219561
1394.250039100647,-68.05835272094683,-68.05835272094683
1394.260039100647,-68.06072111270194,-68.06072111270194
1394.270039100647,-68.0631064550818,-68.0631064550818
1394.280039100647,-68.06550872510397,-68.06550872510397
1394.290039100647,-68.06792789921735,-68.06792789921735
1394.300039100647,-68.07036395330206,-68.07036395330206
1394.310039100647,-68.07281686267359,-68.07281686267359
1394.320039100647,-68.07528660210122,-68.07528660210122
1394.330039100647,-68.0777731458151,-68.0777731458151
1394.340039100647,-68.0802764675098,-68.0802764675098
1394.3500391006469,-68.08279654037484,-68.08279654037484
1394.3600391006469,-68.08533333706988,-68.08533333706988
1394.3700391006469,-68.08788682975958,-68.08788682975958
1394.380039100647,-68.09045699011277,-68.09045699011277
1394.390039100647,-68.09304378932234,-68.09304378932234
1394.400039100647,-68.09564719809451,-68.09564719809451
1394.410039100647,-68.09826718667006,-68.09826718667006
1394.420039100647,-68.10090372484822,-68.10090372484822
1394.430039100647,-68.10355678195161,-68.10355678195161
1394.440039100647,-68.10622632686925,-68.10622632686925
1394.450039100647,-68.10891232807457,-68.10891232807457
1394.460039100647,-68.11161475360097,-68.11161475360097
1394.470039100647,-68.1143335710624,-68.1143335710624
1394.480039100647,-68.1170687476747,-68.1170687476747
1394.490039100647,-68.11982025023939,-68.11982025023939
1394.500039100647,-68.12258804517941,-68.12258804517941
1394.510039100647,-68.12537209851642,-68.12537209851642
1394.520039100647,-68.12817237591322,-68.12817237591322
1394.530039100647,-68.13098884264396,-68.13098884264396
1394.540039100647,-68.13382146362834,-68.13382146362834
1394.550039100647,-68.13667020342533,-68.13667020342533
1394.560039100647,-68.13953502625449,-68.13953502625449
1394.570039100647,-68.1424158959896,-68.1424158959896
1394.580039100647,-68.14531277616082,-68.14531277616082
1394.590039100647,-68.14822562998121,-68.14822562998121
1394.6000391006469,-68.1511544203434,-68.1511544203434
1394.6100391006469,-68.15409910981874,-68.15409910981874
1394.6200391006469,-68.15705966068201,-68.15705966068201
1394.630039100647,-68.16003603488771,-68.16003603488771
1394.640039100647,-68.16302819411352,-68.16302819411352
1394.650039100647,-68.1660360997481,-68.1660360997481
1394.660039100647,-68.16905971289471,-68.16905971289471
1394.670039100647,-68.17209899437752,-68.17209899437752
1394.680039100647,-68.17515390475161,-68.17515390475161
1394.690039100647,-68.17822440431121,-68.17822440431121
1394.700039100647,-68.18131045309683,-68.18131045309683
1394.710039100647,-68.18441201088879,-68.18441201088879
1394.720039100647,-68.18752903723411,-68.18752903723411
1394.730039100647,-68.19066149142914,-68.19066149142914
1394.740039100647,-68.19380933253292,-68.19380933253292
1394.750039100647,-68.19697251938376,-68.19697251938376
1394.760039100647,-68.20015101059337,-68.20015101059337
1394.770039100647,-68.20334476455864,-68.20334476455864
1394.780039100647,-68.2065537394611,-68.2065537394611
1394.790039100647,-68.2097778932679,-68.2097778932679
1394.800039100647,-68.21301718375932,-68.21301718375932
1394.810039100647,-68.2162715685062,-68.2162715685062
1394.820039100647,-68.2195410048797,-68.2195410048797
1394.830039100647,-68.22282545008173,-68.22282545008173
1394.840039100647,-68.22612486112094,-68.22612486112094
1394.8500391244888,-68.22943920273043,-68.22943920273043
1394.8600391244888,-68.23276841582909,-68.23276841582909
1394.8700391244888,-68.23611246473686,-68.23611246473686
1394.8800391244888,-68.23947130579887,-68.23947130579887
1394.8900391244888,-68.24284489518166,-68.24284489518166
1394.9000391244888,-68.24623318889702,-68.24623318889702
1394.9100391244888,-68.24963614280576,-68.24963614280576
1394.9200391244888,-68.25305371262846,-68.25305371262846
1394.9300391244888,-68.25648585394372,-68.25648585394372
1394.9400391244887,-68.25993252218963,-68.25993252218963
1394.9500391244887,-68.26339367266468,-68.26339367266468
1394.9600391244887,-68.26686331107285,-68.26686331107285
1394.9700391244887,-68.27033878541957,-68.27033878541957
1394.980039124489,-68.27381878104364,-68.27381878104364
1394.990039124489,-68.2773026029257,-68.2773026029257
1395.000039124489,-68.2807899014765,-68.2807899014765
1395.010039124489,-68.2842805300401,-68.2842805300401
1395.020039124489,-68.28777446126716,-68.28777446126716
1395.030039124489,-68.29127173685588,-68.29127173685588
1395.0400391244889,-68.2947724373087,-68.2947724373087
1395.0500391244889,-68.29827666375792,-68.29827666375792
1395.0600391244889,-68.301784527154,-68.301784527154
1395.0700391244889,-68.3052961418718,-68.3052961418718
1395.0800391244888,-68.30881162209525,-68.30881162209525
1395.0900391244888,-68.3123310797946,-68.3123310797946
1395.1000391244888,-68.3158546237382,-68.3158546237382
1395.1100391244888,-68.31938235907884,-68.31938235907884
1395.1200391244888,-68.3229143873171,-68.3229143873171
1395.1300391244888,-68.32645080643043,-68.32645080643043
1395.1400391244888,-68.32999171109229,-68.32999171109229
1395.1500391244888,-68.3335371929473,-68.3335371929473
1395.1600391244888,-68.33708734091532,-68.33708734091532
1395.1700391244888,-68.34064224144971,-68.34064224144971
1395.1800391244888,-68.34420197877674,-68.34420197877674
1395.1900391244887,-68.34776663511842,-68.34776663511842
1395.2000391244887,-68.35133629089643,-68.35133629089643
1395.2100391244887,-68.35490506781932,-68.35490506781932
1395.2200391244887,-68.35847043289314,-68.35847043289314
1395.230039124489,-68.36203119092146,-68.36203119092146
1395.240039124489,-68.36558676593529,-68.36558676593529
1395.250039124489,-68.3691369267793,-68.3691369267793
1395.260039124489,-68.37268164447106,-68.37268164447106
1395.270039124489,-68.37622100857159,-68.37622100857159
1395.280039124489,-68.37975517688311,-68.37975517688311
1395.2900391244889,-68.38328434523913,-68.38328434523913
1395.3000391244889,-68.38680872931909,-68.38680872931909
1395.3100391244889,-68.39032855384553,-68.39032855384553
1395.3200391244889,-68.39384404622328,-68.39384404622328
1395.3300391244888,-68.39735543287419,-68.39735543287419
1395.3400391244888,-68.40086293725811,-68.40086293725811
1395.3500391244888,-68.40436677886996,-68.40436677886996
1395.3600391244888,-68.40786717282965,-68.40786717282965
1395.3700391244888,-68.41136432981637,-68.41136432981637
1395.3800391244888,-68.41485845622891,-68.41485845622891
1395.3900391244888,-68.41834975434656,-68.41834975434656
1395.4000391244888,-68.42183842267117,-68.42183842267117
1395.4100391244888,-68.42532465615142,-68.42532465615142
1395.4200391244888,-68.4288086464541,-68.4288086464541
1395.4300391244888,-68.4322905822071,-68.4322905822071
1395.4400391244887,-68.435770649205,-68.435770649205
1395.4500391244887,-68.43924903060262,-68.43924903060262
1395.4600391244887,-68.44272590706659,-68.44272590706659
1395.4700391244887,-68.4462014569141,-68.4462014569141
1395.480039124489,-68.44967585622376,-68.44967585622376
1395.490039124489,-68.45314927893223,-68.45314927893223
1395.500039124489,-68.45662189692055,-68.45662189692055
1395.510039124489,-68.46009388006166,-68.46009388006166
1395.520039124489,-68.46356539627449,-68.46356539627449
1395.530039124489,-68.46703661157738,-68.46703661157738
1395.5400391244889,-68.470507690103,-68.470507690103
1395.5500391244889,-68.4739787941385,-68.4739787941385
1395.5600391244889,-68.4774500841337,-68.4774500841337
1395.5700391244889,-68.48092171872304,-68.48092171872304
1395.5800391244888,-68.48439385472226,-68.48439385472226
1395.5900391244888,-68.4878666471523,-68.4878666471523
1395.6000391244888,-68.49134024921868,-68.49134024921868
1395.6100391244888,-68.49481481234399,-68.49481481234399
1395.6200391244888,-68.49829048613846,-68.49829048613846
1395.6300391244888,-68.50176741841972,-68.50176741841972
1395.6400391244888,-68.50524575520332,-68.50524575520332
1395.6500391244888,-68.5087256406945,-68.5087256406945
1395.6600391244888,-68.5122072172994,-68.5122072172994
1395.6700391244888,-68.51569062561236,-68.51569062561236
1395.6800391244888,-68.51917600440568,-68.51917600440568
1395.6900391244887,-68.52266349064838,-68.52266349064838
1395.7000391483307,-68.52615322779535,-68.52615322779535
1395.7100391483307,-68.5296393611495,-68.5296393611495
1395.7200391483307,-68.53311941470453,-68.53311941470453
1395.7300391483307,-68.53659224475933,-68.53659224475933
1395.7400391483307,-68.54005732776888,-68.54005732776888
1395.7500391483306,-68.54351448511964,-68.54351448511964
1395.7600391483306,-68.54696374010882,-68.54696374010882
1395.7700391483306,-68.55040523405103,-68.55040523405103
1395.7800391483306,-68.55383917584663,-68.55383917584663
1395.7900391483306,-68.55726581162438,-68.55726581162438
1395.8000391483306,-68.56068540653385,-68.56068540653385
1395.8100391483306,-68.56409823389676,-68.56409823389676
1395.8200391483306,-68.56750456878406,-68.56750456878406
1395.8300391483308,-68.57090468438753,-68.57090468438753
1395.8400391483308,-68.57429884999941,-68.57429884999941
1395.8500391483308,-68.5776873300111,-68.5776873300111
1395.8600391483308,-68.58107038352468,-68.58107038352468
1395.8700391483308,-68.58444826428048,-68.58444826428048
1395.8800391483308,-68.58782122081126,-68.58782122081126
1395.8900391483307,-68.59118949666157,-68.59118949666157
1395.9000391483307,-68.59455333068509,-68.59455333068509
1395.9100391483307,-68.59791295731605,-68.59791295731605
1395.9200391483307,-68.60126860685031,-68.60126860685031
1395.9300391483307,-68.60462050570216,-68.60462050570216
1395.9400391483307,-68.60796887661925,-68.60796887661925
1395.9500391483307,-68.61131393889629,-68.61131393889629
1395.9600391483307,-68.61465590854813,-68.61465590854813
1395.9700391483307,-68.61799499846919,-68.61799499846919
1395.9800391483307,-68.62133141854628,-68.62133141854628
1395.9900391483307,-68.62466537578275,-68.62466537578275
1396.0000391483306,-68.62799707438874,-68.62799707438874
1396.0100391483306,-68.63132671586102,-68.63132671586102
1396.0200391483306,-68.6346544990581,-68.6346544990581
1396.0300391483306,-68.6379806202484,-68.6379806202484
1396.0400391483306,-68.64130527315741,-68.64130527315741
1396.0500391483306,-68.6446286490156,-68.6446286490156
1396.0600391483306,-68.64795093659228,-68.64795093659228
1396.0700391483306,-68.65127232220834,-68.65127232220834
1396.0800391483308,-68.65459298979921,-68.65459298979921
1396.0900391483308,-68.65791312088531,-68.65791312088531
1396.1000391483308,-68.66123289463235,-68.66123289463235
1396.1100391483308,-68.66455248785421,-68.66455248785421
1396.1200391483308,-68.66787207500536,-68.66787207500536
1396.1300391483308,-68.67119182824176,-68.67119182824176
1396.1400391483307,-68.674511917373,-68.674511917373
1396.1500391483307,-68.67783250992015,-68.67783250992015
1396.1600391483307,-68.6811537711093,-68.6811537711093
1396.1700391483307,-68.68447586387167,-68.68447586387167
1396.1800391483307,-68.68779894887047,-68.68779894887047
1396.1900391483307,-68.69112318449085,-68.69112318449085
1396.2000391483307,-68.69444872686947,-68.69444872686947
1396.2100391483307,-68.69777572989457,-68.69777572989457
1396.2200391483307,-68.70110434520748,-68.70110434520748
1396.2300391483307,-68.70443472221937,-68.70443472221937
1396.2400391483307,-68.70776700813074,-68.70776700813074
1396.2500391483306,-68.71110134793115,-68.71110134793115
1396.2600391483306,-68.71443788440843,-68.71443788440843
1396.2700391483306,-68.71777675816475,-68.71777675816475
1396.2800391483306,-68.72111810761875,-68.72111810761875
1396.2900391483306,-68.72446206903707,-68.72446206903707
1396.3000391483306,-68.72780877653379,-68.72780877653379
1396.3100391483306,-68.73115836207556,-68.73115836207556
1396.3200391483306,-68.73451095550747,-68.73451095550747
1396.3300391483308,-68.73786668456404,-68.73786668456404
1396.3400391483308,-68.74122567488318,-68.74122567488318
1396.3500391483308,-68.74458805001102,-68.74458805001102
1396.3600391483308,-68.7479539314359,-68.7479539314359
1396.3700391483308,-68.75132343858203,-68.75132343858203
1396.3800391483308,-68.75469668883414,-68.75469668883414
1396.3900391483307,-68.75807379756165,-68.75807379756165
1396.4000391483307,-68.76145487811863,-68.76145487811863
1396.4100391483307,-68.76484004187542,-68.76484004187542
1396.4200391483307,-68.76822939821665,-68.76822939821665
1396.4300391483307,-68.77162305457807,-68.77162305457807
1396.4400391483307,-68.77502111645462,-68.77502111645462
1396.4500391483307,-68.7784236874115,-68.7784236874115
1396.4600391483307,-68.78183086911216,-68.78183086911216
1396.4700391483307,-68.7852427613211,-68.7852427613211
1396.4800391483307,-68.78865946194418,-68.78865946194418
1396.4900391483307,-68.79208106702124,-68.79208106702124
1396.5000391483306,-68.79550767077886,-68.79550767077886
1396.5100391483306,-68.79893936559577,-68.79893936559577
1396.5200391483306,-68.80237624207601,-68.80237624207601
1396.5300391483306,-68.80581838903782,-68.80581838903782
1396.5400391483306,-68.80926589353056,-68.80926589353056
1396.5500391721725,-68.81271884908068,-68.81271884908068
1396.5600391721725,-68.81617732285947,-68.81617732285947
1396.5700391721725,-68.81964140493746,-68.81964140493746
1396.5800391721725,-68.8231111755129,-68.8231111755129
1396.5900391721725,-68.8265867131056,-68.8265867131056
1396.6000391721725,-68.83006809459734,-68.83006809459734
1396.6100391721725,-68.8335553952224,-68.8335553952224
1396.6200391721725,-68.8370486886172,-68.8370486886172
1396.6300391721725,-68.84054804681416,-68.84054804681416
1396.6400391721725,-68.84405354027459,-68.84405354027459
1396.6500391721725,-68.8475652379087,-68.8475652379087
1396.6600391721724,-68.85108320707903,-68.85108320707903
1396.6700391721724,-68.85460751363692,-68.85460751363692
1396.6800391721727,-68.85813822193117,-68.85813822193117
1396.6900391721726,-68.86167539482878,-68.86167539482878
1396.7000391721726,-68.86521909373047,-68.86521909373047
1396.7100391721726,-68.86876937859837,-68.86876937859837
1396.7200391721726,-68.8723263079631,-68.8723263079631
1396.7300391721726,-68.87588993894295,-68.87588993894295
1396.7400391721726,-68.879460327269,-68.879460327269
1396.7500391721726,-68.88303752730042,-68.88303752730042
1396.7600391721726,-68.88662159204124,-68.88662159204124
1396.7700391721726,-68.89021257315966,-68.89021257315966
1396.7800391721726,-68.89381052100107,-68.89381052100107
1396.7900391721726,-68.89741548460118,-68.89741548460118
1396.8000391721725,-68.90102751172982,-68.90102751172982
1396.8100391721725,-68.90464664887536,-68.90464664887536
1396.8200391721725,-68.90827294128255,-68.90827294128255
1396.8300391721725,-68.91190643295224,-68.91190643295224
1396.8400391721725,-68.91554716667991,-68.91554716667991
1396.8500391721725,-68.91919518405456,-68.91919518405456
1396.8600391721725,-68.92285052549308,-68.92285052549308
1396.8700391721725,-68.92651323023254,-68.92651323023254
1396.8800391721725,-68.93018333635975,-68.93018333635975
1396.8900391721725,-68.93386088083568,-68.93386088083568
1396.9000391721725,-68.93754589950314,-68.93754589950314
1396.9100391721724,-68.94123842708913,-68.94123842708913
1396.9200391721724,-68.94493849724604,-68.94493849724604
1396.9300391721727,-68.9486461425514,-68.9486461425514
1396.9400391721726,-68.9523613945296,-68.9523613945296
1396.9500391721726,-68.95608428366408,-68.95608428366408
1396.9600391721726,-68.95981483940187,-68.95981483940187
1396.9700391721726,-68.963553090195,-68.963553090195
1396.9800391721726,-68.9672990634885,-68.9672990634885
1396.9900391721726,-68.97105278575636,-68.97105278575636
1397.0000391721726,-68.97481428249331,-68.97481428249331
1397.0100391721726,-68.97858357825311,-68.97858357825311
1397.0200391721726,-68.98236069664047,-68.98236069664047
1397.0300391721726,-68.98614566034517,-68.98614566034517
1397.0400391721726,-68.98993849114729,-68.98993849114729
1397.0500391721725,-68.99373920991749,-68.99373920991749
1397.0600391721725,-68.9975478366491,-68.9975478366491
1397.0700391721725,-69.0013643904738,-69.0013643904738
1397.0800391721725,-69.00518888966147,-69.00518888966147
1397.0900391721725,-69.00902135163403,-69.00902135163403
1397.1000391721725,-69.01286179297789,-69.01286179297789
1397.1100391721725,-69.0167102294819,-69.0167102294819
1397.1200391721725,-69.02056667611079,-69.02056667611079
1397.1300391721725,-69.02443114703814,-69.02443114703814
1397.1400391721725,-69.02830365566263,-69.02830365566263
1397.1500391721725,-69.03218421461354,-69.03218421461354
1397.1600391721724,-69.03607283576372,-69.03607283576372
1397.1700391721724,-69.0399695302311,-69.0399695302311
1397.1800391721727,-69.04387430841132,-69.04387430841132
1397.1900391721726,-69.04778717997434,-69.04778717997434
1397.2000391721726,-69.0517081538896,-69.0517081538896
1397.2100391721726,-69.05563723840658,-69.05563723840658
1397.2200391721726,-69.0595744411081,-69.0595744411081
1397.2300391721726,-69.06351976889128,-69.06351976889128
1397.2400391721726,-69.06747322798076,-69.06747322798076
1397.2500391721726,-69.07143482395577,-69.07143482395577
1397.2600391721726,-69.07540456173857,-69.07540456173857
1397.2700391721726,-69.07938244563724,-69.07938244563724
1397.2800391721726,-69.08336847931137,-69.08336847931137
1397.2900391721726,-69.08736266582294,-69.08736266582294
1397.3000391721725,-69.0913650076225,-69.0913650076225
1397.3100391721725,-69.09537550657144,-69.09537550657144
1397.3200391721725,-69.09939416394192,-69.09939416394192
1397.3300391721725,-69.10342098042956,-69.10342098042956
1397.3400391721725,-69.10745595616672,-69.10745595616672
1397.3500391721725,-69.11149909073919,-69.11149909073919
1397.3600391721725,-69.11555038316764,-69.11555038316764
1397.3700391721725,-69.11960983194348,-69.11960983194348
1397.3800391721725,-69.12367743503582,-69.12367743503582
1397.3900391721725,-69.12775318987846,-69.12775318987846
1397.4000391960144,-69.13183710312839,-69.13183710312839
1397.4100391960144,-69.13592915180057,-69.13592915180057
1397.4200391960144,-69.14002934150871,-69.14002934150871
1397.4300391960144,-69.14413766770484,-69.14413766770484
1397.4400391960144,-69.14825412535751,-69.14825412535751
1397.4500391960144,-69.15237870896908,-69.15237870896908
1397.4600391960143,-69.15651141257116,-69.15651141257116
1397.4700391960143,-69.16065222975928,-69.16065222975928
1397.4800391960143,-69.16480115366063,-69.16480115366063
1397.4900391960143,-69.16895817698094,-69.16895817698094
1397.5000391960143,-69.17312329198191,-69.17312329198191
1397.5100391960143,-69.17729649050843,-69.17729649050843
1397.5200391960143,-69.18147776399078,-69.18147776399078
1397.5300391960145,-69.18566710345209,-69.18566710345209
1397.5400391960145,-69.18986449951016,-69.18986449951016
1397.5500391960145,-69.1940699423815,-69.1940699423815
1397.5600391960145,-69.19828342191087,-69.19828342191087
1397.5700391960145,-69.20250492755466,-69.20250492755466
1397.5800391960145,-69.206734448385,-69.206734448385
1397.5900391960145,-69.2109719731117,-69.2109719731117
1397.6000391960144,-69.21521749009833,-69.21521749009833
1397.6100391960144,-69.21947098734138,-69.21947098734138
1397.6200391960144,-69.22373245248886,-69.22373245248886
1397.6300391960144,-69.228001872848,-69.228001872848
1397.6400391960144,-69.23227923538805,-69.23227923538805
1397.6500391960144,-69.23656452675702,-69.23656452675702
1397.6600391960144,-69.24085773327833,-69.24085773327833
1397.6700391960144,-69.24515884095213,-69.24515884095213
1397.6800391960144,-69.24946783546903,-69.24946783546903
1397.6900391960144,-69.25378470220896,-69.25378470220896
1397.7000391960144,-69.25810942626447,-69.25810942626447
1397.7100391960143,-69.26244199241592,-69.26244199241592
1397.7200391960143,-69.26678238517114,-69.26678238517114
1397.7300391960143,-69.27113058874137,-69.27113058874137
1397.7400391960143,-69.27548658707036,-69.27548658707036
1397.7500391960143,-69.27985036382056,-69.27985036382056
1397.7600391960143,-69.28422190238625,-69.28422190238625
1397.7700391960143,-69.28860118590978,-69.28860118590978
1397.7800391960145,-69.29298819725366,-69.29298819725366
1397.7900391960145,-69.2973829190502,-69.2973829190502
1397.8000391960145,-69.30178533367598,-69.30178533367598
1397.8100391960145,-69.3061954232608,-69.3061954232608
1397.8200391960145,-69.31061316970377,-69.31061316970377
1397.8300391960145,-69.31503855465995,-69.31503855465995
1397.8400391960145,-69.31947155956405,-69.31947155956405
1397.8500391960144,-69.32391216561832,-69.32391216561832
1397.8600391960144,-69.32836035381177,-69.32836035381177
1397.8700391960144,-69.3328161049154,-69.3328161049154
1397.8800391960144,-69.33727939949512,-69.33727939949512
1397.8900391960144,-69.34175021789541,-69.34175021789541
1397.9000391960144,-69.34622854026762,-69.34622854026762
1397.9100391960144,-69.35071434656888,-69.35071434656888
1397.9200391960144,-69.35520761654641,-69.35520761654641
1397.9300391960144,-69.35970832977318,-69.35970832977318
1397.9400391960144,-69.36421646563255,-69.36421646563255
1397.9500391960144,-69.36873200331713,-69.36873200331713
1397.9600391960143,-69.37325492184173,-69.37325492184173
1397.9700391960143,-69.37778520005419,-69.37778520005419
1397.9800391960143,-69.38232281662964,-69.38232281662964
1397.9900391960143,-69.38686775007015,-69.38686775007015
1398.0000391960143,-69.39141997871334,-69.39141997871334
1398.0100391960143,-69.39597948074814,-69.39597948074814
1398.0200391960143,-69.40054623419451,-69.40054623419451
1398.0300391960145,-69.40512021692255,-69.40512021692255
1398.0400391960145,-69.4097014066527,-69.4097014066527
1398.0500391960145,-69.4142897809655,-69.4142897809655
1398.0600391960145,-69.41888531729161,-69.41888531729161
1398.0700391960145,-69.42348799291356,-69.42348799291356
1398.0800391960145,-69.42809778499696,-69.42809778499696
1398.0900391960145,-69.43271467056124,-69.43271467056124
1398.1000391960144,-69.43733862649466,-69.43733862649466
1398.1100391960144,-69.44196962956676,-69.44196962956676
1398.1200391960144,-69.4466076564168,-69.4466076564168
1398.1300391960144,-69.45125268356313,-69.45125268356313
1398.1400391960144,-69.45590468740319,-69.45590468740319
1398.1500391960144,-69.4605636442314,-69.4605636442314
1398.1600391960144,-69.46522953021586,-69.46522953021586
1398.1700391960144,-69.46990232141964,-69.46990232141964
1398.1800391960144,-69.47458199379712,-69.47458199379712
1398.1900391960144,-69.47926852321591,-69.47926852321591
1398.2000391960144,-69.48396188541268,-69.48396188541268
1398.2100391960143,-69.4886620560471,-69.4886620560471
1398.2200391960143,-69.49336901067213,-69.49336901067213
1398.2300391960143,-69.49808272476112,-69.49808272476112
1398.2400391960143,-69.50280317367502,-69.50280317367502
1398.2500392198563,-69.50753034396062,-69.50753034396062
1398.2600392198563,-69.51226418833699,-69.51226418833699
1398.2700392198562,-69.51700469312985,-69.51700469312985
1398.2800392198562,-69.52175183337992,-69.52175183337992
1398.2900392198562,-69.52650558404355,-69.52650558404355
1398.3000392198562,-69.5312659200081,-69.5312659200081
1398.3100392198562,-69.53603281606833,-69.53603281606833
1398.3200392198562,-69.54080624695963,-69.54080624695963
1398.3300392198562,-69.54558618735156,-69.54558618735156
1398.3400392198562,-69.5503726118284,-69.5503726118284
1398.3500392198562,-69.55516549492742,-69.55516549492742
1398.3600392198562,-69.55996481111255,-69.55996481111255
1398.3700392198562,-69.5647705347937,-69.5647705347937
1398.3800392198564,-69.56958264031064,-69.56958264031064
1398.3900392198564,-69.57440110196052,-69.57440110196052
1398.4000392198564,-69.57922589397596,-69.57922589397596
1398.4100392198563,-69.58405699054325,-69.58405699054325
1398.4200392198563,-69.58889436577888,-69.58889436577888
1398.4300392198563,-69.59373799377524,-69.59373799377524
1398.4400392198563,-69.59858784857023,-69.59858784857023
1398.4500392198563,-69.60344390414338,-69.60344390414338
1398.4600392198563,-69.60830613444365,-69.60830613444365
1398.4700392198563,-69.61317451337328,-69.61317451337328
1398.4800392198563,-69.61804901479849,-69.61804901479849
1398.4900392198563,-69.62292961253966,-69.62292961253966
1398.5000392198563,-69.62781628039166,-69.62781628039166
1398.5100392198563,-69.63270899210583,-69.63270899210583
1398.5200392198562,-69.63760772140432,-69.63760772140432
1398.5300392198562,-69.64251244196795,-69.64251244196795
1398.5400392198562,-69.647423127462,-69.647423127462
1398.5500392198562,-69.65233975152015,-69.65233975152015
1398.5600392198562,-69.65726228773994,-69.65726228773994
1398.5700392198562,-69.66219070970462,-69.66219070970462
1398.5800392198562,-69.66712499096029,-69.66712499096029
1398.5900392198562,-69.67206510505325,-69.67206510505325
1398.6000392198562,-69.67701102548699,-69.67701102548699
1398.6100392198562,-69.68196272575449,-69.68196272575449
1398.6200392198562,-69.68692017932767,-69.68692017932767
1398.6300392198564,-69.69188335967836,-69.69188335967836
1398.6400392198564,-69.69685224023573,-69.69685224023573
1398.6500392198564,-69.70182679442898,-69.70182679442898
1398.6600392198563,-69.70680699568874,-69.70680699568874
1398.6700392198563,-69.71179281740693,-69.71179281740693
1398.6800392198563,-69.7167842329826,-69.7167842329826
1398.6900392198563,-69.72178121581508,-69.72178121581508
1398.7000392198563,-69.7267837392757,-69.7267837392757
1398.7100392198563,-69.73179177674135,-69.73179177674135
1398.7200392198563,-69.7368053015803,-69.7368053015803
1398.7300392198563,-69.74182428716445,-69.74182428716445
1398.7400392198563,-69.74684870685984,-69.74684870685984
1398.7500392198563,-69.75187853402338,-69.75187853402338
1398.7600392198563,-69.75691374202005,-69.75691374202005
1398.7700392198562,-69.76195430421619,-69.76195430421619
1398.7800392198562,-69.7670001939845,-69.7670001939845
1398.7900392198562,-69.77205138469162,-69.77205138469162
1398.8000392198562,-69.7771078497052,-69.7771078497052
1398.8100392198562,-69.78216956242066,-69.78216956242066
1398.8200392198562,-69.78723649621574,-69.78723649621574
1398.8300392198562,-69.79230862448105,-69.79230862448105
1398.8400392198562,-69.79738592062691,-69.79738592062691
1398.8500392198562,-69.80246835806196,-69.80246835806196
1398.8600392198562,-69.80755591022249,-69.80755591022249
1398.8700392198562,-69.81264855053033,-69.81264855053033
1398.8800392198564,-69.81774625243979,-69.81774625243979
1398.8900392198564,-69.82284898940621,-69.82284898940621
1398.9000392198564,-69.82795673491263,-69.82795673491263
1398.9100392198563,-69.83306946244582,-69.83306946244582
1398.9200392198563,-69.83818714551356,-69.83818714551356
1398.9300392198563,-69.84330975765043,-69.84330975765043
1398.9400392198563,-69.84843727238693,-69.84843727238693
1398.9500392198563,-69.85356966329066,-69.85356966329066
1398.9600392198563,-69.85870690393799,-69.85870690393799
1398.9700392198563,-69.86384896793892,-69.86384896793892
1398.9800392198563,-69.86899582890314,-69.86899582890314
1398.9900392198563,-69.8741474604906,-69.8741474604906
1399.0000392198563,-69.87930383635808,-69.87930383635808
1399.0100392198563,-69.88446493020261,-69.88446493020261
1399.0200392198562,-69.8896307157401,-69.8896307157401
1399.0300392198562,-69.89480116671353,-69.89480116671353
1399.0400392198562,-69.8999762568863,-69.8999762568863
1399.0500392198562,-69.90515596005925,-69.90515596005925
1399.0600392198562,-69.91034025004492,-69.91034025004492
1399.0700392198562,-69.91552910069771,-69.91552910069771
1399.0800392198562,-69.92072248589287,-69.92072248589287
1399.0900392198562,-69.92592037954418,-69.92592037954418
1399.1000392436981,-69.93112276797278,-69.93112276797278
1399.110039243698,-69.93632960039876,-69.93632960039876
1399.120039243698,-69.94154086317329,-69.94154086317329
1399.130039243698,-69.94675653033272,-69.94675653033272
1399.140039243698,-69.95197657594758,-69.95197657594758
1399.150039243698,-69.95720097410988,-69.95720097410988
1399.160039243698,-69.96242969896055,-69.96242969896055
1399.170039243698,-69.96766272466462,-69.96766272466462
1399.180039243698,-69.97290002541902,-69.97290002541902
1399.190039243698,-69.97814157546355,-69.97814157546355
1399.200039243698,-69.98338734906733,-69.98338734906733
1399.210039243698,-69.98863732054643,-69.98863732054643
1399.220039243698,-69.99389146424059,-69.99389146424059
1399.2300392436982,-69.99914975453858,-69.99914975453858
1399.2400392436982,-70.00441216586718,-70.00441216586718
1399.2500392436982,-70.0096786726863,-70.0096786726863
1399.2600392436982,-70.0149492495047,-70.0149492495047
1399.2700392436982,-70.02022387084932,-70.02022387084932
1399.2800392436982,-70.02550251130808,-70.02550251130808
1399.2900392436982,-70.0307851455017,-70.0307851455017
1399.3000392436982,-70.03607174809403,-70.03607174809403
1399.3100392436982,-70.04136229379681,-70.04136229379681
1399.3200392436981,-70.04665675735602,-70.04665675735602
1399.3300392436981,-70.05195511355504,-70.05195511355504
1399.3400392436981,-70.05725733723534,-70.05725733723534
1399.3500392436981,-70.06256340327283,-70.06256340327283
1399.360039243698,-70.06787328658577,-70.06787328658577
1399.370039243698,-70.0731869621403,-70.0731869621403
1399.380039243698,-70.07850440494525,-70.07850440494525
1399.390039243698,-70.08382559005953,-70.08382559005953
1399.400039243698,-70.08915049257554,-70.08915049257554
1399.410039243698,-70.09447908765154,-70.09447908765154
1399.420039243698,-70.0998113504777,-70.0998113504777
1399.430039243698,-70.10514725628784,-70.10514725628784
1399.440039243698,-70.11048678037348,-70.11048678037348
1399.450039243698,-70.11582989806973,-70.11582989806973
1399.460039243698,-70.12117658475407,-70.12117658475407
1399.470039243698,-70.12652681585524,-70.12652681585524
1399.4800392436982,-70.13188056686617,-70.13188056686617
1399.4900392436982,-70.13723781329809,-70.13723781329809
1399.5000392436982,-70.14259853072912,-70.14259853072912
1399.5100392436982,-70.1479626947915,-70.1479626947915
1399.5200392436982,-70.15333028116096,-70.15333028116096
1399.5300392436982,-70.15870126555704,-70.15870126555704
1399.5400392436982,-70.16407562375757,-70.16407562375757
1399.5500392436982,-70.16945333159269,-70.16945333159269
1399.5600392436982,-70.17483436492951,-70.17483436492951
1399.5700392436981,-70.1802186996991,-70.1802186996991
1399.5800392436981,-70.18560631188915,-70.18560631188915
1399.5900392436981,-70.19099717752597,-70.19099717752597
1399.6000392436981,-70.19639127269586,-70.19639127269586
1399.610039243698,-70.20178857352167,-70.20178857352167
1399.620039243698,-70.20718905620636,-70.20718905620636
1399.630039243698,-70.21259269698389,-70.21259269698389
1399.640039243698,-70.21799947214949,-70.21799947214949
1399.650039243698,-70.22340935805151,-70.22340935805151
1399.660039243698,-70.22882233107782,-70.22882233107782
1399.670039243698,-70.23423836770075,-70.23423836770075
1399.680039243698,-70.23965744441664,-70.23965744441664
1399.690039243698,-70.24507953779148,-70.24507953779148
1399.700039243698,-70.25050462442795,-70.25050462442795
1399.710039243698,-70.25593268101905,-70.25593268101905
1399.720039243698,-70.26136368426984,-70.26136368426984
1399.7300392436982,-70.2667976109637,-70.2667976109637
1399.7400392436982,-70.27223443793739,-70.27223443793739
1399.7500392436982,-70.27767414208462,-70.27767414208462
1399.7600392436982,-70.28311670034695,-70.28311670034695
1399.7700392436982,-70.28856208972674,-70.28856208972674
1399.7800392436982,-70.29401028727393,-70.29401028727393
1399.7900392436982,-70.29946127010426,-70.29946127010426
1399.8000392436982,-70.30491501539022,-70.30491501539022
1399.8100392436982,-70.31037150035422,-70.31037150035422
1399.8200392436981,-70.31583070227192,-70.31583070227192
1399.8300392436981,-70.32129259848428,-70.32129259848428
1399.8400392436981,-70.32675716638751,-70.32675716638751
1399.8500392436981,-70.33222438342614,-70.33222438342614
1399.860039243698,-70.33769422711667,-70.33769422711667
1399.870039243698,-70.34316667501734,-70.34316667501734
1399.880039243698,-70.34864170475271,-70.34864170475271
1399.890039243698,-70.35411929400212,-70.35411929400212
1399.900039243698,-70.35959942049399,-70.35959942049399
1399.910039243698,-70.36508206203251,-70.36508206203251
1399.920039243698,-70.37056719646473,-70.37056719646473
1399.930039243698,-70.37605480170032,-70.37605480170032
1399.940039243698,-70.38154485570148,-70.38154485570148
1399.95003926754,-70.38703734958008,-70.38703734958008
1399.96003926754,-70.39253223528661,-70.39253223528661
1399.97003926754,-70.39802950400062,-70.39802950400062
1399.98003926754,-70.40352913393521,-70.40352913393521
1399.99003926754,-70.40903110334057,-70.40903110334057
1400.00003926754,-70.4145353905395,-70.4145353905395
1400.01003926754,-70.42004197391402,-70.42004197391402
1400.02003926754,-70.42555083188367,-70.42555083188367
1400.03003926754,-70.43106194294727,-70.43106194294727
1400.04003926754,-70.43657528565764,-70.43657528565764
1400.05003926754,-70.44209083861861,-70.44209083861861
1400.0600392675399,-70.44760858050401,-70.44760858050401
1400.0700392675399,-70.45312849004272,-70.45312849004272
1400.08003926754,-70.45865054600685,-70.45865054600685
1400.09003926754,-70.46417472725689,-70.46417472725689
1400.10003926754,-70.46970101269204,-70.46970101269204
1400.11003926754,-70.47522938127163,-70.47522938127163
1400.12003926754,-70.48075981202366,-70.48075981202366
1400.13003926754,-70.48629228402513,-70.48629228402513
1400.14003926754,-70.4918267764196,-70.4918267764196
1400.15003926754,-70.49736326840906,-70.49736326840906
1400.16003926754,-70.5029017392483,-70.5029017392483
1400.17003926754,-70.50844216825382,-70.50844216825382
1400.18003926754,-70.51398453481136,-70.51398453481136
1400.19003926754,-70.51952881835305,-70.51952881835305
1400.20003926754,-70.52507499837722,-70.52507499837722
1400.21003926754,-70.53062305443899,-70.53062305443899
1400.22003926754,-70.53617296615349,-70.53617296615349
1400.23003926754,-70.54172471320238,-70.54172471320238
1400.24003926754,-70.54727827531569,-70.54727827531569
1400.25003926754,-70.5528336322891,-70.5528336322891
1400.26003926754,-70.55839076397307,-70.55839076397307
1400.27003926754,-70.56394965027937,-70.56394965027937
1400.28003926754,-70.5695102711921,-70.5695102711921
1400.29003926754,-70.5750726067314,-70.5750726067314
1400.30003926754,-70.5806366369925,-70.5806366369925
1400.3100392675399,-70.58620234212697,-70.58620234212697
1400.3200392675399,-70.59176970234945,-70.59176970234945
1400.33003926754,-70.59733869792694,-70.59733869792694
1400.34003926754,-70.60290930919123,-70.60290930919123
1400.35003926754,-70.60848151653353,-70.60848151653353
1400.36003926754,-70.61405530040138,-70.61405530040138
1400.37003926754,-70.61963064130363,-70.61963064130363
1400.38003926754,-70.62520751980801,-70.62520751980801
1400.39003926754,-70.6307859165424,-70.6307859165424
1400.40003926754,-70.63636581219076,-70.63636581219076
1400.41003926754,-70.64194718750403,-70.64194718750403
1400.42003926754,-70.64753002328871,-70.64753002328871
1400.43003926754,-70.65311430040616,-70.65311430040616
1400.44003926754,-70.65869999978133,-70.65869999978133
1400.45003926754,-70.66428710240011,-70.66428710240011
1400.46003926754,-70.66987558931058,-70.66987558931058
1400.47003926754,-70.67546544160443,-70.67546544160443
1400.48003926754,-70.68105664044553,-70.68105664044553
1400.49003926754,-70.68664916706076,-70.68664916706076
1400.50003926754,-70.69224300272727,-70.69224300272727
1400.51003926754,-70.69783812878573,-70.69783812878573
1400.52003926754,-70.70343452663336,-70.70343452663336
1400.53003926754,-70.70903217772533,-70.70903217772533
1400.54003926754,-70.71463106357656,-70.71463106357656
1400.55003926754,-70.72023116576788,-70.72023116576788
1400.5600392675399,-70.72583246593082,-70.72583246593082
1400.5700392675399,-70.73143494575596,-70.73143494575596
1400.58003926754,-70.73703858699875,-70.73703858699875
1400.59003926754,-70.74264337147096,-70.74264337147096
1400.60003926754,-70.74824928103949,-70.74824928103949
1400.61003926754,-70.75385629763032,-70.75385629763032
1400.62003926754,-70.75946440323385,-70.75946440323385
1400.63003926754,-70.76507357988842,-70.76507357988842
1400.64003926754,-70.77068380970846,-70.77068380970846
1400.65003926754,-70.77629507484589,-70.77629507484589
1400.66003926754,-70.78190735752656,-70.78190735752656
1400.67003926754,-70.78752064002764,-70.78752064002764
1400.68003926754,-70.79313490468613,-70.79313490468613
1400.69003926754,-70.79875013389653,-70.79875013389653
1400.70003926754,-70.80436631011574,-70.80436631011574
1400.71003926754,-70.80998341584653,-70.80998341584653
1400.72003926754,-70.81560143366562,-70.81560143366562
1400.73003926754,-70.82122034620068,-70.82122034620068
1400.74003926754,-70.82684013613364,-70.82684013613364
1400.75003926754,-70.8324607862059,-70.8324607862059
1400.76003926754,-70.83808227922201,-70.83808227922201
1400.77003926754,-70.84370459803705,-70.84370459803705
1400.78003926754,-70.84932772556876,-70.84932772556876
1400.79003926754,-70.85495164478307,-70.85495164478307
1400.8000392913818,-70.86057635211193,-70.86057635211193
1400.8100392913818,-70.86620180387257,-70.86620180387257
1400.8200392913818,-70.87182799657296,-70.87182799657296
1400.8300392913818,-70.87745491343225,-70.87745491343225
1400.8400392913818,-70.88308253770137,-70.88308253770137
1400.8500392913818,-70.88871085269848,-70.88871085269848
1400.8600392913818,-70.89433984179968,-70.89433984179968
1400.8700392913818,-70.89996948843003,-70.89996948843003
1400.8800392913818,-70.90559977608872,-70.90559977608872
1400.8900392913818,-70.91123068830578,-70.91123068830578
1400.9000392913817,-70.91686220868846,-70.91686220868846
1400.9100392913817,-70.92249432089385,-70.92249432089385
1400.9200392913817,-70.92812700863196,-70.92812700863196
1400.930039291382,-70.93376025567198,-70.93376025567198
1400.940039291382,-70.93939404584451,-70.93939404584451
1400.950039291382,-70.9450283630232,-70.9450283630232
1400.960039291382,-70.95066319115672,-70.95066319115672
1400.970039291382,-70.95629851423587,-70.95629851423587
1400.980039291382,-70.9619343163027,-70.9619343163027
1400.990039291382,-70.96757058146763,-70.96757058146763
1401.0000392913819,-70.97320729389072,-70.97320729389072
1401.0100392913819,-70.9788444377906,-70.9788444377906
1401.0200392913819,-70.98448199743852,-70.98448199743852
1401.0300392913819,-70.99011995716457,-70.99011995716457
1401.0400392913818,-70.99575830134616,-70.99575830134616
1401.0500392913818,-71.00139701442858,-71.00139701442858
1401.0600392913818,-71.0070360809034,-71.0070360809034
1401.0700392913818,-71.0126754853153,-71.0126754853153
1401.0800392913818,-71.01831521227083,-71.01831521227083
1401.0900392913818,-71.02395524642967,-71.02395524642967
1401.1000392913818,-71.02959557250337,-71.02959557250337
1401.1100392913818,-71.03523617525704,-71.03523617525704
1401.1200392913818,-71.04087703950997,-71.04087703950997
1401.1300392913818,-71.04651815014171,-71.04651815014171
1401.1400392913818,-71.05215949208443,-71.05215949208443
1401.1500392913817,-71.05780105032052,-71.05780105032052
1401.1600392913817,-71.06344280989425,-71.06344280989425
1401.1700392913817,-71.06908475590093,-71.06908475590093
1401.180039291382,-71.07472687347078,-71.07472687347078
1401.190039291382,-71.08036914782018,-71.08036914782018
1401.200039291382,-71.0860115642001,-71.0860115642001
1401.210039291382,-71.09165410791431,-71.09165410791431
1401.220039291382,-71.09729676432893,-71.09729676432893
1401.230039291382,-71.1029395188588,-71.1029395188588
1401.240039291382,-71.10858235696496,-71.10858235696496
1401.2500392913819,-71.1142252641755,-71.1142252641755
1401.2600392913819,-71.11986822606515,-71.11986822606515
1401.2700392913819,-71.125511228258,-71.125511228258
1401.2800392913819,-71.1311542564311,-71.1311542564311
1401.2900392913818,-71.13679729632321,-71.13679729632321
1401.3000392913818,-71.14244033372285,-71.14244033372285
1401.3100392913818,-71.14808335446384,-71.14808335446384
1401.3200392913818,-71.15372634443507,-71.15372634443507
1401.3300392913818,-71.15936928957542,-71.15936928957542
1401.3400392913818,-71.16501217588595,-71.16501217588595
1401.3500392913818,-71.170654989408,-71.170654989408
1401.3600392913818,-71.17629771624433,-71.17629771624433
1401.3700392913818,-71.18194034254495,-71.18194034254495
1401.3800392913818,-71.18758285451432,-71.18758285451432
1401.3900392913818,-71.19322523839486,-71.19322523839486
1401.4000392913817,-71.19886748050709,-71.19886748050709
1401.4100392913817,-71.20450956720178,-71.20450956720178
1401.4200392913817,-71.21015148488718,-71.21015148488718
1401.430039291382,-71.21579322001811,-71.21579322001811
1401.440039291382,-71.22143475910745,-71.22143475910745
1401.450039291382,-71.22707608871248,-71.22707608871248
1401.460039291382,-71.23271719545122,-71.23271719545122
1401.470039291382,-71.23835806598942,-71.23835806598942
1401.480039291382,-71.2439986870329,-71.2439986870329
1401.490039291382,-71.24963904534356,-71.24963904534356
1401.5000392913819,-71.25527912774295,-71.25527912774295
1401.5100392913819,-71.2609189210884,-71.2609189210884
1401.5200392913819,-71.26655841229913,-71.26655841229913
1401.5300392913819,-71.27219758833122,-71.27219758833122
1401.5400392913818,-71.27783643620737,-71.27783643620737
1401.5500392913818,-71.28347494299095,-71.28347494299095
1401.5600392913818,-71.28911309579593,-71.28911309579593
1401.5700392913818,-71.29475088177803,-71.29475088177803
1401.5800392913818,-71.30038828815712,-71.30038828815712
1401.5900392913818,-71.30602530218836,-71.30602530218836
1401.6000392913818,-71.3116619111839,-71.3116619111839
1401.6100392913818,-71.31729810250198,-71.31729810250198
1401.6200392913818,-71.32293386356083,-71.32293386356083
1401.6300392913818,-71.32856918180751,-71.32856918180751
1401.6400392913818,-71.33420404476014,-71.33420404476014
1401.6500393152237,-71.33983845337528,-71.33983845337528
1401.6600393152237,-71.34547236844335,-71.34547236844335
1401.6700393152237,-71.35110579101061,-71.35110579101061
1401.6800393152237,-71.35673870878603,-71.35673870878603
1401.6900393152237,-71.36237110951268,-71.36237110951268
1401.7000393152236,-71.36800298099011,-71.36800298099011
1401.7100393152236,-71.37363431106583,-71.37363431106583
1401.7200393152236,-71.37926508762534,-71.37926508762534
1401.7300393152236,-71.38489529861134,-71.38489529861134
1401.7400393152236,-71.39052493201034,-71.39052493201034
1401.7500393152236,-71.39615397585852,-71.39615397585852
1401.7600393152236,-71.4017824182316,-71.4017824182316
1401.7700393152236,-71.40741024726273,-71.40741024726273
1401.7800393152238,-71.41303745112197,-71.41303745112197
1401.7900393152238,-71.41866401803576,-71.41866401803576
1401.8000393152238,-71.42428993627549,-71.42428993627549
1401.8100393152238,-71.42991519414637,-71.42991519414637
1401.8200393152238,-71.43553978002737,-71.43553978002737
1401.8300393152238,-71.4411636823139,-71.4411636823139
1401.8400393152237,-71.44678688946047,-71.44678688946047
1401.8500393152237,-71.45240938997524,-71.45240938997524
1401.8600393152237,-71.45803117240584,-71.45803117240584
1401.8700393152237,-71.46365222533856,-71.46365222533856
1401.8800393152237,-71.46927253741352,-71.46927253741352
1401.8900393152237,-71.47489209731857,-71.47489209731857
1401.9000393152237,-71.48051089378114,-71.48051089378114
1401.9100393152237,-71.48612891558389,-71.48612891558389
1401.9200393152237,-71.49174615153638,-71.49174615153638
1401.9300393152237,-71.497362590519,-71.497362590519
1401.9400393152237,-71.50297822143004,-71.50297822143004
1401.9500393152236,-71.50859303323041,-71.50859303323041
1401.9600393152236,-71.51420701491584,-71.51420701491584
1401.9700393152236,-71.519820155542,-71.519820155542
1401.9800393152236,-71.52543244419442,-71.52543244419442
1401.9900393152236,-71.5310438700067,-71.5310438700067
1402.0000393152236,-71.53665442216152,-71.53665442216152
1402.0100393152236,-71.54226408987715,-71.54226408987715
1402.0200393152236,-71.54787286242527,-71.54787286242527
1402.0300393152238,-71.55348072911414,-71.55348072911414
1402.0400393152238,-71.55908767930698,-71.55908767930698
1402.0500393152238,-71.56469370239287,-71.56469370239287
1402.0600393152238,-71.57029878782322,-71.57029878782322
1402.0700393152238,-71.5759029250745,-71.5759029250745
1402.0800393152238,-71.58150610368757,-71.58150610368757
1402.0900393152237,-71.58710831323039,-71.58710831323039
1402.1000393152237,-71.59270954331942,-71.59270954331942
1402.1100393152237,-71.5983097836113,-71.5983097836113
1402.1200393152237,-71.60390902381032,-71.60390902381032
1402.1300393152237,-71.60950725366644,-71.60950725366644
1402.1400393152237,-71.61510446296302,-71.61510446296302
1402.1500393152237,-71.62070064152911,-71.62070064152911
1402.1600393152237,-71.62629577923538,-71.62629577923538
1402.1700393152237,-71.63188986599852,-71.63188986599852
1402.1800393152237,-71.63748289177829,-71.63748289177829
1402.1900393152237,-71.64307484657381,-71.64307484657381
1402.2000393152236,-71.64866572042719,-71.64866572042719
1402.2100393152236,-71.65425550341686,-71.65425550341686
1402.2200393152236,-71.65984418566947,-71.65984418566947
1402.2300393152236,-71.66543175735517,-71.66543175735517
1402.2400393152236,-71.67101820867936,-71.67101820867936
1402.2500393152236,-71.67660352989229,-71.67660352989229
1402.2600393152236,-71.68218771128069,-71.68218771128069
1402.2700393152236,-71.68777074318083,-71.68777074318083
1402.2800393152238,-71.6933526159641,-71.6933526159641
1402.2900393152238,-71.698933320041,-71.698933320041
1402.3000393152238,-71.70451284587166,-71.70451284587166
1402.3100393152238,-71.71009118395139,-71.71009118395139
1402.3200393152238,-71.71566832480995,-71.71566832480995
1402.3300393152238,-71.72124425902601,-71.72124425902601
1402.3400393152237,-71.72681897721777,-71.72681897721777
1402.3500393152237,-71.73239247003862,-71.73239247003862
1402.3600393152237,-71.7379647281899,-71.7379647281899
1402.3700393152237,-71.74353574239966,-71.74353574239966
1402.3800393152237,-71.74910550345446,-71.74910550345446
1402.3900393152237,-71.75467400216311,-71.75467400216311
1402.4000393152237,-71.76024122938175,-71.76024122938175
1402.4100393152237,-71.76580717601394,-71.76580717601394
1402.4200393152237,-71.77137183298554,-71.77137183298554
1402.4300393152237,-71.776935191275,-71.776935191275
1402.4400393152237,-71.78249724189155,-71.78249724189155
1402.4500393152236,-71.78805797588812,-71.78805797588812
1402.4600393152236,-71.79361738435581,-71.79361738435581
1402.4700393152236,-71.79917545842683,-71.79917545842683
1402.4800393152236,-71.80473218926707,-71.80473218926707
1402.4900393152236,-71.81028756808982,-71.81028756808982
1402.5000393390656,-71.81584159935413,-71.81584159935413
1402.5100393390655,-71.82139424791285,-71.82139424791285
1402.5200393390655,-71.82694551829675,-71.82694551829675
1402.5300393390655,-71.83249540186232,-71.83249540186232
1402.5400393390655,-71.83804389001611,-71.83804389001611
1402.5500393390655,-71.8435909741927,-71.8435909741927
1402.5600393390655,-71.84913664586006,-71.84913664586006
1402.5700393390655,-71.85468089653716,-71.85468089653716
1402.5800393390655,-71.86022371777638,-71.86022371777638
1402.5900393390655,-71.86576510115431,-71.86576510115431
1402.6000393390655,-71.8713050382973,-71.8713050382973
1402.6100393390655,-71.87684352087143,-71.87684352087143
1402.6200393390654,-71.88238054057075,-71.88238054057075
1402.6300393390657,-71.88791608913034,-71.88791608913034
1402.6400393390657,-71.89345015832903,-71.89345015832903
1402.6500393390656,-71.89898273997142,-71.89898273997142
1402.6600393390656,-71.9045138258953,-71.9045138258953
1402.6700393390656,-71.9100434079851,-71.9100434079851
1402.6800393390656,-71.91557147816422,-71.91557147816422
1402.6900393390656,-71.92109802838378,-71.92109802838378
1402.7000393390656,-71.92662305063138,-71.92662305063138
1402.7100393390656,-71.93214653693953,-71.93214653693953
1402.7200393390656,-71.93766847936583,-71.93766847936583
1402.7300393390656,-71.94318887000964,-71.94318887000964
1402.7400393390656,-71.94870770100975,-71.94870770100975
1402.7500393390656,-71.95422496453547,-71.95422496453547
1402.7600393390655,-71.95974065279059,-71.95974065279059
1402.7700393390655,-71.96525475801624,-71.96525475801624
1402.7800393390655,-71.97076727248754,-71.97076727248754
1402.7900393390655,-71.9762781885124,-71.9762781885124
1402.8000393390655,-71.9817874984334,-71.9817874984334
1402.8100393390655,-71.98729519464499,-71.98729519464499
1402.8200393390655,-71.99280126955514,-71.99280126955514
1402.8300393390655,-71.9983057156147,-71.9983057156147
1402.8400393390655,-72.003808525311,-72.003808525311
1402.8500393390655,-72.00930969116146,-72.00930969116146
1402.8600393390655,-72.01480920573005,-72.01480920573005
1402.8700393390654,-72.02030706159817,-72.02030706159817
1402.8800393390657,-72.02580325138828,-72.02580325138828
1402.8900393390657,-72.03129776776146,-72.03129776776146
1402.9000393390656,-72.0367906033991,-72.0367906033991
1402.9100393390656,-72.04228175103603,-72.04228175103603
1402.9200393390656,-72.04777120343111,-72.04777120343111
1402.9300393390656,-72.05325895336772,-72.05325895336772
1402.9400393390656,-72.0587449936824,-72.0587449936824
1402.9500393390656,-72.0642293172272,-72.0642293172272
1402.9600393390656,-72.06971191689671,-72.06971191689671
1402.9700393390656,-72.0751927856188,-72.0751927856188
1402.9800393390656,-72.08067191635388,-72.08067191635388
1402.9900393390656,-72.08614930209343,-72.08614930209343
1403.0000393390656,-72.09162493586486,-72.09162493586486
1403.0100393390655,-72.09709881072088,-72.09709881072088
1403.0200393390655,-72.10257091975262,-72.10257091975262
1403.0300393390655,-72.1080412560869,-72.1080412560869
1403.0400393390655,-72.11350981287454,-72.11350981287454
1403.0500393390655,-72.11897658331455,-72.11897658331455
1403.0600393390655,-72.12444156061461,-72.12444156061461
1403.0700393390655,-72.12990473803954,-72.12990473803954
1403.0800393390655,-72.13536610885835,-72.13536610885835
1403.0900393390655,-72.14082566639559,-72.14082566639559
1403.1000393390655,-72.14628340401286,-72.14628340401286
1403.1100393390655,-72.15173931507613,-72.15173931507613
1403.1200393390654,-72.15719339300428,-72.15719339300428
1403.1300393390657,-72.16264563123376,-72.16264563123376
1403.1400393390657,-72.16809602324969,-72.16809602324969
1403.1500393390656,-72.17354456254937,-72.17354456254937
1403.1600393390656,-72.17899124267646,-72.17899124267646
1403.1700393390656,-72.18443605719467,-72.18443605719467
1403.1800393390656,-72.18987899971346,-72.18987899971346
1403.1900393390656,-72.19532006385958,-72.19532006385958
1403.2000393390656,-72.2007592432927,-72.2007592432927
1403.2100393390656,-72.20619653170412,-72.20619653170412
1403.2200393390656,-72.21163192282327,-72.21163192282327
1403.2300393390656,-72.21706541040369,-72.21706541040369
1403.2400393390656,-72.22249698822294,-72.22249698822294
1403.2500393390656,-72.2279266501061,-72.2279266501061
1403.2600393390655,-72.23335438988782,-72.23335438988782
1403.2700393390655,-72.23878020145393,-72.23878020145393
1403.2800393390655,-72.24420407870356,-72.24420407870356
1403.2900393390655,-72.24962601557262,-72.24962601557262
1403.3000393390655,-72.25504600603124,-72.25504600603124
1403.3100393390655,-72.26046404406708,-72.26046404406708
1403.3200393390655,-72.26588012371089,-72.26588012371089
1403.3300393390655,-72.27129423901269,-72.27129423901269
1403.3400393390655,-72.2767063840594,-72.2767063840594
1403.3500393629074,-72.28211656584382,-72.28211656584382
1403.3600393629074,-72.28752475275044,-72.28752475275044
1403.3700393629074,-72.29293095181717,-72.29293095181717
1403.3800393629074,-72.2983351572613,-72.2983351572613
1403.3900393629074,-72.30373736330152,-72.30373736330152
1403.4000393629074,-72.30913756419982,-72.30913756419982
1403.4100393629074,-72.31453575424979,-72.31453575424979
1403.4200393629073,-72.3199319277671,-72.3199319277671
1403.4300393629073,-72.32532607909644,-72.32532607909644
1403.4400393629073,-72.33071820260261,-72.33071820260261
1403.4500393629073,-72.33610829269232,-72.33610829269232
1403.4600393629073,-72.3414963437993,-72.3414963437993
1403.4700393629073,-72.34688235037875,-72.34688235037875
1403.4800393629075,-72.35226630691702,-72.35226630691702
1403.4900393629075,-72.35764820793118,-72.35764820793118
1403.5000393629075,-72.363028047957,-72.363028047957
1403.5100393629075,-72.36840582157085,-72.36840582157085
1403.5200393629075,-72.37378152337241,-72.37378152337241
1403.5300393629075,-72.37915514798173,-72.37915514798173
1403.5400393629075,-72.38452669005817,-72.38452669005817
1403.5500393629075,-72.38989614427818,-72.38989614427818
1403.5600393629074,-72.39526350535233,-72.39526350535233
1403.5700393629074,-72.40062876802399,-72.40062876802399
1403.5800393629074,-72.40599192704255,-72.40599192704255
1403.5900393629074,-72.41135297720255,-72.41135297720255
1403.6000393629074,-72.41671191332127,-72.41671191332127
1403.6100393629074,-72.42206873024459,-72.42206873024459
1403.6200393629074,-72.42742342283876,-72.42742342283876
1403.6300393629074,-72.43277598600146,-72.43277598600146
1403.6400393629074,-72.43812641466845,-72.43812641466845
1403.6500393629074,-72.4434747037774,-72.4434747037774
1403.6600393629074,-72.44882084831242,-72.44882084831242
1403.6700393629073,-72.4541648432717,-72.4541648432717
1403.6800393629073,-72.45950668369444,-72.45950668369444
1403.6900393629073,-72.4648463646321,-72.4648463646321
1403.7000393629073,-72.4701838811569,-72.4701838811569
1403.7100393629073,-72.47551922839412,-72.47551922839412
1403.7200393629073,-72.48085240146837,-72.48085240146837
1403.7300393629075,-72.48618339554204,-72.48618339554204
1403.7400393629075,-72.4915122058052,-72.4915122058052
1403.7500393629075,-72.4968388274648,-72.4968388274648
1403.7600393629075,-72.502163255757,-72.502163255757
1403.7700393629075,-72.507485485945,-72.507485485945
1403.7800393629075,-72.51280551331908,-72.51280551331908
1403.7900393629075,-72.51812333319182,-72.51812333319182
1403.8000393629075,-72.52343894090026,-72.52343894090026
1403.8100393629074,-72.52875233181656,-72.52875233181656
1403.8200393629074,-72.53406350131611,-72.53406350131611
1403.8300393629074,-72.53937244482543,-72.53937244482543
1403.8400393629074,-72.54467915777451,-72.54467915777451
1403.8500393629074,-72.5499836356312,-72.5499836356312
1403.8600393629074,-72.55528587388885,-72.55528587388885
1403.8700393629074,-72.56058586805382,-72.56058586805382
1403.8800393629074,-72.56588361366441,-72.56588361366441
1403.8900393629074,-72.57117910628767,-72.57117910628767
1403.9000393629074,-72.57647234150815,-72.57647234150815
1403.9100393629074,-72.58176331492955,-72.58176331492955
1403.9200393629073,-72.58705202219896,-72.58705202219896
1403.9300393629073,-72.59233845897211,-72.59233845897211
1403.9400393629073,-72.5976226209267,-72.5976226209267
1403.9500393629073,-72.60290450377329,-72.60290450377329
1403.9600393629073,-72.60818410323988,-72.60818410323988
1403.9700393629073,-72.61346141509074,-72.61346141509074
1403.9800393629075,-72.61873643509352,-72.61873643509352
1403.9900393629075,-72.62400915905931,-72.62400915905931
1404.0000393629075,-72.62927958281492,-72.62927958281492
1404.0100393629075,-72.6345477021998,-72.6345477021998
1404.0200393629075,-72.63981351309583,-72.63981351309583
1404.0300393629075,-72.6450770113948,-72.6450770113948
1404.0400393629075,-72.65033819301968,-72.65033819301968
1404.0500393629075,-72.65559705391041,-72.65559705391041
1404.0600393629074,-72.6608535900311,-72.6608535900311
1404.0700393629074,-72.6661077973785,-72.6661077973785
1404.0800393629074,-72.67135967195985,-72.67135967195985
1404.0900393629074,-72.67660920980589,-72.67660920980589
1404.1000393629074,-72.68185640698022,-72.68185640698022
1404.1100393629074,-72.68710125955602,-72.68710125955602
1404.1200393629074,-72.69234376363721,-72.69234376363721
1404.1300393629074,-72.6975839153596,-72.6975839153596
1404.1400393629074,-72.70282171084766,-72.70282171084766
1404.1500393629074,-72.70805714629105,-72.70805714629105
1404.1600393629074,-72.7132902178771,-72.7132902178771
1404.1700393629073,-72.71852092181483,-72.71852092181483
1404.1800393629073,-72.72374925434971,-72.72374925434971
1404.1900393629073,-72.72897521173563,-72.72897521173563
1404.2000393867493,-72.73419880268803,-72.73419880268803
1404.2100393867493,-72.7394199986448,-72.7394199986448
1404.2200393867492,-72.74463880835317,-72.74463880835317
1404.2300393867492,-72.74985522815912,-72.74985522815912
1404.2400393867492,-72.75506925443744,-72.75506925443744
1404.2500393867492,-72.76028088357755,-72.76028088357755
1404.2600393867492,-72.76549011198968,-72.76549011198968
1404.2700393867492,-72.77069693610223,-72.77069693610223
1404.2800393867492,-72.77590135237988,-72.77590135237988
1404.2900393867492,-72.7811033572903,-72.7811033572903
1404.3000393867492,-72.78630294732139,-72.78630294732139
1404.3100393867492,-72.79150011899756,-72.79150011899756
1404.3200393867492,-72.79669486885909,-72.79669486885909
1404.3300393867494,-72.8018871934623,-72.8018871934623
1404.3400393867494,-72.8070770893925,-72.8070770893925
1404.3500393867494,-72.81226455324338,-72.81226455324338
1404.3600393867493,-72.81744958163851,-72.81744958163851
1404.3700393867493,-72.82263217122437,-72.82263217122437
1404.3800393867493,-72.82781231865796,-72.82781231865796
1404.3900393867493,-72.83299002062226,-72.83299002062226
1404.4000393867493,-72.83816527383463,-72.83816527383463
1404.4100393867493,-72.84333807500536,-72.84333807500536
1404.4200393867493,-72.84850842088203,-72.84850842088203
1404.4300393867493,-72.85367630822917,-72.85367630822917
1404.4400393867493,-72.85884173383606,-72.85884173383606
1404.4500393867493,-72.86400469450486,-72.86400469450486
1404.4600393867493,-72.8691651870627,-72.8691651870627
1404.4700393867492,-72.87432320835393,-72.87432320835393
1404.4800393867492,-72.87947875524623,-72.87947875524623
1404.4900393867492,-72.88463182462375,-72.88463182462375
1404.5000393867492,-72.88978241338751,-72.88978241338751
1404.5100393867492,-72.89493051846397,-72.89493051846397
1404.5200393867492,-72.90007613679857,-72.90007613679857
1404.5300393867492,-72.90521926535187,-72.90521926535187
1404.5400393867492,-72.9103599011118,-72.9103599011118
1404.5500393867492,-72.91549804107377,-72.91549804107377
1404.5600393867492,-72.92063368226323,-72.92063368226323
1404.5700393867492,-72.92576682172029,-72.92576682172029
1404.5800393867494,-72.9308974565,-72.9308974565
1404.5900393867494,-72.93602558369238,-72.93602558369238
1404.6000393867494,-72.94115120039459,-72.94115120039459
1404.6100393867493,-72.9462743037148,-72.9462743037148
1404.6200393867493,-72.95139489079898,-72.95139489079898
1404.6300393867493,-72.95651295879408,-72.95651295879408
1404.6400393867493,-72.96162850487863,-72.96162850487863
1404.6500393867493,-72.96674152624958,-72.96674152624958
1404.6600393867493,-72.97185202010873,-72.97185202010873
1404.6700393867493,-72.97695998368981,-72.97695998368981
1404.6800393867493,-72.9820654142439,-72.9820654142439
1404.6900393867493,-72.98716830903457,-72.98716830903457
1404.7000393867493,-72.99226866534859,-72.99226866534859
1404.7100393867493,-72.99736648048986,-72.99736648048986
1404.7200393867492,-73.00246175177787,-73.00246175177787
1404.7300393867492,-73.00755447655405,-73.00755447655405
1404.7400393867492,-73.01264465216896,-73.01264465216896
1404.7500393867492,-73.01773227601261,-73.01773227601261
1404.7600393867492,-73.02281734546814,-73.02281734546814
1404.7700393867492,-73.02789985795181,-73.02789985795181
1404.7800393867492,-73.03297981089068,-73.03297981089068
1404.7900393867492,-73.03805720173162,-73.03805720173162
1404.8000393867492,-73.04313202794557,-73.04313202794557
1404.8100393867492,-73.04820428700904,-73.04820428700904
1404.8200393867492,-73.05327397642377,-73.05327397642377
1404.8300393867494,-73.05834109371058,-73.05834109371058
1404.8400393867494,-73.06340563640177,-73.06340563640177
1404.8500393867494,-73.0684676020508,-73.0684676020508
1404.8600393867493,-73.07352698822936,-73.07352698822936
1404.8700393867493,-73.0785837925198,-73.0785837925198
1404.8800393867493,-73.08363801253519,-73.08363801253519
1404.8900393867493,-73.08868964589715,-73.08868964589715
1404.9000393867493,-73.09373869023523,-73.09373869023523
1404.9100393867493,-73.09878514320863,-73.09878514320863
1404.9200393867493,-73.10382900249618,-73.10382900249618
1404.9300393867493,-73.10887026577412,-73.10887026577412
1404.9400393867493,-73.11390893077088,-73.11390893077088
1404.9500393867493,-73.11894499519613,-73.11894499519613
1404.9600393867493,-73.12397207107043,-73.12397207107043
1404.9700393867492,-73.12898735085027,-73.12898735085027
1404.9800393867492,-73.13398945903998,-73.13398945903998
1404.9900393867492,-73.13897768325027,-73.13897768325027
1405.0000393867492,-73.14395168078303,-73.14395168078303
1405.0100393867492,-73.14891132628574,-73.14891132628574
1405.0200393867492,-73.15385662250776,-73.15385662250776
1405.0300393867492,-73.15878764675651,-73.15878764675651
1405.0400393867492,-73.1637045186463,-73.1637045186463
1405.0500394105911,-73.16860739241031,-73.16860739241031
1405.0600394105911,-73.1734963986847,-73.1734963986847
1405.070039410591,-73.17837170778336,-73.17837170778336
1405.080039410591,-73.18323347903547,-73.18323347903547
1405.090039410591,-73.18808187027741,-73.18808187027741
1405.100039410591,-73.1929170367881,-73.1929170367881
1405.110039410591,-73.19773913078244,-73.19773913078244
1405.120039410591,-73.20254830131702,-73.20254830131702
1405.130039410591,-73.20734469439051,-73.20734469439051
1405.140039410591,-73.21212845314025,-73.21212845314025
1405.150039410591,-73.21689971810692,-73.21689971810692
1405.160039410591,-73.22165862748056,-73.22165862748056
1405.170039410591,-73.22640531734659,-73.22640531734659
1405.1800394105912,-73.23113992194348,-73.23113992194348
1405.1900394105912,-73.23586257382561,-73.23586257382561
1405.2000394105912,-73.24057340406775,-73.24057340406775
1405.2100394105912,-73.2452725424079,-73.2452725424079
1405.2200394105912,-73.249960117386,-73.249960117386
1405.2300394105912,-73.2546362564321,-73.2546362564321
1405.2400394105912,-73.25930108596158,-73.25930108596158
1405.2500394105912,-73.26395473143944,-73.26395473143944
1405.2600394105912,-73.26859731744753,-73.26859731744753
1405.2700394105912,-73.27322896772155,-73.27322896772155
1405.2800394105911,-73.2778498051833,-73.2778498051833
1405.2900394105911,-73.28245995196518,-73.28245995196518
1405.3000394105911,-73.28705952942582,-73.28705952942582
1405.3100394105911,-73.291648658158,-73.291648658158
1405.320039410591,-73.29622745801441,-73.29622745801441
1405.330039410591,-73.30079604808344,-73.30079604808344
1405.340039410591,-73.30535454669355,-73.30535454669355
1405.350039410591,-73.30990307142996,-73.30990307142996
1405.360039410591,-73.31444173908125,-73.31444173908125
1405.370039410591,-73.31897066569196,-73.31897066569196
1405.380039410591,-73.32348996650597,-73.32348996650597
1405.390039410591,-73.3279997559736,-73.3279997559736
1405.400039410591,-73.3325001477425,-73.3325001477425
1405.410039410591,-73.33699125463254,-73.33699125463254
1405.420039410591,-73.34147318864372,-73.34147318864372
1405.4300394105912,-73.34594606093967,-73.34594606093967
1405.4400394105912,-73.35040998181452,-73.35040998181452
1405.4500394105912,-73.35486506070441,-73.35486506070441
1405.4600394105912,-73.35931140617748,-73.35931140617748
1405.4700394105912,-73.3637491259063,-73.3637491259063
1405.4800394105912,-73.36817832666553,-73.36817832666553
1405.4900394105912,-73.37259911432574,-73.37259911432574
1405.5000394105912,-73.37701159384227,-73.37701159384227
1405.5100394105912,-73.38141586923874,-73.38141586923874
1405.5200394105912,-73.3858120436175,-73.3858120436175
1405.5300394105911,-73.39020021912884,-73.39020021912884
1405.5400394105911,-73.39458049698156,-73.39458049698156
1405.5500394105911,-73.39895297742562,-73.39895297742562
1405.5600394105911,-73.40331775974956,-73.40331775974956
1405.570039410591,-73.4076749422705,-73.4076749422705
1405.580039410591,-73.41202462235351,-73.41202462235351
1405.590039410591,-73.41636689637406,-73.41636689637406
1405.600039410591,-73.4207018597344,-73.4207018597344
1405.610039410591,-73.42502960686029,-73.42502960686029
1405.620039410591,-73.4293502311854,-73.4293502311854
1405.630039410591,-73.43366382516297,-73.43366382516297
1405.640039410591,-73.43797048025287,-73.43797048025287
1405.650039410591,-73.44227028694269,-73.44227028694269
1405.660039410591,-73.44656333471877,-73.44656333471877
1405.670039410591,-73.45084971208213,-73.45084971208213
1405.6800394105912,-73.45512950656087,-73.45512950656087
1405.6900394105912,-73.45940280467954,-73.45940280467954
1405.7000394105912,-73.46366969198601,-73.46366969198601
1405.7100394105912,-73.46793025304804,-73.46793025304804
1405.7200394105912,-73.47218457144174,-73.47218457144174
1405.7300394105912,-73.47643272978308,-73.47643272978308
1405.7400394105912,-73.48067480969972,-73.48067480969972
1405.7500394105912,-73.48491089186074,-73.48491089186074
1405.7600394105912,-73.48914105595468,-73.48914105595468
1405.7700394105912,-73.49336538071083,-73.49336538071083
1405.7800394105911,-73.49758394389896,-73.49758394389896
1405.7900394105911,-73.50179682234277,-73.50179682234277
1405.8000394105911,-73.50600409190253,-73.50600409190253
1405.8100394105911,-73.51020582750161,-73.51020582750161
1405.820039410591,-73.51440210312605,-73.51440210312605
1405.830039410591,-73.51859299181973,-73.51859299181973
1405.840039410591,-73.52277856569907,-73.52277856569907
1405.850039410591,-73.52695889597416,-73.52695889597416
1405.860039410591,-73.53113405291045,-73.53113405291045
1405.870039410591,-73.53530410588827,-73.53530410588827
1405.880039410591,-73.53946912337123,-73.53946912337123
1405.890039410591,-73.54362917293442,-73.54362917293442
1405.900039434433,-73.5477843311427,-73.5477843311427
1405.910039434433,-73.55193464401188,-73.55193464401188
1405.920039434433,-73.55608018635384,-73.55608018635384
1405.930039434433,-73.56022102221651,-73.56022102221651
1405.940039434433,-73.56435721479286,-73.56435721479286
1405.950039434433,-73.5684888264188,-73.5684888264188
1405.960039434433,-73.5726094951895,-73.5726094951895
1405.970039434433,-73.5767164611651,-73.5767164611651
1405.980039434433,-73.58080840442241,-73.58080840442241
1405.990039434433,-73.58488467138226,-73.58488467138226
1406.000039434433,-73.58894497950938,-73.58894497950938
1406.0100394344329,-73.59298926409069,-73.59298926409069
1406.0200394344329,-73.59701758844524,-73.59701758844524
1406.030039434433,-73.60103009001054,-73.60103009001054
1406.040039434433,-73.60502694792707,-73.60502694792707
1406.050039434433,-73.60900836357855,-73.60900836357855
1406.060039434433,-73.61297454898927,-73.61297454898927
1406.070039434433,-73.61692571999566,-73.61692571999566
1406.080039434433,-73.62086209229848,-73.62086209229848
1406.090039434433,-73.62478387928294,-73.62478387928294
1406.100039434433,-73.62869129094405,-73.62869129094405
1406.110039434433,-73.6325845333914,-73.6325845333914
1406.120039434433,-73.63646380875714,-73.63646380875714
1406.130039434433,-73.64032931530896,-73.64032931530896
1406.140039434433,-73.64418124768235,-73.64418124768235
1406.150039434433,-73.64801979711514,-73.64801979711514
1406.160039434433,-73.65184515172623,-73.65184515172623
1406.170039434433,-73.65565749679975,-73.65565749679975
1406.180039434433,-73.65945701499098,-73.65945701499098
1406.190039434433,-73.66324388655353,-73.66324388655353
1406.200039434433,-73.66701828953498,-73.66701828953498
1406.210039434433,-73.67078039993669,-73.67078039993669
1406.220039434433,-73.67453039184802,-73.67453039184802
1406.230039434433,-73.67826843755803,-73.67826843755803
1406.240039434433,-73.68199470764651,-73.68199470764651
1406.250039434433,-73.68570937108777,-73.68570937108777
1406.2600394344329,-73.68941259528044,-73.68941259528044
1406.2700394344329,-73.69310454613883,-73.69310454613883
1406.280039434433,-73.69678538809562,-73.69678538809562
1406.290039434433,-73.70045528417288,-73.70045528417288
1406.300039434433,-73.70411439595158,-73.70411439595158
1406.310039434433,-73.70776288366298,-73.70776288366298
1406.320039434433,-73.7114009061435,-73.7114009061435
1406.330039434433,-73.7150286208751,-73.7150286208751
1406.340039434433,-73.71864618397106,-73.71864618397106
1406.350039434433,-73.72225375020668,-73.72225375020668
1406.360039434433,-73.7258514729946,-73.7258514729946
1406.370039434433,-73.72943950438733,-73.72943950438733
1406.380039434433,-73.73301799508756,-73.73301799508756
1406.390039434433,-73.73658709444157,-73.73658709444157
1406.400039434433,-73.74014695042602,-73.74014695042602
1406.410039434433,-73.74369770965174,-73.74369770965174
1406.420039434433,-73.74723951736367,-73.74723951736367
1406.430039434433,-73.75077251741594,-73.75077251741594
1406.440039434433,-73.75429685228856,-73.75429685228856
1406.450039434433,-73.75781266306728,-73.75781266306728
1406.460039434433,-73.76132008945952,-73.76132008945952
1406.470039434433,-73.76481926977284,-73.76481926977284
1406.480039434433,-73.76831034091147,-73.76831034091147
1406.490039434433,-73.77179343838147,-73.77179343838147
1406.500039434433,-73.77526869628299,-73.77526869628299
1406.5100394344329,-73.7787362473085,-73.7787362473085
1406.5200394344329,-73.78219622274159,-73.78219622274159
1406.530039434433,-73.78564875246055,-73.78564875246055
1406.540039434433,-73.78909396491542,-73.78909396491542
1406.550039434433,-73.79253198715782,-73.79253198715782
1406.560039434433,-73.79596294484178,-73.79596294484178
1406.570039434433,-73.79938696218082,-73.79938696218082
1406.580039434433,-73.80280416200983,-73.80280416200983
1406.590039434433,-73.8062146657265,-73.8062146657265
1406.600039434433,-73.80961859335092,-73.80961859335092
1406.610039434433,-73.81301606349184,-73.81301606349184
1406.620039434433,-73.81640719334754,-73.81640719334754
1406.630039434433,-73.8197920987425,-73.8197920987425
1406.640039434433,-73.82317089409752,-73.82317089409752
1406.650039434433,-73.82654369245637,-73.82654369245637
1406.660039434433,-73.82991060546826,-73.82991060546826
1406.670039434433,-73.83327174342531,-73.83327174342531
1406.680039434433,-73.83662721523949,-73.83662721523949
1406.690039434433,-73.83997712846069,-73.83997712846069
1406.700039434433,-73.84332158929888,-73.84332158929888
1406.710039434433,-73.84666070259426,-73.84666070259426
1406.720039434433,-73.8499945718586,-73.8499945718586
1406.730039434433,-73.85332329925917,-73.85332329925917
1406.740039434433,-73.85664698565387,-73.85664698565387
1406.7500394582748,-73.85996573847825,-73.85996573847825
1406.7600394582748,-73.86327964014421,-73.86327964014421
1406.7700394582748,-73.86658879547612,-73.86658879547612
1406.7800394582748,-73.86989330011232,-73.86989330011232
1406.7900394582748,-73.87319324841103,-73.87319324841103
1406.8000394582748,-73.87648873344226,-73.87648873344226
1406.8100394582748,-73.87977984702378,-73.87977984702378
1406.8200394582748,-73.88306667972448,-73.88306667972448
1406.8300394582748,-73.88634932085895,-73.88634932085895
1406.8400394582748,-73.88962785852266,-73.88962785852266
1406.8500394582748,-73.89290237958544,-73.89290237958544
1406.8600394582747,-73.89617296969178,-73.89617296969178
1406.8700394582747,-73.8994397132998,-73.8994397132998
1406.880039458275,-73.90270269367171,-73.90270269367171
1406.890039458275,-73.90596199288196,-73.90596199288196
1406.900039458275,-73.90921769185208,-73.90921769185208
1406.910039458275,-73.91246987032733,-73.91246987032733
1406.920039458275,-73.91571860692306,-73.91571860692306
1406.930039458275,-73.91896397910622,-73.91896397910622
1406.940039458275,-73.92220606322398,-73.92220606322398
1406.950039458275,-73.92544493449584,-73.92544493449584
1406.9600394582749,-73.92867421428925,-73.92867421428925
1406.9700394582749,-73.93189114370776,-73.93189114370776
1406.9800394582749,-73.93509441073643,-73.93509441073643
1406.9900394582749,-73.93828337265053,-73.93828337265053
1407.0000394582748,-73.94145775934085,-73.94145775934085
1407.0100394582748,-73.94461751925255,-73.94461751925255
1407.0200394582748,-73.94776272917184,-73.94776272917184
1407.0300394582748,-73.95089354003974,-73.95089354003974
1407.0400394582748,-73.9540101443548,-73.9540101443548
1407.0500394582748,-73.95711275663946,-73.95711275663946
1407.0600394582748,-73.96020160176388,-73.96020160176388
1407.0700394582748,-73.96327690808062,-73.96327690808062
1407.0800394582748,-73.96633890348859,-73.96633890348859
1407.0900394582748,-73.96938781324734,-73.96938781324734
1407.1000394582748,-73.97242385888583,-73.97242385888583
1407.1100394582747,-73.97544725772407,-73.97544725772407
1407.1200394582747,-73.97845822281074,-73.97845822281074
1407.130039458275,-73.98145696301317,-73.98145696301317
1407.140039458275,-73.9844436832692,-73.9844436832692
1407.150039458275,-73.98741858484651,-73.98741858484651
1407.160039458275,-73.99038186560735,-73.99038186560735
1407.170039458275,-73.99333372031398,-73.99333372031398
1407.180039458275,-73.99627434083249,-73.99627434083249
1407.190039458275,-73.99920391640666,-73.99920391640666
1407.200039458275,-74.00212263380175,-74.00212263380175
1407.2100394582749,-74.00503067749939,-74.00503067749939
1407.2200394582749,-74.00792822985568,-74.00792822985568
1407.2300394582749,-74.01081547118116,-74.01081547118116
1407.2400394582749,-74.01369257987395,-74.01369257987395
1407.2500394582748,-74.01655973249915,-74.01655973249915
1407.2600394582748,-74.01941710385191,-74.01941710385191
1407.2700394582748,-74.02226486702499,-74.02226486702499
1407.2800394582748,-74.02510319342683,-74.02510319342683
1407.2900394582748,-74.02793225285829,-74.02793225285829
1407.3000394582748,-74.03075221351826,-74.03075221351826
1407.3100394582748,-74.03356324203108,-74.03356324203108
1407.3200394582748,-74.03636550345509,-74.03636550345509
1407.3300394582748,-74.0391591613175,-74.0391591613175
1407.3400394582748,-74.04194437759918,-74.04194437759918
1407.3500394582748,-74.04472131275826,-74.04472131275826
1407.3600394582747,-74.04749012572752,-74.04749012572752
1407.3700394582747,-74.05025097392051,-74.05025097392051
1407.380039458275,-74.05300401323075,-74.05300401323075
1407.390039458275,-74.05574939803094,-74.05574939803094
1407.400039458275,-74.05848728116516,-74.05848728116516
1407.410039458275,-74.06121781395848,-74.06121781395848
1407.420039458275,-74.06394114621295,-74.06394114621295
1407.430039458275,-74.06665742620257,-74.06665742620257
1407.440039458275,-74.06936680066727,-74.06936680066727
1407.450039458275,-74.07206941482394,-74.07206941482394
1407.4600394582749,-74.07476541235344,-74.07476541235344
1407.4700394582749,-74.0774549353941,-74.0774549353941
1407.4800394582749,-74.0801381245469,-74.0801381245469
1407.4900394582749,-74.08281511889187,-74.08281511889187
1407.5000394582748,-74.08548605596124,-74.08548605596124
1407.5100394582748,-74.08815107175342,-74.08815107175342
1407.5200394582748,-74.09081030071913,-74.09081030071913
1407.5300394582748,-74.09346387578293,-74.09346387578293
1407.5400394582748,-74.09611192833174,-74.09611192833174
1407.5500394582748,-74.0987545882177,-74.0987545882177
1407.5600394582748,-74.10139198376025,-74.10139198376025
1407.5700394582748,-74.1040242417558,-74.1040242417558
1407.5800394582748,-74.1066514874778,-74.1066514874778
1407.5900394582748,-74.10927384466957,-74.10927384466957
1407.6000394821167,-74.11189144180572,-74.11189144180572
1407.6100394821167,-74.11450438713025,-74.11450438713025
1407.6200394821167,-74.11711280610051,-74.11711280610051
1407.6300394821167,-74.11971681642893,-74.11971681642893
1407.6400394821167,-74.12231653434289,-74.12231653434289
1407.6500394821167,-74.12491207456833,-74.12491207456833
1407.6600394821166,-74.12750355035996,-74.12750355035996
1407.6700394821166,-74.13009107349822,-74.13009107349822
1407.6800394821166,-74.13267475429085,-74.13267475429085
1407.6900394821166,-74.13525470159183,-74.13525470159183
1407.7000394821166,-74.13783102279967,-74.13783102279967
1407.7100394821166,-74.14039735405349,-74.14039735405349
1407.7200394821166,-74.1429509617571,-74.1429509617571
1407.7300394821168,-74.14549056308974,-74.14549056308974
1407.7400394821168,-74.14801554611665,-74.14801554611665
1407.7500394821168,-74.1505256721989,-74.1505256721989
1407.7600394821168,-74.15302092152216,-74.15302092152216
1407.7700394821168,-74.15550140255596,-74.15550140255596
1407.7800394821168,-74.1579672977196,-74.1579672977196
1407.7900394821168,-74.16041883067268,-74.16041883067268
1407.8000394821167,-74.16285624672363,-74.16285624672363
1407.8100394821167,-74.16527980110578,-74.16527980110578
1407.8200394821167,-74.16768975212597,-74.16768975212597
1407.8300394821167,-74.17008635717521,-74.17008635717521
1407.8400394821167,-74.1724698705774,-74.1724698705774
1407.8500394821167,-74.1748405424832,-74.1748405424832
1407.8600394821167,-74.1771986183947,-74.1771986183947
1407.8700394821167,-74.17954433911424,-74.17954433911424
1407.8800394821167,-74.18187794084199,-74.18187794084199
1407.8900394821167,-74.1841996554226,-74.1841996554226
1407.9000394821167,-74.18650971060302,-74.18650971060302
1407.9100394821166,-74.18880833035529,-74.18880833035529
1407.9200394821166,-74.191095735116,-74.191095735116
1407.9300394821166,-74.1933721420438,-74.1933721420438
1407.9400394821166,-74.19563776527798,-74.19563776527798
1407.9500394821166,-74.19789281609998,-74.19789281609998
1407.9600394821166,-74.20013750311996,-74.20013750311996
1407.9700394821166,-74.20237203243902,-74.20237203243902
1407.9800394821168,-74.20459660775387,-74.20459660775387
1407.9900394821168,-74.20681143048539,-74.20681143048539
1408.0000394821168,-74.20901669983677,-74.20901669983677
1408.0100394821168,-74.21121261288987,-74.21121261288987
1408.0200394821168,-74.21339936468097,-74.21339936468097
1408.0300394821168,-74.21557714820392,-74.21557714820392
1408.0400394821168,-74.2177461544982,-74.2177461544982
1408.0500394821167,-74.21990657264675,-74.21990657264675
1408.0600394821167,-74.22205858982456,-74.22205858982456
1408.0700394821167,-74.22420239131877,-74.22420239131877
1408.0800394821167,-74.22633816053019,-74.22633816053019
1408.0900394821167,-74.22846607899818,-74.22846607899818
1408.1000394821167,-74.23058632641168,-74.23058632641168
1408.1100394821167,-74.23269908060954,-74.23269908060954
1408.1200394821167,-74.23480451759603,-74.23480451759603
1408.1300394821167,-74.23690281153459,-74.23690281153459
1408.1400394821167,-74.23899413476238,-74.23899413476238
1408.1500394821167,-74.24107865778774,-74.24107865778774
1408.1600394821166,-74.2431565492815,-74.2431565492815
1408.1700394821166,-74.24522797610375,-74.24522797610375
1408.1800394821166,-74.24729310326792,-74.24729310326792
1408.1900394821166,-74.24935209399632,-74.24935209399632
1408.2000394821166,-74.25140510965731,-74.25140510965731
1408.2100394821166,-74.25344583141008,-74.25344583141008
1408.2200394821166,-74.25547157621807,-74.25547157621807
1408.2300394821168,-74.25748111370261,-74.25748111370261
1408.2400394821168,-74.25947388500593,-74.25947388500593
1408.2500394821168,-74.26144970472247,-74.26144970472247
1408.2600394821168,-74.26340860614535,-74.26340860614535
1408.2700394821168,-74.26535075060085,-74.26535075060085
1408.2800394821168,-74.26727637298247,-74.26727637298247
1408.2900394821168,-74.26918574900793,-74.26918574900793
1408.3000394821167,-74.27107917554873,-74.27107917554873
1408.3100394821167,-74.27295695891854,-74.27295695891854
1408.3200394821167,-74.2748194079879,-74.2748194079879
1408.3300394821167,-74.2766668301994,-74.2766668301994
1408.3400394821167,-74.27849952937694,-74.27849952937694
1408.3500394821167,-74.28031780464858,-74.28031780464858
1408.3600394821167,-74.28212194998616,-74.28212194998616
1408.3700394821167,-74.28391225411013,-74.28391225411013
1408.3800394821167,-74.28568900059346,-74.28568900059346
1408.3900394821167,-74.28745246814803,-74.28745246814803
1408.4000394821167,-74.28920293084953,-74.28920293084953
1408.4100394821166,-74.29094065845229,-74.29094065845229
1408.4200394821166,-74.29266591666561,-74.29266591666561
1408.4300394821166,-74.29437896740102,-74.29437896740102
1408.4400394821166,-74.29608006898764,-74.29608006898764
1408.4500395059586,-74.29776948041867,-74.29776948041867
1408.4600395059585,-74.29944744540468,-74.29944744540468
1408.4700395059585,-74.30111421673992,-74.30111421673992
1408.4800395059585,-74.30277004024603,-74.30277004024603
1408.4900395059585,-74.30441515892964,-74.30441515892964
1408.5000395059585,-74.3060498130951,-74.3060498130951
1408.5100395059585,-74.30767424037968,-74.30767424037968
1408.5200395059585,-74.30928867587292,-74.30928867587292
1408.5300395059585,-74.31089335211273,-74.31089335211273
1408.5400395059585,-74.31248849917058,-74.31248849917058
1408.5500395059585,-74.3140743446507,-74.3140743446507
1408.5600395059585,-74.31565111375625,-74.31565111375625
1408.5700395059584,-74.31721902927174,-74.31721902927174
1408.5800395059587,-74.31877831162899,-74.31877831162899
1408.5900395059587,-74.32032917888336,-74.32032917888336
1408.6000395059586,-74.32187184674262,-74.32187184674262
1408.6100395059586,-74.32340652859062,-74.32340652859062
1408.6200395059586,-74.32493343547272,-74.32493343547272
1408.6300395059586,-74.32645277611034,-74.32645277611034
1408.6400395059586,-74.32796475691116,-74.32796475691116
1408.6500395059586,-74.32946958198642,-74.32946958198642
1408.6600395059586,-74.3309674531322,-74.3309674531322
1408.6700395059586,-74.3324585698573,-74.3324585698573
1408.6800395059586,-74.33394312936393,-74.33394312936393
1408.6900395059586,-74.33542132658238,-74.33542132658238
1408.7000395059586,-74.33689335414088,-74.33689335414088
1408.7100395059585,-74.338359402409,-74.338359402409
1408.7200395059585,-74.33981965948017,-74.33981965948017
1408.7300395059585,-74.3412743111728,-74.3412743111728
1408.7400395059585,-74.3427235410501,-74.3427235410501
1408.7500395059585,-74.34416753043394,-74.34416753043394
1408.7600395059585,-74.3456064583853,-74.3456064583853
1408.7700395059585,-74.34704050172924,-74.34704050172924
1408.7800395059585,-74.34846983507364,-74.34846983507364
1408.7900395059585,-74.34989463079432,-74.34989463079432
1408.8000395059585,-74.35131505906686,-74.35131505906686
1408.8100395059585,-74.35273128785931,-74.35273128785931
1408.8200395059584,-74.35414348294485,-74.35414348294485
1408.8300395059587,-74.35555180792039,-74.35555180792039
1408.8400395059587,-74.3569564242255,-74.3569564242255
1408.8500395059586,-74.3583574911214,-74.3583574911214
1408.8600395059586,-74.35975516574179,-74.35975516574179
1408.8700395059586,-74.36114960307415,-74.36114960307415
1408.8800395059586,-74.36254095599853,-74.36254095599853
1408.8900395059586,-74.36392937529554,-74.36392937529554
1408.9000395059586,-74.36531500963667,-74.36531500963667
1408.9100395059586,-74.36669800562218,-74.36669800562218
1408.9200395059586,-74.36807850779773,-74.36807850779773
1408.9300395059586,-74.36945665865022,-74.36945665865022
1408.9400395059586,-74.37083259863975,-74.37083259863975
1408.9500395059586,-74.3722064662151,-74.3722064662151
1408.9600395059585,-74.37357839781136,-74.37357839781136
1408.9700395059585,-74.37494852788518,-74.37494852788518
1408.9800395059585,-74.3763169889182,-74.3763169889182
1408.9900395059585,-74.37768391145434,-74.37768391145434
1409.0000395059585,-74.37904942408477,-74.37904942408477
1409.0100395059585,-74.38041365348897,-74.38041365348897
1409.0200395059585,-74.38177672444556,-74.38177672444556
1409.0300395059585,-74.38313875985182,-74.38313875985182
1409.0400395059585,-74.38449988073471,-74.38449988073471
1409.0500395059585,-74.38586020626609,-74.38586020626609
1409.0600395059585,-74.3872198537879,-74.3872198537879
1409.0700395059584,-74.38857893884263,-74.38857893884263
1409.0800395059587,-74.38993757515469,-74.38993757515469
1409.0900395059587,-74.39129587468265,-74.39129587468265
1409.1000395059586,-74.39265394762725,-74.39265394762725
1409.1100395059586,-74.39401190243741,-74.39401190243741
1409.1200395059586,-74.39536984584028,-74.39536984584028
1409.1300395059586,-74.39672788285935,-74.39672788285935
1409.1400395059586,-74.39808611683299,-74.39808611683299
1409.1500395059586,-74.39944464941607,-74.39944464941607
1409.1600395059586,-74.4008035806175,-74.4008035806175
1409.1700395059586,-74.40216300882187,-74.40216300882187
1409.1800395059586,-74.40352303078667,-74.40352303078667
1409.1900395059586,-74.40488374167782,-74.40488374167782
1409.2000395059586,-74.40624523507431,-74.40624523507431
1409.2100395059585,-74.40760760300138,-74.40760760300138
1409.2200395059585,-74.40897093593387,-74.40897093593387
1409.2300395059585,-74.4103353228223,-74.4103353228223
1409.2400395059585,-74.41170085110849,-74.41170085110849
1409.2500395059585,-74.41306760674165,-74.41306760674165
1409.2600395059585,-74.41443567420376,-74.41443567420376
1409.2700395059585,-74.41580513650926,-74.41580513650926
1409.2800395059585,-74.41717607524615,-74.41717607524615
1409.2900395059585,-74.41854857057162,-74.41854857057162
1409.3000395298004,-74.41992270452634,-74.41992270452634
1409.3100395298004,-74.42129854795051,-74.42129854795051
1409.3200395298004,-74.42267618009873,-74.42267618009873
1409.3300395298004,-74.42405567562531,-74.42405567562531
1409.3400395298004,-74.42543710784676,-74.42543710784676
1409.3500395298004,-74.42682054875787,-74.42682054875787
1409.3600395298004,-74.42820606905595,-74.42820606905595
1409.3700395298004,-74.42959373814432,-74.42959373814432
1409.3800395298003,-74.43098362416153,-74.43098362416153
1409.3900395298003,-74.43237579399623,-74.43237579399623
1409.4000395298003,-74.43377031328778,-74.43377031328778
1409.4100395298003,-74.43516724646744,-74.43516724646744
1409.4200395298003,-74.43656665675603,-74.43656665675603
1409.4300395298005,-74.43796860618566,-74.43796860618566
1409.4400395298005,-74.43937315560224,-74.43937315560224
1409.4500395298005,-74.44078036471106,-74.44078036471106
1409.4600395298005,-74.44219029206887,-74.44219029206887
1409.4700395298005,-74.44360299509525,-74.44360299509525
1409.4800395298005,-74.4450185301034,-74.4450185301034
1409.4900395298005,-74.44643695230643,-74.44643695230643
1409.5000395298005,-74.44785831582922,-74.44785831582922
1409.5100395298005,-74.44928267373145,-74.44928267373145
1409.5200395298004,-74.45071007801714,-74.45071007801714
1409.5300395298004,-74.45214057964509,-74.45214057964509
1409.5400395298004,-74.45357422855021,-74.45357422855021
1409.5500395298004,-74.45501107366228,-74.45501107366228
1409.5600395298004,-74.45645116290326,-74.45645116290326
1409.5700395298004,-74.45789454320884,-74.45789454320884
1409.5800395298004,-74.45934126054114,-74.45934126054114
1409.5900395298004,-74.46079135990793,-74.46079135990793
1409.6000395298004,-74.46224488536849,-74.46224488536849
1409.6100395298004,-74.46370188006141,-74.46370188006141
1409.6200395298004,-74.46516238618976,-74.46516238618976
1409.6300395298003,-74.46662644505415,-74.46662644505415
1409.6400395298003,-74.46809409706847,-74.46809409706847
1409.6500395298003,-74.46956538175884,-74.46956538175884
1409.6600395298003,-74.47104033778048,-74.47104033778048
1409.6700395298003,-74.47251900293026,-74.47251900293026
1409.6800395298005,-74.4740014141673,-74.4740014141673
1409.6900395298005,-74.47548760761568,-74.47548760761568
1409.7000395298005,-74.4769776185695,-74.4769776185695
1409.7100395298005,-74.4784714815189,-74.4784714815189
1409.7200395298005,-74.47996923016998,-74.47996923016998
1409.7300395298005,-74.48147089741796,-74.48147089741796
1409.7400395298005,-74.48297651538901,-74.48297651538901
1409.7500395298005,-74.48448611545345,-74.48448611545345
1409.7600395298005,-74.48599972821452,-74.48599972821452
1409.7700395298004,-74.48751738354555,-74.48751738354555
1409.7800395298004,-74.48903911058281,-74.48903911058281
1409.7900395298004,-74.49056493773125,-74.49056493773125
1409.8000395298004,-74.4920948927027,-74.4920948927027
1409.8100395298004,-74.49362900249196,-74.49362900249196
1409.8200395298004,-74.49516729340971,-74.49516729340971
1409.8300395298004,-74.4967097910791,-74.4967097910791
1409.8400395298004,-74.49825652045435,-74.49825652045435
1409.8500395298004,-74.49980750583973,-74.49980750583973
1409.8600395298004,-74.50136277087175,-74.50136277087175
1409.8700395298004,-74.50292233855401,-74.50292233855401
1409.8800395298003,-74.50448623125628,-74.50448623125628
1409.8900395298003,-74.5060544707156,-74.5060544707156
1409.9000395298003,-74.5076270780678,-74.5076270780678
1409.9100395298003,-74.50920407382964,-74.50920407382964
1409.9200395298003,-74.51078547792233,-74.51078547792233
1409.9300395298005,-74.51237130970117,-74.51237130970117
1409.9400395298005,-74.51396158790818,-74.51396158790818
1409.9500395298005,-74.51555633074472,-74.51555633074472
1409.9600395298005,-74.51714905485464,-74.51714905485464
1409.9700395298005,-74.51873692777974,-74.51873692777974
1409.9800395298005,-74.52031857638491,-74.52031857638491
1409.9900395298005,-74.52189330277979,-74.52189330277979
1410.0000395298005,-74.52346078514117,-74.52346078514117
1410.0100395298005,-74.52502092234583,-74.52502092234583
1410.0200395298004,-74.52657374297118,-74.52657374297118
1410.0300395298004,-74.52811935059086,-74.52811935059086
1410.0400395298004,-74.5296578908955,-74.5296578908955
1410.0500395298004,-74.53118953196464,-74.53118953196464
1410.0600395298004,-74.5327144524978,-74.5327144524978
1410.0700395298004,-74.53423283489121,-74.53423283489121
1410.0800395298004,-74.53574486127422,-74.53574486127422
1410.0900395298004,-74.53725071134842,-74.53725071134842
1410.1000395298004,-74.53875056124159,-74.53875056124159
1410.1100395298004,-74.54024458309978,-74.54024458309978
1410.1200395298004,-74.54173294498955,-74.54173294498955
1410.1300395298003,-74.54321581104053,-74.54321581104053
1410.1400395298003,-74.54469334167106,-74.54469334167106
1410.1500395536423,-74.54616569738738,-74.54616569738738
1410.1600395536423,-74.54763302505864,-74.54763302505864
1410.1700395536423,-74.5490954792286,-74.5490954792286
1410.1800395536422,-74.55055320834198,-74.55055320834198
1410.1900395536422,-74.55200635849451,-74.55200635849451
1410.2000395536422,-74.55345507361523,-74.55345507361523
1410.2100395536422,-74.55489949567057,-74.55489949567057
1410.2200395536422,-74.55633976477674,-74.55633976477674
1410.2300395536422,-74.5577760193582,-74.5577760193582
1410.2400395536422,-74.55920839623626,-74.55920839623626
1410.2500395536422,-74.56063703072523,-74.56063703072523
1410.2600395536422,-74.56206205669402,-74.56206205669402
1410.2700395536422,-74.56348360663831,-74.56348360663831
1410.2800395536424,-74.56490181171903,-74.56490181171903
1410.2900395536424,-74.56631680179632,-74.56631680179632
1410.3000395536424,-74.56772870548409,-74.56772870548409
1410.3100395536424,-74.56913765012554,-74.56913765012554
1410.3200395536423,-74.57054376186079,-74.57054376186079
1410.3300395536423,-74.57194716561324,-74.57194716561324
1410.3400395536423,-74.57334798510267,-74.57334798510267
1410.3500395536423,-74.57474634285153,-74.57474634285153
1410.3600395536423,-74.57614236018858,-74.57614236018858
1410.3700395536423,-74.57753615724737,-74.57753615724737
1410.3800395536423,-74.5789278529671,-74.5789278529671
1410.3900395536423,-74.58031756509682,-74.58031756509682
1410.4000395536423,-74.58170541018353,-74.58170541018353
1410.4100395536423,-74.58309150357124,-74.58309150357124
1410.4200395536423,-74.58447595940322,-74.58447595940322
1410.4300395536422,-74.58585889060775,-74.58585889060775
1410.4400395536422,-74.58724040889581,-74.58724040889581
1410.4500395536422,-74.58862062477687,-74.58862062477687
1410.4600395536422,-74.58999314062162,-74.58999314062162
1410.4700395536422,-74.5913552127603,-74.5913552127603
1410.4800395536422,-74.59270555757557,-74.59270555757557
1410.4900395536422,-74.59404356666602,-74.59404356666602
1410.5000395536422,-74.59536900737402,-74.59536900737402
1410.5100395536422,-74.59668186725418,-74.59668186725418
1410.5200395536422,-74.59798226294068,-74.59798226294068
1410.5300395536424,-74.59927038542611,-74.59927038542611
1410.5400395536424,-74.60054646711603,-74.60054646711603
1410.5500395536424,-74.60181076207866,-74.60181076207866
1410.5600395536424,-74.60306353426336,-74.60306353426336
1410.5700395536423,-74.60430505057228,-74.60430505057228
1410.5800395536423,-74.60553557685525,-74.60553557685525
1410.5900395536423,-74.60675537574292,-74.60675537574292
1410.6000395536423,-74.60796470552329,-74.60796470552329
1410.6100395536423,-74.60916381970553,-74.60916381970553
1410.6200395536423,-74.6103529669217,-74.6103529669217
1410.6300395536423,-74.61153239105019,-74.61153239105019
1410.6400395536423,-74.6127023314671,-74.6127023314671
1410.6500395536423,-74.61386302332741,-74.61386302332741
1410.6600395536423,-74.6150146978363,-74.6150146978363
1410.6700395536423,-74.61615758253384,-74.61615758253384
1410.6800395536422,-74.61729190157713,-74.61729190157713
1410.6900395536422,-74.61841787592698,-74.61841787592698
1410.7000395536422,-74.61953572358065,-74.61953572358065
1410.7100395536422,-74.62063915089786,-74.62063915089786
1410.7200395536422,-74.62172551840725,-74.62172551840725
1410.7300395536422,-74.6227936460378,-74.6227936460378
1410.7400395536422,-74.62384302804954,-74.62384302804954
1410.7500395536422,-74.6248735334875,-74.6248735334875
1410.7600395536422,-74.62588525070099,-74.62588525070099
1410.7700395536422,-74.6268783962232,-74.6268783962232
1410.7800395536424,-74.62785326007453,-74.62785326007453
1410.7900395536424,-74.62881017284387,-74.62881017284387
1410.8000395536424,-74.62974948595763,-74.62974948595763
1410.8100395536424,-74.63067155994098,-74.63067155994098
1410.8200395536423,-74.63157675746324,-74.63157675746324
1410.8300395536423,-74.63246543938413,-74.63246543938413
1410.8400395536423,-74.6333379625773,-74.6333379625773
1410.8500395536423,-74.63419467881965,-74.63419467881965
1410.8600395536423,-74.63503593436674,-74.63503593436674
1410.8700395536423,-74.63586206984272,-74.63586206984272
1410.8800395536423,-74.63667342037304,-74.63667342037304
1410.8900395536423,-74.63747031583014,-74.63747031583014
1410.9000395536423,-74.63825308110806,-74.63825308110806
1410.9100395536423,-74.63902203642131,-74.63902203642131
1410.9200395536423,-74.63977749755833,-74.63977749755833
1410.9300395536422,-74.64051977613526,-74.64051977613526
1410.9400395536422,-74.64124917984115,-74.64124917984115
1410.9500395536422,-74.64196601262128,-74.64196601262128
1410.9600395536422,-74.6426705748534,-74.6426705748534
1410.9700395536422,-74.64336316347499,-74.64336316347499
1410.9800395536422,-74.64404407212591,-74.64404407212591
1410.9900395536422,-74.64471359125497,-74.64471359125497
1411.0000395774841,-74.64537200973392,-74.64537200973392
1411.0100395774841,-74.64601960866914,-74.64601960866914
1411.020039577484,-74.64665667094722,-74.64665667094722
1411.030039577484,-74.64728347489651,-74.64728347489651
1411.040039577484,-74.64790029593861,-74.64790029593861
1411.050039577484,-74.64850740661497,-74.64850740661497
1411.060039577484,-74.64910507662412,-74.64910507662412
1411.070039577484,-74.64969357281939,-74.64969357281939
1411.080039577484,-74.65027315923518,-74.65027315923518
1411.090039577484,-74.65084409709449,-74.65084409709449
1411.100039577484,-74.65140664482375,-74.65140664482375
1411.110039577484,-74.65196105805303,-74.65196105805303
1411.120039577484,-74.6525075896262,-74.6525075896262
1411.1300395774842,-74.65304648959986,-74.65304648959986
1411.1400395774842,-74.65357800524534,-74.65357800524534
1411.1500395774842,-74.65410238107366,-74.65410238107366
1411.1600395774842,-74.65461985880876,-74.65461985880876
1411.1700395774842,-74.65513067740439,-74.65513067740439
1411.1800395774842,-74.65563507304918,-74.65563507304918
1411.1900395774842,-74.65613327916917,-74.65613327916917
1411.2000395774842,-74.65662552642006,-74.65662552642006
1411.2100395774842,-74.65711204272004,-74.65711204272004
1411.2200395774842,-74.65759305322274,-74.65759305322274
1411.2300395774841,-74.65806878033462,-74.65806878033462
1411.2400395774841,-74.65853944373256,-74.65853944373256
1411.2500395774841,-74.65900526035551,-74.65900526035551
1411.2600395774841,-74.6594664444202,-74.6594664444202
1411.270039577484,-74.6599232074357,-74.6599232074357
1411.280039577484,-74.66037575819608,-74.66037575819608
1411.290039577484,-74.66082430279893,-74.66082430279893
1411.300039577484,-74.66126904465963,-74.66126904465963
1411.310039577484,-74.66171018452022,-74.66171018452022
1411.320039577484,-74.66214792045132,-74.66214792045132
1411.330039577484,-74.66258244789663,-74.66258244789663
1411.340039577484,-74.66301395963345,-74.66301395963345
1411.350039577484,-74.66344264583817,-74.66344264583817
1411.360039577484,-74.66386869406546,-74.66386869406546
1411.370039577484,-74.66429228929185,-74.66429228929185
1411.3800395774842,-74.66471361391707,-74.66471361391707
1411.3900395774842,-74.66513284776356,-74.66513284776356
1411.4000395774842,-74.6655501681263,-74.6655501681263
1411.4100395774842,-74.66596574976955,-74.66596574976955
1411.4200395774842,-74.66637976493779,-74.66637976493779
1411.4300395774842,-74.66679238340353,-74.66679238340353
1411.4400395774842,-74.66720377245767,-74.66720377245767
1411.4500395774842,-74.66761409693744,-74.66761409693744
1411.4600395774842,-74.66801700829605,-74.66801700829605
1411.4700395774842,-74.66840981516162,-74.66840981516162
1411.4800395774841,-74.66879128666275,-74.66879128666275
1411.4900395774841,-74.6691608666811,-74.6691608666811
1411.5000395774841,-74.66951837403593,-74.66951837403593
1411.5100395774841,-74.66986384682501,-74.66986384682501
1411.520039577484,-74.6701974511732,-74.6701974511732
1411.530039577484,-74.67051942645348,-74.67051942645348
1411.540039577484,-74.67083005234396,-74.67083005234396
1411.550039577484,-74.67112962903865,-74.67112962903865
1411.560039577484,-74.67141846549698,-74.67141846549698
1411.570039577484,-74.67169687250137,-74.67169687250137
1411.580039577484,-74.67196515872878,-74.67196515872878
1411.590039577484,-74.67222362854812,-74.67222362854812
1411.600039577484,-74.67247258097444,-74.67247258097444
1411.610039577484,-74.6727123092053,-74.6727123092053
1411.620039577484,-74.67294310058371,-74.67294310058371
1411.6300395774842,-74.67316523676216,-74.67316523676216
1411.6400395774842,-74.67337899394352,-74.67337899394352
1411.6500395774842,-74.67358464319348,-74.67358464319348
1411.6600395774842,-74.6737824507574,-74.6737824507574
1411.6700395774842,-74.6739726783664,-74.6739726783664
1411.6800395774842,-74.67415558349971,-74.67415558349971
1411.6900395774842,-74.67433141965735,-74.67433141965735
1411.7000395774842,-74.67450043655897,-74.67450043655897
1411.7100395774842,-74.67466288035341,-74.67466288035341
1411.7200395774842,-74.67481899380022,-74.67481899380022
1411.7300395774841,-74.67496901638494,-74.67496901638494
1411.7400395774841,-74.6751131844577,-74.6751131844577
1411.7500395774841,-74.67525173134918,-74.67525173134918
1411.7600395774841,-74.67538488743934,-74.67538488743934
1411.770039577484,-74.67551288026415,-74.67551288026415
1411.780039577484,-74.67563593455728,-74.67563593455728
1411.790039577484,-74.67575427231594,-74.67575427231594
1411.800039577484,-74.67586811283299,-74.67586811283299
1411.810039577484,-74.67597767277346,-74.67597767277346
1411.820039577484,-74.67608316616533,-74.67608316616533
1411.830039577484,-74.676184804458,-74.676184804458
1411.840039577484,-74.67628279654352,-74.67628279654352
1411.850039601326,-74.67637734899671,-74.67637734899671
1411.860039601326,-74.67646866520269,-74.67646866520269
1411.870039601326,-74.67655694672503,-74.67655694672503
1411.880039601326,-74.67664239242285,-74.67664239242285
1411.890039601326,-74.67672519867321,-74.67672519867321
1411.900039601326,-74.67680555940306,-74.67680555940306
1411.910039601326,-74.67688366610186,-74.67688366610186
1411.920039601326,-74.67695970781986,-74.67695970781986
1411.930039601326,-74.67703387119411,-74.67703387119411
1411.940039601326,-74.67710634045096,-74.67710634045096
1411.950039601326,-74.67717729743126,-74.67717729743126
1411.960039601326,-74.6772469215751,-74.6772469215751
1411.9700396013259,-74.67731538995386,-74.67731538995386
1411.980039601326,-74.67738287728697,-74.67738287728697
1411.990039601326,-74.67744955593095,-74.67744955593095
1412.000039601326,-74.67751559591575,-74.67751559591575
1412.010039601326,-74.67758116492685,-74.67758116492685
1412.020039601326,-74.67764642836318,-74.67764642836318
1412.030039601326,-74.67771154930541,-74.67771154930541
1412.040039601326,-74.67777668855241,-74.67777668855241
1412.050039601326,-74.6778420046261,-74.6778420046261
1412.060039601326,-74.67790765378653,-74.67790765378653
1412.070039601326,-74.67797379005354,-74.67797379005354
1412.080039601326,-74.67804056521805,-74.67804056521805
1412.090039601326,-74.67810812884282,-74.67810812884282
1412.100039601326,-74.6781766282988,-74.6781766282988
1412.110039601326,-74.67824620877487,-74.67824620877487
1412.120039601326,-74.67831701328015,-74.67831701328015
1412.130039601326,-74.67838918266949,-74.67838918266949
1412.140039601326,-74.67846285567259,-74.67846285567259
1412.150039601326,-74.67853816888316,-74.67853816888316
1412.160039601326,-74.678615256806,-74.678615256806
1412.170039601326,-74.67869425185494,-74.67869425185494
1412.180039601326,-74.67877528435741,-74.67877528435741
1412.190039601326,-74.67885848261528,-74.67885848261528
1412.200039601326,-74.67894397288737,-74.67894397288737
1412.210039601326,-74.67903187940637,-74.67903187940637
1412.2200396013259,-74.67912232442308,-74.67912232442308
1412.230039601326,-74.67921542819597,-74.67921542819597
1412.240039601326,-74.67931130903489,-74.67931130903489
1412.250039601326,-74.67941008329828,-74.67941008329828
1412.260039601326,-74.6795118654195,-74.6795118654195
1412.270039601326,-74.67961676793888,-74.67961676793888
1412.280039601326,-74.67972490149293,-74.67972490149293
1412.290039601326,-74.6798363748653,-74.6798363748653
1412.300039601326,-74.67995129499485,-74.67995129499485
1412.310039601326,-74.68006976697446,-74.68006976697446
1412.320039601326,-74.68019189410482,-74.68019189410482
1412.330039601326,-74.68031777788578,-74.68031777788578
1412.340039601326,-74.68044751805428,-74.68044751805428
1412.350039601326,-74.68058121259052,-74.68058121259052
1412.360039601326,-74.6807189577321,-74.6807189577321
1412.370039601326,-74.68086084801084,-74.68086084801084
1412.380039601326,-74.68100697627517,-74.68100697627517
1412.390039601326,-74.68115743367882,-74.68115743367882
1412.400039601326,-74.68131230972801,-74.68131230972801
1412.410039601326,-74.68147169229069,-74.68147169229069
1412.420039601326,-74.68163566761154,-74.68163566761154
1412.430039601326,-74.68180432035089,-74.68180432035089
1412.440039601326,-74.68197773356697,-74.68197773356697
1412.450039601326,-74.68215598876955,-74.68215598876955
1412.460039601326,-74.6823391659119,-74.6823391659119
1412.4700396013259,-74.68252734343974,-74.68252734343974
1412.480039601326,-74.68272059827716,-74.68272059827716
1412.490039601326,-74.68291900587697,-74.68291900587697
1412.500039601326,-74.6831226402001,-74.6831226402001
1412.510039601326,-74.6833315737739,-74.6833315737739
1412.520039601326,-74.68354587768805,-74.68354587768805
1412.530039601326,-74.68376562160581,-74.68376562160581
1412.540039601326,-74.68399087380531,-74.68399087380531
1412.550039601326,-74.68422170118083,-74.68422170118083
1412.560039601326,-74.68445816926312,-74.68445816926312
1412.570039601326,-74.6847003422372,-74.6847003422372
1412.580039601326,-74.6849482829645,-74.6849482829645
1412.590039601326,-74.68520205299713,-74.68520205299713
1412.600039601326,-74.68546171258333,-74.68546171258333
1412.610039601326,-74.68572732069819,-74.68572732069819
1412.620039601326,-74.68599893506031,-74.68599893506031
1412.630039601326,-74.68627661215346,-74.68627661215346
1412.640039601326,-74.68656040721702,-74.68656040721702
1412.650039601326,-74.68685037428838,-74.68685037428838
1412.660039601326,-74.68714656621734,-74.68714656621734
1412.670039601326,-74.68744903467069,-74.68744903467069
1412.680039601326,-74.68775783014469,-74.68775783014469
1412.690039601326,-74.68807300199869,-74.68807300199869
1412.7000396251678,-74.68839459922853,-74.68839459922853
1412.7100396251678,-74.68872266743367,-74.68872266743367
1412.7200396251678,-74.68905725335672,-74.68905725335672
1412.7300396251678,-74.68939840192822,-74.68939840192822
1412.7400396251678,-74.6897461570078,-74.6897461570078
1412.7500396251678,-74.69010056138372,-74.69010056138372
1412.7600396251678,-74.69046165682519,-74.69046165682519
1412.7700396251678,-74.69082948405999,-74.69082948405999
1412.7800396251678,-74.6912040828014,-74.6912040828014
1412.7900396251678,-74.69158549178067,-74.69158549178067
1412.8000396251678,-74.69197374872839,-74.69197374872839
1412.8100396251677,-74.6923688904198,-74.6923688904198
1412.8200396251677,-74.69277095265346,-74.69277095265346
1412.830039625168,-74.69317997030404,-74.69317997030404
1412.840039625168,-74.69359597731763,-74.69359597731763
1412.850039625168,-74.69401900670636,-74.69401900670636
1412.860039625168,-74.69444909059669,-74.69444909059669
1412.870039625168,-74.69488626021779,-74.69488626021779
1412.880039625168,-74.6953305459219,-74.6953305459219
1412.890039625168,-74.69578197718906,-74.69578197718906
1412.900039625168,-74.6962405826576,-74.6962405826576
1412.9100396251679,-74.69670639013216,-74.69670639013216
1412.9200396251679,-74.69717942656621,-74.69717942656621
1412.9300396251679,-74.69765971812043,-74.69765971812043
1412.9400396251679,-74.69814729013967,-74.69814729013967
1412.9500396251678,-74.69864216717451,-74.69864216717451
1412.9600396251678,-74.69914437300697,-74.69914437300697
1412.9700396251678,-74.69965393064012,-74.69965393064012
1412.9800396251678,-74.70017086231421,-74.70017086231421
1412.9900396251678,-74.7006951895423,-74.7006951895423
1413.0000396251678,-74.70122693308434,-74.70122693308434
1413.0100396251678,-74.70176611298041,-74.70176611298041
1413.0200396251678,-74.70231274855621,-74.70231274855621
1413.0300396251678,-74.70286685843504,-74.70286685843504
1413.0400396251678,-74.70342846054297,-74.70342846054297
1413.0500396251678,-74.70399757213733,-74.70399757213733
1413.0600396251677,-74.7045742097833,-74.7045742097833
1413.0700396251677,-74.70515838940202,-74.70515838940202
1413.080039625168,-74.70575012624487,-74.70575012624487
1413.090039625168,-74.7063494349328,-74.7063494349328
1413.100039625168,-74.70695632945473,-74.70695632945473
1413.110039625168,-74.7075708231687,-74.7075708231687
1413.120039625168,-74.70819292881166,-74.70819292881166
1413.130039625168,-74.7088226585353,-74.7088226585353
1413.140039625168,-74.70946002388446,-74.70946002388446
1413.150039625168,-74.71010503582443,-74.71010503582443
1413.1600396251679,-74.71075770472969,-74.71075770472969
1413.1700396251679,-74.71141804040839,-74.71141804040839
1413.1800396251679,-74.71208605213168,-74.71208605213168
1413.1900396251679,-74.7127617485907,-74.7127617485907
1413.2000396251678,-74.71344513794898,-74.71344513794898
1413.2100396251678,-74.71413622782394,-74.71413622782394
1413.2200396251678,-74.71483502532604,-74.71483502532604
1413.2300396251678,-74.71554153703313,-74.71554153703313
1413.2400396251678,-74.71625576900438,-74.71625576900438
1413.2500396251678,-74.71697772681462,-74.71697772681462
1413.2600396251678,-74.71770741553767,-74.71770741553767
1413.2700396251678,-74.71844483976155,-74.71844483976155
1413.2800396251678,-74.71919000358842,-74.71919000358842
1413.2900396251678,-74.71994291065849,-74.71994291065849
1413.3000396251678,-74.72070356413214,-74.72070356413214
1413.3100396251677,-74.72147196674379,-74.72147196674379
1413.3200396251677,-74.72224812073934,-74.72224812073934
1413.330039625168,-74.72303202794599,-74.72303202794599
1413.340039625168,-74.72382368974945,-74.72382368974945
1413.350039625168,-74.72462310710364,-74.72462310710364
1413.360039625168,-74.72543028054803,-74.72543028054803
1413.370039625168,-74.72624521019928,-74.72624521019928
1413.380039625168,-74.727067895767,-74.727067895767
1413.390039625168,-74.72789833656286,-74.72789833656286
1413.400039625168,-74.72873653149352,-74.72873653149352
1413.4100396251679,-74.72958247908618,-74.72958247908618
1413.4200396251679,-74.73043617747696,-74.73043617747696
1413.4300396251679,-74.73129762443317,-74.73129762443317
1413.4400396251679,-74.73216681734299,-74.73216681734299
1413.4500396251678,-74.7330437532269,-74.7330437532269
1413.4600396251678,-74.73392842876557,-74.73392842876557
1413.4700396251678,-74.73482084026453,-74.73482084026453
1413.4800396251678,-74.73572098369478,-74.73572098369478
1413.4900396251678,-74.73662885468259,-74.73662885468259
1413.5000396251678,-74.73754444850465,-74.73754444850465
1413.5100396251678,-74.73846776013222,-74.73846776013222
1413.5200396251678,-74.73939878419739,-74.73939878419739
1413.5300396251678,-74.7403375150107,-74.7403375150107
1413.5400396251678,-74.74128394656564,-74.74128394656564
1413.5500396490097,-74.74223807482731,-74.74223807482731
1413.5600396490097,-74.74319988866976,-74.74319988866976
1413.5700396490097,-74.74416938340748,-74.74416938340748
1413.5800396490097,-74.74514655184055,-74.74514655184055
1413.5900396490097,-74.74613138647075,-74.74613138647075
1413.6000396490097,-74.74712387952239,-74.74712387952239
1413.6100396490097,-74.74812402292652,-74.74812402292652
1413.6200396490096,-74.74913180835371,-74.74913180835371
1413.6300396490096,-74.75014722719415,-74.75014722719415
1413.6400396490096,-74.75117027057509,-74.75117027057509
1413.6500396490096,-74.75220092936226,-74.75220092936226
1413.6600396490096,-74.75323919416807,-74.75323919416807
1413.6700396490096,-74.75428505534835,-74.75428505534835
1413.6800396490098,-74.75533850301979,-74.75533850301979
1413.6900396490098,-74.7563995270384,-74.7563995270384
1413.7000396490098,-74.75746811703416,-74.75746811703416
1413.7100396490098,-74.75854426240699,-74.75854426240699
1413.7200396490098,-74.75962795231291,-74.75962795231291
1413.7300396490098,-74.76071917568214,-74.76071917568214
1413.7400396490098,-74.76181792122613,-74.76181792122613
1413.7500396490098,-74.76292417744564,-74.76292417744564
1413.7600396490097,-74.76403793261287,-74.76403793261287
1413.7700396490097,-74.76515917478979,-74.76515917478979
1413.7800396490097,-74.7662878918335,-74.7662878918335
1413.7900396490097,-74.76742407140425,-74.76742407140425
1413.8000396490097,-74.76856770095812,-74.76856770095812
1413.8100396490097,-74.7697187677402,-74.7697187677402
1413.8200396490097,-74.77087725881756,-74.77087725881756
1413.8300396490097,-74.77204316107107,-74.77204316107107
1413.8400396490097,-74.77321646119165,-74.77321646119165
1413.8500396490097,-74.77439714567619,-74.77439714567619
1413.8600396490097,-74.77558520085314,-74.77558520085314
1413.8700396490096,-74.7767806128751,-74.7767806128751
1413.8800396490096,-74.7779833677272,-74.7779833677272
1413.8900396490096,-74.77919345121002,-74.77919345121002
1413.9000396490096,-74.78041084896148,-74.78041084896148
1413.9100396490096,-74.78163554646797,-74.78163554646797
1413.9200396490096,-74.7828675290525,-74.7828675290525
1413.9300396490098,-74.78410678187034,-74.78410678187034
1413.9400396490098,-74.78535328993374,-74.78535328993374
1413.9500396490098,-74.78660703809511,-74.78660703809511
1413.9600396490098,-74.7878680110776,-74.7878680110776
1413.9700396490098,-74.78913619343034,-74.78913619343034
1413.9800396490098,-74.79041156958606,-74.79041156958606
1413.9900396490098,-74.7916941238221,-74.7916941238221
1414.0000396490098,-74.79298384028465,-74.79298384028465
1414.0100396490097,-74.79428070298192,-74.79428070298192
1414.0200396490097,-74.79558469580256,-74.79558469580256
1414.0300396490097,-74.79689580249598,-74.79689580249598
1414.0400396490097,-74.79821400669736,-74.79821400669736
1414.0500396490097,-74.79953929189041,-74.79953929189041
1414.0600396490097,-74.8008716414692,-74.8008716414692
1414.0700396490097,-74.80221103869647,-74.80221103869647
1414.0800396490097,-74.80355746671857,-74.80355746671857
1414.0900396490097,-74.80491090856991,-74.80491090856991
1414.1000396490097,-74.8062713471753,-74.8062713471753
1414.1100396490097,-74.80763876534444,-74.80763876534444
1414.1200396490096,-74.80901314578864,-74.80901314578864
1414.1300396490096,-74.81039447111621,-74.81039447111621
1414.1400396490096,-74.81178272382253,-74.81178272382253
1414.1500396490096,-74.81317788630537,-74.81317788630537
1414.1600396490096,-74.81457994088261,-74.81457994088261
1414.1700396490096,-74.81598886975537,-74.81598886975537
1414.1800396490098,-74.817404655045,-74.817404655045
1414.1900396490098,-74.8188272787834,-74.8188272787834
1414.2000396490098,-74.8202567228972,-74.8202567228972
1414.2100396490098,-74.82168644094357,-74.82168644094357
1414.2200396490098,-74.82311355358932,-74.82311355358932
1414.2300396490098,-74.82453664747406,-74.82453664747406
1414.2400396490098,-74.82595498775272,-74.82595498775272
1414.2500396490098,-74.82736821767311,-74.82736821767311
1414.2600396490097,-74.82877620253672,-74.82877620253672
1414.2700396490097,-74.83017893827437,-74.83017893827437
1414.2800396490097,-74.83157649652554,-74.83157649652554
1414.2900396490097,-74.83296899161378,-74.83296899161378
1414.3000396490097,-74.83435656071259,-74.83435656071259
1414.3100396490097,-74.83573935204146,-74.83573935204146
1414.3200396490097,-74.8371175179107,-74.8371175179107
1414.3300396490097,-74.83849121070928,-74.83849121070928
1414.3400396490097,-74.83986058073982,-74.83986058073982
1414.3500396490097,-74.84122577509093,-74.84122577509093
1414.3600396490097,-74.84258693720571,-74.84258693720571
1414.3700396490096,-74.84394420678187,-74.84394420678187
1414.3800396490096,-74.84529771992405,-74.84529771992405
1414.3900396490096,-74.84664760935148,-74.84664760935148
1414.4000396728516,-74.84799400790979,-74.84799400790979
1414.4100396728516,-74.84933703604302,-74.84933703604302
1414.4200396728515,-74.85067682128437,-74.85067682128437
1414.4300396728515,-74.85201348572117,-74.85201348572117
1414.4400396728515,-74.85334714939357,-74.85334714939357
1414.4500396728515,-74.8546779305364,-74.8546779305364
1414.4600396728515,-74.85600594570984,-74.85600594570984
1414.4700396728515,-74.85733130996671,-74.85733130996671
1414.4800396728515,-74.85865413698151,-74.85865413698151
1414.4900396728515,-74.85997453914064,-74.85997453914064
1414.5000396728515,-74.861292627628,-74.861292627628
1414.5100396728515,-74.86260851251518,-74.86260851251518
1414.5200396728515,-74.86392230278067,-74.86392230278067
1414.5300396728517,-74.86523410639519,-74.86523410639519
1414.5400396728517,-74.86654403031055,-74.86654403031055
1414.5500396728517,-74.86785218054446,-74.86785218054446
1414.5600396728516,-74.86915866214079,-74.86915866214079
1414.5700396728516,-74.87046357922007,-74.87046357922007
1414.5800396728516,-74.87176703498167,-74.87176703498167
1414.5900396728516,-74.87306913170329,-74.87306913170329
1414.6000396728516,-74.8743699707444,-74.8743699707444
1414.6100396728516,-74.87566965255846,-74.87566965255846
1414.6200396728516,-74.87696827667696,-74.87696827667696
1414.6300396728516,-74.87826594170483,-74.87826594170483
1414.6400396728516,-74.87956274533137,-74.87956274533137
1414.6500396728516,-74.88085878430017,-74.88085878430017
1414.6600396728516,-74.88215415442242,-74.88215415442242
1414.6700396728515,-74.8834489505737,-74.8834489505737
1414.6800396728515,-74.88474326665636,-74.88474326665636
1414.6900396728515,-74.88603719562013,-74.88603719562013
1414.7000396728515,-74.88733082945421,-74.88733082945421
1414.7100396728515,-74.88861772523947,-74.88861772523947
1414.7200396728515,-74.88989510951478,-74.88989510951478
1414.7300396728515,-74.89116167513644,-74.89116167513644
1414.7400396728515,-74.89241679318279,-74.89241679318279
1414.7500396728515,-74.89366021219365,-74.89366021219365
1414.7600396728515,-74.89489190206741,-74.89489190206741
1414.7700396728515,-74.89611196253631,-74.89611196253631
1414.7800396728517,-74.89732056820756,-74.89732056820756
1414.7900396728517,-74.89851793549244,-74.89851793549244
1414.8000396728517,-74.89970430277305,-74.89970430277305
1414.8100396728516,-74.90087991855971,-74.90087991855971
1414.8200396728516,-74.90204503454564,-74.90204503454564
1414.8300396728516,-74.90319990158952,-74.90319990158952
1414.8400396728516,-74.90434476750528,-74.90434476750528
1414.8500396728516,-74.90547987596686,-74.90547987596686
1414.8600396728516,-74.90660546604694,-74.90660546604694
1414.8700396728516,-74.90772177212885,-74.90772177212885
1414.8800396728516,-74.90882902402657,-74.90882902402657
1414.8900396728516,-74.90992744723006,-74.90992744723006
1414.9000396728516,-74.91101726319069,-74.91101726319069
1414.9100396728516,-74.9120986895756,-74.9120986895756
1414.9200396728515,-74.9131719405994,-74.9131719405994
1414.9300396728515,-74.91423722722679,-74.91423722722679
1414.9400396728515,-74.91529475743855,-74.91529475743855
1414.9500396728515,-74.9163447363998,-74.9163447363998
1414.9600396728515,-74.9173873666853,-74.9173873666853
1414.9700396728515,-74.918422848361,-74.918422848361
1414.9800396728515,-74.91945137915582,-74.91945137915582
1414.9900396728515,-74.92047315455294,-74.92047315455294
1415.0000396728515,-74.92148836787881,-74.92148836787881
1415.0100396728515,-74.92249721035505,-74.92249721035505
1415.0200396728515,-74.92349987119394,-74.92349987119394
1415.0300396728517,-74.92449653762557,-74.92449653762557
1415.0400396728517,-74.92548739493515,-74.92548739493515
1415.0500396728517,-74.926472626494,-74.926472626494
1415.0600396728516,-74.92745241379069,-74.92745241379069
1415.0700396728516,-74.92842693644643,-74.92842693644643
1415.0800396728516,-74.92939637223313,-74.92939637223313
1415.0900396728516,-74.93036089707148,-74.93036089707148
1415.1000396728516,-74.93132068504808,-74.93132068504808
1415.1100396728516,-74.93227590843819,-74.93227590843819
1415.1200396728516,-74.93322673766949,-74.93322673766949
1415.1300396728516,-74.93417334135869,-74.93417334135869
1415.1400396728516,-74.93511588630606,-74.93511588630606
1415.1500396728516,-74.93605453747871,-74.93605453747871
1415.1600396728516,-74.93698945803567,-74.93698945803567
1415.1700396728515,-74.93792080930275,-74.93792080930275
1415.1800396728515,-74.93884875079024,-74.93884875079024
1415.1900396728515,-74.9397734401875,-74.9397734401875
1415.2000396728515,-74.94069503335875,-74.94069503335875
1415.2100396728515,-74.94160714680783,-74.94160714680783
1415.2200396728515,-74.94250706834772,-74.94250706834772
1415.2300396728515,-74.94339355227994,-74.94339355227994
1415.2400396728515,-74.94426603075829,-74.94426603075829
1415.2500396966934,-74.94512431486241,-74.94512431486241
1415.2600396966934,-74.9459684301866,-74.9459684301866
1415.2700396966934,-74.94679853764852,-74.94679853764852
1415.2800396966934,-74.94761487018638,-74.94761487018638
1415.2900396966934,-74.94841770176134,-74.94841770176134
1415.3000396966934,-74.94920732752522,-74.94920732752522
1415.3100396966934,-74.94998405196988,-74.94998405196988
1415.3200396966934,-74.95074818198933,-74.95074818198933
1415.3300396966933,-74.95150002285459,-74.95150002285459
1415.3400396966933,-74.95223987604085,-74.95223987604085
1415.3500396966933,-74.95296803811262,-74.95296803811262
1415.3600396966933,-74.95368480027831,-74.95368480027831
1415.3700396966933,-74.954390448299,-74.954390448299
1415.3800396966935,-74.95508526263562,-74.95508526263562
1415.3900396966935,-74.9557695187021,-74.9557695187021
1415.4000396966935,-74.95644348712428,-74.95644348712428
1415.4100396966935,-74.95710743406836,-74.95710743406836
1415.4200396966935,-74.95776162150491,-74.95776162150491
1415.4300396966935,-74.9584063074947,-74.9584063074947
1415.4400396966935,-74.95904174640103,-74.95904174640103
1415.4500396966935,-74.95966818910539,-74.95966818910539
1415.4600396966935,-74.96028588320074,-74.96028588320074
1415.4700396966934,-74.96089507313492,-74.96089507313492
1415.4800396966934,-74.96149600035429,-74.96149600035429
1415.4900396966934,-74.96208890340212,-74.96208890340212
1415.5000396966934,-74.96267401802545,-74.96267401802545
1415.5100396966934,-74.96325157724951,-74.96325157724951
1415.5200396966934,-74.96382181145582,-74.96382181145582
1415.5300396966934,-74.96438494842212,-74.96438494842212
1415.5400396966934,-74.9649412133605,-74.9649412133605
1415.5500396966934,-74.96549082898333,-74.96549082898333
1415.5600396966934,-74.96603401553493,-74.96603401553493
1415.5700396966934,-74.96657099078631,-74.96657099078631
1415.5800396966933,-74.96710197007835,-74.96710197007835
1415.5900396966933,-74.967627166331,-74.967627166331
1415.6000396966933,-74.96814679008322,-74.96814679008322
1415.6100396966933,-74.9686610494731,-74.9686610494731
1415.6200396966933,-74.96917015026207,-74.96917015026207
1415.6300396966935,-74.96967429585426,-74.96967429585426
1415.6400396966935,-74.9701736872878,-74.9701736872878
1415.6500396966935,-74.97066852325004,-74.97066852325004
1415.6600396966935,-74.97115900008747,-74.97115900008747
1415.6700396966935,-74.97164531180532,-74.97164531180532
1415.6800396966935,-74.9721276500852,-74.9721276500852
1415.6900396966935,-74.97260620427679,-74.97260620427679
1415.7000396966935,-74.97308116141343,-74.97308116141343
1415.7100396966935,-74.97354616721275,-74.97354616721275
1415.7200396966934,-74.97399853997702,-74.97399853997702
1415.7300396966934,-74.97443706467115,-74.97443706467115
1415.7400396966934,-74.97486120389166,-74.97486120389166
1415.7500396966934,-74.97527079679384,-74.97527079679384
1415.7600396966934,-74.97566590283452,-74.97566590283452
1415.7700396966934,-74.9760467101137,-74.9760467101137
1415.7800396966934,-74.976413480369,-74.976413480369
1415.7900396966934,-74.9767665159008,-74.9767665159008
1415.8000396966934,-74.97710613969241,-74.97710613969241
1415.8100396966934,-74.9774326836036,-74.9774326836036
1415.8200396966934,-74.97774648139212,-74.97774648139212
1415.8300396966933,-74.97804786472241,-74.97804786472241
1415.8400396966933,-74.9783371609973,-74.9783371609973
1415.8500396966933,-74.97861469224398,-74.97861469224398
1415.8600396966933,-74.97888077467724,-74.97888077467724
1415.8700396966933,-74.9791357186312,-74.9791357186312
1415.8800396966935,-74.97937982869401,-74.97937982869401
1415.8900396966935,-74.9796134039727,-74.9796134039727
1415.9000396966935,-74.97983673838175,-74.97983673838175
1415.9100396966935,-74.98005012094693,-74.98005012094693
1415.9200396966935,-74.98025383610556,-74.98025383610556
1415.9300396966935,-74.98044816396246,-74.98044816396246
1415.9400396966935,-74.98063338056146,-74.98063338056146
1415.9500396966935,-74.98080975807997,-74.98080975807997
1415.9600396966935,-74.98097756500493,-74.98097756500493
1415.9700396966934,-74.98113706632299,-74.98113706632299
1415.9800396966934,-74.98128852365184,-74.98128852365184
1415.9900396966934,-74.9814321953495,-74.9814321953495
1416.0000396966934,-74.98156833661818,-74.98156833661818
1416.0100396966934,-74.98169719959748,-74.98169719959748
1416.0200396966934,-74.98181903343405,-74.98181903343405
1416.0300396966934,-74.98193408433153,-74.98193408433153
1416.0400396966934,-74.98204259562696,-74.98204259562696
1416.0500396966934,-74.98214480779927,-74.98214480779927
1416.0600396966934,-74.9822409585352,-74.9822409585352
1416.0700396966934,-74.98233128274998,-74.98233128274998
1416.0800396966933,-74.98241601262173,-74.98241601262173
1416.0900396966933,-74.98249537759955,-74.98249537759955
1416.1000397205353,-74.98256960460925,-74.98256960460925
1416.1100397205353,-74.98263891735925,-74.98263891735925
1416.1200397205353,-74.98270353744165,-74.98270353744165
1416.1300397205353,-74.98276368359514,-74.98276368359514
1416.1400397205352,-74.98281957193498,-74.98281957193498
1416.1500397205352,-74.98287141593288,-74.98287141593288
1416.1600397205352,-74.98291942644731,-74.98291942644731
1416.1700397205352,-74.9829638117383,-74.9829638117383
1416.1800397205352,-74.9830047774512,-74.9830047774512
1416.1900397205352,-74.98304252665851,-74.98304252665851
1416.2000397205352,-74.98307725985713,-74.98307725985713
1416.2100397205352,-74.98310917497102,-74.98310917497102
1416.2200397205352,-74.98313846737491,-74.98313846737491
1416.2300397205354,-74.98316532990722,-74.98316532990722
1416.2400397205354,-74.98318995285939,-74.98318995285939
1416.2500397205354,-74.98321252401489,-74.98321252401489
1416.2600397205354,-74.98323322864923,-74.98323322864923
1416.2700397205354,-74.98325224952934,-74.98325224952934
1416.2800397205353,-74.98326976695331,-74.98326976695331
1416.2900397205353,-74.98328595874455,-74.98328595874455
1416.3000397205353,-74.98330100027393,-74.98330100027393
1416.3100397205353,-74.98331506445793,-74.98331506445793
1416.3200397205353,-74.98332832180562,-74.98332832180562
1416.3300397205353,-74.98334094040914,-74.98334094040914
1416.3400397205353,-74.98335308595489,-74.98335308595489
1416.3500397205353,-74.98336492175774,-74.98336492175774
1416.3600397205353,-74.98337660876707,-74.98337660876707
1416.3700397205353,-74.98338830558323,-74.98338830558323
1416.3800397205353,-74.98340016847996,-74.98340016847996
1416.3900397205352,-74.98341235141643,-74.98341235141643
1416.4000397205352,-74.98342500604963,-74.98342500604963
1416.4100397205352,-74.98343828176277,-74.98343828176277
1416.4200397205352,-74.9834523256874,-74.9834523256874
1416.4300397205352,-74.98346728270502,-74.98346728270502
1416.4400397205352,-74.98348329547632,-74.98348329547632
1416.4500397205352,-74.98350050446787,-74.98350050446787
1416.4600397205352,-74.98351904795773,-74.98351904795773
1416.4700397205352,-74.98353906204304,-74.98353906204304
1416.4800397205354,-74.98356068070277,-74.98356068070277
1416.4900397205354,-74.9835840357704,-74.9835840357704
1416.5000397205354,-74.98360925699497,-74.98360925699497
1416.5100397205354,-74.98363647201865,-74.98363647201865
1416.5200397205354,-74.98366580642838,-74.98366580642838
1416.5300397205353,-74.98369738377227,-74.98369738377227
1416.5400397205353,-74.9837313255631,-74.9837313255631
1416.5500397205353,-74.98376775131237,-74.98376775131237
1416.5600397205353,-74.98380677855464,-74.98380677855464
1416.5700397205353,-74.98384852285947,-74.98384852285947
1416.5800397205353,-74.9838930978471,-74.9838930978471
1416.5900397205353,-74.98394061522326,-74.98394061522326
1416.6000397205353,-74.98399118479449,-74.98399118479449
1416.6100397205353,-74.98404491448706,-74.98404491448706
1416.6200397205353,-74.98410191035778,-74.98410191035778
1416.6300397205353,-74.98416227663317,-74.98416227663317
1416.6400397205352,-74.98422611572549,-74.98422611572549
1416.6500397205352,-74.98429352823524,-74.98429352823524
1416.6600397205352,-74.98436461299526,-74.98436461299526
1416.6700397205352,-74.98443946708132,-74.98443946708132
1416.6800397205352,-74.98451818583631,-74.98451818583631
1416.6900397205352,-74.98460086288154,-74.98460086288154
1416.7000397205352,-74.98468759013734,-74.98468759013734
1416.7100397205352,-74.98477845786168,-74.98477845786168
1416.7200397205352,-74.98487355464506,-74.98487355464506
1416.7300397205354,-74.98497296745471,-74.98497296745471
1416.7400397205354,-74.98507678163399,-74.98507678163399
1416.7500397205354,-74.98518508092808,-74.98518508092808
1416.7600397205354,-74.98529794751083,-74.98529794751083
1416.7700397205354,-74.98541546199974,-74.98541546199974
1416.7800397205353,-74.98553770347468,-74.98553770347468
1416.7900397205353,-74.98566474949,-74.98566474949
1416.8000397205353,-74.98579667611928,-74.98579667611928
1416.8100397205353,-74.9859335579439,-74.9859335579439
1416.8200397205353,-74.98607546808049,-74.98607546808049
1416.8300397205353,-74.98622247820987,-74.98622247820987
1416.8400397205353,-74.98637465858921,-74.98637465858921
1416.8500397205353,-74.98653207807388,-74.98653207807388
1416.8600397205353,-74.9866948041254,-74.9866948041254
1416.8700397205353,-74.98686290284114,-74.98686290284114
1416.8800397205353,-74.98703643896978,-74.98703643896978
1416.8900397205352,-74.9872154759265,-74.9872154759265
1416.9000397205352,-74.98740007580903,-74.98740007580903
1416.9100397205352,-74.98759029941164,-74.98759029941164
1416.9200397205352,-74.98778620626568,-74.98778620626568
1416.9300397205352,-74.98798785461555,-74.98798785461555
1416.9400397205352,-74.9881953014943,-74.9881953014943
1416.9500397443771,-74.98840860318128,-74.98840860318128
1416.9600397443771,-74.98862781325147,-74.98862781325147
1416.9700397443771,-74.9888529855648,-74.9888529855648
1416.980039744377,-74.98908417231843,-74.98908417231843
1416.990039744377,-74.98932142454443,-74.98932142454443
1417.000039744377,-74.98956479213417,-74.98956479213417
1417.010039744377,-74.98981432384231,-74.98981432384231
1417.020039744377,-74.99007006730729,-74.99007006730729
1417.030039744377,-74.99033206905786,-74.99033206905786
1417.040039744377,-74.9906003745537,-74.9906003745537
1417.050039744377,-74.99087502818001,-74.99087502818001
1417.060039744377,-74.9911560732661,-74.9911560732661
1417.070039744377,-74.99144355210042,-74.99144355210042
1417.0800397443772,-74.9917375059501,-74.9917375059501
1417.0900397443772,-74.99203797505905,-74.99203797505905
1417.1000397443772,-74.99234499869519,-74.99234499869519
1417.1100397443772,-74.9926586151246,-74.9926586151246
1417.1200397443772,-74.99297886165992,-74.99297886165992
1417.1300397443772,-74.99330577465209,-74.99330577465209
1417.1400397443772,-74.9936393895111,-74.9936393895111
1417.1500397443772,-74.99397974072602,-74.99397974072602
1417.1600397443772,-74.99432686185811,-74.99432686185811
1417.1700397443772,-74.99468078558651,-74.99468078558651
1417.1800397443772,-74.99504154369001,-74.99504154369001
1417.1900397443771,-74.99540916707794,-74.99540916707794
1417.2000397443771,-74.99578368579458,-74.99578368579458
1417.2100397443771,-74.99615858827012,-74.99615858827012
1417.2200397443771,-74.99653103852229,-74.99653103852229
1417.230039744377,-74.99689966925163,-74.99689966925163
1417.240039744377,-74.9972637925114,-74.9972637925114
1417.250039744377,-74.99762309853047,-74.99762309853047
1417.260039744377,-74.99797749931638,-74.99797749931638
1417.270039744377,-74.99832703699907,-74.99832703699907
1417.280039744377,-74.99867182875806,-74.99867182875806
1417.290039744377,-74.99901203371492,-74.99901203371492
1417.300039744377,-74.99934783309021,-74.99934783309021
1417.310039744377,-74.99967941834407,-74.99967941834407
1417.320039744377,-75.00000698420314,-75.00000698420314
1417.3300397443772,-75.00033072472343,-75.00033072472343
1417.3400397443772,-75.00065083106001,-75.00065083106001
1417.3500397443772,-75.00096749040304,-75.00096749040304
1417.3600397443772,-75.001280885526,-75.001280885526
1417.3700397443772,-75.0015911947232,-75.0015911947232
1417.3800397443772,-75.00189859195262,-75.00189859195262
1417.3900397443772,-75.00220324709748,-75.00220324709748
1417.4000397443772,-75.00250532626589,-75.00250532626589
1417.4100397443772,-75.00280499209046,-75.00280499209046
1417.4200397443772,-75.00310240401325,-75.00310240401325
1417.4300397443772,-75.00339771858054,-75.00339771858054
1417.4400397443771,-75.00369108965101,-75.00369108965101
1417.4500397443771,-75.00398266864238,-75.00398266864238
1417.4600397443771,-75.00427260469178,-75.00427260469178
1417.4700397443771,-75.00456104482687,-75.00456104482687
1417.480039744377,-75.00484813410495,-75.00484813410495
1417.490039744377,-75.0051340156991,-75.0051340156991
1417.500039744377,-75.00541883102504,-75.00541883102504
1417.510039744377,-75.00570271980713,-75.00570271980713
1417.520039744377,-75.00598582013123,-75.00598582013123
1417.530039744377,-75.00626826852645,-75.00626826852645
1417.540039744377,-75.00655019999111,-75.00655019999111
1417.550039744377,-75.00683174802494,-75.00683174802494
1417.560039744377,-75.00711304466813,-75.00711304466813
1417.570039744377,-75.00739422051207,-75.00739422051207
1417.5800397443772,-75.0076754047372,-75.0076754047372
1417.5900397443772,-75.00795672509925,-75.00795672509925
1417.6000397443772,-75.00823830795699,-75.00823830795699
1417.6100397443772,-75.00852027828923,-75.00852027828923
1417.6200397443772,-75.00880275966593,-75.00880275966593
1417.6300397443772,-75.00908587429139,-75.00908587429139
1417.6400397443772,-75.00936974297247,-75.00936974297247
1417.6500397443772,-75.00965448515299,-75.00965448515299
1417.6600397443772,-75.00994021887705,-75.00994021887705
1417.6700397443772,-75.01022706081918,-75.01022706081918
1417.6800397443772,-75.01051512627441,-75.01051512627441
1417.6900397443771,-75.01080452914597,-75.01080452914597
1417.7000397443771,-75.01109538195752,-75.01109538195752
1417.7100397443771,-75.01138125398408,-75.01138125398408
1417.7200397443771,-75.0116593903437,-75.0116593903437
1417.730039744377,-75.01192850457977,-75.01192850457977
1417.740039744377,-75.01218798916146,-75.01218798916146
1417.750039744377,-75.01243761422614,-75.01243761422614
1417.760039744377,-75.01267737114635,-75.01267737114635
1417.770039744377,-75.01290738084947,-75.01290738084947
1417.780039744377,-75.01312783872753,-75.01312783872753
1417.790039744377,-75.01333898153206,-75.01333898153206
1417.800039768219,-75.01354106795121,-75.01354106795121
1417.810039768219,-75.01373436482072,-75.01373436482072
1417.820039768219,-75.01391914313555,-75.01391914313555
1417.830039768219,-75.01409567202134,-75.01409567202134
1417.840039768219,-75.01426421707316,-75.01426421707316
1417.850039768219,-75.01442503923755,-75.01442503923755
1417.860039768219,-75.01457839438552,-75.01457839438552
1417.870039768219,-75.01472453322424,-75.01472453322424
1417.880039768219,-75.01486370144768,-75.01486370144768
1417.890039768219,-75.01499613998729,-75.01499613998729
1417.900039768219,-75.01512208529189,-75.01512208529189
1417.910039768219,-75.01524176963392,-75.01524176963392
1417.9200397682189,-75.01535542141141,-75.01535542141141
1417.930039768219,-75.01546326540051,-75.01546326540051
1417.940039768219,-75.0155655229956,-75.0155655229956
1417.950039768219,-75.0156624124319,-75.0156624124319
1417.960039768219,-75.01575414895046,-75.01575414895046
1417.970039768219,-75.01584094497356,-75.01584094497356
1417.980039768219,-75.01592301022372,-75.01592301022372
1417.990039768219,-75.01600055183904,-75.01600055183904
1418.000039768219,-75.0160737744796,-75.0160737744796
1418.010039768219,-75.01614288038752,-75.01614288038752
1418.020039768219,-75.01620806947999,-75.01620806947999
1418.030039768219,-75.01626953938411,-75.01626953938411
1418.040039768219,-75.016327485473,-75.016327485473
1418.050039768219,-75.01638210092878,-75.01638210092878
1418.060039768219,-75.01643357675631,-75.01643357675631
1418.070039768219,-75.01648210181119,-75.01648210181119
1418.080039768219,-75.01652786282783,-75.01652786282783
1418.090039768219,-75.01657104441894,-75.01657104441894
1418.100039768219,-75.0166118291001,-75.0166118291001
1418.110039768219,-75.01665039730747,-75.01665039730747
1418.120039768219,-75.01668692739679,-75.01668692739679
1418.130039768219,-75.01672159564018,-75.01672159564018
1418.140039768219,-75.01675457625036,-75.01675457625036
1418.150039768219,-75.01678604138372,-75.01678604138372
1418.160039768219,-75.0168161611368,-75.0168161611368
1418.1700397682189,-75.01684510354444,-75.01684510354444
1418.180039768219,-75.01687303460962,-75.01687303460962
1418.190039768219,-75.0169001182794,-75.0169001182794
1418.200039768219,-75.01692651646528,-75.01692651646528
1418.210039768219,-75.01694584749589,-75.01694584749589
1418.220039768219,-75.01695540530628,-75.01695540530628
1418.230039768219,-75.01695395172408,-75.01695395172408
1418.240039768219,-75.01694092689466,-75.01694092689466
1418.250039768219,-75.01691614801348,-75.01691614801348
1418.260039768219,-75.01687965288956,-75.01687965288956
1418.270039768219,-75.01683160824419,-75.01683160824419
1418.280039768219,-75.01677225463072,-75.01677225463072
1418.290039768219,-75.01670187333458,-75.01670187333458
1418.300039768219,-75.01662076646252,-75.01662076646252
1418.310039768219,-75.01652924511306,-75.01652924511306
1418.320039768219,-75.01642762242452,-75.01642762242452
1418.330039768219,-75.01631620957268,-75.01631620957268
1418.340039768219,-75.01619531357629,-75.01619531357629
1418.350039768219,-75.01606523622212,-75.01606523622212
1418.360039768219,-75.01592627362369,-75.01592627362369
1418.370039768219,-75.01577871612812,-75.01577871612812
1418.380039768219,-75.01562284850476,-75.01562284850476
1418.390039768219,-75.01545895016814,-75.01545895016814
1418.400039768219,-75.01528729550336,-75.01528729550336
1418.410039768219,-75.0151081541501,-75.0151081541501
1418.4200397682189,-75.01492179131938,-75.01492179131938
1418.430039768219,-75.01472846805308,-75.01472846805308
1418.440039768219,-75.01452844147236,-75.01452844147236
1418.450039768219,-75.01432196499698,-75.01432196499698
1418.460039768219,-75.01410928854342,-75.01410928854342
1418.470039768219,-75.01389065866034,-75.01389065866034
1418.480039768219,-75.01366631870029,-75.01366631870029
1418.490039768219,-75.01343650892535,-75.01343650892535
1418.500039768219,-75.01320146660991,-75.01320146660991
1418.510039768219,-75.01296142611918,-75.01296142611918
1418.520039768219,-75.01271661899865,-75.01271661899865
1418.530039768219,-75.01246727401383,-75.01246727401383
1418.540039768219,-75.0122136172075,-75.0122136172075
1418.550039768219,-75.01195587195915,-75.01195587195915
1418.560039768219,-75.01169425901035,-75.01169425901035
1418.570039768219,-75.01142899648215,-75.01142899648215
1418.580039768219,-75.0111602999257,-75.0111602999257
1418.590039768219,-75.0108883823208,-75.0108883823208
1418.600039768219,-75.01061345411269,-75.01061345411269
1418.610039768219,-75.0103357232193,-75.0103357232193
1418.620039768219,-75.01005539504605,-75.01005539504605
1418.630039768219,-75.00977267251321,-75.00977267251321
1418.640039768219,-75.0094877560394,-75.0094877560394
1418.6500397920609,-75.00920084289152,-75.00920084289152
1418.6600397920608,-75.0089121299048,-75.0089121299048
1418.6700397920608,-75.00862180944708,-75.00862180944708
1418.6800397920608,-75.00833007208759,-75.00833007208759
1418.6900397920608,-75.00803710597678,-75.00803710597678
1418.7000397920608,-75.00774309683094,-75.00774309683094
1418.7100397920608,-75.00744822794101,-75.00744822794101
1418.7200397920608,-75.00715268019862,-75.00715268019862
1418.7300397920608,-75.00685663208509,-75.00685663208509
1418.7400397920608,-75.00656025970329,-75.00656025970329
1418.7500397920608,-75.00626373675975,-75.00626373675975
1418.7600397920608,-75.00596723461658,-75.00596723461658
1418.7700397920607,-75.00567092225494,-75.00567092225494
1418.780039792061,-75.0053749663265,-75.0053749663265
1418.790039792061,-75.0050795311384,-75.0050795311384
1418.800039792061,-75.00478477867819,-75.00478477867819
1418.810039792061,-75.00449086862055,-75.00449086862055
1418.820039792061,-75.00419795836042,-75.00419795836042
1418.830039792061,-75.00390620299615,-75.00390620299615
1418.840039792061,-75.00361575535658,-75.00361575535658
1418.850039792061,-75.00332676602835,-75.00332676602835
1418.860039792061,-75.00303938335499,-75.00303938335499
1418.8700397920609,-75.00275375344764,-75.00275375344764
1418.8800397920609,-75.0024700202277,-75.0024700202277
1418.8900397920609,-75.0021883254075,-75.0021883254075
1418.9000397920609,-75.00190880853341,-75.00190880853341
1418.9100397920608,-75.00163160699536,-75.00163160699536
1418.9200397920608,-75.00135685604229,-75.00135685604229
1418.9300397920608,-75.00108468878503,-75.00108468878503
1418.9400397920608,-75.00081523623771,-75.00081523623771
1418.9500397920608,-75.00054862732324,-75.00054862732324
1418.9600397920608,-75.00027844975813,-75.00027844975813
1418.9700397920608,-75.00000196627947,-75.00000196627947
1418.9800397920608,-74.99971790720593,-74.99971790720593
1418.9900397920608,-74.99942568102259,-74.99942568102259
1419.0000397920608,-74.99912507316351,-74.99912507316351
1419.0100397920608,-74.99881608964306,-74.99881608964306
1419.0200397920607,-74.99849886532671,-74.99849886532671
1419.030039792061,-74.99817360889593,-74.99817360889593
1419.040039792061,-74.99784056974094,-74.99784056974094
1419.050039792061,-74.99750001808604,-74.99750001808604
1419.060039792061,-74.9971522331529,-74.9971522331529
1419.070039792061,-74.9967974962358,-74.9967974962358
1419.080039792061,-74.996436086692,-74.996436086692
1419.090039792061,-74.99606827979146,-74.99606827979146
1419.100039792061,-74.99569434564447,-74.99569434564447
1419.110039792061,-74.99531454875297,-74.99531454875297
1419.1200397920609,-74.99492914796676,-74.99492914796676
1419.1300397920609,-74.99453839665753,-74.99453839665753
1419.1400397920609,-74.99414254295948,-74.99414254295948
1419.1500397920609,-74.99374183010579,-74.99374183010579
1419.1600397920608,-74.99333649673787,-74.99333649673787
1419.1700397920608,-74.99292677720115,-74.99292677720115
1419.1800397920608,-74.99251290184166,-74.99251290184166
1419.1900397920608,-74.99209509725017,-74.99209509725017
1419.2000397920608,-74.99167358649454,-74.99167358649454
1419.2100397920608,-74.9912420515132,-74.9912420515132
1419.2200397920608,-74.99079784783238,-74.99079784783238
1419.2300397920608,-74.99033979744914,-74.99033979744914
1419.2400397920608,-74.98986739961181,-74.98986739961181
1419.2500397920608,-74.98938052968774,-74.98938052968774
1419.2600397920608,-74.9888792828824,-74.9888792828824
1419.2700397920607,-74.98836388261792,-74.98836388261792
1419.280039792061,-74.98783462552454,-74.98783462552454
1419.290039792061,-74.98729184834222,-74.98729184834222
1419.300039792061,-74.98673590811212,-74.98673590811212
1419.310039792061,-74.98616717034307,-74.98616717034307
1419.320039792061,-74.98558600208396,-74.98558600208396
1419.330039792061,-74.9849927679728,-74.9849927679728
1419.340039792061,-74.98438782804286,-74.98438782804286
1419.350039792061,-74.9837715366671,-74.9837715366671
1419.360039792061,-74.9831442421165,-74.9831442421165
1419.3700397920609,-74.98250628651134,-74.98250628651134
1419.3800397920609,-74.9818580059679,-74.9818580059679
1419.3900397920609,-74.98119973087245,-74.98119973087245
1419.4000397920609,-74.9805317861634,-74.9805317861634
1419.4100397920608,-74.97985449165105,-74.97985449165105
1419.4200397920608,-74.97916816233615,-74.97916816233615
1419.4300397920608,-74.97847310864707,-74.97847310864707
1419.4400397920608,-74.9777696366897,-74.9777696366897
1419.4500397920608,-74.97705804847844,-74.97705804847844
1419.4600397920608,-74.97633864212337,-74.97633864212337
1419.4700397920608,-74.9756117119741,-74.9756117119741
1419.4800397920608,-74.97487754876433,-74.97487754876433
1419.4900397920608,-74.9741364397226,-74.9741364397226
1419.5000398159027,-74.97338866690404,-74.97338866690404
1419.5100398159027,-74.97263451436469,-74.97263451436469
1419.5200398159027,-74.97187425760426,-74.97187425760426
1419.5300398159027,-74.9711081706839,-74.9711081706839
1419.5400398159027,-74.97033652452009,-74.97033652452009
1419.5500398159027,-74.96955958692094,-74.96955958692094
1419.5600398159027,-74.9687776226251,-74.9687776226251
1419.5700398159026,-74.96799089331532,-74.96799089331532
1419.5800398159026,-74.967199657651,-74.967199657651
1419.5900398159026,-74.96640417129892,-74.96640417129892
1419.6000398159026,-74.96560468692618,-74.96560468692618
1419.6100398159026,-74.9648014542306,-74.9648014542306
1419.6200398159026,-74.96399471994737,-74.96399471994737
1419.6300398159028,-74.96318472786442,-74.96318472786442
1419.6400398159028,-74.96237171882515,-74.96237171882515
1419.6500398159028,-74.96155593074275,-74.96155593074275
1419.6600398159028,-74.96073759860707,-74.96073759860707
1419.6700398159028,-74.95991695449692,-74.95991695449692
1419.6800398159028,-74.95909422758201,-74.95909422758201
1419.6900398159028,-74.95826964414317,-74.95826964414317
1419.7000398159028,-74.9574434275694,-74.9574434275694
1419.7100398159027,-74.95661579837245,-74.95661579837245
1419.7200398159027,-74.9557869742047,-74.9557869742047
1419.7300398159027,-74.95495716984057,-74.95495716984057
1419.7400398159027,-74.95412659723095,-74.95412659723095
1419.7500398159027,-74.95329546548514,-74.95329546548514
1419.7600398159027,-74.9524639808751,-74.9524639808751
1419.7700398159027,-74.95163234686991,-74.95163234686991
1419.7800398159027,-74.95080076414504,-74.95080076414504
1419.7900398159027,-74.94996943058443,-74.94996943058443
1419.8000398159027,-74.94913854129915,-74.94913854129915
1419.8100398159027,-74.94830828865727,-74.94830828865727
1419.8200398159026,-74.94747886227526,-74.94747886227526
1419.8300398159026,-74.94665044904785,-74.94665044904785
1419.8400398159026,-74.94582323315193,-74.94582323315193
1419.8500398159026,-74.94499739609326,-74.94499739609326
1419.8600398159026,-74.94417311668599,-74.94417311668599
1419.8700398159026,-74.94335057109193,-74.94335057109193
1419.8800398159028,-74.9425299328429,-74.9425299328429
1419.8900398159028,-74.94171137285161,-74.94171137285161
1419.9000398159028,-74.94089505942146,-74.94089505942146
1419.9100398159028,-74.94008115827876,-74.94008115827876
1419.9200398159028,-74.93926983259699,-74.93926983259699
1419.9300398159028,-74.93846124300829,-74.93846124300829
1419.9400398159028,-74.93765554761639,-74.93765554761639
1419.9500398159028,-74.93685290204309,-74.93685290204309
1419.9600398159027,-74.93604692780447,-74.93604692780447
1419.9700398159027,-74.93523491832096,-74.93523491832096
1419.9800398159027,-74.93441563300227,-74.93441563300227
1419.9900398159027,-74.93358850845027,-74.93358850845027
1420.0000398159027,-74.93275335745629,-74.93275335745629
1420.0100398159027,-74.9319102127514,-74.9319102127514
1420.0200398159027,-74.93105923534652,-74.93105923534652
1420.0300398159027,-74.9302006595309,-74.9302006595309
1420.0400398159027,-74.92933475976021,-74.92933475976021
1420.0500398159027,-74.92846183082949,-74.92846183082949
1420.0600398159027,-74.92758217602406,-74.92758217602406
1420.0700398159026,-74.92669610021869,-74.92669610021869
1420.0800398159026,-74.92580390587591,-74.92580390587591
1420.0900398159026,-74.92490589091547,-74.92490589091547
1420.1000398159026,-74.92400234762347,-74.92400234762347
1420.1100398159026,-74.92309356224422,-74.92309356224422
1420.1200398159026,-74.922179814949,-74.922179814949
1420.1300398159028,-74.92126137998986,-74.92126137998986
1420.1400398159028,-74.92033852597635,-74.92033852597635
1420.1500398159028,-74.91941151620917,-74.91941151620917
1420.1600398159028,-74.91848060897891,-74.91848060897891
1420.1700398159028,-74.91754605791266,-74.91754605791266
1420.1800398159028,-74.91660811224699,-74.91660811224699
1420.1900398159028,-74.91566701709708,-74.91566701709708
1420.2000398159028,-74.9147230136777,-74.9147230136777
1420.2100398159027,-74.91377633950829,-74.91377633950829
1420.2200398159027,-74.91282722860534,-74.91282722860534
1420.2300398159027,-74.91187591162326,-74.91187591162326
1420.2400398159027,-74.91092261598023,-74.91092261598023
1420.2500398159027,-74.90996756598379,-74.90996756598379
1420.2600398159027,-74.90901098292964,-74.90901098292964
1420.2700398159027,-74.90805308515827,-74.90805308515827
1420.2800398159027,-74.90709408815961,-74.90709408815961
1420.2900398159027,-74.90613420460629,-74.90613420460629
1420.3000398159027,-74.90517364443558,-74.90517364443558
1420.3100398159027,-74.9042126148546,-74.9042126148546
1420.3200398159026,-74.90325132040572,-74.90325132040572
1420.3300398159026,-74.90228996301269,-74.90228996301269
1420.3400398159026,-74.90132874196215,-74.90132874196215
1420.3500398397446,-74.90036785168806,-74.90036785168806
1420.3600398397446,-74.8994074909418,-74.8994074909418
1420.3700398397445,-74.89844784904169,-74.89844784904169
1420.3800398397445,-74.89748911510337,-74.89748911510337
1420.3900398397445,-74.89653147572847,-74.89653147572847
1420.4000398397445,-74.8955751150231,-74.8955751150231
1420.4100398397445,-74.89462021463959,-74.89462021463959
1420.4200398397445,-74.89366695375955,-74.89366695375955
1420.4300398397445,-74.89271550913244,-74.89271550913244
1420.4400398397445,-74.8917660550657,-74.8917660550657
1420.4500398397445,-74.89081876345901,-74.89081876345901
1420.4600398397445,-74.88986727682584,-74.88986727682584
1420.4700398397445,-74.88890890758242,-74.88890890758242
1420.4800398397447,-74.88794243333324,-74.88794243333324
1420.4900398397447,-74.88696730849624,-74.88696730849624
1420.5000398397447,-74.88598336350417,-74.88598336350417
1420.5100398397446,-74.88499064857244,-74.88499064857244
1420.5200398397446,-74.88398934214236,-74.88398934214236
1420.5300398397446,-74.88297969586154,-74.88297969586154
1420.5400398397446,-74.88196200146714,-74.88196200146714
1420.5500398397446,-74.88093657097927,-74.88093657097927
1420.5600398397446,-74.87990372485335,-74.87990372485335
1420.5700398397446,-74.8788637850564,-74.8788637850564
1420.5800398397446,-74.87781707108928,-74.87781707108928
1420.5900398397446,-74.87676389781977,-74.87676389781977
1420.6000398397446,-74.87570457441977,-74.87570457441977
1420.6100398397446,-74.87463940392438,-74.87463940392438
1420.6200398397445,-74.8735686832024,-74.8735686832024
1420.6300398397445,-74.87249270312593,-74.87249270312593
1420.6400398397445,-74.87141174882628,-74.87141174882628
1420.6500398397445,-74.87032610000841,-74.87032610000841
1420.6600398397445,-74.86923603129166,-74.86923603129166
1420.6700398397445,-74.8681418125001,-74.8681418125001
1420.6800398397445,-74.86704370896284,-74.86704370896284
1420.6900398397445,-74.86594198176692,-74.86594198176692
1420.7000398397445,-74.86483688799167,-74.86483688799167
1420.7100398397445,-74.86372868089437,-74.86372868089437
1420.7200398397445,-74.86261761010053,-74.86261761010053
1420.7300398397447,-74.86150392174177,-74.86150392174177
1420.7400398397447,-74.86038785859401,-74.86038785859401
1420.7500398397447,-74.85926966018681,-74.85926966018681
1420.7600398397446,-74.85814956287383,-74.85814956287383
1420.7700398397446,-74.85702779995395,-74.85702779995395
1420.7800398397446,-74.85590460171052,-74.85590460171052
1420.7900398397446,-74.85478019548638,-74.85478019548638
1420.8000398397446,-74.85365480571198,-74.85365480571198
1420.8100398397446,-74.85252865397374,-74.85252865397374
1420.8200398397446,-74.85140195903845,-74.85140195903845
1420.8300398397446,-74.85027493687302,-74.85027493687302
1420.8400398397446,-74.84914780070301,-74.84914780070301
1420.8500398397446,-74.84802076101822,-74.84802076101822
1420.8600398397446,-74.84689402559673,-74.84689402559673
1420.8700398397445,-74.84576779950808,-74.84576779950808
1420.8800398397445,-74.84464228517025,-74.84464228517025
1420.8900398397445,-74.84351768232929,-74.84351768232929
1420.9000398397445,-74.84239418809904,-74.84239418809904
1420.9100398397445,-74.84127199694805,-74.84127199694805
1420.9200398397445,-74.84015130074705,-74.84015130074705
1420.9300398397445,-74.83903228876997,-74.83903228876997
1420.9400398397445,-74.83791514768897,-74.83791514768897
1420.9500398397445,-74.83680006160628,-74.83680006160628
1420.9600398397445,-74.83568069053531,-74.83568069053531
1420.9700398397445,-74.83455436173513,-74.83455436173513
1420.9800398397447,-74.83341986649005,-74.83341986649005
1420.9900398397447,-74.83227667224257,-74.83227667224257
1421.0000398397447,-74.83112462200964,-74.83112462200964
1421.0100398397446,-74.82996377826528,-74.82996377826528
1421.0200398397446,-74.82879433140297,-74.82879433140297
1421.0300398397446,-74.82761654478452,-74.82761654478452
1421.0400398397446,-74.82643072164888,-74.82643072164888
1421.0500398397446,-74.82523718527914,-74.82523718527914
1421.0600398397446,-74.82403626719575,-74.82403626719575
1421.0700398397446,-74.82282830023372,-74.82282830023372
1421.0800398397446,-74.82161361455752,-74.82161361455752
1421.0900398397446,-74.82039253551075,-74.82039253551075
1421.1000398397446,-74.81916538254771,-74.81916538254771
1421.1100398397446,-74.81793246881169,-74.81793246881169
1421.1200398397445,-74.81669410108641,-74.81669410108641
1421.1300398397445,-74.81545057998989,-74.81545057998989
1421.1400398397445,-74.81420220022544,-74.81420220022544
1421.1500398397445,-74.81294925090137,-74.81294925090137
1421.1600398397445,-74.81169201586573,-74.81169201586573
1421.1700398397445,-74.81043077400636,-74.81043077400636
1421.1800398397445,-74.80916579954953,-74.80916579954953
1421.1900398397445,-74.80789736233034,-74.80789736233034
1421.2000398635864,-74.8066257249775,-74.8066257249775
1421.2100398635864,-74.80534463690242,-74.80534463690242
1421.2200398635864,-74.80405150320415,-74.80405150320415
1421.2300398635864,-74.80274519430493,-74.80274519430493
1421.2400398635864,-74.80142525552769,-74.80142525552769
1421.2500398635864,-74.80009160674253,-74.80009160674253
1421.2600398635864,-74.79874438638383,-74.79874438638383
1421.2700398635864,-74.79738386001993,-74.79738386001993
1421.2800398635864,-74.79601036543907,-74.79601036543907
1421.2900398635863,-74.79462427966301,-74.79462427966301
1421.3000398635863,-74.79322599912659,-74.79322599912659
1421.3100398635863,-74.79181592790582,-74.79181592790582
1421.3200398635863,-74.79039447083643,-74.79039447083643
1421.3300398635865,-74.78896202952193,-74.78896202952193
1421.3400398635865,-74.78751900022436,-74.78751900022436
1421.3500398635865,-74.78606577278552,-74.78606577278552
1421.3600398635865,-74.78460273022525,-74.78460273022525
1421.3700398635865,-74.78313024869209,-74.78313024869209
1421.3800398635865,-74.78164869764736,-74.78164869764736
1421.3900398635865,-74.78015844013802,-74.78015844013802
1421.4000398635865,-74.77865983308851,-74.77865983308851
1421.4100398635865,-74.77715322766659,-74.77715322766659
1421.4200398635865,-74.77563896955257,-74.77563896955257
1421.4300398635864,-74.77411739924761,-74.77411739924761
1421.4400398635864,-74.77258885232824,-74.77258885232824
1421.4500398635864,-74.77105365966361,-74.77105365966361
1421.4600398635864,-74.7695121476129,-74.7695121476129
1421.4700398635864,-74.76796463820841,-74.76796463820841
1421.4800398635864,-74.76641144929877,-74.76641144929877
1421.4900398635864,-74.76485289465515,-74.76485289465515
1421.5000398635864,-74.76328928411228,-74.76328928411228
1421.5100398635864,-74.76172092361787,-74.76172092361787
1421.5200398635864,-74.76014811535694,-74.76014811535694
1421.5300398635864,-74.75857115778122,-74.75857115778122
1421.5400398635863,-74.75699034568392,-74.75699034568392
1421.5500398635863,-74.75540597024111,-74.75540597024111
1421.5600398635863,-74.75381831905507,-74.75381831905507
1421.5700398635863,-74.75222767618774,-74.75222767618774
1421.5800398635865,-74.75063432219088,-74.75063432219088
1421.5900398635865,-74.74903853414229,-74.74903853414229
1421.6000398635865,-74.74744058565085,-74.74744058565085
1421.6100398635865,-74.74584074690148,-74.74584074690148
1421.6200398635865,-74.74423928465293,-74.74423928465293
1421.6300398635865,-74.74263646227972,-74.74263646227972
1421.6400398635865,-74.74103253976509,-74.74103253976509
1421.6500398635865,-74.73942777373196,-74.73942777373196
1421.6600398635865,-74.73782241745474,-74.73782241745474
1421.6700398635865,-74.7362167208715,-74.7362167208715
1421.6800398635864,-74.7346109306107,-74.7346109306107
1421.6900398635864,-74.73300528998577,-74.73300528998577
1421.7000398635864,-74.73140003902817,-74.73140003902817
1421.7100398635864,-74.72979541450592,-74.72979541450592
1421.7200398635864,-74.7281916499203,-74.7281916499203
1421.7300398635864,-74.72658897553737,-74.72658897553737
1421.7400398635864,-74.72498761840556,-74.72498761840556
1421.7500398635864,-74.72338780235677,-74.72338780235677
1421.7600398635864,-74.7217897480479,-74.7217897480479
1421.7700398635864,-74.72019367295536,-74.72019367295536
1421.7800398635864,-74.71859979141446,-74.71859979141446
1421.7900398635863,-74.7170083146228,-74.7170083146228
1421.8000398635863,-74.7154194506744,-74.7154194506744
1421.8100398635863,-74.71383340455797,-74.71383340455797
1421.8200398635863,-74.71225037820842,-74.71225037820842
1421.8300398635865,-74.71067057049845,-74.71067057049845
1421.8400398635865,-74.70909417727611,-74.70909417727611
1421.8500398635865,-74.70752139138283,-74.70752139138283
1421.8600398635865,-74.70595240268865,-74.70595240268865
1421.8700398635865,-74.70438739809028,-74.70438739809028
1421.8800398635865,-74.70282656154556,-74.70282656154556
1421.8900398635865,-74.70127007411216,-74.70127007411216
1421.9000398635865,-74.69971811394878,-74.69971811394878
1421.9100398635865,-74.69817085635819,-74.69817085635819
1421.9200398635865,-74.6966284737992,-74.6966284737992
1421.9300398635864,-74.6950911359221,-74.6950911359221
1421.9400398635864,-74.69355900957184,-74.69355900957184
1421.9500398635864,-74.69203225884631,-74.69203225884631
1421.9600398635864,-74.69051104509899,-74.69051104509899
1421.9700398635864,-74.6889955269686,-74.6889955269686
1421.9800398635864,-74.6874858604151,-74.6874858604151
1421.9900398635864,-74.68598219874414,-74.68598219874414
1422.0000398635864,-74.68448469261283,-74.68448469261283
1422.0100398635864,-74.68299349007647,-74.68299349007647
1422.0200398635864,-74.68150873662726,-74.68150873662726
1422.0300398635864,-74.68003057519036,-74.68003057519036
1422.0400398635863,-74.67855914615288,-74.67855914615288
1422.0500398874283,-74.67709458394275,-74.67709458394275
1422.0600398874283,-74.67563703098426,-74.67563703098426
1422.0700398874283,-74.67418661674691,-74.67418661674691
1422.0800398874283,-74.67274347180688,-74.67274347180688
1422.0900398874282,-74.6713077243355,-74.6713077243355
1422.1000398874282,-74.66987950014902,-74.66987950014902
1422.1100398874282,-74.66845892272161,-74.66845892272161
1422.1200398874282,-74.66704611321651,-74.66704611321651
1422.1300398874282,-74.6656411905127,-74.6656411905127
1422.1400398874282,-74.6642442712399,-74.6642442712399
1422.1500398874282,-74.66285546979563,-74.66285546979563
1422.1600398874282,-74.66147489835858,-74.66147489835858
1422.1700398874282,-74.66010266694744,-74.66010266694744
1422.1800398874284,-74.65873888342989,-74.65873888342989
1422.1900398874284,-74.6573836535441,-74.6573836535441
1422.2000398874284,-74.65603708093325,-74.65603708093325
1422.2100398874284,-74.65469926715676,-74.65469926715676
1422.2200398874284,-74.65337031174097,-74.65337031174097
1422.2300398874283,-74.65205031218287,-74.65205031218287
1422.2400398874283,-74.65073936398989,-74.65073936398989
1422.2500398874283,-74.64943756070203,-74.64943756070203
1422.2600398874283,-74.64814499390738,-74.64814499390738
1422.2700398874283,-74.64686175327293,-74.64686175327293
1422.2800398874283,-74.64558792657665,-74.64558792657665
1422.2900398874283,-74.64432359972723,-74.64432359972723
1422.3000398874283,-74.64306885677794,-74.64306885677794
1422.3100398874283,-74.64182377996998,-74.64182377996998
1422.3200398874283,-74.64058844974723,-74.64058844974723
1422.3300398874283,-74.63936294477533,-74.63936294477533
1422.3400398874282,-74.63814734197663,-74.63814734197663
1422.3500398874282,-74.63694171653458,-74.63694171653458
1422.3600398874282,-74.63574614193637,-74.63574614193637
1422.3700398874282,-74.63456068999432,-74.63456068999432
1422.3800398874282,-74.63338543085125,-74.63338543085125
1422.3900398874282,-74.63222043303745,-74.63222043303745
1422.4000398874282,-74.63106576344434,-74.63106576344434
1422.4100398874282,-74.62992148739109,-74.62992148739109
1422.4200398874282,-74.62878766862886,-74.62878766862886
1422.4300398874284,-74.62766436934425,-74.62766436934425
1422.4400398874284,-74.62655165021786,-74.62655165021786
1422.4500398874284,-74.62544957042225,-74.62544957042225
1422.4600398874284,-74.62435818764163,-74.62435818764163
1422.4700398874284,-74.62327755810716,-74.62327755810716
1422.4800398874283,-74.62220773660462,-74.62220773660462
1422.4900398874283,-74.62114877649657,-74.62114877649657
1422.5000398874283,-74.62010072975242,-74.62010072975242
1422.5100398874283,-74.61906364694867,-74.61906364694867
1422.5200398874283,-74.61803757731842,-74.61803757731842
1422.5300398874283,-74.61702256874011,-74.61702256874011
1422.5400398874283,-74.61601866777353,-74.61601866777353
1422.5500398874283,-74.61502591967917,-74.61502591967917
1422.5600398874283,-74.61404436843385,-74.61404436843385
1422.5700398874283,-74.61307405674222,-74.61307405674222
1422.5800398874283,-74.6121150260593,-74.6121150260593
1422.5900398874282,-74.6111673166277,-74.6111673166277
1422.6000398874282,-74.6102309674678,-74.6102309674678
1422.6100398874282,-74.60930601640756,-74.60930601640756
1422.6200398874282,-74.60839250010122,-74.60839250010122
1422.6300398874282,-74.6074904540418,-74.6074904540418
1422.6400398874282,-74.60659991258979,-74.60659991258979
1422.6500398874282,-74.60572090896878,-74.60572090896878
1422.6600398874282,-74.60485347530816,-74.60485347530816
1422.6700398874282,-74.6039976426297,-74.6039976426297
1422.6800398874284,-74.6031534408997,-74.6031534408997
1422.6900398874284,-74.6023208990073,-74.6023208990073
1422.7000398874284,-74.60150004480302,-74.60150004480302
1422.7100398874284,-74.60069090512229,-74.60069090512229
1422.7200398874284,-74.59989350577943,-74.59989350577943
1422.7300398874283,-74.59910787159754,-74.59910787159754
1422.7400398874283,-74.59833402641188,-74.59833402641188
1422.7500398874283,-74.59757199309382,-74.59757199309382
1422.7600398874283,-74.59682179356372,-74.59682179356372
1422.7700398874283,-74.59608344879695,-74.59608344879695
1422.7800398874283,-74.59535697885505,-74.59535697885505
1422.7900398874283,-74.59464240288436,-74.59464240288436
1422.8000398874283,-74.59393973914375,-74.59393973914375
1422.8100398874283,-74.59324900500022,-74.59324900500022
1422.8200398874283,-74.59257021696061,-74.59257021696061
1422.8300398874283,-74.59190339067239,-74.59190339067239
1422.8400398874282,-74.59124854094482,-74.59124854094482
1422.8500398874282,-74.59060568175717,-74.59060568175717
1422.8600398874282,-74.58997482627274,-74.58997482627274
1422.8700398874282,-74.58935598685028,-74.58935598685028
1422.8800398874282,-74.5887491750697,-74.5887491750697
1422.8900398874282,-74.58815440171026,-74.58815440171026
1422.9000399112701,-74.58757167541683,-74.58757167541683
1422.9100399112701,-74.58700100827505,-74.58700100827505
1422.9200399112701,-74.58644240737955,-74.58644240737955
1422.9300399112701,-74.58589588053832,-74.58589588053832
1422.94003991127,-74.58536143482412,-74.58536143482412
1422.95003991127,-74.58483907661578,-74.58483907661578
1422.96003991127,-74.58432881158585,-74.58432881158585
1422.97003991127,-74.5838306447254,-74.5838306447254
1422.98003991127,-74.58334458034506,-74.58334458034506
1422.99003991127,-74.58287062210059,-74.58287062210059
1423.00003991127,-74.5824087729884,-74.5824087729884
1423.01003991127,-74.58195903535771,-74.58195903535771
1423.02003991127,-74.58152141093386,-74.58152141093386
1423.0300399112703,-74.58109590081486,-74.58109590081486
1423.0400399112702,-74.58068250548796,-74.58068250548796
1423.0500399112702,-74.58028122483731,-74.58028122483731
1423.0600399112702,-74.57989205814685,-74.57989205814685
1423.0700399112702,-74.57951500412715,-74.57951500412715
1423.0800399112702,-74.57915006091086,-74.57915006091086
1423.0900399112702,-74.57879722606079,-74.57879722606079
1423.1000399112702,-74.57845649659343,-74.57845649659343
1423.1100399112702,-74.57812786897621,-74.57812786897621
1423.1200399112702,-74.57781133913244,-74.57781133913244
1423.1300399112702,-74.57750690246338,-74.57750690246338
1423.1400399112702,-74.57721455385416,-74.57721455385416
1423.1500399112701,-74.57693428765444,-74.57693428765444
1423.1600399112701,-74.57666609773919,-74.57666609773919
1423.1700399112701,-74.57640997748256,-74.57640997748256
1423.1800399112701,-74.57616591975258,-74.57616591975258
1423.19003991127,-74.5759339169635,-74.5759339169635
1423.20003991127,-74.57571396104969,-74.57571396104969
1423.21003991127,-74.57550604347603,-74.57550604347603
1423.22003991127,-74.57531015525372,-74.57531015525372
1423.23003991127,-74.57512628696131,-74.57512628696131
1423.24003991127,-74.57495442872201,-74.57495442872201
1423.25003991127,-74.57479457023317,-74.57479457023317
1423.26003991127,-74.57460071325225,-74.57460071325225
1423.27003991127,-74.57435336776456,-74.57435336776456
1423.2800399112703,-74.57404319130815,-74.57404319130815
1423.2900399112702,-74.57366521028104,-74.57366521028104
1423.3000399112702,-74.57321666908756,-74.57321666908756
1423.3100399112702,-74.57269603780439,-74.57269603780439
1423.3200399112702,-74.57210249510189,-74.57210249510189
1423.3300399112702,-74.5714356435178,-74.5714356435178
1423.3400399112702,-74.57069534895871,-74.57069534895871
1423.3500399112702,-74.56988164921357,-74.56988164921357
1423.3600399112702,-74.56899470146693,-74.56899470146693
1423.3700399112702,-74.5680347518684,-74.5680347518684
1423.3800399112702,-74.56700211760077,-74.56700211760077
1423.3900399112702,-74.56589717592973,-74.56589717592973
1423.4000399112701,-74.56472035708398,-74.56472035708398
1423.4100399112701,-74.56347213935275,-74.56347213935275
1423.4200399112701,-74.56215304520728,-74.56215304520728
1423.4300399112701,-74.56076363809385,-74.56076363809385
1423.44003991127,-74.55930451954306,-74.55930451954306
1423.45003991127,-74.55777632644937,-74.55777632644937
1423.46003991127,-74.5561797285066,-74.5561797285066
1423.47003991127,-74.55451542570952,-74.55451542570952
1423.48003991127,-74.55278414598138,-74.55278414598138
1423.49003991127,-74.55098664286824,-74.55098664286824
1423.50003991127,-74.54912369337612,-74.54912369337612
1423.51003991127,-74.54719609587488,-74.54719609587488
1423.52003991127,-74.5452046681452,-74.5452046681452
1423.5300399112703,-74.54315024550704,-74.54315024550704
1423.5400399112702,-74.54103367908583,-74.54103367908583
1423.5500399112702,-74.53885583414264,-74.53885583414264
1423.5600399112702,-74.5366175885428,-74.5366175885428
1423.5700399112702,-74.53431983130629,-74.53431983130629
1423.5800399112702,-74.53196346123681,-74.53196346123681
1423.5900399112702,-74.5295493856752,-74.5295493856752
1423.6000399112702,-74.5270785192732,-74.5270785192732
1423.6100399112702,-74.52455178289509,-74.52455178289509
1423.6200399112702,-74.52197010256474,-74.52197010256474
1423.6300399112702,-74.51933440848327,-74.51933440848327
1423.6400399112702,-74.5166456341134,-74.5166456341134
1423.6500399112701,-74.51390471531869,-74.51390471531869
1423.6600399112701,-74.51111258955034,-74.51111258955034
1423.6700399112701,-74.50827019507713,-74.50827019507713
1423.6800399112701,-74.50537847029706,-74.50537847029706
1423.69003991127,-74.5024383530611,-74.5024383530611
1423.70003991127,-74.4994507800396,-74.4994507800396
1423.71003991127,-74.4964101959159,-74.4964101959159
1423.72003991127,-74.49331469787471,-74.49331469787471
1423.73003991127,-74.49016384053859,-74.49016384053859
1423.74003991127,-74.48695785091759,-74.48695785091759
1423.750039935112,-74.48369732086624,-74.48369732086624
1423.760039935112,-74.48038308217662,-74.48038308217662
1423.770039935112,-74.47701606902798,-74.47701606902798
1423.780039935112,-74.47359729333098,-74.47359729333098
1423.790039935112,-74.47012780394155,-74.47012780394155
1423.800039935112,-74.46660866652886,-74.46660866652886
1423.810039935112,-74.46304095153897,-74.46304095153897
1423.820039935112,-74.45942572695952,-74.45942572695952
1423.830039935112,-74.45576405409781,-74.45576405409781
1423.840039935112,-74.45205698516897,-74.45205698516897
1423.850039935112,-74.44830556198808,-74.44830556198808
1423.860039935112,-74.44451081531585,-74.44451081531585
1423.870039935112,-74.44067376460693,-74.44067376460693
1423.880039935112,-74.43679541798527,-74.43679541798527
1423.890039935112,-74.43287677232586,-74.43287677232586
1423.900039935112,-74.42891881341103,-74.42891881341103
1423.910039935112,-74.42492251609066,-74.42492251609066
1423.920039935112,-74.42088884443893,-74.42088884443893
1423.930039935112,-74.41681875192657,-74.41681875192657
1423.940039935112,-74.41271318156598,-74.41271318156598
1423.950039935112,-74.4085730660004,-74.4085730660004
1423.960039935112,-74.40439932762578,-74.40439932762578
1423.970039935112,-74.40019287867668,-74.40019287867668
1423.980039935112,-74.39595462128092,-74.39595462128092
1423.990039935112,-74.39168544753241,-74.39168544753241
1424.000039935112,-74.38738623950722,-74.38738623950722
1424.010039935112,-74.38305786934792,-74.38305786934792
1424.020039935112,-74.378701199252,-74.378701199252
1424.030039935112,-74.37431708150815,-74.37431708150815
1424.040039935112,-74.36990635852722,-74.36990635852722
1424.050039935112,-74.36546986287422,-74.36546986287422
1424.060039935112,-74.36100841725563,-74.36100841725563
1424.070039935112,-74.35652283456386,-74.35652283456386
1424.080039935112,-74.35201391788273,-74.35201391788273
1424.090039935112,-74.34748246050817,-74.34748246050817
1424.100039935112,-74.34292924599208,-74.34292924599208
1424.110039935112,-74.33835504813086,-74.33835504813086
1424.120039935112,-74.33376063101694,-74.33376063101694
1424.130039935112,-74.32914674904646,-74.32914674904646
1424.140039935112,-74.32451414697485,-74.32451414697485
1424.150039935112,-74.3198635599297,-74.3198635599297
1424.160039935112,-74.31519571344599,-74.31519571344599
1424.170039935112,-74.31051132351081,-74.31051132351081
1424.180039935112,-74.30581109660757,-74.30581109660757
1424.190039935112,-74.30109572974533,-74.30109572974533
1424.200039935112,-74.29636591052446,-74.29636591052446
1424.210039935112,-74.2916223171708,-74.2916223171708
1424.220039935112,-74.28686561857275,-74.28686561857275
1424.230039935112,-74.28209647437029,-74.28209647437029
1424.240039935112,-74.27731553497739,-74.27731553497739
1424.250039935112,-74.27252344166453,-74.27252344166453
1424.260039935112,-74.2677208265918,-74.2677208265918
1424.270039935112,-74.26290831288735,-74.26290831288735
1424.280039935112,-74.25808651472006,-74.25808651472006
1424.290039935112,-74.25325603734706,-74.25325603734706
1424.300039935112,-74.24841747717593,-74.24841747717593
1424.310039935112,-74.24357142185688,-74.24357142185688
1424.320039935112,-74.23871845033335,-74.23871845033335
1424.330039935112,-74.23385913291595,-74.23385913291595
1424.340039935112,-74.22899403138027,-74.22899403138027
1424.350039935112,-74.22412369899729,-74.22412369899729
1424.360039935112,-74.21924868063496,-74.21924868063496
1424.370039935112,-74.21436951282712,-74.21436951282712
1424.380039935112,-74.2094867238756,-74.2094867238756
1424.390039935112,-74.20460083387931,-74.20460083387931
1424.400039935112,-74.19971235485899,-74.19971235485899
1424.410039935112,-74.19482179079775,-74.19482179079775
1424.420039935112,-74.18992963776032,-74.18992963776032
1424.430039935112,-74.18503638394331,-74.18503638394331
1424.440039935112,-74.18014250977613,-74.18014250977613
1424.450039935112,-74.175248487976,-74.175248487976
1424.460039935112,-74.17035478366171,-74.17035478366171
1424.470039935112,-74.165461854423,-74.165461854423
1424.480039935112,-74.16057015038704,-74.16057015038704
1424.490039935112,-74.15568011432093,-74.15568011432093
1424.500039935112,-74.15079218170706,-74.15079218170706
1424.510039935112,-74.14590678083157,-74.14590678083157
1424.520039935112,-74.14102433285174,-74.14102433285174
1424.530039935112,-74.1361452519,-74.1361452519
1424.540039935112,-74.13126994514315,-74.13126994514315
1424.550039935112,-74.12639881287907,-74.12639881287907
1424.560039935112,-74.1215322486135,-74.1215322486135
1424.570039935112,-74.11667063915868,-74.11667063915868
1424.580039935112,-74.11181436467959,-74.11181436467959
1424.590039935112,-74.10696379881041,-74.10696379881041
1424.6000399589539,-74.1021192971703,-74.1021192971703
1424.6100399589538,-74.09728124363784,-74.09728124363784
1424.6200399589538,-74.09244998113742,-74.09244998113742
1424.6300399589538,-74.08762585792087,-74.08762585792087
1424.6400399589538,-74.08280921609607,-74.08280921609607
1424.6500399589538,-74.07800039170651,-74.07800039170651
1424.6600399589538,-74.07319971481601,-74.07319971481601
1424.6700399589538,-74.06840750955982,-74.06840750955982
1424.6800399589538,-74.0636240942587,-74.0636240942587
1424.6900399589538,-74.05884978146905,-74.05884978146905
1424.7000399589538,-74.05408487807023,-74.05408487807023
1424.7100399589538,-74.04932968534447,-74.04932968534447
1424.7200399589537,-74.0445844990443,-74.0445844990443
1424.730039958954,-74.03984960946374,-74.03984960946374
1424.740039958954,-74.03512530151076,-74.03512530151076
1424.750039958954,-74.03041185479418,-74.03041185479418
1424.760039958954,-74.02570954369715,-74.02570954369715
1424.770039958954,-74.02101863742858,-74.02101863742858
1424.780039958954,-74.01633940010913,-74.01633940010913
1424.790039958954,-74.01167209083573,-74.01167209083573
1424.800039958954,-74.00701696375326,-74.00701696375326
1424.810039958954,-74.0023742681385,-74.0023742681385
1424.8200399589539,-73.99774424843751,-73.99774424843751
1424.8300399589539,-73.99312714436309,-73.99312714436309
1424.8400399589539,-73.98852319093537,-73.98852319093537
1424.8500399589539,-73.98393261858091,-73.98393261858091
1424.8600399589538,-73.97935565315635,-73.97935565315635
1424.8700399589538,-73.97479251605789,-73.97479251605789
1424.8800399589538,-73.97024342425192,-73.97024342425192
1424.8900399589538,-73.96570859035668,-73.96570859035668
1424.9000399589538,-73.96118822269096,-73.96118822269096
1424.9100399589538,-73.95668252535148,-73.95668252535148
1424.9200399589538,-73.95219169825643,-73.95219169825643
1424.9300399589538,-73.94771593723456,-73.94771593723456
1424.9400399589538,-73.94325543404214,-73.94325543404214
1424.9500399589538,-73.93881037647,-73.93881037647
1424.9600399589538,-73.93438094836257,-73.93438094836257
1424.9700399589537,-73.92996732969705,-73.92996732969705
1424.980039958954,-73.9255696966303,-73.9255696966303
1424.990039958954,-73.92118822156625,-73.92118822156625
1425.000039958954,-73.91682307320353,-73.91682307320353
1425.010039958954,-73.91247441658994,-73.91247441658994
1425.020039958954,-73.90814241318031,-73.90814241318031
1425.030039958954,-73.90382722088751,-73.90382722088751
1425.040039958954,-73.89952899412525,-73.89952899412525
1425.050039958954,-73.89524788388711,-73.89524788388711
1425.060039958954,-73.8909840377697,-73.8909840377697
1425.0700399589539,-73.8867376000329,-73.8867376000329
1425.0800399589539,-73.88250871166964,-73.88250871166964
1425.0900399589539,-73.87829751042081,-73.87829751042081
1425.1000399589539,-73.87410413085338,-73.87410413085338
1425.1100399589538,-73.86992870438822,-73.86992870438822
1425.1200399589538,-73.86577135935504,-73.86577135935504
1425.1300399589538,-73.86163222103563,-73.86163222103563
1425.1400399589538,-73.85751141173527,-73.85751141173527
1425.1500399589538,-73.85340905077679,-73.85340905077679
1425.1600399589538,-73.84932525460407,-73.84932525460407
1425.1700399589538,-73.84526013677979,-73.84526013677979
1425.1800399589538,-73.84121380805199,-73.84121380805199
1425.1900399589538,-73.83718637639733,-73.83718637639733
1425.2000399589538,-73.83317794705299,-73.83317794705299
1425.2100399589538,-73.82918862257006,-73.82918862257006
1425.2200399589537,-73.82521850284235,-73.82521850284235
1425.230039958954,-73.82126768515566,-73.82126768515566
1425.240039958954,-73.81733626423133,-73.81733626423133
1425.250039958954,-73.81342433225737,-73.81342433225737
1425.260039958954,-73.80953197892732,-73.80953197892732
1425.270039958954,-73.8056592914976,-73.8056592914976
1425.280039958954,-73.80180635479333,-73.80180635479333
1425.290039958954,-73.79797325126042,-73.79797325126042
1425.300039958954,-73.79416006101788,-73.79416006101788
1425.310039958954,-73.79036686187484,-73.79036686187484
1425.3200399589539,-73.78659372936771,-73.78659372936771
1425.3300399589539,-73.78284073680614,-73.78284073680614
1425.3400399589539,-73.77910795529749,-73.77910795529749
1425.3500399589539,-73.7753954537912,-73.7753954537912
1425.3600399589538,-73.77170329910544,-73.77170329910544
1425.3700399589538,-73.76803155594494,-73.76803155594494
1425.3800399589538,-73.76438028697304,-73.76438028697304
1425.3900399589538,-73.76074955281284,-73.76074955281284
1425.4000399589538,-73.75713941208241,-73.75713941208241
1425.4100399589538,-73.75354992143656,-73.75354992143656
1425.4200399589538,-73.74998113559465,-73.74998113559465
1425.4300399589538,-73.74643310735848,-73.74643310735848
1425.4400399589538,-73.7429058876658,-73.7429058876658
1425.4500399827957,-73.73939951724536,-73.73939951724536
1425.4600399827957,-73.73590763703898,-73.73590763703898
1425.4700399827957,-73.73242747974523,-73.73242747974523
1425.4800399827957,-73.72895773081943,-73.72895773081943
1425.4900399827957,-73.72549774318725,-73.72549774318725
1425.5000399827957,-73.72204724082137,-73.72204724082137
1425.5100399827957,-73.7186061647704,-73.7186061647704
1425.5200399827957,-73.7151745828139,-73.7151745828139
1425.5300399827956,-73.7117526352223,-73.7117526352223
1425.5400399827956,-73.70834050206345,-73.70834050206345
1425.5500399827956,-73.70493838364817,-73.70493838364817
1425.5600399827956,-73.70154648884825,-73.70154648884825
1425.5700399827956,-73.69816502828452,-73.69816502828452
1425.5800399827958,-73.69479421041662,-73.69479421041662
1425.5900399827958,-73.6914342394435,-73.6914342394435
1425.6000399827958,-73.68808531424953,-73.68808531424953
1425.6100399827958,-73.68474762804769,-73.68474762804769
1425.6200399827958,-73.68142136833221,-73.68142136833221
1425.6300399827958,-73.67810671708659,-73.67810671708659
1425.6400399827958,-73.6748038510772,-73.6748038510772
1425.6500399827958,-73.67151294217322,-73.67151294217322
1425.6600399827958,-73.66823415770634,-73.66823415770634
1425.6700399827957,-73.66496766077864,-73.66496766077864
1425.6800399827957,-73.66171361059132,-73.66171361059132
1425.6900399827957,-73.6584721626983,-73.6584721626983
1425.7000399827957,-73.65524346924647,-73.65524346924647
1425.7100399827957,-73.65202767919236,-73.65202767919236
1425.7200399827957,-73.64882493848306,-73.64882493848306
1425.7300399827957,-73.64563539023032,-73.64563539023032
1425.7400399827957,-73.64245917482891,-73.64245917482891
1425.7500399827957,-73.63929643008566,-73.63929643008566
1425.7600399827957,-73.63614729131908,-73.63614729131908
1425.7700399827957,-73.6330118914305,-73.6330118914305
1425.7800399827956,-73.62989036100956,-73.62989036100956
1425.7900399827956,-73.62678282837369,-73.62678282837369
1425.8000399827956,-73.62368941961205,-73.62368941961205
1425.8100399827956,-73.62061025867337,-73.62061025867337
1425.8200399827956,-73.61754546735472,-73.61754546735472
1425.8300399827958,-73.61449516536607,-73.61449516536607
1425.8400399827958,-73.6114594703679,-73.6114594703679
1425.8500399827958,-73.60843849797001,-73.60843849797001
1425.8600399827958,-73.60543236176711,-73.60543236176711
1425.8700399827958,-73.60244117335506,-73.60244117335506
1425.8800399827958,-73.59946504236653,-73.59946504236653
1425.8900399827958,-73.5965040764555,-73.5965040764555
1425.9000399827958,-73.5935583813295,-73.5935583813295
1425.9100399827958,-73.59062806078337,-73.59062806078337
1425.9200399827957,-73.58771321664975,-73.58771321664975
1425.9300399827957,-73.58481394889364,-73.58481394889364
1425.9400399827957,-73.58193035555342,-73.58193035555342
1425.9500399827957,-73.57906253279114,-73.57906253279114
1425.9600399827957,-73.57621057488952,-73.57621057488952
1425.9700399827957,-73.57337457426779,-73.57337457426779
1425.9800399827957,-73.57055462147467,-73.57055462147467
1425.9900399827957,-73.56775080523201,-73.56775080523201
1426.0000399827957,-73.56496321242099,-73.56496321242099
1426.0100399827957,-73.56219192809058,-73.56219192809058
1426.0200399827957,-73.5594370354923,-73.5594370354923
1426.0300399827956,-73.55669861605809,-73.55669861605809
1426.0400399827956,-73.55397674943708,-73.55397674943708
1426.0500399827956,-73.55127151350162,-73.55127151350162
1426.0600399827956,-73.54858298435686,-73.54858298435686
1426.0700399827956,-73.54591123633502,-73.54591123633502
1426.0800399827958,-73.54325634205705,-73.54325634205705
1426.0900399827958,-73.5406183723927,-73.5406183723927
1426.1000399827958,-73.5379973964909,-73.5379973964909
1426.1100399827958,-73.53539348181685,-73.53539348181685
1426.1200399827958,-73.53280669411826,-73.53280669411826
1426.1300399827958,-73.53023709748459,-73.53023709748459
1426.1400399827958,-73.52768475432813,-73.52768475432813
1426.1500399827958,-73.52514972542174,-73.52514972542174
1426.1600399827958,-73.52263206990398,-73.52263206990398
1426.1700399827957,-73.52013184528283,-73.52013184528283
1426.1800399827957,-73.51764910746677,-73.51764910746677
1426.1900399827957,-73.51518391076539,-73.51518391076539
1426.2000399827957,-73.5127363079184,-73.5127363079184
1426.2100399827957,-73.51029994545324,-73.51029994545324
1426.2200399827957,-73.50787207543507,-73.50787207543507
1426.2300399827957,-73.50545139000316,-73.50545139000316
1426.2400399827957,-73.50303724695155,-73.50303724695155
1426.2500399827957,-73.50062937422535,-73.50062937422535
1426.2600399827957,-73.49822771643385,-73.49822771643385
1426.2700399827957,-73.495832344775,-73.495832344775
1426.2800399827956,-73.4934434029592,-73.4934434029592
1426.2900399827956,-73.49106107460364,-73.49106107460364
1426.3000400066376,-73.4886855580838,-73.4886855580838
1426.3100400066376,-73.48631707752698,-73.48631707752698
1426.3200400066376,-73.48395584199709,-73.48395584199709
1426.3300400066375,-73.48160206429593,-73.48160206429593
1426.3400400066375,-73.47925595314446,-73.47925595314446
1426.3500400066375,-73.47691771216671,-73.47691771216671
1426.3600400066375,-73.4745875394797,-73.4745875394797
1426.3700400066375,-73.47226562766822,-73.47226562766822
1426.3800400066375,-73.46995216396671,-73.46995216396671
1426.3900400066375,-73.46764733054108,-73.46764733054108
1426.4000400066375,-73.46535130481014,-73.46535130481014
1426.4100400066375,-73.4630642597954,-73.4630642597954
1426.4200400066375,-73.46078636440154,-73.46078636440154
1426.4300400066377,-73.45851778374076,-73.45851778374076
1426.4400400066377,-73.45625867940461,-73.45625867940461
1426.4500400066377,-73.45400920966007,-73.45400920966007
1426.4600400066377,-73.4517695296809,-73.4517695296809
1426.4700400066376,-73.44953979173802,-73.44953979173802
1426.4800400066376,-73.44732014531624,-73.44732014531624
1426.4900400066376,-73.44511073727091,-73.44511073727091
1426.5000400066376,-73.44291171193993,-73.44291171193993
1426.5100400066376,-73.44072321123144,-73.44072321123144
1426.5200400066376,-73.43854537471074,-73.43854537471074
1426.5300400066376,-73.43637833965843,-73.43637833965843
1426.5400400066376,-73.43422224115626,-73.43422224115626
1426.5500400066376,-73.43207721210374,-73.43207721210374
1426.5600400066376,-73.42994338327941,-73.42994338327941
1426.5700400066376,-73.42782088337277,-73.42782088337277
1426.5800400066375,-73.42570983902631,-73.42570983902631
1426.5900400066375,-73.4236103748423,-73.4236103748423
1426.6000400066375,-73.42152261342223,-73.42152261342223
1426.6100400066375,-73.41944667536866,-73.41944667536866
1426.6200400066375,-73.41738267932583,-73.41738267932583
1426.6300400066375,-73.41533074196974,-73.41533074196974
1426.6400400066375,-73.41329097804649,-73.41329097804649
1426.6500400066375,-73.41126350037443,-73.41126350037443
1426.6600400066375,-73.40924841984639,-73.40924841984639
1426.6700400066375,-73.40724584544147,-73.40724584544147
1426.6800400066377,-73.40525588425517,-73.40525588425517
1426.6900400066377,-73.40327864149637,-73.40327864149637
1426.7000400066377,-73.40131422048277,-73.40131422048277
1426.7100400066377,-73.39936272268555,-73.39936272268555
1426.7200400066376,-73.39742424768244,-73.39742424768244
1426.7300400066376,-73.39549889323393,-73.39549889323393
1426.7400400066376,-73.39358675524117,-73.39358675524117
1426.7500400066376,-73.39168792777667,-73.39168792777667
1426.7600400066376,-73.3898025030956,-73.3898025030956
1426.7700400066376,-73.38793057163757,-73.38793057163757
1426.7800400066376,-73.38607222203723,-73.38607222203723
1426.7900400066376,-73.38422754114936,-73.38422754114936
1426.8000400066376,-73.38239661403193,-73.38239661403193
1426.8100400066376,-73.38057952399255,-73.38057952399255
1426.8200400066376,-73.3787763525591,-73.3787763525591
1426.8300400066375,-73.37698717952694,-73.37698717952694
1426.8400400066375,-73.37521208295306,-73.37521208295306
1426.8500400066375,-73.37345113917479,-73.37345113917479
1426.8600400066375,-73.37170442281635,-73.37170442281635
1426.8700400066375,-73.36997200680499,-73.36997200680499
1426.8800400066375,-73.36825396237599,-73.36825396237599
1426.8900400066375,-73.36655035911353,-73.36655035911353
1426.9000400066375,-73.36486126492976,-73.36486126492976
1426.9100400066375,-73.36318674609261,-73.36318674609261
1426.9200400066375,-73.36152686724579,-73.36152686724579
1426.9300400066377,-73.35988169142286,-73.35988169142286
1426.9400400066377,-73.35825128004251,-73.35825128004251
1426.9500400066377,-73.35663569294832,-73.35663569294832
1426.9600400066377,-73.35502859654397,-73.35502859654397
1426.9700400066376,-73.35342725460845,-73.35342725460845
1426.9800400066376,-73.35183036775244,-73.35183036775244
1426.9900400066376,-73.35023730079244,-73.35023730079244
1427.0000400066376,-73.34864778789587,-73.34864778789587
1427.0100400066376,-73.34706177942434,-73.34706177942434
1427.0200400066376,-73.34547935211094,-73.34547935211094
1427.0300400066376,-73.34390065504812,-73.34390065504812
1427.0400400066376,-73.34232587722919,-73.34232587722919
1427.0500400066376,-73.34075522806312,-73.34075522806312
1427.0600400066376,-73.33918892575022,-73.33918892575022
1427.0700400066376,-73.33762719051418,-73.33762719051418
1427.0800400066375,-73.33607024065947,-73.33607024065947
1427.0900400066375,-73.33451829049517,-73.33451829049517
1427.1000400066375,-73.33297154929508,-73.33297154929508
1427.1100400066375,-73.33143022088215,-73.33143022088215
1427.1200400066375,-73.3298945035967,-73.3298945035967
1427.1300400066375,-73.32836459047904,-73.32836459047904
1427.1400400066375,-73.32684066955659,-73.32684066955659
1427.1500400304794,-73.3253229205351,-73.3253229205351
1427.1600400304794,-73.32381152961807,-73.32381152961807
1427.1700400304794,-73.32230666805883,-73.32230666805883
1427.1800400304794,-73.32080850699245,-73.32080850699245
1427.1900400304794,-73.31931721404737,-73.31931721404737
1427.2000400304794,-73.31783295355774,-73.31783295355774
1427.2100400304794,-73.31635588681178,-73.31635588681178
1427.2200400304794,-73.31488617218747,-73.31488617218747
1427.2300400304794,-73.31342396532179,-73.31342396532179
1427.2400400304793,-73.3119694192397,-73.3119694192397
1427.2500400304793,-73.31052268445823,-73.31052268445823
1427.2600400304793,-73.30908390909015,-73.30908390909015
1427.2700400304793,-73.30765323891869,-73.30765323891869
1427.2800400304795,-73.30623081746478,-73.30623081746478
1427.2900400304795,-73.30481678604554,-73.30481678604554
1427.3000400304795,-73.30341128382757,-73.30341128382757
1427.3100400304795,-73.30201444785678,-73.30201444785678
1427.3200400304795,-73.30062641311586,-73.30062641311586
1427.3300400304795,-73.29924731253233,-73.29924731253233
1427.3400400304795,-73.29787727701334,-73.29787727701334
1427.3500400304795,-73.29651643547685,-73.29651643547685
1427.3600400304795,-73.295164914841,-73.295164914841
1427.3700400304795,-73.29382284008356,-73.29382284008356
1427.3800400304794,-73.29249033420784,-73.29249033420784
1427.3900400304794,-73.29116751831496,-73.29116751831496
1427.4000400304794,-73.28985451155815,-73.28985451155815
1427.4100400304794,-73.28855143119564,-73.28855143119564
1427.4200400304794,-73.28725839257136,-73.28725839257136
1427.4300400304794,-73.28597550914631,-73.28597550914631
1427.4400400304794,-73.2847028924828,-73.2847028924828
1427.4500400304794,-73.283440652294,-73.283440652294
1427.4600400304794,-73.28218251085498,-73.28218251085498
1427.4700400304794,-73.28092578365994,-73.28092578365994
1427.4800400304794,-73.27966922119158,-73.27966922119158
1427.4900400304793,-73.27841223710729,-73.27841223710729
1427.5000400304793,-73.277154613725,-73.277154613725
1427.5100400304793,-73.27589634901251,-73.27589634901251
1427.5200400304793,-73.27463756685495,-73.27463756685495
1427.5300400304795,-73.27337846313198,-73.27337846313198
1427.5400400304795,-73.27211927326532,-73.27211927326532
1427.5500400304795,-73.27086025275237,-73.27086025275237
1427.5600400304795,-73.26960166556901,-73.26960166556901
1427.5700400304795,-73.26834377738331,-73.26834377738331
1427.5800400304795,-73.26708685162673,-73.26708685162673
1427.5900400304795,-73.26583114740406,-73.26583114740406
1427.6000400304795,-73.26457691843932,-73.26457691843932
1427.6100400304795,-73.26332441269209,-73.26332441269209
1427.6200400304795,-73.26207387228345,-73.26207387228345
1427.6300400304794,-73.26082553369368,-73.26082553369368
1427.6400400304794,-73.25957962803338,-73.25957962803338
1427.6500400304794,-73.25833638132912,-73.25833638132912
1427.6600400304794,-73.25709601490117,-73.25709601490117
1427.6700400304794,-73.25585874562688,-73.25585874562688
1427.6800400304794,-73.25462478625442,-73.25462478625442
1427.6900400304794,-73.25339434564512,-73.25339434564512
1427.7000400304794,-73.25216762901606,-73.25216762901606
1427.7100400304794,-73.25094483811687,-73.25094483811687
1427.7200400304794,-73.24972617144195,-73.24972617144195
1427.7300400304794,-73.24851182434237,-73.24851182434237
1427.7400400304793,-73.24730198916296,-73.24730198916296
1427.7500400304793,-73.24609685536902,-73.24609685536902
1427.7600400304793,-73.24489660963144,-73.24489660963144
1427.7700400304793,-73.24370143588587,-73.24370143588587
1427.7800400304795,-73.24251151543523,-73.24251151543523
1427.7900400304795,-73.24132702698246,-73.24132702698246
1427.8000400304795,-73.24014814668355,-73.24014814668355
1427.8100400304795,-73.23897504819877,-73.23897504819877
1427.8200400304795,-73.23780790271957,-73.23780790271957
1427.8300400304795,-73.23664687901068,-73.23664687901068
1427.8400400304795,-73.23549214341543,-73.23549214341543
1427.8500400304795,-73.23434385990862,-73.23434385990862
1427.8600400304795,-73.23320219007985,-73.23320219007985
1427.8700400304795,-73.232067293201,-73.232067293201
1427.8800400304794,-73.2309393261879,-73.2309393261879
1427.8900400304794,-73.22981844365975,-73.22981844365975
1427.9000400304794,-73.22870479792022,-73.22870479792022
1427.9100400304794,-73.22759853900119,-73.22759853900119
1427.9200400304794,-73.22649981464696,-73.22649981464696
1427.9300400304794,-73.22540877033971,-73.22540877033971
1427.9400400304794,-73.22432554930347,-73.22432554930347
1427.9500400304794,-73.22325029253983,-73.22325029253983
1427.9600400304794,-73.22218313879151,-73.22218313879151
1427.9700400304794,-73.22112422461525,-73.22112422461525
1427.9800400304794,-73.22007368433356,-73.22007368433356
1427.9900400304793,-73.21903165008302,-73.21903165008302
1428.0000400543213,-73.21799824936282,-73.21799824936282
1428.0100400543213,-73.21697361490148,-73.21697361490148
1428.0200400543213,-73.21595786983528,-73.21595786983528
1428.0300400543213,-73.21495113763166,-73.21495113763166
1428.0400400543213,-73.21395353963908,-73.21395353963908
1428.0500400543212,-73.21296519507483,-73.21296519507483
1428.0600400543212,-73.2119862210645,-73.2119862210645
1428.0700400543212,-73.21101673262304,-73.21101673262304
1428.0800400543212,-73.21005684269335,-73.21005684269335
1428.0900400543212,-73.20910666216768,-73.20910666216768
1428.1000400543212,-73.20816629987637,-73.20816629987637
1428.1100400543212,-73.207235862616,-73.207235862616
1428.1200400543212,-73.20631545517853,-73.20631545517853
1428.1300400543214,-73.20540518033856,-73.20540518033856
1428.1400400543214,-73.20450513889323,-73.20450513889323
1428.1500400543214,-73.20361542967692,-73.20361542967692
1428.1600400543214,-73.20273614956473,-73.20273614956473
1428.1700400543214,-73.20186739348895,-73.20186739348895
1428.1800400543214,-73.20100925448924,-73.20100925448924
1428.1900400543213,-73.20016182368425,-73.20016182368425
1428.2000400543213,-73.19932519032103,-73.19932519032103
1428.2100400543213,-73.19849944177393,-73.19849944177393
1428.2200400543213,-73.1976846635627,-73.1976846635627
1428.2300400543213,-73.19688093940013,-73.19688093940013
1428.2400400543213,-73.19608835117168,-73.19608835117168
1428.2500400543213,-73.19530697898844,-73.19530697898844
1428.2600400543213,-73.19453690115795,-73.19453690115795
1428.2700400543213,-73.19377819426407,-73.19377819426407
1428.2800400543213,-73.19303093313361,-73.19303093313361
1428.2900400543213,-73.19229519088529,-73.19229519088529
1428.3000400543212,-73.19157103893423,-73.19157103893423
1428.3100400543212,-73.19085854701544,-73.19085854701544
1428.3200400543212,-73.190157783207,-73.190157783207
1428.3300400543212,-73.18946881393715,-73.18946881393715
1428.3400400543212,-73.18879170401661,-73.18879170401661
1428.3500400543212,-73.18812651664473,-73.18812651664473
1428.3600400543212,-73.1874733134415,-73.1874733134415
1428.3700400543212,-73.18683215445333,-73.18683215445333
1428.3800400543214,-73.18620309817999,-73.18620309817999
1428.3900400543214,-73.18558620159817,-73.18558620159817
1428.4000400543214,-73.18498152016255,-73.18498152016255
1428.4100400543214,-73.18438910784084,-73.18438910784084
1428.4200400543214,-73.18380901712123,-73.18380901712123
1428.4300400543214,-73.18324129904843,-73.18324129904843
1428.4400400543213,-73.18268600321825,-73.18268600321825
1428.4500400543213,-73.1821431778151,-73.1821431778151
1428.4600400543213,-73.18161286961326,-73.18161286961326
1428.4700400543213,-73.18109512402066,-73.18109512402066
1428.4800400543213,-73.18058998506598,-73.18058998506598
1428.4900400543213,-73.18009749543349,-73.18009749543349
1428.5000400543213,-73.17961769648868,-73.17961769648868
1428.5100400543213,-73.17915062826926,-73.17915062826926
1428.5200400543213,-73.1786963295506,-73.1786963295506
1428.5300400543213,-73.17825483778986,-73.17825483778986
1428.5400400543213,-73.17782618922985,-73.17782618922985
1428.5500400543212,-73.17741041884149,-73.17741041884149
1428.5600400543212,-73.17700756037014,-73.17700756037014
1428.5700400543212,-73.17661764638163,-73.17661764638163
1428.5800400543212,-73.17624070822595,-73.17624070822595
1428.5900400543212,-73.17587677609345,-73.17587677609345
1428.6000400543212,-73.17552587901316,-73.17552587901316
1428.6100400543212,-73.17518804487065,-73.17518804487065
1428.6200400543212,-73.17486330043182,-73.17486330043182
1428.6300400543214,-73.17455167135215,-73.17455167135215
1428.6400400543214,-73.17425318219641,-73.17425318219641
1428.6500400543214,-73.17396785645475,-73.17396785645475
1428.6600400543214,-73.17369571654228,-73.17369571654228
1428.6700400543214,-73.17343678385322,-73.17343678385322
1428.6800400543214,-73.17319107872962,-73.17319107872962
1428.6900400543213,-73.1729586205155,-73.1729586205155
1428.7000400543213,-73.17273942754177,-73.17273942754177
1428.7100400543213,-73.17253351716806,-73.17253351716806
1428.7200400543213,-73.17234090577398,-73.17234090577398
1428.7300400543213,-73.17216160878128,-73.17216160878128
1428.7400400543213,-73.17199564067745,-73.17199564067745
1428.7500400543213,-73.17184301501536,-73.17184301501536
1428.7600400543213,-73.17170374444716,-73.17170374444716
1428.7700400543213,-73.17157784072326,-73.17157784072326
1428.7800400543213,-73.1714653146995,-73.1714653146995
1428.7900400543213,-73.17136617636734,-73.17136617636734
1428.8000400543212,-73.17128043484946,-73.17128043484946
1428.8100400543212,-73.17120809844437,-73.17120809844437
1428.8200400543212,-73.17114917460536,-73.17114917460536
1428.8300400543212,-73.17110366996312,-73.17110366996312
1428.8400400543212,-73.17107159035177,-73.17107159035177
1428.8500400781631,-73.17105294075441,-73.17105294075441
1428.8600400781631,-73.17104772557728,-73.17104772557728
1428.8700400781631,-73.17105594819724,-73.17105594819724
1428.8800400781631,-73.17107761135416,-73.17107761135416
1428.890040078163,-73.17111271704258,-73.17111271704258
1428.900040078163,-73.17116126650699,-73.17116126650699
1428.910040078163,-73.17122326029006,-73.17122326029006
1428.920040078163,-73.17129869821841,-73.17129869821841
1428.930040078163,-73.17138757941763,-73.17138757941763
1428.940040078163,-73.17148990232457,-73.17148990232457
1428.950040078163,-73.1716056647125,-73.1716056647125
1428.960040078163,-73.17173486368425,-73.17173486368425
1428.970040078163,-73.17187749569229,-73.17187749569229
1428.9800400781633,-73.17194618720406,-73.17194618720406
1428.9900400781632,-73.17191633601617,-73.17191633601617
1429.0000400781632,-73.17178177437226,-73.17178177437226
1429.0100400781632,-73.1715413809537,-73.1715413809537
1429.0200400781632,-73.17119556845921,-73.17119556845921
1429.0300400781632,-73.17074530997644,-73.17074530997644
1429.0400400781632,-73.17019184468431,-73.17019184468431
1429.0500400781632,-73.16953657679291,-73.16953657679291
1429.0600400781632,-73.16878103215785,-73.16878103215785
1429.0700400781632,-73.16792683282196,-73.16792683282196
1429.0800400781632,-73.16697567773542,-73.16697567773542
1429.0900400781632,-73.16592932620946,-73.16592932620946
1429.1000400781631,-73.16478958320639,-73.16478958320639
1429.1100400781631,-73.16355828634077,-73.16355828634077
1429.1200400781631,-73.16223729447067,-73.16223729447067
1429.1300400781631,-73.16082847789069,-73.16082847789069
1429.140040078163,-73.1593337099928,-73.1593337099928
1429.150040078163,-73.1577548602627,-73.1577548602627
1429.160040078163,-73.15609378851069,-73.15609378851069
1429.170040078163,-73.1543523401843,-73.1543523401843
1429.180040078163,-73.15253234260948,-73.15253234260948
1429.190040078163,-73.150635602016,-73.150635602016
1429.200040078163,-73.14866390124651,-73.14866390124651
1429.210040078163,-73.14661262251623,-73.14661262251623
1429.220040078163,-73.14448071016237,-73.14448071016237
1429.2300400781633,-73.14226851587622,-73.14226851587622
1429.2400400781632,-73.13997702786759,-73.13997702786759
1429.2500400781632,-73.1376075766025,-73.1376075766025
1429.2600400781632,-73.1351616820566,-73.1351616820566
1429.2700400781632,-73.13264096419945,-73.13264096419945
1429.2800400781632,-73.13004708943942,-73.13004708943942
1429.2900400781632,-73.12738173849411,-73.12738173849411
1429.3000400781632,-73.12464658738094,-73.12464658738094
1429.3100400781632,-73.1218432962601,-73.1218432962601
1429.3200400781632,-73.11897350312304,-73.11897350312304
1429.3300400781632,-73.11603882038872,-73.11603882038872
1429.3400400781632,-73.1130408333044,-73.1130408333044
1429.3500400781631,-73.1099810994178,-73.1099810994178
1429.3600400781631,-73.10686114866871,-73.10686114866871
1429.3700400781631,-73.10368248386294,-73.10368248386294
1429.3800400781631,-73.10044658132874,-73.10044658132874
1429.390040078163,-73.0971548916804,-73.0971548916804
1429.400040078163,-73.09380884058466,-73.09380884058466
1429.410040078163,-73.09040982953388,-73.09040982953388
1429.420040078163,-73.08695923659225,-73.08695923659225
1429.430040078163,-73.08345841708493,-73.08345841708493
1429.440040078163,-73.07990870426936,-73.07990870426936
1429.450040078163,-73.07631140992267,-73.07631140992267
1429.460040078163,-73.07266782490268,-73.07266782490268
1429.470040078163,-73.06897921969428,-73.06897921969428
1429.4800400781633,-73.0652468448584,-73.0652468448584
1429.4900400781632,-73.06147193149923,-73.06147193149923
1429.5000400781632,-73.05765569165638,-73.05765569165638
1429.5100400781632,-73.05379931871019,-73.05379931871019
1429.5200400781632,-73.04990398772453,-73.04990398772453
1429.5300400781632,-73.04597085578706,-73.04597085578706
1429.5400400781632,-73.04200106231796,-73.04200106231796
1429.5500400781632,-73.03799572937113,-73.03799572937113
1429.5600400781632,-73.03395596191731,-73.03395596191731
1429.5700400781632,-73.02988284810301,-73.02988284810301
1429.5800400781632,-73.02577745949966,-73.02577745949966
1429.5900400781632,-73.02164085135597,-73.02164085135597
1429.6000400781631,-73.01747406280957,-73.01747406280957
1429.6100400781631,-73.01327811714431,-73.01327811714431
1429.6200400781631,-73.00905402196034,-73.00905402196034
1429.6300400781631,-73.00480276940928,-73.00480276940928
1429.640040078163,-73.00052533640256,-73.00052533640256
1429.650040078163,-72.99622268477118,-72.99622268477118
1429.660040078163,-72.99189576149692,-72.99189576149692
1429.670040078163,-72.98754549886816,-72.98754549886816
1429.680040078163,-72.98317281468108,-72.98317281468108
1429.690040078163,-72.97877861240333,-72.97877861240333
1429.700040102005,-72.97436377084055,-72.97436377084055
1429.710040102005,-72.96992918627785,-72.96992918627785
1429.720040102005,-72.96547570989576,-72.96547570989576
1429.730040102005,-72.96100418957195,-72.96100418957195
1429.740040102005,-72.95651545973104,-72.95651545973104
1429.750040102005,-72.95201034150074,-72.95201034150074
1429.760040102005,-72.94748964286414,-72.94748964286414
1429.770040102005,-72.94295415882341,-72.94295415882341
1429.780040102005,-72.93840467154077,-72.93840467154077
1429.790040102005,-72.93384195050668,-72.93384195050668
1429.800040102005,-72.92926675269635,-72.92926675269635
1429.810040102005,-72.9246798227286,-72.9246798227286
1429.820040102005,-72.92008189300272,-72.92008189300272
1429.8300401020051,-72.91547368387123,-72.91547368387123
1429.840040102005,-72.91085590375658,-72.91085590375658
1429.850040102005,-72.906229249344,-72.906229249344
1429.860040102005,-72.90159440568894,-72.90159440568894
1429.870040102005,-72.89695204640299,-72.89695204640299
1429.880040102005,-72.89230283376354,-72.89230283376354
1429.890040102005,-72.88764741887226,-72.88764741887226
1429.900040102005,-72.88298644181917,-72.88298644181917
1429.910040102005,-72.8783205317912,-72.8783205317912
1429.920040102005,-72.8736503072339,-72.8736503072339
1429.930040102005,-72.86897637598418,-72.86897637598418
1429.940040102005,-72.8642993354286,-72.8642993354286
1429.950040102005,-72.85961977260712,-72.85961977260712
1429.960040102005,-72.85493826438324,-72.85493826438324
1429.970040102005,-72.85025537756599,-72.85025537756599
1429.980040102005,-72.84557166903868,-72.84557166903868
1429.990040102005,-72.8408876859088,-72.8408876859088
1430.000040102005,-72.83620396562968,-72.83620396562968
1430.010040102005,-72.83152103613602,-72.83152103613602
1430.020040102005,-72.82683941596807,-72.82683941596807
1430.030040102005,-72.82215961442664,-72.82215961442664
1430.040040102005,-72.81748213165612,-72.81748213165612
1430.050040102005,-72.81280745881696,-72.81280745881696
1430.060040102005,-72.80813607817767,-72.80813607817767
1430.070040102005,-72.80346846326997,-72.80346846326997
1430.0800401020051,-72.7988050789807,-72.7988050789807
1430.090040102005,-72.79414638170088,-72.79414638170088
1430.100040102005,-72.78949281943241,-72.78949281943241
1430.110040102005,-72.78484483191743,-72.78484483191743
1430.120040102005,-72.78020285073991,-72.78020285073991
1430.130040102005,-72.77556729945837,-72.77556729945837
1430.140040102005,-72.7709385937287,-72.7709385937287
1430.150040102005,-72.76631714140285,-72.76631714140285
1430.160040102005,-72.76170334264333,-72.76170334264333
1430.170040102005,-72.75709759005129,-72.75709759005129
1430.180040102005,-72.75250026876155,-72.75250026876155
1430.190040102005,-72.74791175655953,-72.74791175655953
1430.200040102005,-72.7433324239999,-72.7433324239999
1430.210040102005,-72.73876263448697,-72.73876263448697
1430.220040102005,-72.73420274440672,-72.73420274440672
1430.230040102005,-72.72965310322381,-72.72965310322381
1430.240040102005,-72.72511405358057,-72.72511405358057
1430.250040102005,-72.72058593141446,-72.72058593141446
1430.260040102005,-72.71606906603616,-72.71606906603616
1430.270040102005,-72.71156378024482,-72.71156378024482
1430.280040102005,-72.70707039043351,-72.70707039043351
1430.290040102005,-72.70258920666858,-72.70258920666858
1430.300040102005,-72.69812053279902,-72.69812053279902
1430.310040102005,-72.69366466654243,-72.69366466654243
1430.320040102005,-72.68922189959117,-72.68922189959117
1430.3300401020051,-72.6847925176923,-72.6847925176923
1430.340040102005,-72.68037680075227,-72.68037680075227
1430.350040102005,-72.67597502291272,-72.67597502291272
1430.360040102005,-72.6715874526552,-72.6715874526552
1430.370040102005,-72.66721435287702,-72.66721435287702
1430.380040102005,-72.6628559809765,-72.6628559809765
1430.390040102005,-72.658512588954,-72.658512588954
1430.400040102005,-72.65418442347692,-72.65418442347692
1430.410040102005,-72.64987172597992,-72.64987172597992
1430.420040102005,-72.64557473273803,-72.64557473273803
1430.430040102005,-72.6412936749482,-72.6412936749482
1430.440040102005,-72.63702877881049,-72.63702877881049
1430.450040102005,-72.63278026560091,-72.63278026560091
1430.460040102005,-72.62854835177126,-72.62854835177126
1430.470040102005,-72.62433324900263,-72.62433324900263
1430.480040102005,-72.62013516427795,-72.62013516427795
1430.490040102005,-72.61595429997669,-72.61595429997669
1430.500040102005,-72.61179085392885,-72.61179085392885
1430.510040102005,-72.60764501951304,-72.60764501951304
1430.520040102005,-72.60351698569879,-72.60351698569879
1430.530040102005,-72.59940693712895,-72.59940693712895
1430.540040102005,-72.59531505418865,-72.59531505418865
1430.5500401258469,-72.59124150337988,-72.59124150337988
1430.5600401258469,-72.58718647622507,-72.58718647622507
1430.5700401258468,-72.5831501310042,-72.5831501310042
1430.5800401258468,-72.5791326317423,-72.5791326317423
1430.5900401258468,-72.5751341385551,-72.5751341385551
1430.6000401258468,-72.57115480767023,-72.57115480767023
1430.6100401258468,-72.56719479155004,-72.56719479155004
1430.6200401258468,-72.56325423888367,-72.56325423888367
1430.6300401258468,-72.55933329470501,-72.55933329470501
1430.6400401258468,-72.55543210041989,-72.55543210041989
1430.6500401258468,-72.55155079387971,-72.55155079387971
1430.6600401258468,-72.54768950943048,-72.54768950943048
1430.6700401258468,-72.54384837797001,-72.54384837797001
1430.680040125847,-72.54002752702291,-72.54002752702291
1430.690040125847,-72.5362270807642,-72.5362270807642
1430.700040125847,-72.53244716009368,-72.53244716009368
1430.710040125847,-72.52868156159913,-72.52868156159913
1430.720040125847,-72.52492763791982,-72.52492763791982
1430.730040125847,-72.5211841620224,-72.5211841620224
1430.740040125847,-72.51745056321094,-72.51745056321094
1430.750040125847,-72.51372663539222,-72.51372663539222
1430.760040125847,-72.51001238539682,-72.51001238539682
1430.770040125847,-72.50630794394198,-72.50630794394198
1430.7800401258469,-72.50261351209032,-72.50261351209032
1430.7900401258469,-72.49892932901194,-72.49892932901194
1430.8000401258469,-72.49525565268384,-72.49525565268384
1430.8100401258469,-72.49159274831474,-72.49159274831474
1430.8200401258468,-72.48794088165577,-72.48794088165577
1430.8300401258468,-72.4843003151165,-72.4843003151165
1430.8400401258468,-72.48067130571563,-72.48067130571563
1430.8500401258468,-72.47705410404696,-72.47705410404696
1430.8600401258468,-72.47344895393434,-72.47344895393434
1430.8700401258468,-72.46985609242833,-72.46985609242833
1430.8800401258468,-72.46627574998699,-72.46627574998699
1430.8900401258468,-72.46270815081213,-72.46270815081213
1430.9000401258468,-72.45915351318028,-72.45915351318028
1430.9100401258468,-72.45561204981654,-72.45561204981654
1430.9200401258468,-72.45208396822783,-72.45208396822783
1430.930040125847,-72.44856947100457,-72.44856947100457
1430.940040125847,-72.44506875614833,-72.44506875614833
1430.950040125847,-72.44158201729411,-72.44158201729411
1430.960040125847,-72.43810944394248,-72.43810944394248
1430.970040125847,-72.43465122169388,-72.43465122169388
1430.980040125847,-72.43120753237956,-72.43120753237956
1430.990040125847,-72.42777855423655,-72.42777855423655
1431.000040125847,-72.42436446205106,-72.42436446205106
1431.010040125847,-72.42096542725402,-72.42096542725402
1431.020040125847,-72.41758161804792,-72.41758161804792
1431.0300401258469,-72.41421319946903,-72.41421319946903
1431.0400401258469,-72.41086033349278,-72.41086033349278
1431.0500401258469,-72.40752317908002,-72.40752317908002
1431.0600401258469,-72.4042018922611,-72.4042018922611
1431.0700401258468,-72.40089662616526,-72.40089662616526
1431.0800401258468,-72.39760753109137,-72.39760753109137
1431.0900401258468,-72.39433475454365,-72.39433475454365
1431.1000401258468,-72.391078441281,-72.391078441281
1431.1100401258468,-72.38783873331998,-72.38783873331998
1431.1200401258468,-72.38461577001468,-72.38461577001468
1431.1300401258468,-72.38140968805489,-72.38140968805489
1431.1400401258468,-72.37822062151079,-72.37822062151079
1431.1500401258468,-72.37504870185928,-72.37504870185928
1431.1600401258468,-72.37189405800332,-72.37189405800332
1431.1700401258468,-72.36875681629623,-72.36875681629623
1431.180040125847,-72.36563710057082,-72.36563710057082
1431.190040125847,-72.36253503217195,-72.36253503217195
1431.200040125847,-72.35945072995975,-72.35945072995975
1431.210040125847,-72.35638431034555,-72.35638431034555
1431.220040125847,-72.35333588730096,-72.35333588730096
1431.230040125847,-72.35030557239621,-72.35030557239621
1431.240040125847,-72.34729347480996,-72.34729347480996
1431.250040125847,-72.34429970135248,-72.34429970135248
1431.260040125847,-72.3413243564853,-72.3413243564853
1431.270040125847,-72.33836754235014,-72.33836754235014
1431.2800401258469,-72.33542935877932,-72.33542935877932
1431.2900401258469,-72.33250990331962,-72.33250990331962
1431.3000401258469,-72.32960927126382,-72.32960927126382
1431.3100401258469,-72.32672755564815,-72.32672755564815
1431.3200401258468,-72.32386484729909,-72.32386484729909
1431.3300401258468,-72.32102123484873,-72.32102123484873
1431.3400401258468,-72.31819680473764,-72.31819680473764
1431.3500401258468,-72.31539164125488,-72.31539164125488
1431.3600401258468,-72.31260582656508,-72.31260582656508
1431.3700401258468,-72.30983944068775,-72.30983944068775
1431.3800401258468,-72.30709256158711,-72.30709256158711
1431.3900401258468,-72.30436526513344,-72.30436526513344
1431.4000401496887,-72.30165761870862,-72.30165761870862
1431.4100401496887,-72.29896970706785,-72.29896970706785
1431.4200401496887,-72.29630159347802,-72.29630159347802
1431.4300401496887,-72.29365334575965,-72.29365334575965
1431.4400401496887,-72.29102502975483,-72.29102502975483
1431.4500401496887,-72.2884167093747,-72.2884167093747
1431.4600401496887,-72.28582844660212,-72.28582844660212
1431.4700401496887,-72.28326030152991,-72.28326030152991
1431.4800401496886,-72.280712332376,-72.280712332376
1431.4900401496886,-72.27818459549252,-72.27818459549252
1431.5000401496886,-72.27567714541209,-72.27567714541209
1431.5100401496886,-72.27319003485837,-72.27319003485837
1431.5200401496886,-72.27072331475944,-72.27072331475944
1431.5300401496888,-72.26827703427453,-72.26827703427453
1431.5400401496888,-72.26585124083212,-72.26585124083212
1431.5500401496888,-72.2634459801247,-72.2634459801247
1431.5600401496888,-72.26106129614669,-72.26106129614669
1431.5700401496888,-72.2586972312182,-72.2586972312182
1431.5800401496888,-72.25635382598925,-72.25635382598925
1431.5900401496888,-72.25403111947679,-72.25403111947679
1431.6000401496888,-72.25172914909311,-72.25172914909311
1431.6100401496888,-72.24944795063459,-72.24944795063459
1431.6200401496887,-72.2471875583465,-72.2471875583465
1431.6300401496887,-72.24494800489754,-72.24494800489754
1431.6400401496887,-72.24272932143778,-72.24272932143778
1431.6500401496887,-72.24053153759823,-72.24053153759823
1431.6600401496887,-72.23835468152086,-72.23835468152086
1431.6700401496887,-72.23619877988493,-72.23619877988493
1431.6800401496887,-72.23406385790352,-72.23406385790352
1431.6900401496887,-72.2319499393663,-72.2319499393663
1431.7000401496887,-72.2298570466558,-72.2298570466558
1431.7100401496887,-72.22778520075681,-72.22778520075681
1431.7200401496887,-72.2257344212849,-72.2257344212849
1431.7300401496886,-72.22370472649973,-72.22370472649973
1431.7400401496886,-72.22169613333875,-72.22169613333875
1431.7500401496886,-72.21970865741308,-72.21970865741308
1431.7600401496886,-72.21774231304747,-72.21774231304747
1431.7700401496886,-72.21579711328651,-72.21579711328651
1431.7800401496888,-72.2138730699156,-72.2138730699156
1431.7900401496888,-72.21197019349803,-72.21197019349803
1431.8000401496888,-72.21008849334748,-72.21008849334748
1431.8100401496888,-72.20822797760725,-72.20822797760725
1431.8200401496888,-72.20638865321482,-72.20638865321482
1431.8300401496888,-72.20457052594607,-72.20457052594607
1431.8400401496888,-72.20277360043079,-72.20277360043079
1431.8500401496888,-72.20099788016812,-72.20099788016812
1431.8600401496888,-72.19924336754639,-72.19924336754639
1431.8700401496887,-72.19751006384858,-72.19751006384858
1431.8800401496887,-72.19579796928424,-72.19579796928424
1431.8900401496887,-72.19410708299391,-72.19410708299391
1431.9000401496887,-72.19243740307556,-72.19243740307556
1431.9100401496887,-72.19078892659557,-72.19078892659557
1431.9200401496887,-72.18916164960922,-72.18916164960922
1431.9300401496887,-72.18755556717717,-72.18755556717717
1431.9400401496887,-72.18597067337024,-72.18597067337024
1431.9500401496887,-72.18440696129096,-72.18440696129096
1431.9600401496887,-72.18285813070312,-72.18285813070312
1431.9700401496887,-72.18132142155304,-72.18132142155304
1431.9800401496886,-72.17979548910041,-72.17979548910041
1431.9900401496886,-72.17827964374257,-72.17827964374257
1432.0000401496886,-72.17677356073148,-72.17677356073148
1432.0100401496886,-72.17527712922518,-72.17527712922518
1432.0200401496886,-72.17379036373276,-72.17379036373276
1432.0300401496888,-72.17231335079995,-72.17231335079995
1432.0400401496888,-72.17084621697406,-72.17084621697406
1432.0500401496888,-72.16938910951951,-72.16938910951951
1432.0600401496888,-72.16794218495919,-72.16794218495919
1432.0700401496888,-72.16650560233273,-72.16650560233273
1432.0800401496888,-72.16507951935132,-72.16507951935132
1432.0900401496888,-72.16366409028052,-72.16366409028052
1432.1000401496888,-72.16225946493371,-72.16225946493371
1432.1100401496888,-72.16086578823813,-72.16086578823813
1432.1200401496887,-72.15948320024391,-72.15948320024391
1432.1300401496887,-72.15811183626191,-72.15811183626191
1432.1400401496887,-72.15675182715222,-72.15675182715222
1432.1500401496887,-72.15540329963854,-72.15540329963854
1432.1600401496887,-72.15406637663816,-72.15406637663816
1432.1700401496887,-72.15274117755662,-72.15274117755662
1432.1800401496887,-72.15142781858889,-72.15142781858889
1432.1900401496887,-72.15012641297857,-72.15012641297857
1432.2000401496887,-72.14883707123134,-72.14883707123134
1432.2100401496887,-72.1475599013227,-72.1475599013227
1432.2200401496887,-72.14629500887334,-72.14629500887334
1432.2300401496886,-72.14504249729629,-72.14504249729629
1432.2400401496886,-72.14380246791485,-72.14380246791485
1432.2500401735306,-72.14257501715684,-72.14257501715684
1432.2600401735306,-72.1413602483875,-72.1413602483875
1432.2700401735306,-72.1401582542829,-72.1401582542829
1432.2800401735306,-72.13896912878016,-72.13896912878016
1432.2900401735305,-72.1377929641162,-72.1377929641162
1432.3000401735305,-72.13662985088811,-72.13662985088811
1432.3100401735305,-72.1354798780994,-72.1354798780994
1432.3200401735305,-72.13434313317036,-72.13434313317036
1432.3300401735305,-72.1332197019922,-72.1332197019922
1432.3400401735305,-72.13210966893355,-72.13210966893355
1432.3500401735305,-72.13101311685821,-72.13101311685821
1432.3600401735305,-72.12993012716268,-72.12993012716268
1432.3700401735305,-72.12886077974727,-72.12886077974727
1432.3800401735307,-72.12780515307068,-72.12780515307068
1432.3900401735307,-72.12676332414175,-72.12676332414175
1432.4000401735307,-72.12573536851656,-72.12573536851656
1432.4100401735307,-72.12472136032657,-72.12472136032657
1432.4200401735307,-72.12372137227402,-72.12372137227402
1432.4300401735306,-72.12273547562981,-72.12273547562981
1432.4400401735306,-72.12176374025795,-72.12176374025795
1432.4500401735306,-72.12080623460898,-72.12080623460898
1432.4600401735306,-72.11986302572518,-72.11986302572518
1432.4700401735306,-72.11893417923852,-72.11893417923852
1432.4800401735306,-72.11801975939483,-72.11801975939483
1432.4900401735306,-72.11711982904667,-72.11711982904667
1432.5000401735306,-72.11623444965241,-72.11623444965241
1432.5100401735306,-72.11536368127963,-72.11536368127963
1432.5200401735306,-72.1145075826365,-72.1145075826365
1432.5300401735306,-72.11366621105395,-72.11366621105395
1432.5400401735305,-72.11283962248933,-72.11283962248933
1432.5500401735305,-72.1120278715412,-72.1120278715412
1432.5600401735305,-72.11123101146364,-72.11123101146364
1432.5700401735305,-72.110449094159,-72.110449094159
1432.5800401735305,-72.10968217018224,-72.10968217018224
1432.5900401735305,-72.10893028876147,-72.10893028876147
1432.6000401735305,-72.10819349780462,-72.10819349780462
1432.6100401735305,-72.10747184389291,-72.10747184389291
1432.6200401735305,-72.10676537230123,-72.10676537230123
1432.6300401735307,-72.10607412700786,-72.10607412700786
1432.6400401735307,-72.10539815069488,-72.10539815069488
1432.6500401735307,-72.10473748476637,-72.10473748476637
1432.6600401735307,-72.10409216934154,-72.10409216934154
1432.6700401735307,-72.10346224328302,-72.10346224328302
1432.6800401735306,-72.10284774420067,-72.10284774420067
1432.6900401735306,-72.10224870845767,-72.10224870845767
1432.7000401735306,-72.10166517117352,-72.10166517117352
1432.7100401735306,-72.10109088071852,-72.10109088071852
1432.7200401735306,-72.10052312063752,-72.10052312063752
1432.7300401735306,-72.09996058755637,-72.09996058755637
1432.7400401735306,-72.09940263197944,-72.09940263197944
1432.7500401735306,-72.09884896837823,-72.09884896837823
1432.7600401735306,-72.09829952456269,-72.09829952456269
1432.7700401735306,-72.09775435318724,-72.09775435318724
1432.7800401735306,-72.09721357862152,-72.09721357862152
1432.7900401735305,-72.09667736493667,-72.09667736493667
1432.8000401735305,-72.09614589667524,-72.09614589667524
1432.8100401735305,-72.09561936741927,-72.09561936741927
1432.8200401735305,-72.09509797304776,-72.09509797304776
1432.8300401735305,-72.0945819079126,-72.0945819079126
1432.8400401735305,-72.0940713627113,-72.0940713627113
1432.8500401735305,-72.0935665234835,-72.0935665234835
1432.8600401735305,-72.09306757118168,-72.09306757118168
1432.8700401735305,-72.09257468165092,-72.09257468165092
1432.8800401735307,-72.09208802577378,-72.09208802577378
1432.8900401735307,-72.0916077697642,-72.0916077697642
1432.9000401735307,-72.09113407546366,-72.09113407546366
1432.9100401735307,-72.090667100654,-72.090667100654
1432.9200401735307,-72.09020699937572,-72.09020699937572
1432.9300401735306,-72.08975392221484,-72.08975392221484
1432.9400401735306,-72.08930801654417,-72.08930801654417
1432.9500401735306,-72.08886942674191,-72.08886942674191
1432.9600401735306,-72.0884382944041,-72.0884382944041
1432.9700401735306,-72.08801475851341,-72.08801475851341
1432.9800401735306,-72.08759895556962,-72.08759895556962
1432.9900401735306,-72.08719101973568,-72.08719101973568
1433.0000401735306,-72.08679108293262,-72.08679108293262
1433.0100401735306,-72.08639927492122,-72.08639927492122
1433.0200401735306,-72.08601572340807,-72.08601572340807
1433.0300401735306,-72.08564055406511,-72.08564055406511
1433.0400401735305,-72.08527389064143,-72.08527389064143
1433.0500401735305,-72.08491585494798,-72.08491585494798
1433.0600401735305,-72.08456656694703,-72.08456656694703
1433.0700401735305,-72.08422614475673,-72.08422614475673
1433.0800401735305,-72.08389470468131,-72.08389470468131
1433.0900401735305,-72.08357236124496,-72.08357236124496
1433.1000401973724,-72.08325922646098,-72.08325922646098
1433.1100401973724,-72.0829554128589,-72.0829554128589
1433.1200401973724,-72.0826610289197,-72.0826610289197
1433.1300401973724,-72.08237618220306,-72.08237618220306
1433.1400401973724,-72.082100978537,-72.082100978537
1433.1500401973724,-72.08183552205499,-72.08183552205499
1433.1600401973724,-72.08157991520427,-72.08157991520427
1433.1700401973724,-72.08133425872883,-72.08133425872883
1433.1800401973724,-72.08109865170503,-72.08109865170503
1433.1900401973724,-72.08087319153464,-72.08087319153464
1433.2000401973723,-72.08065797394852,-72.08065797394852
1433.2100401973723,-72.08045309302611,-72.08045309302611
1433.2200401973723,-72.08025864118758,-72.08025864118758
1433.2300401973725,-72.08007470921551,-72.08007470921551
1433.2400401973725,-72.07990138624247,-72.07990138624247
1433.2500401973725,-72.07973875977376,-72.07973875977376
1433.2600401973725,-72.07958691569301,-72.07958691569301
1433.2700401973725,-72.07944593825448,-72.07944593825448
1433.2800401973725,-72.07931591011904,-72.07931591011904
1433.2900401973725,-72.07919691232614,-72.07919691232614
1433.3000401973725,-72.07908902434075,-72.07908902434075
1433.3100401973725,-72.07899232401735,-72.07899232401735
1433.3200401973725,-72.07890688765347,-72.07890688765347
1433.3300401973725,-72.07883278997176,-72.07883278997176
1433.3400401973724,-72.07877010412575,-72.07877010412575
1433.3500401973724,-72.07871890173163,-72.07871890173163
1433.3600401973724,-72.07867925286943,-72.07867925286943
1433.3700401973724,-72.07865122607132,-72.07865122607132
1433.3800401973724,-72.07863488836543,-72.07863488836543
1433.3900401973724,-72.0786303052734,-72.0786303052734
1433.4000401973724,-72.07863754080944,-72.07863754080944
1433.4100401973724,-72.07865665751073,-72.07865665751073
1433.4200401973724,-72.07868771644331,-72.07868771644331
1433.4300401973724,-72.07873077720411,-72.07873077720411
1433.4400401973724,-72.07878589793592,-72.07878589793592
1433.4500401973723,-72.07885313535407,-72.07885313535407
1433.4600401973723,-72.07893254475064,-72.07893254475064
1433.4700401973723,-72.07902417999853,-72.07902417999853
1433.4800401973725,-72.07912809357128,-72.07912809357128
1433.4900401973725,-72.07924433655083,-72.07924433655083
1433.5000401973725,-72.07937295866122,-72.07937295866122
1433.5100401973725,-72.0795140082509,-72.0795140082509
1433.5200401973725,-72.07966753233447,-72.07966753233447
1433.5300401973725,-72.07983357658318,-72.07983357658318
1433.5400401973725,-72.08001218535476,-72.08001218535476
1433.5500401973725,-72.08020340169607,-72.08020340169607
1433.5600401973725,-72.08040726736343,-72.08040726736343
1433.5700401973725,-72.08062382283666,-72.08062382283666
1433.5800401973725,-72.08085310734226,-72.08085310734226
1433.5900401973724,-72.0810951588268,-72.0810951588268
1433.6000401973724,-72.08135001403087,-72.08135001403087
1433.6100401973724,-72.08161770845743,-72.08161770845743
1433.6200401973724,-72.08189827640948,-72.08189827640948
1433.6300401973724,-72.08219175098755,-72.08219175098755
1433.6400401973724,-72.08249816411481,-72.08249816411481
1433.6500401973724,-72.0828175465489,-72.0828175465489
1433.6600401973724,-72.08314992790326,-72.08314992790326
1433.6700401973724,-72.08349533664534,-72.08349533664534
1433.6800401973724,-72.0838538001154,-72.0838538001154
1433.6900401973724,-72.08422534455482,-72.08422534455482
1433.7000401973723,-72.08460999510743,-72.08460999510743
1433.7100401973723,-72.08500777582726,-72.08500777582726
1433.7200401973723,-72.08541870970487,-72.08541870970487
1433.7300401973725,-72.08584281867564,-72.08584281867564
1433.7400401973725,-72.08628012364767,-72.08628012364767
1433.7500401973725,-72.08673064447575,-72.08673064447575
1433.7600401973725,-72.0871944000335,-72.0871944000335
1433.7700401973725,-72.08764148090647,-72.08764148090647
1433.7800401973725,-72.08805489919452,-72.08805489919452
1433.7900401973725,-72.08842511162882,-72.08842511162882
1433.8000401973725,-72.08874616341413,-72.08874616341413
1433.8100401973725,-72.08901397664805,-72.08901397664805
1433.8200401973725,-72.08922557829702,-72.08922557829702
1433.8300401973725,-72.08937872903557,-72.08937872903557
1433.8400401973724,-72.08947172883526,-72.08947172883526
1433.8500401973724,-72.08950330321917,-72.08950330321917
1433.8600401973724,-72.08947252812405,-72.08947252812405
1433.8700401973724,-72.08937877458554,-72.08937877458554
1433.8800401973724,-72.08922166489324,-72.08922166489324
1433.8900401973724,-72.08900103612108,-72.08900103612108
1433.9000401973724,-72.08871690911066,-72.08871690911066
1433.9100401973724,-72.08836946174836,-72.08836946174836
1433.9200401973724,-72.0879590058662,-72.0879590058662
1433.9300401973724,-72.08748596725607,-72.08748596725607
1433.9400401973724,-72.08695086838358,-72.08695086838358
1433.9500402212143,-72.08635431200598,-72.08635431200598
1433.9600402212143,-72.08569068925567,-72.08569068925567
1433.9700402212143,-72.08495797972472,-72.08495797972472
1433.9800402212143,-72.08415562589373,-72.08415562589373
1433.9900402212143,-72.08328376482658,-72.08328376482658
1434.0000402212142,-72.08234293128604,-72.08234293128604
1434.0100402212142,-72.08133390103517,-72.08133390103517
1434.0200402212142,-72.08025759720027,-72.08025759720027
1434.0300402212142,-72.07911503263004,-72.07911503263004
1434.0400402212142,-72.07790727398145,-72.07790727398145
1434.0500402212142,-72.07663541919052,-72.07663541919052
1434.0600402212142,-72.07530058311269,-72.07530058311269
1434.0700402212142,-72.0739038883203,-72.0739038883203
1434.0800402212144,-72.07244645909549,-72.07244645909549
1434.0900402212144,-72.07092941745786,-72.07092941745786
1434.1000402212144,-72.06935388056894,-72.06935388056894
1434.1100402212144,-72.06772095891708,-72.06772095891708
1434.1200402212144,-72.06603175511532,-72.06603175511532
1434.1300402212144,-72.0642873630323,-72.0642873630323
1434.1400402212143,-72.06248886721137,-72.06248886721137
1434.1500402212143,-72.0606373424229,-72.0606373424229
1434.1600402212143,-72.05873385334509,-72.05873385334509
1434.1700402212143,-72.05677945434063,-72.05677945434063
1434.1800402212143,-72.05477518926536,-72.05477518926536
1434.1900402212143,-72.05272209134213,-72.05272209134213
1434.2000402212143,-72.0506211830649,-72.0506211830649
1434.2100402212143,-72.04847347610097,-72.04847347610097
1434.2200402212143,-72.04627997128121,-72.04627997128121
1434.2300402212143,-72.04404165853026,-72.04404165853026
1434.2400402212143,-72.04175951686008,-72.04175951686008
1434.2500402212142,-72.03943451434806,-72.03943451434806
1434.2600402212142,-72.03706760815273,-72.03706760815273
1434.2700402212142,-72.034659744528,-72.034659744528
1434.2800402212142,-72.032211858848,-72.032211858848
1434.2900402212142,-72.02972487561563,-72.02972487561563
1434.3000402212142,-72.0271997085196,-72.0271997085196
1434.3100402212142,-72.02463726047164,-72.02463726047164
1434.3200402212142,-72.02203842365532,-72.02203842365532
1434.3300402212144,-72.019404079583,-72.019404079583
1434.3400402212144,-72.0167350991491,-72.0167350991491
1434.3500402212144,-72.01403234269053,-72.01403234269053
1434.3600402212144,-72.01129666006028,-72.01129666006028
1434.3700402212144,-72.0085288907088,-72.0085288907088
1434.3800402212144,-72.00572986371769,-72.00572986371769
1434.3900402212143,-72.00290039791763,-72.00290039791763
1434.4000402212143,-72.00004130194438,-72.00004130194438
1434.4100402212143,-71.99715337431316,-71.99715337431316
1434.4200402212143,-71.99423740351186,-71.99423740351186
1434.4300402212143,-71.99129416808658,-71.99129416808658
1434.4400402212143,-71.98832443671294,-71.98832443671294
1434.4500402212143,-71.98532896829232,-71.98532896829232
1434.4600402212143,-71.98230851202439,-71.98230851202439
1434.4700402212143,-71.97926380751342,-71.97926380751342
1434.4800402212143,-71.97619558484166,-71.97619558484166
1434.4900402212143,-71.97310456464508,-71.97310456464508
1434.5000402212142,-71.96999145823317,-71.96999145823317
1434.5100402212142,-71.96685696766352,-71.96685696766352
1434.5200402212142,-71.96370178581506,-71.96370178581506
1434.5300402212142,-71.96052659649192,-71.96052659649192
1434.5400402212142,-71.95733207451191,-71.95733207451191
1434.5500402212142,-71.95411888580577,-71.95411888580577
1434.5600402212142,-71.95088768748433,-71.95088768748433
1434.5700402212142,-71.94763912793239,-71.94763912793239
1434.5800402212144,-71.94437384690409,-71.94437384690409
1434.5900402212144,-71.9410924756049,-71.9410924756049
1434.6000402212144,-71.93779563679756,-71.93779563679756
1434.6100402212144,-71.93448394485911,-71.93448394485911
1434.6200402212144,-71.93115800588507,-71.93115800588507
1434.6300402212144,-71.92781841778186,-71.92781841778186
1434.6400402212143,-71.92446577034083,-71.92446577034083
1434.6500402212143,-71.92110064532476,-71.92110064532476
1434.6600402212143,-71.917723616563,-71.917723616563
1434.6700402212143,-71.91433525003428,-71.91433525003428
1434.6800402212143,-71.91093610393071,-71.91093610393071
1434.6900402212143,-71.90752672877235,-71.90752672877235
1434.7000402212143,-71.90410766746622,-71.90410766746622
1434.7100402212143,-71.90067318957746,-71.90067318957746
1434.7200402212143,-71.89722108073877,-71.89722108073877
1434.7300402212143,-71.89375052904742,-71.89375052904742
1434.7400402212143,-71.8902613686382,-71.8902613686382
1434.7500402212142,-71.88675379074381,-71.88675379074381
1434.7600402212142,-71.88322819348755,-71.88322819348755
1434.7700402212142,-71.8796850938065,-71.8796850938065
1434.7800402212142,-71.87612507450932,-71.87612507450932
1434.7900402212142,-71.87254875245117,-71.87254875245117
1434.8000402450562,-71.86895675085205,-71.86895675085205
1434.8100402450561,-71.86534972216866,-71.86534972216866
1434.8200402450561,-71.86172829020252,-71.86172829020252
1434.8300402450561,-71.85809308042458,-71.85809308042458
1434.8400402450561,-71.85444470942872,-71.85444470942872
1434.850040245056,-71.85078378393366,-71.85078378393366
1434.860040245056,-71.84711090044223,-71.84711090044223
1434.870040245056,-71.8434266452413,-71.8434266452413
1434.880040245056,-71.83973159462542,-71.83973159462542
1434.890040245056,-71.83602631522115,-71.83602631522115
1434.900040245056,-71.83231136431768,-71.83231136431768
1434.910040245056,-71.82858729026103,-71.82858729026103
1434.920040245056,-71.82485463278607,-71.82485463278607
1434.9300402450563,-71.82111392336031,-71.82111392336031
1434.9400402450563,-71.81736568548406,-71.81736568548406
1434.9500402450562,-71.81361043495278,-71.81361043495278
1434.9600402450562,-71.80984868011298,-71.80984868011298
1434.9700402450562,-71.80608092207288,-71.80608092207288
1434.9800402450562,-71.80230765488884,-71.80230765488884
1434.9900402450562,-71.79852936576032,-71.79852936576032
1435.0000402450562,-71.7947465351555,-71.7947465351555
1435.0100402450562,-71.79095963697142,-71.79095963697142
1435.0200402450562,-71.78716913864952,-71.78716913864952
1435.0300402450562,-71.78337550126899,-71.78337550126899
1435.0400402450562,-71.77957917968212,-71.77957917968212
1435.0500402450562,-71.77578062257943,-71.77578062257943
1435.0600402450561,-71.77198027258721,-71.77198027258721
1435.0700402450561,-71.76817856633637,-71.76817856633637
1435.0800402450561,-71.76437593453818,-71.76437593453818
1435.0900402450561,-71.76057280205345,-71.76057280205345
1435.100040245056,-71.75676958795438,-71.75676958795438
1435.110040245056,-71.7529667055902,-71.7529667055902
1435.120040245056,-71.74916456263591,-71.74916456263591
1435.130040245056,-71.74536356115252,-71.74536356115252
1435.140040245056,-71.74156409764856,-71.74156409764856
1435.150040245056,-71.73776656311745,-71.73776656311745
1435.160040245056,-71.73397134309081,-71.73397134309081
1435.170040245056,-71.73017881770593,-71.73017881770593
1435.1800402450563,-71.7263893617237,-71.7263893617237
1435.1900402450563,-71.72260334461123,-71.72260334461123
1435.2000402450562,-71.71882113056225,-71.71882113056225
1435.2100402450562,-71.71504307854603,-71.71504307854603
1435.2200402450562,-71.71126954236355,-71.71126954236355
1435.2300402450562,-71.70750087070066,-71.70750087070066
1435.2400402450562,-71.70373740715182,-71.70373740715182
1435.2500402450562,-71.69997949027783,-71.69997949027783
1435.2600402450562,-71.69622745366047,-71.69622745366047
1435.2700402450562,-71.69248162592416,-71.69248162592416
1435.2800402450562,-71.68874233080705,-71.68874233080705
1435.2900402450562,-71.68500988718004,-71.68500988718004
1435.3000402450562,-71.68128460912011,-71.68128460912011
1435.3100402450561,-71.6775668059229,-71.6775668059229
1435.3200402450561,-71.67385678218503,-71.67385678218503
1435.3300402450561,-71.67015483781742,-71.67015483781742
1435.3400402450561,-71.66646126809646,-71.66646126809646
1435.350040245056,-71.66277636372526,-71.66277636372526
1435.360040245056,-71.65910041085392,-71.65910041085392
1435.370040245056,-71.6554336911515,-71.6554336911515
1435.380040245056,-71.65177648183649,-71.65177648183649
1435.390040245056,-71.64812905570936,-71.64812905570936
1435.400040245056,-71.64449168120612,-71.64449168120612
1435.410040245056,-71.6408646224608,-71.6408646224608
1435.420040245056,-71.63724813932448,-71.63724813932448
1435.4300402450563,-71.63364248741391,-71.63364248741391
1435.4400402450563,-71.6300479181704,-71.6300479181704
1435.4500402450562,-71.62646467889182,-71.62646467889182
1435.4600402450562,-71.62289301277907,-71.62289301277907
1435.4700402450562,-71.6193331589683,-71.6193331589683
1435.4800402450562,-71.61578535259514,-71.61578535259514
1435.4900402450562,-71.61224982483428,-71.61224982483428
1435.5000402450562,-71.60872680292339,-71.60872680292339
1435.5100402450562,-71.6052165102238,-71.6052165102238
1435.5200402450562,-71.60171916625282,-71.60171916625282
1435.5300402450562,-71.59823498674184,-71.59823498674184
1435.5400402450562,-71.59472817613299,-71.59472817613299
1435.5500402450562,-71.59119821493586,-71.59119821493586
1435.5600402450561,-71.58764644772015,-71.58764644772015
1435.5700402450561,-71.5840730773633,-71.5840730773633
1435.5800402450561,-71.58047745859454,-71.58047745859454
1435.5900402450561,-71.57685847753646,-71.57685847753646
1435.600040245056,-71.57321479214279,-71.57321479214279
1435.610040245056,-71.56954497556526,-71.56954497556526
1435.620040245056,-71.56584760164431,-71.56584760164431
1435.630040245056,-71.56212129567476,-71.56212129567476
1435.640040245056,-71.55836476382132,-71.55836476382132
1435.650040268898,-71.55457680012344,-71.55457680012344
1435.660040268898,-71.5507563299924,-71.5507563299924
1435.670040268898,-71.54690235882623,-71.54690235882623
1435.680040268898,-71.5430140064399,-71.5430140064399
1435.690040268898,-71.53909049530883,-71.53909049530883
1435.700040268898,-71.53513114625859,-71.53513114625859
1435.710040268898,-71.53113537361446,-71.53113537361446
1435.720040268898,-71.52710268008484,-71.52710268008484
1435.730040268898,-71.5230326515801,-71.5230326515801
1435.740040268898,-71.51892495214607,-71.51892495214607
1435.750040268898,-71.5147793190686,-71.5147793190686
1435.760040268898,-71.51059555816474,-71.51059555816474
1435.770040268898,-71.50637353936766,-71.50637353936766
1435.7800402688981,-71.50211319253256,-71.50211319253256
1435.790040268898,-71.49781450348594,-71.49781450348594
1435.800040268898,-71.49347751035062,-71.49347751035062
1435.810040268898,-71.48910230004181,-71.48910230004181
1435.820040268898,-71.4846890050386,-71.4846890050386
1435.830040268898,-71.48023780031615,-71.48023780031615
1435.840040268898,-71.47574890050701,-71.47574890050701
1435.850040268898,-71.47122255717665,-71.47122255717665
1435.860040268898,-71.46665905634626,-71.46665905634626
1435.870040268898,-71.46205871610077,-71.46205871610077
1435.880040268898,-71.4574218843802,-71.4574218843802
1435.890040268898,-71.45274893687369,-71.45274893687369
1435.900040268898,-71.44804027505455,-71.44804027505455
1435.910040268898,-71.4432963243452,-71.4432963243452
1435.920040268898,-71.43851753235309,-71.43851753235309
1435.930040268898,-71.43370436722537,-71.43370436722537
1435.940040268898,-71.42885731610781,-71.42885731610781
1435.950040268898,-71.42397688368222,-71.42397688368222
1435.960040268898,-71.41906359077382,-71.41906359077382
1435.970040268898,-71.41411797305969,-71.41411797305969
1435.980040268898,-71.40914057982911,-71.40914057982911
1435.990040268898,-71.4041319728322,-71.4041319728322
1436.000040268898,-71.39909272516486,-71.39909272516486
1436.010040268898,-71.39402342023969,-71.39402342023969
1436.020040268898,-71.38892465080964,-71.38892465080964
1436.0300402688981,-71.38379701801695,-71.38379701801695
1436.040040268898,-71.37864113054626,-71.37864113054626
1436.050040268898,-71.37345760378109,-71.37345760378109
1436.060040268898,-71.3682470590155,-71.3682470590155
1436.070040268898,-71.36301012270846,-71.36301012270846
1436.080040268898,-71.35774742581121,-71.35774742581121
1436.090040268898,-71.35245960307182,-71.35245960307182
1436.100040268898,-71.34714729242152,-71.34714729242152
1436.110040268898,-71.34181113438918,-71.34181113438918
1436.120040268898,-71.33645177153888,-71.33645177153888
1436.130040268898,-71.33106984792522,-71.33106984792522
1436.140040268898,-71.32566600863125,-71.32566600863125
1436.150040268898,-71.32024089924914,-71.32024089924914
1436.160040268898,-71.31479516548355,-71.31479516548355
1436.170040268898,-71.3093294527021,-71.3093294527021
1436.180040268898,-71.30384440554933,-71.30384440554933
1436.190040268898,-71.298340667573,-71.298340667573
1436.200040268898,-71.29281888086399,-71.29281888086399
1436.210040268898,-71.28727968575218,-71.28727968575218
1436.220040268898,-71.28172372046426,-71.28172372046426
1436.230040268898,-71.27615162084803,-71.27615162084803
1436.240040268898,-71.27056402008921,-71.27056402008921
1436.250040268898,-71.26496154846036,-71.26496154846036
1436.260040268898,-71.25934483306551,-71.25934483306551
1436.270040268898,-71.25371449764278,-71.25371449764278
1436.2800402688981,-71.24807116231705,-71.24807116231705
1436.290040268898,-71.2424154434119,-71.2424154434119
1436.300040268898,-71.23674795327376,-71.23674795327376
1436.310040268898,-71.23106930008551,-71.23106930008551
1436.320040268898,-71.2253800877032,-71.2253800877032
1436.330040268898,-71.2196809155204,-71.2196809155204
1436.340040268898,-71.21397237831796,-71.21397237831796
1436.350040268898,-71.20825506613099,-71.20825506613099
1436.360040268898,-71.20252956413373,-71.20252956413373
1436.370040268898,-71.19679645252027,-71.19679645252027
1436.380040268898,-71.19105630641607,-71.19105630641607
1436.390040268898,-71.18530969577002,-71.18530969577002
1436.400040268898,-71.17955718528872,-71.17955718528872
1436.410040268898,-71.17379933433163,-71.17379933433163
1436.420040268898,-71.16803669684826,-71.16803669684826
1436.430040268898,-71.16226982132716,-71.16226982132716
1436.440040268898,-71.15649925072175,-71.15649925072175
1436.450040268898,-71.15072552240403,-71.15072552240403
1436.460040268898,-71.14494916811745,-71.14494916811745
1436.470040268898,-71.13917071394225,-71.13917071394225
1436.480040268898,-71.13339068024592,-71.13339068024592
1436.490040268898,-71.12760958167154,-71.12760958167154
1436.5000402927399,-71.12182791332872,-71.12182791332872
1436.5100402927399,-71.11604620584578,-71.11604620584578
1436.5200402927398,-71.11026494276261,-71.11026494276261
1436.5300402927398,-71.10448461555272,-71.10448461555272
1436.5400402927398,-71.0987057098902,-71.0987057098902
1436.5500402927398,-71.09292870561502,-71.09292870561502
1436.5600402927398,-71.08715407674323,-71.08715407674323
1436.5700402927398,-71.08138229145469,-71.08138229145469
1436.5800402927398,-71.07561381212216,-71.07561381212216
1436.5900402927398,-71.06984909529251,-71.06984909529251
1436.6000402927398,-71.06408859171951,-71.06408859171951
1436.6100402927398,-71.05833274635295,-71.05833274635295
1436.6200402927398,-71.05258199837515,-71.05258199837515
1436.63004029274,-71.04683678120006,-71.04683678120006
1436.64004029274,-71.04109752251962,-71.04109752251962
1436.65004029274,-71.03536464428629,-71.03536464428629
1436.66004029274,-71.02963856277232,-71.02963856277232
1436.67004029274,-71.02391968858099,-71.02391968858099
1436.68004029274,-71.01820842666936,-71.01820842666936
1436.69004029274,-71.01250517639616,-71.01250517639616
1436.70004029274,-71.00681033152262,-71.00681033152262
1436.71004029274,-71.00112428026735,-71.00112428026735
1436.72004029274,-70.9954474053279,-70.9954474053279
1436.73004029274,-70.98978008392757,-70.98978008392757
1436.7400402927399,-70.98412268783919,-70.98412268783919
1436.7500402927399,-70.97847558342198,-70.97847558342198
1436.7600402927399,-70.97283913166608,-70.97283913166608
1436.7700402927398,-70.96721368823455,-70.96721368823455
1436.7800402927398,-70.96159960348206,-70.96159960348206
1436.7900402927398,-70.95599722251708,-70.95599722251708
1436.8000402927398,-70.95040688523589,-70.95040688523589
1436.8100402927398,-70.94482892636013,-70.94482892636013
1436.8200402927398,-70.93926367547952,-70.93926367547952
1436.8300402927398,-70.9337114571016,-70.9337114571016
1436.8400402927398,-70.92817259069207,-70.92817259069207
1436.8500402927398,-70.92264739070687,-70.92264739070687
1436.8600402927398,-70.91713616665537,-70.91713616665537
1436.8700402927398,-70.91163922313774,-70.91163922313774
1436.88004029274,-70.90615685988169,-70.90615685988169
1436.89004029274,-70.90068937179151,-70.90068937179151
1436.90004029274,-70.89523704900841,-70.89523704900841
1436.91004029274,-70.88980017692239,-70.88980017692239
1436.92004029274,-70.88437903625598,-70.88437903625598
1436.93004029274,-70.87897390308834,-70.87897390308834
1436.94004029274,-70.87358504890574,-70.87358504890574
1436.95004029274,-70.86821274065171,-70.86821274065171
1436.96004029274,-70.86285724075259,-70.86285724075259
1436.97004029274,-70.85751880719577,-70.85751880719577
1436.98004029274,-70.8521976935616,-70.8521976935616
1436.9900402927399,-70.84689414905435,-70.84689414905435
1437.0000402927399,-70.84160841856668,-70.84160841856668
1437.0100402927399,-70.83634074273569,-70.83634074273569
1437.0200402927398,-70.83109135795128,-70.83109135795128
1437.0300402927398,-70.82586049643682,-70.82586049643682
1437.0400402927398,-70.82064838628291,-70.82064838628291
1437.0500402927398,-70.81545525148893,-70.81545525148893
1437.0600402927398,-70.81028131200823,-70.81028131200823
1437.0700402927398,-70.8051267838059,-70.8051267838059
1437.0800402927398,-70.79999187888508,-70.79999187888508
1437.0900402927398,-70.79487680534261,-70.79487680534261
1437.1000402927398,-70.78978176741738,-70.78978176741738
1437.1100402927398,-70.78470696552178,-70.78470696552178
1437.1200402927398,-70.77965259629146,-70.77965259629146
1437.13004029274,-70.77461885264904,-70.77461885264904
1437.14004029274,-70.76960592380927,-70.76960592380927
1437.15004029274,-70.76461399534362,-70.76461399534362
1437.16004029274,-70.75964324922666,-70.75964324922666
1437.17004029274,-70.75469386388077,-70.75469386388077
1437.18004029274,-70.74976601419654,-70.74976601419654
1437.19004029274,-70.74485987159606,-70.74485987159606
1437.20004029274,-70.73997560407064,-70.73997560407064
1437.21004029274,-70.73510721147595,-70.73510721147595
1437.22004029274,-70.73025215717398,-70.73025215717398
1437.23004029274,-70.72540929043178,-70.72540929043178
1437.2400402927399,-70.72057810228122,-70.72057810228122
1437.2500402927399,-70.7157584406861,-70.7157584406861
1437.2600402927399,-70.7109503622013,-70.7109503622013
1437.2700402927398,-70.70615404470175,-70.70615404470175
1437.2800402927398,-70.70136973491385,-70.70136973491385
1437.2900402927398,-70.69659771673732,-70.69659771673732
1437.3000402927398,-70.6918382922401,-70.6918382922401
1437.3100402927398,-70.68709177034108,-70.68709177034108
1437.3200402927398,-70.68235846013751,-70.68235846013751
1437.3300402927398,-70.67763866710929,-70.67763866710929
1437.3400402927398,-70.67293269108357,-70.67293269108357
1437.3500403165817,-70.66824081402603,-70.66824081402603
1437.3600403165817,-70.66356334441085,-70.66356334441085
1437.3700403165817,-70.65890055007056,-70.65890055007056
1437.3800403165817,-70.65425270318129,-70.65425270318129
1437.3900403165817,-70.64962006935303,-70.64962006935303
1437.4000403165817,-70.6450029079715,-70.6450029079715
1437.4100403165817,-70.64040147253876,-70.64040147253876
1437.4200403165817,-70.635816011008,-70.635816011008
1437.4300403165817,-70.63124676610309,-70.63124676610309
1437.4400403165816,-70.62669397559067,-70.62669397559067
1437.4500403165816,-70.62215787252086,-70.62215787252086
1437.4600403165816,-70.6176386854588,-70.6176386854588
1437.4700403165816,-70.6131366386981,-70.6131366386981
1437.4800403165818,-70.60865195238733,-70.60865195238733
1437.4900403165818,-70.60418484273684,-70.60418484273684
1437.5000403165818,-70.59973552209846,-70.59973552209846
1437.5100403165818,-70.59530419910372,-70.59530419910372
1437.5200403165818,-70.5908910787526,-70.5908910787526
1437.5300403165818,-70.58649636252036,-70.58649636252036
1437.5400403165818,-70.58212024841472,-70.58212024841472
1437.5500403165818,-70.57776293102906,-70.57776293102906
1437.5600403165818,-70.5734246016475,-70.5734246016475
1437.5700403165818,-70.56910544825948,-70.56910544825948
1437.5800403165817,-70.56480565561314,-70.56480565561314
1437.5900403165817,-70.56052540527067,-70.56052540527067
1437.6000403165817,-70.55626487564643,-70.55626487564643
1437.6100403165817,-70.55202424202538,-70.55202424202538
1437.6200403165817,-70.54780367661851,-70.54780367661851
1437.6300403165817,-70.54360334856526,-70.54360334856526
1437.6400403165817,-70.53942342400242,-70.53942342400242
1437.6500403165817,-70.53526406605246,-70.53526406605246
1437.6600403165817,-70.53112543487019,-70.53112543487019
1437.6700403165817,-70.52700768766965,-70.52700768766965
1437.6800403165817,-70.52291097873477,-70.52291097873477
1437.6900403165816,-70.51883545945422,-70.51883545945422
1437.7000403165816,-70.51478127834055,-70.51478127834055
1437.7100403165816,-70.51074858105311,-70.51074858105311
1437.7200403165816,-70.5067375104183,-70.5067375104183
1437.7300403165818,-70.50274820645969,-70.50274820645969
1437.7400403165818,-70.49878080641655,-70.49878080641655
1437.7500403165818,-70.49483544476242,-70.49483544476242
1437.7600403165818,-70.49091225322098,-70.49091225322098
1437.7700403165818,-70.48701136080827,-70.48701136080827
1437.7800403165818,-70.48313289384875,-70.48313289384875
1437.7900403165818,-70.47927697598013,-70.47927697598013
1437.8000403165818,-70.47544372819601,-70.47544372819601
1437.8100403165818,-70.47163326886204,-70.47163326886204
1437.8200403165818,-70.46784571373735,-70.46784571373735
1437.8300403165817,-70.46408117599586,-70.46408117599586
1437.8400403165817,-70.4603397662557,-70.4603397662557
1437.8500403165817,-70.45662159259768,-70.45662159259768
1437.8600403165817,-70.45292676058368,-70.45292676058368
1437.8700403165817,-70.44925537330093,-70.44925537330093
1437.8800403165817,-70.44560753135119,-70.44560753135119
1437.8900403165817,-70.4419833329088,-70.4419833329088
1437.9000403165817,-70.43838287372442,-70.43838287372442
1437.9100403165817,-70.43480624716004,-70.43480624716004
1437.9200403165817,-70.43125354418966,-70.43125354418966
1437.9300403165817,-70.42772485346619,-70.42772485346619
1437.9400403165816,-70.4242202613014,-70.4242202613014
1437.9500403165816,-70.42073985171012,-70.42073985171012
1437.9600403165816,-70.41727756871946,-70.41727756871946
1437.9700403165816,-70.41383080572535,-70.41383080572535
1437.9800403165818,-70.41039833677416,-70.41039833677416
1437.9900403165818,-70.40697957563329,-70.40697957563329
1438.0000403165818,-70.4035742923096,-70.4035742923096
1438.0100403165818,-70.40018246533235,-70.40018246533235
1438.0200403165818,-70.39680419496644,-70.39680419496644
1438.0300403165818,-70.39343965091743,-70.39343965091743
1438.0400403165818,-70.39008904084815,-70.39008904084815
1438.0500403165818,-70.38675259146909,-70.38675259146909
1438.0600403165818,-70.38343053722167,-70.38343053722167
1438.0700403165818,-70.380123113674,-70.380123113674
1438.0800403165817,-70.37683055372995,-70.37683055372995
1438.0900403165817,-70.37355308555672,-70.37355308555672
1438.1000403165817,-70.37029093160334,-70.37029093160334
1438.1100403165817,-70.36704430818303,-70.36704430818303
1438.1200403165817,-70.3638134254973,-70.3638134254973
1438.1300403165817,-70.3605984877881,-70.3605984877881
1438.1400403165817,-70.35739969362118,-70.35739969362118
1438.1500403165817,-70.35421723622996,-70.35421723622996
1438.1600403165817,-70.35105130383725,-70.35105130383725
1438.1700403165817,-70.34790207998947,-70.34790207998947
1438.1800403165817,-70.34476974383935,-70.34476974383935
1438.1900403165816,-70.3416544704167,-70.3416544704167
1438.2000403404236,-70.33855642351332,-70.33855642351332
1438.2100403404236,-70.33547578540835,-70.33547578540835
1438.2200403404236,-70.33241271268193,-70.33241271268193
1438.2300403404236,-70.32936736601695,-70.32936736601695
1438.2400403404235,-70.32633990291988,-70.32633990291988
1438.2500403404235,-70.32333047782474,-70.32333047782474
1438.2600403404235,-70.3203392422089,-70.3203392422089
1438.2700403404235,-70.31736634467757,-70.31736634467757
1438.2800403404235,-70.31441193105164,-70.31441193105164
1438.2900403404235,-70.31147614441366,-70.31147614441366
1438.3000403404235,-70.30855912519206,-70.30855912519206
1438.3100403404235,-70.30566101119395,-70.30566101119395
1438.3200403404235,-70.30278193765358,-70.30278193765358
1438.3300403404237,-70.29992203727447,-70.29992203727447
1438.3400403404237,-70.29708144026459,-70.29708144026459
1438.3500403404237,-70.29426027437167,-70.29426027437167
1438.3600403404237,-70.29145866489526,-70.29145866489526
1438.3700403404237,-70.28867673471959,-70.28867673471959
1438.3800403404236,-70.28591460434392,-70.28591460434392
1438.3900403404236,-70.283172391897,-70.283172391897
1438.4000403404236,-70.28045021316056,-70.28045021316056
1438.4100403404236,-70.27774818158228,-70.27774818158228
1438.4200403404236,-70.27506640830012,-70.27506640830012
1438.4300403404236,-70.27240500214366,-70.27240500214366
1438.4400403404236,-70.26976406968554,-70.26976406968554
1438.4500403404236,-70.26714371521821,-70.26714371521821
1438.4600403404236,-70.26454404079247,-70.26454404079247
1438.4700403404236,-70.26196514623638,-70.26196514623638
1438.4800403404236,-70.25940712914705,-70.25940712914705
1438.4900403404235,-70.25687008493205,-70.25687008493205
1438.5000403404235,-70.25435410681284,-70.25435410681284
1438.5100403404235,-70.25185928584081,-70.25185928584081
1438.5200403404235,-70.24938571092133,-70.24938571092133
1438.5300403404235,-70.24693346882042,-70.24693346882042
1438.5400403404235,-70.24450264417726,-70.24450264417726
1438.5500403404235,-70.24209331953872,-70.24209331953872
1438.5600403404235,-70.23970557536148,-70.23970557536148
1438.5700403404235,-70.23733949002848,-70.23733949002848
1438.5800403404237,-70.2349951398735,-70.2349951398735
1438.5900403404237,-70.23267259919591,-70.23267259919591
1438.6000403404237,-70.23037194026675,-70.23037194026675
1438.6100403404237,-70.22809323337846,-70.22809323337846
1438.6200403404237,-70.22583654681901,-70.22583654681901
1438.6300403404236,-70.22360194692168,-70.22360194692168
1438.6400403404236,-70.22138949807352,-70.22138949807352
1438.6500403404236,-70.21919926272614,-70.21919926272614
1438.6600403404236,-70.21703130142946,-70.21703130142946
1438.6700403404236,-70.21488567284517,-70.21488567284517
1438.6800403404236,-70.21276243374999,-70.21276243374999
1438.6900403404236,-70.21066163907766,-70.21066163907766
1438.7000403404236,-70.20858334192674,-70.20858334192674
1438.7100403404236,-70.20652759357729,-70.20652759357729
1438.7200403404236,-70.20449444352388,-70.20449444352388
1438.7300403404236,-70.20248393946389,-70.20248393946389
1438.7400403404235,-70.20049612735681,-70.20049612735681
1438.7500403404235,-70.19853105141551,-70.19853105141551
1438.7600403404235,-70.19658875413373,-70.19658875413373
1438.7700403404235,-70.19466927631707,-70.19466927631707
1438.7800403404235,-70.19277265707996,-70.19277265707996
1438.7900403404235,-70.1908989338743,-70.1908989338743
1438.8000403404235,-70.1890481425251,-70.1890481425251
1438.8100403404235,-70.18722031723183,-70.18722031723183
1438.8200403404235,-70.1854154905851,-70.1854154905851
1438.8300403404237,-70.18363369360395,-70.18363369360395
1438.8400403404237,-70.18187495573682,-70.18187495573682
1438.8500403404237,-70.18013930489803,-70.18013930489803
1438.8600403404237,-70.17842676746959,-70.17842676746959
1438.8700403404237,-70.17673736833908,-70.17673736833908
1438.8800403404236,-70.17507113089839,-70.17507113089839
1438.8900403404236,-70.17342807707773,-70.17342807707773
1438.9000403404236,-70.17180822736678,-70.17180822736678
1438.9100403404236,-70.17021160082365,-70.17021160082365
1438.9200403404236,-70.16863821508883,-70.16863821508883
1438.9300403404236,-70.16708808642413,-70.16708808642413
1438.9400403404236,-70.16556122972794,-70.16556122972794
1438.9500403404236,-70.164057658517,-70.164057658517
1438.9600403404236,-70.16257126898539,-70.16257126898539
1438.9700403404236,-70.16109939528111,-70.16109939528111
1438.9800403404236,-70.15964074755418,-70.15964074755418
1438.9900403404235,-70.15819467370797,-70.15819467370797
1439.0000403404235,-70.15676087702667,-70.15676087702667
1439.0100403404235,-70.155339269164,-70.155339269164
1439.0200403404235,-70.1539298837425,-70.1539298837425
1439.0300403404235,-70.15253282438707,-70.15253282438707
1439.0400403404235,-70.15114823337825,-70.15114823337825
1439.0500403642654,-70.14977626959121,-70.14977626959121
1439.0600403642654,-70.14841711034259,-70.14841711034259
1439.0700403642654,-70.14707092513359,-70.14707092513359
1439.0800403642654,-70.14573788503432,-70.14573788503432
1439.0900403642654,-70.1444181573545,-70.1444181573545
1439.1000403642654,-70.14311190459834,-70.14311190459834
1439.1100403642654,-70.14181928411858,-70.14181928411858
1439.1200403642654,-70.14054044804712,-70.14054044804712
1439.1300403642654,-70.13927554350286,-70.13927554350286
1439.1400403642654,-70.13802471283937,-70.13802471283937
1439.1500403642654,-70.13678809398408,-70.13678809398408
1439.1600403642653,-70.13556582074415,-70.13556582074415
1439.1700403642653,-70.13435802312483,-70.13435802312483
1439.1800403642656,-70.13316482760347,-70.13316482760347
1439.1900403642655,-70.13198635741784,-70.13198635741784
1439.2000403642655,-70.1308227327438,-70.1308227327438
1439.2100403642655,-70.12967407094504,-70.12967407094504
1439.2200403642655,-70.12854048671954,-70.12854048671954
1439.2300403642655,-70.12742209226153,-70.12742209226153
1439.2400403642655,-70.12631899738317,-70.12631899738317
1439.2500403642655,-70.12523130962524,-70.12523130962524
1439.2600403642655,-70.12415913435505,-70.12415913435505
1439.2700403642655,-70.12310257485402,-70.12310257485402
1439.2800403642655,-70.12206173237529,-70.12206173237529
1439.2900403642655,-70.12103670620131,-70.12103670620131
1439.3000403642654,-70.1200275936917,-70.1200275936917
1439.3100403642654,-70.11903449034976,-70.11903449034976
1439.3200403642654,-70.11805748981837,-70.11805748981837
1439.3300403642654,-70.11709668393743,-70.11709668393743
1439.3400403642654,-70.11615216277244,-70.11615216277244
1439.3500403642654,-70.11522401462067,-70.11522401462067
1439.3600403642654,-70.1143123260424,-70.1143123260424
1439.3700403642654,-70.11341718186425,-70.11341718186425
1439.3800403642654,-70.11253866520708,-70.11253866520708
1439.3900403642654,-70.11167685750347,-70.11167685750347
1439.4000403642654,-70.11083183849084,-70.11083183849084
1439.4100403642653,-70.11000368625017,-70.11000368625017
1439.4200403642653,-70.10919247718122,-70.10919247718122
1439.4300403642656,-70.10839828603241,-70.10839828603241
1439.4400403642655,-70.10762118591299,-70.10762118591299
1439.4500403642655,-70.10686124829466,-70.10686124829466
1439.4600403642655,-70.10611854301982,-70.10611854301982
1439.4700403642655,-70.1053931383105,-70.1053931383105
1439.4800403642655,-70.10468510077395,-70.10468510077395
1439.4900403642655,-70.10399449542231,-70.10399449542231
1439.5000403642655,-70.10332138565775,-70.10332138565775
1439.5100403642655,-70.10266583330925,-70.10266583330925
1439.5200403642655,-70.10202789862599,-70.10202789862599
1439.5300403642655,-70.10140764028324,-70.10140764028324
1439.5400403642655,-70.10080511539657,-70.10080511539657
1439.5500403642654,-70.10022037953195,-70.10022037953195
1439.5600403642654,-70.09965348671368,-70.09965348671368
1439.5700403642654,-70.09910448944166,-70.09910448944166
1439.5800403642654,-70.09857343868833,-70.09857343868833
1439.5900403642654,-70.09806038391245,-70.09806038391245
1439.6000403642654,-70.09756537307518,-70.09756537307518
1439.6100403642654,-70.09708845266098,-70.09708845266098
1439.6200403642654,-70.09662966765674,-70.09662966765674
1439.6300403642654,-70.096189061594,-70.096189061594
1439.6400403642654,-70.0957666765421,-70.0957666765421
1439.6500403642654,-70.09536255314205,-70.09536255314205
1439.6600403642653,-70.09497673059784,-70.09497673059784
1439.6700403642653,-70.09460924669087,-70.09460924669087
1439.6800403642656,-70.09426013779063,-70.09426013779063
1439.6900403642655,-70.09392943889158,-70.09392943889158
1439.7000403642655,-70.0936171835927,-70.0936171835927
1439.7100403642655,-70.0933234041321,-70.0933234041321
1439.7200403642655,-70.09304813139804,-70.09304813139804
1439.7300403642655,-70.09279139492756,-70.09279139492756
1439.7400403642655,-70.09255322294443,-70.09255322294443
1439.7500403642655,-70.09233364234757,-70.09233364234757
1439.7600403642655,-70.0921326787393,-70.0921326787393
1439.7700403642655,-70.09195035643961,-70.09195035643961
1439.7800403642655,-70.09178669849658,-70.09178669849658
1439.7900403642655,-70.09164172669341,-70.09164172669341
1439.8000403642654,-70.09151546158428,-70.09151546158428
1439.8100403642654,-70.09140792247156,-70.09140792247156
1439.8200403642654,-70.09131912746459,-70.09131912746459
1439.8300403642654,-70.0912490934567,-70.0912490934567
1439.8400403642654,-70.09119783615637,-70.09119783615637
1439.8500403642654,-70.09116537010219,-70.09116537010219
1439.8600403642654,-70.09115170867028,-70.09115170867028
1439.8700403642654,-70.09115686410301,-70.09115686410301
1439.8800403642654,-70.09118084749895,-70.09118084749895
1439.8900403642654,-70.09122366884927,-70.09122366884927
1439.9000403881073,-70.0912853371958,-70.0912853371958
1439.9100403881073,-70.09136586008846,-70.09136586008846
1439.9200403881073,-70.09146524433652,-70.09146524433652
1439.9300403881073,-70.09158349561555,-70.09158349561555
1439.9400403881073,-70.09172061855155,-70.09172061855155
1439.9500403881073,-70.09187661673288,-70.09187661673288
1439.9600403881072,-70.09205149273943,-70.09205149273943
1439.9700403881072,-70.09224524813716,-70.09224524813716
1439.9800403881072,-70.09245788350748,-70.09245788350748
1439.9900403881072,-70.0926893984587,-70.0926893984587
1440.0000403881072,-70.09293979163434,-70.09293979163434
1440.0100403881072,-70.09320906073658,-70.09320906073658
1440.0200403881072,-70.09349720252196,-70.09349720252196
1440.0300403881074,-70.09380421283034,-70.09380421283034
1440.0400403881074,-70.09413008660152,-70.09413008660152
1440.0500403881074,-70.0944748178706,-70.0944748178706
1440.0600403881074,-70.09483839979787,-70.09483839979787
1440.0700403881074,-70.09522082466707,-70.09522082466707
1440.0800403881074,-70.09562208391996,-70.09562208391996
1440.0900403881074,-70.09604216814898,-70.09604216814898
1440.1000403881073,-70.09648106711657,-70.09648106711657
1440.1100403881073,-70.09693876977279,-70.09693876977279
1440.1200403881073,-70.0974152642575,-70.0974152642575
1440.1300403881073,-70.0979105379257,-70.0979105379257
1440.1400403881073,-70.0984245773476,-70.0984245773476
1440.1500403881073,-70.0989573683275,-70.0989573683275
1440.1600403881073,-70.09950889592791,-70.09950889592791
1440.1700403881073,-70.10007914444462,-70.10007914444462
1440.1800403881073,-70.10066809746291,-70.10066809746291
1440.1900403881073,-70.10127573783912,-70.10127573783912
1440.2000403881073,-70.10190204772822,-70.10190204772822
1440.2100403881072,-70.1025470085846,-70.1025470085846
1440.2200403881072,-70.10321060117981,-70.10321060117981
1440.2300403881072,-70.10389280561289,-70.10389280561289
1440.2400403881072,-70.10459360132782,-70.10459360132782
1440.2500403881072,-70.10531296710437,-70.10531296710437
1440.2600403881072,-70.10605088109375,-70.10605088109375
1440.2700403881072,-70.10680732081508,-70.10680732081508
1440.2800403881074,-70.10758226316122,-70.10758226316122
1440.2900403881074,-70.10837568443864,-70.10837568443864
1440.3000403881074,-70.1091875603354,-70.1091875603354
1440.3100403881074,-70.11001786596523,-70.11001786596523
1440.3200403881074,-70.11086657585993,-70.11086657585993
1440.3300403881074,-70.11173366398161,-70.11173366398161
1440.3400403881074,-70.11261910375093,-70.11261910375093
1440.3500403881073,-70.11352286803131,-70.11352286803131
1440.3600403881073,-70.11444492914941,-70.11444492914941
1440.3700403881073,-70.11538525890622,-70.11538525890622
1440.3800403881073,-70.11634382857923,-70.11634382857923
1440.3900403881073,-70.11732060895986,-70.11732060895986
1440.4000403881073,-70.11831557031714,-70.11831557031714
1440.4100403881073,-70.11932868243409,-70.11932868243409
1440.4200403881073,-70.12035991462696,-70.12035991462696
1440.4300403881073,-70.121409235733,-70.121409235733
1440.4400403881073,-70.12247661412324,-70.12247661412324
1440.4500403881073,-70.12356201771601,-70.12356201771601
1440.4600403881072,-70.1246654139856,-70.1246654139856
1440.4700403881072,-70.12578676997263,-70.12578676997263
1440.4800403881072,-70.1269260522822,-70.1269260522822
1440.4900403881072,-70.12808322710795,-70.12808322710795
1440.5000403881072,-70.1292582602261,-70.1292582602261
1440.5100403881072,-70.13045111701575,-70.13045111701575
1440.5200403881072,-70.13166176244698,-70.13166176244698
1440.5300403881074,-70.13289016111254,-70.13289016111254
1440.5400403881074,-70.13413627722085,-70.13413627722085
1440.5500403881074,-70.13540007461216,-70.13540007461216
1440.5600403881074,-70.13668151675421,-70.13668151675421
1440.5700403881074,-70.13798056676282,-70.13798056676282
1440.5800403881074,-70.13929718740664,-70.13929718740664
1440.5900403881074,-70.14063134109871,-70.14063134109871
1440.6000403881073,-70.14198298993045,-70.14198298993045
1440.6100403881073,-70.14335209564864,-70.14335209564864
1440.6200403881073,-70.14473861969428,-70.14473861969428
1440.6300403881073,-70.14614252317882,-70.14614252317882
1440.6400403881073,-70.14756376692372,-70.14756376692372
1440.6500403881073,-70.14900231142369,-70.14900231142369
1440.6600403881073,-70.15045811689762,-70.15045811689762
1440.6700403881073,-70.15193114327671,-70.15193114327671
1440.6800403881073,-70.15342135019166,-70.15342135019166
1440.6900403881073,-70.15492869701191,-70.15492869701191
1440.7000403881073,-70.1564531428302,-70.1564531428302
1440.7100403881072,-70.15799464648377,-70.15799464648377
1440.7200403881072,-70.15955316654257,-70.15955316654257
1440.7300403881072,-70.16112866132681,-70.16112866132681
1440.7400403881072,-70.16272108892193,-70.16272108892193
1440.7500404119492,-70.16433041099548,-70.16433041099548
1440.7600404119491,-70.16595657752768,-70.16595657752768
1440.7700404119491,-70.16759954965524,-70.16759954965524
1440.7800404119491,-70.16925928455157,-70.16925928455157
1440.7900404119491,-70.17093573912939,-70.17093573912939
1440.800040411949,-70.17262887011934,-70.17262887011934
1440.810040411949,-70.17433863403691,-70.17433863403691
1440.820040411949,-70.17606498718312,-70.17606498718312
1440.830040411949,-70.17780788566516,-70.17780788566516
1440.840040411949,-70.17956728540369,-70.17956728540369
1440.850040411949,-70.1813431421369,-70.1813431421369
1440.860040411949,-70.18313541141113,-70.18313541141113
1440.870040411949,-70.18494404859818,-70.18494404859818
1440.8800404119493,-70.1867690088946,-70.1867690088946
1440.8900404119493,-70.18861024734113,-70.18861024734113
1440.9000404119492,-70.19046771879525,-70.19046771879525
1440.9100404119492,-70.19234137797378,-70.19234137797378
1440.9200404119492,-70.19423117943148,-70.19423117943148
1440.9300404119492,-70.19613707757368,-70.19613707757368
1440.9400404119492,-70.19805902666381,-70.19805902666381
1440.9500404119492,-70.1999969808164,-70.1999969808164
1440.9600404119492,-70.20194477185919,-70.20194477185919
1440.9700404119492,-70.20389967209574,-70.20389967209574
1440.9800404119492,-70.205860330605,-70.205860330605
1440.9900404119492,-70.20782603463445,-70.20782603463445
1441.0000404119492,-70.20979642733614,-70.20979642733614
1441.0100404119491,-70.21177136095253,-70.21177136095253
1441.0200404119491,-70.21375081063405,-70.21375081063405
1441.0300404119491,-70.21573482262275,-70.21573482262275
1441.0400404119491,-70.21772348302919,-70.21772348302919
1441.050040411949,-70.2197168991033,-70.2197168991033
1441.060040411949,-70.22171518805133,-70.22171518805133
1441.070040411949,-70.22371847046564,-70.22371847046564
1441.080040411949,-70.22572686656567,-70.22572686656567
1441.090040411949,-70.22774049411714,-70.22774049411714
1441.100040411949,-70.22975946743284,-70.22975946743284
1441.110040411949,-70.23178389694986,-70.23178389694986
1441.120040411949,-70.23381388917338,-70.23381388917338
1441.1300404119493,-70.23584954682649,-70.23584954682649
1441.1400404119493,-70.2378909691164,-70.2378909691164
1441.1500404119492,-70.23993825198716,-70.23993825198716
1441.1600404119492,-70.2419914884466,-70.2419914884466
1441.1700404119492,-70.24405076883491,-70.24405076883491
1441.1800404119492,-70.24611618109294,-70.24611618109294
1441.1900404119492,-70.2481878109915,-70.2481878109915
1441.2000404119492,-70.25026574234457,-70.25026574234457
1441.2100404119492,-70.25234393083336,-70.25234393083336
1441.2200404119492,-70.25441977355047,-70.25441977355047
1441.2300404119492,-70.25649204387567,-70.25649204387567
1441.2400404119492,-70.25856015243201,-70.25856015243201
1441.2500404119492,-70.26062386475442,-70.26062386475442
1441.2600404119491,-70.26268315449575,-70.26268315449575
1441.2700404119491,-70.26473811724439,-70.26473811724439
1441.2800404119491,-70.26678891877157,-70.26678891877157
1441.2900404119491,-70.26883576381186,-70.26883576381186
1441.300040411949,-70.27087887736805,-70.27087887736805
1441.310040411949,-70.2729184935571,-70.2729184935571
1441.320040411949,-70.27495484904703,-70.27495484904703
1441.330040411949,-70.27698817929819,-70.27698817929819
1441.340040411949,-70.2790187165128,-70.2790187165128
1441.350040411949,-70.28104668860601,-70.28104668860601
1441.360040411949,-70.2830723188036,-70.2830723188036
1441.370040411949,-70.28509582558235,-70.28509582558235
1441.3800404119493,-70.28711742279808,-70.28711742279808
1441.3900404119493,-70.28913731995333,-70.28913731995333
1441.4000404119492,-70.29115572245354,-70.29115572245354
1441.4100404119492,-70.29317283190599,-70.29317283190599
1441.4200404119492,-70.2951888464109,-70.2951888464109
1441.4300404119492,-70.29720396078379,-70.29720396078379
1441.4400404119492,-70.29921836679566,-70.29921836679566
1441.4500404119492,-70.30123225339523,-70.30123225339523
1441.4600404119492,-70.30324580682239,-70.30324580682239
1441.4700404119492,-70.30525921081838,-70.30525921081838
1441.4800404119492,-70.30727264668893,-70.30727264668893
1441.4900404119492,-70.30928629344996,-70.30928629344996
1441.5000404119492,-70.311300327893,-70.311300327893
1441.5100404119491,-70.31331492466175,-70.31331492466175
1441.5200404119491,-70.31533025630381,-70.31533025630381
1441.5300404119491,-70.31734649331905,-70.31734649331905
1441.5400404119491,-70.31936380419825,-70.31936380419825
1441.550040411949,-70.32138235544578,-70.32138235544578
1441.560040411949,-70.32340231161437,-70.32340231161437
1441.570040411949,-70.32542383530924,-70.32542383530924
1441.580040411949,-70.32744708720915,-70.32744708720915
1441.590040411949,-70.32947222608321,-70.32947222608321
1441.600040435791,-70.33149941360261,-70.33149941360261
1441.610040435791,-70.33352879506438,-70.33352879506438
1441.620040435791,-70.3355605283269,-70.3355605283269
1441.630040435791,-70.3375947645347,-70.3375947645347
1441.640040435791,-70.33963165291095,-70.33963165291095
1441.650040435791,-70.3416713407923,-70.3416713407923
1441.660040435791,-70.34371397361309,-70.34371397361309
1441.670040435791,-70.34575969489093,-70.34575969489093
1441.680040435791,-70.34780864625078,-70.34780864625078
1441.690040435791,-70.34986096741478,-70.34986096741478
1441.700040435791,-70.35191679618579,-70.35191679618579
1441.710040435791,-70.35397626847339,-70.35397626847339
1441.720040435791,-70.35603951828779,-70.35603951828779
1441.7300404357911,-70.35810667771631,-70.35810667771631
1441.7400404357911,-70.36017787695539,-70.36017787695539
1441.750040435791,-70.36225324431112,-70.36225324431112
1441.760040435791,-70.36433290617396,-70.36433290617396
1441.770040435791,-70.36641698705685,-70.36641698705685
1441.780040435791,-70.36850560956258,-70.36850560956258
1441.790040435791,-70.37059889442439,-70.37059889442439
1441.800040435791,-70.37269696048678,-70.37269696048678
1441.810040435791,-70.37479992472115,-70.37479992472115
1441.820040435791,-70.37690790222503,-70.37690790222503
1441.830040435791,-70.37902100624098,-70.37902100624098
1441.840040435791,-70.38113934815338,-70.38113934815338
1441.850040435791,-70.38326303749862,-70.38326303749862
1441.860040435791,-70.38539218197174,-70.38539218197174
1441.870040435791,-70.38752688744972,-70.38752688744972
1441.880040435791,-70.3896672579746,-70.3896672579746
1441.890040435791,-70.3918133957854,-70.3918133957854
1441.900040435791,-70.39396540132425,-70.39396540132425
1441.910040435791,-70.39612337324276,-70.39612337324276
1441.920040435791,-70.39828740842053,-70.39828740842053
1441.930040435791,-70.40045760196092,-70.40045760196092
1441.940040435791,-70.40263404723177,-70.40263404723177
1441.950040435791,-70.4048168358532,-70.4048168358532
1441.960040435791,-70.40699991915628,-70.40699991915628
1441.970040435791,-70.40918069729126,-70.40918069729126
1441.9800404357911,-70.41135794918355,-70.41135794918355
1441.9900404357911,-70.41353109174234,-70.41353109174234
1442.000040435791,-70.41569989690885,-70.41569989690885
1442.010040435791,-70.41786434455716,-70.41786434455716
1442.020040435791,-70.42002453616027,-70.42002453616027
1442.030040435791,-70.42218064290365,-70.42218064290365
1442.040040435791,-70.42433287443053,-70.42433287443053
1442.050040435791,-70.42648146011717,-70.42648146011717
1442.060040435791,-70.42862663787713,-70.42862663787713
1442.070040435791,-70.43076864760785,-70.43076864760785
1442.080040435791,-70.43290772741723,-70.43290772741723
1442.090040435791,-70.4350441115903,-70.4350441115903
1442.100040435791,-70.4371780295712,-70.4371780295712
1442.110040435791,-70.43930970554513,-70.43930970554513
1442.120040435791,-70.4414393584092,-70.4414393584092
1442.130040435791,-70.44356720192025,-70.44356720192025
1442.140040435791,-70.4456934449646,-70.4456934449646
1442.150040435791,-70.44781829184612,-70.44781829184612
1442.160040435791,-70.44994194258476,-70.44994194258476
1442.170040435791,-70.45206459322407,-70.45206459322407
1442.180040435791,-70.45418643611337,-70.45418643611337
1442.190040435791,-70.4563076601124,-70.4563076601124
1442.200040435791,-70.45842845085433,-70.45842845085433
1442.210040435791,-70.46054899090355,-70.46054899090355
1442.220040435791,-70.46266945992718,-70.46266945992718
1442.2300404357911,-70.46479003484782,-70.46479003484782
1442.2400404357911,-70.46691088994963,-70.46691088994963
1442.250040435791,-70.46903219698002,-70.46903219698002
1442.260040435791,-70.47115412525666,-70.47115412525666
1442.270040435791,-70.47327684172204,-70.47327684172204
1442.280040435791,-70.47540051102153,-70.47540051102153
1442.290040435791,-70.47752529554698,-70.47752529554698
1442.300040435791,-70.4796513554841,-70.4796513554841
1442.310040435791,-70.48177884884655,-70.48177884884655
1442.320040435791,-70.48390793153048,-70.48390793153048
1442.330040435791,-70.48603875731222,-70.48603875731222
1442.340040435791,-70.48817147788031,-70.48817147788031
1442.350040435791,-70.49030624288088,-70.49030624288088
1442.360040435791,-70.49244319990314,-70.49244319990314
1442.370040435791,-70.49458249451591,-70.49458249451591
1442.380040435791,-70.49672427026368,-70.49672427026368
1442.390040435791,-70.49886866869767,-70.49886866869767
1442.400040435791,-70.50101582937651,-70.50101582937651
1442.410040435791,-70.50316588987198,-70.50316588987198
1442.420040435791,-70.50531898579577,-70.50531898579577
1442.430040435791,-70.50747525079298,-70.50747525079298
1442.440040435791,-70.5096348165571,-70.5096348165571
1442.4500404596329,-70.51179781798768,-70.51179781798768
1442.4600404596329,-70.51396437261295,-70.51396437261295
1442.4700404596329,-70.5161346114622,-70.5161346114622
1442.4800404596328,-70.51830865850702,-70.51830865850702
1442.4900404596328,-70.52048663580716,-70.52048663580716
1442.5000404596328,-70.52266866354003,-70.52266866354003
1442.5100404596328,-70.52485485997562,-70.52485485997562
1442.5200404596328,-70.52704534150813,-70.52704534150813
1442.5300404596328,-70.52924022266707,-70.52924022266707
1442.5400404596328,-70.53143961612201,-70.53143961612201
1442.5500404596328,-70.5336436326871,-70.5336436326871
1442.5600404596328,-70.53585238133682,-70.53585238133682
1442.5700404596328,-70.53806596923039,-70.53806596923039
1442.580040459633,-70.54028450170576,-70.54028450170576
1442.590040459633,-70.54250808229922,-70.54250808229922
1442.600040459633,-70.5447368127474,-70.5447368127474
1442.610040459633,-70.54697079301522,-70.54697079301522
1442.620040459633,-70.54921012130664,-70.54921012130664
1442.630040459633,-70.55145489405616,-70.55145489405616
1442.640040459633,-70.55370520597225,-70.55370520597225
1442.650040459633,-70.55596115002841,-70.55596115002841
1442.660040459633,-70.55822281748866,-70.55822281748866
1442.670040459633,-70.56049029792335,-70.56049029792335
1442.680040459633,-70.56276367920708,-70.56276367920708
1442.6900404596329,-70.56504304755596,-70.56504304755596
1442.7000404596329,-70.56732848752615,-70.56732848752615
1442.7100404596329,-70.56962008203314,-70.56962008203314
1442.7200404596329,-70.57191791236039,-70.57191791236039
1442.7300404596328,-70.57422205818627,-70.57422205818627
1442.7400404596328,-70.57653259760569,-70.57653259760569
1442.7500404596328,-70.5788496071108,-70.5788496071108
1442.7600404596328,-70.58117316164441,-70.58117316164441
1442.7700404596328,-70.58350333460153,-70.58350333460153
1442.7800404596328,-70.58584019783368,-70.58584019783368
1442.7900404596328,-70.5881838216834,-70.5881838216834
1442.8000404596328,-70.59053427499587,-70.59053427499587
1442.8100404596328,-70.59289162512276,-70.59289162512276
1442.8200404596328,-70.59525593794942,-70.59525593794942
1442.830040459633,-70.59762727790684,-70.59762727790684
1442.840040459633,-70.60000570798952,-70.60000570798952
1442.850040459633,-70.60239128977578,-70.60239128977578
1442.860040459633,-70.60478408342784,-70.60478408342784
1442.870040459633,-70.60718414772785,-70.60718414772785
1442.880040459633,-70.60959154009018,-70.60959154009018
1442.890040459633,-70.61200631656001,-70.61200631656001
1442.900040459633,-70.6144285318454,-70.6144285318454
1442.910040459633,-70.61685823933891,-70.61685823933891
1442.920040459633,-70.61929549110722,-70.61929549110722
1442.930040459633,-70.62174033793634,-70.62174033793634
1442.9400404596329,-70.62419282933517,-70.62419282933517
1442.9500404596329,-70.62665301355236,-70.62665301355236
1442.9600404596329,-70.62912093758258,-70.62912093758258
1442.9700404596329,-70.63159664719858,-70.63159664719858
1442.9800404596328,-70.63408018696177,-70.63408018696177
1442.9900404596328,-70.63657160022431,-70.63657160022431
1443.0000404596328,-70.63907092916067,-70.63907092916067
1443.0100404596328,-70.64157821478388,-70.64157821478388
1443.0200404596328,-70.64409349694286,-70.64409349694286
1443.0300404596328,-70.6466168143659,-70.6466168143659
1443.0400404596328,-70.64914820464097,-70.64914820464097
1443.0500404596328,-70.65168770425942,-70.65168770425942
1443.0600404596328,-70.65423534862013,-70.65423534862013
1443.0700404596328,-70.65679117204019,-70.65679117204019
1443.080040459633,-70.65935520777687,-70.65935520777687
1443.090040459633,-70.66192748803716,-70.66192748803716
1443.100040459633,-70.66450804400287,-70.66450804400287
1443.110040459633,-70.66709690582287,-70.66709690582287
1443.120040459633,-70.66969410264934,-70.66969410264934
1443.130040459633,-70.67229966264581,-70.67229966264581
1443.140040459633,-70.67491361298552,-70.67491361298552
1443.150040459633,-70.67753597989503,-70.67753597989503
1443.160040459633,-70.68016678863867,-70.68016678863867
1443.170040459633,-70.68280606354921,-70.68280606354921
1443.180040459633,-70.68545382804223,-70.68545382804223
1443.1900404596329,-70.68811010460978,-70.68811010460978
1443.2000404596329,-70.69077491486846,-70.69077491486846
1443.2100404596329,-70.69344827952901,-70.69344827952901
1443.2200404596329,-70.69613021844701,-70.69613021844701
1443.2300404596328,-70.69882075061537,-70.69882075061537
1443.2400404596328,-70.70151989417948,-70.70151989417948
1443.2500404596328,-70.7042276664647,-70.7042276664647
1443.2600404596328,-70.70694408396133,-70.70694408396133
1443.2700404596328,-70.7096691623588,-70.7096691623588
1443.2800404596328,-70.71240291654927,-70.71240291654927
1443.2900404596328,-70.71514536064701,-70.71514536064701
1443.3000404834747,-70.71789651454579,-70.71789651454579
1443.3100404834747,-70.72065637774183,-70.72065637774183
1443.3200404834747,-70.72342496857628,-70.72342496857628
1443.3300404834747,-70.72620229815787,-70.72620229815787
1443.3400404834747,-70.72898837684527,-70.72898837684527
1443.3500404834747,-70.73178321429994,-70.73178321429994
1443.3600404834747,-70.73458681946497,-70.73458681946497
1443.3700404834747,-70.737399200595,-70.737399200595
1443.3800404834747,-70.74022036526384,-70.74022036526384
1443.3900404834746,-70.74305032038119,-70.74305032038119
1443.4000404834746,-70.74588907218487,-70.74588907218487
1443.4100404834746,-70.74873662626769,-70.74873662626769
1443.4200404834746,-70.75159298757814,-70.75159298757814
1443.4300404834748,-70.75445816044822,-70.75445816044822
1443.4400404834748,-70.75733214857104,-70.75733214857104
1443.4500404834748,-70.76021495504139,-70.76021495504139
1443.4600404834748,-70.76310658235137,-70.76310658235137
1443.4700404834748,-70.76600703240129,-70.76600703240129
1443.4800404834748,-70.76891630651045,-70.76891630651045
1443.4900404834748,-70.77183440543568,-70.77183440543568
1443.5000404834748,-70.77476132935881,-70.77476132935881
1443.5100404834748,-70.7776970779106,-70.7776970779106
1443.5200404834748,-70.78064165017639,-70.78064165017639
1443.5300404834747,-70.78359504471881,-70.78359504471881
1443.5400404834747,-70.78655725955717,-70.78655725955717
1443.5500404834747,-70.78952829219578,-70.78952829219578
1443.5600404834747,-70.79250813963914,-70.79250813963914
1443.5700404834747,-70.79549679838873,-70.79549679838873
1443.5800404834747,-70.79849426444224,-70.79849426444224
1443.5900404834747,-70.80150053332497,-70.80150053332497
1443.6000404834747,-70.80451560008287,-70.80451560008287
1443.6100404834747,-70.80753945928225,-70.80753945928225
1443.6200404834747,-70.81057210505321,-70.81057210505321
1443.6300404834747,-70.81361353104798,-70.81361353104798
1443.6400404834746,-70.8166637304902,-70.8166637304902
1443.6500404834746,-70.81972269616129,-70.81972269616129
1443.6600404834746,-70.82279042041161,-70.82279042041161
1443.6700404834746,-70.8258668951664,-70.8258668951664
1443.6800404834748,-70.8289521119414,-70.8289521119414
1443.6900404834748,-70.83204606184049,-70.83204606184049
1443.7000404834748,-70.83514873556528,-70.83514873556528
1443.7100404834748,-70.83826012343066,-70.83826012343066
1443.7200404834748,-70.84138021535261,-70.84138021535261
1443.7300404834748,-70.844509000874,-70.844509000874
1443.7400404834748,-70.84764646916423,-70.84764646916423
1443.7500404834748,-70.85079260902971,-70.85079260902971
1443.7600404834748,-70.85394740889917,-70.85394740889917
1443.7700404834748,-70.85711085686748,-70.85711085686748
1443.7800404834747,-70.8602829406691,-70.8602829406691
1443.7900404834747,-70.86346364770293,-70.86346364770293
1443.8000404834747,-70.86665296502416,-70.86665296502416
1443.8100404834747,-70.86985087936488,-70.86985087936488
1443.8200404834747,-70.87305737713265,-70.87305737713265
1443.8300404834747,-70.87627244441242,-70.87627244441242
1443.8400404834747,-70.87949606698778,-70.87949606698778
1443.8500404834747,-70.88272823032266,-70.88272823032266
1443.8600404834747,-70.88596891959227,-70.88596891959227
1443.8700404834747,-70.88921811967512,-70.88921811967512
1443.8800404834747,-70.8924758151469,-70.8924758151469
1443.8900404834746,-70.8957419903112,-70.8957419903112
1443.9000404834746,-70.89901662919036,-70.89901662919036
1443.9100404834746,-70.90229971554291,-70.90229971554291
1443.9200404834746,-70.90559123283408,-70.90559123283408
1443.9300404834748,-70.90889116428116,-70.90889116428116
1443.9400404834748,-70.91219949285001,-70.91219949285001
1443.9500404834748,-70.91551620124105,-70.91551620124105
1443.9600404834748,-70.91883508718747,-70.91883508718747
1443.9700404834748,-70.92215342352807,-70.92215342352807
1443.9800404834748,-70.92546987284645,-70.92546987284645
1443.9900404834748,-70.9287837413342,-70.9287837413342
1444.0000404834748,-70.93209469385586,-70.93209469385586
1444.0100404834748,-70.93540260591772,-70.93540260591772
1444.0200404834748,-70.93870747681281,-70.93870747681281
1444.0300404834747,-70.94200937742328,-70.94200937742328
1444.0400404834747,-70.94530841882093,-70.94530841882093
1444.0500404834747,-70.94860473343171,-70.94860473343171
1444.0600404834747,-70.95189846377362,-70.95189846377362
1444.0700404834747,-70.95518975585811,-70.95518975585811
1444.0800404834747,-70.95847875541429,-70.95847875541429
1444.0900404834747,-70.96176560579535,-70.96176560579535
1444.1000404834747,-70.96505044695351,-70.96505044695351
1444.1100404834747,-70.96833341502057,-70.96833341502057
1444.1200404834747,-70.9716146422405,-70.9716146422405
1444.1300404834747,-70.97489425712438,-70.97489425712438
1444.1400404834746,-70.97817238467051,-70.97817238467051
1444.1500405073166,-70.98144915447598,-70.98144915447598
1444.1600405073166,-70.98472466979416,-70.98472466979416
1444.1700405073166,-70.98799905463349,-70.98799905463349
1444.1800405073166,-70.9912724228029,-70.9912724228029
1444.1900405073166,-70.99454488596682,-70.99454488596682
1444.2000405073165,-70.99781655380612,-70.99781655380612
1444.2100405073165,-71.0010813425341,-71.0010813425341
1444.2200405073165,-71.00433664611185,-71.00433664611185
1444.2300405073165,-71.00758124853495,-71.00758124853495
1444.2400405073165,-71.01081457693284,-71.01081457693284
1444.2500405073165,-71.01403641644004,-71.01403641644004
1444.2600405073165,-71.01724676204131,-71.01724676204131
1444.2700405073165,-71.02044573168351,-71.02044573168351
1444.2800405073167,-71.02363351412313,-71.02363351412313
1444.2900405073167,-71.02681033750343,-71.02681033750343
1444.3000405073167,-71.02997645049571,-71.02997645049571
1444.3100405073167,-71.03313211109041,-71.03313211109041
1444.3200405073167,-71.03627757999257,-71.03627757999257
1444.3300405073167,-71.03941311683181,-71.03941311683181
1444.3400405073166,-71.04253897810975,-71.04253897810975
1444.3500405073166,-71.04565541612098,-71.04565541612098
1444.3600405073166,-71.04876267857388,-71.04876267857388
1444.3700405073166,-71.0518610084963,-71.0518610084963
1444.3800405073166,-71.05495064438342,-71.05495064438342
1444.3900405073166,-71.05803182043054,-71.05803182043054
1444.4000405073166,-71.0611047667898,-71.0611047667898
1444.4100405073166,-71.06416970987857,-71.06416970987857
1444.4200405073166,-71.06722687263385,-71.06722687263385
1444.4300405073166,-71.07027647476284,-71.07027647476284
1444.4400405073166,-71.07331873295782,-71.07331873295782
1444.4500405073165,-71.07635386107806,-71.07635386107806
1444.4600405073165,-71.07937587265506,-71.07937587265506
1444.4700405073165,-71.08238226194348,-71.08238226194348
1444.4800405073165,-71.08537191384768,-71.08537191384768
1444.4900405073165,-71.08834435615991,-71.08834435615991
1444.5000405073165,-71.0912994741161,-71.0912994741161
1444.5100405073165,-71.09423736210243,-71.09423736210243
1444.5200405073165,-71.09715823670373,-71.09715823670373
1444.5300405073167,-71.10006238444107,-71.10006238444107
1444.5400405073167,-71.10295013033297,-71.10295013033297
1444.5500405073167,-71.10582181904762,-71.10582181904762
1444.5600405073167,-71.10866841742981,-71.10866841742981
1444.5700405073167,-71.11147903849528,-71.11147903849528
1444.5800405073167,-71.11424418831004,-71.11424418831004
1444.5900405073166,-71.11695628673192,-71.11695628673192
1444.6000405073166,-71.1196093931434,-71.1196093931434
1444.6100405073166,-71.12219883503745,-71.12219883503745
1444.6200405073166,-71.12472090909174,-71.12472090909174
1444.6300405073166,-71.12717266683647,-71.12717266683647
1444.6400405073166,-71.12955176353817,-71.12955176353817
1444.6500405073166,-71.1318563492899,-71.1318563492899
1444.6600405073166,-71.13408498754148,-71.13408498754148
1444.6700405073166,-71.13623659171793,-71.13623659171793
1444.6800405073166,-71.13831037423921,-71.13831037423921
1444.6900405073166,-71.140305804466,-71.140305804466
1444.7000405073165,-71.14222257336453,-71.14222257336453
1444.7100405073165,-71.14406056343405,-71.14406056343405
1444.7200405073165,-71.14581982295758,-71.14581982295758
1444.7300405073165,-71.14750054376232,-71.14750054376232
1444.7400405073165,-71.14910304202012,-71.14910304202012
1444.7500405073165,-71.15062774156259,-71.15062774156259
1444.7600405073165,-71.15207515936454,-71.15207515936454
1444.7700405073165,-71.15344589294665,-71.15344589294665
1444.7800405073167,-71.15474060932777,-71.15474060932777
1444.7900405073167,-71.1559600354097,-71.1559600354097
1444.8000405073167,-71.15710494954594,-71.15710494954594
1444.8100405073167,-71.1581761741693,-71.1581761741693
1444.8200405073167,-71.15917456932155,-71.15917456932155
1444.8300405073167,-71.16010102694699,-71.16010102694699
1444.8400405073166,-71.16095646593241,-71.16095646593241
1444.8500405073166,-71.16174182766588,-71.16174182766588
1444.8600405073166,-71.16245807218964,-71.16245807218964
1444.8700405073166,-71.16310617477117,-71.16310617477117
1444.8800405073166,-71.16368712289348,-71.16368712289348
1444.8900405073166,-71.16420191358293,-71.16420191358293
1444.9000405073166,-71.16465155107089,-71.16465155107089
1444.9100405073166,-71.16503704470364,-71.16503704470364
1444.9200405073166,-71.16535940710698,-71.16535940710698
1444.9300405073166,-71.16561965258461,-71.16561965258461
1444.9400405073166,-71.16581879564656,-71.16581879564656
1444.9500405073165,-71.16595784975495,-71.16595784975495
1444.9600405073165,-71.16603162335227,-71.16603162335227
1444.9700405073165,-71.16603840965935,-71.16603840965935
1444.9800405073165,-71.1659778930887,-71.1659778930887
1444.9900405073165,-71.16585039971537,-71.16585039971537
1445.0000405311584,-71.16565661012764,-71.16565661012764
1445.0100405311584,-71.1653974119389,-71.1653974119389
1445.0200405311584,-71.16507380976648,-71.16507380976648
1445.0300405311584,-71.16468687366937,-71.16468687366937
1445.0400405311584,-71.16423770690844,-71.16423770690844
1445.0500405311584,-71.16372742663351,-71.16372742663351
1445.0600405311584,-71.1631571522714,-71.1631571522714
1445.0700405311584,-71.16252799862254,-71.16252799862254
1445.0800405311584,-71.16184107182073,-71.16184107182073
1445.0900405311584,-71.16109746701783,-71.16109746701783
1445.1000405311584,-71.16029826718811,-71.16029826718811
1445.1100405311583,-71.15944454256962,-71.15944454256962
1445.1200405311583,-71.15853735047813,-71.15853735047813
1445.1300405311586,-71.15757773534489,-71.15757773534489
1445.1400405311585,-71.15656672890432,-71.15656672890432
1445.1500405311585,-71.15550535038611,-71.15550535038611
1445.1600405311585,-71.1543946067857,-71.1543946067857
1445.1700405311585,-71.15323549312485,-71.15323549312485
1445.1800405311585,-71.15202899265667,-71.15202899265667
1445.1900405311585,-71.15077607712126,-71.15077607712126
1445.2000405311585,-71.1494777069483,-71.1494777069483
1445.2100405311585,-71.14813483143713,-71.14813483143713
1445.2200405311585,-71.14674838891584,-71.14674838891584
1445.2300405311585,-71.14528978765128,-71.14528978765128
1445.2400405311585,-71.1437431831724,-71.1437431831724
1445.2500405311584,-71.14210007254756,-71.14210007254756
1445.2600405311584,-71.14035548786264,-71.14035548786264
1445.2700405311584,-71.13850630611539,-71.13850630611539
1445.2800405311584,-71.136550486356,-71.136550486356
1445.2900405311584,-71.13448670282233,-71.13448670282233
1445.3000405311584,-71.13231415271551,-71.13231415271551
1445.3100405311584,-71.13003244376216,-71.13003244376216
1445.3200405311584,-71.12764152000057,-71.12764152000057
1445.3300405311584,-71.12514160722594,-71.12514160722594
1445.3400405311584,-71.12253316978725,-71.12253316978725
1445.3500405311584,-71.11981687466442,-71.11981687466442
1445.3600405311583,-71.11699356095279,-71.11699356095279
1445.3700405311583,-71.11406421360002,-71.11406421360002
1445.3800405311586,-71.11102994071506,-71.11102994071506
1445.3900405311585,-71.10789195391578,-71.10789195391578
1445.4000405311585,-71.1046515513396,-71.1046515513396
1445.4100405311585,-71.10131010300805,-71.10131010300805
1445.4200405311585,-71.09786903814043,-71.09786903814043
1445.4300405311585,-71.09432983425876,-71.09432983425876
1445.4400405311585,-71.09069400779941,-71.09069400779941
1445.4500405311585,-71.0869631059904,-71.0869631059904
1445.4600405311585,-71.08313869993918,-71.08313869993918
1445.4700405311585,-71.07922237861517,-71.07922237861517
1445.4800405311585,-71.07521574372757,-71.07521574372757
1445.4900405311585,-71.0711204053085,-71.0711204053085
1445.5000405311584,-71.06693797789322,-71.06693797789322
1445.5100405311584,-71.06267007730179,-71.06267007730179
1445.5200405311584,-71.05831831780414,-71.05831831780414
1445.5300405311584,-71.0538843097625,-71.0538843097625
1445.5400405311584,-71.0493696575307,-71.0493696575307
1445.5500405311584,-71.0447759577459,-71.0447759577459
1445.5600405311584,-71.040104797792,-71.040104797792
1445.5700405311584,-71.03535775454584,-71.03535775454584
1445.5800405311584,-71.03053639326465,-71.03053639326465
1445.5900405311584,-71.02564226667332,-71.02564226667332
1445.6000405311584,-71.02067691420464,-71.02067691420464
1445.6100405311583,-71.01564186131569,-71.01564186131569
1445.6200405311583,-71.01053861894579,-71.01053861894579
1445.6300405311586,-71.00536868306423,-71.00536868306423
1445.6400405311585,-71.00013353430165,-71.00013353430165
1445.6500405311585,-70.9948346376546,-70.9948346376546
1445.6600405311585,-70.98947344223033,-70.98947344223033
1445.6700405311585,-70.98405138106925,-70.98405138106925
1445.6800405311585,-70.97856987098503,-70.97856987098503
1445.6900405311585,-70.97303031248539,-70.97303031248539
1445.7000405311585,-70.96743408969911,-70.96743408969911
1445.7100405311585,-70.96178257033331,-70.96178257033331
1445.7200405311585,-70.95607710568906,-70.95607710568906
1445.7300405311585,-70.95031903063618,-70.95031903063618
1445.7400405311585,-70.9445096636833,-70.9445096636833
1445.7500405311584,-70.9386503070153,-70.9386503070153
1445.7600405311584,-70.93274224657287,-70.93274224657287
1445.7700405311584,-70.9267867521045,-70.9267867521045
1445.7800405311584,-70.92078507729714,-70.92078507729714
1445.7900405311584,-70.91473845984932,-70.91473845984932
1445.8000405311584,-70.90864812159025,-70.90864812159025
1445.8100405311584,-70.9025152686048,-70.9025152686048
1445.8200405311584,-70.89634109135042,-70.89634109135042
1445.8300405311584,-70.89012676478376,-70.89012676478376
1445.8400405311584,-70.8838734484997,-70.8838734484997
1445.8500405550003,-70.87758227187537,-70.87758227187537
1445.8600405550003,-70.87125439406742,-70.87125439406742
1445.8700405550003,-70.86489091455321,-70.86489091455321
1445.8800405550003,-70.85849293286829,-70.85849293286829
1445.8900405550003,-70.85206153390962,-70.85206153390962
1445.9000405550003,-70.84559778806971,-70.84559778806971
1445.9100405550003,-70.83910275137445,-70.83910275137445
1445.9200405550002,-70.83257746566177,-70.83257746566177
1445.9300405550002,-70.8260229587107,-70.8260229587107
1445.9400405550002,-70.8194402444083,-70.8194402444083
1445.9500405550002,-70.81283032286922,-70.81283032286922
1445.9600405550002,-70.80619418060623,-70.80619418060623
1445.9700405550002,-70.7995327906975,-70.7995327906975
1445.9800405550004,-70.79284711288042,-70.79284711288042
1445.9900405550004,-70.78613809376331,-70.78613809376331
1446.0000405550004,-70.77940666693674,-70.77940666693674
1446.0100405550004,-70.77265375311826,-70.77265375311826
1446.0200405550004,-70.76588026032479,-70.76588026032479
1446.0300405550004,-70.75908708397453,-70.75908708397453
1446.0400405550004,-70.75227510706543,-70.75227510706543
1446.0500405550004,-70.7454452003193,-70.7454452003193
1446.0600405550003,-70.73859822230324,-70.73859822230324
1446.0700405550003,-70.7317350195752,-70.7317350195752
1446.0800405550003,-70.72485642682419,-70.72485642682419
1446.0900405550003,-70.71796326702135,-70.71796326702135
1446.1000405550003,-70.71105635153222,-70.71105635153222
1446.1100405550003,-70.70413648027234,-70.70413648027234
1446.1200405550003,-70.69720444182553,-70.69720444182553
1446.1300405550003,-70.69026101359084,-70.69026101359084
1446.1400405550003,-70.68330696190365,-70.68330696190365
1446.1500405550003,-70.6763430421868,-70.6763430421868
1446.1600405550003,-70.66936999903501,-70.66936999903501
1446.1700405550002,-70.66238856638483,-70.66238856638483
1446.1800405550002,-70.65539946762343,-70.65539946762343
1446.1900405550002,-70.64840341572958,-70.64840341572958
1446.2000405550002,-70.6414011133515,-70.6414011133515
1446.2100405550002,-70.63438710151762,-70.63438710151762
1446.2200405550002,-70.62735937165962,-70.62735937165962
1446.2300405550004,-70.62031729100349,-70.62031729100349
1446.2400405550004,-70.61326085971875,-70.61326085971875
1446.2500405550004,-70.60619042693862,-70.60619042693862
1446.2600405550004,-70.59910654300086,-70.59910654300086
1446.2700405550004,-70.59200987271241,-70.59200987271241
1446.2800405550004,-70.58490114319655,-70.58490114319655
1446.2900405550004,-70.57778111249324,-70.57778111249324
1446.3000405550004,-70.57065055076966,-70.57065055076966
1446.3100405550003,-70.56351022910141,-70.56351022910141
1446.3200405550003,-70.55636091296596,-70.55636091296596
1446.3300405550003,-70.54920335851617,-70.54920335851617
1446.3400405550003,-70.5420383105962,-70.5420383105962
1446.3500405550003,-70.5348665018225,-70.5348665018225
1446.3600405550003,-70.52768865226291,-70.52768865226291
1446.3700405550003,-70.52050546948072,-70.52050546948072
1446.3800405550003,-70.51331764878576,-70.51331764878576
1446.3900405550003,-70.50612587361131,-70.50612587361131
1446.4000405550003,-70.49893081586823,-70.49893081586823
1446.4100405550003,-70.49173313636842,-70.49173313636842
1446.4200405550002,-70.48453348520252,-70.48453348520252
1446.4300405550002,-70.477332502107,-70.477332502107
1446.4400405550002,-70.47013081680139,-70.47013081680139
1446.4500405550002,-70.46292904928164,-70.46292904928164
1446.4600405550002,-70.45572167496996,-70.45572167496996
1446.4700405550002,-70.44850661155569,-70.44850661155569
1446.4800405550004,-70.44128314997485,-70.44128314997485
1446.4900405550004,-70.43405121362322,-70.43405121362322
1446.5000405550004,-70.42681107510835,-70.42681107510835
1446.5100405550004,-70.4195632089418,-70.4195632089418
1446.5200405550004,-70.41230820499655,-70.41230820499655
1446.5300405550004,-70.40504671653267,-70.40504671653267
1446.5400405550004,-70.39777942886445,-70.39777942886445
1446.5500405550004,-70.39050704060524,-70.39050704060524
1446.5600405550003,-70.38323025250789,-70.38323025250789
1446.5700405550003,-70.37594976092606,-70.37594976092606
1446.5800405550003,-70.36866625410427,-70.36866625410427
1446.5900405550003,-70.36138041020173,-70.36138041020173
1446.6000405550003,-70.3540928963209,-70.3540928963209
1446.6100405550003,-70.34680436819426,-70.34680436819426
1446.6200405550003,-70.33951547019683,-70.33951547019683
1446.6300405550003,-70.33222683559698,-70.33222683559698
1446.6400405550003,-70.32493908685771,-70.32493908685771
1446.6500405550003,-70.3176528360139,-70.3176528360139
1446.6600405550003,-70.31036868504138,-70.31036868504138
1446.6700405550002,-70.30308722623734,-70.30308722623734
1446.6800405550002,-70.29580904252845,-70.29580904252845
1446.6900405550002,-70.28853470779856,-70.28853470779856
1446.7000405788422,-70.2812647698333,-70.2812647698333
1446.7100405788422,-70.27399981985181,-70.27399981985181
1446.7200405788421,-70.26674038882578,-70.26674038882578
1446.7300405788421,-70.25948701694125,-70.25948701694125
1446.7400405788421,-70.25224023644255,-70.25224023644255
1446.7500405788421,-70.24500057181466,-70.24500057181466
1446.760040578842,-70.23776853991473,-70.23776853991473
1446.770040578842,-70.23054465011586,-70.23054465011586
1446.780040578842,-70.22332940440046,-70.22332940440046
1446.790040578842,-70.21612329748139,-70.21612329748139
1446.800040578842,-70.20892681688706,-70.20892681688706
1446.810040578842,-70.2017404430691,-70.2017404430691
1446.820040578842,-70.19456464945347,-70.19456464945347
1446.8300405788423,-70.18739990256293,-70.18739990256293
1446.8400405788423,-70.18024666205255,-70.18024666205255
1446.8500405788423,-70.17310538079039,-70.17310538079039
1446.8600405788422,-70.1659765049424,-70.1659765049424
1446.8700405788422,-70.15886047401186,-70.15886047401186
1446.8800405788422,-70.15175772090909,-70.15175772090909
1446.8900405788422,-70.14466867201982,-70.14466867201982
1446.9000405788422,-70.1375937472522,-70.1375937472522
1446.9100405788422,-70.13053336010073,-70.13053336010073
1446.9200405788422,-70.12348791770812,-70.12348791770812
1446.9300405788422,-70.11645782090997,-70.11645782090997
1446.9400405788422,-70.10944346429426,-70.10944346429426
1446.9500405788422,-70.10244523625944,-70.10244523625944
1446.9600405788422,-70.09545741689186,-70.09545741689186
1446.9700405788421,-70.08847771367776,-70.08847771367776
1446.9800405788421,-70.08150520310924,-70.08150520310924
1446.9900405788421,-70.07453959356417,-70.07453959356417
1447.0000405788421,-70.06758094341158,-70.06758094341158
1447.010040578842,-70.06062951433425,-70.06062951433425
1447.020040578842,-70.0536856851437,-70.0536856851437
1447.030040578842,-70.04674989995198,-70.04674989995198
1447.040040578842,-70.03982263694618,-70.03982263694618
1447.050040578842,-70.03290438964702,-70.03290438964702
1447.060040578842,-70.02599565576189,-70.02599565576189
1447.070040578842,-70.01909693061991,-70.01909693061991
1447.0800405788423,-70.01220870344916,-70.01220870344916
1447.0900405788423,-70.00533145536882,-70.00533145536882
1447.1000405788423,-69.99846565840667,-69.99846565840667
1447.1100405788422,-69.99161177515717,-69.99161177515717
1447.1200405788422,-69.98477025876296,-69.98477025876296
1447.1300405788422,-69.97794155314577,-69.97794155314577
1447.1400405788422,-69.97112609329604,-69.97112609329604
1447.1500405788422,-69.96432430563235,-69.96432430563235
1447.1600405788422,-69.95753660836117,-69.95753660836117
1447.1700405788422,-69.95076341180946,-69.95076341180946
1447.1800405788422,-69.9440051187637,-69.9440051187637
1447.1900405788422,-69.93726212474157,-69.93726212474157
1447.2000405788422,-69.93053481828501,-69.93053481828501
1447.2100405788422,-69.92381749473854,-69.92381749473854
1447.2200405788421,-69.9171078680086,-69.9171078680086
1447.2300405788421,-69.91040501725146,-69.91040501725146
1447.2400405788421,-69.90370865166186,-69.90370865166186
1447.2500405788421,-69.89701882940102,-69.89701882940102
1447.260040578842,-69.89033581134471,-69.89033581134471
1447.270040578842,-69.8836599751972,-69.8836599751972
1447.280040578842,-69.87699176382522,-69.87699176382522
1447.290040578842,-69.87033165415382,-69.87033165415382
1447.300040578842,-69.86368013854235,-69.86368013854235
1447.310040578842,-69.85703771362525,-69.85703771362525
1447.320040578842,-69.85040487385876,-69.85040487385876
1447.3300405788423,-69.84378210777054,-69.84378210777054
1447.3400405788423,-69.83716989599297,-69.83716989599297
1447.3500405788423,-69.83056871028514,-69.83056871028514
1447.3600405788422,-69.82397901317557,-69.82397901317557
1447.3700405788422,-69.81740125798677,-69.81740125798677
1447.3800405788422,-69.81083588902828,-69.81083588902828
1447.3900405788422,-69.80428334190184,-69.80428334190184
1447.4000405788422,-69.79774404384592,-69.79774404384592
1447.4100405788422,-69.79121841408752,-69.79121841408752
1447.4200405788422,-69.78470686418859,-69.78470686418859
1447.4300405788422,-69.77820979834287,-69.77820979834287
1447.4400405788422,-69.77172761366855,-69.77172761366855
1447.4500405788422,-69.76526070046494,-69.76526070046494
1447.4600405788422,-69.758809442441,-69.758809442441
1447.4700405788421,-69.7523742169128,-69.7523742169128
1447.4800405788421,-69.74595539499732,-69.74595539499732
1447.4900405788421,-69.73955334173866,-69.73955334173866
1447.5000405788421,-69.73316841627313,-69.73316841627313
1447.510040578842,-69.72680097194726,-69.72680097194726
1447.520040578842,-69.72045135640899,-69.72045135640899
1447.530040578842,-69.71411991174227,-69.71411991174227
1447.540040578842,-69.70780697450658,-69.70780697450658
1447.550040602684,-69.70151286086659,-69.70151286086659
1447.560040602684,-69.69523792662555,-69.69523792662555
1447.570040602684,-69.6889824772783,-69.6889824772783
1447.580040602684,-69.68274682810325,-69.68274682810325
1447.590040602684,-69.67653128921539,-69.67653128921539
1447.600040602684,-69.67033616561157,-69.67033616561157
1447.610040602684,-69.66416175722138,-69.66416175722138
1447.620040602684,-69.65800835895804,-69.65800835895804
1447.630040602684,-69.6518762607577,-69.6518762607577
1447.640040602684,-69.64576574762455,-69.64576574762455
1447.650040602684,-69.63967709968023,-69.63967709968023
1447.660040602684,-69.6336105921926,-69.6336105921926
1447.670040602684,-69.62756649563217,-69.62756649563217
1447.6800406026841,-69.62154507569493,-69.62154507569493
1447.6900406026841,-69.61554659336213,-69.61554659336213
1447.700040602684,-69.60957130492095,-69.60957130492095
1447.710040602684,-69.60361946201547,-69.60361946201547
1447.720040602684,-69.59769131168098,-69.59769131168098
1447.730040602684,-69.59178709640007,-69.59178709640007
1447.740040602684,-69.58590705410894,-69.58590705410894
1447.750040602684,-69.58005141826115,-69.58005141826115
1447.760040602684,-69.57422041787021,-69.57422041787021
1447.770040602684,-69.56841427753405,-69.56841427753405
1447.780040602684,-69.562633217487,-69.562633217487
1447.790040602684,-69.55687745362226,-69.55687745362226
1447.800040602684,-69.55114719755849,-69.55114719755849
1447.810040602684,-69.5454426566688,-69.5454426566688
1447.820040602684,-69.53976403410748,-69.53976403410748
1447.830040602684,-69.53411152887398,-69.53411152887398
1447.840040602684,-69.528485335832,-69.528485335832
1447.850040602684,-69.52288564577316,-69.52288564577316
1447.860040602684,-69.51731264543724,-69.51731264543724
1447.870040602684,-69.51176651757136,-69.51176651757136
1447.880040602684,-69.50624744095306,-69.50624744095306
1447.890040602684,-69.50075559044929,-69.50075559044929
1447.900040602684,-69.49529113704777,-69.49529113704777
1447.910040602684,-69.48985424790196,-69.48985424790196
1447.920040602684,-69.48444508636464,-69.48444508636464
1447.9300406026841,-69.47906381204778,-69.47906381204778
1447.9400406026841,-69.47371058084927,-69.47371058084927
1447.950040602684,-69.46838554500083,-69.46838554500083
1447.960040602684,-69.46308885310823,-69.46308885310823
1447.970040602684,-69.45782065018467,-69.45782065018467
1447.980040602684,-69.45258107770807,-69.45258107770807
1447.990040602684,-69.44737027365103,-69.44737027365103
1448.000040602684,-69.44218837252355,-69.44218837252355
1448.010040602684,-69.43703550542668,-69.43703550542668
1448.020040602684,-69.43191180006934,-69.43191180006934
1448.030040602684,-69.42681738083502,-69.42681738083502
1448.040040602684,-69.42175236879993,-69.42175236879993
1448.050040602684,-69.41671688180054,-69.41671688180054
1448.060040602684,-69.41171103444013,-69.41171103444013
1448.070040602684,-69.40673493815794,-69.40673493815794
1448.080040602684,-69.4017887012601,-69.4017887012601
1448.090040602684,-69.39687242895154,-69.39687242895154
1448.100040602684,-69.39198622338104,-69.39198622338104
1448.110040602684,-69.38713018369418,-69.38713018369418
1448.120040602684,-69.38230440603999,-69.38230440603999
1448.130040602684,-69.37750898364676,-69.37750898364676
1448.140040602684,-69.37274400684129,-69.37274400684129
1448.150040602684,-69.36800956308261,-69.36800956308261
1448.160040602684,-69.36330573701063,-69.36330573701063
1448.170040602684,-69.35863261048657,-69.35863261048657
1448.1800406026841,-69.3539902626093,-69.3539902626093
1448.1900406026841,-69.34937876978938,-69.34937876978938
1448.200040602684,-69.34479820575518,-69.34479820575518
1448.210040602684,-69.34024864158421,-69.34024864158421
1448.220040602684,-69.33573014578285,-69.33573014578285
1448.230040602684,-69.33124278427437,-69.33124278427437
1448.240040602684,-69.32678662045682,-69.32678662045682
1448.250040602684,-69.32236171523692,-69.32236171523692
1448.260040602684,-69.31796812706675,-69.31796812706675
1448.270040602684,-69.31360591197571,-69.31360591197571
1448.280040602684,-69.3092751236021,-69.3092751236021
1448.290040602684,-69.30497581323313,-69.30497581323313
1448.300040602684,-69.30070802983884,-69.30070802983884
1448.310040602684,-69.29647182009343,-69.29647182009343
1448.320040602684,-69.29226722841841,-69.29226722841841
1448.330040602684,-69.28809429702659,-69.28809429702659
1448.340040602684,-69.28395306593316,-69.28395306593316
1448.350040602684,-69.27984357298836,-69.27984357298836
1448.360040602684,-69.27576585394256,-69.27576585394256
1448.370040602684,-69.27171994242666,-69.27171994242666
1448.380040602684,-69.26770587002521,-69.26770587002521
1448.390040602684,-69.26372366628951,-69.26372366628951
1448.4000406265259,-69.25977334936879,-69.25977334936879
1448.4100406265259,-69.25585496372048,-69.25585496372048
1448.4200406265259,-69.25196852349539,-69.25196852349539
1448.4300406265259,-69.24811405041977,-69.24811405041977
1448.4400406265258,-69.24429156433774,-69.24429156433774
1448.4500406265258,-69.24050108323175,-69.24050108323175
1448.4600406265258,-69.2367426232649,-69.2367426232649
1448.4700406265258,-69.23301619879874,-69.23301619879874
1448.4800406265258,-69.22932182243514,-69.22932182243514
1448.4900406265258,-69.22565950502688,-69.22565950502688
1448.5000406265258,-69.22202925570613,-69.22202925570613
1448.5100406265258,-69.21843108192031,-69.21843108192031
1448.5200406265258,-69.21486498945862,-69.21486498945862
1448.530040626526,-69.21133098246668,-69.21133098246668
1448.540040626526,-69.20782906348596,-69.20782906348596
1448.550040626526,-69.20435923346571,-69.20435923346571
1448.560040626526,-69.20092149180134,-69.20092149180134
1448.570040626526,-69.19751583636113,-69.19751583636113
1448.580040626526,-69.19414226348358,-69.19414226348358
1448.590040626526,-69.19080076802052,-69.19080076802052
1448.600040626526,-69.18749134339159,-69.18749134339159
1448.610040626526,-69.18421398154186,-69.18421398154186
1448.620040626526,-69.18096867301405,-69.18096867301405
1448.630040626526,-69.17775540696724,-69.17775540696724
1448.640040626526,-69.17457417117598,-69.17457417117598
1448.6500406265259,-69.1714249520714,-69.1714249520714
1448.6600406265259,-69.16830773476843,-69.16830773476843
1448.6700406265259,-69.16522250305964,-69.16522250305964
1448.6800406265259,-69.16216923947735,-69.16216923947735
1448.6900406265258,-69.15914792527232,-69.15914792527232
1448.7000406265258,-69.15615854046443,-69.15615854046443
1448.7100406265258,-69.1532010638537,-69.1532010638537
1448.7200406265258,-69.1502754730439,-69.1502754730439
1448.7300406265258,-69.14738174445957,-69.14738174445957
1448.7400406265258,-69.14451985335344,-69.14451985335344
1448.7500406265258,-69.14168977384334,-69.14168977384334
1448.7600406265258,-69.13889147894511,-69.13889147894511
1448.7700406265258,-69.13612494054675,-69.13612494054675
1448.780040626526,-69.13339012947138,-69.13339012947138
1448.790040626526,-69.13068701547292,-69.13068701547292
1448.800040626526,-69.12801556725289,-69.12801556725289
1448.810040626526,-69.12537575250207,-69.12537575250207
1448.820040626526,-69.12276753788497,-69.12276753788497
1448.830040626526,-69.12019088907023,-69.12019088907023
1448.840040626526,-69.1176457707779,-69.1176457707779
1448.850040626526,-69.11513214673762,-69.11513214673762
1448.860040626526,-69.11264997976787,-69.11264997976787
1448.870040626526,-69.11019923173025,-69.11019923173025
1448.880040626526,-69.10777986359945,-69.10777986359945
1448.890040626526,-69.10539183546463,-69.10539183546463
1448.9000406265259,-69.10303510651953,-69.10303510651953
1448.9100406265259,-69.10070963511035,-69.10070963511035
1448.9200406265259,-69.09841537872373,-69.09841537872373
1448.9300406265259,-69.09615229403198,-69.09615229403198
1448.9400406265258,-69.09392033689382,-69.09392033689382
1448.9500406265258,-69.09171946234994,-69.09171946234994
1448.9600406265258,-69.08954360913121,-69.08954360913121
1448.9700406265258,-69.08739009968694,-69.08739009968694
1448.9800406265258,-69.08525761032601,-69.08525761032601
1448.9900406265258,-69.08314544462174,-69.08314544462174
1449.0000406265258,-69.08105325567436,-69.08105325567436
1449.0100406265258,-69.0789809016308,-69.0789809016308
1449.0200406265258,-69.07692836076957,-69.07692836076957
1449.030040626526,-69.0748956805404,-69.0748956805404
1449.040040626526,-69.07288294675159,-69.07288294675159
1449.050040626526,-69.07089026514969,-69.07089026514969
1449.060040626526,-69.06891775039699,-69.06891775039699
1449.070040626526,-69.06696551962169,-69.06696551962169
1449.080040626526,-69.06503368872887,-69.06503368872887
1449.090040626526,-69.06312237036573,-69.06312237036573
1449.100040626526,-69.06123167297037,-69.06123167297037
1449.110040626526,-69.05936170035427,-69.05936170035427
1449.120040626526,-69.05751255170334,-69.05751255170334
1449.130040626526,-69.05568432170475,-69.05568432170475
1449.140040626526,-69.05387710086197,-69.05387710086197
1449.1500406265259,-69.05209097577452,-69.05209097577452
1449.1600406265259,-69.05032602944756,-69.05032602944756
1449.1700406265259,-69.04858234160677,-69.04858234160677
1449.1800406265259,-69.04685998896483,-69.04685998896483
1449.1900406265258,-69.0451590454655,-69.0451590454655
1449.2000406265258,-69.04347958253172,-69.04347958253172
1449.2100406265258,-69.04181565763702,-69.04181565763702
1449.2200406265258,-69.04016470829218,-69.04016470829218
1449.2300406265258,-69.03852552358646,-69.03852552358646
1449.2400406265258,-69.03689751819671,-69.03689751819671
1449.2500406503677,-69.03528045110613,-69.03528045110613
1449.2600406503677,-69.03367429670229,-69.03367429670229
1449.2700406503677,-69.03207913696242,-69.03207913696242
1449.2800406503677,-69.03049512593262,-69.03049512593262
1449.2900406503677,-69.02892245519323,-69.02892245519323
1449.3000406503677,-69.02736133546226,-69.02736133546226
1449.3100406503677,-69.02581198562773,-69.02581198562773
1449.3200406503677,-69.02427462631115,-69.02427462631115
1449.3300406503677,-69.02274947618481,-69.02274947618481
1449.3400406503677,-69.02123674998062,-69.02123674998062
1449.3500406503676,-69.0197366574892,-69.0197366574892
1449.3600406503676,-69.0182494032171,-69.0182494032171
1449.3700406503676,-69.01677518629292,-69.01677518629292
1449.3800406503678,-69.01531420069588,-69.01531420069588
1449.3900406503678,-69.01386663547123,-69.01386663547123
1449.4000406503678,-69.01243267504975,-69.01243267504975
1449.4100406503678,-69.01101249954816,-69.01101249954816
1449.4200406503678,-69.00960628506537,-69.00960628506537
1449.4300406503678,-69.00821420394293,-69.00821420394293
1449.4400406503678,-69.00683642501387,-69.00683642501387
1449.4500406503678,-69.00547311380747,-69.00547311380747
1449.4600406503678,-69.00412443274588,-69.00412443274588
1449.4700406503678,-69.00279054127905,-69.00279054127905
1449.4800406503678,-69.00147159604974,-69.00147159604974
1449.4900406503677,-69.00016775098803,-69.00016775098803
1449.5000406503677,-68.99887915742518,-68.99887915742518
1449.5100406503677,-68.99760596414882,-68.99760596414882
1449.5200406503677,-68.99634831750977,-68.99634831750977
1449.5300406503677,-68.99510636144588,-68.99510636144588
1449.5400406503677,-68.99388023754283,-68.99388023754283
1449.5500406503677,-68.99267008508254,-68.99267008508254
1449.5600406503677,-68.99147604106601,-68.99147604106601
1449.5700406503677,-68.99029824022602,-68.99029824022602
1449.5800406503677,-68.98913681509697,-68.98913681509697
1449.5900406503677,-68.98799189597139,-68.98799189597139
1449.6000406503676,-68.98686361096347,-68.98686361096347
1449.6100406503676,-68.98575208600673,-68.98575208600673
1449.6200406503676,-68.98465744486884,-68.98465744486884
1449.6300406503678,-68.98357980915104,-68.98357980915104
1449.6400406503678,-68.98251929829482,-68.98251929829482
1449.6500406503678,-68.98147602961575,-68.98147602961575
1449.6600406503678,-68.9804501182774,-68.9804501182774
1449.6700406503678,-68.97944167732541,-68.97944167732541
1449.6800406503678,-68.97845081767447,-68.97845081767447
1449.6900406503678,-68.97747764811793,-68.97747764811793
1449.7000406503678,-68.97652227534714,-68.97652227534714
1449.7100406503678,-68.97558480394848,-68.97558480394848
1449.7200406503678,-68.97466533638922,-68.97466533638922
1449.7300406503678,-68.97376397307846,-68.97376397307846
1449.7400406503677,-68.9728808123231,-68.9728808123231
1449.7500406503677,-68.97201595035983,-68.97201595035983
1449.7600406503677,-68.97116948136097,-68.97116948136097
1449.7700406503677,-68.9703414974258,-68.9703414974258
1449.7800406503677,-68.9695320886157,-68.9695320886157
1449.7900406503677,-68.96874134295702,-68.96874134295702
1449.8000406503677,-68.96796934643723,-68.96796934643723
1449.8100406503677,-68.96721618303023,-68.96721618303023
1449.8200406503677,-68.966481934702,-68.966481934702
1449.8300406503677,-68.96576668142274,-68.96576668142274
1449.8400406503677,-68.96507050117144,-68.96507050117144
1449.8500406503676,-68.96439346997325,-68.96439346997325
1449.8600406503676,-68.96373566188134,-68.96373566188134
1449.8700406503676,-68.96309714900785,-68.96309714900785
1449.8800406503678,-68.96247800153431,-68.96247800153431
1449.8900406503678,-68.9618782877268,-68.9618782877268
1449.9000406503678,-68.96129807395275,-68.96129807395275
1449.9100406503678,-68.96073742467942,-68.96073742467942
1449.9200406503678,-68.9601964025182,-68.9601964025182
1449.9300406503678,-68.95967506821893,-68.95967506821893
1449.9400406503678,-68.95917348069796,-68.95917348069796
1449.9500406503678,-68.95869169702765,-68.95869169702765
1449.9600406503678,-68.95822977249757,-68.95822977249757
1449.9700406503678,-68.95778776059137,-68.95778776059137
1449.9800406503678,-68.95736571302497,-68.95736571302497
1449.9900406503677,-68.95696367975864,-68.95696367975864
1450.0000406503677,-68.95658170901281,-68.95658170901281
1450.0100406503677,-68.95621984728356,-68.95621984728356
1450.0200406503677,-68.9558781393748,-68.9558781393748
1450.0300406503677,-68.95555662839723,-68.95555662839723
1450.0400406503677,-68.95525535578088,-68.95525535578088
1450.0500406503677,-68.954974361331,-68.954974361331
1450.0600406503677,-68.95471368320014,-68.95471368320014
1450.0700406503677,-68.95447335794766,-68.95447335794766
1450.0800406503677,-68.9542534205191,-68.9542534205191
1450.0900406503677,-68.95405390429697,-68.95405390429697
1450.1000406742096,-68.95387484067808,-68.95387484067808
1450.1100406742096,-68.95371626085016,-68.95371626085016
1450.1200406742096,-68.9535781930831,-68.9535781930831
1450.1300406742096,-68.95346066463905,-68.95346066463905
1450.1400406742096,-68.95336370129053,-68.95336370129053
1450.1500406742095,-68.95328732736206,-68.95328732736206
1450.1600406742095,-68.95323156570623,-68.95323156570623
1450.1700406742095,-68.95319643776337,-68.95319643776337
1450.1800406742095,-68.95318196355726,-68.95318196355726
1450.1900406742095,-68.953188161725,-68.953188161725
1450.2000406742095,-68.95321504952837,-68.95321504952837
1450.2100406742095,-68.95326264287712,-68.95326264287712
1450.2200406742095,-68.95333095634673,-68.95333095634673
1450.2300406742097,-68.95342000318252,-68.95342000318252
1450.2400406742097,-68.95352979534891,-68.95352979534891
1450.2500406742097,-68.95366034351271,-68.95366034351271
1450.2600406742097,-68.95381165708417,-68.95381165708417
1450.2700406742097,-68.95398374422476,-68.95398374422476
1450.2800406742097,-68.95417661187099,-68.95417661187099
1450.2900406742096,-68.95439026574252,-68.95439026574252
1450.3000406742096,-68.95462471037307,-68.95462471037307
1450.3100406742096,-68.95487994911363,-68.95487994911363
1450.3200406742096,-68.95515598415675,-68.95515598415675
1450.3300406742096,-68.95545281656325,-68.95545281656325
1450.3400406742096,-68.95577044625641,-68.95577044625641
1450.3500406742096,-68.95610887205085,-68.95610887205085
1450.3600406742096,-68.95646809168592,-68.95646809168592
1450.3700406742096,-68.95684810181199,-68.95684810181199
1450.3800406742096,-68.95724889801902,-68.95724889801902
1450.3900406742096,-68.95767047487075,-68.95767047487075
1450.4000406742095,-68.95811282589564,-68.95811282589564
1450.4100406742095,-68.95857594360781,-68.95857594360781
1450.4200406742095,-68.95905981953845,-68.95905981953845
1450.4300406742095,-68.95956444422852,-68.95956444422852
1450.4400406742095,-68.96008980726472,-68.96008980726472
1450.4500406742095,-68.96063589728443,-68.96063589728443
1450.4600406742095,-68.96120270199215,-68.96120270199215
1450.4700406742095,-68.96179020817475,-68.96179020817475
1450.4800406742097,-68.96239840171852,-68.96239840171852
1450.4900406742097,-68.96302726762579,-68.96302726762579
1450.5000406742097,-68.96367679001727,-68.96367679001727
1450.5100406742097,-68.96434695216044,-68.96434695216044
1450.5200406742097,-68.96503773648466,-68.96503773648466
1450.5300406742097,-68.96574912458074,-68.96574912458074
1450.5400406742096,-68.96648109722436,-68.96648109722436
1450.5500406742096,-68.9672336344022,-68.9672336344022
1450.5600406742096,-68.96800671529174,-68.96800671529174
1450.5700406742096,-68.9688003183064,-68.9688003183064
1450.5800406742096,-68.96961442110492,-68.96961442110492
1450.5900406742096,-68.97044900059454,-68.97044900059454
1450.6000406742096,-68.97130403292752,-68.97130403292752
1450.6100406742096,-68.9721794935678,-68.9721794935678
1450.6200406742096,-68.97307535724212,-68.97307535724212
1450.6300406742096,-68.97399159799244,-68.97399159799244
1450.6400406742096,-68.97492818916812,-68.97492818916812
1450.6500406742095,-68.97588510345749,-68.97588510345749
1450.6600406742095,-68.97686231288041,-68.97686231288041
1450.6700406742095,-68.97785978880773,-68.97785978880773
1450.6800406742095,-68.97887750198014,-68.97887750198014
1450.6900406742095,-68.97991542250674,-68.97991542250674
1450.7000406742095,-68.98097351989045,-68.98097351989045
1450.7100406742095,-68.98205176302282,-68.98205176302282
1450.7200406742095,-68.98315012020451,-68.98315012020451
1450.7300406742097,-68.98426855916895,-68.98426855916895
1450.7400406742097,-68.98540704707065,-68.98540704707065
1450.7500406742097,-68.98656555050988,-68.98656555050988
1450.7600406742097,-68.98774403552777,-68.98774403552777
1450.7700406742097,-68.98894246764854,-68.98894246764854
1450.7800406742097,-68.99016081185029,-68.99016081185029
1450.7900406742096,-68.99139903260729,-68.99139903260729
1450.8000406742096,-68.99265709387907,-68.99265709387907
1450.8100406742096,-68.99393495913544,-68.99393495913544
1450.8200406742096,-68.99523259135015,-68.99523259135015
1450.8300406742096,-68.99654995302649,-68.99654995302649
1450.8400406742096,-68.99788700619793,-68.99788700619793
1450.8500406742096,-68.99924371244951,-68.99924371244951
1450.8600406742096,-69.00062003289882,-69.00062003289882
1450.8700406742096,-69.00201592823292,-69.00201592823292
1450.8800406742096,-69.00343135871147,-69.00343135871147
1450.8900406742096,-69.0048662841676,-69.0048662841676
1450.9000406742095,-69.00632066400888,-69.00632066400888
1450.9100406742095,-69.0077944572631,-69.0077944572631
1450.9200406742095,-69.00928762254544,-69.00928762254544
1450.9300406742095,-69.0108001180912,-69.0108001180912
1450.9400406742095,-69.01233190173906,-69.01233190173906
1450.9500406980515,-69.01388293467716,-69.01388293467716
1450.9600406980514,-69.0154471542955,-69.0154471542955
1450.9700406980514,-69.01702188964562,-69.01702188964562
1450.9800406980514,-69.01860581837994,-69.01860581837994
1450.9900406980514,-69.02019824452913,-69.02019824452913
1451.0000406980514,-69.02179882121582,-69.02179882121582
1451.0100406980514,-69.023407406457,-69.023407406457
1451.0200406980514,-69.02502397858545,-69.02502397858545
1451.0300406980514,-69.02664858535692,-69.02664858535692
1451.0400406980514,-69.02828131333423,-69.02828131333423
1451.0500406980514,-69.02992226950603,-69.02992226950603
1451.0600406980514,-69.03157157031156,-69.03157157031156
1451.0700406980513,-69.03322933524215,-69.03322933524215
1451.0800406980516,-69.03489568312271,-69.03489568312271
1451.0900406980516,-69.03657073010964,-69.03657073010964
1451.1000406980515,-69.03825458870298,-69.03825458870298
1451.1100406980515,-69.03994736735882,-69.03994736735882
1451.1200406980515,-69.04164917042309,-69.04164917042309
1451.1300406980515,-69.0433600983174,-69.0433600983174
1451.1400406980515,-69.04508024774967,-69.04508024774967
1451.1500406980515,-69.0468097120481,-69.0468097120481
1451.1600406980515,-69.04854858143466,-69.04854858143466
1451.1700406980515,-69.05029694331353,-69.05029694331353
1451.1800406980515,-69.0520548825295,-69.0520548825295
1451.1900406980515,-69.05382248161382,-69.05382248161382
1451.2000406980515,-69.05559982099508,-69.05559982099508
1451.2100406980514,-69.05738697915747,-69.05738697915747
1451.2200406980514,-69.05918403281598,-69.05918403281598
1451.2300406980514,-69.06099105704516,-69.06099105704516
1451.2400406980514,-69.06280812538972,-69.06280812538972
1451.2500406980514,-69.06463530995292,-69.06463530995292
1451.2600406980514,-69.06647268148448,-69.06647268148448
1451.2700406980514,-69.06832030944182,-69.06832030944182
1451.2800406980514,-69.0701782620512,-69.0701782620512
1451.2900406980514,-69.07204660633407,-69.07204660633407
1451.3000406980514,-69.07392540816507,-69.07392540816507
1451.3100406980514,-69.07581473229536,-69.07581473229536
1451.3200406980513,-69.07771464236555,-69.07771464236555
1451.3300406980516,-69.07962520093496,-69.07962520093496
1451.3400406980516,-69.08154646949309,-69.08154646949309
1451.3500406980515,-69.08347850846583,-69.08347850846583
1451.3600406980515,-69.08542137723691,-69.08542137723691
1451.3700406980515,-69.08737513414222,-69.08737513414222
1451.3800406980515,-69.08933983647675,-69.08933983647675
1451.3900406980515,-69.09131554050539,-69.09131554050539
1451.4000406980515,-69.09330230144968,-69.09330230144968
1451.4100406980515,-69.09530017350106,-69.09530017350106
1451.4200406980515,-69.0973092098229,-69.0973092098229
1451.4300406980515,-69.09932946253372,-69.09932946253372
1451.4400406980515,-69.10136098272034,-69.10136098272034
1451.4500406980515,-69.10340382043566,-69.10340382043566
1451.4600406980514,-69.10545802469962,-69.10545802469962
1451.4700406980514,-69.10752364349511,-69.10752364349511
1451.4800406980514,-69.10960072375552,-69.10960072375552
1451.4900406980514,-69.11168931139773,-69.11168931139773
1451.5000406980514,-69.11378945127743,-69.11378945127743
1451.5100406980514,-69.11590118722856,-69.11590118722856
1451.5200406980514,-69.11802456203473,-69.11802456203473
1451.5300406980514,-69.1201596174428,-69.1201596174428
1451.5400406980514,-69.12230639417052,-69.12230639417052
1451.5500406980514,-69.12446493188955,-69.12446493188955
1451.5600406980514,-69.12663526924594,-69.12663526924594
1451.5700406980513,-69.12881744385695,-69.12881744385695
1451.5800406980516,-69.13101149229769,-69.13101149229769
1451.5900406980516,-69.13321745012298,-69.13321745012298
1451.6000406980515,-69.13543535185704,-69.13543535185704
1451.6100406980515,-69.13766523101438,-69.13766523101438
1451.6200406980515,-69.13990712009095,-69.13990712009095
1451.6300406980515,-69.14216105055979,-69.14216105055979
1451.6400406980515,-69.1444270528982,-69.1444270528982
1451.6500406980515,-69.14670515656448,-69.14670515656448
1451.6600406980515,-69.14899539003557,-69.14899539003557
1451.6700406980515,-69.1512977807896,-69.1512977807896
1451.6800406980515,-69.15361235530625,-69.15361235530625
1451.6900406980515,-69.1559391390997,-69.1559391390997
1451.7000406980515,-69.15827815669797,-69.15827815669797
1451.7100406980514,-69.16062943166932,-69.16062943166932
1451.7200406980514,-69.16299298661556,-69.16299298661556
1451.7300406980514,-69.16536884317853,-69.16536884317853
1451.7400406980514,-69.16775702206984,-69.16775702206984
1451.7500406980514,-69.17015754303688,-69.17015754303688
1451.7600406980514,-69.1725704249186,-69.1725704249186
1451.7700406980514,-69.17499568561037,-69.17499568561037
1451.7800406980514,-69.17743334210073,-69.17743334210073
1451.7900406980514,-69.17988341047065,-69.17988341047065
1451.8000407218933,-69.18234591176275,-69.18234591176275
1451.8100407218933,-69.18482084857042,-69.18482084857042
1451.8200407218933,-69.18730824011759,-69.18730824011759
1451.8300407218933,-69.18980809893009,-69.18980809893009
1451.8400407218933,-69.19232043668255,-69.19232043668255
1451.8500407218933,-69.19484526416977,-69.19484526416977
1451.8600407218933,-69.19738259135865,-69.19738259135865
1451.8700407218932,-69.19993242736592,-69.19993242736592
1451.8800407218932,-69.20249478048112,-69.20249478048112
1451.8900407218932,-69.2050696581736,-69.2050696581736
1451.9000407218932,-69.207657067101,-69.207657067101
1451.9100407218932,-69.21025701311876,-69.21025701311876
1451.9200407218932,-69.21286950130215,-69.21286950130215
1451.9300407218934,-69.21549453592013,-69.21549453592013
1451.9400407218934,-69.21813212048701,-69.21813212048701
1451.9500407218934,-69.22078225774366,-69.22078225774366
1451.9600407218934,-69.22344494968128,-69.22344494968128
1451.9700407218934,-69.22612019754403,-69.22612019754403
1451.9800407218934,-69.22880800183258,-69.22880800183258
1451.9900407218934,-69.2315083623423,-69.2315083623423
1452.0000407218934,-69.23422127813453,-69.23422127813453
1452.0100407218933,-69.23694674756666,-69.23694674756666
1452.0200407218933,-69.23968476829312,-69.23968476829312
1452.0300407218933,-69.24243533729978,-69.24243533729978
1452.0400407218933,-69.24519845087376,-69.24519845087376
1452.0500407218933,-69.24797410463844,-69.24797410463844
1452.0600407218933,-69.25076229356115,-69.25076229356115
1452.0700407218933,-69.25356301195463,-69.25356301195463
1452.0800407218933,-69.25637625349141,-69.25637625349141
1452.0900407218933,-69.25920201121038,-69.25920201121038
1452.1000407218933,-69.2620402775261,-69.2620402775261
1452.1100407218933,-69.2648910442494,-69.2648910442494
1452.1200407218932,-69.26775430256451,-69.26775430256451
1452.1300407218932,-69.2706300430837,-69.2706300430837
1452.1400407218932,-69.27351825581566,-69.27351825581566
1452.1500407218932,-69.27641893020305,-69.27641893020305
1452.1600407218932,-69.27933205511106,-69.27933205511106
1452.1700407218932,-69.28225761885166,-69.28225761885166
1452.1800407218934,-69.28519560917552,-69.28519560917552
1452.1900407218934,-69.28814601330035,-69.28814601330035
1452.2000407218934,-69.29110881789695,-69.29110881789695
1452.2100407218934,-69.2940840091292,-69.2940840091292
1452.2200407218934,-69.29707157262442,-69.29707157262442
1452.2300407218934,-69.30007149351388,-69.30007149351388
1452.2400407218934,-69.30308375641948,-69.30308375641948
1452.2500407218934,-69.3061083454779,-69.3061083454779
1452.2600407218933,-69.30914524434283,-69.30914524434283
1452.2700407218933,-69.31219443618272,-69.31219443618272
1452.2800407218933,-69.31525590370512,-69.31525590370512
1452.2900407218933,-69.31832962914586,-69.31832962914586
1452.3000407218933,-69.32141559431254,-69.32141559431254
1452.3100407218933,-69.32451378054334,-69.32451378054334
1452.3200407218933,-69.32762416874891,-69.32762416874891
1452.3300407218933,-69.33074673941962,-69.33074673941962
1452.3400407218933,-69.3338814726014,-69.3338814726014
1452.3500407218933,-69.33702834794401,-69.33702834794401
1452.3600407218933,-69.34018734468829,-69.34018734468829
1452.3700407218932,-69.34335844168054,-69.34335844168054
1452.3800407218932,-69.34654161735574,-69.34654161735574
1452.3900407218932,-69.34973684977851,-69.34973684977851
1452.4000407218932,-69.35294411663197,-69.35294411663197
1452.4100407218932,-69.35616339522855,-69.35616339522855
1452.4200407218932,-69.35939466250606,-69.35939466250606
1452.4300407218934,-69.36263789506245,-69.36263789506245
1452.4400407218934,-69.36589306913393,-69.36589306913393
1452.4500407218934,-69.36916016061095,-69.36916016061095
1452.4600407218934,-69.37243309871945,-69.37243309871945
1452.4700407218934,-69.37570921065864,-69.37570921065864
1452.4800407218934,-69.37898718261629,-69.37898718261629
1452.4900407218934,-69.38226633012646,-69.38226633012646
1452.5000407218934,-69.38554631944471,-69.38554631944471
1452.5100407218933,-69.38882702273517,-69.38882702273517
1452.5200407218933,-69.39210843309311,-69.39210843309311
1452.5300407218933,-69.39539061350088,-69.39539061350088
1452.5400407218933,-69.39867366610284,-69.39867366610284
1452.5500407218933,-69.40195771374366,-69.40195771374366
1452.5600407218933,-69.40524288900487,-69.40524288900487
1452.5700407218933,-69.40852932770697,-69.40852932770697
1452.5800407218933,-69.41181716523185,-69.41181716523185
1452.5900407218933,-69.41510653448998,-69.41510653448998
1452.6000407218933,-69.41839756491333,-69.41839756491333
1452.6100407218933,-69.4216903820582,-69.4216903820582
1452.6200407218932,-69.4249851075357,-69.4249851075357
1452.6300407218932,-69.42828185917324,-69.42828185917324
1452.6400407218932,-69.43158075124602,-69.43158075124602
1452.6500407457352,-69.43488190263392,-69.43488190263392
1452.6600407457352,-69.4381854056351,-69.4381854056351
1452.6700407457352,-69.44149137343314,-69.44149137343314
1452.6800407457351,-69.44479990892182,-69.44479990892182
1452.6900407457351,-69.44811111275527,-69.44811111275527
1452.7000407457351,-69.45142508359267,-69.45142508359267
1452.7100407457351,-69.45474191824044,-69.45474191824044
1452.720040745735,-69.45806171181559,-69.45806171181559
1452.730040745735,-69.46138455786178,-69.46138455786178
1452.740040745735,-69.46471054847996,-69.46471054847996
1452.750040745735,-69.46803977438863,-69.46803977438863
1452.760040745735,-69.47137232501035,-69.47137232501035
1452.770040745735,-69.47470828854637,-69.47470828854637
1452.7800407457353,-69.47804775200524,-69.47804775200524
1452.7900407457353,-69.48139080125414,-69.48139080125414
1452.8000407457353,-69.48473752104988,-69.48473752104988
1452.8100407457353,-69.48808799507077,-69.48808799507077
1452.8200407457352,-69.49144230591207,-69.49144230591207
1452.8300407457352,-69.49480053515009,-69.49480053515009
1452.8400407457352,-69.49816276330232,-69.49816276330232
1452.8500407457352,-69.50152906986527,-69.50152906986527
1452.8600407457352,-69.50489953331204,-69.50489953331204
1452.8700407457352,-69.50827423109821,-69.50827423109821
1452.8800407457352,-69.511653239662,-69.511653239662
1452.8900407457352,-69.51503663442472,-69.51503663442472
1452.9000407457352,-69.51842448978957,-69.51842448978957
1452.9100407457352,-69.52181687914222,-69.52181687914222
1452.9200407457352,-69.52521387485598,-69.52521387485598
1452.9300407457351,-69.52861554826445,-69.52861554826445
1452.9400407457351,-69.53202196969141,-69.53202196969141
1452.9500407457351,-69.53543320843501,-69.53543320843501
1452.9600407457351,-69.53884933274522,-69.53884933274522
1452.970040745735,-69.54227040985364,-69.54227040985364
1452.980040745735,-69.54569650595458,-69.54569650595458
1452.990040745735,-69.54912768620922,-69.54912768620922
1453.000040745735,-69.55256401472833,-69.55256401472833
1453.010040745735,-69.5560055545962,-69.5560055545962
1453.020040745735,-69.55945236784572,-69.55945236784572
1453.0300407457353,-69.5629045154755,-69.5629045154755
1453.0400407457353,-69.56636205742869,-69.56636205742869
1453.0500407457353,-69.56982505261568,-69.56982505261568
1453.0600407457353,-69.57329355890298,-69.57329355890298
1453.0700407457352,-69.57676763311062,-69.57676763311062
1453.0800407457352,-69.58024733102866,-69.58024733102866
1453.0900407457352,-69.58373270738912,-69.58373270738912
1453.1000407457352,-69.58722381591393,-69.58722381591393
1453.1100407457352,-69.59072070926318,-69.59072070926318
1453.1200407457352,-69.59422343907875,-69.59422343907875
1453.1300407457352,-69.59773205597415,-69.59773205597415
1453.1400407457352,-69.601246609537,-69.601246609537
1453.1500407457352,-69.60476714832585,-69.60476714832585
1453.1600407457352,-69.60829371989404,-69.60829371989404
1453.1700407457352,-69.61182637078086,-69.61182637078086
1453.1800407457351,-69.6153651465022,-69.6153651465022
1453.1900407457351,-69.61891009158104,-69.61891009158104
1453.2000407457351,-69.62246124955205,-69.62246124955205
1453.2100407457351,-69.62601866294493,-69.62601866294493
1453.220040745735,-69.62958237331138,-69.62958237331138
1453.230040745735,-69.63315242122567,-69.63315242122567
1453.240040745735,-69.63672884628437,-69.63672884628437
1453.250040745735,-69.64031168711499,-69.64031168711499
1453.260040745735,-69.64390098139611,-69.64390098139611
1453.270040745735,-69.6474967658441,-69.6474967658441
1453.2800407457353,-69.65109907623632,-69.65109907623632
1453.2900407457353,-69.65470794741718,-69.65470794741718
1453.3000407457353,-69.65832341329424,-69.65832341329424
1453.3100407457353,-69.66194550685853,-69.66194550685853
1453.3200407457352,-69.66557426018305,-69.66557426018305
1453.3300407457352,-69.66920970444106,-69.66920970444106
1453.3400407457352,-69.67285186990452,-69.67285186990452
1453.3500407457352,-69.67650078596492,-69.67650078596492
1453.3600407457352,-69.68015648112635,-69.68015648112635
1453.3700407457352,-69.68381898301949,-69.68381898301949
1453.3800407457352,-69.6874883184228,-69.6874883184228
1453.3900407457352,-69.69116451325121,-69.69116451325121
1453.4000407457352,-69.69484759257276,-69.69484759257276
1453.4100407457352,-69.69853758063515,-69.69853758063515
1453.4200407457352,-69.70223450084636,-69.70223450084636
1453.4300407457351,-69.7059383757917,-69.7059383757917
1453.4400407457351,-69.70964922725923,-69.70964922725923
1453.4500407457351,-69.71336707623166,-69.71336707623166
1453.4600407457351,-69.71708586566193,-69.71708586566193
1453.470040745735,-69.72080295285494,-69.72080295285494
1453.480040745735,-69.72451706026973,-69.72451706026973
1453.490040745735,-69.7282275422643,-69.7282275422643
1453.500040769577,-69.73193411392482,-69.73193411392482
1453.510040769577,-69.73563667028104,-69.73563667028104
1453.520040769577,-69.73933525396093,-69.73933525396093
1453.530040769577,-69.74302996859863,-69.74302996859863
1453.540040769577,-69.74672095679158,-69.74672095679158
1453.550040769577,-69.75040838161952,-69.75040838161952
1453.560040769577,-69.75409241557199,-69.75409241557199
1453.570040769577,-69.75777323408877,-69.75777323408877
1453.580040769577,-69.76145101184426,-69.76145101184426
1453.590040769577,-69.76512592067422,-69.76512592067422
1453.600040769577,-69.76879812862559,-69.76879812862559
1453.610040769577,-69.772467799503,-69.772467799503
1453.620040769577,-69.7761350928404,-69.7761350928404
1453.6300407695771,-69.7798001640165,-69.7798001640165
1453.6400407695771,-69.78346316453086,-69.78346316453086
1453.6500407695771,-69.78712424226262,-69.78712424226262
1453.660040769577,-69.79078354175964,-69.79078354175964
1453.670040769577,-69.79444120453313,-69.79444120453313
1453.680040769577,-69.79809736930419,-69.79809736930419
1453.690040769577,-69.80175217222875,-69.80175217222875
1453.700040769577,-69.8054057471119,-69.8054057471119
1453.710040769577,-69.80905214057978,-69.80905214057978
1453.720040769577,-69.81268881695514,-69.81268881695514
1453.730040769577,-69.81631460637274,-69.81631460637274
1453.740040769577,-69.8199289706484,-69.8199289706484
1453.750040769577,-69.82353172301626,-69.82353172301626
1453.760040769577,-69.82712288253339,-69.82712288253339
1453.770040769577,-69.83070258872556,-69.83070258872556
1453.780040769577,-69.83427105025598,-69.83427105025598
1453.790040769577,-69.83782851410508,-69.83782851410508
1453.800040769577,-69.84137524704808,-69.84137524704808
1453.810040769577,-69.8449115246186,-69.8449115246186
1453.820040769577,-69.84843762463305,-69.84843762463305
1453.830040769577,-69.85195382347555,-69.85195382347555
1453.840040769577,-69.85546039406267,-69.85546039406267
1453.850040769577,-69.85895760483974,-69.85895760483974
1453.860040769577,-69.86244571936044,-69.86244571936044
1453.870040769577,-69.8659249962422,-69.8659249962422
1453.8800407695771,-69.86939568926901,-69.86939568926901
1453.8900407695771,-69.87285804766876,-69.87285804766876
1453.9000407695771,-69.87631231636203,-69.87631231636203
1453.910040769577,-69.87975873624261,-69.87975873624261
1453.920040769577,-69.88319754445766,-69.88319754445766
1453.930040769577,-69.88662897465235,-69.88662897465235
1453.940040769577,-69.89005325718523,-69.89005325718523
1453.950040769577,-69.89347061932256,-69.89347061932256
1453.960040769577,-69.89688128540938,-69.89688128540938
1453.970040769577,-69.90028547700297,-69.90028547700297
1453.980040769577,-69.90368341299471,-69.90368341299471
1453.990040769577,-69.90707530972708,-69.90707530972708
1454.000040769577,-69.91046138103687,-69.91046138103687
1454.010040769577,-69.91384183837093,-69.91384183837093
1454.020040769577,-69.91721689080558,-69.91721689080558
1454.030040769577,-69.92058674512273,-69.92058674512273
1454.040040769577,-69.92395160581395,-69.92395160581395
1454.050040769577,-69.9273116751346,-69.9273116751346
1454.060040769577,-69.93066715312193,-69.93066715312193
1454.070040769577,-69.93398305498084,-69.93398305498084
1454.080040769577,-69.93725884128455,-69.93725884128455
1454.090040769577,-69.94049578634004,-69.94049578634004
1454.100040769577,-69.94369404513685,-69.94369404513685
1454.110040769577,-69.94685294219802,-69.94685294219802
1454.120040769577,-69.94997134377246,-69.94997134377246
1454.1300407695771,-69.95304789368635,-69.95304789368635
1454.1400407695771,-69.95608115404988,-69.95608115404988
1454.1500407695771,-69.95906968925163,-69.95906968925163
1454.160040769577,-69.96201211581511,-69.96201211581511
1454.170040769577,-69.96490713135356,-69.96490713135356
1454.180040769577,-69.96775353029419,-69.96775353029419
1454.190040769577,-69.97055021135293,-69.97055021135293
1454.200040769577,-69.97329617978751,-69.97329617978751
1454.210040769577,-69.9759905463154,-69.9759905463154
1454.220040769577,-69.97863252414045,-69.97863252414045
1454.230040769577,-69.9812214247529,-69.9812214247529
1454.240040769577,-69.98375665317236,-69.98375665317236
1454.250040769577,-69.98623770286008,-69.98623770286008
1454.260040769577,-69.98866415065835,-69.98866415065835
1454.270040769577,-69.99103565175926,-69.99103565175926
1454.280040769577,-69.99335193485538,-69.99335193485538
1454.290040769577,-69.99561279751737,-69.99561279751737
1454.300040769577,-69.99781810180758,-69.99781810180758
1454.310040769577,-69.99996777012126,-69.99996777012126
1454.320040769577,-70.00206178129656,-70.00206178129656
1454.330040769577,-70.0041001669453,-70.0041001669453
1454.340040769577,-70.00608300799207,-70.00608300799207
1454.3500407934189,-70.00801043605767,-70.00801043605767
1454.3600407934189,-70.00988261188971,-70.00988261188971
1454.3700407934189,-70.0116997506193,-70.0116997506193
1454.3800407934189,-70.01346210007455,-70.01346210007455
1454.3900407934188,-70.01516994316027,-70.01516994316027
1454.4000407934188,-70.01682359548644,-70.01682359548644
1454.4100407934188,-70.0184234031222,-70.0184234031222
1454.4200407934188,-70.01996974052787,-70.01996974052787
1454.4300407934188,-70.02146300859545,-70.02146300859545
1454.4400407934188,-70.02290363277282,-70.02290363277282
1454.4500407934188,-70.02429206134407,-70.02429206134407
1454.4600407934188,-70.02562876376327,-70.02562876376327
1454.4700407934188,-70.0269142291252,-70.0269142291252
1454.480040793419,-70.02814896468738,-70.02814896468738
1454.490040793419,-70.02933349449017,-70.02933349449017
1454.500040793419,-70.03046835802947,-70.03046835802947
1454.510040793419,-70.03155410904819,-70.03155410904819
1454.520040793419,-70.03259131436386,-70.03259131436386
1454.530040793419,-70.03358055274634,-70.03358055274634
1454.540040793419,-70.03452241387747,-70.03452241387747
1454.550040793419,-70.03541749738602,-70.03541749738602
1454.560040793419,-70.03626641187715,-70.03626641187715
1454.570040793419,-70.03706977407056,-70.03706977407056
1454.580040793419,-70.0378282079672,-70.0378282079672
1454.590040793419,-70.03854234404874,-70.03854234404874
1454.6000407934189,-70.03921281850937,-70.03921281850937
1454.6100407934189,-70.03984027257617,-70.03984027257617
1454.6200407934189,-70.04042535183652,-70.04042535183652
1454.6300407934189,-70.04096870557493,-70.04096870557493
1454.6400407934188,-70.0414709862094,-70.0414709862094
1454.6500407934188,-70.0419328486927,-70.0419328486927
1454.6600407934188,-70.04235494999784,-70.04235494999784
1454.6700407934188,-70.04273794860026,-70.04273794860026
1454.6800407934188,-70.04308250399964,-70.04308250399964
1454.6900407934188,-70.04338927626078,-70.04338927626078
1454.7000407934188,-70.04365892560794,-70.04365892560794
1454.7100407934188,-70.04388600927655,-70.04388600927655
1454.7200407934188,-70.04406851620718,-70.04406851620718
1454.730040793419,-70.04420580808036,-70.04420580808036
1454.740040793419,-70.04426881828472,-70.04426881828472
1454.750040793419,-70.04424139963297,-70.04424139963297
1454.760040793419,-70.04411485036398,-70.04411485036398
1454.770040793419,-70.0438840788615,-70.0438840788615
1454.780040793419,-70.04354588770417,-70.04354588770417
1454.790040793419,-70.04309819153956,-70.04309819153956
1454.800040793419,-70.04253963708932,-70.04253963708932
1454.810040793419,-70.04186940263577,-70.04186940263577
1454.820040793419,-70.04108708059243,-70.04108708059243
1454.830040793419,-70.0401926003963,-70.0401926003963
1454.840040793419,-70.03918617254502,-70.03918617254502
1454.8500407934189,-70.03806824471792,-70.03806824471792
1454.8600407934189,-70.03683946581275,-70.03683946581275
1454.8700407934189,-70.03550065555082,-70.03550065555082
1454.8800407934189,-70.03405277856477,-70.03405277856477
1454.8900407934188,-70.03249692203339,-70.03249692203339
1454.9000407934188,-70.03083427645142,-70.03083427645142
1454.9100407934188,-70.02906611899888,-70.02906611899888
1454.9200407934188,-70.02719379916826,-70.02719379916826
1454.9300407934188,-70.02521872640581,-70.02521872640581
1454.9400407934188,-70.0231423594089,-70.0231423594089
1454.9500407934188,-70.0209661969169,-70.0209661969169
1454.9600407934188,-70.01869176979217,-70.01869176979217
1454.9700407934188,-70.0163206341215,-70.0163206341215
1454.980040793419,-70.01385436536337,-70.01385436536337
1454.990040793419,-70.01129455321633,-70.01129455321633
1455.000040793419,-70.00864279726967,-70.00864279726967
1455.010040793419,-70.0059007031686,-70.0059007031686
1455.020040793419,-70.00306987939358,-70.00306987939358
1455.030040793419,-70.0001519344271,-70.0001519344271
1455.040040793419,-69.99714847431949,-69.99714847431949
1455.050040793419,-69.99406110061159,-69.99406110061159
1455.060040793419,-69.9908914085141,-69.9908914085141
1455.070040793419,-69.98764098537848,-69.98764098537848
1455.080040793419,-69.9843114093418,-69.9843114093418
1455.090040793419,-69.98090424819084,-69.98090424819084
1455.1000407934189,-69.97742105837499,-69.97742105837499
1455.1100407934189,-69.97386338416602,-69.97386338416602
1455.1200407934189,-69.97023275694973,-69.97023275694973
1455.1300407934189,-69.96653069459613,-69.96653069459613
1455.1400407934188,-69.96275870096665,-69.96275870096665
1455.1500407934188,-69.95891826547509,-69.95891826547509
1455.1600407934188,-69.95501086270636,-69.95501086270636
1455.1700407934188,-69.95103795214494,-69.95103795214494
1455.1800407934188,-69.94700097791315,-69.94700097791315
1455.1900407934188,-69.94290136858042,-69.94290136858042
1455.2000408172607,-69.93874052709248,-69.93874052709248
1455.2100408172607,-69.93451987013809,-69.93451987013809
1455.2200408172607,-69.93024076915529,-69.93024076915529
1455.2300408172607,-69.92590458928835,-69.92590458928835
1455.2400408172607,-69.92151267971252,-69.92151267971252
1455.2500408172607,-69.91706637359749,-69.91706637359749
1455.2600408172607,-69.9125669881197,-69.9125669881197
1455.2700408172607,-69.908015824502,-69.908015824502
1455.2800408172607,-69.90341416804074,-69.90341416804074
1455.2900408172607,-69.89876328816658,-69.89876328816658
1455.3000408172607,-69.89406443852408,-69.89406443852408
1455.3100408172606,-69.8893188570291,-69.8893188570291
1455.3200408172606,-69.88452776597772,-69.88452776597772
1455.3300408172609,-69.87969237213113,-69.87969237213113
1455.3400408172608,-69.87481386681016,-69.87481386681016
1455.3500408172608,-69.86989342601878,-69.86989342601878
1455.3600408172608,-69.86493221055035,-69.86493221055035
1455.3700408172608,-69.85993136610745,-69.85993136610745
1455.3800408172608,-69.85489202342852,-69.85489202342852
1455.3900408172608,-69.84981529838466,-69.84981529838466
1455.4000408172608,-69.84470229216257,-69.84470229216257
1455.4100408172608,-69.83955409133851,-69.83955409133851
1455.4200408172608,-69.83437176804891,-69.83437176804891
1455.4300408172608,-69.82915638011737,-69.82915638011737
1455.4400408172608,-69.82390897118495,-69.82390897118495
1455.4500408172607,-69.818630570836,-69.818630570836
1455.4600408172607,-69.81331611530989,-69.81331611530989
1455.4700408172607,-69.80796394810483,-69.80796394810483
1455.4800408172607,-69.80257376966642,-69.80257376966642
1455.4900408172607,-69.79714590318183,-69.79714590318183
1455.5000408172607,-69.79168101369933,-69.79168101369933
1455.5100408172607,-69.78617996183671,-69.78617996183671
1455.5200408172607,-69.78064371786745,-69.78064371786745
1455.5300408172607,-69.77507331004156,-69.77507331004156
1455.5400408172607,-69.76946979347098,-69.76946979347098
1455.5500408172607,-69.76383423150604,-69.76383423150604
1455.5600408172606,-69.75816768464777,-69.75816768464777
1455.5700408172606,-69.75247120410589,-69.75247120410589
1455.5800408172609,-69.7467458281736,-69.7467458281736
1455.5900408172608,-69.74099258027003,-69.74099258027003
1455.6000408172608,-69.73521246808227,-69.73521246808227
1455.6100408172608,-69.72940648328368,-69.72940648328368
1455.6200408172608,-69.72357560161667,-69.72357560161667
1455.6300408172608,-69.71772078320832,-69.71772078320832
1455.6400408172608,-69.71184297292966,-69.71184297292966
1455.6500408172608,-69.70594310084867,-69.70594310084867
1455.6600408172608,-69.70002208264636,-69.70002208264636
1455.6700408172608,-69.69408082007809,-69.69408082007809
1455.6800408172608,-69.68812020132762,-69.68812020132762
1455.6900408172608,-69.68214110138699,-69.68214110138699
1455.7000408172607,-69.67614438245164,-69.67614438245164
1455.7100408172607,-69.6701248282114,-69.6701248282114
1455.7200408172607,-69.66408062400625,-69.66408062400625
1455.7300408172607,-69.65801131114901,-69.65801131114901
1455.7400408172607,-69.65191705431454,-69.65191705431454
1455.7500408172607,-69.6457983612492,-69.6457983612492
1455.7600408172607,-69.63965593680973,-69.63965593680973
1455.7700408172607,-69.63349059716961,-69.63349059716961
1455.7800408172607,-69.62730321826487,-69.62730321826487
1455.7900408172607,-69.6210947047308,-69.6210947047308
1455.8000408172607,-69.61486597129361,-69.61486597129361
1455.8100408172606,-69.6086179317258,-69.6086179317258
1455.8200408172606,-69.60235149241232,-69.60235149241232
1455.8300408172609,-69.5960675486793,-69.5960675486793
1455.8400408172608,-69.58976698288701,-69.58976698288701
1455.8500408172608,-69.58345066352216,-69.58345066352216
1455.8600408172608,-69.57711944491174,-69.57711944491174
1455.8700408172608,-69.57077416730273,-69.57077416730273
1455.8800408172608,-69.56441565712947,-69.56441565712947
1455.8900408172608,-69.55804472737492,-69.55804472737492
1455.9000408172608,-69.55166217799876,-69.55166217799876
1455.9100408172608,-69.54526879631712,-69.54526879631712
1455.9200408172608,-69.53886535742399,-69.53886535742399
1455.9300408172608,-69.53245262457075,-69.53245262457075
1455.9400408172608,-69.52598854179963,-69.52598854179963
1455.9500408172607,-69.5194557936977,-69.5194557936977
1455.9600408172607,-69.51284653249164,-69.51284653249164
1455.9700408172607,-69.50615698664282,-69.50615698664282
1455.9800408172607,-69.49938545351802,-69.49938545351802
1455.9900408172607,-69.49253137173088,-69.49253137173088
1456.0000408172607,-69.4855948363104,-69.4855948363104
1456.0100408172607,-69.47857633080551,-69.47857633080551
1456.0200408172607,-69.47147657552087,-69.47147657552087
1456.0300408172607,-69.46429644067739,-69.46429644067739
1456.0400408172607,-69.45703689624268,-69.45703689624268
1456.0500408411026,-69.44969896523625,-69.44969896523625
1456.0600408411026,-69.44228377609947,-69.44228377609947
1456.0700408411026,-69.43479244810302,-69.43479244810302
1456.0800408411026,-69.4272261534942,-69.4272261534942
1456.0900408411026,-69.41958609568358,-69.41958609568358
1456.1000408411026,-69.41187350565342,-69.41187350565342
1456.1100408411025,-69.40408963902354,-69.40408963902354
1456.1200408411025,-69.39623577343492,-69.39623577343492
1456.1300408411025,-69.38831320615988,-69.38831320615988
1456.1400408411025,-69.38032325186347,-69.38032325186347
1456.1500408411025,-69.37226724042623,-69.37226724042623
1456.1600408411025,-69.36414651492589,-69.36414651492589
1456.1700408411025,-69.35596242966778,-69.35596242966778
1456.1800408411027,-69.34771634834519,-69.34771634834519
1456.1900408411027,-69.3394096422896,-69.3394096422896
1456.2000408411027,-69.3310436888328,-69.3310436888328
1456.2100408411027,-69.3226138394349,-69.3226138394349
1456.2200408411027,-69.31411884642526,-69.31411884642526
1456.2300408411027,-69.30555882511568,-69.30555882511568
1456.2400408411027,-69.29693452318449,-69.29693452318449
1456.2500408411026,-69.28824704033346,-69.28824704033346
1456.2600408411026,-69.27949768173791,-69.27949768173791
1456.2700408411026,-69.2706878715008,-69.2706878715008
1456.2800408411026,-69.2618191001914,-69.2618191001914
1456.2900408411026,-69.25289289291501,-69.25289289291501
1456.3000408411026,-69.24391078984105,-69.24391078984105
1456.3100408411026,-69.2348743343056,-69.2348743343056
1456.3200408411026,-69.22578506556302,-69.22578506556302
1456.3300408411026,-69.21664451439297,-69.21664451439297
1456.3400408411026,-69.20745420047419,-69.20745420047419
1456.3500408411026,-69.19821563081571,-69.19821563081571
1456.3600408411025,-69.1889302988466,-69.1889302988466
1456.3700408411025,-69.1795996839208,-69.1795996839208
1456.3800408411025,-69.17022525104896,-69.17022525104896
1456.3900408411025,-69.16080845076502,-69.16080845076502
1456.4000408411025,-69.15135071903724,-69.15135071903724
1456.4100408411025,-69.14185347728322,-69.14185347728322
1456.4200408411025,-69.13231813232893,-69.13231813232893
1456.4300408411027,-69.12274607641713,-69.12274607641713
1456.4400408411027,-69.11313868717949,-69.11313868717949
1456.4500408411027,-69.1034973276425,-69.1034973276425
1456.4600408411027,-69.09381733908717,-69.09381733908717
1456.4700408411027,-69.08409743542526,-69.08409743542526
1456.4800408411027,-69.07433767269009,-69.07433767269009
1456.4900408411027,-69.06453872188999,-69.06453872188999
1456.5000408411026,-69.05470159073904,-69.05470159073904
1456.5100408411026,-69.04482747859886,-69.04482747859886
1456.5200408411026,-69.03491769120109,-69.03491769120109
1456.5300408411026,-69.0249735892502,-69.0249735892502
1456.5400408411026,-69.01499655743518,-69.01499655743518
1456.5500408411026,-69.00498798579672,-69.00498798579672
1456.5600408411026,-68.99494925858343,-68.99494925858343
1456.5700408411026,-68.98488174773199,-68.98488174773199
1456.5800408411026,-68.97478680913397,-68.97478680913397
1456.5900408411026,-68.96466578059294,-68.96466578059294
1456.6000408411026,-68.9545199808381,-68.9545199808381
1456.6100408411025,-68.94435070916681,-68.94435070916681
1456.6200408411025,-68.93415924541723,-68.93415924541723
1456.6300408411025,-68.92394685018225,-68.92394685018225
1456.6400408411025,-68.91371476510646,-68.91371476510646
1456.6500408411025,-68.90346421322852,-68.90346421322852
1456.6600408411025,-68.89319639936764,-68.89319639936764
1456.6700408411025,-68.88291251045328,-68.88291251045328
1456.6800408411027,-68.87261371587687,-68.87261371587687
1456.6900408411027,-68.86230116779872,-68.86230116779872
1456.7000408411027,-68.85197600144281,-68.85197600144281
1456.7100408411027,-68.84163933535517,-68.84163933535517
1456.7200408411027,-68.8312922716637,-68.8312922716637
1456.7300408411027,-68.82093589627954,-68.82093589627954
1456.7400408411027,-68.81057127910829,-68.81057127910829
1456.7500408411026,-68.8001994742604,-68.8001994742604
1456.7600408411026,-68.78982152021392,-68.78982152021392
1456.7700408411026,-68.7794384400065,-68.7794384400065
1456.7800408411026,-68.76905124135156,-68.76905124135156
1456.7900408411026,-68.75866091683419,-68.75866091683419
1456.8000408411026,-68.74826844404366,-68.74826844404366
1456.8100408411026,-68.73787478571178,-68.73787478571178
1456.8200408411026,-68.72748088986684,-68.72748088986684
1456.8300408411026,-68.71708768994742,-68.71708768994742
1456.8400408411026,-68.70669610495982,-68.70669610495982
1456.8500408411026,-68.69630703959703,-68.69630703959703
1456.8600408411025,-68.68592138437285,-68.68592138437285
1456.8700408411025,-68.67554001576136,-68.67554001576136
1456.8800408411025,-68.66516379631373,-68.66516379631373
1456.8900408411025,-68.65479357480275,-68.65479357480275
1456.9000408649445,-68.64443016166558,-68.64443016166558
1456.9100408649444,-68.63407442784954,-68.63407442784954
1456.9200408649444,-68.62372715688902,-68.62372715688902
1456.9300408649444,-68.61338914371991,-68.61338914371991
1456.9400408649444,-68.6030611701491,-68.6030611701491
1456.9500408649444,-68.5927440049798,-68.5927440049798
1456.9600408649444,-68.58243244569262,-68.58243244569262
1456.9700408649444,-68.57212464020719,-68.57212464020719
1456.9800408649444,-68.56182007062542,-68.56182007062542
1456.9900408649444,-68.55151883139374,-68.55151883139374
1457.0000408649444,-68.54122135319439,-68.54122135319439
1457.0100408649444,-68.53092825913149,-68.53092825913149
1457.0200408649443,-68.52064028020894,-68.52064028020894
1457.0300408649446,-68.51035820442762,-68.51035820442762
1457.0400408649446,-68.5000828461961,-68.5000828461961
1457.0500408649445,-68.48981502797122,-68.48981502797122
1457.0600408649445,-68.47955556938156,-68.47955556938156
1457.0700408649445,-68.46930528090864,-68.46930528090864
1457.0800408649445,-68.45906496032785,-68.45906496032785
1457.0900408649445,-68.44883539083794,-68.44883539083794
1457.1000408649445,-68.43861734024779,-68.43861734024779
1457.1100408649445,-68.42841156074675,-68.42841156074675
1457.1200408649445,-68.41821878901543,-68.41821878901543
1457.1300408649445,-68.4080397465721,-68.4080397465721
1457.1400408649445,-68.39787514017453,-68.39787514017453
1457.1500408649445,-68.38772566228938,-68.38772566228938
1457.1600408649444,-68.3775919915575,-68.3775919915575
1457.1700408649444,-68.36747479323195,-68.36747479323195
1457.1800408649444,-68.35737471963236,-68.35737471963236
1457.1900408649444,-68.347292410476,-68.347292410476
1457.2000408649444,-68.33722849331124,-68.33722849331124
1457.2100408649444,-68.32718358380185,-68.32718358380185
1457.2200408649444,-68.3171582860329,-68.3171582860329
1457.2300408649444,-68.30715319281963,-68.30715319281963
1457.2400408649444,-68.29716888593349,-68.29716888593349
1457.2500408649444,-68.28720593633827,-68.28720593633827
1457.2600408649444,-68.27726490442272,-68.27726490442272
1457.2700408649443,-68.26734634019026,-68.26734634019026
1457.2800408649446,-68.25745078345095,-68.25745078345095
1457.2900408649446,-68.24757876400018,-68.24757876400018
1457.3000408649445,-68.2377308017813,-68.2377308017813
1457.3100408649445,-68.22790740703225,-68.22790740703225
1457.3200408649445,-68.21810908046517,-68.21810908046517
1457.3300408649445,-68.2083363133736,-68.2083363133736
1457.3400408649445,-68.19858958779325,-68.19858958779325
1457.3500408649445,-68.18886937662448,-68.18886937662448
1457.3600408649445,-68.17917614376904,-68.17917614376904
1457.3700408649445,-68.16951034424022,-68.16951034424022
1457.3800408649445,-68.15987242429652,-68.15987242429652
1457.3900408649445,-68.15026282155881,-68.15026282155881
1457.4000408649445,-68.14068196511923,-68.14068196511923
1457.4100408649444,-68.13113027565078,-68.13113027565078
1457.4200408649444,-68.12160816553626,-68.12160816553626
1457.4300408649444,-68.11211603895597,-68.11211603895597
1457.4400408649444,-68.10265429201563,-68.10265429201563
1457.4500408649444,-68.09322331283082,-68.09322331283082
1457.4600408649444,-68.08382348165192,-68.08382348165192
1457.4700408649444,-68.07445517095657,-68.07445517095657
1457.4800408649444,-68.06511874555677,-68.06511874555677
1457.4900408649444,-68.05581456270026,-68.05581456270026
1457.5000408649444,-68.04654297215548,-68.04654297215548
1457.5100408649444,-68.03730431633458,-68.03730431633458
1457.5200408649443,-68.0280989303771,-68.0280989303771
1457.5300408649446,-68.01892714225208,-68.01892714225208
1457.5400408649446,-68.0097892728558,-68.0097892728558
1457.5500408649445,-68.00068563608991,-68.00068563608991
1457.5600408649445,-67.99161653898926,-67.99161653898926
1457.5700408649445,-67.9825822817805,-67.9825822817805
1457.5800408649445,-67.97358315800555,-67.97358315800555
1457.5900408649445,-67.96461945458915,-67.96461945458915
1457.6000408649445,-67.9556914519454,-67.9556914519454
1457.6100408649445,-67.94679942405646,-67.94679942405646
1457.6200408649445,-67.93794363857457,-67.93794363857457
1457.6300408649445,-67.92912435689972,-67.92912435689972
1457.6400408649445,-67.92034183428608,-67.92034183428608
1457.6500408649445,-67.91159631989466,-67.91159631989466
1457.6600408649444,-67.90288805690625,-67.90288805690625
1457.6700408649444,-67.89421728261328,-67.89421728261328
1457.6800408649444,-67.88558422847693,-67.88558422847693
1457.6900408649444,-67.8769891202336,-67.8769891202336
1457.7000408649444,-67.86843217797147,-67.86843217797147
1457.7100408649444,-67.85991361620013,-67.85991361620013
1457.7200408649444,-67.85143364395236,-67.85143364395236
1457.7300408649444,-67.84299246484862,-67.84299246484862
1457.7400408649444,-67.83459027718261,-67.83459027718261
1457.7500408887863,-67.82622725409419,-67.82622725409419
1457.7600408887863,-67.81790362337709,-67.81790362337709
1457.7700408887863,-67.8096195477999,-67.8096195477999
1457.7800408887863,-67.8013752051205,-67.8013752051205
1457.7900408887863,-67.79317076816318,-67.79317076816318
1457.8000408887863,-67.78500640487773,-67.78500640487773
1457.8100408887863,-67.77688227841739,-67.77688227841739
1457.8200408887863,-67.76879854720876,-67.76879854720876
1457.8300408887862,-67.76075536504229,-67.76075536504229
1457.8400408887862,-67.75275288110952,-67.75275288110952
1457.8500408887862,-67.74479124010236,-67.74479124010236
1457.8600408887862,-67.73687058226416,-67.73687058226416
1457.8700408887862,-67.72899104346692,-67.72899104346692
1457.8800408887864,-67.72115275528057,-67.72115275528057
1457.8900408887864,-67.7133558450298,-67.7133558450298
1457.9000408887864,-67.70560043586717,-67.70560043586717
1457.9100408887864,-67.6978866468468,-67.6978866468468
1457.9200408887864,-67.69021459295992,-67.69021459295992
1457.9300408887864,-67.68258438523505,-67.68258438523505
1457.9400408887864,-67.67499613075945,-67.67499613075945
1457.9500408887864,-67.66744993278148,-67.66744993278148
1457.9600408887864,-67.6599400129412,-67.6599400129412
1457.9700408887863,-67.65246390774129,-67.65246390774129
1457.9800408887863,-67.64502047835471,-67.64502047835471
1457.9900408887863,-67.63760919833261,-67.63760919833261
1458.0000408887863,-67.63022988112452,-67.63022988112452
1458.0100408887863,-67.6228825381783,-67.6228825381783
1458.0200408887863,-67.61556729545785,-67.61556729545785
1458.0300408887863,-67.60828434322171,-67.60828434322171
1458.0400408887863,-67.60103390576643,-67.60103390576643
1458.0500408887863,-67.59381622325394,-67.59381622325394
1458.0600408887863,-67.58663154093607,-67.58663154093607
1458.0700408887863,-67.5794801028603,-67.5794801028603
1458.0800408887862,-67.5723621482946,-67.5723621482946
1458.0900408887862,-67.56527790984843,-67.56527790984843
1458.1000408887862,-67.55822761259577,-67.55822761259577
1458.1100408887862,-67.55121147377746,-67.55121147377746
1458.1200408887862,-67.54422970286254,-67.54422970286254
1458.1300408887864,-67.53728250182122,-67.53728250182122
1458.1400408887864,-67.53037006545784,-67.53037006545784
1458.1500408887864,-67.52349258179328,-67.52349258179328
1458.1600408887864,-67.51665023245876,-67.51665023245876
1458.1700408887864,-67.50984319305833,-67.50984319305833
1458.1800408887864,-67.50307163352024,-67.50307163352024
1458.1900408887864,-67.49633571841309,-67.49633571841309
1458.2000408887864,-67.48963560722667,-67.48963560722667
1458.2100408887864,-67.48297145461052,-67.48297145461052
1458.2200408887863,-67.47634341061043,-67.47634341061043
1458.2300408887863,-67.46975162087556,-67.46975162087556
1458.2400408887863,-67.46319622679347,-67.46319622679347
1458.2500408887863,-67.45667736570012,-67.45667736570012
1458.2600408887863,-67.45019517096723,-67.45019517096723
1458.2700408887863,-67.44374977215303,-67.44374977215303
1458.2800408887863,-67.43734129510094,-67.43734129510094
1458.2900408887863,-67.43096986204014,-67.43096986204014
1458.3000408887863,-67.42463559166201,-67.42463559166201
1458.3100408887863,-67.41833859920406,-67.41833859920406
1458.3200408887863,-67.41207899652052,-67.41207899652052
1458.3300408887862,-67.40585689214889,-67.40585689214889
1458.3400408887862,-67.39967239137752,-67.39967239137752
1458.3500408887862,-67.39352559627643,-67.39352559627643
1458.3600408887862,-67.3874166057621,-67.3874166057621
1458.3700408887862,-67.38134551564895,-67.38134551564895
1458.3800408887864,-67.37531241868409,-67.37531241868409
1458.3900408887864,-67.36931740460363,-67.36931740460363
1458.4000408887864,-67.36336056015013,-67.36336056015013
1458.4100408887864,-67.3574419691321,-67.3574419691321
1458.4200408887864,-67.35156171244391,-67.35156171244391
1458.4300408887864,-67.34571986812188,-67.34571986812188
1458.4400408887864,-67.33991651135408,-67.33991651135408
1458.4500408887864,-67.33415171453608,-67.33415171453608
1458.4600408887864,-67.3284255472906,-67.3284255472906
1458.4700408887863,-67.32273807649794,-67.32273807649794
1458.4800408887863,-67.31708936634121,-67.31708936634121
1458.4900408887863,-67.31147947832349,-67.31147947832349
1458.5000408887863,-67.30590847130311,-67.30590847130311
1458.5100408887863,-67.30037640153488,-67.30037640153488
1458.5200408887863,-67.2948833226843,-67.2948833226843
1458.5300408887863,-67.28942928585711,-67.28942928585711
1458.5400408887863,-67.28401433965239,-67.28401433965239
1458.5500408887863,-67.27863853016206,-67.27863853016206
1458.5600408887863,-67.27330190101797,-67.27330190101797
1458.5700408887863,-67.26800449342132,-67.26800449342132
1458.5800408887862,-67.26274634615922,-67.26274634615922
1458.5900408887862,-67.25752749565402,-67.25752749565402
1458.6000409126282,-67.25234796364781,-67.25234796364781
1458.6100409126282,-67.24720780665353,-67.24720780665353
1458.6200409126282,-67.24210704168262,-67.24210704168262
1458.6300409126281,-67.23704569594062,-67.23704569594062
1458.6400409126281,-67.23202379440198,-67.23202379440198
1458.6500409126281,-67.22704135983429,-67.22704135983429
1458.6600409126281,-67.22209841282084,-67.22209841282084
1458.670040912628,-67.21719497180185,-67.21719497180185
1458.680040912628,-67.21233105310216,-67.21233105310216
1458.690040912628,-67.20750667095261,-67.20750667095261
1458.700040912628,-67.20272183752829,-67.20272183752829
1458.710040912628,-67.19797656294698,-67.19797656294698
1458.720040912628,-67.19327085534675,-67.19327085534675
1458.7300409126283,-67.1886047208573,-67.1886047208573
1458.7400409126283,-67.18397816368456,-67.18397816368456
1458.7500409126283,-67.17939118608575,-67.17939118608575
1458.7600409126283,-67.1748437884254,-67.1748437884254
1458.7700409126282,-67.17033596920366,-67.17033596920366
1458.7800409126282,-67.16586772506209,-67.16586772506209
1458.7900409126282,-67.16143905083887,-67.16143905083887
1458.8000409126282,-67.1570499395657,-67.1570499395657
1458.8100409126282,-67.15270038252176,-67.15270038252176
1458.8200409126282,-67.14839036923601,-67.14839036923601
1458.8300409126282,-67.14411988752182,-67.14411988752182
1458.8400409126282,-67.13988892350726,-67.13988892350726
1458.8500409126282,-67.13569746166043,-67.13569746166043
1458.8600409126282,-67.1315454848066,-67.1315454848066
1458.8700409126282,-67.12743297415763,-67.12743297415763
1458.8800409126281,-67.12335990933398,-67.12335990933398
1458.8900409126281,-67.11932626839953,-67.11932626839953
1458.9000409126281,-67.11533202786772,-67.11533202786772
1458.9100409126281,-67.11137716274474,-67.11137716274474
1458.920040912628,-67.10746164654067,-67.10746164654067
1458.930040912628,-67.10358545130289,-67.10358545130289
1458.940040912628,-67.09974854762244,-67.09974854762244
1458.950040912628,-67.09595090468186,-67.09595090468186
1458.960040912628,-67.09219249024892,-67.09219249024892
1458.970040912628,-67.08847327072922,-67.08847327072922
1458.9800409126283,-67.08479321116683,-67.08479321116683
1458.9900409126283,-67.08115227527885,-67.08115227527885
1459.0000409126283,-67.07755042546857,-67.07755042546857
1459.0100409126283,-67.07398762285325,-67.07398762285325
1459.0200409126282,-67.07046382728458,-67.07046382728458
1459.0300409126282,-67.06697899736562,-67.06697899736562
1459.0400409126282,-67.06353309048258,-67.06353309048258
1459.0500409126282,-67.06012606280925,-67.06012606280925
1459.0600409126282,-67.05675786934194,-67.05675786934194
1459.0700409126282,-67.05342846391743,-67.05342846391743
1459.0800409126282,-67.05013779921828,-67.05013779921828
1459.0900409126282,-67.04688582682026,-67.04688582682026
1459.1000409126282,-67.04367249718725,-67.04367249718725
1459.1100409126282,-67.04049775970196,-67.04049775970196
1459.1200409126282,-67.03736156267429,-67.03736156267429
1459.1300409126281,-67.03426385338165,-67.03426385338165
1459.1400409126281,-67.03120457806918,-67.03120457806918
1459.1500409126281,-67.02818368197192,-67.02818368197192
1459.1600409126281,-67.02520110933928,-67.02520110933928
1459.170040912628,-67.02225680344617,-67.02225680344617
1459.180040912628,-67.01935070660431,-67.01935070660431
1459.190040912628,-67.0164827601996,-67.0164827601996
1459.200040912628,-67.01365290469371,-67.01365290469371
1459.210040912628,-67.01086107965958,-67.01086107965958
1459.220040912628,-67.0081072237516,-67.0081072237516
1459.2300409126283,-67.00539127478403,-67.00539127478403
1459.2400409126283,-67.00271316971104,-67.00271316971104
1459.2500409126283,-67.00007284464924,-67.00007284464924
1459.2600409126283,-66.9974702348955,-66.9974702348955
1459.2700409126282,-66.99490527493464,-66.99490527493464
1459.2800409126282,-66.99237789847147,-66.99237789847147
1459.2900409126282,-66.98988803843275,-66.98988803843275
1459.3000409126282,-66.98743562698589,-66.98743562698589
1459.3100409126282,-66.9850205955579,-66.9850205955579
1459.3200409126282,-66.98264287484879,-66.98264287484879
1459.3300409126282,-66.9803023948308,-66.9803023948308
1459.3400409126282,-66.97799908479178,-66.97799908479178
1459.3500409126282,-66.97573287332345,-66.97573287332345
1459.3600409126282,-66.97350368834753,-66.97350368834753
1459.3700409126282,-66.97131145712397,-66.97131145712397
1459.3800409126281,-66.96915610627539,-66.96915610627539
1459.3900409126281,-66.96703756178756,-66.96703756178756
1459.4000409126281,-66.96495574903216,-66.96495574903216
1459.4100409126281,-66.96291059276957,-66.96291059276957
1459.420040912628,-66.96090201716697,-66.96090201716697
1459.430040912628,-66.95892994582213,-66.95892994582213
1459.440040912628,-66.95699430175488,-66.95699430175488
1459.45004093647,-66.9550950029237,-66.9550950029237
1459.46004093647,-66.95323198038062,-66.95323198038062
1459.47004093647,-66.95140515087868,-66.95140515087868
1459.48004093647,-66.94961443530815,-66.94961443530815
1459.49004093647,-66.94785975402759,-66.94785975402759
1459.50004093647,-66.9461410269071,-66.9461410269071
1459.51004093647,-66.94445817333637,-66.94445817333637
1459.52004093647,-66.9428111122119,-66.9428111122119
1459.53004093647,-66.94119976198303,-66.94119976198303
1459.54004093647,-66.93962404064112,-66.93962404064112
1459.55004093647,-66.93808386573714,-66.93808386573714
1459.56004093647,-66.93657915438644,-66.93657915438644
1459.57004093647,-66.93510982328965,-66.93510982328965
1459.5800409364701,-66.93367578872382,-66.93367578872382
1459.5900409364701,-66.93227696657365,-66.93227696657365
1459.6000409364701,-66.93091327232864,-66.93091327232864
1459.61004093647,-66.92958462110055,-66.92958462110055
1459.62004093647,-66.92829092762697,-66.92829092762697
1459.63004093647,-66.92703210628113,-66.92703210628113
1459.64004093647,-66.92580807108376,-66.92580807108376
1459.65004093647,-66.92461873570622,-66.92461873570622
1459.66004093647,-66.92346401349654,-66.92346401349654
1459.67004093647,-66.92234381745992,-66.92234381745992
1459.68004093647,-66.92125806030204,-66.92125806030204
1459.69004093647,-66.92020665439729,-66.92020665439729
1459.70004093647,-66.91918951184078,-66.91918951184078
1459.71004093647,-66.91820654442103,-66.91820654442103
1459.72004093647,-66.91725766364401,-66.91725766364401
1459.73004093647,-66.91634278075111,-66.91634278075111
1459.74004093647,-66.91546180669812,-66.91546180669812
1459.75004093647,-66.91461465219446,-66.91461465219446
1459.76004093647,-66.91380122768675,-66.91380122768675
1459.77004093647,-66.91302144337853,-66.91302144337853
1459.78004093647,-66.91227520924333,-66.91227520924333
1459.79004093647,-66.91156243501861,-66.91156243501861
1459.80004093647,-66.91088303021796,-66.91088303021796
1459.81004093647,-66.91023690414137,-66.91023690414137
1459.82004093647,-66.90962396588007,-66.90962396588007
1459.8300409364701,-66.90904412431982,-66.90904412431982
1459.8400409364701,-66.90849728815937,-66.90849728815937
1459.8500409364701,-66.90798336589971,-66.90798336589971
1459.86004093647,-66.9075022658737,-66.9075022658737
1459.87004093647,-66.90705389622617,-66.90705389622617
1459.88004093647,-66.90663816494072,-66.90663816494072
1459.89004093647,-66.90625497982867,-66.90625497982867
1459.90004093647,-66.9059042485617,-66.9059042485617
1459.91004093647,-66.90558587865101,-66.90558587865101
1459.92004093647,-66.90529977746387,-66.90529977746387
1459.93004093647,-66.90504585223188,-66.90504585223188
1459.94004093647,-66.90482401005731,-66.90482401005731
1459.95004093647,-66.90463415790977,-66.90463415790977
1459.96004093647,-66.90447620264966,-66.90447620264966
1459.97004093647,-66.90435005101637,-66.90435005101637
1459.98004093647,-66.90425560963017,-66.90425560963017
1459.99004093647,-66.90419278502068,-66.90419278502068
1460.00004093647,-66.90416148361837,-66.90416148361837
1460.01004093647,-66.90416161174556,-66.90416161174556
1460.02004093647,-66.90419307566336,-66.90419307566336
1460.03004093647,-66.9042557815267,-66.9042557815267
1460.04004093647,-66.90434963541689,-66.90434963541689
1460.05004093647,-66.9044745433454,-66.9044745433454
1460.06004093647,-66.90463041126169,-66.90463041126169
1460.07004093647,-66.90481714504229,-66.90481714504229
1460.0800409364701,-66.9050346505147,-66.9050346505147
1460.0900409364701,-66.90528283343875,-66.90528283343875
1460.1000409364701,-66.90556159953809,-66.90556159953809
1460.11004093647,-66.9058708544849,-66.9058708544849
1460.12004093647,-66.90621050390853,-66.90621050390853
1460.13004093647,-66.90658045340959,-66.90658045340959
1460.14004093647,-66.90698060855054,-66.90698060855054
1460.15004093647,-66.90741087487682,-66.90741087487682
1460.16004093647,-66.90787115789536,-66.90787115789536
1460.17004093647,-66.90836136310277,-66.90836136310277
1460.18004093647,-66.9088813959856,-66.9088813959856
1460.19004093647,-66.90943116199989,-66.90943116199989
1460.20004093647,-66.91001056661861,-66.91001056661861
1460.21004093647,-66.91061369249829,-66.91061369249829
1460.22004093647,-66.91123790242665,-66.91123790242665
1460.23004093647,-66.91188187159868,-66.91188187159868
1460.24004093647,-66.91254488350431,-66.91254488350431
1460.25004093647,-66.91322656073646,-66.91322656073646
1460.26004093647,-66.91392672493757,-66.91392672493757
1460.27004093647,-66.91464531446798,-66.91464531446798
1460.28004093647,-66.91538233492896,-66.91538233492896
1460.29004093647,-66.91613782930622,-66.91613782930622
1460.300040960312,-66.91691186195142,-66.91691186195142
1460.3100409603119,-66.91770450054514,-66.91770450054514
1460.3200409603119,-66.91851582081341,-66.91851582081341
1460.3300409603119,-66.91934589572213,-66.91934589572213
1460.3400409603119,-66.9201947953603,-66.9201947953603
1460.3500409603118,-66.92106258598788,-66.92106258598788
1460.3600409603118,-66.92194932969247,-66.92194932969247
1460.3700409603118,-66.92285508438185,-66.92285508438185
1460.3800409603118,-66.92377990397883,-66.92377990397883
1460.3900409603118,-66.92472383867882,-66.92472383867882
1460.4000409603118,-66.92568693527453,-66.92568693527453
1460.4100409603118,-66.92666923746451,-66.92666923746451
1460.4200409603118,-66.92767078615435,-66.92767078615435
1460.430040960312,-66.9286916197461,-66.9286916197461
1460.440040960312,-66.92973177438256,-66.92973177438256
1460.450040960312,-66.93079128415238,-66.93079128415238
1460.460040960312,-66.93187018130183,-66.93187018130183
1460.470040960312,-66.93296849639074,-66.93296849639074
1460.480040960312,-66.93408625843541,-66.93408625843541
1460.490040960312,-66.93522349502989,-66.93522349502989
1460.500040960312,-66.93638023244861,-66.93638023244861
1460.510040960312,-66.93755649573892,-66.93755649573892
1460.520040960312,-66.9387523087861,-66.9387523087861
1460.530040960312,-66.93996769436289,-66.93996769436289
1460.540040960312,-66.9412026742053,-66.9412026742053
1460.550040960312,-66.94245726902989,-66.94245726902989
1460.5600409603119,-66.94373149859777,-66.94373149859777
1460.5700409603119,-66.94502538169903,-66.94502538169903
1460.5800409603119,-66.94633893621433,-66.94633893621433
1460.5900409603119,-66.9476721791128,-66.9476721791128
1460.6000409603118,-66.94902512647833,-66.94902512647833
1460.6100409603118,-66.95039779350486,-66.95039779350486
1460.6200409603118,-66.9517901945263,-66.9517901945263
1460.6300409603118,-66.95320234300506,-66.95320234300506
1460.6400409603118,-66.95463425154244,-66.95463425154244
1460.6500409603118,-66.95608593189095,-66.95608593189095
1460.6600409603118,-66.95755739494865,-66.95755739494865
1460.6700409603118,-66.95904865076336,-66.95904865076336
1460.680040960312,-66.96055970852771,-66.96055970852771
1460.690040960312,-66.96209057659713,-66.96209057659713
1460.700040960312,-66.96364126246719,-66.96364126246719
1460.710040960312,-66.9652117727975,-66.9652117727975
1460.720040960312,-66.96680211338996,-66.96680211338996
1460.730040960312,-66.96841228920599,-66.96841228920599
1460.740040960312,-66.9700423043616,-66.9700423043616
1460.750040960312,-66.97169216212173,-66.97169216212173
1460.760040960312,-66.97336186490637,-66.97336186490637
1460.770040960312,-66.97505141429949,-66.97505141429949
1460.780040960312,-66.97676081103931,-66.97676081103931
1460.790040960312,-66.9784900550028,-66.9784900550028
1460.800040960312,-66.98023914525507,-66.98023914525507
1460.8100409603119,-66.9820080800006,-66.9820080800006
1460.8200409603119,-66.9837968566307,-66.9837968566307
1460.8300409603119,-66.985605471675,-66.985605471675
1460.8400409603119,-66.98743392085761,-66.98743392085761
1460.8500409603118,-66.98928219905646,-66.98928219905646
1460.8600409603118,-66.99115030033734,-66.99115030033734
1460.8700409603118,-66.99303821793475,-66.99303821793475
1460.8800409603118,-66.99494594428576,-66.99494594428576
1460.8900409603118,-66.9968734710031,-66.9968734710031
1460.9000409603118,-66.99882078888146,-66.99882078888146
1460.9100409603118,-67.00078788793674,-67.00078788793674
1460.9200409603118,-67.00277475737784,-67.00277475737784
1460.930040960312,-67.00478138561071,-67.00478138561071
1460.940040960312,-67.00680776027434,-67.00680776027434
1460.950040960312,-67.00885386821915,-67.00885386821915
1460.960040960312,-67.01091969551682,-67.01091969551682
1460.970040960312,-67.01300522748387,-67.01300522748387
1460.980040960312,-67.0151104486597,-67.0151104486597
1460.990040960312,-67.0172353428525,-67.0172353428525
1461.000040960312,-67.01937989309971,-67.01937989309971
1461.010040960312,-67.0215440817127,-67.0215440817127
1461.020040960312,-67.02372789026482,-67.02372789026482
1461.030040960312,-67.02593129961139,-67.02593129961139
1461.040040960312,-67.02815428988069,-67.02815428988069
1461.050040960312,-67.03039684049446,-67.03039684049446
1461.0600409603119,-67.03265893017883,-67.03265893017883
1461.0700409603119,-67.03494053695394,-67.03494053695394
1461.0800409603119,-67.03724163816239,-67.03724163816239
1461.0900409603119,-67.03956221045804,-67.03956221045804
1461.1000409603118,-67.04190222983947,-67.04190222983947
1461.1100409603118,-67.04426167163986,-67.04426167163986
1461.1200409603118,-67.04664051052455,-67.04664051052455
1461.1300409603118,-67.04903872052924,-67.04903872052924
1461.1400409603118,-67.05145627504605,-67.05145627504605
1461.1500409841537,-67.05389315264894,-67.05389315264894
1461.1600409841537,-67.05634931393337,-67.05634931393337
1461.1700409841537,-67.05882473616184,-67.05882473616184
1461.1800409841537,-67.06131939026909,-67.06131939026909
1461.1900409841537,-67.06383324660307,-67.06383324660307
1461.2000409841537,-67.06636627491032,-67.06636627491032
1461.2100409841537,-67.0689126049271,-67.0689126049271
1461.2200409841537,-67.07146965273975,-67.07146965273975
1461.2300409841537,-67.07403614890228,-67.07403614890228
1461.2400409841537,-67.07661143275385,-67.07661143275385
1461.2500409841537,-67.07919518279046,-67.07919518279046
1461.2600409841536,-67.08178727638169,-67.08178727638169
1461.2700409841536,-67.08438770744064,-67.08438770744064
1461.2800409841539,-67.08699653685379,-67.08699653685379
1461.2900409841538,-67.08961386268851,-67.08961386268851
1461.3000409841538,-67.09223980228123,-67.09223980228123
1461.3100409841538,-67.09487448158319,-67.09487448158319
1461.3200409841538,-67.0975180289087,-67.0975180289087
1461.3300409841538,-67.10017057137425,-67.10017057137425
1461.3400409841538,-67.10283223297512,-67.10283223297512
1461.3500409841538,-67.10550313361743,-67.10550313361743
1461.3600409841538,-67.10818338878774,-67.10818338878774
1461.3700409841538,-67.11087310951883,-67.11087310951883
1461.3800409841538,-67.11357240257416,-67.11357240257416
1461.3900409841538,-67.11628137071054,-67.11628137071054
1461.4000409841537,-67.1190001129733,-67.1190001129733
1461.4100409841537,-67.1217287250235,-67.1217287250235
1461.4200409841537,-67.1244672994094,-67.1244672994094
1461.4300409841537,-67.12721592586799,-67.12721592586799
1461.4400409841537,-67.12997469154404,-67.12997469154404
1461.4500409841537,-67.13274368121456,-67.13274368121456
1461.4600409841537,-67.13551713211157,-67.13551713211157
1461.4700409841537,-67.13829256949782,-67.13829256949782
1461.4800409841537,-67.1410688329881,-67.1410688329881
1461.4900409841537,-67.14384537033442,-67.14384537033442
1461.5000409841537,-67.14662196760992,-67.14662196760992
1461.5100409841536,-67.14939860895666,-67.14939860895666
1461.5200409841536,-67.1521753941876,-67.1521753941876
1461.5300409841539,-67.15495248930057,-67.15495248930057
1461.5400409841538,-67.15773009667377,-67.15773009667377
1461.5500409841538,-67.16050843720333,-67.16050843720333
1461.5600409841538,-67.16328773964608,-67.16328773964608
1461.5700409841538,-67.16606823440159,-67.16606823440159
1461.5800409841538,-67.16885014993922,-67.16885014993922
1461.5900409841538,-67.17163371089556,-67.17163371089556
1461.6000409841538,-67.17441913711895,-67.17441913711895
1461.6100409841538,-67.1772066433324,-67.1772066433324
1461.6200409841538,-67.17999643906361,-67.17999643906361
1461.6300409841538,-67.18278872888617,-67.18278872888617
1461.6400409841538,-67.18558371263029,-67.18558371263029
1461.6500409841537,-67.1883815857035,-67.1883815857035
1461.6600409841537,-67.19118253938461,-67.19118253938461
1461.6700409841537,-67.19398676110775,-67.19398676110775
1461.6800409841537,-67.19679443474656,-67.19679443474656
1461.6900409841537,-67.19960574083125,-67.19960574083125
1461.7000409841537,-67.20242085676848,-67.20242085676848
1461.7100409841537,-67.20523995700796,-67.20523995700796
1461.7200409841537,-67.20806321322226,-67.20806321322226
1461.7300409841537,-67.21089079442345,-67.21089079442345
1461.7400409841537,-67.21372286707305,-67.21372286707305
1461.7500409841537,-67.2165595951924,-67.2165595951924
1461.7600409841536,-67.21940114041286,-67.21940114041286
1461.7700409841536,-67.22224766207907,-67.22224766207907
1461.7800409841539,-67.22509931727693,-67.22509931727693
1461.7900409841538,-67.22795626089119,-67.22795626089119
1461.8000409841538,-67.23081864565205,-67.23081864565205
1461.8100409841538,-67.23368662213791,-67.23368662213791
1461.8200409841538,-67.23656033882381,-67.23656033882381
1461.8300409841538,-67.23943994210646,-67.23943994210646
1461.8400409841538,-67.24232557629747,-67.24232557629747
1461.8500409841538,-67.24521738367535,-67.24521738367535
1461.8600409841538,-67.2481155044482,-67.2481155044482
1461.8700409841538,-67.25102007680289,-67.25102007680289
1461.8800409841538,-67.25393123690705,-67.25393123690705
1461.8900409841538,-67.25684911888932,-67.25684911888932
1461.9000409841537,-67.25977385488298,-67.25977385488298
1461.9100409841537,-67.26270557500203,-67.26270557500203
1461.9200409841537,-67.26564440736331,-67.26564440736331
1461.9300409841537,-67.26859047808475,-67.26859047808475
1461.9400409841537,-67.27154391130081,-67.27154391130081
1461.9500409841537,-67.27450482914821,-67.27450482914821
1461.9600409841537,-67.27747335178356,-67.27747335178356
1461.9700409841537,-67.28044959738544,-67.28044959738544
1461.9800409841537,-67.28343368216227,-67.28343368216227
1461.9900409841537,-67.28642572035933,-67.28642572035933
1462.0000410079956,-67.2894258314211,-67.2894258314211
1462.0100410079956,-67.29243411139907,-67.29243411139907
1462.0200410079956,-67.29545067579917,-67.29545067579917
1462.0300410079956,-67.2984756310852,-67.2984756310852
1462.0400410079956,-67.30150908178031,-67.30150908178031
1462.0500410079956,-67.30455113049048,-67.30455113049048
1462.0600410079956,-67.30760187791456,-67.30760187791456
1462.0700410079955,-67.3106614228481,-67.3106614228481
1462.0800410079955,-67.31372986219198,-67.31372986219198
1462.0900410079955,-67.31680729097566,-67.31680729097566
1462.1000410079955,-67.31989380236752,-67.31989380236752
1462.1100410079955,-67.32298948766571,-67.32298948766571
1462.1200410079955,-67.32609443632836,-67.32609443632836
1462.1300410079957,-67.32920873598162,-67.32920873598162
1462.1400410079957,-67.33233247243757,-67.33233247243757
1462.1500410079957,-67.33546572969868,-67.33546572969868
1462.1600410079957,-67.33860858997582,-67.33860858997582
1462.1700410079957,-67.34176113370496,-67.34176113370496
1462.1800410079957,-67.34492343955114,-67.34492343955114
1462.1900410079957,-67.34809558444178,-67.34809558444178
1462.2000410079957,-67.35127764355461,-67.35127764355461
1462.2100410079956,-67.35446969035928,-67.35446969035928
1462.2200410079956,-67.35767179662462,-67.35767179662462
1462.2300410079956,-67.36088403241695,-67.36088403241695
1462.2400410079956,-67.36410646614213,-67.36410646614213
1462.2500410079956,-67.36733916455061,-67.36733916455061
1462.2600410079956,-67.37058219274007,-67.37058219274007
1462.2700410079956,-67.37383561419372,-67.37383561419372
1462.2800410079956,-67.37709949078163,-67.37709949078163
1462.2900410079956,-67.38037388278715,-67.38037388278715
1462.3000410079956,-67.38365884892318,-67.38365884892318
1462.3100410079956,-67.38695444632995,-67.38695444632995
1462.3200410079955,-67.39026073061913,-67.39026073061913
1462.3300410079955,-67.39357775588643,-67.39357775588643
1462.3400410079955,-67.39690557469898,-67.39690557469898
1462.3500410079955,-67.4002442381509,-67.4002442381509
1462.3600410079955,-67.40359379585624,-67.40359379585624
1462.3700410079955,-67.40695429598428,-67.40695429598428
1462.3800410079957,-67.4103257852513,-67.4103257852513
1462.3900410079957,-67.4137083089652,-67.4137083089652
1462.4000410079957,-67.41710191101583,-67.41710191101583
1462.4100410079957,-67.42050663392563,-67.42050663392563
1462.4200410079957,-67.42392251883136,-67.42392251883136
1462.4300410079957,-67.42734960552754,-67.42734960552754
1462.4400410079957,-67.43078793246521,-67.43078793246521
1462.4500410079957,-67.43423753678229,-67.43423753678229
1462.4600410079956,-67.4376984543199,-67.4376984543199
1462.4700410079956,-67.4411707196208,-67.4411707196208
1462.4800410079956,-67.4446543659802,-67.4446543659802
1462.4900410079956,-67.44814942541898,-67.44814942541898
1462.5000410079956,-67.45165592874095,-67.45165592874095
1462.5100410079956,-67.45517390553425,-67.45517390553425
1462.5200410079956,-67.45870338417414,-67.45870338417414
1462.5300410079956,-67.46224439185535,-67.46224439185535
1462.5400410079956,-67.46579695460778,-67.46579695460778
1462.5500410079956,-67.46936109730771,-67.46936109730771
1462.5600410079956,-67.47293684369956,-67.47293684369956
1462.5700410079955,-67.47652421639745,-67.47652421639745
1462.5800410079955,-67.4801232369268,-67.4801232369268
1462.5900410079955,-67.4837339257036,-67.4837339257036
1462.6000410079955,-67.4873563020987,-67.4873563020987
1462.6100410079955,-67.49099038439813,-67.49099038439813
1462.6200410079955,-67.49463618986591,-67.49463618986591
1462.6300410079957,-67.4982937347271,-67.4982937347271
1462.6400410079957,-67.50196303420294,-67.50196303420294
1462.6500410079957,-67.50564410251546,-67.50564410251546
1462.6600410079957,-67.50933695291488,-67.50933695291488
1462.6700410079957,-67.51304159766323,-67.51304159766323
1462.6800410079957,-67.51675804809427,-67.51675804809427
1462.6900410079957,-67.52048631458375,-67.52048631458375
1462.7000410079957,-67.5242264065969,-67.5242264065969
1462.7100410079956,-67.52797245204157,-67.52797245204157
1462.7200410079956,-67.53172188666296,-67.53172188666296
1462.7300410079956,-67.53547346879895,-67.53547346879895
1462.7400410079956,-67.53922656901048,-67.53922656901048
1462.7500410079956,-67.54298089874474,-67.54298089874474
1462.7600410079956,-67.54673636923539,-67.54673636923539
1462.7700410079956,-67.55049300870677,-67.55049300870677
1462.7800410079956,-67.55425091259531,-67.55425091259531
1462.7900410079956,-67.55801021359743,-67.55801021359743
1462.8000410079956,-67.56177106368293,-67.56177106368293
1462.8100410079956,-67.56553362339505,-67.56553362339505
1462.8200410079955,-67.56929805557283,-67.56929805557283
1462.8300410079955,-67.57306452176977,-67.57306452176977
1462.8400410079955,-67.57683318030834,-67.57683318030834
1462.8500410318375,-67.58060419431324,-67.58060419431324
1462.8600410318375,-67.58437769542888,-67.58437769542888
1462.8700410318374,-67.58815383763212,-67.58815383763212
1462.8800410318374,-67.59193276154457,-67.59193276154457
1462.8900410318374,-67.59571460364057,-67.59571460364057
1462.9000410318374,-67.59949949655518,-67.59949949655518
1462.9100410318374,-67.60328756937997,-67.60328756937997
1462.9200410318374,-67.60707894795705,-67.60707894795705
1462.9300410318374,-67.61087375515442,-67.61087375515442
1462.9400410318374,-67.61467211110624,-67.61467211110624
1462.9500410318374,-67.61847413342404,-67.61847413342404
1462.9600410318374,-67.62227993738091,-67.62227993738091
1462.9700410318374,-67.62608963607785,-67.62608963607785
1462.9800410318376,-67.62990334056668,-67.62990334056668
1462.9900410318376,-67.63372115999344,-67.63372115999344
1463.0000410318376,-67.6375432016802,-67.6375432016802
1463.0100410318375,-67.64136957120319,-67.64136957120319
1463.0200410318375,-67.6452003724981,-67.6452003724981
1463.0300410318375,-67.64903570787162,-67.64903570787162
1463.0400410318375,-67.65287567808045,-67.65287567808045
1463.0500410318375,-67.656720382376,-67.656720382376
1463.0600410318375,-67.66056991853057,-67.66056991853057
1463.0700410318375,-67.66442438286843,-67.66442438286843
1463.0800410318375,-67.66828387027219,-67.66828387027219
1463.0900410318375,-67.6721484742472,-67.6721484742472
1463.1000410318375,-67.67601828687711,-67.67601828687711
1463.1100410318375,-67.67989339888273,-67.67989339888273
1463.1200410318374,-67.68377389962822,-67.68377389962822
1463.1300410318374,-67.68765987711264,-67.68765987711264
1463.1400410318374,-67.69155141798194,-67.69155141798194
1463.1500410318374,-67.69544860754121,-67.69544860754121
1463.1600410318374,-67.69935152977361,-67.69935152977361
1463.1700410318374,-67.70326026730858,-67.70326026730858
1463.1800410318374,-67.70717490145756,-67.70717490145756
1463.1900410318374,-67.71109551221497,-67.71109551221497
1463.2000410318374,-67.71502217823678,-67.71502217823678
1463.2100410318374,-67.71895497687713,-67.71895497687713
1463.2200410318374,-67.72289398417144,-67.72289398417144
1463.2300410318376,-67.72683927484134,-67.72683927484134
1463.2400410318376,-67.73079092229992,-67.73079092229992
1463.2500410318376,-67.73474899866491,-67.73474899866491
1463.2600410318375,-67.73871357474378,-67.73871357474378
1463.2700410318375,-67.74268472005977,-67.74268472005977
1463.2800410318375,-67.74666250283946,-67.74666250283946
1463.2900410318375,-67.75064699001729,-67.75064699001729
1463.3000410318375,-67.7546382472551,-67.7546382472551
1463.3100410318375,-67.75863633893128,-67.75863633893128
1463.3200410318375,-67.76264132815646,-67.76264132815646
1463.3300410318375,-67.7666532767842,-67.7666532767842
1463.3400410318375,-67.77067224539087,-67.77067224539087
1463.3500410318375,-67.77469829331531,-67.77469829331531
1463.3600410318375,-67.7787314786462,-67.7787314786462
1463.3700410318374,-67.78277185822792,-67.78277185822792
1463.3800410318374,-67.78681948767138,-67.78681948767138
1463.3900410318374,-67.79087442138497,-67.79087442138497
1463.4000410318374,-67.7949367125332,-67.7949367125332
1463.4100410318374,-67.7990064130897,-67.7990064130897
1463.4200410318374,-67.80308357382442,-67.80308357382442
1463.4300410318374,-67.80716824431974,-67.80716824431974
1463.4400410318374,-67.81126047296779,-67.81126047296779
1463.4500410318374,-67.81536030699218,-67.81536030699218
1463.4600410318374,-67.81946779245465,-67.81946779245465
1463.4700410318374,-67.8235829742701,-67.8235829742701
1463.4800410318376,-67.82770589618931,-67.82770589618931
1463.4900410318376,-67.83183660084353,-67.83183660084353
1463.5000410318376,-67.83597512973148,-67.83597512973148
1463.5100410318375,-67.84012152324631,-67.84012152324631
1463.5200410318375,-67.84427582067255,-67.84427582067255
1463.5300410318375,-67.84843806019211,-67.84843806019211
1463.5400410318375,-67.85260827892378,-67.85260827892378
1463.5500410318375,-67.85678651289604,-67.85678651289604
1463.5600410318375,-67.86097279708153,-67.86097279708153
1463.5700410318375,-67.86516716540945,-67.86516716540945
1463.5800410318375,-67.86936965075428,-67.86936965075428
1463.5900410318375,-67.87358028497756,-67.87358028497756
1463.6000410318375,-67.87779909890372,-67.87779909890372
1463.6100410318375,-67.88202612236762,-67.88202612236762
1463.6200410318374,-67.88626138420422,-67.88626138420422
1463.6300410318374,-67.89050491225689,-67.89050491225689
1463.6400410318374,-67.89475673340709,-67.89475673340709
1463.6500410318374,-67.89901687356044,-67.89901687356044
1463.6600410318374,-67.9032853576878,-67.9032853576878
1463.6700410318374,-67.90756220980617,-67.90756220980617
1463.6800410318374,-67.91184745301626,-67.91184745301626
1463.6900410318374,-67.91614110949226,-67.91614110949226
1463.7000410556793,-67.9204432107506,-67.9204432107506
1463.7100410556793,-67.92474784018614,-67.92474784018614
1463.7200410556793,-67.92905243887877,-67.92905243887877
1463.7300410556793,-67.93335576783655,-67.93335576783655
1463.7400410556793,-67.93765720371853,-67.93765720371853
1463.7500410556793,-67.94195646597608,-67.94195646597608
1463.7600410556793,-67.94625347497353,-67.94625347497353
1463.7700410556793,-67.9505482687871,-67.9505482687871
1463.7800410556792,-67.95484095315301,-67.95484095315301
1463.7900410556792,-67.95913167136553,-67.95913167136553
1463.8000410556792,-67.96342058621642,-67.96342058621642
1463.8100410556792,-67.96770786923804,-67.96770786923804
1463.8200410556792,-67.97199369438648,-67.97199369438648
1463.8300410556794,-67.97627823443923,-67.97627823443923
1463.8400410556794,-67.9805616590342,-67.9805616590342
1463.8500410556794,-67.98484413369901,-67.98484413369901
1463.8600410556794,-67.98912581947893,-67.98912581947893
1463.8700410556794,-67.99340687291297,-67.99340687291297
1463.8800410556794,-67.997687446184,-67.997687446184
1463.8900410556794,-68.00196768738124,-68.00196768738124
1463.9000410556794,-68.00624774079515,-68.00624774079515
1463.9100410556794,-68.0105277472038,-68.0105277472038
1463.9200410556793,-68.0148078441767,-68.0148078441767
1463.9300410556793,-68.01908816632897,-68.01908816632897
1463.9400410556793,-68.0233688455754,-68.0233688455754
1463.9500410556793,-68.02765001130508,-68.02765001130508
1463.9600410556793,-68.03193179060162,-68.03193179060162
1463.9700410556793,-68.03621430837768,-68.03621430837768
1463.9800410556793,-68.04049768752114,-68.04049768752114
1463.9900410556793,-68.0447820489995,-68.0447820489995
1464.0000410556793,-68.04906751197244,-68.04906751197244
1464.0100410556793,-68.05335419385385,-68.05335419385385
1464.0200410556793,-68.05764221039442,-68.05764221039442
1464.0300410556792,-68.0619316757335,-68.0619316757335
1464.0400410556792,-68.06622270245312,-68.06622270245312
1464.0500410556792,-68.07051540160838,-68.07051540160838
1464.0600410556792,-68.07480988277445,-68.07480988277445
1464.0700410556792,-68.07910625405054,-68.07910625405054
1464.0800410556794,-68.08340462210442,-68.08340462210442
1464.0900410556794,-68.08770509217997,-68.08770509217997
1464.1000410556794,-68.09200776811362,-68.09200776811362
1464.1100410556794,-68.09631275234342,-68.09631275234342
1464.1200410556794,-68.10062014592005,-68.10062014592005
1464.1300410556794,-68.10493004852302,-68.10493004852302
1464.1400410556794,-68.10924255845192,-68.10924255845192
1464.1500410556794,-68.11355777264963,-68.11355777264963
1464.1600410556794,-68.11787578669197,-68.11787578669197
1464.1700410556793,-68.1221966947949,-68.1221966947949
1464.1800410556793,-68.12652058981749,-68.12652058981749
1464.1900410556793,-68.13084756327856,-68.13084756327856
1464.2000410556793,-68.13517770533589,-68.13517770533589
1464.2100410556793,-68.1395051694953,-68.1395051694953
1464.2200410556793,-68.14382744623812,-68.14382744623812
1464.2300410556793,-68.14814335981514,-68.14814335981514
1464.2400410556793,-68.15245235155366,-68.15245235155366
1464.2500410556793,-68.15675420611373,-68.15675420611373
1464.2600410556793,-68.16104890921473,-68.16104890921473
1464.2700410556793,-68.16533656414452,-68.16533656414452
1464.2800410556792,-68.16961734158936,-68.16961734158936
1464.2900410556792,-68.1738914494434,-68.1738914494434
1464.3000410556792,-68.17815911469323,-68.17815911469323
1464.3100410556792,-68.18242057259842,-68.18242057259842
1464.3200410556792,-68.18667606038437,-68.18667606038437
1464.3300410556794,-68.19092581359605,-68.19092581359605
1464.3400410556794,-68.19517006415218,-68.19517006415218
1464.3500410556794,-68.19940903932823,-68.19940903932823
1464.3600410556794,-68.20364296141132,-68.20364296141132
1464.3700410556794,-68.20787204763216,-68.20787204763216
1464.3800410556794,-68.21209651035018,-68.21209651035018
1464.3900410556794,-68.216316557272,-68.216316557272
1464.4000410556794,-68.22053239176368,-68.22053239176368
1464.4100410556794,-68.22474421313277,-68.22474421313277
1464.4200410556793,-68.22895221692333,-68.22895221692333
1464.4300410556793,-68.23315659516847,-68.23315659516847
1464.4400410556793,-68.23735753663425,-68.23735753663425
1464.4500410556793,-68.24155522701146,-68.24155522701146
1464.4600410556793,-68.24574984910387,-68.24574984910387
1464.4700410556793,-68.2499415829956,-68.2499415829956
1464.4800410556793,-68.25413060617262,-68.25413060617262
1464.4900410556793,-68.25831709363257,-68.25831709363257
1464.5000410556793,-68.26250121798665,-68.26250121798665
1464.5100410556793,-68.26668314955243,-68.26668314955243
1464.5200410556793,-68.27086305641116,-68.27086305641116
1464.5300410556792,-68.27504110445544,-68.27504110445544
1464.5400410556792,-68.27921745746346,-68.27921745746346
1464.5500410795212,-68.28339228705768,-68.28339228705768
1464.5600410795212,-68.28756573299007,-68.28756573299007
1464.5700410795212,-68.29173796280175,-68.29173796280175
1464.5800410795212,-68.29590913209408,-68.29590913209408
1464.5900410795211,-68.30007939449824,-68.30007939449824
1464.6000410795211,-68.3042489016687,-68.3042489016687
1464.6100410795211,-68.30841780331481,-68.30841780331481
1464.6200410795211,-68.31258624721258,-68.31258624721258
1464.630041079521,-68.3167543791966,-68.3167543791966
1464.640041079521,-68.32092234319728,-68.32092234319728
1464.650041079521,-68.325090281221,-68.325090281221
1464.660041079521,-68.32925833339215,-68.32925833339215
1464.670041079521,-68.33342663792793,-68.33342663792793
1464.6800410795213,-68.33759533115216,-68.33759533115216
1464.6900410795213,-68.34176454751965,-68.34176454751965
1464.7000410795213,-68.34593441959802,-68.34593441959802
1464.7100410795213,-68.35010507809025,-68.35010507809025
1464.7200410795213,-68.35427665183495,-68.35427665183495
1464.7300410795212,-68.35844926782363,-68.35844926782363
1464.7400410795212,-68.36262305118215,-68.36262305118215
1464.7500410795212,-68.3667981252085,-68.3667981252085
1464.7600410795212,-68.37097461135713,-68.37097461135713
1464.7700410795212,-68.37515262926352,-68.37515262926352
1464.7800410795212,-68.37933229674229,-68.37933229674229
1464.7900410795212,-68.38351372978592,-68.38351372978592
1464.8000410795212,-68.3876970425961,-68.3876970425961
1464.8100410795212,-68.39188234758764,-68.39188234758764
1464.8200410795212,-68.3960697553839,-68.3960697553839
1464.8300410795212,-68.40025937483438,-68.40025937483438
1464.8400410795211,-68.4044513130306,-68.4044513130306
1464.8500410795211,-68.4086456753109,-68.4086456753109
1464.8600410795211,-68.41284256527695,-68.41284256527695
1464.8700410795211,-68.41704208479489,-68.41704208479489
1464.880041079521,-68.42124433401038,-68.42124433401038
1464.890041079521,-68.4254494113708,-68.4254494113708
1464.900041079521,-68.42965741362818,-68.42965741362818
1464.910041079521,-68.43386843585179,-68.43386843585179
1464.920041079521,-68.43808257144484,-68.43808257144484
1464.9300410795213,-68.44229991215796,-68.44229991215796
1464.9400410795213,-68.44652054808869,-68.44652054808869
1464.9500410795213,-68.45074456771745,-68.45074456771745
1464.9600410795213,-68.45496609525618,-68.45496609525618
1464.9700410795213,-68.45918260705312,-68.45918260705312
1464.9800410795212,-68.46339291909273,-68.46339291909273
1464.9900410795212,-68.46759646694751,-68.46759646694751
1465.0000410795212,-68.47179303079703,-68.47179303079703
1465.0100410795212,-68.47598259256377,-68.47598259256377
1465.0200410795212,-68.48016525205448,-68.48016525205448
1465.0300410795212,-68.48434117659484,-68.48434117659484
1465.0400410795212,-68.48851057072075,-68.48851057072075
1465.0500410795212,-68.49267365797051,-68.49267365797051
1465.0600410795212,-68.49683067008769,-68.49683067008769
1465.0700410795212,-68.50098184064271,-68.50098184064271
1465.0800410795212,-68.50512740142915,-68.50512740142915
1465.0900410795211,-68.50926758044764,-68.50926758044764
1465.1000410795211,-68.5134026009854,-68.5134026009854
1465.1100410795211,-68.51753268121655,-68.51753268121655
1465.1200410795211,-68.52165803414269,-68.52165803414269
1465.130041079521,-68.52577886781368,-68.52577886781368
1465.140041079521,-68.52989538553872,-68.52989538553872
1465.150041079521,-68.53400778620149,-68.53400778620149
1465.160041079521,-68.53811626455777,-68.53811626455777
1465.170041079521,-68.54222101154811,-68.54222101154811
1465.1800410795213,-68.54632221453046,-68.54632221453046
1465.1900410795213,-68.5504200575508,-68.5504200575508
1465.2000410795213,-68.554514721545,-68.554514721545
1465.2100410795213,-68.55860041315785,-68.55860041315785
1465.2200410795213,-68.56267469517924,-68.56267469517924
1465.2300410795212,-68.56673647100753,-68.56673647100753
1465.2400410795212,-68.57078526362805,-68.57078526362805
1465.2500410795212,-68.57482094033207,-68.57482094033207
1465.2600410795212,-68.57884356967374,-68.57884356967374
1465.2700410795212,-68.58285333758015,-68.58285333758015
1465.2800410795212,-68.58685049694195,-68.58685049694195
1465.2900410795212,-68.59083533730714,-68.59083533730714
1465.3000410795212,-68.59480816668129,-68.59480816668129
1465.3100410795212,-68.59876930072332,-68.59876930072332
1465.3200410795212,-68.60271905640057,-68.60271905640057
1465.3300410795212,-68.6066577483414,-68.6066577483414
1465.3400410795211,-68.61058568689508,-68.61058568689508
1465.3500410795211,-68.6145031771277,-68.6145031771277
1465.3600410795211,-68.61841051849169,-68.61841051849169
1465.3700410795211,-68.6223080047443,-68.6223080047443
1465.380041079521,-68.62619592413311,-68.62619592413311
1465.390041079521,-68.63007455964754,-68.63007455964754
1465.400041103363,-68.63394419851372,-68.63394419851372
1465.410041103363,-68.63780509563202,-68.63780509563202
1465.420041103363,-68.64165752919327,-68.64165752919327
1465.430041103363,-68.64550176402696,-68.64550176402696
1465.440041103363,-68.64933806105522,-68.64933806105522
1465.450041103363,-68.65316667752927,-68.65316667752927
1465.460041103363,-68.6569878671745,-68.6569878671745
1465.470041103363,-68.66080188037175,-68.66080188037175
1465.480041103363,-68.66460896426298,-68.66460896426298
1465.490041103363,-68.66840936288858,-68.66840936288858
1465.500041103363,-68.67220331726597,-68.67220331726597
1465.510041103363,-68.675991065482,-68.675991065482
1465.520041103363,-68.67977284272921,-68.67977284272921
1465.5300411033631,-68.68354888141108,-68.68354888141108
1465.5400411033631,-68.68731941113263,-68.68731941113263
1465.5500411033631,-68.69108465878944,-68.69108465878944
1465.5600411033631,-68.69484484856181,-68.69484484856181
1465.570041103363,-68.69860020197075,-68.69860020197075
1465.580041103363,-68.70235093788683,-68.70235093788683
1465.590041103363,-68.70609727254954,-68.70609727254954
1465.600041103363,-68.70983941958153,-68.70983941958153
1465.610041103363,-68.71357759001144,-68.71357759001144
1465.620041103363,-68.71731199228276,-68.71731199228276
1465.630041103363,-68.72104283225822,-68.72104283225822
1465.640041103363,-68.72477031323965,-68.72477031323965
1465.650041103363,-68.72849463596943,-68.72849463596943
1465.660041103363,-68.73221599864223,-68.73221599864223
1465.670041103363,-68.73593459691915,-68.73593459691915
1465.680041103363,-68.73965062391427,-68.73965062391427
1465.690041103363,-68.74336427023408,-68.74336427023408
1465.700041103363,-68.74707572396267,-68.74707572396267
1465.710041103363,-68.75077918358467,-68.75077918358467
1465.720041103363,-68.7544722135355,-68.7544722135355
1465.730041103363,-68.75815372270753,-68.75815372270753
1465.740041103363,-68.76182324124395,-68.76182324124395
1465.750041103363,-68.76548064441874,-68.76548064441874
1465.760041103363,-68.76912600914099,-68.76912600914099
1465.770041103363,-68.7727595297412,-68.7727595297412
1465.7800411033631,-68.77638146741712,-68.77638146741712
1465.7900411033631,-68.77999211975789,-68.77999211975789
1465.8000411033631,-68.78359180250521,-68.78359180250521
1465.8100411033631,-68.78718083867706,-68.78718083867706
1465.820041103363,-68.7907595521835,-68.7907595521835
1465.830041103363,-68.79432826417681,-68.79432826417681
1465.840041103363,-68.79788729107952,-68.79788729107952
1465.850041103363,-68.80143694359633,-68.80143694359633
1465.860041103363,-68.80497752635091,-68.80497752635091
1465.870041103363,-68.80850933785031,-68.80850933785031
1465.880041103363,-68.81203267063577,-68.81203267063577
1465.890041103363,-68.81554781156049,-68.81554781156049
1465.900041103363,-68.81905504207867,-68.81905504207867
1465.910041103363,-68.82255463855937,-68.82255463855937
1465.920041103363,-68.82604687258235,-68.82604687258235
1465.930041103363,-68.82953201120166,-68.82953201120166
1465.940041103363,-68.83301031719759,-68.83301031719759
1465.950041103363,-68.83648204928912,-68.83648204928912
1465.960041103363,-68.83994746233792,-68.83994746233792
1465.970041103363,-68.84340680749321,-68.84340680749321
1465.980041103363,-68.84686033235938,-68.84686033235938
1465.990041103363,-68.85030828110669,-68.85030828110669
1466.000041103363,-68.85375089457665,-68.85375089457665
1466.010041103363,-68.85718841038452,-68.85718841038452
1466.020041103363,-68.86062106298645,-68.86062106298645
1466.0300411033631,-68.86404908376446,-68.86404908376446
1466.0400411033631,-68.86747270105431,-68.86747270105431
1466.0500411033631,-68.87089214022456,-68.87089214022456
1466.0600411033631,-68.87430762372287,-68.87430762372287
1466.070041103363,-68.8777193710838,-68.8777193710838
1466.080041103363,-68.88112759899138,-68.88112759899138
1466.090041103363,-68.88453252130128,-68.88453252130128
1466.100041103363,-68.88793434905541,-68.88793434905541
1466.110041103363,-68.89133329052336,-68.89133329052336
1466.120041103363,-68.89472955121256,-68.89472955121256
1466.130041103363,-68.89812333389004,-68.89812333389004
1466.140041103363,-68.9015148386088,-68.9015148386088
1466.150041103363,-68.90490426271968,-68.90490426271968
1466.160041103363,-68.90829180089224,-68.90829180089224
1466.170041103363,-68.91167764511268,-68.91167764511268
1466.180041103363,-68.91506198473063,-68.91506198473063
1466.190041103363,-68.9184450064549,-68.9184450064549
1466.200041103363,-68.9218268943728,-68.9218268943728
1466.210041103363,-68.9252078299588,-68.9252078299588
1466.220041103363,-68.92858799210316,-68.92858799210316
1466.230041103363,-68.93196755712466,-68.93196755712466
1466.240041103363,-68.93534669877481,-68.93534669877481
1466.250041127205,-68.93872559632186,-68.93872559632186
1466.2600411272049,-68.94210440236373,-68.94210440236373
1466.2700411272049,-68.94548329111944,-68.94548329111944
1466.2800411272049,-68.94886242627253,-68.94886242627253
1466.2900411272049,-68.95224196903185,-68.95224196903185
1466.3000411272048,-68.9556220781528,-68.9556220781528
1466.3100411272048,-68.95900290994157,-68.95900290994157
1466.3200411272048,-68.9623846182844,-68.9623846182844
1466.3300411272048,-68.96576735465456,-68.96576735465456
1466.3400411272048,-68.96915126815324,-68.96915126815324
1466.3500411272048,-68.97253650550569,-68.97253650550569
1466.3600411272048,-68.97592321108966,-68.97592321108966
1466.3700411272048,-68.97931152695325,-68.97931152695325
1466.380041127205,-68.98270159283976,-68.98270159283976
1466.390041127205,-68.98609354619192,-68.98609354619192
1466.400041127205,-68.98948752219152,-68.98948752219152
1466.410041127205,-68.99288365376546,-68.99288365376546
1466.420041127205,-68.99628207161331,-68.99628207161331
1466.430041127205,-68.99968290422775,-68.99968290422775
1466.440041127205,-69.00308627790908,-69.00308627790908
1466.450041127205,-69.00649231680175,-69.00649231680175
1466.460041127205,-69.00989513383064,-69.00989513383064
1466.470041127205,-69.0132922212015,-69.0132922212015
1466.480041127205,-69.01668242099879,-69.01668242099879
1466.490041127205,-69.02006519926506,-69.02006519926506
1466.500041127205,-69.02344036882418,-69.02344036882418
1466.5100411272049,-69.02680794523856,-69.02680794523856
1466.5200411272049,-69.03016806231994,-69.03016806231994
1466.5300411272049,-69.03352092137001,-69.03352092137001
1466.5400411272049,-69.03686676061045,-69.03686676061045
1466.5500411272048,-69.04020583687951,-69.04020583687951
1466.5600411272048,-69.04353841473622,-69.04353841473622
1466.5700411272048,-69.04686476005445,-69.04686476005445
1466.5800411272048,-69.0501851363777,-69.0501851363777
1466.5900411272048,-69.05349980295094,-69.05349980295094
1466.6000411272048,-69.0568090137389,-69.0568090137389
1466.6100411272048,-69.06011301705762,-69.06011301705762
1466.6200411272048,-69.06341205556744,-69.06341205556744
1466.630041127205,-69.06670636642916,-69.06670636642916
1466.640041127205,-69.06999618158486,-69.06999618158486
1466.650041127205,-69.07328172805401,-69.07328172805401
1466.660041127205,-69.07656322825981,-69.07656322825981
1466.670041127205,-69.07984090032251,-69.07984090032251
1466.680041127205,-69.0831149583468,-69.0831149583468
1466.690041127205,-69.08638561266956,-69.08638561266956
1466.700041127205,-69.08965307007249,-69.08965307007249
1466.710041127205,-69.09291151801847,-69.09291151801847
1466.720041127205,-69.09615852637589,-69.09615852637589
1466.730041127205,-69.09939301561063,-69.09939301561063
1466.740041127205,-69.10261453008941,-69.10261453008941
1466.750041127205,-69.10582296062644,-69.10582296062644
1466.7600411272049,-69.10901840037909,-69.10901840037909
1466.7700411272049,-69.1122010602925,-69.1122010602925
1466.7800411272049,-69.11537121831783,-69.11537121831783
1466.7900411272049,-69.11852918887553,-69.11852918887553
1466.8000411272048,-69.12167530453493,-69.12167530453493
1466.8100411272048,-69.12480990513124,-69.12480990513124
1466.8200411272048,-69.12793333136493,-69.12793333136493
1466.8300411272048,-69.13104592117607,-69.13104592117607
1466.8400411272048,-69.13414800775587,-69.13414800775587
1466.8500411272048,-69.13723991859182,-69.13723991859182
1466.8600411272048,-69.14032197509155,-69.14032197509155
1466.8700411272048,-69.14339449255641,-69.14339449255641
1466.880041127205,-69.14645778036338,-69.14645778036338
1466.890041127205,-69.14951214220902,-69.14951214220902
1466.900041127205,-69.15255787643841,-69.15255787643841
1466.910041127205,-69.15559527632001,-69.15559527632001
1466.920041127205,-69.1586246303688,-69.1586246303688
1466.930041127205,-69.16164622259684,-69.16164622259684
1466.940041127205,-69.16466033276501,-69.16466033276501
1466.950041127205,-69.16766723660015,-69.16766723660015
1466.960041127205,-69.17066720597461,-69.17066720597461
1466.970041127205,-69.17366050906448,-69.17366050906448
1466.980041127205,-69.17664741050721,-69.17664741050721
1466.990041127205,-69.17962817149227,-69.17962817149227
1467.000041127205,-69.1826030498874,-69.1826030498874
1467.0100411272049,-69.18557230030856,-69.18557230030856
1467.0200411272049,-69.18853617419998,-69.18853617419998
1467.0300411272049,-69.19149491989386,-69.19149491989386
1467.0400411272049,-69.19444878266926,-69.19444878266926
1467.0500411272048,-69.19739800477574,-69.19739800477574
1467.0600411272048,-69.20034282549379,-69.20034282549379
1467.0700411272048,-69.20328348115241,-69.20328348115241
1467.0800411272048,-69.20622020516801,-69.20622020516801
1467.0900411272048,-69.20915322806192,-69.20915322806192
1467.1000411510468,-69.21208278445698,-69.21208278445698
1467.1100411510467,-69.21500908519495,-69.21500908519495
1467.1200411510467,-69.21793235920387,-69.21793235920387
1467.1300411510467,-69.22085282561598,-69.22085282561598
1467.1400411510467,-69.22377070075663,-69.22377070075663
1467.1500411510467,-69.22668619814873,-69.22668619814873
1467.1600411510467,-69.22959952853597,-69.22959952853597
1467.1700411510467,-69.23251089988776,-69.23251089988776
1467.1800411510467,-69.23542051742206,-69.23542051742206
1467.1900411510467,-69.23832858359359,-69.23832858359359
1467.2000411510467,-69.24123529812755,-69.24123529812755
1467.2100411510467,-69.24414085803538,-69.24414085803538
1467.2200411510466,-69.24704545760241,-69.24704545760241
1467.2300411510469,-69.24994928842308,-69.24994928842308
1467.2400411510469,-69.2528525394041,-69.2528525394041
1467.2500411510468,-69.25575539677408,-69.25575539677408
1467.2600411510468,-69.25865804411113,-69.25865804411113
1467.2700411510468,-69.26156066233932,-69.26156066233932
1467.2800411510468,-69.26446342975882,-69.26446342975882
1467.2900411510468,-69.26736652205011,-69.26736652205011
1467.3000411510468,-69.27027011229563,-69.27027011229563
1467.3100411510468,-69.2731743709887,-69.2731743709887
1467.3200411510468,-69.2760794660635,-69.2760794660635
1467.3300411510468,-69.27898556289985,-69.27898556289985
1467.3400411510468,-69.28189282433391,-69.28189282433391
1467.3500411510468,-69.28480141070594,-69.28480141070594
1467.3600411510467,-69.28771147984226,-69.28771147984226
1467.3700411510467,-69.29062318709222,-69.29062318709222
1467.3800411510467,-69.29353668535258,-69.29353668535258
1467.3900411510467,-69.29645212506996,-69.29645212506996
1467.4000411510467,-69.29936965427244,-69.29936965427244
1467.4100411510467,-69.30228941858664,-69.30228941858664
1467.4200411510467,-69.30521156125693,-69.30521156125693
1467.4300411510467,-69.30813622315443,-69.30813622315443
1467.4400411510467,-69.31106354283006,-69.31106354283006
1467.4500411510467,-69.31399365650778,-69.31399365650778
1467.4600411510467,-69.31692669810197,-69.31692669810197
1467.4700411510466,-69.3198627992613,-69.3198627992613
1467.4800411510469,-69.32280208936972,-69.32280208936972
1467.4900411510469,-69.32574469558143,-69.32574469558143
1467.5000411510468,-69.32869074284044,-69.32869074284044
1467.5100411510468,-69.33164035389396,-69.33164035389396
1467.5200411510468,-69.33459364931889,-69.33459364931889
1467.5300411510468,-69.33755074755425,-69.33755074755425
1467.5400411510468,-69.34051176490551,-69.34051176490551
1467.5500411510468,-69.34347681558485,-69.34347681558485
1467.5600411510468,-69.34644601171686,-69.34644601171686
1467.5700411510468,-69.34941946337204,-69.34941946337204
1467.5800411510468,-69.35239727858144,-69.35239727858144
1467.5900411510468,-69.35537956337303,-69.35537956337303
1467.6000411510468,-69.3583664217756,-69.3583664217756
1467.6100411510467,-69.36135795585436,-69.36135795585436
1467.6200411510467,-69.3643542657279,-69.3643542657279
1467.6300411510467,-69.36735544959018,-69.36735544959018
1467.6400411510467,-69.37036160374008,-69.37036160374008
1467.6500411510467,-69.37337282258758,-69.37337282258758
1467.6600411510467,-69.37638919869528,-69.37638919869528
1467.6700411510467,-69.37941082279252,-69.37941082279252
1467.6800411510467,-69.38243778378938,-69.38243778378938
1467.6900411510467,-69.38547016881388,-69.38547016881388
1467.7000411510467,-69.38850806321068,-69.38850806321068
1467.7100411510467,-69.39155155060092,-69.39155155060092
1467.7200411510466,-69.39460071286797,-69.39460071286797
1467.7300411510469,-69.39765563018605,-69.39765563018605
1467.7400411510469,-69.40071638105643,-69.40071638105643
1467.7500411510468,-69.40378304232058,-69.40378304232058
1467.7600411510468,-69.40685568917935,-69.40685568917935
1467.7700411510468,-69.40993439520386,-69.40993439520386
1467.7800411510468,-69.4130192323828,-69.4130192323828
1467.7900411510468,-69.41611027112305,-69.41611027112305
1467.8000411510468,-69.419207580276,-69.419207580276
1467.8100411510468,-69.42231122715414,-69.42231122715414
1467.8200411510468,-69.42542127756036,-69.42542127756036
1467.8300411510468,-69.42853779579663,-69.42853779579663
1467.8400411510468,-69.43166084469455,-69.43166084469455
1467.8500411510468,-69.43479048561785,-69.43479048561785
1467.8600411510467,-69.43792677851125,-69.43792677851125
1467.8700411510467,-69.44106978190229,-69.44106978190229
1467.8800411510467,-69.44421955290535,-69.44421955290535
1467.8900411510467,-69.4473761472665,-69.4473761472665
1467.9000411510467,-69.4505396193733,-69.4505396193733
1467.9100411510467,-69.45371002227165,-69.45371002227165
1467.9200411510467,-69.45688740768233,-69.45688740768233
1467.9300411510467,-69.46007182602555,-69.46007182602555
1467.9400411510467,-69.46326332642919,-69.46326332642919
1467.9500411748886,-69.46646196438942,-69.46646196438942
1467.9600411748886,-69.46966777132175,-69.46966777132175
1467.9700411748886,-69.47288080018636,-69.47288080018636
1467.9800411748886,-69.47610109515426,-69.47610109515426
1467.9900411748886,-69.4793286992061,-69.4793286992061
1468.0000411748886,-69.48256365412904,-69.48256365412904
1468.0100411748886,-69.48580600055911,-69.48580600055911
1468.0200411748885,-69.48905577798101,-69.48905577798101
1468.0300411748885,-69.49231302474917,-69.49231302474917
1468.0400411748885,-69.49557777809899,-69.49557777809899
1468.0500411748885,-69.49885007416746,-69.49885007416746
1468.0600411748885,-69.50212994802664,-69.50212994802664
1468.0700411748885,-69.50541743366864,-69.50541743366864
1468.0800411748887,-69.50871256403569,-69.50871256403569
1468.0900411748887,-69.51201537103643,-69.51201537103643
1468.1000411748887,-69.51532588556286,-69.51532588556286
1468.1100411748887,-69.51864413748962,-69.51864413748962
1468.1200411748887,-69.52197015572064,-69.52197015572064
1468.1300411748887,-69.52530396817005,-69.52530396817005
1468.1400411748887,-69.52864560179971,-69.52864560179971
1468.1500411748887,-69.53199508262811,-69.53199508262811
1468.1600411748886,-69.5353524357279,-69.5353524357279
1468.1700411748886,-69.53871768525943,-69.53871768525943
1468.1800411748886,-69.54209085448765,-69.54209085448765
1468.1900411748886,-69.54547196577056,-69.54547196577056
1468.2000411748886,-69.54886104060273,-69.54886104060273
1468.2100411748886,-69.55225809960781,-69.55225809960781
1468.2200411748886,-69.55566316256723,-69.55566316256723
1468.2300411748886,-69.5590762484058,-69.5590762484058
1468.2400411748886,-69.5624973752362,-69.5624973752362
1468.2500411748886,-69.56592656036254,-69.56592656036254
1468.2600411748886,-69.56936382028363,-69.56936382028363
1468.2700411748885,-69.57280917069706,-69.57280917069706
1468.2800411748885,-69.5762626265489,-69.5762626265489
1468.2900411748885,-69.57972420200295,-69.57972420200295
1468.3000411748885,-69.58319391047276,-69.58319391047276
1468.3100411748885,-69.58667176464014,-69.58667176464014
1468.3200411748885,-69.59015777645152,-69.59015777645152
1468.3300411748887,-69.5936519571421,-69.5936519571421
1468.3400411748887,-69.59715431722852,-69.59715431722852
1468.3500411748887,-69.60066486654698,-69.60066486654698
1468.3600411748887,-69.60418361423501,-69.60418361423501
1468.3700411748887,-69.6077105687689,-69.6077105687689
1468.3800411748887,-69.6112457379531,-69.6112457379531
1468.3900411748887,-69.61478912893608,-69.61478912893608
1468.4000411748887,-69.61834074823271,-69.61834074823271
1468.4100411748886,-69.62190060172469,-69.62190060172469
1468.4200411748886,-69.62546869466411,-69.62546869466411
1468.4300411748886,-69.62904503169598,-69.62904503169598
1468.4400411748886,-69.63262961686763,-69.63262961686763
1468.4500411748886,-69.63622245362328,-69.63622245362328
1468.4600411748886,-69.63982354483367,-69.63982354483367
1468.4700411748886,-69.64343289277947,-69.64343289277947
1468.4800411748886,-69.64705049919554,-69.64705049919554
1468.4900411748886,-69.650676365246,-69.650676365246
1468.5000411748886,-69.65431049156241,-69.65431049156241
1468.5100411748886,-69.65795287821958,-69.65795287821958
1468.5200411748885,-69.66160352477645,-69.66160352477645
1468.5300411748885,-69.66526243027431,-69.66526243027431
1468.5400411748885,-69.66892959323151,-69.66892959323151
1468.5500411748885,-69.67260501166983,-69.67260501166983
1468.5600411748885,-69.67628868311046,-69.67628868311046
1468.5700411748885,-69.67998060459074,-69.67998060459074
1468.5800411748887,-69.68368077266841,-69.68368077266841
1468.5900411748887,-69.68738918342659,-69.68738918342659
1468.6000411748887,-69.69110583248928,-69.69110583248928
1468.6100411748887,-69.69483071501254,-69.69483071501254
1468.6200411748887,-69.69856382572604,-69.69856382572604
1468.6300411748887,-69.70230515889995,-69.70230515889995
1468.6400411748887,-69.70605470837731,-69.70605470837731
1468.6500411748887,-69.70981246757566,-69.70981246757566
1468.6600411748886,-69.71357842948679,-69.71357842948679
1468.6700411748886,-69.717352586704,-69.717352586704
1468.6800411748886,-69.72113493139533,-69.72113493139533
1468.6900411748886,-69.72492545534351,-69.72492545534351
1468.7000411748886,-69.72872414994619,-69.72872414994619
1468.7100411748886,-69.73253100620252,-69.73253100620252
1468.7200411748886,-69.73634601474188,-69.73634601474188
1468.7300411748886,-69.74016916581746,-69.74016916581746
1468.7400411748886,-69.74400044931501,-69.74400044931501
1468.7500411748886,-69.74783985476873,-69.74783985476873
1468.7600411748886,-69.75168737135482,-69.75168737135482
1468.7700411748885,-69.75554298789345,-69.75554298789345
1468.7800411748885,-69.75940669289126,-69.75940669289126
1468.7900411748885,-69.76327847449026,-69.76327847449026
1468.8000411987305,-69.76715832975604,-69.76715832975604
1468.8100411987305,-69.77104622775626,-69.77104622775626
1468.8200411987305,-69.77494216485105,-69.77494216485105
1468.8300411987304,-69.77884612794244,-69.77884612794244
1468.8400411987304,-69.78275810357994,-69.78275810357994
1468.8500411987304,-69.78667807804177,-69.78667807804177
1468.8600411987304,-69.79060603728749,-69.79060603728749
1468.8700411987304,-69.79454196700185,-69.79454196700185
1468.8800411987304,-69.79848585258499,-69.79848585258499
1468.8900411987304,-69.80243767914321,-69.80243767914321
1468.9000411987304,-69.80639743152048,-69.80639743152048
1468.9100411987304,-69.81036509428645,-69.81036509428645
1468.9200411987304,-69.81434065174417,-69.81434065174417
1468.9300411987306,-69.81832408794138,-69.81832408794138
1468.9400411987306,-69.82231538666352,-69.82231538666352
1468.9500411987306,-69.82631453145439,-69.82631453145439
1468.9600411987306,-69.83032150560493,-69.83032150560493
1468.9700411987305,-69.83433629216404,-69.83433629216404
1468.9800411987305,-69.83835887395583,-69.83835887395583
1468.9900411987305,-69.84238923356496,-69.84238923356496
1469.0000411987305,-69.84642735334037,-69.84642735334037
1469.0100411987305,-69.85047321541452,-69.85047321541452
1469.0200411987305,-69.85452680170741,-69.85452680170741
1469.0300411987305,-69.85858809390479,-69.85858809390479
1469.0400411987305,-69.86265707350448,-69.86265707350448
1469.0500411987305,-69.8667337217793,-69.8667337217793
1469.0600411987305,-69.87081801980841,-69.87081801980841
1469.0700411987305,-69.8749099484781,-69.8749099484781
1469.0800411987304,-69.87900948846502,-69.87900948846502
1469.0900411987304,-69.88311662026108,-69.88311662026108
1469.1000411987304,-69.88723132417519,-69.88723132417519
1469.1100411987304,-69.89135358032615,-69.89135358032615
1469.1200411987304,-69.89548336866385,-69.89548336866385
1469.1300411987304,-69.89962066895038,-69.89962066895038
1469.1400411987304,-69.90376546077708,-69.90376546077708
1469.1500411987304,-69.90791772357152,-69.90791772357152
1469.1600411987304,-69.9120774365947,-69.9120774365947
1469.1700411987304,-69.91624457893904,-69.91624457893904
1469.1800411987306,-69.92041912954554,-69.92041912954554
1469.1900411987306,-69.92460106720563,-69.92460106720563
1469.2000411987306,-69.92879037054217,-69.92879037054217
1469.2100411987306,-69.93298092375966,-69.93298092375966
1469.2200411987305,-69.93717003745,-69.93717003745
1469.2300411987305,-69.9413563921487,-69.9413563921487
1469.2400411987305,-69.94553930264183,-69.94553930264183
1469.2500411987305,-69.94971843710269,-69.94971843710269
1469.2600411987305,-69.9538936711593,-69.9538936711593
1469.2700411987305,-69.95806500228342,-69.95806500228342
1469.2800411987305,-69.96223249838542,-69.96223249838542
1469.2900411987305,-69.96639626684063,-69.96639626684063
1469.3000411987305,-69.9705564359636,-69.9705564359636
1469.3100411987305,-69.97471314390202,-69.97471314390202
1469.3200411987305,-69.97886653217653,-69.97886653217653
1469.3300411987304,-69.98301674194623,-69.98301674194623
1469.3400411987304,-69.98716391197527,-69.98716391197527
1469.3500411987304,-69.99130817762996,-69.99130817762996
1469.3600411987304,-69.99544967047822,-69.99544967047822
1469.3700411987304,-69.99958851823428,-69.99958851823428
1469.3800411987304,-70.00372484490472,-70.00372484490472
1469.3900411987304,-70.00785877104205,-70.00785877104205
1469.4000411987304,-70.01199041402091,-70.01199041402091
1469.4100411987304,-70.01611988834183,-70.01611988834183
1469.4200411987304,-70.02024730589528,-70.02024730589528
1469.4300411987306,-70.02437277623866,-70.02437277623866
1469.4400411987306,-70.0284964067986,-70.0284964067986
1469.4500411987306,-70.0326183030976,-70.0326183030976
1469.4600411987306,-70.0367385689156,-70.0367385689156
1469.4700411987305,-70.04085730644977,-70.04085730644977
1469.4800411987305,-70.0449746164348,-70.0449746164348
1469.4900411987305,-70.04909059823852,-70.04909059823852
1469.5000411987305,-70.05320534997732,-70.05320534997732
1469.5100411987305,-70.05731896855771,-70.05731896855771
1469.5200411987305,-70.06143154977478,-70.06143154977478
1469.5300411987305,-70.0655431883154,-70.0655431883154
1469.5400411987305,-70.06965397783512,-70.06965397783512
1469.5500411987305,-70.07376401097451,-70.07376401097451
1469.5600411987305,-70.0778733793842,-70.0778733793842
1469.5700411987305,-70.08198217375494,-70.08198217375494
1469.5800411987304,-70.08609048379454,-70.08609048379454
1469.5900411987304,-70.09019839829337,-70.09019839829337
1469.6000411987304,-70.09430600509403,-70.09430600509403
1469.6100411987304,-70.09841339110693,-70.09841339110693
1469.6200411987304,-70.10252064229874,-70.10252064229874
1469.6300411987304,-70.10662784370717,-70.10662784370717
1469.6400411987304,-70.11073507945052,-70.11073507945052
1469.6500412225723,-70.11484244247491,-70.11484244247491
1469.6600412225723,-70.11894999547044,-70.11894999547044
1469.6700412225723,-70.12305782949612,-70.12305782949612
1469.6800412225723,-70.12716602490327,-70.12716602490327
1469.6900412225723,-70.13127466108669,-70.13127466108669
1469.7000412225723,-70.13538381648726,-70.13538381648726
1469.7100412225723,-70.13949356859968,-70.13949356859968
1469.7200412225723,-70.14360399393983,-70.14360399393983
1469.7300412225723,-70.14771516806404,-70.14771516806404
1469.7400412225722,-70.1518271655598,-70.1518271655598
1469.7500412225722,-70.15594006004622,-70.15594006004622
1469.7600412225722,-70.1600539241604,-70.1600539241604
1469.7700412225722,-70.16416882955536,-70.16416882955536
1469.7800412225724,-70.1682848469117,-70.1682848469117
1469.7900412225724,-70.17240204591691,-70.17240204591691
1469.8000412225724,-70.17652049529049,-70.17652049529049
1469.8100412225724,-70.18064026274806,-70.18064026274806
1469.8200412225724,-70.18476141502451,-70.18476141502451
1469.8300412225724,-70.18888401787314,-70.18888401787314
1469.8400412225724,-70.19300813605207,-70.19300813605207
1469.8500412225724,-70.19713383334157,-70.19713383334157
1469.8600412225724,-70.20126117253355,-70.20126117253355
1469.8700412225724,-70.20539021543362,-70.20539021543362
1469.8800412225723,-70.20952102287401,-70.20952102287401
1469.8900412225723,-70.21365365469177,-70.21365365469177
1469.9000412225723,-70.21778816976051,-70.21778816976051
1469.9100412225723,-70.22192462598177,-70.22192462598177
1469.9200412225723,-70.22606308026738,-70.22606308026738
1469.9300412225723,-70.23020358857718,-70.23020358857718
1469.9400412225723,-70.2343462059039,-70.2343462059039
1469.9500412225723,-70.23849098628531,-70.23849098628531
1469.9600412225723,-70.24263798280089,-70.24263798280089
1469.9700412225723,-70.24678724757558,-70.24678724757558
1469.9800412225723,-70.25093883179203,-70.25093883179203
1469.9900412225722,-70.25509278570209,-70.25509278570209
1470.0000412225722,-70.25924915861651,-70.25924915861651
1470.0100412225722,-70.2634079989164,-70.2634079989164
1470.0200412225722,-70.26756935406165,-70.26756935406165
1470.0300412225724,-70.2717332706047,-70.2717332706047
1470.0400412225724,-70.2758997941726,-70.2758997941726
1470.0500412225724,-70.28006896950463,-70.28006896950463
1470.0600412225724,-70.28424084044305,-70.28424084044305
1470.0700412225724,-70.28841544993415,-70.28841544993415
1470.0800412225724,-70.29259284005197,-70.29259284005197
1470.0900412225724,-70.29677305198736,-70.29677305198736
1470.1000412225724,-70.30095612607509,-70.30095612607509
1470.1100412225724,-70.30514210177054,-70.30514210177054
1470.1200412225724,-70.30933101770111,-70.30933101770111
1470.1300412225723,-70.31352291163854,-70.31352291163854
1470.1400412225723,-70.31771782052125,-70.31771782052125
1470.1500412225723,-70.32191578046425,-70.32191578046425
1470.1600412225723,-70.32611682675414,-70.32611682675414
1470.1700412225723,-70.3303209938689,-70.3303209938689
1470.1800412225723,-70.33452831548665,-70.33452831548665
1470.1900412225723,-70.33873882448718,-70.33873882448718
1470.2000412225723,-70.34295255296638,-70.34295255296638
1470.2100412225723,-70.34716953223152,-70.34716953223152
1470.2200412225723,-70.3513897928323,-70.3513897928323
1470.2300412225723,-70.35561336454633,-70.35561336454633
1470.2400412225722,-70.35984027640228,-70.35984027640228
1470.2500412225722,-70.36407055669304,-70.36407055669304
1470.2600412225722,-70.36830423295523,-70.36830423295523
1470.2700412225722,-70.37254133201446,-70.37254133201446
1470.2800412225724,-70.37678187996212,-70.37678187996212
1470.2900412225724,-70.38102590219083,-70.38102590219083
1470.3000412225724,-70.38527342338496,-70.38527342338496
1470.3100412225724,-70.38952446753946,-70.38952446753946
1470.3200412225724,-70.39377905795006,-70.39377905795006
1470.3300412225724,-70.39803721724894,-70.39803721724894
1470.3400412225724,-70.4022989673914,-70.4022989673914
1470.3500412225724,-70.40656432967602,-70.40656432967602
1470.3600412225724,-70.41083332474665,-70.41083332474665
1470.3700412225724,-70.41510597260145,-70.41510597260145
1470.3800412225723,-70.41938229260535,-70.41938229260535
1470.3900412225723,-70.42366230349612,-70.42366230349612
1470.4000412225723,-70.42794602338859,-70.42794602338859
1470.4100412225723,-70.43223346978844,-70.43223346978844
1470.4200412225723,-70.43652465959079,-70.43652465959079
1470.4300412225723,-70.44081960911114,-70.44081960911114
1470.4400412225723,-70.44511833406038,-70.44511833406038
1470.4500412225723,-70.4494208495822,-70.4494208495822
1470.4600412225723,-70.45372102857206,-70.45372102857206
1470.4700412225723,-70.458016195046,-70.458016195046
1470.4800412225723,-70.46230505265088,-70.46230505265088
1470.4900412225722,-70.4665869435618,-70.4665869435618
1470.5000412464142,-70.47086157574259,-70.47086157574259
1470.5100412464142,-70.4751288352402,-70.4751288352402
1470.5200412464142,-70.47938876112705,-70.47938876112705
1470.5300412464142,-70.48364145298224,-70.48364145298224
1470.5400412464141,-70.4878870499148,-70.4878870499148
1470.5500412464141,-70.49212571188176,-70.49212571188176
1470.5600412464141,-70.4963576085614,-70.4963576085614
1470.5700412464141,-70.50058291281282,-70.50058291281282
1470.580041246414,-70.50480179691809,-70.50480179691809
1470.590041246414,-70.50901443053502,-70.50901443053502
1470.600041246414,-70.5132209796743,-70.5132209796743
1470.610041246414,-70.51742160630558,-70.51742160630558
1470.620041246414,-70.52161646827798,-70.52161646827798
1470.6300412464143,-70.52580571948364,-70.52580571948364
1470.6400412464143,-70.52998951009448,-70.52998951009448
1470.6500412464143,-70.53416798683628,-70.53416798683628
1470.6600412464143,-70.53834129329192,-70.53834129329192
1470.6700412464143,-70.54250957016718,-70.54250957016718
1470.6800412464142,-70.5466729555741,-70.5466729555741
1470.6900412464142,-70.55083158521688,-70.55083158521688
1470.7000412464142,-70.55498559263768,-70.55498559263768
1470.7100412464142,-70.5591351093672,-70.5591351093672
1470.7200412464142,-70.56328026507735,-70.56328026507735
1470.7300412464142,-70.56742118771311,-70.56742118771311
1470.7400412464142,-70.57155800359793,-70.57155800359793
1470.7500412464142,-70.5756908375206,-70.5756908375206
1470.7600412464142,-70.57981981282312,-70.57981981282312
1470.7700412464142,-70.58394505143055,-70.58394505143055
1470.7800412464142,-70.58806667393927,-70.58806667393927
1470.7900412464141,-70.5921847996435,-70.5921847996435
1470.8000412464141,-70.59629954655327,-70.59629954655327
1470.8100412464141,-70.60041103143949,-70.60041103143949
1470.8200412464141,-70.60451936985496,-70.60451936985496
1470.830041246414,-70.60862467612633,-70.60862467612633
1470.840041246414,-70.61272706340316,-70.61272706340316
1470.850041246414,-70.61682664362726,-70.61682664362726
1470.860041246414,-70.62092352756527,-70.62092352756527
1470.870041246414,-70.62501782481256,-70.62501782481256
1470.8800412464143,-70.62910964377883,-70.62910964377883
1470.8900412464143,-70.63319909169566,-70.63319909169566
1470.9000412464143,-70.63728627463229,-70.63728627463229
1470.9100412464143,-70.64137129747152,-70.64137129747152
1470.9200412464143,-70.64545426392294,-70.64545426392294
1470.9300412464142,-70.64953527651511,-70.64953527651511
1470.9400412464142,-70.65361443659594,-70.65361443659594
1470.9500412464142,-70.65769184432408,-70.65769184432408
1470.9600412464142,-70.66176143895802,-70.66176143895802
1470.9700412464142,-70.66582062041091,-70.66582062041091
1470.9800412464142,-70.66986817163878,-70.66986817163878
1470.9900412464142,-70.67390351533729,-70.67390351533729
1471.0000412464142,-70.67792643021974,-70.67792643021974
1471.0100412464142,-70.68193690358666,-70.68193690358666
1471.0200412464142,-70.68593504492672,-70.68593504492672
1471.0300412464142,-70.68992103396558,-70.68992103396558
1471.0400412464141,-70.69389508946523,-70.69389508946523
1471.0500412464141,-70.69785745044261,-70.69785745044261
1471.0600412464141,-70.70180836500887,-70.70180836500887
1471.0700412464141,-70.70574808379986,-70.70574808379986
1471.080041246414,-70.70967685620664,-70.70967685620664
1471.090041246414,-70.71359492831525,-70.71359492831525
1471.100041246414,-70.71750254188746,-70.71750254188746
1471.110041246414,-70.72139993392689,-70.72139993392689
1471.120041246414,-70.7252873366147,-70.7252873366147
1471.1300412464143,-70.72916497745621,-70.72916497745621
1471.1400412464143,-70.73303307952018,-70.73303307952018
1471.1500412464143,-70.7368918617213,-70.7368918617213
1471.1600412464143,-70.74074153908953,-70.74074153908953
1471.1700412464143,-70.74458232306515,-70.74458232306515
1471.1800412464142,-70.74841442174942,-70.74841442174942
1471.1900412464142,-70.75223804012474,-70.75223804012474
1471.2000412464142,-70.75605338025852,-70.75605338025852
1471.2100412464142,-70.75986064148377,-70.75986064148377
1471.2200412464142,-70.7636600205445,-70.7636600205445
1471.2300412464142,-70.76745171171403,-70.76745171171403
1471.2400412464142,-70.77123590692024,-70.77123590692024
1471.2500412464142,-70.77501279581097,-70.77501279581097
1471.2600412464142,-70.77878256586722,-70.77878256586722
1471.2700412464142,-70.78254540241696,-70.78254540241696
1471.2800412464142,-70.78630148873292,-70.78630148873292
1471.2900412464141,-70.79005100604755,-70.79005100604755
1471.3000412464141,-70.7937941335999,-70.7937941335999
1471.3100412464141,-70.79753104865779,-70.79753104865779
1471.3200412464141,-70.80126192654751,-70.80126192654751
1471.330041246414,-70.80498694066576,-70.80498694066576
1471.340041246414,-70.80870626249472,-70.80870626249472
1471.350041270256,-70.81242007047308,-70.81242007047308
1471.360041270256,-70.81612851460036,-70.81612851460036
1471.370041270256,-70.81983176955151,-70.81983176955151
1471.380041270256,-70.8235299992583,-70.8235299992583
1471.390041270256,-70.82722336579523,-70.82722336579523
1471.400041270256,-70.83091202936782,-70.83091202936782
1471.410041270256,-70.83459614832246,-70.83459614832246
1471.420041270256,-70.83827587914317,-70.83827587914317
1471.430041270256,-70.84195137645649,-70.84195137645649
1471.440041270256,-70.8456227930405,-70.8456227930405
1471.450041270256,-70.8492902798155,-70.8492902798155
1471.460041270256,-70.85295398585924,-70.85295398585924
1471.470041270256,-70.8566140584083,-70.8566140584083
1471.4800412702562,-70.86027064286098,-70.86027064286098
1471.4900412702561,-70.86392388277595,-70.86392388277595
1471.5000412702561,-70.86757391987622,-70.86757391987622
1471.5100412702561,-70.87122089406562,-70.87122089406562
1471.5200412702561,-70.87486494341623,-70.87486494341623
1471.530041270256,-70.87850620419209,-70.87850620419209
1471.540041270256,-70.88214481084314,-70.88214481084314
1471.550041270256,-70.88578089601872,-70.88578089601872
1471.560041270256,-70.88941459056718,-70.88941459056718
1471.570041270256,-70.89304602354136,-70.89304602354136
1471.580041270256,-70.89667532222954,-70.89667532222954
1471.590041270256,-70.90030261212958,-70.90030261212958
1471.600041270256,-70.90392801698373,-70.90392801698373
1471.610041270256,-70.90755165877555,-70.90755165877555
1471.620041270256,-70.91117365773333,-70.91117365773333
1471.630041270256,-70.91479413236779,-70.91479413236779
1471.640041270256,-70.91841319944895,-70.91841319944895
1471.650041270256,-70.9220309740332,-70.9220309740332
1471.660041270256,-70.92564756947365,-70.92564756947365
1471.670041270256,-70.9292630974291,-70.9292630974291
1471.680041270256,-70.9328776678818,-70.9328776678818
1471.690041270256,-70.93649138912942,-70.93649138912942
1471.700041270256,-70.94010436782838,-70.94010436782838
1471.710041270256,-70.94371670898376,-70.94371670898376
1471.720041270256,-70.94732851597095,-70.94732851597095
1471.7300412702562,-70.95093989054575,-70.95093989054575
1471.7400412702561,-70.95455093284376,-70.95455093284376
1471.7500412702561,-70.95816174142709,-70.95816174142709
1471.7600412702561,-70.96177241327315,-70.96177241327315
1471.7700412702561,-70.96538304379004,-70.96538304379004
1471.780041270256,-70.9689642577514,-70.9689642577514
1471.790041270256,-70.97249939980662,-70.97249939980662
1471.800041270256,-70.97597914314527,-70.97597914314527
1471.810041270256,-70.97939769306299,-70.97939769306299
1471.820041270256,-70.98275110181484,-70.98275110181484
1471.830041270256,-70.98603650828898,-70.98603650828898
1471.840041270256,-70.98925177252458,-70.98925177252458
1471.850041270256,-70.99239528434126,-70.99239528434126
1471.860041270256,-70.99546585139164,-70.99546585139164
1471.870041270256,-70.99846262527653,-70.99846262527653
1471.880041270256,-71.00138504722736,-71.00138504722736
1471.890041270256,-71.00423280504334,-71.00423280504334
1471.900041270256,-71.00700579730409,-71.00700579730409
1471.910041270256,-71.00970410289689,-71.00970410289689
1471.920041270256,-71.01232795481592,-71.01232795481592
1471.930041270256,-71.01487771747682,-71.01487771747682
1471.940041270256,-71.01735386710698,-71.01735386710698
1471.950041270256,-71.01975697474784,-71.01975697474784
1471.960041270256,-71.0220876916027,-71.0220876916027
1471.970041270256,-71.02434673633903,-71.02434673633903
1471.9800412702562,-71.02653488416782,-71.02653488416782
1471.9900412702561,-71.02865295740732,-71.02865295740732
1472.0000412702561,-71.03070181737375,-71.03070181737375
1472.0100412702561,-71.03268235738099,-71.03268235738099
1472.0200412702561,-71.03459549670724,-71.03459549670724
1472.030041270256,-71.03644217543435,-71.03644217543435
1472.040041270256,-71.03822334993474,-71.03822334993474
1472.050041270256,-71.03993998908096,-71.03993998908096
1472.060041270256,-71.04159307090356,-71.04159307090356
1472.070041270256,-71.0431835797375,-71.0431835797375
1472.080041270256,-71.04471250380212,-71.04471250380212
1472.090041270256,-71.04618083306143,-71.04618083306143
1472.100041270256,-71.04758955743024,-71.04758955743024
1472.110041270256,-71.0489396651873,-71.0489396651873
1472.120041270256,-71.05023214167285,-71.05023214167285
1472.130041270256,-71.05146796811695,-71.05146796811695
1472.140041270256,-71.05264812066245,-71.05264812066245
1472.150041270256,-71.05377356951878,-71.05377356951878
1472.160041270256,-71.05484527826285,-71.05484527826285
1472.170041270256,-71.05586420320905,-71.05586420320905
1472.180041270256,-71.0568312929088,-71.0568312929088
1472.190041270256,-71.05774748770848,-71.05774748770848
1472.200041294098,-71.05861372142313,-71.05861372142313
1472.210041294098,-71.0594309127171,-71.0594309127171
1472.2200412940979,-71.06019997755905,-71.06019997755905
1472.2300412940979,-71.06092182040616,-71.06092182040616
1472.2400412940979,-71.06159733620193,-71.06159733620193
1472.2500412940979,-71.06222741027828,-71.06222741027828
1472.2600412940978,-71.06281291825884,-71.06281291825884
1472.2700412940978,-71.06335472596642,-71.06335472596642
1472.2800412940978,-71.06385368938355,-71.06385368938355
1472.2900412940978,-71.06431065463948,-71.06431065463948
1472.3000412940978,-71.06472645797751,-71.06472645797751
1472.3100412940978,-71.0651019257784,-71.0651019257784
1472.3200412940978,-71.06543787455935,-71.06543787455935
1472.330041294098,-71.06573511102319,-71.06573511102319
1472.340041294098,-71.06599443208404,-71.06599443208404
1472.350041294098,-71.06621662492142,-71.06621662492142
1472.360041294098,-71.06640246704197,-71.06640246704197
1472.370041294098,-71.066552726334,-71.066552726334
1472.380041294098,-71.06666816113687,-71.06666816113687
1472.390041294098,-71.06674952030765,-71.06674952030765
1472.400041294098,-71.06679754331368,-71.06679754331368
1472.410041294098,-71.06681296029835,-71.06681296029835
1472.420041294098,-71.0667964921629,-71.0667964921629
1472.430041294098,-71.06674885066563,-71.06674885066563
1472.440041294098,-71.06667073850227,-71.06667073850227
1472.450041294098,-71.0665628493758,-71.0665628493758
1472.460041294098,-71.0664196746909,-71.0664196746909
1472.4700412940979,-71.06623917749029,-71.06623917749029
1472.4800412940979,-71.06602070452398,-71.06602070452398
1472.4900412940979,-71.0657642389443,-71.0657642389443
1472.5000412940979,-71.0654701149853,-71.0654701149853
1472.5100412940978,-71.06513886970492,-71.06513886970492
1472.5200412940978,-71.06477115610527,-71.06477115610527
1472.5300412940978,-71.06436769095265,-71.06436769095265
1472.5400412940978,-71.06392922339164,-71.06392922339164
1472.5500412940978,-71.06345651618106,-71.06345651618106
1472.5600412940978,-71.06295033449503,-71.06295033449503
1472.5700412940978,-71.06241143941804,-71.06241143941804
1472.580041294098,-71.06184058420912,-71.06184058420912
1472.590041294098,-71.06123851232653,-71.06123851232653
1472.600041294098,-71.06060595645289,-71.06060595645289
1472.610041294098,-71.05994363815753,-71.05994363815753
1472.620041294098,-71.05925226791601,-71.05925226791601
1472.630041294098,-71.05853254531867,-71.05853254531867
1472.640041294098,-71.05778515940725,-71.05778515940725
1472.650041294098,-71.05701078900525,-71.05701078900525
1472.660041294098,-71.0562101031067,-71.0562101031067
1472.670041294098,-71.0553837612256,-71.0553837612256
1472.680041294098,-71.05453241372224,-71.05453241372224
1472.690041294098,-71.05365670210847,-71.05365670210847
1472.700041294098,-71.05275725930862,-71.05275725930862
1472.710041294098,-71.05183470992948,-71.05183470992948
1472.7200412940979,-71.0508896704611,-71.0508896704611
1472.7300412940979,-71.04992274948587,-71.04992274948587
1472.7400412940979,-71.04893454785453,-71.04893454785453
1472.7500412940979,-71.04792565883486,-71.04792565883486
1472.7600412940978,-71.04689666826346,-71.04689666826346
1472.7700412940978,-71.04584815466922,-71.04584815466922
1472.7800412940978,-71.04478068938715,-71.04478068938715
1472.7900412940978,-71.04369483667288,-71.04369483667288
1472.8000412940978,-71.04259115380094,-71.04259115380094
1472.8100412940978,-71.04147019113601,-71.04147019113601
1472.8200412940978,-71.04033249224176,-71.04033249224176
1472.830041294098,-71.03917859394163,-71.03917859394163
1472.840041294098,-71.03800902640506,-71.03800902640506
1472.850041294098,-71.03682431320887,-71.03682431320887
1472.860041294098,-71.03562497139208,-71.03562497139208
1472.870041294098,-71.03441151155779,-71.03441151155779
1472.880041294098,-71.03318443789685,-71.03318443789685
1472.890041294098,-71.03194424825355,-71.03194424825355
1472.900041294098,-71.03069143420244,-71.03069143420244
1472.910041294098,-71.0294264810947,-71.0294264810947
1472.920041294098,-71.02814986810833,-71.02814986810833
1472.930041294098,-71.0268620683128,-71.0268620683128
1472.940041294098,-71.02556354870705,-71.02556354870705
1472.950041294098,-71.02425477028422,-71.02425477028422
1472.960041294098,-71.02292999987442,-71.02292999987442
1472.9700412940979,-71.02158697592634,-71.02158697592634
1472.9800412940979,-71.020224822619,-71.020224822619
1472.9900412940979,-71.0188433031031,-71.0188433031031
1473.0000412940979,-71.0174425342837,-71.0174425342837
1473.0100412940978,-71.01602283860878,-71.01602283860878
1473.0200412940978,-71.01458465712835,-71.01458465712835
1473.0300412940978,-71.01312849727326,-71.01312849727326
1473.0400412940978,-71.01165490146371,-71.01165490146371
1473.0500413179398,-71.01016442471342,-71.01016442471342
1473.0600413179397,-71.00865763756175,-71.00865763756175
1473.0700413179397,-71.007135098361,-71.007135098361
1473.0800413179397,-71.00559736354431,-71.00559736354431
1473.0900413179397,-71.00404498211039,-71.00404498211039
1473.1000413179397,-71.00247849460214,-71.00247849460214
1473.1100413179397,-71.00089843274338,-71.00089843274338
1473.1200413179397,-70.99930531943215,-70.99930531943215
1473.1300413179397,-70.99769966888341,-70.99769966888341
1473.1400413179397,-70.9960819869349,-70.9960819869349
1473.1500413179397,-70.99445277136061,-70.99445277136061
1473.1600413179397,-70.99281251222389,-70.99281251222389
1473.1700413179396,-70.99116169216812,-70.99116169216812
1473.1800413179399,-70.98950078672824,-70.98950078672824
1473.1900413179399,-70.9878302646043,-70.9878302646043
1473.2000413179398,-70.98615058790361,-70.98615058790361
1473.2100413179398,-70.98446221235758,-70.98446221235758
1473.2200413179398,-70.98276558750084,-70.98276558750084
1473.2300413179398,-70.98106115685114,-70.98106115685114
1473.2400413179398,-70.9793493580684,-70.9793493580684
1473.2500413179398,-70.97763062306471,-70.97763062306471
1473.2600413179398,-70.9759053781266,-70.9759053781266
1473.2700413179398,-70.9741740440135,-70.9741740440135
1473.2800413179398,-70.97243703606325,-70.97243703606325
1473.2900413179398,-70.9706947642548,-70.9706947642548
1473.3000413179398,-70.96894763329982,-70.96894763329982
1473.3100413179397,-70.96719604269101,-70.96719604269101
1473.3200413179397,-70.96544038676656,-70.96544038676656
1473.3300413179397,-70.9636810547818,-70.9636810547818
1473.3400413179397,-70.9619184309409,-70.9619184309409
1473.3500413179397,-70.96015289445087,-70.96015289445087
1473.3600413179397,-70.95838481956282,-70.95838481956282
1473.3700413179397,-70.95661457563821,-70.95661457563821
1473.3800413179397,-70.95484252715613,-70.95484252715613
1473.3900413179397,-70.9530690337718,-70.9530690337718
1473.4000413179397,-70.95129445035506,-70.95129445035506
1473.4100413179397,-70.9495191270196,-70.9495191270196
1473.4200413179396,-70.9477434091691,-70.9477434091691
1473.4300413179399,-70.94596763752403,-70.94596763752403
1473.4400413179399,-70.94419214817727,-70.94419214817727
1473.4500413179398,-70.94241727259407,-70.94241727259407
1473.4600413179398,-70.94064333768058,-70.94064333768058
1473.4700413179398,-70.93887066579741,-70.93887066579741
1473.4800413179398,-70.93709957481303,-70.93709957481303
1473.4900413179398,-70.93533037811092,-70.93533037811092
1473.5000413179398,-70.93356338466921,-70.93356338466921
1473.5100413179398,-70.93179889905066,-70.93179889905066
1473.5200413179398,-70.93003722145644,-70.93003722145644
1473.5300413179398,-70.92827864776793,-70.92827864776793
1473.5400413179398,-70.92652346957931,-70.92652346957931
1473.5500413179398,-70.92477197422309,-70.92477197422309
1473.5600413179397,-70.92302444481184,-70.92302444481184
1473.5700413179397,-70.92128116028645,-70.92128116028645
1473.5800413179397,-70.9195423954239,-70.9195423954239
1473.5900413179397,-70.91780842090475,-70.91780842090475
1473.6000413179397,-70.91607950333083,-70.91607950333083
1473.6100413179397,-70.91435590526311,-70.91435590526311
1473.6200413179397,-70.91263788526707,-70.91263788526707
1473.6300413179397,-70.9109256979456,-70.9109256979456
1473.6400413179397,-70.90921959396313,-70.90921959396313
1473.6500413179397,-70.90751982010767,-70.90751982010767
1473.6600413179397,-70.90582661930765,-70.90582661930765
1473.6700413179396,-70.90414023068212,-70.90414023068212
1473.6800413179399,-70.9024608895505,-70.9024608895505
1473.6900413179399,-70.9007888275214,-70.9007888275214
1473.7000413179398,-70.8991242724708,-70.8991242724708
1473.7100413179398,-70.89746744862283,-70.89746744862283
1473.7200413179398,-70.89581857657133,-70.89581857657133
1473.7300413179398,-70.89417787330619,-70.89417787330619
1473.7400413179398,-70.89254555227032,-70.89254555227032
1473.7500413179398,-70.89092182338787,-70.89092182338787
1473.7600413179398,-70.88930689310281,-70.88930689310281
1473.7700413179398,-70.88770096440118,-70.88770096440118
1473.7800413179398,-70.88610423687348,-70.88610423687348
1473.7900413179398,-70.88451690673435,-70.88451690673435
1473.8000413179398,-70.88293916685645,-70.88293916685645
1473.8100413179397,-70.88137120682313,-70.88137120682313
1473.8200413179397,-70.87981321295214,-70.87981321295214
1473.8300413179397,-70.87826536833526,-70.87826536833526
1473.8400413179397,-70.87672785286989,-70.87672785286989
1473.8500413179397,-70.87520084330197,-70.87520084330197
1473.8600413179397,-70.87368451325938,-70.87368451325938
1473.8700413179397,-70.87217903328529,-70.87217903328529
1473.8800413179397,-70.87068457087102,-70.87068457087102
1473.8900413179397,-70.86920129050434,-70.86920129050434
1473.9000413417816,-70.86772935017386,-70.86772935017386
1473.9100413417816,-70.86626891549828,-70.86626891549828
1473.9200413417816,-70.86482013857659,-70.86482013857659
1473.9300413417816,-70.86338317217638,-70.86338317217638
1473.9400413417816,-70.8619581662442,-70.8619581662442
1473.9500413417816,-70.86054526790555,-70.86054526790555
1473.9600413417816,-70.85914462151814,-70.85914462151814
1473.9700413417816,-70.85775636869158,-70.85775636869158
1473.9800413417815,-70.85638064832743,-70.85638064832743
1473.9900413417815,-70.85501759665881,-70.85501759665881
1474.0000413417815,-70.85366734728099,-70.85366734728099
1474.0100413417815,-70.85233003116562,-70.85233003116562
1474.0200413417815,-70.85100577671783,-70.85100577671783
1474.0300413417817,-70.84969470979075,-70.84969470979075
1474.0400413417817,-70.84839695372864,-70.84839695372864
1474.0500413417817,-70.84711262938276,-70.84711262938276
1474.0600413417817,-70.84584185515816,-70.84584185515816
1474.0700413417817,-70.84458474704681,-70.84458474704681
1474.0800413417817,-70.84334141863435,-70.84334141863435
1474.0900413417817,-70.84211198114879,-70.84211198114879
1474.1000413417817,-70.84089654349262,-70.84089654349262
1474.1100413417817,-70.83969521225403,-70.83969521225403
1474.1200413417816,-70.83850809176845,-70.83850809176845
1474.1300413417816,-70.8373352841128,-70.8373352841128
1474.1400413417816,-70.83617688915626,-70.83617688915626
1474.1500413417816,-70.83503300457285,-70.83503300457285
1474.1600413417816,-70.8339037258821,-70.8339037258821
1474.1700413417816,-70.83278914647788,-70.83278914647788
1474.1800413417816,-70.83168935764138,-70.83168935764138
1474.1900413417816,-70.83060444859287,-70.83060444859287
1474.2000413417816,-70.82953450648985,-70.82953450648985
1474.2100413417816,-70.8284796164792,-70.8284796164792
1474.2200413417816,-70.82743986169882,-70.82743986169882
1474.2300413417815,-70.8264153233262,-70.8264153233262
1474.2400413417815,-70.82540608059429,-70.82540608059429
1474.2500413417815,-70.8244122108277,-70.8244122108277
1474.2600413417815,-70.82343378943825,-70.82343378943825
1474.2700413417815,-70.82247088998962,-70.82247088998962
1474.2800413417817,-70.82152358419414,-70.82152358419414
1474.2900413417817,-70.82059194194666,-70.82059194194666
1474.3000413417817,-70.81967603134959,-70.81967603134959
1474.3100413417817,-70.81877591873331,-70.81877591873331
1474.3200413417817,-70.81789166868971,-70.81789166868971
1474.3300413417817,-70.81702334408278,-70.81702334408278
1474.3400413417817,-70.81617100607365,-70.81617100607365
1474.3500413417817,-70.81533471415041,-70.81533471415041
1474.3600413417817,-70.81451452614974,-70.81451452614974
1474.3700413417816,-70.81371049827546,-70.81371049827546
1474.3800413417816,-70.81292268512561,-70.81292268512561
1474.3900413417816,-70.81215113970276,-70.81215113970276
1474.4000413417816,-70.81139591345783,-70.81139591345783
1474.4100413417816,-70.81065705627928,-70.81065705627928
1474.4200413417816,-70.80993461654404,-70.80993461654404
1474.4300413417816,-70.80922864113217,-70.80922864113217
1474.4400413417816,-70.80853917543165,-70.80853917543165
1474.4500413417816,-70.80786626337222,-70.80786626337222
1474.4600413417816,-70.80720994744094,-70.80720994744094
1474.4700413417816,-70.80657026870716,-70.80657026870716
1474.4800413417815,-70.80594726684365,-70.80594726684365
1474.4900413417815,-70.80534098013264,-70.80534098013264
1474.5000413417815,-70.80475144550232,-70.80475144550232
1474.5100413417815,-70.80417869852454,-70.80417869852454
1474.5200413417815,-70.80362277345925,-70.80362277345925
1474.5300413417817,-70.80308370326044,-70.80308370326044
1474.5400413417817,-70.80256151957651,-70.80256151957651
1474.5500413417817,-70.80205625280583,-70.80205625280583
1474.5600413417817,-70.80156793208218,-70.80156793208218
1474.5700413417817,-70.80109658531428,-70.80109658531428
1474.5800413417817,-70.80064223918774,-70.80064223918774
1474.5900413417817,-70.80020491919296,-70.80020491919296
1474.6000413417817,-70.79978464962966,-70.79978464962966
1474.6100413417817,-70.79938145363691,-70.79938145363691
1474.6200413417816,-70.79899535320288,-70.79899535320288
1474.6300413417816,-70.79862636918988,-70.79862636918988
1474.6400413417816,-70.7982745213317,-70.7982745213317
1474.6500413417816,-70.79793982827127,-70.79793982827127
1474.6600413417816,-70.79762230755625,-70.79762230755625
1474.6700413417816,-70.79732197567522,-70.79732197567522
1474.6800413417816,-70.79703884805525,-70.79703884805525
1474.6900413417816,-70.79677293909113,-70.79677293909113
1474.7000413417816,-70.7965242621439,-70.7965242621439
1474.7100413417816,-70.79629282957029,-70.79629282957029
1474.7200413417816,-70.7960786527434,-70.7960786527434
1474.7300413417815,-70.79588174203826,-70.79588174203826
1474.7400413417815,-70.79570210687388,-70.79570210687388
1474.7500413656235,-70.7955397553336,-70.7955397553336
1474.7600413656235,-70.79539469576973,-70.79539469576973
1474.7700413656235,-70.79526693433435,-70.79526693433435
1474.7800413656234,-70.79515647673352,-70.79515647673352
1474.7900413656234,-70.79506332775954,-70.79506332775954
1474.8000413656234,-70.79498749132763,-70.79498749132763
1474.8100413656234,-70.79492897047683,-70.79492897047683
1474.8200413656234,-70.79488776739363,-70.79488776739363
1474.8300413656234,-70.79486388341498,-70.79486388341498
1474.8400413656234,-70.79485731904833,-70.79485731904833
1474.8500413656234,-70.79486807397541,-70.79486807397541
1474.8600413656234,-70.79489614708022,-70.79489614708022
1474.8700413656234,-70.79494153643856,-70.79494153643856
1474.8800413656236,-70.79500423935237,-70.79500423935237
1474.8900413656236,-70.79508425234408,-70.79508425234408
1474.9000413656236,-70.79518157118399,-70.79518157118399
1474.9100413656236,-70.79529619088551,-70.79529619088551
1474.9200413656235,-70.79542810572705,-70.79542810572705
1474.9300413656235,-70.79557730925431,-70.79557730925431
1474.9400413656235,-70.79574379431277,-70.79574379431277
1474.9500413656235,-70.79592755302873,-70.79592755302873
1474.9600413656235,-70.79612857684187,-70.79612857684187
1474.9700413656235,-70.79634685650652,-70.79634685650652
1474.9800413656235,-70.79658238210281,-70.79658238210281
1474.9900413656235,-70.79683514305088,-70.79683514305088
1475.0000413656235,-70.79710512811903,-70.79710512811903
1475.0100413656235,-70.79739232543052,-70.79739232543052
1475.0200413656235,-70.79769672248666,-70.79769672248666
1475.0300413656234,-70.79801830615357,-70.79801830615357
1475.0400413656234,-70.7983570626868,-70.7983570626868
1475.0500413656234,-70.79871297774501,-70.79871297774501
1475.0600413656234,-70.79908603639622,-70.79908603639622
1475.0700413656234,-70.79947622311109,-70.79947622311109
1475.0800413656234,-70.7998835217933,-70.7998835217933
1475.0900413656234,-70.80030791578866,-70.80030791578866
1475.1000413656234,-70.80074938787523,-70.80074938787523
1475.1100413656234,-70.80120792027857,-70.80120792027857
1475.1200413656234,-70.80168349469972,-70.80168349469972
1475.1300413656236,-70.80217609230166,-70.80217609230166
1475.1400413656236,-70.80268569372453,-70.80268569372453
1475.1500413656236,-70.80321227909667,-70.80321227909667
1475.1600413656236,-70.80375582804588,-70.80375582804588
1475.1700413656235,-70.80431631968956,-70.80431631968956
1475.1800413656235,-70.80489373267697,-70.80489373267697
1475.1900413656235,-70.80548804516124,-70.80548804516124
1475.2000413656235,-70.80609923481809,-70.80609923481809
1475.2100413656235,-70.80672727887135,-70.80672727887135
1475.2200413656235,-70.8073721540862,-70.8073721540862
1475.2300413656235,-70.80803383676677,-70.80803383676677
1475.2400413656235,-70.80871230278426,-70.80871230278426
1475.2500413656235,-70.80940752756902,-70.80940752756902
1475.2600413656235,-70.81011948613838,-70.81011948613838
1475.2700413656235,-70.81084815306941,-70.81084815306941
1475.2800413656234,-70.81159350253691,-70.81159350253691
1475.2900413656234,-70.81235550830763,-70.81235550830763
1475.3000413656234,-70.81313414374567,-70.81313414374567
1475.3100413656234,-70.81392938182424,-70.81392938182424
1475.3200413656234,-70.81474119513312,-70.81474119513312
1475.3300413656234,-70.81556955588908,-70.81556955588908
1475.3400413656234,-70.81641443591909,-70.81641443591909
1475.3500413656234,-70.81727580669752,-70.81727580669752
1475.3600413656234,-70.81815363933805,-70.81815363933805
1475.3700413656234,-70.819047904596,-70.819047904596
1475.3800413656236,-70.81995857288912,-70.81995857288912
1475.3900413656236,-70.82088561428381,-70.82088561428381
1475.4000413656236,-70.82182899851256,-70.82182899851256
1475.4100413656236,-70.82278869498582,-70.82278869498582
1475.4200413656235,-70.82376467278638,-70.82376467278638
1475.4300413656235,-70.82475690068706,-70.82475690068706
1475.4400413656235,-70.82576534713849,-70.82576534713849
1475.4500413656235,-70.82678998029196,-70.82678998029196
1475.4600413656235,-70.82783076800608,-70.82783076800608
1475.4700413656235,-70.82888767783099,-70.82888767783099
1475.4800413656235,-70.82996067703276,-70.82996067703276
1475.4900413656235,-70.83104973260758,-70.83104973260758
1475.5000413656235,-70.83215481124944,-70.83215481124944
1475.5100413656235,-70.83327587940026,-70.83327587940026
1475.5200413656235,-70.83441290322345,-70.83441290322345
1475.5300413656234,-70.83556584862889,-70.83556584862889
1475.5400413656234,-70.83673468126598,-70.83673468126598
1475.5500413656234,-70.83791936652057,-70.83791936652057
1475.5600413656234,-70.8391198695546,-70.8391198695546
1475.5700413656234,-70.84033615526243,-70.84033615526243
1475.5800413656234,-70.8415681883149,-70.8415681883149
1475.5900413656234,-70.84281593315137,-70.84281593315137
1475.6000413894653,-70.84407935698309,-70.84407935698309
1475.6100413894653,-70.84535841783598,-70.84535841783598
1475.6200413894653,-70.84665308241584,-70.84665308241584
1475.6300413894653,-70.84796331428419,-70.84796331428419
1475.6400413894653,-70.84928907677863,-70.84928907677863
1475.6500413894653,-70.85063033303216,-70.85063033303216
1475.6600413894653,-70.85198704598716,-70.85198704598716
1475.6700413894653,-70.85335917837725,-70.85335917837725
1475.6800413894653,-70.85474669274863,-70.85474669274863
1475.6900413894653,-70.85614955145593,-70.85614955145593
1475.7000413894652,-70.85756771667756,-70.85756771667756
1475.7100413894652,-70.85900115039661,-70.85900115039661
1475.7200413894652,-70.8604498144278,-70.8604498144278
1475.7300413894654,-70.86191367042113,-70.86191367042113
1475.7400413894654,-70.86339267985026,-70.86339267985026
1475.7500413894654,-70.86488680401655,-70.86488680401655
1475.7600413894654,-70.86639600407311,-70.86639600407311
1475.7700413894654,-70.86792024101825,-70.86792024101825
1475.7800413894654,-70.86945947568721,-70.86945947568721
1475.7900413894654,-70.87101366876628,-70.87101366876628
1475.8000413894654,-70.87258278080472,-70.87258278080472
1475.8100413894654,-70.87416677219696,-70.87416677219696
1475.8200413894654,-70.87576560320868,-70.87576560320868
1475.8300413894654,-70.8773792339666,-70.8773792339666
1475.8400413894653,-70.87900762446154,-70.87900762446154
1475.8500413894653,-70.88065073456345,-70.88065073456345
1475.8600413894653,-70.8823085240092,-70.8823085240092
1475.8700413894653,-70.88398095242039,-70.88398095242039
1475.8800413894653,-70.8856679792979,-70.8856679792979
1475.8900413894653,-70.8873695640214,-70.8873695640214
1475.9000413894653,-70.88908566586078,-70.88908566586078
1475.9100413894653,-70.89081624398987,-70.89081624398987
1475.9200413894653,-70.89256125745233,-70.89256125745233
1475.9300413894653,-70.89432066521016,-70.89432066521016
1475.9400413894653,-70.89609442611159,-70.89609442611159
1475.9500413894652,-70.89788249891411,-70.89788249891411
1475.9600413894652,-70.89968484227816,-70.89968484227816
1475.9700413894652,-70.9015014147758,-70.9015014147758
1475.9800413894654,-70.90333217488975,-70.90333217488975
1475.9900413894654,-70.90517708101609,-70.90517708101609
1476.0000413894654,-70.90703609146232,-70.90703609146232
1476.0100413894654,-70.9089091644663,-70.9089091644663
1476.0200413894654,-70.91079625818753,-70.91079625818753
1476.0300413894654,-70.91269733069628,-70.91269733069628
1476.0400413894654,-70.9146123400064,-70.9146123400064
1476.0500413894654,-70.91654124405795,-70.91654124405795
1476.0600413894654,-70.91848400071812,-70.91848400071812
1476.0700413894654,-70.92044056779676,-70.92044056779676
1476.0800413894654,-70.9224109030373,-70.9224109030373
1476.0900413894653,-70.92439496412577,-70.92439496412577
1476.1000413894653,-70.92639270869364,-70.92639270869364
1476.1100413894653,-70.92840409430643,-70.92840409430643
1476.1200413894653,-70.9304290784885,-70.9304290784885
1476.1300413894653,-70.93246761870837,-70.93246761870837
1476.1400413894653,-70.93451967239501,-70.93451967239501
1476.1500413894653,-70.93658519692293,-70.93658519692293
1476.1600413894653,-70.93866414962127,-70.93866414962127
1476.1700413894653,-70.94075648779243,-70.94075648779243
1476.1800413894653,-70.9428621686799,-70.9428621686799
1476.1900413894653,-70.94498114950655,-70.94498114950655
1476.2000413894652,-70.9471133874518,-70.9471133874518
1476.2100413894652,-70.94925883966926,-70.94925883966926
1476.2200413894652,-70.9514174632735,-70.9514174632735
1476.2300413894654,-70.95358921535525,-70.95358921535525
1476.2400413894654,-70.95577405298141,-70.95577405298141
1476.2500413894654,-70.95797193318975,-70.95797193318975
1476.2600413894654,-70.96018281299044,-70.96018281299044
1476.2700413894654,-70.96240664938968,-70.96240664938968
1476.2800413894654,-70.96464339936091,-70.96464339936091
1476.2900413894654,-70.96689301986423,-70.96689301986423
1476.3000413894654,-70.96915546784648,-70.96915546784648
1476.3100413894654,-70.97143070023537,-70.97143070023537
1476.3200413894654,-70.97371867395479,-70.97371867395479
1476.3300413894654,-70.97601934590887,-70.97601934590887
1476.3400413894653,-70.97833267300585,-70.97833267300585
1476.3500413894653,-70.98065861214313,-70.98065861214313
1476.3600413894653,-70.98299712020896,-70.98299712020896
1476.3700413894653,-70.9853481540963,-70.9853481540963
1476.3800413894653,-70.9877116706836,-70.9877116706836
1476.3900413894653,-70.99008762686952,-70.99008762686952
1476.4000413894653,-70.9924759795371,-70.9924759795371
1476.4100413894653,-70.99487668558221,-70.99487668558221
1476.4200413894653,-70.997289701902,-70.997289701902
1476.4300413894653,-70.99971498540077,-70.99971498540077
1476.4400413894653,-71.00215249298782,-71.00215249298782
1476.4500414133072,-71.00460218742886,-71.00460218742886
1476.4600414133072,-71.00706401402638,-71.00706401402638
1476.4700414133072,-71.00953793551433,-71.00953793551433
1476.4800414133072,-71.01202390885521,-71.01202390885521
1476.4900414133072,-71.01452189102092,-71.01452189102092
1476.5000414133071,-71.01703183900943,-71.01703183900943
1476.5100414133071,-71.01955370983045,-71.01955370983045
1476.5200414133071,-71.02208746051387,-71.02208746051387
1476.5300414133071,-71.02463304811114,-71.02463304811114
1476.540041413307,-71.0271904296927,-71.0271904296927
1476.550041413307,-71.02975956235827,-71.02975956235827
1476.560041413307,-71.0323404032208,-71.0323404032208
1476.570041413307,-71.03493290943143,-71.03493290943143
1476.5800414133073,-71.03753703816545,-71.03753703816545
1476.5900414133073,-71.04015274662389,-71.04015274662389
1476.6000414133073,-71.04277999204375,-71.04277999204375
1476.6100414133073,-71.04541873167553,-71.04541873167553
1476.6200414133073,-71.04806892281944,-71.04806892281944
1476.6300414133073,-71.05073052279958,-71.05073052279958
1476.6400414133072,-71.05340348898049,-71.05340348898049
1476.6500414133072,-71.05608777875686,-71.05608777875686
1476.6600414133072,-71.05878334956299,-71.05878334956299
1476.6700414133072,-71.06149015886794,-71.06149015886794
1476.6800414133072,-71.06420816417861,-71.06420816417861
1476.6900414133072,-71.06693732304929,-71.06693732304929
1476.7000414133072,-71.0696775930581,-71.0696775930581
1476.7100414133072,-71.07242893184718,-71.07242893184718
1476.7200414133072,-71.07519129708169,-71.07519129708169
1476.7300414133072,-71.07796464647635,-71.07796464647635
1476.7400414133072,-71.08074893780126,-71.08074893780126
1476.7500414133071,-71.08354412884843,-71.08354412884843
1476.7600414133071,-71.0863501774847,-71.0863501774847
1476.7700414133071,-71.08916704160295,-71.08916704160295
1476.7800414133071,-71.09199467914817,-71.09199467914817
1476.790041413307,-71.09483304812618,-71.09483304812618
1476.800041413307,-71.09768210657838,-71.09768210657838
1476.810041413307,-71.10054181260848,-71.10054181260848
1476.820041413307,-71.10341212435664,-71.10341212435664
1476.8300414133073,-71.10629300003076,-71.10629300003076
1476.8400414133073,-71.10918439789086,-71.10918439789086
1476.8500414133073,-71.11208627624218,-71.11208627624218
1476.8600414133073,-71.11499859345061,-71.11499859345061
1476.8700414133073,-71.11792130793519,-71.11792130793519
1476.8800414133073,-71.12085437817439,-71.12085437817439
1476.8900414133072,-71.12379776270652,-71.12379776270652
1476.9000414133072,-71.1267514201177,-71.1267514201177
1476.9100414133072,-71.12971530906174,-71.12971530906174
1476.9200414133072,-71.13268938824861,-71.13268938824861
1476.9300414133072,-71.13567361645057,-71.13567361645057
1476.9400414133072,-71.13866795250503,-71.13866795250503
1476.9500414133072,-71.14167235529898,-71.14167235529898
1476.9600414133072,-71.14468678379056,-71.14468678379056
1476.9700414133072,-71.1477111969955,-71.1477111969955
1476.9800414133072,-71.1507455540054,-71.1507455540054
1476.9900414133072,-71.15378981395716,-71.15378981395716
1477.0000414133071,-71.15684393606469,-71.15684393606469
1477.0100414133071,-71.1599078796082,-71.1599078796082
1477.0200414133071,-71.1629816039275,-71.1629816039275
1477.0300414133071,-71.16606506843829,-71.16606506843829
1477.040041413307,-71.16915823261483,-71.16915823261483
1477.050041413307,-71.17226105599516,-71.17226105599516
1477.060041413307,-71.1753734981994,-71.1753734981994
1477.070041413307,-71.17849551891274,-71.17849551891274
1477.0800414133073,-71.18162707788116,-71.18162707788116
1477.0900414133073,-71.18476813493216,-71.18476813493216
1477.1000414133073,-71.18791864995664,-71.18791864995664
1477.1100414133073,-71.1910785829174,-71.1910785829174
1477.1200414133073,-71.19424789385376,-71.19424789385376
1477.1300414133073,-71.19742654286046,-71.19742654286046
1477.1400414133072,-71.20061449013448,-71.20061449013448
1477.1500414133072,-71.2038116959217,-71.2038116959217
1477.1600414133072,-71.20701812055056,-71.20701812055056
1477.1700414133072,-71.21023372442585,-71.21023372442585
1477.1800414133072,-71.21345846801297,-71.21345846801297
1477.1900414133072,-71.21669231186988,-71.21669231186988
1477.2000414133072,-71.21993521661598,-71.21993521661598
1477.2100414133072,-71.22318092953391,-71.22318092953391
1477.2200414133072,-71.22642668502066,-71.22642668502066
1477.2300414133072,-71.22967111267646,-71.22967111267646
1477.2400414133072,-71.23291348844198,-71.23291348844198
1477.2500414133071,-71.23615344866039,-71.23615344866039
1477.2600414133071,-71.23939084153655,-71.23939084153655
1477.2700414133071,-71.24262564008582,-71.24262564008582
1477.2800414133071,-71.24585788977521,-71.24585788977521
1477.290041413307,-71.2490876770821,-71.2490876770821
1477.300041437149,-71.2523151182714,-71.2523151182714
1477.310041437149,-71.25554031736527,-71.25554031736527
1477.320041437149,-71.25876340564332,-71.25876340564332
1477.330041437149,-71.26198450706225,-71.26198450706225
1477.340041437149,-71.2652037438612,-71.2652037438612
1477.350041437149,-71.26842123547156,-71.26842123547156
1477.360041437149,-71.27163709807574,-71.27163709807574
1477.370041437149,-71.27485144454675,-71.27485144454675
1477.380041437149,-71.27806438453378,-71.27806438453378
1477.390041437149,-71.28127602470096,-71.28127602470096
1477.400041437149,-71.28448646896612,-71.28448646896612
1477.410041437149,-71.28769581880474,-71.28769581880474
1477.420041437149,-71.29090417348598,-71.29090417348598
1477.4300414371492,-71.29411163029708,-71.29411163029708
1477.4400414371491,-71.29731828479616,-71.29731828479616
1477.4500414371491,-71.300524230971,-71.300524230971
1477.4600414371491,-71.30372956139898,-71.30372956139898
1477.4700414371491,-71.30693436739436,-71.30693436739436
1477.480041437149,-71.3101387391021,-71.3101387391021
1477.490041437149,-71.31334276561725,-71.31334276561725
1477.500041437149,-71.31654653503664,-71.31654653503664
1477.510041437149,-71.31975013454426,-71.31975013454426
1477.520041437149,-71.32295365045088,-71.32295365045088
1477.530041437149,-71.32615716821925,-71.32615716821925
1477.540041437149,-71.32936077251482,-71.32936077251482
1477.550041437149,-71.33256454722509,-71.33256454722509
1477.560041437149,-71.3357685754728,-71.3357685754728
1477.570041437149,-71.33897293961037,-71.33897293961037
1477.580041437149,-71.34217772125818,-71.34217772125818
1477.590041437149,-71.34538300127758,-71.34538300127758
1477.600041437149,-71.34858885979753,-71.34858885979753
1477.610041437149,-71.35179537618484,-71.35179537618484
1477.620041437149,-71.35500262906655,-71.35500262906655
1477.630041437149,-71.35821069629515,-71.35821069629515
1477.640041437149,-71.36141965497313,-71.36141965497313
1477.650041437149,-71.36462958142076,-71.36462958142076
1477.660041437149,-71.36784055118028,-71.36784055118028
1477.670041437149,-71.37105263900908,-71.37105263900908
1477.6800414371492,-71.37426591885624,-71.37426591885624
1477.6900414371491,-71.3774804638721,-71.3774804638721
1477.7000414371491,-71.38069634638506,-71.38069634638506
1477.7100414371491,-71.38390741083552,-71.38390741083552
1477.7200414371491,-71.3871109959278,-71.3871109959278
1477.730041437149,-71.39030583773572,-71.39030583773572
1477.740041437149,-71.39349131914801,-71.39349131914801
1477.750041437149,-71.39666718327545,-71.39666718327545
1477.760041437149,-71.39983338460912,-71.39983338460912
1477.770041437149,-71.40299000176132,-71.40299000176132
1477.780041437149,-71.40613718503126,-71.40613718503126
1477.790041437149,-71.40927512487535,-71.40927512487535
1477.800041437149,-71.41240403294687,-71.41240403294687
1477.810041437149,-71.41552413082596,-71.41552413082596
1477.820041437149,-71.41863564333427,-71.41863564333427
1477.830041437149,-71.42173879471243,-71.42173879471243
1477.840041437149,-71.42483380651409,-71.42483380651409
1477.850041437149,-71.42792089653706,-71.42792089653706
1477.860041437149,-71.43100027836341,-71.43100027836341
1477.870041437149,-71.4340721612682,-71.4340721612682
1477.880041437149,-71.43713675035795,-71.43713675035795
1477.890041437149,-71.44019424674995,-71.44019424674995
1477.900041437149,-71.4432448478569,-71.4432448478569
1477.910041437149,-71.44628874764149,-71.44628874764149
1477.920041437149,-71.44932613689538,-71.44932613689538
1477.9300414371492,-71.45235720346146,-71.45235720346146
1477.9400414371491,-71.45538213245035,-71.45538213245035
1477.9500414371491,-71.45840110642136,-71.45840110642136
1477.9600414371491,-71.46140807249176,-71.46140807249176
1477.9700414371491,-71.46440047459771,-71.46440047459771
1477.980041437149,-71.4673771542817,-71.4673771542817
1477.990041437149,-71.47033759937902,-71.47033759937902
1478.000041437149,-71.47328165724886,-71.47328165724886
1478.010041437149,-71.47620938579874,-71.47620938579874
1478.020041437149,-71.47912096623672,-71.47912096623672
1478.030041437149,-71.48201665059779,-71.48201665059779
1478.040041437149,-71.48489673023006,-71.48489673023006
1478.050041437149,-71.48776151687125,-71.48776151687125
1478.060041437149,-71.4906113313556,-71.4906113313556
1478.070041437149,-71.49344649695412,-71.49344649695412
1478.080041437149,-71.49626733558009,-71.49626733558009
1478.090041437149,-71.49907416565475,-71.49907416565475
1478.100041437149,-71.50186730107423,-71.50186730107423
1478.110041437149,-71.5046470507287,-71.5046470507287
1478.120041437149,-71.50741371846492,-71.50741371846492
1478.130041437149,-71.51016760314296,-71.51016760314296
1478.140041437149,-71.51290899889274,-71.51290899889274
1478.150041460991,-71.5156382018445,-71.5156382018445
1478.160041460991,-71.51835548438639,-71.51835548438639
1478.170041460991,-71.5210611345164,-71.5210611345164
1478.1800414609909,-71.52375542995503,-71.52375542995503
1478.1900414609909,-71.52643864490295,-71.52643864490295
1478.2000414609909,-71.52911105023044,-71.52911105023044
1478.2100414609909,-71.53177291361997,-71.53177291361997
1478.2200414609908,-71.53442449971408,-71.53442449971408
1478.2300414609908,-71.5370660702086,-71.5370660702086
1478.2400414609908,-71.53969788396941,-71.53969788396941
1478.2500414609908,-71.54232019707818,-71.54232019707818
1478.2600414609908,-71.54493326292527,-71.54493326292527
1478.2700414609908,-71.54753733223208,-71.54753733223208
1478.280041460991,-71.5501326531167,-71.5501326531167
1478.290041460991,-71.5527194711109,-71.5527194711109
1478.300041460991,-71.5552980291778,-71.5552980291778
1478.310041460991,-71.55786856775035,-71.55786856775035
1478.320041460991,-71.56043132473319,-71.56043132473319
1478.330041460991,-71.5629865355134,-71.5629865355134
1478.340041460991,-71.56553443297156,-71.56553443297156
1478.350041460991,-71.5680752474835,-71.5680752474835
1478.360041460991,-71.57060920693372,-71.57060920693372
1478.370041460991,-71.57313653669678,-71.57313653669678
1478.380041460991,-71.57565745965361,-71.57565745965361
1478.390041460991,-71.57817219620118,-71.57817219620118
1478.400041460991,-71.58068096421857,-71.58068096421857
1478.410041460991,-71.58318397911988,-71.58318397911988
1478.420041460991,-71.58568145379142,-71.58568145379142
1478.4300414609909,-71.58817359864977,-71.58817359864977
1478.4400414609909,-71.59066062161064,-71.59066062161064
1478.4500414609909,-71.59314272808611,-71.59314272808611
1478.4600414609909,-71.59561387815695,-71.59561387815695
1478.4700414609908,-71.5980715354923,-71.5980715354923
1478.4800414609908,-71.60051456359659,-71.60051456359659
1478.4900414609908,-71.60294247299137,-71.60294247299137
1478.5000414609908,-71.60535513374457,-71.60535513374457
1478.5100414609908,-71.60775262622448,-71.60775262622448
1478.5200414609908,-71.61013515357142,-71.61013515357142
1478.530041460991,-71.61250298914793,-71.61250298914793
1478.540041460991,-71.61485644489798,-71.61485644489798
1478.550041460991,-71.61719585236293,-71.61719585236293
1478.560041460991,-71.61952155135906,-71.61952155135906
1478.570041460991,-71.62183388334887,-71.62183388334887
1478.580041460991,-71.62413318756916,-71.62413318756916
1478.590041460991,-71.62641979896274,-71.62641979896274
1478.600041460991,-71.62869404712286,-71.62869404712286
1478.610041460991,-71.63095625583509,-71.63095625583509
1478.620041460991,-71.63320674303485,-71.63320674303485
1478.630041460991,-71.63544582091437,-71.63544582091437
1478.640041460991,-71.63767379618895,-71.63767379618895
1478.650041460991,-71.63989097032535,-71.63989097032535
1478.660041460991,-71.64209763988532,-71.64209763988532
1478.670041460991,-71.64429409675508,-71.64429409675508
1478.6800414609909,-71.64648062844388,-71.64648062844388
1478.6900414609909,-71.64865751827719,-71.64865751827719
1478.7000414609909,-71.6508250456216,-71.6508250456216
1478.7100414609909,-71.65297723932484,-71.65297723932484
1478.7200414609908,-71.65511163377758,-71.65511163377758
1478.7300414609908,-71.65722716338546,-71.65722716338546
1478.7400414609908,-71.65932340913544,-71.65932340913544
1478.7500414609908,-71.66140031104702,-71.66140031104702
1478.7600414609908,-71.66345801884103,-71.66345801884103
1478.7700414609908,-71.66549680439115,-71.66549680439115
1478.780041460991,-71.66751700918977,-71.66751700918977
1478.790041460991,-71.66951901271271,-71.66951901271271
1478.800041460991,-71.6715032134593,-71.6715032134593
1478.810041460991,-71.67347001766225,-71.67347001766225
1478.820041460991,-71.67541983262038,-71.67541983262038
1478.830041460991,-71.67735306290946,-71.67735306290946
1478.840041460991,-71.67927010829249,-71.67927010829249
1478.850041460991,-71.68117136265967,-71.68117136265967
1478.860041460991,-71.6830572136167,-71.6830572136167
1478.870041460991,-71.68492804240852,-71.68492804240852
1478.880041460991,-71.68678422406636,-71.68678422406636
1478.890041460991,-71.68862612763584,-71.68862612763584
1478.900041460991,-71.69045411643812,-71.69045411643812
1478.910041460991,-71.69226854841429,-71.69226854841429
1478.920041460991,-71.69406977632154,-71.69406977632154
1478.9300414609909,-71.69585814806611,-71.69585814806611
1478.9400414609909,-71.69763400686455,-71.69763400686455
1478.9500414609909,-71.69939769148762,-71.69939769148762
1478.9600414609909,-71.70114328690306,-71.70114328690306
1478.9700414609908,-71.70286838580694,-71.70286838580694
1478.9800414609908,-71.70457198135983,-71.70457198135983
1478.9900414609908,-71.70625371321877,-71.70625371321877
1479.0000414848328,-71.70791358370303,-71.70791358370303
1479.0100414848328,-71.70955179248725,-71.70955179248725
1479.0200414848327,-71.71116867293273,-71.71116867293273
1479.0300414848327,-71.7127646234203,-71.7127646234203
1479.0400414848327,-71.71434007974403,-71.71434007974403
1479.0500414848327,-71.7158954961388,-71.7158954961388
1479.0600414848327,-71.71743133396099,-71.71743133396099
1479.0700414848327,-71.71894805504459,-71.71894805504459
1479.0800414848327,-71.72044611787902,-71.72044611787902
1479.0900414848327,-71.72192597552059,-71.72192597552059
1479.1000414848327,-71.72338807455797,-71.72338807455797
1479.1100414848327,-71.72483285467278,-71.72483285467278
1479.1200414848327,-71.72626074858687,-71.72626074858687
1479.1300414848329,-71.72767218219583,-71.72767218219583
1479.1400414848329,-71.72906757480627,-71.72906757480627
1479.1500414848329,-71.73044733941859,-71.73044733941859
1479.1600414848328,-71.73181188300323,-71.73181188300323
1479.1700414848328,-71.73316160680736,-71.73316160680736
1479.1800414848328,-71.73449690657556,-71.73449690657556
1479.1900414848328,-71.73581817281678,-71.73581817281678
1479.2000414848328,-71.73712579097462,-71.73712579097462
1479.2100414848328,-71.73842014163094,-71.73842014163094
1479.2200414848328,-71.7397016006385,-71.7397016006385
1479.2300414848328,-71.74097053927281,-71.74097053927281
1479.2400414848328,-71.74222732431112,-71.74222732431112
1479.2500414848328,-71.74347231816914,-71.74347231816914
1479.2600414848328,-71.74470587893738,-71.74470587893738
1479.2700414848327,-71.74592836050124,-71.74592836050124
1479.2800414848327,-71.74714011254838,-71.74714011254838
1479.2900414848327,-71.74834148065241,-71.74834148065241
1479.3000414848327,-71.74953280629735,-71.74953280629735
1479.3100414848327,-71.75071442692814,-71.75071442692814
1479.3200414848327,-71.75188667597627,-71.75188667597627
1479.3300414848327,-71.75304988287574,-71.75304988287574
1479.3400414848327,-71.75420437311976,-71.75420437311976
1479.3500414848327,-71.75535046824507,-71.75535046824507
1479.3600414848327,-71.75648848587737,-71.75648848587737
1479.3700414848327,-71.75761873974061,-71.75761873974061
1479.3800414848329,-71.75874153968618,-71.75874153968618
1479.3900414848329,-71.75985719169564,-71.75985719169564
1479.4000414848329,-71.7609659979042,-71.7609659979042
1479.4100414848328,-71.76206825662095,-71.76206825662095
1479.4200414848328,-71.76316426233069,-71.76316426233069
1479.4300414848328,-71.76425430573781,-71.76425430573781
1479.4400414848328,-71.76533867376033,-71.76533867376033
1479.4500414848328,-71.76641764955198,-71.76641764955198
1479.4600414848328,-71.76748525968709,-71.76748525968709
1479.4700414848328,-71.76850293735946,-71.76850293735946
1479.4800414848328,-71.76946886981425,-71.76946886981425
1479.4900414848328,-71.77038375490133,-71.77038375490133
1479.5000414848328,-71.77124750288856,-71.77124750288856
1479.5100414848328,-71.77205938324408,-71.77205938324408
1479.5200414848327,-71.77281831898777,-71.77281831898777
1479.5300414848327,-71.7735230761961,-71.7735230761961
1479.5400414848327,-71.77417237681932,-71.77417237681932
1479.5500414848327,-71.77476496595067,-71.77476496595067
1479.5600414848327,-71.77529965177303,-71.77529965177303
1479.5700414848327,-71.77577532866991,-71.77577532866991
1479.5800414848327,-71.77619098960542,-71.77619098960542
1479.5900414848327,-71.77654573173332,-71.77654573173332
1479.6000414848327,-71.77683875765777,-71.77683875765777
1479.6100414848327,-71.7770693739499,-71.7770693739499
1479.6200414848327,-71.7772369880174,-71.7772369880174
1479.6300414848329,-71.7773411039318,-71.7773411039318
1479.6400414848329,-71.77738131776321,-71.77738131776321
1479.6500414848329,-71.77735731267715,-71.77735731267715
1479.6600414848328,-71.77726885397006,-71.77726885397006
1479.6700414848328,-71.77711578419778,-71.77711578419778
1479.6800414848328,-71.77689801844063,-71.77689801844063
1479.6900414848328,-71.77661553977472,-71.77661553977472
1479.7000414848328,-71.77626839492426,-71.77626839492426
1479.7100414848328,-71.77585669021322,-71.77585669021322
1479.7200414848328,-71.77538058765948,-71.77538058765948
1479.7300414848328,-71.77484030131373,-71.77484030131373
1479.7400414848328,-71.77423609386594,-71.77423609386594
1479.7500414848328,-71.77356827335831,-71.77356827335831
1479.7600414848328,-71.77283719015031,-71.77283719015031
1479.7700414848327,-71.77204323404744,-71.77204323404744
1479.7800414848327,-71.77118683161763,-71.77118683161763
1479.7900414848327,-71.7702684436271,-71.7702684436271
1479.8000414848327,-71.76928856264661,-71.76928856264661
1479.8100414848327,-71.7682477107937,-71.7682477107937
1479.8200414848327,-71.76714643759895,-71.76714643759895
1479.8300414848327,-71.76598531802539,-71.76598531802539
1479.8400414848327,-71.76476495052307,-71.76476495052307
1479.8500415086746,-71.76348595223449,-71.76348595223449
1479.8600415086746,-71.76214896930978,-71.76214896930978
1479.8700415086746,-71.76075465760735,-71.76075465760735
1479.8800415086746,-71.75930369269581,-71.75930369269581
1479.8900415086746,-71.75779676570015,-71.75779676570015
1479.9000415086746,-71.75623458190792,-71.75623458190792
1479.9100415086746,-71.75461785952602,-71.75461785952602
1479.9200415086746,-71.75294732843481,-71.75294732843481
1479.9300415086745,-71.75122372908257,-71.75122372908257
1479.9400415086745,-71.74944781139716,-71.74944781139716
1479.9500415086745,-71.74762033376894,-71.74762033376894
1479.9600415086745,-71.74574206209635,-71.74574206209635
1479.9700415086745,-71.7438137688794,-71.7438137688794
1479.9800415086747,-71.7418362323325,-71.7418362323325
1479.9900415086747,-71.73981023561774,-71.73981023561774
1480.0000415086747,-71.73773656603133,-71.73773656603133
1480.0100415086747,-71.73561601431176,-71.73561601431176
1480.0200415086747,-71.73344937392383,-71.73344937392383
1480.0300415086747,-71.7312374404472,-71.7312374404472
1480.0400415086747,-71.72898101092129,-71.72898101092129
1480.0500415086747,-71.7266808832973,-71.7266808832973
1480.0600415086747,-71.7243378558815,-71.7243378558815
1480.0700415086746,-71.72195272682886,-71.72195272682886
1480.0800415086746,-71.71952629364489,-71.71952629364489
1480.0900415086746,-71.71705935273596,-71.71705935273596
1480.1000415086746,-71.71455269896765,-71.71455269896765
1480.1100415086746,-71.71200712528174,-71.71200712528174
1480.1200415086746,-71.70942342228709,-71.70942342228709
1480.1300415086746,-71.70680237790924,-71.70680237790924
1480.1400415086746,-71.70414477706653,-71.70414477706653
1480.1500415086746,-71.70145140133339,-71.70145140133339
1480.1600415086746,-71.69872302864229,-71.69872302864229
1480.1700415086746,-71.69596043302852,-71.69596043302852
1480.1800415086745,-71.693164384345,-71.693164384345
1480.1900415086745,-71.69033564801884,-71.69033564801884
1480.2000415086745,-71.68747498482882,-71.68747498482882
1480.2100415086745,-71.68458315069782,-71.68458315069782
1480.2200415086745,-71.68166089648876,-71.68166089648876
1480.2300415086747,-71.67870896781076,-71.67870896781076
1480.2400415086747,-71.67572810485599,-71.67572810485599
1480.2500415086747,-71.6727190422382,-71.6727190422382
1480.2600415086747,-71.66968250885301,-71.66968250885301
1480.2700415086747,-71.66661922772188,-71.66661922772188
1480.2800415086747,-71.66352991588982,-71.66352991588982
1480.2900415086747,-71.66041528428842,-71.66041528428842
1480.3000415086747,-71.65727603764266,-71.65727603764266
1480.3100415086747,-71.65411287437476,-71.65411287437476
1480.3200415086746,-71.65092648650808,-71.65092648650808
1480.3300415086746,-71.6477175596017,-71.6477175596017
1480.3400415086746,-71.6444867726655,-71.6444867726655
1480.3500415086746,-71.64123479809817,-71.64123479809817
1480.3600415086746,-71.6379623016383,-71.6379623016383
1480.3700415086746,-71.6346699423091,-71.6346699423091
1480.3800415086746,-71.63135837237849,-71.63135837237849
1480.3900415086746,-71.62802823730537,-71.62802823730537
1480.4000415086746,-71.6246801757384,-71.6246801757384
1480.4100415086746,-71.62131481946312,-71.62131481946312
1480.4200415086746,-71.6179327933894,-71.6179327933894
1480.4300415086745,-71.614534715546,-71.614534715546
1480.4400415086745,-71.61112119705709,-71.61112119705709
1480.4500415086745,-71.6076928421293,-71.6076928421293
1480.4600415086745,-71.60425024807334,-71.60425024807334
1480.4700415086745,-71.60079400528645,-71.60079400528645
1480.4800415086747,-71.59732469725891,-71.59732469725891
1480.4900415086747,-71.59384290059108,-71.59384290059108
1480.5000415086747,-71.59034918499721,-71.59034918499721
1480.5100415086747,-71.58684411331929,-71.58684411331929
1480.5200415086747,-71.5833282415675,-71.5833282415675
1480.5300415086747,-71.57980211890677,-71.57980211890677
1480.5400415086747,-71.57626628770403,-71.57626628770403
1480.5500415086747,-71.57272128354772,-71.57272128354772
1480.5600415086747,-71.56916763528346,-71.56916763528346
1480.5700415086746,-71.56560586503728,-71.56560586503728
1480.5800415086746,-71.56203648824523,-71.56203648824523
1480.5900415086746,-71.55846001369021,-71.55846001369021
1480.6000415086746,-71.55487694355286,-71.55487694355286
1480.6100415086746,-71.55128777343533,-71.55128777343533
1480.6200415086746,-71.5476929924017,-71.5476929924017
1480.6300415086746,-71.54409308302266,-71.54409308302266
1480.6400415086746,-71.54048852142697,-71.54048852142697
1480.6500415086746,-71.53687977732415,-71.53687977732415
1480.6600415086746,-71.53326731407591,-71.53326731407591
1480.6700415086746,-71.52965158872296,-71.52965158872296
1480.6800415086745,-71.5260330520378,-71.5260330520378
1480.6900415086745,-71.52241214857497,-71.52241214857497
1480.7000415325165,-71.5187893080927,-71.5187893080927
1480.7100415325165,-71.51516498012302,-71.51516498012302
1480.7200415325165,-71.51153958223699,-71.51153958223699
1480.7300415325165,-71.50791353461862,-71.50791353461862
1480.7400415325164,-71.50428725148893,-71.50428725148893
1480.7500415325164,-71.50066114115273,-71.50066114115273
1480.7600415325164,-71.4970356060571,-71.4970356060571
1480.7700415325164,-71.49341104284531,-71.49341104284531
1480.7800415325164,-71.48978784241173,-71.48978784241173
1480.7900415325164,-71.48616638994129,-71.48616638994129
1480.8000415325164,-71.48254706499216,-71.48254706499216
1480.8100415325164,-71.47893024152069,-71.47893024152069
1480.8200415325164,-71.47531628796345,-71.47531628796345
1480.8300415325166,-71.47170556726174,-71.47170556726174
1480.8400415325166,-71.4680984369287,-71.4680984369287
1480.8500415325166,-71.46449524913851,-71.46449524913851
1480.8600415325166,-71.46089635071704,-71.46089635071704
1480.8700415325166,-71.45730208325614,-71.45730208325614
1480.8800415325165,-71.45371278313154,-71.45371278313154
1480.8900415325165,-71.45012878156818,-71.45012878156818
1480.9000415325165,-71.44655040470845,-71.44655040470845
1480.9100415325165,-71.44297797365195,-71.44297797365195
1480.9200415325165,-71.43941180450285,-71.43941180450285
1480.9300415325165,-71.4358522084486,-71.4358522084486
1480.9400415325165,-71.43229949178851,-71.43229949178851
1480.9500415325165,-71.4287539560167,-71.4287539560167
1480.9600415325165,-71.42521589785117,-71.42521589785117
1480.9700415325165,-71.4216856092905,-71.4216856092905
1480.9800415325165,-71.41816337767345,-71.41816337767345
1480.9900415325164,-71.41464948574647,-71.41464948574647
1481.0000415325164,-71.41114421168531,-71.41114421168531
1481.0100415325164,-71.40764782916523,-71.40764782916523
1481.0200415325164,-71.40416060741651,-71.40416060741651
1481.0300415325164,-71.40068281127488,-71.40068281127488
1481.0400415325164,-71.39721470121535,-71.39721470121535
1481.0500415325164,-71.39375653342218,-71.39375653342218
1481.0600415325164,-71.39030855984767,-71.39030855984767
1481.0700415325164,-71.38687102823712,-71.38687102823712
1481.0800415325166,-71.38344418219154,-71.38344418219154
1481.0900415325166,-71.38002826122974,-71.38002826122974
1481.1000415325166,-71.37662350080454,-71.37662350080454
1481.1100415325166,-71.37323013239711,-71.37323013239711
1481.1200415325166,-71.3698483835144,-71.3698483835144
1481.1300415325165,-71.36647847777584,-71.36647847777584
1481.1400415325165,-71.36312063495664,-71.36312063495664
1481.1500415325165,-71.35977507101266,-71.35977507101266
1481.1600415325165,-71.35644199815356,-71.35644199815356
1481.1700415325165,-71.35312162486441,-71.35312162486441
1481.1800415325165,-71.34981415597879,-71.34981415597879
1481.1900415325165,-71.34651979269613,-71.34651979269613
1481.2000415325165,-71.34323873264618,-71.34323873264618
1481.2100415325165,-71.33997116993368,-71.33997116993368
1481.2200415325165,-71.33671729516476,-71.33671729516476
1481.2300415325165,-71.33347729550357,-71.33347729550357
1481.2400415325164,-71.33025135473548,-71.33025135473548
1481.2500415325164,-71.32703965326506,-71.32703965326506
1481.2600415325164,-71.32384236818723,-71.32384236818723
1481.2700415325164,-71.32065967333901,-71.32065967333901
1481.2800415325164,-71.31749173930602,-71.31749173930602
1481.2900415325164,-71.31433873350399,-71.31433873350399
1481.3000415325164,-71.31120082018138,-71.31120082018138
1481.3100415325164,-71.30807816049982,-71.30807816049982
1481.3200415325164,-71.30497091253031,-71.30497091253031
1481.3300415325166,-71.30187923132932,-71.30187923132932
1481.3400415325166,-71.29880326895606,-71.29880326895606
1481.3500415325166,-71.29574317451808,-71.29574317451808
1481.3600415325166,-71.29269909421647,-71.29269909421647
1481.3700415325166,-71.28967117136224,-71.28967117136224
1481.3800415325165,-71.28665954643974,-71.28665954643974
1481.3900415325165,-71.28366435712843,-71.28366435712843
1481.4000415325165,-71.2806857383414,-71.2806857383414
1481.4100415325165,-71.27772382225493,-71.27772382225493
1481.4200415325165,-71.27477873836806,-71.27477873836806
1481.4300415325165,-71.27185061350197,-71.27185061350197
1481.4400415325165,-71.26893957186631,-71.26893957186631
1481.4500415325165,-71.26604573507967,-71.26604573507967
1481.4600415325165,-71.26316922219888,-71.26316922219888
1481.4700415325165,-71.26031014975749,-71.26031014975749
1481.4800415325165,-71.25746863181016,-71.25746863181016
1481.4900415325164,-71.25464477994582,-71.25464477994582
1481.5000415325164,-71.25183870333775,-71.25183870333775
1481.5100415325164,-71.24905050875371,-71.24905050875371
1481.5200415325164,-71.24628030061498,-71.24628030061498
1481.5300415325164,-71.24352818100039,-71.24352818100039
1481.5400415325164,-71.24079424971009,-71.24079424971009
1481.5500415563583,-71.23807859778518,-71.23807859778518
1481.5600415563583,-71.23538133350142,-71.23538133350142
1481.5700415563583,-71.2327025434035,-71.2327025434035
1481.5800415563583,-71.23004231838841,-71.23004231838841
1481.5900415563583,-71.2274007472041,-71.2274007472041
1481.6000415563583,-71.22477791647793,-71.22477791647793
1481.6100415563583,-71.2221739107311,-71.2221739107311
1481.6200415563583,-71.21958881244014,-71.21958881244014
1481.6300415563583,-71.21702270202658,-71.21702270202658
1481.6400415563583,-71.21447565791232,-71.21447565791232
1481.6500415563582,-71.21194775653575,-71.21194775653575
1481.6600415563582,-71.20943907237093,-71.20943907237093
1481.6700415563582,-71.20694967795899,-71.20694967795899
1481.6800415563584,-71.20447964396406,-71.20447964396406
1481.6900415563584,-71.20202903913874,-71.20202903913874
1481.7000415563584,-71.19959793040535,-71.19959793040535
1481.7100415563584,-71.19718638284063,-71.19718638284063
1481.7200415563584,-71.19479445972611,-71.19479445972611
1481.7300415563584,-71.19242222256524,-71.19242222256524
1481.7400415563584,-71.19006973109911,-71.19006973109911
1481.7500415563584,-71.18773704334727,-71.18773704334727
1481.7600415563584,-71.1854242156182,-71.1854242156182
1481.7700415563584,-71.1831313025312,-71.1831313025312
1481.7800415563584,-71.18085835704338,-71.18085835704338
1481.7900415563583,-71.17860543047324,-71.17860543047324
1481.8000415563583,-71.17637257252777,-71.17637257252777
1481.8100415563583,-71.17415983131917,-71.17415983131917
1481.8200415563583,-71.1719672533804,-71.1719672533804
1481.8300415563583,-71.16979488369579,-71.16979488369579
1481.8400415563583,-71.16764276571286,-71.16764276571286
1481.8500415563583,-71.16551094137306,-71.16551094137306
1481.8600415563583,-71.16339945113234,-71.16339945113234
1481.8700415563583,-71.16130833397924,-71.16130833397924
1481.8800415563583,-71.15923762745113,-71.15923762745113
1481.8900415563583,-71.1571873676536,-71.1571873676536
1481.9000415563582,-71.15515758928342,-71.15515758928342
1481.9100415563582,-71.15314832565569,-71.15314832565569
1481.9200415563582,-71.15115960870573,-71.15115960870573
1481.9300415563584,-71.14919146902828,-71.14919146902828
1481.9400415563584,-71.14724393586873,-71.14724393586873
1481.9500415563584,-71.14531703717327,-71.14531703717327
1481.9600415563584,-71.14341079959168,-71.14341079959168
1481.9700415563584,-71.14152524848596,-71.14152524848596
1481.9800415563584,-71.13966040795825,-71.13966040795825
1481.9900415563584,-71.13781630087963,-71.13781630087963
1482.0000415563584,-71.13599294888364,-71.13599294888364
1482.0100415563584,-71.13419037240267,-71.13419037240267
1482.0200415563584,-71.13240859067692,-71.13240859067692
1482.0300415563584,-71.13064762176292,-71.13064762176292
1482.0400415563583,-71.12890748257752,-71.12890748257752
1482.0500415563583,-71.12718818887446,-71.12718818887446
1482.0600415563583,-71.12548975528522,-71.12548975528522
1482.0700415563583,-71.12381219534521,-71.12381219534521
1482.0800415563583,-71.12215552148747,-71.12215552148747
1482.0900415563583,-71.12051974505279,-71.12051974505279
1482.1000415563583,-71.11890487633622,-71.11890487633622
1482.1100415563583,-71.11731092457217,-71.11731092457217
1482.1200415563583,-71.11573789797453,-71.11573789797453
1482.1300415563583,-71.11418580372104,-71.11418580372104
1482.1400415563583,-71.11265464800046,-71.11265464800046
1482.1500415563582,-71.11114443598917,-71.11114443598917
1482.1600415563582,-71.10965517191173,-71.10965517191173
1482.1700415563582,-71.10818685901403,-71.10818685901403
1482.1800415563584,-71.10673949959785,-71.10673949959785
1482.1900415563584,-71.10531309503239,-71.10531309503239
1482.2000415563584,-71.10390764576121,-71.10390764576121
1482.2100415563584,-71.1025231513175,-71.1025231513175
1482.2200415563584,-71.1011596103532,-71.1011596103532
1482.2300415563584,-71.09981702061174,-71.09981702061174
1482.2400415563584,-71.09849537898957,-71.09849537898957
1482.2500415563584,-71.09719468151607,-71.09719468151607
1482.2600415563584,-71.0959149233787,-71.0959149233787
1482.2700415563584,-71.09465609893297,-71.09465609893297
1482.2800415563584,-71.09341820171647,-71.09341820171647
1482.2900415563583,-71.09220122444063,-71.09220122444063
1482.3000415563583,-71.09100515904936,-71.09100515904936
1482.3100415563583,-71.0898299966831,-71.0898299966831
1482.3200415563583,-71.08867572771383,-71.08867572771383
1482.3300415563583,-71.08754234175342,-71.08754234175342
1482.3400415563583,-71.08642982765694,-71.08642982765694
1482.3500415563583,-71.0853381735442,-71.0853381735442
1482.3600415563583,-71.08426736680707,-71.08426736680707
1482.3700415563583,-71.0832173941224,-71.0832173941224
1482.3800415563583,-71.08218824145234,-71.08218824145234
1482.3900415563583,-71.08117989407752,-71.08117989407752
1482.4000415802002,-71.08019233422024,-71.08019233422024
1482.4100415802002,-71.07922555056012,-71.07922555056012
1482.4200415802002,-71.07827952390677,-71.07827952390677
1482.4300415802002,-71.07735423686886,-71.07735423686886
1482.4400415802002,-71.0764496713877,-71.0764496713877
1482.4500415802001,-71.0755658087648,-71.0755658087648
1482.4600415802001,-71.07470262968639,-71.07470262968639
1482.4700415802001,-71.07386011421411,-71.07386011421411
1482.4800415802001,-71.07303824181389,-71.07303824181389
1482.4900415802,-71.07223699134128,-71.07223699134128
1482.5000415802,-71.07145634106134,-71.07145634106134
1482.5100415802,-71.0706962686772,-71.0706962686772
1482.5200415802,-71.06995675130625,-71.06995675130625
1482.5300415802003,-71.06923776551433,-71.06923776551433
1482.5400415802003,-71.06853928730861,-71.06853928730861
1482.5500415802003,-71.06786129215297,-71.06786129215297
1482.5600415802003,-71.06720375497652,-71.06720375497652
1482.5700415802003,-71.06656665018491,-71.06656665018491
1482.5800415802003,-71.0659499516489,-71.0659499516489
1482.5900415802002,-71.06535363274742,-71.06535363274742
1482.6000415802002,-71.0647776663592,-71.0647776663592
1482.6100415802002,-71.06422202485545,-71.06422202485545
1482.6200415802002,-71.06368668012239,-71.06368668012239
1482.6300415802002,-71.06317160357274,-71.06317160357274
1482.6400415802002,-71.0626767661535,-71.0626767661535
1482.6500415802002,-71.06220213833221,-71.06220213833221
1482.6600415802002,-71.06174769014166,-71.06174769014166
1482.6700415802002,-71.0613133911515,-71.0613133911515
1482.6800415802002,-71.06089921049171,-71.06089921049171
1482.6900415802002,-71.06050511686956,-71.06050511686956
1482.7000415802001,-71.06013107854942,-71.06013107854942
1482.7100415802001,-71.05977706339064,-71.05977706339064
1482.7200415802001,-71.05944303883837,-71.05944303883837
1482.7300415802001,-71.05912897192603,-71.05912897192603
1482.7400415802,-71.05883482928944,-71.05883482928944
1482.7500415802,-71.05856057717848,-71.05856057717848
1482.7600415802,-71.0583061814534,-71.0583061814534
1482.7700415802,-71.05807160759748,-71.05807160759748
1482.7800415802003,-71.05785682072165,-71.05785682072165
1482.7900415802003,-71.05766178557805,-71.05766178557805
1482.8000415802003,-71.05748646654509,-71.05748646654509
1482.8100415802003,-71.05733082765913,-71.05733082765913
1482.8200415802003,-71.05719483260489,-71.05719483260489
1482.8300415802003,-71.05707844473308,-71.05707844473308
1482.8400415802002,-71.056981627057,-71.056981627057
1482.8500415802002,-71.05690434225207,-71.05690434225207
1482.8600415802002,-71.05684655268782,-71.05684655268782
1482.8700415802002,-71.05680822040266,-71.05680822040266
1482.8800415802002,-71.05678930712679,-71.05678930712679
1482.8900415802002,-71.05678977429272,-71.05678977429272
1482.9000415802002,-71.05680958302648,-71.05680958302648
1482.9100415802002,-71.05684869416466,-71.05684869416466
1482.9200415802002,-71.05690706823867,-71.05690706823867
1482.9300415802002,-71.05698466552153,-71.05698466552153
1482.9400415802002,-71.05708144599053,-71.05708144599053
1482.9500415802001,-71.0571973693576,-71.0571973693576
1482.9600415802001,-71.05733239506017,-71.05733239506017
1482.9700415802001,-71.05748648228337,-71.05748648228337
1482.9800415802001,-71.05765958994486,-71.05765958994486
1482.9900415802,-71.05785167671732,-71.05785167671732
1483.0000415802,-71.05806270101922,-71.05806270101922
1483.0100415802,-71.05829262103515,-71.05829262103515
1483.0200415802,-71.05854139470422,-71.05854139470422
1483.0300415802003,-71.05880897972852,-71.05880897972852
1483.0400415802003,-71.05909533360187,-71.05909533360187
1483.0500415802003,-71.05940041357393,-71.05940041357393
1483.0600415802003,-71.05972417667722,-71.05972417667722
1483.0700415802003,-71.06006657974314,-71.06006657974314
1483.0800415802003,-71.06042757938073,-71.06042757938073
1483.0900415802002,-71.06080713200112,-71.06080713200112
1483.1000415802002,-71.0612051938057,-71.0612051938057
1483.1100415802002,-71.06162172081093,-71.06162172081093
1483.1200415802002,-71.06205666882546,-71.06205666882546
1483.1300415802002,-71.06250999348595,-71.06250999348595
1483.1400415802002,-71.06298165023354,-71.06298165023354
1483.1500415802002,-71.06347159433368,-71.06347159433368
1483.1600415802002,-71.06397978086262,-71.06397978086262
1483.1700415802002,-71.06450616475406,-71.06450616475406
1483.1800415802002,-71.06505070074654,-71.06505070074654
1483.1900415802002,-71.06561334341977,-71.06561334341977
1483.2000415802001,-71.0661940472052,-71.0661940472052
1483.2100415802001,-71.06679276636504,-71.06679276636504
1483.2200415802001,-71.06740945501758,-71.06740945501758
1483.2300415802001,-71.06804406711827,-71.06804406711827
1483.2400415802,-71.06869655649051,-71.06869655649051
1483.250041604042,-71.06936687841609,-71.06936687841609
1483.260041604042,-71.07005498329018,-71.07005498329018
1483.270041604042,-71.07076082604358,-71.07076082604358
1483.280041604042,-71.07148435995921,-71.07148435995921
1483.290041604042,-71.072225538187,-71.072225538187
1483.300041604042,-71.07298431374815,-71.07298431374815
1483.310041604042,-71.07376063954567,-71.07376063954567
1483.320041604042,-71.07455446835482,-71.07455446835482
1483.330041604042,-71.07536575284455,-71.07536575284455
1483.340041604042,-71.07619444557402,-71.07619444557402
1483.350041604042,-71.07704049899282,-71.07704049899282
1483.360041604042,-71.07790386544676,-71.07790386544676
1483.370041604042,-71.07878449717798,-71.07878449717798
1483.3800416040422,-71.07968234632564,-71.07968234632564
1483.3900416040422,-71.08059736493914,-71.08059736493914
1483.4000416040421,-71.08152950497974,-71.08152950497974
1483.4100416040421,-71.0824787183103,-71.0824787183103
1483.4200416040421,-71.08344495670075,-71.08344495670075
1483.4300416040421,-71.08442817184952,-71.08442817184952
1483.440041604042,-71.08542831538445,-71.08542831538445
1483.450041604042,-71.08644533883081,-71.08644533883081
1483.460041604042,-71.0874729933613,-71.0874729933613
1483.470041604042,-71.08850851506023,-71.08850851506023
1483.480041604042,-71.08955053487036,-71.08955053487036
1483.490041604042,-71.0905983304779,-71.0905983304779
1483.500041604042,-71.09165154037746,-71.09165154037746
1483.510041604042,-71.09271001505243,-71.09271001505243
1483.520041604042,-71.0937737295953,-71.0937737295953
1483.530041604042,-71.09484273115119,-71.09484273115119
1483.540041604042,-71.09591710725412,-71.09591710725412
1483.550041604042,-71.0969969668168,-71.0969969668168
1483.560041604042,-71.09808242877779,-71.09808242877779
1483.570041604042,-71.09917361544743,-71.09917361544743
1483.580041604042,-71.10027064867094,-71.10027064867094
1483.590041604042,-71.10137364776784,-71.10137364776784
1483.600041604042,-71.10248272848236,-71.10248272848236
1483.610041604042,-71.10359800255927,-71.10359800255927
1483.620041604042,-71.10471957772249,-71.10471957772249
1483.6300416040422,-71.10584755779306,-71.10584755779306
1483.6400416040422,-71.10698204298214,-71.10698204298214
1483.6500416040421,-71.10812313015968,-71.10812313015968
1483.6600416040421,-71.1092709131876,-71.1092709131876
1483.6700416040421,-71.11042548317955,-71.11042548317955
1483.6800416040421,-71.11158692879371,-71.11158692879371
1483.690041604042,-71.11275533646192,-71.11275533646192
1483.700041604042,-71.11393079061577,-71.11393079061577
1483.710041604042,-71.11511337384337,-71.11511337384337
1483.720041604042,-71.11630316708317,-71.11630316708317
1483.730041604042,-71.11750024972504,-71.11750024972504
1483.740041604042,-71.11870469974635,-71.11870469974635
1483.750041604042,-71.11991659379125,-71.11991659379125
1483.760041604042,-71.12113600726869,-71.12113600726869
1483.770041604042,-71.12236301439572,-71.12236301439572
1483.780041604042,-71.12359768826629,-71.12359768826629
1483.790041604042,-71.12484010089453,-71.12484010089453
1483.800041604042,-71.12609032323365,-71.12609032323365
1483.810041604042,-71.12734842522853,-71.12734842522853
1483.820041604042,-71.12861447581673,-71.12861447581673
1483.830041604042,-71.12988854295976,-71.12988854295976
1483.840041604042,-71.1311706936511,-71.1311706936511
1483.850041604042,-71.13246099391365,-71.13246099391365
1483.860041604042,-71.13375950883056,-71.13375950883056
1483.870041604042,-71.13506630253211,-71.13506630253211
1483.8800416040422,-71.13638143819429,-71.13638143819429
1483.8900416040422,-71.13770497805368,-71.13770497805368
1483.9000416040421,-71.13903698340617,-71.13903698340617
1483.9100416040421,-71.14037751458383,-71.14037751458383
1483.9200416040421,-71.14172663098432,-71.14172663098432
1483.9300416040421,-71.14308439104413,-71.14308439104413
1483.940041604042,-71.14445085224331,-71.14445085224331
1483.950041604042,-71.14582607111522,-71.14582607111522
1483.960041604042,-71.1472101032244,-71.1472101032244
1483.970041604042,-71.14860300317858,-71.14860300317858
1483.980041604042,-71.15000482462108,-71.15000482462108
1483.990041604042,-71.15141562021032,-71.15141562021032
1484.000041604042,-71.15283544166292,-71.15283544166292
1484.010041604042,-71.15426433969766,-71.15426433969766
1484.020041604042,-71.15570236406755,-71.15570236406755
1484.030041604042,-71.15714956355899,-71.15714956355899
1484.040041604042,-71.15860598597244,-71.15860598597244
1484.050041604042,-71.16007167813483,-71.16007167813483
1484.060041604042,-71.16154668589537,-71.16154668589537
1484.070041604042,-71.16303105412763,-71.16303105412763
1484.080041604042,-71.16452482674188,-71.16452482674188
1484.090041604042,-71.16602804665501,-71.16602804665501
1484.100041627884,-71.16754075942227,-71.16754075942227
1484.110041627884,-71.16906299885389,-71.16906299885389
1484.120041627884,-71.17059480853166,-71.17059480853166
1484.1300416278839,-71.1721362274988,-71.1721362274988
1484.1400416278839,-71.17368729384707,-71.17368729384707
1484.1500416278839,-71.17524804470376,-71.17524804470376
1484.1600416278839,-71.17681851624118,-71.17681851624118
1484.1700416278838,-71.17839874367564,-71.17839874367564
1484.1800416278838,-71.17998876128267,-71.17998876128267
1484.1900416278838,-71.18158860238577,-71.18158860238577
1484.2000416278838,-71.18319829937843,-71.18319829937843
1484.2100416278838,-71.18481167484691,-71.18481167484691
1484.2200416278838,-71.18642603973319,-71.18642603973319
1484.230041627884,-71.18804010040581,-71.18804010040581
1484.240041627884,-71.18965320963845,-71.18965320963845
1484.250041627884,-71.19126508035306,-71.19126508035306
1484.260041627884,-71.19287563674412,-71.19287563674412
1484.270041627884,-71.19448492689432,-71.19448492689432
1484.280041627884,-71.19609307023018,-71.19609307023018
1484.290041627884,-71.19770022584721,-71.19770022584721
1484.300041627884,-71.19930657354517,-71.19930657354517
1484.310041627884,-71.200912302468,-71.200912302468
1484.320041627884,-71.20251760445505,-71.20251760445505
1484.330041627884,-71.2041226702356,-71.2041226702356
1484.340041627884,-71.20572768730597,-71.20572768730597
1484.350041627884,-71.20733283894693,-71.20733283894693
1484.360041627884,-71.20893830375786,-71.20893830375786
1484.370041627884,-71.21054425564982,-71.21054425564982
1484.3800416278839,-71.21215086396673,-71.21215086396673
1484.3900416278839,-71.21375829375165,-71.21375829375165
1484.4000416278839,-71.21536670604138,-71.21536670604138
1484.4100416278839,-71.21697625818503,-71.21697625818503
1484.4200416278838,-71.218587104111,-71.218587104111
1484.4300416278838,-71.2201993946214,-71.2201993946214
1484.4400416278838,-71.22181327762088,-71.22181327762088
1484.4500416278838,-71.22342889832186,-71.22342889832186
1484.4600416278838,-71.22504639945434,-71.22504639945434
1484.4700416278838,-71.22666592140449,-71.22666592140449
1484.480041627884,-71.22828760235846,-71.22828760235846
1484.490041627884,-71.22991157843246,-71.22991157843246
1484.500041627884,-71.23153798374128,-71.23153798374128
1484.510041627884,-71.23316695051003,-71.23316695051003
1484.520041627884,-71.23479860913658,-71.23479860913658
1484.530041627884,-71.23643308823107,-71.23643308823107
1484.540041627884,-71.23807051469683,-71.23807051469683
1484.550041627884,-71.23971101372615,-71.23971101372615
1484.560041627884,-71.24135470889227,-71.24135470889227
1484.570041627884,-71.2430017221075,-71.2430017221075
1484.580041627884,-71.24465217370741,-71.24465217370741
1484.590041627884,-71.24630618243255,-71.24630618243255
1484.600041627884,-71.24796386545442,-71.24796386545442
1484.610041627884,-71.24962533837834,-71.24962533837834
1484.620041627884,-71.25129071526966,-71.25129071526966
1484.6300416278839,-71.25296010863755,-71.25296010863755
1484.6400416278839,-71.25463362947806,-71.25463362947806
1484.6500416278839,-71.25631138723756,-71.25631138723756
1484.6600416278839,-71.25799348985075,-71.25799348985075
1484.6700416278838,-71.25968004372714,-71.25968004372714
1484.6800416278838,-71.2613711537501,-71.2613711537501
1484.6900416278838,-71.26306692330212,-71.26306692330212
1484.7000416278838,-71.26476745424132,-71.26476745424132
1484.7100416278838,-71.26647284692862,-71.26647284692862
1484.7200416278838,-71.26818320020726,-71.26818320020726
1484.730041627884,-71.2698986114281,-71.2698986114281
1484.740041627884,-71.27161917644774,-71.27161917644774
1484.750041627884,-71.27334498960829,-71.27334498960829
1484.760041627884,-71.27507614377467,-71.27507614377467
1484.770041627884,-71.27681273032671,-71.27681273032671
1484.780041627884,-71.27855483915232,-71.27855483915232
1484.790041627884,-71.2803025586639,-71.2803025586639
1484.800041627884,-71.28205597580771,-71.28205597580771
1484.810041627884,-71.28381517606037,-71.28381517606037
1484.820041627884,-71.28558024343239,-71.28558024343239
1484.830041627884,-71.28735126048505,-71.28735126048505
1484.840041627884,-71.28912830833124,-71.28912830833124
1484.850041627884,-71.29091146664659,-71.29091146664659
1484.860041627884,-71.29270081367032,-71.29270081367032
1484.870041627884,-71.29449642621358,-71.29449642621358
1484.8800416278839,-71.29629837967914,-71.29629837967914
1484.8900416278839,-71.29810674805246,-71.29810674805246
1484.9000416278839,-71.2999216039283,-71.2999216039283
1484.9100416278839,-71.3017430185061,-71.3017430185061
1484.9200416278838,-71.30357106160527,-71.30357106160527
1484.9300416278838,-71.30540580167536,-71.30540580167536
1484.9400416278838,-71.30724730579799,-71.30724730579799
1484.9500416517258,-71.30909564411276,-71.30909564411276
1484.9600416517258,-71.31095087224368,-71.31095087224368
1484.9700416517258,-71.31281305761729,-71.31281305761729
1484.9800416517257,-71.31468226198429,-71.31468226198429
1484.9900416517257,-71.31655854579095,-71.31655854579095
1485.0000416517257,-71.31844196817725,-71.31844196817725
1485.0100416517257,-71.32033258700551,-71.32033258700551
1485.0200416517257,-71.3222304588524,-71.3222304588524
1485.0300416517257,-71.32413563904657,-71.32413563904657
1485.0400416517257,-71.32604818165503,-71.32604818165503
1485.0500416517257,-71.32796813951241,-71.32796813951241
1485.0600416517257,-71.32989556422555,-71.32989556422555
1485.0700416517257,-71.331830506194,-71.331830506194
1485.0800416517259,-71.33377301461653,-71.33377301461653
1485.0900416517259,-71.33572313749359,-71.33572313749359
1485.1000416517259,-71.33768092165475,-71.33768092165475
1485.1100416517259,-71.33964641276343,-71.33964641276343
1485.1200416517258,-71.34161965533332,-71.34161965533332
1485.1300416517258,-71.34360069274696,-71.34360069274696
1485.1400416517258,-71.34558956724892,-71.34558956724892
1485.1500416517258,-71.34758631997457,-71.34758631997457
1485.1600416517258,-71.34959099096777,-71.34959099096777
1485.1700416517258,-71.35160361917299,-71.35160361917299
1485.1800416517258,-71.35362424246608,-71.35362424246608
1485.1900416517258,-71.3556528976556,-71.3556528976556
1485.2000416517258,-71.35768962050656,-71.35768962050656
1485.2100416517258,-71.35973444573779,-71.35973444573779
1485.2200416517258,-71.36178740705297,-71.36178740705297
1485.2300416517257,-71.36384853714193,-71.36384853714193
1485.2400416517257,-71.36591786769272,-71.36591786769272
1485.2500416517257,-71.36799542940695,-71.36799542940695
1485.2600416517257,-71.37008125202226,-71.37008125202226
1485.2700416517257,-71.3721753642951,-71.3721753642951
1485.2800416517257,-71.37427779404457,-71.37427779404457
1485.2900416517257,-71.37638856815822,-71.37638856815822
1485.3000416517257,-71.37850771259028,-71.37850771259028
1485.3100416517257,-71.38063525237848,-71.38063525237848
1485.3200416517257,-71.38277121167592,-71.38277121167592
1485.3300416517259,-71.38491561373857,-71.38491561373857
1485.3400416517259,-71.38706848094114,-71.38706848094114
1485.3500416517259,-71.38922983479921,-71.38922983479921
1485.3600416517259,-71.39139969597711,-71.39139969597711
1485.3700416517258,-71.39357808430229,-71.39357808430229
1485.3800416517258,-71.39576501875798,-71.39576501875798
1485.3900416517258,-71.39796051753014,-71.39796051753014
1485.4000416517258,-71.40016459797606,-71.40016459797606
1485.4100416517258,-71.40237727667943,-71.40237727667943
1485.4200416517258,-71.4045985694356,-71.4045985694356
1485.4300416517258,-71.40682849126163,-71.40682849126163
1485.4400416517258,-71.40906705641238,-71.40906705641238
1485.4500416517258,-71.4113142784058,-71.4113142784058
1485.4600416517258,-71.41356394134223,-71.41356394134223
1485.4700416517258,-71.41581332860727,-71.41581332860727
1485.4800416517257,-71.41806112311265,-71.41806112311265
1485.4900416517257,-71.4203066558974,-71.4203066558974
1485.5000416517257,-71.42254961912585,-71.42254961912585
1485.5100416517257,-71.42478991687138,-71.42478991687138
1485.5200416517257,-71.42702757757773,-71.42702757757773
1485.5300416517257,-71.4292627014147,-71.4292627014147
1485.5400416517257,-71.43149542862712,-71.43149542862712
1485.5500416517257,-71.43372592048767,-71.43372592048767
1485.5600416517257,-71.43595434798111,-71.43595434798111
1485.5700416517257,-71.4381808851412,-71.4381808851412
1485.5800416517259,-71.44040570521919,-71.44040570521919
1485.5900416517259,-71.44262897860736,-71.44262897860736
1485.6000416517259,-71.44485087179356,-71.44485087179356
1485.6100416517259,-71.44707154693975,-71.44707154693975
1485.6200416517258,-71.44929116183773,-71.44929116183773
1485.6300416517258,-71.45150987005638,-71.45150987005638
1485.6400416517258,-71.45372782118359,-71.45372782118359
1485.6500416517258,-71.45594516113287,-71.45594516113287
1485.6600416517258,-71.4581620324154,-71.4581620324154
1485.6700416517258,-71.46037857446868,-71.46037857446868
1485.6800416517258,-71.46259492389824,-71.46259492389824
1485.6900416517258,-71.4648112147051,-71.4648112147051
1485.7000416517258,-71.46702757852665,-71.46702757852665
1485.7100416517258,-71.46924414478674,-71.46924414478674
1485.7200416517258,-71.47146104086994,-71.47146104086994
1485.7300416517257,-71.47367839225318,-71.47367839225318
1485.7400416517257,-71.47589632261818,-71.47589632261818
1485.7500416517257,-71.4781149539443,-71.4781149539443
1485.7600416517257,-71.48033440658668,-71.48033440658668
1485.7700416517257,-71.48255479934963,-71.48255479934963
1485.7800416517257,-71.48477624952645,-71.48477624952645
1485.7900416517257,-71.4869988729657,-71.4869988729657
1485.8000416755676,-71.4892227893892,-71.4892227893892
1485.8100416755676,-71.49144810124102,-71.49144810124102
1485.8200416755676,-71.4936749254767,-71.4936749254767
1485.8300416755676,-71.49590337242392,-71.49590337242392
1485.8400416755676,-71.49813355106721,-71.49813355106721
1485.8500416755676,-71.50036556908016,-71.50036556908016
1485.8600416755676,-71.50259953281835,-71.50259953281835
1485.8700416755676,-71.50483554732412,-71.50483554732412
1485.8800416755676,-71.50707371636128,-71.50707371636128
1485.8900416755675,-71.50931414237537,-71.50931414237537
1485.9000416755675,-71.51155692653691,-71.51155692653691
1485.9100416755675,-71.51380216870976,-71.51380216870976
1485.9200416755675,-71.51604996747298,-71.51604996747298
1485.9300416755677,-71.51830042010387,-71.51830042010387
1485.9400416755677,-71.52055362260738,-71.52055362260738
1485.9500416755677,-71.52280966968304,-71.52280966968304
1485.9600416755677,-71.52506865474065,-71.52506865474065
1485.9700416755677,-71.52733066990454,-71.52733066990454
1485.9800416755677,-71.52959580599844,-71.52959580599844
1485.9900416755677,-71.53186415257315,-71.53186415257315
1486.0000416755677,-71.53413579788524,-71.53413579788524
1486.0100416755677,-71.53641082888998,-71.53641082888998
1486.0200416755677,-71.5386893312733,-71.5386893312733
1486.0300416755676,-71.54097138942576,-71.54097138942576
1486.0400416755676,-71.5432570864576,-71.5432570864576
1486.0500416755676,-71.54554650420144,-71.54554650420144
1486.0600416755676,-71.5478397232112,-71.5478397232112
1486.0700416755676,-71.55013682276955,-71.55013682276955
1486.0800416755676,-71.55243788088234,-71.55243788088234
1486.0900416755676,-71.55474297428557,-71.55474297428557
1486.1000416755676,-71.55705217847473,-71.55705217847473
1486.1100416755676,-71.55936556765714,-71.55936556765714
1486.1200416755676,-71.56168321481756,-71.56168321481756
1486.1300416755676,-71.56400519167464,-71.56400519167464
1486.1400416755675,-71.56633156871922,-71.56633156871922
1486.1500416755675,-71.56866241520102,-71.56866241520102
1486.1600416755675,-71.57099779913663,-71.57099779913663
1486.1700416755675,-71.57333778733322,-71.57333778733322
1486.1800416755677,-71.57568244537744,-71.57568244537744
1486.1900416755677,-71.57803183765452,-71.57803183765452
1486.2000416755677,-71.5803860273474,-71.5803860273474
1486.2100416755677,-71.58274507644221,-71.58274507644221
1486.2200416755677,-71.58510904575589,-71.58510904575589
1486.2300416755677,-71.587477994925,-71.587477994925
1486.2400416755677,-71.58985198241906,-71.58985198241906
1486.2500416755677,-71.59223106555542,-71.59223106555542
1486.2600416755677,-71.59461530050142,-71.59461530050142
1486.2700416755677,-71.59700474229376,-71.59700474229376
1486.2800416755676,-71.59939944482853,-71.59939944482853
1486.2900416755676,-71.60179946088479,-71.60179946088479
1486.3000416755676,-71.60420484215027,-71.60420484215027
1486.3100416755676,-71.60661563919032,-71.60661563919032
1486.3200416755676,-71.609031901495,-71.609031901495
1486.3300416755676,-71.61145367747741,-71.61145367747741
1486.3400416755676,-71.61388101447338,-71.61388101447338
1486.3500416755676,-71.61631395876199,-71.61631395876199
1486.3600416755676,-71.61875255558593,-71.61875255558593
1486.3700416755676,-71.62119684913299,-71.62119684913299
1486.3800416755676,-71.62364688257323,-71.62364688257323
1486.3900416755675,-71.62610269807026,-71.62610269807026
1486.4000416755675,-71.62856433676367,-71.62856433676367
1486.4100416755675,-71.63103183881427,-71.63103183881427
1486.4200416755675,-71.6335052433949,-71.6335052433949
1486.4300416755677,-71.63598458869907,-71.63598458869907
1486.4400416755677,-71.63846991196678,-71.63846991196678
1486.4500416755677,-71.64096124947963,-71.64096124947963
1486.4600416755677,-71.6434586365858,-71.6434586365858
1486.4700416755677,-71.64596210769517,-71.64596210769517
1486.4800416755677,-71.6484716963126,-71.6484716963126
1486.4900416755677,-71.65098743502563,-71.65098743502563
1486.5000416755677,-71.65350935552357,-71.65350935552357
1486.5100416755677,-71.65603748862017,-71.65603748862017
1486.5200416755677,-71.65857186424134,-71.65857186424134
1486.5300416755676,-71.66111251145554,-71.66111251145554
1486.5400416755676,-71.66365945847396,-71.66365945847396
1486.5500416755676,-71.66621273266941,-71.66621273266941
1486.5600416755676,-71.66877236058399,-71.66877236058399
1486.5700416755676,-71.67133836792435,-71.67133836792435
1486.5800416755676,-71.67391077960885,-71.67391077960885
1486.5900416755676,-71.67648961972483,-71.67648961972483
1486.6000416755676,-71.67907491159946,-71.67907491159946
1486.6100416755676,-71.68166667775749,-71.68166667775749
1486.6200416755676,-71.68426493997,-71.68426493997
1486.6300416755676,-71.68686971924332,-71.68686971924332
1486.6400416755675,-71.68948103583331,-71.68948103583331
1486.6500416994095,-71.69209891548951,-71.69209891548951
1486.6600416994095,-71.69472336455435,-71.69472336455435
1486.6700416994095,-71.69735440730132,-71.69735440730132
1486.6800416994095,-71.69999206109031,-71.69999206109031
1486.6900416994094,-71.70263634259493,-71.70263634259493
1486.7000416994094,-71.70528726777698,-71.70528726777698
1486.7100416994094,-71.70794485193359,-71.70794485193359
1486.7200416994094,-71.71060910968116,-71.71060910968116
1486.7300416994094,-71.71328005498168,-71.71328005498168
1486.7400416994094,-71.71595770114406,-71.71595770114406
1486.7500416994094,-71.71864206083791,-71.71864206083791
1486.7600416994094,-71.7213331461012,-71.7213331461012
1486.7700416994094,-71.72403096834017,-71.72403096834017
1486.7800416994096,-71.72673553834677,-71.72673553834677
1486.7900416994096,-71.72944686632576,-71.72944686632576
1486.8000416994096,-71.732164961858,-71.732164961858
1486.8100416994096,-71.7348898339593,-71.7348898339593
1486.8200416994096,-71.73762149104846,-71.73762149104846
1486.8300416994095,-71.74035994099837,-71.74035994099837
1486.8400416994095,-71.74310519108818,-71.74310519108818
1486.8500416994095,-71.74585724806377,-71.74585724806377
1486.8600416994095,-71.74861611812943,-71.74861611812943
1486.8700416994095,-71.75138180693689,-71.75138180693689
1486.8800416994095,-71.75415431962656,-71.75415431962656
1486.8900416994095,-71.75693366079989,-71.75693366079989
1486.9000416994095,-71.75971983455872,-71.75971983455872
1486.9100416994095,-71.76251284449948,-71.76251284449948
1486.9200416994095,-71.76531269372026,-71.76531269372026
1486.9300416994095,-71.76811938482483,-71.76811938482483
1486.9400416994094,-71.77093291994755,-71.77093291994755
1486.9500416994094,-71.77375330073461,-71.77375330073461
1486.9600416994094,-71.77658052837347,-71.77658052837347
1486.9700416994094,-71.77941460359709,-71.77941460359709
1486.9800416994094,-71.78225552667716,-71.78225552667716
1486.9900416994094,-71.78510329744964,-71.78510329744964
1487.0000416994094,-71.78795791530412,-71.78795791530412
1487.0100416994094,-71.79081937920355,-71.79081937920355
1487.0200416994094,-71.79368768768988,-71.79368768768988
1487.0300416994096,-71.79656283889423,-71.79656283889423
1487.0400416994096,-71.7994448305186,-71.7994448305186
1487.0500416994096,-71.8023336598793,-71.8023336598793
1487.0600416994096,-71.80522932389121,-71.80522932389121
1487.0700416994096,-71.80813181907936,-71.80813181907936
1487.0800416994095,-71.81104114158114,-71.81104114158114
1487.0900416994095,-71.81395728716197,-71.81395728716197
1487.1000416994095,-71.81688025121966,-71.81688025121966
1487.1100416994095,-71.81981002877258,-71.81981002877258
1487.1200416994095,-71.82274661449641,-71.82274661449641
1487.1300416994095,-71.82569000270598,-71.82569000270598
1487.1400416994095,-71.82864018736859,-71.82864018736859
1487.1500416994095,-71.83159716212167,-71.83159716212167
1487.1600416994095,-71.83456092025006,-71.83456092025006
1487.1700416994095,-71.83753145472392,-71.83753145472392
1487.1800416994095,-71.84050875817975,-71.84050875817975
1487.1900416994094,-71.84349282294397,-71.84349282294397
1487.2000416994094,-71.84648364102912,-71.84648364102912
1487.2100416994094,-71.849481204131,-71.849481204131
1487.2200416994094,-71.8524855036581,-71.8524855036581
1487.2300416994094,-71.85549653071251,-71.85549653071251
1487.2400416994094,-71.85851427610828,-71.85851427610828
1487.2500416994094,-71.86153873037588,-71.86153873037588
1487.2600416994094,-71.86456988375598,-71.86456988375598
1487.2700416994094,-71.8676077262188,-71.8676077262188
1487.2800416994096,-71.87065224746843,-71.87065224746843
1487.2900416994096,-71.87370343692854,-71.87370343692854
1487.3000416994096,-71.87676128377947,-71.87676128377947
1487.3100416994096,-71.87982577692622,-71.87982577692622
1487.3200416994096,-71.88289690503494,-71.88289690503494
1487.3300416994095,-71.88597465651765,-71.88597465651765
1487.3400416994095,-71.88905901954425,-71.88905901954425
1487.3500416994095,-71.89214998204821,-71.89214998204821
1487.3600416994095,-71.89524753172344,-71.89524753172344
1487.3700416994095,-71.89835165604754,-71.89835165604754
1487.3800416994095,-71.90146234225158,-71.90146234225158
1487.3900416994095,-71.90457957736476,-71.90457957736476
1487.4000416994095,-71.90770334818276,-71.90770334818276
1487.4100416994095,-71.91083364130432,-71.91083364130432
1487.4200416994095,-71.91397044310479,-71.91397044310479
1487.4300416994095,-71.91711373976221,-71.91711373976221
1487.4400416994094,-71.920263517251,-71.920263517251
1487.4500416994094,-71.92341976134479,-71.92341976134479
1487.4600416994094,-71.92658245763815,-71.92658245763815
1487.4700416994094,-71.92975159151604,-71.92975159151604
1487.4800416994094,-71.93292714819081,-71.93292714819081
1487.4900416994094,-71.93610911268777,-71.93610911268777
1487.5000417232513,-71.93929747744353,-71.93929747744353
1487.5100417232513,-71.94249221197806,-71.94249221197806
1487.5200417232513,-71.94569330834022,-71.94569330834022
1487.5300417232513,-71.94890075087706,-71.94890075087706
1487.5400417232513,-71.95211452375172,-71.95211452375172
1487.5500417232513,-71.95533461096944,-71.95533461096944
1487.5600417232513,-71.95856099638213,-71.95856099638213
1487.5700417232513,-71.96179366367497,-71.96179366367497
1487.5800417232513,-71.96503259639458,-71.96503259639458
1487.5900417232513,-71.96827777792838,-71.96827777792838
1487.6000417232513,-71.97152919152333,-71.97152919152333
1487.6100417232512,-71.9747868202987,-71.9747868202987
1487.6200417232512,-71.9780506471998,-71.9780506471998
1487.6300417232515,-71.98132065506523,-71.98132065506523
1487.6400417232514,-71.98459682658333,-71.98459682658333
1487.6500417232514,-71.9878791443294,-71.9878791443294
1487.6600417232514,-71.99116759073023,-71.99116759073023
1487.6700417232514,-71.9944621480999,-71.9944621480999
1487.6800417232514,-71.99776279862925,-71.99776279862925
1487.6900417232514,-72.0010695243924,-72.0010695243924
1487.7000417232514,-72.00438230733802,-72.00438230733802
1487.7100417232514,-72.0076948468222,-72.0076948468222
1487.7200417232514,-72.01100437038386,-72.01100437038386
1487.7300417232514,-72.01430951667858,-72.01430951667858
1487.7400417232514,-72.01760957792337,-72.01760957792337
1487.7500417232513,-72.02090421061386,-72.02090421061386
1487.7600417232513,-72.02419328530233,-72.02419328530233
1487.7700417232513,-72.02747679842905,-72.02747679842905
1487.7800417232513,-72.03075481939715,-72.03075481939715
1487.7900417232513,-72.03402745868807,-72.03402745868807
1487.8000417232513,-72.03729484876233,-72.03729484876233
1487.8100417232513,-72.04055713262882,-72.04055713262882
1487.8200417232513,-72.0438144571306,-72.0438144571306
1487.8300417232513,-72.04706696914204,-72.04706696914204
1487.8400417232513,-72.0503148133858,-72.0503148133858
1487.8500417232513,-72.05355813142144,-72.05355813142144
1487.8600417232512,-72.05679706118343,-72.05679706118343
1487.8700417232512,-72.0600317369159,-72.0600317369159
1487.8800417232515,-72.06326228929825,-72.06326228929825
1487.8900417232514,-72.06648884569366,-72.06648884569366
1487.9000417232514,-72.06971153040948,-72.06971153040948
1487.9100417232514,-72.07293046498485,-72.07293046498485
1487.9200417232514,-72.07614576847502,-72.07614576847502
1487.9300417232514,-72.0793575576878,-72.0793575576878
1487.9400417232514,-72.08256594742367,-72.08256594742367
1487.9500417232514,-72.08577105065143,-72.08577105065143
1487.9600417232514,-72.08897297871398,-72.08897297871398
1487.9700417232514,-72.09217184141232,-72.09217184141232
1487.9800417232514,-72.09536774719757,-72.09536774719757
1487.9900417232514,-72.09856080322142,-72.09856080322142
1488.0000417232513,-72.1017511154468,-72.1017511154468
1488.0100417232513,-72.10493878869897,-72.10493878869897
1488.0200417232513,-72.1081239267334,-72.1081239267334
1488.0300417232513,-72.11130663228026,-72.11130663228026
1488.0400417232513,-72.1144870070767,-72.1144870070767
1488.0500417232513,-72.11766515189123,-72.11766515189123
1488.0600417232513,-72.12084116655005,-72.12084116655005
1488.0700417232513,-72.12401514994602,-72.12401514994602
1488.0800417232513,-72.12718720005611,-72.12718720005611
1488.0900417232513,-72.13035741393792,-72.13035741393792
1488.1000417232513,-72.13352588774923,-72.13352588774923
1488.1100417232512,-72.13669271673858,-72.13669271673858
1488.1200417232512,-72.13985799524151,-72.13985799524151
1488.1300417232515,-72.14302181668162,-72.14302181668162
1488.1400417232514,-72.14618427356926,-72.14618427356926
1488.1500417232514,-72.14934545748875,-72.14934545748875
1488.1600417232514,-72.1525054591075,-72.1525054591075
1488.1700417232514,-72.1556643681478,-72.1556643681478
1488.1800417232514,-72.15882227340985,-72.15882227340985
1488.1900417232514,-72.16197926273504,-72.16197926273504
1488.2000417232514,-72.1651354230266,-72.1651354230266
1488.2100417232514,-72.16829084021845,-72.16829084021845
1488.2200417232514,-72.17144559928704,-72.17144559928704
1488.2300417232514,-72.17459978425009,-72.17459978425009
1488.2400417232514,-72.17775347813412,-72.17775347813412
1488.2500417232513,-72.18090676299161,-72.18090676299161
1488.2600417232513,-72.18405971989753,-72.18405971989753
1488.2700417232513,-72.187212428932,-72.187212428932
1488.2800417232513,-72.1903649691777,-72.1903649691777
1488.2900417232513,-72.19351741873477,-72.19351741873477
1488.3000417232513,-72.19666985470523,-72.19666985470523
1488.3100417232513,-72.19982235317488,-72.19982235317488
1488.3200417232513,-72.20297498924012,-72.20297498924012
1488.3300417232513,-72.206127836994,-72.206127836994
1488.3400417232513,-72.20928096951506,-72.20928096951506
1488.3500417470932,-72.21243446639104,-72.21243446639104
1488.3600417470932,-72.21558838369116,-72.21558838369116
1488.3700417470932,-72.21874279896988,-72.21874279896988
1488.3800417470932,-72.2218977813061,-72.2218977813061
1488.3900417470932,-72.22505339875904,-72.22505339875904
1488.4000417470932,-72.22820971839236,-72.22820971839236
1488.4100417470931,-72.23136680626463,-72.23136680626463
1488.4200417470931,-72.23452472744161,-72.23452472744161
1488.4300417470931,-72.23768354600244,-72.23768354600244
1488.4400417470931,-72.24084332503273,-72.24084332503273
1488.450041747093,-72.24400412662601,-72.24400412662601
1488.460041747093,-72.24715970892393,-72.24715970892393
1488.470041747093,-72.25030736898299,-72.25030736898299
1488.4800417470933,-72.25344581863371,-72.25344581863371
1488.4900417470933,-72.25657442441194,-72.25657442441194
1488.5000417470933,-72.25969291741937,-72.25969291741937
1488.5100417470933,-72.26280124256282,-72.26280124256282
1488.5200417470933,-72.26589947020318,-72.26589947020318
1488.5300417470933,-72.26898774304134,-72.26898774304134
1488.5400417470933,-72.2720662442062,-72.2720662442062
1488.5500417470932,-72.27513517804495,-72.27513517804495
1488.5600417470932,-72.2781947587128,-72.2781947587128
1488.5700417470932,-72.28124520344397,-72.28124520344397
1488.5800417470932,-72.28428672868696,-72.28428672868696
1488.5900417470932,-72.28731954798535,-72.28731954798535
1488.6000417470932,-72.2903438709239,-72.2903438709239
1488.6100417470932,-72.29335990266843,-72.29335990266843
1488.6200417470932,-72.29636784393858,-72.29636784393858
1488.6300417470932,-72.29936789109456,-72.29936789109456
1488.6400417470932,-72.30236023640755,-72.30236023640755
1488.6500417470932,-72.30534506832439,-72.30534506832439
1488.6600417470931,-72.30832257174642,-72.30832257174642
1488.6700417470931,-72.31129292833364,-72.31129292833364
1488.6800417470931,-72.31425631674705,-72.31425631674705
1488.6900417470931,-72.31721291286674,-72.31721291286674
1488.700041747093,-72.32016289001568,-72.32016289001568
1488.710041747093,-72.32310011014198,-72.32310011014198
1488.720041747093,-72.32602197665784,-72.32602197665784
1488.7300417470933,-72.32892730804056,-72.32892730804056
1488.7400417470933,-72.33181557711251,-72.33181557711251
1488.7500417470933,-72.33468662064718,-72.33468662064718
1488.7600417470933,-72.3375404885798,-72.3375404885798
1488.7700417470933,-72.34037735556649,-72.34037735556649
1488.7800417470933,-72.34319746794218,-72.34319746794218
1488.7900417470933,-72.34600111173074,-72.34600111173074
1488.8000417470932,-72.34878859349995,-72.34878859349995
1488.8100417470932,-72.35156022894209,-72.35156022894209
1488.8200417470932,-72.35431633614736,-72.35431633614736
1488.8300417470932,-72.35705723175263,-72.35705723175263
1488.8400417470932,-72.35978322881074,-72.35978322881074
1488.8500417470932,-72.36249463575795,-72.36249463575795
1488.8600417470932,-72.36519175595672,-72.36519175595672
1488.8700417470932,-72.36787488760898,-72.36787488760898
1488.8800417470932,-72.37054432392259,-72.37054432392259
1488.8900417470932,-72.37320035329014,-72.37320035329014
1488.9000417470932,-72.3758432596053,-72.3758432596053
1488.9100417470931,-72.37847332253313,-72.37847332253313
1488.9200417470931,-72.3810908177651,-72.3810908177651
1488.9300417470931,-72.3836960172736,-72.3836960172736
1488.9400417470931,-72.38628918953879,-72.38628918953879
1488.950041747093,-72.38887059973338,-72.38887059973338
1488.960041747093,-72.39144050989067,-72.39144050989067
1488.970041747093,-72.39399917904451,-72.39399917904451
1488.9800417470933,-72.39654686334549,-72.39654686334549
1488.9900417470933,-72.39908381617042,-72.39908381617042
1489.0000417470933,-72.40161028819846,-72.40161028819846
1489.0100417470933,-72.40412652746319,-72.40412652746319
1489.0200417470933,-72.40663277943683,-72.40663277943683
1489.0300417470933,-72.40912928705058,-72.40912928705058
1489.0400417470933,-72.41161629073362,-72.41161629073362
1489.0500417470932,-72.41409402844972,-72.41409402844972
1489.0600417470932,-72.41656273571797,-72.41656273571797
1489.0700417470932,-72.41902264561676,-72.41902264561676
1489.0800417470932,-72.42147398881478,-72.42147398881478
1489.0900417470932,-72.42391699356266,-72.42391699356266
1489.1000417470932,-72.42635188571923,-72.42635188571923
1489.1100417470932,-72.4287788887363,-72.4287788887363
1489.1200417470932,-72.43119822366704,-72.43119822366704
1489.1300417470932,-72.4336101091839,-72.4336101091839
1489.1400417470932,-72.43601476156147,-72.43601476156147
1489.1500417470932,-72.43841239468858,-72.43841239468858
1489.1600417470931,-72.4408032200566,-72.4408032200566
1489.1700417470931,-72.44318744677169,-72.44318744677169
1489.1800417470931,-72.44556528156026,-72.44556528156026
1489.1900417470931,-72.44793692874158,-72.44793692874158
1489.200041770935,-72.45030259590185,-72.45030259590185
1489.210041770935,-72.45266247133009,-72.45266247133009
1489.220041770935,-72.45501675784183,-72.45501675784183
1489.230041770935,-72.4573656502459,-72.4573656502459
1489.240041770935,-72.4597093409755,-72.4597093409755
1489.250041770935,-72.46204802007529,-72.46204802007529
1489.260041770935,-72.46438187523846,-72.46438187523846
1489.270041770935,-72.4667110917994,-72.4667110917994
1489.280041770935,-72.46903585273427,-72.46903585273427
1489.290041770935,-72.47135633867121,-72.47135633867121
1489.300041770935,-72.47367272790493,-72.47367272790493
1489.310041770935,-72.47598519639457,-72.47598519639457
1489.320041770935,-72.47829391776985,-72.47829391776985
1489.3300417709352,-72.48059906335874,-72.48059906335874
1489.3400417709352,-72.48290080218801,-72.48290080218801
1489.3500417709351,-72.4851993009871,-72.4851993009871
1489.3600417709351,-72.48749472420555,-72.48749472420555
1489.3700417709351,-72.48978723402739,-72.48978723402739
1489.3800417709351,-72.49207699039457,-72.49207699039457
1489.390041770935,-72.49436415098288,-72.49436415098288
1489.400041770935,-72.49664887125418,-72.49664887125418
1489.410041770935,-72.49893130444678,-72.49893130444678
1489.420041770935,-72.5012116016055,-72.5012116016055
1489.430041770935,-72.50348991159954,-72.50348991159954
1489.440041770935,-72.50576638111396,-72.50576638111396
1489.450041770935,-72.50804115468068,-72.50804115468068
1489.460041770935,-72.5103143746943,-72.5103143746943
1489.470041770935,-72.51258618144499,-72.51258618144499
1489.480041770935,-72.51480286864374,-72.51480286864374
1489.490041770935,-72.51695230397277,-72.51695230397277
1489.500041770935,-72.5190313058435,-72.5190313058435
1489.510041770935,-72.52103837203295,-72.52103837203295
1489.520041770935,-72.52297245157614,-72.52297245157614
1489.530041770935,-72.52483273854652,-72.52483273854652
1489.540041770935,-72.52661862785779,-72.52661862785779
1489.550041770935,-72.52832969575469,-72.52832969575469
1489.560041770935,-72.52996568375666,-72.52996568375666
1489.570041770935,-72.5315264832464,-72.5315264832464
1489.5800417709352,-72.53301212041335,-72.53301212041335
1489.5900417709352,-72.53442274186557,-72.53442274186557
1489.6000417709351,-72.53575860106302,-72.53575860106302
1489.6100417709351,-72.53702004573101,-72.53702004573101
1489.6200417709351,-72.53820750639902,-72.53820750639902
1489.6300417709351,-72.53932148599314,-72.53932148599314
1489.640041770935,-72.54036255052029,-72.54036255052029
1489.650041770935,-72.54133132077855,-72.54133132077855
1489.660041770935,-72.54222846500993,-72.54222846500993
1489.670041770935,-72.54305469237589,-72.54305469237589
1489.680041770935,-72.54381074724942,-72.54381074724942
1489.690041770935,-72.5444974041655,-72.5444974041655
1489.700041770935,-72.54511546339585,-72.54511546339585
1489.710041770935,-72.54565942178235,-72.54565942178235
1489.720041770935,-72.54612734973962,-72.54612734973962
1489.730041770935,-72.54651875499982,-72.54651875499982
1489.740041770935,-72.54683381672987,-72.54683381672987
1489.750041770935,-72.54707309178035,-72.54707309178035
1489.760041770935,-72.5472373612605,-72.5472373612605
1489.770041770935,-72.54732753989857,-72.54732753989857
1489.780041770935,-72.54734462111205,-72.54734462111205
1489.790041770935,-72.54728964345051,-72.54728964345051
1489.800041770935,-72.54716367007617,-72.54716367007617
1489.810041770935,-72.54696777611781,-72.54696777611781
1489.820041770935,-72.54670304094427,-72.54670304094427
1489.8300417709352,-72.5463705433718,-72.5463705433718
1489.8400417709352,-72.5459713587729,-72.5459713587729
1489.8500417709351,-72.54550655727466,-72.54550655727466
1489.8600417709351,-72.5449772027195,-72.5449772027195
1489.8700417709351,-72.54438435202606,-72.54438435202606
1489.8800417709351,-72.54372905482819,-72.54372905482819
1489.890041770935,-72.54301235326942,-72.54301235326942
1489.900041770935,-72.54223528189686,-72.54223528189686
1489.910041770935,-72.54139886757216,-72.54139886757216
1489.920041770935,-72.54050412945169,-72.54050412945169
1489.930041770935,-72.53955207896188,-72.53955207896188
1489.940041770935,-72.53854371974529,-72.53854371974529
1489.950041770935,-72.53748004766528,-72.53748004766528
1489.960041770935,-72.53636205075594,-72.53636205075594
1489.970041770935,-72.53519070920075,-72.53519070920075
1489.980041770935,-72.53396699527124,-72.53396699527124
1489.990041770935,-72.53269187331622,-72.53269187331622
1490.000041770935,-72.5313662997067,-72.5313662997067
1490.010041770935,-72.5299912227882,-72.5299912227882
1490.020041770935,-72.52856758283677,-72.52856758283677
1490.030041770935,-72.52709631204009,-72.52709631204009
1490.040041770935,-72.52557833441337,-72.52557833441337
1490.050041794777,-72.52401456207241,-72.52401456207241
1490.060041794777,-72.52240590992679,-72.52240590992679
1490.070041794777,-72.52075327381158,-72.52075327381158
1490.080041794777,-72.51905754476118,-72.51905754476118
1490.0900417947769,-72.5173196055163,-72.5173196055163
1490.1000417947769,-72.51554033047829,-72.51554033047829
1490.1100417947769,-72.5137205856935,-72.5137205856935
1490.1200417947769,-72.51186122881136,-72.51186122881136
1490.1300417947768,-72.5099631090959,-72.5099631090959
1490.1400417947768,-72.50802706739843,-72.50802706739843
1490.1500417947768,-72.50605393615633,-72.50605393615633
1490.1600417947768,-72.50404453938374,-72.50404453938374
1490.1700417947768,-72.50199969268036,-72.50199969268036
1490.180041794777,-72.499920203215,-72.499920203215
1490.190041794777,-72.4978068697569,-72.4978068697569
1490.200041794777,-72.49566048265548,-72.49566048265548
1490.210041794777,-72.49348182387439,-72.49348182387439
1490.220041794777,-72.49127166699412,-72.49127166699412
1490.230041794777,-72.4890307772384,-72.4890307772384
1490.240041794777,-72.48675991149376,-72.48675991149376
1490.250041794777,-72.48445981829276,-72.48445981829276
1490.260041794777,-72.482131237913,-72.482131237913
1490.270041794777,-72.47977490233757,-72.47977490233757
1490.280041794777,-72.47739153531506,-72.47739153531506
1490.290041794777,-72.47498185237441,-72.47498185237441
1490.300041794777,-72.47254656088265,-72.47254656088265
1490.310041794777,-72.47008636005857,-72.47008636005857
1490.320041794777,-72.46760194101536,-72.46760194101536
1490.330041794777,-72.46509398680202,-72.46509398680202
1490.3400417947769,-72.462563172441,-72.462563172441
1490.3500417947769,-72.46001016497466,-72.46001016497466
1490.3600417947769,-72.45743562349523,-72.45743562349523
1490.3700417947769,-72.45484019920542,-72.45484019920542
1490.3800417947768,-72.45222453545864,-72.45222453545864
1490.3900417947768,-72.44958926780465,-72.44958926780465
1490.4000417947768,-72.44693502404252,-72.44693502404252
1490.4100417947768,-72.4442624242556,-72.4442624242556
1490.4200417947768,-72.44157208088723,-72.44157208088723
1490.430041794777,-72.43886459877461,-72.43886459877461
1490.440041794777,-72.43614057519825,-72.43614057519825
1490.450041794777,-72.43340059995708,-72.43340059995708
1490.460041794777,-72.43063894275964,-72.43063894275964
1490.470041794777,-72.42785341635468,-72.42785341635468
1490.480041794777,-72.42504324673281,-72.42504324673281
1490.490041794777,-72.42220831100074,-72.42220831100074
1490.500041794777,-72.41934884626734,-72.41934884626734
1490.510041794777,-72.4164652983188,-72.4164652983188
1490.520041794777,-72.41355823276707,-72.41355823276707
1490.530041794777,-72.41062828164597,-72.41062828164597
1490.540041794777,-72.40767611130464,-72.40767611130464
1490.550041794777,-72.40470240307907,-72.40470240307907
1490.560041794777,-72.40170784183343,-72.40170784183343
1490.570041794777,-72.39869310921883,-72.39869310921883
1490.580041794777,-72.39565887982931,-72.39565887982931
1490.5900417947769,-72.39260581912043,-72.39260581912043
1490.6000417947769,-72.38953458241372,-72.38953458241372
1490.6100417947769,-72.3864458144889,-72.3864458144889
1490.6200417947769,-72.38334014962354,-72.38334014962354
1490.6300417947768,-72.38021821175802,-72.38021821175802
1490.6400417947768,-72.37708061482475,-72.37708061482475
1490.6500417947768,-72.37392796308403,-72.37392796308403
1490.6600417947768,-72.37076085149369,-72.37076085149369
1490.6700417947768,-72.36757986606077,-72.36757986606077
1490.680041794777,-72.3643855841518,-72.3643855841518
1490.690041794777,-72.36117857480178,-72.36117857480178
1490.700041794777,-72.3579593989703,-72.3579593989703
1490.710041794777,-72.35472860979415,-72.35472860979415
1490.720041794777,-72.35148675278677,-72.35148675278677
1490.730041794777,-72.34823436604002,-72.34823436604002
1490.740041794777,-72.34497198039284,-72.34497198039284
1490.750041794777,-72.34170011958298,-72.34170011958298
1490.760041794777,-72.33841930036235,-72.33841930036235
1490.770041794777,-72.3351300326463,-72.3351300326463
1490.780041794777,-72.33183281960376,-72.33183281960376
1490.790041794777,-72.32852815776509,-72.32852815776509
1490.800041794777,-72.32521653709385,-72.32521653709385
1490.810041794777,-72.32189844110539,-72.32189844110539
1490.820041794777,-72.3185743469054,-72.3185743469054
1490.830041794777,-72.31524472529011,-72.31524472529011
1490.8400417947769,-72.31191004079069,-72.31191004079069
1490.8500417947769,-72.3085707517511,-72.3085707517511
1490.8600417947769,-72.30522731038474,-72.30522731038474
1490.8700417947769,-72.30188016282864,-72.30188016282864
1490.8800417947768,-72.29852974921684,-72.29852974921684
1490.8900417947768,-72.29517650369662,-72.29517650369662
1490.9000418186188,-72.29182084651622,-72.29182084651622
1490.9100418186188,-72.28846321604266,-72.28846321604266
1490.9200418186188,-72.28510402088342,-72.28510402088342
1490.9300418186187,-72.28174367184452,-72.28174367184452
1490.9400418186187,-72.27838257403582,-72.27838257403582
1490.9500418186187,-72.27502112688943,-72.27502112688943
1490.9600418186187,-72.27165972423843,-72.27165972423843
1490.9700418186187,-72.26829875434525,-72.26829875434525
1490.9800418186187,-72.26493859994943,-72.26493859994943
1490.9900418186187,-72.2615796383251,-72.2615796383251
1491.0000418186187,-72.25822224131699,-72.25822224131699
1491.0100418186187,-72.25486677539519,-72.25486677539519
1491.0200418186187,-72.25151360169643,-72.25151360169643
1491.0300418186189,-72.24816307608664,-72.24816307608664
1491.0400418186189,-72.24481554918987,-72.24481554918987
1491.0500418186189,-72.24147136644886,-72.24147136644886
1491.0600418186189,-72.23813086816087,-72.23813086816087
1491.0700418186188,-72.2347943895302,-72.2347943895302
1491.0800418186188,-72.23146226071324,-72.23146226071324
1491.0900418186188,-72.2281348068938,-72.2281348068938
1491.1000418186188,-72.22481234827653,-72.22481234827653
1491.1100418186188,-72.22149520018495,-72.22149520018495
1491.1200418186188,-72.21818367307667,-72.21818367307667
1491.1300418186188,-72.21487807261134,-72.21487807261134
1491.1400418186188,-72.21157869968265,-72.21157869968265
1491.1500418186188,-72.2082858504746,-72.2082858504746
1491.1600418186188,-72.2049998165155,-72.2049998165155
1491.1700418186188,-72.20172088470619,-72.20172088470619
1491.1800418186187,-72.19844933738294,-72.19844933738294
1491.1900418186187,-72.19518545236423,-72.19518545236423
1491.2000418186187,-72.19192950298812,-72.19192950298812
1491.2100418186187,-72.18867546737613,-72.18867546737613
1491.2200418186187,-72.1854208585368,-72.1854208585368
1491.2300418186187,-72.18216460132211,-72.18216460132211
1491.2400418186187,-72.17890627271981,-72.17890627271981
1491.2500418186187,-72.17564581164937,-72.17564581164937
1491.2600418186187,-72.17238336797355,-72.17238336797355
1491.2700418186187,-72.16911921388856,-72.16911921388856
1491.2800418186189,-72.16585369062447,-72.16585369062447
1491.2900418186189,-72.16258717635314,-72.16258717635314
1491.3000418186189,-72.15932006692643,-72.15932006692643
1491.3100418186189,-72.15605276437965,-72.15605276437965
1491.3200418186188,-72.1527856702444,-72.1527856702444
1491.3300418186188,-72.14951918164466,-72.14951918164466
1491.3400418186188,-72.146253689276,-72.146253689276
1491.3500418186188,-72.14298957634786,-72.14298957634786
1491.3600418186188,-72.13972721823608,-72.13972721823608
1491.3700418186188,-72.13646698244071,-72.13646698244071
1491.3800418186188,-72.13320922880322,-72.13320922880322
1491.3900418186188,-72.12995430981549,-72.12995430981549
1491.4000418186188,-72.12670257093484,-72.12670257093484
1491.4100418186188,-72.12345435095654,-72.12345435095654
1491.4200418186188,-72.12020998234352,-72.12020998234352
1491.4300418186187,-72.11696979153677,-72.11696979153677
1491.4400418186187,-72.11373409924084,-72.11373409924084
1491.4500418186187,-72.11050322070176,-72.11050322070176
1491.4600418186187,-72.10727746588881,-72.10727746588881
1491.4700418186187,-72.10405713973904,-72.10405713973904
1491.4800418186187,-72.10084254231765,-72.10084254231765
1491.4900418186187,-72.0976339689662,-72.0976339689662
1491.5000418186187,-72.09443171043816,-72.09443171043816
1491.5100418186187,-72.09123605304251,-72.09123605304251
1491.5200418186187,-72.08804727870789,-72.08804727870789
1491.5300418186189,-72.08486566511648,-72.08486566511648
1491.5400418186189,-72.08169148575692,-72.08169148575692
1491.5500418186189,-72.07852501002084,-72.07852501002084
1491.5600418186189,-72.07536650323529,-72.07536650323529
1491.5700418186188,-72.07221622675429,-72.07221622675429
1491.5800418186188,-72.0690744380133,-72.0690744380133
1491.5900418186188,-72.06594139054866,-72.06594139054866
1491.6000418186188,-72.06281733407265,-72.06281733407265
1491.6100418186188,-72.05970251449675,-72.05970251449675
1491.6200418186188,-72.05659717398109,-72.05659717398109
1491.6300418186188,-72.0535015509686,-72.0535015509686
1491.6400418186188,-72.0504158802175,-72.0504158802175
1491.6500418186188,-72.04734039284403,-72.04734039284403
1491.6600418186188,-72.04427531633998,-72.04427531633998
1491.6700418186188,-72.04122087462619,-72.04122087462619
1491.6800418186187,-72.0381772880555,-72.0381772880555
1491.6900418186187,-72.03514477347517,-72.03514477347517
1491.7000418186187,-72.03212354422104,-72.03212354422104
1491.7100418186187,-72.02911381016989,-72.02911381016989
1491.7200418186187,-72.02611577776462,-72.02611577776462
1491.7300418186187,-72.02312965004674,-72.02312965004674
1491.7400418186187,-72.020155626665,-72.020155626665
1491.7500418424606,-72.01719389688206,-72.01719389688206
1491.7600418424606,-72.0142446678232,-72.0142446678232
1491.7700418424606,-72.01130812208399,-72.01130812208399
1491.7800418424606,-72.00838444609123,-72.00838444609123
1491.7900418424606,-72.00547382304296,-72.00547382304296
1491.8000418424606,-72.00257643290853,-72.00257643290853
1491.8100418424606,-71.99969245250813,-71.99969245250813
1491.8200418424606,-71.9968220554791,-71.9968220554791
1491.8300418424606,-71.9939654123564,-71.9939654123564
1491.8400418424606,-71.99112269058026,-71.99112269058026
1491.8500418424605,-71.9882940545168,-71.9882940545168
1491.8600418424605,-71.98547966550801,-71.98547966550801
1491.8700418424605,-71.98267968187947,-71.98267968187947
1491.8800418424607,-71.9798942589896,-71.9798942589896
1491.8900418424607,-71.97712354924464,-71.97712354924464
1491.9000418424607,-71.97436770213257,-71.97436770213257
1491.9100418424607,-71.97162686425355,-71.97162686425355
1491.9200418424607,-71.96890117934394,-71.96890117934394
1491.9300418424607,-71.96619078831799,-71.96619078831799
1491.9400418424607,-71.96349582928228,-71.96349582928228
1491.9500418424607,-71.96081643757954,-71.96081643757954
1491.9600418424607,-71.95815274579968,-71.95815274579968
1491.9700418424607,-71.95550488382354,-71.95550488382354
1491.9800418424607,-71.95287297886412,-71.95287297886412
1491.9900418424606,-71.95025715545778,-71.95025715545778
1492.0000418424606,-71.94765753553617,-71.94765753553617
1492.0100418424606,-71.94507423842599,-71.94507423842599
1492.0200418424606,-71.94250738088809,-71.94250738088809
1492.0300418424606,-71.93995707715192,-71.93995707715192
1492.0400418424606,-71.9374234389362,-71.9374234389362
1492.0500418424606,-71.93490657548138,-71.93490657548138
1492.0600418424606,-71.93240659358523,-71.93240659358523
1492.0700418424606,-71.92992359760896,-71.92992359760896
1492.0800418424606,-71.92745768954114,-71.92745768954114
1492.0900418424606,-71.92500896899794,-71.92500896899794
1492.1000418424605,-71.9225775332551,-71.9225775332551
1492.1100418424605,-71.92016347728551,-71.92016347728551
1492.1200418424605,-71.91776689379589,-71.91776689379589
1492.1300418424607,-71.91538787322368,-71.91538787322368
1492.1400418424607,-71.91302650379829,-71.91302650379829
1492.1500418424607,-71.91068287153782,-71.91068287153782
1492.1600418424607,-71.90835706031251,-71.90835706031251
1492.1700418424607,-71.90604915183934,-71.90604915183934
1492.1800418424607,-71.90375922571907,-71.90375922571907
1492.1900418424607,-71.90148735947861,-71.90148735947861
1492.2000418424607,-71.89923362857938,-71.89923362857938
1492.2100418424607,-71.89699810644461,-71.89699810644461
1492.2200418424607,-71.89478086450343,-71.89478086450343
1492.2300418424607,-71.89258197219256,-71.89258197219256
1492.2400418424606,-71.8904014970015,-71.8904014970015
1492.2500418424606,-71.88823950448635,-71.88823950448635
1492.2600418424606,-71.8860960582966,-71.8860960582966
1492.2700418424606,-71.88397122021993,-71.88397122021993
1492.2800418424606,-71.88186505017798,-71.88186505017798
1492.2900418424606,-71.87977760626445,-71.87977760626445
1492.3000418424606,-71.87770894477644,-71.87770894477644
1492.3100418424606,-71.8756591202276,-71.8756591202276
1492.3200418424606,-71.87362818537699,-71.87362818537699
1492.3300418424606,-71.87161619125796,-71.87161619125796
1492.3400418424606,-71.86962318719084,-71.86962318719084
1492.3500418424605,-71.86764922081215,-71.86764922081215
1492.3600418424605,-71.86569433810674,-71.86569433810674
1492.3700418424605,-71.86375858342038,-71.86375858342038
1492.3800418424607,-71.861841999478,-71.861841999478
1492.3900418424607,-71.85994462741714,-71.85994462741714
1492.4000418424607,-71.85806650680972,-71.85806650680972
1492.4100418424607,-71.85620767567082,-71.85620767567082
1492.4200418424607,-71.85436817050812,-71.85436817050812
1492.4300418424607,-71.85254802631124,-71.85254802631124
1492.4400418424607,-71.85074727659162,-71.85074727659162
1492.4500418424607,-71.84896595339849,-71.84896595339849
1492.4600418424607,-71.84720408733901,-71.84720408733901
1492.4700418424607,-71.84546170761541,-71.84546170761541
1492.4800418424607,-71.84373884202445,-71.84373884202445
1492.4900418424606,-71.84203551696889,-71.84203551696889
1492.5000418424606,-71.84035175751856,-71.84035175751856
1492.5100418424606,-71.83868758739756,-71.83868758739756
1492.5200418424606,-71.83704302899679,-71.83704302899679
1492.5300418424606,-71.83541810342972,-71.83541810342972
1492.5400418424606,-71.83381283051624,-71.83381283051624
1492.5500418424606,-71.83222722881904,-71.83222722881904
1492.5600418424606,-71.83066131566186,-71.83066131566186
1492.5700418424606,-71.82911510713627,-71.82911510713627
1492.5800418424606,-71.82758861814352,-71.82758861814352
1492.5900418424606,-71.82608186238,-71.82608186238
1492.6000418663025,-71.82459484884029,-71.82459484884029
1492.6100418663025,-71.82312759605774,-71.82312759605774
1492.6200418663025,-71.8216801106755,-71.8216801106755
1492.6300418663025,-71.8202524018131,-71.8202524018131
1492.6400418663025,-71.81884447751817,-71.81884447751817
1492.6500418663024,-71.81745634473214,-71.81745634473214
1492.6600418663024,-71.81608800934698,-71.81608800934698
1492.6700418663024,-71.81473947619273,-71.81473947619273
1492.6800418663024,-71.81341074905723,-71.81341074905723
1492.6900418663024,-71.81210183073455,-71.81210183073455
1492.7000418663024,-71.81081272299939,-71.81081272299939
1492.7100418663024,-71.80954342663392,-71.80954342663392
1492.7200418663024,-71.80829394146858,-71.80829394146858
1492.7300418663026,-71.80706426636296,-71.80706426636296
1492.7400418663026,-71.80585439923507,-71.80585439923507
1492.7500418663026,-71.80466433708983,-71.80466433708983
1492.7600418663026,-71.80349407600241,-71.80349407600241
1492.7700418663026,-71.80234361117338,-71.80234361117338
1492.7800418663026,-71.80121293689487,-71.80121293689487
1492.7900418663025,-71.80010204660317,-71.80010204660317
1492.8000418663025,-71.79901093287792,-71.79901093287792
1492.8100418663025,-71.79793958746379,-71.79793958746379
1492.8200418663025,-71.79688800127423,-71.79688800127423
1492.8300418663025,-71.79585616439776,-71.79585616439776
1492.8400418663025,-71.79484406613248,-71.79484406613248
1492.8500418663025,-71.79385169498816,-71.79385169498816
1492.8600418663025,-71.79287903868683,-71.79287903868683
1492.8700418663025,-71.7919260842072,-71.7919260842072
1492.8800418663025,-71.7909928177653,-71.7909928177653
1492.8900418663025,-71.79007922484008,-71.79007922484008
1492.9000418663024,-71.78918529019069,-71.78918529019069
1492.9100418663024,-71.78831099784823,-71.78831099784823
1492.9200418663024,-71.78745633115619,-71.78745633115619
1492.9300418663024,-71.78662127276863,-71.78662127276863
1492.9400418663024,-71.78580580465412,-71.78580580465412
1492.9500418663024,-71.78500990811132,-71.78500990811132
1492.9600418663024,-71.78422730571859,-71.78422730571859
1492.9700418663024,-71.78345523891407,-71.78345523891407
1492.9800418663026,-71.78269235645344,-71.78269235645344
1492.9900418663026,-71.78193795895913,-71.78193795895913
1493.0000418663026,-71.7811917102663,-71.7811917102663
1493.0100418663026,-71.78045348740896,-71.78045348740896
1493.0200418663026,-71.77972329251267,-71.77972329251267
1493.0300418663026,-71.77900119978895,-71.77900119978895
1493.0400418663025,-71.77828732363707,-71.77828732363707
1493.0500418663025,-71.77758179951046,-71.77758179951046
1493.0600418663025,-71.77688477245715,-71.77688477245715
1493.0700418663025,-71.77619639042555,-71.77619639042555
1493.0800418663025,-71.77551680040254,-71.77551680040254
1493.0900418663025,-71.77484614632993,-71.77484614632993
1493.1000418663025,-71.7741845680609,-71.7741845680609
1493.1100418663025,-71.77353220094199,-71.77353220094199
1493.1200418663025,-71.77288917576794,-71.77288917576794
1493.1300418663025,-71.77225561896688,-71.77225561896688
1493.1400418663025,-71.77163165282172,-71.77163165282172
1493.1500418663024,-71.77101739581026,-71.77101739581026
1493.1600418663024,-71.77041296290959,-71.77041296290959
1493.1700418663024,-71.76981846587957,-71.76981846587957
1493.1800418663024,-71.76923401356252,-71.76923401356252
1493.1900418663024,-71.76865971212659,-71.76865971212659
1493.2000418663024,-71.76809566526563,-71.76809566526563
1493.2100418663024,-71.7675419744227,-71.7675419744227
1493.2200418663024,-71.7669987389329,-71.7669987389329
1493.2300418663026,-71.76646605617333,-71.76646605617333
1493.2400418663026,-71.76594402167903,-71.76594402167903
1493.2500418663026,-71.7654327292487,-71.7654327292487
1493.2600418663026,-71.76493227103128,-71.76493227103128
1493.2700418663026,-71.76444273760222,-71.76444273760222
1493.2800418663026,-71.76396421799892,-71.76396421799892
1493.2900418663025,-71.76349679981273,-71.76349679981273
1493.3000418663025,-71.76304056918987,-71.76304056918987
1493.3100418663025,-71.76259561089502,-71.76259561089502
1493.3200418663025,-71.76216200831675,-71.76216200831675
1493.3300418663025,-71.7617398435059,-71.7617398435059
1493.3400418663025,-71.76132919718064,-71.76132919718064
1493.3500418663025,-71.76093014876902,-71.76093014876902
1493.3600418663025,-71.76054277636926,-71.76054277636926
1493.3700418663025,-71.76016715682097,-71.76016715682097
1493.3800418663025,-71.75980336566319,-71.75980336566319
1493.3900418663025,-71.75945147717222,-71.75945147717222
1493.4000418663024,-71.75911156433924,-71.75911156433924
1493.4100418663024,-71.75878369890316,-71.75878369890316
1493.4200418663024,-71.7584679513318,-71.7584679513318
1493.4300418663024,-71.75816439083081,-71.75816439083081
1493.4400418663024,-71.75787308534234,-71.75787308534234
1493.4500418901443,-71.75759410089839,-71.75759410089839
1493.4600418901443,-71.75732750429032,-71.75732750429032
1493.4700418901443,-71.75707335899051,-71.75707335899051
1493.4800418901443,-71.75683172792301,-71.75683172792301
1493.4900418901443,-71.7566026727669,-71.7566026727669
1493.5000418901443,-71.75638625394087,-71.75638625394087
1493.5100418901443,-71.75618253062262,-71.75618253062262
1493.5200418901443,-71.75599156074851,-71.75599156074851
1493.5300418901443,-71.75581340099333,-71.75581340099333
1493.5400418901443,-71.75564810681544,-71.75564810681544
1493.5500418901443,-71.75549573243029,-71.75549573243029
1493.5600418901442,-71.75535633080929,-71.75535633080929
1493.5700418901442,-71.75522995371516,-71.75522995371516
1493.5800418901445,-71.75511665167399,-71.75511665167399
1493.5900418901444,-71.75501647400093,-71.75501647400093
1493.6000418901444,-71.75492946878963,-71.75492946878963
1493.6100418901444,-71.75485568293038,-71.75485568293038
1493.6200418901444,-71.75479516210166,-71.75479516210166
1493.6300418901444,-71.75474795080055,-71.75474795080055
1493.6400418901444,-71.75471409232776,-71.75471409232776
1493.6500418901444,-71.75469362878978,-71.75469362878978
1493.6600418901444,-71.75468660113317,-71.75468660113317
1493.6700418901444,-71.75469304912575,-71.75469304912575
1493.6800418901444,-71.75471301137699,-71.75471301137699
1493.6900418901444,-71.75474652534096,-71.75474652534096
1493.7000418901443,-71.75479362732528,-71.75479362732528
1493.7100418901443,-71.75485435250489,-71.75485435250489
1493.7200418901443,-71.75492873491615,-71.75492873491615
1493.7300418901443,-71.75501680749498,-71.75501680749498
1493.7400418901443,-71.75511860204293,-71.75511860204293
1493.7500418901443,-71.75523414927287,-71.75523414927287
1493.7600418901443,-71.75536347880113,-71.75536347880113
1493.7700418901443,-71.75550661916212,-71.75550661916212
1493.7800418901443,-71.75566359783066,-71.75566359783066
1493.7900418901443,-71.7558344411946,-71.7558344411946
1493.8000418901443,-71.75601917459305,-71.75601917459305
1493.8100418901442,-71.75621782233982,-71.75621782233982
1493.8200418901442,-71.75643040770022,-71.75643040770022
1493.8300418901445,-71.75665695292439,-71.75665695292439
1493.8400418901444,-71.7568974792436,-71.7568974792436
1493.8500418901444,-71.75715200689675,-71.75715200689675
1493.8600418901444,-71.75742055512556,-71.75742055512556
1493.8700418901444,-71.75770314218632,-71.75770314218632
1493.8800418901444,-71.75799978537803,-71.75799978537803
1493.8900418901444,-71.75831050102828,-71.75831050102828
1493.9000418901444,-71.75863530452754,-71.75863530452754
1493.9100418901444,-71.75897421032268,-71.75897421032268
1493.9200418901444,-71.75932723193606,-71.75932723193606
1493.9300418901444,-71.75969438197549,-71.75969438197549
1493.9400418901444,-71.76007567214053,-71.76007567214053
1493.9500418901443,-71.76047111324536,-71.76047111324536
1493.9600418901443,-71.76088071522098,-71.76088071522098
1493.9700418901443,-71.76130448711952,-71.76130448711952
1493.9800418901443,-71.76174243713184,-71.76174243713184
1493.9900418901443,-71.76219457262114,-71.76219457262114
1494.0000418901443,-71.76266090007078,-71.76266090007078
1494.0100418901443,-71.76314142517434,-71.76314142517434
1494.0200418901443,-71.76363615278402,-71.76363615278402
1494.0300418901443,-71.7641450869676,-71.7641450869676
1494.0400418901443,-71.76466823097851,-71.76466823097851
1494.0500418901443,-71.76520558729538,-71.76520558729538
1494.0600418901442,-71.76575715762651,-71.76575715762651
1494.0700418901442,-71.76632294290476,-71.76632294290476
1494.0800418901445,-71.76690294330878,-71.76690294330878
1494.0900418901444,-71.76749715829308,-71.76749715829308
1494.1000418901444,-71.76810558656867,-71.76810558656867
1494.1100418901444,-71.76872822612863,-71.76872822612863
1494.1200418901444,-71.76936507424618,-71.76936507424618
1494.1300418901444,-71.7700161275069,-71.7700161275069
1494.1400418901444,-71.77068138180259,-71.77068138180259
1494.1500418901444,-71.77136083233765,-71.77136083233765
1494.1600418901444,-71.77205447365688,-71.77205447365688
1494.1700418901444,-71.77276229963552,-71.77276229963552
1494.1800418901444,-71.77348430350376,-71.77348430350376
1494.1900418901444,-71.7742204778488,-71.7742204778488
1494.2000418901443,-71.77497081462229,-71.77497081462229
1494.2100418901443,-71.77573530517144,-71.77573530517144
1494.2200418901443,-71.77651394021689,-71.77651394021689
1494.2300418901443,-71.77730670987943,-71.77730670987943
1494.2400418901443,-71.77811360369297,-71.77811360369297
1494.2500418901443,-71.77893461060982,-71.77893461060982
1494.2600418901443,-71.77976971899602,-71.77976971899602
1494.2700418901443,-71.78061891666361,-71.78061891666361
1494.2800418901443,-71.78148219087085,-71.78148219087085
1494.2900418901443,-71.78235952831558,-71.78235952831558
1494.3000419139862,-71.78325091729874,-71.78325091729874
1494.3100419139862,-71.78415633926558,-71.78415633926558
1494.3200419139862,-71.78507578139588,-71.78507578139588
1494.3300419139862,-71.78600922830407,-71.78600922830407
1494.3400419139862,-71.78695666409737,-71.78695666409737
1494.3500419139862,-71.78791807239142,-71.78791807239142
1494.3600419139862,-71.78889343631177,-71.78889343631177
1494.3700419139861,-71.78988273850221,-71.78988273850221
1494.3800419139861,-71.79088596114494,-71.79088596114494
1494.3900419139861,-71.79190308595214,-71.79190308595214
1494.4000419139861,-71.79293409418378,-71.79293409418378
1494.410041913986,-71.79397896665382,-71.79397896665382
1494.420041913986,-71.79503768374622,-71.79503768374622
1494.4300419139863,-71.79611022540433,-71.79611022540433
1494.4400419139863,-71.79719657115675,-71.79719657115675
1494.4500419139863,-71.7982967001124,-71.7982967001124
1494.4600419139863,-71.79941059096545,-71.79941059096545
1494.4700419139863,-71.80053822202345,-71.80053822202345
1494.4800419139863,-71.80167957119627,-71.80167957119627
1494.4900419139863,-71.8028346160014,-71.8028346160014
1494.5000419139863,-71.80400333358315,-71.80400333358315
1494.5100419139862,-71.80518570070868,-71.80518570070868
1494.5200419139862,-71.80638169379513,-71.80638169379513
1494.5300419139862,-71.8075912888801,-71.8075912888801
1494.5400419139862,-71.80881446166705,-71.80881446166705
1494.5500419139862,-71.81005118749812,-71.81005118749812
1494.5600419139862,-71.81130144139351,-71.81130144139351
1494.5700419139862,-71.81256519803523,-71.81256519803523
1494.5800419139862,-71.81384243178175,-71.81384243178175
1494.5900419139862,-71.81513311666161,-71.81513311666161
1494.6000419139862,-71.81643722640624,-71.81643722640624
1494.6100419139862,-71.8177547344308,-71.8177547344308
1494.6200419139861,-71.81908561384918,-71.81908561384918
1494.6300419139861,-71.82042983748308,-71.82042983748308
1494.6400419139861,-71.82178737786906,-71.82178737786906
1494.6500419139861,-71.82315820726477,-71.82315820726477
1494.660041913986,-71.82454229763599,-71.82454229763599
1494.670041913986,-71.82593962067733,-71.82593962067733
1494.6800419139863,-71.82735014783518,-71.82735014783518
1494.6900419139863,-71.8287738502771,-71.8287738502771
1494.7000419139863,-71.83021069892898,-71.83021069892898
1494.7100419139863,-71.83166066445898,-71.83166066445898
1494.7200419139863,-71.83312371729522,-71.83312371729522
1494.7300419139863,-71.83459982762976,-71.83459982762976
1494.7400419139863,-71.83608896541034,-71.83608896541034
1494.7500419139863,-71.83759110035578,-71.83759110035578
1494.7600419139862,-71.83910620196907,-71.83910620196907
1494.7700419139862,-71.84063423953181,-71.84063423953181
1494.7800419139862,-71.84217518211615,-71.84217518211615
1494.7900419139862,-71.84372899858188,-71.84372899858188
1494.8000419139862,-71.8452956575743,-71.8452956575743
1494.8100419139862,-71.84687512754796,-71.84687512754796
1494.8200419139862,-71.84846737676492,-71.84846737676492
1494.8300419139862,-71.85007237328763,-71.85007237328763
1494.8400419139862,-71.85169008499739,-71.85169008499739
1494.8500419139862,-71.8533204795938,-71.8533204795938
1494.8600419139862,-71.85496352460423,-71.85496352460423
1494.8700419139861,-71.85661918736885,-71.85661918736885
1494.8800419139861,-71.85828743507435,-71.85828743507435
1494.8900419139861,-71.8599682347235,-71.8599682347235
1494.9000419139861,-71.86166155317723,-71.86166155317723
1494.910041913986,-71.86336735713259,-71.86336735713259
1494.920041913986,-71.86508561312917,-71.86508561312917
1494.9300419139863,-71.86681628755771,-71.86681628755771
1494.9400419139863,-71.86855934667223,-71.86855934667223
1494.9500419139863,-71.87031475657491,-71.87031475657491
1494.9600419139863,-71.87208248323813,-71.87208248323813
1494.9700419139863,-71.87386249250424,-71.87386249250424
1494.9800419139863,-71.87565475006937,-71.87565475006937
1494.9900419139863,-71.87745922151794,-71.87745922151794
1495.0000419139863,-71.87927587230581,-71.87927587230581
1495.0100419139862,-71.88110466776874,-71.88110466776874
1495.0200419139862,-71.88294557312612,-71.88294557312612
1495.0300419139862,-71.8847985534822,-71.8847985534822
1495.0400419139862,-71.88666357384108,-71.88666357384108
1495.0500419139862,-71.88854059908562,-71.88854059908562
1495.0600419139862,-71.89042959401088,-71.89042959401088
1495.0700419139862,-71.89233052330104,-71.89233052330104
1495.0800419139862,-71.89424335155134,-71.89424335155134
1495.0900419139862,-71.8961680432563,-71.8961680432563
1495.1000419139862,-71.89810456282393,-71.89810456282393
1495.1100419139862,-71.90005287456941,-71.90005287456941
1495.1200419139861,-71.90201294273385,-71.90201294273385
1495.1300419139861,-71.9039847314657,-71.9039847314657
1495.1400419139861,-71.9059682048403,-71.9059682048403
1495.150041937828,-71.90796333160728,-71.90796333160728
1495.160041937828,-71.90997006623093,-71.90997006623093
1495.170041937828,-71.91198837725632,-71.91198837725632
1495.180041937828,-71.91401822848381,-71.91401822848381
1495.190041937828,-71.91605958362955,-71.91605958362955
1495.200041937828,-71.91811240636038,-71.91811240636038
1495.210041937828,-71.92017038642729,-71.92017038642729
1495.220041937828,-71.92223073843111,-71.92223073843111
1495.230041937828,-71.92429208675631,-71.92429208675631
1495.240041937828,-71.92635370879265,-71.92635370879265
1495.250041937828,-71.92841524599409,-71.92841524599409
1495.260041937828,-71.93047655372915,-71.93047655372915
1495.270041937828,-71.93253761320396,-71.93253761320396
1495.2800419378282,-71.93459847850679,-71.93459847850679
1495.2900419378282,-71.93665924476461,-71.93665924476461
1495.3000419378282,-71.93872002899228,-71.93872002899228
1495.3100419378281,-71.94078095869172,-71.94078095869172
1495.3200419378281,-71.94284216512506,-71.94284216512506
1495.3300419378281,-71.94490377947947,-71.94490377947947
1495.3400419378281,-71.94696593073155,-71.94696593073155
1495.350041937828,-71.94902874460531,-71.94902874460531
1495.360041937828,-71.95109234314054,-71.95109234314054
1495.370041937828,-71.95315684460279,-71.95315684460279
1495.380041937828,-71.95522236364643,-71.95522236364643
1495.390041937828,-71.95728901153248,-71.95728901153248
1495.400041937828,-71.95935689643795,-71.95935689643795
1495.410041937828,-71.9614261237148,-71.9614261237148
1495.420041937828,-71.96349679617693,-71.96349679617693
1495.430041937828,-71.96556901438679,-71.96556901438679
1495.440041937828,-71.9676428768388,-71.9676428768388
1495.450041937828,-71.96971848019373,-71.96971848019373
1495.460041937828,-71.97179591943382,-71.97179591943382
1495.470041937828,-71.97387528803243,-71.97387528803243
1495.480041937828,-71.97595667804671,-71.97595667804671
1495.490041937828,-71.97804018025634,-71.97804018025634
1495.500041937828,-71.98012588423855,-71.98012588423855
1495.510041937828,-71.98221387843094,-71.98221387843094
1495.520041937828,-71.9843042501962,-71.9843042501962
1495.5300419378282,-71.98639708587736,-71.98639708587736
1495.5400419378282,-71.98849247082705,-71.98849247082705
1495.5500419378282,-71.99059048945837,-71.99059048945837
1495.5600419378281,-71.99269122520884,-71.99269122520884
1495.5700419378281,-71.99479476064381,-71.99479476064381
1495.5800419378281,-71.99690117739578,-71.99690117739578
1495.5900419378281,-71.99901055620666,-71.99901055620666
1495.600041937828,-72.00112297693008,-72.00112297693008
1495.610041937828,-72.00323851853526,-72.00323851853526
1495.620041937828,-72.0053572590933,-72.0053572590933
1495.630041937828,-72.00747927579454,-72.00747927579454
1495.640041937828,-72.00960464494041,-72.00960464494041
1495.650041937828,-72.01173344192168,-72.01173344192168
1495.660041937828,-72.0138657412485,-72.0138657412485
1495.670041937828,-72.01600161651704,-72.01600161651704
1495.680041937828,-72.01814114041872,-72.01814114041872
1495.690041937828,-72.02028438472098,-72.02028438472098
1495.700041937828,-72.0224314202794,-72.0224314202794
1495.710041937828,-72.02457603438326,-72.02457603438326
1495.720041937828,-72.0267155431981,-72.0267155431981
1495.730041937828,-72.02884867366838,-72.02884867366838
1495.740041937828,-72.03097480569924,-72.03097480569924
1495.750041937828,-72.03309368280014,-72.03309368280014
1495.760041937828,-72.03520526175595,-72.03520526175595
1495.770041937828,-72.03730962445059,-72.03730962445059
1495.7800419378282,-72.03940692487043,-72.03940692487043
1495.7900419378282,-72.04149735721668,-72.04149735721668
1495.8000419378282,-72.04358113675065,-72.04358113675065
1495.8100419378281,-72.04565848835301,-72.04565848835301
1495.8200419378281,-72.04772963981026,-72.04772963981026
1495.8300419378281,-72.0497948179523,-72.0497948179523
1495.8400419378281,-72.05185424653448,-72.05185424653448
1495.850041937828,-72.05390814516896,-72.05390814516896
1495.860041937828,-72.05595672887833,-72.05595672887833
1495.870041937828,-72.05800020802992,-72.05800020802992
1495.880041937828,-72.06003878846322,-72.06003878846322
1495.890041937828,-72.06207267174067,-72.06207267174067
1495.900041937828,-72.0641020554055,-72.0641020554055
1495.910041937828,-72.06612713327965,-72.06612713327965
1495.920041937828,-72.0681480957542,-72.0681480957542
1495.930041937828,-72.07016513000369,-72.07016513000369
1495.940041937828,-72.07217842026216,-72.07217842026216
1495.950041937828,-72.07418814799192,-72.07418814799192
1495.960041937828,-72.07619449206723,-72.07619449206723
1495.970041937828,-72.07819762893884,-72.07819762893884
1495.980041937828,-72.08019773273685,-72.08019773273685
1495.990041937828,-72.08219497537624,-72.08219497537624
1496.00004196167,-72.0841895314237,-72.0841895314237
1496.01004196167,-72.08618155914948,-72.08618155914948
1496.02004196167,-72.08817122909187,-72.08817122909187
1496.03004196167,-72.09015870512069,-72.09015870512069
1496.0400419616699,-72.09214414920889,-72.09214414920889
1496.0500419616699,-72.09412772147444,-72.09412772147444
1496.0600419616699,-72.09610958021965,-72.09610958021965
1496.0700419616699,-72.09808988192971,-72.09808988192971
1496.0800419616698,-72.10006878131527,-72.10006878131527
1496.0900419616698,-72.1020464313035,-72.1020464313035
1496.1000419616698,-72.10402298305455,-72.10402298305455
1496.1100419616698,-72.10599858598968,-72.10599858598968
1496.1200419616698,-72.10797338776183,-72.10797338776183
1496.13004196167,-72.10994753427636,-72.10994753427636
1496.14004196167,-72.11192116972396,-72.11192116972396
1496.15004196167,-72.11389443651525,-72.11389443651525
1496.16004196167,-72.11586747536018,-72.11586747536018
1496.17004196167,-72.11784042520648,-72.11784042520648
1496.18004196167,-72.11981342328608,-72.11981342328608
1496.19004196167,-72.12178660508286,-72.12178660508286
1496.20004196167,-72.12376010436445,-72.12376010436445
1496.21004196167,-72.12573405314494,-72.12573405314494
1496.22004196167,-72.12770858173683,-72.12770858173683
1496.23004196167,-72.12968381870299,-72.12968381870299
1496.24004196167,-72.13165989089336,-72.13165989089336
1496.25004196167,-72.13363692342784,-72.13363692342784
1496.26004196167,-72.13561503971836,-72.13561503971836
1496.27004196167,-72.1375943614547,-72.1375943614547
1496.28004196167,-72.13957500862392,-72.13957500862392
1496.2900419616699,-72.1415570994941,-72.1415570994941
1496.3000419616699,-72.14354075064236,-72.14354075064236
1496.3100419616699,-72.14552607694783,-72.14552607694783
1496.3200419616699,-72.14751319159724,-72.14751319159724
1496.3300419616698,-72.14950220609354,-72.14950220609354
1496.3400419616698,-72.15149323027478,-72.15149323027478
1496.3500419616698,-72.15348637229933,-72.15348637229933
1496.3600419616698,-72.15548173866061,-72.15548173866061
1496.3700419616698,-72.15747943421954,-72.15747943421954
1496.38004196167,-72.15947956217181,-72.15947956217181
1496.39004196167,-72.16148222408934,-72.16148222408934
1496.40004196167,-72.16348751991578,-72.16348751991578
1496.41004196167,-72.16549554798513,-72.16549554798513
1496.42004196167,-72.16750640502045,-72.16750640502045
1496.43004196167,-72.16952018615187,-72.16952018615187
1496.44004196167,-72.17153698492994,-72.17153698492994
1496.45004196167,-72.1735568933268,-72.1735568933268
1496.46004196167,-72.1755800017637,-72.1755800017637
1496.47004196167,-72.17760639910313,-72.17760639910313
1496.48004196167,-72.17963617267999,-72.17963617267999
1496.49004196167,-72.18166940828677,-72.18166940828677
1496.50004196167,-72.18370619022367,-72.18370619022367
1496.51004196167,-72.1857466012866,-72.1857466012866
1496.52004196167,-72.18779072277798,-72.18779072277798
1496.53004196167,-72.18983863453207,-72.18983863453207
1496.5400419616699,-72.19189041492454,-72.19189041492454
1496.5500419616699,-72.19394614088206,-72.19394614088206
1496.5600419616699,-72.19600588790327,-72.19600588790327
1496.5700419616699,-72.19806973006321,-72.19806973006321
1496.5800419616698,-72.20013774002328,-72.20013774002328
1496.5900419616698,-72.20220998906677,-72.20220998906677
1496.6000419616698,-72.2042865470926,-72.2042865470926
1496.6100419616698,-72.20636748263564,-72.20636748263564
1496.6200419616698,-72.20845286288379,-72.20845286288379
1496.63004196167,-72.21054275367945,-72.21054275367945
1496.64004196167,-72.21263721956952,-72.21263721956952
1496.65004196167,-72.21473632376588,-72.21473632376588
1496.66004196167,-72.21684012819831,-72.21684012819831
1496.67004196167,-72.21894869352248,-72.21894869352248
1496.68004196167,-72.22106207912663,-72.22106207912663
1496.69004196167,-72.22318034314917,-72.22318034314917
1496.70004196167,-72.22530354249741,-72.22530354249741
1496.71004196167,-72.2274317328435,-72.2274317328435
1496.72004196167,-72.22956496867674,-72.22956496867674
1496.73004196167,-72.2317033032706,-72.2317033032706
1496.74004196167,-72.23384678873371,-72.23384678873371
1496.75004196167,-72.23599547600293,-72.23599547600293
1496.76004196167,-72.23814941487842,-72.23814941487842
1496.77004196167,-72.24030865400802,-72.24030865400802
1496.78004196167,-72.24247324092312,-72.24247324092312
1496.7900419616699,-72.24464322205351,-72.24464322205351
1496.8000419616699,-72.24681864273869,-72.24681864273869
1496.8100419616699,-72.24899954722034,-72.24899954722034
1496.8200419616699,-72.25118597869125,-72.25118597869125
1496.8300419616698,-72.25337797928259,-72.25337797928259
1496.8400419616698,-72.25557559008656,-72.25557559008656
1496.8500419855118,-72.25777885642371,-72.25777885642371
1496.8600419855118,-72.25998780687625,-72.25998780687625
1496.8700419855118,-72.26220248472,-72.26220248472
1496.8800419855118,-72.26442292703669,-72.26442292703669
1496.8900419855117,-72.2666491699328,-72.2666491699328
1496.9000419855117,-72.26888124854482,-72.26888124854482
1496.9100419855117,-72.27111919706547,-72.27111919706547
1496.9200419855117,-72.27336304876397,-72.27336304876397
1496.9300419855117,-72.275612835981,-72.275612835981
1496.9400419855117,-72.27786859015303,-72.27786859015303
1496.9500419855117,-72.28013034180923,-72.28013034180923
1496.9600419855117,-72.28239812062012,-72.28239812062012
1496.9700419855117,-72.28467195536848,-72.28467195536848
1496.980041985512,-72.28695187397537,-72.28695187397537
1496.9900419855119,-72.2892379035237,-72.2892379035237
1497.0000419855119,-72.2915300702616,-72.2915300702616
1497.0100419855119,-72.2938283996123,-72.2938283996123
1497.0200419855119,-72.29613291619164,-72.29613291619164
1497.0300419855118,-72.29844364381566,-72.29844364381566
1497.0400419855118,-72.300760605502,-72.300760605502
1497.0500419855118,-72.30308382351309,-72.30308382351309
1497.0600419855118,-72.30541331933377,-72.30541331933377
1497.0700419855118,-72.3077491136916,-72.3077491136916
1497.0800419855118,-72.31009122657522,-72.31009122657522
1497.0900419855118,-72.31243967723934,-72.31243967723934
1497.1000419855118,-72.31479448422391,-72.31479448422391
1497.1100419855118,-72.31715566535794,-72.31715566535794
1497.1200419855118,-72.31952323776395,-72.31952323776395
1497.1300419855118,-72.32189721787806,-72.32189721787806
1497.1400419855117,-72.32427762146237,-72.32427762146237
1497.1500419855117,-72.32666446359845,-72.32666446359845
1497.1600419855117,-72.32905775871959,-72.32905775871959
1497.1700419855117,-72.33145752061294,-72.33145752061294
1497.1800419855117,-72.33386376241334,-72.33386376241334
1497.1900419855117,-72.33627649663887,-72.33627649663887
1497.2000419855117,-72.33869573517269,-72.33869573517269
1497.2100419855117,-72.3411214893121,-72.3411214893121
1497.2200419855117,-72.34355376973036,-72.34355376973036
1497.230041985512,-72.34599258651942,-72.34599258651942
1497.2400419855119,-72.34843794918889,-72.34843794918889
1497.2500419855119,-72.35088986667591,-72.35088986667591
1497.2600419855119,-72.35334834734473,-72.35334834734473
1497.2700419855119,-72.3558133990131,-72.3558133990131
1497.2800419855118,-72.35828502895264,-72.35828502895264
1497.2900419855118,-72.36076324389327,-72.36076324389327
1497.3000419855118,-72.36324805002619,-72.36324805002619
1497.3100419855118,-72.36573945303941,-72.36573945303941
1497.3200419855118,-72.36823745809063,-72.36823745809063
1497.3300419855118,-72.37074206984695,-72.37074206984695
1497.3400419855118,-72.37325329247116,-72.37325329247116
1497.3500419855118,-72.37577112963592,-72.37577112963592
1497.3600419855118,-72.37829558453187,-72.37829558453187
1497.3700419855118,-72.38082665987436,-72.38082665987436
1497.3800419855118,-72.38336435791906,-72.38336435791906
1497.3900419855117,-72.38590868046312,-72.38590868046312
1497.4000419855117,-72.38845962885627,-72.38845962885627
1497.4100419855117,-72.39101720398409,-72.39101720398409
1497.4200419855117,-72.39358140632876,-72.39358140632876
1497.4300419855117,-72.39615223591255,-72.39615223591255
1497.4400419855117,-72.39872969235215,-72.39872969235215
1497.4500419855117,-72.40131377485234,-72.40131377485234
1497.4600419855117,-72.40390448219215,-72.40390448219215
1497.4700419855117,-72.40650181276366,-72.40650181276366
1497.480041985512,-72.40910576455941,-72.40910576455941
1497.4900419855119,-72.41171633518303,-72.41171633518303
1497.5000419855119,-72.4143335218627,-72.4143335218627
1497.5100419855119,-72.41695732143914,-72.41695732143914
1497.5200419855119,-72.41958773038918,-72.41958773038918
1497.5300419855118,-72.42222474483434,-72.42222474483434
1497.5400419855118,-72.42486836052936,-72.42486836052936
1497.5500419855118,-72.42751857288498,-72.42751857288498
1497.5600419855118,-72.43017537695779,-72.43017537695779
1497.5700419855118,-72.4328387674721,-72.4328387674721
1497.5800419855118,-72.435508738825,-72.435508738825
1497.5900419855118,-72.4381852850759,-72.4381852850759
1497.6000419855118,-72.44086839995992,-72.44086839995992
1497.6100419855118,-72.44355807690985,-72.44355807690985
1497.6200419855118,-72.4462543090425,-72.4462543090425
1497.6300419855118,-72.4489570891603,-72.4489570891603
1497.6400419855117,-72.4516664097782,-72.4516664097782
1497.6500419855117,-72.45438226310651,-72.45438226310651
1497.6600419855117,-72.45710464106385,-72.45710464106385
1497.6700419855117,-72.45983353529958,-72.45983353529958
1497.6800419855117,-72.46256893716864,-72.46256893716864
1497.6900419855117,-72.46531083777126,-72.46531083777126
1497.7000420093536,-72.46805923444887,-72.46805923444887
1497.7100420093536,-72.47081410470416,-72.47081410470416
1497.7200420093536,-72.47357544533362,-72.47357544533362
1497.7300420093536,-72.47634324638155,-72.47634324638155
1497.7400420093536,-72.47911749763581,-72.47911749763581
1497.7500420093536,-72.48189818863516,-72.48189818863516
1497.7600420093536,-72.48468530866879,-72.48468530866879
1497.7700420093536,-72.48747884680962,-72.48747884680962
1497.7800420093536,-72.49027879187973,-72.49027879187973
1497.7900420093536,-72.49308513247924,-72.49308513247924
1497.8000420093535,-72.49589785697809,-72.49589785697809
1497.8100420093535,-72.49871695352932,-72.49871695352932
1497.8200420093535,-72.50154241007981,-72.50154241007981
1497.8300420093537,-72.50437421435167,-72.50437421435167
1497.8400420093537,-72.50721235385329,-72.50721235385329
1497.8500420093537,-72.51005681591244,-72.51005681591244
1497.8600420093537,-72.51290758763044,-72.51290758763044
1497.8700420093537,-72.51576465592821,-72.51576465592821
1497.8800420093537,-72.51862800752906,-72.51862800752906
1497.8900420093537,-72.5214976289685,-72.5214976289685
1497.9000420093537,-72.52437350659758,-72.52437350659758
1497.9100420093537,-72.52725562658041,-72.52725562658041
1497.9200420093537,-72.53014397490723,-72.53014397490723
1497.9300420093537,-72.53303853738865,-72.53303853738865
1497.9400420093536,-72.53593929967157,-72.53593929967157
1497.9500420093536,-72.53884624723648,-72.53884624723648
1497.9600420093536,-72.5417593653868,-72.5417593653868
1497.9700420093536,-72.544678639268,-72.544678639268
1497.9800420093536,-72.54760405387775,-72.54760405387775
1497.9900420093536,-72.55053559405303,-72.55053559405303
1498.0000420093536,-72.55347324448162,-72.55347324448162
1498.0100420093536,-72.55641698968786,-72.55641698968786
1498.0200420093536,-72.55936681407393,-72.55936681407393
1498.0300420093536,-72.56232270188322,-72.56232270188322
1498.0400420093536,-72.56528463722533,-72.56528463722533
1498.0500420093535,-72.5682526040712,-72.5682526040712
1498.0600420093535,-72.57122658626963,-72.57122658626963
1498.0700420093535,-72.57420656750834,-72.57420656750834
1498.0800420093537,-72.5771925313823,-72.5771925313823
1498.0900420093537,-72.58018446134456,-72.58018446134456
1498.1000420093537,-72.58318234072208,-72.58318234072208
1498.1100420093537,-72.5861861527307,-72.5861861527307
1498.1200420093537,-72.58919588046281,-72.58919588046281
1498.1300420093537,-72.59221150690074,-72.59221150690074
1498.1400420093537,-72.59523301491029,-72.59523301491029
1498.1500420093537,-72.59826038725694,-72.59826038725694
1498.1600420093537,-72.6012936065826,-72.6012936065826
1498.1700420093537,-72.60433265543827,-72.60433265543827
1498.1800420093537,-72.60737751626702,-72.60737751626702
1498.1900420093536,-72.61042817141531,-72.61042817141531
1498.2000420093536,-72.61348460313245,-72.61348460313245
1498.2100420093536,-72.61654679356907,-72.61654679356907
1498.2200420093536,-72.61961472478694,-72.61961472478694
1498.2300420093536,-72.62268837875388,-72.62268837875388
1498.2400420093536,-72.62576773734904,-72.62576773734904
1498.2500420093536,-72.62885278237175,-72.62885278237175
1498.2600420093536,-72.63194349551986,-72.63194349551986
1498.2700420093536,-72.63503985843396,-72.63503985843396
1498.2800420093536,-72.6381418526615,-72.6381418526615
1498.2900420093536,-72.64124945966842,-72.64124945966842
1498.3000420093535,-72.6443626608485,-72.6443626608485
1498.3100420093535,-72.64748143753087,-72.64748143753087
1498.3200420093535,-72.65060577096102,-72.65060577096102
1498.3300420093537,-72.65373564231278,-72.65373564231278
1498.3400420093537,-72.65687103270764,-72.65687103270764
1498.3500420093537,-72.66001192318693,-72.66001192318693
1498.3600420093537,-72.66315829472923,-72.66315829472923
1498.3700420093537,-72.66631012824897,-72.66631012824897
1498.3800420093537,-72.6694674046118,-72.6694674046118
1498.3900420093537,-72.67263010461872,-72.67263010461872
1498.4000420093537,-72.67579820900285,-72.67579820900285
1498.4100420093537,-72.67897169845708,-72.67897169845708
1498.4200420093537,-72.68215055361361,-72.68215055361361
1498.4300420093537,-72.68533475505112,-72.68533475505112
1498.4400420093536,-72.68852428330834,-72.68852428330834
1498.4500420093536,-72.6917191188494,-72.6917191188494
1498.4600420093536,-72.69491289867192,-72.69491289867192
1498.4700420093536,-72.69810282161724,-72.69810282161724
1498.4800420093536,-72.70128751090024,-72.70128751090024
1498.4900420093536,-72.70446624926011,-72.70446624926011
1498.5000420093536,-72.70763868706081,-72.70763868706081
1498.5100420093536,-72.71080469067911,-72.71080469067911
1498.5200420093536,-72.71396425362478,-72.71396425362478
1498.5300420093536,-72.71711744314355,-72.71711744314355
1498.5400420093536,-72.72026436810067,-72.72026436810067
1498.5500420331955,-72.72340516716257,-72.72340516716257
1498.5600420331955,-72.72653996739224,-72.72653996739224
1498.5700420331955,-72.72966892235605,-72.72966892235605
1498.5800420331955,-72.7327921783162,-72.7327921783162
1498.5900420331955,-72.73590987956126,-72.73590987956126
1498.6000420331955,-72.73902216733624,-72.73902216733624
1498.6100420331954,-72.74212917940137,-72.74212917940137
1498.6200420331954,-72.74523104992802,-72.74523104992802
1498.6300420331954,-72.74832790965272,-72.74832790965272
1498.6400420331954,-72.75141988608489,-72.75141988608489
1498.6500420331954,-72.75450710378747,-72.75450710378747
1498.6600420331954,-72.75758968465288,-72.75758968465288
1498.6700420331954,-72.76066774818392,-72.76066774818392
1498.6800420331956,-72.76374141173191,-72.76374141173191
1498.6900420331956,-72.76681079071356,-72.76681079071356
1498.7000420331956,-72.76987599881225,-72.76987599881225
1498.7100420331956,-72.77293714815188,-72.77293714815188
1498.7200420331956,-72.77599434942032,-72.77599434942032
1498.7300420331956,-72.77904771200123,-72.77904771200123
1498.7400420331956,-72.78209734407581,-72.78209734407581
1498.7500420331955,-72.78514335268252,-72.78514335268252
1498.7600420331955,-72.78818584381787,-72.78818584381787
1498.7700420331955,-72.7912249224493,-72.7912249224493
1498.7800420331955,-72.79426069260002,-72.79426069260002
1498.7900420331955,-72.79729325735521,-72.79729325735521
1498.8000420331955,-72.80032271889176,-72.80032271889176
1498.8100420331955,-72.80334917849409,-72.80334917849409
1498.8200420331955,-72.80637273657554,-72.80637273657554
1498.8300420331955,-72.80939349268324,-72.80939349268324
1498.8400420331955,-72.81241154550752,-72.81241154550752
1498.8500420331955,-72.81542699287397,-72.81542699287397
1498.8600420331954,-72.81843993175295,-72.81843993175295
1498.8700420331954,-72.82145045824258,-72.82145045824258
1498.8800420331954,-72.82445866758924,-72.82445866758924
1498.8900420331954,-72.82746465414759,-72.82746465414759
1498.9000420331954,-72.83046851139956,-72.83046851139956
1498.9100420331954,-72.83347033194507,-72.83347033194507
1498.9200420331954,-72.83647020748735,-72.83647020748735
1498.9300420331956,-72.83946822883748,-72.83946822883748
1498.9400420331956,-72.84246448589269,-72.84246448589269
1498.9500420331956,-72.84545906762213,-72.84545906762213
1498.9600420331956,-72.84845206208678,-72.84845206208678
1498.9700420331956,-72.85144355641553,-72.85144355641553
1498.9800420331956,-72.85443363678587,-72.85443363678587
1498.9900420331956,-72.85742238845329,-72.85742238845329
1499.0000420331955,-72.86040989569383,-72.86040989569383
1499.0100420331955,-72.86339624185386,-72.86339624185386
1499.0200420331955,-72.86638150930142,-72.86638150930142
1499.0300420331955,-72.86936577944984,-72.86936577944984
1499.0400420331955,-72.87234913273014,-72.87234913273014
1499.0500420331955,-72.87533164860562,-72.87533164860562
1499.0600420331955,-72.878313405561,-72.878313405561
1499.0700420331955,-72.88129448109672,-72.88129448109672
1499.0800420331955,-72.88427495173097,-72.88427495173097
1499.0900420331955,-72.88725489300525,-72.88725489300525
1499.1000420331955,-72.89023437946577,-72.89023437946577
1499.1100420331954,-72.89321348467537,-72.89321348467537
1499.1200420331954,-72.89619228120169,-72.89619228120169
1499.1300420331954,-72.89917084063701,-72.89917084063701
1499.1400420331954,-72.90214923358664,-72.90214923358664
1499.1500420331954,-72.90512752966092,-72.90512752966092
1499.1600420331954,-72.90810579749126,-72.90810579749126
1499.1700420331954,-72.91108410472899,-72.91108410472899
1499.1800420331956,-72.91406251804429,-72.91406251804429
1499.1900420331956,-72.91704110313462,-72.91704110313462
1499.2000420331956,-72.92001992471506,-72.92001992471506
1499.2100420331956,-72.92299904652624,-72.92299904652624
1499.2200420331956,-72.92597853135513,-72.92597853135513
1499.2300420331956,-72.92895844102539,-72.92895844102539
1499.2400420331956,-72.9319388363925,-72.9319388363925
1499.2500420331955,-72.93491977735971,-72.93491977735971
1499.2600420331955,-72.93790132289278,-72.93790132289278
1499.2700420331955,-72.94088353099046,-72.94088353099046
1499.2800420331955,-72.9438664587356,-72.9438664587356
1499.2900420331955,-72.94685016226612,-72.94685016226612
1499.3000420331955,-72.94983469679933,-72.94983469679933
1499.3100420331955,-72.95282011663791,-72.95282011663791
1499.3200420331955,-72.9558064751477,-72.9558064751477
1499.3300420331955,-72.95879382480821,-72.95879382480821
1499.3400420331955,-72.96178221718962,-72.96178221718962
1499.3500420331955,-72.96477170296262,-72.96477170296262
1499.3600420331954,-72.96776233192128,-72.96776233192128
1499.3700420331954,-72.97075415297579,-72.97075415297579
1499.3800420331954,-72.97374721416371,-72.97374721416371
1499.3900420331954,-72.97674156265045,-72.97674156265045
1499.4000420570374,-72.97973725189136,-72.97973725189136
1499.4100420570373,-72.98273431309235,-72.98273431309235
1499.4200420570373,-72.98573279798157,-72.98573279798157
1499.4300420570373,-72.98873275035419,-72.98873275035419
1499.4400420570373,-72.99173421316614,-72.99173421316614
1499.4500420570373,-72.99473722856425,-72.99473722856425
1499.4600420570373,-72.99773546825955,-72.99773546825955
1499.4700420570373,-73.00072617979005,-73.00072617979005
1499.4800420570373,-73.00370804012495,-73.00370804012495
1499.4900420570373,-73.00668038763821,-73.00668038763821
1499.5000420570373,-73.00964292907054,-73.00964292907054
1499.5100420570373,-73.01259558727247,-73.01259558727247
1499.5200420570372,-73.01553841203571,-73.01553841203571
1499.5300420570375,-73.01847152646842,-73.01847152646842
1499.5400420570375,-73.02139509478772,-73.02139509478772
1499.5500420570374,-73.02430930297251,-73.02430930297251
1499.5600420570374,-73.02721434721106,-73.02721434721106
1499.5700420570374,-73.0301104271188,-73.0301104271188
1499.5800420570374,-73.03299774184514,-73.03299774184514
1499.5900420570374,-73.03587648794228,-73.03587648794228
1499.6000420570374,-73.03874685826054,-73.03874685826054
1499.6100420570374,-73.04160904152683,-73.04160904152683
1499.6200420570374,-73.04446322224521,-73.04446322224521
1499.6300420570374,-73.04730958085311,-73.04730958085311
1499.6400420570374,-73.05014829393008,-73.05014829393008
1499.6500420570374,-73.05297953450803,-73.05297953450803
1499.6600420570373,-73.05580347230631,-73.05580347230631
1499.6700420570373,-73.0586202740504,-73.0586202740504
1499.6800420570373,-73.06143010372557,-73.06143010372557
1499.6900420570373,-73.0642331227751,-73.0642331227751
1499.7000420570373,-73.06702949031856,-73.06702949031856
1499.7100420570373,-73.06981936332197,-73.06981936332197
1499.7200420570373,-73.07260289673584,-73.07260289673584
1499.7300420570373,-73.07538024363598,-73.07538024363598
1499.7400420570373,-73.07815155532307,-73.07815155532307
1499.7500420570373,-73.08091698140043,-73.08091698140043
1499.7600420570373,-73.08367666984559,-73.08367666984559
1499.7700420570372,-73.08643076709036,-73.08643076709036
1499.7800420570375,-73.08917941804228,-73.08917941804228
1499.7900420570375,-73.09192276614837,-73.09192276614837
1499.8000420570374,-73.09466095339633,-73.09466095339633
1499.8100420570374,-73.09739412037872,-73.09739412037872
1499.8200420570374,-73.10012240626958,-73.10012240626958
1499.8300420570374,-73.10284594886525,-73.10284594886525
1499.8400420570374,-73.10556488460081,-73.10556488460081
1499.8500420570374,-73.1082793485181,-73.1082793485181
1499.8600420570374,-73.11098947432876,-73.11098947432876
1499.8700420570374,-73.1136953943533,-73.1136953943533
1499.8800420570374,-73.11639723958021,-73.11639723958021
1499.8900420570374,-73.11909513963376,-73.11909513963376
1499.9000420570374,-73.12178922276762,-73.12178922276762
1499.9100420570373,-73.12447961590298,-73.12447961590298
1499.9200420570373,-73.12716644457295,-73.12716644457295
1499.9300420570373,-73.1298498329634,-73.1298498329634
1499.9400420570373,-73.13252990388985,-73.13252990388985
1499.9500420570373,-73.13520677880608,-73.13520677880608
1499.9600420570373,-73.13788057778936,-73.13788057778936
1499.9700420570373,-73.1405514195402,-73.1405514195402
1499.9800420570373,-73.1432194213986,-73.1432194213986
1499.9900420570373,-73.14588469933273,-73.14588469933273
1500.0000420570373,-73.1485473679212,-73.1485473679212
1500.0100420570373,-73.15120754037122,-73.15120754037122
1500.0200420570372,-73.1538653285227,-73.1538653285227
1500.0300420570375,-73.1565208428288,-73.1565208428288
1500.0400420570375,-73.15917419237789,-73.15917419237789
1500.0500420570374,-73.16182548487754,-73.16182548487754
1500.0600420570374,-73.16447482666916,-73.16447482666916
1500.0700420570374,-73.16712232272911,-73.16712232272911
1500.0800420570374,-73.1697680766463,-73.1697680766463
1500.0900420570374,-73.17241219066533,-73.17241219066533
1500.1000420570374,-73.17505476565968,-73.17505476565968
1500.1100420570374,-73.1776959011525,-73.1776959011525
1500.1200420570374,-73.18033569530985,-73.18033569530985
1500.1300420570374,-73.18297424496411,-73.18297424496411
1500.1400420570374,-73.18561164559055,-73.18561164559055
1500.1500420570374,-73.18824799133975,-73.18824799133975
1500.1600420570373,-73.19088337501505,-73.19088337501505
1500.1700420570373,-73.19351788810863,-73.19351788810863
1500.1800420570373,-73.19615162080359,-73.19615162080359
1500.1900420570373,-73.19878466196376,-73.19878466196376
1500.2000420570373,-73.20141709914049,-73.20141709914049
1500.2100420570373,-73.20404901860283,-73.20404901860283
1500.2200420570373,-73.20668050533722,-73.20668050533722
1500.2300420570373,-73.20931164303735,-73.20931164303735
1500.2400420570373,-73.2119425141437,-73.2119425141437
1500.2500420808792,-73.2145732060768,-73.2145732060768
1500.2600420808792,-73.21720378624133,-73.21720378624133
1500.2700420808792,-73.21983433956088,-73.21983433956088
1500.2800420808792,-73.22246494348408,-73.22246494348408
1500.2900420808792,-73.22509567422736,-73.22509567422736
1500.3000420808792,-73.22772660679038,-73.22772660679038
1500.3100420808792,-73.23035781497192,-73.23035781497192
1500.3200420808791,-73.23298937137945,-73.23298937137945
1500.3300420808791,-73.23562134742868,-73.23562134742868
1500.3400420808791,-73.23825381336894,-73.23825381336894
1500.3500420808791,-73.24088683827993,-73.24088683827993
1500.360042080879,-73.2435204901027,-73.2435204901027
1500.370042080879,-73.24615483562056,-73.24615483562056
1500.3800420808793,-73.2487899404883,-73.2487899404883
1500.3900420808793,-73.2514258692529,-73.2514258692529
1500.4000420808793,-73.25406268533756,-73.25406268533756
1500.4100420808793,-73.25670045108608,-73.25670045108608
1500.4200420808793,-73.25933922773018,-73.25933922773018
1500.4300420808793,-73.26197907544851,-73.26197907544851
1500.4400420808793,-73.26462005333997,-73.26462005333997
1500.4500420808793,-73.26726221945717,-73.26726221945717
1500.4600420808792,-73.2699056308127,-73.2699056308127
1500.4700420808792,-73.27255034338319,-73.27255034338319
1500.4800420808792,-73.27519641213237,-73.27519641213237
1500.4900420808792,-73.27784389100157,-73.27784389100157
1500.5000420808792,-73.28049283294621,-73.28049283294621
1500.5100420808792,-73.28314328993852,-73.28314328993852
1500.5200420808792,-73.28579531295914,-73.28579531295914
1500.5300420808792,-73.28844895205295,-73.28844895205295
1500.5400420808792,-73.29110425628595,-73.29110425628595
1500.5500420808792,-73.2937612737912,-73.2937612737912
1500.5600420808792,-73.29642005177655,-73.29642005177655
1500.5700420808791,-73.29908063652947,-73.29908063652947
1500.5800420808791,-73.30174307341859,-73.30174307341859
1500.5900420808791,-73.30440740692875,-73.30440740692875
1500.6000420808791,-73.30707368065394,-73.30707368065394
1500.610042080879,-73.3097419373083,-73.3097419373083
1500.620042080879,-73.31241221874221,-73.31241221874221
1500.6300420808793,-73.31508456596227,-73.31508456596227
1500.6400420808793,-73.31775901912263,-73.31775901912263
1500.6500420808793,-73.32043561754736,-73.32043561754736
1500.6600420808793,-73.32311439973255,-73.32311439973255
1500.6700420808793,-73.32579540337301,-73.32579540337301
1500.6800420808793,-73.32847866535536,-73.32847866535536
1500.6900420808793,-73.33116422177874,-73.33116422177874
1500.7000420808793,-73.33385210795835,-73.33385210795835
1500.7100420808792,-73.33654235844408,-73.33654235844408
1500.7200420808792,-73.339235007016,-73.339235007016
1500.7300420808792,-73.34193008671076,-73.34193008671076
1500.7400420808792,-73.34462762983185,-73.34462762983185
1500.7500420808792,-73.34732766794103,-73.34732766794103
1500.7600420808792,-73.35003023188322,-73.35003023188322
1500.7700420808792,-73.35273535178958,-73.35273535178958
1500.7800420808792,-73.35544305709345,-73.35544305709345
1500.7900420808792,-73.35815337653982,-73.35815337653982
1500.8000420808792,-73.36086633817807,-73.36086633817807
1500.8100420808792,-73.36358196940085,-73.36358196940085
1500.8200420808791,-73.36630029691968,-73.36630029691968
1500.8300420808791,-73.36902134681208,-73.36902134681208
1500.8400420808791,-73.37174514449312,-73.37174514449312
1500.8500420808791,-73.37447171473694,-73.37447171473694
1500.860042080879,-73.37720108171382,-73.37720108171382
1500.870042080879,-73.37993326895885,-73.37993326895885
1500.8800420808793,-73.38266829938844,-73.38266829938844
1500.8900420808793,-73.38540619533185,-73.38540619533185
1500.9000420808793,-73.38814697852393,-73.38814697852393
1500.9100420808793,-73.3908906701046,-73.3908906701046
1500.9200420808793,-73.39363729064743,-73.39363729064743
1500.9300420808793,-73.39638686015259,-73.39638686015259
1500.9400420808793,-73.39913939805875,-73.39913939805875
1500.9500420808793,-73.4018949232605,-73.4018949232605
1500.9600420808792,-73.40465345409923,-73.40465345409923
1500.9700420808792,-73.40741500837949,-73.40741500837949
1500.9800420808792,-73.41017960338552,-73.41017960338552
1500.9900420808792,-73.4129472558773,-73.4129472558773
1501.0000420808792,-73.41571798210475,-73.41571798210475
1501.0100420808792,-73.41849179779494,-73.41849179779494
1501.0200420808792,-73.42126871820182,-73.42126871820182
1501.0300420808792,-73.42404875806902,-73.42404875806902
1501.0400420808792,-73.42683193166542,-73.42683193166542
1501.0500420808792,-73.42961825277683,-73.42961825277683
1501.0600420808792,-73.43240773473738,-73.43240773473738
1501.0700420808791,-73.43520039039483,-73.43520039039483
1501.0800420808791,-73.43799623215261,-73.43799623215261
1501.0900420808791,-73.44079527196621,-73.44079527196621
1501.100042104721,-73.4435975280186,-73.4435975280186
1501.110042104721,-73.44640299805883,-73.44640299805883
1501.120042104721,-73.44921169938034,-73.44921169938034
1501.130042104721,-73.45202364220701,-73.45202364220701
1501.140042104721,-73.45483883636145,-73.45483883636145
1501.150042104721,-73.45765729123578,-73.45765729123578
1501.160042104721,-73.46047901582227,-73.46047901582227
1501.170042104721,-73.46330401872603,-73.46330401872603
1501.180042104721,-73.46613230814673,-73.46613230814673
1501.190042104721,-73.46896389190253,-73.46896389190253
1501.200042104721,-73.47179877744331,-73.47179877744331
1501.210042104721,-73.47463056030017,-73.47463056030017
1501.220042104721,-73.47745643571533,-73.47745643571533
1501.2300421047212,-73.48027503804065,-73.48027503804065
1501.2400421047212,-73.48308566775259,-73.48308566775259
1501.2500421047212,-73.48588799641311,-73.48588799641311
1501.2600421047212,-73.48868191350823,-73.48868191350823
1501.2700421047211,-73.49146743666459,-73.49146743666459
1501.2800421047211,-73.49424465773018,-73.49424465773018
1501.2900421047211,-73.4970137103292,-73.4970137103292
1501.3000421047211,-73.49977475040926,-73.49977475040926
1501.310042104721,-73.50252794460647,-73.50252794460647
1501.320042104721,-73.50527346345335,-73.50527346345335
1501.330042104721,-73.5080114774207,-73.5080114774207
1501.340042104721,-73.51074215478488,-73.51074215478488
1501.350042104721,-73.51346566051963,-73.51346566051963
1501.360042104721,-73.51618215586358,-73.51618215586358
1501.370042104721,-73.51889179821067,-73.51889179821067
1501.380042104721,-73.52159474127583,-73.52159474127583
1501.390042104721,-73.524291135291,-73.524291135291
1501.400042104721,-73.52698112731115,-73.52698112731115
1501.410042104721,-73.52966486145877,-73.52966486145877
1501.420042104721,-73.53234247924227,-73.53234247924227
1501.430042104721,-73.53501411977244,-73.53501411977244
1501.440042104721,-73.53767992000516,-73.53767992000516
1501.450042104721,-73.54034001492816,-73.54034001492816
1501.460042104721,-73.54299453772686,-73.54299453772686
1501.470042104721,-73.54564361993592,-73.54564361993592
1501.4800421047212,-73.54828739156913,-73.54828739156913
1501.4900421047212,-73.5509259812137,-73.5509259812137
1501.5000421047212,-73.55355951608175,-73.55355951608175
1501.5100421047212,-73.55618812214658,-73.55618812214658
1501.5200421047211,-73.55881192412485,-73.55881192412485
1501.5300421047211,-73.56143104557918,-73.56143104557918
1501.5400421047211,-73.56404560892138,-73.56404560892138
1501.5500421047211,-73.5666557354421,-73.5666557354421
1501.560042104721,-73.56926154534172,-73.56926154534172
1501.570042104721,-73.5718631577447,-73.5718631577447
1501.580042104721,-73.57446069069852,-73.57446069069852
1501.590042104721,-73.57705426118589,-73.57705426118589
1501.600042104721,-73.57964398514314,-73.57964398514314
1501.610042104721,-73.58222997742381,-73.58222997742381
1501.620042104721,-73.58481235184446,-73.58481235184446
1501.630042104721,-73.58739122115531,-73.58739122115531
1501.640042104721,-73.5899666970288,-73.5899666970288
1501.650042104721,-73.5925388900861,-73.5925388900861
1501.660042104721,-73.59510790984449,-73.59510790984449
1501.670042104721,-73.59767386477407,-73.59767386477407
1501.680042104721,-73.60023686222895,-73.60023686222895
1501.690042104721,-73.60279700849117,-73.60279700849117
1501.700042104721,-73.60535440873856,-73.60535440873856
1501.710042104721,-73.60790916703112,-73.60790916703112
1501.720042104721,-73.6104613863389,-73.6104613863389
1501.7300421047212,-73.61301116850632,-73.61301116850632
1501.7400421047212,-73.61555861426389,-73.61555861426389
1501.7500421047212,-73.61810382320908,-73.61810382320908
1501.7600421047212,-73.62064689381667,-73.62064689381667
1501.7700421047211,-73.62318792343268,-73.62318792343268
1501.7800421047211,-73.62569316560415,-73.62569316560415
1501.7900421047211,-73.6281533482986,-73.6281533482986
1501.8000421047211,-73.63056315177673,-73.63056315177673
1501.810042104721,-73.63291793956215,-73.63291793956215
1501.820042104721,-73.635213443559,-73.635213443559
1501.830042104721,-73.63744579968423,-73.63744579968423
1501.840042104721,-73.63961158778234,-73.63961158778234
1501.850042104721,-73.64170784298948,-73.64170784298948
1501.860042104721,-73.64373204440787,-73.64373204440787
1501.870042104721,-73.64568208950055,-73.64568208950055
1501.880042104721,-73.64755626080145,-73.64755626080145
1501.890042104721,-73.64935318949243,-73.64935318949243
1501.900042104721,-73.65107181877319,-73.65107181877319
1501.910042104721,-73.65271136884073,-73.65271136884073
1501.920042104721,-73.65427130438248,-73.65427130438248
1501.930042104721,-73.65575130501158,-73.65575130501158
1501.940042104721,-73.65715123874241,-73.65715123874241
1501.950042128563,-73.65847114157059,-73.65847114157059
1501.960042128563,-73.65971118381806,-73.65971118381806
1501.970042128563,-73.66087167140532,-73.66087167140532
1501.980042128563,-73.66195301630395,-73.66195301630395
1501.990042128563,-73.66295572588115,-73.66295572588115
1502.0000421285629,-73.66388039046211,-73.66388039046211
1502.0100421285629,-73.6647276724252,-73.6647276724252
1502.0200421285629,-73.6654982966299,-73.6654982966299
1502.0300421285629,-73.66619304198694,-73.66619304198694
1502.0400421285628,-73.66681273409161,-73.66681273409161
1502.0500421285628,-73.66735823865443,-73.66735823865443
1502.0600421285628,-73.66783045579737,-73.66783045579737
1502.0700421285628,-73.66823031492578,-73.66823031492578
1502.080042128563,-73.66855877024997,-73.66855877024997
1502.090042128563,-73.66881679683276,-73.66881679683276
1502.100042128563,-73.66900538702635,-73.66900538702635
1502.110042128563,-73.66912554735882,-73.66912554735882
1502.120042128563,-73.66917829576286,-73.66917829576286
1502.130042128563,-73.66916465908507,-73.66916465908507
1502.140042128563,-73.6690856709245,-73.6690856709245
1502.150042128563,-73.66894236963012,-73.66894236963012
1502.160042128563,-73.66873579660106,-73.66873579660106
1502.170042128563,-73.66846699472559,-73.66846699472559
1502.180042128563,-73.66813700697325,-73.66813700697325
1502.190042128563,-73.66774687520781,-73.66774687520781
1502.200042128563,-73.66729763905596,-73.66729763905596
1502.210042128563,-73.66679033493605,-73.66679033493605
1502.220042128563,-73.66622599520483,-73.66622599520483
1502.230042128563,-73.66560564737031,-73.66560564737031
1502.240042128563,-73.66493031340802,-73.66493031340802
1502.2500421285629,-73.66420100913605,-73.66420100913605
1502.2600421285629,-73.66341874369316,-73.66341874369316
1502.2700421285629,-73.66258451904103,-73.66258451904103
1502.2800421285629,-73.6616993295656,-73.6616993295656
1502.2900421285628,-73.66076416165691,-73.66076416165691
1502.3000421285628,-73.65977999343698,-73.65977999343698
1502.3100421285628,-73.65874779442699,-73.65874779442699
1502.3200421285628,-73.6576685253222,-73.6576685253222
1502.330042128563,-73.6565431377492,-73.6565431377492
1502.340042128563,-73.65537257410791,-73.65537257410791
1502.350042128563,-73.65415776739084,-73.65415776739084
1502.360042128563,-73.65289964105109,-73.65289964105109
1502.370042128563,-73.65159910888444,-73.65159910888444
1502.380042128563,-73.65025707494237,-73.65025707494237
1502.390042128563,-73.64887443344863,-73.64887443344863
1502.400042128563,-73.64745206874805,-73.64745206874805
1502.410042128563,-73.64599085525472,-73.64599085525472
1502.420042128563,-73.64449165740797,-73.64449165740797
1502.430042128563,-73.64295532967633,-73.64295532967633
1502.440042128563,-73.6413827165411,-73.6413827165411
1502.450042128563,-73.63977465250022,-73.63977465250022
1502.460042128563,-73.63812553779138,-73.63812553779138
1502.470042128563,-73.63643337107689,-73.63643337107689
1502.480042128563,-73.63469758480896,-73.63469758480896
1502.490042128563,-73.63291827052615,-73.63291827052615
1502.5000421285629,-73.63109588300595,-73.63109588300595
1502.5100421285629,-73.62923108656348,-73.62923108656348
1502.5200421285629,-73.62732466493576,-73.62732466493576
1502.5300421285629,-73.62537746711176,-73.62537746711176
1502.5400421285628,-73.62339037475975,-73.62339037475975
1502.5500421285628,-73.6213642826889,-73.6213642826889
1502.5600421285628,-73.61930008721956,-73.61930008721956
1502.5700421285628,-73.61719867934046,-73.61719867934046
1502.580042128563,-73.61506094082928,-73.61506094082928
1502.590042128563,-73.61288774211864,-73.61288774211864
1502.600042128563,-73.61067994126704,-73.61067994126704
1502.610042128563,-73.6084383835786,-73.6084383835786
1502.620042128563,-73.60616390159024,-73.60616390159024
1502.630042128563,-73.6038573152456,-73.6038573152456
1502.640042128563,-73.60151943223136,-73.60151943223136
1502.650042128563,-73.59915104832153,-73.59915104832153
1502.660042128563,-73.59675294773861,-73.59675294773861
1502.670042128563,-73.59432590350156,-73.59432590350156
1502.680042128563,-73.5918706777705,-73.5918706777705
1502.690042128563,-73.58938802214543,-73.58938802214543
1502.700042128563,-73.58687867794998,-73.58687867794998
1502.710042128563,-73.58434337646177,-73.58434337646177
1502.720042128563,-73.58178283917917,-73.58178283917917
1502.730042128563,-73.5791977779897,-73.5791977779897
1502.740042128563,-73.57658889538027,-73.57658889538027
1502.7500421285629,-73.57395688457096,-73.57395688457096
1502.7600421285629,-73.57130242969706,-73.57130242969706
1502.7700421285629,-73.56862620593536,-73.56862620593536
1502.7800421285629,-73.5659288796301,-73.5659288796301
1502.7900421285628,-73.56321110841694,-73.56321110841694
1502.8000421524048,-73.5604735347844,-73.5604735347844
1502.8100421524048,-73.55771681224988,-73.55771681224988
1502.8200421524048,-73.55494156647569,-73.55494156647569
1502.8300421524048,-73.55214842124178,-73.55214842124178
1502.8400421524047,-73.54933799211803,-73.54933799211803
1502.8500421524047,-73.54651088653155,-73.54651088653155
1502.8600421524047,-73.54366770382703,-73.54366770382703
1502.8700421524047,-73.54080903537773,-73.54080903537773
1502.8800421524047,-73.53793546463557,-73.53793546463557
1502.8900421524047,-73.53504756723088,-73.53504756723088
1502.9000421524047,-73.53214591100739,-73.53214591100739
1502.9100421524047,-73.5292310561385,-73.5292310561385
1502.9200421524047,-73.52630355518376,-73.52630355518376
1502.930042152405,-73.52336395312379,-73.52336395312379
1502.9400421524049,-73.52041278748912,-73.52041278748912
1502.9500421524049,-73.51745058838678,-73.51745058838678
1502.9600421524049,-73.51447787858692,-73.51447787858692
1502.9700421524049,-73.5114951735769,-73.5114951735769
1502.9800421524048,-73.50850298166293,-73.50850298166293
1502.9900421524048,-73.50550180399851,-73.50550180399851
1503.0000421524048,-73.50249213466394,-73.50249213466394
1503.0100421524048,-73.49947446075686,-73.49947446075686
1503.0200421524048,-73.49644926243379,-73.49644926243379
1503.0300421524048,-73.49341701298805,-73.49341701298805
1503.0400421524048,-73.49037817890598,-73.49037817890598
1503.0500421524048,-73.48733321995957,-73.48733321995957
1503.0600421524048,-73.4842825892504,-73.4842825892504
1503.0700421524048,-73.48122673328554,-73.48122673328554
1503.0800421524048,-73.47816609204503,-73.47816609204503
1503.0900421524047,-73.4751010990441,-73.4751010990441
1503.1000421524047,-73.47203218139559,-73.47203218139559
1503.1100421524047,-73.46895975989293,-73.46895975989293
1503.1200421524047,-73.46588424907345,-73.46588424907345
1503.1300421524047,-73.46280605725673,-73.46280605725673
1503.1400421524047,-73.45972558664688,-73.45972558664688
1503.1500421524047,-73.45664323339086,-73.45664323339086
1503.1600421524047,-73.45355938762059,-73.45355938762059
1503.1700421524047,-73.45047443354055,-73.45047443354055
1503.180042152405,-73.44738874948922,-73.44738874948922
1503.1900421524049,-73.44430270800407,-73.44430270800407
1503.2000421524049,-73.44121667587363,-73.44121667587363
1503.2100421524049,-73.43813101421688,-73.43813101421688
1503.2200421524049,-73.43504607853468,-73.43504607853468
1503.2300421524048,-73.43196221879681,-73.43196221879681
1503.2400421524048,-73.42887977947312,-73.42887977947312
1503.2500421524048,-73.42579909961431,-73.42579909961431
1503.2600421524048,-73.422720512922,-73.422720512922
1503.2700421524048,-73.41964434779419,-73.41964434779419
1503.2800421524048,-73.4165709273981,-73.4165709273981
1503.2900421524048,-73.4135005697247,-73.4135005697247
1503.3000421524048,-73.41043358764979,-73.41043358764979
1503.3100421524048,-73.40737028900287,-73.40737028900287
1503.3200421524048,-73.40431097661371,-73.40431097661371
1503.3300421524048,-73.40125594840245,-73.40125594840245
1503.3400421524047,-73.39820549738846,-73.39820549738846
1503.3500421524047,-73.39515991179866,-73.39515991179866
1503.3600421524047,-73.39211947509891,-73.39211947509891
1503.3700421524047,-73.38908446605204,-73.38908446605204
1503.3800421524047,-73.38605515879352,-73.38605515879352
1503.3900421524047,-73.38303182286383,-73.38303182286383
1503.4000421524047,-73.38001472329222,-73.38001472329222
1503.4100421524047,-73.37700412062475,-73.37700412062475
1503.4200421524047,-73.37400027101005,-73.37400027101005
1503.430042152405,-73.3710034262233,-73.3710034262233
1503.4400421524049,-73.36801383374258,-73.36801383374258
1503.4500421524049,-73.36503173679151,-73.36503173679151
1503.4600421524049,-73.3620509759257,-73.3620509759257
1503.4700421524049,-73.35906898236063,-73.35906898236063
1503.4800421524048,-73.35608462208197,-73.35608462208197
1503.4900421524048,-73.35309742403477,-73.35309742403477
1503.5000421524048,-73.35010728526737,-73.35010728526737
1503.5100421524048,-73.3471143176424,-73.3471143176424
1503.5200421524048,-73.34411875787112,-73.34411875787112
1503.5300421524048,-73.34112091346047,-73.34112091346047
1503.5400421524048,-73.33812113015259,-73.33812113015259
1503.5500421524048,-73.33511977239016,-73.33511977239016
1503.5600421524048,-73.33211721168037,-73.33211721168037
1503.5700421524048,-73.32911381978042,-73.32911381978042
1503.5800421524048,-73.32610996473959,-73.32610996473959
1503.5900421524047,-73.32310600880685,-73.32310600880685
1503.6000421524047,-73.32010230737488,-73.32010230737488
1503.6100421524047,-73.31709920857206,-73.31709920857206
1503.6200421524047,-73.31409705323085,-73.31409705323085
1503.6300421524047,-73.31109617507228,-73.31109617507228
1503.6400421524047,-73.30809690098178,-73.30809690098178
1503.6500421762466,-73.3050995442051,-73.3050995442051
1503.6600421762466,-73.30210443325203,-73.30210443325203
1503.6700421762466,-73.29911186937935,-73.29911186937935
1503.6800421762466,-73.29612215544417,-73.29612215544417
1503.6900421762466,-73.29313558904734,-73.29313558904734
1503.7000421762466,-73.29015246277358,-73.29015246277358
1503.7100421762466,-73.28716667313907,-73.28716667313907
1503.7200421762466,-73.28417570324639,-73.28417570324639
1503.7300421762466,-73.28117846917348,-73.28117846917348
1503.7400421762466,-73.27817454906678,-73.27817454906678
1503.7500421762466,-73.27516388863224,-73.27516388863224
1503.7600421762465,-73.27214664805447,-73.27214664805447
1503.7700421762465,-73.26912311217438,-73.26912311217438
1503.7800421762468,-73.26609363651238,-73.26609363651238
1503.7900421762467,-73.26305861477107,-73.26305861477107
1503.8000421762467,-73.2600184593304,-73.2600184593304
1503.8100421762467,-73.25697358962928,-73.25697358962928
1503.8200421762467,-73.25392442534535,-73.25392442534535
1503.8300421762467,-73.25087138247636,-73.25087138247636
1503.8400421762467,-73.24781487121201,-73.24781487121201
1503.8500421762467,-73.24475529489278,-73.24475529489278
1503.8600421762467,-73.24169304958406,-73.24169304958406
1503.8700421762467,-73.2386285240435,-73.2386285240435
1503.8800421762467,-73.23556209987186,-73.23556209987186
1503.8900421762467,-73.23249415179936,-73.23249415179936
1503.9000421762466,-73.22942504798671,-73.22942504798671
1503.9100421762466,-73.22635515036525,-73.22635515036525
1503.9200421762466,-73.22328481492409,-73.22328481492409
1503.9300421762466,-73.22021439201097,-73.22021439201097
1503.9400421762466,-73.21714422659694,-73.21714422659694
1503.9500421762466,-73.21407465847702,-73.21407465847702
1503.9600421762466,-73.21100602251201,-73.21100602251201
1503.9700421762466,-73.20793864875408,-73.20793864875408
1503.9800421762466,-73.20487286264202,-73.20487286264202
1503.9900421762466,-73.20180898511701,-73.20180898511701
1504.0000421762466,-73.198747332731,-73.198747332731
1504.0100421762465,-73.19568821773181,-73.19568821773181
1504.0200421762465,-73.19263194818338,-73.19263194818338
1504.0300421762468,-73.18957882800053,-73.18957882800053
1504.0400421762467,-73.18652915702934,-73.18652915702934
1504.0500421762467,-73.1834832310987,-73.1834832310987
1504.0600421762467,-73.1804413420633,-73.1804413420633
1504.0700421762467,-73.1774037778474,-73.1774037778474
1504.0800421762467,-73.174370822484,-73.174370822484
1504.0900421762467,-73.17134275615456,-73.17134275615456
1504.1000421762467,-73.16831985519808,-73.16831985519808
1504.1100421762467,-73.165302392153,-73.165302392153
1504.1200421762467,-73.16229063579684,-73.16229063579684
1504.1300421762467,-73.15928485113923,-73.15928485113923
1504.1400421762467,-73.15628529946166,-73.15628529946166
1504.1500421762466,-73.15329223834591,-73.15329223834591
1504.1600421762466,-73.15030592167338,-73.15030592167338
1504.1700421762466,-73.14732659967403,-73.14732659967403
1504.1800421762466,-73.14435451892064,-73.14435451892064
1504.1900421762466,-73.141389922371,-73.141389922371
1504.2000421762466,-73.13843304937004,-73.13843304937004
1504.2100421762466,-73.13548413568874,-73.13548413568874
1504.2200421762466,-73.13254341352305,-73.13254341352305
1504.2300421762466,-73.12961111154087,-73.12961111154087
1504.2400421762466,-73.1266874548816,-73.1266874548816
1504.2500421762466,-73.12377266518823,-73.12377266518823
1504.2600421762465,-73.12086696062546,-73.12086696062546
1504.2700421762465,-73.11797055591047,-73.11797055591047
1504.2800421762468,-73.11508366233694,-73.11508366233694
1504.2900421762467,-73.11220648778024,-73.11220648778024
1504.3000421762467,-73.10933923673625,-73.10933923673625
1504.3100421762467,-73.10648211033767,-73.10648211033767
1504.3200421762467,-73.10363530639874,-73.10363530639874
1504.3300421762467,-73.10079901941965,-73.10079901941965
1504.3400421762467,-73.09797344061485,-73.09797344061485
1504.3500421762467,-73.09515875795262,-73.09515875795262
1504.3600421762467,-73.09235515616074,-73.09235515616074
1504.3700421762467,-73.0895628167773,-73.0895628167773
1504.3800421762467,-73.08678191815197,-73.08678191815197
1504.3900421762467,-73.08401263549833,-73.08401263549833
1504.4000421762466,-73.08125514090511,-73.08125514090511
1504.4100421762466,-73.07850960336454,-73.07850960336454
1504.4200421762466,-73.07577618881028,-73.07577618881028
1504.4300421762466,-73.07305506014607,-73.07305506014607
1504.4400421762466,-73.07034637726858,-73.07034637726858
1504.4500421762466,-73.06765029708605,-73.06765029708605
1504.4600421762466,-73.06496697356378,-73.06496697356378
1504.4700421762466,-73.06229655775024,-73.06229655775024
1504.4800421762466,-73.05963919780487,-73.05963919780487
1504.4900421762466,-73.05699503902788,-73.05699503902788
1504.5000422000885,-73.05436421761536,-73.05436421761536
1504.5100422000885,-73.05174688581256,-73.05174688581256
1504.5200422000885,-73.04914317420598,-73.04914317420598
1504.5300422000885,-73.04655321695128,-73.04655321695128
1504.5400422000885,-73.04397714549619,-73.04397714549619
1504.5500422000885,-73.04141508859847,-73.04141508859847
1504.5600422000884,-73.03886717236165,-73.03886717236165
1504.5700422000884,-73.03633352028181,-73.03633352028181
1504.5800422000884,-73.03381425325644,-73.03381425325644
1504.5900422000884,-73.03130948961233,-73.03130948961233
1504.6000422000884,-73.02881934515574,-73.02881934515574
1504.6100422000884,-73.02634393317845,-73.02634393317845
1504.6200422000884,-73.02388336451267,-73.02388336451267
1504.6300422000886,-73.02143774753758,-73.02143774753758
1504.6400422000886,-73.0190071882154,-73.0190071882154
1504.6500422000886,-73.01659179011642,-73.01659179011642
1504.6600422000886,-73.0141916544761,-73.0141916544761
1504.6700422000886,-73.01180688018395,-73.01180688018395
1504.6800422000886,-73.00943756383981,-73.00943756383981
1504.6900422000886,-73.00708379977274,-73.00708379977274
1504.7000422000885,-73.00474568005767,-73.00474568005767
1504.7100422000885,-73.00241693000024,-73.00241693000024
1504.7200422000885,-73.00009485016209,-73.00009485016209
1504.7300422000885,-72.99777817055913,-72.99777817055913
1504.7400422000885,-72.99546628261676,-72.99546628261676
1504.7500422000885,-72.99315894574606,-72.99315894574606
1504.7600422000885,-72.99085613475037,-72.99085613475037
1504.7700422000885,-72.98855795032225,-72.98855795032225
1504.7800422000885,-72.986264565207,-72.986264565207
1504.7900422000885,-72.98397619177189,-72.98397619177189
1504.8000422000885,-72.98169306257968,-72.98169306257968
1504.8100422000884,-72.97941541878458,-72.97941541878458
1504.8200422000884,-72.97714350329615,-72.97714350329615
1504.8300422000884,-72.97487755689929,-72.97487755689929
1504.8400422000884,-72.97261781611466,-72.97261781611466
1504.8500422000884,-72.97036451215538,-72.97036451215538
1504.8600422000884,-72.9681178705026,-72.9681178705026
1504.8700422000884,-72.96587811087723,-72.96587811087723
1504.8800422000886,-72.96364544739559,-72.96364544739559
1504.8900422000886,-72.96142008884402,-72.96142008884402
1504.9000422000886,-72.9592022389982,-72.9592022389982
1504.9100422000886,-72.95699209696453,-72.95699209696453
1504.9200422000886,-72.95478985746202,-72.95478985746202
1504.9300422000886,-72.9525957111277,-72.9525957111277
1504.9400422000886,-72.95040984477005,-72.95040984477005
1504.9500422000885,-72.94823244161562,-72.94823244161562
1504.9600422000885,-72.9460636814959,-72.9460636814959
1504.9700422000885,-72.94390374102836,-72.94390374102836
1504.9800422000885,-72.94175279378854,-72.94175279378854
1504.9900422000885,-72.9396110103967,-72.9396110103967
1505.0000422000885,-72.93747855868695,-72.93747855868695
1505.0100422000885,-72.93535560375969,-72.93535560375969
1505.0200422000885,-72.93324230808577,-72.93324230808577
1505.0300422000885,-72.93113883158142,-72.93113883158142
1505.0400422000885,-72.92904533165174,-72.92904533165174
1505.0500422000885,-72.92696196326578,-72.92696196326578
1505.0600422000884,-72.92488887897811,-72.92488887897811
1505.0700422000884,-72.9228262289756,-72.9228262289756
1505.0800422000884,-72.92077416113104,-72.92077416113104
1505.0900422000884,-72.91873282099876,-72.91873282099876
1505.1000422000884,-72.91670235186555,-72.91670235186555
1505.1100422000884,-72.91468289476227,-72.91468289476227
1505.1200422000884,-72.91267458849109,-72.91267458849109
1505.1300422000886,-72.91067756962742,-72.91067756962742
1505.1400422000886,-72.90869197256292,-72.90869197256292
1505.1500422000886,-72.90671792950027,-72.90671792950027
1505.1600422000886,-72.90475557047084,-72.90475557047084
1505.1700422000886,-72.90280502335239,-72.90280502335239
1505.1800422000886,-72.90086641388461,-72.90086641388461
1505.1900422000886,-72.89893986566442,-72.89893986566442
1505.2000422000885,-72.89702550019605,-72.89702550019605
1505.2100422000885,-72.89512343685607,-72.89512343685607
1505.2200422000885,-72.8932337929352,-72.8932337929352
1505.2300422000885,-72.89135668364425,-72.89135668364425
1505.2400422000885,-72.88949222212268,-72.88949222212268
1505.2500422000885,-72.88764051944953,-72.88764051944953
1505.2600422000885,-72.88580168466294,-72.88580168466294
1505.2700422000885,-72.883975824769,-72.883975824769
1505.2800422000885,-72.88216304474712,-72.88216304474712
1505.2900422000885,-72.88036344757447,-72.88036344757447
1505.3000422000885,-72.87857713423448,-72.87857713423448
1505.3100422000884,-72.87680420372229,-72.87680420372229
1505.3200422000884,-72.87504475307912,-72.87504475307912
1505.3300422000884,-72.87329887738062,-72.87329887738062
1505.3400422000884,-72.87156666976999,-72.87156666976999
1505.3500422239304,-72.86984821736864,-72.86984821736864
1505.3600422239303,-72.86814361771229,-72.86814361771229
1505.3700422239303,-72.86645295407259,-72.86645295407259
1505.3800422239303,-72.86477631198393,-72.86477631198393
1505.3900422239303,-72.86311377512449,-72.86311377512449
1505.4000422239303,-72.86146542530851,-72.86146542530851
1505.4100422239303,-72.85983134251897,-72.85983134251897
1505.4200422239303,-72.8582116049301,-72.8582116049301
1505.4300422239303,-72.85660628890938,-72.85660628890938
1505.4400422239303,-72.8550154690431,-72.8550154690431
1505.4500422239303,-72.85343921814855,-72.85343921814855
1505.4600422239303,-72.85187760728878,-72.85187760728878
1505.4700422239302,-72.85033070580654,-72.85033070580654
1505.4800422239305,-72.84879858131339,-72.84879858131339
1505.4900422239305,-72.8472812997271,-72.8472812997271
1505.5000422239304,-72.84577892528485,-72.84577892528485
1505.5100422239304,-72.84429152054946,-72.84429152054946
1505.5200422239304,-72.84281914645157,-72.84281914645157
1505.5300422239304,-72.84136186226965,-72.84136186226965
1505.5400422239304,-72.83991972569306,-72.83991972569306
1505.5500422239304,-72.83849279280275,-72.83849279280275
1505.5600422239304,-72.83708111810604,-72.83708111810604
1505.5700422239304,-72.83568475455264,-72.83568475455264
1505.5800422239304,-72.83430375354052,-72.83430375354052
1505.5900422239304,-72.83293816494968,-72.83293816494968
1505.6000422239304,-72.83158803715718,-72.83158803715718
1505.6100422239303,-72.83025341704847,-72.83025341704847
1505.6200422239303,-72.82893435002879,-72.82893435002879
1505.6300422239303,-72.82763088006162,-72.82763088006162
1505.6400422239303,-72.82634304966396,-72.82634304966396
1505.6500422239303,-72.82507089994769,-72.82507089994769
1505.6600422239303,-72.82381447060801,-72.82381447060801
1505.6700422239303,-72.82257379996211,-72.82257379996211
1505.6800422239303,-72.82134892497429,-72.82134892497429
1505.6900422239303,-72.82013988123074,-72.82013988123074
1505.7000422239303,-72.81894670301986,-72.81894670301986
1505.7100422239303,-72.81776942327876,-72.81776942327876
1505.7200422239302,-72.8166080736823,-72.8166080736823
1505.7300422239305,-72.81546268458635,-72.81546268458635
1505.7400422239305,-72.814333285127,-72.814333285127
1505.7500422239304,-72.81321990315972,-72.81321990315972
1505.7600422239304,-72.81212256532524,-72.81212256532524
1505.7700422239304,-72.81104129704389,-72.81104129704389
1505.7800422239304,-72.80997612253927,-72.80997612253927
1505.7900422239304,-72.80892706485918,-72.80892706485918
1505.8000422239304,-72.80789414588202,-72.80789414588202
1505.8100422239304,-72.80687738634177,-72.80687738634177
1505.8200422239304,-72.80587680583287,-72.80587680583287
1505.8300422239304,-72.80489242284112,-72.80489242284112
1505.8400422239304,-72.8039242547472,-72.8039242547472
1505.8500422239304,-72.80297231784974,-72.80297231784974
1505.8600422239303,-72.80203662736997,-72.80203662736997
1505.8700422239303,-72.80111719748527,-72.80111719748527
1505.8800422239303,-72.80021404132103,-72.80021404132103
1505.8900422239303,-72.79932717099146,-72.79932717099146
1505.9000422239303,-72.79845659759698,-72.79845659759698
1505.9100422239303,-72.79760233123426,-72.79760233123426
1505.9200422239303,-72.79676438103716,-72.79676438103716
1505.9300422239303,-72.79594275516338,-72.79594275516338
1505.9400422239303,-72.79513746082236,-72.79513746082236
1505.9500422239303,-72.79434850427893,-72.79434850427893
1505.9600422239303,-72.79357589089662,-72.79357589089662
1505.9700422239302,-72.79281962510407,-72.79281962510407
1505.9800422239305,-72.79207971045304,-72.79207971045304
1505.9900422239305,-72.7913561496136,-72.7913561496136
1506.0000422239304,-72.79064894438172,-72.79064894438172
1506.0100422239304,-72.78995809570345,-72.78995809570345
1506.0200422239304,-72.78928360367779,-72.78928360367779
1506.0300422239304,-72.78862546757742,-72.78862546757742
1506.0400422239304,-72.78798368586712,-72.78798368586712
1506.0500422239304,-72.78735825620345,-72.78735825620345
1506.0600422239304,-72.78674917545617,-72.78674917545617
1506.0700422239304,-72.78615643971557,-72.78615643971557
1506.0800422239304,-72.78558004431322,-72.78558004431322
1506.0900422239304,-72.78501998381462,-72.78501998381462
1506.1000422239304,-72.78447625206176,-72.78447625206176
1506.1100422239303,-72.78394884215413,-72.78394884215413
1506.1200422239303,-72.78343774647907,-72.78343774647907
1506.1300422239303,-72.78294295672276,-72.78294295672276
1506.1400422239303,-72.7824644638711,-72.7824644638711
1506.1500422239303,-72.78200225823787,-72.78200225823787
1506.1600422239303,-72.78155632945,-72.78155632945
1506.1700422239303,-72.78112666649187,-72.78112666649187
1506.1800422239303,-72.78071325769108,-72.78071325769108
1506.1900422239303,-72.78031609073261,-72.78031609073261
1506.2000422477722,-72.77993515176973,-72.77993515176973
1506.2100422477722,-72.77956408310203,-72.77956408310203
1506.2200422477722,-72.77920009023705,-72.77920009023705
1506.2300422477722,-72.778841805882,-72.778841805882
1506.2400422477722,-72.7784885232639,-72.7784885232639
1506.2500422477722,-72.77813990366155,-72.77813990366155
1506.2600422477722,-72.77779582435028,-72.77779582435028
1506.2700422477722,-72.777456289448,-72.777456289448
1506.2800422477721,-72.77712137628197,-72.77712137628197
1506.2900422477721,-72.776791203103,-72.776791203103
1506.3000422477721,-72.77646590972594,-72.77646590972594
1506.3100422477721,-72.77614564593942,-72.77614564593942
1506.320042247772,-72.7758305647614,-72.7758305647614
1506.3300422477723,-72.77552081850277,-72.77552081850277
1506.3400422477723,-72.77521655665717,-72.77521655665717
1506.3500422477723,-72.77491792481482,-72.77491792481482
1506.3600422477723,-72.77462506427132,-72.77462506427132
1506.3700422477723,-72.77433811196158,-72.77433811196158
1506.3800422477723,-72.77405720060095,-72.77405720060095
1506.3900422477723,-72.77378245892959,-72.77378245892959
1506.4000422477723,-72.77351401203151,-72.77351401203151
1506.4100422477723,-72.77325198164098,-72.77325198164098
1506.4200422477722,-72.77299648642217,-72.77299648642217
1506.4300422477722,-72.77274764224777,-72.77274764224777
1506.4400422477722,-72.77250556244434,-72.77250556244434
1506.4500422477722,-72.7722703580031,-72.7722703580031
1506.4600422477722,-72.77204213775157,-72.77204213775157
1506.4700422477722,-72.77182100855258,-72.77182100855258
1506.4800422477722,-72.77160707540692,-72.77160707540692
1506.4900422477722,-72.77140044155826,-72.77140044155826
1506.5000422477722,-72.7712012086314,-72.7712012086314
1506.5100422477722,-72.77100947668737,-72.77100947668737
1506.5200422477722,-72.7708253442888,-72.7708253442888
1506.5300422477721,-72.77064890856278,-72.77064890856278
1506.5400422477721,-72.77048026525131,-72.77048026525131
1506.5500422477721,-72.77031950874138,-72.77031950874138
1506.5600422477721,-72.7701667320944,-72.7701667320944
1506.570042247772,-72.7700220270683,-72.7700220270683
1506.5800422477723,-72.76988548414842,-72.76988548414842
1506.5900422477723,-72.76975719254781,-72.76975719254781
1506.6000422477723,-72.76963724023305,-72.76963724023305
1506.6100422477723,-72.76952571392233,-72.76952571392233
1506.6200422477723,-72.7694226990979,-72.7694226990979
1506.6300422477723,-72.76932827999944,-72.76932827999944
1506.6400422477723,-72.7692425396442,-72.7692425396442
1506.6500422477723,-72.76916555982082,-72.76916555982082
1506.6600422477723,-72.76909742109267,-72.76909742109267
1506.6700422477722,-72.7690382027868,-72.7690382027868
1506.6800422477722,-72.76898798301337,-72.76898798301337
1506.6900422477722,-72.76894683865179,-72.76894683865179
1506.7000422477722,-72.76891484535143,-72.76891484535143
1506.7100422477722,-72.76888573265911,-72.76888573265911
1506.7200422477722,-72.76885679497798,-72.76885679497798
1506.7300422477722,-72.76882675199892,-72.76882675199892
1506.7400422477722,-72.76879498302709,-72.76879498302709
1506.7500422477722,-72.76876123462563,-72.76876123462563
1506.7600422477722,-72.76872546860434,-72.76872546860434
1506.7700422477722,-72.7686877728868,-72.7686877728868
1506.7800422477721,-72.7686483079296,-72.7686483079296
1506.7900422477721,-72.76860727442545,-72.76860727442545
1506.8000422477721,-72.76856489396772,-72.76856489396772
1506.8100422477721,-72.76852139747606,-72.76852139747606
1506.820042247772,-72.76847701840467,-72.76847701840467
1506.8300422477723,-72.76843198885386,-72.76843198885386
1506.8400422477723,-72.76838653741885,-72.76838653741885
1506.8500422477723,-72.76834088813214,-72.76834088813214
1506.8600422477723,-72.76829526003073,-72.76829526003073
1506.8700422477723,-72.76824986708753,-72.76824986708753
1506.8800422477723,-72.76820491836862,-72.76820491836862
1506.8900422477723,-72.76816061825829,-72.76816061825829
1506.9000422477723,-72.7681171667818,-72.7681171667818
1506.9100422477723,-72.76807475988821,-72.76807475988821
1506.9200422477722,-72.76803358974438,-72.76803358974438
1506.9300422477722,-72.76799384499914,-72.76799384499914
1506.9400422477722,-72.76795571104229,-72.76795571104229
1506.9500422477722,-72.76791937018233,-72.76791937018233
1506.9600422477722,-72.76788500185718,-72.76788500185718
1506.9700422477722,-72.76785278278314,-72.76785278278314
1506.9800422477722,-72.76782288709418,-72.76782288709418
1506.9900422477722,-72.76779548645465,-72.76779548645465
1507.0000422477722,-72.76777075015373,-72.76777075015373
1507.0100422477722,-72.76774884519138,-72.76774884519138
1507.0200422477722,-72.76772993634347,-72.76772993634347
1507.0300422477721,-72.76771418621922,-72.76771418621922
1507.0400422477721,-72.76770175531009,-72.76770175531009
1507.050042271614,-72.76769280200973,-72.76769280200973
1507.060042271614,-72.76768748273089,-72.76768748273089
1507.070042271614,-72.76768595178585,-72.76768595178585
1507.080042271614,-72.76768836152497,-72.76768836152497
1507.090042271614,-72.7676948623075,-72.7676948623075
1507.100042271614,-72.7677056025384,-72.7677056025384
1507.110042271614,-72.7677207286518,-72.7677207286518
1507.120042271614,-72.7677403851561,-72.7677403851561
1507.130042271614,-72.76776471461787,-72.76776471461787
1507.140042271614,-72.76779385767624,-72.76779385767624
1507.150042271614,-72.76782795305404,-72.76782795305404
1507.160042271614,-72.76786713754667,-72.76786713754667
1507.170042271614,-72.76791154604749,-72.76791154604749
1507.1800422716142,-72.76796131154595,-72.76796131154595
1507.1900422716142,-72.76801656512791,-72.76801656512791
1507.2000422716142,-72.7680774359843,-72.7680774359843
1507.2100422716142,-72.7681377073802,-72.7681377073802
1507.2200422716141,-72.76819472686672,-72.76819472686672
1507.2300422716141,-72.76824726646765,-72.76824726646765
1507.2400422716141,-72.76829475704359,-72.76829475704359
1507.2500422716141,-72.76833699592241,-72.76833699592241
1507.260042271614,-72.76837399497428,-72.76837399497428
1507.270042271614,-72.76840589149043,-72.76840589149043
1507.280042271614,-72.76843289461011,-72.76843289461011
1507.290042271614,-72.76845525307671,-72.76845525307671
1507.300042271614,-72.7684732358992,-72.7684732358992
1507.310042271614,-72.76848712078886,-72.76848712078886
1507.320042271614,-72.7684971873887,-72.7684971873887
1507.330042271614,-72.76850371338128,-72.76850371338128
1507.340042271614,-72.76850697236407,-72.76850697236407
1507.350042271614,-72.76850723278652,-72.76850723278652
1507.360042271614,-72.76850475751351,-72.76850475751351
1507.370042271614,-72.76849980378098,-72.76849980378098
1507.380042271614,-72.76849262335344,-72.76849262335344
1507.390042271614,-72.76848346276627,-72.76848346276627
1507.400042271614,-72.76847256361714,-72.76847256361714
1507.410042271614,-72.76846016289703,-72.76846016289703
1507.420042271614,-72.76844649326279,-72.76844649326279
1507.4300422716142,-72.76843178333347,-72.76843178333347
1507.4400422716142,-72.76841625790844,-72.76841625790844
1507.4500422716142,-72.76840013820333,-72.76840013820333
1507.4600422716142,-72.76838364203702,-72.76838364203702
1507.4700422716141,-72.76836698398566,-72.76836698398566
1507.4800422716141,-72.7683503755424,-72.7683503755424
1507.4900422716141,-72.7683340252129,-72.7683340252129
1507.5000422716141,-72.7683181386447,-72.7683181386447
1507.510042271614,-72.76830291870152,-72.76830291870152
1507.520042271614,-72.76828856552798,-72.76828856552798
1507.530042271614,-72.76827527662276,-72.76827527662276
1507.540042271614,-72.76826324689674,-72.76826324689674
1507.550042271614,-72.7682526687058,-72.7682526687058
1507.560042271614,-72.76824373190063,-72.76824373190063
1507.570042271614,-72.76823662383828,-72.76823662383828
1507.580042271614,-72.7682315294384,-72.7682315294384
1507.590042271614,-72.76822863118274,-72.76822863118274
1507.600042271614,-72.76822810914604,-72.76822810914604
1507.610042271614,-72.76823014101399,-72.76823014101399
1507.620042271614,-72.76823490209816,-72.76823490209816
1507.630042271614,-72.76824256534299,-72.76824256534299
1507.640042271614,-72.76825330135142,-72.76825330135142
1507.650042271614,-72.76826727837738,-72.76826727837738
1507.660042271614,-72.76828466236289,-72.76828466236289
1507.670042271614,-72.76830561693238,-72.76830561693238
1507.6800422716142,-72.76833030339357,-72.76833030339357
1507.6900422716142,-72.76835888076062,-72.76835888076062
1507.7000422716142,-72.76839150577086,-72.76839150577086
1507.7100422716142,-72.76842198985771,-72.76842198985771
1507.7200422716141,-72.76844770854619,-72.76844770854619
1507.7300422716141,-72.76846746137197,-72.76846746137197
1507.7400422716141,-72.76848070621062,-72.76848070621062
1507.7500422716141,-72.76848726694149,-72.76848726694149
1507.760042271614,-72.76848718153768,-72.76848718153768
1507.770042271614,-72.76848061294935,-72.76848061294935
1507.780042271614,-72.76846779556666,-72.76846779556666
1507.790042271614,-72.76844900299047,-72.76844900299047
1507.800042271614,-72.7684245286757,-72.7684245286757
1507.810042271614,-72.7683946744195,-72.7683946744195
1507.820042271614,-72.76835974358713,-72.76835974358713
1507.830042271614,-72.76832003719525,-72.76832003719525
1507.840042271614,-72.76827585184483,-72.76827585184483
1507.850042271614,-72.76822747864213,-72.76822747864213
1507.860042271614,-72.76817520276423,-72.76817520276423
1507.870042271614,-72.76811930342726,-72.76811930342726
1507.880042271614,-72.76806005405656,-72.76806005405656
1507.890042271614,-72.76799772250378,-72.76799772250378
1507.900042295456,-72.76793257124334,-72.76793257124334
1507.910042295456,-72.76786485826635,-72.76786485826635
1507.920042295456,-72.76779483649055,-72.76779483649055
1507.930042295456,-72.76772275462197,-72.76772275462197
1507.940042295456,-72.76764885726757,-72.76764885726757
1507.950042295456,-72.76757338515166,-72.76757338515166
1507.9600422954559,-72.76749657531373,-72.76749657531373
1507.9700422954559,-72.76741866127462,-72.76741866127462
1507.9800422954559,-72.76733987318141,-72.76733987318141
1507.9900422954559,-72.76726043792792,-72.76726043792792
1508.0000422954558,-72.7671805792752,-72.7671805792752
1508.0100422954558,-72.76710051792462,-72.76710051792462
1508.0200422954558,-72.76702047162502,-72.76702047162502
1508.030042295456,-72.76694065518973,-72.76694065518973
1508.040042295456,-72.76686128060443,-72.76686128060443
1508.050042295456,-72.76678255705069,-72.76678255705069
1508.060042295456,-72.76670469093642,-72.76670469093642
1508.070042295456,-72.76662788596414,-72.76662788596414
1508.080042295456,-72.76655234312797,-72.76655234312797
1508.090042295456,-72.76647826076713,-72.76647826076713
1508.100042295456,-72.76640583457477,-72.76640583457477
1508.110042295456,-72.76633525762762,-72.76633525762762
1508.120042295456,-72.76626672038806,-72.76626672038806
1508.130042295456,-72.76620041074567,-72.76620041074567
1508.140042295456,-72.76613651402666,-72.76613651402666
1508.150042295456,-72.76607521298502,-72.76607521298502
1508.160042295456,-72.76601668784863,-72.76601668784863
1508.170042295456,-72.7659611163175,-72.7659611163175
1508.180042295456,-72.76590867356731,-72.76590867356731
1508.190042295456,-72.76585953228276,-72.76585953228276
1508.200042295456,-72.76581386266545,-72.76581386266545
1508.2100422954559,-72.7657718324264,-72.7657718324264
1508.2200422954559,-72.76573360683629,-72.76573360683629
1508.2300422954559,-72.76569934869562,-72.76569934869562
1508.2400422954559,-72.76566921837647,-72.76566921837647
1508.2500422954558,-72.76564337384197,-72.76564337384197
1508.2600422954558,-72.76562197062222,-72.76562197062222
1508.2700422954558,-72.76560516187249,-72.76560516187249
1508.280042295456,-72.76559309835187,-72.76559309835187
1508.290042295456,-72.76558592847312,-72.76558592847312
1508.300042295456,-72.76558379828394,-72.76558379828394
1508.310042295456,-72.76558685149581,-72.76558685149581
1508.320042295456,-72.7655952295106,-72.7655952295106
1508.330042295456,-72.76560907141945,-72.76560907141945
1508.340042295456,-72.76562851403185,-72.76562851403185
1508.350042295456,-72.7656536918805,-72.7656536918805
1508.360042295456,-72.76568473725423,-72.76568473725423
1508.370042295456,-72.7657217802089,-72.7657217802089
1508.380042295456,-72.76576494855941,-72.76576494855941
1508.390042295456,-72.7658143679453,-72.7658143679453
1508.400042295456,-72.76587016181414,-72.76587016181414
1508.410042295456,-72.76593245145185,-72.76593245145185
1508.420042295456,-72.7660013560035,-72.7660013560035
1508.430042295456,-72.76607699248542,-72.76607699248542
1508.440042295456,-72.76615947580926,-72.76615947580926
1508.450042295456,-72.76624891880066,-72.76624891880066
1508.4600422954559,-72.76634543220817,-72.76634543220817
1508.4700422954559,-72.76644912474171,-72.76644912474171
1508.4800422954559,-72.76656010309055,-72.76656010309055
1508.4900422954559,-72.76667847191811,-72.76667847191811
1508.5000422954558,-72.76680433391991,-72.76680433391991
1508.5100422954558,-72.76693778980399,-72.76693778980399
1508.5200422954558,-72.76707893834788,-72.76707893834788
1508.530042295456,-72.76722787639399,-72.76722787639399
1508.540042295456,-72.76738469888141,-72.76738469888141
1508.550042295456,-72.7675494988597,-72.7675494988597
1508.560042295456,-72.76772236751115,-72.76772236751115
1508.570042295456,-72.76790339417725,-72.76790339417725
1508.580042295456,-72.76809266637292,-72.76809266637292
1508.590042295456,-72.76829026981432,-72.76829026981432
1508.600042295456,-72.76848467479704,-72.76848467479704
1508.610042295456,-72.76866305131466,-72.76866305131466
1508.620042295456,-72.76881526032624,-72.76881526032624
1508.630042295456,-72.76893397974007,-72.76893397974007
1508.640042295456,-72.76901397375988,-72.76901397375988
1508.650042295456,-72.76905142778122,-72.76905142778122
1508.660042295456,-72.76904348735292,-72.76904348735292
1508.670042295456,-72.76898796093208,-72.76898796093208
1508.680042295456,-72.76888313071605,-72.76888313071605
1508.690042295456,-72.76872763104637,-72.76872763104637
1508.700042295456,-72.76852036835658,-72.76852036835658
1508.7100422954559,-72.76826046688494,-72.76826046688494
1508.7200422954559,-72.76794723047864,-72.76794723047864
1508.7300422954559,-72.76758011469317,-72.76758011469317
1508.7400422954559,-72.7671587055967,-72.7671587055967
1508.7500423192978,-72.76668270197932,-72.76668270197932
1508.7600423192978,-72.7661519062025,-72.7661519062025
1508.7700423192978,-72.76556620656442,-72.76556620656442
1508.7800423192978,-72.76492557183252,-72.76492557183252
1508.7900423192978,-72.76423004196685,-72.76423004196685
1508.8000423192977,-72.76347972089144,-72.76347972089144
1508.8100423192977,-72.76267477014564,-72.76267477014564
1508.8200423192977,-72.76181540323984,-72.76181540323984
1508.8300423192977,-72.76090188064316,-72.76090188064316
1508.8400423192977,-72.75993450528895,-72.75993450528895
1508.8500423192977,-72.75891361856071,-72.75891361856071
1508.8600423192977,-72.75783959666308,-72.75783959666308
1508.8700423192977,-72.75671284741011,-72.75671284741011
1508.880042319298,-72.75553380724583,-72.75553380724583
1508.890042319298,-72.75430293863158,-72.75430293863158
1508.9000423192979,-72.75302072759054,-72.75302072759054
1508.9100423192979,-72.75168768157909,-72.75168768157909
1508.9200423192979,-72.75030432746418,-72.75030432746418
1508.9300423192979,-72.748871209727,-72.748871209727
1508.9400423192978,-72.74738888879355,-72.74738888879355
1508.9500423192978,-72.74585793952883,-72.74585793952883
1508.9600423192978,-72.74427894985456,-72.74427894985456
1508.9700423192978,-72.74265251943845,-72.74265251943845
1508.9800423192978,-72.74097925854637,-72.74097925854637
1508.9900423192978,-72.73925978693246,-72.73925978693246
1509.0000423192978,-72.73749473283831,-72.73749473283831
1509.0100423192978,-72.73568473207337,-72.73568473207337
1509.0200423192978,-72.73383042712605,-72.73383042712605
1509.0300423192978,-72.73193246635724,-72.73193246635724
1509.0400423192978,-72.7299915032819,-72.7299915032819
1509.0500423192977,-72.72800819583593,-72.72800819583593
1509.0600423192977,-72.72598320573553,-72.72598320573553
1509.0700423192977,-72.72391719786543,-72.72391719786543
1509.0800423192977,-72.72181083972096,-72.72181083972096
1509.0900423192977,-72.71966480085264,-72.71966480085264
1509.1000423192977,-72.71747975237837,-72.71747975237837
1509.1100423192977,-72.71525636651707,-72.71525636651707
1509.1200423192977,-72.71299531613826,-72.71299531613826
1509.130042319298,-72.71069727435565,-72.71069727435565
1509.140042319298,-72.70836291413858,-72.70836291413858
1509.1500423192979,-72.70599290792708,-72.70599290792708
1509.1600423192979,-72.70358792732942,-72.70358792732942
1509.1700423192979,-72.70114864276103,-72.70114864276103
1509.1800423192979,-72.69867572315789,-72.69867572315789
1509.1900423192978,-72.69616983569583,-72.69616983569583
1509.2000423192978,-72.69363164551372,-72.69363164551372
1509.2100423192978,-72.69106181546012,-72.69106181546012
1509.2200423192978,-72.68846100585657,-72.68846100585657
1509.2300423192978,-72.68582987428611,-72.68582987428611
1509.2400423192978,-72.68316907538164,-72.68316907538164
1509.2500423192978,-72.68047926061216,-72.68047926061216
1509.2600423192978,-72.67776107811893,-72.67776107811893
1509.2700423192978,-72.67501517254597,-72.67501517254597
1509.2800423192978,-72.67224218483919,-72.67224218483919
1509.2900423192978,-72.66944275214465,-72.66944275214465
1509.3000423192977,-72.66661750763538,-72.66661750763538
1509.3100423192977,-72.66376708038996,-72.66376708038996
1509.3200423192977,-72.66089209528225,-72.66089209528225
1509.3300423192977,-72.65799317282877,-72.65799317282877
1509.3400423192977,-72.65507092911382,-72.65507092911382
1509.3500423192977,-72.65212597567788,-72.65212597567788
1509.3600423192977,-72.64915891942121,-72.64915891942121
1509.3700423192977,-72.64617036253094,-72.64617036253094
1509.380042319298,-72.64316090239377,-72.64316090239377
1509.390042319298,-72.640131131513,-72.640131131513
1509.4000423192979,-72.63708163745875,-72.63708163745875
1509.4100423192979,-72.63401300279412,-72.63401300279412
1509.4200423192979,-72.6309258050268,-72.6309258050268
1509.4300423192979,-72.62782061654288,-72.62782061654288
1509.4400423192978,-72.62469800458237,-72.62469800458237
1509.4500423192978,-72.62155853118435,-72.62155853118435
1509.4600423192978,-72.61840275314333,-72.61840275314333
1509.4700423192978,-72.61523122199061,-72.61523122199061
1509.4800423192978,-72.61204448396155,-72.61204448396155
1509.4900423192978,-72.6088430799587,-72.6088430799587
1509.5000423192978,-72.60562754553362,-72.60562754553362
1509.5100423192978,-72.60239841088311,-72.60239841088311
1509.5200423192978,-72.59915620081918,-72.59915620081918
1509.5300423192978,-72.59590143476356,-72.59590143476356
1509.5400423192978,-72.59263462672597,-72.59263462672597
1509.5500423192977,-72.58935628531047,-72.58935628531047
1509.5600423192977,-72.58606691371845,-72.58606691371845
1509.5700423192977,-72.5827670097229,-72.5827670097229
1509.5800423192977,-72.57945706570445,-72.57945706570445
1509.5900423192977,-72.5761375686131,-72.5761375686131
1509.6000423431396,-72.57280899208587,-72.57280899208587
1509.6100423431396,-72.56947182811997,-72.56947182811997
1509.6200423431396,-72.56612653957632,-72.56612653957632
1509.6300423431396,-72.56277359186524,-72.56277359186524
1509.6400423431396,-72.55941344503158,-72.55941344503158
1509.6500423431396,-72.55604655377711,-72.55604655377711
1509.6600423431396,-72.55267336747607,-72.55267336747607
1509.6700423431396,-72.54929433018604,-72.54929433018604
1509.6800423431396,-72.5459098806874,-72.5459098806874
1509.6900423431396,-72.542520452482,-72.542520452482
1509.7000423431396,-72.53912647383449,-72.53912647383449
1509.7100423431395,-72.53572205193345,-72.53572205193345
1509.7200423431395,-72.53230484530845,-72.53230484530845
1509.7300423431398,-72.52887392865577,-72.52887392865577
1509.7400423431397,-72.52542902916944,-72.52542902916944
1509.7500423431397,-72.52197023518885,-72.52197023518885
1509.7600423431397,-72.51849784490614,-72.51849784490614
1509.7700423431397,-72.51501227771806,-72.51501227771806
1509.7800423431397,-72.51151402093369,-72.51151402093369
1509.7900423431397,-72.5080035977384,-72.5080035977384
1509.8000423431397,-72.50448154803155,-72.50448154803155
1509.8100423431397,-72.50094841697923,-72.50094841697923
1509.8200423431397,-72.4974047483077,-72.4974047483077
1509.8300423431397,-72.49385108050494,-72.49385108050494
1509.8400423431397,-72.49028794474367,-72.49028794474367
1509.8500423431396,-72.48671586386432,-72.48671586386432
1509.8600423431396,-72.48313535201119,-72.48313535201119
1509.8700423431396,-72.4795469145875,-72.4795469145875
1509.8800423431396,-72.47595104846164,-72.47595104846164
1509.8900423431396,-72.47234824224427,-72.47234824224427
1509.9000423431396,-72.46873897663305,-72.46873897663305
1509.9100423431396,-72.46512372473858,-72.46512372473858
1509.9200423431396,-72.46150295240203,-72.46150295240203
1509.9300423431396,-72.45787711851833,-72.45787711851833
1509.9400423431396,-72.45424667529436,-72.45424667529436
1509.9500423431396,-72.45061206850652,-72.45061206850652
1509.9600423431395,-72.44697373769603,-72.44697373769603
1509.9700423431395,-72.4433321163926,-72.4433321163926
1509.9800423431398,-72.4396876322539,-72.4396876322539
1509.9900423431397,-72.43604070721825,-72.43604070721825
1510.0000423431397,-72.43239175765669,-72.43239175765669
1510.0100423431397,-72.42874119445597,-72.42874119445597
1510.0200423431397,-72.42508942312705,-72.42508942312705
1510.0300423431397,-72.42143684390824,-72.42143684390824
1510.0400423431397,-72.41778385182762,-72.41778385182762
1510.0500423431397,-72.41413083678009,-72.41413083678009
1510.0600423431397,-72.41047818357856,-72.41047818357856
1510.0700423431397,-72.40682627203047,-72.40682627203047
1510.0800423431397,-72.40317547697754,-72.40317547697754
1510.0900423431397,-72.39952616833662,-72.39952616833662
1510.1000423431396,-72.39587871116287,-72.39587871116287
1510.1100423431396,-72.39223346567151,-72.39223346567151
1510.1200423431396,-72.38859078729718,-72.38859078729718
1510.1300423431396,-72.38495102671453,-72.38495102671453
1510.1400423431396,-72.38131452987027,-72.38131452987027
1510.1500423431396,-72.3776816380466,-72.3776816380466
1510.1600423431396,-72.37405268787083,-72.37405268787083
1510.1700423431396,-72.370428011346,-72.370428011346
1510.1800423431396,-72.3668079358909,-72.3668079358909
1510.1900423431396,-72.36319278437045,-72.36319278437045
1510.2000423431396,-72.35958287514819,-72.35958287514819
1510.2100423431395,-72.35597852208458,-72.35597852208458
1510.2200423431395,-72.3523800345837,-72.3523800345837
1510.2300423431398,-72.34878771762943,-72.34878771762943
1510.2400423431397,-72.34520187181903,-72.34520187181903
1510.2500423431397,-72.3416227933753,-72.3416227933753
1510.2600423431397,-72.33805077420162,-72.33805077420162
1510.2700423431397,-72.33448610190463,-72.33448610190463
1510.2800423431397,-72.3309290598201,-72.3309290598201
1510.2900423431397,-72.32737992707494,-72.32737992707494
1510.3000423431397,-72.3238389785735,-72.3238389785735
1510.3100423431397,-72.32030648507181,-72.32030648507181
1510.3200423431397,-72.31678271319804,-72.31678271319804
1510.3300423431397,-72.31326792546541,-72.31326792546541
1510.3400423431397,-72.3097623803448,-72.3097623803448
1510.3500423431396,-72.30626633226295,-72.30626633226295
1510.3600423431396,-72.30278003165829,-72.30278003165829
1510.3700423431396,-72.2993037250213,-72.2993037250213
1510.3800423431396,-72.29583765490678,-72.29583765490678
1510.3900423431396,-72.2923820599798,-72.2923820599798
1510.4000423431396,-72.28893717504695,-72.28893717504695
1510.4100423431396,-72.28550323110042,-72.28550323110042
1510.4200423431396,-72.28208045535676,-72.28208045535676
1510.4300423431396,-72.27866907127311,-72.27866907127311
1510.4400423431396,-72.27526929859359,-72.27526929859359
1510.4500423669815,-72.27188134532595,-72.27188134532595
1510.4600423669815,-72.26850544006454,-72.26850544006454
1510.4700423669815,-72.26514178352684,-72.26514178352684
1510.4800423669815,-72.26179058096652,-72.26179058096652
1510.4900423669815,-72.25845203410579,-72.25845203410579
1510.5000423669815,-72.25512634116014,-72.25512634116014
1510.5100423669815,-72.25181369688815,-72.25181369688815
1510.5200423669814,-72.24851429261712,-72.24851429261712
1510.5300423669814,-72.24522831628718,-72.24522831628718
1510.5400423669814,-72.2419559524769,-72.2419559524769
1510.5500423669814,-72.23869738245547,-72.23869738245547
1510.5600423669814,-72.23545278418739,-72.23545278418739
1510.5700423669814,-72.2322223324128,-72.2322223324128
1510.5800423669816,-72.22900619864537,-72.22900619864537
1510.5900423669816,-72.2258045512121,-72.2258045512121
1510.6000423669816,-72.22261755531252,-72.22261755531252
1510.6100423669816,-72.21944537302574,-72.21944537302574
1510.6200423669816,-72.21628816335569,-72.21628816335569
1510.6300423669816,-72.21314608227503,-72.21314608227503
1510.6400423669816,-72.21001928275281,-72.21001928275281
1510.6500423669816,-72.20690791477523,-72.20690791477523
1510.6600423669815,-72.20381212540666,-72.20381212540666
1510.6700423669815,-72.20073205880492,-72.20073205880492
1510.6800423669815,-72.1976678562517,-72.1976678562517
1510.6900423669815,-72.19461965619256,-72.19461965619256
1510.7000423669815,-72.19158759428366,-72.19158759428366
1510.7100423669815,-72.18857180340918,-72.18857180340918
1510.7200423669815,-72.18557241370746,-72.18557241370746
1510.7300423669815,-72.18258955262995,-72.18258955262995
1510.7400423669815,-72.17962334494328,-72.17962334494328
1510.7500423669815,-72.17667391279254,-72.17667391279254
1510.7600423669815,-72.17374137569843,-72.17374137569843
1510.7700423669814,-72.17082585061281,-72.17082585061281
1510.7800423669814,-72.16792745195714,-72.16792745195714
1510.7900423669814,-72.16504629162688,-72.16504629162688
1510.8000423669814,-72.1621824790512,-72.1621824790512
1510.8100423669814,-72.1593361211893,-72.1593361211893
1510.8200423669814,-72.15650732260745,-72.15650732260745
1510.8300423669816,-72.1536961854682,-72.1536961854682
1510.8400423669816,-72.15090280957739,-72.15090280957739
1510.8500423669816,-72.14812729241655,-72.14812729241655
1510.8600423669816,-72.14536972916085,-72.14536972916085
1510.8700423669816,-72.14263021272916,-72.14263021272916
1510.8800423669816,-72.13990883378275,-72.13990883378275
1510.8900423669816,-72.13720568078969,-72.13720568078969
1510.9000423669816,-72.13452084001587,-72.13452084001587
1510.9100423669815,-72.13185439559075,-72.13185439559075
1510.9200423669815,-72.12920642950259,-72.12920642950259
1510.9300423669815,-72.12657702165146,-72.12657702165146
1510.9400423669815,-72.12396624985342,-72.12396624985342
1510.9500423669815,-72.12137418988648,-72.12137418988648
1510.9600423669815,-72.11880091551662,-72.11880091551662
1510.9700423669815,-72.11624649851352,-72.11624649851352
1510.9800423669815,-72.11371100867399,-72.11371100867399
1510.9900423669815,-72.11119451386831,-72.11119451386831
1511.0000423669815,-72.1086970800476,-72.1086970800476
1511.0100423669815,-72.10621877128523,-72.10621877128523
1511.0200423669814,-72.10375964978356,-72.10375964978356
1511.0300423669814,-72.10131977589853,-72.10131977589853
1511.0400423669814,-72.09889920819711,-72.09889920819711
1511.0500423669814,-72.09649800344964,-72.09649800344964
1511.0600423669814,-72.09411621664964,-72.09411621664964
1511.0700423669814,-72.09175390107073,-72.09175390107073
1511.0800423669816,-72.089411108253,-72.089411108253
1511.0900423669816,-72.08708788805683,-72.08708788805683
1511.1000423669816,-72.08478428867343,-72.08478428867343
1511.1100423669816,-72.0825003566416,-72.0825003566416
1511.1200423669816,-72.08023613688937,-72.08023613688937
1511.1300423669816,-72.07799167272577,-72.07799167272577
1511.1400423669816,-72.07576700589293,-72.07576700589293
1511.1500423669816,-72.073562176576,-72.073562176576
1511.1600423669815,-72.07137722341623,-72.07137722341623
1511.1700423669815,-72.06921218355181,-72.06921218355181
1511.1800423669815,-72.06706709262969,-72.06706709262969
1511.1900423669815,-72.06494198481728,-72.06494198481728
1511.2000423669815,-72.06283689282913,-72.06283689282913
1511.2100423669815,-72.06075184796273,-72.06075184796273
1511.2200423669815,-72.05868688009576,-72.05868688009576
1511.2300423669815,-72.0566420177167,-72.0566420177167
1511.2400423669815,-72.05461728794742,-72.05461728794742
1511.2500423669815,-72.05261271655174,-72.05261271655174
1511.2600423669815,-72.05062832797195,-72.05062832797195
1511.2700423669814,-72.04866414533437,-72.04866414533437
1511.2800423669814,-72.04672019047551,-72.04672019047551
1511.2900423669814,-72.04479648394518,-72.04479648394518
1511.3000423908234,-72.0428930405229,-72.0428930405229
1511.3100423908234,-72.04100988737994,-72.04100988737994
1511.3200423908233,-72.03914703677181,-72.03914703677181
1511.3300423908233,-72.03730450433993,-72.03730450433993
1511.3400423908233,-72.03548230453998,-72.03548230453998
1511.3500423908233,-72.03368045066557,-72.03368045066557
1511.3600423908233,-72.03189895485168,-72.03189895485168
1511.3700423908233,-72.0301378281074,-72.0301378281074
1511.3800423908233,-72.02839708030159,-72.02839708030159
1511.3900423908233,-72.02667672024424,-72.02667672024424
1511.4000423908233,-72.02497675561935,-72.02497675561935
1511.4100423908233,-72.02329719307203,-72.02329719307203
1511.4200423908233,-72.021638038186,-72.021638038186
1511.4300423908235,-72.01999929550074,-72.01999929550074
1511.4400423908235,-72.01838096855217,-72.01838096855217
1511.4500423908235,-72.0167830598485,-72.0167830598485
1511.4600423908234,-72.01520557092013,-72.01520557092013
1511.4700423908234,-72.01364850232403,-72.01364850232403
1511.4800423908234,-72.01211185365723,-72.01211185365723
1511.4900423908234,-72.01059562355601,-72.01059562355601
1511.5000423908234,-72.00909980974475,-72.00909980974475
1511.5100423908234,-72.00762440901755,-72.00762440901755
1511.5200423908234,-72.00616941726574,-72.00616941726574
1511.5300423908234,-72.00473482949602,-72.00473482949602
1511.5400423908234,-72.00332063983491,-72.00332063983491
1511.5500423908234,-72.00192684154769,-72.00192684154769
1511.5600423908234,-72.0005534270458,-72.0005534270458
1511.5700423908233,-71.99920038791296,-71.99920038791296
1511.5800423908233,-71.99786771490028,-71.99786771490028
1511.5900423908233,-71.9965553979612,-71.9965553979612
1511.6000423908233,-71.99526342624527,-71.99526342624527
1511.6100423908233,-71.99399178811197,-71.99399178811197
1511.6200423908233,-71.99274047114726,-71.99274047114726
1511.6300423908233,-71.99150946218423,-71.99150946218423
1511.6400423908233,-71.99029874730076,-71.99029874730076
1511.6500423908233,-71.98910831185027,-71.98910831185027
1511.6600423908233,-71.98793814044062,-71.98793814044062
1511.6700423908233,-71.98678821698762,-71.98678821698762
1511.6800423908235,-71.98565852468856,-71.98565852468856
1511.6900423908235,-71.98454904605266,-71.98454904605266
1511.7000423908235,-71.98345976292451,-71.98345976292451
1511.7100423908234,-71.98239065646672,-71.98239065646672
1511.7200423908234,-71.9813417071809,-71.9813417071809
1511.7300423908234,-71.98031289492832,-71.98031289492832
1511.7400423908234,-71.97930419893474,-71.97930419893474
1511.7500423908234,-71.9783155977946,-71.9783155977946
1511.7600423908234,-71.9773470694934,-71.9773470694934
1511.7700423908234,-71.97639859140939,-71.97639859140939
1511.7800423908234,-71.97547014031635,-71.97547014031635
1511.7900423908234,-71.97456169241674,-71.97456169241674
1511.8000423908234,-71.97367322331644,-71.97367322331644
1511.8100423908234,-71.97280470808478,-71.97280470808478
1511.8200423908233,-71.97195612120863,-71.97195612120863
1511.8300423908233,-71.97112743664162,-71.97112743664162
1511.8400423908233,-71.97031862779144,-71.97031862779144
1511.8500423908233,-71.96952966753791,-71.96952966753791
1511.8600423908233,-71.96876052824922,-71.96876052824922
1511.8700423908233,-71.96801118176991,-71.96801118176991
1511.8800423908233,-71.96728159945388,-71.96728159945388
1511.8900423908233,-71.96657175215923,-71.96657175215923
1511.9000423908233,-71.96588161024796,-71.96588161024796
1511.9100423908233,-71.96521114362751,-71.96521114362751
1511.9200423908233,-71.9645603217162,-71.9645603217162
1511.9300423908235,-71.96392911347849,-71.96392911347849
1511.9400423908235,-71.96331748743101,-71.96331748743101
1511.9500423908235,-71.9627254116472,-71.9627254116472
1511.9600423908234,-71.96215285376731,-71.96215285376731
1511.9700423908234,-71.96159978099476,-71.96159978099476
1511.9800423908234,-71.96106616011866,-71.96106616011866
1511.9900423908234,-71.960551957516,-71.960551957516
1512.0000423908234,-71.96005713915181,-71.96005713915181
1512.0100423908234,-71.95958167060314,-71.95958167060314
1512.0200423908234,-71.95912551705305,-71.95912551705305
1512.0300423908234,-71.95868864329672,-71.95868864329672
1512.0400423908234,-71.95827101375968,-71.95827101375968
1512.0500423908234,-71.95787259249558,-71.95787259249558
1512.0600423908234,-71.95749334320325,-71.95749334320325
1512.0700423908233,-71.95713322920496,-71.95713322920496
1512.0800423908233,-71.9567922135077,-71.9567922135077
1512.0900423908233,-71.956470258747,-71.956470258747
1512.1000423908233,-71.95616732724365,-71.95616732724365
1512.1100423908233,-71.9558833809756,-71.9558833809756
1512.1200423908233,-71.95561838160246,-71.95561838160246
1512.1300423908233,-71.95537229047223,-71.95537229047223
1512.1400423908233,-71.95514506861707,-71.95514506861707
1512.1500424146652,-71.95493667628196,-71.95493667628196
1512.1600424146652,-71.95474707494184,-71.95474707494184
1512.1700424146652,-71.95457622419303,-71.95457622419303
1512.1800424146652,-71.9544240838772,-71.9544240838772
1512.1900424146652,-71.95429061358966,-71.95429061358966
1512.2000424146652,-71.95417577262921,-71.95417577262921
1512.2100424146652,-71.95407952003289,-71.95407952003289
1512.2200424146652,-71.95400181457558,-71.95400181457558
1512.2300424146651,-71.95394261477144,-71.95394261477144
1512.2400424146651,-71.95390187888913,-71.95390187888913
1512.2500424146651,-71.95387956494233,-71.95387956494233
1512.2600424146651,-71.95387563070733,-71.95387563070733
1512.270042414665,-71.95389003372198,-71.95389003372198
1512.2800424146653,-71.95392273130824,-71.95392273130824
1512.2900424146653,-71.95397368054365,-71.95397368054365
1512.3000424146653,-71.95404283829595,-71.95404283829595
1512.3100424146653,-71.95413016121314,-71.95413016121314
1512.3200424146653,-71.95423560573332,-71.95423560573332
1512.3300424146653,-71.95435912809309,-71.95435912809309
1512.3400424146653,-71.9545006843175,-71.9545006843175
1512.3500424146653,-71.95466023024827,-71.95466023024827
1512.3600424146653,-71.95483772152797,-71.95483772152797
1512.3700424146652,-71.95503311361104,-71.95503311361104
1512.3800424146652,-71.95524636177421,-71.95524636177421
1512.3900424146652,-71.95547742111356,-71.95547742111356
1512.4000424146652,-71.9557262465472,-71.9557262465472
1512.4100424146652,-71.95599279283186,-71.95599279283186
1512.4200424146652,-71.95627701455605,-71.95627701455605
1512.4300424146652,-71.95657886614418,-71.95657886614418
1512.4400424146652,-71.95689830186626,-71.95689830186626
1512.4500424146652,-71.95723527584177,-71.95723527584177
1512.4600424146652,-71.95758974203578,-71.95758974203578
1512.4700424146652,-71.95796165427939,-71.95796165427939
1512.4800424146651,-71.95835096625325,-71.95835096625325
1512.4900424146651,-71.95875763150137,-71.95875763150137
1512.5000424146651,-71.95918160343592,-71.95918160343592
1512.5100424146651,-71.95962283534904,-71.95962283534904
1512.520042414665,-71.96008128039628,-71.96008128039628
1512.5300424146653,-71.96055689161554,-71.96055689161554
1512.5400424146653,-71.96104962191946,-71.96104962191946
1512.5500424146653,-71.96155942412116,-71.96155942412116
1512.5600424146653,-71.9620862509101,-71.9620862509101
1512.5700424146653,-71.962630054876,-71.962630054876
1512.5800424146653,-71.96319078849093,-71.96319078849093
1512.5900424146653,-71.96376840414405,-71.96376840414405
1512.6000424146653,-71.96436285412105,-71.96436285412105
1512.6100424146653,-71.96497409060306,-71.96497409060306
1512.6200424146652,-71.96560206569417,-71.96560206569417
1512.6300424146652,-71.96624673140401,-71.96624673140401
1512.6400424146652,-71.96690803966145,-71.96690803966145
1512.6500424146652,-71.96758594229952,-71.96758594229952
1512.6600424146652,-71.96828039110186,-71.96828039110186
1512.6700424146652,-71.9689913377443,-71.9689913377443
1512.6800424146652,-71.96971873384912,-71.96971873384912
1512.6900424146652,-71.97046253097163,-71.97046253097163
1512.7000424146652,-71.97122268059317,-71.97122268059317
1512.7100424146652,-71.97199913413017,-71.97199913413017
1512.7200424146652,-71.97279184293632,-71.97279184293632
1512.7300424146651,-71.97360075832152,-71.97360075832152
1512.7400424146651,-71.97442583152663,-71.97442583152663
1512.7500424146651,-71.97526701374048,-71.97526701374048
1512.7600424146651,-71.97612425610774,-71.97612425610774
1512.770042414665,-71.97699750972185,-71.97699750972185
1512.7800424146653,-71.97788672562787,-71.97788672562787
1512.7900424146653,-71.97879185484605,-71.97879185484605
1512.8000424146653,-71.97971284833802,-71.97971284833802
1512.8100424146653,-71.98064965703179,-71.98064965703179
1512.8200424146653,-71.98160223182802,-71.98160223182802
1512.8300424146653,-71.9825705235841,-71.9825705235841
1512.8400424146653,-71.98355448314169,-71.98355448314169
1512.8500424146653,-71.98455406130319,-71.98455406130319
1512.8600424146653,-71.9855692088541,-71.9855692088541
1512.8700424146652,-71.98659987654474,-71.98659987654474
1512.8800424146652,-71.98764601511833,-71.98764601511833
1512.8900424146652,-71.98870757528766,-71.98870757528766
1512.9000424146652,-71.98978450776774,-71.98978450776774
1512.9100424146652,-71.99087676323713,-71.99087676323713
1512.9200424146652,-71.99198429236796,-71.99198429236796
1512.9300424146652,-71.99310704583432,-71.99310704583432
1512.9400424146652,-71.99424497428308,-71.99424497428308
1512.9500424146652,-71.9953980283709,-71.9953980283709
1512.9600424146652,-71.99655988106404,-71.99655988106404
1512.9700424146652,-71.99772773381996,-71.99772773381996
1512.9800424146651,-71.99890019872385,-71.99890019872385
1512.9900424146651,-72.00007654082354,-72.00007654082354
1513.000042438507,-72.00125639177443,-72.00125639177443
1513.010042438507,-72.00243958851586,-72.00243958851586
1513.020042438507,-72.00362610207081,-72.00362610207081
1513.030042438507,-72.00481597347391,-72.00481597347391
1513.040042438507,-72.00600928477195,-72.00600928477195
1513.050042438507,-72.0072061399316,-72.0072061399316
1513.060042438507,-72.00840665345116,-72.00840665345116
1513.070042438507,-72.00961094369197,-72.00961094369197
1513.080042438507,-72.01081912904107,-72.01081912904107
1513.090042438507,-72.01203132577612,-72.01203132577612
1513.100042438507,-72.01324764703733,-72.01324764703733
1513.110042438507,-72.01446820238394,-72.01446820238394
1513.120042438507,-72.0156930977458,-72.0156930977458
1513.1300424385072,-72.01692243552465,-72.01692243552465
1513.1400424385072,-72.0181563148413,-72.0181563148413
1513.1500424385072,-72.01939483182983,-72.01939483182983
1513.1600424385072,-72.02063807990905,-72.02063807990905
1513.1700424385072,-72.02188615005988,-72.02188615005988
1513.1800424385071,-72.02313913108259,-72.02313913108259
1513.1900424385071,-72.02439710980181,-72.02439710980181
1513.2000424385071,-72.0256601712957,-72.0256601712957
1513.2100424385071,-72.02692839904438,-72.02692839904438
1513.220042438507,-72.0282018750776,-72.0282018750776
1513.230042438507,-72.0294806800968,-72.0294806800968
1513.240042438507,-72.03076489359448,-72.03076489359448
1513.250042438507,-72.03205459391766,-72.03205459391766
1513.260042438507,-72.03334985834148,-72.03334985834148
1513.270042438507,-72.0346507631306,-72.0346507631306
1513.280042438507,-72.03595738358372,-72.03595738358372
1513.290042438507,-72.03726979407683,-72.03726979407683
1513.300042438507,-72.03858806806396,-72.03858806806396
1513.310042438507,-72.03991227814079,-72.03991227814079
1513.320042438507,-72.04124249601908,-72.04124249601908
1513.330042438507,-72.04257879256431,-72.04257879256431
1513.340042438507,-72.0439212377793,-72.0439212377793
1513.350042438507,-72.04526990083552,-72.04526990083552
1513.360042438507,-72.04662485006297,-72.04662485006297
1513.370042438507,-72.04798615294273,-72.04798615294273
1513.3800424385072,-72.04935387610413,-72.04935387610413
1513.3900424385072,-72.0507280853374,-72.0507280853374
1513.4000424385072,-72.05210884556774,-72.05210884556774
1513.4100424385072,-72.05349622085815,-72.05349622085815
1513.4200424385072,-72.05489027441837,-72.05489027441837
1513.4300424385071,-72.056291068582,-72.056291068582
1513.4400424385071,-72.05769866479632,-72.05769866479632
1513.4500424385071,-72.0591131236335,-72.0591131236335
1513.4600424385071,-72.06053450477069,-72.06053450477069
1513.470042438507,-72.06196286699115,-72.06196286699115
1513.480042438507,-72.0633982681775,-72.0633982681775
1513.490042438507,-72.0648407653056,-72.0648407653056
1513.500042438507,-72.06629041443523,-72.06629041443523
1513.510042438507,-72.06774727070407,-72.06774727070407
1513.520042438507,-72.06921138834622,-72.06921138834622
1513.530042438507,-72.07068282065912,-72.07068282065912
1513.540042438507,-72.07216162000738,-72.07216162000738
1513.550042438507,-72.07364783784216,-72.07364783784216
1513.560042438507,-72.07514152466806,-72.07514152466806
1513.570042438507,-72.07664273006063,-72.07664273006063
1513.580042438507,-72.07815150266674,-72.07815150266674
1513.590042438507,-72.07966789017206,-72.07966789017206
1513.600042438507,-72.08119193934917,-72.08119193934917
1513.610042438507,-72.08272369602717,-72.08272369602717
1513.620042438507,-72.08426320509747,-72.08426320509747
1513.6300424385072,-72.0858105105145,-72.0858105105145
1513.6400424385072,-72.08736565530313,-72.08736565530313
1513.6500424385072,-72.08892868155547,-72.08892868155547
1513.6600424385072,-72.09049963042025,-72.09049963042025
1513.6700424385072,-72.09207854213467,-72.09207854213467
1513.6800424385071,-72.09366545601847,-72.09366545601847
1513.6900424385071,-72.09526041044562,-72.09526041044562
1513.7000424385071,-72.09686344288839,-72.09686344288839
1513.7100424385071,-72.09847458990913,-72.09847458990913
1513.720042438507,-72.10009388715349,-72.10009388715349
1513.730042438507,-72.10172136935732,-72.10172136935732
1513.740042438507,-72.10335707037525,-72.10335707037525
1513.750042438507,-72.10500102315102,-72.10500102315102
1513.760042438507,-72.10665325974205,-72.10665325974205
1513.770042438507,-72.10831381133443,-72.10831381133443
1513.780042438507,-72.1099827082257,-72.1099827082257
1513.790042438507,-72.11165997984693,-72.11165997984693
1513.800042438507,-72.11334565476157,-72.11334565476157
1513.810042438507,-72.11503976067893,-72.11503976067893
1513.820042438507,-72.11674232446252,-72.11674232446252
1513.830042438507,-72.11845337212085,-72.11845337212085
1513.840042438507,-72.12017292881845,-72.12017292881845
1513.850042462349,-72.12190102303417,-72.12190102303417
1513.860042462349,-72.12363767007585,-72.12363767007585
1513.870042462349,-72.12538289674626,-72.12538289674626
1513.880042462349,-72.12713672493655,-72.12713672493655
1513.890042462349,-72.12889917575673,-72.12889917575673
1513.900042462349,-72.13067026951367,-72.13067026951367
1513.9100424623489,-72.13245002573417,-72.13245002573417
1513.9200424623489,-72.13423846316873,-72.13423846316873
1513.9300424623489,-72.13603559980388,-72.13603559980388
1513.9400424623489,-72.13784145285894,-72.13784145285894
1513.9500424623488,-72.13965603880787,-72.13965603880787
1513.9600424623488,-72.14147937337205,-72.14147937337205
1513.9700424623488,-72.14331147155413,-72.14331147155413
1513.980042462349,-72.14515234761157,-72.14515234761157
1513.990042462349,-72.14700201510293,-72.14700201510293
1514.000042462349,-72.14886048686739,-72.14886048686739
1514.010042462349,-72.15072777504477,-72.15072777504477
1514.020042462349,-72.15260389106814,-72.15260389106814
1514.030042462349,-72.1544888457111,-72.1544888457111
1514.040042462349,-72.15638264905539,-72.15638264905539
1514.050042462349,-72.15828531051432,-72.15828531051432
1514.060042462349,-72.16019683886039,-72.16019683886039
1514.070042462349,-72.16211724219033,-72.16211724219033
1514.080042462349,-72.16404652797563,-72.16404652797563
1514.090042462349,-72.16598470304574,-72.16598470304574
1514.100042462349,-72.16793177361635,-72.16793177361635
1514.110042462349,-72.1698877452694,-72.1698877452694
1514.120042462349,-72.17185262298887,-72.17185262298887
1514.130042462349,-72.1738264111581,-72.1738264111581
1514.140042462349,-72.17580911356868,-72.17580911356868
1514.150042462349,-72.1778007334187,-72.1778007334187
1514.1600424623489,-72.17980127334411,-72.17980127334411
1514.1700424623489,-72.18181073540713,-72.18181073540713
1514.1800424623489,-72.18382912110204,-72.18382912110204
1514.1900424623489,-72.18585643139059,-72.18585643139059
1514.2000424623488,-72.18789266667422,-72.18789266667422
1514.2100424623488,-72.18993782682575,-72.18993782682575
1514.2200424623488,-72.19199191119354,-72.19199191119354
1514.230042462349,-72.19405491859497,-72.19405491859497
1514.240042462349,-72.19612684734258,-72.19612684734258
1514.250042462349,-72.19820769524969,-72.19820769524969
1514.260042462349,-72.20029745962668,-72.20029745962668
1514.270042462349,-72.20239613729501,-72.20239613729501
1514.280042462349,-72.2045037245941,-72.2045037245941
1514.290042462349,-72.20662021739277,-72.20662021739277
1514.300042462349,-72.20874561109197,-72.20874561109197
1514.310042462349,-72.21087990062425,-72.21087990062425
1514.320042462349,-72.21302308048375,-72.21302308048375
1514.330042462349,-72.21517514470513,-72.21517514470513
1514.340042462349,-72.21733608689532,-72.21733608689532
1514.350042462349,-72.21950590022962,-72.21950590022962
1514.360042462349,-72.22168457746007,-72.22168457746007
1514.370042462349,-72.22387211091782,-72.22387211091782
1514.380042462349,-72.22606849252355,-72.22606849252355
1514.390042462349,-72.22827371380197,-72.22827371380197
1514.400042462349,-72.23048776586839,-72.23048776586839
1514.4100424623489,-72.23271063945491,-72.23271063945491
1514.4200424623489,-72.23494232491775,-72.23494232491775
1514.4300424623489,-72.23718281222027,-72.23718281222027
1514.4400424623489,-72.23943209097081,-72.23943209097081
1514.4500424623488,-72.24169015039827,-72.24169015039827
1514.4600424623488,-72.243956979395,-72.243956979395
1514.4700424623488,-72.24623256647558,-72.24623256647558
1514.480042462349,-72.24851689982219,-72.24851689982219
1514.490042462349,-72.25080996727527,-72.25080996727527
1514.500042462349,-72.25311175634975,-72.25311175634975
1514.510042462349,-72.25542225421945,-72.25542225421945
1514.520042462349,-72.25774144774437,-72.25774144774437
1514.530042462349,-72.26006932346857,-72.26006932346857
1514.540042462349,-72.26240586762464,-72.26240586762464
1514.550042462349,-72.26475106613327,-72.26475106613327
1514.560042462349,-72.26710490462456,-72.26710490462456
1514.570042462349,-72.26946736843337,-72.26946736843337
1514.580042462349,-72.2718384426058,-72.2718384426058
1514.590042462349,-72.27421811190163,-72.27421811190163
1514.600042462349,-72.27660636080628,-72.27660636080628
1514.610042462349,-72.27900317352879,-72.27900317352879
1514.620042462349,-72.28140853401469,-72.28140853401469
1514.630042462349,-72.2838224259443,-72.2838224259443
1514.640042462349,-72.28624483274959,-72.28624483274959
1514.650042462349,-72.28867573759618,-72.28867573759618
1514.6600424623489,-72.29111512341609,-72.29111512341609
1514.6700424623489,-72.2935629728841,-72.2935629728841
1514.6800424623489,-72.29601926844454,-72.29601926844454
1514.6900424623489,-72.29848399230724,-72.29848399230724
1514.7000424861908,-72.30095713236334,-72.30095713236334
1514.7100424861908,-72.3034386585959,-72.3034386585959
1514.7200424861908,-72.3059285584091,-72.3059285584091
1514.7300424861908,-72.30842681312969,-72.30842681312969
1514.7400424861908,-72.31093340387436,-72.31093340387436
1514.7500424861908,-72.31344831155015,-72.31344831155015
1514.7600424861907,-72.31597151685676,-72.31597151685676
1514.7700424861907,-72.3185030003023,-72.3185030003023
1514.7800424861907,-72.321042742202,-72.321042742202
1514.7900424861907,-72.32359072268356,-72.32359072268356
1514.8000424861907,-72.3261469216807,-72.3261469216807
1514.8100424861907,-72.32871131894214,-72.32871131894214
1514.8200424861907,-72.33128389405822,-72.33128389405822
1514.830042486191,-72.33386462642513,-72.33386462642513
1514.840042486191,-72.33645349527428,-72.33645349527428
1514.850042486191,-72.33905047968943,-72.33905047968943
1514.8600424861909,-72.34165555855624,-72.34165555855624
1514.8700424861909,-72.34426871062561,-72.34426871062561
1514.8800424861909,-72.3468899144848,-72.3468899144848
1514.8900424861909,-72.34951914858246,-72.34951914858246
1514.9000424861908,-72.35215639119984,-72.35215639119984
1514.9100424861908,-72.35480162048641,-72.35480162048641
1514.9200424861908,-72.35745481444341,-72.35745481444341
1514.9300424861908,-72.36011595093937,-72.36011595093937
1514.9400424861908,-72.36278500769592,-72.36278500769592
1514.9500424861908,-72.36546196231426,-72.36546196231426
1514.9600424861908,-72.3681467922673,-72.3681467922673
1514.9700424861908,-72.37083947489313,-72.37083947489313
1514.9800424861908,-72.37353998742321,-72.37353998742321
1514.9900424861908,-72.3762483069551,-72.3762483069551
1515.0000424861908,-72.37896441047185,-72.37896441047185
1515.0100424861907,-72.38168827484837,-72.38168827484837
1515.0200424861907,-72.38441987684632,-72.38441987684632
1515.0300424861907,-72.38715919312007,-72.38715919312007
1515.0400424861907,-72.38990620022267,-72.38990620022267
1515.0500424861907,-72.39266087460466,-72.39266087460466
1515.0600424861907,-72.39542319260254,-72.39542319260254
1515.0700424861907,-72.39819313048237,-72.39819313048237
1515.080042486191,-72.40097066439081,-72.40097066439081
1515.090042486191,-72.40375577040886,-72.40375577040886
1515.100042486191,-72.40654842450476,-72.40654842450476
1515.1100424861909,-72.40934860257589,-72.40934860257589
1515.1200424861909,-72.41215628043098,-72.41215628043098
1515.1300424861909,-72.4149714337961,-72.4149714337961
1515.1400424861909,-72.41779403832547,-72.41779403832547
1515.1500424861908,-72.42062406958411,-72.42062406958411
1515.1600424861908,-72.42346150307668,-72.42346150307668
1515.1700424861908,-72.4263063142313,-72.4263063142313
1515.1800424861908,-72.42915847841438,-72.42915847841438
1515.1900424861908,-72.43201797089746,-72.43201797089746
1515.2000424861908,-72.43488476692178,-72.43488476692178
1515.2100424861908,-72.43775884164675,-72.43775884164675
1515.2200424861908,-72.44064017017689,-72.44064017017689
1515.2300424861908,-72.44352872755627,-72.44352872755627
1515.2400424861908,-72.44642448876877,-72.44642448876877
1515.2500424861908,-72.44932742875815,-72.44932742875815
1515.2600424861907,-72.45223752240281,-72.45223752240281
1515.2700424861907,-72.45515474452326,-72.45515474452326
1515.2800424861907,-72.45807906991807,-72.45807906991807
1515.2900424861907,-72.46101047331557,-72.46101047331557
1515.3000424861907,-72.46394892941089,-72.46394892941089
1515.3100424861907,-72.46689441286348,-72.46689441286348
1515.3200424861907,-72.46984689826866,-72.46984689826866
1515.330042486191,-72.47280636019282,-72.47280636019282
1515.340042486191,-72.47577277318115,-72.47577277318115
1515.350042486191,-72.47874611172183,-72.47874611172183
1515.3600424861909,-72.48172635028322,-72.48172635028322
1515.3700424861909,-72.48471346329445,-72.48471346329445
1515.3800424861909,-72.48770742515512,-72.48770742515512
1515.3900424861909,-72.49070821023938,-72.49070821023938
1515.4000424861908,-72.49371579289287,-72.49371579289287
1515.4100424861908,-72.49673014743703,-72.49673014743703
1515.4200424861908,-72.49975124816314,-72.49975124816314
1515.4300424861908,-72.50277906934403,-72.50277906934403
1515.4400424861908,-72.50581358522506,-72.50581358522506
1515.4500424861908,-72.50885477004553,-72.50885477004553
1515.4600424861908,-72.51190259802291,-72.51190259802291
1515.4700424861908,-72.51495704334562,-72.51495704334562
1515.4800424861908,-72.51801808020451,-72.51801808020451
1515.4900424861908,-72.52108568276155,-72.52108568276155
1515.5000424861908,-72.52415982517708,-72.52415982517708
1515.5100424861907,-72.52724048159617,-72.52724048159617
1515.5200424861907,-72.53032762615707,-72.53032762615707
1515.5300424861907,-72.53342123298803,-72.53342123298803
1515.5400424861907,-72.53652127619657,-72.53652127619657
1515.5500425100327,-72.53962773730842,-72.53962773730842
1515.5600425100326,-72.54274057565507,-72.54274057565507
1515.5700425100326,-72.54585977271348,-72.54585977271348
1515.5800425100326,-72.54898530259068,-72.54898530259068
1515.5900425100326,-72.55211713938289,-72.55211713938289
1515.6000425100326,-72.55525525719976,-72.55525525719976
1515.6100425100326,-72.55839963015518,-72.55839963015518
1515.6200425100326,-72.56155023234089,-72.56155023234089
1515.6300425100326,-72.56470703787419,-72.56470703787419
1515.6400425100326,-72.56787002086664,-72.56787002086664
1515.6500425100326,-72.57103915544376,-72.57103915544376
1515.6600425100326,-72.57421441573561,-72.57421441573561
1515.6700425100325,-72.57739577586958,-72.57739577586958
1515.6800425100328,-72.5805832099888,-72.5805832099888
1515.6900425100328,-72.58377669225136,-72.58377669225136
1515.7000425100327,-72.58697619682279,-72.58697619682279
1515.7100425100327,-72.59018169787373,-72.59018169787373
1515.7200425100327,-72.59339316960227,-72.59339316960227
1515.7300425100327,-72.59661058620584,-72.59661058620584
1515.7400425100327,-72.5998339218971,-72.5998339218971
1515.7500425100327,-72.60306315091451,-72.60306315091451
1515.7600425100327,-72.60629824750471,-72.60629824750471
1515.7700425100327,-72.60953918593647,-72.60953918593647
1515.7800425100327,-72.61278594049472,-72.61278594049472
1515.7900425100327,-72.61603848547556,-72.61603848547556
1515.8000425100327,-72.61929679520266,-72.61929679520266
1515.8100425100326,-72.62256084403232,-72.62256084403232
1515.8200425100326,-72.62583060631121,-72.62583060631121
1515.8300425100326,-72.62910605644774,-72.62910605644774
1515.8400425100326,-72.6323871688345,-72.6323871688345
1515.8500425100326,-72.63567391790735,-72.63567391790735
1515.8600425100326,-72.63896627812892,-72.63896627812892
1515.8700425100326,-72.64226422397421,-72.64226422397421
1515.8800425100326,-72.64556772996423,-72.64556772996423
1515.8900425100326,-72.64887677062654,-72.64887677062654
1515.9000425100326,-72.65219132052992,-72.65219132052992
1515.9100425100326,-72.6555113542558,-72.6555113542558
1515.9200425100325,-72.6588368464312,-72.6588368464312
1515.9300425100328,-72.66216777170739,-72.66216777170739
1515.9400425100328,-72.66550410475753,-72.66550410475753
1515.9500425100327,-72.66884582028945,-72.66884582028945
1515.9600425100327,-72.67219289305254,-72.67219289305254
1515.9700425100327,-72.67554529781312,-72.67554529781312
1515.9800425100327,-72.67890300937177,-72.67890300937177
1515.9900425100327,-72.68226600257034,-72.68226600257034
1516.0000425100327,-72.68563425228407,-72.68563425228407
1516.0100425100327,-72.68900773341528,-72.68900773341528
1516.0200425100327,-72.69238642090362,-72.69238642090362
1516.0300425100327,-72.69577028972623,-72.69577028972623
1516.0400425100327,-72.69915931489949,-72.69915931489949
1516.0500425100327,-72.70255347145691,-72.70255347145691
1516.0600425100326,-72.70595273448846,-72.70595273448846
1516.0700425100326,-72.70935707912508,-72.70935707912508
1516.0800425100326,-72.71276648052272,-72.71276648052272
1516.0900425100326,-72.71618091387387,-72.71618091387387
1516.1000425100326,-72.71960035442429,-72.71960035442429
1516.1100425100326,-72.72302477744337,-72.72302477744337
1516.1200425100326,-72.7264541582447,-72.7264541582447
1516.1300425100326,-72.72988847219086,-72.72988847219086
1516.1400425100326,-72.73332769467314,-72.73332769467314
1516.1500425100326,-72.73677180113526,-72.73677180113526
1516.1600425100326,-72.74022076704829,-72.74022076704829
1516.1700425100325,-72.7436745679472,-72.7436745679472
1516.1800425100328,-72.7471331793876,-72.7471331793876
1516.1900425100328,-72.75059657697483,-72.75059657697483
1516.2000425100327,-72.75406473636352,-72.75406473636352
1516.2100425100327,-72.75753763324292,-72.75753763324292
1516.2200425100327,-72.76101524335125,-72.76101524335125
1516.2300425100327,-72.76449754247872,-72.76449754247872
1516.2400425100327,-72.76798450643989,-72.76798450643989
1516.2500425100327,-72.77147611110965,-72.77147611110965
1516.2600425100327,-72.77497233240588,-72.77497233240588
1516.2700425100327,-72.77847314628706,-72.77847314628706
1516.2800425100327,-72.78197852876457,-72.78197852876457
1516.2900425100327,-72.78548845589472,-72.78548845589472
1516.3000425100327,-72.78900290377324,-72.78900290377324
1516.3100425100326,-72.79252184855717,-72.79252184855717
1516.3200425100326,-72.79604526643817,-72.79604526643817
1516.3300425100326,-72.7995731336518,-72.7995731336518
1516.3400425100326,-72.80310542650236,-72.80310542650236
1516.3500425100326,-72.80664212133023,-72.80664212133023
1516.3600425100326,-72.81018319450813,-72.81018319450813
1516.3700425100326,-72.81372862248494,-72.81372862248494
1516.3800425100326,-72.81727838174088,-72.81727838174088
1516.3900425100326,-72.82083244881505,-72.82083244881505
1516.4000425338745,-72.82439080876203,-72.82439080876203
1516.4100425338745,-72.82795342129216,-72.82795342129216
1516.4200425338745,-72.8315202715371,-72.8315202715371
1516.4300425338745,-72.8350913362305,-72.8350913362305
1516.4400425338745,-72.83866659216481,-72.83866659216481
1516.4500425338745,-72.84224601617326,-72.84224601617326
1516.4600425338745,-72.84582958514366,-72.84582958514366
1516.4700425338744,-72.84941727601117,-72.84941727601117
1516.4800425338744,-72.8530090657703,-72.8530090657703
1516.4900425338744,-72.85660493146,-72.85660493146
1516.5000425338744,-72.86020485017372,-72.86020485017372
1516.5100425338744,-72.86380879905157,-72.86380879905157
1516.5200425338744,-72.86741675529554,-72.86741675529554
1516.5300425338746,-72.87102869616263,-72.87102869616263
1516.5400425338746,-72.8746445989423,-72.8746445989423
1516.5500425338746,-72.87826444098752,-72.87826444098752
1516.5600425338746,-72.88188819971609,-72.88188819971609
1516.5700425338746,-72.8855158525847,-72.8855158525847
1516.5800425338746,-72.88914737710488,-72.88914737710488
1516.5900425338746,-72.89278275084682,-72.89278275084682
1516.6000425338746,-72.89642195142768,-72.89642195142768
1516.6100425338745,-72.90006495652197,-72.90006495652197
1516.6200425338745,-72.90371174386671,-72.90371174386671
1516.6300425338745,-72.9073622912386,-72.9073622912386
1516.6400425338745,-72.91101657646671,-72.91101657646671
1516.6500425338745,-72.91467457745841,-72.91467457745841
1516.6600425338745,-72.91833627214415,-72.91833627214415
1516.6700425338745,-72.92200163852385,-72.92200163852385
1516.6800425338745,-72.92567065466042,-72.92567065466042
1516.6900425338745,-72.92934329866236,-72.92934329866236
1516.7000425338745,-72.93301954868673,-72.93301954868673
1516.7100425338745,-72.93669938295962,-72.93669938295962
1516.7200425338744,-72.94038277974843,-72.94038277974843
1516.7300425338744,-72.94406971738448,-72.94406971738448
1516.7400425338744,-72.94776017424965,-72.94776017424965
1516.7500425338744,-72.95145412878641,-72.95145412878641
1516.7600425338744,-72.95515155949533,-72.95515155949533
1516.7700425338744,-72.95885244491903,-72.95885244491903
1516.7800425338746,-72.96255676366629,-72.96255676366629
1516.7900425338746,-72.96626449439503,-72.96626449439503
1516.8000425338746,-72.96997561583422,-72.96997561583422
1516.8100425338746,-72.97369010674873,-72.97369010674873
1516.8200425338746,-72.97740794596693,-72.97740794596693
1516.8300425338746,-72.98112911238047,-72.98112911238047
1516.8400425338746,-72.98485358492208,-72.98485358492208
1516.8500425338746,-72.98858134259933,-72.98858134259933
1516.8600425338745,-72.99231236446116,-72.99231236446116
1516.8700425338745,-72.99604662961546,-72.99604662961546
1516.8800425338745,-72.99978411723656,-72.99978411723656
1516.8900425338745,-73.00352480653989,-73.00352480653989
1516.9000425338745,-73.00726867680825,-73.00726867680825
1516.9100425338745,-73.01101570737679,-73.01101570737679
1516.9200425338745,-73.01476587763456,-73.01476587763456
1516.9300425338745,-73.01851916703325,-73.01851916703325
1516.9400425338745,-73.02227555507112,-73.02227555507112
1516.9500425338745,-73.02603502132042,-73.02603502132042
1516.9600425338745,-73.02979754539672,-73.02979754539672
1516.9700425338744,-73.03356310696812,-73.03356310696812
1516.9800425338744,-73.03733168577597,-73.03733168577597
1516.9900425338744,-73.04110326160232,-73.04110326160232
1517.0000425338744,-73.04487781429003,-73.04487781429003
1517.0100425338744,-73.04865532374984,-73.04865532374984
1517.0200425338744,-73.05243576992748,-73.05243576992748
1517.0300425338746,-73.05621913285063,-73.05621913285063
1517.0400425338746,-73.0600053925816,-73.0600053925816
1517.0500425338746,-73.06379452925259,-73.06379452925259
1517.0600425338746,-73.06758652304653,-73.06758652304653
1517.0700425338746,-73.07138135421343,-73.07138135421343
1517.0800425338746,-73.07517900304038,-73.07517900304038
1517.0900425338746,-73.07897944988943,-73.07897944988943
1517.1000425338746,-73.08278267517657,-73.08278267517657
1517.1100425338745,-73.08658865936509,-73.08658865936509
1517.1200425338745,-73.09039738298475,-73.09039738298475
1517.1300425338745,-73.09420882661645,-73.09420882661645
1517.1400425338745,-73.09802297090167,-73.09802297090167
1517.1500425338745,-73.10183979653506,-73.10183979653506
1517.1600425338745,-73.10565928427316,-73.10565928427316
1517.1700425338745,-73.10948141492472,-73.10948141492472
1517.1800425338745,-73.11330616933952,-73.11330616933952
1517.1900425338745,-73.11713352845837,-73.11713352845837
1517.2000425338745,-73.12096347325856,-73.12096347325856
1517.2100425338745,-73.12479598478049,-73.12479598478049
1517.2200425338744,-73.12863104409959,-73.12863104409959
1517.2300425338744,-73.13246863238254,-73.13246863238254
1517.2400425338744,-73.13630873082327,-73.13630873082327
1517.2500425577164,-73.14015132984461,-73.14015132984461
1517.2600425577164,-73.14399639246997,-73.14399639246997
1517.2700425577164,-73.14784390921389,-73.14784390921389
1517.2800425577163,-73.15169386150168,-73.15169386150168
1517.2900425577163,-73.15554623083145,-73.15554623083145
1517.3000425577163,-73.15940099874354,-73.15940099874354
1517.3100425577163,-73.16325814683148,-73.16325814683148
1517.3200425577163,-73.16711765676712,-73.16711765676712
1517.3300425577163,-73.170979510255,-73.170979510255
1517.3400425577163,-73.17484368906437,-73.17484368906437
1517.3500425577163,-73.17871017502164,-73.17871017502164
1517.3600425577163,-73.18257895000848,-73.18257895000848
1517.3700425577163,-73.18644999595791,-73.18644999595791
1517.3800425577165,-73.190323294873,-73.190323294873
1517.3900425577165,-73.19419882878785,-73.19419882878785
1517.4000425577165,-73.19807657982052,-73.19807657982052
1517.4100425577165,-73.20195653012921,-73.20195653012921
1517.4200425577164,-73.20583866192474,-73.20583866192474
1517.4300425577164,-73.20972295748344,-73.20972295748344
1517.4400425577164,-73.21360939913454,-73.21360939913454
1517.4500425577164,-73.21749796925269,-73.21749796925269
1517.4600425577164,-73.22138865028636,-73.22138865028636
1517.4700425577164,-73.22528142472214,-73.22528142472214
1517.4800425577164,-73.229176275117,-73.229176275117
1517.4900425577164,-73.23307318407166,-73.23307318407166
1517.5000425577164,-73.23697213424653,-73.23697213424653
1517.5100425577164,-73.24087310835704,-73.24087310835704
1517.5200425577164,-73.24477608917286,-73.24477608917286
1517.5300425577163,-73.24868105952204,-73.24868105952204
1517.5400425577163,-73.2525880022801,-73.2525880022801
1517.5500425577163,-73.25649690038789,-73.25649690038789
1517.5600425577163,-73.26040773683472,-73.26040773683472
1517.5700425577163,-73.2643204946581,-73.2643204946581
1517.5800425577163,-73.26823515696815,-73.26823515696815
1517.5900425577163,-73.27215170691461,-73.27215170691461
1517.6000425577163,-73.27607012770092,-73.27607012770092
1517.6100425577163,-73.2799904025995,-73.2799904025995
1517.6200425577163,-73.28391251491658,-73.28391251491658
1517.6300425577165,-73.28783644803508,-73.28783644803508
1517.6400425577165,-73.29176218537613,-73.29176218537613
1517.6500425577165,-73.29568971041853,-73.29568971041853
1517.6600425577165,-73.29961900669636,-73.29961900669636
1517.6700425577164,-73.30355005780413,-73.30355005780413
1517.6800425577164,-73.30748284737876,-73.30748284737876
1517.6900425577164,-73.31141735911339,-73.31141735911339
1517.7000425577164,-73.31535357676128,-73.31535357676128
1517.7100425577164,-73.3192914841256,-73.3192914841256
1517.7200425577164,-73.32323106506203,-73.32323106506203
1517.7300425577164,-73.32717230348214,-73.32717230348214
1517.7400425577164,-73.3311151833513,-73.3311151833513
1517.7500425577164,-73.33505968867746,-73.33505968867746
1517.7600425577164,-73.33900580354191,-73.33900580354191
1517.7700425577164,-73.34295351206302,-73.34295351206302
1517.7800425577163,-73.34690279842346,-73.34690279842346
1517.7900425577163,-73.35085364683627,-73.35085364683627
1517.8000425577163,-73.35480604159578,-73.35480604159578
1517.8100425577163,-73.35875996704092,-73.35875996704092
1517.8200425577163,-73.36271540754726,-73.36271540754726
1517.8300425577163,-73.36667234755527,-73.36667234755527
1517.8400425577163,-73.37063077156748,-73.37063077156748
1517.8500425577163,-73.3745906641213,-73.3745906641213
1517.8600425577163,-73.3785520098154,-73.3785520098154
1517.8700425577163,-73.38251479329321,-73.38251479329321
1517.8800425577165,-73.38647899926582,-73.38647899926582
1517.8900425577165,-73.39044461248427,-73.39044461248427
1517.9000425577165,-73.39441161774849,-73.39441161774849
1517.9100425577165,-73.39837999991906,-73.39837999991906
1517.9200425577164,-73.40234974390432,-73.40234974390432
1517.9300425577164,-73.4063208346731,-73.4063208346731
1517.9400425577164,-73.41029325722388,-73.41029325722388
1517.9500425577164,-73.41426699662043,-73.41426699662043
1517.9600425577164,-73.41823562765464,-73.41823562765464
1517.9700425577164,-73.42219632145677,-73.42219632145677
1517.9800425577164,-73.42614768730486,-73.42614768730486
1517.9900425577164,-73.43008900032669,-73.43008900032669
1518.0000425577164,-73.43401990679571,-73.43401990679571
1518.0100425577164,-73.43794027118143,-73.43794027118143
1518.0200425577164,-73.44185008650973,-73.44185008650973
1518.0300425577163,-73.44574942056678,-73.44574942056678
1518.0400425577163,-73.44963838350381,-73.44963838350381
1518.0500425577163,-73.45351710842236,-73.45351710842236
1518.0600425577163,-73.45738573978709,-73.45738573978709
1518.0700425577163,-73.4612444265813,-73.4612444265813
1518.0800425577163,-73.46509331839245,-73.46509331839245
1518.0900425577163,-73.46893256322491,-73.46893256322491
1518.1000425815582,-73.47276231552463,-73.47276231552463
1518.1100425815582,-73.47658269920153,-73.47658269920153
1518.1200425815582,-73.48039386232044,-73.48039386232044
1518.1300425815582,-73.48419594066627,-73.48419594066627
1518.1400425815582,-73.48798906708005,-73.48798906708005
1518.1500425815582,-73.49177337173417,-73.49177337173417
1518.1600425815582,-73.49554898239003,-73.49554898239003
1518.1700425815582,-73.49931602464854,-73.49931602464854
1518.1800425815582,-73.50307462220393,-73.50307462220393
1518.1900425815581,-73.50682489703844,-73.50682489703844
1518.2000425815581,-73.51056696960737,-73.51056696960737
1518.2100425815581,-73.51429454084979,-73.51429454084979
1518.2200425815581,-73.51800491152311,-73.51800491152311
1518.2300425815583,-73.52169682125543,-73.52169682125543
1518.2400425815583,-73.52536967530976,-73.52536967530976
1518.2500425815583,-73.52902324957387,-73.52902324957387
1518.2600425815583,-73.5326575374766,-73.5326575374766
1518.2700425815583,-73.53627266030051,-73.53627266030051
1518.2800425815583,-73.53986881330225,-73.53986881330225
1518.2900425815583,-73.5434462333625,-73.5434462333625
1518.3000425815583,-73.54700517953528,-73.54700517953528
1518.3100425815583,-73.55054592144803,-73.55054592144803
1518.3200425815583,-73.55406873246993,-73.55406873246993
1518.3300425815582,-73.55757388578662,-73.55757388578662
1518.3400425815582,-73.56106165221723,-73.56106165221723
1518.3500425815582,-73.56453229909826,-73.56453229909826
1518.3600425815582,-73.56798608979422,-73.56798608979422
1518.3700425815582,-73.57142328363241,-73.57142328363241
1518.3800425815582,-73.57484413594956,-73.57484413594956
1518.3900425815582,-73.578248898305,-73.578248898305
1518.4000425815582,-73.58163781875275,-73.58163781875275
1518.4100425815582,-73.58501114206591,-73.58501114206591
1518.4200425815582,-73.58836910998654,-73.58836910998654
1518.4300425815582,-73.59171196147051,-73.59171196147051
1518.4400425815581,-73.5950399328557,-73.5950399328557
1518.4500425815581,-73.59835325804912,-73.59835325804912
1518.4600425815581,-73.60165216865688,-73.60165216865688
1518.4700425815581,-73.6049368941381,-73.6049368941381
1518.4800425815583,-73.60820766186015,-73.60820766186015
1518.4900425815583,-73.61146469719772,-73.61146469719772
1518.5000425815583,-73.61470822359982,-73.61470822359982
1518.5100425815583,-73.61793846265334,-73.61793846265334
1518.5200425815583,-73.62115563409448,-73.62115563409448
1518.5300425815583,-73.62435995583932,-73.62435995583932
1518.5400425815583,-73.6275516440199,-73.6275516440199
1518.5500425815583,-73.63073091297746,-73.63073091297746
1518.5600425815583,-73.63389797529086,-73.63389797529086
1518.5700425815583,-73.63705304177087,-73.63705304177087
1518.5800425815582,-73.6401963214357,-73.6401963214357
1518.5900425815582,-73.6433280215364,-73.6433280215364
1518.6000425815582,-73.64644834754417,-73.64644834754417
1518.6100425815582,-73.6495575031301,-73.6495575031301
1518.6200425815582,-73.65265569016663,-73.65265569016663
1518.6300425815582,-73.6557431087162,-73.6557431087162
1518.6400425815582,-73.65881995701727,-73.65881995701727
1518.6500425815582,-73.66188643147092,-73.66188643147092
1518.6600425815582,-73.66494272663485,-73.66494272663485
1518.6700425815582,-73.66798903522364,-73.66798903522364
1518.6800425815582,-73.67102554808115,-73.67102554808115
1518.6900425815581,-73.67405245416357,-73.67405245416357
1518.7000425815581,-73.67706994056078,-73.67706994056078
1518.7100425815581,-73.68007176179455,-73.68007176179455
1518.7200425815581,-73.6830552799224,-73.6830552799224
1518.7300425815583,-73.6860192982899,-73.6860192982899
1518.7400425815583,-73.68896328647257,-73.68896328647257
1518.7500425815583,-73.69188708450287,-73.69188708450287
1518.7600425815583,-73.69479074937868,-73.69479074937868
1518.7700425815583,-73.69767446509793,-73.69767446509793
1518.7800425815583,-73.70053848864302,-73.70053848864302
1518.7900425815583,-73.70338311752117,-73.70338311752117
1518.8000425815583,-73.70620867020261,-73.70620867020261
1518.8100425815583,-73.70901547453482,-73.70901547453482
1518.8200425815583,-73.71180386088169,-73.71180386088169
1518.8300425815582,-73.71457415815917,-73.71457415815917
1518.8400425815582,-73.71732669167052,-73.71732669167052
1518.8500425815582,-73.72006178201156,-73.72006178201156
1518.8600425815582,-73.72277974456894,-73.72277974456894
1518.8700425815582,-73.72548088948487,-73.72548088948487
1518.8800425815582,-73.72816552170406,-73.72816552170406
1518.8900425815582,-73.73083394123516,-73.73083394123516
1518.9000425815582,-73.73348644340014,-73.73348644340014
1518.9100425815582,-73.73612331912531,-73.73612331912531
1518.9200425815582,-73.73874485517585,-73.73874485517585
1518.9300425815582,-73.74135133444295,-73.74135133444295
1518.9400425815581,-73.74394303612594,-73.74394303612594
1518.9500426054,-73.74652024208778,-73.74652024208778
1518.9600426054,-73.7490832124175,-73.7490832124175
1518.9700426054,-73.75163222254263,-73.75163222254263
1518.9800426054,-73.75416753864086,-73.75416753864086
1518.9900426054,-73.75668942394005,-73.75668942394005
1519.0000426054,-73.75919813882963,-73.75919813882963
1519.0100426054,-73.76169394087201,-73.76169394087201
1519.0200426054,-73.7641770849288,-73.7641770849288
1519.0300426054,-73.76664782315568,-73.76664782315568
1519.0400426054,-73.76910640507329,-73.76910640507329
1519.0500426054,-73.77155307760137,-73.77155307760137
1519.0600426054,-73.77398808506385,-73.77398808506385
1519.0700426054,-73.77641166922503,-73.77641166922503
1519.0800426054002,-73.77882406930823,-73.77882406930823
1519.0900426054002,-73.78122552199859,-73.78122552199859
1519.1000426054002,-73.783616261484,-73.783616261484
1519.1100426054002,-73.78599651941899,-73.78599651941899
1519.1200426054002,-73.78836652497084,-73.78836652497084
1519.1300426054001,-73.79072650481756,-73.79072650481756
1519.1400426054001,-73.79307668314044,-73.79307668314044
1519.1500426054001,-73.795417281656,-73.795417281656
1519.1600426054001,-73.79774851958452,-73.79774851958452
1519.1700426054,-73.80007061368892,-73.80007061368892
1519.1800426054,-73.80238377826134,-73.80238377826134
1519.1900426054,-73.80468822513527,-73.80468822513527
1519.2000426054,-73.80698416369403,-73.80698416369403
1519.2100426054,-73.80927180086623,-73.80927180086623
1519.2200426054,-73.81155134113618,-73.81155134113618
1519.2300426054,-73.81382298656315,-73.81382298656315
1519.2400426054,-73.81608693676363,-73.81608693676363
1519.2500426054,-73.81834338894114,-73.81834338894114
1519.2600426054,-73.82059253787534,-73.82059253787534
1519.2700426054,-73.82283457595739,-73.82283457595739
1519.2800426054,-73.82506969317338,-73.82506969317338
1519.2900426054,-73.82729807711797,-73.82729807711797
1519.3000426054,-73.82951991302215,-73.82951991302215
1519.3100426054,-73.83173538374703,-73.83173538374703
1519.3200426054,-73.83394466980101,-73.83394466980101
1519.3300426054002,-73.83614794935579,-73.83614794935579
1519.3400426054002,-73.83834539824556,-73.83834539824556
1519.3500426054002,-73.84053719000315,-73.84053719000315
1519.3600426054002,-73.84272349584595,-73.84272349584595
1519.3700426054002,-73.84490448471018,-73.84490448471018
1519.3800426054001,-73.84708032325439,-73.84708032325439
1519.3900426054001,-73.84925117588611,-73.84925117588611
1519.4000426054001,-73.85141720476027,-73.85141720476027
1519.4100426054001,-73.85357856981848,-73.85357856981848
1519.4200426054,-73.85573542877415,-73.85573542877415
1519.4300426054,-73.85788793715189,-73.85788793715189
1519.4400426054,-73.86003624830525,-73.86003624830525
1519.4500426054,-73.86218051341373,-73.86218051341373
1519.4600426054,-73.86432088151975,-73.86432088151975
1519.4700426054,-73.86645749953445,-73.86645749953445
1519.4800426054,-73.86859051225895,-73.86859051225895
1519.4900426054,-73.87072006241387,-73.87072006241387
1519.5000426054,-73.87284629063555,-73.87284629063555
1519.5100426054,-73.87496933551243,-73.87496933551243
1519.5200426054,-73.87708933359147,-73.87708933359147
1519.5300426054,-73.87920641939927,-73.87920641939927
1519.5400426054,-73.88132072548038,-73.88132072548038
1519.5500426054,-73.88343238238164,-73.88343238238164
1519.5600426054,-73.88554151870439,-73.88554151870439
1519.5700426054,-73.88764826109458,-73.88764826109458
1519.5800426054002,-73.88975273429173,-73.88975273429173
1519.5900426054002,-73.8918550611124,-73.8918550611124
1519.6000426054002,-73.89395536251288,-73.89395536251288
1519.6100426054002,-73.89605375757421,-73.89605375757421
1519.6200426054002,-73.898150363531,-73.898150363531
1519.6300426054001,-73.90024529580656,-73.90024529580656
1519.6400426054001,-73.90233866800928,-73.90233866800928
1519.6500426054001,-73.90443059195317,-73.90443059195317
1519.6600426054001,-73.90652117770478,-73.90652117770478
1519.6700426054,-73.90861053357088,-73.90861053357088
1519.6800426054,-73.91069876614183,-73.91069876614183
1519.6900426054,-73.91278598029395,-73.91278598029395
1519.7000426054,-73.91487227921706,-73.91487227921706
1519.7100426054,-73.91695776442985,-73.91695776442985
1519.7200426054,-73.91904253580913,-73.91904253580913
1519.7300426054,-73.9211266915957,-73.9211266915957
1519.7400426054,-73.92321032841537,-73.92321032841537
1519.7500426054,-73.92529354130919,-73.92529354130919
1519.7600426054,-73.92737642373784,-73.92737642373784
1519.7700426054,-73.92945906762154,-73.92945906762154
1519.7800426054,-73.9315415633312,-73.9315415633312
1519.7900426054,-73.93362399972852,-73.93362399972852
1519.800042629242,-73.93570646912511,-73.93570646912511
1519.810042629242,-73.93778904749419,-73.93778904749419
1519.820042629242,-73.93987182420393,-73.93987182420393
1519.830042629242,-73.94195488223367,-73.94195488223367
1519.840042629242,-73.94403830314062,-73.94403830314062
1519.850042629242,-73.94612216705221,-73.94612216705221
1519.860042629242,-73.94820655273757,-73.94820655273757
1519.8700426292419,-73.9502915375733,-73.9502915375733
1519.8800426292419,-73.9523771975853,-73.9523771975853
1519.8900426292419,-73.95446360746391,-73.95446360746391
1519.9000426292419,-73.95655084057968,-73.95655084057968
1519.9100426292418,-73.95863896900254,-73.95863896900254
1519.9200426292418,-73.96072806350897,-73.96072806350897
1519.930042629242,-73.96281819361577,-73.96281819361577
1519.940042629242,-73.96490942758417,-73.96490942758417
1519.950042629242,-73.96700183243208,-73.96700183243208
1519.960042629242,-73.96909547397148,-73.96909547397148
1519.970042629242,-73.97119041680044,-73.97119041680044
1519.980042629242,-73.97328672433416,-73.97328672433416
1519.990042629242,-73.975384458819,-73.975384458819
1520.000042629242,-73.97748368133776,-73.97748368133776
1520.010042629242,-73.97958445183771,-73.97958445183771
1520.020042629242,-73.98168682914194,-73.98168682914194
1520.030042629242,-73.98379087095792,-73.98379087095792
1520.040042629242,-73.98589663390325,-73.98589663390325
1520.050042629242,-73.98800417352088,-73.98800417352088
1520.060042629242,-73.99011354428447,-73.99011354428447
1520.070042629242,-73.99222479960949,-73.99222479960949
1520.080042629242,-73.9943379918835,-73.9943379918835
1520.090042629242,-73.99645317247435,-73.99645317247435
1520.100042629242,-73.99857039173664,-73.99857039173664
1520.110042629242,-74.00068969902642,-74.00068969902642
1520.1200426292419,-74.00281114273997,-74.00281114273997
1520.1300426292419,-74.00493477028084,-74.00493477028084
1520.1400426292419,-74.00706062811877,-74.00706062811877
1520.1500426292419,-74.00918876178093,-74.00918876178093
1520.1600426292418,-74.01131921585669,-74.01131921585669
1520.1700426292418,-74.01345203403902,-74.01345203403902
1520.180042629242,-74.01558725910375,-74.01558725910375
1520.190042629242,-74.01772493294771,-74.01772493294771
1520.200042629242,-74.01986509659399,-74.01986509659399
1520.210042629242,-74.02200779019712,-74.02200779019712
1520.220042629242,-74.02415305306205,-74.02415305306205
1520.230042629242,-74.02630092365652,-74.02630092365652
1520.240042629242,-74.02845143962483,-74.02845143962483
1520.250042629242,-74.03060463779033,-74.03060463779033
1520.260042629242,-74.03276055417243,-74.03276055417243
1520.270042629242,-74.03491922400404,-74.03491922400404
1520.280042629242,-74.03708068173766,-74.03708068173766
1520.290042629242,-74.03924496104403,-74.03924496104403
1520.300042629242,-74.0414120948524,-74.0414120948524
1520.310042629242,-74.04358211532698,-74.04358211532698
1520.320042629242,-74.04575505391557,-74.04575505391557
1520.330042629242,-74.04793094133117,-74.04793094133117
1520.340042629242,-74.0501098075605,-74.0501098075605
1520.350042629242,-74.05229168189817,-74.05229168189817
1520.360042629242,-74.05447659293854,-74.05447659293854
1520.3700426292419,-74.05666456859319,-74.05666456859319
1520.3800426292419,-74.05885563609766,-74.05885563609766
1520.3900426292419,-74.0610498220198,-74.0610498220198
1520.4000426292419,-74.06324715227943,-74.06324715227943
1520.4100426292418,-74.06544765214144,-74.06544765214144
1520.4200426292418,-74.06765134624011,-74.06765134624011
1520.430042629242,-74.0698582585822,-74.0698582585822
1520.440042629242,-74.07206841255464,-74.07206841255464
1520.450042629242,-74.07428183093472,-74.07428183093472
1520.460042629242,-74.07649207229802,-74.07649207229802
1520.470042629242,-74.07869632435765,-74.07869632435765
1520.480042629242,-74.08089322542192,-74.08089322542192
1520.490042629242,-74.08308208500247,-74.08308208500247
1520.500042629242,-74.08526258641513,-74.08526258641513
1520.510042629242,-74.08743463238191,-74.08743463238191
1520.520042629242,-74.08959825454126,-74.08959825454126
1520.530042629242,-74.09175355912619,-74.09175355912619
1520.540042629242,-74.09390069427045,-74.09390069427045
1520.550042629242,-74.0960398304049,-74.0960398304049
1520.560042629242,-74.09817114857296,-74.09817114857296
1520.570042629242,-74.1002948335287,-74.1002948335287
1520.580042629242,-74.10241106981975,-74.10241106981975
1520.590042629242,-74.10452003957903,-74.10452003957903
1520.600042629242,-74.10662192145682,-74.10662192145682
1520.610042629242,-74.10871689016705,-74.10871689016705
1520.6200426292419,-74.11080511638187,-74.11080511638187
1520.6300426292419,-74.11288676690545,-74.11288676690545
1520.6400426292419,-74.11496200486398,-74.11496200486398
1520.6500426530838,-74.11703099491827,-74.11703099491827
1520.6600426530838,-74.11909388385733,-74.11909388385733
1520.6700426530838,-74.12115083046993,-74.12115083046993
1520.6800426530838,-74.12320198601061,-74.12320198601061
1520.6900426530838,-74.1252474994171,-74.1252474994171
1520.7000426530838,-74.1272875174847,-74.1272875174847
1520.7100426530837,-74.12932218503667,-74.12932218503667
1520.7200426530837,-74.13135164507632,-74.13135164507632
1520.7300426530837,-74.13337603891529,-74.13337603891529
1520.7400426530837,-74.13539550626673,-74.13539550626673
1520.7500426530837,-74.13741018533827,-74.13741018533827
1520.7600426530837,-74.13942021290393,-74.13942021290393
1520.7700426530837,-74.1414257243674,-74.1414257243674
1520.780042653084,-74.14342685376052,-74.14342685376052
1520.790042653084,-74.14542373386168,-74.14542373386168
1520.800042653084,-74.14741649615394,-74.14741649615394
1520.8100426530839,-74.14940527088177,-74.14940527088177
1520.8200426530839,-74.15139018706665,-74.15139018706665
1520.8300426530839,-74.15337137250353,-74.15337137250353
1520.8400426530839,-74.15534895378319,-74.15534895378319
1520.8500426530838,-74.15732305629274,-74.15732305629274
1520.8600426530838,-74.15929380421541,-74.15929380421541
1520.8700426530838,-74.16126132053274,-74.16126132053274
1520.8800426530838,-74.16322572702738,-74.16322572702738
1520.8900426530838,-74.16518714427247,-74.16518714427247
1520.9000426530838,-74.1671456916405,-74.1671456916405
1520.9100426530838,-74.1691014872913,-74.1691014872913
1520.9200426530838,-74.17105464816747,-74.17105464816747
1520.9300426530838,-74.17300528998624,-74.17300528998624
1520.9400426530838,-74.17495352726085,-74.17495352726085
1520.9500426530838,-74.17689947324864,-74.17689947324864
1520.9600426530837,-74.17883676807539,-74.17883676807539
1520.9700426530837,-74.18076268553003,-74.18076268553003
1520.9800426530837,-74.1826759513802,-74.1826759513802
1520.9900426530837,-74.1845759628537,-74.1845759628537
1521.0000426530837,-74.18646249081688,-74.18646249081688
1521.0100426530837,-74.18833552515186,-74.18833552515186
1521.0200426530837,-74.19019518413607,-74.19019518413607
1521.030042653084,-74.19204166002541,-74.19204166002541
1521.040042653084,-74.19387518630688,-74.19387518630688
1521.050042653084,-74.19569601804935,-74.19569601804935
1521.0600426530839,-74.19750442021514,-74.19750442021514
1521.0700426530839,-74.19930066073967,-74.19930066073967
1521.0800426530839,-74.20108500655489,-74.20108500655489
1521.0900426530839,-74.2028577214363,-74.2028577214363
1521.1000426530838,-74.20461906488921,-74.20461906488921
1521.1100426530838,-74.20636929168737,-74.20636929168737
1521.1200426530838,-74.20810865179324,-74.20810865179324
1521.1300426530838,-74.20983739047286,-74.20983739047286
1521.1400426530838,-74.21155574854242,-74.21155574854242
1521.1500426530838,-74.21326396262758,-74.21326396262758
1521.1600426530838,-74.21496226545308,-74.21496226545308
1521.1700426530838,-74.2166508861281,-74.2166508861281
1521.1800426530838,-74.21833005039223,-74.21833005039223
1521.1900426530838,-74.21999998082322,-74.21999998082322
1521.2000426530838,-74.2216608970716,-74.2216608970716
1521.2100426530837,-74.22331301599849,-74.22331301599849
1521.2200426530837,-74.22495655185017,-74.22495655185017
1521.2300426530837,-74.22659171635269,-74.22659171635269
1521.2400426530837,-74.22821871884314,-74.22821871884314
1521.2500426530837,-74.22983776634283,-74.22983776634283
1521.2600426530837,-74.23144906362603,-74.23144906362603
1521.2700426530837,-74.23305281328605,-74.23305281328605
1521.280042653084,-74.23464921579087,-74.23464921579087
1521.290042653084,-74.23623846950979,-74.23623846950979
1521.300042653084,-74.23782077074152,-74.23782077074152
1521.3100426530839,-74.23939631376003,-74.23939631376003
1521.3200426530839,-74.24096529081277,-74.24096529081277
1521.3300426530839,-74.24252789215264,-74.24252789215264
1521.3400426530839,-74.24408430603293,-74.24408430603293
1521.3500426530838,-74.24563471872668,-74.24563471872668
1521.3600426530838,-74.24717931454263,-74.24717931454263
1521.3700426530838,-74.2487182758192,-74.2487182758192
1521.3800426530838,-74.25025178291567,-74.25025178291567
1521.3900426530838,-74.25178001424274,-74.25178001424274
1521.4000426530838,-74.25330314623729,-74.25330314623729
1521.4100426530838,-74.25482135338345,-74.25482135338345
1521.4200426530838,-74.25633480821577,-74.25633480821577
1521.4300426530838,-74.25784368129312,-74.25784368129312
1521.4400426530838,-74.25934814123167,-74.25934814123167
1521.4500426530838,-74.26084835469791,-74.26084835469791
1521.4600426530837,-74.26234448638655,-74.26234448638655
1521.4700426530837,-74.26383669905937,-74.26383669905937
1521.4800426530837,-74.26532515351082,-74.26532515351082
1521.4900426530837,-74.2668100085998,-74.2668100085998
1521.5000426769257,-74.26829142476666,-74.26829142476666
1521.5100426769257,-74.26976954992226,-74.26976954992226
1521.5200426769256,-74.27124454064153,-74.27124454064153
1521.5300426769256,-74.27271654802739,-74.27271654802739
1521.5400426769256,-74.27418572125838,-74.27418572125838
1521.5500426769256,-74.27565220760046,-74.27565220760046
1521.5600426769256,-74.27711615238557,-74.27711615238557
1521.5700426769256,-74.27857769905988,-74.27857769905988
1521.5800426769256,-74.28003698916874,-74.28003698916874
1521.5900426769256,-74.28149416234704,-74.28149416234704
1521.6000426769256,-74.28294935636536,-74.28294935636536
1521.6100426769256,-74.2844027071074,-74.2844027071074
1521.6200426769256,-74.28585434859404,-74.28585434859404
1521.6300426769258,-74.28730441298809,-74.28730441298809
1521.6400426769258,-74.28875303060653,-74.28875303060653
1521.6500426769258,-74.29020032994414,-74.29020032994414
1521.6600426769257,-74.29164643765637,-74.29164643765637
1521.6700426769257,-74.29309147859075,-74.29309147859075
1521.6800426769257,-74.29453557580067,-74.29453557580067
1521.6900426769257,-74.29597885053514,-74.29597885053514
1521.7000426769257,-74.29742142227667,-74.29742142227667
1521.7100426769257,-74.29885692760425,-74.29885692760425
1521.7200426769257,-74.30028264249502,-74.30028264249502
1521.7300426769257,-74.30169729679425,-74.30169729679425
1521.7400426769257,-74.30310029240309,-74.30310029240309
1521.7500426769257,-74.30449140498688,-74.30449140498688
1521.7600426769257,-74.30587062908035,-74.30587062908035
1521.7700426769256,-74.30723808733349,-74.30723808733349
1521.7800426769256,-74.30859397600875,-74.30859397600875
1521.7900426769256,-74.30993853219485,-74.30993853219485
1521.8000426769256,-74.31127201413976,-74.31127201413976
1521.8100426769256,-74.31259468952506,-74.31259468952506
1521.8200426769256,-74.31390682857266,-74.31390682857266
1521.8300426769256,-74.31520870012778,-74.31520870012778
1521.8400426769256,-74.31650056942694,-74.31650056942694
1521.8500426769256,-74.31778269706338,-74.31778269706338
1521.8600426769256,-74.3190553385266,-74.3190553385266
1521.8700426769256,-74.32031874413865,-74.32031874413865
1521.8800426769258,-74.32157315918549,-74.32157315918549
1521.8900426769258,-74.3228188241712,-74.3228188241712
1521.9000426769258,-74.32405597511851,-74.32405597511851
1521.9100426769257,-74.32528484385038,-74.32528484385038
1521.9200426769257,-74.32650565829663,-74.32650565829663
1521.9300426769257,-74.32771864274288,-74.32771864274288
1521.9400426769257,-74.32892401808941,-74.32892401808941
1521.9500426769257,-74.33012200204422,-74.33012200204422
1521.9600426769257,-74.33130632605665,-74.33130632605665
1521.9700426769257,-74.33247436165185,-74.33247436165185
1521.9800426769257,-74.33362493394566,-74.33362493394566
1521.9900426769257,-74.3347575395583,-74.3347575395583
1522.0000426769257,-74.33587204823365,-74.33587204823365
1522.0100426769257,-74.33696854800789,-74.33696854800789
1522.0200426769256,-74.33804725441304,-74.33804725441304
1522.0300426769256,-74.33910845599746,-74.33910845599746
1522.0400426769256,-74.3401524815654,-74.3401524815654
1522.0500426769256,-74.34117968050192,-74.34117968050192
1522.0600426769256,-74.34219041110171,-74.34219041110171
1522.0700426769256,-74.34318503364398,-74.34318503364398
1522.0800426769256,-74.34416390646963,-74.34416390646963
1522.0900426769256,-74.34512738380448,-74.34512738380448
1522.1000426769256,-74.34607581468897,-74.34607581468897
1522.1100426769256,-74.34700954250796,-74.34700954250796
1522.1200426769256,-74.3479289049375,-74.3479289049375
1522.1300426769258,-74.34883423408596,-74.34883423408596
1522.1400426769258,-74.34972585669433,-74.34972585669433
1522.1500426769258,-74.3506040944841,-74.3506040944841
1522.1600426769257,-74.35146926437322,-74.35146926437322
1522.1700426769257,-74.35232167881942,-74.35232167881942
1522.1800426769257,-74.35316164604738,-74.35316164604738
1522.1900426769257,-74.3539894702826,-74.3539894702826
1522.2000426769257,-74.35480545193776,-74.35480545193776
1522.2100426769257,-74.35560988781269,-74.35560988781269
1522.2200426769257,-74.35640307122912,-74.35640307122912
1522.2300426769257,-74.35718529214628,-74.35718529214628
1522.2400426769257,-74.35795683728657,-74.35795683728657
1522.2500426769257,-74.35871799022149,-74.35871799022149
1522.2600426769257,-74.35946903142269,-74.35946903142269
1522.2700426769256,-74.36021023833376,-74.36021023833376
1522.2800426769256,-74.36094188543686,-74.36094188543686
1522.2900426769256,-74.36166424426058,-74.36166424426058
1522.3000426769256,-74.36237758343687,-74.36237758343687
1522.3100426769256,-74.36308216873046,-74.36308216873046
1522.3200426769256,-74.36377826304034,-74.36377826304034
1522.3300426769256,-74.36446612642429,-74.36446612642429
1522.3400426769256,-74.36514601612092,-74.36514601612092
1522.3500427007675,-74.36581818814952,-74.36581818814952
1522.3600427007675,-74.36648289091305,-74.36648289091305
1522.3700427007675,-74.36714037484876,-74.36714037484876
1522.3800427007675,-74.36779088599116,-74.36779088599116
1522.3900427007675,-74.36843466757485,-74.36843466757485
1522.4000427007675,-74.3690719600649,-74.3690719600649
1522.4100427007675,-74.36970300114629,-74.36970300114629
1522.4200427007675,-74.37032802574494,-74.37032802574494
1522.4300427007674,-74.37094726599733,-74.37094726599733
1522.4400427007674,-74.37156095129573,-74.37156095129573
1522.4500427007674,-74.37216930827203,-74.37216930827203
1522.4600427007674,-74.37276607570331,-74.37276607570331
1522.4700427007674,-74.37334863492859,-74.37334863492859
1522.4800427007676,-74.37391582166991,-74.37391582166991
1522.4900427007676,-74.37446714335901,-74.37446714335901
1522.5000427007676,-74.37500248052139,-74.37500248052139
1522.5100427007676,-74.3755219316926,-74.3755219316926
1522.5200427007676,-74.37602572255237,-74.37602572255237
1522.5300427007676,-74.37651415134626,-74.37651415134626
1522.5400427007676,-74.37698755603711,-74.37698755603711
1522.5500427007676,-74.37744629462556,-74.37744629462556
1522.5600427007676,-74.37789073340464,-74.37789073340464
1522.5700427007675,-74.37832124005169,-74.37832124005169
1522.5800427007675,-74.37873817968418,-74.37873817968418
1522.5900427007675,-74.37914191269853,-74.37914191269853
1522.6000427007675,-74.37953279366637,-74.37953279366637
1522.6100427007675,-74.37991117090287,-74.37991117090287
1522.6200427007675,-74.38027738643189,-74.38027738643189
1522.6300427007675,-74.380631776089,-74.380631776089
1522.6400427007675,-74.3809746698013,-74.3809746698013
1522.6500427007675,-74.38130639188557,-74.38130639188557
1522.6600427007675,-74.38162726133818,-74.38162726133818
1522.6700427007675,-74.3819375921487,-74.3819375921487
1522.6800427007674,-74.38223769357121,-74.38223769357121
1522.6900427007674,-74.3825278703557,-74.3825278703557
1522.7000427007674,-74.38280842297628,-74.38280842297628
1522.7100427007674,-74.3830731628565,-74.3830731628565
1522.7200427007674,-74.3833195435463,-74.3833195435463
1522.7300427007676,-74.38354647219847,-74.38354647219847
1522.7400427007676,-74.38375352685605,-74.38375352685605
1522.7500427007676,-74.38394065785357,-74.38394065785357
1522.7600427007676,-74.38410803283047,-74.38410803283047
1522.7700427007676,-74.38425594585982,-74.38425594585982
1522.7800427007676,-74.3843847629419,-74.3843847629419
1522.7900427007676,-74.38449488917264,-74.38449488917264
1522.8000427007676,-74.38458674908931,-74.38458674908931
1522.8100427007676,-74.3846607749708,-74.3846607749708
1522.8200427007675,-74.38471739993072,-74.38471739993072
1522.8300427007675,-74.38475705401176,-74.38475705401176
1522.8400427007675,-74.38478016200239,-74.38478016200239
1522.8500427007675,-74.38478714238849,-74.38478714238849
1522.8600427007675,-74.38477840691274,-74.38477840691274
1522.8700427007675,-74.38475436050553,-74.38475436050553
1522.8800427007675,-74.38471540146361,-74.38471540146361
1522.8900427007675,-74.38466192168288,-74.38466192168288
1522.9000427007675,-74.38459430696811,-74.38459430696811
1522.9100427007675,-74.38451293731998,-74.38451293731998
1522.9200427007675,-74.38441818726423,-74.38441818726423
1522.9300427007674,-74.38431042608363,-74.38431042608363
1522.9400427007674,-74.38419001809183,-74.38419001809183
1522.9500427007674,-74.38405732282229,-74.38405732282229
1522.9600427007674,-74.38391269522624,-74.38391269522624
1522.9700427007674,-74.38375648584557,-74.38375648584557
1522.9800427007676,-74.38358904093289,-74.38358904093289
1522.9900427007676,-74.38341070258309,-74.38341070258309
1523.0000427007676,-74.38322180881006,-74.38322180881006
1523.0100427007676,-74.3830226936639,-74.3830226936639
1523.0200427007676,-74.38281368726913,-74.38281368726913
1523.0300427007676,-74.38259511591764,-74.38259511591764
1523.0400427007676,-74.38236730209007,-74.38236730209007
1523.0500427007676,-74.38213056453984,-74.38213056453984
1523.0600427007676,-74.38188521827993,-74.38188521827993
1523.0700427007675,-74.38163157465574,-74.38163157465574
1523.0800427007675,-74.3813699413427,-74.3813699413427
1523.0900427007675,-74.38110062240503,-74.38110062240503
1523.1000427007675,-74.38082391828416,-74.38082391828416
1523.1100427007675,-74.38054012583166,-74.38054012583166
1523.1200427007675,-74.38024953834648,-74.38024953834648
1523.1300427007675,-74.37995244554952,-74.37995244554952
1523.1400427007675,-74.37964913363484,-74.37964913363484
1523.1500427007675,-74.37933988527118,-74.37933988527118
1523.1600427007675,-74.37902497961323,-74.37902497961323
1523.1700427007675,-74.37870469232519,-74.37870469232519
1523.1800427007674,-74.3783792955948,-74.3783792955948
1523.1900427007674,-74.37804905813212,-74.37804905813212
1523.2000427246094,-74.37771424440788,-74.37771424440788
1523.2100427246094,-74.37737511783915,-74.37737511783915
1523.2200427246094,-74.37703193605239,-74.37703193605239
1523.2300427246093,-74.37668495405876,-74.37668495405876
1523.2400427246093,-74.37633442347791,-74.37633442347791
1523.2500427246093,-74.37598059256116,-74.37598059256116
1523.2600427246093,-74.37562370621771,-74.37562370621771
1523.2700427246093,-74.37526400601173,-74.37526400601173
1523.2800427246093,-74.37490173019356,-74.37490173019356
1523.2900427246093,-74.3745371137325,-74.3745371137325
1523.3000427246093,-74.37417038831425,-74.37417038831425
1523.3100427246093,-74.37380178236872,-74.37380178236872
1523.3200427246093,-74.37343152109432,-74.37343152109432
1523.3300427246095,-74.37305982648566,-74.37305982648566
1523.3400427246095,-74.37268691733918,-74.37268691733918
1523.3500427246095,-74.37231300929753,-74.37231300929753
1523.3600427246095,-74.37193831484902,-74.37193831484902
1523.3700427246094,-74.37156304336983,-74.37156304336983
1523.3800427246094,-74.37118740114909,-74.37118740114909
1523.3900427246094,-74.37081159140075,-74.37081159140075
1523.4000427246094,-74.3704358142886,-74.3704358142886
1523.4100427246094,-74.37006026695839,-74.37006026695839
1523.4200427246094,-74.36968514356846,-74.36968514356846
1523.4300427246094,-74.36931063530963,-74.36931063530963
1523.4400427246094,-74.36893693042333,-74.36893693042333
1523.4500427246094,-74.3685642142408,-74.3685642142408
1523.4600427246094,-74.36819266921346,-74.36819266921346
1523.4700427246094,-74.36782247491202,-74.36782247491202
1523.4800427246093,-74.36745380809151,-74.36745380809151
1523.4900427246093,-74.36708684269294,-74.36708684269294
1523.5000427246093,-74.36672174988378,-74.36672174988378
1523.5100427246093,-74.36635869806422,-74.36635869806422
1523.5200427246093,-74.36599785293139,-74.36599785293139
1523.5300427246093,-74.3656393774694,-74.3656393774694
1523.5400427246093,-74.36528343200078,-74.36528343200078
1523.5500427246093,-74.36493017421301,-74.36493017421301
1523.5600427246093,-74.364579759185,-74.364579759185
1523.5700427246093,-74.3642323393957,-74.3642323393957
1523.5800427246095,-74.36388806477727,-74.36388806477727
1523.5900427246095,-74.36354708273916,-74.36354708273916
1523.6000427246095,-74.36320953818145,-74.36320953818145
1523.6100427246095,-74.36287557354778,-74.36287557354778
1523.6200427246094,-74.36254532881918,-74.36254532881918
1523.6300427246094,-74.36221894156759,-74.36221894156759
1523.6400427246094,-74.36189654698921,-74.36189654698921
1523.6500427246094,-74.36157827790639,-74.36157827790639
1523.6600427246094,-74.36126426481133,-74.36126426481133
1523.6700427246094,-74.36095463589817,-74.36095463589817
1523.6800427246094,-74.36064951707527,-74.36064951707527
1523.6900427246094,-74.36034903201123,-74.36034903201123
1523.7000427246094,-74.3600533021449,-74.3600533021449
1523.7100427246094,-74.3597624467179,-74.3597624467179
1523.7200427246094,-74.35947658280057,-74.35947658280057
1523.7300427246093,-74.35919582533772,-74.35919582533772
1523.7400427246093,-74.35892028714319,-74.35892028714319
1523.7500427246093,-74.35865007894392,-74.35865007894392
1523.7600427246093,-74.35838530941294,-74.35838530941294
1523.7700427246093,-74.35812608518515,-74.35812608518515
1523.7800427246093,-74.35787251087241,-74.35787251087241
1523.7900427246093,-74.3576246891203,-74.3576246891203
1523.8000427246093,-74.35738272060117,-74.35738272060117
1523.8100427246093,-74.3571467040577,-74.3571467040577
1523.8200427246093,-74.35691673632356,-74.35691673632356
1523.8300427246095,-74.3566929123543,-74.3566929123543
1523.8400427246095,-74.35647532524219,-74.35647532524219
1523.8500427246095,-74.35626406624249,-74.35626406624249
1523.8600427246095,-74.35605922479817,-74.35605922479817
1523.8700427246094,-74.35586088858095,-74.35586088858095
1523.8800427246094,-74.35566914348053,-74.35566914348053
1523.8900427246094,-74.35548407365414,-74.35548407365414
1523.9000427246094,-74.35530576156175,-74.35530576156175
1523.9100427246094,-74.35513428794422,-74.35513428794422
1523.9200427246094,-74.35496973189183,-74.35496973189183
1523.9300427246094,-74.35481217084256,-74.35481217084256
1523.9400427246094,-74.35466168060195,-74.35466168060195
1523.9500427246094,-74.35451833538737,-74.35451833538737
1523.9600427246094,-74.35437572680095,-74.35437572680095
1523.9700427246094,-74.35423109031069,-74.35423109031069
1523.9800427246093,-74.35408311683832,-74.35408311683832
1523.9900427246093,-74.353931170092,-74.353931170092
1524.0000427246093,-74.3537749879636,-74.3537749879636
1524.0100427246093,-74.35361452744411,-74.35361452744411
1524.0200427246093,-74.353449873693,-74.353449873693
1524.0300427246093,-74.35328118545347,-74.35328118545347
1524.0400427246093,-74.35310866218875,-74.35310866218875
1524.0500427484512,-74.35293252398392,-74.35293252398392
1524.0600427484512,-74.35275300146382,-74.35275300146382
1524.0700427484512,-74.35257032643194,-74.35257032643194
1524.0800427484512,-74.35238472958454,-74.35238472958454
1524.0900427484512,-74.35219643793927,-74.35219643793927
1524.1000427484512,-74.3520056737827,-74.3520056737827
1524.1100427484512,-74.35181265425868,-74.35181265425868
1524.1200427484512,-74.35161759129494,-74.35161759129494
1524.1300427484512,-74.35142069180307,-74.35142069180307
1524.1400427484512,-74.35122215792985,-74.35122215792985
1524.1500427484511,-74.35102218735312,-74.35102218735312
1524.1600427484511,-74.35082097363484,-74.35082097363484
1524.1700427484511,-74.35061870650532,-74.35061870650532
1524.1800427484513,-74.35041557214521,-74.35041557214521
1524.1900427484513,-74.35021175346118,-74.35021175346118
1524.2000427484513,-74.35000743028057,-74.35000743028057
1524.2100427484513,-74.3498027795688,-74.3498027795688
1524.2200427484513,-74.34959797559432,-74.34959797559432
1524.2300427484513,-74.34939319006534,-74.34939319006534
1524.2400427484513,-74.34918859226654,-74.34918859226654
1524.2500427484513,-74.34898434914902,-74.34898434914902
1524.2600427484513,-74.34878062543748,-74.34878062543748
1524.2700427484513,-74.3485775836888,-74.3485775836888
1524.2800427484513,-74.3483753843688,-74.3483753843688
1524.2900427484512,-74.34817418590833,-74.34817418590833
1524.3000427484512,-74.34797414472114,-74.34797414472114
1524.3100427484512,-74.3477754152716,-74.3477754152716
1524.3200427484512,-74.34757815009723,-74.34757815009723
1524.3300427484512,-74.34738249982067,-74.34738249982067
1524.3400427484512,-74.34718861318382,-74.34718861318382
1524.3500427484512,-74.34699663707977,-74.34699663707977
1524.3600427484512,-74.34680671653625,-74.34680671653625
1524.3700427484512,-74.34661899475454,-74.34661899475454
1524.3800427484512,-74.34643361312021,-74.34643361312021
1524.3900427484512,-74.34625071118094,-74.34625071118094
1524.4000427484511,-74.34607042670045,-74.34607042670045
1524.4100427484511,-74.34589289563566,-74.34589289563566
1524.4200427484511,-74.34571825215274,-74.34571825215274
1524.4300427484513,-74.34554662864076,-74.34554662864076
1524.4400427484513,-74.34537815569578,-74.34537815569578
1524.4500427484513,-74.34521296215516,-74.34521296215516
1524.4600427484513,-74.34505117507946,-74.34505117507946
1524.4700427484513,-74.3448929197674,-74.3448929197674
1524.4800427484513,-74.34473831977225,-74.34473831977225
1524.4900427484513,-74.34458749688137,-74.34458749688137
1524.5000427484513,-74.34444057114905,-74.34444057114905
1524.5100427484513,-74.3442976608942,-74.3442976608942
1524.5200427484513,-74.34415888269827,-74.34415888269827
1524.5300427484513,-74.34402435142653,-74.34402435142653
1524.5400427484512,-74.34389418021307,-74.34389418021307
1524.5500427484512,-74.34376848049791,-74.34376848049791
1524.5600427484512,-74.34364736201651,-74.34364736201651
1524.5700427484512,-74.34353093280852,-74.34353093280852
1524.5800427484512,-74.34341929923369,-74.34341929923369
1524.5900427484512,-74.34331256596593,-74.34331256596593
1524.6000427484512,-74.34321083602482,-74.34321083602482
1524.6100427484512,-74.34311421077075,-74.34311421077075
1524.6200427484512,-74.34302278990923,-74.34302278990923
1524.6300427484512,-74.34293667153074,-74.34293667153074
1524.6400427484512,-74.342855952076,-74.342855952076
1524.6500427484511,-74.34278072638631,-74.34278072638631
1524.6600427484511,-74.34271108768615,-74.34271108768615
1524.6700427484511,-74.34264712762669,-74.34264712762669
1524.6800427484513,-74.3425889362602,-74.3425889362602
1524.6900427484513,-74.34253660207919,-74.34253660207919
1524.7000427484513,-74.34249021201522,-74.34249021201522
1524.7100427484513,-74.3424498514571,-74.3424498514571
1524.7200427484513,-74.34241560426928,-74.34241560426928
1524.7300427484513,-74.34238755278622,-74.34238755278622
1524.7400427484513,-74.34236577784493,-74.34236577784493
1524.7500427484513,-74.3423503587821,-74.3423503587821
1524.7600427484513,-74.34234137346158,-74.34234137346158
1524.7700427484513,-74.34233889826547,-74.34233889826547
1524.7800427484513,-74.34234300814792,-74.34234300814792
1524.7900427484512,-74.34235377661226,-74.34235377661226
1524.8000427484512,-74.34237127572038,-74.34237127572038
1524.8100427484512,-74.34239557614825,-74.34239557614825
1524.8200427484512,-74.34242674715803,-74.34242674715803
1524.8300427484512,-74.342464856635,-74.342464856635
1524.8400427484512,-74.34250997109802,-74.34250997109802
1524.8500427484512,-74.34256215569219,-74.34256215569219
1524.8600427484512,-74.3426214742447,-74.3426214742447
1524.8700427484512,-74.34268798924336,-74.34268798924336
1524.8800427484512,-74.34276176186067,-74.34276176186067
1524.8900427484512,-74.3428428519797,-74.3428428519797
1524.900042772293,-74.34293131839468,-74.34293131839468
1524.910042772293,-74.34302721803452,-74.34302721803452
1524.920042772293,-74.34313060715462,-74.34313060715462
1524.930042772293,-74.34324154057856,-74.34324154057856
1524.940042772293,-74.34336007190407,-74.34336007190407
1524.950042772293,-74.34348625351409,-74.34348625351409
1524.960042772293,-74.34361365564865,-74.34361365564865
1524.970042772293,-74.34373949239689,-74.34373949239689
1524.980042772293,-74.34386243352766,-74.34386243352766
1524.990042772293,-74.34398182190559,-74.34398182190559
1525.000042772293,-74.34409737489162,-74.34409737489162
1525.010042772293,-74.3442090292933,-74.3442090292933
1525.020042772293,-74.34431685042833,-74.34431685042833
1525.0300427722932,-74.34442097751999,-74.34442097751999
1525.0400427722932,-74.34452159085036,-74.34452159085036
1525.0500427722932,-74.34461889206936,-74.34461889206936
1525.0600427722932,-74.34471309244915,-74.34471309244915
1525.0700427722932,-74.3448044059926,-74.3448044059926
1525.0800427722932,-74.34489304548909,-74.34489304548909
1525.0900427722931,-74.34497922037133,-74.34497922037133
1525.1000427722931,-74.34506313563493,-74.34506313563493
1525.1100427722931,-74.3451449914164,-74.3451449914164
1525.1200427722931,-74.34522498295192,-74.34522498295192
1525.130042772293,-74.34530330072934,-74.34530330072934
1525.140042772293,-74.34538013073832,-74.34538013073832
1525.150042772293,-74.34545565481346,-74.34545565481346
1525.160042772293,-74.34553005091027,-74.34553005091027
1525.170042772293,-74.34560349342199,-74.34560349342199
1525.180042772293,-74.3456761534734,-74.3456761534734
1525.190042772293,-74.34574819913783,-74.34574819913783
1525.200042772293,-74.34581979568502,-74.34581979568502
1525.210042772293,-74.34589110576228,-74.34589110576228
1525.220042772293,-74.3459622895599,-74.3459622895599
1525.230042772293,-74.34603350495713,-74.34603350495713
1525.240042772293,-74.34610490762425,-74.34610490762425
1525.250042772293,-74.3461766511386,-74.3461766511386
1525.260042772293,-74.34624888708049,-74.34624888708049
1525.270042772293,-74.34632176508525,-74.34632176508525
1525.2800427722932,-74.34639543291499,-74.34639543291499
1525.2900427722932,-74.34647003649681,-74.34647003649681
1525.3000427722932,-74.34654571997243,-74.34654571997243
1525.3100427722932,-74.34662262573772,-74.34662262573772
1525.3200427722932,-74.34670089445214,-74.34670089445214
1525.3300427722932,-74.34678066508107,-74.34678066508107
1525.3400427722931,-74.34686207489311,-74.34686207489311
1525.3500427722931,-74.34694525950499,-74.34694525950499
1525.3600427722931,-74.34703035286665,-74.34703035286665
1525.3700427722931,-74.34711748727828,-74.34711748727828
1525.380042772293,-74.3472067934091,-74.3472067934091
1525.390042772293,-74.34729840029178,-74.34729840029178
1525.400042772293,-74.3473924353359,-74.3473924353359
1525.410042772293,-74.34748902432538,-74.34748902432538
1525.420042772293,-74.34758829142784,-74.34758829142784
1525.430042772293,-74.34769035919952,-74.34769035919952
1525.440042772293,-74.34779534858284,-74.34779534858284
1525.450042772293,-74.34790337891633,-74.34790337891633
1525.460042772293,-74.34801456792856,-74.34801456792856
1525.470042772293,-74.3481290317501,-74.3481290317501
1525.480042772293,-74.348246884905,-74.348246884905
1525.490042772293,-74.34836824033846,-74.34836824033846
1525.500042772293,-74.34849320939979,-74.34849320939979
1525.510042772293,-74.34862190183937,-74.34862190183937
1525.520042772293,-74.34875442583572,-74.34875442583572
1525.5300427722932,-74.34889088799031,-74.34889088799031
1525.5400427722932,-74.34903139332602,-74.34903139332602
1525.5500427722932,-74.34917604530251,-74.34917604530251
1525.5600427722932,-74.34932494580264,-74.34932494580264
1525.5700427722932,-74.34947819517488,-74.34947819517488
1525.5800427722932,-74.34963589220726,-74.34963589220726
1525.5900427722931,-74.3497981341508,-74.3497981341508
1525.6000427722931,-74.34996501671704,-74.34996501671704
1525.6100427722931,-74.35013663408294,-74.35013663408294
1525.6200427722931,-74.35031307892255,-74.35031307892255
1525.630042772293,-74.35049444237949,-74.35049444237949
1525.640042772293,-74.3506808141135,-74.3506808141135
1525.650042772293,-74.35087228227529,-74.35087228227529
1525.660042772293,-74.35106893354155,-74.35106893354155
1525.670042772293,-74.3512708531108,-74.3512708531108
1525.680042772293,-74.3514781247146,-74.3514781247146
1525.690042772293,-74.35169083062613,-74.35169083062613
1525.700042772293,-74.35190905168696,-74.35190905168696
1525.710042772293,-74.35213286729237,-74.35213286729237
1525.720042772293,-74.35236235542335,-74.35236235542335
1525.730042772293,-74.35259759265077,-74.35259759265077
1525.740042772293,-74.35283865413194,-74.35283865413194
1525.750042796135,-74.35308561423005,-74.35308561423005
1525.760042796135,-74.35333854420064,-74.35333854420064
1525.770042796135,-74.35359751562669,-74.35359751562669
1525.780042796135,-74.35386259820163,-74.35386259820163
1525.790042796135,-74.35413386026364,-74.35413386026364
1525.800042796135,-74.35441136883155,-74.35441136883155
1525.810042796135,-74.35469518959316,-74.35469518959316
1525.8200427961349,-74.35498538694593,-74.35498538694593
1525.8300427961349,-74.35528202398696,-74.35528202398696
1525.8400427961349,-74.3555851625363,-74.3555851625363
1525.8500427961349,-74.35589486315627,-74.35589486315627
1525.8600427961348,-74.35621118514493,-74.35621118514493
1525.8700427961348,-74.3565341865756,-74.3565341865756
1525.880042796135,-74.356863924278,-74.356863924278
1525.890042796135,-74.35720045387292,-74.35720045387292
1525.900042796135,-74.35754382979445,-74.35754382979445
1525.910042796135,-74.35789410526299,-74.35789410526299
1525.920042796135,-74.35825133234286,-74.35825133234286
1525.930042796135,-74.35861556193296,-74.35861556193296
1525.940042796135,-74.35898684379077,-74.35898684379077
1525.950042796135,-74.3593652265237,-74.3593652265237
1525.960042796135,-74.35974427436008,-74.35974427436008
1525.970042796135,-74.36012119622917,-74.36012119622917
1525.980042796135,-74.36049465712654,-74.36049465712654
1525.990042796135,-74.36086399538358,-74.36086399538358
1526.000042796135,-74.36122892400722,-74.36122892400722
1526.010042796135,-74.36158937558066,-74.36158937558066
1526.020042796135,-74.36194541134773,-74.36194541134773
1526.030042796135,-74.36229716656858,-74.36229716656858
1526.040042796135,-74.36264481769483,-74.36264481769483
1526.050042796135,-74.36298856265132,-74.36298856265132
1526.060042796135,-74.36332860910387,-74.36332860910387
1526.0700427961349,-74.36366516756578,-74.36366516756578
1526.0800427961349,-74.36399844744415,-74.36399844744415
1526.0900427961349,-74.36432865487636,-74.36432865487636
1526.1000427961349,-74.36465599168481,-74.36465599168481
1526.1100427961348,-74.36498065492823,-74.36498065492823
1526.1200427961348,-74.36530283684291,-74.36530283684291
1526.130042796135,-74.36562272500841,-74.36562272500841
1526.140042796135,-74.36594050262502,-74.36594050262502
1526.150042796135,-74.36625634878209,-74.36625634878209
1526.160042796135,-74.36657043880447,-74.36657043880447
1526.170042796135,-74.36688294452884,-74.36688294452884
1526.180042796135,-74.36719403459655,-74.36719403459655
1526.190042796135,-74.36750387467914,-74.36750387467914
1526.200042796135,-74.36781262772372,-74.36781262772372
1526.210042796135,-74.36812045411014,-74.36812045411014
1526.220042796135,-74.3684275118448,-74.3684275118448
1526.230042796135,-74.36873395668545,-74.36873395668545
1526.240042796135,-74.36903994227089,-74.36903994227089
1526.250042796135,-74.36934562019658,-74.36934562019658
1526.260042796135,-74.36965114012486,-74.36965114012486
1526.270042796135,-74.36995664983475,-74.36995664983475
1526.280042796135,-74.37026229529951,-74.37026229529951
1526.290042796135,-74.37056822071543,-74.37056822071543
1526.300042796135,-74.37087456855559,-74.37087456855559
1526.310042796135,-74.37118147960093,-74.37118147960093
1526.3200427961349,-74.37148909295256,-74.37148909295256
1526.3300427961349,-74.37179754608137,-74.37179754608137
1526.3400427961349,-74.37210697482004,-74.37210697482004
1526.3500427961349,-74.37241751337777,-74.37241751337777
1526.3600427961348,-74.37272929437039,-74.37272929437039
1526.3700427961348,-74.37304244881943,-74.37304244881943
1526.380042796135,-74.37335710615362,-74.37335710615362
1526.390042796135,-74.37367339422389,-74.37367339422389
1526.400042796135,-74.37399143929943,-74.37399143929943
1526.410042796135,-74.37431136607843,-74.37431136607843
1526.420042796135,-74.37463329768421,-74.37463329768421
1526.430042796135,-74.37495735567639,-74.37495735567639
1526.440042796135,-74.37528366005262,-74.37528366005262
1526.450042796135,-74.37561232924084,-74.37561232924084
1526.460042796135,-74.3759434801164,-74.3759434801164
1526.470042796135,-74.37627722798844,-74.37627722798844
1526.480042796135,-74.37661368661567,-74.37661368661567
1526.490042796135,-74.37695296819649,-74.37695296819649
1526.500042796135,-74.37729518338085,-74.37729518338085
1526.510042796135,-74.37764044127921,-74.37764044127921
1526.520042796135,-74.37798884946226,-74.37798884946226
1526.530042796135,-74.37834051393682,-74.37834051393682
1526.540042796135,-74.37869553920326,-74.37869553920326
1526.550042796135,-74.37905402821444,-74.37905402821444
1526.560042796135,-74.3794160824061,-74.3794160824061
1526.5700427961349,-74.37978180168784,-74.37978180168784
1526.5800427961349,-74.3801512844635,-74.3801512844635
1526.5900427961349,-74.38052462762464,-74.38052462762464
1526.6000428199768,-74.38090192745415,-74.38090192745415
1526.6100428199768,-74.38128327607586,-74.38128327607586
1526.6200428199768,-74.38166876677126,-74.38166876677126
1526.6300428199768,-74.38205849048173,-74.38205849048173
1526.6400428199768,-74.38245253666504,-74.38245253666504
1526.6500428199768,-74.38285099332543,-74.38285099332543
1526.6600428199768,-74.3832539470044,-74.3832539470044
1526.6700428199767,-74.38366148280059,-74.38366148280059
1526.6800428199767,-74.38407368438494,-74.38407368438494
1526.6900428199767,-74.3844906339933,-74.3844906339933
1526.7000428199767,-74.38491241244928,-74.38491241244928
1526.7100428199767,-74.38533909918053,-74.38533909918053
1526.7200428199767,-74.38577077221139,-74.38577077221139
1526.730042819977,-74.38620750817957,-74.38620750817957
1526.740042819977,-74.38664938235189,-74.38664938235189
1526.750042819977,-74.38709646863036,-74.38709646863036
1526.760042819977,-74.38754883957888,-74.38754883957888
1526.7700428199769,-74.38800656640188,-74.38800656640188
1526.7800428199769,-74.3884697189921,-74.3884697189921
1526.7900428199769,-74.38893836591805,-74.38893836591805
1526.8000428199769,-74.38941257444431,-74.38941257444431
1526.8100428199768,-74.38989241054885,-74.38989241054885
1526.8200428199768,-74.39037793891856,-74.39037793891856
1526.8300428199768,-74.39086922297825,-74.39086922297825
1526.8400428199768,-74.39136632489983,-74.39136632489983
1526.8500428199768,-74.39186930561014,-74.39186930561014
1526.8600428199768,-74.39237822479858,-74.39237822479858
1526.8700428199768,-74.39289314094961,-74.39289314094961
1526.8800428199768,-74.39341411132469,-74.39341411132469
1526.8900428199768,-74.39394119201292,-74.39394119201292
1526.9000428199768,-74.39447443790286,-74.39447443790286
1526.9100428199768,-74.39501390272387,-74.39501390272387
1526.9200428199767,-74.39555963904739,-74.39555963904739
1526.9300428199767,-74.39611169831193,-74.39611169831193
1526.9400428199767,-74.39667013081936,-74.39667013081936
1526.9500428199767,-74.3972349857574,-74.3972349857574
1526.9600428199767,-74.3978063112006,-74.3978063112006
1526.9700428199767,-74.39838415414626,-74.39838415414626
1526.980042819977,-74.3989685605056,-74.3989685605056
1526.990042819977,-74.39955957512004,-74.39955957512004
1527.000042819977,-74.40015724178348,-74.40015724178348
1527.010042819977,-74.4007616032497,-74.4007616032497
1527.0200428199769,-74.40137270124275,-74.40137270124275
1527.0300428199769,-74.40199057646382,-74.40199057646382
1527.0400428199769,-74.40261526862909,-74.40261526862909
1527.0500428199769,-74.40324681645068,-74.40324681645068
1527.0600428199768,-74.40388525765263,-74.40388525765263
1527.0700428199768,-74.40453062901189,-74.40453062901189
1527.0800428199768,-74.40518296634649,-74.40518296634649
1527.0900428199768,-74.405842304535,-74.405842304535
1527.1000428199768,-74.4065086775225,-74.4065086775225
1527.1100428199768,-74.40718211832235,-74.40718211832235
1527.1200428199768,-74.40786265906338,-74.40786265906338
1527.1300428199768,-74.40855033097789,-74.40855033097789
1527.1400428199768,-74.40924516441517,-74.40924516441517
1527.1500428199768,-74.40994718883924,-74.40994718883924
1527.1600428199768,-74.41065643288107,-74.41065643288107
1527.1700428199767,-74.41137292430071,-74.41137292430071
1527.1800428199767,-74.41209669003229,-74.41209669003229
1527.1900428199767,-74.41282775619042,-74.41282775619042
1527.2000428199767,-74.41356614807466,-74.41356614807466
1527.2100428199767,-74.41431189017467,-74.41431189017467
1527.2200428199767,-74.41506500618834,-74.41506500618834
1527.230042819977,-74.41582551905036,-74.41582551905036
1527.240042819977,-74.41659345090878,-74.41659345090878
1527.250042819977,-74.41736882316488,-74.41736882316488
1527.260042819977,-74.41815165645767,-74.41815165645767
1527.2700428199769,-74.41894197070775,-74.41894197070775
1527.2800428199769,-74.41973978509294,-74.41973978509294
1527.2900428199769,-74.42054511808287,-74.42054511808287
1527.3000428199769,-74.42135798744134,-74.42135798744134
1527.3100428199768,-74.42217841022953,-74.42217841022953
1527.3200428199768,-74.42300640282679,-74.42300640282679
1527.3300428199768,-74.42384198093777,-74.42384198093777
1527.3400428199768,-74.42468515960331,-74.42468515960331
1527.3500428199768,-74.42553595319598,-74.42553595319598
1527.3600428199768,-74.42639437544894,-74.42639437544894
1527.3700428199768,-74.42726043946635,-74.42726043946635
1527.3800428199768,-74.42813415770884,-74.42813415770884
1527.3900428199768,-74.42901554201929,-74.42901554201929
1527.4000428199768,-74.42990460364088,-74.42990460364088
1527.4100428199768,-74.43080135321277,-74.43080135321277
1527.4200428199767,-74.43170580078332,-74.43170580078332
1527.4300428199767,-74.43261795581088,-74.43261795581088
1527.4400428199767,-74.43353782719002,-74.43353782719002
1527.4500428438187,-74.43446542544693,-74.43446542544693
1527.4600428438187,-74.43540075396663,-74.43540075396663
1527.4700428438186,-74.43634382214297,-74.43634382214297
1527.4800428438186,-74.43729463665257,-74.43729463665257
1527.4900428438186,-74.43825320364719,-74.43825320364719
1527.5000428438186,-74.43921952875306,-74.43921952875306
1527.5100428438186,-74.44019361707744,-74.44019361707744
1527.5200428438186,-74.44117547322251,-74.44117547322251
1527.5300428438186,-74.44216510128976,-74.44216510128976
1527.5400428438186,-74.44316250488846,-74.44316250488846
1527.5500428438186,-74.44416768714511,-74.44416768714511
1527.5600428438186,-74.44518065070896,-74.44518065070896
1527.5700428438186,-74.44620139775911,-74.44620139775911
1527.5800428438188,-74.4472299300148,-74.4472299300148
1527.5900428438188,-74.44826624873545,-74.44826624873545
1527.6000428438188,-74.44931035474764,-74.44931035474764
1527.6100428438187,-74.45036224841888,-74.45036224841888
1527.6200428438187,-74.45142192968903,-74.45142192968903
1527.6300428438187,-74.45248939808397,-74.45248939808397
1527.6400428438187,-74.45356465270282,-74.45356465270282
1527.6500428438187,-74.45464769222515,-74.45464769222515
1527.6600428438187,-74.45573851493192,-74.45573851493192
1527.6700428438187,-74.45683711870447,-74.45683711870447
1527.6800428438187,-74.45794350102828,-74.45794350102828
1527.6900428438187,-74.45905765900609,-74.45905765900609
1527.7000428438187,-74.46017958935514,-74.46017958935514
1527.7100428438187,-74.46130279355893,-74.46130279355893
1527.7200428438186,-74.46242442315305,-74.46242442315305
1527.7300428438186,-74.46354308843617,-74.46354308843617
1527.7400428438186,-74.46465807472151,-74.46465807472151
1527.7500428438186,-74.46576904327665,-74.46576904327665
1527.7600428438186,-74.46687587602739,-74.46687587602739
1527.7700428438186,-74.46797858453927,-74.46797858453927
1527.7800428438186,-74.46907725533265,-74.46907725533265
1527.7900428438186,-74.47017201700199,-74.47017201700199
1527.8000428438186,-74.47126302046166,-74.47126302046166
1527.8100428438186,-74.47235042721769,-74.47235042721769
1527.8200428438186,-74.47343440243029,-74.47343440243029
1527.8300428438188,-74.474515110952,-74.474515110952
1527.8400428438188,-74.47559271518233,-74.47559271518233
1527.8500428438188,-74.47666737393553,-74.47666737393553
1527.8600428438187,-74.47773924204137,-74.47773924204137
1527.8700428438187,-74.47880847024842,-74.47880847024842
1527.8800428438187,-74.47987520537589,-74.47987520537589
1527.8900428438187,-74.48093959057523,-74.48093959057523
1527.9000428438187,-74.48200176560053,-74.48200176560053
1527.9100428438187,-74.48306186711137,-74.48306186711137
1527.9200428438187,-74.48412002897729,-74.48412002897729
1527.9300428438187,-74.48517638252657,-74.48517638252657
1527.9400428438187,-74.48623105678273,-74.48623105678273
1527.9500428438187,-74.48728417868656,-74.48728417868656
1527.9600428438187,-74.48833587324786,-74.48833587324786
1527.9700428438186,-74.48938626372092,-74.48938626372092
1527.9800428438186,-74.4904354717434,-74.4904354717434
1527.9900428438186,-74.49148361740957,-74.49148361740957
1528.0000428438186,-74.49253081939462,-74.49253081939462
1528.0100428438186,-74.4935771950094,-74.4935771950094
1528.0200428438186,-74.49462286027048,-74.49462286027048
1528.0300428438186,-74.4956679299398,-74.4956679299398
1528.0400428438186,-74.49671251758154,-74.49671251758154
1528.0500428438186,-74.49775673558071,-74.49775673558071
1528.0600428438186,-74.4988006951756,-74.4988006951756
1528.0700428438186,-74.49984450645512,-74.49984450645512
1528.0800428438188,-74.50088827840305,-74.50088827840305
1528.0900428438188,-74.50193211889665,-74.50193211889665
1528.1000428438188,-74.50297613470083,-74.50297613470083
1528.1100428438187,-74.50402043147923,-74.50402043147923
1528.1200428438187,-74.5050651137953,-74.5050651137953
1528.1300428438187,-74.50611028512742,-74.50611028512742
1528.1400428438187,-74.50715604784585,-74.50715604784585
1528.1500428438187,-74.5082025032248,-74.5082025032248
1528.1600428438187,-74.50924975142418,-74.50924975142418
1528.1700428438187,-74.51029789148971,-74.51029789148971
1528.1800428438187,-74.51134702137658,-74.51134702137658
1528.1900428438187,-74.5123972378998,-74.5123972378998
1528.2000428438187,-74.51344863677139,-74.51344863677139
1528.2100428438187,-74.51450131255432,-74.51450131255432
1528.2200428438186,-74.51555535870766,-74.51555535870766
1528.2300428438186,-74.51661086754477,-74.51661086754477
1528.2400428438186,-74.51766793023815,-74.51766793023815
1528.2500428438186,-74.51872663682441,-74.51872663682441
1528.2600428438186,-74.51978707619588,-74.51978707619588
1528.2700428438186,-74.52084933610304,-74.52084933610304
1528.2800428438186,-74.52191350313564,-74.52191350313564
1528.2900428438186,-74.52297966275195,-74.52297966275195
1528.3000428676605,-74.52404790180266,-74.52404790180266
1528.3100428676605,-74.52511829834604,-74.52511829834604
1528.3200428676605,-74.52619093691392,-74.52619093691392
1528.3300428676605,-74.52726589836567,-74.52726589836567
1528.3400428676605,-74.52834326239183,-74.52834326239183
1528.3500428676605,-74.52942310754739,-74.52942310754739
1528.3600428676605,-74.53050551123123,-74.53050551123123
1528.3700428676605,-74.53159054970392,-74.53159054970392
1528.3800428676604,-74.5326782980875,-74.5326782980875
1528.3900428676604,-74.53376883035486,-74.53376883035486
1528.4000428676604,-74.53486221934482,-74.53486221934482
1528.4100428676604,-74.5359585367753,-74.5359585367753
1528.4200428676604,-74.53705785322545,-74.53705785322545
1528.4300428676606,-74.53816023815524,-74.53816023815524
1528.4400428676606,-74.53926575990691,-74.53926575990691
1528.4500428676606,-74.54037448571519,-74.54037448571519
1528.4600428676606,-74.54147997962755,-74.54147997962755
1528.4700428676606,-74.54257945881558,-74.54257945881558
1528.4800428676606,-74.54367159999977,-74.54367159999977
1528.4900428676606,-74.54475575487308,-74.54475575487308
1528.5000428676606,-74.54583165074946,-74.54583165074946
1528.5100428676606,-74.54689923513963,-74.54689923513963
1528.5200428676605,-74.5479585846259,-74.5479585846259
1528.5300428676605,-74.54900985015017,-74.54900985015017
1528.5400428676605,-74.55005322408655,-74.55005322408655
1528.5500428676605,-74.55108892050565,-74.55108892050565
1528.5600428676605,-74.55211716340268,-74.55211716340268
1528.5700428676605,-74.55313817976544,-74.55313817976544
1528.5800428676605,-74.55415219562622,-74.55415219562622
1528.5900428676605,-74.55515943388757,-74.55515943388757
1528.6000428676605,-74.55616011320936,-74.55616011320936
1528.6100428676605,-74.55715444758181,-74.55715444758181
1528.6200428676605,-74.55814264627121,-74.55814264627121
1528.6300428676604,-74.55912491393772,-74.55912491393772
1528.6400428676604,-74.56010145090784,-74.56010145090784
1528.6500428676604,-74.56107245344617,-74.56107245344617
1528.6600428676604,-74.56203811406375,-74.56203811406375
1528.6700428676604,-74.5629986218258,-74.5629986218258
1528.6800428676606,-74.56395416259502,-74.56395416259502
1528.6900428676606,-74.56490491928328,-74.56490491928328
1528.7000428676606,-74.5658510720443,-74.5658510720443
1528.7100428676606,-74.56679279849166,-74.56679279849166
1528.7200428676606,-74.56773027382305,-74.56773027382305
1528.7300428676606,-74.56866367096544,-74.56866367096544
1528.7400428676606,-74.56959316067528,-74.56959316067528
1528.7500428676606,-74.57051891166219,-74.57051891166219
1528.7600428676606,-74.57144109064431,-74.57144109064431
1528.7700428676605,-74.57235986242088,-74.57235986242088
1528.7800428676605,-74.5732753899233,-74.5732753899233
1528.7900428676605,-74.57418783425726,-74.57418783425726
1528.8000428676605,-74.57509735475368,-74.57509735475368
1528.8100428676605,-74.57600410897432,-74.57600410897432
1528.8200428676605,-74.57690825276336,-74.57690825276336
1528.8300428676605,-74.57780994023591,-74.57780994023591
1528.8400428676605,-74.5787093238193,-74.5787093238193
1528.8500428676605,-74.57960655425023,-74.57960655425023
1528.8600428676605,-74.580501780594,-74.580501780594
1528.8700428676605,-74.5813951502371,-74.5813951502371
1528.8800428676604,-74.5822868089011,-74.5822868089011
1528.8900428676604,-74.58317690065189,-74.58317690065189
1528.9000428676604,-74.58406556789274,-74.58406556789274
1528.9100428676604,-74.58495295136761,-74.58495295136761
1528.9200428676604,-74.58583919017201,-74.58583919017201
1528.9300428676606,-74.58672442174424,-74.58672442174424
1528.9400428676606,-74.58760878187799,-74.58760878187799
1528.9500428676606,-74.58849240470853,-74.58849240470853
1528.9600428676606,-74.58937542272851,-74.58937542272851
1528.9700428676606,-74.59025796677912,-74.59025796677912
1528.9800428676606,-74.5911401660605,-74.5911401660605
1528.9900428676606,-74.59202214813085,-74.59202214813085
1529.0000428676606,-74.59290403889358,-74.59290403889358
1529.0100428676606,-74.59378596263763,-74.59378596263763
1529.0200428676605,-74.59466804199529,-74.59466804199529
1529.0300428676605,-74.59555039799062,-74.59555039799062
1529.0400428676605,-74.59643315000284,-74.59643315000284
1529.0500428676605,-74.59731641578384,-74.59731641578384
1529.0600428676605,-74.59820031148122,-74.59820031148122
1529.0700428676605,-74.5990849516297,-74.5990849516297
1529.0800428676605,-74.59997044914213,-74.59997044914213
1529.0900428676605,-74.60085691535622,-74.60085691535622
1529.1000428676605,-74.60174445999887,-74.60174445999887
1529.1100428676605,-74.60263319122032,-74.60263319122032
1529.1200428676605,-74.60352321557998,-74.60352321557998
1529.1300428676604,-74.60441463807538,-74.60441463807538
1529.1400428676604,-74.6053075621343,-74.6053075621343
1529.1500428915024,-74.60620209177777,-74.60620209177777
1529.1600428915024,-74.607098323075,-74.607098323075
1529.1700428915024,-74.60799635695267,-74.60799635695267
1529.1800428915024,-74.60889629067832,-74.60889629067832
1529.1900428915023,-74.60979822000802,-74.60979822000802
1529.2000428915023,-74.61070223920036,-74.61070223920036
1529.2100428915023,-74.61160844100077,-74.61160844100077
1529.2200428915023,-74.61251691668615,-74.61251691668615
1529.2300428915023,-74.6134277560476,-74.6134277560476
1529.2400428915023,-74.61434104743216,-74.61434104743216
1529.2500428915023,-74.61525687772158,-74.61525687772158
1529.2600428915023,-74.61617533236205,-74.61617533236205
1529.2700428915023,-74.61709649536914,-74.61709649536914
1529.2800428915025,-74.61802044935234,-74.61802044935234
1529.2900428915025,-74.61894727552098,-74.61894727552098
1529.3000428915025,-74.61987705368155,-74.61987705368155
1529.3100428915025,-74.62080986227198,-74.62080986227198
1529.3200428915025,-74.6217457783643,-74.6217457783643
1529.3300428915024,-74.62268487768456,-74.62268487768456
1529.3400428915024,-74.62362723461008,-74.62362723461008
1529.3500428915024,-74.6245729221851,-74.6245729221851
1529.3600428915024,-74.62552201215803,-74.62552201215803
1529.3700428915024,-74.62647457497849,-74.62647457497849
1529.3800428915024,-74.62743067979528,-74.62743067979528
1529.3900428915024,-74.62839039449604,-74.62839039449604
1529.4000428915024,-74.62935378570292,-74.62935378570292
1529.4100428915024,-74.63032091878217,-74.63032091878217
1529.4200428915024,-74.63129185788455,-74.63129185788455
1529.4300428915024,-74.6322666659319,-74.6322666659319
1529.4400428915023,-74.63324540464247,-74.63324540464247
1529.4500428915023,-74.63422813453845,-74.63422813453845
1529.4600428915023,-74.63520840483386,-74.63520840483386
1529.4700428915023,-74.6361834223512,-74.6361834223512
1529.4800428915023,-74.63715185522646,-74.63715185522646
1529.4900428915023,-74.63811304735674,-74.63811304735674
1529.5000428915023,-74.63906671867012,-74.63906671867012
1529.5100428915023,-74.64001280952424,-74.64001280952424
1529.5200428915023,-74.64095138946672,-74.64095138946672
1529.5300428915025,-74.6418826024828,-74.6418826024828
1529.5400428915025,-74.64280663400771,-74.64280663400771
1529.5500428915025,-74.64372369118536,-74.64372369118536
1529.5600428915025,-74.6446339911,-74.6446339911
1529.5700428915025,-74.64553775382082,-74.64553775382082
1529.5800428915024,-74.64643519846967,-74.64643519846967
1529.5900428915024,-74.64732654101499,-74.64732654101499
1529.6000428915024,-74.64821199321867,-74.64821199321867
1529.6100428915024,-74.64909176217179,-74.64909176217179
1529.6200428915024,-74.64996605023154,-74.64996605023154
1529.6300428915024,-74.65083505518075,-74.65083505518075
1529.6400428915024,-74.65169897047966,-74.65169897047966
1529.6500428915024,-74.65255798555575,-74.65255798555575
1529.6600428915024,-74.65341228610937,-74.65341228610937
1529.6700428915024,-74.65426205440073,-74.65426205440073
1529.6800428915024,-74.65510746953537,-74.65510746953537
1529.6900428915023,-74.65594870769417,-74.65594870769417
1529.7000428915023,-74.65678594235098,-74.65678594235098
1529.7100428915023,-74.65761934444865,-74.65761934444865
1529.7200428915023,-74.65844908257367,-74.65844908257367
1529.7300428915023,-74.65927532307165,-74.65927532307165
1529.7400428915023,-74.66009823017743,-74.66009823017743
1529.7500428915023,-74.66091796610783,-74.66091796610783
1529.7600428915023,-74.66173469114553,-74.66173469114553
1529.7700428915023,-74.66254856368676,-74.66254856368676
1529.7800428915025,-74.6633597403216,-74.6633597403216
1529.7900428915025,-74.66416837587417,-74.66416837587417
1529.8000428915025,-74.66497462342217,-74.66497462342217
1529.8100428915025,-74.66577863435765,-74.66577863435765
1529.8200428915025,-74.66658055838538,-74.66658055838538
1529.8300428915024,-74.66738054354552,-74.66738054354552
1529.8400428915024,-74.66817873624122,-74.66817873624122
1529.8500428915024,-74.66897528124588,-74.66897528124588
1529.8600428915024,-74.66977032171438,-74.66977032171438
1529.8700428915024,-74.67056399919186,-74.67056399919186
1529.8800428915024,-74.6713564535974,-74.6713564535974
1529.8900428915024,-74.67214782326772,-74.67214782326772
1529.9000428915024,-74.67293824493157,-74.67293824493157
1529.9100428915024,-74.67372785372598,-74.67372785372598
1529.9200428915024,-74.67451678318561,-74.67451678318561
1529.9300428915024,-74.6753051652628,-74.6753051652628
1529.9400428915023,-74.67609313030889,-74.67609313030889
1529.9500428915023,-74.67688080708767,-74.67688080708767
1529.9600428915023,-74.67766832278623,-74.67766832278623
1529.9700428915023,-74.67845580298655,-74.67845580298655
1529.9800428915023,-74.67924337169669,-74.67924337169669
1529.9900428915023,-74.68003115135059,-74.68003115135059
1530.0000429153442,-74.68081926465996,-74.68081926465996
1530.0100429153442,-74.68160782713255,-74.68160782713255
1530.0200429153442,-74.68239695833893,-74.68239695833893
1530.0300429153442,-74.683186774402,-74.683186774402
1530.0400429153442,-74.68397738987235,-74.68397738987235
1530.0500429153442,-74.68476891774094,-74.68476891774094
1530.0600429153442,-74.68556146944745,-74.68556146944745
1530.0700429153442,-74.68635515485269,-74.68635515485269
1530.0800429153442,-74.68715008230302,-74.68715008230302
1530.0900429153442,-74.68794635857807,-74.68794635857807
1530.1000429153441,-74.68874408893298,-74.68874408893298
1530.1100429153441,-74.68954337709428,-74.68954337709428
1530.1200429153441,-74.6903443252588,-74.6903443252588
1530.1300429153443,-74.69114703412293,-74.69114703412293
1530.1400429153443,-74.69195160287198,-74.69195160287198
1530.1500429153443,-74.69275812918212,-74.69275812918212
1530.1600429153443,-74.69356670925289,-74.69356670925289
1530.1700429153443,-74.69437743779405,-74.69437743779405
1530.1800429153443,-74.69519040806453,-74.69519040806453
1530.1900429153443,-74.69600571183618,-74.69600571183618
1530.2000429153443,-74.69682343944044,-74.69682343944044
1530.2100429153443,-74.69763716454607,-74.69763716454607
1530.2200429153443,-74.69844412126562,-74.69844412126562
1530.2300429153443,-74.69924300598609,-74.69924300598609
1530.2400429153442,-74.70003319113978,-74.70003319113978
1530.2500429153442,-74.70081442522306,-74.70081442522306
1530.2600429153442,-74.70158667706254,-74.70158667706254
1530.2700429153442,-74.70235004450599,-74.70235004450599
1530.2800429153442,-74.70310469960566,-74.70310469960566
1530.2900429153442,-74.70385085562795,-74.70385085562795
1530.3000429153442,-74.70458874727566,-74.70458874727566
1530.3100429153442,-74.70531861889516,-74.70531861889516
1530.3200429153442,-74.70604071757096,-74.70604071757096
1530.3300429153442,-74.70675528910333,-74.70675528910333
1530.3400429153442,-74.70746257588425,-74.70746257588425
1530.3500429153441,-74.70816281577946,-74.70816281577946
1530.3600429153441,-74.70885624169053,-74.70885624169053
1530.3700429153441,-74.70954308152267,-74.70954308152267
1530.3800429153443,-74.71022355829747,-74.71022355829747
1530.3900429153443,-74.71089789039628,-74.71089789039628
1530.4000429153443,-74.71156629190516,-74.71156629190516
1530.4100429153443,-74.7122289728793,-74.7122289728793
1530.4200429153443,-74.7128861396514,-74.7128861396514
1530.4300429153443,-74.71353799510094,-74.71353799510094
1530.4400429153443,-74.71418473888771,-74.71418473888771
1530.4500429153443,-74.71482656769714,-74.71482656769714
1530.4600429153443,-74.71546367539112,-74.71546367539112
1530.4700429153443,-74.71609625317423,-74.71609625317423
1530.4800429153443,-74.71672448974978,-74.71672448974978
1530.4900429153442,-74.71734857141581,-74.71734857141581
1530.5000429153442,-74.71796868218087,-74.71796868218087
1530.5100429153442,-74.71858500382679,-74.71858500382679
1530.5200429153442,-74.71919771598826,-74.71919771598826
1530.5300429153442,-74.7198069962113,-74.7198069962113
1530.5400429153442,-74.72041301999937,-74.72041301999937
1530.5500429153442,-74.72101596084507,-74.72101596084507
1530.5600429153442,-74.72161599026778,-74.72161599026778
1530.5700429153442,-74.72221327785695,-74.72221327785695
1530.5800429153442,-74.72280799125966,-74.72280799125966
1530.5900429153442,-74.72340029623157,-74.72340029623157
1530.6000429153441,-74.72399035661965,-74.72399035661965
1530.6100429153441,-74.72457833440674,-74.72457833440674
1530.6200429153441,-74.72516438969063,-74.72516438969063
1530.6300429153443,-74.72574868071918,-74.72574868071918
1530.6400429153443,-74.72633136387572,-74.72633136387572
1530.6500429153443,-74.72691259369968,-74.72691259369968
1530.6600429153443,-74.72749252288092,-74.72749252288092
1530.6700429153443,-74.72807130226487,-74.72807130226487
1530.6800429153443,-74.72864908087122,-74.72864908087122
1530.6900429153443,-74.72922600588302,-74.72922600588302
1530.7000429153443,-74.72980222264376,-74.72980222264376
1530.7100429153443,-74.73037787468544,-74.73037787468544
1530.7200429153443,-74.73095310371262,-74.73095310371262
1530.7300429153443,-74.73152804960648,-74.73152804960648
1530.7400429153442,-74.73210285043702,-74.73210285043702
1530.7500429153442,-74.7326776424867,-74.7326776424867
1530.7600429153442,-74.73325256020787,-74.73325256020787
1530.7700429153442,-74.73382773626578,-74.73382773626578
1530.7800429153442,-74.7344033015365,-74.7344033015365
1530.7900429153442,-74.7349793851169,-74.7349793851169
1530.8000429153442,-74.73555611430596,-74.73555611430596
1530.8100429153442,-74.7361336146423,-74.7361336146423
1530.8200429153442,-74.73671200990267,-74.73671200990267
1530.8300429153442,-74.73729142209774,-74.73729142209774
1530.8400429153442,-74.73787197150709,-74.73787197150709
1530.850042939186,-74.73845377803755,-74.73845377803755
1530.860042939186,-74.73903695573405,-74.73903695573405
1530.870042939186,-74.73962162104414,-74.73962162104414
1530.880042939186,-74.74020788733971,-74.74020788733971
1530.890042939186,-74.74079586629254,-74.74079586629254
1530.900042939186,-74.74138566787384,-74.74138566787384
1530.910042939186,-74.7419774003872,-74.7419774003872
1530.920042939186,-74.74257117046308,-74.74257117046308
1530.930042939186,-74.74316708307137,-74.74316708307137
1530.940042939186,-74.74376524155053,-74.74376524155053
1530.950042939186,-74.74436574759541,-74.74436574759541
1530.960042939186,-74.74496218247458,-74.74496218247458
1530.970042939186,-74.74555179019154,-74.74555179019154
1530.9800429391862,-74.74613327774829,-74.74613327774829
1530.9900429391862,-74.74670602846952,-74.74670602846952
1531.0000429391862,-74.74726980179618,-74.74726980179618
1531.0100429391862,-74.74782457744503,-74.74782457744503
1531.0200429391862,-74.7483704640555,-74.7483704640555
1531.0300429391862,-74.74890764433373,-74.74890764433373
1531.0400429391862,-74.74943634202222,-74.74943634202222
1531.0500429391861,-74.74995680214923,-74.74995680214923
1531.0600429391861,-74.75046927919999,-74.75046927919999
1531.0700429391861,-74.75097403019939,-74.75097403019939
1531.0800429391861,-74.75147131072194,-74.75147131072194
1531.090042939186,-74.75196137274627,-74.75196137274627
1531.100042939186,-74.75244446355595,-74.75244446355595
1531.110042939186,-74.75292082529751,-74.75292082529751
1531.120042939186,-74.75339069494642,-74.75339069494642
1531.130042939186,-74.75385430441295,-74.75385430441295
1531.140042939186,-74.75431188084228,-74.75431188084228
1531.150042939186,-74.7547636468852,-74.7547636468852
1531.160042939186,-74.75517219503762,-74.75517219503762
1531.170042939186,-74.75553694333945,-74.75553694333945
1531.180042939186,-74.75585924335424,-74.75585924335424
1531.190042939186,-74.75613924517289,-74.75613924517289
1531.200042939186,-74.75637620750628,-74.75637620750628
1531.210042939186,-74.75656237765399,-74.75656237765399
1531.220042939186,-74.7566934288229,-74.7566934288229
1531.2300429391862,-74.75676641118649,-74.75676641118649
1531.2400429391862,-74.75677905545304,-74.75677905545304
1531.2500429391862,-74.75672952641204,-74.75672952641204
1531.2600429391862,-74.75661629830087,-74.75661629830087
1531.2700429391862,-74.75643808054262,-74.75643808054262
1531.2800429391862,-74.75619377097766,-74.75619377097766
1531.2900429391862,-74.75588242535459,-74.75588242535459
1531.3000429391861,-74.75550323648167,-74.75550323648167
1531.3100429391861,-74.75505551922649,-74.75505551922649
1531.3200429391861,-74.75453869912823,-74.75453869912823
1531.3300429391861,-74.75395230327341,-74.75395230327341
1531.340042939186,-74.75329595270435,-74.75329595270435
1531.350042939186,-74.75256935582271,-74.75256935582271
1531.360042939186,-74.75177230256016,-74.75177230256016
1531.370042939186,-74.75090465906473,-74.75090465906473
1531.380042939186,-74.74996636284966,-74.74996636284966
1531.390042939186,-74.7489574182984,-74.7489574182984
1531.400042939186,-74.74787789243086,-74.74787789243086
1531.410042939186,-74.74672791103309,-74.74672791103309
1531.420042939186,-74.7455076549163,-74.7455076549163
1531.430042939186,-74.74417338371128,-74.74417338371128
1531.440042939186,-74.7426998013787,-74.7426998013787
1531.450042939186,-74.74107416446692,-74.74107416446692
1531.460042939186,-74.73929044603145,-74.73929044603145
1531.470042939186,-74.73734624632182,-74.73734624632182
1531.4800429391862,-74.73524115972775,-74.73524115972775
1531.4900429391862,-74.73297588314963,-74.73297588314963
1531.5000429391862,-74.73055171871908,-74.73055171871908
1531.5100429391862,-74.72797029315332,-74.72797029315332
1531.5200429391862,-74.72523339879096,-74.72523339879096
1531.5300429391862,-74.72234290405198,-74.72234290405198
1531.5400429391862,-74.719300703812,-74.719300703812
1531.5500429391861,-74.71610869303252,-74.71610869303252
1531.5600429391861,-74.7127687537182,-74.7127687537182
1531.5700429391861,-74.70928274957032,-74.70928274957032
1531.5800429391861,-74.70565252484636,-74.70565252484636
1531.590042939186,-74.70187990558262,-74.70187990558262
1531.600042939186,-74.69796670175896,-74.69796670175896
1531.610042939186,-74.69391470995822,-74.69391470995822
1531.620042939186,-74.68972571598422,-74.68972571598422
1531.630042939186,-74.6854014972835,-74.6854014972835
1531.640042939186,-74.6809438250584,-74.6809438250584
1531.650042939186,-74.67635446604224,-74.67635446604224
1531.660042939186,-74.67163518395726,-74.67163518395726
1531.670042939186,-74.66678774062923,-74.66678774062923
1531.680042939186,-74.66181389682032,-74.66181389682032
1531.690042939186,-74.65671541281034,-74.65671541281034
1531.700042963028,-74.65149403631806,-74.65149403631806
1531.710042963028,-74.64615155203961,-74.64615155203961
1531.720042963028,-74.64068970828752,-74.64068970828752
1531.730042963028,-74.63511026522637,-74.63511026522637
1531.740042963028,-74.62941498278694,-74.62941498278694
1531.750042963028,-74.62360562029018,-74.62360562029018
1531.760042963028,-74.61768393607818,-74.61768393607818
1531.770042963028,-74.61165168705546,-74.61165168705546
1531.7800429630279,-74.60551062820988,-74.60551062820988
1531.7900429630279,-74.59926251209626,-74.59926251209626
1531.8000429630279,-74.59290908828262,-74.59290908828262
1531.8100429630279,-74.58645210281355,-74.58645210281355
1531.8200429630278,-74.57989329764541,-74.57989329764541
1531.830042963028,-74.57323441007033,-74.57323441007033
1531.840042963028,-74.56647717217278,-74.56647717217278
1531.850042963028,-74.55962331025579,-74.55962331025579
1531.860042963028,-74.55267454431487,-74.55267454431487
1531.870042963028,-74.54563258749327,-74.54563258749327
1531.880042963028,-74.53849914556854,-74.53849914556854
1531.890042963028,-74.53127591643958,-74.53127591643958
1531.900042963028,-74.52396458966277,-74.52396458966277
1531.910042963028,-74.51656684595959,-74.51656684595959
1531.920042963028,-74.50908435677285,-74.50908435677285
1531.930042963028,-74.5015187838407,-74.5015187838407
1531.940042963028,-74.49387177879883,-74.49387177879883
1531.950042963028,-74.48614498274766,-74.48614498274766
1531.960042963028,-74.47834002593636,-74.47834002593636
1531.970042963028,-74.47045852736419,-74.47045852736419
1531.980042963028,-74.4625020944592,-74.4625020944592
1531.990042963028,-74.45447232279437,-74.45447232279437
1532.000042963028,-74.44637079573994,-74.44637079573994
1532.010042963028,-74.43819908422957,-74.43819908422957
1532.020042963028,-74.42995874648044,-74.42995874648044
1532.0300429630279,-74.42165132775494,-74.42165132775494
1532.0400429630279,-74.41327836014479,-74.41327836014479
1532.0500429630279,-74.40484136234693,-74.40484136234693
1532.0600429630279,-74.39634183948866,-74.39634183948866
1532.0700429630278,-74.38778128293663,-74.38778128293663
1532.080042963028,-74.37916117014974,-74.37916117014974
1532.090042963028,-74.37048296452427,-74.37048296452427
1532.100042963028,-74.36174811526351,-74.36174811526351
1532.110042963028,-74.35295805723882,-74.35295805723882
1532.120042963028,-74.34411421092327,-74.34411421092327
1532.130042963028,-74.33521798227429,-74.33521798227429
1532.140042963028,-74.32627076264149,-74.32627076264149
1532.150042963028,-74.31727392871687,-74.31727392871687
1532.160042963028,-74.30822884246616,-74.30822884246616
1532.170042963028,-74.2991368510791,-74.2991368510791
1532.180042963028,-74.28999928693642,-74.28999928693642
1532.190042963028,-74.28081746757012,-74.28081746757012
1532.200042963028,-74.27159269565398,-74.27159269565398
1532.210042963028,-74.26232625900707,-74.26232625900707
1532.220042963028,-74.2530194305484,-74.2530194305484
1532.230042963028,-74.24367346834818,-74.24367346834818
1532.240042963028,-74.2342896156069,-74.2342896156069
1532.250042963028,-74.22486910069854,-74.22486910069854
1532.260042963028,-74.21541313718203,-74.21541313718203
1532.270042963028,-74.20592292386574,-74.20592292386574
1532.2800429630279,-74.19639964480099,-74.19639964480099
1532.2900429630279,-74.18684446936071,-74.18684446936071
1532.3000429630279,-74.17725855228827,-74.17725855228827
1532.3100429630279,-74.16764303374157,-74.16764303374157
1532.3200429630278,-74.15799903936541,-74.15799903936541
1532.330042963028,-74.1483276803631,-74.1483276803631
1532.340042963028,-74.13863005355641,-74.13863005355641
1532.350042963028,-74.12890724147037,-74.12890724147037
1532.360042963028,-74.11916031240024,-74.11916031240024
1532.370042963028,-74.10939032050953,-74.10939032050953
1532.380042963028,-74.09959830590468,-74.09959830590468
1532.390042963028,-74.08978529474074,-74.08978529474074
1532.400042963028,-74.07995229929428,-74.07995229929428
1532.410042963028,-74.07010031807573,-74.07010031807573
1532.420042963028,-74.06023033591781,-74.06023033591781
1532.430042963028,-74.05034332408209,-74.05034332408209
1532.440042963028,-74.0404402403678,-74.0404402403678
1532.450042963028,-74.03052202919834,-74.03052202919834
1532.460042963028,-74.02058962174492,-74.02058962174492
1532.470042963028,-74.01064393604317,-74.01064393604317
1532.480042963028,-74.00068587707904,-74.00068587707904
1532.490042963028,-73.99071633691909,-73.99071633691909
1532.500042963028,-73.98073619482949,-73.98073619482949
1532.510042963028,-73.97074631736973,-73.97074631736973
1532.520042963028,-73.96074755852761,-73.96074755852761
1532.5300429630279,-73.9507407598331,-73.9507407598331
1532.5400429630279,-73.94072675045769,-73.94072675045769
1532.5500429868698,-73.93070632349432,-73.93070632349432
1532.5600429868698,-73.92068033151568,-73.92068033151568
1532.5700429868698,-73.91064954355735,-73.91064954355735
1532.5800429868698,-73.90061474061213,-73.90061474061213
1532.5900429868698,-73.89057669194462,-73.89057669194462
1532.6000429868698,-73.88053615519458,-73.88053615519458
1532.6100429868698,-73.87049387650265,-73.87049387650265
1532.6200429868697,-73.86045059062266,-73.86045059062266
1532.6300429868697,-73.85040702105891,-73.85040702105891
1532.6400429868697,-73.8403638801739,-73.8403638801739
1532.6500429868697,-73.83032186932381,-73.83032186932381
1532.6600429868697,-73.82028167896364,-73.82028167896364
1532.6700429868697,-73.8102439887796,-73.8102439887796
1532.68004298687,-73.80020946779601,-73.80020946779601
1532.69004298687,-73.79017877452262,-73.79017877452262
1532.70004298687,-73.78015255704742,-73.78015255704742
1532.71004298687,-73.77013145316937,-73.77013145316937
1532.7200429868699,-73.76011609051719,-73.76011609051719
1532.7300429868699,-73.75010708666125,-73.75010708666125
1532.7400429868699,-73.74010504924955,-73.74010504924955
1532.7500429868699,-73.7301105760878,-73.7301105760878
1532.7600429868698,-73.7201242553064,-73.7201242553064
1532.7700429868698,-73.71014666544241,-73.71014666544241
1532.7800429868698,-73.70017837554985,-73.70017837554985
1532.7900429868698,-73.69021994534663,-73.69021994534663
1532.8000429868698,-73.68027192530866,-73.68027192530866
1532.8100429868698,-73.670334856781,-73.670334856781
1532.8200429868698,-73.66040927209727,-73.66040927209727
1532.8300429868698,-73.65049569469059,-73.65049569469059
1532.8400429868698,-73.6405946391953,-73.6405946391953
1532.8500429868698,-73.63070661157055,-73.63070661157055
1532.8600429868698,-73.62083210920649,-73.62083210920649
1532.8700429868697,-73.61097162102993,-73.61097162102993
1532.8800429868697,-73.60112562759902,-73.60112562759902
1532.8900429868697,-73.59129460123775,-73.59129460123775
1532.9000429868697,-73.58147900611905,-73.58147900611905
1532.9100429868697,-73.57167929838012,-73.57167929838012
1532.9200429868697,-73.56189592621492,-73.56189592621492
1532.93004298687,-73.55212932999501,-73.55212932999501
1532.94004298687,-73.54237994236095,-73.54237994236095
1532.95004298687,-73.53264818831313,-73.53264818831313
1532.96004298687,-73.52293448533165,-73.52293448533165
1532.9700429868699,-73.51323924345338,-73.51323924345338
1532.9800429868699,-73.50356286539076,-73.50356286539076
1532.9900429868699,-73.49390574662128,-73.49390574662128
1533.0000429868699,-73.48426827546896,-73.48426827546896
1533.0100429868698,-73.47465083323587,-73.47465083323587
1533.0200429868698,-73.46505379424042,-73.46505379424042
1533.0300429868698,-73.45547752596549,-73.45547752596549
1533.0400429868698,-73.44592238911656,-73.44592238911656
1533.0500429868698,-73.4363887377243,-73.4363887377243
1533.0600429868698,-73.42687691923432,-73.42687691923432
1533.0700429868698,-73.4173872745927,-73.4173872745927
1533.0800429868698,-73.40792013834341,-73.40792013834341
1533.0900429868698,-73.39847583869569,-73.39847583869569
1533.1000429868698,-73.3890546976174,-73.3890546976174
1533.1100429868698,-73.3796570309385,-73.3796570309385
1533.1200429868697,-73.37028314842084,-73.37028314842084
1533.1300429868697,-73.36093335383012,-73.36093335383012
1533.1400429868697,-73.3516079450353,-73.3516079450353
1533.1500429868697,-73.34230721407953,-73.34230721407953
1533.1600429868697,-73.33303144727127,-73.33303144727127
1533.1700429868697,-73.3237809252516,-73.3237809252516
1533.18004298687,-73.3145559230717,-73.3145559230717
1533.19004298687,-73.30535671028305,-73.30535671028305
1533.20004298687,-73.29618355100024,-73.29618355100024
1533.21004298687,-73.28703032469502,-73.28703032469502
1533.2200429868699,-73.27789450425679,-73.27789450425679
1533.2300429868699,-73.268774996768,-73.268774996768
1533.2400429868699,-73.2596713713289,-73.2596713713289
1533.2500429868699,-73.25058356392056,-73.25058356392056
1533.2600429868698,-73.24151172382014,-73.24151172382014
1533.2700429868698,-73.2324561233352,-73.2324561233352
1533.2800429868698,-73.22341710352362,-73.22341710352362
1533.2900429868698,-73.2143950415246,-73.2143950415246
1533.3000429868698,-73.20539033095939,-73.20539033095939
1533.3100429868698,-73.19640337030077,-73.19640337030077
1533.3200429868698,-73.18743455608032,-73.18743455608032
1533.3300429868698,-73.17848427902416,-73.17848427902416
1533.3400429868698,-73.16955292202184,-73.16955292202184
1533.3500429868698,-73.16064085913648,-73.16064085913648
1533.3600429868698,-73.15174845529567,-73.15174845529567
1533.3700429868697,-73.14287606633178,-73.14287606633178
1533.3800429868697,-73.13402403925755,-73.13402403925755
1533.3900429868697,-73.125192712608,-73.125192712608
1533.4000430107117,-73.11638239584684,-73.11638239584684
1533.4100430107117,-73.10759345377632,-73.10759345377632
1533.4200430107117,-73.09882618084882,-73.09882618084882
1533.4300430107116,-73.0900808856312,-73.0900808856312
1533.4400430107116,-73.08135787008693,-73.08135787008693
1533.4500430107116,-73.07265742987217,-73.07265742987217
1533.4600430107116,-73.06397985459822,-73.06397985459822
1533.4700430107116,-73.0553254280684,-73.0553254280684
1533.4800430107116,-73.04669442848684,-73.04669442848684
1533.4900430107116,-73.03808712863814,-73.03808712863814
1533.5000430107116,-73.02950379604947,-73.02950379604947
1533.5100430107116,-73.02094469314878,-73.02094469314878
1533.5200430107116,-73.0124100773718,-73.0124100773718
1533.5300430107118,-73.0039002013021,-73.0039002013021
1533.5400430107118,-72.99540368628024,-72.99540368628024
1533.5500430107118,-72.98690786624276,-72.98690786624276
1533.5600430107118,-72.97840278600918,-72.97840278600918
1533.5700430107117,-72.96988132491613,-72.96988132491613
1533.5800430107117,-72.96133846183079,-72.96133846183079
1533.5900430107117,-72.95277060601013,-72.95277060601013
1533.6000430107117,-72.944175132741,-72.944175132741
1533.6100430107117,-72.935550083412,-72.935550083412
1533.6200430107117,-72.92689397435782,-72.92689397435782
1533.6300430107117,-72.91820567367618,-72.91820567367618
1533.6400430107117,-72.90948432007607,-72.90948432007607
1533.6500430107117,-72.90072926765492,-72.90072926765492
1533.6600430107117,-72.8919400470727,-72.8919400470727
1533.6700430107117,-72.88311633714736,-72.88311633714736
1533.6800430107116,-72.87425794328793,-72.87425794328793
1533.6900430107116,-72.8653647805468,-72.8653647805468
1533.7000430107116,-72.85643685988535,-72.85643685988535
1533.7100430107116,-72.84747427674904,-72.84747427674904
1533.7200430107116,-72.83847720137358,-72.83847720137358
1533.7300430107116,-72.82944587044835,-72.82944587044835
1533.7400430107116,-72.82038057984684,-72.82038057984684
1533.7500430107116,-72.81128167824046,-72.81128167824046
1533.7600430107116,-72.80214956146561,-72.80214956146561
1533.7700430107116,-72.79298466749675,-72.79298466749675
1533.7800430107118,-72.78378747200601,-72.78378747200601
1533.7900430107118,-72.77455848436439,-72.77455848436439
1533.8000430107118,-72.76529824407385,-72.76529824407385
1533.8100430107118,-72.7560073175684,-72.7560073175684
1533.8200430107117,-72.74668629532873,-72.74668629532873
1533.8300430107117,-72.73733578927857,-72.73733578927857
1533.8400430107117,-72.72795643044714,-72.72795643044714
1533.8500430107117,-72.71854886684422,-72.71854886684422
1533.8600430107117,-72.70911376155198,-72.70911376155198
1533.8700430107117,-72.69965179094643,-72.69965179094643
1533.8800430107117,-72.6901636431459,-72.6901636431459
1533.8900430107117,-72.68065001654388,-72.68065001654388
1533.9000430107117,-72.67111161848321,-72.67111161848321
1533.9100430107117,-72.66154916404832,-72.66154916404832
1533.9200430107117,-72.65196337494038,-72.65196337494038
1533.9300430107116,-72.64235497849658,-72.64235497849658
1533.9400430107116,-72.63272470669996,-72.63272470669996
1533.9500430107116,-72.62307329533947,-72.62307329533947
1533.9600430107116,-72.61340148321618,-72.61340148321618
1533.9700430107116,-72.6037100113775,-72.6037100113775
1533.9800430107116,-72.59399962246317,-72.59399962246317
1533.9900430107116,-72.58427106004467,-72.58427106004467
1534.0000430107116,-72.574525068066,-72.574525068066
1534.0100430107116,-72.56476239026478,-72.56476239026478
1534.0200430107116,-72.55498376967554,-72.55498376967554
1534.0300430107118,-72.54518994817379,-72.54518994817379
1534.0400430107118,-72.53538166601463,-72.53538166601463
1534.0500430107118,-72.52555966143223,-72.52555966143223
1534.0600430107118,-72.51572467025902,-72.51572467025902
1534.0700430107117,-72.50587742555958,-72.50587742555958
1534.0800430107117,-72.49601865732717,-72.49601865732717
1534.0900430107117,-72.48614909214157,-72.48614909214157
1534.1000430107117,-72.47626945288621,-72.47626945288621
1534.1100430107117,-72.46638045851734,-72.46638045851734
1534.1200430107117,-72.45648282377371,-72.45648282377371
1534.1300430107117,-72.44657725896313,-72.44657725896313
1534.1400430107117,-72.43666446973144,-72.43666446973144
1534.1500430107117,-72.42674515689177,-72.42674515689177
1534.1600430107117,-72.41682001620023,-72.41682001620023
1534.1700430107117,-72.4068897382155,-72.4068897382155
1534.1800430107116,-72.39695500813245,-72.39695500813245
1534.1900430107116,-72.38701650560938,-72.38701650560938
1534.2000430107116,-72.37707490466417,-72.37707490466417
1534.2100430107116,-72.36712457846568,-72.36712457846568
1534.2200430107116,-72.35716344873299,-72.35716344873299
1534.2300430107116,-72.34719085212281,-72.34719085212281
1534.2400430107116,-72.33720677723208,-72.33720677723208
1534.2500430345535,-72.32721154931468,-72.32721154931468
1534.2600430345535,-72.31720577377662,-72.31720577377662
1534.2700430345535,-72.30719010433465,-72.30719010433465
1534.2800430345535,-72.29716528448742,-72.29716528448742
1534.2900430345535,-72.28713209143488,-72.28713209143488
1534.3000430345535,-72.27709131665532,-72.27709131665532
1534.3100430345535,-72.26704375435533,-72.26704375435533
1534.3200430345535,-72.25699019468021,-72.25699019468021
1534.3300430345535,-72.24693141980784,-72.24693141980784
1534.3400430345534,-72.23686820187784,-72.23686820187784
1534.3500430345534,-72.22680130193848,-72.22680130193848
1534.3600430345534,-72.21673146956415,-72.21673146956415
1534.3700430345534,-72.20665944281507,-72.20665944281507
1534.3800430345536,-72.1965859484301,-72.1965859484301
1534.3900430345536,-72.18651170211797,-72.18651170211797
1534.4000430345536,-72.1764374088868,-72.1764374088868
1534.4100430345536,-72.1663637633844,-72.1663637633844
1534.4200430345536,-72.15629145021128,-72.15629145021128
1534.4300430345536,-72.14622114426282,-72.14622114426282
1534.4400430345536,-72.13615351096826,-72.13615351096826
1534.4500430345536,-72.12608920655899,-72.12608920655899
1534.4600430345536,-72.11602887827694,-72.11602887827694
1534.4700430345536,-72.10597316459642,-72.10597316459642
1534.4800430345535,-72.09592269536479,-72.09592269536479
1534.4900430345535,-72.08587809195947,-72.08587809195947
1534.5000430345535,-72.07583996744064,-72.07583996744064
1534.5100430345535,-72.06580892665745,-72.06580892665745
1534.5200430345535,-72.05578556636623,-72.05578556636623
1534.5300430345535,-72.04577047530204,-72.04577047530204
1534.5400430345535,-72.03576423428007,-72.03576423428007
1534.5500430345535,-72.0257674162792,-72.0257674162792
1534.5600430345535,-72.01578058650512,-72.01578058650512
1534.5700430345535,-72.00580430245856,-72.00580430245856
1534.5800430345535,-71.99583911399954,-71.99583911399954
1534.5900430345534,-71.98588556339757,-71.98588556339757
1534.6000430345534,-71.97594418540207,-71.97594418540207
1534.6100430345534,-71.9660155072844,-71.9660155072844
1534.6200430345534,-71.956100048901,-71.956100048901
1534.6300430345536,-71.9461983227397,-71.9461983227397
1534.6400430345536,-71.93631083396487,-71.93631083396487
1534.6500430345536,-71.92643808046769,-71.92643808046769
1534.6600430345536,-71.91658055292618,-71.91658055292618
1534.6700430345536,-71.906738734848,-71.906738734848
1534.6800430345536,-71.89691310261665,-71.89691310261665
1534.6900430345536,-71.88710412554505,-71.88710412554505
1534.7000430345536,-71.87731226592089,-71.87731226592089
1534.7100430345536,-71.86753797906364,-71.86753797906364
1534.7200430345536,-71.85778171337618,-71.85778171337618
1534.7300430345535,-71.84804391036774,-71.84804391036774
1534.7400430345535,-71.83832500475495,-71.83832500475495
1534.7500430345535,-71.82862542447171,-71.82862542447171
1534.7600430345535,-71.8189455907402,-71.8189455907402
1534.7700430345535,-71.80928591811923,-71.80928591811923
1534.7800430345535,-71.79964681455868,-71.79964681455868
1534.7900430345535,-71.79002868145308,-71.79002868145308
1534.8000430345535,-71.78043191368828,-71.78043191368828
1534.8100430345535,-71.77085689971015,-71.77085689971015
1534.8200430345535,-71.76130402156987,-71.76130402156987
1534.8300430345535,-71.75177365498615,-71.75177365498615
1534.8400430345534,-71.74226616938655,-71.74226616938655
1534.8500430345534,-71.73278192798327,-71.73278192798327
1534.8600430345534,-71.72332128782139,-71.72332128782139
1534.8700430345534,-71.7138845998207,-71.7138845998207
1534.8800430345536,-71.70447220886868,-71.70447220886868
1534.8900430345536,-71.69508445382787,-71.69508445382787
1534.9000430345536,-71.68572166765564,-71.68572166765564
1534.9100430345536,-71.67638417739501,-71.67638417739501
1534.9200430345536,-71.66707230428358,-71.66707230428358
1534.9300430345536,-71.65778636379248,-71.65778636379248
1534.9400430345536,-71.64852666567323,-71.64852666567323
1534.9500430345536,-71.63929351403627,-71.63929351403627
1534.9600430345536,-71.6300872073978,-71.6300872073978
1534.9700430345536,-71.62090803873797,-71.62090803873797
1534.9800430345535,-71.61175629556908,-71.61175629556908
1534.9900430345535,-71.60263225998087,-71.60263225998087
1535.0000430345535,-71.59353620870324,-71.59353620870324
1535.0100430345535,-71.58446841315494,-71.58446841315494
1535.0200430345535,-71.57542913952891,-71.57542913952891
1535.0300430345535,-71.5664186488228,-71.5664186488228
1535.0400430345535,-71.55743719690224,-71.55743719690224
1535.0500430345535,-71.54848503457501,-71.54848503457501
1535.0600430345535,-71.53956240761498,-71.53956240761498
1535.0700430345535,-71.53066955685354,-71.53066955685354
1535.0800430345535,-71.52180671822146,-71.52180671822146
1535.0900430345534,-71.51297412280135,-71.51297412280135
1535.1000430583954,-71.50417197592621,-71.50417197592621
1535.1100430583954,-71.49540054116876,-71.49540054116876
1535.1200430583954,-71.48666001435585,-71.48666001435585
1535.1300430583954,-71.47795060776836,-71.47795060776836
1535.1400430583953,-71.46927252911486,-71.46927252911486
1535.1500430583953,-71.46062598158349,-71.46062598158349
1535.1600430583953,-71.4520111639072,-71.4520111639072
1535.1700430583953,-71.44342827042891,-71.44342827042891
1535.1800430583953,-71.4348774911272,-71.4348774911272
1535.1900430583953,-71.42635901170154,-71.42635901170154
1535.2000430583953,-71.41787301359767,-71.41787301359767
1535.2100430583953,-71.40941967407896,-71.40941967407896
1535.2200430583953,-71.40099916627618,-71.40099916627618
1535.2300430583955,-71.39261165922191,-71.39261165922191
1535.2400430583955,-71.38425731792987,-71.38425731792987
1535.2500430583955,-71.37593630342208,-71.37593630342208
1535.2600430583955,-71.36764877278878,-71.36764877278878
1535.2700430583955,-71.3593948792475,-71.3593948792475
1535.2800430583954,-71.35117477217433,-71.35117477217433
1535.2900430583954,-71.3429885971753,-71.3429885971753
1535.3000430583954,-71.33483649610808,-71.33483649610808
1535.3100430583954,-71.32671860715872,-71.32671860715872
1535.3200430583954,-71.31863506487252,-71.31863506487252
1535.3300430583954,-71.31058600021177,-71.31058600021177
1535.3400430583954,-71.30257154059542,-71.30257154059542
1535.3500430583954,-71.29459180993794,-71.29459180993794
1535.3600430583954,-71.28664692871872,-71.28664692871872
1535.3700430583954,-71.27873701400917,-71.27873701400917
1535.3800430583954,-71.27086217952949,-71.27086217952949
1535.3900430583953,-71.26302253567381,-71.26302253567381
1535.4000430583953,-71.25521818958649,-71.25521818958649
1535.4100430583953,-71.24744924518286,-71.24744924518286
1535.4200430583953,-71.2397158032014,-71.2397158032014
1535.4300430583953,-71.23201796124125,-71.23201796124125
1535.4400430583953,-71.22435581381184,-71.22435581381184
1535.4500430583953,-71.21672945237135,-71.21672945237135
1535.4600430583953,-71.20913896537338,-71.20913896537338
1535.4700430583953,-71.20158443829212,-71.20158443829212
1535.4800430583955,-71.19406595369556,-71.19406595369556
1535.4900430583955,-71.18658359124508,-71.18658359124508
1535.5000430583955,-71.17913742777033,-71.17913742777033
1535.5100430583955,-71.17172753729366,-71.17172753729366
1535.5200430583955,-71.16435399107355,-71.16435399107355
1535.5300430583954,-71.15701685763743,-71.15701685763743
1535.5400430583954,-71.14971620282425,-71.14971620282425
1535.5500430583954,-71.1424520898218,-71.1424520898218
1535.5600430583954,-71.13522457921195,-71.13522457921195
1535.5700430583954,-71.12803372899151,-71.12803372899151
1535.5800430583954,-71.12087959461779,-71.12087959461779
1535.5900430583954,-71.11376222905729,-71.11376222905729
1535.6000430583954,-71.10668168280165,-71.10668168280165
1535.6100430583954,-71.09963800390236,-71.09963800390236
1535.6200430583954,-71.09263123804045,-71.09263123804045
1535.6300430583954,-71.08566142850061,-71.08566142850061
1535.6400430583953,-71.07872861627307,-71.07872861627307
1535.6500430583953,-71.0718328400297,-71.0718328400297
1535.6600430583953,-71.06497413619572,-71.06497413619572
1535.6700430583953,-71.05815253896719,-71.05815253896719
1535.6800430583953,-71.05136808033714,-71.05136808033714
1535.6900430583953,-71.04462079015407,-71.04462079015407
1535.7000430583953,-71.03791069612079,-71.03791069612079
1535.7100430583953,-71.0312316431822,-71.0312316431822
1535.7200430583953,-71.02458096161904,-71.02458096161904
1535.7300430583955,-71.01795737361667,-71.01795737361667
1535.7400430583955,-71.01136024471542,-71.01136024471542
1535.7500430583955,-71.00478929800282,-71.00478929800282
1535.7600430583955,-70.99824446547741,-70.99824446547741
1535.7700430583955,-70.99172580078618,-70.99172580078618
1535.7800430583954,-70.98523342676862,-70.98523342676862
1535.7900430583954,-70.97876750388065,-70.97876750388065
1535.8000430583954,-70.97232821124081,-70.97232821124081
1535.8100430583954,-70.96591573540371,-70.96591573540371
1535.8200430583954,-70.95953026373759,-70.95953026373759
1535.8300430583954,-70.95317198071474,-70.95317198071474
1535.8400430583954,-70.94684106588547,-70.94684106588547
1535.8500430583954,-70.94053769291334,-70.94053769291334
1535.8600430583954,-70.93426202923715,-70.93426202923715
1535.8700430583954,-70.92801423607013,-70.92801423607013
1535.8800430583954,-70.92179446864117,-70.92179446864117
1535.8900430583953,-70.91560287648099,-70.91560287648099
1535.9000430583953,-70.90943960378026,-70.90943960378026
1535.9100430583953,-70.90330478975694,-70.90330478975694
1535.9200430583953,-70.89719856897133,-70.89719856897133
1535.9300430583953,-70.89112107165913,-70.89112107165913
1535.9400430583953,-70.88507242402115,-70.88507242402115
1535.9500430822372,-70.87905273412592,-70.87905273412592
1535.9600430822372,-70.87306214953117,-70.87306214953117
1535.9700430822372,-70.86710077128829,-70.86710077128829
1535.9800430822372,-70.86116871164391,-70.86116871164391
1535.9900430822372,-70.85526607980213,-70.85526607980213
1536.0000430822372,-70.84939298201853,-70.84939298201853
1536.0100430822372,-70.843549521751,-70.843549521751
1536.0200430822372,-70.8377357997157,-70.8377357997157
1536.0300430822372,-70.8319519140134,-70.8319519140134
1536.0400430822372,-70.82619796017029,-70.82619796017029
1536.0500430822372,-70.82047403120484,-70.82047403120484
1536.0600430822371,-70.81478021769423,-70.81478021769423
1536.0700430822371,-70.80911660782793,-70.80911660782793
1536.0800430822374,-70.80348328743086,-70.80348328743086
1536.0900430822373,-70.79788034001024,-70.79788034001024
1536.1000430822373,-70.79230784679359,-70.79230784679359
1536.1100430822373,-70.78676588676628,-70.78676588676628
1536.1200430822373,-70.78125453666465,-70.78125453666465
1536.1300430822373,-70.7757738710524,-70.7757738710524
1536.1400430822373,-70.77032396230447,-70.77032396230447
1536.1500430822373,-70.7649048806389,-70.7649048806389
1536.1600430822373,-70.75951669414768,-70.75951669414768
1536.1700430822373,-70.75415946880197,-70.75415946880197
1536.1800430822373,-70.74883326847537,-70.74883326847537
1536.1900430822373,-70.7435381549689,-70.7435381549689
1536.2000430822372,-70.73827418801609,-70.73827418801609
1536.2100430822372,-70.73304142531319,-70.73304142531319
1536.2200430822372,-70.72783992251964,-70.72783992251964
1536.2300430822372,-70.72266973328605,-70.72266973328605
1536.2400430822372,-70.71753090926892,-70.71753090926892
1536.2500430822372,-70.712423500149,-70.712423500149
1536.2600430822372,-70.7073475536276,-70.7073475536276
1536.2700430822372,-70.70230311547118,-70.70230311547118
1536.2800430822372,-70.69729022951137,-70.69729022951137
1536.2900430822372,-70.69230893766874,-70.69230893766874
1536.3000430822372,-70.68735927995532,-70.68735927995532
1536.3100430822371,-70.6824412945027,-70.6824412945027
1536.3200430822371,-70.67755501759095,-70.67755501759095
1536.3300430822374,-70.6727004836304,-70.6727004836304
1536.3400430822373,-70.66787772521307,-70.66787772521307
1536.3500430822373,-70.66308677310377,-70.66308677310377
1536.3600430822373,-70.65832765628171,-70.65832765628171
1536.3700430822373,-70.65360040193674,-70.65360040193674
1536.3800430822373,-70.64890503548642,-70.64890503548642
1536.3900430822373,-70.64424158063412,-70.64424158063412
1536.4000430822373,-70.6396100593158,-70.6396100593158
1536.4100430822373,-70.63501049178595,-70.63501049178595
1536.4200430822373,-70.63044289659466,-70.63044289659466
1536.4300430822373,-70.6259072906167,-70.6259072906167
1536.4400430822373,-70.6214036890712,-70.6214036890712
1536.4500430822372,-70.61693210554799,-70.61693210554799
1536.4600430822372,-70.6124925520094,-70.6124925520094
1536.4700430822372,-70.60808503881344,-70.60808503881344
1536.4800430822372,-70.60370957473685,-70.60370957473685
1536.4900430822372,-70.59936616700283,-70.59936616700283
1536.5000430822372,-70.59505482127057,-70.59505482127057
1536.5100430822372,-70.59077554169369,-70.59077554169369
1536.5200430822372,-70.58652833090014,-70.58652833090014
1536.5300430822372,-70.58231319003174,-70.58231319003174
1536.5400430822372,-70.57813011876078,-70.57813011876078
1536.5500430822372,-70.57397911529951,-70.57397911529951
1536.5600430822371,-70.56986017643453,-70.56986017643453
1536.5700430822371,-70.56577329754306,-70.56577329754306
1536.5800430822374,-70.56171847257782,-70.56171847257782
1536.5900430822373,-70.55769569413665,-70.55769569413665
1536.6000430822373,-70.55370495345642,-70.55370495345642
1536.6100430822373,-70.54974624041614,-70.54974624041614
1536.6200430822373,-70.54581954358298,-70.54581954358298
1536.6300430822373,-70.54192485022048,-70.54192485022048
1536.6400430822373,-70.53806214628895,-70.53806214628895
1536.6500430822373,-70.53423141648746,-70.53423141648746
1536.6600430822373,-70.53043264427801,-70.53043264427801
1536.6700430822373,-70.5266658118651,-70.5266658118651
1536.6800430822373,-70.52293090024945,-70.52293090024945
1536.6900430822373,-70.51922788923086,-70.51922788923086
1536.7000430822372,-70.51555675743126,-70.51555675743126
1536.7100430822372,-70.51191748230187,-70.51191748230187
1536.7200430822372,-70.50831004016055,-70.50831004016055
1536.7300430822372,-70.50473440618445,-70.50473440618445
1536.7400430822372,-70.50119055444607,-70.50119055444607
1536.7500430822372,-70.49767845792222,-70.49767845792222
1536.7600430822372,-70.49419808850482,-70.49419808850482
1536.7700430822372,-70.49074941703479,-70.49074941703479
1536.7800430822372,-70.48733241330362,-70.48733241330362
1536.7900430822372,-70.48394704607327,-70.48394704607327
1536.800043106079,-70.48059327512365,-70.48059327512365
1536.810043106079,-70.47727108325434,-70.47727108325434
1536.820043106079,-70.47398042816442,-70.47398042816442
1536.830043106079,-70.47072127467965,-70.47072127467965
1536.840043106079,-70.46749358666216,-70.46749358666216
1536.850043106079,-70.46429732704146,-70.46429732704146
1536.860043106079,-70.46113245784082,-70.46113245784082
1536.870043106079,-70.45799894017881,-70.45799894017881
1536.880043106079,-70.45489673428102,-70.45489673428102
1536.890043106079,-70.45182579950593,-70.45182579950593
1536.900043106079,-70.4487860943587,-70.4487860943587
1536.910043106079,-70.44577757649688,-70.44577757649688
1536.920043106079,-70.44280020274527,-70.44280020274527
1536.9300431060792,-70.43985392912917,-70.43985392912917
1536.9400431060792,-70.43693871087417,-70.43693871087417
1536.9500431060792,-70.43405450240667,-70.43405450240667
1536.9600431060792,-70.43119512478846,-70.43119512478846
1536.9700431060792,-70.42835785443236,-70.42835785443236
1536.9800431060792,-70.42554134856313,-70.42554134856313
1536.9900431060792,-70.42274490332531,-70.42274490332531
1537.0000431060791,-70.41996817052114,-70.41996817052114
1537.0100431060791,-70.41721101038196,-70.41721101038196
1537.0200431060791,-70.41447340513186,-70.41447340513186
1537.0300431060791,-70.41175540701911,-70.41175540701911
1537.040043106079,-70.409057107042,-70.409057107042
1537.050043106079,-70.40637861620084,-70.40637861620084
1537.060043106079,-70.40372005432383,-70.40372005432383
1537.070043106079,-70.40108154351603,-70.40108154351603
1537.080043106079,-70.39846320442953,-70.39846320442953
1537.090043106079,-70.39586515425347,-70.39586515425347
1537.100043106079,-70.39328750571495,-70.39328750571495
1537.110043106079,-70.39073036672845,-70.39073036672845
1537.120043106079,-70.38819384034795,-70.38819384034795
1537.130043106079,-70.38567802498551,-70.38567802498551
1537.140043106079,-70.38318301466475,-70.38318301466475
1537.150043106079,-70.38070889936843,-70.38070889936843
1537.160043106079,-70.37825576532924,-70.37825576532924
1537.170043106079,-70.37582369538089,-70.37582369538089
1537.1800431060792,-70.37341276921346,-70.37341276921346
1537.1900431060792,-70.37102306365264,-70.37102306365264
1537.2000431060792,-70.36865465287656,-70.36865465287656
1537.2100431060792,-70.36630148135201,-70.36630148135201
1537.2200431060792,-70.3639609439025,-70.3639609439025
1537.2300431060792,-70.36163181343744,-70.36163181343744
1537.2400431060792,-70.3593134998737,-70.3593134998737
1537.2500431060791,-70.3570057673016,-70.3570057673016
1537.2600431060791,-70.35470858696634,-70.35470858696634
1537.2700431060791,-70.35242205101645,-70.35242205101645
1537.2800431060791,-70.3501463206611,-70.3501463206611
1537.290043106079,-70.34788159497178,-70.34788159497178
1537.300043106079,-70.34562809217441,-70.34562809217441
1537.310043106079,-70.34338603853189,-70.34338603853189
1537.320043106079,-70.34115566181242,-70.34115566181242
1537.330043106079,-70.33893718756697,-70.33893718756697
1537.340043106079,-70.3367308371618,-70.3367308371618
1537.350043106079,-70.33453682674367,-70.33453682674367
1537.360043106079,-70.33235536690343,-70.33235536690343
1537.370043106079,-70.33018666264947,-70.33018666264947
1537.380043106079,-70.32803091358441,-70.32803091358441
1537.390043106079,-70.32588831418808,-70.32588831418808
1537.400043106079,-70.32375905412584,-70.32375905412584
1537.410043106079,-70.32164331856764,-70.32164331856764
1537.420043106079,-70.31954128850685,-70.31954128850685
1537.4300431060792,-70.31745314100523,-70.31745314100523
1537.4400431060792,-70.31537904948996,-70.31537904948996
1537.4500431060792,-70.31331918392964,-70.31331918392964
1537.4600431060792,-70.31127371106055,-70.31127371106055
1537.4700431060792,-70.30924279452859,-70.30924279452859
1537.4800431060792,-70.30722659504382,-70.30722659504382
1537.4900431060792,-70.3052252705077,-70.3052252705077
1537.5000431060791,-70.30323897610147,-70.30323897610147
1537.5100431060791,-70.3012678643693,-70.3012678643693
1537.5200431060791,-70.29931208530992,-70.29931208530992
1537.5300431060791,-70.29737178643978,-70.29737178643978
1537.540043106079,-70.29544711280948,-70.29544711280948
1537.550043106079,-70.29353820708896,-70.29353820708896
1537.560043106079,-70.2916452095754,-70.2916452095754
1537.570043106079,-70.28976825823722,-70.28976825823722
1537.580043106079,-70.28790748873475,-70.28790748873475
1537.590043106079,-70.28606303444016,-70.28606303444016
1537.600043106079,-70.28423502646213,-70.28423502646213
1537.610043106079,-70.28242359366352,-70.28242359366352
1537.620043106079,-70.28062886265698,-70.28062886265698
1537.630043106079,-70.27885095783829,-70.27885095783829
1537.640043106079,-70.27709000137159,-70.27709000137159
1537.650043129921,-70.27534610908792,-70.27534610908792
1537.660043129921,-70.27361940709245,-70.27361940709245
1537.670043129921,-70.27191000677018,-70.27191000677018
1537.680043129921,-70.27021802152933,-70.27021802152933
1537.690043129921,-70.26854356259904,-70.26854356259904
1537.700043129921,-70.2668867390283,-70.2668867390283
1537.710043129921,-70.26524765773453,-70.26524765773453
1537.720043129921,-70.2636264234725,-70.2636264234725
1537.730043129921,-70.26202313886586,-70.26202313886586
1537.7400431299209,-70.26043790439581,-70.26043790439581
1537.7500431299209,-70.25887081843089,-70.25887081843089
1537.7600431299209,-70.25732197721925,-70.25732197721925
1537.7700431299209,-70.25579147492272,-70.25579147492272
1537.780043129921,-70.25427940359987,-70.25427940359987
1537.790043129921,-70.25278585323196,-70.25278585323196
1537.800043129921,-70.25131091173874,-70.25131091173874
1537.810043129921,-70.24985466497117,-70.24985466497117
1537.820043129921,-70.24841719674494,-70.24841719674494
1537.830043129921,-70.2469985888551,-70.2469985888551
1537.840043129921,-70.24559892105476,-70.24559892105476
1537.850043129921,-70.24421827111476,-70.24421827111476
1537.860043129921,-70.24285671479956,-70.24285671479956
1537.870043129921,-70.24151432592349,-70.24151432592349
1537.880043129921,-70.24019117631589,-70.24019117631589
1537.890043129921,-70.23888733588001,-70.23888733588001
1537.900043129921,-70.23760287257205,-70.23760287257205
1537.910043129921,-70.23633785245599,-70.23633785245599
1537.920043129921,-70.23509233968515,-70.23509233968515
1537.930043129921,-70.23386639653602,-70.23386639653602
1537.940043129921,-70.23266008343133,-70.23266008343133
1537.950043129921,-70.23147345893368,-70.23147345893368
1537.960043129921,-70.23030657979362,-70.23030657979362
1537.970043129921,-70.22915950094158,-70.22915950094158
1537.980043129921,-70.22803227551253,-70.22803227551253
1537.9900431299209,-70.22692495487938,-70.22692495487938
1538.0000431299209,-70.22583758864687,-70.22583758864687
1538.0100431299209,-70.2247702246851,-70.2247702246851
1538.0200431299209,-70.22372290915375,-70.22372290915375
1538.030043129921,-70.22269568649487,-70.22269568649487
1538.040043129921,-70.22168859949174,-70.22168859949174
1538.050043129921,-70.22070168924525,-70.22070168924525
1538.060043129921,-70.21973499521673,-70.21973499521673
1538.070043129921,-70.21878855524626,-70.21878855524626
1538.080043129921,-70.21786240556828,-70.21786240556828
1538.090043129921,-70.21695658083135,-70.21695658083135
1538.100043129921,-70.21607111410962,-70.21607111410962
1538.110043129921,-70.21520603693496,-70.21520603693496
1538.120043129921,-70.21436137930351,-70.21436137930351
1538.130043129921,-70.21353716970835,-70.21353716970835
1538.140043129921,-70.21273343514369,-70.21273343514369
1538.150043129921,-70.21195020114014,-70.21195020114014
1538.160043129921,-70.21118749176915,-70.21118749176915
1538.170043129921,-70.21044532966593,-70.21044532966593
1538.180043129921,-70.20972373605926,-70.20972373605926
1538.190043129921,-70.20902273077562,-70.20902273077562
1538.200043129921,-70.20834233226363,-70.20834233226363
1538.210043129921,-70.20768255761413,-70.20768255761413
1538.220043129921,-70.20704342257898,-70.20704342257898
1538.230043129921,-70.2064249415849,-70.2064249415849
1538.2400431299209,-70.20582712776556,-70.20582712776556
1538.2500431299209,-70.20524999295964,-70.20524999295964
1538.2600431299209,-70.20469354773331,-70.20469354773331
1538.2700431299209,-70.2041578014219,-70.2041578014219
1538.280043129921,-70.20364276212221,-70.20364276212221
1538.290043129921,-70.20314843671619,-70.20314843671619
1538.300043129921,-70.20267483090201,-70.20267483090201
1538.310043129921,-70.20222194918078,-70.20222194918078
1538.320043129921,-70.20178979491003,-70.20178979491003
1538.330043129921,-70.20137837030109,-70.20137837030109
1538.340043129921,-70.20098767644207,-70.20098767644207
1538.350043129921,-70.20061771331284,-70.20061771331284
1538.360043129921,-70.20026847980198,-70.20026847980198
1538.370043129921,-70.19993997371355,-70.19993997371355
1538.380043129921,-70.1996321918114,-70.1996321918114
1538.390043129921,-70.19934512981445,-70.19934512981445
1538.400043129921,-70.19907878241213,-70.19907878241213
1538.410043129921,-70.19883314328477,-70.19883314328477
1538.420043129921,-70.19860820512525,-70.19860820512525
1538.430043129921,-70.19840395965028,-70.19840395965028
1538.440043129921,-70.19822039760261,-70.19822039760261
1538.450043129921,-70.19805750880028,-70.19805750880028
1538.460043129921,-70.19790916772789,-70.19790916772789
1538.470043129921,-70.19777269103145,-70.19777269103145
1538.480043129921,-70.19764677082114,-70.19764677082114
1538.4900431299209,-70.19753073556052,-70.19753073556052
1538.5000431537628,-70.19742426763861,-70.19742426763861
1538.5100431537628,-70.1973272577631,-70.1973272577631
1538.5200431537628,-70.19723971735216,-70.19723971735216
1538.5300431537628,-70.19716172789703,-70.19716172789703
1538.5400431537628,-70.19709340954823,-70.19709340954823
1538.5500431537628,-70.19703490245895,-70.19703490245895
1538.5600431537628,-70.19698635566373,-70.19698635566373
1538.5700431537628,-70.19694792056653,-70.19694792056653
1538.5800431537627,-70.19691974720388,-70.19691974720388
1538.5900431537627,-70.19690198224495,-70.19690198224495
1538.6000431537627,-70.19689476800008,-70.19689476800008
1538.6100431537627,-70.19689824202261,-70.19689824202261
1538.6200431537627,-70.19691253710157,-70.19691253710157
1538.630043153763,-70.1969377814247,-70.1969377814247
1538.640043153763,-70.19697409885823,-70.19697409885823
1538.650043153763,-70.19702160925881,-70.19702160925881
1538.660043153763,-70.19708042876009,-70.19708042876009
1538.670043153763,-70.19715067011357,-70.19715067011357
1538.6800431537629,-70.1972324429589,-70.1972324429589
1538.6900431537629,-70.19732585405319,-70.19732585405319
1538.7000431537629,-70.19743100751798,-70.19743100751798
1538.7100431537629,-70.19754800501335,-70.19754800501335
1538.7200431537628,-70.19767694592639,-70.19767694592639
1538.7300431537628,-70.19781792749411,-70.19781792749411
1538.7400431537628,-70.1979710449405,-70.1979710449405
1538.7500431537628,-70.19813639157829,-70.19813639157829
1538.7600431537628,-70.19831405888783,-70.19831405888783
1538.7700431537628,-70.19850413661008,-70.19850413661008
1538.7800431537628,-70.1987067127966,-70.1987067127966
1538.7900431537628,-70.19892187386876,-70.19892187386876
1538.8000431537628,-70.19914970465263,-70.19914970465263
1538.8100431537628,-70.19939028843638,-70.19939028843638
1538.8200431537628,-70.19964370697414,-70.19964370697414
1538.8300431537627,-70.19991004053736,-70.19991004053736
1538.8400431537627,-70.20018936791577,-70.20018936791577
1538.8500431537627,-70.20048176644761,-70.20048176644761
1538.8600431537627,-70.20078731203658,-70.20078731203658
1538.8700431537627,-70.20110607916548,-70.20110607916548
1538.880043153763,-70.20143814089654,-70.20143814089654
1538.890043153763,-70.20178356888361,-70.20178356888361
1538.900043153763,-70.20214243337932,-70.20214243337932
1538.910043153763,-70.20251480325405,-70.20251480325405
1538.920043153763,-70.20290074598641,-70.20290074598641
1538.9300431537629,-70.20330032768328,-70.20330032768328
1538.9400431537629,-70.20371361307573,-70.20371361307573
1538.9500431537629,-70.20414066551726,-70.20414066551726
1538.9600431537629,-70.2045815470006,-70.2045815470006
1538.9700431537628,-70.20503631816139,-70.20503631816139
1538.9800431537628,-70.20550503827998,-70.20550503827998
1538.9900431537628,-70.20598776527756,-70.20598776527756
1539.0000431537628,-70.20648455573951,-70.20648455573951
1539.0100431537628,-70.20699546490009,-70.20699546490009
1539.0200431537628,-70.20752054667038,-70.20752054667038
1539.0300431537628,-70.20805985361648,-70.20805985361648
1539.0400431537628,-70.2086134369965,-70.2086134369965
1539.0500431537628,-70.20918134672762,-70.20918134672762
1539.0600431537628,-70.20976363143436,-70.20976363143436
1539.0700431537628,-70.21036033843322,-70.21036033843322
1539.0800431537627,-70.2109715137303,-70.2109715137303
1539.0900431537627,-70.21159720205338,-70.21159720205338
1539.1000431537627,-70.21223744683066,-70.21223744683066
1539.1100431537627,-70.21289229022912,-70.21289229022912
1539.1200431537627,-70.21356177313928,-70.21356177313928
1539.130043153763,-70.21424593519458,-70.21424593519458
1539.140043153763,-70.21494481478096,-70.21494481478096
1539.150043153763,-70.21565844903095,-70.21565844903095
1539.160043153763,-70.21638687385669,-70.21638687385669
1539.170043153763,-70.21713012393957,-70.21713012393957
1539.1800431537629,-70.21788823274154,-70.21788823274154
1539.1900431537629,-70.21866123253156,-70.21866123253156
1539.2000431537629,-70.21944915437298,-70.21944915437298
1539.2100431537629,-70.2202520281616,-70.2202520281616
1539.2200431537628,-70.2210698826045,-70.2210698826045
1539.2300431537628,-70.22190274525612,-70.22190274525612
1539.2400431537628,-70.22275064250377,-70.22275064250377
1539.2500431537628,-70.22361359960821,-70.22361359960821
1539.2600431537628,-70.22449164069477,-70.22449164069477
1539.2700431537628,-70.22538478877681,-70.22538478877681
1539.2800431537628,-70.22629306574743,-70.22629306574743
1539.2900431537628,-70.22721649240908,-70.22721649240908
1539.3000431537628,-70.22815508849025,-70.22815508849025
1539.3100431537628,-70.22910887262859,-70.22910887262859
1539.3200431537628,-70.2300778624054,-70.2300778624054
1539.3300431537627,-70.23106207436636,-70.23106207436636
1539.3400431537627,-70.23206152400628,-70.23206152400628
1539.3500431776047,-70.23307622822426,-70.23307622822426
1539.3600431776047,-70.23410619567176,-70.23410619567176
1539.3700431776047,-70.23515144118196,-70.23515144118196
1539.3800431776046,-70.23621197622296,-70.23621197622296
1539.3900431776046,-70.23728781128725,-70.23728781128725
1539.4000431776046,-70.23837895589746,-70.23837895589746
1539.4100431776046,-70.23948541862904,-70.23948541862904
1539.4200431776046,-70.24060720710656,-70.24060720710656
1539.4300431776046,-70.2417443280276,-70.2417443280276
1539.4400431776046,-70.24289678718617,-70.24289678718617
1539.4500431776046,-70.24406458944364,-70.24406458944364
1539.4600431776046,-70.24524161862608,-70.24524161862608
1539.4700431776046,-70.24642520223861,-70.24642520223861
1539.4800431776048,-70.24761404391191,-70.24761404391191
1539.4900431776048,-70.24880748394457,-70.24880748394457
1539.5000431776048,-70.2500052170215,-70.2500052170215
1539.5100431776048,-70.25120714555207,-70.25120714555207
1539.5200431776047,-70.25241329359626,-70.25241329359626
1539.5300431776047,-70.2536237551692,-70.2536237551692
1539.5400431776047,-70.254838663113,-70.254838663113
1539.5500431776047,-70.25605817043292,-70.25605817043292
1539.5600431776047,-70.25728243917803,-70.25728243917803
1539.5700431776047,-70.25851163391621,-70.25851163391621
1539.5800431776047,-70.2597459180002,-70.2597459180002
1539.5900431776047,-70.26098545156727,-70.26098545156727
1539.6000431776047,-70.2622303905104,-70.2622303905104
1539.6100431776047,-70.26348088608779,-70.26348088608779
1539.6200431776047,-70.26473708492252,-70.26473708492252
1539.6300431776046,-70.26599912913338,-70.26599912913338
1539.6400431776046,-70.26726715660655,-70.26726715660655
1539.6500431776046,-70.26854130131154,-70.26854130131154
1539.6600431776046,-70.2698216935928,-70.2698216935928
1539.6700431776046,-70.2711084604789,-70.2711084604789
1539.6800431776046,-70.2724017259459,-70.2724017259459
1539.6900431776046,-70.2737016111502,-70.2737016111502
1539.7000431776046,-70.27500823468232,-70.27500823468232
1539.7100431776046,-70.27632171272484,-70.27632171272484
1539.7200431776046,-70.27764215921056,-70.27764215921056
1539.7300431776048,-70.2789696859944,-70.2789696859944
1539.7400431776048,-70.28030440294003,-70.28030440294003
1539.7500431776048,-70.28164641803507,-70.28164641803507
1539.7600431776048,-70.2829958374707,-70.2829958374707
1539.7700431776047,-70.28435276571763,-70.28435276571763
1539.7800431776047,-70.28571730559301,-70.28571730559301
1539.7900431776047,-70.2870895582891,-70.2870895582891
1539.8000431776047,-70.2884696234385,-70.2884696234385
1539.8100431776047,-70.28985759913671,-70.28985759913671
1539.8200431776047,-70.29125358195944,-70.29125358195944
1539.8300431776047,-70.29265766701283,-70.29265766701283
1539.8400431776047,-70.29406994793939,-70.29406994793939
1539.8500431776047,-70.2954905169221,-70.2954905169221
1539.8600431776047,-70.29691946472008,-70.29691946472008
1539.8700431776047,-70.29835688066441,-70.29835688066441
1539.8800431776046,-70.29980285266966,-70.29980285266966
1539.8900431776046,-70.30125746724534,-70.30125746724534
1539.9000431776046,-70.30272080949477,-70.30272080949477
1539.9100431776046,-70.3041929631349,-70.3041929631349
1539.9200431776046,-70.30567401048673,-70.30567401048673
1539.9300431776046,-70.30716403247571,-70.30716403247571
1539.9400431776046,-70.30866310864587,-70.30866310864587
1539.9500431776046,-70.31017131717196,-70.31017131717196
1539.9600431776046,-70.31168873484678,-70.31168873484678
1539.9700431776046,-70.31321543707377,-70.31321543707377
1539.9800431776048,-70.31475149791454,-70.31475149791454
1539.9900431776048,-70.31629699004364,-70.31629699004364
1540.0000431776048,-70.31785198478705,-70.31785198478705
1540.0100431776048,-70.31941655208796,-70.31941655208796
1540.0200431776047,-70.32099076056441,-70.32099076056441
1540.0300431776047,-70.32257467746902,-70.32257467746902
1540.0400431776047,-70.32416836870992,-70.32416836870992
1540.0500431776047,-70.32577189885944,-70.32577189885944
1540.0600431776047,-70.32738533115183,-70.32738533115183
1540.0700431776047,-70.32900872748796,-70.32900872748796
1540.0800431776047,-70.33064214845874,-70.33064214845874
1540.0900431776047,-70.33228565333081,-70.33228565333081
1540.1000431776047,-70.33393930006321,-70.33393930006321
1540.1100431776047,-70.33560314531611,-70.33560314531611
1540.1200431776047,-70.33727724444543,-70.33727724444543
1540.1300431776046,-70.33896165153115,-70.33896165153115
1540.1400431776046,-70.34065641936783,-70.34065641936783
1540.1500431776046,-70.34236159948028,-70.34236159948028
1540.1600431776046,-70.34407724213638,-70.34407724213638
1540.1700431776046,-70.34580339634483,-70.34580339634483
1540.1800431776046,-70.34754010987716,-70.34754010987716
1540.1900431776046,-70.34928742926074,-70.34928742926074
1540.2000432014465,-70.35104540399392,-70.35104540399392
1540.2100432014465,-70.35281406982446,-70.35281406982446
1540.2200432014465,-70.35459347378777,-70.35459347378777
1540.2300432014465,-70.35638365758386,-70.35638365758386
1540.2400432014465,-70.35818466171989,-70.35818466171989
1540.2500432014465,-70.35999652553409,-70.35999652553409
1540.2600432014465,-70.36181928719097,-70.36181928719097
1540.2700432014465,-70.36365298371352,-70.36365298371352
1540.2800432014465,-70.36549765098023,-70.36549765098023
1540.2900432014465,-70.36735332373539,-70.36735332373539
1540.3000432014464,-70.3692200356081,-70.3692200356081
1540.3100432014464,-70.3710978191252,-70.3710978191252
1540.3200432014464,-70.37298670570702,-70.37298670570702
1540.3300432014466,-70.37488672569424,-70.37488672569424
1540.3400432014466,-70.37679790836381,-70.37679790836381
1540.3500432014466,-70.37872028190927,-70.37872028190927
1540.3600432014466,-70.38065387349464,-70.38065387349464
1540.3700432014466,-70.38259870924308,-70.38259870924308
1540.3800432014466,-70.38455481424428,-70.38455481424428
1540.3900432014466,-70.38652221257495,-70.38652221257495
1540.4000432014466,-70.38850092732189,-70.38850092732189
1540.4100432014466,-70.39049098057109,-70.39049098057109
1540.4200432014466,-70.39249239342166,-70.39249239342166
1540.4300432014466,-70.39450518602442,-70.39450518602442
1540.4400432014465,-70.39652937756622,-70.39652937756622
1540.4500432014465,-70.39856498629666,-70.39856498629666
1540.4600432014465,-70.40061202952532,-70.40061202952532
1540.4700432014465,-70.40267052364949,-70.40267052364949
1540.4800432014465,-70.40474048415643,-70.40474048415643
1540.4900432014465,-70.40682192563675,-70.40682192563675
1540.5000432014465,-70.40891486181091,-70.40891486181091
1540.5100432014465,-70.411019305505,-70.411019305505
1540.5200432014465,-70.41313526869929,-70.41313526869929
1540.5300432014465,-70.41526276251841,-70.41526276251841
1540.5400432014465,-70.41740179725764,-70.41740179725764
1540.5500432014464,-70.4195523823848,-70.4195523823848
1540.5600432014464,-70.421714526545,-70.421714526545
1540.5700432014464,-70.42388823758778,-70.42388823758778
1540.5800432014466,-70.42607352257384,-70.42607352257384
1540.5900432014466,-70.42827038776913,-70.42827038776913
1540.6000432014466,-70.43047883869018,-70.43047883869018
1540.6100432014466,-70.43269888007494,-70.43269888007494
1540.6200432014466,-70.43493051592972,-70.43493051592972
1540.6300432014466,-70.43717374951636,-70.43717374951636
1540.6400432014466,-70.43942858337887,-70.43942858337887
1540.6500432014466,-70.44169501933754,-70.44169501933754
1540.6600432014466,-70.44397305851012,-70.44397305851012
1540.6700432014466,-70.44626270132215,-70.44626270132215
1540.6800432014466,-70.44856394751808,-70.44856394751808
1540.6900432014465,-70.45087679616597,-70.45087679616597
1540.7000432014465,-70.45320124567321,-70.45320124567321
1540.7100432014465,-70.45553729379323,-70.45553729379323
1540.7200432014465,-70.45788493763905,-70.45788493763905
1540.7300432014465,-70.46024417368916,-70.46024417368916
1540.7400432014465,-70.46261499780032,-70.46261499780032
1540.7500432014465,-70.4649974052132,-70.4649974052132
1540.7600432014465,-70.46739139057955,-70.46739139057955
1540.7700432014465,-70.46979694793737,-70.46979694793737
1540.7800432014465,-70.47221407075938,-70.47221407075938
1540.7900432014465,-70.47464275193335,-70.47464275193335
1540.8000432014464,-70.47708298377805,-70.47708298377805
1540.8100432014464,-70.47953475806658,-70.47953475806658
1540.8200432014464,-70.4819980660196,-70.4819980660196
1540.8300432014466,-70.48447289832369,-70.48447289832369
1540.8400432014466,-70.48695924512882,-70.48695924512882
1540.8500432014466,-70.4894570960679,-70.4894570960679
1540.8600432014466,-70.49196644027423,-70.49196644027423
1540.8700432014466,-70.49448726635967,-70.49448726635967
1540.8800432014466,-70.4970195624446,-70.4970195624446
1540.8900432014466,-70.4995633161809,-70.4995633161809
1540.9000432014466,-70.50211851471823,-70.50211851471823
1540.9100432014466,-70.50468514475213,-70.50468514475213
1540.9200432014466,-70.50726319251542,-70.50726319251542
1540.9300432014466,-70.50985264378286,-70.50985264378286
1540.9400432014465,-70.51245348389092,-70.51245348389092
1540.9500432014465,-70.5150656977296,-70.5150656977296
1540.9600432014465,-70.51768312316648,-70.51768312316648
1540.9700432014465,-70.52030305454322,-70.52030305454322
1540.9800432014465,-70.52292416784186,-70.52292416784186
1540.9900432014465,-70.52554577849475,-70.52554577849475
1541.0000432014465,-70.52816755809128,-70.52816755809128
1541.0100432014465,-70.53078938721232,-70.53078938721232
1541.0200432014465,-70.53341126908983,-70.53341126908983
1541.0300432014465,-70.53603327775313,-70.53603327775313
1541.0400432014465,-70.53865552682228,-70.53865552682228
1541.0500432252884,-70.54127815699599,-70.54127815699599
1541.0600432252884,-70.54390129995967,-70.54390129995967
1541.0700432252884,-70.54652510926735,-70.54652510926735
1541.0800432252884,-70.5491497316307,-70.5491497316307
1541.0900432252884,-70.55177531110768,-70.55177531110768
1541.1000432252883,-70.55440198808711,-70.55440198808711
1541.1100432252883,-70.55702989889433,-70.55702989889433
1541.1200432252883,-70.55965917574372,-70.55965917574372
1541.1300432252883,-70.5622899468627,-70.5622899468627
1541.1400432252883,-70.56492233676826,-70.56492233676826
1541.1500432252883,-70.5675564665607,-70.5675564665607
1541.1600432252883,-70.57019245420163,-70.57019245420163
1541.1700432252883,-70.5728304148045,-70.5728304148045
1541.1800432252885,-70.57547046090323,-70.57547046090323
1541.1900432252885,-70.57811270268152,-70.57811270268152
1541.2000432252885,-70.5807572481733,-70.5807572481733
1541.2100432252885,-70.58340420346074,-70.58340420346074
1541.2200432252885,-70.58605367280124,-70.58605367280124
1541.2300432252885,-70.58870575878078,-70.58870575878078
1541.2400432252884,-70.59136056241753,-70.59136056241753
1541.2500432252884,-70.59401818325036,-70.59401818325036
1541.2600432252884,-70.59667871942032,-70.59667871942032
1541.2700432252884,-70.59934226772229,-70.59934226772229
1541.2800432252884,-70.60200892367702,-70.60200892367702
1541.2900432252884,-70.604678781558,-70.604678781558
1541.3000432252884,-70.60735193444043,-70.60735193444043
1541.3100432252884,-70.61002847421742,-70.61002847421742
1541.3200432252884,-70.61270849161664,-70.61270849161664
1541.3300432252884,-70.6153920762398,-70.6153920762398
1541.3400432252884,-70.61807931654681,-70.61807931654681
1541.3500432252883,-70.62077029989969,-70.62077029989969
1541.3600432252883,-70.62346511253031,-70.62346511253031
1541.3700432252883,-70.62616383957891,-70.62616383957891
1541.3800432252883,-70.62886656508103,-70.62886656508103
1541.3900432252883,-70.6315733719667,-70.6315733719667
1541.4000432252883,-70.63428434206362,-70.63428434206362
1541.4100432252883,-70.63699955611804,-70.63699955611804
1541.4200432252883,-70.63971909375476,-70.63971909375476
1541.4300432252885,-70.6424430334981,-70.6424430334981
1541.4400432252885,-70.64517145278155,-70.64517145278155
1541.4500432252885,-70.64790442792011,-70.64790442792011
1541.4600432252885,-70.65064203412966,-70.65064203412966
1541.4700432252885,-70.65338434551555,-70.65338434551555
1541.4800432252885,-70.65613143507316,-70.65613143507316
1541.4900432252884,-70.65888337468306,-70.65888337468306
1541.5000432252884,-70.66164023511153,-70.66164023511153
1541.5100432252884,-70.66440208602634,-70.66440208602634
1541.5200432252884,-70.66716899596517,-70.66716899596517
1541.5300432252884,-70.66994103235187,-70.66994103235187
1541.5400432252884,-70.67271826151713,-70.67271826151713
1541.5500432252884,-70.67550074866368,-70.67550074866368
1541.5600432252884,-70.67828855787984,-70.67828855787984
1541.5700432252884,-70.68108175215657,-70.68108175215657
1541.5800432252884,-70.6838803933678,-70.6838803933678
1541.5900432252884,-70.68668454228104,-70.68668454228104
1541.6000432252883,-70.68949425857673,-70.68949425857673
1541.6100432252883,-70.69230960082056,-70.69230960082056
1541.6200432252883,-70.69513062648446,-70.69513062648446
1541.6300432252883,-70.69795739195861,-70.69795739195861
1541.6400432252883,-70.70078995253446,-70.70078995253446
1541.6500432252883,-70.70362836242747,-70.70362836242747
1541.6600432252883,-70.70647267476251,-70.70647267476251
1541.6700432252883,-70.70932294160961,-70.70932294160961
1541.6800432252885,-70.71217921395984,-70.71217921395984
1541.6900432252885,-70.71504154175325,-70.71504154175325
1541.7000432252885,-70.71790997386317,-70.71790997386317
1541.7100432252885,-70.72078455811693,-70.72078455811693
1541.7200432252885,-70.7236653413053,-70.7236653413053
1541.7300432252885,-70.72655236918237,-70.72655236918237
1541.7400432252884,-70.72944568647009,-70.72944568647009
1541.7500432252884,-70.73234533687773,-70.73234533687773
1541.7600432252884,-70.73525136308857,-70.73525136308857
1541.7700432252884,-70.73816380679962,-70.73816380679962
1541.7800432252884,-70.74108270869182,-70.74108270869182
1541.7900432252884,-70.74400810847068,-70.74400810847068
1541.8000432252884,-70.74694004485204,-70.74694004485204
1541.8100432252884,-70.74987855559122,-70.74987855559122
1541.8200432252884,-70.75282367746651,-70.75282367746651
1541.8300432252884,-70.75577544630956,-70.75577544630956
1541.8400432252884,-70.7587338970145,-70.7587338970145
1541.8500432252883,-70.76169906351963,-70.76169906351963
1541.8600432252883,-70.76467097885461,-70.76467097885461
1541.8700432252883,-70.76764967511635,-70.76764967511635
1541.8800432252883,-70.77063518350155,-70.77063518350155
1541.8900432252883,-70.7736275343007,-70.7736275343007
1541.9000432491302,-70.77662676406229,-70.77662676406229
1541.9100432491302,-70.77963288705445,-70.77963288705445
1541.9200432491302,-70.78264593802821,-70.78264593802821
1541.9300432491302,-70.78566594378093,-70.78566594378093
1541.9400432491302,-70.78869293025782,-70.78869293025782
1541.9500432491302,-70.79172692254348,-70.79172692254348
1541.9600432491302,-70.79476794490564,-70.79476794490564
1541.9700432491302,-70.79781602078872,-70.79781602078872
1541.9800432491302,-70.80087117281077,-70.80087117281077
1541.9900432491302,-70.80393342280021,-70.80393342280021
1542.0000432491302,-70.8070027917797,-70.8070027917797
1542.0100432491301,-70.81007929998907,-70.81007929998907
1542.0200432491301,-70.81316296690129,-70.81316296690129
1542.0300432491304,-70.81625381121837,-70.81625381121837
1542.0400432491303,-70.81935185087507,-70.81935185087507
1542.0500432491303,-70.8224571030834,-70.8224571030834
1542.0600432491303,-70.82556958431014,-70.82556958431014
1542.0700432491303,-70.82868931029076,-70.82868931029076
1542.0800432491303,-70.83181629603814,-70.83181629603814
1542.0900432491303,-70.83495055587086,-70.83495055587086
1542.1000432491303,-70.83809210340192,-70.83809210340192
1542.1100432491303,-70.84124095155248,-70.84124095155248
1542.1200432491303,-70.84439711256593,-70.84439711256593
1542.1300432491303,-70.84756059801543,-70.84756059801543
1542.1400432491303,-70.85073141881712,-70.85073141881712
1542.1500432491302,-70.85390958522291,-70.85390958522291
1542.1600432491302,-70.8570951068522,-70.8570951068522
1542.1700432491302,-70.86028799268962,-70.86028799268962
1542.1800432491302,-70.86348825109387,-70.86348825109387
1542.1900432491302,-70.8666958898004,-70.8666958898004
1542.2000432491302,-70.86991091594454,-70.86991091594454
1542.2100432491302,-70.87313333605117,-70.87313333605117
1542.2200432491302,-70.87636315607003,-70.87636315607003
1542.2300432491302,-70.87960038136819,-70.87960038136819
1542.2400432491302,-70.88284501673118,-70.88284501673118
1542.2500432491302,-70.88609706637995,-70.88609706637995
1542.2600432491301,-70.88935653399344,-70.88935653399344
1542.2700432491301,-70.89262342268329,-70.89262342268329
1542.2800432491304,-70.89589773503235,-70.89589773503235
1542.2900432491303,-70.8991794730942,-70.8991794730942
1542.3000432491303,-70.9024686383946,-70.9024686383946
1542.3100432491303,-70.9057652319473,-70.9057652319473
1542.3200432491303,-70.90906925425084,-70.90906925425084
1542.3300432491303,-70.91238070531986,-70.91238070531986
1542.3400432491303,-70.91569958465635,-70.91569958465635
1542.3500432491303,-70.91902589129575,-70.91902589129575
1542.3600432491303,-70.92235962379301,-70.92235962379301
1542.3700432491303,-70.92570078022848,-70.92570078022848
1542.3800432491303,-70.92904935822611,-70.92904935822611
1542.3900432491303,-70.93240535495161,-70.93240535495161
1542.4000432491302,-70.93576876713863,-70.93576876713863
1542.4100432491302,-70.93913959105676,-70.93913959105676
1542.4200432491302,-70.94251782256188,-70.94251782256188
1542.4300432491302,-70.94590345707334,-70.94590345707334
1542.4400432491302,-70.9492964895973,-70.9492964895973
1542.4500432491302,-70.95269691473761,-70.95269691473761
1542.4600432491302,-70.95610472667805,-70.95610472667805
1542.4700432491302,-70.95951991921409,-70.95951991921409
1542.4800432491302,-70.96294248574674,-70.96294248574674
1542.4900432491302,-70.96637241928649,-70.96637241928649
1542.5000432491302,-70.96980971247285,-70.96980971247285
1542.5100432491301,-70.97325435757038,-70.97325435757038
1542.5200432491301,-70.97670634647994,-70.97670634647994
1542.5300432491304,-70.98016567074376,-70.98016567074376
1542.5400432491303,-70.98363232154547,-70.98363232154547
1542.5500432491303,-70.98710628972457,-70.98710628972457
1542.5600432491303,-70.9905875657906,-70.9905875657906
1542.5700432491303,-70.99407613989786,-70.99407613989786
1542.5800432491303,-70.9975720018833,-70.9975720018833
1542.5900432491303,-71.00107514125425,-71.00107514125425
1542.6000432491303,-71.00458554720998,-71.00458554720998
1542.6100432491303,-71.00810320862541,-71.00810320862541
1542.6200432491303,-71.0116281140781,-71.0116281140781
1542.6300432491303,-71.01516025184317,-71.01516025184317
1542.6400432491303,-71.01869960989764,-71.01869960989764
1542.6500432491302,-71.02224617592276,-71.02224617592276
1542.6600432491302,-71.02579993732687,-71.02579993732687
1542.6700432491302,-71.02936088122927,-71.02936088122927
1542.6800432491302,-71.03292899447554,-71.03292899447554
1542.6900432491302,-71.03650426365657,-71.03650426365657
1542.7000432491302,-71.0400866750754,-71.0400866750754
1542.7100432491302,-71.04367621477728,-71.04367621477728
1542.7200432491302,-71.04727286857619,-71.04727286857619
1542.7300432491302,-71.05087662200886,-71.05087662200886
1542.7400432491302,-71.05448746038203,-71.05448746038203
1542.750043272972,-71.0581053773756,-71.0581053773756
1542.760043272972,-71.06173034061544,-71.06173034061544
1542.770043272972,-71.06536234326606,-71.06536234326606
1542.780043272972,-71.06900136970637,-71.06900136970637
1542.790043272972,-71.07264740408196,-71.07264740408196
1542.800043272972,-71.07630043032196,-71.07630043032196
1542.810043272972,-71.07996043213282,-71.07996043213282
1542.820043272972,-71.0836273930242,-71.0836273930242
1542.830043272972,-71.08730129628943,-71.08730129628943
1542.840043272972,-71.09098212502418,-71.09098212502418
1542.850043272972,-71.09466986212858,-71.09466986212858
1542.860043272972,-71.09836449030847,-71.09836449030847
1542.870043272972,-71.10206599206944,-71.10206599206944
1542.8800432729722,-71.10577434974613,-71.10577434974613
1542.8900432729722,-71.10948954548788,-71.10948954548788
1542.9000432729722,-71.1132115612679,-71.1132115612679
1542.9100432729722,-71.1169403788785,-71.1169403788785
1542.9200432729722,-71.1206759799391,-71.1206759799391
1542.9300432729722,-71.12441834591274,-71.12441834591274
1542.9400432729722,-71.1281674580909,-71.1281674580909
1542.9500432729722,-71.13192329760514,-71.13192329760514
1542.9600432729721,-71.13568584543845,-71.13568584543845
1542.9700432729721,-71.13945508241083,-71.13945508241083
1542.9800432729721,-71.14323098920246,-71.14323098920246
1542.9900432729721,-71.14701354633395,-71.14701354633395
1543.000043272972,-71.1508027341909,-71.1508027341909
1543.010043272972,-71.15459853302227,-71.15459853302227
1543.020043272972,-71.15840092293811,-71.15840092293811
1543.030043272972,-71.16220988390656,-71.16220988390656
1543.040043272972,-71.16602539577634,-71.16602539577634
1543.050043272972,-71.1698474382594,-71.1698474382594
1543.060043272972,-71.17367599094818,-71.17367599094818
1543.070043272972,-71.1775110333147,-71.1775110333147
1543.080043272972,-71.18135254470829,-71.18135254470829
1543.090043272972,-71.1852005043658,-71.1852005043658
1543.100043272972,-71.18905489140347,-71.18905489140347
1543.110043272972,-71.19291568484111,-71.19291568484111
1543.120043272972,-71.1967828635818,-71.1967828635818
1543.1300432729722,-71.20065640642311,-71.20065640642311
1543.1400432729722,-71.20453629206057,-71.20453629206057
1543.1500432729722,-71.20842249909023,-71.20842249909023
1543.1600432729722,-71.21231500601645,-71.21231500601645
1543.1700432729722,-71.21621379124423,-71.21621379124423
1543.1800432729722,-71.22011883308922,-71.22011883308922
1543.1900432729722,-71.22403010976713,-71.22403010976713
1543.2000432729722,-71.22794759942363,-71.22794759942363
1543.2100432729721,-71.23187128011253,-71.23187128011253
1543.2200432729721,-71.23580112979366,-71.23580112979366
1543.2300432729721,-71.23973712635828,-71.23973712635828
1543.2400432729721,-71.2436792476247,-71.2436792476247
1543.250043272972,-71.24762747132681,-71.24762747132681
1543.260043272972,-71.25158177512459,-71.25158177512459
1543.270043272972,-71.25554213661428,-71.25554213661428
1543.280043272972,-71.25950853331807,-71.25950853331807
1543.290043272972,-71.26348094267703,-71.26348094267703
1543.300043272972,-71.26745934209576,-71.26745934209576
1543.310043272972,-71.27144370890264,-71.27144370890264
1543.320043272972,-71.27543402035961,-71.27543402035961
1543.330043272972,-71.27943025367205,-71.27943025367205
1543.340043272972,-71.283432386001,-71.283432386001
1543.350043272972,-71.28744039443252,-71.28744039443252
1543.360043272972,-71.2914542560115,-71.2914542560115
1543.370043272972,-71.29547394773905,-71.29547394773905
1543.3800432729722,-71.29949944654524,-71.29949944654524
1543.3900432729722,-71.30353072933164,-71.30353072933164
1543.4000432729722,-71.30753188789853,-71.30753188789853
1543.4100432729722,-71.31150214072633,-71.31150214072633
1543.4200432729722,-71.31544255441634,-71.31544255441634
1543.4300432729722,-71.319353052876,-71.319353052876
1543.4400432729722,-71.32323271251425,-71.32323271251425
1543.4500432729722,-71.32708014249872,-71.32708014249872
1543.4600432729721,-71.33089372589917,-71.33089372589917
1543.4700432729721,-71.33467176369996,-71.33467176369996
1543.4800432729721,-71.33841256081658,-71.33841256081658
1543.4900432729721,-71.34211447728815,-71.34211447728815
1543.500043272972,-71.34577595796237,-71.34577595796237
1543.510043272972,-71.34939554875876,-71.34939554875876
1543.520043272972,-71.35297190436236,-71.35297190436236
1543.530043272972,-71.35650379058265,-71.35650379058265
1543.540043272972,-71.35999008336641,-71.35999008336641
1543.550043272972,-71.36342976574107,-71.36342976574107
1543.560043272972,-71.36682192358695,-71.36682192358695
1543.570043272972,-71.37016574076425,-71.37016574076425
1543.580043272972,-71.3734604939896,-71.3734604939896
1543.590043272972,-71.37670554761313,-71.37670554761313
1543.600043296814,-71.37990035611087,-71.37990035611087
1543.610043296814,-71.38304442856058,-71.38304442856058
1543.620043296814,-71.38613737010702,-71.38613737010702
1543.630043296814,-71.38917884638198,-71.38917884638198
1543.640043296814,-71.39216858719925,-71.39216858719925
1543.650043296814,-71.39510638252187,-71.39510638252187
1543.660043296814,-71.39799207870324,-71.39799207870324
1543.670043296814,-71.4008255749667,-71.4008255749667
1543.680043296814,-71.40360682010231,-71.40360682010231
1543.6900432968139,-71.40633580936955,-71.40633580936955
1543.7000432968139,-71.40901258158159,-71.40901258158159
1543.7100432968139,-71.41163721635945,-71.41163721635945
1543.7200432968139,-71.41420983158243,-71.41420983158243
1543.730043296814,-71.41673058095161,-71.41673058095161
1543.740043296814,-71.41919965173187,-71.41919965173187
1543.750043296814,-71.42161726260034,-71.42161726260034
1543.760043296814,-71.42398366163142,-71.42398366163142
1543.770043296814,-71.42629912441011,-71.42629912441011
1543.780043296814,-71.42856395219883,-71.42856395219883
1543.790043296814,-71.43077847028017,-71.43077847028017
1543.800043296814,-71.43294302634999,-71.43294302634999
1543.810043296814,-71.4350579889949,-71.4350579889949
1543.820043296814,-71.43712374626674,-71.43712374626674
1543.830043296814,-71.4391407043297,-71.4391407043297
1543.840043296814,-71.44110928619362,-71.44110928619362
1543.850043296814,-71.44302993048589,-71.44302993048589
1543.860043296814,-71.44490309031252,-71.44490309031252
1543.870043296814,-71.44672923217951,-71.44672923217951
1543.880043296814,-71.44850883496308,-71.44850883496308
1543.890043296814,-71.45024238891509,-71.45024238891509
1543.900043296814,-71.45193039476634,-71.45193039476634
1543.910043296814,-71.4535733628516,-71.4535733628516
1543.920043296814,-71.45517181224888,-71.45517181224888
1543.930043296814,-71.4567262700276,-71.4567262700276
1543.9400432968139,-71.45823727049714,-71.45823727049714
1543.9500432968139,-71.4597053544816,-71.4597053544816
1543.9600432968139,-71.46113106867331,-71.46113106867331
1543.9700432968139,-71.46251496497342,-71.46251496497342
1543.980043296814,-71.46385759993187,-71.46385759993187
1543.990043296814,-71.46515953412651,-71.46515953412651
1544.000043296814,-71.46642133165425,-71.46642133165425
1544.010043296814,-71.4676435596129,-71.4676435596129
1544.020043296814,-71.46882678761374,-71.46882678761374
1544.030043296814,-71.46997158731683,-71.46997158731683
1544.040043296814,-71.47107853201389,-71.47107853201389
1544.050043296814,-71.4721481961906,-71.4721481961906
1544.060043296814,-71.47318115515615,-71.47318115515615
1544.070043296814,-71.47417798467251,-71.47417798467251
1544.080043296814,-71.4751392605926,-71.4751392605926
1544.090043296814,-71.4760655585351,-71.4760655585351
1544.100043296814,-71.47695745359049,-71.47695745359049
1544.110043296814,-71.47781552000416,-71.47781552000416
1544.120043296814,-71.47864033090846,-71.47864033090846
1544.130043296814,-71.4794324580323,-71.4794324580323
1544.140043296814,-71.48019247151147,-71.48019247151147
1544.150043296814,-71.48092093960103,-71.48092093960103
1544.160043296814,-71.48161842847423,-71.48161842847423
1544.170043296814,-71.4822855020239,-71.4822855020239
1544.180043296814,-71.4829227216541,-71.4829227216541
1544.1900432968139,-71.4835306460962,-71.4835306460962
1544.2000432968139,-71.48410983125616,-71.48410983125616
1544.2100432968139,-71.4846608300254,-71.4846608300254
1544.2200432968139,-71.4851841921464,-71.4851841921464
1544.230043296814,-71.48568046406865,-71.48568046406865
1544.240043296814,-71.48615018881861,-71.48615018881861
1544.250043296814,-71.48659390585642,-71.48659390585642
1544.260043296814,-71.48701215098511,-71.48701215098511
1544.270043296814,-71.48740545623778,-71.48740545623778
1544.280043296814,-71.48777434976073,-71.48777434976073
1544.290043296814,-71.48811935575232,-71.48811935575232
1544.300043296814,-71.48844099433481,-71.48844099433481
1544.310043296814,-71.48873978151053,-71.48873978151053
1544.320043296814,-71.48901622907982,-71.48901622907982
1544.330043296814,-71.48927084456007,-71.48927084456007
1544.340043296814,-71.48950413114868,-71.48950413114868
1544.350043296814,-71.48971658764665,-71.48971658764665
1544.360043296814,-71.4899087084113,-71.4899087084113
1544.370043296814,-71.49008098331889,-71.49008098331889
1544.380043296814,-71.49023389772424,-71.49023389772424
1544.390043296814,-71.49036793239507,-71.49036793239507
1544.400043296814,-71.49048356353534,-71.49048356353534
1544.410043296814,-71.49058126270043,-71.49058126270043
1544.420043296814,-71.49066149680533,-71.49066149680533
1544.430043296814,-71.49072472809685,-71.49072472809685
1544.4400432968139,-71.49077141412343,-71.49077141412343
1544.4500433206558,-71.49080200781607,-71.49080200781607
1544.4600433206558,-71.4908169571439,-71.4908169571439
1544.4700433206558,-71.49081670562988,-71.49081670562988
1544.4800433206558,-71.49080169196648,-71.49080169196648
1544.4900433206558,-71.49077235011255,-71.49077235011255
1544.5000433206558,-71.49072910931612,-71.49072910931612
1544.5100433206558,-71.49067239407192,-71.49067239407192
1544.5200433206558,-71.49060262417123,-71.49060262417123
1544.5300433206557,-71.49052021468471,-71.49052021468471
1544.5400433206557,-71.49042557598067,-71.49042557598067
1544.5500433206557,-71.49031911372768,-71.49031911372768
1544.5600433206557,-71.4902012289036,-71.4902012289036
1544.5700433206557,-71.49007231782416,-71.49007231782416
1544.580043320656,-71.48993277215054,-71.48993277215054
1544.590043320656,-71.48978297891743,-71.48978297891743
1544.600043320656,-71.48962332052851,-71.48962332052851
1544.610043320656,-71.48945417480081,-71.48945417480081
1544.620043320656,-71.48927591496454,-71.48927591496454
1544.630043320656,-71.48908890971265,-71.48908890971265
1544.6400433206559,-71.48889352319613,-71.48889352319613
1544.6500433206559,-71.48869011507661,-71.48869011507661
1544.6600433206559,-71.48847904052137,-71.48847904052137
1544.6700433206559,-71.48826065025683,-71.48826065025683
1544.6800433206558,-71.48803529059012,-71.48803529059012
1544.6900433206558,-71.48780330342309,-71.48780330342309
1544.7000433206558,-71.48756502630636,-71.48756502630636
1544.7100433206558,-71.48732079243977,-71.48732079243977
1544.7200433206558,-71.4870709307274,-71.4870709307274
1544.7300433206558,-71.48681576579988,-71.48681576579988
1544.7400433206558,-71.48655561804551,-71.48655561804551
1544.7500433206558,-71.4862908036388,-71.4862908036388
1544.7600433206558,-71.48602163459012,-71.48602163459012
1544.7700433206558,-71.48574841875798,-71.48574841875798
1544.7800433206557,-71.4854714598852,-71.4854714598852
1544.7900433206557,-71.48519105764696,-71.48519105764696
1544.8000433206557,-71.48490750768038,-71.48490750768038
1544.8100433206557,-71.48462110161002,-71.48462110161002
1544.8200433206557,-71.48433212708876,-71.48433212708876
1544.830043320656,-71.48404086783054,-71.48404086783054
1544.840043320656,-71.48374760365076,-71.48374760365076
1544.850043320656,-71.48345261050902,-71.48345261050902
1544.860043320656,-71.48315616050377,-71.48315616050377
1544.870043320656,-71.4828585219588,-71.4828585219588
1544.880043320656,-71.4825599594474,-71.4825599594474
1544.8900433206559,-71.48226073379728,-71.48226073379728
1544.9000433206559,-71.48196110216072,-71.48196110216072
1544.9100433206559,-71.48166131802881,-71.48166131802881
1544.9200433206559,-71.48136163128746,-71.48136163128746
1544.9300433206558,-71.48106228823006,-71.48106228823006
1544.9400433206558,-71.48076353161906,-71.48076353161906
1544.9500433206558,-71.48046560069035,-71.48046560069035
1544.9600433206558,-71.48016873121495,-71.48016873121495
1544.9700433206558,-71.47987315552177,-71.47987315552177
1544.9800433206558,-71.4795791025512,-71.4795791025512
1544.9900433206558,-71.47928679785905,-71.47928679785905
1545.0000433206558,-71.47899646366916,-71.47899646366916
1545.0100433206558,-71.47870831892263,-71.47870831892263
1545.0200433206558,-71.47842257928819,-71.47842257928819
1545.0300433206557,-71.47813945720469,-71.47813945720469
1545.0400433206557,-71.47785916192161,-71.47785916192161
1545.0500433206557,-71.47758189954112,-71.47758189954112
1545.0600433206557,-71.47730787302743,-71.47730787302743
1545.0700433206557,-71.47703728225453,-71.47703728225453
1545.080043320656,-71.47677032405895,-71.47677032405895
1545.090043320656,-71.47650719222963,-71.47650719222963
1545.100043320656,-71.47624807758675,-71.47624807758675
1545.110043320656,-71.47599316798734,-71.47599316798734
1545.120043320656,-71.47574264836408,-71.47574264836408
1545.130043320656,-71.4754967007657,-71.4754967007657
1545.1400433206559,-71.47525550437517,-71.47525550437517
1545.1500433206559,-71.47501923557492,-71.47501923557492
1545.1600433206559,-71.47478806793066,-71.47478806793066
1545.1700433206559,-71.47456217225469,-71.47456217225469
1545.1800433206558,-71.47434171662883,-71.47434171662883
1545.1900433206558,-71.47412686644569,-71.47412686644569
1545.2000433206558,-71.47391778442947,-71.47391778442947
1545.2100433206558,-71.47371463065933,-71.47371463065933
1545.2200433206558,-71.47351756261966,-71.47351756261966
1545.2300433206558,-71.47332673522854,-71.47332673522854
1545.2400433206558,-71.47314230083444,-71.47314230083444
1545.2500433206558,-71.47296440929573,-71.47296440929573
1545.2600433206558,-71.47279320798536,-71.47279320798536
1545.2700433206558,-71.4726288418066,-71.4726288418066
1545.2800433206557,-71.47247145324027,-71.47247145324027
1545.2900433206557,-71.47232118237548,-71.47232118237548
1545.3000433444977,-71.47217816658974,-71.47217816658974
1545.3100433444977,-71.47204254196546,-71.47204254196546
1545.3200433444977,-71.4719144411963,-71.4719144411963
1545.3300433444977,-71.47179399507145,-71.47179399507145
1545.3400433444976,-71.47168133210913,-71.47168133210913
1545.3500433444976,-71.4715765785959,-71.4715765785959
1545.3600433444976,-71.47147985862705,-71.47147985862705
1545.3700433444976,-71.47139129410844,-71.47139129410844
1545.3800433444976,-71.47131100480004,-71.47131100480004
1545.3900433444976,-71.47123910834829,-71.47123910834829
1545.4000433444976,-71.47117572027561,-71.47117572027561
1545.4100433444976,-71.4711209540523,-71.4711209540523
1545.4200433444976,-71.47107492109649,-71.47107492109649
1545.4300433444978,-71.4710377307918,-71.4710377307918
1545.4400433444978,-71.47100949054322,-71.47100949054322
1545.4500433444978,-71.47099030576429,-71.47099030576429
1545.4600433444978,-71.47098027993795,-71.47098027993795
1545.4700433444978,-71.47097951460442,-71.47097951460442
1545.4800433444977,-71.47098810941054,-71.47098810941054
1545.4900433444977,-71.47100616212121,-71.47100616212121
1545.5000433444977,-71.47103376864793,-71.47103376864793
1545.5100433444977,-71.47107102307658,-71.47107102307658
1545.5200433444977,-71.4711180176685,-71.4711180176685
1545.5300433444977,-71.47117484291313,-71.47117484291313
1545.5400433444977,-71.47124158752743,-71.47124158752743
1545.5500433444977,-71.47131833849284,-71.47131833849284
1545.5600433444977,-71.47140518105819,-71.47140518105819
1545.5700433444977,-71.47150219878111,-71.47150219878111
1545.5800433444977,-71.47160947354733,-71.47160947354733
1545.5900433444976,-71.47172708556249,-71.47172708556249
1545.6000433444976,-71.47185511342164,-71.47185511342164
1545.6100433444976,-71.47199363409067,-71.47199363409067
1545.6200433444976,-71.47214272294268,-71.47214272294268
1545.6300433444976,-71.47230245377321,-71.47230245377321
1545.6400433444976,-71.47247289882039,-71.47247289882039
1545.6500433444976,-71.47265412879864,-71.47265412879864
1545.6600433444976,-71.47284621289205,-71.47284621289205
1545.6700433444976,-71.47304921878474,-71.47304921878474
1545.6800433444978,-71.47326321269477,-71.47326321269477
1545.6900433444978,-71.47348825936737,-71.47348825936737
1545.7000433444978,-71.47372442212072,-71.47372442212072
1545.7100433444978,-71.47397176284501,-71.47397176284501
1545.7200433444978,-71.47423034201674,-71.47423034201674
1545.7300433444977,-71.4745002187299,-71.4745002187299
1545.7400433444977,-71.47478145071918,-71.47478145071918
1545.7500433444977,-71.4750740943469,-71.4750740943469
1545.7600433444977,-71.47537820465696,-71.47537820465696
1545.7700433444977,-71.47569383537012,-71.47569383537012
1545.7800433444977,-71.47602103891276,-71.47602103891276
1545.7900433444977,-71.47635986641353,-71.47635986641353
1545.8000433444977,-71.47671036774628,-71.47671036774628
1545.8100433444977,-71.47707259152263,-71.47707259152263
1545.8200433444977,-71.47744658512757,-71.47744658512757
1545.8300433444977,-71.47783239472729,-71.47783239472729
1545.8400433444976,-71.47823006527493,-71.47823006527493
1545.8500433444976,-71.4786396405428,-71.4786396405428
1545.8600433444976,-71.47906116312957,-71.47906116312957
1545.8700433444976,-71.4794946744676,-71.4794946744676
1545.8800433444976,-71.4799402148637,-71.4799402148637
1545.8900433444976,-71.48039782348445,-71.48039782348445
1545.9000433444976,-71.48086753837822,-71.48086753837822
1545.9100433444976,-71.48134939650556,-71.48134939650556
1545.9200433444976,-71.48184343374264,-71.48184343374264
1545.9300433444978,-71.48234968488997,-71.48234968488997
1545.9400433444978,-71.48286818369267,-71.48286818369267
1545.9500433444978,-71.48339896285121,-71.48339896285121
1545.9600433444978,-71.48394205403925,-71.48394205403925
1545.9700433444978,-71.4844974879139,-71.4844974879139
1545.9800433444977,-71.48506529412559,-71.48506529412559
1545.9900433444977,-71.48564550135202,-71.48564550135202
1546.0000433444977,-71.48623813727198,-71.48623813727198
1546.0100433444977,-71.48684322861354,-71.48684322861354
1546.0200433444977,-71.48746080115916,-71.48746080115916
1546.0300433444977,-71.48809087973372,-71.48809087973372
1546.0400433444977,-71.48873348825879,-71.48873348825879
1546.0500433444977,-71.48938864973091,-71.48938864973091
1546.0600433444977,-71.4900563862451,-71.4900563862451
1546.0700433444977,-71.49073671900032,-71.49073671900032
1546.0800433444977,-71.49142966833749,-71.49142966833749
1546.0900433444976,-71.49213525371356,-71.49213525371356
1546.1000433444976,-71.49285349373841,-71.49285349373841
1546.1100433444976,-71.49358440617172,-71.49358440617172
1546.1200433444976,-71.49432800795026,-71.49432800795026
1546.1300433444976,-71.49508431518822,-71.49508431518822
1546.1400433444976,-71.49585334318746,-71.49585334318746
1546.1500433683395,-71.49663510831081,-71.49663510831081
1546.1600433683395,-71.49742962059162,-71.49742962059162
1546.1700433683395,-71.49823689478058,-71.49823689478058
1546.1800433683395,-71.49905694304623,-71.49905694304623
1546.1900433683395,-71.4998897768096,-71.4998897768096
1546.2000433683395,-71.50073540673479,-71.50073540673479
1546.2100433683395,-71.50159384275396,-71.50159384275396
1546.2200433683395,-71.50246509406888,-71.50246509406888
1546.2300433683395,-71.50334916916626,-71.50334916916626
1546.2400433683395,-71.50424607582295,-71.50424607582295
1546.2500433683394,-71.50515582112843,-71.50515582112843
1546.2600433683394,-71.50607841146439,-71.50607841146439
1546.2700433683394,-71.50701385255599,-71.50701385255599
1546.2800433683396,-71.50796214944889,-71.50796214944889
1546.2900433683396,-71.5089233065309,-71.5089233065309
1546.3000433683396,-71.50989732753418,-71.50989732753418
1546.3100433683396,-71.51088421555305,-71.51088421555305
1546.3200433683396,-71.51188397304813,-71.51188397304813
1546.3300433683396,-71.51289660185489,-71.51289660185489
1546.3400433683396,-71.51392210320456,-71.51392210320456
1546.3500433683396,-71.51496047770372,-71.51496047770372
1546.3600433683396,-71.51601172536232,-71.51601172536232
1546.3700433683396,-71.51707584560737,-71.51707584560737
1546.3800433683396,-71.51815283728253,-71.51815283728253
1546.3900433683395,-71.51924269865819,-71.51924269865819
1546.4000433683395,-71.52034542744043,-71.52034542744043
1546.4100433683395,-71.52146102076098,-71.52146102076098
1546.4200433683395,-71.52258947522381,-71.52258947522381
1546.4300433683395,-71.52373078688345,-71.52373078688345
1546.4400433683395,-71.52488495125557,-71.52488495125557
1546.4500433683395,-71.52605196332586,-71.52605196332586
1546.4600433683395,-71.52722557430208,-71.52722557430208
1546.4700433683395,-71.5284030413127,-71.5284030413127
1546.4800433683395,-71.52958302501628,-71.52958302501628
1546.4900433683395,-71.5307648368381,-71.5307648368381
1546.5000433683394,-71.53194815122086,-71.53194815122086
1546.5100433683394,-71.53313285584318,-71.53313285584318
1546.5200433683394,-71.53431896366847,-71.53431896366847
1546.5300433683396,-71.53550656003705,-71.53550656003705
1546.5400433683396,-71.536695770801,-71.536695770801
1546.5500433683396,-71.53788674316729,-71.53788674316729
1546.5600433683396,-71.53907963427163,-71.53907963427163
1546.5700433683396,-71.54027460447502,-71.54027460447502
1546.5800433683396,-71.54147181347237,-71.54147181347237
1546.5900433683396,-71.54267141820489,-71.54267141820489
1546.6000433683396,-71.54387357180917,-71.54387357180917
1546.6100433683396,-71.54507842317476,-71.54507842317476
1546.6200433683396,-71.5462861169041,-71.5462861169041
1546.6300433683396,-71.54749679344414,-71.54749679344414
1546.6400433683395,-71.54871058935069,-71.54871058935069
1546.6500433683395,-71.54992763757025,-71.54992763757025
1546.6600433683395,-71.55114806774395,-71.55114806774395
1546.6700433683395,-71.55237200650329,-71.55237200650329
1546.6800433683395,-71.55359957772802,-71.55359957772802
1546.6900433683395,-71.55483090279809,-71.55483090279809
1546.7000433683395,-71.55606610078397,-71.55606610078397
1546.7100433683395,-71.55730528864208,-71.55730528864208
1546.7200433683395,-71.5585485813758,-71.5585485813758
1546.7300433683395,-71.55979609216293,-71.55979609216293
1546.7400433683395,-71.5610479324626,-71.5610479324626
1546.7500433683394,-71.56230421212047,-71.56230421212047
1546.7600433683394,-71.56356503945184,-71.56356503945184
1546.7700433683394,-71.56483052127831,-71.56483052127831
1546.7800433683396,-71.5661007630165,-71.5661007630165
1546.7900433683396,-71.56737586870534,-71.56737586870534
1546.8000433683396,-71.56865594104737,-71.56865594104737
1546.8100433683396,-71.56994108142831,-71.56994108142831
1546.8200433683396,-71.57123138994557,-71.57123138994557
1546.8300433683396,-71.57252696542818,-71.57252696542818
1546.8400433683396,-71.57382790545398,-71.57382790545398
1546.8500433683396,-71.57513430634266,-71.57513430634266
1546.8600433683396,-71.57644626318553,-71.57644626318553
1546.8700433683396,-71.57776386983262,-71.57776386983262
1546.8800433683396,-71.57908721891539,-71.57908721891539
1546.8900433683395,-71.5804164018367,-71.5804164018367
1546.9000433683395,-71.58175150874986,-71.58175150874986
1546.9100433683395,-71.58309262861178,-71.58309262861178
1546.9200433683395,-71.58443984914227,-71.58443984914227
1546.9300433683395,-71.58579325683725,-71.58579325683725
1546.9400433683395,-71.58715293695249,-71.58715293695249
1546.9500433683395,-71.58851897352073,-71.58851897352073
1546.9600433683395,-71.58989144935872,-71.58989144935872
1546.9700433683395,-71.59127044603333,-71.59127044603333
1546.9800433683395,-71.59265604388186,-71.59265604388186
1546.9900433683395,-71.59404832202067,-71.59404832202067
1547.0000433921814,-71.59544736165417,-71.59544736165417
1547.0100433921814,-71.59685323278886,-71.59685323278886
1547.0200433921814,-71.5982660141322,-71.5982660141322
1547.0300433921814,-71.59968577987617,-71.59968577987617
1547.0400433921814,-71.60111260296807,-71.60111260296807
1547.0500433921814,-71.60254655512287,-71.60254655512287
1547.0600433921813,-71.60398770683838,-71.60398770683838
1547.0700433921813,-71.6054361273736,-71.6054361273736
1547.0800433921813,-71.60689188478003,-71.60689188478003
1547.0900433921813,-71.60835504587209,-71.60835504587209
1547.1000433921813,-71.60982567626655,-71.60982567626655
1547.1100433921813,-71.61130384035637,-71.61130384035637
1547.1200433921813,-71.61278960133554,-71.61278960133554
1547.1300433921815,-71.61428302118561,-71.61428302118561
1547.1400433921815,-71.61578416070545,-71.61578416070545
1547.1500433921815,-71.61729307948737,-71.61729307948737
1547.1600433921815,-71.61880983593788,-71.61880983593788
1547.1700433921815,-71.6203344872982,-71.6203344872982
1547.1800433921815,-71.62186708961559,-71.62186708961559
1547.1900433921815,-71.62340769778753,-71.62340769778753
1547.2000433921814,-71.62495636554112,-71.62495636554112
1547.2100433921814,-71.62651314544888,-71.62651314544888
1547.2200433921814,-71.62807808894681,-71.62807808894681
1547.2300433921814,-71.62965124633544,-71.62965124633544
1547.2400433921814,-71.6312326667728,-71.6312326667728
1547.2500433921814,-71.63282239831544,-71.63282239831544
1547.2600433921814,-71.63442048788332,-71.63442048788332
1547.2700433921814,-71.63602698130647,-71.63602698130647
1547.2800433921814,-71.63764192332023,-71.63764192332023
1547.2900433921814,-71.63926535757783,-71.63926535757783
1547.3000433921814,-71.64089732664145,-71.64089732664145
1547.3100433921813,-71.6425378720256,-71.6425378720256
1547.3200433921813,-71.64418703417225,-71.64418703417225
1547.3300433921813,-71.6458448524834,-71.6458448524834
1547.3400433921813,-71.64751136532443,-71.64751136532443
1547.3500433921813,-71.6491334096524,-71.6491334096524
1547.3600433921813,-71.65069891708713,-71.65069891708713
1547.3700433921813,-71.65220466931763,-71.65220466931763
1547.3800433921815,-71.65364911034216,-71.65364911034216
1547.3900433921815,-71.65503113191764,-71.65503113191764
1547.4000433921815,-71.65634986907982,-71.65634986907982
1547.4100433921815,-71.6576046559248,-71.6576046559248
1547.4200433921815,-71.65879500589327,-71.65879500589327
1547.4300433921815,-71.65992059569386,-71.65992059569386
1547.4400433921815,-71.66098124985739,-71.66098124985739
1547.4500433921814,-71.66197692582288,-71.66197692582288
1547.4600433921814,-71.66290769969736,-71.66290769969736
1547.4700433921814,-71.6637737528532,-71.6637737528532
1547.4800433921814,-71.66457535959907,-71.66457535959907
1547.4900433921814,-71.66531287585478,-71.66531287585478
1547.5000433921814,-71.66598672895842,-71.66598672895842
1547.5100433921814,-71.66659740853474,-71.66659740853474
1547.5200433921814,-71.66714545833634,-71.66714545833634
1547.5300433921814,-71.66763146905126,-71.66763146905126
1547.5400433921814,-71.6680560719208,-71.6680560719208
1547.5500433921814,-71.66841993313244,-71.66841993313244
1547.5600433921813,-71.66872374887873,-71.66872374887873
1547.5700433921813,-71.66896824100797,-71.66896824100797
1547.5800433921813,-71.66915415321492,-71.66915415321492
1547.5900433921813,-71.6692822476856,-71.6692822476856
1547.6000433921813,-71.66935330214113,-71.66935330214113
1547.6100433921813,-71.66936810725862,-71.66936810725862
1547.6200433921813,-71.66932746436285,-71.66932746436285
1547.6300433921815,-71.66923218343724,-71.66923218343724
1547.6400433921815,-71.66908308133772,-71.66908308133772
1547.6500433921815,-71.66888098023144,-71.66888098023144
1547.6600433921815,-71.66862670620687,-71.66862670620687
1547.6700433921815,-71.66832108804896,-71.66832108804896
1547.6800433921815,-71.66796495615598,-71.66796495615598
1547.6900433921815,-71.66755914158767,-71.66755914158767
1547.7000433921814,-71.6671044751834,-71.6671044751834
1547.7100433921814,-71.66660178682858,-71.66660178682858
1547.7200433921814,-71.66605190476756,-71.66605190476756
1547.7300433921814,-71.66545565500874,-71.66545565500874
1547.7400433921814,-71.66481386077463,-71.66481386077463
1547.7500433921814,-71.66412734203914,-71.66412734203914
1547.7600433921814,-71.66339691508911,-71.66339691508911
1547.7700433921814,-71.66262339215585,-71.66262339215585
1547.7800433921814,-71.6618075810554,-71.6618075810554
1547.7900433921814,-71.66095028490193,-71.66095028490193
1547.8000433921814,-71.6600523018152,-71.6600523018152
1547.8100433921813,-71.6591144247004,-71.6591144247004
1547.8200433921813,-71.65813744101264,-71.65813744101264
1547.8300433921813,-71.6571221325695,-71.6571221325695
1547.8400433921813,-71.65606927538262,-71.65606927538262
1547.8500434160233,-71.65497963688954,-71.65497963688954
1547.8600434160232,-71.6538539860868,-71.6538539860868
1547.8700434160232,-71.65269307825615,-71.65269307825615
1547.8800434160232,-71.65149766474113,-71.65149766474113
1547.8900434160232,-71.65026849047021,-71.65026849047021
1547.9000434160232,-71.64900629387327,-71.64900629387327
1547.9100434160232,-71.64771180678038,-71.64771180678038
1547.9200434160232,-71.64638575436041,-71.64638575436041
1547.9300434160232,-71.6450288550923,-71.6450288550923
1547.9400434160232,-71.64364182068421,-71.64364182068421
1547.9500434160232,-71.6422253560455,-71.6422253560455
1547.9600434160232,-71.64077390864377,-71.64077390864377
1547.9700434160231,-71.63928543112583,-71.63928543112583
1547.9800434160234,-71.63775927559608,-71.63775927559608
1547.9900434160234,-71.63619543972986,-71.63619543972986
1548.0000434160233,-71.63459427849656,-71.63459427849656
1548.0100434160233,-71.63295635419682,-71.63295635419682
1548.0200434160233,-71.63128234831477,-71.63128234831477
1548.0300434160233,-71.6295730085474,-71.6295730085474
1548.0400434160233,-71.62782911681138,-71.62782911681138
1548.0500434160233,-71.62605147006676,-71.62605147006676
1548.0600434160233,-71.62424086882552,-71.62424086882552
1548.0700434160233,-71.62239811044974,-71.62239811044974
1548.0800434160233,-71.62052398523224,-71.62052398523224
1548.0900434160233,-71.61861927431701,-71.61861927431701
1548.1000434160233,-71.6166847486281,-71.6166847486281
1548.1100434160232,-71.61472116845505,-71.61472116845505
1548.1200434160232,-71.61272928340249,-71.61272928340249
1548.1300434160232,-71.61070983255735,-71.61070983255735
1548.1400434160232,-71.60866354475452,-71.60866354475452
1548.1500434160232,-71.60659113889069,-71.60659113889069
1548.1600434160232,-71.60449332423339,-71.60449332423339
1548.1700434160232,-71.60237080076749,-71.60237080076749
1548.1800434160232,-71.60022425945586,-71.60022425945586
1548.1900434160232,-71.59805438251857,-71.59805438251857
1548.2000434160232,-71.59586184368183,-71.59586184368183
1548.2100434160232,-71.59364730837449,-71.59364730837449
1548.2200434160231,-71.59141143392972,-71.59141143392972
1548.2300434160234,-71.58915486974514,-71.58915486974514
1548.2400434160234,-71.5868782574395,-71.5868782574395
1548.2500434160233,-71.58458223097747,-71.58458223097747
1548.2600434160233,-71.58226741677214,-71.58226741677214
1548.2700434160233,-71.57993443381362,-71.57993443381362
1548.2800434160233,-71.57758389374632,-71.57758389374632
1548.2900434160233,-71.57521640093918,-71.57521640093918
1548.3000434160233,-71.57283255258984,-71.57283255258984
1548.3100434160233,-71.57043293876625,-71.57043293876625
1548.3200434160233,-71.56801814249455,-71.56801814249455
1548.3300434160233,-71.56558873979968,-71.56558873979968
1548.3400434160233,-71.56314529976653,-71.56314529976653
1548.3500434160233,-71.56068838460294,-71.56068838460294
1548.3600434160232,-71.55821854966416,-71.55821854966416
1548.3700434160232,-71.55573634352864,-71.55573634352864
1548.3800434160232,-71.55324230803214,-71.55324230803214
1548.3900434160232,-71.55073697831885,-71.55073697831885
1548.4000434160232,-71.54822088287648,-71.54822088287648
1548.4100434160232,-71.54569454359721,-71.54569454359721
1548.4200434160232,-71.54315847581059,-71.54315847581059
1548.4300434160232,-71.54061318832642,-71.54061318832642
1548.4400434160232,-71.53805918348002,-71.53805918348002
1548.4500434160232,-71.53549695719194,-71.53549695719194
1548.4600434160232,-71.53292699898164,-71.53292699898164
1548.4700434160231,-71.53034979203882,-71.53034979203882
1548.4800434160234,-71.52776581325233,-71.52776581325233
1548.4900434160234,-71.52517553326612,-71.52517553326612
1548.5000434160233,-71.52257941651995,-71.52257941651995
1548.5100434160233,-71.51997792129143,-71.51997792129143
1548.5200434160233,-71.51737149973411,-71.51737149973411
1548.5300434160233,-71.51476059794909,-71.51476059794909
1548.5400434160233,-71.51214565600844,-71.51214565600844
1548.5500434160233,-71.50952710801724,-71.50952710801724
1548.5600434160233,-71.50690538213807,-71.50690538213807
1548.5700434160233,-71.50428090067456,-71.50428090067456
1548.5800434160233,-71.50165408007598,-71.50165408007598
1548.5900434160233,-71.49902533102492,-71.49902533102492
1548.6000434160233,-71.49639505846763,-71.49639505846763
1548.6100434160232,-71.49376366165028,-71.49376366165028
1548.6200434160232,-71.49113153419337,-71.49113153419337
1548.6300434160232,-71.48849906412462,-71.48849906412462
1548.6400434160232,-71.48586663393321,-71.48586663393321
1548.6500434160232,-71.48323462062156,-71.48323462062156
1548.6600434160232,-71.48060339574832,-71.48060339574832
1548.6700434160232,-71.47797332548441,-71.47797332548441
1548.6800434160232,-71.4753447706607,-71.4753447706607
1548.6900434160232,-71.47271808681246,-71.47271808681246
1548.700043439865,-71.47009361799023,-71.47009361799023
1548.710043439865,-71.4674717218081,-71.4674717218081
1548.720043439865,-71.46485273198009,-71.46485273198009
1548.730043439865,-71.46223698338805,-71.46223698338805
1548.740043439865,-71.45962480587451,-71.45962480587451
1548.750043439865,-71.4570165242816,-71.4570165242816
1548.760043439865,-71.45441245852265,-71.45441245852265
1548.770043439865,-71.45181292361995,-71.45181292361995
1548.780043439865,-71.44921822975441,-71.44921822975441
1548.790043439865,-71.44662868231885,-71.44662868231885
1548.800043439865,-71.4440445819547,-71.4440445819547
1548.810043439865,-71.44146622462954,-71.44146622462954
1548.820043439865,-71.43889390166005,-71.43889390166005
1548.8300434398652,-71.43632789978257,-71.43632789978257
1548.8400434398652,-71.43376850117562,-71.43376850117562
1548.8500434398652,-71.43121598353125,-71.43121598353125
1548.8600434398652,-71.42867062009225,-71.42867062009225
1548.8700434398652,-71.4261326797076,-71.4261326797076
1548.8800434398652,-71.42360242687677,-71.42360242687677
1548.8900434398652,-71.42108012180026,-71.42108012180026
1548.9000434398652,-71.41856602042519,-71.41856602042519
1548.9100434398651,-71.41606037448967,-71.41606037448967
1548.9200434398651,-71.41356343158208,-71.41356343158208
1548.9300434398651,-71.41107543516688,-71.41107543516688
1548.9400434398651,-71.40859662465206,-71.40859662465206
1548.950043439865,-71.40612723542336,-71.40612723542336
1548.960043439865,-71.40366749890718,-71.40366749890718
1548.970043439865,-71.40121764259052,-71.40121764259052
1548.980043439865,-71.39877789008037,-71.39877789008037
1548.990043439865,-71.39634846115389,-71.39634846115389
1549.000043439865,-71.39392957179004,-71.39392957179004
1549.010043439865,-71.39152143422844,-71.39152143422844
1549.020043439865,-71.38912425700671,-71.38912425700671
1549.030043439865,-71.38673824499581,-71.38673824499581
1549.040043439865,-71.3843635994653,-71.3843635994653
1549.050043439865,-71.38200051809703,-71.38200051809703
1549.060043439865,-71.37964919506379,-71.37964919506379
1549.070043439865,-71.37730982102843,-71.37730982102843
1549.0800434398652,-71.37498258322591,-71.37498258322591
1549.0900434398652,-71.37266766548747,-71.37266766548747
1549.1000434398652,-71.37036524827937,-71.37036524827937
1549.1100434398652,-71.36807550875935,-71.36807550875935
1549.1200434398652,-71.36579862078257,-71.36579862078257
1549.1300434398652,-71.36353475498426,-71.36353475498426
1549.1400434398652,-71.36128407878657,-71.36128407878657
1549.1500434398652,-71.35904675647004,-71.35904675647004
1549.1600434398651,-71.35682294918153,-71.35682294918153
1549.1700434398651,-71.35461281499146,-71.35461281499146
1549.1800434398651,-71.35241650892735,-71.35241650892735
1549.1900434398651,-71.3502341830069,-71.3502341830069
1549.200043439865,-71.3480659862848,-71.3480659862848
1549.210043439865,-71.34591206488736,-71.34591206488736
1549.220043439865,-71.34377256203796,-71.34377256203796
1549.230043439865,-71.34164761812221,-71.34164761812221
1549.240043439865,-71.33953737068462,-71.33953737068462
1549.250043439865,-71.33744195450494,-71.33744195450494
1549.260043439865,-71.33536150160838,-71.33536150160838
1549.270043439865,-71.33329614129812,-71.33329614129812
1549.280043439865,-71.33124600021148,-71.33124600021148
1549.290043439865,-71.3292112023331,-71.3292112023331
1549.300043439865,-71.32719186903967,-71.32719186903967
1549.310043439865,-71.32518811913708,-71.32518811913708
1549.320043439865,-71.32320006887437,-71.32320006887437
1549.3300434398652,-71.32122783200452,-71.32122783200452
1549.3400434398652,-71.31927151980214,-71.31927151980214
1549.3500434398652,-71.31733124109374,-71.31733124109374
1549.3600434398652,-71.31540710229652,-71.31540710229652
1549.3700434398652,-71.31349920743871,-71.31349920743871
1549.3800434398652,-71.31160765820474,-71.31160765820474
1549.3900434398652,-71.30973255395295,-71.30973255395295
1549.4000434398652,-71.30787399177099,-71.30787399177099
1549.4100434398651,-71.30603206646306,-71.30603206646306
1549.4200434398651,-71.30420687062407,-71.30420687062407
1549.4300434398651,-71.30239849464535,-71.30239849464535
1549.4400434398651,-71.30060702674729,-71.30060702674729
1549.450043439865,-71.29883255301007,-71.29883255301007
1549.460043439865,-71.29706893789589,-71.29706893789589
1549.470043439865,-71.29531353945042,-71.29531353945042
1549.480043439865,-71.29356511331905,-71.29356511331905
1549.490043439865,-71.29182306244218,-71.29182306244218
1549.500043439865,-71.29008715017065,-71.29008715017065
1549.510043439865,-71.28835735099767,-71.28835735099767
1549.520043439865,-71.28663376285694,-71.28663376285694
1549.530043439865,-71.28491655432508,-71.28491655432508
1549.540043439865,-71.28320593283225,-71.28320593283225
1549.550043463707,-71.28150212150535,-71.28150212150535
1549.560043463707,-71.27980536398906,-71.27980536398906
1549.570043463707,-71.2781158933823,-71.2781158933823
1549.580043463707,-71.27643394467191,-71.27643394467191
1549.590043463707,-71.2747597485611,-71.2747597485611
1549.600043463707,-71.27309353043009,-71.27309353043009
1549.610043463707,-71.27143550995412,-71.27143550995412
1549.620043463707,-71.26978590104356,-71.26978590104356
1549.630043463707,-71.26814491203281,-71.26814491203281
1549.640043463707,-71.26651274595619,-71.26651274595619
1549.6500434637069,-71.26488960083425,-71.26488960083425
1549.6600434637069,-71.26327567004213,-71.26327567004213
1549.6700434637069,-71.26167114258679,-71.26167114258679
1549.680043463707,-71.26007620341196,-71.26007620341196
1549.690043463707,-71.25849103365022,-71.25849103365022
1549.700043463707,-71.25691581086501,-71.25691581086501
1549.710043463707,-71.25535070925048,-71.25535070925048
1549.720043463707,-71.25379589981382,-71.25379589981382
1549.730043463707,-71.25225155051443,-71.25225155051443
1549.740043463707,-71.25071782642105,-71.25071782642105
1549.750043463707,-71.2491948898037,-71.2491948898037
1549.760043463707,-71.24768290023701,-71.24768290023701
1549.770043463707,-71.24618201469707,-71.24618201469707
1549.780043463707,-71.24469238762343,-71.24469238762343
1549.790043463707,-71.24321417098297,-71.24321417098297
1549.800043463707,-71.24174751431846,-71.24174751431846
1549.810043463707,-71.24029256480033,-71.24029256480033
1549.820043463707,-71.23884946726491,-71.23884946726491
1549.830043463707,-71.23741836425282,-71.23741836425282
1549.840043463707,-71.23599939602775,-71.23599939602775
1549.850043463707,-71.23459270061986,-71.23459270061986
1549.860043463707,-71.23319841383254,-71.23319841383254
1549.870043463707,-71.23181666927184,-71.23181666927184
1549.880043463707,-71.23044759836172,-71.23044759836172
1549.890043463707,-71.22909133035965,-71.22909133035965
1549.9000434637069,-71.22774799239377,-71.22774799239377
1549.9100434637069,-71.22641770943477,-71.22641770943477
1549.9200434637069,-71.22510060434637,-71.22510060434637
1549.930043463707,-71.22379679788,-71.22379679788
1549.940043463707,-71.22250640869458,-71.22250640869458
1549.950043463707,-71.22122955336735,-71.22122955336735
1549.960043463707,-71.21996634641165,-71.21996634641165
1549.970043463707,-71.2187169002635,-71.2187169002635
1549.980043463707,-71.21748132533612,-71.21748132533612
1549.990043463707,-71.2162597299956,-71.2162597299956
1550.000043463707,-71.21505222058391,-71.21505222058391
1550.010043463707,-71.2138589014335,-71.2138589014335
1550.020043463707,-71.21267987487428,-71.21267987487428
1550.030043463707,-71.21151524126229,-71.21151524126229
1550.040043463707,-71.21036509896453,-71.21036509896453
1550.050043463707,-71.20922954439034,-71.20922954439034
1550.060043463707,-71.20810867200942,-71.20810867200942
1550.070043463707,-71.20700257434342,-71.20700257434342
1550.080043463707,-71.20591134200444,-71.20591134200444
1550.090043463707,-71.20483506368228,-71.20483506368228
1550.100043463707,-71.20377382617946,-71.20377382617946
1550.110043463707,-71.20272771442873,-71.20272771442873
1550.120043463707,-71.20169681147661,-71.20169681147661
1550.130043463707,-71.20068119853323,-71.20068119853323
1550.140043463707,-71.19968095497019,-71.19968095497019
1550.1500434637069,-71.19869615833306,-71.19869615833306
1550.1600434637069,-71.1977268843661,-71.1977268843661
1550.1700434637069,-71.19677320702468,-71.19677320702468
1550.180043463707,-71.19583519847936,-71.19583519847936
1550.190043463707,-71.1949129291555,-71.1949129291555
1550.200043463707,-71.19400646771412,-71.19400646771412
1550.210043463707,-71.19311588112319,-71.19311588112319
1550.220043463707,-71.19224123460884,-71.19224123460884
1550.230043463707,-71.19138259171899,-71.19138259171899
1550.240043463707,-71.19054001432018,-71.19054001432018
1550.250043463707,-71.18971356261565,-71.18971356261565
1550.260043463707,-71.18890329517069,-71.18890329517069
1550.270043463707,-71.18810926890558,-71.18810926890558
1550.280043463707,-71.18733153916061,-71.18733153916061
1550.290043463707,-71.18657015965677,-71.18657015965677
1550.300043463707,-71.18582518254237,-71.18582518254237
1550.310043463707,-71.18509665841798,-71.18509665841798
1550.320043463707,-71.18438463632624,-71.18438463632624
1550.330043463707,-71.18368916380196,-71.18368916380196
1550.340043463707,-71.18301028684641,-71.18301028684641
1550.350043463707,-71.18234804999354,-71.18234804999354
1550.360043463707,-71.18170249629553,-71.18170249629553
1550.370043463707,-71.18107366733986,-71.18107366733986
1550.380043463707,-71.18046160328392,-71.18046160328392
1550.390043463707,-71.17986634285249,-71.17986634285249
1550.4000434875488,-71.17928792199861,-71.17928792199861
1550.4100434875488,-71.17872637946546,-71.17872637946546
1550.4200434875488,-71.17818174836758,-71.17818174836758
1550.4300434875488,-71.17765406192676,-71.17765406192676
1550.4400434875488,-71.17714335201539,-71.17714335201539
1550.4500434875488,-71.17664964917395,-71.17664964917395
1550.4600434875488,-71.1761667739657,-71.1761667739657
1550.4700434875488,-71.17569203520435,-71.17569203520435
1550.4800434875488,-71.17522413720594,-71.17522413720594
1550.4900434875487,-71.1747624307363,-71.1747624307363
1550.5000434875487,-71.17430662674772,-71.17430662674772
1550.5100434875487,-71.17385664745348,-71.17385664745348
1550.5200434875487,-71.17341253884905,-71.17341253884905
1550.530043487549,-71.1729744181124,-71.1729744181124
1550.540043487549,-71.1725424419055,-71.1725424419055
1550.550043487549,-71.17211678731114,-71.17211678731114
1550.560043487549,-71.17169764048201,-71.17169764048201
1550.570043487549,-71.17128518995271,-71.17128518995271
1550.580043487549,-71.17087962282883,-71.17087962282883
1550.5900434875489,-71.17048112268111,-71.17048112268111
1550.6000434875489,-71.17008986849196,-71.17008986849196
1550.6100434875489,-71.169706034295,-71.169706034295
1550.6200434875489,-71.16932978907725,-71.16932978907725
1550.6300434875488,-71.16896129695802,-71.16896129695802
1550.6400434875488,-71.1686007174536,-71.1686007174536
1550.6500434875488,-71.1682482057786,-71.1682482057786
1550.6600434875488,-71.16790391315962,-71.16790391315962
1550.6700434875488,-71.16756798714866,-71.16756798714866
1550.6800434875488,-71.16724057186026,-71.16724057186026
1550.6900434875488,-71.1669218082797,-71.1669218082797
1550.7000434875488,-71.16661183443182,-71.16661183443182
1550.7100434875488,-71.16631078560826,-71.16631078560826
1550.7200434875488,-71.16601879453258,-71.16601879453258
1550.7300434875488,-71.16573599147935,-71.16573599147935
1550.7400434875487,-71.16546250443301,-71.16546250443301
1550.7500434875487,-71.16519845916794,-71.16519845916794
1550.7600434875487,-71.16494397934406,-71.16494397934406
1550.7700434875487,-71.16469918659907,-71.16469918659907
1550.780043487549,-71.16446420058905,-71.16446420058905
1550.790043487549,-71.16423913905108,-71.16423913905108
1550.800043487549,-71.16402411784715,-71.16402411784715
1550.810043487549,-71.16381925101986,-71.16381925101986
1550.820043487549,-71.16362465080323,-71.16362465080323
1550.830043487549,-71.1634404276518,-71.1634404276518
1550.8400434875489,-71.16326669028048,-71.16326669028048
1550.8500434875489,-71.16310354566215,-71.16310354566215
1550.8600434875489,-71.16295109906501,-71.16295109906501
1550.8700434875489,-71.16280945405211,-71.16280945405211
1550.8800434875488,-71.16267871248523,-71.16267871248523
1550.8900434875488,-71.16255897457084,-71.16255897457084
1550.9000434875488,-71.16245033884609,-71.16245033884609
1550.9100434875488,-71.16235290216703,-71.16235290216703
1550.9200434875488,-71.16226675975433,-71.16226675975433
1550.9300434875488,-71.1621920051753,-71.1621920051753
1550.9400434875488,-71.1621287303715,-71.1621287303715
1550.9500434875488,-71.16207702563104,-71.16207702563104
1550.9600434875488,-71.16203697964191,-71.16203697964191
1550.9700434875488,-71.16200867945237,-71.16200867945237
1550.9800434875488,-71.16199221050874,-71.16199221050874
1550.9900434875487,-71.16198765664168,-71.16198765664168
1551.0000434875487,-71.16199510008589,-71.16199510008589
1551.0100434875487,-71.16201462148705,-71.16201462148705
1551.0200434875487,-71.16204629990054,-71.16204629990054
1551.030043487549,-71.16209021280197,-71.16209021280197
1551.040043487549,-71.16214643609055,-71.16214643609055
1551.050043487549,-71.16221504411045,-71.16221504411045
1551.060043487549,-71.16229610964088,-71.16229610964088
1551.070043487549,-71.16238970392196,-71.16238970392196
1551.080043487549,-71.16249589664376,-71.16249589664376
1551.0900434875489,-71.16261475598364,-71.16261475598364
1551.1000434875489,-71.16274634858124,-71.16274634858124
1551.1100434875489,-71.16289073956952,-71.16289073956952
1551.1200434875489,-71.1630479925872,-71.1630479925872
1551.1300434875488,-71.16321816976553,-71.16321816976553
1551.1400434875488,-71.16340133177228,-71.16340133177228
1551.1500434875488,-71.16359753780262,-71.16359753780262
1551.1600434875488,-71.16380684558335,-71.16380684558335
1551.1700434875488,-71.1640293114044,-71.1640293114044
1551.1800434875488,-71.16426499010794,-71.16426499010794
1551.1900434875488,-71.16451393512367,-71.16451393512367
1551.2000434875488,-71.16477619846046,-71.16477619846046
1551.2100434875488,-71.16505183072883,-71.16505183072883
1551.2200434875488,-71.16534088115077,-71.16534088115077
1551.2300434875488,-71.16564339757268,-71.16564339757268
1551.2400434875487,-71.16595942647449,-71.16595942647449
1551.2500435113907,-71.16628901377804,-71.16628901377804
1551.2600435113907,-71.16663220175217,-71.16663220175217
1551.2700435113907,-71.16698903358964,-71.16698903358964
1551.2800435113907,-71.16735955046269,-71.16735955046269
1551.2900435113906,-71.16774379223388,-71.16774379223388
1551.3000435113906,-71.16814179747634,-71.16814179747634
1551.3100435113906,-71.16855360350031,-71.16855360350031
1551.3200435113906,-71.16897924634694,-71.16897924634694
1551.3300435113906,-71.16941876081725,-71.16941876081725
1551.3400435113906,-71.1698721804827,-71.1698721804827
1551.3500435113906,-71.17033953770213,-71.17033953770213
1551.3600435113906,-71.17082086362842,-71.17082086362842
1551.3700435113906,-71.17131618821273,-71.17131618821273
1551.3800435113908,-71.17182554024905,-71.17182554024905
1551.3900435113908,-71.17234894735735,-71.17234894735735
1551.4000435113908,-71.17288643601843,-71.17288643601843
1551.4100435113908,-71.17343803157026,-71.17343803157026
1551.4200435113908,-71.17400375822689,-71.17400375822689
1551.4300435113907,-71.17458363910914,-71.17458363910914
1551.4400435113907,-71.17517769623711,-71.17517769623711
1551.4500435113907,-71.17578595054975,-71.17578595054975
1551.4600435113907,-71.17640221369302,-71.17640221369302
1551.4700435113907,-71.17702378553598,-71.17702378553598
1551.4800435113907,-71.17764936112265,-71.17764936112265
1551.4900435113907,-71.17827828168357,-71.17827828168357
1551.5000435113907,-71.17891024845092,-71.17891024845092
1551.5100435113907,-71.17954517387943,-71.17954517387943
1551.5200435113907,-71.18018309424491,-71.18018309424491
1551.5300435113907,-71.18082411714157,-71.18082411714157
1551.5400435113906,-71.18146838983638,-71.18146838983638
1551.5500435113906,-71.18211608023634,-71.18211608023634
1551.5600435113906,-71.1827673655715,-71.1827673655715
1551.5700435113906,-71.1834224257392,-71.1834224257392
1551.5800435113906,-71.18408143947978,-71.18408143947978
1551.5900435113906,-71.18474458227261,-71.18474458227261
1551.6000435113906,-71.18541202530203,-71.18541202530203
1551.6100435113906,-71.18608393505956,-71.18608393505956
1551.6200435113906,-71.18676047327587,-71.18676047327587
1551.6300435113908,-71.18744179709883,-71.18744179709883
1551.6400435113908,-71.18812805932455,-71.18812805932455
1551.6500435113908,-71.1888194086991,-71.1888194086991
1551.6600435113908,-71.18951599024102,-71.18951599024102
1551.6700435113908,-71.19021794551246,-71.19021794551246
1551.6800435113907,-71.19092541292024,-71.19092541292024
1551.6900435113907,-71.19163852794539,-71.19163852794539
1551.7000435113907,-71.19235742335553,-71.19235742335553
1551.7100435113907,-71.19308222939813,-71.19308222939813
1551.7200435113907,-71.19381307396009,-71.19381307396009
1551.7300435113907,-71.19455008272645,-71.19455008272645
1551.7400435113907,-71.19529337926672,-71.19529337926672
1551.7500435113907,-71.19604308516733,-71.19604308516733
1551.7600435113907,-71.19679932009335,-71.19679932009335
1551.7700435113907,-71.1975622018789,-71.1975622018789
1551.7800435113907,-71.19833184657587,-71.19833184657587
1551.7900435113906,-71.1991083685109,-71.1991083685109
1551.8000435113906,-71.19989188032045,-71.19989188032045
1551.8100435113906,-71.20068249299814,-71.20068249299814
1551.8200435113906,-71.20148031590557,-71.20148031590557
1551.8300435113906,-71.20228545680523,-71.20228545680523
1551.8400435113906,-71.20309802189242,-71.20309802189242
1551.8500435113906,-71.20391811580072,-71.20391811580072
1551.8600435113906,-71.20474584160402,-71.20474584160402
1551.8700435113906,-71.2055813008515,-71.2055813008515
1551.8800435113908,-71.2064245935493,-71.2064245935493
1551.8900435113908,-71.2072758182102,-71.2072758182102
1551.9000435113908,-71.20813507181181,-71.20813507181181
1551.9100435113908,-71.20900244982933,-71.20900244982933
1551.9200435113908,-71.2098780462452,-71.2098780462452
1551.9300435113907,-71.21076195354259,-71.21076195354259
1551.9400435113907,-71.21165426269803,-71.21165426269803
1551.9500435113907,-71.2125550632198,-71.2125550632198
1551.9600435113907,-71.2134644431184,-71.2134644431184
1551.9700435113907,-71.21438248892267,-71.21438248892267
1551.9800435113907,-71.2153092856911,-71.2153092856911
1551.9900435113907,-71.21624491700977,-71.21624491700977
1552.0000435113907,-71.21718946499541,-71.21718946499541
1552.0100435113907,-71.21814301029376,-71.21814301029376
1552.0200435113907,-71.21910563209399,-71.21910563209399
1552.0300435113907,-71.22007740813953,-71.22007740813953
1552.0400435113906,-71.22105841471966,-71.22105841471966
1552.0500435113906,-71.22204872668226,-71.22204872668226
1552.0600435113906,-71.22304841744258,-71.22304841744258
1552.0700435113906,-71.22405755898025,-71.22405755898025
1552.0800435113906,-71.22507622184841,-71.22507622184841
1552.0900435113906,-71.22610447519483,-71.22610447519483
1552.1000435352325,-71.22714238922302,-71.22714238922302
1552.1100435352325,-71.22819002534935,-71.22819002534935
1552.1200435352325,-71.22924745095041,-71.22924745095041
1552.1300435352325,-71.2303147295824,-71.2303147295824
1552.1400435352325,-71.23139192342725,-71.23139192342725
1552.1500435352325,-71.23247909329736,-71.23247909329736
1552.1600435352325,-71.2335762986558,-71.2335762986558
1552.1700435352325,-71.2346835976069,-71.2346835976069
1552.1800435352325,-71.2358010469138,-71.2358010469138
1552.1900435352325,-71.23692870201845,-71.23692870201845
1552.2000435352325,-71.2380666170452,-71.2380666170452
1552.2100435352324,-71.23921484480826,-71.23921484480826
1552.2200435352324,-71.24037343682387,-71.24037343682387
1552.2300435352327,-71.24154244333363,-71.24154244333363
1552.2400435352326,-71.24272191329821,-71.24272191329821
1552.2500435352326,-71.2439118944107,-71.2439118944107
1552.2600435352326,-71.24511243311088,-71.24511243311088
1552.2700435352326,-71.24632357460723,-71.24632357460723
1552.2800435352326,-71.24754536287506,-71.24754536287506
1552.2900435352326,-71.24877784067384,-71.24877784067384
1552.3000435352326,-71.25002104956477,-71.25002104956477
1552.3100435352326,-71.2512750299069,-71.2512750299069
1552.3200435352326,-71.25253982087494,-71.25253982087494
1552.3300435352326,-71.25381546049191,-71.25381546049191
1552.3400435352326,-71.25510198560687,-71.25510198560687
1552.3500435352325,-71.25639943194535,-71.25639943194535
1552.3600435352325,-71.2577078340856,-71.2577078340856
1552.3700435352325,-71.2590272254886,-71.2590272254886
1552.3800435352325,-71.2603576385219,-71.2603576385219
1552.3900435352325,-71.2616991044499,-71.2616991044499
1552.4000435352325,-71.26305165345245,-71.26305165345245
1552.4100435352325,-71.26441531465692,-71.26441531465692
1552.4200435352325,-71.26579011612107,-71.26579011612107
1552.4300435352325,-71.26717608486032,-71.26717608486032
1552.4400435352325,-71.26857324687043,-71.26857324687043
1552.4500435352325,-71.2699816271172,-71.2699816271172
1552.4600435352324,-71.27139503350666,-71.27139503350666
1552.4700435352324,-71.27281076659554,-71.27281076659554
1552.4800435352327,-71.2742275235924,-71.2742275235924
1552.4900435352326,-71.27564464836479,-71.27564464836479
1552.5000435352326,-71.2770618450048,-71.2770618450048
1552.5100435352326,-71.27847902890667,-71.27847902890667
1552.5200435352326,-71.27989623939449,-71.27989623939449
1552.5300435352326,-71.2813135871564,-71.2813135871564
1552.5400435352326,-71.28273122263529,-71.28273122263529
1552.5500435352326,-71.28414931702466,-71.28414931702466
1552.5600435352326,-71.2855680509311,-71.2855680509311
1552.5700435352326,-71.28698760774074,-71.28698760774074
1552.5800435352326,-71.28840816978771,-71.28840816978771
1552.5900435352326,-71.28982991626239,-71.28982991626239
1552.6000435352325,-71.29125302216924,-71.29125302216924
1552.6100435352325,-71.29267765793738,-71.29267765793738
1552.6200435352325,-71.29410398933766,-71.29410398933766
1552.6300435352325,-71.29553217765344,-71.29553217765344
1552.6400435352325,-71.29696237992525,-71.29696237992525
1552.6500435352325,-71.29839474924923,-71.29839474924923
1552.6600435352325,-71.29982943507117,-71.29982943507117
1552.6700435352325,-71.3012665834955,-71.3012665834955
1552.6800435352325,-71.30270633754095,-71.30270633754095
1552.6900435352325,-71.30414883737852,-71.30414883737852
1552.7000435352325,-71.305594220561,-71.305594220561
1552.7100435352324,-71.30704262220041,-71.30704262220041
1552.7200435352324,-71.3084941751083,-71.3084941751083
1552.7300435352327,-71.30994900997366,-71.30994900997366
1552.7400435352326,-71.31140725543692,-71.31140725543692
1552.7500435352326,-71.31286903822695,-71.31286903822695
1552.7600435352326,-71.3143344832194,-71.3143344832194
1552.7700435352326,-71.31580371350988,-71.31580371350988
1552.7800435352326,-71.317276850477,-71.317276850477
1552.7900435352326,-71.31875401382992,-71.31875401382992
1552.8000435352326,-71.32023532165476,-71.32023532165476
1552.8100435352326,-71.32172089042923,-71.32172089042923
1552.8200435352326,-71.32321083506491,-71.32321083506491
1552.8300435352326,-71.32470526893398,-71.32470526893398
1552.8400435352326,-71.32620430386775,-71.32620430386775
1552.8500435352325,-71.32770805018934,-71.32770805018934
1552.8600435352325,-71.32921661672322,-71.32921661672322
1552.8700435352325,-71.3307301107895,-71.3307301107895
1552.8800435352325,-71.3322486382422,-71.3322486382422
1552.8900435352325,-71.33377230344436,-71.33377230344436
1552.9000435352325,-71.33530120929193,-71.33530120929193
1552.9100435352325,-71.33683545721271,-71.33683545721271
1552.9200435352325,-71.33837514716438,-71.33837514716438
1552.9300435352325,-71.3399203776494,-71.3399203776494
1552.9400435352325,-71.34147124571217,-71.34147124571217
1552.9500435590744,-71.34302785065574,-71.34302785065574
1552.9600435590744,-71.34459027922381,-71.34459027922381
1552.9700435590744,-71.3461586277863,-71.3461586277863
1552.9800435590744,-71.34773298759028,-71.34773298759028
1552.9900435590744,-71.34931344843646,-71.34931344843646
1553.0000435590744,-71.35090009868355,-71.35090009868355
1553.0100435590743,-71.35249302526971,-71.35249302526971
1553.0200435590743,-71.35409231367652,-71.35409231367652
1553.0300435590743,-71.35569804797643,-71.35569804797643
1553.0400435590743,-71.3573103108143,-71.3573103108143
1553.0500435590743,-71.35892918341617,-71.35892918341617
1553.0600435590743,-71.36055474559565,-71.36055474559565
1553.0700435590743,-71.3621870757549,-71.3621870757549
1553.0800435590745,-71.36382625089848,-71.36382625089848
1553.0900435590745,-71.36547234664289,-71.36547234664289
1553.1000435590745,-71.36712543719993,-71.36712543719993
1553.1100435590745,-71.36878559541341,-71.36878559541341
1553.1200435590745,-71.37045289275241,-71.37045289275241
1553.1300435590745,-71.37212739931522,-71.37212739931522
1553.1400435590745,-71.37380918383975,-71.37380918383975
1553.1500435590744,-71.37549831371358,-71.37549831371358
1553.1600435590744,-71.37719485499733,-71.37719485499733
1553.1700435590744,-71.37889887240317,-71.37889887240317
1553.1800435590744,-71.38061042932105,-71.38061042932105
1553.1900435590744,-71.38232958784033,-71.38232958784033
1553.2000435590744,-71.38405640872745,-71.38405640872745
1553.2100435590744,-71.38579095146896,-71.38579095146896
1553.2200435590744,-71.38753327426902,-71.38753327426902
1553.2300435590744,-71.38928343404409,-71.38928343404409
1553.2400435590744,-71.39104148645386,-71.39104148645386
1553.2500435590744,-71.392807485907,-71.392807485907
1553.2600435590743,-71.39458148557672,-71.39458148557672
1553.2700435590743,-71.39636353739151,-71.39636353739151
1553.2800435590743,-71.3981536920668,-71.3981536920668
1553.2900435590743,-71.39995199911367,-71.39995199911367
1553.3000435590743,-71.40175850684909,-71.40175850684909
1553.3100435590743,-71.4035732623911,-71.4035732623911
1553.3200435590743,-71.40539631169716,-71.40539631169716
1553.3300435590745,-71.40722769955805,-71.40722769955805
1553.3400435590745,-71.40906746961386,-71.40906746961386
1553.3500435590745,-71.41091566437362,-71.41091566437362
1553.3600435590745,-71.41277232521544,-71.41277232521544
1553.3700435590745,-71.41463749239963,-71.41463749239963
1553.3800435590745,-71.41651120509512,-71.41651120509512
1553.3900435590745,-71.41839350137472,-71.41839350137472
1553.4000435590744,-71.42028441823533,-71.42028441823533
1553.4100435590744,-71.42218399161021,-71.42218399161021
1553.4200435590744,-71.4240922563708,-71.4240922563708
1553.4300435590744,-71.42600924635988,-71.42600924635988
1553.4400435590744,-71.42793499438999,-71.42793499438999
1553.4500435590744,-71.42986953225034,-71.42986953225034
1553.4600435590744,-71.43181289072739,-71.43181289072739
1553.4700435590744,-71.43376509962722,-71.43376509962722
1553.4800435590744,-71.43572618776955,-71.43572618776955
1553.4900435590744,-71.43769618299373,-71.43769618299373
1553.5000435590744,-71.4396751122049,-71.4396751122049
1553.5100435590743,-71.44166300134751,-71.44166300134751
1553.5200435590743,-71.44365987544498,-71.44365987544498
1553.5300435590743,-71.44566575860213,-71.44566575860213
1553.5400435590743,-71.44768067400987,-71.44768067400987
1553.5500435590743,-71.4497046439646,-71.4497046439646
1553.5600435590743,-71.45173768988127,-71.45173768988127
1553.5700435590743,-71.4537798323063,-71.4537798323063
1553.5800435590745,-71.45583109091584,-71.45583109091584
1553.5900435590745,-71.45789148453959,-71.45789148453959
1553.6000435590745,-71.45996103118007,-71.45996103118007
1553.6100435590745,-71.4620397480091,-71.4620397480091
1553.6200435590745,-71.46412765138263,-71.46412765138263
1553.6300435590745,-71.46622475684663,-71.46622475684663
1553.6400435590745,-71.46833107916919,-71.46833107916919
1553.6500435590744,-71.47044663232425,-71.47044663232425
1553.6600435590744,-71.47257142951779,-71.47257142951779
1553.6700435590744,-71.4747054832147,-71.4747054832147
1553.6800435590744,-71.47676343238051,-71.47676343238051
1553.6900435590744,-71.47872124050325,-71.47872124050325
1553.7000435590744,-71.48057288000402,-71.48057288000402
1553.7100435590744,-71.48231725267848,-71.48231725267848
1553.7200435590744,-71.48395475893271,-71.48395475893271
1553.7300435590744,-71.48548634722948,-71.48548634722948
1553.7400435590744,-71.48691322701981,-71.48691322701981
1553.7500435590744,-71.48823677023881,-71.48823677023881
1553.7600435590743,-71.4894584689711,-71.4894584689711
1553.7700435590743,-71.49057991057295,-71.49057991057295
1553.7800435590743,-71.4916027587618,-71.4916027587618
1553.7900435590743,-71.49252873733202,-71.49252873733202
1553.8000435829163,-71.49335961769557,-71.49335961769557
1553.8100435829163,-71.49409719775632,-71.49409719775632
1553.8200435829162,-71.49474330378932,-71.49474330378932
1553.8300435829162,-71.49529977141394,-71.49529977141394
1553.8400435829162,-71.4957684399414,-71.4957684399414
1553.8500435829162,-71.49615114544541,-71.49615114544541
1553.8600435829162,-71.4964497150296,-71.4964497150296
1553.8700435829162,-71.49666596219298,-71.49666596219298
1553.8800435829162,-71.49680168307027,-71.49680168307027
1553.8900435829162,-71.49685865350398,-71.49685865350398
1553.9000435829162,-71.49683862676042,-71.49683862676042
1553.9100435829162,-71.49674333183233,-71.49674333183233
1553.9200435829162,-71.49657447219009,-71.49657447219009
1553.9300435829164,-71.4963337249225,-71.4963337249225
1553.9400435829164,-71.49602274023187,-71.49602274023187
1553.9500435829164,-71.49564314115543,-71.49564314115543
1553.9600435829163,-71.49519652345833,-71.49519652345833
1553.9700435829163,-71.49468445580098,-71.49468445580098
1553.9800435829163,-71.49410847990173,-71.49410847990173
1553.9900435829163,-71.49347011090858,-71.49347011090858
1554.0000435829163,-71.49277083776657,-71.49277083776657
1554.0100435829163,-71.49201212367475,-71.49201212367475
1554.0200435829163,-71.49119540658394,-71.49119540658394
1554.0300435829163,-71.49032209970044,-71.49032209970044
1554.0400435829163,-71.489393592003,-71.489393592003
1554.0500435829163,-71.4884112487615,-71.4884112487615
1554.0600435829163,-71.48737641209274,-71.48737641209274
1554.0700435829162,-71.48629040145966,-71.48629040145966
1554.0800435829162,-71.48515451417299,-71.48515451417299
1554.0900435829162,-71.48397002589343,-71.48397002589343
1554.1000435829162,-71.48273819110993,-71.48273819110993
1554.1100435829162,-71.48146024360037,-71.48146024360037
1554.1200435829162,-71.4801373968769,-71.4801373968769
1554.1300435829162,-71.47877084460646,-71.47877084460646
1554.1400435829162,-71.47736176103531,-71.47736176103531
1554.1500435829162,-71.47591130137702,-71.47591130137702
1554.1600435829162,-71.47442060218741,-71.47442060218741
1554.1700435829162,-71.4728907817175,-71.4728907817175
1554.1800435829164,-71.47132294026675,-71.47132294026675
1554.1900435829164,-71.46971816052107,-71.46971816052107
1554.2000435829164,-71.46807750785857,-71.46807750785857
1554.2100435829163,-71.46640203065466,-71.46640203065466
1554.2200435829163,-71.46469276058153,-71.46469276058153
1554.2300435829163,-71.46295071288476,-71.46295071288476
1554.2400435829163,-71.46117688664452,-71.46117688664452
1554.2500435829163,-71.45937226506145,-71.45937226506145
1554.2600435829163,-71.45753781567413,-71.45753781567413
1554.2700435829163,-71.45567449062614,-71.45567449062614
1554.2800435829163,-71.45378322689866,-71.45378322689866
1554.2900435829163,-71.45186494653457,-71.45186494653457
1554.3000435829163,-71.449920556843,-71.449920556843
1554.3100435829163,-71.44794225768473,-71.44794225768473
1554.3200435829162,-71.44592083918118,-71.44592083918118
1554.3300435829162,-71.44384845423792,-71.44384845423792
1554.3400435829162,-71.44171887122373,-71.44171887122373
1554.3500435829162,-71.43952713946136,-71.43952713946136
1554.3600435829162,-71.43726926063857,-71.43726926063857
1554.3700435829162,-71.43494196222291,-71.43494196222291
1554.3800435829162,-71.43254255155512,-71.43254255155512
1554.3900435829162,-71.43006881926615,-71.43006881926615
1554.4000435829162,-71.42751897064065,-71.42751897064065
1554.4100435829162,-71.42489157287594,-71.42489157287594
1554.4200435829162,-71.42218551190925,-71.42218551190925
1554.4300435829164,-71.41939995556827,-71.41939995556827
1554.4400435829164,-71.4165343214203,-71.4165343214203
1554.4500435829164,-71.41358824834079,-71.41358824834079
1554.4600435829163,-71.41052877974273,-71.41052877974273
1554.4700435829163,-71.40734688044212,-71.40734688044212
1554.4800435829163,-71.4040375139598,-71.4040375139598
1554.4900435829163,-71.40059645222306,-71.40059645222306
1554.5000435829163,-71.3970199519992,-71.3970199519992
1554.5100435829163,-71.39330477344383,-71.39330477344383
1554.5200435829163,-71.38944820497372,-71.38944820497372
1554.5300435829163,-71.38544806216909,-71.38544806216909
1554.5400435829163,-71.38130266626503,-71.38130266626503
1554.5500435829163,-71.37701081008365,-71.37701081008365
1554.5600435829163,-71.37257171762793,-71.37257171762793
1554.5700435829162,-71.36798500156875,-71.36798500156875
1554.5800435829162,-71.36325062139478,-71.36325062139478
1554.5900435829162,-71.35836884380514,-71.35836884380514
1554.6000435829162,-71.35334020615839,-71.35334020615839
1554.6100435829162,-71.34816548331514,-71.34816548331514
1554.6200435829162,-71.34284565792159,-71.34284565792159
1554.6300435829162,-71.33738189392827,-71.33738189392827
1554.6400435829162,-71.33177551317743,-71.33177551317743
1554.6500436067581,-71.3260279609657,-71.3260279609657
1554.660043606758,-71.32014084215571,-71.32014084215571
1554.670043606758,-71.31411582425717,-71.31411582425717
1554.680043606758,-71.30795467653925,-71.30795467653925
1554.690043606758,-71.30165924441769,-71.30165924441769
1554.700043606758,-71.29523143836226,-71.29523143836226
1554.710043606758,-71.28867322413396,-71.28867322413396
1554.720043606758,-71.2819866141576,-71.2819866141576
1554.730043606758,-71.27517365985634,-71.27517365985634
1554.740043606758,-71.26823644485384,-71.26823644485384
1554.750043606758,-71.26117707896877,-71.26117707896877
1554.760043606758,-71.25399769284743,-71.25399769284743
1554.770043606758,-71.24670043317553,-71.24670043317553
1554.7800436067582,-71.23928745844798,-71.23928745844798
1554.7900436067582,-71.23176093515892,-71.23176093515892
1554.8000436067582,-71.22412303440552,-71.22412303440552
1554.8100436067582,-71.21637592888025,-71.21637592888025
1554.8200436067582,-71.20852179016062,-71.20852179016062
1554.8300436067582,-71.20056278628165,-71.20056278628165
1554.8400436067582,-71.19250107957333,-71.19250107957333
1554.8500436067582,-71.18433882471764,-71.18433882471764
1554.8600436067582,-71.17607816703016,-71.17607816703016
1554.8700436067581,-71.16772124090474,-71.16772124090474
1554.8800436067581,-71.159270168413,-71.159270168413
1554.8900436067581,-71.15072705808925,-71.15072705808925
1554.9000436067581,-71.14209400381036,-71.14209400381036
1554.910043606758,-71.13337308382043,-71.13337308382043
1554.920043606758,-71.12456635985113,-71.12456635985113
1554.930043606758,-71.11567587634563,-71.11567587634563
1554.940043606758,-71.10670365976438,-71.10670365976438
1554.950043606758,-71.09765171799,-71.09765171799
1554.960043606758,-71.08852203978279,-71.08852203978279
1554.970043606758,-71.07931659430407,-71.07931659430407
1554.980043606758,-71.0700373307185,-71.0700373307185
1554.990043606758,-71.06068617783858,-71.06068617783858
1555.000043606758,-71.0512650438111,-71.0512650438111
1555.010043606758,-71.04177581588301,-71.04177581588301
1555.020043606758,-71.03222036013787,-71.03222036013787
1555.0300436067582,-71.02260052136559,-71.02260052136559
1555.0400436067582,-71.01291812288244,-71.01291812288244
1555.0500436067582,-71.00317496644084,-71.00317496644084
1555.0600436067582,-70.99337283212017,-70.99337283212017
1555.0700436067582,-70.98351347828822,-70.98351347828822
1555.0800436067582,-70.97359864155284,-70.97359864155284
1555.0900436067582,-70.96363003675707,-70.96363003675707
1555.1000436067582,-70.95360935698157,-70.95360935698157
1555.1100436067582,-70.94353827355853,-70.94353827355853
1555.1200436067581,-70.93341843613807,-70.93341843613807
1555.1300436067581,-70.92325147272656,-70.92325147272656
1555.1400436067581,-70.91303898977344,-70.91303898977344
1555.1500436067581,-70.90278257221694,-70.90278257221694
1555.160043606758,-70.89248378363668,-70.89248378363668
1555.170043606758,-70.88214416631759,-70.88214416631759
1555.180043606758,-70.87176524137277,-70.87176524137277
1555.190043606758,-70.8613485088901,-70.8613485088901
1555.200043606758,-70.85089544802582,-70.85089544802582
1555.210043606758,-70.84040751718761,-70.84040751718761
1555.220043606758,-70.82988615414648,-70.82988615414648
1555.230043606758,-70.81933277621594,-70.81933277621594
1555.240043606758,-70.80874878038823,-70.80874878038823
1555.250043606758,-70.79813554351364,-70.79813554351364
1555.260043606758,-70.78749442246419,-70.78749442246419
1555.270043606758,-70.77682675428977,-70.77682675428977
1555.2800436067582,-70.76613385642202,-70.76613385642202
1555.2900436067582,-70.7554170268275,-70.7554170268275
1555.3000436067582,-70.74467754419496,-70.74467754419496
1555.3100436067582,-70.73391666813899,-70.73391666813899
1555.3200436067582,-70.72313563934762,-70.72313563934762
1555.3300436067582,-70.7123356798112,-70.7123356798112
1555.3400436067582,-70.70151799297707,-70.70151799297707
1555.3500436067582,-70.69068376395278,-70.69068376395278
1555.3600436067582,-70.67983415972171,-70.67983415972171
1555.3700436067581,-70.66897032929074,-70.66897032929074
1555.3800436067581,-70.6580934039164,-70.6580934039164
1555.3900436067581,-70.6472044972822,-70.6472044972822
1555.4000436067581,-70.6363047057115,-70.6363047057115
1555.410043606758,-70.62539510833834,-70.62539510833834
1555.420043606758,-70.61447676731404,-70.61447676731404
1555.430043606758,-70.60355072801403,-70.60355072801403
1555.440043606758,-70.59261801920898,-70.59261801920898
1555.450043606758,-70.58167965326433,-70.58167965326433
1555.460043606758,-70.5707304770787,-70.5707304770787
1555.470043606758,-70.55976878300136,-70.55976878300136
1555.480043606758,-70.5487942358253,-70.5487942358253
1555.490043606758,-70.53780712999378,-70.53780712999378
1555.5000436306,-70.52680807896833,-70.52680807896833
1555.5100436306,-70.51579797170797,-70.51579797170797
1555.5200436306,-70.5047777283726,-70.5047777283726
1555.5300436306,-70.49374835240918,-70.49374835240918
1555.5400436306,-70.48271087278533,-70.48271087278533
1555.5500436306,-70.47166632499882,-70.47166632499882
1555.5600436306,-70.46061573978768,-70.46061573978768
1555.5700436306,-70.44956013656179,-70.44956013656179
1555.5800436306,-70.43850051972312,-70.43850051972312
1555.5900436306,-70.42743787673137,-70.42743787673137
1555.6000436305999,-70.4163731772026,-70.4163731772026
1555.6100436305999,-70.40530737269786,-70.40530737269786
1555.6200436305999,-70.39424139686535,-70.39424139686535
1555.6300436306,-70.38317616576208,-70.38317616576208
1555.6400436306,-70.372112578303,-70.372112578303
1555.6500436306,-70.36105151677188,-70.36105151677188
1555.6600436306,-70.34999384728344,-70.34999384728344
1555.6700436306,-70.33894042029259,-70.33894042029259
1555.6800436306,-70.32789207103366,-70.32789207103366
1555.6900436306,-70.3168496199454,-70.3168496199454
1555.7000436306,-70.30581387307845,-70.30581387307845
1555.7100436306,-70.29478562244049,-70.29478562244049
1555.7200436306,-70.28376564634348,-70.28376564634348
1555.7300436306,-70.27275470970656,-70.27275470970656
1555.7400436306,-70.26175356434787,-70.26175356434787
1555.7500436306,-70.2507629492291,-70.2507629492291
1555.7600436306,-70.23978359072646,-70.23978359072646
1555.7700436306,-70.22881620284534,-70.22881620284534
1555.7800436306,-70.21786148743035,-70.21786148743035
1555.7900436306,-70.20692013438286,-70.20692013438286
1555.8000436306,-70.19599282183611,-70.19599282183611
1555.8100436306,-70.1850802163523,-70.1850802163523
1555.8200436306,-70.17418297308434,-70.17418297308434
1555.8300436306,-70.16330173594625,-70.16330173594625
1555.8400436306,-70.15243713778314,-70.15243713778314
1555.8500436305999,-70.1415898005274,-70.1415898005274
1555.8600436305999,-70.13076033531387,-70.13076033531387
1555.8700436305999,-70.11994934267379,-70.11994934267379
1555.8800436306,-70.10915741265288,-70.10915741265288
1555.8900436306,-70.09838512495438,-70.09838512495438
1555.9000436306,-70.08763304906375,-70.08763304906375
1555.9100436306,-70.07690174440943,-70.07690174440943
1555.9200436306,-70.06619176045689,-70.06619176045689
1555.9300436306,-70.05550363687453,-70.05550363687453
1555.9400436306,-70.04483790363629,-70.04483790363629
1555.9500436306,-70.0341950811448,-70.0341950811448
1555.9600436306,-70.02357568037894,-70.02357568037894
1555.9700436306,-70.01298020296797,-70.01298020296797
1555.9800436306,-70.00240914137548,-70.00240914137548
1555.9900436306,-69.9918629789687,-69.9918629789687
1556.0000436306,-69.98134219014614,-69.98134219014614
1556.0100436306,-69.9708472404621,-69.9708472404621
1556.0200436306,-69.9603785867321,-69.9603785867321
1556.0300436306,-69.94989556260929,-69.94989556260929
1556.0400436306,-69.93937474128879,-69.93937474128879
1556.0500436306,-69.92880441828981,-69.92880441828981
1556.0600436306,-69.9181791443959,-69.9181791443959
1556.0700436306,-69.90749683044183,-69.90749683044183
1556.0800436306,-69.8967572164768,-69.8967572164768
1556.0900436306,-69.88596103612699,-69.88596103612699
1556.1000436305999,-69.87510955076654,-69.87510955076654
1556.1100436305999,-69.86420428711718,-69.86420428711718
1556.1200436305999,-69.85324688916627,-69.85324688916627
1556.1300436306,-69.84223903532077,-69.84223903532077
1556.1400436306,-69.83118239323875,-69.83118239323875
1556.1500436306,-69.82007859647157,-69.82007859647157
1556.1600436306,-69.80892923374715,-69.80892923374715
1556.1700436306,-69.7977358454532,-69.7977358454532
1556.1800436306,-69.78649992415185,-69.78649992415185
1556.1900436306,-69.77522291715323,-69.77522291715323
1556.2000436306,-69.76390623009036,-69.76390623009036
1556.2100436306,-69.75254515738632,-69.75254515738632
1556.2200436306,-69.74113838081,-69.74113838081
1556.2300436306,-69.72968592426383,-69.72968592426383
1556.2400436306,-69.7181884227013,-69.7181884227013
1556.2500436306,-69.70664684364728,-69.70664684364728
1556.2600436306,-69.69506234286732,-69.69506234286732
1556.2700436306,-69.68343618007732,-69.68343618007732
1556.2800436306,-69.67176966866154,-69.67176966866154
1556.2900436306,-69.66006414575723,-69.66006414575723
1556.3000436306,-69.648320954645,-69.648320954645
1556.3100436306,-69.63654143453425,-69.63654143453425
1556.3200436306,-69.62472691485739,-69.62472691485739
1556.3300436306,-69.6128787121737,-69.6128787121737
1556.3400436306,-69.60099812874957,-69.60099812874957
1556.3500436544418,-69.58908642365711,-69.58908642365711
1556.3600436544418,-69.57714492615152,-69.57714492615152
1556.3700436544418,-69.56517486611617,-69.56517486611617
1556.3800436544418,-69.55317748755938,-69.55317748755938
1556.3900436544418,-69.54115402082817,-69.54115402082817
1556.4000436544418,-69.52910568309966,-69.52910568309966
1556.4100436544418,-69.51703367876395,-69.51703367876395
1556.4200436544418,-69.50493919980511,-69.50493919980511
1556.4300436544418,-69.49282342610842,-69.49282342610842
1556.4400436544418,-69.48068752571866,-69.48068752571866
1556.4500436544417,-69.46853265506905,-69.46853265506905
1556.4600436544417,-69.45635995912501,-69.45635995912501
1556.4700436544417,-69.44417057151374,-69.44417057151374
1556.480043654442,-69.4319656146177,-69.4319656146177
1556.490043654442,-69.41974619966575,-69.41974619966575
1556.500043654442,-69.40751342672903,-69.40751342672903
1556.510043654442,-69.39526838479156,-69.39526838479156
1556.520043654442,-69.38301215171894,-69.38301215171894
1556.530043654442,-69.37074579427028,-69.37074579427028
1556.540043654442,-69.35847036808306,-69.35847036808306
1556.5500436544419,-69.34618691764825,-69.34618691764825
1556.5600436544419,-69.3338964762802,-69.3338964762802
1556.5700436544419,-69.32160006609124,-69.32160006609124
1556.5800436544419,-69.30929869795716,-69.30929869795716
1556.5900436544418,-69.29699337148801,-69.29699337148801
1556.6000436544418,-69.28468507499248,-69.28468507499248
1556.6100436544418,-69.27237478544966,-69.27237478544966
1556.6200436544418,-69.2600634684789,-69.2600634684789
1556.6300436544418,-69.2477520783208,-69.2477520783208
1556.6400436544418,-69.23544155780934,-69.23544155780934
1556.6500436544418,-69.22313283837082,-69.22313283837082
1556.6600436544418,-69.21082683996676,-69.21082683996676
1556.6700436544418,-69.19852447113165,-69.19852447113165
1556.6800436544418,-69.18622662894857,-69.18622662894857
1556.6900436544418,-69.17393419904585,-69.17393419904585
1556.7000436544417,-69.16164805559846,-69.16164805559846
1556.7100436544417,-69.14936906134112,-69.14936906134112
1556.7200436544417,-69.13709806758169,-69.13709806758169
1556.730043654442,-69.12483591420762,-69.12483591420762
1556.740043654442,-69.11258342971834,-69.11258342971834
1556.750043654442,-69.10034143124517,-69.10034143124517
1556.760043654442,-69.08811072458244,-69.08811072458244
1556.770043654442,-69.07589210421328,-69.07589210421328
1556.780043654442,-69.06368635336273,-69.06368635336273
1556.790043654442,-69.05149424401311,-69.05149424401311
1556.8000436544419,-69.03931653698783,-69.03931653698783
1556.8100436544419,-69.02715398195113,-69.02715398195113
1556.8200436544419,-69.01500731750045,-69.01500731750045
1556.8300436544419,-69.00287727119317,-69.00287727119317
1556.8400436544418,-68.99076455963068,-68.99076455963068
1556.8500436544418,-68.97866988848938,-68.97866988848938
1556.8600436544418,-68.96659395261385,-68.96659395261385
1556.8700436544418,-68.95453743605398,-68.95453743605398
1556.8800436544418,-68.94250101216251,-68.94250101216251
1556.8900436544418,-68.93048534365066,-68.93048534365066
1556.9000436544418,-68.91849108264985,-68.91849108264985
1556.9100436544418,-68.90651887081691,-68.90651887081691
1556.9200436544418,-68.89456933938514,-68.89456933938514
1556.9300436544418,-68.88264310925803,-68.88264310925803
1556.9400436544418,-68.87074079109382,-68.87074079109382
1556.9500436544417,-68.85886298536133,-68.85886298536133
1556.9600436544417,-68.84701028247089,-68.84701028247089
1556.9700436544417,-68.83518326281282,-68.83518326281282
1556.980043654442,-68.82338249686863,-68.82338249686863
1556.990043654442,-68.811608545307,-68.811608545307
1557.000043654442,-68.79986195905006,-68.79986195905006
1557.010043654442,-68.78814327937555,-68.78814327937555
1557.020043654442,-68.77645303801108,-68.77645303801108
1557.030043654442,-68.76479175722858,-68.76479175722858
1557.040043654442,-68.75315994992404,-68.75315994992404
1557.0500436544419,-68.74155811972088,-68.74155811972088
1557.0600436544419,-68.72998676106498,-68.72998676106498
1557.0700436544419,-68.71844635930876,-68.71844635930876
1557.0800436544419,-68.70693739081653,-68.70693739081653
1557.0900436544418,-68.6954603230627,-68.6954603230627
1557.1000436544418,-68.68401561470672,-68.68401561470672
1557.1100436544418,-68.67260371571646,-68.67260371571646
1557.1200436544418,-68.66122506743937,-68.66122506743937
1557.1300436544418,-68.64988010272216,-68.64988010272216
1557.1400436544418,-68.6385692459836,-68.6385692459836
1557.1500436544418,-68.62729291332597,-68.62729291332597
1557.1600436544418,-68.6160515126212,-68.6160515126212
1557.1700436544418,-68.60484544361393,-68.60484544361393
1557.1800436544418,-68.59367509801515,-68.59367509801515
1557.1900436544418,-68.58254085959815,-68.58254085959815
1557.2000436782837,-68.57144307786625,-68.57144307786625
1557.2100436782837,-68.56037621189441,-68.56037621189441
1557.2200436782837,-68.54933799691518,-68.54933799691518
1557.2300436782837,-68.53832753489438,-68.53832753489438
1557.2400436782837,-68.5273445462325,-68.5273445462325
1557.2500436782836,-68.51638909338556,-68.51638909338556
1557.2600436782836,-68.50546143671428,-68.50546143671428
1557.2700436782836,-68.49456194969885,-68.49456194969885
1557.2800436782836,-68.48369106782067,-68.48369106782067
1557.2900436782836,-68.4728492577643,-68.4728492577643
1557.3000436782836,-68.46203699895129,-68.46203699895129
1557.3100436782836,-68.45125477255463,-68.45125477255463
1557.3200436782836,-68.44050305507959,-68.44050305507959
1557.3300436782838,-68.42978231476249,-68.42978231476249
1557.3400436782838,-68.41909300965521,-68.41909300965521
1557.3500436782838,-68.40843558673463,-68.40843558673463
1557.3600436782838,-68.39781048165196,-68.39781048165196
1557.3700436782838,-68.3872181188144,-68.3872181188144
1557.3800436782838,-68.37665891167805,-68.37665891167805
1557.3900436782837,-68.36613326311588,-68.36613326311588
1557.4000436782837,-68.35564156585245,-68.35564156585245
1557.4100436782837,-68.34518420290071,-68.34518420290071
1557.4200436782837,-68.33476154795409,-68.33476154795409
1557.4300436782837,-68.32437396577276,-68.32437396577276
1557.4400436782837,-68.31402181256031,-68.31402181256031
1557.4500436782837,-68.30370543626157,-68.30370543626157
1557.4600436782837,-68.29341923874686,-68.29341923874686
1557.4700436782837,-68.2831609643301,-68.2831609643301
1557.4800436782837,-68.27292969220962,-68.27292969220962
1557.4900436782837,-68.26272511758282,-68.26272511758282
1557.5000436782836,-68.25254727648161,-68.25254727648161
1557.5100436782836,-68.24239640233652,-68.24239640233652
1557.5200436782836,-68.23227284158325,-68.23227284158325
1557.5300436782836,-68.22217700283714,-68.22217700283714
1557.5400436782836,-68.21210932630174,-68.21210932630174
1557.5500436782836,-68.2020702653863,-68.2020702653863
1557.5600436782836,-68.19206027582224,-68.19206027582224
1557.5700436782836,-68.18207980930046,-68.18207980930046
1557.5800436782838,-68.1721293098899,-68.1721293098899
1557.5900436782838,-68.16220921213811,-68.16220921213811
1557.6000436782838,-68.15231994022504,-68.15231994022504
1557.6100436782838,-68.14246190765834,-68.14246190765834
1557.6200436782838,-68.13263551740866,-68.13263551740866
1557.6300436782838,-68.1228411621612,-68.1228411621612
1557.6400436782837,-68.11307922468407,-68.11307922468407
1557.6500436782837,-68.10335007825994,-68.10335007825994
1557.6600436782837,-68.0936540870992,-68.0936540870992
1557.6700436782837,-68.08399160672573,-68.08399160672573
1557.6800436782837,-68.07436298435766,-68.07436298435766
1557.6900436782837,-68.06476855922753,-68.06476855922753
1557.7000436782837,-68.05520866291698,-68.05520866291698
1557.7100436782837,-68.04568361961134,-68.04568361961134
1557.7200436782837,-68.03619374635977,-68.03619374635977
1557.7300436782837,-68.02673935327543,-68.02673935327543
1557.7400436782837,-68.01732074375134,-68.01732074375134
1557.7500436782836,-68.00793821464684,-68.00793821464684
1557.7600436782836,-67.99859205641228,-67.99859205641228
1557.7700436782836,-67.98928255326432,-67.98928255326432
1557.7800436782836,-67.98000998331132,-67.98000998331132
1557.7900436782836,-67.97077461865136,-67.97077461865136
1557.8000436782836,-67.96157672551898,-67.96157672551898
1557.8100436782836,-67.95241656433605,-67.95241656433605
1557.8200436782836,-67.94329438984089,-67.94329438984089
1557.8300436782838,-67.93421045116925,-67.93421045116925
1557.8400436782838,-67.92516499194151,-67.92516499194151
1557.8500436782838,-67.91615825030631,-67.91615825030631
1557.8600436782838,-67.90719045905587,-67.90719045905587
1557.8700436782838,-67.89826184566876,-67.89826184566876
1557.8800436782838,-67.88937263239688,-67.88937263239688
1557.8900436782837,-67.88052303630694,-67.88052303630694
1557.9000436782837,-67.87171326935874,-67.87171326935874
1557.9100436782837,-67.86294353846175,-67.86294353846175
1557.9200436782837,-67.85421404553854,-67.85421404553854
1557.9300436782837,-67.84552498757894,-67.84552498757894
1557.9400436782837,-67.83687655669209,-67.83687655669209
1557.9500436782837,-67.82826894017093,-67.82826894017093
1557.9600436782837,-67.81970232055441,-67.81970232055441
1557.9700436782837,-67.81117687565875,-67.81117687565875
1557.9800436782837,-67.80269277865733,-67.80269277865733
1557.9900436782837,-67.79425019812058,-67.79425019812058
1558.0000436782836,-67.78584929806054,-67.78584929806054
1558.0100436782836,-67.77749023801792,-67.77749023801792
1558.0200436782836,-67.76917317307397,-67.76917317307397
1558.0300436782836,-67.76089825393079,-67.76089825393079
1558.0400436782836,-67.75266562694404,-67.75266562694404
1558.0500437021255,-67.74447541470141,-67.74447541470141
1558.0600437021255,-67.73632779415333,-67.73632779415333
1558.0700437021255,-67.72822287933897,-67.72822287933897
1558.0800437021255,-67.72016079979329,-67.72016079979329
1558.0900437021255,-67.71214168097274,-67.71214168097274
1558.1000437021255,-67.70416564429452,-67.70416564429452
1558.1100437021255,-67.69623280720275,-67.69623280720275
1558.1200437021255,-67.68834328321365,-67.68834328321365
1558.1300437021255,-67.68049718196494,-67.68049718196494
1558.1400437021255,-67.67269460925556,-67.67269460925556
1558.1500437021255,-67.66493566712279,-67.66493566712279
1558.1600437021254,-67.65722045385753,-67.65722045385753
1558.1700437021254,-67.64954906408013,-67.64954906408013
1558.1800437021257,-67.64192158876972,-67.64192158876972
1558.1900437021256,-67.63433811532879,-67.63433811532879
1558.2000437021256,-67.62679872762239,-67.62679872762239
1558.2100437021256,-67.61929762720261,-67.61929762720261
1558.2200437021256,-67.61183232896754,-67.61183232896754
1558.2300437021256,-67.60440167275318,-67.60440167275318
1558.2400437021256,-67.5970051114196,-67.5970051114196
1558.2500437021256,-67.58964243842352,-67.58964243842352
1558.2600437021256,-67.58231364580797,-67.58231364580797
1558.2700437021256,-67.5750188406428,-67.5750188406428
1558.2800437021256,-67.56775819472844,-67.56775819472844
1558.2900437021256,-67.5605319142447,-67.5605319142447
1558.3000437021255,-67.55334022156116,-67.55334022156116
1558.3100437021255,-67.54618334441217,-67.54618334441217
1558.3200437021255,-67.53906150958066,-67.53906150958066
1558.3300437021255,-67.53197493929159,-67.53197493929159
1558.3400437021255,-67.52492384932849,-67.52492384932849
1558.3500437021255,-67.51790844812334,-67.51790844812334
1558.3600437021255,-67.51092893647719,-67.51092893647719
1558.3700437021255,-67.50398550758771,-67.50398550758771
1558.3800437021255,-67.49707834731294,-67.49707834731294
1558.3900437021255,-67.49020763451608,-67.49020763451608
1558.4000437021255,-67.48337354143194,-67.48337354143194
1558.4100437021254,-67.47657623404794,-67.47657623404794
1558.4200437021254,-67.46981587247544,-67.46981587247544
1558.4300437021257,-67.46309261128467,-67.46309261128467
1558.4400437021256,-67.45640659982534,-67.45640659982534
1558.4500437021256,-67.44975798248585,-67.44975798248585
1558.4600437021256,-67.44314689895779,-67.44314689895779
1558.4700437021256,-67.43657348443749,-67.43657348443749
1558.4800437021256,-67.43003786984177,-67.43003786984177
1558.4900437021256,-67.42354018196316,-67.42354018196316
1558.5000437021256,-67.41708054362589,-67.41708054362589
1558.5100437021256,-67.41065907382297,-67.41065907382297
1558.5200437021256,-67.40427588783861,-67.40427588783861
1558.5300437021256,-67.3979310973384,-67.3979310973384
1558.5400437021256,-67.39162481047462,-67.39162481047462
1558.5500437021255,-67.38535713198945,-67.38535713198945
1558.5600437021255,-67.37912816325446,-67.37912816325446
1558.5700437021255,-67.37293800235179,-67.37293800235179
1558.5800437021255,-67.36678674415862,-67.36678674415862
1558.5900437021255,-67.36067448037771,-67.36067448037771
1558.6000437021255,-67.35460129960855,-67.35460129960855
1558.6100437021255,-67.34856728738782,-67.34856728738782
1558.6200437021255,-67.34257252623559,-67.34257252623559
1558.6300437021255,-67.33661709570117,-67.33661709570117
1558.6400437021255,-67.3307010723955,-67.3307010723955
1558.6500437021255,-67.32482453005767,-67.32482453005767
1558.6600437021254,-67.3189875395508,-67.3189875395508
1558.6700437021254,-67.31319016893048,-67.31319016893048
1558.6800437021257,-67.30743248346198,-67.30743248346198
1558.6900437021256,-67.30171454566523,-67.30171454566523
1558.7000437021256,-67.29603641534428,-67.29603641534428
1558.7100437021256,-67.29039229910774,-67.29039229910774
1558.7200437021256,-67.28477970129089,-67.28477970129089
1558.7300437021256,-67.27919744498185,-67.27919744498185
1558.7400437021256,-67.27364496365483,-67.27364496365483
1558.7500437021256,-67.26812203011895,-67.26812203011895
1558.7600437021256,-67.26262861530984,-67.26262861530984
1558.7700437021256,-67.25716480519486,-67.25716480519486
1558.7800437021256,-67.25173075077376,-67.25173075077376
1558.7900437021256,-67.24632663790214,-67.24632663790214
1558.8000437021255,-67.24095266922816,-67.24095266922816
1558.8100437021255,-67.23560905340752,-67.23560905340752
1558.8200437021255,-67.23029599881667,-67.23029599881667
1558.8300437021255,-67.22501370997647,-67.22501370997647
1558.8400437021255,-67.21976238564577,-67.21976238564577
1558.8500437021255,-67.21454221793078,-67.21454221793078
1558.8600437021255,-67.20935339195222,-67.20935339195222
1558.8700437021255,-67.20419608589667,-67.20419608589667
1558.8800437021255,-67.19907047125406,-67.19907047125406
1558.8900437021255,-67.1939767131264,-67.1939767131264
1558.9000437259674,-67.18891495854511,-67.18891495854511
1558.9100437259674,-67.183885385112,-67.183885385112
1558.9200437259674,-67.17888812879507,-67.17888812879507
1558.9300437259674,-67.17392333272193,-67.17392333272193
1558.9400437259674,-67.1689911353302,-67.1689911353302
1558.9500437259674,-67.16409167061298,-67.16409167061298
1558.9600437259674,-67.15921922936101,-67.15921922936101
1558.9700437259673,-67.1543713921947,-67.1543713921947
1558.9800437259673,-67.1495470545001,-67.1495470545001
1558.9900437259673,-67.1447457196152,-67.1447457196152
1559.0000437259673,-67.13996722844881,-67.13996722844881
1559.0100437259673,-67.13521161870945,-67.13521161870945
1559.0200437259673,-67.1304790420785,-67.1304790420785
1559.0300437259675,-67.12576971440734,-67.12576971440734
1559.0400437259675,-67.12108388569244,-67.12108388569244
1559.0500437259675,-67.11642182208071,-67.11642182208071
1559.0600437259675,-67.11178379517922,-67.11178379517922
1559.0700437259675,-67.10717007580406,-67.10717007580406
1559.0800437259675,-67.10258093043656,-67.10258093043656
1559.0900437259675,-67.09801661935599,-67.09801661935599
1559.1000437259675,-67.09347739574443,-67.09347739574443
1559.1100437259674,-67.08896350538458,-67.08896350538458
1559.1200437259674,-67.08447518671836,-67.08447518671836
1559.1300437259674,-67.08001267106934,-67.08001267106934
1559.1400437259674,-67.07557618297791,-67.07557618297791
1559.1500437259674,-67.07116594054965,-67.07116594054965
1559.1600437259674,-67.06678215582306,-67.06678215582306
1559.1700437259674,-67.0624250351347,-67.0624250351347
1559.1800437259674,-67.05809477940089,-67.05809477940089
1559.1900437259674,-67.05379158444191,-67.05379158444191
1559.2000437259674,-67.04951564123336,-67.04951564123336
1559.2100437259674,-67.04526713611828,-67.04526713611828
1559.2200437259673,-67.04104625103211,-67.04104625103211
1559.2300437259673,-67.03685316365343,-67.03685316365343
1559.2400437259673,-67.03268804757644,-67.03268804757644
1559.2500437259673,-67.02855107244844,-67.02855107244844
1559.2600437259673,-67.02444240407654,-67.02444240407654
1559.2700437259673,-67.02036220452472,-67.02036220452472
1559.2800437259675,-67.01631063223,-67.01631063223
1559.2900437259675,-67.01228784206275,-67.01228784206275
1559.3000437259675,-67.00829398539386,-67.00829398539386
1559.3100437259675,-67.00432921016824,-67.00432921016824
1559.3200437259675,-67.00039366097369,-67.00039366097369
1559.3300437259675,-66.99648747905549,-66.99648747905549
1559.3400437259675,-66.99261080239805,-66.99261080239805
1559.3500437259675,-66.98876376574984,-66.98876376574984
1559.3600437259674,-66.98494650065201,-66.98494650065201
1559.3700437259674,-66.98115913550807,-66.98115913550807
1559.3800437259674,-66.97740179558572,-66.97740179558572
1559.3900437259674,-66.97367460306525,-66.97367460306525
1559.4000437259674,-66.96997767705898,-66.96997767705898
1559.4100437259674,-66.96631113365984,-66.96631113365984
1559.4200437259674,-66.96267508594458,-66.96267508594458
1559.4300437259674,-66.95906964401979,-66.95906964401979
1559.4400437259674,-66.9554949150355,-66.9554949150355
1559.4500437259674,-66.95195100323612,-66.95195100323612
1559.4600437259674,-66.94843800995955,-66.94843800995955
1559.4700437259673,-66.94495603366884,-66.94495603366884
1559.4800437259673,-66.94150516999025,-66.94150516999025
1559.4900437259673,-66.93808551173254,-66.93808551173254
1559.5000437259673,-66.93469714890362,-66.93469714890362
1559.5100437259673,-66.93134016875678,-66.93134016875678
1559.5200437259673,-66.92801465579215,-66.92801465579215
1559.5300437259675,-66.92472069179595,-66.92472069179595
1559.5400437259675,-66.92145835587782,-66.92145835587782
1559.5500437259675,-66.91822772447537,-66.91822772447537
1559.5600437259675,-66.91502887138809,-66.91502887138809
1559.5700437259675,-66.91186186780648,-66.91186186780648
1559.5800437259675,-66.90872678234092,-66.90872678234092
1559.5900437259675,-66.90562368103974,-66.90562368103974
1559.6000437259675,-66.90255262743005,-66.90255262743005
1559.6100437259674,-66.899513682525,-66.899513682525
1559.6200437259674,-66.89650690487055,-66.89650690487055
1559.6300437259674,-66.89353235056676,-66.89353235056676
1559.6400437259674,-66.89059007327533,-66.89059007327533
1559.6500437259674,-66.88767206082643,-66.88767206082643
1559.6600437259674,-66.88476901677623,-66.88476901677623
1559.6700437259674,-66.88187293841487,-66.88187293841487
1559.6800437259674,-66.87897734958098,-66.87897734958098
1559.6900437259674,-66.87607698586041,-66.87607698586041
1559.7000437259674,-66.87316748498111,-66.87316748498111
1559.7100437259674,-66.87023935847692,-66.87023935847692
1559.7200437259673,-66.86728694653439,-66.86728694653439
1559.7300437259673,-66.86430635914655,-66.86430635914655
1559.7400437259673,-66.86129470690867,-66.86129470690867
1559.7500437498093,-66.85824977454592,-66.85824977454592
1559.7600437498093,-66.8551698687366,-66.8551698687366
1559.7700437498092,-66.85205365784003,-66.85205365784003
1559.7800437498092,-66.84890012084227,-66.84890012084227
1559.7900437498092,-66.84570848375668,-66.84570848375668
1559.8000437498092,-66.84247817819852,-66.84247817819852
1559.8100437498092,-66.83920880991231,-66.83920880991231
1559.8200437498092,-66.8359001340548,-66.8359001340548
1559.8300437498092,-66.83255203526902,-66.83255203526902
1559.8400437498092,-66.82916451125625,-66.82916451125625
1559.8500437498092,-66.82573765898864,-66.82573765898864
1559.8600437498092,-66.82227166298213,-66.82227166298213
1559.8700437498092,-66.81876678515621,-66.81876678515621
1559.8800437498094,-66.81522335604765,-66.81522335604765
1559.8900437498094,-66.81164176712451,-66.81164176712451
1559.9000437498094,-66.80802246396922,-66.80802246396922
1559.9100437498093,-66.80436594029409,-66.80436594029409
1559.9200437498093,-66.8006727325759,-66.8006727325759
1559.9300437498093,-66.79694341532232,-66.79694341532232
1559.9400437498093,-66.79317859676898,-66.79317859676898
1559.9500437498093,-66.78937891507091,-66.78937891507091
1559.9600437498093,-66.78554503484588,-66.78554503484588
1559.9700437498093,-66.78167764407279,-66.78167764407279
1559.9800437498093,-66.7777774512863,-66.7777774512863
1559.9900437498093,-66.77384518303504,-66.77384518303504
1560.0000437498093,-66.7698815815765,-66.7698815815765
1560.0100437498093,-66.76588740278001,-66.76588740278001
1560.0200437498092,-66.76186341424761,-66.76186341424761
1560.0300437498092,-66.7578103935395,-66.7578103935395
1560.0400437498092,-66.75372912663218,-66.75372912663218
1560.0500437498092,-66.74962040645222,-66.74962040645222
1560.0600437498092,-66.74548503156556,-66.74548503156556
1560.0700437498092,-66.74132380498041,-66.74132380498041
1560.0800437498092,-66.73713753301016,-66.73713753301016
1560.0900437498092,-66.73292702429488,-66.73292702429488
1560.1000437498092,-66.72869308884475,-66.72869308884475
1560.1100437498092,-66.7244365371997,-66.7244365371997
1560.1200437498092,-66.72015817965529,-66.72015817965529
1560.1300437498094,-66.7158588255113,-66.7158588255113
1560.1400437498094,-66.7115392824434,-66.7115392824434
1560.1500437498094,-66.70720035587684,-66.70720035587684
1560.1600437498093,-66.70284284842566,-66.70284284842566
1560.1700437498093,-66.69846755938472,-66.69846755938472
1560.1800437498093,-66.694075284258,-66.694075284258
1560.1900437498093,-66.6896668143213,-66.6896668143213
1560.2000437498093,-66.68524293621986,-66.68524293621986
1560.2100437498093,-66.68080443160142,-66.68080443160142
1560.2200437498093,-66.67635207679214,-66.67635207679214
1560.2300437498093,-66.67188664247564,-66.67188664247564
1560.2400437498093,-66.66740889341501,-66.66740889341501
1560.2500437498093,-66.66291958819835,-66.66291958819835
1560.2600437498093,-66.65841947900162,-66.65841947900162
1560.2700437498092,-66.65390931137252,-66.65390931137252
1560.2800437498092,-66.64938982403666,-66.64938982403666
1560.2900437498092,-66.64486174872115,-66.64486174872115
1560.3000437498092,-66.64032580999945,-66.64032580999945
1560.3100437498092,-66.63578272513615,-66.63578272513615
1560.3200437498092,-66.63123320396758,-66.63123320396758
1560.3300437498092,-66.62667794878048,-66.62667794878048
1560.3400437498092,-66.62211765421665,-66.62211765421665
1560.3500437498092,-66.61755300717083,-66.61755300717083
1560.3600437498092,-66.61298468672717,-66.61298468672717
1560.3700437498092,-66.60841336408046,-66.60841336408046
1560.3800437498094,-66.60383970246897,-66.60383970246897
1560.3900437498094,-66.5992643571498,-66.5992643571498
1560.4000437498094,-66.59468797533242,-66.59468797533242
1560.4100437498093,-66.59011119615349,-66.59011119615349
1560.4200437498093,-66.58553465066623,-66.58553465066623
1560.4300437498093,-66.58095896179746,-66.58095896179746
1560.4400437498093,-66.57638474436801,-66.57638474436801
1560.4500437498093,-66.57181260504188,-66.57181260504188
1560.4600437498093,-66.56723735552681,-66.56723735552681
1560.4700437498093,-66.56265706341011,-66.56265706341011
1560.4800437498093,-66.5580710954942,-66.5580710954942
1560.4900437498093,-66.55347941722472,-66.55347941722472
1560.5000437498093,-66.54888232457516,-66.54888232457516
1560.5100437498093,-66.54428030423652,-66.54428030423652
1560.5200437498092,-66.53967395138508,-66.53967395138508
1560.5300437498092,-66.5350639201382,-66.5350639201382
1560.5400437498092,-66.53045089367942,-66.53045089367942
1560.5500437498092,-66.52583556634644,-66.52583556634644
1560.5600437498092,-66.5212186329781,-66.5212186329781
1560.5700437498092,-66.51660078266525,-66.51660078266525
1560.5800437498092,-66.51198269524464,-66.51198269524464
1560.5900437498092,-66.50736503939419,-66.50736503939419
1560.6000437736511,-66.50274846078852,-66.50274846078852
1560.6100437736511,-66.4981336257735,-66.4981336257735
1560.620043773651,-66.49352115545476,-66.49352115545476
1560.630043773651,-66.48891166995047,-66.48891166995047
1560.640043773651,-66.48430577772871,-66.48430577772871
1560.650043773651,-66.47970407600234,-66.47970407600234
1560.660043773651,-66.47510715112878,-66.47510715112878
1560.670043773651,-66.4705155789629,-66.4705155789629
1560.680043773651,-66.46592992523601,-66.46592992523601
1560.690043773651,-66.46135074588157,-66.46135074588157
1560.700043773651,-66.45677858730781,-66.45677858730781
1560.710043773651,-66.45221398670463,-66.45221398670463
1560.720043773651,-66.44765747226228,-66.44765747226228
1560.7300437736512,-66.4431095633928,-66.4431095633928
1560.7400437736512,-66.43857077092919,-66.43857077092919
1560.7500437736512,-66.43404159730817,-66.43404159730817
1560.7600437736512,-66.42952253673296,-66.42952253673296
1560.7700437736512,-66.42501407531746,-66.42501407531746
1560.7800437736512,-66.42051669122768,-66.42051669122768
1560.7900437736512,-66.41603085481269,-66.41603085481269
1560.8000437736512,-66.41155702870687,-66.41155702870687
1560.8100437736512,-66.40709566795002,-66.40709566795002
1560.8200437736512,-66.40264722009796,-66.40264722009796
1560.8300437736511,-66.39821212530921,-66.39821212530921
1560.8400437736511,-66.39379081643364,-66.39379081643364
1560.8500437736511,-66.38938371912236,-66.38938371912236
1560.8600437736511,-66.38499125189225,-66.38499125189225
1560.870043773651,-66.38061382621443,-66.38061382621443
1560.880043773651,-66.3762518466032,-66.3762518466032
1560.890043773651,-66.37190571068781,-66.37190571068781
1560.900043773651,-66.3675758092974,-66.3675758092974
1560.910043773651,-66.36326252651153,-66.36326252651153
1560.920043773651,-66.35896623977432,-66.35896623977432
1560.930043773651,-66.35468731991851,-66.35468731991851
1560.940043773651,-66.3504261312878,-66.3504261312878
1560.950043773651,-66.34618303177206,-66.34618303177206
1560.960043773651,-66.34195837289576,-66.34195837289576
1560.970043773651,-66.33775249987951,-66.33775249987951
1560.9800437736512,-66.33356575171072,-66.33356575171072
1560.9900437736512,-66.32939846122495,-66.32939846122495
1561.0000437736512,-66.3252509551452,-66.3252509551452
1561.0100437736512,-66.32112355419183,-66.32112355419183
1561.0200437736512,-66.31701657311027,-66.31701657311027
1561.0300437736512,-66.31293032075797,-66.31293032075797
1561.0400437736512,-66.30886510017358,-66.30886510017358
1561.0500437736512,-66.3048212086556,-66.3048212086556
1561.0600437736512,-66.30079893777834,-66.30079893777834
1561.0700437736512,-66.29679857352768,-66.29679857352768
1561.0800437736511,-66.2928203963131,-66.2928203963131
1561.0900437736511,-66.28886468106232,-66.28886468106232
1561.1000437736511,-66.28493169727437,-66.28493169727437
1561.1100437736511,-66.28102170908993,-66.28102170908993
1561.120043773651,-66.27713497535227,-66.27713497535227
1561.130043773651,-66.27327174968046,-66.27327174968046
1561.140043773651,-66.26943228051448,-66.26943228051448
1561.150043773651,-66.2656168112067,-66.2656168112067
1561.160043773651,-66.26182558006256,-66.26182558006256
1561.170043773651,-66.25805882041132,-66.25805882041132
1561.180043773651,-66.25431676067659,-66.25431676067659
1561.190043773651,-66.25059962441684,-66.25059962441684
1561.200043773651,-66.24690763041451,-66.24690763041451
1561.210043773651,-66.24324099272076,-66.24324099272076
1561.220043773651,-66.23959992071842,-66.23959992071842
1561.2300437736512,-66.23598461918247,-66.23598461918247
1561.2400437736512,-66.23239528834556,-66.23239528834556
1561.2500437736512,-66.22883212395912,-66.22883212395912
1561.2600437736512,-66.22529531734183,-66.22529531734183
1561.2700437736512,-66.22178505544872,-66.22178505544872
1561.2800437736512,-66.21830152091661,-66.21830152091661
1561.2900437736512,-66.21484489214639,-66.21484489214639
1561.3000437736512,-66.21141534332304,-66.21141534332304
1561.3100437736512,-66.20801304451584,-66.20801304451584
1561.3200437736512,-66.2046381616952,-66.2046381616952
1561.3300437736511,-66.20129085682434,-66.20129085682434
1561.3400437736511,-66.19797128787593,-66.19797128787593
1561.3500437736511,-66.19467960892807,-66.19467960892807
1561.3600437736511,-66.19141597018148,-66.19141597018148
1561.370043773651,-66.1881805180402,-66.1881805180402
1561.380043773651,-66.18497339514306,-66.18497339514306
1561.390043773651,-66.181794740443,-66.181794740443
1561.400043773651,-66.17864468923294,-66.17864468923294
1561.410043773651,-66.17552337320171,-66.17552337320171
1561.420043773651,-66.17243092050501,-66.17243092050501
1561.430043773651,-66.1693674557963,-66.1693674557963
1561.440043773651,-66.16633310028806,-66.16633310028806
1561.450043797493,-66.16332796463479,-66.16332796463479
1561.460043797493,-66.16035217768938,-66.16035217768938
1561.470043797493,-66.15740584336683,-66.15740584336683
1561.480043797493,-66.15448906957927,-66.15448906957927
1561.490043797493,-66.15160196103729,-66.15160196103729
1561.500043797493,-66.14874461928953,-66.14874461928953
1561.510043797493,-66.14591714277051,-66.14591714277051
1561.520043797493,-66.1431196268508,-66.1431196268508
1561.530043797493,-66.14035216387825,-66.14035216387825
1561.540043797493,-66.13761484322431,-66.13761484322431
1561.550043797493,-66.13490775131959,-66.13490775131959
1561.5600437974929,-66.13223097171635,-66.13223097171635
1561.5700437974929,-66.12958458511989,-66.12958458511989
1561.580043797493,-66.1269686694195,-66.1269686694195
1561.590043797493,-66.12438329975078,-66.12438329975078
1561.600043797493,-66.12182854852891,-66.12182854852891
1561.610043797493,-66.11930448548324,-66.11930448548324
1561.620043797493,-66.11681117771576,-66.11681117771576
1561.630043797493,-66.11434868971213,-66.11434868971213
1561.640043797493,-66.11191708339905,-66.11191708339905
1561.650043797493,-66.10951641819562,-66.10951641819562
1561.660043797493,-66.10714675102051,-66.10714675102051
1561.670043797493,-66.10480813635154,-66.10480813635154
1561.680043797493,-66.10250062626957,-66.10250062626957
1561.690043797493,-66.10022427046289,-66.10022427046289
1561.700043797493,-66.09797911630041,-66.09797911630041
1561.710043797493,-66.09576520884714,-66.09576520884714
1561.720043797493,-66.09358259089407,-66.09358259089407
1561.730043797493,-66.09143130301781,-66.09143130301781
1561.740043797493,-66.08931138358327,-66.08931138358327
1561.750043797493,-66.08722286881432,-66.08722286881432
1561.760043797493,-66.0851657927894,-66.0851657927894
1561.770043797493,-66.08314018749975,-66.08314018749975
1561.780043797493,-66.08114608286941,-66.08114608286941
1561.790043797493,-66.07918350680384,-66.07918350680384
1561.800043797493,-66.0772524851986,-66.0772524851986
1561.8100437974929,-66.0753530419887,-66.0753530419887
1561.8200437974929,-66.07348519916813,-66.07348519916813
1561.830043797493,-66.07164897683693,-66.07164897683693
1561.840043797493,-66.06984439320611,-66.06984439320611
1561.850043797493,-66.06807146464487,-66.06807146464487
1561.860043797493,-66.06633020571279,-66.06633020571279
1561.870043797493,-66.06462062916584,-66.06462062916584
1561.880043797493,-66.06294274602256,-66.06294274602256
1561.890043797493,-66.06129656554693,-66.06129656554693
1561.900043797493,-66.05968209531012,-66.05968209531012
1561.910043797493,-66.05809934121886,-66.05809934121886
1561.920043797493,-66.05654830750663,-66.05654830750663
1561.930043797493,-66.0550289967929,-66.0550289967929
1561.940043797493,-66.05354141010429,-66.05354141010429
1561.950043797493,-66.05208554689534,-66.05208554689534
1561.960043797493,-66.05066140506528,-66.05066140506528
1561.970043797493,-66.04926898100851,-66.04926898100851
1561.980043797493,-66.04790826960694,-66.04790826960694
1561.990043797493,-66.04657926427416,-66.04657926427416
1562.000043797493,-66.04528195697874,-66.04528195697874
1562.010043797493,-66.04401633826798,-66.04401633826798
1562.020043797493,-66.04278239727742,-66.04278239727742
1562.030043797493,-66.04158012177317,-66.04158012177317
1562.040043797493,-66.04040949815662,-66.04040949815662
1562.050043797493,-66.0392705115087,-66.0392705115087
1562.0600437974929,-66.03816314558593,-66.03816314558593
1562.0700437974929,-66.03708738286895,-66.03708738286895
1562.080043797493,-66.03604320454906,-66.03604320454906
1562.090043797493,-66.03503059058596,-66.03503059058596
1562.100043797493,-66.03404951971086,-66.03404951971086
1562.110043797493,-66.0330999694462,-66.0330999694462
1562.120043797493,-66.03218191612882,-66.03218191612882
1562.130043797493,-66.03129533492874,-66.03129533492874
1562.140043797493,-66.03044019987058,-66.03044019987058
1562.150043797493,-66.02961648384814,-66.02961648384814
1562.160043797493,-66.02882415865366,-66.02882415865366
1562.170043797493,-66.0280631949811,-66.0280631949811
1562.180043797493,-66.02733356245501,-66.02733356245501
1562.190043797493,-66.02663522966009,-66.02663522966009
1562.200043797493,-66.0259681641291,-66.0259681641291
1562.210043797493,-66.02533233239045,-66.02533233239045
1562.220043797493,-66.02472769996756,-66.02472769996756
1562.230043797493,-66.02415423139477,-66.02415423139477
1562.240043797493,-66.02361189025028,-66.02361189025028
1562.250043797493,-66.02310063916121,-66.02310063916121
1562.260043797493,-66.02262043981946,-66.02262043981946
1562.270043797493,-66.02217125300419,-66.02217125300419
1562.280043797493,-66.02175303859117,-66.02175303859117
1562.290043797493,-66.02136575557344,-66.02136575557344
1562.3000438213348,-66.02100936124464,-66.02100936124464
1562.3100438213348,-66.02068381463322,-66.02068381463322
1562.3200438213348,-66.02038907123243,-66.02038907123243
1562.3300438213348,-66.02012508666553,-66.02012508666553
1562.3400438213348,-66.0198918157263,-66.0198918157263
1562.3500438213348,-66.01968921242114,-66.01968921242114
1562.3600438213348,-66.01951722998317,-66.01951722998317
1562.3700438213348,-66.01937582087118,-66.01937582087118
1562.3800438213348,-66.01926493678359,-66.01926493678359
1562.3900438213348,-66.01918452869684,-66.01918452869684
1562.4000438213347,-66.01913454685074,-66.01913454685074
1562.4100438213347,-66.01911494077844,-66.01911494077844
1562.4200438213347,-66.01912565930765,-66.01912565930765
1562.430043821335,-66.01916665059507,-66.01916665059507
1562.440043821335,-66.01923786210618,-66.01923786210618
1562.450043821335,-66.01933924065612,-66.01933924065612
1562.460043821335,-66.01947073241205,-66.01947073241205
1562.470043821335,-66.01963228289625,-66.01963228289625
1562.480043821335,-66.01982383701493,-66.01982383701493
1562.490043821335,-66.02004533906178,-66.02004533906178
1562.5000438213349,-66.0202967327242,-66.0202967327242
1562.5100438213349,-66.020577961107,-66.020577961107
1562.5200438213349,-66.0208889667298,-66.0208889667298
1562.5300438213349,-66.02122969155003,-66.02122969155003
1562.5400438213348,-66.02160007696267,-66.02160007696267
1562.5500438213348,-66.02200006383181,-66.02200006383181
1562.5600438213348,-66.0224295924771,-66.0224295924771
1562.5700438213348,-66.02288860269331,-66.02288860269331
1562.5800438213348,-66.02337703376556,-66.02337703376556
1562.5900438213348,-66.0238948244706,-66.0238948244706
1562.6000438213348,-66.0244419131046,-66.0244419131046
1562.6100438213348,-66.0250182374634,-66.0250182374634
1562.6200438213348,-66.02562373487892,-66.02562373487892
1562.6300438213348,-66.02625834222059,-66.02625834222059
1562.6400438213348,-66.02692199590284,-66.02692199590284
1562.6500438213347,-66.02761463189228,-66.02761463189228
1562.6600438213347,-66.02833618571718,-66.02833618571718
1562.6700438213347,-66.02908659248807,-66.02908659248807
1562.680043821335,-66.02986578688736,-66.02986578688736
1562.690043821335,-66.03067370320223,-66.03067370320223
1562.700043821335,-66.03151027531214,-66.03151027531214
1562.710043821335,-66.03236968980147,-66.03236968980147
1562.720043821335,-66.03324936849978,-66.03324936849978
1562.730043821335,-66.03414802889137,-66.03414802889137
1562.740043821335,-66.03506498952471,-66.03506498952471
1562.7500438213349,-66.03599990415422,-66.03599990415422
1562.7600438213349,-66.03695262321077,-66.03695262321077
1562.7700438213349,-66.03792311232431,-66.03792311232431
1562.7800438213349,-66.03891140328076,-66.03891140328076
1562.7900438213348,-66.03991756444967,-66.03991756444967
1562.8000438213348,-66.04094168303887,-66.04094168303887
1562.8100438213348,-66.04198385453304,-66.04198385453304
1562.8200438213348,-66.04304417648416,-66.04304417648416
1562.8300438213348,-66.04412274500478,-66.04412274500478
1562.8400438213348,-66.04521965285625,-66.04521965285625
1562.8500438213348,-66.04633498853389,-66.04633498853389
1562.8600438213348,-66.04746883592871,-66.04746883592871
1562.8700438213348,-66.04862127433906,-66.04862127433906
1562.8800438213348,-66.04979237868116,-66.04979237868116
1562.8900438213348,-66.05098221972771,-66.05098221972771
1562.9000438213347,-66.05219086447683,-66.05219086447683
1562.9100438213347,-66.05341837645709,-66.05341837645709
1562.9200438213347,-66.05466481603781,-66.05466481603781
1562.930043821335,-66.0559302407277,-66.0559302407277
1562.940043821335,-66.05721470541909,-66.05721470541909
1562.950043821335,-66.05851826262675,-66.05851826262675
1562.960043821335,-66.05984096267909,-66.05984096267909
1562.970043821335,-66.06118285389009,-66.06118285389009
1562.980043821335,-66.06254398272961,-66.06254398272961
1562.990043821335,-66.06392439393088,-66.06392439393088
1563.0000438213349,-66.06532413059979,-66.06532413059979
1563.0100438213349,-66.06674323432246,-66.06674323432246
1563.0200438213349,-66.06818174522498,-66.06818174522498
1563.0300438213349,-66.06963970206886,-66.06963970206886
1563.0400438213348,-66.07111714226545,-66.07111714226545
1563.0500438213348,-66.07261410196597,-66.07261410196597
1563.0600438213348,-66.07413061607991,-66.07413061607991
1563.0700438213348,-66.07566671830573,-66.07566671830573
1563.0800438213348,-66.07722244116702,-66.07722244116702
1563.0900438213348,-66.07879781603768,-66.07879781603768
1563.1000438213348,-66.08039287314959,-66.08039287314959
1563.1100438213348,-66.08200764162322,-66.08200764162322
1563.1200438213348,-66.08364214946876,-66.08364214946876
1563.1300438213348,-66.08529642360887,-66.08529642360887
1563.1400438213348,-66.08697048987507,-66.08697048987507
1563.1500438451767,-66.0886643770776,-66.0886643770776
1563.1600438451767,-66.09037810087551,-66.09037810087551
1563.1700438451767,-66.09211168788097,-66.09211168788097
1563.1800438451767,-66.09386515967267,-66.09386515967267
1563.1900438451767,-66.0956385367602,-66.0956385367602
1563.2000438451767,-66.09743183862022,-66.09743183862022
1563.2100438451766,-66.09924508368368,-66.09924508368368
1563.2200438451766,-66.10107828932942,-66.10107828932942
1563.2300438451766,-66.10293147190526,-66.10293147190526
1563.2400438451766,-66.10480464673077,-66.10480464673077
1563.2500438451766,-66.10669782808775,-66.10669782808775
1563.2600438451766,-66.10861102922773,-66.10861102922773
1563.2700438451766,-66.11054426238492,-66.11054426238492
1563.2800438451768,-66.1124975387805,-66.1124975387805
1563.2900438451768,-66.11447086860761,-66.11447086860761
1563.3000438451768,-66.11646426105571,-66.11646426105571
1563.3100438451768,-66.11847772430843,-66.11847772430843
1563.3200438451768,-66.12051126555349,-66.12051126555349
1563.3300438451768,-66.12256489097675,-66.12256489097675
1563.3400438451768,-66.12463860577304,-66.12463860577304
1563.3500438451767,-66.126732414152,-66.126732414152
1563.3600438451767,-66.12884631934261,-66.12884631934261
1563.3700438451767,-66.13098032360386,-66.13098032360386
1563.3800438451767,-66.13313442822773,-66.13313442822773
1563.3900438451767,-66.13530863354549,-66.13530863354549
1563.4000438451767,-66.13750293893452,-66.13750293893452
1563.4100438451767,-66.13971734281886,-66.13971734281886
1563.4200438451767,-66.1419518426921,-66.1419518426921
1563.4300438451767,-66.14420643511032,-66.14420643511032
1563.4400438451767,-66.14648111570854,-66.14648111570854
1563.4500438451767,-66.14877587920499,-66.14877587920499
1563.4600438451766,-66.15109071940557,-66.15109071940557
1563.4700438451766,-66.15342562920979,-66.15342562920979
1563.4800438451766,-66.15578060063594,-66.15578060063594
1563.4900438451766,-66.1581556248198,-66.1581556248198
1563.5000438451766,-66.16055069200812,-66.16055069200812
1563.5100438451766,-66.16296579159183,-66.16296579159183
1563.5200438451766,-66.16540091210176,-66.16540091210176
1563.5300438451768,-66.16785604122154,-66.16785604122154
1563.5400438451768,-66.17033116578844,-66.17033116578844
1563.5500438451768,-66.17282627181932,-66.17282627181932
1563.5600438451768,-66.17534134449915,-66.17534134449915
1563.5700438451768,-66.17787636820673,-66.17787636820673
1563.5800438451768,-66.18043132651543,-66.18043132651543
1563.5900438451768,-66.1830062022108,-66.1830062022108
1563.6000438451767,-66.1856009773016,-66.1856009773016
1563.6100438451767,-66.18821563300772,-66.18821563300772
1563.6200438451767,-66.19085014979261,-66.19085014979261
1563.6300438451767,-66.19350450735746,-66.19350450735746
1563.6400438451767,-66.19617868467432,-66.19617868467432
1563.6500438451767,-66.19887265996941,-66.19887265996941
1563.6600438451767,-66.20158641074188,-66.20158641074188
1563.6700438451767,-66.20431991377951,-66.20431991377951
1563.6800438451767,-66.2070731451699,-66.2070731451699
1563.6900438451767,-66.20984608029443,-66.20984608029443
1563.7000438451767,-66.21263869385979,-66.21263869385979
1563.7100438451766,-66.21545095988392,-66.21545095988392
1563.7200438451766,-66.21828285173227,-66.21828285173227
1563.7300438451766,-66.22113434209696,-66.22113434209696
1563.7400438451766,-66.2240054030332,-66.2240054030332
1563.7500438451766,-66.22689600595962,-66.22689600595962
1563.7600438451766,-66.22980612166491,-66.22980612166491
1563.7700438451766,-66.23273572031425,-66.23273572031425
1563.7800438451768,-66.2356847714722,-66.2356847714722
1563.7900438451768,-66.2386532441042,-66.2386532441042
1563.8000438451768,-66.24164110657837,-66.24164110657837
1563.8100438451768,-66.24464832669132,-66.24464832669132
1563.8200438451768,-66.2476748716581,-66.2476748716581
1563.8300438451768,-66.25072070813616,-66.25072070813616
1563.8400438451768,-66.25378580223854,-66.25378580223854
1563.8500438451767,-66.2568701195251,-66.2568701195251
1563.8600438451767,-66.25997362502757,-66.25997362502757
1563.8700438451767,-66.26309628325302,-66.26309628325302
1563.8800438451767,-66.26623805818632,-66.26623805818632
1563.8900438451767,-66.269398913299,-66.269398913299
1563.9000438451767,-66.27257881158594,-66.27257881158594
1563.9100438451767,-66.27577771554033,-66.27577771554033
1563.9200438451767,-66.27899558716913,-66.27899558716913
1563.9300438451767,-66.28223238801515,-66.28223238801515
1563.9400438451767,-66.28548807915136,-66.28548807915136
1563.9500438451767,-66.2887626212018,-66.2887626212018
1563.9600438451766,-66.29205597433942,-66.29205597433942
1563.9700438451766,-66.29536809830448,-66.29536809830448
1563.9800438451766,-66.2986989523897,-66.2986989523897
1563.9900438451766,-66.30204849548697,-66.30204849548697
1564.0000438690186,-66.30541669409453,-66.30541669409453
1564.0100438690185,-66.3088034902737,-66.3088034902737
1564.0200438690185,-66.31220884965319,-66.31220884965319
1564.0300438690185,-66.31563272950781,-66.31563272950781
1564.0400438690185,-66.31907508674043,-66.31907508674043
1564.0500438690185,-66.32253587785982,-66.32253587785982
1564.0600438690185,-66.32601505901623,-66.32601505901623
1564.0700438690185,-66.3295125860044,-66.3295125860044
1564.0800438690185,-66.33302841425976,-66.33302841425976
1564.0900438690185,-66.33656249887609,-66.33656249887609
1564.1000438690185,-66.34011479460752,-66.34011479460752
1564.1100438690185,-66.34368525587197,-66.34368525587197
1564.1200438690184,-66.34727383677355,-66.34727383677355
1564.1300438690187,-66.3508804911004,-66.3508804911004
1564.1400438690187,-66.35450517232097,-66.35450517232097
1564.1500438690186,-66.35814783360443,-66.35814783360443
1564.1600438690186,-66.36180842783239,-66.36180842783239
1564.1700438690186,-66.36548690758764,-66.36548690758764
1564.1800438690186,-66.36918322516472,-66.36918322516472
1564.1900438690186,-66.3728973325985,-66.3728973325985
1564.2000438690186,-66.37662918163926,-66.37662918163926
1564.2100438690186,-66.38037872378071,-66.38037872378071
1564.2200438690186,-66.38414591025744,-66.38414591025744
1564.2300438690186,-66.38793069205968,-66.38793069205968
1564.2400438690186,-66.39173301991526,-66.39173301991526
1564.2500438690186,-66.39555284432403,-66.39555284432403
1564.2600438690185,-66.39939011555828,-66.39939011555828
1564.2700438690185,-66.40324478365824,-66.40324478365824
1564.2800438690185,-66.4071167984355,-66.4071167984355
1564.2900438690185,-66.41100610948985,-66.41100610948985
1564.3000438690185,-66.41491266620959,-66.41491266620959
1564.3100438690185,-66.41883641778576,-66.41883641778576
1564.3200438690185,-66.4227773132027,-66.4227773132027
1564.3300438690185,-66.42673530125384,-66.42673530125384
1564.3400438690185,-66.43071033054673,-66.43071033054673
1564.3500438690185,-66.4347023495075,-66.4347023495075
1564.3600438690185,-66.4387113063721,-66.4387113063721
1564.3700438690184,-66.44273714921118,-66.44273714921118
1564.3800438690187,-66.44677982592027,-66.44677982592027
1564.3900438690187,-66.45083928424938,-66.45083928424938
1564.4000438690186,-66.45491547177618,-66.45491547177618
1564.4100438690186,-66.45900833593296,-66.45900833593296
1564.4200438690186,-66.46311782399022,-66.46311782399022
1564.4300438690186,-66.46724388309013,-66.46724388309013
1564.4400438690186,-66.47138646022633,-66.47138646022633
1564.4500438690186,-66.47554550226269,-66.47554550226269
1564.4600438690186,-66.47972095592851,-66.47972095592851
1564.4700438690186,-66.48391276782827,-66.48391276782827
1564.4800438690186,-66.48812088445781,-66.48812088445781
1564.4900438690186,-66.49234525217094,-66.49234525217094
1564.5000438690186,-66.49658581722927,-66.49658581722927
1564.5100438690185,-66.50084252578343,-66.50084252578343
1564.5200438690185,-66.50511532386737,-66.50511532386737
1564.5300438690185,-66.50940415742163,-66.50940415742163
1564.5400438690185,-66.5137089722939,-66.5137089722939
1564.5500438690185,-66.51802971423442,-66.51802971423442
1564.5600438690185,-66.52236632890916,-66.52236632890916
1564.5700438690185,-66.5267187618921,-66.5267187618921
1564.5800438690185,-66.53108695869126,-66.53108695869126
1564.5900438690185,-66.5354708647157,-66.5354708647157
1564.6000438690185,-66.53987042531095,-66.53987042531095
1564.6100438690185,-66.54428558576573,-66.54428558576573
1564.6200438690184,-66.5487162912789,-66.5487162912789
1564.6300438690187,-66.55316248699552,-66.55316248699552
1564.6400438690187,-66.55762411800752,-66.55762411800752
1564.6500438690186,-66.56210112934643,-66.56210112934643
1564.6600438690186,-66.56659346598525,-66.56659346598525
1564.6700438690186,-66.57110107284942,-66.57110107284942
1564.6800438690186,-66.57562389482091,-66.57562389482091
1564.6900438690186,-66.58016187674022,-66.58016187674022
1564.7000438690186,-66.5847149634049,-66.5847149634049
1564.7100438690186,-66.5892830995676,-66.5892830995676
1564.7200438690186,-66.5938662299637,-66.5938662299637
1564.7300438690186,-66.598464299274,-66.598464299274
1564.7400438690186,-66.6030772521811,-66.6030772521811
1564.7500438690186,-66.60770503331291,-66.60770503331291
1564.7600438690185,-66.61234758729604,-66.61234758729604
1564.7700438690185,-66.61700485872284,-66.61700485872284
1564.7800438690185,-66.62167679217573,-66.62167679217573
1564.7900438690185,-66.62636333222669,-66.62636333222669
1564.8000438690185,-66.63106442342696,-66.63106442342696
1564.8100438690185,-66.63578001032727,-66.63578001032727
1564.8200438690185,-66.6405100374633,-66.6405100374633
1564.8300438690185,-66.64525444937388,-66.64525444937388
1564.8400438690185,-66.65001319059213,-66.65001319059213
1564.8500438928604,-66.6547862170317,-66.6547862170317
1564.8600438928604,-66.6595734505272,-66.6595734505272
1564.8700438928604,-66.66437484694318,-66.66437484694318
1564.8800438928604,-66.66919035084166,-66.66919035084166
1564.8900438928604,-66.67401990678094,-66.67401990678094
1564.9000438928604,-66.67886345934312,-66.67886345934312
1564.9100438928604,-66.68372095312303,-66.68372095312303
1564.9200438928603,-66.68859233272539,-66.68859233272539
1564.9300438928603,-66.69347754277572,-66.69347754277572
1564.9400438928603,-66.69837652792917,-66.69837652792917
1564.9500438928603,-66.70328923286127,-66.70328923286127
1564.9600438928603,-66.70821560226818,-66.70821560226818
1564.9700438928603,-66.71315558087487,-66.71315558087487
1564.9800438928605,-66.71810911343665,-66.71810911343665
1564.9900438928605,-66.72307614474161,-66.72307614474161
1565.0000438928605,-66.72805661960798,-66.72805661960798
1565.0100438928605,-66.73305048289933,-66.73305048289933
1565.0200438928605,-66.73805767950655,-66.73805767950655
1565.0300438928605,-66.74307815435678,-66.74307815435678
1565.0400438928605,-66.74811185243124,-66.74811185243124
1565.0500438928605,-66.75315871873846,-66.75315871873846
1565.0600438928604,-66.75821869833729,-66.75821869833729
1565.0700438928604,-66.76329173633819,-66.76329173633819
1565.0800438928604,-66.76837777789652,-66.76837777789652
1565.0900438928604,-66.77347676821101,-66.77347676821101
1565.1000438928604,-66.77858865254211,-66.77858865254211
1565.1100438928604,-66.78371337618198,-66.78371337618198
1565.1200438928604,-66.78885088449887,-66.78885088449887
1565.1300438928604,-66.79400112290784,-66.79400112290784
1565.1400438928604,-66.79916403688816,-66.79916403688816
1565.1500438928604,-66.80433957196773,-66.80433957196773
1565.1600438928604,-66.80952767373807,-66.80952767373807
1565.1700438928603,-66.8147282878441,-66.8147282878441
1565.1800438928603,-66.81994136000777,-66.81994136000777
1565.1900438928603,-66.82516683600642,-66.82516683600642
1565.2000438928603,-66.83040466169166,-66.83040466169166
1565.2100438928603,-66.83565478297038,-66.83565478297038
1565.2200438928603,-66.84091714582064,-66.84091714582064
1565.2300438928605,-66.84619169629015,-66.84619169629015
1565.2400438928605,-66.85147838050878,-66.85147838050878
1565.2500438928605,-66.85677714466239,-66.85677714466239
1565.2600438928605,-66.86208793501773,-66.86208793501773
1565.2700438928605,-66.86741069791583,-66.86741069791583
1565.2800438928605,-66.87274537976855,-66.87274537976855
1565.2900438928605,-66.87809192706708,-66.87809192706708
1565.3000438928605,-66.88345028638486,-66.88345028638486
1565.3100438928604,-66.88882040436556,-66.88882040436556
1565.3200438928604,-66.89420222774423,-66.89420222774423
1565.3300438928604,-66.89959570332857,-66.89959570332857
1565.3400438928604,-66.90500077800863,-66.90500077800863
1565.3500438928604,-66.91041739876215,-66.91041739876215
1565.3600438928604,-66.91584551264206,-66.91584551264206
1565.3700438928604,-66.92128506679676,-66.92128506679676
1565.3800438928604,-66.9267360084561,-66.9267360084561
1565.3900438928604,-66.93219828492936,-66.93219828492936
1565.4000438928604,-66.93767184362987,-66.93767184362987
1565.4100438928604,-66.94315663204945,-66.94315663204945
1565.4200438928603,-66.94865259776097,-66.94865259776097
1565.4300438928603,-66.95415968845163,-66.95415968845163
1565.4400438928603,-66.9596778518852,-66.9596778518852
1565.4500438928603,-66.96520703591169,-66.96520703591169
1565.4600438928603,-66.97074135182717,-66.97074135182717
1565.4700438928603,-66.97627819063564,-66.97627819063564
1565.4800438928605,-66.98181625621012,-66.98181625621012
1565.4900438928605,-66.98735486112744,-66.98735486112744
1565.5000438928605,-66.99289365748834,-66.99289365748834
1565.5100438928605,-66.9984324968989,-66.9984324968989
1565.5200438928605,-67.00397134827284,-67.00397134827284
1565.5300438928605,-67.00951024837204,-67.00951024837204
1565.5400438928605,-67.0150492720865,-67.0150492720865
1565.5500438928605,-67.02058851452628,-67.02058851452628
1565.5600438928604,-67.02612808038445,-67.02612808038445
1565.5700438928604,-67.03166807769846,-67.03166807769846
1565.5800438928604,-67.03720861423757,-67.03720861423757
1565.5900438928604,-67.04274979558454,-67.04274979558454
1565.6000438928604,-67.04829172412882,-67.04829172412882
1565.6100438928604,-67.05383449871773,-67.05383449871773
1565.6200438928604,-67.05937821459592,-67.05937821459592
1565.6300438928604,-67.0649229635541,-67.0649229635541
1565.6400438928604,-67.07046883418153,-67.07046883418153
1565.6500438928604,-67.07601591212861,-67.07601591212861
1565.6600438928604,-67.08156428041325,-67.08156428041325
1565.6700438928603,-67.08711401967835,-67.08711401967835
1565.6800438928603,-67.09266520844686,-67.09266520844686
1565.6900438928603,-67.09821792335863,-67.09821792335863
1565.7000439167023,-67.1037722525847,-67.1037722525847
1565.7100439167023,-67.10932824309019,-67.10932824309019
1565.7200439167023,-67.11488598012899,-67.11488598012899
1565.7300439167022,-67.1204455344916,-67.1204455344916
1565.7400439167022,-67.1260069758116,-67.1260069758116
1565.7500439167022,-67.131570372667,-67.131570372667
1565.7600439167022,-67.13713579264322,-67.13713579264322
1565.7700439167022,-67.142703302396,-67.142703302396
1565.7800439167022,-67.14827296769327,-67.14827296769327
1565.7900439167022,-67.15384485346284,-67.15384485346284
1565.8000439167022,-67.15941902380918,-67.15941902380918
1565.8100439167022,-67.16499554206096,-67.16499554206096
1565.8200439167022,-67.17057447075385,-67.17057447075385
1565.8300439167024,-67.17615587168405,-67.17615587168405
1565.8400439167024,-67.18173980589116,-67.18173980589116
1565.8500439167024,-67.18732633365754,-67.18732633365754
1565.8600439167024,-67.19291551454944,-67.19291551454944
1565.8700439167023,-67.19850740736932,-67.19850740736932
1565.8800439167023,-67.20410207019793,-67.20410207019793
1565.8900439167023,-67.20969956037082,-67.20969956037082
1565.9000439167023,-67.21529993447788,-67.21529993447788
1565.9100439167023,-67.22090324836716,-67.22090324836716
1565.9200439167023,-67.22650955711902,-67.22650955711902
1565.9300439167023,-67.23211891507822,-67.23211891507822
1565.9400439167023,-67.23773137581345,-67.23773137581345
1565.9500439167023,-67.24334699213854,-67.24334699213854
1565.9600439167023,-67.24896581608934,-67.24896581608934
1565.9700439167023,-67.25458789892664,-67.25458789892664
1565.9800439167022,-67.2602132911281,-67.2602132911281
1565.9900439167022,-67.26584204239944,-67.26584204239944
1566.0000439167022,-67.2714742016401,-67.2714742016401
1566.0100439167022,-67.27710981695607,-67.27710981695607
1566.0200439167022,-67.28274893567806,-67.28274893567806
1566.0300439167022,-67.28839160431447,-67.28839160431447
1566.0400439167022,-67.29403786858455,-67.29403786858455
1566.0500439167022,-67.29968777338547,-67.29968777338547
1566.0600439167022,-67.30534136282856,-67.30534136282856
1566.0700439167022,-67.31099868019695,-67.31099868019695
1566.0800439167024,-67.31665976796931,-67.31665976796931
1566.0900439167024,-67.32232466782119,-67.32232466782119
1566.1000439167024,-67.32799342060869,-67.32799342060869
1566.1100439167024,-67.33366606637173,-67.33366606637173
1566.1200439167023,-67.33934264434477,-67.33934264434477
1566.1300439167023,-67.34502319294823,-67.34502319294823
1566.1400439167023,-67.35070774979982,-67.35070774979982
1566.1500439167023,-67.35639635169979,-67.35639635169979
1566.1600439167023,-67.36208903465116,-67.36208903465116
1566.1700439167023,-67.36778583383841,-67.36778583383841
1566.1800439167023,-67.37348678365828,-67.37348678365828
1566.1900439167023,-67.37919191770627,-67.37919191770627
1566.2000439167023,-67.38490126877718,-67.38490126877718
1566.2100439167023,-67.39061486886636,-67.39061486886636
1566.2200439167023,-67.39633274919665,-67.39633274919665
1566.2300439167022,-67.40205494020054,-67.40205494020054
1566.2400439167022,-67.4077814715264,-67.4077814715264
1566.2500439167022,-67.4135123720479,-67.4135123720479
1566.2600439167022,-67.41924766986214,-67.41924766986214
1566.2700439167022,-67.42498739230774,-67.42498739230774
1566.2800439167022,-67.43073156595781,-67.43073156595781
1566.2900439167022,-67.43648021663432,-67.43648021663432
1566.3000439167022,-67.44223336939461,-67.44223336939461
1566.3100439167022,-67.44799104857145,-67.44799104857145
1566.3200439167022,-67.45375327774497,-67.45375327774497
1566.3300439167024,-67.45952007976068,-67.45952007976068
1566.3400439167024,-67.46529147674264,-67.46529147674264
1566.3500439167024,-67.47106749009608,-67.47106749009608
1566.3600439167024,-67.47684814050945,-67.47684814050945
1566.3700439167023,-67.4826334479622,-67.4826334479622
1566.3800439167023,-67.48842343172777,-67.48842343172777
1566.3900439167023,-67.4942181103964,-67.4942181103964
1566.4000439167023,-67.50001750186512,-67.50001750186512
1566.4100439167023,-67.50582162334581,-67.50582162334581
1566.4200439167023,-67.51163049138106,-67.51163049138106
1566.4300439167023,-67.51744412185995,-67.51744412185995
1566.4400439167023,-67.52326252998262,-67.52326252998262
1566.4500439167023,-67.52908573031851,-67.52908573031851
1566.4600439167023,-67.53490785021975,-67.53490785021975
1566.4700439167023,-67.5407263233616,-67.5407263233616
1566.4800439167022,-67.54653990624205,-67.54653990624205
1566.4900439167022,-67.55234796812465,-67.55234796812465
1566.5000439167022,-67.55815021969194,-67.55815021969194
1566.5100439167022,-67.56394657198584,-67.56394657198584
1566.5200439167022,-67.56973705359783,-67.56973705359783
1566.5300439167022,-67.57552176092474,-67.57552176092474
1566.5400439167022,-67.58130082820097,-67.58130082820097
1566.5500439405441,-67.58707442327133,-67.58707442327133
1566.5600439405441,-67.592842681869,-67.592842681869
1566.570043940544,-67.59860578384831,-67.59860578384831
1566.580043940544,-67.60436389454357,-67.60436389454357
1566.590043940544,-67.61011717658283,-67.61011717658283
1566.600043940544,-67.61586578888294,-67.61586578888294
1566.610043940544,-67.62160988627869,-67.62160988627869
1566.620043940544,-67.62734961947709,-67.62734961947709
1566.630043940544,-67.63308513518538,-67.63308513518538
1566.640043940544,-67.63881657638026,-67.63881657638026
1566.650043940544,-67.64454408255818,-67.64454408255818
1566.660043940544,-67.6502677900532,-67.6502677900532
1566.670043940544,-67.65598783227784,-67.65598783227784
1566.6800439405442,-67.66170434000385,-67.66170434000385
1566.6900439405442,-67.66741744157889,-67.66741744157889
1566.7000439405442,-67.6731272631244,-67.6731272631244
1566.7100439405442,-67.67883392870051,-67.67883392870051
1566.7200439405442,-67.68453756048102,-67.68453756048102
1566.7300439405442,-67.69023827884699,-67.69023827884699
1566.7400439405442,-67.69593620252358,-67.69593620252358
1566.7500439405442,-67.7016314486435,-67.7016314486435
1566.7600439405442,-67.70732413284748,-67.70732413284748
1566.7700439405442,-67.71301436932673,-67.71301436932673
1566.7800439405441,-67.71870227088559,-67.71870227088559
1566.7900439405441,-67.7243879489799,-67.7243879489799
1566.8000439405441,-67.73007151374883,-67.73007151374883
1566.8100439405441,-67.73575307404342,-67.73575307404342
1566.820043940544,-67.74143273745477,-67.74143273745477
1566.830043940544,-67.7471106103245,-67.7471106103245
1566.840043940544,-67.75278679776302,-67.75278679776302
1566.850043940544,-67.75846140365762,-67.75846140365762
1566.860043940544,-67.76413453067691,-67.76413453067691
1566.870043940544,-67.76980628027982,-67.76980628027982
1566.880043940544,-67.77547675272903,-67.77547675272903
1566.890043940544,-67.78114604707511,-67.78114604707511
1566.900043940544,-67.7868142611658,-67.7868142611658
1566.910043940544,-67.79248149165868,-67.79248149165868
1566.920043940544,-67.79814783400253,-67.79814783400253
1566.9300439405442,-67.80376309330376,-67.80376309330376
1566.9400439405442,-67.80931593207936,-67.80931593207936
1566.9500439405442,-67.81480337779615,-67.81480337779615
1566.9600439405442,-67.82021811358041,-67.82021811358041
1566.9700439405442,-67.82555656185825,-67.82555656185825
1566.9800439405442,-67.83081669975809,-67.83081669975809
1566.9900439405442,-67.83599730518097,-67.83599730518097
1567.0000439405442,-67.84109766651149,-67.84109766651149
1567.0100439405442,-67.84611742640209,-67.84611742640209
1567.0200439405442,-67.85105648451767,-67.85105648451767
1567.0300439405441,-67.85591493382462,-67.85591493382462
1567.0400439405441,-67.86069301730622,-67.86069301730622
1567.0500439405441,-67.86539109743943,-67.86539109743943
1567.0600439405441,-67.87000963389858,-67.87000963389858
1567.070043940544,-67.87454916661632,-67.87454916661632
1567.080043940544,-67.87901030262381,-67.87901030262381
1567.090043940544,-67.8833937054803,-67.8833937054803
1567.100043940544,-67.88770008660761,-67.88770008660761
1567.110043940544,-67.89193019813194,-67.89193019813194
1567.120043940544,-67.8960848268173,-67.8960848268173
1567.130043940544,-67.90016478891441,-67.90016478891441
1567.140043940544,-67.90417092573212,-67.90417092573212
1567.150043940544,-67.90810409981765,-67.90810409981765
1567.160043940544,-67.91196519163162,-67.91196519163162
1567.170043940544,-67.9157550966367,-67.9157550966367
1567.1800439405442,-67.91947472276647,-67.91947472276647
1567.1900439405442,-67.92312498818904,-67.92312498818904
1567.2000439405442,-67.92670681933286,-67.92670681933286
1567.2100439405442,-67.93022114913997,-67.93022114913997
1567.2200439405442,-67.9336689155242,-67.9336689155242
1567.2300439405442,-67.93705106001846,-67.93705106001846
1567.2400439405442,-67.94036852655232,-67.94036852655232
1567.2500439405442,-67.94362226036527,-67.94362226036527
1567.2600439405442,-67.94681320704203,-67.94681320704203
1567.2700439405442,-67.94994231164412,-67.94994231164412
1567.2800439405441,-67.95301051796577,-67.95301051796577
1567.2900439405441,-67.9560187678119,-67.9560187678119
1567.3000439405441,-67.95896800039556,-67.95896800039556
1567.3100439405441,-67.96185915178238,-67.96185915178238
1567.320043940544,-67.96469315437547,-67.96469315437547
1567.330043940544,-67.96747093649067,-67.96747093649067
1567.340043940544,-67.9701934219458,-67.9701934219458
1567.350043940544,-67.97286152968734,-67.97286152968734
1567.360043940544,-67.97547617345977,-67.97547617345977
1567.370043940544,-67.97803826153091,-67.97803826153091
1567.380043940544,-67.98054869640164,-67.98054869640164
1567.390043940544,-67.98300837458602,-67.98300837458602
1567.400043964386,-67.98541819210148,-67.98541819210148
1567.410043964386,-67.9877790212186,-67.9877790212186
1567.420043964386,-67.99009174518697,-67.99009174518697
1567.430043964386,-67.99235723454548,-67.99235723454548
1567.440043964386,-67.99457635296656,-67.99457635296656
1567.450043964386,-67.99674995712904,-67.99674995712904
1567.460043964386,-67.99887889659902,-67.99887889659902
1567.470043964386,-68.00096401369954,-68.00096401369954
1567.480043964386,-68.00300614346396,-68.00300614346396
1567.490043964386,-68.00500611351488,-68.00500611351488
1567.500043964386,-68.00696474402699,-68.00696474402699
1567.5100439643859,-68.00888284764655,-68.00888284764655
1567.5200439643859,-68.01076122946097,-68.01076122946097
1567.530043964386,-68.01260068691857,-68.01260068691857
1567.540043964386,-68.01440200981769,-68.01440200981769
1567.550043964386,-68.01616598027354,-68.01616598027354
1567.560043964386,-68.01789337268973,-68.01789337268973
1567.570043964386,-68.01958495372338,-68.01958495372338
1567.580043964386,-68.02124148229326,-68.02124148229326
1567.590043964386,-68.02286370955521,-68.02286370955521
1567.600043964386,-68.02445237890232,-68.02445237890232
1567.610043964386,-68.02600822596924,-68.02600822596924
1567.620043964386,-68.02753197862535,-68.02753197862535
1567.630043964386,-68.02902435698796,-68.02902435698796
1567.640043964386,-68.03048607342551,-68.03048607342551
1567.650043964386,-68.03191783258423,-68.03191783258423
1567.660043964386,-68.03332033137858,-68.03332033137858
1567.670043964386,-68.03469425905453,-68.03469425905453
1567.680043964386,-68.03604029717008,-68.03604029717008
1567.690043964386,-68.03735911963896,-68.03735911963896
1567.700043964386,-68.0386513927506,-68.0386513927506
1567.710043964386,-68.03991777521172,-68.03991777521172
1567.720043964386,-68.0411589181622,-68.0411589181622
1567.730043964386,-68.04237546522205,-68.04237546522205
1567.740043964386,-68.04356805251372,-68.04356805251372
1567.750043964386,-68.0447373087052,-68.0447373087052
1567.7600439643859,-68.04588385504817,-68.04588385504817
1567.7700439643859,-68.0470083054234,-68.0470083054234
1567.780043964386,-68.04811126638556,-68.04811126638556
1567.790043964386,-68.04919333717483,-68.04919333717483
1567.800043964386,-68.0502551098056,-68.0502551098056
1567.810043964386,-68.05129716907612,-68.05129716907612
1567.820043964386,-68.0523200926351,-68.0523200926351
1567.830043964386,-68.05332445101662,-68.05332445101662
1567.840043964386,-68.05431080770381,-68.05431080770381
1567.850043964386,-68.05527971915727,-68.05527971915727
1567.860043964386,-68.05623173488065,-68.05623173488065
1567.870043964386,-68.05716739746266,-68.05716739746266
1567.880043964386,-68.05808724264502,-68.05808724264502
1567.890043964386,-68.05899179933644,-68.05899179933644
1567.900043964386,-68.05988158972103,-68.05988158972103
1567.910043964386,-68.0607571292521,-68.0607571292521
1567.920043964386,-68.06161892674848,-68.06161892674848
1567.930043964386,-68.06246748442838,-68.06246748442838
1567.940043964386,-68.06330329796968,-68.06330329796968
1567.950043964386,-68.06412685657165,-68.06412685657165
1567.960043964386,-68.0649386429878,-68.0649386429878
1567.970043964386,-68.06573913360653,-68.06573913360653
1567.980043964386,-68.06652879849403,-68.06652879849403
1567.990043964386,-68.06730810144113,-68.06730810144113
1568.000043964386,-68.06807750004106,-68.06807750004106
1568.0100439643859,-68.06883744572737,-68.06883744572737
1568.0200439643859,-68.06958838383237,-68.06958838383237
1568.030043964386,-68.07033075366563,-68.07033075366563
1568.040043964386,-68.07106498852941,-68.07106498852941
1568.050043964386,-68.07179151580438,-68.07179151580438
1568.060043964386,-68.07251075700508,-68.07251075700508
1568.070043964386,-68.07322312781862,-68.07322312781862
1568.080043964386,-68.07392903817828,-68.07392903817828
1568.090043964386,-68.07462889231181,-68.07462889231181
1568.100043964386,-68.07532308880062,-68.07532308880062
1568.110043964386,-68.07601202062435,-68.07601202062435
1568.120043964386,-68.07669607523621,-68.07669607523621
1568.130043964386,-68.07737563460059,-68.07737563460059
1568.140043964386,-68.0780510752549,-68.0780510752549
1568.150043964386,-68.07872276837914,-68.07872276837914
1568.160043964386,-68.07939107982381,-68.07939107982381
1568.170043964386,-68.08005637018323,-68.08005637018323
1568.180043964386,-68.08071899484214,-68.08071899484214
1568.190043964386,-68.08137930403204,-68.08137930403204
1568.200043964386,-68.08203764289173,-68.08203764289173
1568.210043964386,-68.08268842075782,-68.08268842075782
1568.220043964386,-68.08332937712518,-68.08332937712518
1568.230043964386,-68.08395958185014,-68.08395958185014
1568.240043964386,-68.08457871918681,-68.08457871918681
1568.2500439882278,-68.08518681555351,-68.08518681555351
1568.2600439882278,-68.08578409128705,-68.08578409128705
1568.2700439882278,-68.08637088579648,-68.08637088579648
1568.2800439882278,-68.0869476013406,-68.0869476013406
1568.2900439882278,-68.08751467423663,-68.08751467423663
1568.3000439882278,-68.08807255666977,-68.08807255666977
1568.3100439882278,-68.08862170586202,-68.08862170586202
1568.3200439882278,-68.08916257774341,-68.08916257774341
1568.3300439882278,-68.08969562331663,-68.08969562331663
1568.3400439882278,-68.09022128670243,-68.09022128670243
1568.3500439882278,-68.09074000420928,-68.09074000420928
1568.3600439882277,-68.09125220398407,-68.09125220398407
1568.3700439882277,-68.09175830598377,-68.09175830598377
1568.380043988228,-68.09225872221288,-68.09225872221288
1568.390043988228,-68.0927538570009,-68.0927538570009
1568.400043988228,-68.09324410732582,-68.09324410732582
1568.410043988228,-68.09372986317032,-68.09372986317032
1568.420043988228,-68.09421150784151,-68.09421150784151
1568.430043988228,-68.09468941828213,-68.09468941828213
1568.440043988228,-68.0951639653372,-68.0951639653372
1568.450043988228,-68.09563551402314,-68.09563551402314
1568.4600439882279,-68.09609849212688,-68.09609849212688
1568.4700439882279,-68.09655065806335,-68.09655065806335
1568.4800439882279,-68.09699110065065,-68.09699110065065
1568.4900439882279,-68.0974195230628,-68.0974195230628
1568.5000439882278,-68.0978359691709,-68.0978359691709
1568.5100439882278,-68.09824068112282,-68.09824068112282
1568.5200439882278,-68.09863401575056,-68.09863401575056
1568.5300439882278,-68.09901639428635,-68.09901639428635
1568.5400439882278,-68.09938827206737,-68.09938827206737
1568.5500439882278,-68.09975012036845,-68.09975012036845
1568.5600439882278,-68.10010241561508,-68.10010241561508
1568.5700439882278,-68.10044563300933,-68.10044563300933
1568.5800439882278,-68.10078024292766,-68.10078024292766
1568.5900439882278,-68.10110670899488,-68.10110670899488
1568.6000439882278,-68.10142548709555,-68.10142548709555
1568.6100439882277,-68.10173702504127,-68.10173702504127
1568.6200439882277,-68.10204176258736,-68.10204176258736
1568.630043988228,-68.10234013157906,-68.10234013157906
1568.640043988228,-68.10263255628645,-68.10263255628645
1568.650043988228,-68.10291945367833,-68.10291945367833
1568.660043988228,-68.10320123378258,-68.10320123378258
1568.670043988228,-68.1034783000036,-68.1034783000036
1568.680043988228,-68.10375104940672,-68.10375104940672
1568.690043988228,-68.10401987298751,-68.10401987298751
1568.700043988228,-68.10428515590145,-68.10428515590145
1568.7100439882279,-68.10454134610065,-68.10454134610065
1568.7200439882279,-68.10478622280326,-68.10478622280326
1568.7300439882279,-68.10501889575977,-68.10501889575977
1568.7400439882279,-68.10523908911325,-68.10523908911325
1568.7500439882278,-68.10544686763545,-68.10544686763545
1568.7600439882278,-68.105642494339,-68.105642494339
1568.7700439882278,-68.10582634682723,-68.10582634682723
1568.7800439882278,-68.1059988669698,-68.1059988669698
1568.7900439882278,-68.10616053061915,-68.10616053061915
1568.8000439882278,-68.10631182943118,-68.10631182943118
1568.8100439882278,-68.10645326004328,-68.10645326004328
1568.8200439882278,-68.10658531770537,-68.10658531770537
1568.8300439882278,-68.10670849268031,-68.10670849268031
1568.8400439882278,-68.10682326827586,-68.10682326827586
1568.8500439882278,-68.10693011988666,-68.10693011988666
1568.8600439882277,-68.10702951464513,-68.10702951464513
1568.8700439882277,-68.10712191139599,-68.10712191139599
1568.880043988228,-68.10720776090803,-68.10720776090803
1568.890043988228,-68.10728750612371,-68.10728750612371
1568.900043988228,-68.1073615824953,-68.1073615824953
1568.910043988228,-68.10743041830465,-68.10743041830465
1568.920043988228,-68.1074944349821,-68.1074944349821
1568.930043988228,-68.107554047392,-68.107554047392
1568.940043988228,-68.10760966409545,-68.10760966409545
1568.950043988228,-68.10766168757307,-68.10766168757307
1568.9600439882279,-68.10771051446065,-68.10771051446065
1568.9700439882279,-68.10775653569131,-68.10775653569131
1568.9800439882279,-68.10780013668878,-68.10780013668878
1568.9900439882279,-68.10784169749166,-68.10784169749166
1569.0000439882278,-68.10788159286669,-68.10788159286669
1569.0100439882278,-68.10792019242848,-68.10792019242848
1569.0200439882278,-68.10795786072153,-68.10795786072153
1569.0300439882278,-68.10799495731204,-68.10799495731204
1569.0400439882278,-68.10803183685007,-68.10803183685007
1569.0500439882278,-68.10806884914867,-68.10806884914867
1569.0600439882278,-68.10810633921868,-68.10810633921868
1569.0700439882278,-68.10814464733281,-68.10814464733281
1569.0800439882278,-68.10818410908507,-68.10818410908507
1569.0900439882278,-68.10822505540885,-68.10822505540885
1569.1000440120697,-68.10826781273632,-68.10826781273632
1569.1100440120697,-68.10831270263866,-68.10831270263866
1569.1200440120697,-68.10836004242752,-68.10836004242752
1569.1300440120697,-68.1084101448404,-68.1084101448404
1569.1400440120697,-68.10846331814194,-68.10846331814194
1569.1500440120697,-68.10851986615297,-68.10851986615297
1569.1600440120696,-68.10858008829835,-68.10858008829835
1569.1700440120696,-68.10864427962242,-68.10864427962242
1569.1800440120696,-68.10871273083734,-68.10871273083734
1569.1900440120696,-68.10878572833575,-68.10878572833575
1569.2000440120696,-68.10886355423261,-68.10886355423261
1569.2100440120696,-68.1089464863793,-68.1089464863793
1569.2200440120696,-68.10903479842257,-68.10903479842257
1569.2300440120698,-68.10912875980401,-68.10912875980401
1569.2400440120698,-68.10922863581335,-68.10922863581335
1569.2500440120698,-68.10933468760501,-68.10933468760501
1569.2600440120698,-68.10944717223498,-68.10944717223498
1569.2700440120698,-68.10956634269891,-68.10956634269891
1569.2800440120698,-68.1096924479449,-68.1096924479449
1569.2900440120698,-68.10982573293347,-68.10982573293347
1569.3000440120697,-68.10996643865037,-68.10996643865037
1569.3100440120697,-68.11011480213651,-68.11011480213651
1569.3200440120697,-68.1102710565352,-68.1102710565352
1569.3300440120697,-68.1104354311212,-68.1104354311212
1569.3400440120697,-68.11060815132313,-68.11060815132313
1569.3500440120697,-68.11078943877884,-68.11078943877884
1569.3600440120697,-68.1109795113521,-68.1109795113521
1569.3700440120697,-68.11117858316842,-68.11117858316842
1569.3800440120697,-68.1113868646618,-68.1113868646618
1569.3900440120697,-68.11160456259744,-68.11160456259744
1569.4000440120697,-68.11183188011357,-68.11183188011357
1569.4100440120696,-68.11206901675072,-68.11206901675072
1569.4200440120696,-68.11231616850407,-68.11231616850407
1569.4300440120696,-68.11257352783561,-68.11257352783561
1569.4400440120696,-68.11284128372067,-68.11284128372067
1569.4500440120696,-68.11311962169425,-68.11311962169425
1569.4600440120696,-68.11340872386171,-68.11340872386171
1569.4700440120696,-68.11370876895977,-68.11370876895977
1569.4800440120698,-68.11401993238417,-68.11401993238417
1569.4900440120698,-68.11434238622772,-68.11434238622772
1569.5000440120698,-68.11467629929025,-68.11467629929025
1569.5100440120698,-68.11502183715963,-68.11502183715963
1569.5200440120698,-68.11537916222174,-68.11537916222174
1569.5300440120698,-68.1157484337001,-68.1157484337001
1569.5400440120698,-68.11612980768659,-68.11612980768659
1569.5500440120697,-68.11652343718303,-68.11652343718303
1569.5600440120697,-68.11692947214623,-68.11692947214623
1569.5700440120697,-68.11734805950326,-68.11734805950326
1569.5800440120697,-68.11777934320287,-68.11777934320287
1569.5900440120697,-68.11822346423808,-68.11822346423808
1569.6000440120697,-68.11868056070749,-68.11868056070749
1569.6100440120697,-68.11915076781781,-68.11915076781781
1569.6200440120697,-68.11963421793362,-68.11963421793362
1569.6300440120697,-68.12013104061222,-68.12013104061222
1569.6400440120697,-68.12064136264627,-68.12064136264627
1569.6500440120697,-68.12116530807815,-68.12116530807815
1569.6600440120696,-68.12170299825694,-68.12170299825694
1569.6700440120696,-68.12225455185701,-68.12225455185701
1569.6800440120696,-68.12282008490835,-68.12282008490835
1569.6900440120696,-68.12339971084751,-68.12339971084751
1569.7000440120696,-68.12399354054781,-68.12399354054781
1569.7100440120696,-68.12459575019365,-68.12459575019365
1569.7200440120696,-68.12520385174534,-68.12520385174534
1569.7300440120698,-68.12581669075277,-68.12581669075277
1569.7400440120698,-68.12643372972744,-68.12643372972744
1569.7500440120698,-68.12705477428823,-68.12705477428823
1569.7600440120698,-68.1276798306364,-68.1276798306364
1569.7700440120698,-68.1283090218439,-68.1283090218439
1569.7800440120698,-68.12894253750879,-68.12894253750879
1569.7900440120698,-68.12958060339537,-68.12958060339537
1569.8000440120697,-68.13022346327814,-68.13022346327814
1569.8100440120697,-68.13087136804427,-68.13087136804427
1569.8200440120697,-68.13152456937418,-68.13152456937418
1569.8300440120697,-68.13218331610115,-68.13218331610115
1569.8400440120697,-68.13284785225487,-68.13284785225487
1569.8500440120697,-68.13351841609709,-68.13351841609709
1569.8600440120697,-68.13419523978745,-68.13419523978745
1569.8700440120697,-68.13487854934594,-68.13487854934594
1569.8800440120697,-68.13556856487786,-68.13556856487786
1569.8900440120697,-68.13626550083825,-68.13626550083825
1569.9000440120697,-68.13696956635039,-68.13696956635039
1569.9100440120696,-68.13768096554703,-68.13768096554703
1569.9200440120696,-68.13839989788087,-68.13839989788087
1569.9300440120696,-68.13912655842442,-68.13912655842442
1569.9400440120696,-68.1398611381321,-68.1398611381321
1569.9500440359116,-68.14060382585062,-68.14060382585062
1569.9600440359116,-68.14135480147526,-68.14135480147526
1569.9700440359115,-68.14211424664668,-68.14211424664668
1569.9800440359115,-68.14288233795283,-68.14288233795283
1569.9900440359115,-68.14365924879588,-68.14365924879588
1570.0000440359115,-68.1444451494924,-68.1444451494924
1570.0100440359115,-68.14524020741176,-68.14524020741176
1570.0200440359115,-68.14604458703754,-68.14604458703754
1570.0300440359115,-68.14685845006916,-68.14685845006916
1570.0400440359115,-68.14768195546131,-68.14768195546131
1570.0500440359115,-68.14851525951858,-68.14851525951858
1570.0600440359115,-68.14935851592807,-68.14935851592807
1570.0700440359115,-68.15021187580221,-68.15021187580221
1570.0800440359117,-68.15107548773629,-68.15107548773629
1570.0900440359117,-68.15194949783344,-68.15194949783344
1570.1000440359117,-68.15283404973523,-68.15283404973523
1570.1100440359116,-68.15372928466152,-68.15372928466152
1570.1200440359116,-68.15463534142373,-68.15463534142373
1570.1300440359116,-68.15555235645748,-68.15555235645748
1570.1400440359116,-68.15648046385881,-68.15648046385881
1570.1500440359116,-68.1574197953736,-68.1574197953736
1570.1600440359116,-68.15837048044183,-68.15837048044183
1570.1700440359116,-68.15933264621006,-68.15933264621006
1570.1800440359116,-68.16030641755493,-68.16030641755493
1570.1900440359116,-68.16129191709514,-68.16129191709514
1570.2000440359116,-68.16228926520533,-68.16228926520533
1570.2100440359116,-68.16329264468266,-68.16329264468266
1570.2200440359115,-68.16429957644432,-68.16429957644432
1570.2300440359115,-68.16530891586909,-68.16530891586909
1570.2400440359115,-68.16632013577583,-68.16632013577583
1570.2500440359115,-68.16733305240957,-68.16733305240957
1570.2600440359115,-68.168347682853,-68.168347682853
1570.2700440359115,-68.16936416127923,-68.16936416127923
1570.2800440359115,-68.17038268857738,-68.17038268857738
1570.2900440359115,-68.17140350202114,-68.17140350202114
1570.3000440359115,-68.17242685704554,-68.17242685704554
1570.3100440359115,-68.17345301639692,-68.17345301639692
1570.3200440359115,-68.17448224375251,-68.17448224375251
1570.3300440359117,-68.17551480009456,-68.17551480009456
1570.3400440359117,-68.17655094173973,-68.17655094173973
1570.3500440359117,-68.17759091937137,-68.17759091937137
1570.3600440359116,-68.1786349776684,-68.1786349776684
1570.3700440359116,-68.17968335528896,-68.17968335528896
1570.3800440359116,-68.18073628506718,-68.18073628506718
1570.3900440359116,-68.18179399426054,-68.18179399426054
1570.4000440359116,-68.1828567048735,-68.1828567048735
1570.4100440359116,-68.18392463397916,-68.18392463397916
1570.4200440359116,-68.1849979940361,-68.1849979940361
1570.4300440359116,-68.1860769931498,-68.1860769931498
1570.4400440359116,-68.18716183533918,-68.18716183533918
1570.4500440359116,-68.18825272078419,-68.18825272078419
1570.4600440359116,-68.18934390878015,-68.18934390878015
1570.4700440359115,-68.19043299683288,-68.19043299683288
1570.4800440359115,-68.19151891623089,-68.19151891623089
1570.4900440359115,-68.19260121484895,-68.19260121484895
1570.5000440359115,-68.19367978311652,-68.19367978311652
1570.5100440359115,-68.19475471149812,-68.19475471149812
1570.5200440359115,-68.19582620678887,-68.19582620678887
1570.5300440359115,-68.19689454181979,-68.19689454181979
1570.5400440359115,-68.19796002513468,-68.19796002513468
1570.5500440359115,-68.19902298280522,-68.19902298280522
1570.5600440359115,-68.20008374763457,-68.20008374763457
1570.5700440359115,-68.20114265278613,-68.20114265278613
1570.5800440359117,-68.20220002819644,-68.20220002819644
1570.5900440359117,-68.20325619859162,-68.20325619859162
1570.6000440359117,-68.20431148254875,-68.20431148254875
1570.6100440359116,-68.20536619213114,-68.20536619213114
1570.6200440359116,-68.20642063287325,-68.20642063287325
1570.6300440359116,-68.20747510397297,-68.20747510397297
1570.6400440359116,-68.2085298985556,-68.2085298985556
1570.6500440359116,-68.20958530400229,-68.20958530400229
1570.6600440359116,-68.21064160223769,-68.21064160223769
1570.6700440359116,-68.21169907006795,-68.21169907006795
1570.6800440359116,-68.21275797944585,-68.21275797944585
1570.6900440359116,-68.2138185977355,-68.2138185977355
1570.7000440359116,-68.21488118790845,-68.21488118790845
1570.7100440359116,-68.21594600878456,-68.21594600878456
1570.7200440359115,-68.21701331516192,-68.21701331516192
1570.7300440359115,-68.21808335799184,-68.21808335799184
1570.7400440359115,-68.21915638448954,-68.21915638448954
1570.7500440359115,-68.22023263825973,-68.22023263825973
1570.7600440359115,-68.22131235937924,-68.22131235937924
1570.7700440359115,-68.22239578447427,-68.22239578447427
1570.7800440359115,-68.22348314680353,-68.22348314680353
1570.7900440359115,-68.22457467631408,-68.22457467631408
1570.8000440597534,-68.22567060229628,-68.22567060229628
1570.8100440597534,-68.22677114300924,-68.22677114300924
1570.8200440597534,-68.2278765213286,-68.2278765213286
1570.8300440597534,-68.22898695439739,-68.22898695439739
1570.8400440597534,-68.23010265623594,-68.23010265623594
1570.8500440597534,-68.23122383779018,-68.23122383779018
1570.8600440597534,-68.23235070694302,-68.23235070694302
1570.8700440597534,-68.23348346852413,-68.23348346852413
1570.8800440597533,-68.23462232434476,-68.23462232434476
1570.8900440597533,-68.23576747322944,-68.23576747322944
1570.9000440597533,-68.23691911101777,-68.23691911101777
1570.9100440597533,-68.23807743058039,-68.23807743058039
1570.9200440597533,-68.23924262183948,-68.23924262183948
1570.9300440597535,-68.24041487179574,-68.24041487179574
1570.9400440597535,-68.2415943645286,-68.2415943645286
1570.9500440597535,-68.24278128122394,-68.24278128122394
1570.9600440597535,-68.24397580019242,-68.24397580019242
1570.9700440597535,-68.24517809687178,-68.24517809687178
1570.9800440597535,-68.24638834386178,-68.24638834386178
1570.9900440597535,-68.24760671092604,-68.24760671092604
1571.0000440597535,-68.24883336501925,-68.24883336501925
1571.0100440597535,-68.25006847030245,-68.25006847030245
1571.0200440597534,-68.25131218816183,-68.25131218816183
1571.0300440597534,-68.2525646772181,-68.2525646772181
1571.0400440597534,-68.25382609336519,-68.25382609336519
1571.0500440597534,-68.25509658975935,-68.25509658975935
1571.0600440597534,-68.25637631688099,-68.25637631688099
1571.0700440597534,-68.25766542250673,-68.25766542250673
1571.0800440597534,-68.25896405176556,-68.25896405176556
1571.0900440597534,-68.26027234714613,-68.26027234714613
1571.1000440597534,-68.26159044851599,-68.26159044851599
1571.1100440597534,-68.2629184931401,-68.2629184931401
1571.1200440597534,-68.26425661572111,-68.26425661572111
1571.1300440597533,-68.2656049483947,-68.2656049483947
1571.1400440597533,-68.2669636207719,-68.2669636207719
1571.1500440597533,-68.26833275995695,-68.26833275995695
1571.1600440597533,-68.2697124905687,-68.2697124905687
1571.1700440597533,-68.27110293474516,-68.27110293474516
1571.1800440597535,-68.27250421220488,-68.27250421220488
1571.1900440597535,-68.2739164402419,-68.2739164402419
1571.2000440597535,-68.27533973376218,-68.27533973376218
1571.2100440597535,-68.27677420528893,-68.27677420528893
1571.2200440597535,-68.27821996501689,-68.27821996501689
1571.2300440597535,-68.27967712080553,-68.27967712080553
1571.2400440597535,-68.28114577822213,-68.28114577822213
1571.2500440597535,-68.28262604056492,-68.28262604056492
1571.2600440597535,-68.28411800887201,-68.28411800887201
1571.2700440597534,-68.28562178197261,-68.28562178197261
1571.2800440597534,-68.28713745648079,-68.28713745648079
1571.2900440597534,-68.28866512684168,-68.28866512684168
1571.3000440597534,-68.290204885352,-68.290204885352
1571.3100440597534,-68.29175682218111,-68.29175682218111
1571.3200440597534,-68.293321025389,-68.293321025389
1571.3300440597534,-68.29489758096794,-68.29489758096794
1571.3400440597534,-68.29648657284888,-68.29648657284888
1571.3500440597534,-68.29808808294158,-68.29808808294158
1571.3600440597534,-68.29970219114115,-68.29970219114115
1571.3700440597534,-68.30132897537429,-68.30132897537429
1571.3800440597533,-68.30296851160637,-68.30296851160637
1571.3900440597533,-68.30462087386928,-68.30462087386928
1571.4000440597533,-68.30628613429826,-68.30628613429826
1571.4100440597533,-68.30796436312403,-68.30796436312403
1571.4200440597533,-68.3096556287348,-68.3096556287348
1571.4300440597535,-68.31135999767938,-68.31135999767938
1571.4400440597535,-68.31307753469183,-68.31307753469183
1571.4500440597535,-68.31480830272598,-68.31480830272598
1571.4600440597535,-68.31654641505537,-68.31654641505537
1571.4700440597535,-68.31828933126242,-68.31828933126242
1571.4800440597535,-68.32003584851127,-68.32003584851127
1571.4900440597535,-68.3217853828483,-68.3217853828483
1571.5000440597535,-68.32353769463255,-68.32353769463255
1571.5100440597535,-68.32529274573714,-68.32529274573714
1571.5200440597534,-68.3270506156797,-68.3270506156797
1571.5300440597534,-68.32881145123686,-68.32881145123686
1571.5400440597534,-68.33057543602777,-68.33057543602777
1571.5500440597534,-68.33234277234686,-68.33234277234686
1571.5600440597534,-68.33411367029012,-68.33411367029012
1571.5700440597534,-68.33588834140367,-68.33588834140367
1571.5800440597534,-68.33766699505662,-68.33766699505662
1571.5900440597534,-68.33944983648176,-68.33944983648176
1571.6000440597534,-68.3412370657965,-68.3412370657965
1571.6100440597534,-68.34302887768166,-68.34302887768166
1571.6200440597534,-68.3448254613205,-68.3448254613205
1571.6300440597533,-68.34662700063251,-68.34662700063251
1571.6400440597533,-68.34843367452244,-68.34843367452244
1571.6500440835953,-68.35024566150362,-68.35024566150362
1571.6600440835953,-68.35206312281314,-68.35206312281314
1571.6700440835953,-68.35388622850914,-68.35388622850914
1571.6800440835952,-68.3557151405924,-68.3557151405924
1571.6900440835952,-68.3575500175543,-68.3575500175543
1571.7000440835952,-68.35939101458783,-68.35939101458783
1571.7100440835952,-68.36123828379922,-68.36123828379922
1571.7200440835952,-68.36309197438106,-68.36309197438106
1571.7300440835952,-68.3649522327764,-68.3649522327764
1571.7400440835952,-68.36681920278522,-68.36681920278522
1571.7500440835952,-68.36869302570612,-68.36869302570612
1571.7600440835952,-68.3705738404054,-68.3705738404054
1571.7700440835952,-68.37246178343,-68.37246178343
1571.7800440835954,-68.37435698905337,-68.37435698905337
1571.7900440835954,-68.37625958934474,-68.37625958934474
1571.8000440835954,-68.37816971423008,-68.37816971423008
1571.8100440835954,-68.38008749153346,-68.38008749153346
1571.8200440835953,-68.38201304700578,-68.38201304700578
1571.8300440835953,-68.3839465043868,-68.3839465043868
1571.8400440835953,-68.38588798539627,-68.38588798539627
1571.8500440835953,-68.38783760978603,-68.38783760978603
1571.8600440835953,-68.38979549535483,-68.38979549535483
1571.8700440835953,-68.39176175797479,-68.39176175797479
1571.8800440835953,-68.3937365115977,-68.3937365115977
1571.8900440835953,-68.39571986828929,-68.39571986828929
1571.9000440835953,-68.39771193822415,-68.39771193822415
1571.9100440835953,-68.39971282971764,-68.39971282971764
1571.9200440835953,-68.40172264922924,-68.40172264922924
1571.9300440835952,-68.40374150136907,-68.40374150136907
1571.9400440835952,-68.40576948892793,-68.40576948892793
1571.9500440835952,-68.40780671286373,-68.40780671286373
1571.9600440835952,-68.40985327234421,-68.40985327234421
1571.9700440835952,-68.41190926472385,-68.41190926472385
1571.9800440835952,-68.41397478558872,-68.41397478558872
1571.9900440835952,-68.41604992873422,-68.41604992873422
1572.0000440835952,-68.41813478620722,-68.41813478620722
1572.0100440835952,-68.42022944829286,-68.42022944829286
1572.0200440835952,-68.42233400353751,-68.42233400353751
1572.0300440835954,-68.42444853874608,-68.42444853874608
1572.0400440835954,-68.42657313902262,-68.42657313902262
1572.0500440835954,-68.42870788774303,-68.42870788774303
1572.0600440835954,-68.4308528666141,-68.4308528666141
1572.0700440835953,-68.4330081556367,-68.4330081556367
1572.0800440835953,-68.43517383314467,-68.43517383314467
1572.0900440835953,-68.43734997581456,-68.43734997581456
1572.1000440835953,-68.43953665867923,-68.43953665867923
1572.1100440835953,-68.44173395513002,-68.44173395513002
1572.1200440835953,-68.4439419369445,-68.4439419369445
1572.1300440835953,-68.44616067428642,-68.44616067428642
1572.1400440835953,-68.4483902357296,-68.4483902357296
1572.1500440835953,-68.4506306882632,-68.4506306882632
1572.1600440835953,-68.45288209731173,-68.45288209731173
1572.1700440835953,-68.45514452674304,-68.45514452674304
1572.1800440835952,-68.45741803888743,-68.45741803888743
1572.1900440835952,-68.459702694552,-68.459702694552
1572.2000440835952,-68.46199855303382,-68.46199855303382
1572.2100440835952,-68.46430567212093,-68.46430567212093
1572.2200440835952,-68.46662410813917,-68.46662410813917
1572.2300440835952,-68.46895391593478,-68.46895391593478
1572.2400440835952,-68.47129514890172,-68.47129514890172
1572.2500440835952,-68.47364785900766,-68.47364785900766
1572.2600440835952,-68.4760120967799,-68.4760120967799
1572.2700440835952,-68.47838791135501,-68.47838791135501
1572.2800440835954,-68.48077535046681,-68.48077535046681
1572.2900440835954,-68.48317446046632,-68.48317446046632
1572.3000440835954,-68.48558528636606,-68.48558528636606
1572.3100440835954,-68.48800787180872,-68.48800787180872
1572.3200440835953,-68.49044225911379,-68.49044225911379
1572.3300440835953,-68.49288848928653,-68.49288848928653
1572.3400440835953,-68.49534660203076,-68.49534660203076
1572.3500440835953,-68.49781663575509,-68.49781663575509
1572.3600440835953,-68.50029862760897,-68.50029862760897
1572.3700440835953,-68.5027926134862,-68.5027926134862
1572.3800440835953,-68.50529862803354,-68.50529862803354
1572.3900440835953,-68.50781670467549,-68.50781670467549
1572.4000440835953,-68.51034687561922,-68.51034687561922
1572.4100440835953,-68.5128891718991,-68.5128891718991
1572.4200440835953,-68.51544362334424,-68.51544362334424
1572.4300440835952,-68.51801025863725,-68.51801025863725
1572.4400440835952,-68.52058910530286,-68.52058910530286
1572.4500440835952,-68.52318018973398,-68.52318018973398
1572.4600440835952,-68.52577756988363,-68.52577756988363
1572.4700440835952,-68.52837866077266,-68.52837866077266
1572.4800440835952,-68.53098221949205,-68.53098221949205
1572.4900440835952,-68.53358762430267,-68.53358762430267
1572.5000441074371,-68.53619460548423,-68.53619460548423
1572.5100441074371,-68.53880307731384,-68.53880307731384
1572.5200441074371,-68.54141309123564,-68.54141309123564
1572.530044107437,-68.54402476053926,-68.54402476053926
1572.540044107437,-68.54663823610076,-68.54663823610076
1572.550044107437,-68.54925368817446,-68.54925368817446
1572.560044107437,-68.55187129546576,-68.55187129546576
1572.570044107437,-68.55449123879873,-68.55449123879873
1572.580044107437,-68.5571136974362,-68.5571136974362
1572.590044107437,-68.55973884713525,-68.55973884713525
1572.600044107437,-68.56236685917706,-68.56236685917706
1572.610044107437,-68.56499789996235,-68.56499789996235
1572.620044107437,-68.56763213103847,-68.56763213103847
1572.6300441074372,-68.57026970922144,-68.57026970922144
1572.6400441074372,-68.57291078690946,-68.57291078690946
1572.6500441074372,-68.57555551235717,-68.57555551235717
1572.6600441074372,-68.57820403000335,-68.57820403000335
1572.6700441074372,-68.58085648076008,-68.58085648076008
1572.6800441074372,-68.58351300230669,-68.58351300230669
1572.6900441074372,-68.58617372931296,-68.58617372931296
1572.7000441074372,-68.58883879368317,-68.58883879368317
1572.7100441074372,-68.59150235173999,-68.59150235173999
1572.7200441074372,-68.5941619187545,-68.5941619187545
1572.7300441074372,-68.5968163521486,-68.5968163521486
1572.7400441074371,-68.59946512998762,-68.59946512998762
1572.7500441074371,-68.60210807548496,-68.60210807548496
1572.7600441074371,-68.60474521374049,-68.60474521374049
1572.7700441074371,-68.60737668771544,-68.60737668771544
1572.780044107437,-68.61000270768118,-68.61000270768118
1572.790044107437,-68.6126235208328,-68.6126235208328
1572.800044107437,-68.6152393930378,-68.6152393930378
1572.810044107437,-68.61785059800357,-68.61785059800357
1572.820044107437,-68.62045741087958,-68.62045741087958
1572.830044107437,-68.62306010465775,-68.62306010465775
1572.840044107437,-68.62565894817145,-68.62565894817145
1572.850044107437,-68.6282542051622,-68.6282542051622
1572.860044107437,-68.63084613387869,-68.63084613387869
1572.870044107437,-68.63343498708109,-68.63343498708109
1572.8800441074372,-68.63602101217664,-68.63602101217664
1572.8900441074372,-68.63860445150742,-68.63860445150742
1572.9000441074372,-68.64118554264456,-68.64118554264456
1572.9100441074372,-68.64376451870233,-68.64376451870233
1572.9200441074372,-68.64634160859987,-68.64634160859987
1572.9300441074372,-68.64891703736349,-68.64891703736349
1572.9400441074372,-68.65149102635466,-68.65149102635466
1572.9500441074372,-68.65406379346817,-68.65406379346817
1572.9600441074372,-68.65662957521675,-68.65662957521675
1572.9700441074372,-68.65918596957445,-68.65918596957445
1572.9800441074372,-68.66173191717054,-68.66173191717054
1572.9900441074371,-68.66426697911064,-68.66426697911064
1573.0000441074371,-68.66679106118659,-68.66679106118659
1573.0100441074371,-68.66930427054935,-68.66930427054935
1573.0200441074371,-68.67180683154399,-68.67180683154399
1573.030044107437,-68.67429903517251,-68.67429903517251
1573.040044107437,-68.67678120866817,-68.67678120866817
1573.050044107437,-68.67925369719623,-68.67925369719623
1573.060044107437,-68.68171685303786,-68.68171685303786
1573.070044107437,-68.68417102918711,-68.68417102918711
1573.080044107437,-68.68661657571683,-68.68661657571683
1573.090044107437,-68.6890538378091,-68.6890538378091
1573.100044107437,-68.69148315477428,-68.69148315477428
1573.110044107437,-68.69390485968572,-68.69390485968572
1573.120044107437,-68.69631927935208,-68.69631927935208
1573.1300441074372,-68.69872673448272,-68.69872673448272
1573.1400441074372,-68.70112753993475,-68.70112753993475
1573.1500441074372,-68.70352200501549,-68.70352200501549
1573.1600441074372,-68.70591043381724,-68.70591043381724
1573.1700441074372,-68.70829312545611,-68.70829312545611
1573.1800441074372,-68.71067037438645,-68.71067037438645
1573.1900441074372,-68.71304247061732,-68.71304247061732
1573.2000441074372,-68.71540969993696,-68.71540969993696
1573.2100441074372,-68.7177723440727,-68.7177723440727
1573.2200441074372,-68.72013068088243,-68.72013068088243
1573.2300441074372,-68.7224849844788,-68.7224849844788
1573.2400441074371,-68.72483552533477,-68.72483552533477
1573.2500441074371,-68.72718257040259,-68.72718257040259
1573.2600441074371,-68.72952638318425,-68.72952638318425
1573.2700441074371,-68.73186722381894,-68.73186722381894
1573.280044107437,-68.73420534912438,-68.73420534912438
1573.290044107437,-68.73654101265492,-68.73654101265492
1573.300044107437,-68.73887446477036,-68.73887446477036
1573.310044107437,-68.74120595262445,-68.74120595262445
1573.320044107437,-68.74353572022954,-68.74353572022954
1573.330044107437,-68.74586400848925,-68.74586400848925
1573.340044107437,-68.74819105520544,-68.74819105520544
1573.350044131279,-68.75051710063573,-68.75051710063573
1573.360044131279,-68.75284236538432,-68.75284236538432
1573.370044131279,-68.75516708361137,-68.75516708361137
1573.380044131279,-68.7574914809213,-68.7574914809213
1573.390044131279,-68.75981577991924,-68.75981577991924
1573.400044131279,-68.76214020020436,-68.76214020020436
1573.410044131279,-68.76446495839085,-68.76446495839085
1573.420044131279,-68.76679026812675,-68.76679026812675
1573.430044131279,-68.76911634010844,-68.76911634010844
1573.440044131279,-68.7714433820813,-68.7714433820813
1573.450044131279,-68.77377159886181,-68.77377159886181
1573.460044131279,-68.77610119233921,-68.77610119233921
1573.4700441312789,-68.77843236151128,-68.77843236151128
1573.480044131279,-68.78076530247448,-68.78076530247448
1573.490044131279,-68.78310020846233,-68.78310020846233
1573.500044131279,-68.7854372698239,-68.7854372698239
1573.510044131279,-68.78777667408065,-68.78777667408065
1573.520044131279,-68.79011860590165,-68.79011860590165
1573.530044131279,-68.79246324717009,-68.79246324717009
1573.540044131279,-68.79481077694062,-68.79481077694062
1573.550044131279,-68.79716137150798,-68.79716137150798
1573.560044131279,-68.79951520438732,-68.79951520438732
1573.570044131279,-68.80187244635661,-68.80187244635661
1573.580044131279,-68.80423326546183,-68.80423326546183
1573.590044131279,-68.80659782704294,-68.80659782704294
1573.600044131279,-68.80896629375148,-68.80896629375148
1573.610044131279,-68.81133882556736,-68.81133882556736
1573.620044131279,-68.8137155798252,-68.8137155798252
1573.630044131279,-68.81609671122399,-68.81609671122399
1573.640044131279,-68.81848237186708,-68.81848237186708
1573.650044131279,-68.8208727112673,-68.8208727112673
1573.660044131279,-68.82326787636485,-68.82326787636485
1573.670044131279,-68.82566801157611,-68.82566801157611
1573.680044131279,-68.82807325878227,-68.82807325878227
1573.690044131279,-68.83048375737776,-68.83048375737776
1573.700044131279,-68.83289964428225,-68.83289964428225
1573.710044131279,-68.83532105395689,-68.83532105395689
1573.7200441312789,-68.83774811844849,-68.83774811844849
1573.730044131279,-68.84018096738525,-68.84018096738525
1573.740044131279,-68.84261972803007,-68.84261972803007
1573.750044131279,-68.84506452528227,-68.84506452528227
1573.760044131279,-68.84751548170622,-68.84751548170622
1573.770044131279,-68.84997271756247,-68.84997271756247
1573.780044131279,-68.8524363508299,-68.8524363508299
1573.790044131279,-68.85490649722996,-68.85490649722996
1573.800044131279,-68.85738327023294,-68.85738327023294
1573.810044131279,-68.85986678111479,-68.85986678111479
1573.820044131279,-68.86235713896356,-68.86235713896356
1573.830044131279,-68.86485445069277,-68.86485445069277
1573.840044131279,-68.86735882109441,-68.86735882109441
1573.850044131279,-68.86987035284027,-68.86987035284027
1573.860044131279,-68.87238914650588,-68.87238914650588
1573.870044131279,-68.87491530061345,-68.87491530061345
1573.880044131279,-68.87736671858826,-68.87736671858826
1573.890044131279,-68.87972036779291,-68.87972036779291
1573.900044131279,-68.88197056218753,-68.88197056218753
1573.910044131279,-68.88411636439879,-68.88411636439879
1573.920044131279,-68.88615828008176,-68.88615828008176
1573.930044131279,-68.8880973412457,-68.8880973412457
1573.940044131279,-68.88993482888482,-68.88993482888482
1573.950044131279,-68.89167217751996,-68.89167217751996
1573.960044131279,-68.89331093409498,-68.89331093409498
1573.9700441312789,-68.89485273385199,-68.89485273385199
1573.980044131279,-68.8962992820838,-68.8962992820838
1573.990044131279,-68.8976523385032,-68.8976523385032
1574.000044131279,-68.8989137033912,-68.8989137033912
1574.010044131279,-68.90008520539291,-68.90008520539291
1574.020044131279,-68.9011686908086,-68.9011686908086
1574.030044131279,-68.9021660144015,-68.9021660144015
1574.040044131279,-68.90307903164448,-68.90307903164448
1574.050044131279,-68.90390959216583,-68.90390959216583
1574.060044131279,-68.9046595343885,-68.9046595343885
1574.070044131279,-68.90533068119487,-68.90533068119487
1574.080044131279,-68.90592483641082,-68.90592483641082
1574.090044131279,-68.9064437821235,-68.9064437821235
1574.100044131279,-68.90688927655674,-68.90688927655674
1574.110044131279,-68.90726305252538,-68.90726305252538
1574.120044131279,-68.90756681632956,-68.90756681632956
1574.130044131279,-68.90780224702785,-68.90780224702785
1574.140044131279,-68.90797099596648,-68.90797099596648
1574.150044131279,-68.9080746866227,-68.9080746866227
1574.160044131279,-68.90811491457974,-68.90811491457974
1574.170044131279,-68.90809324769113,-68.90809324769113
1574.180044131279,-68.90801122635042,-68.90801122635042
1574.190044131279,-68.90787036384437,-68.90787036384437
1574.2000441551208,-68.90767214630996,-68.90767214630996
1574.2100441551208,-68.90741803490383,-68.90741803490383
1574.2200441551208,-68.90710946421845,-68.90710946421845
1574.2300441551208,-68.90674784378386,-68.90674784378386
1574.2400441551208,-68.90633455858578,-68.90633455858578
1574.2500441551208,-68.90587096951924,-68.90587096951924
1574.2600441551208,-68.90535841398048,-68.90535841398048
1574.2700441551208,-68.90479820635628,-68.90479820635628
1574.2800441551208,-68.90419163854715,-68.90419163854715
1574.2900441551208,-68.90353998048309,-68.90353998048309
1574.3000441551208,-68.90284448059873,-68.90284448059873
1574.3100441551207,-68.90210636632168,-68.90210636632168
1574.3200441551207,-68.9013268445061,-68.9013268445061
1574.330044155121,-68.9005071018775,-68.9005071018775
1574.340044155121,-68.89964830544865,-68.89964830544865
1574.350044155121,-68.89875160293276,-68.89875160293276
1574.360044155121,-68.89781812310747,-68.89781812310747
1574.370044155121,-68.89684897620866,-68.89684897620866
1574.380044155121,-68.89584525425157,-68.89584525425157
1574.390044155121,-68.89480803140926,-68.89480803140926
1574.400044155121,-68.89373836429904,-68.89373836429904
1574.4100441551209,-68.89263729231672,-68.89263729231672
1574.4200441551209,-68.89150583792689,-68.89150583792689
1574.4300441551209,-68.89034500695682,-68.89034500695682
1574.4400441551209,-68.88915578887641,-68.88915578887641
1574.4500441551208,-68.88793915705699,-68.88793915705699
1574.4600441551208,-68.88669606903379,-68.88669606903379
1574.4700441551208,-68.88542746676127,-68.88542746676127
1574.4800441551208,-68.8841342768565,-68.8841342768565
1574.4900441551208,-68.88281741081494,-68.88281741081494
1574.5000441551208,-68.88147776527158,-68.88147776527158
1574.5100441551208,-68.88011622220087,-68.88011622220087
1574.5200441551208,-68.87873364911958,-68.87873364911958
1574.5300441551208,-68.87733089932553,-68.87733089932553
1574.5400441551208,-68.87590881210441,-68.87590881210441
1574.5500441551208,-68.87446821290057,-68.87446821290057
1574.5600441551207,-68.87300991353858,-68.87300991353858
1574.5700441551207,-68.87153471239981,-68.87153471239981
1574.580044155121,-68.87004339462689,-68.87004339462689
1574.590044155121,-68.86853673230486,-68.86853673230486
1574.600044155121,-68.86701548463957,-68.86701548463957
1574.610044155121,-68.86548039812791,-68.86548039812791
1574.620044155121,-68.86393220675613,-68.86393220675613
1574.630044155121,-68.86237163213809,-68.86237163213809
1574.640044155121,-68.860799383729,-68.860799383729
1574.650044155121,-68.85921615895727,-68.85921615895727
1574.6600441551209,-68.85762264341288,-68.85762264341288
1574.6700441551209,-68.85601951099854,-68.85601951099854
1574.6800441551209,-68.8544074240916,-68.8544074240916
1574.6900441551209,-68.85278703370238,-68.85278703370238
1574.7000441551208,-68.85115897964997,-68.85115897964997
1574.7100441551208,-68.8495238906867,-68.8495238906867
1574.7200441551208,-68.84788238466734,-68.84788238466734
1574.7300441551208,-68.84623506871168,-68.84623506871168
1574.7400441551208,-68.84458253932728,-68.84458253932728
1574.7500441551208,-68.84288495640064,-68.84288495640064
1574.7600441551208,-68.84111942663816,-68.84111942663816
1574.7700441551208,-68.83927456296823,-68.83927456296823
1574.7800441551208,-68.83734510820346,-68.83734510820346
1574.7900441551208,-68.83532909233149,-68.83532909233149
1574.8000441551208,-68.83322633167042,-68.83322633167042
1574.8100441551207,-68.83103761083481,-68.83103761083481
1574.8200441551207,-68.82876422751363,-68.82876422751363
1574.830044155121,-68.82640773655967,-68.82640773655967
1574.840044155121,-68.8239698059079,-68.8239698059079
1574.850044155121,-68.82145213623988,-68.82145213623988
1574.860044155121,-68.81885641737448,-68.81885641737448
1574.870044155121,-68.81618430584875,-68.81618430584875
1574.880044155121,-68.81343741479414,-68.81343741479414
1574.890044155121,-68.81061731069427,-68.81061731069427
1574.900044155121,-68.80772551408951,-68.80772551408951
1574.9100441551209,-68.80476350219604,-68.80476350219604
1574.9200441551209,-68.80173271249767,-68.80173271249767
1574.9300441551209,-68.79863454658437,-68.79863454658437
1574.9400441551209,-68.79547037399222,-68.79547037399222
1574.9500441551208,-68.79224153571502,-68.79224153571502
1574.9600441551208,-68.78894336196808,-68.78894336196808
1574.9700441551208,-68.7855745346592,-68.7855745346592
1574.9800441551208,-68.78213506524449,-68.78213506524449
1574.9900441551208,-68.77862557260568,-68.77862557260568
1575.0000441551208,-68.77504700820292,-68.77504700820292
1575.0100441551208,-68.77140051368411,-68.77140051368411
1575.0200441551208,-68.76768733764628,-68.76768733764628
1575.0300441551208,-68.76390878582227,-68.76390878582227
1575.0400441551208,-68.76006619133679,-68.76006619133679
1575.0500441789627,-68.75616088773799,-68.75616088773799
1575.0600441789627,-68.75219423556862,-68.75219423556862
1575.0700441789627,-68.74816756130845,-68.74816756130845
1575.0800441789627,-68.74408219046883,-68.74408219046883
1575.0900441789627,-68.73993943685004,-68.73993943685004
1575.1000441789627,-68.73574060177121,-68.73574060177121
1575.1100441789627,-68.73148697380991,-68.73148697380991
1575.1200441789626,-68.72717982889263,-68.72717982889263
1575.1300441789626,-68.72282043046289,-68.72282043046289
1575.1400441789626,-68.71841002980854,-68.71841002980854
1575.1500441789626,-68.71394986632356,-68.71394986632356
1575.1600441789626,-68.70944116778297,-68.70944116778297
1575.1700441789626,-68.70488515060254,-68.70488515060254
1575.1800441789628,-68.70028302003666,-68.70028302003666
1575.1900441789628,-68.6956359703452,-68.6956359703452
1575.2000441789628,-68.69094518492491,-68.69094518492491
1575.2100441789628,-68.68621183641224,-68.68621183641224
1575.2200441789628,-68.68143708674985,-68.68143708674985
1575.2300441789628,-68.6766220872224,-68.6766220872224
1575.2400441789628,-68.67176797850611,-68.67176797850611
1575.2500441789628,-68.66687589063915,-68.66687589063915
1575.2600441789627,-68.66194694305022,-68.66194694305022
1575.2700441789627,-68.65698224450432,-68.65698224450432
1575.2800441789627,-68.6519828931012,-68.6519828931012
1575.2900441789627,-68.6469499762402,-68.6469499762402
1575.3000441789627,-68.64188457056949,-68.64188457056949
1575.3100441789627,-68.63678774195563,-68.63678774195563
1575.3200441789627,-68.6316605454467,-68.6316605454467
1575.3300441789627,-68.62650402522796,-68.62650402522796
1575.3400441789627,-68.62131921458317,-68.62131921458317
1575.3500441789627,-68.61610713585597,-68.61610713585597
1575.3600441789627,-68.61086880041766,-68.61086880041766
1575.3700441789626,-68.60560520864391,-68.60560520864391
1575.3800441789626,-68.60031734986971,-68.60031734986971
1575.3900441789626,-68.59500620238279,-68.59500620238279
1575.4000441789626,-68.58967273339378,-68.58967273339378
1575.4100441789626,-68.5843178990205,-68.5843178990205
1575.4200441789626,-68.57894264428417,-68.57894264428417
1575.4300441789628,-68.57354790308595,-68.57354790308595
1575.4400441789628,-68.56813459823341,-68.56813459823341
1575.4500441789628,-68.56270364142983,-68.56270364142983
1575.4600441789628,-68.55724997274875,-68.55724997274875
1575.4700441789628,-68.55177188493506,-68.55177188493506
1575.4800441789628,-68.54626900455887,-68.54626900455887
1575.4900441789628,-68.5407415700634,-68.5407415700634
1575.5000441789628,-68.53519015598795,-68.53519015598795
1575.5100441789627,-68.5296155295621,-68.5296155295621
1575.5200441789627,-68.52401856646705,-68.52401856646705
1575.5300441789627,-68.51840020018183,-68.51840020018183
1575.5400441789627,-68.51276139148428,-68.51276139148428
1575.5500441789627,-68.50710311016444,-68.50710311016444
1575.5600441789627,-68.50142632418121,-68.50142632418121
1575.5700441789627,-68.4957319932843,-68.4957319932843
1575.5800441789627,-68.49002106540051,-68.49002106540051
1575.5900441789627,-68.48429447475212,-68.48429447475212
1575.6000441789627,-68.47855314091677,-68.47855314091677
1575.6100441789627,-68.47279796851383,-68.47279796851383
1575.6200441789626,-68.46702984730015,-68.46702984730015
1575.6300441789626,-68.46124965235175,-68.46124965235175
1575.6400441789626,-68.45545824444672,-68.45545824444672
1575.6500441789626,-68.44965647043043,-68.44965647043043
1575.6600441789626,-68.44384516360306,-68.44384516360306
1575.6700441789626,-68.43802514409609,-68.43802514409609
1575.6800441789628,-68.43219721922783,-68.43219721922783
1575.6900441789628,-68.42636218383682,-68.42636218383682
1575.7000441789628,-68.4205208205594,-68.4205208205594
1575.7100441789628,-68.41467390011982,-68.41467390011982
1575.7200441789628,-68.40882218157465,-68.40882218157465
1575.7300441789628,-68.40296641252193,-68.40296641252193
1575.7400441789628,-68.39710732931914,-68.39710732931914
1575.7500441789628,-68.39124565727518,-68.39124565727518
1575.7600441789627,-68.38538211079981,-68.38538211079981
1575.7700441789627,-68.37951739357757,-68.37951739357757
1575.7800441789627,-68.37365219871361,-68.37365219871361
1575.7900441789627,-68.36778720886728,-68.36778720886728
1575.8000441789627,-68.36192309637893,-68.36192309637893
1575.8100441789627,-68.35606052339169,-68.35606052339169
1575.8200441789627,-68.35020014198554,-68.35020014198554
1575.8300441789627,-68.34434259426115,-68.34434259426115
1575.8400441789627,-68.33848851247346,-68.33848851247346
1575.8500441789627,-68.33263851912068,-68.33263851912068
1575.8600441789627,-68.32679322704602,-68.32679322704602
1575.8700441789626,-68.32095323954623,-68.32095323954623
1575.8800441789626,-68.31511915046474,-68.31511915046474
1575.8900441789626,-68.30929154428377,-68.30929154428377
1575.9000442028046,-68.30347098235747,-68.30347098235747
1575.9100442028046,-68.29765805849141,-68.29765805849141
1575.9200442028045,-68.29185331577901,-68.29185331577901
1575.9300442028045,-68.28605730220674,-68.28605730220674
1575.9400442028045,-68.28027055687738,-68.28027055687738
1575.9500442028045,-68.27449361008635,-68.27449361008635
1575.9600442028045,-68.26872698342179,-68.26872698342179
1575.9700442028045,-68.26297118984112,-68.26297118984112
1575.9800442028045,-68.25722673378507,-68.25722673378507
1575.9900442028045,-68.25149411123856,-68.25149411123856
1576.0000442028045,-68.24577380984532,-68.24577380984532
1576.0100442028045,-68.24006630897829,-68.24006630897829
1576.0200442028045,-68.23437207984631,-68.23437207984631
1576.0300442028047,-68.22869158557297,-68.22869158557297
1576.0400442028047,-68.22302528127051,-68.22302528127051
1576.0500442028047,-68.21737361417176,-68.21737361417176
1576.0600442028046,-68.21173702366039,-68.21173702366039
1576.0700442028046,-68.20611594141438,-68.20611594141438
1576.0800442028046,-68.20051079145715,-68.20051079145715
1576.0900442028046,-68.19492199026243,-68.19492199026243
1576.1000442028046,-68.18934994682463,-68.18934994682463
1576.1100442028046,-68.18379506276884,-68.18379506276884
1576.1200442028046,-68.17825773242541,-68.17825773242541
1576.1300442028046,-68.17273834291369,-68.17273834291369
1576.1400442028046,-68.16723727423259,-68.16723727423259
1576.1500442028046,-68.16175489934339,-68.16175489934339
1576.1600442028046,-68.15629158425037,-68.15629158425037
1576.1700442028045,-68.15084768810804,-68.15084768810804
1576.1800442028045,-68.14542356327588,-68.14542356327588
1576.1900442028045,-68.14001955542011,-68.14001955542011
1576.2000442028045,-68.13463600359326,-68.13463600359326
1576.2100442028045,-68.12927324030825,-68.12927324030825
1576.2200442028045,-68.12393159164216,-68.12393159164216
1576.2300442028045,-68.11861137729285,-68.11861137729285
1576.2400442028045,-68.11331291068896,-68.11331291068896
1576.2500442028045,-68.10803649903036,-68.10803649903036
1576.2600442028045,-68.10278244340921,-68.10278244340921
1576.2700442028045,-68.09755103887362,-68.09755103887362
1576.2800442028047,-68.09234257449285,-68.09234257449285
1576.2900442028047,-68.08715733345679,-68.08715733345679
1576.3000442028047,-68.0819955931472,-68.0819955931472
1576.3100442028046,-68.0768576252043,-68.0768576252043
1576.3200442028046,-68.07174369562775,-68.07174369562775
1576.3300442028046,-68.0666540648156,-68.0666540648156
1576.3400442028046,-68.06158898767777,-68.06158898767777
1576.3500442028046,-68.05654871368586,-68.05654871368586
1576.3600442028046,-68.05153348695875,-68.05153348695875
1576.3700442028046,-68.0465435463288,-68.0465435463288
1576.3800442028046,-68.0415791254185,-68.0415791254185
1576.3900442028046,-68.03664045270123,-68.03664045270123
1576.4000442028046,-68.03172775160756,-68.03172775160756
1576.4100442028046,-68.02684124053025,-68.02684124053025
1576.4200442028045,-68.0219811329695,-68.0219811329695
1576.4300442028045,-68.01713940491685,-68.01713940491685
1576.4400442028045,-68.0123067077038,-68.0123067077038
1576.4500442028045,-68.00747500595192,-68.00747500595192
1576.4600442028045,-68.00263782109216,-68.00263782109216
1576.4700442028045,-67.99778991243575,-67.99778991243575
1576.4800442028045,-67.99292696149409,-67.99292696149409
1576.4900442028045,-67.9880453529173,-67.9880453529173
1576.5000442028045,-67.98314203261505,-67.98314203261505
1576.5100442028045,-67.97821441350084,-67.97821441350084
1576.5200442028045,-67.97326030848788,-67.97326030848788
1576.5300442028047,-67.96827787911154,-67.96827787911154
1576.5400442028047,-67.96326559370921,-67.96326559370921
1576.5500442028047,-67.95822219189856,-67.95822219189856
1576.5600442028046,-67.95314665365568,-67.95314665365568
1576.5700442028046,-67.948038172186,-67.948038172186
1576.5800442028046,-67.94289612988095,-67.94289612988095
1576.5900442028046,-67.93772007699265,-67.93772007699265
1576.6000442028046,-67.93250971273918,-67.93250971273918
1576.6100442028046,-67.92726486856563,-67.92726486856563
1576.6200442028046,-67.92198549326366,-67.92198549326366
1576.6300442028046,-67.91667163979926,-67.91667163979926
1576.6400442028046,-67.91132345363302,-67.91132345363302
1576.6500442028046,-67.90594116235641,-67.90594116235641
1576.6600442028046,-67.90052506648507,-67.90052506648507
1576.6700442028045,-67.89507553127609,-67.89507553127609
1576.6800442028045,-67.8895929794641,-67.8895929794641
1576.6900442028045,-67.88407788475926,-67.88407788475926
1576.7000442028045,-67.87853076607259,-67.87853076607259
1576.7100442028045,-67.87294628281573,-67.87294628281573
1576.7200442028045,-67.86732246046303,-67.86732246046303
1576.7300442028045,-67.86165868779855,-67.86165868779855
1576.7400442028045,-67.85595499836795,-67.85595499836795
1576.7500442266464,-67.85021178031658,-67.85021178031658
1576.7600442266464,-67.8444296858393,-67.8444296858393
1576.7700442266464,-67.83860946308099,-67.83860946308099
1576.7800442266464,-67.83275195789619,-67.83275195789619
1576.7900442266464,-67.82685806769761,-67.82685806769761
1576.8000442266464,-67.82092872127322,-67.82092872127322
1576.8100442266464,-67.8149648661301,-67.8149648661301
1576.8200442266464,-67.80896746047218,-67.80896746047218
1576.8300442266464,-67.80293746812043,-67.80293746812043
1576.8400442266463,-67.79687585516363,-67.79687585516363
1576.8500442266463,-67.79078358775999,-67.79078358775999
1576.8600442266463,-67.78466163065134,-67.78466163065134
1576.8700442266463,-67.77851094613376,-67.77851094613376
1576.8800442266465,-67.77233249328553,-67.77233249328553
1576.8900442266465,-67.76612722736765,-67.76612722736765
1576.9000442266465,-67.75989609936917,-67.75989609936917
1576.9100442266465,-67.7536400555886,-67.7536400555886
1576.9200442266465,-67.74736003729095,-67.74736003729095
1576.9300442266465,-67.74105698037407,-67.74105698037407
1576.9400442266465,-67.73473181506012,-67.73473181506012
1576.9500442266465,-67.72838546563317,-67.72838546563317
1576.9600442266465,-67.72201885014135,-67.72201885014135
1576.9700442266465,-67.71563288014906,-67.71563288014906
1576.9800442266464,-67.70922846048778,-67.70922846048778
1576.9900442266464,-67.70280648902849,-67.70280648902849
1577.0000442266464,-67.69636785644825,-67.69636785644825
1577.0100442266464,-67.68991344603829,-67.68991344603829
1577.0200442266464,-67.68344413347994,-67.68344413347994
1577.0300442266464,-67.6769607866879,-67.6769607866879
1577.0400442266464,-67.67046426561699,-67.67046426561699
1577.0500442266464,-67.66395542210878,-67.66395542210878
1577.0600442266464,-67.65743509974085,-67.65743509974085
1577.0700442266464,-67.65090413369282,-67.65090413369282
1577.0800442266464,-67.64436335061704,-67.64436335061704
1577.0900442266463,-67.63781356851158,-67.63781356851158
1577.1000442266463,-67.63125559665339,-67.63125559665339
1577.1100442266463,-67.62469023546271,-67.62469023546271
1577.1200442266463,-67.6181182764374,-67.6181182764374
1577.1300442266465,-67.61154050209487,-67.61154050209487
1577.1400442266465,-67.60495768587705,-67.60495768587705
1577.1500442266465,-67.59837059212475,-67.59837059212475
1577.1600442266465,-67.59177997600862,-67.59177997600862
1577.1700442266465,-67.58518658350661,-67.58518658350661
1577.1800442266465,-67.57859115135881,-67.57859115135881
1577.1900442266465,-67.57199440705452,-67.57199440705452
1577.2000442266465,-67.56539706881215,-67.56539706881215
1577.2100442266465,-67.55879984557257,-67.55879984557257
1577.2200442266465,-67.55220343698858,-67.55220343698858
1577.2300442266464,-67.54560853342622,-67.54560853342622
1577.2400442266464,-67.5390158159866,-67.5390158159866
1577.2500442266464,-67.5324259565146,-67.5324259565146
1577.2600442266464,-67.52583961759791,-67.52583961759791
1577.2700442266464,-67.51925745261774,-67.51925745261774
1577.2800442266464,-67.51268010576477,-67.51268010576477
1577.2900442266464,-67.50610821206539,-67.50610821206539
1577.3000442266464,-67.4995423974225,-67.4995423974225
1577.3100442266464,-67.49298327866235,-67.49298327866235
1577.3200442266464,-67.48643146356251,-67.48643146356251
1577.3300442266464,-67.47988755090907,-67.47988755090907
1577.3400442266463,-67.47335213054888,-67.47335213054888
1577.3500442266463,-67.46682578342667,-67.46682578342667
1577.3600442266463,-67.4603090816587,-67.4603090816587
1577.3700442266463,-67.45380258857541,-67.45380258857541
1577.3800442266465,-67.44730685879345,-67.44730685879345
1577.3900442266465,-67.44082243825986,-67.44082243825986
1577.4000442266465,-67.43434986433934,-67.43434986433934
1577.4100442266465,-67.42788966586211,-67.42788966586211
1577.4200442266465,-67.42144236320215,-67.42144236320215
1577.4300442266465,-67.41500846832933,-67.41500846832933
1577.4400442266465,-67.40858848491402,-67.40858848491402
1577.4500442266465,-67.40218290835378,-67.40218290835378
1577.4600442266465,-67.39579222588199,-67.39579222588199
1577.4700442266465,-67.38941691663355,-67.38941691663355
1577.4800442266464,-67.38305745171076,-67.38305745171076
1577.4900442266464,-67.37671429426396,-67.37671429426396
1577.5000442266464,-67.37038789957064,-67.37038789957064
1577.5100442266464,-67.3640787151145,-67.3640787151145
1577.5200442266464,-67.35778718065191,-67.35778718065191
1577.5300442266464,-67.35151372831079,-67.35151372831079
1577.5400442266464,-67.34525878265602,-67.34525878265602
1577.5500442266464,-67.33902276076296,-67.33902276076296
1577.5600442266464,-67.33280607232248,-67.33280607232248
1577.5700442266464,-67.32660911968779,-67.32660911968779
1577.5800442266464,-67.32043229797175,-67.32043229797175
1577.5900442266463,-67.3142759951377,-67.3142759951377
1577.6000442504883,-67.30814057745097,-67.30814057745097
1577.6100442504883,-67.30202644809704,-67.30202644809704
1577.6200442504883,-67.29593395932397,-67.29593395932397
1577.6300442504883,-67.28986347126235,-67.28986347126235
1577.6400442504882,-67.28381533728505,-67.28381533728505
1577.6500442504882,-67.27778990407764,-67.27778990407764
1577.6600442504882,-67.271787511721,-67.271787511721
1577.6700442504882,-67.26580849379272,-67.26580849379272
1577.6800442504882,-67.25985317741079,-67.25985317741079
1577.6900442504882,-67.25392188334683,-67.25392188334683
1577.7000442504882,-67.24801492608532,-67.24801492608532
1577.7100442504882,-67.2421326139128,-67.2421326139128
1577.7200442504882,-67.23627524898771,-67.23627524898771
1577.7300442504884,-67.23044312741662,-67.23044312741662
1577.7400442504884,-67.2246365393378,-67.2246365393378
1577.7500442504884,-67.21885576899892,-67.21885576899892
1577.7600442504884,-67.21310109482613,-67.21310109482613
1577.7700442504884,-67.20737278949585,-67.20737278949585
1577.7800442504883,-67.20167112002423,-67.20167112002423
1577.7900442504883,-67.19599634783977,-67.19599634783977
1577.8000442504883,-67.19034872883452,-67.19034872883452
1577.8100442504883,-67.18472851346974,-67.18472851346974
1577.8200442504883,-67.17913594683405,-67.17913594683405
1577.8300442504883,-67.17357126870056,-67.17357126870056
1577.8400442504883,-67.16803471362685,-67.16803471362685
1577.8500442504883,-67.16252651099587,-67.16252651099587
1577.8600442504883,-67.15704688512066,-67.15704688512066
1577.8700442504883,-67.15159605528122,-67.15159605528122
1577.8800442504883,-67.14617423580522,-67.14617423580522
1577.8900442504882,-67.14078163616007,-67.14078163616007
1577.9000442504882,-67.13541846097372,-67.13541846097372
1577.9100442504882,-67.13008491013828,-67.13008491013828
1577.9200442504882,-67.12478117885827,-67.12478117885827
1577.9300442504882,-67.11950745773437,-67.11950745773437
1577.9400442504882,-67.11426393279818,-67.11426393279818
1577.9500442504882,-67.10905078561316,-67.10905078561316
1577.9600442504882,-67.10386235908523,-67.10386235908523
1577.9700442504882,-67.09869628328954,-67.09869628328954
1577.9800442504884,-67.09355150193365,-67.09355150193365
1577.9900442504884,-67.08842756593079,-67.08842756593079
1578.0000442504884,-67.08332436310357,-67.08332436310357
1578.0100442504884,-67.07824197729217,-67.07824197729217
1578.0200442504884,-67.07318060552558,-67.07318060552558
1578.0300442504883,-67.06814050813095,-67.06814050813095
1578.0400442504883,-67.06312197867213,-67.06312197867213
1578.0500442504883,-67.0581253259244,-67.0581253259244
1578.0600442504883,-67.05315086317441,-67.05315086317441
1578.0700442504883,-67.04819890195184,-67.04819890195184
1578.0800442504883,-67.04326974850628,-67.04326974850628
1578.0900442504883,-67.03836370191829,-67.03836370191829
1578.1000442504883,-67.03348105323715,-67.03348105323715
1578.1100442504883,-67.0286220852033,-67.0286220852033
1578.1200442504883,-67.02378707229836,-67.02378707229836
1578.1300442504883,-67.01897628101145,-67.01897628101145
1578.1400442504882,-67.01418997018409,-67.01418997018409
1578.1500442504882,-67.00942839139883,-67.00942839139883
1578.1600442504882,-67.00469178935238,-67.00469178935238
1578.1700442504882,-66.99998040224425,-66.99998040224425
1578.1800442504882,-66.99529446211515,-66.99529446211515
1578.1900442504882,-66.990634195167,-66.990634195167
1578.2000442504882,-66.98599982202887,-66.98599982202887
1578.2100442504882,-66.9813915580336,-66.9813915580336
1578.2200442504882,-66.97680961343079,-66.97680961343079
1578.2300442504884,-66.97225419358128,-66.97225419358128
1578.2400442504884,-66.96772549916183,-66.96772549916183
1578.2500442504884,-66.96322372627696,-66.96322372627696
1578.2600442504884,-66.95874906664802,-66.95874906664802
1578.2700442504884,-66.95430170770189,-66.95430170770189
1578.2800442504883,-66.94988183270976,-66.94988183270976
1578.2900442504883,-66.9454896208623,-66.9454896208623
1578.3000442504883,-66.94112524738122,-66.94112524738122
1578.3100442504883,-66.93678888358521,-66.93678888358521
1578.3200442504883,-66.93248069697601,-66.93248069697601
1578.3300442504883,-66.92820085130155,-66.92820085130155
1578.3400442504883,-66.92394950661854,-66.92394950661854
1578.3500442504883,-66.91972681935694,-66.91972681935694
1578.3600442504883,-66.91553294236257,-66.91553294236257
1578.3700442504883,-66.911368024964,-66.911368024964
1578.3800442504883,-66.90723221301634,-66.90723221301634
1578.3900442504882,-66.90312564893732,-66.90312564893732
1578.4000442504882,-66.89904847176358,-66.89904847176358
1578.4100442504882,-66.89500081718136,-66.89500081718136
1578.4200442504882,-66.89098281757818,-66.89098281757818
1578.4300442504882,-66.88699460208241,-66.88699460208241
1578.4400442504882,-66.88303629658179,-66.88303629658179
1578.4500442743301,-66.87910801443988,-66.87910801443988
1578.4600442743301,-66.87520989401813,-66.87520989401813
1578.4700442743301,-66.87134204228671,-66.87134204228671
1578.48004427433,-66.8675045726249,-66.8675045726249
1578.49004427433,-66.86369759534607,-66.86369759534607
1578.50004427433,-66.85992121775121,-66.85992121775121
1578.51004427433,-66.8561755441799,-66.8561755441799
1578.52004427433,-66.85246067599914,-66.85246067599914
1578.53004427433,-66.84877671169367,-66.84877671169367
1578.54004427433,-66.84512374684643,-66.84512374684643
1578.55004427433,-66.84150187421135,-66.84150187421135
1578.56004427433,-66.83791118372429,-66.83791118372429
1578.57004427433,-66.83435176254669,-66.83435176254669
1578.5800442743302,-66.8308236950841,-66.8308236950841
1578.5900442743302,-66.82732706302194,-66.82732706302194
1578.6000442743302,-66.82386194537676,-66.82386194537676
1578.6100442743302,-66.82042841850301,-66.82042841850301
1578.6200442743302,-66.8170265561409,-66.8170265561409
1578.6300442743302,-66.8136564294331,-66.8136564294331
1578.6400442743302,-66.8103181069747,-66.8103181069747
1578.6500442743302,-66.80701165482529,-66.80701165482529
1578.6600442743302,-66.80373713656235,-66.80373713656235
1578.6700442743302,-66.80049461327889,-66.80049461327889
1578.6800442743302,-66.79728414365968,-66.79728414365968
1578.6900442743301,-66.79410578396583,-66.79410578396583
1578.7000442743301,-66.79095958808844,-66.79095958808844
1578.7100442743301,-66.78784560758338,-66.78784560758338
1578.7200442743301,-66.78476389168955,-66.78476389168955
1578.73004427433,-66.78171448737329,-66.78171448737329
1578.74004427433,-66.77869743934215,-66.77869743934215
1578.75004427433,-66.77571279007992,-66.77571279007992
1578.76004427433,-66.7727605798679,-66.7727605798679
1578.77004427433,-66.76984084684057,-66.76984084684057
1578.78004427433,-66.76695362699152,-66.76695362699152
1578.79004427433,-66.76409895421122,-66.76409895421122
1578.80004427433,-66.76127686030065,-66.76127686030065
1578.81004427433,-66.75848737502007,-66.75848737502007
1578.82004427433,-66.75573052611534,-66.75573052611534
1578.8300442743302,-66.75300633932441,-66.75300633932441
1578.8400442743302,-66.7503148384311,-66.7503148384311
1578.8500442743302,-66.74765604528392,-66.74765604528392
1578.8600442743302,-66.74502997980711,-66.74502997980711
1578.8700442743302,-66.74243666006365,-66.74243666006365
1578.8800442743302,-66.73987610223928,-66.73987610223928
1578.8900442743302,-66.73734832069985,-66.73734832069985
1578.9000442743302,-66.73485332801268,-66.73485332801268
1578.9100442743302,-66.73239113496332,-66.73239113496332
1578.9200442743302,-66.72996175058199,-66.72996175058199
1578.9300442743302,-66.7275651821829,-66.7275651821829
1578.9400442743301,-66.7252014353742,-66.7252014353742
1578.9500442743301,-66.72287051409855,-66.72287051409855
1578.9600442743301,-66.7205724206369,-66.7205724206369
1578.9700442743301,-66.71830715565082,-66.71830715565082
1578.98004427433,-66.71607471820656,-66.71607471820656
1578.99004427433,-66.71387510578182,-66.71387510578182
1579.00004427433,-66.71170831431252,-66.71170831431252
1579.01004427433,-66.70957433820891,-66.70957433820891
1579.02004427433,-66.70747317036722,-66.70747317036722
1579.03004427433,-66.705404802213,-66.705404802213
1579.04004427433,-66.70336922370014,-66.70336922370014
1579.05004427433,-66.70136642335018,-66.70136642335018
1579.06004427433,-66.69939638827145,-66.69939638827145
1579.07004427433,-66.69745910418976,-66.69745910418976
1579.0800442743302,-66.69555455545162,-66.69555455545162
1579.0900442743302,-66.69368272505854,-66.69368272505854
1579.1000442743302,-66.69184359468979,-66.69184359468979
1579.1100442743302,-66.69003714471171,-66.69003714471171
1579.1200442743302,-66.68826335420869,-66.68826335420869
1579.1300442743302,-66.68652220100783,-66.68652220100783
1579.1400442743302,-66.68481366168733,-66.68481366168733
1579.1500442743302,-66.68313771160551,-66.68313771160551
1579.1600442743302,-66.68149432492002,-66.68149432492002
1579.1700442743302,-66.67988347459949,-66.67988347459949
1579.1800442743302,-66.67830513244351,-66.67830513244351
1579.1900442743301,-66.67675926912474,-66.67675926912474
1579.2000442743301,-66.6752458541852,-66.6752458541852
1579.2100442743301,-66.67376485605156,-66.67376485605156
1579.2200442743301,-66.67231624207237,-66.67231624207237
1579.23004427433,-66.6708999785142,-66.6708999785142
1579.24004427433,-66.66951603060404,-66.66951603060404
1579.25004427433,-66.66816436252941,-66.66816436252941
1579.26004427433,-66.6668449374606,-66.6668449374606
1579.27004427433,-66.665557717574,-66.665557717574
1579.28004427433,-66.66430266406756,-66.66430266406756
1579.29004427433,-66.66307973716836,-66.66307973716836
1579.300044298172,-66.6618888933255,-66.6618888933255
1579.310044298172,-66.6607300966475,-66.6607300966475
1579.320044298172,-66.6596033016213,-66.6596033016213
1579.330044298172,-66.65850846479452,-66.65850846479452
1579.340044298172,-66.65744554181467,-66.65744554181467
1579.350044298172,-66.65641448747601,-66.65641448747601
1579.360044298172,-66.65541525570487,-66.65541525570487
1579.370044298172,-66.65444779960016,-66.65444779960016
1579.380044298172,-66.6535120714341,-66.6535120714341
1579.390044298172,-66.65260802267355,-66.65260802267355
1579.400044298172,-66.65173560399634,-66.65173560399634
1579.410044298172,-66.65089476529671,-66.65089476529671
1579.420044298172,-66.65008545570514,-66.65008545570514
1579.430044298172,-66.6493076236097,-66.6493076236097
1579.440044298172,-66.64856121665719,-66.64856121665719
1579.450044298172,-66.64784618176947,-66.64784618176947
1579.460044298172,-66.64716246517216,-66.64716246517216
1579.470044298172,-66.64651001238099,-66.64651001238099
1579.480044298172,-66.64588876823629,-66.64588876823629
1579.490044298172,-66.64529867690433,-66.64529867690433
1579.500044298172,-66.6447396819118,-66.6447396819118
1579.510044298172,-66.64421172611624,-66.64421172611624
1579.520044298172,-66.64371475176634,-66.64371475176634
1579.530044298172,-66.64324870048009,-66.64324870048009
1579.540044298172,-66.6428135132629,-66.6428135132629
1579.550044298172,-66.64240913054022,-66.64240913054022
1579.560044298172,-66.64203549213825,-66.64203549213825
1579.570044298172,-66.64169253732545,-66.64169253732545
1579.580044298172,-66.64138020479797,-66.64138020479797
1579.590044298172,-66.64109843271349,-66.64109843271349
1579.600044298172,-66.64084715868215,-66.64084715868215
1579.610044298172,-66.64062631979206,-66.64062631979206
1579.620044298172,-66.64043585260976,-66.64043585260976
1579.630044298172,-66.6402756931973,-66.6402756931973
1579.640044298172,-66.64014577713411,-66.64014577713411
1579.650044298172,-66.64004603949024,-66.64004603949024
1579.660044298172,-66.63997641488713,-66.63997641488713
1579.670044298172,-66.63993683745575,-66.63993683745575
1579.680044298172,-66.63992724088952,-66.63992724088952
1579.690044298172,-66.6399475584357,-66.6399475584357
1579.700044298172,-66.63999772289922,-66.63999772289922
1579.710044298172,-66.64007186689203,-66.64007186689203
1579.720044298172,-66.64016738899478,-66.64016738899478
1579.730044298172,-66.64028299519856,-66.64028299519856
1579.740044298172,-66.64041799774378,-66.64041799774378
1579.750044298172,-66.64057204684136,-66.64057204684136
1579.760044298172,-66.6407449909545,-66.6407449909545
1579.770044298172,-66.64093679466434,-66.64093679466434
1579.780044298172,-66.64114748921496,-66.64114748921496
1579.790044298172,-66.6413771427157,-66.6413771427157
1579.800044298172,-66.64162584226965,-66.64162584226965
1579.810044298172,-66.64189368332917,-66.64189368332917
1579.820044298172,-66.64218076344267,-66.64218076344267
1579.830044298172,-66.64248717870805,-66.64248717870805
1579.840044298172,-66.64281302186548,-66.64281302186548
1579.850044298172,-66.64315838136058,-66.64315838136058
1579.860044298172,-66.64352334101373,-66.64352334101373
1579.870044298172,-66.64390798001759,-66.64390798001759
1579.880044298172,-66.6443123731309,-66.6443123731309
1579.890044298172,-66.6447365909814,-66.6447365909814
1579.900044298172,-66.6451807003535,-66.6451807003535
1579.910044298172,-66.64564476454782,-66.64564476454782
1579.920044298172,-66.6461288436629,-66.6461288436629
1579.930044298172,-66.6466329949034,-66.6466329949034
1579.940044298172,-66.64715727284116,-66.64715727284116
1579.950044298172,-66.64770172962596,-66.64770172962596
1579.960044298172,-66.64826641518684,-66.64826641518684
1579.970044298172,-66.6488513774264,-66.6488513774264
1579.980044298172,-66.64945666234608,-66.64945666234608
1579.990044298172,-66.65008231420393,-66.65008231420393
1580.000044298172,-66.65072837559386,-66.65072837559386
1580.010044298172,-66.65139488754826,-66.65139488754826
1580.020044298172,-66.65208188962151,-66.65208188962151
1580.030044298172,-66.65278941996,-66.65278941996
1580.040044298172,-66.65351751535768,-66.65351751535768
1580.050044298172,-66.65426621129659,-66.65426621129659
1580.060044298172,-66.65503554198627,-66.65503554198627
1580.070044298172,-66.65582554042237,-66.65582554042237
1580.080044298172,-66.65663623836492,-66.65663623836492
1580.090044298172,-66.65746766641387,-66.65746766641387
1580.100044298172,-66.65831985401196,-66.65831985401196
1580.110044298172,-66.65919282944351,-66.65919282944351
1580.120044298172,-66.66008661986015,-66.66008661986015
1580.130044298172,-66.6610012513128,-66.6610012513128
1580.140044298172,-66.66193674872207,-66.66193674872207
1580.1500443220139,-66.66289313821406,-66.66289313821406
1580.1600443220138,-66.66387043802028,-66.66387043802028
1580.1700443220138,-66.66486867199599,-66.66486867199599
1580.1800443220138,-66.66588786071901,-66.66588786071901
1580.1900443220138,-66.66692802368856,-66.66692802368856
1580.2000443220138,-66.66798917932671,-66.66798917932671
1580.2100443220138,-66.66907134499455,-66.66907134499455
1580.2200443220138,-66.67017453698107,-66.67017453698107
1580.2300443220138,-66.67129877052463,-66.67129877052463
1580.2400443220138,-66.67244405981106,-66.67244405981106
1580.2500443220138,-66.67361041796383,-66.67361041796383
1580.2600443220138,-66.67479785707194,-66.67479785707194
1580.2700443220137,-66.67600638817481,-66.67600638817481
1580.280044322014,-66.67723602128358,-66.67723602128358
1580.290044322014,-66.67848676536667,-66.67848676536667
1580.300044322014,-66.67975862835887,-66.67975862835887
1580.310044322014,-66.68105161719075,-66.68105161719075
1580.320044322014,-66.6823657377602,-66.6823657377602
1580.330044322014,-66.68370099495505,-66.68370099495505
1580.340044322014,-66.68505739266134,-66.68505739266134
1580.350044322014,-66.68643493375473,-66.68643493375473
1580.360044322014,-66.68783362011938,-66.68783362011938
1580.3700443220139,-66.68925345265757,-66.68925345265757
1580.3800443220139,-66.69069443128342,-66.69069443128342
1580.3900443220139,-66.6921565549422,-66.6921565549422
1580.4000443220139,-66.69363982160489,-66.69363982160489
1580.4100443220138,-66.69514422827957,-66.69514422827957
1580.4200443220138,-66.69666977103236,-66.69666977103236
1580.4300443220138,-66.69821644497175,-66.69821644497175
1580.4400443220138,-66.69978424427549,-66.69978424427549
1580.4500443220138,-66.70137316220203,-66.70137316220203
1580.4600443220138,-66.70298319106871,-66.70298319106871
1580.4700443220138,-66.70461432229733,-66.70461432229733
1580.4800443220138,-66.70626654640019,-66.70626654640019
1580.4900443220138,-66.70793985298936,-66.70793985298936
1580.5000443220138,-66.70963423080653,-66.70963423080653
1580.5100443220138,-66.71134966769306,-66.71134966769306
1580.5200443220137,-66.71308615064991,-66.71308615064991
1580.530044322014,-66.71484366580033,-66.71484366580033
1580.540044322014,-66.7166221984285,-66.7166221984285
1580.550044322014,-66.71842173296524,-66.71842173296524
1580.560044322014,-66.72024225303632,-66.72024225303632
1580.570044322014,-66.72208374142113,-66.72208374142113
1580.580044322014,-66.72394618010736,-66.72394618010736
1580.590044322014,-66.72582955027387,-66.72582955027387
1580.600044322014,-66.7277338323071,-66.7277338323071
1580.610044322014,-66.72965900582021,-66.72965900582021
1580.6200443220139,-66.73160504964594,-66.73160504964594
1580.6300443220139,-66.73357194185839,-66.73357194185839
1580.6400443220139,-66.73555613550386,-66.73555613550386
1580.6500443220139,-66.7375523504953,-66.7375523504953
1580.6600443220138,-66.73955520999488,-66.73955520999488
1580.6700443220138,-66.74155985554145,-66.74155985554145
1580.6800443220138,-66.74356204914028,-66.74356204914028
1580.6900443220138,-66.74555811463264,-66.74555811463264
1580.7000443220138,-66.74754485196063,-66.74754485196063
1580.7100443220138,-66.74951364940893,-66.74951364940893
1580.7200443220138,-66.75145950467979,-66.75145950467979
1580.7300443220138,-66.753379015047,-66.753379015047
1580.7400443220138,-66.75526963642872,-66.75526963642872
1580.7500443220138,-66.7571293832393,-66.7571293832393
1580.7600443220138,-66.75895666237234,-66.75895666237234
1580.7700443220137,-66.76075016903623,-66.76075016903623
1580.780044322014,-66.76250881860473,-66.76250881860473
1580.790044322014,-66.76423170085116,-66.76423170085116
1580.800044322014,-66.76591804824251,-66.76591804824251
1580.810044322014,-66.76756721337343,-66.76756721337343
1580.820044322014,-66.7691786523098,-66.7691786523098
1580.830044322014,-66.77075191193725,-66.77075191193725
1580.840044322014,-66.77228662003384,-66.77228662003384
1580.850044322014,-66.77378247727393,-66.77378247727393
1580.860044322014,-66.7752392506239,-66.7752392506239
1580.8700443220139,-66.7766567677409,-66.7766567677409
1580.8800443220139,-66.77803491216044,-66.77803491216044
1580.8900443220139,-66.77937361907591,-66.77937361907591
1580.9000443220139,-66.78067287157354,-66.78067287157354
1580.9100443220138,-66.78193269727088,-66.78193269727088
1580.9200443220138,-66.78315316524355,-66.78315316524355
1580.9300443220138,-66.7843343832278,-66.7843343832278
1580.9400443220138,-66.7854764950382,-66.7854764950382
1580.9500443220138,-66.7865796781761,-66.7865796781761
1580.9600443220138,-66.787638327269,-66.787638327269
1580.9700443220138,-66.788650139094,-66.788650139094
1580.9800443220138,-66.78961414842117,-66.78961414842117
1580.9900443220138,-66.79053002369298,-66.79053002369298
1581.0000443458557,-66.79139779864553,-66.79139779864553
1581.0100443458557,-66.79221772238424,-66.79221772238424
1581.0200443458557,-66.792990188384,-66.792990188384
1581.0300443458557,-66.79371567489194,-66.79371567489194
1581.0400443458557,-66.79439471595397,-66.79439471595397
1581.0500443458557,-66.79502788216297,-66.79502788216297
1581.0600443458557,-66.79561576880093,-66.79561576880093
1581.0700443458556,-66.79615898837613,-66.79615898837613
1581.0800443458556,-66.79665816595123,-66.79665816595123
1581.0900443458556,-66.79711393615807,-66.79711393615807
1581.1000443458556,-66.79752694125001,-66.79752694125001
1581.1100443458556,-66.79789782980338,-66.79789782980338
1581.1200443458556,-66.79822725580158,-66.79822725580158
1581.1300443458558,-66.79851587796612,-66.79851587796612
1581.1400443458558,-66.79876435921052,-66.79876435921052
1581.1500443458558,-66.7989733661684,-66.7989733661684
1581.1600443458558,-66.79914356881116,-66.79914356881116
1581.1700443458558,-66.79927564002992,-66.79927564002992
1581.1800443458558,-66.7993702552687,-66.7993702552687
1581.1900443458558,-66.79942809214577,-66.79942809214577
1581.2000443458558,-66.7994498300841,-66.7994498300841
1581.2100443458557,-66.79943033551378,-66.79943033551378
1581.2200443458557,-66.79936774943738,-66.79936774943738
1581.2300443458557,-66.79926152473911,-66.79926152473911
1581.2400443458557,-66.79911172315535,-66.79911172315535
1581.2500443458557,-66.79891874606152,-66.79891874606152
1581.2600443458557,-66.79868319409124,-66.79868319409124
1581.2700443458557,-66.79840578443437,-66.79840578443437
1581.2800443458557,-66.798087300937,-66.798087300937
1581.2900443458557,-66.79772856391551,-66.79772856391551
1581.3000443458557,-66.79733041186846,-66.79733041186846
1581.3100443458557,-66.79689369049355,-66.79689369049355
1581.3200443458556,-66.79641924611916,-66.79641924611916
1581.3300443458556,-66.79590792182688,-66.79590792182688
1581.3400443458556,-66.79536055526133,-66.79536055526133
1581.3500443458556,-66.79477797741589,-66.79477797741589
1581.3600443458556,-66.79416101203505,-66.79416101203505
1581.3700443458556,-66.79351047536257,-66.79351047536257
1581.3800443458558,-66.79282717611416,-66.79282717611416
1581.3900443458558,-66.79211191553408,-66.79211191553408
1581.4000443458558,-66.79136548749466,-66.79136548749466
1581.4100443458558,-66.79058867865052,-66.79058867865052
1581.4200443458558,-66.78978226855558,-66.78978226855558
1581.4300443458558,-66.78894702977314,-66.78894702977314
1581.4400443458558,-66.78808372797097,-66.78808372797097
1581.4500443458558,-66.78719312199951,-66.78719312199951
1581.4600443458557,-66.78627015180714,-66.78627015180714
1581.4700443458557,-66.78531302375872,-66.78531302375872
1581.4800443458557,-66.7843212487111,-66.7843212487111
1581.4900443458557,-66.7832949394777,-66.7832949394777
1581.5000443458557,-66.78223454193814,-66.78223454193814
1581.5100443458557,-66.78114069490113,-66.78114069490113
1581.5200443458557,-66.78001414769044,-66.78001414769044
1581.5300443458557,-66.77885571047419,-66.77885571047419
1581.5400443458557,-66.7776662243512,-66.7776662243512
1581.5500443458557,-66.77644654330867,-66.77644654330867
1581.5600443458557,-66.77519752349829,-66.77519752349829
1581.5700443458556,-66.77392001690009,-66.77392001690009
1581.5800443458556,-66.77261486769214,-66.77261486769214
1581.5900443458556,-66.77128291028187,-66.77128291028187
1581.6000443458556,-66.76992496831596,-66.76992496831596
1581.6100443458556,-66.76854185430062,-66.76854185430062
1581.6200443458556,-66.76713436954131,-66.76713436954131
1581.6300443458558,-66.76570330433984,-66.76570330433984
1581.6400443458558,-66.7642494381953,-66.7642494381953
1581.6500443458558,-66.76277354011393,-66.76277354011393
1581.6600443458558,-66.76127636891954,-66.76127636891954
1581.6700443458558,-66.75975867354043,-66.75975867354043
1581.6800443458558,-66.75822119327096,-66.75822119327096
1581.6900443458558,-66.75666465799785,-66.75666465799785
1581.7000443458558,-66.75508978846598,-66.75508978846598
1581.7100443458557,-66.75349729642328,-66.75349729642328
1581.7200443458557,-66.751887884814,-66.751887884814
1581.7300443458557,-66.75026224792731,-66.75026224792731
1581.7400443458557,-66.74862107151074,-66.74862107151074
1581.7500443458557,-66.7469650329068,-66.7469650329068
1581.7600443458557,-66.74529480113722,-66.74529480113722
1581.7700443458557,-66.74361103699295,-66.74361103699295
1581.7800443458557,-66.74191439313641,-66.74191439313641
1581.7900443458557,-66.74020551413469,-66.74020551413469
1581.8000443458557,-66.73848503657283,-66.73848503657283
1581.8100443458557,-66.73675358907475,-66.73675358907475
1581.8200443458556,-66.73501179237165,-66.73501179237165
1581.8300443458556,-66.73326025936902,-66.73326025936902
1581.8400443458556,-66.73149959517458,-66.73149959517458
1581.8500443696976,-66.72973039295013,-66.72973039295013
1581.8600443696976,-66.72795325079393,-66.72795325079393
1581.8700443696976,-66.72616874655186,-66.72616874655186
1581.8800443696975,-66.72437745466365,-66.72437745466365
1581.8900443696975,-66.72257994201397,-66.72257994201397
1581.9000443696975,-66.72077676799327,-66.72077676799327
1581.9100443696975,-66.7189684845127,-66.7189684845127
1581.9200443696975,-66.71715563608439,-66.71715563608439
1581.9300443696975,-66.71533875983616,-66.71533875983616
1581.9400443696975,-66.71351838558361,-66.71351838558361
1581.9500443696975,-66.7116950358676,-66.7116950358676
1581.9600443696975,-66.70986342227049,-66.70986342227049
1581.9700443696975,-66.70802151906915,-66.70802151906915
1581.9800443696977,-66.70616860344553,-66.70616860344553
1581.9900443696977,-66.70430455364061,-66.70430455364061
1582.0000443696977,-66.70242958032624,-66.70242958032624
1582.0100443696977,-66.70054408658193,-66.70054408658193
1582.0200443696976,-66.69864858556032,-66.69864858556032
1582.0300443696976,-66.69674365088032,-66.69674365088032
1582.0400443696976,-66.69482988674004,-66.69482988674004
1582.0500443696976,-66.69290790999848,-66.69290790999848
1582.0600443696976,-66.69097833948929,-66.69097833948929
1582.0700443696976,-66.68904178980799,-66.68904178980799
1582.0800443696976,-66.68709886775933,-66.68709886775933
1582.0900443696976,-66.68515017048801,-66.68515017048801
1582.1000443696976,-66.68319628457367,-66.68319628457367
1582.1100443696976,-66.6812377857329,-66.6812377857329
1582.1200443696976,-66.67927523890125,-66.67927523890125
1582.1300443696975,-66.67730919843056,-66.67730919843056
1582.1400443696975,-66.67534020846142,-66.67534020846142
1582.1500443696975,-66.673368803281,-66.673368803281
1582.1600443696975,-66.67139550770062,-66.67139550770062
1582.1700443696975,-66.66942083743328,-66.66942083743328
1582.1800443696975,-66.66744529942699,-66.66744529942699
1582.1900443696975,-66.66546939217636,-66.66546939217636
1582.2000443696975,-66.66349360601167,-66.66349360601167
1582.2100443696975,-66.66151262457663,-66.66151262457663
1582.2200443696975,-66.65952439156969,-66.65952439156969
1582.2300443696977,-66.65752815236822,-66.65752815236822
1582.2400443696977,-66.6555237527488,-66.6555237527488
1582.2500443696977,-66.65351137057435,-66.65351137057435
1582.2600443696977,-66.65149137593328,-66.65149137593328
1582.2700443696976,-66.64946424891703,-66.64946424891703
1582.2800443696976,-66.64743053010729,-66.64743053010729
1582.2900443696976,-66.64539079077983,-66.64539079077983
1582.3000443696976,-66.64334561501781,-66.64334561501781
1582.3100443696976,-66.64129558909966,-66.64129558909966
1582.3200443696976,-66.6392412952792,-66.6392412952792
1582.3300443696976,-66.63718330831148,-66.63718330831148
1582.3400443696976,-66.63512219356987,-66.63512219356987
1582.3500443696976,-66.63305850620038,-66.63305850620038
1582.3600443696976,-66.63099279082228,-66.63099279082228
1582.3700443696976,-66.62892558160642,-66.62892558160642
1582.3800443696975,-66.62685740251705,-66.62685740251705
1582.3900443696975,-66.62478876766056,-66.62478876766056
1582.4000443696975,-66.62272018165596,-66.62272018165596
1582.4100443696975,-66.62065214004076,-66.62065214004076
1582.4200443696975,-66.61858512960879,-66.61858512960879
1582.4300443696975,-66.61651962876886,-66.61651962876886
1582.4400443696975,-66.61445610785137,-66.61445610785137
1582.4500443696975,-66.61239502938987,-66.61239502938987
1582.4600443696975,-66.61033684838822,-66.61033684838822
1582.4700443696975,-66.60828201252002,-66.60828201252002
1582.4800443696977,-66.60623096233559,-66.60623096233559
1582.4900443696977,-66.60418413145686,-66.60418413145686
1582.5000443696977,-66.60214194672784,-66.60214194672784
1582.5100443696977,-66.60010482834645,-66.60010482834645
1582.5200443696976,-66.59807319000183,-66.59807319000183
1582.5300443696976,-66.59604743900333,-66.59604743900333
1582.5400443696976,-66.59402797636821,-66.59402797636821
1582.5500443696976,-66.59201519691524,-66.59201519691524
1582.5600443696976,-66.59000948937118,-66.59000948937118
1582.5700443696976,-66.58801123644182,-66.58801123644182
1582.5800443696976,-66.58602081489005,-66.58602081489005
1582.5900443696976,-66.5840385956065,-66.5840385956065
1582.6000443696976,-66.5820649436745,-66.5820649436745
1582.6100443696976,-66.58010021844741,-66.58010021844741
1582.6200443696976,-66.57814477359723,-66.57814477359723
1582.6300443696975,-66.57619895718136,-66.57619895718136
1582.6400443696975,-66.57426311169277,-66.57426311169277
1582.6500443696975,-66.57233757413236,-66.57233757413236
1582.6600443696975,-66.57042267603761,-66.57042267603761
1582.6700443696975,-66.56851874356637,-66.56851874356637
1582.6800443696975,-66.56662609752556,-66.56662609752556
1582.6900443696975,-66.56474505343562,-66.56474505343562
1582.7000443935394,-66.56287591712326,-66.56287591712326
1582.7100443935394,-66.56101900262155,-66.56101900262155
1582.7200443935394,-66.55917460540586,-66.55917460540586
1582.7300443935394,-66.5573430203464,-66.5573430203464
1582.7400443935394,-66.55552453728048,-66.55552453728048
1582.7500443935394,-66.55371944105151,-66.55371944105151
1582.7600443935394,-66.55192801158705,-66.55192801158705
1582.7700443935394,-66.55015052390992,-66.55015052390992
1582.7800443935394,-66.54838724821224,-66.54838724821224
1582.7900443935393,-66.54663844990286,-66.54663844990286
1582.8000443935393,-66.54490438964669,-66.54490438964669
1582.8100443935393,-66.54318532342806,-66.54318532342806
1582.8200443935393,-66.54148150258438,-66.54148150258438
1582.8300443935395,-66.53979317387326,-66.53979317387326
1582.8400443935395,-66.53812057950901,-66.53812057950901
1582.8500443935395,-66.53646395721516,-66.53646395721516
1582.8600443935395,-66.53482354027484,-66.53482354027484
1582.8700443935395,-66.53319955757776,-66.53319955757776
1582.8800443935395,-66.53159223367328,-66.53159223367328
1582.8900443935395,-66.5300017888084,-66.5300017888084
1582.9000443935395,-66.52842843900257,-66.52842843900257
1582.9100443935395,-66.5268723960603,-66.5268723960603
1582.9200443935395,-66.52533386764817,-66.52533386764817
1582.9300443935394,-66.52381305732996,-66.52381305732996
1582.9400443935394,-66.52231016461393,-66.52231016461393
1582.9500443935394,-66.52082538501911,-66.52082538501911
1582.9600443935394,-66.51935312462436,-66.51935312462436
1582.9700443935394,-66.51789104676068,-66.51789104676068
1582.9800443935394,-66.51643811702759,-66.51643811702759
1582.9900443935394,-66.51499390336596,-66.51499390336596
1583.0000443935394,-66.51355830818518,-66.51355830818518
1583.0100443935394,-66.5121314287261,-66.5121314287261
1583.0200443935394,-66.51071347496084,-66.51071347496084
1583.0300443935394,-66.50930472008667,-66.50930472008667
1583.0400443935393,-66.50790547078844,-66.50790547078844
1583.0500443935393,-66.5065160493111,-66.5065160493111
1583.0600443935393,-66.50513678284955,-66.50513678284955
1583.0700443935393,-66.50376799734464,-66.50376799734464
1583.0800443935395,-66.50241001393995,-66.50241001393995
1583.0900443935395,-66.50106314712654,-66.50106314712654
1583.1000443935395,-66.49972770383805,-66.49972770383805
1583.1100443935395,-66.49840398318854,-66.49840398318854
1583.1200443935395,-66.4970922765025,-66.4970922765025
1583.1300443935395,-66.49579286754133,-66.49579286754133
1583.1400443935395,-66.49450603284886,-66.49450603284886
1583.1500443935395,-66.49323204212219,-66.49323204212219
1583.1600443935395,-66.49197115857127,-66.49197115857127
1583.1700443935395,-66.49072363928053,-66.49072363928053
1583.1800443935394,-66.48948973553205,-66.48948973553205
1583.1900443935394,-66.48826969312132,-66.48826969312132
1583.2000443935394,-66.48706375259553,-66.48706375259553
1583.2100443935394,-66.4858721495353,-66.4858721495353
1583.2200443935394,-66.4846951147303,-66.4846951147303
1583.2300443935394,-66.48353287439548,-66.48353287439548
1583.2400443935394,-66.4823856503196,-66.4823856503196
1583.2500443935394,-66.48125366001962,-66.48125366001962
1583.2600443935394,-66.48013711685692,-66.48013711685692
1583.2700443935394,-66.47903623018038,-66.47903623018038
1583.2800443935394,-66.47795120540111,-66.47795120540111
1583.2900443935393,-66.47688224409922,-66.47688224409922
1583.3000443935393,-66.47582954409681,-66.47582954409681
1583.3100443935393,-66.47479329952574,-66.47479329952574
1583.3200443935393,-66.47377370091728,-66.47377370091728
1583.3300443935395,-66.4727709352392,-66.4727709352392
1583.3400443935395,-66.47178518597782,-66.47178518597782
1583.3500443935395,-66.47081663315019,-66.47081663315019
1583.3600443935395,-66.46986545337694,-66.46986545337694
1583.3700443935395,-66.46893181993555,-66.46893181993555
1583.3800443935395,-66.46801590278784,-66.46801590278784
1583.3900443935395,-66.46711786860944,-66.46711786860944
1583.4000443935395,-66.46623788085557,-66.46623788085557
1583.4100443935395,-66.4653760997771,-66.4653760997771
1583.4200443935395,-66.46453268246178,-66.46453268246178
1583.4300443935394,-66.46370778286476,-66.46370778286476
1583.4400443935394,-66.4629015518436,-66.4629015518436
1583.4500443935394,-66.46211413719354,-66.46211413719354
1583.4600443935394,-66.46134568367185,-66.46134568367185
1583.4700443935394,-66.4605963330394,-66.4605963330394
1583.4800443935394,-66.45986622408935,-66.45986622408935
1583.4900443935394,-66.45915549266162,-66.45915549266162
1583.5000443935394,-66.45846427169411,-66.45846427169411
1583.5100443935394,-66.45779269123425,-66.45779269123425
1583.5200443935394,-66.45714087848637,-66.45714087848637
1583.5300443935394,-66.45650895782383,-66.45650895782383
1583.5400443935393,-66.45589705082675,-66.45589705082675
1583.5500444173813,-66.4553052749163,-66.4553052749163
1583.5600444173813,-66.45473374903655,-66.45473374903655
1583.5700444173813,-66.45418258510358,-66.45418258510358
1583.5800444173813,-66.4536518938169,-66.4536518938169
1583.5900444173813,-66.45314178322367,-66.45314178322367
1583.6000444173812,-66.45265235875239,-66.45265235875239
1583.6100444173812,-66.45218372324484,-66.45218372324484
1583.6200444173812,-66.45173597697833,-66.45173597697833
1583.6300444173812,-66.45127581346642,-66.45127581346642
1583.6400444173812,-66.45080267235414,-66.45080267235414
1583.6500444173812,-66.45031774110818,-66.45031774110818
1583.6600444173812,-66.44982116684578,-66.44982116684578
1583.6700444173812,-66.44931232607146,-66.44931232607146
1583.6800444173814,-66.44879017300104,-66.44879017300104
1583.6900444173814,-66.44825345870916,-66.44825345870916
1583.7000444173814,-66.44770086081748,-66.44770086081748
1583.7100444173814,-66.4471310601602,-66.4471310601602
1583.7200444173814,-66.44654278594447,-66.44654278594447
1583.7300444173814,-66.44593484156944,-66.44593484156944
1583.7400444173813,-66.4453061184922,-66.4453061184922
1583.7500444173813,-66.44465560257449,-66.44465560257449
1583.7600444173813,-66.44398237570356,-66.44398237570356
1583.7700444173813,-66.44328561455369,-66.44328561455369
1583.7800444173813,-66.44256458756966,-66.44256458756966
1583.7900444173813,-66.44181865095986,-66.44181865095986
1583.8000444173813,-66.44104724420741,-66.44104724420741
1583.8100444173813,-66.44024988533694,-66.44024988533694
1583.8200444173813,-66.43942616618496,-66.43942616618496
1583.8300444173813,-66.43857574779321,-66.43857574779321
1583.8400444173813,-66.43769835594382,-66.43769835594382
1583.8500444173812,-66.4367937769427,-66.4367937769427
1583.8600444173812,-66.43586185360036,-66.43586185360036
1583.8700444173812,-66.43490248147639,-66.43490248147639
1583.8800444173812,-66.43391560536469,-66.43391560536469
1583.8900444173812,-66.43290121594907,-66.43290121594907
1583.9000444173812,-66.43185934672933,-66.43185934672933
1583.9100444173812,-66.43079007110819,-66.43079007110819
1583.9200444173812,-66.42969349968232,-66.42969349968232
1583.9300444173814,-66.4285697777187,-66.4285697777187
1583.9400444173814,-66.42741908274752,-66.42741908274752
1583.9500444173814,-66.4262416223508,-66.4262416223508
1583.9600444173814,-66.42503763207336,-66.42503763207336
1583.9700444173814,-66.423807373467,-66.423807373467
1583.9800444173814,-66.42255113223034,-66.42255113223034
1583.9900444173813,-66.42126921650825,-66.42126921650825
1584.0000444173813,-66.41996195523845,-66.41996195523845
1584.0100444173813,-66.41862969664673,-66.41862969664673
1584.0200444173813,-66.41727280678624,-66.41727280678624
1584.0300444173813,-66.41589166819982,-66.41589166819982
1584.0400444173813,-66.41448667863594,-66.41448667863594
1584.0500444173813,-66.41305824984602,-66.41305824984602
1584.0600444173813,-66.41160680644256,-66.41160680644256
1584.0700444173813,-66.41013278484206,-66.41013278484206
1584.0800444173813,-66.40863663224069,-66.40863663224069
1584.0900444173813,-66.40711880567628,-66.40711880567628
1584.1000444173812,-66.40557977111284,-66.40557977111284
1584.1100444173812,-66.40402000261545,-66.40402000261545
1584.1200444173812,-66.40243998151021,-66.40243998151021
1584.1300444173812,-66.40084019565741,-66.40084019565741
1584.1400444173812,-66.3992211387253,-66.3992211387253
1584.1500444173812,-66.3975833095182,-66.3975833095182
1584.1600444173812,-66.39592721132333,-66.39592721132333
1584.1700444173812,-66.39425335133497,-66.39425335133497
1584.1800444173814,-66.39256224006762,-66.39256224006762
1584.1900444173814,-66.39085439081545,-66.39085439081545
1584.2000444173814,-66.38913031915071,-66.38913031915071
1584.2100444173814,-66.38739054243864,-66.38739054243864
1584.2200444173814,-66.38563557941514,-66.38563557941514
1584.2300444173814,-66.3838659497062,-66.3838659497062
1584.2400444173813,-66.38208217347636,-66.38208217347636
1584.2500444173813,-66.38028477102422,-66.38028477102422
1584.2600444173813,-66.37847426242834,-66.37847426242834
1584.2700444173813,-66.37665116722336,-66.37665116722336
1584.2800444173813,-66.37481600405398,-66.37481600405398
1584.2900444173813,-66.37296929040791,-66.37296929040791
1584.3000444173813,-66.37111154231641,-66.37111154231641
1584.3100444173813,-66.36924327410459,-66.36924327410459
1584.3200444173813,-66.36736499812473,-66.36736499812473
1584.3300444173813,-66.36547722453811,-66.36547722453811
1584.3400444173813,-66.36358046109754,-66.36358046109754
1584.3500444173812,-66.3616752129316,-66.3616752129316
1584.3600444173812,-66.35976198236888,-66.35976198236888
1584.3700444173812,-66.35784126873571,-66.35784126873571
1584.3800444173812,-66.35591356821466,-66.35591356821466
1584.3900444173812,-66.35397937366989,-66.35397937366989
1584.4000444412231,-66.35203916989359,-66.35203916989359
1584.4100444412231,-66.35009345191911,-66.35009345191911
1584.4200444412231,-66.34814269725594,-66.34814269725594
1584.4300444412231,-66.34618738415315,-66.34618738415315
1584.440044441223,-66.34422798692012,-66.34422798692012
1584.450044441223,-66.3422649758383,-66.3422649758383
1584.460044441223,-66.34029881704328,-66.34029881704328
1584.470044441223,-66.33832997245085,-66.33832997245085
1584.480044441223,-66.33635889967854,-66.33635889967854
1584.490044441223,-66.33438605197634,-66.33438605197634
1584.500044441223,-66.33241187815503,-66.33241187815503
1584.510044441223,-66.33043682254585,-66.33043682254585
1584.520044441223,-66.32846132492554,-66.32846132492554
1584.5300444412233,-66.32648582048209,-66.32648582048209
1584.5400444412232,-66.32451073977589,-66.32451073977589
1584.5500444412232,-66.32253650868053,-66.32253650868053
1584.5600444412232,-66.32056354837694,-66.32056354837694
1584.5700444412232,-66.31859227531349,-66.31859227531349
1584.5800444412232,-66.31662310119005,-66.31662310119005
1584.5900444412232,-66.31465643291727,-66.31465643291727
1584.6000444412232,-66.31269267262357,-66.31269267262357
1584.6100444412232,-66.310732217639,-66.310732217639
1584.6200444412232,-66.30877546047161,-66.30877546047161
1584.6300444412232,-66.30682278881146,-66.30682278881146
1584.6400444412232,-66.30487458553127,-66.30487458553127
1584.6500444412231,-66.3029312286812,-66.3029312286812
1584.6600444412231,-66.30099309149375,-66.30099309149375
1584.6700444412231,-66.299060542388,-66.299060542388
1584.6800444412231,-66.29713394497539,-66.29713394497539
1584.690044441223,-66.29521365806667,-66.29521365806667
1584.700044441223,-66.29330003569966,-66.29330003569966
1584.710044441223,-66.2913876593472,-66.2913876593472
1584.720044441223,-66.28947435619055,-66.28947435619055
1584.730044441223,-66.28755925132836,-66.28755925132836
1584.740044441223,-66.28564207022333,-66.28564207022333
1584.750044441223,-66.28372287152723,-66.28372287152723
1584.760044441223,-66.28180190767695,-66.28180190767695
1584.770044441223,-66.27987954282538,-66.27987954282538
1584.7800444412233,-66.27795620339243,-66.27795620339243
1584.7900444412232,-66.27603234824011,-66.27603234824011
1584.8000444412232,-66.2741084507456,-66.2741084507456
1584.8100444412232,-66.27218498815871,-66.27218498815871
1584.8200444412232,-66.27026243534908,-66.27026243534908
1584.8300444412232,-66.2683412612697,-66.2683412612697
1584.8400444412232,-66.26642192705509,-66.26642192705509
1584.8500444412232,-66.26450488514378,-66.26450488514378
1584.8600444412232,-66.26259057893965,-66.26259057893965
1584.8700444412232,-66.26067944288425,-66.26067944288425
1584.8800444412232,-66.25877190267711,-66.25877190267711
1584.8900444412232,-66.25686837558978,-66.25686837558978
1584.9000444412231,-66.25496927083499,-66.25496927083499
1584.9100444412231,-66.25307498993529,-66.25307498993529
1584.9200444412231,-66.2511859270778,-66.2511859270778
1584.9300444412231,-66.24930246943026,-66.24930246943026
1584.940044441223,-66.24742499745471,-66.24742499745471
1584.950044441223,-66.24555388517196,-66.24555388517196
1584.960044441223,-66.24368950038497,-66.24368950038497
1584.970044441223,-66.24183220491439,-66.24183220491439
1584.980044441223,-66.23998235476891,-66.23998235476891
1584.990044441223,-66.23814030033174,-66.23814030033174
1585.000044441223,-66.2363063864901,-66.2363063864901
1585.010044441223,-66.23448095277462,-66.23448095277462
1585.020044441223,-66.23266433347287,-66.23266433347287
1585.0300444412233,-66.23085685774339,-66.23085685774339
1585.0400444412232,-66.22905884969425,-66.22905884969425
1585.0500444412232,-66.22727062848188,-66.22727062848188
1585.0600444412232,-66.22549250837832,-66.22549250837832
1585.0700444412232,-66.22372479884282,-66.22372479884282
1585.0800444412232,-66.22196780459576,-66.22196780459576
1585.0900444412232,-66.22022182566833,-66.22022182566833
1585.1000444412232,-66.21848715745581,-66.21848715745581
1585.1100444412232,-66.2167640907861,-66.2167640907861
1585.1200444412232,-66.2150529119503,-66.2150529119503
1585.1300444412232,-66.21335390276236,-66.21335390276236
1585.1400444412232,-66.21166734060053,-66.21166734060053
1585.1500444412231,-66.20999349845349,-66.20999349845349
1585.1600444412231,-66.20833264496545,-66.20833264496545
1585.1700444412231,-66.206685044465,-66.206685044465
1585.1800444412231,-66.20505095701625,-66.20505095701625
1585.190044441223,-66.20343063845571,-66.20343063845571
1585.200044441223,-66.20182434043274,-66.20182434043274
1585.210044441223,-66.2002265499204,-66.2002265499204
1585.220044441223,-66.19863499589344,-66.19863499589344
1585.230044441223,-66.19704870419862,-66.19704870419862
1585.240044441223,-66.19546730095463,-66.19546730095463
1585.250044465065,-66.19389074197402,-66.19389074197402
1585.260044465065,-66.1923191885761,-66.1923191885761
1585.270044465065,-66.1907529030843,-66.1907529030843
1585.280044465065,-66.18919221445125,-66.18919221445125
1585.290044465065,-66.18763748475368,-66.18763748475368
1585.300044465065,-66.18608909129624,-66.18608909129624
1585.310044465065,-66.1845474159625,-66.1845474159625
1585.320044465065,-66.18301283900526,-66.18301283900526
1585.330044465065,-66.18148573552148,-66.18148573552148
1585.340044465065,-66.17996647355768,-66.17996647355768
1585.350044465065,-66.17845541322309,-66.17845541322309
1585.360044465065,-66.17695290639412,-66.17695290639412
1585.370044465065,-66.17545929676746,-66.17545929676746
1585.380044465065,-66.17397492007319,-66.17397492007319
1585.390044465065,-66.1725001044308,-66.1725001044308
1585.400044465065,-66.17103517068924,-66.17103517068924
1585.410044465065,-66.16958043281043,-66.16958043281043
1585.420044465065,-66.16813619822695,-66.16813619822695
1585.430044465065,-66.16670276815518,-66.16670276815518
1585.440044465065,-66.16528043791484,-66.16528043791484
1585.450044465065,-66.16386949717189,-66.16386949717189
1585.460044465065,-66.16246447303291,-66.16246447303291
1585.470044465065,-66.1610631317301,-66.1610631317301
1585.480044465065,-66.15966453462728,-66.15966453462728
1585.490044465065,-66.15826834214737,-66.15826834214737
1585.500044465065,-66.15687454723083,-66.15687454723083
1585.510044465065,-66.15548333630109,-66.15548333630109
1585.520044465065,-66.15409500744543,-66.15409500744543
1585.530044465065,-66.15270992113696,-66.15270992113696
1585.540044465065,-66.15132847051511,-66.15132847051511
1585.550044465065,-66.14995106360007,-66.14995106360007
1585.560044465065,-66.1485781126793,-66.1485781126793
1585.570044465065,-66.14721002811264,-66.14721002811264
1585.580044465065,-66.14584721485969,-66.14584721485969
1585.590044465065,-66.14449007057922,-66.14449007057922
1585.600044465065,-66.14313898478979,-66.14313898478979
1585.610044465065,-66.14179433856683,-66.14179433856683
1585.620044465065,-66.14045650460329,-66.14045650460329
1585.630044465065,-66.13912584744006,-66.13912584744006
1585.640044465065,-66.13780272380264,-66.13780272380264
1585.650044465065,-66.136487482972,-66.136487482972
1585.660044465065,-66.13518046714353,-66.13518046714353
1585.670044465065,-66.13388201179066,-66.13388201179066
1585.680044465065,-66.1325924459931,-66.1325924459931
1585.690044465065,-66.13131209270644,-66.13131209270644
1585.700044465065,-66.13004126906144,-66.13004126906144
1585.710044465065,-66.12877453286079,-66.12877453286079
1585.720044465065,-66.12750967916628,-66.12750967916628
1585.730044465065,-66.1262457971705,-66.1262457971705
1585.740044465065,-66.12498257447307,-66.12498257447307
1585.750044465065,-66.12372003067426,-66.12372003067426
1585.760044465065,-66.12245837846069,-66.12245837846069
1585.770044465065,-66.12119794183418,-66.12119794183418
1585.780044465065,-66.11993910687194,-66.11993910687194
1585.790044465065,-66.11868229206819,-66.11868229206819
1585.800044465065,-66.11742793051138,-66.11742793051138
1585.810044465065,-66.11617645929553,-66.11617645929553
1585.820044465065,-66.11492831336983,-66.11492831336983
1585.830044465065,-66.11368392200866,-66.11368392200866
1585.840044465065,-66.11244370695613,-66.11244370695613
1585.850044465065,-66.11120808155599,-66.11120808155599
1585.860044465065,-66.10997745046073,-66.10997745046073
1585.870044465065,-66.1087522096865,-66.1087522096865
1585.880044465065,-66.10753274684268,-66.10753274684268
1585.890044465065,-66.10631944146039,-66.10631944146039
1585.900044465065,-66.10511266536989,-66.10511266536989
1585.910044465065,-66.10391278305357,-66.10391278305357
1585.920044465065,-66.10272015200353,-66.10272015200353
1585.930044465065,-66.10153512304397,-66.10153512304397
1585.940044465065,-66.10035804062717,-66.10035804062717
1585.950044465065,-66.09918924309464,-66.09918924309464
1585.960044465065,-66.09802906292045,-66.09802906292045
1585.970044465065,-66.09687782689703,-66.09687782689703
1585.980044465065,-66.09573585635016,-66.09573585635016
1585.990044465065,-66.09460346726883,-66.09460346726883
1586.000044465065,-66.09348097046355,-66.09348097046355
1586.010044465065,-66.09236867168654,-66.09236867168654
1586.020044465065,-66.09126687174634,-66.09126687174634
1586.030044465065,-66.0901758666038,-66.0901758666038
1586.040044465065,-66.08909594745619,-66.08909594745619
1586.050044465065,-66.08802740081768,-66.08802740081768
1586.060044465065,-66.08697050858439,-66.08697050858439
1586.070044465065,-66.08592554810511,-66.08592554810511
1586.080044465065,-66.08489279225363,-66.08489279225363
1586.090044465065,-66.08387250945948,-66.08387250945948
1586.1000444889069,-66.08286496137373,-66.08286496137373
1586.1100444889069,-66.08187041252457,-66.08187041252457
1586.1200444889068,-66.08088911589522,-66.08088911589522
1586.1300444889068,-66.07992132265888,-66.07992132265888
1586.1400444889068,-66.07896727977568,-66.07896727977568
1586.1500444889068,-66.07802723002935,-66.07802723002935
1586.1600444889068,-66.07710141207404,-66.07710141207404
1586.1700444889068,-66.07619006047793,-66.07619006047793
1586.1800444889068,-66.07529340574301,-66.07529340574301
1586.1900444889068,-66.07441167435634,-66.07441167435634
1586.2000444889068,-66.0735450888017,-66.0735450888017
1586.2100444889068,-66.0726938676311,-66.0726938676311
1586.2200444889068,-66.07185822548082,-66.07185822548082
1586.230044488907,-66.07103837308804,-66.07103837308804
1586.240044488907,-66.07023451736356,-66.07023451736356
1586.250044488907,-66.06944686139404,-66.06944686139404
1586.260044488907,-66.06867560449476,-66.06867560449476
1586.270044488907,-66.06792094224014,-66.06792094224014
1586.280044488907,-66.06718306649668,-66.06718306649668
1586.290044488907,-66.06646216545909,-66.06646216545909
1586.300044488907,-66.06575842369102,-66.06575842369102
1586.310044488907,-66.06507202214286,-66.06507202214286
1586.320044488907,-66.0644031382179,-66.0644031382179
1586.3300444889069,-66.06375194577784,-66.06375194577784
1586.3400444889069,-66.06311861519434,-66.06311861519434
1586.3500444889069,-66.06250331337193,-66.06250331337193
1586.3600444889069,-66.06190620380553,-66.06190620380553
1586.3700444889068,-66.06132744659887,-66.06132744659887
1586.3800444889068,-66.06076719850003,-66.06076719850003
1586.3900444889068,-66.06022561294827,-66.06022561294827
1586.4000444889068,-66.05970284010999,-66.05970284010999
1586.4100444889068,-66.05919902689423,-66.05919902689423
1586.4200444889068,-66.058714317011,-66.058714317011
1586.4300444889068,-66.0582488510027,-66.0582488510027
1586.4400444889068,-66.05780276627996,-66.05780276627996
1586.4500444889068,-66.05737619714397,-66.05737619714397
1586.4600444889068,-66.0569692748469,-66.0569692748469
1586.4700444889068,-66.05658212760368,-66.05658212760368
1586.480044488907,-66.05621488064818,-66.05621488064818
1586.490044488907,-66.0558676562593,-66.0558676562593
1586.500044488907,-66.05554057378195,-66.05554057378195
1586.510044488907,-66.05523374969941,-66.05523374969941
1586.520044488907,-66.05494729762752,-66.05494729762752
1586.530044488907,-66.05468132838394,-66.05468132838394
1586.540044488907,-66.05443594999878,-66.05443594999878
1586.550044488907,-66.05421126777053,-66.05421126777053
1586.560044488907,-66.0540073842773,-66.0540073842773
1586.570044488907,-66.05382439942689,-66.05382439942689
1586.5800444889069,-66.05366241049389,-66.05366241049389
1586.5900444889069,-66.05352151214322,-66.05352151214322
1586.6000444889069,-66.05340179647384,-66.05340179647384
1586.6100444889069,-66.05330335304541,-66.05330335304541
1586.6200444889068,-66.053226268907,-66.053226268907
1586.6300444889068,-66.05317062864313,-66.05317062864313
1586.6400444889068,-66.05313651441264,-66.05313651441264
1586.6500444889068,-66.05312400595108,-66.05312400595108
1586.6600444889068,-66.05313318062791,-66.05313318062791
1586.6700444889068,-66.05316411348355,-66.05316411348355
1586.6800444889068,-66.05321687723101,-66.05321687723101
1586.6900444889068,-66.05329154232234,-66.05329154232234
1586.7000444889068,-66.05338817697077,-66.05338817697077
1586.7100444889068,-66.05350684716694,-66.05350684716694
1586.7200444889068,-66.05364761671046,-66.05364761671046
1586.730044488907,-66.0538105472638,-66.0538105472638
1586.740044488907,-66.05399569836415,-66.05399569836415
1586.750044488907,-66.05420312746347,-66.05420312746347
1586.760044488907,-66.05443288993929,-66.05443288993929
1586.770044488907,-66.05468503914761,-66.05468503914761
1586.780044488907,-66.05495962643559,-66.05495962643559
1586.790044488907,-66.05525670118175,-66.05525670118175
1586.800044488907,-66.05557631081108,-66.05557631081108
1586.810044488907,-66.05591850085068,-66.05591850085068
1586.820044488907,-66.05628331491921,-66.05628331491921
1586.8300444889069,-66.05667079477476,-66.05667079477476
1586.8400444889069,-66.05708098035876,-66.05708098035876
1586.8500444889069,-66.05751390978998,-66.05751390978998
1586.8600444889069,-66.05796961941097,-66.05796961941097
1586.8700444889068,-66.05844814381012,-66.05844814381012
1586.8800444889068,-66.05894951585333,-66.05894951585333
1586.8900444889068,-66.0594737666961,-66.0594737666961
1586.9000444889068,-66.0600209258264,-66.0600209258264
1586.9100444889068,-66.0605910210732,-66.0605910210732
1586.9200444889068,-66.06118407865353,-66.06118407865353
1586.9300444889068,-66.06180012316979,-66.06180012316979
1586.9400444889068,-66.06243917765491,-66.06243917765491
1586.9500445127487,-66.06310126516493,-66.06310126516493
1586.9600445127487,-66.06378065392198,-66.06378065392198
1586.9700445127487,-66.06447485433364,-66.06447485433364
1586.9800445127487,-66.0651826709402,-66.0651826709402
1586.9900445127487,-66.0659035088064,-66.0659035088064
1587.0000445127487,-66.06663710744598,-66.06663710744598
1587.0100445127487,-66.06738340213538,-66.06738340213538
1587.0200445127487,-66.0681424423436,-66.0681424423436
1587.0300445127486,-66.0689143425903,-66.0689143425903
1587.0400445127486,-66.06969925284521,-66.06969925284521
1587.0500445127486,-66.07049734074938,-66.07049734074938
1587.0600445127486,-66.071308781056,-66.071308781056
1587.0700445127486,-66.0721337494247,-66.0721337494247
1587.0800445127488,-66.07297241892567,-66.07297241892567
1587.0900445127488,-66.07382495813765,-66.07382495813765
1587.1000445127488,-66.07469153028066,-66.07469153028066
1587.1100445127488,-66.0755722928776,-66.0755722928776
1587.1200445127488,-66.07646739778565,-66.07646739778565
1587.1300445127488,-66.07737699142159,-66.07737699142159
1587.1400445127488,-66.07830121505062,-66.07830121505062
1587.1500445127488,-66.07924020515797,-66.07924020515797
1587.1600445127488,-66.08019409374766,-66.08019409374766
1587.1700445127487,-66.08116300872128,-66.08116300872128
1587.1800445127487,-66.08214707415604,-66.08214707415604
1587.1900445127487,-66.08314641057855,-66.08314641057855
1587.2000445127487,-66.08416113522163,-66.08416113522163
1587.2100445127487,-66.08519136223055,-66.08519136223055
1587.2200445127487,-66.08623720285398,-66.08623720285398
1587.2300445127487,-66.0872987656099,-66.0872987656099
1587.2400445127487,-66.08837615643662,-66.08837615643662
1587.2500445127487,-66.08946947879932,-66.08946947879932
1587.2600445127487,-66.09057883379614,-66.09057883379614
1587.2700445127487,-66.09170432026436,-66.09170432026436
1587.2800445127486,-66.09284603486424,-66.09284603486424
1587.2900445127486,-66.09400407212226,-66.09400407212226
1587.3000445127486,-66.09517852450769,-66.09517852450769
1587.3100445127486,-66.09636948249135,-66.09636948249135
1587.3200445127486,-66.09757703456698,-66.09757703456698
1587.3300445127488,-66.09880126731862,-66.09880126731862
1587.3400445127488,-66.10004226541979,-66.10004226541979
1587.3500445127488,-66.10130011170742,-66.10130011170742
1587.3600445127488,-66.10257488716887,-66.10257488716887
1587.3700445127488,-66.10386667099147,-66.10386667099147
1587.3800445127488,-66.1051755405664,-66.1051755405664
1587.3900445127488,-66.1065015715253,-66.1065015715253
1587.4000445127488,-66.10784483775178,-66.10784483775178
1587.4100445127488,-66.10920541138222,-66.10920541138222
1587.4200445127487,-66.11058336284951,-66.11058336284951
1587.4300445127487,-66.11197876087219,-66.11197876087219
1587.4400445127487,-66.11339167248528,-66.11339167248528
1587.4500445127487,-66.11482216304343,-66.11482216304343
1587.4600445127487,-66.11626454258433,-66.11626454258433
1587.4700445127487,-66.11771636082517,-66.11771636082517
1587.4800445127487,-66.11917646361907,-66.11917646361907
1587.4900445127487,-66.1206442973042,-66.1206442973042
1587.5000445127487,-66.12211964252083,-66.12211964252083
1587.5100445127487,-66.12360247549536,-66.12360247549536
1587.5200445127487,-66.12509288648286,-66.12509288648286
1587.5300445127486,-66.12659103064505,-66.12659103064505
1587.5400445127486,-66.12809709845466,-66.12809709845466
1587.5500445127486,-66.12961129793693,-66.12961129793693
1587.5600445127486,-66.13113384408639,-66.13113384408639
1587.5700445127486,-66.13266495270122,-66.13266495270122
1587.5800445127488,-66.13420483682776,-66.13420483682776
1587.5900445127488,-66.13575370489148,-66.13575370489148
1587.6000445127488,-66.13731175978984,-66.13731175978984
1587.6100445127488,-66.13887919855033,-66.13887919855033
1587.6200445127488,-66.14045621235424,-66.14045621235424
1587.6300445127488,-66.14204298676391,-66.14204298676391
1587.6400445127488,-66.14363970197948,-66.14363970197948
1587.6500445127488,-66.14524653318608,-66.14524653318608
1587.6600445127488,-66.14686365088527,-66.14686365088527
1587.6700445127487,-66.14849122123232,-66.14849122123232
1587.6800445127487,-66.15012940631385,-66.15012940631385
1587.6900445127487,-66.15177836441961,-66.15177836441961
1587.7000445127487,-66.15343825027699,-66.15343825027699
1587.7100445127487,-66.15510345839927,-66.15510345839927
1587.7200445127487,-66.15677162325062,-66.15677162325062
1587.7300445127487,-66.15844167465507,-66.15844167465507
1587.7400445127487,-66.1601131418702,-66.1601131418702
1587.7500445127487,-66.16178588738912,-66.16178588738912
1587.7600445127487,-66.16345996829249,-66.16345996829249
1587.7700445127487,-66.16513555476115,-66.16513555476115
1587.7800445127486,-66.1668128810277,-66.1668128810277
1587.7900445127486,-66.16849221582967,-66.16849221582967
1587.8000445365906,-66.17017384870422,-66.17017384870422
1587.8100445365906,-66.17185806342636,-66.17185806342636
1587.8200445365906,-66.17354515590293,-66.17354515590293
1587.8300445365905,-66.17523541462299,-66.17523541462299
1587.8400445365905,-66.1769291228143,-66.1769291228143
1587.8500445365905,-66.17862655753491,-66.17862655753491
1587.8600445365905,-66.18032798937361,-66.18032798937361
1587.8700445365905,-66.18203368245268,-66.18203368245268
1587.8800445365905,-66.18374389465879,-66.18374389465879
1587.8900445365905,-66.18545887791662,-66.18545887791662
1587.9000445365905,-66.18717887854395,-66.18717887854395
1587.9100445365905,-66.18890413756557,-66.18890413756557
1587.9200445365905,-66.19063489105089,-66.19063489105089
1587.9300445365907,-66.19237137040257,-66.19237137040257
1587.9400445365907,-66.19411380262876,-66.19411380262876
1587.9500445365907,-66.19586241054822,-66.19586241054822
1587.9600445365907,-66.19761165306268,-66.19761165306268
1587.9700445365906,-66.19935923038196,-66.19935923038196
1587.9800445365906,-66.20110413810274,-66.20110413810274
1587.9900445365906,-66.202845970842,-66.202845970842
1588.0000445365906,-66.20458465592434,-66.20458465592434
1588.0100445365906,-66.206320314678,-66.206320314678
1588.0200445365906,-66.20805318092746,-66.20805318092746
1588.0300445365906,-66.20978355194418,-66.20978355194418
1588.0400445365906,-66.21151175891104,-66.21151175891104
1588.0500445365906,-66.21323814919828,-66.21323814919828
1588.0600445365906,-66.21496307585838,-66.21496307585838
1588.0700445365906,-66.21668689141227,-66.21668689141227
1588.0800445365905,-66.21840994440764,-66.21840994440764
1588.0900445365905,-66.22013257751144,-66.22013257751144
1588.1000445365905,-66.22185512662392,-66.22185512662392
1588.1100445365905,-66.22357792056503,-66.22357792056503
1588.1200445365905,-66.22530128108329,-66.22530128108329
1588.1300445365905,-66.22702552307445,-66.22702552307445
1588.1400445365905,-66.22875095488378,-66.22875095488378
1588.1500445365905,-66.23047787861454,-66.23047787861454
1588.1600445365905,-66.23220659048522,-66.23220659048522
1588.1700445365905,-66.23393738113408,-66.23393738113408
1588.1800445365907,-66.23567053592099,-66.23567053592099
1588.1900445365907,-66.23740633520697,-66.23740633520697
1588.2000445365907,-66.2391450545544,-66.2391450545544
1588.2100445365907,-66.24088696496976,-66.24088696496976
1588.2200445365906,-66.2426323330608,-66.2426323330608
1588.2300445365906,-66.24438142121986,-66.24438142121986
1588.2400445365906,-66.24613448773614,-66.24613448773614
1588.2500445365906,-66.24789178692232,-66.24789178692232
1588.2600445365906,-66.2496535692214,-66.2496535692214
1588.2700445365906,-66.25142008129082,-66.25142008129082
1588.2800445365906,-66.25319156608855,-66.25319156608855
1588.2900445365906,-66.25496826292498,-66.25496826292498
1588.3000445365906,-66.25675040753177,-66.25675040753177
1588.3100445365906,-66.2585382321149,-66.2585382321149
1588.3200445365906,-66.26033196539788,-66.26033196539788
1588.3300445365905,-66.2621318326544,-66.2621318326544
1588.3400445365905,-66.26393805575363,-66.26393805575363
1588.3500445365905,-66.26575085320509,-66.26575085320509
1588.3600445365905,-66.26757044015804,-66.26757044015804
1588.3700445365905,-66.26939702846198,-66.26939702846198
1588.3800445365905,-66.27123082667171,-66.27123082667171
1588.3900445365905,-66.27307204008444,-66.27307204008444
1588.4000445365905,-66.27492087075503,-66.27492087075503
1588.4100445365905,-66.27677751752013,-66.27677751752013
1588.4200445365905,-66.27864217602594,-66.27864217602594
1588.4300445365907,-66.2805150387523,-66.2805150387523
1588.4400445365907,-66.28239629502269,-66.28239629502269
1588.4500445365907,-66.28428613103041,-66.28428613103041
1588.4600445365907,-66.28617896328318,-66.28617896328318
1588.4700445365906,-66.28807245448881,-66.28807245448881
1588.4800445365906,-66.28996556466242,-66.28996556466242
1588.4900445365906,-66.29185785371057,-66.29185785371057
1588.5000445365906,-66.29374921476429,-66.29374921476429
1588.5100445365906,-66.29563973529929,-66.29563973529929
1588.5200445365906,-66.29752961551429,-66.29752961551429
1588.5300445365906,-66.29941911921546,-66.29941911921546
1588.5400445365906,-66.3013085442427,-66.3013085442427
1588.5500445365906,-66.30319820471384,-66.30319820471384
1588.5600445365906,-66.30508842047564,-66.30508842047564
1588.5700445365906,-66.30697951093107,-66.30697951093107
1588.5800445365905,-66.30887179153078,-66.30887179153078
1588.5900445365905,-66.31076557188301,-66.31076557188301
1588.6000445365905,-66.3126611548703,-66.3126611548703
1588.6100445365905,-66.31455883630807,-66.31455883630807
1588.6200445365905,-66.31645890499722,-66.31645890499722
1588.6300445365905,-66.31836164291025,-66.31836164291025
1588.6400445365905,-66.32026732550621,-66.32026732550621
1588.6500445604324,-66.3221762266119,-66.3221762266119
1588.6600445604324,-66.32408860057667,-66.32408860057667
1588.6700445604324,-66.32600470986205,-66.32600470986205
1588.6800445604324,-66.32792480719611,-66.32792480719611
1588.6900445604324,-66.32984914037468,-66.32984914037468
1588.7000445604324,-66.33177795250639,-66.33177795250639
1588.7100445604324,-66.33371148223078,-66.33371148223078
1588.7200445604324,-66.3356499639055,-66.3356499639055
1588.7300445604324,-66.33759362779107,-66.33759362779107
1588.7400445604324,-66.33954270018572,-66.33954270018572
1588.7500445604323,-66.34149740355566,-66.34149740355566
1588.7600445604323,-66.34345795664457,-66.34345795664457
1588.7700445604323,-66.34542457457081,-66.34542457457081
1588.7800445604325,-66.3473974689362,-66.3473974689362
1588.7900445604325,-66.34937684786595,-66.34937684786595
1588.8000445604325,-66.35136291609385,-66.35136291609385
1588.8100445604325,-66.35335587504586,-66.35335587504586
1588.8200445604325,-66.35535592284896,-66.35535592284896
1588.8300445604325,-66.35736325441346,-66.35736325441346
1588.8400445604325,-66.35937806146677,-66.35937806146677
1588.8500445604325,-66.36140053258384,-66.36140053258384
1588.8600445604325,-66.36343085324506,-66.36343085324506
1588.8700445604325,-66.36546920585268,-66.36546920585268
1588.8800445604325,-66.36751576976916,-66.36751576976916
1588.8900445604324,-66.36957072135387,-66.36957072135387
1588.9000445604324,-66.37163423397816,-66.37163423397816
1588.9100445604324,-66.37370647806658,-66.37370647806658
1588.9200445604324,-66.37578762112216,-66.37578762112216
1588.9300445604324,-66.37787782774322,-66.37787782774322
1588.9400445604324,-66.37997725965951,-66.37997725965951
1588.9500445604324,-66.38208607574697,-66.38208607574697
1588.9600445604324,-66.38420443207276,-66.38420443207276
1588.9700445604324,-66.38633248187816,-66.38633248187816
1588.9800445604324,-66.38847037565172,-66.38847037565172
1588.9900445604324,-66.3906182611269,-66.3906182611269
1589.0000445604323,-66.39277628331101,-66.39277628331101
1589.0100445604323,-66.39494458449985,-66.39494458449985
1589.0200445604323,-66.39712330432292,-66.39712330432292
1589.0300445604325,-66.39931257974831,-66.39931257974831
1589.0400445604325,-66.40151254511146,-66.40151254511146
1589.0500445604325,-66.40372333214701,-66.40372333214701
1589.0600445604325,-66.40594507000492,-66.40594507000492
1589.0700445604325,-66.40817788527904,-66.40817788527904
1589.0800445604325,-66.41042190203005,-66.41042190203005
1589.0900445604325,-66.41267724181634,-66.41267724181634
1589.1000445604325,-66.41494402369737,-66.41494402369737
1589.1100445604325,-66.41722236428879,-66.41722236428879
1589.1200445604325,-66.4195123777631,-66.4195123777631
1589.1300445604325,-66.42181417588915,-66.42181417588915
1589.1400445604324,-66.42412786805446,-66.42412786805446
1589.1500445604324,-66.42645356127701,-66.42645356127701
1589.1600445604324,-66.42879136025176,-66.42879136025176
1589.1700445604324,-66.43114136736233,-66.43114136736233
1589.1800445604324,-66.43350368270393,-66.43350368270393
1589.1900445604324,-66.43587840412127,-66.43587840412127
1589.2000445604324,-66.43826562722568,-66.43826562722568
1589.2100445604324,-66.44066544540938,-66.44066544540938
1589.2200445604324,-66.44307794990482,-66.44307794990482
1589.2300445604324,-66.44550322976391,-66.44550322976391
1589.2400445604324,-66.44794137192633,-66.44794137192633
1589.2500445604323,-66.45039246121469,-66.45039246121469
1589.2600445604323,-66.45285658036317,-66.45285658036317
1589.2700445604323,-66.45533381006695,-66.45533381006695
1589.2800445604325,-66.45782422897481,-66.45782422897481
1589.2900445604325,-66.46032791374611,-66.46032791374611
1589.3000445604325,-66.46284493904474,-66.46284493904474
1589.3100445604325,-66.46537537757541,-66.46537537757541
1589.3200445604325,-66.4679193001258,-66.4679193001258
1589.3300445604325,-66.47047677556503,-66.47047677556503
1589.3400445604325,-66.47304787088052,-66.47304787088052
1589.3500445604325,-66.47563265119965,-66.47563265119965
1589.3600445604325,-66.47823117981837,-66.47823117981837
1589.3700445604325,-66.4808435182196,-66.4808435182196
1589.3800445604325,-66.48346972610477,-66.48346972610477
1589.3900445604324,-66.48610986139738,-66.48610986139738
1589.4000445604324,-66.48876398030406,-66.48876398030406
1589.4100445604324,-66.491432137292,-66.491432137292
1589.4200445604324,-66.49411438515241,-66.49411438515241
1589.4300445604324,-66.49681077499746,-66.49681077499746
1589.4400445604324,-66.49952135630171,-66.49952135630171
1589.4500445604324,-66.50224617690166,-66.50224617690166
1589.4600445604324,-66.5049852830388,-66.5049852830388
1589.4700445604324,-66.50773871938102,-66.50773871938102
1589.4800445604324,-66.5105065290287,-66.5105065290287
1589.4900445604324,-66.51328875355397,-66.51328875355397
1589.5000445842743,-66.51608543967883,-66.51608543967883
1589.5100445842743,-66.51889661269328,-66.51889661269328
1589.5200445842743,-66.52172231628802,-66.52172231628802
1589.5300445842743,-66.52456258611888,-66.52456258611888
1589.5400445842743,-66.5274174563949,-66.5274174563949
1589.5500445842742,-66.53028695993521,-66.53028695993521
1589.5600445842742,-66.5331711281578,-66.5331711281578
1589.5700445842742,-66.5360699911092,-66.5360699911092
1589.5800445842742,-66.53898357750819,-66.53898357750819
1589.5900445842742,-66.54191191472425,-66.54191191472425
1589.6000445842742,-66.54485502883522,-66.54485502883522
1589.6100445842742,-66.54781294462809,-66.54781294462809
1589.6200445842742,-66.5507856856178,-66.5507856856178
1589.6300445842744,-66.55377327406673,-66.55377327406673
1589.6400445842744,-66.55677573102247,-66.55677573102247
1589.6500445842744,-66.55979307629649,-66.55979307629649
1589.6600445842744,-66.56282532852809,-66.56282532852809
1589.6700445842744,-66.56587250517404,-66.56587250517404
1589.6800445842744,-66.56893462252668,-66.56893462252668
1589.6900445842743,-66.57201169575359,-66.57201169575359
1589.7000445842743,-66.57510373888667,-66.57510373888667
1589.7100445842743,-66.57821076486482,-66.57821076486482
1589.7200445842743,-66.58133278553062,-66.58133278553062
1589.7300445842743,-66.58446981166064,-66.58446981166064
1589.7400445842743,-66.58762185297851,-66.58762185297851
1589.7500445842743,-66.59078891816787,-66.59078891816787
1589.7600445842743,-66.59397101489662,-66.59397101489662
1589.7700445842743,-66.59716814982418,-66.59716814982418
1589.7800445842743,-66.60038032862003,-66.60038032862003
1589.7900445842743,-66.60360755598262,-66.60360755598262
1589.8000445842742,-66.60684983565301,-66.60684983565301
1589.8100445842742,-66.61010717043737,-66.61010717043737
1589.8200445842742,-66.61337956219884,-66.61337956219884
1589.8300445842742,-66.61666701190241,-66.61666701190241
1589.8400445842742,-66.61996951961542,-66.61996951961542
1589.8500445842742,-66.62328708451089,-66.62328708451089
1589.8600445842742,-66.62661970491214,-66.62661970491214
1589.8700445842742,-66.62996737827356,-66.62996737827356
1589.8800445842744,-66.63333010121164,-66.63333010121164
1589.8900445842744,-66.63670786952363,-66.63670786952363
1589.9000445842744,-66.64010067818899,-66.64010067818899
1589.9100445842744,-66.64350852138584,-66.64350852138584
1589.9200445842744,-66.6469313925085,-66.6469313925085
1589.9300445842744,-66.65036928418651,-66.65036928418651
1589.9400445842743,-66.65382218827318,-66.65382218827318
1589.9500445842743,-66.65729009589637,-66.65729009589637
1589.9600445842743,-66.66076719612789,-66.66076719612789
1589.9700445842743,-66.66425094431986,-66.66425094431986
1589.9800445842743,-66.66774010209741,-66.66774010209741
1589.9900445842743,-66.67123403611583,-66.67123403611583
1590.0000445842743,-66.67473245000139,-66.67473245000139
1590.0100445842743,-66.6782352448771,-66.6782352448771
1590.0200445842743,-66.68174243741707,-66.68174243741707
1590.0300445842743,-66.68525411058086,-66.68525411058086
1590.0400445842743,-66.68877038392257,-66.68877038392257
1590.0500445842742,-66.69229139580362,-66.69229139580362
1590.0600445842742,-66.69581729281127,-66.69581729281127
1590.0700445842742,-66.69934822353312,-66.69934822353312
1590.0800445842742,-66.70288433503367,-66.70288433503367
1590.0900445842742,-66.70642577094219,-66.70642577094219
1590.1000445842742,-66.70997267055836,-66.70997267055836
1590.1100445842742,-66.71352516848721,-66.71352516848721
1590.1200445842742,-66.71708339462916,-66.71708339462916
1590.1300445842744,-66.72064747440703,-66.72064747440703
1590.1400445842744,-66.72421752900702,-66.72421752900702
1590.1500445842744,-66.72779367570877,-66.72779367570877
1590.1600445842744,-66.73137602819727,-66.73137602819727
1590.1700445842744,-66.73496469688426,-66.73496469688426
1590.1800445842744,-66.73855978916095,-66.73855978916095
1590.1900445842743,-66.74216140967823,-66.74216140967823
1590.2000445842743,-66.74576966056702,-66.74576966056702
1590.2100445842743,-66.74938464160013,-66.74938464160013
1590.2200445842743,-66.7530064504089,-66.7530064504089
1590.2300445842743,-66.75663518258825,-66.75663518258825
1590.2400445842743,-66.76027093185388,-66.76027093185388
1590.2500445842743,-66.76391379012705,-66.76391379012705
1590.2600445842743,-66.76756384761823,-66.76756384761823
1590.2700445842743,-66.77122119293716,-66.77122119293716
1590.2800445842743,-66.77488591312412,-66.77488591312412
1590.2900445842743,-66.77855809371935,-66.77855809371935
1590.3000445842742,-66.78223781880753,-66.78223781880753
1590.3100445842742,-66.7859251710556,-66.7859251710556
1590.3200445842742,-66.78962023173774,-66.78962023173774
1590.3300445842742,-66.7933230807676,-66.7933230807676
1590.3400445842742,-66.79703379672985,-66.79703379672985
1590.3500446081161,-66.80075246574823,-66.80075246574823
1590.3600446081161,-66.80447914608837,-66.80447914608837
1590.3700446081161,-66.80821392123944,-66.80821392123944
1590.3800446081161,-66.81195686459792,-66.81195686459792
1590.390044608116,-66.81570804828321,-66.81570804828321
1590.400044608116,-66.81946754315139,-66.81946754315139
1590.410044608116,-66.82323541880163,-66.82323541880163
1590.420044608116,-66.82701174359315,-66.82701174359315
1590.430044608116,-66.83079658463525,-66.83079658463525
1590.440044608116,-66.83459000779618,-66.83459000779618
1590.450044608116,-66.8383920777071,-66.8383920777071
1590.460044608116,-66.84219704000373,-66.84219704000373
1590.470044608116,-66.84600241469964,-66.84600241469964
1590.4800446081163,-66.84980703093971,-66.84980703093971
1590.4900446081162,-66.8536103238584,-66.8536103238584
1590.5000446081162,-66.85741206584616,-66.85741206584616
1590.5100446081162,-66.86121222676728,-66.86121222676728
1590.5200446081162,-66.8650108918109,-66.8650108918109
1590.5300446081162,-66.86880821215091,-66.86880821215091
1590.5400446081162,-66.8726043751736,-66.8726043751736
1590.5500446081162,-66.8763995866804,-66.8763995866804
1590.5600446081162,-66.88019406023588,-66.88019406023588
1590.5700446081162,-66.88398801096058,-66.88398801096058
1590.5800446081162,-66.88778165197935,-66.88778165197935
1590.5900446081162,-66.89157519250244,-66.89157519250244
1590.6000446081161,-66.89536883689532,-66.89536883689532
1590.6100446081161,-66.89916278432668,-66.89916278432668
1590.6200446081161,-66.90295722875422,-66.90295722875422
1590.6300446081161,-66.9067523591019,-66.9067523591019
1590.640044608116,-66.9105483595359,-66.9105483595359
1590.650044608116,-66.91434540976985,-66.91434540976985
1590.660044608116,-66.91814368537274,-66.91814368537274
1590.670044608116,-66.92194335808797,-66.92194335808797
1590.680044608116,-66.92574459607611,-66.92574459607611
1590.690044608116,-66.92954756419425,-66.92954756419425
1590.700044608116,-66.9333524241941,-66.9333524241941
1590.710044608116,-66.9371535090131,-66.9371535090131
1590.720044608116,-66.94094842904076,-66.94094842904076
1590.7300446081163,-66.94473610419513,-66.94473610419513
1590.7400446081162,-66.94851605992578,-66.94851605992578
1590.7500446081162,-66.95228815822612,-66.95228815822612
1590.7600446081162,-66.95605245775343,-66.95605245775343
1590.7700446081162,-66.95980913167037,-66.95980913167037
1590.7800446081162,-66.96355841829761,-66.96355841829761
1590.7900446081162,-66.96730059138228,-66.96730059138228
1590.8000446081162,-66.97103594230003,-66.97103594230003
1590.8100446081162,-66.97476476944362,-66.97476476944362
1590.8200446081162,-66.97848737202168,-66.97848737202168
1590.8300446081162,-66.9822040465399,-66.9822040465399
1590.8400446081162,-66.98591508487033,-66.98591508487033
1590.8500446081161,-66.98962077335749,-66.98962077335749
1590.8600446081161,-66.99332139245612,-66.99332139245612
1590.8700446081161,-66.99701721673243,-66.99701721673243
1590.8800446081161,-67.00070851504114,-67.00070851504114
1590.890044608116,-67.00439555080727,-67.00439555080727
1590.900044608116,-67.0080785823311,-67.0080785823311
1590.910044608116,-67.01175786309574,-67.01175786309574
1590.920044608116,-67.01543364207105,-67.01543364207105
1590.930044608116,-67.01910616397856,-67.01910616397856
1590.940044608116,-67.02277566955553,-67.02277566955553
1590.950044608116,-67.02644239575055,-67.02644239575055
1590.960044608116,-67.03010657592807,-67.03010657592807
1590.970044608116,-67.03376844002933,-67.03376844002933
1590.9800446081163,-67.03742821470675,-67.03742821470675
1590.9900446081162,-67.04108612344535,-67.04108612344535
1591.0000446081162,-67.04474238667088,-67.04474238667088
1591.0100446081162,-67.04839722184111,-67.04839722184111
1591.0200446081162,-67.05205084350467,-67.05205084350467
1591.0300446081162,-67.05570346336877,-67.05570346336877
1591.0400446081162,-67.05935529035958,-67.05935529035958
1591.0500446081162,-67.06300653066351,-67.06300653066351
1591.0600446081162,-67.066657387766,-67.066657387766
1591.0700446081162,-67.07030806247816,-67.07030806247816
1591.0800446081162,-67.07395875297237,-67.07395875297237
1591.0900446081162,-67.07760965478994,-67.07760965478994
1591.1000446081161,-67.08126096088645,-67.08126096088645
1591.1100446081161,-67.08491286164524,-67.08491286164524
1591.1200446081161,-67.08856554486356,-67.08856554486356
1591.1300446081161,-67.09221919581361,-67.09221919581361
1591.140044608116,-67.09587399721305,-67.09587399721305
1591.150044608116,-67.0995301292689,-67.0995301292689
1591.160044608116,-67.10318776966511,-67.10318776966511
1591.170044608116,-67.10684709359296,-67.10684709359296
1591.180044608116,-67.1105082737493,-67.1105082737493
1591.190044608116,-67.11417148035909,-67.11417148035909
1591.200044631958,-67.11783688989127,-67.11783688989127
1591.210044631958,-67.12150465019998,-67.12150465019998
1591.220044631958,-67.12517493284332,-67.12517493284332
1591.230044631958,-67.12884789823815,-67.12884789823815
1591.240044631958,-67.1325237043656,-67.1325237043656
1591.250044631958,-67.1362025068032,-67.1362025068032
1591.260044631958,-67.1398844587257,-67.1398844587257
1591.270044631958,-67.14356971091384,-67.14356971091384
1591.280044631958,-67.1472584117883,-67.1472584117883
1591.290044631958,-67.1509507073973,-67.1509507073973
1591.300044631958,-67.1546467414483,-67.1546467414483
1591.310044631958,-67.15834665531541,-67.15834665531541
1591.320044631958,-67.16205058804735,-67.16205058804735
1591.3300446319581,-67.16575867639838,-67.16575867639838
1591.340044631958,-67.16947105483115,-67.16947105483115
1591.350044631958,-67.17318785553644,-67.17318785553644
1591.360044631958,-67.1769092084643,-67.1769092084643
1591.370044631958,-67.18063524130481,-67.18063524130481
1591.380044631958,-67.18436607954254,-67.18436607954254
1591.390044631958,-67.18810184644876,-67.18810184644876
1591.400044631958,-67.19184266311838,-67.19184266311838
1591.410044631958,-67.19558864846465,-67.19558864846465
1591.420044631958,-67.19933991927263,-67.19933991927263
1591.430044631958,-67.20309659017222,-67.20309659017222
1591.440044631958,-67.20685877369652,-67.20685877369652
1591.450044631958,-67.21062658027449,-67.21062658027449
1591.460044631958,-67.21439426856773,-67.21439426856773
1591.470044631958,-67.21815938874687,-67.21815938874687
1591.480044631958,-67.22192080625784,-67.22192080625784
1591.490044631958,-67.22567799480142,-67.22567799480142
1591.500044631958,-67.22943076621402,-67.22943076621402
1591.510044631958,-67.23317912998635,-67.23317912998635
1591.520044631958,-67.23692321079305,-67.23692321079305
1591.530044631958,-67.24066319889816,-67.24066319889816
1591.540044631958,-67.24439932031956,-67.24439932031956
1591.550044631958,-67.24813181893684,-67.24813181893684
1591.560044631958,-67.25186094582983,-67.25186094582983
1591.570044631958,-67.25558695305982,-67.25558695305982
1591.5800446319581,-67.25931009010482,-67.25931009010482
1591.590044631958,-67.26303060194817,-67.26303060194817
1591.600044631958,-67.2667487281463,-67.2667487281463
1591.610044631958,-67.27046470251341,-67.27046470251341
1591.620044631958,-67.27417875307415,-67.27417875307415
1591.630044631958,-67.27789110228403,-67.27789110228403
1591.640044631958,-67.28160196729552,-67.28160196729552
1591.650044631958,-67.28531156028514,-67.28531156028514
1591.660044631958,-67.28902008877127,-67.28902008877127
1591.670044631958,-67.29272775591826,-67.29272775591826
1591.680044631958,-67.29643476082937,-67.29643476082937
1591.690044631958,-67.30014129879395,-67.30014129879395
1591.700044631958,-67.30384756153285,-67.30384756153285
1591.710044631958,-67.30754787979751,-67.30754787979751
1591.720044631958,-67.31123987927515,-67.31123987927515
1591.730044631958,-67.31492250170251,-67.31492250170251
1591.740044631958,-67.3185952969596,-67.3185952969596
1591.750044631958,-67.32225815270421,-67.32225815270421
1591.760044631958,-67.3259111537858,-67.3259111537858
1591.770044631958,-67.32955449972442,-67.32955449972442
1591.780044631958,-67.33318845512837,-67.33318845512837
1591.790044631958,-67.3368133198614,-67.3368133198614
1591.800044631958,-67.34042941115041,-67.34042941115041
1591.810044631958,-67.3440370529464,-67.3440370529464
1591.820044631958,-67.34763656971937,-67.34763656971937
1591.8300446319581,-67.35122828291394,-67.35122828291394
1591.840044631958,-67.35481250902295,-67.35481250902295
1591.850044631958,-67.35838955868341,-67.35838955868341
1591.860044631958,-67.36195973632077,-67.36195973632077
1591.870044631958,-67.36552334016108,-67.36552334016108
1591.880044631958,-67.36908066240463,-67.36908066240463
1591.890044631958,-67.37263198950721,-67.37263198950721
1591.900044631958,-67.37617760249798,-67.37617760249798
1591.910044631958,-67.37971777728669,-67.37971777728669
1591.920044631958,-67.38325278497094,-67.38325278497094
1591.930044631958,-67.38678289211707,-67.38678289211707
1591.940044631958,-67.39030836100883,-67.39030836100883
1591.950044631958,-67.39382944986123,-67.39382944986123
1591.960044631958,-67.39734641303046,-67.39734641303046
1591.970044631958,-67.40085950116789,-67.40085950116789
1591.980044631958,-67.40436896136394,-67.40436896136394
1591.990044631958,-67.40787503728023,-67.40787503728023
1592.000044631958,-67.41137796926157,-67.41137796926157
1592.010044631958,-67.41487799440975,-67.41487799440975
1592.020044631958,-67.41837534666878,-67.41837534666878
1592.030044631958,-67.42187025690092,-67.42187025690092
1592.040044631958,-67.4253629529303,-67.4253629529303
1592.0500446557999,-67.42885366791003,-67.42885366791003
1592.0600446557999,-67.43234260711976,-67.43234260711976
1592.0700446557998,-67.43582999783958,-67.43582999783958
1592.0800446557998,-67.43931605621252,-67.43931605621252
1592.0900446557998,-67.44280099549711,-67.44280099549711
1592.1000446557998,-67.44628502613448,-67.44628502613448
1592.1100446557998,-67.4497683557794,-67.4497683557794
1592.1200446557998,-67.45325118928285,-67.45325118928285
1592.1300446557998,-67.45673372874158,-67.45673372874158
1592.1400446557998,-67.46021617350712,-67.46021617350712
1592.1500446557998,-67.4636987201941,-67.4636987201941
1592.1600446557998,-67.46718156269556,-67.46718156269556
1592.1700446557998,-67.47066489220343,-67.47066489220343
1592.1800446558,-67.47414889722053,-67.47414889722053
1592.1900446558,-67.47763376357537,-67.47763376357537
1592.2000446558,-67.48111967443398,-67.48111967443398
1592.2100446558,-67.48460681031099,-67.48460681031099
1592.2200446558,-67.48809534908375,-67.48809534908375
1592.2300446558,-67.49158546600924,-67.49158546600924
1592.2400446558,-67.49507733374477,-67.49507733374477
1592.2500446558,-67.49857112234866,-67.49857112234866
1592.2600446558,-67.50206699930563,-67.50206699930563
1592.2700446558,-67.50556512952544,-67.50556512952544
1592.2800446557999,-67.50906567539488,-67.50906567539488
1592.2900446557999,-67.51256879674489,-67.51256879674489
1592.3000446557999,-67.51607465090783,-67.51607465090783
1592.3100446557999,-67.5195833927114,-67.5195833927114
1592.3200446557998,-67.52309517450719,-67.52309517450719
1592.3300446557998,-67.52661014618586,-67.52661014618586
1592.3400446557998,-67.53012845518974,-67.53012845518974
1592.3500446557998,-67.53365024652192,-67.53365024652192
1592.3600446557998,-67.53717566279612,-67.53717566279612
1592.3700446557998,-67.54070484423006,-67.54070484423006
1592.3800446557998,-67.54423792866268,-67.54423792866268
1592.3900446557998,-67.54777505159473,-67.54777505159473
1592.4000446557998,-67.55131634618438,-67.55131634618438
1592.4100446557998,-67.5548619432836,-67.5548619432836
1592.4200446557998,-67.55841197145294,-67.55841197145294
1592.4300446558,-67.56196655698109,-67.56196655698109
1592.4400446558,-67.56552582391686,-67.56552582391686
1592.4500446558,-67.56908989406678,-67.56908989406678
1592.4600446558,-67.57265888703408,-67.57265888703408
1592.4700446558,-67.57623292024327,-67.57623292024327
1592.4800446558,-67.57981210893911,-67.57981210893911
1592.4900446558,-67.58339656623663,-67.58339656623663
1592.5000446558,-67.58698640312119,-67.58698640312119
1592.5100446558,-67.5905817284761,-67.5905817284761
1592.5200446558,-67.59418264911366,-67.59418264911366
1592.5300446557999,-67.59778926978944,-67.59778926978944
1592.5400446557999,-67.60140169322142,-67.60140169322142
1592.5500446557999,-67.60502002011731,-67.60502002011731
1592.5600446557999,-67.6086443491942,-67.6086443491942
1592.5700446557998,-67.61227477719501,-67.61227477719501
1592.5800446557998,-67.61591139892572,-67.61591139892572
1592.5900446557998,-67.61955430727001,-67.61955430727001
1592.6000446557998,-67.62320359320039,-67.62320359320039
1592.6100446557998,-67.62685934581455,-67.62685934581455
1592.6200446557998,-67.63052165235533,-67.63052165235533
1592.6300446557998,-67.63419059822942,-67.63419059822942
1592.6400446557998,-67.63786626702085,-67.63786626702085
1592.6500446557998,-67.64154874052807,-67.64154874052807
1592.6600446557998,-67.64523809878169,-67.64523809878169
1592.6700446557998,-67.6489344200553,-67.6489344200553
1592.6800446558,-67.65263778090906,-67.65263778090906
1592.6900446558,-67.65634825618802,-67.65634825618802
1592.7000446558,-67.66006591905729,-67.66006591905729
1592.7100446558,-67.66378495223573,-67.66378495223573
1592.7200446558,-67.66750285232123,-67.66750285232123
1592.7300446558,-67.67121844016172,-67.67121844016172
1592.7400446558,-67.67493114909983,-67.67493114909983
1592.7500446558,-67.67864075311955,-67.67864075311955
1592.7600446558,-67.68234722548935,-67.68234722548935
1592.7700446558,-67.6860506557854,-67.6860506557854
1592.7800446557999,-67.68975120001181,-67.68975120001181
1592.7900446557999,-67.69344905058317,-67.69344905058317
1592.8000446557999,-67.69714441836267,-67.69714441836267
1592.8100446557999,-67.70083752192664,-67.70083752192664
1592.8200446557998,-67.70452858127946,-67.70452858127946
1592.8300446557998,-67.70821781432639,-67.70821781432639
1592.8400446557998,-67.71190543490772,-67.71190543490772
1592.8500446557998,-67.71559165186774,-67.71559165186774
1592.8600446557998,-67.71927666872297,-67.71927666872297
1592.8700446557998,-67.72296068363865,-67.72296068363865
1592.8800446557998,-67.7266438896206,-67.7266438896206
1592.8900446557998,-67.7303264748037,-67.7303264748037
1592.9000446796417,-67.73400863149965,-67.73400863149965
1592.9100446796417,-67.73769052150045,-67.73769052150045
1592.9200446796417,-67.74137232892453,-67.74137232892453
1592.9300446796417,-67.7450542254927,-67.7450542254927
1592.9400446796417,-67.74873637950512,-67.74873637950512
1592.9500446796417,-67.75241895609952,-67.75241895609952
1592.9600446796417,-67.75610211740911,-67.75610211740911
1592.9700446796417,-67.75978602277665,-67.75978602277665
1592.9800446796417,-67.76347082887412,-67.76347082887412
1592.9900446796416,-67.76715668985163,-67.76715668985163
1593.0000446796416,-67.7708437574299,-67.7708437574299
1593.0100446796416,-67.77453218101392,-67.77453218101392
1593.0200446796416,-67.7782221077442,-67.7782221077442
1593.0300446796418,-67.7819136825999,-67.7819136825999
1593.0400446796418,-67.78560704843696,-67.78560704843696
1593.0500446796418,-67.78930234604725,-67.78930234604725
1593.0600446796418,-67.79299971419178,-67.79299971419178
1593.0700446796418,-67.7966992896446,-67.7966992896446
1593.0800446796418,-67.80040120722754,-67.80040120722754
1593.0900446796418,-67.80410559983804,-67.80410559983804
1593.1000446796418,-67.80781259846225,-67.80781259846225
1593.1100446796418,-67.8115223322107,-67.8115223322107
1593.1200446796418,-67.81523492832545,-67.81523492832545
1593.1300446796417,-67.81895051220286,-67.81895051220286
1593.1400446796417,-67.82266920740747,-67.82266920740747
1593.1500446796417,-67.82639113567781,-67.82639113567781
1593.1600446796417,-67.83011641695843,-67.83011641695843
1593.1700446796417,-67.83384516938543,-67.83384516938543
1593.1800446796417,-67.83757750931188,-67.83757750931188
1593.1900446796417,-67.84131355131792,-67.84131355131792
1593.2000446796417,-67.84505340822172,-67.84505340822172
1593.2100446796417,-67.84879719108845,-67.84879719108845
1593.2200446796417,-67.85254500923033,-67.85254500923033
1593.2300446796417,-67.85629697022824,-67.85629697022824
1593.2400446796416,-67.86005317993332,-67.86005317993332
1593.2500446796416,-67.86381374247657,-67.86381374247657
1593.2600446796416,-67.86757876029581,-67.86757876029581
1593.2700446796416,-67.87134833411973,-67.87134833411973
1593.2800446796418,-67.87512256298528,-67.87512256298528
1593.2900446796418,-67.87890154426498,-67.87890154426498
1593.3000446796418,-67.88268537364799,-67.88268537364799
1593.3100446796418,-67.88647414518319,-67.88647414518319
1593.3200446796418,-67.89026795126244,-67.89026795126244
1593.3300446796418,-67.89406688264317,-67.89406688264317
1593.3400446796418,-67.8978710284568,-67.8978710284568
1593.3500446796418,-67.90168047623233,-67.90168047623233
1593.3600446796418,-67.90549531188125,-67.90549531188125
1593.3700446796418,-67.90931561974033,-67.90931561974033
1593.3800446796417,-67.91314148256735,-67.91314148256735
1593.3900446796417,-67.91697298154502,-67.91697298154502
1593.4000446796417,-67.92081019631094,-67.92081019631094
1593.4100446796417,-67.92465320496532,-67.92465320496532
1593.4200446796417,-67.92850208408167,-67.92850208408167
1593.4300446796417,-67.93235690870802,-67.93235690870802
1593.4400446796417,-67.93621775239905,-67.93621775239905
1593.4500446796417,-67.94008468722646,-67.94008468722646
1593.4600446796417,-67.94395778378026,-67.94395778378026
1593.4700446796417,-67.94783711120186,-67.94783711120186
1593.4800446796417,-67.95172273717579,-67.95172273717579
1593.4900446796416,-67.95561472795207,-67.95561472795207
1593.5000446796416,-67.95951314836739,-67.95951314836739
1593.5100446796416,-67.96341806184765,-67.96341806184765
1593.5200446796416,-67.9673295304391,-67.9673295304391
1593.5300446796418,-67.97124761480305,-67.97124761480305
1593.5400446796418,-67.97517237424235,-67.97517237424235
1593.5500446796418,-67.97910386670499,-67.97910386670499
1593.5600446796418,-67.98304214881762,-67.98304214881762
1593.5700446796418,-67.98698727586883,-67.98698727586883
1593.5800446796418,-67.99093930186889,-67.99093930186889
1593.5900446796418,-67.99489827951776,-67.99489827951776
1593.6000446796418,-67.99886426024675,-67.99886426024675
1593.6100446796418,-68.00283729422496,-68.00283729422496
1593.6200446796418,-68.00681743036951,-68.00681743036951
1593.6300446796417,-68.01080471637148,-68.01080471637148
1593.6400446796417,-68.01479919870809,-68.01479919870809
1593.6500446796417,-68.01880092264145,-68.01880092264145
1593.6600446796417,-68.02280993224818,-68.02280993224818
1593.6700446796417,-68.02682627043528,-68.02682627043528
1593.6800446796417,-68.03084997894128,-68.03084997894128
1593.6900446796417,-68.03488109836991,-68.03488109836991
1593.7000446796417,-68.03891966817626,-68.03891966817626
1593.7100446796417,-68.042959803311,-68.042959803311
1593.7200446796417,-68.04699895151211,-68.04699895151211
1593.7300446796417,-68.05103589260189,-68.05103589260189
1593.7400446796416,-68.05507002277834,-68.05507002277834
1593.7500447034836,-68.05910109085126,-68.05910109085126
1593.7600447034836,-68.06312901772965,-68.06312901772965
1593.7700447034836,-68.06715387062218,-68.06715387062218
1593.7800447034836,-68.07117577451038,-68.07117577451038
1593.7900447034835,-68.0751948915911,-68.0751948915911
1593.8000447034835,-68.07921140316796,-68.07921140316796
1593.8100447034835,-68.08322549890491,-68.08322549890491
1593.8200447034835,-68.08723737051324,-68.08723737051324
1593.8300447034835,-68.0912472081288,-68.0912472081288
1593.8400447034835,-68.09525519839131,-68.09525519839131
1593.8500447034835,-68.09926152347323,-68.09926152347323
1593.8600447034835,-68.10326636071932,-68.10326636071932
1593.8700447034835,-68.10726988264574,-68.10726988264574
1593.8800447034837,-68.11127225709063,-68.11127225709063
1593.8900447034837,-68.11527364749793,-68.11527364749793
1593.9000447034837,-68.11927421321559,-68.11927421321559
1593.9100447034837,-68.12327410980589,-68.12327410980589
1593.9200447034837,-68.12727348935704,-68.12727348935704
1593.9300447034836,-68.1312725007268,-68.1312725007268
1593.9400447034836,-68.1352712898326,-68.1352712898326
1593.9500447034836,-68.13926999981932,-68.13926999981932
1593.9600447034836,-68.14326877129206,-68.14326877129206
1593.9700447034836,-68.14726774246198,-68.14726774246198
1593.9800447034836,-68.15126704928458,-68.15126704928458
1593.9900447034836,-68.15526682558979,-68.15526682558979
1594.0000447034836,-68.15926720319,-68.15926720319
1594.0100447034836,-68.16326831194593,-68.16326831194593
1594.0200447034836,-68.16727027986029,-68.16727027986029
1594.0300447034836,-68.1712649625469,-68.1712649625469
1594.0400447034835,-68.17524287925836,-68.17524287925836
1594.0500447034835,-68.17919585415,-68.17919585415
1594.0600447034835,-68.18311725979224,-68.18311725979224
1594.0700447034835,-68.18700169987119,-68.18700169987119
1594.0800447034835,-68.19084469635321,-68.19084469635321
1594.0900447034835,-68.19464247325045,-68.19464247325045
1594.1000447034835,-68.19839181716505,-68.19839181716505
1594.1100447034835,-68.20208998482167,-68.20208998482167
1594.1200447034835,-68.20573463731039,-68.20573463731039
1594.1300447034837,-68.20932378959765,-68.20932378959765
1594.1400447034837,-68.21285576917718,-68.21285576917718
1594.1500447034837,-68.21632918085129,-68.21632918085129
1594.1600447034837,-68.21974287595135,-68.21974287595135
1594.1700447034837,-68.22309592522801,-68.22309592522801
1594.1800447034836,-68.22638759474678,-68.22638759474678
1594.1900447034836,-68.22961732448303,-68.22961732448303
1594.2000447034836,-68.23278470929489,-68.23278470929489
1594.2100447034836,-68.2358835418318,-68.2358835418318
1594.2200447034836,-68.23891108113938,-68.23891108113938
1594.2300447034836,-68.24186603320408,-68.24186603320408
1594.2400447034836,-68.24474782141787,-68.24474782141787
1594.2500447034836,-68.24755630190525,-68.24755630190525
1594.2600447034836,-68.25029161160461,-68.25029161160461
1594.2700447034836,-68.25295407627056,-68.25295407627056
1594.2800447034836,-68.25554415274465,-68.25554415274465
1594.2900447034835,-68.25806239200502,-68.25806239200502
1594.3000447034835,-68.26050941510948,-68.26050941510948
1594.3100447034835,-68.26288589700552,-68.26288589700552
1594.3200447034835,-68.26519255544096,-68.26519255544096
1594.3300447034835,-68.26743014305377,-68.26743014305377
1594.3400447034835,-68.26959944151174,-68.26959944151174
1594.3500447034835,-68.27170125709529,-68.27170125709529
1594.3600447034835,-68.27373641717227,-68.27373641717227
1594.3700447034835,-68.27570576731766,-68.27570576731766
1594.3800447034837,-68.27761016892656,-68.27761016892656
1594.3900447034837,-68.2794504971117,-68.2794504971117
1594.4000447034837,-68.28122763889324,-68.28122763889324
1594.4100447034837,-68.2829424915677,-68.2829424915677
1594.4200447034837,-68.28459596123358,-68.28459596123358
1594.4300447034836,-68.286188961442,-68.286188961442
1594.4400447034836,-68.28772241198659,-68.28772241198659
1594.4500447034836,-68.28919723775572,-68.28919723775572
1594.4600447034836,-68.29061436768528,-68.29061436768528
1594.4700447034836,-68.29197473378457,-68.29197473378457
1594.4800447034836,-68.29327927023427,-68.29327927023427
1594.4900447034836,-68.29452891256126,-68.29452891256126
1594.5000447034836,-68.29572459683392,-68.29572459683392
1594.5100447034836,-68.29686725894169,-68.29686725894169
1594.5200447034836,-68.29795783393855,-68.29795783393855
1594.5300447034836,-68.29899725539146,-68.29899725539146
1594.5400447034835,-68.29998645480451,-68.29998645480451
1594.5500447034835,-68.30092636107204,-68.30092636107204
1594.5600447034835,-68.3018178999728,-68.3018178999728
1594.5700447034835,-68.30266199369721,-68.30266199369721
1594.5800447034835,-68.30345956041025,-68.30345956041025
1594.5900447034835,-68.30421151384571,-68.30421151384571
1594.6000447273254,-68.30491876459723,-68.30491876459723
1594.6100447273254,-68.30558221298664,-68.30558221298664
1594.6200447273254,-68.30620275907071,-68.30620275907071
1594.6300447273254,-68.30678129535356,-68.30678129535356
1594.6400447273254,-68.30731870827802,-68.30731870827802
1594.6500447273254,-68.30781587796953,-68.30781587796953
1594.6600447273254,-68.30827367801479,-68.30827367801479
1594.6700447273254,-68.30869297521245,-68.30869297521245
1594.6800447273254,-68.3090746294064,-68.3090746294064
1594.6900447273254,-68.30941949328653,-68.30941949328653
1594.7000447273253,-68.30972841224796,-68.30972841224796
1594.7100447273253,-68.31000222418209,-68.31000222418209
1594.7200447273253,-68.31024175940412,-68.31024175940412
1594.7300447273255,-68.310447840486,-68.310447840486
1594.7400447273255,-68.31062128216908,-68.31062128216908
1594.7500447273255,-68.31076289124873,-68.31076289124873
1594.7600447273255,-68.31087346646959,-68.31087346646959
1594.7700447273255,-68.31095379848706,-68.31095379848706
1594.7800447273255,-68.31100466976662,-68.31100466976662
1594.7900447273255,-68.31102685452748,-68.31102685452748
1594.8000447273255,-68.31102111869961,-68.31102111869961
1594.8100447273255,-68.31098821987229,-68.31098821987229
1594.8200447273255,-68.31092890726103,-68.31092890726103
1594.8300447273255,-68.31084392168007,-68.31084392168007
1594.8400447273254,-68.3107339955156,-68.3107339955156
1594.8500447273254,-68.31059985271509,-68.31059985271509
1594.8600447273254,-68.31044220877867,-68.31044220877867
1594.8700447273254,-68.31026177075447,-68.31026177075447
1594.8800447273254,-68.3100592372333,-68.3100592372333
1594.8900447273254,-68.30983529835838,-68.30983529835838
1594.9000447273254,-68.30959063585017,-68.30959063585017
1594.9100447273254,-68.30932592300728,-68.30932592300728
1594.9200447273254,-68.30904182472358,-68.30904182472358
1594.9300447273254,-68.30873899753111,-68.30873899753111
1594.9400447273254,-68.30841808961291,-68.30841808961291
1594.9500447273253,-68.30807974083461,-68.30807974083461
1594.9600447273253,-68.30772458278025,-68.30772458278025
1594.9700447273253,-68.30735323880558,-68.30735323880558
1594.9800447273255,-68.30696632404855,-68.30696632404855
1594.9900447273255,-68.30656444550115,-68.30656444550115
1595.0000447273255,-68.3061482020421,-68.3061482020421
1595.0100447273255,-68.30571818448509,-68.30571818448509
1595.0200447273255,-68.30527497562522,-68.30527497562522
1595.0300447273255,-68.30481915030393,-68.30481915030393
1595.0400447273255,-68.30435127544688,-68.30435127544688
1595.0500447273255,-68.30387191013578,-68.30387191013578
1595.0600447273255,-68.30338160566079,-68.30338160566079
1595.0700447273255,-68.30288090556465,-68.30288090556465
1595.0800447273255,-68.3023703457345,-68.3023703457345
1595.0900447273254,-68.30185045443174,-68.30185045443174
1595.1000447273254,-68.301321752379,-68.301321752379
1595.1100447273254,-68.30078475279576,-68.30078475279576
1595.1200447273254,-68.30023996149565,-68.30023996149565
1595.1300447273254,-68.29968787693115,-68.29968787693115
1595.1400447273254,-68.29912899027302,-68.29912899027302
1595.1500447273254,-68.29856378546658,-68.29856378546658
1595.1600447273254,-68.29799273930145,-68.29799273930145
1595.1700447273254,-68.2974163214813,-68.2974163214813
1595.1800447273254,-68.2968349947091,-68.2968349947091
1595.1900447273254,-68.29624921471749,-68.29624921471749
1595.2000447273253,-68.29565943037908,-68.29565943037908
1595.2100447273253,-68.29506608375398,-68.29506608375398
1595.2200447273253,-68.29446961016554,-68.29446961016554
1595.2300447273255,-68.29387043827697,-68.29387043827697
1595.2400447273255,-68.29326899014258,-68.29326899014258
1595.2500447273255,-68.29266568130352,-68.29266568130352
1595.2600447273255,-68.292060920838,-68.292060920838
1595.2700447273255,-68.29145511144688,-68.29145511144688
1595.2800447273255,-68.29084864951224,-68.29084864951224
1595.2900447273255,-68.29024192517858,-68.29024192517858
1595.3000447273255,-68.28963532240914,-68.28963532240914
1595.3100447273255,-68.28902921907427,-68.28902921907427
1595.3200447273255,-68.28842398700438,-68.28842398700438
1595.3300447273255,-68.28781999207318,-68.28781999207318
1595.3400447273254,-68.28721759425744,-68.28721759425744
1595.3500447273254,-68.28661714771316,-68.28661714771316
1595.3600447273254,-68.28601900083571,-68.28601900083571
1595.3700447273254,-68.28542349634027,-68.28542349634027
1595.3800447273254,-68.28483097131796,-68.28483097131796
1595.3900447273254,-68.28424175731936,-68.28424175731936
1595.4000447273254,-68.28365618040071,-68.28365618040071
1595.4100447273254,-68.28307456120878,-68.28307456120878
1595.4200447273254,-68.28249721504184,-68.28249721504184
1595.4300447273254,-68.28192445191706,-68.28192445191706
1595.4400447273254,-68.28135657662256,-68.28135657662256
1595.4500447511673,-68.28079388746609,-68.28079388746609
1595.4600447511673,-68.28023668172189,-68.28023668172189
1595.4700447511673,-68.27968524754752,-68.27968524754752
1595.4800447511673,-68.27913986952251,-68.27913986952251
1595.4900447511673,-68.27860082732943,-68.27860082732943
1595.5000447511673,-68.27806839581847,-68.27806839581847
1595.5100447511672,-68.27754284507073,-68.27754284507073
1595.5200447511672,-68.2770244404488,-68.2770244404488
1595.5300447511672,-68.27651344268104,-68.27651344268104
1595.5400447511672,-68.2760101078938,-68.2760101078938
1595.5500447511672,-68.27551468769444,-68.27551468769444
1595.5600447511672,-68.27502742922985,-68.27502742922985
1595.5700447511672,-68.27454857522433,-68.27454857522433
1595.5800447511674,-68.27407836404831,-68.27407836404831
1595.5900447511674,-68.27361702979287,-68.27361702979287
1595.6000447511674,-68.27316480230355,-68.27316480230355
1595.6100447511674,-68.27272190725625,-68.27272190725625
1595.6200447511674,-68.27228856619172,-68.27228856619172
1595.6300447511674,-68.27186499658912,-68.27186499658912
1595.6400447511674,-68.27145141191015,-68.27145141191015
1595.6500447511673,-68.27104802165726,-68.27104802165726
1595.6600447511673,-68.27065503143217,-68.27065503143217
1595.6700447511673,-68.27027264297632,-68.27027264297632
1595.6800447511673,-68.26990105423745,-68.26990105423745
1595.6900447511673,-68.2695404594073,-68.2695404594073
1595.7000447511673,-68.26919104899277,-68.26919104899277
1595.7100447511673,-68.26884706718054,-68.26884706718054
1595.7200447511673,-68.26850609937502,-68.26850609937502
1595.7300447511673,-68.26816706710738,-68.26816706710738
1595.7400447511673,-68.26782951002751,-68.26782951002751
1595.7500447511673,-68.26749331120216,-68.26749331120216
1595.7600447511672,-68.2671585540283,-68.2671585540283
1595.7700447511672,-68.2668254381286,-68.2668254381286
1595.7800447511672,-68.26649422876396,-68.26649422876396
1595.7900447511672,-68.26616522634235,-68.26616522634235
1595.8000447511672,-68.26583874812034,-68.26583874812034
1595.8100447511672,-68.26551511733761,-68.26551511733761
1595.8200447511672,-68.26519465682634,-68.26519465682634
1595.8300447511674,-68.26487768538442,-68.26487768538442
1595.8400447511674,-68.26456451584588,-68.26456451584588
1595.8500447511674,-68.26425545412722,-68.26425545412722
1595.8600447511674,-68.2639507989065,-68.2639507989065
1595.8700447511674,-68.2636508416513,-68.2636508416513
1595.8800447511674,-68.26335586681463,-68.26335586681463
1595.8900447511674,-68.26306615215296,-68.26306615215296
1595.9000447511673,-68.26278196909067,-68.26278196909067
1595.9100447511673,-68.26250358305475,-68.26250358305475
1595.9200447511673,-68.26223125381871,-68.26223125381871
1595.9300447511673,-68.2619652358331,-68.2619652358331
1595.9400447511673,-68.2617057784927,-68.2617057784927
1595.9500447511673,-68.26145312641404,-68.26145312641404
1595.9600447511673,-68.26120751964082,-68.26120751964082
1595.9700447511673,-68.26096919387136,-68.26096919387136
1595.9800447511673,-68.26073838061893,-68.26073838061893
1595.9900447511673,-68.26051530736814,-68.26051530736814
1596.0000447511673,-68.26030019772382,-68.26030019772382
1596.0100447511672,-68.26009327151935,-68.26009327151935
1596.0200447511672,-68.25989474492341,-68.25989474492341
1596.0300447511672,-68.2597048305437,-68.2597048305437
1596.0400447511672,-68.25952373749395,-68.25952373749395
1596.0500447511672,-68.25935167147867,-68.25935167147867
1596.0600447511672,-68.25918883486032,-68.25918883486032
1596.0700447511672,-68.25903542669737,-68.25903542669737
1596.0800447511674,-68.25889164282168,-68.25889164282168
1596.0900447511674,-68.25875767588197,-68.25875767588197
1596.1000447511674,-68.25863371537386,-68.25863371537386
1596.1100447511674,-68.25851994769748,-68.25851994769748
1596.1200447511674,-68.2584165561791,-68.2584165561791
1596.1300447511674,-68.25832372112448,-68.25832372112448
1596.1400447511674,-68.2582416198311,-68.2582416198311
1596.1500447511673,-68.25817042663542,-68.25817042663542
1596.1600447511673,-68.25811031294172,-68.25811031294172
1596.1700447511673,-68.2580614472379,-68.2580614472379
1596.1800447511673,-68.25802399514095,-68.25802399514095
1596.1900447511673,-68.25799811941515,-68.25799811941515
1596.2000447511673,-68.25798397998658,-68.25798397998658
1596.2100447511673,-68.25798173399902,-68.25798173399902
1596.2200447511673,-68.25799153580311,-68.25799153580311
1596.2300447511673,-68.25801353700463,-68.25801353700463
1596.2400447511673,-68.25804788649012,-68.25804788649012
1596.2500447511673,-68.25809473044266,-68.25809473044266
1596.2600447511672,-68.25815421236318,-68.25815421236318
1596.2700447511672,-68.25822647310008,-68.25822647310008
1596.2800447511672,-68.25831165088016,-68.25831165088016
1596.2900447511672,-68.25840988132035,-68.25840988132035
1596.3000447750092,-68.2585212977199,-68.2585212977199
1596.3100447750091,-68.25864603008192,-68.25864603008192
1596.3200447750091,-68.25878420656443,-68.25878420656443
1596.3300447750091,-68.25893595262215,-68.25893595262215
1596.3400447750091,-68.25910139121187,-68.25910139121187
1596.350044775009,-68.25928064282007,-68.25928064282007
1596.360044775009,-68.25947382552471,-68.25947382552471
1596.370044775009,-68.25968105497027,-68.25968105497027
1596.380044775009,-68.25990244442484,-68.25990244442484
1596.390044775009,-68.2601381047836,-68.2601381047836
1596.400044775009,-68.26038814461974,-68.26038814461974
1596.410044775009,-68.26065267017843,-68.26065267017843
1596.420044775009,-68.26093178542094,-68.26093178542094
1596.4300447750093,-68.2612255920353,-68.2612255920353
1596.4400447750093,-68.26153418947716,-68.26153418947716
1596.4500447750092,-68.26185767498671,-68.26185767498671
1596.4600447750092,-68.26219020078267,-68.26219020078267
1596.4700447750092,-68.26252926111017,-68.26252926111017
1596.4800447750092,-68.26287368745854,-68.26287368745854
1596.4900447750092,-68.26322293063225,-68.26322293063225
1596.5000447750092,-68.26357678609843,-68.26357678609843
1596.5100447750092,-68.263935250884,-68.263935250884
1596.5200447750092,-68.26429843953606,-68.26429843953606
1596.5300447750092,-68.26466653350637,-68.26466653350637
1596.5400447750092,-68.26503975067119,-68.26503975067119
1596.5500447750092,-68.26541832704044,-68.26541832704044
1596.5600447750091,-68.26580250584466,-68.26580250584466
1596.5700447750091,-68.26619253115824,-68.26619253115824
1596.5800447750091,-68.26658864425654,-68.26658864425654
1596.5900447750091,-68.26699108165187,-68.26699108165187
1596.600044775009,-68.26740007412678,-68.26740007412678
1596.610044775009,-68.26781584640086,-68.26781584640086
1596.620044775009,-68.26823861711969,-68.26823861711969
1596.630044775009,-68.26866859905445,-68.26866859905445
1596.640044775009,-68.26910599940118,-68.26910599940118
1596.650044775009,-68.26955102008851,-68.26955102008851
1596.660044775009,-68.27000385813184,-68.27000385813184
1596.670044775009,-68.27046470596133,-68.27046470596133
1596.6800447750093,-68.27093375168842,-68.27093375168842
1596.6900447750093,-68.27141117942149,-68.27141117942149
1596.7000447750092,-68.27189716946894,-68.27189716946894
1596.7100447750092,-68.27239189855938,-68.27239189855938
1596.7200447750092,-68.27289554003853,-68.27289554003853
1596.7300447750092,-68.27340826403234,-68.27340826403234
1596.7400447750092,-68.27393023755563,-68.27393023755563
1596.7500447750092,-68.27446162468041,-68.27446162468041
1596.7600447750092,-68.27500258660598,-68.27500258660598
1596.7700447750092,-68.27555328175993,-68.27555328175993
1596.7800447750092,-68.2761138658862,-68.2761138658862
1596.7900447750092,-68.27668449210573,-68.27668449210573
1596.8000447750092,-68.2772653109733,-68.2772653109733
1596.8100447750091,-68.2778564705214,-68.2778564705214
1596.8200447750091,-68.2784581163351,-68.2784581163351
1596.8300447750091,-68.27907039156722,-68.27907039156722
1596.8400447750091,-68.2796934369815,-68.2796934369815
1596.850044775009,-68.28032739097993,-68.28032739097993
1596.860044775009,-68.28097238963645,-68.28097238963645
1596.870044775009,-68.28162856672982,-68.28162856672982
1596.880044775009,-68.2822960537465,-68.2822960537465
1596.890044775009,-68.2829749799225,-68.2829749799225
1596.900044775009,-68.28366547225004,-68.28366547225004
1596.910044775009,-68.28436765550695,-68.28436765550695
1596.920044775009,-68.28508165226934,-68.28508165226934
1596.9300447750093,-68.28580758292523,-68.28580758292523
1596.9400447750093,-68.28654556569992,-68.28654556569992
1596.9500447750092,-68.28729571666382,-68.28729571666382
1596.9600447750092,-68.28805814976053,-68.28805814976053
1596.9700447750092,-68.28883297679829,-68.28883297679829
1596.9800447750092,-68.28962030748966,-68.28962030748966
1596.9900447750092,-68.2904202494669,-68.2904202494669
1597.0000447750092,-68.2912329082674,-68.2912329082674
1597.0100447750092,-68.29205838738883,-68.29205838738883
1597.0200447750092,-68.29289678827192,-68.29289678827192
1597.0300447750092,-68.2937482103375,-68.2937482103375
1597.0400447750092,-68.29461275098008,-68.29461275098008
1597.0500447750092,-68.29549050561356,-68.29549050561356
1597.0600447750091,-68.2963815676645,-68.2963815676645
1597.0700447750091,-68.29728602858897,-68.29728602858897
1597.0800447750091,-68.29820397789759,-68.29820397789759
1597.0900447750091,-68.29913550316067,-68.29913550316067
1597.100044775009,-68.30008069004239,-68.30008069004239
1597.110044775009,-68.30103962229592,-68.30103962229592
1597.120044775009,-68.30201238179767,-68.30201238179767
1597.130044775009,-68.30299904854812,-68.30299904854812
1597.140044775009,-68.30399970071205,-68.30399970071205
1597.150044798851,-68.30501441702398,-68.30501441702398
1597.160044798851,-68.30604326719417,-68.30604326719417
1597.170044798851,-68.30708632630218,-68.30708632630218
1597.180044798851,-68.30814366528413,-68.30814366528413
1597.190044798851,-68.30921535330236,-68.30921535330236
1597.200044798851,-68.31030145776293,-68.31030145776293
1597.210044798851,-68.31140204436598,-68.31140204436598
1597.220044798851,-68.31251717707775,-68.31251717707775
1597.230044798851,-68.31364691819336,-68.31364691819336
1597.240044798851,-68.31479132831304,-68.31479132831304
1597.250044798851,-68.31595046639663,-68.31595046639663
1597.260044798851,-68.31712438975153,-68.31712438975153
1597.270044798851,-68.31831315408245,-68.31831315408245
1597.2800447988511,-68.31951681347016,-68.31951681347016
1597.290044798851,-68.32073542042431,-68.32073542042431
1597.300044798851,-68.3219690258855,-68.3219690258855
1597.310044798851,-68.32321767924697,-68.32321767924697
1597.320044798851,-68.32448142837237,-68.32448142837237
1597.330044798851,-68.32576031960176,-68.32576031960176
1597.340044798851,-68.32705439779414,-68.32705439779414
1597.350044798851,-68.32836370632485,-68.32836370632485
1597.360044798851,-68.32968828711469,-68.32968828711469
1597.370044798851,-68.3310281806416,-68.3310281806416
1597.380044798851,-68.33238342595682,-68.33238342595682
1597.390044798851,-68.33375406072287,-68.33375406072287
1597.400044798851,-68.33514012119801,-68.33514012119801
1597.410044798851,-68.33654164227032,-68.33654164227032
1597.420044798851,-68.33795865748692,-68.33795865748692
1597.430044798851,-68.33939119905226,-68.33939119905226
1597.440044798851,-68.34083929784917,-68.34083929784917
1597.450044798851,-68.34230298347602,-68.34230298347602
1597.460044798851,-68.34378228423478,-68.34378228423478
1597.470044798851,-68.34527722716012,-68.34527722716012
1597.480044798851,-68.34678783804725,-68.34678783804725
1597.490044798851,-68.34831414144351,-68.34831414144351
1597.500044798851,-68.34985616070277,-68.34985616070277
1597.510044798851,-68.35141391796085,-68.35141391796085
1597.520044798851,-68.35298743417523,-68.35298743417523
1597.5300447988511,-68.35457672914347,-68.35457672914347
1597.540044798851,-68.35618182150549,-68.35618182150549
1597.550044798851,-68.35780272876927,-68.35780272876927
1597.560044798851,-68.3594394673212,-68.3594394673212
1597.570044798851,-68.36109205245197,-68.36109205245197
1597.580044798851,-68.36276049836485,-68.36276049836485
1597.590044798851,-68.36444481818737,-68.36444481818737
1597.600044798851,-68.3661450239932,-68.3661450239932
1597.610044798851,-68.36786112681122,-68.36786112681122
1597.620044798851,-68.36959313665163,-68.36959313665163
1597.630044798851,-68.37134106251372,-68.37134106251372
1597.640044798851,-68.37310491239869,-68.37310491239869
1597.650044798851,-68.37488469332165,-68.37488469332165
1597.660044798851,-68.37668041133831,-68.37668041133831
1597.670044798851,-68.3784920715487,-68.3784920715487
1597.680044798851,-68.3803196781161,-68.3803196781161
1597.690044798851,-68.38216323427994,-68.38216323427994
1597.700044798851,-68.3840227423729,-68.3840227423729
1597.710044798851,-68.38589224835751,-68.38589224835751
1597.720044798851,-68.38776914718501,-68.38776914718501
1597.730044798851,-68.38965217418,-68.38965217418
1597.740044798851,-68.39154068585131,-68.39154068585131
1597.750044798851,-68.39343438484389,-68.39343438484389
1597.760044798851,-68.39533317676633,-68.39533317676633
1597.770044798851,-68.39723708608255,-68.39723708608255
1597.7800447988511,-68.39914620551538,-68.39914620551538
1597.790044798851,-68.40106066557152,-68.40106066557152
1597.800044798851,-68.40298061624266,-68.40298061624266
1597.810044798851,-68.40490621611097,-68.40490621611097
1597.820044798851,-68.40683762595904,-68.40683762595904
1597.830044798851,-68.4087750051168,-68.4087750051168
1597.840044798851,-68.41071850946898,-68.41071850946898
1597.850044798851,-68.41266829049421,-68.41266829049421
1597.860044798851,-68.4146244949073,-68.4146244949073
1597.870044798851,-68.41658726462555,-68.41658726462555
1597.880044798851,-68.41855673694754,-68.41855673694754
1597.890044798851,-68.42053304483721,-68.42053304483721
1597.900044798851,-68.42251631721157,-68.42251631721157
1597.910044798851,-68.42450667927976,-68.42450667927976
1597.920044798851,-68.42650425285066,-68.42650425285066
1597.930044798851,-68.42850915658767,-68.42850915658767
1597.940044798851,-68.4305215062756,-68.4305215062756
1597.950044798851,-68.43254141505955,-68.43254141505955
1597.960044798851,-68.43456899359721,-68.43456899359721
1597.970044798851,-68.43660435028303,-68.43660435028303
1597.980044798851,-68.43864759135975,-68.43864759135975
1597.990044798851,-68.44069882103632,-68.44069882103632
1598.0000448226929,-68.44275814652403,-68.44275814652403
1598.0100448226929,-68.44482565851929,-68.44482565851929
1598.0200448226929,-68.44690146062902,-68.44690146062902
1598.0300448226928,-68.44898564990605,-68.44898564990605
1598.0400448226928,-68.45107832177501,-68.45107832177501
1598.0500448226928,-68.45317957007556,-68.45317957007556
1598.0600448226928,-68.4552894871084,-68.4552894871084
1598.0700448226928,-68.45740816364673,-68.45740816364673
1598.0800448226928,-68.45953568900465,-68.45953568900465
1598.0900448226928,-68.46167215101643,-68.46167215101643
1598.1000448226928,-68.46381763608775,-68.46381763608775
1598.1100448226928,-68.46597222918649,-68.46597222918649
1598.1200448226928,-68.46813601387565,-68.46813601387565
1598.130044822693,-68.47030907231434,-68.47030907231434
1598.140044822693,-68.47249148526421,-68.47249148526421
1598.150044822693,-68.47468333211768,-68.47468333211768
1598.160044822693,-68.47688469088116,-68.47688469088116
1598.170044822693,-68.47909563820009,-68.47909563820009
1598.180044822693,-68.48131624934848,-68.48131624934848
1598.190044822693,-68.4835465982451,-68.4835465982451
1598.200044822693,-68.48578675745381,-68.48578675745381
1598.210044822693,-68.48803679819768,-68.48803679819768
1598.220044822693,-68.49029679035124,-68.49029679035124
1598.230044822693,-68.49256680245567,-68.49256680245567
1598.2400448226929,-68.49484690170789,-68.49484690170789
1598.2500448226929,-68.497137153985,-68.497137153985
1598.2600448226929,-68.49943762384312,-68.49943762384312
1598.2700448226929,-68.50174837450258,-68.50174837450258
1598.2800448226928,-68.50406946788256,-68.50406946788256
1598.2900448226928,-68.50640096459051,-68.50640096459051
1598.3000448226928,-68.50874292393972,-68.50874292393972
1598.3100448226928,-68.51109540392949,-68.51109540392949
1598.3200448226928,-68.51345846129021,-68.51345846129021
1598.3300448226928,-68.51583215144832,-68.51583215144832
1598.3400448226928,-68.51821652857193,-68.51821652857193
1598.3500448226928,-68.52061164554338,-68.52061164554338
1598.3600448226928,-68.52301755399435,-68.52301755399435
1598.3700448226928,-68.52543430429095,-68.52543430429095
1598.380044822693,-68.52786194557302,-68.52786194557302
1598.390044822693,-68.53030052571555,-68.53030052571555
1598.400044822693,-68.53275009137431,-68.53275009137431
1598.410044822693,-68.53521068798854,-68.53521068798854
1598.420044822693,-68.5376823597856,-68.5376823597856
1598.430044822693,-68.54016514977947,-68.54016514977947
1598.440044822693,-68.54265909979785,-68.54265909979785
1598.450044822693,-68.54516425049066,-68.54516425049066
1598.460044822693,-68.54767467103305,-68.54767467103305
1598.470044822693,-68.5501877870693,-68.5501877870693
1598.480044822693,-68.55270236715576,-68.55270236715576
1598.4900448226929,-68.55521780186056,-68.55521780186056
1598.5000448226929,-68.55773382817769,-68.55773382817769
1598.5100448226929,-68.56025038611975,-68.56025038611975
1598.5200448226929,-68.56276753447558,-68.56276753447558
1598.5300448226928,-68.56528540018536,-68.56528540018536
1598.5400448226928,-68.56780414782119,-68.56780414782119
1598.5500448226928,-68.57032396128425,-68.57032396128425
1598.5600448226928,-68.57284503290809,-68.57284503290809
1598.5700448226928,-68.57536755704297,-68.57536755704297
1598.5800448226928,-68.57789172639241,-68.57789172639241
1598.5900448226928,-68.58041773003727,-68.58041773003727
1598.6000448226928,-68.58294575246563,-68.58294575246563
1598.6100448226928,-68.58547597318703,-68.58547597318703
1598.6200448226928,-68.58800856671161,-68.58800856671161
1598.630044822693,-68.59054370272418,-68.59054370272418
1598.640044822693,-68.59308154634172,-68.59308154634172
1598.650044822693,-68.59562225842846,-68.59562225842846
1598.660044822693,-68.59816599589581,-68.59816599589581
1598.670044822693,-68.60071291201793,-68.60071291201793
1598.680044822693,-68.60326315669657,-68.60326315669657
1598.690044822693,-68.60581687671886,-68.60581687671886
1598.700044822693,-68.60837421596626,-68.60837421596626
1598.710044822693,-68.61092934002488,-68.61092934002488
1598.720044822693,-68.6134797726901,-68.6134797726901
1598.730044822693,-68.61602438056038,-68.61602438056038
1598.7400448226929,-68.61856265161225,-68.61856265161225
1598.7500448226929,-68.62109441946883,-68.62109441946883
1598.7600448226929,-68.62361971996333,-68.62361971996333
1598.7700448226929,-68.62613870692284,-68.62613870692284
1598.7800448226928,-68.62865160157482,-68.62865160157482
1598.7900448226928,-68.63115866203823,-68.63115866203823
1598.8000448226928,-68.6336601650652,-68.6336601650652
1598.8100448226928,-68.63615639514563,-68.63615639514563
1598.8200448226928,-68.63864763812788,-68.63864763812788
1598.8300448226928,-68.64113417756086,-68.64113417756086
1598.8400448226928,-68.64361629273122,-68.64361629273122
1598.8500448465347,-68.64609426359274,-68.64609426359274
1598.8600448465347,-68.64856834676868,-68.64856834676868
1598.8700448465347,-68.65103881097428,-68.65103881097428
1598.8800448465347,-68.65350591356182,-68.65350591356182
1598.8900448465347,-68.65596990665557,-68.65596990665557
1598.9000448465347,-68.65843103749702,-68.65843103749702
1598.9100448465347,-68.66088954872225,-68.66088954872225
1598.9200448465347,-68.66334567867993,-68.66334567867993
1598.9300448465347,-68.66579966167583,-68.66579966167583
1598.9400448465346,-68.6682517282446,-68.6682517282446
1598.9500448465346,-68.67070210532934,-68.67070210532934
1598.9600448465346,-68.67315101650127,-68.67315101650127
1598.9700448465346,-68.67559868208886,-68.67559868208886
1598.9800448465348,-68.67804531933527,-68.67804531933527
1598.9900448465348,-68.68049114251767,-68.68049114251767
1599.0000448465348,-68.68293636302559,-68.68293636302559
1599.0100448465348,-68.68538118946987,-68.68538118946987
1599.0200448465348,-68.68782582772229,-68.68782582772229
1599.0300448465348,-68.69027048101673,-68.69027048101673
1599.0400448465348,-68.6927153499544,-68.6927153499544
1599.0500448465348,-68.69516063257167,-68.69516063257167
1599.0600448465348,-68.69760652437031,-68.69760652437031
1599.0700448465348,-68.70005321834911,-68.70005321834911
1599.0800448465347,-68.70250090502152,-68.70250090502152
1599.0900448465347,-68.70494977244658,-68.70494977244658
1599.1000448465347,-68.70740000622669,-68.70740000622669
1599.1100448465347,-68.70985178954304,-68.70985178954304
1599.1200448465347,-68.71230530315727,-68.71230530315727
1599.1300448465347,-68.71476072543354,-68.71476072543354
1599.1400448465347,-68.71721823233267,-68.71721823233267
1599.1500448465347,-68.71967799744466,-68.71967799744466
1599.1600448465347,-68.72214019197543,-68.72214019197543
1599.1700448465347,-68.72460498476276,-68.72460498476276
1599.1800448465347,-68.72707254228993,-68.72707254228993
1599.1900448465346,-68.72954302868425,-68.72954302868425
1599.2000448465346,-68.73201660573937,-68.73201660573937
1599.2100448465346,-68.73448744745593,-68.73448744745593
1599.2200448465346,-68.73695309236085,-68.73695309236085
1599.2300448465348,-68.73941242408924,-68.73941242408924
1599.2400448465348,-68.74186494849124,-68.74186494849124
1599.2500448465348,-68.74431051735695,-68.74431051735695
1599.2600448465348,-68.7467491847144,-68.7467491847144
1599.2700448465348,-68.74918112244994,-68.74918112244994
1599.2800448465348,-68.75160656956996,-68.75160656956996
1599.2900448465348,-68.75402580165138,-68.75402580165138
1599.3000448465348,-68.75643911251076,-68.75643911251076
1599.3100448465348,-68.75884680328936,-68.75884680328936
1599.3200448465348,-68.76124917604248,-68.76124917604248
1599.3300448465347,-68.76364653005945,-68.76364653005945
1599.3400448465347,-68.7660391598986,-68.7660391598986
1599.3500448465347,-68.76842735441318,-68.76842735441318
1599.3600448465347,-68.7708113963478,-68.7708113963478
1599.3700448465347,-68.7731915623414,-68.7731915623414
1599.3800448465347,-68.77556812307424,-68.77556812307424
1599.3900448465347,-68.77794134356871,-68.77794134356871
1599.4000448465347,-68.78031148345822,-68.78031148345822
1599.4100448465347,-68.7826787973328,-68.7826787973328
1599.4200448465347,-68.78504353501991,-68.78504353501991
1599.4300448465347,-68.78740594187693,-68.78740594187693
1599.4400448465346,-68.78976625903671,-68.78976625903671
1599.4500448465346,-68.79212472364595,-68.79212472364595
1599.4600448465346,-68.79447557899204,-68.79447557899204
1599.4700448465346,-68.79681643467171,-68.79681643467171
1599.4800448465348,-68.7991462453013,-68.7991462453013
1599.4900448465348,-68.80146458712845,-68.80146458712845
1599.5000448465348,-68.8037713816521,-68.8037713816521
1599.5100448465348,-68.80606675185471,-68.80606675185471
1599.5200448465348,-68.80835093786864,-68.80835093786864
1599.5300448465348,-68.81062424626509,-68.81062424626509
1599.5400448465348,-68.81288701952802,-68.81288701952802
1599.5500448465348,-68.81513961775448,-68.81513961775448
1599.5600448465348,-68.81738240776758,-68.81738240776758
1599.5700448465348,-68.81961575673188,-68.81961575673188
1599.5800448465347,-68.8218400285049,-68.8218400285049
1599.5900448465347,-68.8240555816749,-68.8240555816749
1599.6000448465347,-68.82626276858488,-68.82626276858488
1599.6100448465347,-68.82846193498023,-68.82846193498023
1599.6200448465347,-68.83065341997712,-68.83065341997712
1599.6300448465347,-68.83283755624554,-68.83283755624554
1599.6400448465347,-68.83501467030466,-68.83501467030466
1599.6500448465347,-68.83718508276776,-68.83718508276776
1599.6600448465347,-68.83934910873461,-68.83934910873461
1599.6700448465347,-68.84150705803728,-68.84150705803728
1599.6800448465347,-68.84365923555143,-68.84365923555143
1599.6900448465346,-68.84580594142554,-68.84580594142554
1599.7000448703766,-68.84794747640323,-68.84794747640323
1599.7100448703766,-68.85007812768455,-68.85007812768455
1599.7200448703766,-68.85219556652139,-68.85219556652139
1599.7300448703766,-68.85429880452578,-68.85429880452578
1599.7400448703766,-68.85638747484849,-68.85638747484849
1599.7500448703765,-68.85846155556176,-68.85846155556176
1599.7600448703765,-68.86052122582815,-68.86052122582815
1599.7700448703765,-68.86256678146495,-68.86256678146495
1599.7800448703765,-68.8645985842332,-68.8645985842332
1599.7900448703765,-68.86661703127356,-68.86661703127356
1599.8000448703765,-68.86862253682469,-68.86862253682469
1599.8100448703765,-68.87061552127741,-68.87061552127741
1599.8200448703765,-68.87259640483828,-68.87259640483828
1599.8300448703767,-68.87456560384145,-68.87456560384145
1599.8400448703767,-68.8765235288083,-68.8765235288083
1599.8500448703767,-68.87847058345315,-68.87847058345315
1599.8600448703767,-68.88040716434465,-68.88040716434465
1599.8700448703767,-68.88233366087434,-68.88233366087434
1599.8800448703767,-68.88425045541813,-68.88425045541813
1599.8900448703766,-68.88615792364064,-68.88615792364064
1599.9000448703766,-68.88805643478473,-68.88805643478473
1599.9100448703766,-68.88994635198354,-68.88994635198354
1599.9200448703766,-68.89182803258107,-68.89182803258107
1599.9300448703766,-68.89370182839245,-68.89370182839245
1599.9400448703766,-68.89556808596112,-68.89556808596112
1599.9500448703766,-68.89742714679119,-68.89742714679119
1599.9600448703766,-68.89927934752708,-68.89927934752708
1599.9700448703766,-68.90112502013244,-68.90112502013244
1599.9800448703766,-68.90296449204901,-68.90296449204901
1599.9900448703766,-68.90479808630481,-68.90479808630481
1600.0000448703765,-68.9066261216233,-68.9066261216233
1600.0100448703765,-68.90844891254042,-68.90844891254042
1600.0200448703765,-68.91026676945926,-68.91026676945926
1600.0300448703765,-68.91207999874278,-68.91207999874278
1600.0400448703765,-68.91388890276464,-68.91388890276464
1600.0500448703765,-68.91569377994949,-68.91569377994949
1600.0600448703765,-68.91749492485125,-68.91749492485125
1600.0700448703765,-68.91929262817153,-68.91929262817153
1600.0800448703767,-68.92108717679447,-68.92108717679447
1600.0900448703767,-68.92287885383686,-68.92287885383686
1600.1000448703767,-68.92466793865546,-68.92466793865546
1600.1100448703767,-68.92645470689763,-68.92645470689763
1600.1200448703767,-68.9282394305113,-68.9282394305113
1600.1300448703767,-68.9300223777753,-68.9300223777753
1600.1400448703766,-68.9318038133187,-68.9318038133187
1600.1500448703766,-68.93358399814787,-68.93358399814787
1600.1600448703766,-68.93536318967364,-68.93536318967364
1600.1700448703766,-68.93714164171233,-68.93714164171233
1600.1800448703766,-68.93891960452595,-68.93891960452595
1600.1900448703766,-68.94069732483241,-68.94069732483241
1600.2000448703766,-68.94247504584604,-68.94247504584604
1600.2100448703766,-68.9442530072684,-68.9442530072684
1600.2200448703766,-68.9460314453218,-68.9460314453218
1600.2300448703766,-68.94781059278955,-68.94781059278955
1600.2400448703766,-68.94959067902246,-68.94959067902246
1600.2500448703765,-68.95137192993643,-68.95137192993643
1600.2600448703765,-68.95315456808373,-68.95315456808373
1600.2700448703765,-68.9549388126534,-68.9549388126534
1600.2800448703765,-68.95672487948259,-68.95672487948259
1600.2900448703765,-68.95851298109996,-68.95851298109996
1600.3000448703765,-68.96030332674711,-68.96030332674711
1600.3100448703765,-68.96209612238404,-68.96209612238404
1600.3200448703765,-68.9638915707372,-68.9638915707372
1600.3300448703767,-68.96568987131828,-68.96568987131828
1600.3400448703767,-68.96749122045777,-68.96749122045777
1600.3500448703767,-68.9692958113101,-68.9692958113101
1600.3600448703767,-68.97110383389385,-68.97110383389385
1600.3700448703767,-68.9729154751273,-68.9729154751273
1600.3800448703767,-68.97473091883722,-68.97473091883722
1600.3900448703766,-68.97655034579678,-68.97655034579678
1600.4000448703766,-68.97837393376004,-68.97837393376004
1600.4100448703766,-68.9802018574714,-68.9802018574714
1600.4200448703766,-68.98203428871639,-68.98203428871639
1600.4300448703766,-68.98387139633736,-68.98387139633736
1600.4400448703766,-68.98571334625692,-68.98571334625692
1600.4500448703766,-68.98756030152897,-68.98756030152897
1600.4600448703766,-68.98941242233288,-68.98941242233288
1600.4700448703766,-68.99126986602802,-68.99126986602802
1600.4800448703766,-68.99313278719315,-68.99313278719315
1600.4900448703766,-68.9950013376361,-68.9950013376361
1600.5000448703765,-68.99687566641205,-68.99687566641205
1600.5100448703765,-68.99875591988202,-68.99875591988202
1600.5200448703765,-69.00064224172637,-69.00064224172637
1600.5300448703765,-69.00253477297593,-69.00253477297593
1600.5400448703765,-69.00443365205079,-69.00443365205079
1600.5500448942184,-69.00633901930051,-69.00633901930051
1600.5600448942184,-69.00825099895054,-69.00825099895054
1600.5700448942184,-69.01016972624093,-69.01016972624093
1600.5800448942184,-69.01209532941776,-69.01209532941776
1600.5900448942184,-69.01402793423688,-69.01402793423688
1600.6000448942184,-69.01596766402292,-69.01596766402292
1600.6100448942184,-69.0179146396893,-69.0179146396893
1600.6200448942184,-69.01986897976481,-69.01986897976481
1600.6300448942184,-69.02183080041944,-69.02183080041944
1600.6400448942184,-69.02380021550307,-69.02380021550307
1600.6500448942184,-69.02577733657,-69.02577733657
1600.6600448942183,-69.02776227289736,-69.02776227289736
1600.6700448942183,-69.02975513153422,-69.02975513153422
1600.6800448942186,-69.03175601730608,-69.03175601730608
1600.6900448942185,-69.03376503286351,-69.03376503286351
1600.7000448942185,-69.03578227870591,-69.03578227870591
1600.7100448942185,-69.03780785320504,-69.03780785320504
1600.7200448942185,-69.03984185262127,-69.03984185262127
1600.7300448942185,-69.04188437115089,-69.04188437115089
1600.7400448942185,-69.04393550094463,-69.04393550094463
1600.7500448942185,-69.04599533213505,-69.04599533213505
1600.7600448942185,-69.04806395286019,-69.04806395286019
1600.7700448942185,-69.0501414493054,-69.0501414493054
1600.7800448942185,-69.05222790570537,-69.05222790570537
1600.7900448942185,-69.05432340438773,-69.05432340438773
1600.8000448942184,-69.0564280257924,-69.0564280257924
1600.8100448942184,-69.0585418484955,-69.0585418484955
1600.8200448942184,-69.06066494923843,-69.06066494923843
1600.8300448942184,-69.06279740295766,-69.06279740295766
1600.8400448942184,-69.06493928281395,-69.06493928281395
1600.8500448942184,-69.06709066017925,-69.06709066017925
1600.8600448942184,-69.06925160471977,-69.06925160471977
1600.8700448942184,-69.07142218436796,-69.07142218436796
1600.8800448942184,-69.07360246538882,-69.07360246538882
1600.8900448942184,-69.07579251236878,-69.07579251236878
1600.9000448942184,-69.07799238825164,-69.07799238825164
1600.9100448942183,-69.0802021543812,-69.0802021543812
1600.9200448942183,-69.08242187049147,-69.08242187049147
1600.9300448942186,-69.08465159475564,-69.08465159475564
1600.9400448942185,-69.08689138380146,-69.08689138380146
1600.9500448942185,-69.08914129270728,-69.08914129270728
1600.9600448942185,-69.09140137507266,-69.09140137507266
1600.9700448942185,-69.09367168299401,-69.09367168299401
1600.9800448942185,-69.09595226713007,-69.09595226713007
1600.9900448942185,-69.09824317668406,-69.09824317668406
1601.0000448942185,-69.10054445944733,-69.10054445944733
1601.0100448942185,-69.1028561617985,-69.1028561617985
1601.0200448942185,-69.10517832876612,-69.10517832876612
1601.0300448942185,-69.10751100399987,-69.10751100399987
1601.0400448942185,-69.10985422981528,-69.10985422981528
1601.0500448942184,-69.11220804721538,-69.11220804721538
1601.0600448942184,-69.11457249590715,-69.11457249590715
1601.0700448942184,-69.11694761431316,-69.11694761431316
1601.0800448942184,-69.11933343960719,-69.11933343960719
1601.0900448942184,-69.12173000770946,-69.12173000770946
1601.1000448942184,-69.12413735332935,-69.12413735332935
1601.1100448942184,-69.12655550996192,-69.12655550996192
1601.1200448942184,-69.12898450992985,-69.12898450992985
1601.1300448942184,-69.13142438438273,-69.13142438438273
1601.1400448942184,-69.13387516331886,-69.13387516331886
1601.1500448942184,-69.13633687560733,-69.13633687560733
1601.1600448942183,-69.13880954899753,-69.13880954899753
1601.1700448942183,-69.1412932101435,-69.1412932101435
1601.1800448942186,-69.1437878846233,-69.1437878846233
1601.1900448942185,-69.14629359694776,-69.14629359694776
1601.2000448942185,-69.14881037057908,-69.14881037057908
1601.2100448942185,-69.15133220755133,-69.15133220755133
1601.2200448942185,-69.15385649693137,-69.15385649693137
1601.2300448942185,-69.15638198193594,-69.15638198193594
1601.2400448942185,-69.15890803255449,-69.15890803255449
1601.2500448942185,-69.16143436769912,-69.16143436769912
1601.2600448942185,-69.16396091070018,-69.16396091070018
1601.2700448942185,-69.16648770453892,-69.16648770453892
1601.2800448942185,-69.16901486085563,-69.16901486085563
1601.2900448942185,-69.17154252927052,-69.17154252927052
1601.3000448942184,-69.17407087898974,-69.17407087898974
1601.3100448942184,-69.17660008785657,-69.17660008785657
1601.3200448942184,-69.17913033591869,-69.17913033591869
1601.3300448942184,-69.18166180175055,-69.18166180175055
1601.3400448942184,-69.1841946604949,-69.1841946604949
1601.3500448942184,-69.18672908284282,-69.18672908284282
1601.3600448942184,-69.18926523471961,-69.18926523471961
1601.3700448942184,-69.19180327721833,-69.19180327721833
1601.3800448942184,-69.19434336680023,-69.19434336680023
1601.3900448942184,-69.19688565556002,-69.19688565556002
1601.4000449180603,-69.19943029757013,-69.19943029757013
1601.4100449180603,-69.20197742501433,-69.20197742501433
1601.4200449180603,-69.20452718476834,-69.20452718476834
1601.4300449180603,-69.20707971450152,-69.20707971450152
1601.4400449180603,-69.20963514896903,-69.20963514896903
1601.4500449180603,-69.21219362023517,-69.21219362023517
1601.4600449180602,-69.2147552578445,-69.2147552578445
1601.4700449180602,-69.21732018903063,-69.21732018903063
1601.4800449180602,-69.21988853880983,-69.21988853880983
1601.4900449180602,-69.2224604301533,-69.2224604301533
1601.5000449180602,-69.22503598404958,-69.22503598404958
1601.5100449180602,-69.22761531962539,-69.22761531962539
1601.5200449180602,-69.23019855420279,-69.23019855420279
1601.5300449180604,-69.23278580337032,-69.23278580337032
1601.5400449180604,-69.23537718102774,-69.23537718102774
1601.5500449180604,-69.23797279944026,-69.23797279944026
1601.5600449180604,-69.24057276926824,-69.24057276926824
1601.5700449180604,-69.2431771996004,-69.2431771996004
1601.5800449180604,-69.24578619799256,-69.24578619799256
1601.5900449180604,-69.24839987046585,-69.24839987046585
1601.6000449180603,-69.25101832155156,-69.25101832155156
1601.6100449180603,-69.25364165428398,-69.25364165428398
1601.6200449180603,-69.25626997021234,-69.25626997021234
1601.6300449180603,-69.25890336944211,-69.25890336944211
1601.6400449180603,-69.26154195061314,-69.26154195061314
1601.6500449180603,-69.26418581091043,-69.26418581091043
1601.6600449180603,-69.26683504609598,-69.26683504609598
1601.6700449180603,-69.26948975047897,-69.26948975047897
1601.6800449180603,-69.2721500169499,-69.2721500169499
1601.6900449180603,-69.27481593697217,-69.27481593697217
1601.7000449180603,-69.27748760058695,-69.27748760058695
1601.7100449180602,-69.28016509642431,-69.28016509642431
1601.7200449180602,-69.28284851171857,-69.28284851171857
1601.7300449180602,-69.28553793226702,-69.28553793226702
1601.7400449180602,-69.28823344249103,-69.28823344249103
1601.7500449180602,-69.29093512540031,-69.29093512540031
1601.7600449180602,-69.29364306261891,-69.29364306261891
1601.7700449180602,-69.29635733438461,-69.29635733438461
1601.7800449180604,-69.29907801955221,-69.29907801955221
1601.7900449180604,-69.30180519559772,-69.30180519559772
1601.8000449180604,-69.30453893862973,-69.30453893862973
1601.8100449180604,-69.30727932339042,-69.30727932339042
1601.8200449180604,-69.31002642326449,-69.31002642326449
1601.8300449180604,-69.31278031028131,-69.31278031028131
1601.8400449180604,-69.31554105513071,-69.31554105513071
1601.8500449180603,-69.31830872715923,-69.31830872715923
1601.8600449180603,-69.32108339438119,-69.32108339438119
1601.8700449180603,-69.32386512350628,-69.32386512350628
1601.8800449180603,-69.32664293209606,-69.32664293209606
1601.8900449180603,-69.32940460427977,-69.32940460427977
1601.9000449180603,-69.3321404877803,-69.3321404877803
1601.9100449180603,-69.33484361267654,-69.33484361267654
1601.9200449180603,-69.33750899525717,-69.33750899525717
1601.9300449180603,-69.34013300449799,-69.34013300449799
1601.9400449180603,-69.34271292299316,-69.34271292299316
1601.9500449180603,-69.34524666381712,-69.34524666381712
1601.9600449180602,-69.34773259042937,-69.34773259042937
1601.9700449180602,-69.35016940088992,-69.35016940088992
1601.9800449180602,-69.35255605167991,-69.35255605167991
1601.9900449180602,-69.35489170600857,-69.35489170600857
1602.0000449180602,-69.3571756975445,-69.3571756975445
1602.0100449180602,-69.35940750383548,-69.35940750383548
1602.0200449180602,-69.3615867262037,-69.3615867262037
1602.0300449180604,-69.3637130739122,-69.3637130739122
1602.0400449180604,-69.36578635131457,-69.36578635131457
1602.0500449180604,-69.3678064471519,-69.3678064471519
1602.0600449180604,-69.36977332548621,-69.36977332548621
1602.0700449180604,-69.37168701782468,-69.37168701782468
1602.0800449180604,-69.37354761629526,-69.37354761629526
1602.0900449180604,-69.3753552676022,-69.3753552676022
1602.1000449180603,-69.37711016768984,-69.37711016768984
1602.1100449180603,-69.37881255698456,-69.37881255698456
1602.1200449180603,-69.3804627161418,-69.3804627161418
1602.1300449180603,-69.38206096225197,-69.38206096225197
1602.1400449180603,-69.38360764540057,-69.38360764540057
1602.1500449180603,-69.38510314560716,-69.38510314560716
1602.1600449180603,-69.38654787003672,-69.38654787003672
1602.1700449180603,-69.38794225050903,-69.38794225050903
1602.1800449180603,-69.38928674118185,-69.38928674118185
1602.1900449180603,-69.39058181652798,-69.39058181652798
1602.2000449180603,-69.39182796943506,-69.39182796943506
1602.2100449180602,-69.39302570950284,-69.39302570950284
1602.2200449180602,-69.39417556147104,-69.39417556147104
1602.2300449180602,-69.3952780637682,-69.3952780637682
1602.2400449180602,-69.39633376724326,-69.39633376724326
1602.2500449419022,-69.39734323629678,-69.39734323629678
1602.2600449419022,-69.39830703812275,-69.39830703812275
1602.2700449419021,-69.39922575632816,-69.39922575632816
1602.2800449419021,-69.40009998013095,-69.40009998013095
1602.2900449419021,-69.40093030594787,-69.40093030594787
1602.3000449419021,-69.401717336566,-69.401717336566
1602.310044941902,-69.40246168041766,-69.40246168041766
1602.320044941902,-69.40316395082706,-69.40316395082706
1602.330044941902,-69.40382476539922,-69.40382476539922
1602.340044941902,-69.40444474533821,-69.40444474533821
1602.350044941902,-69.40502451496285,-69.40502451496285
1602.360044941902,-69.40556470107346,-69.40556470107346
1602.370044941902,-69.4060659325041,-69.4060659325041
1602.3800449419023,-69.40652883964148,-69.40652883964148
1602.3900449419023,-69.40695405395735,-69.40695405395735
1602.4000449419023,-69.40734220762282,-69.40734220762282
1602.4100449419022,-69.40769393309722,-69.40769393309722
1602.4200449419022,-69.40800986277085,-69.40800986277085
1602.4300449419022,-69.40829062861188,-69.40829062861188
1602.4400449419022,-69.40853686184782,-69.40853686184782
1602.4500449419022,-69.40874919266071,-69.40874919266071
1602.4600449419022,-69.40892221040376,-69.40892221040376
1602.4700449419022,-69.40905390437663,-69.40905390437663
1602.4800449419022,-69.40914362185973,-69.40914362185973
1602.4900449419022,-69.40919133749128,-69.40919133749128
1602.5000449419022,-69.40919737422306,-69.40919737422306
1602.5100449419022,-69.40916225823167,-69.40916225823167
1602.5200449419021,-69.40908663373139,-69.40908663373139
1602.5300449419021,-69.4089712117456,-69.4089712117456
1602.5400449419021,-69.4088167392031,-69.4088167392031
1602.5500449419021,-69.40862398035065,-69.40862398035065
1602.560044941902,-69.4083937056201,-69.4083937056201
1602.570044941902,-69.40812668505191,-69.40812668505191
1602.580044941902,-69.40782368446595,-69.40782368446595
1602.590044941902,-69.407485463345,-69.407485463345
1602.600044941902,-69.40711277372633,-69.40711277372633
1602.610044941902,-69.40670635969393,-69.40670635969393
1602.620044941902,-69.40626695724579,-69.40626695724579
1602.6300449419023,-69.40579529435507,-69.40579529435507
1602.6400449419023,-69.4052920911185,-69.4052920911185
1602.6500449419023,-69.40475805998702,-69.40475805998702
1602.6600449419022,-69.40419390596679,-69.40419390596679
1602.6700449419022,-69.40360032684902,-69.40360032684902
1602.6800449419022,-69.40297801339128,-69.40297801339128
1602.6900449419022,-69.40232764950495,-69.40232764950495
1602.7000449419022,-69.40164991239378,-69.40164991239378
1602.7100449419022,-69.40094547268305,-69.40094547268305
1602.7200449419022,-69.40021499453624,-69.40021499453624
1602.7300449419022,-69.39945913573939,-69.39945913573939
1602.7400449419022,-69.398678547761,-69.398678547761
1602.7500449419022,-69.39787387582713,-69.39787387582713
1602.7600449419022,-69.39704575895361,-69.39704575895361
1602.7700449419021,-69.39619482998246,-69.39619482998246
1602.7800449419021,-69.39532171562244,-69.39532171562244
1602.7900449419021,-69.3944270364542,-69.3944270364542
1602.8000449419021,-69.39351140696819,-69.39351140696819
1602.810044941902,-69.39257543555435,-69.39257543555435
1602.820044941902,-69.39161972453095,-69.39161972453095
1602.830044941902,-69.39064487013056,-69.39064487013056
1602.840044941902,-69.38965146253337,-69.38965146253337
1602.850044941902,-69.38864008585072,-69.38864008585072
1602.860044941902,-69.38761131812804,-69.38761131812804
1602.870044941902,-69.38656573137818,-69.38656573137818
1602.8800449419023,-69.38550389154555,-69.38550389154555
1602.8900449419023,-69.38442635855105,-69.38442635855105
1602.9000449419023,-69.38333368625815,-69.38333368625815
1602.9100449419022,-69.38222642252045,-69.38222642252045
1602.9200449419022,-69.38110510915901,-69.38110510915901
1602.9300449419022,-69.37997028200103,-69.37997028200103
1602.9400449419022,-69.37882247084457,-69.37882247084457
1602.9500449419022,-69.37766219953633,-69.37766219953633
1602.9600449419022,-69.37648395131185,-69.37648395131185
1602.9700449419022,-69.37528560360096,-69.37528560360096
1602.9800449419022,-69.37406638701549,-69.37406638701549
1602.9900449419022,-69.37282615522065,-69.37282615522065
1603.0000449419022,-69.37156510627314,-69.37156510627314
1603.0100449419022,-69.37028363786527,-69.37028363786527
1603.0200449419021,-69.36898226240562,-69.36898226240562
1603.0300449419021,-69.36766155604134,-69.36766155604134
1603.0400449419021,-69.36632212796735,-69.36632212796735
1603.0500449419021,-69.36496460205728,-69.36496460205728
1603.060044941902,-69.3635896059113,-69.3635896059113
1603.070044941902,-69.36219776447167,-69.36219776447167
1603.080044941902,-69.36078969635946,-69.36078969635946
1603.090044941902,-69.35936601191572,-69.35936601191572
1603.100044965744,-69.35792730881381,-69.35792730881381
1603.110044965744,-69.3564741853948,-69.3564741853948
1603.120044965744,-69.35500722020205,-69.35500722020205
1603.130044965744,-69.35352698575575,-69.35352698575575
1603.140044965744,-69.35203404546597,-69.35203404546597
1603.150044965744,-69.3505289539825,-69.3505289539825
1603.160044965744,-69.34901225749476,-69.34901225749476
1603.170044965744,-69.34748449406567,-69.34748449406567
1603.180044965744,-69.34594619394842,-69.34594619394842
1603.190044965744,-69.34439787984657,-69.34439787984657
1603.200044965744,-69.3428400671616,-69.3428400671616
1603.210044965744,-69.34127326420723,-69.34127326420723
1603.220044965744,-69.3396979724073,-69.3396979724073
1603.2300449657441,-69.33811468647366,-69.33811468647366
1603.2400449657441,-69.33652389454464,-69.33652389454464
1603.250044965744,-69.33492607831792,-69.33492607831792
1603.260044965744,-69.33332171317254,-69.33332171317254
1603.270044965744,-69.33171126828344,-69.33171126828344
1603.280044965744,-69.33009520670572,-69.33009520670572
1603.290044965744,-69.32847398545071,-69.32847398545071
1603.300044965744,-69.32684805557919,-69.32684805557919
1603.310044965744,-69.32521786224362,-69.32521786224362
1603.320044965744,-69.3235838447971,-69.3235838447971
1603.330044965744,-69.32194643681152,-69.32194643681152
1603.340044965744,-69.32030606613758,-69.32030606613758
1603.350044965744,-69.31866315497977,-69.31866315497977
1603.360044965744,-69.31701811992737,-69.31701811992737
1603.370044965744,-69.31537137199686,-69.31537137199686
1603.380044965744,-69.3137233166935,-69.3137233166935
1603.390044965744,-69.3120743540422,-69.3120743540422
1603.400044965744,-69.31042487863213,-69.31042487863213
1603.410044965744,-69.3087752796712,-69.3087752796712
1603.420044965744,-69.3071259410028,-69.3071259410028
1603.430044965744,-69.3054772411659,-69.3054772411659
1603.440044965744,-69.30382955343833,-69.30382955343833
1603.450044965744,-69.302183245847,-69.302183245847
1603.460044965744,-69.3005386812476,-69.3005386812476
1603.470044965744,-69.298896217344,-69.298896217344
1603.4800449657441,-69.2972562067175,-69.2972562067175
1603.4900449657441,-69.2956189968948,-69.2956189968948
1603.500044965744,-69.29398493035386,-69.29398493035386
1603.510044965744,-69.29235434460718,-69.29235434460718
1603.520044965744,-69.2907275722005,-69.2907275722005
1603.530044965744,-69.28910494078333,-69.28910494078333
1603.540044965744,-69.28748677312352,-69.28748677312352
1603.550044965744,-69.28587338716984,-69.28587338716984
1603.560044965744,-69.28426509608886,-69.28426509608886
1603.570044965744,-69.28266220829926,-69.28266220829926
1603.580044965744,-69.28106502751598,-69.28106502751598
1603.590044965744,-69.27947385280642,-69.27947385280642
1603.600044965744,-69.27788897860545,-69.27788897860545
1603.610044965744,-69.27631069476861,-69.27631069476861
1603.620044965744,-69.27473928663285,-69.27473928663285
1603.630044965744,-69.273175035029,-69.273175035029
1603.640044965744,-69.2716182163559,-69.2716182163559
1603.650044965744,-69.27006910258946,-69.27006910258946
1603.660044965744,-69.26852796134945,-69.26852796134945
1603.670044965744,-69.2669950559277,-69.2669950559277
1603.680044965744,-69.26547064534404,-69.26547064534404
1603.690044965744,-69.26395498438187,-69.26395498438187
1603.700044965744,-69.26244832363822,-69.26244832363822
1603.710044965744,-69.26095090953852,-69.26095090953852
1603.720044965744,-69.25946298442233,-69.25946298442233
1603.7300449657441,-69.2579847865638,-69.2579847865638
1603.7400449657441,-69.25651655019671,-69.25651655019671
1603.750044965744,-69.25505850559588,-69.25505850559588
1603.760044965744,-69.25361087908881,-69.25361087908881
1603.770044965744,-69.25217389310866,-69.25217389310866
1603.780044965744,-69.2507477662418,-69.2507477662418
1603.790044965744,-69.24933271326059,-69.24933271326059
1603.800044965744,-69.24792894516337,-69.24792894516337
1603.810044965744,-69.24653666923852,-69.24653666923852
1603.820044965744,-69.24515608907551,-69.24515608907551
1603.830044965744,-69.24378740463061,-69.24378740463061
1603.840044965744,-69.24243081224071,-69.24243081224071
1603.850044965744,-69.24108650470691,-69.24108650470691
1603.860044965744,-69.23975467129725,-69.23975467129725
1603.870044965744,-69.2384354977954,-69.2384354977954
1603.880044965744,-69.23712916656181,-69.23712916656181
1603.890044965744,-69.23583585655076,-69.23583585655076
1603.900044965744,-69.23455574334827,-69.23455574334827
1603.910044965744,-69.23328899924549,-69.23328899924549
1603.920044965744,-69.23203579323886,-69.23203579323886
1603.930044965744,-69.23079629108113,-69.23079629108113
1603.940044965744,-69.22957065534136,-69.22957065534136
1603.9500449895859,-69.22835904252123,-69.22835904252123
1603.9600449895859,-69.22715559310237,-69.22715559310237
1603.9700449895859,-69.22595782866694,-69.22595782866694
1603.9800449895858,-69.22476462683574,-69.22476462683574
1603.9900449895858,-69.22357548983453,-69.22357548983453
1604.0000449895858,-69.22239026643607,-69.22239026643607
1604.0100449895858,-69.2212090075329,-69.2212090075329
1604.0200449895858,-69.22003188138879,-69.22003188138879
1604.0300449895858,-69.21885912277666,-69.21885912277666
1604.0400449895858,-69.21769100235105,-69.21769100235105
1604.0500449895858,-69.21652780832395,-69.21652780832395
1604.0600449895858,-69.2153698355472,-69.2153698355472
1604.0700449895858,-69.21421737915253,-69.21421737915253
1604.080044989586,-69.21307073088542,-69.21307073088542
1604.090044989586,-69.21193017718251,-69.21193017718251
1604.100044989586,-69.21079599821329,-69.21079599821329
1604.110044989586,-69.2096684675246,-69.2096684675246
1604.120044989586,-69.20854785205415,-69.20854785205415
1604.130044989586,-69.2074344123403,-69.2074344123403
1604.140044989586,-69.20632840277209,-69.20632840277209
1604.150044989586,-69.20523007195985,-69.20523007195985
1604.160044989586,-69.20413966304402,-69.20413966304402
1604.170044989586,-69.20305741402947,-69.20305741402947
1604.180044989586,-69.20198355807825,-69.20198355807825
1604.1900449895859,-69.20091832377874,-69.20091832377874
1604.2000449895859,-69.19986193538607,-69.19986193538607
1604.2100449895859,-69.19881461302974,-69.19881461302974
1604.2200449895859,-69.19777657290823,-69.19777657290823
1604.2300449895858,-69.19674802743785,-69.19674802743785
1604.2400449895858,-69.1957291854103,-69.1957291854103
1604.2500449895858,-69.19472025210926,-69.19472025210926
1604.2600449895858,-69.1937214294054,-69.1937214294054
1604.2700449895858,-69.19273291587778,-69.19273291587778
1604.2800449895858,-69.19175490685504,-69.19175490685504
1604.2900449895858,-69.19078759452506,-69.19078759452506
1604.3000449895858,-69.18983116798492,-69.18983116798492
1604.3100449895858,-69.18888581327465,-69.18888581327465
1604.3200449895858,-69.18795171345678,-69.18795171345678
1604.330044989586,-69.18702904864648,-69.18702904864648
1604.340044989586,-69.18611799604842,-69.18611799604842
1604.350044989586,-69.18521872999445,-69.18521872999445
1604.360044989586,-69.18433142198138,-69.18433142198138
1604.370044989586,-69.18345624068593,-69.18345624068593
1604.380044989586,-69.18259335201068,-69.18259335201068
1604.390044989586,-69.18174291909376,-69.18174291909376
1604.400044989586,-69.18090510234201,-69.18090510234201
1604.410044989586,-69.18008005946515,-69.18008005946515
1604.420044989586,-69.17926794546732,-69.17926794546732
1604.430044989586,-69.17846891268964,-69.17846891268964
1604.4400449895859,-69.17768311084087,-69.17768311084087
1604.4500449895859,-69.17691068698844,-69.17691068698844
1604.4600449895859,-69.17614576789386,-69.17614576789386
1604.4700449895859,-69.17538586806226,-69.17538586806226
1604.4800449895858,-69.1746298546046,-69.1746298546046
1604.4900449895858,-69.1738772192671,-69.1738772192671
1604.5000449895858,-69.17312780057881,-69.17312780057881
1604.5100449895858,-69.17238163949543,-69.17238163949543
1604.5200449895858,-69.17163889472849,-69.17163889472849
1604.5300449895858,-69.17089979186738,-69.17089979186738
1604.5400449895858,-69.17016459278751,-69.17016459278751
1604.5500449895858,-69.16943357728523,-69.16943357728523
1604.5600449895858,-69.16870703218488,-69.16870703218488
1604.5700449895858,-69.16798524492951,-69.16798524492951
1604.580044989586,-69.16726849993702,-69.16726849993702
1604.590044989586,-69.1665570766358,-69.1665570766358
1604.600044989586,-69.16585124850657,-69.16585124850657
1604.610044989586,-69.16515128270973,-69.16515128270973
1604.620044989586,-69.16445744008945,-69.16445744008945
1604.630044989586,-69.16376997533013,-69.16376997533013
1604.640044989586,-69.16308913726495,-69.16308913726495
1604.650044989586,-69.16241516916978,-69.16241516916978
1604.660044989586,-69.16174830909809,-69.16174830909809
1604.670044989586,-69.16108879018651,-69.16108879018651
1604.680044989586,-69.16043684094404,-69.16043684094404
1604.6900449895859,-69.15979268549859,-69.15979268549859
1604.7000449895859,-69.15915654383342,-69.15915654383342
1604.7100449895859,-69.15852863200739,-69.15852863200739
1604.7200449895859,-69.15790916229525,-69.15790916229525
1604.7300449895858,-69.15729834337058,-69.15729834337058
1604.7400449895858,-69.15669638043373,-69.15669638043373
1604.7500449895858,-69.15610347531539,-69.15610347531539
1604.7600449895858,-69.15551982658677,-69.15551982658677
1604.7700449895858,-69.15494562964035,-69.15494562964035
1604.7800449895858,-69.15438107676502,-69.15438107676502
1604.7900449895858,-69.15382635721122,-69.15382635721122
1604.8000450134277,-69.15328165596658,-69.15328165596658
1604.8100450134277,-69.15274715897932,-69.15274715897932
1604.8200450134277,-69.1522230453759,-69.1522230453759
1604.8300450134277,-69.15170949275645,-69.15170949275645
1604.8400450134277,-69.1512066759094,-69.1512066759094
1604.8500450134277,-69.15071476682132,-69.15071476682132
1604.8600450134277,-69.150233934728,-69.150233934728
1604.8700450134277,-69.14976434614334,-69.14976434614334
1604.8800450134277,-69.1493061648546,-69.1493061648546
1604.8900450134277,-69.14885955196492,-69.14885955196492
1604.9000450134276,-69.14842466592187,-69.14842466592187
1604.9100450134276,-69.14800166251197,-69.14800166251197
1604.9200450134276,-69.14759069489433,-69.14759069489433
1604.9300450134278,-69.1471919136215,-69.1471919136215
1604.9400450134278,-69.14680546665568,-69.14680546665568
1604.9500450134278,-69.14643149936614,-69.14643149936614
1604.9600450134278,-69.14607015460089,-69.14607015460089
1604.9700450134278,-69.14572157262617,-69.14572157262617
1604.9800450134278,-69.14538589121774,-69.14538589121774
1604.9900450134278,-69.14506324562969,-69.14506324562969
1605.0000450134278,-69.14475376863228,-69.14475376863228
1605.0100450134278,-69.14445759051634,-69.14445759051634
1605.0200450134278,-69.1441748391304,-69.1441748391304
1605.0300450134278,-69.14390563989869,-69.14390563989869
1605.0400450134277,-69.14365011580242,-69.14365011580242
1605.0500450134277,-69.14340838744211,-69.14340838744211
1605.0600450134277,-69.14318057303593,-69.14318057303593
1605.0700450134277,-69.14296678843971,-69.14296678843971
1605.0800450134277,-69.14276714717656,-69.14276714717656
1605.0900450134277,-69.14258176043386,-69.14258176043386
1605.1000450134277,-69.14241073711112,-69.14241073711112
1605.1100450134277,-69.14225418380927,-69.14225418380927
1605.1200450134277,-69.14211220488286,-69.14211220488286
1605.1300450134277,-69.14198490243399,-69.14198490243399
1605.1400450134277,-69.14187237634665,-69.14187237634665
1605.1500450134276,-69.14177472430893,-69.14177472430893
1605.1600450134276,-69.14169204181646,-69.14169204181646
1605.1700450134276,-69.14162442221003,-69.14162442221003
1605.1800450134278,-69.1415719566998,-69.1415719566998
1605.1900450134278,-69.14153473436939,-69.14153473436939
1605.2000450134278,-69.14151284220557,-69.14151284220557
1605.2100450134278,-69.14150034948733,-69.14150034948733
1605.2200450134278,-69.14149471190257,-69.14149471190257
1605.2300450134278,-69.14149473759727,-69.14149473759727
1605.2400450134278,-69.14149985960385,-69.14149985960385
1605.2500450134278,-69.14150985814932,-69.14150985814932
1605.2600450134278,-69.14152471637816,-69.14152471637816
1605.2700450134278,-69.1415445356995,-69.1415445356995
1605.2800450134278,-69.14156948495126,-69.14156948495126
1605.2900450134277,-69.14159976982748,-69.14159976982748
1605.3000450134277,-69.1416356145125,-69.1416356145125
1605.3100450134277,-69.1416772507982,-69.1416772507982
1605.3200450134277,-69.14172491166225,-69.14172491166225
1605.3300450134277,-69.14177882764638,-69.14177882764638
1605.3400450134277,-69.14183922487958,-69.14183922487958
1605.3500450134277,-69.14190632412381,-69.14190632412381
1605.3600450134277,-69.14198034040625,-69.14198034040625
1605.3700450134277,-69.14206148300495,-69.14206148300495
1605.3800450134277,-69.14214995563626,-69.14214995563626
1605.3900450134277,-69.14224595673129,-69.14224595673129
1605.4000450134276,-69.14234967974849,-69.14234967974849
1605.4100450134276,-69.14246131349775,-69.14246131349775
1605.4200450134276,-69.14258104245027,-69.14258104245027
1605.4300450134278,-69.1427090470211,-69.1427090470211
1605.4400450134278,-69.14284550382622,-69.14284550382622
1605.4500450134278,-69.14299058591648,-69.14299058591648
1605.4600450134278,-69.14314446296098,-69.14314446296098
1605.4700450134278,-69.1433073014414,-69.1433073014414
1605.4800450134278,-69.14347926479958,-69.14347926479958
1605.4900450134278,-69.14366051355896,-69.14366051355896
1605.5000450134278,-69.14385120544904,-69.14385120544904
1605.5100450134278,-69.1440514954901,-69.1440514954901
1605.5200450134278,-69.14426153608578,-69.14426153608578
1605.5300450134278,-69.14448147711009,-69.14448147711009
1605.5400450134277,-69.14471146592668,-69.14471146592668
1605.5500450134277,-69.14495164748973,-69.14495164748973
1605.5600450134277,-69.14520216434659,-69.14520216434659
1605.5700450134277,-69.1454631567296,-69.1454631567296
1605.5800450134277,-69.14573476253061,-69.14573476253061
1605.5900450134277,-69.14601711738727,-69.14601711738727
1605.6000450134277,-69.14631035467235,-69.14631035467235
1605.6100450134277,-69.14661460553198,-69.14661460553198
1605.6200450134277,-69.14692999891409,-69.14692999891409
1605.6300450134277,-69.14725666157445,-69.14725666157445
1605.6400450134277,-69.14759471810919,-69.14759471810919
1605.6500450372696,-69.14794429178568,-69.14794429178568
1605.6600450372696,-69.14830550127543,-69.14830550127543
1605.6700450372696,-69.14867846557738,-69.14867846557738
1605.6800450372696,-69.14906330076295,-69.14906330076295
1605.6900450372696,-69.14946012081987,-69.14946012081987
1605.7000450372695,-69.14986903767046,-69.14986903767046
1605.7100450372695,-69.1502901611545,-69.1502901611545
1605.7200450372695,-69.15072359907136,-69.15072359907136
1605.7300450372695,-69.15116945718113,-69.15116945718113
1605.7400450372695,-69.15162783920887,-69.15162783920887
1605.7500450372695,-69.15209884688284,-69.15209884688284
1605.7600450372695,-69.15258257991857,-69.15258257991857
1605.7700450372695,-69.15307913605896,-69.15307913605896
1605.7800450372697,-69.15358861106525,-69.15358861106525
1605.7900450372697,-69.1541110987379,-69.1541110987379
1605.8000450372697,-69.15464669095367,-69.15464669095367
1605.8100450372697,-69.155195477643,-69.155195477643
1605.8200450372697,-69.15575754680911,-69.15575754680911
1605.8300450372697,-69.15633298459076,-69.15633298459076
1605.8400450372696,-69.15692187521216,-69.15692187521216
1605.8500450372696,-69.15752430103576,-69.15752430103576
1605.8600450372696,-69.15814034256599,-69.15814034256599
1605.8700450372696,-69.15877007847324,-69.15877007847324
1605.8800450372696,-69.1594135856012,-69.1594135856012
1605.8900450372696,-69.16007093898348,-69.16007093898348
1605.9000450372696,-69.16074221186611,-69.16074221186611
1605.9100450372696,-69.16142747572243,-69.16142747572243
1605.9200450372696,-69.1621268002503,-69.1621268002503
1605.9300450372696,-69.16284025342478,-69.16284025342478
1605.9400450372696,-69.16356790148566,-69.16356790148566
1605.9500450372695,-69.16430980896452,-69.16430980896452
1605.9600450372695,-69.16506001981769,-69.16506001981769
1605.9700450372695,-69.16581596579171,-69.16581596579171
1605.9800450372695,-69.16657643190243,-69.16657643190243
1605.9900450372695,-69.16734082869706,-69.16734082869706
1606.0000450372695,-69.16810891444003,-69.16810891444003
1606.0100450372695,-69.16888065079051,-69.16888065079051
1606.0200450372695,-69.16965611813859,-69.16965611813859
1606.0300450372697,-69.17043546472331,-69.17043546472331
1606.0400450372697,-69.17121887606324,-69.17121887606324
1606.0500450372697,-69.17200655655074,-69.17200655655074
1606.0600450372697,-69.17279871859141,-69.17279871859141
1606.0700450372697,-69.17359557616045,-69.17359557616045
1606.0800450372697,-69.17439734117511,-69.17439734117511
1606.0900450372696,-69.17520422150768,-69.17520422150768
1606.1000450372696,-69.17601642002818,-69.17601642002818
1606.1100450372696,-69.17683413421746,-69.17683413421746
1606.1200450372696,-69.1776575561743,-69.1776575561743
1606.1300450372696,-69.17848687277757,-69.17848687277757
1606.1400450372696,-69.17932226594387,-69.17932226594387
1606.1500450372696,-69.18016391296887,-69.18016391296887
1606.1600450372696,-69.18101198682825,-69.18101198682825
1606.1700450372696,-69.18186665647292,-69.18186665647292
1606.1800450372696,-69.18272808712449,-69.18272808712449
1606.1900450372696,-69.18359644051671,-69.18359644051671
1606.2000450372695,-69.18447187511774,-69.18447187511774
1606.2100450372695,-69.18535454634078,-69.18535454634078
1606.2200450372695,-69.18624460668683,-69.18624460668683
1606.2300450372695,-69.1871422059219,-69.1871422059219
1606.2400450372695,-69.18804749119319,-69.18804749119319
1606.2500450372695,-69.18896060712714,-69.18896060712714
1606.2600450372695,-69.18988169593555,-69.18988169593555
1606.2700450372695,-69.19081089749179,-69.19081089749179
1606.2800450372697,-69.1917483493935,-69.1917483493935
1606.2900450372697,-69.1926941870202,-69.1926941870202
1606.3000450372697,-69.19364854359952,-69.19364854359952
1606.3100450372697,-69.19461155022327,-69.19461155022327
1606.3200450372697,-69.19558333590672,-69.19558333590672
1606.3300450372697,-69.19656402760775,-69.19656402760775
1606.3400450372696,-69.19755375025453,-69.19755375025453
1606.3500450372696,-69.1985526267751,-69.1985526267751
1606.3600450372696,-69.19956077811023,-69.19956077811023
1606.3700450372696,-69.20057832324687,-69.20057832324687
1606.3800450372696,-69.2016053792063,-69.2016053792063
1606.3900450372696,-69.20264206108949,-69.20264206108949
1606.4000450372696,-69.20368848207215,-69.20368848207215
1606.4100450372696,-69.20474475342776,-69.20474475342776
1606.4200450372696,-69.20581098452456,-69.20581098452456
1606.4300450372696,-69.20688728286197,-69.20688728286197
1606.4400450372696,-69.20797375404769,-69.20797375404769
1606.4500450372695,-69.20907050183334,-69.20907050183334
1606.4600450372695,-69.21017762811299,-69.21017762811299
1606.4700450372695,-69.21129523294836,-69.21129523294836
1606.4800450372695,-69.21242341455314,-69.21242341455314
1606.4900450372695,-69.213562269331,-69.213562269331
1606.5000450611115,-69.21471189460323,-69.21471189460323
1606.5100450611114,-69.21587237770656,-69.21587237770656
1606.5200450611114,-69.21704381233201,-69.21704381233201
1606.5300450611114,-69.21822628769438,-69.21822628769438
1606.5400450611114,-69.21941989122989,-69.21941989122989
1606.5500450611114,-69.22062470861506,-69.22062470861506
1606.5600450611114,-69.22184082378588,-69.22184082378588
1606.5700450611114,-69.2230683189393,-69.2230683189393
1606.5800450611114,-69.22430727454501,-69.22430727454501
1606.5900450611114,-69.22555776936444,-69.22555776936444
1606.6000450611114,-69.22681988045873,-69.22681988045873
1606.6100450611114,-69.22809368320193,-69.22809368320193
1606.6200450611113,-69.22937925129793,-69.22937925129793
1606.6300450611116,-69.23067665678674,-69.23067665678674
1606.6400450611116,-69.23198597007114,-69.23198597007114
1606.6500450611115,-69.2333072599118,-69.2333072599118
1606.6600450611115,-69.23464059344381,-69.23464059344381
1606.6700450611115,-69.23598603621079,-69.23598603621079
1606.6800450611115,-69.2373436521597,-69.2373436521597
1606.6900450611115,-69.23871350366937,-69.23871350366937
1606.7000450611115,-69.24009565154365,-69.24009565154365
1606.7100450611115,-69.24149015505046,-69.24149015505046
1606.7200450611115,-69.24289707191686,-69.24289707191686
1606.7300450611115,-69.24431645835664,-69.24431645835664
1606.7400450611115,-69.24574836908452,-69.24574836908452
1606.7500450611115,-69.24719285733762,-69.24719285733762
1606.7600450611114,-69.24864997486264,-69.24864997486264
1606.7700450611114,-69.25011977195969,-69.25011977195969
1606.7800450611114,-69.2516022974892,-69.2516022974892
1606.7900450611114,-69.25309759889069,-69.25309759889069
1606.8000450611114,-69.25460572218535,-69.25460572218535
1606.8100450611114,-69.25612671201716,-69.25612671201716
1606.8200450611114,-69.25766061163208,-69.25766061163208
1606.8300450611114,-69.25920746293102,-69.25920746293102
1606.8400450611114,-69.2607673064625,-69.2607673064625
1606.8500450611114,-69.26234018143701,-69.26234018143701
1606.8600450611114,-69.26392612575914,-69.26392612575914
1606.8700450611113,-69.26552517604014,-69.26552517604014
1606.8800450611116,-69.26713736759916,-69.26713736759916
1606.8900450611116,-69.2687627344879,-69.2687627344879
1606.9000450611115,-69.27040130951721,-69.27040130951721
1606.9100450611115,-69.27205312424122,-69.27205312424122
1606.9200450611115,-69.27371820901178,-69.27371820901178
1606.9300450611115,-69.27539659296997,-69.27539659296997
1606.9400450611115,-69.27708830406462,-69.27708830406462
1606.9500450611115,-69.27879336907976,-69.27879336907976
1606.9600450611115,-69.280511813627,-69.280511813627
1606.9700450611115,-69.28224366218711,-69.28224366218711
1606.9800450611115,-69.28398893810318,-69.28398893810318
1606.9900450611115,-69.28574766360389,-69.28574766360389
1607.0000450611115,-69.28751985983708,-69.28751985983708
1607.0100450611114,-69.28930554684105,-69.28930554684105
1607.0200450611114,-69.29110474360725,-69.29110474360725
1607.0300450611114,-69.29291746805794,-69.29291746805794
1607.0400450611114,-69.29474373709805,-69.29474373709805
1607.0500450611114,-69.29658356658767,-69.29658356658767
1607.0600450611114,-69.29843697137825,-69.29843697137825
1607.0700450611114,-69.3003039653373,-69.3003039653373
1607.0800450611114,-69.30218456134669,-69.30218456134669
1607.0900450611114,-69.30407877130826,-69.30407877130826
1607.1000450611114,-69.30598660618323,-69.30598660618323
1607.1100450611114,-69.30790807599563,-69.30790807599563
1607.1200450611113,-69.30984318983441,-69.30984318983441
1607.1300450611116,-69.31179195587823,-69.31179195587823
1607.1400450611116,-69.31375438141649,-69.31375438141649
1607.1500450611115,-69.31573047284054,-69.31573047284054
1607.1600450611115,-69.31772023567353,-69.31772023567353
1607.1700450611115,-69.31972367458208,-69.31972367458208
1607.1800450611115,-69.32174079339278,-69.32174079339278
1607.1900450611115,-69.32377159508317,-69.32377159508317
1607.2000450611115,-69.32581608181783,-69.32581608181783
1607.2100450611115,-69.3278742549641,-69.3278742549641
1607.2200450611115,-69.32994611508522,-69.32994611508522
1607.2300450611115,-69.3320316619552,-69.3320316619552
1607.2400450611115,-69.33413089458297,-69.33413089458297
1607.2500450611115,-69.33624381122235,-69.33624381122235
1607.2600450611114,-69.33837040937925,-69.33837040937925
1607.2700450611114,-69.34051068581785,-69.34051068581785
1607.2800450611114,-69.34266463658757,-69.34266463658757
1607.2900450611114,-69.34483225701237,-69.34483225701237
1607.3000450611114,-69.34701354173745,-69.34701354173745
1607.3100450611114,-69.3492084847077,-69.3492084847077
1607.3200450611114,-69.35141707918562,-69.35141707918562
1607.3300450611114,-69.35363931777219,-69.35363931777219
1607.3400450611114,-69.35587519241646,-69.35587519241646
1607.3500450849533,-69.35812469977294,-69.35812469977294
1607.3600450849533,-69.36038781982938,-69.36038781982938
1607.3700450849533,-69.36266454793603,-69.36266454793603
1607.3800450849533,-69.36495487352644,-69.36495487352644
1607.3900450849533,-69.36725878542373,-69.36725878542373
1607.4000450849533,-69.36957627186015,-69.36957627186015
1607.4100450849533,-69.37190732048104,-69.37190732048104
1607.4200450849532,-69.3742519183632,-69.3742519183632
1607.4300450849532,-69.37661005201393,-69.37661005201393
1607.4400450849532,-69.37898170739427,-69.37898170739427
1607.4500450849532,-69.38136686991015,-69.38136686991015
1607.4600450849532,-69.38376552444552,-69.38376552444552
1607.4700450849532,-69.3861776553495,-69.3861776553495
1607.4800450849534,-69.38860324645233,-69.38860324645233
1607.4900450849534,-69.39104228108062,-69.39104228108062
1607.5000450849534,-69.39349474206848,-69.39349474206848
1607.5100450849534,-69.39596061175425,-69.39596061175425
1607.5200450849534,-69.39843987198749,-69.39843987198749
1607.5300450849534,-69.40093250415684,-69.40093250415684
1607.5400450849534,-69.40343848918289,-69.40343848918289
1607.5500450849534,-69.40595780753073,-69.40595780753073
1607.5600450849533,-69.40849043921217,-69.40849043921217
1607.5700450849533,-69.41103636381189,-69.41103636381189
1607.5800450849533,-69.41359556046511,-69.41359556046511
1607.5900450849533,-69.416168007897,-69.416168007897
1607.6000450849533,-69.41875368441704,-69.41875368441704
1607.6100450849533,-69.42135256792258,-69.42135256792258
1607.6200450849533,-69.42396463589945,-69.42396463589945
1607.6300450849533,-69.42658986546301,-69.42658986546301
1607.6400450849533,-69.4292282333257,-69.4292282333257
1607.6500450849533,-69.43187971582763,-69.43187971582763
1607.6600450849533,-69.43454428893725,-69.43454428893725
1607.6700450849532,-69.437221928256,-69.437221928256
1607.6800450849532,-69.43991260902939,-69.43991260902939
1607.6900450849532,-69.44261630615294,-69.44261630615294
1607.7000450849532,-69.44533299418813,-69.44533299418813
1607.7100450849532,-69.44806264733838,-69.44806264733838
1607.7200450849532,-69.45080523949088,-69.45080523949088
1607.7300450849534,-69.45356074420184,-69.45356074420184
1607.7400450849534,-69.45632913471616,-69.45632913471616
1607.7500450849534,-69.45911038396912,-69.45911038396912
1607.7600450849534,-69.46190446457892,-69.46190446457892
1607.7700450849534,-69.46471134888473,-69.46471134888473
1607.7800450849534,-69.46753100891529,-69.46753100891529
1607.7900450849534,-69.47036341641277,-69.47036341641277
1607.8000450849534,-69.47320854284743,-69.47320854284743
1607.8100450849533,-69.47606635941104,-69.47606635941104
1607.8200450849533,-69.47893683702779,-69.47893683702779
1607.8300450849533,-69.48181994634865,-69.48181994634865
1607.8400450849533,-69.48471565777656,-69.48471565777656
1607.8500450849533,-69.48762394146048,-69.48762394146048
1607.8600450849533,-69.49054476729181,-69.49054476729181
1607.8700450849533,-69.49347810493646,-69.49347810493646
1607.8800450849533,-69.49642392380596,-69.49642392380596
1607.8900450849533,-69.49938219309101,-69.49938219309101
1607.9000450849533,-69.50235288174929,-69.50235288174929
1607.9100450849533,-69.50533595852191,-69.50533595852191
1607.9200450849532,-69.5083313919302,-69.5083313919302
1607.9300450849532,-69.51133915028066,-69.51133915028066
1607.9400450849532,-69.51435920168396,-69.51435920168396
1607.9500450849532,-69.51739151403108,-69.51739151403108
1607.9600450849532,-69.5204360550263,-69.5204360550263
1607.9700450849532,-69.52349279217943,-69.52349279217943
1607.9800450849534,-69.52656169280813,-69.52656169280813
1607.9900450849534,-69.52964272405315,-69.52964272405315
1608.0000450849534,-69.53273585286574,-69.53273585286574
1608.0100450849534,-69.53584104602481,-69.53584104602481
1608.0200450849534,-69.53895827014617,-69.53895827014617
1608.0300450849534,-69.54208749165825,-69.54208749165825
1608.0400450849534,-69.54522867684594,-69.54522867684594
1608.0500450849534,-69.54838179183021,-69.54838179183021
1608.0600450849533,-69.55154680257007,-69.55154680257007
1608.0700450849533,-69.55472367488039,-69.55472367488039
1608.0800450849533,-69.5579123744255,-69.5579123744255
1608.0900450849533,-69.56111286672555,-69.56111286672555
1608.1000450849533,-69.56432511716376,-69.56432511716376
1608.1100450849533,-69.56754909099274,-69.56754909099274
1608.1200450849533,-69.57078475331355,-69.57078475331355
1608.1300450849533,-69.57403206912882,-69.57403206912882
1608.1400450849533,-69.57729100328763,-69.57729100328763
1608.1500450849533,-69.58056152053105,-69.58056152053105
1608.1600450849533,-69.58384358547784,-69.58384358547784
1608.1700450849532,-69.58713716262996,-69.58713716262996
1608.1800450849532,-69.59044221639385,-69.59044221639385
1608.1900450849532,-69.59375871104434,-69.59375871104434
1608.2000451087952,-69.59708661868567,-69.59708661868567
1608.2100451087952,-69.6004198238119,-69.6004198238119
1608.2200451087951,-69.60375564438756,-69.60375564438756
1608.2300451087951,-69.60709275380212,-69.60709275380212
1608.2400451087951,-69.61043045658447,-69.61043045658447
1608.2500451087951,-69.61376840890956,-69.61376840890956
1608.260045108795,-69.61710647338168,-69.61710647338168
1608.270045108795,-69.62044463387527,-69.62044463387527
1608.280045108795,-69.62378294436564,-69.62378294436564
1608.290045108795,-69.6271214981345,-69.6271214981345
1608.300045108795,-69.63046040932505,-69.63046040932505
1608.310045108795,-69.63379980189357,-69.63379980189357
1608.320045108795,-69.6371398031819,-69.6371398031819
1608.3300451087953,-69.64048054021549,-69.64048054021549
1608.3400451087953,-69.64382213765846,-69.64382213765846
1608.3500451087953,-69.64716471684204,-69.64716471684204
1608.3600451087952,-69.65050839534189,-69.65050839534189
1608.3700451087952,-69.65385328692881,-69.65385328692881
1608.3800451087952,-69.65719950174123,-69.65719950174123
1608.3900451087952,-69.66054714649101,-69.66054714649101
1608.4000451087952,-69.66389632478084,-69.66389632478084
1608.4100451087952,-69.66724713736643,-69.66724713736643
1608.4200451087952,-69.67059968245036,-69.67059968245036
1608.4300451087952,-69.67395405593632,-69.67395405593632
1608.4400451087952,-69.67731035166734,-69.67731035166734
1608.4500451087952,-69.68066866159636,-69.68066866159636
1608.4600451087952,-69.68402907600203,-69.68402907600203
1608.4700451087951,-69.68739168360302,-69.68739168360302
1608.4800451087951,-69.69075657168824,-69.69075657168824
1608.4900451087951,-69.69412382623834,-69.69412382623834
1608.5000451087951,-69.69749353201782,-69.69749353201782
1608.510045108795,-69.70086577261985,-69.70086577261985
1608.520045108795,-69.70424063054777,-69.70424063054777
1608.530045108795,-69.70761818726001,-69.70761818726001
1608.540045108795,-69.71099852321254,-69.71099852321254
1608.550045108795,-69.71438171788479,-69.71438171788479
1608.560045108795,-69.71776784980213,-69.71776784980213
1608.570045108795,-69.72115699656747,-69.72115699656747
1608.5800451087953,-69.72454923485614,-69.72454923485614
1608.5900451087953,-69.72794464044104,-69.72794464044104
1608.6000451087953,-69.73134328819224,-69.73134328819224
1608.6100451087952,-69.73474525208765,-69.73474525208765
1608.6200451087952,-69.7381506052073,-69.7381506052073
1608.6300451087952,-69.74155941974651,-69.74155941974651
1608.6400451087952,-69.74497176698763,-69.74497176698763
1608.6500451087952,-69.74838771733289,-69.74838771733289
1608.6600451087952,-69.7518073402768,-69.7518073402768
1608.6700451087952,-69.75523070441311,-69.75523070441311
1608.6800451087952,-69.75865787742342,-69.75865787742342
1608.6900451087952,-69.7620889260921,-69.7620889260921
1608.7000451087952,-69.76552391626821,-69.76552391626821
1608.7100451087952,-69.76896291290052,-69.76896291290052
1608.7200451087951,-69.77240597999972,-69.77240597999972
1608.7300451087951,-69.77585318066137,-69.77585318066137
1608.7400451087951,-69.77930457703617,-69.77930457703617
1608.7500451087951,-69.78276023035687,-69.78276023035687
1608.760045108795,-69.78622020090587,-69.78622020090587
1608.770045108795,-69.78968454802485,-69.78968454802485
1608.780045108795,-69.793153330122,-69.793153330122
1608.790045108795,-69.79662660466234,-69.79662660466234
1608.800045108795,-69.80010442815336,-69.80010442815336
1608.810045108795,-69.80358685615946,-69.80358685615946
1608.820045108795,-69.80707394330872,-69.80707394330872
1608.8300451087953,-69.81056574327079,-69.81056574327079
1608.8400451087953,-69.81406230876604,-69.81406230876604
1608.8500451087953,-69.81756369157331,-69.81756369157331
1608.8600451087952,-69.82106994252344,-69.82106994252344
1608.8700451087952,-69.82458111150014,-69.82458111150014
1608.8800451087952,-69.82809724744398,-69.82809724744398
1608.8900451087952,-69.83161839836892,-69.83161839836892
1608.9000451087952,-69.83514461133419,-69.83514461133419
1608.9100451087952,-69.83867593246363,-69.83867593246363
1608.9200451087952,-69.84221240695913,-69.84221240695913
1608.9300451087952,-69.84575407909122,-69.84575407909122
1608.9400451087952,-69.84930099220027,-69.84930099220027
1608.9500451087952,-69.85285318871772,-69.85285318871772
1608.9600451087952,-69.8564107101459,-69.8564107101459
1608.9700451087951,-69.85997359708031,-69.85997359708031
1608.9800451087951,-69.86354188921605,-69.86354188921605
1608.9900451087951,-69.86711562534353,-69.86711562534353
1609.0000451087951,-69.87069484336061,-69.87069484336061
1609.010045108795,-69.87427958027625,-69.87427958027625
1609.020045108795,-69.87786987220558,-69.87786987220558
1609.030045108795,-69.8814657544007,-69.8814657544007
1609.040045108795,-69.88506726123552,-69.88506726123552
1609.050045132637,-69.88867443481149,-69.88867443481149
1609.060045132637,-69.89228729063575,-69.89228729063575
1609.070045132637,-69.89590586906857,-69.89590586906857
1609.080045132637,-69.89953020107413,-69.89953020107413
1609.090045132637,-69.90316031677884,-69.90316031677884
1609.100045132637,-69.90679624548551,-69.90679624548551
1609.110045132637,-69.9104380156702,-69.9104380156702
1609.120045132637,-69.91408565500322,-69.91408565500322
1609.130045132637,-69.9177391903296,-69.9177391903296
1609.140045132637,-69.92139864771951,-69.92139864771951
1609.150045132637,-69.92506405243962,-69.92506405243962
1609.160045132637,-69.92873542898403,-69.92873542898403
1609.170045132637,-69.93241280105993,-69.93241280105993
1609.1800451326371,-69.93609619162133,-69.93609619162133
1609.1900451326371,-69.93978562286243,-69.93978562286243
1609.2000451326371,-69.94348111621754,-69.94348111621754
1609.210045132637,-69.94718269239769,-69.94718269239769
1609.220045132637,-69.95089037136228,-69.95089037136228
1609.230045132637,-69.95460417236248,-69.95460417236248
1609.240045132637,-69.95832411392472,-69.95832411392472
1609.250045132637,-69.96205021386363,-69.96205021386363
1609.260045132637,-69.96578248930939,-69.96578248930939
1609.270045132637,-69.9695209566801,-69.9695209566801
1609.280045132637,-69.97326563172467,-69.97326563172467
1609.290045132637,-69.97701652951773,-69.97701652951773
1609.300045132637,-69.98077366446573,-69.98077366446573
1609.310045132637,-69.98453705031326,-69.98453705031326
1609.320045132637,-69.98830670016747,-69.98830670016747
1609.330045132637,-69.99208262647844,-69.99208262647844
1609.340045132637,-69.99586484107515,-69.99586484107515
1609.350045132637,-69.99965335515252,-69.99965335515252
1609.360045132637,-70.00344817929872,-70.00344817929872
1609.370045132637,-70.0072493234923,-70.0072493234923
1609.380045132637,-70.01105679710206,-70.01105679710206
1609.390045132637,-70.01487060891978,-70.01487060891978
1609.400045132637,-70.0186907671424,-70.0186907671424
1609.410045132637,-70.02251727939559,-70.02251727939559
1609.420045132637,-70.02635015273998,-70.02635015273998
1609.4300451326371,-70.03018939367169,-70.03018939367169
1609.4400451326371,-70.03403500813018,-70.03403500813018
1609.4500451326371,-70.0378870015288,-70.0378870015288
1609.460045132637,-70.04173927424418,-70.04173927424418
1609.470045132637,-70.0455891571331,-70.0455891571331
1609.480045132637,-70.04943535251033,-70.04943535251033
1609.490045132637,-70.05327719739478,-70.05327719739478
1609.500045132637,-70.05711438230243,-70.05711438230243
1609.510045132637,-70.06094680516438,-70.06094680516438
1609.520045132637,-70.06477448565248,-70.06477448565248
1609.530045132637,-70.068597513718,-70.068597513718
1609.540045132637,-70.07241601863635,-70.07241601863635
1609.550045132637,-70.07623015043673,-70.07623015043673
1609.560045132637,-70.0800400688258,-70.0800400688258
1609.570045132637,-70.08384593669523,-70.08384593669523
1609.580045132637,-70.08764791638983,-70.08764791638983
1609.590045132637,-70.09144616766827,-70.09144616766827
1609.600045132637,-70.09524084669064,-70.09524084669064
1609.610045132637,-70.09903210562021,-70.09903210562021
1609.620045132637,-70.10282009255627,-70.10282009255627
1609.630045132637,-70.10660495167149,-70.10660495167149
1609.640045132637,-70.11038682348057,-70.11038682348057
1609.650045132637,-70.11416584509517,-70.11416584509517
1609.660045132637,-70.11794215050935,-70.11794215050935
1609.670045132637,-70.12171587090165,-70.12171587090165
1609.6800451326371,-70.1254871348801,-70.1254871348801
1609.6900451326371,-70.12925606870333,-70.12925606870333
1609.7000451326371,-70.13302279648106,-70.13302279648106
1609.710045132637,-70.13678744034833,-70.13678744034833
1609.720045132637,-70.14055012063237,-70.14055012063237
1609.730045132637,-70.14431095595663,-70.14431095595663
1609.740045132637,-70.14807006335205,-70.14807006335205
1609.750045132637,-70.15182755835593,-70.15182755835593
1609.760045132637,-70.15558355507628,-70.15558355507628
1609.770045132637,-70.15933816626548,-70.15933816626548
1609.780045132637,-70.163091503348,-70.163091503348
1609.790045132637,-70.16684367648575,-70.16684367648575
1609.800045132637,-70.17059479458655,-70.17059479458655
1609.810045132637,-70.17434496536006,-70.17434496536006
1609.820045132637,-70.17809429530897,-70.17809429530897
1609.830045132637,-70.18184288976553,-70.18184288976553
1609.840045132637,-70.18559085288825,-70.18559085288825
1609.850045132637,-70.18933828768463,-70.18933828768463
1609.860045132637,-70.1930852959971,-70.1930852959971
1609.870045132637,-70.19683197853483,-70.19683197853483
1609.880045132637,-70.2005784348489,-70.2005784348489
1609.890045132637,-70.20432476335586,-70.20432476335586
1609.9000451564789,-70.20807107023468,-70.20807107023468
1609.9100451564789,-70.21181743377913,-70.21181743377913
1609.9200451564789,-70.21556395786739,-70.21556395786739
1609.9300451564789,-70.21931073633085,-70.21931073633085
1609.9400451564788,-70.2230578618357,-70.2230578618357
1609.9500451564788,-70.22680542590223,-70.22680542590223
1609.9600451564788,-70.23055351889565,-70.23055351889565
1609.9700451564788,-70.23430223002632,-70.23430223002632
1609.9800451564788,-70.23805164733795,-70.23805164733795
1609.9900451564788,-70.24180185771752,-70.24180185771752
1610.0000451564788,-70.24555294689047,-70.24555294689047
1610.0100451564788,-70.24930499942248,-70.24930499942248
1610.0200451564788,-70.25305809871864,-70.25305809871864
1610.030045156479,-70.25681232700562,-70.25681232700562
1610.040045156479,-70.26056776536522,-70.26056776536522
1610.050045156479,-70.26432449371183,-70.26432449371183
1610.060045156479,-70.26808259078688,-70.26808259078688
1610.070045156479,-70.27184213418454,-70.27184213418454
1610.080045156479,-70.27560320034124,-70.27560320034124
1610.090045156479,-70.27936586453865,-70.27936586453865
1610.100045156479,-70.28313020088865,-70.28313020088865
1610.110045156479,-70.28689628237207,-70.28689628237207
1610.120045156479,-70.29066418081531,-70.29066418081531
1610.130045156479,-70.29443396690048,-70.29443396690048
1610.140045156479,-70.29820571017811,-70.29820571017811
1610.1500451564789,-70.30197947906146,-70.30197947906146
1610.1600451564789,-70.30575534083397,-70.30575534083397
1610.1700451564789,-70.30953336165308,-70.30953336165308
1610.1800451564789,-70.3133136065635,-70.3133136065635
1610.1900451564788,-70.31709613950164,-70.31709613950164
1610.2000451564788,-70.32088102328223,-70.32088102328223
1610.2100451564788,-70.32466831963524,-70.32466831963524
1610.2200451564788,-70.3284580891904,-70.3284580891904
1610.2300451564788,-70.33225039149156,-70.33225039149156
1610.2400451564788,-70.33604528501678,-70.33604528501678
1610.2500451564788,-70.33984282714881,-70.33984282714881
1610.2600451564788,-70.34364307423232,-70.34364307423232
1610.2700451564788,-70.34744608153747,-70.34744608153747
1610.280045156479,-70.35125190329987,-70.35125190329987
1610.290045156479,-70.35506059271322,-70.35506059271322
1610.300045156479,-70.35887220193635,-70.35887220193635
1610.310045156479,-70.36268678210659,-70.36268678210659
1610.320045156479,-70.3665043833501,-70.3665043833501
1610.330045156479,-70.37032505478375,-70.37032505478375
1610.340045156479,-70.37414884453871,-70.37414884453871
1610.350045156479,-70.37797579975175,-70.37797579975175
1610.360045156479,-70.38180596658441,-70.38180596658441
1610.370045156479,-70.38563939023437,-70.38563939023437
1610.380045156479,-70.38947611493121,-70.38947611493121
1610.390045156479,-70.39331618396281,-70.39331618396281
1610.4000451564789,-70.39715963967377,-70.39715963967377
1610.4100451564789,-70.40100652348946,-70.40100652348946
1610.4200451564789,-70.40485687589519,-70.40485687589519
1610.4300451564789,-70.40871073648667,-70.40871073648667
1610.4400451564788,-70.4125681439494,-70.4125681439494
1610.4500451564788,-70.41642913607349,-70.41642913607349
1610.4600451564788,-70.4202876115116,-70.4202876115116
1610.4700451564788,-70.42414091746603,-70.42414091746603
1610.4800451564788,-70.42798777960564,-70.42798777960564
1610.4900451564788,-70.43182756140529,-70.43182756140529
1610.5000451564788,-70.43565998142192,-70.43565998142192
1610.5100451564788,-70.4394849664298,-70.4394849664298
1610.5200451564788,-70.44330256532167,-70.44330256532167
1610.530045156479,-70.44711289736482,-70.44711289736482
1610.540045156479,-70.45091612112148,-70.45091612112148
1610.550045156479,-70.45471241575788,-70.45471241575788
1610.560045156479,-70.45850196991273,-70.45850196991273
1610.570045156479,-70.46228497518007,-70.46228497518007
1610.580045156479,-70.46606162236037,-70.46606162236037
1610.590045156479,-70.46983209939748,-70.46983209939748
1610.600045156479,-70.47359659037643,-70.47359659037643
1610.610045156479,-70.47735527510018,-70.47735527510018
1610.620045156479,-70.48110832904152,-70.48110832904152
1610.630045156479,-70.48485592346546,-70.48485592346546
1610.640045156479,-70.48859822569077,-70.48859822569077
1610.6500451564789,-70.49233539938098,-70.49233539938098
1610.6600451564789,-70.49606760479834,-70.49606760479834
1610.6700451564789,-70.49979499912114,-70.49979499912114
1610.6800451564789,-70.50351773666773,-70.50351773666773
1610.6900451564788,-70.50723596915209,-70.50723596915209
1610.7000451564788,-70.51094984587564,-70.51094984587564
1610.7100451564788,-70.51465951390105,-70.51465951390105
1610.7200451564788,-70.51836511818944,-70.51836511818944
1610.7300451564788,-70.5220668017698,-70.5220668017698
1610.7400451564788,-70.5257647057967,-70.5257647057967
1610.7500451803207,-70.52945897847655,-70.52945897847655
1610.7600451803207,-70.53314973992055,-70.53314973992055
1610.7700451803207,-70.53683713503902,-70.53683713503902
1610.7800451803207,-70.54052129836212,-70.54052129836212
1610.7900451803207,-70.54420236290154,-70.54420236290154
1610.8000451803207,-70.54788046015815,-70.54788046015815
1610.8100451803207,-70.55155572018892,-70.55155572018892
1610.8200451803207,-70.55522827160631,-70.55522827160631
1610.8300451803207,-70.55889824159142,-70.55889824159142
1610.8400451803207,-70.56256575591594,-70.56256575591594
1610.8500451803206,-70.56623093896799,-70.56623093896799
1610.8600451803206,-70.56989391372899,-70.56989391372899
1610.8700451803206,-70.57355480179885,-70.57355480179885
1610.8800451803208,-70.57721372339998,-70.57721372339998
1610.8900451803208,-70.58087079737214,-70.58087079737214
1610.9000451803208,-70.58452614119507,-70.58452614119507
1610.9100451803208,-70.5881798709563,-70.5881798709563
1610.9200451803208,-70.59183210138806,-70.59183210138806
1610.9300451803208,-70.59548294583108,-70.59548294583108
1610.9400451803208,-70.59913251626058,-70.59913251626058
1610.9500451803208,-70.6027809232914,-70.6027809232914
1610.9600451803208,-70.60642827615048,-70.60642827615048
1610.9700451803208,-70.61007468270684,-70.61007468270684
1610.9800451803208,-70.61372024943441,-70.61372024943441
1610.9900451803207,-70.61736508146895,-70.61736508146895
1611.0000451803207,-70.62100928255485,-70.62100928255485
1611.0100451803207,-70.6246529550682,-70.6246529550682
1611.0200451803207,-70.62829620002536,-70.62829620002536
1611.0300451803207,-70.63193911707498,-70.63193911707498
1611.0400451803207,-70.635581804506,-70.635581804506
1611.0500451803207,-70.63922435923924,-70.63922435923924
1611.0600451803207,-70.64286687685683,-70.64286687685683
1611.0700451803207,-70.64650945156104,-70.64650945156104
1611.0800451803207,-70.65015217623076,-70.65015217623076
1611.0900451803207,-70.65379514238063,-70.65379514238063
1611.1000451803206,-70.65743844019833,-70.65743844019833
1611.1100451803206,-70.66108215853728,-70.66108215853728
1611.1200451803206,-70.66472638490332,-70.66472638490332
1611.1300451803208,-70.668371205504,-70.668371205504
1611.1400451803208,-70.67201670521453,-70.67201670521453
1611.1500451803208,-70.6756629676006,-70.6756629676006
1611.1600451803208,-70.67931007493253,-70.67931007493253
1611.1700451803208,-70.68295810817173,-70.68295810817173
1611.1800451803208,-70.68660714700405,-70.68660714700405
1611.1900451803208,-70.69025726982838,-70.69025726982838
1611.2000451803208,-70.6939085537723,-70.6939085537723
1611.2100451803208,-70.697561074693,-70.697561074693
1611.2200451803208,-70.70121490719883,-70.70121490719883
1611.2300451803208,-70.70487012465087,-70.70487012465087
1611.2400451803207,-70.70852679917779,-70.70852679917779
1611.2500451803207,-70.7121850016616,-70.7121850016616
1611.2600451803207,-70.71584480178396,-70.71584480178396
1611.2700451803207,-70.71950626800694,-70.71950626800694
1611.2800451803207,-70.72316946759751,-70.72316946759751
1611.2900451803207,-70.72683446664226,-70.72683446664226
1611.3000451803207,-70.73050133003512,-70.73050133003512
1611.3100451803207,-70.73417012150053,-70.73417012150053
1611.3200451803207,-70.7378409036147,-70.7378409036147
1611.3300451803207,-70.74151373780848,-70.74151373780848
1611.3400451803207,-70.74518868436597,-70.74518868436597
1611.3500451803206,-70.74886580244967,-70.74886580244967
1611.3600451803206,-70.75254515010361,-70.75254515010361
1611.3700451803206,-70.75622678427523,-70.75622678427523
1611.3800451803208,-70.75991076081361,-70.75991076081361
1611.3900451803208,-70.76359713449375,-70.76359713449375
1611.4000451803208,-70.76728595900614,-70.76728595900614
1611.4100451803208,-70.77097728698888,-70.77097728698888
1611.4200451803208,-70.77467117002942,-70.77467117002942
1611.4300451803208,-70.77836765867916,-70.77836765867916
1611.4400451803208,-70.78206680247222,-70.78206680247222
1611.4500451803208,-70.78576864991584,-70.78576864991584
1611.4600451803208,-70.78946707771904,-70.78946707771904
1611.4700451803208,-70.79315942911579,-70.79315942911579
1611.4800451803208,-70.796844432946,-70.796844432946
1611.4900451803207,-70.80052145905447,-70.80052145905447
1611.5000451803207,-70.80419023412742,-70.80419023412742
1611.5100451803207,-70.80785069405242,-70.80785069405242
1611.5200451803207,-70.81150289737023,-70.81150289737023
1611.5300451803207,-70.81514697330192,-70.81514697330192
1611.5400451803207,-70.81878309045155,-70.81878309045155
1611.5500451803207,-70.82241143807565,-70.82241143807565
1611.5600451803207,-70.82603221487031,-70.82603221487031
1611.5700451803207,-70.82964562242354,-70.82964562242354
1611.5800451803207,-70.83325186144253,-70.83325186144253
1611.5900451803207,-70.83685112970025,-70.83685112970025
1611.6000452041626,-70.84044362954616,-70.84044362954616
1611.6100452041626,-70.84402953329315,-70.84402953329315
1611.6200452041626,-70.84760903449123,-70.84760903449123
1611.6300452041626,-70.85118231383798,-70.85118231383798
1611.6400452041626,-70.85474954796827,-70.85474954796827
1611.6500452041626,-70.85831090976414,-70.85831090976414
1611.6600452041625,-70.86186656862101,-70.86186656862101
1611.6700452041625,-70.86541669073763,-70.86541669073763
1611.6800452041625,-70.86896143937162,-70.86896143937162
1611.6900452041625,-70.87250097508313,-70.87250097508313
1611.7000452041625,-70.87603545591602,-70.87603545591602
1611.7100452041625,-70.87955885927194,-70.87955885927194
1611.7200452041625,-70.88306863238967,-70.88306863238967
1611.7300452041627,-70.88656360880792,-70.88656360880792
1611.7400452041627,-70.89004326297876,-70.89004326297876
1611.7500452041627,-70.893507425742,-70.893507425742
1611.7600452041627,-70.89695613661944,-70.89695613661944
1611.7700452041627,-70.90038955720372,-70.90038955720372
1611.7800452041627,-70.90380791913766,-70.90380791913766
1611.7900452041627,-70.9072114928325,-70.9072114928325
1611.8000452041626,-70.91060056871281,-70.91060056871281
1611.8100452041626,-70.91397544604467,-70.91397544604467
1611.8200452041626,-70.9173364263558,-70.9173364263558
1611.8300452041626,-70.92068380966931,-70.92068380966931
1611.8400452041626,-70.92401789246789,-70.92401789246789
1611.8500452041626,-70.92733896663628,-70.92733896663628
1611.8600452041626,-70.93064731904943,-70.93064731904943
1611.8700452041626,-70.93394323152464,-70.93394323152464
1611.8800452041626,-70.93722698094136,-70.93722698094136
1611.8900452041626,-70.940498839481,-70.940498839481
1611.9000452041626,-70.94375907491111,-70.94375907491111
1611.9100452041625,-70.94700795084073,-70.94700795084073
1611.9200452041625,-70.95024572701116,-70.95024572701116
1611.9300452041625,-70.95347265954885,-70.95347265954885
1611.9400452041625,-70.95668900116858,-70.95668900116858
1611.9500452041625,-70.95989500138641,-70.95989500138641
1611.9600452041625,-70.96309090666279,-70.96309090666279
1611.9700452041625,-70.96627696055697,-70.96627696055697
1611.9800452041627,-70.96945340385912,-70.96945340385912
1611.9900452041627,-70.97262047465607,-70.97262047465607
1612.0000452041627,-70.97577840845796,-70.97577840845796
1612.0100452041627,-70.97892743822294,-70.97892743822294
1612.0200452041627,-70.98206779445532,-70.98206779445532
1612.0300452041627,-70.9851997052156,-70.9851997052156
1612.0400452041627,-70.9883233961751,-70.9883233961751
1612.0500452041626,-70.99143909065322,-70.99143909065322
1612.0600452041626,-70.99454700960865,-70.99454700960865
1612.0700452041626,-70.99764737169204,-70.99764737169204
1612.0800452041626,-71.00074039323472,-71.00074039323472
1612.0900452041626,-71.0038262882726,-71.0038262882726
1612.1000452041626,-71.00690526855705,-71.00690526855705
1612.1100452041626,-71.00997754354714,-71.00997754354714
1612.1200452041626,-71.0130433204205,-71.0130433204205
1612.1300452041626,-71.01610280407944,-71.01610280407944
1612.1400452041626,-71.01915619713405,-71.01915619713405
1612.1500452041626,-71.02220369994095,-71.02220369994095
1612.1600452041625,-71.02524551056464,-71.02524551056464
1612.1700452041625,-71.02828182480546,-71.02828182480546
1612.1800452041625,-71.03131283618623,-71.03131283618623
1612.1900452041625,-71.03433873596867,-71.03433873596867
1612.2000452041625,-71.03735971312571,-71.03735971312571
1612.2100452041625,-71.04036976327167,-71.04036976327167
1612.2200452041625,-71.04336635983255,-71.04336635983255
1612.2300452041627,-71.04634836546279,-71.04634836546279
1612.2400452041627,-71.04931528480186,-71.04931528480186
1612.2500452041627,-71.05226697926027,-71.05226697926027
1612.2600452041627,-71.05520351886716,-71.05520351886716
1612.2700452041627,-71.05812509541462,-71.05812509541462
1612.2800452041627,-71.06103197026967,-71.06103197026967
1612.2900452041627,-71.06392444298216,-71.06392444298216
1612.3000452041626,-71.06680283245903,-71.06680283245903
1612.3100452041626,-71.06966746573714,-71.06966746573714
1612.3200452041626,-71.0725186713875,-71.0725186713875
1612.3300452041626,-71.07535677572865,-71.07535677572865
1612.3400452041626,-71.0781821007716,-71.0781821007716
1612.3500452041626,-71.08099496317641,-71.08099496317641
1612.3600452041626,-71.08379567384381,-71.08379567384381
1612.3700452041626,-71.08658453785766,-71.08658453785766
1612.3800452041626,-71.08936185462456,-71.08936185462456
1612.3900452041626,-71.09212791813566,-71.09212791813566
1612.4000452041626,-71.09488301723653,-71.09488301723653
1612.4100452041625,-71.09762743592559,-71.09762743592559
1612.4200452041625,-71.10036145364252,-71.10036145364252
1612.4300452041625,-71.10308534553147,-71.10308534553147
1612.4400452041625,-71.10579938268417,-71.10579938268417
1612.4500452280045,-71.10850383877167,-71.10850383877167
1612.4600452280044,-71.1111989644566,-71.1111989644566
1612.4700452280044,-71.11388502626932,-71.11388502626932
1612.4800452280044,-71.11656228088347,-71.11656228088347
1612.4900452280044,-71.11923098172981,-71.11923098172981
1612.5000452280044,-71.12189137908234,-71.12189137908234
1612.5100452280044,-71.12454372012657,-71.12454372012657
1612.5200452280044,-71.12718824905625,-71.12718824905625
1612.5300452280044,-71.1298252071184,-71.1298252071184
1612.5400452280044,-71.13245483267352,-71.13245483267352
1612.5500452280044,-71.13507736124295,-71.13507736124295
1612.5600452280044,-71.13769302552213,-71.13769302552213
1612.5700452280043,-71.14030205544894,-71.14030205544894
1612.5800452280046,-71.14290467819849,-71.14290467819849
1612.5900452280046,-71.14550111823219,-71.14550111823219
1612.6000452280045,-71.14809159729968,-71.14809159729968
1612.6100452280045,-71.15067633447507,-71.15067633447507
1612.6200452280045,-71.15325554614671,-71.15325554614671
1612.6300452280045,-71.15582944606888,-71.15582944606888
1612.6400452280045,-71.15839824534831,-71.15839824534831
1612.6500452280045,-71.16096215246405,-71.16096215246405
1612.6600452280045,-71.16352137328856,-71.16352137328856
1612.6700452280045,-71.16607611108381,-71.16607611108381
1612.6800452280045,-71.16862656652522,-71.16862656652522
1612.6900452280045,-71.17117293771138,-71.17117293771138
1612.7000452280045,-71.17371542018051,-71.17371542018051
1612.7100452280044,-71.1762480051352,-71.1762480051352
1612.7200452280044,-71.17876816825331,-71.17876816825331
1612.7300452280044,-71.18127477686163,-71.18127477686163
1612.7400452280044,-71.18376734124246,-71.18376734124246
1612.7500452280044,-71.18624572885139,-71.18624572885139
1612.7600452280044,-71.18871001588023,-71.18871001588023
1612.7700452280044,-71.1911604002324,-71.1911604002324
1612.7800452280044,-71.19359714924016,-71.19359714924016
1612.7900452280044,-71.19602056818945,-71.19602056818945
1612.8000452280044,-71.19843098149647,-71.19843098149647
1612.8100452280044,-71.20082872143666,-71.20082872143666
1612.8200452280043,-71.20321412156179,-71.20321412156179
1612.8300452280046,-71.20558751291642,-71.20558751291642
1612.8400452280046,-71.2079492219732,-71.2079492219732
1612.8500452280045,-71.21029956960392,-71.21029956960392
1612.8600452280045,-71.21263887069361,-71.21263887069361
1612.8700452280045,-71.21496743407334,-71.21496743407334
1612.8800452280045,-71.21728556268245,-71.21728556268245
1612.8900452280045,-71.21959355382879,-71.21959355382879
1612.9000452280045,-71.22189169946998,-71.22189169946998
1612.9100452280045,-71.2241802865252,-71.2241802865252
1612.9200452280045,-71.22645959717356,-71.22645959717356
1612.9300452280045,-71.22872990912522,-71.22872990912522
1612.9400452280045,-71.23099149585181,-71.23099149585181
1612.9500452280045,-71.23324462682744,-71.23324462682744
1612.9600452280044,-71.23548956767576,-71.23548956767576
1612.9700452280044,-71.2377265803868,-71.2377265803868
1612.9800452280044,-71.23995592341603,-71.23995592341603
1612.9900452280044,-71.24217785182594,-71.24217785182594
1613.0000452280044,-71.24439261739755,-71.24439261739755
1613.0100452280044,-71.2466004686923,-71.2466004686923
1613.0200452280044,-71.24880165116316,-71.24880165116316
1613.0300452280044,-71.25099640718766,-71.25099640718766
1613.0400452280044,-71.25318497614896,-71.25318497614896
1613.0500452280044,-71.25536759447307,-71.25536759447307
1613.0600452280044,-71.25754449567714,-71.25754449567714
1613.0700452280043,-71.2597159103914,-71.2597159103914
1613.0800452280046,-71.26188206640231,-71.26188206640231
1613.0900452280046,-71.26404318867168,-71.26404318867168
1613.1000452280045,-71.26619949938006,-71.26619949938006
1613.1100452280045,-71.26835121791774,-71.26835121791774
1613.1200452280045,-71.27049856093177,-71.27049856093177
1613.1300452280045,-71.27264174232994,-71.27264174232994
1613.1400452280045,-71.2747809733133,-71.2747809733133
1613.1500452280045,-71.27691646235647,-71.27691646235647
1613.1600452280045,-71.27904841527062,-71.27904841527062
1613.1700452280045,-71.28117703518022,-71.28117703518022
1613.1800452280045,-71.28330252255725,-71.28330252255725
1613.1900452280045,-71.28542507522903,-71.28542507522903
1613.2000452280045,-71.28754488838399,-71.28754488838399
1613.2100452280044,-71.2896621546025,-71.2896621546025
1613.2200452280044,-71.29177706387193,-71.29177706387193
1613.2300452280044,-71.29388980356502,-71.29388980356502
1613.2400452280044,-71.29600055849832,-71.29600055849832
1613.2500452280044,-71.29810951093124,-71.29810951093124
1613.2600452280044,-71.3002168405628,-71.3002168405628
1613.2700452280044,-71.30232272458055,-71.30232272458055
1613.2800452280044,-71.30442733765429,-71.30442733765429
1613.2900452280044,-71.30653085194893,-71.30653085194893
1613.3000452518463,-71.30863344214937,-71.30863344214937
1613.3100452518463,-71.31073526548667,-71.31073526548667
1613.3200452518463,-71.3128364917245,-71.3128364917245
1613.3300452518463,-71.31493728321426,-71.31493728321426
1613.3400452518463,-71.31703779987555,-71.31703779987555
1613.3500452518463,-71.31913819925553,-71.31913819925553
1613.3600452518463,-71.32123863650428,-71.32123863650428
1613.3700452518462,-71.32333926442648,-71.32333926442648
1613.3800452518462,-71.32544023347636,-71.32544023347636
1613.3900452518462,-71.32754169179756,-71.32754169179756
1613.4000452518462,-71.32964378522001,-71.32964378522001
1613.4100452518462,-71.33174665730235,-71.33174665730235
1613.4200452518462,-71.33385044933168,-71.33385044933168
1613.4300452518464,-71.335955300362,-71.335955300362
1613.4400452518464,-71.3380613472239,-71.3380613472239
1613.4500452518464,-71.3401687245351,-71.3401687245351
1613.4600452518464,-71.34227756473582,-71.34227756473582
1613.4700452518464,-71.34438799811393,-71.34438799811393
1613.4800452518464,-71.34650015281522,-71.34650015281522
1613.4900452518464,-71.34861415486321,-71.34861415486321
1613.5000452518464,-71.35073012817608,-71.35073012817608
1613.5100452518463,-71.35284819460777,-71.35284819460777
1613.5200452518463,-71.35496847394231,-71.35496847394231
1613.5300452518463,-71.35709108394305,-71.35709108394305
1613.5400452518463,-71.35921614035782,-71.35921614035782
1613.5500452518463,-71.36134375692563,-71.36134375692563
1613.5600452518463,-71.36347404543064,-71.36347404543064
1613.5700452518463,-71.36560711570576,-71.36560711570576
1613.5800452518463,-71.36774307564801,-71.36774307564801
1613.5900452518463,-71.36988203125931,-71.36988203125931
1613.6000452518463,-71.37202408664385,-71.37202408664385
1613.6100452518463,-71.37416934404477,-71.37416934404477
1613.6200452518462,-71.37631790385942,-71.37631790385942
1613.6300452518462,-71.37846986467399,-71.37846986467399
1613.6400452518462,-71.38062532326157,-71.38062532326157
1613.6500452518462,-71.38278437462377,-71.38278437462377
1613.6600452518462,-71.38494711200572,-71.38494711200572
1613.6700452518462,-71.38711362689493,-71.38711362689493
1613.6800452518464,-71.38928400908227,-71.38928400908227
1613.6900452518464,-71.39145834665828,-71.39145834665828
1613.7000452518464,-71.39363672602792,-71.39363672602792
1613.7100452518464,-71.39581301160128,-71.39581301160128
1613.7200452518464,-71.39798456439142,-71.39798456439142
1613.7300452518464,-71.40015014237896,-71.40015014237896
1613.7400452518464,-71.40230914943042,-71.40230914943042
1613.7500452518464,-71.4044613486245,-71.4044613486245
1613.7600452518463,-71.40660671331624,-71.40660671331624
1613.7700452518463,-71.408745339809,-71.408745339809
1613.7800452518463,-71.41087739491583,-71.41087739491583
1613.7900452518463,-71.41300308440071,-71.41300308440071
1613.8000452518463,-71.41512263404665,-71.41512263404665
1613.8100452518463,-71.41723627839235,-71.41723627839235
1613.8200452518463,-71.41934425411714,-71.41934425411714
1613.8300452518463,-71.421446796271,-71.421446796271
1613.8400452518463,-71.42354413618901,-71.42354413618901
1613.8500452518463,-71.4256365004966,-71.4256365004966
1613.8600452518463,-71.42772411070223,-71.42772411070223
1613.8700452518462,-71.42980718314826,-71.42980718314826
1613.8800452518462,-71.43188592919945,-71.43188592919945
1613.8900452518462,-71.43396055546754,-71.43396055546754
1613.9000452518462,-71.43603126413953,-71.43603126413953
1613.9100452518462,-71.4380982532921,-71.4380982532921
1613.9200452518462,-71.44016171715249,-71.44016171715249
1613.9300452518464,-71.4422218464181,-71.4422218464181
1613.9400452518464,-71.44427882848817,-71.44427882848817
1613.9500452518464,-71.44633284766162,-71.44633284766162
1613.9600452518464,-71.44838408534743,-71.44838408534743
1613.9700452518464,-71.45043272023014,-71.45043272023014
1613.9800452518464,-71.45247892840334,-71.45247892840334
1613.9900452518464,-71.45452288349338,-71.45452288349338
1614.0000452518464,-71.45656475676674,-71.45656475676674
1614.0100452518463,-71.45860471721146,-71.45860471721146
1614.0200452518463,-71.46064293160882,-71.46064293160882
1614.0300452518463,-71.462679564612,-71.462679564612
1614.0400452518463,-71.46471477879355,-71.46471477879355
1614.0500452518463,-71.46674873466638,-71.46674873466638
1614.0600452518463,-71.46878159075229,-71.46878159075229
1614.0700452518463,-71.47081350360165,-71.47081350360165
1614.0800452518463,-71.47284462780958,-71.47284462780958
1614.0900452518463,-71.4748751160605,-71.4748751160605
1614.1000452518463,-71.47690511912577,-71.47690511912577
1614.1100452518463,-71.47893478589194,-71.47893478589194
1614.1200452518462,-71.48096426337744,-71.48096426337744
1614.1300452518462,-71.48299369673886,-71.48299369673886
1614.1400452518462,-71.48502322927214,-71.48502322927214
1614.1500452756882,-71.48705300727474,-71.48705300727474
1614.1600452756882,-71.48908316071818,-71.48908316071818
1614.1700452756882,-71.49111383222227,-71.49111383222227
1614.1800452756881,-71.49314515779619,-71.49314515779619
1614.1900452756881,-71.49517727160465,-71.49517727160465
1614.2000452756881,-71.49721030603007,-71.49721030603007
1614.2100452756881,-71.49924439164364,-71.49924439164364
1614.220045275688,-71.50127965724087,-71.50127965724087
1614.230045275688,-71.5033162298247,-71.5033162298247
1614.240045275688,-71.50535423462465,-71.50535423462465
1614.250045275688,-71.50739379510593,-71.50739379510593
1614.260045275688,-71.50943503297137,-71.50943503297137
1614.270045275688,-71.51147806815786,-71.51147806815786
1614.2800452756883,-71.5135230188759,-71.5135230188759
1614.2900452756883,-71.51557000157985,-71.51557000157985
1614.3000452756883,-71.51761913100408,-71.51761913100408
1614.3100452756883,-71.51967052016428,-71.51967052016428
1614.3200452756882,-71.52172428036104,-71.52172428036104
1614.3300452756882,-71.52378052118782,-71.52378052118782
1614.3400452756882,-71.52583935054865,-71.52583935054865
1614.3500452756882,-71.527900874674,-71.527900874674
1614.3600452756882,-71.52996519810858,-71.52996519810858
1614.3700452756882,-71.53203242373968,-71.53203242373968
1614.3800452756882,-71.53410265280634,-71.53410265280634
1614.3900452756882,-71.53617598491485,-71.53617598491485
1614.4000452756882,-71.53825251802462,-71.53825251802462
1614.4100452756882,-71.54033234849273,-71.54033234849273
1614.4200452756882,-71.5424155710739,-71.5424155710739
1614.4300452756881,-71.54450227891762,-71.54450227891762
1614.4400452756881,-71.54659256360505,-71.54659256360505
1614.4500452756881,-71.54868651514678,-71.54868651514678
1614.4600452756881,-71.55078422199418,-71.55078422199418
1614.470045275688,-71.55288577106653,-71.55288577106653
1614.480045275688,-71.55499124775025,-71.55499124775025
1614.490045275688,-71.55710073591732,-71.55710073591732
1614.500045275688,-71.5592143179286,-71.5592143179286
1614.510045275688,-71.56133207467072,-71.56133207467072
1614.520045275688,-71.56345408555663,-71.56345408555663
1614.5300452756883,-71.56558042852932,-71.56558042852932
1614.5400452756883,-71.567711180095,-71.567711180095
1614.5500452756883,-71.56984641532027,-71.56984641532027
1614.5600452756883,-71.57198620786357,-71.57198620786357
1614.5700452756882,-71.5741306299714,-71.5741306299714
1614.5800452756882,-71.57627975249096,-71.57627975249096
1614.5900452756882,-71.5784336449251,-71.5784336449251
1614.6000452756882,-71.58059237538173,-71.58059237538173
1614.6100452756882,-71.58275601065019,-71.58275601065019
1614.6200452756882,-71.58492461617584,-71.58492461617584
1614.6300452756882,-71.5870982560749,-71.5870982560749
1614.6400452756882,-71.58927699318731,-71.58927699318731
1614.6500452756882,-71.59146088904463,-71.59146088904463
1614.6600452756882,-71.59365000389955,-71.59365000389955
1614.6700452756882,-71.5958443967756,-71.5958443967756
1614.6800452756881,-71.59804412540565,-71.59804412540565
1614.6900452756881,-71.60024924634635,-71.60024924634635
1614.7000452756881,-71.60245981489003,-71.60245981489003
1614.7100452756881,-71.60467588515426,-71.60467588515426
1614.720045275688,-71.60689751005646,-71.60689751005646
1614.730045275688,-71.60912474134221,-71.60912474134221
1614.740045275688,-71.61135762960532,-71.61135762960532
1614.750045275688,-71.61359622428773,-71.61359622428773
1614.760045275688,-71.6158405737049,-71.6158405737049
1614.770045275688,-71.6180907250498,-71.6180907250498
1614.7800452756883,-71.62034672441675,-71.62034672441675
1614.7900452756883,-71.62260861680637,-71.62260861680637
1614.8000452756883,-71.62487644614289,-71.62487644614289
1614.8100452756883,-71.62715025529187,-71.62715025529187
1614.8200452756882,-71.62943008607094,-71.62943008607094
1614.8300452756882,-71.63171597926859,-71.63171597926859
1614.8400452756882,-71.63400797463224,-71.63400797463224
1614.8500452756882,-71.63630611091759,-71.63630611091759
1614.8600452756882,-71.63861042588353,-71.63861042588353
1614.8700452756882,-71.6409209563013,-71.6409209563013
1614.8800452756882,-71.6432377379742,-71.6432377379742
1614.8900452756882,-71.6455608057595,-71.6455608057595
1614.9000452756882,-71.64789019356094,-71.64789019356094
1614.9100452756882,-71.65022593435319,-71.65022593435319
1614.9200452756882,-71.6525680601907,-71.6525680601907
1614.9300452756881,-71.65491660222597,-71.65491660222597
1614.9400452756881,-71.65727159072125,-71.65727159072125
1614.9500452756881,-71.65963305504644,-71.65963305504644
1614.9600452756881,-71.6620010237161,-71.6620010237161
1614.970045275688,-71.66437552438182,-71.66437552438182
1614.980045275688,-71.66675658385356,-71.66675658385356
1614.990045275688,-71.66914422810886,-71.66914422810886
1615.00004529953,-71.67153848798965,-71.67153848798965
1615.01004529953,-71.67393937647482,-71.67393937647482
1615.02004529953,-71.67634692276735,-71.67634692276735
1615.03004529953,-71.6787611496423,-71.6787611496423
1615.04004529953,-71.68118207906106,-71.68118207906106
1615.05004529953,-71.6836097322545,-71.6836097322545
1615.06004529953,-71.68604412968317,-71.68604412968317
1615.07004529953,-71.68848529106604,-71.68848529106604
1615.08004529953,-71.69093323539397,-71.69093323539397
1615.09004529953,-71.69338798092491,-71.69338798092491
1615.10004529953,-71.69584954522007,-71.69584954522007
1615.11004529953,-71.6983179451284,-71.6983179451284
1615.12004529953,-71.70079319681275,-71.70079319681275
1615.1300452995301,-71.70327531574938,-71.70327531574938
1615.1400452995301,-71.70576431676163,-71.70576431676163
1615.1500452995301,-71.70826021399526,-71.70826021399526
1615.16004529953,-71.71076302095418,-71.71076302095418
1615.17004529953,-71.71327275049491,-71.71327275049491
1615.18004529953,-71.71578941484351,-71.71578941484351
1615.19004529953,-71.7183130256059,-71.7183130256059
1615.20004529953,-71.72084359377575,-71.72084359377575
1615.21004529953,-71.7233748786624,-71.7233748786624
1615.22004529953,-71.72590415339899,-71.72590415339899
1615.23004529953,-71.7284300956288,-71.7284300956288
1615.24004529953,-71.73095203293732,-71.73095203293732
1615.25004529953,-71.73346965481156,-71.73346965481156
1615.26004529953,-71.73598286304139,-71.73598286304139
1615.27004529953,-71.73849168397784,-71.73849168397784
1615.28004529953,-71.74099621583272,-71.74099621583272
1615.29004529953,-71.7434965969817,-71.7434965969817
1615.30004529953,-71.74599298692368,-71.74599298692368
1615.31004529953,-71.74848555497248,-71.74848555497248
1615.32004529953,-71.75097447358729,-71.75097447358729
1615.33004529953,-71.75345991456358,-71.75345991456358
1615.34004529953,-71.75594204695024,-71.75594204695024
1615.35004529953,-71.75842103601138,-71.75842103601138
1615.36004529953,-71.76089704282406,-71.76089704282406
1615.37004529953,-71.76337022421252,-71.76337022421252
1615.3800452995301,-71.7658407329008,-71.7658407329008
1615.3900452995301,-71.76830871777044,-71.76830871777044
1615.4000452995301,-71.77077432414326,-71.77077432414326
1615.41004529953,-71.77323769407069,-71.77323769407069
1615.42004529953,-71.77569896664643,-71.77569896664643
1615.43004529953,-71.77815827825889,-71.77815827825889
1615.44004529953,-71.78061576282074,-71.78061576282074
1615.45004529953,-71.78307155197673,-71.78307155197673
1615.46004529953,-71.78552577528951,-71.78552577528951
1615.47004529953,-71.78797856039172,-71.78797856039172
1615.48004529953,-71.79043003312438,-71.79043003312438
1615.49004529953,-71.79288031764601,-71.79288031764601
1615.50004529953,-71.79532953651275,-71.79532953651275
1615.51004529953,-71.79777781076449,-71.79777781076449
1615.52004529953,-71.80022525998318,-71.80022525998318
1615.53004529953,-71.80267200236688,-71.80267200236688
1615.54004529953,-71.80511815475495,-71.80511815475495
1615.55004529953,-71.80756383266456,-71.80756383266456
1615.56004529953,-71.81000915031375,-71.81000915031375
1615.57004529953,-71.81245422065187,-71.81245422065187
1615.58004529953,-71.81489915537203,-71.81489915537203
1615.59004529953,-71.81734406493511,-71.81734406493511
1615.60004529953,-71.81978905856926,-71.81978905856926
1615.61004529953,-71.82223424428032,-71.82223424428032
1615.62004529953,-71.82467972884207,-71.82467972884207
1615.6300452995301,-71.82712561782816,-71.82712561782816
1615.6400452995301,-71.82957201558766,-71.82957201558766
1615.6500452995301,-71.8320190252614,-71.8320190252614
1615.66004529953,-71.83446674877912,-71.83446674877912
1615.67004529953,-71.83691528685537,-71.83691528685537
1615.68004529953,-71.83936473899247,-71.83936473899247
1615.69004529953,-71.84181520347315,-71.84181520347315
1615.70004529953,-71.84426677736253,-71.84426677736253
1615.71004529953,-71.84671955650572,-71.84671955650572
1615.72004529953,-71.84917363553146,-71.84917363553146
1615.73004529953,-71.85162910785165,-71.85162910785165
1615.74004529953,-71.85408606564026,-71.85408606564026
1615.75004529953,-71.85654459986286,-71.85654459986286
1615.76004529953,-71.85900480026487,-71.85900480026487
1615.77004529953,-71.86146675534191,-71.86146675534191
1615.78004529953,-71.86393055238965,-71.86393055238965
1615.79004529953,-71.8663962774836,-71.8663962774836
1615.80004529953,-71.86886401546477,-71.86886401546477
1615.81004529953,-71.87133384995036,-71.87133384995036
1615.82004529953,-71.87380586336329,-71.87380586336329
1615.83004529953,-71.87628013689276,-71.87628013689276
1615.84004529953,-71.87875675051197,-71.87875675051197
1615.850045323372,-71.88123578889264,-71.88123578889264
1615.8600453233719,-71.883717317813,-71.883717317813
1615.8700453233719,-71.88620141952066,-71.88620141952066
1615.8800453233719,-71.88868816917143,-71.88868816917143
1615.8900453233719,-71.89117764074388,-71.89117764074388
1615.9000453233718,-71.89366990701613,-71.89366990701613
1615.9100453233718,-71.89616503958604,-71.89616503958604
1615.9200453233718,-71.89866310888041,-71.89866310888041
1615.9300453233718,-71.90116418414642,-71.90116418414642
1615.9400453233718,-71.9036683334676,-71.9036683334676
1615.9500453233718,-71.90617562376931,-71.90617562376931
1615.9600453233718,-71.90867985304557,-71.90867985304557
1615.9700453233718,-71.91117834161338,-71.91117834161338
1615.980045323372,-71.91366981737441,-71.91366981737441
1615.990045323372,-71.91615365926403,-71.91615365926403
1616.000045323372,-71.91862960854485,-71.91862960854485
1616.010045323372,-71.9210976187782,-71.9210976187782
1616.020045323372,-71.92355776789661,-71.92355776789661
1616.030045323372,-71.9260102053763,-71.9260102053763
1616.040045323372,-71.92845512045432,-71.92845512045432
1616.050045323372,-71.93089272305788,-71.93089272305788
1616.060045323372,-71.93332323246229,-71.93332323246229
1616.070045323372,-71.93574687058802,-71.93574687058802
1616.080045323372,-71.93816385821273,-71.93816385821273
1616.090045323372,-71.94057441284691,-71.94057441284691
1616.100045323372,-71.94297874772369,-71.94297874772369
1616.1100453233719,-71.94537707137039,-71.94537707137039
1616.1200453233719,-71.94776958753971,-71.94776958753971
1616.1300453233719,-71.95015649537815,-71.95015649537815
1616.1400453233719,-71.95253798968729,-71.95253798968729
1616.1500453233718,-71.95491426117076,-71.95491426117076
1616.1600453233718,-71.9572854967834,-71.9572854967834
1616.1700453233718,-71.95965187999185,-71.95965187999185
1616.1800453233718,-71.96201359102557,-71.96201359102557
1616.1900453233718,-71.96437080716828,-71.96437080716828
1616.2000453233718,-71.96672370291056,-71.96672370291056
1616.2100453233718,-71.9690661774314,-71.9690661774314
1616.2200453233718,-71.97139565396158,-71.97139565396158
1616.230045323372,-71.97371096334766,-71.97371096334766
1616.240045323372,-71.97601158700014,-71.97601158700014
1616.250045323372,-71.97829736798703,-71.97829736798703
1616.260045323372,-71.9805683609866,-71.9805683609866
1616.270045323372,-71.98282474433965,-71.98282474433965
1616.280045323372,-71.98506676722823,-71.98506676722823
1616.290045323372,-71.98729471790816,-71.98729471790816
1616.300045323372,-71.98950890462713,-71.98950890462713
1616.310045323372,-71.99170964432363,-71.99170964432363
1616.320045323372,-71.9938972559325,-71.9938972559325
1616.330045323372,-71.99607205657898,-71.99607205657898
1616.340045323372,-71.99823435948821,-71.99823435948821
1616.350045323372,-72.00038447294445,-72.00038447294445
1616.3600453233719,-72.0025226998818,-72.0025226998818
1616.3700453233719,-72.00464933781694,-72.00464933781694
1616.3800453233719,-72.00676467901374,-72.00676467901374
1616.3900453233719,-72.00886901069939,-72.00886901069939
1616.4000453233718,-72.0109626153748,-72.0109626153748
1616.4100453233718,-72.01304577108685,-72.01304577108685
1616.4200453233718,-72.01511875173439,-72.01511875173439
1616.4300453233718,-72.01718182728624,-72.01718182728624
1616.4400453233718,-72.01923526405376,-72.01923526405376
1616.4500453233718,-72.02127932485648,-72.02127932485648
1616.4600453233718,-72.02331426922719,-72.02331426922719
1616.4700453233718,-72.02534035352832,-72.02534035352832
1616.480045323372,-72.02735783110542,-72.02735783110542
1616.490045323372,-72.02936695237673,-72.02936695237673
1616.500045323372,-72.03136796493258,-72.03136796493258
1616.510045323372,-72.03336111359486,-72.03336111359486
1616.520045323372,-72.035346640491,-72.035346640491
1616.530045323372,-72.03732478510013,-72.03732478510013
1616.540045323372,-72.03929578428284,-72.03929578428284
1616.550045323372,-72.04125987233262,-72.04125987233262
1616.560045323372,-72.04321728098962,-72.04321728098962
1616.570045323372,-72.04516823945694,-72.04516823945694
1616.580045323372,-72.04711297444116,-72.04711297444116
1616.590045323372,-72.0490517101427,-72.0490517101427
1616.600045323372,-72.05098466827852,-72.05098466827852
1616.6100453233719,-72.05291206807469,-72.05291206807469
1616.6200453233719,-72.05483412629695,-72.05483412629695
1616.6300453233719,-72.0567510572369,-72.0567510572369
1616.6400453233719,-72.05866307272758,-72.05866307272758
1616.6500453233718,-72.06057038214526,-72.06057038214526
1616.6600453233718,-72.0624731924069,-72.0624731924069
1616.6700453233718,-72.06437170797649,-72.06437170797649
1616.6800453233718,-72.06626613088493,-72.06626613088493
1616.6900453233718,-72.06815666070511,-72.06815666070511
1616.7000453472137,-72.07004349906568,-72.07004349906568
1616.7100453472137,-72.07192683167963,-72.07192683167963
1616.7200453472137,-72.07380685532108,-72.07380685532108
1616.7300453472137,-72.07568375983233,-72.07568375983233
1616.7400453472137,-72.07755773263612,-72.07755773263612
1616.7500453472137,-72.07942895874925,-72.07942895874925
1616.7600453472137,-72.08129762077638,-72.08129762077638
1616.7700453472137,-72.08316389892161,-72.08316389892161
1616.7800453472137,-72.0850279710076,-72.0850279710076
1616.7900453472137,-72.08689001246209,-72.08689001246209
1616.8000453472137,-72.08875019634833,-72.08875019634833
1616.8100453472136,-72.09060869335431,-72.09060869335431
1616.8200453472136,-72.09246567183948,-72.09246567183948
1616.8300453472139,-72.09432129780129,-72.09432129780129
1616.8400453472138,-72.09617573491268,-72.09617573491268
1616.8500453472138,-72.09802914453645,-72.09802914453645
1616.8600453472138,-72.0998816857211,-72.0998816857211
1616.8700453472138,-72.10173351523869,-72.10173351523869
1616.8800453472138,-72.10358478756227,-72.10358478756227
1616.8900453472138,-72.10543565491876,-72.10543565491876
1616.9000453472138,-72.10728626728002,-72.10728626728002
1616.9100453472138,-72.10913677238958,-72.10913677238958
1616.9200453472138,-72.11098731577358,-72.11098731577358
1616.9300453472138,-72.1128380407509,-72.1128380407509
1616.9400453472138,-72.11468908846088,-72.11468908846088
1616.9500453472137,-72.1165405978788,-72.1165405978788
1616.9600453472137,-72.11839270581736,-72.11839270581736
1616.9700453472137,-72.1202455469657,-72.1202455469657
1616.9800453472137,-72.12209925389155,-72.12209925389155
1616.9900453472137,-72.12395395706793,-72.12395395706793
1617.0000453472137,-72.12580978488208,-72.12580978488208
1617.0100453472137,-72.12766686366973,-72.12766686366973
1617.0200453472137,-72.12952531770976,-72.12952531770976
1617.0300453472137,-72.13138526927041,-72.13138526927041
1617.0400453472137,-72.13324683860748,-72.13324683860748
1617.0500453472137,-72.13511014398738,-72.13511014398738
1617.0600453472136,-72.13697530172062,-72.13697530172062
1617.0700453472136,-72.13884242616143,-72.13884242616143
1617.0800453472139,-72.14071162973363,-72.14071162973363
1617.0900453472138,-72.14258302295121,-72.14258302295121
1617.1000453472138,-72.14445671445263,-72.14445671445263
1617.1100453472138,-72.14633281099528,-72.14633281099528
1617.1200453472138,-72.14821141748882,-72.14821141748882
1617.1300453472138,-72.15009263701398,-72.15009263701398
1617.1400453472138,-72.1519765708388,-72.1519765708388
1617.1500453472138,-72.15386331844712,-72.15386331844712
1617.1600453472138,-72.1557529775409,-72.1557529775409
1617.1700453472138,-72.1576456440879,-72.1576456440879
1617.1800453472138,-72.1595414123067,-72.1595414123067
1617.1900453472138,-72.16144037471612,-72.16144037471612
1617.2000453472137,-72.16334262214248,-72.16334262214248
1617.2100453472137,-72.16524824373951,-72.16524824373951
1617.2200453472137,-72.1671573269957,-72.1671573269957
1617.2300453472137,-72.16906995779384,-72.16906995779384
1617.2400453472137,-72.17098622037793,-72.17098622037793
1617.2500453472137,-72.17290619740713,-72.17290619740713
1617.2600453472137,-72.17482996997624,-72.17482996997624
1617.2700453472137,-72.17675761760191,-72.17675761760191
1617.2800453472137,-72.17868921828502,-72.17868921828502
1617.2900453472137,-72.18062484850158,-72.18062484850158
1617.3000453472137,-72.18256458322853,-72.18256458322853
1617.3100453472136,-72.18450849596138,-72.18450849596138
1617.3200453472136,-72.18645665873943,-72.18645665873943
1617.3300453472139,-72.18840914215347,-72.18840914215347
1617.3400453472138,-72.19036601538026,-72.19036601538026
1617.3500453472138,-72.19232734618268,-72.19232734618268
1617.3600453472138,-72.19429320093879,-72.19429320093879
1617.3700453472138,-72.19626364465114,-72.19626364465114
1617.3800453472138,-72.19823874098496,-72.19823874098496
1617.3900453472138,-72.20021855226116,-72.20021855226116
1617.4000453472138,-72.20220313949052,-72.20220313949052
1617.4100453472138,-72.20419256237325,-72.20419256237325
1617.4200453472138,-72.20618687933934,-72.20618687933934
1617.4300453472138,-72.20818614755312,-72.20818614755312
1617.4400453472138,-72.21019042292737,-72.21019042292737
1617.4500453472137,-72.21219976014733,-72.21219976014733
1617.4600453472137,-72.2142142126782,-72.2142142126782
1617.4700453472137,-72.21623383280212,-72.21623383280212
1617.4800453472137,-72.21825867160905,-72.21825867160905
1617.4900453472137,-72.2202887790283,-72.2202887790283
1617.5000453472137,-72.22232420384373,-72.22232420384373
1617.5100453472137,-72.22436499368816,-72.22436499368816
1617.5200453472137,-72.22641119510457,-72.22641119510457
1617.5300453472137,-72.22846285351669,-72.22846285351669
1617.5400453472137,-72.23052001327335,-72.23052001327335
1617.5500453710556,-72.23258272255055,-72.23258272255055
1617.5600453710556,-72.2346510137661,-72.2346510137661
1617.5700453710556,-72.23672493298307,-72.23672493298307
1617.5800453710556,-72.23880452035,-72.23880452035
1617.5900453710556,-72.24088981500253,-72.24088981500253
1617.6000453710556,-72.2429808550899,-72.2429808550899
1617.6100453710555,-72.24507767776699,-72.24507767776699
1617.6200453710555,-72.24718031922222,-72.24718031922222
1617.6300453710555,-72.24928881468925,-72.24928881468925
1617.6400453710555,-72.25140319846429,-72.25140319846429
1617.6500453710555,-72.25352350391,-72.25352350391
1617.6600453710555,-72.25564976347637,-72.25564976347637
1617.6700453710555,-72.25778200872121,-72.25778200872121
1617.6800453710557,-72.25992027029314,-72.25992027029314
1617.6900453710557,-72.26206457800258,-72.26206457800258
1617.7000453710557,-72.26421496076354,-72.26421496076354
1617.7100453710557,-72.26637144665804,-72.26637144665804
1617.7200453710557,-72.26853406292376,-72.26853406292376
1617.7300453710557,-72.2707028359736,-72.2707028359736
1617.7400453710557,-72.27287779141537,-72.27287779141537
1617.7500453710556,-72.27505895405173,-72.27505895405173
1617.7600453710556,-72.27724634789381,-72.27724634789381
1617.7700453710556,-72.27943999619436,-72.27943999619436
1617.7800453710556,-72.28163992141904,-72.28163992141904
1617.7900453710556,-72.28384614528773,-72.28384614528773
1617.8000453710556,-72.28605868878684,-72.28605868878684
1617.8100453710556,-72.28827757214974,-72.28827757214974
1617.8200453710556,-72.29050281491168,-72.29050281491168
1617.8300453710556,-72.29273443589167,-72.29273443589167
1617.8400453710556,-72.29497245320565,-72.29497245320565
1617.8500453710556,-72.29721688428201,-72.29721688428201
1617.8600453710555,-72.29946774588144,-72.29946774588144
1617.8700453710555,-72.30172505407799,-72.30172505407799
1617.8800453710555,-72.30398882431047,-72.30398882431047
1617.8900453710555,-72.30625907135807,-72.30625907135807
1617.9000453710555,-72.30853580936653,-72.30853580936653
1617.9100453710555,-72.31081905185592,-72.31081905185592
1617.9200453710555,-72.31310881172318,-72.31310881172318
1617.9300453710557,-72.31540510125383,-72.31540510125383
1617.9400453710557,-72.3177079321483,-72.3177079321483
1617.9500453710557,-72.32001731550692,-72.32001731550692
1617.9600453710557,-72.32233326184877,-72.32233326184877
1617.9700453710557,-72.3246557811248,-72.3246557811248
1617.9800453710557,-72.32698488272395,-72.32698488272395
1617.9900453710557,-72.32932057548524,-72.32932057548524
1618.0000453710556,-72.3316628676823,-72.3316628676823
1618.0100453710556,-72.33401176707798,-72.33401176707798
1618.0200453710556,-72.33636728089274,-72.33636728089274
1618.0300453710556,-72.33872941582779,-72.33872941582779
1618.0400453710556,-72.3410981780669,-72.3410981780669
1618.0500453710556,-72.34347357331248,-72.34347357331248
1618.0600453710556,-72.34585560674921,-72.34585560674921
1618.0700453710556,-72.34824428308002,-72.34824428308002
1618.0800453710556,-72.35063960652063,-72.35063960652063
1618.0900453710556,-72.35304158082712,-72.35304158082712
1618.1000453710556,-72.35545020927985,-72.35545020927985
1618.1100453710555,-72.35786549471554,-72.35786549471554
1618.1200453710555,-72.36028743950146,-72.36028743950146
1618.1300453710555,-72.36271604557423,-72.36271604557423
1618.1400453710555,-72.36510874539975,-72.36510874539975
1618.1500453710555,-72.36744077421892,-72.36744077421892
1618.1600453710555,-72.36969946964129,-72.36969946964129
1618.1700453710555,-72.37187862550543,-72.37187862550543
1618.1800453710557,-72.37397550471118,-72.37397550471118
1618.1900453710557,-72.37598926137524,-72.37598926137524
1618.2000453710557,-72.37792008046341,-72.37792008046341
1618.2100453710557,-72.3797686988576,-72.3797686988576
1618.2200453710557,-72.38153613598618,-72.38153613598618
1618.2300453710557,-72.38322354208813,-72.38322354208813
1618.2400453710557,-72.38483211353004,-72.38483211353004
1618.2500453710556,-72.38636304674124,-72.38636304674124
1618.2600453710556,-72.38781751446332,-72.38781751446332
1618.2700453710556,-72.3891966549152,-72.3891966549152
1618.2800453710556,-72.390501568222,-72.390501568222
1618.2900453710556,-72.39173331695282,-72.39173331695282
1618.3000453710556,-72.39289292872067,-72.39289292872067
1618.3100453710556,-72.39398139979943,-72.39398139979943
1618.3200453710556,-72.39499969897827,-72.39499969897827
1618.3300453710556,-72.39594877141927,-72.39594877141927
1618.3400453710556,-72.39682954222059,-72.39682954222059
1618.3500453710556,-72.397642919623,-72.397642919623
1618.3600453710555,-72.39838979786663,-72.39838979786663
1618.3700453710555,-72.39907105960695,-72.39907105960695
1618.3800453710555,-72.39968757801857,-72.39968757801857
1618.3900453710555,-72.40024021854963,-72.40024021854963
1618.4000453948975,-72.40072984153899,-72.40072984153899
1618.4100453948975,-72.40115729858883,-72.40115729858883
1618.4200453948974,-72.40152344111517,-72.40152344111517
1618.4300453948974,-72.40182911585421,-72.40182911585421
1618.4400453948974,-72.40207516683041,-72.40207516683041
1618.4500453948974,-72.4022624358607,-72.4022624358607
1618.4600453948974,-72.40239176288999,-72.40239176288999
1618.4700453948974,-72.40246398622561,-72.40246398622561
1618.4800453948974,-72.40247994272033,-72.40247994272033
1618.4900453948974,-72.4024404678256,-72.4024404678256
1618.5000453948974,-72.40234639563147,-72.40234639563147
1618.5100453948974,-72.40219855884834,-72.40219855884834
1618.5200453948974,-72.40199778870851,-72.40199778870851
1618.5300453948976,-72.40174491490382,-72.40174491490382
1618.5400453948976,-72.40144076543261,-72.40144076543261
1618.5500453948976,-72.4010861664493,-72.4010861664493
1618.5600453948975,-72.40068194209924,-72.40068194209924
1618.5700453948975,-72.40022891434218,-72.40022891434218
1618.5800453948975,-72.39972790276106,-72.39972790276106
1618.5900453948975,-72.39917972436643,-72.39917972436643
1618.6000453948975,-72.39858519339805,-72.39858519339805
1618.6100453948975,-72.39794512110899,-72.39794512110899
1618.6200453948975,-72.39726031558507,-72.39726031558507
1618.6300453948975,-72.39653158152338,-72.39653158152338
1618.6400453948975,-72.3957597200411,-72.3957597200411
1618.6500453948975,-72.39494552849781,-72.39494552849781
1618.6600453948975,-72.39408980026948,-72.39408980026948
1618.6700453948974,-72.3931933245939,-72.3931933245939
1618.6800453948974,-72.39225688637927,-72.39225688637927
1618.6900453948974,-72.39128126602392,-72.39128126602392
1618.7000453948974,-72.39026723925899,-72.39026723925899
1618.7100453948974,-72.38921557699489,-72.38921557699489
1618.7200453948974,-72.38812704512625,-72.38812704512625
1618.7300453948974,-72.38700240444167,-72.38700240444167
1618.7400453948974,-72.38584241044937,-72.38584241044937
1618.7500453948974,-72.3846478132392,-72.3846478132392
1618.7600453948974,-72.3834193573853,-72.3834193573853
1618.7700453948974,-72.38215778179642,-72.38215778179642
1618.7800453948976,-72.38086381962071,-72.38086381962071
1618.7900453948976,-72.37953819813792,-72.37953819813792
1618.8000453948976,-72.37818163865415,-72.37818163865415
1618.8100453948975,-72.37679485641934,-72.37679485641934
1618.8200453948975,-72.37537856052795,-72.37537856052795
1618.8300453948975,-72.37393345385641,-72.37393345385641
1618.8400453948975,-72.37246023297585,-72.37246023297585
1618.8500453948975,-72.37095958808368,-72.37095958808368
1618.8600453948975,-72.36943220295383,-72.36943220295383
1618.8700453948975,-72.36787875486445,-72.36787875486445
1618.8800453948975,-72.36629991456653,-72.36629991456653
1618.8900453948975,-72.36469634621686,-72.36469634621686
1618.9000453948975,-72.36306870734848,-72.36306870734848
1618.9100453948975,-72.36141764883946,-72.36141764883946
1618.9200453948974,-72.35974381487051,-72.35974381487051
1618.9300453948974,-72.35804784290372,-72.35804784290372
1618.9400453948974,-72.35633036366471,-72.35633036366471
1618.9500453948974,-72.35459200111187,-72.35459200111187
1618.9600453948974,-72.35282707122751,-72.35282707122751
1618.9700453948974,-72.3510334303445,-72.3510334303445
1618.9800453948974,-72.34921034542994,-72.34921034542994
1618.9900453948974,-72.34735773253156,-72.34735773253156
1619.0000453948974,-72.34547586622227,-72.34547586622227
1619.0100453948974,-72.34356522871263,-72.34356522871263
1619.0200453948974,-72.34162642139356,-72.34162642139356
1619.0300453948976,-72.33966011174643,-72.33966011174643
1619.0400453948976,-72.33766700138808,-72.33766700138808
1619.0500453948976,-72.33564780691975,-72.33564780691975
1619.0600453948975,-72.33360324853282,-72.33360324853282
1619.0700453948975,-72.33153404332455,-72.33153404332455
1619.0800453948975,-72.32944090147696,-72.32944090147696
1619.0900453948975,-72.32732452418662,-72.32732452418662
1619.1000453948975,-72.32518560263624,-72.32518560263624
1619.1100453948975,-72.32302481760554,-72.32302481760554
1619.1200453948975,-72.32084283943166,-72.32084283943166
1619.1300453948975,-72.31864032820697,-72.31864032820697
1619.1400453948975,-72.31641793403065,-72.31641793403065
1619.1500453948975,-72.31417629733855,-72.31417629733855
1619.1600453948975,-72.31191604922783,-72.31191604922783
1619.1700453948974,-72.30963781179177,-72.30963781179177
1619.1800453948974,-72.30734219840036,-72.30734219840036
1619.1900453948974,-72.30502981396708,-72.30502981396708
1619.2000453948974,-72.30270125520009,-72.30270125520009
1619.2100453948974,-72.30035081530939,-72.30035081530939
1619.2200453948974,-72.29797632466817,-72.29797632466817
1619.2300453948974,-72.29557702251766,-72.29557702251766
1619.2400453948974,-72.29315279605817,-72.29315279605817
1619.2500454187393,-72.29070388433428,-72.29070388433428
1619.2600454187393,-72.28823075083596,-72.28823075083596
1619.2700454187393,-72.28573396042991,-72.28573396042991
1619.2800454187393,-72.28321414943079,-72.28321414943079
1619.2900454187393,-72.28067198798699,-72.28067198798699
1619.3000454187393,-72.27810816104386,-72.27810816104386
1619.3100454187393,-72.27552335697371,-72.27552335697371
1619.3200454187393,-72.27291826095467,-72.27291826095467
1619.3300454187392,-72.27029355120251,-72.27029355120251
1619.3400454187392,-72.26764989691705,-72.26764989691705
1619.3500454187392,-72.26498795730654,-72.26498795730654
1619.3600454187392,-72.26227518526176,-72.26227518526176
1619.3700454187392,-72.25950304659658,-72.25950304659658
1619.3800454187394,-72.25666688413142,-72.25666688413142
1619.3900454187394,-72.25376271042958,-72.25376271042958
1619.4000454187394,-72.25078689794287,-72.25078689794287
1619.4100454187394,-72.24773621274032,-72.24773621274032
1619.4200454187394,-72.24460785249525,-72.24460785249525
1619.4300454187394,-72.2413994566659,-72.2413994566659
1619.4400454187394,-72.23810909469884,-72.23810909469884
1619.4500454187394,-72.234735240435,-72.234735240435
1619.4600454187394,-72.23127045098687,-72.23127045098687
1619.4700454187393,-72.22771116099901,-72.22771116099901
1619.4800454187393,-72.22405551992698,-72.22405551992698
1619.4900454187393,-72.22030259717769,-72.22030259717769
1619.5000454187393,-72.21645206004818,-72.21645206004818
1619.5100454187393,-72.21250399404603,-72.21250399404603
1619.5200454187393,-72.208458788485,-72.208458788485
1619.5300454187393,-72.20431706034933,-72.20431706034933
1619.5400454187393,-72.20007960191539,-72.20007960191539
1619.5500454187393,-72.1957473436352,-72.1957473436352
1619.5600454187393,-72.19132132694035,-72.19132132694035
1619.5700454187393,-72.18680268372056,-72.18680268372056
1619.5800454187392,-72.1821926203146,-72.1821926203146
1619.5900454187392,-72.1774924047818,-72.1774924047818
1619.6000454187392,-72.17270335651429,-72.17270335651429
1619.6100454187392,-72.1678268375807,-72.1678268375807
1619.6200454187392,-72.16286424548761,-72.16286424548761
1619.6300454187394,-72.1578170069519,-72.1578170069519
1619.6400454187394,-72.15268657254518,-72.15268657254518
1619.6500454187394,-72.14747441205235,-72.14747441205235
1619.6600454187394,-72.14218201039795,-72.14218201039795
1619.6700454187394,-72.13681086408701,-72.13681086408701
1619.6800454187394,-72.13136247802679,-72.13136247802679
1619.6900454187394,-72.12583836276275,-72.12583836276275
1619.7000454187394,-72.12024003199328,-72.12024003199328
1619.7100454187394,-72.11456900036345,-72.11456900036345
1619.7200454187393,-72.10882678153398,-72.10882678153398
1619.7300454187393,-72.10301488642268,-72.10301488642268
1619.7400454187393,-72.09713482164426,-72.09713482164426
1619.7500454187393,-72.09118808815302,-72.09118808815302
1619.7600454187393,-72.08517618000177,-72.08517618000177
1619.7700454187393,-72.0791005832266,-72.0791005832266
1619.7800454187393,-72.07296277490626,-72.07296277490626
1619.7900454187393,-72.06676422226303,-72.06676422226303
1619.8000454187393,-72.06050638191661,-72.06050638191661
1619.8100454187393,-72.05419069917828,-72.05419069917828
1619.8200454187393,-72.04781860747492,-72.04781860747492
1619.8300454187392,-72.0413915277822,-72.0413915277822
1619.8400454187392,-72.03491086819585,-72.03491086819585
1619.8500454187392,-72.02837802347712,-72.02837802347712
1619.8600454187392,-72.02179437473553,-72.02179437473553
1619.8700454187392,-72.01516128908787,-72.01516128908787
1619.8800454187394,-72.00848011940808,-72.00848011940808
1619.8900454187394,-72.0017522040978,-72.0017522040978
1619.9000454187394,-71.99497886686865,-71.99497886686865
1619.9100454187394,-71.98816141661906,-71.98816141661906
1619.9200454187394,-71.98130114726315,-71.98130114726315
1619.9300454187394,-71.97439933765183,-71.97439933765183
1619.9400454187394,-71.96745725147875,-71.96745725147875
1619.9500454187394,-71.9604761372157,-71.9604761372157
1619.9600454187394,-71.95345722807212,-71.95345722807212
1619.9700454187393,-71.94640174198068,-71.94640174198068
1619.9800454187393,-71.93931088158283,-71.93931088158283
1619.9900454187393,-71.93218583424418,-71.93218583424418
1620.0000454187393,-71.92502777205597,-71.92502777205597
1620.0100454187393,-71.91783785188889,-71.91783785188889
1620.0200454187393,-71.91061721542228,-71.91061721542228
1620.0300454187393,-71.90336698920967,-71.90336698920967
1620.0400454187393,-71.89608828473042,-71.89608828473042
1620.0500454187393,-71.88878219847423,-71.88878219847423
1620.0600454187393,-71.8814498120053,-71.8814498120053
1620.0700454187393,-71.87409219206522,-71.87409219206522
1620.0800454187392,-71.8667103906446,-71.8667103906446
1620.0900454187392,-71.85930544509868,-71.85930544509868
1620.1000454425812,-71.85187836053399,-71.85187836053399
1620.1100454425812,-71.84443018064327,-71.84443018064327
1620.1200454425812,-71.83696188188331,-71.83696188188331
1620.1300454425811,-71.82947444406878,-71.82947444406878
1620.1400454425811,-71.82196883294425,-71.82196883294425
1620.1500454425811,-71.8144460002852,-71.8144460002852
1620.1600454425811,-71.80690688401712,-71.80690688401712
1620.170045442581,-71.7993524083395,-71.7993524083395
1620.180045442581,-71.79178348384328,-71.79178348384328
1620.190045442581,-71.78420100766942,-71.78420100766942
1620.200045442581,-71.77660586360162,-71.77660586360162
1620.210045442581,-71.76899892221896,-71.76899892221896
1620.220045442581,-71.7613810410385,-71.7613810410385
1620.2300454425813,-71.75375306461771,-71.75375306461771
1620.2400454425813,-71.74611582472491,-71.74611582472491
1620.2500454425813,-71.73847014043925,-71.73847014043925
1620.2600454425813,-71.73081681831152,-71.73081681831152
1620.2700454425812,-71.72315665248539,-71.72315665248539
1620.2800454425812,-71.71549042484085,-71.71549042484085
1620.2900454425812,-71.7078189051176,-71.7078189051176
1620.3000454425812,-71.70014285107828,-71.70014285107828
1620.3100454425812,-71.69246300861131,-71.69246300861131
1620.3200454425812,-71.68478011187989,-71.68478011187989
1620.3300454425812,-71.67709488346253,-71.67709488346253
1620.3400454425812,-71.6694080344812,-71.6694080344812
1620.3500454425812,-71.66172026473988,-71.66172026473988
1620.3600454425812,-71.6540322628519,-71.6540322628519
1620.3700454425812,-71.64634470636854,-71.64634470636854
1620.3800454425811,-71.63865826193775,-71.63865826193775
1620.3900454425811,-71.63097358541238,-71.63097358541238
1620.4000454425811,-71.62329132197034,-71.62329132197034
1620.4100454425811,-71.61561210627816,-71.61561210627816
1620.420045442581,-71.60793656259601,-71.60793656259601
1620.430045442581,-71.60026530491224,-71.60026530491224
1620.440045442581,-71.59259893708018,-71.59259893708018
1620.450045442581,-71.58493805292414,-71.58493805292414
1620.460045442581,-71.57727700851277,-71.57727700851277
1620.470045442581,-71.56961366075892,-71.56961366075892
1620.4800454425813,-71.56194726086265,-71.56194726086265
1620.4900454425813,-71.5542777008277,-71.5542777008277
1620.5000454425813,-71.54660522570079,-71.54660522570079
1620.5100454425813,-71.53893028398994,-71.53893028398994
1620.5200454425812,-71.53125343987672,-71.53125343987672
1620.5300454425812,-71.52357532046035,-71.52357532046035
1620.5400454425812,-71.51589658406947,-71.51589658406947
1620.5500454425812,-71.50821790126224,-71.50821790126224
1620.5600454425812,-71.50053994355831,-71.50053994355831
1620.5700454425812,-71.49286337686428,-71.49286337686428
1620.5800454425812,-71.48518885779875,-71.48518885779875
1620.5900454425812,-71.47751703168352,-71.47751703168352
1620.6000454425812,-71.46984853166136,-71.46984853166136
1620.6100454425812,-71.46218397840934,-71.46218397840934
1620.6200454425812,-71.45452398020471,-71.45452398020471
1620.6300454425811,-71.44686913320653,-71.44686913320653
1620.6400454425811,-71.43922002182046,-71.43922002182046
1620.6500454425811,-71.43157721913492,-71.43157721913492
1620.6600454425811,-71.4239412873372,-71.4239412873372
1620.670045442581,-71.41631277809934,-71.41631277809934
1620.680045442581,-71.40869223299133,-71.40869223299133
1620.690045442581,-71.40108018380279,-71.40108018380279
1620.700045442581,-71.39347715288132,-71.39347715288132
1620.710045442581,-71.38587744251497,-71.38587744251497
1620.720045442581,-71.37827884735123,-71.37827884735123
1620.7300454425813,-71.37068055369078,-71.37068055369078
1620.7400454425813,-71.36308238811884,-71.36308238811884
1620.7500454425813,-71.3554845305717,-71.3554845305717
1620.7600454425813,-71.34788736514042,-71.34788736514042
1620.7700454425812,-71.34029139253379,-71.34029139253379
1620.7800454425812,-71.33269717747386,-71.33269717747386
1620.7900454425812,-71.32510531705337,-71.32510531705337
1620.8000454425812,-71.31751642180905,-71.31751642180905
1620.8100454425812,-71.3099311044621,-71.3099311044621
1620.8200454425812,-71.30234997337625,-71.30234997337625
1620.8300454425812,-71.29477362884141,-71.29477362884141
1620.8400454425812,-71.28720266110466,-71.28720266110466
1620.8500454425812,-71.27963764945338,-71.27963764945338
1620.8600454425812,-71.272079161897,-71.272079161897
1620.8700454425812,-71.26452775524736,-71.26452775524736
1620.8800454425811,-71.2569839753398,-71.2569839753398
1620.8900454425811,-71.24944835743847,-71.24944835743847
1620.9000454425811,-71.24192142656696,-71.24192142656696
1620.9100454425811,-71.23440369796089,-71.23440369796089
1620.920045442581,-71.22689567741736,-71.22689567741736
1620.930045442581,-71.21939786165284,-71.21939786165284
1620.940045442581,-71.21191073864533,-71.21191073864533
1620.950045466423,-71.20443477009881,-71.20443477009881
1620.960045466423,-71.19697046296291,-71.19697046296291
1620.970045466423,-71.18951826277419,-71.18951826277419
1620.980045466423,-71.18207862514696,-71.18207862514696
1620.990045466423,-71.17465199812686,-71.17465199812686
1621.000045466423,-71.16723882239506,-71.16723882239506
1621.010045466423,-71.15983953136933,-71.15983953136933
1621.020045466423,-71.15245455138172,-71.15245455138172
1621.030045466423,-71.14508430178802,-71.14508430178802
1621.040045466423,-71.13772919507878,-71.13772919507878
1621.050045466423,-71.13038963699124,-71.13038963699124
1621.060045466423,-71.1230660265917,-71.1230660265917
1621.070045466423,-71.11575875638803,-71.11575875638803
1621.0800454664231,-71.10846821239683,-71.10846821239683
1621.0900454664231,-71.10119477422509,-71.10119477422509
1621.1000454664231,-71.09393881516155,-71.09393881516155
1621.1100454664231,-71.08670070221504,-71.08670070221504
1621.120045466423,-71.07948079621713,-71.07948079621713
1621.130045466423,-71.0722794518721,-71.0722794518721
1621.140045466423,-71.06509701782629,-71.06509701782629
1621.150045466423,-71.05793383673192,-71.05793383673192
1621.160045466423,-71.05079024530477,-71.05079024530477
1621.170045466423,-71.04366657437994,-71.04366657437994
1621.180045466423,-71.03656314900354,-71.03656314900354
1621.190045466423,-71.02948028842744,-71.02948028842744
1621.200045466423,-71.0224183062416,-71.0224183062416
1621.210045466423,-71.01537751037381,-71.01537751037381
1621.220045466423,-71.0083582031811,-71.0083582031811
1621.230045466423,-71.00136068150083,-71.00136068150083
1621.240045466423,-70.9943852366802,-70.9943852366802
1621.250045466423,-70.98743215467616,-70.98743215467616
1621.260045466423,-70.98050171607595,-70.98050171607595
1621.270045466423,-70.97359419616642,-70.97359419616642
1621.280045466423,-70.96670986500192,-70.96670986500192
1621.290045466423,-70.9598489874322,-70.9598489874322
1621.300045466423,-70.95301182318919,-70.95301182318919
1621.310045466423,-70.94619862691044,-70.94619862691044
1621.320045466423,-70.93940964822383,-70.93940964822383
1621.3300454664231,-70.93264513178438,-70.93264513178438
1621.3400454664231,-70.92590531733543,-70.92590531733543
1621.3500454664231,-70.91919043975817,-70.91919043975817
1621.3600454664231,-70.91250072914572,-70.91250072914572
1621.370045466423,-70.90583641082173,-70.90583641082173
1621.380045466423,-70.89919770543047,-70.89919770543047
1621.390045466423,-70.89258482897802,-70.89258482897802
1621.400045466423,-70.88599799287962,-70.88599799287962
1621.410045466423,-70.8794374040254,-70.8794374040254
1621.420045466423,-70.87290326482183,-70.87290326482183
1621.430045466423,-70.8663957732544,-70.8663957732544
1621.440045466423,-70.85991512294515,-70.85991512294515
1621.450045466423,-70.8534615031898,-70.8534615031898
1621.460045466423,-70.8470350990264,-70.8470350990264
1621.470045466423,-70.8406360912822,-70.8406360912822
1621.480045466423,-70.83426465662242,-70.83426465662242
1621.490045466423,-70.82792096760457,-70.82792096760457
1621.500045466423,-70.8216051927405,-70.8216051927405
1621.510045466423,-70.81531749652623,-70.81531749652623
1621.520045466423,-70.80905803951221,-70.80905803951221
1621.530045466423,-70.80282697835129,-70.80282697835129
1621.540045466423,-70.79662446583767,-70.79662446583767
1621.550045466423,-70.7904506509682,-70.7904506509682
1621.560045466423,-70.78430567899595,-70.78430567899595
1621.570045466423,-70.77818969146367,-70.77818969146367
1621.5800454664231,-70.77210282626778,-70.77210282626778
1621.5900454664231,-70.76604521769933,-70.76604521769933
1621.6000454664231,-70.76001699649241,-70.76001699649241
1621.6100454664231,-70.75401828988295,-70.75401828988295
1621.620045466423,-70.74804922163649,-70.74804922163649
1621.630045466423,-70.74210991211557,-70.74210991211557
1621.640045466423,-70.73620047830906,-70.73620047830906
1621.650045466423,-70.73032103389282,-70.73032103389282
1621.660045466423,-70.72447168926894,-70.72447168926894
1621.670045466423,-70.71865255161275,-70.71865255161275
1621.680045466423,-70.71286372490816,-70.71286372490816
1621.690045466423,-70.70710531002341,-70.70710531002341
1621.700045466423,-70.70137740470301,-70.70137740470301
1621.710045466423,-70.69568010366824,-70.69568010366824
1621.720045466423,-70.69001349861185,-70.69001349861185
1621.730045466423,-70.68437767828179,-70.68437767828179
1621.740045466423,-70.6787727284991,-70.6787727284991
1621.750045466423,-70.67319873220153,-70.67319873220153
1621.760045466423,-70.66765576949098,-70.66765576949098
1621.770045466423,-70.66214391767066,-70.66214391767066
1621.780045466423,-70.65666325129902,-70.65666325129902
1621.790045466423,-70.65121384220686,-70.65121384220686
1621.800045490265,-70.6457957466578,-70.6457957466578
1621.8100454902649,-70.64040905706845,-70.64040905706845
1621.8200454902649,-70.63505382436617,-70.63505382436617
1621.8300454902649,-70.62973010992357,-70.62973010992357
1621.8400454902649,-70.6244379725875,-70.6244379725875
1621.8500454902648,-70.61917746872838,-70.61917746872838
1621.8600454902648,-70.61394865227155,-70.61394865227155
1621.8700454902648,-70.60875157472111,-70.60875157472111
1621.8800454902648,-70.60358628521463,-70.60358628521463
1621.8900454902648,-70.59845283055711,-70.59845283055711
1621.9000454902648,-70.59335125524812,-70.59335125524812
1621.9100454902648,-70.58828160152675,-70.58828160152675
1621.9200454902648,-70.58324390938927,-70.58324390938927
1621.930045490265,-70.57823821664107,-70.57823821664107
1621.940045490265,-70.57326455892616,-70.57326455892616
1621.950045490265,-70.56832296976245,-70.56832296976245
1621.960045490265,-70.56341348055425,-70.56341348055425
1621.970045490265,-70.55853612065253,-70.55853612065253
1621.980045490265,-70.55369091737522,-70.55369091737522
1621.990045490265,-70.54887789602972,-70.54887789602972
1622.000045490265,-70.54409707997452,-70.54409707997452
1622.010045490265,-70.53934849060911,-70.53934849060911
1622.020045490265,-70.53463214742563,-70.53463214742563
1622.030045490265,-70.52994806805293,-70.52994806805293
1622.040045490265,-70.52529626825807,-70.52529626825807
1622.050045490265,-70.5206767619905,-70.5206767619905
1622.0600454902649,-70.51608956141503,-70.51608956141503
1622.0700454902649,-70.51153467693425,-70.51153467693425
1622.0800454902649,-70.50701211721065,-70.50701211721065
1622.0900454902649,-70.50252188920491,-70.50252188920491
1622.1000454902648,-70.49806399819963,-70.49806399819963
1622.1100454902648,-70.49363844782516,-70.49363844782516
1622.1200454902648,-70.4892452400891,-70.4892452400891
1622.1300454902648,-70.48488437540212,-70.48488437540212
1622.1400454902648,-70.4805558525958,-70.4805558525958
1622.1500454902648,-70.47625966896221,-70.47625966896221
1622.1600454902648,-70.47199582027142,-70.47199582027142
1622.1700454902648,-70.46776430079791,-70.46776430079791
1622.180045490265,-70.46356510333564,-70.46356510333564
1622.190045490265,-70.45939821924347,-70.45939821924347
1622.200045490265,-70.4552636384556,-70.4552636384556
1622.210045490265,-70.45116134949306,-70.45116134949306
1622.220045490265,-70.44709133952168,-70.44709133952168
1622.230045490265,-70.44305359433353,-70.44305359433353
1622.240045490265,-70.43904809840431,-70.43904809840431
1622.250045490265,-70.43507483489128,-70.43507483489128
1622.260045490265,-70.43113378567057,-70.43113378567057
1622.270045490265,-70.42722493135564,-70.42722493135564
1622.280045490265,-70.42334825131738,-70.42334825131738
1622.290045490265,-70.41950372370182,-70.41950372370182
1622.300045490265,-70.41569132544569,-70.41569132544569
1622.3100454902649,-70.41191103231321,-70.41191103231321
1622.3200454902649,-70.40816281891995,-70.40816281891995
1622.3300454902649,-70.4044466587234,-70.4044466587234
1622.3400454902649,-70.40076252406664,-70.40076252406664
1622.3500454902648,-70.39711038618962,-70.39711038618962
1622.3600454902648,-70.39349021524659,-70.39349021524659
1622.3700454902648,-70.38990198034149,-70.38990198034149
1622.3800454902648,-70.38634564951971,-70.38634564951971
1622.3900454902648,-70.38282118981182,-70.38282118981182
1622.4000454902648,-70.37932856723057,-70.37932856723057
1622.4100454902648,-70.37586774680759,-70.37586774680759
1622.4200454902648,-70.37243869258883,-70.37243869258883
1622.430045490265,-70.36904136767838,-70.36904136767838
1622.440045490265,-70.36567573423487,-70.36567573423487
1622.450045490265,-70.36234175349429,-70.36234175349429
1622.460045490265,-70.35903938579645,-70.35903938579645
1622.470045490265,-70.3557685905751,-70.3557685905751
1622.480045490265,-70.35252932641268,-70.35252932641268
1622.490045490265,-70.34932155101396,-70.34932155101396
1622.500045490265,-70.34614522126084,-70.34614522126084
1622.510045490265,-70.34300029320428,-70.34300029320428
1622.520045490265,-70.33988672207198,-70.33988672207198
1622.530045490265,-70.33680446230933,-70.33680446230933
1622.540045490265,-70.33375346758878,-70.33375346758878
1622.550045490265,-70.33073369079823,-70.33073369079823
1622.5600454902649,-70.32774508408959,-70.32774508408959
1622.5700454902649,-70.32478759886071,-70.32478759886071
1622.5800454902649,-70.32186118580123,-70.32186118580123
1622.5900454902649,-70.31896579488067,-70.31896579488067
1622.6000454902648,-70.31610137538168,-70.31610137538168
1622.6100454902648,-70.31326787589914,-70.31326787589914
1622.6200454902648,-70.3104652443528,-70.3104652443528
1622.6300454902648,-70.30769342801035,-70.30769342801035
1622.6400454902648,-70.304952373501,-70.304952373501
1622.6500455141068,-70.30224202037112,-70.30224202037112
1622.6600455141067,-70.29956232698406,-70.29956232698406
1622.6700455141067,-70.29691323155265,-70.29691323155265
1622.6800455141067,-70.29429467825007,-70.29429467825007
1622.6900455141067,-70.2917066106732,-70.2917066106732
1622.7000455141067,-70.2891489718422,-70.2891489718422
1622.7100455141067,-70.286621704212,-70.286621704212
1622.7200455141067,-70.28412474970207,-70.28412474970207
1622.7300455141067,-70.28165804967334,-70.28165804967334
1622.7400455141067,-70.27922154498002,-70.27922154498002
1622.7500455141067,-70.27681517595435,-70.27681517595435
1622.7600455141067,-70.27443888242382,-70.27443888242382
1622.7700455141066,-70.27209260372838,-70.27209260372838
1622.7800455141069,-70.26977627870907,-70.26977627870907
1622.7900455141069,-70.2674898457451,-70.2674898457451
1622.8000455141068,-70.26523324275924,-70.26523324275924
1622.8100455141068,-70.26300640720305,-70.26300640720305
1622.8200455141068,-70.26080927609907,-70.26080927609907
1622.8300455141068,-70.25864178602941,-70.25864178602941
1622.8400455141068,-70.25650387315463,-70.25650387315463
1622.8500455141068,-70.25439547322001,-70.25439547322001
1622.8600455141068,-70.25231652157066,-70.25231652157066
1622.8700455141068,-70.25026695313765,-70.25026695313765
1622.8800455141068,-70.24824670249006,-70.24824670249006
1622.8900455141068,-70.2462557037956,-70.2462557037956
1622.9000455141068,-70.24429389087152,-70.24429389087152
1622.9100455141067,-70.24236119715351,-70.24236119715351
1622.9200455141067,-70.24045755575031,-70.24045755575031
1622.9300455141067,-70.23858289939633,-70.23858289939633
1622.9400455141067,-70.2367371605116,-70.2367371605116
1622.9500455141067,-70.2349202711849,-70.2349202711849
1622.9600455141067,-70.23313216317511,-70.23313216317511
1622.9700455141067,-70.23137276793659,-70.23137276793659
1622.9800455141067,-70.2296420166258,-70.2296420166258
1622.9900455141067,-70.22793984008389,-70.22793984008389
1623.0000455141067,-70.22626616887287,-70.22626616887287
1623.0100455141067,-70.22462093327641,-70.22462093327641
1623.0200455141066,-70.22300406329784,-70.22300406329784
1623.0300455141069,-70.22141548867631,-70.22141548867631
1623.0400455141069,-70.21985513889655,-70.21985513889655
1623.0500455141068,-70.2183229431764,-70.2183229431764
1623.0600455141068,-70.21681883049267,-70.21681883049267
1623.0700455141068,-70.21534272958174,-70.21534272958174
1623.0800455141068,-70.21389456895074,-70.21389456895074
1623.0900455141068,-70.21247427688307,-70.21247427688307
1623.1000455141068,-70.21108178143568,-70.21108178143568
1623.1100455141068,-70.20971701045009,-70.20971701045009
1623.1200455141068,-70.20837989156253,-70.20837989156253
1623.1300455141068,-70.20707035221443,-70.20707035221443
1623.1400455141068,-70.20578831964126,-70.20578831964126
1623.1500455141068,-70.20453372090115,-70.20453372090115
1623.1600455141067,-70.20330648286227,-70.20330648286227
1623.1700455141067,-70.20210653221388,-70.20210653221388
1623.1800455141067,-70.20093379547666,-70.20093379547666
1623.1900455141067,-70.19978819900442,-70.19978819900442
1623.2000455141067,-70.19866966900457,-70.19866966900457
1623.2100455141067,-70.19757813149894,-70.19757813149894
1623.2200455141067,-70.19651351239337,-70.19651351239337
1623.2300455141067,-70.19547573742837,-70.19547573742837
1623.2400455141067,-70.19446473220853,-70.19446473220853
1623.2500455141067,-70.19348042220942,-70.19348042220942
1623.2600455141067,-70.19252273277974,-70.19252273277974
1623.2700455141066,-70.19159158913786,-70.19159158913786
1623.2800455141069,-70.19068691638857,-70.19068691638857
1623.2900455141069,-70.18980863951971,-70.18980863951971
1623.3000455141068,-70.18895668342067,-70.18895668342067
1623.3100455141068,-70.18813097286117,-70.18813097286117
1623.3200455141068,-70.18733143251767,-70.18733143251767
1623.3300455141068,-70.18655798698386,-70.18655798698386
1623.3400455141068,-70.18581056074242,-70.18581056074242
1623.3500455141068,-70.18508907820548,-70.18508907820548
1623.3600455141068,-70.18439346368996,-70.18439346368996
1623.3700455141068,-70.18372364145331,-70.18372364145331
1623.3800455141068,-70.1830795356615,-70.1830795356615
1623.3900455141068,-70.18246107042887,-70.18246107042887
1623.4000455141068,-70.18186816979467,-70.18186816979467
1623.4100455141067,-70.18130075773956,-70.18130075773956
1623.4200455141067,-70.18075875818371,-70.18075875818371
1623.4300455141067,-70.18024209500466,-70.18024209500466
1623.4400455141067,-70.17975069202343,-70.17975069202343
1623.4500455141067,-70.17928447301892,-70.17928447301892
1623.4600455141067,-70.17884336172494,-70.17884336172494
1623.4700455141067,-70.17842728184561,-70.17842728184561
1623.4800455141067,-70.17803615704248,-70.17803615704248
1623.4900455141067,-70.1776699109475,-70.1776699109475
1623.5000455379486,-70.17732846637283,-70.17732846637283
1623.5100455379486,-70.17701174859792,-70.17701174859792
1623.5200455379486,-70.176719680282,-70.176719680282
1623.5300455379486,-70.17645218497556,-70.17645218497556
1623.5400455379486,-70.17620918622778,-70.17620918622778
1623.5500455379486,-70.17599060756233,-70.17599060756233
1623.5600455379486,-70.17579637250108,-70.17579637250108
1623.5700455379485,-70.17562640455763,-70.17562640455763
1623.5800455379485,-70.17548062724937,-70.17548062724937
1623.5900455379485,-70.17535896409728,-70.17535896409728
1623.6000455379485,-70.17526133862602,-70.17526133862602
1623.6100455379485,-70.17518767436314,-70.17518767436314
1623.6200455379485,-70.17513789485037,-70.17513789485037
1623.6300455379487,-70.17511192366136,-70.17511192366136
1623.6400455379487,-70.1751096843676,-70.1751096843676
1623.6500455379487,-70.1751311005601,-70.1751311005601
1623.6600455379487,-70.17517609586338,-70.17517609586338
1623.6700455379487,-70.17524459392303,-70.17524459392303
1623.6800455379487,-70.17533651841744,-70.17533651841744
1623.6900455379487,-70.1754517930431,-70.1754517930431
1623.7000455379487,-70.17559034154054,-70.17559034154054
1623.7100455379486,-70.1757520876919,-70.1757520876919
1623.7200455379486,-70.17593695530411,-70.17593695530411
1623.7300455379486,-70.17614486823521,-70.17614486823521
1623.7400455379486,-70.17637575037793,-70.17637575037793
1623.7500455379486,-70.17662952568122,-70.17662952568122
1623.7600455379486,-70.17690611812924,-70.17690611812924
1623.7700455379486,-70.1772054517755,-70.1772054517755
1623.7800455379486,-70.17752745070692,-70.17752745070692
1623.7900455379486,-70.17787203907909,-70.17787203907909
1623.8000455379486,-70.17823914109411,-70.17823914109411
1623.8100455379486,-70.17862868102652,-70.17862868102652
1623.8200455379485,-70.17904058319623,-70.17904058319623
1623.8300455379485,-70.17947477199321,-70.17947477199321
1623.8400455379485,-70.17993117188155,-70.17993117188155
1623.8500455379485,-70.18040970738106,-70.18040970738106
1623.8600455379485,-70.1809103030966,-70.1809103030966
1623.8700455379485,-70.18143288368022,-70.18143288368022
1623.8800455379487,-70.18197737387982,-70.18197737387982
1623.8900455379487,-70.18254369851539,-70.18254369851539
1623.9000455379487,-70.18313178247757,-70.18313178247757
1623.9100455379487,-70.18374155072918,-70.18374155072918
1623.9200455379487,-70.18437292833059,-70.18437292833059
1623.9300455379487,-70.18502584041144,-70.18502584041144
1623.9400455379487,-70.18570021219662,-70.18570021219662
1623.9500455379487,-70.18639596898497,-70.18639596898497
1623.9600455379486,-70.18711303617643,-70.18711303617643
1623.9700455379486,-70.18785133925745,-70.18785133925745
1623.9800455379486,-70.18861080379229,-70.18861080379229
1623.9900455379486,-70.18939135545212,-70.18939135545212
1624.0000455379486,-70.1901929199924,-70.1901929199924
1624.0100455379486,-70.19101542328369,-70.19101542328369
1624.0200455379486,-70.19185879126655,-70.19185879126655
1624.0300455379486,-70.19272294999847,-70.19272294999847
1624.0400455379486,-70.19360782563277,-70.19360782563277
1624.0500455379486,-70.194513344419,-70.194513344419
1624.0600455379486,-70.19543943272355,-70.19543943272355
1624.0700455379485,-70.19638601700242,-70.19638601700242
1624.0800455379485,-70.19735302382662,-70.19735302382662
1624.0900455379485,-70.19834037986824,-70.19834037986824
1624.1000455379485,-70.19934801191253,-70.19934801191253
1624.1100455379485,-70.20037584685015,-70.20037584685015
1624.1200455379485,-70.2014238116861,-70.2014238116861
1624.1300455379487,-70.20249183353249,-70.20249183353249
1624.1400455379487,-70.20357983963179,-70.20357983963179
1624.1500455379487,-70.20468775731592,-70.20468775731592
1624.1600455379487,-70.2058155140493,-70.2058155140493
1624.1700455379487,-70.2069630374097,-70.2069630374097
1624.1800455379487,-70.20813025509274,-70.20813025509274
1624.1900455379487,-70.20931709491357,-70.20931709491357
1624.2000455379487,-70.2105234848068,-70.2105234848068
1624.2100455379486,-70.21174935282447,-70.21174935282447
1624.2200455379486,-70.21299462715146,-70.21299462715146
1624.2300455379486,-70.21425923608432,-70.21425923608432
1624.2400455379486,-70.2155431080491,-70.2155431080491
1624.2500455379486,-70.21684617160383,-70.21684617160383
1624.2600455379486,-70.2181683554179,-70.2181683554179
1624.2700455379486,-70.21950958830601,-70.21950958830601
1624.2800455379486,-70.22086979919975,-70.22086979919975
1624.2900455379486,-70.22224891716054,-70.22224891716054
1624.3000455379486,-70.22364687137863,-70.22364687137863
1624.3100455379486,-70.2250635911875,-70.2250635911875
1624.3200455379485,-70.2264990060332,-70.2264990060332
1624.3300455379485,-70.22795304550849,-70.22795304550849
1624.3400455379485,-70.22942563932942,-70.22942563932942
1624.3500455617905,-70.23091672091614,-70.23091672091614
1624.3600455617905,-70.23242621320261,-70.23242621320261
1624.3700455617904,-70.23395404980735,-70.23395404980735
1624.3800455617904,-70.23550016100285,-70.23550016100285
1624.3900455617904,-70.2370644771809,-70.2370644771809
1624.4000455617904,-70.23864692889197,-70.23864692889197
1624.4100455617904,-70.2402474468084,-70.2402474468084
1624.4200455617904,-70.24186596174633,-70.24186596174633
1624.4300455617904,-70.2435024046641,-70.2435024046641
1624.4400455617904,-70.24515670666572,-70.24515670666572
1624.4500455617904,-70.24682879898673,-70.24682879898673
1624.4600455617904,-70.24851861300615,-70.24851861300615
1624.4700455617904,-70.25022608024872,-70.25022608024872
1624.4800455617906,-70.25195113238705,-70.25195113238705
1624.4900455617906,-70.25369370123325,-70.25369370123325
1624.5000455617906,-70.2554537187357,-70.2554537187357
1624.5100455617905,-70.2572311170037,-70.2572311170037
1624.5200455617905,-70.25902582827698,-70.25902582827698
1624.5300455617905,-70.26083778495217,-70.26083778495217
1624.5400455617905,-70.26266691956477,-70.26266691956477
1624.5500455617905,-70.26451316480106,-70.26451316480106
1624.5600455617905,-70.26637645349935,-70.26637645349935
1624.5700455617905,-70.26825671863645,-70.26825671863645
1624.5800455617905,-70.2701538933454,-70.2701538933454
1624.5900455617905,-70.27206791090455,-70.27206791090455
1624.6000455617905,-70.27399870474316,-70.27399870474316
1624.6100455617905,-70.27594620844228,-70.27594620844228
1624.6200455617904,-70.2779103557297,-70.2779103557297
1624.6300455617904,-70.2798910804824,-70.2798910804824
1624.6400455617904,-70.28188831673474,-70.28188831673474
1624.6500455617904,-70.283901998667,-70.283901998667
1624.6600455617904,-70.28593206061464,-70.28593206061464
1624.6700455617904,-70.28797843705996,-70.28797843705996
1624.6800455617904,-70.29004106264784,-70.29004106264784
1624.6900455617904,-70.2921198721662,-70.2921198721662
1624.7000455617904,-70.29421480056233,-70.29421480056233
1624.7100455617904,-70.29631965423982,-70.29631965423982
1624.7200455617904,-70.2984316841655,-70.2984316841655
1624.7300455617906,-70.30054951933455,-70.30054951933455
1624.7400455617906,-70.30267242725704,-70.30267242725704
1624.7500455617906,-70.3048000314726,-70.3048000314726
1624.7600455617905,-70.30693216477071,-70.30693216477071
1624.7700455617905,-70.30906878301516,-70.30906878301516
1624.7800455617905,-70.31120991340337,-70.31120991340337
1624.7900455617905,-70.31335562325616,-70.31335562325616
1624.8000455617905,-70.31550600132887,-70.31550600132887
1624.8100455617905,-70.31766114665518,-70.31766114665518
1624.8200455617905,-70.31982116197376,-70.31982116197376
1624.8300455617905,-70.32198614997533,-70.32198614997533
1624.8400455617905,-70.32415621125689,-70.32415621125689
1624.8500455617905,-70.3263314432712,-70.3263314432712
1624.8600455617905,-70.32851193992516,-70.32851193992516
1624.8700455617904,-70.3306977915264,-70.3306977915264
1624.8800455617904,-70.33288908491683,-70.33288908491683
1624.8900455617904,-70.33508590371547,-70.33508590371547
1624.9000455617904,-70.33728832860444,-70.33728832860444
1624.9100455617904,-70.33949643761883,-70.33949643761883
1624.9200455617904,-70.34171030640762,-70.34171030640762
1624.9300455617904,-70.34393000852234,-70.34393000852234
1624.9400455617904,-70.34615561560709,-70.34615561560709
1624.9500455617904,-70.34838719762664,-70.34838719762664
1624.9600455617904,-70.3506248230275,-70.3506248230275
1624.9700455617904,-70.35286855888914,-70.35286855888914
1624.9800455617906,-70.35511847103712,-70.35511847103712
1624.9900455617906,-70.35737462416908,-70.35737462416908
1625.0000455617906,-70.35963708192861,-70.35963708192861
1625.0100455617905,-70.36190590696272,-70.36190590696272
1625.0200455617905,-70.36418116101768,-70.36418116101768
1625.0300455617905,-70.36646290494853,-70.36646290494853
1625.0400455617905,-70.36875119878924,-70.36875119878924
1625.0500455617905,-70.37104610174406,-70.37104610174406
1625.0600455617905,-70.37334767224128,-70.37334767224128
1625.0700455617905,-70.37565596793918,-70.37565596793918
1625.0800455617905,-70.37797104574702,-70.37797104574702
1625.0900455617905,-70.38029296181298,-70.38029296181298
1625.1000455617905,-70.3826217715604,-70.3826217715604
1625.1100455617905,-70.38495752964883,-70.38495752964883
1625.1200455617904,-70.38730029001475,-70.38730029001475
1625.1300455617904,-70.38965010583735,-70.38965010583735
1625.1400455617904,-70.39200702956146,-70.39200702956146
1625.1500455617904,-70.39437111288407,-70.39437111288407
1625.1600455617904,-70.3967424067437,-70.3967424067437
1625.1700455617904,-70.39912096131617,-70.39912096131617
1625.1800455617904,-70.4015068260256,-70.4015068260256
1625.1900455617904,-70.40390004951465,-70.40390004951465
1625.2000455856323,-70.40630068537298,-70.40630068537298
1625.2100455856323,-70.4087026306761,-70.4087026306761
1625.2200455856323,-70.41110324849947,-70.41110324849947
1625.2300455856323,-70.41350127530661,-70.41350127530661
1625.2400455856323,-70.41589608599806,-70.41589608599806
1625.2500455856323,-70.41828741105616,-70.41828741105616
1625.2600455856323,-70.42067518952807,-70.42067518952807
1625.2700455856323,-70.4230594828037,-70.4230594828037
1625.2800455856323,-70.42544042278301,-70.42544042278301
1625.2900455856322,-70.42781818064759,-70.42781818064759
1625.3000455856322,-70.43019294815103,-70.43019294815103
1625.3100455856322,-70.43256492644596,-70.43256492644596
1625.3200455856322,-70.43493431950154,-70.43493431950154
1625.3300455856324,-70.4373013303448,-70.4373013303448
1625.3400455856324,-70.43966615900091,-70.43966615900091
1625.3500455856324,-70.44202900143104,-70.44202900143104
1625.3600455856324,-70.44439004913829,-70.44439004913829
1625.3700455856324,-70.44674948909363,-70.44674948909363
1625.3800455856324,-70.44910750388541,-70.44910750388541
1625.3900455856324,-70.45146427192702,-70.45146427192702
1625.4000455856324,-70.4538199677677,-70.4538199677677
1625.4100455856324,-70.45617476235493,-70.45617476235493
1625.4200455856324,-70.45852882333203,-70.45852882333203
1625.4300455856323,-70.46088231527808,-70.46088231527808
1625.4400455856323,-70.46323539993354,-70.46323539993354
1625.4500455856323,-70.46558823640504,-70.46558823640504
1625.4600455856323,-70.46794098133195,-70.46794098133195
1625.4700455856323,-70.47029378905219,-70.47029378905219
1625.4800455856323,-70.47264681170755,-70.47264681170755
1625.4900455856323,-70.47500019935514,-70.47500019935514
1625.5000455856323,-70.47735410006575,-70.47735410006575
1625.5100455856323,-70.47970865998768,-70.47970865998768
1625.5200455856323,-70.48206402342005,-70.48206402342005
1625.5300455856323,-70.48442033285558,-70.48442033285558
1625.5400455856322,-70.48677772901499,-70.48677772901499
1625.5500455856322,-70.48913635089487,-70.48913635089487
1625.5600455856322,-70.49149633578122,-70.49149633578122
1625.5700455856322,-70.49385781928652,-70.49385781928652
1625.5800455856324,-70.49622093535062,-70.49622093535062
1625.5900455856324,-70.49858581626826,-70.49858581626826
1625.6000455856324,-70.50095259268392,-70.50095259268392
1625.6100455856324,-70.50332139361718,-70.50332139361718
1625.6200455856324,-70.5056923464619,-70.5056923464619
1625.6300455856324,-70.50806557697804,-70.50806557697804
1625.6400455856324,-70.51044120931861,-70.51044120931861
1625.6500455856324,-70.51281936601428,-70.51281936601428
1625.6600455856324,-70.51520016797438,-70.51520016797438
1625.6700455856324,-70.5175837345086,-70.5175837345086
1625.6800455856323,-70.51997018330631,-70.51997018330631
1625.6900455856323,-70.52235963044815,-70.52235963044815
1625.7000455856323,-70.52475219040319,-70.52475219040319
1625.7100455856323,-70.52714797603049,-70.52714797603049
1625.7200455856323,-70.52954709858713,-70.52954709858713
1625.7300455856323,-70.53194966772003,-70.53194966772003
1625.7400455856323,-70.53435579147683,-70.53435579147683
1625.7500455856323,-70.53676557630556,-70.53676557630556
1625.7600455856323,-70.53917912705431,-70.53917912705431
1625.7700455856323,-70.54159654697413,-70.54159654697413
1625.7800455856323,-70.54401793772642,-70.54401793772642
1625.7900455856322,-70.54644339938959,-70.54644339938959
1625.8000455856322,-70.5488730304626,-70.5488730304626
1625.8100455856322,-70.55130692786015,-70.55130692786015
1625.8200455856322,-70.55374518693915,-70.55374518693915
1625.8300455856324,-70.55618790147655,-70.55618790147655
1625.8400455856324,-70.5586351636987,-70.5586351636987
1625.8500455856324,-70.561087064275,-70.561087064275
1625.8600455856324,-70.56354369235054,-70.56354369235054
1625.8700455856324,-70.56600513551227,-70.56600513551227
1625.8800455856324,-70.56847147982667,-70.56847147982667
1625.8900455856324,-70.57094280984016,-70.57094280984016
1625.9000455856324,-70.57341920860426,-70.57341920860426
1625.9100455856324,-70.57590075764504,-70.57590075764504
1625.9200455856324,-70.57838753701564,-70.57838753701564
1625.9300455856323,-70.5808796252785,-70.5808796252785
1625.9400455856323,-70.58337709952713,-70.58337709952713
1625.9500455856323,-70.58588003540235,-70.58588003540235
1625.9600455856323,-70.58838850709287,-70.58838850709287
1625.9700455856323,-70.59090258734457,-70.59090258734457
1625.9800455856323,-70.59342234747476,-70.59342234747476
1625.9900455856323,-70.59594785739985,-70.59594785739985
1626.0000455856323,-70.59847918562068,-70.59847918562068
1626.0100455856323,-70.6010163992506,-70.6010163992506
1626.0200455856323,-70.60355956402417,-70.60355956402417
1626.0300455856323,-70.60610874431191,-70.60610874431191
1626.0400455856322,-70.60866400313252,-70.60866400313252
1626.0500456094742,-70.6112254082585,-70.6112254082585
1626.0600456094742,-70.6137930078637,-70.6137930078637
1626.0700456094742,-70.61636686704601,-70.61636686704601
1626.0800456094742,-70.61894704355109,-70.61894704355109
1626.0900456094741,-70.62153359381227,-70.62153359381227
1626.1000456094741,-70.62412657300534,-70.62412657300534
1626.1100456094741,-70.62672603503256,-70.62672603503256
1626.1200456094741,-70.62933203254556,-70.62933203254556
1626.130045609474,-70.63194461697391,-70.63194461697391
1626.140045609474,-70.63456383851256,-70.63456383851256
1626.150045609474,-70.63718974615506,-70.63718974615506
1626.160045609474,-70.63982238771055,-70.63982238771055
1626.170045609474,-70.64246180978058,-70.64246180978058
1626.1800456094743,-70.64510805783198,-70.64510805783198
1626.1900456094743,-70.64776117615412,-70.64776117615412
1626.2000456094743,-70.65042120790804,-70.65042120790804
1626.2100456094743,-70.65308203562027,-70.65308203562027
1626.2200456094743,-70.65574100209695,-70.65574100209695
1626.2300456094742,-70.65839683349003,-70.65839683349003
1626.2400456094742,-70.66104889610384,-70.66104889610384
1626.2500456094742,-70.66369691263027,-70.66369691263027
1626.2600456094742,-70.66634081470316,-70.66634081470316
1626.2700456094742,-70.66898065640791,-70.66898065640791
1626.2800456094742,-70.67161656235278,-70.67161656235278
1626.2900456094742,-70.6742486963482,-70.6742486963482
1626.3000456094742,-70.67687724269537,-70.67687724269537
1626.3100456094742,-70.67950239495605,-70.67950239495605
1626.3200456094742,-70.68212434942211,-70.68212434942211
1626.3300456094742,-70.68474330131963,-70.68474330131963
1626.3400456094741,-70.68735944276487,-70.68735944276487
1626.3500456094741,-70.68997296173632,-70.68997296173632
1626.3600456094741,-70.69258404168585,-70.69258404168585
1626.3700456094741,-70.69519286144599,-70.69519286144599
1626.380045609474,-70.69779959541366,-70.69779959541366
1626.390045609474,-70.70040441377006,-70.70040441377006
1626.400045609474,-70.7030074827911,-70.7030074827911
1626.410045609474,-70.70560896513469,-70.70560896513469
1626.420045609474,-70.70820902012304,-70.70820902012304
1626.4300456094743,-70.71080780401869,-70.71080780401869
1626.4400456094743,-70.71340547023686,-70.71340547023686
1626.4500456094743,-70.71600216958002,-70.71600216958002
1626.4600456094743,-70.71859805039249,-70.71859805039249
1626.4700456094743,-70.7211932587314,-70.7211932587314
1626.4800456094742,-70.7237879385111,-70.7237879385111
1626.4900456094742,-70.7263822315896,-70.7263822315896
1626.5000456094742,-70.72897627787391,-70.72897627787391
1626.5100456094742,-70.73157021541314,-70.73157021541314
1626.5200456094742,-70.73416418044867,-70.73416418044867
1626.5300456094742,-70.73675830748273,-70.73675830748273
1626.5400456094742,-70.73935272931656,-70.73935272931656
1626.5500456094742,-70.74194757709142,-70.74194757709142
1626.5600456094742,-70.74454298031362,-70.74454298031362
1626.5700456094742,-70.74713906689198,-70.74713906689198
1626.5800456094742,-70.74973596315672,-70.74973596315672
1626.5900456094741,-70.75233379386336,-70.75233379386336
1626.6000456094741,-70.75493268222361,-70.75493268222361
1626.6100456094741,-70.75753274990896,-70.75753274990896
1626.6200456094741,-70.76013411706316,-70.76013411706316
1626.630045609474,-70.76273690228977,-70.76273690228977
1626.640045609474,-70.76534122269419,-70.76534122269419
1626.650045609474,-70.76794719386041,-70.76794719386041
1626.660045609474,-70.77055492986541,-70.77055492986541
1626.670045609474,-70.77316454326977,-70.77316454326977
1626.6800456094743,-70.77577614514995,-70.77577614514995
1626.6900456094743,-70.77838984507362,-70.77838984507362
1626.7000456094743,-70.7810057511043,-70.7810057511043
1626.7100456094743,-70.78362396982547,-70.78362396982547
1626.7200456094743,-70.78624460631107,-70.78624460631107
1626.7300456094742,-70.78886776416603,-70.78886776416603
1626.7400456094742,-70.79149354548255,-70.79149354548255
1626.7500456094742,-70.79412205090064,-70.79412205090064
1626.7600456094742,-70.79675337956014,-70.79675337956014
1626.7700456094742,-70.79938762912879,-70.79938762912879
1626.7800456094742,-70.802024895808,-70.802024895808
1626.7900456094742,-70.80466527433411,-70.80466527433411
1626.8000456094742,-70.8073088579707,-70.8073088579707
1626.8100456094742,-70.8099557385299,-70.8099557385299
1626.8200456094742,-70.81260600638205,-70.81260600638205
1626.8300456094742,-70.81525975043573,-70.81525975043573
1626.8400456094741,-70.81791705817118,-70.81791705817118
1626.8500456094741,-70.82057801564204,-70.82057801564204
1626.8600456094741,-70.82324270745258,-70.82324270745258
1626.8700456094741,-70.82591121681587,-70.82591121681587
1626.880045609474,-70.82858362552446,-70.82858362552446
1626.890045609474,-70.83126001397567,-70.83126001397567
1626.900045633316,-70.83394046754356,-70.83394046754356
1626.910045633316,-70.83662505109983,-70.83662505109983
1626.920045633316,-70.83931384723779,-70.83931384723779
1626.930045633316,-70.84200693084074,-70.84200693084074
1626.940045633316,-70.84470437541835,-70.84470437541835
1626.950045633316,-70.84740625314252,-70.84740625314252
1626.960045633316,-70.85011263484223,-70.85011263484223
1626.970045633316,-70.85282359002754,-70.85282359002754
1626.980045633316,-70.85553918687812,-70.85553918687812
1626.990045633316,-70.85825949228762,-70.85825949228762
1627.000045633316,-70.86098457183836,-70.86098457183836
1627.010045633316,-70.86371448983967,-70.86371448983967
1627.020045633316,-70.86644930931689,-70.86644930931689
1627.0300456333161,-70.86918909204759,-70.86918909204759
1627.0400456333161,-70.8719338985573,-70.8719338985573
1627.0500456333161,-70.87468378812416,-70.87468378812416
1627.0600456333161,-70.87743881880897,-70.87743881880897
1627.070045633316,-70.88019904745381,-70.88019904745381
1627.080045633316,-70.88296452970076,-70.88296452970076
1627.090045633316,-70.88573532000211,-70.88573532000211
1627.100045633316,-70.88851147163011,-70.88851147163011
1627.110045633316,-70.89129303668945,-70.89129303668945
1627.120045633316,-70.89408006613525,-70.89408006613525
1627.130045633316,-70.8968726097826,-70.8968726097826
1627.140045633316,-70.89967071630424,-70.89967071630424
1627.150045633316,-70.90247443327003,-70.90247443327003
1627.160045633316,-70.90528380714414,-70.90528380714414
1627.170045633316,-70.9080988832919,-70.9080988832919
1627.180045633316,-70.91091970600061,-70.91091970600061
1627.190045633316,-70.91374631849445,-70.91374631849445
1627.200045633316,-70.91657876293495,-70.91657876293495
1627.210045633316,-70.91941708044547,-70.91941708044547
1627.220045633316,-70.92226131112413,-70.92226131112413
1627.230045633316,-70.9251114940371,-70.9251114940371
1627.240045633316,-70.92796766726629,-70.92796766726629
1627.250045633316,-70.93082986787245,-70.93082986787245
1627.260045633316,-70.93369813195959,-70.93369813195959
1627.270045633316,-70.93657249464798,-70.93657249464798
1627.2800456333161,-70.93945299010511,-70.93945299010511
1627.2900456333161,-70.94233965155944,-70.94233965155944
1627.3000456333161,-70.94523251129641,-70.94523251129641
1627.3100456333161,-70.94813160068685,-70.94813160068685
1627.320045633316,-70.95103695019634,-70.95103695019634
1627.330045633316,-70.95394858938427,-70.95394858938427
1627.340045633316,-70.95686654692445,-70.95686654692445
1627.350045633316,-70.95979085062571,-70.95979085062571
1627.360045633316,-70.96272152743056,-70.96272152743056
1627.370045633316,-70.96565860343016,-70.96565860343016
1627.380045633316,-70.96860210387605,-70.96860210387605
1627.390045633316,-70.97155205319714,-70.97155205319714
1627.400045633316,-70.97450847499385,-70.97450847499385
1627.410045633316,-70.97747139206929,-70.97747139206929
1627.420045633316,-70.98044082643898,-70.98044082643898
1627.430045633316,-70.98341679932265,-70.98341679932265
1627.440045633316,-70.98639933118253,-70.98639933118253
1627.450045633316,-70.98938844170468,-70.98938844170468
1627.460045633316,-70.99237796032408,-70.99237796032408
1627.470045633316,-70.9953651937067,-70.9953651937067
1627.480045633316,-70.99834883873386,-70.99834883873386
1627.490045633316,-71.0013282357332,-71.0013282357332
1627.500045633316,-71.00430308338191,-71.00430308338191
1627.510045633316,-71.00727329059417,-71.00727329059417
1627.520045633316,-71.01023888963063,-71.01023888963063
1627.5300456333161,-71.013199983955,-71.013199983955
1627.5400456333161,-71.01615671680304,-71.01615671680304
1627.5500456333161,-71.01910925234105,-71.01910925234105
1627.5600456333161,-71.02205776443792,-71.02205776443792
1627.570045633316,-71.0250024300826,-71.0250024300826
1627.580045633316,-71.0279434255671,-71.0279434255671
1627.590045633316,-71.03088092444784,-71.03088092444784
1627.600045633316,-71.0338150964969,-71.0338150964969
1627.610045633316,-71.03674610728089,-71.03674610728089
1627.620045633316,-71.03967411812107,-71.03967411812107
1627.630045633316,-71.04259928621491,-71.04259928621491
1627.640045633316,-71.04552176490786,-71.04552176490786
1627.650045633316,-71.04844170395171,-71.04844170395171
1627.660045633316,-71.05135924979857,-71.05135924979857
1627.670045633316,-71.05427454590841,-71.05427454590841
1627.680045633316,-71.05718773298494,-71.05718773298494
1627.690045633316,-71.0600989492037,-71.0600989492037
1627.700045633316,-71.06300833042789,-71.06300833042789
1627.710045633316,-71.06591601038944,-71.06591601038944
1627.720045633316,-71.06882212081774,-71.06882212081774
1627.730045633316,-71.07172679160948,-71.07172679160948
1627.740045633316,-71.07463015088648,-71.07463015088648
1627.750045657158,-71.07753233204065,-71.07753233204065
1627.760045657158,-71.08043344614408,-71.08043344614408
1627.7700456571579,-71.08333362347926,-71.08333362347926
1627.7800456571579,-71.08623298596365,-71.08623298596365
1627.7900456571579,-71.08913165407706,-71.08913165407706
1627.8000456571579,-71.09202974692124,-71.09202974692124
1627.8100456571578,-71.0949273822352,-71.0949273822352
1627.8200456571578,-71.09782467640959,-71.09782467640959
1627.8300456571578,-71.10072174452121,-71.10072174452121
1627.8400456571578,-71.1036187003273,-71.1036187003273
1627.8500456571578,-71.1065156562979,-71.1065156562979
1627.8600456571578,-71.10941272360715,-71.10941272360715
1627.8700456571578,-71.11231001214271,-71.11231001214271
1627.880045657158,-71.11520763050419,-71.11520763050419
1627.890045657158,-71.11810568601682,-71.11810568601682
1627.900045657158,-71.12100428472262,-71.12100428472262
1627.910045657158,-71.12390353138873,-71.12390353138873
1627.920045657158,-71.12680352950392,-71.12680352950392
1627.930045657158,-71.12970438127375,-71.12970438127375
1627.940045657158,-71.1326061876202,-71.1326061876202
1627.950045657158,-71.13550904819749,-71.13550904819749
1627.960045657158,-71.13841306136877,-71.13841306136877
1627.970045657158,-71.14131832421783,-71.14131832421783
1627.980045657158,-71.14422493253937,-71.14422493253937
1627.990045657158,-71.14713298085546,-71.14713298085546
1628.000045657158,-71.15004256240336,-71.15004256240336
1628.010045657158,-71.15295376913258,-71.15295376913258
1628.0200456571579,-71.15586669171863,-71.15586669171863
1628.0300456571579,-71.15878141954305,-71.15878141954305
1628.0400456571579,-71.1616980407214,-71.1616980407214
1628.0500456571579,-71.1646166420954,-71.1646166420954
1628.0600456571578,-71.16753730921887,-71.16753730921887
1628.0700456571578,-71.17046012637766,-71.17046012637766
1628.0800456571578,-71.173385176589,-71.173385176589
1628.0900456571578,-71.17631254160833,-71.17631254160833
1628.1000456571578,-71.17924230192578,-71.17924230192578
1628.1100456571578,-71.18217453677684,-71.18217453677684
1628.1200456571578,-71.1851093241376,-71.1851093241376
1628.130045657158,-71.18804674074235,-71.18804674074235
1628.140045657158,-71.19098686208515,-71.19098686208515
1628.150045657158,-71.19392976241423,-71.19392976241423
1628.160045657158,-71.19687551476548,-71.19687551476548
1628.170045657158,-71.1998241909306,-71.1998241909306
1628.180045657158,-71.20277586149585,-71.20277586149585
1628.190045657158,-71.20573059583336,-71.20573059583336
1628.200045657158,-71.20868846210931,-71.20868846210931
1628.210045657158,-71.2116433188058,-71.2116433188058
1628.220045657158,-71.21459251194908,-71.21459251194908
1628.230045657158,-71.21753478155333,-71.21753478155333
1628.240045657158,-71.22046951256063,-71.22046951256063
1628.250045657158,-71.22339644884738,-71.22339644884738
1628.260045657158,-71.22631554468148,-71.22631554468148
1628.2700456571579,-71.22922687761542,-71.22922687761542
1628.2800456571579,-71.23213059613991,-71.23213059613991
1628.2900456571579,-71.23502688820417,-71.23502688820417
1628.3000456571579,-71.23791596231311,-71.23791596231311
1628.3100456571578,-71.24079803627183,-71.24079803627183
1628.3200456571578,-71.24367333057177,-71.24367333057177
1628.3300456571578,-71.24654206458575,-71.24654206458575
1628.3400456571578,-71.24940445449725,-71.24940445449725
1628.3500456571578,-71.25226071225869,-71.25226071225869
1628.3600456571578,-71.25511104518777,-71.25511104518777
1628.3700456571578,-71.2579556558883,-71.2579556558883
1628.380045657158,-71.26079474241234,-71.26079474241234
1628.390045657158,-71.26362849850061,-71.26362849850061
1628.400045657158,-71.266457113851,-71.266457113851
1628.410045657158,-71.26928077444103,-71.26928077444103
1628.420045657158,-71.27209966278096,-71.27209966278096
1628.430045657158,-71.27491395820661,-71.27491395820661
1628.440045657158,-71.2777238370862,-71.2777238370862
1628.450045657158,-71.2805294730272,-71.2805294730272
1628.460045657158,-71.28333103707728,-71.28333103707728
1628.470045657158,-71.28612869786265,-71.28612869786265
1628.480045657158,-71.28892262171023,-71.28892262171023
1628.490045657158,-71.29171297277172,-71.29171297277172
1628.500045657158,-71.29449991312225,-71.29449991312225
1628.510045657158,-71.29728360283428,-71.29728360283428
1628.5200456571579,-71.30006420002964,-71.30006420002964
1628.5300456571579,-71.30284186095052,-71.30284186095052
1628.5400456571579,-71.30561674000961,-71.30561674000961
1628.5500456571579,-71.30838898980598,-71.30838898980598
1628.5600456571578,-71.31115876116789,-71.31115876116789
1628.5700456571578,-71.31392620318583,-71.31392620318583
1628.5800456571578,-71.3166914632117,-71.3166914632117
1628.5900456571578,-71.3194546869038,-71.3194546869038
1628.6000456809998,-71.32221602478391,-71.32221602478391
1628.6100456809997,-71.32497560596833,-71.32497560596833
1628.6200456809997,-71.32773357762677,-71.32773357762677
1628.6300456809997,-71.3304900786776,-71.3304900786776
1628.6400456809997,-71.33324524636838,-71.33324524636838
1628.6500456809997,-71.33599921630706,-71.33599921630706
1628.6600456809997,-71.33875212242667,-71.33875212242667
1628.6700456809997,-71.34150409702107,-71.34150409702107
1628.6800456809997,-71.34425527072379,-71.34425527072379
1628.6900456809997,-71.34700577252433,-71.34700577252433
1628.7000456809997,-71.34975572976906,-71.34975572976906
1628.7100456809997,-71.35250526816874,-71.35250526816874
1628.7200456809996,-71.3552545117941,-71.3552545117941
1628.7300456809999,-71.35800358307945,-71.35800358307945
1628.7400456809999,-71.3607526028291,-71.3607526028291
1628.7500456809998,-71.36350169021313,-71.36350169021313
1628.7600456809998,-71.36625096278323,-71.36625096278323
1628.7700456809998,-71.36900053647892,-71.36900053647892
1628.7800456809998,-71.37175052561165,-71.37175052561165
1628.7900456809998,-71.37450104289078,-71.37450104289078
1628.8000456809998,-71.3772521994252,-71.3772521994252
1628.8100456809998,-71.38000410471672,-71.38000410471672
1628.8200456809998,-71.38275686667735,-71.38275686667735
1628.8300456809998,-71.3855105916379,-71.3855105916379
1628.8400456809998,-71.38826538435788,-71.38826538435788
1628.8500456809998,-71.39102134800409,-71.39102134800409
1628.8600456809997,-71.3937785842034,-71.3937785842034
1628.8700456809997,-71.39653719301869,-71.39653719301869
1628.8800456809997,-71.39929727296646,-71.39929727296646
1628.8900456809997,-71.40205892103005,-71.40205892103005
1628.9000456809997,-71.40482223265444,-71.40482223265444
1628.9100456809997,-71.40758730178158,-71.40758730178158
1628.9200456809997,-71.41035422083702,-71.41035422083702
1628.9300456809997,-71.41312308075256,-71.41312308075256
1628.9400456809997,-71.41589397096195,-71.41589397096195
1628.9500456809997,-71.41866697943159,-71.41866697943159
1628.9600456809997,-71.4214359663364,-71.4214359663364
1628.9700456809996,-71.4241982895304,-71.4241982895304
1628.9800456809999,-71.42695270468533,-71.42695270468533
1628.9900456809999,-71.4296986139561,-71.4296986139561
1629.0000456809998,-71.43243577919435,-71.43243577919435
1629.0100456809998,-71.43516417295882,-71.43516417295882
1629.0200456809998,-71.43788389117424,-71.43788389117424
1629.0300456809998,-71.44059510065289,-71.44059510065289
1629.0400456809998,-71.443298007491,-71.443298007491
1629.0500456809998,-71.44599283816898,-71.44599283816898
1629.0600456809998,-71.44867982823357,-71.44867982823357
1629.0700456809998,-71.45135921567002,-71.45135921567002
1629.0800456809998,-71.45403123711401,-71.45403123711401
1629.0900456809998,-71.45669612575152,-71.45669612575152
1629.1000456809998,-71.45935411030848,-71.45935411030848
1629.1100456809997,-71.4620054146152,-71.4620054146152
1629.1200456809997,-71.46465025755286,-71.46465025755286
1629.1300456809997,-71.46728885322888,-71.46728885322888
1629.1400456809997,-71.46992141118534,-71.46992141118534
1629.1500456809997,-71.47254813670865,-71.47254813670865
1629.1600456809997,-71.47516923112758,-71.47516923112758
1629.1700456809997,-71.47778489209787,-71.47778489209787
1629.1800456809997,-71.48039531386038,-71.48039531386038
1629.1900456809997,-71.48300068749018,-71.48300068749018
1629.2000456809997,-71.48560120109843,-71.48560120109843
1629.2100456809997,-71.48819080836175,-71.48819080836175
1629.2200456809996,-71.49076696288101,-71.49076696288101
1629.2300456809999,-71.4933285163269,-71.4933285163269
1629.2400456809999,-71.49587496652279,-71.49587496652279
1629.2500456809998,-71.49840617047806,-71.49840617047806
1629.2600456809998,-71.50092219531417,-71.50092219531417
1629.2700456809998,-71.50342323089917,-71.50342323089917
1629.2800456809998,-71.50590953737388,-71.50590953737388
1629.2900456809998,-71.50838141357202,-71.50838141357202
1629.3000456809998,-71.5108391780819,-71.5108391780819
1629.3100456809998,-71.51328315799609,-71.51328315799609
1629.3200456809998,-71.5157136822559,-71.5157136822559
1629.3300456809998,-71.51813107785624,-71.51813107785624
1629.3400456809998,-71.52053566779433,-71.52053566779433
1629.3500456809998,-71.52292777002212,-71.52292777002212
1629.3600456809997,-71.52530769701622,-71.52530769701622
1629.3700456809997,-71.52767575573796,-71.52767575573796
1629.3800456809997,-71.53003224777336,-71.53003224777336
1629.3900456809997,-71.53237746957112,-71.53237746957112
1629.4000456809997,-71.53471171271796,-71.53471171271796
1629.4100456809997,-71.53703526423638,-71.53703526423638
1629.4200456809997,-71.53934840687218,-71.53934840687218
1629.4300456809997,-71.54165141933518,-71.54165141933518
1629.4400456809997,-71.54394457653112,-71.54394457653112
1629.4500457048416,-71.54622815519657,-71.54622815519657
1629.4600457048416,-71.54849617635189,-71.54849617635189
1629.4700457048416,-71.55074617980563,-71.55074617980563
1629.4800457048416,-71.55297709844574,-71.55297709844574
1629.4900457048416,-71.55518851117034,-71.55518851117034
1629.5000457048416,-71.5573803556429,-71.5573803556429
1629.5100457048416,-71.55955277912234,-71.55955277912234
1629.5200457048416,-71.56170605099783,-71.56170605099783
1629.5300457048415,-71.56384051025472,-71.56384051025472
1629.5400457048415,-71.56595653388567,-71.56595653388567
1629.5500457048415,-71.56805451791597,-71.56805451791597
1629.5600457048415,-71.57013486610694,-71.57013486610694
1629.5700457048415,-71.57219798334955,-71.57219798334955
1629.5800457048417,-71.5742442718333,-71.5742442718333
1629.5900457048417,-71.57627412897135,-71.57627412897135
1629.6000457048417,-71.57828794636954,-71.57828794636954
1629.6100457048417,-71.58028610940566,-71.58028610940566
1629.6200457048417,-71.58226899716077,-71.58226899716077
1629.6300457048417,-71.5842369825646,-71.5842369825646
1629.6400457048417,-71.5861904326298,-71.5861904326298
1629.6500457048417,-71.58812970874708,-71.58812970874708
1629.6600457048417,-71.59005516696355,-71.59005516696355
1629.6700457048416,-71.59196715826,-71.59196715826
1629.6800457048416,-71.59386602881598,-71.59386602881598
1629.6900457048416,-71.59575212023648,-71.59575212023648
1629.7000457048416,-71.59762576974134,-71.59762576974134
1629.7100457048416,-71.59948731035057,-71.59948731035057
1629.7200457048416,-71.60133707103513,-71.60133707103513
1629.7300457048416,-71.60317537683417,-71.60317537683417
1629.7400457048416,-71.60500254896945,-71.60500254896945
1629.7500457048416,-71.60681890494773,-71.60681890494773
1629.7600457048416,-71.60862475861964,-71.60862475861964
1629.7700457048416,-71.6104204202388,-71.6104204202388
1629.7800457048415,-71.61220619653996,-71.61220619653996
1629.7900457048415,-71.61398239076343,-71.61398239076343
1629.8000457048415,-71.6157493027016,-71.6157493027016
1629.8100457048415,-71.61750722872554,-71.61750722872554
1629.8200457048415,-71.61925646182462,-71.61925646182462
1629.8300457048417,-71.62099729159061,-71.62099729159061
1629.8400457048417,-71.62273000429413,-71.62273000429413
1629.8500457048417,-71.62445488285206,-71.62445488285206
1629.8600457048417,-71.62617220686043,-71.62617220686043
1629.8700457048417,-71.62788225262358,-71.62788225262358
1629.8800457048417,-71.62958529312559,-71.62958529312559
1629.8900457048417,-71.63128159809244,-71.63128159809244
1629.9000457048417,-71.63297143395593,-71.63297143395593
1629.9100457048417,-71.63465506388863,-71.63465506388863
1629.9200457048416,-71.63633274782185,-71.63633274782185
1629.9300457048416,-71.63800474243325,-71.63800474243325
1629.9400457048416,-71.63967130116805,-71.63967130116805
1629.9500457048416,-71.64133267425002,-71.64133267425002
1629.9600457048416,-71.64298910870349,-71.64298910870349
1629.9700457048416,-71.64464084834677,-71.64464084834677
1629.9800457048416,-71.64628813382197,-71.64628813382197
1629.9900457048416,-71.64793120259188,-71.64793120259188
1630.0000457048416,-71.64957028896896,-71.64957028896896
1630.0100457048416,-71.6512056241236,-71.6512056241236
1630.0200457048416,-71.65283743608471,-71.65283743608471
1630.0300457048415,-71.65446594978673,-71.65446594978673
1630.0400457048415,-71.65609138706763,-71.65609138706763
1630.0500457048415,-71.65771396667938,-71.65771396667938
1630.0600457048415,-71.65933390431726,-71.65933390431726
1630.0700457048415,-71.66095141263627,-71.66095141263627
1630.0800457048417,-71.66256670126121,-71.66256670126121
1630.0900457048417,-71.6641799768326,-71.6641799768326
1630.1000457048417,-71.66579144298161,-71.66579144298161
1630.1100457048417,-71.66740130038744,-71.66740130038744
1630.1200457048417,-71.66900974680401,-71.66900974680401
1630.1300457048417,-71.67061697704277,-71.67061697704277
1630.1400457048417,-71.67222318302042,-71.67222318302042
1630.1500457048417,-71.67382855378506,-71.67382855378506
1630.1600457048417,-71.67543327552937,-71.67543327552937
1630.1700457048416,-71.67703753161555,-71.67703753161555
1630.1800457048416,-71.67864150260463,-71.67864150260463
1630.1900457048416,-71.68024536626996,-71.68024536626996
1630.2000457048416,-71.68184929761932,-71.68184929761932
1630.2100457048416,-71.6834472233303,-71.6834472233303
1630.2200457048416,-71.68503658006517,-71.68503658006517
1630.2300457048416,-71.68661620619109,-71.68661620619109
1630.2400457048416,-71.68818558759926,-71.68818558759926
1630.2500457048416,-71.68974456986389,-71.68974456986389
1630.2600457048416,-71.69129320871541,-71.69129320871541
1630.2700457048416,-71.69283168234018,-71.69283168234018
1630.2800457048415,-71.69436023872427,-71.69436023872427
1630.2900457048415,-71.69587916396755,-71.69587916396755
1630.3000457286835,-71.69738876686975,-71.69738876686975
1630.3100457286835,-71.69888935321356,-71.69888935321356
1630.3200457286835,-71.700381240795,-71.700381240795
1630.3300457286834,-71.70186474113203,-71.70186474113203
1630.3400457286834,-71.70334016105139,-71.70334016105139
1630.3500457286834,-71.70480780164505,-71.70480780164505
1630.3600457286834,-71.70626795790368,-71.70626795790368
1630.3700457286834,-71.70772091867217,-71.70772091867217
1630.3800457286834,-71.7091669668022,-71.7091669668022
1630.3900457286834,-71.71060637944844,-71.71060637944844
1630.4000457286834,-71.71203942835105,-71.71203942835105
1630.4100457286834,-71.71346638017673,-71.71346638017673
1630.4200457286834,-71.714887496816,-71.714887496816
1630.4300457286836,-71.7163030356708,-71.7163030356708
1630.4400457286836,-71.71771324989444,-71.71771324989444
1630.4500457286836,-71.71911838863787,-71.71911838863787
1630.4600457286836,-71.7205186972408,-71.7205186972408
1630.4700457286835,-71.72191441740755,-71.72191441740755
1630.4800457286835,-71.72330578734797,-71.72330578734797
1630.4900457286835,-71.72469304192663,-71.72469304192663
1630.5000457286835,-71.72607641276112,-71.72607641276112
1630.5100457286835,-71.72745612832031,-71.72745612832031
1630.5200457286835,-71.72883241400561,-71.72883241400561
1630.5300457286835,-71.73020549223224,-71.73020549223224
1630.5400457286835,-71.7315755824861,-71.7315755824861
1630.5500457286835,-71.73294290137423,-71.73294290137423
1630.5600457286835,-71.73430766266391,-71.73430766266391
1630.5700457286835,-71.73567007735028,-71.73567007735028
1630.5800457286834,-71.73703035364694,-71.73703035364694
1630.5900457286834,-71.73838869707957,-71.73838869707957
1630.6000457286834,-71.73974531044824,-71.73974531044824
1630.6100457286834,-71.74110039390439,-71.74110039390439
1630.6200457286834,-71.74245414494429,-71.74245414494429
1630.6300457286834,-71.74380675843415,-71.74380675843415
1630.6400457286834,-71.74515842664694,-71.74515842664694
1630.6500457286834,-71.74650933925189,-71.74650933925189
1630.6600457286834,-71.74785968335978,-71.74785968335978
1630.6700457286834,-71.74920964352354,-71.74920964352354
1630.6800457286836,-71.75055940176411,-71.75055940176411
1630.6900457286836,-71.75190913757262,-71.75190913757262
1630.7000457286836,-71.7532590279422,-71.7532590279422
1630.7100457286836,-71.75460924737412,-71.75460924737412
1630.7200457286835,-71.75595996788272,-71.75595996788272
1630.7300457286835,-71.75731135904066,-71.75731135904066
1630.7400457286835,-71.75866358796284,-71.75866358796284
1630.7500457286835,-71.76001681934007,-71.76001681934007
1630.7600457286835,-71.76137121544453,-71.76137121544453
1630.7700457286835,-71.76272693617008,-71.76272693617008
1630.7800457286835,-71.76408413900414,-71.76408413900414
1630.7900457286835,-71.76544297908498,-71.76544297908498
1630.8000457286835,-71.76680360919963,-71.76680360919963
1630.8100457286835,-71.76816617980046,-71.76816617980046
1630.8200457286835,-71.7695308390232,-71.7695308390232
1630.8300457286834,-71.77089773271486,-71.77089773271486
1630.8400457286834,-71.77226700444662,-71.77226700444662
1630.8500457286834,-71.7736387955172,-71.7736387955172
1630.8600457286834,-71.77501324498333,-71.77501324498333
1630.8700457286834,-71.77639048968076,-71.77639048968076
1630.8800457286834,-71.77777066424193,-71.77777066424193
1630.8900457286834,-71.77915390109956,-71.77915390109956
1630.9000457286834,-71.78054033052683,-71.78054033052683
1630.9100457286834,-71.78193008065085,-71.78193008065085
1630.9200457286834,-71.78332327745689,-71.78332327745689
1630.9300457286836,-71.78472004482923,-71.78472004482923
1630.9400457286836,-71.78612050455816,-71.78612050455816
1630.9500457286836,-71.78752477634849,-71.78752477634849
1630.9600457286836,-71.7889329778836,-71.7889329778836
1630.9700457286835,-71.79034522478624,-71.79034522478624
1630.9800457286835,-71.7917616306776,-71.7917616306776
1630.9900457286835,-71.79318230718845,-71.79318230718845
1631.0000457286835,-71.79460736398524,-71.79460736398524
1631.0100457286835,-71.79603690876732,-71.79603690876732
1631.0200457286835,-71.79747104730843,-71.79747104730843
1631.0300457286835,-71.79890988348976,-71.79890988348976
1631.0400457286835,-71.80035351927594,-71.80035351927594
1631.0500457286835,-71.80180205477386,-71.80180205477386
1631.0600457286835,-71.80325558824619,-71.80325558824619
1631.0700457286835,-71.80471421612397,-71.80471421612397
1631.0800457286834,-71.80617803302215,-71.80617803302215
1631.0900457286834,-71.80764713177122,-71.80764713177122
1631.1000457286834,-71.80912160343956,-71.80912160343956
1631.1100457286834,-71.81060153734438,-71.81060153734438
1631.1200457286834,-71.8120870210752,-71.8120870210752
1631.1300457286834,-71.81357814051495,-71.81357814051495
1631.1400457286834,-71.81507497986127,-71.81507497986127
1631.1500457525253,-71.81657762522089,-71.81657762522089
1631.1600457525253,-71.81808615033881,-71.81808615033881
1631.1700457525253,-71.81960063803398,-71.81960063803398
1631.1800457525253,-71.82112116594985,-71.82112116594985
1631.1900457525253,-71.82264781015215,-71.82264781015215
1631.2000457525253,-71.82418064512541,-71.82418064512541
1631.2100457525253,-71.8257134859012,-71.8257134859012
1631.2200457525253,-71.82724366607341,-71.82724366607341
1631.2300457525253,-71.8287699249736,-71.8287699249736
1631.2400457525252,-71.83029165193385,-71.83029165193385
1631.2500457525252,-71.83180859782384,-71.83180859782384
1631.2600457525252,-71.8333207251988,-71.8333207251988
1631.2700457525252,-71.83482812038876,-71.83482812038876
1631.2800457525254,-71.83633094076346,-71.83633094076346
1631.2900457525254,-71.83782938291537,-71.83782938291537
1631.3000457525254,-71.8393236636289,-71.8393236636289
1631.3100457525254,-71.8408140085585,-71.8408140085585
1631.3200457525254,-71.84230064554784,-71.84230064554784
1631.3300457525254,-71.84378380083002,-71.84378380083002
1631.3400457525254,-71.84526369694899,-71.84526369694899
1631.3500457525254,-71.84674055176087,-71.84674055176087
1631.3600457525254,-71.84821457799977,-71.84821457799977
1631.3700457525254,-71.84968598327372,-71.84968598327372
1631.3800457525253,-71.85115497019937,-71.85115497019937
1631.3900457525253,-71.85262173668983,-71.85262173668983
1631.4000457525253,-71.85408647624362,-71.85408647624362
1631.4100457525253,-71.8555493782825,-71.8555493782825
1631.4200457525253,-71.85701062842458,-71.85701062842458
1631.4300457525253,-71.85847040877479,-71.85847040877479
1631.4400457525253,-71.85992889817909,-71.85992889817909
1631.4500457525253,-71.86138627243174,-71.86138627243174
1631.4600457525253,-71.86284270448596,-71.86284270448596
1631.4700457525253,-71.86429836460549,-71.86429836460549
1631.4800457525253,-71.86575342050742,-71.86575342050742
1631.4900457525252,-71.86720803750173,-71.86720803750173
1631.5000457525252,-71.86866237856917,-71.86866237856917
1631.5100457525252,-71.87011660448509,-71.87011660448509
1631.5200457525252,-71.87157087385388,-71.87157087385388
1631.5300457525254,-71.87302534321027,-71.87302534321027
1631.5400457525254,-71.87448016704016,-71.87448016704016
1631.5500457525254,-71.8759354978485,-71.8759354978485
1631.5600457525254,-71.8773914861851,-71.8773914861851
1631.5700457525254,-71.87884828068259,-71.87884828068259
1631.5800457525254,-71.88030602806877,-71.88030602806877
1631.5900457525254,-71.88176487321734,-71.88176487321734
1631.6000457525254,-71.88322495915037,-71.88322495915037
1631.6100457525254,-71.88468642703498,-71.88468642703498
1631.6200457525254,-71.88614941623088,-71.88614941623088
1631.6300457525253,-71.88761406429272,-71.88761406429272
1631.6400457525253,-71.88908050696509,-71.88908050696509
1631.6500457525253,-71.89054887820356,-71.89054887820356
1631.6600457525253,-71.89201931018746,-71.89201931018746
1631.6700457525253,-71.8934919333187,-71.8934919333187
1631.6800457525253,-71.89496687623594,-71.89496687623594
1631.6900457525253,-71.8964442658046,-71.8964442658046
1631.7000457525253,-71.89792422715581,-71.89792422715581
1631.7100457525253,-71.89940061937494,-71.89940061937494
1631.7200457525253,-71.90087082364282,-71.90087082364282
1631.7300457525253,-71.90233362812246,-71.90233362812246
1631.7400457525252,-71.90378847140332,-71.90378847140332
1631.7500457525252,-71.9052351537337,-71.9052351537337
1631.7600457525252,-71.90667368700123,-71.90667368700123
1631.7700457525252,-71.90810420674784,-71.90810420674784
1631.7800457525254,-71.90952691931717,-71.90952691931717
1631.7900457525254,-71.91094207005379,-71.91094207005379
1631.8000457525254,-71.91234992420776,-71.91234992420776
1631.8100457525254,-71.91375075559898,-71.91375075559898
1631.8200457525254,-71.91514483991261,-71.91514483991261
1631.8300457525254,-71.91653245090986,-71.91653245090986
1631.8400457525254,-71.91791385832715,-71.91791385832715
1631.8500457525254,-71.9192893268415,-71.9192893268415
1631.8600457525254,-71.92065911567514,-71.92065911567514
1631.8700457525254,-71.9220234785324,-71.9220234785324
1631.8800457525253,-71.92338266377752,-71.92338266377752
1631.8900457525253,-71.92473691468886,-71.92473691468886
1631.9000457525253,-71.9260864697359,-71.9260864697359
1631.9100457525253,-71.92743156292424,-71.92743156292424
1631.9200457525253,-71.92877242406593,-71.92877242406593
1631.9300457525253,-71.93010927905426,-71.93010927905426
1631.9400457525253,-71.93144235012113,-71.93144235012113
1631.9500457525253,-71.93277185604057,-71.93277185604057
1631.9600457525253,-71.93409801233157,-71.93409801233157
1631.9700457525253,-71.93542103141131,-71.93542103141131
1631.9800457525253,-71.93674112273288,-71.93674112273288
1631.9900457525252,-71.93805849291869,-71.93805849291869
1632.0000457763672,-71.93937334898152,-71.93937334898152
1632.0100457763672,-71.94068588588668,-71.94068588588668
1632.0200457763672,-71.9419963054281,-71.9419963054281
1632.0300457763672,-71.94330480375325,-71.94330480375325
1632.0400457763672,-71.94461157454195,-71.94461157454195
1632.0500457763671,-71.94591680905509,-71.94591680905509
1632.0600457763671,-71.94722069618227,-71.94722069618227
1632.0700457763671,-71.94852342245687,-71.94852342245687
1632.0800457763671,-71.94982517208801,-71.94982517208801
1632.090045776367,-71.95112612698917,-71.95112612698917
1632.100045776367,-71.95242646679573,-71.95242646679573
1632.110045776367,-71.95372636887242,-71.95372636887242
1632.120045776367,-71.95502600834712,-71.95502600834712
1632.1300457763673,-71.95632555809453,-71.95632555809453
1632.1400457763673,-71.95762518879098,-71.95762518879098
1632.1500457763673,-71.95892506888346,-71.95892506888346
1632.1600457763673,-71.96022536461037,-71.96022536461037
1632.1700457763673,-71.96152624003112,-71.96152624003112
1632.1800457763673,-71.96282785701582,-71.96282785701582
1632.1900457763672,-71.9641303752568,-71.9641303752568
1632.2000457763672,-71.96543395227471,-71.96543395227471
1632.2100457763672,-71.96673874344259,-71.96673874344259
1632.2200457763672,-71.96804490196686,-71.96804490196686
1632.2300457763672,-71.9693525789314,-71.9693525789314
1632.2400457763672,-71.97066192327945,-71.97066192327945
1632.2500457763672,-71.97197308182966,-71.97197308182966
1632.2600457763672,-71.97328619929264,-71.97328619929264
1632.2700457763672,-71.97460141826718,-71.97460141826718
1632.2800457763672,-71.97591887927962,-71.97591887927962
1632.2900457763672,-71.97723872075606,-71.97723872075606
1632.3000457763671,-71.97856107905397,-71.97856107905397
1632.3100457763671,-71.97988608848156,-71.97988608848156
1632.3200457763671,-71.98121388128702,-71.98121388128702
1632.3300457763671,-71.98254458769988,-71.98254458769988
1632.340045776367,-71.98387833591329,-71.98387833591329
1632.350045776367,-71.98521525211716,-71.98521525211716
1632.360045776367,-71.98655546050223,-71.98655546050223
1632.370045776367,-71.98789908329258,-71.98789908329258
1632.3800457763673,-71.98924624071805,-71.98924624071805
1632.3900457763673,-71.99059705107138,-71.99059705107138
1632.4000457763673,-71.99195163070205,-71.99195163070205
1632.4100457763673,-71.99331009403843,-71.99331009403843
1632.4200457763673,-71.99467255358935,-71.99467255358935
1632.4300457763673,-71.9960391199834,-71.9960391199834
1632.4400457763672,-71.99740990195808,-71.99740990195808
1632.4500457763672,-71.99878500640008,-71.99878500640008
1632.4600457763672,-72.00016453834101,-72.00016453834101
1632.4700457763672,-72.00154860098321,-72.00154860098321
1632.4800457763672,-72.00293729571625,-72.00293729571625
1632.4900457763672,-72.00433072214028,-72.00433072214028
1632.5000457763672,-72.00572897807244,-72.00572897807244
1632.5100457763672,-72.00713215954677,-72.00713215954677
1632.5200457763672,-72.00854036087506,-72.00854036087506
1632.5300457763672,-72.00995367463601,-72.00995367463601
1632.5400457763672,-72.01137219168616,-72.01137219168616
1632.5500457763671,-72.0127960011902,-72.0127960011902
1632.5600457763671,-72.0142251906337,-72.0142251906337
1632.5700457763671,-72.0156598458547,-72.0156598458547
1632.5800457763671,-72.01710005103848,-72.01710005103848
1632.590045776367,-72.01854588874845,-72.01854588874845
1632.600045776367,-72.01999743993701,-72.01999743993701
1632.610045776367,-72.02145478397314,-72.02145478397314
1632.620045776367,-72.02291799864648,-72.02291799864648
1632.6300457763673,-72.0243871601956,-72.0243871601956
1632.6400457763673,-72.02586234332192,-72.02586234332192
1632.6500457763673,-72.02734362119514,-72.02734362119514
1632.6600457763673,-72.02883106551583,-72.02883106551583
1632.6700457763673,-72.0303247464642,-72.0303247464642
1632.6800457763673,-72.03182473277194,-72.03182473277194
1632.6900457763672,-72.03333109172,-72.03333109172
1632.7000457763672,-72.03484388915406,-72.03484388915406
1632.7100457763672,-72.0363631895024,-72.0363631895024
1632.7200457763672,-72.03788905579447,-72.03788905579447
1632.7300457763672,-72.03942154968915,-72.03942154968915
1632.7400457763672,-72.04096073146967,-72.04096073146967
1632.7500457763672,-72.04250666008109,-72.04250666008109
1632.7600457763672,-72.04405939313177,-72.04405939313177
1632.7700457763672,-72.04561898692539,-72.04561898692539
1632.7800457763672,-72.04718549645277,-72.04718549645277
1632.7900457763672,-72.04875897545367,-72.04875897545367
1632.8000457763671,-72.05033947637511,-72.05033947637511
1632.8100457763671,-72.05192705042823,-72.05192705042823
1632.8200457763671,-72.05352174759773,-72.05352174759773
1632.8300457763671,-72.05512361664883,-72.05512361664883
1632.840045776367,-72.05673270515118,-72.05673270515118
1632.850045800209,-72.05834906333826,-72.05834906333826
1632.860045800209,-72.059972728763,-72.059972728763
1632.870045800209,-72.061603749297,-72.061603749297
1632.880045800209,-72.06324216788171,-72.06324216788171
1632.890045800209,-72.06488802632367,-72.06488802632367
1632.900045800209,-72.06654136533403,-72.06654136533403
1632.910045800209,-72.06820222452649,-72.06820222452649
1632.920045800209,-72.06987064243533,-72.06987064243533
1632.930045800209,-72.07154665653826,-72.07154665653826
1632.940045800209,-72.07323030328008,-72.07323030328008
1632.950045800209,-72.07492161805925,-72.07492161805925
1632.960045800209,-72.07662063525493,-72.07662063525493
1632.970045800209,-72.07832738824943,-72.07832738824943
1632.9800458002092,-72.08004190943745,-72.08004190943745
1632.9900458002091,-72.08176423023765,-72.08176423023765
1633.0000458002091,-72.08349438110957,-72.08349438110957
1633.0100458002091,-72.08523239157321,-72.08523239157321
1633.0200458002091,-72.0869782901952,-72.0869782901952
1633.030045800209,-72.08873210463786,-72.08873210463786
1633.040045800209,-72.09049386165249,-72.09049386165249
1633.050045800209,-72.09226358709456,-72.09226358709456
1633.060045800209,-72.09404130594322,-72.09404130594322
1633.070045800209,-72.09582704230333,-72.09582704230333
1633.080045800209,-72.09762081942961,-72.09762081942961
1633.090045800209,-72.09942265972053,-72.09942265972053
1633.100045800209,-72.10123258477567,-72.10123258477567
1633.110045800209,-72.10305061534328,-72.10305061534328
1633.120045800209,-72.10487677138363,-72.10487677138363
1633.130045800209,-72.10671107205785,-72.10671107205785
1633.140045800209,-72.10855353574024,-72.10855353574024
1633.150045800209,-72.11040418003901,-72.11040418003901
1633.160045800209,-72.11226302179861,-72.11226302179861
1633.170045800209,-72.11413007712085,-72.11413007712085
1633.180045800209,-72.116005361376,-72.116005361376
1633.190045800209,-72.11788888919864,-72.11788888919864
1633.200045800209,-72.11978067450937,-72.11978067450937
1633.210045800209,-72.1216807305299,-72.1216807305299
1633.220045800209,-72.12358906978452,-72.12358906978452
1633.2300458002092,-72.12550570412236,-72.12550570412236
1633.2400458002091,-72.12743064471522,-72.12743064471522
1633.2500458002091,-72.129363902069,-72.129363902069
1633.2600458002091,-72.131305486048,-72.131305486048
1633.2700458002091,-72.1332554058632,-72.1332554058632
1633.280045800209,-72.13521367009952,-72.13521367009952
1633.290045800209,-72.13718028672731,-72.13718028672731
1633.300045800209,-72.13915526309435,-72.13915526309435
1633.310045800209,-72.14113860595097,-72.14113860595097
1633.320045800209,-72.1431303214509,-72.1431303214509
1633.330045800209,-72.14513041517141,-72.14513041517141
1633.340045800209,-72.14713889210249,-72.14713889210249
1633.350045800209,-72.14915575667536,-72.14915575667536
1633.360045800209,-72.15118101276563,-72.15118101276563
1633.370045800209,-72.15321466370231,-72.15321466370231
1633.380045800209,-72.15525671227245,-72.15525671227245
1633.390045800209,-72.15730716072714,-72.15730716072714
1633.400045800209,-72.15936601080377,-72.15936601080377
1633.410045800209,-72.16143326372593,-72.16143326372593
1633.420045800209,-72.16350892019514,-72.16350892019514
1633.430045800209,-72.16559298044211,-72.16559298044211
1633.440045800209,-72.16768544418515,-72.16768544418515
1633.450045800209,-72.1697863106754,-72.1697863106754
1633.460045800209,-72.17188928794013,-72.17188928794013
1633.470045800209,-72.17399162070352,-72.17399162070352
1633.4800458002092,-72.17609196732546,-72.17609196732546
1633.4900458002091,-72.17818964035877,-72.17818964035877
1633.5000458002091,-72.1802843166977,-72.1802843166977
1633.5100458002091,-72.18237588697741,-72.18237588697741
1633.5200458002091,-72.18446436731627,-72.18446436731627
1633.530045800209,-72.18654984624308,-72.18654984624308
1633.540045800209,-72.18863245279773,-72.18863245279773
1633.550045800209,-72.19071233736399,-72.19071233736399
1633.560045800209,-72.1927896603065,-72.1927896603065
1633.570045800209,-72.19486458522044,-72.19486458522044
1633.580045800209,-72.19693727513413,-72.19693727513413
1633.590045800209,-72.19900789038763,-72.19900789038763
1633.600045800209,-72.20107658760628,-72.20107658760628
1633.610045800209,-72.20314351928018,-72.20314351928018
1633.620045800209,-72.2052088337013,-72.2052088337013
1633.630045800209,-72.20727267513318,-72.20727267513318
1633.640045800209,-72.20933518404803,-72.20933518404803
1633.650045800209,-72.21139649741494,-72.21139649741494
1633.660045800209,-72.21345674903094,-72.21345674903094
1633.670045800209,-72.2155160697724,-72.2155160697724
1633.680045800209,-72.21757458788888,-72.21757458788888
1633.690045800209,-72.2196324292187,-72.2196324292187
1633.700045824051,-72.22164799867885,-72.22164799867885
1633.710045824051,-72.22359794302093,-72.22359794302093
1633.7200458240509,-72.22547025482271,-72.22547025482271
1633.7300458240509,-72.2272584071785,-72.2272584071785
1633.7400458240509,-72.22895900704953,-72.22895900704953
1633.7500458240509,-72.23057050854626,-72.23057050854626
1633.7600458240508,-72.23209244011433,-72.23209244011433
1633.7700458240508,-72.23352494446308,-72.23352494446308
1633.7800458240508,-72.23486850979523,-72.23486850979523
1633.7900458240508,-72.2361238153239,-72.2361238153239
1633.8000458240508,-72.23729164378372,-72.23729164378372
1633.8100458240508,-72.23837283283022,-72.23837283283022
1633.8200458240508,-72.23936824882216,-72.23936824882216
1633.830045824051,-72.24027877329947,-72.24027877329947
1633.840045824051,-72.24110529651485,-72.24110529651485
1633.850045824051,-72.24184871476876,-72.24184871476876
1633.860045824051,-72.2425099297241,-72.2425099297241
1633.870045824051,-72.24308984855989,-72.24308984855989
1633.880045824051,-72.24358938449184,-72.24358938449184
1633.890045824051,-72.24400945726458,-72.24400945726458
1633.900045824051,-72.2443509935604,-72.2443509935604
1633.910045824051,-72.24461492720854,-72.24461492720854
1633.920045824051,-72.24480219922545,-72.24480219922545
1633.930045824051,-72.2449137576681,-72.2449137576681
1633.940045824051,-72.24495055736021,-72.24495055736021
1633.950045824051,-72.24491355951977,-72.24491355951977
1633.960045824051,-72.24480373124996,-72.24480373124996
1633.9700458240509,-72.24462204501663,-72.24462204501663
1633.9800458240509,-72.24436947804578,-72.24436947804578
1633.9900458240509,-72.24404701174576,-72.24404701174576
1634.0000458240509,-72.24365563105052,-72.24365563105052
1634.0100458240508,-72.24319632377875,-72.24319632377875
1634.0200458240508,-72.24267008004472,-72.24267008004472
1634.0300458240508,-72.24207789162459,-72.24207789162459
1634.0400458240508,-72.24142075134867,-72.24142075134867
1634.0500458240508,-72.24069965253541,-72.24069965253541
1634.0600458240508,-72.23991558843002,-72.23991558843002
1634.0700458240508,-72.23906955165765,-72.23906955165765
1634.080045824051,-72.23816253372532,-72.23816253372532
1634.090045824051,-72.2371955244981,-72.2371955244981
1634.100045824051,-72.23616951177902,-72.23616951177902
1634.110045824051,-72.23508548081433,-72.23508548081433
1634.120045824051,-72.23394441390018,-72.23394441390018
1634.130045824051,-72.23274728998965,-72.23274728998965
1634.140045824051,-72.2314950843062,-72.2314950843062
1634.150045824051,-72.23018876796995,-72.23018876796995
1634.160045824051,-72.22882930769818,-72.22882930769818
1634.170045824051,-72.22741766545802,-72.22741766545802
1634.180045824051,-72.22595479818318,-72.22595479818318
1634.190045824051,-72.22444165750183,-72.22444165750183
1634.200045824051,-72.22287918945698,-72.22287918945698
1634.210045824051,-72.2212683342777,-72.2212683342777
1634.2200458240509,-72.21961002615126,-72.21961002615126
1634.2300458240509,-72.21790519299185,-72.21790519299185
1634.2400458240509,-72.21615475625521,-72.21615475625521
1634.2500458240509,-72.21435963075865,-72.21435963075865
1634.2600458240508,-72.2125207245023,-72.2125207245023
1634.2700458240508,-72.21063893850598,-72.21063893850598
1634.2800458240508,-72.20871516665774,-72.20871516665774
1634.2900458240508,-72.2067502956084,-72.2067502956084
1634.3000458240508,-72.20474520459788,-72.20474520459788
1634.3100458240508,-72.20270076538995,-72.20270076538995
1634.3200458240508,-72.20061784214553,-72.20061784214553
1634.330045824051,-72.1984972913087,-72.1984972913087
1634.340045824051,-72.19633996156003,-72.19633996156003
1634.350045824051,-72.1941466937148,-72.1941466937148
1634.360045824051,-72.19191832065235,-72.19191832065235
1634.370045824051,-72.18965566726321,-72.18965566726321
1634.380045824051,-72.18735955040472,-72.18735955040472
1634.390045824051,-72.1850307788313,-72.1850307788313
1634.400045824051,-72.18267015316513,-72.18267015316513
1634.410045824051,-72.18027846586149,-72.18027846586149
1634.420045824051,-72.17785650118162,-72.17785650118162
1634.430045824051,-72.17540503517122,-72.17540503517122
1634.440045824051,-72.17292483563939,-72.17292483563939
1634.450045824051,-72.17041666215485,-72.17041666215485
1634.460045824051,-72.16788126602253,-72.16788126602253
1634.4700458240509,-72.16531939029682,-72.16531939029682
1634.4800458240509,-72.16273176979222,-72.16273176979222
1634.4900458240509,-72.16011913104032,-72.16011913104032
1634.5000458240509,-72.15748219236153,-72.15748219236153
1634.5100458240508,-72.15482166385175,-72.15482166385175
1634.5200458240508,-72.15213824738373,-72.15213824738373
1634.5300458240508,-72.14943263665758,-72.14943263665758
1634.5400458240508,-72.14670551720452,-72.14670551720452
1634.5500458478928,-72.14395755986843,-72.14395755986843
1634.5600458478928,-72.14118944696419,-72.14118944696419
1634.5700458478927,-72.13840183324376,-72.13840183324376
1634.5800458478927,-72.13559537185877,-72.13559537185877
1634.5900458478927,-72.132770707984,-72.132770707984
1634.6000458478927,-72.12992847880629,-72.12992847880629
1634.6100458478927,-72.12706931360948,-72.12706931360948
1634.6200458478927,-72.12419383378335,-72.12419383378335
1634.6300458478927,-72.12130265288646,-72.12130265288646
1634.6400458478927,-72.1183963766864,-72.1183963766864
1634.6500458478927,-72.11547560320594,-72.11547560320594
1634.6600458478927,-72.11254092277034,-72.11254092277034
1634.6700458478927,-72.10959291807765,-72.10959291807765
1634.6800458478929,-72.10663216421761,-72.10663216421761
1634.6900458478929,-72.10365922876377,-72.10365922876377
1634.7000458478929,-72.1006746717898,-72.1006746717898
1634.7100458478928,-72.09767904595903,-72.09767904595903
1634.7200458478928,-72.09467289654651,-72.09467289654651
1634.7300458478928,-72.09165676153475,-72.09165676153475
1634.7400458478928,-72.08863117163311,-72.08863117163311
1634.7500458478928,-72.08559665036799,-72.08559665036799
1634.7600458478928,-72.0825537141266,-72.0825537141266
1634.7700458478928,-72.07950287221459,-72.07950287221459
1634.7800458478928,-72.07644462693763,-72.07644462693763
1634.7900458478928,-72.07337947362802,-72.07337947362802
1634.8000458478928,-72.07030790072918,-72.07030790072918
1634.8100458478928,-72.06723038986866,-72.06723038986866
1634.8200458478927,-72.06414741589586,-72.06414741589586
1634.8300458478927,-72.06105944695564,-72.06105944695564
1634.8400458478927,-72.05796694454125,-72.05796694454125
1634.8500458478927,-72.05487036357579,-72.05487036357579
1634.8600458478927,-72.05177015246602,-72.05177015246602
1634.8700458478927,-72.04866675316556,-72.04866675316556
1634.8800458478927,-72.04556060122563,-72.04556060122563
1634.8900458478927,-72.04245212588694,-72.04245212588694
1634.9000458478927,-72.03934175011557,-72.03934175011557
1634.9100458478927,-72.03622989068448,-72.03622989068448
1634.9200458478927,-72.03311695822774,-72.03311695822774
1634.9300458478929,-72.03000335729692,-72.03000335729692
1634.9400458478929,-72.02688948644864,-72.02688948644864
1634.9500458478929,-72.02377573828534,-72.02377573828534
1634.9600458478928,-72.02065623081313,-72.02065623081313
1634.9700458478928,-72.01752860701032,-72.01752860701032
1634.9800458478928,-72.01439191454058,-72.01439191454058
1634.9900458478928,-72.01124584755874,-72.01124584755874
1635.0000458478928,-72.00809045760275,-72.00809045760275
1635.0100458478928,-72.00492600356937,-72.00492600356937
1635.0200458478928,-72.00175286384822,-72.00175286384822
1635.0300458478928,-71.99857148358726,-71.99857148358726
1635.0400458478928,-71.99538234303215,-71.99538234303215
1635.0500458478928,-71.99218593853998,-71.99218593853998
1635.0600458478928,-71.988982771313,-71.988982771313
1635.0700458478927,-71.98577334082854,-71.98577334082854
1635.0800458478927,-71.98255814108413,-71.98255814108413
1635.0900458478927,-71.97933765856752,-71.97933765856752
1635.1000458478927,-71.97611237132328,-71.97611237132328
1635.1100458478927,-71.97288274855953,-71.97288274855953
1635.1200458478927,-71.96964925066473,-71.96964925066473
1635.1300458478927,-71.96641232941361,-71.96641232941361
1635.1400458478927,-71.96317242829377,-71.96317242829377
1635.1500458478927,-71.95992998280168,-71.95992998280168
1635.1600458478927,-71.95668542084763,-71.95668542084763
1635.1700458478927,-71.9534391630569,-71.9534391630569
1635.1800458478929,-71.95019162309283,-71.95019162309283
1635.1900458478929,-71.94694320794633,-71.94694320794633
1635.2000458478929,-71.94369431819588,-71.94369431819588
1635.2100458478928,-71.94044534822116,-71.94044534822116
1635.2200458478928,-71.93719668643013,-71.93719668643013
1635.2300458478928,-71.93394871541425,-71.93394871541425
1635.2400458478928,-71.93070181212542,-71.93070181212542
1635.2500458478928,-71.92745634799529,-71.92745634799529
1635.2600458478928,-71.92421268907981,-71.92421268907981
1635.2700458478928,-71.92097119615626,-71.92097119615626
1635.2800458478928,-71.91773222482075,-71.91773222482075
1635.2900458478928,-71.91449612558777,-71.91449612558777
1635.3000458478928,-71.91126324396355,-71.91126324396355
1635.3100458478928,-71.90803392050572,-71.90803392050572
1635.3200458478927,-71.9048084909162,-71.9048084909162
1635.3300458478927,-71.90158728607237,-71.90158728607237
1635.3400458478927,-71.89837063210052,-71.89837063210052
1635.3500458478927,-71.89515885042013,-71.89515885042013
1635.3600458478927,-71.89195225781249,-71.89195225781249
1635.3700458478927,-71.88875116643784,-71.88875116643784
1635.3800458478927,-71.88555588389842,-71.88555588389842
1635.3900458478927,-71.88236671328082,-71.88236671328082
1635.4000458717346,-71.87918394560432,-71.87918394560432
1635.4100458717346,-71.87600789021894,-71.87600789021894
1635.4200458717346,-71.87283882930078,-71.87283882930078
1635.4300458717346,-71.86967704825602,-71.86967704825602
1635.4400458717346,-71.86652282817528,-71.86652282817528
1635.4500458717346,-71.86337644585976,-71.86337644585976
1635.4600458717346,-71.86023817386342,-71.86023817386342
1635.4700458717346,-71.85710828053548,-71.85710828053548
1635.4800458717345,-71.85398703004417,-71.85398703004417
1635.4900458717345,-71.8508746824175,-71.8508746824175
1635.5000458717345,-71.84777149359005,-71.84777149359005
1635.5100458717345,-71.84467771541905,-71.84467771541905
1635.5200458717345,-71.84159359574768,-71.84159359574768
1635.5300458717347,-71.83851937840794,-71.83851937840794
1635.5400458717347,-71.83545530328378,-71.83545530328378
1635.5500458717347,-71.83240160632855,-71.83240160632855
1635.5600458717347,-71.82935851961926,-71.82935851961926
1635.5700458717347,-71.82632627138938,-71.82632627138938
1635.5800458717347,-71.82330508604471,-71.82330508604471
1635.5900458717347,-71.82029518421812,-71.82029518421812
1635.6000458717347,-71.81729678280674,-71.81729678280674
1635.6100458717347,-71.81431009500686,-71.81431009500686
1635.6200458717346,-71.81133533033935,-71.81133533033935
1635.6300458717346,-71.80837269469346,-71.80837269469346
1635.6400458717346,-71.80542239037447,-71.80542239037447
1635.6500458717346,-71.80248461611389,-71.80248461611389
1635.6600458717346,-71.7995595671341,-71.7995595671341
1635.6700458717346,-71.79664743517405,-71.79664743517405
1635.6800458717346,-71.79374840851267,-71.79374840851267
1635.6900458717346,-71.79086267202676,-71.79086267202676
1635.7000458717346,-71.78799040720975,-71.78799040720975
1635.7100458717346,-71.78512554457015,-71.78512554457015
1635.7200458717346,-71.78226553009776,-71.78226553009776
1635.7300458717345,-71.77940921229148,-71.77940921229148
1635.7400458717345,-71.77655608648452,-71.77655608648452
1635.7500458717345,-71.77370600666796,-71.77370600666796
1635.7600458717345,-71.77085903592834,-71.77085903592834
1635.7700458717345,-71.76801535883206,-71.76801535883206
1635.7800458717347,-71.76517522882843,-71.76517522882843
1635.7900458717347,-71.76233893663117,-71.76233893663117
1635.8000458717347,-71.75950679129357,-71.75950679129357
1635.8100458717347,-71.75667910893856,-71.75667910893856
1635.8200458717347,-71.75385620619137,-71.75385620619137
1635.8300458717347,-71.75103839639067,-71.75103839639067
1635.8400458717347,-71.7482259875675,-71.7482259875675
1635.8500458717347,-71.74541928147347,-71.74541928147347
1635.8600458717347,-71.74261857316421,-71.74261857316421
1635.8700458717346,-71.73982415102267,-71.73982415102267
1635.8800458717346,-71.7370362969092,-71.7370362969092
1635.8900458717346,-71.73425528647128,-71.73425528647128
1635.9000458717346,-71.73148138943853,-71.73148138943853
1635.9100458717346,-71.72871486998396,-71.72871486998396
1635.9200458717346,-71.72595598700629,-71.72595598700629
1635.9300458717346,-71.72320499444032,-71.72320499444032
1635.9400458717346,-71.7204621415246,-71.7204621415246
1635.9500458717346,-71.71772767301991,-71.71772767301991
1635.9600458717346,-71.71500182941692,-71.71500182941692
1635.9700458717346,-71.71228484715857,-71.71228484715857
1635.9800458717345,-71.70957695873845,-71.70957695873845
1635.9900458717345,-71.70687839287713,-71.70687839287713
1636.0000458717345,-71.70418937463381,-71.70418937463381
1636.0100458717345,-71.70151012549505,-71.70151012549505
1636.0200458717345,-71.69884086348208,-71.69884086348208
1636.0300458717347,-71.69618180323161,-71.69618180323161
1636.0400458717347,-71.69353315604397,-71.69353315604397
1636.0500458717347,-71.69089512995558,-71.69089512995558
1636.0600458717347,-71.68826792979277,-71.68826792979277
1636.0700458717347,-71.68565175722013,-71.68565175722013
1636.0800458717347,-71.68304681076924,-71.68304681076924
1636.0900458717347,-71.68045328589916,-71.68045328589916
1636.1000458717347,-71.67787137499212,-71.67787137499212
1636.1100458717347,-71.67530126742564,-71.67530126742564
1636.1200458717346,-71.67274314957929,-71.67274314957929
1636.1300458717346,-71.67019720486257,-71.67019720486257
1636.1400458717346,-71.66766361374826,-71.66766361374826
1636.1500458717346,-71.66514255378189,-71.66514255378189
1636.1600458717346,-71.66263419960958,-71.66263419960958
1636.1700458717346,-71.66013872301751,-71.66013872301751
1636.1800458717346,-71.65765629292505,-71.65765629292505
1636.1900458717346,-71.65518707541891,-71.65518707541891
1636.2000458717346,-71.652731233773,-71.652731233773
1636.2100458717346,-71.65028892847344,-71.65028892847344
1636.2200458717346,-71.64786031722574,-71.64786031722574
1636.2300458717345,-71.64544555499268,-71.64544555499268
1636.2400458717345,-71.64304479399233,-71.64304479399233
1636.2500458955765,-71.64065817805256,-71.64065817805256
1636.2600458955765,-71.63828586540028,-71.63828586540028
1636.2700458955765,-71.63592799445603,-71.63592799445603
1636.2800458955764,-71.63358470670686,-71.63358470670686
1636.2900458955764,-71.63125614101298,-71.63125614101298
1636.3000458955764,-71.62894243362746,-71.62894243362746
1636.3100458955764,-71.62664371820534,-71.62664371820534
1636.3200458955764,-71.62436012584664,-71.62436012584664
1636.3300458955764,-71.62209178508797,-71.62209178508797
1636.3400458955764,-71.6198388219467,-71.6198388219467
1636.3500458955764,-71.61760135993778,-71.61760135993778
1636.3600458955764,-71.61537952009418,-71.61537952009418
1636.3700458955764,-71.6131734209824,-71.6131734209824
1636.3800458955766,-71.61098317873765,-71.61098317873765
1636.3900458955766,-71.60880890707618,-71.60880890707618
1636.4000458955766,-71.60665071733057,-71.60665071733057
1636.4100458955766,-71.60450871845352,-71.60450871845352
1636.4200458955765,-71.60238301705085,-71.60238301705085
1636.4300458955765,-71.60027371740638,-71.60027371740638
1636.4400458955765,-71.59818092150668,-71.59818092150668
1636.4500458955765,-71.59606344533333,-71.59606344533333
1636.4600458955765,-71.5939044563687,-71.5939044563687
1636.4700458955765,-71.5916948396908,-71.5916948396908
1636.4800458955765,-71.589429503902,-71.589429503902
1636.4900458955765,-71.58710580345328,-71.58710580345328
1636.5000458955765,-71.58472255270503,-71.58472255270503
1636.5100458955765,-71.58227941120145,-71.58227941120145
1636.5200458955765,-71.57977651675034,-71.57977651675034
1636.5300458955764,-71.5772142728215,-71.5772142728215
1636.5400458955764,-71.57459322787344,-71.57459322787344
1636.5500458955764,-71.5719140081836,-71.5719140081836
1636.5600458955764,-71.56917728140314,-71.56917728140314
1636.5700458955764,-71.56638373750339,-71.56638373750339
1636.5800458955764,-71.56353407934886,-71.56353407934886
1636.5900458955764,-71.56062901852083,-71.56062901852083
1636.6000458955764,-71.55766927383904,-71.55766927383904
1636.6100458955764,-71.55465557114896,-71.55465557114896
1636.6200458955764,-71.55158864360618,-71.55158864360618
1636.6300458955766,-71.54846923210754,-71.54846923210754
1636.6400458955766,-71.54529808558645,-71.54529808558645
1636.6500458955766,-71.54207596117043,-71.54207596117043
1636.6600458955766,-71.53880362415423,-71.53880362415423
1636.6700458955765,-71.5354818477998,-71.5354818477998
1636.6800458955765,-71.53211141297943,-71.53211141297943
1636.6900458955765,-71.52869310771862,-71.52869310771862
1636.7000458955765,-71.52522772666985,-71.52522772666985
1636.7100458955765,-71.52171607050258,-71.52171607050258
1636.7200458955765,-71.51815894525414,-71.51815894525414
1636.7300458955765,-71.51455716168628,-71.51455716168628
1636.7400458955765,-71.51091153461245,-71.51091153461245
1636.7500458955765,-71.50722288224566,-71.50722288224566
1636.7600458955765,-71.5034920255359,-71.5034920255359
1636.7700458955765,-71.49971978754445,-71.49971978754445
1636.7800458955764,-71.49590699284128,-71.49590699284128
1636.7900458955764,-71.49205446691697,-71.49205446691697
1636.8000458955764,-71.48816303561259,-71.48816303561259
1636.8100458955764,-71.48423352459062,-71.48423352459062
1636.8200458955764,-71.48026675883415,-71.48026675883415
1636.8300458955764,-71.47626356215633,-71.47626356215633
1636.8400458955764,-71.47222475675757,-71.47222475675757
1636.8500458955764,-71.46815116278634,-71.46815116278634
1636.8600458955764,-71.46404359795208,-71.46404359795208
1636.8700458955764,-71.45990287712605,-71.45990287712605
1636.8800458955766,-71.45572981199619,-71.45572981199619
1636.8900458955766,-71.45152521073553,-71.45152521073553
1636.9000458955766,-71.4472898776753,-71.4472898776753
1636.9100458955766,-71.44302461302577,-71.44302461302577
1636.9200458955765,-71.43873021259877,-71.43873021259877
1636.9300458955765,-71.43440746753782,-71.43440746753782
1636.9400458955765,-71.4300571640942,-71.4300571640942
1636.9500458955765,-71.42568008340409,-71.42568008340409
1636.9600458955765,-71.42127700127583,-71.42127700127583
1636.9700458955765,-71.41684868799487,-71.41684868799487
1636.9800458955765,-71.4123959081437,-71.4123959081437
1636.9900458955765,-71.40791942045784,-71.40791942045784
1637.0000458955765,-71.4034199776436,-71.4034199776436
1637.0100458955765,-71.39889832625246,-71.39889832625246
1637.0200458955765,-71.39435520655488,-71.39435520655488
1637.0300458955764,-71.38979135240947,-71.38979135240947
1637.0400458955764,-71.38520749117023,-71.38520749117023
1637.0500458955764,-71.38060434356406,-71.38060434356406
1637.0600458955764,-71.37598262363367,-71.37598262363367
1637.0700458955764,-71.37134303862203,-71.37134303862203
1637.0800458955764,-71.36668628892468,-71.36668628892468
1637.0900458955764,-71.36201306800693,-71.36201306800693
1637.1000459194183,-71.35732405119002,-71.35732405119002
1637.1100459194183,-71.35261994022032,-71.35261994022032
1637.1200459194183,-71.34790139637995,-71.34790139637995
1637.1300459194183,-71.34316908491823,-71.34316908491823
1637.1400459194183,-71.3384236639663,-71.3384236639663
1637.1500459194183,-71.33366578446753,-71.33366578446753
1637.1600459194183,-71.32889609017474,-71.32889609017474
1637.1700459194183,-71.32411521763137,-71.32411521763137
1637.1800459194183,-71.319323796168,-71.319323796168
1637.1900459194183,-71.31452244785946,-71.31452244785946
1637.2000459194182,-71.30971178757711,-71.30971178757711
1637.2100459194182,-71.30489242294976,-71.30489242294976
1637.2200459194182,-71.3000649543686,-71.3000649543686
1637.2300459194184,-71.29522997503251,-71.29522997503251
1637.2400459194184,-71.29038807090775,-71.29038807090775
1637.2500459194184,-71.28553982078158,-71.28553982078158
1637.2600459194184,-71.28068579627038,-71.28068579627038
1637.2700459194184,-71.27582656183554,-71.27582656183554
1637.2800459194184,-71.27096267480174,-71.27096267480174
1637.2900459194184,-71.26609468540393,-71.26609468540393
1637.3000459194184,-71.26122313679926,-71.26122313679926
1637.3100459194184,-71.25634856509063,-71.25634856509063
1637.3200459194184,-71.25147149939292,-71.25147149939292
1637.3300459194184,-71.24659246181864,-71.24659246181864
1637.3400459194183,-71.24171196755543,-71.24171196755543
1637.3500459194183,-71.23683052489615,-71.23683052489615
1637.3600459194183,-71.23194863525288,-71.23194863525288
1637.3700459194183,-71.22706679322542,-71.22706679322542
1637.3800459194183,-71.22218548664442,-71.22218548664442
1637.3900459194183,-71.21730519660163,-71.21730519660163
1637.4000459194183,-71.21242639749079,-71.21242639749079
1637.4100459194183,-71.20754955708655,-71.20754955708655
1637.4200459194183,-71.20267513654993,-71.20267513654993
1637.4300459194183,-71.19780359050105,-71.19780359050105
1637.4400459194183,-71.19293536707654,-71.19293536707654
1637.4500459194182,-71.1880709079486,-71.1880709079486
1637.4600459194182,-71.1832106484058,-71.1832106484058
1637.4700459194182,-71.17835501738912,-71.17835501738912
1637.4800459194184,-71.1735044375496,-71.1735044375496
1637.4900459194184,-71.16865932530985,-71.16865932530985
1637.5000459194184,-71.16382009088952,-71.16382009088952
1637.5100459194184,-71.15898713839253,-71.15898713839253
1637.5200459194184,-71.15416086584486,-71.15416086584486
1637.5300459194184,-71.14934166523707,-71.14934166523707
1637.5400459194184,-71.14452992260946,-71.14452992260946
1637.5500459194184,-71.13972601808403,-71.13972601808403
1637.5600459194184,-71.13493032592574,-71.13493032592574
1637.5700459194184,-71.13014321459964,-71.13014321459964
1637.5800459194184,-71.12536504682936,-71.12536504682936
1637.5900459194183,-71.12059617964569,-71.12059617964569
1637.6000459194183,-71.11583696445872,-71.11583696445872
1637.6100459194183,-71.11108774708912,-71.11108774708912
1637.6200459194183,-71.10634886783481,-71.10634886783481
1637.6300459194183,-71.10162066154291,-71.10162066154291
1637.6400459194183,-71.09690345764142,-71.09690345764142
1637.6500459194183,-71.09219758021996,-71.09219758021996
1637.6600459194183,-71.08750334806105,-71.08750334806105
1637.6700459194183,-71.08282107470299,-71.08282107470299
1637.6800459194183,-71.07815106852425,-71.07815106852425
1637.6900459194183,-71.07349363274422,-71.07349363274422
1637.7000459194182,-71.06884906553059,-71.06884906553059
1637.7100459194182,-71.06421766002909,-71.06421766002909
1637.7200459194182,-71.0595997044208,-71.0595997044208
1637.7300459194184,-71.05499548197628,-71.05499548197628
1637.7400459194184,-71.05040527110808,-71.05040527110808
1637.7500459194184,-71.04582934544499,-71.04582934544499
1637.7600459194184,-71.0412679738643,-71.0412679738643
1637.7700459194184,-71.03672142055491,-71.03672142055491
1637.7800459194184,-71.03218994505951,-71.03218994505951
1637.7900459194184,-71.02767380235112,-71.02767380235112
1637.8000459194184,-71.02317324285825,-71.02317324285825
1637.8100459194184,-71.01868851253938,-71.01868851253938
1637.8200459194184,-71.01421985292407,-71.01421985292407
1637.8300459194184,-71.0097675011731,-71.0097675011731
1637.8400459194183,-71.00533169011293,-71.00533169011293
1637.8500459194183,-71.00091264830878,-71.00091264830878
1637.8600459194183,-70.99651060010181,-70.99651060010181
1637.8700459194183,-70.99212576566642,-70.99212576566642
1637.8800459194183,-70.98775836104734,-70.98775836104734
1637.8900459194183,-70.98340859823759,-70.98340859823759
1637.9000459194183,-70.97907668519092,-70.97907668519092
1637.9100459194183,-70.97476282589365,-70.97476282589365
1637.9200459194183,-70.97046722041972,-70.97046722041972
1637.9300459194183,-70.96619006495621,-70.96619006495621
1637.9400459194183,-70.96193155186951,-70.96193155186951
1637.9500459432602,-70.95769185964274,-70.95769185964274
1637.9600459432602,-70.95347119338219,-70.95347119338219
1637.9700459432602,-70.94926972409174,-70.94926972409174
1637.9800459432602,-70.94508762929642,-70.94508762929642
1637.9900459432602,-70.9409250829308,-70.9409250829308
1638.0000459432601,-70.93678225537202,-70.93678225537202
1638.0100459432601,-70.93265931349832,-70.93265931349832
1638.0200459432601,-70.92855642072763,-70.92855642072763
1638.0300459432601,-70.9244737370563,-70.9244737370563
1638.04004594326,-70.92041141910778,-70.92041141910778
1638.05004594326,-70.9163696201816,-70.9163696201816
1638.06004594326,-70.91234849029433,-70.91234849029433
1638.07004594326,-70.90834817621116,-70.90834817621116
1638.0800459432603,-70.90436882148275,-70.90436882148275
1638.0900459432603,-70.90041056652967,-70.90041056652967
1638.1000459432603,-70.89647354863202,-70.89647354863202
1638.1100459432603,-70.89255790199354,-70.89255790199354
1638.1200459432603,-70.88866375777702,-70.88866375777702
1638.1300459432603,-70.8847912441498,-70.8847912441498
1638.1400459432602,-70.88094048631393,-70.88094048631393
1638.1500459432602,-70.87711160656177,-70.87711160656177
1638.1600459432602,-70.87330472429228,-70.87330472429228
1638.1700459432602,-70.86951995606701,-70.86951995606701
1638.1800459432602,-70.86575741563932,-70.86575741563932
1638.1900459432602,-70.86201721398444,-70.86201721398444
1638.2000459432602,-70.85829945935853,-70.85829945935853
1638.2100459432602,-70.85460425732025,-70.85460425732025
1638.2200459432602,-70.85093171076032,-70.85093171076032
1638.2300459432602,-70.84728191996093,-70.84728191996093
1638.2400459432602,-70.84365498259689,-70.84365498259689
1638.2500459432601,-70.84005099379934,-70.84005099379934
1638.2600459432601,-70.83647004617893,-70.83647004617893
1638.2700459432601,-70.83291222986362,-70.83291222986362
1638.2800459432601,-70.82937763253149,-70.82937763253149
1638.29004594326,-70.82586633943623,-70.82586633943623
1638.30004594326,-70.82237843344653,-70.82237843344653
1638.31004594326,-70.81891399508207,-70.81891399508207
1638.32004594326,-70.81547310255195,-70.81547310255195
1638.3300459432603,-70.81205583175618,-70.81205583175618
1638.3400459432603,-70.80866225635928,-70.80866225635928
1638.3500459432603,-70.8052924477915,-70.8052924477915
1638.3600459432603,-70.80194647527225,-70.80194647527225
1638.3700459432603,-70.79862440589189,-70.79862440589189
1638.3800459432603,-70.79532630457554,-70.79532630457554
1638.3900459432602,-70.7920522341566,-70.7920522341566
1638.4000459432602,-70.7888022553943,-70.7888022553943
1638.4100459432602,-70.785576426989,-70.785576426989
1638.4200459432602,-70.7823748056401,-70.7823748056401
1638.4300459432602,-70.77919744605022,-70.77919744605022
1638.4400459432602,-70.77604440095496,-70.77604440095496
1638.4500459432602,-70.77291572116924,-70.77291572116924
1638.4600459432602,-70.76981145559208,-70.76981145559208
1638.4700459432602,-70.76673165124069,-70.76673165124069
1638.4800459432602,-70.76367635329196,-70.76367635329196
1638.4900459432602,-70.76064560508158,-70.76064560508158
1638.5000459432601,-70.75763944815272,-70.75763944815272
1638.5100459432601,-70.75465792226908,-70.75465792226908
1638.5200459432601,-70.75170106544705,-70.75170106544705
1638.5300459432601,-70.74876891397939,-70.74876891397939
1638.54004594326,-70.74586150245989,-70.74586150245989
1638.55004594326,-70.74297886380609,-70.74297886380609
1638.56004594326,-70.74012102928684,-70.74012102928684
1638.57004594326,-70.73728802853734,-70.73728802853734
1638.5800459432603,-70.73447988959147,-70.73447988959147
1638.5900459432603,-70.73169663890317,-70.73169663890317
1638.6000459432603,-70.72893830136634,-70.72893830136634
1638.6100459432603,-70.72620490035108,-70.72620490035108
1638.6200459432603,-70.72349645769847,-70.72349645769847
1638.6300459432603,-70.72081299377406,-70.72081299377406
1638.6400459432602,-70.71815452746722,-70.71815452746722
1638.6500459432602,-70.7155210762156,-70.7155210762156
1638.6600459432602,-70.7129126560394,-70.7129126560394
1638.6700459432602,-70.71032928155215,-70.71032928155215
1638.6800459432602,-70.70777096598871,-70.70777096598871
1638.6900459432602,-70.70523772120713,-70.70523772120713
1638.7000459432602,-70.70272955773619,-70.70272955773619
1638.7100459432602,-70.70024648476922,-70.70024648476922
1638.7200459432602,-70.6977885102068,-70.6977885102068
1638.7300459432602,-70.69535564066452,-70.69535564066452
1638.7400459432602,-70.69294788148514,-70.69294788148514
1638.7500459432601,-70.69056523677429,-70.69056523677429
1638.7600459432601,-70.68820770940688,-70.68820770940688
1638.7700459432601,-70.685875301047,-70.685875301047
1638.7800459432601,-70.68356801217988,-70.68356801217988
1638.79004594326,-70.68128584210557,-70.68128584210557
1638.800045967102,-70.6790287836062,-70.6790287836062
1638.810045967102,-70.67679684451082,-70.67679684451082
1638.820045967102,-70.67459001526652,-70.67459001526652
1638.830045967102,-70.67240829066989,-70.67240829066989
1638.840045967102,-70.67025166442374,-70.67025166442374
1638.850045967102,-70.66812012917552,-70.66812012917552
1638.860045967102,-70.66601367651693,-70.66601367651693
1638.870045967102,-70.66393229700354,-70.66393229700354
1638.880045967102,-70.66187598016465,-70.66187598016465
1638.890045967102,-70.65984471452603,-70.65984471452603
1638.900045967102,-70.65783848763354,-70.65783848763354
1638.910045967102,-70.65585728605909,-70.65585728605909
1638.920045967102,-70.65390109542071,-70.65390109542071
1638.9300459671022,-70.6519699003782,-70.6519699003782
1638.9400459671022,-70.6500636846888,-70.6500636846888
1638.9500459671021,-70.64818243117301,-70.64818243117301
1638.9600459671021,-70.64632612176698,-70.64632612176698
1638.9700459671021,-70.644494737521,-70.644494737521
1638.9800459671021,-70.64268825861421,-70.64268825861421
1638.990045967102,-70.64090666437738,-70.64090666437738
1639.000045967102,-70.63914993328784,-70.63914993328784
1639.010045967102,-70.63741804300025,-70.63741804300025
1639.020045967102,-70.63571097036075,-70.63571097036075
1639.030045967102,-70.63402869140175,-70.63402869140175
1639.040045967102,-70.63237118137403,-70.63237118137403
1639.050045967102,-70.63073841475455,-70.63073841475455
1639.060045967102,-70.62913036525455,-70.62913036525455
1639.070045967102,-70.62754700583407,-70.62754700583407
1639.080045967102,-70.62598830871715,-70.62598830871715
1639.090045967102,-70.62445424540296,-70.62445424540296
1639.100045967102,-70.62294478667316,-70.62294478667316
1639.110045967102,-70.62145990261581,-70.62145990261581
1639.120045967102,-70.61999956262127,-70.61999956262127
1639.130045967102,-70.61856373540834,-70.61856373540834
1639.140045967102,-70.61715238901863,-70.61715238901863
1639.150045967102,-70.6157654908466,-70.6157654908466
1639.160045967102,-70.61440300764477,-70.61440300764477
1639.170045967102,-70.61306490552529,-70.61306490552529
1639.1800459671022,-70.61175114997779,-70.61175114997779
1639.1900459671022,-70.61046170589042,-70.61046170589042
1639.2000459671021,-70.6091965375401,-70.6091965375401
1639.2100459671021,-70.60795560861689,-70.60795560861689
1639.2200459671021,-70.60673888223042,-70.60673888223042
1639.2300459671021,-70.60554632092123,-70.60554632092123
1639.240045967102,-70.60437788666671,-70.60437788666671
1639.250045967102,-70.60323354089515,-70.60323354089515
1639.260045967102,-70.6021132444974,-70.6021132444974
1639.270045967102,-70.60101695783258,-70.60101695783258
1639.280045967102,-70.59994464073549,-70.59994464073549
1639.290045967102,-70.59889625253747,-70.59889625253747
1639.300045967102,-70.59787175205099,-70.59787175205099
1639.310045967102,-70.59687109761273,-70.59687109761273
1639.320045967102,-70.59589424706698,-70.59589424706698
1639.330045967102,-70.59494115778887,-70.59494115778887
1639.340045967102,-70.59401178667277,-70.59401178667277
1639.350045967102,-70.59310609017776,-70.59310609017776
1639.360045967102,-70.59222402428901,-70.59222402428901
1639.370045967102,-70.59136554456796,-70.59136554456796
1639.380045967102,-70.59053060613384,-70.59053060613384
1639.390045967102,-70.58971916368901,-70.58971916368901
1639.400045967102,-70.5889311715182,-70.5889311715182
1639.410045967102,-70.58816658349863,-70.58816658349863
1639.420045967102,-70.58742535309771,-70.58742535309771
1639.4300459671022,-70.58670743340788,-70.58670743340788
1639.4400459671022,-70.58601277712319,-70.58601277712319
1639.4500459671021,-70.58534133657079,-70.58534133657079
1639.4600459671021,-70.58469306368904,-70.58469306368904
1639.4700459671021,-70.58406791007417,-70.58406791007417
1639.4800459671021,-70.58346582696603,-70.58346582696603
1639.490045967102,-70.58288676525102,-70.58288676525102
1639.500045967102,-70.5823306754721,-70.5823306754721
1639.510045967102,-70.58179750784626,-70.58179750784626
1639.520045967102,-70.58128721225405,-70.58128721225405
1639.530045967102,-70.58079973827533,-70.58079973827533
1639.540045967102,-70.58033503514946,-70.58033503514946
1639.550045967102,-70.57989305184334,-70.57989305184334
1639.560045967102,-70.57947373699058,-70.57947373699058
1639.570045967102,-70.57907703895857,-70.57907703895857
1639.580045967102,-70.57870290580004,-70.57870290580004
1639.590045967102,-70.57835128531903,-70.57835128531903
1639.600045967102,-70.57802212501576,-70.57802212501576
1639.610045967102,-70.57771537214057,-70.57771537214057
1639.620045967102,-70.57743097367815,-70.57743097367815
1639.630045967102,-70.57716887635667,-70.57716887635667
1639.640045967102,-70.57692902665295,-70.57692902665295
1639.650045990944,-70.57671137028485,-70.57671137028485
1639.660045990944,-70.57651585434665,-70.57651585434665
1639.670045990944,-70.57634242399502,-70.57634242399502
1639.6800459909439,-70.57619102477969,-70.57619102477969
1639.6900459909439,-70.57606160200665,-70.57606160200665
1639.7000459909439,-70.57595410077568,-70.57595410077568
1639.7100459909439,-70.57586231936008,-70.57586231936008
1639.7200459909438,-70.57578351299503,-70.57578351299503
1639.7300459909438,-70.5757163183089,-70.5757163183089
1639.7400459909438,-70.57566001076094,-70.57566001076094
1639.7500459909438,-70.57561422139773,-70.57561422139773
1639.7600459909438,-70.57557878987801,-70.57557878987801
1639.7700459909438,-70.57555367839774,-70.57555367839774
1639.780045990944,-70.57553891998244,-70.57553891998244
1639.790045990944,-70.57553458744557,-70.57553458744557
1639.800045990944,-70.5755407747313,-70.5755407747313
1639.810045990944,-70.57555758586196,-70.57555758586196
1639.820045990944,-70.57558512838239,-70.57558512838239
1639.830045990944,-70.57562350966214,-70.57562350966214
1639.840045990944,-70.57567283483544,-70.57567283483544
1639.850045990944,-70.5757332057965,-70.5757332057965
1639.860045990944,-70.57580472076356,-70.57580472076356
1639.870045990944,-70.57588747424823,-70.57588747424823
1639.880045990944,-70.57598155716505,-70.57598155716505
1639.890045990944,-70.5760870570723,-70.5760870570723
1639.900045990944,-70.57620405846745,-70.57620405846745
1639.910045990944,-70.57633264303259,-70.57633264303259
1639.920045990944,-70.57647288994104,-70.57647288994104
1639.9300459909439,-70.5766248760762,-70.5766248760762
1639.9400459909439,-70.57678867626909,-70.57678867626909
1639.9500459909439,-70.57687961478203,-70.57687961478203
1639.9600459909439,-70.57688522266442,-70.57688522266442
1639.9700459909438,-70.576798613189,-70.576798613189
1639.9800459909438,-70.57661608193112,-70.57661608193112
1639.9900459909438,-70.57633581924132,-70.57633581924132
1640.0000459909438,-70.57595720099391,-70.57595720099391
1640.0100459909438,-70.5754803542895,-70.5754803542895
1640.0200459909438,-70.57490588689525,-70.57490588689525
1640.030045990944,-70.57423471847494,-70.57423471847494
1640.040045990944,-70.57346797475388,-70.57346797475388
1640.050045990944,-70.57260692051534,-70.57260692051534
1640.060045990944,-70.5716529165835,-70.5716529165835
1640.070045990944,-70.57060739165203,-70.57060739165203
1640.080045990944,-70.56947182341732,-70.56947182341732
1640.090045990944,-70.56824772552795,-70.56824772552795
1640.100045990944,-70.56693663823467,-70.56693663823467
1640.110045990944,-70.5655401214587,-70.5655401214587
1640.120045990944,-70.56405974939304,-70.56405974939304
1640.130045990944,-70.56249710615995,-70.56249710615995
1640.140045990944,-70.56085378222497,-70.56085378222497
1640.150045990944,-70.55913137132684,-70.55913137132684
1640.160045990944,-70.55733146777317,-70.55733146777317
1640.170045990944,-70.55545566413953,-70.55545566413953
1640.1800459909439,-70.55350554915913,-70.55350554915913
1640.1900459909439,-70.55148270587236,-70.55148270587236
1640.2000459909439,-70.54938870995433,-70.54938870995433
1640.2100459909439,-70.54721898701405,-70.54721898701405
1640.2200459909438,-70.5449724093904,-70.5449724093904
1640.2300459909438,-70.54264921951192,-70.54264921951192
1640.2400459909438,-70.5402502863657,-70.5402502863657
1640.2500459909438,-70.53777682139318,-70.53777682139318
1640.2600459909438,-70.5352302307482,-70.5352302307482
1640.2700459909438,-70.53261202850683,-70.53261202850683
1640.280045990944,-70.52992378434674,-70.52992378434674
1640.290045990944,-70.52716709193898,-70.52716709193898
1640.300045990944,-70.52434354984081,-70.52434354984081
1640.310045990944,-70.52145474998264,-70.52145474998264
1640.320045990944,-70.51850227081489,-70.51850227081489
1640.330045990944,-70.51548767328646,-70.51548767328646
1640.340045990944,-70.51241249854934,-70.51241249854934
1640.350045990944,-70.50927826675212,-70.50927826675212
1640.360045990944,-70.50608647649146,-70.50608647649146
1640.370045990944,-70.50283860462602,-70.50283860462602
1640.380045990944,-70.4995361063399,-70.4995361063399
1640.390045990944,-70.49618041534202,-70.49618041534202
1640.400045990944,-70.4927729441243,-70.4927729441243
1640.410045990944,-70.48931508425713,-70.48931508425713
1640.420045990944,-70.48580820669898,-70.48580820669898
1640.4300459909439,-70.48225366210423,-70.48225366210423
1640.4400459909439,-70.47865278111591,-70.47865278111591
1640.4500459909439,-70.47500687465426,-70.47500687465426
1640.4600459909439,-70.47131723419729,-70.47131723419729
1640.4700459909438,-70.46758513202843,-70.46758513202843
1640.4800459909438,-70.46381182152835,-70.46381182152835
1640.4900459909438,-70.45999853737685,-70.45999853737685
1640.5000460147858,-70.45614648664109,-70.45614648664109
1640.5100460147858,-70.45225688551784,-70.45225688551784
1640.5200460147857,-70.44833090513235,-70.44833090513235
1640.5300460147857,-70.44436970766039,-70.44436970766039
1640.5400460147857,-70.44037443779959,-70.44037443779959
1640.5500460147857,-70.43634622290251,-70.43634622290251
1640.5600460147857,-70.43228617317725,-70.43228617317725
1640.5700460147857,-70.42819538191173,-70.42819538191173
1640.5800460147857,-70.42407492564519,-70.42407492564519
1640.5900460147857,-70.41992586439068,-70.41992586439068
1640.6000460147857,-70.41574924183848,-70.41574924183848
1640.6100460147857,-70.41154608554042,-70.41154608554042
1640.6200460147857,-70.40731740711247,-70.40731740711247
1640.6300460147859,-70.40306420243313,-70.40306420243313
1640.6400460147859,-70.39878745183937,-70.39878745183937
1640.6500460147859,-70.39448812030328,-70.39448812030328
1640.6600460147858,-70.3901671576516,-70.3901671576516
1640.6700460147858,-70.38582549872007,-70.38582549872007
1640.6800460147858,-70.38146406358334,-70.38146406358334
1640.6900460147858,-70.37708375772256,-70.37708375772256
1640.7000460147858,-70.3726854721948,-70.3726854721948
1640.7100460147858,-70.36826396286627,-70.36826396286627
1640.7200460147858,-70.363817420619,-70.363817420619
1640.7300460147858,-70.35934540043891,-70.35934540043891
1640.7400460147858,-70.35484808078112,-70.35484808078112
1640.7500460147858,-70.35032598126975,-70.35032598126975
1640.7600460147858,-70.34577981629087,-70.34577981629087
1640.7700460147857,-70.34121040927603,-70.34121040927603
1640.7800460147857,-70.33661864130086,-70.33661864130086
1640.7900460147857,-70.33200542023665,-70.33200542023665
1640.8000460147857,-70.32737166233403,-70.32737166233403
1640.8100460147857,-70.32271828129855,-70.32271828129855
1640.8200460147857,-70.31804618196388,-70.31804618196388
1640.8300460147857,-70.31335625673279,-70.31335625673279
1640.8400460147857,-70.30864938369157,-70.30864938369157
1640.8500460147857,-70.30392642577353,-70.30392642577353
1640.8600460147857,-70.29918823050096,-70.29918823050096
1640.8700460147857,-70.294435630087,-70.294435630087
1640.8800460147859,-70.28966944174117,-70.28966944174117
1640.8900460147859,-70.28489046805095,-70.28489046805095
1640.9000460147859,-70.28009949741427,-70.28009949741427
1640.9100460147858,-70.27529730450112,-70.27529730450112
1640.9200460147858,-70.27048465065162,-70.27048465065162
1640.9300460147858,-70.26566228427752,-70.26566228427752
1640.9400460147858,-70.26083094125558,-70.26083094125558
1640.9500460147858,-70.25599134524667,-70.25599134524667
1640.9600460147858,-70.25113809891813,-70.25113809891813
1640.9700460147858,-70.24626923696012,-70.24626923696012
1640.9800460147858,-70.24138415840787,-70.24138415840787
1640.9900460147858,-70.23648288731125,-70.23648288731125
1641.0000460147858,-70.2315657909005,-70.2315657909005
1641.0100460147858,-70.22663343343187,-70.22663343343187
1641.0200460147857,-70.22168649057082,-70.22168649057082
1641.0300460147857,-70.21672569808605,-70.21672569808605
1641.0400460147857,-70.21175182101865,-70.21175182101865
1641.0500460147857,-70.2067656352812,-70.2067656352812
1641.0600460147857,-70.20176791671133,-70.20176791671133
1641.0700460147857,-70.19675943475927,-70.19675943475927
1641.0800460147857,-70.1917409488744,-70.1917409488744
1641.0900460147857,-70.18671320662985,-70.18671320662985
1641.1000460147857,-70.18167694280964,-70.18167694280964
1641.1100460147857,-70.17663287915366,-70.17663287915366
1641.1200460147857,-70.17158172442639,-70.17158172442639
1641.1300460147859,-70.16648374844706,-70.16648374844706
1641.1400460147859,-70.16132307969494,-70.16132307969494
1641.1500460147859,-70.15609140015685,-70.15609140015685
1641.1600460147858,-70.15078432367174,-70.15078432367174
1641.1700460147858,-70.14539984990886,-70.14539984990886
1641.1800460147858,-70.13993739865542,-70.13993739865542
1641.1900460147858,-70.13439720798287,-70.13439720798287
1641.2000460147858,-70.1287799752321,-70.1287799752321
1641.2100460147858,-70.12308664911326,-70.12308664911326
1641.2200460147858,-70.11731831184005,-70.11731831184005
1641.2300460147858,-70.11147611366387,-70.11147611366387
1641.2400460147858,-70.10556123744591,-70.10556123744591
1641.2500460147858,-70.09957488022637,-70.09957488022637
1641.2600460147858,-70.0935182442122,-70.0935182442122
1641.2700460147857,-70.08739253287229,-70.08739253287229
1641.2800460147857,-70.08119894962287,-70.08119894962287
1641.2900460147857,-70.07493869777036,-70.07493869777036
1641.3000460147857,-70.06861298093655,-70.06861298093655
1641.3100460147857,-70.06222300353026,-70.06222300353026
1641.3200460147857,-70.05576997120015,-70.05576997120015
1641.3300460147857,-70.04925509102537,-70.04925509102537
1641.3400460147857,-70.04267957159196,-70.04267957159196
1641.3500460386276,-70.03604460706507,-70.03604460706507
1641.3600460386276,-70.02935143989117,-70.02935143989117
1641.3700460386276,-70.02260126634538,-70.02260126634538
1641.3800460386276,-70.01579529843488,-70.01579529843488
1641.3900460386276,-70.00893474792494,-70.00893474792494
1641.4000460386276,-70.00202082573921,-70.00202082573921
1641.4100460386276,-69.9950547413718,-69.9950547413718
1641.4200460386276,-69.98803770228207,-69.98803770228207
1641.4300460386276,-69.98097091330816,-69.98097091330816
1641.4400460386275,-69.97385557608209,-69.97385557608209
1641.4500460386275,-69.96669288844761,-69.96669288844761
1641.4600460386275,-69.95948404393799,-69.95948404393799
1641.4700460386275,-69.95223023123428,-69.95223023123428
1641.4800460386277,-69.94493263367096,-69.94493263367096
1641.4900460386277,-69.93759242876851,-69.93759242876851
1641.5000460386277,-69.93021078777907,-69.93021078777907
1641.5100460386277,-69.92278887527846,-69.92278887527846
1641.5200460386277,-69.91532784875957,-69.91532784875957
1641.5300460386277,-69.90782885826223,-69.90782885826223
1641.5400460386277,-69.90029304604914,-69.90029304604914
1641.5500460386277,-69.89272154624929,-69.89272154624929
1641.5600460386277,-69.88511548459725,-69.88511548459725
1641.5700460386277,-69.87747597813312,-69.87747597813312
1641.5800460386276,-69.86980413495938,-69.86980413495938
1641.5900460386276,-69.86210105399496,-69.86210105399496
1641.6000460386276,-69.85436782475595,-69.85436782475595
1641.6100460386276,-69.8466055271736,-69.8466055271736
1641.6200460386276,-69.83881523138785,-69.83881523138785
1641.6300460386276,-69.83099799759835,-69.83099799759835
1641.6400460386276,-69.82315487591663,-69.82315487591663
1641.6500460386276,-69.81528690621012,-69.81528690621012
1641.6600460386276,-69.80739511799952,-69.80739511799952
1641.6700460386276,-69.79948053034033,-69.79948053034033
1641.6800460386276,-69.79154415172292,-69.79154415172292
1641.6900460386275,-69.78358697998853,-69.78358697998853
1641.7000460386275,-69.77561000225793,-69.77561000225793
1641.7100460386275,-69.76760813566587,-69.76760813566587
1641.7200460386275,-69.75957970788701,-69.75957970788701
1641.7300460386277,-69.75152440168922,-69.75152440168922
1641.7400460386277,-69.74344251999547,-69.74344251999547
1641.7500460386277,-69.73533470573693,-69.73533470573693
1641.7600460386277,-69.72720179653058,-69.72720179653058
1641.7700460386277,-69.7190447395118,-69.7190447395118
1641.7800460386277,-69.71086454024459,-69.71086454024459
1641.7900460386277,-69.7026622319619,-69.7026622319619
1641.8000460386277,-69.69443885719275,-69.69443885719275
1641.8100460386277,-69.68619545679985,-69.68619545679985
1641.8200460386277,-69.67793306359988,-69.67793306359988
1641.8300460386276,-69.66965269871024,-69.66965269871024
1641.8400460386276,-69.66135536960579,-69.66135536960579
1641.8500460386276,-69.65304206916997,-69.65304206916997
1641.8600460386276,-69.64471377534343,-69.64471377534343
1641.8700460386276,-69.63637145116064,-69.63637145116064
1641.8800460386276,-69.62801604493225,-69.62801604493225
1641.8900460386276,-69.61964849057699,-69.61964849057699
1641.9000460386276,-69.61126970795311,-69.61126970795311
1641.9100460386276,-69.60288060321463,-69.60288060321463
1641.9200460386276,-69.59448206917783,-69.59448206917783
1641.9300460386276,-69.58607498563443,-69.58607498563443
1641.9400460386275,-69.57766021964748,-69.57766021964748
1641.9500460386275,-69.5692386258376,-69.5692386258376
1641.9600460386275,-69.56081104662236,-69.56081104662236
1641.9700460386275,-69.55237831245317,-69.55237831245317
1641.9800460386277,-69.54394124200064,-69.54394124200064
1641.9900460386277,-69.5355006423684,-69.5355006423684
1642.0000460386277,-69.52705730923701,-69.52705730923701
1642.0100460386277,-69.5186120270339,-69.5186120270339
1642.0200460386277,-69.51016556906124,-69.51016556906124
1642.0300460386277,-69.50171869764581,-69.50171869764581
1642.0400460386277,-69.49327216426616,-69.49327216426616
1642.0500460386277,-69.48482670964158,-69.48482670964158
1642.0600460386277,-69.4763830638732,-69.4763830638732
1642.0700460386277,-69.46794194653832,-69.46794194653832
1642.0800460386276,-69.45950406678129,-69.45950406678129
1642.0900460386276,-69.45107012343938,-69.45107012343938
1642.1000460386276,-69.44264080510942,-69.44264080510942
1642.1100460386276,-69.43421679025423,-69.43421679025423
1642.1200460386276,-69.4257987472985,-69.4257987472985
1642.1300460386276,-69.41738733472303,-69.41738733472303
1642.1400460386276,-69.40898320112835,-69.40898320112835
1642.1500460386276,-69.40058698535285,-69.40058698535285
1642.1600460386276,-69.39219931653766,-69.39219931653766
1642.1700460386276,-69.38382081423072,-69.38382081423072
1642.1800460386276,-69.37545208846562,-69.37545208846562
1642.1900460386275,-69.36709373985603,-69.36709373985603
1642.2000460624695,-69.35874633978266,-69.35874633978266
1642.2100460624695,-69.35040448974371,-69.35040448974371
1642.2200460624695,-69.34206612328468,-69.34206612328468
1642.2300460624695,-69.33373054238699,-69.33373054238699
1642.2400460624694,-69.32539766718307,-69.32539766718307
1642.2500460624694,-69.31706775757822,-69.31706775757822
1642.2600460624694,-69.30874126893609,-69.30874126893609
1642.2700460624694,-69.30041876747765,-69.30041876747765
1642.2800460624694,-69.29210087958563,-69.29210087958563
1642.2900460624694,-69.28378826132243,-69.28378826132243
1642.3000460624694,-69.27548158023141,-69.27548158023141
1642.3100460624694,-69.26718150454442,-69.26718150454442
1642.3200460624694,-69.25888869688423,-69.25888869688423
1642.3300460624696,-69.25060381074003,-69.25060381074003
1642.3400460624696,-69.2423274885795,-69.2423274885795
1642.3500460624696,-69.23406036096944,-69.23406036096944
1642.3600460624696,-69.22580304629975,-69.22580304629975
1642.3700460624696,-69.21755615086904,-69.21755615086904
1642.3800460624695,-69.20932026910819,-69.20932026910819
1642.3900460624695,-69.20109598395891,-69.20109598395891
1642.4000460624695,-69.1928838672515,-69.1928838672515
1642.4100460624695,-69.18468448009753,-69.18468448009753
1642.4200460624695,-69.1764983732755,-69.1764983732755
1642.4300460624695,-69.16832608756113,-69.16832608756113
1642.4400460624695,-69.16016815409758,-69.16016815409758
1642.4500460624695,-69.15202509465732,-69.15202509465732
1642.4600460624695,-69.14389742192009,-69.14389742192009
1642.4700460624695,-69.13578563969212,-69.13578563969212
1642.4800460624695,-69.12769024318334,-69.12769024318334
1642.4900460624694,-69.11961171914562,-69.11961171914562
1642.5000460624694,-69.11155054607394,-69.11155054607394
1642.5100460624694,-69.10350719437426,-69.10350719437426
1642.5200460624694,-69.09548212649831,-69.09548212649831
1642.5300460624694,-69.0874757970968,-69.0874757970968
1642.5400460624694,-69.07948865313791,-69.07948865313791
1642.5500460624694,-69.07152113400669,-69.07152113400669
1642.5600460624694,-69.06357367162849,-69.06357367162849
1642.5700460624694,-69.05564669058532,-69.05564669058532
1642.5800460624696,-69.0477406081859,-69.0477406081859
1642.5900460624696,-69.03985583457312,-69.03985583457312
1642.6000460624696,-69.03199277281345,-69.03199277281345
1642.6100460624696,-69.02415181897322,-69.02415181897322
1642.6200460624696,-69.01633336220752,-69.01633336220752
1642.6300460624695,-69.00853778483243,-69.00853778483243
1642.6400460624695,-69.00076546240255,-69.00076546240255
1642.6500460624695,-68.99301676379969,-68.99301676379969
1642.6600460624695,-68.98529205128622,-68.98529205128622
1642.6700460624695,-68.97759168059073,-68.97759168059073
1642.6800460624695,-68.96991600097246,-68.96991600097246
1642.6900460624695,-68.962265355298,-68.962265355298
1642.7000460624695,-68.95464008010197,-68.95464008010197
1642.7100460624695,-68.94704050566878,-68.94704050566878
1642.7200460624695,-68.93946695608437,-68.93946695608437
1642.7300460624695,-68.93191974932006,-68.93191974932006
1642.7400460624694,-68.92439919728737,-68.92439919728737
1642.7500460624694,-68.91690560591354,-68.91690560591354
1642.7600460624694,-68.90943927519261,-68.90943927519261
1642.7700460624694,-68.90200049926779,-68.90200049926779
1642.7800460624694,-68.89458956648858,-68.89458956648858
1642.7900460624694,-68.887206759482,-68.887206759482
1642.8000460624694,-68.87985235521097,-68.87985235521097
1642.8100460624694,-68.87252662503573,-68.87252662503573
1642.8200460624694,-68.86522983479246,-68.86522983479246
1642.8300460624696,-68.85796224484257,-68.85796224484257
1642.8400460624696,-68.85072411014461,-68.85072411014461
1642.8500460624696,-68.8435156803166,-68.8435156803166
1642.8600460624696,-68.83633719968687,-68.83633719968687
1642.8700460624696,-68.8291889073839,-68.8291889073839
1642.8800460624695,-68.82207103736489,-68.82207103736489
1642.8900460624695,-68.81498381851239,-68.81498381851239
1642.9000460624695,-68.80792747465897,-68.80792747465897
1642.9100460624695,-68.80090222468488,-68.80090222468488
1642.9200460624695,-68.79390828256247,-68.79390828256247
1642.9300460624695,-68.78694585740253,-68.78694585740253
1642.9400460624695,-68.78001515354254,-68.78001515354254
1642.9500460624695,-68.77311637058533,-68.77311637058533
1642.9600460624695,-68.76624373419473,-68.76624373419473
1642.9700460624695,-68.7593948370462,-68.7593948370462
1642.9800460624695,-68.75256861339987,-68.75256861339987
1642.9900460624694,-68.7457646150056,-68.7457646150056
1643.0000460624694,-68.7389827350336,-68.7389827350336
1643.0100460624694,-68.73222306485583,-68.73222306485583
1643.0200460624694,-68.72548581011,-68.72548581011
1643.0300460624694,-68.71877124035288,-68.71877124035288
1643.0400460624694,-68.71207965878058,-68.71207965878058
1643.0500460863113,-68.70541136826557,-68.70541136826557
1643.0600460863113,-68.69876672416846,-68.69876672416846
1643.0700460863113,-68.6921460326065,-68.6921460326065
1643.0800460863113,-68.68554961066624,-68.68554961066624
1643.0900460863113,-68.6789777685258,-68.6789777685258
1643.1000460863113,-68.6724308085847,-68.6724308085847
1643.1100460863113,-68.66590902514147,-68.66590902514147
1643.1200460863113,-68.65941270445778,-68.65941270445778
1643.1300460863113,-68.65294212497497,-68.65294212497497
1643.1400460863113,-68.64649755763212,-68.64649755763212
1643.1500460863112,-68.64007926624447,-68.64007926624447
1643.1600460863112,-68.63368750783737,-68.63368750783737
1643.1700460863112,-68.62732253301687,-68.62732253301687
1643.1800460863114,-68.62098458627855,-68.62098458627855
1643.1900460863114,-68.61467390630939,-68.61467390630939
1643.2000460863114,-68.60839072625275,-68.60839072625275
1643.2100460863114,-68.60213527392747,-68.60213527392747
1643.2200460863114,-68.59590777205185,-68.59590777205185
1643.2300460863114,-68.58970843843237,-68.58970843843237
1643.2400460863114,-68.58353748611269,-68.58353748611269
1643.2500460863114,-68.57739512352367,-68.57739512352367
1643.2600460863114,-68.57128155461055,-68.57128155461055
1643.2700460863114,-68.56519697895897,-68.56519697895897
1643.2800460863114,-68.55914159188058,-68.55914159188058
1643.2900460863113,-68.55311558450576,-68.55311558450576
1643.3000460863113,-68.54711914387354,-68.54711914387354
1643.3100460863113,-68.54115245300677,-68.54115245300677
1643.3200460863113,-68.53521569096219,-68.53521569096219
1643.3300460863113,-68.52930903292149,-68.52930903292149
1643.3400460863113,-68.5234326502158,-68.5234326502158
1643.3500460863113,-68.51758671041101,-68.51758671041101
1643.3600460863113,-68.51177137733603,-68.51177137733603
1643.3700460863113,-68.5059868111277,-68.5059868111277
1643.3800460863113,-68.50023316829285,-68.50023316829285
1643.3900460863113,-68.49451060174032,-68.49451060174032
1643.4000460863112,-68.48881926081921,-68.48881926081921
1643.4100460863112,-68.4831592913624,-68.4831592913624
1643.4200460863112,-68.47753083571891,-68.47753083571891
1643.4300460863114,-68.47193403280164,-68.47193403280164
1643.4400460863114,-68.46636901812037,-68.46636901812037
1643.4500460863114,-68.46083592380268,-68.46083592380268
1643.4600460863114,-68.45533487865114,-68.45533487865114
1643.4700460863114,-68.4498660081617,-68.4498660081617
1643.4800460863114,-68.4444294345623,-68.4444294345623
1643.4900460863114,-68.43902527684627,-68.43902527684627
1643.5000460863114,-68.43365365081594,-68.43365365081594
1643.5100460863114,-68.42831466910279,-68.42831466910279
1643.5200460863114,-68.42300844120305,-68.42300844120305
1643.5300460863114,-68.41773507350246,-68.41773507350246
1643.5400460863113,-68.41249466934148,-68.41249466934148
1643.5500460863113,-68.40728732900257,-68.40728732900257
1643.5600460863113,-68.40211314978752,-68.40211314978752
1643.5700460863113,-68.39697222601177,-68.39697222601177
1643.5800460863113,-68.39186464906197,-68.39186464906197
1643.5900460863113,-68.38679050742067,-68.38679050742067
1643.6000460863113,-68.38174988669259,-68.38174988669259
1643.6100460863113,-68.37674286965935,-68.37674286965935
1643.6200460863113,-68.37176953627625,-68.37176953627625
1643.6300460863113,-68.36682996373303,-68.36682996373303
1643.6400460863113,-68.36192422648462,-68.36192422648462
1643.6500460863112,-68.35705239626729,-68.35705239626729
1643.6600460863112,-68.35221454213574,-68.35221454213574
1643.6700460863112,-68.34741073051543,-68.34741073051543
1643.6800460863114,-68.3426410252006,-68.3426410252006
1643.6900460863114,-68.33790548742094,-68.33790548742094
1643.7000460863114,-68.33320417584741,-68.33320417584741
1643.7100460863114,-68.3285312133158,-68.3285312133158
1643.7200460863114,-68.32388406967107,-68.32388406967107
1643.7300460863114,-68.31926154993675,-68.31926154993675
1643.7400460863114,-68.31466307496139,-68.31466307496139
1643.7500460863114,-68.310088407105,-68.310088407105
1643.7600460863114,-68.3055375078298,-68.3055375078298
1643.7700460863114,-68.30101045425064,-68.30101045425064
1643.7800460863114,-68.29650738903398,-68.29650738903398
1643.7900460863113,-68.29202849026656,-68.29202849026656
1643.8000460863113,-68.28757395340683,-68.28757395340683
1643.8100460863113,-68.28314398060054,-68.28314398060054
1643.8200460863113,-68.27873877441723,-68.27873877441723
1643.8300460863113,-68.2743585342741,-68.2743585342741
1643.8400460863113,-68.27000345457519,-68.27000345457519
1643.8500460863113,-68.2656737237633,-68.2656737237633
1643.8600460863113,-68.26136952401157,-68.26136952401157
1643.8700460863113,-68.25709103124935,-68.25709103124935
1643.8800460863113,-68.25283841535582,-68.25283841535582
1643.8900460863113,-68.24861184044448,-68.24861184044448
1643.9000461101532,-68.24441145523538,-68.24441145523538
1643.9100461101532,-68.24023743343669,-68.24023743343669
1643.9200461101532,-68.23608991382336,-68.23608991382336
1643.9300461101532,-68.23196904084382,-68.23196904084382
1643.9400461101532,-68.22787495473527,-68.22787495473527
1643.9500461101532,-68.22380779179797,-68.22380779179797
1643.9600461101531,-68.21976768459804,-68.21976768459804
1643.9700461101531,-68.21575476216209,-68.21575476216209
1643.9800461101531,-68.21176915014837,-68.21176915014837
1643.9900461101531,-68.20781097096679,-68.20781097096679
1644.000046110153,-68.20388034391813,-68.20388034391813
1644.010046110153,-68.1999773853015,-68.1999773853015
1644.020046110153,-68.19610220850126,-68.19610220850126
1644.0300461101533,-68.19225492407799,-68.19225492407799
1644.0400461101533,-68.18843563982884,-68.18843563982884
1644.0500461101533,-68.18464446086341,-68.18464446086341
1644.0600461101533,-68.18088148964387,-68.18088148964387
1644.0700461101533,-68.17714682604303,-68.17714682604303
1644.0800461101533,-68.17344056740187,-68.17344056740187
1644.0900461101533,-68.16976280852538,-68.16976280852538
1644.1000461101532,-68.1661136417672,-68.1661136417672
1644.1100461101532,-68.16249315702886,-68.16249315702886
1644.1200461101532,-68.15890144180315,-68.15890144180315
1644.1300461101532,-68.1553385812049,-68.1553385812049
1644.1400461101532,-68.15180465798053,-68.15180465798053
1644.1500461101532,-68.14829975253949,-68.14829975253949
1644.1600461101532,-68.14482394298913,-68.14482394298913
1644.1700461101532,-68.141377305127,-68.141377305127
1644.1800461101532,-68.13795991249037,-68.13795991249037
1644.1900461101532,-68.13457183637323,-68.13457183637323
1644.2000461101532,-68.13121314581475,-68.13121314581475
1644.2100461101531,-68.12788390766086,-68.12788390766086
1644.2200461101531,-68.12458418655652,-68.12458418655652
1644.2300461101531,-68.12131404497417,-68.12131404497417
1644.2400461101531,-68.11807354322819,-68.11807354322819
1644.250046110153,-68.11486273949254,-68.11486273949254
1644.260046110153,-68.1116816898278,-68.1116816898278
1644.270046110153,-68.10853044818452,-68.10853044818452
1644.2800461101533,-68.10540906644205,-68.10540906644205
1644.2900461101533,-68.10231759440777,-68.10231759440777
1644.3000461101533,-68.0992560798402,-68.0992560798402
1644.3100461101533,-68.0962245684924,-68.0962245684924
1644.3200461101533,-68.09322310408103,-68.09322310408103
1644.3300461101533,-68.09025172835828,-68.09025172835828
1644.3400461101533,-68.08731048109452,-68.08731048109452
1644.3500461101532,-68.08439940011432,-68.08439940011432
1644.3600461101532,-68.08151852131628,-68.08151852131628
1644.3700461101532,-68.07866787868052,-68.07866787868052
1644.3800461101532,-68.0758475043061,-68.0758475043061
1644.3900461101532,-68.07305742841324,-68.07305742841324
1644.4000461101532,-68.07029767937625,-68.07029767937625
1644.4100461101532,-68.0675682837317,-68.0675682837317
1644.4200461101532,-68.0648692662094,-68.0648692662094
1644.4300461101532,-68.06220064975585,-68.06220064975585
1644.4400461101532,-68.05956245553122,-68.05956245553122
1644.4500461101532,-68.05695470296213,-68.05695470296213
1644.4600461101531,-68.0543774097321,-68.0543774097321
1644.4700461101531,-68.05183059181961,-68.05183059181961
1644.4800461101531,-68.04931426352259,-68.04931426352259
1644.4900461101531,-68.0468284374507,-68.0468284374507
1644.500046110153,-68.0443731245848,-68.0443731245848
1644.510046110153,-68.0419483342677,-68.0419483342677
1644.520046110153,-68.03955407423334,-68.03955407423334
1644.5300461101533,-68.03719035063813,-68.03719035063813
1644.5400461101533,-68.03485716806125,-68.03485716806125
1644.5500461101533,-68.0325545295409,-68.0325545295409
1644.5600461101533,-68.03028243659475,-68.03028243659475
1644.5700461101533,-68.02804088921653,-68.02804088921653
1644.5800461101533,-68.02582988593353,-68.02582988593353
1644.5900461101533,-68.0236494237985,-68.0236494237985
1644.6000461101532,-68.02149949841939,-68.02149949841939
1644.6100461101532,-68.01938010398062,-68.01938010398062
1644.6200461101532,-68.0172912332549,-68.0172912332549
1644.6300461101532,-68.0152328776374,-68.0152328776374
1644.6400461101532,-68.01320502715325,-68.01320502715325
1644.6500461101532,-68.0112076704779,-68.0112076704779
1644.6600461101532,-68.00924079496215,-68.00924079496215
1644.6700461101532,-68.00730438665065,-68.00730438665065
1644.6800461101532,-68.00539843029564,-68.00539843029564
1644.6900461101532,-68.0035229093808,-68.0035229093808
1644.7000461101532,-68.00167780614198,-68.00167780614198
1644.7100461101531,-67.99985719271312,-67.99985719271312
1644.7200461101531,-67.99805847261506,-67.99805847261506
1644.7300461101531,-67.99628037947082,-67.99628037947082
1644.7400461101531,-67.99452226135486,-67.99452226135486
1644.750046133995,-67.992783803637,-67.992783803637
1644.760046133995,-67.99106490380466,-67.99106490380466
1644.770046133995,-67.98936556335653,-67.98936556335653
1644.780046133995,-67.98768585464927,-67.98768585464927
1644.790046133995,-67.9860258866224,-67.9860258866224
1644.800046133995,-67.98438578685465,-67.98438578685465
1644.810046133995,-67.98276569086826,-67.98276569086826
1644.820046133995,-67.98116573587266,-67.98116573587266
1644.830046133995,-67.9795860572011,-67.9795860572011
1644.840046133995,-67.9780267864068,-67.9780267864068
1644.850046133995,-67.97648805033644,-67.97648805033644
1644.860046133995,-67.97496997078355,-67.97496997078355
1644.870046133995,-67.97347266448243,-67.97347266448243
1644.8800461339952,-67.97199624330709,-67.97199624330709
1644.8900461339952,-67.97054081454637,-67.97054081454637
1644.9000461339951,-67.96910648121806,-67.96910648121806
1644.9100461339951,-67.96769334238985,-67.96769334238985
1644.9200461339951,-67.96630149348768,-67.96630149348768
1644.9300461339951,-67.96493102658411,-67.96493102658411
1644.940046133995,-67.96358203064658,-67.96358203064658
1644.950046133995,-67.96225459175345,-67.96225459175345
1644.960046133995,-67.96094288713351,-67.96094288713351
1644.970046133995,-67.95964442206045,-67.95964442206045
1644.980046133995,-67.95835803004563,-67.95835803004563
1644.990046133995,-67.95708315772787,-67.95708315772787
1645.000046133995,-67.9558195921004,-67.9558195921004
1645.010046133995,-67.95456731891244,-67.95456731891244
1645.020046133995,-67.95332643963384,-67.95332643963384
1645.030046133995,-67.95209712162136,-67.95209712162136
1645.040046133995,-67.95087956816282,-67.95087956816282
1645.050046133995,-67.94967400051725,-67.94967400051725
1645.060046133995,-67.94848064727144,-67.94848064727144
1645.070046133995,-67.94729973807628,-67.94729973807628
1645.080046133995,-67.94613150013026,-67.94613150013026
1645.090046133995,-67.94497615626038,-67.94497615626038
1645.100046133995,-67.94383392399969,-67.94383392399969
1645.110046133995,-67.94270501523165,-67.94270501523165
1645.120046133995,-67.94158963620279,-67.94158963620279
1645.1300461339952,-67.94048798770494,-67.94048798770494
1645.1400461339952,-67.93940026534871,-67.93940026534871
1645.1500461339951,-67.93832665986486,-67.93832665986486
1645.1600461339951,-67.93726735742514,-67.93726735742514
1645.1700461339951,-67.93622253995063,-67.93622253995063
1645.1800461339951,-67.93519238535795,-67.93519238535795
1645.190046133995,-67.93417706783823,-67.93417706783823
1645.200046133995,-67.93317675806018,-67.93317675806018
1645.210046133995,-67.93218571949701,-67.93218571949701
1645.220046133995,-67.9312015415205,-67.9312015415205
1645.230046133995,-67.93022314052335,-67.93022314052335
1645.240046133995,-67.92925004514512,-67.92925004514512
1645.250046133995,-67.92828212362232,-67.92828212362232
1645.260046133995,-67.92731944221032,-67.92731944221032
1645.270046133995,-67.92636218221669,-67.92636218221669
1645.280046133995,-67.92541059012795,-67.92541059012795
1645.290046133995,-67.9244649476834,-67.9244649476834
1645.300046133995,-67.92352555391005,-67.92352555391005
1645.310046133995,-67.9225927144676,-67.9225927144676
1645.320046133995,-67.92166673539072,-67.92166673539072
1645.330046133995,-67.92074791956775,-67.92074791956775
1645.340046133995,-67.9198365647913,-67.9198365647913
1645.350046133995,-67.91893296285312,-67.91893296285312
1645.360046133995,-67.91803739918898,-67.91803739918898
1645.370046133995,-67.9171501528795,-67.9171501528795
1645.3800461339952,-67.91627149682095,-67.91627149682095
1645.3900461339952,-67.91540169799549,-67.91540169799549
1645.4000461339951,-67.91454101779324,-67.91454101779324
1645.4100461339951,-67.91368971230767,-67.91368971230767
1645.4200461339951,-67.91284803264321,-67.91284803264321
1645.4300461339951,-67.91201622518149,-67.91201622518149
1645.440046133995,-67.91119453183401,-67.91119453183401
1645.450046133995,-67.91038319024439,-67.91038319024439
1645.460046133995,-67.90957653230883,-67.90957653230883
1645.470046133995,-67.90877221393893,-67.90877221393893
1645.480046133995,-67.907969216895,-67.907969216895
1645.490046133995,-67.90716713430525,-67.90716713430525
1645.500046133995,-67.90636589808008,-67.90636589808008
1645.510046133995,-67.90556563740236,-67.90556563740236
1645.520046133995,-67.9047665957517,-67.9047665957517
1645.530046133995,-67.9039690810807,-67.9039690810807
1645.540046133995,-67.90317343587084,-67.90317343587084
1645.550046133995,-67.90238001917264,-67.90238001917264
1645.560046133995,-67.90158919596531,-67.90158919596531
1645.570046133995,-67.90080133089475,-67.90080133089475
1645.580046133995,-67.90001678475434,-67.90001678475434
1645.590046133995,-67.89923591254987,-67.89923591254987
1645.600046157837,-67.8984590607453,-67.8984590607453
1645.610046157837,-67.89768657429956,-67.89768657429956
1645.620046157837,-67.89691878555536,-67.89691878555536
1645.630046157837,-67.896156021873,-67.896156021873
1645.6400461578369,-67.89539860400338,-67.89539860400338
1645.6500461578369,-67.89464684642637,-67.89464684642637
1645.6600461578369,-67.8939010576561,-67.8939010576561
1645.6700461578369,-67.89316154055533,-67.89316154055533
1645.6800461578368,-67.89242859260297,-67.89242859260297
1645.6900461578368,-67.8917025061585,-67.8917025061585
1645.7000461578368,-67.89098356865745,-67.89098356865745
1645.7100461578368,-67.89027206283285,-67.89027206283285
1645.7200461578368,-67.88956826688435,-67.88956826688435
1645.730046157837,-67.88887245460363,-67.88887245460363
1645.740046157837,-67.88818489552494,-67.88818489552494
1645.750046157837,-67.8875058550226,-67.8875058550226
1645.760046157837,-67.88683559441029,-67.88683559441029
1645.770046157837,-67.88617437101772,-67.88617437101772
1645.780046157837,-67.88552243826605,-67.88552243826605
1645.790046157837,-67.88488004572586,-67.88488004572586
1645.800046157837,-67.88424743917535,-67.88424743917535
1645.810046157837,-67.88362486064996,-67.88362486064996
1645.820046157837,-67.88301254847683,-67.88301254847683
1645.830046157837,-67.88241073729935,-67.88241073729935
1645.840046157837,-67.88181965814243,-67.88181965814243
1645.850046157837,-67.88123953842079,-67.88123953842079
1645.860046157837,-67.88067060196309,-67.88067060196309
1645.870046157837,-67.88011306906768,-67.88011306906768
1645.880046157837,-67.87956715648505,-67.87956715648505
1645.8900461578369,-67.87903307746973,-67.87903307746973
1645.9000461578369,-67.87851104180353,-67.87851104180353
1645.9100461578369,-67.87800125580303,-67.87800125580303
1645.9200461578369,-67.87750392234337,-67.87750392234337
1645.9300461578368,-67.87701924089619,-67.87701924089619
1645.9400461578368,-67.87654740753115,-67.87654740753115
1645.9500461578368,-67.87600465079917,-67.87600465079917
1645.9600461578368,-67.87535831497244,-67.87535831497244
1645.9700461578368,-67.87459484877047,-67.87459484877047
1645.980046157837,-67.87370887219569,-67.87370887219569
1645.990046157837,-67.87269927196782,-67.87269927196782
1646.000046157837,-67.87156735684856,-67.87156735684856
1646.010046157837,-67.87031582213027,-67.87031582213027
1646.020046157837,-67.86894812707557,-67.86894812707557
1646.030046157837,-67.86746811347759,-67.86746811347759
1646.040046157837,-67.86587977259988,-67.86587977259988
1646.050046157837,-67.86418710491249,-67.86418710491249
1646.060046157837,-67.86239403808531,-67.86239403808531
1646.070046157837,-67.8605043814275,-67.8605043814275
1646.080046157837,-67.85852180299555,-67.85852180299555
1646.090046157837,-67.85644982047745,-67.85644982047745
1646.100046157837,-67.85429180042163,-67.85429180042163
1646.110046157837,-67.85205096226281,-67.85205096226281
1646.120046157837,-67.84973038489498,-67.84973038489498
1646.130046157837,-67.84733301457929,-67.84733301457929
1646.1400461578369,-67.84486167319619,-67.84486167319619
1646.1500461578369,-67.84231906647867,-67.84231906647867
1646.1600461578369,-67.83970779191421,-67.83970779191421
1646.1700461578369,-67.8370303461521,-67.8370303461521
1646.1800461578368,-67.83428913191398,-67.83428913191398
1646.1900461578368,-67.83148646431114,-67.83148646431114
1646.2000461578368,-67.82862457663516,-67.82862457663516
1646.2100461578368,-67.82570562570575,-67.82570562570575
1646.2200461578368,-67.82273169665214,-67.82273169665214
1646.230046157837,-67.81970480735492,-67.81970480735492
1646.240046157837,-67.81662691245538,-67.81662691245538
1646.250046157837,-67.81349990700656,-67.81349990700656
1646.260046157837,-67.81032562984414,-67.81032562984414
1646.270046157837,-67.80710586663005,-67.80710586663005
1646.280046157837,-67.80384235265615,-67.80384235265615
1646.290046157837,-67.80053677542948,-67.80053677542948
1646.300046157837,-67.79719077702022,-67.79719077702022
1646.310046157837,-67.79380595622177,-67.79380595622177
1646.320046157837,-67.79038387057365,-67.79038387057365
1646.330046157837,-67.78692603818905,-67.78692603818905
1646.340046157837,-67.78343393946616,-67.78343393946616
1646.350046157837,-67.77990901865805,-67.77990901865805
1646.360046157837,-67.77635268534429,-67.77635268534429
1646.370046157837,-67.7727663157769,-67.7727663157769
1646.380046157837,-67.76915125416384,-67.76915125416384
1646.3900461578369,-67.76550881381154,-67.76550881381154
1646.4000461578369,-67.76184027825494,-67.76184027825494
1646.4100461578369,-67.75814690225715,-67.75814690225715
1646.4200461578369,-67.75442991278467,-67.75442991278467
1646.4300461578368,-67.75069050990355,-67.75069050990355
1646.4400461578368,-67.74692986761042,-67.74692986761042
1646.4500461816788,-67.74314912564347,-67.74314912564347
1646.4600461816788,-67.73934355031017,-67.73934355031017
1646.4700461816788,-67.73551167924656,-67.73551167924656
1646.4800461816787,-67.73165336117444,-67.73165336117444
1646.4900461816787,-67.72776903444006,-67.72776903444006
1646.5000461816787,-67.72385945576487,-67.72385945576487
1646.5100461816787,-67.71992555978585,-67.71992555978585
1646.5200461816787,-67.71596837693475,-67.71596837693475
1646.5300461816787,-67.71198898433084,-67.71198898433084
1646.5400461816787,-67.70798847644188,-67.70798847644188
1646.5500461816787,-67.70396794767429,-67.70396794767429
1646.5600461816787,-67.69992848223458,-67.69992848223458
1646.5700461816787,-67.69587114832694,-67.69587114832694
1646.5800461816789,-67.69179699503178,-67.69179699503178
1646.5900461816789,-67.6877070508218,-67.6877070508218
1646.6000461816789,-67.68360232299273,-67.68360232299273
1646.6100461816789,-67.6794837977212,-67.6794837977212
1646.6200461816788,-67.67535244037269,-67.67535244037269
1646.6300461816788,-67.6712091960642,-67.6712091960642
1646.6400461816788,-67.66705499022679,-67.66705499022679
1646.6500461816788,-67.66289072927167,-67.66289072927167
1646.6600461816788,-67.65871730116764,-67.65871730116764
1646.6700461816788,-67.65453557608062,-67.65453557608062
1646.6800461816788,-67.65034640689086,-67.65034640689086
1646.6900461816788,-67.64615062974235,-67.64615062974235
1646.7000461816788,-67.64194906454374,-67.64194906454374
1646.7100461816788,-67.63774251538966,-67.63774251538966
1646.7200461816788,-67.63353177099316,-67.63353177099316
1646.7300461816787,-67.62931760509127,-67.62931760509127
1646.7400461816787,-67.62510077678382,-67.62510077678382
1646.7500461816787,-67.62088203089492,-67.62088203089492
1646.7600461816787,-67.6166620982659,-67.6166620982659
1646.7700461816787,-67.61244169606893,-67.61244169606893
1646.7800461816787,-67.60822152808107,-67.60822152808107
1646.7900461816787,-67.60400228496103,-67.60400228496103
1646.8000461816787,-67.5997846444803,-67.5997846444803
1646.8100461816787,-67.5955692717873,-67.5955692717873
1646.8200461816787,-67.59135681962468,-67.59135681962468
1646.8300461816789,-67.58714792855372,-67.58714792855372
1646.8400461816789,-67.58294322716087,-67.58294322716087
1646.8500461816789,-67.57874333227203,-67.57874333227203
1646.8600461816789,-67.57454884914561,-67.57454884914561
1646.8700461816788,-67.57036037165797,-67.57036037165797
1646.8800461816788,-67.56617848250995,-67.56617848250995
1646.8900461816788,-67.56200375338005,-67.56200375338005
1646.9000461816788,-67.55783674513026,-67.55783674513026
1646.9100461816788,-67.55367800796061,-67.55367800796061
1646.9200461816788,-67.54952808157444,-67.54952808157444
1646.9300461816788,-67.54538749535655,-67.54538749535655
1646.9400461816788,-67.54125676853462,-67.54125676853462
1646.9500461816788,-67.5371364103192,-67.5371364103192
1646.9600461816788,-67.53302692007937,-67.53302692007937
1646.9700461816788,-67.52892878749266,-67.52892878749266
1646.9800461816787,-67.52484249267236,-67.52484249267236
1646.9900461816787,-67.52076850634964,-67.52076850634964
1647.0000461816787,-67.51670728998691,-67.51670728998691
1647.0100461816787,-67.51265929594015,-67.51265929594015
1647.0200461816787,-67.50862496759336,-67.50862496759336
1647.0300461816787,-67.50460473949519,-67.50460473949519
1647.0400461816787,-67.50059903749785,-67.50059903749785
1647.0500461816787,-67.49660827888043,-67.49660827888043
1647.0600461816787,-67.49263287249401,-67.49263287249401
1647.0700461816787,-67.48867321889259,-67.48867321889259
1647.0800461816789,-67.48472971044136,-67.48472971044136
1647.0900461816789,-67.48080273147522,-67.48080273147522
1647.1000461816789,-67.47689265838466,-67.47689265838466
1647.1100461816789,-67.47299985977503,-67.47299985977503
1647.1200461816788,-67.46912469655848,-67.46912469655848
1647.1300461816788,-67.46526752209971,-67.46526752209971
1647.1400461816788,-67.46142868231176,-67.46142868231176
1647.1500461816788,-67.45760851578439,-67.45760851578439
1647.1600461816788,-67.45380735387887,-67.45380735387887
1647.1700461816788,-67.45002552088327,-67.45002552088327
1647.1800461816788,-67.44626333407972,-67.44626333407972
1647.1900461816788,-67.44252110386557,-67.44252110386557
1647.2000461816788,-67.43879913388312,-67.43879913388312
1647.2100461816788,-67.4350977211005,-67.4350977211005
1647.2200461816788,-67.43141715593211,-67.43141715593211
1647.2300461816787,-67.42775772233597,-67.42775772233597
1647.2400461816787,-67.42411969791628,-67.42411969791628
1647.2500461816787,-67.4205033540248,-67.4205033540248
1647.2600461816787,-67.41690895586038,-67.41690895586038
1647.2700461816787,-67.41333676256795,-67.41333676256795
1647.2800461816787,-67.40978702733739,-67.40978702733739
1647.2900461816787,-67.40625999749152,-67.40625999749152
1647.3000462055206,-67.40275590624834,-67.40275590624834
1647.3100462055206,-67.3992750062268,-67.3992750062268
1647.3200462055206,-67.39581751932276,-67.39581751932276
1647.3300462055206,-67.39238367033802,-67.39238367033802
1647.3400462055206,-67.38897367866946,-67.38897367866946
1647.3500462055206,-67.38558775839041,-67.38558775839041
1647.3600462055206,-67.38222611835283,-67.38222611835283
1647.3700462055206,-67.37888896225714,-67.37888896225714
1647.3800462055206,-67.3755764887207,-67.3755764887207
1647.3900462055205,-67.37228889140913,-67.37228889140913
1647.4000462055205,-67.36902635907157,-67.36902635907157
1647.4100462055205,-67.36578907563687,-67.36578907563687
1647.4200462055205,-67.36257722029949,-67.36257722029949
1647.4300462055207,-67.35939096758297,-67.35939096758297
1647.4400462055207,-67.35623048742785,-67.35623048742785
1647.4500462055207,-67.35309594526238,-67.35309594526238
1647.4600462055207,-67.34998750207033,-67.34998750207033
1647.4700462055207,-67.34690531448211,-67.34690531448211
1647.4800462055207,-67.34384953483375,-67.34384953483375
1647.4900462055207,-67.34082031123205,-67.34082031123205
1647.5000462055207,-67.33781778764246,-67.33781778764246
1647.5100462055207,-67.33484210393233,-67.33484210393233
1647.5200462055207,-67.33189339597502,-67.33189339597502
1647.5300462055206,-67.3289717956777,-67.3289717956777
1647.5400462055206,-67.32607743107219,-67.32607743107219
1647.5500462055206,-67.3232104263735,-67.3232104263735
1647.5600462055206,-67.32037090203924,-67.32037090203924
1647.5700462055206,-67.31755897483774,-67.31755897483774
1647.5800462055206,-67.31477475791006,-67.31477475791006
1647.5900462055206,-67.31201836082177,-67.31201836082177
1647.6000462055206,-67.30928988963353,-67.30928988963353
1647.6100462055206,-67.30658944695901,-67.30658944695901
1647.6200462055206,-67.30391713201439,-67.30391713201439
1647.6300462055206,-67.30127304068075,-67.30127304068075
1647.6400462055205,-67.29865726556397,-67.29865726556397
1647.6500462055205,-67.29606989604619,-67.29606989604619
1647.6600462055205,-67.29351101834342,-67.29351101834342
1647.6700462055205,-67.29098071554493,-67.29098071554493
1647.6800462055207,-67.28847906769424,-67.28847906769424
1647.6900462055207,-67.28600615180902,-67.28600615180902
1647.7000462055207,-67.28356204195903,-67.28356204195903
1647.7100462055207,-67.28114680930084,-67.28114680930084
1647.7200462055207,-67.27876052212584,-67.27876052212584
1647.7300462055207,-67.27640324592468,-67.27640324592468
1647.7400462055207,-67.27407504341738,-67.27407504341738
1647.7500462055207,-67.27177597461416,-67.27177597461416
1647.7600462055207,-67.26950609685693,-67.26950609685693
1647.7700462055207,-67.26726546485233,-67.26726546485233
1647.7800462055206,-67.26505413073858,-67.26505413073858
1647.7900462055206,-67.2628721441249,-67.2628721441249
1647.8000462055206,-67.26071955212267,-67.26071955212267
1647.8100462055206,-67.25859639939638,-67.25859639939638
1647.8200462055206,-67.25650272820032,-67.25650272820032
1647.8300462055206,-67.2544385784356,-67.2544385784356
1647.8400462055206,-67.25240398767855,-67.25240398767855
1647.8500462055206,-67.25039899121359,-67.25039899121359
1647.8600462055206,-67.24842362208787,-67.24842362208787
1647.8700462055206,-67.24647791114862,-67.24647791114862
1647.8800462055206,-67.24456188707316,-67.24456188707316
1647.8900462055205,-67.2426755764054,-67.2426755764054
1647.9000462055205,-67.24081900360359,-67.24081900360359
1647.9100462055205,-67.2389921910694,-67.2389921910694
1647.9200462055205,-67.23719515919328,-67.23719515919328
1647.9300462055207,-67.23542792636236,-67.23542792636236
1647.9400462055207,-67.23369050904665,-67.23369050904665
1647.9500462055207,-67.23198292177084,-67.23198292177084
1647.9600462055207,-67.23029934730643,-67.23029934730643
1647.9700462055207,-67.22863726391556,-67.22863726391556
1647.9800462055207,-67.22699546274417,-67.22699546274417
1647.9900462055207,-67.22537333985414,-67.22537333985414
1648.0000462055207,-67.22377062655994,-67.22377062655994
1648.0100462055207,-67.22218724963454,-67.22218724963454
1648.0200462055207,-67.22062324939294,-67.22062324939294
1648.0300462055206,-67.2190787305408,-67.2190787305408
1648.0400462055206,-67.21755383262936,-67.21755383262936
1648.0500462055206,-67.21604871242937,-67.21604871242937
1648.0600462055206,-67.21456353345398,-67.21456353345398
1648.0700462055206,-67.21309845984679,-67.21309845984679
1648.0800462055206,-67.21165365294094,-67.21165365294094
1648.0900462055206,-67.21022926943483,-67.21022926943483
1648.1000462055206,-67.20882546052367,-67.20882546052367
1648.1100462055206,-67.2074423716077,-67.2074423716077
1648.1200462055206,-67.20608014232816,-67.20608014232816
1648.1300462055206,-67.2047389067907,-67.2047389067907
1648.1400462055205,-67.2034187938856,-67.2034187938856
1648.1500462293625,-67.20211992453154,-67.20211992453154
1648.1600462293625,-67.20084242443514,-67.20084242443514
1648.1700462293625,-67.199586405687,-67.199586405687
1648.1800462293625,-67.19835197964035,-67.19835197964035
1648.1900462293625,-67.19713925402337,-67.19713925402337
1648.2000462293624,-67.19594833316944,-67.19594833316944
1648.2100462293624,-67.19477349041736,-67.19477349041736
1648.2200462293624,-67.19361229156127,-67.19361229156127
1648.2300462293624,-67.19245548468022,-67.19245548468022
1648.2400462293624,-67.19129312196073,-67.19129312196073
1648.2500462293624,-67.19011688828948,-67.19011688828948
1648.2600462293624,-67.18892019831232,-67.18892019831232
1648.2700462293624,-67.18769779950647,-67.18769779950647
1648.2800462293626,-67.18644541274018,-67.18644541274018
1648.2900462293626,-67.1851594880049,-67.1851594880049
1648.3000462293626,-67.18383704799817,-67.18383704799817
1648.3100462293626,-67.18247558555144,-67.18247558555144
1648.3200462293626,-67.18107299201398,-67.18107299201398
1648.3300462293626,-67.17962750358457,-67.17962750358457
1648.3400462293625,-67.17813765840097,-67.17813765840097
1648.3500462293625,-67.1766022608273,-67.1766022608273
1648.3600462293625,-67.17502035073477,-67.17502035073477
1648.3700462293625,-67.17339117681051,-67.17339117681051
1648.3800462293625,-67.17171417305673,-67.17171417305673
1648.3900462293625,-67.16998893806657,-67.16998893806657
1648.4000462293625,-67.16821521669448,-67.16821521669448
1648.4100462293625,-67.16639288380833,-67.16639288380833
1648.4200462293625,-67.1645219299424,-67.1645219299424
1648.4300462293625,-67.16260244852114,-67.16260244852114
1648.4400462293625,-67.16063462455466,-67.16063462455466
1648.4500462293624,-67.15861872458599,-67.15861872458599
1648.4600462293624,-67.15655508777772,-67.15655508777772
1648.4700462293624,-67.1544441179521,-67.1544441179521
1648.4800462293624,-67.15228627650359,-67.15228627650359
1648.4900462293624,-67.15008207608388,-67.15008207608388
1648.5000462293624,-67.14783207494614,-67.14783207494614
1648.5100462293624,-67.14553687188739,-67.14553687188739
1648.5200462293624,-67.14319710172472,-67.14319710172472
1648.5300462293626,-67.14081343118202,-67.14081343118202
1648.5400462293626,-67.13838655526764,-67.13838655526764
1648.5500462293626,-67.13591719392656,-67.13591719392656
1648.5600462293626,-67.13340608908783,-67.13340608908783
1648.5700462293626,-67.13085400194436,-67.13085400194436
1648.5800462293626,-67.12826171052978,-67.12826171052978
1648.5900462293625,-67.12563000747733,-67.12563000747733
1648.6000462293625,-67.12295969801498,-67.12295969801498
1648.6100462293625,-67.12025159815643,-67.12025159815643
1648.6200462293625,-67.11750653298346,-67.11750653298346
1648.6300462293625,-67.11472533516744,-67.11472533516744
1648.6400462293625,-67.11190884354589,-67.11190884354589
1648.6500462293625,-67.10905790188373,-67.10905790188373
1648.6600462293625,-67.1061733576836,-67.1061733576836
1648.6700462293625,-67.10325606114355,-67.10325606114355
1648.6800462293625,-67.10030686415176,-67.10030686415176
1648.6900462293625,-67.09732661941568,-67.09732661941568
1648.7000462293624,-67.09431617962748,-67.09431617962748
1648.7100462293624,-67.0912763967139,-67.0912763967139
1648.7200462293624,-67.08820812113952,-67.08820812113952
1648.7300462293624,-67.08511220126864,-67.08511220126864
1648.7400462293624,-67.08198948277455,-67.08198948277455
1648.7500462293624,-67.07884080811287,-67.07884080811287
1648.7600462293624,-67.07566701601549,-67.07566701601549
1648.7700462293624,-67.07246894104357,-67.07246894104357
1648.7800462293626,-67.06924741314766,-67.06924741314766
1648.7900462293626,-67.06600325731347,-67.06600325731347
1648.8000462293626,-67.06273729318438,-67.06273729318438
1648.8100462293626,-67.05945033475237,-67.05945033475237
1648.8200462293626,-67.05614319005785,-67.05614319005785
1648.8300462293626,-67.05281666091201,-67.05281666091201
1648.8400462293625,-67.04947154265903,-67.04947154265903
1648.8500462293625,-67.04610862393812,-67.04610862393812
1648.8600462293625,-67.04272868648279,-67.04272868648279
1648.8700462293625,-67.0393325049441,-67.0393325049441
1648.8800462293625,-67.03592084670653,-67.03592084670653
1648.8900462293625,-67.0324944717329,-67.0324944717329
1648.9000462293625,-67.02905413244338,-67.02905413244338
1648.9100462293625,-67.02560057356533,-67.02560057356533
1648.9200462293625,-67.02213453206002,-67.02213453206002
1648.9300462293625,-67.01865673699177,-67.01865673699177
1648.9400462293625,-67.0151679094543,-67.0151679094543
1648.9500462293624,-67.01166876249577,-67.01166876249577
1648.9600462293624,-67.00816000105154,-67.00816000105154
1648.9700462293624,-67.0046423218962,-67.0046423218962
1648.9800462293624,-67.00111641359221,-67.00111641359221
1648.9900462293624,-66.99758295644271,-66.99758295644271
1649.0000462532043,-66.99404261404014,-66.99404261404014
1649.0100462532043,-66.990496066989,-66.990496066989
1649.0200462532043,-66.98694396222346,-66.98694396222346
1649.0300462532043,-66.98338694685208,-66.98338694685208
1649.0400462532043,-66.9798256596084,-66.9798256596084
1649.0500462532043,-66.97626073091786,-66.97626073091786
1649.0600462532043,-66.97269278288256,-66.97269278288256
1649.0700462532043,-66.96912242928278,-66.96912242928278
1649.0800462532043,-66.96555027562655,-66.96555027562655
1649.0900462532043,-66.96197691914405,-66.96197691914405
1649.1000462532043,-66.95840294882426,-66.95840294882426
1649.1100462532042,-66.95482894544593,-66.95482894544593
1649.1200462532042,-66.95125548161491,-66.95125548161491
1649.1300462532045,-66.9476831217916,-66.9476831217916
1649.1400462532044,-66.94411242233322,-66.94411242233322
1649.1500462532044,-66.94054393154154,-66.94054393154154
1649.1600462532044,-66.93697818970317,-66.93697818970317
1649.1700462532044,-66.93341572915514,-66.93341572915514
1649.1800462532044,-66.92985707430165,-66.92985707430165
1649.1900462532044,-66.9263027416923,-66.9263027416923
1649.2000462532044,-66.92275324008544,-66.92275324008544
1649.2100462532044,-66.91920907046305,-66.91920907046305
1649.2200462532044,-66.91567072613876,-66.91567072613876
1649.2300462532044,-66.91213869278081,-66.91213869278081
1649.2400462532044,-66.90861344850448,-66.90861344850448
1649.2500462532043,-66.90509546390298,-66.90509546390298
1649.2600462532043,-66.90158520212466,-66.90158520212466
1649.2700462532043,-66.89808311895872,-66.89808311895872
1649.2800462532043,-66.89458966285355,-66.89458966285355
1649.2900462532043,-66.89110527503992,-66.89110527503992
1649.3000462532043,-66.88763038955534,-66.88763038955534
1649.3100462532043,-66.88416543333544,-66.88416543333544
1649.3200462532043,-66.88071082627046,-66.88071082627046
1649.3300462532043,-66.87726698128782,-66.87726698128782
1649.3400462532043,-66.87383430439574,-66.87383430439574
1649.3500462532043,-66.87041319479148,-66.87041319479148
1649.3600462532042,-66.8670040449089,-66.8670040449089
1649.3700462532042,-66.86360724049766,-66.86360724049766
1649.3800462532045,-66.86022316068485,-66.86022316068485
1649.3900462532044,-66.85685217805174,-66.85685217805174
1649.4000462532044,-66.8534946587046,-66.8534946587046
1649.4100462532044,-66.85015096236118,-66.85015096236118
1649.4200462532044,-66.84682144238934,-66.84682144238934
1649.4300462532044,-66.84350644592557,-66.84350644592557
1649.4400462532044,-66.84020631389274,-66.84020631389274
1649.4500462532044,-66.83692138112076,-66.83692138112076
1649.4600462532044,-66.8336519763827,-66.8336519763827
1649.4700462532044,-66.83039842248108,-66.83039842248108
1649.4800462532044,-66.82716103632649,-66.82716103632649
1649.4900462532044,-66.82394012898493,-66.82394012898493
1649.5000462532043,-66.82073600578248,-66.82073600578248
1649.5100462532043,-66.8175489663307,-66.8175489663307
1649.5200462532043,-66.81437930464043,-66.81437930464043
1649.5300462532043,-66.81122730916553,-66.81122730916553
1649.5400462532043,-66.8080932628805,-66.8080932628805
1649.5500462532043,-66.80497744335082,-66.80497744335082
1649.5600462532043,-66.80188012277888,-66.80188012277888
1649.5700462532043,-66.79880156811602,-66.79880156811602
1649.5800462532043,-66.79574204109095,-66.79574204109095
1649.5900462532043,-66.79270179828856,-66.79270179828856
1649.6000462532043,-66.78968109122229,-66.78968109122229
1649.6100462532042,-66.78668016640304,-66.78668016640304
1649.6200462532042,-66.7836992653828,-66.7836992653828
1649.6300462532045,-66.78073862484425,-66.78073862484425
1649.6400462532044,-66.77779847665569,-66.77779847665569
1649.6500462532044,-66.77487904792552,-66.77487904792552
1649.6600462532044,-66.77198056108115,-66.77198056108115
1649.6700462532044,-66.76910323392323,-66.76910323392323
1649.6800462532044,-66.76624727969231,-66.76624727969231
1649.6900462532044,-66.76341290711399,-66.76341290711399
1649.7000462532044,-66.76060032049146,-66.76060032049146
1649.7100462532044,-66.75780971974383,-66.75780971974383
1649.7200462532044,-66.75504130046129,-66.75504130046129
1649.7300462532044,-66.7522952539773,-66.7522952539773
1649.7400462532044,-66.7495717674223,-66.7495717674223
1649.7500462532043,-66.74687102377827,-66.74687102377827
1649.7600462532043,-66.74419320194875,-66.74419320194875
1649.7700462532043,-66.74153847680343,-66.74153847680343
1649.7800462532043,-66.7389070192345,-66.7389070192345
1649.7900462532043,-66.73629899621614,-66.73629899621614
1649.8000462532043,-66.73371457086355,-66.73371457086355
1649.8100462532043,-66.73115390248181,-66.73115390248181
1649.8200462532043,-66.7286171466081,-66.7286171466081
1649.8300462532043,-66.7261044550948,-66.7261044550948
1649.8400462532043,-66.72361597613067,-66.72361597613067
1649.8500462770462,-66.721151848454,-66.721151848454
1649.8600462770462,-66.71871222492317,-66.71871222492317
1649.8700462770462,-66.7162972371279,-66.7162972371279
1649.8800462770462,-66.7139070191841,-66.7139070191841
1649.8900462770462,-66.71154170180206,-66.71154170180206
1649.9000462770462,-66.70920141235682,-66.70920141235682
1649.9100462770461,-66.70688627489685,-66.70688627489685
1649.9200462770461,-66.7045964102524,-66.7045964102524
1649.9300462770461,-66.70233193602029,-66.70233193602029
1649.9400462770461,-66.70009296665685,-66.70009296665685
1649.950046277046,-66.69787961350495,-66.69787961350495
1649.960046277046,-66.69568619337785,-66.69568619337785
1649.970046277046,-66.69351028958616,-66.69351028958616
1649.9800462770463,-66.69135078954528,-66.69135078954528
1649.9900462770463,-66.68920718285285,-66.68920718285285
1650.0000462770463,-66.68707929318667,-66.68707929318667
1650.0100462770463,-66.6849671388887,-66.6849671388887
1650.0200462770463,-66.68287085109219,-66.68287085109219
1650.0300462770463,-66.68079062449432,-66.68079062449432
1650.0400462770463,-66.67872668774724,-66.67872668774724
1650.0500462770462,-66.67667928569999,-66.67667928569999
1650.0600462770462,-66.67464866888707,-66.67464866888707
1650.0700462770462,-66.67263508735024,-66.67263508735024
1650.0800462770462,-66.67063878716594,-66.67063878716594
1650.0900462770462,-66.6686600086156,-66.6686600086156
1650.1000462770462,-66.66669898529409,-66.66669898529409
1650.1100462770462,-66.66475594382266,-66.66475594382266
1650.1200462770462,-66.6628311039253,-66.6628311039253
1650.1300462770462,-66.66092467862038,-66.66092467862038
1650.1400462770462,-66.65903687458194,-66.65903687458194
1650.1500462770462,-66.65716789247368,-66.65716789247368
1650.1600462770461,-66.65531792732196,-66.65531792732196
1650.1700462770461,-66.65348716887233,-66.65348716887233
1650.1800462770461,-66.65167580189288,-66.65167580189288
1650.1900462770461,-66.64988400646983,-66.64988400646983
1650.200046277046,-66.64811195826915,-66.64811195826915
1650.210046277046,-66.64635982877152,-66.64635982877152
1650.220046277046,-66.64462778547004,-66.64462778547004
1650.2300462770463,-66.64291599205656,-66.64291599205656
1650.2400462770463,-66.64122460856876,-66.64122460856876
1650.2500462770463,-66.63955379153981,-66.63955379153981
1650.2600462770463,-66.63790369410074,-66.63790369410074
1650.2700462770463,-66.63627446612489,-66.63627446612489
1650.2800462770463,-66.6346662542679,-66.6346662542679
1650.2900462770463,-66.63307920209174,-66.63307920209174
1650.3000462770462,-66.63151345012942,-66.63151345012942
1650.3100462770462,-66.62996913594122,-66.62996913594122
1650.3200462770462,-66.62844639417355,-66.62844639417355
1650.3300462770462,-66.62694535662715,-66.62694535662715
1650.3400462770462,-66.62546615228496,-66.62546615228496
1650.3500462770462,-66.62400890736824,-66.62400890736824
1650.3600462770462,-66.62257374536856,-66.62257374536856
1650.3700462770462,-66.62116078709818,-66.62116078709818
1650.3800462770462,-66.61977015070293,-66.61977015070293
1650.3900462770462,-66.61840195170949,-66.61840195170949
1650.4000462770462,-66.6170563030638,-66.6170563030638
1650.4100462770461,-66.61573331513173,-66.61573331513173
1650.4200462770461,-66.61443309574874,-66.61443309574874
1650.4300462770461,-66.61315575024246,-66.61315575024246
1650.4400462770461,-66.6119013814541,-66.6119013814541
1650.450046277046,-66.6106700897625,-66.6106700897625
1650.460046277046,-66.60946197312042,-66.60946197312042
1650.470046277046,-66.60827712705903,-66.60827712705903
1650.4800462770463,-66.60711564472095,-66.60711564472095
1650.4900462770463,-66.60597761688767,-66.60597761688767
1650.5000462770463,-66.60486313200123,-66.60486313200123
1650.5100462770463,-66.60377227616456,-66.60377227616456
1650.5200462770463,-66.60270513319931,-66.60270513319931
1650.5300462770463,-66.60166178464543,-66.60166178464543
1650.5400462770463,-66.60064230979006,-66.60064230979006
1650.5500462770462,-66.59964678568878,-66.59964678568878
1650.5600462770462,-66.59867528718739,-66.59867528718739
1650.5700462770462,-66.59772788693854,-66.59772788693854
1650.5800462770462,-66.59680465543147,-66.59680465543147
1650.5900462770462,-66.59590566101289,-66.59590566101289
1650.6000462770462,-66.595030969905,-66.595030969905
1650.6100462770462,-66.59418064623684,-66.59418064623684
1650.6200462770462,-66.59335475205317,-66.59335475205317
1650.6300462770462,-66.59255334734407,-66.59255334734407
1650.6400462770462,-66.59177649006783,-66.59177649006783
1650.6500462770462,-66.59102423616545,-66.59102423616545
1650.6600462770461,-66.59029663959767,-66.59029663959767
1650.6700462770461,-66.58959375235234,-66.58959375235234
1650.6800462770461,-66.58891562447499,-66.58891562447499
1650.6900462770461,-66.58826230407948,-66.58826230407948
1650.700046300888,-66.5876338359041,-66.5876338359041
1650.710046300888,-66.5870302673488,-66.5870302673488
1650.720046300888,-66.58645163929933,-66.58645163929933
1650.730046300888,-66.58589799242476,-66.58589799242476
1650.740046300888,-66.58536936554826,-66.58536936554826
1650.750046300888,-66.58486579572568,-66.58486579572568
1650.760046300888,-66.58438731822088,-66.58438731822088
1650.770046300888,-66.5839339665595,-66.5839339665595
1650.780046300888,-66.58350577254198,-66.58350577254198
1650.790046300888,-66.58310276626135,-66.58310276626135
1650.800046300888,-66.58272497613108,-66.58272497613108
1650.810046300888,-66.5823724288955,-66.5823724288955
1650.820046300888,-66.58204514966454,-66.58204514966454
1650.8300463008882,-66.58174316193116,-66.58174316193116
1650.8400463008882,-66.58146648757949,-66.58146648757949
1650.8500463008882,-66.58121514692276,-66.58121514692276
1650.8600463008881,-66.58098915872458,-66.58098915872458
1650.8700463008881,-66.58078854020368,-66.58078854020368
1650.8800463008881,-66.58061330706936,-66.58061330706936
1650.8900463008881,-66.58046347353324,-66.58046347353324
1650.900046300888,-66.58033905233115,-66.58033905233115
1650.910046300888,-66.58024005475629,-66.58024005475629
1650.920046300888,-66.58016649065915,-66.58016649065915
1650.930046300888,-66.58011836847365,-66.58011836847365
1650.940046300888,-66.58009569524971,-66.58009569524971
1650.950046300888,-66.58009847665735,-66.58009847665735
1650.960046300888,-66.58012671701135,-66.58012671701135
1650.970046300888,-66.58018041929239,-66.58018041929239
1650.980046300888,-66.58025958516718,-66.58025958516718
1650.990046300888,-66.58036421500644,-66.58036421500644
1651.000046300888,-66.5804943078954,-66.5804943078954
1651.010046300888,-66.58064986166295,-66.58064986166295
1651.020046300888,-66.58083087290137,-66.58083087290137
1651.030046300888,-66.5810373369822,-66.5810373369822
1651.040046300888,-66.58126924805796,-66.58126924805796
1651.050046300888,-66.58152659911285,-66.58152659911285
1651.060046300888,-66.58180938194782,-66.58180938194782
1651.070046300888,-66.58211758722429,-66.58211758722429
1651.0800463008882,-66.58245120446715,-66.58245120446715
1651.0900463008882,-66.58281022208351,-66.58281022208351
1651.1000463008882,-66.58319462737853,-66.58319462737853
1651.1100463008881,-66.58360440657614,-66.58360440657614
1651.1200463008881,-66.58403954484315,-66.58403954484315
1651.1300463008881,-66.5845000262866,-66.5845000262866
1651.1400463008881,-66.58498583399029,-66.58498583399029
1651.150046300888,-66.58549695001832,-66.58549695001832
1651.160046300888,-66.58603335543124,-66.58603335543124
1651.170046300888,-66.58659503031951,-66.58659503031951
1651.180046300888,-66.58718195378871,-66.58718195378871
1651.190046300888,-66.58779410400244,-66.58779410400244
1651.200046300888,-66.58843145818204,-66.58843145818204
1651.210046300888,-66.5890939926303,-66.5890939926303
1651.220046300888,-66.58978168274072,-66.58978168274072
1651.230046300888,-66.59049450300984,-66.59049450300984
1651.240046300888,-66.59123242706615,-66.59123242706615
1651.250046300888,-66.59199542766947,-66.59199542766947
1651.260046300888,-66.592783476732,-66.592783476732
1651.270046300888,-66.59359654533624,-66.59359654533624
1651.280046300888,-66.5944346037305,-66.5944346037305
1651.290046300888,-66.595297621371,-66.595297621371
1651.300046300888,-66.59618556691227,-66.59618556691227
1651.310046300888,-66.59709840823467,-66.59709840823467
1651.320046300888,-66.59803611244777,-66.59803611244777
1651.3300463008882,-66.59899864591333,-66.59899864591333
1651.3400463008882,-66.59998597424912,-66.59998597424912
1651.3500463008882,-66.60099806234732,-66.60099806234732
1651.3600463008881,-66.60203487437941,-66.60203487437941
1651.3700463008881,-66.60309637381773,-66.60309637381773
1651.3800463008881,-66.60418252345583,-66.60418252345583
1651.3900463008881,-66.60529328539204,-66.60529328539204
1651.400046300888,-66.60642862107282,-66.60642862107282
1651.410046300888,-66.60758849128898,-66.60758849128898
1651.420046300888,-66.60877285617512,-66.60877285617512
1651.430046300888,-66.60998167525001,-66.60998167525001
1651.440046300888,-66.61121490741705,-66.61121490741705
1651.450046300888,-66.61247251095857,-66.61247251095857
1651.460046300888,-66.61375444356891,-66.61375444356891
1651.470046300888,-66.61506066235246,-66.61506066235246
1651.480046300888,-66.61639112384344,-66.61639112384344
1651.490046300888,-66.61774578400058,-66.61774578400058
1651.500046300888,-66.61912459824848,-66.61912459824848
1651.510046300888,-66.62052752145301,-66.62052752145301
1651.520046300888,-66.62195450795174,-66.62195450795174
1651.530046300888,-66.62340551156247,-66.62340551156247
1651.540046300888,-66.62488048558727,-66.62488048558727
1651.55004632473,-66.62637938640295,-66.62637938640295
1651.56004632473,-66.62790215923947,-66.62790215923947
1651.57004632473,-66.62944875940713,-66.62944875940713
1651.58004632473,-66.6310191382632,-66.6310191382632
1651.5900463247299,-66.6326132466902,-66.6326132466902
1651.6000463247299,-66.63423103512166,-66.63423103512166
1651.6100463247299,-66.63587245353457,-66.63587245353457
1651.6200463247299,-66.63753745148084,-66.63753745148084
1651.6300463247298,-66.63922597807445,-66.63922597807445
1651.6400463247298,-66.64093798201081,-66.64093798201081
1651.6500463247298,-66.64267341158252,-66.64267341158252
1651.6600463247298,-66.64443221466436,-66.64443221466436
1651.6700463247298,-66.6462143387439,-66.6462143387439
1651.68004632473,-66.64801973092673,-66.64801973092673
1651.69004632473,-66.64984833793196,-66.64984833793196
1651.70004632473,-66.65170010612032,-66.65170010612032
1651.71004632473,-66.65357498147775,-66.65357498147775
1651.72004632473,-66.6554729096406,-66.6554729096406
1651.73004632473,-66.65739383589913,-66.65739383589913
1651.74004632473,-66.65933770521535,-66.65933770521535
1651.75004632473,-66.66130446219864,-66.66130446219864
1651.76004632473,-66.66329405115555,-66.66329405115555
1651.77004632473,-66.66530641605321,-66.66530641605321
1651.78004632473,-66.66734150055873,-66.66734150055873
1651.79004632473,-66.66939924804939,-66.66939924804939
1651.80004632473,-66.67147960159231,-66.67147960159231
1651.81004632473,-66.67358250396997,-66.67358250396997
1651.82004632473,-66.6757078976759,-66.6757078976759
1651.83004632473,-66.67785572493874,-66.67785572493874
1651.8400463247299,-66.68002592771246,-66.68002592771246
1651.8500463247299,-66.68221844769533,-66.68221844769533
1651.8600463247299,-66.68443322631897,-66.68443322631897
1651.8700463247299,-66.68667020477511,-66.68667020477511
1651.8800463247298,-66.68892932400324,-66.68892932400324
1651.8900463247298,-66.6912105247171,-66.6912105247171
1651.9000463247298,-66.69351374738794,-66.69351374738794
1651.9100463247298,-66.69583893226402,-66.69583893226402
1651.9200463247298,-66.69818601938182,-66.69818601938182
1651.93004632473,-66.70055494855755,-66.70055494855755
1651.94004632473,-66.70294565940019,-66.70294565940019
1651.95004632473,-66.70535809131638,-66.70535809131638
1651.96004632473,-66.70778638022172,-66.70778638022172
1651.97004632473,-66.7102279298791,-66.7102279298791
1651.98004632473,-66.71268145117357,-66.71268145117357
1651.99004632473,-66.71514626040997,-66.71514626040997
1652.00004632473,-66.71762201120043,-66.71762201120043
1652.01004632473,-66.72010855499983,-66.72010855499983
1652.02004632473,-66.7226058592397,-66.7226058592397
1652.03004632473,-66.72511395807466,-66.72511395807466
1652.04004632473,-66.72763292277088,-66.72763292277088
1652.05004632473,-66.73016284391392,-66.73016284391392
1652.06004632473,-66.73270382080891,-66.73270382080891
1652.07004632473,-66.73525595532732,-66.73525595532732
1652.08004632473,-66.73781934831757,-66.73781934831757
1652.0900463247299,-66.7403940977432,-66.7403940977432
1652.1000463247299,-66.74298029771617,-66.74298029771617
1652.1100463247299,-66.74557803816921,-66.74557803816921
1652.1200463247299,-66.74818740484191,-66.74818740484191
1652.1300463247298,-66.75080847946364,-66.75080847946364
1652.1400463247298,-66.75344134000663,-66.75344134000663
1652.1500463247298,-66.75608606101146,-66.75608606101146
1652.1600463247298,-66.75874271387481,-66.75874271387481
1652.1700463247298,-66.76141136717622,-66.76141136717622
1652.18004632473,-66.76409208692576,-66.76409208692576
1652.19004632473,-66.7667849368143,-66.7667849368143
1652.20004632473,-66.76948997843803,-66.76948997843803
1652.21004632473,-66.77220727147429,-66.77220727147429
1652.22004632473,-66.77493687385031,-66.77493687385031
1652.23004632473,-66.77767884188479,-66.77767884188479
1652.24004632473,-66.78043323039702,-66.78043323039702
1652.25004632473,-66.78320009282835,-66.78320009282835
1652.26004632473,-66.78597948129537,-66.78597948129537
1652.27004632473,-66.78877144668024,-66.78877144668024
1652.28004632473,-66.79157603868533,-66.79157603868533
1652.29004632473,-66.79439330589629,-66.79439330589629
1652.30004632473,-66.79714916409455,-66.79714916409455
1652.31004632473,-66.79981452826961,-66.79981452826961
1652.32004632473,-66.80237577920313,-66.80237577920313
1652.33004632473,-66.80482574194026,-66.80482574194026
1652.3400463247299,-66.80716090065036,-66.80716090065036
1652.3500463247299,-66.80938011545749,-66.80938011545749
1652.3600463247299,-66.81148383864006,-66.81148383864006
1652.3700463247299,-66.81347358477785,-66.81347358477785
1652.3800463247298,-66.81535156360627,-66.81535156360627
1652.3900463247298,-66.81712042497297,-66.81712042497297
1652.4000463485718,-66.81878308627269,-66.81878308627269
1652.4100463485718,-66.82034259469691,-66.82034259469691
1652.4200463485718,-66.82180206936975,-66.82180206936975
1652.4300463485718,-66.82316462822689,-66.82316462822689
1652.4400463485717,-66.824433355443,-66.824433355443
1652.4500463485717,-66.82561127749305,-66.82561127749305
1652.4600463485717,-66.82670134821387,-66.82670134821387
1652.4700463485717,-66.82770644023975,-66.82770644023975
1652.4800463485717,-66.82862934062692,-66.82862934062692
1652.4900463485717,-66.82947274943712,-66.82947274943712
1652.5000463485717,-66.83023928020408,-66.83023928020408
1652.5100463485717,-66.8309314616591,-66.8309314616591
1652.5200463485717,-66.83155174025083,-66.83155174025083
1652.530046348572,-66.83210248309118,-66.83210248309118
1652.5400463485719,-66.83258598114404,-66.83258598114404
1652.5500463485719,-66.83300445248639,-66.83300445248639
1652.5600463485719,-66.83336004559051,-66.83336004559051
1652.5700463485719,-66.83365484246526,-66.83365484246526
1652.5800463485718,-66.83389086172,-66.83389086172
1652.5900463485718,-66.83407006147588,-66.83407006147588
1652.6000463485718,-66.83419434212684,-66.83419434212684
1652.6100463485718,-66.83426554891976,-66.83426554891976
1652.6200463485718,-66.83428547441855,-66.83428547441855
1652.6300463485718,-66.8342558607763,-66.8342558607763
1652.6400463485718,-66.83417840191498,-66.83417840191498
1652.6500463485718,-66.83405474551006,-66.83405474551006
1652.6600463485718,-66.83388649491823,-66.83388649491823
1652.6700463485718,-66.8336752109034,-66.8336752109034
1652.6800463485718,-66.83342241335065,-66.83342241335065
1652.6900463485717,-66.83312958279717,-66.83312958279717
1652.7000463485717,-66.83279816192788,-66.83279816192788
1652.7100463485717,-66.8324237498182,-66.8324237498182
1652.7200463485717,-66.83200518335131,-66.83200518335131
1652.7300463485717,-66.8315425737146,-66.8315425737146
1652.7400463485717,-66.83103660475457,-66.83103660475457
1652.7500463485717,-66.83048826572299,-66.83048826572299
1652.7600463485717,-66.82989871287144,-66.82989871287144
1652.7700463485717,-66.829269188681,-66.829269188681
1652.780046348572,-66.82860097364686,-66.82860097364686
1652.7900463485719,-66.82789535766561,-66.82789535766561
1652.8000463485719,-66.82715362316054,-66.82715362316054
1652.8100463485719,-66.82637703535624,-66.82637703535624
1652.8200463485719,-66.82556683692388,-66.82556683692388
1652.8300463485718,-66.82472424518804,-66.82472424518804
1652.8400463485718,-66.82385045094726,-66.82385045094726
1652.8500463485718,-66.82294661821285,-66.82294661821285
1652.8600463485718,-66.82201388452913,-66.82201388452913
1652.8700463485718,-66.82105336156717,-66.82105336156717
1652.8800463485718,-66.8200661358976,-66.8200661358976
1652.8900463485718,-66.81905326982482,-66.81905326982482
1652.9000463485718,-66.81801580223426,-66.81801580223426
1652.9100463485718,-66.8169547494088,-66.8169547494088
1652.9200463485718,-66.81587110584718,-66.81587110584718
1652.9300463485718,-66.81476584499843,-66.81476584499843
1652.9400463485717,-66.81363991997351,-66.81363991997351
1652.9500463485717,-66.81249426422276,-66.81249426422276
1652.9600463485717,-66.81132979211363,-66.81132979211363
1652.9700463485717,-66.81014739954662,-66.81014739954662
1652.9800463485717,-66.80894796448705,-66.80894796448705
1652.9900463485717,-66.80773234745978,-66.80773234745978
1653.0000463485717,-66.80650139202376,-66.80650139202376
1653.0100463485717,-66.80525592523718,-66.80525592523718
1653.0200463485717,-66.80399675805259,-66.80399675805259
1653.030046348572,-66.80272468574469,-66.80272468574469
1653.0400463485719,-66.80144048825136,-66.80144048825136
1653.0500463485719,-66.80014493056818,-66.80014493056818
1653.0600463485719,-66.7988352284969,-66.7988352284969
1653.0700463485719,-66.79750684615591,-66.79750684615591
1653.0800463485718,-66.7961551368647,-66.7961551368647
1653.0900463485718,-66.79477595987377,-66.79477595987377
1653.1000463485718,-66.79336578295322,-66.79336578295322
1653.1100463485718,-66.79192162409585,-66.79192162409585
1653.1200463485718,-66.79044096605631,-66.79044096605631
1653.1300463485718,-66.78892168047051,-66.78892168047051
1653.1400463485718,-66.78736196702073,-66.78736196702073
1653.1500463485718,-66.7857603053116,-66.7857603053116
1653.1600463485718,-66.78411541638944,-66.78411541638944
1653.1700463485718,-66.78242623139,-66.78242623139
1653.1800463485718,-66.78069186555024,-66.78069186555024
1653.1900463485717,-66.77891159636542,-66.77891159636542
1653.2000463485717,-66.77708484508253,-66.77708484508253
1653.2100463485717,-66.77521116083705,-66.77521116083705
1653.2200463485717,-66.7732902070395,-66.7732902070395
1653.2300463485717,-66.77132174956003,-66.77132174956003
1653.2400463485717,-66.76930564649125,-66.76930564649125
1653.2500463724136,-66.76724183423137,-66.76724183423137
1653.2600463724136,-66.76513033920095,-66.76513033920095
1653.2700463724136,-66.76297124180367,-66.76297124180367
1653.2800463724136,-66.76076468951977,-66.76076468951977
1653.2900463724136,-66.75851088669322,-66.75851088669322
1653.3000463724136,-66.7562100896289,-66.7562100896289
1653.3100463724136,-66.7538626022267,-66.7538626022267
1653.3200463724136,-66.75146877201851,-66.75146877201851
1653.3300463724136,-66.74902898658114,-66.74902898658114
1653.3400463724136,-66.74654367027838,-66.74654367027838
1653.3500463724135,-66.74401328129063,-66.74401328129063
1653.3600463724135,-66.74143830886618,-66.74143830886618
1653.3700463724135,-66.73881927083146,-66.73881927083146
1653.3800463724137,-66.7361567112722,-66.7361567112722
1653.3900463724137,-66.73345119837063,-66.73345119837063
1653.4000463724137,-66.73069274624707,-66.73069274624707
1653.4100463724137,-66.72787022354511,-66.72787022354511
1653.4200463724137,-66.72497498603734,-66.72497498603734
1653.4300463724137,-66.72200098452409,-66.72200098452409
1653.4400463724137,-66.71894409361062,-66.71894409361062
1653.4500463724137,-66.71580150180144,-66.71580150180144
1653.4600463724137,-66.71257128859685,-66.71257128859685
1653.4700463724137,-66.70925215152955,-66.70925215152955
1653.4800463724137,-66.7058432321169,-66.7058432321169
1653.4900463724136,-66.70234400360492,-66.70234400360492
1653.5000463724136,-66.6987541968232,-66.6987541968232
1653.5100463724136,-66.69507374955312,-66.69507374955312
1653.5200463724136,-66.69130277071191,-66.69130277071191
1653.5300463724136,-66.68744151398195,-66.68744151398195
1653.5400463724136,-66.6834903575879,-66.6834903575879
1653.5500463724136,-66.67944978830619,-66.67944978830619
1653.5600463724136,-66.67532038831872,-66.67532038831872
1653.5700463724136,-66.67110282422205,-66.67110282422205
1653.5800463724136,-66.66679783761327,-66.66679783761327
1653.5900463724136,-66.66240623688097,-66.66240623688097
1653.6000463724135,-66.65792889001459,-66.65792889001459
1653.6100463724135,-66.65336671823825,-66.65336671823825
1653.6200463724135,-66.64872069030534,-66.64872069030534
1653.6300463724137,-66.64399181744649,-66.64399181744649
1653.6400463724137,-66.63918114877465,-66.63918114877465
1653.6500463724137,-66.6342897671715,-66.6342897671715
1653.6600463724137,-66.62931878556998,-66.62931878556998
1653.6700463724137,-66.62426934359439,-66.62426934359439
1653.6800463724137,-66.61914260450163,-66.61914260450163
1653.6900463724137,-66.61393975240385,-66.61393975240385
1653.7000463724137,-66.60866198975468,-66.60866198975468
1653.7100463724137,-66.60330475820506,-66.60330475820506
1653.7200463724137,-66.59786677493598,-66.59786677493598
1653.7300463724137,-66.59234807228083,-66.59234807228083
1653.7400463724136,-66.58674929562945,-66.58674929562945
1653.7500463724136,-66.58107143449831,-66.58107143449831
1653.7600463724136,-66.57531568218208,-66.57531568218208
1653.7700463724136,-66.56948335292476,-66.56948335292476
1653.7800463724136,-66.56357583174037,-66.56357583174037
1653.7900463724136,-66.5575945438168,-66.5575945438168
1653.8000463724136,-66.55154093578551,-66.55154093578551
1653.8100463724136,-66.54541646423306,-66.54541646423306
1653.8200463724136,-66.53922258862592,-66.53922258862592
1653.8300463724136,-66.53296076693583,-66.53296076693583
1653.8400463724136,-66.52663245291708,-66.52663245291708
1653.8500463724135,-66.52023909445985,-66.52023909445985
1653.8600463724135,-66.513782132501,-66.513782132501
1653.8700463724135,-66.50726300036365,-66.50726300036365
1653.8800463724137,-66.50068312330792,-66.50068312330792
1653.8900463724137,-66.49404391821034,-66.49404391821034
1653.9000463724137,-66.48734679331143,-66.48734679331143
1653.9100463724137,-66.4805931480365,-66.4805931480365
1653.9200463724137,-66.47378437276994,-66.47378437276994
1653.9300463724137,-66.46692184872684,-66.46692184872684
1653.9400463724137,-66.46000694773674,-66.46000694773674
1653.9500463724137,-66.45304103209307,-66.45304103209307
1653.9600463724137,-66.44602545436793,-66.44602545436793
1653.9700463724137,-66.43896155722234,-66.43896155722234
1653.9800463724137,-66.43185067327072,-66.43185067327072
1653.9900463724136,-66.42469412484375,-66.42469412484375
1654.0000463724136,-66.41749322386778,-66.41749322386778
1654.0100463724136,-66.41024927168175,-66.41024927168175
1654.0200463724136,-66.40296355886417,-66.40296355886417
1654.0300463724136,-66.3956373650854,-66.3956373650854
1654.0400463724136,-66.38827195895168,-66.38827195895168
1654.0500463724136,-66.38086859787478,-66.38086859787478
1654.0600463724136,-66.3734285279302,-66.3734285279302
1654.0700463724136,-66.3659529837302,-66.3659529837302
1654.0800463724136,-66.35844318830846,-66.35844318830846
1654.0900463724136,-66.35090035301414,-66.35090035301414
1654.1000463962555,-66.34332565935144,-66.34332565935144
1654.1100463962555,-66.33572033104316,-66.33572033104316
1654.1200463962555,-66.32808552582709,-66.32808552582709
1654.1300463962555,-66.32042240739163,-66.32042240739163
1654.1400463962555,-66.31273212733048,-66.31273212733048
1654.1500463962554,-66.30501582506562,-66.30501582506562
1654.1600463962554,-66.29727462782283,-66.29727462782283
1654.1700463962554,-66.28950965056656,-66.28950965056656
1654.1800463962554,-66.28172199598124,-66.28172199598124
1654.1900463962554,-66.27391275444528,-66.27391275444528
1654.2000463962554,-66.26608300399484,-66.26608300399484
1654.2100463962554,-66.25823381032203,-66.25823381032203
1654.2200463962554,-66.2503662267621,-66.2503662267621
1654.2300463962556,-66.24248129431075,-66.24248129431075
1654.2400463962556,-66.23458004160396,-66.23458004160396
1654.2500463962556,-66.22666348493777,-66.22666348493777
1654.2600463962556,-66.2187326282919,-66.2187326282919
1654.2700463962556,-66.21078846334021,-66.21078846334021
1654.2800463962556,-66.20283196947801,-66.20283196947801
1654.2900463962555,-66.19486411387213,-66.19486411387213
1654.3000463962555,-66.18688585147801,-66.18688585147801
1654.3100463962555,-66.17889812506834,-66.17889812506834
1654.3200463962555,-66.17090186530487,-66.17090186530487
1654.3300463962555,-66.16289799078639,-66.16289799078639
1654.3400463962555,-66.15488740806136,-66.15488740806136
1654.3500463962555,-66.14687101172183,-66.14687101172183
1654.3600463962555,-66.13884968446382,-66.13884968446382
1654.3700463962555,-66.13082429711494,-66.13082429711494
1654.3800463962555,-66.1227957087187,-66.1227957087187
1654.3900463962555,-66.11476476662398,-66.11476476662398
1654.4000463962554,-66.10673230650737,-66.10673230650737
1654.4100463962554,-66.09869915248998,-66.09869915248998
1654.4200463962554,-66.09066611718737,-66.09066611718737
1654.4300463962554,-66.08263400178578,-66.08263400178578
1654.4400463962554,-66.0746035961336,-66.0746035961336
1654.4500463962554,-66.06657567881417,-66.06657567881417
1654.4600463962554,-66.05854529129725,-66.05854529129725
1654.4700463962554,-66.05051069991849,-66.05051069991849
1654.4800463962556,-66.0424714531042,-66.0424714531042
1654.4900463962556,-66.0344276866003,-66.0344276866003
1654.5000463962556,-66.02637985823183,-66.02637985823183
1654.5100463962556,-66.01832861009986,-66.01832861009986
1654.5200463962556,-66.01027468775372,-66.01027468775372
1654.5300463962556,-66.00221889161388,-66.00221889161388
1654.5400463962555,-65.99416204784227,-65.99416204784227
1654.5500463962555,-65.98610499089276,-65.98610499089276
1654.5600463962555,-65.978048553178,-65.978048553178
1654.5700463962555,-65.96999355909672,-65.96999355909672
1654.5800463962555,-65.96194082165293,-65.96194082165293
1654.5900463962555,-65.95389114069711,-65.95389114069711
1654.6000463962555,-65.94584530214433,-65.94584530214433
1654.6100463962555,-65.9378040777082,-65.9378040777082
1654.6200463962555,-65.92976822506017,-65.92976822506017
1654.6300463962555,-65.92173848805545,-65.92173848805545
1654.6400463962555,-65.91371559714892,-65.91371559714892
1654.6500463962554,-65.90570026978396,-65.90570026978396
1654.6600463962554,-65.89769321080146,-65.89769321080146
1654.6700463962554,-65.88969511284479,-65.88969511284479
1654.6800463962554,-65.88170665671873,-65.88170665671873
1654.6900463962554,-65.87372851174288,-65.87372851174288
1654.7000463962554,-65.8657613360579,-65.8657613360579
1654.7100463962554,-65.85780577690063,-65.85780577690063
1654.7200463962554,-65.84986247087359,-65.84986247087359
1654.7300463962556,-65.84193204417487,-65.84193204417487
1654.7400463962556,-65.83401511281942,-65.83401511281942
1654.7500463962556,-65.82611228281776,-65.82611228281776
1654.7600463962556,-65.81822415037013,-65.81822415037013
1654.7700463962556,-65.8103513020186,-65.8103513020186
1654.7800463962556,-65.8024943148113,-65.8024943148113
1654.7900463962555,-65.79465375643301,-65.79465375643301
1654.8000463962555,-65.78683018535176,-65.78683018535176
1654.8100463962555,-65.77902415092684,-65.77902415092684
1654.8200463962555,-65.77123619354697,-65.77123619354697
1654.8300463962555,-65.7634668447373,-65.7634668447373
1654.8400463962555,-65.75571662724502,-65.75571662724502
1654.8500463962555,-65.74798605518961,-65.74798605518961
1654.8600463962555,-65.7402756341278,-65.7402756341278
1654.8700463962555,-65.73258586115698,-65.73258586115698
1654.8800463962555,-65.72491722502663,-65.72491722502663
1654.8900463962555,-65.71727020621942,-65.71727020621942
1654.9000463962554,-65.70964527704506,-65.70964527704506
1654.9100463962554,-65.70204290173206,-65.70204290173206
1654.9200463962554,-65.69446353650697,-65.69446353650697
1654.9300463962554,-65.6869076297034,-65.6869076297034
1654.9400463962554,-65.67937562182124,-65.67937562182124
1654.9500464200974,-65.67186792774977,-65.67186792774977
1654.9600464200973,-65.66438500845445,-65.66438500845445
1654.9700464200973,-65.65692726352306,-65.65692726352306
1654.9800464200973,-65.64949510303774,-65.64949510303774
1654.9900464200973,-65.64208892966964,-65.64208892966964
1655.0000464200973,-65.634709138776,-65.634709138776
1655.0100464200973,-65.62735611848038,-65.62735611848038
1655.0200464200973,-65.62003024973636,-65.62003024973636
1655.0300464200973,-65.61273190644482,-65.61273190644482
1655.0400464200973,-65.60546145549851,-65.60546145549851
1655.0500464200973,-65.59821925688122,-65.59821925688122
1655.0600464200973,-65.59100566374185,-65.59100566374185
1655.0700464200972,-65.5838210224721,-65.5838210224721
1655.0800464200975,-65.57666567278729,-65.57666567278729
1655.0900464200975,-65.56953994781234,-65.56953994781234
1655.1000464200974,-65.56244417413888,-65.56244417413888
1655.1100464200974,-65.55537867192736,-65.55537867192736
1655.1200464200974,-65.54834375496158,-65.54834375496158
1655.1300464200974,-65.54133973074288,-65.54133973074288
1655.1400464200974,-65.53436690055844,-65.53436690055844
1655.1500464200974,-65.52742555955416,-65.52742555955416
1655.1600464200974,-65.52051599681786,-65.52051599681786
1655.1700464200974,-65.51363849544734,-65.51363849544734
1655.1800464200974,-65.5067933326187,-65.5067933326187
1655.1900464200974,-65.49998077968377,-65.49998077968377
1655.2000464200974,-65.49320110221602,-65.49320110221602
1655.2100464200973,-65.48645456011053,-65.48645456011053
1655.2200464200973,-65.47974140761664,-65.47974140761664
1655.2300464200973,-65.47306189344813,-65.47306189344813
1655.2400464200973,-65.46641626084222,-65.46641626084222
1655.2500464200973,-65.45980474761637,-65.45980474761637
1655.2600464200973,-65.45322758626867,-65.45322758626867
1655.2700464200973,-65.44668500401589,-65.44668500401589
1655.2800464200973,-65.44017722287278,-65.44017722287278
1655.2900464200973,-65.43370445972569,-65.43370445972569
1655.3000464200973,-65.42726692639177,-65.42726692639177
1655.3100464200973,-65.42086482971156,-65.42086482971156
1655.3200464200972,-65.41449837157684,-65.41449837157684
1655.3300464200975,-65.40816774901525,-65.40816774901525
1655.3400464200975,-65.40187315426137,-65.40187315426137
1655.3500464200974,-65.39561477482395,-65.39561477482395
1655.3600464200974,-65.38939279352792,-65.38939279352792
1655.3700464200974,-65.38320738859578,-65.38320738859578
1655.3800464200974,-65.37705873371354,-65.37705873371354
1655.3900464200974,-65.37094699808465,-65.37094699808465
1655.4000464200974,-65.36487234648678,-65.36487234648678
1655.4100464200974,-65.35883493933858,-65.35883493933858
1655.4200464200974,-65.35283493277088,-65.35283493277088
1655.4300464200974,-65.34687247866842,-65.34687247866842
1655.4400464200974,-65.34094772474391,-65.34094772474391
1655.4500464200974,-65.3350608145875,-65.3350608145875
1655.4600464200973,-65.32921188772048,-65.32921188772048
1655.4700464200973,-65.32340107966844,-65.32340107966844
1655.4800464200973,-65.31762852200288,-65.31762852200288
1655.4900464200973,-65.31189434240832,-65.31189434240832
1655.5000464200973,-65.30619866472057,-65.30619866472057
1655.5100464200973,-65.30054160901264,-65.30054160901264
1655.5200464200973,-65.29492329161246,-65.29492329161246
1655.5300464200973,-65.28934382518385,-65.28934382518385
1655.5400464200973,-65.28380331876802,-65.28380331876802
1655.5500464200973,-65.27830187783296,-65.27830187783296
1655.5600464200973,-65.2728396043396,-65.2728396043396
1655.5700464200972,-65.2674165967636,-65.2674165967636
1655.5800464200975,-65.26203295018234,-65.26203295018234
1655.5900464200975,-65.25668875630426,-65.25668875630426
1655.6000464200974,-65.25138410351505,-65.25138410351505
1655.6100464200974,-65.24611907694343,-65.24611907694343
1655.6200464200974,-65.24089375849242,-65.24089375849242
1655.6300464200974,-65.23570822688507,-65.23570822688507
1655.6400464200974,-65.23056255773768,-65.23056255773768
1655.6500464200974,-65.22545682358161,-65.22545682358161
1655.6600464200974,-65.22039109390239,-65.22039109390239
1655.6700464200974,-65.21536543521641,-65.21536543521641
1655.6800464200974,-65.21037991108705,-65.21037991108705
1655.6900464200974,-65.20543458217598,-65.20543458217598
1655.7000464200974,-65.20052950630439,-65.20052950630439
1655.7100464200973,-65.19566473846717,-65.19566473846717
1655.7200464200973,-65.19084033089463,-65.19084033089463
1655.7300464200973,-65.18605633309271,-65.18605633309271
1655.7400464200973,-65.18131279187946,-65.18131279187946
1655.7500464200973,-65.1766097514142,-65.1766097514142
1655.7600464200973,-65.17194725327712,-65.17194725327712
1655.7700464200973,-65.16732533646062,-65.16732533646062
1655.7800464200973,-65.16274403743975,-65.16274403743975
1655.7900464200973,-65.15820339020591,-65.15820339020591
1655.8000464439392,-65.15370341557997,-65.15370341557997
1655.8100464439392,-65.1492441642363,-65.1492441642363
1655.8200464439392,-65.14482565207572,-65.14482565207572
1655.8300464439392,-65.14044790352686,-65.14044790352686
1655.8400464439392,-65.13611094070468,-65.13611094070468
1655.8500464439392,-65.13181478345619,-65.13181478345619
1655.8600464439392,-65.1275594493965,-65.1275594493965
1655.8700464439391,-65.12334495395491,-65.12334495395491
1655.8800464439391,-65.1191713103918,-65.1191713103918
1655.8900464439391,-65.11503852983908,-65.11503852983908
1655.9000464439391,-65.11094662134045,-65.11094662134045
1655.910046443939,-65.10689559186982,-65.10689559186982
1655.920046443939,-65.10288544639148,-65.10288544639148
1655.9300464439393,-65.09891618785592,-65.09891618785592
1655.9400464439393,-65.094987817253,-65.094987817253
1655.9500464439393,-65.09110033364009,-65.09110033364009
1655.9600464439393,-65.0872537341687,-65.0872537341687
1655.9700464439393,-65.08344801413396,-65.08344801413396
1655.9800464439393,-65.07968316697136,-65.07968316697136
1655.9900464439393,-65.07595918431545,-65.07595918431545
1656.0000464439393,-65.07227605601005,-65.07227605601005
1656.0100464439392,-65.06863377014865,-65.06863377014865
1656.0200464439392,-65.06503231309114,-65.06503231309114
1656.0300464439392,-65.06147166950828,-65.06147166950828
1656.0400464439392,-65.05795182239396,-65.05795182239396
1656.0500464439392,-65.05447275309972,-65.05447275309972
1656.0600464439392,-65.05103444136236,-65.05103444136236
1656.0700464439392,-65.04763686532756,-65.04763686532756
1656.0800464439392,-65.0442800015797,-65.0442800015797
1656.0900464439392,-65.04096382515277,-65.04096382515277
1656.1000464439392,-65.03768830958232,-65.03768830958232
1656.1100464439392,-65.03445342690068,-65.03445342690068
1656.1200464439391,-65.03125914769538,-65.03125914769538
1656.1300464439391,-65.02810544109602,-65.02810544109602
1656.1400464439391,-65.02499227482394,-65.02499227482394
1656.1500464439391,-65.02191961520909,-65.02191961520909
1656.160046443939,-65.01888742721515,-65.01888742721515
1656.170046443939,-65.0158956744601,-65.0158956744601
1656.1800464439393,-65.01294431923436,-65.01294431923436
1656.1900464439393,-65.01003332252711,-65.01003332252711
1656.2000464439393,-65.00716264404666,-65.00716264404666
1656.2100464439393,-65.00433224225677,-65.00433224225677
1656.2200464439393,-65.0015420743752,-65.0015420743752
1656.2300464439393,-64.99879209640896,-64.99879209640896
1656.2400464439393,-64.99608226317032,-64.99608226317032
1656.2500464439393,-64.99341252829706,-64.99341252829706
1656.2600464439392,-64.99078284427156,-64.99078284427156
1656.2700464439392,-64.9881931624457,-64.9881931624457
1656.2800464439392,-64.98564343306019,-64.98564343306019
1656.2900464439392,-64.98313360526095,-64.98313360526095
1656.3000464439392,-64.98066362711376,-64.98066362711376
1656.3100464439392,-64.9782334456378,-64.9782334456378
1656.3200464439392,-64.97584300680172,-64.97584300680172
1656.3300464439392,-64.9734922555618,-64.9734922555618
1656.3400464439392,-64.97118113587045,-64.97118113587045
1656.3500464439392,-64.96890959070322,-64.96890959070322
1656.3600464439392,-64.96667756206016,-64.96667756206016
1656.3700464439391,-64.96448499099915,-64.96448499099915
1656.3800464439391,-64.96233181763904,-64.96233181763904
1656.3900464439391,-64.96021798119082,-64.96021798119082
1656.4000464439391,-64.95814341996473,-64.95814341996473
1656.410046443939,-64.95610807138725,-64.95610807138725
1656.420046443939,-64.9541118720161,-64.9541118720161
1656.4300464439393,-64.95215475756086,-64.95215475756086
1656.4400464439393,-64.95023666290126,-64.95023666290126
1656.4500464439393,-64.94835752208837,-64.94835752208837
1656.4600464439393,-64.94651162848804,-64.94651162848804
1656.4700464439393,-64.9446964562254,-64.9446964562254
1656.4800464439393,-64.94291075054014,-64.94291075054014
1656.4900464439393,-64.9411538447001,-64.9411538447001
1656.5000464439393,-64.93942539903577,-64.93942539903577
1656.5100464439392,-64.93772526530262,-64.93772526530262
1656.5200464439392,-64.93605340701295,-64.93605340701295
1656.5300464439392,-64.93440985157937,-64.93440985157937
1656.5400464439392,-64.93279466151505,-64.93279466151505
1656.5500464439392,-64.93120791717293,-64.93120791717293
1656.5600464439392,-64.92964970649672,-64.92964970649672
1656.5700464439392,-64.92812011903042,-64.92812011903042
1656.5800464439392,-64.92661924255034,-64.92661924255034
1656.5900464439392,-64.92514716120866,-64.92514716120866
1656.6000464439392,-64.92370395467978,-64.92370395467978
1656.6100464439392,-64.92228969786578,-64.92228969786578
1656.6200464439391,-64.92090446091622,-64.92090446091622
1656.6300464439391,-64.9195483094164,-64.9195483094164
1656.6400464439391,-64.91822130466585,-64.91822130466585
1656.650046467781,-64.91692350094891,-64.91692350094891
1656.660046467781,-64.91565495823119,-64.91565495823119
1656.670046467781,-64.9144157237437,-64.9144157237437
1656.680046467781,-64.9132058448459,-64.9132058448459
1656.690046467781,-64.91202536610169,-64.91202536610169
1656.700046467781,-64.9108743295144,-64.9108743295144
1656.710046467781,-64.90974713694989,-64.90974713694989
1656.720046467781,-64.90864136773583,-64.90864136773583
1656.730046467781,-64.9075558703254,-64.9075558703254
1656.740046467781,-64.9064900797172,-64.9064900797172
1656.750046467781,-64.90544375678452,-64.90544375678452
1656.760046467781,-64.9044168527769,-64.9044168527769
1656.770046467781,-64.90340942978784,-64.90340942978784
1656.7800464677812,-64.90242161298337,-64.90242161298337
1656.7900464677812,-64.90145356186608,-64.90145356186608
1656.8000464677812,-64.90050545304126,-64.90050545304126
1656.8100464677811,-64.89957747003797,-64.89957747003797
1656.8200464677811,-64.89866979730665,-64.89866979730665
1656.8300464677811,-64.89778261686195,-64.89778261686195
1656.8400464677811,-64.89691610646047,-64.89691610646047
1656.850046467781,-64.89607043874771,-64.89607043874771
1656.860046467781,-64.89524578094328,-64.89524578094328
1656.870046467781,-64.89444229486277,-64.89444229486277
1656.880046467781,-64.893660137133,-64.893660137133
1656.890046467781,-64.89289945943656,-64.89289945943656
1656.900046467781,-64.89216040884533,-64.89216040884533
1656.910046467781,-64.89144312815031,-64.89144312815031
1656.920046467781,-64.89074775613709,-64.89074775613709
1656.930046467781,-64.89007442787361,-64.89007442787361
1656.940046467781,-64.8894232749481,-64.8894232749481
1656.950046467781,-64.88879442569655,-64.88879442569655
1656.960046467781,-64.88818800538414,-64.88818800538414
1656.970046467781,-64.8876041363692,-64.8876041363692
1656.980046467781,-64.88704293823561,-64.88704293823561
1656.990046467781,-64.88650452793375,-64.88650452793375
1657.000046467781,-64.88598901986268,-64.88598901986268
1657.010046467781,-64.88549652597251,-64.88549652597251
1657.020046467781,-64.88502715581029,-64.88502715581029
1657.0300464677812,-64.88458101662297,-64.88458101662297
1657.0400464677812,-64.88415821336578,-64.88415821336578
1657.0500464677812,-64.88375884876605,-64.88375884876605
1657.0600464677811,-64.88338302337284,-64.88338302337284
1657.0700464677811,-64.88303083557074,-64.88303083557074
1657.0800464677811,-64.88270238161552,-64.88270238161552
1657.0900464677811,-64.88239775563878,-64.88239775563878
1657.100046467781,-64.88211704968755,-64.88211704968755
1657.110046467781,-64.8818603537367,-64.8818603537367
1657.120046467781,-64.88162775569779,-64.88162775569779
1657.130046467781,-64.88141934143006,-64.88141934143006
1657.140046467781,-64.8812351947576,-64.8812351947576
1657.150046467781,-64.88107539748522,-64.88107539748522
1657.160046467781,-64.88094002939036,-64.88094002939036
1657.170046467781,-64.88082916824168,-64.88082916824168
1657.180046467781,-64.88074288982611,-64.88074288982611
1657.190046467781,-64.88068126791413,-64.88068126791413
1657.200046467781,-64.88064437431203,-64.88064437431203
1657.210046467781,-64.88063227883882,-64.88063227883882
1657.220046467781,-64.88064504935954,-64.88064504935954
1657.230046467781,-64.88068275177565,-64.88068275177565
1657.240046467781,-64.88074545004787,-64.88074545004787
1657.250046467781,-64.88083320618179,-64.88083320618179
1657.260046467781,-64.88094608027812,-64.88094608027812
1657.270046467781,-64.88108413050176,-64.88108413050176
1657.2800464677812,-64.8812474131125,-64.8812474131125
1657.2900464677812,-64.88143598247656,-64.88143598247656
1657.3000464677812,-64.88164989107416,-64.88164989107416
1657.3100464677811,-64.88188918950247,-64.88188918950247
1657.3200464677811,-64.88215392650828,-64.88215392650828
1657.3300464677811,-64.88244414897767,-64.88244414897767
1657.3400464677811,-64.88275990196743,-64.88275990196743
1657.350046467781,-64.88310122870773,-64.88310122870773
1657.360046467781,-64.88346817061668,-64.88346817061668
1657.370046467781,-64.88386076732094,-64.88386076732094
1657.380046467781,-64.88427905665549,-64.88427905665549
1657.390046467781,-64.88472307469137,-64.88472307469137
1657.400046467781,-64.88519285575636,-64.88519285575636
1657.410046467781,-64.8856884324307,-64.8856884324307
1657.420046467781,-64.88620983557423,-64.88620983557423
1657.430046467781,-64.88675709433751,-64.88675709433751
1657.440046467781,-64.8873302361905,-64.8873302361905
1657.450046467781,-64.88792928691994,-64.88792928691994
1657.460046467781,-64.88855427066346,-64.88855427066346
1657.470046467781,-64.88920520990679,-64.88920520990679
1657.480046467781,-64.88988212552047,-64.88988212552047
1657.490046467781,-64.89058503676782,-64.89058503676782
1657.500046491623,-64.89131396307775,-64.89131396307775
1657.510046491623,-64.89206891711035,-64.89206891711035
1657.520046491623,-64.8928499150885,-64.8928499150885
1657.530046491623,-64.89365697001828,-64.89365697001828
1657.540046491623,-64.89449009338924,-64.89449009338924
1657.5500464916229,-64.89534929518034,-64.89534929518034
1657.5600464916229,-64.8962345838968,-64.8962345838968
1657.5700464916229,-64.8971459665702,-64.8971459665702
1657.5800464916229,-64.8980834487903,-64.8980834487903
1657.5900464916228,-64.8990470347013,-64.8990470347013
1657.6000464916228,-64.90003672705429,-64.90003672705429
1657.6100464916228,-64.9010525271882,-64.9010525271882
1657.6200464916228,-64.902094435074,-64.902094435074
1657.630046491623,-64.90316244932187,-64.90316244932187
1657.640046491623,-64.90425656719349,-64.90425656719349
1657.650046491623,-64.90537678464523,-64.90537678464523
1657.660046491623,-64.90652309630963,-64.90652309630963
1657.670046491623,-64.90769549554439,-64.90769549554439
1657.680046491623,-64.90889397442689,-64.90889397442689
1657.690046491623,-64.91011852378237,-64.91011852378237
1657.700046491623,-64.9113691332175,-64.9113691332175
1657.710046491623,-64.91264579110654,-64.91264579110654
1657.720046491623,-64.91394848462585,-64.91394848462585
1657.730046491623,-64.91527719976605,-64.91527719976605
1657.740046491623,-64.9166319213625,-64.9166319213625
1657.750046491623,-64.91801263310337,-64.91801263310337
1657.760046491623,-64.9194193175314,-64.9194193175314
1657.770046491623,-64.92085195608615,-64.92085195608615
1657.780046491623,-64.92231052911184,-64.92231052911184
1657.790046491623,-64.92379501587028,-64.92379501587028
1657.8000464916229,-64.92530539455565,-64.92530539455565
1657.8100464916229,-64.92684164232048,-64.92684164232048
1657.8200464916229,-64.9284037352842,-64.9284037352842
1657.8300464916229,-64.92999164855881,-64.92999164855881
1657.8400464916228,-64.93160535623618,-64.93160535623618
1657.8500464916228,-64.9332448314521,-64.9332448314521
1657.8600464916228,-64.93491004635807,-64.93491004635807
1657.8700464916228,-64.93660097216483,-64.93660097216483
1657.880046491623,-64.93831757913975,-64.93831757913975
1657.890046491623,-64.94005983663253,-64.94005983663253
1657.900046491623,-64.94182771309933,-64.94182771309933
1657.910046491623,-64.94362117608945,-64.94362117608945
1657.920046491623,-64.94544019229035,-64.94544019229035
1657.930046491623,-64.94728472752347,-64.94728472752347
1657.940046491623,-64.94915474675926,-64.94915474675926
1657.950046491623,-64.95105021415887,-64.95105021415887
1657.960046491623,-64.95297109304538,-64.95297109304538
1657.970046491623,-64.95491734594823,-64.95491734594823
1657.980046491623,-64.9568889346103,-64.9568889346103
1657.990046491623,-64.95888581999706,-64.95888581999706
1658.000046491623,-64.96090796231242,-64.96090796231242
1658.010046491623,-64.9629553210205,-64.9629553210205
1658.020046491623,-64.96502785484917,-64.96502785484917
1658.030046491623,-64.96712552180156,-64.96712552180156
1658.040046491623,-64.96924827918482,-64.96924827918482
1658.0500464916229,-64.97139608360034,-64.97139608360034
1658.0600464916229,-64.97356889097622,-64.97356889097622
1658.0700464916229,-64.97576665656906,-64.97576665656906
1658.0800464916229,-64.97798933497906,-64.97798933497906
1658.0900464916228,-64.98023688016207,-64.98023688016207
1658.1000464916228,-64.98250924545421,-64.98250924545421
1658.1100464916228,-64.98480638355684,-64.98480638355684
1658.1200464916228,-64.9871282465704,-64.9871282465704
1658.130046491623,-64.98947478599875,-64.98947478599875
1658.140046491623,-64.99184595276624,-64.99184595276624
1658.150046491623,-64.99424169722178,-64.99424169722178
1658.160046491623,-64.99666196915364,-64.99666196915364
1658.170046491623,-64.9991067177979,-64.9991067177979
1658.180046491623,-65.00157589185667,-65.00157589185667
1658.190046491623,-65.00406943950419,-65.00406943950419
1658.200046491623,-65.00658730839073,-65.00658730839073
1658.210046491623,-65.00912379316476,-65.00912379316476
1658.220046491623,-65.01167637179121,-65.01167637179121
1658.230046491623,-65.01424379480886,-65.01424379480886
1658.240046491623,-65.01682540168432,-65.01682540168432
1658.250046491623,-65.01942085974345,-65.01942085974345
1658.260046491623,-65.02203002842838,-65.02203002842838
1658.270046491623,-65.02465287963211,-65.02465287963211
1658.280046491623,-65.0272894498246,-65.0272894498246
1658.290046491623,-65.02993981128077,-65.02993981128077
1658.3000464916229,-65.03260405476306,-65.03260405476306
1658.3100464916229,-65.03528227929809,-65.03528227929809
1658.3200464916229,-65.03797458615364,-65.03797458615364
1658.3300464916229,-65.0406810754193,-65.0406810754193
1658.3400464916228,-65.04340184416833,-65.04340184416833
1658.3500465154648,-65.04613699210536,-65.04613699210536
1658.3600465154648,-65.04888659514717,-65.04888659514717
1658.3700465154648,-65.05165074447194,-65.05165074447194
1658.3800465154648,-65.05442952071384,-65.05442952071384
1658.3900465154647,-65.05722300072586,-65.05722300072586
1658.4000465154647,-65.06003125784439,-65.06003125784439
1658.4100465154647,-65.06285436223936,-65.06285436223936
1658.4200465154647,-65.06569238116465,-65.06569238116465
1658.4300465154647,-65.06854537924954,-65.06854537924954
1658.4400465154647,-65.07141341872389,-65.07141341872389
1658.4500465154647,-65.07429655963972,-65.07429655963972
1658.4600465154647,-65.07719486004267,-65.07719486004267
1658.4700465154647,-65.0801083761306,-65.0801083761306
1658.480046515465,-65.0830371623984,-65.0830371623984
1658.4900465154649,-65.08598127174488,-65.08598127174488
1658.5000465154649,-65.08894075558328,-65.08894075558328
1658.5100465154649,-65.09191566390874,-65.09191566390874
1658.5200465154649,-65.09490604537123,-65.09490604537123
1658.5300465154648,-65.09791194734197,-65.09791194734197
1658.5400465154648,-65.10093341595005,-65.10093341595005
1658.5500465154648,-65.10397049612583,-65.10397049612583
1658.5600465154648,-65.10702323164296,-65.10702323164296
1658.5700465154648,-65.11009166513401,-65.11009166513401
1658.5800465154648,-65.11317583810941,-65.11317583810941
1658.5900465154648,-65.11627579099189,-65.11627579099189
1658.6000465154648,-65.11939156311904,-65.11939156311904
1658.6100465154648,-65.12252319275049,-65.12252319275049
1658.6200465154648,-65.12567071709611,-65.12567071709611
1658.6300465154648,-65.12883417230653,-65.12883417230653
1658.6400465154647,-65.13201359347741,-65.13201359347741
1658.6500465154647,-65.13520901466454,-65.13520901466454
1658.6600465154647,-65.13842046888338,-65.13842046888338
1658.6700465154647,-65.14164798811666,-65.14164798811666
1658.6800465154647,-65.14489160330204,-65.14489160330204
1658.6900465154647,-65.1481513443517,-65.1481513443517
1658.7000465154647,-65.15142724014115,-65.15142724014115
1658.7100465154647,-65.15471931852116,-65.15471931852116
1658.7200465154647,-65.15802760630991,-65.15802760630991
1658.730046515465,-65.16135212929744,-65.16135212929744
1658.7400465154649,-65.16469291224753,-65.16469291224753
1658.7500465154649,-65.1680499789005,-65.1680499789005
1658.7600465154649,-65.1714233519788,-65.1714233519788
1658.7700465154649,-65.17481305318456,-65.17481305318456
1658.7800465154648,-65.17821910319958,-65.17821910319958
1658.7900465154648,-65.18164152167952,-65.18164152167952
1658.8000465154648,-65.18508032729176,-65.18508032729176
1658.8100465154648,-65.1885355376699,-65.1885355376699
1658.8200465154648,-65.19200716946982,-65.19200716946982
1658.8300465154648,-65.19549523831958,-65.19549523831958
1658.8400465154648,-65.19899975887073,-65.19899975887073
1658.8500465154648,-65.20252074477021,-65.20252074477021
1658.8600465154648,-65.20605820867175,-65.20605820867175
1658.8700465154648,-65.20961216226856,-65.20961216226856
1658.8800465154648,-65.2131826162499,-65.2131826162499
1658.8900465154647,-65.21676958035492,-65.21676958035492
1658.9000465154647,-65.22037306334681,-65.22037306334681
1658.9100465154647,-65.223993073026,-65.223993073026
1658.9200465154647,-65.2276296162429,-65.2276296162429
1658.9300465154647,-65.23128269891183,-65.23128269891183
1658.9400465154647,-65.2349523259912,-65.2349523259912
1658.9500465154647,-65.23863850152081,-65.23863850152081
1658.9600465154647,-65.24234122860602,-65.24234122860602
1658.9700465154647,-65.24606050944473,-65.24606050944473
1658.980046515465,-65.24979634531556,-65.24979634531556
1658.9900465154649,-65.25354873660451,-65.25354873660451
1659.0000465154649,-65.25731768279478,-65.25731768279478
1659.0100465154649,-65.26110318249759,-65.26110318249759
1659.0200465154649,-65.26490523344525,-65.26490523344525
1659.0300465154648,-65.26872383249031,-65.26872383249031
1659.0400465154648,-65.27255897563899,-65.27255897563899
1659.0500465154648,-65.27641065804782,-65.27641065804782
1659.0600465154648,-65.2802788740153,-65.2802788740153
1659.0700465154648,-65.28416361703486,-65.28416361703486
1659.0800465154648,-65.28806487975905,-65.28806487975905
1659.0900465154648,-65.29198265403541,-65.29198265403541
1659.1000465154648,-65.29591693090039,-65.29591693090039
1659.1100465154648,-65.29986770060373,-65.29986770060373
1659.1200465154648,-65.30383495260034,-65.30383495260034
1659.1300465154648,-65.30781867557954,-65.30781867557954
1659.1400465154647,-65.31181885746355,-65.31181885746355
1659.1500465154647,-65.31583548541374,-65.31583548541374
1659.1600465154647,-65.31986854584713,-65.31986854584713
1659.1700465154647,-65.32391802443871,-65.32391802443871
1659.1800465154647,-65.3279839061516,-65.3279839061516
1659.1900465154647,-65.33206617520803,-65.33206617520803
1659.2000465393066,-65.33616482492383,-65.33616482492383
1659.2100465393066,-65.3402798186243,-65.3402798186243
1659.2200465393066,-65.34441114816231,-65.34441114816231
1659.2300465393066,-65.34855879501319,-65.34855879501319
1659.2400465393066,-65.35272273996176,-65.35272273996176
1659.2500465393066,-65.35690296314837,-65.35690296314837
1659.2600465393066,-65.3610994440507,-65.3610994440507
1659.2700465393066,-65.36531216151785,-65.36531216151785
1659.2800465393066,-65.36954109375367,-65.36954109375367
1659.2900465393066,-65.37378621836014,-65.37378621836014
1659.3000465393065,-65.3780475123111,-65.3780475123111
1659.3100465393065,-65.38232495198446,-65.38232495198446
1659.3200465393065,-65.38661851316418,-65.38661851316418
1659.3300465393067,-65.3909281710492,-65.3909281710492
1659.3400465393067,-65.3952539002707,-65.3952539002707
1659.3500465393067,-65.3995956748847,-65.3995956748847
1659.3600465393067,-65.40395346840205,-65.40395346840205
1659.3700465393067,-65.40832725377302,-65.40832725377302
1659.3800465393067,-65.41271700342317,-65.41271700342317
1659.3900465393067,-65.41712268925103,-65.41712268925103
1659.4000465393067,-65.42154428261539,-65.42154428261539
1659.4100465393067,-65.42598175438506,-65.42598175438506
1659.4200465393067,-65.43043507491711,-65.43043507491711
1659.4300465393067,-65.43490421407037,-65.43490421407037
1659.4400465393066,-65.43938914123486,-65.43938914123486
1659.4500465393066,-65.44388982530651,-65.44388982530651
1659.4600465393066,-65.44840623472129,-65.44840623472129
1659.4700465393066,-65.4529383374554,-65.4529383374554
1659.4800465393066,-65.45748610104101,-65.45748610104101
1659.4900465393066,-65.46204949255058,-65.46204949255058
1659.5000465393066,-65.46662847862613,-65.46662847862613
1659.5100465393066,-65.4712230254973,-65.4712230254973
1659.5200465393066,-65.47583309896794,-65.47583309896794
1659.5300465393066,-65.48045866441575,-65.48045866441575
1659.5400465393066,-65.48509968683518,-65.48509968683518
1659.5500465393065,-65.48975613081399,-65.48975613081399
1659.5600465393065,-65.4944279605604,-65.4944279605604
1659.5700465393065,-65.49911513989312,-65.49911513989312
1659.5800465393067,-65.50381763226639,-65.50381763226639
1659.5900465393067,-65.50853540077173,-65.50853540077173
1659.6000465393067,-65.51326840812754,-65.51326840812754
1659.6100465393067,-65.5180166167222,-65.5180166167222
1659.6200465393067,-65.522779988583,-65.522779988583
1659.6300465393067,-65.5275584854075,-65.5275584854075
1659.6400465393067,-65.53235206856442,-65.53235206856442
1659.6500465393067,-65.53716069910429,-65.53716069910429
1659.6600465393067,-65.54198433775464,-65.54198433775464
1659.6700465393067,-65.5468229449396,-65.5468229449396
1659.6800465393067,-65.5516764807724,-65.5516764807724
1659.6900465393066,-65.55654490508878,-65.55654490508878
1659.7000465393066,-65.56142817741954,-65.56142817741954
1659.7100465393066,-65.56632625701398,-65.56632625701398
1659.7200465393066,-65.57123910285127,-65.57123910285127
1659.7300465393066,-65.57616667363747,-65.57616667363747
1659.7400465393066,-65.58110892780944,-65.58110892780944
1659.7500465393066,-65.58606582355958,-65.58606582355958
1659.7600465393066,-65.59103731881508,-65.59103731881508
1659.7700465393066,-65.59602337126888,-65.59602337126888
1659.7800465393066,-65.60102393836205,-65.60102393836205
1659.7900465393066,-65.60603897731544,-65.60603897731544
1659.8000465393065,-65.61106844510613,-65.61106844510613
1659.8100465393065,-65.61611229849335,-65.61611229849335
1659.8200465393065,-65.62117049402855,-65.62117049402855
1659.8300465393067,-65.62624298804182,-65.62624298804182
1659.8400465393067,-65.63132973666217,-65.63132973666217
1659.8500465393067,-65.6364306958086,-65.6364306958086
1659.8600465393067,-65.64154582121448,-65.64154582121448
1659.8700465393067,-65.64667506842378,-65.64667506842378
1659.8800465393067,-65.65181839277604,-65.65181839277604
1659.8900465393067,-65.65697574944758,-65.65697574944758
1659.9000465393067,-65.66214709344537,-65.66214709344537
1659.9100465393067,-65.66733237958654,-65.66733237958654
1659.9200465393067,-65.67253156253335,-65.67253156253335
1659.9300465393067,-65.67774459678809,-65.67774459678809
1659.9400465393066,-65.68297143669332,-65.68297143669332
1659.9500465393066,-65.68821203643864,-65.68821203643864
1659.9600465393066,-65.69346635007051,-65.69346635007051
1659.9700465393066,-65.69873433149596,-65.69873433149596
1659.9800465393066,-65.7040159344682,-65.7040159344682
1659.9900465393066,-65.7093111126182,-65.7093111126182
1660.0000465393066,-65.71461981945093,-65.71461981945093
1660.0100465393066,-65.71994200834078,-65.71994200834078
1660.0200465393066,-65.72527763253937,-65.72527763253937
1660.0300465393066,-65.73062664518078,-65.73062664518078
1660.0400465393066,-65.73598899929024,-65.73598899929024
1660.0500465631485,-65.741364660599,-65.741364660599
1660.0600465631485,-65.7467535563326,-65.7467535563326
1660.0700465631485,-65.75215565195644,-65.75215565195644
1660.0800465631485,-65.75757090009002,-65.75757090009002
1660.0900465631485,-65.76299925325019,-65.76299925325019
1660.1000465631485,-65.76844066386016,-65.76844066386016
1660.1100465631484,-65.77389508426376,-65.77389508426376
1660.1200465631484,-65.77936246671734,-65.77936246671734
1660.1300465631484,-65.78484276340008,-65.78484276340008
1660.1400465631484,-65.79033592640695,-65.79033592640695
1660.1500465631484,-65.79584190778249,-65.79584190778249
1660.1600465631484,-65.80136065947889,-65.80136065947889
1660.1700465631484,-65.80689213339372,-65.80689213339372
1660.1800465631486,-65.81243628136365,-65.81243628136365
1660.1900465631486,-65.81799305515808,-65.81799305515808
1660.2000465631486,-65.8235624064951,-65.8235624064951
1660.2100465631486,-65.82914428703965,-65.82914428703965
1660.2200465631486,-65.83473864840602,-65.83473864840602
1660.2300465631486,-65.84034544216864,-65.84034544216864
1660.2400465631486,-65.84596461984447,-65.84596461984447
1660.2500465631485,-65.85159613292201,-65.85159613292201
1660.2600465631485,-65.8572399328386,-65.8572399328386
1660.2700465631485,-65.86289597101165,-65.86289597101165
1660.2800465631485,-65.86856419882149,-65.86856419882149
1660.2900465631485,-65.87424456760722,-65.87424456760722
1660.3000465631485,-65.87993702869441,-65.87993702869441
1660.3100465631485,-65.88564153338196,-65.88564153338196
1660.3200465631485,-65.89135803294167,-65.89135803294167
1660.3300465631485,-65.89708647862781,-65.89708647862781
1660.3400465631485,-65.90282682168349,-65.90282682168349
1660.3500465631485,-65.90857901333062,-65.90857901333062
1660.3600465631484,-65.9143430047864,-65.9143430047864
1660.3700465631484,-65.9201187472512,-65.9201187472512
1660.3800465631484,-65.92590619191823,-65.92590619191823
1660.3900465631484,-65.93170528998296,-65.93170528998296
1660.4000465631484,-65.93751599264098,-65.93751599264098
1660.4100465631484,-65.94333825107796,-65.94333825107796
1660.4200465631484,-65.94917201648158,-65.94917201648158
1660.4300465631486,-65.95501724005278,-65.95501724005278
1660.4400465631486,-65.9608738729934,-65.9608738729934
1660.4500465631486,-65.9667418665124,-65.9667418665124
1660.4600465631486,-65.97261542704156,-65.97261542704156
1660.4700465631486,-65.97849199099679,-65.97849199099679
1660.4800465631486,-65.98437028666208,-65.98437028666208
1660.4900465631486,-65.99024964062994,-65.99024964062994
1660.5000465631485,-65.99612971290587,-65.99612971290587
1660.5100465631485,-66.00201035925457,-66.00201035925457
1660.5200465631485,-66.0078915504397,-66.0078915504397
1660.5300465631485,-66.01377332368607,-66.01377332368607
1660.5400465631485,-66.01965575350283,-66.01965575350283
1660.5500465631485,-66.02553893416345,-66.02553893416345
1660.5600465631485,-66.03142296925621,-66.03142296925621
1660.5700465631485,-66.03730796559897,-66.03730796559897
1660.5800465631485,-66.04319402971801,-66.04319402971801
1660.5900465631485,-66.0490812659589,-66.0490812659589
1660.6000465631485,-66.05496977552971,-66.05496977552971
1660.6100465631484,-66.06085965614218,-66.06085965614218
1660.6200465631484,-66.06675100197421,-66.06675100197421
1660.6300465631484,-66.07264390382257,-66.07264390382257
1660.6400465631484,-66.078538449315,-66.078538449315
1660.6500465631484,-66.08443472322001,-66.08443472322001
1660.6600465631484,-66.09033280770267,-66.09033280770267
1660.6700465631484,-66.09623278260077,-66.09623278260077
1660.6800465631486,-66.1021347256735,-66.1021347256735
1660.6900465631486,-66.10803871281996,-66.10803871281996
1660.7000465631486,-66.11394481825873,-66.11394481825873
1660.7100465631486,-66.11984735690469,-66.11984735690469
1660.7200465631486,-66.12574387946549,-66.12574387946549
1660.7300465631486,-66.13163323015735,-66.13163323015735
1660.7400465631486,-66.13751485168075,-66.13751485168075
1660.7500465631485,-66.14338851986258,-66.14338851986258
1660.7600465631485,-66.149254205754,-66.149254205754
1660.7700465631485,-66.1551119947612,-66.1551119947612
1660.7800465631485,-66.16096203804426,-66.16096203804426
1660.7900465631485,-66.16680452333061,-66.16680452333061
1660.8000465631485,-66.17263965735333,-66.17263965735333
1660.8100465631485,-66.17846765543389,-66.17846765543389
1660.8200465631485,-66.18428873536207,-66.18428873536207
1660.8300465631485,-66.19010311390645,-66.19010311390645
1660.8400465631485,-66.19591100488628,-66.19591100488628
1660.8500465631485,-66.20171261824801,-66.20171261824801
1660.8600465631484,-66.20750815967696,-66.20750815967696
1660.8700465631484,-66.2132978305664,-66.2132978305664
1660.8800465631484,-66.21908182814595,-66.21908182814595
1660.8900465631484,-66.22486034572235,-66.22486034572235
1660.9000465869904,-66.23063358669694,-66.23063358669694
1660.9100465869903,-66.23640170981761,-66.23640170981761
1660.9200465869903,-66.24216491197865,-66.24216491197865
1660.9300465869903,-66.24792337342691,-66.24792337342691
1660.9400465869903,-66.25367727172768,-66.25367727172768
1660.9500465869903,-66.25942678194998,-66.25942678194998
1660.9600465869903,-66.26516630675911,-66.26516630675911
1660.9700465869903,-66.27089349092577,-66.27089349092577
1660.9800465869903,-66.27660727468974,-66.27660727468974
1660.9900465869903,-66.2823071972476,-66.2823071972476
1661.0000465869903,-66.28799313077229,-66.28799313077229
1661.0100465869903,-66.29366514223284,-66.29366514223284
1661.0200465869902,-66.29932341233699,-66.29932341233699
1661.0300465869905,-66.30496818686123,-66.30496818686123
1661.0400465869905,-66.31059974733307,-66.31059974733307
1661.0500465869904,-66.31621839348642,-66.31621839348642
1661.0600465869904,-66.32182443278529,-66.32182443278529
1661.0700465869904,-66.32741817429364,-66.32741817429364
1661.0800465869904,-66.33299992515671,-66.33299992515671
1661.0900465869904,-66.33856998869057,-66.33856998869057
1661.1000465869904,-66.344128663426,-66.344128663426
1661.1100465869904,-66.34967624273649,-66.34967624273649
1661.1200465869904,-66.35521301479585,-66.35521301479585
1661.1300465869904,-66.36073926269098,-66.36073926269098
1661.1400465869904,-66.36625526468701,-66.36625526468701
1661.1500465869904,-66.37176129446208,-66.37176129446208
1661.1600465869903,-66.37725762139578,-66.37725762139578
1661.1700465869903,-66.38274451082751,-66.38274451082751
1661.1800465869903,-66.38822222427972,-66.38822222427972
1661.1900465869903,-66.39369101969595,-66.39369101969595
1661.2000465869903,-66.39915115159887,-66.39915115159887
1661.2100465869903,-66.40460287127054,-66.40460287127054
1661.2200465869903,-66.41004642686866,-66.41004642686866
1661.2300465869903,-66.41548206356154,-66.41548206356154
1661.2400465869903,-66.42091002360728,-66.42091002360728
1661.2500465869903,-66.42633054644837,-66.42633054644837
1661.2600465869903,-66.4317438687628,-66.4317438687628
1661.2700465869902,-66.43715022453779,-66.43715022453779
1661.2800465869905,-66.44254984508417,-66.44254984508417
1661.2900465869905,-66.44794295910265,-66.44794295910265
1661.3000465869904,-66.45332979270843,-66.45332979270843
1661.3100465869904,-66.45871056942902,-66.45871056942902
1661.3200465869904,-66.46408551025311,-66.46408551025311
1661.3300465869904,-66.46945483362175,-66.46945483362175
1661.3400465869904,-66.47481875545736,-66.47481875545736
1661.3500465869904,-66.48017748916403,-66.48017748916403
1661.3600465869904,-66.48553124563223,-66.48553124563223
1661.3700465869904,-66.49088023324934,-66.49088023324934
1661.3800465869904,-66.49622465790272,-66.49622465790272
1661.3900465869904,-66.50156472297928,-66.50156472297928
1661.4000465869904,-66.50690062938513,-66.50690062938513
1661.4100465869903,-66.51223257552802,-66.51223257552802
1661.4200465869903,-66.51756075732727,-66.51756075732727
1661.4300465869903,-66.52288536822607,-66.52288536822607
1661.4400465869903,-66.52820659918498,-66.52820659918498
1661.4500465869903,-66.5335246386959,-66.5335246386959
1661.4600465869903,-66.53883967277476,-66.53883967277476
1661.4700465869903,-66.54415188496753,-66.54415188496753
1661.4800465869903,-66.54946145636424,-66.54946145636424
1661.4900465869903,-66.55476856561005,-66.55476856561005
1661.5000465869903,-66.5600733888885,-66.5600733888885
1661.5100465869903,-66.56537609995803,-66.56537609995803
1661.5200465869902,-66.57067687013458,-66.57067687013458
1661.5300465869905,-66.57597586832027,-66.57597586832027
1661.5400465869905,-66.58127326099834,-66.58127326099834
1661.5500465869904,-66.58656921224572,-66.58656921224572
1661.5600465869904,-66.59186388376214,-66.59186388376214
1661.5700465869904,-66.59715743485631,-66.59715743485631
1661.5800465869904,-66.60245002246525,-66.60245002246525
1661.5900465869904,-66.60774180117552,-66.60774180117552
1661.6000465869904,-66.61303292322981,-66.61303292322981
1661.6100465869904,-66.61832353854616,-66.61832353854616
1661.6200465869904,-66.62361379472156,-66.62361379472156
1661.6300465869904,-66.62890383705215,-66.62890383705215
1661.6400465869904,-66.63419380855578,-66.63419380855578
1661.6500465869904,-66.639483849977,-66.639483849977
1661.6600465869903,-66.64477409980636,-66.64477409980636
1661.6700465869903,-66.65006469430082,-66.65006469430082
1661.6800465869903,-66.65535576749244,-66.65535576749244
1661.6900465869903,-66.6606474512179,-66.6606474512179
1661.7000465869903,-66.66593987513372,-66.66593987513372
1661.7100465869903,-66.6712331667132,-66.6712331667132
1661.7200465869903,-66.67652745129628,-66.67652745129628
1661.7300465869903,-66.68182285209429,-66.68182285209429
1661.7400465869903,-66.68711949019944,-66.68711949019944
1661.7500466108322,-66.69241749724114,-66.69241749724114
1661.7600466108322,-66.69771696492188,-66.69771696492188
1661.7700466108322,-66.70301802072264,-66.70301802072264
1661.7800466108322,-66.70832077749417,-66.70832077749417
1661.7900466108322,-66.71362534607263,-66.71362534607263
1661.8000466108322,-66.71893183529849,-66.71893183529849
1661.8100466108322,-66.72424035203915,-66.72424035203915
1661.8200466108322,-66.72955100121848,-66.72955100121848
1661.8300466108321,-66.73486388581014,-66.73486388581014
1661.8400466108321,-66.74017910689064,-66.74017910689064
1661.8500466108321,-66.74549676363641,-66.74549676363641
1661.8600466108321,-66.7508169533641,-66.7508169533641
1661.870046610832,-66.75613977152759,-66.75613977152759
1661.8800466108323,-66.7614653117547,-66.7614653117547
1661.8900466108323,-66.76679366586848,-66.76679366586848
1661.9000466108323,-66.77212492389909,-66.77212492389909
1661.9100466108323,-66.77745917411062,-66.77745917411062
1661.9200466108323,-66.78279650301896,-66.78279650301896
1661.9300466108323,-66.78813699541547,-66.78813699541547
1661.9400466108323,-66.79348073437826,-66.79348073437826
1661.9500466108323,-66.79882780131256,-66.79882780131256
1661.9600466108323,-66.80417245963068,-66.80417245963068
1661.9700466108322,-66.8095122420538,-66.8095122420538
1661.9800466108322,-66.81484598779782,-66.81484598779782
1661.9900466108322,-66.8201731402624,-66.8201731402624
1662.0000466108322,-66.82549347884888,-66.82549347884888
1662.0100466108322,-66.8308069795764,-66.8308069795764
1662.0200466108322,-66.83611373335327,-66.83611373335327
1662.0300466108322,-66.84141389686012,-66.84141389686012
1662.0400466108322,-66.84670766301655,-66.84670766301655
1662.0500466108322,-66.85199524324581,-66.85199524324581
1662.0600466108322,-66.85727685694998,-66.85727685694998
1662.0700466108322,-66.86255272532001,-66.86255272532001
1662.0800466108321,-66.8678230678103,-66.8678230678103
1662.0900466108321,-66.87308810020834,-66.87308810020834
1662.1000466108321,-66.87834803370863,-66.87834803370863
1662.1100466108321,-66.88360307456234,-66.88360307456234
1662.120046610832,-66.88885342401471,-66.88885342401471
1662.1300466108323,-66.89409927851614,-66.89409927851614
1662.1400466108323,-66.89934082992905,-66.89934082992905
1662.1500466108323,-66.90457826585629,-66.90457826585629
1662.1600466108323,-66.90981176990717,-66.90981176990717
1662.1700466108323,-66.91504152202246,-66.91504152202246
1662.1800466108323,-66.92026769870058,-66.92026769870058
1662.1900466108323,-66.92549047325728,-66.92549047325728
1662.2000466108323,-66.93071001602186,-66.93071001602186
1662.2100466108323,-66.93592649453446,-66.93592649453446
1662.2200466108322,-66.94114007368316,-66.94114007368316
1662.2300466108322,-66.94635091586223,-66.94635091586223
1662.2400466108322,-66.95155918108048,-66.95155918108048
1662.2500466108322,-66.95676502705112,-66.95676502705112
1662.2600466108322,-66.96196860929957,-66.96196860929957
1662.2700466108322,-66.96717008120609,-66.96717008120609
1662.2800466108322,-66.97236959409554,-66.97236959409554
1662.2900466108322,-66.97756729727725,-66.97756729727725
1662.3000466108322,-66.9827633380826,-66.9827633380826
1662.3100466108322,-66.98795786189505,-66.98795786189505
1662.3200466108322,-66.99315101220613,-66.99315101220613
1662.3300466108321,-66.99834293063452,-66.99834293063452
1662.3400466108321,-67.00353375693902,-67.00353375693902
1662.3500466108321,-67.00872362902996,-67.00872362902996
1662.3600466108321,-67.0139126830087,-67.0139126830087
1662.370046610832,-67.01910105318385,-67.01910105318385
1662.3800466108323,-67.02428887204681,-67.02428887204681
1662.3900466108323,-67.02947627032049,-67.02947627032049
1662.4000466108323,-67.03466337695413,-67.03466337695413
1662.4100466108323,-67.03985031914308,-67.03985031914308
1662.4200466108323,-67.0450372223215,-67.0450372223215
1662.4300466108323,-67.05022421017966,-67.05022421017966
1662.4400466108323,-67.05541140466403,-67.05541140466403
1662.4500466108323,-67.06059892600366,-67.06059892600366
1662.4600466108323,-67.06578689269418,-67.06578689269418
1662.4700466108322,-67.0709754215165,-67.0709754215165
1662.4800466108322,-67.07616462755176,-67.07616462755176
1662.4900466108322,-67.08135462416783,-67.08135462416783
1662.5000466108322,-67.08654552304851,-67.08654552304851
1662.5100466108322,-67.09173743419007,-67.09173743419007
1662.5200466108322,-67.09693046590112,-67.09693046590112
1662.5300466108322,-67.10212472483823,-67.10212472483823
1662.5400466108322,-67.10732031598504,-67.10732031598504
1662.5500466108322,-67.11251734267029,-67.11251734267029
1662.5600466108322,-67.11771590659508,-67.11771590659508
1662.5700466108322,-67.1229161078192,-67.1229161078192
1662.5800466108321,-67.12811804476385,-67.12811804476385
1662.5900466108321,-67.13332181425538,-67.13332181425538
1662.600046634674,-67.13852752390409,-67.13852752390409
1662.610046634674,-67.1437352425582,-67.1437352425582
1662.620046634674,-67.148945074633,-67.148945074633
1662.630046634674,-67.15415711059437,-67.15415711059437
1662.640046634674,-67.15937143935291,-67.15937143935291
1662.650046634674,-67.16458814826899,-67.16458814826899
1662.660046634674,-67.1698073231652,-67.1698073231652
1662.670046634674,-67.1750290483329,-67.1750290483329
1662.680046634674,-67.18025340655882,-67.18025340655882
1662.690046634674,-67.18548047912915,-67.18548047912915
1662.700046634674,-67.19071034583078,-67.19071034583078
1662.710046634674,-67.1959430849887,-67.1959430849887
1662.720046634674,-67.20117877344775,-67.20117877344775
1662.7300466346742,-67.20641748662811,-67.20641748662811
1662.7400466346742,-67.21165929849835,-67.21165929849835
1662.7500466346742,-67.21690428160592,-67.21690428160592
1662.7600466346742,-67.22215250709222,-67.22215250709222
1662.7700466346741,-67.22740404470028,-67.22740404470028
1662.7800466346741,-67.2326589627893,-67.2326589627893
1662.7900466346741,-67.23791732835271,-67.23791732835271
1662.8000466346741,-67.24317920703024,-67.24317920703024
1662.810046634674,-67.24844466312146,-67.24844466312146
1662.820046634674,-67.25371375959391,-67.25371375959391
1662.830046634674,-67.25898655811224,-67.25898655811224
1662.840046634674,-67.26426311903468,-67.26426311903468
1662.850046634674,-67.2695435014375,-67.2695435014375
1662.860046634674,-67.2748277631316,-67.2748277631316
1662.870046634674,-67.28011596065875,-67.28011596065875
1662.880046634674,-67.28540814933179,-67.28540814933179
1662.890046634674,-67.2907043832259,-67.2907043832259
1662.900046634674,-67.29600471520992,-67.29600471520992
1662.910046634674,-67.30130919694675,-67.30130919694675
1662.920046634674,-67.30661787891387,-67.30661787891387
1662.930046634674,-67.31193081042603,-67.31193081042603
1662.940046634674,-67.31724803963432,-67.31724803963432
1662.950046634674,-67.32256961354157,-67.32256961354157
1662.960046634674,-67.32788971528343,-67.32788971528343
1662.970046634674,-67.33320582370277,-67.33320582370277
1662.9800466346742,-67.33851673500763,-67.33851673500763
1662.9900466346742,-67.3438218548731,-67.3438218548731
1663.0000466346742,-67.34912092815779,-67.34912092815779
1663.0100466346742,-67.354413898421,-67.354413898421
1663.0200466346741,-67.35970082552326,-67.35970082552326
1663.0300466346741,-67.36498183612859,-67.36498183612859
1663.0400466346741,-67.3702570939445,-67.3702570939445
1663.0500466346741,-67.37552678182747,-67.37552678182747
1663.060046634674,-67.38079109117636,-67.38079109117636
1663.070046634674,-67.38605021567066,-67.38605021567066
1663.080046634674,-67.39130434773851,-67.39130434773851
1663.090046634674,-67.39655367656943,-67.39655367656943
1663.100046634674,-67.40179838721761,-67.40179838721761
1663.110046634674,-67.40703866019162,-67.40703866019162
1663.120046634674,-67.41227467142481,-67.41227467142481
1663.130046634674,-67.41750659244877,-67.41750659244877
1663.140046634674,-67.42273459062086,-67.42273459062086
1663.150046634674,-67.42795882944401,-67.42795882944401
1663.160046634674,-67.4331794688221,-67.4331794688221
1663.170046634674,-67.4383966653702,-67.4383966653702
1663.180046634674,-67.44361057266997,-67.44361057266997
1663.190046634674,-67.44882134149175,-67.44882134149175
1663.200046634674,-67.45402911999757,-67.45402911999757
1663.210046634674,-67.45922817986404,-67.45922817986404
1663.220046634674,-67.4644160938539,-67.4644160938539
1663.2300466346742,-67.46959175366146,-67.46959175366146
1663.2400466346742,-67.47475466073851,-67.47475466073851
1663.2500466346742,-67.47990465554015,-67.47990465554015
1663.2600466346742,-67.48504177684838,-67.48504177684838
1663.2700466346741,-67.49016617927788,-67.49016617927788
1663.2800466346741,-67.4952780837241,-67.4952780837241
1663.2900466346741,-67.50037774755425,-67.50037774755425
1663.3000466346741,-67.50546544672756,-67.50546544672756
1663.310046634674,-67.51054146518202,-67.51054146518202
1663.320046634674,-67.51560608856977,-67.51560608856977
1663.330046634674,-67.52065960071529,-67.52065960071529
1663.340046634674,-67.5257022816577,-67.5257022816577
1663.350046634674,-67.53073440670407,-67.53073440670407
1663.360046634674,-67.53575624605124,-67.53575624605124
1663.370046634674,-67.5407680647561,-67.5407680647561
1663.380046634674,-67.54577012287447,-67.54577012287447
1663.390046634674,-67.55076267570583,-67.55076267570583
1663.400046634674,-67.55574597408557,-67.55574597408557
1663.410046634674,-67.56072026465026,-67.56072026465026
1663.420046634674,-67.56568579013752,-67.56568579013752
1663.430046634674,-67.5706427896066,-67.5706427896066
1663.440046634674,-67.57559149868916,-67.57559149868916
1663.450046658516,-67.5805321615257,-67.5805321615257
1663.460046658516,-67.58546498388411,-67.58546498388411
1663.470046658516,-67.59039020392508,-67.59039020392508
1663.480046658516,-67.59530804521256,-67.59530804521256
1663.490046658516,-67.60021872862623,-67.60021872862623
1663.5000466585159,-67.60512247241091,-67.60512247241091
1663.5100466585159,-67.61001949229377,-67.61001949229377
1663.5200466585159,-67.61491000149654,-67.61491000149654
1663.5300466585159,-67.61979421081496,-67.61979421081496
1663.5400466585158,-67.62467232865676,-67.62467232865676
1663.5500466585158,-67.62954456107134,-67.62954456107134
1663.5600466585158,-67.63441111176981,-67.63441111176981
1663.5700466585158,-67.63927218216207,-67.63927218216207
1663.580046658516,-67.6441279713561,-67.6441279713561
1663.590046658516,-67.64897867617994,-67.64897867617994
1663.600046658516,-67.65382449120813,-67.65382449120813
1663.610046658516,-67.6586656087426,-67.6586656087426
1663.620046658516,-67.66350221883584,-67.66350221883584
1663.630046658516,-67.66833450930513,-67.66833450930513
1663.640046658516,-67.67316266570629,-67.67316266570629
1663.650046658516,-67.67798687138027,-67.67798687138027
1663.660046658516,-67.68280730742899,-67.68280730742899
1663.670046658516,-67.68762415273106,-67.68762415273106
1663.680046658516,-67.69243758394008,-67.69243758394008
1663.690046658516,-67.69724777547756,-67.69724777547756
1663.700046658516,-67.7020548995559,-67.7020548995559
1663.710046658516,-67.7068591261792,-67.7068591261792
1663.720046658516,-67.71166062313856,-67.71166062313856
1663.730046658516,-67.71645955602575,-67.71645955602575
1663.740046658516,-67.72125608822887,-67.72125608822887
1663.7500466585159,-67.72605038095003,-67.72605038095003
1663.7600466585159,-67.73084259320623,-67.73084259320623
1663.7700466585159,-67.73563288183826,-67.73563288183826
1663.7800466585159,-67.74042140151057,-67.74042140151057
1663.7900466585158,-67.74520830472899,-67.74520830472899
1663.8000466585158,-67.7499937418405,-67.7499937418405
1663.8100466585158,-67.75477786105706,-67.75477786105706
1663.8200466585158,-67.75956080844655,-67.75956080844655
1663.830046658516,-67.7643427279538,-67.7643427279538
1663.840046658516,-67.76912376141789,-67.76912376141789
1663.850046658516,-67.77390404856897,-67.77390404856897
1663.860046658516,-67.7786837270393,-67.7786837270393
1663.870046658516,-67.78346293239986,-67.78346293239986
1663.880046658516,-67.78824179814572,-67.78824179814572
1663.890046658516,-67.79302045571885,-67.79302045571885
1663.900046658516,-67.7977990345266,-67.7977990345266
1663.910046658516,-67.80257766193952,-67.80257766193952
1663.920046658516,-67.80735646333694,-67.80735646333694
1663.930046658516,-67.81213556208677,-67.81213556208677
1663.940046658516,-67.81691507958507,-67.81691507958507
1663.950046658516,-67.82169513525226,-67.82169513525226
1663.960046658516,-67.82647584657559,-67.82647584657559
1663.970046658516,-67.8312573290898,-67.8312573290898
1663.980046658516,-67.83603969641817,-67.83603969641817
1663.990046658516,-67.84082306028374,-67.84082306028374
1664.0000466585159,-67.84560753053046,-67.84560753053046
1664.0100466585159,-67.85039321512212,-67.85039321512212
1664.0200466585159,-67.85518022018171,-67.85518022018171
1664.0300466585159,-67.85996865000087,-67.85996865000087
1664.0400466585158,-67.86475860704508,-67.86475860704508
1664.0500466585158,-67.86955019197802,-67.86955019197802
1664.0600466585158,-67.87434350369642,-67.87434350369642
1664.0700466585158,-67.87913863932904,-67.87913863932904
1664.080046658516,-67.88393569425443,-67.88393569425443
1664.090046658516,-67.88873476212437,-67.88873476212437
1664.100046658516,-67.89353593488329,-67.89353593488329
1664.110046658516,-67.89833930278665,-67.89833930278665
1664.120046658516,-67.90314495441046,-67.90314495441046
1664.130046658516,-67.90795297667914,-67.90795297667914
1664.140046658516,-67.9127634548735,-67.9127634548735
1664.150046658516,-67.9175764726611,-67.9175764726611
1664.160046658516,-67.92239211210801,-67.92239211210801
1664.170046658516,-67.92721045370449,-67.92721045370449
1664.180046658516,-67.9320315763635,-67.9320315763635
1664.190046658516,-67.93685555745454,-67.93685555745454
1664.200046658516,-67.94168247282941,-67.94168247282941
1664.210046658516,-67.94650648035477,-67.94650648035477
1664.220046658516,-67.951325063938,-67.951325063938
1664.230046658516,-67.95613703667357,-67.95613703667357
1664.240046658516,-67.96094182636388,-67.96094182636388
1664.2500466585159,-67.96573920274416,-67.96573920274416
1664.2600466585159,-67.97052913571247,-67.97052913571247
1664.2700466585159,-67.97531171218445,-67.97531171218445
1664.2800466585159,-67.98008708613975,-67.98008708613975
1664.2900466585158,-67.98485544856861,-67.98485544856861
1664.3000466823578,-67.98961702079343,-67.98961702079343
1664.3100466823578,-67.99437199837371,-67.99437199837371
1664.3200466823578,-67.9991206128767,-67.9991206128767
1664.3300466823578,-68.00386308288824,-68.00386308288824
1664.3400466823578,-68.00859962342466,-68.00859962342466
1664.3500466823577,-68.0133304449628,-68.0133304449628
1664.3600466823577,-68.01805575307289,-68.01805575307289
1664.3700466823577,-68.02277574838807,-68.02277574838807
1664.3800466823577,-68.02749062676273,-68.02749062676273
1664.3900466823577,-68.03220057954387,-68.03220057954387
1664.4000466823577,-68.0369057938219,-68.0369057938219
1664.4100466823577,-68.04160645280122,-68.04160645280122
1664.4200466823577,-68.04630273602324,-68.04630273602324
1664.430046682358,-68.050994819669,-68.050994819669
1664.440046682358,-68.05568287679515,-68.05568287679515
1664.4500466823579,-68.0603670775187,-68.0603670775187
1664.4600466823579,-68.06504758923906,-68.06504758923906
1664.4700466823579,-68.0697245767667,-68.0697245767667
1664.4800466823579,-68.07439820248229,-68.07439820248229
1664.4900466823578,-68.07906862643753,-68.07906862643753
1664.5000466823578,-68.08373600646834,-68.08373600646834
1664.5100466823578,-68.08840049826577,-68.08840049826577
1664.5200466823578,-68.093062255471,-68.093062255471
1664.5300466823578,-68.097721429701,-68.097721429701
1664.5400466823578,-68.10237817063275,-68.10237817063275
1664.5500466823578,-68.10703262602732,-68.10703262602732
1664.5600466823578,-68.11168494178557,-68.11168494178557
1664.5700466823578,-68.11633526193881,-68.11633526193881
1664.5800466823578,-68.12098372872347,-68.12098372872347
1664.5900466823578,-68.1256304825724,-68.1256304825724
1664.6000466823577,-68.13027566214406,-68.13027566214406
1664.6100466823577,-68.13491940432782,-68.13491940432782
1664.6200466823577,-68.13956184427468,-68.13956184427468
1664.6300466823577,-68.14420311539584,-68.14420311539584
1664.6400466823577,-68.1488433493728,-68.1488433493728
1664.6500466823577,-68.15348267617364,-68.15348267617364
1664.6600466823577,-68.15812122405042,-68.15812122405042
1664.6700466823577,-68.16275911956889,-68.16275911956889
1664.680046682358,-68.16739648759007,-68.16739648759007
1664.690046682358,-68.17203345127567,-68.17203345127567
1664.7000466823579,-68.17667013213888,-68.17667013213888
1664.7100466823579,-68.1813066499812,-68.1813066499812
1664.7200466823579,-68.18594312295828,-68.18594312295828
1664.7300466823579,-68.19057966754774,-68.19057966754774
1664.7400466823578,-68.19521639858569,-68.19521639858569
1664.7500466823578,-68.19985342925028,-68.19985342925028
1664.7600466823578,-68.2044908710735,-68.2044908710735
1664.7700466823578,-68.20912883396097,-68.20912883396097
1664.7800466823578,-68.21376742618453,-68.21376742618453
1664.7900466823578,-68.21840675438767,-68.21840675438767
1664.8000466823578,-68.22304692361615,-68.22304692361615
1664.8100466823578,-68.22768803729761,-68.22768803729761
1664.8200466823578,-68.23233019727238,-68.23233019727238
1664.8300466823578,-68.23697350377854,-68.23697350377854
1664.8400466823578,-68.24161805548677,-68.24161805548677
1664.8500466823577,-68.24626394950195,-68.24626394950195
1664.8600466823577,-68.25091128136309,-68.25091128136309
1664.8700466823577,-68.25556014504974,-68.25556014504974
1664.8800466823577,-68.26021063302007,-68.26021063302007
1664.8900466823577,-68.2648628361813,-68.2648628361813
1664.9000466823577,-68.26951684393856,-68.26951684393856
1664.9100466823577,-68.27417274419125,-68.27417274419125
1664.9200466823577,-68.27883062332859,-68.27883062332859
1664.930046682358,-68.28349056625784,-68.28349056625784
1664.940046682358,-68.288152656421,-68.288152656421
1664.9500466823579,-68.29281697579205,-68.29281697579205
1664.9600466823579,-68.2974776574464,-68.2974776574464
1664.9700466823579,-68.3021321779311,-68.3021321779311
1664.9800466823579,-68.30677934995416,-68.30677934995416
1664.9900466823578,-68.31141860418695,-68.31141860418695
1665.0000466823578,-68.31604971502789,-68.31604971502789
1665.0100466823578,-68.32067265814827,-68.32067265814827
1665.0200466823578,-68.32528752687287,-68.32528752687287
1665.0300466823578,-68.32989448198276,-68.32989448198276
1665.0400466823578,-68.33449372150659,-68.33449372150659
1665.0500466823578,-68.33908546260443,-68.33908546260443
1665.0600466823578,-68.34366993075419,-68.34366993075419
1665.0700466823578,-68.3482473534577,-68.3482473534577
1665.0800466823578,-68.352817956606,-68.352817956606
1665.0900466823578,-68.35738196250641,-68.35738196250641
1665.1000466823577,-68.36193958892792,-68.36193958892792
1665.1100466823577,-68.36649104871074,-68.36649104871074
1665.1200466823577,-68.37103654973605,-68.37103654973605
1665.1300466823577,-68.37557629509449,-68.37557629509449
1665.1400466823577,-68.38011048331158,-68.38011048331158
1665.1500467061996,-68.38463931946907,-68.38463931946907
1665.1600467061996,-68.38916297232943,-68.38916297232943
1665.1700467061996,-68.39368163934807,-68.39368163934807
1665.1800467061996,-68.3981955038003,-68.3981955038003
1665.1900467061996,-68.4027047457821,-68.4027047457821
1665.2000467061996,-68.4072095424465,-68.4072095424465
1665.2100467061996,-68.41171006817454,-68.41171006817454
1665.2200467061996,-68.41620649472871,-68.41620649472871
1665.2300467061996,-68.42069899139632,-68.42069899139632
1665.2400467061996,-68.42518772511181,-68.42518772511181
1665.2500467061996,-68.42967286053982,-68.42967286053982
1665.2600467061995,-68.43415456017287,-68.43415456017287
1665.2700467061995,-68.43863298438633,-68.43863298438633
1665.2800467061998,-68.4431082915216,-68.4431082915216
1665.2900467061997,-68.44758063791919,-68.44758063791919
1665.3000467061997,-68.45205017795509,-68.45205017795509
1665.3100467061997,-68.45651706409457,-68.45651706409457
1665.3200467061997,-68.46098144691275,-68.46098144691275
1665.3300467061997,-68.46544347511606,-68.46544347511606
1665.3400467061997,-68.46990329556763,-68.46990329556763
1665.3500467061997,-68.47436105330969,-68.47436105330969
1665.3600467061997,-68.47881689156038,-68.47881689156038
1665.3700467061997,-68.4832709517563,-68.4832709517563
1665.3800467061997,-68.48772337353888,-68.48772337353888
1665.3900467061997,-68.49217429476785,-68.49217429476785
1665.4000467061996,-68.496623851541,-68.496623851541
1665.4100467061996,-68.501072178193,-68.501072178193
1665.4200467061996,-68.50551940730142,-68.50551940730142
1665.4300467061996,-68.50996566970966,-68.50996566970966
1665.4400467061996,-68.51441109449185,-68.51441109449185
1665.4500467061996,-68.51885580902135,-68.51885580902135
1665.4600467061996,-68.52329397187047,-68.52329397187047
1665.4700467061996,-68.52772309601404,-68.52772309601404
1665.4800467061996,-68.53214203473287,-68.53214203473287
1665.4900467061996,-68.53655026103375,-68.53655026103375
1665.5000467061996,-68.5409475925107,-68.5409475925107
1665.5100467061995,-68.545334048354,-68.545334048354
1665.5200467061995,-68.54970976552067,-68.54970976552067
1665.5300467061998,-68.55407494832517,-68.55407494832517
1665.5400467061997,-68.55842983814671,-68.55842983814671
1665.5500467061997,-68.56277469521876,-68.56277469521876
1665.5600467061997,-68.56710978783232,-68.56710978783232
1665.5700467061997,-68.57143538594885,-68.57143538594885
1665.5800467061997,-68.57575175757827,-68.57575175757827
1665.5900467061997,-68.58005916680384,-68.58005916680384
1665.6000467061997,-68.58435787280435,-68.58435787280435
1665.6100467061997,-68.58864812946048,-68.58864812946048
1665.6200467061997,-68.59293018533279,-68.59293018533279
1665.6300467061997,-68.59720428379481,-68.59720428379481
1665.6400467061997,-68.60147066330012,-68.60147066330012
1665.6500467061996,-68.60572955767374,-68.60572955767374
1665.6600467061996,-68.60998119639281,-68.60998119639281
1665.6700467061996,-68.61422580490068,-68.61422580490068
1665.6800467061996,-68.6184636048404,-68.6184636048404
1665.6900467061996,-68.62269481431093,-68.62269481431093
1665.7000467061996,-68.62691964806147,-68.62691964806147
1665.7100467061996,-68.63113831767018,-68.63113831767018
1665.7200467061996,-68.63535103172903,-68.63535103172903
1665.7300467061996,-68.63955799594846,-68.63955799594846
1665.7400467061996,-68.6437594133041,-68.6437594133041
1665.7500467061996,-68.64795548409855,-68.64795548409855
1665.7600467061995,-68.65214640607229,-68.65214640607229
1665.7700467061995,-68.65633237447463,-68.65633237447463
1665.7800467061998,-68.66051358209955,-68.66051358209955
1665.7900467061997,-68.66469021935994,-68.66469021935994
1665.8000467061997,-68.66886247432663,-68.66886247432663
1665.8100467061997,-68.67303053275892,-68.67303053275892
1665.8200467061997,-68.67719457812906,-68.67719457812906
1665.8300467061997,-68.6813547916707,-68.6813547916707
1665.8400467061997,-68.68551135237448,-68.68551135237448
1665.8500467061997,-68.68966443702568,-68.68966443702568
1665.8600467061997,-68.6938142202146,-68.6938142202146
1665.8700467061997,-68.69796087434786,-68.69796087434786
1665.8800467061997,-68.70210456966706,-68.70210456966706
1665.8900467061997,-68.70624547425466,-68.70624547425466
1665.9000467061996,-68.7103837540577,-68.7103837540577
1665.9100467061996,-68.71451957287354,-68.71451957287354
1665.9200467061996,-68.71865309238129,-68.71865309238129
1665.9300467061996,-68.72278447214514,-68.72278447214514
1665.9400467061996,-68.72691386962033,-68.72691386962033
1665.9500467061996,-68.73104144015012,-68.73104144015012
1665.9600467061996,-68.73516733699677,-68.73516733699677
1665.9700467061996,-68.73929171134034,-68.73929171134034
1665.9800467061996,-68.74341471228512,-68.74341471228512
1665.9900467061996,-68.74753648686452,-68.74753648686452
1666.0000467300415,-68.75165718987427,-68.75165718987427
1666.0100467300415,-68.75577694464768,-68.75577694464768
1666.0200467300415,-68.75989590186904,-68.75989590186904
1666.0300467300415,-68.76401420043037,-68.76401420043037
1666.0400467300415,-68.7681319771851,-68.7681319771851
1666.0500467300415,-68.7722493669843,-68.7722493669843
1666.0600467300414,-68.77636650269903,-68.77636650269903
1666.0700467300414,-68.78048351521275,-68.78048351521275
1666.0800467300414,-68.78460053342816,-68.78460053342816
1666.0900467300414,-68.7887176842981,-68.7887176842981
1666.1000467300414,-68.79283509283869,-68.79283509283869
1666.1100467300414,-68.79695288212226,-68.79695288212226
1666.1200467300414,-68.80107117330748,-68.80107117330748
1666.1300467300416,-68.80519008565008,-68.80519008565008
1666.1400467300416,-68.80930973652322,-68.80930973652322
1666.1500467300416,-68.81343024140473,-68.81343024140473
1666.1600467300416,-68.81755171392754,-68.81755171392754
1666.1700467300416,-68.8216742658684,-68.8216742658684
1666.1800467300416,-68.825798007167,-68.825798007167
1666.1900467300416,-68.82992304596377,-68.82992304596377
1666.2000467300415,-68.83404948858127,-68.83404948858127
1666.2100467300415,-68.8381774395625,-68.8381774395625
1666.2200467300415,-68.84230700167727,-68.84230700167727
1666.2300467300415,-68.84643827593717,-68.84643827593717
1666.2400467300415,-68.85057136163127,-68.85057136163127
1666.2500467300415,-68.85470635630882,-68.85470635630882
1666.2600467300415,-68.8588433558254,-68.8588433558254
1666.2700467300415,-68.86298245434222,-68.86298245434222
1666.2800467300415,-68.86712374435074,-68.86712374435074
1666.2900467300415,-68.8712673166779,-68.8712673166779
1666.3000467300415,-68.87541326052542,-68.87541326052542
1666.3100467300414,-68.8795616634631,-68.8795616634631
1666.3200467300414,-68.8837126114604,-68.8837126114604
1666.3300467300414,-68.8878661888969,-68.8878661888969
1666.3400467300414,-68.89202247858005,-68.89202247858005
1666.3500467300414,-68.89618156176535,-68.89618156176535
1666.3600467300414,-68.9003435181629,-68.9003435181629
1666.3700467300414,-68.90450842596863,-68.90450842596863
1666.3800467300416,-68.90867636188068,-68.90867636188068
1666.3900467300416,-68.91284740110112,-68.91284740110112
1666.4000467300416,-68.91702161736885,-68.91702161736885
1666.4100467300416,-68.92119908296468,-68.92119908296468
1666.4200467300416,-68.92537986874439,-68.92537986874439
1666.4300467300416,-68.92956404413447,-68.92956404413447
1666.4400467300416,-68.93375167716108,-68.93375167716108
1666.4500467300415,-68.93794283446874,-68.93794283446874
1666.4600467300415,-68.94213758133007,-68.94213758133007
1666.4700467300415,-68.94633598167212,-68.94633598167212
1666.4800467300415,-68.95053809807965,-68.95053809807965
1666.4900467300415,-68.95474399182041,-68.95474399182041
1666.5000467300415,-68.95895372286677,-68.95895372286677
1666.5100467300415,-68.96316734989436,-68.96316734989436
1666.5200467300415,-68.96738493032267,-68.96738493032267
1666.5300467300415,-68.97160652030323,-68.97160652030323
1666.5400467300415,-68.97583217475196,-68.97583217475196
1666.5500467300415,-68.98006194737384,-68.98006194737384
1666.5600467300414,-68.98429589065736,-68.98429589065736
1666.5700467300414,-68.98853405590444,-68.98853405590444
1666.5800467300414,-68.9927764932385,-68.9927764932385
1666.5900467300414,-68.99702325163511,-68.99702325163511
1666.6000467300414,-69.00127437891602,-69.00127437891602
1666.6100467300414,-69.00552992177266,-69.00552992177266
1666.6200467300414,-69.00978992579134,-69.00978992579134
1666.6300467300416,-69.01405443544446,-69.01405443544446
1666.6400467300416,-69.01832349414205,-69.01832349414205
1666.6500467300416,-69.02259714420583,-69.02259714420583
1666.6600467300416,-69.02687542691683,-69.02687542691683
1666.6700467300416,-69.03115838250666,-69.03115838250666
1666.6800467300416,-69.03544605018843,-69.03544605018843
1666.6900467300416,-69.03973846815525,-69.03973846815525
1666.7000467300415,-69.044035673608,-69.044035673608
1666.7100467300415,-69.04833168881478,-69.04833168881478
1666.7200467300415,-69.05262391717555,-69.05262391717555
1666.7300467300415,-69.05691111351997,-69.05691111351997
1666.7400467300415,-69.06119265795743,-69.06119265795743
1666.7500467300415,-69.06546827860629,-69.06546827860629
1666.7600467300415,-69.06973790755295,-69.06973790755295
1666.7700467300415,-69.07400159632813,-69.07400159632813
1666.7800467300415,-69.07825946517437,-69.07825946517437
1666.7900467300415,-69.08251167249085,-69.08251167249085
1666.8000467300415,-69.08675839650103,-69.08675839650103
1666.8100467300414,-69.09099982435998,-69.09099982435998
1666.8200467300414,-69.09523614576585,-69.09523614576585
1666.8300467300414,-69.09946754927334,-69.09946754927334
1666.8400467300414,-69.10369422032612,-69.10369422032612
1666.8500467538834,-69.10791635030455,-69.10791635030455
1666.8600467538834,-69.11213409595722,-69.11213409595722
1666.8700467538833,-69.11634763965273,-69.11634763965273
1666.8800467538833,-69.12055714933489,-69.12055714933489
1666.8900467538833,-69.12476278885516,-69.12476278885516
1666.9000467538833,-69.12896471821179,-69.12896471821179
1666.9100467538833,-69.13316309389897,-69.13316309389897
1666.9200467538833,-69.13735806917126,-69.13735806917126
1666.9300467538833,-69.14154979430724,-69.14154979430724
1666.9400467538833,-69.1457384168485,-69.1457384168485
1666.9500467538833,-69.14992408181332,-69.14992408181332
1666.9600467538833,-69.15410693186962,-69.15410693186962
1666.9700467538833,-69.15828710750553,-69.15828710750553
1666.9800467538835,-69.16246474715223,-69.16246474715223
1666.9900467538835,-69.16663998728448,-69.16663998728448
1667.0000467538835,-69.17081296255748,-69.17081296255748
1667.0100467538834,-69.17498380584372,-69.17498380584372
1667.0200467538834,-69.17915264833906,-69.17915264833906
1667.0300467538834,-69.18331961957841,-69.18331961957841
1667.0400467538834,-69.18748484752511,-69.18748484752511
1667.0500467538834,-69.19164845857824,-69.19164845857824
1667.0600467538834,-69.19581057762036,-69.19581057762036
1667.0700467538834,-69.19997132804035,-69.19997132804035
1667.0800467538834,-69.20413083174951,-69.20413083174951
1667.0900467538834,-69.20828920920877,-69.20828920920877
1667.1000467538834,-69.21244657944003,-69.21244657944003
1667.1100467538834,-69.21660306002434,-69.21660306002434
1667.1200467538833,-69.22075876714075,-69.22075876714075
1667.1300467538833,-69.22491381552904,-69.22491381552904
1667.1400467538833,-69.22906831853884,-69.22906831853884
1667.1500467538833,-69.23322238811686,-69.23322238811686
1667.1600467538833,-69.23737613480085,-69.23737613480085
1667.1700467538833,-69.24152966774551,-69.24152966774551
1667.1800467538833,-69.2456830946861,-69.2456830946861
1667.1900467538833,-69.24983652200525,-69.24983652200525
1667.2000467538833,-69.25399005466925,-69.25399005466925
1667.2100467538833,-69.25813776383796,-69.25813776383796
1667.2200467538833,-69.2622771117375,-69.2622771117375
1667.2300467538835,-69.26640691571826,-69.26640691571826
1667.2400467538835,-69.27052661988475,-69.27052661988475
1667.2500467538835,-69.27463601697255,-69.27463601697255
1667.2600467538834,-69.2787351038638,-69.2787351038638
1667.2700467538834,-69.28282399681858,-69.28282399681858
1667.2800467538834,-69.28690288055749,-69.28690288055749
1667.2900467538834,-69.2909719776387,-69.2909719776387
1667.3000467538834,-69.2950315300422,-69.2950315300422
1667.3100467538834,-69.29908178824634,-69.29908178824634
1667.3200467538834,-69.30312300478911,-69.30312300478911
1667.3300467538834,-69.30715543060178,-69.30715543060178
1667.3400467538834,-69.31117931298131,-69.31117931298131
1667.3500467538834,-69.31519489461188,-69.31519489461188
1667.3600467538834,-69.3192024131605,-69.3192024131605
1667.3700467538833,-69.32320210124479,-69.32320210124479
1667.3800467538833,-69.32719418656698,-69.32719418656698
1667.3900467538833,-69.33117889217039,-69.33117889217039
1667.4000467538833,-69.33515643673343,-69.33515643673343
1667.4100467538833,-69.33912703484879,-69.33912703484879
1667.4200467538833,-69.34309089732771,-69.34309089732771
1667.4300467538833,-69.34704823142015,-69.34704823142015
1667.4400467538833,-69.35099924111309,-69.35099924111309
1667.4500467538833,-69.35494412726817,-69.35494412726817
1667.4600467538833,-69.35888308784081,-69.35888308784081
1667.4700467538833,-69.36281631804935,-69.36281631804935
1667.4800467538835,-69.36674401044574,-69.36674401044574
1667.4900467538835,-69.37066635509636,-69.37066635509636
1667.5000467538835,-69.37458353963855,-69.37458353963855
1667.5100467538834,-69.37849574937549,-69.37849574937549
1667.5200467538834,-69.38240316733338,-69.38240316733338
1667.5300467538834,-69.38630597432702,-69.38630597432702
1667.5400467538834,-69.39020434900635,-69.39020434900635
1667.5500467538834,-69.39409846789913,-69.39409846789913
1667.5600467538834,-69.39798850543137,-69.39798850543137
1667.5700467538834,-69.40187463396138,-69.40187463396138
1667.5800467538834,-69.40575702381403,-69.40575702381403
1667.5900467538834,-69.40963584327581,-69.40963584327581
1667.6000467538834,-69.41351125863783,-69.41351125863783
1667.6100467538834,-69.41738343418939,-69.41738343418939
1667.6200467538833,-69.42125253223898,-69.42125253223898
1667.6300467538833,-69.42511871311889,-69.42511871311889
1667.6400467538833,-69.42898213519047,-69.42898213519047
1667.6500467538833,-69.4328429548746,-69.4328429548746
1667.6600467538833,-69.43670132662152,-69.43670132662152
1667.6700467538833,-69.4405574029507,-69.4405574029507
1667.6800467538833,-69.44441133443918,-69.44441133443918
1667.6900467538833,-69.44826326972277,-69.44826326972277
1667.7000467777252,-69.45211336469343,-69.45211336469343
1667.7100467777252,-69.45595569644185,-69.45595569644185
1667.7200467777252,-69.45978776997309,-69.45978776997309
1667.7300467777252,-69.46360843958267,-69.46360843958267
1667.7400467777252,-69.46741718755558,-69.46741718755558
1667.7500467777252,-69.4712138453086,-69.4712138453086
1667.7600467777252,-69.47499844846274,-69.47499844846274
1667.7700467777252,-69.47877115182136,-69.47877115182136
1667.7800467777251,-69.48253217835943,-69.48253217835943
1667.7900467777251,-69.48628178847957,-69.48628178847957
1667.8000467777251,-69.49002026157595,-69.49002026157595
1667.8100467777251,-69.49374788507913,-69.49374788507913
1667.820046777725,-69.49746494799713,-69.49746494799713
1667.8300467777253,-69.50117173722542,-69.50117173722542
1667.8400467777253,-69.50486853555826,-69.50486853555826
1667.8500467777253,-69.5085556206692,-69.5085556206692
1667.8600467777253,-69.51223326474643,-69.51223326474643
1667.8700467777253,-69.51590173443513,-69.51590173443513
1667.8800467777253,-69.51956129099509,-69.51956129099509
1667.8900467777253,-69.52321219055722,-69.52321219055722
1667.9000467777253,-69.52685468440619,-69.52685468440619
1667.9100467777253,-69.53048901930453,-69.53048901930453
1667.9200467777252,-69.53411543775258,-69.53411543775258
1667.9300467777252,-69.53773417826841,-69.53773417826841
1667.9400467777252,-69.54134547562668,-69.54134547562668
1667.9500467777252,-69.54494956105687,-69.54494956105687
1667.9600467777252,-69.54854666245717,-69.54854666245717
1667.9700467777252,-69.55213700453014,-69.55213700453014
1667.9800467777252,-69.55572080891115,-69.55572080891115
1667.9900467777252,-69.55929829432299,-69.55929829432299
1668.0000467777252,-69.56286967664015,-69.56286967664015
1668.0100467777252,-69.5664351689958,-69.5664351689958
1668.0200467777252,-69.56999498184487,-69.56999498184487
1668.0300467777251,-69.57354932302239,-69.57354932302239
1668.0400467777251,-69.57709839780931,-69.57709839780931
1668.0500467777251,-69.58064240896384,-69.58064240896384
1668.0600467777251,-69.58418155676485,-69.58418155676485
1668.070046777725,-69.5877160390496,-69.5877160390496
1668.0800467777253,-69.59124605122031,-69.59124605122031
1668.0900467777253,-69.59477178628842,-69.59477178628842
1668.1000467777253,-69.5982934348971,-69.5982934348971
1668.1100467777253,-69.60181118532296,-69.60181118532296
1668.1200467777253,-69.60532522349905,-69.60532522349905
1668.1300467777253,-69.60883573303867,-69.60883573303867
1668.1400467777253,-69.61234289522487,-69.61234289522487
1668.1500467777253,-69.61584688904435,-69.61584688904435
1668.1600467777253,-69.61934789119711,-69.61934789119711
1668.1700467777252,-69.62284607609435,-69.62284607609435
1668.1800467777252,-69.62634161588866,-69.62634161588866
1668.1900467777252,-69.62983468044655,-69.62983468044655
1668.2000467777252,-69.63332543740317,-69.63332543740317
1668.2100467777252,-69.63681405214895,-69.63681405214895
1668.2200467777252,-69.64030068784052,-69.64030068784052
1668.2300467777252,-69.64378550541272,-69.64378550541272
1668.2400467777252,-69.64726866359027,-69.64726866359027
1668.2500467777252,-69.65075031890254,-69.65075031890254
1668.2600467777252,-69.65423062568534,-69.65423062568534
1668.2700467777252,-69.65770973609783,-69.65770973609783
1668.2800467777251,-69.66118780013976,-69.66118780013976
1668.2900467777251,-69.66466496564945,-69.66466496564945
1668.3000467777251,-69.66814137832664,-69.66814137832664
1668.3100467777251,-69.67161718173791,-69.67161718173791
1668.320046777725,-69.6750925173392,-69.6750925173392
1668.3300467777253,-69.67856752448948,-69.67856752448948
1668.3400467777253,-69.68204234045271,-69.68204234045271
1668.3500467777253,-69.68551710041018,-69.68551710041018
1668.3600467777253,-69.68899193749725,-69.68899193749725
1668.3700467777253,-69.6924669828014,-69.6924669828014
1668.3800467777253,-69.69594236537108,-69.69594236537108
1668.3900467777253,-69.69941821225295,-69.69941821225295
1668.4000467777253,-69.70289464847231,-69.70289464847231
1668.4100467777253,-69.70637179710229,-69.70637179710229
1668.4200467777252,-69.70984977922757,-69.70984977922757
1668.4300467777252,-69.7133287139843,-69.7133287139843
1668.4400467777252,-69.71680871857855,-69.71680871857855
1668.4500467777252,-69.72028990829364,-69.72028990829364
1668.4600467777252,-69.72376632412583,-69.72376632412583
1668.4700467777252,-69.72723542080367,-69.72723542080367
1668.4800467777252,-69.73069601685484,-69.73069601685484
1668.4900467777252,-69.73414756129675,-69.73414756129675
1668.5000467777252,-69.73758985364414,-69.73758985364414
1668.5100467777252,-69.74102289846402,-69.74102289846402
1668.5200467777252,-69.74444682005247,-69.74444682005247
1668.5300467777251,-69.74786181119151,-69.74786181119151
1668.5400467777251,-69.75126810231328,-69.75126810231328
1668.550046801567,-69.75466595109651,-69.75466595109651
1668.560046801567,-69.75805559908376,-69.75805559908376
1668.570046801567,-69.7614373138206,-69.7614373138206
1668.580046801567,-69.76481135275485,-69.76481135275485
1668.590046801567,-69.76817796930912,-69.76817796930912
1668.600046801567,-69.77153741193429,-69.77153741193429
1668.610046801567,-69.77488992368998,-69.77488992368998
1668.620046801567,-69.77823574224483,-69.77823574224483
1668.630046801567,-69.78157510000761,-69.78157510000761
1668.640046801567,-69.78490822442463,-69.78490822442463
1668.650046801567,-69.78823533823962,-69.78823533823962
1668.660046801567,-69.79155665984874,-69.79155665984874
1668.670046801567,-69.79487240355552,-69.79487240355552
1668.6800468015672,-69.79818277987287,-69.79818277987287
1668.6900468015672,-69.80148799573945,-69.80148799573945
1668.7000468015672,-69.80478825477073,-69.80478825477073
1668.7100468015672,-69.8080837574285,-69.8080837574285
1668.7200468015672,-69.81137470119377,-69.81137470119377
1668.7300468015671,-69.81466128070458,-69.81466128070458
1668.7400468015671,-69.81794368787229,-69.81794368787229
1668.7500468015671,-69.82122211200279,-69.82122211200279
1668.7600468015671,-69.82449673987668,-69.82449673987668
1668.770046801567,-69.82776775582774,-69.82776775582774
1668.780046801567,-69.83103534180542,-69.83103534180542
1668.790046801567,-69.83429967742197,-69.83429967742197
1668.800046801567,-69.83756094001613,-69.83756094001613
1668.810046801567,-69.84081930467617,-69.84081930467617
1668.820046801567,-69.84407494428987,-69.84407494428987
1668.830046801567,-69.84732802955818,-69.84732802955818
1668.840046801567,-69.85057872903545,-69.85057872903545
1668.850046801567,-69.85382720913657,-69.85382720913657
1668.860046801567,-69.85707363416361,-69.85707363416361
1668.870046801567,-69.86031816632467,-69.86031816632467
1668.880046801567,-69.86356096574849,-69.86356096574849
1668.890046801567,-69.86680219048752,-69.86680219048752
1668.900046801567,-69.8700419965494,-69.8700419965494
1668.910046801567,-69.8732805378814,-69.8732805378814
1668.920046801567,-69.87651796641461,-69.87651796641461
1668.9300468015672,-69.87975443204566,-69.87975443204566
1668.9400468015672,-69.88299008265423,-69.88299008265423
1668.9500468015672,-69.88622506412595,-69.88622506412595
1668.9600468015672,-69.8894595203377,-69.8894595203377
1668.9700468015672,-69.89269359319279,-69.89269359319279
1668.9800468015671,-69.89592742262113,-69.89592742262113
1668.9900468015671,-69.89916114656673,-69.89916114656673
1669.0000468015671,-69.90239490103235,-69.90239490103235
1669.0100468015671,-69.90562882006738,-69.90562882006738
1669.020046801567,-69.90886303579843,-69.90886303579843
1669.030046801567,-69.91209767841094,-69.91209767841094
1669.040046801567,-69.91533287617668,-69.91533287617668
1669.050046801567,-69.91856875546506,-69.91856875546506
1669.060046801567,-69.92180544075386,-69.92180544075386
1669.070046801567,-69.92504305464124,-69.92504305464124
1669.080046801567,-69.92828171785247,-69.92828171785247
1669.090046801567,-69.93152154924475,-69.93152154924475
1669.100046801567,-69.934762665853,-69.934762665853
1669.110046801567,-69.93800518286399,-69.93800518286399
1669.120046801567,-69.94124921364778,-69.94124921364778
1669.130046801567,-69.94449486976617,-69.94449486976617
1669.140046801567,-69.94774226099173,-69.94774226099173
1669.150046801567,-69.95099149531471,-69.95099149531471
1669.160046801567,-69.95424267896122,-69.95424267896122
1669.170046801567,-69.95749591641523,-69.95749591641523
1669.1800468015672,-69.9607513104093,-69.9607513104093
1669.1900468015672,-69.96400896196744,-69.96400896196744
1669.2000468015672,-69.96726897040148,-69.96726897040148
1669.2100468015672,-69.97052533930085,-69.97052533930085
1669.2200468015672,-69.97377549848993,-69.97377549848993
1669.2300468015671,-69.97701824669178,-69.97701824669178
1669.2400468015671,-69.98025301554978,-69.98025301554978
1669.2500468015671,-69.98347958866337,-69.98347958866337
1669.2600468015671,-69.98669795560056,-69.98669795560056
1669.270046801567,-69.98990822627655,-69.98990822627655
1669.280046801567,-69.99311057953317,-69.99311057953317
1669.290046801567,-69.9963052321783,-69.9963052321783
1669.300046801567,-69.99949242042804,-69.99949242042804
1669.310046801567,-70.00267238886798,-70.00267238886798
1669.320046801567,-70.00584538395323,-70.00584538395323
1669.330046801567,-70.00901165033127,-70.00901165033127
1669.340046801567,-70.01217142878825,-70.01217142878825
1669.350046801567,-70.01532495529236,-70.01532495529236
1669.360046801567,-70.01847246058664,-70.01847246058664
1669.370046801567,-70.02161417015783,-70.02161417015783
1669.380046801567,-70.0247503044091,-70.0247503044091
1669.390046801567,-70.02788107890059,-70.02788107890059
1669.400046825409,-70.03100671212289,-70.03100671212289
1669.410046825409,-70.03412739600806,-70.03412739600806
1669.420046825409,-70.03724334089368,-70.03724334089368
1669.430046825409,-70.04035474603347,-70.04035474603347
1669.440046825409,-70.04346180725882,-70.04346180725882
1669.450046825409,-70.04656471721684,-70.04656471721684
1669.4600468254089,-70.04966366554889,-70.04966366554889
1669.4700468254089,-70.05275883905827,-70.05275883905827
1669.4800468254089,-70.055850421856,-70.055850421856
1669.4900468254089,-70.05893859548289,-70.05893859548289
1669.5000468254088,-70.062023539001,-70.062023539001
1669.5100468254088,-70.06510542908751,-70.06510542908751
1669.5200468254088,-70.06818444011817,-70.06818444011817
1669.530046825409,-70.07126074422052,-70.07126074422052
1669.540046825409,-70.07433451131772,-70.07433451131772
1669.550046825409,-70.07740590920793,-70.07740590920793
1669.560046825409,-70.08047510356174,-70.08047510356174
1669.570046825409,-70.08354225797571,-70.08354225797571
1669.580046825409,-70.08660753400608,-70.08660753400608
1669.590046825409,-70.0896710911763,-70.0896710911763
1669.600046825409,-70.09273308700897,-70.09273308700897
1669.610046825409,-70.09579367703435,-70.09579367703435
1669.620046825409,-70.09885301481413,-70.09885301481413
1669.630046825409,-70.10191125195436,-70.10191125195436
1669.640046825409,-70.10496853809948,-70.10496853809948
1669.650046825409,-70.1080250209759,-70.1080250209759
1669.660046825409,-70.11108084636719,-70.11108084636719
1669.670046825409,-70.1141361581523,-70.1141361581523
1669.680046825409,-70.11719109828688,-70.11719109828688
1669.690046825409,-70.1202458068421,-70.1202458068421
1669.700046825409,-70.12330042198533,-70.12330042198533
1669.7100468254089,-70.12635507999588,-70.12635507999588
1669.7200468254089,-70.12940991528066,-70.12940991528066
1669.7300468254089,-70.13246506038584,-70.13246506038584
1669.7400468254089,-70.13552064597421,-70.13552064597421
1669.7500468254088,-70.13857680088756,-70.13857680088756
1669.7600468254088,-70.14163365210096,-70.14163365210096
1669.7700468254088,-70.14469132475519,-70.14469132475519
1669.780046825409,-70.14774994217959,-70.14774994217959
1669.790046825409,-70.15080962587137,-70.15080962587137
1669.800046825409,-70.15387049551968,-70.15387049551968
1669.810046825409,-70.15693266903456,-70.15693266903456
1669.820046825409,-70.15999626251477,-70.15999626251477
1669.830046825409,-70.16306139030036,-70.16306139030036
1669.840046825409,-70.16612816495561,-70.16612816495561
1669.850046825409,-70.16919669728875,-70.16919669728875
1669.860046825409,-70.17226709637688,-70.17226709637688
1669.870046825409,-70.17533946955676,-70.17533946955676
1669.880046825409,-70.17841392244075,-70.17841392244075
1669.890046825409,-70.1814905589484,-70.1814905589484
1669.900046825409,-70.18456948129266,-70.18456948129266
1669.910046825409,-70.18765079000288,-70.18765079000288
1669.920046825409,-70.19073458393919,-70.19073458393919
1669.930046825409,-70.1938209603184,-70.1938209603184
1669.940046825409,-70.19691001470413,-70.19691001470413
1669.950046825409,-70.20000184103087,-70.20000184103087
1669.9600468254089,-70.20309653161962,-70.20309653161962
1669.9700468254089,-70.20619417719789,-70.20619417719789
1669.9800468254089,-70.20929486689619,-70.20929486689619
1669.9900468254089,-70.21239868827084,-70.21239868827084
1670.0000468254088,-70.21550572733095,-70.21550572733095
1670.0100468254088,-70.21861606853207,-70.21861606853207
1670.0200468254088,-70.22172979480874,-70.22172979480874
1670.030046825409,-70.22484698757123,-70.22484698757123
1670.040046825409,-70.22796772674364,-70.22796772674364
1670.050046825409,-70.2310920907549,-70.2310920907549
1670.060046825409,-70.23422015656782,-70.23422015656782
1670.070046825409,-70.23735199968789,-70.23735199968789
1670.080046825409,-70.24048769419507,-70.24048769419507
1670.090046825409,-70.24362731272568,-70.24362731272568
1670.100046825409,-70.24677092651449,-70.24677092651449
1670.110046825409,-70.24991860541827,-70.24991860541827
1670.120046825409,-70.2530704178891,-70.2530704178891
1670.130046825409,-70.25622643103785,-70.25622643103785
1670.140046825409,-70.25938671060804,-70.25938671060804
1670.150046825409,-70.26255132103155,-70.26255132103155
1670.160046825409,-70.26572032540871,-70.26572032540871
1670.170046825409,-70.2688937855386,-70.2688937855386
1670.180046825409,-70.27207176193572,-70.27207176193572
1670.190046825409,-70.27525431384733,-70.27525431384733
1670.200046825409,-70.27844149925676,-70.27844149925676
1670.2100468254089,-70.28163337490516,-70.28163337490516
1670.2200468254089,-70.28482999631034,-70.28482999631034
1670.2300468254089,-70.28803141778076,-70.28803141778076
1670.2400468254089,-70.29123769241109,-70.29123769241109
1670.2500468492508,-70.2944488797765,-70.2944488797765
1670.2600468492508,-70.29766501537479,-70.29766501537479
1670.2700468492508,-70.30088615641573,-70.30088615641573
1670.2800468492508,-70.30411235136587,-70.30411235136587
1670.2900468492508,-70.30734364757394,-70.30734364757394
1670.3000468492507,-70.31058009125942,-70.31058009125942
1670.3100468492507,-70.31382172756987,-70.31382172756987
1670.3200468492507,-70.31706860055648,-70.31706860055648
1670.3300468492507,-70.32032075319057,-70.32032075319057
1670.3400468492507,-70.32357822741007,-70.32357822741007
1670.3500468492507,-70.32684106411473,-70.32684106411473
1670.3600468492507,-70.33010930316492,-70.33010930316492
1670.3700468492507,-70.33338298340723,-70.33338298340723
1670.380046849251,-70.33666214270879,-70.33666214270879
1670.390046849251,-70.33994681792976,-70.33994681792976
1670.4000468492509,-70.34323704497174,-70.34323704497174
1670.4100468492509,-70.34653285876938,-70.34653285876938
1670.4200468492509,-70.34983429331672,-70.34983429331672
1670.4300468492509,-70.3531413816747,-70.3531413816747
1670.4400468492508,-70.35645415597568,-70.35645415597568
1670.4500468492508,-70.35977264745986,-70.35977264745986
1670.4600468492508,-70.36309688645778,-70.36309688645778
1670.4700468492508,-70.36642690242614,-70.36642690242614
1670.4800468492508,-70.3697627239484,-70.3697627239484
1670.4900468492508,-70.37310437875153,-70.37310437875153
1670.5000468492508,-70.37645189371743,-70.37645189371743
1670.5100468492508,-70.37980529489062,-70.37980529489062
1670.5200468492508,-70.38316460749745,-70.38316460749745
1670.5300468492508,-70.38652985594665,-70.38652985594665
1670.5400468492508,-70.38990106386416,-70.38990106386416
1670.5500468492507,-70.39327825407302,-70.39327825407302
1670.5600468492507,-70.39666144862666,-70.39666144862666
1670.5700468492507,-70.40005066881706,-70.40005066881706
1670.5800468492507,-70.40344593517878,-70.40344593517878
1670.5900468492507,-70.40684726749959,-70.40684726749959
1670.6000468492507,-70.41025468484554,-70.41025468484554
1670.6100468492507,-70.41366820555045,-70.41366820555045
1670.6200468492507,-70.41708784724663,-70.41708784724663
1670.630046849251,-70.42051362686762,-70.42051362686762
1670.640046849251,-70.42394556064376,-70.42394556064376
1670.6500468492509,-70.42738366414383,-70.42738366414383
1670.6600468492509,-70.43082795225692,-70.43082795225692
1670.6700468492509,-70.43427843921849,-70.43427843921849
1670.6800468492509,-70.43773513860094,-70.43773513860094
1670.6900468492508,-70.44119806335445,-70.44119806335445
1670.7000468492508,-70.44466722579128,-70.44466722579128
1670.7100468492508,-70.44814263759905,-70.44814263759905
1670.7200468492508,-70.45162430986416,-70.45162430986416
1670.7300468492508,-70.45511225306882,-70.45511225306882
1670.7400468492508,-70.4586064770958,-70.4586064770958
1670.7500468492508,-70.46210699124765,-70.46210699124765
1670.7600468492508,-70.46561380425496,-70.46561380425496
1670.7700468492508,-70.46912692428026,-70.46912692428026
1670.7800468492508,-70.47264635892414,-70.47264635892414
1670.7900468492508,-70.47617211525079,-70.47617211525079
1670.8000468492507,-70.47970419977578,-70.47970419977578
1670.8100468492507,-70.48324261848015,-70.48324261848015
1670.8200468492507,-70.4867873768247,-70.4867873768247
1670.8300468492507,-70.4903384797692,-70.4903384797692
1670.8400468492507,-70.49389593174132,-70.49389593174132
1670.8500468492507,-70.49745973668021,-70.49745973668021
1670.8600468492507,-70.50102989804451,-70.50102989804451
1670.8700468492507,-70.504606418787,-70.504606418787
1670.880046849251,-70.5081893014033,-70.5081893014033
1670.890046849251,-70.5117785479107,-70.5117785479107
1670.9000468492509,-70.51537415987255,-70.51537415987255
1670.9100468492509,-70.51897613839245,-70.51897613839245
1670.9200468492509,-70.52258448413754,-70.52258448413754
1670.9300468492509,-70.52619919732054,-70.52619919732054
1670.9400468492508,-70.5298202777309,-70.5298202777309
1670.9500468492508,-70.53344772473385,-70.53344772473385
1670.9600468492508,-70.53708153726389,-70.53708153726389
1670.9700468492508,-70.54072171386701,-70.54072171386701
1670.9800468492508,-70.54436825266454,-70.54436825266454
1670.9900468492508,-70.54802115139175,-70.54802115139175
1671.0000468492508,-70.55168040738059,-70.55168040738059
1671.0100468492508,-70.55534601758471,-70.55534601758471
1671.0200468492508,-70.55901797857817,-70.55901797857817
1671.0300468492508,-70.56269628655552,-70.56269628655552
1671.0400468492508,-70.56638093736586,-70.56638093736586
1671.0500468492507,-70.57007192646688,-70.57007192646688
1671.0600468492507,-70.57376924898642,-70.57376924898642
1671.0700468492507,-70.57747289968495,-70.57747289968495
1671.0800468492507,-70.58118287299585,-70.58118287299585
1671.0900468492507,-70.58489916300768,-70.58489916300768
1671.1000468730927,-70.58862177233523,-70.58862177233523
1671.1100468730926,-70.59235067673283,-70.59235067673283
1671.1200468730926,-70.59608587811553,-70.59608587811553
1671.1300468730926,-70.5998273693025,-70.5998273693025
1671.1400468730926,-70.60357514277338,-70.60357514277338
1671.1500468730926,-70.60732919071303,-70.60732919071303
1671.1600468730926,-70.61108950500974,-70.61108950500974
1671.1700468730926,-70.61485607724335,-70.61485607724335
1671.1800468730926,-70.6186288987233,-70.6186288987233
1671.1900468730926,-70.62240796046525,-70.62240796046525
1671.2000468730926,-70.62619325320226,-70.62619325320226
1671.2100468730926,-70.62998476740682,-70.62998476740682
1671.2200468730925,-70.63378249327322,-70.63378249327322
1671.2300468730928,-70.63758642072307,-70.63758642072307
1671.2400468730928,-70.64139653943342,-70.64139653943342
1671.2500468730927,-70.64521283881348,-70.64521283881348
1671.2600468730927,-70.64903530803137,-70.64903530803137
1671.2700468730927,-70.6528639360032,-70.6528639360032
1671.2800468730927,-70.656698711401,-70.656698711401
1671.2900468730927,-70.66053962266494,-70.66053962266494
1671.3000468730927,-70.66438665800199,-70.66438665800199
1671.3100468730927,-70.66823980537606,-70.66823980537606
1671.3200468730927,-70.6720990525492,-70.6720990525492
1671.3300468730927,-70.67596438705036,-70.67596438705036
1671.3400468730927,-70.67983579618925,-70.67983579618925
1671.3500468730927,-70.68371326706374,-70.68371326706374
1671.3600468730926,-70.68759678656355,-70.68759678656355
1671.3700468730926,-70.69148634137845,-70.69148634137845
1671.3800468730926,-70.69538191798776,-70.69538191798776
1671.3900468730926,-70.69928350267693,-70.69928350267693
1671.4000468730926,-70.70319108154261,-70.70319108154261
1671.4100468730926,-70.70710464049128,-70.70710464049128
1671.4200468730926,-70.71102416523432,-70.71102416523432
1671.4300468730926,-70.71494964130163,-70.71494964130163
1671.4400468730926,-70.71888105405512,-70.71888105405512
1671.4500468730926,-70.7228183886635,-70.7228183886635
1671.4600468730926,-70.72675546532572,-70.72675546532572
1671.4700468730925,-70.7306895688167,-70.7306895688167
1671.4800468730928,-70.73461936918592,-70.73461936918592
1671.4900468730928,-70.73854417782228,-70.73854417782228
1671.5000468730927,-70.74246366343638,-70.74246366343638
1671.5100468730927,-70.74637770456144,-70.74637770456144
1671.5200468730927,-70.75028630296248,-70.75028630296248
1671.5300468730927,-70.75418953173309,-70.75418953173309
1671.5400468730927,-70.75808750398804,-70.75808750398804
1671.5500468730927,-70.76198035411161,-70.76198035411161
1671.5600468730927,-70.76586822656941,-70.76586822656941
1671.5700468730927,-70.7697512693526,-70.7697512693526
1671.5800468730927,-70.77362963018838,-70.77362963018838
1671.5900468730927,-70.77750345451828,-70.77750345451828
1671.6000468730927,-70.78137288444346,-70.78137288444346
1671.6100468730926,-70.785238058301,-70.785238058301
1671.6200468730926,-70.78909911063695,-70.78909911063695
1671.6300468730926,-70.79295617232603,-70.79295617232603
1671.6400468730926,-70.79680937082227,-70.79680937082227
1671.6500468730926,-70.8006588304296,-70.8006588304296
1671.6600468730926,-70.80450467259224,-70.80450467259224
1671.6700468730926,-70.8083470161889,-70.8083470161889
1671.6800468730926,-70.81218597777672,-70.81218597777672
1671.6900468730926,-70.81602167180304,-70.81602167180304
1671.7000468730926,-70.81985421083326,-70.81985421083326
1671.7100468730926,-70.82368370570013,-70.82368370570013
1671.7200468730925,-70.82751026566325,-70.82751026566325
1671.7300468730928,-70.83133399853618,-70.83133399853618
1671.7400468730928,-70.8351550107788,-70.8351550107788
1671.7500468730927,-70.83897340759836,-70.83897340759836
1671.7600468730927,-70.84278929299896,-70.84278929299896
1671.7700468730927,-70.84660276986644,-70.84660276986644
1671.7800468730927,-70.85041394001013,-70.85041394001013
1671.7900468730927,-70.85422290417901,-70.85422290417901
1671.8000468730927,-70.85802976212085,-70.85802976212085
1671.8100468730927,-70.86183461258628,-70.86183461258628
1671.8200468730927,-70.86563755335213,-70.86563755335213
1671.8300468730927,-70.8694386812349,-70.8694386812349
1671.8400468730927,-70.87323809210638,-70.87323809210638
1671.8500468730927,-70.87703588088021,-70.87703588088021
1671.8600468730926,-70.88083214153504,-70.88083214153504
1671.8700468730926,-70.88462696710613,-70.88462696710613
1671.8800468730926,-70.88842044967826,-70.88842044967826
1671.8900468730926,-70.89221268039734,-70.89221268039734
1671.9000468730926,-70.8960037494612,-70.8960037494612
1671.9100468730926,-70.89979374612133,-70.89979374612133
1671.9200468730926,-70.9035827586619,-70.9035827586619
1671.9300468730926,-70.90737087441059,-70.90737087441059
1671.9400468730926,-70.91115817972998,-70.91115817972998
1671.9500468969345,-70.91494476902582,-70.91494476902582
1671.9600468969345,-70.91873070870335,-70.91873070870335
1671.9700468969345,-70.9225160911915,-70.9225160911915
1671.9800468969345,-70.92630099894602,-70.92630099894602
1671.9900468969345,-70.93008551343912,-70.93008551343912
1672.0000468969345,-70.93386971513122,-70.93386971513122
1672.0100468969345,-70.9376536835023,-70.9376536835023
1672.0200468969344,-70.9414374970281,-70.9414374970281
1672.0300468969344,-70.94522123317255,-70.94522123317255
1672.0400468969344,-70.94900496840769,-70.94900496840769
1672.0500468969344,-70.95278877819439,-70.95278877819439
1672.0600468969344,-70.95657273698326,-70.95657273698326
1672.0700468969344,-70.96035691821594,-70.96035691821594
1672.0800468969346,-70.9641413943205,-70.9641413943205
1672.0900468969346,-70.96792623672334,-70.96792623672334
1672.1000468969346,-70.97171151583751,-70.97171151583751
1672.1100468969346,-70.97549730106644,-70.97549730106644
1672.1200468969346,-70.97928366079836,-70.97928366079836
1672.1300468969346,-70.98307066242982,-70.98307066242982
1672.1400468969346,-70.98685837233953,-70.98685837233953
1672.1500468969346,-70.99064685590643,-70.99064685590643
1672.1600468969345,-70.99443617751572,-70.99443617751572
1672.1700468969345,-70.99822640055443,-70.99822640055443
1672.1800468969345,-71.00201758741565,-71.00201758741565
1672.1900468969345,-71.00580979950024,-71.00580979950024
1672.2000468969345,-71.00960309722487,-71.00960309722487
1672.2100468969345,-71.01339754003025,-71.01339754003025
1672.2200468969345,-71.01719318637278,-71.01719318637278
1672.2300468969345,-71.02099009374547,-71.02099009374547
1672.2400468969345,-71.02478831866672,-71.02478831866672
1672.2500468969345,-71.02858791670131,-71.02858791670131
1672.2600468969345,-71.03238894246476,-71.03238894246476
1672.2700468969344,-71.03619144961024,-71.03619144961024
1672.2800468969344,-71.03999549086012,-71.03999549086012
1672.2900468969344,-71.04380111799058,-71.04380111799058
1672.3000468969344,-71.04760838185317,-71.04760838185317
1672.3100468969344,-71.05141733238297,-71.05141733238297
1672.3200468969344,-71.05522801858797,-71.05522801858797
1672.3300468969346,-71.05904048858505,-71.05904048858505
1672.3400468969346,-71.06285478956191,-71.06285478956191
1672.3500468969346,-71.06667096783974,-71.06667096783974
1672.3600468969346,-71.0704890688396,-71.0704890688396
1672.3700468969346,-71.07430913710259,-71.07430913710259
1672.3800468969346,-71.07813121630973,-71.07813121630973
1672.3900468969346,-71.08195534927448,-71.08195534927448
1672.4000468969346,-71.08578157794479,-71.08578157794479
1672.4100468969345,-71.0896099434366,-71.0896099434366
1672.4200468969345,-71.09344048601906,-71.09344048601906
1672.4300468969345,-71.0972732451314,-71.0972732451314
1672.4400468969345,-71.10110825939509,-71.10110825939509
1672.4500468969345,-71.10494556661747,-71.10494556661747
1672.4600468969345,-71.1087852037918,-71.1087852037918
1672.4700468969345,-71.11262720712384,-71.11262720712384
1672.4800468969345,-71.1164716120268,-71.1164716120268
1672.4900468969345,-71.12031845312777,-71.12031845312777
1672.5000468969345,-71.12416776429384,-71.12416776429384
1672.5100468969345,-71.12801957861801,-71.12801957861801
1672.5200468969344,-71.13187392844813,-71.13187392844813
1672.5300468969344,-71.135730845382,-71.135730845382
1672.5400468969344,-71.13959036028463,-71.13959036028463
1672.5500468969344,-71.14345250328252,-71.14345250328252
1672.5600468969344,-71.14731730378564,-71.14731730378564
1672.5700468969344,-71.15118479049167,-71.15118479049167
1672.5800468969346,-71.15505499139441,-71.15505499139441
1672.5900468969346,-71.15892793379358,-71.15892793379358
1672.6000468969346,-71.16280364431057,-71.16280364431057
1672.6100468969346,-71.16668214887216,-71.16668214887216
1672.6200468969346,-71.1705634727472,-71.1705634727472
1672.6300468969346,-71.17444764053631,-71.17444764053631
1672.6400468969346,-71.17833467619616,-71.17833467619616
1672.6500468969346,-71.18222460303674,-71.18222460303674
1672.6600468969345,-71.18611744371658,-71.18611744371658
1672.6700468969345,-71.19001322028961,-71.19001322028961
1672.6800468969345,-71.19391195416162,-71.19391195416162
1672.6900468969345,-71.19781366615523,-71.19781366615523
1672.7000468969345,-71.20171837646407,-71.20171837646407
1672.7100468969345,-71.20562610470837,-71.20562610470837
1672.7200468969345,-71.20953686990623,-71.20953686990623
1672.7300468969345,-71.21345069049674,-71.21345069049674
1672.7400468969345,-71.21736758435145,-71.21736758435145
1672.7500468969345,-71.22128756877198,-71.22128756877198
1672.7600468969345,-71.22521066050416,-71.22521066050416
1672.7700468969344,-71.2291368757427,-71.2291368757427
1672.7800468969344,-71.23306623015507,-71.23306623015507
1672.7900468969344,-71.23699873885381,-71.23699873885381
1672.8000469207764,-71.24093442580732,-71.24093442580732
1672.8100469207764,-71.24487328637645,-71.24487328637645
1672.8200469207763,-71.2488153434623,-71.2488153434623
1672.8300469207763,-71.25276061013595,-71.25276061013595
1672.8400469207763,-71.25670909895334,-71.25670909895334
1672.8500469207763,-71.26066082199145,-71.26066082199145
1672.8600469207763,-71.26461579083627,-71.26461579083627
1672.8700469207763,-71.26857401660448,-71.26857401660448
1672.8800469207763,-71.2725355099395,-71.2725355099395
1672.8900469207763,-71.27650028102512,-71.27650028102512
1672.9000469207763,-71.28046833957686,-71.28046833957686
1672.9100469207763,-71.28443969488431,-71.28443969488431
1672.9200469207763,-71.2884143557697,-71.2884143557697
1672.9300469207765,-71.29239233063979,-71.29239233063979
1672.9400469207765,-71.29637362745794,-71.29637362745794
1672.9500469207765,-71.30035825377206,-71.30035825377206
1672.9600469207764,-71.3043462167086,-71.3043462167086
1672.9700469207764,-71.30833752298993,-71.30833752298993
1672.9800469207764,-71.31233217893345,-71.31233217893345
1672.9900469207764,-71.31633019045636,-71.31633019045636
1673.0000469207764,-71.32033156308306,-71.32033156308306
1673.0100469207764,-71.32433630195344,-71.32433630195344
1673.0200469207764,-71.32834441182916,-71.32834441182916
1673.0300469207764,-71.33235589709568,-71.33235589709568
1673.0400469207764,-71.33637076177143,-71.33637076177143
1673.0500469207764,-71.34038900951371,-71.34038900951371
1673.0600469207764,-71.3444106436167,-71.3444106436167
1673.0700469207763,-71.34843566702624,-71.34843566702624
1673.0800469207763,-71.35246408235709,-71.35246408235709
1673.0900469207763,-71.35649589186126,-71.35649589186126
1673.1000469207763,-71.36053109747063,-71.36053109747063
1673.1100469207763,-71.36456970078012,-71.36456970078012
1673.1200469207763,-71.36861170306231,-71.36861170306231
1673.1300469207763,-71.37265710527848,-71.37265710527848
1673.1400469207763,-71.37670590806239,-71.37670590806239
1673.1500469207763,-71.38075811174215,-71.38075811174215
1673.1600469207763,-71.3848137163544,-71.3848137163544
1673.1700469207763,-71.38887272162657,-71.38887272162657
1673.1800469207765,-71.39293512698922,-71.39293512698922
1673.1900469207765,-71.39700093159898,-71.39700093159898
1673.2000469207765,-71.40107013430732,-71.40107013430732
1673.2100469207764,-71.40514273369958,-71.40514273369958
1673.2200469207764,-71.40921872807617,-71.40921872807617
1673.2300469207764,-71.41329811548052,-71.41329811548052
1673.2400469207764,-71.41738089368053,-71.41738089368053
1673.2500469207764,-71.42146706018526,-71.42146706018526
1673.2600469207764,-71.4255566122425,-71.4255566122425
1673.2700469207764,-71.42964954684716,-71.42964954684716
1673.2800469207764,-71.43374586075228,-71.43374586075228
1673.2900469207764,-71.43784555046315,-71.43784555046315
1673.3000469207764,-71.44194861224432,-71.44194861224432
1673.3100469207764,-71.44605504212583,-71.44605504212583
1673.3200469207763,-71.45016483589963,-71.45016483589963
1673.3300469207763,-71.4542779891321,-71.4542779891321
1673.3400469207763,-71.45839449716865,-71.45839449716865
1673.3500469207763,-71.46251435513685,-71.46251435513685
1673.3600469207763,-71.46663755793875,-71.46663755793875
1673.3700469207763,-71.47076410026246,-71.47076410026246
1673.3800469207763,-71.47489397660095,-71.47489397660095
1673.3900469207763,-71.47902718122913,-71.47902718122913
1673.4000469207763,-71.48316370822509,-71.48316370822509
1673.4100469207763,-71.48730355146813,-71.48730355146813
1673.4200469207763,-71.49144670464578,-71.49144670464578
1673.4300469207765,-71.49559316124528,-71.49559316124528
1673.4400469207765,-71.49974291457876,-71.49974291457876
1673.4500469207765,-71.50389595776049,-71.50389595776049
1673.4600469207764,-71.50805228373528,-71.50805228373528
1673.4700469207764,-71.5122118852644,-71.5122118852644
1673.4800469207764,-71.51637475493634,-71.51637475493634
1673.4900469207764,-71.5205408851673,-71.5205408851673
1673.5000469207764,-71.52471026820248,-71.52471026820248
1673.5100469207764,-71.52888289613186,-71.52888289613186
1673.5200469207764,-71.53305876086901,-71.53305876086901
1673.5300469207764,-71.53723785417242,-71.53723785417242
1673.5400469207764,-71.54142016765756,-71.54142016765756
1673.5500469207764,-71.54560569277376,-71.54560569277376
1673.5600469207764,-71.5497944208245,-71.5497944208245
1673.5700469207763,-71.55398634296542,-71.55398634296542
1673.5800469207763,-71.55818145019911,-71.55818145019911
1673.5900469207763,-71.56237973339817,-71.56237973339817
1673.6000469207763,-71.56658118329487,-71.56658118329487
1673.6100469207763,-71.57078579047696,-71.57078579047696
1673.6200469207763,-71.57499354541523,-71.57499354541523
1673.6300469207763,-71.57920443842552,-71.57920443842552
1673.6400469207763,-71.58341845971297,-71.58341845971297
1673.6500469446182,-71.58763560938972,-71.58763560938972
1673.6600469446182,-71.59185585734932,-71.59185585734932
1673.6700469446182,-71.59607920342621,-71.59607920342621
1673.6800469446182,-71.60030563733824,-71.60030563733824
1673.6900469446182,-71.60453514868495,-71.60453514868495
1673.7000469446182,-71.60876772693985,-71.60876772693985
1673.7100469446182,-71.6130033614809,-71.6130033614809
1673.7200469446182,-71.61724204156208,-71.61724204156208
1673.7300469446182,-71.62148375633706,-71.62148375633706
1673.7400469446181,-71.62572849485667,-71.62572849485667
1673.7500469446181,-71.6299762460642,-71.6299762460642
1673.7600469446181,-71.63422699880282,-71.63422699880282
1673.7700469446181,-71.63848074181493,-71.63848074181493
1673.7800469446183,-71.64273746375301,-71.64273746375301
1673.7900469446183,-71.64699715317155,-71.64699715317155
1673.8000469446183,-71.6512597985449,-71.6512597985449
1673.8100469446183,-71.65552538823961,-71.65552538823961
1673.8200469446183,-71.65979391053891,-71.65979391053891
1673.8300469446183,-71.66406535364625,-71.66406535364625
1673.8400469446183,-71.66833970568064,-71.66833970568064
1673.8500469446183,-71.67261695467393,-71.67261695467393
1673.8600469446183,-71.67689708857544,-71.67689708857544
1673.8700469446183,-71.68118009525676,-71.68118009525676
1673.8800469446182,-71.68546596252786,-71.68546596252786
1673.8900469446182,-71.68975467809796,-71.68975467809796
1673.9000469446182,-71.69404622962232,-71.69404622962232
1673.9100469446182,-71.69834060467595,-71.69834060467595
1673.9200469446182,-71.70263779077197,-71.70263779077197
1673.9300469446182,-71.7069377753503,-71.7069377753503
1673.9400469446182,-71.71124054578158,-71.71124054578158
1673.9500469446182,-71.71554608937835,-71.71554608937835
1673.9600469446182,-71.71985439338259,-71.71985439338259
1673.9700469446182,-71.72416544497771,-71.72416544497771
1673.9800469446182,-71.72847923128802,-71.72847923128802
1673.9900469446181,-71.73279573938403,-71.73279573938403
1674.0000469446181,-71.73711495627009,-71.73711495627009
1674.0100469446181,-71.74143686889843,-71.74143686889843
1674.0200469446181,-71.74576146417265,-71.74576146417265
1674.0300469446183,-71.75008872893852,-71.75008872893852
1674.0400469446183,-71.75441864999068,-71.75441864999068
1674.0500469446183,-71.75875121407245,-71.75875121407245
1674.0600469446183,-71.76308640788409,-71.76308640788409
1674.0700469446183,-71.76742421807431,-71.76742421807431
1674.0800469446183,-71.7717646312533,-71.7717646312533
1674.0900469446183,-71.77610763398442,-71.77610763398442
1674.1000469446183,-71.78045321277716,-71.78045321277716
1674.1100469446183,-71.78480135410992,-71.78480135410992
1674.1200469446183,-71.78915204441768,-71.78915204441768
1674.1300469446182,-71.7935052701027,-71.7935052701027
1674.1400469446182,-71.797861017525,-71.797861017525
1674.1500469446182,-71.80221927300272,-71.80221927300272
1674.1600469446182,-71.80658002282726,-71.80658002282726
1674.1700469446182,-71.81094325324108,-71.81094325324108
1674.1800469446182,-71.8153089504725,-71.8153089504725
1674.1900469446182,-71.81967710070728,-71.81967710070728
1674.2000469446182,-71.82404769010338,-71.82404769010338
1674.2100469446182,-71.82841443870136,-71.82841443870136
1674.2200469446182,-71.83277458455069,-71.83277458455069
1674.2300469446182,-71.83712677255798,-71.83712677255798
1674.2400469446181,-71.84147029906393,-71.84147029906393
1674.2500469446181,-71.84580482348879,-71.84580482348879
1674.2600469446181,-71.85013021856837,-71.85013021856837
1674.2700469446181,-71.85444648259023,-71.85444648259023
1674.2800469446183,-71.85875368664263,-71.85875368664263
1674.2900469446183,-71.86305194293331,-71.86305194293331
1674.3000469446183,-71.86734138572498,-71.86734138572498
1674.3100469446183,-71.87162216001066,-71.87162216001066
1674.3200469446183,-71.87589441481354,-71.87589441481354
1674.3300469446183,-71.88015829936832,-71.88015829936832
1674.3400469446183,-71.88441396100595,-71.88441396100595
1674.3500469446183,-71.88866154407826,-71.88866154407826
1674.3600469446183,-71.89290118953713,-71.89290118953713
1674.3700469446183,-71.89713303483462,-71.89713303483462
1674.3800469446182,-71.90135721407462,-71.90135721407462
1674.3900469446182,-71.90557385819264,-71.90557385819264
1674.4000469446182,-71.90978309527246,-71.90978309527246
1674.4100469446182,-71.91398505079661,-71.91398505079661
1674.4200469446182,-71.91817984790971,-71.91817984790971
1674.4300469446182,-71.9223676076735,-71.9223676076735
1674.4400469446182,-71.92654844928857,-71.92654844928857
1674.4500469446182,-71.93072249025688,-71.93072249025688
1674.4600469446182,-71.93488984657445,-71.93488984657445
1674.4700469446182,-71.93905063286074,-71.93905063286074
1674.4800469446182,-71.94320496247575,-71.94320496247575
1674.4900469446181,-71.94735294760343,-71.94735294760343
1674.50004696846,-71.95149470920897,-71.95149470920897
1674.51004696846,-71.95563033763871,-71.95563033763871
1674.52004696846,-71.9597599518834,-71.9597599518834
1674.53004696846,-71.9638836601287,-71.9638836601287
1674.54004696846,-71.9680015696629,-71.9680015696629
1674.55004696846,-71.97211378690598,-71.97211378690598
1674.56004696846,-71.97622041742133,-71.97622041742133
1674.57004696846,-71.98032156592498,-71.98032156592498
1674.58004696846,-71.9844173363044,-71.9844173363044
1674.59004696846,-71.98850783161117,-71.98850783161117
1674.60004696846,-71.9925931540785,-71.9925931540785
1674.61004696846,-71.99667340509036,-71.99667340509036
1674.62004696846,-72.0007486852049,-72.0007486852049
1674.6300469684602,-72.00481909414714,-72.00481909414714
1674.6400469684602,-72.00888473078608,-72.00888473078608
1674.6500469684602,-72.01294569313377,-72.01294569313377
1674.6600469684602,-72.01700207836359,-72.01700207836359
1674.6700469684602,-72.02105398275977,-72.02105398275977
1674.6800469684601,-72.02510150173707,-72.02510150173707
1674.6900469684601,-72.02914472983377,-72.02914472983377
1674.7000469684601,-72.03318376067904,-72.03318376067904
1674.7100469684601,-72.03721868702239,-72.03721868702239
1674.72004696846,-72.04124960068894,-72.04124960068894
1674.73004696846,-72.04527659259413,-72.04527659259413
1674.74004696846,-72.04929975273404,-72.04929975273404
1674.75004696846,-72.05331917016841,-72.05331917016841
1674.76004696846,-72.05733493302951,-72.05733493302951
1674.77004696846,-72.06134712850985,-72.06134712850985
1674.78004696846,-72.06535584284396,-72.06535584284396
1674.79004696846,-72.06936116132788,-72.06936116132788
1674.80004696846,-72.07336316828753,-72.07336316828753
1674.81004696846,-72.07736194710868,-72.07736194710868
1674.82004696846,-72.08135758021116,-72.08135758021116
1674.83004696846,-72.0853501490325,-72.0853501490325
1674.84004696846,-72.08933973406478,-72.08933973406478
1674.85004696846,-72.09332641481569,-72.09332641481569
1674.86004696846,-72.09731026983584,-72.09731026983584
1674.87004696846,-72.10129137669078,-72.10129137669078
1674.8800469684602,-72.10526981198946,-72.10526981198946
1674.8900469684602,-72.10924565136283,-72.10924565136283
1674.9000469684602,-72.11321896948404,-72.11321896948404
1674.9100469684602,-72.11718984003424,-72.11718984003424
1674.9200469684602,-72.12115833574502,-72.12115833574502
1674.9300469684601,-72.1251245283761,-72.1251245283761
1674.9400469684601,-72.12908848872138,-72.12908848872138
1674.9500469684601,-72.13305028662211,-72.13305028662211
1674.9600469684601,-72.13700999096919,-72.13700999096919
1674.97004696846,-72.14096766966915,-72.14096766966915
1674.98004696846,-72.14492338971219,-72.14492338971219
1674.99004696846,-72.14887721711918,-72.14887721711918
1675.00004696846,-72.15282921697592,-72.15282921697592
1675.01004696846,-72.15677945343958,-72.15677945343958
1675.02004696846,-72.16072798972733,-72.16072798972733
1675.03004696846,-72.1646748881151,-72.1646748881151
1675.04004696846,-72.16862020998151,-72.16862020998151
1675.05004696846,-72.17256401576844,-72.17256401576844
1675.06004696846,-72.17650636501645,-72.17650636501645
1675.07004696846,-72.18044731635759,-72.18044731635759
1675.08004696846,-72.18438692753448,-72.18438692753448
1675.09004696846,-72.18832525537543,-72.18832525537543
1675.10004696846,-72.19226235584883,-72.19226235584883
1675.11004696846,-72.19619828402351,-72.19619828402351
1675.12004696846,-72.2001330941109,-72.2001330941109
1675.1300469684602,-72.20406683944078,-72.20406683944078
1675.1400469684602,-72.2079995724987,-72.2079995724987
1675.1500469684602,-72.21193134491097,-72.21193134491097
1675.1600469684602,-72.21586220746227,-72.21586220746227
1675.1700469684602,-72.21979221010169,-72.21979221010169
1675.1800469684601,-72.22372140194908,-72.22372140194908
1675.1900469684601,-72.22764983129944,-72.22764983129944
1675.2000469684601,-72.23157754564089,-72.23157754564089
1675.2100469684601,-72.23550459165457,-72.23550459165457
1675.22004696846,-72.23943101520695,-72.23943101520695
1675.23004696846,-72.24335686139617,-72.24335686139617
1675.24004696846,-72.24728217453391,-72.24728217453391
1675.25004696846,-72.25120699814346,-72.25120699814346
1675.26004696846,-72.25513137499196,-72.25513137499196
1675.27004696846,-72.25905534709038,-72.25905534709038
1675.28004696846,-72.2629789556926,-72.2629789556926
1675.29004696846,-72.26690224131126,-72.26690224131126
1675.30004696846,-72.27082524372818,-72.27082524372818
1675.31004696846,-72.27474800198681,-72.27474800198681
1675.32004696846,-72.27867055442982,-72.27867055442982
1675.33004696846,-72.28259293868426,-72.28259293868426
1675.34004696846,-72.28651519166418,-72.28651519166418
1675.350046992302,-72.2904373589344,-72.2904373589344
1675.360046992302,-72.29435945737026,-72.29435945737026
1675.370046992302,-72.29828153116168,-72.29828153116168
1675.380046992302,-72.30220361449773,-72.30220361449773
1675.390046992302,-72.30612574091583,-72.30612574091583
1675.400046992302,-72.31004794328781,-72.31004794328781
1675.410046992302,-72.31397025384055,-72.31397025384055
1675.4200469923019,-72.31789270417414,-72.31789270417414
1675.4300469923019,-72.32181532523413,-72.32181532523413
1675.4400469923019,-72.32573814735883,-72.32573814735883
1675.4500469923018,-72.32966120028115,-72.32966120028115
1675.4600469923018,-72.3335782026854,-72.3335782026854
1675.4700469923018,-72.33748641542498,-72.33748641542498
1675.480046992302,-72.34138451549435,-72.34138451549435
1675.490046992302,-72.34527183532877,-72.34527183532877
1675.500046992302,-72.3491480723806,-72.3491480723806
1675.510046992302,-72.35301313841451,-72.35301313841451
1675.520046992302,-72.35686707108009,-72.35686707108009
1675.530046992302,-72.36070998085631,-72.36070998085631
1675.540046992302,-72.36454201915323,-72.36454201915323
1675.550046992302,-72.36836335910708,-72.36836335910708
1675.560046992302,-72.37217418420957,-72.37217418420957
1675.570046992302,-72.37597468155685,-72.37597468155685
1675.580046992302,-72.37976503799459,-72.37976503799459
1675.590046992302,-72.3835454380093,-72.3835454380093
1675.600046992302,-72.38731606264523,-72.38731606264523
1675.610046992302,-72.39107708907825,-72.39107708907825
1675.620046992302,-72.39482869052217,-72.39482869052217
1675.630046992302,-72.39857103636817,-72.39857103636817
1675.640046992302,-72.40230429239703,-72.40230429239703
1675.650046992302,-72.40602862107173,-72.40602862107173
1675.660046992302,-72.40974418181096,-72.40974418181096
1675.6700469923019,-72.41345113124763,-72.41345113124763
1675.6800469923019,-72.41714962350386,-72.41714962350386
1675.6900469923019,-72.4208398103758,-72.4208398103758
1675.7000469923018,-72.42452184157484,-72.42452184157484
1675.7100469923018,-72.4281958648492,-72.4281958648492
1675.7200469923018,-72.43186202616171,-72.43186202616171
1675.730046992302,-72.4354778339067,-72.4354778339067
1675.740046992302,-72.43901860726807,-72.43901860726807
1675.750046992302,-72.44247177827462,-72.44247177827462
1675.760046992302,-72.44583124266732,-72.44583124266732
1675.770046992302,-72.44909437043181,-72.44909437043181
1675.780046992302,-72.45226042638635,-72.45226042638635
1675.790046992302,-72.45532970871228,-72.45532970871228
1675.800046992302,-72.45830306928885,-72.45830306928885
1675.810046992302,-72.46118164379574,-72.46118164379574
1675.820046992302,-72.46396669961159,-72.46396669961159
1675.830046992302,-72.46665955090852,-72.46665955090852
1675.840046992302,-72.46926151237172,-72.46926151237172
1675.850046992302,-72.4717738753634,-72.4717738753634
1675.860046992302,-72.47419789692646,-72.47419789692646
1675.870046992302,-72.47653479621309,-72.47653479621309
1675.880046992302,-72.47878575489734,-72.47878575489734
1675.890046992302,-72.4809519197606,-72.4809519197606
1675.900046992302,-72.48303440620832,-72.48303440620832
1675.910046992302,-72.485034302147,-72.485034302147
1675.9200469923019,-72.48695267175236,-72.48695267175236
1675.9300469923019,-72.48879055900328,-72.48879055900328
1675.9400469923019,-72.49054899086975,-72.49054899086975
1675.9500469923018,-72.49222898007733,-72.49222898007733
1675.9600469923018,-72.49383152754505,-72.49383152754505
1675.9700469923018,-72.49535762442902,-72.49535762442902
1675.980046992302,-72.49680825383324,-72.49680825383324
1675.990046992302,-72.49818439224919,-72.49818439224919
1676.000046992302,-72.49948701072624,-72.49948701072624
1676.010046992302,-72.50071707579984,-72.50071707579984
1676.020046992302,-72.50187555026748,-72.50187555026748
1676.030046992302,-72.5029633937458,-72.5029633937458
1676.040046992302,-72.50398156311682,-72.50398156311682
1676.050046992302,-72.5049310128725,-72.5049310128725
1676.060046992302,-72.50581269530497,-72.50581269530497
1676.070046992302,-72.50662756063296,-72.50662756063296
1676.080046992302,-72.50737655709273,-72.50737655709273
1676.090046992302,-72.50806063091753,-72.50806063091753
1676.100046992302,-72.50868072629233,-72.50868072629233
1676.110046992302,-72.50923778525079,-72.50923778525079
1676.120046992302,-72.50973274759068,-72.50973274759068
1676.130046992302,-72.51016655069846,-72.51016655069846
1676.140046992302,-72.51054012936251,-72.51054012936251
1676.150046992302,-72.51085441563811,-72.51085441563811
1676.160046992302,-72.51111033861012,-72.51111033861012
1676.1700469923019,-72.51130882422152,-72.51130882422152
1676.1800469923019,-72.51145079502399,-72.51145079502399
1676.1900469923019,-72.51153717000379,-72.51153717000379
1676.2000470161438,-72.51156886440398,-72.51156886440398
1676.2100470161438,-72.51154678909502,-72.51154678909502
1676.2200470161438,-72.51147185128916,-72.51147185128916
1676.2300470161438,-72.51134495351192,-72.51134495351192
1676.2400470161438,-72.51116699363693,-72.51116699363693
1676.2500470161438,-72.51093886472559,-72.51093886472559
1676.2600470161437,-72.51066145482501,-72.51066145482501
1676.2700470161437,-72.5103356467634,-72.5103356467634
1676.2800470161437,-72.509962317977,-72.509962317977
1676.2900470161437,-72.50954234035706,-72.50954234035706
1676.3000470161437,-72.50907658005727,-72.50907658005727
1676.3100470161437,-72.5085658973533,-72.5085658973533
1676.3200470161437,-72.50801114649384,-72.50801114649384
1676.330047016144,-72.50741317554028,-72.50741317554028
1676.340047016144,-72.50677282625448,-72.50677282625448
1676.350047016144,-72.5060909339613,-72.5060909339613
1676.3600470161439,-72.50536832742293,-72.50536832742293
1676.3700470161439,-72.50460582873019,-72.50460582873019
1676.3800470161439,-72.50380425321144,-72.50380425321144
1676.3900470161439,-72.5029644093127,-72.5029644093127
1676.4000470161438,-72.5020870985097,-72.5020870985097
1676.4100470161438,-72.5011731152428,-72.5011731152428
1676.4200470161438,-72.50022324681115,-72.50022324681115
1676.4300470161438,-72.4992382733312,-72.4992382733312
1676.4400470161438,-72.49821896764757,-72.49821896764757
1676.4500470161438,-72.49716609528681,-72.49716609528681
1676.4600470161438,-72.49607409881591,-72.49607409881591
1676.4700470161438,-72.49494096620188,-72.49494096620188
1676.4800470161438,-72.49376609789667,-72.49376609789667
1676.4900470161438,-72.49254954395359,-72.49254954395359
1676.5000470161438,-72.4912917129521,-72.4912917129521
1676.5100470161437,-72.48999322086054,-72.48999322086054
1676.5200470161437,-72.48865480244807,-72.48865480244807
1676.5300470161437,-72.48727725810005,-72.48727725810005
1676.5400470161437,-72.48586142179897,-72.48586142179897
1676.5500470161437,-72.48440814196049,-72.48440814196049
1676.5600470161437,-72.48291826994418,-72.48291826994418
1676.5700470161437,-72.48139265337952,-72.48139265337952
1676.580047016144,-72.4798321322822,-72.4798321322822
1676.590047016144,-72.4782375369396,-72.4782375369396
1676.600047016144,-72.4766096868801,-72.4766096868801
1676.6100470161439,-72.47494939042042,-72.47494939042042
1676.6200470161439,-72.47325744464128,-72.47325744464128
1676.6300470161439,-72.47153463548622,-72.47153463548622
1676.6400470161439,-72.46978173806399,-72.46978173806399
1676.6500470161438,-72.46799951690609,-72.46799951690609
1676.6600470161438,-72.46618872630059,-72.46618872630059
1676.6700470161438,-72.46435011058168,-72.46435011058168
1676.6800470161438,-72.46248440439835,-72.46248440439835
1676.6900470161438,-72.46059233298115,-72.46059233298115
1676.7000470161438,-72.45867461236021,-72.45867461236021
1676.7100470161438,-72.45673194957857,-72.45673194957857
1676.7200470161438,-72.45476504285821,-72.45476504285821
1676.7300470161438,-72.45277458177038,-72.45277458177038
1676.7400470161438,-72.45076124736137,-72.45076124736137
1676.7500470161438,-72.44872571229709,-72.44872571229709
1676.7600470161437,-72.4466686409502,-72.4466686409502
1676.7700470161437,-72.44459068952632,-72.44459068952632
1676.7800470161437,-72.44249250612111,-72.44249250612111
1676.7900470161437,-72.44037473083318,-72.44037473083318
1676.8000470161437,-72.43823799581507,-72.43823799581507
1676.8100470161437,-72.43608292534941,-72.43608292534941
1676.8200470161437,-72.43391013592925,-72.43391013592925
1676.830047016144,-72.43172023629468,-72.43172023629468
1676.840047016144,-72.42951382750685,-72.42951382750685
1676.850047016144,-72.42729150298764,-72.42729150298764
1676.8600470161439,-72.42505384860162,-72.42505384860162
1676.8700470161439,-72.42280144268231,-72.42280144268231
1676.8800470161439,-72.42053485610393,-72.42053485610393
1676.8900470161439,-72.41825465231902,-72.41825465231902
1676.9000470161438,-72.41596138741359,-72.41596138741359
1676.9100470161438,-72.41365561015682,-72.41365561015682
1676.9200470161438,-72.41133786206801,-72.41133786206801
1676.9300470161438,-72.4090086774483,-72.4090086774483
1676.9400470161438,-72.40666858343539,-72.40666858343539
1676.9500470161438,-72.40431810006604,-72.40431810006604
1676.9600470161438,-72.40195143556443,-72.40195143556443
1676.9700470161438,-72.39956634038967,-72.39956634038967
1676.9800470161438,-72.39716197634543,-72.39716197634543
1676.9900470161438,-72.39473815465276,-72.39473815465276
1677.0000470161438,-72.39229504521909,-72.39229504521909
1677.0100470161437,-72.38983302572882,-72.38983302572882
1677.0200470161437,-72.38735259318005,-72.38735259318005
1677.0300470161437,-72.38485431078176,-72.38485431078176
1677.0400470161437,-72.38233877606795,-72.38233877606795
1677.0500470399857,-72.37980659570255,-72.37980659570255
1677.0600470399856,-72.37725839823804,-72.37725839823804
1677.0700470399856,-72.37469479140498,-72.37469479140498
1677.0800470399856,-72.37211638228885,-72.37211638228885
1677.0900470399856,-72.36952376930756,-72.36952376930756
1677.1000470399856,-72.36691754123824,-72.36691754123824
1677.1100470399856,-72.36429827683446,-72.36429827683446
1677.1200470399856,-72.36166654484205,-72.36166654484205
1677.1300470399856,-72.35902290418818,-72.35902290418818
1677.1400470399856,-72.35628753538425,-72.35628753538425
1677.1500470399856,-72.35342940090374,-72.35342940090374
1677.1600470399856,-72.35043421813084,-72.35043421813084
1677.1700470399855,-72.34729468206694,-72.34729468206694
1677.1800470399858,-72.34400744862633,-72.34400744862633
1677.1900470399858,-72.34057174501949,-72.34057174501949
1677.2000470399857,-72.33698852066614,-72.33698852066614
1677.2100470399857,-72.3332598729715,-72.3332598729715
1677.2200470399857,-72.329388649319,-72.329388649319
1677.2300470399857,-72.32537817046408,-72.32537817046408
1677.2400470399857,-72.32123203900315,-72.32123203900315
1677.2500470399857,-72.31695400749201,-72.31695400749201
1677.2600470399857,-72.31254788845878,-72.31254788845878
1677.2700470399857,-72.30801749361622,-72.30801749361622
1677.2800470399857,-72.30336659355947,-72.30336659355947
1677.2900470399857,-72.29859889170422,-72.29859889170422
1677.3000470399857,-72.29371800803331,-72.29371800803331
1677.3100470399856,-72.28872746969753,-72.28872746969753
1677.3200470399856,-72.28363070625839,-72.28363070625839
1677.3300470399856,-72.27843104806126,-72.27843104806126
1677.3400470399856,-72.27313172673335,-72.27313172673335
1677.3500470399856,-72.26773587704133,-72.26773587704133
1677.3600470399856,-72.26224653958297,-72.26224653958297
1677.3700470399856,-72.25666666397636,-72.25666666397636
1677.3800470399856,-72.25099911235314,-72.25099911235314
1677.3900470399856,-72.24524666288303,-72.24524666288303
1677.4000470399856,-72.23941201333912,-72.23941201333912
1677.4100470399856,-72.23349778455234,-72.23349778455234
1677.4200470399855,-72.22750652374147,-72.22750652374147
1677.4300470399858,-72.22144070771773,-72.22144070771773
1677.4400470399858,-72.21530274588532,-72.21530274588532
1677.4500470399857,-72.20909498309898,-72.20909498309898
1677.4600470399857,-72.20281342461685,-72.20281342461685
1677.4700470399857,-72.19645755607962,-72.19645755607962
1677.4800470399857,-72.19002821974463,-72.19002821974463
1677.4900470399857,-72.18352685671745,-72.18352685671745
1677.5000470399857,-72.17695521915765,-72.17695521915765
1677.5100470399857,-72.17031522182265,-72.17031522182265
1677.5200470399857,-72.16360885573994,-72.16360885573994
1677.5300470399857,-72.15683813705688,-72.15683813705688
1677.5400470399857,-72.15000507684944,-72.15000507684944
1677.5500470399857,-72.14311166364861,-72.14311166364861
1677.5600470399856,-72.1361598535678,-72.1361598535678
1677.5700470399856,-72.12915156502446,-72.12915156502446
1677.5800470399856,-72.12208867628372,-72.12208867628372
1677.5900470399856,-72.11497302462475,-72.11497302462475
1677.6000470399856,-72.10780640650876,-72.10780640650876
1677.6100470399856,-72.10059057829545,-72.10059057829545
1677.6200470399856,-72.09332725728109,-72.09332725728109
1677.6300470399856,-72.08601812286047,-72.08601812286047
1677.6400470399856,-72.0786648177773,-72.0786648177773
1677.6500470399856,-72.07126894931906,-72.07126894931906
1677.6600470399856,-72.06383209051886,-72.06383209051886
1677.6700470399855,-72.05635578129636,-72.05635578129636
1677.6800470399858,-72.04884152951816,-72.04884152951816
1677.6900470399858,-72.041290812037,-72.041290812037
1677.7000470399857,-72.03370507561485,-72.03370507561485
1677.7100470399857,-72.02608573785135,-72.02608573785135
1677.7200470399857,-72.01843418800266,-72.01843418800266
1677.7300470399857,-72.01075178778828,-72.01075178778828
1677.7400470399857,-72.00303987213178,-72.00303987213178
1677.7500470399857,-71.99529974986183,-71.99529974986183
1677.7600470399857,-71.98753270441156,-71.98753270441156
1677.7700470399857,-71.97973999440433,-71.97973999440433
1677.7800470399857,-71.9719228542886,-71.9719228542886
1677.7900470399857,-71.9640824949126,-71.9640824949126
1677.8000470399857,-71.95622010406572,-71.95622010406572
1677.8100470399856,-71.9483368469934,-71.9483368469934
1677.8200470399856,-71.94043386692034,-71.94043386692034
1677.8300470399856,-71.9325122855121,-71.9325122855121
1677.8400470399856,-71.92457320335481,-71.92457320335481
1677.8500470399856,-71.91661770039221,-71.91661770039221
1677.8600470399856,-71.9086468363508,-71.9086468363508
1677.8700470399856,-71.90066165117702,-71.90066165117702
1677.8800470399856,-71.89266316540429,-71.89266316540429
1677.8900470399856,-71.88465238057722,-71.88465238057722
1677.9000470638275,-71.8766302604822,-71.8766302604822
1677.9100470638275,-71.86859780790792,-71.86859780790792
1677.9200470638275,-71.86055595059523,-71.86055595059523
1677.9300470638275,-71.85250561767519,-71.85250561767519
1677.9400470638275,-71.84444772106741,-71.84444772106741
1677.9500470638275,-71.83638315578739,-71.83638315578739
1677.9600470638275,-71.82831280024543,-71.82831280024543
1677.9700470638275,-71.82023751657557,-71.82023751657557
1677.9800470638274,-71.81215815091664,-71.81215815091664
1677.9900470638274,-71.80407553371265,-71.80407553371265
1678.0000470638274,-71.79599047999703,-71.79599047999703
1678.0100470638274,-71.7879037896632,-71.7879037896632
1678.0200470638274,-71.7798162477506,-71.7798162477506
1678.0300470638276,-71.77172862469105,-71.77172862469105
1678.0400470638276,-71.76364167658328,-71.76364167658328
1678.0500470638276,-71.75555614542698,-71.75555614542698
1678.0600470638276,-71.74747275940622,-71.74747275940622
1678.0700470638276,-71.73939223308034,-71.73939223308034
1678.0800470638276,-71.73131526766292,-71.73131526766292
1678.0900470638276,-71.72324255122683,-71.72324255122683
1678.1000470638276,-71.71517475895831,-71.71517475895831
1678.1100470638276,-71.7071125533371,-71.7071125533371
1678.1200470638275,-71.69905658440214,-71.69905658440214
1678.1300470638275,-71.69100748992211,-71.69100748992211
1678.1400470638275,-71.68296589563748,-71.68296589563748
1678.1500470638275,-71.67493241543895,-71.67493241543895
1678.1600470638275,-71.66690765158339,-71.66690765158339
1678.1700470638275,-71.6588921948861,-71.6588921948861
1678.1800470638275,-71.65088662491101,-71.65088662491101
1678.1900470638275,-71.64289151016061,-71.64289151016061
1678.2000470638275,-71.6349074082653,-71.6349074082653
1678.2100470638275,-71.6269348661571,-71.6269348661571
1678.2200470638275,-71.61897442025716,-71.61897442025716
1678.2300470638274,-71.6110265966485,-71.6110265966485
1678.2400470638274,-71.60309191123197,-71.60309191123197
1678.2500470638274,-71.59517086992736,-71.59517086992736
1678.2600470638274,-71.58726396880293,-71.58726396880293
1678.2700470638274,-71.57937169427002,-71.57937169427002
1678.2800470638276,-71.57149452322172,-71.57149452322172
1678.2900470638276,-71.56363292318129,-71.56363292318129
1678.3000470638276,-71.55578735249632,-71.55578735249632
1678.3100470638276,-71.54795826045181,-71.54795826045181
1678.3200470638276,-71.54014608742594,-71.54014608742594
1678.3300470638276,-71.5323512650472,-71.5323512650472
1678.3400470638276,-71.52457421632616,-71.52457421632616
1678.3500470638276,-71.51681535580582,-71.51681535580582
1678.3600470638276,-71.50907508969264,-71.50907508969264
1678.3700470638275,-71.50135381600568,-71.50135381600568
1678.3800470638275,-71.49365192468044,-71.49365192468044
1678.3900470638275,-71.48596979773848,-71.48596979773848
1678.4000470638275,-71.47830780938942,-71.47830780938942
1678.4100470638275,-71.47066632616644,-71.47066632616644
1678.4200470638275,-71.46304570705178,-71.46304570705178
1678.4300470638275,-71.4554463035923,-71.4554463035923
1678.4400470638275,-71.44786846004625,-71.44786846004625
1678.4500470638275,-71.44031251345301,-71.44031251345301
1678.4600470638275,-71.43277879379774,-71.43277879379774
1678.4700470638275,-71.42526762410262,-71.42526762410262
1678.4800470638274,-71.41777932053643,-71.41777932053643
1678.4900470638274,-71.41031419253555,-71.41031419253555
1678.5000470638274,-71.4028725429185,-71.4028725429185
1678.5100470638274,-71.39545466796936,-71.39545466796936
1678.5200470638274,-71.38806085756674,-71.38806085756674
1678.5300470638276,-71.38069139527563,-71.38069139527563
1678.5400470638276,-71.37334655844947,-71.37334655844947
1678.5500470638276,-71.36602661833061,-71.36602661833061
1678.5600470638276,-71.35873184014962,-71.35873184014962
1678.5700470638276,-71.35146248323964,-71.35146248323964
1678.5800470638276,-71.34421880109325,-71.34421880109325
1678.5900470638276,-71.33700104149204,-71.33700104149204
1678.6000470638276,-71.32980944658303,-71.32980944658303
1678.6100470638276,-71.32264425296134,-71.32264425296134
1678.6200470638275,-71.31550569178098,-71.31550569178098
1678.6300470638275,-71.30839398882998,-71.30839398882998
1678.6400470638275,-71.30130936460668,-71.30130936460668
1678.6500470638275,-71.29425203442632,-71.29425203442632
1678.6600470638275,-71.2872222084892,-71.2872222084892
1678.6700470638275,-71.28022009197547,-71.28022009197547
1678.6800470638275,-71.27324588510403,-71.27324588510403
1678.6900470638275,-71.26629978323872,-71.26629978323872
1678.7000470638275,-71.25938197694343,-71.25938197694343
1678.7100470638275,-71.25248646609546,-71.25248646609546
1678.7200470638275,-71.2456107379475,-71.2456107379475
1678.7300470638274,-71.23875366825392,-71.23875366825392
1678.7400470638274,-71.23191477156074,-71.23191477156074
1678.7500470876694,-71.22509389935452,-71.22509389935452
1678.7600470876694,-71.21829115698216,-71.21829115698216
1678.7700470876694,-71.2115067193545,-71.2115067193545
1678.7800470876693,-71.204740844036,-71.204740844036
1678.7900470876693,-71.19799382380033,-71.19799382380033
1678.8000470876693,-71.19126596796579,-71.19126596796579
1678.8100470876693,-71.18455759134501,-71.18455759134501
1678.8200470876693,-71.17786900783915,-71.17786900783915
1678.8300470876693,-71.17120052676866,-71.17120052676866
1678.8400470876693,-71.16455245094087,-71.16455245094087
1678.8500470876693,-71.15792507575237,-71.15792507575237
1678.8600470876693,-71.15131868884286,-71.15131868884286
1678.8700470876693,-71.14473357015581,-71.14473357015581
1678.8800470876695,-71.13816999214622,-71.13816999214622
1678.8900470876695,-71.13162822012177,-71.13162822012177
1678.9000470876695,-71.1251085125752,-71.1251085125752
1678.9100470876695,-71.11861112156804,-71.11861112156804
1678.9200470876694,-71.11213629305195,-71.11213629305195
1678.9300470876694,-71.10568426721147,-71.10568426721147
1678.9400470876694,-71.09925527872842,-71.09925527872842
1678.9500470876694,-71.09284955705597,-71.09284955705597
1678.9600470876694,-71.08646732664486,-71.08646732664486
1678.9700470876694,-71.0801088071523,-71.0801088071523
1678.9800470876694,-71.07377421360009,-71.07377421360009
1678.9900470876694,-71.06746375656327,-71.06746375656327
1679.0000470876694,-71.06117764229612,-71.06117764229612
1679.0100470876694,-71.05491607283288,-71.05491607283288
1679.0200470876694,-71.04867924612863,-71.04867924612863
1679.0300470876693,-71.04246735614018,-71.04246735614018
1679.0400470876693,-71.03628059291297,-71.03628059291297
1679.0500470876693,-71.03011914266034,-71.03011914266034
1679.0600470876693,-71.02398318781997,-71.02398318781997
1679.0700470876693,-71.01787290714489,-71.01787290714489
1679.0800470876693,-71.01178847573239,-71.01178847573239
1679.0900470876693,-71.00573006509238,-71.00573006509238
1679.1000470876693,-70.9996978431836,-70.9996978431836
1679.1100470876693,-70.99369197447992,-70.99369197447992
1679.1200470876693,-70.9877126199949,-70.9877126199949
1679.1300470876695,-70.98175993731839,-70.98175993731839
1679.1400470876695,-70.97583408067683,-70.97583408067683
1679.1500470876695,-70.96993520095826,-70.96993520095826
1679.1600470876695,-70.96406344573869,-70.96406344573869
1679.1700470876694,-70.95821895932058,-70.95821895932058
1679.1800470876694,-70.95240188277563,-70.95240188277563
1679.1900470876694,-70.94661235398128,-70.94661235398128
1679.2000470876694,-70.94085050762372,-70.94085050762372
1679.2100470876694,-70.93511647526523,-70.93511647526523
1679.2200470876694,-70.92941038535467,-70.92941038535467
1679.2300470876694,-70.92373236325965,-70.92373236325965
1679.2400470876694,-70.91808253129939,-70.91808253129939
1679.2500470876694,-70.91246100877551,-70.91246100877551
1679.2600470876694,-70.90686791199744,-70.90686791199744
1679.2700470876694,-70.90130335433224,-70.90130335433224
1679.2800470876693,-70.89576744620553,-70.89576744620553
1679.2900470876693,-70.8902602951394,-70.8902602951394
1679.3000470876693,-70.88478200580573,-70.88478200580573
1679.3100470876693,-70.87933268002395,-70.87933268002395
1679.3200470876693,-70.87391241680461,-70.87391241680461
1679.3300470876693,-70.86852131238354,-70.86852131238354
1679.3400470876693,-70.8631594602497,-70.8631594602497
1679.3500470876693,-70.85782695116505,-70.85782695116505
1679.3600470876693,-70.85252387320678,-70.85252387320678
1679.3700470876693,-70.84725031178174,-70.84725031178174
1679.3800470876695,-70.84200634967999,-70.84200634967999
1679.3900470876695,-70.83679206708007,-70.83679206708007
1679.4000470876695,-70.8316075415894,-70.8316075415894
1679.4100470876695,-70.82645284827507,-70.82645284827507
1679.4200470876694,-70.8213280596929,-70.8213280596929
1679.4300470876694,-70.8162332459141,-70.8162332459141
1679.4400470876694,-70.81116847455012,-70.81116847455012
1679.4500470876694,-70.806133810794,-70.806133810794
1679.4600470876694,-70.80112931743848,-70.80112931743848
1679.4700470876694,-70.79615505490754,-70.79615505490754
1679.4800470876694,-70.7912110813002,-70.7912110813002
1679.4900470876694,-70.786297452396,-70.786297452396
1679.5000470876694,-70.7814142216961,-70.7814142216961
1679.5100470876694,-70.77656144045643,-70.77656144045643
1679.5200470876694,-70.77173915769946,-70.77173915769946
1679.5300470876693,-70.76694742026102,-70.76694742026102
1679.5400470876693,-70.76218627282068,-70.76218627282068
1679.5500470876693,-70.7574557579042,-70.7574557579042
1679.5600470876693,-70.75275591593463,-70.75275591593463
1679.5700470876693,-70.74808678525181,-70.74808678525181
1679.5800470876693,-70.74344840216018,-70.74344840216018
1679.5900470876693,-70.73884080090055,-70.73884080090055
1679.6000471115112,-70.73426400286375,-70.73426400286375
1679.6100471115112,-70.72971806022312,-70.72971806022312
1679.6200471115112,-70.72520299031882,-70.72520299031882
1679.6300471115112,-70.72071881959612,-70.72071881959612
1679.6400471115112,-70.7162655725988,-70.7162655725988
1679.6500471115112,-70.71184327200129,-70.71184327200129
1679.6600471115112,-70.7074519386388,-70.7074519386388
1679.6700471115112,-70.70309159154914,-70.70309159154914
1679.6800471115112,-70.6987622479701,-70.6987622479701
1679.6900471115111,-70.69446392338368,-70.69446392338368
1679.7000471115111,-70.69019663154228,-70.69019663154228
1679.7100471115111,-70.68596038446756,-70.68596038446756
1679.7200471115111,-70.68175519252638,-70.68175519252638
1679.7300471115113,-70.67758106440118,-70.67758106440118
1679.7400471115113,-70.67343800715776,-70.67343800715776
1679.7500471115113,-70.66932602623086,-70.66932602623086
1679.7600471115113,-70.66524512548791,-70.66524512548791
1679.7700471115113,-70.66119530722128,-70.66119530722128
1679.7800471115113,-70.65717657219886,-70.65717657219886
1679.7900471115113,-70.65318891964155,-70.65318891964155
1679.8000471115113,-70.64923234730546,-70.64923234730546
1679.8100471115113,-70.64530685146812,-70.64530685146812
1679.8200471115113,-70.64141242695321,-70.64141242695321
1679.8300471115112,-70.63754906717797,-70.63754906717797
1679.8400471115112,-70.63371676412794,-70.63371676412794
1679.8500471115112,-70.62991550843775,-70.62991550843775
1679.8600471115112,-70.6261452893613,-70.6261452893613
1679.8700471115112,-70.62240609482427,-70.62240609482427
1679.8800471115112,-70.61869791144188,-70.61869791144188
1679.8900471115112,-70.61502072452257,-70.61502072452257
1679.9000471115112,-70.61137451809935,-70.61137451809935
1679.9100471115112,-70.60775927495725,-70.60775927495725
1679.9200471115112,-70.60417497665507,-70.60417497665507
1679.9300471115112,-70.60062160352544,-70.60062160352544
1679.9400471115111,-70.59709913471634,-70.59709913471634
1679.9500471115111,-70.59360754819443,-70.59360754819443
1679.9600471115111,-70.59014682077492,-70.59014682077492
1679.9700471115111,-70.58671692814335,-70.58671692814335
1679.9800471115113,-70.58331784485296,-70.58331784485296
1679.9900471115113,-70.57994954437659,-70.57994954437659
1680.0000471115113,-70.57661199910113,-70.57661199910113
1680.0100471115113,-70.57330518034343,-70.57330518034343
1680.0200471115113,-70.57002905838968,-70.57002905838968
1680.0300471115113,-70.56678360249136,-70.56678360249136
1680.0400471115113,-70.56356878090695,-70.56356878090695
1680.0500471115113,-70.56038456088652,-70.56038456088652
1680.0600471115113,-70.55723090871575,-70.55723090871575
1680.0700471115113,-70.5541077897198,-70.5541077897198
1680.0800471115112,-70.55101516829355,-70.55101516829355
1680.0900471115112,-70.5479530078981,-70.5479530078981
1680.1000471115112,-70.54492127109533,-70.54492127109533
1680.1100471115112,-70.54191991954019,-70.54191991954019
1680.1200471115112,-70.5389489140436,-70.5389489140436
1680.1300471115112,-70.5360082145311,-70.5360082145311
1680.1400471115112,-70.53309778009037,-70.53309778009037
1680.1500471115112,-70.53021756898323,-70.53021756898323
1680.1600471115112,-70.52736753864592,-70.52736753864592
1680.1700471115112,-70.52454764573909,-70.52454764573909
1680.1800471115112,-70.52175784612662,-70.52175784612662
1680.1900471115111,-70.5189980948969,-70.5189980948969
1680.2000471115111,-70.51626834638827,-70.51626834638827
1680.2100471115111,-70.5135685542029,-70.5135685542029
1680.2200471115111,-70.5108986712056,-70.5108986712056
1680.2300471115113,-70.50825864955524,-70.50825864955524
1680.2400471115113,-70.50564844070311,-70.50564844070311
1680.2500471115113,-70.50306799541875,-70.50306799541875
1680.2600471115113,-70.50051726380114,-70.50051726380114
1680.2700471115113,-70.49799619528316,-70.49799619528316
1680.2800471115113,-70.49550473865081,-70.49550473865081
1680.2900471115113,-70.49304284204968,-70.49304284204968
1680.3000471115113,-70.49061045301055,-70.49061045301055
1680.3100471115113,-70.48820751844585,-70.48820751844585
1680.3200471115113,-70.48583398467841,-70.48583398467841
1680.3300471115112,-70.48348979743464,-70.48348979743464
1680.3400471115112,-70.48117490187066,-70.48117490187066
1680.3500471115112,-70.4788892425834,-70.4788892425834
1680.3600471115112,-70.47663276360738,-70.47663276360738
1680.3700471115112,-70.47440540844103,-70.47440540844103
1680.3800471115112,-70.47220712005449,-70.47220712005449
1680.3900471115112,-70.47003784090417,-70.47003784090417
1680.4000471115112,-70.46789751292309,-70.46789751292309
1680.4100471115112,-70.46578607756393,-70.46578607756393
1680.4200471115112,-70.46370347578014,-70.46370347578014
1680.4300471115112,-70.46164964805851,-70.46164964805851
1680.4400471115111,-70.45962453441273,-70.45962453441273
1680.450047135353,-70.45762806965425,-70.45762806965425
1680.460047135353,-70.45566020249362,-70.45566020249362
1680.470047135353,-70.45372086674746,-70.45372086674746
1680.480047135353,-70.45181000067012,-70.45181000067012
1680.490047135353,-70.44992754209251,-70.44992754209251
1680.500047135353,-70.44807342844544,-70.44807342844544
1680.510047135353,-70.44624759675135,-70.44624759675135
1680.520047135353,-70.44444998365358,-70.44444998365358
1680.530047135353,-70.44268052540565,-70.44268052540565
1680.540047135353,-70.44093915788541,-70.44093915788541
1680.550047135353,-70.4392258166158,-70.4392258166158
1680.560047135353,-70.43754043675963,-70.43754043675963
1680.570047135353,-70.43588295313965,-70.43588295313965
1680.5800471353532,-70.43425330023636,-70.43425330023636
1680.5900471353532,-70.43265141219175,-70.43265141219175
1680.6000471353532,-70.43107722284513,-70.43107722284513
1680.6100471353532,-70.42953066571086,-70.42953066571086
1680.6200471353532,-70.42801167399095,-70.42801167399095
1680.6300471353532,-70.42652018060109,-70.42652018060109
1680.6400471353531,-70.42505611816571,-70.42505611816571
1680.6500471353531,-70.42361941901554,-70.42361941901554
1680.6600471353531,-70.42221001521804,-70.42221001521804
1680.6700471353531,-70.42082783856232,-70.42082783856232
1680.680047135353,-70.41947282057934,-70.41947282057934
1680.690047135353,-70.41814489255961,-70.41814489255961
1680.700047135353,-70.41684398552047,-70.41684398552047
1680.710047135353,-70.41557003026199,-70.41557003026199
1680.720047135353,-70.41432295733362,-70.41432295733362
1680.730047135353,-70.4131026970629,-70.4131026970629
1680.740047135353,-70.41190917957303,-70.41190917957303
1680.750047135353,-70.41074233475022,-70.41074233475022
1680.760047135353,-70.40960209228884,-70.40960209228884
1680.770047135353,-70.40848838167508,-70.40848838167508
1680.780047135353,-70.4074011321964,-70.4074011321964
1680.790047135353,-70.4063402729651,-70.4063402729651
1680.800047135353,-70.40530573289509,-70.40530573289509
1680.810047135353,-70.40429744073226,-70.40429744073226
1680.820047135353,-70.40331532504855,-70.40331532504855
1680.8300471353532,-70.40235931425103,-70.40235931425103
1680.8400471353532,-70.4014293365887,-70.4014293365887
1680.8500471353532,-70.40052532015606,-70.40052532015606
1680.8600471353532,-70.39964719288882,-70.39964719288882
1680.8700471353532,-70.39879488259108,-70.39879488259108
1680.8800471353532,-70.39796831692448,-70.39796831692448
1680.8900471353531,-70.39716742341835,-70.39716742341835
1680.9000471353531,-70.39639212948232,-70.39639212948232
1680.9100471353531,-70.39564236238084,-70.39564236238084
1680.9200471353531,-70.3949180492931,-70.3949180492931
1680.930047135353,-70.39421911725502,-70.39421911725502
1680.940047135353,-70.39354549320855,-70.39354549320855
1680.950047135353,-70.39289710399514,-70.39289710399514
1680.960047135353,-70.39227387634706,-70.39227387634706
1680.970047135353,-70.39167573691437,-70.39167573691437
1680.980047135353,-70.39110261225828,-70.39110261225828
1680.990047135353,-70.3905544288407,-70.3905544288407
1681.000047135353,-70.39003111305993,-70.39003111305993
1681.010047135353,-70.38953259122123,-70.38953259122123
1681.020047135353,-70.38905878957722,-70.38905878957722
1681.030047135353,-70.38860963429639,-70.38860963429639
1681.040047135353,-70.38818505149574,-70.38818505149574
1681.050047135353,-70.3877849672214,-70.3877849672214
1681.060047135353,-70.38740930748094,-70.38740930748094
1681.070047135353,-70.38705799820973,-70.38705799820973
1681.0800471353532,-70.38673096531222,-70.38673096531222
1681.0900471353532,-70.38642813464446,-70.38642813464446
1681.1000471353532,-70.38614943201246,-70.38614943201246
1681.1100471353532,-70.38589478320885,-70.38589478320885
1681.1200471353532,-70.38566411397585,-70.38566411397585
1681.1300471353532,-70.38545735002724,-70.38545735002724
1681.1400471353531,-70.38527441705806,-70.38527441705806
1681.1500471353531,-70.38511524074192,-70.38511524074192
1681.1600471353531,-70.38497974672238,-70.38497974672238
1681.1700471353531,-70.38486786064523,-70.38486786064523
1681.180047135353,-70.38477950813355,-70.38477950813355
1681.190047135353,-70.38471461480634,-70.38471461480634
1681.200047135353,-70.38467310627593,-70.38467310627593
1681.210047135353,-70.38465490814549,-70.38465490814549
1681.220047135353,-70.3846599460319,-70.3846599460319
1681.230047135353,-70.38468814554953,-70.38468814554953
1681.240047135353,-70.38473943232059,-70.38473943232059
1681.250047135353,-70.38481373197845,-70.38481373197845
1681.260047135353,-70.3849109701675,-70.3849109701675
1681.270047135353,-70.3850310725555,-70.3850310725555
1681.280047135353,-70.3851739648159,-70.3851739648159
1681.290047135353,-70.38533957265899,-70.38533957265899
1681.300047159195,-70.38552782225659,-70.38552782225659
1681.310047159195,-70.3857386385517,-70.3857386385517
1681.320047159195,-70.38597194766156,-70.38597194766156
1681.330047159195,-70.3862276754281,-70.3862276754281
1681.340047159195,-70.38650574769953,-70.38650574769953
1681.350047159195,-70.38680609036305,-70.38680609036305
1681.360047159195,-70.387128629346,-70.387128629346
1681.3700471591949,-70.3874732906302,-70.3874732906302
1681.3800471591949,-70.3878400002239,-70.3878400002239
1681.3900471591949,-70.38822868419149,-70.38822868419149
1681.4000471591949,-70.3886392686389,-70.3886392686389
1681.4100471591948,-70.38907167973278,-70.38907167973278
1681.4200471591948,-70.38952584368866,-70.38952584368866
1681.430047159195,-70.39000168677916,-70.39000168677916
1681.440047159195,-70.39049913534457,-70.39049913534457
1681.450047159195,-70.39101811576784,-70.39101811576784
1681.460047159195,-70.39155855450808,-70.39155855450808
1681.470047159195,-70.39212037808454,-70.39212037808454
1681.480047159195,-70.39270351308498,-70.39270351308498
1681.490047159195,-70.39330788616044,-70.39330788616044
1681.500047159195,-70.39393342403748,-70.39393342403748
1681.510047159195,-70.39458005352013,-70.39458005352013
1681.520047159195,-70.39524770147318,-70.39524770147318
1681.530047159195,-70.39593629484469,-70.39593629484469
1681.540047159195,-70.39664576066525,-70.39664576066525
1681.550047159195,-70.39737602604625,-70.39737602604625
1681.560047159195,-70.3981270181713,-70.3981270181713
1681.570047159195,-70.39889866431228,-70.39889866431228
1681.580047159195,-70.3996908918289,-70.3996908918289
1681.590047159195,-70.40050362816326,-70.40050362816326
1681.600047159195,-70.40133680084611,-70.40133680084611
1681.610047159195,-70.40219033750195,-70.40219033750195
1681.6200471591949,-70.40306416584801,-70.40306416584801
1681.6300471591949,-70.40395821369164,-70.40395821369164
1681.6400471591949,-70.40487240893258,-70.40487240893258
1681.6500471591949,-70.40580667957339,-70.40580667957339
1681.6600471591948,-70.40676095371032,-70.40676095371032
1681.6700471591948,-70.40773515953055,-70.40773515953055
1681.680047159195,-70.40872922534297,-70.40872922534297
1681.690047159195,-70.4097430795382,-70.4097430795382
1681.700047159195,-70.41077665061862,-70.41077665061862
1681.710047159195,-70.4118298671953,-70.4118298671953
1681.720047159195,-70.41290265797575,-70.41290265797575
1681.730047159195,-70.41399495179574,-70.41399495179574
1681.740047159195,-70.4151066775644,-70.4151066775644
1681.750047159195,-70.41623776433005,-70.41623776433005
1681.760047159195,-70.41738814124301,-70.41738814124301
1681.770047159195,-70.4185577375641,-70.4185577375641
1681.780047159195,-70.4197464826726,-70.4197464826726
1681.790047159195,-70.42095430605896,-70.42095430605896
1681.800047159195,-70.42218113732768,-70.42218113732768
1681.810047159195,-70.42342690620495,-70.42342690620495
1681.820047159195,-70.42469154252835,-70.42469154252835
1681.830047159195,-70.42597497626251,-70.42597497626251
1681.840047159195,-70.42727713749184,-70.42727713749184
1681.850047159195,-70.42859795640575,-70.42859795640575
1681.860047159195,-70.42993736334678,-70.42993736334678
1681.8700471591949,-70.4312952887523,-70.4312952887523
1681.8800471591949,-70.43267166319522,-70.43267166319522
1681.8900471591949,-70.43406641737701,-70.43406641737701
1681.9000471591949,-70.43547948211521,-70.43547948211521
1681.9100471591948,-70.43691078836196,-70.43691078836196
1681.9200471591948,-70.43836026719583,-70.43836026719583
1681.930047159195,-70.4398278498224,-70.4398278498224
1681.940047159195,-70.44131346758799,-70.44131346758799
1681.950047159195,-70.44281705194976,-70.44281705194976
1681.960047159195,-70.44433853451132,-70.44433853451132
1681.970047159195,-70.44587784699847,-70.44587784699847
1681.980047159195,-70.44743492127661,-70.44743492127661
1681.990047159195,-70.44900968933884,-70.44900968933884
1682.000047159195,-70.45060208332151,-70.45060208332151
1682.010047159195,-70.45221203548837,-70.45221203548837
1682.020047159195,-70.45383947824385,-70.45383947824385
1682.030047159195,-70.45548434412667,-70.45548434412667
1682.040047159195,-70.45714656581272,-70.45714656581272
1682.050047159195,-70.45882607611912,-70.45882607611912
1682.060047159195,-70.46052280799555,-70.46052280799555
1682.070047159195,-70.46223669453299,-70.46223669453299
1682.080047159195,-70.46396766896125,-70.46396766896125
1682.090047159195,-70.46571566465934,-70.46571566465934
1682.100047159195,-70.46748061513021,-70.46748061513021
1682.110047159195,-70.4692624540431,-70.4692624540431
1682.1200471591949,-70.47106111518119,-70.47106111518119
1682.1300471591949,-70.47287653249025,-70.47287653249025
1682.1400471591949,-70.47470864004717,-70.47470864004717
1682.1500471830368,-70.47655737649688,-70.47655737649688
1682.1600471830368,-70.47842266745724,-70.47842266745724
1682.1700471830368,-70.48030445177068,-70.48030445177068
1682.1800471830368,-70.48220266410303,-70.48220266410303
1682.1900471830368,-70.484117239268,-70.484117239268
1682.2000471830368,-70.4860481122195,-70.4860481122195
1682.2100471830367,-70.48799521806058,-70.48799521806058
1682.2200471830367,-70.48995849203347,-70.48995849203347
1682.2300471830367,-70.49193786954115,-70.49193786954115
1682.2400471830367,-70.49393328611609,-70.49393328611609
1682.2500471830367,-70.49594467745824,-70.49594467745824
1682.2600471830367,-70.49797197940457,-70.49797197940457
1682.2700471830367,-70.5000151279408,-70.5000151279408
1682.280047183037,-70.50207405921114,-70.50207405921114
1682.290047183037,-70.50414870950475,-70.50414870950475
1682.300047183037,-70.50623901525329,-70.50623901525329
1682.3100471830369,-70.5083449130499,-70.5083449130499
1682.3200471830369,-70.51046633962997,-70.51046633962997
1682.3300471830369,-70.51260323189136,-70.51260323189136
1682.3400471830369,-70.51475552687327,-70.51475552687327
1682.3500471830368,-70.51692316176972,-70.51692316176972
1682.3600471830368,-70.51910607392767,-70.51910607392767
1682.3700471830368,-70.52130420084755,-70.52130420084755
1682.3800471830368,-70.5235174801746,-70.5235174801746
1682.3900471830368,-70.52574584972287,-70.52574584972287
1682.4000471830368,-70.52798924744187,-70.52798924744187
1682.4100471830368,-70.53024761144293,-70.53024761144293
1682.4200471830368,-70.53252087999282,-70.53252087999282
1682.4300471830368,-70.53480899151079,-70.53480899151079
1682.4400471830368,-70.53711188455834,-70.53711188455834
1682.4500471830368,-70.53942949787059,-70.53942949787059
1682.4600471830367,-70.54176177033108,-70.54176177033108
1682.4700471830367,-70.544108640967,-70.544108640967
1682.4800471830367,-70.54647004896943,-70.54647004896943
1682.4900471830367,-70.54884593367427,-70.54884593367427
1682.5000471830367,-70.55123623459787,-70.55123623459787
1682.5100471830367,-70.5536408913879,-70.5536408913879
1682.5200471830367,-70.5560598438461,-70.5560598438461
1682.530047183037,-70.55849303194312,-70.55849303194312
1682.540047183037,-70.56094039580304,-70.56094039580304
1682.550047183037,-70.56340187569799,-70.56340187569799
1682.5600471830369,-70.56587741206475,-70.56587741206475
1682.5700471830369,-70.56836694548369,-70.56836694548369
1682.5800471830369,-70.57087041670123,-70.57087041670123
1682.5900471830369,-70.57338776662424,-70.57338776662424
1682.6000471830368,-70.57591893629986,-70.57591893629986
1682.6100471830368,-70.5784638669396,-70.5784638669396
1682.6200471830368,-70.58102249992018,-70.58102249992018
1682.6300471830368,-70.58359477675572,-70.58359477675572
1682.6400471830368,-70.5861806391353,-70.5861806391353
1682.6500471830368,-70.58878002889142,-70.58878002889142
1682.6600471830368,-70.59139288802567,-70.59139288802567
1682.6700471830368,-70.59401915867844,-70.59401915867844
1682.6800471830368,-70.59665878316167,-70.59665878316167
1682.6900471830368,-70.59931170393608,-70.59931170393608
1682.7000471830368,-70.60197786362299,-70.60197786362299
1682.7100471830367,-70.60465720500102,-70.60465720500102
1682.7200471830367,-70.60734967099198,-70.60734967099198
1682.7300471830367,-70.61005520469885,-70.61005520469885
1682.7400471830367,-70.6127737493626,-70.6127737493626
1682.7500471830367,-70.61550524838574,-70.61550524838574
1682.7600471830367,-70.61824964533115,-70.61824964533115
1682.7700471830367,-70.62100688390225,-70.62100688390225
1682.780047183037,-70.62377690797685,-70.62377690797685
1682.790047183037,-70.6265596615904,-70.6265596615904
1682.800047183037,-70.62935508891735,-70.62935508891735
1682.8100471830369,-70.63216313429767,-70.63216313429767
1682.8200471830369,-70.63498374223367,-70.63498374223367
1682.8300471830369,-70.63781685737678,-70.63781685737678
1682.8400471830369,-70.64066242453363,-70.64066242453363
1682.8500471830368,-70.6435203886711,-70.6435203886711
1682.8600471830368,-70.64639069491037,-70.64639069491037
1682.8700471830368,-70.6492732885222,-70.6492732885222
1682.8800471830368,-70.65216811494572,-70.65216811494572
1682.8900471830368,-70.65507511976834,-70.65507511976834
1682.9000471830368,-70.65799424873072,-70.65799424873072
1682.9100471830368,-70.66092544773612,-70.66092544773612
1682.9200471830368,-70.66386866283618,-70.66386866283618
1682.9300471830368,-70.6668238402397,-70.6668238402397
1682.9400471830368,-70.66979092631654,-70.66979092631654
1682.9500471830368,-70.67276986758466,-70.67276986758466
1682.9600471830367,-70.67576061071183,-70.67576061071183
1682.9700471830367,-70.6787631025362,-70.6787631025362
1682.9800471830367,-70.68177729004438,-70.68177729004438
1682.9900471830367,-70.6848031203665,-70.6848031203665
1683.0000472068787,-70.68784054803713,-70.68784054803713
1683.0100472068787,-70.69088950608071,-70.69088950608071
1683.0200472068786,-70.69394994927609,-70.69394994927609
1683.0300472068786,-70.69702182538069,-70.69702182538069
1683.0400472068786,-70.70010508230962,-70.70010508230962
1683.0500472068786,-70.7031996681291,-70.7031996681291
1683.0600472068786,-70.70630553104738,-70.70630553104738
1683.0700472068786,-70.70942261944982,-70.70942261944982
1683.0800472068786,-70.71255088184174,-70.71255088184174
1683.0900472068786,-70.71569026692002,-70.71569026692002
1683.1000472068786,-70.71884072350193,-70.71884072350193
1683.1100472068786,-70.72200220056864,-70.72200220056864
1683.1200472068786,-70.72517464725782,-70.72517464725782
1683.1300472068788,-70.72835801285382,-70.72835801285382
1683.1400472068788,-70.73155224679479,-70.73155224679479
1683.1500472068788,-70.73475729867454,-70.73475729867454
1683.1600472068787,-70.73797311823381,-70.73797311823381
1683.1700472068787,-70.74119965536853,-70.74119965536853
1683.1800472068787,-70.74443686012442,-70.74443686012442
1683.1900472068787,-70.7476846827017,-70.7476846827017
1683.2000472068787,-70.75094307344116,-70.75094307344116
1683.2100472068787,-70.75421198284644,-70.75421198284644
1683.2200472068787,-70.75749136156215,-70.75749136156215
1683.2300472068787,-70.76078116038414,-70.76078116038414
1683.2400472068787,-70.76408133026993,-70.76408133026993
1683.2500472068787,-70.76739182231745,-70.76739182231745
1683.2600472068787,-70.77071258777356,-70.77071258777356
1683.2700472068786,-70.7740435780346,-70.7740435780346
1683.2800472068786,-70.7773847446556,-70.7773847446556
1683.2900472068786,-70.78073603932623,-70.78073603932623
1683.3000472068786,-70.78409741389092,-70.78409741389092
1683.3100472068786,-70.78746882035247,-70.78746882035247
1683.3200472068786,-70.79085021084475,-70.79085021084475
1683.3300472068786,-70.79424153766249,-70.79424153766249
1683.3400472068786,-70.79764275325522,-70.79764275325522
1683.3500472068786,-70.80105381019104,-70.80105381019104
1683.3600472068786,-70.80447466121196,-70.80447466121196
1683.3700472068786,-70.80790525919944,-70.80790525919944
1683.3800472068788,-70.81134555717288,-70.81134555717288
1683.3900472068788,-70.81479550831867,-70.81479550831867
1683.4000472068788,-70.81825506595246,-70.81825506595246
1683.4100472068787,-70.82172418354766,-70.82172418354766
1683.4200472068787,-70.82520281470875,-70.82520281470875
1683.4300472068787,-70.82869091319421,-70.82869091319421
1683.4400472068787,-70.83218843290344,-70.83218843290344
1683.4500472068787,-70.8356953279,-70.8356953279
1683.4600472068787,-70.83921155237407,-70.83921155237407
1683.4700472068787,-70.84273706066143,-70.84273706066143
1683.4800472068787,-70.84627180724267,-70.84627180724267
1683.4900472068787,-70.84981574675155,-70.84981574675155
1683.5000472068787,-70.85336883395469,-70.85336883395469
1683.5100472068787,-70.85693102376354,-70.85693102376354
1683.5200472068786,-70.86050227124032,-70.86050227124032
1683.5300472068786,-70.8640825315909,-70.8640825315909
1683.5400472068786,-70.86767176015,-70.86767176015
1683.5500472068786,-70.87126991240578,-70.87126991240578
1683.5600472068786,-70.87487694399445,-70.87487694399445
1683.5700472068786,-70.87849281068557,-70.87849281068557
1683.5800472068786,-70.88211746838385,-70.88211746838385
1683.5900472068786,-70.88575087314871,-70.88575087314871
1683.6000472068786,-70.88939298117482,-70.88939298117482
1683.6100472068786,-70.89304374879468,-70.89304374879468
1683.6200472068786,-70.89670313248675,-70.89670313248675
1683.6300472068788,-70.90037108886301,-70.90037108886301
1683.6400472068788,-70.90404757469038,-70.90404757469038
1683.6500472068788,-70.90773254686056,-70.90773254686056
1683.6600472068787,-70.91142596240573,-70.91142596240573
1683.6700472068787,-70.91512777849633,-70.91512777849633
1683.6800472068787,-70.91883795245536,-70.91883795245536
1683.6900472068787,-70.92255644173675,-70.92255644173675
1683.7000472068787,-70.92628320392917,-70.92628320392917
1683.7100472068787,-70.93001819675617,-70.93001819675617
1683.7200472068787,-70.93376137808532,-70.93376137808532
1683.7300472068787,-70.93751270591822,-70.93751270591822
1683.7400472068787,-70.9412721384009,-70.9412721384009
1683.7500472068787,-70.94503963380555,-70.94503963380555
1683.7600472068787,-70.94881515055005,-70.94881515055005
1683.7700472068786,-70.95259864718767,-70.95259864718767
1683.7800472068786,-70.95639008240163,-70.95639008240163
1683.7900472068786,-70.96018941500728,-70.96018941500728
1683.8000472068786,-70.96399660397051,-70.96399660397051
1683.8100472068786,-70.96781160838032,-70.96781160838032
1683.8200472068786,-70.97163438746026,-70.97163438746026
1683.8300472068786,-70.97546490057177,-70.97546490057177
1683.8400472068786,-70.97930310721897,-70.97930310721897
1683.8500472307205,-70.98314897618023,-70.98314897618023
1683.8600472307205,-70.98700244894073,-70.98700244894073
1683.8700472307205,-70.99086349451045,-70.99086349451045
1683.8800472307205,-70.99473207291881,-70.99473207291881
1683.8900472307205,-70.99860814433545,-70.99860814433545
1683.9000472307205,-71.00249166904825,-71.00249166904825
1683.9100472307205,-71.00638260748987,-71.00638260748987
1683.9200472307205,-71.01028092021083,-71.01028092021083
1683.9300472307204,-71.01418656790865,-71.01418656790865
1683.9400472307204,-71.01809951140193,-71.01809951140193
1683.9500472307204,-71.02201971162918,-71.02201971162918
1683.9600472307204,-71.0259471296835,-71.0259471296835
1683.9700472307204,-71.0298817267757,-71.0298817267757
1683.9800472307206,-71.03382346423979,-71.03382346423979
1683.9900472307206,-71.03777230355055,-71.03777230355055
1684.0000472307206,-71.04172820630609,-71.04172820630609
1684.0100472307206,-71.04569113423635,-71.04569113423635
1684.0200472307206,-71.04966104919849,-71.04966104919849
1684.0300472307206,-71.0536379131766,-71.0536379131766
1684.0400472307206,-71.05762168828213,-71.05762168828213
1684.0500472307206,-71.06161233675849,-71.06161233675849
1684.0600472307206,-71.06560982097936,-71.06560982097936
1684.0700472307205,-71.06961410342826,-71.06961410342826
1684.0800472307205,-71.07362514673545,-71.07362514673545
1684.0900472307205,-71.07764291364168,-71.07764291364168
1684.1000472307205,-71.08166736703409,-71.08166736703409
1684.1100472307205,-71.08569846990721,-71.08569846990721
1684.1200472307205,-71.08973618537931,-71.08973618537931
1684.1300472307205,-71.09378047670663,-71.09378047670663
1684.1400472307205,-71.09783130726585,-71.09783130726585
1684.1500472307205,-71.10188864055938,-71.10188864055938
1684.1600472307205,-71.10595244020789,-71.10595244020789
1684.1700472307205,-71.11002266996455,-71.11002266996455
1684.1800472307204,-71.11409929369654,-71.11409929369654
1684.1900472307204,-71.11818227539399,-71.11818227539399
1684.2000472307204,-71.12227157918593,-71.12227157918593
1684.2100472307204,-71.12636716931009,-71.12636716931009
1684.2200472307204,-71.1304690101238,-71.1304690101238
1684.2300472307206,-71.13457706611516,-71.13457706611516
1684.2400472307206,-71.13869130189276,-71.13869130189276
1684.2500472307206,-71.14281168218258,-71.14281168218258
1684.2600472307206,-71.14693817182861,-71.14693817182861
1684.2700472307206,-71.1510707358099,-71.1510707358099
1684.2800472307206,-71.15520933921061,-71.15520933921061
1684.2900472307206,-71.15935394724988,-71.15935394724988
1684.3000472307206,-71.16350452524554,-71.16350452524554
1684.3100472307206,-71.16766103865413,-71.16766103865413
1684.3200472307205,-71.1718234530418,-71.1718234530418
1684.3300472307205,-71.1759917341042,-71.1759917341042
1684.3400472307205,-71.18016584763355,-71.18016584763355
1684.3500472307205,-71.18434575955926,-71.18434575955926
1684.3600472307205,-71.18853143592396,-71.18853143592396
1684.3700472307205,-71.19272284288927,-71.19272284288927
1684.3800472307205,-71.19691994674045,-71.19691994674045
1684.3900472307205,-71.2011227138565,-71.2011227138565
1684.4000472307205,-71.20533111075423,-71.20533111075423
1684.4100472307205,-71.20954510406254,-71.20954510406254
1684.4200472307205,-71.2137646605224,-71.2137646605224
1684.4300472307204,-71.2179897469959,-71.2179897469959
1684.4400472307204,-71.22222033044653,-71.22222033044653
1684.4500472307204,-71.226456377972,-71.226456377972
1684.4600472307204,-71.23069785677939,-71.23069785677939
1684.4700472307204,-71.23494473417936,-71.23494473417936
1684.4800472307206,-71.23919697760945,-71.23919697760945
1684.4900472307206,-71.24345455461092,-71.24345455461092
1684.5000472307206,-71.24771743284616,-71.24771743284616
1684.5100472307206,-71.25198558009386,-71.25198558009386
1684.5200472307206,-71.25625896423158,-71.25625896423158
1684.5300472307206,-71.260537553257,-71.260537553257
1684.5400472307206,-71.26482131528212,-71.26482131528212
1684.5500472307206,-71.26911021853653,-71.26911021853653
1684.5600472307206,-71.27340423135232,-71.27340423135232
1684.5700472307205,-71.27770332216599,-71.27770332216599
1684.5800472307205,-71.28200745954646,-71.28200745954646
1684.5900472307205,-71.28631661215393,-71.28631661215393
1684.6000472307205,-71.29063074876214,-71.29063074876214
1684.6100472307205,-71.29494983826865,-71.29494983826865
1684.6200472307205,-71.29927384966312,-71.29927384966312
1684.6300472307205,-71.30360275206068,-71.30360275206068
1684.6400472307205,-71.30793651467158,-71.30793651467158
1684.6500472307205,-71.31227510682204,-71.31227510682204
1684.6600472307205,-71.3166184979457,-71.3166184979457
1684.6700472307205,-71.32096665758066,-71.32096665758066
1684.6800472307204,-71.32531955538653,-71.32531955538653
1684.6900472307204,-71.32967716110514,-71.32967716110514
1684.7000472545624,-71.33403945500218,-71.33403945500218
1684.7100472545624,-71.3384001633163,-71.3384001633163
1684.7200472545624,-71.34275653713806,-71.34275653713806
1684.7300472545624,-71.34710721391707,-71.34710721391707
1684.7400472545623,-71.35145147759847,-71.35145147759847
1684.7500472545623,-71.35578897240079,-71.35578897240079
1684.7600472545623,-71.360119554258,-71.360119554258
1684.7700472545623,-71.36444320378139,-71.36444320378139
1684.7800472545623,-71.36875997398572,-71.36875997398572
1684.7900472545623,-71.37306995887677,-71.37306995887677
1684.8000472545623,-71.37737327459337,-71.37737327459337
1684.8100472545623,-71.38167004815861,-71.38167004815861
1684.8200472545623,-71.38596041088707,-71.38596041088707
1684.8300472545625,-71.39024449456026,-71.39024449456026
1684.8400472545625,-71.39452242934628,-71.39452242934628
1684.8500472545625,-71.39879434272913,-71.39879434272913
1684.8600472545625,-71.40306035907953,-71.40306035907953
1684.8700472545625,-71.40732059955967,-71.40732059955967
1684.8800472545624,-71.41157518223032,-71.41157518223032
1684.8900472545624,-71.41582422227474,-71.41582422227474
1684.9000472545624,-71.42006783225649,-71.42006783225649
1684.9100472545624,-71.42430612237047,-71.42430612237047
1684.9200472545624,-71.42853920072169,-71.42853920072169
1684.9300472545624,-71.4327671735375,-71.4327671735375
1684.9400472545624,-71.4369901453805,-71.4369901453805
1684.9500472545624,-71.44120821933112,-71.44120821933112
1684.9600472545624,-71.4454214971487,-71.4454214971487
1684.9700472545624,-71.4496300793914,-71.4496300793914
1684.9800472545624,-71.4538340655326,-71.4538340655326
1684.9900472545623,-71.45803355404433,-71.45803355404433
1685.0000472545623,-71.4622286424778,-71.4622286424778
1685.0100472545623,-71.46641942752174,-71.46641942752174
1685.0200472545623,-71.47060600504132,-71.47060600504132
1685.0300472545623,-71.47478847013078,-71.47478847013078
1685.0400472545623,-71.47896691711817,-71.47896691711817
1685.0500472545623,-71.48314143959959,-71.48314143959959
1685.0600472545623,-71.48731213046099,-71.48731213046099
1685.0700472545623,-71.49147908186696,-71.49147908186696
1685.0800472545625,-71.49564238526537,-71.49564238526537
1685.0900472545625,-71.49980213141458,-71.49980213141458
1685.1000472545625,-71.50395841036004,-71.50395841036004
1685.1100472545625,-71.50811131142447,-71.50811131142447
1685.1200472545625,-71.51226092321136,-71.51226092321136
1685.1300472545624,-71.5164073336051,-71.5164073336051
1685.1400472545624,-71.52055062975366,-71.52055062975366
1685.1500472545624,-71.52469089805888,-71.52469089805888
1685.1600472545624,-71.52882822416827,-71.52882822416827
1685.1700472545624,-71.53296269295734,-71.53296269295734
1685.1800472545624,-71.53709438854558,-71.53709438854558
1685.1900472545624,-71.54122339425662,-71.54122339425662
1685.2000472545624,-71.54534979262125,-71.54534979262125
1685.2100472545624,-71.54947366536679,-71.54947366536679
1685.2200472545624,-71.55359509340465,-71.55359509340465
1685.2300472545624,-71.5577141568385,-71.5577141568385
1685.2400472545623,-71.56183093492048,-71.56183093492048
1685.2500472545623,-71.56594550607666,-71.56594550607666
1685.2600472545623,-71.57005794788982,-71.57005794788982
1685.2700472545623,-71.57416833708622,-71.57416833708622
1685.2800472545623,-71.57827674952263,-71.57827674952263
1685.2900472545623,-71.5823832602043,-71.5823832602043
1685.3000472545623,-71.58648794325394,-71.58648794325394
1685.3100472545623,-71.59059087192055,-71.59059087192055
1685.3200472545623,-71.59469211858028,-71.59469211858028
1685.3300472545625,-71.5987917547183,-71.5987917547183
1685.3400472545625,-71.60288985093032,-71.60288985093032
1685.3500472545625,-71.60698647692682,-71.60698647692682
1685.3600472545625,-71.61108170152285,-71.61108170152285
1685.3700472545625,-71.61517559263265,-71.61517559263265
1685.3800472545624,-71.61926821729013,-71.61926821729013
1685.3900472545624,-71.62335964161062,-71.62335964161062
1685.4000472545624,-71.62744993084046,-71.62744993084046
1685.4100472545624,-71.63153914930486,-71.63153914930486
1685.4200472545624,-71.63562736044148,-71.63562736044148
1685.4300472545624,-71.63971462679345,-71.63971462679345
1685.4400472545624,-71.64380101001376,-71.64380101001376
1685.4500472545624,-71.64788657085228,-71.64788657085228
1685.4600472545624,-71.65196511899948,-71.65196511899948
1685.4700472545624,-71.65603397221658,-71.65603397221658
1685.4800472545624,-71.66009185023378,-71.66009185023378
1685.4900472545623,-71.66413812123163,-71.66413812123163
1685.5000472545623,-71.66817251434716,-71.66817251434716
1685.5100472545623,-71.67219497045181,-71.67219497045181
1685.5200472545623,-71.6762055546952,-71.6762055546952
1685.5300472545623,-71.68020440404926,-71.68020440404926
1685.5400472545623,-71.68419169571011,-71.68419169571011
1685.5500472784042,-71.68816763763981,-71.68816763763981
1685.5600472784042,-71.69213241937167,-71.69213241937167
1685.5700472784042,-71.69608626226547,-71.69608626226547
1685.5800472784042,-71.70002937773396,-71.70002937773396
1685.5900472784042,-71.7039619746265,-71.7039619746265
1685.6000472784042,-71.70788425817722,-71.70788425817722
1685.6100472784042,-71.71179642955627,-71.71179642955627
1685.6200472784042,-71.71569868578842,-71.71569868578842
1685.6300472784042,-71.71959121989914,-71.71959121989914
1685.6400472784042,-71.72347422108052,-71.72347422108052
1685.6500472784041,-71.72734787500357,-71.72734787500357
1685.6600472784041,-71.73121236407094,-71.73121236407094
1685.6700472784041,-71.73506786766936,-71.73506786766936
1685.6800472784043,-71.73891456243271,-71.73891456243271
1685.6900472784043,-71.74275262244626,-71.74275262244626
1685.7000472784043,-71.74658221941581,-71.74658221941581
1685.7100472784043,-71.75039726468667,-71.75039726468667
1685.7200472784043,-71.75419518144247,-71.75419518144247
1685.7300472784043,-71.75797479576617,-71.75797479576617
1685.7400472784043,-71.76173558217323,-71.76173558217323
1685.7500472784043,-71.76547737577759,-71.76547737577759
1685.7600472784043,-71.76920022291971,-71.76920022291971
1685.7700472784043,-71.77290429365195,-71.77290429365195
1685.7800472784043,-71.77658982920867,-71.77658982920867
1685.7900472784042,-71.7802571104294,-71.7802571104294
1685.8000472784042,-71.78390643881079,-71.78390643881079
1685.8100472784042,-71.78753812519044,-71.78753812519044
1685.8200472784042,-71.7911524831286,-71.7911524831286
1685.8300472784042,-71.79474982508187,-71.79474982508187
1685.8400472784042,-71.79833046030106,-71.79833046030106
1685.8500472784042,-71.80189469376407,-71.80189469376407
1685.8600472784042,-71.8054428257292,-71.8054428257292
1685.8700472784042,-71.80897515164797,-71.80897515164797
1685.8800472784042,-71.81249196228563,-71.81249196228563
1685.8900472784042,-71.8159935439265,-71.8159935439265
1685.9000472784041,-71.81948017862082,-71.81948017862082
1685.9100472784041,-71.8229521444635,-71.8229521444635
1685.9200472784041,-71.82640971584024,-71.82640971584024
1685.9300472784043,-71.82985316365405,-71.82985316365405
1685.9400472784043,-71.8332827555438,-71.8332827555438
1685.9500472784043,-71.836698756051,-71.836698756051
1685.9600472784043,-71.84010142677762,-71.84010142677762
1685.9700472784043,-71.84349102651402,-71.84349102651402
1685.9800472784043,-71.84686781134214,-71.84686781134214
1685.9900472784043,-71.85023203474108,-71.85023203474108
1686.0000472784043,-71.85358394764773,-71.85358394764773
1686.0100472784043,-71.85692379850623,-71.85692379850623
1686.0200472784043,-71.86025183333086,-71.86025183333086
1686.0300472784043,-71.86356829574866,-71.86356829574866
1686.0400472784042,-71.86687342700338,-71.86687342700338
1686.0500472784042,-71.87016746599707,-71.87016746599707
1686.0600472784042,-71.87345064929792,-71.87345064929792
1686.0700472784042,-71.87672321115927,-71.87672321115927
1686.0800472784042,-71.879985383512,-71.879985383512
1686.0900472784042,-71.88323739599522,-71.88323739599522
1686.1000472784042,-71.88647947591798,-71.88647947591798
1686.1100472784042,-71.88971184830655,-71.88971184830655
1686.1200472784042,-71.89293473588242,-71.89293473588242
1686.1300472784042,-71.89614835903852,-71.89614835903852
1686.1400472784042,-71.89935293587962,-71.89935293587962
1686.1500472784041,-71.90254868218847,-71.90254868218847
1686.1600472784041,-71.90573581143134,-71.90573581143134
1686.1700472784041,-71.90891453477056,-71.90891453477056
1686.1800472784043,-71.91208506104252,-71.91208506104252
1686.1900472784043,-71.91524759676024,-71.91524759676024
1686.2000472784043,-71.9184023461226,-71.9184023461226
1686.2100472784043,-71.92154323959011,-71.92154323959011
1686.2200472784043,-71.92466772792488,-71.92466772792488
1686.2300472784043,-71.92777466782329,-71.92777466782329
1686.2400472784043,-71.93086356551275,-71.93086356551275
1686.2500472784043,-71.93393428811913,-71.93393428811913
1686.2600472784043,-71.93698691386182,-71.93698691386182
1686.2700472784043,-71.94002164425767,-71.94002164425767
1686.2800472784043,-71.94303875138556,-71.94303875138556
1686.2900472784042,-71.94603854620578,-71.94603854620578
1686.3000472784042,-71.94902135953204,-71.94902135953204
1686.3100472784042,-71.95198753067619,-71.95198753067619
1686.3200472784042,-71.95493740080657,-71.95493740080657
1686.3300472784042,-71.9578713090904,-71.9578713090904
1686.3400472784042,-71.96078959060557,-71.96078959060557
1686.3500472784042,-71.96369257527107,-71.96369257527107
1686.3600472784042,-71.96658058741471,-71.96658058741471
1686.3700472784042,-71.96945394571128,-71.96945394571128
1686.3800472784042,-71.97231296327304,-71.97231296327304
1686.3900472784042,-71.9751579479271,-71.9751579479271
1686.400047302246,-71.97798920919357,-71.97798920919357
1686.410047302246,-71.98080703158031,-71.98080703158031
1686.420047302246,-71.98361171541198,-71.98361171541198
1686.430047302246,-71.98640355002298,-71.98640355002298
1686.440047302246,-71.98918282071887,-71.98918282071887
1686.450047302246,-71.99194980902215,-71.99194980902215
1686.460047302246,-71.99470479280487,-71.99470479280487
1686.470047302246,-71.99744804648097,-71.99744804648097
1686.480047302246,-72.00017984109628,-72.00017984109628
1686.490047302246,-72.00290044445178,-72.00290044445178
1686.500047302246,-72.00561012121194,-72.00561012121194
1686.510047302246,-72.00830913295592,-72.00830913295592
1686.520047302246,-72.01099773825166,-72.01099773825166
1686.5300473022462,-72.01367619272138,-72.01367619272138
1686.5400473022462,-72.01634474908485,-72.01634474908485
1686.5500473022462,-72.01900365718718,-72.01900365718718
1686.5600473022462,-72.02165316403457,-72.02165316403457
1686.5700473022462,-72.02429351382935,-72.02429351382935
1686.5800473022462,-72.02692494799992,-72.02692494799992
1686.5900473022461,-72.02954770519439,-72.02954770519439
1686.6000473022461,-72.0321620213318,-72.0321620213318
1686.6100473022461,-72.03476812959453,-72.03476812959453
1686.6200473022461,-72.03736626044949,-72.03736626044949
1686.630047302246,-72.03995664166415,-72.03995664166415
1686.640047302246,-72.04253949830306,-72.04253949830306
1686.650047302246,-72.04511505276808,-72.04511505276808
1686.660047302246,-72.04768352477161,-72.04768352477161
1686.670047302246,-72.05024513137268,-72.05024513137268
1686.680047302246,-72.05280008698104,-72.05280008698104
1686.690047302246,-72.055348603362,-72.055348603362
1686.700047302246,-72.05789088965159,-72.05789088965159
1686.710047302246,-72.06042087043998,-72.06042087043998
1686.720047302246,-72.06293599754304,-72.06293599754304
1686.730047302246,-72.06543513128396,-72.06543513128396
1686.740047302246,-72.06791778253327,-72.06791778253327
1686.750047302246,-72.07038382352304,-72.07038382352304
1686.760047302246,-72.07283333772773,-72.07283333772773
1686.770047302246,-72.07526653183372,-72.07526653183372
1686.7800473022462,-72.07768368293483,-72.07768368293483
1686.7900473022462,-72.0800851067529,-72.0800851067529
1686.8000473022462,-72.08247113856453,-72.08247113856453
1686.8100473022462,-72.08484212186082,-72.08484212186082
1686.8200473022462,-72.08719840166846,-72.08719840166846
1686.8300473022462,-72.08954032070761,-72.08954032070761
1686.8400473022461,-72.09186821730631,-72.09186821730631
1686.8500473022461,-72.0941824243541,-72.0941824243541
1686.8600473022461,-72.0964832688631,-72.0964832688631
1686.8700473022461,-72.09877107191812,-72.09877107191812
1686.880047302246,-72.10104614880953,-72.10104614880953
1686.890047302246,-72.10330880927822,-72.10330880927822
1686.900047302246,-72.10555935778899,-72.10555935778899
1686.910047302246,-72.10779809383936,-72.10779809383936
1686.920047302246,-72.11002531224906,-72.11002531224906
1686.930047302246,-72.11224130339316,-72.11224130339316
1686.940047302246,-72.11444635345997,-72.11444635345997
1686.950047302246,-72.1166407446587,-72.1166407446587
1686.960047302246,-72.11882475538238,-72.11882475538238
1686.970047302246,-72.12099866039107,-72.12099866039107
1686.980047302246,-72.12316273092628,-72.12316273092628
1686.990047302246,-72.12531723484128,-72.12531723484128
1687.000047302246,-72.12746243669478,-72.12746243669478
1687.010047302246,-72.12959859782642,-72.12959859782642
1687.020047302246,-72.13172597643906,-72.13172597643906
1687.0300473022462,-72.13384482766332,-72.13384482766332
1687.0400473022462,-72.13595540359671,-72.13595540359671
1687.0500473022462,-72.13805795334615,-72.13805795334615
1687.0600473022462,-72.14015272309315,-72.14015272309315
1687.0700473022462,-72.14223995609086,-72.14223995609086
1687.0800473022462,-72.14431989270952,-72.14431989270952
1687.0900473022461,-72.1463927704704,-72.1463927704704
1687.1000473022461,-72.14845882403577,-72.14845882403577
1687.1100473022461,-72.15051828527005,-72.15051828527005
1687.1200473022461,-72.1525713832199,-72.1525713832199
1687.130047302246,-72.1546183441628,-72.1546183441628
1687.140047302246,-72.15665939159604,-72.15665939159604
1687.150047302246,-72.15869474625426,-72.15869474625426
1687.160047302246,-72.16072462613673,-72.16072462613673
1687.170047302246,-72.16274924650894,-72.16274924650894
1687.180047302246,-72.1647688199216,-72.1647688199216
1687.190047302246,-72.16678355621916,-72.16678355621916
1687.200047302246,-72.16879366254763,-72.16879366254763
1687.210047302246,-72.17079934338746,-72.17079934338746
1687.220047302246,-72.172800800533,-72.172800800533
1687.230047302246,-72.17479823313442,-72.17479823313442
1687.240047302246,-72.17679183770925,-72.17679183770925
1687.250047326088,-72.1787818128781,-72.1787818128781
1687.260047326088,-72.18076834042948,-72.18076834042948
1687.270047326088,-72.18275161379252,-72.18275161379252
1687.280047326088,-72.18473181904575,-72.18473181904575
1687.290047326088,-72.18670913972352,-72.18670913972352
1687.300047326088,-72.18868375679536,-72.18868375679536
1687.310047326088,-72.1906558487031,-72.1906558487031
1687.320047326088,-72.19262559136236,-72.19262559136236
1687.3300473260879,-72.19459315819431,-72.19459315819431
1687.3400473260879,-72.19655872013028,-72.19655872013028
1687.3500473260879,-72.19852244563312,-72.19852244563312
1687.3600473260879,-72.20048450072478,-72.20048450072478
1687.3700473260878,-72.20244504899405,-72.20244504899405
1687.380047326088,-72.20440425160906,-72.20440425160906
1687.390047326088,-72.20636226735745,-72.20636226735745
1687.400047326088,-72.20831925264848,-72.20831925264848
1687.410047326088,-72.21027536153207,-72.21027536153207
1687.420047326088,-72.21223074573109,-72.21223074573109
1687.430047326088,-72.21418555464152,-72.21418555464152
1687.440047326088,-72.21613993538766,-72.21613993538766
1687.450047326088,-72.2180940327969,-72.2180940327969
1687.460047326088,-72.22004798945638,-72.22004798945638
1687.470047326088,-72.22200194572274,-72.22200194572274
1687.480047326088,-72.22395603973108,-72.22395603973108
1687.490047326088,-72.22591040743298,-72.22591040743298
1687.500047326088,-72.22786518261498,-72.22786518261498
1687.510047326088,-72.2298204969018,-72.2298204969018
1687.520047326088,-72.23177647980654,-72.23177647980654
1687.530047326088,-72.23373325873021,-72.23373325873021
1687.540047326088,-72.23569095899688,-72.23569095899688
1687.550047326088,-72.23764970385493,-72.23764970385493
1687.560047326088,-72.23960961452924,-72.23960961452924
1687.570047326088,-72.24157081022081,-72.24157081022081
1687.5800473260879,-72.24353340813084,-72.24353340813084
1687.5900473260879,-72.24549752348238,-72.24549752348238
1687.6000473260879,-72.24746326956704,-72.24746326956704
1687.6100473260879,-72.24943075771102,-72.24943075771102
1687.6200473260878,-72.251400097357,-72.251400097357
1687.630047326088,-72.25337139604952,-72.25337139604952
1687.640047326088,-72.2553447594632,-72.2553447594632
1687.650047326088,-72.2573202914397,-72.2573202914397
1687.660047326088,-72.25929809397553,-72.25929809397553
1687.670047326088,-72.26127826729514,-72.26127826729514
1687.680047326088,-72.26326090981534,-72.26326090981534
1687.690047326088,-72.26524611820521,-72.26524611820521
1687.700047326088,-72.26723398738729,-72.26723398738729
1687.710047326088,-72.2692246105839,-72.2692246105839
1687.720047326088,-72.2712180792934,-72.2712180792934
1687.730047326088,-72.27321448336252,-72.27321448336252
1687.740047326088,-72.27521391097082,-72.27521391097082
1687.750047326088,-72.27721644866243,-72.27721644866243
1687.760047326088,-72.27922218137319,-72.27922218137319
1687.770047326088,-72.28123119243861,-72.28123119243861
1687.780047326088,-72.28324356362353,-72.28324356362353
1687.790047326088,-72.28525937512819,-72.28525937512819
1687.800047326088,-72.28727870563854,-72.28727870563854
1687.810047326088,-72.28930163231007,-72.28930163231007
1687.820047326088,-72.29132823080889,-72.29132823080889
1687.8300473260879,-72.29335857532823,-72.29335857532823
1687.8400473260879,-72.29539273858934,-72.29539273858934
1687.8500473260879,-72.29743079190318,-72.29743079190318
1687.8600473260879,-72.29947280513221,-72.29947280513221
1687.8700473260878,-72.30151884676428,-72.30151884676428
1687.880047326088,-72.30356898388229,-72.30356898388229
1687.890047326088,-72.30562328222821,-72.30562328222821
1687.900047326088,-72.30768180619184,-72.30768180619184
1687.910047326088,-72.30974461882822,-72.30974461882822
1687.920047326088,-72.31181178189259,-72.31181178189259
1687.930047326088,-72.31388335584838,-72.31388335584838
1687.940047326088,-72.31595939987933,-72.31595939987933
1687.950047326088,-72.31803997191628,-72.31803997191628
1687.960047326088,-72.32012512865472,-72.32012512865472
1687.970047326088,-72.32221492556315,-72.32221492556315
1687.980047326088,-72.32430941691185,-72.32430941691185
1687.990047326088,-72.32640865577855,-72.32640865577855
1688.000047326088,-72.328512694057,-72.328512694057
1688.010047326088,-72.33062158250296,-72.33062158250296
1688.020047326088,-72.33273537072448,-72.33273537072448
1688.030047326088,-72.33485410721345,-72.33485410721345
1688.040047326088,-72.33697783934286,-72.33697783934286
1688.050047326088,-72.33910661339327,-72.33910661339327
1688.060047326088,-72.34124047457775,-72.34124047457775
1688.070047326088,-72.34337946703792,-72.34337946703792
1688.0800473260879,-72.34552363387911,-72.34552363387911
1688.0900473260879,-72.34767301716307,-72.34767301716307
1688.1000473499298,-72.34982766307103,-72.34982766307103
1688.1100473499298,-72.35198760141454,-72.35198760141454
1688.1200473499298,-72.35415287634802,-72.35415287634802
1688.1300473499298,-72.3563235259601,-72.3563235259601
1688.1400473499298,-72.35849958737857,-72.35849958737857
1688.1500473499298,-72.3606810967807,-72.3606810967807
1688.1600473499298,-72.36286808940922,-72.36286808940922
1688.1700473499297,-72.36506059959007,-72.36506059959007
1688.1800473499297,-72.36725866074426,-72.36725866074426
1688.1900473499297,-72.36946230540124,-72.36946230540124
1688.2000473499297,-72.37167156520255,-72.37167156520255
1688.2100473499297,-72.37388647092503,-72.37388647092503
1688.2200473499297,-72.37610705250162,-72.37610705250162
1688.23004734993,-72.37833333901321,-72.37833333901321
1688.24004734993,-72.38056535871418,-72.38056535871418
1688.25004734993,-72.38280313904416,-72.38280313904416
1688.26004734993,-72.38504670662934,-72.38504670662934
1688.2700473499299,-72.38729608730205,-72.38729608730205
1688.2800473499299,-72.38955130613196,-72.38955130613196
1688.2900473499299,-72.3918123873964,-72.3918123873964
1688.3000473499299,-72.39407935462839,-72.39407935462839
1688.3100473499298,-72.39635223061416,-72.39635223061416
1688.3200473499298,-72.39863103738271,-72.39863103738271
1688.3300473499298,-72.40091579625962,-72.40091579625962
1688.3400473499298,-72.40320652784959,-72.40320652784959
1688.3500473499298,-72.40550325205645,-72.40550325205645
1688.3600473499298,-72.40780598808584,-72.40780598808584
1688.3700473499298,-72.41011475446787,-72.41011475446787
1688.3800473499298,-72.41242956905255,-72.41242956905255
1688.3900473499298,-72.41475044902344,-72.41475044902344
1688.4000473499298,-72.41707741091967,-72.41707741091967
1688.4100473499298,-72.41941047063987,-72.41941047063987
1688.4200473499297,-72.42174964344514,-72.42174964344514
1688.4300473499297,-72.42409494397684,-72.42409494397684
1688.4400473499297,-72.42644638625926,-72.42644638625926
1688.4500473499297,-72.42880398371034,-72.42880398371034
1688.4600473499297,-72.43116774915875,-72.43116774915875
1688.4700473499297,-72.43353769485057,-72.43353769485057
1688.48004734993,-72.43591383244669,-72.43591383244669
1688.49004734993,-72.43829617303727,-72.43829617303727
1688.50004734993,-72.44068472716171,-72.44068472716171
1688.51004734993,-72.443079504801,-72.443079504801
1688.5200473499299,-72.44548051540136,-72.44548051540136
1688.5300473499299,-72.44788776786224,-72.44788776786224
1688.5400473499299,-72.45030127057387,-72.45030127057387
1688.5500473499299,-72.45272103139482,-72.45272103139482
1688.5600473499298,-72.45514705768146,-72.45514705768146
1688.5700473499298,-72.45757935628582,-72.45757935628582
1688.5800473499298,-72.46001793356905,-72.46001793356905
1688.5900473499298,-72.46246279540007,-72.46246279540007
1688.6000473499298,-72.46491394718603,-72.46491394718603
1688.6100473499298,-72.46737139383283,-72.46737139383283
1688.6200473499298,-72.46983513980408,-72.46983513980408
1688.6300473499298,-72.47230518910817,-72.47230518910817
1688.6400473499298,-72.47478154530083,-72.47478154530083
1688.6500473499298,-72.47726421147716,-72.47726421147716
1688.6600473499298,-72.47975319033122,-72.47975319033122
1688.6700473499297,-72.4822484840959,-72.4822484840959
1688.6800473499297,-72.48475009460363,-72.48475009460363
1688.6900473499297,-72.48725802326662,-72.48725802326662
1688.7000473499297,-72.48977227108419,-72.48977227108419
1688.7100473499297,-72.49228651790337,-72.49228651790337
1688.7200473499297,-72.49479799500257,-72.49479799500257
1688.73004734993,-72.49730535325118,-72.49730535325118
1688.74004734993,-72.4998079004255,-72.4998079004255
1688.75004734993,-72.50230531021207,-72.50230531021207
1688.76004734993,-72.5047974710227,-72.5047974710227
1688.7700473499299,-72.50728439742701,-72.50728439742701
1688.7800473499299,-72.50976617694326,-72.50976617694326
1688.7900473499299,-72.51224293802508,-72.51224293802508
1688.8000473499299,-72.51471483085754,-72.51471483085754
1688.8100473499298,-72.51718201591551,-72.51718201591551
1688.8200473499298,-72.5196446572576,-72.5196446572576
1688.8300473499298,-72.52210291862137,-72.52210291862137
1688.8400473499298,-72.52455696136147,-72.52455696136147
1688.8500473499298,-72.52700694336339,-72.52700694336339
1688.8600473499298,-72.52945301860385,-72.52945301860385
1688.8700473499298,-72.53189533712018,-72.53189533712018
1688.8800473499298,-72.53433404510609,-72.53433404510609
1688.8900473499298,-72.53676928517382,-72.53676928517382
1688.9000473499298,-72.5392011966383,-72.5392011966383
1688.9100473499298,-72.5416299158002,-72.5416299158002
1688.9200473499297,-72.54405557623153,-72.54405557623153
1688.9300473499297,-72.54647830902603,-72.54647830902603
1688.9400473499297,-72.54889824302523,-72.54889824302523
1688.9500473737717,-72.5513155107777,-72.5513155107777
1688.9600473737717,-72.55372389968167,-72.55372389968167
1688.9700473737716,-72.5561207676571,-72.5561207676571
1688.9800473737716,-72.55850488642979,-72.55850488642979
1688.9900473737716,-72.56087568414287,-72.56087568414287
1689.0000473737716,-72.5632329541264,-72.5632329541264
1689.0100473737716,-72.56557670369803,-72.56557670369803
1689.0200473737716,-72.56790706556377,-72.56790706556377
1689.0300473737716,-72.5702242446113,-72.5702242446113
1689.0400473737716,-72.57252848589013,-72.57252848589013
1689.0500473737716,-72.57482005542536,-72.57482005542536
1689.0600473737716,-72.57709922877523,-72.57709922877523
1689.0700473737716,-72.57936628432589,-72.57936628432589
1689.0800473737718,-72.58162149940365,-72.58162149940365
1689.0900473737718,-72.58386514819286,-72.58386514819286
1689.1000473737718,-72.58609750065825,-72.58609750065825
1689.1100473737717,-72.58831882211268,-72.58831882211268
1689.1200473737717,-72.59052937313949,-72.59052937313949
1689.1300473737717,-72.59272940972473,-72.59272940972473
1689.1400473737717,-72.59491918349738,-72.59491918349738
1689.1500473737717,-72.59709894198612,-72.59709894198612
1689.1600473737717,-72.59926892891139,-72.59926892891139
1689.1700473737717,-72.60142938444814,-72.60142938444814
1689.1800473737717,-72.60358054547545,-72.60358054547545
1689.1900473737717,-72.60572264579017,-72.60572264579017
1689.2000473737717,-72.60785591629941,-72.60785591629941
1689.2100473737717,-72.60998058518254,-72.60998058518254
1689.2200473737716,-72.61209687804234,-72.61209687804234
1689.2300473737716,-72.61420501799527,-72.61420501799527
1689.2400473737716,-72.6163052257921,-72.6163052257921
1689.2500473737716,-72.61839771987631,-72.61839771987631
1689.2600473737716,-72.6204827164697,-72.6204827164697
1689.2700473737716,-72.62256042960324,-72.62256042960324
1689.2800473737716,-72.62463107116876,-72.62463107116876
1689.2900473737716,-72.62669485095705,-72.62669485095705
1689.3000473737716,-72.62875197665811,-72.62875197665811
1689.3100473737716,-72.63080265391126,-72.63080265391126
1689.3200473737716,-72.63284708629494,-72.63284708629494
1689.3300473737718,-72.63488547533795,-72.63488547533795
1689.3400473737718,-72.63691802053428,-72.63691802053428
1689.3500473737718,-72.63894491935106,-72.63894491935106
1689.3600473737717,-72.64096636719562,-72.64096636719562
1689.3700473737717,-72.6429825574593,-72.6429825574593
1689.3800473737717,-72.64499368148589,-72.64499368148589
1689.3900473737717,-72.64699992858587,-72.64699992858587
1689.4000473737717,-72.64900148601971,-72.64900148601971
1689.4100473737717,-72.65099853900321,-72.65099853900321
1689.4200473737717,-72.6529912707085,-72.6529912707085
1689.4300473737717,-72.65497986224068,-72.65497986224068
1689.4400473737717,-72.65696449266542,-72.65696449266542
1689.4500473737717,-72.65894533897887,-72.65894533897887
1689.4600473737717,-72.66092257611024,-72.66092257611024
1689.4700473737716,-72.66289637694477,-72.66289637694477
1689.4800473737716,-72.66486691229223,-72.66486691229223
1689.4900473737716,-72.6668343509044,-72.6668343509044
1689.5000473737716,-72.66879885946523,-72.66879885946523
1689.5100473737716,-72.67076060260071,-72.67076060260071
1689.5200473737716,-72.67271974287804,-72.67271974287804
1689.5300473737716,-72.67467644080429,-72.67467644080429
1689.5400473737716,-72.67663085483073,-72.67663085483073
1689.5500473737716,-72.67858314135599,-72.67858314135599
1689.5600473737716,-72.6805334547484,-72.6805334547484
1689.5700473737716,-72.68248194731487,-72.68248194731487
1689.5800473737718,-72.68442876934596,-72.68442876934596
1689.5900473737718,-72.68637406909257,-72.68637406909257
1689.6000473737718,-72.68831799279072,-72.68831799279072
1689.6100473737717,-72.69026068466063,-72.69026068466063
1689.6200473737717,-72.69220228692757,-72.69220228692757
1689.6300473737717,-72.69414293981015,-72.69414293981015
1689.6400473737717,-72.69608278154591,-72.69608278154591
1689.6500473737717,-72.69802194840234,-72.69802194840234
1689.6600473737717,-72.69996057467665,-72.69996057467665
1689.6700473737717,-72.70189879271476,-72.70189879271476
1689.6800473737717,-72.70383673292503,-72.70383673292503
1689.6900473737717,-72.70577452377732,-72.70577452377732
1689.7000473737717,-72.70771229184194,-72.70771229184194
1689.7100473737717,-72.70965016175793,-72.70965016175793
1689.7200473737716,-72.71158825629166,-72.71158825629166
1689.7300473737716,-72.71352669633436,-72.71352669633436
1689.7400473737716,-72.71546560090941,-72.71546560090941
1689.7500473737716,-72.71740508719388,-72.71740508719388
1689.7600473737716,-72.7193452705233,-72.7193452705233
1689.7700473737716,-72.72128626441885,-72.72128626441885
1689.7800473737716,-72.72322818059864,-72.72322818059864
1689.7900473737716,-72.72517112898826,-72.72517112898826
1689.8000473976135,-72.7271152223692,-72.7271152223692
1689.8100473976135,-72.72906055789802,-72.72906055789802
1689.8200473976135,-72.73100724483099,-72.73100724483099
1689.8300473976135,-72.73295538610355,-72.73295538610355
1689.8400473976135,-72.7349050829358,-72.7349050829358
1689.8500473976135,-72.73685643484804,-72.73685643484804
1689.8600473976135,-72.73880953969235,-72.73880953969235
1689.8700473976135,-72.74076449365604,-72.74076449365604
1689.8800473976135,-72.74272139127933,-72.74272139127933
1689.8900473976134,-72.74468032548417,-72.74468032548417
1689.9000473976134,-72.7466413875732,-72.7466413875732
1689.9100473976134,-72.7486046672531,-72.7486046672531
1689.9200473976134,-72.75057025266277,-72.75057025266277
1689.9300473976136,-72.75253823038494,-72.75253823038494
1689.9400473976136,-72.75450868544061,-72.75450868544061
1689.9500473976136,-72.75648170135143,-72.75648170135143
1689.9600473976136,-72.75845736010119,-72.75845736010119
1689.9700473976136,-72.76043574221545,-72.76043574221545
1689.9800473976136,-72.76241692670463,-72.76241692670463
1689.9900473976136,-72.76440099115595,-72.76440099115595
1690.0000473976136,-72.76638801169466,-72.76638801169466
1690.0100473976136,-72.76837806303723,-72.76837806303723
1690.0200473976136,-72.77037121848068,-72.77037121848068
1690.0300473976135,-72.77236754993483,-72.77236754993483
1690.0400473976135,-72.77436712792453,-72.77436712792453
1690.0500473976135,-72.77637002164327,-72.77637002164327
1690.0600473976135,-72.77837629892092,-72.77837629892092
1690.0700473976135,-72.78038602626398,-72.78038602626398
1690.0800473976135,-72.78239926887687,-72.78239926887687
1690.0900473976135,-72.78441609067389,-72.78441609067389
1690.1000473976135,-72.7864365542787,-72.7864365542787
1690.1100473976135,-72.78846072107399,-72.78846072107399
1690.1200473976135,-72.79048865118978,-72.79048865118978
1690.1300473976135,-72.79252040352743,-72.79252040352743
1690.1400473976134,-72.79455603577672,-72.79455603577672
1690.1500473976134,-72.79659560442845,-72.79659560442845
1690.1600473976134,-72.79863916479921,-72.79863916479921
1690.1700473976134,-72.80068677102686,-72.80068677102686
1690.1800473976136,-72.80273847610981,-72.80273847610981
1690.1900473976136,-72.80479433191387,-72.80479433191387
1690.2000473976136,-72.80685438917108,-72.80685438917108
1690.2100473976136,-72.80891869751531,-72.80891869751531
1690.2200473976136,-72.81098730549462,-72.81098730549462
1690.2300473976136,-72.81306026057189,-72.81306026057189
1690.2400473976136,-72.81513760915647,-72.81513760915647
1690.2500473976136,-72.81721939660282,-72.81721939660282
1690.2600473976136,-72.81930566723669,-72.81930566723669
1690.2700473976136,-72.82139646436555,-72.82139646436555
1690.2800473976135,-72.823491830295,-72.823491830295
1690.2900473976135,-72.82559180633491,-72.82559180633491
1690.3000473976135,-72.82769643281476,-72.82769643281476
1690.3100473976135,-72.82980574911404,-72.82980574911404
1690.3200473976135,-72.83191979363997,-72.83191979363997
1690.3300473976135,-72.83403860388768,-72.83403860388768
1690.3400473976135,-72.8361622164089,-72.8361622164089
1690.3500473976135,-72.83829066685949,-72.83829066685949
1690.3600473976135,-72.84042398998038,-72.84042398998038
1690.3700473976135,-72.8425622196423,-72.8425622196423
1690.3800473976135,-72.84470538883522,-72.84470538883522
1690.3900473976134,-72.84685352969791,-72.84685352969791
1690.4000473976134,-72.84900667350658,-72.84900667350658
1690.4100473976134,-72.8511648507261,-72.8511648507261
1690.4200473976134,-72.85332809096894,-72.85332809096894
1690.4300473976136,-72.85549642304294,-72.85549642304294
1690.4400473976136,-72.85766987497558,-72.85766987497558
1690.4500473976136,-72.85984847398618,-72.85984847398618
1690.4600473976136,-72.86203224652259,-72.86203224652259
1690.4700473976136,-72.86422121826047,-72.86422121826047
1690.4800473976136,-72.86641541414156,-72.86641541414156
1690.4900473976136,-72.86861485834314,-72.86861485834314
1690.5000473976136,-72.87081957431943,-72.87081957431943
1690.5100473976136,-72.87302958480205,-72.87302958480205
1690.5200473976136,-72.87524491181014,-72.87524491181014
1690.5300473976135,-72.87746557666591,-72.87746557666591
1690.5400473976135,-72.87969159999673,-72.87969159999673
1690.5500473976135,-72.88192300175534,-72.88192300175534
1690.5600473976135,-72.88415980121373,-72.88415980121373
1690.5700473976135,-72.88640201699947,-72.88640201699947
1690.5800473976135,-72.88864966708434,-72.88864966708434
1690.5900473976135,-72.89090276879664,-72.89090276879664
1690.6000473976135,-72.8931613388375,-72.8931613388375
1690.6100473976135,-72.89542539329395,-72.89542539329395
1690.6200473976135,-72.89769494762206,-72.89769494762206
1690.6300473976135,-72.89997001669775,-72.89997001669775
1690.6400473976134,-72.90225061478753,-72.90225061478753
1690.6500474214554,-72.90453676103297,-72.90453676103297
1690.6600474214554,-72.90682845768904,-72.90682845768904
1690.6700474214554,-72.90912572269886,-72.90912572269886
1690.6800474214554,-72.91142856807242,-72.91142856807242
1690.6900474214553,-72.91373700525037,-72.91373700525037
1690.7000474214553,-72.91605104513599,-72.91605104513599
1690.7100474214553,-72.91837069809613,-72.91837069809613
1690.7200474214553,-72.92069597398121,-72.92069597398121
1690.7300474214553,-72.92302688210998,-72.92302688210998
1690.7400474214553,-72.92536343130669,-72.92536343130669
1690.7500474214553,-72.92770562990603,-72.92770562990603
1690.7600474214553,-72.93005348572038,-72.93005348572038
1690.7700474214553,-72.93240700610548,-72.93240700610548
1690.7800474214555,-72.9347661979207,-72.9347661979207
1690.7900474214555,-72.93713106757238,-72.93713106757238
1690.8000474214555,-72.93950162099767,-72.93950162099767
1690.8100474214555,-72.94187786367067,-72.94187786367067
1690.8200474214555,-72.94425980062613,-72.94425980062613
1690.8300474214554,-72.94664743646204,-72.94664743646204
1690.8400474214554,-72.94904077534098,-72.94904077534098
1690.8500474214554,-72.95143982099103,-72.95143982099103
1690.8600474214554,-72.95384457672291,-72.95384457672291
1690.8700474214554,-72.95625504544314,-72.95625504544314
1690.8800474214554,-72.95867122963907,-72.95867122963907
1690.8900474214554,-72.96109313140717,-72.96109313140717
1690.9000474214554,-72.96352075244666,-72.96352075244666
1690.9100474214554,-72.96595409406699,-72.96595409406699
1690.9200474214554,-72.96839315720068,-72.96839315720068
1690.9300474214554,-72.97083794240638,-72.97083794240638
1690.9400474214553,-72.97328844986616,-72.97328844986616
1690.9500474214553,-72.97574467941043,-72.97574467941043
1690.9600474214553,-72.97820663050611,-72.97820663050611
1690.9700474214553,-72.98067430226799,-72.98067430226799
1690.9800474214553,-72.98314769346072,-72.98314769346072
1690.9900474214553,-72.98562680252763,-72.98562680252763
1691.0000474214553,-72.98811162755764,-72.98811162755764
1691.0100474214553,-72.99060216631429,-72.99060216631429
1691.0200474214553,-72.99309841624755,-72.99309841624755
1691.0300474214555,-72.99560037448444,-72.99560037448444
1691.0400474214555,-72.99810803783951,-72.99810803783951
1691.0500474214555,-73.00062140281621,-73.00062140281621
1691.0600474214555,-73.00314046561662,-73.00314046561662
1691.0700474214555,-73.00566522214886,-73.00566522214886
1691.0800474214554,-73.0081956680287,-73.0081956680287
1691.0900474214554,-73.01073179858794,-73.01073179858794
1691.1000474214554,-73.01327360886647,-73.01327360886647
1691.1100474214554,-73.0158210936252,-73.0158210936252
1691.1200474214554,-73.01837424736264,-73.01837424736264
1691.1300474214554,-73.02093306430874,-73.02093306430874
1691.1400474214554,-73.02349753841843,-73.02349753841843
1691.1500474214554,-73.02606766338928,-73.02606766338928
1691.1600474214554,-73.02864343266599,-73.02864343266599
1691.1700474214554,-73.03122483944891,-73.03122483944891
1691.1800474214554,-73.03381187668599,-73.03381187668599
1691.1900474214553,-73.03640453708775,-73.03640453708775
1691.2000474214553,-73.0390028131275,-73.0390028131275
1691.2100474214553,-73.04160032626974,-73.04160032626974
1691.2200474214553,-73.04419427671478,-73.04419427671478
1691.2300474214553,-73.04678329530367,-73.04678329530367
1691.2400474214553,-73.04936667506333,-73.04936667506333
1691.2500474214553,-73.0519440779194,-73.0519440779194
1691.2600474214553,-73.05451538241759,-73.05451538241759
1691.2700474214553,-73.05708059445854,-73.05708059445854
1691.2800474214555,-73.05963979366096,-73.05963979366096
1691.2900474214555,-73.06219310115111,-73.06219310115111
1691.3000474214555,-73.0647406601653,-73.0647406601653
1691.3100474214555,-73.06728262454642,-73.06728262454642
1691.3200474214555,-73.06981915195013,-73.06981915195013
1691.3300474214554,-73.07235039995639,-73.07235039995639
1691.3400474214554,-73.07487652391943,-73.07487652391943
1691.3500474214554,-73.07739767591225,-73.07739767591225
1691.3600474214554,-73.07991400426945,-73.07991400426945
1691.3700474214554,-73.08242565353746,-73.08242565353746
1691.3800474214554,-73.08493276457791,-73.08493276457791
1691.3900474214554,-73.0874354748332,-73.0874354748332
1691.4000474214554,-73.08993391858924,-73.08993391858924
1691.4100474214554,-73.09242822725602,-73.09242822725602
1691.4200474214554,-73.0949185296684,-73.0949185296684
1691.4300474214554,-73.09740495232921,-73.09740495232921
1691.4400474214553,-73.09988761960807,-73.09988761960807
1691.4500474214553,-73.10236665399377,-73.10236665399377
1691.4600474214553,-73.1048421762173,-73.1048421762173
1691.4700474214553,-73.10731430542694,-73.10731430542694
1691.4800474214553,-73.10978315930102,-73.10978315930102
1691.4900474214553,-73.11224885414542,-73.11224885414542
1691.5000474452972,-73.11471151084356,-73.11471151084356
1691.5100474452972,-73.1171712314909,-73.1171712314909
1691.5200474452972,-73.11962813460738,-73.11962813460738
1691.5300474452972,-73.12208233174012,-73.12208233174012
1691.5400474452972,-73.1245339333679,-73.1245339333679
1691.5500474452972,-73.12698304892375,-73.12698304892375
1691.5600474452972,-73.12942978680852,-73.12942978680852
1691.5700474452972,-73.13187425441826,-73.13187425441826
1691.5800474452972,-73.13431655814635,-73.13431655814635
1691.5900474452972,-73.13675680340708,-73.13675680340708
1691.6000474452972,-73.13919509461515,-73.13919509461515
1691.6100474452971,-73.14163153520143,-73.14163153520143
1691.6200474452971,-73.14406622760814,-73.14406622760814
1691.6300474452974,-73.14649927329489,-73.14649927329489
1691.6400474452973,-73.14893077272862,-73.14893077272862
1691.6500474452973,-73.15136082537181,-73.15136082537181
1691.6600474452973,-73.15378952969323,-73.15378952969323
1691.6700474452973,-73.15621698315954,-73.15621698315954
1691.6800474452973,-73.15864328220617,-73.15864328220617
1691.6900474452973,-73.16106852226895,-73.16106852226895
1691.7000474452973,-73.16349279774586,-73.16349279774586
1691.7100474452973,-73.16591620200532,-73.16591620200532
1691.7200474452973,-73.16833882738578,-73.16833882738578
1691.7300474452973,-73.17076076518298,-73.17076076518298
1691.7400474452973,-73.17318210564147,-73.17318210564147
1691.7500474452972,-73.17560293795954,-73.17560293795954
1691.7600474452972,-73.17802335027099,-73.17802335027099
1691.7700474452972,-73.18044342965837,-73.18044342965837
1691.7800474452972,-73.1828632621422,-73.1828632621422
1691.7900474452972,-73.18528293266341,-73.18528293266341
1691.8000474452972,-73.18770252512039,-73.18770252512039
1691.8100474452972,-73.19012212232307,-73.19012212232307
1691.8200474452972,-73.19254180600825,-73.19254180600825
1691.8300474452972,-73.19496165686094,-73.19496165686094
1691.8400474452972,-73.19738175446611,-73.19738175446611
1691.8500474452972,-73.19980217734816,-73.19980217734816
1691.8600474452971,-73.2022230029663,-73.2022230029663
1691.8700474452971,-73.20464430769697,-73.20464430769697
1691.8800474452974,-73.20706616685945,-73.20706616685945
1691.8900474452973,-73.20948865469923,-73.20948865469923
1691.9000474452973,-73.21191184438466,-73.21191184438466
1691.9100474452973,-73.21433580804133,-73.21433580804133
1691.9200474452973,-73.21676061671684,-73.21676061671684
1691.9300474452973,-73.21918634041452,-73.21918634041452
1691.9400474452973,-73.22161304807655,-73.22161304807655
1691.9500474452973,-73.22404080760701,-73.22404080760701
1691.9600474452973,-73.22646968585295,-73.22646968585295
1691.9700474452973,-73.22889974863232,-73.22889974863232
1691.9800474452973,-73.23133106072189,-73.23133106072189
1691.9900474452973,-73.23376368587324,-73.23376368587324
1692.0000474452972,-73.2361976868153,-73.2361976868153
1692.0100474452972,-73.23863312526413,-73.23863312526413
1692.0200474452972,-73.24107006191639,-73.24107006191639
1692.0300474452972,-73.24350855646495,-73.24350855646495
1692.0400474452972,-73.2459486676067,-73.2459486676067
1692.0500474452972,-73.24839045305411,-73.24839045305411
1692.0600474452972,-73.25083396952394,-73.25083396952394
1692.0700474452972,-73.25327927276736,-73.25327927276736
1692.0800474452972,-73.25572641755888,-73.25572641755888
1692.0900474452972,-73.25817545771348,-73.25817545771348
1692.1000474452972,-73.26062644610174,-73.26062644610174
1692.1100474452971,-73.2630794346313,-73.2630794346313
1692.1200474452971,-73.26553447427833,-73.26553447427833
1692.1300474452974,-73.26799161508929,-73.26799161508929
1692.1400474452973,-73.27045090619718,-73.27045090619718
1692.1500474452973,-73.2729123958145,-73.2729123958145
1692.1600474452973,-73.27537613124672,-73.27537613124672
1692.1700474452973,-73.27784215890647,-73.27784215890647
1692.1800474452973,-73.28031052432318,-73.28031052432318
1692.1900474452973,-73.28278127213683,-73.28278127213683
1692.2000474452973,-73.28525444612279,-73.28525444612279
1692.2100474452973,-73.28773008919742,-73.28773008919742
1692.2200474452973,-73.29020824342028,-73.29020824342028
1692.2300474452973,-73.29268895001083,-73.29268895001083
1692.2400474452973,-73.29517224934746,-73.29517224934746
1692.2500474452972,-73.29765818099376,-73.29765818099376
1692.2600474452972,-73.30014678368408,-73.30014678368408
1692.2700474452972,-73.3026380953532,-73.3026380953532
1692.2800474452972,-73.30513215313306,-73.30513215313306
1692.2900474452972,-73.30762899336695,-73.30762899336695
1692.3000474452972,-73.3101286516156,-73.3101286516156
1692.3100474452972,-73.3126311626626,-73.3126311626626
1692.3200474452972,-73.31513656054413,-73.31513656054413
1692.3300474452972,-73.31764487852325,-73.31764487852325
1692.3400474452972,-73.32015614913401,-73.32015614913401
1692.350047469139,-73.3226704101465,-73.3226704101465
1692.360047469139,-73.3251876806672,-73.3251876806672
1692.370047469139,-73.32770799700388,-73.32770799700388
1692.380047469139,-73.33023138879535,-73.33023138879535
1692.390047469139,-73.33275788497403,-73.33275788497403
1692.400047469139,-73.33528751378056,-73.33528751378056
1692.410047469139,-73.33782030276416,-73.33782030276416
1692.420047469139,-73.34035627881558,-73.34035627881558
1692.430047469139,-73.34289546814438,-73.34289546814438
1692.440047469139,-73.34543789629892,-73.34543789629892
1692.450047469139,-73.3479835881973,-73.3479835881973
1692.460047469139,-73.35053256809722,-73.35053256809722
1692.470047469139,-73.35308485963536,-73.35308485963536
1692.4800474691392,-73.35564048581678,-73.35564048581678
1692.4900474691392,-73.35819946903183,-73.35819946903183
1692.5000474691392,-73.36076183106698,-73.36076183106698
1692.5100474691392,-73.3633275931002,-73.3633275931002
1692.5200474691392,-73.36589677573559,-73.36589677573559
1692.5300474691392,-73.36846939897431,-73.36846939897431
1692.5400474691392,-73.37104548224171,-73.37104548224171
1692.5500474691391,-73.37362504441346,-73.37362504441346
1692.5600474691391,-73.37620810378823,-73.37620810378823
1692.5700474691391,-73.37879467810724,-73.37879467810724
1692.5800474691391,-73.38138478459219,-73.38138478459219
1692.590047469139,-73.38397843990943,-73.38397843990943
1692.600047469139,-73.38657566020308,-73.38657566020308
1692.610047469139,-73.38917646108438,-73.38917646108438
1692.620047469139,-73.3917808576563,-73.3917808576563
1692.630047469139,-73.39438886451498,-73.39438886451498
1692.640047469139,-73.39700049576034,-73.39700049576034
1692.650047469139,-73.39961576498882,-73.39961576498882
1692.660047469139,-73.40223468532162,-73.40223468532162
1692.670047469139,-73.4048572693932,-73.4048572693932
1692.680047469139,-73.40748352936879,-73.40748352936879
1692.690047469139,-73.4101134769513,-73.4101134769513
1692.700047469139,-73.41274712338094,-73.41274712338094
1692.710047469139,-73.41538447945149,-73.41538447945149
1692.720047469139,-73.41802555549859,-73.41802555549859
1692.7300474691392,-73.42067036143726,-73.42067036143726
1692.7400474691392,-73.42331890674109,-73.42331890674109
1692.7500474691392,-73.42597120045437,-73.42597120045437
1692.7600474691392,-73.42862725121553,-73.42862725121553
1692.7700474691392,-73.43128706723847,-73.43128706723847
1692.7800474691392,-73.43395065633507,-73.43395065633507
1692.7900474691392,-73.43661802590933,-73.43661802590933
1692.8000474691391,-73.43928918297868,-73.43928918297868
1692.8100474691391,-73.44196413418291,-73.44196413418291
1692.8200474691391,-73.44464288575269,-73.44464288575269
1692.8300474691391,-73.44732544356697,-73.44732544356697
1692.840047469139,-73.45001181311473,-73.45001181311473
1692.850047469139,-73.45270199953214,-73.45270199953214
1692.860047469139,-73.45539600759133,-73.45539600759133
1692.870047469139,-73.45809384170315,-73.45809384170315
1692.880047469139,-73.46079550595039,-73.46079550595039
1692.890047469139,-73.46350100405239,-73.46350100405239
1692.900047469139,-73.46621033940455,-73.46621033940455
1692.910047469139,-73.4689235150645,-73.4689235150645
1692.920047469139,-73.47164053375076,-73.47164053375076
1692.930047469139,-73.47436139788206,-73.47436139788206
1692.940047469139,-73.47708610954675,-73.47708610954675
1692.950047469139,-73.4798146705186,-73.4798146705186
1692.960047469139,-73.48254708228032,-73.48254708228032
1692.970047469139,-73.48528334599206,-73.48528334599206
1692.9800474691392,-73.48802346252904,-73.48802346252904
1692.9900474691392,-73.49076743247002,-73.49076743247002
1693.0000474691392,-73.49351525611743,-73.49351525611743
1693.0100474691392,-73.49626693347308,-73.49626693347308
1693.0200474691392,-73.49902246427547,-73.49902246427547
1693.0300474691392,-73.5017818479829,-73.5017818479829
1693.0400474691392,-73.50454508377695,-73.50454508377695
1693.0500474691391,-73.50731217058109,-73.50731217058109
1693.0600474691391,-73.51008310705859,-73.51008310705859
1693.0700474691391,-73.51285789161629,-73.51285789161629
1693.0800474691391,-73.5156365224078,-73.5156365224078
1693.090047469139,-73.51841899734349,-73.51841899734349
1693.100047469139,-73.52120531408102,-73.52120531408102
1693.110047469139,-73.52399547004845,-73.52399547004845
1693.120047469139,-73.52678946242575,-73.52678946242575
1693.130047469139,-73.52958728816577,-73.52958728816577
1693.140047469139,-73.53238894400148,-73.53238894400148
1693.150047469139,-73.5351944264365,-73.5351944264365
1693.160047469139,-73.53800373175478,-73.53800373175478
1693.170047469139,-73.54081685601857,-73.54081685601857
1693.180047469139,-73.54363379508312,-73.54363379508312
1693.190047469139,-73.54645454458385,-73.54645454458385
1693.200047492981,-73.54927910669821,-73.54927910669821
1693.210047492981,-73.55210746322346,-73.55210746322346
1693.220047492981,-73.55493961589767,-73.55493961589767
1693.230047492981,-73.55777555957046,-73.55777555957046
1693.240047492981,-73.56061528889731,-73.56061528889731
1693.250047492981,-73.56345879833576,-73.56345879833576
1693.260047492981,-73.56630608216382,-73.56630608216382
1693.270047492981,-73.56915713447638,-73.56915713447638
1693.2800474929809,-73.57201194919418,-73.57201194919418
1693.2900474929809,-73.57487052006158,-73.57487052006158
1693.3000474929809,-73.5777328406399,-73.5777328406399
1693.3100474929809,-73.58059890434144,-73.58059890434144
1693.3200474929808,-73.5834687043966,-73.5834687043966
1693.330047492981,-73.58634223386976,-73.58634223386976
1693.340047492981,-73.58921948567244,-73.58921948567244
1693.350047492981,-73.59210045256144,-73.59210045256144
1693.360047492981,-73.59498512713539,-73.59498512713539
1693.370047492981,-73.59787350184386,-73.59787350184386
1693.380047492981,-73.6007655689836,-73.6007655689836
1693.390047492981,-73.60366132070318,-73.60366132070318
1693.400047492981,-73.60656074901682,-73.60656074901682
1693.410047492981,-73.60946384579115,-73.60946384579115
1693.420047492981,-73.61237060275867,-73.61237060275867
1693.430047492981,-73.61528101150928,-73.61528101150928
1693.440047492981,-73.61819506350429,-73.61819506350429
1693.450047492981,-73.62111275007733,-73.62111275007733
1693.460047492981,-73.62403406243506,-73.62403406243506
1693.470047492981,-73.62695899164578,-73.62695899164578
1693.480047492981,-73.62988752867484,-73.62988752867484
1693.490047492981,-73.63281966435378,-73.63281966435378
1693.500047492981,-73.63575538939322,-73.63575538939322
1693.510047492981,-73.63869469439435,-73.63869469439435
1693.520047492981,-73.64163756984924,-73.64163756984924
1693.5300474929809,-73.64458400612463,-73.64458400612463
1693.5400474929809,-73.64753399348473,-73.64753399348473
1693.5500474929809,-73.65048752209455,-73.65048752209455
1693.5600474929809,-73.65344458199917,-73.65344458199917
1693.5700474929808,-73.6564051631593,-73.6564051631593
1693.580047492981,-73.65936925541567,-73.65936925541567
1693.590047492981,-73.66233684852101,-73.66233684852101
1693.600047492981,-73.6653079321313,-73.6653079321313
1693.610047492981,-73.66828249580254,-73.66828249580254
1693.620047492981,-73.67126052900439,-73.67126052900439
1693.630047492981,-73.6742420211152,-73.6742420211152
1693.640047492981,-73.67722696141605,-73.67722696141605
1693.650047492981,-73.6802153391135,-73.6802153391135
1693.660047492981,-73.68320714331556,-73.68320714331556
1693.670047492981,-73.68620236306246,-73.68620236306246
1693.680047492981,-73.68920098729842,-73.68920098729842
1693.690047492981,-73.69220300489289,-73.69220300489289
1693.700047492981,-73.69520840464017,-73.69520840464017
1693.710047492981,-73.69821074377201,-73.69821074377201
1693.720047492981,-73.70120719017879,-73.70120719017879
1693.730047492981,-73.70419635538391,-73.70419635538391
1693.740047492981,-73.7071775192034,-73.7071775192034
1693.750047492981,-73.71015033388336,-73.71015033388336
1693.760047492981,-73.71311467048417,-73.71311467048417
1693.770047492981,-73.71607052883402,-73.71607052883402
1693.7800474929809,-73.71901798347801,-73.71901798347801
1693.7900474929809,-73.72195715117063,-73.72195715117063
1693.8000474929809,-73.72488817133627,-73.72488817133627
1693.8100474929809,-73.72781119444417,-73.72781119444417
1693.8200474929808,-73.73072637515658,-73.73072637515658
1693.830047492981,-73.73363386837983,-73.73363386837983
1693.840047492981,-73.73653382711727,-73.73653382711727
1693.850047492981,-73.73942640136585,-73.73942640136585
1693.860047492981,-73.74231173764524,-73.74231173764524
1693.870047492981,-73.74518997893514,-73.74518997893514
1693.880047492981,-73.74806126477503,-73.74806126477503
1693.890047492981,-73.75092573151251,-73.75092573151251
1693.900047492981,-73.75378351254697,-73.75378351254697
1693.910047492981,-73.75663473864213,-73.75663473864213
1693.920047492981,-73.75947953816774,-73.75947953816774
1693.930047492981,-73.76231803735669,-73.76231803735669
1693.940047492981,-73.76515036052236,-73.76515036052236
1693.950047492981,-73.76797663025239,-73.76797663025239
1693.960047492981,-73.77079696757625,-73.77079696757625
1693.970047492981,-73.77361149210923,-73.77361149210923
1693.980047492981,-73.77642032215024,-73.77642032215024
1693.990047492981,-73.77922357479724,-73.77922357479724
1694.000047492981,-73.78202136603313,-73.78202136603313
1694.010047492981,-73.78481381076419,-73.78481381076419
1694.020047492981,-73.78760102289058,-73.78760102289058
1694.0300474929809,-73.79038311535476,-73.79038311535476
1694.0400474929809,-73.79316020015565,-73.79316020015565
1694.0500475168228,-73.79593239497751,-73.79593239497751
1694.0600475168228,-73.79869979679985,-73.79869979679985
1694.0700475168228,-73.80146252153999,-73.80146252153999
1694.0800475168228,-73.80422067763685,-73.80422067763685
1694.0900475168228,-73.80697437264269,-73.80697437264269
1694.1000475168228,-73.80972371324799,-73.80972371324799
1694.1100475168228,-73.81246880525205,-73.81246880525205
1694.1200475168228,-73.8152097535975,-73.8152097535975
1694.1300475168227,-73.8179466623284,-73.8179466623284
1694.1400475168227,-73.82067963460096,-73.82067963460096
1694.1500475168227,-73.823408772679,-73.823408772679
1694.1600475168227,-73.82613417791796,-73.82613417791796
1694.1700475168227,-73.82885595075928,-73.82885595075928
1694.180047516823,-73.83157419072491,-73.83157419072491
1694.190047516823,-73.83428899640414,-73.83428899640414
1694.200047516823,-73.83700046544132,-73.83700046544132
1694.210047516823,-73.839708694549,-73.839708694549
1694.220047516823,-73.84241377947097,-73.84241377947097
1694.2300475168229,-73.84511581499928,-73.84511581499928
1694.2400475168229,-73.84781489493936,-73.84781489493936
1694.2500475168229,-73.85051111213292,-73.85051111213292
1694.2600475168229,-73.85320455844153,-73.85320455844153
1694.2700475168228,-73.85589532472945,-73.85589532472945
1694.2800475168228,-73.85858350086542,-73.85858350086542
1694.2900475168228,-73.86126917572074,-73.86126917572074
1694.3000475168228,-73.86395243717277,-73.86395243717277
1694.3100475168228,-73.86663337208981,-73.86663337208981
1694.3200475168228,-73.869312066317,-73.869312066317
1694.3300475168228,-73.87198860469587,-73.87198860469587
1694.3400475168228,-73.87466307105336,-73.87466307105336
1694.3500475168228,-73.8773355482019,-73.8773355482019
1694.3600475168228,-73.88000611792621,-73.88000611792621
1694.3700475168228,-73.88267486101158,-73.88267486101158
1694.3800475168227,-73.88534185719234,-73.88534185719234
1694.3900475168227,-73.88800718522046,-73.88800718522046
1694.4000475168227,-73.8906709228135,-73.8906709228135
1694.4100475168227,-73.89333314667151,-73.89333314667151
1694.4200475168227,-73.89599393248417,-73.89599393248417
1694.430047516823,-73.8986533549324,-73.8986533549324
1694.440047516823,-73.9013114876873,-73.9013114876873
1694.450047516823,-73.90396840340154,-73.90396840340154
1694.460047516823,-73.90662417373653,-73.90662417373653
1694.470047516823,-73.90927886934927,-73.90927886934927
1694.4800475168229,-73.91193255990282,-73.91193255990282
1694.4900475168229,-73.9145853140664,-73.9145853140664
1694.5000475168229,-73.91723719951484,-73.91723719951484
1694.5100475168229,-73.91988828296206,-73.91988828296206
1694.5200475168228,-73.9225386301251,-73.9225386301251
1694.5300475168228,-73.92518830575216,-73.92518830575216
1694.5400475168228,-73.9278373736379,-73.9278373736379
1694.5500475168228,-73.93048589660381,-73.93048589660381
1694.5600475168228,-73.93313393651842,-73.93313393651842
1694.5700475168228,-73.93578155430873,-73.93578155430873
1694.5800475168228,-73.93842880995878,-73.93842880995878
1694.5900475168228,-73.94107576251153,-73.94107576251153
1694.6000475168228,-73.9437224700911,-73.9437224700911
1694.6100475168228,-73.94636898989525,-73.94636898989525
1694.6200475168228,-73.94901537820687,-73.94901537820687
1694.6300475168227,-73.95166169041121,-73.95166169041121
1694.6400475168227,-73.9543079809888,-73.9543079809888
1694.6500475168227,-73.95695430352554,-73.95695430352554
1694.6600475168227,-73.95960071073574,-73.95960071073574
1694.6700475168227,-73.9622472544459,-73.9622472544459
1694.680047516823,-73.96489398561674,-73.96489398561674
1694.690047516823,-73.9675409543572,-73.9675409543572
1694.700047516823,-73.97018820991917,-73.97018820991917
1694.710047516823,-73.97282934552321,-73.97282934552321
1694.720047516823,-73.97546157776063,-73.97546157776063
1694.7300475168229,-73.97808357145237,-73.97808357145237
1694.7400475168229,-73.9806946614425,-73.9806946614425
1694.7500475168229,-73.98329455562269,-73.98329455562269
1694.7600475168229,-73.98588318077103,-73.98588318077103
1694.7700475168228,-73.98846059219908,-73.98846059219908
1694.7800475168228,-73.99102691951806,-73.99102691951806
1694.7900475168228,-73.993582333997,-73.993582333997
1694.8000475168228,-73.99612702897029,-73.99612702897029
1694.8100475168228,-73.99866120818533,-73.99866120818533
1694.8200475168228,-74.00118507893684,-74.00118507893684
1694.8300475168228,-74.00369884808626,-74.00369884808626
1694.8400475168228,-74.00620271992432,-74.00620271992432
1694.8500475168228,-74.00869689507418,-74.00869689507418
1694.8600475168228,-74.01118157001473,-74.01118157001473
1694.8700475168228,-74.0136569370236,-74.0136569370236
1694.8800475168227,-74.01612318428644,-74.01612318428644
1694.8900475168227,-74.01858049614184,-74.01858049614184
1694.9000475406647,-74.02102905919406,-74.02102905919406
1694.9100475406647,-74.02346903923008,-74.02346903923008
1694.9200475406647,-74.02590061655927,-74.02590061655927
1694.9300475406646,-74.02832396289702,-74.02832396289702
1694.9400475406646,-74.03073924740889,-74.03073924740889
1694.9500475406646,-74.03314663693102,-74.03314663693102
1694.9600475406646,-74.03554629612928,-74.03554629612928
1694.9700475406646,-74.0379383876663,-74.0379383876663
1694.9800475406646,-74.04032307229383,-74.04032307229383
1694.9900475406646,-74.04270050899426,-74.04270050899426
1695.0000475406646,-74.04507085503187,-74.04507085503187
1695.0100475406646,-74.04743426604897,-74.04743426604897
1695.0200475406646,-74.04979089609832,-74.04979089609832
1695.0300475406648,-74.05214089772771,-74.05214089772771
1695.0400475406648,-74.05448442197353,-74.05448442197353
1695.0500475406648,-74.0568216184349,-74.0568216184349
1695.0600475406648,-74.05915263526525,-74.05915263526525
1695.0700475406647,-74.06147761920131,-74.06147761920131
1695.0800475406647,-74.06379671557048,-74.06379671557048
1695.0900475406647,-74.06611006831461,-74.06611006831461
1695.1000475406647,-74.06841781997696,-74.06841781997696
1695.1100475406647,-74.07072011173081,-74.07072011173081
1695.1200475406647,-74.07301708334695,-74.07301708334695
1695.1300475406647,-74.07530887323658,-74.07530887323658
1695.1400475406647,-74.07759561841596,-74.07759561841596
1695.1500475406647,-74.07987745451467,-74.07987745451467
1695.1600475406647,-74.0821545157904,-74.0821545157904
1695.1700475406647,-74.08442693510503,-74.08442693510503
1695.1800475406646,-74.08669484392038,-74.08669484392038
1695.1900475406646,-74.08895837232284,-74.08895837232284
1695.2000475406646,-74.0912176489941,-74.0912176489941
1695.2100475406646,-74.09346633638215,-74.09346633638215
1695.2200475406646,-74.09570172577862,-74.09570172577862
1695.2300475406646,-74.09792255851373,-74.09792255851373
1695.2400475406646,-74.10012824643043,-74.10012824643043
1695.2500475406646,-74.10231857443507,-74.10231857443507
1695.2600475406646,-74.10449354604789,-74.10449354604789
1695.2700475406646,-74.10665329293344,-74.10665329293344
1695.2800475406648,-74.10879802051997,-74.10879802051997
1695.2900475406648,-74.11092797531941,-74.11092797531941
1695.3000475406648,-74.11304342530462,-74.11304342530462
1695.3100475406648,-74.11514464821984,-74.11514464821984
1695.3200475406647,-74.11723192465803,-74.11723192465803
1695.3300475406647,-74.11930553414936,-74.11930553414936
1695.3400475406647,-74.12136575295258,-74.12136575295258
1695.3500475406647,-74.1234128529675,-74.1234128529675
1695.3600475406647,-74.12544710124764,-74.12544710124764
1695.3700475406647,-74.12746875995478,-74.12746875995478
1695.3800475406647,-74.12947808644566,-74.12947808644566
1695.3900475406647,-74.1314753335383,-74.1314753335383
1695.4000475406647,-74.13346074975166,-74.13346074975166
1695.4100475406647,-74.13543457961454,-74.13543457961454
1695.4200475406647,-74.13739706393629,-74.13739706393629
1695.4300475406646,-74.1393484400347,-74.1393484400347
1695.4400475406646,-74.14128894199467,-74.14128894199467
1695.4500475406646,-74.14321880085362,-74.14321880085362
1695.4600475406646,-74.14513177631588,-74.14513177631588
1695.4700475406646,-74.1470252583144,-74.1470252583144
1695.4800475406646,-74.14889808663919,-74.14889808663919
1695.4900475406646,-74.15074977097966,-74.15074977097966
1695.5000475406646,-74.15258019333322,-74.15258019333322
1695.5100475406646,-74.15438945355739,-74.15438945355739
1695.5200475406646,-74.15617777883396,-74.15617777883396
1695.5300475406648,-74.15794546934234,-74.15794546934234
1695.5400475406648,-74.15969286557169,-74.15969286557169
1695.5500475406648,-74.16142032872348,-74.16142032872348
1695.5600475406648,-74.16312822902431,-74.16312822902431
1695.5700475406647,-74.16481693884556,-74.16481693884556
1695.5800475406647,-74.16648682875696,-74.16648682875696
1695.5900475406647,-74.16813826535059,-74.16813826535059
1695.6000475406647,-74.169771610158,-74.169771610158
1695.6100475406647,-74.17138721918576,-74.17138721918576
1695.6200475406647,-74.17298544283538,-74.17298544283538
1695.6300475406647,-74.17456662602318,-74.17456662602318
1695.6400475406647,-74.17613110840587,-74.17613110840587
1695.6500475406647,-74.17767922465258,-74.17767922465258
1695.6600475406647,-74.17921130474566,-74.17921130474566
1695.6700475406647,-74.18072767422564,-74.18072767422564
1695.6800475406646,-74.18222865444557,-74.18222865444557
1695.6900475406646,-74.18371456279758,-74.18371456279758
1695.7000475406646,-74.1851857129025,-74.1851857129025
1695.7100475406646,-74.18664241478362,-74.18664241478362
1695.7200475406646,-74.18808497498884,-74.18808497498884
1695.7300475406646,-74.18951369672851,-74.18951369672851
1695.7400475406646,-74.19092887997178,-74.19092887997178
1695.7500475645065,-74.19233082485452,-74.19233082485452
1695.7600475645065,-74.19371981837999,-74.19371981837999
1695.7700475645065,-74.19509615459592,-74.19509615459592
1695.7800475645065,-74.19646012118882,-74.19646012118882
1695.7900475645065,-74.19781200286856,-74.19781200286856
1695.8000475645065,-74.19915208143968,-74.19915208143968
1695.8100475645065,-74.20048063579486,-74.20048063579486
1695.8200475645065,-74.20179794192315,-74.20179794192315
1695.8300475645065,-74.20310427296496,-74.20310427296496
1695.8400475645064,-74.20439989918823,-74.20439989918823
1695.8500475645064,-74.20568508800494,-74.20568508800494
1695.8600475645064,-74.20696010399422,-74.20696010399422
1695.8700475645064,-74.20822520886854,-74.20822520886854
1695.8800475645066,-74.20948066152619,-74.20948066152619
1695.8900475645066,-74.21072671803094,-74.21072671803094
1695.9000475645066,-74.21196363160881,-74.21196363160881
1695.9100475645066,-74.21319165265577,-74.21319165265577
1695.9200475645066,-74.21441102875593,-74.21441102875593
1695.9300475645066,-74.21562200465536,-74.21562200465536
1695.9400475645066,-74.21682482229858,-74.21682482229858
1695.9500475645066,-74.21801972080752,-74.21801972080752
1695.9600475645066,-74.21920693649851,-74.21920693649851
1695.9700475645066,-74.22038670288566,-74.22038670288566
1695.9800475645065,-74.2215592506856,-74.2215592506856
1695.9900475645065,-74.22272480782809,-74.22272480782809
1696.0000475645065,-74.22388359944904,-74.22388359944904
1696.0100475645065,-74.22503584791775,-74.22503584791775
1696.0200475645065,-74.22618177284288,-74.22618177284288
1696.0300475645065,-74.22732159106266,-74.22732159106266
1696.0400475645065,-74.2284555166725,-74.2284555166725
1696.0500475645065,-74.22958376103139,-74.22958376103139
1696.0600475645065,-74.23070653277685,-74.23070653277685
1696.0700475645065,-74.23182403783919,-74.23182403783919
1696.0800475645065,-74.2329364794409,-74.2329364794409
1696.0900475645064,-74.23404405811905,-74.23404405811905
1696.1000475645064,-74.2351469717498,-74.2351469717498
1696.1100475645064,-74.2362454155447,-74.2362454155447
1696.1200475645064,-74.23733958207167,-74.23733958207167
1696.1300475645066,-74.23842966128672,-74.23842966128672
1696.1400475645066,-74.23951584052308,-74.23951584052308
1696.1500475645066,-74.2405983045324,-74.2405983045324
1696.1600475645066,-74.24167723550133,-74.24167723550133
1696.1700475645066,-74.2427528130371,-74.2427528130371
1696.1800475645066,-74.24382521422822,-74.24382521422822
1696.1900475645066,-74.24489461364563,-74.24489461364563
1696.2000475645066,-74.24596118335438,-74.24596118335438
1696.2100475645066,-74.24701861800432,-74.24701861800432
1696.2200475645066,-74.2480642482328,-74.2480642482328
1696.2300475645065,-74.24909685673023,-74.24909685673023
1696.2400475645065,-74.25011589708149,-74.25011589708149
1696.2500475645065,-74.25112119563754,-74.25112119563754
1696.2600475645065,-74.25211279676002,-74.25211279676002
1696.2700475645065,-74.25309087212916,-74.25309087212916
1696.2800475645065,-74.25405566626222,-74.25405566626222
1696.2900475645065,-74.25500746376808,-74.25500746376808
1696.3000475645065,-74.25594656969172,-74.25594656969172
1696.3100475645065,-74.25687329779825,-74.25687329779825
1696.3200475645065,-74.25778796370399,-74.25778796370399
1696.3300475645065,-74.2586908809492,-74.2586908809492
1696.3400475645064,-74.259582358812,-74.259582358812
1696.3500475645064,-74.2604627012481,-74.2604627012481
1696.3600475645064,-74.26133220645293,-74.26133220645293
1696.3700475645064,-74.26219116681435,-74.26219116681435
1696.3800475645066,-74.26303986904782,-74.26303986904782
1696.3900475645066,-74.26387859445688,-74.26387859445688
1696.4000475645066,-74.26470761924818,-74.26470761924818
1696.4100475645066,-74.26552721481025,-74.26552721481025
1696.4200475645066,-74.26633764804778,-74.26633764804778
1696.4300475645066,-74.26713918161298,-74.26713918161298
1696.4400475645066,-74.26793207420957,-74.26793207420957
1696.4500475645066,-74.2687165807507,-74.2687165807507
1696.4600475645066,-74.26949295259274,-74.26949295259274
1696.4700475645066,-74.27026143769308,-74.27026143769308
1696.4800475645065,-74.27102228074568,-74.27102228074568
1696.4900475645065,-74.27177572329995,-74.27177572329995
1696.5000475645065,-74.27252200387694,-74.27252200387694
1696.5100475645065,-74.2732613580521,-74.2732613580521
1696.5200475645065,-74.27399401853768,-74.27399401853768
1696.5300475645065,-74.27472021523548,-74.27472021523548
1696.5400475645065,-74.27544017530371,-74.27544017530371
1696.5500475645065,-74.276154123185,-74.276154123185
1696.5600475645065,-74.27686228067583,-74.27686228067583
1696.5700475645065,-74.27756486693465,-74.27756486693465
1696.5800475645065,-74.27826209851578,-74.27826209851578
1696.5900475645064,-74.27895418940709,-74.27895418940709
1696.6000475883484,-74.27964135267703,-74.27964135267703
1696.6100475883484,-74.28032379393971,-74.28032379393971
1696.6200475883484,-74.28100172122794,-74.28100172122794
1696.6300475883484,-74.28167533842502,-74.28167533842502
1696.6400475883484,-74.28234484694167,-74.28234484694167
1696.6500475883483,-74.28301044570078,-74.28301044570078
1696.6600475883483,-74.28367233116157,-74.28367233116157
1696.6700475883483,-74.28433069735026,-74.28433069735026
1696.6800475883483,-74.28498573584729,-74.28498573584729
1696.6900475883483,-74.2856376358076,-74.2856376358076
1696.7000475883483,-74.28628658398677,-74.28628658398677
1696.7100475883483,-74.28693276471131,-74.28693276471131
1696.7200475883483,-74.2875763599468,-74.2875763599468
1696.7300475883485,-74.28821754925244,-74.28821754925244
1696.7400475883485,-74.28885650984175,-74.28885650984175
1696.7500475883485,-74.28949341655309,-74.28949341655309
1696.7600475883485,-74.29012844188817,-74.29012844188817
1696.7700475883485,-74.29076175601614,-74.29076175601614
1696.7800475883485,-74.2913935267921,-74.2913935267921
1696.7900475883484,-74.29202391976094,-74.29202391976094
1696.8000475883484,-74.29265309817092,-74.29265309817092
1696.8100475883484,-74.29328122300699,-74.29328122300699
1696.8200475883484,-74.2939084529763,-74.2939084529763
1696.8300475883484,-74.29453494453108,-74.29453494453108
1696.8400475883484,-74.2951608519046,-74.2951608519046
1696.8500475883484,-74.2957863271016,-74.2957863271016
1696.8600475883484,-74.29641151992732,-74.29641151992732
1696.8700475883484,-74.29703657799476,-74.29703657799476
1696.8800475883484,-74.29766164673718,-74.29766164673718
1696.8900475883484,-74.29828686945193,-74.29828686945193
1696.9000475883483,-74.29891238727886,-74.29891238727886
1696.9100475883483,-74.29953833924395,-74.29953833924395
1696.9200475883483,-74.30016486226668,-74.30016486226668
1696.9300475883483,-74.30079209118338,-74.30079209118338
1696.9400475883483,-74.30142015875077,-74.30142015875077
1696.9500475883483,-74.30204919568376,-74.30204919568376
1696.9600475883483,-74.30267285207188,-74.30267285207188
1696.9700475883483,-74.30328841761397,-74.30328841761397
1696.9800475883485,-74.30389463573201,-74.30389463573201
1696.9900475883485,-74.30449092167791,-74.30449092167791
1697.0000475883485,-74.30507706419061,-74.30507706419061
1697.0100475883485,-74.30565307058073,-74.30565307058073
1697.0200475883485,-74.30621907591707,-74.30621907591707
1697.0300475883485,-74.30677528850896,-74.30677528850896
1697.0400475883484,-74.30732195709331,-74.30732195709331
1697.0500475883484,-74.30785935116707,-74.30785935116707
1697.0600475883484,-74.30838774927332,-74.30838774927332
1697.0700475883484,-74.30890743211307,-74.30890743211307
1697.0800475883484,-74.30941867859848,-74.30941867859848
1697.0900475883484,-74.30992176368842,-74.30992176368842
1697.1000475883484,-74.31041695734199,-74.31041695734199
1697.1100475883484,-74.31090452405554,-74.31090452405554
1697.1200475883484,-74.31138472282976,-74.31138472282976
1697.1300475883484,-74.31185780731765,-74.31185780731765
1697.1400475883484,-74.31232402606489,-74.31232402606489
1697.1500475883483,-74.31278362285543,-74.31278362285543
1697.1600475883483,-74.31323683698135,-74.31323683698135
1697.1700475883483,-74.31368390355607,-74.31368390355607
1697.1800475883483,-74.31412505379375,-74.31412505379375
1697.1900475883483,-74.31456051526234,-74.31456051526234
1697.2000475883483,-74.3149905120906,-74.3149905120906
1697.2100475883483,-74.3154152651508,-74.3154152651508
1697.2200475883483,-74.31583499226063,-74.31583499226063
1697.2300475883485,-74.31624990829941,-74.31624990829941
1697.2400475883485,-74.31666022533634,-74.31666022533634
1697.2500475883485,-74.31706615271686,-74.31706615271686
1697.2600475883485,-74.31746789717414,-74.31746789717414
1697.2700475883485,-74.31786566290383,-74.31786566290383
1697.2800475883485,-74.31825965160768,-74.31825965160768
1697.2900475883484,-74.31865006255401,-74.31865006255401
1697.3000475883484,-74.31903709263267,-74.31903709263267
1697.3100475883484,-74.31942093638037,-74.31942093638037
1697.3200475883484,-74.31980178601462,-74.31980178601462
1697.3300475883484,-74.32017983147718,-74.32017983147718
1697.3400475883484,-74.32055526041931,-74.32055526041931
1697.3500475883484,-74.32092825826409,-74.32092825826409
1697.3600475883484,-74.32129900819943,-74.32129900819943
1697.3700475883484,-74.32166769119145,-74.32166769119145
1697.3800475883484,-74.32203448600883,-74.32203448600883
1697.3900475883484,-74.32239956922815,-74.32239956922815
1697.4000475883483,-74.32276311524701,-74.32276311524701
1697.4100475883483,-74.32312529629664,-74.32312529629664
1697.4200475883483,-74.32348628243543,-74.32348628243543
1697.4300475883483,-74.32384624157265,-74.32384624157265
1697.4400475883483,-74.32420533947621,-74.32420533947621
1697.4500476121902,-74.32456374063372,-74.32456374063372
1697.4600476121902,-74.32491512506286,-74.32491512506286
1697.4700476121902,-74.32525681630841,-74.32525681630841
1697.4800476121902,-74.32558759110462,-74.32558759110462
1697.4900476121902,-74.32590689814265,-74.32590689814265
1697.5000476121902,-74.32621455953843,-74.32621455953843
1697.5100476121902,-74.32651061591218,-74.32651061591218
1697.5200476121902,-74.32679523549903,-74.32679523549903
1697.5300476121902,-74.32706865958612,-74.32706865958612
1697.5400476121902,-74.32733116968755,-74.32733116968755
1697.5500476121902,-74.32758306786113,-74.32758306786113
1697.5600476121901,-74.32782466497395,-74.32782466497395
1697.5700476121901,-74.3280562738051,-74.3280562738051
1697.5800476121904,-74.32827820508469,-74.32827820508469
1697.5900476121903,-74.32849076535429,-74.32849076535429
1697.6000476121903,-74.32869425587643,-74.32869425587643
1697.6100476121903,-74.3288889721923,-74.3288889721923
1697.6200476121903,-74.32907520406714,-74.32907520406714
1697.6300476121903,-74.32925323564633,-74.32925323564633
1697.6400476121903,-74.329423345717,-74.329423345717
1697.6500476121903,-74.32958580799102,-74.32958580799102
1697.6600476121903,-74.32974089141457,-74.32974089141457
1697.6700476121903,-74.32988886048429,-74.32988886048429
1697.6800476121903,-74.33002997551043,-74.33002997551043
1697.6900476121903,-74.33016449284241,-74.33016449284241
1697.7000476121902,-74.33029266512047,-74.33029266512047
1697.7100476121902,-74.33041474145213,-74.33041474145213
1697.7200476121902,-74.33053096755758,-74.33053096755758
1697.7300476121902,-74.33064158594024,-74.33064158594024
1697.7400476121902,-74.33074683598895,-74.33074683598895
1697.7500476121902,-74.33084695408292,-74.33084695408292
1697.7600476121902,-74.33094217368598,-74.33094217368598
1697.7700476121902,-74.33103272540104,-74.33103272540104
1697.7800476121902,-74.3311188370666,-74.3311188370666
1697.7900476121902,-74.33120073377479,-74.33120073377479
1697.8000476121902,-74.33127863791752,-74.33127863791752
1697.8100476121901,-74.33135276925572,-74.33135276925572
1697.8200476121901,-74.33142334491647,-74.33142334491647
1697.8300476121904,-74.33149057944394,-74.33149057944394
1697.8400476121903,-74.33155468480255,-74.33155468480255
1697.8500476121903,-74.3316158704082,-74.3316158704082
1697.8600476121903,-74.33167434314367,-74.33167434314367
1697.8700476121903,-74.33173030738128,-74.33173030738128
1697.8800476121903,-74.33178396498478,-74.33178396498478
1697.8900476121903,-74.33183551532979,-74.33183551532979
1697.9000476121903,-74.33188515529812,-74.33188515529812
1697.9100476121903,-74.3319330793226,-74.3319330793226
1697.9200476121903,-74.33197947936364,-74.33197947936364
1697.9300476121903,-74.33202454493195,-74.33202454493195
1697.9400476121903,-74.33206846311283,-74.33206846311283
1697.9500476121902,-74.33211141855199,-74.33211141855199
1697.9600476121902,-74.33215359347591,-74.33215359347591
1697.9700476121902,-74.33219516770481,-74.33219516770481
1697.9800476121902,-74.33223631866029,-74.33223631866029
1697.9900476121902,-74.3322772213666,-74.3322772213666
1698.0000476121902,-74.33231804848164,-74.33231804848164
1698.0100476121902,-74.33235897029537,-74.33235897029537
1698.0200476121902,-74.33240015474168,-74.33240015474168
1698.0300476121902,-74.33244176740742,-74.33244176740742
1698.0400476121902,-74.33248397155093,-74.33248397155093
1698.0500476121902,-74.33252692811423,-74.33252692811423
1698.0600476121901,-74.33257079573048,-74.33257079573048
1698.0700476121901,-74.33261573074542,-74.33261573074542
1698.0800476121904,-74.33266188724079,-74.33266188724079
1698.0900476121903,-74.33270941701345,-74.33270941701345
1698.1000476121903,-74.33275846961808,-74.33275846961808
1698.1100476121903,-74.33280919239186,-74.33280919239186
1698.1200476121903,-74.33286173043675,-74.33286173043675
1698.1300476121903,-74.33291622665901,-74.33291622665901
1698.1400476121903,-74.33297282178384,-74.33297282178384
1698.1500476121903,-74.33303165436797,-74.33303165436797
1698.1600476121903,-74.33309286080525,-74.33309286080525
1698.1700476121903,-74.3331565753713,-74.3331565753713
1698.1800476121903,-74.33322293021055,-74.33322293021055
1698.1900476121903,-74.33329205537378,-74.33329205537378
1698.2000476121902,-74.33336407882825,-74.33336407882825
1698.2100476121902,-74.33343912648323,-74.33343912648323
1698.2200476121902,-74.33351732219133,-74.33351732219133
1698.2300476121902,-74.33359878777843,-74.33359878777843
1698.2400476121902,-74.33368364307101,-74.33368364307101
1698.2500476121902,-74.33377200590517,-74.33377200590517
1698.2600476121902,-74.33386399213221,-74.33386399213221
1698.2700476121902,-74.33395971566807,-74.33395971566807
1698.2800476121902,-74.33405928847738,-74.33405928847738
1698.2900476121902,-74.33416282063378,-74.33416282063378
1698.300047636032,-74.33427042054882,-74.33427042054882
1698.310047636032,-74.33438219402046,-74.33438219402046
1698.320047636032,-74.33449824572216,-74.33449824572216
1698.330047636032,-74.33461867825143,-74.33461867825143
1698.340047636032,-74.33474359238745,-74.33474359238745
1698.350047636032,-74.33487308712027,-74.33487308712027
1698.360047636032,-74.33500725965635,-74.33500725965635
1698.370047636032,-74.33514620543448,-74.33514620543448
1698.380047636032,-74.33529001817408,-74.33529001817408
1698.390047636032,-74.33543878985338,-74.33543878985338
1698.400047636032,-74.33559261076658,-74.33559261076658
1698.410047636032,-74.3357515695173,-74.3357515695173
1698.420047636032,-74.33591575305337,-74.33591575305337
1698.4300476360322,-74.33608524668482,-74.33608524668482
1698.4400476360322,-74.33626013408987,-74.33626013408987
1698.4500476360322,-74.33644049733894,-74.33644049733894
1698.4600476360322,-74.33662641693739,-74.33662641693739
1698.4700476360322,-74.33681797180658,-74.33681797180658
1698.4800476360322,-74.33701523933021,-74.33701523933021
1698.4900476360322,-74.33721829536502,-74.33721829536502
1698.5000476360321,-74.33742721425195,-74.33742721425195
1698.5100476360321,-74.3376420688527,-74.3376420688527
1698.5200476360321,-74.33786293054229,-74.33786293054229
1698.5300476360321,-74.33808986925773,-74.33808986925773
1698.540047636032,-74.33832295348574,-74.33832295348574
1698.550047636032,-74.3385622503146,-74.3385622503146
1698.560047636032,-74.33880782541512,-74.33880782541512
1698.570047636032,-74.339059743093,-74.339059743093
1698.580047636032,-74.33931806627703,-74.33931806627703
1698.590047636032,-74.33958285656396,-74.33958285656396
1698.600047636032,-74.33985417420942,-74.33985417420942
1698.610047636032,-74.34013207817335,-74.34013207817335
1698.620047636032,-74.34041662610808,-74.34041662610808
1698.630047636032,-74.34070787439983,-74.34070787439983
1698.640047636032,-74.34100587816434,-74.34100587816434
1698.650047636032,-74.34131069129609,-74.34131069129609
1698.660047636032,-74.34162236643444,-74.34162236643444
1698.670047636032,-74.34194095504168,-74.34194095504168
1698.6800476360322,-74.34226650735734,-74.34226650735734
1698.6900476360322,-74.34259907245992,-74.34259907245992
1698.7000476360322,-74.34293869827265,-74.34293869827265
1698.7100476360322,-74.3432854315595,-74.3432854315595
1698.7200476360322,-74.34363931795812,-74.34363931795812
1698.7300476360322,-74.34400040200232,-74.34400040200232
1698.7400476360322,-74.3443687271196,-74.3443687271196
1698.7500476360321,-74.34474433565363,-74.34474433565363
1698.7600476360321,-74.3451272688882,-74.3451272688882
1698.7700476360321,-74.34551756704309,-74.34551756704309
1698.7800476360321,-74.34591526930912,-74.34591526930912
1698.790047636032,-74.34632041385333,-74.34632041385333
1698.800047636032,-74.34673303782304,-74.34673303782304
1698.810047636032,-74.34715317737673,-74.34715317737673
1698.820047636032,-74.34758086769754,-74.34758086769754
1698.830047636032,-74.34801614299386,-74.34801614299386
1698.840047636032,-74.34845903652062,-74.34845903652062
1698.850047636032,-74.34890958060168,-74.34890958060168
1698.860047636032,-74.34936780662677,-74.34936780662677
1698.870047636032,-74.34983374508019,-74.34983374508019
1698.880047636032,-74.3503074255382,-74.3503074255382
1698.890047636032,-74.35078887669562,-74.35078887669562
1698.900047636032,-74.3512781263716,-74.3512781263716
1698.910047636032,-74.35177520152592,-74.35177520152592
1698.920047636032,-74.35228012827012,-74.35228012827012
1698.9300476360322,-74.35279293188157,-74.35279293188157
1698.9400476360322,-74.35331363680538,-74.35331363680538
1698.9500476360322,-74.35384226668364,-74.35384226668364
1698.9600476360322,-74.35437884435666,-74.35437884435666
1698.9700476360322,-74.35492339187546,-74.35492339187546
1698.9800476360322,-74.35547593051348,-74.35547593051348
1698.9900476360322,-74.35603648078315,-74.35603648078315
1699.0000476360321,-74.35660506244668,-74.35660506244668
1699.0100476360321,-74.35718169451296,-74.35718169451296
1699.0200476360321,-74.35767417290663,-74.35767417290663
1699.0300476360321,-74.35804628933501,-74.35804628933501
1699.040047636032,-74.35828279403134,-74.35828279403134
1699.050047636032,-74.35837742388325,-74.35837742388325
1699.060047636032,-74.35832862237717,-74.35832862237717
1699.070047636032,-74.35813751420989,-74.35813751420989
1699.080047636032,-74.35780676632265,-74.35780676632265
1699.090047636032,-74.35733990200609,-74.35733990200609
1699.100047636032,-74.35674087981238,-74.35674087981238
1699.110047636032,-74.35601383563612,-74.35601383563612
1699.120047636032,-74.35516292697766,-74.35516292697766
1699.130047636032,-74.35419224151694,-74.35419224151694
1699.140047636032,-74.35310574593238,-74.35310574593238
1699.150047659874,-74.35190725695038,-74.35190725695038
1699.160047659874,-74.3506004416338,-74.3506004416338
1699.170047659874,-74.34918880012864,-74.34918880012864
1699.180047659874,-74.34767567947011,-74.34767567947011
1699.190047659874,-74.34606427821456,-74.34606427821456
1699.200047659874,-74.34435765467575,-74.34435765467575
1699.210047659874,-74.34255873577303,-74.34255873577303
1699.220047659874,-74.34067032578986,-74.34067032578986
1699.230047659874,-74.33869511485698,-74.33869511485698
1699.2400476598739,-74.33663568690173,-74.33663568690173
1699.2500476598739,-74.33449452706748,-74.33449452706748
1699.2600476598739,-74.33227402853404,-74.33227402853404
1699.2700476598739,-74.32997649873725,-74.32997649873725
1699.280047659874,-74.32760416512993,-74.32760416512993
1699.290047659874,-74.32515918032364,-74.32515918032364
1699.300047659874,-74.32264362687258,-74.32264362687258
1699.310047659874,-74.32005952161242,-74.32005952161242
1699.320047659874,-74.31740881955223,-74.31740881955223
1699.330047659874,-74.31469341752201,-74.31469341752201
1699.340047659874,-74.31191515744511,-74.31191515744511
1699.350047659874,-74.30907582933924,-74.30907582933924
1699.360047659874,-74.30617717407685,-74.30617717407685
1699.370047659874,-74.30322088594075,-74.30322088594075
1699.380047659874,-74.30020861490708,-74.30020861490708
1699.390047659874,-74.29714196881693,-74.29714196881693
1699.400047659874,-74.29402251531877,-74.29402251531877
1699.410047659874,-74.29085178372533,-74.29085178372533
1699.420047659874,-74.28763126664418,-74.28763126664418
1699.430047659874,-74.28436242156313,-74.28436242156313
1699.440047659874,-74.28104667229202,-74.28104667229202
1699.450047659874,-74.27768541028395,-74.27768541028395
1699.460047659874,-74.27427999588957,-74.27427999588957
1699.470047659874,-74.2708317595043,-74.2708317595043
1699.480047659874,-74.26734200265724,-74.26734200265724
1699.4900476598739,-74.26381199902104,-74.26381199902104
1699.5000476598739,-74.26024299533695,-74.26024299533695
1699.5100476598739,-74.25663621231517,-74.25663621231517
1699.5200476598739,-74.25299284545102,-74.25299284545102
1699.530047659874,-74.2493140658006,-74.2493140658006
1699.540047659874,-74.24560102073991,-74.24560102073991
1699.550047659874,-74.24185483461243,-74.24185483461243
1699.560047659874,-74.23807660942295,-74.23807660942295
1699.570047659874,-74.23426742540933,-74.23426742540933
1699.580047659874,-74.2304283416715,-74.2304283416715
1699.590047659874,-74.22656039669177,-74.22656039669177
1699.600047659874,-74.22266460887514,-74.22266460887514
1699.610047659874,-74.21874197704649,-74.21874197704649
1699.620047659874,-74.21479348092696,-74.21479348092696
1699.630047659874,-74.21082008158957,-74.21082008158957
1699.640047659874,-74.2068227218828,-74.2068227218828
1699.650047659874,-74.20280232687021,-74.20280232687021
1699.660047659874,-74.1987598041997,-74.1987598041997
1699.670047659874,-74.1946960445104,-74.1946960445104
1699.680047659874,-74.19061192179748,-74.19061192179748
1699.690047659874,-74.1865082937427,-74.1865082937427
1699.700047659874,-74.18238600208153,-74.18238600208153
1699.710047659874,-74.178245872914,-74.178245872914
1699.720047659874,-74.17408871702578,-74.17408871702578
1699.730047659874,-74.1699153302077,-74.1699153302077
1699.7400476598739,-74.16572649353087,-74.16572649353087
1699.7500476598739,-74.16152297364259,-74.16152297364259
1699.7600476598739,-74.15730552305146,-74.15730552305146
1699.7700476598739,-74.15307488037956,-74.15307488037956
1699.780047659874,-74.14883177065,-74.14883177065
1699.790047659874,-74.14457690552459,-74.14457690552459
1699.800047659874,-74.14031098354009,-74.14031098354009
1699.810047659874,-74.13603469038296,-74.13603469038296
1699.820047659874,-74.13174869908349,-74.13174869908349
1699.830047659874,-74.12745367028108,-74.12745367028108
1699.840047659874,-74.1231502524251,-74.1231502524251
1699.850047659874,-74.11883908200161,-74.11883908200161
1699.860047659874,-74.11452078373593,-74.11452078373593
1699.870047659874,-74.11019597081403,-74.11019597081403
1699.880047659874,-74.10586524507647,-74.10586524507647
1699.890047659874,-74.10152919722239,-74.10152919722239
1699.900047659874,-74.09718840699844,-74.09718840699844
1699.910047659874,-74.09284344338941,-74.09284344338941
1699.920047659874,-74.08849486480553,-74.08849486480553
1699.930047659874,-74.08414321926323,-74.08414321926323
1699.940047659874,-74.0797890445675,-74.0797890445675
1699.950047659874,-74.07543286847954,-74.07543286847954
1699.960047659874,-74.07107520889775,-74.07107520889775
1699.970047659874,-74.06671657402015,-74.06671657402015
1699.980047659874,-74.06235746249646,-74.06235746249646
1699.9900476598739,-74.05799836361365,-74.05799836361365
1700.0000476837158,-74.05363974705304,-74.05363974705304
1700.0100476837158,-74.0492821045656,-74.0492821045656
1700.0200476837158,-74.04492588791086,-74.04492588791086
1700.0300476837158,-74.04057155041558,-74.04057155041558
1700.0400476837158,-74.03621953681412,-74.03621953681412
1700.0500476837158,-74.03187028335344,-74.03187028335344
1700.0600476837158,-74.02752421798536,-74.02752421798536
1700.0700476837158,-74.02318176044521,-74.02318176044521
1700.0800476837157,-74.0188433224447,-74.0188433224447
1700.0900476837157,-74.01450930776365,-74.01450930776365
1700.1000476837157,-74.0101801124084,-74.0101801124084
1700.1100476837157,-74.00585612473661,-74.00585612473661
1700.1200476837157,-74.00153772556398,-74.00153772556398
1700.130047683716,-73.9972252883233,-73.9972252883233
1700.140047683716,-73.9929191791655,-73.9929191791655
1700.150047683716,-73.98861975706956,-73.98861975706956
1700.160047683716,-73.98432737400046,-73.98432737400046
1700.170047683716,-73.98004237498934,-73.98004237498934
1700.1800476837159,-73.97576509826496,-73.97576509826496
1700.1900476837159,-73.97149587536573,-73.97149587536573
1700.2000476837159,-73.967235031242,-73.967235031242
1700.2100476837159,-73.96298288437835,-73.96298288437835
1700.2200476837158,-73.9587397468924,-73.9587397468924
1700.2300476837158,-73.95450592463996,-73.95450592463996
1700.2400476837158,-73.95028171732709,-73.95028171732709
1700.2500476837158,-73.94606741860045,-73.94606741860045
1700.2600476837158,-73.94186331615512,-73.94186331615512
1700.2700476837158,-73.93766969183297,-73.93766969183297
1700.2800476837158,-73.93348682171539,-73.93348682171539
1700.2900476837158,-73.9293149762347,-73.9293149762347
1700.3000476837158,-73.92515442022608,-73.92515442022608
1700.3100476837158,-73.92100541307367,-73.92100541307367
1700.3200476837158,-73.916868208774,-73.916868208774
1700.3300476837157,-73.91274305601847,-73.91274305601847
1700.3400476837157,-73.90863019829155,-73.90863019829155
1700.3500476837157,-73.90452987396414,-73.90452987396414
1700.3600476837157,-73.9004423163568,-73.9004423163568
1700.3700476837157,-73.89636775384031,-73.89636775384031
1700.380047683716,-73.8923064099215,-73.8923064099215
1700.390047683716,-73.88825850331258,-73.88825850331258
1700.400047683716,-73.8842242480157,-73.8842242480157
1700.410047683716,-73.88020385338912,-73.88020385338912
1700.420047683716,-73.87619752423623,-73.87619752423623
1700.4300476837159,-73.87220546089668,-73.87220546089668
1700.4400476837159,-73.86822785929007,-73.86822785929007
1700.4500476837159,-73.86426491098781,-73.86426491098781
1700.4600476837159,-73.86031680332565,-73.86031680332565
1700.4700476837158,-73.85638371943429,-73.85638371943429
1700.4800476837158,-73.85246583831844,-73.85246583831844
1700.4900476837158,-73.8485633349399,-73.8485633349399
1700.5000476837158,-73.84467638026524,-73.84467638026524
1700.5100476837158,-73.84080514134716,-73.84080514134716
1700.5200476837158,-73.83694978137889,-73.83694978137889
1700.5300476837158,-73.83311045975955,-73.83311045975955
1700.5400476837158,-73.82928733216622,-73.82928733216622
1700.5500476837158,-73.82548055060595,-73.82548055060595
1700.5600476837158,-73.82169026348365,-73.82169026348365
1700.5700476837158,-73.81791661564434,-73.81791661564434
1700.5800476837157,-73.81415974846139,-73.81415974846139
1700.5900476837157,-73.81041979987685,-73.81041979987685
1700.6000476837157,-73.80669690445917,-73.80669690445917
1700.6100476837157,-73.80299119344552,-73.80299119344552
1700.6200476837157,-73.79930279483641,-73.79930279483641
1700.630047683716,-73.7956318334076,-73.7956318334076
1700.640047683716,-73.79197843078711,-73.79197843078711
1700.650047683716,-73.78834270550144,-73.78834270550144
1700.660047683716,-73.7847247730268,-73.7847247730268
1700.670047683716,-73.7811247458346,-73.7811247458346
1700.6800476837159,-73.77754273346346,-73.77754273346346
1700.6900476837159,-73.77397884252859,-73.77397884252859
1700.7000476837159,-73.77043317680703,-73.77043317680703
1700.7100476837159,-73.76690583727493,-73.76690583727493
1700.7200476837158,-73.76339692213847,-73.76339692213847
1700.7300476837158,-73.75990652689701,-73.75990652689701
1700.7400476837158,-73.75643474438772,-73.75643474438772
1700.7500476837158,-73.7529816648202,-73.7529816648202
1700.7600476837158,-73.7495473758154,-73.7495473758154
1700.7700476837158,-73.74613196248326,-73.74613196248326
1700.7800476837158,-73.74273550740936,-73.74273550740936
1700.7900476837158,-73.73935809075381,-73.73935809075381
1700.8000476837158,-73.73599979025443,-73.73599979025443
1700.8100476837158,-73.73266068127607,-73.73266068127607
1700.8200476837158,-73.72934083685304,-73.72934083685304
1700.8300476837157,-73.7260403277272,-73.7260403277272
1700.8400476837157,-73.72275922239675,-73.72275922239675
1700.8500477075577,-73.71949757935487,-73.71949757935487
1700.8600477075577,-73.71625547829606,-73.71625547829606
1700.8700477075577,-73.71303297333581,-73.71303297333581
1700.8800477075577,-73.70983012431816,-73.70983012431816
1700.8900477075576,-73.70664698901336,-73.70664698901336
1700.9000477075576,-73.70348362314739,-73.70348362314739
1700.9100477075576,-73.7003400804682,-73.7003400804682
1700.9200477075576,-73.6972164127245,-73.6972164127245
1700.9300477075576,-73.69411266974814,-73.69411266974814
1700.9400477075576,-73.69102889945218,-73.69102889945218
1700.9500477075576,-73.68796514789062,-73.68796514789062
1700.9600477075576,-73.68492145925869,-73.68492145925869
1700.9700477075576,-73.68189787596553,-73.68189787596553
1700.9800477075578,-73.67889443862157,-73.67889443862157
1700.9900477075578,-73.6759111861017,-73.6759111861017
1701.0000477075578,-73.67294815555186,-73.67294815555186
1701.0100477075578,-73.67000538242567,-73.67000538242567
1701.0200477075578,-73.66708290052401,-73.66708290052401
1701.0300477075577,-73.66418074200539,-73.66418074200539
1701.0400477075577,-73.66129893742149,-73.66129893742149
1701.0500477075577,-73.65843751574985,-73.65843751574985
1701.0600477075577,-73.65559650441071,-73.65559650441071
1701.0700477075577,-73.65277592930423,-73.65277592930423
1701.0800477075577,-73.64997581481666,-73.64997581481666
1701.0900477075577,-73.64719618387682,-73.64719618387682
1701.1000477075577,-73.64443705794277,-73.64443705794277
1701.1100477075577,-73.64169845706496,-73.64169845706496
1701.1200477075577,-73.63898039988433,-73.63898039988433
1701.1300477075577,-73.63628290366164,-73.63628290366164
1701.1400477075576,-73.63360598430968,-73.63360598430968
1701.1500477075576,-73.63094965641038,-73.63094965641038
1701.1600477075576,-73.62831393322443,-73.62831393322443
1701.1700477075576,-73.62569882675375,-73.62569882675375
1701.1800477075576,-73.62310434771007,-73.62310434771007
1701.1900477075576,-73.62053050557195,-73.62053050557195
1701.2000477075576,-73.61797730860309,-73.61797730860309
1701.2100477075576,-73.61543836024498,-73.61543836024498
1701.2200477075576,-73.6129108743075,-73.6129108743075
1701.2300477075578,-73.61039350399881,-73.61039350399881
1701.2400477075578,-73.60788556640773,-73.60788556640773
1701.2500477075578,-73.60538674725443,-73.60538674725443
1701.2600477075578,-73.6028969478469,-73.6028969478469
1701.2700477075578,-73.60041619546756,-73.60041619546756
1701.2800477075577,-73.59794458960897,-73.59794458960897
1701.2900477075577,-73.59548226969206,-73.59548226969206
1701.3000477075577,-73.59302939569714,-73.59302939569714
1701.3100477075577,-73.59058613670798,-73.59058613670798
1701.3200477075577,-73.5881526641417,-73.5881526641417
1701.3300477075577,-73.58572914793908,-73.58572914793908
1701.3400477075577,-73.58331575448246,-73.58331575448246
1701.3500477075577,-73.58091264558196,-73.58091264558196
1701.3600477075577,-73.57851997806975,-73.57851997806975
1701.3700477075577,-73.57613790379075,-73.57613790379075
1701.3800477075577,-73.5737665697969,-73.5737665697969
1701.3900477075576,-73.57140611858273,-73.57140611858273
1701.4000477075576,-73.56905668846746,-73.56905668846746
1701.4100477075576,-73.56671841384632,-73.56671841384632
1701.4200477075576,-73.56439142557308,-73.56439142557308
1701.4300477075576,-73.56207585119415,-73.56207585119415
1701.4400477075576,-73.55977181522934,-73.55977181522934
1701.4500477075576,-73.55747943938627,-73.55747943938627
1701.4600477075576,-73.55519244395558,-73.55519244395558
1701.4700477075576,-73.55290815525109,-73.55290815525109
1701.4800477075578,-73.55062533673521,-73.55062533673521
1701.4900477075578,-73.54834341431959,-73.54834341431959
1701.5000477075578,-73.54606218139924,-73.54606218139924
1701.5100477075578,-73.54378164600325,-73.54378164600325
1701.5200477075578,-73.54150194130696,-73.54150194130696
1701.5300477075577,-73.53922327196464,-73.53922327196464
1701.5400477075577,-73.53694588183812,-73.53694588183812
1701.5500477075577,-73.5346700347192,-73.5346700347192
1701.5600477075577,-73.53239600284869,-73.53239600284869
1701.5700477075577,-73.53012406018475,-73.53012406018475
1701.5800477075577,-73.5278544786194,-73.5278544786194
1701.5900477075577,-73.52558752584557,-73.52558752584557
1701.6000477075577,-73.5233234643814,-73.5233234643814
1701.6100477075577,-73.52106255115244,-73.52106255115244
1701.6200477075577,-73.51880503748737,-73.51880503748737
1701.6300477075577,-73.51655116927269,-73.51655116927269
1701.6400477075576,-73.51430118722038,-73.51430118722038
1701.6500477075576,-73.51205532718917,-73.51205532718917
1701.6600477075576,-73.50981382047286,-73.50981382047286
1701.6700477075576,-73.50757689414276,-73.50757689414276
1701.6800477075576,-73.5053447712838,-73.5053447712838
1701.6900477075576,-73.50311767126095,-73.50311767126095
1701.7000477313995,-73.50089580462868,-73.50089580462868
1701.7100477313995,-73.49867939452145,-73.49867939452145
1701.7200477313995,-73.49646864497784,-73.49646864497784
1701.7300477313995,-73.49426376233458,-73.49426376233458
1701.7400477313995,-73.49206495002616,-73.49206495002616
1701.7500477313995,-73.48987240866124,-73.48987240866124
1701.7600477313995,-73.48768633610992,-73.48768633610992
1701.7700477313995,-73.48550692759126,-73.48550692759126
1701.7800477313995,-73.48333437570851,-73.48333437570851
1701.7900477313995,-73.48116887050587,-73.48116887050587
1701.8000477313994,-73.47901059950536,-73.47901059950536
1701.8100477313994,-73.47685974774686,-73.47685974774686
1701.8200477313994,-73.4747164977796,-73.4747164977796
1701.8300477313996,-73.47258102972796,-73.47258102972796
1701.8400477313996,-73.4704535212929,-73.4704535212929
1701.8500477313996,-73.46833414775814,-73.46833414775814
1701.8600477313996,-73.46622308201329,-73.46622308201329
1701.8700477313996,-73.4641204945487,-73.4641204945487
1701.8800477313996,-73.46202655348544,-73.46202655348544
1701.8900477313996,-73.45994142456662,-73.45994142456662
1701.9000477313996,-73.45786527117316,-73.45786527117316
1701.9100477313996,-73.4557982543204,-73.4557982543204
1701.9200477313996,-73.45374053267733,-73.45374053267733
1701.9300477313996,-73.45169226255918,-73.45169226255918
1701.9400477313995,-73.44965359794452,-73.44965359794452
1701.9500477313995,-73.44762469045878,-73.44762469045878
1701.9600477313995,-73.44559929978473,-73.44559929978473
1701.9700477313995,-73.44357478606473,-73.44357478606473
1701.9800477313995,-73.44154994453793,-73.44154994453793
1701.9900477313995,-73.43952423193409,-73.43952423193409
1702.0000477313995,-73.43749747184866,-73.43749747184866
1702.0100477313995,-73.43546970200008,-73.43546970200008
1702.0200477313995,-73.43344108474655,-73.43344108474655
1702.0300477313995,-73.43141185344221,-73.43141185344221
1702.0400477313995,-73.42938228013281,-73.42938228013281
1702.0500477313994,-73.4273526562802,-73.4273526562802
1702.0600477313994,-73.42532328123083,-73.42532328123083
1702.0700477313994,-73.42329445549801,-73.42329445549801
1702.0800477313996,-73.42126647691927,-73.42126647691927
1702.0900477313996,-73.41923963856833,-73.41923963856833
1702.1000477313996,-73.41721422772567,-73.41721422772567
1702.1100477313996,-73.4151905254952,-73.4151905254952
1702.1200477313996,-73.41316880675947,-73.41316880675947
1702.1300477313996,-73.41114934037417,-73.41114934037417
1702.1400477313996,-73.40913238941356,-73.40913238941356
1702.1500477313996,-73.40711821150997,-73.40711821150997
1702.1600477313996,-73.40510705916195,-73.40510705916195
1702.1700477313996,-73.4030991800519,-73.4030991800519
1702.1800477313996,-73.4010948173308,-73.4010948173308
1702.1900477313995,-73.39909420985646,-73.39909420985646
1702.2000477313995,-73.3970975924447,-73.3970975924447
1702.2100477313995,-73.39510519605352,-73.39510519605352
1702.2200477313995,-73.39311724796485,-73.39311724796485
1702.2300477313995,-73.39113397191895,-73.39113397191895
1702.2400477313995,-73.38915558826751,-73.38915558826751
1702.2500477313995,-73.3871823140656,-73.3871823140656
1702.2600477313995,-73.38521436316493,-73.38521436316493
1702.2700477313995,-73.38325194631085,-73.38325194631085
1702.2800477313995,-73.38129527118788,-73.38129527118788
1702.2900477313995,-73.37934454249786,-73.37934454249786
1702.3000477313994,-73.37739996201428,-73.37739996201428
1702.3100477313994,-73.37546172861009,-73.37546172861009
1702.3200477313994,-73.37353003830557,-73.37353003830557
1702.3300477313996,-73.37160508430446,-73.37160508430446
1702.3400477313996,-73.36968705701325,-73.36968705701325
1702.3500477313996,-73.36777614408432,-73.36777614408432
1702.3600477313996,-73.36587253041765,-73.36587253041765
1702.3700477313996,-73.36397639819225,-73.36397639819225
1702.3800477313996,-73.36208792689578,-73.36208792689578
1702.3900477313996,-73.3602072933385,-73.3602072933385
1702.4000477313996,-73.35833467164984,-73.35833467164984
1702.4100477313996,-73.3564702333148,-73.3564702333148
1702.4200477313996,-73.35461414719025,-73.35461414719025
1702.4300477313996,-73.35276657951144,-73.35276657951144
1702.4400477313995,-73.35092769391252,-73.35092769391252
1702.4500477313995,-73.34909765144792,-73.34909765144792
1702.4600477313995,-73.34727661058247,-73.34727661058247
1702.4700477313995,-73.3454647272216,-73.3454647272216
1702.4800477313995,-73.34366215473435,-73.34366215473435
1702.4900477313995,-73.34186904397042,-73.34186904397042
1702.5000477313995,-73.34008554325158,-73.34008554325158
1702.5100477313995,-73.3383117984068,-73.3383117984068
1702.5200477313995,-73.3365479527902,-73.3365479527902
1702.5300477313995,-73.33479414728123,-73.33479414728123
1702.5400477313995,-73.33305052031483,-73.33305052031483
1702.5500477552414,-73.33131720377236,-73.33131720377236
1702.5600477552414,-73.32959433952645,-73.32959433952645
1702.5700477552414,-73.32788205459212,-73.32788205459212
1702.5800477552414,-73.32618047779354,-73.32618047779354
1702.5900477552414,-73.32448973557774,-73.32448973557774
1702.6000477552413,-73.32280995205348,-73.32280995205348
1702.6100477552413,-73.32114124900697,-73.32114124900697
1702.6200477552413,-73.31948374592288,-73.31948374592288
1702.6300477552413,-73.31783755999523,-73.31783755999523
1702.6400477552413,-73.31620280614544,-73.31620280614544
1702.6500477552413,-73.31457959706312,-73.31457959706312
1702.6600477552413,-73.31296804320903,-73.31296804320903
1702.6700477552413,-73.31136825282614,-73.31136825282614
1702.6800477552415,-73.30978033199088,-73.30978033199088
1702.6900477552415,-73.3082043845972,-73.3082043845972
1702.7000477552415,-73.306640512411,-73.306640512411
1702.7100477552415,-73.30508881507335,-73.30508881507335
1702.7200477552415,-73.30354939011427,-73.30354939011427
1702.7300477552415,-73.30202233299795,-73.30202233299795
1702.7400477552414,-73.30050773711777,-73.30050773711777
1702.7500477552414,-73.2990056938378,-73.2990056938378
1702.7600477552414,-73.29751629250111,-73.29751629250111
1702.7700477552414,-73.29603962046538,-73.29603962046538
1702.7800477552414,-73.294575763111,-73.294575763111
1702.7900477552414,-73.29312480386653,-73.29312480386653
1702.8000477552414,-73.2916868242373,-73.2916868242373
1702.8100477552414,-73.2902619038175,-73.2902619038175
1702.8200477552414,-73.2888501203141,-73.2888501203141
1702.8300477552414,-73.28745154958162,-73.28745154958162
1702.8400477552414,-73.28606626562112,-73.28606626562112
1702.8500477552413,-73.2846943406241,-73.2846943406241
1702.8600477552413,-73.28333584497713,-73.28333584497713
1702.8700477552413,-73.2819908472909,-73.2819908472909
1702.8800477552413,-73.28065941442728,-73.28065941442728
1702.8900477552413,-73.27934161151394,-73.27934161151394
1702.9000477552413,-73.27803750196166,-73.27803750196166
1702.9100477552413,-73.27674714749207,-73.27674714749207
1702.9200477552413,-73.27547060815964,-73.27547060815964
1702.9300477552415,-73.27420794237683,-73.27420794237683
1702.9400477552415,-73.27295920692174,-73.27295920692174
1702.9500477552415,-73.27172445696687,-73.27172445696687
1702.9600477552415,-73.27050374610917,-73.27050374610917
1702.9700477552415,-73.26929712636573,-73.26929712636573
1702.9800477552415,-73.26810464822202,-73.26810464822202
1702.9900477552414,-73.26692636064648,-73.26692636064648
1703.0000477552414,-73.26576231109377,-73.26576231109377
1703.0100477552414,-73.2646125455405,-73.2646125455405
1703.0200477552414,-73.2634771085,-73.2634771085
1703.0300477552414,-73.26235604304361,-73.26235604304361
1703.0400477552414,-73.26124939081993,-73.26124939081993
1703.0500477552414,-73.26015719207867,-73.26015719207867
1703.0600477552414,-73.2590794856824,-73.2590794856824
1703.0700477552414,-73.25801630912785,-73.25801630912785
1703.0800477552414,-73.25696769857356,-73.25696769857356
1703.0900477552414,-73.25593368884459,-73.25593368884459
1703.1000477552413,-73.25491431346394,-73.25491431346394
1703.1100477552413,-73.25390960466693,-73.25390960466693
1703.1200477552413,-73.252919593422,-73.252919593422
1703.1300477552413,-73.25194430943637,-73.25194430943637
1703.1400477552413,-73.25098378118854,-73.25098378118854
1703.1500477552413,-73.25003803594167,-73.25003803594167
1703.1600477552413,-73.24910709976389,-73.24910709976389
1703.1700477552413,-73.24819099753813,-73.24819099753813
1703.1800477552415,-73.24728975298473,-73.24728975298473
1703.1900477552415,-73.24640338868898,-73.24640338868898
1703.2000477552415,-73.24553192608991,-73.24553192608991
1703.2100477552415,-73.24467538553726,-73.24467538553726
1703.2200477552415,-73.24383378625684,-73.24383378625684
1703.2300477552415,-73.24300714642376,-73.24300714642376
1703.2400477552414,-73.24219548313138,-73.24219548313138
1703.2500477552414,-73.24139881244199,-73.24139881244199
1703.2600477552414,-73.24061714937316,-73.24061714937316
1703.2700477552414,-73.23985050794629,-73.23985050794629
1703.2800477552414,-73.2390989011652,-73.2390989011652
1703.2900477552414,-73.23836234105283,-73.23836234105283
1703.3000477552414,-73.23764083868362,-73.23764083868362
1703.3100477552414,-73.23693440415599,-73.23693440415599
1703.3200477552414,-73.23624304664477,-73.23624304664477
1703.3300477552414,-73.23556677439164,-73.23556677439164
1703.3400477552414,-73.23490559473915,-73.23490559473915
1703.3500477552413,-73.23425951411869,-73.23425951411869
1703.3600477552413,-73.23362853809884,-73.23362853809884
1703.3700477552413,-73.23301267137906,-73.23301267137906
1703.3800477552413,-73.2324119177927,-73.2324119177927
1703.3900477552413,-73.23182628034738,-73.23182628034738
1703.4000477790833,-73.23125575986104,-73.23125575986104
1703.4100477790832,-73.23070036047784,-73.23070036047784
1703.4200477790832,-73.23016008133511,-73.23016008133511
1703.4300477790832,-73.2296349222121,-73.2296349222121
1703.4400477790832,-73.2291248821231,-73.2291248821231
1703.4500477790832,-73.22862995931538,-73.22862995931538
1703.4600477790832,-73.22815015128545,-73.22815015128545
1703.4700477790832,-73.22768545479371,-73.22768545479371
1703.4800477790832,-73.22723586587787,-73.22723586587787
1703.4900477790832,-73.22680137986777,-73.22680137986777
1703.5000477790832,-73.22638199137876,-73.22638199137876
1703.5100477790832,-73.22597769435066,-73.22597769435066
1703.5200477790831,-73.22558848204956,-73.22558848204956
1703.5300477790834,-73.22521434706157,-73.22521434706157
1703.5400477790834,-73.22485528132728,-73.22485528132728
1703.5500477790833,-73.22451127614252,-73.22451127614252
1703.5600477790833,-73.22418232217532,-73.22418232217532
1703.5700477790833,-73.22386840946578,-73.22386840946578
1703.5800477790833,-73.22356952743598,-73.22356952743598
1703.5900477790833,-73.22328566492038,-73.22328566492038
1703.6000477790833,-73.22301681015993,-73.22301681015993
1703.6100477790833,-73.22276295081346,-73.22276295081346
1703.6200477790833,-73.2225240739629,-73.2225240739629
1703.6300477790833,-73.222300166148,-73.222300166148
1703.6400477790833,-73.22209121334163,-73.22209121334163
1703.6500477790833,-73.22189720097683,-73.22189720097683
1703.6600477790832,-73.22171811396214,-73.22171811396214
1703.6700477790832,-73.22155393667931,-73.22155393667931
1703.6800477790832,-73.22140465299323,-73.22140465299323
1703.6900477790832,-73.22127024628209,-73.22127024628209
1703.7000477790832,-73.22115069941582,-73.22115069941582
1703.7100477790832,-73.22104599476866,-73.22104599476866
1703.7200477790832,-73.2209561142599,-73.2209561142599
1703.7300477790832,-73.22088103932452,-73.22088103932452
1703.7400477790832,-73.22082075094066,-73.22082075094066
1703.7500477790832,-73.22077522963812,-73.22077522963812
1703.7600477790832,-73.22074445549994,-73.22074445549994
1703.7700477790831,-73.2207284081712,-73.2207284081712
1703.7800477790834,-73.22072706688208,-73.22072706688208
1703.7900477790834,-73.22074041042255,-73.22074041042255
1703.8000477790833,-73.22076841718761,-73.22076841718761
1703.8100477790833,-73.22081106515674,-73.22081106515674
1703.8200477790833,-73.22086833192147,-73.22086833192147
1703.8300477790833,-73.22094019466871,-73.22094019466871
1703.8400477790833,-73.22102663023436,-73.22102663023436
1703.8500477790833,-73.22112761505004,-73.22112761505004
1703.8600477790833,-73.22124312518947,-73.22124312518947
1703.8700477790833,-73.22137313636827,-73.22137313636827
1703.8800477790833,-73.22151762394527,-73.22151762394527
1703.8900477790833,-73.22167656292876,-73.22167656292876
1703.9000477790833,-73.22184992799848,-73.22184992799848
1703.9100477790832,-73.22203769348886,-73.22203769348886
1703.9200477790832,-73.22223983341364,-73.22223983341364
1703.9300477790832,-73.2224563214671,-73.2224563214671
1703.9400477790832,-73.22268713102287,-73.22268713102287
1703.9500477790832,-73.22293223514826,-73.22293223514826
1703.9600477790832,-73.22319160661499,-73.22319160661499
1703.9700477790832,-73.22346521788712,-73.22346521788712
1703.9800477790832,-73.22375304115234,-73.22375304115234
1703.9900477790832,-73.22405504830856,-73.22405504830856
1704.0000477790832,-73.22437121096861,-73.22437121096861
1704.0100477790832,-73.22470150048143,-73.22470150048143
1704.0200477790831,-73.22504588792553,-73.22504588792553
1704.0300477790834,-73.22540434411664,-73.22540434411664
1704.0400477790834,-73.22577683962948,-73.22577683962948
1704.0500477790833,-73.2261633447598,-73.2261633447598
1704.0600477790833,-73.22656382958841,-73.22656382958841
1704.0700477790833,-73.22697826393028,-73.22697826393028
1704.0800477790833,-73.22740661738389,-73.22740661738389
1704.0900477790833,-73.22784885931195,-73.22784885931195
1704.1000477790833,-73.22830495884746,-73.22830495884746
1704.1100477790833,-73.22877488490845,-73.22877488490845
1704.1200477790833,-73.22925860619553,-73.22925860619553
1704.1300477790833,-73.2297560912036,-73.2297560912036
1704.1400477790833,-73.23026730821897,-73.23026730821897
1704.1500477790833,-73.23079222532981,-73.23079222532981
1704.1600477790832,-73.23133081042396,-73.23133081042396
1704.1700477790832,-73.23188303118962,-73.23188303118962
1704.1800477790832,-73.23244885514853,-73.23244885514853
1704.1900477790832,-73.23302824962501,-73.23302824962501
1704.2000477790832,-73.2336211817691,-73.2336211817691
1704.2100477790832,-73.2342276185473,-73.2342276185473
1704.2200477790832,-73.23484752676414,-73.23484752676414
1704.2300477790832,-73.23548087306227,-73.23548087306227
1704.2400477790832,-73.23612762392065,-73.23612762392065
1704.250047802925,-73.23678774721922,-73.23678774721922
1704.260047802925,-73.23746120603819,-73.23746120603819
1704.270047802925,-73.23814796788193,-73.23814796788193
1704.280047802925,-73.23884799863302,-73.23884799863302
1704.290047802925,-73.23956126402153,-73.23956126402153
1704.300047802925,-73.24028772962507,-73.24028772962507
1704.310047802925,-73.24102736089193,-73.24102736089193
1704.320047802925,-73.24178012314302,-73.24178012314302
1704.330047802925,-73.24254598156882,-73.24254598156882
1704.340047802925,-73.2433249012285,-73.2433249012285
1704.350047802925,-73.24411684705895,-73.24411684705895
1704.360047802925,-73.24492178389579,-73.24492178389579
1704.370047802925,-73.24573967643877,-73.24573967643877
1704.3800478029252,-73.24657048928975,-73.24657048928975
1704.3900478029252,-73.24741418694202,-73.24741418694202
1704.4000478029252,-73.24827073377236,-73.24827073377236
1704.4100478029252,-73.24914009406866,-73.24914009406866
1704.4200478029252,-73.2500222320161,-73.2500222320161
1704.4300478029252,-73.25091711169635,-73.25091711169635
1704.4400478029252,-73.25182469710731,-73.25182469710731
1704.4500478029252,-73.25274495215551,-73.25274495215551
1704.4600478029251,-73.25367784066749,-73.25367784066749
1704.4700478029251,-73.25462332636555,-73.25462332636555
1704.4800478029251,-73.25558137291085,-73.25558137291085
1704.4900478029251,-73.25655194387184,-73.25655194387184
1704.500047802925,-73.25753500275638,-73.25753500275638
1704.510047802925,-73.25853051298374,-73.25853051298374
1704.520047802925,-73.25953843790964,-73.25953843790964
1704.530047802925,-73.26055874083414,-73.26055874083414
1704.540047802925,-73.26159138496347,-73.26159138496347
1704.550047802925,-73.262636333464,-73.262636333464
1704.560047802925,-73.26369354943901,-73.26369354943901
1704.570047802925,-73.26476299592996,-73.26476299592996
1704.580047802925,-73.26584463592228,-73.26584463592228
1704.590047802925,-73.2669384323564,-73.2669384323564
1704.600047802925,-73.26804434810762,-73.26804434810762
1704.610047802925,-73.26916234601741,-73.26916234601741
1704.620047802925,-73.27029238887074,-73.27029238887074
1704.6300478029252,-73.2714344394118,-73.2714344394118
1704.6400478029252,-73.27258846035409,-73.27258846035409
1704.6500478029252,-73.27375441435771,-73.27375441435771
1704.6600478029252,-73.27493226404697,-73.27493226404697
1704.6700478029252,-73.27612197202478,-73.27612197202478
1704.6800478029252,-73.27732350083352,-73.27732350083352
1704.6900478029252,-73.27853681302025,-73.27853681302025
1704.7000478029252,-73.27976187106908,-73.27976187106908
1704.7100478029251,-73.28099225097925,-73.28099225097925
1704.7200478029251,-73.28222512152644,-73.28222512152644
1704.7300478029251,-73.28345908654633,-73.28345908654633
1704.7400478029251,-73.28469341349482,-73.28469341349482
1704.750047802925,-73.28592773930903,-73.28592773930903
1704.760047802925,-73.2871619177626,-73.2871619177626
1704.770047802925,-73.2883959300458,-73.2883959300458
1704.780047802925,-73.28962983107628,-73.28962983107628
1704.790047802925,-73.29086371717817,-73.29086371717817
1704.800047802925,-73.29209770677298,-73.29209770677298
1704.810047802925,-73.2933319288093,-73.2933319288093
1704.820047802925,-73.29456651599166,-73.29456651599166
1704.830047802925,-73.29580160091656,-73.29580160091656
1704.840047802925,-73.2970373139383,-73.2970373139383
1704.850047802925,-73.29827378211303,-73.29827378211303
1704.860047802925,-73.29951112877484,-73.29951112877484
1704.870047802925,-73.30074947347796,-73.30074947347796
1704.8800478029252,-73.30198893211653,-73.30198893211653
1704.8900478029252,-73.30322961721235,-73.30322961721235
1704.9000478029252,-73.30447163816278,-73.30447163816278
1704.9100478029252,-73.30571510155511,-73.30571510155511
1704.9200478029252,-73.30696011145073,-73.30696011145073
1704.9300478029252,-73.30820676964166,-73.30820676964166
1704.9400478029252,-73.30945517588657,-73.30945517588657
1704.9500478029252,-73.31070542810403,-73.31070542810403
1704.9600478029251,-73.31195123309345,-73.31195123309345
1704.9700478029251,-73.31318989035977,-73.31318989035977
1704.9800478029251,-73.3144201337656,-73.3144201337656
1704.9900478029251,-73.3156413599157,-73.3156413599157
1705.000047802925,-73.31685333396537,-73.31685333396537
1705.010047802925,-73.31805603697521,-73.31805603697521
1705.020047802925,-73.31924957653433,-73.31924957653433
1705.030047802925,-73.32043413304324,-73.32043413304324
1705.040047802925,-73.32160992747198,-73.32160992747198
1705.050047802925,-73.3227772020038,-73.3227772020038
1705.060047802925,-73.32393620852106,-73.32393620852106
1705.070047802925,-73.32508720182939,-73.32508720182939
1705.080047802925,-73.32623043579504,-73.32623043579504
1705.090047802925,-73.32736616120046,-73.32736616120046
1705.100047826767,-73.32849462739915,-73.32849462739915
1705.110047826767,-73.32961607108473,-73.32961607108473
1705.120047826767,-73.33073073243992,-73.33073073243992
1705.130047826767,-73.33183884443872,-73.33183884443872
1705.140047826767,-73.33294063579945,-73.33294063579945
1705.150047826767,-73.33403633126578,-73.33403633126578
1705.160047826767,-73.33512615188805,-73.33512615188805
1705.170047826767,-73.33621031531429,-73.33621031531429
1705.180047826767,-73.33728903602164,-73.33728903602164
1705.1900478267669,-73.33836252553337,-73.33836252553337
1705.2000478267669,-73.33943099262396,-73.33943099262396
1705.2100478267669,-73.34049464350929,-73.34049464350929
1705.2200478267669,-73.34155368193274,-73.34155368193274
1705.230047826767,-73.34260830932955,-73.34260830932955
1705.240047826767,-73.3436587248995,-73.3436587248995
1705.250047826767,-73.34470512569608,-73.34470512569608
1705.260047826767,-73.34574770670021,-73.34574770670021
1705.270047826767,-73.3467866608468,-73.3467866608468
1705.280047826767,-73.34782217910166,-73.34782217910166
1705.290047826767,-73.34885445045467,-73.34885445045467
1705.300047826767,-73.34988366197868,-73.34988366197868
1705.310047826767,-73.35090999881722,-73.35090999881722
1705.320047826767,-73.35193364422008,-73.35193364422008
1705.330047826767,-73.35295477954377,-73.35295477954377
1705.340047826767,-73.35397358426334,-73.35397358426334
1705.350047826767,-73.35499023595045,-73.35499023595045
1705.360047826767,-73.35600491031113,-73.35600491031113
1705.370047826767,-73.357017781148,-73.357017781148
1705.380047826767,-73.35802902038418,-73.35802902038418
1705.390047826767,-73.35903879805474,-73.35903879805474
1705.400047826767,-73.36004728228853,-73.36004728228853
1705.410047826767,-73.3610546393162,-73.3610546393162
1705.420047826767,-73.3620610334723,-73.3620610334723
1705.430047826767,-73.3630666271695,-73.3630666271695
1705.4400478267669,-73.36407158091147,-73.36407158091147
1705.4500478267669,-73.36507605329611,-73.36507605329611
1705.4600478267669,-73.36607380720662,-73.36607380720662
1705.4700478267669,-73.36706220032413,-73.36706220032413
1705.480047826767,-73.36804002524343,-73.36804002524343
1705.490047826767,-73.36900673721553,-73.36900673721553
1705.500047826767,-73.36996215965424,-73.36996215965424
1705.510047826767,-73.37090633130677,-73.37090633130677
1705.520047826767,-73.37183941668701,-73.37183941668701
1705.530047826767,-73.37276165231653,-73.37276165231653
1705.540047826767,-73.37367331437851,-73.37367331437851
1705.550047826767,-73.37457469933364,-73.37457469933364
1705.560047826767,-73.37546611235067,-73.37546611235067
1705.570047826767,-73.37634786052328,-73.37634786052328
1705.580047826767,-73.37722024899101,-73.37722024899101
1705.590047826767,-73.37808357880088,-73.37808357880088
1705.600047826767,-73.37893814583961,-73.37893814583961
1705.610047826767,-73.37978424041465,-73.37978424041465
1705.620047826767,-73.38062214719538,-73.38062214719538
1705.630047826767,-73.38145214534322,-73.38145214534322
1705.640047826767,-73.38227450878604,-73.38227450878604
1705.650047826767,-73.38308950647735,-73.38308950647735
1705.660047826767,-73.38389740272568,-73.38389740272568
1705.670047826767,-73.38469845747147,-73.38469845747147
1705.680047826767,-73.38549292654277,-73.38549292654277
1705.6900478267669,-73.38628106193106,-73.38628106193106
1705.7000478267669,-73.3870631119433,-73.3870631119433
1705.7100478267669,-73.38783932144726,-73.38783932144726
1705.7200478267669,-73.38860993197781,-73.38860993197781
1705.730047826767,-73.38937518191359,-73.38937518191359
1705.740047826767,-73.39013530656591,-73.39013530656591
1705.750047826767,-73.39089053830027,-73.39089053830027
1705.760047826767,-73.39164110658827,-73.39164110658827
1705.770047826767,-73.39238723810837,-73.39238723810837
1705.780047826767,-73.39312915678771,-73.39312915678771
1705.790047826767,-73.39386708385157,-73.39386708385157
1705.800047826767,-73.39460123787312,-73.39460123787312
1705.810047826767,-73.39533183479925,-73.39533183479925
1705.820047826767,-73.39605908799531,-73.39605908799531
1705.830047826767,-73.39678320824306,-73.39678320824306
1705.840047826767,-73.39750440379,-73.39750440379
1705.850047826767,-73.39822288036095,-73.39822288036095
1705.860047826767,-73.39893884116299,-73.39893884116299
1705.870047826767,-73.399652486902,-73.399652486902
1705.880047826767,-73.40036401580353,-73.40036401580353
1705.890047826767,-73.40107362361046,-73.40107362361046
1705.900047826767,-73.4017815036176,-73.4017815036176
1705.910047826767,-73.40248784666618,-73.40248784666618
1705.920047826767,-73.40319284112967,-73.40319284112967
1705.930047826767,-73.40389667297472,-73.40389667297472
1705.9400478267669,-73.40459952571885,-73.40459952571885
1705.9500478506088,-73.4053015821601,-73.4053015821601
1705.9600478506088,-73.40600301765674,-73.40600301765674
1705.9700478506088,-73.40670401017609,-73.40670401017609
1705.9800478506088,-73.40740473363032,-73.40740473363032
1705.9900478506088,-73.40810535956807,-73.40810535956807
1706.0000478506088,-73.40880605715581,-73.40880605715581
1706.0100478506088,-73.4095069932087,-73.4095069932087
1706.0200478506088,-73.41020833218944,-73.41020833218944
1706.0300478506088,-73.41091023623454,-73.41091023623454
1706.0400478506087,-73.41161286514894,-73.41161286514894
1706.0500478506087,-73.41231637643479,-73.41231637643479
1706.0600478506087,-73.41302092530495,-73.41302092530495
1706.0700478506087,-73.41372666467093,-73.41372666467093
1706.080047850609,-73.41443374518494,-73.41443374518494
1706.090047850609,-73.4151423152445,-73.4151423152445
1706.100047850609,-73.41585252100148,-73.41585252100148
1706.110047850609,-73.41656450637842,-73.41656450637842
1706.120047850609,-73.41727841310245,-73.41727841310245
1706.130047850609,-73.41799438068847,-73.41799438068847
1706.1400478506089,-73.41871254649209,-73.41871254649209
1706.1500478506089,-73.41943304569476,-73.41943304569476
1706.1600478506089,-73.42015601133069,-73.42015601133069
1706.1700478506089,-73.42088157430787,-73.42088157430787
1706.1800478506088,-73.42160986343525,-73.42160986343525
1706.1900478506088,-73.4223410054124,-73.4223410054124
1706.2000478506088,-73.4230751248702,-73.4230751248702
1706.2100478506088,-73.42380594595875,-73.42380594595875
1706.2200478506088,-73.42453079033133,-73.42453079033133
1706.2300478506088,-73.42524841573227,-73.42524841573227
1706.2400478506088,-73.42595824315262,-73.42595824315262
1706.2500478506088,-73.42666006208067,-73.42666006208067
1706.2600478506088,-73.42735387755049,-73.42735387755049
1706.2700478506088,-73.42803982045483,-73.42803982045483
1706.2800478506088,-73.42871809373501,-73.42871809373501
1706.2900478506087,-73.42938894001799,-73.42938894001799
1706.3000478506087,-73.43005262219432,-73.43005262219432
1706.3100478506087,-73.43070941188101,-73.43070941188101
1706.3200478506087,-73.43135958263524,-73.43135958263524
1706.330047850609,-73.43200340606721,-73.43200340606721
1706.340047850609,-73.43264114971923,-73.43264114971923
1706.350047850609,-73.43327307604017,-73.43327307604017
1706.360047850609,-73.43389944194894,-73.43389944194894
1706.370047850609,-73.43452049879927,-73.43452049879927
1706.380047850609,-73.4351364925462,-73.4351364925462
1706.3900478506089,-73.43574766400243,-73.43574766400243
1706.4000478506089,-73.43635424912284,-73.43635424912284
1706.4100478506089,-73.43695647935743,-73.43695647935743
1706.4200478506089,-73.43755458193398,-73.43755458193398
1706.4300478506088,-73.43814878012763,-73.43814878012763
1706.4400478506088,-73.43873929352213,-73.43873929352213
1706.4500478506088,-73.439326338235,-73.439326338235
1706.4600478506088,-73.43991012708678,-73.43991012708678
1706.4700478506088,-73.44049086979147,-73.44049086979147
1706.4800478506088,-73.44106877310598,-73.44106877310598
1706.4900478506088,-73.44164404093162,-73.44164404093162
1706.5000478506088,-73.4422168744323,-73.4422168744323
1706.5100478506088,-73.44278747212694,-73.44278747212694
1706.5200478506088,-73.44335602995108,-73.44335602995108
1706.5300478506088,-73.44392274133497,-73.44392274133497
1706.5400478506087,-73.44448779725596,-73.44448779725596
1706.5500478506087,-73.44505138628678,-73.44505138628678
1706.5600478506087,-73.44561369462197,-73.44561369462197
1706.5700478506087,-73.4461749061373,-73.4461749061373
1706.580047850609,-73.44673520238882,-73.44673520238882
1706.590047850609,-73.4472947626521,-73.4472947626521
1706.600047850609,-73.44785376395177,-73.44785376395177
1706.610047850609,-73.44841238105808,-73.44841238105808
1706.620047850609,-73.44897078652454,-73.44897078652454
1706.630047850609,-73.44952915069973,-73.44952915069973
1706.6400478506089,-73.4500876417178,-73.4500876417178
1706.6500478506089,-73.45064642554753,-73.45064642554753
1706.6600478506089,-73.45120566596594,-73.45120566596594
1706.6700478506089,-73.45176552459749,-73.45176552459749
1706.6800478506088,-73.45232616090306,-73.45232616090306
1706.6900478506088,-73.45288773221239,-73.45288773221239
1706.7000478506088,-73.45345039370571,-73.45345039370571
1706.7100478506088,-73.45401429845118,-73.45401429845118
1706.7200478506088,-73.45457959739075,-73.45457959739075
1706.7300478506088,-73.45514643936392,-73.45514643936392
1706.7400478506088,-73.45571497112547,-73.45571497112547
1706.7500478506088,-73.4562853373278,-73.4562853373278
1706.7600478506088,-73.45685768055824,-73.45685768055824
1706.7700478506088,-73.45743214132769,-73.45743214132769
1706.7800478506088,-73.45800885810776,-73.45800885810776
1706.7900478506087,-73.45858796731265,-73.45858796731265
1706.8000478744507,-73.4591696047255,-73.4591696047255
1706.8100478744507,-73.45975389995918,-73.45975389995918
1706.8200478744507,-73.46034098472758,-73.46034098472758
1706.8300478744507,-73.46093098740931,-73.46093098740931
1706.8400478744506,-73.46152403438967,-73.46152403438967
1706.8500478744506,-73.46212025008771,-73.46212025008771
1706.8600478744506,-73.46271975695218,-73.46271975695218
1706.8700478744506,-73.46332267550433,-73.46332267550433
1706.8800478744506,-73.46392912433483,-73.46392912433483
1706.8900478744506,-73.46453922011317,-73.46453922011317
1706.9000478744506,-73.46515307761535,-73.46515307761535
1706.9100478744506,-73.46577080973145,-73.46577080973145
1706.9200478744506,-73.46639252748206,-73.46639252748206
1706.9300478744508,-73.46701834003227,-73.46701834003227
1706.9400478744508,-73.46764835471645,-73.46764835471645
1706.9500478744508,-73.46828267703427,-73.46828267703427
1706.9600478744508,-73.4689150082917,-73.4689150082917
1706.9700478744508,-73.46954264982352,-73.46954264982352
1706.9800478744507,-73.47016434032909,-73.47016434032909
1706.9900478744507,-73.4707794825648,-73.4707794825648
1707.0000478744507,-73.47138784835396,-73.47138784835396
1707.0100478744507,-73.47198942548485,-73.47198942548485
1707.0200478744507,-73.47258432796673,-73.47258432796673
1707.0300478744507,-73.4731727421453,-73.4731727421453
1707.0400478744507,-73.47375489427527,-73.47375489427527
1707.0500478744507,-73.47433103110302,-73.47433103110302
1707.0600478744507,-73.4749014083106,-73.4749014083106
1707.0700478744507,-73.47546628369228,-73.47546628369228
1707.0800478744507,-73.47602591328088,-73.47602591328088
1707.0900478744506,-73.4765805492333,-73.4765805492333
1707.1000478744506,-73.47713043878781,-73.47713043878781
1707.1100478744506,-73.4776758238191,-73.4776758238191
1707.1200478744506,-73.47821694083235,-73.47821694083235
1707.1300478744506,-73.47875402109058,-73.47875402109058
1707.1400478744506,-73.4792872908953,-73.4792872908953
1707.1500478744506,-73.47981697189479,-73.47981697189479
1707.1600478744506,-73.48034328137793,-73.48034328137793
1707.1700478744506,-73.48086643258465,-73.48086643258465
1707.1800478744508,-73.48138663500377,-73.48138663500377
1707.1900478744508,-73.48190409458728,-73.48190409458728
1707.2000478744508,-73.4824190139904,-73.4824190139904
1707.2100478744508,-73.48292518945057,-73.48292518945057
1707.2200478744508,-73.48342001684696,-73.48342001684696
1707.2300478744507,-73.48390232873811,-73.48390232873811
1707.2400478744507,-73.48437162099879,-73.48437162099879
1707.2500478744507,-73.48482775788138,-73.48482775788138
1707.2600478744507,-73.48527081891523,-73.48527081891523
1707.2700478744507,-73.48570100920708,-73.48570100920708
1707.2800478744507,-73.48611860557642,-73.48611860557642
1707.2900478744507,-73.48652392416354,-73.48652392416354
1707.3000478744507,-73.48691730102904,-73.48691730102904
1707.3100478744507,-73.48729908060045,-73.48729908060045
1707.3200478744507,-73.4876696088779,-73.4876696088779
1707.3300478744507,-73.48802922956637,-73.48802922956637
1707.3400478744506,-73.48837828193902,-73.48837828193902
1707.3500478744506,-73.48871709982696,-73.48871709982696
1707.3600478744506,-73.48904601116695,-73.48904601116695
1707.3700478744506,-73.48936533797854,-73.48936533797854
1707.3800478744506,-73.48967539649792,-73.48967539649792
1707.3900478744506,-73.48997649744531,-73.48997649744531
1707.4000478744506,-73.49026894631967,-73.49026894631967
1707.4100478744506,-73.49055304370468,-73.49055304370468
1707.4200478744506,-73.49082908556262,-73.49082908556262
1707.4300478744508,-73.49109736349835,-73.49109736349835
1707.4400478744508,-73.49135816501041,-73.49135816501041
1707.4500478744508,-73.49161177367553,-73.49161177367553
1707.4600478744508,-73.49185206602289,-73.49185206602289
1707.4700478744508,-73.49207651817028,-73.49207651817028
1707.4800478744507,-73.49228404247273,-73.49228404247273
1707.4900478744507,-73.4924742140748,-73.4924742140748
1707.5000478744507,-73.4926469759023,-73.4926469759023
1707.5100478744507,-73.49280248554253,-73.49280248554253
1707.5200478744507,-73.49294102551187,-73.49294102551187
1707.5300478744507,-73.49306294935825,-73.49306294935825
1707.5400478744507,-73.49316864926234,-73.49316864926234
1707.5500478744507,-73.49325853663586,-73.49325853663586
1707.5600478744507,-73.49333303052056,-73.49333303052056
1707.5700478744507,-73.49339255082278,-73.49339255082278
1707.5800478744507,-73.49343751442714,-73.49343751442714
1707.5900478744506,-73.49346833306059,-73.49346833306059
1707.6000478744506,-73.4934854122561,-73.4934854122561
1707.6100478744506,-73.49348915092462,-73.49348915092462
1707.6200478744506,-73.49347994131169,-73.49347994131169
1707.6300478744506,-73.49345816912754,-73.49345816912754
1707.6400478744506,-73.49342421383594,-73.49342421383594
1707.6500478982925,-73.4933784488019,-73.4933784488019
1707.6600478982925,-73.49332124202958,-73.49332124202958
1707.6700478982925,-73.49325295590268,-73.49325295590268
1707.6800478982925,-73.49317394775471,-73.49317394775471
1707.6900478982925,-73.4930845700608,-73.4930845700608
1707.7000478982925,-73.49298517063532,-73.49298517063532
1707.7100478982925,-73.49287609283304,-73.49287609283304
1707.7200478982925,-73.49275767568967,-73.49275767568967
1707.7300478982925,-73.49263025406007,-73.49263025406007
1707.7400478982925,-73.49249415874579,-73.49249415874579
1707.7500478982925,-73.49234971658521,-73.49234971658521
1707.7600478982924,-73.49219725052147,-73.49219725052147
1707.7700478982924,-73.49203707969147,-73.49203707969147
1707.7800478982927,-73.4918695194807,-73.4918695194807
1707.7900478982926,-73.4916948815658,-73.4916948815658
1707.8000478982926,-73.49151347395829,-73.49151347395829
1707.8100478982926,-73.4913256010491,-73.4913256010491
1707.8200478982926,-73.49113156362289,-73.49113156362289
1707.8300478982926,-73.49093165889539,-73.49093165889539
1707.8400478982926,-73.49072618052412,-73.49072618052412
1707.8500478982926,-73.49051541865427,-73.49051541865427
1707.8600478982926,-73.49029965990326,-73.49029965990326
1707.8700478982926,-73.4900791873913,-73.4900791873913
1707.8800478982926,-73.4898542807652,-73.4898542807652
1707.8900478982926,-73.48962521619946,-73.48962521619946
1707.9000478982925,-73.48939226641835,-73.48939226641835
1707.9100478982925,-73.48915570069802,-73.48915570069802
1707.9200478982925,-73.48891578488436,-73.48891578488436
1707.9300478982925,-73.48867278142508,-73.48867278142508
1707.9400478982925,-73.48842694934329,-73.48842694934329
1707.9500478982925,-73.48817854428682,-73.48817854428682
1707.9600478982925,-73.48792141703936,-73.48792141703936
1707.9700478982925,-73.4876530182195,-73.4876530182195
1707.9800478982925,-73.48737223474473,-73.48737223474473
1707.9900478982925,-73.48707861629548,-73.48707861629548
1708.0000478982925,-73.48677208019487,-73.48677208019487
1708.0100478982924,-73.48645275824545,-73.48645275824545
1708.0200478982924,-73.486120906876,-73.486120906876
1708.0300478982927,-73.48577685324247,-73.48577685324247
1708.0400478982926,-73.48542096276053,-73.48542096276053
1708.0500478982926,-73.48505361966146,-73.48505361966146
1708.0600478982926,-73.48467521540597,-73.48467521540597
1708.0700478982926,-73.48428614191751,-73.48428614191751
1708.0800478982926,-73.48388678766489,-73.48388678766489
1708.0900478982926,-73.48347753556799,-73.48347753556799
1708.1000478982926,-73.48305876194775,-73.48305876194775
1708.1100478982926,-73.48263083613918,-73.48263083613918
1708.1200478982926,-73.482194120427,-73.482194120427
1708.1300478982926,-73.48174897023485,-73.48174897023485
1708.1400478982926,-73.48129573440247,-73.48129573440247
1708.1500478982925,-73.48083475549093,-73.48083475549093
1708.1600478982925,-73.48036637012167,-73.48036637012167
1708.1700478982925,-73.47989090928624,-73.47989090928624
1708.1800478982925,-73.47940869861533,-73.47940869861533
1708.1900478982925,-73.47892005867989,-73.47892005867989
1708.2000478982925,-73.47842530518112,-73.47842530518112
1708.2100478982925,-73.47791834937249,-73.47791834937249
1708.2200478982925,-73.47739670089389,-73.47739670089389
1708.2300478982925,-73.47685930461826,-73.47685930461826
1708.2400478982925,-73.47630576725156,-73.47630576725156
1708.2500478982925,-73.47573606240528,-73.47573606240528
1708.2600478982924,-73.47515037747061,-73.47515037747061
1708.2700478982924,-73.47454902384983,-73.47454902384983
1708.2800478982927,-73.47393238309846,-73.47393238309846
1708.2900478982926,-73.47330087451635,-73.47330087451635
1708.3000478982926,-73.47265493574498,-73.47265493574498
1708.3100478982926,-73.47199501120187,-73.47199501120187
1708.3200478982926,-73.47132154532122,-73.47132154532122
1708.3300478982926,-73.47063497868683,-73.47063497868683
1708.3400478982926,-73.46993574594416,-73.46993574594416
1708.3500478982926,-73.46922427475772,-73.46922427475772
1708.3600478982926,-73.46850098543118,-73.46850098543118
1708.3700478982926,-73.46776629086375,-73.46776629086375
1708.3800478982926,-73.4670205967415,-73.4670205967415
1708.3900478982926,-73.46626430178712,-73.46626430178712
1708.4000478982925,-73.4654977981215,-73.4654977981215
1708.4100478982925,-73.46472147154702,-73.46472147154702
1708.4200478982925,-73.46393570187783,-73.46393570187783
1708.4300478982925,-73.46314086323235,-73.46314086323235
1708.4400478982925,-73.46233732428904,-73.46233732428904
1708.4500478982925,-73.46152544850273,-73.46152544850273
1708.4600478982925,-73.46070559431755,-73.46070559431755
1708.4700478982925,-73.45987811534748,-73.45987811534748
1708.4800478982925,-73.4590433605073,-73.4590433605073
1708.4900478982925,-73.45820167417409,-73.45820167417409
1708.5000479221344,-73.45735339424847,-73.45735339424847
1708.5100479221344,-73.45649886032963,-73.45649886032963
1708.5200479221344,-73.45563840173341,-73.45563840173341
1708.5300479221344,-73.45477234557761,-73.45477234557761
1708.5400479221344,-73.45390101485229,-73.45390101485229
1708.5500479221344,-73.45302472848132,-73.45302472848132
1708.5600479221343,-73.45214380134833,-73.45214380134833
1708.5700479221343,-73.45125854435305,-73.45125854435305
1708.5800479221343,-73.45036926443983,-73.45036926443983
1708.5900479221343,-73.44947626464786,-73.44947626464786
1708.6000479221343,-73.44857984412846,-73.44857984412846
1708.6100479221343,-73.4476802981678,-73.4476802981678
1708.6200479221343,-73.44677791821942,-73.44677791821942
1708.6300479221345,-73.44587299193034,-73.44587299193034
1708.6400479221345,-73.44496580317285,-73.44496580317285
1708.6500479221345,-73.44405663203592,-73.44405663203592
1708.6600479221345,-73.44314575487927,-73.44314575487927
1708.6700479221345,-73.44223344434131,-73.44223344434131
1708.6800479221345,-73.44131996936119,-73.44131996936119
1708.6900479221345,-73.4404055951971,-73.4404055951971
1708.7000479221344,-73.43949058346118,-73.43949058346118
1708.7100479221344,-73.43857519210944,-73.43857519210944
1708.7200479221344,-73.43765967550053,-73.43765967550053
1708.7300479221344,-73.43674428440622,-73.43674428440622
1708.7400479221344,-73.43582926600558,-73.43582926600558
1708.7500479221344,-73.43491486396285,-73.43491486396285
1708.7600479221344,-73.43400131839202,-73.43400131839202
1708.7700479221344,-73.43308886590836,-73.43308886590836
1708.7800479221344,-73.43217773967102,-73.43217773967102
1708.7900479221344,-73.4312681693705,-73.4312681693705
1708.8000479221344,-73.43036038127268,-73.43036038127268
1708.8100479221343,-73.42945459824192,-73.42945459824192
1708.8200479221343,-73.42855103977321,-73.42855103977321
1708.8300479221343,-73.42764992200073,-73.42764992200073
1708.8400479221343,-73.42675145773985,-73.42675145773985
1708.8500479221343,-73.42585585650876,-73.42585585650876
1708.8600479221343,-73.42496332455937,-73.42496332455937
1708.8700479221343,-73.42407406489868,-73.42407406489868
1708.8800479221345,-73.4231882773205,-73.4231882773205
1708.8900479221345,-73.4223061584376,-73.4223061584376
1708.9000479221345,-73.42142790169191,-73.42142790169191
1708.9100479221345,-73.4205536974073,-73.4205536974073
1708.9200479221345,-73.41968373280751,-73.41968373280751
1708.9300479221345,-73.4188181920477,-73.4188181920477
1708.9400479221345,-73.41795725623439,-73.41795725623439
1708.9500479221344,-73.41710110346979,-73.41710110346979
1708.9600479221344,-73.41624351565375,-73.41624351565375
1708.9700479221344,-73.41538187198712,-73.41538187198712
1708.9800479221344,-73.41451498717173,-73.41451498717173
1708.9900479221344,-73.4136423385483,-73.4136423385483
1709.0000479221344,-73.41276377124218,-73.41276377124218
1709.0100479221344,-73.41187934505321,-73.41187934505321
1709.0200479221344,-73.41098924468128,-73.41098924468128
1709.0300479221344,-73.41009372579757,-73.41009372579757
1709.0400479221344,-73.4091930826431,-73.4091930826431
1709.0500479221344,-73.408287628573,-73.408287628573
1709.0600479221343,-73.40737768449763,-73.40737768449763
1709.0700479221343,-73.4064635721184,-73.4064635721184
1709.0800479221343,-73.40554561004085,-73.40554561004085
1709.0900479221343,-73.40462411170536,-73.40462411170536
1709.1000479221343,-73.40369938434533,-73.40369938434533
1709.1100479221343,-73.40277172860756,-73.40277172860756
1709.1200479221343,-73.40184143854114,-73.40184143854114
1709.1300479221345,-73.40090880177138,-73.40090880177138
1709.1400479221345,-73.39997409981575,-73.39997409981575
1709.1500479221345,-73.3990376083709,-73.3990376083709
1709.1600479221345,-73.3980995976927,-73.3980995976927
1709.1700479221345,-73.39716033291766,-73.39716033291766
1709.1800479221345,-73.39622007434396,-73.39622007434396
1709.1900479221345,-73.39527907772042,-73.39527907772042
1709.2000479221344,-73.39433759446467,-73.39433759446467
1709.2100479221344,-73.39339587191849,-73.39339587191849
1709.2200479221344,-73.39245415349644,-73.39245415349644
1709.2300479221344,-73.39151267885862,-73.39151267885862
1709.2400479221344,-73.39057168405579,-73.39057168405579
1709.2500479221344,-73.38963140166246,-73.38963140166246
1709.2600479221344,-73.38869206084979,-73.38869206084979
1709.2700479221344,-73.38775388751142,-73.38775388751142
1709.2800479221344,-73.3868171043191,-73.3868171043191
1709.2900479221344,-73.38588193080558,-73.38588193080558
1709.3000479221344,-73.38494858342,-73.38494858342
1709.3100479221343,-73.3840172755787,-73.3840172755787
1709.3200479221343,-73.38308821771895,-73.38308821771895
1709.3300479221343,-73.38216161731926,-73.38216161731926
1709.3400479221343,-73.38123767896279,-73.38123767896279
1709.3500479459763,-73.38031660216869,-73.38031660216869
1709.3600479459762,-73.37939859019018,-73.37939859019018
1709.3700479459762,-73.37848383686553,-73.37848383686553
1709.3800479459762,-73.37757253545732,-73.37757253545732
1709.3900479459762,-73.37666487645228,-73.37666487645228
1709.4000479459762,-73.37576104757973,-73.37576104757973
1709.4100479459762,-73.37486123385926,-73.37486123385926
1709.4200479459762,-73.37396561760757,-73.37396561760757
1709.4300479459762,-73.37307437844292,-73.37307437844292
1709.4400479459762,-73.37218769332986,-73.37218769332986
1709.4500479459762,-73.371305736582,-73.371305736582
1709.4600479459762,-73.37042867987871,-73.37042867987871
1709.4700479459761,-73.36955669229485,-73.36955669229485
1709.4800479459764,-73.36868994031109,-73.36868994031109
1709.4900479459764,-73.36782858784437,-73.36782858784437
1709.5000479459763,-73.36697279623608,-73.36697279623608
1709.5100479459763,-73.36612272431111,-73.36612272431111
1709.5200479459763,-73.36527852836791,-73.36527852836791
1709.5300479459763,-73.36444036220155,-73.36444036220155
1709.5400479459763,-73.36360837713012,-73.36360837713012
1709.5500479459763,-73.36278272201308,-73.36278272201308
1709.5600479459763,-73.36196354325804,-73.36196354325804
1709.5700479459763,-73.36115098486566,-73.36115098486566
1709.5800479459763,-73.36034518841385,-73.36034518841385
1709.5900479459763,-73.35954629311165,-73.35954629311165
1709.6000479459763,-73.35875443579485,-73.35875443579485
1709.6100479459762,-73.35796975096689,-73.35796975096689
1709.6200479459762,-73.35719237079346,-73.35719237079346
1709.6300479459762,-73.35642242515432,-73.35642242515432
1709.6400479459762,-73.35566004163857,-73.35566004163857
1709.6500479459762,-73.3549053455717,-73.3549053455717
1709.6600479459762,-73.35415846004992,-73.35415846004992
1709.6700479459762,-73.35341950593934,-73.35341950593934
1709.6800479459762,-73.35268860192018,-73.35268860192018
1709.6900479459762,-73.35196586448654,-73.35196586448654
1709.7000479459762,-73.35125140798478,-73.35125140798478
1709.7100479459762,-73.35054534463309,-73.35054534463309
1709.7200479459761,-73.34984778453146,-73.34984778453146
1709.7300479459764,-73.3491588356867,-73.3491588356867
1709.7400479459764,-73.34847860404598,-73.34847860404598
1709.7500479459763,-73.347807193508,-73.347807193508
1709.7600479459763,-73.34714470595756,-73.34714470595756
1709.7700479459763,-73.34649124125971,-73.34649124125971
1709.7800479459763,-73.34584689731662,-73.34584689731662
1709.7900479459763,-73.34521177006559,-73.34521177006559
1709.8000479459763,-73.34458595350169,-73.34458595350169
1709.8100479459763,-73.34396953971464,-73.34396953971464
1709.8200479459763,-73.34336261889588,-73.34336261889588
1709.8300479459763,-73.34276527938673,-73.34276527938673
1709.8400479459763,-73.34217760764226,-73.34217760764226
1709.8500479459763,-73.34159968832634,-73.34159968832634
1709.8600479459762,-73.3410316042691,-73.3410316042691
1709.8700479459762,-73.34047343653457,-73.34047343653457
1709.8800479459762,-73.33992526442564,-73.33992526442564
1709.8900479459762,-73.33938716549115,-73.33938716549115
1709.9000479459762,-73.33885921557531,-73.33885921557531
1709.9100479459762,-73.3383414888071,-73.3383414888071
1709.9200479459762,-73.33783405764824,-73.33783405764824
1709.9300479459762,-73.33733699290596,-73.33733699290596
1709.9400479459762,-73.33685036374038,-73.33685036374038
1709.9500479459762,-73.33637423771349,-73.33637423771349
1709.9600479459762,-73.33590868077569,-73.33590868077569
1709.9700479459761,-73.3354537573219,-73.3354537573219
1709.9800479459764,-73.33500953017273,-73.33500953017273
1709.9900479459764,-73.33457606062377,-73.33457606062377
1710.0000479459763,-73.33415340846477,-73.33415340846477
1710.0100479459763,-73.3337416319804,-73.3337416319804
1710.0200479459763,-73.33334078799238,-73.33334078799238
1710.0300479459763,-73.33295093185897,-73.33295093185897
1710.0400479459763,-73.33257211750421,-73.33257211750421
1710.0500479459763,-73.33220439744271,-73.33220439744271
1710.0600479459763,-73.331847822786,-73.331847822786
1710.0700479459763,-73.33150244327086,-73.33150244327086
1710.0800479459763,-73.33116830727755,-73.33116830727755
1710.0900479459763,-73.33084546183908,-73.33084546183908
1710.1000479459763,-73.33053395266835,-73.33053395266835
1710.1100479459762,-73.330233824185,-73.330233824185
1710.1200479459762,-73.32994511950287,-73.32994511950287
1710.1300479459762,-73.32966788048674,-73.32966788048674
1710.1400479459762,-73.32940214774086,-73.32940214774086
1710.1500479459762,-73.32914796063967,-73.32914796063967
1710.1600479459762,-73.32890535734506,-73.32890535734506
1710.1700479459762,-73.32867437481347,-73.32867437481347
1710.1800479459762,-73.32845504883122,-73.32845504883122
1710.1900479459762,-73.32824741400124,-73.32824741400124
1710.2000479698181,-73.32805150334019,-73.32805150334019
1710.210047969818,-73.32786735015127,-73.32786735015127
1710.220047969818,-73.32769498514233,-73.32769498514233
1710.230047969818,-73.32753443843283,-73.32753443843283
1710.240047969818,-73.32738573907213,-73.32738573907213
1710.250047969818,-73.32724891503112,-73.32724891503112
1710.260047969818,-73.32712399323064,-73.32712399323064
1710.270047969818,-73.3270109995521,-73.3270109995521
1710.280047969818,-73.32690995886301,-73.32690995886301
1710.290047969818,-73.32682089501385,-73.32682089501385
1710.300047969818,-73.32674383087698,-73.32674383087698
1710.310047969818,-73.32667878833453,-73.32667878833453
1710.320047969818,-73.32662578831642,-73.32662578831642
1710.3300479698182,-73.32658485080701,-73.32658485080701
1710.3400479698182,-73.32655599484323,-73.32655599484323
1710.3500479698182,-73.32653923855179,-73.32653923855179
1710.3600479698182,-73.32653459915534,-73.32653459915534
1710.3700479698182,-73.32654209297908,-73.32654209297908
1710.3800479698182,-73.32656173547183,-73.32656173547183
1710.3900479698182,-73.32659354121702,-73.32659354121702
1710.4000479698182,-73.32663752394593,-73.32663752394593
1710.4100479698182,-73.32669369655207,-73.32669369655207
1710.4200479698181,-73.32676207109893,-73.32676207109893
1710.4300479698181,-73.3268426588378,-73.3268426588378
1710.4400479698181,-73.32693547022267,-73.32693547022267
1710.4500479698181,-73.32704051490666,-73.32704051490666
1710.460047969818,-73.32715780177722,-73.32715780177722
1710.470047969818,-73.32728733895146,-73.32728733895146
1710.480047969818,-73.32742913380089,-73.32742913380089
1710.490047969818,-73.32758319294777,-73.32758319294777
1710.500047969818,-73.3277495222786,-73.3277495222786
1710.510047969818,-73.32792812698199,-73.32792812698199
1710.520047969818,-73.32811901151396,-73.32811901151396
1710.530047969818,-73.32832217965863,-73.32832217965863
1710.540047969818,-73.3285376345031,-73.3285376345031
1710.550047969818,-73.32876537845996,-73.32876537845996
1710.560047969818,-73.3290054132753,-73.3290054132753
1710.570047969818,-73.32925774005248,-73.32925774005248
1710.5800479698182,-73.32952235923969,-73.32952235923969
1710.5900479698182,-73.32979927066684,-73.32979927066684
1710.6000479698182,-73.33008847352768,-73.33008847352768
1710.6100479698182,-73.33038996640809,-73.33038996640809
1710.6200479698182,-73.33070374729752,-73.33070374729752
1710.6300479698182,-73.33102981358739,-73.33102981358739
1710.6400479698182,-73.33136816208426,-73.33136816208426
1710.6500479698182,-73.33171878902529,-73.33171878902529
1710.6600479698182,-73.33208169008019,-73.33208169008019
1710.6700479698181,-73.3324568603646,-73.3324568603646
1710.6800479698181,-73.33284429444494,-73.33284429444494
1710.6900479698181,-73.33324398635433,-73.33324398635433
1710.7000479698181,-73.33365592959312,-73.33365592959312
1710.710047969818,-73.33408011715449,-73.33408011715449
1710.720047969818,-73.33451654149822,-73.33451654149822
1710.730047969818,-73.33496519459845,-73.33496519459845
1710.740047969818,-73.33542606793034,-73.33542606793034
1710.750047969818,-73.33589915248128,-73.33589915248128
1710.760047969818,-73.3363844387619,-73.3363844387619
1710.770047969818,-73.33688191682421,-73.33688191682421
1710.780047969818,-73.33739157622898,-73.33739157622898
1710.790047969818,-73.33791340610564,-73.33791340610564
1710.800047969818,-73.33844739513376,-73.33844739513376
1710.810047969818,-73.33899353154499,-73.33899353154499
1710.820047969818,-73.33955180315151,-73.33955180315151
1710.8300479698182,-73.34012219733793,-73.34012219733793
1710.8400479698182,-73.34070470106545,-73.34070470106545
1710.8500479698182,-73.34129930088946,-73.34129930088946
1710.8600479698182,-73.3419059829521,-73.3419059829521
1710.8700479698182,-73.34252473301838,-73.34252473301838
1710.8800479698182,-73.34315553645496,-73.34315553645496
1710.8900479698182,-73.34379837824218,-73.34379837824218
1710.9000479698182,-73.34445324299335,-73.34445324299335
1710.9100479698182,-73.34512011494141,-73.34512011494141
1710.9200479698181,-73.34579897797114,-73.34579897797114
1710.9300479698181,-73.34648981559236,-73.34648981559236
1710.9400479698181,-73.34719261098476,-73.34719261098476
1710.9500479698181,-73.34790734697201,-73.34790734697201
1710.960047969818,-73.34862761354174,-73.34862761354174
1710.970047969818,-73.34935059701697,-73.34935059701697
1710.980047969818,-73.35007492072279,-73.35007492072279
1710.990047969818,-73.35079987285388,-73.35079987285388
1711.000047969818,-73.3515251118313,-73.3515251118313
1711.010047969818,-73.35225051325017,-73.35225051325017
1711.020047969818,-73.35297608019363,-73.35297608019363
1711.030047969818,-73.35370188930123,-73.35370188930123
1711.040047969818,-73.35442805835577,-73.35442805835577
1711.05004799366,-73.35515472856225,-73.35515472856225
1711.06004799366,-73.35588204603391,-73.35588204603391
1711.07004799366,-73.35661016537199,-73.35661016537199
1711.08004799366,-73.35733923886542,-73.35733923886542
1711.09004799366,-73.3580694160908,-73.3580694160908
1711.10004799366,-73.35880084285742,-73.35880084285742
1711.11004799366,-73.35953366079495,-73.35953366079495
1711.12004799366,-73.36026800729495,-73.36026800729495
1711.13004799366,-73.36100401568468,-73.36100401568468
1711.14004799366,-73.36174181547814,-73.36174181547814
1711.1500479936599,-73.36248153268075,-73.36248153268075
1711.1600479936599,-73.36322329009126,-73.36322329009126
1711.1700479936599,-73.36396720760696,-73.36396720760696
1711.18004799366,-73.36471340250993,-73.36471340250993
1711.19004799366,-73.36546198967488,-73.36546198967488
1711.20004799366,-73.36621308181203,-73.36621308181203
1711.21004799366,-73.36696039536497,-73.36696039536497
1711.22004799366,-73.36770124244269,-73.36770124244269
1711.23004799366,-73.3684343711695,-73.3684343711695
1711.24004799366,-73.36915919346535,-73.36915919346535
1711.25004799366,-73.36987549044038,-73.36987549044038
1711.26004799366,-73.3705832594027,-73.3705832594027
1711.27004799366,-73.37128262418415,-73.37128262418415
1711.28004799366,-73.37197378128377,-73.37197378128377
1711.29004799366,-73.37265696746526,-73.37265696746526
1711.30004799366,-73.3733324403292,-73.3733324403292
1711.31004799366,-73.37400046677541,-73.37400046677541
1711.32004799366,-73.37466131616844,-73.37466131616844
1711.33004799366,-73.37531525648991,-73.37531525648991
1711.34004799366,-73.37596255220171,-73.37596255220171
1711.35004799366,-73.3766034631971,-73.3766034631971
1711.36004799366,-73.37723824438191,-73.37723824438191
1711.37004799366,-73.37786714562165,-73.37786714562165
1711.38004799366,-73.3784904118989,-73.3784904118989
1711.39004799366,-73.37910828355145,-73.37910828355145
1711.4000479936599,-73.37972099658587,-73.37972099658587
1711.4100479936599,-73.38032878297027,-73.38032878297027
1711.4200479936599,-73.38093187090247,-73.38093187090247
1711.43004799366,-73.38153048511577,-73.38153048511577
1711.44004799366,-73.38212484708129,-73.38212484708129
1711.45004799366,-73.38271517521557,-73.38271517521557
1711.46004799366,-73.38330168507431,-73.38330168507431
1711.47004799366,-73.38388458948653,-73.38388458948653
1711.48004799366,-73.38446409868706,-73.38446409868706
1711.49004799366,-73.38504042043355,-73.38504042043355
1711.50004799366,-73.38561376007567,-73.38561376007567
1711.51004799366,-73.38618432065202,-73.38618432065202
1711.52004799366,-73.38675230292242,-73.38675230292242
1711.53004799366,-73.38731790543648,-73.38731790543648
1711.54004799366,-73.38788132456342,-73.38788132456342
1711.55004799366,-73.38844275453239,-73.38844275453239
1711.56004799366,-73.38900238743913,-73.38900238743913
1711.57004799366,-73.38956041327907,-73.38956041327907
1711.58004799366,-73.39011701995712,-73.39011701995712
1711.59004799366,-73.39067239329972,-73.39067239329972
1711.60004799366,-73.39122671705277,-73.39122671705277
1711.61004799366,-73.3917801729013,-73.3917801729013
1711.62004799366,-73.3923329404631,-73.3923329404631
1711.63004799366,-73.39288519728848,-73.39288519728848
1711.64004799366,-73.39343711886981,-73.39343711886981
1711.6500479936599,-73.39398887864138,-73.39398887864138
1711.6600479936599,-73.39454064796999,-73.39454064796999
1711.6700479936599,-73.39509259615843,-73.39509259615843
1711.68004799366,-73.39564489045236,-73.39564489045236
1711.69004799366,-73.39619769602245,-73.39619769602245
1711.70004799366,-73.39675117599037,-73.39675117599037
1711.71004799366,-73.39729909494321,-73.39729909494321
1711.72004799366,-73.39783881432086,-73.39783881432086
1711.73004799366,-73.398369131743,-73.398369131743
1711.74004799366,-73.39888950836229,-73.39888950836229
1711.75004799366,-73.39939977408645,-73.39939977408645
1711.76004799366,-73.39989997445218,-73.39989997445218
1711.77004799366,-73.40039028085233,-73.40039028085233
1711.78004799366,-73.40087093661882,-73.40087093661882
1711.79004799366,-73.40134222457935,-73.40134222457935
1711.80004799366,-73.40180444757682,-73.40180444757682
1711.81004799366,-73.40225791689039,-73.40225791689039
1711.82004799366,-73.40270294542805,-73.40270294542805
1711.83004799366,-73.40313984383442,-73.40313984383442
1711.84004799366,-73.40356891834962,-73.40356891834962
1711.85004799366,-73.40399046975155,-73.40399046975155
1711.86004799366,-73.40440479296106,-73.40440479296106
1711.87004799366,-73.40481217696944,-73.40481217696944
1711.88004799366,-73.40521290500479,-73.40521290500479
1711.89004799366,-73.40560725479057,-73.40560725479057
1711.9000480175018,-73.40599549978937,-73.40599549978937
1711.9100480175018,-73.40637790576795,-73.40637790576795
1711.9200480175018,-73.40675473674779,-73.40675473674779
1711.9300480175018,-73.40712625146503,-73.40712625146503
1711.9400480175018,-73.40749270462057,-73.40749270462057
1711.9500480175018,-73.40785434707016,-73.40785434707016
1711.9600480175018,-73.4082114260274,-73.4082114260274
1711.9700480175018,-73.40856418523121,-73.40856418523121
1711.9800480175018,-73.40891286507421,-73.40891286507421
1711.9900480175017,-73.40925770274485,-73.40925770274485
1712.0000480175017,-73.40959893233072,-73.40959893233072
1712.0100480175017,-73.4099367848841,-73.4099367848841
1712.0200480175017,-73.41027148853857,-73.41027148853857
1712.030048017502,-73.41060326852167,-73.41060326852167
1712.040048017502,-73.41093234726253,-73.41093234726253
1712.050048017502,-73.41125894440057,-73.41125894440057
1712.060048017502,-73.41158327684158,-73.41158327684158
1712.070048017502,-73.41190555878721,-73.41190555878721
1712.080048017502,-73.41222600175826,-73.41222600175826
1712.0900480175019,-73.41254481463373,-73.41254481463373
1712.1000480175019,-73.41286220366106,-73.41286220366106
1712.1100480175019,-73.41317837248344,-73.41317837248344
1712.1200480175019,-73.41349352214284,-73.41349352214284
1712.1300480175018,-73.41380785111092,-73.41380785111092
1712.1400480175018,-73.41412155530243,-73.41412155530243
1712.1500480175018,-73.41443482807722,-73.41443482807722
1712.1600480175018,-73.41474786026372,-73.41474786026372
1712.1700480175018,-73.41506084016116,-73.41506084016116
1712.1800480175018,-73.41537395355886,-73.41537395355886
1712.1900480175018,-73.41568738373968,-73.41568738373968
1712.2000480175018,-73.41600131150388,-73.41600131150388
1712.2100480175018,-73.41631591517222,-73.41631591517222
1712.2200480175018,-73.41663137060105,-73.41663137060105
1712.2300480175018,-73.41694785118392,-73.41694785118392
1712.2400480175017,-73.41726552788161,-73.41726552788161
1712.2500480175017,-73.41758456921481,-73.41758456921481
1712.2600480175017,-73.41790514129214,-73.41790514129214
1712.2700480175017,-73.41822740781313,-73.41822740781313
1712.280048017502,-73.41855153008765,-73.41855153008765
1712.290048017502,-73.41887766705331,-73.41887766705331
1712.300048017502,-73.41920597527566,-73.41920597527566
1712.310048017502,-73.41953660896705,-73.41953660896705
1712.320048017502,-73.41986972002687,-73.41986972002687
1712.330048017502,-73.42020545802112,-73.42020545802112
1712.3400480175019,-73.42054397020092,-73.42054397020092
1712.3500480175019,-73.420885401548,-73.420885401548
1712.3600480175019,-73.4212298947669,-73.4212298947669
1712.3700480175019,-73.42157759031205,-73.42157759031205
1712.3800480175018,-73.42192862639222,-73.42192862639222
1712.3900480175018,-73.42228313900584,-73.42228313900584
1712.4000480175018,-73.42264126194186,-73.42264126194186
1712.4100480175018,-73.42300312680777,-73.42300312680777
1712.4200480175018,-73.42336886304756,-73.42336886304756
1712.4300480175018,-73.42373859795639,-73.42373859795639
1712.4400480175018,-73.4241124566994,-73.4241124566994
1712.4500480175018,-73.42449056233215,-73.42449056233215
1712.4600480175018,-73.4248730358193,-73.4248730358193
1712.4700480175018,-73.42525999605424,-73.42525999605424
1712.4800480175018,-73.42565155987542,-73.42565155987542
1712.4900480175017,-73.42604784209895,-73.42604784209895
1712.5000480175017,-73.42644895550968,-73.42644895550968
1712.5100480175017,-73.42685501091732,-73.42685501091732
1712.5200480175017,-73.42726611715192,-73.42726611715192
1712.530048017502,-73.42768238108263,-73.42768238108263
1712.540048017502,-73.42810390766353,-73.42810390766353
1712.550048017502,-73.42853079991602,-73.42853079991602
1712.560048017502,-73.4289631589824,-73.4289631589824
1712.570048017502,-73.42940108412601,-73.42940108412601
1712.580048017502,-73.42984467275879,-73.42984467275879
1712.5900480175019,-73.43029402046703,-73.43029402046703
1712.6000480175019,-73.43074922101853,-73.43074922101853
1712.6100480175019,-73.43121036638908,-73.43121036638908
1712.6200480175019,-73.4316775467974,-73.4316775467974
1712.6300480175018,-73.43215085069502,-73.43215085069502
1712.6400480175018,-73.4326303648107,-73.4326303648107
1712.6500480175018,-73.43311617416187,-73.43311617416187
1712.6600480175018,-73.43360836207034,-73.43360836207034
1712.6700480175018,-73.43410701019897,-73.43410701019897
1712.6800480175018,-73.43461219855692,-73.43461219855692
1712.6900480175018,-73.4351240055228,-73.4351240055228
1712.7000480175018,-73.43564250786001,-73.43564250786001
1712.7100480175018,-73.43616138081083,-73.43616138081083
1712.7200480175018,-73.43667789880612,-73.43667789880612
1712.7300480175018,-73.43719077375336,-73.43719077375336
1712.7400480175017,-73.4376993819876,-73.4376993819876
1712.7500480413437,-73.43820347054731,-73.43820347054731
1712.7600480413437,-73.4387029991482,-73.4387029991482
1712.7700480413437,-73.43919805764111,-73.43919805764111
1712.7800480413437,-73.43968880719265,-73.43968880719265
1712.7900480413437,-73.44017544906961,-73.44017544906961
1712.8000480413436,-73.44065820516848,-73.44065820516848
1712.8100480413436,-73.44113730644659,-73.44113730644659
1712.8200480413436,-73.44161298609738,-73.44161298609738
1712.8300480413436,-73.4420854756788,-73.4420854756788
1712.8400480413436,-73.44255500299525,-73.44255500299525
1712.8500480413436,-73.44302179105088,-73.44302179105088
1712.8600480413436,-73.4434860576341,-73.4434860576341
1712.8700480413436,-73.44394801529607,-73.44394801529607
1712.8800480413438,-73.44440787149868,-73.44440787149868
1712.8900480413438,-73.4448658288965,-73.4448658288965
1712.9000480413438,-73.44532208564932,-73.44532208564932
1712.9100480413438,-73.44577683572584,-73.44577683572584
1712.9200480413438,-73.44623026923732,-73.44623026923732
1712.9300480413438,-73.44668257270034,-73.44668257270034
1712.9400480413437,-73.44713392928168,-73.44713392928168
1712.9500480413437,-73.44758451906989,-73.44758451906989
1712.9600480413437,-73.44802811843759,-73.44802811843759
1712.9700480413437,-73.44846210240819,-73.44846210240819
1712.9800480413437,-73.44888528269468,-73.44888528269468
1712.9900480413437,-73.44925470268683,-73.44925470268683
1713.0000480413437,-73.4495527495265,-73.4495527495265
1713.0100480413437,-73.449769951137,-73.449769951137
1713.0200480413437,-73.44990110157462,-73.44990110157462
1713.0300480413437,-73.4499435882146,-73.4499435882146
1713.0400480413437,-73.44989634589575,-73.44989634589575
1713.0500480413436,-73.4497502522569,-73.4497502522569
1713.0600480413436,-73.44949524719843,-73.44949524719843
1713.0700480413436,-73.44912296288122,-73.44912296288122
1713.0800480413436,-73.44862685762182,-73.44862685762182
1713.0900480413436,-73.44800180152023,-73.44800180152023
1713.1000480413436,-73.44724370025992,-73.44724370025992
1713.1100480413436,-73.44634924204776,-73.44634924204776
1713.1200480413436,-73.44531573775303,-73.44531573775303
1713.1300480413438,-73.44414101729286,-73.44414101729286
1713.1400480413438,-73.4428233575214,-73.4428233575214
1713.1500480413438,-73.44136142785892,-73.44136142785892
1713.1600480413438,-73.43975424623612,-73.43975424623612
1713.1700480413438,-73.43800114165069,-73.43800114165069
1713.1800480413438,-73.43610172138635,-73.43610172138635
1713.1900480413437,-73.43405584190992,-73.43405584190992
1713.2000480413437,-73.43186358281669,-73.43186358281669
1713.2100480413437,-73.42952522346377,-73.42952522346377
1713.2200480413437,-73.42704122201384,-73.42704122201384
1713.2300480413437,-73.4244121965846,-73.4244121965846
1713.2400480413437,-73.42163890839102,-73.42163890839102
1713.2500480413437,-73.41872224656063,-73.41872224656063
1713.2600480413437,-73.41566321459422,-73.41566321459422
1713.2700480413437,-73.41246291813573,-73.41246291813573
1713.2800480413437,-73.4091225540566,-73.4091225540566
1713.2900480413437,-73.40564340061835,-73.40564340061835
1713.3000480413436,-73.40202680863416,-73.40202680863416
1713.3100480413436,-73.39827419350503,-73.39827419350503
1713.3200480413436,-73.39438702807116,-73.39438702807116
1713.3300480413436,-73.39036683610281,-73.39036683610281
1713.3400480413436,-73.3862151864644,-73.3862151864644
1713.3500480413436,-73.38193368783492,-73.38193368783492
1713.3600480413436,-73.3775239838606,-73.3775239838606
1713.3700480413436,-73.37298774882677,-73.37298774882677
1713.3800480413438,-73.36832668366145,-73.36832668366145
1713.3900480413438,-73.36354251234799,-73.36354251234799
1713.4000480413438,-73.35863697860988,-73.35863697860988
1713.4100480413438,-73.35361184289819,-73.35361184289819
1713.4200480413438,-73.34846887965139,-73.34846887965139
1713.4300480413438,-73.34320987475125,-73.34320987475125
1713.4400480413437,-73.33783662323438,-73.33783662323438
1713.4500480413437,-73.33235092714662,-73.33235092714662
1713.4600480413437,-73.32675459359714,-73.32675459359714
1713.4700480413437,-73.32104943298292,-73.32104943298292
1713.4800480413437,-73.31523725731138,-73.31523725731138
1713.4900480413437,-73.30931987870063,-73.30931987870063
1713.5000480413437,-73.30329910796846,-73.30329910796846
1713.5100480413437,-73.29717675333448,-73.29717675333448
1713.5200480413437,-73.29095461924278,-73.29095461924278
1713.5300480413437,-73.2846345052436,-73.2846345052436
1713.5400480413437,-73.27821820499432,-73.27821820499432
1713.5500480413436,-73.27170750530907,-73.27170750530907
1713.5600480413436,-73.2651041853062,-73.2651041853062
1713.5700480413436,-73.25841001558501,-73.25841001558501
1713.5800480413436,-73.25162675752819,-73.25162675752819
1713.5900480413436,-73.24475616259006,-73.24475616259006
1713.6000480651855,-73.23779995509113,-73.23779995509113
1713.6100480651855,-73.2307598977284,-73.2307598977284
1713.6200480651855,-73.22363769233405,-73.22363769233405
1713.6300480651855,-73.21643504488247,-73.21643504488247
1713.6400480651855,-73.20915364877382,-73.20915364877382
1713.6500480651855,-73.20179518440828,-73.20179518440828
1713.6600480651855,-73.19436131880778,-73.19436131880778
1713.6700480651855,-73.18685370528335,-73.18685370528335
1713.6800480651855,-73.17927398310549,-73.17927398310549
1713.6900480651855,-73.17162377723315,-73.17162377723315
1713.7000480651855,-73.16390469806383,-73.16390469806383
1713.7100480651854,-73.15611197546914,-73.15611197546914
1713.7200480651854,-73.14824441299577,-73.14824441299577
1713.7300480651857,-73.1403022335894,-73.1403022335894
1713.7400480651856,-73.13228630895843,-73.13228630895843
1713.7500480651856,-73.12419786533448,-73.12419786533448
1713.7600480651856,-73.1160383305005,-73.1160383305005
1713.7700480651856,-73.10780924404223,-73.10780924404223
1713.7800480651856,-73.0995122033592,-73.0995122033592
1713.7900480651856,-73.09114883114226,-73.09114883114226
1713.8000480651856,-73.08272075585022,-73.08272075585022
1713.8100480651856,-73.07422960003404,-73.07422960003404
1713.8200480651856,-73.06567697350516,-73.06567697350516
1713.8300480651856,-73.057064469398,-73.057064469398
1713.8400480651856,-73.04839366199577,-73.04839366199577
1713.8500480651855,-73.0396661057038,-73.0396661057038
1713.8600480651855,-73.03088333460344,-73.03088333460344
1713.8700480651855,-73.02204686241232,-73.02204686241232
1713.8800480651855,-73.01315818269401,-73.01315818269401
1713.8900480651855,-73.00421876909661,-73.00421876909661
1713.9000480651855,-72.9952300757377,-72.9952300757377
1713.9100480651855,-72.98619353752282,-72.98619353752282
1713.9200480651855,-72.97711057051296,-72.97711057051296
1713.9300480651855,-72.9679825722541,-72.9679825722541
1713.9400480651855,-72.95881092207581,-72.95881092207581
1713.9500480651855,-72.94959698137959,-72.94959698137959
1713.9600480651854,-72.94033574930353,-72.94033574930353
1713.9700480651854,-72.93102578572038,-72.93102578572038
1713.9800480651857,-72.92166706396834,-72.92166706396834
1713.9900480651856,-72.91226020280693,-72.91226020280693
1714.0000480651856,-72.90280617326887,-72.90280617326887
1714.0100480651856,-72.89330614635679,-72.89330614635679
1714.0200480651856,-72.88376140371795,-72.88376140371795
1714.0300480651856,-72.87417328399536,-72.87417328399536
1714.0400480651856,-72.86454315060357,-72.86454315060357
1714.0500480651856,-72.85487237244263,-72.85487237244263
1714.0600480651856,-72.84516231242262,-72.84516231242262
1714.0700480651856,-72.83541432081957,-72.83541432081957
1714.0800480651856,-72.82562973152201,-72.82562973152201
1714.0900480651856,-72.81580986001877,-72.81580986001877
1714.1000480651855,-72.805956002487,-72.805956002487
1714.1100480651855,-72.79606943550888,-72.79606943550888
1714.1200480651855,-72.78615141617249,-72.78615141617249
1714.1300480651855,-72.77620318231342,-72.77620318231342
1714.1400480651855,-72.76622595296581,-72.76622595296581
1714.1500480651855,-72.75622092874958,-72.75622092874958
1714.1600480651855,-72.74618929234295,-72.74618929234295
1714.1700480651855,-72.7361322088898,-72.7361322088898
1714.1800480651855,-72.7260508264282,-72.7260508264282
1714.1900480651855,-72.71594627624486,-72.71594627624486
1714.2000480651855,-72.70581967323062,-72.70581967323062
1714.2100480651854,-72.69567211619837,-72.69567211619837
1714.2200480651854,-72.68550468817054,-72.68550468817054
1714.2300480651857,-72.67531845666669,-72.67531845666669
1714.2400480651856,-72.6651144739145,-72.6651144739145
1714.2500480651856,-72.654893777107,-72.654893777107
1714.2600480651856,-72.64465738862086,-72.64465738862086
1714.2700480651856,-72.63440631618127,-72.63440631618127
1714.2800480651856,-72.62414155308814,-72.62414155308814
1714.2900480651856,-72.6138640783576,-72.6138640783576
1714.3000480651856,-72.60357485691787,-72.60357485691787
1714.3100480651856,-72.59327483975085,-72.59327483975085
1714.3200480651856,-72.58296496406956,-72.58296496406956
1714.3300480651856,-72.57264615344809,-72.57264615344809
1714.3400480651856,-72.56231931797804,-72.56231931797804
1714.3500480651855,-72.55198535439705,-72.55198535439705
1714.3600480651855,-72.54164514624699,-72.54164514624699
1714.3700480651855,-72.53129956399957,-72.53129956399957
1714.3800480651855,-72.52094946519173,-72.52094946519173
1714.3900480651855,-72.51059569455835,-72.51059569455835
1714.4000480651855,-72.50023908416236,-72.50023908416236
1714.4100480651855,-72.48988045353383,-72.48988045353383
1714.4200480651855,-72.47952060979229,-72.47952060979229
1714.4300480651855,-72.46916034776942,-72.46916034776942
1714.4400480651855,-72.45880045014282,-72.45880045014282
1714.4500480890274,-72.44844166288821,-72.44844166288821
1714.4600480890274,-72.43808479409938,-72.43808479409938
1714.4700480890274,-72.42773056608694,-72.42773056608694
1714.4800480890274,-72.41737971416718,-72.41737971416718
1714.4900480890274,-72.40703296213631,-72.40703296213631
1714.5000480890274,-72.3966910223782,-72.3966910223782
1714.5100480890274,-72.38635459601059,-72.38635459601059
1714.5200480890273,-72.37602437298527,-72.37602437298527
1714.5300480890273,-72.36570103223248,-72.36570103223248
1714.5400480890273,-72.35538524176282,-72.35538524176282
1714.5500480890273,-72.34507765880113,-72.34507765880113
1714.5600480890273,-72.33477892991392,-72.33477892991392
1714.5700480890273,-72.32448969111823,-72.32448969111823
1714.5800480890275,-72.31421056800416,-72.31421056800416
1714.5900480890275,-72.30394217586863,-72.30394217586863
1714.6000480890275,-72.29368511980927,-72.29368511980927
1714.6100480890275,-72.28343999487305,-72.28343999487305
1714.6200480890275,-72.27320738615077,-72.27320738615077
1714.6300480890275,-72.26298786891321,-72.26298786891321
1714.6400480890275,-72.25278200871382,-72.25278200871382
1714.6500480890275,-72.24259036151813,-72.24259036151813
1714.6600480890274,-72.23241347381352,-72.23241347381352
1714.6700480890274,-72.22225188272017,-72.22225188272017
1714.6800480890274,-72.21210611611286,-72.21210611611286
1714.6900480890274,-72.20197669272973,-72.20197669272973
1714.7000480890274,-72.19186412229625,-72.19186412229625
1714.7100480890274,-72.18176890561564,-72.18176890561564
1714.7200480890274,-72.17169153470958,-72.17169153470958
1714.7300480890274,-72.16163249290837,-72.16163249290837
1714.7400480890274,-72.15159225495988,-72.15159225495988
1714.7500480890274,-72.14157128715165,-72.14157128715165
1714.7600480890274,-72.13157004741366,-72.13157004741366
1714.7700480890273,-72.12158898542386,-72.12158898542386
1714.7800480890273,-72.11162854271235,-72.11162854271235
1714.7900480890273,-72.1016891527679,-72.1016891527679
1714.8000480890273,-72.09177124115317,-72.09177124115317
1714.8100480890273,-72.08187522559277,-72.08187522559277
1714.8200480890273,-72.07200151608114,-72.07200151608114
1714.8300480890275,-72.06215051499619,-72.06215051499619
1714.8400480890275,-72.05232261718716,-72.05232261718716
1714.8500480890275,-72.0425182100803,-72.0425182100803
1714.8600480890275,-72.03273767376108,-72.03273767376108
1714.8700480890275,-72.0229813811135,-72.0229813811135
1714.8800480890275,-72.01324969786162,-72.01324969786162
1714.8900480890275,-72.00354298271378,-72.00354298271378
1714.9000480890275,-71.99386158743224,-71.99386158743224
1714.9100480890274,-71.98420585693174,-71.98420585693174
1714.9200480890274,-71.97457612937983,-71.97457612937983
1714.9300480890274,-71.96497273628252,-71.96497273628252
1714.9400480890274,-71.95539600257574,-71.95539600257574
1714.9500480890274,-71.94584624671117,-71.94584624671117
1714.9600480890274,-71.93631752670318,-71.93631752670318
1714.9700480890274,-71.92680742265166,-71.92680742265166
1714.9800480890274,-71.91731491977994,-71.91731491977994
1714.9900480890274,-71.90783965092172,-71.90783965092172
1715.0000480890274,-71.89838160712564,-71.89838160712564
1715.0100480890274,-71.88894098714196,-71.88894098714196
1715.0200480890273,-71.87951810904947,-71.87951810904947
1715.0300480890273,-71.87011335719686,-71.87011335719686
1715.0400480890273,-71.86072715021419,-71.86072715021419
1715.0500480890273,-71.85135992186937,-71.85135992186937
1715.0600480890273,-71.84201210974709,-71.84201210974709
1715.0700480890273,-71.8326841485726,-71.8326841485726
1715.0800480890275,-71.8233764664775,-71.8233764664775
1715.0900480890275,-71.81408948301426,-71.81408948301426
1715.1000480890275,-71.8048236081951,-71.8048236081951
1715.1100480890275,-71.7955792422148,-71.7955792422148
1715.1200480890275,-71.78635677549477,-71.78635677549477
1715.1300480890275,-71.77715658894219,-71.77715658894219
1715.1400480890275,-71.7679790543118,-71.7679790543118
1715.1500480890275,-71.75882453460628,-71.75882453460628
1715.1600480890274,-71.74969338447907,-71.74969338447907
1715.1700480890274,-71.74058595061983,-71.74058595061983
1715.1800480890274,-71.73150257212988,-71.73150257212988
1715.1900480890274,-71.72244358083628,-71.72244358083628
1715.2000480890274,-71.71340930162059,-71.71340930162059
1715.2100480890274,-71.70440005263833,-71.70440005263833
1715.2200480890274,-71.69541614559976,-71.69541614559976
1715.2300480890274,-71.68645788597827,-71.68645788597827
1715.2400480890274,-71.67752557319693,-71.67752557319693
1715.2500480890274,-71.66861950078672,-71.66861950078672
1715.2600480890274,-71.65973995656309,-71.65973995656309
1715.2700480890273,-71.65088722275713,-71.65088722275713
1715.2800480890273,-71.64206157612477,-71.64206157612477
1715.2900480890273,-71.63326328808178,-71.63326328808178
1715.3000481128693,-71.62449260389639,-71.62449260389639
1715.3100481128693,-71.61574982642445,-71.61574982642445
1715.3200481128692,-71.60703519065136,-71.60703519065136
1715.3300481128692,-71.59834894752368,-71.59834894752368
1715.3400481128692,-71.58969134308668,-71.58969134308668
1715.3500481128692,-71.58106261854482,-71.58106261854482
1715.3600481128692,-71.57246301030833,-71.57246301030833
1715.3700481128692,-71.56389275010906,-71.56389275010906
1715.3800481128692,-71.55535206500547,-71.55535206500547
1715.3900481128692,-71.54684117745464,-71.54684117745464
1715.4000481128692,-71.5383603054013,-71.5383603054013
1715.4100481128692,-71.52990966228951,-71.52990966228951
1715.4200481128692,-71.52148945712696,-71.52148945712696
1715.4300481128694,-71.513099894562,-71.513099894562
1715.4400481128694,-71.50474117489874,-71.50474117489874
1715.4500481128694,-71.49641349415091,-71.49641349415091
1715.4600481128693,-71.48811704410983,-71.48811704410983
1715.4700481128693,-71.47985201238464,-71.47985201238464
1715.4800481128693,-71.47161858244333,-71.47161858244333
1715.4900481128693,-71.46341693364322,-71.46341693364322
1715.5000481128693,-71.45524724131565,-71.45524724131565
1715.5100481128693,-71.4471096767742,-71.4471096767742
1715.5200481128693,-71.43900440738524,-71.43900440738524
1715.5300481128693,-71.43093159659877,-71.43093159659877
1715.5400481128693,-71.42289140399248,-71.42289140399248
1715.5500481128693,-71.41488398532165,-71.41488398532165
1715.5600481128693,-71.40690949256862,-71.40690949256862
1715.5700481128692,-71.39896807396494,-71.39896807396494
1715.5800481128692,-71.39105987404716,-71.39105987404716
1715.5900481128692,-71.38318503370967,-71.38318503370967
1715.6000481128692,-71.37534369023868,-71.37534369023868
1715.6100481128692,-71.36753597734409,-71.36753597734409
1715.6200481128692,-71.3597620252222,-71.3597620252222
1715.6300481128692,-71.35202196058094,-71.35202196058094
1715.6400481128692,-71.34431590669075,-71.34431590669075
1715.6500481128692,-71.33664398342214,-71.33664398342214
1715.6600481128692,-71.32900630729392,-71.32900630729392
1715.6700481128692,-71.32140299150628,-71.32140299150628
1715.6800481128694,-71.31383414598918,-71.31383414598918
1715.6900481128694,-71.30629987743116,-71.30629987743116
1715.7000481128694,-71.29880028933432,-71.29880028933432
1715.7100481128693,-71.29133548205137,-71.29133548205137
1715.7200481128693,-71.2839055528136,-71.2839055528136
1715.7300481128693,-71.27651059577956,-71.27651059577956
1715.7400481128693,-71.26915070208042,-71.26915070208042
1715.7500481128693,-71.26182595986519,-71.26182595986519
1715.7600481128693,-71.25453645430595,-71.25453645430595
1715.7700481128693,-71.24728226766481,-71.24728226766481
1715.7800481128693,-71.24006347934863,-71.24006347934863
1715.7900481128693,-71.23288016589584,-71.23288016589584
1715.8000481128693,-71.22573240106131,-71.22573240106131
1715.8100481128693,-71.21862025582634,-71.21862025582634
1715.8200481128692,-71.21154379846618,-71.21154379846618
1715.8300481128692,-71.20450309454219,-71.20450309454219
1715.8400481128692,-71.19749820697562,-71.19749820697562
1715.8500481128692,-71.19052919607151,-71.19052919607151
1715.8600481128692,-71.1835961195513,-71.1835961195513
1715.8700481128692,-71.17669903260042,-71.17669903260042
1715.8800481128692,-71.16983798789542,-71.16983798789542
1715.8900481128692,-71.16301303563222,-71.16301303563222
1715.9000481128692,-71.15622422357744,-71.15622422357744
1715.9100481128692,-71.14947159708403,-71.14947159708403
1715.9200481128692,-71.14275519914045,-71.14275519914045
1715.9300481128694,-71.13607507040511,-71.13607507040511
1715.9400481128694,-71.12943124922776,-71.12943124922776
1715.9500481128694,-71.12282377169021,-71.12282377169021
1715.9600481128693,-71.1162464867677,-71.1162464867677
1715.9700481128693,-71.10969672861661,-71.10969672861661
1715.9800481128693,-71.10317322425924,-71.10317322425924
1715.9900481128693,-71.09667534484318,-71.09667534484318
1716.0000481128693,-71.09020281951481,-71.09020281951481
1716.0100481128693,-71.08375558659876,-71.08375558659876
1716.0200481128693,-71.07733370621995,-71.07733370621995
1716.0300481128693,-71.07093730774794,-71.07093730774794
1716.0400481128693,-71.06456655815354,-71.06456655815354
1716.0500481128693,-71.05822164307294,-71.05822164307294
1716.0600481128693,-71.05190275547433,-71.05190275547433
1716.0700481128692,-71.04561008910866,-71.04561008910866
1716.0800481128692,-71.03934383471719,-71.03934383471719
1716.0900481128692,-71.03310417803468,-71.03310417803468
1716.1000481128692,-71.02689129880223,-71.02689129880223
1716.1100481128692,-71.02070537043062,-71.02070537043062
1716.1200481128692,-71.01454656000021,-71.01454656000021
1716.1300481128692,-71.00841502848725,-71.00841502848725
1716.1400481128692,-71.00231093107068,-71.00231093107068
1716.1500481367111,-70.99623440302067,-70.99623440302067
1716.160048136711,-70.99018561798383,-70.99018561798383
1716.170048136711,-70.98416470131215,-70.98416470131215
1716.180048136711,-70.9781717884806,-70.9781717884806
1716.190048136711,-70.97220701080535,-70.97220701080535
1716.200048136711,-70.96627049571106,-70.96627049571106
1716.210048136711,-70.96035619525857,-70.96035619525857
1716.220048136711,-70.9544615376496,-70.9544615376496
1716.230048136711,-70.94858533970591,-70.94858533970591
1716.240048136711,-70.94272705990593,-70.94272705990593
1716.250048136711,-70.93688651304703,-70.93688651304703
1716.260048136711,-70.93106372182211,-70.93106372182211
1716.270048136711,-70.92525882973281,-70.92525882973281
1716.2800481367112,-70.91947204872166,-70.91947204872166
1716.2900481367112,-70.91370362763762,-70.91370362763762
1716.3000481367112,-70.90795383336504,-70.90795383336504
1716.3100481367112,-70.90222293959613,-70.90222293959613
1716.3200481367112,-70.89651122026065,-70.89651122026065
1716.3300481367112,-70.89081894578634,-70.89081894578634
1716.3400481367112,-70.88514638110343,-70.88514638110343
1716.3500481367112,-70.87949378467508,-70.87949378467508
1716.3600481367112,-70.8738614081542,-70.8738614081542
1716.3700481367111,-70.86824949639004,-70.86824949639004
1716.3800481367111,-70.86265828763852,-70.86265828763852
1716.3900481367111,-70.85708801387983,-70.85708801387983
1716.4000481367111,-70.85153890114161,-70.85153890114161
1716.410048136711,-70.8460111698736,-70.8460111698736
1716.420048136711,-70.84050503526115,-70.84050503526115
1716.430048136711,-70.83502070754292,-70.83502070754292
1716.440048136711,-70.82955839226678,-70.82955839226678
1716.450048136711,-70.82411829057882,-70.82411829057882
1716.460048136711,-70.8187005993994,-70.8187005993994
1716.470048136711,-70.81330551162459,-70.81330551162459
1716.480048136711,-70.80793321630361,-70.80793321630361
1716.490048136711,-70.80258389875225,-70.80258389875225
1716.500048136711,-70.79725774070712,-70.79725774070712
1716.510048136711,-70.79195492041372,-70.79195492041372
1716.520048136711,-70.78667561272148,-70.78667561272148
1716.5300481367112,-70.78141998915272,-70.78141998915272
1716.5400481367112,-70.77618821800101,-70.77618821800101
1716.5500481367112,-70.77098046435061,-70.77098046435061
1716.5600481367112,-70.7657968901632,-70.7657968901632
1716.5700481367112,-70.76063765429964,-70.76063765429964
1716.5800481367112,-70.75550291257372,-70.75550291257372
1716.5900481367112,-70.7503928177863,-70.7503928177863
1716.6000481367112,-70.74530751974817,-70.74530751974817
1716.6100481367112,-70.7402471653178,-70.7402471653178
1716.6200481367111,-70.73521189843447,-70.73521189843447
1716.6300481367111,-70.73020186013139,-70.73020186013139
1716.6400481367111,-70.72521718855788,-70.72521718855788
1716.6500481367111,-70.72025801901457,-70.72025801901457
1716.660048136711,-70.71532448395301,-70.71532448395301
1716.670048136711,-70.7104167130228,-70.7104167130228
1716.680048136711,-70.70553483306942,-70.70553483306942
1716.690048136711,-70.70067896815401,-70.70067896815401
1716.700048136711,-70.6958492395927,-70.6958492395927
1716.710048136711,-70.69104576595058,-70.69104576595058
1716.720048136711,-70.6862686630858,-70.6862686630858
1716.730048136711,-70.681518044134,-70.681518044134
1716.740048136711,-70.67679401956829,-70.67679401956829
1716.750048136711,-70.67209669719539,-70.67209669719539
1716.760048136711,-70.66742618216307,-70.66742618216307
1716.770048136711,-70.66278257700841,-70.66278257700841
1716.7800481367112,-70.65816598166053,-70.65816598166053
1716.7900481367112,-70.65357649345935,-70.65357649345935
1716.8000481367112,-70.64901420718864,-70.64901420718864
1716.8100481367112,-70.64447921507961,-70.64447921507961
1716.8200481367112,-70.63997160685446,-70.63997160685446
1716.8300481367112,-70.63549146972892,-70.63549146972892
1716.8400481367112,-70.6310388884306,-70.6310388884306
1716.8500481367112,-70.62661394524594,-70.62661394524594
1716.8600481367112,-70.62221672001246,-70.62221672001246
1716.8700481367111,-70.61784729016296,-70.61784729016296
1716.8800481367111,-70.61350573074643,-70.61350573074643
1716.8900481367111,-70.60919211442987,-70.60919211442987
1716.9000481367111,-70.60490651155088,-70.60490651155088
1716.910048136711,-70.60064899012485,-70.60064899012485
1716.920048136711,-70.59641961585581,-70.59641961585581
1716.930048136711,-70.59221845219898,-70.59221845219898
1716.940048136711,-70.58804556034715,-70.58804556034715
1716.950048136711,-70.58390099926294,-70.58390099926294
1716.960048136711,-70.5797848257206,-70.5797848257206
1716.970048136711,-70.57569709431705,-70.57569709431705
1716.980048136711,-70.57163785748389,-70.57163785748389
1716.990048136711,-70.56760716554219,-70.56760716554219
1717.000048160553,-70.56360505716701,-70.56360505716701
1717.010048160553,-70.55963159762358,-70.55963159762358
1717.020048160553,-70.5556868213821,-70.5556868213821
1717.030048160553,-70.55177077048458,-70.55177077048458
1717.040048160553,-70.5478834849821,-70.5478834849821
1717.050048160553,-70.54402500293,-70.54402500293
1717.060048160553,-70.54019536044089,-70.54019536044089
1717.070048160553,-70.5363945916883,-70.5363945916883
1717.080048160553,-70.53262272893816,-70.53262272893816
1717.090048160553,-70.5288798025765,-70.5288798025765
1717.100048160553,-70.52516584113424,-70.52516584113424
1717.1100481605529,-70.5214808713018,-70.5214808713018
1717.1200481605529,-70.51782491796884,-70.51782491796884
1717.130048160553,-70.51419800422845,-70.51419800422845
1717.140048160553,-70.51060015141806,-70.51060015141806
1717.150048160553,-70.50703137914522,-70.50703137914522
1717.160048160553,-70.50349170529356,-70.50349170529356
1717.170048160553,-70.49998114606606,-70.49998114606606
1717.180048160553,-70.49649971598508,-70.49649971598508
1717.190048160553,-70.49304742794249,-70.49304742794249
1717.200048160553,-70.48962429320684,-70.48962429320684
1717.210048160553,-70.48623032144948,-70.48623032144948
1717.220048160553,-70.48286552076581,-70.48286552076581
1717.230048160553,-70.47952989770918,-70.47952989770918
1717.240048160553,-70.47622345729671,-70.47622345729671
1717.250048160553,-70.47294620304044,-70.47294620304044
1717.260048160553,-70.46969813696991,-70.46969813696991
1717.270048160553,-70.46647925965551,-70.46647925965551
1717.280048160553,-70.46328957022479,-70.46328957022479
1717.290048160553,-70.46012906639083,-70.46012906639083
1717.300048160553,-70.45699774447414,-70.45699774447414
1717.310048160553,-70.4538955994116,-70.4538955994116
1717.320048160553,-70.45082262478522,-70.45082262478522
1717.330048160553,-70.44777881285434,-70.44777881285434
1717.340048160553,-70.44476415456285,-70.44476415456285
1717.350048160553,-70.4417786395589,-70.4417786395589
1717.3600481605529,-70.43882225622352,-70.43882225622352
1717.3700481605529,-70.43589499169038,-70.43589499169038
1717.380048160553,-70.43299683185484,-70.43299683185484
1717.390048160553,-70.43012776141036,-70.43012776141036
1717.400048160553,-70.4272877638419,-70.4272877638419
1717.410048160553,-70.42447682148168,-70.42447682148168
1717.420048160553,-70.42169491549807,-70.42169491549807
1717.430048160553,-70.4189420259278,-70.4189420259278
1717.440048160553,-70.41621813169505,-70.41621813169505
1717.450048160553,-70.41352321061683,-70.41352321061683
1717.460048160553,-70.4108572394465,-70.4108572394465
1717.470048160553,-70.40822019386958,-70.40822019386958
1717.480048160553,-70.40561204852386,-70.40561204852386
1717.490048160553,-70.40303277702674,-70.40303277702674
1717.500048160553,-70.40048235198729,-70.40048235198729
1717.510048160553,-70.3979607450241,-70.3979607450241
1717.520048160553,-70.39546792678638,-70.39546792678638
1717.530048160553,-70.3930038669529,-70.3930038669529
1717.540048160553,-70.39056853428305,-70.39056853428305
1717.550048160553,-70.38816189660074,-70.38816189660074
1717.560048160553,-70.38578392082427,-70.38578392082427
1717.570048160553,-70.38343457298508,-70.38343457298508
1717.580048160553,-70.3811138182265,-70.3811138182265
1717.590048160553,-70.37882162084209,-70.37882162084209
1717.600048160553,-70.37655794427965,-70.37655794427965
1717.6100481605529,-70.3743227511588,-70.3743227511588
1717.6200481605529,-70.37211600328614,-70.37211600328614
1717.630048160553,-70.36993766166029,-70.36993766166029
1717.640048160553,-70.36778768650423,-70.36778768650423
1717.650048160553,-70.36566603726254,-70.36566603726254
1717.660048160553,-70.36357267263409,-70.36357267263409
1717.670048160553,-70.36150755056222,-70.36150755056222
1717.680048160553,-70.35947062828346,-70.35947062828346
1717.690048160553,-70.3574618622911,-70.3574618622911
1717.700048160553,-70.35548120839624,-70.35548120839624
1717.710048160553,-70.35352249849556,-70.35352249849556
1717.720048160553,-70.35158301278025,-70.35158301278025
1717.730048160553,-70.34966141024982,-70.34966141024982
1717.740048160553,-70.34775698820299,-70.34775698820299
1717.750048160553,-70.3458693993656,-70.3458693993656
1717.760048160553,-70.3439985047859,-70.3439985047859
1717.770048160553,-70.34214428749246,-70.34214428749246
1717.780048160553,-70.34030680057876,-70.34030680057876
1717.790048160553,-70.33848613594782,-70.33848613594782
1717.800048160553,-70.33668240557418,-70.33668240557418
1717.810048160553,-70.33489573035578,-70.33489573035578
1717.820048160553,-70.33312623354512,-70.33312623354512
1717.830048160553,-70.33137403701849,-70.33137403701849
1717.840048160553,-70.32963925929698,-70.32963925929698
1717.8500481843948,-70.32792201041522,-70.32792201041522
1717.8600481843948,-70.32622240797896,-70.32622240797896
1717.8700481843948,-70.3245405524791,-70.3245405524791
1717.8800481843948,-70.3228765439623,-70.3228765439623
1717.8900481843948,-70.32123047817664,-70.32123047817664
1717.9000481843948,-70.31960244688432,-70.31960244688432
1717.9100481843948,-70.31799253820417,-70.31799253820417
1717.9200481843948,-70.31640083691582,-70.31640083691582
1717.9300481843948,-70.31482742473472,-70.31482742473472
1717.9400481843948,-70.31327238058219,-70.31327238058219
1717.9500481843947,-70.31173578082016,-70.31173578082016
1717.9600481843947,-70.31021769943666,-70.31021769943666
1717.9700481843947,-70.3087182082161,-70.3087182082161
1717.980048184395,-70.30723737692385,-70.30723737692385
1717.990048184395,-70.30577527338134,-70.30577527338134
1718.000048184395,-70.30433196360798,-70.30433196360798
1718.010048184395,-70.30290751190363,-70.30290751190363
1718.020048184395,-70.30150198093487,-70.30150198093487
1718.030048184395,-70.30011543179702,-70.30011543179702
1718.040048184395,-70.29874792406301,-70.29874792406301
1718.0500481843949,-70.29739951583268,-70.29739951583268
1718.0600481843949,-70.29607026378623,-70.29607026378623
1718.0700481843949,-70.29476022318511,-70.29476022318511
1718.0800481843949,-70.29346944793643,-70.29346944793643
1718.0900481843948,-70.2921979905895,-70.2921979905895
1718.1000481843948,-70.29094590236245,-70.29094590236245
1718.1100481843948,-70.2897132331709,-70.2897132331709
1718.1200481843948,-70.28850003162357,-70.28850003162357
1718.1300481843948,-70.28730634504448,-70.28730634504448
1718.1400481843948,-70.28613221946878,-70.28613221946878
1718.1500481843948,-70.2849776996711,-70.2849776996711
1718.1600481843948,-70.28384282915732,-70.28384282915732
1718.1700481843948,-70.28272765018524,-70.28272765018524
1718.1800481843948,-70.28163220374567,-70.28163220374567
1718.1900481843948,-70.28055652959327,-70.28055652959327
1718.2000481843947,-70.27950066623418,-70.27950066623418
1718.2100481843947,-70.27845853316856,-70.27845853316856
1718.2200481843947,-70.27742749371123,-70.27742749371123
1718.230048184395,-70.27640628778111,-70.27640628778111
1718.240048184395,-70.27539429222743,-70.27539429222743
1718.250048184395,-70.27439123830948,-70.27439123830948
1718.260048184395,-70.27339706479023,-70.27339706479023
1718.270048184395,-70.27241183172916,-70.27241183172916
1718.280048184395,-70.27143566864461,-70.27143566864461
1718.290048184395,-70.27046874330728,-70.27046874330728
1718.3000481843949,-70.26951124301688,-70.26951124301688
1718.3100481843949,-70.2685633634605,-70.2685633634605
1718.3200481843949,-70.26762530217486,-70.26762530217486
1718.3300481843949,-70.26669725479147,-70.26669725479147
1718.3400481843948,-70.26577941304178,-70.26577941304178
1718.3500481843948,-70.26487196373009,-70.26487196373009
1718.3600481843948,-70.2639750883734,-70.2639750883734
1718.3700481843948,-70.2630889631656,-70.2630889631656
1718.3800481843948,-70.2622137591648,-70.2622137591648
1718.3900481843948,-70.2613496425515,-70.2613496425515
1718.4000481843948,-70.26049677492779,-70.26049677492779
1718.4100481843948,-70.25965531368163,-70.25965531368163
1718.4200481843948,-70.25882541224382,-70.25882541224382
1718.4300481843948,-70.25800722039679,-70.25800722039679
1718.4400481843948,-70.25720088451665,-70.25720088451665
1718.4500481843947,-70.25640654780184,-70.25640654780184
1718.4600481843947,-70.25561823465806,-70.25561823465806
1718.4700481843947,-70.25483341056838,-70.25483341056838
1718.480048184395,-70.254050915671,-70.254050915671
1718.490048184395,-70.25327022545547,-70.25327022545547
1718.500048184395,-70.2524911684666,-70.2524911684666
1718.510048184395,-70.25171377958947,-70.25171377958947
1718.520048184395,-70.25093821388825,-70.25093821388825
1718.530048184395,-70.250164694918,-70.250164694918
1718.540048184395,-70.24939348356361,-70.24939348356361
1718.5500481843949,-70.24862485938722,-70.24862485938722
1718.5600481843949,-70.24785910950517,-70.24785910950517
1718.5700481843949,-70.24709652208332,-70.24709652208332
1718.5800481843949,-70.24633738262851,-70.24633738262851
1718.5900481843948,-70.24558197198027,-70.24558197198027
1718.6000481843948,-70.24483056531578,-70.24483056531578
1718.6100481843948,-70.24408343179275,-70.24408343179275
1718.6200481843948,-70.24334083451333,-70.24334083451333
1718.6300481843948,-70.24260303072016,-70.24260303072016
1718.6400481843948,-70.24187027205761,-70.24187027205761
1718.6500481843948,-70.24114280488568,-70.24114280488568
1718.6600481843948,-70.24042087060322,-70.24042087060322
1718.6700481843948,-70.23970470595539,-70.23970470595539
1718.6800481843948,-70.23899454328927,-70.23899454328927
1718.6900481843948,-70.23829061084412,-70.23829061084412
1718.7000482082367,-70.23759313128183,-70.23759313128183
1718.7100482082367,-70.2368962147663,-70.2368962147663
1718.7200482082367,-70.23619740597711,-70.23619740597711
1718.7300482082367,-70.23549562467024,-70.23549562467024
1718.7400482082367,-70.23479042499197,-70.23479042499197
1718.7500482082366,-70.23408171325453,-70.23408171325453
1718.7600482082366,-70.23336960126505,-70.23336960126505
1718.7700482082366,-70.23265432026166,-70.23265432026166
1718.7800482082366,-70.2319361691756,-70.2319361691756
1718.7900482082366,-70.2312154835277,-70.2312154835277
1718.8000482082366,-70.23049261675887,-70.23049261675887
1718.8100482082366,-70.22976792912876,-70.22976792912876
1718.8200482082366,-70.22904178121901,-70.22904178121901
1718.8300482082368,-70.22831453019364,-70.22831453019364
1718.8400482082368,-70.22758652782102,-70.22758652782102
1718.8500482082368,-70.22685811947373,-70.22685811947373
1718.8600482082368,-70.22612964374792,-70.22612964374792
1718.8700482082368,-70.22540143246277,-70.22540143246277
1718.8800482082368,-70.22467381082409,-70.22467381082409
1718.8900482082367,-70.22394709769473,-70.22394709769473
1718.9000482082367,-70.22322160593062,-70.22322160593062
1718.9100482082367,-70.22249764267438,-70.22249764267438
1718.9200482082367,-70.2217755096611,-70.2217755096611
1718.9300482082367,-70.22105550351247,-70.22105550351247
1718.9400482082367,-70.22033791599381,-70.22033791599381
1718.9500482082367,-70.21962303421152,-70.21962303421152
1718.9600482082367,-70.21891114083775,-70.21891114083775
1718.9700482082367,-70.21820251426,-70.21820251426
1718.9800482082367,-70.21749742874086,-70.21749742874086
1718.9900482082367,-70.21679615453226,-70.21679615453226
1719.0000482082366,-70.21609895798659,-70.21609895798659
1719.0100482082366,-70.21540610166606,-70.21540610166606
1719.0200482082366,-70.2147178443891,-70.2147178443891
1719.0300482082366,-70.21403444133163,-70.21403444133163
1719.0400482082366,-70.21335614406192,-70.21335614406192
1719.0500482082366,-70.21268320061449,-70.21268320061449
1719.0600482082366,-70.21201585549909,-70.21201585549909
1719.0700482082366,-70.21135434976708,-70.21135434976708
1719.0800482082368,-70.21069892103894,-70.21069892103894
1719.0900482082368,-70.21004980353267,-70.21004980353267
1719.1000482082368,-70.20940722808484,-70.20940722808484
1719.1100482082368,-70.20877142217601,-70.20877142217601
1719.1200482082368,-70.20814260996482,-70.20814260996482
1719.1300482082368,-70.20752101229765,-70.20752101229765
1719.1400482082367,-70.20690684673156,-70.20690684673156
1719.1500482082367,-70.20630032754484,-70.20630032754484
1719.1600482082367,-70.20570166577414,-70.20570166577414
1719.1700482082367,-70.2051110692073,-70.2051110692073
1719.1800482082367,-70.20452874242652,-70.20452874242652
1719.1900482082367,-70.20395488680583,-70.20395488680583
1719.2000482082367,-70.20338970054544,-70.20338970054544
1719.2100482082367,-70.20283337867427,-70.20283337867427
1719.2200482082367,-70.20228611307564,-70.20228611307564
1719.2300482082367,-70.2017480925063,-70.2017480925063
1719.2400482082367,-70.20121950260254,-70.20121950260254
1719.2500482082366,-70.20070052593698,-70.20070052593698
1719.2600482082366,-70.20019134198633,-70.20019134198633
1719.2700482082366,-70.19969212718232,-70.19969212718232
1719.2800482082366,-70.19920305494107,-70.19920305494107
1719.2900482082366,-70.19872429565535,-70.19872429565535
1719.3000482082366,-70.19825601673224,-70.19825601673224
1719.3100482082366,-70.1977983826143,-70.1977983826143
1719.3200482082366,-70.19735155479921,-70.19735155479921
1719.3300482082368,-70.1969156918622,-70.1969156918622
1719.3400482082368,-70.19649094949068,-70.19649094949068
1719.3500482082368,-70.19607748048894,-70.19607748048894
1719.3600482082368,-70.19567543480694,-70.19567543480694
1719.3700482082368,-70.1952849595777,-70.1952849595777
1719.3800482082368,-70.19490619912315,-70.19490619912315
1719.3900482082367,-70.19453929501046,-70.19453929501046
1719.4000482082367,-70.19418438602683,-70.19418438602683
1719.4100482082367,-70.193841608248,-70.193841608248
1719.4200482082367,-70.19351109504805,-70.19351109504805
1719.4300482082367,-70.1931929771224,-70.1931929771224
1719.4400482082367,-70.19288738252128,-70.19288738252128
1719.4500482082367,-70.19259443668003,-70.19259443668003
1719.4600482082367,-70.19231426243316,-70.19231426243316
1719.4700482082367,-70.19204698004027,-70.19204698004027
1719.4800482082367,-70.19179270723131,-70.19179270723131
1719.4900482082367,-70.19155155921167,-70.19155155921167
1719.5000482082366,-70.19132364870347,-70.19132364870347
1719.5100482082366,-70.19110908598185,-70.19110908598185
1719.5200482082366,-70.19090797886162,-70.19090797886162
1719.5300482082366,-70.1907204327742,-70.1907204327742
1719.5400482082366,-70.1905465507616,-70.1905465507616
1719.5500482320786,-70.19038643314214,-70.19038643314214
1719.5600482320785,-70.19024017908694,-70.19024017908694
1719.5700482320785,-70.19010788424417,-70.19010788424417
1719.5800482320785,-70.18998964241936,-70.18998964241936
1719.5900482320785,-70.18988554518191,-70.18988554518191
1719.6000482320785,-70.18979568188215,-70.18979568188215
1719.6100482320785,-70.1897201396765,-70.1897201396765
1719.6200482320785,-70.18965900357821,-70.18965900357821
1719.6300482320785,-70.18961235644129,-70.18961235644129
1719.6400482320785,-70.1895802790322,-70.1895802790322
1719.6500482320785,-70.18956285004073,-70.18956285004073
1719.6600482320785,-70.18956014608848,-70.18956014608848
1719.6700482320784,-70.18957224178106,-70.18957224178106
1719.6800482320787,-70.18959920971973,-70.18959920971973
1719.6900482320787,-70.18964112053331,-70.18964112053331
1719.7000482320786,-70.1896980429026,-70.1896980429026
1719.7100482320786,-70.18977004358914,-70.18977004358914
1719.7200482320786,-70.18985718745063,-70.18985718745063
1719.7300482320786,-70.18995953747779,-70.18995953747779
1719.7400482320786,-70.19007715481798,-70.19007715481798
1719.7500482320786,-70.19021009879732,-70.19021009879732
1719.7600482320786,-70.19035842695351,-70.19035842695351
1719.7700482320786,-70.19052219504239,-70.19052219504239
1719.7800482320786,-70.1907014570788,-70.1907014570788
1719.7900482320786,-70.19089626536484,-70.19089626536484
1719.8000482320786,-70.19110667049576,-70.19110667049576
1719.8100482320785,-70.19133272139605,-70.19133272139605
1719.8200482320785,-70.19157446533988,-70.19157446533988
1719.8300482320785,-70.19183194798369,-70.19183194798369
1719.8400482320785,-70.19210521337364,-70.19210521337364
1719.8500482320785,-70.19239430398007,-70.19239430398007
1719.8600482320785,-70.19269926072003,-70.19269926072003
1719.8700482320785,-70.19302012297764,-70.19302012297764
1719.8800482320785,-70.19335692861985,-70.19335692861985
1719.8900482320785,-70.19370971403033,-70.19370971403033
1719.9000482320785,-70.19407851412514,-70.19407851412514
1719.9100482320785,-70.1944633623797,-70.1944633623797
1719.9200482320784,-70.19486429083565,-70.19486429083565
1719.9300482320787,-70.19528133014109,-70.19528133014109
1719.9400482320787,-70.19571450957187,-70.19571450957187
1719.9500482320786,-70.19616385702408,-70.19616385702408
1719.9600482320786,-70.19662328801245,-70.19662328801245
1719.9700482320786,-70.19709015771961,-70.19709015771961
1719.9800482320786,-70.1975631958593,-70.1975631958593
1719.9900482320786,-70.19804176792688,-70.19804176792688
1720.0000482320786,-70.19852559312258,-70.19852559312258
1720.0100482320786,-70.19901459773986,-70.19901459773986
1720.0200482320786,-70.19950882910813,-70.19950882910813
1720.0300482320786,-70.20000840391013,-70.20000840391013
1720.0400482320786,-70.20051347706175,-70.20051347706175
1720.0500482320786,-70.20102422303755,-70.20102422303755
1720.0600482320785,-70.20154082478624,-70.20154082478624
1720.0700482320785,-70.20206346720431,-70.20206346720431
1720.0800482320785,-70.20259233343104,-70.20259233343104
1720.0900482320785,-70.20312760283745,-70.20312760283745
1720.1000482320785,-70.20366945003421,-70.20366945003421
1720.1100482320785,-70.20421804451335,-70.20421804451335
1720.1200482320785,-70.20477355062955,-70.20477355062955
1720.1300482320785,-70.20533612777423,-70.20533612777423
1720.1400482320785,-70.20590593064149,-70.20590593064149
1720.1500482320785,-70.20648310957539,-70.20648310957539
1720.1600482320785,-70.2070678108701,-70.2070678108701
1720.1700482320784,-70.20766017708968,-70.20766017708968
1720.1800482320787,-70.20826034734864,-70.20826034734864
1720.1900482320787,-70.20886845756829,-70.20886845756829
1720.2000482320786,-70.20948464071662,-70.20948464071662
1720.2100482320786,-70.21010902698679,-70.21010902698679
1720.2200482320786,-70.21074174399057,-70.21074174399057
1720.2300482320786,-70.21138291688595,-70.21138291688595
1720.2400482320786,-70.21203266853846,-70.21203266853846
1720.2500482320786,-70.21269111959242,-70.21269111959242
1720.2600482320786,-70.21335838859173,-70.21335838859173
1720.2700482320786,-70.21403459204912,-70.21403459204912
1720.2800482320786,-70.21471984451615,-70.21471984451615
1720.2900482320786,-70.21541425864326,-70.21541425864326
1720.3000482320786,-70.21611794521866,-70.21611794521866
1720.3100482320785,-70.21683101322913,-70.21683101322913
1720.3200482320785,-70.21755356985662,-70.21755356985662
1720.3300482320785,-70.21828572056319,-70.21828572056319
1720.3400482320785,-70.21902756906388,-70.21902756906388
1720.3500482320785,-70.21977921739081,-70.21977921739081
1720.3600482320785,-70.22054076588553,-70.22054076588553
1720.3700482320785,-70.22131231322079,-70.22131231322079
1720.3800482320785,-70.22209395642571,-70.22209395642571
1720.3900482320785,-70.22288579087594,-70.22288579087594
1720.4000482559204,-70.22368791223693,-70.22368791223693
1720.4100482559204,-70.2245004088571,-70.2245004088571
1720.4200482559204,-70.22532337313797,-70.22532337313797
1720.4300482559204,-70.22615689399596,-70.22615689399596
1720.4400482559204,-70.22700105878133,-70.22700105878133
1720.4500482559204,-70.22785595323296,-70.22785595323296
1720.4600482559204,-70.22871554708401,-70.22871554708401
1720.4700482559203,-70.22957725101492,-70.22957725101492
1720.4800482559203,-70.23043985053526,-70.23043985053526
1720.4900482559203,-70.23130276690429,-70.23130276690429
1720.5000482559203,-70.23216577494357,-70.23216577494357
1720.5100482559203,-70.23302885634308,-70.23302885634308
1720.5200482559203,-70.23389211360062,-70.23389211360062
1720.5300482559205,-70.23475571832806,-70.23475571832806
1720.5400482559205,-70.23561988008233,-70.23561988008233
1720.5500482559205,-70.23648482770675,-70.23648482770675
1720.5600482559205,-70.23735079822913,-70.23735079822913
1720.5700482559205,-70.23821803030599,-70.23821803030599
1720.5800482559205,-70.23908676054678,-70.23908676054678
1720.5900482559205,-70.23995722143827,-70.23995722143827
1720.6000482559205,-70.24082964038875,-70.24082964038875
1720.6100482559204,-70.241704239323,-70.241704239323
1720.6200482559204,-70.24258123468535,-70.24258123468535
1720.6300482559204,-70.24346083756934,-70.24346083756934
1720.6400482559204,-70.24434325401918,-70.24434325401918
1720.6500482559204,-70.24522868533096,-70.24522868533096
1720.6600482559204,-70.2461173283509,-70.2461173283509
1720.6700482559204,-70.24700937580775,-70.24700937580775
1720.6800482559204,-70.24790501657124,-70.24790501657124
1720.6900482559204,-70.24880443591135,-70.24880443591135
1720.7000482559204,-70.24970781570723,-70.24970781570723
1720.7100482559204,-70.25061533467412,-70.25061533467412
1720.7200482559203,-70.25152716849706,-70.25152716849706
1720.7300482559203,-70.25244348998424,-70.25244348998424
1720.7400482559203,-70.25336446920615,-70.25336446920615
1720.7500482559203,-70.25429027360325,-70.25429027360325
1720.7600482559203,-70.25522106804829,-70.25522106804829
1720.7700482559203,-70.25615701495144,-70.25615701495144
1720.7800482559205,-70.25709827432802,-70.25709827432802
1720.7900482559205,-70.2580450038309,-70.2580450038309
1720.8000482559205,-70.25899735881369,-70.25899735881369
1720.8100482559205,-70.25995549237253,-70.25995549237253
1720.8200482559205,-70.26091955536904,-70.26091955536904
1720.8300482559205,-70.26188969648602,-70.26188969648602
1720.8400482559205,-70.26286606221827,-70.26286606221827
1720.8500482559205,-70.2638487969185,-70.2638487969185
1720.8600482559204,-70.26483804280409,-70.26483804280409
1720.8700482559204,-70.2658339399826,-70.2658339399826
1720.8800482559204,-70.2668366264707,-70.2668366264707
1720.8900482559204,-70.26784623818419,-70.26784623818419
1720.9000482559204,-70.26886290898615,-70.26886290898615
1720.9100482559204,-70.26988677066899,-70.26988677066899
1720.9200482559204,-70.27091795297044,-70.27091795297044
1720.9300482559204,-70.27195658360667,-70.27195658360667
1720.9400482559204,-70.27300278824926,-70.27300278824926
1720.9500482559204,-70.274056690559,-70.274056690559
1720.9600482559204,-70.2751122935797,-70.2751122935797
1720.9700482559203,-70.27616704315594,-70.27616704315594
1720.9800482559203,-70.2772197603742,-70.2772197603742
1720.9900482559203,-70.27826990201075,-70.27826990201075
1721.0000482559203,-70.27931727815448,-70.27931727815448
1721.0100482559203,-70.28036190548588,-70.28036190548588
1721.0200482559203,-70.28140392114655,-70.28140392114655
1721.0300482559205,-70.2824435310229,-70.2824435310229
1721.0400482559205,-70.28348097859019,-70.28348097859019
1721.0500482559205,-70.2845165262486,-70.2845165262486
1721.0600482559205,-70.28555044419689,-70.28555044419689
1721.0700482559205,-70.286583003917,-70.286583003917
1721.0800482559205,-70.28761447443765,-70.28761447443765
1721.0900482559205,-70.28864512032361,-70.28864512032361
1721.1000482559205,-70.28967520068095,-70.28967520068095
1721.1100482559204,-70.29070496878337,-70.29070496878337
1721.1200482559204,-70.29173467203064,-70.29173467203064
1721.1300482559204,-70.29276455214837,-70.29276455214837
1721.1400482559204,-70.29379484541464,-70.29379484541464
1721.1500482559204,-70.29482578302932,-70.29482578302932
1721.1600482559204,-70.29585759138538,-70.29585759138538
1721.1700482559204,-70.29689049239198,-70.29689049239198
1721.1800482559204,-70.29792470376279,-70.29792470376279
1721.1900482559204,-70.2989604392605,-70.2989604392605
1721.2000482559204,-70.29999790891893,-70.29999790891893
1721.2100482559204,-70.30103731924383,-70.30103731924383
1721.2200482559203,-70.30207887339414,-70.30207887339414
1721.2300482559203,-70.30312277131932,-70.30312277131932
1721.2400482559203,-70.30416920988287,-70.30416920988287
1721.2500482797623,-70.30521838549456,-70.30521838549456
1721.2600482797623,-70.30627048417706,-70.30627048417706
1721.2700482797622,-70.30732569665834,-70.30732569665834
1721.2800482797622,-70.30838420844148,-70.30838420844148
1721.2900482797622,-70.30944620237018,-70.30944620237018
1721.3000482797622,-70.31051185865837,-70.31051185865837
1721.3100482797622,-70.31158135496162,-70.31158135496162
1721.3200482797622,-70.31265486639188,-70.31265486639188
1721.3300482797622,-70.3137325655702,-70.3137325655702
1721.3400482797622,-70.31481462263301,-70.31481462263301
1721.3500482797622,-70.31590120527963,-70.31590120527963
1721.3600482797622,-70.31699247877839,-70.31699247877839
1721.3700482797622,-70.31808860599838,-70.31808860599838
1721.3800482797624,-70.31918974741595,-70.31918974741595
1721.3900482797624,-70.32029606114386,-70.32029606114386
1721.4000482797624,-70.32140770293414,-70.32140770293414
1721.4100482797623,-70.32252482621038,-70.32252482621038
1721.4200482797623,-70.32364758206174,-70.32364758206174
1721.4300482797623,-70.32477611927963,-70.32477611927963
1721.4400482797623,-70.3259105843376,-70.3259105843376
1721.4500482797623,-70.32705112144194,-70.32705112144194
1721.4600482797623,-70.32819174939961,-70.32819174939961
1721.4700482797623,-70.32932993223204,-70.32932993223204
1721.4800482797623,-70.33046450990354,-70.33046450990354
1721.4900482797623,-70.3315949582531,-70.3315949582531
1721.5000482797623,-70.33272110640566,-70.33272110640566
1721.5100482797623,-70.33384298994896,-70.33384298994896
1721.5200482797622,-70.334960764791,-70.334960764791
1721.5300482797622,-70.33607465536663,-70.33607465536663
1721.5400482797622,-70.33718492350513,-70.33718492350513
1721.5500482797622,-70.33829184972726,-70.33829184972726
1721.5600482797622,-70.33939572213995,-70.33939572213995
1721.5700482797622,-70.34049682991333,-70.34049682991333
1721.5800482797622,-70.34159545954674,-70.34159545954674
1721.5900482797622,-70.34269189285874,-70.34269189285874
1721.6000482797622,-70.34378640598798,-70.34378640598798
1721.6100482797622,-70.34487926902801,-70.34487926902801
1721.6200482797622,-70.34597074598967,-70.34597074598967
1721.6300482797624,-70.34706109499363,-70.34706109499363
1721.6400482797624,-70.34815056852737,-70.34815056852737
1721.6500482797624,-70.34923941376748,-70.34923941376748
1721.6600482797623,-70.35032787289893,-70.35032787289893
1721.6700482797623,-70.35141618343403,-70.35141618343403
1721.6800482797623,-70.3525045784631,-70.3525045784631
1721.6900482797623,-70.35359328695894,-70.35359328695894
1721.7000482797623,-70.35468253395884,-70.35468253395884
1721.7100482797623,-70.35577254078412,-70.35577254078412
1721.7200482797623,-70.35686352523156,-70.35686352523156
1721.7300482797623,-70.35795570168399,-70.35795570168399
1721.7400482797623,-70.35904928128133,-70.35904928128133
1721.7500482797623,-70.36014447200101,-70.36014447200101
1721.7600482797623,-70.36124147877207,-70.36124147877207
1721.7700482797622,-70.36234050355515,-70.36234050355515
1721.7800482797622,-70.36344174540801,-70.36344174540801
1721.7900482797622,-70.36454540055425,-70.36454540055425
1721.8000482797622,-70.36565166242718,-70.36565166242718
1721.8100482797622,-70.36676072172571,-70.36676072172571
1721.8200482797622,-70.36787276644009,-70.36787276644009
1721.8300482797622,-70.36898798190417,-70.36898798190417
1721.8400482797622,-70.37010655082233,-70.37010655082233
1721.8500482797622,-70.3712286532844,-70.3712286532844
1721.8600482797622,-70.37235446680215,-70.37235446680215
1721.8700482797622,-70.37348416631626,-70.37348416631626
1721.8800482797624,-70.3746179242529,-70.3746179242529
1721.8900482797624,-70.37575591049102,-70.37575591049102
1721.9000482797624,-70.37689829242834,-70.37689829242834
1721.9100482797623,-70.37804523497033,-70.37804523497033
1721.9200482797623,-70.3791969005362,-70.3791969005362
1721.9300482797623,-70.38035344911525,-70.38035344911525
1721.9400482797623,-70.38151503824443,-70.38151503824443
1721.9500482797623,-70.3826818230403,-70.3826818230403
1721.9600482797623,-70.3838539562068,-70.3838539562068
1721.9700482797623,-70.3850315880555,-70.3850315880555
1721.9800482797623,-70.3862148665133,-70.3862148665133
1721.9900482797623,-70.38740393714981,-70.38740393714981
1722.0000482797623,-70.38859894317837,-70.38859894317837
1722.0100482797623,-70.38980002548033,-70.38980002548033
1722.0200482797622,-70.39100732261777,-70.39100732261777
1722.0300482797622,-70.3922209708502,-70.3922209708502
1722.0400482797622,-70.39344110414439,-70.39344110414439
1722.0500482797622,-70.39466785419395,-70.39466785419395
1722.0600482797622,-70.39590135044426,-70.39590135044426
1722.0700482797622,-70.39714172010054,-70.39714172010054
1722.0800482797622,-70.39838908814573,-70.39838908814573
1722.0900482797622,-70.39964357735931,-70.39964357735931
1722.1000483036041,-70.40090531133292,-70.40090531133292
1722.1100483036041,-70.40217440250306,-70.40217440250306
1722.120048303604,-70.40345097012059,-70.40345097012059
1722.130048303604,-70.40473512832158,-70.40473512832158
1722.140048303604,-70.40602698913703,-70.40602698913703
1722.150048303604,-70.40732666248655,-70.40732666248655
1722.160048303604,-70.40863425622754,-70.40863425622754
1722.170048303604,-70.40994987614813,-70.40994987614813
1722.180048303604,-70.41127362601357,-70.41127362601357
1722.190048303604,-70.41260560755418,-70.41260560755418
1722.200048303604,-70.41394592050445,-70.41394592050445
1722.210048303604,-70.41528853167306,-70.41528853167306
1722.220048303604,-70.41663085770521,-70.41663085770521
1722.2300483036042,-70.41797169316814,-70.41797169316814
1722.2400483036042,-70.41931046953277,-70.41931046953277
1722.2500483036042,-70.42064697228221,-70.42064697228221
1722.2600483036042,-70.42198119391718,-70.42198119391718
1722.2700483036042,-70.4233132476848,-70.4233132476848
1722.2800483036042,-70.4246433157949,-70.4246433157949
1722.2900483036042,-70.4259716182054,-70.4259716182054
1722.3000483036042,-70.4272983939703,-70.4272983939703
1722.3100483036042,-70.4286238900702,-70.4286238900702
1722.3200483036042,-70.42994835491805,-70.42994835491805
1722.3300483036041,-70.4312720346155,-70.4312720346155
1722.3400483036041,-70.43259517095909,-70.43259517095909
1722.3500483036041,-70.43391800043416,-70.43391800043416
1722.3600483036041,-70.43524075386053,-70.43524075386053
1722.370048303604,-70.4365636563617,-70.4365636563617
1722.380048303604,-70.43788692754536,-70.43788692754536
1722.390048303604,-70.43921078177665,-70.43921078177665
1722.400048303604,-70.44053542851236,-70.44053542851236
1722.410048303604,-70.44186107260772,-70.44186107260772
1722.420048303604,-70.44318791463854,-70.44318791463854
1722.430048303604,-70.44451615116807,-70.44451615116807
1722.440048303604,-70.44584597502927,-70.44584597502927
1722.450048303604,-70.44717757554508,-70.44717757554508
1722.460048303604,-70.44851113872066,-70.44851113872066
1722.470048303604,-70.44984684743773,-70.44984684743773
1722.4800483036042,-70.45118488158383,-70.45118488158383
1722.4900483036042,-70.45252541819504,-70.45252541819504
1722.5000483036042,-70.45386863156763,-70.45386863156763
1722.5100483036042,-70.45521469335414,-70.45521469335414
1722.5200483036042,-70.45656377264645,-70.45656377264645
1722.5300483036042,-70.4579160360494,-70.4579160360494
1722.5400483036042,-70.45927164772952,-70.45927164772952
1722.5500483036042,-70.46063076947317,-70.46063076947317
1722.5600483036042,-70.46199356074534,-70.46199356074534
1722.5700483036042,-70.46336017871515,-70.46336017871515
1722.5800483036041,-70.46473077827783,-70.46473077827783
1722.5900483036041,-70.46610551210694,-70.46610551210694
1722.6000483036041,-70.46748453066714,-70.46748453066714
1722.6100483036041,-70.4688679822443,-70.4688679822443
1722.620048303604,-70.4702560129575,-70.4702560129575
1722.630048303604,-70.47164876677795,-70.47164876677795
1722.640048303604,-70.47304638556137,-70.47304638556137
1722.650048303604,-70.47444900904063,-70.47444900904063
1722.660048303604,-70.47585677485054,-70.47585677485054
1722.670048303604,-70.47726981854598,-70.47726981854598
1722.680048303604,-70.47868827360605,-70.47868827360605
1722.690048303604,-70.48011227145516,-70.48011227145516
1722.700048303604,-70.48154194146584,-70.48154194146584
1722.710048303604,-70.48297741097825,-70.48297741097825
1722.720048303604,-70.48441880531189,-70.48441880531189
1722.7300483036042,-70.48586624776283,-70.48586624776283
1722.7400483036042,-70.48731985964436,-70.48731985964436
1722.7500483036042,-70.48877976026688,-70.48877976026688
1722.7600483036042,-70.49024606697205,-70.49024606697205
1722.7700483036042,-70.49171889512897,-70.49171889512897
1722.7800483036042,-70.49319835817559,-70.49319835817559
1722.7900483036042,-70.49468456759116,-70.49468456759116
1722.8000483036042,-70.49617763293726,-70.49617763293726
1722.8100483036042,-70.49767766185535,-70.49767766185535
1722.8200483036042,-70.49918476009621,-70.49918476009621
1722.8300483036041,-70.50069903152477,-70.50069903152477
1722.8400483036041,-70.50222057813137,-70.50222057813137
1722.8500483036041,-70.50374950003673,-70.50374950003673
1722.8600483036041,-70.50528589553582,-70.50528589553582
1722.870048303604,-70.50682986108018,-70.50682986108018
1722.880048303604,-70.50838149131066,-70.50838149131066
1722.890048303604,-70.50994087907087,-70.50994087907087
1722.900048303604,-70.51150811541702,-70.51150811541702
1722.910048303604,-70.5130832896326,-70.5130832896326
1722.920048303604,-70.51466648925899,-70.51466648925899
1722.930048303604,-70.51625780008213,-70.51625780008213
1722.940048303604,-70.51785730617719,-70.51785730617719
1722.950048327446,-70.51946509374243,-70.51946509374243
1722.960048327446,-70.52108123581499,-70.52108123581499
1722.970048327446,-70.52270581519643,-70.52270581519643
1722.980048327446,-70.5243389092235,-70.5243389092235
1722.990048327446,-70.52598059360565,-70.52598059360565
1723.000048327446,-70.52763094241382,-70.52763094241382
1723.010048327446,-70.52929002812357,-70.52929002812357
1723.020048327446,-70.53095792160765,-70.53095792160765
1723.030048327446,-70.53263469216547,-70.53263469216547
1723.040048327446,-70.53432040753981,-70.53432040753981
1723.050048327446,-70.53601513393647,-70.53601513393647
1723.0600483274459,-70.53771893603533,-70.53771893603533
1723.0700483274459,-70.5394318770009,-70.5394318770009
1723.080048327446,-70.54115401851529,-70.54115401851529
1723.090048327446,-70.54288542078656,-70.54288542078656
1723.100048327446,-70.54462614256394,-70.54462614256394
1723.110048327446,-70.54637624116249,-70.54637624116249
1723.120048327446,-70.54813577246456,-70.54813577246456
1723.130048327446,-70.54990479095494,-70.54990479095494
1723.140048327446,-70.55168334972788,-70.55168334972788
1723.150048327446,-70.55347150049822,-70.55347150049822
1723.160048327446,-70.55526929363644,-70.55526929363644
1723.170048327446,-70.5570767781644,-70.5570767781644
1723.180048327446,-70.55889400179235,-70.55889400179235
1723.190048327446,-70.5607210109134,-70.5607210109134
1723.200048327446,-70.56255785063962,-70.56255785063962
1723.210048327446,-70.56440456480159,-70.56440456480159
1723.220048327446,-70.56626119597861,-70.56626119597861
1723.230048327446,-70.56812778551539,-70.56812778551539
1723.240048327446,-70.57000437352316,-70.57000437352316
1723.250048327446,-70.57189099890948,-70.57189099890948
1723.260048327446,-70.57378769938174,-70.57378769938174
1723.270048327446,-70.57569451148488,-70.57569451148488
1723.280048327446,-70.5776114705906,-70.5776114705906
1723.290048327446,-70.57953861092672,-70.57953861092672
1723.300048327446,-70.58147596559631,-70.58147596559631
1723.3100483274459,-70.58342356658518,-70.58342356658518
1723.3200483274459,-70.58538144478318,-70.58538144478318
1723.330048327446,-70.58734962998463,-70.58734962998463
1723.340048327446,-70.58932815093323,-70.58932815093323
1723.350048327446,-70.59131703530177,-70.59131703530177
1723.360048327446,-70.59331630973136,-70.59331630973136
1723.370048327446,-70.59532599983329,-70.59532599983329
1723.380048327446,-70.59734613022204,-70.59734613022204
1723.390048327446,-70.59937672449962,-70.59937672449962
1723.400048327446,-70.60141780528613,-70.60141780528613
1723.410048327446,-70.6034693942453,-70.6034693942453
1723.420048327446,-70.60553151208265,-70.60553151208265
1723.430048327446,-70.60760417855538,-70.60760417855538
1723.440048327446,-70.60968741250859,-70.60968741250859
1723.450048327446,-70.61178123186929,-70.61178123186929
1723.460048327446,-70.61388565365407,-70.61388565365407
1723.470048327446,-70.61600069400524,-70.61600069400524
1723.480048327446,-70.61812636818483,-70.61812636818483
1723.490048327446,-70.62026269060418,-70.62026269060418
1723.500048327446,-70.62240967481075,-70.62240967481075
1723.510048327446,-70.6245673335369,-70.6245673335369
1723.520048327446,-70.62673567868272,-70.62673567868272
1723.530048327446,-70.62891472133515,-70.62891472133515
1723.540048327446,-70.6311044717878,-70.6311044717878
1723.550048327446,-70.63330493954963,-70.63330493954963
1723.5600483274459,-70.6355161333511,-70.6355161333511
1723.5700483274459,-70.6377380611675,-70.6377380611675
1723.580048327446,-70.63997073022522,-70.63997073022522
1723.590048327446,-70.6422141470029,-70.6422141470029
1723.600048327446,-70.64446831725944,-70.64446831725944
1723.610048327446,-70.64673324603373,-70.64673324603373
1723.620048327446,-70.64900893766449,-70.64900893766449
1723.630048327446,-70.6512953957985,-70.6512953957985
1723.640048327446,-70.65359262339776,-70.65359262339776
1723.650048327446,-70.65590062274302,-70.65590062274302
1723.660048327446,-70.65821939546758,-70.65821939546758
1723.670048327446,-70.6605489425546,-70.6605489425546
1723.680048327446,-70.66288926432854,-70.66288926432854
1723.690048327446,-70.66524036049718,-70.66524036049718
1723.700048327446,-70.66760223016271,-70.66760223016271
1723.710048327446,-70.66996871540726,-70.66996871540726
1723.720048327446,-70.67233712178411,-70.67233712178411
1723.730048327446,-70.67470613905611,-70.67470613905611
1723.740048327446,-70.67707509752094,-70.67707509752094
1723.750048327446,-70.67944368413873,-70.67944368413873
1723.760048327446,-70.68181179497465,-70.68181179497465
1723.770048327446,-70.68417944870113,-70.68417944870113
1723.780048327446,-70.6865467345931,-70.6865467345931
1723.790048327446,-70.68891378124647,-70.68891378124647
1723.8000483512878,-70.69128074345586,-70.69128074345586
1723.8100483512878,-70.6936477684909,-70.6936477684909
1723.8200483512878,-70.69601502334565,-70.69601502334565
1723.8300483512878,-70.69838266845741,-70.69838266845741
1723.8400483512878,-70.70075086131865,-70.70075086131865
1723.8500483512878,-70.70311975542906,-70.70311975542906
1723.8600483512878,-70.70548949994122,-70.70548949994122
1723.8700483512878,-70.70786023961087,-70.70786023961087
1723.8800483512878,-70.7102321149454,-70.7102321149454
1723.8900483512878,-70.71260526248427,-70.71260526248427
1723.9000483512878,-70.71497981508703,-70.71497981508703
1723.9100483512877,-70.71735590225177,-70.71735590225177
1723.9200483512877,-70.7197336503991,-70.7197336503991
1723.930048351288,-70.72211318315004,-70.72211318315004
1723.940048351288,-70.72449462156396,-70.72449462156396
1723.950048351288,-70.72687808434883,-70.72687808434883
1723.960048351288,-70.72925752637222,-70.72925752637222
1723.970048351288,-70.73163036742814,-70.73163036742814
1723.980048351288,-70.73399541142028,-70.73399541142028
1723.990048351288,-70.73635210217513,-70.73635210217513
1724.000048351288,-70.73870023939548,-70.73870023939548
1724.0100483512879,-70.74103983112198,-70.74103983112198
1724.0200483512879,-70.74337100719119,-70.74337100719119
1724.0300483512879,-70.74569396724254,-70.74569396724254
1724.0400483512879,-70.74800894948245,-70.74800894948245
1724.0500483512878,-70.75031621190308,-70.75031621190308
1724.0600483512878,-70.75261602115114,-70.75261602115114
1724.0700483512878,-70.75490864593665,-70.75490864593665
1724.0800483512878,-70.75719435334062,-70.75719435334062
1724.0900483512878,-70.7594734067497,-70.7594734067497
1724.1000483512878,-70.76174606484201,-70.76174606484201
1724.1100483512878,-70.76401258122524,-70.76401258122524
1724.1200483512878,-70.7662732043654,-70.7662732043654
1724.1300483512878,-70.76852817774895,-70.76852817774895
1724.1400483512878,-70.77077774015352,-70.77077774015352
1724.1500483512878,-70.77302212591894,-70.77302212591894
1724.1600483512877,-70.77526156525504,-70.77526156525504
1724.1700483512877,-70.77749628453786,-70.77749628453786
1724.180048351288,-70.77972650656376,-70.77972650656376
1724.190048351288,-70.78195245077954,-70.78195245077954
1724.200048351288,-70.78417433347957,-70.78417433347957
1724.210048351288,-70.78639236801205,-70.78639236801205
1724.220048351288,-70.7886067648974,-70.7886067648974
1724.230048351288,-70.79081773198314,-70.79081773198314
1724.240048351288,-70.79302547454225,-70.79302547454225
1724.250048351288,-70.79523019534999,-70.79523019534999
1724.2600483512879,-70.79743209478602,-70.79743209478602
1724.2700483512879,-70.79963137088073,-70.79963137088073
1724.2800483512879,-70.80182821935394,-70.80182821935394
1724.2900483512879,-70.80402283368113,-70.80402283368113
1724.3000483512878,-70.80621540511682,-70.80621540511682
1724.3100483512878,-70.80840612272584,-70.80840612272584
1724.3200483512878,-70.81059517338167,-70.81059517338167
1724.3300483512878,-70.81278274181314,-70.81278274181314
1724.3400483512878,-70.8149690106147,-70.8149690106147
1724.3500483512878,-70.81715416023388,-70.81715416023388
1724.3600483512878,-70.81933836900338,-70.81933836900338
1724.3700483512878,-70.8215218131227,-70.8215218131227
1724.3800483512878,-70.82370466668897,-70.82370466668897
1724.3900483512878,-70.82588710169205,-70.82588710169205
1724.4000483512878,-70.82806928800603,-70.82806928800603
1724.4100483512877,-70.83025139340094,-70.83025139340094
1724.4200483512877,-70.83243358355325,-70.83243358355325
1724.430048351288,-70.83461602202517,-70.83461602202517
1724.440048351288,-70.83679887029162,-70.83679887029162
1724.450048351288,-70.8389822877341,-70.8389822877341
1724.460048351288,-70.8411664316245,-70.8411664316245
1724.470048351288,-70.84335145715416,-70.84335145715416
1724.480048351288,-70.84553751743005,-70.84553751743005
1724.490048351288,-70.84772476347145,-70.84772476347145
1724.500048351288,-70.84991334421582,-70.84991334421582
1724.5100483512879,-70.85210340652151,-70.85210340652151
1724.5200483512879,-70.8542950951901,-70.8542950951901
1724.5300483512879,-70.85648855295698,-70.85648855295698
1724.5400483512879,-70.85868392049674,-70.85868392049674
1724.5500483512878,-70.86088133643554,-70.86088133643554
1724.5600483512878,-70.8630809373527,-70.8630809373527
1724.5700483512878,-70.8652828578018,-70.8652828578018
1724.5800483512878,-70.86748723030685,-70.86748723030685
1724.5900483512878,-70.86969418537697,-70.86969418537697
1724.6000483512878,-70.87190385151382,-70.87190385151382
1724.6100483512878,-70.87411635523195,-70.87411635523195
1724.6200483512878,-70.87633182105061,-70.87633182105061
1724.6300483512878,-70.87855037152293,-70.87855037152293
1724.6400483512878,-70.88077212722935,-70.88077212722935
1724.6500483751297,-70.88299721211389,-70.88299721211389
1724.6600483751297,-70.88522573229392,-70.88522573229392
1724.6700483751297,-70.88745780782226,-70.88745780782226
1724.6800483751297,-70.8896935515794,-70.8896935515794
1724.6900483751297,-70.89193307453787,-70.89193307453787
1724.7000483751297,-70.89417648577712,-70.89417648577712
1724.7100483751296,-70.8964238925266,-70.8964238925266
1724.7200483751296,-70.89867540016049,-70.89867540016049
1724.7300483751296,-70.90093111220283,-70.90093111220283
1724.7400483751296,-70.90319113036365,-70.90319113036365
1724.7500483751296,-70.90545555453882,-70.90545555453882
1724.7600483751296,-70.90772448284088,-70.90772448284088
1724.7700483751296,-70.90999801160635,-70.90999801160635
1724.7800483751298,-70.91227623540091,-70.91227623540091
1724.7900483751298,-70.9145592470729,-70.9145592470729
1724.8000483751298,-70.91684713771103,-70.91684713771103
1724.8100483751298,-70.91913999671947,-70.91913999671947
1724.8200483751298,-70.92143791179657,-70.92143791179657
1724.8300483751298,-70.92374096896845,-70.92374096896845
1724.8400483751298,-70.92604925260405,-70.92604925260405
1724.8500483751297,-70.92836284542967,-70.92836284542967
1724.8600483751297,-70.93068182854212,-70.93068182854212
1724.8700483751297,-70.9330062814417,-70.9330062814417
1724.8800483751297,-70.93533628202141,-70.93533628202141
1724.8900483751297,-70.93767190661619,-70.93767190661619
1724.9000483751297,-70.94001322999675,-70.94001322999675
1724.9100483751297,-70.94236032539848,-70.94236032539848
1724.9200483751297,-70.94471326453372,-70.94471326453372
1724.9300483751297,-70.94707211761562,-70.94707211761562
1724.9400483751297,-70.94943695337523,-70.94943695337523
1724.9500483751297,-70.95180783904918,-70.95180783904918
1724.9600483751296,-70.9541848404572,-70.9541848404572
1724.9700483751296,-70.95656802196346,-70.95656802196346
1724.9800483751296,-70.95895744651565,-70.95895744651565
1724.9900483751296,-70.96135317566606,-70.96135317566606
1725.0000483751296,-70.96375526958492,-70.96375526958492
1725.0100483751296,-70.96616378707397,-70.96616378707397
1725.0200483751296,-70.96857878558694,-70.96857878558694
1725.0300483751298,-70.97100032124716,-70.97100032124716
1725.0400483751298,-70.9734284488575,-70.9734284488575
1725.0500483751298,-70.975863221928,-70.975863221928
1725.0600483751298,-70.97830469267603,-70.97830469267603
1725.0700483751298,-70.98075291207307,-70.98075291207307
1725.0800483751298,-70.98320792982061,-70.98320792982061
1725.0900483751298,-70.98566979440264,-70.98566979440264
1725.1000483751297,-70.9881385530789,-70.9881385530789
1725.1100483751297,-70.99061425190722,-70.99061425190722
1725.1200483751297,-70.99309693576795,-70.99309693576795
1725.1300483751297,-70.99558664836505,-70.99558664836505
1725.1400483751297,-70.99808343225325,-70.99808343225325
1725.1500483751297,-71.00058732885216,-71.00058732885216
1725.1600483751297,-71.00309837845491,-71.00309837845491
1725.1700483751297,-71.00561662025615,-71.00561662025615
1725.1800483751297,-71.0081420923489,-71.0081420923489
1725.1900483751297,-71.01067483175271,-71.01067483175271
1725.2000483751297,-71.0132148744279,-71.0132148744279
1725.2100483751296,-71.01576225529347,-71.01576225529347
1725.2200483751296,-71.01831700822824,-71.01831700822824
1725.2300483751296,-71.02087916609442,-71.02087916609442
1725.2400483751296,-71.02344876076033,-71.02344876076033
1725.2500483751296,-71.0260258230959,-71.0260258230959
1725.2600483751296,-71.0286103830015,-71.0286103830015
1725.2700483751296,-71.0312024694156,-71.0312024694156
1725.2800483751298,-71.03380211032545,-71.03380211032545
1725.2900483751298,-71.03640933279506,-71.03640933279506
1725.3000483751298,-71.03902416296468,-71.03902416296468
1725.3100483751298,-71.04164662605797,-71.04164662605797
1725.3200483751298,-71.04427674642838,-71.04427674642838
1725.3300483751298,-71.04691454752071,-71.04691454752071
1725.3400483751298,-71.04956005194387,-71.04956005194387
1725.3500483751297,-71.05221328143038,-71.05221328143038
1725.3600483751297,-71.05487425687551,-71.05487425687551
1725.3700483751297,-71.05754299835321,-71.05754299835321
1725.3800483751297,-71.0602195251149,-71.0602195251149
1725.3900483751297,-71.06290385560666,-71.06290385560666
1725.4000483751297,-71.06559600749023,-71.06559600749023
1725.4100483751297,-71.06829599763348,-71.06829599763348
1725.4200483751297,-71.07100384215441,-71.07100384215441
1725.4300483751297,-71.07371955639765,-71.07371955639765
1725.4400483751297,-71.0764431549713,-71.0764431549713
1725.4500483751297,-71.07917465174292,-71.07917465174292
1725.4600483751296,-71.0819078655852,-71.0819078655852
1725.4700483751296,-71.0846400986257,-71.0846400986257
1725.4800483751296,-71.08737004505976,-71.08737004505976
1725.4900483751296,-71.09009704321221,-71.09009704321221
1725.5000483989716,-71.0928207964878,-71.0928207964878
1725.5100483989715,-71.09554119909097,-71.09554119909097
1725.5200483989715,-71.09825828799625,-71.09825828799625
1725.5300483989715,-71.10097216468907,-71.10097216468907
1725.5400483989715,-71.10368297025684,-71.10368297025684
1725.5500483989715,-71.10639086648092,-71.10639086648092
1725.5600483989715,-71.1090960246406,-71.1090960246406
1725.5700483989715,-71.11179861889948,-71.11179861889948
1725.5800483989715,-71.11449882253679,-71.11449882253679
1725.5900483989715,-71.11719680588888,-71.11719680588888
1725.6000483989715,-71.11989273533548,-71.11989273533548
1725.6100483989715,-71.1225867728933,-71.1225867728933
1725.6200483989714,-71.12527907617826,-71.12527907617826
1725.6300483989717,-71.12796979855592,-71.12796979855592
1725.6400483989717,-71.1306590893972,-71.1306590893972
1725.6500483989716,-71.13334709437638,-71.13334709437638
1725.6600483989716,-71.13603395578208,-71.13603395578208
1725.6700483989716,-71.13871981280032,-71.13871981280032
1725.6800483989716,-71.14140480177272,-71.14140480177272
1725.6900483989716,-71.14408905647083,-71.14408905647083
1725.7000483989716,-71.14677270826637,-71.14677270826637
1725.7100483989716,-71.14944968617674,-71.14944968617674
1725.7200483989716,-71.1521174044617,-71.1521174044617
1725.7300483989716,-71.15477466959076,-71.15477466959076
1725.7400483989716,-71.15742093165501,-71.15742093165501
1725.7500483989716,-71.1600559987067,-71.1600559987067
1725.7600483989715,-71.16267988834156,-71.16267988834156
1725.7700483989715,-71.16529274070774,-71.16529274070774
1725.7800483989715,-71.1678947662457,-71.1678947662457
1725.7900483989715,-71.17048621425207,-71.17048621425207
1725.8000483989715,-71.17306735401841,-71.17306735401841
1725.8100483989715,-71.17563846361972,-71.17563846361972
1725.8200483989715,-71.1781998233193,-71.1781998233193
1725.8300483989715,-71.18075171181162,-71.18075171181162
1725.8400483989715,-71.18329440413923,-71.18329440413923
1725.8500483989715,-71.18582817071517,-71.18582817071517
1725.8600483989715,-71.18835327686881,-71.18835327686881
1725.8700483989714,-71.19086998283545,-71.19086998283545
1725.8800483989717,-71.19337854389785,-71.19337854389785
1725.8900483989717,-71.19587921061422,-71.19587921061422
1725.9000483989716,-71.198372229128,-71.198372229128
1725.9100483989716,-71.20085784146761,-71.20085784146761
1725.9200483989716,-71.20333628581513,-71.20333628581513
1725.9300483989716,-71.20580779674854,-71.20580779674854
1725.9400483989716,-71.20827260551548,-71.20827260551548
1725.9500483989716,-71.2107309401913,-71.2107309401913
1725.9600483989716,-71.21318302587565,-71.21318302587565
1725.9700483989716,-71.21562908484424,-71.21562908484424
1725.9800483989716,-71.21806933666298,-71.21806933666298
1725.9900483989716,-71.22050399830394,-71.22050399830394
1726.0000483989716,-71.22293328421691,-71.22293328421691
1726.0100483989715,-71.22535740643335,-71.22535740643335
1726.0200483989715,-71.22777657458244,-71.22777657458244
1726.0300483989715,-71.23019099598541,-71.23019099598541
1726.0400483989715,-71.23260087566999,-71.23260087566999
1726.0500483989715,-71.23500641640825,-71.23500641640825
1726.0600483989715,-71.23740781873016,-71.23740781873016
1726.0700483989715,-71.23980528096962,-71.23980528096962
1726.0800483989715,-71.24219899924965,-71.24219899924965
1726.0900483989715,-71.24458916752496,-71.24458916752496
1726.1000483989715,-71.24697597756077,-71.24697597756077
1726.1100483989715,-71.24935961896593,-71.24935961896593
1726.1200483989714,-71.25174027918253,-71.25174027918253
1726.1300483989717,-71.25411814348905,-71.25411814348905
1726.1400483989717,-71.25649339501075,-71.25649339501075
1726.1500483989716,-71.25886621472966,-71.25886621472966
1726.1600483989716,-71.26123678146533,-71.26123678146533
1726.1700483989716,-71.2636052718874,-71.2636052718874
1726.1800483989716,-71.26597186051711,-71.26597186051711
1726.1900483989716,-71.26833671973759,-71.26833671973759
1726.2000483989716,-71.27070001976234,-71.27070001976234
1726.2100483989716,-71.27306192868754,-71.27306192868754
1726.2200483989716,-71.2754226124449,-71.2754226124449
1726.2300483989716,-71.2777822348526,-71.2777822348526
1726.2400483989716,-71.28014095756348,-71.28014095756348
1726.2500483989716,-71.28249894013179,-71.28249894013179
1726.2600483989715,-71.2848563399616,-71.2848563399616
1726.2700483989715,-71.28721331235128,-71.28721331235128
1726.2800483989715,-71.28957001046412,-71.28957001046412
1726.2900483989715,-71.29192658537136,-71.29192658537136
1726.3000483989715,-71.29428318603584,-71.29428318603584
1726.3100483989715,-71.29663995931664,-71.29663995931664
1726.3200483989715,-71.29899705000221,-71.29899705000221
1726.3300483989715,-71.30135460079067,-71.30135460079067
1726.3400483989715,-71.30371275232325,-71.30371275232325
1726.3500484228134,-71.30607164878086,-71.30607164878086
1726.3600484228134,-71.30843141546417,-71.30843141546417
1726.3700484228134,-71.3107921924682,-71.3107921924682
1726.3800484228134,-71.31315411224962,-71.31315411224962
1726.3900484228134,-71.31551730525591,-71.31551730525591
1726.4000484228134,-71.31788189992875,-71.31788189992875
1726.4100484228134,-71.32024802271668,-71.32024802271668
1726.4200484228134,-71.32261579809555,-71.32261579809555
1726.4300484228133,-71.32498534857535,-71.32498534857535
1726.4400484228133,-71.32735679472168,-71.32735679472168
1726.4500484228133,-71.32973025515419,-71.32973025515419
1726.4600484228133,-71.33209963101851,-71.33209963101851
1726.4700484228133,-71.33446231779865,-71.33446231779865
1726.4800484228135,-71.33681710672043,-71.33681710672043
1726.4900484228135,-71.33916343413084,-71.33916343413084
1726.5000484228135,-71.34150109503722,-71.34150109503722
1726.5100484228135,-71.34383009425733,-71.34383009425733
1726.5200484228135,-71.34615055917797,-71.34615055917797
1726.5300484228135,-71.34846268730007,-71.34846268730007
1726.5400484228135,-71.35076671470733,-71.35076671470733
1726.5500484228135,-71.35306289714973,-71.35306289714973
1726.5600484228135,-71.3553514987986,-71.3553514987986
1726.5700484228134,-71.35763278558875,-71.35763278558875
1726.5800484228134,-71.35990702148004,-71.35990702148004
1726.5900484228134,-71.36217446638912,-71.36217446638912
1726.6000484228134,-71.36443537515925,-71.36443537515925
1726.6100484228134,-71.36668999717747,-71.36668999717747
1726.6200484228134,-71.36893857632948,-71.36893857632948
1726.6300484228134,-71.37118135116519,-71.37118135116519
1726.6400484228134,-71.37341855515217,-71.37341855515217
1726.6500484228134,-71.3756504170157,-71.3756504170157
1726.6600484228134,-71.37787716098916,-71.37787716098916
1726.6700484228134,-71.38009900716524,-71.38009900716524
1726.6800484228133,-71.38231617175433,-71.38231617175433
1726.6900484228133,-71.38452886732436,-71.38452886732436
1726.7000484228133,-71.38673730304127,-71.38673730304127
1726.7100484228133,-71.3889416848371,-71.3889416848371
1726.7200484228133,-71.39114221559979,-71.39114221559979
1726.7300484228135,-71.39333909530701,-71.39333909530701
1726.7400484228135,-71.39553252113545,-71.39553252113545
1726.7500484228135,-71.39772268759042,-71.39772268759042
1726.7600484228135,-71.39990978658801,-71.39990978658801
1726.7700484228135,-71.4020940075195,-71.4020940075195
1726.7800484228135,-71.40427553733434,-71.40427553733434
1726.7900484228135,-71.40645456057977,-71.40645456057977
1726.8000484228135,-71.40863125945543,-71.40863125945543
1726.8100484228135,-71.41080581385035,-71.41080581385035
1726.8200484228134,-71.41297840138886,-71.41297840138886
1726.8300484228134,-71.4151491974419,-71.4151491974419
1726.8400484228134,-71.41731837516069,-71.41731837516069
1726.8500484228134,-71.41948610549599,-71.41948610549599
1726.8600484228134,-71.42165255721733,-71.42165255721733
1726.8700484228134,-71.42381789694286,-71.42381789694286
1726.8800484228134,-71.42598228913134,-71.42598228913134
1726.8900484228134,-71.42814589610701,-71.42814589610701
1726.9000484228134,-71.4303088780749,-71.4303088780749
1726.9100484228134,-71.43247139313469,-71.43247139313469
1726.9200484228134,-71.43463359726981,-71.43463359726981
1726.9300484228133,-71.4367956443882,-71.4367956443882
1726.9400484228133,-71.43895768631526,-71.43895768631526
1726.9500484228133,-71.44111987279716,-71.44111987279716
1726.9600484228133,-71.44328235152443,-71.44328235152443
1726.9700484228133,-71.44544526813905,-71.44544526813905
1726.9800484228135,-71.44760876624441,-71.44760876624441
1726.9900484228135,-71.4497729873973,-71.4497729873973
1727.0000484228135,-71.4519380711466,-71.4519380711466
1727.0100484228135,-71.45410415502953,-71.45410415502953
1727.0200484228135,-71.4562713745771,-71.4562713745771
1727.0300484228135,-71.45843986332008,-71.45843986332008
1727.0400484228135,-71.46060975283017,-71.46060975283017
1727.0500484228135,-71.46278117269918,-71.46278117269918
1727.0600484228135,-71.46495425056266,-71.46495425056266
1727.0700484228134,-71.4671291121127,-71.4671291121127
1727.0800484228134,-71.4693058811158,-71.4693058811158
1727.0900484228134,-71.47148467941624,-71.47148467941624
1727.1000484228134,-71.47366562694165,-71.47366562694165
1727.1100484228134,-71.47584884173705,-71.47584884173705
1727.1200484228134,-71.47803443996939,-71.47803443996939
1727.1300484228134,-71.48022253592084,-71.48022253592084
1727.1400484228134,-71.48241324204453,-71.48241324204453
1727.1500484228134,-71.48460666894316,-71.48460666894316
1727.1600484228134,-71.48680292539775,-71.48680292539775
1727.1700484228134,-71.48900211838318,-71.48900211838318
1727.1800484228133,-71.49120435309027,-71.49120435309027
1727.1900484228133,-71.49340973290187,-71.49340973290187
1727.2000484466553,-71.49561836472309,-71.49561836472309
1727.2100484466553,-71.49783033792998,-71.49783033792998
1727.2200484466553,-71.50004575593026,-71.50004575593026
1727.2300484466552,-71.50226471516166,-71.50226471516166
1727.2400484466552,-71.50448731037322,-71.50448731037322
1727.2500484466552,-71.50671363461343,-71.50671363461343
1727.2600484466552,-71.50894377927496,-71.50894377927496
1727.2700484466552,-71.51117783409718,-71.51117783409718
1727.2800484466552,-71.51341588718039,-71.51341588718039
1727.2900484466552,-71.51565802500487,-71.51565802500487
1727.3000484466552,-71.51790433244899,-71.51790433244899
1727.3100484466552,-71.52015489281523,-71.52015489281523
1727.3200484466552,-71.52240978782159,-71.52240978782159
1727.3300484466554,-71.52466909764364,-71.52466909764364
1727.3400484466554,-71.52693290092273,-71.52693290092273
1727.3500484466554,-71.52920127478001,-71.52920127478001
1727.3600484466554,-71.5314742948263,-71.5314742948263
1727.3700484466553,-71.53375203519033,-71.53375203519033
1727.3800484466553,-71.53603456854042,-71.53603456854042
1727.3900484466553,-71.53832196608543,-71.53832196608543
1727.4000484466553,-71.54061429760564,-71.54061429760564
1727.4100484466553,-71.5429116314584,-71.5429116314584
1727.4200484466553,-71.54521403459569,-71.54521403459569
1727.4300484466553,-71.54752157258626,-71.54752157258626
1727.4400484466553,-71.54983430963482,-71.54983430963482
1727.4500484466553,-71.55215230858482,-71.55215230858482
1727.4600484466553,-71.55447563095294,-71.55447563095294
1727.4700484466553,-71.55680433692952,-71.55680433692952
1727.4800484466552,-71.5591384854078,-71.5591384854078
1727.4900484466552,-71.56147813398579,-71.56147813398579
1727.5000484466552,-71.56382333899671,-71.56382333899671
1727.5100484466552,-71.56617415551798,-71.56617415551798
1727.5200484466552,-71.56853063738014,-71.56853063738014
1727.5300484466552,-71.57089283719871,-71.57089283719871
1727.5400484466552,-71.57326080638362,-71.57326080638362
1727.5500484466552,-71.57563459513477,-71.57563459513477
1727.5600484466552,-71.57801425249788,-71.57801425249788
1727.5700484466552,-71.58039982634006,-71.58039982634006
1727.5800484466554,-71.58279136338795,-71.58279136338795
1727.5900484466554,-71.58518890924542,-71.58518890924542
1727.6000484466554,-71.5875925083888,-71.5875925083888
1727.6100484466554,-71.59000220419689,-71.59000220419689
1727.6200484466553,-71.59241803895814,-71.59241803895814
1727.6300484466553,-71.59484005390325,-71.59484005390325
1727.6400484466553,-71.59726828918691,-71.59726828918691
1727.6500484466553,-71.59970278393433,-71.59970278393433
1727.6600484466553,-71.60214357623805,-71.60214357623805
1727.6700484466553,-71.60459070317572,-71.60459070317572
1727.6800484466553,-71.60704420082179,-71.60704420082179
1727.6900484466553,-71.60950410427091,-71.60950410427091
1727.7000484466553,-71.61197044762909,-71.61197044762909
1727.7100484466553,-71.61443702281353,-71.61443702281353
1727.7200484466553,-71.61690113088966,-71.61690113088966
1727.7300484466552,-71.61936147515378,-71.61936147515378
1727.7400484466552,-71.62181740756387,-71.62181740756387
1727.7500484466552,-71.62426864110165,-71.62426864110165
1727.7600484466552,-71.62671510037615,-71.62671510037615
1727.7700484466552,-71.62915683397986,-71.62915683397986
1727.7800484466552,-71.63159396188684,-71.63159396188684
1727.7900484466552,-71.63402664375471,-71.63402664375471
1727.8000484466552,-71.63645505996836,-71.63645505996836
1727.8100484466552,-71.63887940030554,-71.63887940030554
1727.8200484466552,-71.64129985729849,-71.64129985729849
1727.8300484466554,-71.64371662242203,-71.64371662242203
1727.8400484466554,-71.64612988405196,-71.64612988405196
1727.8500484466554,-71.64853982641598,-71.64853982641598
1727.8600484466554,-71.65094662918509,-71.65094662918509
1727.8700484466553,-71.65335046743975,-71.65335046743975
1727.8800484466553,-71.65575151183461,-71.65575151183461
1727.8900484466553,-71.65814992883139,-71.65814992883139
1727.9000484466553,-71.66054588101686,-71.66054588101686
1727.9100484466553,-71.66293952739797,-71.66293952739797
1727.9200484466553,-71.66533102369499,-71.66533102369499
1727.9300484466553,-71.6677205226211,-71.6677205226211
1727.9400484466553,-71.67010817412486,-71.67010817412486
1727.9500484466553,-71.6724941255841,-71.6724941255841
1727.9600484466553,-71.67487852200573,-71.67487852200573
1727.9700484466553,-71.67726150618587,-71.67726150618587
1727.9800484466552,-71.67964321885137,-71.67964321885137
1727.9900484466552,-71.68202379875368,-71.68202379875368
1728.0000484466552,-71.6844033827932,-71.6844033827932
1728.0100484466552,-71.6867821060894,-71.6867821060894
1728.0200484466552,-71.68916010204617,-71.68916010204617
1728.0300484466552,-71.6915375024124,-71.6915375024124
1728.0400484466552,-71.6939144373265,-71.6939144373265
1728.0500484704971,-71.6962910410237,-71.6962910410237
1728.0600484704971,-71.69866742923689,-71.69866742923689
1728.070048470497,-71.70104373312901,-71.70104373312901
1728.080048470497,-71.70342007675468,-71.70342007675468
1728.090048470497,-71.7057965826694,-71.7057965826694
1728.100048470497,-71.70817337197988,-71.70817337197988
1728.110048470497,-71.71055056434372,-71.71055056434372
1728.120048470497,-71.71292827798473,-71.71292827798473
1728.130048470497,-71.7153066296796,-71.7153066296796
1728.140048470497,-71.71768573479817,-71.71768573479817
1728.150048470497,-71.72006570726602,-71.72006570726602
1728.160048470497,-71.72244665959985,-71.72244665959985
1728.170048470497,-71.72482870289771,-71.72482870289771
1728.1800484704972,-71.72721194683591,-71.72721194683591
1728.1900484704972,-71.72959649969151,-71.72959649969151
1728.2000484704972,-71.73198246831046,-71.73198246831046
1728.2100484704972,-71.73436370635632,-71.73436370635632
1728.2200484704972,-71.73673758205993,-71.73673758205993
1728.2300484704972,-71.73910286774095,-71.73910286774095
1728.2400484704972,-71.74145898497768,-71.74145898497768
1728.2500484704972,-71.74380571649672,-71.74380571649672
1728.2600484704972,-71.74614305649402,-71.74614305649402
1728.2700484704972,-71.74847112288232,-71.74847112288232
1728.2800484704971,-71.75079010457141,-71.75079010457141
1728.2900484704971,-71.75310022972958,-71.75310022972958
1728.3000484704971,-71.75540174676195,-71.75540174676195
1728.3100484704971,-71.75769491299415,-71.75769491299415
1728.320048470497,-71.75997998796126,-71.75997998796126
1728.330048470497,-71.76225722963173,-71.76225722963173
1728.340048470497,-71.76452689231535,-71.76452689231535
1728.350048470497,-71.76678922560333,-71.76678922560333
1728.360048470497,-71.7690444739911,-71.7690444739911
1728.370048470497,-71.7712928768079,-71.7712928768079
1728.380048470497,-71.77353466834683,-71.77353466834683
1728.390048470497,-71.77577007815066,-71.77577007815066
1728.400048470497,-71.77799933128915,-71.77799933128915
1728.410048470497,-71.78022264865089,-71.78022264865089
1728.420048470497,-71.78244024725466,-71.78244024725466
1728.4300484704972,-71.78465234048664,-71.78465234048664
1728.4400484704972,-71.78685913836135,-71.78685913836135
1728.4500484704972,-71.78906084773534,-71.78906084773534
1728.4600484704972,-71.79125141615067,-71.79125141615067
1728.4700484704972,-71.7934283071536,-71.7934283071536
1728.4800484704972,-71.79559038823506,-71.79559038823506
1728.4900484704972,-71.79773717549105,-71.79773717549105
1728.5000484704972,-71.79986854535821,-71.79986854535821
1728.5100484704972,-71.8019845849489,-71.8019845849489
1728.5200484704972,-71.80408550425442,-71.80408550425442
1728.5300484704971,-71.80617158346186,-71.80617158346186
1728.5400484704971,-71.80824314122314,-71.80824314122314
1728.5500484704971,-71.8103005156706,-71.8103005156706
1728.5600484704971,-71.81234405309179,-71.81234405309179
1728.570048470497,-71.81437410126827,-71.81437410126827
1728.580048470497,-71.81639100569174,-71.81639100569174
1728.590048470497,-71.81839510747531,-71.81839510747531
1728.600048470497,-71.82038674233526,-71.82038674233526
1728.610048470497,-71.82236624017803,-71.82236624017803
1728.620048470497,-71.82433392505628,-71.82433392505628
1728.630048470497,-71.82629011532057,-71.82629011532057
1728.640048470497,-71.82823512386092,-71.82823512386092
1728.650048470497,-71.83016925840457,-71.83016925840457
1728.660048470497,-71.83209282181801,-71.83209282181801
1728.670048470497,-71.83400611239783,-71.83400611239783
1728.6800484704972,-71.83590942411227,-71.83590942411227
1728.6900484704972,-71.83780304686474,-71.83780304686474
1728.7000484704972,-71.8396872666744,-71.8396872666744
1728.7100484704972,-71.84156236587076,-71.84156236587076
1728.7200484704972,-71.84342862325052,-71.84342862325052
1728.7300484704972,-71.84528631418942,-71.84528631418942
1728.7400484704972,-71.84713571077967,-71.84713571077967
1728.7500484704972,-71.84897708189881,-71.84897708189881
1728.7600484704972,-71.8508106933099,-71.8508106933099
1728.7700484704972,-71.85263680770267,-71.85263680770267
1728.7800484704971,-71.85445568476845,-71.85445568476845
1728.7900484704971,-71.85626758123554,-71.85626758123554
1728.8000484704971,-71.8580727509114,-71.8580727509114
1728.8100484704971,-71.85987144470192,-71.85987144470192
1728.820048470497,-71.86166391065834,-71.86166391065834
1728.830048470497,-71.86345039397844,-71.86345039397844
1728.840048470497,-71.8652311370333,-71.8652311370333
1728.850048470497,-71.86700637938567,-71.86700637938567
1728.860048470497,-71.86877635779213,-71.86877635779213
1728.870048470497,-71.87054130622036,-71.87054130622036
1728.880048470497,-71.87230145585809,-71.87230145585809
1728.890048470497,-71.87405703512808,-71.87405703512808
1728.900048494339,-71.87580827385482,-71.87580827385482
1728.910048494339,-71.8775553865931,-71.8775553865931
1728.920048494339,-71.87929859767775,-71.87929859767775
1728.930048494339,-71.88103812452424,-71.88103812452424
1728.940048494339,-71.88277418181463,-71.88277418181463
1728.950048494339,-71.88450698149991,-71.88450698149991
1728.960048494339,-71.88623673282545,-71.88623673282545
1728.970048494339,-71.8879636423308,-71.8879636423308
1728.980048494339,-71.88968791384791,-71.88968791384791
1728.990048494339,-71.89140974852614,-71.89140974852614
1729.000048494339,-71.8931293448259,-71.8931293448259
1729.010048494339,-71.89484689855583,-71.89484689855583
1729.0200484943389,-71.8965626028528,-71.8965626028528
1729.030048494339,-71.8982766482093,-71.8982766482093
1729.040048494339,-71.89998922249677,-71.89998922249677
1729.050048494339,-71.90170051095079,-71.90170051095079
1729.060048494339,-71.90341069620955,-71.90341069620955
1729.070048494339,-71.90511995832117,-71.90511995832117
1729.080048494339,-71.90682847474515,-71.90682847474515
1729.090048494339,-71.90853642038692,-71.90853642038692
1729.100048494339,-71.91024396760055,-71.91024396760055
1729.110048494339,-71.9119512862153,-71.9119512862153
1729.120048494339,-71.91365854354285,-71.91365854354285
1729.130048494339,-71.91536590438965,-71.91536590438965
1729.140048494339,-71.91707353109872,-71.91707353109872
1729.150048494339,-71.91878158353715,-71.91878158353715
1729.160048494339,-71.92049021913247,-71.92049021913247
1729.170048494339,-71.92219959289127,-71.92219959289127
1729.180048494339,-71.92390985741845,-71.92390985741845
1729.190048494339,-71.92562116292788,-71.92562116292788
1729.200048494339,-71.92733365725928,-71.92733365725928
1729.210048494339,-71.92904748592188,-71.92904748592188
1729.220048494339,-71.93076279208712,-71.93076279208712
1729.230048494339,-71.93247971663223,-71.93247971663223
1729.240048494339,-71.9341983981425,-71.9341983981425
1729.250048494339,-71.93591897294128,-71.93591897294128
1729.260048494339,-71.93764157510643,-71.93764157510643
1729.2700484943389,-71.93936633650166,-71.93936633650166
1729.280048494339,-71.94109338678143,-71.94109338678143
1729.290048494339,-71.94282285343697,-71.94282285343697
1729.300048494339,-71.94455486179463,-71.94455486179463
1729.310048494339,-71.94628953504905,-71.94628953504905
1729.320048494339,-71.94802699427798,-71.94802699427798
1729.330048494339,-71.94976735848287,-71.94976735848287
1729.340048494339,-71.95151074457694,-71.95151074457694
1729.350048494339,-71.95325726744407,-71.95325726744407
1729.360048494339,-71.95500703993439,-71.95500703993439
1729.370048494339,-71.95676017290214,-71.95676017290214
1729.380048494339,-71.95851677521823,-71.95851677521823
1729.390048494339,-71.96027695380268,-71.96027695380268
1729.400048494339,-71.96204081363413,-71.96204081363413
1729.410048494339,-71.96380845777423,-71.96380845777423
1729.420048494339,-71.96557998740407,-71.96557998740407
1729.430048494339,-71.96735550183082,-71.96735550183082
1729.440048494339,-71.96913509851382,-71.96913509851382
1729.450048494339,-71.97091887309482,-71.97091887309482
1729.460048494339,-71.97270691939764,-71.97270691939764
1729.470048494339,-71.97449932947198,-71.97449932947198
1729.480048494339,-71.9762961936096,-71.9762961936096
1729.490048494339,-71.97809760036509,-71.97809760036509
1729.500048494339,-71.97990363656758,-71.97990363656758
1729.510048494339,-71.98171438735382,-71.98171438735382
1729.5200484943389,-71.98352993619133,-71.98352993619133
1729.530048494339,-71.98535036489419,-71.98535036489419
1729.540048494339,-71.98717575363075,-71.98717575363075
1729.550048494339,-71.98900618097954,-71.98900618097954
1729.560048494339,-71.99084172389523,-71.99084172389523
1729.570048494339,-71.99268245779254,-71.99268245779254
1729.580048494339,-71.99452845652762,-71.99452845652762
1729.590048494339,-71.99637979240661,-71.99637979240661
1729.600048494339,-71.9982365362561,-71.9982365362561
1729.610048494339,-72.00009875739315,-72.00009875739315
1729.620048494339,-72.00196652367188,-72.00196652367188
1729.630048494339,-72.00383990148408,-72.00383990148408
1729.640048494339,-72.00571895580158,-72.00571895580158
1729.650048494339,-72.00760375018073,-72.00760375018073
1729.660048494339,-72.00949434678068,-72.00949434678068
1729.670048494339,-72.01139080639948,-72.01139080639948
1729.680048494339,-72.01329318845374,-72.01329318845374
1729.690048494339,-72.01520155104734,-72.01520155104734
1729.700048494339,-72.01711595094166,-72.01711595094166
1729.710048494339,-72.01903644362643,-72.01903644362643
1729.720048494339,-72.02096308328598,-72.02096308328598
1729.730048494339,-72.02289592284536,-72.02289592284536
1729.740048494339,-72.02483501397614,-72.02483501397614
1729.7500485181808,-72.02678041176821,-72.02678041176821
1729.7600485181808,-72.02873215621737,-72.02873215621737
1729.7700485181808,-72.03069029995608,-72.03069029995608
1729.7800485181808,-72.03265488984843,-72.03265488984843
1729.7900485181808,-72.03462597159815,-72.03462597159815
1729.8000485181808,-72.03660358975358,-72.03660358975358
1729.8100485181808,-72.03858778773719,-72.03858778773719
1729.8200485181808,-72.04057860786077,-72.04057860786077
1729.8300485181808,-72.04257609133137,-72.04257609133137
1729.8400485181808,-72.04458027828208,-72.04458027828208
1729.8500485181808,-72.04659120776584,-72.04659120776584
1729.8600485181807,-72.04860891780508,-72.04860891780508
1729.8700485181807,-72.05063344537491,-72.05063344537491
1729.880048518181,-72.0526648264328,-72.0526648264328
1729.890048518181,-72.0547030959265,-72.0547030959265
1729.900048518181,-72.05674828781501,-72.05674828781501
1729.910048518181,-72.05880043509251,-72.05880043509251
1729.920048518181,-72.06085956976793,-72.06085956976793
1729.930048518181,-72.06292572291903,-72.06292572291903
1729.940048518181,-72.0649989246915,-72.0649989246915
1729.950048518181,-72.06707920429366,-72.06707920429366
1729.9600485181809,-72.06916659004466,-72.06916659004466
1729.9700485181809,-72.07126110936629,-72.07126110936629
1729.9800485181809,-72.07336278879028,-72.07336278879028
1729.9900485181809,-72.07547165399727,-72.07547165399727
1730.0000485181808,-72.0775877298063,-72.0775877298063
1730.0100485181808,-72.07971104019732,-72.07971104019732
1730.0200485181808,-72.08184160831556,-72.08184160831556
1730.0300485181808,-72.08397945649529,-72.08397945649529
1730.0400485181808,-72.08612460627396,-72.08612460627396
1730.0500485181808,-72.0882770783898,-72.0882770783898
1730.0600485181808,-72.09043689279976,-72.09043689279976
1730.0700485181808,-72.0926040686987,-72.0926040686987
1730.0800485181808,-72.09477862452556,-72.09477862452556
1730.0900485181808,-72.09696057796741,-72.09696057796741
1730.1000485181808,-72.09914994598473,-72.09914994598473
1730.1100485181807,-72.10134674481478,-72.10134674481478
1730.1200485181807,-72.10355098998791,-72.10355098998791
1730.130048518181,-72.10576269632698,-72.10576269632698
1730.140048518181,-72.10798187797499,-72.10798187797499
1730.150048518181,-72.11020854838289,-72.11020854838289
1730.160048518181,-72.11244272034682,-72.11244272034682
1730.170048518181,-72.11468440600116,-72.11468440600116
1730.180048518181,-72.11693361682714,-72.11693361682714
1730.190048518181,-72.11919036367694,-72.11919036367694
1730.200048518181,-72.12145465677465,-72.12145465677465
1730.2100485181809,-72.12372650572284,-72.12372650572284
1730.2200485181809,-72.12600591950309,-72.12600591950309
1730.2300485181809,-72.12829290652762,-72.12829290652762
1730.2400485181809,-72.1305874745962,-72.1305874745962
1730.2500485181808,-72.13288963094067,-72.13288963094067
1730.2600485181808,-72.13519938221357,-72.13519938221357
1730.2700485181808,-72.13751673451115,-72.13751673451115
1730.2800485181808,-72.1398416933784,-72.1398416933784
1730.2900485181808,-72.14217426381344,-72.14217426381344
1730.3000485181808,-72.14451445027669,-72.14451445027669
1730.3100485181808,-72.14686225670009,-72.14686225670009
1730.3200485181808,-72.1492176865048,-72.1492176865048
1730.3300485181808,-72.15158074259567,-72.15158074259567
1730.3400485181808,-72.15395142737935,-72.15395142737935
1730.3500485181808,-72.15632974276208,-72.15632974276208
1730.3600485181807,-72.15871569016062,-72.15871569016062
1730.3700485181807,-72.16110927054044,-72.16110927054044
1730.380048518181,-72.16351048435781,-72.16351048435781
1730.390048518181,-72.16591933163198,-72.16591933163198
1730.400048518181,-72.16833581191813,-72.16833581191813
1730.410048518181,-72.17075992431894,-72.17075992431894
1730.420048518181,-72.17319166751052,-72.17319166751052
1730.430048518181,-72.17563103971898,-72.17563103971898
1730.440048518181,-72.17807803876418,-72.17807803876418
1730.450048518181,-72.18053266201217,-72.18053266201217
1730.4600485181809,-72.18299490645569,-72.18299490645569
1730.4700485181809,-72.18546476865303,-72.18546476865303
1730.4800485181809,-72.18794224478246,-72.18794224478246
1730.4900485181809,-72.19042733060999,-72.19042733060999
1730.5000485181808,-72.19292002153544,-72.19292002153544
1730.5100485181808,-72.19542031256641,-72.19542031256641
1730.5200485181808,-72.19792819833529,-72.19792819833529
1730.5300485181808,-72.20044367312093,-72.20044367312093
1730.5400485181808,-72.20296673082545,-72.20296673082545
1730.5500485181808,-72.20549736501229,-72.20549736501229
1730.5600485181808,-72.208035568873,-72.208035568873
1730.5700485181808,-72.21058133528093,-72.21058133528093
1730.5800485181808,-72.21313465675468,-72.21313465675468
1730.5900485181808,-72.21569552549043,-72.21569552549043
1730.6000485420227,-72.2182639394685,-72.2182639394685
1730.6100485420227,-72.22083987803754,-72.22083987803754
1730.6200485420227,-72.22342333850948,-72.22342333850948
1730.6300485420227,-72.22601431180391,-72.22601431180391
1730.6400485420227,-72.2286127885458,-72.2286127885458
1730.6500485420227,-72.23121875905512,-72.23121875905512
1730.6600485420227,-72.23383221335486,-72.23383221335486
1730.6700485420226,-72.23645314118275,-72.23645314118275
1730.6800485420226,-72.23908153199143,-72.23908153199143
1730.6900485420226,-72.24171737495412,-72.24171737495412
1730.7000485420226,-72.24436065897821,-72.24436065897821
1730.7100485420226,-72.24700507374405,-72.24700507374405
1730.7200485420226,-72.24964784971964,-72.24964784971964
1730.7300485420228,-72.25228763269948,-72.25228763269948
1730.7400485420228,-72.25492372352824,-72.25492372352824
1730.7500485420228,-72.25755578796335,-72.25755578796335
1730.7600485420228,-72.2601837059362,-72.2601837059362
1730.7700485420228,-72.26280748321899,-72.26280748321899
1730.7800485420228,-72.26542719828177,-72.26542719828177
1730.7900485420228,-72.2680429704185,-72.2680429704185
1730.8000485420228,-72.27065494054129,-72.27065494054129
1730.8100485420227,-72.273263259787,-72.273263259787
1730.8200485420227,-72.27586808278512,-72.27586808278512
1730.8300485420227,-72.27846956384026,-72.27846956384026
1730.8400485420227,-72.28106785481474,-72.28106785481474
1730.8500485420227,-72.28366310407378,-72.28366310407378
1730.8600485420227,-72.28625545608122,-72.28625545608122
1730.8700485420227,-72.28884505132335,-72.28884505132335
1730.8800485420227,-72.29143202646951,-72.29143202646951
1730.8900485420227,-72.29401651459916,-72.29401651459916
1730.9000485420227,-72.29659864549939,-72.29659864549939
1730.9100485420227,-72.29917854596957,-72.29917854596957
1730.9200485420226,-72.3017563400927,-72.3017563400927
1730.9300485420226,-72.3043321495009,-72.3043321495009
1730.9400485420226,-72.30690609362219,-72.30690609362219
1730.9500485420226,-72.30947828984476,-72.30947828984476
1730.9600485420226,-72.3120425491669,-72.3120425491669
1730.9700485420226,-72.31459622509448,-72.31459622509448
1730.9800485420228,-72.31713808645567,-72.31713808645567
1730.9900485420228,-72.31966755653481,-72.31966755653481
1731.0000485420228,-72.32218442276191,-72.32218442276191
1731.0100485420228,-72.32468868594685,-72.32468868594685
1731.0200485420228,-72.32718047188445,-72.32718047188445
1731.0300485420228,-72.32965997826633,-72.32965997826633
1731.0400485420228,-72.3321274427771,-72.3321274427771
1731.0500485420228,-72.33458312391247,-72.33458312391247
1731.0600485420227,-72.3370272896073,-72.3370272896073
1731.0700485420227,-72.3394602105028,-72.3394602105028
1731.0800485420227,-72.34188215612822,-72.34188215612822
1731.0900485420227,-72.34429339277419,-72.34429339277419
1731.1000485420227,-72.34669418247424,-72.34669418247424
1731.1100485420227,-72.34908478254043,-72.34908478254043
1731.1200485420227,-72.35146544551773,-72.35146544551773
1731.1300485420227,-72.35383641934573,-72.35383641934573
1731.1400485420227,-72.35619794755425,-72.35619794755425
1731.1500485420227,-72.35855026956646,-72.35855026956646
1731.1600485420227,-72.36089362098994,-72.36089362098994
1731.1700485420226,-72.36322823387704,-72.36322823387704
1731.1800485420226,-72.36555433698366,-72.36555433698366
1731.1900485420226,-72.36787215598542,-72.36787215598542
1731.2000485420226,-72.37018191368567,-72.37018191368567
1731.2100485420226,-72.37248383017962,-72.37248383017962
1731.2200485420226,-72.37477812298009,-72.37477812298009
1731.2300485420228,-72.3770650071623,-72.3770650071623
1731.2400485420228,-72.37934469544646,-72.37934469544646
1731.2500485420228,-72.38161739827555,-72.38161739827555
1731.2600485420228,-72.38388332390136,-72.38388332390136
1731.2700485420228,-72.38614267843147,-72.38614267843147
1731.2800485420228,-72.38839566585143,-72.38839566585143
1731.2900485420228,-72.39064248809765,-72.39064248809765
1731.3000485420228,-72.39288334503804,-72.39288334503804
1731.3100485420227,-72.39511843453195,-72.39511843453195
1731.3200485420227,-72.39734795242457,-72.39734795242457
1731.3300485420227,-72.39957209256039,-72.39957209256039
1731.3400485420227,-72.40179104679005,-72.40179104679005
1731.3500485420227,-72.40400500498241,-72.40400500498241
1731.3600485420227,-72.40621415500347,-72.40621415500347
1731.3700485420227,-72.40841868275561,-72.40841868275561
1731.3800485420227,-72.41061877213546,-72.41061877213546
1731.3900485420227,-72.41281460505546,-72.41281460505546
1731.4000485420227,-72.41500636144329,-72.41500636144329
1731.4100485420227,-72.41719421922765,-72.41719421922765
1731.4200485420226,-72.41937835434541,-72.41937835434541
1731.4300485420226,-72.42155894072762,-72.42155894072762
1731.4400485420226,-72.42373615031107,-72.42373615031107
1731.4500485658646,-72.42591015820541,-72.42591015820541
1731.4600485658646,-72.42807480813575,-72.42807480813575
1731.4700485658645,-72.43022750735096,-72.43022750735096
1731.4800485658645,-72.43236707495268,-72.43236707495268
1731.4900485658645,-72.43449298495108,-72.43449298495108
1731.5000485658645,-72.43660507538651,-72.43660507538651
1731.5100485658645,-72.43870339726617,-72.43870339726617
1731.5200485658645,-72.44078812598683,-72.44078812598683
1731.5300485658645,-72.44285950812473,-72.44285950812473
1731.5400485658645,-72.4449178294321,-72.4449178294321
1731.5500485658645,-72.44696339560626,-72.44696339560626
1731.5600485658645,-72.44899652087376,-72.44899652087376
1731.5700485658645,-72.4510175212491,-72.4510175212491
1731.5800485658647,-72.45302671066791,-72.45302671066791
1731.5900485658647,-72.4550243989129,-72.4550243989129
1731.6000485658647,-72.45701089052608,-72.45701089052608
1731.6100485658646,-72.4589864843921,-72.4589864843921
1731.6200485658646,-72.46095147370349,-72.46095147370349
1731.6300485658646,-72.46290614607685,-72.46290614607685
1731.6400485658646,-72.4648507838176,-72.4648507838176
1731.6500485658646,-72.46678566421178,-72.46678566421178
1731.6600485658646,-72.46871105982628,-72.46871105982628
1731.6700485658646,-72.47062723878993,-72.47062723878993
1731.6800485658646,-72.47253446507908,-72.47253446507908
1731.6900485658646,-72.4744329987261,-72.4744329987261
1731.7000485658646,-72.47632309606439,-72.47632309606439
1731.7100485658646,-72.47820500989003,-72.47820500989003
1731.7200485658645,-72.48007898962906,-72.48007898962906
1731.7300485658645,-72.48194528148355,-72.48194528148355
1731.7400485658645,-72.48380412853552,-72.48380412853552
1731.7500485658645,-72.4856557708384,-72.4856557708384
1731.7600485658645,-72.48750044552737,-72.48750044552737
1731.7700485658645,-72.48933838686722,-72.48933838686722
1731.7800485658645,-72.49116982632424,-72.49116982632424
1731.7900485658645,-72.49299499261704,-72.49299499261704
1731.8000485658645,-72.49481411174686,-72.49481411174686
1731.8100485658645,-72.49662740705062,-72.49662740705062
1731.8200485658645,-72.4984350992225,-72.4984350992225
1731.8300485658647,-72.50023740634387,-72.50023740634387
1731.8400485658647,-72.50203454389758,-72.50203454389758
1731.8500485658647,-72.50382672479076,-72.50382672479076
1731.8600485658646,-72.50561415938266,-72.50561415938266
1731.8700485658646,-72.50739705548742,-72.50739705548742
1731.8800485658646,-72.50917561838499,-72.50917561838499
1731.8900485658646,-72.51095005085327,-72.51095005085327
1731.9000485658646,-72.51272055315737,-72.51272055315737
1731.9100485658646,-72.51448732305867,-72.51448732305867
1731.9200485658646,-72.51625055585454,-72.51625055585454
1731.9300485658646,-72.51801044434899,-72.51801044434899
1731.9400485658646,-72.51976717889193,-72.51976717889193
1731.9500485658646,-72.52152094738807,-72.52152094738807
1731.9600485658646,-72.52327193527704,-72.52327193527704
1731.9700485658645,-72.52502032558114,-72.52502032558114
1731.9800485658645,-72.52676629889264,-72.52676629889264
1731.9900485658645,-72.52851003340153,-72.52851003340153
1732.0000485658645,-72.53025170487568,-72.53025170487568
1732.0100485658645,-72.53199148671558,-72.53199148671558
1732.0200485658645,-72.53372954991715,-72.53372954991715
1732.0300485658645,-72.53546606313793,-72.53546606313793
1732.0400485658645,-72.53720119266603,-72.53720119266603
1732.0500485658645,-72.5389351024489,-72.5389351024489
1732.0600485658645,-72.54066795412047,-72.54066795412047
1732.0700485658645,-72.54239990698707,-72.54239990698707
1732.0800485658647,-72.54413111805505,-72.54413111805505
1732.0900485658647,-72.54586174206241,-72.54586174206241
1732.1000485658647,-72.54759193145806,-72.54759193145806
1732.1100485658646,-72.54932183646102,-72.54932183646102
1732.1200485658646,-72.55105160503473,-72.55105160503473
1732.1300485658646,-72.55278138293318,-72.55278138293318
1732.1400485658646,-72.55451131369219,-72.55451131369219
1732.1500485658646,-72.55624153866364,-72.55624153866364
1732.1600485658646,-72.55797219704205,-72.55797219704205
1732.1700485658646,-72.55970342585196,-72.55970342585196
1732.1800485658646,-72.56143535999392,-72.56143535999392
1732.1900485658646,-72.56316813224042,-72.56316813224042
1732.2000485658646,-72.5649018732737,-72.5649018732737
1732.2100485658646,-72.56663671169105,-72.56663671169105
1732.2200485658645,-72.56837277402448,-72.56837277402448
1732.2300485658645,-72.57011018476629,-72.57011018476629
1732.2400485658645,-72.57184906638048,-72.57184906638048
1732.2500485658645,-72.57358953933387,-72.57358953933387
1732.2600485658645,-72.57533172209169,-72.57533172209169
1732.2700485658645,-72.57707573116438,-72.57707573116438
1732.2800485658645,-72.57882168111459,-72.57882168111459
1732.2900485658645,-72.58056968456259,-72.58056968456259
1732.3000485897064,-72.58231985640649,-72.58231985640649
1732.3100485897064,-72.58407229715225,-72.58407229715225
1732.3200485897064,-72.58582711792398,-72.58582711792398
1732.3300485897064,-72.58758442382627,-72.58758442382627
1732.3400485897064,-72.58934431815375,-72.58934431815375
1732.3500485897064,-72.59110690237607,-72.59110690237607
1732.3600485897064,-72.59287227618542,-72.59287227618542
1732.3700485897064,-72.59464053749223,-72.59464053749223
1732.3800485897063,-72.59641178245734,-72.59641178245734
1732.3900485897063,-72.59818610552009,-72.59818610552009
1732.4000485897063,-72.59996359940506,-72.59996359940506
1732.4100485897063,-72.60174435513994,-72.60174435513994
1732.4200485897063,-72.60352846209145,-72.60352846209145
1732.4300485897065,-72.60531600796301,-72.60531600796301
1732.4400485897065,-72.60710707883685,-72.60710707883685
1732.4500485897065,-72.60890175917163,-72.60890175917163
1732.4600485897065,-72.6106938027127,-72.6106938027127
1732.4700485897065,-72.61248052067458,-72.61248052067458
1732.4800485897065,-72.61426064539393,-72.61426064539393
1732.4900485897065,-72.61603356622798,-72.61603356622798
1732.5000485897065,-72.61779903794113,-72.61779903794113
1732.5100485897065,-72.6195570292722,-72.6195570292722
1732.5200485897064,-72.62130763412117,-72.62130763412117
1732.5300485897064,-72.62305101822832,-72.62305101822832
1732.5400485897064,-72.62478738710408,-72.62478738710408
1732.5500485897064,-72.62651696675583,-72.62651696675583
1732.5600485897064,-72.62823999225762,-72.62823999225762
1732.5700485897064,-72.62995670101323,-72.62995670101323
1732.5800485897064,-72.63166732889671,-72.63166732889671
1732.5900485897064,-72.63337210816962,-72.63337210816962
1732.6000485897064,-72.63507126641348,-72.63507126641348
1732.6100485897064,-72.63676502616178,-72.63676502616178
1732.6200485897064,-72.6384536048076,-72.6384536048076
1732.6300485897063,-72.64013721480443,-72.64013721480443
1732.6400485897063,-72.64181606389074,-72.64181606389074
1732.6500485897063,-72.64349035542438,-72.64349035542438
1732.6600485897063,-72.64516028866699,-72.64516028866699
1732.6700485897063,-72.64682605909911,-72.64682605909911
1732.6800485897065,-72.64848785869823,-72.64848785869823
1732.6900485897065,-72.6501458761825,-72.6501458761825
1732.7000485897065,-72.65180029720885,-72.65180029720885
1732.7100485897065,-72.65344497207022,-72.65344497207022
1732.7200485897065,-72.65507730960151,-72.65507730960151
1732.7300485897065,-72.65669613964164,-72.65669613964164
1732.7400485897065,-72.65830094856082,-72.65830094856082
1732.7500485897065,-72.65989158756781,-72.65989158756781
1732.7600485897065,-72.66146812124241,-72.66146812124241
1732.7700485897064,-72.66303073873918,-72.66303073873918
1732.7800485897064,-72.66457970047816,-72.66457970047816
1732.7900485897064,-72.66611530605977,-72.66611530605977
1732.8000485897064,-72.66763787504911,-72.66763787504911
1732.8100485897064,-72.66914773551916,-72.66914773551916
1732.8200485897064,-72.67064521732169,-72.67064521732169
1732.8300485897064,-72.67213064827388,-72.67213064827388
1732.8400485897064,-72.67360435201388,-72.67360435201388
1732.8500485897064,-72.67506664699071,-72.67506664699071
1732.8600485897064,-72.67651784603856,-72.67651784603856
1732.8700485897064,-72.67795825633158,-72.67795825633158
1732.8800485897063,-72.67938817952785,-72.67938817952785
1732.8900485897063,-72.68080791202455,-72.68080791202455
1732.9000485897063,-72.68221774525513,-72.68221774525513
1732.9100485897063,-72.68361796598649,-72.68361796598649
1732.9200485897063,-72.6850088566103,-72.6850088566103
1732.9300485897065,-72.6863906954092,-72.6863906954092
1732.9400485897065,-72.68776375678041,-72.68776375678041
1732.9500485897065,-72.68912831145725,-72.68912831145725
1732.9600485897065,-72.69048462667632,-72.69048462667632
1732.9700485897065,-72.69183296635597,-72.69183296635597
1732.9800485897065,-72.69317359119304,-72.69317359119304
1732.9900485897065,-72.6945067588004,-72.6945067588004
1733.0000485897065,-72.69583272378068,-72.69583272378068
1733.0100485897065,-72.69715173782623,-72.69715173782623
1733.0200485897064,-72.69846404976143,-72.69846404976143
1733.0300485897064,-72.69976990561253,-72.69976990561253
1733.0400485897064,-72.70106954864275,-72.70106954864275
1733.0500485897064,-72.70236321938413,-72.70236321938413
1733.0600485897064,-72.70365115569228,-72.70365115569228
1733.0700485897064,-72.70493359272251,-72.70493359272251
1733.0800485897064,-72.70621076300374,-72.70621076300374
1733.0900485897064,-72.70748289641574,-72.70748289641574
1733.1000485897064,-72.70875022022065,-72.70875022022065
1733.1100485897064,-72.71001295908302,-72.71001295908302
1733.1200485897064,-72.71127133504828,-72.71127133504828
1733.1300485897063,-72.71252556757783,-72.71252556757783
1733.1400485897063,-72.71377587354273,-72.71377587354273
1733.1500486135483,-72.71502247020203,-72.71502247020203
1733.1600486135483,-72.71626556334157,-72.71626556334157
1733.1700486135483,-72.71750536507729,-72.71750536507729
1733.1800486135483,-72.71874208200133,-72.71874208200133
1733.1900486135482,-72.71997591815274,-72.71997591815274
1733.2000486135482,-72.7212070749999,-72.7212070749999
1733.2100486135482,-72.72243575148421,-72.72243575148421
1733.2200486135482,-72.72366214400338,-72.72366214400338
1733.2300486135482,-72.72488644642297,-72.72488644642297
1733.2400486135482,-72.72610885007842,-72.72610885007842
1733.2500486135482,-72.72732954380172,-72.72732954380172
1733.2600486135482,-72.7285487139132,-72.7285487139132
1733.2700486135482,-72.72976654423178,-72.72976654423178
1733.2800486135484,-72.73098321609396,-72.73098321609396
1733.2900486135484,-72.7321989083562,-72.7321989083562
1733.3000486135484,-72.73341379739848,-72.73341379739848
1733.3100486135484,-72.73462805716504,-72.73462805716504
1733.3200486135484,-72.73584185914352,-72.73584185914352
1733.3300486135483,-72.73705537239815,-72.73705537239815
1733.3400486135483,-72.7382687635606,-72.7382687635606
1733.3500486135483,-72.73948219688243,-72.73948219688243
1733.3600486135483,-72.74069583420007,-72.74069583420007
1733.3700486135483,-72.7419098350029,-72.7419098350029
1733.3800486135483,-72.74312435640167,-72.74312435640167
1733.3900486135483,-72.74433955316702,-72.74433955316702
1733.4000486135483,-72.74555557774683,-72.74555557774683
1733.4100486135483,-72.74677258028402,-72.74677258028402
1733.4200486135483,-72.74799070860158,-72.74799070860158
1733.4300486135483,-72.74921010827464,-72.74921010827464
1733.4400486135482,-72.75043092260715,-72.75043092260715
1733.4500486135482,-72.75165329265745,-72.75165329265745
1733.4600486135482,-72.75287101712183,-72.75287101712183
1733.4700486135482,-72.75408145882858,-72.75408145882858
1733.4800486135482,-72.75528340390048,-72.75528340390048
1733.4900486135482,-72.75647629611672,-72.75647629611672
1733.5000486135482,-72.75765994472818,-72.75765994472818
1733.5100486135482,-72.75883437270762,-72.75883437270762
1733.5200486135482,-72.75999972775934,-72.75999972775934
1733.5300486135484,-72.76115622887815,-72.76115622887815
1733.5400486135484,-72.76230413422721,-72.76230413422721
1733.5500486135484,-72.76344372181273,-72.76344372181273
1733.5600486135484,-72.7645752780434,-72.7645752780434
1733.5700486135484,-72.76569909096737,-72.76569909096737
1733.5800486135483,-72.76681544642808,-72.76681544642808
1733.5900486135483,-72.76792462597035,-72.76792462597035
1733.6000486135483,-72.76902690579283,-72.76902690579283
1733.6100486135483,-72.77012255634665,-72.77012255634665
1733.6200486135483,-72.77121184230424,-72.77121184230424
1733.6300486135483,-72.77229502271449,-72.77229502271449
1733.6400486135483,-72.77337235127237,-72.77337235127237
1733.6500486135483,-72.7744440766336,-72.7744440766336
1733.6600486135483,-72.77551044271729,-72.77551044271729
1733.6700486135483,-72.77657168904325,-72.77657168904325
1733.6800486135483,-72.7776280509719,-72.7776280509719
1733.6900486135482,-72.77867975998949,-72.77867975998949
1733.7000486135482,-72.77972704392765,-72.77972704392765
1733.7100486135482,-72.78077012713848,-72.78077012713848
1733.7200486135482,-72.78180923070676,-72.78180923070676
1733.7300486135482,-72.78284457255305,-72.78284457255305
1733.7400486135482,-72.78387636759066,-72.78387636759066
1733.7500486135482,-72.784904827827,-72.784904827827
1733.7600486135482,-72.78593016244356,-72.78593016244356
1733.7700486135482,-72.78695257789404,-72.78695257789404
1733.7800486135484,-72.78797227796736,-72.78797227796736
1733.7900486135484,-72.78898946383448,-72.78898946383448
1733.8000486135484,-72.79000433410378,-72.79000433410378
1733.8100486135484,-72.79101708486732,-72.79101708486732
1733.8200486135484,-72.79202790973143,-72.79202790973143
1733.8300486135483,-72.79303699985869,-72.79303699985869
1733.8400486135483,-72.79404454396942,-72.79404454396942
1733.8500486135483,-72.79505072840914,-72.79505072840914
1733.8600486135483,-72.7960557371309,-72.7960557371309
1733.8700486135483,-72.79705975171076,-72.79705975171076
1733.8800486135483,-72.79806295141309,-72.79806295141309
1733.8900486135483,-72.79906551315038,-72.79906551315038
1733.9000486135483,-72.80006761152222,-72.80006761152222
1733.9100486135483,-72.80106941883292,-72.80106941883292
1733.9200486135483,-72.80207110509767,-72.80207110509767
1733.9300486135483,-72.80307283805405,-72.80307283805405
1733.9400486135482,-72.80407478316529,-72.80407478316529
1733.9500486135482,-72.80507710366066,-72.80507710366066
1733.9600486135482,-72.80607361625925,-72.80607361625925
1733.9700486135482,-72.8070617045869,-72.8070617045869
1733.9800486135482,-72.80804017658177,-72.80804017658177
1733.9900486135482,-72.80900849829526,-72.80900849829526
1734.0000486373901,-72.80996650373719,-72.80996650373719
1734.0100486373901,-72.81091423385753,-72.81091423385753
1734.0200486373901,-72.81185186126463,-72.81185186126463
1734.03004863739,-72.81277962750006,-72.81277962750006
1734.04004863739,-72.81369781317085,-72.81369781317085
1734.05004863739,-72.81460671866846,-72.81460671866846
1734.06004863739,-72.81550665263678,-72.81550665263678
1734.07004863739,-72.81639792526009,-72.81639792526009
1734.08004863739,-72.81728084436918,-72.81728084436918
1734.09004863739,-72.8181557133639,-72.8181557133639
1734.10004863739,-72.81902283014628,-72.81902283014628
1734.11004863739,-72.81988248672843,-72.81988248672843
1734.12004863739,-72.82073496918002,-72.82073496918002
1734.1300486373902,-72.82158055779372,-72.82158055779372
1734.1400486373902,-72.82241952734243,-72.82241952734243
1734.1500486373902,-72.82325214739795,-72.82325214739795
1734.1600486373902,-72.82407868263076,-72.82407868263076
1734.1700486373902,-72.8248993931396,-72.8248993931396
1734.1800486373902,-72.82571453468726,-72.82571453468726
1734.1900486373902,-72.82652435899433,-72.82652435899433
1734.2000486373902,-72.82732911392857,-72.82732911392857
1734.2100486373902,-72.82812904372236,-72.82812904372236
1734.2200486373902,-72.82892438912698,-72.82892438912698
1734.2300486373902,-72.82971538757138,-72.82971538757138
1734.2400486373901,-72.83050227327999,-72.83050227327999
1734.2500486373901,-72.83128527737642,-72.83128527737642
1734.2600486373901,-72.83206462797253,-72.83206462797253
1734.2700486373901,-72.83284055025803,-72.83284055025803
1734.28004863739,-72.83361326655523,-72.83361326655523
1734.29004863739,-72.83438299638573,-72.83438299638573
1734.30004863739,-72.8351499565093,-72.8351499565093
1734.31004863739,-72.83591436096359,-72.83591436096359
1734.32004863739,-72.83667642110855,-72.83667642110855
1734.33004863739,-72.83743634565698,-72.83743634565698
1734.34004863739,-72.8381943406928,-72.8381943406928
1734.35004863739,-72.83895060970677,-72.83895060970677
1734.36004863739,-72.83970535359245,-72.83970535359245
1734.37004863739,-72.84045877069435,-72.84045877069435
1734.3800486373902,-72.84121105680413,-72.84121105680413
1734.3900486373902,-72.84196240519074,-72.84196240519074
1734.4000486373902,-72.84271300660193,-72.84271300660193
1734.4100486373902,-72.8434630492836,-72.8434630492836
1734.4200486373902,-72.84421271899615,-72.84421271899615
1734.4300486373902,-72.84496219902202,-72.84496219902202
1734.4400486373902,-72.84571167016352,-72.84571167016352
1734.4500486373902,-72.84646131079239,-72.84646131079239
1734.4600486373902,-72.84721129683659,-72.84721129683659
1734.4700486373902,-72.84796180177577,-72.84796180177577
1734.4800486373902,-72.84871299669815,-72.84871299669815
1734.4900486373901,-72.84946505026439,-72.84946505026439
1734.5000486373901,-72.85021812876592,-72.85021812876592
1734.5100486373901,-72.85097239610337,-72.85097239610337
1734.5200486373901,-72.85172801381063,-72.85172801381063
1734.53004863739,-72.85248514107806,-72.85248514107806
1734.54004863739,-72.8532439347618,-72.8532439347618
1734.55004863739,-72.85400454937988,-72.85400454937988
1734.56004863739,-72.85476713715856,-72.85476713715856
1734.57004863739,-72.85553184802197,-72.85553184802197
1734.58004863739,-72.8562988296145,-72.8562988296145
1734.59004863739,-72.85706822732959,-72.85706822732959
1734.60004863739,-72.8578401843053,-72.8578401843053
1734.61004863739,-72.85861484144846,-72.85861484144846
1734.62004863739,-72.8593923374568,-72.8593923374568
1734.6300486373902,-72.86017280883361,-72.86017280883361
1734.6400486373902,-72.86095638990213,-72.86095638990213
1734.6500486373902,-72.86174321281521,-72.86174321281521
1734.6600486373902,-72.86253340759231,-72.86253340759231
1734.6700486373902,-72.86332710212994,-72.86332710212994
1734.6800486373902,-72.8641244222048,-72.8641244222048
1734.6900486373902,-72.86492549152044,-72.86492549152044
1734.7000486373902,-72.86573043169268,-72.86573043169268
1734.7100486373902,-72.86653936229159,-72.86653936229159
1734.7200486373902,-72.86735240085534,-72.86735240085534
1734.7300486373902,-72.86816966291845,-72.86816966291845
1734.7400486373901,-72.86899126200481,-72.86899126200481
1734.7500486373901,-72.8698173096696,-72.8698173096696
1734.7600486373901,-72.8706479155121,-72.8706479155121
1734.7700486373901,-72.87148318720284,-72.87148318720284
1734.78004863739,-72.87232323048426,-72.87232323048426
1734.79004863739,-72.87316814921479,-72.87316814921479
1734.80004863739,-72.87401804535368,-72.87401804535368
1734.81004863739,-72.87487301903396,-72.87487301903396
1734.82004863739,-72.87573316852931,-72.87573316852931
1734.83004863739,-72.87659859029752,-72.87659859029752
1734.84004863739,-72.87746937900815,-72.87746937900815
1734.850048661232,-72.87834562963101,-72.87834562963101
1734.860048661232,-72.8792274291496,-72.8792274291496
1734.870048661232,-72.88011486901131,-72.88011486901131
1734.880048661232,-72.88100803689079,-72.88100803689079
1734.890048661232,-72.8819070187671,-72.8819070187671
1734.900048661232,-72.88281189893357,-72.88281189893357
1734.910048661232,-72.8837227600289,-72.8837227600289
1734.920048661232,-72.88463968304981,-72.88463968304981
1734.930048661232,-72.88556274737266,-72.88556274737266
1734.940048661232,-72.88649203078653,-72.88649203078653
1734.950048661232,-72.88742760947036,-72.88742760947036
1734.960048661232,-72.88836955806211,-72.88836955806211
1734.9700486612319,-72.88931794966096,-72.88931794966096
1734.980048661232,-72.89027285583354,-72.89027285583354
1734.990048661232,-72.89123434664113,-72.89123434664113
1735.000048661232,-72.89220249066219,-72.89220249066219
1735.010048661232,-72.89317735500285,-72.89317735500285
1735.020048661232,-72.89415900534225,-72.89415900534225
1735.030048661232,-72.8951475058929,-72.8951475058929
1735.040048661232,-72.89614291949023,-72.89614291949023
1735.050048661232,-72.89714530756606,-72.89714530756606
1735.060048661232,-72.89815473016463,-72.89815473016463
1735.070048661232,-72.8991712459879,-72.8991712459879
1735.080048661232,-72.90019491239637,-72.90019491239637
1735.090048661232,-72.90122578542649,-72.90122578542649
1735.100048661232,-72.90226391980724,-72.90226391980724
1735.110048661232,-72.90330936897998,-72.90330936897998
1735.120048661232,-72.9043621851328,-72.9043621851328
1735.130048661232,-72.90542241918047,-72.90542241918047
1735.140048661232,-72.90649012081867,-72.90649012081867
1735.150048661232,-72.90756533851356,-72.90756533851356
1735.160048661232,-72.90864811953706,-72.90864811953706
1735.170048661232,-72.90973850997229,-72.90973850997229
1735.180048661232,-72.9108365547356,-72.9108365547356
1735.190048661232,-72.91194229758545,-72.91194229758545
1735.200048661232,-72.91305578115818,-72.91305578115818
1735.210048661232,-72.91417704694301,-72.91417704694301
1735.2200486612319,-72.91530613534228,-72.91530613534228
1735.230048661232,-72.91644308566701,-72.91644308566701
1735.240048661232,-72.91758793615085,-72.91758793615085
1735.250048661232,-72.91874072396719,-72.91874072396719
1735.260048661232,-72.91990148524714,-72.91990148524714
1735.270048661232,-72.92107025508825,-72.92107025508825
1735.280048661232,-72.92224706757887,-72.92224706757887
1735.290048661232,-72.92343195580233,-72.92343195580233
1735.300048661232,-72.92462495185764,-72.92462495185764
1735.310048661232,-72.92582608687377,-72.92582608687377
1735.320048661232,-72.92703539101952,-72.92703539101952
1735.330048661232,-72.92825289352437,-72.92825289352437
1735.340048661232,-72.92947862267708,-72.92947862267708
1735.350048661232,-72.9307126058615,-72.9307126058615
1735.360048661232,-72.93195486954708,-72.93195486954708
1735.370048661232,-72.93320543932236,-72.93320543932236
1735.380048661232,-72.93446433989592,-72.93446433989592
1735.390048661232,-72.93573159511524,-72.93573159511524
1735.400048661232,-72.93700722796973,-72.93700722796973
1735.410048661232,-72.93829126062029,-72.93829126062029
1735.420048661232,-72.93958371438151,-72.93958371438151
1735.430048661232,-72.94088460977235,-72.94088460977235
1735.440048661232,-72.9421939665125,-72.9421939665125
1735.450048661232,-72.94351180351117,-72.94351180351117
1735.460048661232,-72.94483813892865,-72.94483813892865
1735.4700486612319,-72.94617299013751,-72.94617299013751
1735.480048661232,-72.94751637375622,-72.94751637375622
1735.490048661232,-72.94886830566529,-72.94886830566529
1735.500048661232,-72.95022880101317,-72.95022880101317
1735.510048661232,-72.95159787423367,-72.95159787423367
1735.520048661232,-72.95297553903342,-72.95297553903342
1735.530048661232,-72.95436180843537,-72.95436180843537
1735.540048661232,-72.95575669476358,-72.95575669476358
1735.550048661232,-72.9571602096747,-72.9571602096747
1735.560048661232,-72.95857236414496,-72.95857236414496
1735.570048661232,-72.95999316850532,-72.95999316850532
1735.580048661232,-72.96142263243517,-72.96142263243517
1735.590048661232,-72.96286076497572,-72.96286076497572
1735.600048661232,-72.9643075745353,-72.9643075745353
1735.610048661232,-72.96576306892221,-72.96576306892221
1735.620048661232,-72.96722725531568,-72.96722725531568
1735.630048661232,-72.96870014030492,-72.96870014030492
1735.640048661232,-72.97018172989394,-72.97018172989394
1735.650048661232,-72.97167202950548,-72.97167202950548
1735.660048661232,-72.97317104398601,-72.97317104398601
1735.670048661232,-72.97467877762004,-72.97467877762004
1735.680048661232,-72.97619523414977,-72.97619523414977
1735.690048661232,-72.97772041675667,-72.97772041675667
1735.7000486850739,-72.97925433175955,-72.97925433175955
1735.7100486850738,-72.98079061213346,-72.98079061213346
1735.7200486850738,-72.98232647897662,-72.98232647897662
1735.7300486850738,-72.98386057931131,-72.98386057931131
1735.7400486850738,-72.9853922216122,-72.9853922216122
1735.7500486850738,-72.98692108264996,-72.98692108264996
1735.7600486850738,-72.98844705527713,-72.98844705527713
1735.7700486850738,-72.98997015911736,-72.98997015911736
1735.7800486850738,-72.99149048695678,-72.99149048695678
1735.7900486850738,-72.99300817248461,-72.99300817248461
1735.8000486850738,-72.99452337091391,-72.99452337091391
1735.8100486850738,-72.99603624748714,-72.99603624748714
1735.8200486850737,-72.99754697068128,-72.99754697068128
1735.830048685074,-72.99905570833543,-72.99905570833543
1735.840048685074,-73.00056262553169,-73.00056262553169
1735.850048685074,-73.00206788354878,-73.00206788354878
1735.860048685074,-73.0035716394387,-73.0035716394387
1735.870048685074,-73.00507404597573,-73.00507404597573
1735.880048685074,-73.00657525180416,-73.00657525180416
1735.890048685074,-73.00807540169974,-73.00807540169974
1735.900048685074,-73.00957463685336,-73.00957463685336
1735.910048685074,-73.01107309520715,-73.01107309520715
1735.9200486850739,-73.01257091171377,-73.01257091171377
1735.9300486850739,-73.01406821861951,-73.01406821861951
1735.9400486850739,-73.01556514569684,-73.01556514569684
1735.9500486850739,-73.0170618204737,-73.0170618204737
1735.9600486850738,-73.01855836841474,-73.01855836841474
1735.9700486850738,-73.0200549130446,-73.0200549130446
1735.9800486850738,-73.02155157612903,-73.02155157612903
1735.9900486850738,-73.02304847775433,-73.02304847775433
1736.0000486850738,-73.02454573643972,-73.02454573643972
1736.0100486850738,-73.02604346921503,-73.02604346921503
1736.0200486850738,-73.02754179167374,-73.02754179167374
1736.0300486850738,-73.0290408180272,-73.0290408180272
1736.0400486850738,-73.03054066117721,-73.03054066117721
1736.0500486850738,-73.03204143270811,-73.03204143270811
1736.0600486850738,-73.0335432429477,-73.0335432429477
1736.0700486850737,-73.03504620097854,-73.03504620097854
1736.080048685074,-73.03655041465183,-73.03655041465183
1736.090048685074,-73.03805599060172,-73.03805599060172
1736.100048685074,-73.0395630342582,-73.0395630342582
1736.110048685074,-73.0410716498548,-73.0410716498548
1736.120048685074,-73.0425819404281,-73.0425819404281
1736.130048685074,-73.04409400782653,-73.04409400782653
1736.140048685074,-73.04560795270106,-73.04560795270106
1736.150048685074,-73.04712387452771,-73.04712387452771
1736.160048685074,-73.04864187158476,-73.04864187158476
1736.1700486850739,-73.05016204095854,-73.05016204095854
1736.1800486850739,-73.05168447855259,-73.05168447855259
1736.1900486850739,-73.05320927906432,-73.05320927906432
1736.2000486850739,-73.0547365360039,-73.0547365360039
1736.2100486850738,-73.05626634168163,-73.05626634168163
1736.2200486850738,-73.05779878721634,-73.05779878721634
1736.2300486850738,-73.05933396251393,-73.05933396251393
1736.2400486850738,-73.06087195628972,-73.06087195628972
1736.2500486850738,-73.06241285604608,-73.06241285604608
1736.2600486850738,-73.06395674809207,-73.06395674809207
1736.2700486850738,-73.06550371752468,-73.06550371752468
1736.2800486850738,-73.06705384824447,-73.06705384824447
1736.2900486850738,-73.0686072229414,-73.0686072229414
1736.3000486850738,-73.07016392310527,-73.07016392310527
1736.3100486850738,-73.07172402901715,-73.07172402901715
1736.3200486850737,-73.0732876197733,-73.0732876197733
1736.330048685074,-73.07485477325595,-73.07485477325595
1736.340048685074,-73.07642556616463,-73.07642556616463
1736.350048685074,-73.07800007399426,-73.07800007399426
1736.360048685074,-73.07957837105931,-73.07957837105931
1736.370048685074,-73.08116053048587,-73.08116053048587
1736.380048685074,-73.08274662421567,-73.08274662421567
1736.390048685074,-73.0843367230115,-73.0843367230115
1736.400048685074,-73.08593089646651,-73.08593089646651
1736.410048685074,-73.08752921300417,-73.08752921300417
1736.4200486850739,-73.08913173988749,-73.08913173988749
1736.4300486850739,-73.09073854321292,-73.09073854321292
1736.4400486850739,-73.09234968795091,-73.09234968795091
1736.4500486850739,-73.09396523789746,-73.09396523789746
1736.4600486850738,-73.09557888320387,-73.09557888320387
1736.4700486850738,-73.09718789604767,-73.09718789604767
1736.4800486850738,-73.09879097979288,-73.09879097979288
1736.4900486850738,-73.10038749964986,-73.10038749964986
1736.5000486850738,-73.1019771891155,-73.1019771891155
1736.5100486850738,-73.10355999750644,-73.10355999750644
1736.5200486850738,-73.10513600057726,-73.10513600057726
1736.5300486850738,-73.10670534678142,-73.10670534678142
1736.5400486850738,-73.10826822499467,-73.10826822499467
1736.5500487089157,-73.10982484884785,-73.10982484884785
1736.5600487089157,-73.11137543032248,-73.11137543032248
1736.5700487089157,-73.11292019526554,-73.11292019526554
1736.5800487089157,-73.11445936463178,-73.11445936463178
1736.5900487089157,-73.11599315606746,-73.11599315606746
1736.6000487089157,-73.11752178287117,-73.11752178287117
1736.6100487089157,-73.11904545357505,-73.11904545357505
1736.6200487089156,-73.12056437186565,-73.12056437186565
1736.6300487089156,-73.12207873676209,-73.12207873676209
1736.6400487089156,-73.12358874286325,-73.12358874286325
1736.6500487089156,-73.12509458063207,-73.12509458063207
1736.6600487089156,-73.12659643671665,-73.12659643671665
1736.6700487089156,-73.12809449423935,-73.12809449423935
1736.6800487089158,-73.12958893306319,-73.12958893306319
1736.6900487089158,-73.13107993003595,-73.13107993003595
1736.7000487089158,-73.13256765920588,-73.13256765920588
1736.7100487089158,-73.13404591640352,-73.13404591640352
1736.7200487089158,-73.13551208010593,-73.13551208010593
1736.7300487089158,-73.1369649595193,-73.1369649595193
1736.7400487089158,-73.13840402496547,-73.13840402496547
1736.7500487089158,-73.13982911428441,-73.13982911428441
1736.7600487089157,-73.14124028033784,-73.14124028033784
1736.7700487089157,-73.14263770162158,-73.14263770162158
1736.7800487089157,-73.14402162862562,-73.14402162862562
1736.7900487089157,-73.14539235150863,-73.14539235150863
1736.8000487089157,-73.14675018077382,-73.14675018077382
1736.8100487089157,-73.14809543571884,-73.14809543571884
1736.8200487089157,-73.14942843767207,-73.14942843767207
1736.8300487089157,-73.1507495061165,-73.1507495061165
1736.8400487089157,-73.15205895657677,-73.15205895657677
1736.8500487089157,-73.15335709954199,-73.15335709954199
1736.8600487089157,-73.15464424008181,-73.15464424008181
1736.8700487089156,-73.15592067774959,-73.15592067774959
1736.8800487089156,-73.15718670675716,-73.15718670675716
1736.8900487089156,-73.15844261621447,-73.15844261621447
1736.9000487089156,-73.15968869041504,-73.15968869041504
1736.9100487089156,-73.16092520914263,-73.16092520914263
1736.9200487089156,-73.16215244794479,-73.16215244794479
1736.9300487089158,-73.16337067841857,-73.16337067841857
1736.9400487089158,-73.16458016841644,-73.16458016841644
1736.9500487089158,-73.16578118227316,-73.16578118227316
1736.9600487089158,-73.16697398095518,-73.16697398095518
1736.9700487089158,-73.16815882225033,-73.16815882225033
1736.9800487089158,-73.1693359608611,-73.1693359608611
1736.9900487089158,-73.17050564853574,-73.17050564853574
1737.0000487089158,-73.17166813413853,-73.17166813413853
1737.0100487089157,-73.17282366374599,-73.17282366374599
1737.0200487089157,-73.17397248070614,-73.17397248070614
1737.0300487089157,-73.17511482565801,-73.17511482565801
1737.0400487089157,-73.17625093661437,-73.17625093661437
1737.0500487089157,-73.17738104897495,-73.17738104897495
1737.0600487089157,-73.17850539555457,-73.17850539555457
1737.0700487089157,-73.17962420660811,-73.17962420660811
1737.0800487089157,-73.18073770984607,-73.18073770984607
1737.0900487089157,-73.1818461304365,-73.1818461304365
1737.1000487089157,-73.18294969104203,-73.18294969104203
1737.1100487089157,-73.18404861182297,-73.18404861182297
1737.1200487089156,-73.18514311042443,-73.18514311042443
1737.1300487089156,-73.18623340199044,-73.18623340199044
1737.1400487089156,-73.18731969917201,-73.18731969917201
1737.1500487089156,-73.18840221214433,-73.18840221214433
1737.1600487089156,-73.18948114859225,-73.18948114859225
1737.1700487089156,-73.19055671371086,-73.19055671371086
1737.1800487089158,-73.19162911021988,-73.19162911021988
1737.1900487089158,-73.19269853838274,-73.19269853838274
1737.2000487089158,-73.19376519597667,-73.19376519597667
1737.2100487089158,-73.1948292783218,-73.1948292783218
1737.2200487089158,-73.19589097826729,-73.19589097826729
1737.2300487089158,-73.19695048622583,-73.19695048622583
1737.2400487089158,-73.19800799013777,-73.19800799013777
1737.2500487089158,-73.19906367551678,-73.19906367551678
1737.2600487089157,-73.20011772544397,-73.20011772544397
1737.2700487089157,-73.20117032056434,-73.20117032056434
1737.2800487089157,-73.20222163910641,-73.20222163910641
1737.2900487089157,-73.20327185689194,-73.20327185689194
1737.3000487089157,-73.2043211473242,-73.2043211473242
1737.3100487089157,-73.20536968144224,-73.20536968144224
1737.3200487089157,-73.20641762788317,-73.20641762788317
1737.3300487089157,-73.2074651529341,-73.2074651529341
1737.3400487089157,-73.20851242051327,-73.20851242051327
1737.3500487089157,-73.2095595921949,-73.2095595921949
1737.3600487089157,-73.21060682721655,-73.21060682721655
1737.3700487089156,-73.21165428252006,-73.21165428252006
1737.3800487089156,-73.2127021127271,-73.2127021127271
1737.3900487089156,-73.21375047016484,-73.21375047016484
1737.4000487327576,-73.21479950740533,-73.21479950740533
1737.4100487327576,-73.21584936725804,-73.21584936725804
1737.4200487327576,-73.21690019777445,-73.21690019777445
1737.4300487327575,-73.21795214228004,-73.21795214228004
1737.4400487327575,-73.21900534191609,-73.21900534191609
1737.4500487327575,-73.22005993560921,-73.22005993560921
1737.4600487327575,-73.22111606011039,-73.22111606011039
1737.4700487327575,-73.22217385002178,-73.22217385002178
1737.4800487327575,-73.22323343780891,-73.22323343780891
1737.4900487327575,-73.22429495379937,-73.22429495379937
1737.5000487327575,-73.22535852623162,-73.22535852623162
1737.5100487327575,-73.22642428126319,-73.22642428126319
1737.5200487327575,-73.22749234296423,-73.22749234296423
1737.5300487327577,-73.22856283338356,-73.22856283338356
1737.5400487327577,-73.22963587252177,-73.22963587252177
1737.5500487327577,-73.23071157838373,-73.23071157838373
1737.5600487327577,-73.23179006698551,-73.23179006698551
1737.5700487327576,-73.23287145236677,-73.23287145236677
1737.5800487327576,-73.2339558466258,-73.2339558466258
1737.5900487327576,-73.23504335992321,-73.23504335992321
1737.6000487327576,-73.23613410051892,-73.23613410051892
1737.6100487327576,-73.23722817477555,-73.23722817477555
1737.6200487327576,-73.23832568718532,-73.23832568718532
1737.6300487327576,-73.23942674040143,-73.23942674040143
1737.6400487327576,-73.24053143523493,-73.24053143523493
1737.6500487327576,-73.24163987069828,-73.24163987069828
1737.6600487327576,-73.24275214400333,-73.24275214400333
1737.6700487327576,-73.24386835060535,-73.24386835060535
1737.6800487327575,-73.24498858420164,-73.24498858420164
1737.6900487327575,-73.24611293675733,-73.24611293675733
1737.7000487327575,-73.24724149853456,-73.24724149853456
1737.7100487327575,-73.24837435810564,-73.24837435810564
1737.7200487327575,-73.24951160236945,-73.24951160236945
1737.7300487327575,-73.25065331657827,-73.25065331657827
1737.7400487327575,-73.2517995843585,-73.2517995843585
1737.7500487327575,-73.25295048771893,-73.25295048771893
1737.7600487327575,-73.25410610708066,-73.25410610708066
1737.7700487327575,-73.25526652128856,-73.25526652128856
1737.7800487327577,-73.25643180764415,-73.25643180764415
1737.7900487327577,-73.25760204190736,-73.25760204190736
1737.8000487327577,-73.25877729833864,-73.25877729833864
1737.8100487327577,-73.25995764969151,-73.25995764969151
1737.8200487327576,-73.26114316724583,-73.26114316724583
1737.8300487327576,-73.26233392082707,-73.26233392082707
1737.8400487327576,-73.26352997882047,-73.26352997882047
1737.8500487327576,-73.26473140819124,-73.26473140819124
1737.8600487327576,-73.26593827451063,-73.26593827451063
1737.8700487327576,-73.26715064195706,-73.26715064195706
1737.8800487327576,-73.26836857335462,-73.26836857335462
1737.8900487327576,-73.26959213017012,-73.26959213017012
1737.9000487327576,-73.27082137255094,-73.27082137255094
1737.9100487327576,-73.27205635932052,-73.27205635932052
1737.9200487327576,-73.27329714802914,-73.27329714802914
1737.9300487327575,-73.27454379493174,-73.27454379493174
1737.9400487327575,-73.27579635503174,-73.27579635503174
1737.9500487327575,-73.27705488208873,-73.27705488208873
1737.9600487327575,-73.27831304068071,-73.27831304068071
1737.9700487327575,-73.2795680864244,-73.2795680864244
1737.9800487327575,-73.28081870959264,-73.28081870959264
1737.9900487327575,-73.282064263906,-73.282064263906
1738.0000487327575,-73.28330447222037,-73.28330447222037
1738.0100487327575,-73.28453927368426,-73.28453927368426
1738.0200487327575,-73.28576873410587,-73.28576873410587
1738.0300487327577,-73.28699299216794,-73.28699299216794
1738.0400487327577,-73.28821222700991,-73.28821222700991
1738.0500487327577,-73.28942663883169,-73.28942663883169
1738.0600487327577,-73.29063643731818,-73.29063643731818
1738.0700487327576,-73.29184183484466,-73.29184183484466
1738.0800487327576,-73.29304304258616,-73.29304304258616
1738.0900487327576,-73.29424026841518,-73.29424026841518
1738.1000487327576,-73.29543371582123,-73.29543371582123
1738.1100487327576,-73.29662358352657,-73.29662358352657
1738.1200487327576,-73.2978100654029,-73.2978100654029
1738.1300487327576,-73.29899335065147,-73.29899335065147
1738.1400487327576,-73.3001736240593,-73.3001736240593
1738.1500487327576,-73.30135106629216,-73.30135106629216
1738.1600487327576,-73.30252585422114,-73.30252585422114
1738.1700487327576,-73.30369816121815,-73.30369816121815
1738.1800487327575,-73.30486815741324,-73.30486815741324
1738.1900487327575,-73.30603600996822,-73.30603600996822
1738.2000487327575,-73.30720188326096,-73.30720188326096
1738.2100487327575,-73.3083659391139,-73.3083659391139
1738.2200487327575,-73.30952833692515,-73.30952833692515
1738.2300487327575,-73.31068923382244,-73.31068923382244
1738.2400487327575,-73.3118487847783,-73.3118487847783
1738.2500487565994,-73.31300714546167,-73.31300714546167
1738.2600487565994,-73.31416446131638,-73.31416446131638
1738.2700487565994,-73.31532088415308,-73.31532088415308
1738.2800487565994,-73.31647656117687,-73.31647656117687
1738.2900487565994,-73.31763163781089,-73.31763163781089
1738.3000487565994,-73.31878625774075,-73.31878625774075
1738.3100487565994,-73.31994056290814,-73.31994056290814
1738.3200487565994,-73.3210946935877,-73.3210946935877
1738.3300487565994,-73.32224878837972,-73.32224878837972
1738.3400487565993,-73.32340298424802,-73.32340298424802
1738.3500487565993,-73.32455741651043,-73.32455741651043
1738.3600487565993,-73.32571221887073,-73.32571221887073
1738.3700487565993,-73.32686752342208,-73.32686752342208
1738.3800487565995,-73.32802346065925,-73.32802346065925
1738.3900487565995,-73.32918015948296,-73.32918015948296
1738.4000487565995,-73.33033774719759,-73.33033774719759
1738.4100487565995,-73.33149634952439,-73.33149634952439
1738.4200487565995,-73.33265609061597,-73.33265609061597
1738.4300487565995,-73.33381709303497,-73.33381709303497
1738.4400487565995,-73.33497947777593,-73.33497947777593
1738.4500487565995,-73.33614336425887,-73.33614336425887
1738.4600487565995,-73.33730887032827,-73.33730887032827
1738.4700487565995,-73.33847611228468,-73.33847611228468
1738.4800487565994,-73.33964520485345,-73.33964520485345
1738.4900487565994,-73.34081626120113,-73.34081626120113
1738.5000487565994,-73.34198939293961,-73.34198939293961
1738.5100487565994,-73.34316471013655,-73.34316471013655
1738.5200487565994,-73.34434232131179,-73.34434232131179
1738.5300487565994,-73.34552233343781,-73.34552233343781
1738.5400487565994,-73.3467048519486,-73.3467048519486
1738.5500487565994,-73.34788998074775,-73.34788998074775
1738.5600487565994,-73.34907782222344,-73.34907782222344
1738.5700487565994,-73.35026847722104,-73.35026847722104
1738.5800487565994,-73.35146204509282,-73.35146204509282
1738.5900487565993,-73.35265862366879,-73.35265862366879
1738.6000487565993,-73.35385830928793,-73.35385830928793
1738.6100487565993,-73.35506119679216,-73.35506119679216
1738.6200487565993,-73.35626737953184,-73.35626737953184
1738.6300487565995,-73.35747694938235,-73.35747694938235
1738.6400487565995,-73.35868999675833,-73.35868999675833
1738.6500487565995,-73.35990661060481,-73.35990661060481
1738.6600487565995,-73.36112687842316,-73.36112687842316
1738.6700487565995,-73.36235088625648,-73.36235088625648
1738.6800487565995,-73.3635787187292,-73.3635787187292
1738.6900487565995,-73.36481045903535,-73.36481045903535
1738.7000487565995,-73.36604618897023,-73.36604618897023
1738.7100487565995,-73.36727959297002,-73.36727959297002
1738.7200487565995,-73.36850795069242,-73.36850795069242
1738.7300487565994,-73.36972997802519,-73.36972997802519
1738.7400487565994,-73.3709450548908,-73.3709450548908
1738.7500487565994,-73.37215293062249,-73.37215293062249
1738.7600487565994,-73.3733535708934,-73.3733535708934
1738.7700487565994,-73.37454706802397,-73.37454706802397
1738.7800487565994,-73.37573358708028,-73.37573358708028
1738.7900487565994,-73.3769133334582,-73.3769133334582
1738.8000487565994,-73.378019927509,-73.378019927509
1738.8100487565994,-73.37903149969644,-73.37903149969644
1738.8200487565994,-73.37994088692295,-73.37994088692295
1738.8300487565994,-73.38074571922574,-73.38074571922574
1738.8400487565993,-73.38144541183736,-73.38144541183736
1738.8500487565993,-73.38204014562758,-73.38204014562758
1738.8600487565993,-73.38253047945128,-73.38253047945128
1738.8700487565993,-73.38291718929001,-73.38291718929001
1738.8800487565995,-73.38320119651252,-73.38320119651252
1738.8900487565995,-73.38338353287706,-73.38338353287706
1738.9000487565995,-73.38346532091421,-73.38346532091421
1738.9100487565995,-73.3834477607092,-73.3834477607092
1738.9200487565995,-73.38333211935732,-73.38333211935732
1738.9300487565995,-73.38311972161088,-73.38311972161088
1738.9400487565995,-73.38281194117447,-73.38281194117447
1738.9500487565995,-73.38241019264377,-73.38241019264377
1738.9600487565995,-73.38191592396323,-73.38191592396323
1738.9700487565995,-73.3813306095961,-73.3813306095961
1738.9800487565994,-73.38065574429115,-73.38065574429115
1738.9900487565994,-73.37989283757535,-73.37989283757535
1739.0000487565994,-73.37904340886817,-73.37904340886817
1739.0100487565994,-73.37810898319286,-73.37810898319286
1739.0200487565994,-73.37709108750317,-73.37709108750317
1739.0300487565994,-73.37599124744997,-73.37599124744997
1739.0400487565994,-73.37481098466124,-73.37481098466124
1739.0500487565994,-73.37355181441886,-73.37355181441886
1739.0600487565994,-73.37221524364482,-73.37221524364482
1739.0700487565994,-73.37080276926088,-73.37080276926088
1739.0800487565994,-73.3693158767811,-73.3693158767811
1739.0900487565993,-73.36775603911865,-73.36775603911865
1739.1000487804413,-73.36612471173456,-73.36612471173456
1739.1100487804413,-73.36442334715242,-73.36442334715242
1739.1200487804413,-73.36265337180626,-73.36265337180626
1739.1300487804413,-73.3608162000931,-73.3608162000931
1739.1400487804412,-73.35891323047989,-73.35891323047989
1739.1500487804412,-73.35694584513493,-73.35694584513493
1739.1600487804412,-73.3549154096958,-73.3549154096958
1739.1700487804412,-73.35282327306504,-73.35282327306504
1739.1800487804412,-73.35067076727832,-73.35067076727832
1739.1900487804412,-73.34845920742755,-73.34845920742755
1739.2000487804412,-73.34618989163457,-73.34618989163457
1739.2100487804412,-73.34386410102263,-73.34386410102263
1739.2200487804412,-73.34148309975535,-73.34148309975535
1739.2300487804414,-73.33904813508651,-73.33904813508651
1739.2400487804414,-73.33656043744458,-73.33656043744458
1739.2500487804414,-73.33402122048723,-73.33402122048723
1739.2600487804414,-73.33143168125237,-73.33143168125237
1739.2700487804414,-73.32879300024645,-73.32879300024645
1739.2800487804413,-73.3261063415868,-73.3261063415868
1739.2900487804413,-73.3233728531325,-73.3233728531325
1739.3000487804413,-73.32059366664191,-73.32059366664191
1739.3100487804413,-73.31776989792544,-73.31776989792544
1739.3200487804413,-73.31490264698635,-73.31490264698635
1739.3300487804413,-73.31199299821651,-73.31199299821651
1739.3400487804413,-73.30904202052388,-73.30904202052388
1739.3500487804413,-73.3060507675371,-73.3060507675371
1739.3600487804413,-73.30302027775365,-73.30302027775365
1739.3700487804413,-73.2999515747216,-73.2999515747216
1739.3800487804413,-73.29684566720782,-73.29684566720782
1739.3900487804412,-73.29370354938007,-73.29370354938007
1739.4000487804412,-73.29052620097337,-73.29052620097337
1739.4100487804412,-73.2873145874789,-73.2873145874789
1739.4200487804412,-73.28406966029924,-73.28406966029924
1739.4300487804412,-73.28079235693963,-73.28079235693963
1739.4400487804412,-73.27748360116361,-73.27748360116361
1739.4500487804412,-73.2741443031859,-73.2741443031859
1739.4600487804412,-73.27077535982247,-73.27077535982247
1739.4700487804412,-73.26737765468366,-73.26737765468366
1739.4800487804414,-73.26395205832881,-73.26395205832881
1739.4900487804414,-73.2604994284324,-73.2604994284324
1739.5000487804414,-73.25702060995569,-73.25702060995569
1739.5100487804414,-73.25351643531098,-73.25351643531098
1739.5200487804414,-73.24998772453309,-73.24998772453309
1739.5300487804413,-73.24643528542344,-73.24643528542344
1739.5400487804413,-73.24285991371711,-73.24285991371711
1739.5500487804413,-73.23926239325165,-73.23926239325165
1739.5600487804413,-73.23564349611374,-73.23564349611374
1739.5700487804413,-73.23200398278168,-73.23200398278168
1739.5800487804413,-73.22834460231437,-73.22834460231437
1739.5900487804413,-73.22466609246695,-73.22466609246695
1739.6000487804413,-73.22096917986156,-73.22096917986156
1739.6100487804413,-73.21725458013138,-73.21725458013138
1739.6200487804413,-73.21352299805297,-73.21352299805297
1739.6300487804413,-73.2097751277003,-73.2097751277003
1739.6400487804412,-73.20601165261168,-73.20601165261168
1739.6500487804412,-73.20223324588089,-73.20223324588089
1739.6600487804412,-73.19844057033771,-73.19844057033771
1739.6700487804412,-73.1946342786694,-73.1946342786694
1739.6800487804412,-73.19081501355703,-73.19081501355703
1739.6900487804412,-73.18698340781312,-73.18698340781312
1739.7000487804412,-73.18314008450568,-73.18314008450568
1739.7100487804412,-73.17928565709742,-73.17928565709742
1739.7200487804412,-73.17542072958291,-73.17542072958291
1739.7300487804414,-73.17154589658672,-73.17154589658672
1739.7400487804414,-73.16766174352563,-73.16766174352563
1739.7500487804414,-73.16376884670031,-73.16376884670031
1739.7600487804414,-73.15986777344366,-73.15986777344366
1739.7700487804414,-73.15595908222275,-73.15595908222275
1739.7800487804413,-73.1520433227635,-73.1520433227635
1739.7900487804413,-73.14812103617992,-73.14812103617992
1739.8000487804413,-73.14419275508403,-73.14419275508403
1739.8100487804413,-73.14025900368274,-73.14025900368274
1739.8200487804413,-73.13632029792217,-73.13632029792217
1739.8300487804413,-73.1323771455839,-73.1323771455839
1739.8400487804413,-73.12843004638492,-73.12843004638492
1739.8500487804413,-73.12447949210075,-73.12447949210075
1739.8600487804413,-73.12052596666844,-73.12052596666844
1739.8700487804413,-73.11656994630516,-73.11656994630516
1739.8800487804413,-73.11261189957894,-73.11261189957894
1739.8900487804412,-73.10865228755709,-73.10865228755709
1739.9000487804412,-73.10469156388052,-73.10469156388052
1739.9100487804412,-73.10073017485516,-73.10073017485516
1739.9200487804412,-73.09676855957653,-73.09676855957653
1739.9300487804412,-73.09280715001884,-73.09280715001884
1739.9400487804412,-73.08884637112934,-73.08884637112934
1739.9500488042831,-73.08488663147772,-73.08488663147772
1739.9600488042831,-73.08092836110899,-73.08092836110899
1739.9700488042831,-73.07697195503953,-73.07697195503953
1739.9800488042831,-73.07301781104368,-73.07301781104368
1739.990048804283,-73.06906632033676,-73.06906632033676
1740.000048804283,-73.06511786766923,-73.06511786766923
1740.010048804283,-73.06117283140237,-73.06117283140237
1740.020048804283,-73.05723158359767,-73.05723158359767
1740.030048804283,-73.05329449011754,-73.05329449011754
1740.040048804283,-73.04936191069562,-73.04936191069562
1740.050048804283,-73.0454341990107,-73.0454341990107
1740.060048804283,-73.04151170279405,-73.04151170279405
1740.070048804283,-73.03759476389149,-73.03759476389149
1740.0800488042833,-73.03368371835603,-73.03368371835603
1740.0900488042832,-73.02977889651291,-73.02977889651291
1740.1000488042832,-73.02588062306494,-73.02588062306494
1740.1100488042832,-73.02198921713315,-73.02198921713315
1740.1200488042832,-73.01810499235354,-73.01810499235354
1740.1300488042832,-73.01422825696544,-73.01422825696544
1740.1400488042832,-73.01035931385812,-73.01035931385812
1740.1500488042832,-73.00649846064731,-73.00649846064731
1740.1600488042832,-73.00264598977964,-73.00264598977964
1740.1700488042832,-72.9988021885702,-72.9988021885702
1740.1800488042832,-72.9949673392758,-72.9949673392758
1740.1900488042832,-72.99114171918478,-72.99114171918478
1740.2000488042831,-72.98732560066468,-72.98732560066468
1740.2100488042831,-72.9835192512417,-72.9835192512417
1740.2200488042831,-72.97972293366655,-72.97972293366655
1740.2300488042831,-72.97593690596639,-72.97593690596639
1740.240048804283,-72.9721614215344,-72.9721614215344
1740.250048804283,-72.96839672918135,-72.96839672918135
1740.260048804283,-72.96464307318155,-72.96464307318155
1740.270048804283,-72.96090069336857,-72.96090069336857
1740.280048804283,-72.95716982517554,-72.95716982517554
1740.290048804283,-72.95345069970028,-72.95345069970028
1740.300048804283,-72.94974354375715,-72.94974354375715
1740.310048804283,-72.94604857995893,-72.94604857995893
1740.320048804283,-72.94236602675116,-72.94236602675116
1740.3300488042833,-72.93869609848059,-72.93869609848059
1740.3400488042832,-72.9350390054571,-72.9350390054571
1740.3500488042832,-72.9313949539886,-72.9313949539886
1740.3600488042832,-72.9277641464724,-72.9277641464724
1740.3700488042832,-72.92414678140553,-72.92414678140553
1740.3800488042832,-72.92054305348027,-72.92054305348027
1740.3900488042832,-72.91695315360961,-72.91695315360961
1740.4000488042832,-72.9133772689948,-72.9133772689948
1740.4100488042832,-72.90981558315785,-72.90981558315785
1740.4200488042832,-72.90626827602763,-72.90626827602763
1740.4300488042832,-72.90273552394959,-72.90273552394959
1740.4400488042832,-72.8992174997602,-72.8992174997602
1740.4500488042831,-72.89571437283435,-72.89571437283435
1740.4600488042831,-72.89222630912312,-72.89222630912312
1740.4700488042831,-72.88875347121218,-72.88875347121218
1740.4800488042831,-72.88529601836605,-72.88529601836605
1740.490048804283,-72.88185410656676,-72.88185410656676
1740.500048804283,-72.87842788857462,-72.87842788857462
1740.510048804283,-72.87501751395527,-72.87501751395527
1740.520048804283,-72.87162312913435,-72.87162312913435
1740.530048804283,-72.868244877457,-72.868244877457
1740.540048804283,-72.8648828991964,-72.8648828991964
1740.550048804283,-72.86153733163168,-72.86153733163168
1740.560048804283,-72.85820830905743,-72.85820830905743
1740.570048804283,-72.8548959628585,-72.8548959628585
1740.5800488042833,-72.85160042151794,-72.85160042151794
1740.5900488042832,-72.84832181068771,-72.84832181068771
1740.6000488042832,-72.84506025322018,-72.84506025322018
1740.6100488042832,-72.84181586918447,-72.84181586918447
1740.6200488042832,-72.83858877594491,-72.83858877594491
1740.6300488042832,-72.83537908815975,-72.83537908815975
1740.6400488042832,-72.83218691785122,-72.83218691785122
1740.6500488042832,-72.82901237442374,-72.82901237442374
1740.6600488042832,-72.82585556471392,-72.82585556471392
1740.6700488042832,-72.82271659300723,-72.82271659300723
1740.6800488042832,-72.81959556109969,-72.81959556109969
1740.6900488042832,-72.81649256832216,-72.81649256832216
1740.7000488042831,-72.81340771156074,-72.81340771156074
1740.7100488042831,-72.81034108531632,-72.81034108531632
1740.7200488042831,-72.80729278171303,-72.80729278171303
1740.7300488042831,-72.80426289056575,-72.80426289056575
1740.740048804283,-72.80125149937497,-72.80125149937497
1740.750048804283,-72.79825869338984,-72.79825869338984
1740.760048804283,-72.79528455561685,-72.79528455561685
1740.770048804283,-72.79232916687566,-72.79232916687566
1740.780048804283,-72.78939260581069,-72.78939260581069
1740.790048804283,-72.78647494893633,-72.78647494893633
1740.800048828125,-72.78357626374206,-72.78357626374206
1740.810048828125,-72.7806966364371,-72.7806966364371
1740.820048828125,-72.77783613031711,-72.77783613031711
1740.830048828125,-72.77499481365354,-72.77499481365354
1740.840048828125,-72.7721727527373,-72.7721727527373
1740.850048828125,-72.76937001187413,-72.76937001187413
1740.860048828125,-72.76658665346147,-72.76658665346147
1740.870048828125,-72.76382273797559,-72.76382273797559
1740.880048828125,-72.76107832403142,-72.76107832403142
1740.890048828125,-72.75835346838629,-72.75835346838629
1740.900048828125,-72.755648225983,-72.755648225983
1740.910048828125,-72.75296264995917,-72.75296264995917
1740.920048828125,-72.75029679169543,-72.75029679169543
1740.930048828125,-72.74765070081435,-72.74765070081435
1740.940048828125,-72.74502442523676,-72.74502442523676
1740.950048828125,-72.74241801117867,-72.74241801117867
1740.960048828125,-72.73983150319616,-72.73983150319616
1740.970048828125,-72.73726494419296,-72.73726494419296
1740.980048828125,-72.73471837545425,-72.73471837545425
1740.990048828125,-72.73219183667221,-72.73219183667221
1741.000048828125,-72.72968536597106,-72.72968536597106
1741.010048828125,-72.72719899991019,-72.72719899991019
1741.020048828125,-72.72473277354322,-72.72473277354322
1741.030048828125,-72.72228672039589,-72.72228672039589
1741.040048828125,-72.71986087252634,-72.71986087252634
1741.050048828125,-72.71745526052987,-72.71745526052987
1741.060048828125,-72.71506991355682,-72.71506991355682
1741.070048828125,-72.71270485935196,-72.71270485935196
1741.080048828125,-72.71036012425247,-72.71036012425247
1741.090048828125,-72.70803573322277,-72.70803573322277
1741.100048828125,-72.70573170987043,-72.70573170987043
1741.110048828125,-72.70344807647012,-72.70344807647012
1741.120048828125,-72.7011848539856,-72.7011848539856
1741.130048828125,-72.69894206207793,-72.69894206207793
1741.140048828125,-72.69671971912673,-72.69671971912673
1741.150048828125,-72.69451784226429,-72.69451784226429
1741.160048828125,-72.69233644738514,-72.69233644738514
1741.170048828125,-72.69017554915888,-72.69017554915888
1741.180048828125,-72.68803516105905,-72.68803516105905
1741.190048828125,-72.68591529536914,-72.68591529536914
1741.200048828125,-72.68381596321761,-72.68381596321761
1741.210048828125,-72.68173083721157,-72.68173083721157
1741.220048828125,-72.6796571532749,-72.6796571532749
1741.230048828125,-72.6775935709684,-72.6775935709684
1741.240048828125,-72.67553940833068,-72.67553940833068
1741.250048828125,-72.67349434990847,-72.67349434990847
1741.260048828125,-72.67145829511078,-72.67145829511078
1741.270048828125,-72.66943126928074,-72.66943126928074
1741.280048828125,-72.66741337025685,-72.66741337025685
1741.290048828125,-72.66540473619695,-72.66540473619695
1741.300048828125,-72.66340552628724,-72.66340552628724
1741.310048828125,-72.66141590922409,-72.66141590922409
1741.320048828125,-72.65943605644587,-72.65943605644587
1741.330048828125,-72.6574661382727,-72.6574661382727
1741.340048828125,-72.6555063217628,-72.6555063217628
1741.350048828125,-72.65355676969027,-72.65355676969027
1741.360048828125,-72.65161764009812,-72.65161764009812
1741.370048828125,-72.64968908626106,-72.64968908626106
1741.380048828125,-72.64777125683742,-72.64777125683742
1741.390048828125,-72.6458642961077,-72.6458642961077
1741.400048828125,-72.64396834431135,-72.64396834431135
1741.410048828125,-72.64208353792047,-72.64208353792047
1741.420048828125,-72.64021000994731,-72.64021000994731
1741.430048828125,-72.63834789022391,-72.63834789022391
1741.440048828125,-72.63649730565022,-72.63649730565022
1741.450048828125,-72.63465838039888,-72.63465838039888
1741.460048828125,-72.63283123609276,-72.63283123609276
1741.470048828125,-72.63101599201453,-72.63101599201453
1741.480048828125,-72.6292127651945,-72.6292127651945
1741.490048828125,-72.62742167055796,-72.62742167055796
1741.500048828125,-72.62564282102275,-72.62564282102275
1741.510048828125,-72.62387632757773,-72.62387632757773
1741.520048828125,-72.62212229936452,-72.62212229936452
1741.530048828125,-72.62038084372121,-72.62038084372121
1741.540048828125,-72.61865206624,-72.61865206624
1741.550048828125,-72.616936070823,-72.616936070823
1741.560048828125,-72.61523295969376,-72.61523295969376
1741.570048828125,-72.61354283342995,-72.61354283342995
1741.580048828125,-72.61186579100779,-72.61186579100779
1741.590048828125,-72.61020192978465,-72.61020192978465
1741.600048828125,-72.60855134555142,-72.60855134555142
1741.610048828125,-72.60691413252435,-72.60691413252435
1741.620048828125,-72.60529038336077,-72.60529038336077
1741.630048828125,-72.60368018917193,-72.60368018917193
1741.640048828125,-72.60208363951656,-72.60208363951656
1741.6500488519669,-72.60050081865353,-72.60050081865353
1741.6600488519668,-72.59893182067955,-72.59893182067955
1741.6700488519668,-72.59737672672084,-72.59737672672084
1741.6800488519668,-72.59583562023512,-72.59583562023512
1741.6900488519668,-72.59430858315613,-72.59430858315613
1741.7000488519668,-72.59279569589658,-72.59279569589658
1741.7100488519668,-72.59129703735539,-72.59129703735539
1741.7200488519668,-72.58981268492509,-72.58981268492509
1741.7300488519668,-72.5883427144964,-72.5883427144964
1741.7400488519668,-72.58688720045235,-72.58688720045235
1741.7500488519668,-72.58544621567962,-72.58544621567962
1741.7600488519668,-72.58401983158684,-72.58401983158684
1741.7700488519667,-72.58260811807578,-72.58260811807578
1741.780048851967,-72.58121114357013,-72.58121114357013
1741.790048851967,-72.5798289750237,-72.5798289750237
1741.800048851967,-72.57846167790579,-72.57846167790579
1741.810048851967,-72.57710931623251,-72.57710931623251
1741.820048851967,-72.57577195255148,-72.57577195255148
1741.830048851967,-72.57444964794733,-72.57444964794733
1741.840048851967,-72.57314246208371,-72.57314246208371
1741.850048851967,-72.57185045316695,-72.57185045316695
1741.860048851967,-72.57057367796824,-72.57057367796824
1741.8700488519669,-72.56931219184972,-72.56931219184972
1741.8800488519669,-72.56806604874832,-72.56806604874832
1741.8900488519669,-72.56683530120068,-72.56683530120068
1741.9000488519669,-72.56562000034916,-72.56562000034916
1741.9100488519668,-72.56442019592626,-72.56442019592626
1741.9200488519668,-72.56323593631265,-72.56323593631265
1741.9300488519668,-72.56206726850613,-72.56206726850613
1741.9400488519668,-72.56091423814952,-72.56091423814952
1741.9500488519668,-72.5597768895443,-72.5597768895443
1741.9600488519668,-72.55865526564017,-72.55865526564017
1741.9700488519668,-72.55754940807563,-72.55754940807563
1741.9800488519668,-72.55645935715897,-72.55645935715897
1741.9900488519668,-72.55538515190169,-72.55538515190169
1742.0000488519668,-72.55432683002951,-72.55432683002951
1742.0100488519668,-72.55328442797354,-72.55328442797354
1742.0200488519667,-72.55225798090038,-72.55225798090038
1742.030048851967,-72.55124752272262,-72.55124752272262
1742.040048851967,-72.55025308610898,-72.55025308610898
1742.050048851967,-72.54927470249473,-72.54927470249473
1742.060048851967,-72.54831240208686,-72.54831240208686
1742.070048851967,-72.54736621388969,-72.54736621388969
1742.080048851967,-72.5464361657121,-72.5464361657121
1742.090048851967,-72.5455222841766,-72.5455222841766
1742.100048851967,-72.5446245947348,-72.5446245947348
1742.110048851967,-72.54374312168122,-72.54374312168122
1742.1200488519669,-72.54287788816923,-72.54287788816923
1742.1300488519669,-72.54202891621814,-72.54202891621814
1742.1400488519669,-72.54119622672624,-72.54119622672624
1742.1500488519669,-72.5403798394837,-72.5403798394837
1742.1600488519668,-72.53957977319892,-72.53957977319892
1742.1700488519668,-72.53879604547602,-72.53879604547602
1742.1800488519668,-72.53802867286865,-72.53802867286865
1742.1900488519668,-72.53727767087938,-72.53727767087938
1742.2000488519668,-72.53654305396104,-72.53654305396104
1742.2100488519668,-72.53581851014188,-72.53581851014188
1742.2200488519668,-72.53510128299473,-72.53510128299473
1742.2300488519668,-72.53439003681089,-72.53439003681089
1742.2400488519668,-72.53368409308942,-72.53368409308942
1742.2500488519668,-72.53298313917361,-72.53298313917361
1742.2600488519668,-72.532287076965,-72.532287076965
1742.2700488519667,-72.53159593418125,-72.53159593418125
1742.280048851967,-72.53090981101597,-72.53090981101597
1742.290048851967,-72.53022884807764,-72.53022884807764
1742.300048851967,-72.52955320711462,-72.52955320711462
1742.310048851967,-72.52888305952104,-72.52888305952104
1742.320048851967,-72.5282185795928,-72.5282185795928
1742.330048851967,-72.52755994066156,-72.52755994066156
1742.340048851967,-72.52690731297233,-72.52690731297233
1742.350048851967,-72.52626086261584,-72.52626086261584
1742.360048851967,-72.52562075111969,-72.52562075111969
1742.3700488519669,-72.52498713537567,-72.52498713537567
1742.3800488519669,-72.52436016779735,-72.52436016779735
1742.3900488519669,-72.52373999656712,-72.52373999656712
1742.4000488519669,-72.52312676592669,-72.52312676592669
1742.4100488519668,-72.5225206164863,-72.5225206164863
1742.4200488519668,-72.5219216855099,-72.5219216855099
1742.4300488519668,-72.52133010718609,-72.52133010718609
1742.4400488519668,-72.52074601287218,-72.52074601287218
1742.4500488519668,-72.52016953129719,-72.52016953129719
1742.4600488519668,-72.51960078876131,-72.51960078876131
1742.4700488519668,-72.519039909269,-72.519039909269
1742.4800488519668,-72.51848701469699,-72.51848701469699
1742.4900488519668,-72.51794222489302,-72.51794222489302
1742.5000488758087,-72.51740565649777,-72.51740565649777
1742.5100488758087,-72.5168774281607,-72.5168774281607
1742.5200488758087,-72.51635765285022,-72.51635765285022
1742.5300488758087,-72.51584644313839,-72.51584644313839
1742.5400488758087,-72.51534390991814,-72.51534390991814
1742.5500488758087,-72.51485016244912,-72.51485016244912
1742.5600488758087,-72.51436530837844,-72.51436530837844
1742.5700488758087,-72.51388945378703,-72.51388945378703
1742.5800488758086,-72.51342270319374,-72.51342270319374
1742.5900488758086,-72.51296515957586,-72.51296515957586
1742.6000488758086,-72.51251692439584,-72.51251692439584
1742.6100488758086,-72.51207809759512,-72.51207809759512
1742.6200488758086,-72.51164877760954,-72.51164877760954
1742.6300488758088,-72.51122906138298,-72.51122906138298
1742.6400488758088,-72.51081904437184,-72.51081904437184
1742.6500488758088,-72.51041882053414,-72.51041882053414
1742.6600488758088,-72.51002848236918,-72.51002848236918
1742.6700488758088,-72.50964812087197,-72.50964812087197
1742.6800488758088,-72.50927782557908,-72.50927782557908
1742.6900488758088,-72.50891768454318,-72.50891768454318
1742.7000488758088,-72.50856778435707,-72.50856778435707
1742.7100488758088,-72.50822821014174,-72.50822821014174
1742.7200488758087,-72.50789904555043,-72.50789904555043
1742.7300488758087,-72.50758037276806,-72.50758037276806
1742.7400488758087,-72.50727227254266,-72.50727227254266
1742.7500488758087,-72.50697482413962,-72.50697482413962
1742.7600488758087,-72.5066881053937,-72.5066881053937
1742.7700488758087,-72.50641219267082,-72.50641219267082
1742.7800488758087,-72.50614716090465,-72.50614716090465
1742.7900488758087,-72.50589308358626,-72.50589308358626
1742.8000488758087,-72.50565003277087,-72.50565003277087
1742.8100488758087,-72.50541807908665,-72.50541807908665
1742.8200488758087,-72.50519729172179,-72.50519729172179
1742.8300488758086,-72.50498773846748,-72.50498773846748
1742.8400488758086,-72.50478948569157,-72.50478948569157
1742.8500488758086,-72.50460259835657,-72.50460259835657
1742.8600488758086,-72.50442714003235,-72.50442714003235
1742.8700488758086,-72.50426317288796,-72.50426317288796
1742.8800488758088,-72.50411075772222,-72.50411075772222
1742.8900488758088,-72.50396995394637,-72.50396995394637
1742.9000488758088,-72.50384081961583,-72.50384081961583
1742.9100488758088,-72.50372341142317,-72.50372341142317
1742.9200488758088,-72.50361778471867,-72.50361778471867
1742.9300488758088,-72.50352399350412,-72.50352399350412
1742.9400488758088,-72.5034420904516,-72.5034420904516
1742.9500488758088,-72.50337212692402,-72.50337212692402
1742.9600488758088,-72.50331415297964,-72.50331415297964
1742.9700488758087,-72.50326821735449,-72.50326821735449
1742.9800488758087,-72.50323436751192,-72.50323436751192
1742.9900488758087,-72.50321264964097,-72.50321264964097
1743.0000488758087,-72.50320310865531,-72.50320310865531
1743.0100488758087,-72.50320578822185,-72.50320578822185
1743.0200488758087,-72.50322073076043,-72.50322073076043
1743.0300488758087,-72.50324797745716,-72.50324797745716
1743.0400488758087,-72.5032875682778,-72.5032875682778
1743.0500488758087,-72.5033395419827,-72.5033395419827
1743.0600488758087,-72.50340393613473,-72.50340393613473
1743.0700488758087,-72.50348078710569,-72.50348078710569
1743.0800488758086,-72.50357013010628,-72.50357013010628
1743.0900488758086,-72.50367199917406,-72.50367199917406
1743.1000488758086,-72.50378642720914,-72.50378642720914
1743.1100488758086,-72.50391344597263,-72.50391344597263
1743.1200488758086,-72.50405308610259,-72.50405308610259
1743.1300488758088,-72.50420537712472,-72.50420537712472
1743.1400488758088,-72.50437034746605,-72.50437034746605
1743.1500488758088,-72.50454802446922,-72.50454802446922
1743.1600488758088,-72.50473843441063,-72.50473843441063
1743.1700488758088,-72.50494160249752,-72.50494160249752
1743.1800488758088,-72.50515755287965,-72.50515755287965
1743.1900488758088,-72.50538630869856,-72.50538630869856
1743.2000488758088,-72.50562789205154,-72.50562789205154
1743.2100488758088,-72.5058823240314,-72.5058823240314
1743.2200488758087,-72.50614962473344,-72.50614962473344
1743.2300488758087,-72.5064298132719,-72.5064298132719
1743.2400488758087,-72.50672290778577,-72.50672290778577
1743.2500488758087,-72.50702892545243,-72.50702892545243
1743.2600488758087,-72.50734788250499,-72.50734788250499
1743.2700488758087,-72.507679794241,-72.507679794241
1743.2800488758087,-72.50802467503097,-72.50802467503097
1743.2900488758087,-72.50838253834128,-72.50838253834128
1743.3000488758087,-72.50875339673527,-72.50875339673527
1743.3100488758087,-72.50913726188301,-72.50913726188301
1743.3200488758087,-72.50953414460352,-72.50953414460352
1743.3300488758086,-72.50994405483077,-72.50994405483077
1743.3400488758086,-72.51036700166536,-72.51036700166536
1743.3500488996506,-72.51080299439546,-72.51080299439546
1743.3600488996506,-72.51125203842408,-72.51125203842408
1743.3700488996506,-72.51171414134794,-72.51171414134794
1743.3800488996505,-72.51218930897987,-72.51218930897987
1743.3900488996505,-72.51267754635077,-72.51267754635077
1743.4000488996505,-72.51317885769554,-72.51317885769554
1743.4100488996505,-72.51369324648977,-72.51369324648977
1743.4200488996505,-72.51422071545588,-72.51422071545588
1743.4300488996505,-72.51476126655687,-72.51476126655687
1743.4400488996505,-72.51531490102712,-72.51531490102712
1743.4500488996505,-72.5158816193888,-72.5158816193888
1743.4600488996505,-72.5164614214349,-72.5164614214349
1743.4700488996505,-72.51705430626244,-72.51705430626244
1743.4800488996507,-72.51766027227448,-72.51766027227448
1743.4900488996507,-72.51827931720611,-72.51827931720611
1743.5000488996507,-72.51891143810292,-72.51891143810292
1743.5100488996507,-72.51955663136596,-72.51955663136596
1743.5200488996506,-72.52021489274324,-72.52021489274324
1743.5300488996506,-72.52088621734819,-72.52088621734819
1743.5400488996506,-72.52157059964168,-72.52157059964168
1743.5500488996506,-72.5222680334983,-72.5222680334983
1743.5600488996506,-72.5229785121692,-72.5229785121692
1743.5700488996506,-72.5237020283018,-72.5237020283018
1743.5800488996506,-72.52443857396538,-72.52443857396538
1743.5900488996506,-72.52518814063755,-72.52518814063755
1743.6000488996506,-72.52595071922543,-72.52595071922543
1743.6100488996506,-72.52672630008593,-72.52672630008593
1743.6200488996506,-72.527514873016,-72.527514873016
1743.6300488996505,-72.52831642728034,-72.52831642728034
1743.6400488996505,-72.5291309515845,-72.5291309515845
1743.6500488996505,-72.52995843413451,-72.52995843413451
1743.6600488996505,-72.53079886262007,-72.53079886262007
1743.6700488996505,-72.53165222421048,-72.53165222421048
1743.6800488996505,-72.53251850557906,-72.53251850557906
1743.6900488996505,-72.53339769291873,-72.53339769291873
1743.7000488996505,-72.53428977193391,-72.53428977193391
1743.7100488996505,-72.53519472784919,-72.53519472784919
1743.7200488996505,-72.53611254544153,-72.53611254544153
1743.7300488996507,-72.5370432090199,-72.5370432090199
1743.7400488996507,-72.537986702441,-72.537986702441
1743.7500488996507,-72.53894300913316,-72.53894300913316
1743.7600488996507,-72.53991211207709,-72.53991211207709
1743.7700488996506,-72.5408939938384,-72.5408939938384
1743.7800488996506,-72.54188863656304,-72.54188863656304
1743.7900488996506,-72.54289602198425,-72.54289602198425
1743.8000488996506,-72.54391613143073,-72.54391613143073
1743.8100488996506,-72.5449489458531,-72.5449489458531
1743.8200488996506,-72.54599444578871,-72.54599444578871
1743.8300488996506,-72.547052611404,-72.547052611404
1743.8400488996506,-72.5481234224968,-72.5481234224968
1743.8500488996506,-72.54920685848755,-72.54920685848755
1743.8600488996506,-72.55030289844852,-72.55030289844852
1743.8700488996506,-72.55141152109515,-72.55141152109515
1743.8800488996505,-72.5525327047856,-72.5525327047856
1743.8900488996505,-72.55366642755146,-72.55366642755146
1743.9000488996505,-72.5548126670819,-72.5548126670819
1743.9100488996505,-72.55597140075045,-72.55597140075045
1743.9200488996505,-72.55714260558834,-72.55714260558834
1743.9300488996505,-72.5583262583373,-72.5583262583373
1743.9400488996505,-72.55952233541895,-72.55952233541895
1743.9500488996505,-72.56073081294156,-72.56073081294156
1743.9600488996505,-72.56195166673814,-72.56195166673814
1743.9700488996505,-72.56318487233565,-72.56318487233565
1743.9800488996507,-72.5644304049808,-72.5644304049808
1743.9900488996507,-72.56568823963944,-72.56568823963944
1744.0000488996507,-72.56695835101517,-72.56695835101517
1744.0100488996507,-72.56824071353215,-72.56824071353215
1744.0200488996506,-72.56953530135138,-72.56953530135138
1744.0300488996506,-72.57084208838555,-72.57084208838555
1744.0400488996506,-72.57216104828582,-72.57216104828582
1744.0500488996506,-72.57349215446476,-72.57349215446476
1744.0600488996506,-72.57483538009723,-72.57483538009723
1744.0700488996506,-72.57619069811015,-72.57619069811015
1744.0800488996506,-72.5775580812112,-72.5775580812112
1744.0900488996506,-72.57893750187482,-72.57893750187482
1744.1000488996506,-72.58032893235499,-72.58032893235499
1744.1100488996506,-72.58173234469602,-72.58173234469602
1744.1200488996506,-72.5831477107211,-72.5831477107211
1744.1300488996505,-72.58457500205553,-72.58457500205553
1744.1400488996505,-72.586014190116,-72.586014190116
1744.1500488996505,-72.58746524612506,-72.58746524612506
1744.1600488996505,-72.58892814111383,-72.58892814111383
1744.1700488996505,-72.59040284592668,-72.59040284592668
1744.1800488996505,-72.59188933120916,-72.59188933120916
1744.1900488996505,-72.59338756744337,-72.59338756744337
1744.2000489234924,-72.59489752852642,-72.59489752852642
1744.2100489234924,-72.59641917744071,-72.59641917744071
1744.2200489234924,-72.59795248768674,-72.59795248768674
1744.2300489234924,-72.59949742906439,-72.59949742906439
1744.2400489234924,-72.60105397122217,-72.60105397122217
1744.2500489234924,-72.60262208363777,-72.60262208363777
1744.2600489234924,-72.60420173564927,-72.60420173564927
1744.2700489234924,-72.60579289643456,-72.60579289643456
1744.2800489234924,-72.60739553503463,-72.60739553503463
1744.2900489234923,-72.60900962035582,-72.60900962035582
1744.3000489234923,-72.61063512115396,-72.61063512115396
1744.3100489234923,-72.61227200606476,-72.61227200606476
1744.3200489234923,-72.6139202435831,-72.6139202435831
1744.3300489234925,-72.61557980208235,-72.61557980208235
1744.3400489234925,-72.61725064981893,-72.61725064981893
1744.3500489234925,-72.6189327549205,-72.6189327549205
1744.3600489234925,-72.62062608540407,-72.62062608540407
1744.3700489234925,-72.6223306091744,-72.6223306091744
1744.3800489234925,-72.62404629402039,-72.62404629402039
1744.3900489234925,-72.625773107639,-72.625773107639
1744.4000489234925,-72.6275110176068,-72.6275110176068
1744.4100489234925,-72.62925999141416,-72.62925999141416
1744.4200489234925,-72.63101999644904,-72.63101999644904
1744.4300489234924,-72.63279100000227,-72.63279100000227
1744.4400489234924,-72.6345729692823,-72.6345729692823
1744.4500489234924,-72.63636587139665,-72.63636587139665
1744.4600489234924,-72.63816333620825,-72.63816333620825
1744.4700489234924,-72.63996255371498,-72.63996255371498
1744.4800489234924,-72.64176213723191,-72.64176213723191
1744.4900489234924,-72.64356135898741,-72.64356135898741
1744.5000489234924,-72.64535985843065,-72.64535985843065
1744.5100489234924,-72.64715749075887,-72.64715749075887
1744.5200489234924,-72.64895423807889,-72.64895423807889
1744.5300489234924,-72.6507501560877,-72.6507501560877
1744.5400489234923,-72.65254534194175,-72.65254534194175
1744.5500489234923,-72.6543399149913,-72.6543399149913
1744.5600489234923,-72.65613400528582,-72.65613400528582
1744.5700489234923,-72.6579277468049,-72.6579277468049
1744.5800489234925,-72.65972127359544,-72.65972127359544
1744.5900489234925,-72.6615147176059,-72.6615147176059
1744.6000489234925,-72.66330820763287,-72.66330820763287
1744.6100489234925,-72.66510186886687,-72.66510186886687
1744.6200489234925,-72.66689582283567,-72.66689582283567
1744.6300489234925,-72.66869018750971,-72.66869018750971
1744.6400489234925,-72.67048507755348,-72.67048507755348
1744.6500489234925,-72.67228060459192,-72.67228060459192
1744.6600489234925,-72.67407687750456,-72.67407687750456
1744.6700489234925,-72.67587400269592,-72.67587400269592
1744.6800489234924,-72.67767208434317,-72.67767208434317
1744.6900489234924,-72.67947122462044,-72.67947122462044
1744.7000489234924,-72.68127152391365,-72.68127152391365
1744.7100489234924,-72.6830730809723,-72.6830730809723
1744.7200489234924,-72.68487599304778,-72.68487599304778
1744.7300489234924,-72.68668035604641,-72.68668035604641
1744.7400489234924,-72.68848626460594,-72.68848626460594
1744.7500489234924,-72.6902938121712,-72.6902938121712
1744.7600489234924,-72.69210309108938,-72.69210309108938
1744.7700489234924,-72.69391419266586,-72.69391419266586
1744.7800489234924,-72.6957272071822,-72.6957272071822
1744.7900489234923,-72.69754222395062,-72.69754222395062
1744.8000489234923,-72.69935933133888,-72.69935933133888
1744.8100489234923,-72.70117861679032,-72.70117861679032
1744.8200489234923,-72.70300016684551,-72.70300016684551
1744.8300489234925,-72.70482406713454,-72.70482406713454
1744.8400489234925,-72.70665040240826,-72.70665040240826
1744.8500489234925,-72.70847925651331,-72.70847925651331
1744.8600489234925,-72.71031071241897,-72.71031071241897
1744.8700489234925,-72.71214485220939,-72.71214485220939
1744.8800489234925,-72.71398175705733,-72.71398175705733
1744.8900489234925,-72.71582150726324,-72.71582150726324
1744.9000489234925,-72.71766418222334,-72.71766418222334
1744.9100489234925,-72.71950986040926,-72.71950986040926
1744.9200489234925,-72.72135861940481,-72.72135861940481
1744.9300489234924,-72.72321053585175,-72.72321053585175
1744.9400489234924,-72.72506568548688,-72.72506568548688
1744.9500489234924,-72.72692414311005,-72.72692414311005
1744.9600489234924,-72.72877963786512,-72.72877963786512
1744.9700489234924,-72.73062946243138,-72.73062946243138
1744.9800489234924,-72.7324723336468,-72.7324723336468
1744.9900489234924,-72.73430762715529,-72.73430762715529
1745.0000489234924,-72.73613508537133,-72.73613508537133
1745.0100489234924,-72.73795466581593,-72.73795466581593
1745.0200489234924,-72.73976645221477,-72.73976645221477
1745.0300489234924,-72.74157060107115,-72.74157060107115
1745.0400489234923,-72.74336730952533,-72.74336730952533
1745.0500489473343,-72.74515680032381,-72.74515680032381
1745.0600489473343,-72.74693929323567,-72.74693929323567
1745.0700489473343,-72.74871502391292,-72.74871502391292
1745.0800489473343,-72.75048422287405,-72.75048422287405
1745.0900489473343,-72.75224711765834,-72.75224711765834
1745.1000489473342,-72.754003931752,-72.754003931752
1745.1100489473342,-72.75575488412112,-72.75575488412112
1745.1200489473342,-72.75750018913764,-72.75750018913764
1745.1300489473342,-72.75924005671806,-72.75924005671806
1745.1400489473342,-72.76097469253898,-72.76097469253898
1745.1500489473342,-72.76270429830771,-72.76270429830771
1745.1600489473342,-72.76442907207174,-72.76442907207174
1745.1700489473342,-72.76614920846141,-72.76614920846141
1745.1800489473344,-72.7678648989502,-72.7678648989502
1745.1900489473344,-72.76957633210107,-72.76957633210107
1745.2000489473344,-72.77128369372994,-72.77128369372994
1745.2100489473344,-72.77298716708638,-72.77298716708638
1745.2200489473344,-72.77468693301896,-72.77468693301896
1745.2300489473344,-72.77638317007931,-72.77638317007931
1745.2400489473343,-72.77807605462642,-72.77807605462642
1745.2500489473343,-72.77976576092067,-72.77976576092067
1745.2600489473343,-72.78145246120683,-72.78145246120683
1745.2700489473343,-72.78313632573138,-72.78313632573138
1745.2800489473343,-72.78481752283993,-72.78481752283993
1745.2900489473343,-72.78649621898312,-72.78649621898312
1745.3000489473343,-72.78817257875812,-72.78817257875812
1745.3100489473343,-72.78984676495087,-72.78984676495087
1745.3200489473343,-72.7915189385263,-72.7915189385263
1745.3300489473343,-72.79318925865654,-72.79318925865654
1745.3400489473343,-72.79485788273927,-72.79485788273927
1745.3500489473342,-72.79652496639919,-72.79652496639919
1745.3600489473342,-72.79819066348846,-72.79819066348846
1745.3700489473342,-72.79985512610291,-72.79985512610291
1745.3800489473342,-72.80151850457578,-72.80151850457578
1745.3900489473342,-72.8031809474921,-72.8031809474921
1745.4000489473342,-72.80484260167694,-72.80484260167694
1745.4100489473342,-72.80650361220852,-72.80650361220852
1745.4200489473342,-72.8081641223992,-72.8081641223992
1745.4300489473344,-72.80982427381967,-72.80982427381967
1745.4400489473344,-72.81148420627763,-72.81148420627763
1745.4500489473344,-72.81314405784103,-72.81314405784103
1745.4600489473344,-72.81480396481584,-72.81480396481584
1745.4700489473344,-72.81646406175942,-72.81646406175942
1745.4800489473344,-72.81812448148708,-72.81812448148708
1745.4900489473343,-72.81978535505525,-72.81978535505525
1745.5000489473343,-72.8214468117907,-72.8214468117907
1745.5100489473343,-72.82310897925365,-72.82310897925365
1745.5200489473343,-72.82477198328525,-72.82477198328525
1745.5300489473343,-72.82643594798292,-72.82643594798292
1745.5400489473343,-72.82810099571152,-72.82810099571152
1745.5500489473343,-72.82976724712094,-72.82976724712094
1745.5600489473343,-72.83143482110991,-72.83143482110991
1745.5700489473343,-72.8331038348908,-72.8331038348908
1745.5800489473343,-72.8347744039476,-72.8347744039476
1745.5900489473343,-72.83644664207809,-72.83644664207809
1745.6000489473342,-72.83812066136008,-72.83812066136008
1745.6100489473342,-72.83979657220152,-72.83979657220152
1745.6200489473342,-72.84147448332463,-72.84147448332463
1745.6300489473342,-72.84315450177417,-72.84315450177417
1745.6400489473342,-72.84483673293774,-72.84483673293774
1745.6500489473342,-72.84652128054869,-72.84652128054869
1745.6600489473342,-72.84820824669423,-72.84820824669423
1745.6700489473342,-72.84989773183636,-72.84989773183636
1745.6800489473344,-72.85158983479842,-72.85158983479842
1745.6900489473344,-72.85328465280445,-72.85328465280445
1745.7000489473344,-72.85498228146865,-72.85498228146865
1745.7100489473344,-72.85668281482464,-72.85668281482464
1745.7200489473344,-72.8583863453247,-72.8583863453247
1745.7300489473344,-72.86009296384212,-72.86009296384212
1745.7400489473343,-72.86180275971606,-72.86180275971606
1745.7500489473343,-72.86351582073802,-72.86351582073802
1745.7600489473343,-72.86523223316361,-72.86523223316361
1745.7700489473343,-72.86695208174632,-72.86695208174632
1745.7800489473343,-72.86867544972696,-72.86867544972696
1745.7900489473343,-72.87040241885944,-72.87040241885944
1745.8000489473343,-72.87213306942554,-72.87213306942554
1745.8100489473343,-72.87386748024879,-72.87386748024879
1745.8200489473343,-72.87560572869312,-72.87560572869312
1745.8300489473343,-72.87734789069938,-72.87734789069938
1745.8400489473343,-72.87909404077833,-72.87909404077833
1745.8500489473342,-72.88084425204349,-72.88084425204349
1745.8600489473342,-72.882598596215,-72.882598596215
1745.8700489473342,-72.88435714363068,-72.88435714363068
1745.8800489473342,-72.88611996327765,-72.88611996327765
1745.8900489473342,-72.88788712278571,-72.88788712278571
1745.9000489711761,-72.88965869265586,-72.88965869265586
1745.9100489711761,-72.89143472945419,-72.89143472945419
1745.9200489711761,-72.89321530103987,-72.89321530103987
1745.9300489711761,-72.89500046980855,-72.89500046980855
1745.940048971176,-72.89679029685345,-72.89679029685345
1745.950048971176,-72.8985848420196,-72.8985848420196
1745.960048971176,-72.90037780515833,-72.90037780515833
1745.970048971176,-72.90216645774174,-72.90216645774174
1745.980048971176,-72.90394949839809,-72.90394949839809
1745.990048971176,-72.90572628580807,-72.90572628580807
1746.000048971176,-72.90749654599001,-72.90749654599001
1746.010048971176,-72.90926022029431,-72.90926022029431
1746.020048971176,-72.9110173763309,-72.9110173763309
1746.0300489711763,-72.91276815440237,-72.91276815440237
1746.0400489711762,-72.91451273534011,-72.91451273534011
1746.0500489711762,-72.91625132117423,-72.91625132117423
1746.0600489711762,-72.91798412361062,-72.91798412361062
1746.0700489711762,-72.91971135727441,-72.91971135727441
1746.0800489711762,-72.92143323580817,-72.92143323580817
1746.0900489711762,-72.92314996974405,-72.92314996974405
1746.1000489711762,-72.924861765458,-72.924861765458
1746.1100489711762,-72.92656882471957,-72.92656882471957
1746.1200489711762,-72.92827134462632,-72.92827134462632
1746.1300489711762,-72.92996951776102,-72.92996951776102
1746.1400489711762,-72.93166353242785,-72.93166353242785
1746.1500489711761,-72.93335357293276,-72.93335357293276
1746.1600489711761,-72.93503981988617,-72.93503981988617
1746.1700489711761,-72.93672245049535,-72.93672245049535
1746.1800489711761,-72.93840163881187,-72.93840163881187
1746.190048971176,-72.94007755599364,-72.94007755599364
1746.200048971176,-72.94175037048315,-72.94175037048315
1746.210048971176,-72.9434138862567,-72.9434138862567
1746.220048971176,-72.94506547994936,-72.94506547994936
1746.230048971176,-72.946703955204,-72.946703955204
1746.240048971176,-72.9483287751961,-72.9483287751961
1746.250048971176,-72.94993976982214,-72.94993976982214
1746.260048971176,-72.95153698368985,-72.95153698368985
1746.270048971176,-72.95312058699851,-72.95312058699851
1746.2800489711763,-72.95469082204524,-72.95469082204524
1746.2900489711762,-72.95624797102197,-72.95624797102197
1746.3000489711762,-72.957792336713,-72.957792336713
1746.3100489711762,-72.95932423098722,-72.95932423098722
1746.3200489711762,-72.96084396802776,-72.96084396802776
1746.3300489711762,-72.96235186046499,-72.96235186046499
1746.3400489711762,-72.96384821723845,-72.96384821723845
1746.3500489711762,-72.96533334251066,-72.96533334251066
1746.3600489711762,-72.96680753526067,-72.96680753526067
1746.3700489711762,-72.96827108919821,-72.96827108919821
1746.3800489711762,-72.96972429290464,-72.96972429290464
1746.3900489711762,-72.97116743004689,-72.97116743004689
1746.4000489711761,-72.97260077969013,-72.97260077969013
1746.4100489711761,-72.974024616553,-72.974024616553
1746.4200489711761,-72.97543921129444,-72.97543921129444
1746.4300489711761,-72.97684483077627,-72.97684483077627
1746.440048971176,-72.9782417382656,-72.9782417382656
1746.450048971176,-72.97963019364686,-72.97963019364686
1746.460048971176,-72.9810104535954,-72.9810104535954
1746.470048971176,-72.98238277171018,-72.98238277171018
1746.480048971176,-72.98374739862804,-72.98374739862804
1746.490048971176,-72.98510458215245,-72.98510458215245
1746.500048971176,-72.9864545673238,-72.9864545673238
1746.510048971176,-72.98779759647151,-72.98779759647151
1746.520048971176,-72.98913390930416,-72.98913390930416
1746.5300489711763,-72.99046374293518,-72.99046374293518
1746.5400489711762,-72.9917873319372,-72.9917873319372
1746.5500489711762,-72.993104908343,-72.993104908343
1746.5600489711762,-72.99441670169742,-72.99441670169742
1746.5700489711762,-72.99572293905572,-72.99572293905572
1746.5800489711762,-72.99702384502241,-72.99702384502241
1746.5900489711762,-72.99831964172823,-72.99831964172823
1746.6000489711762,-72.99961054887866,-72.99961054887866
1746.6100489711762,-73.00089678371963,-73.00089678371963
1746.6200489711762,-73.0021785610863,-73.0021785610863
1746.6300489711762,-73.00345609334734,-73.00345609334734
1746.6400489711762,-73.00472959047185,-73.00472959047185
1746.6500489711761,-73.00599925998841,-73.00599925998841
1746.6600489711761,-73.00726530700057,-73.00726530700057
1746.6700489711761,-73.00852793419995,-73.00852793419995
1746.6800489711761,-73.0097873418417,-73.0097873418417
1746.690048971176,-73.01104372777561,-73.01104372777561
1746.700048971176,-73.01229728742358,-73.01229728742358
1746.710048971176,-73.01354184732571,-73.01354184732571
1746.720048971176,-73.01477481025833,-73.01477481025833
1746.730048971176,-73.01599500715005,-73.01599500715005
1746.740048971176,-73.01720192877549,-73.01720192877549
1746.750048995018,-73.0183954353952,-73.0183954353952
1746.760048995018,-73.01957559310247,-73.01957559310247
1746.770048995018,-73.0207426017647,-73.0207426017647
1746.780048995018,-73.02189672987872,-73.02189672987872
1746.790048995018,-73.02303828521899,-73.02303828521899
1746.800048995018,-73.02416759546871,-73.02416759546871
1746.810048995018,-73.02528499669586,-73.02528499669586
1746.820048995018,-73.0263908265683,-73.0263908265683
1746.830048995018,-73.02748542044434,-73.02748542044434
1746.840048995018,-73.02856910925554,-73.02856910925554
1746.850048995018,-73.02964221843314,-73.02964221843314
1746.860048995018,-73.03070506748827,-73.03070506748827
1746.870048995018,-73.03175796992514,-73.03175796992514
1746.8800489950181,-73.03280123341493,-73.03280123341493
1746.890048995018,-73.03383516001374,-73.03383516001374
1746.900048995018,-73.03486004648137,-73.03486004648137
1746.910048995018,-73.03587618455663,-73.03587618455663
1746.920048995018,-73.0368838612695,-73.0368838612695
1746.930048995018,-73.03788335919353,-73.03788335919353
1746.940048995018,-73.03887495669026,-73.03887495669026
1746.950048995018,-73.03985892813247,-73.03985892813247
1746.960048995018,-73.04083554407184,-73.04083554407184
1746.970048995018,-73.04180507141048,-73.04180507141048
1746.980048995018,-73.04276777355408,-73.04276777355408
1746.990048995018,-73.04372391049408,-73.04372391049408
1747.000048995018,-73.0446737389429,-73.0446737389429
1747.010048995018,-73.04561751240007,-73.04561751240007
1747.020048995018,-73.046555481244,-73.046555481244
1747.030048995018,-73.04748789277097,-73.04748789277097
1747.040048995018,-73.04841499126302,-73.04841499126302
1747.050048995018,-73.04933701803319,-73.04933701803319
1747.060048995018,-73.050254211462,-73.050254211462
1747.070048995018,-73.05116680702491,-73.05116680702491
1747.080048995018,-73.0520750373178,-73.0520750373178
1747.090048995018,-73.05297913210363,-73.05297913210363
1747.100048995018,-73.05387931830533,-73.05387931830533
1747.110048995018,-73.05477582005545,-73.05477582005545
1747.120048995018,-73.05566885867877,-73.05566885867877
1747.1300489950181,-73.05655865274346,-73.05655865274346
1747.140048995018,-73.05744541804224,-73.05744541804224
1747.150048995018,-73.05832936764375,-73.05832936764375
1747.160048995018,-73.05921071186849,-73.05921071186849
1747.170048995018,-73.06008965832227,-73.06008965832227
1747.180048995018,-73.06096641190582,-73.06096641190582
1747.190048995018,-73.06184117483308,-73.06184117483308
1747.200048995018,-73.06271414662415,-73.06271414662415
1747.210048995018,-73.06358552413977,-73.06358552413977
1747.220048995018,-73.06445550158077,-73.06445550158077
1747.230048995018,-73.06532427050828,-73.06532427050828
1747.240048995018,-73.06619201985241,-73.06619201985241
1747.250048995018,-73.06705893593312,-73.06705893593312
1747.260048995018,-73.06792520244646,-73.06792520244646
1747.270048995018,-73.06879100053153,-73.06879100053153
1747.280048995018,-73.06965650873188,-73.06965650873188
1747.290048995018,-73.0705219030485,-73.0705219030485
1747.300048995018,-73.07138735693096,-73.07138735693096
1747.310048995018,-73.07225304130708,-73.07225304130708
1747.320048995018,-73.0731191245972,-73.0731191245972
1747.330048995018,-73.07398577272556,-73.07398577272556
1747.340048995018,-73.07485314913704,-73.07485314913704
1747.350048995018,-73.07572141483288,-73.07572141483288
1747.360048995018,-73.07659072836061,-73.07659072836061
1747.370048995018,-73.07746124585046,-73.07746124585046
1747.3800489950181,-73.07833312102794,-73.07833312102794
1747.390048995018,-73.07920650524541,-73.07920650524541
1747.400048995018,-73.08008154747547,-73.08008154747547
1747.410048995018,-73.08095839435424,-73.08095839435424
1747.420048995018,-73.08183719019492,-73.08183719019492
1747.430048995018,-73.08271807699532,-73.08271807699532
1747.440048995018,-73.08360119447741,-73.08360119447741
1747.450048995018,-73.08448668009585,-73.08448668009585
1747.460048995018,-73.08537466905474,-73.08537466905474
1747.470048995018,-73.08626529434584,-73.08626529434584
1747.480048995018,-73.08715868675425,-73.08715868675425
1747.490048995018,-73.0880549748809,-73.0880549748809
1747.500048995018,-73.08895428517113,-73.08895428517113
1747.510048995018,-73.0898567419313,-73.0898567419313
1747.520048995018,-73.09076246735133,-73.09076246735133
1747.530048995018,-73.09167158152339,-73.09167158152339
1747.540048995018,-73.09258420246542,-73.09258420246542
1747.550048995018,-73.09350044614904,-73.09350044614904
1747.560048995018,-73.09442042650937,-73.09442042650937
1747.570048995018,-73.09534425547741,-73.09534425547741
1747.580048995018,-73.09627204299805,-73.09627204299805
1747.590048995018,-73.09720389705072,-73.09720389705072
1747.6000490188599,-73.09813992589625,-73.09813992589625
1747.6100490188599,-73.09908022921356,-73.09908022921356
1747.6200490188598,-73.10002491142382,-73.10002491142382
1747.6300490188598,-73.10097407286345,-73.10097407286345
1747.6400490188598,-73.10192781202056,-73.10192781202056
1747.6500490188598,-73.10288622553483,-73.10288622553483
1747.6600490188598,-73.10384940825071,-73.10384940825071
1747.6700490188598,-73.10481745320357,-73.10481745320357
1747.6800490188598,-73.10579045166607,-73.10579045166607
1747.6900490188598,-73.10676849317078,-73.10676849317078
1747.7000490188598,-73.10775166550171,-73.10775166550171
1747.7100490188598,-73.10874005476404,-73.10874005476404
1747.7200490188598,-73.10973374535266,-73.10973374535266
1747.73004901886,-73.11073282001325,-73.11073282001325
1747.74004901886,-73.11173735984548,-73.11173735984548
1747.75004901886,-73.11274744432123,-73.11274744432123
1747.76004901886,-73.11372091080068,-73.11372091080068
1747.77004901886,-73.11464044823535,-73.11464044823535
1747.78004901886,-73.11549663358315,-73.11549663358315
1747.79004901886,-73.11628416613472,-73.11628416613472
1747.80004901886,-73.11700025583511,-73.11700025583511
1747.81004901886,-73.11764361398367,-73.11764361398367
1747.82004901886,-73.11821382311588,-73.11821382311588
1747.8300490188599,-73.11871096038051,-73.11871096038051
1747.8400490188599,-73.11913537905674,-73.11913537905674
1747.8500490188599,-73.11948758431976,-73.11948758431976
1747.8600490188599,-73.11976816400862,-73.11976816400862
1747.8700490188598,-73.11997775088753,-73.11997775088753
1747.8800490188598,-73.12011700290672,-73.12011700290672
1747.8900490188598,-73.12018659332848,-73.12018659332848
1747.9000490188598,-73.12018720633284,-73.12018720633284
1747.9100490188598,-73.12011953538801,-73.12011953538801
1747.9200490188598,-73.11998428295739,-73.11998428295739
1747.9300490188598,-73.1197821607347,-73.1197821607347
1747.9400490188598,-73.11951389006164,-73.11951389006164
1747.9500490188598,-73.11918020216294,-73.11918020216294
1747.9600490188598,-73.11877546580605,-73.11877546580605
1747.9700490188598,-73.1182976447825,-73.1182976447825
1747.98004901886,-73.11774614534737,-73.11774614534737
1747.99004901886,-73.11712104610052,-73.11712104610052
1748.00004901886,-73.11642280383948,-73.11642280383948
1748.01004901886,-73.11565210049267,-73.11565210049267
1748.02004901886,-73.11480975312148,-73.11480975312148
1748.03004901886,-73.11389665955771,-73.11389665955771
1748.04004901886,-73.11291376543433,-73.11291376543433
1748.05004901886,-73.11186204409431,-73.11186204409431
1748.06004901886,-73.11074248434856,-73.11074248434856
1748.07004901886,-73.10955608302154,-73.10955608302154
1748.0800490188599,-73.10830384036453,-73.10830384036453
1748.0900490188599,-73.10698675730923,-73.10698675730923
1748.1000490188599,-73.10560583373254,-73.10560583373254
1748.1100490188599,-73.10416206746459,-73.10416206746459
1748.1200490188598,-73.10265645361164,-73.10265645361164
1748.1300490188598,-73.10108998419523,-73.10108998419523
1748.1400490188598,-73.09946364783329,-73.09946364783329
1748.1500490188598,-73.09777842955275,-73.09777842955275
1748.1600490188598,-73.09603531061754,-73.09603531061754
1748.1700490188598,-73.0942352683684,-73.0942352683684
1748.1800490188598,-73.09237927606249,-73.09237927606249
1748.1900490188598,-73.09046830270094,-73.09046830270094
1748.2000490188598,-73.08850331289543,-73.08850331289543
1748.2100490188598,-73.08647889980156,-73.08647889980156
1748.2200490188598,-73.08439323566557,-73.08439323566557
1748.23004901886,-73.08224591961965,-73.08224591961965
1748.24004901886,-73.08003720796063,-73.08003720796063
1748.25004901886,-73.07776772050754,-73.07776772050754
1748.26004901886,-73.0754382880481,-73.0754382880481
1748.27004901886,-73.07304986294628,-73.07304986294628
1748.28004901886,-73.07060346533723,-73.07060346533723
1748.29004901886,-73.0681001507512,-73.0681001507512
1748.30004901886,-73.06554099059008,-73.06554099059008
1748.31004901886,-73.0629270604813,-73.0629270604813
1748.32004901886,-73.06025943335298,-73.06025943335298
1748.3300490188599,-73.05753917539262,-73.05753917539262
1748.3400490188599,-73.05476734380463,-73.05476734380463
1748.3500490188599,-73.05194498562645,-73.05194498562645
1748.3600490188599,-73.04907313715763,-73.04907313715763
1748.3700490188598,-73.04615282378603,-73.04615282378603
1748.3800490188598,-73.04318506001925,-73.04318506001925
1748.3900490188598,-73.04017084962848,-73.04017084962848
1748.4000490188598,-73.0371111858369,-73.0371111858369
1748.4100490188598,-73.034007051542,-73.034007051542
1748.4200490188598,-73.03085941948571,-73.03085941948571
1748.4300490188598,-73.02766925246603,-73.02766925246603
1748.4400490188598,-73.02443750348841,-73.02443750348841
1748.4500490427017,-73.02116510811538,-73.02116510811538
1748.4600490427017,-73.01785301563896,-73.01785301563896
1748.4700490427017,-73.01450214282134,-73.01450214282134
1748.4800490427017,-73.01111340472255,-73.01111340472255
1748.4900490427017,-73.00768770712165,-73.00768770712165
1748.5000490427017,-73.00422594658893,-73.00422594658893
1748.5100490427017,-73.00072901052215,-73.00072901052215
1748.5200490427017,-72.99719777718356,-72.99719777718356
1748.5300490427016,-72.99363311574221,-72.99363311574221
1748.5400490427016,-72.99003588627778,-72.99003588627778
1748.5500490427016,-72.98640693981775,-72.98640693981775
1748.5600490427016,-72.9827471183566,-72.9827471183566
1748.5700490427016,-72.9790572548697,-72.9790572548697
1748.5800490427018,-72.9753381733177,-72.9753381733177
1748.5900490427018,-72.97159068869551,-72.97159068869551
1748.6000490427018,-72.96781560702175,-72.96781560702175
1748.6100490427018,-72.96401372535492,-72.96401372535492
1748.6200490427018,-72.9601858318296,-72.9601858318296
1748.6300490427018,-72.95633270566002,-72.95633270566002
1748.6400490427018,-72.95245511716982,-72.95245511716982
1748.6500490427018,-72.94855382781076,-72.94855382781076
1748.6600490427018,-72.94462959020306,-72.94462959020306
1748.6700490427017,-72.94068314813013,-72.94068314813013
1748.6800490427017,-72.93671523659539,-72.93671523659539
1748.6900490427017,-72.93272658183812,-72.93272658183812
1748.7000490427017,-72.92871790137025,-72.92871790137025
1748.7100490427017,-72.92468990401703,-72.92468990401703
1748.7200490427017,-72.92064328994529,-72.92064328994529
1748.7300490427017,-72.91657875070061,-72.91657875070061
1748.7400490427017,-72.91249696925891,-72.91249696925891
1748.7500490427017,-72.90839862006057,-72.90839862006057
1748.7600490427017,-72.9042843690504,-72.9042843690504
1748.7700490427017,-72.90015487373114,-72.90015487373114
1748.7800490427016,-72.89601078320767,-72.89601078320767
1748.7900490427016,-72.8918527382342,-72.8918527382342
1748.8000490427016,-72.88768137127158,-72.88768137127158
1748.8100490427016,-72.88349730654018,-72.88349730654018
1748.8200490427016,-72.87930116006783,-72.87930116006783
1748.8300490427018,-72.87509353972331,-72.87509353972331
1748.8400490427018,-72.87087504531127,-72.87087504531127
1748.8500490427018,-72.86664626861953,-72.86664626861953
1748.8600490427018,-72.86240779346137,-72.86240779346137
1748.8700490427018,-72.85816019573576,-72.85816019573576
1748.8800490427018,-72.85390404351082,-72.85390404351082
1748.8900490427018,-72.84963989705766,-72.84963989705766
1748.9000490427018,-72.84536830892795,-72.84536830892795
1748.9100490427018,-72.84108982401449,-72.84108982401449
1748.9200490427017,-72.83680497961147,-72.83680497961147
1748.9300490427017,-72.83251430548651,-72.83251430548651
1748.9400490427017,-72.82821832392678,-72.82821832392678
1748.9500490427017,-72.82391754982919,-72.82391754982919
1748.9600490427017,-72.81961249074033,-72.81961249074033
1748.9700490427017,-72.81530364695641,-72.81530364695641
1748.9800490427017,-72.81099151155358,-72.81099151155358
1748.9900490427017,-72.80667657046824,-72.80667657046824
1749.0000490427017,-72.80235930257693,-72.80235930257693
1749.0100490427017,-72.79804017975204,-72.79804017975204
1749.0200490427017,-72.79371966692815,-72.79371966692815
1749.0300490427016,-72.78939822216992,-72.78939822216992
1749.0400490427016,-72.78507629675282,-72.78507629675282
1749.0500490427016,-72.78075433521431,-72.78075433521431
1749.0600490427016,-72.77643277542,-72.77643277542
1749.0700490427016,-72.77211204865962,-72.77211204865962
1749.0800490427018,-72.7677925796818,-72.7677925796818
1749.0900490427018,-72.76347478677961,-72.76347478677961
1749.1000490427018,-72.75915908186326,-72.75915908186326
1749.1100490427018,-72.7548458705051,-72.7548458705051
1749.1200490427018,-72.75053555203039,-72.75053555203039
1749.1300490427018,-72.74622851957375,-72.74622851957375
1749.1400490427018,-72.74192516015034,-72.74192516015034
1749.1500490427018,-72.73762585472443,-72.73762585472443
1749.1600490427018,-72.73333097827079,-72.73333097827079
1749.1700490427017,-72.72904089984142,-72.72904089984142
1749.1800490427017,-72.72475598263787,-72.72475598263787
1749.1900490427017,-72.72047658407568,-72.72047658407568
1749.2000490427017,-72.7162030558416,-72.7162030558416
1749.2100490427017,-72.71193574397057,-72.71193574397057
1749.2200490427017,-72.7076749888985,-72.7076749888985
1749.2300490427017,-72.7034211255357,-72.7034211255357
1749.2400490427017,-72.69917448334526,-72.69917448334526
1749.2500490427017,-72.694935386374,-72.694935386374
1749.2600490427017,-72.69070415333779,-72.69070415333779
1749.2700490427017,-72.68648109767173,-72.68648109767173
1749.2800490427016,-72.68226652761948,-72.68226652761948
1749.2900490427016,-72.67806074626267,-72.67806074626267
1749.3000490665436,-72.67386404160432,-72.67386404160432
1749.3100490665436,-72.66967672664352,-72.66967672664352
1749.3200490665436,-72.66549907936007,-72.66549907936007
1749.3300490665436,-72.66133138285618,-72.66133138285618
1749.3400490665435,-72.6571739154063,-72.6571739154063
1749.3500490665435,-72.65302695049083,-72.65302695049083
1749.3600490665435,-72.64889075685466,-72.64889075685466
1749.3700490665435,-72.64476559858838,-72.64476559858838
1749.3800490665435,-72.64065173515864,-72.64065173515864
1749.3900490665435,-72.63654942150957,-72.63654942150957
1749.4000490665435,-72.63245890805592,-72.63245890805592
1749.4100490665435,-72.62838044079436,-72.62838044079436
1749.4200490665435,-72.62431426133077,-72.62431426133077
1749.4300490665437,-72.62026060695575,-72.62026060695575
1749.4400490665437,-72.61621971066123,-72.61621971066123
1749.4500490665437,-72.61219180125464,-72.61219180125464
1749.4600490665437,-72.60817710335014,-72.60817710335014
1749.4700490665437,-72.60417583746415,-72.60417583746415
1749.4800490665436,-72.60018822005632,-72.60018822005632
1749.4900490665436,-72.59621446357683,-72.59621446357683
1749.5000490665436,-72.59225477651503,-72.59225477651503
1749.5100490665436,-72.58830936345997,-72.58830936345997
1749.5200490665436,-72.58437842516143,-72.58437842516143
1749.5300490665436,-72.58046215854498,-72.58046215854498
1749.5400490665436,-72.57656075679337,-72.57656075679337
1749.5500490665436,-72.57267440938753,-72.57267440938753
1749.5600490665436,-72.56880330215112,-72.56880330215112
1749.5700490665436,-72.56494761728868,-72.56494761728868
1749.5800490665436,-72.56110753346108,-72.56110753346108
1749.5900490665435,-72.55728322581139,-72.55728322581139
1749.6000490665435,-72.55347486601109,-72.55347486601109
1749.6100490665435,-72.54968262230256,-72.54968262230256
1749.6200490665435,-72.54590665957515,-72.54590665957515
1749.6300490665435,-72.54214713937029,-72.54214713937029
1749.6400490665435,-72.53840421994425,-72.53840421994425
1749.6500490665435,-72.53467805631837,-72.53467805631837
1749.6600490665435,-72.530968800311,-72.530968800311
1749.6700490665435,-72.52727660058395,-72.52727660058395
1749.6800490665437,-72.52360160269497,-72.52360160269497
1749.6900490665437,-72.51994394911553,-72.51994394911553
1749.7000490665437,-72.51630377929128,-72.51630377929128
1749.7100490665437,-72.5126812296803,-72.5126812296803
1749.7200490665437,-72.50907643379213,-72.50907643379213
1749.7300490665436,-72.50548952222884,-72.50548952222884
1749.7400490665436,-72.50192062272127,-72.50192062272127
1749.7500490665436,-72.49836986017793,-72.49836986017793
1749.7600490665436,-72.49483735669676,-72.49483735669676
1749.7700490665436,-72.49132323163903,-72.49132323163903
1749.7800490665436,-72.48782760164987,-72.48782760164987
1749.7900490665436,-72.484350580694,-72.484350580694
1749.8000490665436,-72.48089228007832,-72.48089228007832
1749.8100490665436,-72.47745280852276,-72.47745280852276
1749.8200490665436,-72.47403227218214,-72.47403227218214
1749.8300490665436,-72.4706307746646,-72.4706307746646
1749.8400490665435,-72.46724841707584,-72.46724841707584
1749.8500490665435,-72.46388529807305,-72.46388529807305
1749.8600490665435,-72.4605415138687,-72.4605415138687
1749.8700490665435,-72.45721715827972,-72.45721715827972
1749.8800490665435,-72.4539123227748,-72.4539123227748
1749.8900490665435,-72.45062709647897,-72.45062709647897
1749.9000490665435,-72.44736156621933,-72.44736156621933
1749.9100490665435,-72.44411581656045,-72.44411581656045
1749.9200490665435,-72.44088992983092,-72.44088992983092
1749.9300490665437,-72.4376839861598,-72.4376839861598
1749.9400490665437,-72.43449806350355,-72.43449806350355
1749.9500490665437,-72.43133223768301,-72.43133223768301
1749.9600490665437,-72.42818658239023,-72.42818658239023
1749.9700490665437,-72.42506116925918,-72.42506116925918
1749.9800490665436,-72.42195606785728,-72.42195606785728
1749.9900490665436,-72.418871345726,-72.418871345726
1750.0000490665436,-72.41580706842483,-72.41580706842483
1750.0100490665436,-72.41276329953513,-72.41276329953513
1750.0200490665436,-72.40974010070673,-72.40974010070673
1750.0300490665436,-72.40673753168456,-72.40673753168456
1750.0400490665436,-72.40375565031613,-72.40375565031613
1750.0500490665436,-72.40079451259815,-72.40079451259815
1750.0600490665436,-72.39785417270748,-72.39785417270748
1750.0700490665436,-72.39493468299922,-72.39493468299922
1750.0800490665436,-72.3920360940678,-72.3920360940678
1750.0900490665435,-72.3891584547469,-72.3891584547469
1750.1000490665435,-72.38630181214101,-72.38630181214101
1750.1100490665435,-72.3834662116552,-72.3834662116552
1750.1200490665435,-72.38065169701461,-72.38065169701461
1750.1300490665435,-72.37785831029221,-72.37785831029221
1750.1400490665435,-72.37508609193567,-72.37508609193567
1750.1500490903854,-72.37233507422258,-72.37233507422258
1750.1600490903854,-72.36960530759076,-72.36960530759076
1750.1700490903854,-72.36689682109157,-72.36689682109157
1750.1800490903854,-72.3642096488955,-72.3642096488955
1750.1900490903854,-72.36154382364896,-72.36154382364896
1750.2000490903854,-72.35889937649424,-72.35889937649424
1750.2100490903854,-72.35627633711604,-72.35627633711604
1750.2200490903854,-72.35367473374644,-72.35367473374644
1750.2300490903854,-72.35109459318801,-72.35109459318801
1750.2400490903854,-72.34853594083161,-72.34853594083161
1750.2500490903853,-72.34599880068322,-72.34599880068322
1750.2600490903853,-72.34348319539458,-72.34348319539458
1750.2700490903853,-72.34098914625626,-72.34098914625626
1750.2800490903855,-72.33851667324342,-72.33851667324342
1750.2900490903855,-72.33606579501934,-72.33606579501934
1750.3000490903855,-72.33363652895889,-72.33363652895889
1750.3100490903855,-72.33122889117206,-72.33122889117206
1750.3200490903855,-72.32884289652603,-72.32884289652603
1750.3300490903855,-72.32647855865781,-72.32647855865781
1750.3400490903855,-72.32413588997497,-72.32413588997497
1750.3500490903855,-72.32181490171074,-72.32181490171074
1750.3600490903855,-72.3195156039114,-72.3195156039114
1750.3700490903855,-72.3172380054717,-72.3172380054717
1750.3800490903855,-72.31498211415024,-72.31498211415024
1750.3900490903854,-72.3127479365693,-72.3127479365693
1750.4000490903854,-72.31053547825502,-72.31053547825502
1750.4100490903854,-72.30834474364015,-72.30834474364015
1750.4200490903854,-72.30617573608554,-72.30617573608554
1750.4300490903854,-72.30402845789142,-72.30402845789142
1750.4400490903854,-72.30190291032265,-72.30190291032265
1750.4500490903854,-72.29979909362594,-72.29979909362594
1750.4600490903854,-72.29771071099472,-72.29771071099472
1750.4700490903854,-72.29563500879186,-72.29563500879186
1750.4800490903854,-72.29357064839185,-72.29357064839185
1750.4900490903854,-72.29151694509231,-72.29151694509231
1750.5000490903853,-72.28947357783497,-72.28947357783497
1750.5100490903853,-72.28744043853858,-72.28744043853858
1750.5200490903853,-72.2854175438479,-72.2854175438479
1750.5300490903855,-72.28340498209982,-72.28340498209982
1750.5400490903855,-72.28140288150487,-72.28140288150487
1750.5500490903855,-72.27941139100065,-72.27941139100065
1750.5600490903855,-72.2774306689161,-72.2774306689161
1750.5700490903855,-72.27546087629251,-72.27546087629251
1750.5800490903855,-72.27350217308175,-72.27350217308175
1750.5900490903855,-72.2715547160493,-72.2715547160493
1750.6000490903855,-72.26961865776592,-72.26961865776592
1750.6100490903855,-72.26769414619261,-72.26769414619261
1750.6200490903855,-72.26578132464728,-72.26578132464728
1750.6300490903855,-72.26388033194677,-72.26388033194677
1750.6400490903854,-72.26199130269202,-72.26199130269202
1750.6500490903854,-72.2601143675328,-72.2601143675328
1750.6600490903854,-72.25824965350414,-72.25824965350414
1750.6700490903854,-72.25639728431433,-72.25639728431433
1750.6800490903854,-72.25455738059874,-72.25455738059874
1750.6900490903854,-72.25273006018084,-72.25273006018084
1750.7000490903854,-72.25091543827871,-72.25091543827871
1750.7100490903854,-72.24911362769276,-72.24911362769276
1750.7200490903854,-72.24732473896539,-72.24732473896539
1750.7300490903854,-72.24554888051726,-72.24554888051726
1750.7400490903854,-72.24378615876607,-72.24378615876607
1750.7500490903853,-72.24203667822172,-72.24203667822172
1750.7600490903853,-72.24030054157325,-72.24030054157325
1750.7700490903853,-72.23857784975682,-72.23857784975682
1750.7800490903855,-72.23686870200069,-72.23686870200069
1750.7900490903855,-72.2351731959087,-72.2351731959087
1750.8000490903855,-72.23349142745239,-72.23349142745239
1750.8100490903855,-72.23182349103182,-72.23182349103182
1750.8200490903855,-72.23016947951048,-72.23016947951048
1750.8300490903855,-72.22852948421098,-72.22852948421098
1750.8400490903855,-72.22690359495463,-72.22690359495463
1750.8500490903855,-72.22529190005376,-72.22529190005376
1750.8600490903855,-72.22369448634811,-72.22369448634811
1750.8700490903855,-72.22211143920285,-72.22211143920285
1750.8800490903855,-72.2205428425075,-72.2205428425075
1750.8900490903854,-72.21898877869833,-72.21898877869833
1750.9000490903854,-72.21744932873729,-72.21744932873729
1750.9100490903854,-72.2159245721548,-72.2159245721548
1750.9200490903854,-72.21441458702799,-72.21441458702799
1750.9300490903854,-72.21291944998282,-72.21291944998282
1750.9400490903854,-72.21143923619924,-72.21143923619924
1750.9500490903854,-72.20997401942304,-72.20997401942304
1750.9600490903854,-72.20852387195693,-72.20852387195693
1750.9700490903854,-72.20708886466191,-72.20708886466191
1750.9800490903854,-72.20566906697863,-72.20566906697863
1750.9900490903854,-72.20426454691672,-72.20426454691672
1751.0000491142273,-72.20287536774717,-72.20287536774717
1751.0100491142273,-72.20150160127879,-72.20150160127879
1751.0200491142273,-72.20014330788244,-72.20014330788244
1751.0300491142273,-72.19880054989008,-72.19880054989008
1751.0400491142273,-72.19747338820589,-72.19747338820589
1751.0500491142272,-72.19616188232072,-72.19616188232072
1751.0600491142272,-72.1948660903415,-72.1948660903415
1751.0700491142272,-72.19358606896571,-72.19358606896571
1751.0800491142272,-72.19232187350751,-72.19232187350751
1751.0900491142272,-72.19107355789255,-72.19107355789255
1751.1000491142272,-72.18984117466712,-72.18984117466712
1751.1100491142272,-72.18862477501575,-72.18862477501575
1751.1200491142272,-72.18742440874905,-72.18742440874905
1751.1300491142274,-72.186240124334,-72.186240124334
1751.1400491142274,-72.18507196888172,-72.18507196888172
1751.1500491142274,-72.18391998816625,-72.18391998816625
1751.1600491142274,-72.18278422662746,-72.18278422662746
1751.1700491142274,-72.18166472739698,-72.18166472739698
1751.1800491142274,-72.18056153228031,-72.18056153228031
1751.1900491142273,-72.17947468177965,-72.17947468177965
1751.2000491142273,-72.1784042151183,-72.1784042151183
1751.2100491142273,-72.1773438833151,-72.1773438833151
1751.2200491142273,-72.17629097391676,-72.17629097391676
1751.2300491142273,-72.1752441868429,-72.1752441868429
1751.2400491142273,-72.17420287470675,-72.17420287470675
1751.2500491142273,-72.1731667529932,-72.1731667529932
1751.2600491142273,-72.17213574966189,-72.17213574966189
1751.2700491142273,-72.17110991700523,-72.17110991700523
1751.2800491142273,-72.17008937873646,-72.17008937873646
1751.2900491142273,-72.16907429813449,-72.16907429813449
1751.3000491142272,-72.1680648590141,-72.1680648590141
1751.3100491142272,-72.16706125431145,-72.16706125431145
1751.3200491142272,-72.16606367946413,-72.16606367946413
1751.3300491142272,-72.16507232855848,-72.16507232855848
1751.3400491142272,-72.16408739228206,-72.16408739228206
1751.3500491142272,-72.16310905687017,-72.16310905687017
1751.3600491142272,-72.162137503703,-72.162137503703
1751.3700491142272,-72.16117290925197,-72.16117290925197
1751.3800491142274,-72.1602154452456,-72.1602154452456
1751.3900491142274,-72.15926527890711,-72.15926527890711
1751.4000491142274,-72.15832257325766,-72.15832257325766
1751.4100491142274,-72.15738748743323,-72.15738748743323
1751.4200491142274,-72.15646017695065,-72.15646017695065
1751.4300491142274,-72.15554079399615,-72.15554079399615
1751.4400491142273,-72.15462948764767,-72.15462948764767
1751.4500491142273,-72.15372640411685,-72.15372640411685
1751.4600491142273,-72.1528254021699,-72.1528254021699
1751.4700491142273,-72.15192387458427,-72.15192387458427
1751.4800491142273,-72.15102062491762,-72.15102062491762
1751.4900491142273,-72.15011510821802,-72.15011510821802
1751.5000491142273,-72.14920714139326,-72.14920714139326
1751.5100491142273,-72.14829675293926,-72.14829675293926
1751.5200491142273,-72.14738409487288,-72.14738409487288
1751.5300491142273,-72.14646938985595,-72.14646938985595
1751.5400491142273,-72.1455528994495,-72.1455528994495
1751.5500491142272,-72.14463490503248,-72.14463490503248
1751.5600491142272,-72.14371569647928,-72.14371569647928
1751.5700491142272,-72.14279556551337,-72.14279556551337
1751.5800491142272,-72.14187480187842,-72.14187480187842
1751.5900491142272,-72.14095369128495,-72.14095369128495
1751.6000491142272,-72.14003251438206,-72.14003251438206
1751.6100491142272,-72.13911154630965,-72.13911154630965
1751.6200491142272,-72.13819105671148,-72.13819105671148
1751.6300491142274,-72.1372713098176,-72.1372713098176
1751.6400491142274,-72.13635256472556,-72.13635256472556
1751.6500491142274,-72.13543507568284,-72.13543507568284
1751.6600491142274,-72.13451909239328,-72.13451909239328
1751.6700491142274,-72.13360486028408,-72.13360486028408
1751.6800491142274,-72.13269262077269,-72.13269262077269
1751.6900491142273,-72.13178261150082,-72.13178261150082
1751.7000491142273,-72.1308750665311,-72.1308750665311
1751.7100491142273,-72.12997021651792,-72.12997021651792
1751.7200491142273,-72.12906828888913,-72.12906828888913
1751.7300491142273,-72.12816950793807,-72.12816950793807
1751.7400491142273,-72.12727409493569,-72.12727409493569
1751.7500491142273,-72.12638226825882,-72.12638226825882
1751.7600491142273,-72.1254942434235,-72.1254942434235
1751.7700491142273,-72.12461023316708,-72.12461023316708
1751.7800491142273,-72.12373044748655,-72.12373044748655
1751.7900491142273,-72.12285509371236,-72.12285509371236
1751.8000491142272,-72.12198437649471,-72.12198437649471
1751.8100491142272,-72.12111849788802,-72.12111849788802
1751.8200491142272,-72.12025765732287,-72.12025765732287
1751.8300491142272,-72.11940205166714,-72.11940205166714
1751.8400491142272,-72.11855187521394,-72.11855187521394
1751.8500491380692,-72.11770731769786,-72.11770731769786
1751.8600491380691,-72.11686857235573,-72.11686857235573
1751.8700491380691,-72.11603582382484,-72.11603582382484
1751.8800491380691,-72.11520925625182,-72.11520925625182
1751.8900491380691,-72.11438905126754,-72.11438905126754
1751.900049138069,-72.11357538798718,-72.11357538798718
1751.910049138069,-72.11276844301273,-72.11276844301273
1751.920049138069,-72.11196839045192,-72.11196839045192
1751.930049138069,-72.11117540191857,-72.11117540191857
1751.940049138069,-72.11038964654256,-72.11038964654256
1751.950049138069,-72.10961129096708,-72.10961129096708
1751.960049138069,-72.10884049935574,-72.10884049935574
1751.970049138069,-72.10807743340773,-72.10807743340773
1751.9800491380693,-72.1073222523564,-72.1073222523564
1751.9900491380693,-72.10657511298375,-72.10657511298375
1752.0000491380692,-72.10583616961621,-72.10583616961621
1752.0100491380692,-72.10510557415762,-72.10510557415762
1752.0200491380692,-72.10438347607395,-72.10438347607395
1752.0300491380692,-72.1036700224229,-72.1036700224229
1752.0400491380692,-72.10296535784579,-72.10296535784579
1752.0500491380692,-72.10226962458489,-72.10226962458489
1752.0600491380692,-72.10158296251237,-72.10158296251237
1752.0700491380692,-72.10090550912938,-72.10090550912938
1752.0800491380692,-72.1002373995667,-72.1002373995667
1752.0900491380692,-72.09957876660953,-72.09957876660953
1752.1000491380692,-72.09892974073561,-72.09892974073561
1752.1100491380691,-72.09829045008138,-72.09829045008138
1752.1200491380691,-72.09766102049706,-72.09766102049706
1752.1300491380691,-72.09704157554113,-72.09704157554113
1752.1400491380691,-72.09643223650478,-72.09643223650478
1752.150049138069,-72.09583312243731,-72.09583312243731
1752.160049138069,-72.09524435012952,-72.09524435012952
1752.170049138069,-72.09466603417405,-72.09466603417405
1752.180049138069,-72.09409828695686,-72.09409828695686
1752.190049138069,-72.09354121868513,-72.09354121868513
1752.200049138069,-72.09299493739267,-72.09299493739267
1752.210049138069,-72.09245954897703,-72.09245954897703
1752.220049138069,-72.09193515720156,-72.09193515720156
1752.2300491380693,-72.09142186373248,-72.09142186373248
1752.2400491380693,-72.09091976813797,-72.09091976813797
1752.2500491380692,-72.09042896792741,-72.09042896792741
1752.2600491380692,-72.0899495585461,-72.0899495585461
1752.2700491380692,-72.0894816334226,-72.0894816334226
1752.2800491380692,-72.08902528397714,-72.08902528397714
1752.2900491380692,-72.08858059964145,-72.08858059964145
1752.3000491380692,-72.08814766788736,-72.08814766788736
1752.3100491380692,-72.08772657421473,-72.08772657421473
1752.3200491380692,-72.08731740222277,-72.08731740222277
1752.3300491380692,-72.0869202335978,-72.0869202335978
1752.3400491380692,-72.08653514812184,-72.08653514812184
1752.3500491380692,-72.08616222374378,-72.08616222374378
1752.3600491380691,-72.08580153655363,-72.08580153655363
1752.3700491380691,-72.08545316082277,-72.08545316082277
1752.3800491380691,-72.08511716901694,-72.08511716901694
1752.3900491380691,-72.08479363182211,-72.08479363182211
1752.400049138069,-72.08448261817367,-72.08448261817367
1752.410049138069,-72.0841841952593,-72.0841841952593
1752.420049138069,-72.08389842855179,-72.08389842855179
1752.430049138069,-72.08362538182529,-72.08362538182529
1752.440049138069,-72.08336511718518,-72.08336511718518
1752.450049138069,-72.08311769506737,-72.08311769506737
1752.460049138069,-72.08288317428476,-72.08288317428476
1752.470049138069,-72.08266161204494,-72.08266161204494
1752.4800491380693,-72.08245306394451,-72.08245306394451
1752.4900491380693,-72.08225758400253,-72.08225758400253
1752.5000491380692,-72.0820752247077,-72.0820752247077
1752.5100491380692,-72.08190603700278,-72.08190603700278
1752.5200491380692,-72.08175007031588,-72.08175007031588
1752.5300491380692,-72.08160737259712,-72.08160737259712
1752.5400491380692,-72.08147799029719,-72.08147799029719
1752.5500491380692,-72.08136196843923,-72.08136196843923
1752.5600491380692,-72.0812593506079,-72.0812593506079
1752.5700491380692,-72.08117017895921,-72.08117017895921
1752.5800491380692,-72.08109449427104,-72.08109449427104
1752.5900491380692,-72.08103233594105,-72.08103233594105
1752.6000491380692,-72.08098374200927,-72.08098374200927
1752.6100491380691,-72.08094874917774,-72.08094874917774
1752.6200491380691,-72.08092739282583,-72.08092739282583
1752.6300491380691,-72.0809197070442,-72.0809197070442
1752.6400491380691,-72.08092572463494,-72.08092572463494
1752.650049138069,-72.08094547713723,-72.08094547713723
1752.660049138069,-72.08097899483987,-72.08097899483987
1752.670049138069,-72.08102630681053,-72.08102630681053
1752.680049138069,-72.08108744091062,-72.08108744091062
1752.690049138069,-72.08116242379857,-72.08116242379857
1752.700049161911,-72.08125128117548,-72.08125128117548
1752.710049161911,-72.08135403699899,-72.08135403699899
1752.720049161911,-72.08147071461649,-72.08147071461649
1752.730049161911,-72.0816013361022,-72.0816013361022
1752.740049161911,-72.08174592242187,-72.08174592242187
1752.750049161911,-72.08190449343554,-72.08190449343554
1752.760049161911,-72.08207706795005,-72.08207706795005
1752.770049161911,-72.08226366370161,-72.08226366370161
1752.780049161911,-72.0824642973835,-72.0824642973835
1752.790049161911,-72.08267898467767,-72.08267898467767
1752.800049161911,-72.08290774024026,-72.08290774024026
1752.810049161911,-72.0831505777431,-72.0831505777431
1752.820049161911,-72.08340750986683,-72.08340750986683
1752.8300491619111,-72.08367854833818,-72.08367854833818
1752.840049161911,-72.08396370393149,-72.08396370393149
1752.850049161911,-72.08426298648727,-72.08426298648727
1752.860049161911,-72.08457640492408,-72.08457640492408
1752.870049161911,-72.08490396725053,-72.08490396725053
1752.880049161911,-72.08524568059707,-72.08524568059707
1752.890049161911,-72.08560155120936,-72.08560155120936
1752.900049161911,-72.08597158447306,-72.08597158447306
1752.910049161911,-72.08635578491604,-72.08635578491604
1752.920049161911,-72.08675415623759,-72.08675415623759
1752.930049161911,-72.08716670131318,-72.08716670131318
1752.940049161911,-72.08759342220651,-72.08759342220651
1752.950049161911,-72.08803432019,-72.08803432019
1752.960049161911,-72.08848939574833,-72.08848939574833
1752.970049161911,-72.08895864860327,-72.08895864860327
1752.980049161911,-72.08944207771104,-72.08944207771104
1752.990049161911,-72.08993968128023,-72.08993968128023
1753.000049161911,-72.09045145679329,-72.09045145679329
1753.010049161911,-72.09097740101201,-72.09097740101201
1753.020049161911,-72.09151750998521,-72.09151750998521
1753.030049161911,-72.09207177905702,-72.09207177905702
1753.040049161911,-72.09264020290595,-72.09264020290595
1753.050049161911,-72.09322277551723,-72.09322277551723
1753.060049161911,-72.09381949021753,-72.09381949021753
1753.070049161911,-72.09443033969066,-72.09443033969066
1753.0800491619111,-72.09505531596156,-72.09505531596156
1753.090049161911,-72.09569441044643,-72.09569441044643
1753.100049161911,-72.09634761392964,-72.09634761392964
1753.110049161911,-72.09701491659085,-72.09701491659085
1753.120049161911,-72.09769630801244,-72.09769630801244
1753.130049161911,-72.09839177717973,-72.09839177717973
1753.140049161911,-72.0991013125184,-72.0991013125184
1753.150049161911,-72.09982490186259,-72.09982490186259
1753.160049161911,-72.10056253250983,-72.10056253250983
1753.170049161911,-72.1013141911994,-72.1013141911994
1753.180049161911,-72.10207986413742,-72.10207986413742
1753.190049161911,-72.10285953698533,-72.10285953698533
1753.200049161911,-72.10365319490782,-72.10365319490782
1753.210049161911,-72.1044608225443,-72.1044608225443
1753.220049161911,-72.10528240403403,-72.10528240403403
1753.230049161911,-72.10611792302419,-72.10611792302419
1753.240049161911,-72.10696736268379,-72.10696736268379
1753.250049161911,-72.10783070570011,-72.10783070570011
1753.260049161911,-72.10870793429422,-72.10870793429422
1753.270049161911,-72.10959903023792,-72.10959903023792
1753.280049161911,-72.1105039748336,-72.1105039748336
1753.290049161911,-72.11142274897202,-72.11142274897202
1753.300049161911,-72.11235533308789,-72.11235533308789
1753.310049161911,-72.11330170719168,-72.11330170719168
1753.320049161911,-72.11426185087599,-72.11426185087599
1753.3300491619111,-72.11523574333611,-72.11523574333611
1753.340049161911,-72.11622336335505,-72.11622336335505
1753.350049161911,-72.11722468933105,-72.11722468933105
1753.360049161911,-72.11823969925359,-72.11823969925359
1753.370049161911,-72.11926837075934,-72.11926837075934
1753.380049161911,-72.12031068108796,-72.12031068108796
1753.390049161911,-72.12136660712684,-72.12136660712684
1753.400049161911,-72.12243612540492,-72.12243612540492
1753.410049161911,-72.12351921209726,-72.12351921209726
1753.420049161911,-72.12461584303173,-72.12461584303173
1753.430049161911,-72.12572599369241,-72.12572599369241
1753.440049161911,-72.12684963924282,-72.12684963924282
1753.450049161911,-72.12798675451879,-72.12798675451879
1753.460049161911,-72.12913102772201,-72.12913102772201
1753.470049161911,-72.13027968172612,-72.13027968172612
1753.480049161911,-72.13143135201045,-72.13143135201045
1753.490049161911,-72.13258532761084,-72.13258532761084
1753.500049161911,-72.13374126148001,-72.13374126148001
1753.510049161911,-72.13489902012475,-72.13489902012475
1753.520049161911,-72.13605859547033,-72.13605859547033
1753.530049161911,-72.13722005191566,-72.13722005191566
1753.540049161911,-72.13838349448966,-72.13838349448966
1753.5500491857529,-72.13954905252567,-72.13954905252567
1753.5600491857529,-72.14071685721375,-72.14071685721375
1753.5700491857529,-72.14188705151993,-72.14188705151993
1753.5800491857528,-72.14305977529601,-72.14305977529601
1753.5900491857528,-72.1442351659468,-72.1442351659468
1753.6000491857528,-72.14541335737921,-72.14541335737921
1753.6100491857528,-72.14659447959504,-72.14659447959504
1753.6200491857528,-72.14777865861335,-72.14777865861335
1753.6300491857528,-72.14896601664014,-72.14896601664014
1753.6400491857528,-72.15015667227564,-72.15015667227564
1753.6500491857528,-72.15135074084385,-72.15135074084385
1753.6600491857528,-72.1525483346449,-72.1525483346449
1753.6700491857528,-72.15374956328723,-72.15374956328723
1753.680049185753,-72.15495453387724,-72.15495453387724
1753.690049185753,-72.15616335132687,-72.15616335132687
1753.700049185753,-72.15737611850322,-72.15737611850322
1753.710049185753,-72.15859293642602,-72.15859293642602
1753.720049185753,-72.15981390441141,-72.15981390441141
1753.730049185753,-72.16103912019845,-72.16103912019845
1753.740049185753,-72.16226868007698,-72.16226868007698
1753.750049185753,-72.16350267894626,-72.16350267894626
1753.760049185753,-72.16474121039788,-72.16474121039788
1753.770049185753,-72.16598436679548,-72.16598436679548
1753.780049185753,-72.16723223931106,-72.16723223931106
1753.7900491857529,-72.16848491794445,-72.16848491794445
1753.8000491857529,-72.16974249159551,-72.16974249159551
1753.8100491857529,-72.1710050480602,-72.1710050480602
1753.8200491857529,-72.17227267405583,-72.17227267405583
1753.8300491857528,-72.17354545523719,-72.17354545523719
1753.8400491857528,-72.1748234762125,-72.1748234762125
1753.8500491857528,-72.17610682053478,-72.17610682053478
1753.8600491857528,-72.17739557071867,-72.17739557071867
1753.8700491857528,-72.17868980824858,-72.17868980824858
1753.8800491857528,-72.17998961357559,-72.17998961357559
1753.8900491857528,-72.1812950660876,-72.1812950660876
1753.9000491857528,-72.18260624415683,-72.18260624415683
1753.9100491857528,-72.18392322511022,-72.18392322511022
1753.9200491857528,-72.18524608521554,-72.18524608521554
1753.930049185753,-72.18657489971055,-72.18657489971055
1753.940049185753,-72.1879097427698,-72.1879097427698
1753.950049185753,-72.18925068751463,-72.18925068751463
1753.960049185753,-72.19059780600683,-72.19059780600683
1753.970049185753,-72.19195116925296,-72.19195116925296
1753.980049185753,-72.19331084718787,-72.19331084718787
1753.990049185753,-72.19467690867309,-72.19467690867309
1754.000049185753,-72.19604942151634,-72.19604942151634
1754.010049185753,-72.19742845243978,-72.19742845243978
1754.020049185753,-72.19881406709209,-72.19881406709209
1754.030049185753,-72.200206330052,-72.200206330052
1754.0400491857529,-72.20160530481066,-72.20160530481066
1754.0500491857529,-72.20301105379507,-72.20301105379507
1754.0600491857529,-72.2044236383407,-72.2044236383407
1754.0700491857529,-72.20584311872166,-72.20584311872166
1754.0800491857528,-72.20726955412302,-72.20726955412302
1754.0900491857528,-72.20870300266331,-72.20870300266331
1754.1000491857528,-72.21014352138079,-72.21014352138079
1754.1100491857528,-72.21159116623758,-72.21159116623758
1754.1200491857528,-72.21304599213843,-72.21304599213843
1754.1300491857528,-72.21450805292022,-72.21450805292022
1754.1400491857528,-72.21597740135347,-72.21597740135347
1754.1500491857528,-72.21745408914721,-72.21745408914721
1754.1600491857528,-72.21893816696313,-72.21893816696313
1754.1700491857528,-72.22042968439955,-72.22042968439955
1754.180049185753,-72.2219286900232,-72.2219286900232
1754.190049185753,-72.22343523135183,-72.22343523135183
1754.200049185753,-72.22494935487067,-72.22494935487067
1754.210049185753,-72.22647110603432,-72.22647110603432
1754.220049185753,-72.22800052926647,-72.22800052926647
1754.230049185753,-72.2295376679917,-72.2295376679917
1754.240049185753,-72.23108256460137,-72.23108256460137
1754.250049185753,-72.23263526049827,-72.23263526049827
1754.260049185753,-72.2341957960881,-72.2341957960881
1754.270049185753,-72.23576421077841,-72.23576421077841
1754.280049185753,-72.2373405429976,-72.2373405429976
1754.2900491857529,-72.23892483019505,-72.23892483019505
1754.3000491857529,-72.24051710886293,-72.24051710886293
1754.3100491857529,-72.24211741452483,-72.24211741452483
1754.3200491857529,-72.24372578175635,-72.24372578175635
1754.3300491857528,-72.24534224419786,-72.24534224419786
1754.3400491857528,-72.24696683454164,-72.24696683454164
1754.3500491857528,-72.24859958456943,-72.24859958456943
1754.3600491857528,-72.25024052513476,-72.25024052513476
1754.3700491857528,-72.25188968619011,-72.25188968619011
1754.3800491857528,-72.2535470967764,-72.2535470967764
1754.3900491857528,-72.25521278506037,-72.25521278506037
1754.4000492095947,-72.25688678230394,-72.25688678230394
1754.4100492095947,-72.25856910697065,-72.25856910697065
1754.4200492095947,-72.26025978855678,-72.26025978855678
1754.4300492095947,-72.26195885175345,-72.26195885175345
1754.4400492095947,-72.2636663204048,-72.2636663204048
1754.4500492095947,-72.26538221752634,-72.26538221752634
1754.4600492095947,-72.26710656530429,-72.26710656530429
1754.4700492095947,-72.26883938509977,-72.26883938509977
1754.4800492095947,-72.27058069747763,-72.27058069747763
1754.4900492095946,-72.27233052219972,-72.27233052219972
1754.5000492095946,-72.27408887825027,-72.27408887825027
1754.5100492095946,-72.27585578381823,-72.27585578381823
1754.5200492095946,-72.27763125633768,-72.27763125633768
1754.5300492095948,-72.27941531247406,-72.27941531247406
1754.5400492095948,-72.28120796815153,-72.28120796815153
1754.5500492095948,-72.28300923854643,-72.28300923854643
1754.5600492095948,-72.28481913810225,-72.28481913810225
1754.5700492095948,-72.28663768053823,-72.28663768053823
1754.5800492095948,-72.28846487887168,-72.28846487887168
1754.5900492095948,-72.29030074541295,-72.29030074541295
1754.6000492095948,-72.2921452917774,-72.2921452917774
1754.6100492095948,-72.29399852888854,-72.29399852888854
1754.6200492095948,-72.29586046700048,-72.29586046700048
1754.6300492095947,-72.29773111570519,-72.29773111570519
1754.6400492095947,-72.29961048392921,-72.29961048392921
1754.6500492095947,-72.30149857994301,-72.30149857994301
1754.6600492095947,-72.30339541140083,-72.30339541140083
1754.6700492095947,-72.30530098530772,-72.30530098530772
1754.6800492095947,-72.3072153080522,-72.3072153080522
1754.6900492095947,-72.30913838541306,-72.30913838541306
1754.7000492095947,-72.3110702225564,-72.3110702225564
1754.7100492095947,-72.31301082406631,-72.31301082406631
1754.7200492095947,-72.31496019392469,-72.31496019392469
1754.7300492095947,-72.31691833553595,-72.31691833553595
1754.7400492095946,-72.31888525174942,-72.31888525174942
1754.7500492095946,-72.32086094484278,-72.32086094484278
1754.7600492095946,-72.32284541655419,-72.32284541655419
1754.7700492095946,-72.32483866804213,-72.32483866804213
1754.7800492095948,-72.3268406999665,-72.3268406999665
1754.7900492095948,-72.32885151244115,-72.32885151244115
1754.8000492095948,-72.33087110505456,-72.33087110505456
1754.8100492095948,-72.33289947690388,-72.33289947690388
1754.8200492095948,-72.33493662655162,-72.33493662655162
1754.8300492095948,-72.33698255208601,-72.33698255208601
1754.8400492095948,-72.33903725110017,-72.33903725110017
1754.8500492095948,-72.34110072070428,-72.34110072070428
1754.8600492095948,-72.34317295752899,-72.34317295752899
1754.8700492095948,-72.34525395775566,-72.34525395775566
1754.8800492095947,-72.34734371708817,-72.34734371708817
1754.8900492095947,-72.34944223079117,-72.34944223079117
1754.9000492095947,-72.35154949367498,-72.35154949367498
1754.9100492095947,-72.35366550012753,-72.35366550012753
1754.9200492095947,-72.35579024408523,-72.35579024408523
1754.9300492095947,-72.35792371908587,-72.35792371908587
1754.9400492095947,-72.36006591822628,-72.36006591822628
1754.9500492095947,-72.3622168342178,-72.3622168342178
1754.9600492095947,-72.36437645935145,-72.36437645935145
1754.9700492095947,-72.36654478553183,-72.36654478553183
1754.9800492095947,-72.36872180427412,-72.36872180427412
1754.9900492095946,-72.37090750670504,-72.37090750670504
1755.0000492095946,-72.37310188357893,-72.37310188357893
1755.0100492095946,-72.37530492528965,-72.37530492528965
1755.0200492095946,-72.37751662184645,-72.37751662184645
1755.0300492095948,-72.3797369629134,-72.3797369629134
1755.0400492095948,-72.38196593781316,-72.38196593781316
1755.0500492095948,-72.38420353551463,-72.38420353551463
1755.0600492095948,-72.38644974464302,-72.38644974464302
1755.0700492095948,-72.38870455349593,-72.38870455349593
1755.0800492095948,-72.39096795004848,-72.39096795004848
1755.0900492095948,-72.39323992194386,-72.39323992194386
1755.1000492095948,-72.39552045652033,-72.39552045652033
1755.1100492095948,-72.39780954079461,-72.39780954079461
1755.1200492095948,-72.40010716148937,-72.40010716148937
1755.1300492095947,-72.40241330503262,-72.40241330503262
1755.1400492095947,-72.40472795754857,-72.40472795754857
1755.1500492095947,-72.40705110487005,-72.40705110487005
1755.1600492095947,-72.40938273255709,-72.40938273255709
1755.1700492095947,-72.41172282588602,-72.41172282588602
1755.1800492095947,-72.41407136986726,-72.41407136986726
1755.1900492095947,-72.41642834924667,-72.41642834924667
1755.2000492095947,-72.41879374849044,-72.41879374849044
1755.2100492095947,-72.42116123643198,-72.42116123643198
1755.2200492095947,-72.42352803050943,-72.42352803050943
1755.2300492095947,-72.42589276660651,-72.42589276660651
1755.2400492095946,-72.428254736994,-72.428254736994
1755.2500492334366,-72.4306136052142,-72.4306136052142
1755.2600492334366,-72.43296923257238,-72.43296923257238
1755.2700492334366,-72.43532162341874,-72.43532162341874
1755.2800492334366,-72.43767084948587,-72.43767084948587
1755.2900492334365,-72.44001702355025,-72.44001702355025
1755.3000492334365,-72.44236028026326,-72.44236028026326
1755.3100492334365,-72.44470076469884,-72.44470076469884
1755.3200492334365,-72.44703862567243,-72.44703862567243
1755.3300492334365,-72.44937401184305,-72.44937401184305
1755.3400492334365,-72.45170706962219,-72.45170706962219
1755.3500492334365,-72.45403794211842,-72.45403794211842
1755.3600492334365,-72.45636676868872,-72.45636676868872
1755.3700492334365,-72.45869368487871,-72.45869368487871
1755.3800492334367,-72.4610188225525,-72.4610188225525
1755.3900492334367,-72.46334231013219,-72.46334231013219
1755.4000492334367,-72.4656642728805,-72.4656642728805
1755.4100492334367,-72.46798483318,-72.46798483318
1755.4200492334367,-72.4703041108066,-72.4703041108066
1755.4300492334366,-72.47262222320224,-72.47262222320224
1755.4400492334366,-72.4749392856864,-72.4749392856864
1755.4500492334366,-72.47725541164561,-72.47725541164561
1755.4600492334366,-72.47956439235558,-72.47956439235558
1755.4700492334366,-72.48186356923453,-72.48186356923453
1755.4800492334366,-72.48415170205831,-72.48415170205831
1755.4900492334366,-72.48642820643103,-72.48642820643103
1755.5000492334366,-72.48869286285323,-72.48869286285323
1755.5100492334366,-72.49094566570021,-72.49094566570021
1755.5200492334366,-72.4931867347095,-72.4931867347095
1755.5300492334366,-72.49541626184202,-72.49541626184202
1755.5400492334365,-72.49763447931053,-72.49763447931053
1755.5500492334365,-72.49984164043143,-72.49984164043143
1755.5600492334365,-72.50203800816938,-72.50203800816938
1755.5700492334365,-72.50422384845831,-72.50422384845831
1755.5800492334365,-72.5063994263035,-72.5063994263035
1755.5900492334365,-72.50856500371547,-72.50856500371547
1755.6000492334365,-72.51072083861136,-72.51072083861136
1755.6100492334365,-72.51286718437986,-72.51286718437986
1755.6200492334365,-72.51500428982477,-72.51500428982477
1755.6300492334367,-72.51713239927794,-72.51713239927794
1755.6400492334367,-72.5192517528246,-72.5192517528246
1755.6500492334367,-72.52136258658454,-72.52136258658454
1755.6600492334367,-72.523465132964,-72.523465132964
1755.6700492334367,-72.5255596209555,-72.5255596209555
1755.6800492334366,-72.52764627635776,-72.52764627635776
1755.6900492334366,-72.52972532198774,-72.52972532198774
1755.7000492334366,-72.53179697789152,-72.53179697789152
1755.7100492334366,-72.53386146148918,-72.53386146148918
1755.7200492334366,-72.53591898770676,-72.53591898770676
1755.7300492334366,-72.53796976910895,-72.53796976910895
1755.7400492334366,-72.54001401595833,-72.54001401595833
1755.7500492334366,-72.54205193633263,-72.54205193633263
1755.7600492334366,-72.54408373617493,-72.54408373617493
1755.7700492334366,-72.5461096193156,-72.5461096193156
1755.7800492334366,-72.54812978755548,-72.54812978755548
1755.7900492334365,-72.55014444066146,-72.55014444066146
1755.8000492334365,-72.5521537764112,-72.5521537764112
1755.8100492334365,-72.55415799058751,-72.55415799058751
1755.8200492334365,-72.556157277026,-72.556157277026
1755.8300492334365,-72.55815182757863,-72.55815182757863
1755.8400492334365,-72.56014183214832,-72.56014183214832
1755.8500492334365,-72.56212747869235,-72.56212747869235
1755.8600492334365,-72.56410895319212,-72.56410895319212
1755.8700492334365,-72.56608643968414,-72.56608643968414
1755.8800492334367,-72.56806012024337,-72.56806012024337
1755.8900492334367,-72.57003017497752,-72.57003017497752
1755.9000492334367,-72.57199678202555,-72.57199678202555
1755.9100492334367,-72.57396011756515,-72.57396011756515
1755.9200492334367,-72.57592035578641,-72.57592035578641
1755.9300492334366,-72.57787766890537,-72.57787766890537
1755.9400492334366,-72.579832227146,-72.579832227146
1755.9500492334366,-72.58178419876182,-72.58178419876182
1755.9600492334366,-72.58373374999509,-72.58373374999509
1755.9700492334366,-72.58568104510626,-72.58568104510626
1755.9800492334366,-72.58762624637279,-72.58762624637279
1755.9900492334366,-72.58956951405104,-72.58956951405104
1756.0000492334366,-72.59151100642467,-72.59151100642467
1756.0100492334366,-72.59345087977152,-72.59345087977152
1756.0200492334366,-72.59538928837313,-72.59538928837313
1756.0300492334366,-72.59732638452337,-72.59732638452337
1756.0400492334365,-72.5992623185317,-72.5992623185317
1756.0500492334365,-72.60119723871071,-72.60119723871071
1756.0600492334365,-72.60313129139739,-72.60313129139739
1756.0700492334365,-72.60506462094433,-72.60506462094433
1756.0800492334365,-72.60699736973861,-72.60699736973861
1756.0900492334365,-72.60892967820047,-72.60892967820047
1756.1000492572784,-72.61086168938517,-72.61086168938517
1756.1100492572784,-72.61279353059743,-72.61279353059743
1756.1200492572784,-72.61472534099602,-72.61472534099602
1756.1300492572784,-72.61665725320464,-72.61665725320464
1756.1400492572784,-72.61858939792563,-72.61858939792563
1756.1500492572784,-72.62052190393469,-72.62052190393469
1756.1600492572784,-72.62245489811042,-72.62245489811042
1756.1700492572784,-72.62438850541515,-72.62438850541515
1756.1800492572784,-72.62632284895341,-72.62632284895341
1756.1900492572784,-72.62825804993903,-72.62825804993903
1756.2000492572784,-72.6301942277202,-72.6301942277202
1756.2100492572783,-72.63212516716871,-72.63212516716871
1756.2200492572783,-72.63404821065824,-72.63404821065824
1756.2300492572786,-72.63596212155852,-72.63596212155852
1756.2400492572785,-72.63786631999945,-72.63786631999945
1756.2500492572785,-72.63976059125694,-72.63976059125694
1756.2600492572785,-72.64164493433012,-72.64164493433012
1756.2700492572785,-72.64351947321957,-72.64351947321957
1756.2800492572785,-72.64538440361986,-72.64538440361986
1756.2900492572785,-72.64723996085876,-72.64723996085876
1756.3000492572785,-72.64908640068211,-72.64908640068211
1756.3100492572785,-72.65092398779471,-72.65092398779471
1756.3200492572785,-72.652752989133,-72.652752989133
1756.3300492572785,-72.6545736699817,-72.6545736699817
1756.3400492572785,-72.65638629190899,-72.65638629190899
1756.3500492572784,-72.65819111167691,-72.65819111167691
1756.3600492572784,-72.65998838084003,-72.65998838084003
1756.3700492572784,-72.6617783456593,-72.6617783456593
1756.3800492572784,-72.66356124729438,-72.66356124729438
1756.3900492572784,-72.6653373220148,-72.6653373220148
1756.4000492572784,-72.66710680149671,-72.66710680149671
1756.4100492572784,-72.66886991314342,-72.66886991314342
1756.4200492572784,-72.67062688034324,-72.67062688034324
1756.4300492572784,-72.67237792277915,-72.67237792277915
1756.4400492572784,-72.67412325663182,-72.67412325663182
1756.4500492572784,-72.67586309479655,-72.67586309479655
1756.4600492572783,-72.67759764708643,-72.67759764708643
1756.4700492572783,-72.67932712038211,-72.67932712038211
1756.4800492572786,-72.68105171875382,-72.68105171875382
1756.4900492572785,-72.68277164360254,-72.68277164360254
1756.5000492572785,-72.68448709374194,-72.68448709374194
1756.5100492572785,-72.68619826549295,-72.68619826549295
1756.5200492572785,-72.68790535274519,-72.68790535274519
1756.5300492572785,-72.68960854702136,-72.68960854702136
1756.5400492572785,-72.69130803751405,-72.69130803751405
1756.5500492572785,-72.69300401116377,-72.69300401116377
1756.5600492572785,-72.69469665265363,-72.69469665265363
1756.5700492572785,-72.69638614445685,-72.69638614445685
1756.5800492572785,-72.69807266685834,-72.69807266685834
1756.5900492572785,-72.69975639798682,-72.69975639798682
1756.6000492572784,-72.70143751381526,-72.70143751381526
1756.6100492572784,-72.70311618818457,-72.70311618818457
1756.6200492572784,-72.70479259281875,-72.70479259281875
1756.6300492572784,-72.70646689733387,-72.70646689733387
1756.6400492572784,-72.70813926925092,-72.70813926925092
1756.6500492572784,-72.70980987399999,-72.70980987399999
1756.6600492572784,-72.71147887493635,-72.71147887493635
1756.6700492572784,-72.71314643333133,-72.71314643333133
1756.6800492572784,-72.71481270840125,-72.71481270840125
1756.6900492572784,-72.71647785731226,-72.71647785731226
1756.7000492572784,-72.71814203517106,-72.71814203517106
1756.7100492572783,-72.71980539504247,-72.71980539504247
1756.7200492572783,-72.72146808796475,-72.72146808796475
1756.7300492572786,-72.72313026294124,-72.72313026294124
1756.7400492572785,-72.72479206695951,-72.72479206695951
1756.7500492572785,-72.72645364499658,-72.72645364499658
1756.7600492572785,-72.72811514003095,-72.72811514003095
1756.7700492572785,-72.72977669304399,-72.72977669304399
1756.7800492572785,-72.73143844302716,-72.73143844302716
1756.7900492572785,-72.73310052701007,-72.73310052701007
1756.8000492572785,-72.73476308004723,-72.73476308004723
1756.8100492572785,-72.73642623524444,-72.73642623524444
1756.8200492572785,-72.73809012375452,-72.73809012375452
1756.8300492572785,-72.73975487479824,-72.73975487479824
1756.8400492572785,-72.74142061569177,-72.74142061569177
1756.8500492572784,-72.74308747181698,-72.74308747181698
1756.8600492572784,-72.74475556667636,-72.74475556667636
1756.8700492572784,-72.74642502187824,-72.74642502187824
1756.8800492572784,-72.74809595716765,-72.74809595716765
1756.8900492572784,-72.74976849042038,-72.74976849042038
1756.9000492572784,-72.75144273765777,-72.75144273765777
1756.9100492572784,-72.75311881308141,-72.75311881308141
1756.9200492572784,-72.75479682907859,-72.75479682907859
1756.9300492572784,-72.75647689622095,-72.75647689622095
1756.9400492572784,-72.75815912329472,-72.75815912329472
1756.9500492811203,-72.75984362132067,-72.75984362132067
1756.9600492811203,-72.76152414422005,-72.76152414422005
1756.9700492811203,-72.76319802217839,-72.76319802217839
1756.9800492811203,-72.76486400503553,-72.76486400503553
1756.9900492811203,-72.76652150068908,-72.76652150068908
1757.0000492811203,-72.76817028293327,-72.76817028293327
1757.0100492811202,-72.7698103397728,-72.7698103397728
1757.0200492811202,-72.77144178449464,-72.77144178449464
1757.0300492811202,-72.7730648022721,-72.7730648022721
1757.0400492811202,-72.77467961803794,-72.77467961803794
1757.0500492811202,-72.77628647722759,-72.77628647722759
1757.0600492811202,-72.77788563428814,-72.77788563428814
1757.0700492811202,-72.77947734595618,-72.77947734595618
1757.0800492811204,-72.78106186737772,-72.78106186737772
1757.0900492811204,-72.7826394500221,-72.7826394500221
1757.1000492811204,-72.78421034058623,-72.78421034058623
1757.1100492811204,-72.78577478062246,-72.78577478062246
1757.1200492811204,-72.78733300645844,-72.78733300645844
1757.1300492811204,-72.78888524936231,-72.78888524936231
1757.1400492811204,-72.79043173577277,-72.79043173577277
1757.1500492811203,-72.79197268761118,-72.79197268761118
1757.1600492811203,-72.79350832258407,-72.79350832258407
1757.1700492811203,-72.79503885448672,-72.79503885448672
1757.1800492811203,-72.79656449344242,-72.79656449344242
1757.1900492811203,-72.79808544617191,-72.79808544617191
1757.2000492811203,-72.79960191618561,-72.79960191618561
1757.2100492811203,-72.80111410400627,-72.80111410400627
1757.2200492811203,-72.80262220727482,-72.80262220727482
1757.2300492811203,-72.80412642095057,-72.80412642095057
1757.2400492811203,-72.80562693737274,-72.80562693737274
1757.2500492811203,-72.80712394640783,-72.80712394640783
1757.2600492811202,-72.80861763549802,-72.80861763549802
1757.2700492811202,-72.8101081897585,-72.8101081897585
1757.2800492811202,-72.81159579200062,-72.81159579200062
1757.2900492811202,-72.81308062283813,-72.81308062283813
1757.3000492811202,-72.8145628606844,-72.8145628606844
1757.3100492811202,-72.81604268179596,-72.81604268179596
1757.3200492811202,-72.81752026031532,-72.81752026031532
1757.3300492811204,-72.81899576829396,-72.81899576829396
1757.3400492811204,-72.82046937570246,-72.82046937570246
1757.3500492811204,-72.82194125045163,-72.82194125045163
1757.3600492811204,-72.82341155840862,-72.82341155840862
1757.3700492811204,-72.82488046343222,-72.82488046343222
1757.3800492811204,-72.82634812733167,-72.82634812733167
1757.3900492811204,-72.8278147099281,-72.8278147099281
1757.4000492811203,-72.82928036903425,-72.82928036903425
1757.4100492811203,-72.83074526047633,-72.83074526047633
1757.4200492811203,-72.83220953810107,-72.83220953810107
1757.4300492811203,-72.83367335377606,-72.83367335377606
1757.4400492811203,-72.83513685738166,-72.83513685738166
1757.4500492811203,-72.83660019686192,-72.83660019686192
1757.4600492811203,-72.83806351819347,-72.83806351819347
1757.4700492811203,-72.83952696540028,-72.83952696540028
1757.4800492811203,-72.84099068056348,-72.84099068056348
1757.4900492811203,-72.84245480383031,-72.84245480383031
1757.5000492811203,-72.8439194734205,-72.8439194734205
1757.5100492811202,-72.84538482563964,-72.84538482563964
1757.5200492811202,-72.8468509948838,-72.8468509948838
1757.5300492811202,-72.84831811362454,-72.84831811362454
1757.5400492811202,-72.84978631245359,-72.84978631245359
1757.5500492811202,-72.85125572007735,-72.85125572007735
1757.5600492811202,-72.85272646332747,-72.85272646332747
1757.5700492811202,-72.85419866715372,-72.85419866715372
1757.5800492811204,-72.85567245467298,-72.85567245467298
1757.5900492811204,-72.85714794714146,-72.85714794714146
1757.6000492811204,-72.85862526397825,-72.85862526397825
1757.6100492811204,-72.86010452278806,-72.86010452278806
1757.6200492811204,-72.86158583935944,-72.86158583935944
1757.6300492811204,-72.8630693276807,-72.8630693276807
1757.6400492811204,-72.86455509994978,-72.86455509994978
1757.6500492811203,-72.8660432665994,-72.8660432665994
1757.6600492811203,-72.86753393628383,-72.86753393628383
1757.6700492811203,-72.86902721592482,-72.86902721592482
1757.6800492811203,-72.8705232107025,-72.8705232107025
1757.6900492811203,-72.8720220240666,-72.8720220240666
1757.7000492811203,-72.87352375776572,-72.87352375776572
1757.7100492811203,-72.87502851185288,-72.87502851185288
1757.7200492811203,-72.87653638470888,-72.87653638470888
1757.7300492811203,-72.87804747303045,-72.87804747303045
1757.7400492811203,-72.87956187187424,-72.87956187187424
1757.7500492811203,-72.88107967466317,-72.88107967466317
1757.7600492811202,-72.88260097319868,-72.88260097319868
1757.7700492811202,-72.8841258576658,-72.8841258576658
1757.7800492811202,-72.8856544166789,-72.8856544166789
1757.7900492811202,-72.88718673724568,-72.88718673724568
1757.8000493049622,-72.8887229084976,-72.8887229084976
1757.8100493049621,-72.89026300705724,-72.89026300705724
1757.8200493049621,-72.89180711895098,-72.89180711895098
1757.8300493049621,-72.89335532505606,-72.89335532505606
1757.8400493049621,-72.89490770475017,-72.89490770475017
1757.850049304962,-72.89646433593612,-72.89646433593612
1757.860049304962,-72.89802529504261,-72.89802529504261
1757.870049304962,-72.89959065703886,-72.89959065703886
1757.880049304962,-72.90116049547281,-72.90116049547281
1757.890049304962,-72.90273488247635,-72.90273488247635
1757.900049304962,-72.90431388876362,-72.90431388876362
1757.910049304962,-72.90589758366671,-72.90589758366671
1757.920049304962,-72.90748603515028,-72.90748603515028
1757.9300493049623,-72.90907930981723,-72.90907930981723
1757.9400493049623,-72.91067747293219,-72.91067747293219
1757.9500493049622,-72.91228058843082,-72.91228058843082
1757.9600493049622,-72.91388871894716,-72.91388871894716
1757.9700493049622,-72.91550192581833,-72.91550192581833
1757.9800493049622,-72.91712026910896,-72.91712026910896
1757.9900493049622,-72.9187438076102,-72.9187438076102
1758.0000493049622,-72.9203725988675,-72.9203725988675
1758.0100493049622,-72.92200669919599,-72.92200669919599
1758.0200493049622,-72.92364616370195,-72.92364616370195
1758.0300493049622,-72.92529104628433,-72.92529104628433
1758.0400493049622,-72.92694139964534,-72.92694139964534
1758.0500493049622,-72.92859727533784,-72.92859727533784
1758.0600493049621,-72.93025872373391,-72.93025872373391
1758.0700493049621,-72.93192579408596,-72.93192579408596
1758.0800493049621,-72.93359853450069,-72.93359853450069
1758.0900493049621,-72.9352769919844,-72.9352769919844
1758.100049304962,-72.93696121244112,-72.93696121244112
1758.110049304962,-72.93865124068472,-72.93865124068472
1758.120049304962,-72.94034712046317,-72.94034712046317
1758.130049304962,-72.94204889448605,-72.94204889448605
1758.140049304962,-72.94375660439675,-72.94375660439675
1758.150049304962,-72.94547029082132,-72.94547029082132
1758.160049304962,-72.94718999338126,-72.94718999338126
1758.170049304962,-72.94891575068269,-72.94891575068269
1758.1800493049623,-72.95064760035383,-72.95064760035383
1758.1900493049623,-72.9523855790508,-72.9523855790508
1758.2000493049622,-72.95412972246828,-72.95412972246828
1758.2100493049622,-72.9558800653432,-72.9558800653432
1758.2200493049622,-72.95763664150375,-72.95763664150375
1758.2300493049622,-72.95939948383558,-72.95939948383558
1758.2400493049622,-72.96116862433355,-72.96116862433355
1758.2500493049622,-72.96294409407894,-72.96294409407894
1758.2600493049622,-72.96472592328386,-72.96472592328386
1758.2700493049622,-72.96651414129403,-72.96651414129403
1758.2800493049622,-72.96830877657919,-72.96830877657919
1758.2900493049622,-72.97010985678196,-72.97010985678196
1758.3000493049622,-72.97191740869977,-72.97191740869977
1758.3100493049621,-72.9737314583204,-72.9737314583204
1758.3200493049621,-72.97555203080131,-72.97555203080131
1758.3300493049621,-72.97737915052853,-72.97737915052853
1758.3400493049621,-72.97921284108351,-72.97921284108351
1758.350049304962,-72.9810531252762,-72.9810531252762
1758.360049304962,-72.98290002515026,-72.98290002515026
1758.370049304962,-72.9847535620059,-72.9847535620059
1758.380049304962,-72.98661375638483,-72.98661375638483
1758.390049304962,-72.98848062811618,-72.98848062811618
1758.400049304962,-72.99035419629871,-72.99035419629871
1758.410049304962,-72.99223447931736,-72.99223447931736
1758.420049304962,-72.99412149486031,-72.99412149486031
1758.4300493049623,-72.99601525994184,-72.99601525994184
1758.4400493049623,-72.99791579087436,-72.99791579087436
1758.4500493049622,-72.99982310332318,-72.99982310332318
1758.4600493049622,-73.00173721227497,-73.00173721227497
1758.4700493049622,-73.00365813208663,-73.00365813208663
1758.4800493049622,-73.00558587646277,-73.00558587646277
1758.4900493049622,-73.00752045848121,-73.00752045848121
1758.5000493049622,-73.00946189060515,-73.00946189060515
1758.5100493049622,-73.01141018468223,-73.01141018468223
1758.5200493049622,-73.01336535196043,-73.01336535196043
1758.5300493049622,-73.01532740310095,-73.01532740310095
1758.5400493049622,-73.01729634816425,-73.01729634816425
1758.5500493049622,-73.01927219666545,-73.01927219666545
1758.5600493049621,-73.02125495752964,-73.02125495752964
1758.5700493049621,-73.02324463913993,-73.02324463913993
1758.5800493049621,-73.0252412493266,-73.0252412493266
1758.5900493049621,-73.02724479537277,-73.02724479537277
1758.600049304962,-73.02925528404803,-73.02925528404803
1758.610049304962,-73.03127272158412,-73.03127272158412
1758.620049304962,-73.03329711369845,-73.03329711369845
1758.630049304962,-73.03532846561346,-73.03532846561346
1758.640049304962,-73.0373667820424,-73.0373667820424
1758.650049328804,-73.03941207208427,-73.03941207208427
1758.660049328804,-73.0414643297686,-73.0414643297686
1758.670049328804,-73.04352356319284,-73.04352356319284
1758.680049328804,-73.04558977516726,-73.04558977516726
1758.690049328804,-73.04766296802252,-73.04766296802252
1758.700049328804,-73.04974314365779,-73.04974314365779
1758.710049328804,-73.05182393303095,-73.05182393303095
1758.720049328804,-73.05390254702228,-73.05390254702228
1758.730049328804,-73.055977627312,-73.055977627312
1758.740049328804,-73.05804847765525,-73.05804847765525
1758.750049328804,-73.06011477053627,-73.06011477053627
1758.760049328804,-73.06217639482516,-73.06217639482516
1758.770049328804,-73.06423336648815,-73.06423336648815
1758.7800493288041,-73.06628577495134,-73.06628577495134
1758.7900493288041,-73.06833375084042,-73.06833375084042
1758.800049328804,-73.07037744662071,-73.07037744662071
1758.810049328804,-73.07241702505723,-73.07241702505723
1758.820049328804,-73.07445265244314,-73.07445265244314
1758.830049328804,-73.07648449471944,-73.07648449471944
1758.840049328804,-73.0785127153266,-73.0785127153266
1758.850049328804,-73.08053747415647,-73.08053747415647
1758.860049328804,-73.08255892710156,-73.08255892710156
1758.870049328804,-73.08457722600686,-73.08457722600686
1758.880049328804,-73.08659251880495,-73.08659251880495
1758.890049328804,-73.08860494976167,-73.08860494976167
1758.900049328804,-73.09061465974753,-73.09061465974753
1758.910049328804,-73.09262178655662,-73.09262178655662
1758.920049328804,-73.09462646518392,-73.09462646518392
1758.930049328804,-73.09662882805254,-73.09662882805254
1758.940049328804,-73.09862900529836,-73.09862900529836
1758.950049328804,-73.10062712492818,-73.10062712492818
1758.960049328804,-73.10262331302773,-73.10262331302773
1758.970049328804,-73.10461769389818,-73.10461769389818
1758.980049328804,-73.10661039018514,-73.10661039018514
1758.990049328804,-73.1086015229864,-73.1086015229864
1759.000049328804,-73.1105912119394,-73.1105912119394
1759.010049328804,-73.11257957530084,-73.11257957530084
1759.020049328804,-73.11456672999695,-73.11456672999695
1759.0300493288041,-73.11655279169253,-73.11655279169253
1759.0400493288041,-73.1185378748015,-73.1185378748015
1759.050049328804,-73.12052209254264,-73.12052209254264
1759.060049328804,-73.12250555695383,-73.12250555695383
1759.070049328804,-73.12448837891108,-73.12448837891108
1759.080049328804,-73.12647066814338,-73.12647066814338
1759.090049328804,-73.1284525332385,-73.1284525332385
1759.100049328804,-73.13043408167601,-73.13043408167601
1759.110049328804,-73.13241541977443,-73.13241541977443
1759.120049328804,-73.1343966527618,-73.1343966527618
1759.130049328804,-73.13637788472217,-73.13637788472217
1759.140049328804,-73.13835921862034,-73.13835921862034
1759.150049328804,-73.14034075630148,-73.14034075630148
1759.160049328804,-73.14232259847522,-73.14232259847522
1759.170049328804,-73.14430484472616,-73.14430484472616
1759.180049328804,-73.14628759349239,-73.14628759349239
1759.190049328804,-73.14827094208601,-73.14827094208601
1759.200049328804,-73.15025498667038,-73.15025498667038
1759.210049328804,-73.15223982226173,-73.15223982226173
1759.220049328804,-73.15422554272946,-73.15422554272946
1759.230049328804,-73.1562122407904,-73.1562122407904
1759.240049328804,-73.15820000800318,-73.15820000800318
1759.250049328804,-73.16018893477127,-73.16018893477127
1759.260049328804,-73.16217911033218,-73.16217911033218
1759.270049328804,-73.16417062276442,-73.16417062276442
1759.2800493288041,-73.1661635589843,-73.1661635589843
1759.2900493288041,-73.16815800474022,-73.16815800474022
1759.300049328804,-73.17015404461549,-73.17015404461549
1759.310049328804,-73.17215176203138,-73.17215176203138
1759.320049328804,-73.17415123923847,-73.17415123923847
1759.330049328804,-73.17615255732558,-73.17615255732558
1759.340049328804,-73.17815579622307,-73.17815579622307
1759.350049328804,-73.18016103469415,-73.18016103469415
1759.360049328804,-73.18216835033634,-73.18216835033634
1759.370049328804,-73.18417781960375,-73.18417781960375
1759.380049328804,-73.18618951779115,-73.18618951779115
1759.390049328804,-73.18820351903764,-73.18820351903764
1759.400049328804,-73.19021989634612,-73.19021989634612
1759.410049328804,-73.19223872157572,-73.19223872157572
1759.420049328804,-73.19426006543071,-73.19426006543071
1759.430049328804,-73.19628399749963,-73.19628399749963
1759.440049328804,-73.19831058624636,-73.19831058624636
1759.450049328804,-73.20033989900477,-73.20033989900477
1759.460049328804,-73.20237200198235,-73.20237200198235
1759.470049328804,-73.20440696030077,-73.20440696030077
1759.480049328804,-73.20644483795763,-73.20644483795763
1759.490049328804,-73.20848569786223,-73.20848569786223
1759.5000493526459,-73.21052960670258,-73.21052960670258
1759.5100493526459,-73.21257661548988,-73.21257661548988
1759.5200493526459,-73.21462678873168,-73.21462678873168
1759.5300493526458,-73.21668018502784,-73.21668018502784
1759.5400493526458,-73.21873686191057,-73.21873686191057
1759.5500493526458,-73.22079687586029,-73.22079687586029
1759.5600493526458,-73.22286028231034,-73.22286028231034
1759.5700493526458,-73.22492713567118,-73.22492713567118
1759.5800493526458,-73.22699748931831,-73.22699748931831
1759.5900493526458,-73.22907139559965,-73.22907139559965
1759.6000493526458,-73.23114890587802,-73.23114890587802
1759.6100493526458,-73.23323007049157,-73.23323007049157
1759.6200493526458,-73.23531493881015,-73.23531493881015
1759.630049352646,-73.23740355919749,-73.23740355919749
1759.640049352646,-73.23949597905612,-73.23949597905612
1759.650049352646,-73.2415922448356,-73.2415922448356
1759.660049352646,-73.24369240202572,-73.24369240202572
1759.670049352646,-73.24579649516932,-73.24579649516932
1759.680049352646,-73.24790456786766,-73.24790456786766
1759.690049352646,-73.25001666280862,-73.25001666280862
1759.700049352646,-73.2521328217549,-73.2521328217549
1759.710049352646,-73.25424669676643,-73.25424669676643
1759.720049352646,-73.25635552922235,-73.25635552922235
1759.730049352646,-73.25845799480325,-73.25845799480325
1759.7400493526459,-73.26055343267694,-73.26055343267694
1759.7500493526459,-73.26264155131257,-73.26264155131257
1759.7600493526459,-73.26472227576079,-73.26472227576079
1759.7700493526459,-73.26679565810294,-73.26679565810294
1759.7800493526458,-73.26886182371757,-73.26886182371757
1759.7900493526458,-73.27092093889226,-73.27092093889226
1759.8000493526458,-73.27297319144208,-73.27297319144208
1759.8100493526458,-73.27501877916383,-73.27501877916383
1759.8200493526458,-73.27705790299923,-73.27705790299923
1759.8300493526458,-73.27909076315949,-73.27909076315949
1759.8400493526458,-73.28111755699842,-73.28111755699842
1759.8500493526458,-73.28313847791961,-73.28313847791961
1759.8600493526458,-73.28515371497559,-73.28515371497559
1759.8700493526458,-73.28716345276443,-73.28716345276443
1759.880049352646,-73.28916787162098,-73.28916787162098
1759.890049352646,-73.2911671477975,-73.2911671477975
1759.900049352646,-73.29316145382359,-73.29316145382359
1759.910049352646,-73.29515095873754,-73.29515095873754
1759.920049352646,-73.29713582842561,-73.29713582842561
1759.930049352646,-73.29911622584406,-73.29911622584406
1759.940049352646,-73.30109231127007,-73.30109231127007
1759.950049352646,-73.30306424252011,-73.30306424252011
1759.960049352646,-73.30503217510571,-73.30503217510571
1759.970049352646,-73.30699626240182,-73.30699626240182
1759.980049352646,-73.3089566557748,-73.3089566557748
1759.9900493526459,-73.31091350468881,-73.31091350468881
1760.0000493526459,-73.31286695679898,-73.31286695679898
1760.0100493526459,-73.31481715803193,-73.31481715803193
1760.0200493526459,-73.31676425264767,-73.31676425264767
1760.0300493526458,-73.31870838328851,-73.31870838328851
1760.0400493526458,-73.32064969103347,-73.32064969103347
1760.0500493526458,-73.32258831541493,-73.32258831541493
1760.0600493526458,-73.32452439445785,-73.32452439445785
1760.0700493526458,-73.32645806468935,-73.32645806468935
1760.0800493526458,-73.3283894611799,-73.3283894611799
1760.0900493526458,-73.33031871753256,-73.33031871753256
1760.1000493526458,-73.33224596590968,-73.33224596590968
1760.1100493526458,-73.3341713370302,-73.3341713370302
1760.1200493526458,-73.33609496017459,-73.33609496017459
1760.130049352646,-73.33801696319956,-73.33801696319956
1760.140049352646,-73.33993747252144,-73.33993747252144
1760.150049352646,-73.34185661313835,-73.34185661313835
1760.160049352646,-73.34377450862283,-73.34377450862283
1760.170049352646,-73.34569128111818,-73.34569128111818
1760.180049352646,-73.347607051336,-73.347607051336
1760.190049352646,-73.34952193856961,-73.34952193856961
1760.200049352646,-73.35143606067251,-73.35143606067251
1760.210049352646,-73.35334313701316,-73.35334313701316
1760.220049352646,-73.35524048065767,-73.35524048065767
1760.230049352646,-73.35712684038724,-73.35712684038724
1760.2400493526459,-73.3590016287939,-73.3590016287939
1760.2500493526459,-73.3608646277153,-73.3608646277153
1760.2600493526459,-73.36271583531997,-73.36271583531997
1760.2700493526459,-73.36455537640032,-73.36455537640032
1760.2800493526458,-73.36638344856405,-73.36638344856405
1760.2900493526458,-73.3682002898044,-73.3682002898044
1760.3000493526458,-73.37000615908853,-73.37000615908853
1760.3100493526458,-73.37180132477069,-73.37180132477069
1760.3200493526458,-73.3735860577593,-73.3735860577593
1760.3300493526458,-73.37536062762697,-73.37536062762697
1760.3400493526458,-73.37712530044378,-73.37712530044378
1760.3500493764877,-73.37888034191633,-73.37888034191633
1760.3600493764877,-73.38062600015779,-73.38062600015779
1760.3700493764877,-73.38236253082599,-73.38236253082599
1760.3800493764877,-73.38409018041807,-73.38409018041807
1760.3900493764877,-73.38580919073186,-73.38580919073186
1760.4000493764877,-73.38751979915864,-73.38751979915864
1760.4100493764877,-73.38922223897683,-73.38922223897683
1760.4200493764877,-73.39091673963142,-73.39091673963142
1760.4300493764877,-73.39260352699623,-73.39260352699623
1760.4400493764877,-73.39428282359471,-73.39428282359471
1760.4500493764876,-73.3959548488175,-73.3959548488175
1760.4600493764876,-73.39761341884393,-73.39761341884393
1760.4700493764876,-73.39925594443378,-73.39925594443378
1760.4800493764878,-73.40088127172201,-73.40088127172201
1760.4900493764878,-73.4024889099228,-73.4024889099228
1760.5000493764878,-73.40407873669133,-73.40407873669133
1760.5100493764878,-73.40565084515943,-73.40565084515943
1760.5200493764878,-73.40720545429664,-73.40720545429664
1760.5300493764878,-73.40874285504059,-73.40874285504059
1760.5400493764878,-73.4102633779784,-73.4102633779784
1760.5500493764878,-73.41176737387428,-73.41176737387428
1760.5600493764878,-73.41325520213674,-73.41325520213674
1760.5700493764878,-73.41472722400567,-73.41472722400567
1760.5800493764878,-73.41618379867185,-73.41618379867185
1760.5900493764877,-73.41762528111384,-73.41762528111384
1760.6000493764877,-73.41905202105768,-73.41905202105768
1760.6100493764877,-73.42046436252176,-73.42046436252176
1760.6200493764877,-73.42186264377075,-73.42186264377075
1760.6300493764877,-73.42324719742315,-73.42324719742315
1760.6400493764877,-73.42461835071637,-73.42461835071637
1760.6500493764877,-73.42597642577721,-73.42597642577721
1760.6600493764877,-73.42732173993107,-73.42732173993107
1760.6700493764877,-73.42865460595478,-73.42865460595478
1760.6800493764877,-73.4299753323563,-73.4299753323563
1760.6900493764877,-73.43128422357994,-73.43128422357994
1760.7000493764876,-73.43258158023502,-73.43258158023502
1760.7100493764876,-73.43386769924767,-73.43386769924767
1760.7200493764876,-73.43514287401815,-73.43514287401815
1760.7300493764878,-73.43640739454086,-73.43640739454086
1760.7400493764878,-73.43766154752856,-73.43766154752856
1760.7500493764878,-73.43890561646865,-73.43890561646865
1760.7600493764878,-73.44013988172054,-73.44013988172054
1760.7700493764878,-73.44136462057516,-73.44136462057516
1760.7800493764878,-73.44258010728859,-73.44258010728859
1760.7900493764878,-73.44378661315407,-73.44378661315407
1760.8000493764878,-73.44498440649687,-73.44498440649687
1760.8100493764878,-73.44617375272219,-73.44617375272219
1760.8200493764878,-73.44735491434638,-73.44735491434638
1760.8300493764878,-73.4485281509856,-73.4485281509856
1760.8400493764877,-73.44969371940297,-73.44969371940297
1760.8500493764877,-73.450851873504,-73.450851873504
1760.8600493764877,-73.45200286434105,-73.45200286434105
1760.8700493764877,-73.45314694013902,-73.45314694013902
1760.8800493764877,-73.45428434627804,-73.45428434627804
1760.8900493764877,-73.45541532532754,-73.45541532532754
1760.9000493764877,-73.45654011702746,-73.45654011702746
1760.9100493764877,-73.457658958312,-73.457658958312
1760.9200493764877,-73.45877208330877,-73.45877208330877
1760.9300493764877,-73.45987972333067,-73.45987972333067
1760.9400493764877,-73.46098210690569,-73.46098210690569
1760.9500493764876,-73.46207945977363,-73.46207945977363
1760.9600493764876,-73.46317200487343,-73.46317200487343
1760.9700493764876,-73.46425996238476,-73.46425996238476
1760.9800493764878,-73.46534354972214,-73.46534354972214
1760.9900493764878,-73.46642298152418,-73.46642298152418
1761.0000493764878,-73.46749846967792,-73.46749846967792
1761.0100493764878,-73.46857022333971,-73.46857022333971
1761.0200493764878,-73.46963844892379,-73.46963844892379
1761.0300493764878,-73.47070335012566,-73.47070335012566
1761.0400493764878,-73.47176512793328,-73.47176512793328
1761.0500493764878,-73.47282398063282,-73.47282398063282
1761.0600493764878,-73.47388010382909,-73.47388010382909
1761.0700493764878,-73.47493369045469,-73.47493369045469
1761.0800493764878,-73.47598493078604,-73.47598493078604
1761.0900493764877,-73.47703401245057,-73.47703401245057
1761.1000493764877,-73.4780811204495,-73.4780811204495
1761.1100493764877,-73.47912643718038,-73.47912643718038
1761.1200493764877,-73.48017014243243,-73.48017014243243
1761.1300493764877,-73.4812124134299,-73.4812124134299
1761.1400493764877,-73.48225342481926,-73.48225342481926
1761.1500493764877,-73.48329334871306,-73.48329334871306
1761.1600493764877,-73.48433235469828,-73.48433235469828
1761.1700493764877,-73.48537060985265,-73.48537060985265
1761.1800493764877,-73.4864082787688,-73.4864082787688
1761.1900493764877,-73.48744552356911,-73.48744552356911
1761.2000494003296,-73.48848250639463,-73.48848250639463
1761.2100494003296,-73.48951937955765,-73.48951937955765
1761.2200494003296,-73.49055630035423,-73.49055630035423
1761.2300494003296,-73.49159342123811,-73.49159342123811
1761.2400494003296,-73.49263089228758,-73.49263089228758
1761.2500494003295,-73.49366886124281,-73.49366886124281
1761.2600494003295,-73.49470747350999,-73.49470747350999
1761.2700494003295,-73.49574687220928,-73.49574687220928
1761.2800494003295,-73.49678719816099,-73.49678719816099
1761.2900494003295,-73.49782858993693,-73.49782858993693
1761.3000494003295,-73.49887118386427,-73.49887118386427
1761.3100494003295,-73.49991511407092,-73.49991511407092
1761.3200494003295,-73.50096051247075,-73.50096051247075
1761.3300494003297,-73.50200750881939,-73.50200750881939
1761.3400494003297,-73.50305623072772,-73.50305623072772
1761.3500494003297,-73.50410680367116,-73.50410680367116
1761.3600494003297,-73.5051593510319,-73.5051593510319
1761.3700494003297,-73.50621399410663,-73.50621399410663
1761.3800494003297,-73.50727085213582,-73.50727085213582
1761.3900494003296,-73.50833004232209,-73.50833004232209
1761.4000494003296,-73.50939167986603,-73.50939167986603
1761.4100494003296,-73.51045587795647,-73.51045587795647
1761.4200494003296,-73.51152274784322,-73.51152274784322
1761.4300494003296,-73.51259239880491,-73.51259239880491
1761.4400494003296,-73.51366493821308,-73.51366493821308
1761.4500494003296,-73.51474047153359,-73.51474047153359
1761.4600494003296,-73.51581910235187,-73.51581910235187
1761.4700494003296,-73.51690093240323,-73.51690093240323
1761.4800494003296,-73.51798606159221,-73.51798606159221
1761.4900494003296,-73.51907458800417,-73.51907458800417
1761.5000494003295,-73.52016660793396,-73.52016660793396
1761.5100494003295,-73.52126221591783,-73.52126221591783
1761.5200494003295,-73.52236150473324,-73.52236150473324
1761.5300494003295,-73.52346456544491,-73.52346456544491
1761.5400494003295,-73.52457148741175,-73.52457148741175
1761.5500494003295,-73.52568235830874,-73.52568235830874
1761.5600494003295,-73.52679726414888,-73.52679726414888
1761.5700494003295,-73.52791628931043,-73.52791628931043
1761.5800494003297,-73.5290395165459,-73.5290395165459
1761.5900494003297,-73.53016702701674,-73.53016702701674
1761.6000494003297,-73.53129890029663,-73.53129890029663
1761.6100494003297,-73.53243521442575,-73.53243521442575
1761.6200494003297,-73.53357604588065,-73.53357604588065
1761.6300494003297,-73.53472146963952,-73.53472146963952
1761.6400494003296,-73.53587155916871,-73.53587155916871
1761.6500494003296,-73.5370263864797,-73.5370263864797
1761.6600494003296,-73.53818602210796,-73.53818602210796
1761.6700494003296,-73.53935053515768,-73.53935053515768
1761.6800494003296,-73.54051999331709,-73.54051999331709
1761.6900494003296,-73.54169446287202,-73.54169446287202
1761.7000494003296,-73.54287400872968,-73.54287400872968
1761.7100494003296,-73.54405869443042,-73.54405869443042
1761.7200494003296,-73.54524858217778,-73.54524858217778
1761.7300494003296,-73.54644373285204,-73.54644373285204
1761.7400494003296,-73.54764420601835,-73.54764420601835
1761.7500494003295,-73.54885005996258,-73.54885005996258
1761.7600494003295,-73.55006135168479,-73.55006135168479
1761.7700494003295,-73.55127813695167,-73.55127813695167
1761.7800494003295,-73.55250047027442,-73.55250047027442
1761.7900494003295,-73.55372840496318,-73.55372840496318
1761.8000494003295,-73.55496199311837,-73.55496199311837
1761.8100494003295,-73.5562012856561,-73.5562012856561
1761.8200494003295,-73.55744633231667,-73.55744633231667
1761.8300494003297,-73.55869718169423,-73.55869718169423
1761.8400494003297,-73.55995388125339,-73.55995388125339
1761.8500494003297,-73.56121647732954,-73.56121647732954
1761.8600494003297,-73.5624850151697,-73.5624850151697
1761.8700494003297,-73.5637595389182,-73.5637595389182
1761.8800494003297,-73.565040091655,-73.565040091655
1761.8900494003296,-73.56632671539806,-73.56632671539806
1761.9000494003296,-73.5676194511266,-73.5676194511266
1761.9100494003296,-73.56891833879298,-73.56891833879298
1761.9200494003296,-73.57022341733263,-73.57022341733263
1761.9300494003296,-73.57153472469933,-73.57153472469933
1761.9400494003296,-73.5728522978447,-73.5728522978447
1761.9500494003296,-73.57417617277228,-73.57417617277228
1761.9600494003296,-73.57549996931884,-73.57549996931884
1761.9700494003296,-73.57682091291524,-73.57682091291524
1761.9800494003296,-73.57813766969909,-73.57813766969909
1761.9900494003296,-73.57944957214477,-73.57944957214477
1762.0000494003295,-73.5807563236257,-73.5807563236257
1762.0100494003295,-73.58205784495316,-73.58205784495316
1762.0200494003295,-73.58335418444416,-73.58335418444416
1762.0300494003295,-73.58464546388197,-73.58464546388197
1762.0400494003295,-73.58593184601536,-73.58593184601536
1762.0500494241714,-73.58721351814063,-73.58721351814063
1762.0600494241714,-73.58849066823915,-73.58849066823915
1762.0700494241714,-73.5897634965383,-73.5897634965383
1762.0800494241714,-73.59103219931377,-73.59103219931377
1762.0900494241714,-73.59229696985581,-73.59229696985581
1762.1000494241714,-73.59355799739436,-73.59355799739436
1762.1100494241714,-73.59481546665035,-73.59481546665035
1762.1200494241714,-73.5960695578093,-73.5960695578093
1762.1300494241714,-73.59732044665606,-73.59732044665606
1762.1400494241714,-73.59856830483675,-73.59856830483675
1762.1500494241714,-73.59981330014007,-73.59981330014007
1762.1600494241713,-73.60105559682795,-73.60105559682795
1762.1700494241713,-73.60229535589636,-73.60229535589636
1762.1800494241716,-73.60353273537574,-73.60353273537574
1762.1900494241715,-73.60476789054927,-73.60476789054927
1762.2000494241715,-73.6060009741745,-73.6060009741745
1762.2100494241715,-73.60722571893484,-73.60722571893484
1762.2200494241715,-73.60843946347939,-73.60843946347939
1762.2300494241715,-73.60964098669051,-73.60964098669051
1762.2400494241715,-73.61082973309733,-73.61082973309733
1762.2500494241715,-73.61200551734841,-73.61200551734841
1762.2600494241715,-73.61316837079964,-73.61316837079964
1762.2700494241715,-73.61431845156602,-73.61431845156602
1762.2800494241715,-73.61545599051536,-73.61545599051536
1762.2900494241715,-73.61658125879516,-73.61658125879516
1762.3000494241714,-73.61769454835255,-73.61769454835255
1762.3100494241714,-73.6187961603365,-73.6187961603365
1762.3200494241714,-73.61988639827214,-73.61988639827214
1762.3300494241714,-73.62096556415968,-73.62096556415968
1762.3400494241714,-73.62203395634434,-73.62203395634434
1762.3500494241714,-73.62309186844737,-73.62309186844737
1762.3600494241714,-73.62413958891608,-73.62413958891608
1762.3700494241714,-73.62517740100112,-73.62517740100112
1762.3800494241714,-73.62620558284905,-73.62620558284905
1762.3900494241714,-73.62722440778607,-73.62722440778607
1762.4000494241714,-73.62823414458512,-73.62823414458512
1762.4100494241713,-73.62923505776136,-73.62923505776136
1762.4200494241713,-73.63022740787028,-73.63022740787028
1762.4300494241716,-73.63121145174739,-73.63121145174739
1762.4400494241715,-73.63218744273173,-73.63218744273173
1762.4500494241715,-73.63315563090237,-73.63315563090237
1762.4600494241715,-73.63411626321414,-73.63411626321414
1762.4700494241715,-73.63506958367338,-73.63506958367338
1762.4800494241715,-73.6360158334299,-73.6360158334299
1762.4900494241715,-73.636955250929,-73.636955250929
1762.5000494241715,-73.63788807193674,-73.63788807193674
1762.5100494241715,-73.6388145296785,-73.6388145296785
1762.5200494241715,-73.63973485485845,-73.63973485485845
1762.5300494241715,-73.64064927570259,-73.64064927570259
1762.5400494241715,-73.64155801800798,-73.64155801800798
1762.5500494241714,-73.64246130517685,-73.64246130517685
1762.5600494241714,-73.64335935823772,-73.64335935823772
1762.5700494241714,-73.64425239586137,-73.64425239586137
1762.5800494241714,-73.6451406343737,-73.6451406343737
1762.5900494241714,-73.64602428776945,-73.64602428776945
1762.6000494241714,-73.64690356772623,-73.64690356772623
1762.6100494241714,-73.64777868359256,-73.64777868359256
1762.6200494241714,-73.64864984240437,-73.64864984240437
1762.6300494241714,-73.649517248894,-73.649517248894
1762.6400494241714,-73.65038110548034,-73.65038110548034
1762.6500494241714,-73.6512416122637,-73.6512416122637
1762.6600494241713,-73.65209896705427,-73.65209896705427
1762.6700494241713,-73.65295336534668,-73.65295336534668
1762.6800494241716,-73.65380500033704,-73.65380500033704
1762.6900494241715,-73.65465406290703,-73.65465406290703
1762.7000494241715,-73.6555007416357,-73.6555007416357
1762.7100494241715,-73.65634522280533,-73.65634522280533
1762.7200494241715,-73.65718769040365,-73.65718769040365
1762.7300494241715,-73.65802832610936,-73.65802832610936
1762.7400494241715,-73.65886730931865,-73.65886730931865
1762.7500494241715,-73.65970481713205,-73.65970481713205
1762.7600494241715,-73.66054102437025,-73.66054102437025
1762.7700494241715,-73.66137610357089,-73.66137610357089
1762.7800494241715,-73.66221022499866,-73.66221022499866
1762.7900494241715,-73.66304355664262,-73.66304355664262
1762.8000494241714,-73.6638762642501,-73.6638762642501
1762.8100494241714,-73.66470851130585,-73.66470851130585
1762.8200494241714,-73.66554045905794,-73.66554045905794
1762.8300494241714,-73.66637226650458,-73.66637226650458
1762.8400494241714,-73.66720409043579,-73.66720409043579
1762.8500494241714,-73.66803608541561,-73.66803608541561
1762.8600494241714,-73.66886840381459,-73.66886840381459
1762.8700494241714,-73.66970119580715,-73.66970119580715
1762.8800494241714,-73.67053460937721,-73.67053460937721
1762.8900494241714,-73.67136879035341,-73.67136879035341
1762.9000494480133,-73.67220388439513,-73.67220388439513
1762.9100494480133,-73.67304002906212,-73.67304002906212
1762.9200494480133,-73.67387736573421,-73.67387736573421
1762.9300494480133,-73.6747160317065,-73.6747160317065
1762.9400494480133,-73.67555616216649,-73.67555616216649
1762.9500494480133,-73.67639789022523,-73.67639789022523
1762.9600494480133,-73.67724134692152,-73.67724134692152
1762.9700494480132,-73.67808666124124,-73.67808666124124
1762.9800494480132,-73.67893396013687,-73.67893396013687
1762.9900494480132,-73.67978336855063,-73.67978336855063
1763.0000494480132,-73.68063500940364,-73.68063500940364
1763.0100494480132,-73.68148900364174,-73.68148900364174
1763.0200494480132,-73.68234547024038,-73.68234547024038
1763.0300494480134,-73.68320452622783,-73.68320452622783
1763.0400494480134,-73.6840662866921,-73.6840662866921
1763.0500494480134,-73.68493086480979,-73.68493086480979
1763.0600494480134,-73.68579837185614,-73.68579837185614
1763.0700494480134,-73.68666891723369,-73.68666891723369
1763.0800494480134,-73.68754260848097,-73.68754260848097
1763.0900494480134,-73.68841955128684,-73.68841955128684
1763.1000494480134,-73.68929984951735,-73.68929984951735
1763.1100494480133,-73.69018360523793,-73.69018360523793
1763.1200494480133,-73.6910709187217,-73.6910709187217
1763.1300494480133,-73.6919618884697,-73.6919618884697
1763.1400494480133,-73.69285661123399,-73.69285661123399
1763.1500494480133,-73.6937551820427,-73.6937551820427
1763.1600494480133,-73.69465769420184,-73.69465769420184
1763.1700494480133,-73.69556423933334,-73.69556423933334
1763.1800494480133,-73.69647490736999,-73.69647490736999
1763.1900494480133,-73.6973897865902,-73.6973897865902
1763.2000494480133,-73.69830896364832,-73.69830896364832
1763.2100494480133,-73.69923252356554,-73.69923252356554
1763.2200494480132,-73.7001605497689,-73.7001605497689
1763.2300494480132,-73.70109312410352,-73.70109312410352
1763.2400494480132,-73.7020303268413,-73.7020303268413
1763.2500494480132,-73.70297223672246,-73.70297223672246
1763.2600494480132,-73.703918930957,-73.703918930957
1763.2700494480132,-73.70487048524227,-73.70487048524227
1763.2800494480134,-73.7058269737847,-73.7058269737847
1763.2900494480134,-73.70678846932773,-73.70678846932773
1763.3000494480134,-73.70775504315483,-73.70775504315483
1763.3100494480134,-73.70872676512002,-73.70872676512002
1763.3200494480134,-73.7097037036485,-73.7097037036485
1763.3300494480134,-73.71068592577802,-73.71068592577802
1763.3400494480134,-73.7116734971558,-73.7116734971558
1763.3500494480134,-73.71266648206456,-73.71266648206456
1763.3600494480133,-73.71366494345004,-73.71366494345004
1763.3700494480133,-73.71466894291906,-73.71466894291906
1763.3800494480133,-73.715678540765,-73.715678540765
1763.3900494480133,-73.71669379599497,-73.71669379599497
1763.4000494480133,-73.71771476633128,-73.71771476633128
1763.4100494480133,-73.71874150823363,-73.71874150823363
1763.4200494480133,-73.7197740769199,-73.7197740769199
1763.4300494480133,-73.72081252637871,-73.72081252637871
1763.4400494480133,-73.72185690938846,-73.72185690938846
1763.4500494480133,-73.72290727752257,-73.72290727752257
1763.4600494480133,-73.72396368119306,-73.72396368119306
1763.4700494480132,-73.72502616963106,-73.72502616963106
1763.4800494480132,-73.72609479092591,-73.72609479092591
1763.4900494480132,-73.72716959204719,-73.72716959204719
1763.5000494480132,-73.72825061882273,-73.72825061882273
1763.5100494480132,-73.72933791600188,-73.72933791600188
1763.5200494480132,-73.73043152722981,-73.73043152722981
1763.5300494480134,-73.73153149509781,-73.73153149509781
1763.5400494480134,-73.73263786113505,-73.73263786113505
1763.5500494480134,-73.73375066582479,-73.73375066582479
1763.5600494480134,-73.7348699486194,-73.7348699486194
1763.5700494480134,-73.73599574797363,-73.73599574797363
1763.5800494480134,-73.73712810133655,-73.73712810133655
1763.5900494480134,-73.73826704516941,-73.73826704516941
1763.6000494480134,-73.73941261497136,-73.73941261497136
1763.6100494480133,-73.7405648452823,-73.7405648452823
1763.6200494480133,-73.74172376970006,-73.74172376970006
1763.6300494480133,-73.74288942089063,-73.74288942089063
1763.6400494480133,-73.74406183060724,-73.74406183060724
1763.6500494480133,-73.74524102969863,-73.74524102969863
1763.6600494480133,-73.74642704812987,-73.74642704812987
1763.6700494480133,-73.74761991498848,-73.74761991498848
1763.6800494480133,-73.74881965849664,-73.74881965849664
1763.6900494480133,-73.75002630601512,-73.75002630601512
1763.7000494480133,-73.7512398840842,-73.7512398840842
1763.7100494480133,-73.75246041840228,-73.75246041840228
1763.7200494480132,-73.75368793386444,-73.75368793386444
1763.7300494480132,-73.75492245456385,-73.75492245456385
1763.7400494480132,-73.75616400379639,-73.75616400379639
1763.7500494718552,-73.75741260705888,-73.75741260705888
1763.7600494718552,-73.75866828018147,-73.75866828018147
1763.7700494718551,-73.75993104710153,-73.75993104710153
1763.7800494718551,-73.76120092808043,-73.76120092808043
1763.7900494718551,-73.76247794263229,-73.76247794263229
1763.8000494718551,-73.76376210956487,-73.76376210956487
1763.810049471855,-73.76505344696268,-73.76505344696268
1763.820049471855,-73.76635197220527,-73.76635197220527
1763.830049471855,-73.76765770199759,-73.76765770199759
1763.840049471855,-73.76897065235741,-73.76897065235741
1763.850049471855,-73.7702908386291,-73.7702908386291
1763.860049471855,-73.77161827549749,-73.77161827549749
1763.870049471855,-73.77295297699793,-73.77295297699793
1763.8800494718553,-73.77429495653507,-73.77429495653507
1763.8900494718553,-73.77564422688225,-73.77564422688225
1763.9000494718553,-73.77700080018388,-73.77700080018388
1763.9100494718552,-73.77836468798702,-73.77836468798702
1763.9200494718552,-73.77973590122382,-73.77973590122382
1763.9300494718552,-73.78111445023809,-73.78111445023809
1763.9400494718552,-73.78250034480132,-73.78250034480132
1763.9500494718552,-73.78389359410862,-73.78389359410862
1763.9600494718552,-73.78529420678444,-73.78529420678444
1763.9700494718552,-73.78670219089214,-73.78670219089214
1763.9800494718552,-73.78811755396391,-73.78811755396391
1763.9900494718552,-73.78954030297957,-73.78954030297957
1764.0000494718552,-73.79097044439466,-73.79097044439466
1764.0100494718552,-73.79240798414683,-73.79240798414683
1764.0200494718551,-73.79385292764904,-73.79385292764904
1764.0300494718551,-73.79530527981908,-73.79530527981908
1764.0400494718551,-73.79676504507121,-73.79676504507121
1764.0500494718551,-73.79823222733393,-73.79823222733393
1764.060049471855,-73.79970683005664,-73.79970683005664
1764.070049471855,-73.80118885619517,-73.80118885619517
1764.080049471855,-73.80267830826041,-73.80267830826041
1764.090049471855,-73.80417518830265,-73.80417518830265
1764.100049471855,-73.80567949790569,-73.80567949790569
1764.110049471855,-73.80719123821831,-73.80719123821831
1764.120049471855,-73.8087104099564,-73.8087104099564
1764.1300494718553,-73.81023701338673,-73.81023701338673
1764.1400494718553,-73.81177104837576,-73.81177104837576
1764.1500494718553,-73.81331251435616,-73.81331251435616
1764.1600494718552,-73.8148614103574,-73.8148614103574
1764.1700494718552,-73.81641773501114,-73.81641773501114
1764.1800494718552,-73.81798148654103,-73.81798148654103
1764.1900494718552,-73.81955266277907,-73.81955266277907
1764.2000494718552,-73.8211312611872,-73.8211312611872
1764.2100494718552,-73.82271727884165,-73.82271727884165
1764.2200494718552,-73.82431071243693,-73.82431071243693
1764.2300494718552,-73.82591155832127,-73.82591155832127
1764.2400494718552,-73.82751981247857,-73.82751981247857
1764.2500494718552,-73.82913547052887,-73.82913547052887
1764.2600494718552,-73.83075852775444,-73.83075852775444
1764.2700494718551,-73.8323889790875,-73.8323889790875
1764.2800494718551,-73.83402681913189,-73.83402681913189
1764.2900494718551,-73.83567204216625,-73.83567204216625
1764.3000494718551,-73.83732464212909,-73.83732464212909
1764.310049471855,-73.83898461265316,-73.83898461265316
1764.320049471855,-73.84065194704284,-73.84065194704284
1764.330049471855,-73.8423266383114,-73.8423266383114
1764.340049471855,-73.84400867915019,-73.84400867915019
1764.350049471855,-73.8456980619743,-73.8456980619743
1764.360049471855,-73.84739477888192,-73.84739477888192
1764.370049471855,-73.84909882169435,-73.84909882169435
1764.3800494718553,-73.85081018195248,-73.85081018195248
1764.3900494718553,-73.85252885091802,-73.85252885091802
1764.4000494718553,-73.85425481957253,-73.85425481957253
1764.4100494718552,-73.85598807863255,-73.85598807863255
1764.4200494718552,-73.85772861855298,-73.85772861855298
1764.4300494718552,-73.85947642952449,-73.85947642952449
1764.4400494718552,-73.86123150148809,-73.86123150148809
1764.4500494718552,-73.86299382413176,-73.86299382413176
1764.4600494718552,-73.86476338689035,-73.86476338689035
1764.4700494718552,-73.86654017896909,-73.86654017896909
1764.4800494718552,-73.8683241893282,-73.8683241893282
1764.4900494718552,-73.87011540668792,-73.87011540668792
1764.5000494718552,-73.87191381955901,-73.87191381955901
1764.5100494718552,-73.87371941620795,-73.87371941620795
1764.5200494718551,-73.8755321846963,-73.8755321846963
1764.5300494718551,-73.87735211285086,-73.87735211285086
1764.5400494718551,-73.87917918829869,-73.87917918829869
1764.5500494718551,-73.88101339845717,-73.88101339845717
1764.560049471855,-73.88285473053173,-73.88285473053173
1764.570049471855,-73.88470317153504,-73.88470317153504
1764.580049471855,-73.88655870826614,-73.88655870826614
1764.590049471855,-73.88842132734509,-73.88842132734509
1764.600049495697,-73.89029101964745,-73.89029101964745
1764.610049495697,-73.89216776253748,-73.89216776253748
1764.620049495697,-73.89405154648357,-73.89405154648357
1764.630049495697,-73.8959423573634,-73.8959423573634
1764.640049495697,-73.89784018087482,-73.89784018087482
1764.650049495697,-73.89974500254095,-73.89974500254095
1764.660049495697,-73.90165286430029,-73.90165286430029
1764.670049495697,-73.90355786322816,-73.90355786322816
1764.680049495697,-73.90545397753915,-73.90545397753915
1764.690049495697,-73.90733575314698,-73.90733575314698
1764.700049495697,-73.90919841872632,-73.90919841872632
1764.710049495697,-73.91103782205506,-73.91103782205506
1764.720049495697,-73.91285033631718,-73.91285033631718
1764.7300494956971,-73.91463277695517,-73.91463277695517
1764.7400494956971,-73.91638233507689,-73.91638233507689
1764.750049495697,-73.91809652477473,-73.91809652477473
1764.760049495697,-73.9197731409716,-73.9197731409716
1764.770049495697,-73.92141022499067,-73.92141022499067
1764.780049495697,-73.92300603596465,-73.92300603596465
1764.790049495697,-73.92455902672388,-73.92455902672388
1764.800049495697,-73.9260678232751,-73.9260678232751
1764.810049495697,-73.92753120722345,-73.92753120722345
1764.820049495697,-73.92894810052407,-73.92894810052407
1764.830049495697,-73.93031755230798,-73.93031755230798
1764.840049495697,-73.93163872731567,-73.93163872731567
1764.850049495697,-73.93291089583192,-73.93291089583192
1764.860049495697,-73.93413342475448,-73.93413342475448
1764.870049495697,-73.93530576973797,-73.93530576973797
1764.880049495697,-73.93642746816363,-73.93642746816363
1764.890049495697,-73.9374981329016,-73.9374981329016
1764.900049495697,-73.93851744667901,-73.93851744667901
1764.910049495697,-73.93948515702355,-73.93948515702355
1764.920049495697,-73.94040107165281,-73.94040107165281
1764.930049495697,-73.94126505432774,-73.94126505432774
1764.940049495697,-73.9420770210045,-73.9420770210045
1764.950049495697,-73.94283693636233,-73.94283693636233
1764.960049495697,-73.94354481055097,-73.94354481055097
1764.970049495697,-73.94420069624022,-73.94420069624022
1764.9800494956971,-73.94480468584507,-73.94480468584507
1764.9900494956971,-73.94535690896916,-73.94535690896916
1765.000049495697,-73.9458575299881,-73.9458575299881
1765.010049495697,-73.9463067458699,-73.9463067458699
1765.020049495697,-73.94670478402408,-73.94670478402408
1765.030049495697,-73.9470519003762,-73.9470519003762
1765.040049495697,-73.94734837752613,-73.94734837752613
1765.050049495697,-73.94759452300126,-73.94759452300126
1765.060049495697,-73.94779066763647,-73.94779066763647
1765.070049495697,-73.94793716402566,-73.94793716402566
1765.080049495697,-73.94803438507196,-73.94803438507196
1765.090049495697,-73.9480827226158,-73.9480827226158
1765.100049495697,-73.94808258614948,-73.94808258614948
1765.110049495697,-73.94803440155397,-73.94803440155397
1765.120049495697,-73.94793860997345,-73.94793860997345
1765.130049495697,-73.94779566669193,-73.94779566669193
1765.140049495697,-73.94760604009943,-73.94760604009943
1765.150049495697,-73.94737021069554,-73.94737021069554
1765.160049495697,-73.94708867015693,-73.94708867015693
1765.170049495697,-73.9467619204498,-73.9467619204498
1765.180049495697,-73.94639047298858,-73.94639047298858
1765.190049495697,-73.94597484782427,-73.94597484782427
1765.200049495697,-73.94551557289634,-73.94551557289634
1765.210049495697,-73.94501318331592,-73.94501318331592
1765.220049495697,-73.94446822067289,-73.94446822067289
1765.2300494956971,-73.94388123239435,-73.94388123239435
1765.2400494956971,-73.94325277112516,-73.94325277112516
1765.250049495697,-73.94258339416393,-73.94258339416393
1765.260049495697,-73.94187366288901,-73.94187366288901
1765.270049495697,-73.94112414224313,-73.94112414224313
1765.280049495697,-73.9403354002336,-73.9403354002336
1765.290049495697,-73.93950800746944,-73.93950800746944
1765.300049495697,-73.93864253670814,-73.93864253670814
1765.310049495697,-73.93773956243503,-73.93773956243503
1765.320049495697,-73.93679966046713,-73.93679966046713
1765.330049495697,-73.93582340754668,-73.93582340754668
1765.340049495697,-73.93481138103253,-73.93481138103253
1765.350049495697,-73.93376415851874,-73.93376415851874
1765.360049495697,-73.93268231751705,-73.93268231751705
1765.370049495697,-73.9315664351739,-73.9315664351739
1765.380049495697,-73.93041708796066,-73.93041708796066
1765.390049495697,-73.92923485141237,-73.92923485141237
1765.400049495697,-73.92802029986875,-73.92802029986875
1765.410049495697,-73.92677400623234,-73.92677400623234
1765.420049495697,-73.92549654172977,-73.92549654172977
1765.430049495697,-73.92418847570505,-73.92418847570505
1765.440049495697,-73.92285037541721,-73.92285037541721
1765.4500495195389,-73.92148280258007,-73.92148280258007
1765.4600495195389,-73.92008632616064,-73.92008632616064
1765.4700495195389,-73.91866150283626,-73.91866150283626
1765.4800495195389,-73.91720888970565,-73.91720888970565
1765.4900495195388,-73.91572904090933,-73.91572904090933
1765.5000495195388,-73.91422250750188,-73.91422250750188
1765.5100495195388,-73.91268983733652,-73.91268983733652
1765.5200495195388,-73.9111315749148,-73.9111315749148
1765.5300495195388,-73.90954826127626,-73.90954826127626
1765.5400495195388,-73.90794043391132,-73.90794043391132
1765.5500495195388,-73.90630862662876,-73.90630862662876
1765.5600495195388,-73.90465336948742,-73.90465336948742
1765.5700495195388,-73.90297518869485,-73.90297518869485
1765.580049519539,-73.9012746065261,-73.9012746065261
1765.590049519539,-73.89955214126245,-73.89955214126245
1765.600049519539,-73.89780830710586,-73.89780830710586
1765.610049519539,-73.89604361411772,-73.89604361411772
1765.620049519539,-73.89425856816749,-73.89425856816749
1765.630049519539,-73.89245367087631,-73.89245367087631
1765.640049519539,-73.89062941956202,-73.89062941956202
1765.650049519539,-73.88878630720417,-73.88878630720417
1765.660049519539,-73.88692482238858,-73.88692482238858
1765.670049519539,-73.88504544929363,-73.88504544929363
1765.680049519539,-73.88314866763379,-73.88314866763379
1765.690049519539,-73.88123495264351,-73.88123495264351
1765.7000495195389,-73.8793047750573,-73.8793047750573
1765.7100495195389,-73.87735860107348,-73.87735860107348
1765.7200495195389,-73.87539689234643,-73.87539689234643
1765.7300495195389,-73.87342010596107,-73.87342010596107
1765.7400495195388,-73.87142869443329,-73.87142869443329
1765.7500495195388,-73.86942310569097,-73.86942310569097
1765.7600495195388,-73.86740378307226,-73.86740378307226
1765.7700495195388,-73.86537116530558,-73.86537116530558
1765.7800495195388,-73.863325686528,-73.863325686528
1765.7900495195388,-73.86126777627572,-73.86126777627572
1765.8000495195388,-73.8591978594821,-73.8591978594821
1765.8100495195388,-73.85711635647687,-73.85711635647687
1765.8200495195388,-73.85502368300482,-73.85502368300482
1765.830049519539,-73.8529202502361,-73.8529202502361
1765.840049519539,-73.85080646475679,-73.85080646475679
1765.850049519539,-73.84868272859998,-73.84868272859998
1765.860049519539,-73.84654943924264,-73.84654943924264
1765.870049519539,-73.84440698962545,-73.84440698962545
1765.880049519539,-73.84225576816051,-73.84225576816051
1765.890049519539,-73.84009615877014,-73.84009615877014
1765.900049519539,-73.83792854087915,-73.83792854087915
1765.910049519539,-73.83575328944609,-73.83575328944609
1765.920049519539,-73.83357077498405,-73.83357077498405
1765.930049519539,-73.83138136358237,-73.83138136358237
1765.940049519539,-73.82918541692041,-73.82918541692041
1765.9500495195389,-73.82698329228653,-73.82698329228653
1765.9600495195389,-73.82477534263457,-73.82477534263457
1765.9700495195389,-73.82256191656784,-73.82256191656784
1765.9800495195389,-73.82034335838858,-73.82034335838858
1765.9900495195388,-73.81812000811496,-73.81812000811496
1766.0000495195388,-73.8158922014998,-73.8158922014998
1766.0100495195388,-73.8136602700847,-73.8136602700847
1766.0200495195388,-73.8114245412129,-73.8114245412129
1766.0300495195388,-73.8091853380477,-73.8091853380477
1766.0400495195388,-73.80694297961598,-73.80694297961598
1766.0500495195388,-73.80469778082951,-73.80469778082951
1766.0600495195388,-73.80245005251001,-73.80245005251001
1766.0700495195388,-73.80020010144236,-73.80020010144236
1766.080049519539,-73.79794823038465,-73.79794823038465
1766.090049519539,-73.79569473809555,-73.79569473809555
1766.100049519539,-73.79343991939199,-73.79343991939199
1766.110049519539,-73.79118406515316,-73.79118406515316
1766.120049519539,-73.78892746235927,-73.78892746235927
1766.130049519539,-73.78667039413884,-73.78667039413884
1766.140049519539,-73.78441313977854,-73.78441313977854
1766.150049519539,-73.7821559747689,-73.7821559747689
1766.160049519539,-73.7798991708407,-73.7798991708407
1766.170049519539,-73.77764299597916,-73.77764299597916
1766.180049519539,-73.77538771448921,-73.77538771448921
1766.190049519539,-73.77313358698602,-73.77313358698602
1766.2000495195389,-73.77088087046191,-73.77088087046191
1766.2100495195389,-73.76862338104243,-73.76862338104243
1766.2200495195389,-73.76635854855199,-73.76635854855199
1766.2300495195389,-73.76408524756675,-73.76408524756675
1766.2400495195388,-73.76180302090373,-73.76180302090373
1766.2500495195388,-73.75951178281957,-73.75951178281957
1766.2600495195388,-73.75721166455588,-73.75721166455588
1766.2700495195388,-73.75490292365498,-73.75490292365498
1766.2800495195388,-73.75258588943116,-73.75258588943116
1766.2900495195388,-73.75026093009575,-73.75026093009575
1766.3000495433807,-73.74792842746521,-73.74792842746521
1766.3100495433807,-73.74558878742505,-73.74558878742505
1766.3200495433807,-73.74324239972424,-73.74324239972424
1766.3300495433807,-73.74088965617625,-73.74088965617625
1766.3400495433807,-73.73853094296534,-73.73853094296534
1766.3500495433807,-73.73616663959817,-73.73616663959817
1766.3600495433807,-73.73379711847886,-73.73379711847886
1766.3700495433807,-73.73142274487536,-73.73142274487536
1766.3800495433807,-73.72904387708328,-73.72904387708328
1766.3900495433807,-73.72666086673325,-73.72666086673325
1766.4000495433806,-73.72427405909825,-73.72427405909825
1766.4100495433806,-73.72188379344968,-73.72188379344968
1766.4200495433806,-73.71949040334852,-73.71949040334852
1766.4300495433808,-73.71709421698031,-73.71709421698031
1766.4400495433808,-73.71469555741344,-73.71469555741344
1766.4500495433808,-73.71229474282867,-73.71229474282867
1766.4600495433808,-73.70989208675658,-73.70989208675658
1766.4700495433808,-73.707487898243,-73.707487898243
1766.4800495433808,-73.70508248203048,-73.70508248203048
1766.4900495433808,-73.70267613868351,-73.70267613868351
1766.5000495433808,-73.70026916472618,-73.70026916472618
1766.5100495433808,-73.69786185273018,-73.69786185273018
1766.5200495433808,-73.69545449142834,-73.69545449142834
1766.5300495433808,-73.69304736576261,-73.69304736576261
1766.5400495433807,-73.6906407570013,-73.6906407570013
1766.5500495433807,-73.68823494273474,-73.68823494273474
1766.5600495433807,-73.68583019699861,-73.68583019699861
1766.5700495433807,-73.6834267902771,-73.6834267902771
1766.5800495433807,-73.68102498955105,-73.68102498955105
1766.5900495433807,-73.67862505834327,-73.67862505834327
1766.6000495433807,-73.6762272567408,-73.6762272567408
1766.6100495433807,-73.6738318414421,-73.6738318414421
1766.6200495433807,-73.67143906577749,-73.67143906577749
1766.6300495433807,-73.66904917971993,-73.66904917971993
1766.6400495433807,-73.66666242994036,-73.66666242994036
1766.6500495433806,-73.66427905980625,-73.66427905980625
1766.6600495433806,-73.6618993094178,-73.6618993094178
1766.6700495433806,-73.65952341560943,-73.65952341560943
1766.6800495433808,-73.65715161199915,-73.65715161199915
1766.6900495433808,-73.65478412899415,-73.65478412899415
1766.7000495433808,-73.65242119380487,-73.65242119380487
1766.7100495433808,-73.6500566039119,-73.6500566039119
1766.7200495433808,-73.64768776533907,-73.64768776533907
1766.7300495433808,-73.64531352705265,-73.64531352705265
1766.7400495433808,-73.64293340564384,-73.64293340564384
1766.7500495433808,-73.64054728896332,-73.64054728896332
1766.7600495433808,-73.63815528187646,-73.63815528187646
1766.7700495433808,-73.63575761567706,-73.63575761567706
1766.7800495433808,-73.63335459364883,-73.63335459364883
1766.7900495433807,-73.63094655818682,-73.63094655818682
1766.8000495433807,-73.62853387109516,-73.62853387109516
1766.8100495433807,-73.62611690184579,-73.62611690184579
1766.8200495433807,-73.62369602061955,-73.62369602061955
1766.8300495433807,-73.62127159438558,-73.62127159438558
1766.8400495433807,-73.6188439847249,-73.6188439847249
1766.8500495433807,-73.61641354675449,-73.61641354675449
1766.8600495433807,-73.61398062871325,-73.61398062871325
1766.8700495433807,-73.61154557191294,-73.61154557191294
1766.8800495433807,-73.60910871092308,-73.60910871092308
1766.8900495433807,-73.60667037382316,-73.60667037382316
1766.9000495433806,-73.60423088253738,-73.60423088253738
1766.9100495433806,-73.6017905531641,-73.6017905531641
1766.9200495433806,-73.59934969629903,-73.59934969629903
1766.9300495433808,-73.59690861731228,-73.59690861731228
1766.9400495433808,-73.59446761663483,-73.59446761663483
1766.9500495433808,-73.59202698998857,-73.59202698998857
1766.9600495433808,-73.58958702858867,-73.58958702858867
1766.9700495433808,-73.58714801932422,-73.58714801932422
1766.9800495433808,-73.58471024493782,-73.58471024493782
1766.9900495433808,-73.58227398413938,-73.58227398413938
1767.0000495433808,-73.57983951173001,-73.57983951173001
1767.0100495433808,-73.57740709871385,-73.57740709871385
1767.0200495433808,-73.57497701236824,-73.57497701236824
1767.0300495433808,-73.57254951634735,-73.57254951634735
1767.0400495433807,-73.57012487072397,-73.57012487072397
1767.0500495433807,-73.56770333204973,-73.56770333204973
1767.0600495433807,-73.56528515342713,-73.56528515342713
1767.0700495433807,-73.56287058451854,-73.56287058451854
1767.0800495433807,-73.56045987162297,-73.56045987162297
1767.0900495433807,-73.55805325767659,-73.55805325767659
1767.1000495433807,-73.55565098231654,-73.55565098231654
1767.1100495433807,-73.5532532818841,-73.5532532818841
1767.1200495433807,-73.55086038946395,-73.55086038946395
1767.1300495433807,-73.54847253490682,-73.54847253490682
1767.1400495433807,-73.54608994485113,-73.54608994485113
1767.1500495672226,-73.54371283709501,-73.54371283709501
1767.1600495672226,-73.54134144323513,-73.54134144323513
1767.1700495672226,-73.53897597474845,-73.53897597474845
1767.1800495672226,-73.53661664563288,-73.53661664563288
1767.1900495672226,-73.53426366678292,-73.53426366678292
1767.2000495672225,-73.53191724600212,-73.53191724600212
1767.2100495672225,-73.52957758802276,-73.52957758802276
1767.2200495672225,-73.5272448945304,-73.5272448945304
1767.2300495672225,-73.52491936417495,-73.52491936417495
1767.2400495672225,-73.52260119259307,-73.52260119259307
1767.2500495672225,-73.52029057243428,-73.52029057243428
1767.2600495672225,-73.51798769337218,-73.51798769337218
1767.2700495672225,-73.5156927421261,-73.5156927421261
1767.2800495672227,-73.51340590248714,-73.51340590248714
1767.2900495672227,-73.51112735532281,-73.51112735532281
1767.3000495672227,-73.50885727862956,-73.50885727862956
1767.3100495672227,-73.50659584751793,-73.50659584751793
1767.3200495672227,-73.50434323425495,-73.50434323425495
1767.3300495672227,-73.50209960829496,-73.50209960829496
1767.3400495672226,-73.49986513626523,-73.49986513626523
1767.3500495672226,-73.49763998203474,-73.49763998203474
1767.3600495672226,-73.4954243066975,-73.4954243066975
1767.3700495672226,-73.49321826862074,-73.49321826862074
1767.3800495672226,-73.49102202346042,-73.49102202346042
1767.3900495672226,-73.48883572417562,-73.48883572417562
1767.4000495672226,-73.48665952106604,-73.48665952106604
1767.4100495672226,-73.48449356179914,-73.48449356179914
1767.4200495672226,-73.48233799140436,-73.48233799140436
1767.4300495672226,-73.48019295233357,-73.48019295233357
1767.4400495672226,-73.47805858447428,-73.47805858447428
1767.4500495672225,-73.47593502515764,-73.47593502515764
1767.4600495672225,-73.47381599913977,-73.47381599913977
1767.4700495672225,-73.47169883193266,-73.47169883193266
1767.4800495672225,-73.46958228898923,-73.46958228898923
1767.4900495672225,-73.4674658022159,-73.4674658022159
1767.5000495672225,-73.46534917435149,-73.46534917435149
1767.5100495672225,-73.46323242513333,-73.46323242513333
1767.5200495672225,-73.46111570098005,-73.46111570098005
1767.5300495672227,-73.45899922065513,-73.45899922065513
1767.5400495672227,-73.45688324254682,-73.45688324254682
1767.5500495672227,-73.45476804500632,-73.45476804500632
1767.5600495672227,-73.45265391464217,-73.45265391464217
1767.5700495672227,-73.45054113940415,-73.45054113940415
1767.5800495672227,-73.44843000469007,-73.44843000469007
1767.5900495672226,-73.44632079115348,-73.44632079115348
1767.6000495672226,-73.44421377367108,-73.44421377367108
1767.6100495672226,-73.44210922090707,-73.44210922090707
1767.6200495672226,-73.44000739530762,-73.44000739530762
1767.6300495672226,-73.43790855323776,-73.43790855323776
1767.6400495672226,-73.4358129452983,-73.4358129452983
1767.6500495672226,-73.43372081662525,-73.43372081662525
1767.6600495672226,-73.4316324072224,-73.4316324072224
1767.6700495672226,-73.42954795230047,-73.42954795230047
1767.6800495672226,-73.4274676825518,-73.4274676825518
1767.6900495672226,-73.42539182443063,-73.42539182443063
1767.7000495672225,-73.42332060038467,-73.42332060038467
1767.7100495672225,-73.42125422907655,-73.42125422907655
1767.7200495672225,-73.41919292554981,-73.41919292554981
1767.7300495672225,-73.41713690139477,-73.41713690139477
1767.7400495672225,-73.4150863648872,-73.4150863648872
1767.7500495672225,-73.41304152110126,-73.41304152110126
1767.7600495672225,-73.41100257201356,-73.41100257201356
1767.7700495672225,-73.40896971659747,-73.40896971659747
1767.7800495672227,-73.40694315088126,-73.40694315088126
1767.7900495672227,-73.40492306803706,-73.40492306803706
1767.8000495672227,-73.40290965841058,-73.40290965841058
1767.8100495672227,-73.40090310958318,-73.40090310958318
1767.8200495672227,-73.3989036064141,-73.3989036064141
1767.8300495672227,-73.39691133108661,-73.39691133108661
1767.8400495672226,-73.39492646311,-73.39492646311
1767.8500495672226,-73.39294917938206,-73.39294917938206
1767.8600495672226,-73.39097965420211,-73.39097965420211
1767.8700495672226,-73.38901805928504,-73.38901805928504
1767.8800495672226,-73.38706456380248,-73.38706456380248
1767.8900495672226,-73.38511933438174,-73.38511933438174
1767.9000495672226,-73.38318253513474,-73.38318253513474
1767.9100495672226,-73.38125432768847,-73.38125432768847
1767.9200495672226,-73.3793348711743,-73.3793348711743
1767.9300495672226,-73.37742432225656,-73.37742432225656
1767.9400495672226,-73.37552283515157,-73.37552283515157
1767.9500495672225,-73.37363056165096,-73.37363056165096
1767.9600495672225,-73.37174125099453,-73.37174125099453
1767.9700495672225,-73.36985224833354,-73.36985224833354
1767.9800495672225,-73.3679623366057,-73.3679623366057
1767.9900495672225,-73.36607096409793,-73.36607096409793
1768.0000495910645,-73.36417794477447,-73.36417794477447
1768.0100495910644,-73.36228332271065,-73.36228332271065
1768.0200495910644,-73.36038725493658,-73.36038725493658
1768.0300495910644,-73.35848997514798,-73.35848997514798
1768.0400495910644,-73.35659175659457,-73.35659175659457
1768.0500495910644,-73.3546928924204,-73.3546928924204
1768.0600495910644,-73.35279368398852,-73.35279368398852
1768.0700495910644,-73.3508944339974,-73.3508944339974
1768.0800495910644,-73.3489954425388,-73.3489954425388
1768.0900495910644,-73.34709700496346,-73.34709700496346
1768.1000495910644,-73.34519941079463,-73.34519941079463
1768.1100495910644,-73.34330294333103,-73.34330294333103
1768.1200495910643,-73.3414078795846,-73.3414078795846
1768.1300495910646,-73.33951449047717,-73.33951449047717
1768.1400495910646,-73.33762304108123,-73.33762304108123
1768.1500495910645,-73.3357337909599,-73.3357337909599
1768.1600495910645,-73.33384699447483,-73.33384699447483
1768.1700495910645,-73.3319629011289,-73.3319629011289
1768.1800495910645,-73.33008175583306,-73.33008175583306
1768.1900495910645,-73.32820379917102,-73.32820379917102
1768.2000495910645,-73.32632926763503,-73.32632926763503
1768.2100495910645,-73.3244583938434,-73.3244583938434
1768.2200495910645,-73.32259140669174,-73.32259140669174
1768.2300495910645,-73.32072853153917,-73.32072853153917
1768.2400495910645,-73.31886999030162,-73.31886999030162
1768.2500495910645,-73.31701600161679,-73.31701600161679
1768.2600495910644,-73.31516678088381,-73.31516678088381
1768.2700495910644,-73.3133225404134,-73.3133225404134
1768.2800495910644,-73.31148348943348,-73.31148348943348
1768.2900495910644,-73.3096498341942,-73.3096498341942
1768.3000495910644,-73.30782177801936,-73.30782177801936
1768.3100495910644,-73.30599952132782,-73.30599952132782
1768.3200495910644,-73.30418326170049,-73.30418326170049
1768.3300495910644,-73.30237319389303,-73.30237319389303
1768.3400495910644,-73.3005695098947,-73.3005695098947
1768.3500495910644,-73.29877239892839,-73.29877239892839
1768.3600495910644,-73.2969820474871,-73.2969820474871
1768.3700495910643,-73.29519863935873,-73.29519863935873
1768.3800495910646,-73.29342235564047,-73.29342235564047
1768.3900495910646,-73.29165337476965,-73.29165337476965
1768.4000495910645,-73.28989187252111,-73.28989187252111
1768.4100495910645,-73.28813802203352,-73.28813802203352
1768.4200495910645,-73.28639199384193,-73.28639199384193
1768.4300495910645,-73.28465395587175,-73.28465395587175
1768.4400495910645,-73.28292407345769,-73.28292407345769
1768.4500495910645,-73.2812025093661,-73.2812025093661
1768.4600495910645,-73.27948942381163,-73.27948942381163
1768.4700495910645,-73.27778497446091,-73.27778497446091
1768.4800495910645,-73.27608931646049,-73.27608931646049
1768.4900495910645,-73.27440260243695,-73.27440260243695
1768.5000495910645,-73.27272498252769,-73.27272498252769
1768.5100495910644,-73.27105660439423,-73.27105660439423
1768.5200495910644,-73.26939761322512,-73.26939761322512
1768.5300495910644,-73.26774815176312,-73.26774815176312
1768.5400495910644,-73.26610836032641,-73.26610836032641
1768.5500495910644,-73.26447837681759,-73.26447837681759
1768.5600495910644,-73.26285833674213,-73.26285833674213
1768.5700495910644,-73.26124837322119,-73.26124837322119
1768.5800495910644,-73.2596486170191,-73.2596486170191
1768.5900495910644,-73.25805919655811,-73.25805919655811
1768.6000495910644,-73.25648023793073,-73.25648023793073
1768.6100495910644,-73.25491186492356,-73.25491186492356
1768.6200495910643,-73.25335419903432,-73.25335419903432
1768.6300495910646,-73.25180735950725,-73.25180735950725
1768.6400495910646,-73.25027146331676,-73.25027146331676
1768.6500495910645,-73.24874662522438,-73.24874662522438
1768.6600495910645,-73.24723295777189,-73.24723295777189
1768.6700495910645,-73.24573057131154,-73.24573057131154
1768.6800495910645,-73.24423957403329,-73.24423957403329
1768.6900495910645,-73.24276007197624,-73.24276007197624
1768.7000495910645,-73.2412921690469,-73.2412921690469
1768.7100495910645,-73.23982957982572,-73.23982957982572
1768.7200495910645,-73.23836960866795,-73.23836960866795
1768.7300495910645,-73.2369109950557,-73.2369109950557
1768.7400495910645,-73.23545314257906,-73.23545314257906
1768.7500495910645,-73.23399582435225,-73.23399582435225
1768.7600495910644,-73.23253902980558,-73.23253902980558
1768.7700495910644,-73.23108287473757,-73.23108287473757
1768.7800495910644,-73.22962754724378,-73.22962754724378
1768.7900495910644,-73.22817327512517,-73.22817327512517
1768.8000495910644,-73.22672030636247,-73.22672030636247
1768.8100495910644,-73.22526889745713,-73.22526889745713
1768.8200495910644,-73.22381930655693,-73.22381930655693
1768.8300495910644,-73.2223717895864,-73.2223717895864
1768.8400495910644,-73.22092659807869,-73.22092659807869
1768.8500496149063,-73.2194839746949,-73.2194839746949
1768.8600496149063,-73.21804416656023,-73.21804416656023
1768.8700496149063,-73.21660740463986,-73.21660740463986
1768.8800496149063,-73.2151739175936,-73.2151739175936
1768.8900496149063,-73.21374392867392,-73.21374392867392
1768.9000496149063,-73.21231765602138,-73.21231765602138
1768.9100496149063,-73.21089531299332,-73.21089531299332
1768.9200496149062,-73.20947710850868,-73.20947710850868
1768.9300496149062,-73.20806324730064,-73.20806324730064
1768.9400496149062,-73.20665393019712,-73.20665393019712
1768.9500496149062,-73.20524935436312,-73.20524935436312
1768.9600496149062,-73.2038497135025,-73.2038497135025
1768.9700496149062,-73.20245519802454,-73.20245519802454
1768.9800496149064,-73.20106599521584,-73.20106599521584
1768.9900496149064,-73.19968228936564,-73.19968228936564
1769.0000496149064,-73.19830426188429,-73.19830426188429
1769.0100496149064,-73.19693209139908,-73.19693209139908
1769.0200496149064,-73.19556595382983,-73.19556595382983
1769.0300496149064,-73.19420602247413,-73.19420602247413
1769.0400496149064,-73.1928524680751,-73.1928524680751
1769.0500496149064,-73.191505458847,-73.191505458847
1769.0600496149063,-73.19016516054721,-73.19016516054721
1769.0700496149063,-73.18883173650056,-73.18883173650056
1769.0800496149063,-73.18750534763794,-73.18750534763794
1769.0900496149063,-73.18618615253388,-73.18618615253388
1769.1000496149063,-73.18487430742903,-73.18487430742903
1769.1100496149063,-73.18356996623825,-73.18356996623825
1769.1200496149063,-73.18227328059264,-73.18227328059264
1769.1300496149063,-73.18098439983757,-73.18098439983757
1769.1400496149063,-73.17970347107313,-73.17970347107313
1769.1500496149063,-73.17843063915464,-73.17843063915464
1769.1600496149063,-73.17716604670204,-73.17716604670204
1769.1700496149062,-73.17590983413591,-73.17590983413591
1769.1800496149062,-73.17466213966044,-73.17466213966044
1769.1900496149062,-73.17342309930154,-73.17342309930154
1769.2000496149062,-73.17219284691345,-73.17219284691345
1769.2100496149062,-73.17097151418763,-73.17097151418763
1769.2200496149062,-73.16975923065829,-73.16975923065829
1769.2300496149064,-73.16855612372972,-73.16855612372972
1769.2400496149064,-73.1673623186803,-73.1673623186803
1769.2500496149064,-73.16617793867148,-73.16617793867148
1769.2600496149064,-73.16500310477667,-73.16500310477667
1769.2700496149064,-73.16383793597015,-73.16383793597015
1769.2800496149064,-73.16268254915877,-73.16268254915877
1769.2900496149064,-73.16153705918053,-73.16153705918053
1769.3000496149064,-73.16040157884822,-73.16040157884822
1769.3100496149063,-73.15927621891441,-73.15927621891441
1769.3200496149063,-73.15816108814222,-73.15816108814222
1769.3300496149063,-73.15705629325798,-73.15705629325798
1769.3400496149063,-73.1559619390298,-73.1559619390298
1769.3500496149063,-73.15487812823308,-73.15487812823308
1769.3600496149063,-73.15380496169043,-73.15380496169043
1769.3700496149063,-73.15274253828308,-73.15274253828308
1769.3800496149063,-73.15169095495625,-73.15169095495625
1769.3900496149063,-73.15065030674916,-73.15065030674916
1769.4000496149063,-73.14962068681044,-73.14962068681044
1769.4100496149063,-73.14860218640696,-73.14860218640696
1769.4200496149062,-73.14759489492205,-73.14759489492205
1769.4300496149062,-73.14659889992427,-73.14659889992427
1769.4400496149062,-73.14561428714062,-73.14561428714062
1769.4500496149062,-73.14464114048401,-73.14464114048401
1769.4600496149062,-73.1436795420721,-73.1436795420721
1769.4700496149062,-73.14272957224803,-73.14272957224803
1769.4800496149064,-73.14179130960443,-73.14179130960443
1769.4900496149064,-73.14086483097175,-73.14086483097175
1769.5000496149064,-73.13995021146721,-73.13995021146721
1769.5100496149064,-73.13904752450637,-73.13904752450637
1769.5200496149064,-73.13815684180675,-73.13815684180675
1769.5300496149064,-73.13727823342245,-73.13727823342245
1769.5400496149064,-73.1364117677568,-73.1364117677568
1769.5500496149064,-73.1355575115687,-73.1355575115687
1769.5600496149063,-73.13471553000512,-73.13471553000512
1769.5700496149063,-73.1338858866254,-73.1338858866254
1769.5800496149063,-73.13306864338915,-73.13306864338915
1769.5900496149063,-73.13226386070666,-73.13226386070666
1769.6000496149063,-73.131471597435,-73.131471597435
1769.6100496149063,-73.13069191091608,-73.13069191091608
1769.6200496149063,-73.12992485697912,-73.12992485697912
1769.6300496149063,-73.12917048996157,-73.12917048996157
1769.6400496149063,-73.12842886273185,-73.12842886273185
1769.6500496149063,-73.12770002670207,-73.12770002670207
1769.6600496149063,-73.12698403185128,-73.12698403185128
1769.6700496149062,-73.12628092673951,-73.12628092673951
1769.6800496149062,-73.1255907585206,-73.1255907585206
1769.6900496149062,-73.12491357297291,-73.12491357297291
1769.7000496387482,-73.12424941292292,-73.12424941292292
1769.7100496387482,-73.12359194810627,-73.12359194810627
1769.7200496387482,-73.12293842821782,-73.12293842821782
1769.7300496387481,-73.12228753765774,-73.12228753765774
1769.7400496387481,-73.1216386241831,-73.1216386241831
1769.7500496387481,-73.120991404879,-73.120991404879
1769.7600496387481,-73.12034581328388,-73.12034581328388
1769.770049638748,-73.1197019096777,-73.1197019096777
1769.780049638748,-73.11905982711676,-73.11905982711676
1769.790049638748,-73.11841973899595,-73.11841973899595
1769.800049638748,-73.11778183953001,-73.11778183953001
1769.810049638748,-73.11714633215513,-73.11714633215513
1769.820049638748,-73.11651342269053,-73.11651342269053
1769.8300496387483,-73.1158833154292,-73.1158833154292
1769.8400496387483,-73.11525621104002,-73.11525621104002
1769.8500496387483,-73.11463230548655,-73.11463230548655
1769.8600496387483,-73.11401178962011,-73.11401178962011
1769.8700496387482,-73.11339484914153,-73.11339484914153
1769.8800496387482,-73.1127816647804,-73.1127816647804
1769.8900496387482,-73.11217241254235,-73.11217241254235
1769.9000496387482,-73.11156726404732,-73.11156726404732
1769.9100496387482,-73.1109663868304,-73.1109663868304
1769.9200496387482,-73.11036994466136,-73.11036994466136
1769.9300496387482,-73.10977809783027,-73.10977809783027
1769.9400496387482,-73.10919100340763,-73.10919100340763
1769.9500496387482,-73.10860881545955,-73.10860881545955
1769.9600496387482,-73.10802531054038,-73.10802531054038
1769.9700496387482,-73.10743784783267,-73.10743784783267
1769.9800496387481,-73.10684521812209,-73.10684521812209
1769.9900496387481,-73.1062468742337,-73.1062468742337
1770.0000496387481,-73.10564263722802,-73.10564263722802
1770.0100496387481,-73.10503254363275,-73.10503254363275
1770.020049638748,-73.10441675585571,-73.10441675585571
1770.030049638748,-73.1037955082969,-73.1037955082969
1770.040049638748,-73.10316907492702,-73.10316907492702
1770.050049638748,-73.10253774985172,-73.10253774985172
1770.060049638748,-73.10190183571513,-73.10190183571513
1770.070049638748,-73.10126163690677,-73.10126163690677
1770.0800496387483,-73.10061745564995,-73.10061745564995
1770.0900496387483,-73.09996958990361,-73.09996958990361
1770.1000496387483,-73.09931833228595,-73.09931833228595
1770.1100496387483,-73.0986639696825,-73.0986639696825
1770.1200496387482,-73.0980067831947,-73.0980067831947
1770.1300496387482,-73.09734704829714,-73.09734704829714
1770.1400496387482,-73.09668503511531,-73.09668503511531
1770.1500496387482,-73.09602100869544,-73.09602100869544
1770.1600496387482,-73.09535522938302,-73.09535522938302
1770.1700496387482,-73.0946879530518,-73.0946879530518
1770.1800496387482,-73.09401943142578,-73.09401943142578
1770.1900496387482,-73.09334991230266,-73.09334991230266
1770.2000496387482,-73.09267963978108,-73.09267963978108
1770.2100496387482,-73.0920088544549,-73.0920088544549
1770.2200496387482,-73.09133779355487,-73.09133779355487
1770.2300496387481,-73.09066669111047,-73.09066669111047
1770.2400496387481,-73.08999577804231,-73.08999577804231
1770.2500496387481,-73.08932528228353,-73.08932528228353
1770.2600496387481,-73.08865542886117,-73.08865542886117
1770.270049638748,-73.08798643995105,-73.08798643995105
1770.280049638748,-73.08731853493578,-73.08731853493578
1770.290049638748,-73.08665193048401,-73.08665193048401
1770.300049638748,-73.0859868405482,-73.0859868405482
1770.310049638748,-73.08532347641487,-73.08532347641487
1770.320049638748,-73.08466204674797,-73.08466204674797
1770.3300496387483,-73.08400275759391,-73.08400275759391
1770.3400496387483,-73.08334581240626,-73.08334581240626
1770.3500496387483,-73.08269141205297,-73.08269141205297
1770.3600496387483,-73.08203975484967,-73.08203975484967
1770.3700496387482,-73.08139103654653,-73.08139103654653
1770.3800496387482,-73.0807454503525,-73.0807454503525
1770.3900496387482,-73.08010318695497,-73.08010318695497
1770.4000496387482,-73.07946443450044,-73.07946443450044
1770.4100496387482,-73.0788293786262,-73.0788293786262
1770.4200496387482,-73.07819820245398,-73.07819820245398
1770.4300496387482,-73.07757108659867,-73.07757108659867
1770.4400496387482,-73.07694820918532,-73.07694820918532
1770.4500496387482,-73.07632974584568,-73.07632974584568
1770.4600496387482,-73.07571586972925,-73.07571586972925
1770.4700496387482,-73.07510675151586,-73.07510675151586
1770.4800496387481,-73.07450255941208,-73.07450255941208
1770.4900496387481,-73.07390345917021,-73.07390345917021
1770.5000496387481,-73.07330961409605,-73.07330961409605
1770.5100496387481,-73.07272118505529,-73.07272118505529
1770.520049638748,-73.07213833049019,-73.07213833049019
1770.530049638748,-73.07156120640448,-73.07156120640448
1770.540049638748,-73.0709899664198,-73.0709899664198
1770.55004966259,-73.07042476040888,-73.07042476040888
1770.56004966259,-73.0698657399066,-73.0698657399066
1770.57004966259,-73.06931305002459,-73.06931305002459
1770.58004966259,-73.0687668348707,-73.0687668348707
1770.59004966259,-73.06822723620415,-73.06822723620415
1770.60004966259,-73.06769439346543,-73.06769439346543
1770.61004966259,-73.06716844378577,-73.06716844378577
1770.62004966259,-73.06664952198365,-73.06664952198365
1770.63004966259,-73.06613776060887,-73.06613776060887
1770.64004966259,-73.06563328993317,-73.06563328993317
1770.65004966259,-73.06513623799081,-73.06513623799081
1770.66004966259,-73.06464673057255,-73.06464673057255
1770.67004966259,-73.06416489125881,-73.06416489125881
1770.6800496625901,-73.06369084143967,-73.06369084143967
1770.6900496625901,-73.06322470031438,-73.06322470031438
1770.7000496625901,-73.06276658492324,-73.06276658492324
1770.71004966259,-73.06231661016632,-73.06231661016632
1770.72004966259,-73.06187488882598,-73.06187488882598
1770.73004966259,-73.06144153156971,-73.06144153156971
1770.74004966259,-73.06101664698751,-73.06101664698751
1770.75004966259,-73.0606003415939,-73.0606003415939
1770.76004966259,-73.0601927198611,-73.0601927198611
1770.77004966259,-73.05979388424336,-73.05979388424336
1770.78004966259,-73.05940393517824,-73.05940393517824
1770.79004966259,-73.05902297111946,-73.05902297111946
1770.80004966259,-73.05865108856239,-73.05865108856239
1770.81004966259,-73.0582883820456,-73.0582883820456
1770.82004966259,-73.05793494419083,-73.05793494419083
1770.83004966259,-73.05759086571203,-73.05759086571203
1770.84004966259,-73.05725623543654,-73.05725623543654
1770.85004966259,-73.0569311403322,-73.0569311403322
1770.86004966259,-73.05661566552497,-73.05661566552497
1770.87004966259,-73.05630989431752,-73.05630989431752
1770.88004966259,-73.05601390820753,-73.05601390820753
1770.89004966259,-73.0557277869184,-73.0557277869184
1770.90004966259,-73.05545160840892,-73.05545160840892
1770.91004966259,-73.05518544890275,-73.05518544890275
1770.92004966259,-73.0549293828987,-73.0549293828987
1770.9300496625901,-73.05468348320399,-73.05468348320399
1770.9400496625901,-73.05444782094311,-73.05444782094311
1770.9500496625901,-73.05422246558486,-73.05422246558486
1770.96004966259,-73.05400748496781,-73.05400748496781
1770.97004966259,-73.05380294530924,-73.05380294530924
1770.98004966259,-73.05360891122041,-73.05360891122041
1770.99004966259,-73.05342544574837,-73.05342544574837
1771.00004966259,-73.05325261038503,-73.05325261038503
1771.01004966259,-73.05309046508133,-73.05309046508133
1771.02004966259,-73.05293906827335,-73.05293906827335
1771.03004966259,-73.05279847689572,-73.05279847689572
1771.04004966259,-73.05266874640988,-73.05266874640988
1771.05004966259,-73.05254993082592,-73.05254993082592
1771.06004966259,-73.05244208269764,-73.05244208269764
1771.07004966259,-73.05234525318126,-73.05234525318126
1771.08004966259,-73.05225949202017,-73.05225949202017
1771.09004966259,-73.05218484758272,-73.05218484758272
1771.10004966259,-73.05212136686521,-73.05212136686521
1771.11004966259,-73.05206909553283,-73.05206909553283
1771.12004966259,-73.05202807791011,-73.05202807791011
1771.13004966259,-73.0519983570299,-73.0519983570299
1771.14004966259,-73.05197997462356,-73.05197997462356
1771.15004966259,-73.05197297115564,-73.05197297115564
1771.16004966259,-73.05197738584144,-73.05197738584144
1771.17004966259,-73.05199325665774,-73.05199325665774
1771.1800496625901,-73.05202062035907,-73.05202062035907
1771.1900496625901,-73.0520595125055,-73.0520595125055
1771.2000496625901,-73.052109967471,-73.052109967471
1771.21004966259,-73.05217201845849,-73.05217201845849
1771.22004966259,-73.05224569752903,-73.05224569752903
1771.23004966259,-73.05233103559891,-73.05233103559891
1771.24004966259,-73.05242806248386,-73.05242806248386
1771.25004966259,-73.05253680688551,-73.05253680688551
1771.26004966259,-73.05265729642441,-73.05265729642441
1771.27004966259,-73.05278955764949,-73.05278955764949
1771.28004966259,-73.05293361606493,-73.05293361606493
1771.29004966259,-73.05308949613305,-73.05308949613305
1771.30004966259,-73.05325722129392,-73.05325722129392
1771.31004966259,-73.05343681397967,-73.05343681397967
1771.32004966259,-73.0536282956364,-73.0536282956364
1771.33004966259,-73.05383168672329,-73.05383168672329
1771.34004966259,-73.05404700675376,-73.05404700675376
1771.35004966259,-73.05427427427743,-73.05427427427743
1771.36004966259,-73.05451350691844,-73.05451350691844
1771.37004966259,-73.05476472138525,-73.05476472138525
1771.38004966259,-73.05502793347581,-73.05502793347581
1771.39004966259,-73.0553031581011,-73.0553031581011
1771.4000496864319,-73.05559040997723,-73.05559040997723
1771.4100496864319,-73.05588970094323,-73.05588970094323
1771.4200496864319,-73.05620104395462,-73.05620104395462
1771.4300496864319,-73.05652445049775,-73.05652445049775
1771.4400496864318,-73.05685993123562,-73.05685993123562
1771.4500496864318,-73.05720749600002,-73.05720749600002
1771.4600496864318,-73.05756715385597,-73.05756715385597
1771.4700496864318,-73.05793891305733,-73.05793891305733
1771.4800496864318,-73.05832278109348,-73.05832278109348
1771.4900496864318,-73.05871876468741,-73.05871876468741
1771.5000496864318,-73.05912686981809,-73.05912686981809
1771.5100496864318,-73.05954710172769,-73.05954710172769
1771.5200496864318,-73.05997946493383,-73.05997946493383
1771.530049686432,-73.06042396322808,-73.06042396322808
1771.540049686432,-73.06088059971626,-73.06088059971626
1771.550049686432,-73.061349376809,-73.061349376809
1771.560049686432,-73.06183029622079,-73.06183029622079
1771.570049686432,-73.06232335901666,-73.06232335901666
1771.580049686432,-73.06282856559935,-73.06282856559935
1771.590049686432,-73.0633459157175,-73.0633459157175
1771.600049686432,-73.06387540848142,-73.06387540848142
1771.610049686432,-73.0644170423819,-73.0644170423819
1771.620049686432,-73.06497081529078,-73.06497081529078
1771.630049686432,-73.06553672447576,-73.06553672447576
1771.640049686432,-73.066114766608,-73.066114766608
1771.6500496864319,-73.06670493777634,-73.06670493777634
1771.6600496864319,-73.06730723347899,-73.06730723347899
1771.6700496864319,-73.06792164865297,-73.06792164865297
1771.6800496864319,-73.06854817768644,-73.06854817768644
1771.6900496864318,-73.06918681441826,-73.06918681441826
1771.7000496864318,-73.06983755213778,-73.06983755213778
1771.7100496864318,-73.07050038360795,-73.07050038360795
1771.7200496864318,-73.07117530108054,-73.07117530108054
1771.7300496864318,-73.07186229628964,-73.07186229628964
1771.7400496864318,-73.07256136045591,-73.07256136045591
1771.7500496864318,-73.07327248431778,-73.07327248431778
1771.7600496864318,-73.07399565812587,-73.07399565812587
1771.7700496864318,-73.07473087165005,-73.07473087165005
1771.780049686432,-73.07547811419136,-73.07547811419136
1771.790049686432,-73.07623737458589,-73.07623737458589
1771.800049686432,-73.07700864121749,-73.07700864121749
1771.810049686432,-73.07779190202386,-73.07779190202386
1771.820049686432,-73.07858714451037,-73.07858714451037
1771.830049686432,-73.07939435574856,-73.07939435574856
1771.840049686432,-73.08021352238376,-73.08021352238376
1771.850049686432,-73.08104463064878,-73.08104463064878
1771.860049686432,-73.08188766636921,-73.08188766636921
1771.870049686432,-73.08274261496452,-73.08274261496452
1771.880049686432,-73.08360946146945,-73.08360946146945
1771.890049686432,-73.08448819052506,-73.08448819052506
1771.9000496864319,-73.08537878639022,-73.08537878639022
1771.9100496864319,-73.08628123296579,-73.08628123296579
1771.9200496864319,-73.08719551376797,-73.08719551376797
1771.9300496864319,-73.0881216119596,-73.0881216119596
1771.9400496864318,-73.0890595103561,-73.0890595103561
1771.9500496864318,-73.09000919142207,-73.09000919142207
1771.9600496864318,-73.09097063728078,-73.09097063728078
1771.9700496864318,-73.09194382972319,-73.09194382972319
1771.9800496864318,-73.09292875021441,-73.09292875021441
1771.9900496864318,-73.09392537989125,-73.09392537989125
1772.0000496864318,-73.09493369958359,-73.09493369958359
1772.0100496864318,-73.09595368980261,-73.09595368980261
1772.0200496864318,-73.09698533075614,-73.09698533075614
1772.030049686432,-73.09802860236135,-73.09802860236135
1772.040049686432,-73.09908348423814,-73.09908348423814
1772.050049686432,-73.10014995572547,-73.10014995572547
1772.060049686432,-73.10122799585626,-73.10122799585626
1772.070049686432,-73.10231758341878,-73.10231758341878
1772.080049686432,-73.10341869691663,-73.10341869691663
1772.090049686432,-73.10453131458073,-73.10453131458073
1772.100049686432,-73.10565541439779,-73.10565541439779
1772.110049686432,-73.10679097408767,-73.10679097408767
1772.120049686432,-73.10793797111882,-73.10793797111882
1772.130049686432,-73.10909638272076,-73.10909638272076
1772.140049686432,-73.11026618587609,-73.11026618587609
1772.1500496864319,-73.11144735733302,-73.11144735733302
1772.1600496864319,-73.11263987361589,-73.11263987361589
1772.1700496864319,-73.11384371101968,-73.11384371101968
1772.1800496864319,-73.11505884559851,-73.11505884559851
1772.1900496864318,-73.11628525322284,-73.11628525322284
1772.2000496864318,-73.11752290953493,-73.11752290953493
1772.2100496864318,-73.11877178996065,-73.11877178996065
1772.2200496864318,-73.12003186972686,-73.12003186972686
1772.2300496864318,-73.12130312386213,-73.12130312386213
1772.2400496864318,-73.12258552720672,-73.12258552720672
1772.2500497102737,-73.12387905747677,-73.12387905747677
1772.2600497102737,-73.12518368300357,-73.12518368300357
1772.2700497102737,-73.12649938109077,-73.12649938109077
1772.2800497102737,-73.12782612584246,-73.12782612584246
1772.2900497102737,-73.12916389116398,-73.12916389116398
1772.3000497102737,-73.13051265081259,-73.13051265081259
1772.3100497102737,-73.13187237836397,-73.13187237836397
1772.3200497102737,-73.1332430472216,-73.1332430472216
1772.3300497102737,-73.13462463064582,-73.13462463064582
1772.3400497102737,-73.13601710173036,-73.13601710173036
1772.3500497102737,-73.13742043342086,-73.13742043342086
1772.3600497102736,-73.13883459850638,-73.13883459850638
1772.3700497102736,-73.1402595696306,-73.1402595696306
1772.3800497102739,-73.14169531929966,-73.14169531929966
1772.3900497102738,-73.1431418198839,-73.1431418198839
1772.4000497102738,-73.14459904361009,-73.14459904361009
1772.4100497102738,-73.14606696257022,-73.14606696257022
1772.4200497102738,-73.14754554873406,-73.14754554873406
1772.4300497102738,-73.14903477393867,-73.14903477393867
1772.4400497102738,-73.15053460989968,-73.15053460989968
1772.4500497102738,-73.1520450282144,-73.1520450282144
1772.4600497102738,-73.15356600036166,-73.15356600036166
1772.4700497102738,-73.15509749770767,-73.15509749770767
1772.4800497102738,-73.15663949150387,-73.15663949150387
1772.4900497102738,-73.15819195290132,-73.15819195290132
1772.5000497102737,-73.15975485293771,-73.15975485293771
1772.5100497102737,-73.16132816254574,-73.16132816254574
1772.5200497102737,-73.16291185257391,-73.16291185257391
1772.5300497102737,-73.16450589376362,-73.16450589376362
1772.5400497102737,-73.16611025674632,-73.16611025674632
1772.5500497102737,-73.1677249120865,-73.1677249120865
1772.5600497102737,-73.16934983025006,-73.16934983025006
1772.5700497102737,-73.17098498161496,-73.17098498161496
1772.5800497102737,-73.17263033647411,-73.17263033647411
1772.5900497102737,-73.1742858650513,-73.1742858650513
1772.6000497102737,-73.1759515374688,-73.1759515374688
1772.6100497102736,-73.1776273237953,-73.1776273237953
1772.6200497102736,-73.17931319400475,-73.17931319400475
1772.6300497102739,-73.18100911801487,-73.18100911801487
1772.6400497102738,-73.1827150656667,-73.1827150656667
1772.6500497102738,-73.18443100673998,-73.18443100673998
1772.6600497102738,-73.18615691093703,-73.18615691093703
1772.6700497102738,-73.18789274791293,-73.18789274791293
1772.6800497102738,-73.189638487253,-73.189638487253
1772.6900497102738,-73.19139409848913,-73.19139409848913
1772.7000497102738,-73.1931595510917,-73.1931595510917
1772.7100497102738,-73.19493481447414,-73.19493481447414
1772.7200497102738,-73.19671985800991,-73.19671985800991
1772.7300497102738,-73.19851465101242,-73.19851465101242
1772.7400497102738,-73.20031916275501,-73.20031916275501
1772.7500497102737,-73.20213336245817,-73.20213336245817
1772.7600497102737,-73.20395721930012,-73.20395721930012
1772.7700497102737,-73.20579070240838,-73.20579070240838
1772.7800497102737,-73.20763378088756,-73.20763378088756
1772.7900497102737,-73.20948642379513,-73.20948642379513
1772.8000497102737,-73.21134860014861,-73.21134860014861
1772.8100497102737,-73.2132202789314,-73.2132202789314
1772.8200497102737,-73.21510142910192,-73.21510142910192
1772.8300497102737,-73.21699201957729,-73.21699201957729
1772.8400497102737,-73.2188920192518,-73.2188920192518
1772.8500497102737,-73.22080139699032,-73.22080139699032
1772.8600497102736,-73.22272012162641,-73.22272012162641
1772.8700497102736,-73.22464816197657,-73.22464816197657
1772.8800497102739,-73.22658548682816,-73.22658548682816
1772.8900497102738,-73.2285320649509,-73.2285320649509
1772.9000497102738,-73.23048786509403,-73.23048786509403
1772.9100497102738,-73.23245285598614,-73.23245285598614
1772.9200497102738,-73.23442700634111,-73.23442700634111
1772.9300497102738,-73.23641028486425,-73.23641028486425
1772.9400497102738,-73.23840266023893,-73.23840266023893
1772.9500497102738,-73.24040410112984,-73.24040410112984
1772.9600497102738,-73.24241457620384,-73.24241457620384
1772.9700497102738,-73.24443405411381,-73.24443405411381
1772.9800497102738,-73.24646250350743,-73.24646250350743
1772.9900497102738,-73.24849989301022,-73.24849989301022
1773.0000497102737,-73.25054619126425,-73.25054619126425
1773.0100497102737,-73.25260136690284,-73.25260136690284
1773.0200497102737,-73.25466538853803,-73.25466538853803
1773.0300497102737,-73.25673822480407,-73.25673822480407
1773.0400497102737,-73.2588198443294,-73.2588198443294
1773.0500497102737,-73.26091021572518,-73.26091021572518
1773.0600497102737,-73.26300930762882,-73.26300930762882
1773.0700497102737,-73.26511708866563,-73.26511708866563
1773.0800497102737,-73.267233527483,-73.267233527483
1773.0900497102737,-73.26935859270615,-73.26935859270615
1773.1000497341156,-73.27149225808003,-73.27149225808003
1773.1100497341156,-73.2736344821216,-73.2736344821216
1773.1200497341156,-73.27578523854062,-73.27578523854062
1773.1300497341156,-73.27794449602251,-73.27794449602251
1773.1400497341156,-73.2801122232548,-73.2801122232548
1773.1500497341156,-73.28228838893865,-73.28228838893865
1773.1600497341155,-73.28447296179333,-73.28447296179333
1773.1700497341155,-73.28666591054734,-73.28666591054734
1773.1800497341155,-73.28886720394762,-73.28886720394762
1773.1900497341155,-73.29107681074719,-73.29107681074719
1773.2000497341155,-73.29329469973375,-73.29329469973375
1773.2100497341155,-73.2955208397016,-73.2955208397016
1773.2200497341155,-73.29775519947209,-73.29775519947209
1773.2300497341157,-73.29999774788368,-73.29999774788368
1773.2400497341157,-73.3022484537927,-73.3022484537927
1773.2500497341157,-73.30450728608358,-73.30450728608358
1773.2600497341157,-73.30677421366276,-73.30677421366276
1773.2700497341157,-73.30904920545692,-73.30904920545692
1773.2800497341157,-73.31133223042704,-73.31133223042704
1773.2900497341157,-73.31362325755707,-73.31362325755707
1773.3000497341156,-73.31592225584409,-73.31592225584409
1773.3100497341156,-73.31822919433147,-73.31822919433147
1773.3200497341156,-73.3205440420809,-73.3205440420809
1773.3300497341156,-73.32286676818126,-73.32286676818126
1773.3400497341156,-73.32519734175602,-73.32519734175602
1773.3500497341156,-73.32753573197155,-73.32753573197155
1773.3600497341156,-73.32988190799999,-73.32988190799999
1773.3700497341156,-73.33223583905774,-73.33223583905774
1773.3800497341156,-73.33459749440632,-73.33459749440632
1773.3900497341156,-73.33696684331937,-73.33696684331937
1773.4000497341156,-73.33934385512325,-73.33934385512325
1773.4100497341155,-73.34172849917351,-73.34172849917351
1773.4200497341155,-73.34412074485493,-73.34412074485493
1773.4300497341155,-73.34652056159453,-73.34652056159453
1773.4400497341155,-73.34892791885646,-73.34892791885646
1773.4500497341155,-73.35134278614254,-73.35134278614254
1773.4600497341155,-73.3537587316979,-73.3537587316979
1773.4700497341155,-73.35617291939379,-73.35617291939379
1773.4800497341157,-73.35858395090715,-73.35858395090715
1773.4900497341157,-73.36099109375193,-73.36099109375193
1773.5000497341157,-73.36339398658312,-73.36339398658312
1773.5100497341157,-73.36579248615422,-73.36579248615422
1773.5200497341157,-73.3681865775782,-73.3681865775782
1773.5300497341157,-73.37057632037472,-73.37057632037472
1773.5400497341157,-73.37296181606881,-73.37296181606881
1773.5500497341156,-73.37534318869018,-73.37534318869018
1773.5600497341156,-73.37772057316374,-73.37772057316374
1773.5700497341156,-73.3800941084806,-73.3800941084806
1773.5800497341156,-73.38246393377543,-73.38246393377543
1773.5900497341156,-73.38483018617544,-73.38483018617544
1773.6000497341156,-73.38719299970363,-73.38719299970363
1773.6100497341156,-73.3895525048447,-73.3895525048447
1773.6200497341156,-73.39190882846165,-73.39190882846165
1773.6300497341156,-73.39426209391662,-73.39426209391662
1773.6400497341156,-73.39661242133865,-73.39661242133865
1773.6500497341156,-73.39895992786253,-73.39895992786253
1773.6600497341155,-73.401304727945,-73.401304727945
1773.6700497341155,-73.40364693362226,-73.40364693362226
1773.6800497341155,-73.40598665478674,-73.40598665478674
1773.6900497341155,-73.40832399939346,-73.40832399939346
1773.7000497341155,-73.41065907366101,-73.41065907366101
1773.7100497341155,-73.41299198225283,-73.41299198225283
1773.7200497341155,-73.4153228284077,-73.4153228284077
1773.7300497341157,-73.41765171406985,-73.41765171406985
1773.7400497341157,-73.41997873999168,-73.41997873999168
1773.7500497341157,-73.42230400582524,-73.42230400582524
1773.7600497341157,-73.42462761016843,-73.42462761016843
1773.7700497341157,-73.42694965063306,-73.42694965063306
1773.7800497341157,-73.42927022390401,-73.42927022390401
1773.7900497341157,-73.43158942574661,-73.43158942574661
1773.8000497341156,-73.43390735105007,-73.43390735105007
1773.8100497341156,-73.43622409383997,-73.43622409383997
1773.8200497341156,-73.43853974729437,-73.43853974729437
1773.8300497341156,-73.44085440376115,-73.44085440376115
1773.8400497341156,-73.44316815474674,-73.44316815474674
1773.8500497341156,-73.44548109092678,-73.44548109092678
1773.8600497341156,-73.44779330215862,-73.44779330215862
1773.8700497341156,-73.4501048774558,-73.4501048774558
1773.8800497341156,-73.4524159049914,-73.4524159049914
1773.8900497341156,-73.45472647210401,-73.45472647210401
1773.9000497341156,-73.45703666529366,-73.45703666529366
1773.9100497341155,-73.45934657018975,-73.45934657018975
1773.9200497341155,-73.46165627156422,-73.46165627156422
1773.9300497341155,-73.46396585332771,-73.46396585332771
1773.9400497341155,-73.46627539849992,-73.46627539849992
1773.9500497579575,-73.46858499473204,-73.46858499473204
1773.9600497579574,-73.47088830111254,-73.47088830111254
1773.9700497579574,-73.47318259353976,-73.47318259353976
1773.9800497579574,-73.47546658142008,-73.47546658142008
1773.9900497579574,-73.47773963999342,-73.47773963999342
1774.0000497579574,-73.480001515223,-73.480001515223
1774.0100497579574,-73.48225217053532,-73.48225217053532
1774.0200497579574,-73.48449169692667,-73.48449169692667
1774.0300497579574,-73.48672025900557,-73.48672025900557
1774.0400497579574,-73.48893806248185,-73.48893806248185
1774.0500497579574,-73.49114533468732,-73.49114533468732
1774.0600497579574,-73.49334231294092,-73.49334231294092
1774.0700497579573,-73.49552923767018,-73.49552923767018
1774.0800497579576,-73.49770634853022,-73.49770634853022
1774.0900497579576,-73.49987388219776,-73.49987388219776
1774.1000497579575,-73.50203207128898,-73.50203207128898
1774.1100497579575,-73.50418114392512,-73.50418114392512
1774.1200497579575,-73.50632132362497,-73.50632132362497
1774.1300497579575,-73.50845282945843,-73.50845282945843
1774.1400497579575,-73.51057587625428,-73.51057587625428
1774.1500497579575,-73.5126906748859,-73.5126906748859
1774.1600497579575,-73.51479743256299,-73.51479743256299
1774.1700497579575,-73.51689635309395,-73.51689635309395
1774.1800497579575,-73.51898763715768,-73.51898763715768
1774.1900497579575,-73.5210714825099,-73.5210714825099
1774.2000497579575,-73.52314808418672,-73.52314808418672
1774.2100497579574,-73.52521763467968,-73.52521763467968
1774.2200497579574,-73.52728032408669,-73.52728032408669
1774.2300497579574,-73.52933634023033,-73.52933634023033
1774.2400497579574,-73.53138586875441,-73.53138586875441
1774.2500497579574,-73.53342909321397,-73.53342909321397
1774.2600497579574,-73.53546619516565,-73.53546619516565
1774.2700497579574,-73.53749735420914,-73.53749735420914
1774.2800497579574,-73.53952274802175,-73.53952274802175
1774.2900497579574,-73.54154255242162,-73.54154255242162
1774.3000497579574,-73.5435569413937,-73.5435569413937
1774.3100497579574,-73.54556608710526,-73.54556608710526
1774.3200497579573,-73.54757015992521,-73.54757015992521
1774.3300497579576,-73.54956932844509,-73.54956932844509
1774.3400497579576,-73.55156375948518,-73.55156375948518
1774.3500497579575,-73.55355361810454,-73.55355361810454
1774.3600497579575,-73.5555390676122,-73.5555390676122
1774.3700497579575,-73.55752026956335,-73.55752026956335
1774.3800497579575,-73.55949738375317,-73.55949738375317
1774.3900497579575,-73.56147056824138,-73.56147056824138
1774.4000497579575,-73.5634399793326,-73.5634399793326
1774.4100497579575,-73.56540577158088,-73.56540577158088
1774.4200497579575,-73.56736809780648,-73.56736809780648
1774.4300497579575,-73.56932710905983,-73.56932710905983
1774.4400497579575,-73.57128295465964,-73.57128295465964
1774.4500497579575,-73.57323578217049,-73.57323578217049
1774.4600497579574,-73.57518573740913,-73.57518573740913
1774.4700497579574,-73.57713296443156,-73.57713296443156
1774.4800497579574,-73.57907760556256,-73.57907760556256
1774.4900497579574,-73.5810198013719,-73.5810198013719
1774.5000497579574,-73.58295969068253,-73.58295969068253
1774.5100497579574,-73.58489741057387,-73.58489741057387
1774.5200497579574,-73.58683309638513,-73.58683309638513
1774.5300497579574,-73.58876688171785,-73.58876688171785
1774.5400497579574,-73.59069889843111,-73.59069889843111
1774.5500497579574,-73.59262927667075,-73.59262927667075
1774.5600497579574,-73.59455814484245,-73.59455814484245
1774.5700497579573,-73.59648562962559,-73.59648562962559
1774.5800497579576,-73.59841185600621,-73.59841185600621
1774.5900497579576,-73.60033694724608,-73.60033694724608
1774.6000497579575,-73.60226102490257,-73.60226102490257
1774.6100497579575,-73.60418420884244,-73.60418420884244
1774.6200497579575,-73.60610661724365,-73.60610661724365
1774.6300497579575,-73.60802836661242,-73.60802836661242
1774.6400497579575,-73.609949571771,-73.609949571771
1774.6500497579575,-73.61187034588497,-73.61187034588497
1774.6600497579575,-73.6137908004657,-73.6137908004657
1774.6700497579575,-73.61571104538682,-73.61571104538682
1774.6800497579575,-73.61763118889182,-73.61763118889182
1774.6900497579575,-73.61955133758185,-73.61955133758185
1774.7000497579575,-73.62147159647226,-73.62147159647226
1774.7100497579574,-73.6233856457814,-73.6233856457814
1774.7200497579574,-73.62529077275157,-73.62529077275157
1774.7300497579574,-73.62718570583814,-73.62718570583814
1774.7400497579574,-73.62906983994407,-73.62906983994407
1774.7500497579574,-73.6309429407166,-73.6309429407166
1774.7600497579574,-73.6328049910305,-73.6328049910305
1774.7700497579574,-73.63465610092037,-73.63465610092037
1774.7800497579574,-73.6364964535535,-73.6364964535535
1774.7900497579574,-73.63832627270222,-73.63832627270222
1774.8000497817993,-73.64014580753114,-73.64014580753114
1774.8100497817993,-73.64195530360814,-73.64195530360814
1774.8200497817993,-73.64375502219201,-73.64375502219201
1774.8300497817993,-73.64554521883387,-73.64554521883387
1774.8400497817993,-73.64732614560202,-73.64732614560202
1774.8500497817993,-73.64909805002766,-73.64909805002766
1774.8600497817993,-73.65086117464861,-73.65086117464861
1774.8700497817993,-73.65261575694835,-73.65261575694835
1774.8800497817992,-73.65436202949984,-73.65436202949984
1774.8900497817992,-73.65610022020246,-73.65610022020246
1774.9000497817992,-73.65783055258005,-73.65783055258005
1774.9100497817992,-73.65955324609634,-73.65955324609634
1774.9200497817992,-73.66126851641354,-73.66126851641354
1774.9300497817994,-73.66297657567885,-73.66297657567885
1774.9400497817994,-73.66467763275422,-73.66467763275422
1774.9500497817994,-73.66637189343439,-73.66637189343439
1774.9600497817994,-73.66805956062085,-73.66805956062085
1774.9700497817994,-73.66974083448322,-73.66974083448322
1774.9800497817994,-73.6714159125988,-73.6714159125988
1774.9900497817994,-73.67308499006185,-73.67308499006185
1775.0000497817994,-73.67474825959152,-73.67474825959152
1775.0100497817994,-73.67640591158339,-73.67640591158339
1775.0200497817993,-73.67805813420318,-73.67805813420318
1775.0300497817993,-73.6797051134553,-73.6797051134553
1775.0400497817993,-73.6813470331933,-73.6813470331933
1775.0500497817993,-73.68298407519592,-73.68298407519592
1775.0600497817993,-73.68461641916855,-73.68461641916855
1775.0700497817993,-73.68624424278875,-73.68624424278875
1775.0800497817993,-73.68786772172936,-73.68786772172936
1775.0900497817993,-73.68948702965575,-73.68948702965575
1775.1000497817993,-73.69110233827571,-73.69110233827571
1775.1100497817993,-73.69271381732081,-73.69271381732081
1775.1200497817993,-73.69432163457431,-73.69432163457431
1775.1300497817992,-73.69592595586869,-73.69592595586869
1775.1400497817992,-73.6975269451118,-73.6975269451118
1775.1500497817992,-73.69912476425323,-73.69912476425323
1775.1600497817992,-73.7007195733515,-73.7007195733515
1775.1700497817992,-73.70231153052323,-73.70231153052323
1775.1800497817994,-73.70390079197885,-73.70390079197885
1775.1900497817994,-73.70548751201154,-73.70548751201154
1775.2000497817994,-73.70707184301853,-73.70707184301853
1775.2100497817994,-73.70865393548833,-73.70865393548833
1775.2200497817994,-73.71023393802324,-73.71023393802324
1775.2300497817994,-73.71181199732983,-73.71181199732983
1775.2400497817994,-73.71338825822797,-73.71338825822797
1775.2500497817994,-73.71496286366775,-73.71496286366775
1775.2600497817994,-73.71653595470833,-73.71653595470833
1775.2700497817993,-73.71810767056589,-73.71810767056589
1775.2800497817993,-73.71967814857643,-73.71967814857643
1775.2900497817993,-73.72124752423629,-73.72124752423629
1775.3000497817993,-73.72281593118899,-73.72281593118899
1775.3100497817993,-73.72438350125393,-73.72438350125393
1775.3200497817993,-73.72595036440555,-73.72595036440555
1775.3300497817993,-73.72751664881174,-73.72751664881174
1775.3400497817993,-73.72908248082254,-73.72908248082254
1775.3500497817993,-73.73064798499381,-73.73064798499381
1775.3600497817993,-73.73221328408937,-73.73221328408937
1775.3700497817993,-73.73377849909023,-73.73377849909023
1775.3800497817992,-73.73534374920338,-73.73534374920338
1775.3900497817992,-73.73690915188823,-73.73690915188823
1775.4000497817992,-73.73847482285981,-73.73847482285981
1775.4100497817992,-73.74004087608458,-73.74004087608458
1775.4200497817992,-73.74160742381015,-73.74160742381015
1775.4300497817994,-73.74317457658631,-73.74317457658631
1775.4400497817994,-73.74474244325323,-73.74474244325323
1775.4500497817994,-73.74631113096174,-73.74631113096174
1775.4600497817994,-73.7478807452024,-73.7478807452024
1775.4700497817994,-73.74945138979916,-73.74945138979916
1775.4800497817994,-73.75102316693689,-73.75102316693689
1775.4900497817994,-73.75259617716895,-73.75259617716895
1775.5000497817994,-73.75417051942878,-73.75417051942878
1775.5100497817994,-73.75574629104133,-73.75574629104133
1775.5200497817993,-73.75732358775298,-73.75732358775298
1775.5300497817993,-73.75890250373632,-73.75890250373632
1775.5400497817993,-73.76048313158728,-73.76048313158728
1775.5500497817993,-73.76206556237773,-73.76206556237773
1775.5600497817993,-73.76364988564144,-73.76364988564144
1775.5700497817993,-73.76523618939287,-73.76523618939287
1775.5800497817993,-73.76681404633885,-73.76681404633885
1775.5900497817993,-73.7683717282591,-73.7683717282591
1775.6000497817993,-73.76989911270526,-73.76989911270526
1775.6100497817993,-73.7713878641089,-73.7713878641089
1775.6200497817993,-73.77283112191819,-73.77283112191819
1775.6300497817992,-73.77422320680911,-73.77422320680911
1775.6400497817992,-73.77555940074681,-73.77555940074681
1775.6500498056412,-73.77683578582881,-73.77683578582881
1775.6600498056412,-73.77804910494383,-73.77804910494383
1775.6700498056412,-73.77919667899708,-73.77919667899708
1775.6800498056411,-73.78027631139723,-73.78027631139723
1775.6900498056411,-73.78128622251717,-73.78128622251717
1775.7000498056411,-73.78222499222605,-73.78222499222605
1775.7100498056411,-73.78309151139729,-73.78309151139729
1775.720049805641,-73.78388494075178,-73.78388494075178
1775.730049805641,-73.78460467577027,-73.78460467577027
1775.740049805641,-73.78525031657385,-73.78525031657385
1775.750049805641,-73.7858216419953,-73.7858216419953
1775.760049805641,-73.7863185871533,-73.7863185871533
1775.770049805641,-73.78674122399897,-73.78674122399897
1775.7800498056413,-73.78708974434262,-73.78708974434262
1775.7900498056413,-73.78736444510157,-73.78736444510157
1775.8000498056413,-73.78756571530376,-73.78756571530376
1775.8100498056413,-73.78769402475746,-73.78769402475746
1775.8200498056412,-73.7877499140547,-73.7877499140547
1775.8300498056412,-73.78773398577006,-73.78773398577006
1775.8400498056412,-73.78764689669684,-73.78764689669684
1775.8500498056412,-73.78748935100889,-73.78748935100889
1775.8600498056412,-73.78726209419104,-73.78726209419104
1775.8700498056412,-73.78696590764554,-73.78696590764554
1775.8800498056412,-73.78660160395006,-73.78660160395006
1775.8900498056412,-73.78617002260148,-73.78617002260148
1775.9000498056412,-73.78567202626093,-73.78567202626093
1775.9100498056412,-73.78510849740076,-73.78510849740076
1775.9200498056412,-73.78448033529635,-73.78448033529635
1775.9300498056411,-73.78378845339059,-73.78378845339059
1775.9400498056411,-73.78303377687767,-73.78303377687767
1775.9500498056411,-73.78221724057704,-73.78221724057704
1775.9600498056411,-73.7813333547515,-73.7813333547515
1775.970049805641,-73.78038025376009,-73.78038025376009
1775.980049805641,-73.779357522684,-73.779357522684
1775.990049805641,-73.77826541918198,-73.77826541918198
1776.000049805641,-73.77710457587189,-73.77710457587189
1776.010049805641,-73.77587584535561,-73.77587584535561
1776.020049805641,-73.7745802089593,-73.7745802089593
1776.0300498056413,-73.77321872165736,-73.77321872165736
1776.0400498056413,-73.77179247861999,-73.77179247861999
1776.0500498056413,-73.77030259493125,-73.77030259493125
1776.0600498056413,-73.76875019321552,-73.76875019321552
1776.0700498056412,-73.76713639620988,-73.76713639620988
1776.0800498056412,-73.76546232224784,-73.76546232224784
1776.0900498056412,-73.76372908263507,-73.76372908263507
1776.1000498056412,-73.76193778009173,-73.76193778009173
1776.1100498056412,-73.76008950792347,-73.76008950792347
1776.1200498056412,-73.75818534959703,-73.75818534959703
1776.1300498056412,-73.75622637852662,-73.75622637852662
1776.1400498056412,-73.75421365804452,-73.75421365804452
1776.1500498056412,-73.7521482414134,-73.7521482414134
1776.1600498056412,-73.75003117187006,-73.75003117187006
1776.1700498056412,-73.74786348273055,-73.74786348273055
1776.1800498056411,-73.7456461974217,-73.7456461974217
1776.1900498056411,-73.74338032957361,-73.74338032957361
1776.2000498056411,-73.74106688303256,-73.74106688303256
1776.2100498056411,-73.7387004255901,-73.7387004255901
1776.220049805641,-73.73627913211924,-73.73627913211924
1776.230049805641,-73.73380261348771,-73.73380261348771
1776.240049805641,-73.731271140053,-73.731271140053
1776.250049805641,-73.72868534543701,-73.72868534543701
1776.260049805641,-73.72604607265868,-73.72604607265868
1776.270049805641,-73.72335428393804,-73.72335428393804
1776.2800498056413,-73.72061100646049,-73.72061100646049
1776.2900498056413,-73.7178172997756,-73.7178172997756
1776.3000498056413,-73.71497423618948,-73.71497423618948
1776.3100498056413,-73.71208288908933,-73.71208288908933
1776.3200498056412,-73.70914432607464,-73.70914432607464
1776.3300498056412,-73.70615960501223,-73.70615960501223
1776.3400498056412,-73.7031297718529,-73.7031297718529
1776.3500498056412,-73.70005585955761,-73.70005585955761
1776.3600498056412,-73.69693888768244,-73.69693888768244
1776.3700498056412,-73.6937798622755,-73.6937798622755
1776.3800498056412,-73.69057977604226,-73.69057977604226
1776.3900498056412,-73.6873396086004,-73.6873396086004
1776.4000498056412,-73.68406032678712,-73.68406032678712
1776.4100498056412,-73.68074288496459,-73.68074288496459
1776.4200498056412,-73.67738822532928,-73.67738822532928
1776.4300498056411,-73.6739972782008,-73.6739972782008
1776.4400498056411,-73.67057096226964,-73.67057096226964
1776.4500498056411,-73.6671101848491,-73.6671101848491
1776.4600498056411,-73.66361584209034,-73.66361584209034
1776.470049805641,-73.66008881913541,-73.66008881913541
1776.480049805641,-73.65652999032169,-73.65652999032169
1776.490049805641,-73.65294021930019,-73.65294021930019
1776.500049829483,-73.64932035057036,-73.64932035057036
1776.510049829483,-73.6456712439923,-73.6456712439923
1776.520049829483,-73.64199372341388,-73.64199372341388
1776.530049829483,-73.6382886109967,-73.6382886109967
1776.540049829483,-73.6345567187887,-73.6345567187887
1776.550049829483,-73.63079884878223,-73.63079884878223
1776.560049829483,-73.62701579302913,-73.62701579302913
1776.570049829483,-73.62320833366617,-73.62320833366617
1776.580049829483,-73.6193772430477,-73.6193772430477
1776.590049829483,-73.61552328375913,-73.61552328375913
1776.600049829483,-73.61164720872098,-73.61164720872098
1776.610049829483,-73.60774976123363,-73.60774976123363
1776.620049829483,-73.60383167505812,-73.60383167505812
1776.6300498294831,-73.59989367447793,-73.59989367447793
1776.6400498294831,-73.59593647434605,-73.59593647434605
1776.6500498294831,-73.5919607801793,-73.5919607801793
1776.6600498294831,-73.58796728819945,-73.58796728819945
1776.670049829483,-73.58395668541415,-73.58395668541415
1776.680049829483,-73.57992964968038,-73.57992964968038
1776.690049829483,-73.57588684975238,-73.57588684975238
1776.700049829483,-73.57182894537114,-73.57182894537114
1776.710049829483,-73.56775658732377,-73.56775658732377
1776.720049829483,-73.56367041751537,-73.56367041751537
1776.730049829483,-73.55957106902657,-73.55957106902657
1776.740049829483,-73.5554591662039,-73.5554591662039
1776.750049829483,-73.55133532470599,-73.55133532470599
1776.760049829483,-73.54720015160368,-73.54720015160368
1776.770049829483,-73.54305424541205,-73.54305424541205
1776.780049829483,-73.53889819621287,-73.53889819621287
1776.790049829483,-73.53473258568333,-73.53473258568333
1776.800049829483,-73.53055798720327,-73.53055798720327
1776.810049829483,-73.52637496589769,-73.52637496589769
1776.820049829483,-73.52218407874282,-73.52218407874282
1776.830049829483,-73.51798587461917,-73.51798587461917
1776.840049829483,-73.51378089440637,-73.51378089440637
1776.850049829483,-73.50956967104165,-73.50956967104165
1776.860049829483,-73.50535272960111,-73.50535272960111
1776.870049829483,-73.50113058737399,-73.50113058737399
1776.8800498294831,-73.49690375396233,-73.49690375396233
1776.8900498294831,-73.49267273132055,-73.49267273132055
1776.9000498294831,-73.48843801386548,-73.48843801386548
1776.9100498294831,-73.4842000885362,-73.4842000885362
1776.920049829483,-73.47995943488324,-73.47995943488324
1776.930049829483,-73.47571652512126,-73.47571652512126
1776.940049829483,-73.47147182425249,-73.47147182425249
1776.950049829483,-73.46722579009152,-73.46722579009152
1776.960049829483,-73.46297887338086,-73.46297887338086
1776.970049829483,-73.45873151785344,-73.45873151785344
1776.980049829483,-73.45448416031056,-73.45448416031056
1776.990049829483,-73.45023723070946,-73.45023723070946
1777.000049829483,-73.44599115221666,-73.44599115221666
1777.010049829483,-73.4417463413133,-73.4417463413133
1777.020049829483,-73.43750320784581,-73.43750320784581
1777.030049829483,-73.43326215512649,-73.43326215512649
1777.040049829483,-73.4290235799916,-73.4290235799916
1777.050049829483,-73.42478787288469,-73.42478787288469
1777.060049829483,-73.42055541792838,-73.42055541792838
1777.070049829483,-73.41632659298938,-73.41632659298938
1777.080049829483,-73.41210176978406,-73.41210176978406
1777.090049829483,-73.40788131393583,-73.40788131393583
1777.100049829483,-73.40366558502137,-73.40366558502137
1777.110049829483,-73.39945493668874,-73.39945493668874
1777.120049829483,-73.39524971669461,-73.39524971669461
1777.1300498294831,-73.39105026699859,-73.39105026699859
1777.1400498294831,-73.38685692383638,-73.38685692383638
1777.1500498294831,-73.38267001776946,-73.38267001776946
1777.1600498294831,-73.37848987377504,-73.37848987377504
1777.170049829483,-73.37431681131162,-73.37431681131162
1777.180049829483,-73.37015114437793,-73.37015114437793
1777.190049829483,-73.36599318160627,-73.36599318160627
1777.200049829483,-73.3618432262969,-73.3618432262969
1777.210049829483,-73.35770157652868,-73.35770157652868
1777.220049829483,-73.35356852518458,-73.35356852518458
1777.230049829483,-73.34944436003953,-73.34944436003953
1777.240049829483,-73.3453293638263,-73.3453293638263
1777.250049829483,-73.34122381430232,-73.34122381430232
1777.260049829483,-73.33712798430197,-73.33712798430197
1777.270049829483,-73.33304214182031,-73.33304214182031
1777.280049829483,-73.3289665500606,-73.3289665500606
1777.290049829483,-73.32490146749505,-73.32490146749505
1777.300049829483,-73.32084714795216,-73.32084714795216
1777.310049829483,-73.31680384065024,-73.31680384065024
1777.320049829483,-73.31277179027455,-73.31277179027455
1777.330049829483,-73.30875123702735,-73.30875123702735
1777.340049829483,-73.30474241671241,-73.30474241671241
1777.350049853325,-73.30074555122553,-73.30074555122553
1777.3600498533249,-73.29676088678715,-73.29676088678715
1777.3700498533249,-73.29278863673285,-73.29278863673285
1777.3800498533249,-73.28882901977661,-73.28882901977661
1777.3900498533249,-73.28488225050042,-73.28488225050042
1777.4000498533248,-73.28094853942869,-73.28094853942869
1777.4100498533248,-73.27702809304387,-73.27702809304387
1777.4200498533248,-73.27312111390385,-73.27312111390385
1777.4300498533248,-73.26922780063624,-73.26922780063624
1777.4400498533248,-73.26534834802474,-73.26534834802474
1777.4500498533248,-73.2614829470568,-73.2614829470568
1777.4600498533248,-73.25763178496425,-73.25763178496425
1777.4700498533248,-73.25379504530292,-73.25379504530292
1777.480049853325,-73.24997290796593,-73.24997290796593
1777.490049853325,-73.24616554926426,-73.24616554926426
1777.500049853325,-73.24237314197363,-73.24237314197363
1777.510049853325,-73.23859585535867,-73.23859585535867
1777.520049853325,-73.23483385525132,-73.23483385525132
1777.530049853325,-73.23108730408775,-73.23108730408775
1777.540049853325,-73.2273563609526,-73.2273563609526
1777.550049853325,-73.22364118163257,-73.22364118163257
1777.560049853325,-73.21994191864957,-73.21994191864957
1777.570049853325,-73.21625872133022,-73.21625872133022
1777.580049853325,-73.21259173582902,-73.21259173582902
1777.590049853325,-73.208941105181,-73.208941105181
1777.600049853325,-73.20530696935484,-73.20530696935484
1777.6100498533249,-73.20168946527818,-73.20168946527818
1777.6200498533249,-73.19808872690115,-73.19808872690115
1777.6300498533249,-73.19450488521363,-73.19450488521363
1777.6400498533249,-73.19093806830736,-73.19093806830736
1777.6500498533248,-73.18738840142245,-73.18738840142245
1777.6600498533248,-73.18385600696362,-73.18385600696362
1777.6700498533248,-73.18034100455812,-73.18034100455812
1777.6800498533248,-73.17684351109557,-73.17684351109557
1777.6900498533248,-73.17336364076591,-73.17336364076591
1777.7000498533248,-73.16990150508539,-73.16990150508539
1777.7100498533248,-73.16645721295787,-73.16645721295787
1777.7200498533248,-73.16303087069215,-73.16303087069215
1777.730049853325,-73.15962258204175,-73.15962258204175
1777.740049853325,-73.15623244826381,-73.15623244826381
1777.750049853325,-73.15286056812839,-73.15286056812839
1777.760049853325,-73.1495070379588,-73.1495070379588
1777.770049853325,-73.1461719516827,-73.1461719516827
1777.780049853325,-73.14285540085247,-73.14285540085247
1777.790049853325,-73.13955747468883,-73.13955747468883
1777.800049853325,-73.1362782601076,-73.1362782601076
1777.810049853325,-73.13301784175675,-73.13301784175675
1777.820049853325,-73.12977630203982,-73.12977630203982
1777.830049853325,-73.12655372117014,-73.12655372117014
1777.840049853325,-73.12335017717832,-73.12335017717832
1777.850049853325,-73.12016574595964,-73.12016574595964
1777.8600498533249,-73.11700050130693,-73.11700050130693
1777.8700498533249,-73.11385451492937,-73.11385451492937
1777.8800498533249,-73.11072785649613,-73.11072785649613
1777.8900498533249,-73.10762059365288,-73.10762059365288
1777.9000498533248,-73.10453279205692,-73.10453279205692
1777.9100498533248,-73.10146451541459,-73.10146451541459
1777.9200498533248,-73.0984158254952,-73.0984158254952
1777.9300498533248,-73.09538678217305,-73.09538678217305
1777.9400498533248,-73.09237744345019,-73.09237744345019
1777.9500498533248,-73.08938786548745,-73.08938786548745
1777.9600498533248,-73.08641173512078,-73.08641173512078
1777.9700498533248,-73.08344632363902,-73.08344632363902
1777.980049853325,-73.08049033406355,-73.08049033406355
1777.990049853325,-73.07754313129483,-73.07754313129483
1778.000049853325,-73.07460444824392,-73.07460444824392
1778.010049853325,-73.07167423317512,-73.07167423317512
1778.020049853325,-73.0687525601331,-73.0687525601331
1778.030049853325,-73.06583957509929,-73.06583957509929
1778.040049853325,-73.06293546358705,-73.06293546358705
1778.050049853325,-73.06004043118153,-73.06004043118153
1778.060049853325,-73.05715469199197,-73.05715469199197
1778.070049853325,-73.05427846185404,-73.05427846185404
1778.080049853325,-73.05141195444864,-73.05141195444864
1778.090049853325,-73.04855537920612,-73.04855537920612
1778.100049853325,-73.04570894027141,-73.04570894027141
1778.1100498533249,-73.04287283613314,-73.04287283613314
1778.1200498533249,-73.04004725956248,-73.04004725956248
1778.1300498533249,-73.03723239784172,-73.03723239784172
1778.1400498533249,-73.03442843302695,-73.03442843302695
1778.1500498533248,-73.03163554229693,-73.03163554229693
1778.1600498533248,-73.02885389826275,-73.02885389826275
1778.1700498533248,-73.02608366932522,-73.02608366932522
1778.1800498533248,-73.02332501994694,-73.02332501994694
1778.1900498533248,-73.02057811093759,-73.02057811093759
1778.2000498771667,-73.0178430931704,-73.0178430931704
1778.2100498771667,-73.01512013387615,-73.01512013387615
1778.2200498771667,-73.01240937767481,-73.01240937767481
1778.2300498771667,-73.0097109728531,-73.0097109728531
1778.2400498771667,-73.00702506496634,-73.00702506496634
1778.2500498771667,-73.00435179695398,-73.00435179695398
1778.2600498771667,-73.00169130925484,-73.00169130925484
1778.2700498771667,-72.9990437398586,-72.9990437398586
1778.2800498771667,-72.99640922442288,-72.99640922442288
1778.2900498771667,-72.99378789630501,-72.99378789630501
1778.3000498771667,-72.99117988662738,-72.99117988662738
1778.3100498771666,-72.98858532431954,-72.98858532431954
1778.3200498771666,-72.98600433617213,-72.98600433617213
1778.3300498771669,-72.98343704684078,-72.98343704684078
1778.3400498771668,-72.98088357890668,-72.98088357890668
1778.3500498771668,-72.97834405288907,-72.97834405288907
1778.3600498771668,-72.97581858727067,-72.97581858727067
1778.3700498771668,-72.97330729851181,-72.97330729851181
1778.3800498771668,-72.97081030107513,-72.97081030107513
1778.3900498771668,-72.96832770744338,-72.96832770744338
1778.4000498771668,-72.96585962811953,-72.96585962811953
1778.4100498771668,-72.96340617167411,-72.96340617167411
1778.4200498771668,-72.96096744469872,-72.96096744469872
1778.4300498771668,-72.9585435518828,-72.9585435518828
1778.4400498771668,-72.95613459598127,-72.95613459598127
1778.4500498771667,-72.95374067785039,-72.95374067785039
1778.4600498771667,-72.95136189643624,-72.95136189643624
1778.4700498771667,-72.94899834881042,-72.94899834881042
1778.4800498771667,-72.94665013015822,-72.94665013015822
1778.4900498771667,-72.94431733380038,-72.94431733380038
1778.5000498771667,-72.94200005120415,-72.94200005120415
1778.5100498771667,-72.93969837199275,-72.93969837199275
1778.5200498771667,-72.9374123839491,-72.9374123839491
1778.5300498771667,-72.93514217303641,-72.93514217303641
1778.5400498771667,-72.93288782339991,-72.93288782339991
1778.5500498771667,-72.93064941739861,-72.93064941739861
1778.5600498771666,-72.92842703557997,-72.92842703557997
1778.5700498771666,-72.92622075673982,-72.92622075673982
1778.5800498771669,-72.92403065789325,-72.92403065789325
1778.5900498771668,-72.92185681430512,-72.92185681430512
1778.6000498771668,-72.91969929949988,-72.91969929949988
1778.6100498771668,-72.9175581852796,-72.9175581852796
1778.6200498771668,-72.91543354172241,-72.91543354172241
1778.6300498771668,-72.91332543722045,-72.91332543722045
1778.6400498771668,-72.9112339384682,-72.9112339384682
1778.6500498771668,-72.90915911049373,-72.90915911049373
1778.6600498771668,-72.907101016656,-72.907101016656
1778.6700498771668,-72.90505971867778,-72.90505971867778
1778.6800498771668,-72.90303527664506,-72.90303527664506
1778.6900498771668,-72.9010277490366,-72.9010277490366
1778.7000498771667,-72.89903719271908,-72.89903719271908
1778.7100498771667,-72.89705731104944,-72.89705731104944
1778.7200498771667,-72.89508538229863,-72.89508538229863
1778.7300498771667,-72.89312011284161,-72.89312011284161
1778.7400498771667,-72.89116086934892,-72.89116086934892
1778.7500498771667,-72.8892073857373,-72.8892073857373
1778.7600498771667,-72.88725961089901,-72.88725961089901
1778.7700498771667,-72.88531761938081,-72.88531761938081
1778.7800498771667,-72.88338155768555,-72.88338155768555
1778.7900498771667,-72.88145161194285,-72.88145161194285
1778.8000498771667,-72.87952798851616,-72.87952798851616
1778.8100498771666,-72.87761090246235,-72.87761090246235
1778.8200498771666,-72.87570057075291,-72.87570057075291
1778.8300498771669,-72.8737972083847,-72.8737972083847
1778.8400498771668,-72.87190102630248,-72.87190102630248
1778.8500498771668,-72.87001223033364,-72.87001223033364
1778.8600498771668,-72.86813102081221,-72.86813102081221
1778.8700498771668,-72.86625759254315,-72.86625759254315
1778.8800498771668,-72.864392134979,-72.864392134979
1778.8900498771668,-72.86253483248979,-72.86253483248979
1778.9000498771668,-72.86068586469743,-72.86068586469743
1778.9100498771668,-72.85884540681184,-72.85884540681184
1778.9200498771668,-72.85701362992312,-72.85701362992312
1778.9300498771668,-72.85519070130262,-72.85519070130262
1778.9400498771668,-72.85337678469418,-72.85337678469418
1778.9500498771667,-72.85157204049548,-72.85157204049548
1778.9600498771667,-72.84977662599968,-72.84977662599968
1778.9700498771667,-72.8479906955611,-72.8479906955611
1778.9800498771667,-72.84621440075274,-72.84621440075274
1778.9900498771667,-72.84444789049394,-72.84444789049394
1779.0000498771667,-72.84269131115825,-72.84269131115825
1779.0100498771667,-72.8409448066728,-72.8409448066728
1779.0200498771667,-72.83920851860005,-72.83920851860005
1779.0300498771667,-72.83748258622943,-72.83748258622943
1779.0400498771667,-72.83576714659141,-72.83576714659141
1779.0500499010086,-72.8340623304898,-72.8340623304898
1779.0600499010086,-72.8323682787848,-72.8323682787848
1779.0700499010086,-72.83068511801343,-72.83068511801343
1779.0800499010086,-72.82901297670985,-72.82901297670985
1779.0900499010086,-72.82735198137524,-72.82735198137524
1779.1000499010086,-72.82570225648598,-72.82570225648598
1779.1100499010086,-72.82406392451902,-72.82406392451902
1779.1200499010085,-72.82243710597253,-72.82243710597253
1779.1300499010085,-72.82082191936225,-72.82082191936225
1779.1400499010085,-72.81921848127355,-72.81921848127355
1779.1500499010085,-72.81762690633317,-72.81762690633317
1779.1600499010085,-72.8160473072481,-72.8160473072481
1779.1700499010085,-72.81447979480991,-72.81447979480991
1779.1800499010087,-72.81292447790028,-72.81292447790028
1779.1900499010087,-72.81138146349328,-72.81138146349328
1779.2000499010087,-72.80985085670099,-72.80985085670099
1779.2100499010087,-72.8083264164823,-72.8083264164823
1779.2200499010087,-72.80680547178345,-72.80680547178345
1779.2300499010087,-72.80528677746746,-72.80528677746746
1779.2400499010087,-72.80376974751819,-72.80376974751819
1779.2500499010087,-72.80225416236574,-72.80225416236574
1779.2600499010086,-72.80074001682837,-72.80074001682837
1779.2700499010086,-72.79922743091274,-72.79922743091274
1779.2800499010086,-72.79771659617714,-72.79771659617714
1779.2900499010086,-72.79620774344639,-72.79620774344639
1779.3000499010086,-72.79470112346223,-72.79470112346223
1779.3100499010086,-72.79319699534348,-72.79319699534348
1779.3200499010086,-72.79169561979938,-72.79169561979938
1779.3300499010086,-72.79019725526105,-72.79019725526105
1779.3400499010086,-72.78870215578834,-72.78870215578834
1779.3500499010086,-72.78721057000799,-72.78721057000799
1779.3600499010086,-72.78572274074223,-72.78572274074223
1779.3700499010085,-72.78423890493004,-72.78423890493004
1779.3800499010085,-72.78275929383301,-72.78275929383301
1779.3900499010085,-72.78128413330776,-72.78128413330776
1779.4000499010085,-72.77981364410718,-72.77981364410718
1779.4100499010085,-72.77834804220747,-72.77834804220747
1779.4200499010085,-72.77688753913907,-72.77688753913907
1779.4300499010087,-72.77543234225705,-72.77543234225705
1779.4400499010087,-72.77398265499313,-72.77398265499313
1779.4500499010087,-72.77253867711588,-72.77253867711588
1779.4600499010087,-72.7711006048946,-72.7711006048946
1779.4700499010087,-72.76966863129765,-72.76966863129765
1779.4800499010087,-72.7682429461462,-72.7682429461462
1779.4900499010087,-72.76682373623191,-72.76682373623191
1779.5000499010087,-72.76541118543206,-72.76541118543206
1779.5100499010086,-72.76400547480324,-72.76400547480324
1779.5200499010086,-72.76260678267079,-72.76260678267079
1779.5300499010086,-72.76121528468823,-72.76121528468823
1779.5400499010086,-72.75983115390724,-72.75983115390724
1779.5500499010086,-72.75845456080074,-72.75845456080074
1779.5600499010086,-72.75708567335147,-72.75708567335147
1779.5700499010086,-72.75572465705835,-72.75572465705835
1779.5800499010086,-72.75437167497076,-72.75437167497076
1779.5900499010086,-72.75302688771842,-72.75302688771842
1779.6000499010086,-72.75169045353985,-72.75169045353985
1779.6100499010086,-72.75036252830589,-72.75036252830589
1779.6200499010085,-72.7490432655396,-72.7490432655396
1779.6300499010085,-72.74773281642281,-72.74773281642281
1779.6400499010085,-72.74643132981107,-72.74643132981107
1779.6500499010085,-72.74513895227467,-72.74513895227467
1779.6600499010085,-72.74385582807489,-72.74385582807489
1779.6700499010085,-72.7425820992036,-72.7425820992036
1779.6800499010087,-72.74131790539391,-72.74131790539391
1779.6900499010087,-72.74006338412096,-72.74006338412096
1779.7000499010087,-72.73881867061246,-72.73881867061246
1779.7100499010087,-72.73758389788108,-72.73758389788108
1779.7200499010087,-72.73635919671298,-72.73635919671298
1779.7300499010087,-72.73514469568346,-72.73514469568346
1779.7400499010087,-72.73394052119693,-72.73394052119693
1779.7500499010087,-72.73274679745056,-72.73274679745056
1779.7600499010086,-72.73156364649778,-72.73156364649778
1779.7700499010086,-72.73039118822143,-72.73039118822143
1779.7800499010086,-72.72922954036451,-72.72922954036451
1779.7900499010086,-72.72807881854546,-72.72807881854546
1779.8000499010086,-72.72693913625793,-72.72693913625793
1779.8100499010086,-72.7258106049104,-72.7258106049104
1779.8200499010086,-72.72469333381689,-72.72469333381689
1779.8300499010086,-72.7235874302109,-72.7235874302109
1779.8400499010086,-72.7224929992845,-72.7224929992845
1779.8500499010086,-72.72141014417345,-72.72141014417345
1779.8600499010086,-72.72033896600293,-72.72033896600293
1779.8700499010085,-72.71927956387009,-72.71927956387009
1779.8800499010085,-72.71823203488616,-72.71823203488616
1779.8900499010085,-72.71719647418972,-72.71719647418972
1779.9000499248505,-72.71617297251716,-72.71617297251716
1779.9100499248505,-72.71516162599167,-72.71516162599167
1779.9200499248504,-72.71416252144387,-72.71416252144387
1779.9300499248504,-72.71317574626953,-72.71317574626953
1779.9400499248504,-72.71220138596958,-72.71220138596958
1779.9500499248504,-72.71123952416244,-72.71123952416244
1779.9600499248504,-72.7102902426117,-72.7102902426117
1779.9700499248504,-72.70935362124735,-72.70935362124735
1779.9800499248504,-72.70842973816652,-72.70842973816652
1779.9900499248504,-72.70751866968115,-72.70751866968115
1780.0000499248504,-72.70662049029751,-72.70662049029751
1780.0100499248504,-72.70573527277779,-72.70573527277779
1780.0200499248504,-72.70486308812134,-72.70486308812134
1780.0300499248506,-72.70400400561775,-72.70400400561775
1780.0400499248506,-72.70315809281529,-72.70315809281529
1780.0500499248506,-72.70232541560414,-72.70232541560414
1780.0600499248505,-72.70150603817962,-72.70150603817962
1780.0700499248505,-72.70070002309224,-72.70070002309224
1780.0800499248505,-72.69990743126026,-72.69990743126026
1780.0900499248505,-72.69912832198537,-72.69912832198537
1780.1000499248505,-72.69836275297196,-72.69836275297196
1780.1100499248505,-72.69761078034573,-72.69761078034573
1780.1200499248505,-72.69687245866751,-72.69687245866751
1780.1300499248505,-72.69614784096433,-72.69614784096433
1780.1400499248505,-72.69543697874212,-72.69543697874212
1780.1500499248505,-72.69473992200516,-72.69473992200516
1780.1600499248505,-72.69405671926754,-72.69405671926754
1780.1700499248504,-72.6933874175778,-72.6933874175778
1780.1800499248504,-72.69273206254249,-72.69273206254249
1780.1900499248504,-72.69209069833735,-72.69209069833735
1780.2000499248504,-72.69146336773112,-72.69146336773112
1780.2100499248504,-72.69085011208959,-72.69085011208959
1780.2200499248504,-72.69025097141409,-72.69025097141409
1780.2300499248504,-72.68966598435205,-72.68966598435205
1780.2400499248504,-72.68909518820256,-72.68909518820256
1780.2500499248504,-72.68853861895923,-72.68853861895923
1780.2600499248504,-72.68799631130328,-72.68799631130328
1780.2700499248504,-72.68746829863524,-72.68746829863524
1780.2800499248506,-72.68695461307728,-72.68695461307728
1780.2900499248506,-72.6864552855184,-72.6864552855184
1780.3000499248506,-72.68597034561112,-72.68597034561112
1780.3100499248505,-72.68549982178988,-72.68549982178988
1780.3200499248505,-72.68504374128085,-72.68504374128085
1780.3300499248505,-72.68460213014912,-72.68460213014912
1780.3400499248505,-72.68417501328051,-72.68417501328051
1780.3500499248505,-72.68376241441912,-72.68376241441912
1780.3600499248505,-72.68336435616989,-72.68336435616989
1780.3700499248505,-72.68298086003489,-72.68298086003489
1780.3800499248505,-72.68261194640309,-72.68261194640309
1780.3900499248505,-72.68225763459162,-72.68225763459162
1780.4000499248505,-72.68191794284422,-72.68191794284422
1780.4100499248505,-72.6815928883533,-72.6815928883533
1780.4200499248504,-72.68128248726748,-72.68128248726748
1780.4300499248504,-72.68098675472973,-72.68098675472973
1780.4400499248504,-72.68070570486806,-72.68070570486806
1780.4500499248504,-72.68043935082358,-72.68043935082358
1780.4600499248504,-72.68018770476404,-72.68018770476404
1780.4700499248504,-72.67995077788513,-72.67995077788513
1780.4800499248504,-72.67972858044384,-72.67972858044384
1780.4900499248504,-72.67952112176789,-72.67952112176789
1780.5000499248504,-72.67932841026233,-72.67932841026233
1780.5100499248504,-72.6791504534249,-72.6791504534249
1780.5200499248504,-72.67898725787732,-72.67898725787732
1780.5300499248506,-72.67883882934956,-72.67883882934956
1780.5400499248506,-72.67870517271993,-72.67870517271993
1780.5500499248506,-72.67858629201272,-72.67858629201272
1780.5600499248505,-72.67848219042614,-72.67848219042614
1780.5700499248505,-72.6783928703206,-72.6783928703206
1780.5800499248505,-72.678318333264,-72.678318333264
1780.5900499248505,-72.67825858001024,-72.67825858001024
1780.6000499248505,-72.67821361054537,-72.67821361054537
1780.6100499248505,-72.67818342407611,-72.67818342407611
1780.6200499248505,-72.6781680190534,-72.6781680190534
1780.6300499248505,-72.67816739318054,-72.67816739318054
1780.6400499248505,-72.67818154342353,-72.67818154342353
1780.6500499248505,-72.6782104660365,-72.6782104660365
1780.6600499248505,-72.67825415654882,-72.67825415654882
1780.6700499248504,-72.67831260980147,-72.67831260980147
1780.6800499248504,-72.67838581993836,-72.67838581993836
1780.6900499248504,-72.67847378044046,-72.67847378044046
1780.7000499248504,-72.67857648411213,-72.67857648411213
1780.7100499248504,-72.6786939231022,-72.6786939231022
1780.7200499248504,-72.6788260889308,-72.6788260889308
1780.7300499248504,-72.67897297247562,-72.67897297247562
1780.7400499248504,-72.67913456399666,-72.67913456399666
1780.7500499486923,-72.67931085355805,-72.67931085355805
1780.7600499486923,-72.67950182940588,-72.67950182940588
1780.7700499486923,-72.67970748037321,-72.67970748037321
1780.7800499486923,-72.67992779433253,-72.67992779433253
1780.7900499486923,-72.68016275858776,-72.68016275858776
1780.8000499486923,-72.68041235989246,-72.68041235989246
1780.8100499486923,-72.68067658442926,-72.68067658442926
1780.8200499486923,-72.68095541785617,-72.68095541785617
1780.8300499486922,-72.68124884528935,-72.68124884528935
1780.8400499486922,-72.68155685132865,-72.68155685132865
1780.8500499486922,-72.68187942005262,-72.68187942005262
1780.8600499486922,-72.68221653504393,-72.68221653504393
1780.8700499486922,-72.68256817938577,-72.68256817938577
1780.8800499486924,-72.68293433566969,-72.68293433566969
1780.8900499486924,-72.68331498601148,-72.68331498601148
1780.9000499486924,-72.6837101120673,-72.6837101120673
1780.9100499486924,-72.68411969501469,-72.68411969501469
1780.9200499486924,-72.68454371559504,-72.68454371559504
1780.9300499486924,-72.684982154092,-72.684982154092
1780.9400499486924,-72.68543499036755,-72.68543499036755
1780.9500499486924,-72.68590220383842,-72.68590220383842
1780.9600499486924,-72.68638377350332,-72.68638377350332
1780.9700499486923,-72.6868796779627,-72.6868796779627
1780.9800499486923,-72.6873898953898,-72.6873898953898
1780.9900499486923,-72.68791440358446,-72.68791440358446
1781.0000499486923,-72.68845317993278,-72.68845317993278
1781.0100499486923,-72.68900620144761,-72.68900620144761
1781.0200499486923,-72.68957344477185,-72.68957344477185
1781.0300499486923,-72.69015488617305,-72.69015488617305
1781.0400499486923,-72.69075050155456,-72.69075050155456
1781.0500499486923,-72.6913602664706,-72.6913602664706
1781.0600499486923,-72.6919841561297,-72.6919841561297
1781.0700499486923,-72.69262214538793,-72.69262214538793
1781.0800499486922,-72.69327420877178,-72.69327420877178
1781.0900499486922,-72.69394032048059,-72.69394032048059
1781.1000499486922,-72.69462045439276,-72.69462045439276
1781.1100499486922,-72.69531458407302,-72.69531458407302
1781.1200499486922,-72.69602268277089,-72.69602268277089
1781.1300499486924,-72.69674472342761,-72.69674472342761
1781.1400499486924,-72.69748067870772,-72.69748067870772
1781.1500499486924,-72.69823052097195,-72.69823052097195
1781.1600499486924,-72.6989942222955,-72.6989942222955
1781.1700499486924,-72.69977175446739,-72.69977175446739
1781.1800499486924,-72.7005630890146,-72.7005630890146
1781.1900499486924,-72.70136819718647,-72.70136819718647
1781.2000499486924,-72.702187049983,-72.702187049983
1781.2100499486924,-72.70301327941155,-72.70301327941155
1781.2200499486923,-72.7038440825117,-72.7038440825117
1781.2300499486923,-72.70467808130839,-72.70467808130839
1781.2400499486923,-72.705514557419,-72.705514557419
1781.2500499486923,-72.7063531598763,-72.7063531598763
1781.2600499486923,-72.70719375340032,-72.70719375340032
1781.2700499486923,-72.7080363293528,-72.7080363293528
1781.2800499486923,-72.70888095228676,-72.70888095228676
1781.2900499486923,-72.70972772771951,-72.70972772771951
1781.3000499486923,-72.71057678284843,-72.71057678284843
1781.3100499486923,-72.71142825502062,-72.71142825502062
1781.3200499486923,-72.71228228498524,-72.71228228498524
1781.3300499486922,-72.71313901300266,-72.71313901300266
1781.3400499486922,-72.71399857674031,-72.71399857674031
1781.3500499486922,-72.71486111021373,-72.71486111021373
1781.3600499486922,-72.71572674338276,-72.71572674338276
1781.3700499486922,-72.71659560207604,-72.71659560207604
1781.3800499486924,-72.71746780816575,-72.71746780816575
1781.3900499486924,-72.71834347980707,-72.71834347980707
1781.4000499486924,-72.71922273174269,-72.71922273174269
1781.4100499486924,-72.72010567561122,-72.72010567561122
1781.4200499486924,-72.72099242023101,-72.72099242023101
1781.4300499486924,-72.72188307188343,-72.72188307188343
1781.4400499486924,-72.72277773454417,-72.72277773454417
1781.4500499486924,-72.72367651009316,-72.72367651009316
1781.4600499486924,-72.72457315790174,-72.72457315790174
1781.4700499486923,-72.72546500182173,-72.72546500182173
1781.4800499486923,-72.72635078970971,-72.72635078970971
1781.4900499486923,-72.7272299279024,-72.7272299279024
1781.5000499486923,-72.72810218911721,-72.72810218911721
1781.5100499486923,-72.7289675607255,-72.7289675607255
1781.5200499486923,-72.72982615580197,-72.72982615580197
1781.5300499486923,-72.73067815967276,-72.73067815967276
1781.5400499486923,-72.73152379774616,-72.73152379774616
1781.5500499486923,-72.7323633162484,-72.7323633162484
1781.5600499486923,-72.73319697072615,-72.73319697072615
1781.5700499486923,-72.73402501928997,-72.73402501928997
1781.5800499486922,-72.73484771875098,-72.73484771875098
1781.5900499486922,-72.7356653225256,-72.7356653225256
1781.6000499725342,-72.73647808149481,-72.73647808149481
1781.6100499725342,-72.737286235828,-72.737286235828
1781.6200499725342,-72.73809002662601,-72.73809002662601
1781.6300499725342,-72.73888968821616,-72.73888968821616
1781.6400499725341,-72.73968545040131,-72.73968545040131
1781.6500499725341,-72.74047753872212,-72.74047753872212
1781.6600499725341,-72.74126617476111,-72.74126617476111
1781.6700499725341,-72.7420515764468,-72.7420515764468
1781.680049972534,-72.74283395828714,-72.74283395828714
1781.690049972534,-72.7436135316053,-72.7436135316053
1781.700049972534,-72.74439050475655,-72.74439050475655
1781.710049972534,-72.74516508329846,-72.74516508329846
1781.720049972534,-72.7459374701267,-72.7459374701267
1781.7300499725343,-72.74670786560978,-72.74670786560978
1781.7400499725343,-72.7474764677036,-72.7474764677036
1781.7500499725343,-72.74824347202933,-72.74824347202933
1781.7600499725343,-72.74900907193943,-72.74900907193943
1781.7700499725343,-72.7497734585864,-72.7497734585864
1781.7800499725342,-72.75053682096338,-72.75053682096338
1781.7900499725342,-72.75129934596157,-72.75129934596157
1781.8000499725342,-72.75206121834727,-72.75206121834727
1781.8100499725342,-72.75282262086404,-72.75282262086404
1781.8200499725342,-72.75358373418288,-72.75358373418288
1781.8300499725342,-72.75434473694324,-72.75434473694324
1781.8400499725342,-72.7551058057689,-72.7551058057689
1781.8500499725342,-72.75586711526424,-72.75586711526424
1781.8600499725342,-72.75662883801509,-72.75662883801509
1781.8700499725342,-72.75739114460454,-72.75739114460454
1781.8800499725342,-72.75815420360328,-72.75815420360328
1781.8900499725341,-72.75891818157807,-72.75891818157807
1781.9000499725341,-72.75968324308663,-72.75968324308663
1781.9100499725341,-72.76044955067957,-72.76044955067957
1781.9200499725341,-72.76121726489666,-72.76121726489666
1781.930049972534,-72.76198654426933,-72.76198654426933
1781.940049972534,-72.76275754531918,-72.76275754531918
1781.950049972534,-72.76353042255876,-72.76353042255876
1781.960049972534,-72.76430532849028,-72.76430532849028
1781.970049972534,-72.76508241359535,-72.76508241359535
1781.9800499725343,-72.76586182636242,-72.76586182636242
1781.9900499725343,-72.76664371326792,-72.76664371326792
1782.0000499725343,-72.76742821877161,-72.76742821877161
1782.0100499725343,-72.76821548534423,-72.76821548534423
1782.0200499725343,-72.76900565344424,-72.76900565344424
1782.0300499725342,-72.76979886154463,-72.76979886154463
1782.0400499725342,-72.7705952461194,-72.7705952461194
1782.0500499725342,-72.77139494166401,-72.77139494166401
1782.0600499725342,-72.7721980806883,-72.7721980806883
1782.0700499725342,-72.77300479372815,-72.77300479372815
1782.0800499725342,-72.7738152093477,-72.7738152093477
1782.0900499725342,-72.77462945416448,-72.77462945416448
1782.1000499725342,-72.77544765283652,-72.77544765283652
1782.1100499725342,-72.77626992808324,-72.77626992808324
1782.1200499725342,-72.77709640068277,-72.77709640068277
1782.1300499725342,-72.77792718949487,-72.77792718949487
1782.1400499725341,-72.77876241147484,-72.77876241147484
1782.1500499725341,-72.77960218166365,-72.77960218166365
1782.1600499725341,-72.78044661321381,-72.78044661321381
1782.1700499725341,-72.78129581741072,-72.78129581741072
1782.180049972534,-72.78214990366335,-72.78214990366335
1782.190049972534,-72.7830089795231,-72.7830089795231
1782.200049972534,-72.78387315070951,-72.78387315070951
1782.210049972534,-72.78474252110786,-72.78474252110786
1782.220049972534,-72.78561719279624,-72.78561719279624
1782.2300499725343,-72.78649726604144,-72.78649726604144
1782.2400499725343,-72.78738283934678,-72.78738283934678
1782.2500499725343,-72.78827400941503,-72.78827400941503
1782.2600499725343,-72.78917087122146,-72.78917087122146
1782.2700499725343,-72.7900735179805,-72.7900735179805
1782.2800499725342,-72.79098204119303,-72.79098204119303
1782.2900499725342,-72.79189653063843,-72.79189653063843
1782.3000499725342,-72.79281707441504,-72.79281707441504
1782.3100499725342,-72.79374375892796,-72.79374375892796
1782.3200499725342,-72.79467666893142,-72.79467666893142
1782.3300499725342,-72.79561588753486,-72.79561588753486
1782.3400499725342,-72.7965614962032,-72.7965614962032
1782.3500499725342,-72.797513574802,-72.797513574802
1782.3600499725342,-72.79847220159294,-72.79847220159294
1782.3700499725342,-72.79943745326528,-72.79943745326528
1782.3800499725342,-72.80040940492911,-72.80040940492911
1782.3900499725341,-72.80138813016083,-72.80138813016083
1782.4000499725341,-72.80237370100504,-72.80237370100504
1782.4100499725341,-72.80336618799146,-72.80336618799146
1782.4200499725341,-72.80436566014873,-72.80436566014873
1782.430049972534,-72.80537218503437,-72.80537218503437
1782.440049972534,-72.80638582873918,-72.80638582873918
1782.450049996376,-72.8074066583343,-72.8074066583343
1782.460049996376,-72.80843473219876,-72.80843473219876
1782.470049996376,-72.80947011453969,-72.80947011453969
1782.480049996376,-72.810512865766,-72.810512865766
1782.490049996376,-72.8115630449062,-72.8115630449062
1782.500049996376,-72.81262070962595,-72.81262070962595
1782.510049996376,-72.81368591625157,-72.81368591625157
1782.520049996376,-72.81475871976997,-72.81475871976997
1782.530049996376,-72.81583917386453,-72.81583917386453
1782.540049996376,-72.81692733092456,-72.81692733092456
1782.550049996376,-72.81802324204783,-72.81802324204783
1782.560049996376,-72.81912695708152,-72.81912695708152
1782.570049996376,-72.82023852461614,-72.82023852461614
1782.5800499963761,-72.82135799202513,-72.82135799202513
1782.5900499963761,-72.82248540544738,-72.82248540544738
1782.6000499963761,-72.82362080984149,-72.82362080984149
1782.6100499963761,-72.82476424897266,-72.82476424897266
1782.620049996376,-72.82591576544414,-72.82591576544414
1782.630049996376,-72.82707540070334,-72.82707540070334
1782.640049996376,-72.82824319506753,-72.82824319506753
1782.650049996376,-72.82941918772424,-72.82941918772424
1782.660049996376,-72.83060341676261,-72.83060341676261
1782.670049996376,-72.83179591918476,-72.83179591918476
1782.680049996376,-72.83299673089627,-72.83299673089627
1782.690049996376,-72.83420588677664,-72.83420588677664
1782.700049996376,-72.8354234206317,-72.8354234206317
1782.710049996376,-72.8366493652523,-72.8366493652523
1782.720049996376,-72.83788375239523,-72.83788375239523
1782.730049996376,-72.83912661282987,-72.83912661282987
1782.740049996376,-72.84037797633609,-72.84037797633609
1782.750049996376,-72.84163787171687,-72.84163787171687
1782.760049996376,-72.84290632680602,-72.84290632680602
1782.770049996376,-72.84418336851665,-72.84418336851665
1782.780049996376,-72.84546902280192,-72.84546902280192
1782.790049996376,-72.84676331470918,-72.84676331470918
1782.800049996376,-72.84806626838429,-72.84806626838429
1782.810049996376,-72.84937790706648,-72.84937790706648
1782.820049996376,-72.85069825312569,-72.85069825312569
1782.8300499963761,-72.85202732806783,-72.85202732806783
1782.8400499963761,-72.85336515253445,-72.85336515253445
1782.8500499963761,-72.85471174633747,-72.85471174633747
1782.8600499963761,-72.85606712845251,-72.85606712845251
1782.870049996376,-72.85743131704243,-72.85743131704243
1782.880049996376,-72.8588043294747,-72.8588043294747
1782.890049996376,-72.86018618230665,-72.86018618230665
1782.900049996376,-72.86157689132844,-72.86157689132844
1782.910049996376,-72.86297647156043,-72.86297647156043
1782.920049996376,-72.86438493727141,-72.86438493727141
1782.930049996376,-72.8658023019783,-72.8658023019783
1782.940049996376,-72.86722857846682,-72.86722857846682
1782.950049996376,-72.8686637787964,-72.8686637787964
1782.960049996376,-72.87010791433511,-72.87010791433511
1782.970049996376,-72.87156099573144,-72.87156099573144
1782.980049996376,-72.87302303294396,-72.87302303294396
1782.990049996376,-72.87449403527121,-72.87449403527121
1783.000049996376,-72.87597401133152,-72.87597401133152
1783.010049996376,-72.87746296907947,-72.87746296907947
1783.020049996376,-72.87896091583211,-72.87896091583211
1783.030049996376,-72.88046785827491,-72.88046785827491
1783.040049996376,-72.88198380246047,-72.88198380246047
1783.050049996376,-72.88350875383219,-72.88350875383219
1783.060049996376,-72.88504271720832,-72.88504271720832
1783.070049996376,-72.8865856968333,-72.8865856968333
1783.0800499963761,-72.88813769634304,-72.88813769634304
1783.0900499963761,-72.88969871881179,-72.88969871881179
1783.1000499963761,-72.89126876673441,-72.89126876673441
1783.1100499963761,-72.89284784205881,-72.89284784205881
1783.120049996376,-72.89443594616539,-72.89443594616539
1783.130049996376,-72.8960330799066,-72.8960330799066
1783.140049996376,-72.89763924359377,-72.89763924359377
1783.150049996376,-72.89925443702752,-72.89925443702752
1783.160049996376,-72.90087865946984,-72.90087865946984
1783.170049996376,-72.90251190970001,-72.90251190970001
1783.180049996376,-72.9041541859853,-72.9041541859853
1783.190049996376,-72.90580548610528,-72.90580548610528
1783.200049996376,-72.90746580736489,-72.90746580736489
1783.210049996376,-72.90912878852969,-72.90912878852969
1783.220049996376,-72.9107916423919,-72.9107916423919
1783.230049996376,-72.91245301021776,-72.91245301021776
1783.240049996376,-72.91411219430374,-72.91411219430374
1783.250049996376,-72.9157688651246,-72.9157688651246
1783.260049996376,-72.91742290920338,-72.91742290920338
1783.270049996376,-72.9190743398991,-72.9190743398991
1783.280049996376,-72.92072324384372,-72.92072324384372
1783.290049996376,-72.92236974870912,-72.92236974870912
1783.300050020218,-72.9240140077545,-72.9240140077545
1783.310050020218,-72.92565617263939,-72.92565617263939
1783.3200500202179,-72.92729641016616,-72.92729641016616
1783.3300500202179,-72.92893488271022,-72.92893488271022
1783.3400500202179,-72.93057175000364,-72.93057175000364
1783.3500500202179,-72.9322071681136,-72.9322071681136
1783.3600500202178,-72.9338412889783,-72.9338412889783
1783.3700500202178,-72.93547426036965,-72.93547426036965
1783.3800500202178,-72.9371062260355,-72.9371062260355
1783.3900500202178,-72.93873732593391,-72.93873732593391
1783.4000500202178,-72.94036769656118,-72.94036769656118
1783.4100500202178,-72.94199747121705,-72.94199747121705
1783.4200500202178,-72.94362678031315,-72.94362678031315
1783.430050020218,-72.94525575163664,-72.94525575163664
1783.440050020218,-72.9468845105717,-72.9468845105717
1783.450050020218,-72.94851318033572,-72.94851318033572
1783.460050020218,-72.95014188212541,-72.95014188212541
1783.470050020218,-72.95177073531974,-72.95177073531974
1783.480050020218,-72.95339985756151,-72.95339985756151
1783.490050020218,-72.95502936489203,-72.95502936489203
1783.500050020218,-72.95665937183864,-72.95665937183864
1783.510050020218,-72.95828999151279,-72.95828999151279
1783.520050020218,-72.9599213356316,-72.9599213356316
1783.530050020218,-72.96155351461127,-72.96155351461127
1783.540050020218,-72.96318663757918,-72.96318663757918
1783.550050020218,-72.96482081243192,-72.96482081243192
1783.560050020218,-72.96645614583592,-72.96645614583592
1783.5700500202179,-72.96809274327403,-72.96809274327403
1783.5800500202179,-72.96973070904193,-72.96973070904193
1783.5900500202179,-72.97137014627718,-72.97137014627718
1783.6000500202179,-72.97301115695349,-72.97301115695349
1783.6100500202178,-72.9746538418941,-72.9746538418941
1783.6200500202178,-72.9762983007643,-72.9762983007643
1783.6300500202178,-72.97794463209893,-72.97794463209893
1783.6400500202178,-72.97959293328483,-72.97959293328483
1783.6500500202178,-72.98124330055164,-72.98124330055164
1783.6600500202178,-72.98289582898416,-72.98289582898416
1783.6700500202178,-72.98455061252636,-72.98455061252636
1783.680050020218,-72.98620774395869,-72.98620774395869
1783.690050020218,-72.98786731491418,-72.98786731491418
1783.700050020218,-72.98952941587098,-72.98952941587098
1783.710050020218,-72.99119413614474,-72.99119413614474
1783.720050020218,-72.9928615638904,-72.9928615638904
1783.730050020218,-72.99453178610791,-72.99453178610791
1783.740050020218,-72.9962048886205,-72.9962048886205
1783.750050020218,-72.99788095608392,-72.99788095608392
1783.760050020218,-72.99956007198709,-72.99956007198709
1783.770050020218,-73.00115177877392,-73.00115177877392
1783.780050020218,-73.00262059183729,-73.00262059183729
1783.790050020218,-73.00395160240127,-73.00395160240127
1783.800050020218,-73.0051387241726,-73.0051387241726
1783.810050020218,-73.00618049142501,-73.00618049142501
1783.8200500202179,-73.00707807059142,-73.00707807059142
1783.8300500202179,-73.00783414208146,-73.00783414208146
1783.8400500202179,-73.00845222685363,-73.00845222685363
1783.8500500202179,-73.0089362729959,-73.0089362729959
1783.8600500202178,-73.00929040243481,-73.00929040243481
1783.8700500202178,-73.00951875805502,-73.00951875805502
1783.8800500202178,-73.00962541386069,-73.00962541386069
1783.8900500202178,-73.00961432472292,-73.00961432472292
1783.9000500202178,-73.00948930070867,-73.00948930070867
1783.9100500202178,-73.00925399656556,-73.00925399656556
1783.9200500202178,-73.00891191021141,-73.00891191021141
1783.930050020218,-73.00846638658452,-73.00846638658452
1783.940050020218,-73.00792062433561,-73.00792062433561
1783.950050020218,-73.00727768395552,-73.00727768395552
1783.960050020218,-73.00654049641231,-73.00654049641231
1783.970050020218,-73.00571187176674,-73.00571187176674
1783.980050020218,-73.00479450748094,-73.00479450748094
1783.990050020218,-73.00379099621348,-73.00379099621348
1784.000050020218,-73.00270383308064,-73.00270383308064
1784.010050020218,-73.00153542234274,-73.00153542234274
1784.020050020218,-73.00028808353564,-73.00028808353564
1784.030050020218,-72.99896405705427,-72.99896405705427
1784.040050020218,-72.99756550926693,-72.99756550926693
1784.050050020218,-72.99609453715962,-72.99609453715962
1784.060050020218,-72.99455317257578,-72.99455317257578
1784.0700500202179,-72.9929433860881,-72.9929433860881
1784.0800500202179,-72.99126709052679,-72.99126709052679
1784.0900500202179,-72.9895261442099,-72.9895261442099
1784.1000500202179,-72.98772235387936,-72.98772235387936
1784.1100500202178,-72.98585747742294,-72.98585747742294
1784.1200500202178,-72.98393322635945,-72.98393322635945
1784.1300500202178,-72.98195126810745,-72.98195126810745
1784.1400500202178,-72.97991322808619,-72.97991322808619
1784.1500500440598,-72.9778206866615,-72.9778206866615
1784.1600500440597,-72.97567520065887,-72.97567520065887
1784.1700500440597,-72.97347827584854,-72.97347827584854
1784.1800500440597,-72.97123138755,-72.97123138755
1784.1900500440597,-72.96893597741455,-72.96893597741455
1784.2000500440597,-72.96659345473338,-72.96659345473338
1784.2100500440597,-72.9642051976652,-72.9642051976652
1784.2200500440597,-72.96177255435298,-72.96177255435298
1784.2300500440597,-72.95929684399077,-72.95929684399077
1784.2400500440597,-72.95677935784123,-72.95677935784123
1784.2500500440597,-72.95422136012483,-72.95422136012483
1784.2600500440597,-72.95162408891052,-72.95162408891052
1784.2700500440596,-72.94898875693778,-72.94898875693778
1784.2800500440599,-72.94631655237309,-72.94631655237309
1784.2900500440599,-72.94360863952933,-72.94360863952933
1784.3000500440598,-72.94086615958264,-72.94086615958264
1784.3100500440598,-72.93809023115777,-72.93809023115777
1784.3200500440598,-72.93528195098807,-72.93528195098807
1784.3300500440598,-72.9324423944701,-72.9324423944701
1784.3400500440598,-72.92957261622637,-72.92957261622637
1784.3500500440598,-72.92667365060699,-72.92667365060699
1784.3600500440598,-72.92374651220055,-72.92374651220055
1784.3700500440598,-72.92079219631005,-72.92079219631005
1784.3800500440598,-72.91781167938717,-72.91781167938717
1784.3900500440598,-72.91480591948513,-72.91480591948513
1784.4000500440598,-72.91177585665858,-72.91177585665858
1784.4100500440597,-72.90872241337185,-72.90872241337185
1784.4200500440597,-72.90564649486228,-72.90564649486228
1784.4300500440597,-72.90254898952658,-72.90254898952658
1784.4400500440597,-72.89943076926731,-72.89943076926731
1784.4500500440597,-72.8962926898283,-72.8962926898283
1784.4600500440597,-72.89313559111758,-72.89313559111758
1784.4700500440597,-72.88996029754288,-72.88996029754288
1784.4800500440597,-72.88676761829463,-72.88676761829463
1784.4900500440597,-72.88355834766693,-72.88355834766693
1784.5000500440597,-72.88033326532994,-72.88033326532994
1784.5100500440597,-72.87709313660737,-72.87709313660737
1784.5200500440596,-72.8738387127525,-72.8738387127525
1784.5300500440599,-72.87057073121697,-72.87057073121697
1784.5400500440599,-72.86728991589953,-72.86728991589953
1784.5500500440598,-72.86399697739127,-72.86399697739127
1784.5600500440598,-72.86069261322415,-72.86069261322415
1784.5700500440598,-72.85737750811154,-72.85737750811154
1784.5800500440598,-72.85405233416185,-72.85405233416185
1784.5900500440598,-72.85071775112232,-72.85071775112232
1784.6000500440598,-72.8473744065846,-72.8473744065846
1784.6100500440598,-72.8440229362152,-72.8440229362152
1784.6200500440598,-72.8406639639478,-72.8406639639478
1784.6300500440598,-72.83729810219131,-72.83729810219131
1784.6400500440598,-72.83392595204133,-72.83392595204133
1784.6500500440598,-72.83054810346,-72.83054810346
1784.6600500440597,-72.82716513548623,-72.82716513548623
1784.6700500440597,-72.8237776164078,-72.8237776164078
1784.6800500440597,-72.82038610395372,-72.82038610395372
1784.6900500440597,-72.81699114547187,-72.81699114547187
1784.7000500440597,-72.81359327810597,-72.81359327810597
1784.7100500440597,-72.81019302896777,-72.81019302896777
1784.7200500440597,-72.806790915321,-72.806790915321
1784.7300500440597,-72.80338744471754,-72.80338744471754
1784.7400500440597,-72.79998311518456,-72.79998311518456
1784.7500500440597,-72.79657841538979,-72.79657841538979
1784.7600500440597,-72.79317382478213,-72.79317382478213
1784.7700500440596,-72.78976981375286,-72.78976981375286
1784.7800500440599,-72.7863668437914,-72.7863668437914
1784.7900500440599,-72.78296536762105,-72.78296536762105
1784.8000500440598,-72.77956582936686,-72.77956582936686
1784.8100500440598,-72.77616866469037,-72.77616866469037
1784.8200500440598,-72.7727743009107,-72.7727743009107
1784.8300500440598,-72.76938315718515,-72.76938315718515
1784.8400500440598,-72.76599564461006,-72.76599564461006
1784.8500500440598,-72.76261216635994,-72.76261216635994
1784.8600500440598,-72.75923311784197,-72.75923311784197
1784.8700500440598,-72.75585888679598,-72.75585888679598
1784.8800500440598,-72.75248985344788,-72.75248985344788
1784.8900500440598,-72.74912639060709,-72.74912639060709
1784.9000500440598,-72.74576886381793,-72.74576886381793
1784.9100500440597,-72.74241763145933,-72.74241763145933
1784.9200500440597,-72.73907304488083,-72.73907304488083
1784.9300500440597,-72.73573544849363,-72.73573544849363
1784.9400500440597,-72.73240517992096,-72.73240517992096
1784.9500500440597,-72.72908257008483,-72.72908257008483
1784.9600500440597,-72.72576794331576,-72.72576794331576
1784.9700500440597,-72.72246161747809,-72.72246161747809
1784.9800500440597,-72.7191639040734,-72.7191639040734
1784.9900500440597,-72.71587510833189,-72.71587510833189
1785.0000500679016,-72.71259552153204,-72.71259552153204
1785.0100500679016,-72.70932545231793,-72.70932545231793
1785.0200500679016,-72.70606517995635,-72.70606517995635
1785.0300500679016,-72.70281498564927,-72.70281498564927
1785.0400500679016,-72.69957514485388,-72.69957514485388
1785.0500500679016,-72.69634592735632,-72.69634592735632
1785.0600500679016,-72.69312759738693,-72.69312759738693
1785.0700500679015,-72.6899204136859,-72.6899204136859
1785.0800500679015,-72.68672462960686,-72.68672462960686
1785.0900500679015,-72.68354049320627,-72.68354049320627
1785.1000500679015,-72.680368247352,-72.680368247352
1785.1100500679015,-72.67720812976566,-72.67720812976566
1785.1200500679015,-72.67406037313965,-72.67406037313965
1785.1300500679017,-72.67092520520819,-72.67092520520819
1785.1400500679017,-72.66780284883532,-72.66780284883532
1785.1500500679017,-72.66469352209671,-72.66469352209671
1785.1600500679017,-72.66159743835813,-72.66159743835813
1785.1700500679017,-72.65851480633852,-72.65851480633852
1785.1800500679017,-72.65544583020765,-72.65544583020765
1785.1900500679017,-72.6523907096608,-72.6523907096608
1785.2000500679017,-72.64934963997352,-72.64934963997352
1785.2100500679016,-72.6463228121068,-72.6463228121068
1785.2200500679016,-72.64331041273331,-72.64331041273331
1785.2300500679016,-72.64031262435871,-72.64031262435871
1785.2400500679016,-72.63732962534777,-72.63732962534777
1785.2500500679016,-72.63436159003085,-72.63436159003085
1785.2600500679016,-72.6314086887293,-72.6314086887293
1785.2700500679016,-72.62847108786858,-72.62847108786858
1785.2800500679016,-72.62554895000255,-72.62554895000255
1785.2900500679016,-72.62264243390425,-72.62264243390425
1785.3000500679016,-72.61975169462254,-72.61975169462254
1785.3100500679016,-72.61687688352458,-72.61687688352458
1785.3200500679015,-72.61401814838074,-72.61401814838074
1785.3300500679015,-72.61117563341698,-72.61117563341698
1785.3400500679015,-72.60834947938075,-72.60834947938075
1785.3500500679015,-72.60553982358464,-72.60553982358464
1785.3600500679015,-72.60274679996992,-72.60274679996992
1785.3700500679015,-72.59997053916592,-72.59997053916592
1785.3800500679017,-72.59721116854016,-72.59721116854016
1785.3900500679017,-72.59446881224838,-72.59446881224838
1785.4000500679017,-72.59174359129575,-72.59174359129575
1785.4100500679017,-72.58903562359903,-72.58903562359903
1785.4200500679017,-72.58634502402394,-72.58634502402394
1785.4300500679017,-72.58367190443072,-72.58367190443072
1785.4400500679017,-72.58101637373436,-72.58101637373436
1785.4500500679017,-72.57837853795405,-72.57837853795405
1785.4600500679016,-72.57575850025866,-72.57575850025866
1785.4700500679016,-72.57315636101188,-72.57315636101188
1785.4800500679016,-72.57057221782432,-72.57057221782432
1785.4900500679016,-72.56800616559637,-72.56800616559637
1785.5000500679016,-72.56545829656639,-72.56545829656639
1785.5100500679016,-72.5629287003359,-72.5629287003359
1785.5200500679016,-72.56041746395854,-72.56041746395854
1785.5300500679016,-72.5579246719254,-72.5579246719254
1785.5400500679016,-72.55545040625738,-72.55545040625738
1785.5500500679016,-72.55299474651335,-72.55299474651335
1785.5600500679016,-72.5505577698458,-72.5505577698458
1785.5700500679015,-72.54813955105332,-72.54813955105332
1785.5800500679015,-72.5457401625761,-72.5457401625761
1785.5900500679015,-72.54335967458573,-72.54335967458573
1785.6000500679015,-72.54099815500375,-72.54099815500375
1785.6100500679015,-72.5386556695279,-72.5386556695279
1785.6200500679015,-72.53633228168171,-72.53633228168171
1785.6300500679017,-72.53402805284578,-72.53402805284578
1785.6400500679017,-72.53174304229987,-72.53174304229987
1785.6500500679017,-72.52947730725559,-72.52947730725559
1785.6600500679017,-72.52723090288765,-72.52723090288765
1785.6700500679017,-72.5250038823723,-72.5250038823723
1785.6800500679017,-72.52279629692123,-72.52279629692123
1785.6900500679017,-72.52060819579609,-72.52060819579609
1785.7000500679017,-72.51843962637898,-72.51843962637898
1785.7100500679016,-72.51629063416836,-72.51629063416836
1785.7200500679016,-72.5141612628356,-72.5141612628356
1785.7300500679016,-72.51205155423433,-72.51205155423433
1785.7400500679016,-72.50996154844721,-72.50996154844721
1785.7500500679016,-72.50789128380693,-72.50789128380693
1785.7600500679016,-72.50584079693459,-72.50584079693459
1785.7700500679016,-72.50381012276335,-72.50381012276335
1785.7800500679016,-72.501799294553,-72.501799294553
1785.7900500679016,-72.49980834395029,-72.49980834395029
1785.8000500679016,-72.49783730099338,-72.49783730099338
1785.8100500679016,-72.49588619413419,-72.49588619413419
1785.8200500679015,-72.49395505027842,-72.49395505027842
1785.8300500679015,-72.49204389481166,-72.49204389481166
1785.8400500679015,-72.49015275162321,-72.49015275162321
1785.8500500917435,-72.48828163867539,-72.48828163867539
1785.8600500917435,-72.48643058590693,-72.48643058590693
1785.8700500917435,-72.48459960832245,-72.48459960832245
1785.8800500917434,-72.48278872408581,-72.48278872408581
1785.8900500917434,-72.48099794995841,-72.48099794995841
1785.9000500917434,-72.47922730136816,-72.47922730136816
1785.9100500917434,-72.47747679240162,-72.47747679240162
1785.9200500917434,-72.47574643584646,-72.47574643584646
1785.9300500917434,-72.47403624320512,-72.47403624320512
1785.9400500917434,-72.4723462247186,-72.4723462247186
1785.9500500917434,-72.47067638938572,-72.47067638938572
1785.9600500917434,-72.46902674499506,-72.46902674499506
1785.9700500917434,-72.46739729813454,-72.46739729813454
1785.9800500917436,-72.46578805420461,-72.46578805420461
1785.9900500917436,-72.46419901746812,-72.46419901746812
1786.0000500917436,-72.46263019103657,-72.46263019103657
1786.0100500917436,-72.4610815769125,-72.4610815769125
1786.0200500917435,-72.45955317600584,-72.45955317600584
1786.0300500917435,-72.45804498813663,-72.45804498813663
1786.0400500917435,-72.45655701207062,-72.45655701207062
1786.0500500917435,-72.45508924553155,-72.45508924553155
1786.0600500917435,-72.45364168522555,-72.45364168522555
1786.0700500917435,-72.45221432684843,-72.45221432684843
1786.0800500917435,-72.45080716511,-72.45080716511
1786.0900500917435,-72.44942019374973,-72.44942019374973
1786.1000500917435,-72.44805340555654,-72.44805340555654
1786.1100500917435,-72.44670679238276,-72.44670679238276
1786.1200500917435,-72.44538034515038,-72.44538034515038
1786.1300500917434,-72.44407405389283,-72.44407405389283
1786.1400500917434,-72.44278790774614,-72.44278790774614
1786.1500500917434,-72.44152189497792,-72.44152189497792
1786.1600500917434,-72.44027600300836,-72.44027600300836
1786.1700500917434,-72.4390502183991,-72.4390502183991
1786.1800500917434,-72.43784452689016,-72.43784452689016
1786.1900500917434,-72.43665891341836,-72.43665891341836
1786.2000500917434,-72.4354933621222,-72.4354933621222
1786.2100500917434,-72.43434785635407,-72.43434785635407
1786.2200500917434,-72.43322237869164,-72.43322237869164
1786.2300500917436,-72.43211691097378,-72.43211691097378
1786.2400500917436,-72.43103143428638,-72.43103143428638
1786.2500500917436,-72.42996592899183,-72.42996592899183
1786.2600500917436,-72.42892037474012,-72.42892037474012
1786.2700500917435,-72.42789475047609,-72.42789475047609
1786.2800500917435,-72.42688903445418,-72.42688903445418
1786.2900500917435,-72.42590320425542,-72.42590320425542
1786.3000500917435,-72.42493723680396,-72.42493723680396
1786.3100500917435,-72.4239911083604,-72.4239911083604
1786.3200500917435,-72.42306479456029,-72.42306479456029
1786.3300500917435,-72.4221582704053,-72.4221582704053
1786.3400500917435,-72.42127151028245,-72.42127151028245
1786.3500500917435,-72.42040448797134,-72.42040448797134
1786.3600500917435,-72.41955717665195,-72.41955717665195
1786.3700500917435,-72.41872954894176,-72.41872954894176
1786.3800500917434,-72.41792157686817,-72.41792157686817
1786.3900500917434,-72.41713323191989,-72.41713323191989
1786.4000500917434,-72.41636448502084,-72.41636448502084
1786.4100500917434,-72.4156153065526,-72.4156153065526
1786.4200500917434,-72.41488566638213,-72.41488566638213
1786.4300500917434,-72.41417553385806,-72.41417553385806
1786.4400500917434,-72.41348487780083,-72.41348487780083
1786.4500500917434,-72.41281366655826,-72.41281366655826
1786.4600500917434,-72.4121555669507,-72.4121555669507
1786.4700500917434,-72.41150779747343,-72.41150779747343
1786.4800500917436,-72.41086899338042,-72.41086899338042
1786.4900500917436,-72.41023844391007,-72.41023844391007
1786.5000500917436,-72.40961580181545,-72.40961580181545
1786.5100500917436,-72.4090009327598,-72.4090009327598
1786.5200500917435,-72.40839382711916,-72.40839382711916
1786.5300500917435,-72.40779454705252,-72.40779454705252
1786.5400500917435,-72.40720319469169,-72.40720319469169
1786.5500500917435,-72.40661989308697,-72.40661989308697
1786.5600500917435,-72.40604477488363,-72.40604477488363
1786.5700500917435,-72.40547797567774,-72.40547797567774
1786.5800500917435,-72.40491963022727,-72.40491963022727
1786.5900500917435,-72.4043698703844,-72.4043698703844
1786.6000500917435,-72.4038288241011,-72.4038288241011
1786.6100500917435,-72.40329661502227,-72.40329661502227
1786.6200500917435,-72.40277336246416,-72.40277336246416
1786.6300500917434,-72.40225918156325,-72.40225918156325
1786.6400500917434,-72.40175418355275,-72.40175418355275
1786.6500500917434,-72.40125847607214,-72.40125847607214
1786.6600500917434,-72.40077216347147,-72.40077216347147
1786.6700500917434,-72.4002953471032,-72.4002953471032
1786.6800500917434,-72.39982812560359,-72.39982812560359
1786.6900500917434,-72.39937059513524,-72.39937059513524
1786.7000501155853,-72.39892284853751,-72.39892284853751
1786.7100501155853,-72.3984786793736,-72.3984786793736
1786.7200501155853,-72.39803542736978,-72.39803542736978
1786.7300501155853,-72.39759184858993,-72.39759184858993
1786.7400501155853,-72.39714735190837,-72.39714735190837
1786.7500501155853,-72.3967017086499,-72.3967017086499
1786.7600501155853,-72.39625490208904,-72.39625490208904
1786.7700501155853,-72.39580703930261,-72.39580703930261
1786.7800501155853,-72.39535829830078,-72.39535829830078
1786.7900501155852,-72.3949088962486,-72.3949088962486
1786.8000501155852,-72.39445907044527,-72.39445907044527
1786.8100501155852,-72.39400906700502,-72.39400906700502
1786.8200501155852,-72.39355913422641,-72.39355913422641
1786.8300501155854,-72.39310951881605,-72.39310951881605
1786.8400501155854,-72.39266046383558,-72.39266046383558
1786.8500501155854,-72.39221220767614,-72.39221220767614
1786.8600501155854,-72.39176498366784,-72.39176498366784
1786.8700501155854,-72.39131902005323,-72.39131902005323
1786.8800501155854,-72.3908745401307,-72.3908745401307
1786.8900501155854,-72.39043176251823,-72.39043176251823
1786.9000501155854,-72.38999090145276,-72.38999090145276
1786.9100501155854,-72.3895521670954,-72.3895521670954
1786.9200501155854,-72.38911576579567,-72.38911576579567
1786.9300501155853,-72.3886819003928,-72.3886819003928
1786.9400501155853,-72.38825077042252,-72.38825077042252
1786.9500501155853,-72.38782257233531,-72.38782257233531
1786.9600501155853,-72.38739749966516,-72.38739749966516
1786.9700501155853,-72.38697574318836,-72.38697574318836
1786.9800501155853,-72.38655749105487,-72.38655749105487
1786.9900501155853,-72.38614292888792,-72.38614292888792
1787.0000501155853,-72.38573223988047,-72.38573223988047
1787.0100501155853,-72.38532560486848,-72.38532560486848
1787.0200501155853,-72.38492320238103,-72.38492320238103
1787.0300501155853,-72.38452520871427,-72.38452520871427
1787.0400501155852,-72.38413179795286,-72.38413179795286
1787.0500501155852,-72.38374314200377,-72.38374314200377
1787.0600501155852,-72.38335941063107,-72.38335941063107
1787.0700501155852,-72.38298077147562,-72.38298077147562
1787.0800501155854,-72.38260739006365,-72.38260739006365
1787.0900501155854,-72.38223942982758,-72.38223942982758
1787.1000501155854,-72.38187705211193,-72.38187705211193
1787.1100501155854,-72.38152041617168,-72.38152041617168
1787.1200501155854,-72.38116967920541,-72.38116967920541
1787.1300501155854,-72.3808249963142,-72.3808249963142
1787.1400501155854,-72.38048652055231,-72.38048652055231
1787.1500501155854,-72.38015440289331,-72.38015440289331
1787.1600501155854,-72.3798287922585,-72.3798287922585
1787.1700501155854,-72.37950983550209,-72.37950983550209
1787.1800501155853,-72.3791976774148,-72.3791976774148
1787.1900501155853,-72.37889246072685,-72.37889246072685
1787.2000501155853,-72.37859432612386,-72.37859432612386
1787.2100501155853,-72.37830341221148,-72.37830341221148
1787.2200501155853,-72.37801985556789,-72.37801985556789
1787.2300501155853,-72.37774379069612,-72.37774379069612
1787.2400501155853,-72.37747535007551,-72.37747535007551
1787.2500501155853,-72.37721466412044,-72.37721466412044
1787.2600501155853,-72.37696186123252,-72.37696186123252
1787.2700501155853,-72.37671706775403,-72.37671706775403
1787.2800501155853,-72.37648040801065,-72.37648040801065
1787.2900501155852,-72.37625200431533,-72.37625200431533
1787.3000501155852,-72.37603197695037,-72.37603197695037
1787.3100501155852,-72.37582044419138,-72.37582044419138
1787.3200501155852,-72.37561752233394,-72.37561752233394
1787.3300501155854,-72.37542332565512,-72.37542332565512
1787.3400501155854,-72.37523796648058,-72.37523796648058
1787.3500501155854,-72.37506155513746,-72.37506155513746
1787.3600501155854,-72.37489420000072,-72.37489420000072
1787.3700501155854,-72.3747360074932,-72.3747360074932
1787.3800501155854,-72.37458708210436,-72.37458708210436
1787.3900501155854,-72.37444752638694,-72.37444752638694
1787.4000501155854,-72.37431744098899,-72.37431744098899
1787.4100501155854,-72.37419692463595,-72.37419692463595
1787.4200501155854,-72.37408607418124,-72.37408607418124
1787.4300501155853,-72.37398498458883,-72.37398498458883
1787.4400501155853,-72.37389374897089,-72.37389374897089
1787.4500501155853,-72.37381245857718,-72.37381245857718
1787.4600501155853,-72.37374120283825,-72.37374120283825
1787.4700501155853,-72.37368006934582,-72.37368006934582
1787.4800501155853,-72.37362914390769,-72.37362914390769
1787.4900501155853,-72.37358851051675,-72.37358851051675
1787.5000501155853,-72.3735582514229,-72.3735582514229
1787.5100501155853,-72.3735384470918,-72.3735384470918
1787.5200501155853,-72.37352917625267,-72.37352917625267
1787.5300501155853,-72.37353051591542,-72.37353051591542
1787.5400501155852,-72.3735425413754,-72.3735425413754
1787.5500501394272,-72.37356532629694,-72.37356532629694
1787.5600501394272,-72.37359894253325,-72.37359894253325
1787.5700501394272,-72.37364346035672,-72.37364346035672
1787.5800501394272,-72.37369894839983,-72.37369894839983
1787.5900501394271,-72.37376547365953,-72.37376547365953
1787.6000501394271,-72.37384310152746,-72.37384310152746
1787.6100501394271,-72.37393189581056,-72.37393189581056
1787.6200501394271,-72.37403191873507,-72.37403191873507
1787.630050139427,-72.37414323096854,-72.37414323096854
1787.640050139427,-72.37426589164373,-72.37426589164373
1787.650050139427,-72.37439995837732,-72.37439995837732
1787.660050139427,-72.37454548726569,-72.37454548726569
1787.670050139427,-72.37470253293037,-72.37470253293037
1787.6800501394273,-72.37487114851982,-72.37487114851982
1787.6900501394273,-72.37505138573798,-72.37505138573798
1787.7000501394273,-72.37524329485571,-72.37524329485571
1787.7100501394273,-72.37544692470865,-72.37544692470865
1787.7200501394273,-72.37566232275911,-72.37566232275911
1787.7300501394272,-72.37588953506332,-72.37588953506332
1787.7400501394272,-72.37612860632568,-72.37612860632568
1787.7500501394272,-72.37637957990067,-72.37637957990067
1787.7600501394272,-72.37664249781571,-72.37664249781571
1787.7700501394272,-72.37691740077872,-72.37691740077872
1787.7800501394272,-72.37720432820996,-72.37720432820996
1787.7900501394272,-72.37750331824412,-72.37750331824412
1787.8000501394272,-72.37781440775399,-72.37781440775399
1787.8100501394272,-72.378137632365,-72.378137632365
1787.8200501394272,-72.37847302647722,-72.37847302647722
1787.8300501394272,-72.3788206232827,-72.3788206232827
1787.8400501394271,-72.37918045476508,-72.37918045476508
1787.8500501394271,-72.3795525517358,-72.3795525517358
1787.8600501394271,-72.37993694384421,-72.37993694384421
1787.8700501394271,-72.38033365959096,-72.38033365959096
1787.880050139427,-72.38074272634614,-72.38074272634614
1787.890050139427,-72.38116417036072,-72.38116417036072
1787.900050139427,-72.38159801678302,-72.38159801678302
1787.910050139427,-72.38204428969145,-72.38204428969145
1787.920050139427,-72.38250301208483,-72.38250301208483
1787.9300501394273,-72.38297420591313,-72.38297420591313
1787.9400501394273,-72.38345789207729,-72.38345789207729
1787.9500501394273,-72.38395409047546,-72.38395409047546
1787.9600501394273,-72.384456517567,-72.384456517567
1787.9700501394273,-72.38496243860833,-72.38496243860833
1787.9800501394272,-72.38547053497882,-72.38547053497882
1787.9900501394272,-72.38598014200424,-72.38598014200424
1788.0000501394272,-72.38649095849722,-72.38649095849722
1788.0100501394272,-72.38700289611147,-72.38700289611147
1788.0200501394272,-72.38751599104793,-72.38751599104793
1788.0300501394272,-72.38803035110148,-72.38803035110148
1788.0400501394272,-72.3885461237961,-72.3885461237961
1788.0500501394272,-72.38906347731496,-72.38906347731496
1788.0600501394272,-72.38958258913443,-72.38958258913443
1788.0700501394272,-72.39010363936573,-72.39010363936573
1788.0800501394272,-72.39062680696772,-72.39062680696772
1788.0900501394271,-72.391152267665,-72.391152267665
1788.1000501394271,-72.39168019293052,-72.39168019293052
1788.1100501394271,-72.39221074957203,-72.39221074957203
1788.1200501394271,-72.39274409973793,-72.39274409973793
1788.130050139427,-72.39328040102968,-72.39328040102968
1788.140050139427,-72.39381980678866,-72.39381980678866
1788.150050139427,-72.39436246641824,-72.39436246641824
1788.160050139427,-72.39490852565872,-72.39490852565872
1788.170050139427,-72.3954581269196,-72.3954581269196
1788.1800501394273,-72.39601140951115,-72.39601140951115
1788.1900501394273,-72.39656850993745,-72.39656850993745
1788.2000501394273,-72.3971295620772,-72.3971295620772
1788.2100501394273,-72.39769469739655,-72.39769469739655
1788.2200501394273,-72.39826404508199,-72.39826404508199
1788.2300501394272,-72.39883773220471,-72.39883773220471
1788.2400501394272,-72.39941588384147,-72.39941588384147
1788.2500501394272,-72.39999862314838,-72.39999862314838
1788.2600501394272,-72.40058607147625,-72.40058607147625
1788.2700501394272,-72.40117834840862,-72.40117834840862
1788.2800501394272,-72.40177557184835,-72.40177557184835
1788.2900501394272,-72.40237785805398,-72.40237785805398
1788.3000501394272,-72.4029853216773,-72.4029853216773
1788.3100501394272,-72.40359807581298,-72.40359807581298
1788.3200501394272,-72.40421623200194,-72.40421623200194
1788.3300501394272,-72.40483990026833,-72.40483990026833
1788.3400501394271,-72.4054691891394,-72.4054691891394
1788.3500501394271,-72.40610420566148,-72.40610420566148
1788.3600501394271,-72.40674505540063,-72.40674505540063
1788.3700501394271,-72.40739184245861,-72.40739184245861
1788.380050139427,-72.4080446694833,-72.4080446694833
1788.390050139427,-72.40870363768015,-72.40870363768015
1788.400050163269,-72.40936884838699,-72.40936884838699
1788.410050163269,-72.4100403967814,-72.4100403967814
1788.420050163269,-72.41071838128907,-72.41071838128907
1788.430050163269,-72.41140289736633,-72.41140289736633
1788.440050163269,-72.41209403903245,-72.41209403903245
1788.450050163269,-72.41279189888134,-72.41279189888134
1788.460050163269,-72.41349656808674,-72.41349656808674
1788.470050163269,-72.4142081363924,-72.4142081363924
1788.480050163269,-72.41492669212606,-72.41492669212606
1788.490050163269,-72.41565232220364,-72.41565232220364
1788.500050163269,-72.416385112126,-72.416385112126
1788.510050163269,-72.41712514597461,-72.41712514597461
1788.520050163269,-72.41787250644751,-72.41787250644751
1788.5300501632692,-72.4186272748288,-72.4186272748288
1788.5400501632691,-72.41938953099923,-72.41938953099923
1788.5500501632691,-72.42015935345994,-72.42015935345994
1788.5600501632691,-72.42093681932322,-72.42093681932322
1788.5700501632691,-72.42172200430593,-72.42172200430593
1788.580050163269,-72.42251498276391,-72.42251498276391
1788.590050163269,-72.42331582766901,-72.42331582766901
1788.600050163269,-72.42412461064143,-72.42412461064143
1788.610050163269,-72.42494140194106,-72.42494140194106
1788.620050163269,-72.42576627047585,-72.42576627047585
1788.630050163269,-72.42659928380526,-72.42659928380526
1788.640050163269,-72.4274405081612,-72.4274405081612
1788.650050163269,-72.42829000845182,-72.42829000845182
1788.660050163269,-72.42914784826384,-72.42914784826384
1788.670050163269,-72.43001408986582,-72.43001408986582
1788.680050163269,-72.43088879423316,-72.43088879423316
1788.690050163269,-72.43177202105038,-72.43177202105038
1788.700050163269,-72.43266382871613,-72.43266382871613
1788.710050163269,-72.43355796594582,-72.43355796594582
1788.720050163269,-72.43445173197904,-72.43445173197904
1788.730050163269,-72.4353438431026,-72.4353438431026
1788.740050163269,-72.43623367002508,-72.43623367002508
1788.750050163269,-72.43712094719055,-72.43712094719055
1788.760050163269,-72.43800562194644,-72.43800562194644
1788.770050163269,-72.4388877661704,-72.4388877661704
1788.7800501632692,-72.43976752322496,-72.43976752322496
1788.7900501632691,-72.44064507605843,-72.44064507605843
1788.8000501632691,-72.44152062807744,-72.44152062807744
1788.8100501632691,-72.4423943917808,-72.4423943917808
1788.8200501632691,-72.44326658208225,-72.44326658208225
1788.830050163269,-72.44413741247945,-72.44413741247945
1788.840050163269,-72.44500709300354,-72.44500709300354
1788.850050163269,-72.44587582915884,-72.44587582915884
1788.860050163269,-72.44674382153357,-72.44674382153357
1788.870050163269,-72.44761126575838,-72.44761126575838
1788.880050163269,-72.44847835266845,-72.44847835266845
1788.890050163269,-72.4493452685652,-72.4493452685652
1788.900050163269,-72.45021219549793,-72.45021219549793
1788.910050163269,-72.4510793116006,-72.4510793116006
1788.920050163269,-72.45194679136632,-72.45194679136632
1788.930050163269,-72.45281480592183,-72.45281480592183
1788.940050163269,-72.45368352328352,-72.45368352328352
1788.950050163269,-72.45455310856806,-72.45455310856806
1788.960050163269,-72.45542372416877,-72.45542372416877
1788.970050163269,-72.45629552993448,-72.45629552993448
1788.980050163269,-72.45716868329146,-72.45716868329146
1788.990050163269,-72.45804333937679,-72.45804333937679
1789.000050163269,-72.45891965112779,-72.45891965112779
1789.010050163269,-72.45979776937409,-72.45979776937409
1789.020050163269,-72.46067784290024,-72.46067784290024
1789.0300501632692,-72.46156001851452,-72.46156001851452
1789.0400501632691,-72.46244444108066,-72.46244444108066
1789.0500501632691,-72.46333125358828,-72.46333125358828
1789.0600501632691,-72.4642205971655,-72.4642205971655
1789.0700501632691,-72.4651126111057,-72.4651126111057
1789.080050163269,-72.46600743290684,-72.46600743290684
1789.090050163269,-72.46690519827587,-72.46690519827587
1789.100050163269,-72.46780604115952,-72.46780604115952
1789.110050163269,-72.4687100937462,-72.4687100937462
1789.120050163269,-72.46961748647954,-72.46961748647954
1789.130050163269,-72.47052834807319,-72.47052834807319
1789.140050163269,-72.4714428055074,-72.4714428055074
1789.150050163269,-72.4723609840541,-72.4723609840541
1789.160050163269,-72.4732830072621,-72.4732830072621
1789.170050163269,-72.47420899697933,-72.47420899697933
1789.180050163269,-72.47513907336017,-72.47513907336017
1789.190050163269,-72.47607335484658,-72.47607335484658
1789.200050163269,-72.47701195820204,-72.47701195820204
1789.210050163269,-72.47794868571506,-72.47794868571506
1789.220050163269,-72.47888089181238,-72.47888089181238
1789.230050163269,-72.47980734854815,-72.47980734854815
1789.240050163269,-72.48072748252086,-72.48072748252086
1789.250050187111,-72.48164108619959,-72.48164108619959
1789.260050187111,-72.48254815822125,-72.48254815822125
1789.2700501871109,-72.48344882803448,-72.48344882803448
1789.2800501871109,-72.48434329403321,-72.48434329403321
1789.2900501871109,-72.48523179382988,-72.48523179382988
1789.3000501871109,-72.48611458510887,-72.48611458510887
1789.3100501871108,-72.48699193419428,-72.48699193419428
1789.3200501871108,-72.48786410939441,-72.48786410939441
1789.3300501871108,-72.48873137717024,-72.48873137717024
1789.3400501871108,-72.4895940000299,-72.4895940000299
1789.3500501871108,-72.49045223551482,-72.49045223551482
1789.3600501871108,-72.49130633577357,-72.49130633577357
1789.3700501871108,-72.49215654752939,-72.49215654752939
1789.380050187111,-72.49300311222238,-72.49300311222238
1789.390050187111,-72.49384626626822,-72.49384626626822
1789.400050187111,-72.49468624137326,-72.49468624137326
1789.410050187111,-72.49552326482272,-72.49552326482272
1789.420050187111,-72.49635755978824,-72.49635755978824
1789.430050187111,-72.49718934557573,-72.49718934557573
1789.440050187111,-72.49801883789539,-72.49801883789539
1789.450050187111,-72.49884624906262,-72.49884624906262
1789.460050187111,-72.49967178817815,-72.49967178817815
1789.470050187111,-72.5004956613069,-72.5004956613069
1789.480050187111,-72.50131807160716,-72.50131807160716
1789.490050187111,-72.50213921944332,-72.50213921944332
1789.500050187111,-72.50295930249996,-72.50295930249996
1789.510050187111,-72.50377851584736,-72.50377851584736
1789.5200501871109,-72.50459705203959,-72.50459705203959
1789.5300501871109,-72.50541510115514,-72.50541510115514
1789.5400501871109,-72.50623285084707,-72.50623285084707
1789.5500501871109,-72.50705048638872,-72.50705048638872
1789.5600501871108,-72.50786819072843,-72.50786819072843
1789.5700501871108,-72.50868614448828,-72.50868614448828
1789.5800501871108,-72.50950452600827,-72.50950452600827
1789.5900501871108,-72.5103235113723,-72.5103235113723
1789.6000501871108,-72.51114327440517,-72.51114327440517
1789.6100501871108,-72.51196398672174,-72.51196398672174
1789.6200501871108,-72.51278581770129,-72.51278581770129
1789.630050187111,-72.51360893453234,-72.51360893453234
1789.640050187111,-72.51443350221321,-72.51443350221321
1789.650050187111,-72.5152596835467,-72.5152596835467
1789.660050187111,-72.51608763917281,-72.51608763917281
1789.670050187111,-72.51691752756085,-72.51691752756085
1789.680050187111,-72.51774950503443,-72.51774950503443
1789.690050187111,-72.51858372575073,-72.51858372575073
1789.700050187111,-72.51942034174343,-72.51942034174343
1789.710050187111,-72.5202595029053,-72.5202595029053
1789.720050187111,-72.52110135700424,-72.52110135700424
1789.730050187111,-72.52194604969598,-72.52194604969598
1789.740050187111,-72.52279372453523,-72.52279372453523
1789.750050187111,-72.52364452296152,-72.52364452296152
1789.760050187111,-72.52449858434123,-72.52449858434123
1789.7700501871109,-72.52535604595653,-72.52535604595653
1789.7800501871109,-72.52621704302199,-72.52621704302199
1789.7900501871109,-72.52708170869037,-72.52708170869037
1789.8000501871109,-72.5279501740623,-72.5279501740623
1789.8100501871108,-72.52882256821425,-72.52882256821425
1789.8200501871108,-72.52969901818847,-72.52969901818847
1789.8300501871108,-72.53057964901012,-72.53057964901012
1789.8400501871108,-72.5314645837145,-72.5314645837145
1789.8500501871108,-72.53235394334388,-72.53235394334388
1789.8600501871108,-72.5332478469605,-72.5332478469605
1789.8700501871108,-72.5341464116725,-72.5341464116725
1789.880050187111,-72.53504975262743,-72.53504975262743
1789.890050187111,-72.5359579830551,-72.5359579830551
1789.900050187111,-72.53687121425486,-72.53687121425486
1789.910050187111,-72.53778955562517,-72.53778955562517
1789.920050187111,-72.53871311467508,-72.53871311467508
1789.930050187111,-72.53964199703884,-72.53964199703884
1789.940050187111,-72.54057630648208,-72.54057630648208
1789.950050187111,-72.54151614494134,-72.54151614494134
1789.960050187111,-72.54246161251741,-72.54246161251741
1789.970050187111,-72.54341280749928,-72.54341280749928
1789.980050187111,-72.54436982637839,-72.54436982637839
1789.990050187111,-72.54533276387669,-72.54533276387669
1790.000050187111,-72.54630171294804,-72.54630171294804
1790.010050187111,-72.54727676479412,-72.54727676479412
1790.0200501871109,-72.5482580089042,-72.5482580089042
1790.0300501871109,-72.54924553304194,-72.54924553304194
1790.0400501871109,-72.55023942327813,-72.55023942327813
1790.0500501871109,-72.55123976401069,-72.55123976401069
1790.0600501871108,-72.55224663798526,-72.55224663798526
1790.0700501871108,-72.55326012628547,-72.55326012628547
1790.0800501871108,-72.5542803083889,-72.5542803083889
1790.0900501871108,-72.5553072621619,-72.5553072621619
1790.1000502109528,-72.55634106633251,-72.55634106633251
1790.1100502109527,-72.55738179070005,-72.55738179070005
1790.1200502109527,-72.5584295108424,-72.5584295108424
1790.1300502109527,-72.55948429836522,-72.55948429836522
1790.1400502109527,-72.56054622335859,-72.56054622335859
1790.1500502109527,-72.56161535441312,-72.56161535441312
1790.1600502109527,-72.56269175861861,-72.56269175861861
1790.1700502109527,-72.56377550161487,-72.56377550161487
1790.1800502109527,-72.56486664757975,-72.56486664757975
1790.1900502109527,-72.56596525926179,-72.56596525926179
1790.2000502109527,-72.56707139799069,-72.56707139799069
1790.2100502109527,-72.56818512370397,-72.56818512370397
1790.2200502109526,-72.5693064949553,-72.5693064949553
1790.2300502109529,-72.57043556893676,-72.57043556893676
1790.2400502109529,-72.57157240148672,-72.57157240148672
1790.2500502109528,-72.57271704712187,-72.57271704712187
1790.2600502109528,-72.57386955904293,-72.57386955904293
1790.2700502109528,-72.5750299891456,-72.5750299891456
1790.2800502109528,-72.57619838805387,-72.57619838805387
1790.2900502109528,-72.57737480512618,-72.57737480512618
1790.3000502109528,-72.5785592884783,-72.5785592884783
1790.3100502109528,-72.57975188499582,-72.57975188499582
1790.3200502109528,-72.58095264033761,-72.58095264033761
1790.3300502109528,-72.5821615989798,-72.5821615989798
1790.3400502109528,-72.58337880421215,-72.58337880421215
1790.3500502109528,-72.58460429814521,-72.58460429814521
1790.3600502109527,-72.58583812175753,-72.58583812175753
1790.3700502109527,-72.58708031488733,-72.58708031488733
1790.3800502109527,-72.58833091624622,-72.58833091624622
1790.3900502109527,-72.58958996344751,-72.58958996344751
1790.4000502109527,-72.59085749301174,-72.59085749301174
1790.4100502109527,-72.59213354038926,-72.59213354038926
1790.4200502109527,-72.59341813997207,-72.59341813997207
1790.4300502109527,-72.59471132510694,-72.59471132510694
1790.4400502109527,-72.59601312810807,-72.59601312810807
1790.4500502109527,-72.59732358028435,-72.59732358028435
1790.4600502109527,-72.59863638654565,-72.59863638654565
1790.4700502109526,-72.5999488102823,-72.5999488102823
1790.4800502109529,-72.6012595358517,-72.6012595358517
1790.4900502109529,-72.60256790437597,-72.60256790437597
1790.5000502109528,-72.60387362228187,-72.60387362228187
1790.5100502109528,-72.60517661002005,-72.60517661002005
1790.5200502109528,-72.6064769133926,-72.6064769133926
1790.5300502109528,-72.6077746503253,-72.6077746503253
1790.5400502109528,-72.60906997885034,-72.60906997885034
1790.5500502109528,-72.61036307791692,-72.61036307791692
1790.5600502109528,-72.61165413594647,-72.61165413594647
1790.5700502109528,-72.61294334414039,-72.61294334414039
1790.5800502109528,-72.61423089263265,-72.61423089263265
1790.5900502109528,-72.61551696839592,-72.61551696839592
1790.6000502109528,-72.61680175423295,-72.61680175423295
1790.6100502109527,-72.61808542834103,-72.61808542834103
1790.6200502109527,-72.61936816426444,-72.61936816426444
1790.6300502109527,-72.62065013107818,-72.62065013107818
1790.6400502109527,-72.6219314936331,-72.6219314936331
1790.6500502109527,-72.62321241283883,-72.62321241283883
1790.6600502109527,-72.62449304599784,-72.62449304599784
1790.6700502109527,-72.62577354709232,-72.62577354709232
1790.6800502109527,-72.62705406705636,-72.62705406705636
1790.6900502109527,-72.62833475401249,-72.62833475401249
1790.7000502109527,-72.62961575349351,-72.62961575349351
1790.7100502109527,-72.63089088036382,-72.63089088036382
1790.7200502109526,-72.63215750826197,-72.63215750826197
1790.7300502109529,-72.63341443137071,-72.63341443137071
1790.7400502109529,-72.63466109996818,-72.63466109996818
1790.7500502109528,-72.63589732891666,-72.63589732891666
1790.7600502109528,-72.63712314638543,-72.63712314638543
1790.7700502109528,-72.63833870519083,-72.63833870519083
1790.7800502109528,-72.63954422957227,-72.63954422957227
1790.7900502109528,-72.64073998319031,-72.64073998319031
1790.8000502109528,-72.64192624994588,-72.64192624994588
1790.8100502109528,-72.64310332256315,-72.64310332256315
1790.8200502109528,-72.64427149589429,-72.64427149589429
1790.8300502109528,-72.64543106306728,-72.64543106306728
1790.8400502109528,-72.64658231342615,-72.64658231342615
1790.8500502109528,-72.64772553146405,-72.64772553146405
1790.8600502109527,-72.64886099642284,-72.64886099642284
1790.8700502109527,-72.64998898224181,-72.64998898224181
1790.8800502109527,-72.6511097577208,-72.6511097577208
1790.8900502109527,-72.65222358675354,-72.65222358675354
1790.9000502109527,-72.65333072861607,-72.65333072861607
1790.9100502109527,-72.65443143828081,-72.65443143828081
1790.9200502109527,-72.65552596669369,-72.65552596669369
1790.9300502109527,-72.65661456102922,-72.65661456102922
1790.9400502109527,-72.65769746493672,-72.65769746493672
1790.9500502347946,-72.65877492130112,-72.65877492130112
1790.9600502347946,-72.65984716214597,-72.65984716214597
1790.9700502347946,-72.66091442421985,-72.66091442421985
1790.9800502347946,-72.66197693880775,-72.66197693880775
1790.9900502347946,-72.66303493444317,-72.66303493444317
1791.0000502347946,-72.66408863696796,-72.66408863696796
1791.0100502347946,-72.66513826963914,-72.66513826963914
1791.0200502347946,-72.66618405315907,-72.66618405315907
1791.0300502347945,-72.66722620574679,-72.66722620574679
1791.0400502347945,-72.66826494316152,-72.66826494316152
1791.0500502347945,-72.66930047875422,-72.66930047875422
1791.0600502347945,-72.67033302348064,-72.67033302348064
1791.0700502347945,-72.67136278593019,-72.67136278593019
1791.0800502347947,-72.67238997232913,-72.67238997232913
1791.0900502347947,-72.67341478657032,-72.67341478657032
1791.1000502347947,-72.6744374302116,-72.6744374302116
1791.1100502347947,-72.67545810249844,-72.67545810249844
1791.1200502347947,-72.67647700034068,-72.67647700034068
1791.1300502347947,-72.6774943183536,-72.6774943183536
1791.1400502347947,-72.67851024884145,-72.67851024884145
1791.1500502347947,-72.67952498179739,-72.67952498179739
1791.1600502347947,-72.68053870491599,-72.68053870491599
1791.1700502347946,-72.68155160357837,-72.68155160357837
1791.1800502347946,-72.68256386089583,-72.68256386089583
1791.1900502347946,-72.6835756576605,-72.6835756576605
1791.2000502347946,-72.68458717239292,-72.68458717239292
1791.2100502347946,-72.68559858130028,-72.68559858130028
1791.2200502347946,-72.68661005832097,-72.68661005832097
1791.2300502347946,-72.68762177511312,-72.68762177511312
1791.2400502347946,-72.6886339010567,-72.6886339010567
1791.2500502347946,-72.68964660324609,-72.68964660324609
1791.2600502347946,-72.69066004653357,-72.69066004653357
1791.2700502347946,-72.69167439349984,-72.69167439349984
1791.2800502347945,-72.69268980447656,-72.69268980447656
1791.2900502347945,-72.69370643754623,-72.69370643754623
1791.3000502347945,-72.69472444855772,-72.69472444855772
1791.3100502347945,-72.69574399113321,-72.69574399113321
1791.3200502347945,-72.69676521666848,-72.69676521666848
1791.3300502347947,-72.69778827436501,-72.69778827436501
1791.3400502347947,-72.69881331121611,-72.69881331121611
1791.3500502347947,-72.69984047202239,-72.69984047202239
1791.3600502347947,-72.70086989943316,-72.70086989943316
1791.3700502347947,-72.70190173390137,-72.70190173390137
1791.3800502347947,-72.70293611376192,-72.70293611376192
1791.3900502347947,-72.70397317518842,-72.70397317518842
1791.4000502347947,-72.7050130522417,-72.7050130522417
1791.4100502347947,-72.70605587686927,-72.70605587686927
1791.4200502347946,-72.70710177892228,-72.70710177892228
1791.4300502347946,-72.70815088618052,-72.70815088618052
1791.4400502347946,-72.70920332434774,-72.70920332434774
1791.4500502347946,-72.7102592170781,-72.7102592170781
1791.4600502347946,-72.7113186859896,-72.7113186859896
1791.4700502347946,-72.71238185069399,-72.71238185069399
1791.4800502347946,-72.7134488287946,-72.7134488287946
1791.4900502347946,-72.71451973591445,-72.71451973591445
1791.5000502347946,-72.71559468570184,-72.71559468570184
1791.5100502347946,-72.71667378985268,-72.71667378985268
1791.5200502347946,-72.71775715814395,-72.71775715814395
1791.5300502347945,-72.71884489842216,-72.71884489842216
1791.5400502347945,-72.71993711664543,-72.71993711664543
1791.5500502347945,-72.72103391688891,-72.72103391688891
1791.5600502347945,-72.72213540136505,-72.72213540136505
1791.5700502347945,-72.72324167044586,-72.72324167044586
1791.5800502347947,-72.72435282268064,-72.72435282268064
1791.5900502347947,-72.72546895481109,-72.72546895481109
1791.6000502347947,-72.7265901617903,-72.7265901617903
1791.6100502347947,-72.72771653679484,-72.72771653679484
1791.6200502347947,-72.72884817125968,-72.72884817125968
1791.6300502347947,-72.7299851548877,-72.7299851548877
1791.6400502347947,-72.73112757566673,-72.73112757566673
1791.6500502347947,-72.73227551989065,-72.73227551989065
1791.6600502347947,-72.73342907217878,-72.73342907217878
1791.6700502347946,-72.73458831549303,-72.73458831549303
1791.6800502347946,-72.73575333116314,-72.73575333116314
1791.6900502347946,-72.73692419888108,-72.73692419888108
1791.7000502347946,-72.73810099675676,-72.73810099675676
1791.7100502347946,-72.73928380131694,-72.73928380131694
1791.7200502347946,-72.74047268751985,-72.74047268751985
1791.7300502347946,-72.74166772878499,-72.74166772878499
1791.7400502347946,-72.74286899699601,-72.74286899699601
1791.7500502347946,-72.74407656253908,-72.74407656253908
1791.7600502347946,-72.74529049431253,-72.74529049431253
1791.7700502347946,-72.74651085972883,-72.74651085972883
1791.7800502347945,-72.74773772477303,-72.74773772477303
1791.7900502347945,-72.74897115397049,-72.74897115397049
1791.8000502586365,-72.75021121340295,-72.75021121340295
1791.8100502586365,-72.75145795891176,-72.75145795891176
1791.8200502586365,-72.75271145375882,-72.75271145375882
1791.8300502586364,-72.75397175692127,-72.75397175692127
1791.8400502586364,-72.75523892604112,-72.75523892604112
1791.8500502586364,-72.75651301742631,-72.75651301742631
1791.8600502586364,-72.75779408607427,-72.75779408607427
1791.8700502586364,-72.75908218567962,-72.75908218567962
1791.8800502586364,-72.76037736868048,-72.76037736868048
1791.8900502586364,-72.76167968624762,-72.76167968624762
1791.9000502586364,-72.76298918829828,-72.76298918829828
1791.9100502586364,-72.76430592354691,-72.76430592354691
1791.9200502586364,-72.7656299394693,-72.7656299394693
1791.9300502586366,-72.76696128237778,-72.76696128237778
1791.9400502586366,-72.76829999740043,-72.76829999740043
1791.9500502586366,-72.76964612849561,-72.76964612849561
1791.9600502586366,-72.77099971847825,-72.77099971847825
1791.9700502586365,-72.77236080904702,-72.77236080904702
1791.9800502586365,-72.7737294407796,-72.7737294407796
1791.9900502586365,-72.77510565316098,-72.77510565316098
1792.0000502586365,-72.77648948459543,-72.77648948459543
1792.0100502586365,-72.77788097241279,-72.77788097241279
1792.0200502586365,-72.77928015289751,-72.77928015289751
1792.0300502586365,-72.78068706129102,-72.78068706129102
1792.0400502586365,-72.78210173182546,-72.78210173182546
1792.0500502586365,-72.78352419771876,-72.78352419771876
1792.0600502586365,-72.78495449119458,-72.78495449119458
1792.0700502586365,-72.78639264349627,-72.78639264349627
1792.0800502586364,-72.78783868491496,-72.78783868491496
1792.0900502586364,-72.78929264477786,-72.78929264477786
1792.1000502586364,-72.79075455148323,-72.79075455148323
1792.1100502586364,-72.79222443250526,-72.79222443250526
1792.1200502586364,-72.79370231440885,-72.79370231440885
1792.1300502586364,-72.79518822285559,-72.79518822285559
1792.1400502586364,-72.79668218263569,-72.79668218263569
1792.1500502586364,-72.79818421766863,-72.79818421766863
1792.1600502586364,-72.79969435100617,-72.79969435100617
1792.1700502586364,-72.8012126048694,-72.8012126048694
1792.1800502586366,-72.80273900063145,-72.80273900063145
1792.1900502586366,-72.80427355886602,-72.80427355886602
1792.2000502586366,-72.80581629932632,-72.80581629932632
1792.2100502586366,-72.80736089545533,-72.80736089545533
1792.2200502586365,-72.80890458940351,-72.80890458940351
1792.2300502586365,-72.81044604884221,-72.81044604884221
1792.2400502586365,-72.81198460063743,-72.81198460063743
1792.2500502586365,-72.813519938474,-72.813519938474
1792.2600502586365,-72.81505197109944,-72.81505197109944
1792.2700502586365,-72.8165807333291,-72.8165807333291
1792.2800502586365,-72.81810633261938,-72.81810633261938
1792.2900502586365,-72.8196289169381,-72.8196289169381
1792.3000502586365,-72.8211486554747,-72.8211486554747
1792.3100502586365,-72.82266572718132,-72.82266572718132
1792.3200502586365,-72.8241803140163,-72.8241803140163
1792.3300502586364,-72.82569259710803,-72.82569259710803
1792.3400502586364,-72.82720275462131,-72.82720275462131
1792.3500502586364,-72.82871096074241,-72.82871096074241
1792.3600502586364,-72.83021738523695,-72.83021738523695
1792.3700502586364,-72.83172219341641,-72.83172219341641
1792.3800502586364,-72.83322554628685,-72.83322554628685
1792.3900502586364,-72.83472760080778,-72.83472760080778
1792.4000502586364,-72.83622851018916,-72.83622851018916
1792.4100502586364,-72.83772842419386,-72.83772842419386
1792.4200502586364,-72.83922748943523,-72.83922748943523
1792.4300502586366,-72.84072584964632,-72.84072584964632
1792.4400502586366,-72.84222364590991,-72.84222364590991
1792.4500502586366,-72.84372101688287,-72.84372101688287
1792.4600502586366,-72.84521809898523,-72.84521809898523
1792.4700502586365,-72.84671502653985,-72.84671502653985
1792.4800502586365,-72.84821193192191,-72.84821193192191
1792.4900502586365,-72.84970894567076,-72.84970894567076
1792.5000502586365,-72.85120619658946,-72.85120619658946
1792.5100502586365,-72.85270381181711,-72.85270381181711
1792.5200502586365,-72.85420191689471,-72.85420191689471
1792.5300502586365,-72.8557006358292,-72.8557006358292
1792.5400502586365,-72.85720009113601,-72.85720009113601
1792.5500502586365,-72.85870040387081,-72.85870040387081
1792.5600502586365,-72.86020169367221,-72.86020169367221
1792.5700502586365,-72.86170407877066,-72.86170407877066
1792.5800502586364,-72.86320767600931,-72.86320767600931
1792.5900502586364,-72.86471260086348,-72.86471260086348
1792.6000502586364,-72.86621896746858,-72.86621896746858
1792.6100502586364,-72.86772688859436,-72.86772688859436
1792.6200502586364,-72.86923647566788,-72.86923647566788
1792.6300502586364,-72.8707478388013,-72.8707478388013
1792.6400502586364,-72.87226108675956,-72.87226108675956
1792.6500502824783,-72.87377633058293,-72.87377633058293
1792.6600502824783,-72.87529366918433,-72.87529366918433
1792.6700502824783,-72.87681321092748,-72.87681321092748
1792.6800502824783,-72.87833505927357,-72.87833505927357
1792.6900502824783,-72.87985931634802,-72.87985931634802
1792.7000502824783,-72.88138608296482,-72.88138608296482
1792.7100502824783,-72.88291545857857,-72.88291545857857
1792.7200502824783,-72.88444754134224,-72.88444754134224
1792.7300502824783,-72.88598242807622,-72.88598242807622
1792.7400502824783,-72.88752021426924,-72.88752021426924
1792.7500502824782,-72.88906099409466,-72.88906099409466
1792.7600502824782,-72.89060486039482,-72.89060486039482
1792.7700502824782,-72.89215190468643,-72.89215190468643
1792.7800502824784,-72.89370221716253,-72.89370221716253
1792.7900502824784,-72.89525588670651,-72.89525588670651
1792.8000502824784,-72.89681300088185,-72.89681300088185
1792.8100502824784,-72.89837364592964,-72.89837364592964
1792.8200502824784,-72.89993790679063,-72.89993790679063
1792.8300502824784,-72.90150586708448,-72.90150586708448
1792.8400502824784,-72.90307760914071,-72.90307760914071
1792.8500502824784,-72.90465321399228,-72.90465321399228
1792.8600502824784,-72.90623276136199,-72.90623276136199
1792.8700502824784,-72.90781632969306,-72.90781632969306
1792.8800502824784,-72.90940399614868,-72.90940399614868
1792.8900502824783,-72.91099583660534,-72.91099583660534
1792.9000502824783,-72.91259192566565,-72.91259192566565
1792.9100502824783,-72.91419233668647,-72.91419233668647
1792.9200502824783,-72.91579714174549,-72.91579714174549
1792.9300502824783,-72.9174064116827,-72.9174064116827
1792.9400502824783,-72.91902021608587,-72.91902021608587
1792.9500502824783,-72.92063862331199,-72.92063862331199
1792.9600502824783,-72.92226170049528,-72.92226170049528
1792.9700502824783,-72.92388951354224,-72.92388951354224
1792.9800502824783,-72.92552212715009,-72.92552212715009
1792.9900502824783,-72.9271596048179,-72.9271596048179
1793.0000502824782,-72.92880200884105,-72.92880200884105
1793.0100502824782,-72.93044940035419,-72.93044940035419
1793.0200502824782,-72.93210183928642,-72.93210183928642
1793.0300502824784,-72.9337593844265,-72.9337593844265
1793.0400502824784,-72.93542209340242,-72.93542209340242
1793.0500502824784,-72.93709002268727,-72.93709002268727
1793.0600502824784,-72.93876322762813,-72.93876322762813
1793.0700502824784,-72.94044176244525,-72.94044176244525
1793.0800502824784,-72.94212568024008,-72.94212568024008
1793.0900502824784,-72.94381503301851,-72.94381503301851
1793.1000502824784,-72.94550987168054,-72.94550987168054
1793.1100502824784,-72.94721024604894,-72.94721024604894
1793.1200502824784,-72.94891620487412,-72.94891620487412
1793.1300502824784,-72.95062779584399,-72.95062779584399
1793.1400502824783,-72.95234506559652,-72.95234506559652
1793.1500502824783,-72.95406805972455,-72.95406805972455
1793.1600502824783,-72.95579682279478,-72.95579682279478
1793.1700502824783,-72.95753139835107,-72.95753139835107
1793.1800502824783,-72.95927182894711,-72.95927182894711
1793.1900502824783,-72.96101815611446,-72.96101815611446
1793.2000502824783,-72.96277042040505,-72.96277042040505
1793.2100502824783,-72.96452866141442,-72.96452866141442
1793.2200502824783,-72.96629291775498,-72.96629291775498
1793.2300502824783,-72.96806322709911,-72.96806322709911
1793.2400502824783,-72.96983962616186,-72.96983962616186
1793.2500502824782,-72.97162215074798,-72.97162215074798
1793.2600502824782,-72.97341083572437,-72.97341083572437
1793.2700502824782,-72.97520571506774,-72.97520571506774
1793.2800502824784,-72.97700682183488,-72.97700682183488
1793.2900502824784,-72.97881418821811,-72.97881418821811
1793.3000502824784,-72.98062784551423,-72.98062784551423
1793.3100502824784,-72.98244782416805,-72.98244782416805
1793.3200502824784,-72.98427415376804,-72.98427415376804
1793.3300502824784,-72.98610686306323,-72.98610686306323
1793.3400502824784,-72.98794597995223,-72.98794597995223
1793.3500502824784,-72.98979153152438,-72.98979153152438
1793.3600502824784,-72.99164354406227,-72.99164354406227
1793.3700502824784,-72.99350204304014,-72.99350204304014
1793.3800502824784,-72.99536705314125,-72.99536705314125
1793.3900502824783,-72.99723859827364,-72.99723859827364
1793.4000502824783,-72.9991167015621,-72.9991167015621
1793.4100502824783,-73.00100138538832,-73.00100138538832
1793.4200502824783,-73.00289267138068,-73.00289267138068
1793.4300502824783,-73.00479058041645,-73.00479058041645
1793.4400502824783,-73.00669513266081,-73.00669513266081
1793.4500502824783,-73.00860634754378,-73.00860634754378
1793.4600502824783,-73.01052424379695,-73.01052424379695
1793.4700502824783,-73.0124488394437,-73.0124488394437
1793.4800502824783,-73.0143801518203,-73.0143801518203
1793.4900502824783,-73.01631819758954,-73.01631819758954
1793.5000503063202,-73.01826299736915,-73.01826299736915
1793.5100503063202,-73.02021455724864,-73.02021455724864
1793.5200503063202,-73.02217289649273,-73.02217289649273
1793.5300503063202,-73.02413802912781,-73.02413802912781
1793.5400503063202,-73.02610996856463,-73.02610996856463
1793.5500503063201,-73.02808872756961,-73.02808872756961
1793.5600503063201,-73.03007431829865,-73.03007431829865
1793.5700503063201,-73.03206675229656,-73.03206675229656
1793.5800503063201,-73.03406604052806,-73.03406604052806
1793.59005030632,-73.03607219334582,-73.03607219334582
1793.60005030632,-73.03808522053104,-73.03808522053104
1793.61005030632,-73.04010513129406,-73.04010513129406
1793.62005030632,-73.04213193428515,-73.04213193428515
1793.6300503063203,-73.04416563759202,-73.04416563759202
1793.6400503063203,-73.04620624876225,-73.04620624876225
1793.6500503063203,-73.04825377480886,-73.04825377480886
1793.6600503063203,-73.05030822220749,-73.05030822220749
1793.6700503063203,-73.05236959690127,-73.05236959690127
1793.6800503063203,-73.05443790434059,-73.05443790434059
1793.6900503063202,-73.05651314946033,-73.05651314946033
1793.7000503063202,-73.05859533667915,-73.05859533667915
1793.7100503063202,-73.06068446995451,-73.06068446995451
1793.7200503063202,-73.06278055274605,-73.06278055274605
1793.7300503063202,-73.06488358803456,-73.06488358803456
1793.7400503063202,-73.06699357833547,-73.06699357833547
1793.7500503063202,-73.06911052570044,-73.06911052570044
1793.7600503063202,-73.07123443172762,-73.07123443172762
1793.7700503063202,-73.07336529757642,-73.07336529757642
1793.7800503063202,-73.07550312395736,-73.07550312395736
1793.7900503063202,-73.07764791115544,-73.07764791115544
1793.8000503063201,-73.07979965900957,-73.07979965900957
1793.8100503063201,-73.0819583669664,-73.0819583669664
1793.8200503063201,-73.08412403403987,-73.08412403403987
1793.8300503063201,-73.08629665885117,-73.08629665885117
1793.84005030632,-73.08847623961596,-73.08847623961596
1793.85005030632,-73.09066277415567,-73.09066277415567
1793.86005030632,-73.09285625990763,-73.09285625990763
1793.87005030632,-73.09505669392216,-73.09505669392216
1793.8800503063203,-73.09726407288345,-73.09726407288345
1793.8900503063203,-73.09947839310928,-73.09947839310928
1793.9000503063203,-73.10169965054784,-73.10169965054784
1793.9100503063203,-73.10392784080223,-73.10392784080223
1793.9200503063203,-73.10616295910484,-73.10616295910484
1793.9300503063203,-73.1084050003693,-73.1084050003693
1793.9400503063202,-73.11065395915594,-73.11065395915594
1793.9500503063202,-73.11290982969547,-73.11290982969547
1793.9600503063202,-73.11516622988877,-73.11516622988877
1793.9700503063202,-73.11742036135696,-73.11742036135696
1793.9800503063202,-73.11967085785348,-73.11967085785348
1793.9900503063202,-73.12191701573484,-73.12191701573484
1794.0000503063202,-73.12415850040821,-73.12415850040821
1794.0100503063202,-73.12639519385115,-73.12639519385115
1794.0200503063202,-73.12862710528839,-73.12862710528839
1794.0300503063202,-73.13085431751203,-73.13085431751203
1794.0400503063202,-73.13307695461327,-73.13307695461327
1794.0500503063201,-73.13529516260746,-73.13529516260746
1794.0600503063201,-73.13750909790731,-73.13750909790731
1794.0700503063201,-73.13971892054178,-73.13971892054178
1794.0800503063201,-73.14192479023772,-73.14192479023772
1794.09005030632,-73.14412686434041,-73.14412686434041
1794.10005030632,-73.1463252967048,-73.1463252967048
1794.11005030632,-73.1485202372843,-73.1485202372843
1794.12005030632,-73.1507118320683,-73.1507118320683
1794.1300503063203,-73.15290022321564,-73.15290022321564
1794.1400503063203,-73.15508554929086,-73.15508554929086
1794.1500503063203,-73.15726794556358,-73.15726794556358
1794.1600503063203,-73.15944754431158,-73.15944754431158
1794.1700503063203,-73.16162447507655,-73.16162447507655
1794.1800503063203,-73.16379886493742,-73.16379886493742
1794.1900503063202,-73.1659708387536,-73.1659708387536
1794.2000503063202,-73.1681405193549,-73.1681405193549
1794.2100503063202,-73.17030164699567,-73.17030164699567
1794.2200503063202,-73.17245154696057,-73.17245154696057
1794.2300503063202,-73.1745889764902,-73.1745889764902
1794.2400503063202,-73.17671335483247,-73.17671335483247
1794.2500503063202,-73.17882446949743,-73.17882446949743
1794.2600503063202,-73.18092232378115,-73.18092232378115
1794.2700503063202,-73.18300704741101,-73.18300704741101
1794.2800503063202,-73.185078842887,-73.185078842887
1794.2900503063202,-73.18713795320153,-73.18713795320153
1794.3000503063201,-73.18918464250174,-73.18918464250174
1794.3100503063201,-73.19121918454046,-73.19121918454046
1794.3200503063201,-73.1932418559109,-73.1932418559109
1794.3300503063201,-73.19525293217657,-73.19525293217657
1794.34005030632,-73.19725268570387,-73.19725268570387
1794.350050330162,-73.19924138936372,-73.19924138936372
1794.360050330162,-73.20121929709866,-73.20121929709866
1794.370050330162,-73.20318667237675,-73.20318667237675
1794.380050330162,-73.20514376928395,-73.20514376928395
1794.390050330162,-73.20709083750079,-73.20709083750079
1794.400050330162,-73.20902812262355,-73.20902812262355
1794.410050330162,-73.21095586641428,-73.21095586641428
1794.420050330162,-73.21287430709425,-73.21287430709425
1794.430050330162,-73.2147836795702,-73.2147836795702
1794.440050330162,-73.21668421568427,-73.21668421568427
1794.450050330162,-73.21857614437165,-73.21857614437165
1794.460050330162,-73.22045330750207,-73.22045330750207
1794.470050330162,-73.22231313353731,-73.22231313353731
1794.4800503301622,-73.224154483033,-73.224154483033
1794.4900503301621,-73.22597687806721,-73.22597687806721
1794.5000503301621,-73.22778020835618,-73.22778020835618
1794.5100503301621,-73.22956457862624,-73.22956457862624
1794.5200503301621,-73.23133021922145,-73.23133021922145
1794.530050330162,-73.23307743237486,-73.23307743237486
1794.540050330162,-73.23480655992181,-73.23480655992181
1794.550050330162,-73.23651796394172,-73.23651796394172
1794.560050330162,-73.23821201517731,-73.23821201517731
1794.570050330162,-73.23988908628701,-73.23988908628701
1794.580050330162,-73.24154954790556,-73.24154954790556
1794.590050330162,-73.24319376656634,-73.24319376656634
1794.600050330162,-73.2448221035629,-73.2448221035629
1794.610050330162,-73.24643491457175,-73.24643491457175
1794.620050330162,-73.24803254951662,-73.24803254951662
1794.630050330162,-73.249615352749,-73.249615352749
1794.640050330162,-73.25118366325059,-73.25118366325059
1794.650050330162,-73.25273781493146,-73.25273781493146
1794.660050330162,-73.25427813688738,-73.25427813688738
1794.670050330162,-73.25580495369792,-73.25580495369792
1794.680050330162,-73.25731858566635,-73.25731858566635
1794.690050330162,-73.258819349031,-73.258819349031
1794.700050330162,-73.26030755618292,-73.26030755618292
1794.710050330162,-73.2617771289663,-73.2617771289663
1794.720050330162,-73.26322557701644,-73.26322557701644
1794.7300503301622,-73.26465184185528,-73.26465184185528
1794.7400503301621,-73.26605552595831,-73.26605552595831
1794.7500503301621,-73.26743659864312,-73.26743659864312
1794.7600503301621,-73.26879524341898,-73.26879524341898
1794.7700503301621,-73.27013176848232,-73.27013176848232
1794.780050330162,-73.27144655299628,-73.27144655299628
1794.790050330162,-73.27274001479549,-73.27274001479549
1794.800050330162,-73.27401259097402,-73.27401259097402
1794.810050330162,-73.27526472635203,-73.27526472635203
1794.820050330162,-73.27649686668258,-73.27649686668258
1794.830050330162,-73.27770945477198,-73.27770945477198
1794.840050330162,-73.27890292834236,-73.27890292834236
1794.850050330162,-73.2800777189602,-73.2800777189602
1794.860050330162,-73.28123425161408,-73.28123425161408
1794.870050330162,-73.2823729446185,-73.2823729446185
1794.880050330162,-73.28349420979411,-73.28349420979411
1794.890050330162,-73.28459845266961,-73.28459845266961
1794.900050330162,-73.28568607278623,-73.28568607278623
1794.910050330162,-73.28675746399547,-73.28675746399547
1794.920050330162,-73.28781301470566,-73.28781301470566
1794.930050330162,-73.28885310817887,-73.28885310817887
1794.940050330162,-73.28987812273832,-73.28987812273832
1794.950050330162,-73.29088843196159,-73.29088843196159
1794.960050330162,-73.29188440490516,-73.29188440490516
1794.970050330162,-73.29286640618847,-73.29286640618847
1794.9800503301622,-73.2938347961723,-73.2938347961723
1794.9900503301621,-73.29478993104136,-73.29478993104136
1795.0000503301621,-73.29573216290126,-73.29573216290126
1795.0100503301621,-73.29666183986662,-73.29666183986662
1795.0200503301621,-73.29757930610911,-73.29757930610911
1795.030050330162,-73.29848490193903,-73.29848490193903
1795.040050330162,-73.2993789638028,-73.2993789638028
1795.050050330162,-73.30026182436465,-73.30026182436465
1795.060050330162,-73.30113381252937,-73.30113381252937
1795.070050330162,-73.30199525343924,-73.30199525343924
1795.080050330162,-73.30284646855422,-73.30284646855422
1795.090050330162,-73.30368777561256,-73.30368777561256
1795.100050330162,-73.30451948867942,-73.30451948867942
1795.110050330162,-73.30534191817168,-73.30534191817168
1795.120050330162,-73.30615537083612,-73.30615537083612
1795.130050330162,-73.30696014980164,-73.30696014980164
1795.140050330162,-73.30775655456061,-73.30775655456061
1795.150050330162,-73.30854488100995,-73.30854488100995
1795.160050330162,-73.30932542143314,-73.30932542143314
1795.170050330162,-73.31009846453868,-73.31009846453868
1795.180050330162,-73.31086429545296,-73.31086429545296
1795.190050330162,-73.311623195744,-73.311623195744
1795.200050354004,-73.3123754452207,-73.3123754452207
1795.210050354004,-73.31311492555362,-73.31311492555362
1795.220050354004,-73.31383911448184,-73.31383911448184
1795.2300503540039,-73.31454692072796,-73.31454692072796
1795.2400503540039,-73.31523791423801,-73.31523791423801
1795.2500503540039,-73.31591203177356,-73.31591203177356
1795.2600503540039,-73.31656942408586,-73.31656942408586
1795.2700503540038,-73.31721036628505,-73.31721036628505
1795.2800503540038,-73.31783520403883,-73.31783520403883
1795.2900503540038,-73.31844432121189,-73.31844432121189
1795.3000503540038,-73.31903812044837,-73.31903812044837
1795.3100503540038,-73.31961701160823,-73.31961701160823
1795.3200503540038,-73.32018140499068,-73.32018140499068
1795.330050354004,-73.32073170744259,-73.32073170744259
1795.340050354004,-73.32126832025253,-73.32126832025253
1795.350050354004,-73.32179163807446,-73.32179163807446
1795.360050354004,-73.32230204855338,-73.32230204855338
1795.370050354004,-73.32279993226291,-73.32279993226291
1795.380050354004,-73.32328566287377,-73.32328566287377
1795.390050354004,-73.32375960740237,-73.32375960740237
1795.400050354004,-73.32422212655933,-73.32422212655933
1795.410050354004,-73.32467357502627,-73.32467357502627
1795.420050354004,-73.32511430180206,-73.32511430180206
1795.430050354004,-73.32554465045348,-73.32554465045348
1795.440050354004,-73.32596495939376,-73.32596495939376
1795.450050354004,-73.32637556210962,-73.32637556210962
1795.460050354004,-73.3267767873584,-73.3267767873584
1795.470050354004,-73.32716895933645,-73.32716895933645
1795.4800503540039,-73.32755239785148,-73.32755239785148
1795.4900503540039,-73.32792741842896,-73.32792741842896
1795.5000503540039,-73.32829433244983,-73.32829433244983
1795.5100503540039,-73.32865344724307,-73.32865344724307
1795.5200503540038,-73.32900506616754,-73.32900506616754
1795.5300503540038,-73.32934948868557,-73.32934948868557
1795.5400503540038,-73.32968701043066,-73.32968701043066
1795.5500503540038,-73.3300179232712,-73.3300179232712
1795.5600503540038,-73.33034251535156,-73.33034251535156
1795.5700503540038,-73.33066107113052,-73.33066107113052
1795.580050354004,-73.33097387144963,-73.33097387144963
1795.590050354004,-73.33128119353117,-73.33128119353117
1795.600050354004,-73.33158331104075,-73.33158331104075
1795.610050354004,-73.33188049410022,-73.33188049410022
1795.620050354004,-73.33217300932007,-73.33217300932007
1795.630050354004,-73.33246111983149,-73.33246111983149
1795.640050354004,-73.3327450853104,-73.3327450853104
1795.650050354004,-73.33302516198403,-73.33302516198403
1795.660050354004,-73.33330160268169,-73.33330160268169
1795.670050354004,-73.33357465684034,-73.33357465684034
1795.680050354004,-73.33384457053148,-73.33384457053148
1795.690050354004,-73.33411158647226,-73.33411158647226
1795.700050354004,-73.33437594407422,-73.33437594407422
1795.710050354004,-73.3346378794353,-73.3346378794353
1795.720050354004,-73.33489762536857,-73.33489762536857
1795.7300503540039,-73.33515541145813,-73.33515541145813
1795.7400503540039,-73.33541146402536,-73.33541146402536
1795.7500503540039,-73.33566600619591,-73.33566600619591
1795.7600503540039,-73.33591925789268,-73.33591925789268
1795.7700503540038,-73.3361714358853,-73.3361714358853
1795.7800503540038,-73.3364227537971,-73.3364227537971
1795.7900503540038,-73.33667342212715,-73.33667342212715
1795.8000503540038,-73.33692364828994,-73.33692364828994
1795.8100503540038,-73.33717363661523,-73.33717363661523
1795.8200503540038,-73.3374235883912,-73.3374235883912
1795.830050354004,-73.3376737018833,-73.3376737018833
1795.840050354004,-73.33792417237693,-73.33792417237693
1795.850050354004,-73.33817519215557,-73.33817519215557
1795.860050354004,-73.33842695057798,-73.33842695057798
1795.870050354004,-73.33867963407258,-73.33867963407258
1795.880050354004,-73.3389334261837,-73.3389334261837
1795.890050354004,-73.33918850756898,-73.33918850756898
1795.900050354004,-73.33944505606438,-73.33944505606438
1795.910050354004,-73.33970324668428,-73.33970324668428
1795.920050354004,-73.33996325164988,-73.33996325164988
1795.930050354004,-73.34022524043343,-73.34022524043343
1795.940050354004,-73.34048937975096,-73.34048937975096
1795.950050354004,-73.34075583363101,-73.34075583363101
1795.960050354004,-73.34102476341671,-73.34102476341671
1795.970050354004,-73.34129632780076,-73.34129632780076
1795.9800503540039,-73.3415706828399,-73.3415706828399
1795.9900503540039,-73.3418479820025,-73.3418479820025
1796.0000503540039,-73.34212837618847,-73.34212837618847
1796.0100503540039,-73.34241201375089,-73.34241201375089
1796.0200503540038,-73.3426990405298,-73.3426990405298
1796.0300503540038,-73.3429895998741,-73.3429895998741
1796.0400503540038,-73.3432838326819,-73.3432838326819
1796.0500503778458,-73.3435818781119,-73.3435818781119
1796.0600503778458,-73.34388387082784,-73.34388387082784
1796.0700503778457,-73.34418994519417,-73.34418994519417
1796.0800503778457,-73.3445002325349,-73.3445002325349
1796.0900503778457,-73.34481486185345,-73.34481486185345
1796.1000503778457,-73.34513395985735,-73.34513395985735
1796.1100503778457,-73.34545765099065,-73.34545765099065
1796.1200503778457,-73.34578605744748,-73.34578605744748
1796.1300503778457,-73.34611929920788,-73.34611929920788
1796.1400503778457,-73.34645749406872,-73.34645749406872
1796.1500503778457,-73.34680075765951,-73.34680075765951
1796.1600503778457,-73.34714920348104,-73.34714920348104
1796.1700503778457,-73.34750294291257,-73.34750294291257
1796.1800503778459,-73.34786208526532,-73.34786208526532
1796.1900503778459,-73.34822673779213,-73.34822673779213
1796.2000503778459,-73.34859700570573,-73.34859700570573
1796.2100503778458,-73.34897299221888,-73.34897299221888
1796.2200503778458,-73.34935479856881,-73.34935479856881
1796.2300503778458,-73.34974252402576,-73.34974252402576
1796.2400503778458,-73.35013626594518,-73.35013626594518
1796.2500503778458,-73.35053611976376,-73.35053611976376
1796.2600503778458,-73.35094217905721,-73.35094217905721
1796.2700503778458,-73.35135453552171,-73.35135453552171
1796.2800503778458,-73.35177327904381,-73.35177327904381
1796.2900503778458,-73.35219849769187,-73.35219849769187
1796.3000503778458,-73.35263027776224,-73.35263027776224
1796.3100503778458,-73.35306870377065,-73.35306870377065
1796.3200503778457,-73.35351385852452,-73.35351385852452
1796.3300503778457,-73.35396582310392,-73.35396582310392
1796.3400503778457,-73.35442467689069,-73.35442467689069
1796.3500503778457,-73.35489049762388,-73.35489049762388
1796.3600503778457,-73.35536336137056,-73.35536336137056
1796.3700503778457,-73.35584334260491,-73.35584334260491
1796.3800503778457,-73.35633051418003,-73.35633051418003
1796.3900503778457,-73.35682494738,-73.35682494738
1796.4000503778457,-73.35732671193296,-73.35732671193296
1796.4100503778457,-73.35783587603629,-73.35783587603629
1796.4200503778457,-73.35835250636853,-73.35835250636853
1796.4300503778459,-73.35887666811098,-73.35887666811098
1796.4400503778459,-73.35940842498553,-73.35940842498553
1796.4500503778459,-73.35994783925923,-73.35994783925923
1796.4600503778458,-73.36049497177098,-73.36049497177098
1796.4700503778458,-73.36104988193509,-73.36104988193509
1796.4800503778458,-73.36161262779828,-73.36161262779828
1796.4900503778458,-73.36218326603009,-73.36218326603009
1796.5000503778458,-73.36276185193034,-73.36276185193034
1796.5100503778458,-73.36334843948792,-73.36334843948792
1796.5200503778458,-73.36394308137048,-73.36394308137048
1796.5300503778458,-73.36454582895581,-73.36454582895581
1796.5400503778458,-73.36515673233632,-73.36515673233632
1796.5500503778458,-73.36577584035955,-73.36577584035955
1796.5600503778458,-73.36640320062784,-73.36640320062784
1796.5700503778457,-73.36703885951864,-73.36703885951864
1796.5800503778457,-73.3676828622093,-73.3676828622093
1796.5900503778457,-73.36833525269338,-73.36833525269338
1796.6000503778457,-73.36899607378828,-73.36899607378828
1796.6100503778457,-73.36966536716714,-73.36966536716714
1796.6200503778457,-73.37034317336862,-73.37034317336862
1796.6300503778457,-73.37102953180234,-73.37102953180234
1796.6400503778457,-73.37172448078528,-73.37172448078528
1796.6500503778457,-73.37242805753867,-73.37242805753867
1796.6600503778457,-73.37314029823578,-73.37314029823578
1796.6700503778457,-73.3738612379654,-73.3738612379654
1796.6800503778459,-73.37459091079718,-73.37459091079718
1796.6900503778459,-73.37532934977116,-73.37532934977116
1796.7000503778459,-73.37607658692332,-73.37607658692332
1796.7100503778458,-73.37682625823263,-73.37682625823263
1796.7200503778458,-73.3775755964246,-73.3775755964246
1796.7300503778458,-73.37832327107287,-73.37832327107287
1796.7400503778458,-73.37906861620758,-73.37906861620758
1796.7500503778458,-73.37981133559924,-73.37981133559924
1796.7600503778458,-73.38055134972802,-73.38055134972802
1796.7700503778458,-73.38128870599752,-73.38128870599752
1796.7800503778458,-73.38202352487158,-73.38202352487158
1796.7900503778458,-73.38275596744123,-73.38275596744123
1796.8000503778458,-73.38348621597466,-73.38348621597466
1796.8100503778458,-73.38421446233072,-73.38421446233072
1796.8200503778457,-73.38494090117055,-73.38494090117055
1796.8300503778457,-73.38566572607422,-73.38566572607422
1796.8400503778457,-73.38638912740674,-73.38638912740674
1796.8500503778457,-73.38711129127255,-73.38711129127255
1796.8600503778457,-73.38783239910816,-73.38783239910816
1796.8700503778457,-73.38855262762532,-73.38855262762532
1796.8800503778457,-73.38927214899441,-73.38927214899441
1796.8900503778457,-73.38999113108093,-73.38999113108093
1796.9000504016876,-73.39070973947632,-73.39070973947632
1796.9100504016876,-73.39142813097149,-73.39142813097149
1796.9200504016876,-73.39214646410579,-73.39214646410579
1796.9300504016876,-73.39286489263056,-73.39286489263056
1796.9400504016876,-73.39358356742818,-73.39358356742818
1796.9500504016876,-73.3943026367608,-73.3943026367608
1796.9600504016876,-73.39502224645463,-73.39502224645463
1796.9700504016876,-73.3957425400588,-73.3957425400588
1796.9800504016875,-73.39646365898808,-73.39646365898808
1796.9900504016875,-73.39718574263628,-73.39718574263628
1797.0000504016875,-73.39790892848846,-73.39790892848846
1797.0100504016875,-73.39863335219918,-73.39863335219918
1797.0200504016875,-73.39935914765385,-73.39935914765385
1797.0300504016877,-73.40008644704761,-73.40008644704761
1797.0400504016877,-73.40081538091825,-73.40081538091825
1797.0500504016877,-73.4015460781853,-73.4015460781853
1797.0600504016877,-73.40227866619726,-73.40227866619726
1797.0700504016877,-73.40301327073615,-73.40301327073615
1797.0800504016877,-73.40375001607231,-73.40375001607231
1797.0900504016877,-73.40448902495355,-73.40448902495355
1797.1000504016877,-73.40523041861978,-73.40523041861978
1797.1100504016877,-73.40597431684147,-73.40597431684147
1797.1200504016876,-73.40672083789265,-73.40672083789265
1797.1300504016876,-73.40747009858755,-73.40747009858755
1797.1400504016876,-73.40822221425711,-73.40822221425711
1797.1500504016876,-73.40897729880108,-73.40897729880108
1797.1600504016876,-73.40973546463154,-73.40973546463154
1797.1700504016876,-73.41049682271976,-73.41049682271976
1797.1800504016876,-73.41126148257571,-73.41126148257571
1797.1900504016876,-73.4120295522672,-73.4120295522672
1797.2000504016876,-73.41280113840567,-73.41280113840567
1797.2100504016876,-73.41356994767156,-73.41356994767156
1797.2200504016876,-73.41433328482698,-73.41433328482698
1797.2300504016875,-73.41508989174251,-73.41508989174251
1797.2400504016875,-73.41583917459647,-73.41583917459647
1797.2500504016875,-73.41658090904605,-73.41658090904605
1797.2600504016875,-73.41731508704304,-73.41731508704304
1797.2700504016875,-73.41804182707196,-73.41804182707196
1797.2800504016877,-73.41876132020033,-73.41876132020033
1797.2900504016877,-73.41947379762875,-73.41947379762875
1797.3000504016877,-73.42017951123215,-73.42017951123215
1797.3100504016877,-73.42087872196556,-73.42087872196556
1797.3200504016877,-73.42157169302952,-73.42157169302952
1797.3300504016877,-73.42225868601821,-73.42225868601821
1797.3400504016877,-73.42293995873152,-73.42293995873152
1797.3500504016877,-73.42361576414761,-73.42361576414761
1797.3600504016877,-73.42428635000076,-73.42428635000076
1797.3700504016876,-73.42495195871183,-73.42495195871183
1797.3800504016876,-73.4256128275689,-73.4256128275689
1797.3900504016876,-73.42626918896768,-73.42626918896768
1797.4000504016876,-73.4269212706955,-73.4269212706955
1797.4100504016876,-73.42756929626962,-73.42756929626962
1797.4200504016876,-73.42821348521824,-73.42821348521824
1797.4300504016876,-73.42885405335088,-73.42885405335088
1797.4400504016876,-73.42949121300633,-73.42949121300633
1797.4500504016876,-73.43012517328084,-73.43012517328084
1797.4600504016876,-73.43075614018922,-73.43075614018922
1797.4700504016876,-73.43138431685173,-73.43138431685173
1797.4800504016875,-73.43200990361525,-73.43200990361525
1797.4900504016875,-73.43263309817641,-73.43263309817641
1797.5000504016875,-73.43325409568618,-73.43325409568618
1797.5100504016875,-73.43387308883311,-73.43387308883311
1797.5200504016875,-73.4344902679082,-73.4344902679082
1797.5300504016877,-73.43510582086189,-73.43510582086189
1797.5400504016877,-73.43571993336666,-73.43571993336666
1797.5500504016877,-73.43633278884522,-73.43633278884522
1797.5600504016877,-73.43694456851706,-73.43694456851706
1797.5700504016877,-73.43755545140765,-73.43755545140765
1797.5800504016877,-73.43816561438459,-73.43816561438459
1797.5900504016877,-73.43877523217974,-73.43877523217974
1797.6000504016877,-73.43938447740241,-73.43938447740241
1797.6100504016877,-73.43999352054827,-73.43999352054827
1797.6200504016876,-73.44060253003174,-73.44060253003174
1797.6300504016876,-73.44121167215195,-73.44121167215195
1797.6400504016876,-73.44182111114738,-73.44182111114738
1797.6500504016876,-73.44243100919047,-73.44243100919047
1797.6600504016876,-73.44304152637436,-73.44304152637436
1797.6700504016876,-73.44365282074219,-73.44365282074219
1797.6800504016876,-73.44426504829397,-73.44426504829397
1797.6900504016876,-73.4448783629729,-73.4448783629729
1797.7000504016876,-73.44549291668373,-73.44549291668373
1797.7100504016876,-73.44610245832274,-73.44610245832274
1797.7200504016876,-73.44670433594676,-73.44670433594676
1797.7300504016875,-73.44729733475943,-73.44729733475943
1797.7400504016875,-73.44788090403303,-73.44788090403303
1797.7500504255295,-73.4484548634433,-73.4484548634433
1797.7600504255295,-73.44901924438473,-73.44901924438473
1797.7700504255295,-73.44957420843116,-73.44957420843116
1797.7800504255295,-73.45011998783153,-73.45011998783153
1797.7900504255294,-73.45065685443359,-73.45065685443359
1797.8000504255294,-73.45118510021703,-73.45118510021703
1797.8100504255294,-73.45170502570892,-73.45170502570892
1797.8200504255294,-73.45221693316361,-73.45221693316361
1797.8300504255294,-73.45272112265569,-73.45272112265569
1797.8400504255294,-73.45321788996966,-73.45321788996966
1797.8500504255294,-73.45370752553626,-73.45370752553626
1797.8600504255294,-73.45419031402889,-73.45419031402889
1797.8700504255294,-73.45466653428511,-73.45466653428511
1797.8800504255296,-73.4551364594863,-73.4551364594863
1797.8900504255296,-73.45560035743277,-73.45560035743277
1797.9000504255296,-73.45605849081524,-73.45605849081524
1797.9100504255296,-73.45651111755343,-73.45651111755343
1797.9200504255296,-73.4569584911046,-73.4569584911046
1797.9300504255295,-73.45740086071494,-73.45740086071494
1797.9400504255295,-73.4578384716781,-73.4578384716781
1797.9500504255295,-73.45827156556003,-73.45827156556003
1797.9600504255295,-73.45870038040188,-73.45870038040188
1797.9700504255295,-73.45912515086648,-73.45912515086648
1797.9800504255295,-73.45954610840091,-73.45954610840091
1797.9900504255295,-73.45996348134607,-73.45996348134607
1798.0000504255295,-73.46037749505359,-73.46037749505359
1798.0100504255295,-73.46078837195417,-73.46078837195417
1798.0200504255295,-73.46119633165459,-73.46119633165459
1798.0300504255295,-73.4616015910043,-73.4616015910043
1798.0400504255294,-73.46200436412445,-73.46200436412445
1798.0500504255294,-73.46240486248142,-73.46240486248142
1798.0600504255294,-73.46280329489855,-73.46280329489855
1798.0700504255294,-73.46319986762894,-73.46319986762894
1798.0800504255294,-73.46359478434327,-73.46359478434327
1798.0900504255294,-73.46398824617143,-73.46398824617143
1798.1000504255294,-73.46438045173072,-73.46438045173072
1798.1100504255294,-73.46477159714078,-73.46477159714078
1798.1200504255294,-73.46516187602775,-73.46516187602775
1798.1300504255296,-73.46555147955361,-73.46555147955361
1798.1400504255296,-73.46594059643886,-73.46594059643886
1798.1500504255296,-73.46632941292752,-73.46632941292752
1798.1600504255296,-73.46671811286848,-73.46671811286848
1798.1700504255296,-73.4671068776662,-73.4671068776662
1798.1800504255295,-73.46749588634283,-73.46749588634283
1798.1900504255295,-73.46788531549716,-73.46788531549716
1798.2000504255295,-73.46827533934811,-73.46827533934811
1798.2100504255295,-73.46866612974199,-73.46866612974199
1798.2200504255295,-73.46905785615715,-73.46905785615715
1798.2300504255295,-73.46945068572057,-73.46945068572057
1798.2400504255295,-73.46984478320434,-73.46984478320434
1798.2500504255295,-73.4702403110657,-73.4702403110657
1798.2600504255295,-73.47063742942254,-73.47063742942254
1798.2700504255295,-73.47103629609946,-73.47103629609946
1798.2800504255295,-73.47143706661977,-73.47143706661977
1798.2900504255294,-73.47183989421953,-73.47183989421953
1798.3000504255294,-73.47224492987135,-73.47224492987135
1798.3100504255294,-73.47265232227936,-73.47265232227936
1798.3200504255294,-73.47306221791672,-73.47306221791672
1798.3300504255294,-73.47347476103135,-73.47347476103135
1798.3400504255294,-73.47389009363975,-73.47389009363975
1798.3500504255294,-73.47430835558691,-73.47430835558691
1798.3600504255294,-73.47472968451423,-73.47472968451423
1798.3700504255294,-73.47515421589225,-73.47515421589225
1798.3800504255296,-73.47558208305432,-73.47558208305432
1798.3900504255296,-73.47601341719697,-73.47601341719697
1798.4000504255296,-73.47644834738821,-73.47644834738821
1798.4100504255296,-73.47688700060061,-73.47688700060061
1798.4200504255296,-73.4773295017331,-73.4773295017331
1798.4300504255295,-73.47777597359324,-73.47777597359324
1798.4400504255295,-73.4782265369657,-73.4782265369657
1798.4500504255295,-73.47868131059391,-73.47868131059391
1798.4600504255295,-73.47914041119554,-73.47914041119554
1798.4700504255295,-73.47960395350516,-73.47960395350516
1798.4800504255295,-73.4800720502843,-73.4800720502843
1798.4900504255295,-73.48054481232704,-73.48054481232704
1798.5000504255295,-73.48102234848884,-73.48102234848884
1798.5100504255295,-73.48150476571496,-73.48150476571496
1798.5200504255295,-73.48199216904194,-73.48199216904194
1798.5300504255295,-73.48248466163055,-73.48248466163055
1798.5400504255294,-73.48298234476219,-73.48298234476219
1798.5500504255294,-73.48348531788992,-73.48348531788992
1798.5600504255294,-73.48399367863726,-73.48399367863726
1798.5700504255294,-73.48450752281629,-73.48450752281629
1798.5800504255294,-73.48502694446202,-73.48502694446202
1798.5900504255294,-73.48555203584304,-73.48555203584304
1798.6000504493713,-73.48608288873422,-73.48608288873422
1798.6100504493713,-73.48661958942243,-73.48661958942243
1798.6200504493713,-73.48716222622116,-73.48716222622116
1798.6300504493713,-73.48771088452321,-73.48771088452321
1798.6400504493713,-73.48826564806,-73.48826564806
1798.6500504493713,-73.48882659888906,-73.48882659888906
1798.6600504493713,-73.4893938174562,-73.4893938174562
1798.6700504493713,-73.48996738258525,-73.48996738258525
1798.6800504493713,-73.49054737151755,-73.49054737151755
1798.6900504493713,-73.49113385990913,-73.49113385990913
1798.7000504493712,-73.49172692185785,-73.49172692185785
1798.7100504493712,-73.49232022475526,-73.49232022475526
1798.7200504493712,-73.49291103799291,-73.49291103799291
1798.7300504493714,-73.49349806961501,-73.49349806961501
1798.7400504493714,-73.49408069266784,-73.49408069266784
1798.7500504493714,-73.4946586500489,-73.4946586500489
1798.7600504493714,-73.495231901182,-73.495231901182
1798.7700504493714,-73.49580053215746,-73.49580053215746
1798.7800504493714,-73.49636470170623,-73.49636470170623
1798.7900504493714,-73.49692460877313,-73.49692460877313
1798.8000504493714,-73.49748047300484,-73.49748047300484
1798.8100504493714,-73.49803252316825,-73.49803252316825
1798.8200504493714,-73.49858099035494,-73.49858099035494
1798.8300504493714,-73.49912610406784,-73.49912610406784
1798.8400504493713,-73.49966809010982,-73.49966809010982
1798.8500504493713,-73.50020716954671,-73.50020716954671
1798.8600504493713,-73.50074355828411,-73.50074355828411
1798.8700504493713,-73.50127746703457,-73.50127746703457
1798.8800504493713,-73.50180910146635,-73.50180910146635
1798.8900504493713,-73.50233866250639,-73.50233866250639
1798.9000504493713,-73.50286634661117,-73.50286634661117
1798.9100504493713,-73.5033923461177,-73.5033923461177
1798.9200504493713,-73.50391684953941,-73.50391684953941
1798.9300504493713,-73.50444004184061,-73.50444004184061
1798.9400504493713,-73.5049621046834,-73.5049621046834
1798.9500504493712,-73.50548321668322,-73.50548321668322
1798.9600504493712,-73.50600355356428,-73.50600355356428
1798.9700504493712,-73.50652328835994,-73.50652328835994
1798.9800504493714,-73.5070425915354,-73.5070425915354
1798.9900504493714,-73.50756163112794,-73.50756163112794
1799.0000504493714,-73.50808057284503,-73.50808057284503
1799.0100504493714,-73.50859958016655,-73.50859958016655
1799.0200504493714,-73.50911881439038,-73.50911881439038
1799.0300504493714,-73.50963843471999,-73.50963843471999
1799.0400504493714,-73.51015859831651,-73.51015859831651
1799.0500504493714,-73.51067946033562,-73.51067946033562
1799.0600504493714,-73.5112011739691,-73.5112011739691
1799.0700504493714,-73.51172389048381,-73.51172389048381
1799.0800504493714,-73.51224775923276,-73.51224775923276
1799.0900504493713,-73.51277292767902,-73.51277292767902
1799.1000504493713,-73.51329954143849,-73.51329954143849
1799.1100504493713,-73.51382774425919,-73.51382774425919
1799.1200504493713,-73.51435767807268,-73.51435767807268
1799.1300504493713,-73.51488948297182,-73.51488948297182
1799.1400504493713,-73.51542329724089,-73.51542329724089
1799.1500504493713,-73.51595925736281,-73.51595925736281
1799.1600504493713,-73.51649749801696,-73.51649749801696
1799.1700504493713,-73.51703815209831,-73.51703815209831
1799.1800504493713,-73.51758135071866,-73.51758135071866
1799.1900504493713,-73.51812722320918,-73.51812722320918
1799.2000504493712,-73.51867589713407,-73.51867589713407
1799.2100504493712,-73.51922749829538,-73.51922749829538
1799.2200504493712,-73.51978215072829,-73.51978215072829
1799.2300504493714,-73.52033997672906,-73.52033997672906
1799.2400504493714,-73.52090109683135,-73.52090109683135
1799.2500504493714,-73.521465629849,-73.521465629849
1799.2600504493714,-73.52203369284787,-73.52203369284787
1799.2700504493714,-73.52260540117132,-73.52260540117132
1799.2800504493714,-73.52318086844703,-73.52318086844703
1799.2900504493714,-73.52376020659425,-73.52376020659425
1799.3000504493714,-73.5243435258161,-73.5243435258161
1799.3100504493714,-73.52493093463708,-73.52493093463708
1799.3200504493714,-73.52552253989072,-73.52552253989072
1799.3300504493714,-73.52611844673362,-73.52611844673362
1799.3400504493713,-73.52671875863541,-73.52671875863541
1799.3500504493713,-73.52732357743604,-73.52732357743604
1799.3600504493713,-73.52793300331186,-73.52793300331186
1799.3700504493713,-73.5285471347991,-73.5285471347991
1799.3800504493713,-73.52916606880716,-73.52916606880716
1799.3900504493713,-73.52978990062736,-73.52978990062736
1799.4000504493713,-73.53041872394806,-73.53041872394806
1799.4100504493713,-73.53105263085696,-73.53105263085696
1799.4200504493713,-73.5316917118558,-73.5316917118558
1799.4300504493713,-73.53233605589196,-73.53233605589196
1799.4400504493713,-73.53298575033452,-73.53298575033452
1799.4500504732132,-73.53364088256775,-73.53364088256775
1799.4600504732132,-73.53430153379506,-73.53430153379506
1799.4700504732132,-73.53496778831112,-73.53496778831112
1799.4800504732132,-73.53563972737378,-73.53563972737378
1799.4900504732132,-73.53631743075262,-73.53631743075262
1799.5000504732132,-73.53700097673546,-73.53700097673546
1799.5100504732131,-73.53769044212112,-73.53769044212112
1799.5200504732131,-73.53838590227186,-73.53838590227186
1799.5300504732131,-73.53908743109463,-73.53908743109463
1799.5400504732131,-73.53979510107294,-73.53979510107294
1799.550050473213,-73.54050898327395,-73.54050898327395
1799.560050473213,-73.54122914736402,-73.54122914736402
1799.570050473213,-73.54195566162475,-73.54195566162475
1799.5800504732133,-73.54268859294945,-73.54268859294945
1799.5900504732133,-73.5434280068976,-73.5434280068976
1799.6000504732133,-73.54417396765697,-73.54417396765697
1799.6100504732133,-73.54492653810367,-73.54492653810367
1799.6200504732133,-73.54568577978678,-73.54568577978678
1799.6300504732133,-73.54645175296186,-73.54645175296186
1799.6400504732133,-73.54722451659039,-73.54722451659039
1799.6500504732132,-73.54800412836188,-73.54800412836188
1799.6600504732132,-73.5487906447002,-73.5487906447002
1799.6700504732132,-73.54958412079527,-73.54958412079527
1799.6800504732132,-73.55038461060941,-73.55038461060941
1799.6900504732132,-73.5511921668696,-73.5511921668696
1799.7000504732132,-73.55200684111203,-73.55200684111203
1799.7100504732132,-73.55282227226661,-73.55282227226661
1799.7200504732132,-73.55363570451146,-73.55363570451146
1799.7300504732132,-73.55444582221962,-73.55444582221962
1799.7400504732132,-73.55525197568737,-73.55525197568737
1799.7500504732132,-73.55605388572334,-73.55605388572334
1799.7600504732131,-73.55685149020847,-73.55685149020847
1799.7700504732131,-73.557644854133,-73.557644854133
1799.7800504732131,-73.55843411556744,-73.55843411556744
1799.7900504732131,-73.55921945316808,-73.55921945316808
1799.800050473213,-73.56000106667356,-73.56000106667356
1799.810050473213,-73.56077916528398,-73.56077916528398
1799.820050473213,-73.56155396085182,-73.56155396085182
1799.8300504732133,-73.56232566399136,-73.56232566399136
1799.8400504732133,-73.56309448195293,-73.56309448195293
1799.8500504732133,-73.56386061754318,-73.56386061754318
1799.8600504732133,-73.56462426873206,-73.56462426873206
1799.8700504732133,-73.56538562859626,-73.56538562859626
1799.8800504732133,-73.56614488549728,-73.56614488549728
1799.8900504732133,-73.56690222331574,-73.56690222331574
1799.9000504732132,-73.56765782177662,-73.56765782177662
1799.9100504732132,-73.5684118567608,-73.5684118567608
1799.9200504732132,-73.56916450060352,-73.56916450060352
1799.9300504732132,-73.56991592237196,-73.56991592237196
1799.9400504732132,-73.57066628811428,-73.57066628811428
1799.9500504732132,-73.57141576107112,-73.57141576107112
1799.9600504732132,-73.57216450188639,-73.57216450188639
1799.9700504732132,-73.57291266876018,-73.57291266876018
1799.9800504732132,-73.57366041757219,-73.57366041757219
1799.9900504732132,-73.57440790203937,-73.57440790203937
1800.0000504732132,-73.5751552737864,-73.5751552737864
1800.0100504732131,-73.57590268243911,-73.57590268243911
1800.0200504732131,-73.57665027571258,-73.57665027571258
1800.0300504732131,-73.57739819944616,-73.57739819944616
1800.0400504732131,-73.57814659766618,-73.57814659766618
1800.050050473213,-73.5788956126291,-73.5788956126291
1800.060050473213,-73.57964538485143,-73.57964538485143
1800.070050473213,-73.58039605313435,-73.58039605313435
1800.0800504732133,-73.58114775458938,-73.58114775458938
1800.0900504732133,-73.58190062466497,-73.58190062466497
1800.1000504732133,-73.58265479716249,-73.58265479716249
1800.1100504732133,-73.58341040422418,-73.58341040422418
1800.1200504732133,-73.58416757637654,-73.58416757637654
1800.1300504732133,-73.58492644251753,-73.58492644251753
1800.1400504732133,-73.58568712993187,-73.58568712993187
1800.1500504732132,-73.5864497642956,-73.5864497642956
1800.1600504732132,-73.5872144696804,-73.5872144696804
1800.1700504732132,-73.58798136855513,-73.58798136855513
1800.1800504732132,-73.58875058179538,-73.58875058179538
1800.1900504732132,-73.58952222868425,-73.58952222868425
1800.2000504732132,-73.59029642691443,-73.59029642691443
1800.2100504732132,-73.59106687783515,-73.59106687783515
1800.2200504732132,-73.5918308895007,-73.5918308895007
1800.2300504732132,-73.59258721046794,-73.59258721046794
1800.2400504732132,-73.59333525515005,-73.59333525515005
1800.2500504732132,-73.594074808242,-73.594074808242
1800.2600504732131,-73.59480587117956,-73.59480587117956
1800.2700504732131,-73.5955285721385,-73.5955285721385
1800.2800504732131,-73.59624311198856,-73.59624311198856
1800.2900504732131,-73.59694973173659,-73.59694973173659
1800.300050497055,-73.59764869470168,-73.59764869470168
1800.310050497055,-73.59834026818734,-73.59834026818734
1800.320050497055,-73.59902472672881,-73.59902472672881
1800.330050497055,-73.5997023414443,-73.5997023414443
1800.340050497055,-73.60037337958809,-73.60037337958809
1800.350050497055,-73.60103810348285,-73.60103810348285
1800.360050497055,-73.60169677010407,-73.60169677010407
1800.370050497055,-73.6023496310255,-73.6023496310255
1800.380050497055,-73.60299693256212,-73.60299693256212
1800.390050497055,-73.60363891604713,-73.60363891604713
1800.400050497055,-73.60427581811359,-73.60427581811359
1800.410050497055,-73.60490787101827,-73.60490787101827
1800.420050497055,-73.60553530292445,-73.60553530292445
1800.4300504970552,-73.60615833819095,-73.60615833819095
1800.4400504970552,-73.60677719759805,-73.60677719759805
1800.4500504970551,-73.60739209857802,-73.60739209857802
1800.4600504970551,-73.60800325540718,-73.60800325540718
1800.4700504970551,-73.60861087935218,-73.60861087935218
1800.4800504970551,-73.60921517882906,-73.60921517882906
1800.490050497055,-73.6098163595106,-73.6098163595106
1800.500050497055,-73.61041462441813,-73.61041462441813
1800.510050497055,-73.61101017402584,-73.61101017402584
1800.520050497055,-73.61160320631615,-73.61160320631615
1800.530050497055,-73.61219391684907,-73.61219391684907
1800.540050497055,-73.61278249881795,-73.61278249881795
1800.550050497055,-73.61336914306587,-73.61336914306587
1800.560050497055,-73.6139540381489,-73.6139540381489
1800.570050497055,-73.61453737036186,-73.61453737036186
1800.580050497055,-73.61511932373911,-73.61511932373911
1800.590050497055,-73.61570008009866,-73.61570008009866
1800.600050497055,-73.6162798190479,-73.6162798190479
1800.610050497055,-73.61685871801237,-73.61685871801237
1800.620050497055,-73.61743695223015,-73.61743695223015
1800.630050497055,-73.6180146947778,-73.6180146947778
1800.640050497055,-73.61859211656282,-73.61859211656282
1800.650050497055,-73.61916938635551,-73.61916938635551
1800.660050497055,-73.61974667077688,-73.61974667077688
1800.670050497055,-73.62032413430781,-73.62032413430781
1800.6800504970552,-73.62090193930825,-73.62090193930825
1800.6900504970552,-73.621480246022,-73.621480246022
1800.7000504970551,-73.62205921257424,-73.62205921257424
1800.7100504970551,-73.62263257797632,-73.62263257797632
1800.7200504970551,-73.62319768901888,-73.62319768901888
1800.7300504970551,-73.62375333309582,-73.62375333309582
1800.740050497055,-73.62429896323901,-73.62429896323901
1800.750050497055,-73.62483440237096,-73.62483440237096
1800.760050497055,-73.62535968975351,-73.62535968975351
1800.770050497055,-73.62587499094994,-73.62587499094994
1800.780050497055,-73.6263805437214,-73.6263805437214
1800.790050497055,-73.62687662551014,-73.62687662551014
1800.800050497055,-73.62736353390193,-73.62736353390193
1800.810050497055,-73.6278415750126,-73.6278415750126
1800.820050497055,-73.62831105666653,-73.62831105666653
1800.830050497055,-73.62877228446571,-73.62877228446571
1800.840050497055,-73.62922555966247,-73.62922555966247
1800.850050497055,-73.62967117813149,-73.62967117813149
1800.860050497055,-73.63010942992071,-73.63010942992071
1800.870050497055,-73.63054059920123,-73.63054059920123
1800.880050497055,-73.63096496443586,-73.63096496443586
1800.890050497055,-73.63138279864361,-73.63138279864361
1800.900050497055,-73.6317943696999,-73.6317943696999
1800.910050497055,-73.6321999406443,-73.6321999406443
1800.920050497055,-73.63259976999932,-73.63259976999932
1800.9300504970552,-73.63299411202854,-73.63299411202854
1800.9400504970552,-73.63338321699734,-73.63338321699734
1800.9500504970551,-73.63376733140291,-73.63376733140291
1800.9600504970551,-73.63414669816001,-73.63414669816001
1800.9700504970551,-73.63452155674653,-73.63452155674653
1800.9800504970551,-73.63489214338868,-73.63489214338868
1800.990050497055,-73.6352586911514,-73.6352586911514
1801.000050497055,-73.6356214300658,-73.6356214300658
1801.010050497055,-73.63598058719224,-73.63598058719224
1801.020050497055,-73.6363363867238,-73.6363363867238
1801.030050497055,-73.63668905004434,-73.63668905004434
1801.040050497055,-73.63703879576636,-73.63703879576636
1801.050050497055,-73.63738583980047,-73.63738583980047
1801.060050497055,-73.63773039537436,-73.63773039537436
1801.070050497055,-73.63807267308513,-73.63807267308513
1801.080050497055,-73.63841288091224,-73.63841288091224
1801.090050497055,-73.6387512242598,-73.6387512242598
1801.100050497055,-73.63908790595819,-73.63908790595819
1801.110050497055,-73.63942312630039,-73.63942312630039
1801.120050497055,-73.63975708305698,-73.63975708305698
1801.130050497055,-73.64008997146597,-73.64008997146597
1801.140050497055,-73.64042198429428,-73.64042198429428
1801.150050520897,-73.64075331259579,-73.64075331259579
1801.160050520897,-73.64108414258924,-73.64108414258924
1801.170050520897,-73.6414146604037,-73.6414146604037
1801.1800505208969,-73.64174504891712,-73.64174504891712
1801.1900505208969,-73.64207548858448,-73.64207548858448
1801.2000505208969,-73.64240615742249,-73.64240615742249
1801.2100505208969,-73.64273723103005,-73.64273723103005
1801.2200505208968,-73.64306888260857,-73.64306888260857
1801.2300505208968,-73.6434012829615,-73.6434012829615
1801.2400505208968,-73.64373460051081,-73.64373460051081
1801.2500505208968,-73.64406900129966,-73.64406900129966
1801.2600505208968,-73.6444046490281,-73.6444046490281
1801.2700505208968,-73.64474170503823,-73.64474170503823
1801.280050520897,-73.64508032833554,-73.64508032833554
1801.290050520897,-73.64542067561239,-73.64542067561239
1801.300050520897,-73.6457629012543,-73.6457629012543
1801.310050520897,-73.64610715735449,-73.64610715735449
1801.320050520897,-73.6464535937254,-73.6464535937254
1801.330050520897,-73.64680235791843,-73.64680235791843
1801.340050520897,-73.64715359523267,-73.64715359523267
1801.350050520897,-73.6475074487359,-73.6475074487359
1801.360050520897,-73.6478640592768,-73.6478640592768
1801.370050520897,-73.64822356550447,-73.64822356550447
1801.380050520897,-73.6485861038852,-73.6485861038852
1801.390050520897,-73.64895180871754,-73.64895180871754
1801.400050520897,-73.64932081214482,-73.64932081214482
1801.410050520897,-73.64969324417277,-73.64969324417277
1801.420050520897,-73.65006923269944,-73.65006923269944
1801.4300505208969,-73.65044890351446,-73.65044890351446
1801.4400505208969,-73.65083238033918,-73.65083238033918
1801.4500505208969,-73.6512197848212,-73.6512197848212
1801.4600505208969,-73.65161123657468,-73.65161123657468
1801.4700505208968,-73.6520068531841,-73.6520068531841
1801.4800505208968,-73.65240675021863,-73.65240675021863
1801.4900505208968,-73.65281104126902,-73.65281104126902
1801.5000505208968,-73.65321983795863,-73.65321983795863
1801.5100505208968,-73.6536332499653,-73.6536332499653
1801.5200505208968,-73.65405138501036,-73.65405138501036
1801.530050520897,-73.65447434894533,-73.65447434894533
1801.540050520897,-73.65490224569515,-73.65490224569515
1801.550050520897,-73.65533517733124,-73.65533517733124
1801.560050520897,-73.6557732440686,-73.6557732440686
1801.570050520897,-73.65621654428777,-73.65621654428777
1801.580050520897,-73.6566651745624,-73.6566651745624
1801.590050520897,-73.65711922967044,-73.65711922967044
1801.600050520897,-73.65757880261,-73.65757880261
1801.610050520897,-73.65804398463152,-73.65804398463152
1801.620050520897,-73.65851486524856,-73.65851486524856
1801.630050520897,-73.65899153225989,-73.65899153225989
1801.640050520897,-73.65947407177637,-73.65947407177637
1801.650050520897,-73.65996256822423,-73.65996256822423
1801.660050520897,-73.66045710437778,-73.66045710437778
1801.670050520897,-73.66095776137641,-73.66095776137641
1801.6800505208969,-73.6614646187376,-73.6614646187376
1801.6900505208969,-73.6619777543906,-73.6619777543906
1801.7000505208969,-73.66249724467369,-73.66249724467369
1801.7100505208969,-73.66302316438096,-73.66302316438096
1801.7200505208968,-73.66355558675633,-73.66355558675633
1801.7300505208968,-73.66409458352005,-73.66409458352005
1801.7400505208968,-73.66464022489465,-73.66464022489465
1801.7500505208968,-73.6651925796264,-73.6651925796264
1801.7600505208968,-73.6657517149959,-73.6657517149959
1801.7700505208968,-73.66631769682247,-73.66631769682247
1801.780050520897,-73.66689058950898,-73.66689058950898
1801.790050520897,-73.6674704560481,-73.6674704560481
1801.800050520897,-73.66805735803906,-73.66805735803906
1801.810050520897,-73.66865135571872,-73.66865135571872
1801.820050520897,-73.6692525079532,-73.6692525079532
1801.830050520897,-73.66986087228425,-73.66986087228425
1801.840050520897,-73.67047650492276,-73.67047650492276
1801.850050520897,-73.67109946078654,-73.67109946078654
1801.860050520897,-73.67172979349728,-73.67172979349728
1801.870050520897,-73.67236755542923,-73.67236755542923
1801.880050520897,-73.67301279768937,-73.67301279768937
1801.890050520897,-73.67366557014874,-73.67366557014874
1801.900050520897,-73.67432592147344,-73.67432592147344
1801.910050520897,-73.67499389912369,-73.67499389912369
1801.920050520897,-73.67566954937821,-73.67566954937821
1801.9300505208969,-73.67635291733976,-73.67635291733976
1801.9400505208969,-73.67704404697203,-73.67704404697203
1801.9500505208969,-73.67774298109507,-73.67774298109507
1801.9600505208969,-73.67844976141596,-73.67844976141596
1801.9700505208968,-73.67916442853621,-73.67916442853621
1801.9800505208968,-73.67988702195713,-73.67988702195713
1801.9900505208968,-73.68061758012223,-73.68061758012223
1802.0000505447388,-73.68135614217039,-73.68135614217039
1802.0100505447388,-73.68210274094331,-73.68210274094331
1802.0200505447388,-73.68285741347715,-73.68285741347715
1802.0300505447387,-73.68362019407247,-73.68362019407247
1802.0400505447387,-73.68439111602974,-73.68439111602974
1802.0500505447387,-73.68517021164885,-73.68517021164885
1802.0600505447387,-73.68595751227727,-73.68595751227727
1802.0700505447387,-73.68675304830265,-73.68675304830265
1802.0800505447387,-73.68755684916361,-73.68755684916361
1802.0900505447387,-73.68836894336992,-73.68836894336992
1802.1000505447387,-73.6891893585265,-73.6891893585265
1802.1100505447387,-73.69001812132582,-73.69001812132582
1802.1200505447387,-73.69085525757235,-73.69085525757235
1802.1300505447389,-73.69170079220018,-73.69170079220018
1802.1400505447389,-73.69255474928144,-73.69255474928144
1802.1500505447389,-73.69341715203389,-73.69341715203389
1802.1600505447389,-73.69428802283397,-73.69428802283397
1802.1700505447388,-73.69516738324042,-73.69516738324042
1802.1800505447388,-73.69605525399216,-73.69605525399216
1802.1900505447388,-73.69695165503829,-73.69695165503829
1802.2000505447388,-73.69785660553502,-73.69785660553502
1802.2100505447388,-73.69877012386574,-73.69877012386574
1802.2200505447388,-73.69969222763048,-73.69969222763048
1802.2300505447388,-73.7006229336984,-73.7006229336984
1802.2400505447388,-73.70156225818202,-73.70156225818202
1802.2500505447388,-73.7025102164729,-73.7025102164729
1802.2600505447388,-73.70346682323887,-73.70346682323887
1802.2700505447388,-73.70443209243992,-73.70443209243992
1802.2800505447387,-73.7054060373294,-73.7054060373294
1802.2900505447387,-73.70638867048717,-73.70638867048717
1802.3000505447387,-73.70738000380945,-73.70738000380945
1802.3100505447387,-73.70838004852044,-73.70838004852044
1802.3200505447387,-73.70938881520665,-73.70938881520665
1802.3300505447387,-73.71040631379215,-73.71040631379215
1802.3400505447387,-73.71143255356736,-73.71143255356736
1802.3500505447387,-73.71246754320532,-73.71246754320532
1802.3600505447387,-73.71351129074826,-73.71351129074826
1802.3700505447387,-73.71456380364823,-73.71456380364823
1802.3800505447389,-73.71562508874555,-73.71562508874555
1802.3900505447389,-73.71669515230835,-73.71669515230835
1802.4000505447389,-73.71777400001052,-73.71777400001052
1802.4100505447389,-73.71886163696469,-73.71886163696469
1802.4200505447388,-73.71995806771503,-73.71995806771503
1802.4300505447388,-73.72106329626578,-73.72106329626578
1802.4400505447388,-73.72217732607535,-73.72217732607535
1802.4500505447388,-73.7233001600641,-73.7233001600641
1802.4600505447388,-73.72443180062537,-73.72443180062537
1802.4700505447388,-73.72557224963795,-73.72557224963795
1802.4800505447388,-73.72672150847308,-73.72672150847308
1802.4900505447388,-73.72787957799696,-73.72787957799696
1802.5000505447388,-73.72904645858263,-73.72904645858263
1802.5100505447388,-73.73022215012195,-73.73022215012195
1802.5200505447388,-73.73140665202722,-73.73140665202722
1802.5300505447387,-73.7325999632418,-73.7325999632418
1802.5400505447387,-73.73380208224654,-73.73380208224654
1802.5500505447387,-73.73501300706955,-73.73501300706955
1802.5600505447387,-73.73623273528342,-73.73623273528342
1802.5700505447387,-73.73746126404001,-73.73746126404001
1802.5800505447387,-73.73869859003685,-73.73869859003685
1802.5900505447387,-73.73994470956399,-73.73994470956399
1802.6000505447387,-73.74119961847619,-73.74119961847619
1802.6100505447387,-73.74246331223465,-73.74246331223465
1802.6200505447387,-73.74373578588074,-73.74373578588074
1802.6300505447389,-73.74501703406537,-73.74501703406537
1802.6400505447389,-73.7463070510454,-73.7463070510454
1802.6500505447389,-73.74760583069515,-73.74760583069515
1802.6600505447389,-73.74891336650867,-73.74891336650867
1802.6700505447388,-73.75022965161126,-73.75022965161126
1802.6800505447388,-73.75155467875054,-73.75155467875054
1802.6900505447388,-73.75288844033106,-73.75288844033106
1802.7000505447388,-73.75423092839507,-73.75423092839507
1802.7100505447388,-73.75557570307575,-73.75557570307575
1802.7200505447388,-73.7569199402999,-73.7569199402999
1802.7300505447388,-73.75826226097836,-73.75826226097836
1802.7400505447388,-73.75960195468593,-73.75960195468593
1802.7500505447388,-73.76093868336875,-73.76093868336875
1802.7600505447388,-73.76227232753763,-73.76227232753763
1802.7700505447388,-73.76360289604408,-73.76360289604408
1802.7800505447387,-73.7649304719077,-73.7649304719077
1802.7900505447387,-73.76625517973368,-73.76625517973368
1802.8000505447387,-73.76757716613317,-73.76757716613317
1802.8100505447387,-73.76889658810403,-73.76889658810403
1802.8200505447387,-73.7702136061601,-73.7702136061601
1802.8300505447387,-73.77152838042211,-73.77152838042211
1802.8400505447387,-73.77284106847183,-73.77284106847183
1802.8500505685806,-73.77415182738767,-73.77415182738767
1802.8600505685806,-73.77546080085067,-73.77546080085067
1802.8700505685806,-73.77676813779617,-73.77676813779617
1802.8800505685806,-73.77807398008414,-73.77807398008414
1802.8900505685806,-73.77937846586528,-73.77937846586528
1802.9000505685806,-73.7806817298831,-73.7806817298831
1802.9100505685806,-73.78198390376744,-73.78198390376744
1802.9200505685806,-73.78328511633393,-73.78328511633393
1802.9300505685806,-73.7845854938394,-73.7845854938394
1802.9400505685805,-73.78588516022997,-73.78588516022997
1802.9500505685805,-73.78718423733582,-73.78718423733582
1802.9600505685805,-73.78848284507609,-73.78848284507609
1802.9700505685805,-73.7897811015955,-73.7897811015955
1802.9800505685807,-73.79107912339092,-73.79107912339092
1802.9900505685807,-73.79237702543745,-73.79237702543745
1803.0000505685807,-73.79367492126748,-73.79367492126748
1803.0100505685807,-73.79497292306417,-73.79497292306417
1803.0200505685807,-73.79627114170303,-73.79627114170303
1803.0300505685807,-73.79756968681419,-73.79756968681419
1803.0400505685807,-73.79886866682176,-73.79886866682176
1803.0500505685807,-73.8001681889721,-73.8001681889721
1803.0600505685807,-73.80146835937315,-73.80146835937315
1803.0700505685807,-73.80276928299479,-73.80276928299479
1803.0800505685806,-73.80407106369917,-73.80407106369917
1803.0900505685806,-73.80537380424396,-73.80537380424396
1803.1000505685806,-73.80667760628242,-73.80667760628242
1803.1100505685806,-73.80798257039677,-73.80798257039677
1803.1200505685806,-73.80928879606518,-73.80928879606518
1803.1300505685806,-73.81059638167945,-73.81059638167945
1803.1400505685806,-73.81190542455302,-73.81190542455302
1803.1500505685806,-73.81321602089338,-73.81321602089338
1803.1600505685806,-73.81452826583867,-73.81452826583867
1803.1700505685806,-73.81584225340231,-73.81584225340231
1803.1800505685806,-73.81715807652694,-73.81715807652694
1803.1900505685805,-73.8184758270326,-73.8184758270326
1803.2000505685805,-73.81979559564722,-73.81979559564722
1803.2100505685805,-73.82111747197064,-73.82111747197064
1803.2200505685805,-73.8224415445145,-73.8224415445145
1803.2300505685807,-73.82376790065406,-73.82376790065406
1803.2400505685807,-73.82509662665134,-73.82509662665134
1803.2500505685807,-73.82642780764692,-73.82642780764692
1803.2600505685807,-73.82776152764633,-73.82776152764633
1803.2700505685807,-73.82909786954322,-73.82909786954322
1803.2800505685807,-73.83043691509506,-73.83043691509506
1803.2900505685807,-73.83177874493347,-73.83177874493347
1803.3000505685807,-73.8331234385485,-73.8331234385485
1803.3100505685807,-73.83447107431142,-73.83447107431142
1803.3200505685807,-73.83582172945727,-73.83582172945727
1803.3300505685806,-73.83717548008855,-73.83717548008855
1803.3400505685806,-73.8385324011858,-73.8385324011858
1803.3500505685806,-73.83989256659963,-73.83989256659963
1803.3600505685806,-73.84125604905095,-73.84125604905095
1803.3700505685806,-73.84262292013388,-73.84262292013388
1803.3800505685806,-73.84399325033523,-73.84399325033523
1803.3900505685806,-73.8453671090131,-73.8453671090131
1803.4000505685806,-73.84674456442626,-73.84674456442626
1803.4100505685806,-73.84812568369689,-73.84812568369689
1803.4200505685806,-73.84951053286288,-73.84951053286288
1803.4300505685806,-73.85089917685595,-73.85089917685595
1803.4400505685805,-73.85229167950715,-73.85229167950715
1803.4500505685805,-73.85368810356385,-73.85368810356385
1803.4600505685805,-73.85508851069409,-73.85508851069409
1803.4700505685805,-73.85649296145914,-73.85649296145914
1803.4800505685807,-73.85790151537836,-73.85790151537836
1803.4900505685807,-73.85931423088968,-73.85931423088968
1803.5000505685807,-73.86073116536961,-73.86073116536961
1803.5100505685807,-73.86215237514875,-73.86215237514875
1803.5200505685807,-73.86357791550965,-73.86357791550965
1803.5300505685807,-73.86500784069808,-73.86500784069808
1803.5400505685807,-73.8664422039207,-73.8664422039207
1803.5500505685807,-73.86788105736979,-73.86788105736979
1803.5600505685807,-73.86932445222749,-73.86932445222749
1803.5700505685807,-73.87077243865058,-73.87077243865058
1803.5800505685806,-73.87222506581577,-73.87222506581577
1803.5900505685806,-73.87368238189632,-73.87368238189632
1803.6000505685806,-73.87514443410745,-73.87514443410745
1803.6100505685806,-73.87661126866072,-73.87661126866072
1803.6200505685806,-73.87808293082003,-73.87808293082003
1803.6300505685806,-73.87955946489447,-73.87955946489447
1803.6400505685806,-73.881040914246,-73.881040914246
1803.6500505685806,-73.88252732130182,-73.88252732130182
1803.6600505685806,-73.88401872755693,-73.88401872755693
1803.6700505685806,-73.88551517358863,-73.88551517358863
1803.6800505685806,-73.88701669906297,-73.88701669906297
1803.6900505685805,-73.8885233427595,-73.8885233427595
1803.7000505924225,-73.89003514615476,-73.89003514615476
1803.7100505924225,-73.89154569460405,-73.89154569460405
1803.7200505924225,-73.89305220591464,-73.89305220591464
1803.7300505924225,-73.89455334135911,-73.89455334135911
1803.7400505924224,-73.8960484315518,-73.8960484315518
1803.7500505924224,-73.89753717967339,-73.89753717967339
1803.7600505924224,-73.89901950738307,-73.89901950738307
1803.7700505924224,-73.90049546447786,-73.90049546447786
1803.7800505924224,-73.90196517462046,-73.90196517462046
1803.7900505924224,-73.90342880273431,-73.90342880273431
1803.8000505924224,-73.90488653539423,-73.90488653539423
1803.8100505924224,-73.90633856917614,-73.90633856917614
1803.8200505924224,-73.90778510379786,-73.90778510379786
1803.8300505924226,-73.90922633819162,-73.90922633819162
1803.8400505924226,-73.9106624683406,-73.9106624683406
1803.8500505924226,-73.9120936862254,-73.9120936862254
1803.8600505924226,-73.91352017937523,-73.91352017937523
1803.8700505924226,-73.91494213081292,-73.91494213081292
1803.8800505924225,-73.91635971920557,-73.91635971920557
1803.8900505924225,-73.91777311910465,-73.91777311910465
1803.9000505924225,-73.91918250124833,-73.91918250124833
1803.9100505924225,-73.92058803287104,-73.92058803287104
1803.9200505924225,-73.92198987798061,-73.92198987798061
1803.9300505924225,-73.92338819763363,-73.92338819763363
1803.9400505924225,-73.92478315016974,-73.92478315016974
1803.9500505924225,-73.9261748914349,-73.9261748914349
1803.9600505924225,-73.92755712765327,-73.92755712765327
1803.9700505924225,-73.92892718718512,-73.92892718718512
1803.9800505924225,-73.93028384499817,-73.93028384499817
1803.9900505924224,-73.93162654468442,-73.93162654468442
1804.0000505924224,-73.93295510161242,-73.93295510161242
1804.0100505924224,-73.93426954885801,-73.93426954885801
1804.0200505924224,-73.93557004686602,-73.93557004686602
1804.0300505924224,-73.93685682920551,-73.93685682920551
1804.0400505924224,-73.93813016998824,-73.93813016998824
1804.0500505924224,-73.93939036426582,-73.93939036426582
1804.0600505924224,-73.94063771639406,-73.94063771639406
1804.0700505924224,-73.9418725331924,-73.9418725331924
1804.0800505924226,-73.9430951199993,-73.9430951199993
1804.0900505924226,-73.94430577854266,-73.94430577854266
1804.1000505924226,-73.94550480585121,-73.94550480585121
1804.1100505924226,-73.94669249382142,-73.94669249382142
1804.1200505924226,-73.94786912916472,-73.94786912916472
1804.1300505924225,-73.94903499351476,-73.94903499351476
1804.1400505924225,-73.9501903636942,-73.9501903636942
1804.1500505924225,-73.95133551200601,-73.95133551200601
1804.1600505924225,-73.95247070650184,-73.95247070650184
1804.1700505924225,-73.95359621128816,-73.95359621128816
1804.1800505924225,-73.95471228676254,-73.95471228676254
1804.1900505924225,-73.95581918985063,-73.95581918985063
1804.2000505924225,-73.95691717421339,-73.95691717421339
1804.2100505924225,-73.95800649040848,-73.95800649040848
1804.2200505924225,-73.95908738603879,-73.95908738603879
1804.2300505924225,-73.96016010588926,-73.96016010588926
1804.2400505924224,-73.9612248920003,-73.9612248920003
1804.2500505924224,-73.9622819838009,-73.9622819838009
1804.2600505924224,-73.96333161812954,-73.96333161812954
1804.2700505924224,-73.96437402932399,-73.96437402932399
1804.2800505924224,-73.96540944924749,-73.96540944924749
1804.2900505924224,-73.96643810735283,-73.96643810735283
1804.3000505924224,-73.96746023067965,-73.96746023067965
1804.3100505924224,-73.96847604389713,-73.96847604389713
1804.3200505924224,-73.96948576932364,-73.96948576932364
1804.3300505924226,-73.97048962693191,-73.97048962693191
1804.3400505924226,-73.97148783434295,-73.97148783434295
1804.3500505924226,-73.97248060687471,-73.97248060687471
1804.3600505924226,-73.97346815751668,-73.97346815751668
1804.3700505924226,-73.97445069694075,-73.97445069694075
1804.3800505924225,-73.97542843348997,-73.97542843348997
1804.3900505924225,-73.97640157321526,-73.97640157321526
1804.4000505924225,-73.97737031983286,-73.97737031983286
1804.4100505924225,-73.97833487476036,-73.97833487476036
1804.4200505924225,-73.97929543709546,-73.97929543709546
1804.4300505924225,-73.98025220362642,-73.98025220362642
1804.4400505924225,-73.98120536883076,-73.98120536883076
1804.4500505924225,-73.98215512486958,-73.98215512486958
1804.4600505924225,-73.98310166160091,-73.98310166160091
1804.4700505924225,-73.98404516656623,-73.98404516656623
1804.4800505924225,-73.98498582502015,-73.98498582502015
1804.4900505924224,-73.98592381989455,-73.98592381989455
1804.5000505924224,-73.9868593318311,-73.9868593318311
1804.5100505924224,-73.98779253917878,-73.98779253917878
1804.5200505924224,-73.98872361799813,-73.98872361799813
1804.5300505924224,-73.98965274205572,-73.98965274205572
1804.5400505924224,-73.99058008286335,-73.99058008286335
1804.5500506162643,-73.9915058118397,-73.9915058118397
1804.5600506162643,-73.99243009153658,-73.99243009153658
1804.5700506162643,-73.99335308888044,-73.99335308888044
1804.5800506162643,-73.99427496633284,-73.99427496633284
1804.5900506162643,-73.99519588411715,-73.99519588411715
1804.6000506162643,-73.99611600023978,-73.99611600023978
1804.6100506162643,-73.99703547048628,-73.99703547048628
1804.6200506162643,-73.99795444844356,-73.99795444844356
1804.6300506162643,-73.99887308550761,-73.99887308550761
1804.6400506162643,-73.99979153088483,-73.99979153088483
1804.6500506162643,-74.00070993162868,-74.00070993162868
1804.6600506162642,-74.00162843263487,-74.00162843263487
1804.6700506162642,-74.00254717665,-74.00254717665
1804.6800506162645,-74.00346630430545,-74.00346630430545
1804.6900506162644,-74.00438595412139,-74.00438595412139
1804.7000506162644,-74.00530626252201,-74.00530626252201
1804.7100506162644,-74.00622736385385,-74.00622736385385
1804.7200506162644,-74.00714939039558,-74.00714939039558
1804.7300506162644,-74.00807247238006,-74.00807247238006
1804.7400506162644,-74.00899673800986,-74.00899673800986
1804.7500506162644,-74.00992231347512,-74.00992231347512
1804.7600506162644,-74.0108493229578,-74.0108493229578
1804.7700506162644,-74.01177788867199,-74.01177788867199
1804.7800506162644,-74.01270813085797,-74.01270813085797
1804.7900506162644,-74.01364016781683,-74.01364016781683
1804.8000506162643,-74.01457411591795,-74.01457411591795
1804.8100506162643,-74.01551008962333,-74.01551008962333
1804.8200506162643,-74.01644820150182,-74.01644820150182
1804.8300506162643,-74.01738856224746,-74.01738856224746
1804.8400506162643,-74.01833128070626,-74.01833128070626
1804.8500506162643,-74.01927646388037,-74.01927646388037
1804.8600506162643,-74.02022421695273,-74.02022421695273
1804.8700506162643,-74.0211746433118,-74.0211746433118
1804.8800506162643,-74.02212784456106,-74.02212784456106
1804.8900506162643,-74.02308392054091,-74.02308392054091
1804.9000506162643,-74.0240429693562,-74.0240429693562
1804.9100506162642,-74.02500508737764,-74.02500508737764
1804.9200506162642,-74.02597036927467,-74.02597036927467
1804.9300506162645,-74.02693890803053,-74.02693890803053
1804.9400506162644,-74.02791079495452,-74.02791079495452
1804.9500506162644,-74.02888611971973,-74.02888611971973
1804.9600506162644,-74.02986497035944,-74.02986497035944
1804.9700506162644,-74.03084743328955,-74.03084743328955
1804.9800506162644,-74.03183359334113,-74.03183359334113
1804.9900506162644,-74.03282353376548,-74.03282353376548
1805.0000506162644,-74.03381733626838,-74.03381733626838
1805.0100506162644,-74.03481508100158,-74.03481508100158
1805.0200506162644,-74.03581684661565,-74.03581684661565
1805.0300506162644,-74.03682271025085,-74.03682271025085
1805.0400506162644,-74.0378327475624,-74.0378327475624
1805.0500506162643,-74.03884703274696,-74.03884703274696
1805.0600506162643,-74.03986563854895,-74.03986563854895
1805.0700506162643,-74.04088863629721,-74.04088863629721
1805.0800506162643,-74.04191609589921,-74.04191609589921
1805.0900506162643,-74.04294808587207,-74.04294808587207
1805.1000506162643,-74.04398467336428,-74.04398467336428
1805.1100506162643,-74.04502592415845,-74.04502592415845
1805.1200506162643,-74.04607190270035,-74.04607190270035
1805.1300506162643,-74.04712267211808,-74.04712267211808
1805.1400506162643,-74.04817829422944,-74.04817829422944
1805.1500506162643,-74.049238829564,-74.049238829564
1805.1600506162642,-74.05030433738649,-74.05030433738649
1805.1700506162642,-74.05137487569569,-74.05137487569569
1805.1800506162645,-74.05245050125731,-74.05245050125731
1805.1900506162644,-74.05353126962089,-74.05353126962089
1805.2000506162644,-74.05461723512738,-74.05461723512738
1805.2100506162644,-74.05570845092322,-74.05570845092322
1805.2200506162644,-74.05680496899652,-74.05680496899652
1805.2300506162644,-74.0579068401593,-74.0579068401593
1805.2400506162644,-74.05901411409661,-74.05901411409661
1805.2500506162644,-74.0601268393636,-74.0601268393636
1805.2600506162644,-74.06124506340173,-74.06124506340173
1805.2700506162644,-74.06236883256018,-74.06236883256018
1805.2800506162644,-74.06349819211472,-74.06349819211472
1805.2900506162644,-74.06463318626167,-74.06463318626167
1805.3000506162643,-74.0657738581652,-74.0657738581652
1805.3100506162643,-74.06692024993343,-74.06692024993343
1805.3200506162643,-74.0680724026702,-74.0680724026702
1805.3300506162643,-74.06923035646163,-74.06923035646163
1805.3400506162643,-74.07039415042297,-74.07039415042297
1805.3500506162643,-74.0715638226648,-74.0715638226648
1805.3600506162643,-74.07273941033651,-74.07273941033651
1805.3700506162643,-74.07392094965381,-74.07392094965381
1805.3800506162643,-74.07510847588432,-74.07510847588432
1805.3900506162643,-74.07630202337198,-74.07630202337198
1805.4000506401062,-74.07750162841243,-74.07750162841243
1805.4100506401062,-74.07870731784931,-74.07870731784931
1805.4200506401062,-74.0799191261641,-74.0799191261641
1805.4300506401062,-74.08113708414342,-74.08113708414342
1805.4400506401062,-74.08236122171081,-74.08236122171081
1805.4500506401062,-74.08359156794491,-74.08359156794491
1805.4600506401061,-74.08482169007226,-74.08482169007226
1805.4700506401061,-74.08604878650324,-74.08604878650324
1805.4800506401061,-74.08727150655524,-74.08727150655524
1805.4900506401061,-74.08848917064856,-74.08848917064856
1805.500050640106,-74.08970147282164,-74.08970147282164
1805.510050640106,-74.09090832619802,-74.09090832619802
1805.520050640106,-74.09210977241604,-74.09210977241604
1805.5300506401063,-74.0933059272359,-74.0933059272359
1805.5400506401063,-74.0944969478316,-74.0944969478316
1805.5500506401063,-74.09568301314178,-74.09568301314178
1805.5600506401063,-74.09686431219579,-74.09686431219579
1805.5700506401063,-74.09804103722801,-74.09804103722801
1805.5800506401063,-74.09921337974546,-74.09921337974546
1805.5900506401063,-74.10038152837288,-74.10038152837288
1805.6000506401062,-74.10154566777315,-74.10154566777315
1805.6100506401062,-74.10270597821375,-74.10270597821375
1805.6200506401062,-74.10386263552238,-74.10386263552238
1805.6300506401062,-74.10501581121534,-74.10501581121534
1805.6400506401062,-74.10616567275794,-74.10616567275794
1805.6500506401062,-74.10731238386155,-74.10731238386155
1805.6600506401062,-74.1084561047939,-74.1084561047939
1805.6700506401062,-74.10959699266004,-74.10959699266004
1805.6800506401062,-74.11073520167606,-74.11073520167606
1805.6900506401062,-74.11187088340273,-74.11187088340273
1805.7000506401062,-74.11300418697837,-74.11300418697837
1805.7100506401061,-74.11413525927664,-74.11413525927664
1805.7200506401061,-74.11526424507466,-74.11526424507466
1805.7300506401061,-74.11639128719331,-74.11639128719331
1805.7400506401061,-74.1175165266019,-74.1175165266019
1805.750050640106,-74.11864010252214,-74.11864010252214
1805.760050640106,-74.11976215248741,-74.11976215248741
1805.770050640106,-74.12088281243362,-74.12088281243362
1805.7800506401063,-74.1220022167391,-74.1220022167391
1805.7900506401063,-74.12312049826754,-74.12312049826754
1805.8000506401063,-74.12423778841114,-74.12423778841114
1805.8100506401063,-74.12535421711159,-74.12535421711159
1805.8200506401063,-74.12646991288854,-74.12646991288854
1805.8300506401063,-74.12758500284963,-74.12758500284963
1805.8400506401063,-74.12869961271709,-74.12869961271709
1805.8500506401062,-74.12981386682664,-74.12981386682664
1805.8600506401062,-74.13092788814758,-74.13092788814758
1805.8700506401062,-74.13204179826927,-74.13204179826927
1805.8800506401062,-74.13315571741956,-74.13315571741956
1805.8900506401062,-74.1342697644659,-74.1342697644659
1805.9000506401062,-74.13538405691627,-74.13538405691627
1805.9100506401062,-74.13649871091121,-74.13649871091121
1805.9200506401062,-74.13761384123411,-74.13761384123411
1805.9300506401062,-74.13872956131078,-74.13872956131078
1805.9400506401062,-74.13984598319585,-74.13984598319585
1805.9500506401062,-74.14096321759159,-74.14096321759159
1805.9600506401061,-74.14207490802497,-74.14207490802497
1805.9700506401061,-74.14317833146666,-74.14317833146666
1805.9800506401061,-74.144272216362,-74.144272216362
1805.9900506401061,-74.14535596220973,-74.14535596220973
1806.000050640106,-74.14642934182835,-74.14642934182835
1806.010050640106,-74.14749234671791,-74.14749234671791
1806.020050640106,-74.14854509641454,-74.14854509641454
1806.0300506401063,-74.14958778405057,-74.14958778405057
1806.0400506401063,-74.15062064359478,-74.15062064359478
1806.0500506401063,-74.15164393020919,-74.15164393020919
1806.0600506401063,-74.15257545238661,-74.15257545238661
1806.0700506401063,-74.15338302961557,-74.15338302961557
1806.0800506401063,-74.15405166817841,-74.15405166817841
1806.0900506401063,-74.15457353843004,-74.15457353843004
1806.1000506401062,-74.15494488149542,-74.15494488149542
1806.1100506401062,-74.15516458370755,-74.15516458370755
1806.1200506401062,-74.15523330523034,-74.15523330523034
1806.1300506401062,-74.15515289061402,-74.15515289061402
1806.1400506401062,-74.15492596007856,-74.15492596007856
1806.1500506401062,-74.15455562540062,-74.15455562540062
1806.1600506401062,-74.15404529313915,-74.15404529313915
1806.1700506401062,-74.15339852909152,-74.15339852909152
1806.1800506401062,-74.15261896576358,-74.15261896576358
1806.1900506401062,-74.15171023988324,-74.15171023988324
1806.2000506401062,-74.15067595093298,-74.15067595093298
1806.2100506401061,-74.1495196342703,-74.1495196342703
1806.2200506401061,-74.1482447444308,-74.1482447444308
1806.2300506401061,-74.14685464539546,-74.14685464539546
1806.2400506401061,-74.14535260562857,-74.14535260562857
1806.250050663948,-74.1437417925694,-74.1437417925694
1806.260050663948,-74.14202528801012,-74.14202528801012
1806.270050663948,-74.14020606820938,-74.14020606820938
1806.280050663948,-74.13828702053299,-74.13828702053299
1806.290050663948,-74.13627094344153,-74.13627094344153
1806.300050663948,-74.13416054995446,-74.13416054995446
1806.310050663948,-74.13195847125135,-74.13195847125135
1806.320050663948,-74.1296672602515,-74.1296672602515
1806.330050663948,-74.12728939511359,-74.12728939511359
1806.340050663948,-74.12482728260765,-74.12482728260765
1806.350050663948,-74.12228326132467,-74.12228326132467
1806.360050663948,-74.11965960472143,-74.11965960472143
1806.370050663948,-74.11695852400314,-74.11695852400314
1806.3800506639482,-74.11418217081908,-74.11418217081908
1806.3900506639482,-74.11133263979524,-74.11133263979524
1806.4000506639482,-74.10841197093214,-74.10841197093214
1806.4100506639481,-74.10542215183918,-74.10542215183918
1806.4200506639481,-74.10236511979501,-74.10236511979501
1806.4300506639481,-74.09924276376552,-74.09924276376552
1806.440050663948,-74.09605692619823,-74.09605692619823
1806.450050663948,-74.09280940480518,-74.09280940480518
1806.460050663948,-74.08950195415906,-74.08950195415906
1806.470050663948,-74.08613628725132,-74.08613628725132
1806.480050663948,-74.08271407692823,-74.08271407692823
1806.490050663948,-74.07923695728066,-74.07923695728066
1806.500050663948,-74.07570652491992,-74.07570652491992
1806.510050663948,-74.0721243402131,-74.0721243402131
1806.520050663948,-74.06849192846082,-74.06849192846082
1806.530050663948,-74.06481078096463,-74.06481078096463
1806.540050663948,-74.0610823561162,-74.0610823561162
1806.550050663948,-74.05730808036304,-74.05730808036304
1806.560050663948,-74.05348934919397,-74.05348934919397
1806.570050663948,-74.04962752800421,-74.04962752800421
1806.580050663948,-74.04572395300028,-74.04572395300028
1806.590050663948,-74.04177993200675,-74.04177993200675
1806.600050663948,-74.0377967452635,-74.0377967452635
1806.610050663948,-74.03377564616855,-74.03377564616855
1806.620050663948,-74.02971786203572,-74.02971786203572
1806.6300506639482,-74.02562459475642,-74.02562459475642
1806.6400506639482,-74.02149702150194,-74.02149702150194
1806.6500506639482,-74.01733629533979,-74.01733629533979
1806.6600506639481,-74.01314354585747,-74.01314354585747
1806.6700506639481,-74.00891987976753,-74.00891987976753
1806.6800506639481,-74.00466638145619,-74.00466638145619
1806.690050663948,-74.00038411356078,-74.00038411356078
1806.700050663948,-73.99607411748964,-73.99607411748964
1806.710050663948,-73.9917374139226,-73.9917374139226
1806.720050663948,-73.98737500332423,-73.98737500332423
1806.730050663948,-73.98298786641253,-73.98298786641253
1806.740050663948,-73.97857696461358,-73.97857696461358
1806.750050663948,-73.97414324052443,-73.97414324052443
1806.760050663948,-73.96968761832566,-73.96968761832566
1806.770050663948,-73.96521100420937,-73.96521100420937
1806.780050663948,-73.96071428678282,-73.96071428678282
1806.790050663948,-73.95619833745336,-73.95619833745336
1806.800050663948,-73.95166401080506,-73.95166401080506
1806.810050663948,-73.9471121449941,-73.9471121449941
1806.820050663948,-73.94254356206686,-73.94254356206686
1806.830050663948,-73.93795906831949,-73.93795906831949
1806.840050663948,-73.93335945464973,-73.93335945464973
1806.850050663948,-73.9287454968608,-73.9287454968608
1806.860050663948,-73.92411795598653,-73.92411795598653
1806.870050663948,-73.91947757859539,-73.91947757859539
1806.8800506639482,-73.91482509709492,-73.91482509709492
1806.8900506639482,-73.91016123003601,-73.91016123003601
1806.9000506639482,-73.9054866823449,-73.9054866823449
1806.9100506639481,-73.90080214566517,-73.90080214566517
1806.9200506639481,-73.89610829857426,-73.89610829857426
1806.9300506639481,-73.89140580686652,-73.89140580686652
1806.940050663948,-73.88669532380862,-73.88669532380862
1806.950050663948,-73.8819774903754,-73.8819774903754
1806.960050663948,-73.87725293549616,-73.87725293549616
1806.970050663948,-73.8725222762934,-73.8725222762934
1806.980050663948,-73.86778611829938,-73.86778611829938
1806.990050663948,-73.86304505569909,-73.86304505569909
1807.000050663948,-73.85829967153323,-73.85829967153323
1807.010050663948,-73.8535505379022,-73.8535505379022
1807.020050663948,-73.84879821620095,-73.84879821620095
1807.030050663948,-73.8440432572956,-73.8440432572956
1807.040050663948,-73.83928620173675,-73.83928620173675
1807.050050663948,-73.83452757993366,-73.83452757993366
1807.060050663948,-73.82976791235933,-73.82976791235933
1807.070050663948,-73.82500770973904,-73.82500770973904
1807.080050663948,-73.8202474732233,-73.8202474732233
1807.090050663948,-73.81548769454625,-73.81548769454625
1807.10005068779,-73.81072884487745,-73.81072884487745
1807.11005068779,-73.80597142032931,-73.80597142032931
1807.12005068779,-73.80121587414754,-73.80121587414754
1807.13005068779,-73.79646266214108,-73.79646266214108
1807.1400506877899,-73.79171223154736,-73.79171223154736
1807.1500506877899,-73.78696502116753,-73.78696502116753
1807.1600506877899,-73.78222146153686,-73.78222146153686
1807.1700506877899,-73.7774819750653,-73.7774819750653
1807.1800506877898,-73.77274697617011,-73.77274697617011
1807.1900506877898,-73.76801687142755,-73.76801687142755
1807.2000506877898,-73.76329205970643,-73.76329205970643
1807.2100506877898,-73.75857293231572,-73.75857293231572
1807.2200506877898,-73.75385987311117,-73.75385987311117
1807.23005068779,-73.7491532586444,-73.7491532586444
1807.24005068779,-73.74445345829416,-73.74445345829416
1807.25005068779,-73.73976083437859,-73.73976083437859
1807.26005068779,-73.7350757422726,-73.7350757422726
1807.27005068779,-73.73039853054735,-73.73039853054735
1807.28005068779,-73.72572954107044,-73.72572954107044
1807.29005068779,-73.72106910912076,-73.72106910912076
1807.30005068779,-73.71641756351217,-73.71641756351217
1807.31005068779,-73.71177522670285,-73.71177522670285
1807.32005068779,-73.70714241489013,-73.70714241489013
1807.33005068779,-73.70251943812497,-73.70251943812497
1807.34005068779,-73.69790660041687,-73.69790660041687
1807.35005068779,-73.69330419983582,-73.69330419983582
1807.36005068779,-73.68871252861582,-73.68871252861582
1807.37005068779,-73.68413187324305,-73.68413187324305
1807.38005068779,-73.67956251455128,-73.67956251455128
1807.3900506877899,-73.67500472784397,-73.67500472784397
1807.4000506877899,-73.67045878294618,-73.67045878294618
1807.4100506877899,-73.66592494431586,-73.66592494431586
1807.4200506877899,-73.66140347114421,-73.66140347114421
1807.4300506877898,-73.65689461742436,-73.65689461742436
1807.4400506877898,-73.65239863204714,-73.65239863204714
1807.4500506877898,-73.6479157588843,-73.6479157588843
1807.4600506877898,-73.64344623685844,-73.64344623685844
1807.4700506877898,-73.63899030004548,-73.63899030004548
1807.48005068779,-73.63454817774664,-73.63454817774664
1807.49005068779,-73.6301200945664,-73.6301200945664
1807.50005068779,-73.62570627048407,-73.62570627048407
1807.51005068779,-73.62130692092309,-73.62130692092309
1807.52005068779,-73.61692225685844,-73.61692225685844
1807.53005068779,-73.61255248485024,-73.61255248485024
1807.54005068779,-73.60819780714279,-73.60819780714279
1807.55005068779,-73.60385842171485,-73.60385842171485
1807.56005068779,-73.59953452236294,-73.59953452236294
1807.57005068779,-73.59522629876533,-73.59522629876533
1807.58005068779,-73.59093393654226,-73.59093393654226
1807.59005068779,-73.58665761733717,-73.58665761733717
1807.60005068779,-73.5823975188659,-73.5823975188659
1807.61005068779,-73.57815381497716,-73.57815381497716
1807.62005068779,-73.57392667574236,-73.57392667574236
1807.63005068779,-73.56971626747071,-73.56971626747071
1807.6400506877899,-73.56552275282468,-73.56552275282468
1807.6500506877899,-73.5613462908289,-73.5613462908289
1807.6600506877899,-73.55718703696317,-73.55718703696317
1807.6700506877899,-73.55304514319249,-73.55304514319249
1807.6800506877898,-73.54892075804575,-73.54892075804575
1807.6900506877898,-73.54481402665705,-73.54481402665705
1807.7000506877898,-73.54072509082738,-73.54072509082738
1807.7100506877898,-73.5366540890697,-73.5366540890697
1807.7200506877898,-73.53260115667972,-73.53260115667972
1807.73005068779,-73.52856642575215,-73.52856642575215
1807.74005068779,-73.52455002526284,-73.52455002526284
1807.75005068779,-73.52055208112141,-73.52055208112141
1807.76005068779,-73.51657271619221,-73.51657271619221
1807.77005068779,-73.5126120503587,-73.5126120503587
1807.78005068779,-73.5086702005755,-73.5086702005755
1807.79005068779,-73.5047472809029,-73.5047472809029
1807.80005068779,-73.50084340257186,-73.50084340257186
1807.81005068779,-73.49695867399628,-73.49695867399628
1807.82005068779,-73.49309320085338,-73.49309320085338
1807.83005068779,-73.48924708610744,-73.48924708610744
1807.84005068779,-73.48542043005017,-73.48542043005017
1807.85005068779,-73.48161333035041,-73.48161333035041
1807.86005068779,-73.47782588210036,-73.47782588210036
1807.87005068779,-73.47405817783576,-73.47405817783576
1807.88005068779,-73.47031030761124,-73.47031030761124
1807.8900506877899,-73.46658235899734,-73.46658235899734
1807.9000506877899,-73.46287441716025,-73.46287441716025
1807.9100506877899,-73.45918656485851,-73.45918656485851
1807.9200506877899,-73.45551888251954,-73.45551888251954
1807.9300506877898,-73.45187144825897,-73.45187144825897
1807.9400506877898,-73.44824433789903,-73.44824433789903
1807.9500507116318,-73.44463761646014,-73.44463761646014
1807.9600507116318,-73.44104498448014,-73.44104498448014
1807.9700507116318,-73.4374637127998,-73.4374637127998
1807.9800507116317,-73.43389251457359,-73.43389251457359
1807.9900507116317,-73.43033076406935,-73.43033076406935
1808.0000507116317,-73.42677820234553,-73.42677820234553
1808.0100507116317,-73.42323478464932,-73.42323478464932
1808.0200507116317,-73.41970059115245,-73.41970059115245
1808.0300507116317,-73.41617577337604,-73.41617577337604
1808.0400507116317,-73.41266052207143,-73.41266052207143
1808.0500507116317,-73.40915504797255,-73.40915504797255
1808.0600507116317,-73.40565957036013,-73.40565957036013
1808.0700507116317,-73.40217431038387,-73.40217431038387
1808.0800507116319,-73.39869948724859,-73.39869948724859
1808.0900507116319,-73.39523531613747,-73.39523531613747
1808.1000507116319,-73.39178200719924,-73.39178200719924
1808.1100507116319,-73.38833976517172,-73.38833976517172
1808.1200507116318,-73.38490878933565,-73.38490878933565
1808.1300507116318,-73.3814892736951,-73.3814892736951
1808.1400507116318,-73.37808140723614,-73.37808140723614
1808.1500507116318,-73.37468537426003,-73.37468537426003
1808.1600507116318,-73.37130135466872,-73.37130135466872
1808.1700507116318,-73.36792952428443,-73.36792952428443
1808.1800507116318,-73.36457005512642,-73.36457005512642
1808.1900507116318,-73.36122311566271,-73.36122311566271
1808.2000507116318,-73.35788887101818,-73.35788887101818
1808.2100507116318,-73.3545674831857,-73.3545674831857
1808.2200507116318,-73.35125911117343,-73.35125911117343
1808.2300507116317,-73.34796391116228,-73.34796391116228
1808.2400507116317,-73.34468203663258,-73.34468203663258
1808.2500507116317,-73.34141363844869,-73.34141363844869
1808.2600507116317,-73.33815886496829,-73.33815886496829
1808.2700507116317,-73.33491786210398,-73.33491786210398
1808.2800507116317,-73.3316907734102,-73.3316907734102
1808.2900507116317,-73.32847774009576,-73.32847774009576
1808.3000507116317,-73.32527890110998,-73.32527890110998
1808.3100507116317,-73.32209439317688,-73.32209439317688
1808.3200507116317,-73.31892435080901,-73.31892435080901
1808.3300507116319,-73.3157689063488,-73.3157689063488
1808.3400507116319,-73.31262818999285,-73.31262818999285
1808.3500507116319,-73.30950232980342,-73.30950232980342
1808.3600507116319,-73.30639145174513,-73.30639145174513
1808.3700507116318,-73.3032956796938,-73.3032956796938
1808.3800507116318,-73.30021513543996,-73.30021513543996
1808.3900507116318,-73.29714993871549,-73.29714993871549
1808.4000507116318,-73.29410020719713,-73.29410020719713
1808.4100507116318,-73.29106605652743,-73.29106605652743
1808.4200507116318,-73.28804760031265,-73.28804760031265
1808.4300507116318,-73.28504495013985,-73.28504495013985
1808.4400507116318,-73.28205821558724,-73.28205821558724
1808.4500507116318,-73.27908750422861,-73.27908750422861
1808.4600507116318,-73.27613292164993,-73.27613292164993
1808.4700507116318,-73.27319457145326,-73.27319457145326
1808.4800507116317,-73.27027255526578,-73.27027255526578
1808.4900507116317,-73.26736697274592,-73.26736697274592
1808.5000507116317,-73.26447792162205,-73.26447792162205
1808.5100507116317,-73.26160549765434,-73.26160549765434
1808.5200507116317,-73.2587497946721,-73.2587497946721
1808.5300507116317,-73.25591090458163,-73.25591090458163
1808.5400507116317,-73.25308891739084,-73.25308891739084
1808.5500507116317,-73.25028392119611,-73.25028392119611
1808.5600507116317,-73.24749600220306,-73.24749600220306
1808.5700507116317,-73.24472524474443,-73.24472524474443
1808.5800507116319,-73.24197173127918,-73.24197173127918
1808.5900507116319,-73.23923554241192,-73.23923554241192
1808.6000507116319,-73.23651675692486,-73.23651675692486
1808.6100507116319,-73.2338154517488,-73.2338154517488
1808.6200507116318,-73.2311317020152,-73.2311317020152
1808.6300507116318,-73.22846558104351,-73.22846558104351
1808.6400507116318,-73.22581716038007,-73.22581716038007
1808.6500507116318,-73.22318650977581,-73.22318650977581
1808.6600507116318,-73.22057369724364,-73.22057369724364
1808.6700507116318,-73.21797878904167,-73.21797878904167
1808.6800507116318,-73.21540184969936,-73.21540184969936
1808.6900507116318,-73.21284294202815,-73.21284294202815
1808.7000507116318,-73.21030212714733,-73.21030212714733
1808.7100507116318,-73.2077794644829,-73.2077794644829
1808.7200507116318,-73.20527501179582,-73.20527501179582
1808.7300507116317,-73.2027888251995,-73.2027888251995
1808.7400507116317,-73.200320959167,-73.200320959167
1808.7500507116317,-73.19787146654146,-73.19787146654146
1808.7600507116317,-73.19544039856578,-73.19544039856578
1808.7700507116317,-73.19302780490071,-73.19302780490071
1808.7800507116317,-73.1906337336169,-73.1906337336169
1808.7900507116317,-73.18825823124558,-73.18825823124558
1808.8000507354736,-73.18590133715371,-73.18590133715371
1808.8100507354736,-73.1835631060959,-73.1835631060959
1808.8200507354736,-73.18124357433058,-73.18124357433058
1808.8300507354736,-73.17894278233003,-73.17894278233003
1808.8400507354736,-73.17666076908588,-73.17666076908588
1808.8500507354736,-73.17439757213565,-73.17439757213565
1808.8600507354736,-73.17215322755824,-73.17215322755824
1808.8700507354736,-73.16992777002974,-73.16992777002974
1808.8800507354736,-73.16772123280025,-73.16772123280025
1808.8900507354736,-73.16553364773856,-73.16553364773856
1808.9000507354735,-73.16336504535022,-73.16336504535022
1808.9100507354735,-73.16121545475632,-73.16121545475632
1808.9200507354735,-73.15908490376509,-73.15908490376509
1808.9300507354737,-73.15697341883839,-73.15697341883839
1808.9400507354737,-73.15488102514824,-73.15488102514824
1808.9500507354737,-73.15280774655628,-73.15280774655628
1808.9600507354737,-73.15075360566337,-73.15075360566337
1808.9700507354737,-73.1487186238137,-73.1487186238137
1808.9800507354737,-73.14670282109712,-73.14670282109712
1808.9900507354737,-73.1447062163846,-73.1447062163846
1809.0000507354737,-73.1427288273364,-73.1427288273364
1809.0100507354737,-73.14077067041364,-73.14077067041364
1809.0200507354737,-73.13883176090826,-73.13883176090826
1809.0300507354737,-73.13691211294906,-73.13691211294906
1809.0400507354736,-73.1350117395051,-73.1350117395051
1809.0500507354736,-73.13313065243149,-73.13313065243149
1809.0600507354736,-73.13126886245225,-73.13126886245225
1809.0700507354736,-73.12942637920156,-73.12942637920156
1809.0800507354736,-73.12760321122902,-73.12760321122902
1809.0900507354736,-73.12579936600615,-73.12579936600615
1809.1000507354736,-73.12401484996604,-73.12401484996604
1809.1100507354736,-73.12224966848758,-73.12224966848758
1809.1200507354736,-73.12050382593202,-73.12050382593202
1809.1300507354736,-73.11877732563921,-73.11877732563921
1809.1400507354736,-73.11707016997707,-73.11707016997707
1809.1500507354735,-73.11538236031261,-73.11538236031261
1809.1600507354735,-73.11371389705938,-73.11371389705938
1809.1700507354735,-73.11206477967141,-73.11206477967141
1809.1800507354737,-73.11043500666388,-73.11043500666388
1809.1900507354737,-73.10882457563437,-73.10882457563437
1809.2000507354737,-73.10723348326684,-73.10723348326684
1809.2100507354737,-73.10566172534301,-73.10566172534301
1809.2200507354737,-73.10410929677411,-73.10410929677411
1809.2300507354737,-73.10257619160076,-73.10257619160076
1809.2400507354737,-73.10106240299672,-73.10106240299672
1809.2500507354737,-73.09956792330031,-73.09956792330031
1809.2600507354737,-73.09809274401928,-73.09809274401928
1809.2700507354737,-73.09663685584705,-73.09663685584705
1809.2800507354737,-73.09520024867267,-73.09520024867267
1809.2900507354736,-73.09378291158912,-73.09378291158912
1809.3000507354736,-73.09238483292415,-73.09238483292415
1809.3100507354736,-73.091006000218,-73.091006000218
1809.3200507354736,-73.08964640027075,-73.08964640027075
1809.3300507354736,-73.08830601913719,-73.08830601913719
1809.3400507354736,-73.08698484214958,-73.08698484214958
1809.3500507354736,-73.08568285390552,-73.08568285390552
1809.3600507354736,-73.0844000383136,-73.0844000383136
1809.3700507354736,-73.0831363785824,-73.0831363785824
1809.3800507354736,-73.08189185723067,-73.08189185723067
1809.3900507354736,-73.08066645610826,-73.08066645610826
1809.4000507354735,-73.07946015641225,-73.07946015641225
1809.4100507354735,-73.07827293867882,-73.07827293867882
1809.4200507354735,-73.07710478280912,-73.07710478280912
1809.4300507354737,-73.07595566807937,-73.07595566807937
1809.4400507354737,-73.07482557314594,-73.07482557314594
1809.4500507354737,-73.0737144760508,-73.0737144760508
1809.4600507354737,-73.07262235425874,-73.07262235425874
1809.4700507354737,-73.07154918462517,-73.07154918462517
1809.4800507354737,-73.07049494345054,-73.07049494345054
1809.4900507354737,-73.06945960645739,-73.06945960645739
1809.5000507354737,-73.0684431488133,-73.0684431488133
1809.5100507354737,-73.06744554513449,-73.06744554513449
1809.5200507354737,-73.06646676951917,-73.06646676951917
1809.5300507354737,-73.0655067955178,-73.0655067955178
1809.5400507354736,-73.06456559616811,-73.06456559616811
1809.5500507354736,-73.06364314401054,-73.06364314401054
1809.5600507354736,-73.06273941107126,-73.06273941107126
1809.5700507354736,-73.06185436890115,-73.06185436890115
1809.5800507354736,-73.06098798855348,-73.06098798855348
1809.5900507354736,-73.06014024062429,-73.06014024062429
1809.6000507354736,-73.05931109523314,-73.05931109523314
1809.6100507354736,-73.05850052205895,-73.05850052205895
1809.6200507354736,-73.05770849031187,-73.05770849031187
1809.6300507354736,-73.05693496878786,-73.05693496878786
1809.6400507354736,-73.05617992583886,-73.05617992583886
1809.6500507593155,-73.05544332764845,-73.05544332764845
1809.6600507593155,-73.05472514530757,-73.05472514530757
1809.6700507593155,-73.05402534408691,-73.05402534408691
1809.6800507593155,-73.05334389071903,-73.05334389071903
1809.6900507593155,-73.05268075153212,-73.05268075153212
1809.7000507593154,-73.0520358924621,-73.0520358924621
1809.7100507593154,-73.0514029176489,-73.0514029176489
1809.7200507593154,-73.05077901032838,-73.05077901032838
1809.7300507593154,-73.0501627824662,-73.0501627824662
1809.7400507593154,-73.04955350621394,-73.04955350621394
1809.7500507593154,-73.04895082095398,-73.04895082095398
1809.7600507593154,-73.04835458143442,-73.04835458143442
1809.7700507593154,-73.04776476875823,-73.04776476875823
1809.7800507593156,-73.04718143705652,-73.04718143705652
1809.7900507593156,-73.0466046813837,-73.0466046813837
1809.8000507593156,-73.04603461852945,-73.04603461852945
1809.8100507593156,-73.04547137556334,-73.04547137556334
1809.8200507593156,-73.04491508313528,-73.04491508313528
1809.8300507593156,-73.04436587161779,-73.04436587161779
1809.8400507593155,-73.04382386902853,-73.04382386902853
1809.8500507593155,-73.04328919995947,-73.04328919995947
1809.8600507593155,-73.04276198517744,-73.04276198517744
1809.8700507593155,-73.0422423415409,-73.0422423415409
1809.8800507593155,-73.04173038215178,-73.04173038215178
1809.8900507593155,-73.0412262165987,-73.0412262165987
1809.9000507593155,-73.04072995123381,-73.04072995123381
1809.9100507593155,-73.04024168946802,-73.04024168946802
1809.9200507593155,-73.03976153204496,-73.03976153204496
1809.9300507593155,-73.03928957728884,-73.03928957728884
1809.9400507593155,-73.03882592135268,-73.03882592135268
1809.9500507593154,-73.038370658386,-73.038370658386
1809.9600507593154,-73.03792388072596,-73.03792388072596
1809.9700507593154,-73.03748567905716,-73.03748567905716
1809.9800507593154,-73.03705614248776,-73.03705614248776
1809.9900507593154,-73.03663535870717,-73.03663535870717
1810.0000507593154,-73.03622341403972,-73.03622341403972
1810.0100507593154,-73.03582039351556,-73.03582039351556
1810.0200507593154,-73.03542638094768,-73.03542638094768
1810.0300507593156,-73.03504145895806,-73.03504145895806
1810.0400507593156,-73.03466570901966,-73.03466570901966
1810.0500507593156,-73.03429921148901,-73.03429921148901
1810.0600507593156,-73.03394204562956,-73.03394204562956
1810.0700507593156,-73.03359428963263,-73.03359428963263
1810.0800507593156,-73.03325602060721,-73.03325602060721
1810.0900507593155,-73.03292731461863,-73.03292731461863
1810.1000507593155,-73.03260824667784,-73.03260824667784
1810.1100507593155,-73.0322988907418,-73.0322988907418
1810.1200507593155,-73.03199931972887,-73.03199931972887
1810.1300507593155,-73.03170960549247,-73.03170960549247
1810.1400507593155,-73.03142981884903,-73.03142981884903
1810.1500507593155,-73.03116002956003,-73.03116002956003
1810.1600507593155,-73.03090030633922,-73.03090030633922
1810.1700507593155,-73.03065071681614,-73.03065071681614
1810.1800507593155,-73.03041132757102,-73.03041132757102
1810.1900507593155,-73.03018220412477,-73.03018220412477
1810.2000507593154,-73.02996341091072,-73.02996341091072
1810.2100507593154,-73.0297550112955,-73.0297550112955
1810.2200507593154,-73.02955706755738,-73.02955706755738
1810.2300507593154,-73.02936964090104,-73.02936964090104
1810.2400507593154,-73.02919279143337,-73.02919279143337
1810.2500507593154,-73.02902657818548,-73.02902657818548
1810.2600507593154,-73.02887105908286,-73.02887105908286
1810.2700507593154,-73.02872629095863,-73.02872629095863
1810.2800507593156,-73.02859232956274,-73.02859232956274
1810.2900507593156,-73.02846922953644,-73.02846922953644
1810.3000507593156,-73.02835704442118,-73.02835704442118
1810.3100507593156,-73.02825582667236,-73.02825582667236
1810.3200507593156,-73.02816562764293,-73.02816562764293
1810.3300507593156,-73.02808649759446,-73.02808649759446
1810.3400507593155,-73.02801848568387,-73.02801848568387
1810.3500507593155,-73.02796163997422,-73.02796163997422
1810.3600507593155,-73.02791600745036,-73.02791600745036
1810.3700507593155,-73.02788163399941,-73.02788163399941
1810.3800507593155,-73.02785856443224,-73.02785856443224
1810.3900507593155,-73.02784684245648,-73.02784684245648
1810.4000507593155,-73.02784651072645,-73.02784651072645
1810.4100507593155,-73.02785761080786,-73.02785761080786
1810.4200507593155,-73.02788018320601,-73.02788018320601
1810.4300507593155,-73.02791426735926,-73.02791426735926
1810.4400507593155,-73.02795990164097,-73.02795990164097
1810.4500507593154,-73.02801712337521,-73.02801712337521
1810.4600507593154,-73.02808596885161,-73.02808596885161
1810.4700507593154,-73.02816647330003,-73.02816647330003
1810.4800507593154,-73.02825867092052,-73.02825867092052
1810.4900507593154,-73.02836259489673,-73.02836259489673
1810.5000507831573,-73.02847827766132,-73.02847827766132
1810.5100507831573,-73.02860574985165,-73.02860574985165
1810.5200507831573,-73.02874504181811,-73.02874504181811
1810.5300507831573,-73.02889618270773,-73.02889618270773
1810.5400507831573,-73.02905920068008,-73.02905920068008
1810.5500507831573,-73.02923412290657,-73.02923412290657
1810.5600507831573,-73.02942097558072,-73.02942097558072
1810.5700507831573,-73.02961978393722,-73.02961978393722
1810.5800507831573,-73.02983057225218,-73.02983057225218
1810.5900507831573,-73.0300533638577,-73.0300533638577
1810.6000507831573,-73.03028818114866,-73.03028818114866
1810.6100507831572,-73.03053504557968,-73.03053504557968
1810.6200507831572,-73.03079397770097,-73.03079397770097
1810.6300507831575,-73.03106499715295,-73.03106499715295
1810.6400507831574,-73.03134812265982,-73.03134812265982
1810.6500507831574,-73.03164337206722,-73.03164337206722
1810.6600507831574,-73.03195076232903,-73.03195076232903
1810.6700507831574,-73.03227030953667,-73.03227030953667
1810.6800507831574,-73.0326020289163,-73.0326020289163
1810.6900507831574,-73.03294593484128,-73.03294593484128
1810.7000507831574,-73.03330204083436,-73.03330204083436
1810.7100507831574,-73.0336703595976,-73.0336703595976
1810.7200507831574,-73.03405090299587,-73.03405090299587
1810.7300507831574,-73.03444368209385,-73.03444368209385
1810.7400507831574,-73.03484870715305,-73.03484870715305
1810.7500507831573,-73.03526598761496,-73.03526598761496
1810.7600507831573,-73.03569553216822,-73.03569553216822
1810.7700507831573,-73.03613734871352,-73.03613734871352
1810.7800507831573,-73.03659144438959,-73.03659144438959
1810.7900507831573,-73.03705782557886,-73.03705782557886
1810.8000507831573,-73.03753649791985,-73.03753649791985
1810.8100507831573,-73.03802746631159,-73.03802746631159
1810.8200507831573,-73.03853073493343,-73.03853073493343
1810.8300507831573,-73.03904630725357,-73.03904630725357
1810.8400507831573,-73.03957418601922,-73.03957418601922
1810.8500507831573,-73.04011437330274,-73.04011437330274
1810.8600507831572,-73.04066687046732,-73.04066687046732
1810.8700507831572,-73.04123167821787,-73.04123167821787
1810.8800507831575,-73.04180879658281,-73.04180879658281
1810.8900507831574,-73.04239822492964,-73.04239822492964
1810.9000507831574,-73.04299996199711,-73.04299996199711
1810.9100507831574,-73.04361400584467,-73.04361400584467
1810.9200507831574,-73.04424035394517,-73.04424035394517
1810.9300507831574,-73.04487900312066,-73.04487900312066
1810.9400507831574,-73.04552994959964,-73.04552994959964
1810.9500507831574,-73.04619318900245,-73.04619318900245
1810.9600507831574,-73.04686235119054,-73.04686235119054
1810.9700507831574,-73.04753464488059,-73.04753464488059
1810.9800507831574,-73.04820870785153,-73.04820870785153
1810.9900507831574,-73.0488838384052,-73.0488838384052
1811.0000507831573,-73.04955970236773,-73.04955970236773
1811.0100507831573,-73.05023618106767,-73.05023618106767
1811.0200507831573,-73.05091328230301,-73.05091328230301
1811.0300507831573,-73.05159108691025,-73.05159108691025
1811.0400507831573,-73.0522697166515,-73.0522697166515
1811.0500507831573,-73.05294931494156,-73.05294931494156
1811.0600507831573,-73.05363003541204,-73.05363003541204
1811.0700507831573,-73.05431203516319,-73.05431203516319
1811.0800507831573,-73.05499547090511,-73.05499547090511
1811.0900507831573,-73.05568049685668,-73.05568049685668
1811.1000507831573,-73.05636726367229,-73.05636726367229
1811.1100507831572,-73.05705591802047,-73.05705591802047
1811.1200507831572,-73.057746602527,-73.057746602527
1811.1300507831575,-73.05843945590595,-73.05843945590595
1811.1400507831574,-73.05913461319653,-73.05913461319653
1811.1500507831574,-73.05983220605368,-73.05983220605368
1811.1600507831574,-73.06053236302627,-73.06053236302627
1811.1700507831574,-73.06123520983077,-73.06123520983077
1811.1800507831574,-73.06194086962095,-73.06194086962095
1811.1900507831574,-73.06264946321474,-73.06264946321474
1811.2000507831574,-73.06336110927664,-73.06336110927664
1811.2100507831574,-73.06407592451268,-73.06407592451268
1811.2200507831574,-73.06479402378496,-73.06479402378496
1811.2300507831574,-73.06551552027469,-73.06551552027469
1811.2400507831574,-73.06624052555074,-73.06624052555074
1811.2500507831573,-73.06696914968467,-73.06696914968467
1811.2600507831573,-73.06770150130473,-73.06770150130473
1811.2700507831573,-73.06843768766517,-73.06843768766517
1811.2800507831573,-73.06917781469069,-73.06917781469069
1811.2900507831573,-73.06992198700121,-73.06992198700121
1811.3000507831573,-73.07067030796362,-73.07067030796362
1811.3100507831573,-73.07142287970089,-73.07142287970089
1811.3200507831573,-73.07217980311886,-73.07217980311886
1811.3300507831573,-73.0729411779047,-73.0729411779047
1811.3400507831573,-73.0737071025571,-73.0737071025571
1811.3500508069992,-73.07447767621574,-73.07447767621574
1811.3600508069992,-73.07525299135095,-73.07525299135095
1811.3700508069992,-73.076033144696,-73.076033144696
1811.3800508069992,-73.07681823000306,-73.07681823000306
1811.3900508069992,-73.07760833983396,-73.07760833983396
1811.4000508069992,-73.0784035655691,-73.0784035655691
1811.4100508069992,-73.07920399739035,-73.07920399739035
1811.4200508069991,-73.08000972428441,-73.08000972428441
1811.4300508069991,-73.08082083406143,-73.08082083406143
1811.4400508069991,-73.08163741332228,-73.08163741332228
1811.4500508069991,-73.08245954746741,-73.08245954746741
1811.460050806999,-73.08328732069515,-73.08328732069515
1811.470050806999,-73.08412081600586,-73.08412081600586
1811.4800508069993,-73.08496011518179,-73.08496011518179
1811.4900508069993,-73.08580529879785,-73.08580529879785
1811.5000508069993,-73.08665644621571,-73.08665644621571
1811.5100508069993,-73.0875136355823,-73.0875136355823
1811.5200508069993,-73.08837694384358,-73.08837694384358
1811.5300508069993,-73.08924644671644,-73.08924644671644
1811.5400508069993,-73.09012221870346,-73.09012221870346
1811.5500508069993,-73.09100433310469,-73.09100433310469
1811.5600508069992,-73.09189286199559,-73.09189286199559
1811.5700508069992,-73.0927878762466,-73.0927878762466
1811.5800508069992,-73.09368944551646,-73.09368944551646
1811.5900508069992,-73.09459763825298,-73.09459763825298
1811.6000508069992,-73.09551252170523,-73.09551252170523
1811.6100508069992,-73.09643416191541,-73.09643416191541
1811.6200508069992,-73.09736262372707,-73.09736262372707
1811.6300508069992,-73.09829797080394,-73.09829797080394
1811.6400508069992,-73.09924026559648,-73.09924026559648
1811.6500508069992,-73.10018956938654,-73.10018956938654
1811.6600508069992,-73.10114594227386,-73.10114594227386
1811.6700508069991,-73.10210944319333,-73.10210944319333
1811.6800508069991,-73.10308012989287,-73.10308012989287
1811.6900508069991,-73.10405805897094,-73.10405805897094
1811.7000508069991,-73.10504328586441,-73.10504328586441
1811.710050806999,-73.1060294933371,-73.1060294933371
1811.720050806999,-73.10701394550894,-73.10701394550894
1811.7300508069993,-73.1079953364706,-73.1079953364706
1811.7400508069993,-73.1089730210901,-73.1089730210901
1811.7500508069993,-73.10994672172505,-73.10994672172505
1811.7600508069993,-73.11091637602019,-73.11091637602019
1811.7700508069993,-73.11188204774616,-73.11188204774616
1811.7800508069993,-73.11284387331753,-73.11284387331753
1811.7900508069993,-73.11380202960719,-73.11380202960719
1811.8000508069993,-73.11475671466233,-73.11475671466233
1811.8100508069992,-73.11570813621086,-73.11570813621086
1811.8200508069992,-73.11665650492456,-73.11665650492456
1811.8300508069992,-73.1176020305344,-73.1176020305344
1811.8400508069992,-73.11854491973304,-73.11854491973304
1811.8500508069992,-73.11948537510939,-73.11948537510939
1811.8600508069992,-73.12042359469851,-73.12042359469851
1811.8700508069992,-73.12135977193849,-73.12135977193849
1811.8800508069992,-73.12229409582059,-73.12229409582059
1811.8900508069992,-73.12322675109132,-73.12322675109132
1811.9000508069992,-73.12415791857569,-73.12415791857569
1811.9100508069992,-73.12508777542565,-73.12508777542565
1811.9200508069991,-73.12601649545853,-73.12601649545853
1811.9300508069991,-73.12694424935742,-73.12694424935742
1811.9400508069991,-73.1278712049437,-73.1278712049437
1811.9500508069991,-73.12879752735338,-73.12879752735338
1811.960050806999,-73.12972337922588,-73.12972337922588
1811.970050806999,-73.13064892084222,-73.13064892084222
1811.9800508069993,-73.13157431027183,-73.13157431027183
1811.9900508069993,-73.13249970346028,-73.13249970346028
1812.0000508069993,-73.13342525434422,-73.13342525434422
1812.0100508069993,-73.13435111489024,-73.13435111489024
1812.0200508069993,-73.13527743520216,-73.13527743520216
1812.0300508069993,-73.13620436354519,-73.13620436354519
1812.0400508069993,-73.13713204637358,-73.13713204637358
1812.0500508069993,-73.13806062841337,-73.13806062841337
1812.0600508069992,-73.1389902526289,-73.1389902526289
1812.0700508069992,-73.13992106030882,-73.13992106030882
1812.0800508069992,-73.14085319103557,-73.14085319103557
1812.0900508069992,-73.14178678271576,-73.14178678271576
1812.1000508069992,-73.14272197159251,-73.14272197159251
1812.1100508069992,-73.14365889225968,-73.14365889225968
1812.1200508069992,-73.1445976776531,-73.1445976776531
1812.1300508069992,-73.14553845906624,-73.14553845906624
1812.1400508069992,-73.1464813661488,-73.1464813661488
1812.1500508069992,-73.14742652691807,-73.14742652691807
1812.1600508069992,-73.14837406776257,-73.14837406776257
1812.1700508069991,-73.14932411342423,-73.14932411342423
1812.1800508069991,-73.15027678701522,-73.15027678701522
1812.1900508069991,-73.15123221002585,-73.15123221002585
1812.200050830841,-73.15219050459565,-73.15219050459565
1812.210050830841,-73.15315178439704,-73.15315178439704
1812.220050830841,-73.15411616830026,-73.15411616830026
1812.230050830841,-73.1550837712821,-73.1550837712821
1812.240050830841,-73.15605470670745,-73.15605470670745
1812.250050830841,-73.15702908631759,-73.15702908631759
1812.260050830841,-73.15800702023047,-73.15800702023047
1812.270050830841,-73.15898861697,-73.15898861697
1812.280050830841,-73.15997398342923,-73.15997398342923
1812.290050830841,-73.16087252533886,-73.16087252533886
1812.300050830841,-73.16164872278881,-73.16164872278881
1812.310050830841,-73.16228766430197,-73.16228766430197
1812.320050830841,-73.16278327216955,-73.16278327216955
1812.3300508308412,-73.16313409381617,-73.16313409381617
1812.3400508308412,-73.1633413107765,-73.1633413107765
1812.3500508308412,-73.16340761941369,-73.16340761941369
1812.3600508308411,-73.16333655705822,-73.16333655705822
1812.3700508308411,-73.16313208839551,-73.16313208839551
1812.3800508308411,-73.16279835218027,-73.16279835218027
1812.3900508308411,-73.16233950833356,-73.16233950833356
1812.400050830841,-73.16175964817141,-73.16175964817141
1812.410050830841,-73.1610627441167,-73.1610627441167
1812.420050830841,-73.16025262407284,-73.16025262407284
1812.430050830841,-73.15933296086436,-73.15933296086436
1812.440050830841,-73.1583072707272,-73.1583072707272
1812.450050830841,-73.15717891712544,-73.15717891712544
1812.460050830841,-73.15595111740828,-73.15595111740828
1812.470050830841,-73.15462695089025,-73.15462695089025
1812.480050830841,-73.15320936748698,-73.15320936748698
1812.490050830841,-73.15170119625975,-73.15170119625975
1812.500050830841,-73.15010515368886,-73.15010515368886
1812.510050830841,-73.14842385147908,-73.14842385147908
1812.520050830841,-73.14665980373476,-73.14665980373476
1812.530050830841,-73.1448154336518,-73.1448154336518
1812.540050830841,-73.14289307961812,-73.14289307961812
1812.550050830841,-73.14089500077567,-73.14089500077567
1812.560050830841,-73.13882338208725,-73.13882338208725
1812.570050830841,-73.13668033900674,-73.13668033900674
1812.5800508308412,-73.13446792166643,-73.13446792166643
1812.5900508308412,-73.13218811876067,-73.13218811876067
1812.6000508308412,-73.12984286102795,-73.12984286102795
1812.6100508308411,-73.12743402449641,-73.12743402449641
1812.6200508308411,-73.12496343341903,-73.12496343341903
1812.6300508308411,-73.12243286295585,-73.12243286295585
1812.6400508308411,-73.11984404165803,-73.11984404165803
1812.650050830841,-73.11719865376338,-73.11719865376338
1812.660050830841,-73.11449834123682,-73.11449834123682
1812.670050830841,-73.11174470576313,-73.11174470576313
1812.680050830841,-73.10893931048209,-73.10893931048209
1812.690050830841,-73.10608368165332,-73.10608368165332
1812.700050830841,-73.10317931017438,-73.10317931017438
1812.710050830841,-73.10022765300519,-73.10022765300519
1812.720050830841,-73.09723013447895,-73.09723013447895
1812.730050830841,-73.09418814751814,-73.09418814751814
1812.740050830841,-73.09110305476824,-73.09110305476824
1812.750050830841,-73.08797618967142,-73.08797618967142
1812.760050830841,-73.08480885745357,-73.08480885745357
1812.770050830841,-73.08160233605888,-73.08160233605888
1812.780050830841,-73.07835787699972,-73.07835787699972
1812.790050830841,-73.07507670620082,-73.07507670620082
1812.800050830841,-73.07176002475093,-73.07176002475093
1812.810050830841,-73.06840900963523,-73.06840900963523
1812.820050830841,-73.06502481442116,-73.06502481442116
1812.8300508308412,-73.06160856989457,-73.06160856989457
1812.8400508308412,-73.05816138467783,-73.05816138467783
1812.8500508308412,-73.054684345797,-73.054684345797
1812.8600508308411,-73.05117851925849,-73.05117851925849
1812.8700508308411,-73.04764495054707,-73.04764495054707
1812.8800508308411,-73.04408466513156,-73.04408466513156
1812.8900508308411,-73.04049866894627,-73.04049866894627
1812.900050830841,-73.03688794884181,-73.03688794884181
1812.910050830841,-73.03325347300965,-73.03325347300965
1812.920050830841,-73.02959619141474,-73.02959619141474
1812.930050830841,-73.02591703617713,-73.02591703617713
1812.940050830841,-73.02221692198157,-73.02221692198157
1812.950050830841,-73.0184967464192,-73.0184967464192
1812.960050830841,-73.01475739034996,-73.01475739034996
1812.970050830841,-73.01099971824526,-73.01099971824526
1812.980050830841,-73.00722457853817,-73.00722457853817
1812.990050830841,-73.00343280391225,-73.00343280391225
1813.000050830841,-72.99962521162678,-72.99962521162678
1813.010050830841,-72.99580260380799,-72.99580260380799
1813.020050830841,-72.99196576775648,-72.99196576775648
1813.030050830841,-72.98811547621216,-72.98811547621216
1813.040050830841,-72.98425248762794,-72.98425248762794
1813.050050854683,-72.98037753721461,-72.98037753721461
1813.060050854683,-72.9764913740376,-72.9764913740376
1813.070050854683,-72.97259470614944,-72.97259470614944
1813.080050854683,-72.96868823744096,-72.96868823744096
1813.0900508546829,-72.96477265879946,-72.96477265879946
1813.1000508546829,-72.96084864831516,-72.96084864831516
1813.1100508546829,-72.9569168715217,-72.9569168715217
1813.1200508546829,-72.95297798160954,-72.95297798160954
1813.1300508546828,-72.94903261965932,-72.94903261965932
1813.1400508546828,-72.94508141481775,-72.94508141481775
1813.1500508546828,-72.94112498454511,-72.94112498454511
1813.1600508546828,-72.93716393478923,-72.93716393478923
1813.1700508546828,-72.93319886020163,-72.93319886020163
1813.180050854683,-72.9292303443228,-72.9292303443228
1813.190050854683,-72.92525895977144,-72.92525895977144
1813.200050854683,-72.92128526843513,-72.92128526843513
1813.210050854683,-72.91730982166521,-72.91730982166521
1813.220050854683,-72.91333316042598,-72.91333316042598
1813.230050854683,-72.90935581549806,-72.90935581549806
1813.240050854683,-72.90537830763982,-72.90537830763982
1813.250050854683,-72.90140114775477,-72.90140114775477
1813.260050854683,-72.89742483706189,-72.89742483706189
1813.270050854683,-72.89344986726424,-72.89344986726424
1813.280050854683,-72.88947672067766,-72.88947672067766
1813.290050854683,-72.88550587045047,-72.88550587045047
1813.300050854683,-72.88153778064886,-72.88153778064886
1813.310050854683,-72.87757290644893,-72.87757290644893
1813.320050854683,-72.87361169427163,-72.87361169427163
1813.330050854683,-72.86965458194511,-72.86965458194511
1813.3400508546829,-72.86570199881399,-72.86570199881399
1813.3500508546829,-72.86175436592767,-72.86175436592767
1813.3600508546829,-72.8578120961401,-72.8578120961401
1813.3700508546829,-72.85387559425072,-72.85387559425072
1813.3800508546828,-72.84994525716849,-72.84994525716849
1813.3900508546828,-72.84602147400298,-72.84602147400298
1813.4000508546828,-72.84210462622228,-72.84210462622228
1813.4100508546828,-72.83819508778083,-72.83819508778083
1813.4200508546828,-72.83429322521748,-72.83429322521748
1813.430050854683,-72.83039939779898,-72.83039939779898
1813.440050854683,-72.82651395765281,-72.82651395765281
1813.450050854683,-72.82263724984858,-72.82263724984858
1813.460050854683,-72.818763283429,-72.818763283429
1813.470050854683,-72.8148896329621,-72.8148896329621
1813.480050854683,-72.81101529058475,-72.81101529058475
1813.490050854683,-72.80713989908011,-72.80713989908011
1813.500050854683,-72.80326345998559,-72.80326345998559
1813.510050854683,-72.79938618247301,-72.79938618247301
1813.520050854683,-72.79550839486687,-72.79550839486687
1813.530050854683,-72.79163049165685,-72.79163049165685
1813.540050854683,-72.78775290171487,-72.78775290171487
1813.550050854683,-72.78387606924372,-72.78387606924372
1813.560050854683,-72.78000044254847,-72.78000044254847
1813.570050854683,-72.77612646746367,-72.77612646746367
1813.580050854683,-72.77225458365291,-72.77225458365291
1813.5900508546829,-72.76838522263562,-72.76838522263562
1813.6000508546829,-72.76451880686538,-72.76451880686538
1813.6100508546829,-72.76065574939292,-72.76065574939292
1813.6200508546829,-72.75679645397604,-72.75679645397604
1813.6300508546828,-72.75294131525905,-72.75294131525905
1813.6400508546828,-72.74909071915846,-72.74909071915846
1813.6500508546828,-72.74524504323578,-72.74524504323578
1813.6600508546828,-72.74140465706807,-72.74140465706807
1813.6700508546828,-72.73756992264563,-72.73756992264563
1813.680050854683,-72.73374119468849,-72.73374119468849
1813.690050854683,-72.72991882099669,-72.72991882099669
1813.700050854683,-72.72610314270177,-72.72610314270177
1813.710050854683,-72.72229449455354,-72.72229449455354
1813.720050854683,-72.71849320511225,-72.71849320511225
1813.730050854683,-72.71469959699257,-72.71469959699257
1813.740050854683,-72.710913987015,-72.710913987015
1813.750050854683,-72.7071366863921,-72.7071366863921
1813.760050854683,-72.70336800084054,-72.70336800084054
1813.770050854683,-72.69960823075003,-72.69960823075003
1813.780050854683,-72.69585767128204,-72.69585767128204
1813.790050854683,-72.69211661247152,-72.69211661247152
1813.800050854683,-72.68838533934012,-72.68838533934012
1813.810050854683,-72.6846641319778,-72.6846641319778
1813.820050854683,-72.68095326562327,-72.68095326562327
1813.830050854683,-72.67725301075319,-72.67725301075319
1813.8400508546829,-72.67356363312766,-72.67356363312766
1813.8500508546829,-72.66988539389664,-72.66988539389664
1813.8600508546829,-72.66621854962814,-72.66621854962814
1813.8700508546829,-72.66256335238744,-72.66256335238744
1813.8800508546828,-72.65892004979582,-72.65892004979582
1813.8900508546828,-72.65528888507781,-72.65528888507781
1813.9000508785248,-72.65167008849919,-72.65167008849919
1813.9100508785248,-72.64806391193552,-72.64806391193552
1813.9200508785248,-72.64447057709147,-72.64447057709147
1813.9300508785248,-72.64089031014991,-72.64089031014991
1813.9400508785247,-72.63732333315548,-72.63732333315548
1813.9500508785247,-72.6337698640528,-72.6337698640528
1813.9600508785247,-72.63023011675331,-72.63023011675331
1813.9700508785247,-72.62670430116594,-72.62670430116594
1813.9800508785247,-72.62319262324908,-72.62319262324908
1813.9900508785247,-72.61969528505193,-72.61969528505193
1814.0000508785247,-72.61621248475785,-72.61621248475785
1814.0100508785247,-72.61274441673572,-72.61274441673572
1814.0200508785247,-72.60929127158613,-72.60929127158613
1814.030050878525,-72.60585323616199,-72.60585323616199
1814.0400508785249,-72.60243049364266,-72.60243049364266
1814.0500508785249,-72.59902322354439,-72.59902322354439
1814.0600508785249,-72.5956316017972,-72.5956316017972
1814.0700508785249,-72.5922558007557,-72.5922558007557
1814.0800508785248,-72.58889598926149,-72.58889598926149
1814.0900508785248,-72.58555233268346,-72.58555233268346
1814.1000508785248,-72.58222499294408,-72.58222499294408
1814.1100508785248,-72.57891412856404,-72.57891412856404
1814.1200508785248,-72.57561989472624,-72.57561989472624
1814.1300508785248,-72.57234244328824,-72.57234244328824
1814.1400508785248,-72.56908192283794,-72.56908192283794
1814.1500508785248,-72.56583847873276,-72.56583847873276
1814.1600508785248,-72.56261225312852,-72.56261225312852
1814.1700508785248,-72.55940338504129,-72.55940338504129
1814.1800508785248,-72.55621201036305,-72.55621201036305
1814.1900508785247,-72.55303826191692,-72.55303826191692
1814.2000508785247,-72.54988226948375,-72.54988226948375
1814.2100508785247,-72.54674415985689,-72.54674415985689
1814.2200508785247,-72.54362405687121,-72.54362405687121
1814.2300508785247,-72.54052208142983,-72.54052208142983
1814.2400508785247,-72.53743835157748,-72.53743835157748
1814.2500508785247,-72.53437298249644,-72.53437298249644
1814.2600508785247,-72.5313260865728,-72.5313260865728
1814.2700508785247,-72.52829777341289,-72.52829777341289
1814.280050878525,-72.52528814990421,-72.52528814990421
1814.2900508785249,-72.52229732023444,-72.52229732023444
1814.3000508785249,-72.51932538593424,-72.51932538593424
1814.3100508785249,-72.51637244591058,-72.51637244591058
1814.3200508785249,-72.51343859648189,-72.51343859648189
1814.3300508785248,-72.51052393142382,-72.51052393142382
1814.3400508785248,-72.50762854197275,-72.50762854197275
1814.3500508785248,-72.5047525169234,-72.5047525169234
1814.3600508785248,-72.50189594258497,-72.50189594258497
1814.3700508785248,-72.49905890288022,-72.49905890288022
1814.3800508785248,-72.4962414793337,-72.4962414793337
1814.3900508785248,-72.4934437511398,-72.4934437511398
1814.4000508785248,-72.49066579517924,-72.49066579517924
1814.4100508785248,-72.48790768604637,-72.48790768604637
1814.4200508785248,-72.48516949610483,-72.48516949610483
1814.4300508785248,-72.482451295481,-72.482451295481
1814.4400508785247,-72.47975315214313,-72.47975315214313
1814.4500508785247,-72.47707513189347,-72.47707513189347
1814.4600508785247,-72.4744109986838,-72.4744109986838
1814.4700508785247,-72.47175806999032,-72.47175806999032
1814.4800508785247,-72.46911507890837,-72.46911507890837
1814.4900508785247,-72.46648141075782,-72.46648141075782
1814.5000508785247,-72.46385681245273,-72.46385681245273
1814.5100508785247,-72.46124124195097,-72.46124124195097
1814.5200508785247,-72.45863478008272,-72.45863478008272
1814.530050878525,-72.45603757770097,-72.45603757770097
1814.5400508785249,-72.45344982391899,-72.45344982391899
1814.5500508785249,-72.45087172710744,-72.45087172710744
1814.5600508785249,-72.44830350360414,-72.44830350360414
1814.5700508785249,-72.44574537112481,-72.44574537112481
1814.5800508785248,-72.44319754500773,-72.44319754500773
1814.5900508785248,-72.44066023617495,-72.44066023617495
1814.6000508785248,-72.4381336501787,-72.4381336501787
1814.6100508785248,-72.43561798680554,-72.43561798680554
1814.6200508785248,-72.43311344010864,-72.43311344010864
1814.6300508785248,-72.43062019855827,-72.43062019855827
1814.6400508785248,-72.42813844536417,-72.42813844536417
1814.6500508785248,-72.42566835878326,-72.42566835878326
1814.6600508785248,-72.4232101124513,-72.4232101124513
1814.6700508785248,-72.4207638757225,-72.4207638757225
1814.6800508785248,-72.41832981393765,-72.41832981393765
1814.6900508785247,-72.41590808871162,-72.41590808871162
1814.7000508785247,-72.41349885814303,-72.41349885814303
1814.7100508785247,-72.41109598236085,-72.41109598236085
1814.7200508785247,-72.40869687085639,-72.40869687085639
1814.7300508785247,-72.40630034674918,-72.40630034674918
1814.7400508785247,-72.40390588411388,-72.40390588411388
1814.7500509023666,-72.40151331205094,-72.40151331205094
1814.7600509023666,-72.39912268705905,-72.39912268705905
1814.7700509023666,-72.39673417078828,-72.39673417078828
1814.7800509023666,-72.3943480000687,-72.3943480000687
1814.7900509023666,-72.39196444949602,-72.39196444949602
1814.8000509023666,-72.38958381244888,-72.38958381244888
1814.8100509023666,-72.38720638983497,-72.38720638983497
1814.8200509023666,-72.38483248349918,-72.38483248349918
1814.8300509023666,-72.3824623924761,-72.3824623924761
1814.8400509023666,-72.38009641098847,-72.38009641098847
1814.8500509023665,-72.37773482742885,-72.37773482742885
1814.8600509023665,-72.37537792402182,-72.37537792402182
1814.8700509023665,-72.37302597679445,-72.37302597679445
1814.8800509023667,-72.37067925577146,-72.37067925577146
1814.8900509023667,-72.3683380252454,-72.3683380252454
1814.9000509023667,-72.36600254409657,-72.36600254409657
1814.9100509023667,-72.36367306611916,-72.36367306611916
1814.9200509023667,-72.36134984032556,-72.36134984032556
1814.9300509023667,-72.35903311122932,-72.35903311122932
1814.9400509023667,-72.35672311908601,-72.35672311908601
1814.9500509023667,-72.35442010014432,-72.35442010014432
1814.9600509023667,-72.35212428680244,-72.35212428680244
1814.9700509023667,-72.34983590781091,-72.34983590781091
1814.9800509023667,-72.34755518839255,-72.34755518839255
1814.9900509023666,-72.34528235038826,-72.34528235038826
1815.0000509023666,-72.34301761232925,-72.34301761232925
1815.0100509023666,-72.34076118956723,-72.34076118956723
1815.0200509023666,-72.33851329432102,-72.33851329432102
1815.0300509023666,-72.33627413573767,-72.33627413573767
1815.0400509023666,-72.33404391996928,-72.33404391996928
1815.0500509023666,-72.33182285020554,-72.33182285020554
1815.0600509023666,-72.32961112671187,-72.32961112671187
1815.0700509023666,-72.32740894686833,-72.32740894686833
1815.0800509023666,-72.32521650519313,-72.32521650519313
1815.0900509023666,-72.32303399336931,-72.32303399336931
1815.1000509023665,-72.32086160027565,-72.32086160027565
1815.1100509023665,-72.31869951198908,-72.31869951198908
1815.1200509023665,-72.31654791181329,-72.31654791181329
1815.1300509023667,-72.31440698029571,-72.31440698029571
1815.1400509023667,-72.31227689522926,-72.31227689522926
1815.1500509023667,-72.31015783168061,-72.31015783168061
1815.1600509023667,-72.30804996199417,-72.30804996199417
1815.1700509023667,-72.30595345581445,-72.30595345581445
1815.1800509023667,-72.30386848008212,-72.30386848008212
1815.1900509023667,-72.30179519906368,-72.30179519906368
1815.2000509023667,-72.29973377434709,-72.29973377434709
1815.2100509023667,-72.29767807945987,-72.29767807945987
1815.2200509023667,-72.29562553207857,-72.29562553207857
1815.2300509023667,-72.29357496179269,-72.29357496179269
1815.2400509023666,-72.29152584862305,-72.29152584862305
1815.2500509023666,-72.28947803305986,-72.28947803305986
1815.2600509023666,-72.2874315657336,-72.2874315657336
1815.2700509023666,-72.28538661938371,-72.28538661938371
1815.2800509023666,-72.28334343607885,-72.28334343607885
1815.2900509023666,-72.28130229545752,-72.28130229545752
1815.3000509023666,-72.27926349571959,-72.27926349571959
1815.3100509023666,-72.27722734236377,-72.27722734236377
1815.3200509023666,-72.27519414156707,-72.27519414156707
1815.3300509023666,-72.27316419640985,-72.27316419640985
1815.3400509023666,-72.27113780484831,-72.27113780484831
1815.3500509023665,-72.26911525873413,-72.26911525873413
1815.3600509023665,-72.26709684342389,-72.26709684342389
1815.3700509023665,-72.2650828377634,-72.2650828377634
1815.3800509023667,-72.2630735142933,-72.2630735142933
1815.3900509023667,-72.26106913949614,-72.26106913949614
1815.4000509023667,-72.25906997416637,-72.25906997416637
1815.4100509023667,-72.25707627367903,-72.25707627367903
1815.4200509023667,-72.25508828834936,-72.25508828834936
1815.4300509023667,-72.25310626370525,-72.25310626370525
1815.4400509023667,-72.25113044074953,-72.25113044074953
1815.4500509023667,-72.24916105619232,-72.24916105619232
1815.4600509023667,-72.24719834265346,-72.24719834265346
1815.4700509023667,-72.24524252883735,-72.24524252883735
1815.4800509023667,-72.24329383970073,-72.24329383970073
1815.4900509023666,-72.24135249656474,-72.24135249656474
1815.5000509023666,-72.23941871725677,-72.23941871725677
1815.5100509023666,-72.23749271618486,-72.23749271618486
1815.5200509023666,-72.2355747044259,-72.2355747044259
1815.5300509023666,-72.23366488983254,-72.23366488983254
1815.5400509023666,-72.23176347704623,-72.23176347704623
1815.5500509023666,-72.22987066759065,-72.22987066759065
1815.5600509023666,-72.22798665991047,-72.22798665991047
1815.5700509023666,-72.22611164940851,-72.22611164940851
1815.5800509023666,-72.22424582848757,-72.22424582848757
1815.5900509023666,-72.22238938658963,-72.22238938658963
1815.6000509262085,-72.22054250581638,-72.22054250581638
1815.6100509262085,-72.21870537860147,-72.21870537860147
1815.6200509262085,-72.21687818121232,-72.21687818121232
1815.6300509262085,-72.2150610915069,-72.2150610915069
1815.6400509262085,-72.213254284507,-72.213254284507
1815.6500509262085,-72.21145793241563,-72.21145793241563
1815.6600509262084,-72.20967220463717,-72.20967220463717
1815.6700509262084,-72.2078972678038,-72.2078972678038
1815.6800509262084,-72.20613328579151,-72.20613328579151
1815.6900509262084,-72.20438041973172,-72.20438041973172
1815.7000509262084,-72.20263882803587,-72.20263882803587
1815.7100509262084,-72.20090866641956,-72.20090866641956
1815.7200509262084,-72.19919008790737,-72.19919008790737
1815.7300509262086,-72.19748324285807,-72.19748324285807
1815.7400509262086,-72.19578827898206,-72.19578827898206
1815.7500509262086,-72.19410534136367,-72.19410534136367
1815.7600509262086,-72.19243457247258,-72.19243457247258
1815.7700509262086,-72.19077611219566,-72.19077611219566
1815.7800509262086,-72.18913009783506,-72.18913009783506
1815.7900509262086,-72.18749666414166,-72.18749666414166
1815.8000509262085,-72.18587594334281,-72.18587594334281
1815.8100509262085,-72.18426806515063,-72.18426806515063
1815.8200509262085,-72.18267315677473,-72.18267315677473
1815.8300509262085,-72.18109134295916,-72.18109134295916
1815.8400509262085,-72.17952274598984,-72.17952274598984
1815.8500509262085,-72.17796748572678,-72.17796748572678
1815.8600509262085,-72.17642567961364,-72.17642567961364
1815.8700509262085,-72.17489744271596,-72.17489744271596
1815.8800509262085,-72.17338288771954,-72.17338288771954
1815.8900509262085,-72.17188212497818,-72.17188212497818
1815.9000509262085,-72.17039526251381,-72.17039526251381
1815.9100509262084,-72.16892240604491,-72.16892240604491
1815.9200509262084,-72.16746365902365,-72.16746365902365
1815.9300509262084,-72.16601912263577,-72.16601912263577
1815.9400509262084,-72.16458889583238,-72.16458889583238
1815.9500509262084,-72.16317307536933,-72.16317307536933
1815.9600509262084,-72.16177175580091,-72.16177175580091
1815.9700509262084,-72.16038502951955,-72.16038502951955
1815.9800509262086,-72.15901298677596,-72.15901298677596
1815.9900509262086,-72.1576557157109,-72.1576557157109
1816.0000509262086,-72.15631330236477,-72.15631330236477
1816.0100509262086,-72.1549858307009,-72.1549858307009
1816.0200509262086,-72.15367338263825,-72.15367338263825
1816.0300509262086,-72.15237603807728,-72.15237603807728
1816.0400509262086,-72.15109387490392,-72.15109387490392
1816.0500509262085,-72.14982696903294,-72.14982696903294
1816.0600509262085,-72.14857539442512,-72.14857539442512
1816.0700509262085,-72.14733922311213,-72.14733922311213
1816.0800509262085,-72.14611852521845,-72.14611852521845
1816.0900509262085,-72.14491336896725,-72.14491336896725
1816.1000509262085,-72.14372382073509,-72.14372382073509
1816.1100509262085,-72.14254994504965,-72.14254994504965
1816.1200509262085,-72.14139180463508,-72.14139180463508
1816.1300509262085,-72.14024946041015,-72.14024946041015
1816.1400509262085,-72.13912297152793,-72.13912297152793
1816.1500509262085,-72.13801239538891,-72.13801239538891
1816.1600509262084,-72.13691778767294,-72.13691778767294
1816.1700509262084,-72.13583920236002,-72.13583920236002
1816.1800509262084,-72.13477669174235,-72.13477669174235
1816.1900509262084,-72.1337303064606,-72.1337303064606
1816.2000509262084,-72.1327000955076,-72.1327000955076
1816.2100509262084,-72.13167983226259,-72.13167983226259
1816.2200509262084,-72.1306668268111,-72.1306668268111
1816.2300509262086,-72.12965979951395,-72.12965979951395
1816.2400509262086,-72.12865812134164,-72.12865812134164
1816.2500509262086,-72.12766152448702,-72.12766152448702
1816.2600509262086,-72.12666995225622,-72.12666995225622
1816.2700509262086,-72.12568347113312,-72.12568347113312
1816.2800509262086,-72.12470221800284,-72.12470221800284
1816.2900509262086,-72.12372636844634,-72.12372636844634
1816.3000509262085,-72.12275611774263,-72.12275611774263
1816.3100509262085,-72.1217916695739,-72.1217916695739
1816.3200509262085,-72.1208332294278,-72.1208332294278
1816.3300509262085,-72.11988100081945,-72.11988100081945
1816.3400509262085,-72.11893518325488,-72.11893518325488
1816.3500509262085,-72.11799597127569,-72.11799597127569
1816.3600509262085,-72.11706355402518,-72.11706355402518
1816.3700509262085,-72.11613811529303,-72.11613811529303
1816.3800509262085,-72.11521983365736,-72.11521983365736
1816.3900509262085,-72.11430888279445,-72.11430888279445
1816.4000509262085,-72.11340543177572,-72.11340543177572
1816.4100509262084,-72.11250964541615,-72.11250964541615
1816.4200509262084,-72.11162168458291,-72.11162168458291
1816.4300509262084,-72.11074170647674,-72.11074170647674
1816.4400509262084,-72.10986986489428,-72.10986986489428
1816.4500509500504,-72.10900630840054,-72.10900630840054
1816.4600509500503,-72.10814491624049,-72.10814491624049
1816.4700509500503,-72.10728309576585,-72.10728309576585
1816.4800509500503,-72.1064196652701,-72.1064196652701
1816.4900509500503,-72.10555409265395,-72.10555409265395
1816.5000509500503,-72.10468620618187,-72.10468620618187
1816.5100509500503,-72.1038160444541,-72.1038160444541
1816.5200509500503,-72.10294376857694,-72.10294376857694
1816.5300509500503,-72.10206960939318,-72.10206960939318
1816.5400509500503,-72.10119383582774,-72.10119383582774
1816.5500509500503,-72.10031673593068,-72.10031673593068
1816.5600509500503,-72.09943860556588,-72.09943860556588
1816.5700509500502,-72.09855974184656,-72.09855974184656
1816.5800509500505,-72.09768043936492,-72.09768043936492
1816.5900509500505,-72.0968009881822,-72.0968009881822
1816.6000509500504,-72.0959216727822,-72.0959216727822
1816.6100509500504,-72.09504277177206,-72.09504277177206
1816.6200509500504,-72.09416455779254,-72.09416455779254
1816.6300509500504,-72.09328729774448,-72.09328729774448
1816.6400509500504,-72.09241125303805,-72.09241125303805
1816.6500509500504,-72.0915366799334,-72.0915366799334
1816.6600509500504,-72.09066382981955,-72.09066382981955
1816.6700509500504,-72.08979294954256,-72.08979294954256
1816.6800509500504,-72.0889242816968,-72.0889242816968
1816.6900509500504,-72.08805806484314,-72.08805806484314
1816.7000509500504,-72.08719453374914,-72.08719453374914
1816.7100509500503,-72.08633391958047,-72.08633391958047
1816.7200509500503,-72.08547645005285,-72.08547645005285
1816.7300509500503,-72.08462234959046,-72.08462234959046
1816.7400509500503,-72.08377183942844,-72.08377183942844
1816.7500509500503,-72.08292513774194,-72.08292513774194
1816.7600509500503,-72.08208245969261,-72.08208245969261
1816.7700509500503,-72.08124401753561,-72.08124401753561
1816.7800509500503,-72.08041002066645,-72.08041002066645
1816.7900509500503,-72.07958067567164,-72.07958067567164
1816.8000509500503,-72.07875618638265,-72.07875618638265
1816.8100509500503,-72.07793675389395,-72.07793675389395
1816.8200509500502,-72.07712257661639,-72.07712257661639
1816.8300509500505,-72.07631385027577,-72.07631385027577
1816.8400509500505,-72.07551076796469,-72.07551076796469
1816.8500509500504,-72.07471352013164,-72.07471352013164
1816.8600509500504,-72.07392229463483,-72.07392229463483
1816.8700509500504,-72.07313727670804,-72.07313727670804
1816.8800509500504,-72.07235864901793,-72.07235864901793
1816.8900509500504,-72.07158659165813,-72.07158659165813
1816.9000509500504,-72.07082128214635,-72.07082128214635
1816.9100509500504,-72.0700628954583,-72.0700628954583
1816.9200509500504,-72.06931160401837,-72.06931160401837
1816.9300509500504,-72.06856757772931,-72.06856757772931
1816.9400509500504,-72.06783098395238,-72.06783098395238
1816.9500509500504,-72.06710198755525,-72.06710198755525
1816.9600509500503,-72.06637448144323,-72.06637448144323
1816.9700509500503,-72.0656458909631,-72.0656458909631
1816.9800509500503,-72.0649150498435,-72.0649150498435
1816.9900509500503,-72.06418144132041,-72.06418144132041
1817.0000509500503,-72.06344490891192,-72.06344490891192
1817.0100509500503,-72.06270550635278,-72.06270550635278
1817.0200509500503,-72.06196340968941,-72.06196340968941
1817.0300509500503,-72.06121886447738,-72.06121886447738
1817.0400509500503,-72.0604721540508,-72.0604721540508
1817.0500509500503,-72.05972358050917,-72.05972358050917
1817.0600509500503,-72.0589734534219,-72.0589734534219
1817.0700509500502,-72.05822208320033,-72.05822208320033
1817.0800509500505,-72.05746977731341,-72.05746977731341
1817.0900509500505,-72.05671683825389,-72.05671683825389
1817.1000509500504,-72.0559635625294,-72.0559635625294
1817.1100509500504,-72.05521024028974,-72.05521024028974
1817.1200509500504,-72.05445715530213,-72.05445715530213
1817.1300509500504,-72.05370458513217,-72.05370458513217
1817.1400509500504,-72.0529528014153,-72.0529528014153
1817.1500509500504,-72.05220207020055,-72.05220207020055
1817.1600509500504,-72.05145265224127,-72.05145265224127
1817.1700509500504,-72.05070480333289,-72.05070480333289
1817.1800509500504,-72.04995877459241,-72.04995877459241
1817.1900509500504,-72.04921481270583,-72.04921481270583
1817.2000509500504,-72.04847316018744,-72.04847316018744
1817.2100509500503,-72.04773405555038,-72.04773405555038
1817.2200509500503,-72.04699773350102,-72.04699773350102
1817.2300509500503,-72.04626442509814,-72.04626442509814
1817.2400509500503,-72.0455343578612,-72.0455343578612
1817.2500509500503,-72.04480775590018,-72.04480775590018
1817.2600509500503,-72.04408484000776,-72.04408484000776
1817.2700509500503,-72.04336582776874,-72.04336582776874
1817.2800509500503,-72.04265093356895,-72.04265093356895
1817.2900509500503,-72.0419403687357,-72.0419403687357
1817.3000509738922,-72.04123433985393,-72.04123433985393
1817.3100509738922,-72.0405330555895,-72.0405330555895
1817.3200509738922,-72.03983671656152,-72.03983671656152
1817.3300509738922,-72.03914552217479,-72.03914552217479
1817.3400509738922,-72.03845966897133,-72.03845966897133
1817.3500509738922,-72.0377793506177,-72.0377793506177
1817.3600509738922,-72.0371047579595,-72.0371047579595
1817.3700509738921,-72.0364360790361,-72.0364360790361
1817.3800509738921,-72.03577349911008,-72.03577349911008
1817.3900509738921,-72.03511720067317,-72.03511720067317
1817.4000509738921,-72.03446736347217,-72.03446736347217
1817.410050973892,-72.03382416454912,-72.03382416454912
1817.420050973892,-72.03318777820934,-72.03318777820934
1817.4300509738923,-72.03255837609943,-72.03255837609943
1817.4400509738923,-72.03193612718175,-72.03193612718175
1817.4500509738923,-72.0313211977527,-72.0313211977527
1817.4600509738923,-72.03071375149375,-72.03071375149375
1817.4700509738923,-72.03011394944605,-72.03011394944605
1817.4800509738923,-72.02952195004734,-72.02952195004734
1817.4900509738923,-72.02893790915427,-72.02893790915427
1817.5000509738923,-72.02836198005744,-72.02836198005744
1817.5100509738922,-72.02779431348424,-72.02779431348424
1817.5200509738922,-72.02723505762323,-72.02723505762323
1817.5300509738922,-72.02668435815916,-72.02668435815916
1817.5400509738922,-72.02614235826856,-72.02614235826856
1817.5500509738922,-72.02560919864342,-72.02560919864342
1817.5600509738922,-72.02508501751798,-72.02508501751798
1817.5700509738922,-72.02456995067699,-72.02456995067699
1817.5800509738922,-72.0240641314965,-72.0240641314965
1817.5900509738922,-72.0235676909214,-72.0235676909214
1817.6000509738922,-72.02308075752521,-72.02308075752521
1817.6100509738922,-72.02260345752188,-72.02260345752188
1817.6200509738921,-72.02213591477572,-72.02213591477572
1817.6300509738921,-72.02167825081443,-72.02167825081443
1817.6400509738921,-72.02123058487582,-72.02123058487582
1817.6500509738921,-72.02079303390795,-72.02079303390795
1817.660050973892,-72.02036571259406,-72.02036571259406
1817.670050973892,-72.01994873338793,-72.01994873338793
1817.6800509738923,-72.01954220651378,-72.01954220651378
1817.6900509738923,-72.01914623999909,-72.01914623999909
1817.7000509738923,-72.01876093969729,-72.01876093969729
1817.7100509738923,-72.01838640930563,-72.01838640930563
1817.7200509738923,-72.01802275039152,-72.01802275039152
1817.7300509738923,-72.01767006241568,-72.01767006241568
1817.7400509738923,-72.01732844273374,-72.01732844273374
1817.7500509738923,-72.0169979866572,-72.0169979866572
1817.7600509738922,-72.01667878744063,-72.01667878744063
1817.7700509738922,-72.01637093632125,-72.01637093632125
1817.7800509738922,-72.01607452254368,-72.01607452254368
1817.7900509738922,-72.01578963336355,-72.01578963336355
1817.8000509738922,-72.01551635409258,-72.01551635409258
1817.8100509738922,-72.0152547681007,-72.0152547681007
1817.8200509738922,-72.01500495685814,-72.01500495685814
1817.8300509738922,-72.0147669999431,-72.0147669999431
1817.8400509738922,-72.01454097507126,-72.01454097507126
1817.8500509738922,-72.01432695811859,-72.01432695811859
1817.8600509738922,-72.01412502313687,-72.01412502313687
1817.8700509738921,-72.01393524237562,-72.01393524237562
1817.8800509738921,-72.01375768631478,-72.01375768631478
1817.8900509738921,-72.01359242367245,-72.01359242367245
1817.9000509738921,-72.01343952145045,-72.01343952145045
1817.910050973892,-72.0132990449218,-72.0132990449218
1817.920050973892,-72.01317105767836,-72.01317105767836
1817.9300509738923,-72.01305562165282,-72.01305562165282
1817.9400509738923,-72.01295279711982,-72.01295279711982
1817.9500509738923,-72.01286264273284,-72.01286264273284
1817.9600509738923,-72.01278521554279,-72.01278521554279
1817.9700509738923,-72.01272057102412,-72.01272057102412
1817.9800509738923,-72.01266876308496,-72.01266876308496
1817.9900509738923,-72.01262984409439,-72.01262984409439
1818.0000509738923,-72.01260386489218,-72.01260386489218
1818.0100509738922,-72.01259087483814,-72.01259087483814
1818.0200509738922,-72.01259092179696,-72.01259092179696
1818.0300509738922,-72.01260405218555,-72.01260405218555
1818.0400509738922,-72.0126303109777,-72.0126303109777
1818.0500509738922,-72.01266974171278,-72.01266974171278
1818.0600509738922,-72.01272238656489,-72.01272238656489
1818.0700509738922,-72.01278828629657,-72.01278828629657
1818.0800509738922,-72.01286748032773,-72.01286748032773
1818.0900509738922,-72.01296000673564,-72.01296000673564
1818.1000509738922,-72.01306590227139,-72.01306590227139
1818.1100509738922,-72.01318520238107,-72.01318520238107
1818.1200509738921,-72.01331794123645,-72.01331794123645
1818.1300509738921,-72.013464151727,-72.013464151727
1818.1400509738921,-72.01362386551303,-72.01362386551303
1818.150050997734,-72.01379711342506,-72.01379711342506
1818.160050997734,-72.01398392389518,-72.01398392389518
1818.170050997734,-72.01418432529185,-72.01418432529185
1818.180050997734,-72.01439834445105,-72.01439834445105
1818.190050997734,-72.01462600706225,-72.01462600706225
1818.200050997734,-72.01486733766401,-72.01486733766401
1818.210050997734,-72.01511609107439,-72.01511609107439
1818.220050997734,-72.01536955301987,-72.01536955301987
1818.230050997734,-72.0156264184968,-72.0156264184968
1818.240050997734,-72.01588603349812,-72.01588603349812
1818.250050997734,-72.01614810589017,-72.01614810589017
1818.260050997734,-72.01641255539381,-72.01641255539381
1818.270050997734,-72.01667942557441,-72.01667942557441
1818.2800509977342,-72.0169488310654,-72.0169488310654
1818.2900509977342,-72.01722092579706,-72.01722092579706
1818.3000509977342,-72.01749588396197,-72.01749588396197
1818.3100509977342,-72.01777388870664,-72.01777388870664
1818.3200509977341,-72.01805512548806,-72.01805512548806
1818.3300509977341,-72.01833977828888,-72.01833977828888
1818.3400509977341,-72.01862802755791,-72.01862802755791
1818.3500509977341,-72.01892004923295,-72.01892004923295
1818.360050997734,-72.01921601432959,-72.01921601432959
1818.370050997734,-72.01951608892993,-72.01951608892993
1818.380050997734,-72.01982043434388,-72.01982043434388
1818.390050997734,-72.0201292074065,-72.0201292074065
1818.400050997734,-72.02044256077156,-72.02044256077156
1818.410050997734,-72.02076064325645,-72.02076064325645
1818.420050997734,-72.02108360011648,-72.02108360011648
1818.430050997734,-72.0214115733562,-72.0214115733562
1818.440050997734,-72.02174470196942,-72.02174470196942
1818.450050997734,-72.02208312217171,-72.02208312217171
1818.460050997734,-72.02242696757523,-72.02242696757523
1818.470050997734,-72.02277636938675,-72.02277636938675
1818.480050997734,-72.02313145654111,-72.02313145654111
1818.490050997734,-72.0234923558168,-72.0234923558168
1818.500050997734,-72.02385919195203,-72.02385919195203
1818.510050997734,-72.02423208772893,-72.02423208772893
1818.520050997734,-72.02461116405844,-72.02461116405844
1818.5300509977342,-72.0249965400249,-72.0249965400249
1818.5400509977342,-72.02538833296077,-72.02538833296077
1818.5500509977342,-72.02578665847284,-72.02578665847284
1818.5600509977342,-72.02619163048917,-72.02619163048917
1818.5700509977341,-72.02660336130091,-72.02660336130091
1818.5800509977341,-72.02702196156295,-72.02702196156295
1818.5900509977341,-72.02744754033918,-72.02744754033918
1818.6000509977341,-72.02788020509763,-72.02788020509763
1818.610050997734,-72.02832006175758,-72.02832006175758
1818.620050997734,-72.02876721466272,-72.02876721466272
1818.630050997734,-72.029221766626,-72.029221766626
1818.640050997734,-72.02968381892788,-72.02968381892788
1818.650050997734,-72.0301534713109,-72.0301534713109
1818.660050997734,-72.03063082200731,-72.03063082200731
1818.670050997734,-72.03111596772449,-72.03111596772449
1818.680050997734,-72.03160900367192,-72.03160900367192
1818.690050997734,-72.03211002354972,-72.03211002354972
1818.700050997734,-72.03261911956679,-72.03261911956679
1818.710050997734,-72.03313638241843,-72.03313638241843
1818.720050997734,-72.03366190134057,-72.03366190134057
1818.730050997734,-72.03419576405616,-72.03419576405616
1818.740050997734,-72.03473805682893,-72.03473805682893
1818.750050997734,-72.03528886443638,-72.03528886443638
1818.760050997734,-72.03584827018547,-72.03584827018547
1818.770050997734,-72.03641635592486,-72.03641635592486
1818.7800509977342,-72.03699320203961,-72.03699320203961
1818.7900509977342,-72.03757888746678,-72.03757888746678
1818.8000509977342,-72.03817348968715,-72.03817348968715
1818.8100509977342,-72.03877708475495,-72.03877708475495
1818.8200509977341,-72.03938974727573,-72.03938974727573
1818.8300509977341,-72.04001155044018,-72.04001155044018
1818.8400509977341,-72.04064256601234,-72.04064256601234
1818.8500509977341,-72.04128286435412,-72.04128286435412
1818.860050997734,-72.04193251440304,-72.04193251440304
1818.870050997734,-72.04259158372896,-72.04259158372896
1818.880050997734,-72.04326013849592,-72.04326013849592
1818.890050997734,-72.04393824349212,-72.04393824349212
1818.900050997734,-72.04462596214863,-72.04462596214863
1818.910050997734,-72.04532335652775,-72.04532335652775
1818.920050997734,-72.04603048733685,-72.04603048733685
1818.930050997734,-72.04674741395944,-72.04674741395944
1818.940050997734,-72.0474741944406,-72.0474741944406
1818.950050997734,-72.04821088550283,-72.04821088550283
1818.960050997734,-72.04895754256772,-72.04895754256772
1818.970050997734,-72.04971421975007,-72.04971421975007
1818.980050997734,-72.0504809698884,-72.0504809698884
1818.990050997734,-72.05125784454376,-72.05125784454376
1819.000051021576,-72.05204489588318,-72.05204489588318
1819.010051021576,-72.05284216923583,-72.05284216923583
1819.020051021576,-72.05364971422621,-72.05364971422621
1819.030051021576,-72.05446757743155,-72.05446757743155
1819.040051021576,-72.05529580420036,-72.05529580420036
1819.0500510215759,-72.05613443868907,-72.05613443868907
1819.0600510215759,-72.05698352384405,-72.05698352384405
1819.0700510215759,-72.0578431014387,-72.0578431014387
1819.0800510215759,-72.05871321207663,-72.05871321207663
1819.0900510215758,-72.05959389520879,-72.05959389520879
1819.1000510215758,-72.06048518912323,-72.06048518912323
1819.1100510215758,-72.06138713099128,-72.06138713099128
1819.1200510215758,-72.06229975687127,-72.06229975687127
1819.130051021576,-72.06322310168562,-72.06322310168562
1819.140051021576,-72.06415719928879,-72.06415719928879
1819.150051021576,-72.06510208244086,-72.06510208244086
1819.160051021576,-72.06605778284222,-72.06605778284222
1819.170051021576,-72.06702433111458,-72.06702433111458
1819.180051021576,-72.068001756853,-72.068001756853
1819.190051021576,-72.06899008861625,-72.06899008861625
1819.200051021576,-72.06998935393972,-72.06998935393972
1819.210051021576,-72.07099957935132,-72.07099957935132
1819.220051021576,-72.07202079038571,-72.07202079038571
1819.230051021576,-72.07305301159649,-72.07305301159649
1819.240051021576,-72.07409626656037,-72.07409626656037
1819.250051021576,-72.07515057789979,-72.07515057789979
1819.260051021576,-72.07621596729552,-72.07621596729552
1819.270051021576,-72.0772924554853,-72.0772924554853
1819.280051021576,-72.07838006229605,-72.07838006229605
1819.290051021576,-72.07947880663065,-72.07947880663065
1819.3000510215759,-72.08058870650932,-72.08058870650932
1819.3100510215759,-72.08170977906188,-72.08170977906188
1819.3200510215759,-72.08284204054095,-72.08284204054095
1819.3300510215759,-72.08398550634406,-72.08398550634406
1819.3400510215758,-72.08514019101054,-72.08514019101054
1819.3500510215758,-72.08630610825085,-72.08630610825085
1819.3600510215758,-72.08748327093777,-72.08748327093777
1819.3700510215758,-72.08867169114231,-72.08867169114231
1819.380051021576,-72.0898713801145,-72.0898713801145
1819.390051021576,-72.09108234833056,-72.09108234833056
1819.400051021576,-72.09230460547401,-72.09230460547401
1819.410051021576,-72.09353816046392,-72.09353816046392
1819.420051021576,-72.09478302145804,-72.09478302145804
1819.430051021576,-72.09603919586154,-72.09603919586154
1819.440051021576,-72.09730669034502,-72.09730669034502
1819.450051021576,-72.09858551085561,-72.09858551085561
1819.460051021576,-72.09987566263163,-72.09987566263163
1819.470051021576,-72.10117715019719,-72.10117715019719
1819.480051021576,-72.10248997737638,-72.10248997737638
1819.490051021576,-72.10381414731773,-72.10381414731773
1819.500051021576,-72.1051496625058,-72.1051496625058
1819.510051021576,-72.10649652473427,-72.10649652473427
1819.520051021576,-72.10785473516978,-72.10785473516978
1819.530051021576,-72.10922429432365,-72.10922429432365
1819.540051021576,-72.11060520207472,-72.11060520207472
1819.5500510215759,-72.11199745766979,-72.11199745766979
1819.5600510215759,-72.11340105976014,-72.11340105976014
1819.5700510215759,-72.11481600637127,-72.11481600637127
1819.5800510215759,-72.11624229494993,-72.11624229494993
1819.5900510215758,-72.1176799223464,-72.1176799223464
1819.6000510215758,-72.1191288848446,-72.1191288848446
1819.6100510215758,-72.12058917814639,-72.12058917814639
1819.6200510215758,-72.1220607974082,-72.1220607974082
1819.630051021576,-72.12354373723399,-72.12354373723399
1819.640051021576,-72.12503799168196,-72.12503799168196
1819.650051021576,-72.12654355428663,-72.12654355428663
1819.660051021576,-72.12806041805139,-72.12806041805139
1819.670051021576,-72.12958857546323,-72.12958857546323
1819.680051021576,-72.13112801851175,-72.13112801851175
1819.690051021576,-72.13267873868845,-72.13267873868845
1819.700051021576,-72.13424072698058,-72.13424072698058
1819.710051021576,-72.13580768949663,-72.13580768949663
1819.720051021576,-72.13737686898915,-72.13737686898915
1819.730051021576,-72.13894692079549,-72.13894692079549
1819.740051021576,-72.14051715342136,-72.14051715342136
1819.750051021576,-72.1420872389083,-72.1420872389083
1819.760051021576,-72.14365706245023,-72.14365706245023
1819.770051021576,-72.14522663424714,-72.14522663424714
1819.780051021576,-72.1467960365701,-72.1467960365701
1819.790051021576,-72.14836539190908,-72.14836539190908
1819.8000510215759,-72.14993484389558,-72.14993484389558
1819.8100510215759,-72.15150454592192,-72.15150454592192
1819.8200510215759,-72.15307465447728,-72.15307465447728
1819.8300510215759,-72.15464532533836,-72.15464532533836
1819.8400510215758,-72.15621671148108,-72.15621671148108
1819.8500510454178,-72.1577889658128,-72.1577889658128
1819.8600510454178,-72.15936222577952,-72.15936222577952
1819.8700510454178,-72.16093663576021,-72.16093663576021
1819.8800510454178,-72.16251233229056,-72.16251233229056
1819.8900510454177,-72.16408944805598,-72.16408944805598
1819.9000510454177,-72.16566811218891,-72.16566811218891
1819.9100510454177,-72.16724845056376,-72.16724845056376
1819.9200510454177,-72.16883058609449,-72.16883058609449
1819.9300510454177,-72.1704146390181,-72.1704146390181
1819.9400510454177,-72.1720007271188,-72.1720007271188
1819.9500510454177,-72.17358896594162,-72.17358896594162
1819.9600510454177,-72.17517946898606,-72.17517946898606
1819.9700510454177,-72.17677234785755,-72.17677234785755
1819.980051045418,-72.17836771240498,-72.17836771240498
1819.9900510454179,-72.17996567083006,-72.17996567083006
1820.0000510454179,-72.18156632979145,-72.18156632979145
1820.0100510454179,-72.18316979447371,-72.18316979447371
1820.0200510454179,-72.18477616865873,-72.18477616865873
1820.0300510454178,-72.1863855547879,-72.1863855547879
1820.0400510454178,-72.18799805398318,-72.18799805398318
1820.0500510454178,-72.18961376612633,-72.18961376612633
1820.0600510454178,-72.19123278982522,-72.19123278982522
1820.0700510454178,-72.19285522250658,-72.19285522250658
1820.0800510454178,-72.19448116037515,-72.19448116037515
1820.0900510454178,-72.19611069845512,-72.19611069845512
1820.1000510454178,-72.19774393061431,-72.19774393061431
1820.1100510454178,-72.19938094953726,-72.19938094953726
1820.1200510454178,-72.20102184676665,-72.20102184676665
1820.1300510454178,-72.2026667126741,-72.2026667126741
1820.1400510454177,-72.20431563648884,-72.20431563648884
1820.1500510454177,-72.2059687062822,-72.2059687062822
1820.1600510454177,-72.20762600897685,-72.20762600897685
1820.1700510454177,-72.20928763033051,-72.20928763033051
1820.1800510454177,-72.21095365497476,-72.21095365497476
1820.1900510454177,-72.21262416636057,-72.21262416636057
1820.2000510454177,-72.21429924679707,-72.21429924679707
1820.2100510454177,-72.21597897743739,-72.21597897743739
1820.2200510454177,-72.21766343827333,-72.21766343827333
1820.230051045418,-72.21935270813154,-72.21935270813154
1820.2400510454179,-72.22104686468953,-72.22104686468953
1820.2500510454179,-72.22274598445746,-72.22274598445746
1820.2600510454179,-72.22445014278382,-72.22445014278382
1820.2700510454179,-72.22615941386373,-72.22615941386373
1820.2800510454178,-72.22787387072404,-72.22787387072404
1820.2900510454178,-72.22959358523423,-72.22959358523423
1820.3000510454178,-72.23131862811174,-72.23131862811174
1820.3100510454178,-72.2330490688983,-72.2330490688983
1820.3200510454178,-72.23478497600036,-72.23478497600036
1820.3300510454178,-72.23652641666617,-72.23652641666617
1820.3400510454178,-72.23827345697836,-72.23827345697836
1820.3500510454178,-72.24002616188908,-72.24002616188908
1820.3600510454178,-72.24178459519754,-72.24178459519754
1820.3700510454178,-72.24354881957125,-72.24354881957125
1820.3800510454178,-72.24531889652889,-72.24531889652889
1820.3900510454177,-72.24709488646364,-72.24709488646364
1820.4000510454177,-72.24887684864449,-72.24887684864449
1820.4100510454177,-72.25066484121336,-72.25066484121336
1820.4200510454177,-72.2524589212071,-72.2524589212071
1820.4300510454177,-72.2542591445299,-72.2542591445299
1820.4400510454177,-72.25606556601082,-72.25606556601082
1820.4500510454177,-72.25787823935762,-72.25787823935762
1820.4600510454177,-72.2596909205326,-72.2596909205326
1820.4700510454177,-72.26150090726972,-72.26150090726972
1820.480051045418,-72.26330691174215,-72.26330691174215
1820.4900510454179,-72.26510829995327,-72.26510829995327
1820.5000510454179,-72.26690480157824,-72.26690480157824
1820.5100510454179,-72.2686963593376,-72.2686963593376
1820.5200510454179,-72.27048304066919,-72.27048304066919
1820.5300510454178,-72.27226498473206,-72.27226498473206
1820.5400510454178,-72.27404237049006,-72.27404237049006
1820.5500510454178,-72.27581539757081,-72.27581539757081
1820.5600510454178,-72.27758427490213,-72.27758427490213
1820.5700510454178,-72.2793492140041,-72.2793492140041
1820.5800510454178,-72.28111042518746,-72.28111042518746
1820.5900510454178,-72.28286811542797,-72.28286811542797
1820.6000510454178,-72.28462248736534,-72.28462248736534
1820.6100510454178,-72.2863737388918,-72.2863737388918
1820.6200510454178,-72.28812206307849,-72.28812206307849
1820.6300510454178,-72.28986764836823,-72.28986764836823
1820.6400510454177,-72.29161067880469,-72.29161067880469
1820.6500510454177,-72.2933513343392,-72.2933513343392
1820.6600510454177,-72.29508979112848,-72.29508979112848
1820.6700510454177,-72.2968262218585,-72.2968262218585
1820.6800510454177,-72.29856079596297,-72.29856079596297
1820.6900510454177,-72.30029367991985,-72.30029367991985
1820.7000510692596,-72.30202504155315,-72.30202504155315
1820.7100510692596,-72.30375503372464,-72.30375503372464
1820.7200510692596,-72.3054838192554,-72.3054838192554
1820.7300510692596,-72.30721155453634,-72.30721155453634
1820.7400510692596,-72.3089383938179,-72.3089383938179
1820.7500510692596,-72.31066448925934,-72.31066448925934
1820.7600510692596,-72.31238999103263,-72.31238999103263
1820.7700510692596,-72.3141150473924,-72.3141150473924
1820.7800510692596,-72.3158398047294,-72.3158398047294
1820.7900510692596,-72.31756440760871,-72.31756440760871
1820.8000510692596,-72.31928899883151,-72.31928899883151
1820.8100510692595,-72.32101371944741,-72.32101371944741
1820.8200510692595,-72.32273870879362,-72.32273870879362
1820.8300510692598,-72.32446410450432,-72.32446410450432
1820.8400510692597,-72.32619004254977,-72.32619004254977
1820.8500510692597,-72.32791665721759,-72.32791665721759
1820.8600510692597,-72.32964408115855,-72.32964408115855
1820.8700510692597,-72.33137244537312,-72.33137244537312
1820.8800510692597,-72.33310187924138,-72.33310187924138
1820.8900510692597,-72.33483251049826,-72.33483251049826
1820.9000510692597,-72.33656446526835,-72.33656446526835
1820.9100510692597,-72.33829786805131,-72.33829786805131
1820.9200510692597,-72.3400328417401,-72.3400328417401
1820.9300510692597,-72.34176950760875,-72.34176950760875
1820.9400510692597,-72.34350798533677,-72.34350798533677
1820.9500510692596,-72.34524839298022,-72.34524839298022
1820.9600510692596,-72.34698454256626,-72.34698454256626
1820.9700510692596,-72.34871379153508,-72.34871379153508
1820.9800510692596,-72.3504349129997,-72.3504349129997
1820.9900510692596,-72.35214733423288,-72.35214733423288
1821.0000510692596,-72.35385084615515,-72.35385084615515
1821.0100510692596,-72.3555454525173,-72.3555454525173
1821.0200510692596,-72.35723128147592,-72.35723128147592
1821.0300510692596,-72.35890853247933,-72.35890853247933
1821.0400510692596,-72.36057744434743,-72.36057744434743
1821.0500510692596,-72.36223827609456,-72.36223827609456
1821.0600510692595,-72.36389129552748,-72.36389129552748
1821.0700510692595,-72.3655367725427,-72.3655367725427
1821.0800510692598,-72.36717497529503,-72.36717497529503
1821.0900510692597,-72.36880616809904,-72.36880616809904
1821.1000510692597,-72.37043061038753,-72.37043061038753
1821.1100510692597,-72.37204855628364,-72.37204855628364
1821.1200510692597,-72.37366025459235,-72.37366025459235
1821.1300510692597,-72.3752659488997,-72.3752659488997
1821.1400510692597,-72.37686587786744,-72.37686587786744
1821.1500510692597,-72.37846027550543,-72.37846027550543
1821.1600510692597,-72.38004937148996,-72.38004937148996
1821.1700510692597,-72.38163339145335,-72.38163339145335
1821.1800510692597,-72.38321255723547,-72.38321255723547
1821.1900510692597,-72.38478708714902,-72.38478708714902
1821.2000510692596,-72.38635719619072,-72.38635719619072
1821.2100510692596,-72.38792309620601,-72.38792309620601
1821.2200510692596,-72.38948499605334,-72.38948499605334
1821.2300510692596,-72.39104310177471,-72.39104310177471
1821.2400510692596,-72.39259761666501,-72.39259761666501
1821.2500510692596,-72.39414874140394,-72.39414874140394
1821.2600510692596,-72.39569667413353,-72.39569667413353
1821.2700510692596,-72.39724161050985,-72.39724161050985
1821.2800510692596,-72.39878374379013,-72.39878374379013
1821.2900510692596,-72.40032326486396,-72.40032326486396
1821.3000510692596,-72.40186036229333,-72.40186036229333
1821.3100510692595,-72.40339522235777,-72.40339522235777
1821.3200510692595,-72.40492802908933,-72.40492802908933
1821.3300510692598,-72.4064589642699,-72.4064589642699
1821.3400510692597,-72.40798820747752,-72.40798820747752
1821.3500510692597,-72.40951593609566,-72.40951593609566
1821.3600510692597,-72.41104232532577,-72.41104232532577
1821.3700510692597,-72.41256754819953,-72.41256754819953
1821.3800510692597,-72.41409177559242,-72.41409177559242
1821.3900510692597,-72.41561517623207,-72.41561517623207
1821.4000510692597,-72.41713791671583,-72.41713791671583
1821.4100510692597,-72.418660161509,-72.418660161509
1821.4200510692597,-72.42018207294534,-72.42018207294534
1821.4300510692597,-72.42170381124704,-72.42170381124704
1821.4400510692597,-72.42322553453342,-72.42322553453342
1821.4500510692596,-72.42474739882368,-72.42474739882368
1821.4600510692596,-72.42626324702339,-72.42626324702339
1821.4700510692596,-72.42777047084539,-72.42777047084539
1821.4800510692596,-72.42926787877587,-72.42926787877587
1821.4900510692596,-72.43075493375153,-72.43075493375153
1821.5000510692596,-72.43223146230723,-72.43223146230723
1821.5100510692596,-72.43369750360439,-72.43369750360439
1821.5200510692596,-72.43515322088794,-72.43515322088794
1821.5300510692596,-72.43659884833288,-72.43659884833288
1821.5400510692596,-72.438034659053,-72.438034659053
1821.5500510931015,-72.43946094934319,-72.43946094934319
1821.5600510931015,-72.44087801361223,-72.44087801361223
1821.5700510931015,-72.44228615816799,-72.44228615816799
1821.5800510931015,-72.44368568369096,-72.44368568369096
1821.5900510931015,-72.44507688657129,-72.44507688657129
1821.6000510931015,-72.4464600578757,-72.4464600578757
1821.6100510931014,-72.44783548293162,-72.44783548293162
1821.6200510931014,-72.4492034412788,-72.4492034412788
1821.6300510931014,-72.45056420684098,-72.45056420684098
1821.6400510931014,-72.45191804815141,-72.45191804815141
1821.6500510931014,-72.45326522870273,-72.45326522870273
1821.6600510931014,-72.45460600721822,-72.45460600721822
1821.6700510931014,-72.45594063795392,-72.45594063795392
1821.6800510931016,-72.45726937098537,-72.45726937098537
1821.6900510931016,-72.45859245244915,-72.45859245244915
1821.7000510931016,-72.45991012475443,-72.45991012475443
1821.7100510931016,-72.46122262677251,-72.46122262677251
1821.7200510931016,-72.46253019401601,-72.46253019401601
1821.7300510931016,-72.46383305876269,-72.46383305876269
1821.7400510931016,-72.46513145019581,-72.46513145019581
1821.7500510931015,-72.46642559448112,-72.46642559448112
1821.7600510931015,-72.46771571488819,-72.46771571488819
1821.7700510931015,-72.46900203183107,-72.46900203183107
1821.7800510931015,-72.47028476295581,-72.47028476295581
1821.7900510931015,-72.47156412319949,-72.47156412319949
1821.8000510931015,-72.4728403248058,-72.4728403248058
1821.8100510931015,-72.4741135773922,-72.4741135773922
1821.8200510931015,-72.47538408796751,-72.47538408796751
1821.8300510931015,-72.47665206097555,-72.47665206097555
1821.8400510931015,-72.47791769830268,-72.47791769830268
1821.8500510931015,-72.47918119931299,-72.47918119931299
1821.8600510931014,-72.48044276084968,-72.48044276084968
1821.8700510931014,-72.4817025772839,-72.4817025772839
1821.8800510931014,-72.48296084049534,-72.48296084049534
1821.8900510931014,-72.48421773990773,-72.48421773990773
1821.9000510931014,-72.48547346249607,-72.48547346249607
1821.9100510931014,-72.48672819279088,-72.48672819279088
1821.9200510931014,-72.48798211289676,-72.48798211289676
1821.9300510931016,-72.48923540251495,-72.48923540251495
1821.9400510931016,-72.4904882389269,-72.4904882389269
1821.9500510931016,-72.49174079703428,-72.49174079703428
1821.9600510931016,-72.49299324935527,-72.49299324935527
1821.9700510931016,-72.49424576602298,-72.49424576602298
1821.9800510931016,-72.49549851482534,-72.49549851482534
1821.9900510931016,-72.4967516612038,-72.4967516612038
1822.0000510931015,-72.49800536826022,-72.49800536826022
1822.0100510931015,-72.49925979676206,-72.49925979676206
1822.0200510931015,-72.50051510517534,-72.50051510517534
1822.0300510931015,-72.50177144966158,-72.50177144966158
1822.0400510931015,-72.50302898410534,-72.50302898410534
1822.0500510931015,-72.50428786011327,-72.50428786011327
1822.0600510931015,-72.50554822702499,-72.50554822702499
1822.0700510931015,-72.50681023194943,-72.50681023194943
1822.0800510931015,-72.5080740197607,-72.5080740197607
1822.0900510931015,-72.50933973311318,-72.50933973311318
1822.1000510931015,-72.51060751246098,-72.51060751246098
1822.1100510931014,-72.51187749608962,-72.51187749608962
1822.1200510931014,-72.51314982010575,-72.51314982010575
1822.1300510931014,-72.51442461845474,-72.51442461845474
1822.1400510931014,-72.51570202295885,-72.51570202295885
1822.1500510931014,-72.51698216331529,-72.51698216331529
1822.1600510931014,-72.51826516712221,-72.51826516712221
1822.1700510931014,-72.51955115990812,-72.51955115990812
1822.1800510931016,-72.52084026511179,-72.52084026511179
1822.1900510931016,-72.52213260413531,-72.52213260413531
1822.2000510931016,-72.52342829634576,-72.52342829634576
1822.2100510931016,-72.52472745910832,-72.52472745910832
1822.2200510931016,-72.5260302077798,-72.5260302077798
1822.2300510931016,-72.52733665574866,-72.52733665574866
1822.2400510931016,-72.5286469144431,-72.5286469144431
1822.2500510931015,-72.5299610933622,-72.5299610933622
1822.2600510931015,-72.53127930008155,-72.53127930008155
1822.2700510931015,-72.5326016402756,-72.5326016402756
1822.2800510931015,-72.53392821774035,-72.53392821774035
1822.2900510931015,-72.53525913439464,-72.53525913439464
1822.3000510931015,-72.53659449034477,-72.53659449034477
1822.3100510931015,-72.53793438384682,-72.53793438384682
1822.3200510931015,-72.53927891138237,-72.53927891138237
1822.3300510931015,-72.54062816761655,-72.54062816761655
1822.3400510931015,-72.54198224546698,-72.54198224546698
1822.3500510931015,-72.5433412361103,-72.5433412361103
1822.3600510931014,-72.54470522898691,-72.54470522898691
1822.3700510931014,-72.54607431183086,-72.54607431183086
1822.3800510931014,-72.5474485707057,-72.5474485707057
1822.3900510931014,-72.54882808998833,-72.54882808998833
1822.4000511169434,-72.55021295572283,-72.55021295572283
1822.4100511169434,-72.55160324243121,-72.55160324243121
1822.4200511169433,-72.55299903288399,-72.55299903288399
1822.4300511169433,-72.55440040499242,-72.55440040499242
1822.4400511169433,-72.55580743509998,-72.55580743509998
1822.4500511169433,-72.55722019798115,-72.55722019798115
1822.4600511169433,-72.55863244408862,-72.55863244408862
1822.4700511169433,-72.5600414797605,-72.5600414797605
1822.4800511169433,-72.56144603140247,-72.56144603140247
1822.4900511169433,-72.56284548175474,-72.56284548175474
1822.5000511169433,-72.56423957851241,-72.56423957851241
1822.5100511169433,-72.56562828302631,-72.56562828302631
1822.5200511169433,-72.5670116816129,-72.5670116816129
1822.5300511169435,-72.56838993227002,-72.56838993227002
1822.5400511169435,-72.56976323260928,-72.56976323260928
1822.5500511169435,-72.57113180070533,-72.57113180070533
1822.5600511169434,-72.57249586359697,-72.57249586359697
1822.5700511169434,-72.5738556506082,-72.5738556506082
1822.5800511169434,-72.57521138949423,-72.57521138949423
1822.5900511169434,-72.57656330435589,-72.57656330435589
1822.6000511169434,-72.57791161461259,-72.57791161461259
1822.6100511169434,-72.57925653459111,-72.57925653459111
1822.6200511169434,-72.58059827348171,-72.58059827348171
1822.6300511169434,-72.58193703552394,-72.58193703552394
1822.6400511169434,-72.58327302024608,-72.58327302024608
1822.6500511169434,-72.58460642278584,-72.58460642278584
1822.6600511169434,-72.58593743419013,-72.58593743419013
1822.6700511169433,-72.5872662417419,-72.5872662417419
1822.6800511169433,-72.58856105709984,-72.58856105709984
1822.6900511169433,-72.58980615112978,-72.58980615112978
1822.7000511169433,-72.59099196683192,-72.59099196683192
1822.7100511169433,-72.59211219199611,-72.59211219199611
1822.7200511169433,-72.59316257616887,-72.59316257616887
1822.7300511169433,-72.59414023724253,-72.59414023724253
1822.7400511169433,-72.59504321483072,-72.59504321483072
1822.7500511169433,-72.59587017962454,-72.59587017962454
1822.7600511169433,-72.59662024370728,-72.59662024370728
1822.7700511169433,-72.5972928360037,-72.5972928360037
1822.7800511169435,-72.59788761970545,-72.59788761970545
1822.7900511169435,-72.59840443686203,-72.59840443686203
1822.8000511169435,-72.59884327061934,-72.59884327061934
1822.8100511169434,-72.59920421906654,-72.59920421906654
1822.8200511169434,-72.59948747668359,-72.59948747668359
1822.8300511169434,-72.59969332087768,-72.59969332087768
1822.8400511169434,-72.59982210185001,-72.59982210185001
1822.8500511169434,-72.5998742348005,-72.5998742348005
1822.8600511169434,-72.59985019363383,-72.59985019363383
1822.8700511169434,-72.59975050576237,-72.59975050576237
1822.8800511169434,-72.5995757476392,-72.5995757476392
1822.8900511169434,-72.59932654086188,-72.59932654086188
1822.9000511169434,-72.59900354863338,-72.59900354863338
1822.9100511169434,-72.59860747256828,-72.59860747256828
1822.9200511169433,-72.5981390497056,-72.5981390497056
1822.9300511169433,-72.5975990497592,-72.5975990497592
1822.9400511169433,-72.5969882724852,-72.5969882724852
1822.9500511169433,-72.59630754523972,-72.59630754523972
1822.9600511169433,-72.59555772066189,-72.59555772066189
1822.9700511169433,-72.59473967445868,-72.59473967445868
1822.9800511169433,-72.59385430330748,-72.59385430330748
1822.9900511169433,-72.59290252290181,-72.59290252290181
1823.0000511169433,-72.59188526603965,-72.59188526603965
1823.0100511169433,-72.59080348086377,-72.59080348086377
1823.0200511169433,-72.58965812915666,-72.58965812915666
1823.0300511169435,-72.58845018475515,-72.58845018475515
1823.0400511169435,-72.58718063201054,-72.58718063201054
1823.0500511169435,-72.58585046437821,-72.58585046437821
1823.0600511169434,-72.58446068304316,-72.58446068304316
1823.0700511169434,-72.58301229566422,-72.58301229566422
1823.0800511169434,-72.58150631512852,-72.58150631512852
1823.0900511169434,-72.57994375845902,-72.57994375845902
1823.1000511169434,-72.57832564571187,-72.57832564571187
1823.1100511169434,-72.57665299898116,-72.57665299898116
1823.1200511169434,-72.57492684144057,-72.57492684144057
1823.1300511169434,-72.57314819647051,-72.57314819647051
1823.1400511169434,-72.57131808681255,-72.57131808681255
1823.1500511169434,-72.5694375337811,-72.5694375337811
1823.1600511169434,-72.56750755655509,-72.56750755655509
1823.1700511169433,-72.56552917146922,-72.56552917146922
1823.1800511169433,-72.56350339137954,-72.56350339137954
1823.1900511169433,-72.561431225084,-72.561431225084
1823.2000511169433,-72.55931367675419,-72.55931367675419
1823.2100511169433,-72.55715174539861,-72.55715174539861
1823.2200511169433,-72.55494642442436,-72.55494642442436
1823.2300511169433,-72.55269870116761,-72.55269870116761
1823.2400511169433,-72.55040955647873,-72.55040955647873
1823.2500511407852,-72.54807995878221,-72.54807995878221
1823.2600511407852,-72.54571088585449,-72.54571088585449
1823.2700511407852,-72.54330329148792,-72.54330329148792
1823.2800511407852,-72.54085812708054,-72.54085812708054
1823.2900511407852,-72.53837633590409,-72.53837633590409
1823.3000511407852,-72.5358588528768,-72.5358588528768
1823.3100511407852,-72.53330660433654,-72.53330660433654
1823.3200511407852,-72.5307205078116,-72.5307205078116
1823.3300511407851,-72.5281014718514,-72.5281014718514
1823.3400511407851,-72.52545039584683,-72.52545039584683
1823.3500511407851,-72.5227681698902,-72.5227681698902
1823.3600511407851,-72.52005567463823,-72.52005567463823
1823.370051140785,-72.51731378117354,-72.51731378117354
1823.3800511407853,-72.51454335093233,-72.51454335093233
1823.3900511407853,-72.51174523559523,-72.51174523559523
1823.4000511407853,-72.50892027699034,-72.50892027699034
1823.4100511407853,-72.50606930707502,-72.50606930707502
1823.4200511407853,-72.50319314783798,-72.50319314783798
1823.4300511407853,-72.50029261127943,-72.50029261127943
1823.4400511407853,-72.4973684993625,-72.4973684993625
1823.4500511407853,-72.49442160400378,-72.49442160400378
1823.4600511407853,-72.4914463950873,-72.4914463950873
1823.4700511407852,-72.48844089010501,-72.48844089010501
1823.4800511407852,-72.48540451783671,-72.48540451783671
1823.4900511407852,-72.48233735456748,-72.48233735456748
1823.5000511407852,-72.47923983272601,-72.47923983272601
1823.5100511407852,-72.47611258957677,-72.47611258957677
1823.5200511407852,-72.47295637851893,-72.47295637851893
1823.5300511407852,-72.46977201581025,-72.46977201581025
1823.5400511407852,-72.46656034851941,-72.46656034851941
1823.5500511407852,-72.46332223534272,-72.46332223534272
1823.5600511407852,-72.46005853519073,-72.46005853519073
1823.5700511407852,-72.45677010049803,-72.45677010049803
1823.5800511407851,-72.45345777345608,-72.45345777345608
1823.5900511407851,-72.45012238395567,-72.45012238395567
1823.6000511407851,-72.44676474860348,-72.44676474860348
1823.6100511407851,-72.4433856703971,-72.4433856703971
1823.620051140785,-72.43998593872809,-72.43998593872809
1823.6300511407853,-72.43656632961385,-72.43656632961385
1823.6400511407853,-72.43312760602551,-72.43312760602551
1823.6500511407853,-72.42967051826871,-72.42967051826871
1823.6600511407853,-72.42619580436221,-72.42619580436221
1823.6700511407853,-72.42270419040702,-72.42270419040702
1823.6800511407853,-72.4191963909378,-72.4191963909378
1823.6900511407853,-72.41567310924582,-72.41567310924582
1823.7000511407853,-72.41213503767284,-72.41213503767284
1823.7100511407853,-72.4085828578796,-72.4085828578796
1823.7200511407852,-72.40501724109018,-72.40501724109018
1823.7300511407852,-72.40143884830135,-72.40143884830135
1823.7400511407852,-72.39784833049579,-72.39784833049579
1823.7500511407852,-72.3942463288208,-72.3942463288208
1823.7600511407852,-72.39063347474597,-72.39063347474597
1823.7700511407852,-72.38701039022035,-72.38701039022035
1823.7800511407852,-72.38337768782321,-72.38337768782321
1823.7900511407852,-72.37973597089702,-72.37973597089702
1823.8000511407852,-72.37608583364684,-72.37608583364684
1823.8100511407852,-72.372427861302,-72.372427861302
1823.8200511407852,-72.36876263018515,-72.36876263018515
1823.8300511407851,-72.36509070783436,-72.36509070783436
1823.8400511407851,-72.36141265312762,-72.36141265312762
1823.8500511407851,-72.35772901634515,-72.35772901634515
1823.8600511407851,-72.35404033929375,-72.35404033929375
1823.870051140785,-72.3503471554002,-72.3503471554002
1823.8800511407853,-72.3466499897861,-72.3466499897861
1823.8900511407853,-72.34294935937122,-72.34294935937122
1823.9000511407853,-72.33924577296072,-72.33924577296072
1823.9100511407853,-72.3355397313302,-72.3355397313302
1823.9200511407853,-72.33183172732319,-72.33183172732319
1823.9300511407853,-72.32812224592236,-72.32812224592236
1823.9400511407853,-72.32441176435213,-72.32441176435213
1823.9500511407853,-72.32070075215199,-72.32070075215199
1823.9600511407853,-72.31698967126688,-72.31698967126688
1823.9700511407852,-72.31327897612623,-72.31327897612623
1823.9800511407852,-72.30956911373906,-72.30956911373906
1823.9900511407852,-72.3058605237589,-72.3058605237589
1824.0000511407852,-72.30215363858076,-72.30215363858076
1824.0100511407852,-72.29844888343541,-72.29844888343541
1824.0200511407852,-72.29474667644064,-72.29474667644064
1824.0300511407852,-72.2910474287021,-72.2910474287021
1824.0400511407852,-72.28735154441728,-72.28735154441728
1824.0500511407852,-72.28365942091158,-72.28365942091158
1824.0600511407852,-72.27997144875991,-72.27997144875991
1824.0700511407852,-72.27628801184323,-72.27628801184323
1824.0800511407851,-72.27260948743408,-72.27260948743408
1824.0900511407851,-72.26893624629183,-72.26893624629183
1824.100051164627,-72.26526864398825,-72.26526864398825
1824.110051164627,-72.26160705595812,-72.26160705595812
1824.120051164627,-72.25795182511057,-72.25795182511057
1824.130051164627,-72.25430329691706,-72.25430329691706
1824.140051164627,-72.25066181069023,-72.25066181069023
1824.150051164627,-72.24702769973057,-72.24702769973057
1824.160051164627,-72.24340129133931,-72.24340129133931
1824.170051164627,-72.23978290694438,-72.23978290694438
1824.180051164627,-72.2361728621477,-72.2361728621477
1824.190051164627,-72.23257146681578,-72.23257146681578
1824.200051164627,-72.22897902514771,-72.22897902514771
1824.210051164627,-72.22539583574961,-72.22539583574961
1824.220051164627,-72.2218221917269,-72.2218221917269
1824.2300511646272,-72.21825838072914,-72.21825838072914
1824.2400511646272,-72.21470468505265,-72.21470468505265
1824.2500511646272,-72.21116138168411,-72.21116138168411
1824.2600511646272,-72.20762874240984,-72.20762874240984
1824.2700511646271,-72.20410703384651,-72.20410703384651
1824.2800511646271,-72.20059651754764,-72.20059651754764
1824.2900511646271,-72.19709745004906,-72.19709745004906
1824.3000511646271,-72.19361008294582,-72.19361008294582
1824.310051164627,-72.19013466297228,-72.19013466297228
1824.320051164627,-72.18667143205684,-72.18667143205684
1824.330051164627,-72.18322062739432,-72.18322062739432
1824.340051164627,-72.17978248151717,-72.17978248151717
1824.350051164627,-72.17635722234913,-72.17635722234913
1824.360051164627,-72.17294507329164,-72.17294507329164
1824.370051164627,-72.16954625327288,-72.16954625327288
1824.380051164627,-72.16616097680927,-72.16616097680927
1824.390051164627,-72.16278945408911,-72.16278945408911
1824.400051164627,-72.15943189101142,-72.15943189101142
1824.410051164627,-72.15608848926755,-72.15608848926755
1824.420051164627,-72.15275944638793,-72.15275944638793
1824.430051164627,-72.14944495580866,-72.14944495580866
1824.440051164627,-72.14614520694445,-72.14614520694445
1824.450051164627,-72.14286038522364,-72.14286038522364
1824.460051164627,-72.139590672173,-72.139590672173
1824.470051164627,-72.13633624544846,-72.13633624544846
1824.4800511646272,-72.1330972789121,-72.1330972789121
1824.4900511646272,-72.12978463787339,-72.12978463787339
1824.5000511646272,-72.1263635190335,-72.1263635190335
1824.5100511646272,-72.12281943867809,-72.12281943867809
1824.5200511646271,-72.11914661272074,-72.11914661272074
1824.5300511646271,-72.1153438042762,-72.1153438042762
1824.5400511646271,-72.1114123601211,-72.1114123601211
1824.5500511646271,-72.10735510747884,-72.10735510747884
1824.560051164627,-72.10317569030913,-72.10317569030913
1824.570051164627,-72.09887816233606,-72.09887816233606
1824.580051164627,-72.09446673819302,-72.09446673819302
1824.590051164627,-72.08994564350978,-72.08994564350978
1824.600051164627,-72.08531902722794,-72.08531902722794
1824.610051164627,-72.08059091277188,-72.08059091277188
1824.620051164627,-72.07576517344074,-72.07576517344074
1824.630051164627,-72.07084552261078,-72.07084552261078
1824.640051164627,-72.06583551279921,-72.06583551279921
1824.650051164627,-72.06073853990536,-72.06073853990536
1824.660051164627,-72.0555578502009,-72.0555578502009
1824.670051164627,-72.05029654872872,-72.05029654872872
1824.680051164627,-72.04495760810622,-72.04495760810622
1824.690051164627,-72.0395438773352,-72.0395438773352
1824.700051164627,-72.03405809019004,-72.03405809019004
1824.710051164627,-72.02850287318411,-72.02850287318411
1824.720051164627,-72.02288075292496,-72.02288075292496
1824.7300511646272,-72.01719416285887,-72.01719416285887
1824.7400511646272,-72.01144544953594,-72.01144544953594
1824.7500511646272,-72.00563687822847,-72.00563687822847
1824.7600511646272,-71.99977063813522,-71.99977063813522
1824.7700511646271,-71.9938488470852,-71.9938488470852
1824.7800511646271,-71.98787355583939,-71.98787355583939
1824.7900511646271,-71.98184675201674,-71.98184675201674
1824.8000511646271,-71.97577036369445,-71.97577036369445
1824.810051164627,-71.96964626264395,-71.96964626264395
1824.820051164627,-71.96347626737673,-71.96347626737673
1824.830051164627,-71.9572621458642,-71.9572621458642
1824.840051164627,-71.95100561807352,-71.95100561807352
1824.850051164627,-71.94470835829712,-71.94470835829712
1824.860051164627,-71.93837199727777,-71.93837199727777
1824.870051164627,-71.93199812419924,-71.93199812419924
1824.880051164627,-71.9255882884937,-71.9255882884937
1824.890051164627,-71.919144001531,-71.919144001531
1824.900051164627,-71.91266673818434,-71.91266673818434
1824.910051164627,-71.90615793828809,-71.90615793828809
1824.920051164627,-71.89961900796898,-71.89961900796898
1824.930051164627,-71.89305132091127,-71.89305132091127
1824.940051164627,-71.88645621954058,-71.88645621954058
1824.950051188469,-71.87983500031245,-71.87983500031245
1824.960051188469,-71.87318897771264,-71.87318897771264
1824.970051188469,-71.86651939106514,-71.86651939106514
1824.980051188469,-71.8598274679279,-71.8598274679279
1824.990051188469,-71.85311440942039,-71.85311440942039
1825.000051188469,-71.84638139103645,-71.84638139103645
1825.0100511884689,-71.83962956336293,-71.83962956336293
1825.0200511884689,-71.8328600527888,-71.8328600527888
1825.0300511884689,-71.8260739621949,-71.8260739621949
1825.0400511884689,-71.81927237156744,-71.81927237156744
1825.0500511884688,-71.81245633862851,-71.81245633862851
1825.0600511884688,-71.8056268993794,-71.8056268993794
1825.0700511884688,-71.79878506867985,-71.79878506867985
1825.080051188469,-71.79193184073715,-71.79193184073715
1825.090051188469,-71.78506818963328,-71.78506818963328
1825.100051188469,-71.77819506977748,-71.77819506977748
1825.110051188469,-71.77131341638852,-71.77131341638852
1825.120051188469,-71.7644241458968,-71.7644241458968
1825.130051188469,-71.7575281563997,-71.7575281563997
1825.140051188469,-71.75062632803966,-71.75062632803966
1825.150051188469,-71.74371952341046,-71.74371952341046
1825.160051188469,-71.7368085879144,-71.7368085879144
1825.170051188469,-71.72989435014087,-71.72989435014087
1825.180051188469,-71.7229776222071,-71.7229776222071
1825.190051188469,-71.71605920008528,-71.71605920008528
1825.200051188469,-71.70913986394781,-71.70913986394781
1825.210051188469,-71.70222037847222,-71.70222037847222
1825.220051188469,-71.69530149315267,-71.69530149315267
1825.230051188469,-71.68838394259176,-71.68838394259176
1825.240051188469,-71.68146844680274,-71.68146844680274
1825.250051188469,-71.67455571146623,-71.67455571146623
1825.2600511884689,-71.6676464282298,-71.6676464282298
1825.2700511884689,-71.66074127495753,-71.66074127495753
1825.2800511884689,-71.65384091599678,-71.65384091599678
1825.2900511884689,-71.64694600243003,-71.64694600243003
1825.3000511884688,-71.64005717230917,-71.64005717230917
1825.3100511884688,-71.63317505091747,-71.63317505091747
1825.3200511884688,-71.62630025098468,-71.62630025098468
1825.330051188469,-71.61943337292894,-71.61943337292894
1825.340051188469,-71.61257500507264,-71.61257500507264
1825.350051188469,-71.60572572387773,-71.60572572387773
1825.360051188469,-71.59888609411563,-71.59888609411563
1825.370051188469,-71.59205666914013,-71.59205666914013
1825.380051188469,-71.58523799104019,-71.58523799104019
1825.390051188469,-71.57843059086382,-71.57843059086382
1825.400051188469,-71.57163498881268,-71.57163498881268
1825.410051188469,-71.56485169443434,-71.56485169443434
1825.420051188469,-71.55808120681024,-71.55808120681024
1825.430051188469,-71.55132401471938,-71.55132401471938
1825.440051188469,-71.54458059686196,-71.54458059686196
1825.450051188469,-71.53785142200566,-71.53785142200566
1825.460051188469,-71.5311369491769,-71.5311369491769
1825.470051188469,-71.52443762780652,-71.52443762780652
1825.480051188469,-71.51775389791885,-71.51775389791885
1825.490051188469,-71.51108619029785,-71.51108619029785
1825.500051188469,-71.50443492663346,-71.50443492663346
1825.5100511884689,-71.4978005196937,-71.4978005196937
1825.5200511884689,-71.49118337346485,-71.49118337346485
1825.5300511884689,-71.48458388331792,-71.48458388331792
1825.5400511884689,-71.4780024361578,-71.4780024361578
1825.5500511884688,-71.47143941055934,-71.47143941055934
1825.5600511884688,-71.46489517691158,-71.46489517691158
1825.5700511884688,-71.45837009758294,-71.45837009758294
1825.580051188469,-71.45186452702953,-71.45186452702953
1825.590051188469,-71.44537881195133,-71.44537881195133
1825.600051188469,-71.4389132914158,-71.4389132914158
1825.610051188469,-71.43246829700449,-71.43246829700449
1825.620051188469,-71.42604415291947,-71.42604415291947
1825.630051188469,-71.41964117613541,-71.41964117613541
1825.640051188469,-71.41325967650283,-71.41325967650283
1825.650051188469,-71.40689995688292,-71.40689995688292
1825.660051188469,-71.40056231327425,-71.40056231327425
1825.670051188469,-71.39424703491449,-71.39424703491449
1825.680051188469,-71.38795440441037,-71.38795440441037
1825.690051188469,-71.38168469783706,-71.38168469783706
1825.700051188469,-71.3754381848754,-71.3754381848754
1825.710051188469,-71.36921512890609,-71.36921512890609
1825.720051188469,-71.36301578710285,-71.36301578710285
1825.730051188469,-71.35684041057864,-71.35684041057864
1825.740051188469,-71.3506892444569,-71.3506892444569
1825.750051188469,-71.34456252798793,-71.34456252798793
1825.7600511884689,-71.33846049463656,-71.33846049463656
1825.7700511884689,-71.33238337221712,-71.33238337221712
1825.7800511884689,-71.32633138294888,-71.32633138294888
1825.7900511884689,-71.3203047435726,-71.3203047435726
1825.8000512123108,-71.31430365116778,-71.31430365116778
1825.8100512123108,-71.30832834041969,-71.30832834041969
1825.8200512123108,-71.30237899786543,-71.30237899786543
1825.8300512123108,-71.29645581924562,-71.29645581924562
1825.8400512123108,-71.29055899528962,-71.29055899528962
1825.8500512123107,-71.28468871178075,-71.28468871178075
1825.8600512123107,-71.2788451496593,-71.2788451496593
1825.8700512123107,-71.27302848509682,-71.27302848509682
1825.8800512123107,-71.26723888957424,-71.26723888957424
1825.8900512123107,-71.26147652996809,-71.26147652996809
1825.9000512123107,-71.2557415686286,-71.2557415686286
1825.9100512123107,-71.25003416346097,-71.25003416346097
1825.9200512123107,-71.2443544680047,-71.2443544680047
1825.930051212311,-71.23870263148652,-71.23870263148652
1825.940051212311,-71.23307879892621,-71.23307879892621
1825.9500512123109,-71.22748311119146,-71.22748311119146
1825.9600512123109,-71.22191570507539,-71.22191570507539
1825.9700512123109,-71.21637671336353,-71.21637671336353
1825.9800512123109,-71.21086626489848,-71.21086626489848
1825.9900512123108,-71.20538448466645,-71.20538448466645
1826.0000512123108,-71.1999314938342,-71.1999314938342
1826.0100512123108,-71.19450740984722,-71.19450740984722
1826.0200512123108,-71.18911234647474,-71.18911234647474
1826.0300512123108,-71.18374641387696,-71.18374641387696
1826.0400512123108,-71.17840971866869,-71.17840971866869
1826.0500512123108,-71.17310236398265,-71.17310236398265
1826.0600512123108,-71.1678244495302,-71.1678244495302
1826.0700512123108,-71.16257607164933,-71.16257607164933
1826.0800512123108,-71.15735732337855,-71.15735732337855
1826.0900512123108,-71.15216829450705,-71.15216829450705
1826.1000512123107,-71.14700907162499,-71.14700907162499
1826.1100512123107,-71.14187973819564,-71.14187973819564
1826.1200512123107,-71.13678037460582,-71.13678037460582
1826.1300512123107,-71.13171105819266,-71.13171105819266
1826.1400512123107,-71.12667186332322,-71.12667186332322
1826.1500512123107,-71.12166286145948,-71.12166286145948
1826.1600512123107,-71.1166841211606,-71.1166841211606
1826.1700512123107,-71.11173570818433,-71.11173570818433
1826.180051212311,-71.10681768550802,-71.10681768550802
1826.190051212311,-71.10193011337965,-71.10193011337965
1826.2000512123109,-71.09707304936138,-71.09707304936138
1826.2100512123109,-71.09224037276022,-71.09224037276022
1826.2200512123109,-71.08742945246237,-71.08742945246237
1826.2300512123109,-71.08263904718198,-71.08263904718198
1826.2400512123108,-71.0778685557051,-71.0778685557051
1826.2500512123108,-71.07311773140344,-71.07311773140344
1826.2600512123108,-71.06838653419703,-71.06838653419703
1826.2700512123108,-71.06367504383671,-71.06367504383671
1826.2800512123108,-71.05898340790938,-71.05898340790938
1826.2900512123108,-71.05431181055725,-71.05431181055725
1826.3000512123108,-71.04966045379885,-71.04966045379885
1826.3100512123108,-71.04502954644832,-71.04502954644832
1826.3200512123108,-71.04041929764028,-71.04041929764028
1826.3300512123108,-71.03582991318005,-71.03582991318005
1826.3400512123108,-71.03126159359421,-71.03126159359421
1826.3500512123107,-71.02671453321497,-71.02671453321497
1826.3600512123107,-71.02218891983533,-71.02218891983533
1826.3700512123107,-71.01768493477783,-71.01768493477783
1826.3800512123107,-71.0132027531118,-71.0132027531118
1826.3900512123107,-71.00874254396166,-71.00874254396166
1826.4000512123107,-71.00430447087726,-71.00430447087726
1826.4100512123107,-70.99988869221363,-70.99988869221363
1826.4200512123107,-70.99549536144862,-70.99549536144862
1826.430051212311,-70.99112462750266,-70.99112462750266
1826.440051212311,-70.98677663504722,-70.98677663504722
1826.4500512123109,-70.98245152474595,-70.98245152474595
1826.4600512123109,-70.97814326737102,-70.97814326737102
1826.4700512123109,-70.97384931638875,-70.97384931638875
1826.4800512123109,-70.9695685119554,-70.9695685119554
1826.4900512123108,-70.96530033252958,-70.96530033252958
1826.5000512123108,-70.96104460998914,-70.96104460998914
1826.5100512123108,-70.95680138188219,-70.95680138188219
1826.5200512123108,-70.95257080495507,-70.95257080495507
1826.5300512123108,-70.94835310321179,-70.94835310321179
1826.5400512123108,-70.94414853680566,-70.94414853680566
1826.5500512123108,-70.9399573833685,-70.9399573833685
1826.5600512123108,-70.9357799269504,-70.9357799269504
1826.5700512123108,-70.93161645161231,-70.93161645161231
1826.5800512123108,-70.9274672377554,-70.9274672377554
1826.5900512123108,-70.92333256018512,-70.92333256018512
1826.6000512123107,-70.9192126871914,-70.9192126871914
1826.6100512123107,-70.91510788021118,-70.91510788021118
1826.6200512123107,-70.9110183938839,-70.9110183938839
1826.6300512123107,-70.90694447625341,-70.90694447625341
1826.6400512123107,-70.90288636907437,-70.90288636907437
1826.6500512361526,-70.89884429854911,-70.89884429854911
1826.6600512361526,-70.8948185142244,-70.8948185142244
1826.6700512361526,-70.89080923140442,-70.89080923140442
1826.6800512361526,-70.88681667014875,-70.88681667014875
1826.6900512361526,-70.8828410458401,-70.8828410458401
1826.7000512361526,-70.87888256943523,-70.87888256943523
1826.7100512361526,-70.87494144768802,-70.87494144768802
1826.7200512361526,-70.87101788332333,-70.87101788332333
1826.7300512361526,-70.8671120752135,-70.8671120752135
1826.7400512361526,-70.86322421851172,-70.86322421851172
1826.7500512361526,-70.85935450477824,-70.85935450477824
1826.7600512361525,-70.85550312208628,-70.85550312208628
1826.7700512361525,-70.85167025510975,-70.85167025510975
1826.7800512361528,-70.84785608519425,-70.84785608519425
1826.7900512361527,-70.84406079045011,-70.84406079045011
1826.8000512361527,-70.84028454578166,-70.84028454578166
1826.8100512361527,-70.83652752296308,-70.83652752296308
1826.8200512361527,-70.83278989067422,-70.83278989067422
1826.8300512361527,-70.82907181453413,-70.82907181453413
1826.8400512361527,-70.82537345715008,-70.82537345715008
1826.8500512361527,-70.82169497814319,-70.82169497814319
1826.8600512361527,-70.8180365341914,-70.8180365341914
1826.8700512361527,-70.8143982790268,-70.8143982790268
1826.8800512361527,-70.81078036348654,-70.81078036348654
1826.8900512361527,-70.80718293553136,-70.80718293553136
1826.9000512361526,-70.80360614027069,-70.80360614027069
1826.9100512361526,-70.80005011996401,-70.80005011996401
1826.9200512361526,-70.79651501406755,-70.79651501406755
1826.9300512361526,-70.79300095923688,-70.79300095923688
1826.9400512361526,-70.7895080893585,-70.7895080893585
1826.9500512361526,-70.78603653556236,-70.78603653556236
1826.9600512361526,-70.7825864262405,-70.7825864262405
1826.9700512361526,-70.77915788707053,-70.77915788707053
1826.9800512361526,-70.77575104103066,-70.77575104103066
1826.9900512361526,-70.77236600841758,-70.77236600841758
1827.0000512361526,-70.76900290688727,-70.76900290688727
1827.0100512361525,-70.76566185143048,-70.76566185143048
1827.0200512361525,-70.76234295444247,-70.76234295444247
1827.0300512361528,-70.75904632570587,-70.75904632570587
1827.0400512361527,-70.75577207243737,-70.75577207243737
1827.0500512361527,-70.75252029928849,-70.75252029928849
1827.0600512361527,-70.74929110838114,-70.74929110838114
1827.0700512361527,-70.74608459931578,-70.74608459931578
1827.0800512361527,-70.74290086919845,-70.74290086919845
1827.0900512361527,-70.73974001267962,-70.73974001267962
1827.1000512361527,-70.73660212194581,-70.73660212194581
1827.1100512361527,-70.73348728676567,-70.73348728676567
1827.1200512361527,-70.73039559449329,-70.73039559449329
1827.1300512361527,-70.72732713012026,-70.72732713012026
1827.1400512361527,-70.72428197626324,-70.72428197626324
1827.1500512361526,-70.72126021321291,-70.72126021321291
1827.1600512361526,-70.71826191894031,-70.71826191894031
1827.1700512361526,-70.71528716913788,-70.71528716913788
1827.1800512361526,-70.7123360372341,-70.7123360372341
1827.1900512361526,-70.709408594411,-70.709408594411
1827.2000512361526,-70.70650490964226,-70.70650490964226
1827.2100512361526,-70.7036250497072,-70.7036250497072
1827.2200512361526,-70.70076907920975,-70.70076907920975
1827.2300512361526,-70.69793706061921,-70.69793706061921
1827.2400512361526,-70.6951290542813,-70.6951290542813
1827.2500512361526,-70.6923451184589,-70.6923451184589
1827.2600512361525,-70.68958530932791,-70.68958530932791
1827.2700512361525,-70.68684968102592,-70.68684968102592
1827.2800512361528,-70.6841382856709,-70.6841382856709
1827.2900512361527,-70.6814511733835,-70.6814511733835
1827.3000512361527,-70.6787883923071,-70.6787883923071
1827.3100512361527,-70.67614998864502,-70.67614998864502
1827.3200512361527,-70.67353600668004,-70.67353600668004
1827.3300512361527,-70.6709464887801,-70.6709464887801
1827.3400512361527,-70.66838147545552,-70.66838147545552
1827.3500512361527,-70.66584100535161,-70.66584100535161
1827.3600512361527,-70.66332511529595,-70.66332511529595
1827.3700512361527,-70.66083384030968,-70.66083384030968
1827.3800512361527,-70.65836721363249,-70.65836721363249
1827.3900512361527,-70.6559252667647,-70.6559252667647
1827.4000512361526,-70.65350802945783,-70.65350802945783
1827.4100512361526,-70.65111552975938,-70.65111552975938
1827.4200512361526,-70.64874779404863,-70.64874779404863
1827.4300512361526,-70.64640484702039,-70.64640484702039
1827.4400512361526,-70.6440867117542,-70.6440867117542
1827.4500512361526,-70.64179340969177,-70.64179340969177
1827.4600512361526,-70.63952496070524,-70.63952496070524
1827.4700512361526,-70.6372813830841,-70.6372813830841
1827.4800512361526,-70.6350626935776,-70.6350626935776
1827.4900512361526,-70.63286890740987,-70.63286890740987
1827.5000512599945,-70.6307000331464,-70.6307000331464
1827.5100512599945,-70.62855609343423,-70.62855609343423
1827.5200512599945,-70.62643709379108,-70.62643709379108
1827.5300512599945,-70.62434304358213,-70.62434304358213
1827.5400512599945,-70.62227395074125,-70.62227395074125
1827.5500512599945,-70.6202298218086,-70.6202298218086
1827.5600512599945,-70.61821066195517,-70.61821066195517
1827.5700512599944,-70.6162164749978,-70.6162164749978
1827.5800512599944,-70.61424726342399,-70.61424726342399
1827.5900512599944,-70.61230302840927,-70.61230302840927
1827.6000512599944,-70.61038376984348,-70.61038376984348
1827.6100512599944,-70.60848948634371,-70.60848948634371
1827.6200512599944,-70.60662017527514,-70.60662017527514
1827.6300512599946,-70.60477583277283,-70.60477583277283
1827.6400512599946,-70.60295645377096,-70.60295645377096
1827.6500512599946,-70.6011620319975,-70.6011620319975
1827.6600512599946,-70.59939256001704,-70.59939256001704
1827.6700512599946,-70.59764802924225,-70.59764802924225
1827.6800512599946,-70.5959284299425,-70.5959284299425
1827.6900512599946,-70.59423375128524,-70.59423375128524
1827.7000512599946,-70.59256398132679,-70.59256398132679
1827.7100512599945,-70.59091910705037,-70.59091910705037
1827.7200512599945,-70.58929911437079,-70.58929911437079
1827.7300512599945,-70.58770398816498,-70.58770398816498
1827.7400512599945,-70.58613371227695,-70.58613371227695
1827.7500512599945,-70.58458826955253,-70.58458826955253
1827.7600512599945,-70.58306764182595,-70.58306764182595
1827.7700512599945,-70.58157180997743,-70.58157180997743
1827.7800512599945,-70.58010075391122,-70.58010075391122
1827.7900512599945,-70.57865445259068,-70.57865445259068
1827.8000512599945,-70.57723288405286,-70.57723288405286
1827.8100512599945,-70.57583602543575,-70.57583602543575
1827.8200512599944,-70.5744638529611,-70.5744638529611
1827.8300512599944,-70.57311634198732,-70.57311634198732
1827.8400512599944,-70.57179346700948,-70.57179346700948
1827.8500512599944,-70.57049520165812,-70.57049520165812
1827.8600512599944,-70.56922151874869,-70.56922151874869
1827.8700512599944,-70.56797239026307,-70.56797239026307
1827.8800512599946,-70.5667477873827,-70.5667477873827
1827.8900512599946,-70.56554768050134,-70.56554768050134
1827.9000512599946,-70.5643720392316,-70.5643720392316
1827.9100512599946,-70.56322083243685,-70.56322083243685
1827.9200512599946,-70.56209402821723,-70.56209402821723
1827.9300512599946,-70.56099159394093,-70.56099159394093
1827.9400512599946,-70.55991349626619,-70.55991349626619
1827.9500512599946,-70.5588597011285,-70.5588597011285
1827.9600512599945,-70.55783017378278,-70.55783017378278
1827.9700512599945,-70.55682487879288,-70.55682487879288
1827.9800512599945,-70.55584378005672,-70.55584378005672
1827.9900512599945,-70.55488684081703,-70.55488684081703
1828.0000512599945,-70.55395402366855,-70.55395402366855
1828.0100512599945,-70.55304529057524,-70.55304529057524
1828.0200512599945,-70.55216060288744,-70.55216060288744
1828.0300512599945,-70.55129992133753,-70.55129992133753
1828.0400512599945,-70.55046320607542,-70.55046320607542
1828.0500512599945,-70.54965041665615,-70.54965041665615
1828.0600512599945,-70.54886151206867,-70.54886151206867
1828.0700512599944,-70.5480964507274,-70.5480964507274
1828.0800512599944,-70.54735519050774,-70.54735519050774
1828.0900512599944,-70.54663768874003,-70.54663768874003
1828.1000512599944,-70.5459439022267,-70.5459439022267
1828.1100512599944,-70.54527378725572,-70.54527378725572
1828.1200512599944,-70.5446272995984,-70.5446272995984
1828.1300512599946,-70.5440043945394,-70.5440043945394
1828.1400512599946,-70.54340502686968,-70.54340502686968
1828.1500512599946,-70.54282915090135,-70.54282915090135
1828.1600512599946,-70.54227672047239,-70.54227672047239
1828.1700512599946,-70.54174768898126,-70.54174768898126
1828.1800512599946,-70.54124200936259,-70.54124200936259
1828.1900512599946,-70.54075963411432,-70.54075963411432
1828.2000512599946,-70.54030051531645,-70.54030051531645
1828.2100512599945,-70.53986460461074,-70.53986460461074
1828.2200512599945,-70.53945185323792,-70.53945185323792
1828.2300512599945,-70.53906221203822,-70.53906221203822
1828.2400512599945,-70.53869563144671,-70.53869563144671
1828.2500512599945,-70.5383520615262,-70.5383520615262
1828.2600512599945,-70.53803145195148,-70.53803145195148
1828.2700512599945,-70.537733752044,-70.537733752044
1828.2800512599945,-70.53745891074892,-70.53745891074892
1828.2900512599945,-70.53720687665967,-70.53720687665967
1828.3000512599945,-70.53697759804488,-70.53697759804488
1828.3100512599945,-70.53677102282037,-70.53677102282037
1828.3200512599944,-70.53658709858227,-70.53658709858227
1828.3300512599944,-70.53642577259704,-70.53642577259704
1828.3400512599944,-70.53628699182688,-70.53628699182688
1828.3500512838364,-70.53617070265196,-70.53617070265196
1828.3600512838364,-70.53607685205071,-70.53607685205071
1828.3700512838363,-70.5360053857163,-70.5360053857163
1828.3800512838363,-70.53595624943637,-70.53595624943637
1828.3900512838363,-70.53592938871638,-70.53592938871638
1828.4000512838363,-70.53592474879554,-70.53592474879554
1828.4100512838363,-70.5359422746434,-70.5359422746434
1828.4200512838363,-70.53598191097439,-70.53598191097439
1828.4300512838363,-70.53604360224861,-70.53604360224861
1828.4400512838363,-70.53612729268063,-70.53612729268063
1828.4500512838363,-70.53623292625053,-70.53623292625053
1828.4600512838363,-70.53636044671873,-70.53636044671873
1828.4700512838363,-70.53650979760464,-70.53650979760464
1828.4800512838365,-70.53668092222088,-70.53668092222088
1828.4900512838365,-70.53687376365635,-70.53687376365635
1828.5000512838365,-70.53708826481078,-70.53708826481078
1828.5100512838364,-70.5373243683588,-70.5373243683588
1828.5200512838364,-70.53758201679607,-70.53758201679607
1828.5300512838364,-70.53786115243085,-70.53786115243085
1828.5400512838364,-70.53816171737685,-70.53816171737685
1828.5500512838364,-70.53848365357523,-70.53848365357523
1828.5600512838364,-70.53882690279667,-70.53882690279667
1828.5700512838364,-70.53919140663561,-70.53919140663561
1828.5800512838364,-70.53957710652713,-70.53957710652713
1828.5900512838364,-70.53998394375597,-70.53998394375597
1828.6000512838364,-70.54041185944693,-70.54041185944693
1828.6100512838364,-70.54086079457346,-70.54086079457346
1828.6200512838363,-70.54133068997687,-70.54133068997687
1828.6300512838363,-70.54182148635154,-70.54182148635154
1828.6400512838363,-70.54233312427212,-70.54233312427212
1828.6500512838363,-70.54286554417288,-70.54286554417288
1828.6600512838363,-70.54341868636324,-70.54341868636324
1828.6700512838363,-70.5439924910441,-70.5439924910441
1828.6800512838363,-70.54458689829835,-70.54458689829835
1828.6900512838363,-70.54520184808683,-70.54520184808683
1828.7000512838363,-70.54583728028237,-70.54583728028237
1828.7100512838363,-70.54649313464087,-70.54649313464087
1828.7200512838363,-70.54716935082882,-70.54716935082882
1828.7300512838365,-70.54786586841627,-70.54786586841627
1828.7400512838365,-70.54858262688961,-70.54858262688961
1828.7500512838365,-70.54931956564361,-70.54931956564361
1828.7600512838364,-70.55007662399595,-70.55007662399595
1828.7700512838364,-70.5508537411861,-70.5508537411861
1828.7800512838364,-70.55165085637154,-70.55165085637154
1828.7900512838364,-70.55246790864689,-70.55246790864689
1828.8000512838364,-70.55330483704827,-70.55330483704827
1828.8100512838364,-70.55416158054084,-70.55416158054084
1828.8200512838364,-70.55503807802542,-70.55503807802542
1828.8300512838364,-70.55593426834878,-70.55593426834878
1828.8400512838364,-70.55685009032065,-70.55685009032065
1828.8500512838364,-70.55778548267932,-70.55778548267932
1828.8600512838364,-70.55874038414242,-70.55874038414242
1828.8700512838363,-70.55971473336368,-70.55971473336368
1828.8800512838363,-70.56070846896958,-70.56070846896958
1828.8900512838363,-70.56172152954383,-70.56172152954383
1828.9000512838363,-70.5627538536564,-70.5627538536564
1828.9100512838363,-70.56380537982191,-70.56380537982191
1828.9200512838363,-70.5648760465444,-70.5648760465444
1828.9300512838363,-70.56596579229958,-70.56596579229958
1828.9400512838363,-70.56707455554837,-70.56707455554837
1828.9500512838363,-70.5682022747282,-70.5682022747282
1828.9600512838363,-70.56934888826368,-70.56934888826368
1828.9700512838363,-70.57051433456932,-70.57051433456932
1828.9800512838365,-70.57169855204415,-70.57169855204415
1828.9900512838365,-70.57290147909612,-70.57290147909612
1829.0000512838365,-70.57412305411,-70.57412305411
1829.0100512838364,-70.57536321548623,-70.57536321548623
1829.0200512838364,-70.57662190161656,-70.57662190161656
1829.0300512838364,-70.57789905089568,-70.57789905089568
1829.0400512838364,-70.57919460173689,-70.57919460173689
1829.0500512838364,-70.58050849255385,-70.58050849255385
1829.0600512838364,-70.58184066177218,-70.58184066177218
1829.0700512838364,-70.58319104783263,-70.58319104783263
1829.0800512838364,-70.58455958918897,-70.58455958918897
1829.0900512838364,-70.58594622432325,-70.58594622432325
1829.1000512838364,-70.58735089172635,-70.58735089172635
1829.1100512838364,-70.58877352992536,-70.58877352992536
1829.1200512838363,-70.59021407744956,-70.59021407744956
1829.1300512838363,-70.59167247288687,-70.59167247288687
1829.1400512838363,-70.59314865482416,-70.59314865482416
1829.1500512838363,-70.594642561907,-70.594642561907
1829.1600512838363,-70.59615413280324,-70.59615413280324
1829.1700512838363,-70.5976833062092,-70.5976833062092
1829.1800512838363,-70.59923002087321,-70.59923002087321
1829.1900512838363,-70.60079421556598,-70.60079421556598
1829.2000513076782,-70.60237583288563,-70.60237583288563
1829.2100513076782,-70.60397480422257,-70.60397480422257
1829.2200513076782,-70.6055910721733,-70.6055910721733
1829.2300513076782,-70.60722457570363,-70.60722457570363
1829.2400513076782,-70.60887525382539,-70.60887525382539
1829.2500513076782,-70.61054304559524,-70.61054304559524
1829.2600513076782,-70.61222789013006,-70.61222789013006
1829.2700513076782,-70.6139297265874,-70.6139297265874
1829.2800513076781,-70.61564849419214,-70.61564849419214
1829.2900513076781,-70.61738413222388,-70.61738413222388
1829.3000513076781,-70.61913658000732,-70.61913658000732
1829.3100513076781,-70.62090577695086,-70.62090577695086
1829.320051307678,-70.62269166251345,-70.62269166251345
1829.3300513076783,-70.62449417621063,-70.62449417621063
1829.3400513076783,-70.6263132576385,-70.6263132576385
1829.3500513076783,-70.628148846444,-70.628148846444
1829.3600513076783,-70.63000088235695,-70.63000088235695
1829.3700513076783,-70.63186930517372,-70.63186930517372
1829.3800513076783,-70.63375405474723,-70.63375405474723
1829.3900513076783,-70.63565507101973,-70.63565507101973
1829.4000513076783,-70.6375722940017,-70.6375722940017
1829.4100513076783,-70.63950566377899,-70.63950566377899
1829.4200513076782,-70.64145512051454,-70.64145512051454
1829.4300513076782,-70.64342060444197,-70.64342060444197
1829.4400513076782,-70.64540205588456,-70.64540205588456
1829.4500513076782,-70.64739941523504,-70.64739941523504
1829.4600513076782,-70.64941262297864,-70.64941262297864
1829.4700513076782,-70.65144161967206,-70.65144161967206
1829.4800513076782,-70.65348634596731,-70.65348634596731
1829.4900513076782,-70.65554674259371,-70.65554674259371
1829.5000513076782,-70.65762275036693,-70.65762275036693
1829.5100513076782,-70.65971431019099,-70.65971431019099
1829.5200513076782,-70.661821363059,-70.661821363059
1829.5300513076781,-70.66394385005542,-70.66394385005542
1829.5400513076781,-70.66608171235126,-70.66608171235126
1829.5500513076781,-70.66823489120813,-70.66823489120813
1829.5600513076781,-70.67040332798187,-70.67040332798187
1829.570051307678,-70.67258696412524,-70.67258696412524
1829.5800513076783,-70.67478574117557,-70.67478574117557
1829.5900513076783,-70.67699960078448,-70.67699960078448
1829.6000513076783,-70.67922848467465,-70.67922848467465
1829.6100513076783,-70.68147233467865,-70.68147233467865
1829.6200513076783,-70.68373109273536,-70.68373109273536
1829.6300513076783,-70.6860047008693,-70.6860047008693
1829.6400513076783,-70.68829310121207,-70.68829310121207
1829.6500513076783,-70.69059623598478,-70.69059623598478
1829.6600513076783,-70.69291404752661,-70.69291404752661
1829.6700513076782,-70.69524647827194,-70.69524647827194
1829.6800513076782,-70.6975934707598,-70.6975934707598
1829.6900513076782,-70.69995496762232,-70.69995496762232
1829.7000513076782,-70.7023309116062,-70.7023309116062
1829.7100513076782,-70.70472124556395,-70.70472124556395
1829.7200513076782,-70.70712591244816,-70.70712591244816
1829.7300513076782,-70.70954485532675,-70.70954485532675
1829.7400513076782,-70.71197801737085,-70.71197801737085
1829.7500513076782,-70.71442534185847,-70.71442534185847
1829.7600513076782,-70.7168867721781,-70.7168867721781
1829.7700513076782,-70.71936225182462,-70.71936225182462
1829.7800513076781,-70.72185172440408,-70.72185172440408
1829.7900513076781,-70.72435513363833,-70.72435513363833
1829.8000513076781,-70.72687242335763,-70.72687242335763
1829.8100513076781,-70.72940353750165,-70.72940353750165
1829.820051307678,-70.73194842012582,-70.73194842012582
1829.8300513076783,-70.73450701540007,-70.73450701540007
1829.8400513076783,-70.73707926760189,-70.73707926760189
1829.8500513076783,-70.73966512113006,-70.73966512113006
1829.8600513076783,-70.74226452049056,-70.74226452049056
1829.8700513076783,-70.74487741031899,-70.74487741031899
1829.8800513076783,-70.74750373534683,-70.74750373534683
1829.8900513076783,-70.75014344043525,-70.75014344043525
1829.9000513076783,-70.75279647056132,-70.75279647056132
1829.9100513076783,-70.75546277081487,-70.75546277081487
1829.9200513076782,-70.75814228640296,-70.75814228640296
1829.9300513076782,-70.76083496266108,-70.76083496266108
1829.9400513076782,-70.76354074503683,-70.76354074503683
1829.9500513076782,-70.7662595790937,-70.7662595790937
1829.9600513076782,-70.7689914105149,-70.7689914105149
1829.9700513076782,-70.77173618511077,-70.77173618511077
1829.9800513076782,-70.77449384880086,-70.77449384880086
1829.9900513076782,-70.77726434764419,-70.77726434764419
1830.0000513076782,-70.78004762780274,-70.78004762780274
1830.0100513076782,-70.7828436355605,-70.7828436355605
1830.0200513076782,-70.78565231733937,-70.78565231733937
1830.0300513076781,-70.78847361966339,-70.78847361966339
1830.0400513076781,-70.79130748919731,-70.79130748919731
1830.05005133152,-70.79415387949815,-70.79415387949815
1830.06005133152,-70.7970127239652,-70.7970127239652
1830.07005133152,-70.79988397632631,-70.79988397632631
1830.08005133152,-70.80276758374663,-70.80276758374663
1830.09005133152,-70.8056634935002,-70.8056634935002
1830.10005133152,-70.80857165299292,-70.80857165299292
1830.11005133152,-70.81149200974619,-70.81149200974619
1830.12005133152,-70.81442451140643,-70.81442451140643
1830.13005133152,-70.81736910574465,-70.81736910574465
1830.14005133152,-70.82032574066095,-70.82032574066095
1830.15005133152,-70.82329436418132,-70.82329436418132
1830.16005133152,-70.82627492445762,-70.82627492445762
1830.17005133152,-70.82926736975945,-70.82926736975945
1830.1800513315202,-70.8322716484964,-70.8322716484964
1830.1900513315202,-70.83528770920358,-70.83528770920358
1830.2000513315202,-70.8383155005201,-70.8383155005201
1830.2100513315202,-70.84134879795678,-70.84134879795678
1830.2200513315202,-70.84438485063778,-70.84438485063778
1830.2300513315201,-70.84742229540122,-70.84742229540122
1830.2400513315201,-70.85046041094132,-70.85046041094132
1830.2500513315201,-70.8534988333848,-70.8534988333848
1830.2600513315201,-70.85653740871102,-70.85653740871102
1830.27005133152,-70.85957610616092,-70.85957610616092
1830.28005133152,-70.86261496634816,-70.86261496634816
1830.29005133152,-70.86565407000761,-70.86565407000761
1830.30005133152,-70.868693519248,-70.868693519248
1830.31005133152,-70.87173342640347,-70.87173342640347
1830.32005133152,-70.87477390748104,-70.87477390748104
1830.33005133152,-70.87781507841235,-70.87781507841235
1830.34005133152,-70.8808570530137,-70.8808570530137
1830.35005133152,-70.88389994194888,-70.88389994194888
1830.36005133152,-70.88694385233283,-70.88694385233283
1830.37005133152,-70.88998888768627,-70.88998888768627
1830.38005133152,-70.89303514805323,-70.89303514805323
1830.39005133152,-70.89608273026916,-70.89608273026916
1830.40005133152,-70.89913172822256,-70.89913172822256
1830.41005133152,-70.90218223316229,-70.90218223316229
1830.42005133152,-70.90523433396758,-70.90523433396758
1830.4300513315202,-70.908288117393,-70.908288117393
1830.4400513315202,-70.91134366829704,-70.91134366829704
1830.4500513315202,-70.91440106985463,-70.91440106985463
1830.4600513315202,-70.91746040371454,-70.91746040371454
1830.4700513315202,-70.92052175015539,-70.92052175015539
1830.4800513315201,-70.92358518819739,-70.92358518819739
1830.4900513315201,-70.92665079571927,-70.92665079571927
1830.5000513315201,-70.92971864953026,-70.92971864953026
1830.5100513315201,-70.93278882544732,-70.93278882544732
1830.52005133152,-70.93586139835554,-70.93586139835554
1830.53005133152,-70.93893644224177,-70.93893644224177
1830.54005133152,-70.94201403025279,-70.94201403025279
1830.55005133152,-70.94509423470011,-70.94509423470011
1830.56005133152,-70.94817712709803,-70.94817712709803
1830.57005133152,-70.9512627781632,-70.9512627781632
1830.58005133152,-70.95435125785271,-70.95435125785271
1830.59005133152,-70.95744263534982,-70.95744263534982
1830.60005133152,-70.96053697906844,-70.96053697906844
1830.61005133152,-70.96363435667388,-70.96363435667388
1830.62005133152,-70.96673483504492,-70.96673483504492
1830.63005133152,-70.969838480324,-70.969838480324
1830.64005133152,-70.97294535786979,-70.97294535786979
1830.65005133152,-70.97605553227324,-70.97605553227324
1830.66005133152,-70.9791690673489,-70.9791690673489
1830.67005133152,-70.98228602612478,-70.98228602612478
1830.6800513315202,-70.9854064708386,-70.9854064708386
1830.6900513315202,-70.98853046294913,-70.98853046294913
1830.7000513315202,-70.99165806309104,-70.99165806309104
1830.7100513315202,-70.9947893311012,-70.9947893311012
1830.7200513315202,-70.9979243260108,-70.9979243260108
1830.7300513315201,-71.00106310602362,-71.00106310602362
1830.7400513315201,-71.00420572851647,-71.00420572851647
1830.7500513315201,-71.0073522500572,-71.0073522500572
1830.7600513315201,-71.01050272635156,-71.01050272635156
1830.77005133152,-71.01365721228149,-71.01365721228149
1830.78005133152,-71.01681576188011,-71.01681576188011
1830.79005133152,-71.01997842834064,-71.01997842834064
1830.80005133152,-71.02314526399998,-71.02314526399998
1830.81005133152,-71.02631632034837,-71.02631632034837
1830.82005133152,-71.02949164801628,-71.02949164801628
1830.83005133152,-71.03267129678196,-71.03267129678196
1830.84005133152,-71.03585531556456,-71.03585531556456
1830.85005133152,-71.03904375242128,-71.03904375242128
1830.86005133152,-71.0422366545637,-71.0422366545637
1830.87005133152,-71.04543406832741,-71.04543406832741
1830.88005133152,-71.04863603919492,-71.04863603919492
1830.89005133152,-71.0518426117963,-71.0518426117963
1830.900051355362,-71.05505383755313,-71.05505383755313
1830.910051355362,-71.05826974410832,-71.05826974410832
1830.920051355362,-71.06149038113682,-71.06149038113682
1830.930051355362,-71.06471578985503,-71.06471578985503
1830.940051355362,-71.0679460106324,-71.0679460106324
1830.950051355362,-71.0711810829787,-71.0711810829787
1830.9600513553619,-71.07442104557859,-71.07442104557859
1830.9700513553619,-71.07766593627608,-71.07766593627608
1830.9800513553619,-71.08091579207324,-71.08091579207324
1830.9900513553619,-71.0841706491402,-71.0841706491402
1831.0000513553618,-71.0874305428348,-71.0874305428348
1831.0100513553618,-71.09069550768042,-71.09069550768042
1831.0200513553618,-71.09396557739599,-71.09396557739599
1831.030051355362,-71.0972407848845,-71.0972407848845
1831.040051355362,-71.10052116224239,-71.10052116224239
1831.050051355362,-71.10380674077192,-71.10380674077192
1831.060051355362,-71.1070975509749,-71.1070975509749
1831.070051355362,-71.11039362256382,-71.11039362256382
1831.080051355362,-71.1136949844789,-71.1136949844789
1831.090051355362,-71.11700166488093,-71.11700166488093
1831.100051355362,-71.12031369116636,-71.12031369116636
1831.110051355362,-71.12363108995373,-71.12363108995373
1831.120051355362,-71.12695388712764,-71.12695388712764
1831.130051355362,-71.1302821078058,-71.1302821078058
1831.140051355362,-71.13361577637659,-71.13361577637659
1831.150051355362,-71.13695491648902,-71.13695491648902
1831.160051355362,-71.14029955106716,-71.14029955106716
1831.170051355362,-71.14364970230585,-71.14364970230585
1831.180051355362,-71.14700539169584,-71.14700539169584
1831.190051355362,-71.15036664001568,-71.15036664001568
1831.200051355362,-71.15373346735298,-71.15373346735298
1831.2100513553619,-71.15710589310079,-71.15710589310079
1831.2200513553619,-71.16048393596758,-71.16048393596758
1831.2300513553619,-71.16386761398877,-71.16386761398877
1831.2400513553619,-71.16725694452518,-71.16725694452518
1831.2500513553618,-71.17065194429324,-71.17065194429324
1831.2600513553618,-71.17405262933715,-71.17405262933715
1831.2700513553618,-71.17745901506989,-71.17745901506989
1831.280051355362,-71.18087111625172,-71.18087111625172
1831.290051355362,-71.1842889470324,-71.1842889470324
1831.300051355362,-71.18771252092469,-71.18771252092469
1831.310051355362,-71.19114185083119,-71.19114185083119
1831.320051355362,-71.19457694905152,-71.19457694905152
1831.330051355362,-71.1980178272824,-71.1980178272824
1831.340051355362,-71.20146449663424,-71.20146449663424
1831.350051355362,-71.2049169676242,-71.2049169676242
1831.360051355362,-71.20837525020086,-71.20837525020086
1831.370051355362,-71.21183935373448,-71.21183935373448
1831.380051355362,-71.21530928705333,-71.21530928705333
1831.390051355362,-71.21878505841163,-71.21878505841163
1831.400051355362,-71.22226667553211,-71.22226667553211
1831.410051355362,-71.22575414558875,-71.22575414558875
1831.420051355362,-71.22924747523182,-71.22924747523182
1831.430051355362,-71.23274667058594,-71.23274667058594
1831.440051355362,-71.23625173725755,-71.23625173725755
1831.450051355362,-71.23976268033837,-71.23976268033837
1831.4600513553619,-71.24327950443545,-71.24327950443545
1831.4700513553619,-71.24680221364254,-71.24680221364254
1831.4800513553619,-71.2503308115845,-71.2503308115845
1831.4900513553619,-71.2538653013886,-71.2538653013886
1831.5000513553618,-71.25740568571709,-71.25740568571709
1831.5100513553618,-71.26095196676815,-71.26095196676815
1831.5200513553618,-71.26450414627371,-71.26450414627371
1831.530051355362,-71.26806222551616,-71.26806222551616
1831.540051355362,-71.2716262053322,-71.2716262053322
1831.550051355362,-71.27519608612772,-71.27519608612772
1831.560051355362,-71.27877186786752,-71.27877186786752
1831.570051355362,-71.28235355009548,-71.28235355009548
1831.580051355362,-71.28594113192656,-71.28594113192656
1831.590051355362,-71.28953461207237,-71.28953461207237
1831.600051355362,-71.29313398884382,-71.29313398884382
1831.610051355362,-71.29673926014104,-71.29673926014104
1831.620051355362,-71.30035042348054,-71.30035042348054
1831.630051355362,-71.30396747598452,-71.30396747598452
1831.640051355362,-71.30759041439487,-71.30759041439487
1831.650051355362,-71.31121923508465,-71.31121923508465
1831.660051355362,-71.31485393405782,-71.31485393405782
1831.670051355362,-71.31849450695191,-71.31849450695191
1831.680051355362,-71.32214094905578,-71.32214094905578
1831.690051355362,-71.32579325529298,-71.32579325529298
1831.700051355362,-71.32945142025514,-71.32945142025514
1831.7100513553619,-71.33311543819129,-71.33311543819129
1831.7200513553619,-71.33678530301978,-71.33678530301978
1831.7300513553619,-71.34046100833073,-71.34046100833073
1831.7400513553619,-71.34414254738174,-71.34414254738174
1831.7500513792038,-71.34782992191099,-71.34782992191099
1831.7600513792038,-71.3515231070268,-71.3515231070268
1831.7700513792038,-71.35522210379683,-71.35522210379683
1831.7800513792038,-71.3589269042607,-71.3589269042607
1831.7900513792038,-71.36263750016371,-71.36263750016371
1831.8000513792038,-71.36635388294802,-71.36635388294802
1831.8100513792037,-71.3700760437763,-71.3700760437763
1831.8200513792037,-71.37380397354043,-71.37380397354043
1831.8300513792037,-71.3775376628377,-71.3775376628377
1831.8400513792037,-71.38127710201253,-71.38127710201253
1831.8500513792037,-71.38502228112456,-71.38502228112456
1831.8600513792037,-71.38877319000005,-71.38877319000005
1831.8700513792037,-71.39252981819395,-71.39252981819395
1831.880051379204,-71.3962921550125,-71.3962921550125
1831.890051379204,-71.40006018950852,-71.40006018950852
1831.900051379204,-71.40383391050031,-71.40383391050031
1831.9100513792039,-71.40761330657475,-71.40761330657475
1831.9200513792039,-71.41139836608025,-71.41139836608025
1831.9300513792039,-71.41518907712654,-71.41518907712654
1831.9400513792039,-71.41898542761582,-71.41898542761582
1831.9500513792038,-71.42278740522312,-71.42278740522312
1831.9600513792038,-71.42659499741161,-71.42659499741161
1831.9700513792038,-71.43040819142128,-71.43040819142128
1831.9800513792038,-71.43422697430125,-71.43422697430125
1831.9900513792038,-71.43805133288254,-71.43805133288254
1832.0000513792038,-71.44188125380752,-71.44188125380752
1832.0100513792038,-71.445716723514,-71.445716723514
1832.0200513792038,-71.44955772825428,-71.44955772825428
1832.0300513792038,-71.45340425409552,-71.45340425409552
1832.0400513792038,-71.45725628690994,-71.45725628690994
1832.0500513792038,-71.46111381240063,-71.46111381240063
1832.0600513792037,-71.46497681608528,-71.46497681608528
1832.0700513792037,-71.46884528332106,-71.46884528332106
1832.0800513792037,-71.47271919928168,-71.47271919928168
1832.0900513792037,-71.47659854898104,-71.47659854898104
1832.1000513792037,-71.48048331727266,-71.48048331727266
1832.1100513792037,-71.48437348884325,-71.48437348884325
1832.1200513792037,-71.48826904822748,-71.48826904822748
1832.130051379204,-71.49216997981249,-71.49216997981249
1832.140051379204,-71.49607626783258,-71.49607626783258
1832.150051379204,-71.49998789637785,-71.49998789637785
1832.1600513792039,-71.50390484938443,-71.50390484938443
1832.1700513792039,-71.5078271106688,-71.5078271106688
1832.1800513792039,-71.51175466389182,-71.51175466389182
1832.1900513792039,-71.51568749258679,-71.51568749258679
1832.2000513792038,-71.5196255801683,-71.5196255801683
1832.2100513792038,-71.52356890990491,-71.52356890990491
1832.2200513792038,-71.52751746495454,-71.52751746495454
1832.2300513792038,-71.53147122834609,-71.53147122834609
1832.2400513792038,-71.535430182985,-71.535430182985
1832.2500513792038,-71.53938486493965,-71.53938486493965
1832.2600513792038,-71.5433239414387,-71.5433239414387
1832.2700513792038,-71.54723748037597,-71.54723748037597
1832.2800513792038,-71.55111747600156,-71.55111747600156
1832.2900513792038,-71.55495757452528,-71.55495757452528
1832.3000513792038,-71.55875270154183,-71.55875270154183
1832.3100513792037,-71.5624987620525,-71.5624987620525
1832.3200513792037,-71.56619242524322,-71.56619242524322
1832.3300513792037,-71.56983097259734,-71.56983097259734
1832.3400513792037,-71.57341218834628,-71.57341218834628
1832.3500513792037,-71.57693427738427,-71.57693427738427
1832.3600513792037,-71.58039580137054,-71.58039580137054
1832.3700513792037,-71.58379562725673,-71.58379562725673
1832.380051379204,-71.58713288482156,-71.58713288482156
1832.390051379204,-71.59040693089999,-71.59040693089999
1832.400051379204,-71.5936173190282,-71.5936173190282
1832.4100513792039,-71.59676377331982,-71.59676377331982
1832.4200513792039,-71.5998461660494,-71.5998461660494
1832.4300513792039,-71.60286449814545,-71.60286449814545
1832.4400513792039,-71.60581888235251,-71.60581888235251
1832.4500513792038,-71.6087095285431,-71.6087095285431
1832.4600513792038,-71.61153673094309,-71.61153673094309
1832.4700513792038,-71.61430085697626,-71.61430085697626
1832.4800513792038,-71.61700233755482,-71.61700233755482
1832.4900513792038,-71.61955284208976,-71.61955284208976
1832.5000513792038,-71.62191801010137,-71.62191801010137
1832.5100513792038,-71.62408370587404,-71.62408370587404
1832.5200513792038,-71.626044483983,-71.626044483983
1832.5300513792038,-71.6277994629018,-71.6277994629018
1832.5400513792038,-71.6293503705302,-71.6293503705302
1832.5500513792038,-71.63070044395307,-71.63070044395307
1832.5600513792037,-71.63185376562994,-71.63185376562994
1832.5700513792037,-71.63281485502513,-71.63281485502513
1832.5800513792037,-71.63358841753151,-71.63358841753151
1832.5900513792037,-71.63417919211102,-71.63417919211102
1832.6000514030457,-71.63459186201973,-71.63459186201973
1832.6100514030456,-71.63483099911247,-71.63483099911247
1832.6200514030456,-71.63490104465785,-71.63490104465785
1832.6300514030456,-71.63480629151154,-71.63480629151154
1832.6400514030456,-71.63455088308025,-71.63455088308025
1832.6500514030456,-71.6341388158213,-71.6341388158213
1832.6600514030456,-71.63357394469948,-71.63357394469948
1832.6700514030456,-71.63285999019467,-71.63285999019467
1832.6800514030456,-71.63200054591708,-71.63200054591708
1832.6900514030456,-71.63099908628715,-71.63099908628715
1832.7000514030456,-71.62985897397493,-71.62985897397493
1832.7100514030456,-71.628583466967,-71.628583466967
1832.7200514030455,-71.62717572515012,-71.62717572515012
1832.7300514030458,-71.62563881637776,-71.62563881637776
1832.7400514030458,-71.6239757220696,-71.6239757220696
1832.7500514030457,-71.62218934230674,-71.62218934230674
1832.7600514030457,-71.62028250052526,-71.62028250052526
1832.7700514030457,-71.61825794778557,-71.61825794778557
1832.7800514030457,-71.6161183666603,-71.6161183666603
1832.7900514030457,-71.61386637481576,-71.61386637481576
1832.8000514030457,-71.61150452827232,-71.61150452827232
1832.8100514030457,-71.60903532441135,-71.60903532441135
1832.8200514030457,-71.60646120470636,-71.60646120470636
1832.8300514030457,-71.60378455724783,-71.60378455724783
1832.8400514030457,-71.60100771908375,-71.60100771908375
1832.8500514030457,-71.59813297835133,-71.59813297835133
1832.8600514030456,-71.5951625762579,-71.5951625762579
1832.8700514030456,-71.5920987089134,-71.5920987089134
1832.8800514030456,-71.58894352902966,-71.58894352902966
1832.8900514030456,-71.58569914749371,-71.58569914749371
1832.9000514030456,-71.5823676348289,-71.5823676348289
1832.9100514030456,-71.57895102256634,-71.57895102256634
1832.9200514030456,-71.57545130451032,-71.57545130451032
1832.9300514030456,-71.57187043793077,-71.57187043793077
1832.9400514030456,-71.56821034466559,-71.56821034466559
1832.9500514030456,-71.56447291217647,-71.56447291217647
1832.9600514030456,-71.56065999452133,-71.56065999452133
1832.9700514030455,-71.55677341327204,-71.55677341327204
1832.9800514030458,-71.55281495839039,-71.55281495839039
1832.9900514030458,-71.54878638903962,-71.54878638903962
1833.0000514030457,-71.54468943436068,-71.54468943436068
1833.0100514030457,-71.54052579419921,-71.54052579419921
1833.0200514030457,-71.53629713980793,-71.53629713980793
1833.0300514030457,-71.53200511450954,-71.53200511450954
1833.0400514030457,-71.52765133430745,-71.52765133430745
1833.0500514030457,-71.52323738850548,-71.52323738850548
1833.0600514030457,-71.51876484027312,-71.51876484027312
1833.0700514030457,-71.51423522717212,-71.51423522717212
1833.0800514030457,-71.50965006170492,-71.50965006170492
1833.0900514030457,-71.50501083180787,-71.50501083180787
1833.1000514030457,-71.50031900132629,-71.50031900132629
1833.1100514030456,-71.49557601047181,-71.49557601047181
1833.1200514030456,-71.49078327629805,-71.49078327629805
1833.1300514030456,-71.48594219309089,-71.48594219309089
1833.1400514030456,-71.48105413280214,-71.48105413280214
1833.1500514030456,-71.47612044544934,-71.47612044544934
1833.1600514030456,-71.47114245950796,-71.47114245950796
1833.1700514030456,-71.46612148227439,-71.46612148227439
1833.1800514030456,-71.4610588002336,-71.4610588002336
1833.1900514030456,-71.45595567942601,-71.45595567942601
1833.2000514030456,-71.45081336575875,-71.45081336575875
1833.2100514030456,-71.44563308537776,-71.44563308537776
1833.2200514030455,-71.44041604496275,-71.44041604496275
1833.2300514030458,-71.43516343206645,-71.43516343206645
1833.2400514030458,-71.42987641540131,-71.42987641540131
1833.2500514030457,-71.42455614514424,-71.42455614514424
1833.2600514030457,-71.41920375325532,-71.41920375325532
1833.2700514030457,-71.41382035372749,-71.41382035372749
1833.2800514030457,-71.40840704289673,-71.40840704289673
1833.2900514030457,-71.40296489969401,-71.40296489969401
1833.3000514030457,-71.39749498592913,-71.39749498592913
1833.3100514030457,-71.39199834655473,-71.39199834655473
1833.3200514030457,-71.38647600990433,-71.38647600990433
1833.3300514030457,-71.38092898797127,-71.38092898797127
1833.3400514030457,-71.3753582766238,-71.3753582766238
1833.3500514030457,-71.36976485588495,-71.36976485588495
1833.3600514030456,-71.36414969014396,-71.36414969014396
1833.3700514030456,-71.35851372840061,-71.35851372840061
1833.3800514030456,-71.35285790448336,-71.35285790448336
1833.3900514030456,-71.34718313729161,-71.34718313729161
1833.4000514030456,-71.3414903310093,-71.3414903310093
1833.4100514030456,-71.33578037532514,-71.33578037532514
1833.4200514030456,-71.33005414563786,-71.33005414563786
1833.4300514030456,-71.32431250326546,-71.32431250326546
1833.4400514030456,-71.31855629567602,-71.31855629567602
1833.4500514268875,-71.31278634290663,-71.31278634290663
1833.4600514268875,-71.30700349272257,-71.30700349272257
1833.4700514268875,-71.3012085385251,-71.3012085385251
1833.4800514268875,-71.29540227429413,-71.29540227429413
1833.4900514268875,-71.28958548112688,-71.28958548112688
1833.5000514268875,-71.283758927442,-71.283758927442
1833.5100514268875,-71.27792336913896,-71.27792336913896
1833.5200514268874,-71.27207954978624,-71.27207954978624
1833.5300514268874,-71.26622820080955,-71.26622820080955
1833.5400514268874,-71.26037004165516,-71.26037004165516
1833.5500514268874,-71.25450577998136,-71.25450577998136
1833.5600514268874,-71.24863611180805,-71.24863611180805
1833.5700514268874,-71.24276172170113,-71.24276172170113
1833.5800514268876,-71.2368832829268,-71.2368832829268
1833.5900514268876,-71.23100145762479,-71.23100145762479
1833.6000514268876,-71.22511689696533,-71.22511689696533
1833.6100514268876,-71.219230241302,-71.219230241302
1833.6200514268876,-71.21334212034728,-71.21334212034728
1833.6300514268876,-71.20745315330296,-71.20745315330296
1833.6400514268876,-71.20156394902392,-71.20156394902392
1833.6500514268876,-71.1956751061661,-71.1956751061661
1833.6600514268875,-71.18978721333278,-71.18978721333278
1833.6700514268875,-71.1839008492285,-71.1839008492285
1833.6800514268875,-71.17801658278123,-71.17801658278123
1833.6900514268875,-71.17213497330995,-71.17213497330995
1833.7000514268875,-71.16625657065045,-71.16625657065045
1833.7100514268875,-71.16038191527699,-71.16038191527699
1833.7200514268875,-71.15451153846254,-71.15451153846254
1833.7300514268875,-71.14864596240582,-71.14864596240582
1833.7400514268875,-71.14278570035096,-71.14278570035096
1833.7500514268875,-71.13693125672755,-71.13693125672755
1833.7600514268875,-71.13108312727017,-71.13108312727017
1833.7700514268874,-71.12524179915543,-71.12524179915543
1833.7800514268874,-71.11940775112282,-71.11940775112282
1833.7900514268874,-71.1135814535838,-71.1135814535838
1833.8000514268874,-71.10776336875057,-71.10776336875057
1833.8100514268874,-71.10195395075655,-71.10195395075655
1833.8200514268874,-71.0961536457738,-71.0961536457738
1833.8300514268876,-71.09036289212237,-71.09036289212237
1833.8400514268876,-71.08458212039525,-71.08458212039525
1833.8500514268876,-71.07881175354666,-71.07881175354666
1833.8600514268876,-71.07305220703061,-71.07305220703061
1833.8700514268876,-71.06730388889608,-71.06730388889608
1833.8800514268876,-71.06156719988539,-71.06156719988539
1833.8900514268876,-71.0558425335616,-71.0558425335616
1833.9000514268876,-71.05013027638905,-71.05013027638905
1833.9100514268875,-71.04443080785741,-71.04443080785741
1833.9200514268875,-71.03874450056216,-71.03874450056216
1833.9300514268875,-71.03307172032153,-71.03307172032153
1833.9400514268875,-71.02741282626344,-71.02741282626344
1833.9500514268875,-71.02176817092268,-71.02176817092268
1833.9600514268875,-71.01613810034661,-71.01613810034661
1833.9700514268875,-71.01052295418623,-71.01052295418623
1833.9800514268875,-71.00492306576952,-71.00492306576952
1833.9900514268875,-70.99933876223079,-70.99933876223079
1834.0000514268875,-70.99377036454895,-70.99377036454895
1834.0100514268875,-70.98821818770003,-70.98821818770003
1834.0200514268874,-70.98268254068515,-70.98268254068515
1834.0300514268874,-70.97716372665461,-70.97716372665461
1834.0400514268874,-70.97166204297537,-70.97166204297537
1834.0500514268874,-70.96617778131942,-70.96617778131942
1834.0600514268874,-70.9607112277448,-70.9607112277448
1834.0700514268874,-70.9552626627794,-70.9552626627794
1834.0800514268876,-70.9498323615166,-70.9498323615166
1834.0900514268876,-70.94442059365434,-70.94442059365434
1834.1000514268876,-70.93902762360507,-70.93902762360507
1834.1100514268876,-70.9336537105778,-70.9336537105778
1834.1200514268876,-70.92829910862902,-70.92829910862902
1834.1300514268876,-70.92296406674984,-70.92296406674984
1834.1400514268876,-70.91764882893818,-70.91764882893818
1834.1500514268876,-70.91235363427495,-70.91235363427495
1834.1600514268875,-70.90707871699907,-70.90707871699907
1834.1700514268875,-70.90182430655503,-70.90182430655503
1834.1800514268875,-70.89659062769087,-70.89659062769087
1834.1900514268875,-70.89137790051826,-70.89137790051826
1834.2000514268875,-70.88618634056306,-70.88618634056306
1834.2100514268875,-70.88101615885536,-70.88101615885536
1834.2200514268875,-70.87586756198246,-70.87586756198246
1834.2300514268875,-70.87074075215506,-70.87074075215506
1834.2400514268875,-70.86563592727448,-70.86563592727448
1834.2500514268875,-70.86055328098725,-70.86055328098725
1834.2600514268875,-70.85549300276566,-70.85549300276566
1834.2700514268874,-70.85045527793179,-70.85045527793179
1834.2800514268874,-70.84544028777462,-70.84544028777462
1834.2900514268874,-70.84044820954064,-70.84044820954064
1834.3000514507294,-70.83547920472161,-70.83547920472161
1834.3100514507294,-70.83053346647938,-70.83053346647938
1834.3200514507294,-70.82561114849261,-70.82561114849261
1834.3300514507293,-70.82071241258436,-70.82071241258436
1834.3400514507293,-70.81583741684572,-70.81583741684572
1834.3500514507293,-70.81098631569863,-70.81098631569863
1834.3600514507293,-70.80615925995487,-70.80615925995487
1834.3700514507293,-70.80135639685322,-70.80135639685322
1834.3800514507293,-70.79657787013149,-70.79657787013149
1834.3900514507293,-70.79182382007524,-70.79182382007524
1834.4000514507293,-70.78709438355702,-70.78709438355702
1834.4100514507293,-70.78238969408159,-70.78238969408159
1834.4200514507293,-70.77770988185925,-70.77770988185925
1834.4300514507295,-70.77305507383478,-70.77305507383478
1834.4400514507295,-70.76842539373983,-70.76842539373983
1834.4500514507295,-70.7638209621454,-70.7638209621454
1834.4600514507295,-70.75924189649591,-70.75924189649591
1834.4700514507294,-70.75468831117492,-70.75468831117492
1834.4800514507294,-70.75016031752705,-70.75016031752705
1834.4900514507294,-70.74565802392351,-70.74565802392351
1834.5000514507294,-70.74118153579347,-70.74118153579347
1834.5100514507294,-70.73673095566001,-70.73673095566001
1834.5200514507294,-70.73230638320955,-70.73230638320955
1834.5300514507294,-70.72790791530716,-70.72790791530716
1834.5400514507294,-70.72353564605663,-70.72353564605663
1834.5500514507294,-70.7191896668207,-70.7191896668207
1834.5600514507294,-70.7148700662925,-70.7148700662925
1834.5700514507294,-70.71057693049596,-70.71057693049596
1834.5800514507293,-70.7063103428576,-70.7063103428576
1834.5900514507293,-70.70207038422431,-70.70207038422431
1834.6000514507293,-70.69785713292578,-70.69785713292578
1834.6100514507293,-70.69367066478203,-70.69367066478203
1834.6200514507293,-70.68951105316712,-70.68951105316712
1834.6300514507293,-70.68537836902357,-70.68537836902357
1834.6400514507293,-70.68127268090994,-70.68127268090994
1834.6500514507293,-70.67719405503838,-70.67719405503838
1834.6600514507293,-70.67314255529995,-70.67314255529995
1834.6700514507293,-70.66911824331332,-70.66911824331332
1834.6800514507295,-70.6651211784479,-70.6651211784479
1834.6900514507295,-70.66115141785708,-70.66115141785708
1834.7000514507295,-70.65720901651804,-70.65720901651804
1834.7100514507295,-70.65329402725507,-70.65329402725507
1834.7200514507294,-70.64940650078763,-70.64940650078763
1834.7300514507294,-70.6455464857396,-70.6455464857396
1834.7400514507294,-70.64171402868402,-70.64171402868402
1834.7500514507294,-70.63790917418413,-70.63790917418413
1834.7600514507294,-70.63413196479519,-70.63413196479519
1834.7700514507294,-70.63038244113402,-70.63038244113402
1834.7800514507294,-70.62666064186234,-70.62666064186234
1834.7900514507294,-70.62296660374912,-70.62296660374912
1834.8000514507294,-70.61930036169228,-70.61930036169228
1834.8100514507294,-70.61566194874115,-70.61566194874115
1834.8200514507294,-70.6120513961291,-70.6120513961291
1834.8300514507293,-70.60846873329983,-70.60846873329983
1834.8400514507293,-70.60491398793074,-70.60491398793074
1834.8500514507293,-70.6013871859707,-70.6013871859707
1834.8600514507293,-70.59788835165749,-70.59788835165749
1834.8700514507293,-70.59441750752832,-70.59441750752832
1834.8800514507293,-70.59097467448858,-70.59097467448858
1834.8900514507293,-70.587559871794,-70.587559871794
1834.9000514507293,-70.58417311710306,-70.58417311710306
1834.9100514507293,-70.58081442647764,-70.58081442647764
1834.9200514507293,-70.5774838144441,-70.5774838144441
1834.9300514507295,-70.57418129396629,-70.57418129396629
1834.9400514507295,-70.57090687652223,-70.57090687652223
1834.9500514507295,-70.5676605720838,-70.5676605720838
1834.9600514507295,-70.56444238916204,-70.56444238916204
1834.9700514507294,-70.5612523348394,-70.5612523348394
1834.9800514507294,-70.55809041476341,-70.55809041476341
1834.9900514507294,-70.55495663318983,-70.55495663318983
1835.0000514507294,-70.55185099299322,-70.55185099299322
1835.0100514507294,-70.54877349570677,-70.54877349570677
1835.0200514507294,-70.54572414151195,-70.54572414151195
1835.0300514507294,-70.54270292929124,-70.54270292929124
1835.0400514507294,-70.53970985663422,-70.53970985663422
1835.0500514507294,-70.53674491985481,-70.53674491985481
1835.0600514507294,-70.53380811401748,-70.53380811401748
1835.0700514507294,-70.53089943295116,-70.53089943295116
1835.0800514507293,-70.52801886927458,-70.52801886927458
1835.0900514507293,-70.52516641441663,-70.52516641441663
1835.1000514507293,-70.52234205862634,-70.52234205862634
1835.1100514507293,-70.51954579100214,-70.51954579100214
1835.1200514507293,-70.51677759950667,-70.51677759950667
1835.1300514507293,-70.51403747097045,-70.51403747097045
1835.1400514507293,-70.51132539113352,-70.51132539113352
1835.1500514745712,-70.50864133827118,-70.50864133827118
1835.1600514745712,-70.50598530882671,-70.50598530882671
1835.1700514745712,-70.50335727885775,-70.50335727885775
1835.1800514745712,-70.50075722987258,-70.50075722987258
1835.1900514745712,-70.49818514237312,-70.49818514237312
1835.2000514745712,-70.49564099585186,-70.49564099585186
1835.2100514745712,-70.49311863513277,-70.49311863513277
1835.2200514745712,-70.49061536095249,-70.49061536095249
1835.2300514745712,-70.48812985344485,-70.48812985344485
1835.2400514745711,-70.48566142988449,-70.48566142988449
1835.2500514745711,-70.48320976176565,-70.48320976176565
1835.2600514745711,-70.48077472796845,-70.48077472796845
1835.2700514745711,-70.4783563287525,-70.4783563287525
1835.2800514745713,-70.47595463404276,-70.47595463404276
1835.2900514745713,-70.4735697523967,-70.4735697523967
1835.3000514745713,-70.47120181234091,-70.47120181234091
1835.3100514745713,-70.46885095127948,-70.46885095127948
1835.3200514745713,-70.4665173090112,-70.4665173090112
1835.3300514745713,-70.4642010240044,-70.4642010240044
1835.3400514745713,-70.46190223139216,-70.46190223139216
1835.3500514745713,-70.45962106196544,-70.45962106196544
1835.3600514745713,-70.45735764180783,-70.45735764180783
1835.3700514745713,-70.45511209225839,-70.45511209225839
1835.3800514745712,-70.45288453007656,-70.45288453007656
1835.3900514745712,-70.45067506771134,-70.45067506771134
1835.4000514745712,-70.44848381362205,-70.44848381362205
1835.4100514745712,-70.44631087256076,-70.44631087256076
1835.4200514745712,-70.44415634589694,-70.44415634589694
1835.4300514745712,-70.44202033187644,-70.44202033187644
1835.4400514745712,-70.43990292588693,-70.43990292588693
1835.4500514745712,-70.43780422064586,-70.43780422064586
1835.4600514745712,-70.4357243064314,-70.4357243064314
1835.4700514745712,-70.43366327121223,-70.43366327121223
1835.4800514745712,-70.43162120081234,-70.43162120081234
1835.4900514745711,-70.42959817902022,-70.42959817902022
1835.5000514745711,-70.42759428770381,-70.42759428770381
1835.5100514745711,-70.42560960687625,-70.42560960687625
1835.5200514745711,-70.42364421479662,-70.42364421479662
1835.5300514745713,-70.42169818800856,-70.42169818800856
1835.5400514745713,-70.41977160142052,-70.41977160142052
1835.5500514745713,-70.41786452832108,-70.41786452832108
1835.5600514745713,-70.41597704041641,-70.41597704041641
1835.5700514745713,-70.41410920789127,-70.41410920789127
1835.5800514745713,-70.41226109939959,-70.41226109939959
1835.5900514745713,-70.41043278210213,-70.41043278210213
1835.6000514745713,-70.40862432168784,-70.40862432168784
1835.6100514745713,-70.40683578237905,-70.40683578237905
1835.6200514745713,-70.4050672269556,-70.4050672269556
1835.6300514745712,-70.40331871674329,-70.40331871674329
1835.6400514745712,-70.4015903116575,-70.4015903116575
1835.6500514745712,-70.3998820701689,-70.3998820701689
1835.6600514745712,-70.39819404933986,-70.39819404933986
1835.6700514745712,-70.3965263048354,-70.3965263048354
1835.6800514745712,-70.3948788908956,-70.3948788908956
1835.6900514745712,-70.39325186037132,-70.39325186037132
1835.7000514745712,-70.39164526471595,-70.39164526471595
1835.7100514745712,-70.39005915398126,-70.39005915398126
1835.7200514745712,-70.38849357685265,-70.38849357685265
1835.7300514745712,-70.38694858061736,-70.38694858061736
1835.7400514745711,-70.38542421118953,-70.38542421118953
1835.7500514745711,-70.38392051310703,-70.38392051310703
1835.7600514745711,-70.38243752954413,-70.38243752954413
1835.7700514745711,-70.38097530230353,-70.38097530230353
1835.7800514745713,-70.3795338718396,-70.3795338718396
1835.7900514745713,-70.37811327724751,-70.37811327724751
1835.8000514745713,-70.3767135562802,-70.3767135562802
1835.8100514745713,-70.37533474534463,-70.37533474534463
1835.8200514745713,-70.3739768795263,-70.3739768795263
1835.8300514745713,-70.37263999256614,-70.37263999256614
1835.8400514745713,-70.37132411690129,-70.37132411690129
1835.8500514745713,-70.3700292836398,-70.3700292836398
1835.8600514745713,-70.36875552260399,-70.36875552260399
1835.8700514745713,-70.36750286229571,-70.36750286229571
1835.8800514745712,-70.36627132995505,-70.36627132995505
1835.8900514745712,-70.36506095152448,-70.36506095152448
1835.9000514745712,-70.36387175167268,-70.36387175167268
1835.9100514745712,-70.36270375381882,-70.36270375381882
1835.9200514745712,-70.36155698012166,-70.36155698012166
1835.9300514745712,-70.36043145150198,-70.36043145150198
1835.9400514745712,-70.35932718763992,-70.35932718763992
1835.9500514745712,-70.35824420700007,-70.35824420700007
1835.9600514745712,-70.3571825268323,-70.3571825268323
1835.9700514745712,-70.35614216318429,-70.35614216318429
1835.9800514745712,-70.35512313091269,-70.35512313091269
1835.9900514745711,-70.35412544368415,-70.35412544368415
1836.000051498413,-70.35314911169385,-70.35314911169385
1836.010051498413,-70.35219415099431,-70.35219415099431
1836.020051498413,-70.35126056938003,-70.35126056938003
1836.030051498413,-70.35034837592951,-70.35034837592951
1836.040051498413,-70.3494575785664,-70.3494575785664
1836.050051498413,-70.34858818413555,-70.34858818413555
1836.060051498413,-70.34774019836765,-70.34774019836765
1836.070051498413,-70.34691362588067,-70.34691362588067
1836.080051498413,-70.34610847024905,-70.34610847024905
1836.090051498413,-70.34532473396816,-70.34532473396816
1836.100051498413,-70.34456241847947,-70.34456241847947
1836.110051498413,-70.34382152418779,-70.34382152418779
1836.120051498413,-70.34310205046239,-70.34310205046239
1836.1300514984132,-70.34240399566535,-70.34240399566535
1836.1400514984132,-70.34172735715457,-70.34172735715457
1836.1500514984132,-70.34107213128217,-70.34107213128217
1836.1600514984132,-70.34043831344059,-70.34043831344059
1836.1700514984132,-70.33982589804556,-70.33982589804556
1836.1800514984131,-70.33923487855078,-70.33923487855078
1836.1900514984131,-70.33866524749101,-70.33866524749101
1836.2000514984131,-70.33811699644477,-70.33811699644477
1836.2100514984131,-70.33759011608568,-70.33759011608568
1836.220051498413,-70.33708459617378,-70.33708459617378
1836.230051498413,-70.33660042558877,-70.33660042558877
1836.240051498413,-70.33613759232202,-70.33613759232202
1836.250051498413,-70.33569608349227,-70.33569608349227
1836.260051498413,-70.3352758853653,-70.3352758853653
1836.270051498413,-70.3348769833687,-70.3348769833687
1836.280051498413,-70.33449936207762,-70.33449936207762
1836.290051498413,-70.33414300526886,-70.33414300526886
1836.300051498413,-70.33380789589185,-70.33380789589185
1836.310051498413,-70.33349401611746,-70.33349401611746
1836.320051498413,-70.33320134731046,-70.33320134731046
1836.330051498413,-70.33292987007452,-70.33292987007452
1836.340051498413,-70.33267956425306,-70.33267956425306
1836.350051498413,-70.33245040892886,-70.33245040892886
1836.360051498413,-70.33224238245474,-70.33224238245474
1836.370051498413,-70.33205546245318,-70.33205546245318
1836.3800514984132,-70.33188962582851,-70.33188962582851
1836.3900514984132,-70.33174484878022,-70.33174484878022
1836.4000514984132,-70.33162110681542,-70.33162110681542
1836.4100514984132,-70.33151837475701,-70.33151837475701
1836.4200514984132,-70.33143662675272,-70.33143662675272
1836.4300514984131,-70.33137583629338,-70.33137583629338
1836.4400514984131,-70.33133597622422,-70.33133597622422
1836.4500514984131,-70.33131701874474,-70.33131701874474
1836.4600514984131,-70.33131893541572,-70.33131893541572
1836.470051498413,-70.33134169719882,-70.33134169719882
1836.480051498413,-70.33138527443798,-70.33138527443798
1836.490051498413,-70.33144963687417,-70.33144963687417
1836.500051498413,-70.33153475366186,-70.33153475366186
1836.510051498413,-70.3316405933826,-70.3316405933826
1836.520051498413,-70.33176712405866,-70.33176712405866
1836.530051498413,-70.33191431313632,-70.33191431313632
1836.540051498413,-70.33208212752858,-70.33208212752858
1836.550051498413,-70.33227053359742,-70.33227053359742
1836.560051498413,-70.33247949718739,-70.33247949718739
1836.570051498413,-70.33270898361899,-70.33270898361899
1836.580051498413,-70.33295895770041,-70.33295895770041
1836.590051498413,-70.33322938373911,-70.33322938373911
1836.600051498413,-70.33352022555789,-70.33352022555789
1836.610051498413,-70.33383144649538,-70.33383144649538
1836.620051498413,-70.33416300941792,-70.33416300941792
1836.6300514984132,-70.33451487671671,-70.33451487671671
1836.6400514984132,-70.33488701033907,-70.33488701033907
1836.6500514984132,-70.33527937177504,-70.33527937177504
1836.6600514984132,-70.33569192209123,-70.33569192209123
1836.6700514984132,-70.33612462190663,-70.33612462190663
1836.6800514984131,-70.33657743142786,-70.33657743142786
1836.6900514984131,-70.3370503104541,-70.3370503104541
1836.7000514984131,-70.3375432183664,-70.3375432183664
1836.7100514984131,-70.33805611415762,-70.33805611415762
1836.720051498413,-70.33858895642653,-70.33858895642653
1836.730051498413,-70.33914170339666,-70.33914170339666
1836.740051498413,-70.33971431291576,-70.33971431291576
1836.750051498413,-70.34030674244957,-70.34030674244957
1836.760051498413,-70.34091894913404,-70.34091894913404
1836.770051498413,-70.34155088973208,-70.34155088973208
1836.780051498413,-70.34220252067323,-70.34220252067323
1836.790051498413,-70.34287379805404,-70.34287379805404
1836.800051498413,-70.34356467763304,-70.34356467763304
1836.810051498413,-70.34427511484964,-70.34427511484964
1836.820051498413,-70.34500506482573,-70.34500506482573
1836.830051498413,-70.34575448237976,-70.34575448237976
1836.840051498413,-70.34652332203406,-70.34652332203406
1836.850051522255,-70.34731153988612,-70.34731153988612
1836.860051522255,-70.34811908617442,-70.34811908617442
1836.870051522255,-70.34894591635388,-70.34894591635388
1836.880051522255,-70.34979198380583,-70.34979198380583
1836.890051522255,-70.35065724164518,-70.35065724164518
1836.900051522255,-70.35154164272245,-70.35154164272245
1836.910051522255,-70.35244513962188,-70.35244513962188
1836.9200515222549,-70.35336768469027,-70.35336768469027
1836.9300515222549,-70.35430923002228,-70.35430923002228
1836.9400515222549,-70.35526972747824,-70.35526972747824
1836.9500515222549,-70.35624912868428,-70.35624912868428
1836.9600515222548,-70.3572473850465,-70.3572473850465
1836.9700515222548,-70.35826444774128,-70.35826444774128
1836.980051522255,-70.35930026773363,-70.35930026773363
1836.990051522255,-70.36035479577824,-70.36035479577824
1837.000051522255,-70.36142798243434,-70.36142798243434
1837.010051522255,-70.36251977804794,-70.36251977804794
1837.020051522255,-70.36363013278651,-70.36363013278651
1837.030051522255,-70.36475899661782,-70.36475899661782
1837.040051522255,-70.36590631932916,-70.36590631932916
1837.050051522255,-70.36707205053779,-70.36707205053779
1837.060051522255,-70.36825613968242,-70.36825613968242
1837.070051522255,-70.36945853603703,-70.36945853603703
1837.080051522255,-70.37067918870044,-70.37067918870044
1837.090051522255,-70.3719180466423,-70.3719180466423
1837.100051522255,-70.37317505863763,-70.37317505863763
1837.110051522255,-70.37445017334218,-70.37445017334218
1837.120051522255,-70.3757433392637,-70.3757433392637
1837.130051522255,-70.37705450476817,-70.37705450476817
1837.140051522255,-70.37838361808353,-70.37838361808353
1837.150051522255,-70.379730627305,-70.379730627305
1837.160051522255,-70.38109548040356,-70.38109548040356
1837.1700515222549,-70.38247812523421,-70.38247812523421
1837.1800515222549,-70.38387850953127,-70.38387850953127
1837.1900515222549,-70.38529658090906,-70.38529658090906
1837.2000515222549,-70.38673228687676,-70.38673228687676
1837.2100515222548,-70.3881794427213,-70.3881794427213
1837.2200515222548,-70.3896353136151,-70.3896353136151
1837.230051522255,-70.39109854308492,-70.39109854308492
1837.240051522255,-70.39256841227551,-70.39256841227551
1837.250051522255,-70.39404455737488,-70.39404455737488
1837.260051522255,-70.39552682298486,-70.39552682298486
1837.270051522255,-70.39701517613292,-70.39701517613292
1837.280051522255,-70.39850965466833,-70.39850965466833
1837.290051522255,-70.40001033617308,-70.40001033617308
1837.300051522255,-70.40151731934691,-70.40151731934691
1837.310051522255,-70.40303071290806,-70.40303071290806
1837.320051522255,-70.40455062905394,-70.40455062905394
1837.330051522255,-70.406077179738,-70.406077179738
1837.340051522255,-70.40761047462681,-70.40761047462681
1837.350051522255,-70.40915062007403,-70.40915062007403
1837.360051522255,-70.41069771871761,-70.41069771871761
1837.370051522255,-70.41225186943372,-70.41225186943372
1837.380051522255,-70.41381316745598,-70.41381316745598
1837.390051522255,-70.41538170464868,-70.41538170464868
1837.400051522255,-70.4169575697462,-70.4169575697462
1837.410051522255,-70.41854084868564,-70.41854084868564
1837.4200515222549,-70.42013162485769,-70.42013162485769
1837.4300515222549,-70.42172997936764,-70.42172997936764
1837.4400515222549,-70.42333599126223,-70.42333599126223
1837.4500515222549,-70.42494973774029,-70.42494973774029
1837.4600515222548,-70.42657129430525,-70.42657129430525
1837.4700515222548,-70.42820073492734,-70.42820073492734
1837.480051522255,-70.42983813217344,-70.42983813217344
1837.490051522255,-70.43148355729178,-70.43148355729178
1837.500051522255,-70.43313708033068,-70.43313708033068
1837.510051522255,-70.43479877018167,-70.43479877018167
1837.520051522255,-70.43646869465327,-70.43646869465327
1837.530051522255,-70.43814692052578,-70.43814692052578
1837.540051522255,-70.43983351357181,-70.43983351357181
1837.550051522255,-70.44152853860625,-70.44152853860625
1837.560051522255,-70.44323205950585,-70.44323205950585
1837.570051522255,-70.44494413920904,-70.44494413920904
1837.580051522255,-70.44666483976236,-70.44666483976236
1837.590051522255,-70.44839422230646,-70.44839422230646
1837.600051522255,-70.45013234708138,-70.45013234708138
1837.610051522255,-70.45187927345248,-70.45187927345248
1837.620051522255,-70.45363505989909,-70.45363505989909
1837.630051522255,-70.4553997640023,-70.4553997640023
1837.640051522255,-70.4571734424678,-70.4571734424678
1837.650051522255,-70.45895615110925,-70.45895615110925
1837.660051522255,-70.46074794484603,-70.46074794484603
1837.6700515222549,-70.46254887770219,-70.46254887770219
1837.6800515222549,-70.46435900280862,-70.46435900280862
1837.6900515222549,-70.46617837238986,-70.46617837238986
1837.7000515460968,-70.46800704212468,-70.46800704212468
1837.7100515460968,-70.46983891382126,-70.46983891382126
1837.7200515460968,-70.47167135511052,-70.47167135511052
1837.7300515460968,-70.47350310847112,-70.47350310847112
1837.7400515460968,-70.47533355396537,-70.47533355396537
1837.7500515460968,-70.47716242639069,-70.47716242639069
1837.7600515460967,-70.4789896684327,-70.4789896684327
1837.7700515460967,-70.48081534459916,-70.48081534459916
1837.7800515460967,-70.48263958950638,-70.48263958950638
1837.7900515460967,-70.48446257679855,-70.48446257679855
1837.8000515460967,-70.48628450046147,-70.48628450046147
1837.8100515460967,-70.48810556371579,-70.48810556371579
1837.8200515460967,-70.4899259724754,-70.4899259724754
1837.830051546097,-70.49174593159876,-70.49174593159876
1837.840051546097,-70.49356564283467,-70.49356564283467
1837.850051546097,-70.49538530379182,-70.49538530379182
1837.8600515460969,-70.49720510753801,-70.49720510753801
1837.8700515460969,-70.4990252425093,-70.4990252425093
1837.8800515460969,-70.50084589269778,-70.50084589269778
1837.8900515460969,-70.50266723783632,-70.50266723783632
1837.9000515460968,-70.50448945369828,-70.50448945369828
1837.9100515460968,-70.50631271238755,-70.50631271238755
1837.9200515460968,-70.50813718261857,-70.50813718261857
1837.9300515460968,-70.50996302994184,-70.50996302994184
1837.9400515460968,-70.5117904169997,-70.5117904169997
1837.9500515460968,-70.51361950371623,-70.51361950371623
1837.9600515460968,-70.51545044746437,-70.51545044746437
1837.9700515460968,-70.51728340320705,-70.51728340320705
1837.9800515460968,-70.5191185236528,-70.5191185236528
1837.9900515460968,-70.52095595933166,-70.52095595933166
1838.0000515460968,-70.52279585871163,-70.52279585871163
1838.0100515460967,-70.52463836824008,-70.52463836824008
1838.0200515460967,-70.52648363243372,-70.52648363243372
1838.0300515460967,-70.52833179393294,-70.52833179393294
1838.0400515460967,-70.5301829935046,-70.5301829935046
1838.0500515460967,-70.53203737012265,-70.53203737012265
1838.0600515460967,-70.53389506097015,-70.53389506097015
1838.0700515460967,-70.53575620147723,-70.53575620147723
1838.080051546097,-70.5376209253189,-70.5376209253189
1838.090051546097,-70.53948936444223,-70.53948936444223
1838.100051546097,-70.5413616490901,-70.5413616490901
1838.1100515460969,-70.54323790777002,-70.54323790777002
1838.1200515460969,-70.54511826731684,-70.54511826731684
1838.1300515460969,-70.54700285285101,-70.54700285285101
1838.1400515460969,-70.54889178780829,-70.54889178780829
1838.1500515460968,-70.55078519393308,-70.55078519393308
1838.1600515460968,-70.55268319128159,-70.55268319128159
1838.1700515460968,-70.55458589822453,-70.55458589822453
1838.1800515460968,-70.55649343146679,-70.55649343146679
1838.1900515460968,-70.55840590601726,-70.55840590601726
1838.2000515460968,-70.56032343521656,-70.56032343521656
1838.2100515460968,-70.56224613072823,-70.56224613072823
1838.2200515460968,-70.56417410254569,-70.56417410254569
1838.2300515460968,-70.56610745899042,-70.56610745899042
1838.2400515460968,-70.56804630672455,-70.56804630672455
1838.2500515460968,-70.56999075074012,-70.56999075074012
1838.2600515460967,-70.57194089437216,-70.57194089437216
1838.2700515460967,-70.57389683929792,-70.57389683929792
1838.2800515460967,-70.57585868554766,-70.57585868554766
1838.2900515460967,-70.57782653152186,-70.57782653152186
1838.3000515460967,-70.57980047395293,-70.57980047395293
1838.3100515460967,-70.58178060796118,-70.58178060796118
1838.3200515460967,-70.58376702702174,-70.58376702702174
1838.330051546097,-70.58575982301348,-70.58575982301348
1838.340051546097,-70.58775908619302,-70.58775908619302
1838.350051546097,-70.58976490519909,-70.58976490519909
1838.3600515460969,-70.5917773670904,-70.5917773670904
1838.3700515460969,-70.59379655734024,-70.59379655734024
1838.3800515460969,-70.59582255982335,-70.59582255982335
1838.3900515460969,-70.59785545686599,-70.59785545686599
1838.4000515460968,-70.59989532921807,-70.59989532921807
1838.4100515460968,-70.60194225609207,-70.60194225609207
1838.4200515460968,-70.60399631515932,-70.60399631515932
1838.4300515460968,-70.60605758255902,-70.60605758255902
1838.4400515460968,-70.60812613291667,-70.60812613291667
1838.4500515460968,-70.61020203934717,-70.61020203934717
1838.4600515460968,-70.61228537347468,-70.61228537347468
1838.4700515460968,-70.61437620544675,-70.61437620544675
1838.4800515460968,-70.61647460392604,-70.61647460392604
1838.4900515460968,-70.61858063613543,-70.61858063613543
1838.5000515460968,-70.62069436783558,-70.62069436783558
1838.5100515460967,-70.62281586336866,-70.62281586336866
1838.5200515460967,-70.62494518565173,-70.62494518565173
1838.5300515460967,-70.62708239618946,-70.62708239618946
1838.5400515460967,-70.62922755510701,-70.62922755510701
1838.5500515699387,-70.63138072626451,-70.63138072626451
1838.5600515699387,-70.63354195681136,-70.63354195681136
1838.5700515699386,-70.63571130785327,-70.63571130785327
1838.5800515699386,-70.63788883407659,-70.63788883407659
1838.5900515699386,-70.64007458883721,-70.64007458883721
1838.6000515699386,-70.64226862417715,-70.64226862417715
1838.6100515699386,-70.64447099085037,-70.64447099085037
1838.6200515699386,-70.64668173831367,-70.64668173831367
1838.6300515699386,-70.64890091476776,-70.64890091476776
1838.6400515699386,-70.65112856714875,-70.65112856714875
1838.6500515699386,-70.65336474115828,-70.65336474115828
1838.6600515699386,-70.65560948127087,-70.65560948127087
1838.6700515699386,-70.65786283074257,-70.65786283074257
1838.6800515699388,-70.66012483164064,-70.66012483164064
1838.6900515699388,-70.66239552485146,-70.66239552485146
1838.7000515699388,-70.664674950074,-70.664674950074
1838.7100515699387,-70.66696314587129,-70.66696314587129
1838.7200515699387,-70.66926014964818,-70.66926014964818
1838.7300515699387,-70.67156599769274,-70.67156599769274
1838.7400515699387,-70.67388072518486,-70.67388072518486
1838.7500515699387,-70.67620436619352,-70.67620436619352
1838.7600515699387,-70.67853695369779,-70.67853695369779
1838.7700515699387,-70.68087851963128,-70.68087851963128
1838.7800515699387,-70.68322909484215,-70.68322909484215
1838.7900515699387,-70.68558870914907,-70.68558870914907
1838.8000515699387,-70.68795739134572,-70.68795739134572
1838.8100515699387,-70.69033516919383,-70.69033516919383
1838.8200515699386,-70.69272206945698,-70.69272206945698
1838.8300515699386,-70.69511811792911,-70.69511811792911
1838.8400515699386,-70.69752333940717,-70.69752333940717
1838.8500515699386,-70.69993775772942,-70.69993775772942
1838.8600515699386,-70.70236139578665,-70.70236139578665
1838.8700515699386,-70.70479427553954,-70.70479427553954
1838.8800515699386,-70.70723641801521,-70.70723641801521
1838.8900515699386,-70.70968784334423,-70.70968784334423
1838.9000515699386,-70.71214857074666,-70.71214857074666
1838.9100515699386,-70.71461861856838,-70.71461861856838
1838.9200515699386,-70.7170980042787,-70.7170980042787
1838.9300515699388,-70.71958674448831,-70.71958674448831
1838.9400515699388,-70.72208485495854,-70.72208485495854
1838.9500515699388,-70.7245923506228,-70.7245923506228
1838.9600515699387,-70.7271030818615,-70.7271030818615
1838.9700515699387,-70.72961436421019,-70.72961436421019
1838.9800515699387,-70.73212489764897,-70.73212489764897
1838.9900515699387,-70.73463402240199,-70.73463402240199
1839.0000515699387,-70.737141435032,-70.737141435032
1839.0100515699387,-70.73964704104618,-70.73964704104618
1839.0200515699387,-70.7421508684701,-70.7421508684701
1839.0300515699387,-70.74465301597635,-70.74465301597635
1839.0400515699387,-70.7471536216511,-70.7471536216511
1839.0500515699387,-70.74965284428177,-70.74965284428177
1839.0600515699387,-70.75215085218557,-70.75215085218557
1839.0700515699386,-70.75464781666678,-70.75464781666678
1839.0800515699386,-70.75714390825372,-70.75714390825372
1839.0900515699386,-70.75963929465627,-70.75963929465627
1839.1000515699386,-70.76213413974317,-70.76213413974317
1839.1100515699386,-70.76462860312333,-70.76462860312333
1839.1200515699386,-70.76712284009743,-70.76712284009743
1839.1300515699386,-70.76961700181037,-70.76961700181037
1839.1400515699386,-70.77211123548167,-70.77211123548167
1839.1500515699386,-70.77460568469208,-70.77460568469208
1839.1600515699386,-70.7771004897001,-70.7771004897001
1839.1700515699386,-70.77959578769556,-70.77959578769556
1839.1800515699388,-70.78209171305656,-70.78209171305656
1839.1900515699388,-70.78458839761508,-70.78458839761508
1839.2000515699388,-70.78708597082156,-70.78708597082156
1839.2100515699387,-70.78957839089404,-70.78957839089404
1839.2200515699387,-70.79206308303519,-70.79206308303519
1839.2300515699387,-70.79453885706188,-70.79453885706188
1839.2400515699387,-70.7970051626439,-70.7970051626439
1839.2500515699387,-70.79946180522082,-70.79946180522082
1839.2600515699387,-70.8019087985442,-70.8019087985442
1839.2700515699387,-70.80434627822167,-70.80434627822167
1839.2800515699387,-70.80677444983232,-70.80677444983232
1839.2900515699387,-70.80919355772545,-70.80919355772545
1839.3000515699387,-70.81160386626627,-70.81160386626627
1839.3100515699387,-70.8140056487037,-70.8140056487037
1839.3200515699386,-70.81639918062625,-70.81639918062625
1839.3300515699386,-70.8187847361965,-70.8187847361965
1839.3400515699386,-70.821162586108,-70.821162586108
1839.3500515699386,-70.82353299655774,-70.82353299655774
1839.3600515699386,-70.82589622882335,-70.82589622882335
1839.3700515699386,-70.82825253922415,-70.82825253922415
1839.3800515699386,-70.83060217924309,-70.83060217924309
1839.3900515699386,-70.83294539577378,-70.83294539577378
1839.4000515937805,-70.83528243693502,-70.83528243693502
1839.4100515937805,-70.83761353010821,-70.83761353010821
1839.4200515937805,-70.83993891564447,-70.83993891564447
1839.4300515937805,-70.84225882478394,-70.84225882478394
1839.4400515937805,-70.8445734854768,-70.8445734854768
1839.4500515937805,-70.84688312256831,-70.84688312256831
1839.4600515937805,-70.84918178437425,-70.84918178437425
1839.4700515937805,-70.85146698843413,-70.85146698843413
1839.4800515937804,-70.85373763729521,-70.85373763729521
1839.4900515937804,-70.85599327315016,-70.85599327315016
1839.5000515937804,-70.85823379348973,-70.85823379348973
1839.5100515937804,-70.86045930350366,-70.86045930350366
1839.5200515937804,-70.86267002956824,-70.86267002956824
1839.5300515937806,-70.86486626725578,-70.86486626725578
1839.5400515937806,-70.86704835013103,-70.86704835013103
1839.5500515937806,-70.86921663097618,-70.86921663097618
1839.5600515937806,-70.8713714706273,-70.8713714706273
1839.5700515937806,-70.87351323143082,-70.87351323143082
1839.5800515937806,-70.87564227345104,-70.87564227345104
1839.5900515937806,-70.8777589524391,-70.8777589524391
1839.6000515937806,-70.8798636187921,-70.8798636187921
1839.6100515937806,-70.88195661712479,-70.88195661712479
1839.6200515937805,-70.8840382862252,-70.8840382862252
1839.6300515937805,-70.88610895917206,-70.88610895917206
1839.6400515937805,-70.88816896359529,-70.88816896359529
1839.6500515937805,-70.89021862191589,-70.89021862191589
1839.6600515937805,-70.89225825165597,-70.89225825165597
1839.6700515937805,-70.894288165704,-70.894288165704
1839.6800515937805,-70.89630867254898,-70.89630867254898
1839.6900515937805,-70.89832007651904,-70.89832007651904
1839.7000515937805,-70.90032267796995,-70.90032267796995
1839.7100515937805,-70.90231677344974,-70.90231677344974
1839.7200515937805,-70.90430265585127,-70.90430265585127
1839.7300515937804,-70.90628061453219,-70.90628061453219
1839.7400515937804,-70.90825093541146,-70.90825093541146
1839.7500515937804,-70.9102139010606,-70.9102139010606
1839.7600515937804,-70.91216979077946,-70.91216979077946
1839.7700515937804,-70.91411888064061,-70.91411888064061
1839.7800515937806,-70.91606144356223,-70.91606144356223
1839.7900515937806,-70.91799774932588,-70.91799774932588
1839.8000515937806,-70.91992806462339,-70.91992806462339
1839.8100515937806,-70.92185265307829,-70.92185265307829
1839.8200515937806,-70.92377177525542,-70.92377177525542
1839.8300515937806,-70.92568568872215,-70.92568568872215
1839.8400515937806,-70.92759464801465,-70.92759464801465
1839.8500515937806,-70.92949890467612,-70.92949890467612
1839.8600515937806,-70.93139870726213,-70.93139870726213
1839.8700515937805,-70.93329430135692,-70.93329430135692
1839.8800515937805,-70.9351859295605,-70.9351859295605
1839.8900515937805,-70.93707383152524,-70.93707383152524
1839.9000515937805,-70.93895824393765,-70.93895824393765
1839.9100515937805,-70.94083940053916,-70.94083940053916
1839.9200515937805,-70.94271753213867,-70.94271753213867
1839.9300515937805,-70.94459286659732,-70.94459286659732
1839.9400515937805,-70.94646562885771,-70.94646562885771
1839.9500515937805,-70.94833604094642,-70.94833604094642
1839.9600515937805,-70.95020432197448,-70.95020432197448
1839.9700515937805,-70.95207068814105,-70.95207068814105
1839.9800515937804,-70.95393535277188,-70.95393535277188
1839.9900515937804,-70.95579852629696,-70.95579852629696
1840.0000515937804,-70.95766041628721,-70.95766041628721
1840.0100515937804,-70.95952122743853,-70.95952122743853
1840.0200515937804,-70.96138116160574,-70.96138116160574
1840.0300515937806,-70.96324041781027,-70.96324041781027
1840.0400515937806,-70.96509919223446,-70.96509919223446
1840.0500515937806,-70.96695767827231,-70.96695767827231
1840.0600515937806,-70.9688160665205,-70.9688160665205
1840.0700515937806,-70.97067454478079,-70.97067454478079
1840.0800515937806,-70.9725332981037,-70.9725332981037
1840.0900515937806,-70.97439250879015,-70.97439250879015
1840.1000515937806,-70.97625235641824,-70.97625235641824
1840.1100515937806,-70.97811301784513,-70.97811301784513
1840.1200515937805,-70.97997466723952,-70.97997466723952
1840.1300515937805,-70.98183747609129,-70.98183747609129
1840.1400515937805,-70.98370161323423,-70.98370161323423
1840.1500515937805,-70.98556724487183,-70.98556724487183
1840.1600515937805,-70.98743453457656,-70.98743453457656
1840.1700515937805,-70.98930364333826,-70.98930364333826
1840.1800515937805,-70.99117472957033,-70.99117472957033
1840.1900515937805,-70.99304794912962,-70.99304794912962
1840.2000515937805,-70.99492345533392,-70.99492345533392
1840.2100515937805,-70.99680139899358,-70.99680139899358
1840.2200515937805,-70.99868192843425,-70.99868192843425
1840.2300515937804,-71.00056518951826,-71.00056518951826
1840.2400515937804,-71.00245132564959,-71.00245132564959
1840.2500516176224,-71.00434048232204,-71.00434048232204
1840.2600516176224,-71.00623278915242,-71.00623278915242
1840.2700516176224,-71.00812838683473,-71.00812838683473
1840.2800516176223,-71.01002740923629,-71.01002740923629
1840.2900516176223,-71.01192998789841,-71.01192998789841
1840.3000516176223,-71.01383625206154,-71.01383625206154
1840.3100516176223,-71.01574632867087,-71.01574632867087
1840.3200516176223,-71.01766034242564,-71.01766034242564
1840.3300516176223,-71.01957841579637,-71.01957841579637
1840.3400516176223,-71.02150066903857,-71.02150066903857
1840.3500516176223,-71.02342722021953,-71.02342722021953
1840.3600516176223,-71.02535818524872,-71.02535818524872
1840.3700516176223,-71.02729367790108,-71.02729367790108
1840.3800516176225,-71.02923380983322,-71.02923380983322
1840.3900516176225,-71.03117869062223,-71.03117869062223
1840.4000516176225,-71.03312842777186,-71.03312842777186
1840.4100516176225,-71.03508312674813,-71.03508312674813
1840.4200516176224,-71.03704289100051,-71.03704289100051
1840.4300516176224,-71.03900782197967,-71.03900782197967
1840.4400516176224,-71.0409780191813,-71.0409780191813
1840.4500516176224,-71.04295358013697,-71.04295358013697
1840.4600516176224,-71.0449346004701,-71.0449346004701
1840.4700516176224,-71.0469211738963,-71.0469211738963
1840.4800516176224,-71.04891339226768,-71.04891339226768
1840.4900516176224,-71.05091134557182,-71.05091134557182
1840.5000516176224,-71.05291512197594,-71.05291512197594
1840.5100516176224,-71.054924807837,-71.054924807837
1840.5200516176224,-71.0569404877343,-71.0569404877343
1840.5300516176223,-71.05896224448307,-71.05896224448307
1840.5400516176223,-71.06099015916294,-71.06099015916294
1840.5500516176223,-71.06302431113761,-71.06302431113761
1840.5600516176223,-71.06506477807955,-71.06506477807955
1840.5700516176223,-71.067111635994,-71.067111635994
1840.5800516176223,-71.06916495922901,-71.06916495922901
1840.5900516176223,-71.07122482052533,-71.07122482052533
1840.6000516176223,-71.07329129099553,-71.07329129099553
1840.6100516176223,-71.07536444017343,-71.07536444017343
1840.6200516176223,-71.07744433604012,-71.07744433604012
1840.6300516176225,-71.07953104503795,-71.07953104503795
1840.6400516176225,-71.08162463208079,-71.08162463208079
1840.6500516176225,-71.08372516058581,-71.08372516058581
1840.6600516176225,-71.08583269249688,-71.08583269249688
1840.6700516176224,-71.08794728829004,-71.08794728829004
1840.6800516176224,-71.0900690070079,-71.0900690070079
1840.6900516176224,-71.09219790627775,-71.09219790627775
1840.7000516176224,-71.09433404232497,-71.09433404232497
1840.7100516176224,-71.09647746999634,-71.09647746999634
1840.7200516176224,-71.09862824278241,-71.09862824278241
1840.7300516176224,-71.10078641283233,-71.10078641283233
1840.7400516176224,-71.10295203097479,-71.10295203097479
1840.7500516176224,-71.1051251467304,-71.1051251467304
1840.7600516176224,-71.10730580834837,-71.10730580834837
1840.7700516176224,-71.10949406279958,-71.10949406279958
1840.7800516176223,-71.1116899558197,-71.1116899558197
1840.7900516176223,-71.11389353190688,-71.11389353190688
1840.8000516176223,-71.11610483434374,-71.11610483434374
1840.8100516176223,-71.11832390523064,-71.11832390523064
1840.8200516176223,-71.12055078549007,-71.12055078549007
1840.8300516176223,-71.1227855148751,-71.1227855148751
1840.8400516176223,-71.12502813200868,-71.12502813200868
1840.8500516176223,-71.12727867438011,-71.12727867438011
1840.8600516176223,-71.12953717837652,-71.12953717837652
1840.8700516176223,-71.13180367928575,-71.13180367928575
1840.8800516176225,-71.13407821132928,-71.13407821132928
1840.8900516176225,-71.13636080765475,-71.13636080765475
1840.9000516176225,-71.13865150037654,-71.13865150037654
1840.9100516176225,-71.14095032057483,-71.14095032057483
1840.9200516176224,-71.14325729831606,-71.14325729831606
1840.9300516176224,-71.14557246267462,-71.14557246267462
1840.9400516176224,-71.14789584173239,-71.14789584173239
1840.9500516176224,-71.15022746260661,-71.15022746260661
1840.9600516176224,-71.15256735147273,-71.15256735147273
1840.9700516176224,-71.15491553355079,-71.15491553355079
1840.9800516176224,-71.15727203313673,-71.15727203313673
1840.9900516176224,-71.15963687363308,-71.15963687363308
1841.0000516176224,-71.16201007752372,-71.16201007752372
1841.0100516176224,-71.16439166642535,-71.16439166642535
1841.0200516176224,-71.16678166107933,-71.16678166107933
1841.0300516176223,-71.1691800813611,-71.1691800813611
1841.0400516176223,-71.1715869463196,-71.1715869463196
1841.0500516176223,-71.17400227416927,-71.17400227416927
1841.0600516176223,-71.17642608230108,-71.17642608230108
1841.0700516176223,-71.17885838730196,-71.17885838730196
1841.0800516176223,-71.18129920497445,-71.18129920497445
1841.0900516176223,-71.183748550338,-71.183748550338
1841.1000516414642,-71.18620644349753,-71.18620644349753
1841.1100516414642,-71.18867288627592,-71.18867288627592
1841.1200516414642,-71.191147897246,-71.191147897246
1841.1300516414642,-71.19363148841842,-71.19363148841842
1841.1400516414642,-71.1961236711088,-71.1961236711088
1841.1500516414642,-71.19862445590803,-71.19862445590803
1841.1600516414642,-71.20113385270274,-71.20113385270274
1841.1700516414642,-71.20365187070449,-71.20365187070449
1841.1800516414642,-71.20617851845527,-71.20617851845527
1841.1900516414642,-71.20871380381524,-71.20871380381524
1841.2000516414641,-71.21125773399787,-71.21125773399787
1841.2100516414641,-71.2138103155752,-71.2138103155752
1841.2200516414641,-71.21637155447935,-71.21637155447935
1841.2300516414643,-71.21894145602995,-71.21894145602995
1841.2400516414643,-71.22152002492405,-71.22152002492405
1841.2500516414643,-71.22410726525275,-71.22410726525275
1841.2600516414643,-71.22670318052432,-71.22670318052432
1841.2700516414643,-71.22930777365968,-71.22930777365968
1841.2800516414643,-71.23192104699892,-71.23192104699892
1841.2900516414643,-71.23454300231984,-71.23454300231984
1841.3000516414643,-71.23717364084928,-71.23717364084928
1841.3100516414643,-71.23981296326849,-71.23981296326849
1841.3200516414643,-71.2424609697146,-71.2424609697146
1841.3300516414643,-71.24511765978919,-71.24511765978919
1841.3400516414642,-71.24778303259178,-71.24778303259178
1841.3500516414642,-71.25045708669111,-71.25045708669111
1841.3600516414642,-71.25313982016964,-71.25313982016964
1841.3700516414642,-71.25583123060727,-71.25583123060727
1841.3800516414642,-71.25853131509888,-71.25853131509888
1841.3900516414642,-71.26124007025129,-71.26124007025129
1841.4000516414642,-71.26395749221203,-71.26395749221203
1841.4100516414642,-71.26668357666702,-71.26668357666702
1841.4200516414642,-71.26941831883565,-71.26941831883565
1841.4300516414642,-71.27216171350683,-71.27216171350683
1841.4400516414642,-71.27491375500641,-71.27491375500641
1841.4500516414641,-71.27767443725776,-71.27767443725776
1841.4600516414641,-71.28043754091449,-71.28043754091449
1841.4700516414641,-71.28320033952275,-71.28320033952275
1841.4800516414643,-71.28596150257174,-71.28596150257174
1841.4900516414643,-71.28872034544746,-71.28872034544746
1841.5000516414643,-71.29147654326103,-71.29147654326103
1841.5100516414643,-71.29422998215512,-71.29422998215512
1841.5200516414643,-71.29698067219486,-71.29698067219486
1841.5300516414643,-71.29972869502001,-71.29972869502001
1841.5400516414643,-71.30247417232385,-71.30247417232385
1841.5500516414643,-71.305217246996,-71.305217246996
1841.5600516414643,-71.30795807184279,-71.30795807184279
1841.5700516414643,-71.31069680297571,-71.31069680297571
1841.5800516414643,-71.31343359603888,-71.31343359603888
1841.5900516414642,-71.31616860412451,-71.31616860412451
1841.6000516414642,-71.31890197674426,-71.31890197674426
1841.6100516414642,-71.32163385941664,-71.32163385941664
1841.6200516414642,-71.32436439360677,-71.32436439360677
1841.6300516414642,-71.32709371687201,-71.32709371687201
1841.6400516414642,-71.32982196311647,-71.32982196311647
1841.6500516414642,-71.33254926285963,-71.33254926285963
1841.6600516414642,-71.33527574355124,-71.33527574355124
1841.6700516414642,-71.33800152984021,-71.33800152984021
1841.6800516414642,-71.34072674382757,-71.34072674382757
1841.6900516414642,-71.3434515053259,-71.3434515053259
1841.7000516414641,-71.34617593202405,-71.34617593202405
1841.7100516414641,-71.34890013969884,-71.34890013969884
1841.7200516414641,-71.35162424234035,-71.35162424234035
1841.7300516414643,-71.35434835229547,-71.35434835229547
1841.7400516414643,-71.35707258036943,-71.35707258036943
1841.7500516414643,-71.35979703592061,-71.35979703592061
1841.7600516414643,-71.36252182693721,-71.36252182693721
1841.7700516414643,-71.36524706008912,-71.36524706008912
1841.7800516414643,-71.36797284077547,-71.36797284077547
1841.7900516414643,-71.37069927318531,-71.37069927318531
1841.8000516414643,-71.3734264603123,-71.3734264603123
1841.8100516414643,-71.37615450400028,-71.37615450400028
1841.8200516414643,-71.37888350493476,-71.37888350493476
1841.8300516414643,-71.38161356267119,-71.38161356267119
1841.8400516414642,-71.38434477566621,-71.38434477566621
1841.8500516414642,-71.38707724125692,-71.38707724125692
1841.8600516414642,-71.389811055673,-71.389811055673
1841.8700516414642,-71.39254631405389,-71.39254631405389
1841.8800516414642,-71.39528311044104,-71.39528311044104
1841.8900516414642,-71.39802153777508,-71.39802153777508
1841.9000516414642,-71.4007616878942,-71.4007616878942
1841.9100516414642,-71.40350365155021,-71.40350365155021
1841.9200516414642,-71.40624751838574,-71.40624751838574
1841.9300516414642,-71.40899337694202,-71.40899337694202
1841.9400516414642,-71.41174131464149,-71.41174131464149
1841.950051665306,-71.41449142435799,-71.41449142435799
1841.960051665306,-71.41723755322754,-71.41723755322754
1841.970051665306,-71.41997706689413,-71.41997706689413
1841.980051665306,-71.42270872238383,-71.42270872238383
1841.990051665306,-71.42543192317116,-71.42543192317116
1842.000051665306,-71.42814643243295,-71.42814643243295
1842.010051665306,-71.4308522241012,-71.4308522241012
1842.020051665306,-71.43354939555975,-71.43354939555975
1842.030051665306,-71.43623811519784,-71.43623811519784
1842.040051665306,-71.4389185908518,-71.4389185908518
1842.050051665306,-71.44159105084172,-71.44159105084172
1842.060051665306,-71.44425573273733,-71.44425573273733
1842.070051665306,-71.44691287667554,-71.44691287667554
1842.0800516653062,-71.44956272158511,-71.44956272158511
1842.0900516653062,-71.45220550310077,-71.45220550310077
1842.1000516653062,-71.45484145250896,-71.45484145250896
1842.1100516653062,-71.45747079635314,-71.45747079635314
1842.1200516653062,-71.46009375634341,-71.46009375634341
1842.1300516653062,-71.46271054949918,-71.46271054949918
1842.1400516653061,-71.46532138841688,-71.46532138841688
1842.1500516653061,-71.46792648152127,-71.46792648152127
1842.1600516653061,-71.47052603336975,-71.47052603336975
1842.1700516653061,-71.47312024493189,-71.47312024493189
1842.180051665306,-71.47570931385526,-71.47570931385526
1842.190051665306,-71.47829343467673,-71.47829343467673
1842.200051665306,-71.48087279903453,-71.48087279903453
1842.210051665306,-71.48344759585135,-71.48344759585135
1842.220051665306,-71.48601801147434,-71.48601801147434
1842.230051665306,-71.48858422980723,-71.48858422980723
1842.240051665306,-71.49114643242356,-71.49114643242356
1842.250051665306,-71.49370479865225,-71.49370479865225
1842.260051665306,-71.49625950565674,-71.49625950565674
1842.270051665306,-71.49881072849716,-71.49881072849716
1842.280051665306,-71.50135864018,-71.50135864018
1842.290051665306,-71.50390341171043,-71.50390341171043
1842.300051665306,-71.50644521212973,-71.50644521212973
1842.310051665306,-71.50898420851776,-71.50898420851776
1842.320051665306,-71.51152056605241,-71.51152056605241
1842.3300516653062,-71.51405444799563,-71.51405444799563
1842.3400516653062,-71.51658601574115,-71.51658601574115
1842.3500516653062,-71.51911542880691,-71.51911542880691
1842.3600516653062,-71.52164284483571,-71.52164284483571
1842.3700516653062,-71.52416841962173,-71.52416841962173
1842.3800516653062,-71.52669230712081,-71.52669230712081
1842.3900516653061,-71.52921465943153,-71.52921465943153
1842.4000516653061,-71.5317356268162,-71.5317356268162
1842.4100516653061,-71.53425535770582,-71.53425535770582
1842.4200516653061,-71.5367739986961,-71.5367739986961
1842.430051665306,-71.53929169454493,-71.53929169454493
1842.440051665306,-71.5418085882002,-71.5418085882002
1842.450051665306,-71.54432482077331,-71.54432482077331
1842.460051665306,-71.54684053155283,-71.54684053155283
1842.470051665306,-71.54935585801404,-71.54935585801404
1842.480051665306,-71.55187093582069,-71.55187093582069
1842.490051665306,-71.55438589881904,-71.55438589881904
1842.500051665306,-71.55690087905789,-71.55690087905789
1842.510051665306,-71.55941600677154,-71.55941600677154
1842.520051665306,-71.56193141041652,-71.56193141041652
1842.530051665306,-71.56444721663414,-71.56444721663414
1842.540051665306,-71.56696355029611,-71.56696355029611
1842.550051665306,-71.56948053449203,-71.56948053449203
1842.560051665306,-71.57199829053626,-71.57199829053626
1842.570051665306,-71.57451693798012,-71.57451693798012
1842.5800516653062,-71.57703659461353,-71.57703659461353
1842.5900516653062,-71.57955737648308,-71.57955737648308
1842.6000516653062,-71.58207939789206,-71.58207939789206
1842.6100516653062,-71.58460277140895,-71.58460277140895
1842.6200516653062,-71.58712760787678,-71.58712760787678
1842.6300516653062,-71.58965401643961,-71.58965401643961
1842.6400516653061,-71.59218210453088,-71.59218210453088
1842.6500516653061,-71.59471197789041,-71.59471197789041
1842.6600516653061,-71.59724374057915,-71.59724374057915
1842.6700516653061,-71.59977749498388,-71.59977749498388
1842.680051665306,-71.60231334184596,-71.60231334184596
1842.690051665306,-71.60485138024441,-71.60485138024441
1842.700051665306,-71.60739170763215,-71.60739170763215
1842.710051665306,-71.60993441983976,-71.60993441983976
1842.720051665306,-71.61247961108943,-71.61247961108943
1842.730051665306,-71.61502737400956,-71.61502737400956
1842.740051665306,-71.61757779964118,-71.61757779964118
1842.750051665306,-71.62013097745324,-71.62013097745324
1842.760051665306,-71.62268699536573,-71.62268699536573
1842.770051665306,-71.62524593974712,-71.62524593974712
1842.780051665306,-71.62780789544865,-71.62780789544865
1842.790051665306,-71.63037294579821,-71.63037294579821
1842.800051689148,-71.63294117874624,-71.63294117874624
1842.810051689148,-71.63551266242037,-71.63551266242037
1842.820051689148,-71.63808748178535,-71.63808748178535
1842.830051689148,-71.64066571426018,-71.64066571426018
1842.840051689148,-71.64324743581336,-71.64324743581336
1842.850051689148,-71.64583272100077,-71.64583272100077
1842.860051689148,-71.6484216429491,-71.6484216429491
1842.8700516891479,-71.65101427339708,-71.65101427339708
1842.8800516891479,-71.65361068268683,-71.65361068268683
1842.8900516891479,-71.65621093980543,-71.65621093980543
1842.9000516891479,-71.65881511237362,-71.65881511237362
1842.9100516891478,-71.66142326668765,-71.66142326668765
1842.9200516891478,-71.66403546770299,-71.66403546770299
1842.930051689148,-71.66665177908591,-71.66665177908591
1842.940051689148,-71.6692722631852,-71.6692722631852
1842.950051689148,-71.67189698109138,-71.67189698109138
1842.960051689148,-71.6745197450323,-71.6745197450323
1842.970051689148,-71.67713787858469,-71.67713787858469
1842.980051689148,-71.67975010823378,-71.67975010823378
1842.990051689148,-71.68235580916779,-71.68235580916779
1843.000051689148,-71.68495471751106,-71.68495471751106
1843.010051689148,-71.68754678084915,-71.68754678084915
1843.020051689148,-71.6901320706299,-71.6901320706299
1843.030051689148,-71.69271072951601,-71.69271072951601
1843.040051689148,-71.69528293972142,-71.69528293972142
1843.050051689148,-71.69784890404374,-71.69784890404374
1843.060051689148,-71.70040883453524,-71.70040883453524
1843.070051689148,-71.7029629458669,-71.7029629458669
1843.080051689148,-71.70551145151802,-71.70551145151802
1843.090051689148,-71.70805456170419,-71.70805456170419
1843.100051689148,-71.71059248233648,-71.71059248233648
1843.110051689148,-71.7131254146195,-71.7131254146195
1843.1200516891479,-71.71565355501014,-71.71565355501014
1843.1300516891479,-71.71817709534022,-71.71817709534022
1843.1400516891479,-71.72069622308275,-71.72069622308275
1843.1500516891479,-71.72321112166449,-71.72321112166449
1843.1600516891478,-71.72572197073659,-71.72572197073659
1843.1700516891478,-71.72822894647655,-71.72822894647655
1843.180051689148,-71.73073222186026,-71.73073222186026
1843.190051689148,-71.73323196689995,-71.73323196689995
1843.200051689148,-71.73572834883998,-71.73572834883998
1843.210051689148,-71.73821527949919,-71.73821527949919
1843.220051689148,-71.7406901840768,-71.7406901840768
1843.230051689148,-71.74315189090909,-71.74315189090909
1843.240051689148,-71.74559987670139,-71.74559987670139
1843.250051689148,-71.74803397857572,-71.74803397857572
1843.260051689148,-71.75045424454945,-71.75045424454945
1843.270051689148,-71.75286084586712,-71.75286084586712
1843.280051689148,-71.75525402440262,-71.75525402440262
1843.290051689148,-71.75763406097026,-71.75763406097026
1843.300051689148,-71.760001256355,-71.760001256355
1843.310051689148,-71.76235592001682,-71.76235592001682
1843.320051689148,-71.76469836344809,-71.76469836344809
1843.330051689148,-71.76702889634954,-71.76702889634954
1843.340051689148,-71.76934782458615,-71.76934782458615
1843.350051689148,-71.77165544912472,-71.77165544912472
1843.360051689148,-71.77395206565048,-71.77395206565048
1843.3700516891479,-71.7762379644651,-71.7762379644651
1843.3800516891479,-71.77851343067839,-71.77851343067839
1843.3900516891479,-71.78077874442337,-71.78077874442337
1843.4000516891479,-71.78303418115563,-71.78303418115563
1843.4100516891478,-71.78528001192673,-71.78528001192673
1843.4200516891478,-71.78751650368584,-71.78751650368584
1843.430051689148,-71.78974391952374,-71.78974391952374
1843.440051689148,-71.79196251889014,-71.79196251889014
1843.450051689148,-71.79417255782572,-71.79417255782572
1843.460051689148,-71.79636803196185,-71.79636803196185
1843.470051689148,-71.79854645260643,-71.79854645260643
1843.480051689148,-71.80070673461402,-71.80070673461402
1843.490051689148,-71.80284844104551,-71.80284844104551
1843.500051689148,-71.80497149494302,-71.80497149494302
1843.510051689148,-71.80707602966439,-71.80707602966439
1843.520051689148,-71.80916230117474,-71.80916230117474
1843.530051689148,-71.81123063536451,-71.81123063536451
1843.540051689148,-71.81328139633185,-71.81328139633185
1843.550051689148,-71.81531496740087,-71.81531496740087
1843.560051689148,-71.8173317397953,-71.8173317397953
1843.570051689148,-71.81933210599453,-71.81933210599453
1843.580051689148,-71.82131645588903,-71.82131645588903
1843.590051689148,-71.8232851747401,-71.8232851747401
1843.600051689148,-71.82523864211728,-71.82523864211728
1843.610051689148,-71.8271772314818,-71.8271772314818
1843.6200516891479,-71.82910131013236,-71.82910131013236
1843.6300516891479,-71.83101123933965,-71.83101123933965
1843.6400516891479,-71.83290737459721,-71.83290737459721
1843.6500517129898,-71.83479007036944,-71.83479007036944
1843.6600517129898,-71.83665966243345,-71.83665966243345
1843.6700517129898,-71.8385164951694,-71.8385164951694
1843.6800517129898,-71.84036090374724,-71.84036090374724
1843.6900517129898,-71.84219321889904,-71.84219321889904
1843.7000517129898,-71.84401376710224,-71.84401376710224
1843.7100517129898,-71.84582287077903,-71.84582287077903
1843.7200517129897,-71.84762084842042,-71.84762084842042
1843.7300517129897,-71.8494080147228,-71.8494080147228
1843.7400517129897,-71.85118468069837,-71.85118468069837
1843.7500517129897,-71.85295115377173,-71.85295115377173
1843.7600517129897,-71.85470773783193,-71.85470773783193
1843.7700517129897,-71.85645473331722,-71.85645473331722
1843.78005171299,-71.8581924372677,-71.8581924372677
1843.79005171299,-71.8599211433511,-71.8599211433511
1843.80005171299,-71.86164114192526,-71.86164114192526
1843.81005171299,-71.86335272003461,-71.86335272003461
1843.8200517129899,-71.8650561614711,-71.8650561614711
1843.8300517129899,-71.86675174677269,-71.86675174677269
1843.8400517129899,-71.86843975324265,-71.86843975324265
1843.8500517129899,-71.87012045497559,-71.87012045497559
1843.8600517129898,-71.87179412286461,-71.87179412286461
1843.8700517129898,-71.87346102460451,-71.87346102460451
1843.8800517129898,-71.8751214247151,-71.8751214247151
1843.8900517129898,-71.87677558454696,-71.87677558454696
1843.9000517129898,-71.87842376230111,-71.87842376230111
1843.9100517129898,-71.88006621301173,-71.88006621301173
1843.9200517129898,-71.88170318858067,-71.88170318858067
1843.9300517129898,-71.88333493776896,-71.88333493776896
1843.9400517129898,-71.8849617062199,-71.8849617062199
1843.9500517129898,-71.886583736464,-71.886583736464
1843.9600517129898,-71.8882012679323,-71.8882012679323
1843.9700517129897,-71.88981453695578,-71.88981453695578
1843.9800517129897,-71.89142377679505,-71.89142377679505
1843.9900517129897,-71.89302921763536,-71.89302921763536
1844.0000517129897,-71.89463108660765,-71.89463108660765
1844.0100517129897,-71.89622960779532,-71.89622960779532
1844.0200517129897,-71.89782500225594,-71.89782500225594
1844.03005171299,-71.89941748804054,-71.89941748804054
1844.04005171299,-71.90100728018689,-71.90100728018689
1844.05005171299,-71.90259459076431,-71.90259459076431
1844.06005171299,-71.90417962886542,-71.90417962886542
1844.0700517129899,-71.90576260063229,-71.90576260063229
1844.0800517129899,-71.90734370928567,-71.90734370928567
1844.0900517129899,-71.90892315512474,-71.90892315512474
1844.1000517129899,-71.91050113555063,-71.91050113555063
1844.1100517129898,-71.91207784509326,-71.91207784509326
1844.1200517129898,-71.91365347543343,-71.91365347543343
1844.1300517129898,-71.91522821540907,-71.91522821540907
1844.1400517129898,-71.91680225104565,-71.91680225104565
1844.1500517129898,-71.91837576556405,-71.91837576556405
1844.1600517129898,-71.91994893944126,-71.91994893944126
1844.1700517129898,-71.92152195038288,-71.92152195038288
1844.1800517129898,-71.9230949733693,-71.9230949733693
1844.1900517129898,-71.92466818068644,-71.92466818068644
1844.2000517129898,-71.92624174193799,-71.92624174193799
1844.2100517129898,-71.92781582406333,-71.92781582406333
1844.2200517129897,-71.92939059137761,-71.92939059137761
1844.2300517129897,-71.93096620558131,-71.93096620558131
1844.2400517129897,-71.93254282578356,-71.93254282578356
1844.2500517129897,-71.93412060853608,-71.93412060853608
1844.2600517129897,-71.9356997078651,-71.9356997078651
1844.2700517129897,-71.93728027527065,-71.93728027527065
1844.28005171299,-71.93886245976951,-71.93886245976951
1844.29005171299,-71.94044640792175,-71.94044640792175
1844.30005171299,-71.94203226385012,-71.94203226385012
1844.31005171299,-71.94362016925105,-71.94362016925105
1844.3200517129899,-71.9452102634614,-71.9452102634614
1844.3300517129899,-71.94680268343214,-71.94680268343214
1844.3400517129899,-71.94839756379241,-71.94839756379241
1844.3500517129899,-71.94999503685476,-71.94999503685476
1844.3600517129898,-71.95159523264958,-71.95159523264958
1844.3700517129898,-71.95319827894467,-71.95319827894467
1844.3800517129898,-71.95480430127611,-71.95480430127611
1844.3900517129898,-71.95641342297513,-71.95641342297513
1844.4000517129898,-71.9580257651818,-71.9580257651818
1844.4100517129898,-71.95964144688476,-71.95964144688476
1844.4200517129898,-71.96126058493957,-71.96126058493957
1844.4300517129898,-71.96288329408536,-71.96288329408536
1844.4400517129898,-71.96450968698481,-71.96450968698481
1844.4500517129898,-71.96613987424085,-71.96613987424085
1844.4600517129898,-71.96777396442405,-71.96777396442405
1844.4700517129897,-71.96941206409416,-71.96941206409416
1844.4800517129897,-71.97105427783576,-71.97105427783576
1844.4900517129897,-71.9727007082585,-71.9727007082585
1844.5000517368317,-71.97435145997825,-71.97435145997825
1844.5100517368317,-71.9760066239266,-71.9760066239266
1844.5200517368316,-71.9776663008988,-71.9776663008988
1844.5300517368316,-71.97933058591809,-71.97933058591809
1844.5400517368316,-71.9809995721737,-71.9809995721737
1844.5500517368316,-71.98267335102678,-71.98267335102678
1844.5600517368316,-71.98435201205344,-71.98435201205344
1844.5700517368316,-71.98603564306424,-71.98603564306424
1844.5800517368316,-71.98772433011699,-71.98772433011699
1844.5900517368316,-71.98941815754789,-71.98941815754789
1844.6000517368316,-71.99111720799533,-71.99111720799533
1844.6100517368316,-71.99282156241436,-71.99282156241436
1844.6200517368316,-71.99453130011086,-71.99453130011086
1844.6300517368318,-71.99624649875321,-71.99624649875321
1844.6400517368318,-71.99796723439721,-71.99796723439721
1844.6500517368318,-71.99969358151736,-71.99969358151736
1844.6600517368317,-72.00142561301001,-72.00142561301001
1844.6700517368317,-72.00316340021695,-72.00316340021695
1844.6800517368317,-72.00490701297547,-72.00490701297547
1844.6900517368317,-72.00665651960078,-72.00665651960078
1844.7000517368317,-72.0084119869355,-72.0084119869355
1844.7100517368317,-72.01017348034414,-72.01017348034414
1844.7200517368317,-72.01194106376016,-72.01194106376016
1844.7300517368317,-72.01371479968789,-72.01371479968789
1844.7400517368317,-72.01549474922427,-72.01549474922427
1844.7500517368317,-72.0172809720941,-72.0172809720941
1844.7600517368317,-72.01907352664658,-72.01907352664658
1844.7700517368316,-72.02087246987689,-72.02087246987689
1844.7800517368316,-72.0226778574791,-72.0226778574791
1844.7900517368316,-72.02448974381787,-72.02448974381787
1844.8000517368316,-72.02630818198047,-72.02630818198047
1844.8100517368316,-72.02813322377017,-72.02813322377017
1844.8200517368316,-72.02996491974712,-72.02996491974712
1844.8300517368316,-72.03180331924402,-72.03180331924402
1844.8400517368316,-72.03364847036055,-72.03364847036055
1844.8500517368316,-72.0355004200084,-72.0355004200084
1844.8600517368316,-72.03735921390603,-72.03735921390603
1844.8700517368316,-72.03922489662155,-72.03922489662155
1844.8800517368318,-72.04109751156305,-72.04109751156305
1844.8900517368318,-72.042977101011,-72.042977101011
1844.9000517368318,-72.04486370613238,-72.04486370613238
1844.9100517368317,-72.04675736699735,-72.04675736699735
1844.9200517368317,-72.04865812258195,-72.04865812258195
1844.9300517368317,-72.0505660108061,-72.0505660108061
1844.9400517368317,-72.05248106854123,-72.05248106854123
1844.9500517368317,-72.05440333161502,-72.05440333161502
1844.9600517368317,-72.0563328348397,-72.0563328348397
1844.9700517368317,-72.05826961201831,-72.05826961201831
1844.9800517368317,-72.06021369596729,-72.06021369596729
1844.9900517368317,-72.0621651185279,-72.0621651185279
1845.0000517368317,-72.06412391057793,-72.06412391057793
1845.0100517368317,-72.06609010204969,-72.06609010204969
1845.0200517368316,-72.06806372193483,-72.06806372193483
1845.0300517368316,-72.07004479833287,-72.07004479833287
1845.0400517368316,-72.07203335840663,-72.07203335840663
1845.0500517368316,-72.07402942844898,-72.07402942844898
1845.0600517368316,-72.07603303385905,-72.07603303385905
1845.0700517368316,-72.07804419919078,-72.07804419919078
1845.0800517368316,-72.0800629481287,-72.0800629481287
1845.0900517368316,-72.08208930352797,-72.08208930352797
1845.1000517368316,-72.08412328742365,-72.08412328742365
1845.1100517368316,-72.08616492102227,-72.08616492102227
1845.1200517368316,-72.08821422474006,-72.08821422474006
1845.1300517368318,-72.09027121820297,-72.09027121820297
1845.1400517368318,-72.09233592026335,-72.09233592026335
1845.1500517368318,-72.09440834900641,-72.09440834900641
1845.1600517368317,-72.09648852175931,-72.09648852175931
1845.1700517368317,-72.09857645511389,-72.09857645511389
1845.1800517368317,-72.10067216493758,-72.10067216493758
1845.1900517368317,-72.10277566636282,-72.10277566636282
1845.2000517368317,-72.10488697382688,-72.10488697382688
1845.2100517368317,-72.10699981634843,-72.10699981634843
1845.2200517368317,-72.10911145661042,-72.10911145661042
1845.2300517368317,-72.11122056938686,-72.11122056938686
1845.2400517368317,-72.11332648273478,-72.11332648273478
1845.2500517368317,-72.11542888839901,-72.11542888839901
1845.2600517368317,-72.11752769142134,-72.11752769142134
1845.2700517368316,-72.11962292192163,-72.11962292192163
1845.2800517368316,-72.12171468214036,-72.12171468214036
1845.2900517368316,-72.12380311457514,-72.12380311457514
1845.3000517368316,-72.12588838283865,-72.12588838283865
1845.3100517368316,-72.12797066029555,-72.12797066029555
1845.3200517368316,-72.13005012335933,-72.13005012335933
1845.3300517368316,-72.13212694766877,-72.13212694766877
1845.3400517368316,-72.13420130600288,-72.13420130600288
1845.3500517606735,-72.13627337217235,-72.13627337217235
1845.3600517606735,-72.13834330086816,-72.13834330086816
1845.3700517606735,-72.14041125721357,-72.14041125721357
1845.3800517606735,-72.14247739718954,-72.14247739718954
1845.3900517606735,-72.14454187282574,-72.14454187282574
1845.4000517606735,-72.14660483247472,-72.14660483247472
1845.4100517606735,-72.14866642113725,-72.14866642113725
1845.4200517606735,-72.15072678074479,-72.15072678074479
1845.4300517606735,-72.15278605042018,-72.15278605042018
1845.4400517606734,-72.15484436672578,-72.15484436672578
1845.4500517606734,-72.15690186387381,-72.15690186387381
1845.4600517606734,-72.15895867389608,-72.15895867389608
1845.4700517606734,-72.1610149268231,-72.1610149268231
1845.4800517606736,-72.16307075080385,-72.16307075080385
1845.4900517606736,-72.16512627222272,-72.16512627222272
1845.5000517606736,-72.16718161578983,-72.16718161578983
1845.5100517606736,-72.16923690462511,-72.16923690462511
1845.5200517606736,-72.17129226031983,-72.17129226031983
1845.5300517606736,-72.1733478029969,-72.1733478029969
1845.5400517606736,-72.17540365136128,-72.17540365136128
1845.5500517606736,-72.17745992271516,-72.17745992271516
1845.5600517606736,-72.17951673300749,-72.17951673300749
1845.5700517606736,-72.18157419684209,-72.18157419684209
1845.5800517606735,-72.18363242750998,-72.18363242750998
1845.5900517606735,-72.18569153699592,-72.18569153699592
1845.6000517606735,-72.18775163598907,-72.18775163598907
1845.6100517606735,-72.18981283389446,-72.18981283389446
1845.6200517606735,-72.19187523883534,-72.19187523883534
1845.6300517606735,-72.19393895766862,-72.19393895766862
1845.6400517606735,-72.19600409596848,-72.19600409596848
1845.6500517606735,-72.19807075803791,-72.19807075803791
1845.6600517606735,-72.2001390469233,-72.2001390469233
1845.6700517606735,-72.20220906438325,-72.20220906438325
1845.6800517606735,-72.20428091092221,-72.20428091092221
1845.6900517606734,-72.20635468575782,-72.20635468575782
1845.7000517606734,-72.20843048685873,-72.20843048685873
1845.7100517606734,-72.21050841090204,-72.21050841090204
1845.7200517606734,-72.21258855330437,-72.21258855330437
1845.7300517606736,-72.2146710082059,-72.2146710082059
1845.7400517606736,-72.21675586846952,-72.21675586846952
1845.7500517606736,-72.21884322570037,-72.21884322570037
1845.7600517606736,-72.22093317022048,-72.22093317022048
1845.7700517606736,-72.22302579107762,-72.22302579107762
1845.7800517606736,-72.22512117605653,-72.22512117605653
1845.7900517606736,-72.22721941167073,-72.22721941167073
1845.8000517606736,-72.22932058316613,-72.22932058316613
1845.8100517606736,-72.23142477453102,-72.23142477453102
1845.8200517606736,-72.23353206847692,-72.23353206847692
1845.8300517606735,-72.23564254646674,-72.23564254646674
1845.8400517606735,-72.23775628870533,-72.23775628870533
1845.8500517606735,-72.23987337414553,-72.23987337414553
1845.8600517606735,-72.2419938804934,-72.2419938804934
1845.8700517606735,-72.24411788421291,-72.24411788421291
1845.8800517606735,-72.24624546052432,-72.24624546052432
1845.8900517606735,-72.24837668341998,-72.24837668341998
1845.9000517606735,-72.25051162566193,-72.25051162566193
1845.9100517606735,-72.25265035879409,-72.25265035879409
1845.9200517606735,-72.25479295314,-72.25479295314
1845.9300517606735,-72.25693947782806,-72.25693947782806
1845.9400517606734,-72.25909000076592,-72.25909000076592
1845.9500517606734,-72.26124458867764,-72.26124458867764
1845.9600517606734,-72.26339700812687,-72.26339700812687
1845.9700517606734,-72.26554456646501,-72.26554456646501
1845.9800517606736,-72.26768598571111,-72.26768598571111
1845.9900517606736,-72.2698206420902,-72.2698206420902
1846.0000517606736,-72.27194827583642,-72.27194827583642
1846.0100517606736,-72.2740688404612,-72.2740688404612
1846.0200517606736,-72.27618241437176,-72.27618241437176
1846.0300517606736,-72.2782891477994,-72.2782891477994
1846.0400517606736,-72.28038923084975,-72.28038923084975
1846.0500517606736,-72.28248287436412,-72.28248287436412
1846.0600517606736,-72.28457029849828,-72.28457029849828
1846.0700517606736,-72.28665172601686,-72.28665172601686
1846.0800517606735,-72.28872737845612,-72.28872737845612
1846.0900517606735,-72.29079747402788,-72.29079747402788
1846.1000517606735,-72.29286222657068,-72.29286222657068
1846.1100517606735,-72.2949218451476,-72.2949218451476
1846.1200517606735,-72.29697653397533,-72.29697653397533
1846.1300517606735,-72.29902649260276,-72.29902649260276
1846.1400517606735,-72.30107191613241,-72.30107191613241
1846.1500517606735,-72.30311299553574,-72.30311299553574
1846.1600517606735,-72.30514991795157,-72.30514991795157
1846.1700517606735,-72.30718286697606,-72.30718286697606
1846.1800517606735,-72.30921202294722,-72.30921202294722
1846.1900517606734,-72.31123756314976,-72.31123756314976
1846.2000517845154,-72.31325966686835,-72.31325966686835
1846.2100517845154,-72.31527849631127,-72.31527849631127
1846.2200517845154,-72.3172942256518,-72.3172942256518
1846.2300517845154,-72.31930702190131,-72.31930702190131
1846.2400517845153,-72.32131704985406,-72.32131704985406
1846.2500517845153,-72.32332447217262,-72.32332447217262
1846.2600517845153,-72.32532944946303,-72.32532944946303
1846.2700517845153,-72.32733214035963,-72.32733214035963
1846.2800517845153,-72.32933270157515,-72.32933270157515
1846.2900517845153,-72.33133128795409,-72.33133128795409
1846.3000517845153,-72.33332805248783,-72.33332805248783
1846.3100517845153,-72.33532314637833,-72.33532314637833
1846.3200517845153,-72.33731671904579,-72.33731671904579
1846.3300517845155,-72.33930891815757,-72.33930891815757
1846.3400517845155,-72.34129988964456,-72.34129988964456
1846.3500517845155,-72.34328977771116,-72.34328977771116
1846.3600517845155,-72.34527872485346,-72.34527872485346
1846.3700517845155,-72.34726687185973,-72.34726687185973
1846.3800517845154,-72.34925435783947,-72.34925435783947
1846.3900517845154,-72.35124132020007,-72.35124132020007
1846.4000517845154,-72.35322789467254,-72.35322789467254
1846.4100517845154,-72.35521421531412,-72.35521421531412
1846.4200517845154,-72.35720041449882,-72.35720041449882
1846.4300517845154,-72.35918662293903,-72.35918662293903
1846.4400517845154,-72.36117296968078,-72.36117296968078
1846.4500517845154,-72.3631595821021,-72.3631595821021
1846.4600517845154,-72.36514658593414,-72.36514658593414
1846.4700517845154,-72.36713410523424,-72.36713410523424
1846.4800517845154,-72.36912226242116,-72.36912226242116
1846.4900517845153,-72.37111117825907,-72.37111117825907
1846.5000517845153,-72.3731009718675,-72.3731009718675
1846.5100517845153,-72.3750917607258,-72.3750917607258
1846.5200517845153,-72.37708366068047,-72.37708366068047
1846.5300517845153,-72.37907678593908,-72.37907678593908
1846.5400517845153,-72.3810712490895,-72.3810712490895
1846.5500517845153,-72.38306716111103,-72.38306716111103
1846.5600517845153,-72.38506463134384,-72.38506463134384
1846.5700517845153,-72.38706376755033,-72.38706376755033
1846.5800517845155,-72.38906467586173,-72.38906467586173
1846.5900517845155,-72.39106746085393,-72.39106746085393
1846.6000517845155,-72.39307222548527,-72.39307222548527
1846.6100517845155,-72.39507907115869,-72.39507907115869
1846.6200517845155,-72.3970880977021,-72.3970880977021
1846.6300517845154,-72.39909940337725,-72.39909940337725
1846.6400517845154,-72.40111308490843,-72.40111308490843
1846.6500517845154,-72.40312923747118,-72.40312923747118
1846.6600517845154,-72.40514795471113,-72.40514795471113
1846.6700517845154,-72.40716932876056,-72.40716932876056
1846.6800517845154,-72.40919345022678,-72.40919345022678
1846.6900517845154,-72.41122040823102,-72.41122040823102
1846.7000517845154,-72.41325029039852,-72.41325029039852
1846.7100517845154,-72.41528318287848,-72.41528318287848
1846.7200517845154,-72.41731917035824,-72.41731917035824
1846.7300517845154,-72.41935833606514,-72.41935833606514
1846.7400517845153,-72.42140076178525,-72.42140076178525
1846.7500517845153,-72.42344652787692,-72.42344652787692
1846.7600517845153,-72.42549571327723,-72.42549571327723
1846.7700517845153,-72.42754839552047,-72.42754839552047
1846.7800517845153,-72.42960465073854,-72.42960465073854
1846.7900517845153,-72.431664553694,-72.431664553694
1846.8000517845153,-72.43372817776813,-72.43372817776813
1846.8100517845153,-72.43579559500597,-72.43579559500597
1846.8200517845153,-72.43786687609305,-72.43786687609305
1846.8300517845155,-72.43994209039185,-72.43994209039185
1846.8400517845155,-72.44202130594404,-72.44202130594404
1846.8500517845155,-72.44410458950104,-72.44410458950104
1846.8600517845155,-72.44619200651364,-72.44619200651364
1846.8700517845155,-72.44828362115395,-72.44828362115395
1846.8800517845154,-72.45037949635169,-72.45037949635169
1846.8900517845154,-72.45247969376176,-72.45247969376176
1846.9000517845154,-72.45458427381121,-72.45458427381121
1846.9100517845154,-72.45669329571571,-72.45669329571571
1846.9200517845154,-72.45880681747569,-72.45880681747569
1846.9300517845154,-72.46092489589414,-72.46092489589414
1846.9400517845154,-72.46304758659417,-72.46304758659417
1846.9500517845154,-72.46517494402107,-72.46517494402107
1846.9600517845154,-72.46730702147998,-72.46730702147998
1846.9700517845154,-72.46944387113335,-72.46944387113335
1846.9800517845154,-72.47158554400893,-72.47158554400893
1846.9900517845153,-72.47373209001324,-72.47373209001324
1847.0000517845153,-72.4758835579702,-72.4758835579702
1847.0100517845153,-72.4780399956076,-72.4780399956076
1847.0200517845153,-72.48020144956828,-72.48020144956828
1847.0300517845153,-72.48236796544941,-72.48236796544941
1847.0400517845153,-72.48453958779164,-72.48453958779164
1847.0500518083572,-72.4867163652819,-72.4867163652819
1847.0600518083572,-72.48889833006173,-72.48889833006173
1847.0700518083572,-72.49108552876419,-72.49108552876419
1847.0800518083572,-72.49327800186508,-72.49327800186508
1847.0900518083572,-72.4954757888606,-72.4954757888606
1847.1000518083572,-72.49767892827713,-72.49767892827713
1847.1100518083572,-72.49988745768069,-72.49988745768069
1847.1200518083572,-72.50210141369337,-72.50210141369337
1847.1300518083572,-72.50432083198687,-72.50432083198687
1847.1400518083572,-72.50654574733463,-72.50654574733463
1847.1500518083571,-72.5087761935895,-72.5087761935895
1847.1600518083571,-72.51101220371721,-72.51101220371721
1847.1700518083571,-72.51325380977748,-72.51325380977748
1847.1800518083573,-72.5155010429853,-72.5155010429853
1847.1900518083573,-72.51775393367218,-72.51775393367218
1847.2000518083573,-72.52001251132866,-72.52001251132866
1847.2100518083573,-72.52227680460864,-72.52227680460864
1847.2200518083573,-72.52454684134294,-72.52454684134294
1847.2300518083573,-72.52682264853765,-72.52682264853765
1847.2400518083573,-72.52910425240577,-72.52910425240577
1847.2500518083573,-72.531391678363,-72.531391678363
1847.2600518083573,-72.53368495105079,-72.53368495105079
1847.2700518083573,-72.53598409432857,-72.53598409432857
1847.2800518083573,-72.53828913130106,-72.53828913130106
1847.2900518083572,-72.54060008433517,-72.54060008433517
1847.3000518083572,-72.54291697504583,-72.54291697504583
1847.3100518083572,-72.54523982432542,-72.54523982432542
1847.3200518083572,-72.54756865235453,-72.54756865235453
1847.3300518083572,-72.54990347860648,-72.54990347860648
1847.3400518083572,-72.55224432185894,-72.55224432185894
1847.3500518083572,-72.55459120019276,-72.55459120019276
1847.3600518083572,-72.55694413102648,-72.55694413102648
1847.3700518083572,-72.55930313110798,-72.55930313110798
1847.3800518083572,-72.56166821652131,-72.56166821652131
1847.3900518083572,-72.56403940271494,-72.56403940271494
1847.4000518083571,-72.56641670450092,-72.56641670450092
1847.4100518083571,-72.56880013605644,-72.56880013605644
1847.4200518083571,-72.57118971093811,-72.57118971093811
1847.4300518083573,-72.57358544210447,-72.57358544210447
1847.4400518083573,-72.57598734190722,-72.57598734190722
1847.4500518083573,-72.57839542210371,-72.57839542210371
1847.4600518083573,-72.58080969388455,-72.58080969388455
1847.4700518083573,-72.5832301678454,-72.5832301678454
1847.4800518083573,-72.58565685403482,-72.58565685403482
1847.4900518083573,-72.58808976194155,-72.58808976194155
1847.5000518083573,-72.59052890049115,-72.59052890049115
1847.5100518083573,-72.59297427809774,-72.59297427809774
1847.5200518083573,-72.59542590262758,-72.59542590262758
1847.5300518083573,-72.59788378142237,-72.59788378142237
1847.5400518083572,-72.60034792132603,-72.60034792132603
1847.5500518083572,-72.6028183286483,-72.6028183286483
1847.5600518083572,-72.6052950092233,-72.6052950092233
1847.5700518083572,-72.6077779683883,-72.6077779683883
1847.5800518083572,-72.61026721100063,-72.61026721100063
1847.5900518083572,-72.61276274142172,-72.61276274142172
1847.6000518083572,-72.61526456357753,-72.61526456357753
1847.6100518083572,-72.61777268091524,-72.61777268091524
1847.6200518083572,-72.62028709641844,-72.62028709641844
1847.6300518083572,-72.62280781263921,-72.62280781263921
1847.6400518083572,-72.6253348316884,-72.6253348316884
1847.6500518083571,-72.62786815524726,-72.62786815524726
1847.6600518083571,-72.63040778456569,-72.63040778456569
1847.6700518083571,-72.6329537204718,-72.6329537204718
1847.6800518083573,-72.63550596338668,-72.63550596338668
1847.6900518083573,-72.63806451333012,-72.63806451333012
1847.7000518083573,-72.64062936992057,-72.64062936992057
1847.7100518083573,-72.64320053237802,-72.64320053237802
1847.7200518083573,-72.64577799953872,-72.64577799953872
1847.7300518083573,-72.6483617698703,-72.6483617698703
1847.7400518083573,-72.65095184145586,-72.65095184145586
1847.7500518083573,-72.65354821201583,-72.65354821201583
1847.7600518083573,-72.65615087890087,-72.65615087890087
1847.7700518083573,-72.65875983912369,-72.65875983912369
1847.7800518083573,-72.66137508932466,-72.66137508932466
1847.7900518083572,-72.66399662582789,-72.66399662582789
1847.8000518083572,-72.66662444459527,-72.66662444459527
1847.8100518083572,-72.66925854126568,-72.66925854126568
1847.8200518083572,-72.67189891115662,-72.67189891115662
1847.8300518083572,-72.67454554925571,-72.67454554925571
1847.8400518083572,-72.67719845024591,-72.67719845024591
1847.8500518083572,-72.67985760848376,-72.67985760848376
1847.8600518083572,-72.68252301803264,-72.68252301803264
1847.8700518083572,-72.68519467265281,-72.68519467265281
1847.8800518083572,-72.6878725658084,-72.6878725658084
1847.8900518083572,-72.69055669068176,-72.69055669068176
1847.900051832199,-72.69324704655648,-72.69324704655648
1847.910051832199,-72.69594361326762,-72.69594361326762
1847.920051832199,-72.69864638951516,-72.69864638951516
1847.930051832199,-72.70135536737457,-72.70135536737457
1847.940051832199,-72.70407053863794,-72.70407053863794
1847.950051832199,-72.70679189485185,-72.70679189485185
1847.960051832199,-72.70951942729084,-72.70951942729084
1847.970051832199,-72.71225312699154,-72.71225312699154
1847.980051832199,-72.71499298472757,-72.71499298472757
1847.990051832199,-72.71773899104903,-72.71773899104903
1848.000051832199,-72.72049113623852,-72.72049113623852
1848.010051832199,-72.7232494103761,-72.7232494103761
1848.020051832199,-72.72601380329078,-72.72601380329078
1848.0300518321992,-72.72878430458964,-72.72878430458964
1848.0400518321992,-72.73156090366423,-72.73156090366423
1848.0500518321992,-72.73434358967334,-72.73434358967334
1848.0600518321992,-72.73713235157426,-72.73713235157426
1848.0700518321992,-72.73992717811224,-72.73992717811224
1848.0800518321992,-72.74272805782103,-72.74272805782103
1848.0900518321992,-72.74553497904316,-72.74553497904316
1848.1000518321991,-72.74834792990703,-72.74834792990703
1848.1100518321991,-72.75116689834991,-72.75116689834991
1848.1200518321991,-72.75399187212598,-72.75399187212598
1848.1300518321991,-72.75682283878528,-72.75682283878528
1848.140051832199,-72.75965978571853,-72.75965978571853
1848.150051832199,-72.76250270011057,-72.76250270011057
1848.160051832199,-72.76535156897795,-72.76535156897795
1848.170051832199,-72.76820637916364,-72.76820637916364
1848.180051832199,-72.7710671173443,-72.7710671173443
1848.190051832199,-72.77393377002119,-72.77393377002119
1848.200051832199,-72.77680632353709,-72.77680632353709
1848.210051832199,-72.77968476407227,-72.77968476407227
1848.220051832199,-72.78256907764414,-72.78256907764414
1848.230051832199,-72.78545925011976,-72.78545925011976
1848.240051832199,-72.78835526721592,-72.78835526721592
1848.250051832199,-72.79125711449599,-72.79125711449599
1848.260051832199,-72.79416477737902,-72.79416477737902
1848.270051832199,-72.79707824114581,-72.79707824114581
1848.2800518321992,-72.7999974909295,-72.7999974909295
1848.2900518321992,-72.80292251173154,-72.80292251173154
1848.3000518321992,-72.8058532884198,-72.8058532884198
1848.3100518321992,-72.80878980572406,-72.80878980572406
1848.3200518321992,-72.81173204824904,-72.81173204824904
1848.3300518321992,-72.81468000048045,-72.81468000048045
1848.3400518321992,-72.81763364677111,-72.81763364677111
1848.3500518321991,-72.82059297135164,-72.82059297135164
1848.3600518321991,-72.82355795833799,-72.82355795833799
1848.3700518321991,-72.8265285917351,-72.8265285917351
1848.3800518321991,-72.82950485543066,-72.82950485543066
1848.390051832199,-72.83248673320395,-72.83248673320395
1848.400051832199,-72.83547420871278,-72.83547420871278
1848.410051832199,-72.83846726552177,-72.83846726552177
1848.420051832199,-72.8414658870974,-72.8414658870974
1848.430051832199,-72.84447005679122,-72.84447005679122
1848.440051832199,-72.84747975786152,-72.84747975786152
1848.450051832199,-72.85049497347295,-72.85049497347295
1848.460051832199,-72.85350933157709,-72.85350933157709
1848.470051832199,-72.85652003035722,-72.85652003035722
1848.480051832199,-72.85952569528571,-72.85952569528571
1848.490051832199,-72.86252561251486,-72.86252561251486
1848.500051832199,-72.86551943632678,-72.86551943632678
1848.510051832199,-72.86850703722153,-72.86850703722153
1848.520051832199,-72.87148841285453,-72.87148841285453
1848.5300518321992,-72.87443150030236,-72.87443150030236
1848.5400518321992,-72.87732040306636,-72.87732040306636
1848.5500518321992,-72.8801454474039,-72.8801454474039
1848.5600518321992,-72.88290023191784,-72.88290023191784
1848.5700518321992,-72.8855804325955,-72.8855804325955
1848.5800518321992,-72.88818310244723,-72.88818310244723
1848.5900518321992,-72.8907062208098,-72.8907062208098
1848.6000518321991,-72.89314840037572,-72.89314840037572
1848.6100518321991,-72.89550869631196,-72.89550869631196
1848.6200518321991,-72.89778648113234,-72.89778648113234
1848.6300518321991,-72.8999813618994,-72.8999813618994
1848.640051832199,-72.90209312481848,-72.90209312481848
1848.650051832199,-72.90412169762267,-72.90412169762267
1848.660051832199,-72.90606712355272,-72.90606712355272
1848.670051832199,-72.9079295430319,-72.9079295430319
1848.680051832199,-72.90970918033675,-72.90970918033675
1848.690051832199,-72.91140633369587,-72.91140633369587
1848.700051832199,-72.91302136759448,-72.91302136759448
1848.710051832199,-72.91455470663463,-72.91455470663463
1848.720051832199,-72.91600683042722,-72.91600683042722
1848.730051832199,-72.91737826924697,-72.91737826924697
1848.740051832199,-72.91866960016004,-72.91866960016004
1848.750051856041,-72.91988144643365,-72.91988144643365
1848.760051856041,-72.92101446261606,-72.92101446261606
1848.770051856041,-72.92206934961297,-72.92206934961297
1848.780051856041,-72.92304683960057,-72.92304683960057
1848.790051856041,-72.92394769661237,-72.92394769661237
1848.800051856041,-72.92477271405888,-72.92477271405888
1848.810051856041,-72.92552271239246,-72.92552271239246
1848.820051856041,-72.92619853688146,-72.92619853688146
1848.8300518560409,-72.92680105550022,-72.92680105550022
1848.8400518560409,-72.92733115691323,-72.92733115691323
1848.8500518560409,-72.92778974857309,-72.92778974857309
1848.8600518560409,-72.92817775489424,-72.92817775489424
1848.8700518560408,-72.92849611555029,-72.92849611555029
1848.880051856041,-72.92874578379633,-72.92874578379633
1848.890051856041,-72.92892772495382,-72.92892772495382
1848.900051856041,-72.92904291491777,-72.92904291491777
1848.910051856041,-72.92909233877393,-72.92909233877393
1848.920051856041,-72.92907698946392,-72.92907698946392
1848.930051856041,-72.92899786654979,-72.92899786654979
1848.940051856041,-72.92885597504105,-72.92885597504105
1848.950051856041,-72.92865232426962,-72.92865232426962
1848.960051856041,-72.92838792686202,-72.92838792686202
1848.970051856041,-72.9280637977309,-72.9280637977309
1848.980051856041,-72.9276809531717,-72.9276809531717
1848.990051856041,-72.92715934600257,-72.92715934600257
1849.000051856041,-72.9264681173885,-72.9264681173885
1849.010051856041,-72.92559331576983,-72.92559331576983
1849.020051856041,-72.92452803695883,-72.92452803695883
1849.030051856041,-72.92326938031452,-72.92326938031452
1849.040051856041,-72.92181704585389,-72.92181704585389
1849.050051856041,-72.92017247683627,-72.92017247683627
1849.060051856041,-72.91833827958104,-72.91833827958104
1849.070051856041,-72.91631782108941,-72.91631782108941
1849.0800518560409,-72.9141149491919,-72.9141149491919
1849.0900518560409,-72.9117337985478,-72.9117337985478
1849.1000518560409,-72.90917865691739,-72.90917865691739
1849.1100518560409,-72.9064538736791,-72.9064538736791
1849.1200518560408,-72.90356379795462,-72.90356379795462
1849.130051856041,-72.9005127374094,-72.9005127374094
1849.140051856041,-72.8973049314657,-72.8973049314657
1849.150051856041,-72.89394453447294,-72.89394453447294
1849.160051856041,-72.89043560585009,-72.89043560585009
1849.170051856041,-72.88678210489857,-72.88678210489857
1849.180051856041,-72.88298788886473,-72.88298788886473
1849.190051856041,-72.87905671315245,-72.87905671315245
1849.200051856041,-72.87499223289562,-72.87499223289562
1849.210051856041,-72.87079166046124,-72.87079166046124
1849.220051856041,-72.86645568779565,-72.86645568779565
1849.230051856041,-72.86198634343515,-72.86198634343515
1849.240051856041,-72.8573862284144,-72.8573862284144
1849.250051856041,-72.85265822693427,-72.85265822693427
1849.260051856041,-72.84780535773889,-72.84780535773889
1849.270051856041,-72.84283068829411,-72.84283068829411
1849.280051856041,-72.83773728444633,-72.83773728444633
1849.290051856041,-72.83252818117323,-72.83252818117323
1849.300051856041,-72.82720636610472,-72.82720636610472
1849.310051856041,-72.82177477064364,-72.82177477064364
1849.320051856041,-72.81623626570743,-72.81623626570743
1849.3300518560409,-72.81059366017656,-72.81059366017656
1849.3400518560409,-72.80484970095145,-72.80484970095145
1849.3500518560409,-72.79900707396921,-72.79900707396921
1849.3600518560409,-72.79306840570065,-72.79306840570065
1849.3700518560408,-72.78703626492535,-72.78703626492535
1849.380051856041,-72.7809131645591,-72.7809131645591
1849.390051856041,-72.77470156355714,-72.77470156355714
1849.400051856041,-72.76840386869753,-72.76840386869753
1849.410051856041,-72.76202243636037,-72.76202243636037
1849.420051856041,-72.75555957416096,-72.75555957416096
1849.430051856041,-72.74901754254493,-72.74901754254493
1849.440051856041,-72.74239855622461,-72.74239855622461
1849.450051856041,-72.73570478559989,-72.73570478559989
1849.460051856041,-72.72893835806029,-72.72893835806029
1849.470051856041,-72.72210135917383,-72.72210135917383
1849.480051856041,-72.71519583390064,-72.71519583390064
1849.490051856041,-72.70822378766556,-72.70822378766556
1849.500051856041,-72.70118718737767,-72.70118718737767
1849.510051856041,-72.69408796242784,-72.69408796242784
1849.520051856041,-72.68692800561979,-72.68692800561979
1849.530051856041,-72.67970917406241,-72.67970917406241
1849.540051856041,-72.6724332900026,-72.6724332900026
1849.550051856041,-72.66510214164674,-72.66510214164674
1849.560051856041,-72.65771748393054,-72.65771748393054
1849.570051856041,-72.65028103925953,-72.65028103925953
1849.5800518560409,-72.64279449822973,-72.64279449822973
1849.5900518560409,-72.63525952031624,-72.63525952031624
1849.6000518798828,-72.62767771645008,-72.62767771645008
1849.6100518798828,-72.62005072174628,-72.62005072174628
1849.6200518798828,-72.61238008836668,-72.61238008836668
1849.6300518798828,-72.60466735761858,-72.60466735761858
1849.6400518798828,-72.59691404280144,-72.59691404280144
1849.6500518798828,-72.58912162974052,-72.58912162974052
1849.6600518798828,-72.58129157730848,-72.58129157730848
1849.6700518798827,-72.5734253179853,-72.5734253179853
1849.6800518798827,-72.56552425832655,-72.56552425832655
1849.6900518798827,-72.55758977948005,-72.55758977948005
1849.7000518798827,-72.5496232376746,-72.5496232376746
1849.7100518798827,-72.54162596466743,-72.54162596466743
1849.7200518798827,-72.53359926821676,-72.53359926821676
1849.730051879883,-72.52554443252676,-72.52554443252676
1849.740051879883,-72.51746271866712,-72.51746271866712
1849.750051879883,-72.50935536502242,-72.50935536502242
1849.760051879883,-72.5012235876785,-72.5012235876785
1849.7700518798829,-72.49306858083276,-72.49306858083276
1849.7800518798829,-72.48489151720274,-72.48489151720274
1849.7900518798829,-72.47669354839785,-72.47669354839785
1849.8000518798829,-72.46847580528426,-72.46847580528426
1849.8100518798828,-72.46023939837647,-72.46023939837647
1849.8200518798828,-72.45198541816907,-72.45198541816907
1849.8300518798828,-72.44371493553436,-72.44371493553436
1849.8400518798828,-72.43542900199931,-72.43542900199931
1849.8500518798828,-72.42712865015675,-72.42712865015675
1849.8600518798828,-72.41881489393474,-72.41881489393474
1849.8700518798828,-72.41048872895145,-72.41048872895145
1849.8800518798828,-72.40215113281562,-72.40215113281562
1849.8900518798828,-72.39380306545375,-72.39380306545375
1849.9000518798828,-72.38544546940552,-72.38544546940552
1849.9100518798828,-72.37707927011283,-72.37707927011283
1849.9200518798827,-72.36870537622771,-72.36870537622771
1849.9300518798827,-72.36032467988603,-72.36032467988603
1849.9400518798827,-72.35193805699258,-72.35193805699258
1849.9500518798827,-72.3435463675063,-72.3435463675063
1849.9600518798827,-72.33514417036396,-72.33514417036396
1849.9700518798827,-72.32672955720024,-72.32672955720024
1849.980051879883,-72.31830202048131,-72.31830202048131
1849.990051879883,-72.3098616918725,-72.3098616918725
1850.000051879883,-72.30140905205482,-72.30140905205482
1850.010051879883,-72.29294478040083,-72.29294478040083
1850.0200518798829,-72.28446966694825,-72.28446966694825
1850.0300518798829,-72.27598455975861,-72.27598455975861
1850.0400518798829,-72.26749033330138,-72.26749033330138
1850.0500518798829,-72.2589878696788,-72.2589878696788
1850.0600518798828,-72.25047804752528,-72.25047804752528
1850.0700518798828,-72.24196173559672,-72.24196173559672
1850.0800518798828,-72.23343978920884,-72.23343978920884
1850.0900518798828,-72.22491304840736,-72.22491304840736
1850.1000518798828,-72.21638233715022,-72.21638233715022
1850.1100518798828,-72.207848463136,-72.207848463136
1850.1200518798828,-72.19931221797094,-72.19931221797094
1850.1300518798828,-72.19077437751281,-72.19077437751281
1850.1400518798828,-72.18223570234295,-72.18223570234295
1850.1500518798828,-72.17369693824718,-72.17369693824718
1850.1600518798828,-72.1651588166904,-72.1651588166904
1850.1700518798827,-72.15662205532391,-72.15662205532391
1850.1800518798827,-72.14808735841326,-72.14808735841326
1850.1900518798827,-72.13955541724431,-72.13955541724431
1850.2000518798827,-72.1310269105157,-72.1310269105157
1850.2100518798827,-72.12250250469494,-72.12250250469494
1850.2200518798827,-72.11398285432757,-72.11398285432757
1850.230051879883,-72.1054686023305,-72.1054686023305
1850.240051879883,-72.09696038028066,-72.09696038028066
1850.250051879883,-72.08845880864838,-72.08845880864838
1850.260051879883,-72.0799644970453,-72.0799644970453
1850.2700518798829,-72.07147804442477,-72.07147804442477
1850.2800518798829,-72.06300003929887,-72.06300003929887
1850.2900518798829,-72.05453105991332,-72.05453105991332
1850.3000518798829,-72.04607167443237,-72.04607167443237
1850.3100518798828,-72.03762244112038,-72.03762244112038
1850.3200518798828,-72.02918390848909,-72.02918390848909
1850.3300518798828,-72.02075661545857,-72.02075661545857
1850.3400518798828,-72.01234109149053,-72.01234109149053
1850.3500518798828,-72.00393785675998,-72.00393785675998
1850.3600518798828,-71.995547422267,-71.995547422267
1850.3700518798828,-71.98717028997164,-71.98717028997164
1850.3800518798828,-71.97880695295464,-71.97880695295464
1850.3900518798828,-71.97045789551053,-71.97045789551053
1850.4000518798828,-71.9621235932615,-71.9621235932615
1850.4100518798828,-71.95380451333217,-71.95380451333217
1850.4200518798827,-71.94550111439591,-71.94550111439591
1850.4300518798827,-71.93721384685615,-71.93721384685615
1850.4400518798827,-71.92894315290944,-71.92894315290944
1850.4500519037247,-71.92068944703497,-71.92068944703497
1850.4600519037247,-71.91245319474031,-71.91245319474031
1850.4700519037247,-71.90423479465802,-71.90423479465802
1850.4800519037246,-71.89603465734203,-71.89603465734203
1850.4900519037246,-71.8878531857018,-71.8878531857018
1850.5000519037246,-71.87969077510631,-71.87969077510631
1850.5100519037246,-71.87154781348839,-71.87154781348839
1850.5200519037246,-71.86342468143894,-71.86342468143894
1850.5300519037246,-71.85532175230605,-71.85532175230605
1850.5400519037246,-71.84723939230273,-71.84723939230273
1850.5500519037246,-71.83917796059569,-71.83917796059569
1850.5600519037246,-71.83113780940756,-71.83113780940756
1850.5700519037246,-71.8231192840989,-71.8231192840989
1850.5800519037248,-71.815122723293,-71.815122723293
1850.5900519037248,-71.80714845891957,-71.80714845891957
1850.6000519037248,-71.7991968163507,-71.7991968163507
1850.6100519037248,-71.79126811447469,-71.79126811447469
1850.6200519037247,-71.78336266578384,-71.78336266578384
1850.6300519037247,-71.7754807764585,-71.7754807764585
1850.6400519037247,-71.76762274648075,-71.76762274648075
1850.6500519037247,-71.75978886968579,-71.75978886968579
1850.6600519037247,-71.7519794338721,-71.7519794338721
1850.6700519037247,-71.74419472087871,-71.74419472087871
1850.6800519037247,-71.73643500666661,-71.73643500666661
1850.6900519037247,-71.72870056140943,-71.72870056140943
1850.7000519037247,-71.72099164956205,-71.72099164956205
1850.7100519037247,-71.71330230102079,-71.71330230102079
1850.7200519037247,-71.70563005787274,-71.70563005787274
1850.7300519037246,-71.69797386025816,-71.69797386025816
1850.7400519037246,-71.69033329112277,-71.69033329112277
1850.7500519037246,-71.68270828844253,-71.68270828844253
1850.7600519037246,-71.67509899594167,-71.67509899594167
1850.7700519037246,-71.66750567576766,-71.66750567576766
1850.7800519037246,-71.65992865605364,-71.65992865605364
1850.7900519037246,-71.65236829947759,-71.65236829947759
1850.8000519037246,-71.64482498448817,-71.64482498448817
1850.8100519037246,-71.63729909414181,-71.63729909414181
1850.8200519037246,-71.62979100963813,-71.62979100963813
1850.8300519037248,-71.62230110663488,-71.62230110663488
1850.8400519037248,-71.61482975332697,-71.61482975332697
1850.8500519037248,-71.6073773094981,-71.6073773094981
1850.8600519037248,-71.59994412624019,-71.59994412624019
1850.8700519037247,-71.59253054595875,-71.59253054595875
1850.8800519037247,-71.58513690266142,-71.58513690266142
1850.8900519037247,-71.57776352223874,-71.57776352223874
1850.9000519037247,-71.57041072287613,-71.57041072287613
1850.9100519037247,-71.56307881539814,-71.56307881539814
1850.9200519037247,-71.55576810363465,-71.55576810363465
1850.9300519037247,-71.5484788847573,-71.5484788847573
1850.9400519037247,-71.54121144957594,-71.54121144957594
1850.9500519037247,-71.53396608281437,-71.53396608281437
1850.9600519037247,-71.52674306334397,-71.52674306334397
1850.9700519037247,-71.51954266439789,-71.51954266439789
1850.9800519037246,-71.51236515378984,-71.51236515378984
1850.9900519037246,-71.50521079403495,-71.50521079403495
1851.0000519037246,-71.49807984253667,-71.49807984253667
1851.0100519037246,-71.49097255170712,-71.49097255170712
1851.0200519037246,-71.48388916909153,-71.48388916909153
1851.0300519037246,-71.47682993746791,-71.47682993746791
1851.0400519037246,-71.46979509493966,-71.46979509493966
1851.0500519037246,-71.46278487503291,-71.46278487503291
1851.0600519037246,-71.45579950677075,-71.45579950677075
1851.0700519037246,-71.44883921474774,-71.44883921474774
1851.0800519037248,-71.44190421918275,-71.44190421918275
1851.0900519037248,-71.43499473600724,-71.43499473600724
1851.1000519037248,-71.42811097689784,-71.42811097689784
1851.1100519037248,-71.4212531493477,-71.4212531493477
1851.1200519037247,-71.41442145670544,-71.41442145670544
1851.1300519037247,-71.4076160982444,-71.4076160982444
1851.1400519037247,-71.40083726918387,-71.40083726918387
1851.1500519037247,-71.39408516075972,-71.39408516075972
1851.1600519037247,-71.38735996024214,-71.38735996024214
1851.1700519037247,-71.38066185100811,-71.38066185100811
1851.1800519037247,-71.37399101255859,-71.37399101255859
1851.1900519037247,-71.36734762056835,-71.36734762056835
1851.2000519037247,-71.3607318469454,-71.3607318469454
1851.2100519037247,-71.35414385982595,-71.35414385982595
1851.2200519037247,-71.34758382365457,-71.34758382365457
1851.2300519037246,-71.34105189921424,-71.34105189921424
1851.2400519037246,-71.33454824365371,-71.33454824365371
1851.2500519037246,-71.32807301053246,-71.32807301053246
1851.2600519037246,-71.32162634985913,-71.32162634985913
1851.2700519037246,-71.3152084081287,-71.3152084081287
1851.2800519037246,-71.30881932836283,-71.30881932836283
1851.2900519037246,-71.30245925014431,-71.30245925014431
1851.3000519275665,-71.2961282945711,-71.2961282945711
1851.3100519275665,-71.28982662470382,-71.28982662470382
1851.3200519275665,-71.28355435485581,-71.28355435485581
1851.3300519275665,-71.27731161124811,-71.27731161124811
1851.3400519275665,-71.27109851682428,-71.27109851682428
1851.3500519275665,-71.26491519132028,-71.26491519132028
1851.3600519275665,-71.25876175129733,-71.25876175129733
1851.3700519275665,-71.2526383101673,-71.2526383101673
1851.3800519275665,-71.24654497824808,-71.24654497824808
1851.3900519275664,-71.24048186277449,-71.24048186277449
1851.4000519275664,-71.23444906796604,-71.23444906796604
1851.4100519275664,-71.22844669503269,-71.22844669503269
1851.4200519275664,-71.22247484223621,-71.22247484223621
1851.4300519275666,-71.21653360491091,-71.21653360491091
1851.4400519275666,-71.21062307550238,-71.21062307550238
1851.4500519275666,-71.20474334360733,-71.20474334360733
1851.4600519275666,-71.19889449601214,-71.19889449601214
1851.4700519275666,-71.19307661670882,-71.19307661670882
1851.4800519275666,-71.18728978695088,-71.18728978695088
1851.4900519275666,-71.18153408528508,-71.18153408528508
1851.5000519275666,-71.17580958758671,-71.17580958758671
1851.5100519275666,-71.17011636707878,-71.17011636707878
1851.5200519275666,-71.1644544943877,-71.1644544943877
1851.5300519275665,-71.15882403756612,-71.15882403756612
1851.5400519275665,-71.1532250621312,-71.1532250621312
1851.5500519275665,-71.14765763108998,-71.14765763108998
1851.5600519275665,-71.14212180498396,-71.14212180498396
1851.5700519275665,-71.1366176419189,-71.1366176419189
1851.5800519275665,-71.13114519759328,-71.13114519759328
1851.5900519275665,-71.12570452534237,-71.12570452534237
1851.6000519275665,-71.12029567616008,-71.12029567616008
1851.6100519275665,-71.11491869873379,-71.11491869873379
1851.6200519275665,-71.10957363947546,-71.10957363947546
1851.6300519275665,-71.10426054255622,-71.10426054255622
1851.6400519275664,-71.09897944993953,-71.09897944993953
1851.6500519275664,-71.09373040140473,-71.09373040140473
1851.6600519275664,-71.08851343459438,-71.08851343459438
1851.6700519275664,-71.08332858502735,-71.08332858502735
1851.6800519275666,-71.0781758861387,-71.0781758861387
1851.6900519275666,-71.07305536930429,-71.07305536930429
1851.7000519275666,-71.06796706387621,-71.06796706387621
1851.7100519275666,-71.06291099720745,-71.06291099720745
1851.7200519275666,-71.05788719468069,-71.05788719468069
1851.7300519275666,-71.05289567975613,-71.05289567975613
1851.7400519275666,-71.04793647396848,-71.04793647396848
1851.7500519275666,-71.04300959697177,-71.04300959697177
1851.7600519275666,-71.03811506657314,-71.03811506657314
1851.7700519275666,-71.03325289875949,-71.03325289875949
1851.7800519275665,-71.02842310771184,-71.02842310771184
1851.7900519275665,-71.02362570584543,-71.02362570584543
1851.8000519275665,-71.0188607038284,-71.0188607038284
1851.8100519275665,-71.0141281106152,-71.0141281106152
1851.8200519275665,-71.00942793346589,-71.00942793346589
1851.8300519275665,-71.00476017798893,-71.00476017798893
1851.8400519275665,-71.0001248481467,-71.0001248481467
1851.8500519275665,-70.99552194628244,-70.99552194628244
1851.8600519275665,-70.99095147316771,-70.99095147316771
1851.8700519275665,-70.98641342799058,-70.98641342799058
1851.8800519275665,-70.98190780841755,-70.98190780841755
1851.8900519275664,-70.97743461060135,-70.97743461060135
1851.9000519275664,-70.97299382919667,-70.97299382919667
1851.9100519275664,-70.96858545739504,-70.96858545739504
1851.9200519275664,-70.96420948694872,-70.96420948694872
1851.9300519275666,-70.95986590818845,-70.95986590818845
1851.9400519275666,-70.95555471005315,-70.95555471005315
1851.9500519275666,-70.95127588010408,-70.95127588010408
1851.9600519275666,-70.94702940455295,-70.94702940455295
1851.9700519275666,-70.94281526828173,-70.94281526828173
1851.9800519275666,-70.93863345485556,-70.93863345485556
1851.9900519275666,-70.93448394656319,-70.93448394656319
1852.0000519275666,-70.93036672444315,-70.93036672444315
1852.0100519275666,-70.92628176826139,-70.92628176826139
1852.0200519275666,-70.92222905657948,-70.92222905657948
1852.0300519275665,-70.91820856675156,-70.91820856675156
1852.0400519275665,-70.91422027495118,-70.91422027495118
1852.0500519275665,-70.9102641561874,-70.9102641561874
1852.0600519275665,-70.90634018432314,-70.90634018432314
1852.0700519275665,-70.90244833210244,-70.90244833210244
1852.0800519275665,-70.89858857117213,-70.89858857117213
1852.0900519275665,-70.89476087207164,-70.89476087207164
1852.1000519275665,-70.89096520429494,-70.89096520429494
1852.1100519275665,-70.88720153628263,-70.88720153628263
1852.1200519275665,-70.88346983543569,-70.88346983543569
1852.1300519275665,-70.87977006815424,-70.87977006815424
1852.1400519275664,-70.87610219984131,-70.87610219984131
1852.1500519514084,-70.87246618625942,-70.87246618625942
1852.1600519514084,-70.86886200828854,-70.86886200828854
1852.1700519514084,-70.86528961967504,-70.86528961967504
1852.1800519514084,-70.86174898201699,-70.86174898201699
1852.1900519514083,-70.85824005600324,-70.85824005600324
1852.2000519514083,-70.85476280142406,-70.85476280142406
1852.2100519514083,-70.85131717719334,-70.85131717719334
1852.2200519514083,-70.84790314135826,-70.84790314135826
1852.2300519514083,-70.84452065112828,-70.84452065112828
1852.2400519514083,-70.84116966287073,-70.84116966287073
1852.2500519514083,-70.8378501321471,-70.8378501321471
1852.2600519514083,-70.83456201371494,-70.83456201371494
1852.2700519514083,-70.83130526154092,-70.83130526154092
1852.2800519514085,-70.82807982882134,-70.82807982882134
1852.2900519514085,-70.82488566800417,-70.82488566800417
1852.3000519514085,-70.82172273078773,-70.82172273078773
1852.3100519514085,-70.81859096813895,-70.81859096813895
1852.3200519514085,-70.81549033031136,-70.81549033031136
1852.3300519514084,-70.81242076686063,-70.81242076686063
1852.3400519514084,-70.80938222664905,-70.80938222664905
1852.3500519514084,-70.80637465786683,-70.80637465786683
1852.3600519514084,-70.80339800804148,-70.80339800804148
1852.3700519514084,-70.80045222405278,-70.80045222405278
1852.3800519514084,-70.79753725213578,-70.79753725213578
1852.3900519514084,-70.79465303791604,-70.79465303791604
1852.4000519514084,-70.79179952639022,-70.79179952639022
1852.4100519514084,-70.78897666196437,-70.78897666196437
1852.4200519514084,-70.78618438845612,-70.78618438845612
1852.4300519514084,-70.7834226491138,-70.7834226491138
1852.4400519514083,-70.78069138660254,-70.78069138660254
1852.4500519514083,-70.77799054305267,-70.77799054305267
1852.4600519514083,-70.7753200600412,-70.7753200600412
1852.4700519514083,-70.77267987861767,-70.77267987861767
1852.4800519514083,-70.77006993930935,-70.77006993930935
1852.4900519514083,-70.76749018214355,-70.76749018214355
1852.5000519514083,-70.7649405466385,-70.7649405466385
1852.5100519514083,-70.762420971828,-70.762420971828
1852.5200519514083,-70.75993139627234,-70.75993139627234
1852.5300519514085,-70.75747175805219,-70.75747175805219
1852.5400519514085,-70.75504199480278,-70.75504199480278
1852.5500519514085,-70.75264204370681,-70.75264204370681
1852.5600519514085,-70.75027184151453,-70.75027184151453
1852.5700519514085,-70.74793132453787,-70.74793132453787
1852.5800519514084,-70.74562042867359,-70.74562042867359
1852.5900519514084,-70.74333908941243,-70.74333908941243
1852.6000519514084,-70.74108724184339,-70.74108724184339
1852.6100519514084,-70.73886482066044,-70.73886482066044
1852.6200519514084,-70.73667176017616,-70.73667176017616
1852.6300519514084,-70.73450799433301,-70.73450799433301
1852.6400519514084,-70.73237345670506,-70.73237345670506
1852.6500519514084,-70.73026808051077,-70.73026808051077
1852.6600519514084,-70.72819179863038,-70.72819179863038
1852.6700519514084,-70.7261445435834,-70.7261445435834
1852.6800519514084,-70.72412624757308,-70.72412624757308
1852.6900519514083,-70.7221368424686,-70.7221368424686
1852.7000519514083,-70.72017625983317,-70.72017625983317
1852.7100519514083,-70.71824443091751,-70.71824443091751
1852.7200519514083,-70.7163412866749,-70.7163412866749
1852.7300519514083,-70.71446675776754,-70.71446675776754
1852.7400519514083,-70.71262077455971,-70.71262077455971
1852.7500519514083,-70.71080326715835,-70.71080326715835
1852.7600519514083,-70.70901416538304,-70.70901416538304
1852.7700519514083,-70.70725339879702,-70.70725339879702
1852.7800519514085,-70.70552089670016,-70.70552089670016
1852.7900519514085,-70.7038165881544,-70.7038165881544
1852.8000519514085,-70.70214040197341,-70.70214040197341
1852.8100519514085,-70.70049226672452,-70.70049226672452
1852.8200519514085,-70.6988721107709,-70.6988721107709
1852.8300519514084,-70.6972798622327,-70.6972798622327
1852.8400519514084,-70.69571544901002,-70.69571544901002
1852.8500519514084,-70.69417879881182,-70.69417879881182
1852.8600519514084,-70.69266983912625,-70.69266983912625
1852.8700519514084,-70.6911884972569,-70.6911884972569
1852.8800519514084,-70.68973470030917,-70.68973470030917
1852.8900519514084,-70.68830837520188,-70.68830837520188
1852.9000519514084,-70.68690944867221,-70.68690944867221
1852.9100519514084,-70.68553784729228,-70.68553784729228
1852.9200519514084,-70.68419349745707,-70.68419349745707
1852.9300519514084,-70.68287632541211,-70.68287632541211
1852.9400519514083,-70.6815862572238,-70.6815862572238
1852.9500519514083,-70.68032321882174,-70.68032321882174
1852.9600519514083,-70.67908713600006,-70.67908713600006
1852.9700519514083,-70.67787793438454,-70.67787793438454
1852.9800519514083,-70.67669553948767,-70.67669553948767
1852.9900519514083,-70.67553987668407,-70.67553987668407
1853.0000519752502,-70.67441086853715,-70.67441086853715
1853.0100519752502,-70.6733084456332,-70.6733084456332
1853.0200519752502,-70.67223253019566,-70.67223253019566
1853.0300519752502,-70.67118304713337,-70.67118304713337
1853.0400519752502,-70.67015992124745,-70.67015992124745
1853.0500519752502,-70.6691630772341,-70.6691630772341
1853.0600519752502,-70.66819243969445,-70.66819243969445
1853.0700519752502,-70.66724793312844,-70.66724793312844
1853.0800519752502,-70.66632948195611,-70.66632948195611
1853.0900519752502,-70.66543701051687,-70.66543701051687
1853.1000519752502,-70.66457044306333,-70.66457044306333
1853.1100519752501,-70.66372970377246,-70.66372970377246
1853.1200519752501,-70.66291471676269,-70.66291471676269
1853.1300519752504,-70.66212540608225,-70.66212540608225
1853.1400519752503,-70.66136169570555,-70.66136169570555
1853.1500519752503,-70.66062350956065,-70.66062350956065
1853.1600519752503,-70.65991077150981,-70.65991077150981
1853.1700519752503,-70.65922340538417,-70.65922340538417
1853.1800519752503,-70.65856133495241,-70.65856133495241
1853.1900519752503,-70.65792448394565,-70.65792448394565
1853.2000519752503,-70.65731277605124,-70.65731277605124
1853.2100519752503,-70.6567261349353,-70.6567261349353
1853.2200519752503,-70.65616448421329,-70.65616448421329
1853.2300519752503,-70.65562774748479,-70.65562774748479
1853.2400519752503,-70.65511584832431,-70.65511584832431
1853.2500519752502,-70.65462871027917,-70.65462871027917
1853.2600519752502,-70.65416625689038,-70.65416625689038
1853.2700519752502,-70.65372841167128,-70.65372841167128
1853.2800519752502,-70.65331509812349,-70.65331509812349
1853.2900519752502,-70.6529262397556,-70.6529262397556
1853.3000519752502,-70.65256176006545,-70.65256176006545
1853.3100519752502,-70.65222158253626,-70.65222158253626
1853.3200519752502,-70.65190563066889,-70.65190563066889
1853.3300519752502,-70.6516138279628,-70.6516138279628
1853.3400519752502,-70.65134609792581,-70.65134609792581
1853.3500519752502,-70.65110236407334,-70.65110236407334
1853.3600519752501,-70.65088254994201,-70.65088254994201
1853.3700519752501,-70.65068657907108,-70.65068657907108
1853.3800519752504,-70.65051437503459,-70.65051437503459
1853.3900519752503,-70.65036586142182,-70.65036586142182
1853.4000519752503,-70.65024096184078,-70.65024096184078
1853.4100519752503,-70.65013959993077,-70.65013959993077
1853.4200519752503,-70.65006169936895,-70.65006169936895
1853.4300519752503,-70.65000718384715,-70.65000718384715
1853.4400519752503,-70.64997597711626,-70.64997597711626
1853.4500519752503,-70.6499680029448,-70.6499680029448
1853.4600519752503,-70.64998318513803,-70.64998318513803
1853.4700519752503,-70.65002144756994,-70.65002144756994
1853.4800519752503,-70.6500827141416,-70.6500827141416
1853.4900519752503,-70.6501669087961,-70.6501669087961
1853.5000519752502,-70.65027395553754,-70.65027395553754
1853.5100519752502,-70.65040377841595,-70.65040377841595
1853.5200519752502,-70.65055630153245,-70.65055630153245
1853.5300519752502,-70.65073144905483,-70.65073144905483
1853.5400519752502,-70.65092914520396,-70.65092914520396
1853.5500519752502,-70.65114931425407,-70.65114931425407
1853.5600519752502,-70.65139188054788,-70.65139188054788
1853.5700519752502,-70.65165676849865,-70.65165676849865
1853.5800519752502,-70.65194390257969,-70.65194390257969
1853.5900519752502,-70.65225320733444,-70.65225320733444
1853.6000519752502,-70.65258460737331,-70.65258460737331
1853.6100519752501,-70.65293802738509,-70.65293802738509
1853.6200519752501,-70.65331339213827,-70.65331339213827
1853.6300519752504,-70.65371062646153,-70.65371062646153
1853.6400519752503,-70.6541296552798,-70.6541296552798
1853.6500519752503,-70.65457040358105,-70.65457040358105
1853.6600519752503,-70.65503279644794,-70.65503279644794
1853.6700519752503,-70.65551675904015,-70.65551675904015
1853.6800519752503,-70.65602221659853,-70.65602221659853
1853.6900519752503,-70.6565490944675,-70.6565490944675
1853.7000519752503,-70.65709731806507,-70.65709731806507
1853.7100519752503,-70.65766681289956,-70.65766681289956
1853.7200519752503,-70.6582575045828,-70.6582575045828
1853.7300519752503,-70.6588693188117,-70.6588693188117
1853.7400519752503,-70.65950218138127,-70.65950218138127
1853.7500519752502,-70.6601560181793,-70.6601560181793
1853.7600519752502,-70.66083075519047,-70.66083075519047
1853.7700519752502,-70.66152631849981,-70.66152631849981
1853.7800519752502,-70.66224263430402,-70.66224263430402
1853.7900519752502,-70.66297962888802,-70.66297962888802
1853.8000519752502,-70.66373722864624,-70.66373722864624
1853.8100519752502,-70.66451536008107,-70.66451536008107
1853.8200519752502,-70.66531394979526,-70.66531394979526
1853.8300519752502,-70.66613292449713,-70.66613292449713
1853.8400519752502,-70.6669722110171,-70.6669722110171
1853.850051999092,-70.66783173833784,-70.66783173833784
1853.860051999092,-70.66871142947754,-70.66871142947754
1853.870051999092,-70.66961121355021,-70.66961121355021
1853.880051999092,-70.67053101783905,-70.67053101783905
1853.890051999092,-70.67147076972745,-70.67147076972745
1853.900051999092,-70.67243039672752,-70.67243039672752
1853.910051999092,-70.67340982645287,-70.67340982645287
1853.920051999092,-70.67440898664596,-70.67440898664596
1853.930051999092,-70.67542780516948,-70.67542780516948
1853.940051999092,-70.67646620999153,-70.67646620999153
1853.950051999092,-70.67752412922205,-70.67752412922205
1853.960051999092,-70.67860149107837,-70.67860149107837
1853.970051999092,-70.67969822391295,-70.67969822391295
1853.9800519990922,-70.68081425619425,-70.68081425619425
1853.9900519990922,-70.68194951652546,-70.68194951652546
1854.0000519990922,-70.68310393362549,-70.68310393362549
1854.0100519990922,-70.68427743634776,-70.68427743634776
1854.0200519990922,-70.68546995367723,-70.68546995367723
1854.0300519990922,-70.68668141472403,-70.68668141472403
1854.0400519990922,-70.687911748719,-70.687911748719
1854.0500519990921,-70.68916088504525,-70.68916088504525
1854.0600519990921,-70.69042875320135,-70.69042875320135
1854.0700519990921,-70.69171528283258,-70.69171528283258
1854.0800519990921,-70.69302040369234,-70.69302040369234
1854.090051999092,-70.69434404570202,-70.69434404570202
1854.100051999092,-70.6956861388978,-70.6956861388978
1854.110051999092,-70.69704661345335,-70.69704661345335
1854.120051999092,-70.69842539968893,-70.69842539968893
1854.130051999092,-70.69982242804639,-70.69982242804639
1854.140051999092,-70.70123762912397,-70.70123762912397
1854.150051999092,-70.7026709336412,-70.7026709336412
1854.160051999092,-70.7041222724716,-70.7041222724716
1854.170051999092,-70.70559157661714,-70.70559157661714
1854.180051999092,-70.70707877722923,-70.70707877722923
1854.190051999092,-70.70858380559828,-70.70858380559828
1854.200051999092,-70.71010659315965,-70.71010659315965
1854.210051999092,-70.71164707148174,-70.71164707148174
1854.220051999092,-70.71320517229634,-70.71320517229634
1854.2300519990922,-70.71478082744864,-70.71478082744864
1854.2400519990922,-70.71637396895575,-70.71637396895575
1854.2500519990922,-70.7179845289695,-70.7179845289695
1854.2600519990922,-70.71961243978603,-70.71961243978603
1854.2700519990922,-70.72125763385203,-70.72125763385203
1854.2800519990922,-70.72292004375554,-70.72292004375554
1854.2900519990922,-70.72459960222928,-70.72459960222928
1854.3000519990921,-70.72629624217171,-70.72629624217171
1854.3100519990921,-70.7280098966013,-70.7280098966013
1854.3200519990921,-70.72974049870881,-70.72974049870881
1854.3300519990921,-70.73148798182297,-70.73148798182297
1854.340051999092,-70.73325227942645,-70.73325227942645
1854.350051999092,-70.73503332514096,-70.73503332514096
1854.360051999092,-70.73683105275829,-70.73683105275829
1854.370051999092,-70.738645396203,-70.738645396203
1854.380051999092,-70.74047628956015,-70.74047628956015
1854.390051999092,-70.74232366706309,-70.74232366706309
1854.400051999092,-70.74418746309638,-70.74418746309638
1854.410051999092,-70.74606761220058,-70.74606761220058
1854.420051999092,-70.7479640490609,-70.7479640490609
1854.430051999092,-70.74987670851962,-70.74987670851962
1854.440051999092,-70.75180552557767,-70.75180552557767
1854.450051999092,-70.75375043538399,-70.75375043538399
1854.460051999092,-70.7557113732448,-70.7557113732448
1854.470051999092,-70.75768827461242,-70.75768827461242
1854.4800519990922,-70.75968107509915,-70.75968107509915
1854.4900519990922,-70.76168971047989,-70.76168971047989
1854.5000519990922,-70.76371411666776,-70.76371411666776
1854.5100519990922,-70.7657542297447,-70.7657542297447
1854.5200519990922,-70.76780998593851,-70.76780998593851
1854.5300519990922,-70.76988132163507,-70.76988132163507
1854.5400519990922,-70.7719681733898,-70.7719681733898
1854.5500519990921,-70.77407047788999,-70.77407047788999
1854.5600519990921,-70.7761881719952,-70.7761881719952
1854.5700519990921,-70.77832119272637,-70.77832119272637
1854.5800519990921,-70.78046947724937,-70.78046947724937
1854.590051999092,-70.78263296288479,-70.78263296288479
1854.600051999092,-70.78481158712293,-70.78481158712293
1854.610051999092,-70.78700528759778,-70.78700528759778
1854.620051999092,-70.78921400211516,-70.78921400211516
1854.630051999092,-70.79143766862661,-70.79143766862661
1854.640051999092,-70.79367622524181,-70.79367622524181
1854.650051999092,-70.7959296102438,-70.7959296102438
1854.660051999092,-70.7981977620496,-70.7981977620496
1854.670051999092,-70.80048061925224,-70.80048061925224
1854.680051999092,-70.80277812059617,-70.80277812059617
1854.690051999092,-70.80509020498151,-70.80509020498151
1854.700052022934,-70.80741681701821,-70.80741681701821
1854.710052022934,-70.8097578849022,-70.8097578849022
1854.720052022934,-70.81211335347852,-70.81211335347852
1854.730052022934,-70.81448316229583,-70.81448316229583
1854.740052022934,-70.81686725105055,-70.81686725105055
1854.750052022934,-70.81926555960612,-70.81926555960612
1854.760052022934,-70.82167802797555,-70.82167802797555
1854.770052022934,-70.82410459632838,-70.82410459632838
1854.780052022934,-70.8265452049994,-70.8265452049994
1854.7900520229339,-70.82899979447514,-70.82899979447514
1854.8000520229339,-70.83146830541021,-70.83146830541021
1854.8100520229339,-70.83395067861184,-70.83395067861184
1854.8200520229339,-70.83644685505486,-70.83644685505486
1854.830052022934,-70.83895677585579,-70.83895677585579
1854.840052022934,-70.84148038230944,-70.84148038230944
1854.850052022934,-70.8440176158582,-70.8440176158582
1854.860052022934,-70.84656841811045,-70.84656841811045
1854.870052022934,-70.84913273082597,-70.84913273082597
1854.880052022934,-70.85171049592451,-70.85171049592451
1854.890052022934,-70.85430165549442,-70.85430165549442
1854.900052022934,-70.8569061517759,-70.8569061517759
1854.910052022934,-70.8595239271585,-70.8595239271585
1854.920052022934,-70.8621549242131,-70.8621549242131
1854.930052022934,-70.86479908565222,-70.86479908565222
1854.940052022934,-70.86745635434802,-70.86745635434802
1854.950052022934,-70.870126673341,-70.870126673341
1854.960052022934,-70.87280998582268,-70.87280998582268
1854.970052022934,-70.87550623514858,-70.87550623514858
1854.980052022934,-70.87821536482187,-70.87821536482187
1854.990052022934,-70.88093731852125,-70.88093731852125
1855.000052022934,-70.88367204006921,-70.88367204006921
1855.010052022934,-70.88641947345278,-70.88641947345278
1855.020052022934,-70.8891795628189,-70.8891795628189
1855.030052022934,-70.89195225246733,-70.89195225246733
1855.0400520229339,-70.89473748685786,-70.89473748685786
1855.0500520229339,-70.89753521061269,-70.89753521061269
1855.0600520229339,-70.9003453685078,-70.9003453685078
1855.0700520229339,-70.90316790547698,-70.90316790547698
1855.080052022934,-70.90600276661317,-70.90600276661317
1855.090052022934,-70.90884989716267,-70.90884989716267
1855.100052022934,-70.9117092425293,-70.9117092425293
1855.110052022934,-70.91458074828712,-70.91458074828712
1855.120052022934,-70.91746436014634,-70.91746436014634
1855.130052022934,-70.92036002399729,-70.92036002399729
1855.140052022934,-70.92326768586408,-70.92326768586408
1855.150052022934,-70.92618729195092,-70.92618729195092
1855.160052022934,-70.92911878860008,-70.92911878860008
1855.170052022934,-70.93206212231341,-70.93206212231341
1855.180052022934,-70.93501723975344,-70.93501723975344
1855.190052022934,-70.93798408774002,-70.93798408774002
1855.200052022934,-70.94096261324314,-70.94096261324314
1855.210052022934,-70.94395276339462,-70.94395276339462
1855.220052022934,-70.94695448547678,-70.94695448547678
1855.230052022934,-70.94996772693466,-70.94996772693466
1855.240052022934,-70.95299243536202,-70.95299243536202
1855.250052022934,-70.95602855850632,-70.95602855850632
1855.260052022934,-70.95907604428086,-70.95907604428086
1855.270052022934,-70.96213484073674,-70.96213484073674
1855.280052022934,-70.96520489609345,-70.96520489609345
1855.2900520229339,-70.96828615872214,-70.96828615872214
1855.3000520229339,-70.97137857714414,-70.97137857714414
1855.3100520229339,-70.97448210004482,-70.97448210004482
1855.3200520229339,-70.97759667624928,-70.97759667624928
1855.330052022934,-70.98072225474034,-70.98072225474034
1855.340052022934,-70.98385878466432,-70.98385878466432
1855.350052022934,-70.98700621530709,-70.98700621530709
1855.360052022934,-70.99016449611405,-70.99016449611405
1855.370052022934,-70.9933335766846,-70.9933335766846
1855.380052022934,-70.99651340676476,-70.99651340676476
1855.390052022934,-70.99970393625989,-70.99970393625989
1855.400052022934,-71.00290511523153,-71.00290511523153
1855.410052022934,-71.00611689387875,-71.00611689387875
1855.420052022934,-71.00933922256449,-71.00933922256449
1855.430052022934,-71.01257205179408,-71.01257205179408
1855.440052022934,-71.01581533223485,-71.01581533223485
1855.450052022934,-71.01906901469367,-71.01906901469367
1855.460052022934,-71.02232685751005,-71.02232685751005
1855.470052022934,-71.02558609938167,-71.02558609938167
1855.480052022934,-71.02884537000081,-71.02884537000081
1855.490052022934,-71.03210394278655,-71.03210394278655
1855.500052022934,-71.03536144978638,-71.03536144978638
1855.510052022934,-71.03861773370846,-71.03861773370846
1855.520052022934,-71.04187276118552,-71.04187276118552
1855.530052022934,-71.04512657074541,-71.04512657074541
1855.5400520229339,-71.04837924147456,-71.04837924147456
1855.5500520467758,-71.05163088199852,-71.05163088199852
1855.5600520467758,-71.05488158833002,-71.05488158833002
1855.5700520467758,-71.05813148371982,-71.05813148371982
1855.5800520467758,-71.06138068395306,-71.06138068395306
1855.5900520467758,-71.0646293029888,-71.0646293029888
1855.6000520467758,-71.06787745194137,-71.06787745194137
1855.6100520467758,-71.0711252386454,-71.0711252386454
1855.6200520467758,-71.07437276757373,-71.07437276757373
1855.6300520467757,-71.07762013998472,-71.07762013998472
1855.6400520467757,-71.08086745413728,-71.08086745413728
1855.6500520467757,-71.08411480555074,-71.08411480555074
1855.6600520467757,-71.08736228729734,-71.08736228729734
1855.6700520467757,-71.090609990247,-71.090609990247
1855.680052046776,-71.09385800332355,-71.09385800332355
1855.690052046776,-71.09710641371427,-71.09710641371427
1855.700052046776,-71.10035530706064,-71.10035530706064
1855.710052046776,-71.10360476761176,-71.10360476761176
1855.720052046776,-71.10685487837102,-71.10685487837102
1855.7300520467759,-71.1101057212076,-71.1101057212076
1855.7400520467759,-71.11335737694938,-71.11335737694938
1855.7500520467759,-71.11660992546386,-71.11660992546386
1855.7600520467759,-71.11986344571973,-71.11986344571973
1855.7700520467758,-71.12311801584183,-71.12311801584183
1855.7800520467758,-71.12637371314356,-71.12637371314356
1855.7900520467758,-71.12963061416072,-71.12963061416072
1855.8000520467758,-71.1328887946903,-71.1328887946903
1855.8100520467758,-71.13614832978742,-71.13614832978742
1855.8200520467758,-71.13940929377041,-71.13940929377041
1855.8300520467758,-71.1426717602652,-71.1426717602652
1855.8400520467758,-71.1459358021642,-71.1459358021642
1855.8500520467758,-71.14920149166262,-71.14920149166262
1855.8600520467758,-71.15246890023137,-71.15246890023137
1855.8700520467758,-71.15573809862862,-71.15573809862862
1855.8800520467757,-71.1590091568912,-71.1590091568912
1855.8900520467757,-71.16228214431658,-71.16228214431658
1855.9000520467757,-71.16555712948677,-71.16555712948677
1855.9100520467757,-71.16883418022024,-71.16883418022024
1855.9200520467757,-71.17211336359426,-71.17211336359426
1855.930052046776,-71.17539474591814,-71.17539474591814
1855.940052046776,-71.17867839274315,-71.17867839274315
1855.950052046776,-71.18196436883338,-71.18196436883338
1855.960052046776,-71.18525273817444,-71.18525273817444
1855.970052046776,-71.18854356397134,-71.18854356397134
1855.9800520467759,-71.1918369085989,-71.1918369085989
1855.9900520467759,-71.195132833659,-71.195132833659
1856.0000520467759,-71.1984313999065,-71.1984313999065
1856.0100520467759,-71.20173266730428,-71.20173266730428
1856.0200520467758,-71.20503669497033,-71.20503669497033
1856.0300520467758,-71.20834354119734,-71.20834354119734
1856.0400520467758,-71.2116532634416,-71.2116532634416
1856.0500520467758,-71.2149659183263,-71.2149659183263
1856.0600520467758,-71.21828156161368,-71.21828156161368
1856.0700520467758,-71.22160024822401,-71.22160024822401
1856.0800520467758,-71.22492203224128,-71.22492203224128
1856.0900520467758,-71.22824696687131,-71.22824696687131
1856.1000520467758,-71.2315751044856,-71.2315751044856
1856.1100520467758,-71.23490649658761,-71.23490649658761
1856.1200520467758,-71.2382411938262,-71.2382411938262
1856.1300520467757,-71.24157924599653,-71.24157924599653
1856.1400520467757,-71.2449207020285,-71.2449207020285
1856.1500520467757,-71.24826561000135,-71.24826561000135
1856.1600520467757,-71.25161401713268,-71.25161401713268
1856.1700520467757,-71.25496596978672,-71.25496596978672
1856.180052046776,-71.25832151347912,-71.25832151347912
1856.190052046776,-71.26168069286503,-71.26168069286503
1856.200052046776,-71.2650435517546,-71.2650435517546
1856.210052046776,-71.26840391849568,-71.26840391849568
1856.220052046776,-71.27175911254228,-71.27175911254228
1856.2300520467759,-71.27510784821166,-71.27510784821166
1856.2400520467759,-71.27844948487817,-71.27844948487817
1856.2500520467759,-71.28178374089546,-71.28178374089546
1856.2600520467759,-71.28511054513828,-71.28511054513828
1856.2700520467758,-71.28842994995131,-71.28842994995131
1856.2800520467758,-71.29174207895075,-71.29174207895075
1856.2900520467758,-71.29504709556882,-71.29504709556882
1856.3000520467758,-71.29834518424259,-71.29834518424259
1856.3100520467758,-71.3016365391737,-71.3016365391737
1856.3200520467758,-71.30492135772673,-71.30492135772673
1856.3300520467758,-71.30819983663471,-71.30819983663471
1856.3400520467758,-71.31147216994896,-71.31147216994896
1856.3500520467758,-71.31473854795446,-71.31473854795446
1856.3600520467758,-71.31799915679676,-71.31799915679676
1856.3700520467758,-71.32125417835665,-71.32125417835665
1856.3800520467757,-71.32450379042064,-71.32450379042064
1856.3900520467757,-71.32774816687862,-71.32774816687862
1856.4000520706177,-71.33098748574174,-71.33098748574174
1856.4100520706177,-71.33422189853106,-71.33422189853106
1856.4200520706177,-71.33745157687537,-71.33745157687537
1856.4300520706176,-71.34067668186776,-71.34067668186776
1856.4400520706176,-71.34389737200708,-71.34389737200708
1856.4500520706176,-71.34711380339235,-71.34711380339235
1856.4600520706176,-71.35032612991687,-71.35032612991687
1856.4700520706176,-71.35353450335984,-71.35353450335984
1856.4800520706176,-71.35673907354692,-71.35673907354692
1856.4900520706176,-71.3599399884524,-71.3599399884524
1856.5000520706176,-71.363137394262,-71.363137394262
1856.5100520706176,-71.36633143545104,-71.36633143545104
1856.5200520706176,-71.36952225486613,-71.36952225486613
1856.5300520706178,-71.37270999372747,-71.37270999372747
1856.5400520706178,-71.37589479171181,-71.37589479171181
1856.5500520706178,-71.37907678695939,-71.37907678695939
1856.5600520706178,-71.38225611609242,-71.38225611609242
1856.5700520706177,-71.38543291425755,-71.38543291425755
1856.5800520706177,-71.38860731510742,-71.38860731510742
1856.5900520706177,-71.39177945085216,-71.39177945085216
1856.6000520706177,-71.39494945222705,-71.39494945222705
1856.6100520706177,-71.39811744853407,-71.39811744853407
1856.6200520706177,-71.40128356760421,-71.40128356760421
1856.6300520706177,-71.40444793585053,-71.40444793585053
1856.6400520706177,-71.40761067822766,-71.40761067822766
1856.6500520706177,-71.41077191824711,-71.41077191824711
1856.6600520706177,-71.41393177797332,-71.41393177797332
1856.6700520706177,-71.4170903780422,-71.4170903780422
1856.6800520706176,-71.42024783762383,-71.42024783762383
1856.6900520706176,-71.42340427445869,-71.42340427445869
1856.7000520706176,-71.42655980483163,-71.42655980483163
1856.7100520706176,-71.42970831538085,-71.42970831538085
1856.7200520706176,-71.43284719115181,-71.43284719115181
1856.7300520706176,-71.43597521464038,-71.43597521464038
1856.7400520706176,-71.43909181430786,-71.43909181430786
1856.7500520706176,-71.44219677782414,-71.44219677782414
1856.7600520706176,-71.44529010327264,-71.44529010327264
1856.7700520706176,-71.44837191191363,-71.44837191191363
1856.7800520706178,-71.45144239580823,-71.45144239580823
1856.7900520706178,-71.45450178632846,-71.45450178632846
1856.8000520706178,-71.4575503352581,-71.4575503352581
1856.8100520706178,-71.46058830353167,-71.46058830353167
1856.8200520706177,-71.46361595462241,-71.46361595462241
1856.8300520706177,-71.46663355072619,-71.46663355072619
1856.8400520706177,-71.46964135069838,-71.46964135069838
1856.8500520706177,-71.47263960898665,-71.47263960898665
1856.8600520706177,-71.4756285751979,-71.4756285751979
1856.8700520706177,-71.4786084940479,-71.4786084940479
1856.8800520706177,-71.48157960547842,-71.48157960547842
1856.8900520706177,-71.48454214488925,-71.48454214488925
1856.9000520706177,-71.4874963434088,-71.4874963434088
1856.9100520706177,-71.49044242816682,-71.49044242816682
1856.9200520706177,-71.49338062258151,-71.49338062258151
1856.9300520706176,-71.4963111466026,-71.4963111466026
1856.9400520706176,-71.49923421692745,-71.49923421692745
1856.9500520706176,-71.50215004720378,-71.50215004720378
1856.9600520706176,-71.50505884820195,-71.50505884820195
1856.9700520706176,-71.50796082794972,-71.50796082794972
1856.9800520706176,-71.51085619186274,-71.51085619186274
1856.9900520706176,-71.5137451428525,-71.5137451428525
1857.0000520706176,-71.5166278814092,-71.5166278814092
1857.0100520706176,-71.51950460567254,-71.51950460567254
1857.0200520706176,-71.52237551149956,-71.52237551149956
1857.0300520706178,-71.52524079251353,-71.52524079251353
1857.0400520706178,-71.52810064014176,-71.52810064014176
1857.0500520706178,-71.53095524365372,-71.53095524365372
1857.0600520706178,-71.53380479019098,-71.53380479019098
1857.0700520706177,-71.5366494647621,-71.5366494647621
1857.0800520706177,-71.5394894503164,-71.5394894503164
1857.0900520706177,-71.54232492769547,-71.54232492769547
1857.1000520706177,-71.54515607569448,-71.54515607569448
1857.1100520706177,-71.54798307105034,-71.54798307105034
1857.1200520706177,-71.55080608845218,-71.55080608845218
1857.1300520706177,-71.55362530054377,-71.55362530054377
1857.1400520706177,-71.55644087795017,-71.55644087795017
1857.1500520706177,-71.55925298923745,-71.55925298923745
1857.1600520706177,-71.56206180096602,-71.56206180096602
1857.1700520706177,-71.56486747767984,-71.56486747767984
1857.1800520706176,-71.56767018188741,-71.56767018188741
1857.1900520706176,-71.57047007408856,-71.57047007408856
1857.2000520706176,-71.5732673127827,-71.5732673127827
1857.2100520706176,-71.57605581444409,-71.57605581444409
1857.2200520706176,-71.57883300072066,-71.57883300072066
1857.2300520706176,-71.58159769306852,-71.58159769306852
1857.2400520706176,-71.58434935972497,-71.58434935972497
1857.2500520944595,-71.5870878349116,-71.5870878349116
1857.2600520944595,-71.58981314355958,-71.58981314355958
1857.2700520944595,-71.59252545312577,-71.59252545312577
1857.2800520944595,-71.5952249949181,-71.5952249949181
1857.2900520944595,-71.59791203906643,-71.59791203906643
1857.3000520944595,-71.6005868756191,-71.6005868756191
1857.3100520944595,-71.60324980322297,-71.60324980322297
1857.3200520944595,-71.6059011225354,-71.6059011225354
1857.3300520944595,-71.6085411323793,-71.6085411323793
1857.3400520944595,-71.61117012768729,-71.61117012768729
1857.3500520944594,-71.61378839845156,-71.61378839845156
1857.3600520944594,-71.6163962292849,-71.6163962292849
1857.3700520944594,-71.61899389938803,-71.61899389938803
1857.3800520944596,-71.62158168264574,-71.62158168264574
1857.3900520944596,-71.62415984790788,-71.62415984790788
1857.4000520944596,-71.62672865923278,-71.62672865923278
1857.4100520944596,-71.62928837619089,-71.62928837619089
1857.4200520944596,-71.63183925414937,-71.63183925414937
1857.4300520944596,-71.63438154452398,-71.63438154452398
1857.4400520944596,-71.63691549500214,-71.63691549500214
1857.4500520944596,-71.63944134976063,-71.63944134976063
1857.4600520944596,-71.64195934961894,-71.64195934961894
1857.4700520944596,-71.64446973221432,-71.64446973221432
1857.4800520944596,-71.6469727321171,-71.6469727321171
1857.4900520944595,-71.64946858095922,-71.64946858095922
1857.5000520944595,-71.65195750751613,-71.65195750751613
1857.5100520944595,-71.6544397377731,-71.6544397377731
1857.5200520944595,-71.65691549501065,-71.65691549501065
1857.5300520944595,-71.65938499986903,-71.65938499986903
1857.5400520944595,-71.66184847037364,-71.66184847037364
1857.5500520944595,-71.66430612198428,-71.66430612198428
1857.5600520944595,-71.66675816762611,-71.66675816762611
1857.5700520944595,-71.66920481771197,-71.66920481771197
1857.5800520944595,-71.67164628018726,-71.67164628018726
1857.5900520944595,-71.67408276053177,-71.67408276053177
1857.6000520944594,-71.67651446176887,-71.67651446176887
1857.6100520944594,-71.67894158451267,-71.67894158451267
1857.6200520944594,-71.68136432694197,-71.68136432694197
1857.6300520944596,-71.68378288484482,-71.68378288484482
1857.6400520944596,-71.68619745160667,-71.68619745160667
1857.6500520944596,-71.68860821822692,-71.68860821822692
1857.6600520944596,-71.69101537333475,-71.69101537333475
1857.6700520944596,-71.6934191031821,-71.6934191031821
1857.6800520944596,-71.69581959168924,-71.69581959168924
1857.6900520944596,-71.69821702039454,-71.69821702039454
1857.7000520944596,-71.70061156850606,-71.70061156850606
1857.7100520944596,-71.70300341290766,-71.70300341290766
1857.7200520944596,-71.70539272815681,-71.70539272815681
1857.7300520944596,-71.70777968648845,-71.70777968648845
1857.7400520944595,-71.71016445783553,-71.71016445783553
1857.7500520944595,-71.7125472098423,-71.7125472098423
1857.7600520944595,-71.71492810785992,-71.71492810785992
1857.7700520944595,-71.71730731496855,-71.71730731496855
1857.7800520944595,-71.71968499198555,-71.71968499198555
1857.7900520944595,-71.7220612974783,-71.7220612974783
1857.8000520944595,-71.72443638776093,-71.72443638776093
1857.8100520944595,-71.72681041694864,-71.72681041694864
1857.8200520944595,-71.72918353691608,-71.72918353691608
1857.8300520944595,-71.73155589734394,-71.73155589734394
1857.8400520944595,-71.73392764572985,-71.73392764572985
1857.8500520944594,-71.73629892740013,-71.73629892740013
1857.8600520944594,-71.7386698855152,-71.7386698855152
1857.8700520944594,-71.74104066108701,-71.74104066108701
1857.8800520944596,-71.74341139300945,-71.74341139300945
1857.8900520944596,-71.74578221805261,-71.74578221805261
1857.9000520944596,-71.74815327090037,-71.74815327090037
1857.9100520944596,-71.75052468414324,-71.75052468414324
1857.9200520944596,-71.75289658831093,-71.75289658831093
1857.9300520944596,-71.75526911188237,-71.75526911188237
1857.9400520944596,-71.75764238131711,-71.75764238131711
1857.9500520944596,-71.76001652103952,-71.76001652103952
1857.9600520944596,-71.76238539833567,-71.76238539833567
1857.9700520944596,-71.76474639509041,-71.76474639509041
1857.9800520944596,-71.76709829680776,-71.76709829680776
1857.9900520944595,-71.7694405375683,-71.7694405375683
1858.0000520944595,-71.7717729119529,-71.7717729119529
1858.0100520944595,-71.77409542547163,-71.77409542547163
1858.0200520944595,-71.77640820688487,-71.77640820688487
1858.0300520944595,-71.77871145558126,-71.77871145558126
1858.0400520944595,-71.78100540989995,-71.78100540989995
1858.0500520944595,-71.78329032816421,-71.78329032816421
1858.0600520944595,-71.78556647735398,-71.78556647735398
1858.0700520944595,-71.78783412649751,-71.78783412649751
1858.0800520944595,-71.79009354284103,-71.79009354284103
1858.0900520944595,-71.79234498978548,-71.79234498978548
1858.1000521183014,-71.79458873119883,-71.79458873119883
1858.1100521183014,-71.79682500959946,-71.79682500959946
1858.1200521183014,-71.79905407823786,-71.79905407823786
1858.1300521183014,-71.80127617980853,-71.80127617980853
1858.1400521183014,-71.80349155206753,-71.80349155206753
1858.1500521183013,-71.8057004281136,-71.8057004281136
1858.1600521183013,-71.8079030367081,-71.8079030367081
1858.1700521183013,-71.81009960254144,-71.81009960254144
1858.1800521183013,-71.81229034652773,-71.81229034652773
1858.1900521183013,-71.81447548602286,-71.81447548602286
1858.2000521183013,-71.81665523504144,-71.81665523504144
1858.2100521183013,-71.81882354492,-71.81882354492
1858.2200521183013,-71.82097788350703,-71.82097788350703
1858.2300521183015,-71.82311712255549,-71.82311712255549
1858.2400521183015,-71.82524078213815,-71.82524078213815
1858.2500521183015,-71.82734874244191,-71.82734874244191
1858.2600521183015,-71.82944109411343,-71.82944109411343
1858.2700521183015,-71.83151805057234,-71.83151805057234
1858.2800521183015,-71.83357989536562,-71.83357989536562
1858.2900521183014,-71.83562695050473,-71.83562695050473
1858.3000521183014,-71.83765955749712,-71.83765955749712
1858.3100521183014,-71.83967806604696,-71.83967806604696
1858.3200521183014,-71.84168282740055,-71.84168282740055
1858.3300521183014,-71.84367419056093,-71.84367419056093
1858.3400521183014,-71.84565250022727,-71.84565250022727
1858.3500521183014,-71.84761809574334,-71.84761809574334
1858.3600521183014,-71.84957131068012,-71.84957131068012
1858.3700521183014,-71.85151247279748,-71.85151247279748
1858.3800521183014,-71.85344190417459,-71.85344190417459
1858.3900521183014,-71.85535992146661,-71.85535992146661
1858.4000521183013,-71.85726683616839,-71.85726683616839
1858.4100521183013,-71.85916295493196,-71.85916295493196
1858.4200521183013,-71.86104857983167,-71.86104857983167
1858.4300521183013,-71.86292400862821,-71.86292400862821
1858.4400521183013,-71.86478953499159,-71.86478953499159
1858.4500521183013,-71.86664544870926,-71.86664544870926
1858.4600521183013,-71.86849203585925,-71.86849203585925
1858.4700521183013,-71.87032957895808,-71.87032957895808
1858.4800521183015,-71.87215835709848,-71.87215835709848
1858.4900521183015,-71.8739786460486,-71.8739786460486
1858.5000521183015,-71.87579071833751,-71.87579071833751
1858.5100521183015,-71.87759484334974,-71.87759484334974
1858.5200521183015,-71.87939128736748,-71.87939128736748
1858.5300521183015,-71.88118031364877,-71.88118031364877
1858.5400521183014,-71.88296218244254,-71.88296218244254
1858.5500521183014,-71.88473715105089,-71.88473715105089
1858.5600521183014,-71.8865054738324,-71.8865054738324
1858.5700521183014,-71.88826740225677,-71.88826740225677
1858.5800521183014,-71.89002318489572,-71.89002318489572
1858.5900521183014,-71.89177306746971,-71.89177306746971
1858.6000521183014,-71.8935172928443,-71.8935172928443
1858.6100521183014,-71.8952561010425,-71.8952561010425
1858.6200521183014,-71.89698972925957,-71.89698972925957
1858.6300521183014,-71.89871841187694,-71.89871841187694
1858.6400521183014,-71.90044238046495,-71.90044238046495
1858.6500521183013,-71.90216186378728,-71.90216186378728
1858.6600521183013,-71.90387708783419,-71.90387708783419
1858.6700521183013,-71.90558827578757,-71.90558827578757
1858.6800521183013,-71.90729564805648,-71.90729564805648
1858.6900521183013,-71.90899942228415,-71.90899942228415
1858.7000521183013,-71.91069981335465,-71.91069981335465
1858.7100521183013,-71.91239703338908,-71.91239703338908
1858.7200521183013,-71.91409129177497,-71.91409129177497
1858.7300521183015,-71.91578279516088,-71.91578279516088
1858.7400521183015,-71.91747174746098,-71.91747174746098
1858.7500521183015,-71.91915834988137,-71.91915834988137
1858.7600521183015,-71.92084280092995,-71.92084280092995
1858.7700521183015,-71.9225252964061,-71.9225252964061
1858.7800521183015,-71.9242060294464,-71.9242060294464
1858.7900521183014,-71.92588519050703,-71.92588519050703
1858.8000521183014,-71.92756296739302,-71.92756296739302
1858.8100521183014,-71.92923954526378,-71.92923954526378
1858.8200521183014,-71.93091510666514,-71.93091510666514
1858.8300521183014,-71.93258983152941,-71.93258983152941
1858.8400521183014,-71.93426389717614,-71.93426389717614
1858.8500521183014,-71.93593747836078,-71.93593747836078
1858.8600521183014,-71.93761074727523,-71.93761074727523
1858.8700521183014,-71.93928387356223,-71.93928387356223
1858.8800521183014,-71.94095702433788,-71.94095702433788
1858.8900521183014,-71.94263036420081,-71.94263036420081
1858.9000521183013,-71.94430405526757,-71.94430405526757
1858.9100521183013,-71.94597825716929,-71.94597825716929
1858.9200521183013,-71.94765312709522,-71.94765312709522
1858.9300521183013,-71.9493288197942,-71.9493288197942
1858.9400521183013,-71.95100548759397,-71.95100548759397
1858.9500521421432,-71.95268328443743,-71.95268328443743
1858.9600521421432,-71.95436234990795,-71.95436234990795
1858.9700521421432,-71.95604283319273,-71.95604283319273
1858.9800521421432,-71.95772487717421,-71.95772487717421
1858.9900521421432,-71.95940862242419,-71.95940862242419
1859.0000521421432,-71.96109420721076,-71.96109420721076
1859.0100521421432,-71.96278176754365,-71.96278176754365
1859.0200521421432,-71.96447143717732,-71.96447143717732
1859.0300521421432,-71.96616334766078,-71.96616334766078
1859.0400521421432,-71.96785762830108,-71.96785762830108
1859.0500521421432,-71.96955440626373,-71.96955440626373
1859.0600521421431,-71.97125380653762,-71.97125380653762
1859.0700521421431,-71.9729559519683,-71.9729559519683
1859.0800521421434,-71.97466096330014,-71.97466096330014
1859.0900521421433,-71.97636895917603,-71.97636895917603
1859.1000521421433,-71.97808005616875,-71.97808005616875
1859.1100521421433,-71.97979436880945,-71.97979436880945
1859.1200521421433,-71.98151200960507,-71.98151200960507
1859.1300521421433,-71.98323308905115,-71.98323308905115
1859.1400521421433,-71.98495771566814,-71.98495771566814
1859.1500521421433,-71.98668599601565,-71.98668599601565
1859.1600521421433,-71.9884180347317,-71.9884180347317
1859.1700521421433,-71.99015393452588,-71.99015393452588
1859.1800521421433,-71.99189379622652,-71.99189379622652
1859.1900521421433,-71.99363771877721,-71.99363771877721
1859.2000521421432,-71.99538579929025,-71.99538579929025
1859.2100521421432,-71.99713813304986,-71.99713813304986
1859.2200521421432,-71.998894813547,-71.998894813547
1859.2300521421432,-72.00065593247771,-72.00065593247771
1859.2400521421432,-72.00242157977948,-72.00242157977948
1859.2500521421432,-72.00419184366032,-72.00419184366032
1859.2600521421432,-72.0059668106132,-72.0059668106132
1859.2700521421432,-72.00774656543092,-72.00774656543092
1859.2800521421432,-72.00953119123605,-72.00953119123605
1859.2900521421432,-72.01132076949966,-72.01132076949966
1859.3000521421432,-72.01311538006178,-72.01311538006178
1859.3100521421431,-72.01491510115069,-72.01491510115069
1859.3200521421431,-72.01672000941203,-72.01672000941203
1859.3300521421434,-72.01853017991536,-72.01853017991536
1859.3400521421433,-72.02034568619062,-72.02034568619062
1859.3500521421433,-72.02216660022539,-72.02216660022539
1859.3600521421433,-72.02399299251412,-72.02399299251412
1859.3700521421433,-72.02582493205192,-72.02582493205192
1859.3800521421433,-72.02766248637508,-72.02766248637508
1859.3900521421433,-72.029505721566,-72.029505721566
1859.4000521421433,-72.03135470228449,-72.03135470228449
1859.4100521421433,-72.03320949176923,-72.03320949176923
1859.4200521421433,-72.03507015187577,-72.03507015187577
1859.4300521421433,-72.03693674308822,-72.03693674308822
1859.4400521421433,-72.03880932453123,-72.03880932453123
1859.4500521421432,-72.04068795399797,-72.04068795399797
1859.4600521421432,-72.04256640949862,-72.04256640949862
1859.4700521421432,-72.04444199870989,-72.04444199870989
1859.4800521421432,-72.04631343931543,-72.04631343931543
1859.4900521421432,-72.04818010095268,-72.04818010095268
1859.5000521421432,-72.05004171592408,-72.05004171592408
1859.5100521421432,-72.05189822895748,-72.05189822895748
1859.5200521421432,-72.05374970914997,-72.05374970914997
1859.5300521421432,-72.05559629708365,-72.05559629708365
1859.5400521421432,-72.05743817298134,-72.05743817298134
1859.5500521421432,-72.05927553764961,-72.05927553764961
1859.5600521421431,-72.061108601138,-72.061108601138
1859.5700521421431,-72.06293757602285,-72.06293757602285
1859.5800521421434,-72.06476267362547,-72.06476267362547
1859.5900521421433,-72.06658410191987,-72.06658410191987
1859.6000521421433,-72.06840206450042,-72.06840206450042
1859.6100521421433,-72.07021676018994,-72.07021676018994
1859.6200521421433,-72.0720283829644,-72.0720283829644
1859.6300521421433,-72.07383712212892,-72.07383712212892
1859.6400521421433,-72.07564316257121,-72.07564316257121
1859.6500521421433,-72.07744668506265,-72.07744668506265
1859.6600521421433,-72.07924786655035,-72.07924786655035
1859.6700521421433,-72.0810468804723,-72.0810468804723
1859.6800521421433,-72.08284389700765,-72.08284389700765
1859.6900521421433,-72.08463908333927,-72.08463908333927
1859.7000521421432,-72.08643260385362,-72.08643260385362
1859.7100521421432,-72.08821833806836,-72.08821833806836
1859.7200521421432,-72.08999369635704,-72.08999369635704
1859.7300521421432,-72.09175749904212,-72.09175749904212
1859.7400521421432,-72.0935092178978,-72.0935092178978
1859.7500521421432,-72.09524868679557,-72.09524868679557
1859.7600521421432,-72.09697595141743,-72.09697595141743
1859.7700521421432,-72.09869118119225,-72.09869118119225
1859.7800521421432,-72.10039461640014,-72.10039461640014
1859.7900521421432,-72.10208653639316,-72.10208653639316
1859.800052165985,-72.10376724448854,-72.10376724448854
1859.810052165985,-72.10543704061782,-72.10543704061782
1859.820052165985,-72.1070962387383,-72.1070962387383
1859.830052165985,-72.10874514694373,-72.10874514694373
1859.840052165985,-72.1103840693763,-72.1103840693763
1859.850052165985,-72.11201330523289,-72.11201330523289
1859.860052165985,-72.11363314833153,-72.11363314833153
1859.870052165985,-72.11524388706759,-72.11524388706759
1859.880052165985,-72.11684580455885,-72.11684580455885
1859.890052165985,-72.11843917888866,-72.11843917888866
1859.900052165985,-72.12002428340196,-72.12002428340196
1859.910052165985,-72.12160138700953,-72.12160138700953
1859.920052165985,-72.12317075444864,-72.12317075444864
1859.9300521659852,-72.12473264655277,-72.12473264655277
1859.9400521659852,-72.12628732049694,-72.12628732049694
1859.9500521659852,-72.1278350299742,-72.1278350299742
1859.9600521659852,-72.1293760254026,-72.1293760254026
1859.9700521659852,-72.13091055405144,-72.13091055405144
1859.9800521659852,-72.13243886016939,-72.13243886016939
1859.9900521659852,-72.13396118511449,-72.13396118511449
1860.0000521659852,-72.13547776742138,-72.13547776742138
1860.0100521659851,-72.13698884288392,-72.13698884288392
1860.0200521659851,-72.13849464461234,-72.13849464461234
1860.0300521659851,-72.13999540309285,-72.13999540309285
1860.0400521659851,-72.14149134621744,-72.14149134621744
1860.050052165985,-72.14298269933403,-72.14298269933403
1860.060052165985,-72.14446968526215,-72.14446968526215
1860.070052165985,-72.14595252431147,-72.14595252431147
1860.080052165985,-72.14743143431343,-72.14743143431343
1860.090052165985,-72.14890663061993,-72.14890663061993
1860.100052165985,-72.15037832612599,-72.15037832612599
1860.110052165985,-72.15184673126755,-72.15184673126755
1860.120052165985,-72.15331205404497,-72.15331205404497
1860.130052165985,-72.15477450001542,-72.15477450001542
1860.140052165985,-72.15623427230264,-72.15623427230264
1860.150052165985,-72.15769157161128,-72.15769157161128
1860.160052165985,-72.15914659620528,-72.15914659620528
1860.170052165985,-72.16059954193734,-72.16059954193734
1860.1800521659852,-72.16205060223538,-72.16205060223538
1860.1900521659852,-72.16349996813123,-72.16349996813123
1860.2000521659852,-72.16494782822282,-72.16494782822282
1860.2100521659852,-72.16639436873052,-72.16639436873052
1860.2200521659852,-72.16783977345591,-72.16783977345591
1860.2300521659852,-72.1692842238162,-72.1692842238162
1860.2400521659852,-72.17072789883656,-72.17072789883656
1860.2500521659852,-72.17217097516226,-72.17217097516226
1860.2600521659851,-72.17361362705888,-72.17361362705888
1860.2700521659851,-72.17505602644033,-72.17505602644033
1860.2800521659851,-72.17649834284634,-72.17649834284634
1860.2900521659851,-72.17794074347805,-72.17794074347805
1860.300052165985,-72.17938339318412,-72.17938339318412
1860.310052165985,-72.18082645450363,-72.18082645450363
1860.320052165985,-72.18227008763746,-72.18227008763746
1860.330052165985,-72.18371445048703,-72.18371445048703
1860.340052165985,-72.18515969865634,-72.18515969865634
1860.350052165985,-72.18660598545665,-72.18660598545665
1860.360052165985,-72.18805346194907,-72.18805346194907
1860.370052165985,-72.1895022769198,-72.1895022769198
1860.380052165985,-72.19095257691237,-72.19095257691237
1860.390052165985,-72.19240450624285,-72.19240450624285
1860.400052165985,-72.19385820702021,-72.19385820702021
1860.410052165985,-72.19531381914697,-72.19531381914697
1860.420052165985,-72.1967714803424,-72.1967714803424
1860.4300521659852,-72.1982313261527,-72.1982313261527
1860.4400521659852,-72.19969348997967,-72.19969348997967
1860.4500521659852,-72.20115810308991,-72.20115810308991
1860.4600521659852,-72.20262529462838,-72.20262529462838
1860.4700521659852,-72.20409519163688,-72.20409519163688
1860.4800521659852,-72.20556791907894,-72.20556791907894
1860.4900521659852,-72.2070435998594,-72.2070435998594
1860.5000521659852,-72.20852235482256,-72.20852235482256
1860.5100521659851,-72.21000430279055,-72.21000430279055
1860.5200521659851,-72.21148956057073,-72.21148956057073
1860.5300521659851,-72.21297824298571,-72.21297824298571
1860.5400521659851,-72.21447046287557,-72.21447046287557
1860.550052165985,-72.21596633113194,-72.21596633113194
1860.560052165985,-72.21746595670903,-72.21746595670903
1860.570052165985,-72.21896944665592,-72.21896944665592
1860.580052165985,-72.22047690610438,-72.22047690610438
1860.590052165985,-72.22198843831846,-72.22198843831846
1860.600052165985,-72.2235041447127,-72.2235041447127
1860.610052165985,-72.22502412485782,-72.22502412485782
1860.620052165985,-72.22654847649957,-72.22654847649957
1860.630052165985,-72.2280772955927,-72.2280772955927
1860.640052165985,-72.22961067631935,-72.22961067631935
1860.650052189827,-72.23114871473867,-72.23114871473867
1860.660052189827,-72.23269149422546,-72.23269149422546
1860.670052189827,-72.234239107372,-72.234239107372
1860.680052189827,-72.23579164143553,-72.23579164143553
1860.690052189827,-72.23734918197752,-72.23734918197752
1860.700052189827,-72.23891181291296,-72.23891181291296
1860.710052189827,-72.24047961650717,-72.24047961650717
1860.720052189827,-72.2420526733993,-72.2420526733993
1860.730052189827,-72.24363106263145,-72.24363106263145
1860.7400521898269,-72.24521486165918,-72.24521486165918
1860.7500521898269,-72.24680414637345,-72.24680414637345
1860.7600521898269,-72.24839899112189,-72.24839899112189
1860.7700521898269,-72.24999946871581,-72.24999946871581
1860.780052189827,-72.25160565046866,-72.25160565046866
1860.790052189827,-72.25321760619894,-72.25321760619894
1860.800052189827,-72.254835404259,-72.254835404259
1860.810052189827,-72.2564591115466,-72.2564591115466
1860.820052189827,-72.25808879352859,-72.25808879352859
1860.830052189827,-72.25972451424809,-72.25972451424809
1860.840052189827,-72.2613663363683,-72.2613663363683
1860.850052189827,-72.26301432115613,-72.26301432115613
1860.860052189827,-72.26466852853176,-72.26466852853176
1860.870052189827,-72.26632901707201,-72.26632901707201
1860.880052189827,-72.2679958440222,-72.2679958440222
1860.890052189827,-72.26966906531473,-72.26966906531473
1860.900052189827,-72.27134873560655,-72.27134873560655
1860.910052189827,-72.27303490827244,-72.27303490827244
1860.920052189827,-72.27472763543548,-72.27472763543548
1860.930052189827,-72.27642696797751,-72.27642696797751
1860.940052189827,-72.27813295556793,-72.27813295556793
1860.950052189827,-72.27984564665317,-72.27984564665317
1860.960052189827,-72.28156508851032,-72.28156508851032
1860.970052189827,-72.28329132723256,-72.28329132723256
1860.980052189827,-72.28502440776022,-72.28502440776022
1860.9900521898269,-72.28676437389666,-72.28676437389666
1861.0000521898269,-72.28851126832265,-72.28851126832265
1861.0100521898269,-72.29026513259173,-72.29026513259173
1861.0200521898269,-72.29202600719293,-72.29202600719293
1861.030052189827,-72.29379393151723,-72.29379393151723
1861.040052189827,-72.2955689439002,-72.2955689439002
1861.050052189827,-72.29735108163902,-72.29735108163902
1861.060052189827,-72.2991403809839,-72.2991403809839
1861.070052189827,-72.30093687717851,-72.30093687717851
1861.080052189827,-72.30274060445956,-72.30274060445956
1861.090052189827,-72.30455159607699,-72.30455159607699
1861.100052189827,-72.30636988430014,-72.30636988430014
1861.110052189827,-72.30819550043957,-72.30819550043957
1861.120052189827,-72.31002847487073,-72.31002847487073
1861.130052189827,-72.31186883703623,-72.31186883703623
1861.140052189827,-72.31371661544524,-72.31371661544524
1861.150052189827,-72.31557183770718,-72.31557183770718
1861.160052189827,-72.31743453054554,-72.31743453054554
1861.170052189827,-72.31930471980706,-72.31930471980706
1861.180052189827,-72.32118243045441,-72.32118243045441
1861.190052189827,-72.32306768661908,-72.32306768661908
1861.200052189827,-72.32496051158175,-72.32496051158175
1861.210052189827,-72.32686092779721,-72.32686092779721
1861.220052189827,-72.3287689568991,-72.3287689568991
1861.230052189827,-72.33068461972518,-72.33068461972518
1861.2400521898269,-72.33260793632252,-72.33260793632252
1861.2500521898269,-72.33453892595553,-72.33453892595553
1861.2600521898269,-72.33647760711288,-72.33647760711288
1861.2700521898269,-72.3384239975457,-72.3384239975457
1861.280052189827,-72.34037811424753,-72.34037811424753
1861.290052189827,-72.34233997348427,-72.34233997348427
1861.300052189827,-72.34430959078463,-72.34430959078463
1861.310052189827,-72.34628698099243,-72.34628698099243
1861.320052189827,-72.34827215822962,-72.34827215822962
1861.330052189827,-72.35026513593881,-72.35026513593881
1861.340052189827,-72.35226592687697,-72.35226592687697
1861.350052189827,-72.35427454314193,-72.35427454314193
1861.360052189827,-72.3562909961618,-72.3562909961618
1861.370052189827,-72.35831529673627,-72.35831529673627
1861.380052189827,-72.36034745500089,-72.36034745500089
1861.390052189827,-72.3623874804787,-72.3623874804787
1861.400052189827,-72.3644353820747,-72.3644353820747
1861.410052189827,-72.36649116807631,-72.36649116807631
1861.420052189827,-72.36855484618854,-72.36855484618854
1861.430052189827,-72.37062642350975,-72.37062642350975
1861.440052189827,-72.37270590656593,-72.37270590656593
1861.450052189827,-72.37479330131819,-72.37479330131819
1861.460052189827,-72.3768886131471,-72.3768886131471
1861.470052189827,-72.3789918468911,-72.3789918468911
1861.480052189827,-72.38110300684812,-72.38110300684812
1861.4900521898269,-72.38322209677148,-72.38322209677148
1861.5000522136688,-72.38534912495874,-72.38534912495874
1861.5100522136688,-72.38748408401975,-72.38748408401975
1861.5200522136688,-72.38962698117929,-72.38962698117929
1861.5300522136688,-72.39177781814153,-72.39177781814153
1861.5400522136688,-72.39393659610899,-72.39393659610899
1861.5500522136688,-72.3961033157978,-72.3961033157978
1861.5600522136688,-72.3982779774538,-72.3982779774538
1861.5700522136688,-72.40046058083432,-72.40046058083432
1861.5800522136688,-72.40265112525238,-72.40265112525238
1861.5900522136687,-72.40484960954659,-72.40484960954659
1861.6000522136687,-72.40705603212334,-72.40705603212334
1861.6100522136687,-72.40927039094093,-72.40927039094093
1861.6200522136687,-72.41149268352063,-72.41149268352063
1861.630052213669,-72.4137229069611,-72.4137229069611
1861.640052213669,-72.4159610579467,-72.4159610579467
1861.650052213669,-72.4182071327363,-72.4182071327363
1861.660052213669,-72.42046112719481,-72.42046112719481
1861.670052213669,-72.42272303677721,-72.42272303677721
1861.680052213669,-72.42499285655762,-72.42499285655762
1861.6900522136689,-72.42727058121976,-72.42727058121976
1861.7000522136689,-72.42955620506605,-72.42955620506605
1861.7100522136689,-72.43184972202894,-72.43184972202894
1861.7200522136689,-72.43415112566576,-72.43415112566576
1861.7300522136688,-72.43646040917938,-72.43646040917938
1861.7400522136688,-72.43877756541947,-72.43877756541947
1861.7500522136688,-72.44110258687985,-72.44110258687985
1861.7600522136688,-72.4434354657214,-72.4434354657214
1861.7700522136688,-72.4457761937637,-72.4457761937637
1861.7800522136688,-72.44812476250034,-72.44812476250034
1861.7900522136688,-72.45048116308664,-72.45048116308664
1861.8000522136688,-72.45284538637398,-72.45284538637398
1861.8100522136688,-72.45521742288129,-72.45521742288129
1861.8200522136688,-72.45759726283268,-72.45759726283268
1861.8300522136688,-72.45998489614583,-72.45998489614583
1861.8400522136687,-72.46238031244607,-72.46238031244607
1861.8500522136687,-72.46478350104324,-72.46478350104324
1861.8600522136687,-72.46719445098589,-72.46719445098589
1861.8700522136687,-72.46961315102858,-72.46961315102858
1861.880052213669,-72.47203958964735,-72.47203958964735
1861.890052213669,-72.47447375504294,-72.47447375504294
1861.900052213669,-72.4769156351538,-72.4769156351538
1861.910052213669,-72.479365217651,-72.479365217651
1861.920052213669,-72.48182248995319,-72.48182248995319
1861.930052213669,-72.48428743921595,-72.48428743921595
1861.9400522136689,-72.48676005235093,-72.48676005235093
1861.9500522136689,-72.48924031602412,-72.48924031602412
1861.9600522136689,-72.49172821666137,-72.49172821666137
1861.9700522136689,-72.49422374045061,-72.49422374045061
1861.9800522136688,-72.4967268733511,-72.4967268733511
1861.9900522136688,-72.49923760109613,-72.49923760109613
1862.0000522136688,-72.50175590918829,-72.50175590918829
1862.0100522136688,-72.50428178291762,-72.50428178291762
1862.0200522136688,-72.50681520735615,-72.50681520735615
1862.0300522136688,-72.50935616737395,-72.50935616737395
1862.0400522136688,-72.51190464761652,-72.51190464761652
1862.0500522136688,-72.51446063253515,-72.51446063253515
1862.0600522136688,-72.51702410639037,-72.51702410639037
1862.0700522136688,-72.51959505323343,-72.51959505323343
1862.0800522136688,-72.52217345694133,-72.52217345694133
1862.0900522136687,-72.52475930117691,-72.52475930117691
1862.1000522136687,-72.52735256943846,-72.52735256943846
1862.1100522136687,-72.52995324504256,-72.52995324504256
1862.1200522136687,-72.53256131111723,-72.53256131111723
1862.130052213669,-72.53517675063316,-72.53517675063316
1862.140052213669,-72.53779954637625,-72.53779954637625
1862.150052213669,-72.54042968096645,-72.54042968096645
1862.160052213669,-72.54306713687463,-72.54306713687463
1862.170052213669,-72.54571189639296,-72.54571189639296
1862.180052213669,-72.54836394166979,-72.54836394166979
1862.1900522136689,-72.55102325469278,-72.55102325469278
1862.2000522136689,-72.55368981729562,-72.55368981729562
1862.2100522136689,-72.55636361117311,-72.55636361117311
1862.2200522136689,-72.55904461787462,-72.55904461787462
1862.2300522136688,-72.56173281880231,-72.56173281880231
1862.2400522136688,-72.56442819522087,-72.56442819522087
1862.2500522136688,-72.56713072826483,-72.56713072826483
1862.2600522136688,-72.56984039893035,-72.56984039893035
1862.2700522136688,-72.5725571880796,-72.5725571880796
1862.2800522136688,-72.5752810764588,-72.5752810764588
1862.2900522136688,-72.5780120446885,-72.5780120446885
1862.3000522136688,-72.58075007325922,-72.58075007325922
1862.3100522136688,-72.58349514254381,-72.58349514254381
1862.3200522136688,-72.5862472328023,-72.5862472328023
1862.3300522136688,-72.58900632419066,-72.58900632419066
1862.3400522136687,-72.59177239673387,-72.59177239673387
1862.3500522375107,-72.59454543696654,-72.59454543696654
1862.3600522375107,-72.59732541153683,-72.59732541153683
1862.3700522375107,-72.60011230671398,-72.60011230671398
1862.3800522375107,-72.60290610213133,-72.60290610213133
1862.3900522375106,-72.60570677730153,-72.60570677730153
1862.4000522375106,-72.60851431164289,-72.60851431164289
1862.4100522375106,-72.61132868448665,-72.61132868448665
1862.4200522375106,-72.61414987507348,-72.61414987507348
1862.4300522375106,-72.61697786253792,-72.61697786253792
1862.4400522375106,-72.61981262594279,-72.61981262594279
1862.4500522375106,-72.62265414426012,-72.62265414426012
1862.4600522375106,-72.62550239638466,-72.62550239638466
1862.4700522375106,-72.62835736112741,-72.62835736112741
1862.4800522375108,-72.63121901721416,-72.63121901721416
1862.4900522375108,-72.63408734329994,-72.63408734329994
1862.5000522375108,-72.63696231796608,-72.63696231796608
1862.5100522375108,-72.63984391971728,-72.63984391971728
1862.5200522375108,-72.64273212699165,-72.64273212699165
1862.5300522375107,-72.64562691815789,-72.64562691815789
1862.5400522375107,-72.64852827152066,-72.64852827152066
1862.5500522375107,-72.6514361653146,-72.6514361653146
1862.5600522375107,-72.65435057771283,-72.65435057771283
1862.5700522375107,-72.65727148682446,-72.65727148682446
1862.5800522375107,-72.66019887070883,-72.66019887070883
1862.5900522375107,-72.66313270736256,-72.66313270736256
1862.6000522375107,-72.6660729747243,-72.6660729747243
1862.6100522375107,-72.66901965068409,-72.66901965068409
1862.6200522375107,-72.67197271307717,-72.67197271307717
1862.6300522375107,-72.67493213968204,-72.67493213968204
1862.6400522375106,-72.67789790823622,-72.67789790823622
1862.6500522375106,-72.68086999643558,-72.68086999643558
1862.6600522375106,-72.6838483819184,-72.6838483819184
1862.6700522375106,-72.68683304228267,-72.68683304228267
1862.6800522375106,-72.68982395508569,-72.68982395508569
1862.6900522375106,-72.69282109784358,-72.69282109784358
1862.7000522375106,-72.69582444803844,-72.69582444803844
1862.7100522375106,-72.69883398310434,-72.69883398310434
1862.7200522375106,-72.70184968043914,-72.70184968043914
1862.7300522375108,-72.70487151741378,-72.70487151741378
1862.7400522375108,-72.70789947137492,-72.70789947137492
1862.7500522375108,-72.71093351961237,-72.71093351961237
1862.7600522375108,-72.71397363940375,-72.71397363940375
1862.7700522375108,-72.71701980799187,-72.71701980799187
1862.7800522375107,-72.72007200259048,-72.72007200259048
1862.7900522375107,-72.72313020039098,-72.72313020039098
1862.8000522375107,-72.72619437855414,-72.72619437855414
1862.8100522375107,-72.72926451422138,-72.72926451422138
1862.8200522375107,-72.73234058451712,-72.73234058451712
1862.8300522375107,-72.73542256653111,-72.73542256653111
1862.8400522375107,-72.7385104373378,-72.7385104373378
1862.8500522375107,-72.74160417399843,-72.74160417399843
1862.8600522375107,-72.74470375355612,-72.74470375355612
1862.8700522375107,-72.74780915303376,-72.74780915303376
1862.8800522375107,-72.75092034943548,-72.75092034943548
1862.8900522375106,-72.75403731975945,-72.75403731975945
1862.9000522375106,-72.75716004098503,-72.75716004098503
1862.9100522375106,-72.76028849009016,-72.76028849009016
1862.9200522375106,-72.7634226440216,-72.7634226440216
1862.9300522375106,-72.7665624797382,-72.7665624797382
1862.9400522375106,-72.76970797418318,-72.76970797418318
1862.9500522375106,-72.77285910428489,-72.77285910428489
1862.9600522375106,-72.77601584697834,-72.77601584697834
1862.9700522375106,-72.77917817917783,-72.77917817917783
1862.9800522375108,-72.78234607780473,-72.78234607780473
1862.9900522375108,-72.78551951977114,-72.78551951977114
1863.0000522375108,-72.78869848199513,-72.78869848199513
1863.0100522375108,-72.79188294138524,-72.79188294138524
1863.0200522375108,-72.79507287485428,-72.79507287485428
1863.0300522375107,-72.79826825930783,-72.79826825930783
1863.0400522375107,-72.80146907166147,-72.80146907166147
1863.0500522375107,-72.80467528883351,-72.80467528883351
1863.0600522375107,-72.80788688773583,-72.80788688773583
1863.0700522375107,-72.81110384529875,-72.81110384529875
1863.0800522375107,-72.81432613844892,-72.81432613844892
1863.0900522375107,-72.81755374411186,-72.81755374411186
1863.1000522375107,-72.82078663923886,-72.82078663923886
1863.1100522375107,-72.82402480076773,-72.82402480076773
1863.1200522375107,-72.82726820565757,-72.82726820565757
1863.1300522375107,-72.83051683087064,-72.83051683087064
1863.1400522375106,-72.83377065338975,-72.83377065338975
1863.1500522375106,-72.8370296501999,-72.8370296501999
1863.1600522375106,-72.84029379829224,-72.84029379829224
1863.1700522375106,-72.84356307468852,-72.84356307468852
1863.1800522375106,-72.84683745640992,-72.84683745640992
1863.1900522375106,-72.85011692048288,-72.85011692048288
1863.2000522613525,-72.8534014517829,-72.8534014517829
1863.2100522613525,-72.85669101176666,-72.85669101176666
1863.2200522613525,-72.85998558530089,-72.85998558530089
1863.2300522613525,-72.86328514948582,-72.86328514948582
1863.2400522613525,-72.86658968145173,-72.86658968145173
1863.2500522613525,-72.86989915831913,-72.86989915831913
1863.2600522613525,-72.87321355725447,-72.87321355725447
1863.2700522613525,-72.87653285542096,-72.87653285542096
1863.2800522613525,-72.87985703001549,-72.87985703001549
1863.2900522613525,-72.88318605824905,-72.88318605824905
1863.3000522613524,-72.88651991736643,-72.88651991736643
1863.3100522613524,-72.88985858460423,-72.88985858460423
1863.3200522613524,-72.89320203725124,-72.89320203725124
1863.3300522613526,-72.89655025261706,-72.89655025261706
1863.3400522613526,-72.8999032080174,-72.8999032080174
1863.3500522613526,-72.90326088080135,-72.90326088080135
1863.3600522613526,-72.90662324834571,-72.90662324834571
1863.3700522613526,-72.90999028805044,-72.90999028805044
1863.3800522613526,-72.91336197733868,-72.91336197733868
1863.3900522613526,-72.9167382936569,-72.9167382936569
1863.4000522613526,-72.92011921449036,-72.92011921449036
1863.4100522613526,-72.92350471734761,-72.92350471734761
1863.4200522613526,-72.92689477975692,-72.92689477975692
1863.4300522613526,-72.9302893792832,-72.9302893792832
1863.4400522613525,-72.93368849351444,-72.93368849351444
1863.4500522613525,-72.93709210006722,-72.93709210006722
1863.4600522613525,-72.94050017659417,-72.94050017659417
1863.4700522613525,-72.94391270077791,-72.94391270077791
1863.4800522613525,-72.94732965033565,-72.94732965033565
1863.4900522613525,-72.95075100299358,-72.95075100299358
1863.5000522613525,-72.95417673654177,-72.95417673654177
1863.5100522613525,-72.95760682878466,-72.95760682878466
1863.5200522613525,-72.96104125755195,-72.96104125755195
1863.5300522613525,-72.96448000071939,-72.96448000071939
1863.5400522613525,-72.96792303619463,-72.96792303619463
1863.5500522613524,-72.97137034191485,-72.97137034191485
1863.5600522613524,-72.97482189585423,-72.97482189585423
1863.5700522613524,-72.97827767601171,-72.97827767601171
1863.5800522613526,-72.98173766044121,-72.98173766044121
1863.5900522613526,-72.98520182722575,-72.98520182722575
1863.6000522613526,-72.98867015446226,-72.98867015446226
1863.6100522613526,-72.99214262031182,-72.99214262031182
1863.6200522613526,-72.99561920295787,-72.99561920295787
1863.6300522613526,-72.99909988062316,-72.99909988062316
1863.6400522613526,-73.00258463157229,-73.00258463157229
1863.6500522613526,-73.00607343410036,-73.00607343410036
1863.6600522613526,-73.0095662665434,-73.0095662665434
1863.6700522613526,-73.01306310726847,-73.01306310726847
1863.6800522613526,-73.01656393470083,-73.01656393470083
1863.6900522613525,-73.0200687272824,-73.0200687272824
1863.7000522613525,-73.0235774635083,-73.0235774635083
1863.7100522613525,-73.02709012190465,-73.02709012190465
1863.7200522613525,-73.03060668104277,-73.03060668104277
1863.7300522613525,-73.03412711953351,-73.03412711953351
1863.7400522613525,-73.03765141603027,-73.03765141603027
1863.7500522613525,-73.0411795492149,-73.0411795492149
1863.7600522613525,-73.04471149782403,-73.04471149782403
1863.7700522613525,-73.04824724062891,-73.04824724062891
1863.7800522613525,-73.05178675644935,-73.05178675644935
1863.7900522613525,-73.05533002413118,-73.05533002413118
1863.8000522613524,-73.05887702257486,-73.05887702257486
1863.8100522613524,-73.062427730726,-73.062427730726
1863.8200522613524,-73.06598212756197,-73.06598212756197
1863.8300522613526,-73.06954019210053,-73.06954019210053
1863.8400522613526,-73.07310190342594,-73.07310190342594
1863.8500522613526,-73.07666724064309,-73.07666724064309
1863.8600522613526,-73.08023618289704,-73.08023618289704
1863.8700522613526,-73.0838087093898,-73.0838087093898
1863.8800522613526,-73.08738479936846,-73.08738479936846
1863.8900522613526,-73.09096443211881,-73.09096443211881
1863.9000522613526,-73.09454758696889,-73.09454758696889
1863.9100522613526,-73.09813424328694,-73.09813424328694
1863.9200522613526,-73.1017243804917,-73.1017243804917
1863.9300522613526,-73.10531797805513,-73.10531797805513
1863.9400522613525,-73.10891501548876,-73.10891501548876
1863.9500522613525,-73.11251547234106,-73.11251547234106
1863.9600522613525,-73.11611932820249,-73.11611932820249
1863.9700522613525,-73.11972656273235,-73.11972656273235
1863.9800522613525,-73.12333715561626,-73.12333715561626
1863.9900522613525,-73.12695108658716,-73.12695108658716
1864.0000522613525,-73.13056833542518,-73.13056833542518
1864.0100522613525,-73.13418888196932,-73.13418888196932
1864.0200522613525,-73.13781270609101,-73.13781270609101
1864.0300522613525,-73.14143978770785,-73.14143978770785
1864.0400522613525,-73.14507010679371,-73.14507010679371
1864.0500522851944,-73.14870365201217,-73.14870365201217
1864.0600522851944,-73.15234038614486,-73.15234038614486
1864.0700522851944,-73.15598029792392,-73.15598029792392
1864.0800522851944,-73.15962336750447,-73.15962336750447
1864.0900522851944,-73.16326957509605,-73.16326957509605
1864.1000522851944,-73.16691890096001,-73.16691890096001
1864.1100522851943,-73.17057132538562,-73.17057132538562
1864.1200522851943,-73.17422682871496,-73.17422682871496
1864.1300522851943,-73.17788539134978,-73.17788539134978
1864.1400522851943,-73.18154699373795,-73.18154699373795
1864.1500522851943,-73.18521161636215,-73.18521161636215
1864.1600522851943,-73.18887923976294,-73.18887923976294
1864.1700522851943,-73.19254984452753,-73.19254984452753
1864.1800522851945,-73.19622341129421,-73.19622341129421
1864.1900522851945,-73.19989992074325,-73.19989992074325
1864.2000522851945,-73.20357935360782,-73.20357935360782
1864.2100522851945,-73.20726169066862,-73.20726169066862
1864.2200522851945,-73.21094691275995,-73.21094691275995
1864.2300522851945,-73.2146350007635,-73.2146350007635
1864.2400522851945,-73.2183259355979,-73.2183259355979
1864.2500522851944,-73.22201969824292,-73.22201969824292
1864.2600522851944,-73.22571626972376,-73.22571626972376
1864.2700522851944,-73.22941563111873,-73.22941563111873
1864.2800522851944,-73.23311776355345,-73.23311776355345
1864.2900522851944,-73.23682264819587,-73.23682264819587
1864.3000522851944,-73.24053026627435,-73.24053026627435
1864.3100522851944,-73.24424059906138,-73.24424059906138
1864.3200522851944,-73.24795362787383,-73.24795362787383
1864.3300522851944,-73.25166933408708,-73.25166933408708
1864.3400522851944,-73.25538769912106,-73.25538769912106
1864.3500522851944,-73.25910870445134,-73.25910870445134
1864.3600522851943,-73.26283233159148,-73.26283233159148
1864.3700522851943,-73.26655856211701,-73.26655856211701
1864.3800522851943,-73.2702873776463,-73.2702873776463
1864.3900522851943,-73.27401875984447,-73.27401875984447
1864.4000522851943,-73.27775269043798,-73.27775269043798
1864.4100522851943,-73.28148915119502,-73.28148915119502
1864.4200522851943,-73.28522812393622,-73.28522812393622
1864.4300522851945,-73.28896959052766,-73.28896959052766
1864.4400522851945,-73.29271353289423,-73.29271353289423
1864.4500522851945,-73.29645993300112,-73.29645993300112
1864.4600522851945,-73.30020237495495,-73.30020237495495
1864.4700522851945,-73.30393803430435,-73.30393803430435
1864.4800522851945,-73.30766552257505,-73.30766552257505
1864.4900522851945,-73.31138411612959,-73.31138411612959
1864.5000522851944,-73.3150934618632,-73.3150934618632
1864.5100522851944,-73.31879342443933,-73.31879342443933
1864.5200522851944,-73.3224839967395,-73.3224839967395
1864.5300522851944,-73.3261652461361,-73.3261652461361
1864.5400522851944,-73.32983728209739,-73.32983728209739
1864.5500522851944,-73.33350023681558,-73.33350023681558
1864.5600522851944,-73.33715425362891,-73.33715425362891
1864.5700522851944,-73.34079948017691,-73.34079948017691
1864.5800522851944,-73.34443606451985,-73.34443606451985
1864.5900522851944,-73.34806415297119,-73.34806415297119
1864.6000522851944,-73.35168388897742,-73.35168388897742
1864.6100522851943,-73.35529541268966,-73.35529541268966
1864.6200522851943,-73.35889886087529,-73.35889886087529
1864.6300522851943,-73.36249436701388,-73.36249436701388
1864.6400522851943,-73.36608206153628,-73.36608206153628
1864.6500522851943,-73.3696620720841,-73.3696620720841
1864.6600522851943,-73.37323452379204,-73.37323452379204
1864.6700522851943,-73.37679953954456,-73.37679953954456
1864.6800522851945,-73.38035724020618,-73.38035724020618
1864.6900522851945,-73.38390774487588,-73.38390774487588
1864.7000522851945,-73.38745117104129,-73.38745117104129
1864.7100522851945,-73.39098763474075,-73.39098763474075
1864.7200522851945,-73.39451725071531,-73.39451725071531
1864.7300522851945,-73.39804013252548,-73.39804013252548
1864.7400522851945,-73.40155639263082,-73.40155639263082
1864.7500522851944,-73.40506614247887,-73.40506614247887
1864.7600522851944,-73.4085694925569,-73.4085694925569
1864.7700522851944,-73.41206655245985,-73.41206655245985
1864.7800522851944,-73.41555743089901,-73.41555743089901
1864.7900522851944,-73.41904223577312,-73.41904223577312
1864.8000522851944,-73.42252107415337,-73.42252107415337
1864.8100522851944,-73.42599405231007,-73.42599405231007
1864.8200522851944,-73.42946127573211,-73.42946127573211
1864.8300522851944,-73.43292284912522,-73.43292284912522
1864.8400522851944,-73.43637887641077,-73.43637887641077
1864.8500522851944,-73.43982946072418,-73.43982946072418
1864.8600522851943,-73.44327470442452,-73.44327470442452
1864.8700522851943,-73.44671470907608,-73.44671470907608
1864.8800522851943,-73.45014957544468,-73.45014957544468
1864.8900522851943,-73.45357940348921,-73.45357940348921
1864.9000523090363,-73.45700430051404,-73.45700430051404
1864.9100523090362,-73.46042434852333,-73.46042434852333
1864.9200523090362,-73.46383965317918,-73.46383965317918
1864.9300523090362,-73.46725031113087,-73.46725031113087
1864.9400523090362,-73.47065641817066,-73.47065641817066
1864.9500523090362,-73.4740580692428,-73.4740580692428
1864.9600523090362,-73.47745535840996,-73.47745535840996
1864.9700523090362,-73.48084837885581,-73.48084837885581
1864.9800523090362,-73.48423722288081,-73.48423722288081
1864.9900523090362,-73.48762198188825,-73.48762198188825
1865.0000523090362,-73.49100274637124,-73.49100274637124
1865.0100523090362,-73.49437960591291,-73.49437960591291
1865.0200523090361,-73.4977526491797,-73.4977526491797
1865.0300523090364,-73.50112196391434,-73.50112196391434
1865.0400523090364,-73.5044876369191,-73.5044876369191
1865.0500523090363,-73.50784975406954,-73.50784975406954
1865.0600523090363,-73.51120840030129,-73.51120840030129
1865.0700523090363,-73.51456365960117,-73.51456365960117
1865.0800523090363,-73.51791561500289,-73.51791561500289
1865.0900523090363,-73.52126434858967,-73.52126434858967
1865.1000523090363,-73.5246099414986,-73.5246099414986
1865.1100523090363,-73.52795247390313,-73.52795247390313
1865.1200523090363,-73.53129202502119,-73.53129202502119
1865.1300523090363,-73.53462867311083,-73.53462867311083
1865.1400523090363,-73.53796249547338,-73.53796249547338
1865.1500523090363,-73.54129356844274,-73.54129356844274
1865.1600523090362,-73.54462196740766,-73.54462196740766
1865.1700523090362,-73.54794776679577,-73.54794776679577
1865.1800523090362,-73.55127104006576,-73.55127104006576
1865.1900523090362,-73.5545918597326,-73.5545918597326
1865.2000523090362,-73.55791029734755,-73.55791029734755
1865.2100523090362,-73.5612264235266,-73.5612264235266
1865.2200523090362,-73.56454030792715,-73.56454030792715
1865.2300523090362,-73.56785201926974,-73.56785201926974
1865.2400523090362,-73.5711616253263,-73.5711616253263
1865.2500523090362,-73.57446919293767,-73.57446919293767
1865.2600523090362,-73.57777478800342,-73.57777478800342
1865.2700523090361,-73.58107847550626,-73.58107847550626
1865.2800523090364,-73.58438031949504,-73.58438031949504
1865.2900523090364,-73.5876803831032,-73.5876803831032
1865.3000523090363,-73.59097872855001,-73.59097872855001
1865.3100523090363,-73.59427541714817,-73.59427541714817
1865.3200523090363,-73.59757050931132,-73.59757050931132
1865.3300523090363,-73.60086406454832,-73.60086406454832
1865.3400523090363,-73.60415614147676,-73.60415614147676
1865.3500523090363,-73.60744679783518,-73.60744679783518
1865.3600523090363,-73.6107360904847,-73.6107360904847
1865.3700523090363,-73.61402407540396,-73.61402407540396
1865.3800523090363,-73.61731080771378,-73.61731080771378
1865.3900523090363,-73.62059634168469,-73.62059634168469
1865.4000523090363,-73.62388073073039,-73.62388073073039
1865.4100523090362,-73.62716402741161,-73.62716402741161
1865.4200523090362,-73.63044628346033,-73.63044628346033
1865.4300523090362,-73.63372754978192,-73.63372754978192
1865.4400523090362,-73.63700787645118,-73.63700787645118
1865.4500523090362,-73.64028731273149,-73.64028731273149
1865.4600523090362,-73.64355947965505,-73.64355947965505
1865.4700523090362,-73.6468216055902,-73.6468216055902
1865.4800523090362,-73.65007236074048,-73.65007236074048
1865.4900523090362,-73.65331108236431,-73.65331108236431
1865.5000523090362,-73.65653747916313,-73.65653747916313
1865.5100523090362,-73.65975147777993,-73.65975147777993
1865.5200523090361,-73.66295313288262,-73.66295313288262
1865.5300523090364,-73.66614257316999,-73.66614257316999
1865.5400523090364,-73.6693199688869,-73.6693199688869
1865.5500523090363,-73.67248551232944,-73.67248551232944
1865.5600523090363,-73.67563940623057,-73.67563940623057
1865.5700523090363,-73.67878185690708,-73.67878185690708
1865.5800523090363,-73.68191307035444,-73.68191307035444
1865.5900523090363,-73.68503325007434,-73.68503325007434
1865.6000523090363,-73.68814259595946,-73.68814259595946
1865.6100523090363,-73.69124130387128,-73.69124130387128
1865.6200523090363,-73.69432956554297,-73.69432956554297
1865.6300523090363,-73.69740756870817,-73.69740756870817
1865.6400523090363,-73.7004754973099,-73.7004754973099
1865.6500523090363,-73.70353353179804,-73.70353353179804
1865.6600523090362,-73.70658184940376,-73.70658184940376
1865.6700523090362,-73.7096206244047,-73.7096206244047
1865.6800523090362,-73.71265002838658,-73.71265002838658
1865.6900523090362,-73.71567023045512,-73.71567023045512
1865.7000523090362,-73.71868139744252,-73.71868139744252
1865.7100523090362,-73.72168369406442,-73.72168369406442
1865.7200523090362,-73.72467728307598,-73.72467728307598
1865.7300523090362,-73.72766232537329,-73.72766232537329
1865.7400523090362,-73.73063898012838,-73.73063898012838
1865.750052332878,-73.73360741191304,-73.73360741191304
1865.760052332878,-73.73656776248764,-73.73656776248764
1865.770052332878,-73.73952019333122,-73.73952019333122
1865.780052332878,-73.74246485734093,-73.74246485734093
1865.790052332878,-73.74540190596366,-73.74540190596366
1865.800052332878,-73.74833148922497,-73.74833148922497
1865.810052332878,-73.7512537557511,-73.7512537557511
1865.820052332878,-73.75416885279257,-73.75416885279257
1865.830052332878,-73.75707692622431,-73.75707692622431
1865.840052332878,-73.7599781205616,-73.7599781205616
1865.850052332878,-73.76287257896345,-73.76287257896345
1865.860052332878,-73.7657604432344,-73.7657604432344
1865.870052332878,-73.76864185383423,-73.76864185383423
1865.8800523328782,-73.77151694986374,-73.77151694986374
1865.8900523328782,-73.7743858690788,-73.7743858690788
1865.9000523328782,-73.77724874787158,-73.77724874787158
1865.9100523328782,-73.78010572127975,-73.78010572127975
1865.9200523328782,-73.78295692297904,-73.78295692297904
1865.9300523328782,-73.78580248529336,-73.78580248529336
1865.9400523328782,-73.78864253917101,-73.78864253917101
1865.9500523328782,-73.79147721418525,-73.79147721418525
1865.9600523328781,-73.79430663854237,-73.79430663854237
1865.9700523328781,-73.79713093907446,-73.79713093907446
1865.9800523328781,-73.7999502412261,-73.7999502412261
1865.9900523328781,-73.802764669065,-73.802764669065
1866.000052332878,-73.80557434528266,-73.80557434528266
1866.010052332878,-73.8083793911711,-73.8083793911711
1866.020052332878,-73.81117992664564,-73.81117992664564
1866.030052332878,-73.81397607023868,-73.81397607023868
1866.040052332878,-73.8167679390943,-73.8167679390943
1866.050052332878,-73.81955564896433,-73.81955564896433
1866.060052332878,-73.82233931422665,-73.82233931422665
1866.070052332878,-73.82511904787603,-73.82511904787603
1866.080052332878,-73.8278949615189,-73.8278949615189
1866.090052332878,-73.83066716538228,-73.83066716538228
1866.100052332878,-73.83343576832974,-73.83343576832974
1866.110052332878,-73.83620087785035,-73.83620087785035
1866.120052332878,-73.83896260005639,-73.83896260005639
1866.1300523328782,-73.84172103970194,-73.84172103970194
1866.1400523328782,-73.84447630018606,-73.84447630018606
1866.1500523328782,-73.84722848354464,-73.84722848354464
1866.1600523328782,-73.84997769048016,-73.84997769048016
1866.1700523328782,-73.85272402034272,-73.85272402034272
1866.1800523328782,-73.85546757114928,-73.85546757114928
1866.1900523328782,-73.85820843958088,-73.85820843958088
1866.2000523328782,-73.86094672101636,-73.86094672101636
1866.2100523328781,-73.86367606391799,-73.86367606391799
1866.2200523328781,-73.86639373456161,-73.86639373456161
1866.2300523328781,-73.86909844487823,-73.86909844487823
1866.2400523328781,-73.87178957532076,-73.87178957532076
1866.250052332878,-73.8744668783686,-73.8744668783686
1866.260052332878,-73.87713032457488,-73.87713032457488
1866.270052332878,-73.87978001236449,-73.87978001236449
1866.280052332878,-73.88241611388128,-73.88241611388128
1866.290052332878,-73.88503884239444,-73.88503884239444
1866.300052332878,-73.88764843275133,-73.88764843275133
1866.310052332878,-73.89024512974218,-73.89024512974218
1866.320052332878,-73.89282918121576,-73.89282918121576
1866.330052332878,-73.89540083415508,-73.89540083415508
1866.340052332878,-73.89796033252166,-73.89796033252166
1866.350052332878,-73.90050791612445,-73.90050791612445
1866.360052332878,-73.90304382023004,-73.90304382023004
1866.370052332878,-73.90556827542581,-73.90556827542581
1866.3800523328782,-73.90808150777171,-73.90808150777171
1866.3900523328782,-73.91058373903924,-73.91058373903924
1866.4000523328782,-73.91307518697954,-73.91307518697954
1866.4100523328782,-73.91555606562862,-73.91555606562862
1866.4200523328782,-73.9180265855375,-73.9180265855375
1866.4300523328782,-73.92048695409974,-73.92048695409974
1866.4400523328782,-73.92293737572128,-73.92293737572128
1866.4500523328782,-73.92537805203324,-73.92537805203324
1866.4600523328781,-73.92780918207386,-73.92780918207386
1866.4700523328781,-73.93023096245285,-73.93023096245285
1866.4800523328781,-73.93264358744098,-73.93264358744098
1866.4900523328781,-73.93504724911195,-73.93504724911195
1866.500052332878,-73.9374421374069,-73.9374421374069
1866.510052332878,-73.93982844021573,-73.93982844021573
1866.520052332878,-73.94220634344724,-73.94220634344724
1866.530052332878,-73.94457603107087,-73.94457603107087
1866.540052332878,-73.94693768515661,-73.94693768515661
1866.550052332878,-73.94929148591041,-73.94929148591041
1866.560052332878,-73.95163761170414,-73.95163761170414
1866.570052332878,-73.95397623908609,-73.95397623908609
1866.580052332878,-73.9563075428185,-73.9563075428185
1866.590052332878,-73.95863169586279,-73.95863169586279
1866.60005235672,-73.96094887492974,-73.96094887492974
1866.61005235672,-73.96325923839152,-73.96325923839152
1866.62005235672,-73.96556295944202,-73.96556295944202
1866.63005235672,-73.96786020397904,-73.96786020397904
1866.64005235672,-73.97015113615647,-73.97015113615647
1866.65005235672,-73.97243591836425,-73.97243591836425
1866.66005235672,-73.97471471124112,-73.97471471124112
1866.67005235672,-73.9769876736782,-73.9769876736782
1866.68005235672,-73.97925496281509,-73.97925496281509
1866.69005235672,-73.98151673404632,-73.98151673404632
1866.7000523567199,-73.9837731410162,-73.9837731410162
1866.7100523567199,-73.9860243356257,-73.9860243356257
1866.7200523567199,-73.98827046802725,-73.98827046802725
1866.73005235672,-73.9905116866267,-73.9905116866267
1866.74005235672,-73.99274813810513,-73.99274813810513
1866.75005235672,-73.99497996738302,-73.99497996738302
1866.76005235672,-73.997207317654,-73.997207317654
1866.77005235672,-73.99943033038852,-73.99943033038852
1866.78005235672,-74.00164914531213,-74.00164914531213
1866.79005235672,-74.00386390043086,-74.00386390043086
1866.80005235672,-74.00607473203452,-74.00607473203452
1866.81005235672,-74.00828177469825,-74.00828177469825
1866.82005235672,-74.01048516127936,-74.01048516127936
1866.83005235672,-74.01268502293628,-74.01268502293628
1866.84005235672,-74.01488148912998,-74.01488148912998
1866.85005235672,-74.01707468763753,-74.01707468763753
1866.86005235672,-74.0192647445515,-74.0192647445515
1866.87005235672,-74.02145178428059,-74.02145178428059
1866.88005235672,-74.02363592957585,-74.02363592957585
1866.89005235672,-74.02581730152927,-74.02581730152927
1866.90005235672,-74.0279960195815,-74.0279960195815
1866.91005235672,-74.03017220152948,-74.03017220152948
1866.92005235672,-74.03234596355264,-74.03234596355264
1866.93005235672,-74.03451742020064,-74.03451742020064
1866.94005235672,-74.0366866844256,-74.0366866844256
1866.9500523567199,-74.0388538675621,-74.0388538675621
1866.9600523567199,-74.04101907937448,-74.04101907937448
1866.9700523567199,-74.04318242804733,-74.04318242804733
1866.98005235672,-74.04534402019301,-74.04534402019301
1866.99005235672,-74.04750396087917,-74.04750396087917
1867.00005235672,-74.04966235362828,-74.04966235362828
1867.01005235672,-74.05181930043891,-74.05181930043891
1867.02005235672,-74.05397490178484,-74.05397490178484
1867.03005235672,-74.05612925664889,-74.05612925664889
1867.04005235672,-74.05828246251441,-74.05828246251441
1867.05005235672,-74.06043461538103,-74.06043461538103
1867.06005235672,-74.0625858097995,-74.0625858097995
1867.07005235672,-74.0647361388592,-74.0647361388592
1867.08005235672,-74.0668856942106,-74.0668856942106
1867.09005235672,-74.0690345660831,-74.0690345660831
1867.10005235672,-74.07118284328963,-74.07118284328963
1867.11005235672,-74.07333061325171,-74.07333061325171
1867.12005235672,-74.07547796200669,-74.07547796200669
1867.13005235672,-74.07762497420806,-74.07762497420806
1867.14005235672,-74.07977173316932,-74.07977173316932
1867.15005235672,-74.0819183208576,-74.0819183208576
1867.16005235672,-74.08406481790416,-74.08406481790416
1867.17005235672,-74.08621130363504,-74.08621130363504
1867.18005235672,-74.08835785606676,-74.08835785606676
1867.19005235672,-74.09050455193115,-74.09050455193115
1867.2000523567199,-74.0926514666817,-74.0926514666817
1867.2100523567199,-74.09479867452823,-74.09479867452823
1867.2200523567199,-74.09694624841966,-74.09694624841966
1867.23005235672,-74.09909426007762,-74.09909426007762
1867.24005235672,-74.10124278001467,-74.10124278001467
1867.25005235672,-74.10339187752636,-74.10339187752636
1867.26005235672,-74.10554162072417,-74.10554162072417
1867.27005235672,-74.10769207654566,-74.10769207654566
1867.28005235672,-74.10984331075475,-74.10984331075475
1867.29005235672,-74.11199538798027,-74.11199538798027
1867.30005235672,-74.11414837170796,-74.11414837170796
1867.31005235672,-74.11630232430376,-74.11630232430376
1867.32005235672,-74.11845730702798,-74.11845730702798
1867.33005235672,-74.12061338003623,-74.12061338003623
1867.34005235672,-74.12277060241051,-74.12277060241051
1867.35005235672,-74.124929032164,-74.124929032164
1867.36005235672,-74.12708872625346,-74.12708872625346
1867.37005235672,-74.12924974059014,-74.12924974059014
1867.38005235672,-74.13141213006115,-74.13141213006115
1867.39005235672,-74.13357594853748,-74.13357594853748
1867.40005235672,-74.13574124887441,-74.13574124887441
1867.41005235672,-74.13790808295128,-74.13790808295128
1867.42005235672,-74.14007650165858,-74.14007650165858
1867.43005235672,-74.1422465549328,-74.1422465549328
1867.44005235672,-74.14441829174173,-74.14441829174173
1867.4500523805618,-74.14659176530296,-74.14659176530296
1867.4600523805618,-74.14876701237573,-74.14876701237573
1867.4700523805618,-74.15094408431129,-74.15094408431129
1867.4800523805618,-74.15312302640757,-74.15312302640757
1867.4900523805618,-74.15530388304315,-74.15530388304315
1867.5000523805618,-74.15748669773379,-74.15748669773379
1867.5100523805618,-74.15967151311602,-74.15967151311602
1867.5200523805618,-74.16185837097865,-74.16185837097865
1867.5300523805618,-74.16404731225491,-74.16404731225491
1867.5400523805617,-74.16623837704387,-74.16623837704387
1867.5500523805617,-74.16843160463465,-74.16843160463465
1867.5600523805617,-74.17062703347905,-74.17062703347905
1867.5700523805617,-74.17282470125205,-74.17282470125205
1867.580052380562,-74.17502464481784,-74.17502464481784
1867.590052380562,-74.17722690027155,-74.17722690027155
1867.600052380562,-74.17943150293898,-74.17943150293898
1867.610052380562,-74.18163848738254,-74.18163848738254
1867.620052380562,-74.1838478874135,-74.1838478874135
1867.630052380562,-74.18605973611719,-74.18605973611719
1867.6400523805619,-74.18827406583543,-74.18827406583543
1867.6500523805619,-74.19049090820533,-74.19049090820533
1867.6600523805619,-74.19271029415641,-74.19271029415641
1867.6700523805619,-74.19493225391123,-74.19493225391123
1867.6800523805618,-74.19715681700823,-74.19715681700823
1867.6900523805618,-74.19938401231057,-74.19938401231057
1867.7000523805618,-74.20161386800312,-74.20161386800312
1867.7100523805618,-74.20384641161876,-74.20384641161876
1867.7200523805618,-74.20608167004734,-74.20608167004734
1867.7300523805618,-74.20831966951687,-74.20831966951687
1867.7400523805618,-74.21056043564319,-74.21056043564319
1867.7500523805618,-74.21280399341053,-74.21280399341053
1867.7600523805618,-74.2150503671934,-74.2150503671934
1867.7700523805618,-74.21729958075747,-74.21729958075747
1867.7800523805618,-74.21955165727047,-74.21955165727047
1867.7900523805617,-74.22180661931915,-74.22180661931915
1867.8000523805617,-74.22406448890644,-74.22406448890644
1867.8100523805617,-74.22632528745777,-74.22632528745777
1867.8200523805617,-74.2285890358424,-74.2285890358424
1867.830052380562,-74.23085575437636,-74.23085575437636
1867.840052380562,-74.23312546282858,-74.23312546282858
1867.850052380562,-74.23539818042612,-74.23539818042612
1867.860052380562,-74.2376739258651,-74.2376739258651
1867.870052380562,-74.23995271731937,-74.23995271731937
1867.880052380562,-74.24223457244776,-74.24223457244776
1867.8900523805619,-74.24451950839958,-74.24451950839958
1867.9000523805619,-74.24680754182324,-74.24680754182324
1867.9100523805619,-74.24909868888187,-74.24909868888187
1867.9200523805619,-74.2513929652321,-74.2513929652321
1867.9300523805618,-74.25369038608225,-74.25369038608225
1867.9400523805618,-74.25599096614667,-74.25599096614667
1867.9500523805618,-74.25829471967742,-74.25829471967742
1867.9600523805618,-74.2606016604759,-74.2606016604759
1867.9700523805618,-74.26291180188356,-74.26291180188356
1867.9800523805618,-74.26522515680726,-74.26522515680726
1867.9900523805618,-74.26754173771141,-74.26754173771141
1868.0000523805618,-74.26986155662394,-74.26986155662394
1868.0100523805618,-74.27218462516002,-74.27218462516002
1868.0200523805618,-74.27451095450132,-74.27451095450132
1868.0300523805618,-74.2768405554341,-74.2768405554341
1868.0400523805617,-74.27917343832367,-74.27917343832367
1868.0500523805617,-74.28150961314667,-74.28150961314667
1868.0600523805617,-74.28384908948092,-74.28384908948092
1868.0700523805617,-74.28619187651479,-74.28619187651479
1868.080052380562,-74.28853798305217,-74.28853798305217
1868.090052380562,-74.2908874175316,-74.2908874175316
1868.100052380562,-74.2932401880143,-74.2932401880143
1868.110052380562,-74.29559630219539,-74.29559630219539
1868.120052380562,-74.29795576741353,-74.29795576741353
1868.130052380562,-74.30031859065551,-74.30031859065551
1868.1400523805619,-74.30268477855368,-74.30268477855368
1868.1500523805619,-74.30505433739584,-74.30505433739584
1868.1600523805619,-74.30742727314353,-74.30742727314353
1868.1700523805619,-74.30980359141132,-74.30980359141132
1868.1800523805618,-74.31218329749737,-74.31218329749737
1868.1900523805618,-74.3145663963755,-74.3145663963755
1868.2000523805618,-74.31695289269653,-74.31695289269653
1868.2100523805618,-74.31933630510454,-74.31933630510454
1868.2200523805618,-74.32171379376976,-74.32171379376976
1868.2300523805618,-74.32408397456453,-74.32408397456453
1868.2400523805618,-74.3264461370559,-74.3264461370559
1868.2500523805618,-74.32879994611955,-74.32879994611955
1868.2600523805618,-74.33114528704239,-74.33114528704239
1868.2700523805618,-74.33348217471949,-74.33348217471949
1868.2800523805618,-74.33581069916173,-74.33581069916173
1868.2900523805617,-74.3381309926834,-74.3381309926834
1868.3000524044037,-74.34044321573894,-74.34044321573894
1868.3100524044037,-74.34274752315511,-74.34274752315511
1868.3200524044037,-74.34504409032633,-74.34504409032633
1868.3300524044037,-74.3473330871287,-74.3473330871287
1868.3400524044037,-74.34961468130616,-74.34961468130616
1868.3500524044036,-74.35188903734525,-74.35188903734525
1868.3600524044036,-74.35415631603396,-74.35415631603396
1868.3700524044036,-74.35641667435476,-74.35641667435476
1868.3800524044036,-74.35867026565019,-74.35867026565019
1868.3900524044036,-74.3609172397923,-74.3609172397923
1868.4000524044036,-74.363157743533,-74.363157743533
1868.4100524044036,-74.36539192072128,-74.36539192072128
1868.4200524044036,-74.36761991262114,-74.36761991262114
1868.4300524044038,-74.36984185815975,-74.36984185815975
1868.4400524044038,-74.37205789412188,-74.37205789412188
1868.4500524044038,-74.37426815537442,-74.37426815537442
1868.4600524044038,-74.37646628474725,-74.37646628474725
1868.4700524044038,-74.37864956816821,-74.37864956816821
1868.4800524044038,-74.38081674721144,-74.38081674721144
1868.4900524044037,-74.38296723659268,-74.38296723659268
1868.5000524044037,-74.38510082562347,-74.38510082562347
1868.5100524044037,-74.3872175232764,-74.3872175232764
1868.5200524044037,-74.38931746735659,-74.38931746735659
1868.5300524044037,-74.3914008699877,-74.3914008699877
1868.5400524044037,-74.39346798484904,-74.39346798484904
1868.5500524044037,-74.39551908748534,-74.39551908748534
1868.5600524044037,-74.39755446358598,-74.39755446358598
1868.5700524044037,-74.3995744020783,-74.3995744020783
1868.5800524044037,-74.40157919116241,-74.40157919116241
1868.5900524044037,-74.40356911613435,-74.40356911613435
1868.6000524044036,-74.40554445826415,-74.40554445826415
1868.6100524044036,-74.40750549436181,-74.40750549436181
1868.6200524044036,-74.40945249664092,-74.40945249664092
1868.6300524044036,-74.41138573288444,-74.41138573288444
1868.6400524044036,-74.41330546662532,-74.41330546662532
1868.6500524044036,-74.41521195742716,-74.41521195742716
1868.6600524044036,-74.41710546116873,-74.41710546116873
1868.6700524044036,-74.41898623029563,-74.41898623029563
1868.6800524044038,-74.42085451404547,-74.42085451404547
1868.6900524044038,-74.42271055870211,-74.42271055870211
1868.7000524044038,-74.42455460773222,-74.42455460773222
1868.7100524044038,-74.42638690197995,-74.42638690197995
1868.7200524044038,-74.42820767977037,-74.42820767977037
1868.7300524044038,-74.43001717704578,-74.43001717704578
1868.7400524044037,-74.43181562744729,-74.43181562744729
1868.7500524044037,-74.43360326238549,-74.43360326238549
1868.7600524044037,-74.43538031109297,-74.43538031109297
1868.7700524044037,-74.43714700069448,-74.43714700069448
1868.7800524044037,-74.43890355621384,-74.43890355621384
1868.7900524044037,-74.44065020062037,-74.44065020062037
1868.8000524044037,-74.44238715483438,-74.44238715483438
1868.8100524044037,-74.44411463776495,-74.44411463776495
1868.8200524044037,-74.44583286629204,-74.44583286629204
1868.8300524044037,-74.44754205528793,-74.44754205528793
1868.8400524044037,-74.44924241759446,-74.44924241759446
1868.8500524044036,-74.45093416406752,-74.45093416406752
1868.8600524044036,-74.45261750352877,-74.45261750352877
1868.8700524044036,-74.4542926427964,-74.4542926427964
1868.8800524044036,-74.45595978664713,-74.45595978664713
1868.8900524044036,-74.4576191378266,-74.4576191378266
1868.9000524044036,-74.4592708970585,-74.4592708970585
1868.9100524044036,-74.4609152630102,-74.4609152630102
1868.9200524044036,-74.46255243231113,-74.46255243231113
1868.9300524044038,-74.46418259952576,-74.46418259952576
1868.9400524044038,-74.46580595715344,-74.46580595715344
1868.9500524044038,-74.4674226956457,-74.4674226956457
1868.9600524044038,-74.46903300336433,-74.46903300336433
1868.9700524044038,-74.47063706660877,-74.47063706660877
1868.9800524044038,-74.47223506959195,-74.47223506959195
1868.9900524044037,-74.47382719445815,-74.47382719445815
1869.0000524044037,-74.47541362126033,-74.47541362126033
1869.0100524044037,-74.47699452797697,-74.47699452797697
1869.0200524044037,-74.47857009049604,-74.47857009049604
1869.0300524044037,-74.48014048263003,-74.48014048263003
1869.0400524044037,-74.48170587610922,-74.48170587610922
1869.0500524044037,-74.48326644058541,-74.48326644058541
1869.0600524044037,-74.48482234363959,-74.48482234363959
1869.0700524044037,-74.48637375076635,-74.48637375076635
1869.0800524044037,-74.48792082541699,-74.48792082541699
1869.0900524044037,-74.4894637289629,-74.4894637289629
1869.1000524044036,-74.49100262073458,-74.49100262073458
1869.1100524044036,-74.49253765800512,-74.49253765800512
1869.1200524044036,-74.4940689960104,-74.4940689960104
1869.1300524044036,-74.49559678795215,-74.49559678795215
1869.1400524044036,-74.49712118500508,-74.49712118500508
1869.1500524282455,-74.49864233995248,-74.49864233995248
1869.1600524282455,-74.50016039270548,-74.50016039270548
1869.1700524282455,-74.50167549204777,-74.50167549204777
1869.1800524282455,-74.50318778116281,-74.50318778116281
1869.1900524282455,-74.50469740125219,-74.50469740125219
1869.2000524282455,-74.50620449156303,-74.50620449156303
1869.2100524282455,-74.50770918939102,-74.50770918939102
1869.2200524282455,-74.5092116300875,-74.5092116300875
1869.2300524282455,-74.51071194709047,-74.51071194709047
1869.2400524282455,-74.51221027192773,-74.51221027192773
1869.2500524282455,-74.51370673422386,-74.51370673422386
1869.2600524282454,-74.5152014617295,-74.5152014617295
1869.2700524282454,-74.51669458031839,-74.51669458031839
1869.2800524282457,-74.5181862140169,-74.5181862140169
1869.2900524282456,-74.51967648501612,-74.51967648501612
1869.3000524282456,-74.52116551367705,-74.52116551367705
1869.3100524282456,-74.52265341856378,-74.52265341856378
1869.3200524282456,-74.5241403164335,-74.5241403164335
1869.3300524282456,-74.52562632227423,-74.52562632227423
1869.3400524282456,-74.52711154931441,-74.52711154931441
1869.3500524282456,-74.52859610904157,-74.52859610904157
1869.3600524282456,-74.53008011120534,-74.53008011120534
1869.3700524282456,-74.531563663861,-74.531563663861
1869.3800524282456,-74.53304687333974,-74.53304687333974
1869.3900524282456,-74.53452984432828,-74.53452984432828
1869.4000524282455,-74.53601267983218,-74.53601267983218
1869.4100524282455,-74.53749548121,-74.53749548121
1869.4200524282455,-74.53897834819843,-74.53897834819843
1869.4300524282455,-74.54046137892273,-74.54046137892273
1869.4400524282455,-74.54194466991407,-74.54194466991407
1869.4500524282455,-74.54342831612337,-74.54342831612337
1869.4600524282455,-74.54490590767291,-74.54490590767291
1869.4700524282455,-74.54637468646052,-74.54637468646052
1869.4800524282455,-74.5478333533284,-74.5478333533284
1869.4900524282455,-74.54928128361166,-74.54928128361166
1869.5000524282455,-74.55071822785753,-74.55071822785753
1869.5100524282454,-74.55214415645236,-74.55214415645236
1869.5200524282454,-74.55355916854609,-74.55355916854609
1869.5300524282457,-74.55496343737371,-74.55496343737371
1869.5400524282456,-74.55635717738807,-74.55635717738807
1869.5500524282456,-74.55774062450682,-74.55774062450682
1869.5600524282456,-74.55911402436985,-74.55911402436985
1869.5700524282456,-74.5604776254258,-74.5604776254258
1869.5800524282456,-74.56183167497194,-74.56183167497194
1869.5900524282456,-74.56317641696127,-74.56317641696127
1869.6000524282456,-74.56451209093606,-74.56451209093606
1869.6100524282456,-74.56583893157158,-74.56583893157158
1869.6200524282456,-74.5671571686165,-74.5671571686165
1869.6300524282456,-74.5684670270328,-74.5684670270328
1869.6400524282456,-74.56976872723718,-74.56976872723718
1869.6500524282455,-74.5710624853899,-74.5710624853899
1869.6600524282455,-74.57234851370846,-74.57234851370846
1869.6700524282455,-74.57362702075199,-74.57362702075199
1869.6800524282455,-74.5748982116909,-74.5748982116909
1869.6900524282455,-74.57616228853935,-74.57616228853935
1869.7000524282455,-74.57741945036678,-74.57741945036678
1869.7100524282455,-74.57866989348773,-74.57866989348773
1869.7200524282455,-74.57991381161526,-74.57991381161526
1869.7300524282455,-74.58115139600237,-74.58115139600237
1869.7400524282455,-74.58238283553453,-74.58238283553453
1869.7500524282455,-74.58360831686741,-74.58360831686741
1869.7600524282454,-74.5848280244605,-74.5848280244605
1869.7700524282454,-74.58604214066892,-74.58604214066892
1869.7800524282457,-74.5872508458062,-74.5872508458062
1869.7900524282456,-74.5884543181689,-74.5884543181689
1869.8000524282456,-74.58965273409704,-74.58965273409704
1869.8100524282456,-74.59084626798818,-74.59084626798818
1869.8200524282456,-74.59203509233753,-74.59203509233753
1869.8300524282456,-74.59321937774497,-74.59321937774497
1869.8400524282456,-74.59439929295206,-74.59439929295206
1869.8500524282456,-74.5955750048208,-74.5955750048208
1869.8600524282456,-74.59674667838502,-74.59674667838502
1869.8700524282456,-74.59791447683979,-74.59791447683979
1869.8800524282456,-74.59907856154554,-74.59907856154554
1869.8900524282456,-74.60023909203986,-74.60023909203986
1869.9000524282455,-74.60139622604477,-74.60139622604477
1869.9100524282455,-74.60255011946602,-74.60255011946602
1869.9200524282455,-74.60370092640821,-74.60370092640821
1869.9300524282455,-74.60484879914706,-74.60484879914706
1869.9400524282455,-74.60599388818628,-74.60599388818628
1869.9500524282455,-74.60713634221676,-74.60713634221676
1869.9600524282455,-74.60826980022314,-74.60826980022314
1869.9700524282455,-74.60939155606273,-74.60939155606273
1869.9800524282455,-74.61050036354257,-74.61050036354257
1869.9900524282455,-74.61159565128186,-74.61159565128186
1870.0000524520874,-74.61267722570723,-74.61267722570723
1870.0100524520874,-74.6137451051879,-74.6137451051879
1870.0200524520874,-74.61479944446798,-74.61479944446798
1870.0300524520874,-74.61584046943932,-74.61584046943932
1870.0400524520874,-74.61686844688128,-74.61686844688128
1870.0500524520874,-74.61788366469204,-74.61788366469204
1870.0600524520873,-74.61888642009244,-74.61888642009244
1870.0700524520873,-74.61987701272015,-74.61987701272015
1870.0800524520873,-74.62085574063568,-74.62085574063568
1870.0900524520873,-74.62182289814938,-74.62182289814938
1870.1000524520873,-74.62277877473029,-74.62277877473029
1870.1100524520873,-74.62372365454914,-74.62372365454914
1870.1200524520873,-74.62465781639743,-74.62465781639743
1870.1300524520875,-74.62558153383974,-74.62558153383974
1870.1400524520875,-74.62649507544516,-74.62649507544516
1870.1500524520875,-74.62739870508162,-74.62739870508162
1870.1600524520875,-74.6282926822079,-74.6282926822079
1870.1700524520875,-74.62917726216399,-74.62917726216399
1870.1800524520875,-74.63005269644269,-74.63005269644269
1870.1900524520875,-74.63091923290503,-74.63091923290503
1870.2000524520874,-74.63177711600838,-74.63177711600838
1870.2100524520874,-74.63262007778694,-74.63262007778694
1870.2200524520874,-74.63344550523068,-74.63344550523068
1870.2300524520874,-74.63425224464672,-74.63425224464672
1870.2400524520874,-74.63503981634511,-74.63503981634511
1870.2500524520874,-74.63580811504735,-74.63580811504735
1870.2600524520874,-74.63655725436597,-74.63655725436597
1870.2700524520874,-74.63728747569128,-74.63728747569128
1870.2800524520874,-74.63799909345367,-74.63799909345367
1870.2900524520874,-74.63869246222872,-74.63869246222872
1870.3000524520874,-74.63936795699206,-74.63936795699206
1870.3100524520873,-74.64002596138432,-74.64002596138432
1870.3200524520873,-74.6406668607676,-74.6406668607676
1870.3300524520873,-74.64129103829792,-74.64129103829792
1870.3400524520873,-74.64189887271316,-74.64189887271316
1870.3500524520873,-74.64249073727726,-74.64249073727726
1870.3600524520873,-74.64306699930582,-74.64306699930582
1870.3700524520873,-74.64362802012133,-74.64362802012133
1870.3800524520875,-74.64417415517252,-74.64417415517252
1870.3900524520875,-74.64470575428027,-74.64470575428027
1870.4000524520875,-74.6452231619277,-74.6452231619277
1870.4100524520875,-74.64572671753943,-74.64572671753943
1870.4200524520875,-74.64621675578577,-74.64621675578577
1870.4300524520875,-74.6466936068295,-74.6466936068295
1870.4400524520875,-74.64715759655456,-74.64715759655456
1870.4500524520874,-74.64760904677753,-74.64760904677753
1870.4600524520874,-74.64804827540935,-74.64804827540935
1870.4700524520874,-74.6484755966209,-74.6484755966209
1870.4800524520874,-74.64889132097382,-74.64889132097382
1870.4900524520874,-74.64929575549287,-74.64929575549287
1870.5000524520874,-74.64968920381219,-74.64968920381219
1870.5100524520874,-74.65007196620833,-74.65007196620833
1870.5200524520874,-74.65044433966445,-74.65044433966445
1870.5300524520874,-74.65080661793964,-74.65080661793964
1870.5400524520874,-74.65115909159756,-74.65115909159756
1870.5500524520874,-74.65150204804794,-74.65150204804794
1870.5600524520873,-74.65183577158102,-74.65183577158102
1870.5700524520873,-74.65216054336116,-74.65216054336116
1870.5800524520873,-74.65247664148993,-74.65247664148993
1870.5900524520873,-74.65278434098335,-74.65278434098335
1870.6000524520873,-74.65308391380586,-74.65308391380586
1870.6100524520873,-74.65337562886961,-74.65337562886961
1870.6200524520873,-74.65365975206676,-74.65365975206676
1870.6300524520875,-74.65393654624164,-74.65393654624164
1870.6400524520875,-74.65420627123828,-74.65420627123828
1870.6500524520875,-74.65446918387367,-74.65446918387367
1870.6600524520875,-74.65472553795087,-74.65472553795087
1870.6700524520875,-74.6549755842885,-74.6549755842885
1870.6800524520875,-74.6552195707115,-74.6552195707115
1870.6900524520875,-74.65545774205552,-74.65545774205552
1870.7000524520874,-74.65569034016752,-74.65569034016752
1870.7100524520874,-74.6559176039423,-74.6559176039423
1870.7200524520874,-74.65613976929075,-74.65613976929075
1870.7300524520874,-74.6563570691949,-74.6563570691949
1870.7400524520874,-74.65656973368131,-74.65656973368131
1870.7500524520874,-74.65677798984072,-74.65677798984072
1870.7600524520874,-74.656982061852,-74.656982061852
1870.7700524520874,-74.65718217097046,-74.65718217097046
1870.7800524520874,-74.65737853557108,-74.65737853557108
1870.7900524520874,-74.65757137112399,-74.65757137112399
1870.8000524520874,-74.65776089024216,-74.65776089024216
1870.8100524520873,-74.65794730268301,-74.65794730268301
1870.8200524520873,-74.6581308153494,-74.6581308153494
1870.8300524520873,-74.6583116323269,-74.6583116323269
1870.8400524520873,-74.65848995489068,-74.65848995489068
1870.8500524759293,-74.65866598194066,-74.65866598194066
1870.8600524759293,-74.65883990833892,-74.65883990833892
1870.8700524759292,-74.65901192745615,-74.65901192745615
1870.8800524759292,-74.65918222949229,-74.65918222949229
1870.8900524759292,-74.65935100193869,-74.65935100193869
1870.9000524759292,-74.65951842958006,-74.65951842958006
1870.9100524759292,-74.65968469451141,-74.65968469451141
1870.9200524759292,-74.65984997617231,-74.65984997617231
1870.9300524759292,-74.66001445137145,-74.66001445137145
1870.9400524759292,-74.66017829427861,-74.66017829427861
1870.9500524759292,-74.6603416764777,-74.6603416764777
1870.9600524759292,-74.66050476696763,-74.66050476696763
1870.9700524759292,-74.66066773219964,-74.66066773219964
1870.9800524759294,-74.66083073608294,-74.66083073608294
1870.9900524759294,-74.66099394002934,-74.66099394002934
1871.0000524759294,-74.66115750294826,-74.66115750294826
1871.0100524759293,-74.66132158129307,-74.66132158129307
1871.0200524759293,-74.66148632907156,-74.66148632907156
1871.0300524759293,-74.66165189788133,-74.66165189788133
1871.0400524759293,-74.66181843690657,-74.66181843690657
1871.0500524759293,-74.66198609297444,-74.66198609297444
1871.0600524759293,-74.66215501055922,-74.66215501055922
1871.0700524759293,-74.66232533181294,-74.66232533181294
1871.0800524759293,-74.6624971965826,-74.6624971965826
1871.0900524759293,-74.66267074243628,-74.66267074243628
1871.1000524759293,-74.66284610469832,-74.66284610469832
1871.1100524759293,-74.6630234164636,-74.6630234164636
1871.1200524759292,-74.66320280861395,-74.66320280861395
1871.1300524759292,-74.66338440985594,-74.66338440985594
1871.1400524759292,-74.66356834673739,-74.66356834673739
1871.1500524759292,-74.66375474367972,-74.66375474367972
1871.1600524759292,-74.6639437229785,-74.6639437229785
1871.1700524759292,-74.66413540486207,-74.66413540486207
1871.1800524759292,-74.66432990748675,-74.66432990748675
1871.1900524759292,-74.66452734697963,-74.66452734697963
1871.2000524759292,-74.66472783744591,-74.66472783744591
1871.2100524759292,-74.66493149101437,-74.66493149101437
1871.2200524759292,-74.66513841782432,-74.66513841782432
1871.2300524759294,-74.6653487260915,-74.6653487260915
1871.2400524759294,-74.66556252210245,-74.66556252210245
1871.2500524759294,-74.66577991024921,-74.66577991024921
1871.2600524759293,-74.66600099305825,-74.66600099305825
1871.2700524759293,-74.66622587118758,-74.66622587118758
1871.2800524759293,-74.66645464347914,-74.66645464347914
1871.2900524759293,-74.66668740697344,-74.66668740697344
1871.3000524759293,-74.66692425692592,-74.66692425692592
1871.3100524759293,-74.66716528682389,-74.66716528682389
1871.3200524759293,-74.66741058841953,-74.66741058841953
1871.3300524759293,-74.66766025176764,-74.66766025176764
1871.3400524759293,-74.66791436520349,-74.66791436520349
1871.3500524759293,-74.66817301539935,-74.66817301539935
1871.3600524759293,-74.6684362873819,-74.6684362873819
1871.3700524759292,-74.66870426454064,-74.66870426454064
1871.3800524759292,-74.6689770286697,-74.6689770286697
1871.3900524759292,-74.66925465996302,-74.66925465996302
1871.4000524759292,-74.66953723705953,-74.66953723705953
1871.4100524759292,-74.6698248370416,-74.6698248370416
1871.4200524759292,-74.67011753547392,-74.67011753547392
1871.4300524759292,-74.6704154064191,-74.6704154064191
1871.4400524759292,-74.67071852245618,-74.67071852245618
1871.4500524759292,-74.67102695468944,-74.67102695468944
1871.4600524759292,-74.67134077278956,-74.67134077278956
1871.4700524759292,-74.67166004499202,-74.67166004499202
1871.4800524759294,-74.67198483813796,-74.67198483813796
1871.4900524759294,-74.67231521767589,-74.67231521767589
1871.5000524759294,-74.67265124768299,-74.67265124768299
1871.5100524759293,-74.67299299089433,-74.67299299089433
1871.5200524759293,-74.67334050871398,-74.67334050871398
1871.5300524759293,-74.67369386122868,-74.67369386122868
1871.5400524759293,-74.67405310723242,-74.67405310723242
1871.5500524759293,-74.67441830425501,-74.67441830425501
1871.5600524759293,-74.67478950855117,-74.67478950855117
1871.5700524759293,-74.67516677514485,-74.67516677514485
1871.5800524759293,-74.67555015783753,-74.67555015783753
1871.5900524759293,-74.67593970922043,-74.67593970922043
1871.6000524759293,-74.67633548069398,-74.67633548069398
1871.6100524759293,-74.6767375224914,-74.6767375224914
1871.6200524759292,-74.6771458836881,-74.6771458836881
1871.6300524759292,-74.67756061222947,-74.67756061222947
1871.6400524759292,-74.67798175492644,-74.67798175492644
1871.6500524759292,-74.67840935747138,-74.67840935747138
1871.6600524759292,-74.6788434644988,-74.6788434644988
1871.6700524759292,-74.67928411952964,-74.67928411952964
1871.6800524759292,-74.67973136505856,-74.67973136505856
1871.6900524759292,-74.68018524251369,-74.68018524251369
1871.7000524997711,-74.68064579339634,-74.68064579339634
1871.710052499771,-74.68111305493322,-74.68111305493322
1871.720052499771,-74.68158706658107,-74.68158706658107
1871.730052499771,-74.68206786573592,-74.68206786573592
1871.740052499771,-74.68255548883634,-74.68255548883634
1871.750052499771,-74.68304997135867,-74.68304997135867
1871.760052499771,-74.6835513478338,-74.6835513478338
1871.770052499771,-74.68405965186797,-74.68405965186797
1871.780052499771,-74.68457491613535,-74.68457491613535
1871.790052499771,-74.68509717242812,-74.68509717242812
1871.800052499771,-74.68562645163216,-74.68562645163216
1871.810052499771,-74.6861627837702,-74.6861627837702
1871.820052499771,-74.68670619799444,-74.68670619799444
1871.8300524997712,-74.68725672259977,-74.68725672259977
1871.8400524997712,-74.68781438506176,-74.68781438506176
1871.8500524997712,-74.68837921201995,-74.68837921201995
1871.8600524997712,-74.68895122929695,-74.68895122929695
1871.8700524997712,-74.6895304619133,-74.6895304619133
1871.8800524997712,-74.6901169341103,-74.6901169341103
1871.8900524997712,-74.69071066933937,-74.69071066933937
1871.9000524997712,-74.69131169029492,-74.69131169029492
1871.9100524997712,-74.69192001891503,-74.69192001891503
1871.9200524997711,-74.6925356763914,-74.6925356763914
1871.9300524997711,-74.69315868318772,-74.69315868318772
1871.9400524997711,-74.69378905904371,-74.69378905904371
1871.9500524997711,-74.69442682299308,-74.69442682299308
1871.960052499771,-74.69507199335531,-74.69507199335531
1871.970052499771,-74.69572458777648,-74.69572458777648
1871.980052499771,-74.69638462322652,-74.69638462322652
1871.990052499771,-74.69705211598777,-74.69705211598777
1872.000052499771,-74.69772708171358,-74.69772708171358
1872.010052499771,-74.69840953537812,-74.69840953537812
1872.020052499771,-74.69909949133456,-74.69909949133456
1872.030052499771,-74.69979696330367,-74.69979696330367
1872.040052499771,-74.7005019643889,-74.7005019643889
1872.050052499771,-74.70121450708132,-74.70121450708132
1872.060052499771,-74.70193460328016,-74.70193460328016
1872.070052499771,-74.70266226427492,-74.70266226427492
1872.0800524997712,-74.70339750079934,-74.70339750079934
1872.0900524997712,-74.70414032299036,-74.70414032299036
1872.1000524997712,-74.70489074043277,-74.70489074043277
1872.1100524997712,-74.70564876215296,-74.70564876215296
1872.1200524997712,-74.70641439663214,-74.70641439663214
1872.1300524997712,-74.70718765181157,-74.70718765181157
1872.1400524997712,-74.70796853510055,-74.70796853510055
1872.1500524997712,-74.70875705338622,-74.70875705338622
1872.1600524997712,-74.7095532130464,-74.7095532130464
1872.1700524997711,-74.7103570199555,-74.7103570199555
1872.1800524997711,-74.71116847948431,-74.71116847948431
1872.1900524997711,-74.71198759651807,-74.71198759651807
1872.2000524997711,-74.71281437544265,-74.71281437544265
1872.210052499771,-74.71364882019223,-74.71364882019223
1872.220052499771,-74.71449093422527,-74.71449093422527
1872.230052499771,-74.71534072053353,-74.71534072053353
1872.240052499771,-74.7161981816704,-74.7161981816704
1872.250052499771,-74.71706331972662,-74.71706331972662
1872.260052499771,-74.71793613636221,-74.71793613636221
1872.270052499771,-74.71881663281286,-74.71881663281286
1872.280052499771,-74.71970480987113,-74.71970480987113
1872.290052499771,-74.7206006679356,-74.7206006679356
1872.300052499771,-74.7215042069734,-74.7215042069734
1872.310052499771,-74.72241542654682,-74.72241542654682
1872.320052499771,-74.72333432583721,-74.72333432583721
1872.3300524997712,-74.72426090361893,-74.72426090361893
1872.3400524997712,-74.72519515828947,-74.72519515828947
1872.3500524997712,-74.72613708785649,-74.72613708785649
1872.3600524997712,-74.72708668996675,-74.72708668996675
1872.3700524997712,-74.7280439618901,-74.7280439618901
1872.3800524997712,-74.7290089005442,-74.7290089005442
1872.3900524997712,-74.72998150247312,-74.72998150247312
1872.4000524997712,-74.73096176389087,-74.73096176389087
1872.4100524997712,-74.73194968066215,-74.73194968066215
1872.4200524997711,-74.73294524831056,-74.73294524831056
1872.4300524997711,-74.73394846202122,-74.73394846202122
1872.4400524997711,-74.73495931665943,-74.73495931665943
1872.4500524997711,-74.73597780676873,-74.73597780676873
1872.460052499771,-74.73700392657685,-74.73700392657685
1872.470052499771,-74.73803766999339,-74.73803766999339
1872.480052499771,-74.73907903062427,-74.73907903062427
1872.490052499771,-74.74012800177805,-74.74012800177805
1872.500052499771,-74.74118457647089,-74.74118457647089
1872.510052499771,-74.74224874740995,-74.74224874740995
1872.520052499771,-74.74332050703167,-74.74332050703167
1872.530052499771,-74.74439984748916,-74.74439984748916
1872.540052499771,-74.74548676065127,-74.74548676065127
1872.550052523613,-74.74658124073045,-74.74658124073045
1872.560052523613,-74.74768327387227,-74.74768327387227
1872.570052523613,-74.7487928537228,-74.7487928537228
1872.580052523613,-74.74990997109636,-74.74990997109636
1872.590052523613,-74.75103461655254,-74.75103461655254
1872.600052523613,-74.75216678039725,-74.75216678039725
1872.610052523613,-74.75330645270503,-74.75330645270503
1872.620052523613,-74.75445362328645,-74.75445362328645
1872.630052523613,-74.75560828172414,-74.75560828172414
1872.640052523613,-74.75677041737242,-74.75677041737242
1872.6500525236129,-74.75794001936482,-74.75794001936482
1872.6600525236129,-74.7591170765923,-74.7591170765923
1872.6700525236129,-74.76030157772892,-74.76030157772892
1872.680052523613,-74.76149351123514,-74.76149351123514
1872.690052523613,-74.76269286536596,-74.76269286536596
1872.700052523613,-74.76389962814812,-74.76389962814812
1872.710052523613,-74.76511378741567,-74.76511378741567
1872.720052523613,-74.76633533080367,-74.76633533080367
1872.730052523613,-74.76756424573924,-74.76756424573924
1872.740052523613,-74.76880051945722,-74.76880051945722
1872.750052523613,-74.77004413900536,-74.77004413900536
1872.760052523613,-74.77129509123957,-74.77129509123957
1872.770052523613,-74.77255336283903,-74.77255336283903
1872.780052523613,-74.77381894028703,-74.77381894028703
1872.790052523613,-74.77509180990104,-74.77509180990104
1872.800052523613,-74.77637195781874,-74.77637195781874
1872.810052523613,-74.77765937001472,-74.77765937001472
1872.820052523613,-74.77895403228273,-74.77895403228273
1872.830052523613,-74.78025593027071,-74.78025593027071
1872.840052523613,-74.78156504943604,-74.78156504943604
1872.850052523613,-74.78288137510891,-74.78288137510891
1872.860052523613,-74.78420489244064,-74.78420489244064
1872.870052523613,-74.7855355864372,-74.7855355864372
1872.880052523613,-74.78687344195909,-74.78687344195909
1872.890052523613,-74.78821844371585,-74.78821844371585
1872.9000525236129,-74.78957057627973,-74.78957057627973
1872.9100525236129,-74.79092982407282,-74.79092982407282
1872.9200525236129,-74.7922961713837,-74.7922961713837
1872.930052523613,-74.79366960235583,-74.79366960235583
1872.940052523613,-74.79505010101902,-74.79505010101902
1872.950052523613,-74.79643765125785,-74.79643765125785
1872.960052523613,-74.797825710806,-74.797825710806
1872.970052523613,-74.799211403738,-74.799211403738
1872.980052523613,-74.80059331964546,-74.80059331964546
1872.990052523613,-74.8019707263974,-74.8019707263974
1873.000052523613,-74.80334326976231,-74.80334326976231
1873.010052523613,-74.80471081744801,-74.80471081744801
1873.020052523613,-74.8060733676755,-74.8060733676755
1873.030052523613,-74.80743099429148,-74.80743099429148
1873.040052523613,-74.80878381373236,-74.80878381373236
1873.050052523613,-74.81013196520655,-74.81013196520655
1873.060052523613,-74.81147559888667,-74.81147559888667
1873.070052523613,-74.81281486897171,-74.81281486897171
1873.080052523613,-74.8141499296813,-74.8141499296813
1873.090052523613,-74.81548093305615,-74.81548093305615
1873.100052523613,-74.81680802790682,-74.81680802790682
1873.110052523613,-74.81813135929195,-74.81813135929195
1873.120052523613,-74.8194510684842,-74.8194510684842
1873.130052523613,-74.82076729311379,-74.82076729311379
1873.140052523613,-74.82208016736725,-74.82208016736725
1873.1500525236129,-74.82338982231371,-74.82338982231371
1873.1600525236129,-74.82469638616732,-74.82469638616732
1873.1700525236129,-74.8259999845739,-74.8259999845739
1873.180052523613,-74.8273007408939,-74.8273007408939
1873.190052523613,-74.82859877639304,-74.82859877639304
1873.200052523613,-74.82989421047546,-74.82989421047546
1873.210052523613,-74.83118716086236,-74.83118716086236
1873.220052523613,-74.8324777436922,-74.8324777436922
1873.230052523613,-74.83376607370039,-74.83376607370039
1873.240052523613,-74.83505226429924,-74.83505226429924
1873.250052523613,-74.83633642765788,-74.83633642765788
1873.260052523613,-74.83761867477561,-74.83761867477561
1873.270052523613,-74.83889911555562,-74.83889911555562
1873.280052523613,-74.84017785882752,-74.84017785882752
1873.290052523613,-74.8414550124002,-74.8414550124002
1873.300052523613,-74.84273068308029,-74.84273068308029
1873.310052523613,-74.8440049766945,-74.8440049766945
1873.320052523613,-74.84527799809518,-74.84527799809518
1873.330052523613,-74.84654985118912,-74.84654985118912
1873.340052523613,-74.84782063893753,-74.84782063893753
1873.350052523613,-74.84909046334758,-74.84909046334758
1873.360052523613,-74.85035942548173,-74.85035942548173
1873.370052523613,-74.8516276254672,-74.8516276254672
1873.380052523613,-74.85289516246903,-74.85289516246903
1873.390052523613,-74.85416213469857,-74.85416213469857
1873.4000525474548,-74.85542864243382,-74.85542864243382
1873.4100525474548,-74.8566947759314,-74.8566947759314
1873.4200525474548,-74.85796063351843,-74.85796063351843
1873.4300525474548,-74.85922630953647,-74.85922630953647
1873.4400525474548,-74.86049189734007,-74.86049189734007
1873.4500525474548,-74.86175748928535,-74.86175748928535
1873.4600525474548,-74.86302317673177,-74.86302317673177
1873.4700525474548,-74.86428905003301,-74.86428905003301
1873.4800525474548,-74.86555519853268,-74.86555519853268
1873.4900525474548,-74.86682171054565,-74.86682171054565
1873.5000525474547,-74.86808867338044,-74.86808867338044
1873.5100525474547,-74.86935617330312,-74.86935617330312
1873.5200525474547,-74.87062429555091,-74.87062429555091
1873.530052547455,-74.87189312431904,-74.87189312431904
1873.540052547455,-74.87316274276002,-74.87316274276002
1873.550052547455,-74.87443323300033,-74.87443323300033
1873.560052547455,-74.8757046760982,-74.8757046760982
1873.570052547455,-74.87697715207786,-74.87697715207786
1873.580052547455,-74.87825073989256,-74.87825073989256
1873.590052547455,-74.87952551746936,-74.87952551746936
1873.6000525474549,-74.88080156166475,-74.88080156166475
1873.6100525474549,-74.88207894827877,-74.88207894827877
1873.6200525474549,-74.88335775208462,-74.88335775208462
1873.6300525474549,-74.88463804677295,-74.88463804677295
1873.6400525474548,-74.8859199050097,-74.8859199050097
1873.6500525474548,-74.8872033984003,-74.8872033984003
1873.6600525474548,-74.88848859750053,-74.88848859750053
1873.6700525474548,-74.88977557182822,-74.88977557182822
1873.6800525474548,-74.89106438986425,-74.89106438986425
1873.6900525474548,-74.8923551190444,-74.8923551190444
1873.7000525474548,-74.8936478257795,-74.8936478257795
1873.7100525474548,-74.89493604090625,-74.89493604090625
1873.7200525474548,-74.89621696536936,-74.89621696536936
1873.7300525474548,-74.89748926657977,-74.89748926657977
1873.7400525474548,-74.89875229018153,-74.89875229018153
1873.7500525474547,-74.90000575931856,-74.90000575931856
1873.7600525474547,-74.90124961846783,-74.90124961846783
1873.7700525474547,-74.90248394194022,-74.90248394194022
1873.780052547455,-74.90370887892654,-74.90370887892654
1873.790052547455,-74.90492462042727,-74.90492462042727
1873.800052547455,-74.90613137943292,-74.90613137943292
1873.810052547455,-74.90732937909956,-74.90732937909956
1873.820052547455,-74.9085188457769,-74.9085188457769
1873.830052547455,-74.90970000503117,-74.90970000503117
1873.840052547455,-74.91087307945824,-74.91087307945824
1873.8500525474549,-74.91203828757396,-74.91203828757396
1873.8600525474549,-74.91319584336445,-74.91319584336445
1873.8700525474549,-74.91434595621013,-74.91434595621013
1873.8800525474549,-74.91548883102877,-74.91548883102877
1873.8900525474548,-74.91662466850285,-74.91662466850285
1873.9000525474548,-74.91775366538911,-74.91775366538911
1873.9100525474548,-74.9188760148019,-74.9188760148019
1873.9200525474548,-74.91999190649837,-74.91999190649837
1873.9300525474548,-74.92110152714324,-74.92110152714324
1873.9400525474548,-74.92220506054622,-74.92220506054622
1873.9500525474548,-74.92330268785702,-74.92330268785702
1873.9600525474548,-74.92439458776055,-74.92439458776055
1873.9700525474548,-74.92548093662958,-74.92548093662958
1873.9800525474548,-74.926561908633,-74.926561908633
1873.9900525474548,-74.92763767587154,-74.92763767587154
1874.0000525474547,-74.92870840845379,-74.92870840845379
1874.0100525474547,-74.92977427457615,-74.92977427457615
1874.0200525474547,-74.93083544057896,-74.93083544057896
1874.030052547455,-74.93189207102255,-74.93189207102255
1874.040052547455,-74.93294432869823,-74.93294432869823
1874.050052547455,-74.93399237467858,-74.93399237467858
1874.060052547455,-74.93503636834834,-74.93503636834834
1874.070052547455,-74.93607646740456,-74.93607646740456
1874.080052547455,-74.93711282790267,-74.93711282790267
1874.090052547455,-74.93814560423948,-74.93814560423948
1874.1000525474549,-74.93917494919326,-74.93917494919326
1874.1100525474549,-74.9402010139073,-74.9402010139073
1874.1200525474549,-74.9412239479064,-74.9412239479064
1874.1300525474549,-74.9422438990868,-74.9422438990868
1874.1400525474548,-74.94326101374538,-74.94326101374538
1874.1500525474548,-74.94427543655236,-74.94427543655236
1874.1600525474548,-74.94528731057318,-74.94528731057318
1874.1700525474548,-74.94629677725204,-74.94629677725204
1874.1800525474548,-74.94730397642695,-74.94730397642695
1874.1900525474548,-74.9483090463254,-74.9483090463254
1874.2000525474548,-74.94931212355073,-74.94931212355073
1874.2100525474548,-74.95031334310022,-74.95031334310022
1874.2200525474548,-74.9513128383603,-74.9513128383603
1874.2300525474548,-74.95231074110235,-74.95231074110235
1874.2400525474548,-74.95330718149019,-74.95330718149019
1874.2500525712967,-74.95430229044317,-74.95430229044317
1874.2600525712967,-74.95529619015677,-74.95529619015677
1874.2700525712967,-74.95628900834988,-74.95628900834988
1874.2800525712967,-74.95728086875592,-74.95728086875592
1874.2900525712967,-74.95827189351054,-74.95827189351054
1874.3000525712966,-74.95926220314901,-74.95926220314901
1874.3100525712966,-74.96025191661703,-74.96025191661703
1874.3200525712966,-74.96124115127498,-74.96124115127498
1874.3300525712966,-74.96223002289096,-74.96223002289096
1874.3400525712966,-74.96321864566364,-74.96321864566364
1874.3500525712966,-74.96420713221444,-74.96420713221444
1874.3600525712966,-74.9651955936012,-74.9651955936012
1874.3700525712966,-74.96618413932684,-74.96618413932684
1874.3800525712968,-74.96717287733823,-74.96717287733823
1874.3900525712968,-74.96816191403494,-74.96816191403494
1874.4000525712968,-74.96915135428465,-74.96915135428465
1874.4100525712968,-74.97014130142257,-74.97014130142257
1874.4200525712968,-74.97113185727112,-74.97113185727112
1874.4300525712968,-74.97212312214243,-74.97212312214243
1874.4400525712967,-74.97311519484418,-74.97311519484418
1874.4500525712967,-74.97410817268613,-74.97410817268613
1874.4600525712967,-74.97509561066593,-74.97509561066593
1874.4700525712967,-74.97607473744196,-74.97607473744196
1874.4800525712967,-74.977044249238,-74.977044249238
1874.4900525712967,-74.97800352080763,-74.97800352080763
1874.5000525712967,-74.97895230433257,-74.97895230433257
1874.5100525712967,-74.97989057313914,-74.97989057313914
1874.5200525712967,-74.98081843008639,-74.98081843008639
1874.5300525712967,-74.98173605257253,-74.98173605257253
1874.5400525712967,-74.9826436594068,-74.9826436594068
1874.5500525712966,-74.98354149100494,-74.98354149100494
1874.5600525712966,-74.98442979752889,-74.98442979752889
1874.5700525712966,-74.98530883195312,-74.98530883195312
1874.5800525712966,-74.98617884605126,-74.98617884605126
1874.5900525712966,-74.98704008822979,-74.98704008822979
1874.6000525712966,-74.98789280240173,-74.98789280240173
1874.6100525712966,-74.98873722757392,-74.98873722757392
1874.6200525712966,-74.98957359776794,-74.98957359776794
1874.6300525712968,-74.99040214214608,-74.99040214214608
1874.6400525712968,-74.99122308528464,-74.99122308528464
1874.6500525712968,-74.99203664743156,-74.99203664743156
1874.6600525712968,-74.99284304484644,-74.99284304484644
1874.6700525712968,-74.9936424900686,-74.9936424900686
1874.6800525712968,-74.99443519220215,-74.99443519220215
1874.6900525712967,-74.9952213571353,-74.9952213571353
1874.7000525712967,-74.99600118775601,-74.99600118775601
1874.7100525712967,-74.9967748841549,-74.9967748841549
1874.7200525712967,-74.99754264377445,-74.99754264377445
1874.7300525712967,-74.99830466151884,-74.99830466151884
1874.7400525712967,-74.9990611299127,-74.9990611299127
1874.7500525712967,-74.99981223915555,-74.99981223915555
1874.7600525712967,-75.00055817723188,-75.00055817723188
1874.7700525712967,-75.00129912996428,-75.00129912996428
1874.7800525712967,-75.00203528106051,-75.00203528106051
1874.7900525712967,-75.00276681218828,-75.00276681218828
1874.8000525712966,-75.00349390299513,-75.00349390299513
1874.8100525712966,-75.00421673113057,-75.00421673113057
1874.8200525712966,-75.00493547228534,-75.00493547228534
1874.8300525712966,-75.00565030021271,-75.00565030021271
1874.8400525712966,-75.00636138673522,-75.00636138673522
1874.8500525712966,-75.00706890176535,-75.00706890176535
1874.8600525712966,-75.00777301332398,-75.00777301332398
1874.8700525712966,-75.00847388753458,-75.00847388753458
1874.8800525712968,-75.00917168863111,-75.00917168863111
1874.8900525712968,-75.00986657898015,-75.00986657898015
1874.9000525712968,-75.01055871906257,-75.01055871906257
1874.9100525712968,-75.01124826751214,-75.01124826751214
1874.9200525712968,-75.01193538108448,-75.01193538108448
1874.9300525712968,-75.01262021468001,-75.01262021468001
1874.9400525712967,-75.01330292133152,-75.01330292133152
1874.9500525712967,-75.01398365223257,-75.01398365223257
1874.9600525712967,-75.01466255672074,-75.01466255672074
1874.9700525712967,-75.01533978228031,-75.01533978228031
1874.9800525712967,-75.01601547457128,-75.01601547457128
1874.9900525712967,-75.01668977739433,-75.01668977739433
1875.0000525712967,-75.0173628327253,-75.0173628327253
1875.0100525712967,-75.01803478071658,-75.01803478071658
1875.0200525712967,-75.01870575969332,-75.01870575969332
1875.0300525712967,-75.0193759061548,-75.0193759061548
1875.0400525712967,-75.02004535479715,-75.02004535479715
1875.0500525712966,-75.02071423851616,-75.02071423851616
1875.0600525712966,-75.02138268839657,-75.02138268839657
1875.0700525712966,-75.0220508337397,-75.0220508337397
1875.0800525712966,-75.02271880205484,-75.02271880205484
1875.0900525712966,-75.02338671909318,-75.02338671909318
1875.1000525951385,-75.02405471041477,-75.02405471041477
1875.1100525951385,-75.02472289506211,-75.02472289506211
1875.1200525951385,-75.02539139509231,-75.02539139509231
1875.1300525951385,-75.026060329238,-75.026060329238
1875.1400525951385,-75.02672981451093,-75.02672981451093
1875.1500525951385,-75.02739996619597,-75.02739996619597
1875.1600525951385,-75.02807089787255,-75.02807089787255
1875.1700525951385,-75.02874272142463,-75.02874272142463
1875.1800525951385,-75.02941554706852,-75.02941554706852
1875.1900525951385,-75.03008948333144,-75.03008948333144
1875.2000525951385,-75.03076463708324,-75.03076463708324
1875.2100525951384,-75.03144111355536,-75.03144111355536
1875.2200525951384,-75.0321190163428,-75.0321190163428
1875.2300525951387,-75.03279844740852,-75.03279844740852
1875.2400525951386,-75.03347950712205,-75.03347950712205
1875.2500525951386,-75.03416229424566,-75.03416229424566
1875.2600525951386,-75.0348469059669,-75.0348469059669
1875.2700525951386,-75.0355334379094,-75.0355334379094
1875.2800525951386,-75.03622198412558,-75.03622198412558
1875.2900525951386,-75.03691263714695,-75.03691263714695
1875.3000525951386,-75.03760548797051,-75.03760548797051
1875.3100525951386,-75.038300626082,-75.038300626082
1875.3200525951386,-75.03899813946741,-75.03899813946741
1875.3300525951386,-75.03969811463917,-75.03969811463917
1875.3400525951386,-75.04040063662296,-75.04040063662296
1875.3500525951385,-75.04110578901029,-75.04110578901029
1875.3600525951385,-75.04181365393939,-75.04181365393939
1875.3700525951385,-75.04252431212504,-75.04252431212504
1875.3800525951385,-75.04323784288226,-75.04323784288226
1875.3900525951385,-75.04395432412336,-75.04395432412336
1875.4000525951385,-75.04467383238179,-75.04467383238179
1875.4100525951385,-75.0453964428199,-75.0453964428199
1875.4200525951385,-75.04612222925779,-75.04612222925779
1875.4300525951385,-75.04685126417377,-75.04685126417377
1875.4400525951385,-75.04758361872568,-75.04758361872568
1875.4500525951385,-75.04831936277556,-75.04831936277556
1875.4600525951384,-75.04905856488062,-75.04905856488062
1875.4700525951384,-75.04980129231943,-75.04980129231943
1875.4800525951387,-75.05054761111622,-75.05054761111622
1875.4900525951386,-75.0512975860503,-75.0512975860503
1875.5000525951386,-75.0520512806619,-75.0520512806619
1875.5100525951386,-75.05280875728081,-75.05280875728081
1875.5200525951386,-75.05357007701703,-75.05357007701703
1875.5300525951386,-75.05433529981077,-75.05433529981077
1875.5400525951386,-75.0551044844225,-75.0551044844225
1875.5500525951386,-75.05587768843789,-75.05587768843789
1875.5600525951386,-75.05665496831334,-75.05665496831334
1875.5700525951386,-75.05743637936726,-75.05743637936726
1875.5800525951386,-75.05822197579303,-75.05822197579303
1875.5900525951386,-75.05901181068764,-75.05901181068764
1875.6000525951385,-75.05980593606213,-75.05980593606213
1875.6100525951385,-75.06060440284486,-75.06060440284486
1875.6200525951385,-75.0614072609068,-75.0614072609068
1875.6300525951385,-75.0622145590571,-75.0622145590571
1875.6400525951385,-75.0630263450798,-75.0630263450798
1875.6500525951385,-75.06384266574322,-75.06384266574322
1875.6600525951385,-75.06466356678816,-75.06466356678816
1875.6700525951385,-75.0654890929802,-75.0654890929802
1875.6800525951385,-75.06631928808733,-75.06631928808733
1875.6900525951385,-75.06715419491944,-75.06715419491944
1875.7000525951385,-75.0679938553203,-75.0679938553203
1875.7100525951384,-75.06883831019822,-75.06883831019822
1875.7200525951384,-75.06968759951849,-75.06968759951849
1875.7300525951387,-75.07054176234506,-75.07054176234506
1875.7400525951386,-75.07140083682154,-75.07140083682154
1875.7500525951386,-75.07226486020117,-75.07226486020117
1875.7600525951386,-75.07313386885878,-75.07313386885878
1875.7700525951386,-75.07400789829393,-75.07400789829393
1875.7800525951386,-75.074886983156,-75.074886983156
1875.7900525951386,-75.07577115724308,-75.07577115724308
1875.8000525951386,-75.07666045350851,-75.07666045350851
1875.8100525951386,-75.0775549041117,-75.0775549041117
1875.8200525951386,-75.07845454037458,-75.07845454037458
1875.8300525951386,-75.07935939282302,-75.07935939282302
1875.8400525951386,-75.0802694912094,-75.0802694912094
1875.8500525951385,-75.08118486449806,-75.08118486449806
1875.8600525951385,-75.08210554087874,-75.08210554087874
1875.8700525951385,-75.08303154779323,-75.08303154779323
1875.8800525951385,-75.08396291194286,-75.08396291194286
1875.8900525951385,-75.08489965929078,-75.08489965929078
1875.9000525951385,-75.08584181507305,-75.08584181507305
1875.9100525951385,-75.08678940381387,-75.08678940381387
1875.9200525951385,-75.08774244933225,-75.08774244933225
1875.9300525951385,-75.0887009747665,-75.0887009747665
1875.9400525951385,-75.08966500255158,-75.08966500255158
1875.9500526189804,-75.09063455677382,-75.09063455677382
1875.9600526189804,-75.0916096539407,-75.0916096539407
1875.9700526189804,-75.09259031678903,-75.09259031678903
1875.9800526189804,-75.09357656512967,-75.09357656512967
1875.9900526189804,-75.09456841814011,-75.09456841814011
1876.0000526189804,-75.09556589436988,-75.09556589436988
1876.0100526189804,-75.09656901174495,-75.09656901174495
1876.0200526189803,-75.09757778759989,-75.09757778759989
1876.0300526189803,-75.09859223865398,-75.09859223865398
1876.0400526189803,-75.09961238104763,-75.09961238104763
1876.0500526189803,-75.1006382303314,-75.1006382303314
1876.0600526189803,-75.10166980149185,-75.10166980149185
1876.0700526189803,-75.10270710895371,-75.10270710895371
1876.0800526189805,-75.10375016657783,-75.10375016657783
1876.0900526189805,-75.10479898767291,-75.10479898767291
1876.1000526189805,-75.1058535850279,-75.1058535850279
1876.1100526189805,-75.10691397088789,-75.10691397088789
1876.1200526189805,-75.10798015697519,-75.10798015697519
1876.1300526189805,-75.10905215451105,-75.10905215451105
1876.1400526189805,-75.11012997418679,-75.11012997418679
1876.1500526189805,-75.11121362621778,-75.11121362621778
1876.1600526189804,-75.11230312030962,-75.11230312030962
1876.1700526189804,-75.11339846568674,-75.11339846568674
1876.1800526189804,-75.11449967111044,-75.11449967111044
1876.1900526189804,-75.11560674485159,-75.11560674485159
1876.2000526189804,-75.11671969473915,-75.11671969473915
1876.2100526189804,-75.11783852813224,-75.11783852813224
1876.2200526189804,-75.11896325194861,-75.11896325194861
1876.2300526189804,-75.12009387266359,-75.12009387266359
1876.2400526189804,-75.12123039631811,-75.12123039631811
1876.2500526189804,-75.12237282852581,-75.12237282852581
1876.2600526189804,-75.12352117447247,-75.12352117447247
1876.2700526189803,-75.12467543893825,-75.12467543893825
1876.2800526189803,-75.12583562628967,-75.12583562628967
1876.2900526189803,-75.12700174049539,-75.12700174049539
1876.3000526189803,-75.12817378513547,-75.12817378513547
1876.3100526189803,-75.12935176338185,-75.12935176338185
1876.3200526189803,-75.13053567803479,-75.13053567803479
1876.3300526189805,-75.13172553151477,-75.13172553151477
1876.3400526189805,-75.1329213258755,-75.1329213258755
1876.3500526189805,-75.13412306280775,-75.13412306280775
1876.3600526189805,-75.13533074362991,-75.13533074362991
1876.3700526189805,-75.13654436931496,-75.13654436931496
1876.3800526189805,-75.13776394049395,-75.13776394049395
1876.3900526189805,-75.1389894574412,-75.1389894574412
1876.4000526189805,-75.14022092010886,-75.14022092010886
1876.4100526189804,-75.141458328105,-75.141458328105
1876.4200526189804,-75.14270168071624,-75.14270168071624
1876.4300526189804,-75.14395097690482,-75.14395097690482
1876.4400526189804,-75.14520621532479,-75.14520621532479
1876.4500526189804,-75.14646739431521,-75.14646739431521
1876.4600526189804,-75.14773451190595,-75.14773451190595
1876.4700526189804,-75.14900756583174,-75.14900756583174
1876.4800526189804,-75.15028655353453,-75.15028655353453
1876.4900526189804,-75.15157147214956,-75.15157147214956
1876.5000526189804,-75.15286231854313,-75.15286231854313
1876.5100526189804,-75.1541590892902,-75.1541590892902
1876.5200526189803,-75.15546178068927,-75.15546178068927
1876.5300526189803,-75.15677038877556,-75.15677038877556
1876.5400526189803,-75.15808490930627,-75.15808490930627
1876.5500526189803,-75.15940533777615,-75.15940533777615
1876.5600526189803,-75.1607316694218,-75.1607316694218
1876.5700526189803,-75.16206389922985,-75.16206389922985
1876.5800526189805,-75.16340202193697,-75.16340202193697
1876.5900526189805,-75.16474603201978,-75.16474603201978
1876.6000526189805,-75.1660959237399,-75.1660959237399
1876.6100526189805,-75.16745169108974,-75.16745169108974
1876.6200526189805,-75.16881332784419,-75.16881332784419
1876.6300526189805,-75.1701808275508,-75.1701808275508
1876.6400526189805,-75.17155418351935,-75.17155418351935
1876.6500526189805,-75.17293338885739,-75.17293338885739
1876.6600526189804,-75.17431843642917,-75.17431843642917
1876.6700526189804,-75.17570931890079,-75.17570931890079
1876.6800526189804,-75.17710602872489,-75.17710602872489
1876.6900526189804,-75.17850855814189,-75.17850855814189
1876.7000526189804,-75.17991689919508,-75.17991689919508
1876.7100526189804,-75.18133104371177,-75.18133104371177
1876.7200526189804,-75.1827509833455,-75.1827509833455
1876.7300526189804,-75.18417670954634,-75.18417670954634
1876.7400526189804,-75.18560821357403,-75.18560821357403
1876.7500526189804,-75.18704548650126,-75.18704548650126
1876.7600526189804,-75.18848851921757,-75.18848851921757
1876.7700526189803,-75.18993730242669,-75.18993730242669
1876.7800526189803,-75.19139182667037,-75.19139182667037
1876.7900526189803,-75.19285208231854,-75.19285208231854
1876.8000526428223,-75.19431806303837,-75.19431806303837
1876.8100526428223,-75.19578975189393,-75.19578975189393
1876.8200526428222,-75.19726714220803,-75.19726714220803
1876.8300526428222,-75.1987502236791,-75.1987502236791
1876.8400526428222,-75.20023898585718,-75.20023898585718
1876.8500526428222,-75.20173341812519,-75.20173341812519
1876.8600526428222,-75.20323350970567,-75.20323350970567
1876.8700526428222,-75.20473924968479,-75.20473924968479
1876.8800526428222,-75.20625062699395,-75.20625062699395
1876.8900526428222,-75.20776763043011,-75.20776763043011
1876.9000526428222,-75.20929024863831,-75.20929024863831
1876.9100526428222,-75.21081847012982,-75.21081847012982
1876.9200526428222,-75.21235228326992,-75.21235228326992
1876.9300526428224,-75.21389167631237,-75.21389167631237
1876.9400526428224,-75.21543663735994,-75.21543663735994
1876.9500526428224,-75.2169871543984,-75.2169871543984
1876.9600526428223,-75.21854321527951,-75.21854321527951
1876.9700526428223,-75.22010480773164,-75.22010480773164
1876.9800526428223,-75.22167191937147,-75.22167191937147
1876.9900526428223,-75.22324453768955,-75.22324453768955
1877.0000526428223,-75.22482265006468,-75.22482265006468
1877.0100526428223,-75.22640624375082,-75.22640624375082
1877.0200526428223,-75.22799530589646,-75.22799530589646
1877.0300526428223,-75.22958982355621,-75.22958982355621
1877.0400526428223,-75.23118978365645,-75.23118978365645
1877.0500526428223,-75.23279517301644,-75.23279517301644
1877.0600526428223,-75.23440597837168,-75.23440597837168
1877.0700526428222,-75.23602218634272,-75.23602218634272
1877.0800526428222,-75.23764378345311,-75.23764378345311
1877.0900526428222,-75.2392707561381,-75.2392707561381
1877.1000526428222,-75.24090309072842,-75.24090309072842
1877.1100526428222,-75.24254077346593,-75.24254077346593
1877.1200526428222,-75.24418379050614,-75.24418379050614
1877.1300526428222,-75.24583212790462,-75.24583212790462
1877.1400526428222,-75.24748577165042,-75.24748577165042
1877.1500526428222,-75.24914470762332,-75.24914470762332
1877.1600526428222,-75.25080892164114,-75.25080892164114
1877.1700526428222,-75.25247839942296,-75.25247839942296
1877.1800526428224,-75.25415312662228,-75.25415312662228
1877.1900526428224,-75.25583308880749,-75.25583308880749
1877.2000526428224,-75.25751827147256,-75.25751827147256
1877.2100526428223,-75.25920866004357,-75.25920866004357
1877.2200526428223,-75.26090423986714,-75.26090423986714
1877.2300526428223,-75.26260499622887,-75.26260499622887
1877.2400526428223,-75.26431091432994,-75.26431091432994
1877.2500526428223,-75.26602197931517,-75.26602197931517
1877.2600526428223,-75.26773817626041,-75.26773817626041
1877.2700526428223,-75.26945949018065,-75.26945949018065
1877.2800526428223,-75.27118590602912,-75.27118590602912
1877.2900526428223,-75.27291740870056,-75.27291740870056
1877.3000526428223,-75.27465398302054,-75.27465398302054
1877.3100526428223,-75.27639561375926,-75.27639561375926
1877.3200526428222,-75.27814228564067,-75.27814228564067
1877.3300526428222,-75.27989398331574,-75.27989398331574
1877.3400526428222,-75.28165069140537,-75.28165069140537
1877.3500526428222,-75.28341239446593,-75.28341239446593
1877.3600526428222,-75.28517907699364,-75.28517907699364
1877.3700526428222,-75.2869507234567,-75.2869507234567
1877.3800526428222,-75.28872731826031,-75.28872731826031
1877.3900526428222,-75.29050884577262,-75.29050884577262
1877.4000526428222,-75.29229529030323,-75.29229529030323
1877.4100526428222,-75.29408663613026,-75.29408663613026
1877.4200526428222,-75.29588286749524,-75.29588286749524
1877.4300526428224,-75.29768396857622,-75.29768396857622
1877.4400526428224,-75.29948992353197,-75.29948992353197
1877.4500526428224,-75.30130071647625,-75.30130071647625
1877.4600526428223,-75.30311633148126,-75.30311633148126
1877.4700526428223,-75.30493675258201,-75.30493675258201
1877.4800526428223,-75.30676196378663,-75.30676196378663
1877.4900526428223,-75.3085919490675,-75.3085919490675
1877.5000526428223,-75.31042669236523,-75.31042669236523
1877.5100526428223,-75.31226617756789,-75.31226617756789
1877.5200526428223,-75.31411038856552,-75.31411038856552
1877.5300526428223,-75.3159593092049,-75.3159593092049
1877.5400526428223,-75.31781292330054,-75.31781292330054
1877.5500526428223,-75.31967121464659,-75.31967121464659
1877.5600526428223,-75.32153416700575,-75.32153416700575
1877.5700526428222,-75.32340176411458,-75.32340176411458
1877.5800526428222,-75.32527398968865,-75.32527398968865
1877.5900526428222,-75.3271508274218,-75.3271508274218
1877.6000526428222,-75.3290322609885,-75.3290322609885
1877.6100526428222,-75.33091827403271,-75.33091827403271
1877.6200526428222,-75.33280885018375,-75.33280885018375
1877.6300526428222,-75.33470397305337,-75.33470397305337
1877.6400526428222,-75.33660362624012,-75.33660362624012
1877.6500526666641,-75.338507797845,-75.338507797845
1877.6600526666641,-75.34041646238452,-75.34041646238452
1877.670052666664,-75.34232960790291,-75.34232960790291
1877.680052666664,-75.34424721792942,-75.34424721792942
1877.690052666664,-75.34616927599149,-75.34616927599149
1877.700052666664,-75.3480957655866,-75.3480957655866
1877.710052666664,-75.35002667021061,-75.35002667021061
1877.720052666664,-75.35196197333502,-75.35196197333502
1877.730052666664,-75.35381158490725,-75.35381158490725
1877.740052666664,-75.35555008395819,-75.35555008395819
1877.750052666664,-75.35717103759976,-75.35717103759976
1877.760052666664,-75.35867320835037,-75.35867320835037
1877.770052666664,-75.36005693765348,-75.36005693765348
1877.7800526666642,-75.36132314493065,-75.36132314493065
1877.7900526666642,-75.36247302604177,-75.36247302604177
1877.8000526666642,-75.36350795028078,-75.36350795028078
1877.8100526666642,-75.36442941637992,-75.36442941637992
1877.8200526666642,-75.36523902664385,-75.36523902664385
1877.8300526666642,-75.36593846724159,-75.36593846724159
1877.8400526666642,-75.36652949112624,-75.36652949112624
1877.8500526666642,-75.36701390276747,-75.36701390276747
1877.8600526666642,-75.36739354459888,-75.36739354459888
1877.8700526666642,-75.36767028502231,-75.36767028502231
1877.8800526666641,-75.36784600811316,-75.36784600811316
1877.8900526666641,-75.36792260477546,-75.36792260477546
1877.9000526666641,-75.36790196530785,-75.36790196530785
1877.9100526666641,-75.36778597327942,-75.36778597327942
1877.920052666664,-75.36757650045931,-75.36757650045931
1877.930052666664,-75.36727540277214,-75.36727540277214
1877.940052666664,-75.36688451703958,-75.36688451703958
1877.950052666664,-75.36640565851226,-75.36640565851226
1877.960052666664,-75.3658406189245,-75.3658406189245
1877.970052666664,-75.36519116510021,-75.36519116510021
1877.980052666664,-75.36445903795203,-75.36445903795203
1877.990052666664,-75.36364595185792,-75.36364595185792
1878.000052666664,-75.36275359425909,-75.36275359425909
1878.010052666664,-75.36178362556011,-75.36178362556011
1878.020052666664,-75.36073767911468,-75.36073767911468
1878.0300526666642,-75.35961736142502,-75.35961736142502
1878.0400526666642,-75.35842425243105,-75.35842425243105
1878.0500526666642,-75.35715990583493,-75.35715990583493
1878.0600526666642,-75.35582584956224,-75.35582584956224
1878.0700526666642,-75.35442358620273,-75.35442358620273
1878.0800526666642,-75.3529545935087,-75.3529545935087
1878.0900526666642,-75.35142032489748,-75.35142032489748
1878.1000526666642,-75.34982220996466,-75.34982220996466
1878.1100526666642,-75.34816165500106,-75.34816165500106
1878.1200526666642,-75.34644004349245,-75.34644004349245
1878.1300526666641,-75.34465873663628,-75.34465873663628
1878.1400526666641,-75.3428190738121,-75.3428190738121
1878.1500526666641,-75.34092237305026,-75.34092237305026
1878.1600526666641,-75.33896993151376,-75.33896993151376
1878.170052666664,-75.33696302591767,-75.33696302591767
1878.180052666664,-75.33490291293641,-75.33490291293641
1878.190052666664,-75.33279082963247,-75.33279082963247
1878.200052666664,-75.33062799384923,-75.33062799384923
1878.210052666664,-75.32840903006041,-75.32840903006041
1878.220052666664,-75.3261322379666,-75.3261322379666
1878.230052666664,-75.32379737616489,-75.32379737616489
1878.240052666664,-75.32140486941971,-75.32140486941971
1878.250052666664,-75.31895550637645,-75.31895550637645
1878.260052666664,-75.31645028265577,-75.31645028265577
1878.270052666664,-75.31389030903827,-75.31389030903827
1878.2800526666642,-75.31127675635364,-75.31127675635364
1878.2900526666642,-75.30861082241601,-75.30861082241601
1878.3000526666642,-75.3058937122789,-75.3058937122789
1878.3100526666642,-75.30312662648242,-75.30312662648242
1878.3200526666642,-75.30031075431748,-75.30031075431748
1878.3300526666642,-75.297447269937,-75.297447269937
1878.3400526666642,-75.29453733036026,-75.29453733036026
1878.3500526666642,-75.2915820745533,-75.2915820745533
1878.3600526666642,-75.28858262315246,-75.28858262315246
1878.3700526666642,-75.28554007856958,-75.28554007856958
1878.3800526666641,-75.28245552530825,-75.28245552530825
1878.3900526666641,-75.27933003035677,-75.27933003035677
1878.4000526666641,-75.27616464369882,-75.27616464369882
1878.4100526666641,-75.27296039871719,-75.27296039871719
1878.420052666664,-75.26971831270365,-75.26971831270365
1878.430052666664,-75.26643938724094,-75.26643938724094
1878.440052666664,-75.26312460863653,-75.26312460863653
1878.450052666664,-75.25977494825025,-75.25977494825025
1878.460052666664,-75.2563913628579,-75.2563913628579
1878.470052666664,-75.2529747949541,-75.2529747949541
1878.480052666664,-75.24952617300994,-75.24952617300994
1878.490052666664,-75.24604641177227,-75.24604641177227
1878.500052690506,-75.24253640410457,-75.24253640410457
1878.510052690506,-75.23899705454974,-75.23899705454974
1878.520052690506,-75.23542922980018,-75.23542922980018
1878.530052690506,-75.23183379180627,-75.23183379180627
1878.540052690506,-75.2282115898547,-75.2282115898547
1878.550052690506,-75.22456346070948,-75.22456346070948
1878.560052690506,-75.22089022875288,-75.22089022875288
1878.570052690506,-75.2171927062012,-75.2171927062012
1878.580052690506,-75.21347169319438,-75.21347169319438
1878.590052690506,-75.20972797797435,-75.20972797797435
1878.600052690506,-75.20596233702754,-75.20596233702754
1878.6100526905059,-75.20217553522572,-75.20217553522572
1878.6200526905059,-75.19836832593671,-75.19836832593671
1878.630052690506,-75.19454145118507,-75.19454145118507
1878.640052690506,-75.19069564177555,-75.19069564177555
1878.650052690506,-75.18683161741892,-75.18683161741892
1878.660052690506,-75.18295008685239,-75.18295008685239
1878.670052690506,-75.17905174797592,-75.17905174797592
1878.680052690506,-75.1751372879766,-75.1751372879766
1878.690052690506,-75.17120738344096,-75.17120738344096
1878.700052690506,-75.16726270047796,-75.16726270047796
1878.710052690506,-75.163303894847,-75.163303894847
1878.720052690506,-75.15933161207715,-75.15933161207715
1878.730052690506,-75.15534648758504,-75.15534648758504
1878.740052690506,-75.15134914678362,-75.15134914678362
1878.750052690506,-75.14734020520535,-75.14734020520535
1878.760052690506,-75.14332026862661,-75.14332026862661
1878.770052690506,-75.13928993317748,-75.13928993317748
1878.780052690506,-75.13524978544626,-75.13524978544626
1878.790052690506,-75.13120040261708,-75.13120040261708
1878.800052690506,-75.12714235255734,-75.12714235255734
1878.810052690506,-75.12307619396316,-75.12307619396316
1878.820052690506,-75.11900247643669,-75.11900247643669
1878.830052690506,-75.11492174062259,-75.11492174062259
1878.840052690506,-75.1108345183104,-75.1108345183104
1878.850052690506,-75.10674133254946,-75.10674133254946
1878.8600526905059,-75.10264269774899,-75.10264269774899
1878.8700526905059,-75.09853911979704,-75.09853911979704
1878.880052690506,-75.09443109617077,-75.09443109617077
1878.890052690506,-75.0903191160448,-75.0903191160448
1878.900052690506,-75.08620366037096,-75.08620366037096
1878.910052690506,-75.08208520202979,-75.08208520202979
1878.920052690506,-75.07796420590736,-75.07796420590736
1878.930052690506,-75.07384112900147,-75.07384112900147
1878.940052690506,-75.06971642053865,-75.06971642053865
1878.950052690506,-75.06559052205561,-75.06559052205561
1878.960052690506,-75.06145731881277,-75.06145731881277
1878.970052690506,-75.05731437046872,-75.05731437046872
1878.980052690506,-75.05316070191996,-75.05316070191996
1878.990052690506,-75.04899601292736,-75.04899601292736
1879.000052690506,-75.0448203764555,-75.0448203764555
1879.010052690506,-75.04063408193304,-75.04063408193304
1879.020052690506,-75.03643754339804,-75.03643754339804
1879.030052690506,-75.0322312442178,-75.0322312442178
1879.040052690506,-75.02801570392205,-75.02801570392205
1879.050052690506,-75.02379145827966,-75.02379145827966
1879.060052690506,-75.01955904745257,-75.01955904745257
1879.070052690506,-75.01531900903545,-75.01531900903545
1879.080052690506,-75.01107187411984,-75.01107187411984
1879.090052690506,-75.00681816517351,-75.00681816517351
1879.100052690506,-75.00255839498858,-75.00255839498858
1879.1100526905059,-74.9982930663085,-74.9982930663085
1879.1200526905059,-74.9940226718533,-74.9940226718533
1879.130052690506,-74.98974769453335,-74.98974769453335
1879.140052690506,-74.98546860776715,-74.98546860776715
1879.150052690506,-74.98118587586744,-74.98118587586744
1879.160052690506,-74.97689995442434,-74.97689995442434
1879.170052690506,-74.97261129066601,-74.97261129066601
1879.180052690506,-74.96832032381403,-74.96832032381403
1879.190052690506,-74.96402748539383,-74.96402748539383
1879.200052690506,-74.95973319951817,-74.95973319951817
1879.210052690506,-74.95543788317138,-74.95543788317138
1879.220052690506,-74.95114194640384,-74.95114194640384
1879.230052690506,-74.94684579255124,-74.94684579255124
1879.240052690506,-74.94254981843639,-74.94254981843639
1879.250052690506,-74.93825441450758,-74.93825441450758
1879.260052690506,-74.93395996501212,-74.93395996501212
1879.270052690506,-74.92966684810253,-74.92966684810253
1879.280052690506,-74.92537543598105,-74.92537543598105
1879.290052690506,-74.92108609499178,-74.92108609499178
1879.300052690506,-74.91679918573914,-74.91679918573914
1879.310052690506,-74.9125150631626,-74.9125150631626
1879.320052690506,-74.90823407663355,-74.90823407663355
1879.330052690506,-74.90395657004065,-74.90395657004065
1879.340052690506,-74.89968288184012,-74.89968288184012
1879.3500527143478,-74.89541333498754,-74.89541333498754
1879.3600527143478,-74.89114827767445,-74.89114827767445
1879.3700527143478,-74.886888022374,-74.886888022374
1879.3800527143478,-74.88263288655824,-74.88263288655824
1879.3900527143478,-74.87838318263243,-74.87838318263243
1879.4000527143478,-74.87413921795503,-74.87413921795503
1879.4100527143478,-74.86990129491407,-74.86990129491407
1879.4200527143478,-74.86566971097584,-74.86566971097584
1879.4300527143478,-74.86144475874742,-74.86144475874742
1879.4400527143478,-74.85722672601172,-74.85722672601172
1879.4500527143477,-74.85301589579873,-74.85301589579873
1879.4600527143477,-74.84881254643773,-74.84881254643773
1879.4700527143477,-74.84461695158112,-74.84461695158112
1879.480052714348,-74.84042938028816,-74.84042938028816
1879.490052714348,-74.83625009705135,-74.83625009705135
1879.500052714348,-74.8320793618576,-74.8320793618576
1879.510052714348,-74.8279174302339,-74.8279174302339
1879.520052714348,-74.82376455330277,-74.82376455330277
1879.530052714348,-74.81962097782299,-74.81962097782299
1879.540052714348,-74.81548694622916,-74.81548694622916
1879.5500527143479,-74.81136269670884,-74.81136269670884
1879.5600527143479,-74.80724846321878,-74.80724846321878
1879.5700527143479,-74.80314447555331,-74.80314447555331
1879.5800527143479,-74.79905095938504,-74.79905095938504
1879.5900527143478,-74.79496813629983,-74.79496813629983
1879.6000527143478,-74.79089622387352,-74.79089622387352
1879.6100527143478,-74.78683543569403,-74.78683543569403
1879.6200527143478,-74.78278598141526,-74.78278598141526
1879.6300527143478,-74.77874806679395,-74.77874806679395
1879.6400527143478,-74.77472189376212,-74.77472189376212
1879.6500527143478,-74.77070766044132,-74.77070766044132
1879.6600527143478,-74.76670556121164,-74.76670556121164
1879.6700527143478,-74.76271578675097,-74.76271578675097
1879.6800527143478,-74.7587385240673,-74.7587385240673
1879.6900527143478,-74.75477395656502,-74.75477395656502
1879.7000527143477,-74.75082226407756,-74.75082226407756
1879.7100527143477,-74.74688362290168,-74.74688362290168
1879.7200527143477,-74.74295820587722,-74.74295820587722
1879.730052714348,-74.73904618238173,-74.73904618238173
1879.740052714348,-74.73514771842216,-74.73514771842216
1879.750052714348,-74.73126297663397,-74.73126297663397
1879.760052714348,-74.7273921163615,-74.7273921163615
1879.770052714348,-74.7235352936845,-74.7235352936845
1879.780052714348,-74.71969266145454,-74.71969266145454
1879.790052714348,-74.71586436934663,-74.71586436934663
1879.8000527143479,-74.71205056390185,-74.71205056390185
1879.8100527143479,-74.70825138856276,-74.70825138856276
1879.8200527143479,-74.70446698370996,-74.70446698370996
1879.8300527143479,-74.700697486726,-74.700697486726
1879.8400527143478,-74.69694303200498,-74.69694303200498
1879.8500527143478,-74.69320375101624,-74.69320375101624
1879.8600527143478,-74.68947977232715,-74.68947977232715
1879.8700527143478,-74.68577122165762,-74.68577122165762
1879.8800527143478,-74.68207822191292,-74.68207822191292
1879.8900527143478,-74.67840089321992,-74.67840089321992
1879.9000527143478,-74.67473935295767,-74.67473935295767
1879.9100527143478,-74.67109371582404,-74.67109371582404
1879.9200527143478,-74.66746409383094,-74.66746409383094
1879.9300527143478,-74.66385059638368,-74.66385059638368
1879.9400527143478,-74.66025333028391,-74.66025333028391
1879.9500527143477,-74.65667239979649,-74.65667239979649
1879.9600527143477,-74.65310790666229,-74.65310790666229
1879.9700527143477,-74.64955995013736,-74.64955995013736
1879.980052714348,-74.64602862703647,-74.64602862703647
1879.990052714348,-74.6425140317612,-74.6425140317612
1880.000052714348,-74.63901625633962,-74.63901625633962
1880.010052714348,-74.63553539045226,-74.63553539045226
1880.020052714348,-74.63207152148026,-74.63207152148026
1880.030052714348,-74.62862473452387,-74.62862473452387
1880.040052714348,-74.62519511244,-74.62519511244
1880.0500527143479,-74.62178273588735,-74.62178273588735
1880.0600527143479,-74.61838768334007,-74.61838768334007
1880.0700527143479,-74.61501003112443,-74.61501003112443
1880.0800527143479,-74.61164985344864,-74.61164985344864
1880.0900527143478,-74.60830722246048,-74.60830722246048
1880.1000527143478,-74.60498220822959,-74.60498220822959
1880.1100527143478,-74.60167487882143,-74.60167487882143
1880.1200527143478,-74.59838530030117,-74.59838530030117
1880.1300527143478,-74.59511353678691,-74.59511353678691
1880.1400527143478,-74.591859650448,-74.591859650448
1880.1500527143478,-74.5886237015561,-74.5886237015561
1880.1600527143478,-74.5854057485078,-74.5854057485078
1880.1700527143478,-74.58220584786017,-74.58220584786017
1880.1800527143478,-74.57902405434268,-74.57902405434268
1880.1900527143478,-74.57586042089345,-74.57586042089345
1880.2000527381897,-74.57271499120279,-74.57271499120279
1880.2100527381897,-74.56958132520515,-74.56958132520515
1880.2200527381897,-74.56645661645956,-74.56645661645956
1880.2300527381897,-74.5633395273804,-74.5633395273804
1880.2400527381897,-74.56022939643263,-74.56022939643263
1880.2500527381897,-74.55712593830634,-74.55712593830634
1880.2600527381896,-74.55402908807646,-74.55402908807646
1880.2700527381896,-74.5509389097903,-74.5509389097903
1880.2800527381896,-74.54785554149093,-74.54785554149093
1880.2900527381896,-74.5447791621279,-74.5447791621279
1880.3000527381896,-74.54170997170012,-74.54170997170012
1880.3100527381896,-74.53864817940926,-74.53864817940926
1880.3200527381896,-74.53559399670914,-74.53559399670914
1880.3300527381898,-74.53254763332076,-74.53254763332076
1880.3400527381898,-74.5295092950757,-74.5295092950757
1880.3500527381898,-74.52647918281296,-74.52647918281296
1880.3600527381898,-74.52345749197033,-74.52345749197033
1880.3700527381898,-74.52044441255242,-74.52044441255242
1880.3800527381898,-74.51744012926959,-74.51744012926959
1880.3900527381898,-74.51444482185191,-74.51444482185191
1880.4000527381897,-74.51145866533591,-74.51145866533591
1880.4100527381897,-74.50848183041553,-74.50848183041553
1880.4200527381897,-74.50551448374033,-74.50551448374033
1880.4300527381897,-74.50255678822715,-74.50255678822715
1880.4400527381897,-74.49960890330897,-74.49960890330897
1880.4500527381897,-74.49667098515943,-74.49667098515943
1880.4600527381897,-74.49374318692317,-74.49374318692317
1880.4700527381897,-74.49082565887228,-74.49082565887228
1880.4800527381897,-74.4879185485599,-74.4879185485599
1880.4900527381897,-74.4850220009658,-74.4850220009658
1880.5000527381897,-74.48213615859882,-74.48213615859882
1880.5100527381896,-74.47926116157917,-74.47926116157917
1880.5200527381896,-74.47639714775705,-74.47639714775705
1880.5300527381896,-74.47354425274591,-74.47354425274591
1880.5400527381896,-74.47070260999541,-74.47070260999541
1880.5500527381896,-74.46787235083377,-74.46787235083377
1880.5600527381896,-74.46505360453227,-74.46505360453227
1880.5700527381896,-74.46224649831254,-74.46224649831254
1880.5800527381898,-74.45945115739036,-74.45945115739036
1880.5900527381898,-74.45666770501595,-74.45666770501595
1880.6000527381898,-74.45389626246426,-74.45389626246426
1880.6100527381898,-74.45113694909136,-74.45113694909136
1880.6200527381898,-74.4483898823343,-74.4483898823343
1880.6300527381898,-74.44565517770333,-74.44565517770333
1880.6400527381898,-74.44293294883812,-74.44293294883812
1880.6500527381897,-74.44022330749442,-74.44022330749442
1880.6600527381897,-74.43752636356163,-74.43752636356163
1880.6700527381897,-74.43484222507102,-74.43484222507102
1880.6800527381897,-74.43217099820383,-74.43217099820383
1880.6900527381897,-74.42951278730362,-74.42951278730362
1880.7000527381897,-74.42686769487949,-74.42686769487949
1880.7100527381897,-74.4242358216386,-74.4242358216386
1880.7200527381897,-74.42161726645229,-74.42161726645229
1880.7300527381897,-74.41901212640562,-74.41901212640562
1880.7400527381897,-74.41642049678084,-74.41642049678084
1880.7500527381897,-74.41384247107415,-74.41384247107415
1880.7600527381896,-74.41127814100489,-74.41127814100489
1880.7700527381896,-74.40872759653293,-74.40872759653293
1880.7800527381896,-74.40619092584788,-74.40619092584788
1880.7900527381896,-74.40366821540256,-74.40366821540256
1880.8000527381896,-74.40115954989773,-74.40115954989773
1880.8100527381896,-74.39866501231677,-74.39866501231677
1880.8200527381896,-74.39618468391548,-74.39618468391548
1880.8300527381898,-74.39371864424771,-74.39371864424771
1880.8400527381898,-74.39126697117561,-74.39126697117561
1880.8500527381898,-74.38882974087247,-74.38882974087247
1880.8600527381898,-74.38640702783668,-74.38640702783668
1880.8700527381898,-74.38399890490817,-74.38399890490817
1880.8800527381898,-74.38160544327658,-74.38160544327658
1880.8900527381898,-74.3792267124948,-74.3792267124948
1880.9000527381897,-74.37686278049215,-74.37686278049215
1880.9100527381897,-74.37451371358921,-74.37451371358921
1880.9200527381897,-74.37217957649655,-74.37217957649655
1880.9300527381897,-74.36986043236115,-74.36986043236115
1880.9400527381897,-74.36755634274553,-74.36755634274553
1880.9500527381897,-74.36526736765096,-74.36526736765096
1880.9600527381897,-74.36299356554059,-74.36299356554059
1880.9700527381897,-74.36073499335555,-74.36073499335555
1880.9800527381897,-74.35849170651257,-74.35849170651257
1880.9900527381897,-74.35626375893065,-74.35626375893065
1881.0000527381897,-74.35405120304091,-74.35405120304091
1881.0100527381896,-74.35185408980679,-74.35185408980679
1881.0200527381896,-74.3496724687322,-74.3496724687322
1881.0300527381896,-74.3475063878785,-74.3475063878785
1881.0400527381896,-74.34535589388638,-74.34535589388638
1881.0500527620316,-74.34322102688172,-74.34322102688172
1881.0600527620315,-74.3411018409329,-74.3411018409329
1881.0700527620315,-74.33899837332369,-74.33899837332369
1881.0800527620315,-74.33691066514058,-74.33691066514058
1881.0900527620315,-74.33483875610789,-74.33483875610789
1881.1000527620315,-74.33278268462526,-74.33278268462526
1881.1100527620315,-74.33074248775822,-74.33074248775822
1881.1200527620315,-74.32871820126863,-74.32871820126863
1881.1300527620315,-74.32670985963924,-74.32670985963924
1881.1400527620315,-74.32471749606921,-74.32471749606921
1881.1500527620315,-74.32274114249155,-74.32274114249155
1881.1600527620315,-74.32078082960041,-74.32078082960041
1881.1700527620314,-74.31883658686135,-74.31883658686135
1881.1800527620317,-74.31690844253141,-74.31690844253141
1881.1900527620317,-74.31499642365692,-74.31499642365692
1881.2000527620316,-74.31310055610795,-74.31310055610795
1881.2100527620316,-74.31122086458075,-74.31122086458075
1881.2200527620316,-74.30935737262413,-74.30935737262413
1881.2300527620316,-74.30751010264513,-74.30751010264513
1881.2400527620316,-74.30567907592417,-74.30567907592417
1881.2500527620316,-74.30386431263729,-74.30386431263729
1881.2600527620316,-74.30206583186417,-74.30206583186417
1881.2700527620316,-74.30028365159338,-74.30028365159338
1881.2800527620316,-74.29851778876744,-74.29851778876744
1881.2900527620316,-74.2967682592618,-74.2967682592618
1881.3000527620316,-74.29503507792596,-74.29503507792596
1881.3100527620315,-74.29331825858313,-74.29331825858313
1881.3200527620315,-74.29161781404775,-74.29161781404775
1881.3300527620315,-74.28993375614527,-74.28993375614527
1881.3400527620315,-74.28826609570767,-74.28826609570767
1881.3500527620315,-74.28661484260952,-74.28661484260952
1881.3600527620315,-74.28498000577521,-74.28498000577521
1881.3700527620315,-74.28336159319193,-74.28336159319193
1881.3800527620315,-74.28175961191555,-74.28175961191555
1881.3900527620315,-74.28017406808381,-74.28017406808381
1881.4000527620315,-74.2786049669557,-74.2786049669557
1881.4100527620315,-74.27705231288024,-74.27705231288024
1881.4200527620314,-74.27551610935774,-74.27551610935774
1881.4300527620317,-74.27399635900915,-74.27399635900915
1881.4400527620317,-74.27249306362553,-74.27249306362553
1881.4500527620316,-74.27100622415426,-74.27100622415426
1881.4600527620316,-74.26952936216917,-74.26952936216917
1881.4700527620316,-74.26805964092384,-74.26805964092384
1881.4800527620316,-74.26659567953836,-74.26659567953836
1881.4900527620316,-74.26513677104437,-74.26513677104437
1881.5000527620316,-74.26368258379154,-74.26368258379154
1881.5100527620316,-74.26223300634537,-74.26223300634537
1881.5200527620316,-74.26078805644622,-74.26078805644622
1881.5300527620316,-74.25934782631754,-74.25934782631754
1881.5400527620316,-74.25791244972345,-74.25791244972345
1881.5500527620316,-74.25648208222475,-74.25648208222475
1881.5600527620315,-74.25505688937375,-74.25505688937375
1881.5700527620315,-74.2536370397973,-74.2536370397973
1881.5800527620315,-74.25222270122077,-74.25222270122077
1881.5900527620315,-74.250814038304,-74.250814038304
1881.6000527620315,-74.24941121155118,-74.24941121155118
1881.6100527620315,-74.2480143768919,-74.2480143768919
1881.6200527620315,-74.24662368561916,-74.24662368561916
1881.6300527620315,-74.2452392845309,-74.2452392845309
1881.6400527620315,-74.24386131622349,-74.24386131622349
1881.6500527620315,-74.24248991936072,-74.24248991936072
1881.6600527620315,-74.24112522902496,-74.24112522902496
1881.6700527620314,-74.23976737699596,-74.23976737699596
1881.6800527620317,-74.23841649203021,-74.23841649203021
1881.6900527620317,-74.23707270011244,-74.23707270011244
1881.7000527620316,-74.23573612469056,-74.23573612469056
1881.7100527620316,-74.23440041172351,-74.23440041172351
1881.7200527620316,-74.2330628456722,-74.2330628456722
1881.7300527620316,-74.23172216485058,-74.23172216485058
1881.7400527620316,-74.23037777994799,-74.23037777994799
1881.7500527620316,-74.22902947571738,-74.22902947571738
1881.7600527620316,-74.22767725601472,-74.22767725601472
1881.7700527620316,-74.22632125290463,-74.22632125290463
1881.7800527620316,-74.22496167202452,-74.22496167202452
1881.7900527620316,-74.22359875973488,-74.22359875973488
1881.8000527620316,-74.22223278339003,-74.22223278339003
1881.8100527620315,-74.22086401958582,-74.22086401958582
1881.8200527620315,-74.21949274723893,-74.21949274723893
1881.8300527620315,-74.21811924364897,-74.21811924364897
1881.8400527620315,-74.21674378231002,-74.21674378231002
1881.8500527620315,-74.2153666318633,-74.2153666318633
1881.8600527620315,-74.21398805562515,-74.21398805562515
1881.8700527620315,-74.21260831155762,-74.21260831155762
1881.8800527620315,-74.21122765240926,-74.21122765240926
1881.8900527620315,-74.20984632596826,-74.20984632596826
1881.9000527858734,-74.2084645720703,-74.2084645720703
1881.9100527858734,-74.20708263606254,-74.20708263606254
1881.9200527858734,-74.20570074934615,-74.20570074934615
1881.9300527858734,-74.20431914281853,-74.20431914281853
1881.9400527858734,-74.2029380438298,-74.2029380438298
1881.9500527858734,-74.20155767637283,-74.20155767637283
1881.9600527858734,-74.20017179010189,-74.20017179010189
1881.9700527858733,-74.19877777061268,-74.19877777061268
1881.9800527858733,-74.19737445576392,-74.19737445576392
1881.9900527858733,-74.19596135457546,-74.19596135457546
1882.0000527858733,-74.19453834902217,-74.19453834902217
1882.0100527858733,-74.1931055392144,-74.1931055392144
1882.0200527858733,-74.1916631525025,-74.1916631525025
1882.0300527858735,-74.1902114888988,-74.1902114888988
1882.0400527858735,-74.18875088825756,-74.18875088825756
1882.0500527858735,-74.18728171051241,-74.18728171051241
1882.0600527858735,-74.18580432395422,-74.18580432395422
1882.0700527858735,-74.18431909831791,-74.18431909831791
1882.0800527858735,-74.18282640081918,-74.18282640081918
1882.0900527858735,-74.18132659399954,-74.18132659399954
1882.1000527858735,-74.17982003460914,-74.17982003460914
1882.1100527858734,-74.17830707322267,-74.17830707322267
1882.1200527858734,-74.17678805413446,-74.17678805413446
1882.1300527858734,-74.17526331551859,-74.17526331551859
1882.1400527858734,-74.17373318968893,-74.17373318968893
1882.1500527858734,-74.17219800338862,-74.17219800338862
1882.1600527858734,-74.17065807809557,-74.17065807809557
1882.1700527858734,-74.16911373031004,-74.16911373031004
1882.1800527858734,-74.16756527181886,-74.16756527181886
1882.1900527858734,-74.1660130099576,-74.1660130099576
1882.2000527858734,-74.16445724778902,-74.16445724778902
1882.2100527858734,-74.1628982843058,-74.1628982843058
1882.2200527858733,-74.16133641459498,-74.16133641459498
1882.2300527858733,-74.1597719299464,-74.1597719299464
1882.2400527858733,-74.1582051179799,-74.1582051179799
1882.2500527858733,-74.15663626276172,-74.15663626276172
1882.2600527858733,-74.15506564483755,-74.15506564483755
1882.2700527858733,-74.15349354134504,-74.15349354134504
1882.2800527858735,-74.15192022604339,-74.15192022604339
1882.2900527858735,-74.15034596936589,-74.15034596936589
1882.3000527858735,-74.14877103845643,-74.14877103845643
1882.3100527858735,-74.14719569721976,-74.14719569721976
1882.3200527858735,-74.14562020631455,-74.14562020631455
1882.3300527858735,-74.14404482320992,-74.14404482320992
1882.3400527858735,-74.14246980218762,-74.14246980218762
1882.3500527858735,-74.14089539436438,-74.14089539436438
1882.3600527858734,-74.13932184768684,-74.13932184768684
1882.3700527858734,-74.13774940697323,-74.13774940697323
1882.3800527858734,-74.13617831390994,-74.13617831390994
1882.3900527858734,-74.13460880705486,-74.13460880705486
1882.4000527858734,-74.13304112187136,-74.13304112187136
1882.4100527858734,-74.1314754907063,-74.1314754907063
1882.4200527858734,-74.12991214282239,-74.12991214282239
1882.4300527858734,-74.12835130440955,-74.12835130440955
1882.4400527858734,-74.12679319857872,-74.12679319857872
1882.4500527858734,-74.12523804536981,-74.12523804536981
1882.4600527858734,-74.1236860617837,-74.1236860617837
1882.4700527858733,-74.12213746178332,-74.12213746178332
1882.4800527858733,-74.12059245629524,-74.12059245629524
1882.4900527858733,-74.1190512532293,-74.1190512532293
1882.5000527858733,-74.11751405749708,-74.11751405749708
1882.5100527858733,-74.11598107102046,-74.11598107102046
1882.5200527858733,-74.11445249273906,-74.11445249273906
1882.5300527858735,-74.11292851864066,-74.11292851864066
1882.5400527858735,-74.11140934175079,-74.11140934175079
1882.5500527858735,-74.1098951521777,-74.1098951521777
1882.5600527858735,-74.10838613711245,-74.10838613711245
1882.5700527858735,-74.10688248084512,-74.10688248084512
1882.5800527858735,-74.10538436479113,-74.10538436479113
1882.5900527858735,-74.10389196750918,-74.10389196750918
1882.6000527858735,-74.10240546470071,-74.10240546470071
1882.6100527858734,-74.10092502925868,-74.10092502925868
1882.6200527858734,-74.09945083127094,-74.09945083127094
1882.6300527858734,-74.09798303803395,-74.09798303803395
1882.6400527858734,-74.09652181410063,-74.09652181410063
1882.6500527858734,-74.0950673212665,-74.0950673212665
1882.6600527858734,-74.09361971862161,-74.09361971862161
1882.6700527858734,-74.09217916254377,-74.09217916254377
1882.6800527858734,-74.0907458067568,-74.0907458067568
1882.6900527858734,-74.08931980232298,-74.08931980232298
1882.7000527858734,-74.08790129767696,-74.08790129767696
1882.7100527858734,-74.08648397963202,-74.08648397963202
1882.7200527858733,-74.08506516579497,-74.08506516579497
1882.7300527858733,-74.08364362384633,-74.08364362384633
1882.7400527858733,-74.08221879158856,-74.08221879158856
1882.7500528097153,-74.08079047578046,-74.08079047578046
1882.7600528097153,-74.0793587110514,-74.0793587110514
1882.7700528097153,-74.0779236488236,-74.0779236488236
1882.7800528097152,-74.07648551635022,-74.07648551635022
1882.7900528097152,-74.07504458053657,-74.07504458053657
1882.8000528097152,-74.0736011282365,-74.0736011282365
1882.8100528097152,-74.07215545454538,-74.07215545454538
1882.8200528097152,-74.07070785589885,-74.07070785589885
1882.8300528097152,-74.06925862615661,-74.06925862615661
1882.8400528097152,-74.06780805445686,-74.06780805445686
1882.8500528097152,-74.06635642412671,-74.06635642412671
1882.8600528097152,-74.06490401232196,-74.06490401232196
1882.8700528097152,-74.0634510899463,-74.0634510899463
1882.8800528097154,-74.06199792184982,-74.06199792184982
1882.8900528097154,-74.06054476709322,-74.06054476709322
1882.9000528097154,-74.0590918792695,-74.0590918792695
1882.9100528097154,-74.0576395068534,-74.0576395068534
1882.9200528097153,-74.05618789348978,-74.05618789348978
1882.9300528097153,-74.05473727831281,-74.05473727831281
1882.9400528097153,-74.05328789619342,-74.05328789619342
1882.9500528097153,-74.05183997798018,-74.05183997798018
1882.9600528097153,-74.05039375071267,-74.05039375071267
1882.9700528097153,-74.0489494377916,-74.0489494377916
1882.9800528097153,-74.04750725913888,-74.04750725913888
1882.9900528097153,-74.0460674313397,-74.0460674313397
1883.0000528097153,-74.04463016775588,-74.04463016775588
1883.0100528097153,-74.04319567862132,-74.04319567862132
1883.0200528097153,-74.04176417112468,-74.04176417112468
1883.0300528097152,-74.04033584950253,-74.04033584950253
1883.0400528097152,-74.03891091507681,-74.03891091507681
1883.0500528097152,-74.037489566332,-74.037489566332
1883.0600528097152,-74.03607199895549,-74.03607199895549
1883.0700528097152,-74.0346584058745,-74.0346584058745
1883.0800528097152,-74.03324897730387,-74.03324897730387
1883.0900528097152,-74.0318439007683,-74.0318439007683
1883.1000528097152,-74.03044336113457,-74.03044336113457
1883.1100528097152,-74.02904754064652,-74.02904754064652
1883.1200528097152,-74.02765661892985,-74.02765661892985
1883.1300528097154,-74.02627077303124,-74.02627077303124
1883.1400528097154,-74.02489017743,-74.02489017743
1883.1500528097154,-74.02351500405773,-74.02351500405773
1883.1600528097154,-74.02214542231297,-74.02214542231297
1883.1700528097153,-74.02078159908312,-74.02078159908312
1883.1800528097153,-74.0194236987601,-74.0194236987601
1883.1900528097153,-74.01807188326347,-74.01807188326347
1883.2000528097153,-74.01672631202992,-74.01672631202992
1883.2100528097153,-74.01538714206183,-74.01538714206183
1883.2200528097153,-74.0140545279263,-74.0140545279263
1883.2300528097153,-74.0127286217621,-74.0127286217621
1883.2400528097153,-74.0114095733113,-74.0114095733113
1883.2500528097153,-74.01009752992559,-74.01009752992559
1883.2600528097153,-74.00879263658615,-74.00879263658615
1883.2700528097153,-74.00749503592353,-74.00749503592353
1883.2800528097152,-74.00620486822018,-74.00620486822018
1883.2900528097152,-74.00492227143887,-74.00492227143887
1883.3000528097152,-74.00364738123044,-74.00364738123044
1883.3100528097152,-74.00238033096338,-74.00238033096338
1883.3200528097152,-74.00112125172613,-74.00112125172613
1883.3300528097152,-73.99987027235548,-73.99987027235548
1883.3400528097152,-73.99862751945523,-73.99862751945523
1883.3500528097152,-73.99739311739323,-73.99739311739323
1883.3600528097152,-73.9961671883516,-73.9961671883516
1883.3700528097152,-73.9949498523131,-73.9949498523131
1883.3800528097154,-73.99374122710485,-73.99374122710485
1883.3900528097154,-73.99254142840417,-73.99254142840417
1883.4000528097154,-73.9913505697682,-73.9913505697682
1883.4100528097154,-73.99016876262897,-73.99016876262897
1883.4200528097153,-73.98899611634157,-73.98899611634157
1883.4300528097153,-73.98783273818356,-73.98783273818356
1883.4400528097153,-73.9866787333884,-73.9866787333884
1883.4500528097153,-73.98553420515621,-73.98553420515621
1883.4600528097153,-73.9843992546702,-73.9843992546702
1883.4700528097153,-73.9832739811372,-73.9832739811372
1883.4800528097153,-73.98215848177666,-73.98215848177666
1883.4900528097153,-73.98105285186811,-73.98105285186811
1883.5000528097153,-73.97995718475309,-73.97995718475309
1883.5100528097153,-73.97887157186754,-73.97887157186754
1883.5200528097153,-73.9777961027617,-73.9777961027617
1883.5300528097152,-73.97673086510893,-73.97673086510893
1883.5400528097152,-73.97567594473556,-73.97567594473556
1883.5500528097152,-73.97463142563653,-73.97463142563653
1883.5600528097152,-73.97359738999727,-73.97359738999727
1883.5700528097152,-73.97257391821995,-73.97257391821995
1883.5800528097152,-73.97156108895032,-73.97156108895032
1883.5900528097152,-73.97055897906985,-73.97055897906985
1883.6000528335571,-73.96956766136813,-73.96956766136813
1883.6100528335571,-73.96858721406775,-73.96858721406775
1883.620052833557,-73.96761770652013,-73.96761770652013
1883.630052833557,-73.96665920883254,-73.96665920883254
1883.640052833557,-73.96571178946813,-73.96571178946813
1883.650052833557,-73.96477551525449,-73.96477551525449
1883.660052833557,-73.96385045141888,-73.96385045141888
1883.670052833557,-73.96293666159326,-73.96293666159326
1883.680052833557,-73.96203420785633,-73.96203420785633
1883.690052833557,-73.9611431507221,-73.9611431507221
1883.700052833557,-73.96026354919753,-73.96026354919753
1883.710052833557,-73.9593954607831,-73.9593954607831
1883.720052833557,-73.9585389414633,-73.9585389414633
1883.7300528335572,-73.95769404577959,-73.95769404577959
1883.7400528335572,-73.95686082681814,-73.95686082681814
1883.7500528335572,-73.95603933623424,-73.95603933623424
1883.7600528335572,-73.95522962427404,-73.95522962427404
1883.7700528335572,-73.95443173979312,-73.95443173979312
1883.7800528335572,-73.95364573025549,-73.95364573025549
1883.7900528335572,-73.95287164178309,-73.95287164178309
1883.8000528335572,-73.95210951916407,-73.95210951916407
1883.8100528335572,-73.95135940585631,-73.95135940585631
1883.8200528335572,-73.9506213440308,-73.9506213440308
1883.8300528335571,-73.94989537456655,-73.94989537456655
1883.8400528335571,-73.94918153706173,-73.94918153706173
1883.8500528335571,-73.94847986989456,-73.94847986989456
1883.8600528335571,-73.94779041020104,-73.94779041020104
1883.870052833557,-73.94711319389472,-73.94711319389472
1883.880052833557,-73.94644825570288,-73.94644825570288
1883.890052833557,-73.9457956291691,-73.9457956291691
1883.900052833557,-73.94515534667401,-73.94515534667401
1883.910052833557,-73.94452743946164,-73.94452743946164
1883.920052833557,-73.94391193763227,-73.94391193763227
1883.930052833557,-73.94330887017892,-73.94330887017892
1883.940052833557,-73.94271826499102,-73.94271826499102
1883.950052833557,-73.94214014889073,-73.94214014889073
1883.960052833557,-73.94157454762353,-73.94157454762353
1883.970052833557,-73.94102148588193,-73.94102148588193
1883.9800528335572,-73.94048098733369,-73.94048098733369
1883.9900528335572,-73.93995307461654,-73.93995307461654
1884.0000528335572,-73.93943776937033,-73.93943776937033
1884.0100528335572,-73.93893509224486,-73.93893509224486
1884.0200528335572,-73.93844506291316,-73.93844506291316
1884.0300528335572,-73.93796770008625,-73.93796770008625
1884.0400528335572,-73.93750302153907,-73.93750302153907
1884.0500528335572,-73.93705104409207,-73.93705104409207
1884.0600528335572,-73.93661178366764,-73.93661178366764
1884.0700528335572,-73.93618525528186,-73.93618525528186
1884.0800528335571,-73.93577147305986,-73.93577147305986
1884.0900528335571,-73.93537045024887,-73.93537045024887
1884.1000528335571,-73.93498219923057,-73.93498219923057
1884.1100528335571,-73.93460673153564,-73.93460673153564
1884.120052833557,-73.93424405786949,-73.93424405786949
1884.130052833557,-73.93389418809514,-73.93389418809514
1884.140052833557,-73.93355713127077,-73.93355713127077
1884.150052833557,-73.93323289567016,-73.93323289567016
1884.160052833557,-73.93292148876968,-73.93292148876968
1884.170052833557,-73.93262291726268,-73.93262291726268
1884.180052833557,-73.93233718710275,-73.93233718710275
1884.190052833557,-73.93206430347026,-73.93206430347026
1884.200052833557,-73.93180427082676,-73.93180427082676
1884.210052833557,-73.93155709289242,-73.93155709289242
1884.220052833557,-73.93132277267793,-73.93132277267793
1884.2300528335572,-73.9311013125025,-73.9311013125025
1884.2400528335572,-73.93089271397427,-73.93089271397427
1884.2500528335572,-73.93069697804043,-73.93069697804043
1884.2600528335572,-73.93051410494867,-73.93051410494867
1884.2700528335572,-73.93034409431796,-73.93034409431796
1884.2800528335572,-73.93018694510026,-73.93018694510026
1884.2900528335572,-73.93004265562114,-73.93004265562114
1884.3000528335572,-73.92991122355849,-73.92991122355849
1884.3100528335572,-73.92979264599423,-73.92979264599423
1884.3200528335572,-73.92968691939546,-73.92968691939546
1884.3300528335571,-73.92959403962367,-73.92959403962367
1884.3400528335571,-73.92951400196989,-73.92951400196989
1884.3500528335571,-73.92944680112326,-73.92944680112326
1884.3600528335571,-73.92939243121937,-73.92939243121937
1884.370052833557,-73.92935088584045,-73.92935088584045
1884.380052833557,-73.92932215800064,-73.92932215800064
1884.390052833557,-73.92930624019488,-73.92930624019488
1884.400052833557,-73.92930312436275,-73.92930312436275
1884.410052833557,-73.92931280194162,-73.92931280194162
1884.420052833557,-73.92933526383992,-73.92933526383992
1884.430052833557,-73.92937050047904,-73.92937050047904
1884.440052833557,-73.92941850175892,-73.92941850175892
1884.450052857399,-73.92947925725868,-73.92947925725868
1884.460052857399,-73.92954630887647,-73.92954630887647
1884.470052857399,-73.92961682373878,-73.92961682373878
1884.480052857399,-73.92968941768157,-73.92968941768157
1884.490052857399,-73.92976337705706,-73.92976337705706
1884.500052857399,-73.9298383616587,-73.9298383616587
1884.510052857399,-73.9299142504333,-73.9299142504333
1884.520052857399,-73.92999105096911,-73.92999105096911
1884.530052857399,-73.93006884510746,-73.93006884510746
1884.540052857399,-73.93014775624019,-73.93014775624019
1884.550052857399,-73.93022792966927,-73.93022792966927
1884.560052857399,-73.93030952090706,-73.93030952090706
1884.5700528573989,-73.93039268880281,-73.93039268880281
1884.580052857399,-73.93047759159275,-73.93047759159275
1884.590052857399,-73.93056438477076,-73.93056438477076
1884.600052857399,-73.930653220003,-73.930653220003
1884.610052857399,-73.93074424469089,-73.93074424469089
1884.620052857399,-73.93083760193247,-73.93083760193247
1884.630052857399,-73.93093343066464,-73.93093343066464
1884.640052857399,-73.9310318659195,-73.9310318659195
1884.650052857399,-73.93113303914045,-73.93113303914045
1884.660052857399,-73.93123707848014,-73.93123707848014
1884.670052857399,-73.93134410910052,-73.93134410910052
1884.680052857399,-73.93145425344044,-73.93145425344044
1884.690052857399,-73.93156763145703,-73.93156763145703
1884.700052857399,-73.93168436085465,-73.93168436085465
1884.710052857399,-73.93180455726025,-73.93180455726025
1884.720052857399,-73.931928334388,-73.931928334388
1884.730052857399,-73.93205580416965,-73.93205580416965
1884.740052857399,-73.93218707687818,-73.93218707687818
1884.750052857399,-73.93232226121093,-73.93232226121093
1884.760052857399,-73.9324614643942,-73.9324614643942
1884.770052857399,-73.93260479221716,-73.93260479221716
1884.780052857399,-73.93275234911403,-73.93275234911403
1884.790052857399,-73.93290423819467,-73.93290423819467
1884.800052857399,-73.93306056128046,-73.93306056128046
1884.810052857399,-73.93322141893758,-73.93322141893758
1884.8200528573989,-73.93338691050751,-73.93338691050751
1884.830052857399,-73.93355713410752,-73.93355713410752
1884.840052857399,-73.9337321866463,-73.9337321866463
1884.850052857399,-73.93391216386051,-73.93391216386051
1884.860052857399,-73.93409716028549,-73.93409716028549
1884.870052857399,-73.93428726927941,-73.93428726927941
1884.880052857399,-73.93448258303106,-73.93448258303106
1884.890052857399,-73.93468319255646,-73.93468319255646
1884.900052857399,-73.93488918768536,-73.93488918768536
1884.910052857399,-73.9351006570761,-73.9351006570761
1884.920052857399,-73.9353176882232,-73.9353176882232
1884.930052857399,-73.93554036743514,-73.93554036743514
1884.940052857399,-73.93576877984695,-73.93576877984695
1884.950052857399,-73.93600300940969,-73.93600300940969
1884.960052857399,-73.93624313889818,-73.93624313889818
1884.970052857399,-73.93648924990121,-73.93648924990121
1884.980052857399,-73.93674142283336,-73.93674142283336
1884.990052857399,-73.93699973690768,-73.93699973690768
1885.000052857399,-73.93726427016053,-73.93726427016053
1885.010052857399,-73.93753509943498,-73.93753509943498
1885.020052857399,-73.93781230038597,-73.93781230038597
1885.030052857399,-73.9380959474995,-73.9380959474995
1885.040052857399,-73.93838611405015,-73.93838611405015
1885.050052857399,-73.9386828721417,-73.9386828721417
1885.060052857399,-73.93898629269191,-73.93898629269191
1885.0700528573989,-73.93929644542698,-73.93929644542698
1885.080052857399,-73.9396133988921,-73.9396133988921
1885.090052857399,-73.93993722047132,-73.93993722047132
1885.100052857399,-73.94026797635239,-73.94026797635239
1885.110052857399,-73.94060573155868,-73.94060573155868
1885.120052857399,-73.94095054994679,-73.94095054994679
1885.130052857399,-73.94130249420301,-73.94130249420301
1885.140052857399,-73.94166162586164,-73.94166162586164
1885.150052857399,-73.94202800529642,-73.94202800529642
1885.160052857399,-73.94240169172673,-73.94240169172673
1885.170052857399,-73.94278274323645,-73.94278274323645
1885.180052857399,-73.94317121676481,-73.94317121676481
1885.190052857399,-73.94356716811798,-73.94356716811798
1885.200052857399,-73.94397065198464,-73.94397065198464
1885.210052857399,-73.9443817219236,-73.9443817219236
1885.220052857399,-73.9448004303875,-73.9448004303875
1885.230052857399,-73.94522682871879,-73.94522682871879
1885.240052857399,-73.94566096716062,-73.94566096716062
1885.250052857399,-73.94610289487615,-73.94610289487615
1885.260052857399,-73.94655265994514,-73.94655265994514
1885.270052857399,-73.94701030936514,-73.94701030936514
1885.280052857399,-73.94747588907033,-73.94747588907033
1885.290052857399,-73.947949443947,-73.947949443947
1885.3000528812408,-73.94843101897487,-73.94843101897487
1885.3100528812408,-73.94892065468063,-73.94892065468063
1885.3200528812408,-73.94941839394107,-73.94941839394107
1885.3300528812408,-73.94992427749237,-73.94992427749237
1885.3400528812408,-73.95043834507749,-73.95043834507749
1885.3500528812408,-73.95096063542772,-73.95096063542772
1885.3600528812408,-73.95149118627074,-73.95149118627074
1885.3700528812408,-73.95203003437744,-73.95203003437744
1885.3800528812408,-73.95257721551044,-73.95257721551044
1885.3900528812408,-73.95313276449903,-73.95313276449903
1885.4000528812408,-73.95369671519846,-73.95369671519846
1885.4100528812407,-73.95426910053816,-73.95426910053816
1885.4200528812407,-73.95484995250366,-73.95484995250366
1885.430052881241,-73.95543930215442,-73.95543930215442
1885.440052881241,-73.95603717964028,-73.95603717964028
1885.450052881241,-73.9566436142093,-73.9566436142093
1885.460052881241,-73.95725863421598,-73.95725863421598
1885.470052881241,-73.95788226713721,-73.95788226713721
1885.480052881241,-73.9585145395642,-73.9585145395642
1885.490052881241,-73.95915547723096,-73.95915547723096
1885.500052881241,-73.95980510502547,-73.95980510502547
1885.5100528812409,-73.9604634469869,-73.9604634469869
1885.5200528812409,-73.96113052632715,-73.96113052632715
1885.5300528812409,-73.96180636542307,-73.96180636542307
1885.5400528812409,-73.96249098585251,-73.96249098585251
1885.5500528812408,-73.96318440838765,-73.96318440838765
1885.5600528812408,-73.96388665300923,-73.96388665300923
1885.5700528812408,-73.9645977389137,-73.9645977389137
1885.5800528812408,-73.96531768453522,-73.96531768453522
1885.5900528812408,-73.96604650752649,-73.96604650752649
1885.6000528812408,-73.96678422480441,-73.96678422480441
1885.6100528812408,-73.96753085254709,-73.96753085254709
1885.6200528812408,-73.96828640618297,-73.96828640618297
1885.6300528812408,-73.96905090043127,-73.96905090043127
1885.6400528812408,-73.96982434929464,-73.96982434929464
1885.6500528812408,-73.9706067660786,-73.9706067660786
1885.6600528812407,-73.97139816338115,-73.97139816338115
1885.6700528812407,-73.97219855312686,-73.97219855312686
1885.680052881241,-73.97300794655771,-73.97300794655771
1885.690052881241,-73.97382635425474,-73.97382635425474
1885.700052881241,-73.97465378615642,-73.97465378615642
1885.710052881241,-73.97549025153074,-73.97549025153074
1885.720052881241,-73.97633575901794,-73.97633575901794
1885.730052881241,-73.97719031663388,-73.97719031663388
1885.740052881241,-73.97805393177117,-73.97805393177117
1885.750052881241,-73.97892661121463,-73.97892661121463
1885.7600528812409,-73.97980836114024,-73.97980836114024
1885.7700528812409,-73.98069918712906,-73.98069918712906
1885.7800528812409,-73.98159909420058,-73.98159909420058
1885.7900528812409,-73.98250808677572,-73.98250808677572
1885.8000528812408,-73.98342616870912,-73.98342616870912
1885.8100528812408,-73.98435334331108,-73.98435334331108
1885.8200528812408,-73.985289613333,-73.985289613333
1885.8300528812408,-73.98623498098063,-73.98623498098063
1885.8400528812408,-73.98718944793474,-73.98718944793474
1885.8500528812408,-73.98815301534077,-73.98815301534077
1885.8600528812408,-73.98912568383619,-73.98912568383619
1885.8700528812408,-73.99010745355325,-73.99010745355325
1885.8800528812408,-73.99109832409907,-73.99109832409907
1885.8900528812408,-73.99209829461097,-73.99209829461097
1885.9000528812408,-73.99310736372641,-73.99310736372641
1885.9100528812407,-73.99412552961167,-73.99412552961167
1885.9200528812407,-73.99515278996108,-73.99515278996108
1885.930052881241,-73.99618914199735,-73.99618914199735
1885.940052881241,-73.99723458249616,-73.99723458249616
1885.950052881241,-73.99828910779527,-73.99828910779527
1885.960052881241,-73.99934625882561,-73.99934625882561
1885.970052881241,-74.000403204236,-74.000403204236
1885.980052881241,-74.00145856262101,-74.00145856262101
1885.990052881241,-74.00251162359574,-74.00251162359574
1886.000052881241,-74.00356205053238,-74.00356205053238
1886.0100528812409,-74.0046097261759,-74.0046097261759
1886.0200528812409,-74.00565466212004,-74.00565466212004
1886.0300528812409,-74.00669694441925,-74.00669694441925
1886.0400528812409,-74.0077367008823,-74.0077367008823
1886.0500528812408,-74.00877408144127,-74.00877408144127
1886.0600528812408,-74.00980924643873,-74.00980924643873
1886.0700528812408,-74.01084235976553,-74.01084235976553
1886.0800528812408,-74.01187358490185,-74.01187358490185
1886.0900528812408,-74.01290308276693,-74.01290308276693
1886.1000528812408,-74.01393101062317,-74.01393101062317
1886.1100528812408,-74.01495752166352,-74.01495752166352
1886.1200528812408,-74.01598276493314,-74.01598276493314
1886.1300528812408,-74.017006885468,-74.017006885468
1886.1400528812408,-74.0180300245532,-74.0180300245532
1886.1500529050827,-74.01905232244634,-74.01905232244634
1886.1600529050827,-74.02007390893782,-74.02007390893782
1886.1700529050827,-74.02109491826421,-74.02109491826421
1886.1800529050827,-74.022115479605,-74.022115479605
1886.1900529050827,-74.02313571977909,-74.02313571977909
1886.2000529050827,-74.02415576345663,-74.02415576345663
1886.2100529050826,-74.02516927635753,-74.02516927635753
1886.2200529050826,-74.02617355173521,-74.02617355173521
1886.2300529050826,-74.02716733201639,-74.02716733201639
1886.2400529050826,-74.02815002973259,-74.02815002973259
1886.2500529050826,-74.02912143021761,-74.02912143021761
1886.2600529050826,-74.03008153726681,-74.03008153726681
1886.2700529050826,-74.03103048262865,-74.03103048262865
1886.2800529050828,-74.03196847169244,-74.03196847169244
1886.2900529050828,-74.03289575078693,-74.03289575078693
1886.3000529050828,-74.0338125875482,-74.0338125875482
1886.3100529050828,-74.03471925925822,-74.03471925925822
1886.3200529050828,-74.03561604597682,-74.03561604597682
1886.3300529050828,-74.03650322658319,-74.03650322658319
1886.3400529050828,-74.03738107663904,-74.03738107663904
1886.3500529050827,-74.03824986728661,-74.03824986728661
1886.3600529050827,-74.03910986482492,-74.03910986482492
1886.3700529050827,-74.0399613306276,-74.0399613306276
1886.3800529050827,-74.04080452128777,-74.04080452128777
1886.3900529050827,-74.04163968885072,-74.04163968885072
1886.4000529050827,-74.04246708110469,-74.04246708110469
1886.4100529050827,-74.04328694186289,-74.04328694186289
1886.4200529050827,-74.04409951125331,-74.04409951125331
1886.4300529050827,-74.04490502596389,-74.04490502596389
1886.4400529050827,-74.04570371947392,-74.04570371947392
1886.4500529050827,-74.04649582224776,-74.04649582224776
1886.4600529050826,-74.04727510386373,-74.04727510386373
1886.4700529050826,-74.04803896166513,-74.04803896166513
1886.4800529050826,-74.04878624167713,-74.04878624167713
1886.4900529050826,-74.04951645928983,-74.04951645928983
1886.5000529050826,-74.05022950188935,-74.05022950188935
1886.5100529050826,-74.05092547445956,-74.05092547445956
1886.5200529050826,-74.05160460908648,-74.05160460908648
1886.5300529050828,-74.05226721055747,-74.05226721055747
1886.5400529050828,-74.05291362369503,-74.05291362369503
1886.5500529050828,-74.05354421371372,-74.05354421371372
1886.5600529050828,-74.05415935454856,-74.05415935454856
1886.5700529050828,-74.05475942195392,-74.05475942195392
1886.5800529050828,-74.05534478957857,-74.05534478957857
1886.5900529050828,-74.05591582677992,-74.05591582677992
1886.6000529050827,-74.0564728975555,-74.0564728975555
1886.6100529050827,-74.05701636010863,-74.05701636010863
1886.6200529050827,-74.05754656673896,-74.05754656673896
1886.6300529050827,-74.05806386399699,-74.05806386399699
1886.6400529050827,-74.05856859294262,-74.05856859294262
1886.6500529050827,-74.05906108938697,-74.05906108938697
1886.6600529050827,-74.05954168421633,-74.05954168421633
1886.6700529050827,-74.06001070365143,-74.06001070365143
1886.6800529050827,-74.06046846949513,-74.06046846949513
1886.6900529050827,-74.06091529939118,-74.06091529939118
1886.7000529050827,-74.06135150699485,-74.06135150699485
1886.7100529050826,-74.06177740215206,-74.06177740215206
1886.7200529050826,-74.06219329106088,-74.06219329106088
1886.7300529050826,-74.06259947637507,-74.06259947637507
1886.7400529050826,-74.06299625730308,-74.06299625730308
1886.7500529050826,-74.06338392973073,-74.06338392973073
1886.7600529050826,-74.06376278626624,-74.06376278626624
1886.7700529050826,-74.06413311629375,-74.06413311629375
1886.7800529050828,-74.06449520602936,-74.06449520602936
1886.7900529050828,-74.0648493385714,-74.0648493385714
1886.8000529050828,-74.0651957939172,-74.0651957939172
1886.8100529050828,-74.06553484898751,-74.06553484898751
1886.8200529050828,-74.06586677766765,-74.06586677766765
1886.8300529050828,-74.06619185080109,-74.06619185080109
1886.8400529050828,-74.06651033620736,-74.06651033620736
1886.8500529050827,-74.06682249870182,-74.06682249870182
1886.8600529050827,-74.06712860009404,-74.06712860009404
1886.8700529050827,-74.0674288992057,-74.0674288992057
1886.8800529050827,-74.06772365186566,-74.06772365186566
1886.8900529050827,-74.06801311093007,-74.06801311093007
1886.9000529050827,-74.06829752627813,-74.06829752627813
1886.9100529050827,-74.06857714479987,-74.06857714479987
1886.9200529050827,-74.06885221043217,-74.06885221043217
1886.9300529050827,-74.06912296415693,-74.06912296415693
1886.9400529050827,-74.06938964398398,-74.06938964398398
1886.9500529050827,-74.06965248498916,-74.06965248498916
1886.9600529050826,-74.06991171929306,-74.06991171929306
1886.9700529050826,-74.07016757608578,-74.07016757608578
1886.9800529050826,-74.0704202816255,-74.0704202816255
1886.9900529050826,-74.07067005925057,-74.07067005925057
1887.0000529289246,-74.07091712998664,-74.07091712998664
1887.0100529289246,-74.07116171016925,-74.07116171016925
1887.0200529289245,-74.07140401504014,-74.07140401504014
1887.0300529289245,-74.07164425635602,-74.07164425635602
1887.0400529289245,-74.07188264301455,-74.07188264301455
1887.0500529289245,-74.07211938104196,-74.07211938104196
1887.0600529289245,-74.07235467363907,-74.07235467363907
1887.0700529289245,-74.07258872118095,-74.07258872118095
1887.0800529289245,-74.07282172121992,-74.07282172121992
1887.0900529289245,-74.073053868529,-74.073053868529
1887.1000529289245,-74.07328535508269,-74.07328535508269
1887.1100529289245,-74.07351637010474,-74.07351637010474
1887.1200529289245,-74.07374710007815,-74.07374710007815
1887.1300529289247,-74.0739777287375,-74.0739777287375
1887.1400529289247,-74.07420843712521,-74.07420843712521
1887.1500529289247,-74.07443940358696,-74.07443940358696
1887.1600529289246,-74.07467080380107,-74.07467080380107
1887.1700529289246,-74.07490281079615,-74.07490281079615
1887.1800529289246,-74.07513559496242,-74.07513559496242
1887.1900529289246,-74.07536932407787,-74.07536932407787
1887.2000529289246,-74.07560416335318,-74.07560416335318
1887.2100529289246,-74.07584027539828,-74.07584027539828
1887.2200529289246,-74.07607782030048,-74.07607782030048
1887.2300529289246,-74.07631695561867,-74.07631695561867
1887.2400529289246,-74.07655783640483,-74.07655783640483
1887.2500529289246,-74.07680061523635,-74.07680061523635
1887.2600529289246,-74.07704544223746,-74.07704544223746
1887.2700529289245,-74.07729246509156,-74.07729246509156
1887.2800529289245,-74.07754182907719,-74.07754182907719
1887.2900529289245,-74.0777936770805,-74.0777936770805
1887.3000529289245,-74.07804814963255,-74.07804814963255
1887.3100529289245,-74.07830538491572,-74.07830538491572
1887.3200529289245,-74.07856551880371,-74.07856551880371
1887.3300529289245,-74.07882868488143,-74.07882868488143
1887.3400529289245,-74.07909501445342,-74.07909501445342
1887.3500529289245,-74.07936463658704,-74.07936463658704
1887.3600529289245,-74.07963767812656,-74.07963767812656
1887.3700529289245,-74.07991426371517,-74.07991426371517
1887.3800529289247,-74.08019451584175,-74.08019451584175
1887.3900529289247,-74.08047855483555,-74.08047855483555
1887.4000529289247,-74.0807664988946,-74.0807664988946
1887.4100529289246,-74.08105846414018,-74.08105846414018
1887.4200529289246,-74.08135456459361,-74.08135456459361
1887.4300529289246,-74.08165491223762,-74.08165491223762
1887.4400529289246,-74.08195961701594,-74.08195961701594
1887.4500529289246,-74.08226878687778,-74.08226878687778
1887.4600529289246,-74.08257606858238,-74.08257606858238
1887.4700529289246,-74.08287873932379,-74.08287873932379
1887.4800529289246,-74.0831755262126,-74.0831755262126
1887.4900529289246,-74.0834658264949,-74.0834658264949
1887.5000529289246,-74.08374940996387,-74.08374940996387
1887.5100529289246,-74.08402626444604,-74.08402626444604
1887.5200529289245,-74.08429650519929,-74.08429650519929
1887.5300529289245,-74.08456032049864,-74.08456032049864
1887.5400529289245,-74.08481793889847,-74.08481793889847
1887.5500529289245,-74.08506960961783,-74.08506960961783
1887.5600529289245,-74.08531559083086,-74.08531559083086
1887.5700529289245,-74.08555614279942,-74.08555614279942
1887.5800529289245,-74.08579152394657,-74.08579152394657
1887.5900529289245,-74.08602198873818,-74.08602198873818
1887.6000529289245,-74.08624778659215,-74.08624778659215
1887.6100529289245,-74.08646916147167,-74.08646916147167
1887.6200529289245,-74.08668635183295,-74.08668635183295
1887.6300529289247,-74.08689959080101,-74.08689959080101
1887.6400529289247,-74.08710910643529,-74.08710910643529
1887.6500529289247,-74.08731512202708,-74.08731512202708
1887.6600529289246,-74.08751785643307,-74.08751785643307
1887.6700529289246,-74.08771752437801,-74.08771752437801
1887.6800529289246,-74.08791433673008,-74.08791433673008
1887.6900529289246,-74.08810850076834,-74.08810850076834
1887.7000529289246,-74.08830022039422,-74.08830022039422
1887.7100529289246,-74.0884832371155,-74.0884832371155
1887.7200529289246,-74.08865492221503,-74.08865492221503
1887.7300529289246,-74.08881409611031,-74.08881409611031
1887.7400529289246,-74.0889602485995,-74.0889602485995
1887.7500529289246,-74.08909324132684,-74.08909324132684
1887.7600529289246,-74.08921315333733,-74.08921315333733
1887.7700529289245,-74.08932019049297,-74.08932019049297
1887.7800529289245,-74.08941463112588,-74.08941463112588
1887.7900529289245,-74.08949679332743,-74.08949679332743
1887.8000529289245,-74.08956701531741,-74.08956701531741
1887.8100529289245,-74.08962564380721,-74.08962564380721
1887.8200529289245,-74.08967302709395,-74.08967302709395
1887.8300529289245,-74.08970951117337,-74.08970951117337
1887.8400529289245,-74.08973543760013,-74.08973543760013
1887.8500529527664,-74.08975114245153,-74.08975114245153
1887.8600529527664,-74.08975695570551,-74.08975695570551
1887.8700529527664,-74.08975320156989,-74.08975320156989
1887.8800529527664,-74.08974019831666,-74.08974019831666
1887.8900529527664,-74.08971825865325,-74.08971825865325
1887.9000529527664,-74.08968769001429,-74.08968769001429
1887.9100529527664,-74.08964879488755,-74.08964879488755
1887.9200529527664,-74.08960187107299,-74.08960187107299
1887.9300529527663,-74.0895472119831,-74.0895472119831
1887.9400529527663,-74.08948510687837,-74.08948510687837
1887.9500529527663,-74.08941584107707,-74.08941584107707
1887.9600529527663,-74.08933323779709,-74.08933323779709
1887.9700529527663,-74.08923474960898,-74.08923474960898
1887.9800529527665,-74.08911927763089,-74.08911927763089
1887.9900529527665,-74.08898639172203,-74.08898639172203
1888.0000529527665,-74.08883603295718,-74.08883603295718
1888.0100529527665,-74.08866835914428,-74.08866835914428
1888.0200529527665,-74.08848365427903,-74.08848365427903
1888.0300529527665,-74.08828227412488,-74.08828227412488
1888.0400529527665,-74.08806461351521,-74.08806461351521
1888.0500529527665,-74.08783108673457,-74.08783108673457
1888.0600529527665,-74.08758211583101,-74.08758211583101
1888.0700529527664,-74.08731812375355,-74.08731812375355
1888.0800529527664,-74.08703953043376,-74.08703953043376
1888.0900529527664,-74.08674675063435,-74.08674675063435
1888.1000529527664,-74.08644019286284,-74.08644019286284
1888.1100529527664,-74.08612025897159,-74.08612025897159
1888.1200529527664,-74.08578734409103,-74.08578734409103
1888.1300529527664,-74.08544183679422,-74.08544183679422
1888.1400529527664,-74.08508411931737,-74.08508411931737
1888.1500529527664,-74.08471456790812,-74.08471456790812
1888.1600529527664,-74.08433355309805,-74.08433355309805
1888.1700529527664,-74.08394144000454,-74.08394144000454
1888.1800529527663,-74.08353858860387,-74.08353858860387
1888.1900529527663,-74.08312535397175,-74.08312535397175
1888.2000529527663,-74.08270208648914,-74.08270208648914
1888.2100529527663,-74.08226913204065,-74.08226913204065
1888.2200529527663,-74.08182683217746,-74.08182683217746
1888.2300529527665,-74.08137552423068,-74.08137552423068
1888.2400529527665,-74.08091554145012,-74.08091554145012
1888.2500529527665,-74.08044721309477,-74.08044721309477
1888.2600529527665,-74.07997086451084,-74.07997086451084
1888.2700529527665,-74.07948681721135,-74.07948681721135
1888.2800529527665,-74.07899538893282,-74.07899538893282
1888.2900529527665,-74.07849689367826,-74.07849689367826
1888.3000529527665,-74.07799164175619,-74.07799164175619
1888.3100529527665,-74.07747993984253,-74.07747993984253
1888.3200529527664,-74.07696209097875,-74.07696209097875
1888.3300529527664,-74.07643839461525,-74.07643839461525
1888.3400529527664,-74.0759091466329,-74.0759091466329
1888.3500529527664,-74.07537463935623,-74.07537463935623
1888.3600529527664,-74.07483516157298,-74.07483516157298
1888.3700529527664,-74.07429099855958,-74.07429099855958
1888.3800529527664,-74.0737424320934,-74.0737424320934
1888.3900529527664,-74.07318974044621,-74.07318974044621
1888.4000529527664,-74.07263319842966,-74.07263319842966
1888.4100529527664,-74.07207307738325,-74.07207307738325
1888.4200529527664,-74.07150964520355,-74.07150964520355
1888.4300529527663,-74.07094316633872,-74.07094316633872
1888.4400529527663,-74.07037390183369,-74.07037390183369
1888.4500529527663,-74.06980210931258,-74.06980210931258
1888.4600529527663,-74.06922804300135,-74.06922804300135
1888.4700529527663,-74.06865195374529,-74.06865195374529
1888.4800529527665,-74.06807408903306,-74.06807408903306
1888.4900529527665,-74.06749469298902,-74.06749469298902
1888.5000529527665,-74.06691400642433,-74.06691400642433
1888.5100529527665,-74.06633226682118,-74.06633226682118
1888.5200529527665,-74.06574970835591,-74.06574970835591
1888.5300529527665,-74.06516656192517,-74.06516656192517
1888.5400529527665,-74.06458305517468,-74.06458305517468
1888.5500529527665,-74.06399941250216,-74.06399941250216
1888.5600529527665,-74.06341585506702,-74.06341585506702
1888.5700529527664,-74.06283260084726,-74.06283260084726
1888.5800529527664,-74.06224986462198,-74.06224986462198
1888.5900529527664,-74.06166785801675,-74.06166785801675
1888.6000529527664,-74.06108678951634,-74.06108678951634
1888.6100529527664,-74.06050686449309,-74.06050686449309
1888.6200529527664,-74.05992828521912,-74.05992828521912
1888.6300529527664,-74.05935125091096,-74.05935125091096
1888.6400529527664,-74.05877595772864,-74.05877595772864
1888.6500529527664,-74.05820259880889,-74.05820259880889
1888.6600529527664,-74.05763136430362,-74.05763136430362
1888.6700529527664,-74.05706244138618,-74.05706244138618
1888.6800529527663,-74.05649601429025,-74.05649601429025
1888.6900529527663,-74.05593226432309,-74.05593226432309
1888.7000529766083,-74.0553713685633,-74.0553713685633
1888.7100529766083,-74.05480705180786,-74.05480705180786
1888.7200529766083,-74.05423666363828,-74.05423666363828
1888.7300529766082,-74.05365900345043,-74.05365900345043
1888.7400529766082,-74.05307353955193,-74.05307353955193
1888.7500529766082,-74.05248011171287,-74.05248011171287
1888.7600529766082,-74.05187877662672,-74.05187877662672
1888.7700529766082,-74.05126971737369,-74.05126971737369
1888.7800529766082,-74.05065318898683,-74.05065318898683
1888.7900529766082,-74.05002948574115,-74.05002948574115
1888.8000529766082,-74.04939892152495,-74.04939892152495
1888.8100529766082,-74.04876181815752,-74.04876181815752
1888.8200529766082,-74.04811849852952,-74.04811849852952
1888.8300529766084,-74.04746928270204,-74.04746928270204
1888.8400529766084,-74.04681448576581,-74.04681448576581
1888.8500529766084,-74.04615441680963,-74.04615441680963
1888.8600529766084,-74.04548937850089,-74.04548937850089
1888.8700529766083,-74.04481966707864,-74.04481966707864
1888.8800529766083,-74.04414557250118,-74.04414557250118
1888.8900529766083,-74.04346737875666,-74.04346737875666
1888.9000529766083,-74.04278536415652,-74.04278536415652
1888.9100529766083,-74.04209980169794,-74.04209980169794
1888.9200529766083,-74.04141095937376,-74.04141095937376
1888.9300529766083,-74.04071910046844,-74.04071910046844
1888.9400529766083,-74.04002448381927,-74.04002448381927
1888.9500529766083,-74.0393273640502,-74.0393273640502
1888.9600529766083,-74.03862154037012,-74.03862154037012
1888.9700529766083,-74.03790443913735,-74.03790443913735
1888.9800529766082,-74.03717493408104,-74.03717493408104
1888.9900529766082,-74.03643256698429,-74.03643256698429
1889.0000529766082,-74.03567725034975,-74.03567725034975
1889.0100529766082,-74.03490911301165,-74.03490911301165
1889.0200529766082,-74.03412840964513,-74.03412840964513
1889.0300529766082,-74.03333546638277,-74.03333546638277
1889.0400529766082,-74.03253064816228,-74.03253064816228
1889.0500529766082,-74.03171433911452,-74.03171433911452
1889.0600529766082,-74.03088693090719,-74.03088693090719
1889.0700529766082,-74.03004881591208,-74.03004881591208
1889.0800529766084,-74.02920038330605,-74.02920038330605
1889.0900529766084,-74.02834201694782,-74.02834201694782
1889.1000529766084,-74.02747409433074,-74.02747409433074
1889.1100529766084,-74.02659698618218,-74.02659698618218
1889.1200529766083,-74.0257110564266,-74.0257110564266
1889.1300529766083,-74.02481666237165,-74.02481666237165
1889.1400529766083,-74.02391415497651,-74.02391415497651
1889.1500529766083,-74.02300387915444,-74.02300387915444
1889.1600529766083,-74.02208617413255,-74.02208617413255
1889.1700529766083,-74.02116137373868,-74.02116137373868
1889.1800529766083,-74.02022980667175,-74.02022980667175
1889.1900529766083,-74.01929179679277,-74.01929179679277
1889.2000529766083,-74.01834766333917,-74.01834766333917
1889.2100529766083,-74.01739772111048,-74.01739772111048
1889.2200529766083,-74.01644228066522,-74.01644228066522
1889.2300529766082,-74.01548164844151,-74.01548164844151
1889.2400529766082,-74.01451612690471,-74.01451612690471
1889.2500529766082,-74.01354601464948,-74.01354601464948
1889.2600529766082,-74.01257160648912,-74.01257160648912
1889.2700529766082,-74.01159319353789,-74.01159319353789
1889.2800529766082,-74.01061106326918,-74.01061106326918
1889.2900529766082,-74.00962549959489,-74.00962549959489
1889.3000529766082,-74.00863678289065,-74.00863678289065
1889.3100529766082,-74.00764519005139,-74.00764519005139
1889.3200529766082,-74.00665099452392,-74.00665099452392
1889.3300529766084,-74.00565446634651,-74.00565446634651
1889.3400529766084,-74.00465587216009,-74.00465587216009
1889.3500529766084,-74.00365547523796,-74.00365547523796
1889.3600529766084,-74.00265353552625,-74.00265353552625
1889.3700529766083,-74.00165030964102,-74.00165030964102
1889.3800529766083,-74.00064605091268,-74.00064605091268
1889.3900529766083,-73.99964100936653,-73.99964100936653
1889.4000529766083,-73.99863543177723,-73.99863543177723
1889.4100529766083,-73.99762956166342,-73.99762956166342
1889.4200529766083,-73.99662363930975,-73.99662363930975
1889.4300529766083,-73.9956179017779,-73.9956179017779
1889.4400529766083,-73.99461258292075,-73.99461258292075
1889.4500529766083,-73.9936079134168,-73.9936079134168
1889.4600529766083,-73.99260412076427,-73.99260412076427
1889.4700529766083,-73.99160142930565,-73.99160142930565
1889.4800529766082,-73.99060006023896,-73.99060006023896
1889.4900529766082,-73.98960023165124,-73.98960023165124
1889.5000529766082,-73.98860215851373,-73.98860215851373
1889.5100529766082,-73.98760605270235,-73.98760605270235
1889.5200529766082,-73.98661212303969,-73.98661212303969
1889.5300529766082,-73.9856205752784,-73.9856205752784
1889.5400529766082,-73.9846316121488,-73.9846316121488
1889.5500530004501,-73.983645431015,-73.983645431015
1889.5600530004501,-73.98266223330397,-73.98266223330397
1889.5700530004501,-73.98168221040264,-73.98168221040264
1889.58005300045,-73.98070555309853,-73.98070555309853
1889.59005300045,-73.97973244926354,-73.97973244926354
1889.60005300045,-73.97876308384652,-73.97876308384652
1889.61005300045,-73.97779763890631,-73.97779763890631
1889.62005300045,-73.97683629364012,-73.97683629364012
1889.63005300045,-73.97587922440842,-73.97587922440842
1889.64005300045,-73.97492660474668,-73.97492660474668
1889.65005300045,-73.97397860539382,-73.97397860539382
1889.66005300045,-73.97303539431385,-73.97303539431385
1889.67005300045,-73.97209713673469,-73.97209713673469
1889.6800530004502,-73.97116399514259,-73.97116399514259
1889.6900530004502,-73.97023612935169,-73.97023612935169
1889.7000530004502,-73.96931369647307,-73.96931369647307
1889.7100530004502,-73.96839685097608,-73.96839685097608
1889.7200530004502,-73.96748574472107,-73.96748574472107
1889.7300530004502,-73.9665805269586,-73.9665805269586
1889.7400530004502,-73.96568134436667,-73.96568134436667
1889.7500530004502,-73.96478834108045,-73.96478834108045
1889.7600530004502,-73.9639016587045,-73.9639016587045
1889.7700530004502,-73.96302143636149,-73.96302143636149
1889.7800530004502,-73.9621478106978,-73.9621478106978
1889.7900530004501,-73.96128091590916,-73.96128091590916
1889.8000530004501,-73.96042088379355,-73.96042088379355
1889.8100530004501,-73.95956784373189,-73.95956784373189
1889.8200530004501,-73.9587219227651,-73.9587219227651
1889.83005300045,-73.95788324558286,-73.95788324558286
1889.84005300045,-73.95705193457209,-73.95705193457209
1889.85005300045,-73.95622810980434,-73.95622810980434
1889.86005300045,-73.95541188913427,-73.95541188913427
1889.87005300045,-73.95460338814398,-73.95460338814398
1889.88005300045,-73.95380272023229,-73.95380272023229
1889.89005300045,-73.95300999659788,-73.95300999659788
1889.90005300045,-73.95222532630274,-73.95222532630274
1889.91005300045,-73.95144881625497,-73.95144881625497
1889.92005300045,-73.95068057127746,-73.95068057127746
1889.9300530004502,-73.94992069410183,-73.94992069410183
1889.9400530004502,-73.94916928540333,-73.94916928540333
1889.9500530004502,-73.94842644384838,-73.94842644384838
1889.9600530004502,-73.94769226607457,-73.94769226607457
1889.9700530004502,-73.94696684675078,-73.94696684675078
1889.9800530004502,-73.94625027859793,-73.94625027859793
1889.9900530004502,-73.94554265239582,-73.94554265239582
1890.0000530004502,-73.94484405703534,-73.94484405703534
1890.0100530004502,-73.94415457951058,-73.94415457951058
1890.0200530004502,-73.94347430496738,-73.94347430496738
1890.0300530004502,-73.94280331671663,-73.94280331671663
1890.0400530004501,-73.9421416962744,-73.9421416962744
1890.0500530004501,-73.94148952335341,-73.94148952335341
1890.0600530004501,-73.94084687591341,-73.94084687591341
1890.0700530004501,-73.94021383017761,-73.94021383017761
1890.08005300045,-73.9395904606628,-73.9395904606628
1890.09005300045,-73.9389768401776,-73.9389768401776
1890.10005300045,-73.93837303987492,-73.93837303987492
1890.11005300045,-73.93777912925209,-73.93777912925209
1890.12005300045,-73.93719517618497,-73.93719517618497
1890.13005300045,-73.93662124696348,-73.93662124696348
1890.14005300045,-73.936057406269,-73.936057406269
1890.15005300045,-73.93550371724811,-73.93550371724811
1890.16005300045,-73.93496024149452,-73.93496024149452
1890.17005300045,-73.9344270391093,-73.9344270391093
1890.1800530004502,-73.93390416866114,-73.93390416866114
1890.1900530004502,-73.93339168728994,-73.93339168728994
1890.2000530004502,-73.93288965064711,-73.93288965064711
1890.2100530004502,-73.93239811297144,-73.93239811297144
1890.2200530004502,-73.93191712708315,-73.93191712708315
1890.2300530004502,-73.93144674440207,-73.93144674440207
1890.2400530004502,-73.93098701499086,-73.93098701499086
1890.2500530004502,-73.93053798754772,-73.93053798754772
1890.2600530004502,-73.93009970943953,-73.93009970943953
1890.2700530004502,-73.92967222671993,-73.92967222671993
1890.2800530004502,-73.92925558415344,-73.92925558415344
1890.2900530004501,-73.92884982520953,-73.92884982520953
1890.3000530004501,-73.928454992115,-73.928454992115
1890.3100530004501,-73.92807112585612,-73.92807112585612
1890.3200530004501,-73.92769826617565,-73.92769826617565
1890.33005300045,-73.9273364516439,-73.9273364516439
1890.34005300045,-73.92698571961868,-73.92698571961868
1890.35005300045,-73.92664610630226,-73.92664610630226
1890.36005300045,-73.92631764673533,-73.92631764673533
1890.37005300045,-73.9260003748287,-73.9260003748287
1890.38005300045,-73.9256943233787,-73.9256943233787
1890.39005300045,-73.92539952406231,-73.92539952406231
1890.400053024292,-73.92511600681227,-73.92511600681227
1890.410053024292,-73.92484380255887,-73.92484380255887
1890.420053024292,-73.92458293905275,-73.92458293905275
1890.430053024292,-73.92433344373511,-73.92433344373511
1890.440053024292,-73.92409534303411,-73.92409534303411
1890.450053024292,-73.9238686623586,-73.9238686623586
1890.460053024292,-73.92365342612699,-73.92365342612699
1890.470053024292,-73.92344965778379,-73.92344965778379
1890.480053024292,-73.92325737981099,-73.92325737981099
1890.490053024292,-73.92307661374183,-73.92307661374183
1890.500053024292,-73.92290738017482,-73.92290738017482
1890.510053024292,-73.92274969879396,-73.92274969879396
1890.5200530242919,-73.92260358836594,-73.92260358836594
1890.530053024292,-73.92246906678494,-73.92246906678494
1890.540053024292,-73.9223461510539,-73.9223461510539
1890.550053024292,-73.92223485731245,-73.92223485731245
1890.560053024292,-73.92213520085022,-73.92213520085022
1890.570053024292,-73.92204719613568,-73.92204719613568
1890.580053024292,-73.92197085678508,-73.92197085678508
1890.590053024292,-73.92190619561859,-73.92190619561859
1890.600053024292,-73.92185322465544,-73.92185322465544
1890.610053024292,-73.92181195512154,-73.92181195512154
1890.620053024292,-73.9217823974764,-73.9217823974764
1890.630053024292,-73.92176456141631,-73.92176456141631
1890.640053024292,-73.9217584558761,-73.9217584558761
1890.650053024292,-73.92176408907038,-73.92176408907038
1890.660053024292,-73.92178146846797,-73.92178146846797
1890.670053024292,-73.92181060083072,-73.92181060083072
1890.680053024292,-73.92185149220538,-73.92185149220538
1890.690053024292,-73.92190414796129,-73.92190414796129
1890.700053024292,-73.92196857277773,-73.92196857277773
1890.710053024292,-73.92203832761605,-73.92203832761605
1890.720053024292,-73.92211059814565,-73.92211059814565
1890.730053024292,-73.9221840182041,-73.9221840182041
1890.740053024292,-73.92225789153579,-73.92225789153579
1890.750053024292,-73.92233189479545,-73.92233189479545
1890.760053024292,-73.92240592329455,-73.92240592329455
1890.7700530242919,-73.92248000054887,-73.92248000054887
1890.780053024292,-73.92255422393741,-73.92255422393741
1890.790053024292,-73.92262873200782,-73.92262873200782
1890.800053024292,-73.92270368487661,-73.92270368487661
1890.810053024292,-73.92277925255105,-73.92277925255105
1890.820053024292,-73.92285560805539,-73.92285560805539
1890.830053024292,-73.922932923532,-73.922932923532
1890.840053024292,-73.92301136809373,-73.92301136809373
1890.850053024292,-73.9230911067707,-73.9230911067707
1890.860053024292,-73.92317230007696,-73.92317230007696
1890.870053024292,-73.92325510399506,-73.92325510399506
1890.880053024292,-73.92333967010326,-73.92333967010326
1890.890053024292,-73.923426145875,-73.923426145875
1890.900053024292,-73.92351467497183,-73.92351467497183
1890.910053024292,-73.9236053975638,-73.9236053975638
1890.920053024292,-73.92369845062012,-73.92369845062012
1890.930053024292,-73.92379396820039,-73.92379396820039
1890.940053024292,-73.92389208171811,-73.92389208171811
1890.950053024292,-73.92399292012087,-73.92399292012087
1890.960053024292,-73.92409016680989,-73.92409016680989
1890.970053024292,-73.92418112855243,-73.92418112855243
1890.980053024292,-73.92426455904713,-73.92426455904713
1890.990053024292,-73.92433988072482,-73.92433988072482
1891.000053024292,-73.92440688787,-73.92440688787
1891.010053024292,-73.92446559245869,-73.92446559245869
1891.0200530242919,-73.92451613373989,-73.92451613373989
1891.030053024292,-73.92455872396893,-73.92455872396893
1891.040053024292,-73.92459361573572,-73.92459361573572
1891.050053024292,-73.92462108241021,-73.92462108241021
1891.060053024292,-73.92464140646692,-73.92464140646692
1891.070053024292,-73.92465487265494,-73.92465487265494
1891.080053024292,-73.92466176406978,-73.92466176406978
1891.090053024292,-73.92466236003376,-73.92466236003376
1891.100053024292,-73.92465693503686,-73.92465693503686
1891.110053024292,-73.92464575831762,-73.92464575831762
1891.120053024292,-73.92462909379333,-73.92462909379333
1891.130053024292,-73.9246072002548,-73.9246072002548
1891.140053024292,-73.92458033158681,-73.92458033158681
1891.150053024292,-73.92454873709082,-73.92454873709082
1891.160053024292,-73.92451266178749,-73.92451266178749
1891.170053024292,-73.92447234671039,-73.92447234671039
1891.180053024292,-73.9244280291835,-73.9244280291835
1891.190053024292,-73.92437994303937,-73.92437994303937
1891.200053024292,-73.924328318846,-73.924328318846
1891.210053024292,-73.92427338408356,-73.92427338408356
1891.220053024292,-73.92421536329014,-73.92421536329014
1891.230053024292,-73.92415447823132,-73.92415447823132
1891.240053024292,-73.92409094795451,-73.92409094795451
1891.2500530481339,-73.9240249887721,-73.9240249887721
1891.2600530481338,-73.92395681492604,-73.92395681492604
1891.2700530481338,-73.92388663775955,-73.92388663775955
1891.2800530481338,-73.92381466633938,-73.92381466633938
1891.2900530481338,-73.92374110738382,-73.92374110738382
1891.3000530481338,-73.92366616526319,-73.92366616526319
1891.3100530481338,-73.92359004206305,-73.92359004206305
1891.3200530481338,-73.92351293757551,-73.92351293757551
1891.3300530481338,-73.92343504931547,-73.92343504931547
1891.3400530481338,-73.92335657255856,-73.92335657255856
1891.3500530481338,-73.92327770032244,-73.92327770032244
1891.3600530481338,-73.92319862339885,-73.92319862339885
1891.3700530481337,-73.92311953034587,-73.92311953034587
1891.380053048134,-73.92304060749254,-73.92304060749254
1891.390053048134,-73.92296203894351,-73.92296203894351
1891.400053048134,-73.92288400658276,-73.92288400658276
1891.410053048134,-73.9228066900728,-73.9228066900728
1891.420053048134,-73.9227302668612,-73.9227302668612
1891.430053048134,-73.92265491217465,-73.92265491217465
1891.440053048134,-73.9225807990284,-73.9225807990284
1891.450053048134,-73.92250809823143,-73.92250809823143
1891.460053048134,-73.92243053581291,-73.92243053581291
1891.4700530481339,-73.92234546093088,-73.92234546093088
1891.4800530481339,-73.9222516693336,-73.9222516693336
1891.4900530481339,-73.92214862504393,-73.92214862504393
1891.5000530481339,-73.92203616344489,-73.92203616344489
1891.5100530481338,-73.92191433700981,-73.92191433700981
1891.5200530481338,-73.9217833248566,-73.9217833248566
1891.5300530481338,-73.92164337844717,-73.92164337844717
1891.5400530481338,-73.92149478887028,-73.92149478887028
1891.5500530481338,-73.92133786722513,-73.92133786722513
1891.5600530481338,-73.92117293298108,-73.92117293298108
1891.5700530481338,-73.92100030708794,-73.92100030708794
1891.5800530481338,-73.92082030804742,-73.92082030804742
1891.5900530481338,-73.92063324980339,-73.92063324980339
1891.6000530481338,-73.92043944065294,-73.92043944065294
1891.6100530481338,-73.92023918283137,-73.92023918283137
1891.6200530481337,-73.92003277248641,-73.92003277248641
1891.630053048134,-73.91982049981335,-73.91982049981335
1891.640053048134,-73.91960264933611,-73.91960264933611
1891.650053048134,-73.91937950022404,-73.91937950022404
1891.660053048134,-73.91915132659038,-73.91915132659038
1891.670053048134,-73.91891839781502,-73.91891839781502
1891.680053048134,-73.91868097881331,-73.91868097881331
1891.690053048134,-73.91843933030607,-73.91843933030607
1891.700053048134,-73.91819370903163,-73.91819370903163
1891.710053048134,-73.91794436794494,-73.91794436794494
1891.7200530481339,-73.91769155638593,-73.91769155638593
1891.7300530481339,-73.9174355202331,-73.9174355202331
1891.7400530481339,-73.91717650201996,-73.91717650201996
1891.7500530481339,-73.91691474105686,-73.91691474105686
1891.7600530481338,-73.91665047350831,-73.91665047350831
1891.7700530481338,-73.91638393247678,-73.91638393247678
1891.7800530481338,-73.91611534806785,-73.91611534806785
1891.7900530481338,-73.91584494745723,-73.91584494745723
1891.8000530481338,-73.9155729549261,-73.9155729549261
1891.8100530481338,-73.91529959190443,-73.91529959190443
1891.8200530481338,-73.9150250770257,-73.9150250770257
1891.8300530481338,-73.91474962611547,-73.91474962611547
1891.8400530481338,-73.91447345226713,-73.91447345226713
1891.8500530481338,-73.91419676583625,-73.91419676583625
1891.8600530481338,-73.91391977446266,-73.91391977446266
1891.8700530481337,-73.91364268310704,-73.91364268310704
1891.880053048134,-73.91336569404285,-73.91336569404285
1891.890053048134,-73.91308900690024,-73.91308900690024
1891.900053048134,-73.91281281864653,-73.91281281864653
1891.910053048134,-73.9125373236372,-73.9125373236372
1891.920053048134,-73.91226271360307,-73.91226271360307
1891.930053048134,-73.91198917766964,-73.91198917766964
1891.940053048134,-73.91171690238,-73.91171690238
1891.950053048134,-73.91144607169406,-73.91144607169406
1891.960053048134,-73.91117686700831,-73.91117686700831
1891.9700530481339,-73.91090946716209,-73.91090946716209
1891.9800530481339,-73.9106440484654,-73.9106440484654
1891.9900530481339,-73.91038078469583,-73.91038078469583
1892.0000530481339,-73.91011984712384,-73.91011984712384
1892.0100530481338,-73.90986140451359,-73.90986140451359
1892.0200530481338,-73.90960562314851,-73.90960562314851
1892.0300530481338,-73.90935266685169,-73.90935266685169
1892.0400530481338,-73.90910269697825,-73.90910269697825
1892.0500530481338,-73.9088558724599,-73.9088558724599
1892.0600530481338,-73.90861234977947,-73.90861234977947
1892.0700530481338,-73.90837228304106,-73.90837228304106
1892.0800530481338,-73.90813582393909,-73.90813582393909
1892.0900530481338,-73.90790312179752,-73.90790312179752
1892.1000530719757,-73.90767432304605,-73.90767432304605
1892.1100530719757,-73.90744957341404,-73.90744957341404
1892.1200530719757,-73.90722901464795,-73.90722901464795
1892.1300530719757,-73.90701278675166,-73.90701278675166
1892.1400530719757,-73.90680102744032,-73.90680102744032
1892.1500530719757,-73.90659387216465,-73.90659387216465
1892.1600530719757,-73.906391454133,-73.906391454133
1892.1700530719756,-73.90619390431385,-73.90619390431385
1892.1800530719756,-73.9060013514746,-73.9060013514746
1892.1900530719756,-73.90581392218971,-73.90581392218971
1892.2000530719756,-73.90563174086246,-73.90563174086246
1892.2100530719756,-73.9054549297492,-73.9054549297492
1892.2200530719756,-73.90528360897592,-73.90528360897592
1892.2300530719758,-73.90511789656169,-73.90511789656169
1892.2400530719758,-73.90495790843141,-73.90495790843141
1892.2500530719758,-73.90480375844173,-73.90480375844173
1892.2600530719758,-73.90465555841018,-73.90465555841018
1892.2700530719758,-73.90451341811675,-73.90451341811675
1892.2800530719758,-73.90437744534107,-73.90437744534107
1892.2900530719758,-73.90424774587477,-73.90424774587477
1892.3000530719758,-73.90412442355354,-73.90412442355354
1892.3100530719757,-73.90400758026148,-73.90400758026148
1892.3200530719757,-73.90389731597145,-73.90389731597145
1892.3300530719757,-73.90379372874081,-73.90379372874081
1892.3400530719757,-73.90369691475426,-73.90369691475426
1892.3500530719757,-73.90360696834315,-73.90360696834315
1892.3600530719757,-73.90352398199603,-73.90352398199603
1892.3700530719757,-73.90344804638083,-73.90344804638083
1892.3800530719757,-73.9033792503789,-73.9033792503789
1892.3900530719757,-73.90331768109353,-73.90331768109353
1892.4000530719757,-73.90326342387199,-73.90326342387199
1892.4100530719757,-73.9032165623347,-73.9032165623347
1892.4200530719756,-73.90317717838549,-73.90317717838549
1892.4300530719756,-73.90314535223932,-73.90314535223932
1892.4400530719756,-73.90312116242801,-73.90312116242801
1892.4500530719756,-73.90310468585514,-73.90310468585514
1892.4600530719756,-73.903095997778,-73.903095997778
1892.4700530719756,-73.90309517185597,-73.90309517185597
1892.4800530719758,-73.90310228014764,-73.90310228014764
1892.4900530719758,-73.90311739314862,-73.90311739314862
1892.5000530719758,-73.90314057980837,-73.90314057980837
1892.5100530719758,-73.90317190754517,-73.90317190754517
1892.5200530719758,-73.90321144225618,-73.90321144225618
1892.5300530719758,-73.90325924835881,-73.90325924835881
1892.5400530719758,-73.90331538880434,-73.90331538880434
1892.5500530719758,-73.90337992508455,-73.90337992508455
1892.5600530719757,-73.90345291726005,-73.90345291726005
1892.5700530719757,-73.90353442398256,-73.90353442398256
1892.5800530719757,-73.90362450250302,-73.90362450250302
1892.5900530719757,-73.90372320870087,-73.90372320870087
1892.6000530719757,-73.90383059710375,-73.90383059710375
1892.6100530719757,-73.9039467208825,-73.9039467208825
1892.6200530719757,-73.90407163190423,-73.90407163190423
1892.6300530719757,-73.90420538072293,-73.90420538072293
1892.6400530719757,-73.90434801662227,-73.90434801662227
1892.6500530719757,-73.90449958760318,-73.90449958760318
1892.6600530719757,-73.90466014041891,-73.90466014041891
1892.6700530719756,-73.9048297205956,-73.9048297205956
1892.6800530719756,-73.90500837244511,-73.90500837244511
1892.6900530719756,-73.90519613907898,-73.90519613907898
1892.7000530719756,-73.90539306242499,-73.90539306242499
1892.7100530719756,-73.90559918325347,-73.90559918325347
1892.7200530719756,-73.90581454117657,-73.90581454117657
1892.7300530719758,-73.90603917468658,-73.90603917468658
1892.7400530719758,-73.90627312114599,-73.90627312114599
1892.7500530719758,-73.90651641683284,-73.90651641683284
1892.7600530719758,-73.9067690969274,-73.9067690969274
1892.7700530719758,-73.90703119555158,-73.90703119555158
1892.7800530719758,-73.9073027457731,-73.9073027457731
1892.7900530719758,-73.90758377962,-73.90758377962
1892.8000530719758,-73.90787432809232,-73.90787432809232
1892.8100530719757,-73.90817442119568,-73.90817442119568
1892.8200530719757,-73.90848408793053,-73.90848408793053
1892.8300530719757,-73.90880335632438,-73.90880335632438
1892.8400530719757,-73.90913225344337,-73.90913225344337
1892.8500530719757,-73.90947080539522,-73.90947080539522
1892.8600530719757,-73.90981903736707,-73.90981903736707
1892.8700530719757,-73.91017697361468,-73.91017697361468
1892.8800530719757,-73.9105446374844,-73.9105446374844
1892.8900530719757,-73.91092205144098,-73.91092205144098
1892.9000530719757,-73.91130923704203,-73.91130923704203
1892.9100530719757,-73.91170621500615,-73.91170621500615
1892.9200530719756,-73.91211300517665,-73.91211300517665
1892.9300530719756,-73.9125296265758,-73.9125296265758
1892.9400530719756,-73.91295609737816,-73.91295609737816
1892.9500530958176,-73.91339243597768,-73.91339243597768
1892.9600530958176,-73.91383221354468,-73.91383221354468
1892.9700530958175,-73.91427262828887,-73.91427262828887
1892.9800530958175,-73.91471232520892,-73.91471232520892
1892.9900530958175,-73.91515061898028,-73.91515061898028
1893.0000530958175,-73.91558719702573,-73.91558719702573
1893.0100530958175,-73.9160219652854,-73.9160219652854
1893.0200530958175,-73.91645495781813,-73.91645495781813
1893.0300530958175,-73.91688628247068,-73.91688628247068
1893.0400530958175,-73.91731608821104,-73.91731608821104
1893.0500530958175,-73.91774454552228,-73.91774454552228
1893.0600530958175,-73.91817183472995,-73.91817183472995
1893.0700530958175,-73.91859813916258,-73.91859813916258
1893.0800530958177,-73.91902364120031,-73.91902364120031
1893.0900530958177,-73.91944852017053,-73.91944852017053
1893.1000530958177,-73.91987295126718,-73.91987295126718
1893.1100530958176,-73.92029710512493,-73.92029710512493
1893.1200530958176,-73.92072114779273,-73.92072114779273
1893.1300530958176,-73.92114524088252,-73.92114524088252
1893.1400530958176,-73.92156954182244,-73.92156954182244
1893.1500530958176,-73.92199420419537,-73.92199420419537
1893.1600530958176,-73.92241937801646,-73.92241937801646
1893.1700530958176,-73.9228452100609,-73.9228452100609
1893.1800530958176,-73.92327184412049,-73.92327184412049
1893.1900530958176,-73.92369942126598,-73.92369942126598
1893.2000530958176,-73.92412808006675,-73.92412808006675
1893.2100530958176,-73.92455795677178,-73.92455795677178
1893.2200530958175,-73.92498918547365,-73.92498918547365
1893.2300530958175,-73.92542189826563,-73.92542189826563
1893.2400530958175,-73.92585622532962,-73.92585622532962
1893.2500530958175,-73.92629229507511,-73.92629229507511
1893.2600530958175,-73.92673023417056,-73.92673023417056
1893.2700530958175,-73.92717016766942,-73.92717016766942
1893.2800530958175,-73.92761221903008,-73.92761221903008
1893.2900530958175,-73.92805651017595,-73.92805651017595
1893.3000530958175,-73.92850316153205,-73.92850316153205
1893.3100530958175,-73.92895229206154,-73.92895229206154
1893.3200530958175,-73.92940401928317,-73.92940401928317
1893.3300530958177,-73.92985845930639,-73.92985845930639
1893.3400530958177,-73.9303157268191,-73.9303157268191
1893.3500530958177,-73.93077593514136,-73.93077593514136
1893.3600530958176,-73.93123919619543,-73.93123919619543
1893.3700530958176,-73.93170562053895,-73.93170562053895
1893.3800530958176,-73.93217531736069,-73.93217531736069
1893.3900530958176,-73.93264839448456,-73.93264839448456
1893.4000530958176,-73.93312495838894,-73.93312495838894
1893.4100530958176,-73.93360511417013,-73.93360511417013
1893.4200530958176,-73.93408896558883,-73.93408896558883
1893.4300530958176,-73.93457661504897,-73.93457661504897
1893.4400530958176,-73.93506816359024,-73.93506816359024
1893.4500530958176,-73.93556371090514,-73.93556371090514
1893.4600530958176,-73.93606335533686,-73.93606335533686
1893.4700530958175,-73.9365671938737,-73.9365671938737
1893.4800530958175,-73.93707532214867,-73.93707532214867
1893.4900530958175,-73.93758783444972,-73.93758783444972
1893.5000530958175,-73.93810482370556,-73.93810482370556
1893.5100530958175,-73.93862638151295,-73.93862638151295
1893.5200530958175,-73.93915259810645,-73.93915259810645
1893.5300530958175,-73.93968356238828,-73.93968356238828
1893.5400530958175,-73.94021936191372,-73.94021936191372
1893.5500530958175,-73.94076008289426,-73.94076008289426
1893.5600530958175,-73.9413058102147,-73.9413058102147
1893.5700530958175,-73.94185662742446,-73.94185662742446
1893.5800530958177,-73.94241261673737,-73.94241261673737
1893.5900530958177,-73.94297385905394,-73.94297385905394
1893.6000530958177,-73.94354043395388,-73.94354043395388
1893.6100530958176,-73.94411241969475,-73.94411241969475
1893.6200530958176,-73.94468989323651,-73.94468989323651
1893.6300530958176,-73.94527293023474,-73.94527293023474
1893.6400530958176,-73.94586160503813,-73.94586160503813
1893.6500530958176,-73.94645599071788,-73.94645599071788
1893.6600530958176,-73.94705615905345,-73.94705615905345
1893.6700530958176,-73.94766218055526,-73.94766218055526
1893.6800530958176,-73.94827412446126,-73.94827412446126
1893.6900530958176,-73.94889205874983,-73.94889205874983
1893.7000530958176,-73.94951605014735,-73.94951605014735
1893.7100530958176,-73.95013971696471,-73.95013971696471
1893.7200530958175,-73.95076030260716,-73.95076030260716
1893.7300530958175,-73.95137649852173,-73.95137649852173
1893.7400530958175,-73.95198766569597,-73.95198766569597
1893.7500530958175,-73.95259353759694,-73.95259353759694
1893.7600530958175,-73.95319406590808,-73.95319406590808
1893.7700530958175,-73.9537893300757,-73.9537893300757
1893.7800530958175,-73.95437948296912,-73.95437948296912
1893.7900530958175,-73.95496471821049,-73.95496471821049
1893.8000531196594,-73.95554525193492,-73.95554525193492
1893.8100531196594,-73.95612130557639,-73.95612130557639
1893.8200531196594,-73.9566931073462,-73.9566931073462
1893.8300531196594,-73.95726088274068,-73.95726088274068
1893.8400531196594,-73.95782485377424,-73.95782485377424
1893.8500531196594,-73.95838523794829,-73.95838523794829
1893.8600531196594,-73.9589422477863,-73.9589422477863
1893.8700531196594,-73.95949609081067,-73.95949609081067
1893.8800531196594,-73.96004696969821,-73.96004696969821
1893.8900531196593,-73.96059508253931,-73.96059508253931
1893.9000531196593,-73.96114062313866,-73.96114062313866
1893.9100531196593,-73.96168378132484,-73.96168378132484
1893.9200531196593,-73.96222474327092,-73.96222474327092
1893.9300531196595,-73.96276369174097,-73.96276369174097
1893.9400531196595,-73.96330080636487,-73.96330080636487
1893.9500531196595,-73.96383626383455,-73.96383626383455
1893.9600531196595,-73.96436378996063,-73.96436378996063
1893.9700531196595,-73.96488073502832,-73.96488073502832
1893.9800531196595,-73.96538589644224,-73.96538589644224
1893.9900531196595,-73.96587874017493,-73.96587874017493
1894.0000531196595,-73.96635910379165,-73.96635910379165
1894.0100531196595,-73.96682704218095,-73.96682704218095
1894.0200531196595,-73.96728273719366,-73.96728273719366
1894.0300531196594,-73.9677264433178,-73.9677264433178
1894.0400531196594,-73.9681584550643,-73.9681584550643
1894.0500531196594,-73.96857908734508,-73.96857908734508
1894.0600531196594,-73.9689886638675,-73.9689886638675
1894.0700531196594,-73.96938751023997,-73.96938751023997
1894.0800531196594,-73.9697759500828,-73.9697759500828
1894.0900531196594,-73.97015430288972,-73.97015430288972
1894.1000531196594,-73.97052288295355,-73.97052288295355
1894.1100531196594,-73.97088199895371,-73.97088199895371
1894.1200531196594,-73.971231953905,-73.971231953905
1894.1300531196594,-73.97157304529838,-73.97157304529838
1894.1400531196593,-73.9719055653665,-73.9719055653665
1894.1500531196593,-73.97222980138181,-73.97222980138181
1894.1600531196593,-73.97254603595331,-73.97254603595331
1894.1700531196593,-73.97285454733263,-73.97285454733263
1894.1800531196595,-73.97315560967417,-73.97315560967417
1894.1900531196595,-73.97344949326983,-73.97344949326983
1894.2000531196595,-73.9737364647651,-73.9737364647651
1894.2100531196595,-73.97401678734235,-73.97401678734235
1894.2200531196595,-73.97429072086348,-73.97429072086348
1894.2300531196595,-73.97455852202762,-73.97455852202762
1894.2400531196595,-73.97482044446431,-73.97482044446431
1894.2500531196595,-73.97507673881893,-73.97507673881893
1894.2600531196595,-73.97532765285982,-73.97532765285982
1894.2700531196595,-73.97557343151492,-73.97557343151492
1894.2800531196594,-73.97581431693736,-73.97581431693736
1894.2900531196594,-73.97605054853985,-73.97605054853985
1894.3000531196594,-73.97628236304448,-73.97628236304448
1894.3100531196594,-73.97650999450902,-73.97650999450902
1894.3200531196594,-73.97673367434061,-73.97673367434061
1894.3300531196594,-73.97695363131439,-73.97695363131439
1894.3400531196594,-73.97717009161259,-73.97717009161259
1894.3500531196594,-73.9773832788103,-73.9773832788103
1894.3600531196594,-73.97759341389006,-73.97759341389006
1894.3700531196594,-73.97780071526806,-73.97780071526806
1894.3800531196594,-73.97800539877849,-73.97800539877849
1894.3900531196593,-73.97820767769987,-73.97820767769987
1894.4000531196593,-73.97840776274391,-73.97840776274391
1894.4100531196593,-73.97860586206883,-73.97860586206883
1894.4200531196593,-73.97880218127979,-73.97880218127979
1894.4300531196595,-73.97899692345074,-73.97899692345074
1894.4400531196595,-73.97919028909907,-73.97919028909907
1894.4500531196595,-73.97938247621933,-73.97938247621933
1894.4600531196595,-73.97956723188224,-73.97956723188224
1894.4700531196595,-73.97974192846544,-73.97974192846544
1894.4800531196595,-73.97990538561861,-73.97990538561861
1894.4900531196595,-73.98005709147695,-73.98005709147695
1894.5000531196595,-73.98019690547338,-73.98019690547338
1894.5100531196595,-73.98032490403021,-73.98032490403021
1894.5200531196595,-73.98044129006624,-73.98044129006624
1894.5300531196594,-73.98054633864528,-73.98054633864528
1894.5400531196594,-73.98064036428319,-73.98064036428319
1894.5500531196594,-73.98072370135277,-73.98072370135277
1894.5600531196594,-73.98079669235665,-73.98079669235665
1894.5700531196594,-73.98085968110985,-73.98085968110985
1894.5800531196594,-73.98091300879412,-73.98091300879412
1894.5900531196594,-73.98095701182025,-73.98095701182025
1894.6000531196594,-73.98099202074259,-73.98099202074259
1894.6100531196594,-73.98101835987543,-73.98101835987543
1894.6200531196594,-73.98103634722439,-73.98103634722439
1894.6300531196594,-73.98104629465062,-73.98104629465062
1894.6400531196593,-73.981048508124,-73.981048508124
1894.6500531435013,-73.98104328804384,-73.98104328804384
1894.6600531435013,-73.98103092955981,-73.98103092955981
1894.6700531435013,-73.9810117228922,-73.9810117228922
1894.6800531435013,-73.9809859535853,-73.9809859535853
1894.6900531435012,-73.98095390275114,-73.98095390275114
1894.7000531435012,-73.98091584732452,-73.98091584732452
1894.7100531435012,-73.98087206025616,-73.98087206025616
1894.7200531435012,-73.98082281066212,-73.98082281066212
1894.7300531435012,-73.98076836399298,-73.98076836399298
1894.7400531435012,-73.98070898216052,-73.98070898216052
1894.7500531435012,-73.98064492362417,-73.98064492362417
1894.7600531435012,-73.9805764435063,-73.9805764435063
1894.7700531435012,-73.98050379365468,-73.98050379365468
1894.7800531435014,-73.98042722274674,-73.98042722274674
1894.7900531435014,-73.98034697629001,-73.98034697629001
1894.8000531435014,-73.9802632967152,-73.9802632967152
1894.8100531435014,-73.98017642341372,-73.98017642341372
1894.8200531435014,-73.98008659275982,-73.98008659275982
1894.8300531435013,-73.97999403814941,-73.97999403814941
1894.8400531435013,-73.97989899003277,-73.97989899003277
1894.8500531435013,-73.97980167594996,-73.97980167594996
1894.8600531435013,-73.97970232052758,-73.97970232052758
1894.8700531435013,-73.97960114550109,-73.97960114550109
1894.8800531435013,-73.97949836978154,-73.97949836978154
1894.8900531435013,-73.97939420940007,-73.97939420940007
1894.9000531435013,-73.97928887758263,-73.97928887758263
1894.9100531435013,-73.97918258474381,-73.97918258474381
1894.9200531435013,-73.97907553849278,-73.97907553849278
1894.9300531435013,-73.97896794366636,-73.97896794366636
1894.9400531435012,-73.97886000232927,-73.97886000232927
1894.9500531435012,-73.97875191379718,-73.97875191379718
1894.9600531435012,-73.97864387465007,-73.97864387465007
1894.9700531435012,-73.97853607874626,-73.97853607874626
1894.9800531435012,-73.97842871723427,-73.97842871723427
1894.9900531435012,-73.97832197857383,-73.97832197857383
1895.0000531435012,-73.97821604854367,-73.97821604854367
1895.0100531435012,-73.9781111102655,-73.9781111102655
1895.0200531435012,-73.97800734421466,-73.97800734421466
1895.0300531435014,-73.9779049282382,-73.9779049282382
1895.0400531435014,-73.97780403756995,-73.97780403756995
1895.0500531435014,-73.97770484484364,-73.97770484484364
1895.0600531435014,-73.97760752012465,-73.97760752012465
1895.0700531435014,-73.97751223091744,-73.97751223091744
1895.0800531435013,-73.97741914218156,-73.97741914218156
1895.0900531435013,-73.97732841635093,-73.97732841635093
1895.1000531435013,-73.97724021336565,-73.97724021336565
1895.1100531435013,-73.9771546906705,-73.9771546906705
1895.1200531435013,-73.97707200325334,-73.97707200325334
1895.1300531435013,-73.97699230364456,-73.97699230364456
1895.1400531435013,-73.97691574196298,-73.97691574196298
1895.1500531435013,-73.97684246591436,-73.97684246591436
1895.1600531435013,-73.97674002731517,-73.97674002731517
1895.1700531435013,-73.97659235055679,-73.97659235055679
1895.1800531435013,-73.97638965328743,-73.97638965328743
1895.1900531435012,-73.97612546215015,-73.97612546215015
1895.2000531435012,-73.97579540664611,-73.97579540664611
1895.2100531435012,-73.97539651203286,-73.97539651203286
1895.2200531435012,-73.97492674380402,-73.97492674380402
1895.2300531435012,-73.97438471118556,-73.97438471118556
1895.2400531435012,-73.97376947359271,-73.97376947359271
1895.2500531435012,-73.97308041353543,-73.97308041353543
1895.2600531435012,-73.97231715234253,-73.97231715234253
1895.2700531435012,-73.97147949356116,-73.97147949356116
1895.2800531435014,-73.97056738444496,-73.97056738444496
1895.2900531435014,-73.96958088921717,-73.96958088921717
1895.3000531435014,-73.96852017013056,-73.96852017013056
1895.3100531435014,-73.96738547372286,-73.96738547372286
1895.3200531435014,-73.96617712049033,-73.96617712049033
1895.3300531435013,-73.96489549690756,-73.96489549690756
1895.3400531435013,-73.96354104902495,-73.96354104902495
1895.3500531435013,-73.9621142771728,-73.9621142771728
1895.3600531435013,-73.96061573142629,-73.96061573142629
1895.3700531435013,-73.95904600761708,-73.95904600761708
1895.3800531435013,-73.95740574376359,-73.95740574376359
1895.3900531435013,-73.95569561681738,-73.95569561681738
1895.4000531435013,-73.95391633963345,-73.95391633963345
1895.4100531435013,-73.95206865818818,-73.95206865818818
1895.4200531435013,-73.95015334891495,-73.95015334891495
1895.4300531435013,-73.94817121623144,-73.94817121623144
1895.4400531435012,-73.9461230901835,-73.9461230901835
1895.4500531435012,-73.94400982422397,-73.94400982422397
1895.4600531435012,-73.94183229309489,-73.94183229309489
1895.4700531435012,-73.93959139082385,-73.93959139082385
1895.4800531435012,-73.9372880288403,-73.9372880288403
1895.4900531435012,-73.93492313416465,-73.93492313416465
1895.5000531673431,-73.93249764192053,-73.93249764192053
1895.5100531673431,-73.93001251666466,-73.93001251666466
1895.5200531673431,-73.92746871675487,-73.92746871675487
1895.530053167343,-73.9248672153979,-73.9248672153979
1895.540053167343,-73.92220899375782,-73.92220899375782
1895.550053167343,-73.91949503965121,-73.91949503965121
1895.560053167343,-73.91672634631507,-73.91672634631507
1895.570053167343,-73.91390391128836,-73.91390391128836
1895.580053167343,-73.91102873531914,-73.91102873531914
1895.590053167343,-73.90810182134928,-73.90810182134928
1895.600053167343,-73.90512417358373,-73.90512417358373
1895.610053167343,-73.90209679655155,-73.90209679655155
1895.620053167343,-73.89902069431709,-73.89902069431709
1895.6300531673432,-73.89589686967011,-73.89589686967011
1895.6400531673432,-73.89272632340251,-73.89272632340251
1895.6500531673432,-73.88951005359732,-73.88951005359732
1895.6600531673432,-73.88624905501867,-73.88624905501867
1895.6700531673432,-73.8829443185042,-73.8829443185042
1895.6800531673432,-73.87959683038261,-73.87959683038261
1895.6900531673432,-73.87620757200038,-73.87620757200038
1895.7000531673432,-73.87277751921498,-73.87277751921498
1895.7100531673432,-73.86930120798394,-73.86930120798394
1895.7200531673432,-73.8657767932724,-73.8657767932724
1895.7300531673432,-73.8622038717531,-73.8622038717531
1895.7400531673431,-73.85858270320564,-73.85858270320564
1895.7500531673431,-73.85491391323487,-73.85491391323487
1895.7600531673431,-73.85119833884835,-73.85119833884835
1895.7700531673431,-73.84743693774821,-73.84743693774821
1895.780053167343,-73.84363073374334,-73.84363073374334
1895.790053167343,-73.83978078388009,-73.83978078388009
1895.800053167343,-73.83588815859737,-73.83588815859737
1895.810053167343,-73.83195392986417,-73.83195392986417
1895.820053167343,-73.82797916416344,-73.82797916416344
1895.830053167343,-73.82396491838222,-73.82396491838222
1895.840053167343,-73.8199122375615,-73.8199122375615
1895.850053167343,-73.81582215368547,-73.81582215368547
1895.860053167343,-73.81169568515317,-73.81169568515317
1895.870053167343,-73.8075338366329,-73.8075338366329
1895.8800531673432,-73.80333759913657,-73.80333759913657
1895.8900531673432,-73.79910795021496,-73.79910795021496
1895.9000531673432,-73.79484585417063,-73.79484585417063
1895.9100531673432,-73.79055226236828,-73.79055226236828
1895.9200531673432,-73.78622811343995,-73.78622811343995
1895.9300531673432,-73.78187433355542,-73.78187433355542
1895.9400531673432,-73.7774918366633,-73.7774918366633
1895.9500531673432,-73.77308152464799,-73.77308152464799
1895.9600531673432,-73.76864428754602,-73.76864428754602
1895.9700531673432,-73.76418100369314,-73.76418100369314
1895.9800531673432,-73.75969253988244,-73.75969253988244
1895.9900531673431,-73.75517975147038,-73.75517975147038
1896.0000531673431,-73.75064348252378,-73.75064348252378
1896.0100531673431,-73.74608456591031,-73.74608456591031
1896.0200531673431,-73.74150382339926,-73.74150382339926
1896.030053167343,-73.73690206574986,-73.73690206574986
1896.040053167343,-73.73228009281581,-73.73228009281581
1896.050053167343,-73.72763869360016,-73.72763869360016
1896.060053167343,-73.72297864634302,-73.72297864634302
1896.070053167343,-73.71830071863168,-73.71830071863168
1896.080053167343,-73.71360566742484,-73.71360566742484
1896.090053167343,-73.70889423915264,-73.70889423915264
1896.100053167343,-73.70416716979052,-73.70416716979052
1896.110053167343,-73.69942518493022,-73.69942518493022
1896.120053167343,-73.69466899985774,-73.69466899985774
1896.1300531673432,-73.68989931961761,-73.68989931961761
1896.1400531673432,-73.68511683910168,-73.68511683910168
1896.1500531673432,-73.6803222431149,-73.6803222431149
1896.1600531673432,-73.67551620646,-73.67551620646
1896.1700531673432,-73.6706993940129,-73.6706993940129
1896.1800531673432,-73.66587246080815,-73.66587246080815
1896.1900531673432,-73.66103605209955,-73.66103605209955
1896.2000531673432,-73.65619080347281,-73.65619080347281
1896.2100531673432,-73.6513373409086,-73.6513373409086
1896.2200531673432,-73.64647628086546,-73.64647628086546
1896.2300531673432,-73.64160823036647,-73.64160823036647
1896.2400531673431,-73.63673378710587,-73.63673378710587
1896.2500531673431,-73.63185353950658,-73.63185353950658
1896.2600531673431,-73.62696806681535,-73.62696806681535
1896.2700531673431,-73.62207793920977,-73.62207793920977
1896.280053167343,-73.61718371786873,-73.61718371786873
1896.290053167343,-73.61228595506309,-73.61228595506309
1896.300053167343,-73.6073851942697,-73.6073851942697
1896.310053167343,-73.60248197022614,-73.60248197022614
1896.320053167343,-73.5975768090594,-73.5975768090594
1896.330053167343,-73.5926702283419,-73.5926702283419
1896.340053167343,-73.58776273721531,-73.58776273721531
1896.350053191185,-73.5828548247756,-73.5828548247756
1896.360053191185,-73.57794700693316,-73.57794700693316
1896.370053191185,-73.5730397563734,-73.5730397563734
1896.380053191185,-73.5681335493867,-73.5681335493867
1896.390053191185,-73.5632288542923,-73.5632288542923
1896.400053191185,-73.55832613153402,-73.55832613153402
1896.410053191185,-73.55342583374919,-73.55342583374919
1896.420053191185,-73.54852840588595,-73.54852840588595
1896.430053191185,-73.54363428529321,-73.54363428529321
1896.440053191185,-73.53874390180157,-73.53874390180157
1896.450053191185,-73.5338576778256,-73.5338576778256
1896.460053191185,-73.52897602846055,-73.52897602846055
1896.470053191185,-73.5240993615632,-73.5240993615632
1896.480053191185,-73.51922807783973,-73.51922807783973
1896.490053191185,-73.51436257096184,-73.51436257096184
1896.500053191185,-73.50950322763394,-73.50950322763394
1896.510053191185,-73.50465042767834,-73.50465042767834
1896.520053191185,-73.49980454415751,-73.49980454415751
1896.530053191185,-73.49496594343539,-73.49496594343539
1896.540053191185,-73.49013498527113,-73.49013498527113
1896.550053191185,-73.48531202290778,-73.48531202290778
1896.560053191185,-73.4804974031779,-73.4804974031779
1896.570053191185,-73.47569146655655,-73.47569146655655
1896.580053191185,-73.4708945472797,-73.4708945472797
1896.590053191185,-73.46610697339815,-73.46610697339815
1896.600053191185,-73.46132906689695,-73.46132906689695
1896.610053191185,-73.45656114376571,-73.45656114376571
1896.620053191185,-73.45180351406009,-73.45180351406009
1896.630053191185,-73.44705648202574,-73.44705648202574
1896.640053191185,-73.44232034613498,-73.44232034613498
1896.650053191185,-73.4375953992157,-73.4375953992157
1896.660053191185,-73.43288192848757,-73.43288192848757
1896.670053191185,-73.42818021566399,-73.42818021566399
1896.680053191185,-73.42349053703728,-73.42349053703728
1896.690053191185,-73.41881316353764,-73.41881316353764
1896.700053191185,-73.4141483608333,-73.4141483608333
1896.710053191185,-73.40948999681001,-73.40948999681001
1896.720053191185,-73.40483553919316,-73.40483553919316
1896.730053191185,-73.40018389098167,-73.40018389098167
1896.740053191185,-73.39553461658922,-73.39553461658922
1896.750053191185,-73.39088764658206,-73.39088764658206
1896.760053191185,-73.38624312435222,-73.38624312435222
1896.770053191185,-73.3816013161549,-73.3816013161549
1896.780053191185,-73.37696255710055,-73.37696255710055
1896.790053191185,-73.37232721868374,-73.37232721868374
1896.800053191185,-73.36769568932243,-73.36769568932243
1896.810053191185,-73.36306836283114,-73.36306836283114
1896.820053191185,-73.35844563166134,-73.35844563166134
1896.830053191185,-73.3538278830685,-73.3538278830685
1896.840053191185,-73.34921549709031,-73.34921549709031
1896.850053191185,-73.34460884555311,-73.34460884555311
1896.860053191185,-73.34000829174379,-73.34000829174379
1896.870053191185,-73.33541419043576,-73.33541419043576
1896.880053191185,-73.33082688813937,-73.33082688813937
1896.890053191185,-73.3262467234176,-73.3262467234176
1896.900053191185,-73.3216740272782,-73.3216740272782
1896.910053191185,-73.3171091235711,-73.3171091235711
1896.920053191185,-73.31255232932666,-73.31255232932666
1896.930053191185,-73.30800395511625,-73.30800395511625
1896.940053191185,-73.3034643053567,-73.3034643053567
1896.950053191185,-73.29893367859863,-73.29893367859863
1896.960053191185,-73.29441236776869,-73.29441236776869
1896.970053191185,-73.28990066039113,-73.28990066039113
1896.980053191185,-73.28539883879972,-73.28539883879972
1896.990053191185,-73.28090718028389,-73.28090718028389
1897.000053191185,-73.27642595726054,-73.27642595726054
1897.010053191185,-73.2719554374152,-73.2719554374152
1897.020053191185,-73.26749588381183,-73.26749588381183
1897.030053191185,-73.26304755500664,-73.26304755500664
1897.040053191185,-73.2586107051493,-73.2586107051493
1897.050053191185,-73.25418558404763,-73.25418558404763
1897.060053191185,-73.24977243728887,-73.24977243728887
1897.070053191185,-73.24537150626172,-73.24537150626172
1897.080053191185,-73.2409830282622,-73.2409830282622
1897.090053191185,-73.23660723654244,-73.23660723654244
1897.100053191185,-73.23224436037395,-73.23224436037395
1897.110053191185,-73.22789462507332,-73.22789462507332
1897.120053191185,-73.22355825207546,-73.22355825207546
1897.130053191185,-73.21923545900174,-73.21923545900174
1897.140053191185,-73.21492645965363,-73.21492645965363
1897.150053191185,-73.21063146410104,-73.21063146410104
1897.160053191185,-73.20635067871231,-73.20635067871231
1897.170053191185,-73.20208430616614,-73.20208430616614
1897.180053191185,-73.19783254553786,-73.19783254553786
1897.190053191185,-73.1935955923129,-73.1935955923129
1897.2000532150269,-73.18937362835845,-73.18937362835845
1897.2100532150268,-73.18516048902262,-73.18516048902262
1897.2200532150268,-73.18095357001103,-73.18095357001103
1897.2300532150268,-73.17675170965163,-73.17675170965163
1897.2400532150268,-73.17255440728911,-73.17255440728911
1897.2500532150268,-73.16836152888736,-73.16836152888736
1897.2600532150268,-73.16417315406169,-73.16417315406169
1897.2700532150268,-73.15998948637545,-73.15998948637545
1897.2800532150268,-73.15581079941032,-73.15581079941032
1897.2900532150268,-73.15163740437067,-73.15163740437067
1897.3000532150268,-73.14746963066409,-73.14746963066409
1897.3100532150268,-73.14330781431167,-73.14330781431167
1897.3200532150267,-73.139152291242,-73.139152291242
1897.330053215027,-73.13500339341736,-73.13500339341736
1897.340053215027,-73.13086144674867,-73.13086144674867
1897.350053215027,-73.12672677014805,-73.12672677014805
1897.360053215027,-73.12259967512567,-73.12259967512567
1897.370053215027,-73.11848046579996,-73.11848046579996
1897.380053215027,-73.11436943912324,-73.11436943912324
1897.390053215027,-73.11026688518031,-73.11026688518031
1897.400053215027,-73.10617308754321,-73.10617308754321
1897.410053215027,-73.10208832363132,-73.10208832363132
1897.4200532150269,-73.09801286506733,-73.09801286506733
1897.4300532150269,-73.09394697796094,-73.09394697796094
1897.4400532150269,-73.08989092323111,-73.08989092323111
1897.4500532150269,-73.08584495684401,-73.08584495684401
1897.4600532150268,-73.08180933005575,-73.08180933005575
1897.4700532150268,-73.07778428959158,-73.07778428959158
1897.4800532150268,-73.07377007785115,-73.07377007785115
1897.4900532150268,-73.0697669330273,-73.0697669330273
1897.5000532150268,-73.06577508926664,-73.06577508926664
1897.5100532150268,-73.06179477677277,-73.06179477677277
1897.5200532150268,-73.05782622192085,-73.05782622192085
1897.5300532150268,-73.05386964732837,-73.05386964732837
1897.5400532150268,-73.04992527194908,-73.04992527194908
1897.5500532150268,-73.04599331113688,-73.04599331113688
1897.5600532150268,-73.04207397671402,-73.04207397671402
1897.5700532150267,-73.03816747701998,-73.03816747701998
1897.580053215027,-73.03427401697235,-73.03427401697235
1897.590053215027,-73.03039379808868,-73.03039379808868
1897.600053215027,-73.02652701857124,-73.02652701857124
1897.610053215027,-73.02267387329312,-73.02267387329312
1897.620053215027,-73.01883455387068,-73.01883455387068
1897.630053215027,-73.01500924868454,-73.01500924868454
1897.640053215027,-73.01119814290591,-73.01119814290591
1897.650053215027,-73.00740141854807,-73.00740141854807
1897.660053215027,-73.00361925446468,-73.00361925446468
1897.6700532150269,-72.99985182640502,-72.99985182640502
1897.6800532150269,-72.99609930702857,-72.99609930702857
1897.6900532150269,-72.99236186592462,-72.99236186592462
1897.7000532150269,-72.9886396696586,-72.9886396696586
1897.7100532150268,-72.98493288177522,-72.98493288177522
1897.7200532150268,-72.98124166283891,-72.98124166283891
1897.7300532150268,-72.97756617046143,-72.97756617046143
1897.7400532150268,-72.9739065593056,-72.9739065593056
1897.7500532150268,-72.97026298115374,-72.97026298115374
1897.7600532150268,-72.96663558487026,-72.96663558487026
1897.7700532150268,-72.96302451648918,-72.96302451648918
1897.7800532150268,-72.95942991919587,-72.95942991919587
1897.7900532150268,-72.9558519333752,-72.9558519333752
1897.8000532150268,-72.95229069662652,-72.95229069662652
1897.8100532150268,-72.94874634380979,-72.94874634380979
1897.8200532150267,-72.94521900702918,-72.94521900702918
1897.830053215027,-72.94170881570639,-72.94170881570639
1897.840053215027,-72.9382158965718,-72.9382158965718
1897.850053215027,-72.93474037371773,-72.93474037371773
1897.860053215027,-72.93128236859425,-72.93128236859425
1897.870053215027,-72.92784200006037,-72.92784200006037
1897.880053215027,-72.92441938440724,-72.92441938440724
1897.890053215027,-72.9210146353742,-72.9210146353742
1897.900053215027,-72.91762786417388,-72.91762786417388
1897.910053215027,-72.91425917954147,-72.91425917954147
1897.9200532150269,-72.91090868773155,-72.91090868773155
1897.9300532150269,-72.90757649256588,-72.90757649256588
1897.9400532150269,-72.90426269544905,-72.90426269544905
1897.9500532150269,-72.90096739540661,-72.90096739540661
1897.9600532150268,-72.89769068910165,-72.89769068910165
1897.9700532150268,-72.89443267085848,-72.89443267085848
1897.9800532150268,-72.89119343270592,-72.89119343270592
1897.9900532150268,-72.88797306437958,-72.88797306437958
1898.0000532150268,-72.88477165337777,-72.88477165337777
1898.0100532150268,-72.88158928496568,-72.88158928496568
1898.0200532150268,-72.87842604221375,-72.87842604221375
1898.0300532150268,-72.87528200600835,-72.87528200600835
1898.0400532150268,-72.87215725510595,-72.87215725510595
1898.0500532388687,-72.869051858738,-72.869051858738
1898.0600532388687,-72.86596590628318,-72.86596590628318
1898.0700532388687,-72.8628994627444,-72.8628994627444
1898.0800532388687,-72.85985259856044,-72.85985259856044
1898.0900532388687,-72.85682538214344,-72.85682538214344
1898.1000532388687,-72.85381787990656,-72.85381787990656
1898.1100532388687,-72.850830156308,-72.850830156308
1898.1200532388686,-72.84786227387225,-72.84786227387225
1898.1300532388686,-72.84491429320124,-72.84491429320124
1898.1400532388686,-72.84198627301376,-72.84198627301376
1898.1500532388686,-72.83907827015683,-72.83907827015683
1898.1600532388686,-72.83619033964573,-72.83619033964573
1898.1700532388686,-72.83332253468753,-72.83332253468753
1898.1800532388688,-72.83047490669247,-72.83047490669247
1898.1900532388688,-72.8276475053115,-72.8276475053115
1898.2000532388688,-72.82484037845263,-72.82484037845263
1898.2100532388688,-72.8220472294381,-72.8220472294381
1898.2200532388688,-72.81926533543088,-72.81926533543088
1898.2300532388688,-72.81649340061983,-72.81649340061983
1898.2400532388688,-72.81373078865606,-72.81373078865606
1898.2500532388688,-72.81097722972514,-72.81097722972514
1898.2600532388687,-72.80823266835128,-72.80823266835128
1898.2700532388687,-72.8054971741299,-72.8054971741299
1898.2800532388687,-72.80277088806108,-72.80277088806108
1898.2900532388687,-72.80005399029953,-72.80005399029953
1898.3000532388687,-72.79734668080555,-72.79734668080555
1898.3100532388687,-72.79464916783814,-72.79464916783814
1898.3200532388687,-72.79196166122512,-72.79196166122512
1898.3300532388687,-72.78928436852719,-72.78928436852719
1898.3400532388687,-72.78661749295678,-72.78661749295678
1898.3500532388687,-72.78396123236769,-72.78396123236769
1898.3600532388687,-72.78131577890873,-72.78131577890873
1898.3700532388686,-72.77868131897873,-72.77868131897873
1898.3800532388686,-72.7760580334612,-72.7760580334612
1898.3900532388686,-72.77344609797287,-72.77344609797287
1898.4000532388686,-72.77084568325503,-72.77084568325503
1898.4100532388686,-72.76825695547375,-72.76825695547375
1898.4200532388686,-72.76568007655834,-72.76568007655834
1898.4300532388688,-72.76311520451698,-72.76311520451698
1898.4400532388688,-72.76056249370622,-72.76056249370622
1898.4500532388688,-72.75802209504593,-72.75802209504593
1898.4600532388688,-72.75549415627475,-72.75549415627475
1898.4700532388688,-72.7529788221016,-72.7529788221016
1898.4800532388688,-72.75047623438267,-72.75047623438267
1898.4900532388688,-72.74798653225038,-72.74798653225038
1898.5000532388688,-72.74550985223689,-72.74550985223689
1898.5100532388687,-72.743046328377,-72.743046328377
1898.5200532388687,-72.740596092286,-72.740596092286
1898.5300532388687,-72.73815927325873,-72.73815927325873
1898.5400532388687,-72.73573599830436,-72.73573599830436
1898.5500532388687,-72.73332639220695,-72.73332639220695
1898.5600532388687,-72.73093057760441,-72.73093057760441
1898.5700532388687,-72.7285486749872,-72.7285486749872
1898.5800532388687,-72.72618080274538,-72.72618080274538
1898.5900532388687,-72.72382707722433,-72.72382707722433
1898.6000532388687,-72.72148761272238,-72.72148761272238
1898.6100532388687,-72.71916252152485,-72.71916252152485
1898.6200532388686,-72.7168519139348,-72.7168519139348
1898.6300532388686,-72.7145558982619,-72.7145558982619
1898.6400532388686,-72.71227458087964,-72.71227458087964
1898.6500532388686,-72.71000806621312,-72.71000806621312
1898.6600532388686,-72.70775645676407,-72.70775645676407
1898.6700532388686,-72.70551985311971,-72.70551985311971
1898.6800532388688,-72.70329835396319,-72.70329835396319
1898.6900532388688,-72.70109205609097,-72.70109205609097
1898.7000532388688,-72.69890105443946,-72.69890105443946
1898.7100532388688,-72.69672544205402,-72.69672544205402
1898.7200532388688,-72.69456531014531,-72.69456531014531
1898.7300532388688,-72.69242074807717,-72.69242074807717
1898.7400532388688,-72.69029184338939,-72.69029184338939
1898.7500532388688,-72.68817868178827,-72.68817868178827
1898.7600532388687,-72.68608134719155,-72.68608134719155
1898.7700532388687,-72.68399992170718,-72.68399992170718
1898.7800532388687,-72.68193448565523,-72.68193448565523
1898.7900532388687,-72.67988511759972,-72.67988511759972
1898.8000532388687,-72.6778518943356,-72.6778518943356
1898.8100532388687,-72.67583489090158,-72.67583489090158
1898.8200532388687,-72.67383418061414,-72.67383418061414
1898.8300532388687,-72.67184983506549,-72.67184983506549
1898.8400532388687,-72.66988192412994,-72.66988192412994
1898.8500532388687,-72.66793051598283,-72.66793051598283
1898.8600532388687,-72.66599567713126,-72.66599567713126
1898.8700532388686,-72.66407747240734,-72.66407747240734
1898.8800532388686,-72.66217596497262,-72.66217596497262
1898.8900532388686,-72.66029121636419,-72.66029121636419
1898.9000532627106,-72.65842328204323,-72.65842328204323
1898.9100532627106,-72.6565722292394,-72.6565722292394
1898.9200532627106,-72.65473811013655,-72.65473811013655
1898.9300532627105,-72.65292097985254,-72.65292097985254
1898.9400532627105,-72.65112089192924,-72.65112089192924
1898.9500532627105,-72.6493378983486,-72.6493378983486
1898.9600532627105,-72.64757204956494,-72.64757204956494
1898.9700532627105,-72.64582339449827,-72.64582339449827
1898.9800532627105,-72.64409198055814,-72.64409198055814
1898.9900532627105,-72.64237785366767,-72.64237785366767
1899.0000532627105,-72.64068105828211,-72.64068105828211
1899.0100532627105,-72.6390016373834,-72.6390016373834
1899.0200532627105,-72.63733963251036,-72.63733963251036
1899.0300532627107,-72.63569508377206,-72.63569508377206
1899.0400532627107,-72.63406802986297,-72.63406802986297
1899.0500532627107,-72.63245850808916,-72.63245850808916
1899.0600532627107,-72.63086655436247,-72.63086655436247
1899.0700532627106,-72.62929220323184,-72.62929220323184
1899.0800532627106,-72.62773548790646,-72.62773548790646
1899.0900532627106,-72.62619644024115,-72.62619644024115
1899.1000532627106,-72.62467509079192,-72.62467509079192
1899.1100532627106,-72.62317146880197,-72.62317146880197
1899.1200532627106,-72.62168560223404,-72.62168560223404
1899.1300532627106,-72.62021751777502,-72.62021751777502
1899.1400532627106,-72.61876724086406,-72.61876724086406
1899.1500532627106,-72.61733479569325,-72.61733479569325
1899.1600532627106,-72.61592020524282,-72.61592020524282
1899.1700532627106,-72.61452349126763,-72.61452349126763
1899.1800532627105,-72.6131446743566,-72.6131446743566
1899.1900532627105,-72.61178377389697,-72.61178377389697
1899.2000532627105,-72.61044080812925,-72.61044080812925
1899.2100532627105,-72.60911579415253,-72.60911579415253
1899.2200532627105,-72.60780874792452,-72.60780874792452
1899.2300532627105,-72.60651968428499,-72.60651968428499
1899.2400532627105,-72.60524861699852,-72.60524861699852
1899.2500532627105,-72.60399555872416,-72.60399555872416
1899.2600532627105,-72.60276052106173,-72.60276052106173
1899.2700532627105,-72.60154351454561,-72.60154351454561
1899.2800532627107,-72.60034454868816,-72.60034454868816
1899.2900532627107,-72.59916363195681,-72.59916363195681
1899.3000532627107,-72.59800077181795,-72.59800077181795
1899.3100532627107,-72.59685597475506,-72.59685597475506
1899.3200532627106,-72.59572924624514,-72.59572924624514
1899.3300532627106,-72.59462059081662,-72.59462059081662
1899.3400532627106,-72.59353001203667,-72.59353001203667
1899.3500532627106,-72.59245751253655,-72.59245751253655
1899.3600532627106,-72.59140309401509,-72.59140309401509
1899.3700532627106,-72.5903667572715,-72.5903667572715
1899.3800532627106,-72.5893485022005,-72.5893485022005
1899.3900532627106,-72.58834832781532,-72.58834832781532
1899.4000532627106,-72.5873662322477,-72.5873662322477
1899.4100532627106,-72.58640221278272,-72.58640221278272
1899.4200532627106,-72.58545626586138,-72.58545626586138
1899.4300532627105,-72.58452838708334,-72.58452838708334
1899.4400532627105,-72.58361857123279,-72.58361857123279
1899.4500532627105,-72.58272681228864,-72.58272681228864
1899.4600532627105,-72.58185310344709,-72.58185310344709
1899.4700532627105,-72.58099743710427,-72.58099743710427
1899.4800532627105,-72.58015980489304,-72.58015980489304
1899.4900532627105,-72.5793401976926,-72.5793401976926
1899.5000532627105,-72.57853860564234,-72.57853860564234
1899.5100532627105,-72.57775501814271,-72.57775501814271
1899.5200532627105,-72.5769894238751,-72.5769894238751
1899.5300532627107,-72.5762418108034,-72.5762418108034
1899.5400532627107,-72.57551216620178,-72.57551216620178
1899.5500532627107,-72.57480047665949,-72.57480047665949
1899.5600532627107,-72.57410672809158,-72.57410672809158
1899.5700532627106,-72.57343090573534,-72.57343090573534
1899.5800532627106,-72.57277299419125,-72.57277299419125
1899.5900532627106,-72.57213297740164,-72.57213297740164
1899.6000532627106,-72.57151083869427,-72.57151083869427
1899.6100532627106,-72.57090656076558,-72.57090656076558
1899.6200532627106,-72.57032012569266,-72.57032012569266
1899.6300532627106,-72.56975151497947,-72.56975151497947
1899.6400532627106,-72.56920070951429,-72.56920070951429
1899.6500532627106,-72.56866768961348,-72.56866768961348
1899.6600532627106,-72.56815243502467,-72.56815243502467
1899.6700532627106,-72.56765492493263,-72.56765492493263
1899.6800532627105,-72.56717513797857,-72.56717513797857
1899.6900532627105,-72.56671305226054,-72.56671305226054
1899.7000532627105,-72.56626864532751,-72.56626864532751
1899.7100532627105,-72.56584189423502,-72.56584189423502
1899.7200532627105,-72.56543277551184,-72.56543277551184
1899.7300532627105,-72.56504126517846,-72.56504126517846
1899.7400532627105,-72.56466733875762,-72.56466733875762
1899.7500532865524,-72.56431097046043,-72.56431097046043
1899.7600532865524,-72.56397213659514,-72.56397213659514
1899.7700532865524,-72.56365081035206,-72.56365081035206
1899.7800532865524,-72.56334696536776,-72.56334696536776
1899.7900532865524,-72.56306057482959,-72.56306057482959
1899.8000532865524,-72.5627916114837,-72.5627916114837
1899.8100532865524,-72.56254004763986,-72.56254004763986
1899.8200532865524,-72.5623058551733,-72.5623058551733
1899.8300532865524,-72.56208900554554,-72.56208900554554
1899.8400532865523,-72.56188946981115,-72.56188946981115
1899.8500532865523,-72.5617072186111,-72.5617072186111
1899.8600532865523,-72.56154222219094,-72.56154222219094
1899.8700532865523,-72.5613944504125,-72.5613944504125
1899.8800532865525,-72.5612638727606,-72.5612638727606
1899.8900532865525,-72.56115045833826,-72.56115045833826
1899.9000532865525,-72.56105417588535,-72.56105417588535
1899.9100532865525,-72.56097499377374,-72.56097499377374
1899.9200532865525,-72.56091288003367,-72.56091288003367
1899.9300532865525,-72.56086780235513,-72.56086780235513
1899.9400532865525,-72.56083972807649,-72.56083972807649
1899.9500532865525,-72.56082862420013,-72.56082862420013
1899.9600532865525,-72.56082813265611,-72.56082813265611
1899.9700532865525,-72.56083545560868,-72.56083545560868
1899.9800532865524,-72.56084921791327,-72.56084921791327
1899.9900532865524,-72.56086870272667,-72.56086870272667
1900.0000532865524,-72.56089355978806,-72.56089355978806
1900.0100532865524,-72.5609236538422,-72.5609236538422
1900.0200532865524,-72.56095897575328,-72.56095897575328
1900.0300532865524,-72.56099958910958,-72.56099958910958
1900.0400532865524,-72.56104559808477,-72.56104559808477
1900.0500532865524,-72.56109712814293,-72.56109712814293
1900.0600532865524,-72.56115431461293,-72.56115431461293
1900.0700532865524,-72.5612172958927,-72.5612172958927
1900.0800532865524,-72.56128620965744,-72.56128620965744
1900.0900532865523,-72.56136119073317,-72.56136119073317
1900.1000532865523,-72.56144237007018,-72.56144237007018
1900.1100532865523,-72.56152987433704,-72.56152987433704
1900.1200532865523,-72.56162382588691,-72.56162382588691
1900.1300532865525,-72.5617243429224,-72.5617243429224
1900.1400532865525,-72.56183153975634,-72.56183153975634
1900.1500532865525,-72.56194552711852,-72.56194552711852
1900.1600532865525,-72.56206641248366,-72.56206641248366
1900.1700532865525,-72.56219430034841,-72.56219430034841
1900.1800532865525,-72.56232929253162,-72.56232929253162
1900.1900532865525,-72.56247148840468,-72.56247148840468
1900.2000532865525,-72.56262098511391,-72.56262098511391
1900.2100532865525,-72.56277787777299,-72.56277787777299
1900.2200532865525,-72.56294225963404,-72.56294225963404
1900.2300532865524,-72.5631142221996,-72.5631142221996
1900.2400532865524,-72.56329385536223,-72.56329385536223
1900.2500532865524,-72.56348124750618,-72.56348124750618
1900.2600532865524,-72.56367648556439,-72.56367648556439
1900.2700532865524,-72.56387965513285,-72.56387965513285
1900.2800532865524,-72.56409084047016,-72.56409084047016
1900.2900532865524,-72.564310124587,-72.564310124587
1900.3000532865524,-72.56453758927049,-72.56453758927049
1900.3100532865524,-72.56477331511441,-72.56477331511441
1900.3200532865524,-72.56501738153949,-72.56501738153949
1900.3300532865524,-72.56526986682046,-72.56526986682046
1900.3400532865523,-72.5655308480973,-72.5655308480973
1900.3500532865523,-72.5658004013902,-72.5658004013902
1900.3600532865523,-72.56607860160393,-72.56607860160393
1900.3700532865523,-72.56636552254108,-72.56636552254108
1900.3800532865525,-72.56666123688603,-72.56666123688603
1900.3900532865525,-72.56696581623787,-72.56696581623787
1900.4000532865525,-72.56727933109872,-72.56727933109872
1900.4100532865525,-72.56760185087332,-72.56760185087332
1900.4200532865525,-72.56793344386195,-72.56793344386195
1900.4300532865525,-72.56827417726765,-72.56827417726765
1900.4400532865525,-72.56862411721502,-72.56862411721502
1900.4500532865525,-72.56898332871546,-72.56898332871546
1900.4600532865525,-72.56935187566555,-72.56935187566555
1900.4700532865525,-72.56972982088567,-72.56972982088567
1900.4800532865524,-72.57011722609082,-72.57011722609082
1900.4900532865524,-72.57051415189667,-72.57051415189667
1900.5000532865524,-72.5709206578052,-72.5709206578052
1900.5100532865524,-72.57133680222474,-72.57133680222474
1900.5200532865524,-72.57176264246172,-72.57176264246172
1900.5300532865524,-72.57219823472043,-72.57219823472043
1900.5400532865524,-72.57264363410312,-72.57264363410312
1900.5500532865524,-72.57309889461733,-72.57309889461733
1900.5600532865524,-72.57356406917488,-72.57356406917488
1900.5700532865524,-72.57403920958441,-72.57403920958441
1900.5800532865524,-72.57452436656305,-72.57452436656305
1900.5900532865523,-72.57501958974595,-72.57501958974595
1900.6000533103943,-72.57552492888203,-72.57552492888203
1900.6100533103943,-72.57604042905125,-72.57604042905125
1900.6200533103943,-72.57656613780684,-72.57656613780684
1900.6300533103943,-72.57710210045073,-72.57710210045073
1900.6400533103943,-72.57764836122509,-72.57764836122509
1900.6500533103942,-72.5782049632913,-72.5782049632913
1900.6600533103942,-72.57877194877054,-72.57877194877054
1900.6700533103942,-72.57934935870625,-72.57934935870625
1900.6800533103942,-72.57993723312146,-72.57993723312146
1900.6900533103942,-72.58053561096553,-72.58053561096553
1900.7000533103942,-72.58114453016722,-72.58114453016722
1900.7100533103942,-72.58176402762604,-72.58176402762604
1900.7200533103942,-72.58239413921594,-72.58239413921594
1900.7300533103944,-72.58303489980005,-72.58303489980005
1900.7400533103944,-72.58368634322963,-72.58368634322963
1900.7500533103944,-72.58434850235868,-72.58434850235868
1900.7600533103944,-72.58502140904932,-72.58502140904932
1900.7700533103944,-72.58570509417633,-72.58570509417633
1900.7800533103944,-72.58639958763406,-72.58639958763406
1900.7900533103943,-72.58710491836351,-72.58710491836351
1900.8000533103943,-72.58782111432774,-72.58782111432774
1900.8100533103943,-72.58854820255719,-72.58854820255719
1900.8200533103943,-72.5892862091266,-72.5892862091266
1900.8300533103943,-72.59003515919768,-72.59003515919768
1900.8400533103943,-72.59079507698652,-72.59079507698652
1900.8500533103943,-72.59156598580172,-72.59156598580172
1900.8600533103943,-72.59234790805084,-72.59234790805084
1900.8700533103943,-72.59314086525431,-72.59314086525431
1900.8800533103943,-72.59394487802574,-72.59394487802574
1900.8900533103943,-72.59475996611032,-72.59475996611032
1900.9000533103942,-72.59558614839833,-72.59558614839833
1900.9100533103942,-72.59642344290164,-72.59642344290164
1900.9200533103942,-72.59727186680023,-72.59727186680023
1900.9300533103942,-72.59813143642337,-72.59813143642337
1900.9400533103942,-72.59900216727902,-72.59900216727902
1900.9500533103942,-72.59988407405767,-72.59988407405767
1900.9600533103942,-72.60077717063814,-72.60077717063814
1900.9700533103942,-72.60168147010174,-72.60168147010174
1900.9800533103944,-72.60259698472491,-72.60259698472491
1900.9900533103944,-72.6035237260229,-72.6035237260229
1901.0000533103944,-72.60446170474457,-72.60446170474457
1901.0100533103944,-72.60541093086198,-72.60541093086198
1901.0200533103944,-72.60637141359823,-72.60637141359823
1901.0300533103944,-72.607343161449,-72.607343161449
1901.0400533103943,-72.60832618215903,-72.60832618215903
1901.0500533103943,-72.60932048276439,-72.60932048276439
1901.0600533103943,-72.6103260695869,-72.6103260695869
1901.0700533103943,-72.61134294824608,-72.61134294824608
1901.0800533103943,-72.61237112365971,-72.61237112365971
1901.0900533103943,-72.6134106000833,-72.6134106000833
1901.1000533103943,-72.61446138107016,-72.61446138107016
1901.1100533103943,-72.61552346952905,-72.61552346952905
1901.1200533103943,-72.61659686771218,-72.61659686771218
1901.1300533103943,-72.61768157720894,-72.61768157720894
1901.1400533103943,-72.61877759899178,-72.61877759899178
1901.1500533103942,-72.61988493339146,-72.61988493339146
1901.1600533103942,-72.62100358012866,-72.62100358012866
1901.1700533103942,-72.62213353830523,-72.62213353830523
1901.1800533103942,-72.62327480643785,-72.62327480643785
1901.1900533103942,-72.62442738243008,-72.62442738243008
1901.2000533103942,-72.62559126362325,-72.62559126362325
1901.2100533103942,-72.6267664467719,-72.6267664467719
1901.2200533103942,-72.62795292806665,-72.62795292806665
1901.2300533103944,-72.62915070314048,-72.62915070314048
1901.2400533103944,-72.63035976708458,-72.63035976708458
1901.2500533103944,-72.63158011445039,-72.63158011445039
1901.2600533103944,-72.63281173924082,-72.63281173924082
1901.2700533103944,-72.63405463495994,-72.63405463495994
1901.2800533103944,-72.6353087945741,-72.6353087945741
1901.2900533103943,-72.63657421056067,-72.63657421056067
1901.3000533103943,-72.63785087488412,-72.63785087488412
1901.3100533103943,-72.63913877903914,-72.63913877903914
1901.3200533103943,-72.64043791400536,-72.64043791400536
1901.3300533103943,-72.64174827032075,-72.64174827032075
1901.3400533103943,-72.64306983802562,-72.64306983802562
1901.3500533103943,-72.64440260672428,-72.64440260672428
1901.3600533103943,-72.64574656555948,-72.64574656555948
1901.3700533103943,-72.6471017032255,-72.6471017032255
1901.3800533103943,-72.64846800798658,-72.64846800798658
1901.3900533103943,-72.64984546766847,-72.64984546766847
1901.4000533103942,-72.65123406968586,-72.65123406968586
1901.4100533103942,-72.652633801026,-72.652633801026
1901.4200533103942,-72.65404464828372,-72.65404464828372
1901.4300533103942,-72.6554665976356,-72.6554665976356
1901.4400533103942,-72.6568996348641,-72.6568996348641
1901.4500533342361,-72.65834374882168,-72.65834374882168
1901.4600533342361,-72.65979258134894,-72.65979258134894
1901.4700533342361,-72.66124334795325,-72.66124334795325
1901.4800533342361,-72.66269468481003,-72.66269468481003
1901.490053334236,-72.66414588709205,-72.66414588709205
1901.500053334236,-72.66559661695578,-72.66559661695578
1901.510053334236,-72.66704675190283,-72.66704675190283
1901.520053334236,-72.66849629583552,-72.66849629583552
1901.530053334236,-72.66994532565666,-72.66994532565666
1901.540053334236,-72.67139395909008,-72.67139395909008
1901.550053334236,-72.6728423354514,-72.6728423354514
1901.560053334236,-72.67429060412513,-72.67429060412513
1901.570053334236,-72.67573891782868,-72.67573891782868
1901.5800533342363,-72.67718742876227,-72.67718742876227
1901.5900533342362,-72.67863628649127,-72.67863628649127
1901.6000533342362,-72.6800856368827,-72.6800856368827
1901.6100533342362,-72.68153562171469,-72.68153562171469
1901.6200533342362,-72.68298637859763,-72.68298637859763
1901.6300533342362,-72.68443804114979,-72.68443804114979
1901.6400533342362,-72.68589073921729,-72.68589073921729
1901.6500533342362,-72.68734459920292,-72.68734459920292
1901.6600533342362,-72.68879974435377,-72.68879974435377
1901.6700533342362,-72.69025629504455,-72.69025629504455
1901.6800533342362,-72.69171436906507,-72.69171436906507
1901.6900533342362,-72.69317408182971,-72.69317408182971
1901.7000533342361,-72.69463554662015,-72.69463554662015
1901.7100533342361,-72.69609887474898,-72.69609887474898
1901.7200533342361,-72.69756417570126,-72.69756417570126
1901.7300533342361,-72.69903155729311,-72.69903155729311
1901.740053334236,-72.70050112577641,-72.70050112577641
1901.750053334236,-72.70197298593521,-72.70197298593521
1901.760053334236,-72.70344724113991,-72.70344724113991
1901.770053334236,-72.70492399344022,-72.70492399344022
1901.780053334236,-72.70640334359418,-72.70640334359418
1901.790053334236,-72.70788539114781,-72.70788539114781
1901.800053334236,-72.70937023441549,-72.70937023441549
1901.810053334236,-72.7108579705496,-72.7108579705496
1901.820053334236,-72.71234869555151,-72.71234869555151
1901.8300533342363,-72.71384250427158,-72.71384250427158
1901.8400533342362,-72.71533949045295,-72.71533949045295
1901.8500533342362,-72.71683974670836,-72.71683974670836
1901.8600533342362,-72.7183433645456,-72.7183433645456
1901.8700533342362,-72.71985043436476,-72.71985043436476
1901.8800533342362,-72.72136104546243,-72.72136104546243
1901.8900533342362,-72.72287528604102,-72.72287528604102
1901.9000533342362,-72.72439324317888,-72.72439324317888
1901.9100533342362,-72.7259150028685,-72.7259150028685
1901.9200533342362,-72.72744064999804,-72.72744064999804
1901.9300533342362,-72.72897026833462,-72.72897026833462
1901.9400533342362,-72.73050394054619,-72.73050394054619
1901.9500533342361,-72.73204174818235,-72.73204174818235
1901.9600533342361,-72.73357742896935,-72.73357742896935
1901.9700533342361,-72.73510828647002,-72.73510828647002
1901.9800533342361,-72.73663304891726,-72.73663304891726
1901.990053334236,-72.73815110336665,-72.73815110336665
1902.000053334236,-72.73966220346384,-72.73966220346384
1902.010053334236,-72.74116631765835,-72.74116631765835
1902.020053334236,-72.74266354017942,-72.74266354017942
1902.030053334236,-72.74415403758992,-72.74415403758992
1902.040053334236,-72.74563801661034,-72.74563801661034
1902.050053334236,-72.74711570482494,-72.74711570482494
1902.060053334236,-72.7485873391635,-72.7485873391635
1902.070053334236,-72.75005315917352,-72.75005315917352
1902.0800533342363,-72.75151340311731,-72.75151340311731
1902.0900533342362,-72.75296830585202,-72.75296830585202
1902.1000533342362,-72.7544180978101,-72.7544180978101
1902.1100533342362,-72.75586300452012,-72.75586300452012
1902.1200533342362,-72.75730324658645,-72.75730324658645
1902.1300533342362,-72.75873903981352,-72.75873903981352
1902.1400533342362,-72.76017059546729,-72.76017059546729
1902.1500533342362,-72.76159812054787,-72.76159812054787
1902.1600533342362,-72.76302181811725,-72.76302181811725
1902.1700533342362,-72.76444188754678,-72.76444188754678
1902.1800533342362,-72.76585852481809,-72.76585852481809
1902.1900533342362,-72.76727192273896,-72.76727192273896
1902.2000533342361,-72.76868227115563,-72.76868227115563
1902.2100533342361,-72.77008975714045,-72.77008975714045
1902.2200533342361,-72.77149456513787,-72.77149456513787
1902.2300533342361,-72.77289687710234,-72.77289687710234
1902.240053334236,-72.77429687260937,-72.77429687260937
1902.250053334236,-72.77569472895284,-72.77569472895284
1902.260053334236,-72.77709062121625,-72.77709062121625
1902.270053334236,-72.77848472234609,-72.77848472234609
1902.280053334236,-72.77987720319896,-72.77987720319896
1902.290053334236,-72.7812682325977,-72.7812682325977
1902.300053358078,-72.78265798066941,-72.78265798066941
1902.310053358078,-72.78404660563129,-72.78404660563129
1902.320053358078,-72.78543427368986,-72.78543427368986
1902.330053358078,-72.78682114582227,-72.78682114582227
1902.340053358078,-72.78820738107457,-72.78820738107457
1902.350053358078,-72.78959313660758,-72.78959313660758
1902.360053358078,-72.79097856768918,-72.79097856768918
1902.370053358078,-72.79236382770495,-72.79236382770495
1902.380053358078,-72.79374906817065,-72.79374906817065
1902.390053358078,-72.7951344387387,-72.7951344387387
1902.400053358078,-72.79652008719101,-72.79652008719101
1902.410053358078,-72.79790615946919,-72.79790615946919
1902.420053358078,-72.79929279964199,-72.79929279964199
1902.430053358078,-72.80068014993114,-72.80068014993114
1902.440053358078,-72.80206835072458,-72.80206835072458
1902.450053358078,-72.80345754054754,-72.80345754054754
1902.460053358078,-72.8048478561043,-72.8048478561043
1902.470053358078,-72.80623943225862,-72.80623943225862
1902.480053358078,-72.80763240202643,-72.80763240202643
1902.490053358078,-72.80902689661262,-72.80902689661262
1902.500053358078,-72.81042304539076,-72.81042304539076
1902.510053358078,-72.8118209759216,-72.8118209759216
1902.520053358078,-72.81322081395626,-72.81322081395626
1902.530053358078,-72.81462268342601,-72.81462268342601
1902.540053358078,-72.81602670647152,-72.81602670647152
1902.550053358078,-72.81743300343983,-72.81743300343983
1902.560053358078,-72.81884169289364,-72.81884169289364
1902.570053358078,-72.82025289160865,-72.82025289160865
1902.580053358078,-72.82166671458977,-72.82166671458977
1902.590053358078,-72.8230832750907,-72.8230832750907
1902.600053358078,-72.82450268460606,-72.82450268460606
1902.610053358078,-72.82592505289374,-72.82592505289374
1902.620053358078,-72.82735048796617,-72.82735048796617
1902.630053358078,-72.82877909611676,-72.82877909611676
1902.640053358078,-72.83021098193375,-72.83021098193375
1902.650053358078,-72.83164624829483,-72.83164624829483
1902.660053358078,-72.83308499638525,-72.83308499638525
1902.670053358078,-72.83452732572631,-72.83452732572631
1902.680053358078,-72.83597333416226,-72.83597333416226
1902.690053358078,-72.83742311788492,-72.83742311788492
1902.700053358078,-72.8388767714343,-72.8388767714343
1902.710053358078,-72.84032803630764,-72.84032803630764
1902.720053358078,-72.8417742242273,-72.8417742242273
1902.730053358078,-72.84321407302721,-72.84321407302721
1902.740053358078,-72.84464697977877,-72.84464697977877
1902.750053358078,-72.84607270818083,-72.84607270818083
1902.760053358078,-72.84749123657112,-72.84749123657112
1902.770053358078,-72.84890266883166,-72.84890266883166
1902.780053358078,-72.85030718086625,-72.85030718086625
1902.790053358078,-72.85170498841107,-72.85170498841107
1902.800053358078,-72.8530963277186,-72.8530963277186
1902.810053358078,-72.8544814440714,-72.8544814440714
1902.820053358078,-72.85586058500748,-72.85586058500748
1902.830053358078,-72.8572339964566,-72.8572339964566
1902.840053358078,-72.85860192064457,-72.85860192064457
1902.850053358078,-72.85996459502837,-72.85996459502837
1902.860053358078,-72.86132225190538,-72.86132225190538
1902.870053358078,-72.8626751183341,-72.8626751183341
1902.880053358078,-72.86402341630033,-72.86402341630033
1902.890053358078,-72.86536736299215,-72.86536736299215
1902.900053358078,-72.86670717107842,-72.86670717107842
1902.910053358078,-72.86804304902823,-72.86804304902823
1902.920053358078,-72.86937520142048,-72.86937520142048
1902.930053358078,-72.87070382918525,-72.87070382918525
1902.940053358078,-72.8720291298805,-72.8720291298805
1902.950053358078,-72.87335129788822,-72.87335129788822
1902.960053358078,-72.8746705246237,-72.8746705246237
1902.970053358078,-72.87598699868445,-72.87598699868445
1902.980053358078,-72.87730090599744,-72.87730090599744
1902.990053358078,-72.87861242992584,-72.87861242992584
1903.000053358078,-72.8799217514028,-72.8799217514028
1903.010053358078,-72.88122904897546,-72.88122904897546
1903.020053358078,-72.88253449891423,-72.88253449891423
1903.030053358078,-72.88383827524294,-72.88383827524294
1903.040053358078,-72.88514054982608,-72.88514054982608
1903.050053358078,-72.88644149237574,-72.88644149237574
1903.060053358078,-72.8877412705103,-72.8877412705103
1903.070053358078,-72.88904004977815,-72.88904004977815
1903.080053358078,-72.8903379936894,-72.8903379936894
1903.090053358078,-72.891635263722,-72.891635263722
1903.100053358078,-72.8929320193567,-72.8929320193567
1903.110053358078,-72.89422841808778,-72.89422841808778
1903.120053358078,-72.89552461542867,-72.89552461542867
1903.130053358078,-72.89682076493112,-72.89682076493112
1903.140053358078,-72.89811701818836,-72.89811701818836
1903.1500533819199,-72.89941352795063,-72.89941352795063
1903.1600533819199,-72.90071043576015,-72.90071043576015
1903.1700533819198,-72.90200789049176,-72.90200789049176
1903.1800533819198,-72.90330603601507,-72.90330603601507
1903.1900533819198,-72.90460501428358,-72.90460501428358
1903.2000533819198,-72.90590496535026,-72.90590496535026
1903.2100533819198,-72.90720602734399,-72.90720602734399
1903.2200533819198,-72.90850833652947,-72.90850833652947
1903.2300533819198,-72.90981202726522,-72.90981202726522
1903.2400533819198,-72.91111723204217,-72.91111723204217
1903.2500533819198,-72.91242408146618,-72.91242408146618
1903.2600533819198,-72.9137327042844,-72.9137327042844
1903.2700533819198,-72.9150432273888,-72.9150432273888
1903.28005338192,-72.91635577581003,-72.91635577581003
1903.29005338192,-72.91767047276574,-72.91767047276574
1903.30005338192,-72.9189874396146,-72.9189874396146
1903.31005338192,-72.9203067959136,-72.9203067959136
1903.32005338192,-72.9216286593808,-72.9216286593808
1903.33005338192,-72.92295314596286,-72.92295314596286
1903.34005338192,-72.92428036979761,-72.92428036979761
1903.35005338192,-72.92561044324695,-72.92561044324695
1903.36005338192,-72.92694347690139,-72.92694347690139
1903.37005338192,-72.92827957959321,-72.92827957959321
1903.3800533819199,-72.92961885840533,-72.92961885840533
1903.3900533819199,-72.93096141868669,-72.93096141868669
1903.4000533819199,-72.93230736406541,-72.93230736406541
1903.4100533819199,-72.93365679646614,-72.93365679646614
1903.4200533819198,-72.93500981610325,-72.93500981610325
1903.4300533819198,-72.93636652151012,-72.93636652151012
1903.4400533819198,-72.93772700955691,-72.93772700955691
1903.4500533819198,-72.93909137544901,-72.93909137544901
1903.4600533819198,-72.94045971275656,-72.94045971275656
1903.4700533819198,-72.94183211340615,-72.94183211340615
1903.4800533819198,-72.94320866772556,-72.94320866772556
1903.4900533819198,-72.94458946443108,-72.94458946443108
1903.5000533819198,-72.94597459066411,-72.94597459066411
1903.5100533819198,-72.94736413197742,-72.94736413197742
1903.5200533819198,-72.94875817237434,-72.94875817237434
1903.53005338192,-72.95015679431961,-72.95015679431961
1903.54005338192,-72.95156007875207,-72.95156007875207
1903.55005338192,-72.95296810509174,-72.95296810509174
1903.56005338192,-72.95438095126006,-72.95438095126006
1903.57005338192,-72.95579869370798,-72.95579869370798
1903.58005338192,-72.95722140741331,-72.95722140741331
1903.59005338192,-72.9586491659012,-72.9586491659012
1903.60005338192,-72.96008204126066,-72.96008204126066
1903.61005338192,-72.96152010416488,-72.96152010416488
1903.62005338192,-72.96296342388412,-72.96296342388412
1903.6300533819199,-72.96441206829633,-72.96441206829633
1903.6400533819199,-72.96586610390064,-72.96586610390064
1903.6500533819199,-72.96732559584864,-72.96732559584864
1903.6600533819199,-72.96879060793746,-72.96879060793746
1903.6700533819198,-72.97026120264684,-72.97026120264684
1903.6800533819198,-72.97173744112932,-72.97173744112932
1903.6900533819198,-72.97321938326353,-72.97321938326353
1903.7000533819198,-72.9747070876254,-72.9747070876254
1903.7100533819198,-72.97620061153903,-72.97620061153903
1903.7200533819198,-72.97770001106909,-72.97770001106909
1903.7300533819198,-72.97920534105687,-72.97920534105687
1903.7400533819198,-72.98071665510463,-72.98071665510463
1903.7500533819198,-72.98223400562064,-72.98223400562064
1903.7600533819198,-72.98375744383004,-72.98375744383004
1903.7700533819198,-72.98528701976193,-72.98528701976193
1903.78005338192,-72.98682278230127,-72.98682278230127
1903.79005338192,-72.98836477917766,-72.98836477917766
1903.80005338192,-72.98991305699978,-72.98991305699978
1903.81005338192,-72.99146766125129,-72.99146766125129
1903.82005338192,-72.99302863630808,-72.99302863630808
1903.83005338192,-72.9945960254811,-72.9945960254811
1903.84005338192,-72.99616987097757,-72.99616987097757
1903.85005338192,-72.99775021396259,-72.99775021396259
1903.86005338192,-72.9993370945541,-72.9993370945541
1903.87005338192,-73.00093055183618,-73.00093055183618
1903.8800533819199,-73.00253062387152,-73.00253062387152
1903.8900533819199,-73.00413734772928,-73.00413734772928
1903.9000533819199,-73.00575075947724,-73.00575075947724
1903.9100533819199,-73.00737089421341,-73.00737089421341
1903.9200533819198,-73.00899778606478,-73.00899778606478
1903.9300533819198,-73.01063146821504,-73.01063146821504
1903.9400533819198,-73.01227197290234,-73.01227197290234
1903.9500533819198,-73.01391933145611,-73.01391933145611
1903.9600533819198,-73.01556720721408,-73.01556720721408
1903.9700533819198,-73.01721284268885,-73.01721284268885
1903.9800533819198,-73.01885491051407,-73.01885491051407
1903.9900533819198,-73.02049274481688,-73.02049274481688
1904.0000534057617,-73.02212605180526,-73.02212605180526
1904.0100534057617,-73.02375474186772,-73.02375474186772
1904.0200534057617,-73.02537886364965,-73.02537886364965
1904.0300534057617,-73.0269985348125,-73.0269985348125
1904.0400534057617,-73.02861391367313,-73.02861391367313
1904.0500534057617,-73.03022517984562,-73.03022517984562
1904.0600534057617,-73.03183252270301,-73.03183252270301
1904.0700534057617,-73.03343613461881,-73.03343613461881
1904.0800534057616,-73.03503620707977,-73.03503620707977
1904.0900534057616,-73.03663292856871,-73.03663292856871
1904.1000534057616,-73.03822648352177,-73.03822648352177
1904.1100534057616,-73.03981705187428,-73.03981705187428
1904.1200534057616,-73.04140480904233,-73.04140480904233
1904.1300534057618,-73.04298992606176,-73.04298992606176
1904.1400534057618,-73.04457256982842,-73.04457256982842
1904.1500534057618,-73.04615290342257,-73.04615290342257
1904.1600534057618,-73.04773108638345,-73.04773108638345
1904.1700534057618,-73.0493072750179,-73.0493072750179
1904.1800534057618,-73.05088162268616,-73.05088162268616
1904.1900534057618,-73.05245427999691,-73.05245427999691
1904.2000534057618,-73.05402539506414,-73.05402539506414
1904.2100534057618,-73.05559511366569,-73.05559511366569
1904.2200534057617,-73.05716357941475,-73.05716357941475
1904.2300534057617,-73.0587309338825,-73.0587309338825
1904.2400534057617,-73.06029731672757,-73.06029731672757
1904.2500534057617,-73.0618628657803,-73.0618628657803
1904.2600534057617,-73.06342771712819,-73.06342771712819
1904.2700534057617,-73.06499200518249,-73.06499200518249
1904.2800534057617,-73.06655586273513,-73.06655586273513
1904.2900534057617,-73.06811942100016,-73.06811942100016
1904.3000534057617,-73.06968280965114,-73.06968280965114
1904.3100534057617,-73.07124615685905,-73.07124615685905
1904.3200534057617,-73.07280958929512,-73.07280958929512
1904.3300534057616,-73.07437323219226,-73.07437323219226
1904.3400534057616,-73.07593720931071,-73.07593720931071
1904.3500534057616,-73.0775016429824,-73.0775016429824
1904.3600534057616,-73.07906665411284,-73.07906665411284
1904.3700534057616,-73.08063236218898,-73.08063236218898
1904.3800534057618,-73.08219888526948,-73.08219888526948
1904.3900534057618,-73.08376634001378,-73.08376634001378
1904.4000534057618,-73.0853348416728,-73.0853348416728
1904.4100534057618,-73.08690450409196,-73.08690450409196
1904.4200534057618,-73.08847543970298,-73.08847543970298
1904.4300534057618,-73.09004775954075,-73.09004775954075
1904.4400534057618,-73.09162157322415,-73.09162157322415
1904.4500534057618,-73.09319698898997,-73.09319698898997
1904.4600534057618,-73.09477411365111,-73.09477411365111
1904.4700534057617,-73.09635305264186,-73.09635305264186
1904.4800534057617,-73.09793390998274,-73.09793390998274
1904.4900534057617,-73.09951678828537,-73.09951678828537
1904.5000534057617,-73.10110178877844,-73.10110178877844
1904.5100534057617,-73.1026890112896,-73.1026890112896
1904.5200534057617,-73.10427855426194,-73.10427855426194
1904.5300534057617,-73.10587051472106,-73.10587051472106
1904.5400534057617,-73.10746498833369,-73.10746498833369
1904.5500534057617,-73.10906206935503,-73.10906206935503
1904.5600534057617,-73.11066185066927,-73.11066185066927
1904.5700534057617,-73.11226442377834,-73.11226442377834
1904.5800534057616,-73.11386987881515,-73.11386987881515
1904.5900534057616,-73.1154783045389,-73.1154783045389
1904.6000534057616,-73.11708978834636,-73.11708978834636
1904.6100534057616,-73.11870441626485,-73.11870441626485
1904.6200534057616,-73.12032227298481,-73.12032227298481
1904.6300534057618,-73.1219434418355,-73.1219434418355
1904.6400534057618,-73.12356800481474,-73.12356800481474
1904.6500534057618,-73.12519604257643,-73.12519604257643
1904.6600534057618,-73.12682763445595,-73.12682763445595
1904.6700534057618,-73.12846285847289,-73.12846285847289
1904.6800534057618,-73.13010179132989,-73.13010179132989
1904.6900534057618,-73.13174450842767,-73.13174450842767
1904.7000534057618,-73.13339108386855,-73.13339108386855
1904.7100534057618,-73.13504159048027,-73.13504159048027
1904.7200534057617,-73.1366960998003,-73.1366960998003
1904.7300534057617,-73.13835468211244,-73.13835468211244
1904.7400534057617,-73.1400174064314,-73.1400174064314
1904.7500534057617,-73.14168434052536,-73.14168434052536
1904.7600534057617,-73.14335555092623,-73.14335555092623
1904.7700534057617,-73.14503110293629,-73.14503110293629
1904.7800534057617,-73.14671106064247,-73.14671106064247
1904.7900534057617,-73.14839548691924,-73.14839548691924
1904.8000534057617,-73.15008444344357,-73.15008444344357
1904.8100534057617,-73.15177799070926,-73.15177799070926
1904.8200534057617,-73.15347618803915,-73.15347618803915
1904.8300534057616,-73.15517909357213,-73.15517909357213
1904.8400534057616,-73.15688676430305,-73.15688676430305
1904.8500534296036,-73.15859926016839,-73.15859926016839
1904.8600534296036,-73.1603166277537,-73.1603166277537
1904.8700534296036,-73.16203892470956,-73.16203892470956
1904.8800534296035,-73.16376620352617,-73.16376620352617
1904.8900534296035,-73.16549851560275,-73.16549851560275
1904.9000534296035,-73.16723591123743,-73.16723591123743
1904.9100534296035,-73.16897843966237,-73.16897843966237
1904.9200534296035,-73.17072614905109,-73.17072614905109
1904.9300534296035,-73.17247908650843,-73.17247908650843
1904.9400534296035,-73.17423729811475,-73.17423729811475
1904.9500534296035,-73.17600082891273,-73.17600082891273
1904.9600534296035,-73.17776972292477,-73.17776972292477
1904.9700534296035,-73.17954402317613,-73.17954402317613
1904.9800534296037,-73.18132377169104,-73.18132377169104
1904.9900534296037,-73.18310900950645,-73.18310900950645
1905.0000534296037,-73.18489977670153,-73.18489977670153
1905.0100534296037,-73.18669611238275,-73.18669611238275
1905.0200534296036,-73.18849805471825,-73.18849805471825
1905.0300534296036,-73.19030564093283,-73.19030564093283
1905.0400534296036,-73.19211890732647,-73.19211890732647
1905.0500534296036,-73.19393788928228,-73.19393788928228
1905.0600534296036,-73.19576262129067,-73.19576262129067
1905.0700534296036,-73.19759313693234,-73.19759313693234
1905.0800534296036,-73.19942946892132,-73.19942946892132
1905.0900534296036,-73.20127164909958,-73.20127164909958
1905.1000534296036,-73.20311970844898,-73.20311970844898
1905.1100534296036,-73.20497367710915,-73.20497367710915
1905.1200534296036,-73.20683358437333,-73.20683358437333
1905.1300534296035,-73.2086994587181,-73.2086994587181
1905.1400534296035,-73.21057132780346,-73.21057132780346
1905.1500534296035,-73.21244921847897,-73.21244921847897
1905.1600534296035,-73.21433315681067,-73.21433315681067
1905.1700534296035,-73.21622316807549,-73.21622316807549
1905.1800534296035,-73.21811927677423,-73.21811927677423
1905.1900534296035,-73.22002150666185,-73.22002150666185
1905.2000534296035,-73.22192988072187,-73.22192988072187
1905.2100534296035,-73.22384442121319,-73.22384442121319
1905.2200534296035,-73.22576514965309,-73.22576514965309
1905.2300534296037,-73.22769208684622,-73.22769208684622
1905.2400534296037,-73.22962525287272,-73.22962525287272
1905.2500534296037,-73.23156466712801,-73.23156466712801
1905.2600534296037,-73.23351034830422,-73.23351034830422
1905.2700534296036,-73.23546231441227,-73.23546231441227
1905.2800534296036,-73.23742058280631,-73.23742058280631
1905.2900534296036,-73.23938517016119,-73.23938517016119
1905.3000534296036,-73.24135609250939,-73.24135609250939
1905.3100534296036,-73.24333336522997,-73.24333336522997
1905.3200534296036,-73.24531700307195,-73.24531700307195
1905.3300534296036,-73.24730702016296,-73.24730702016296
1905.3400534296036,-73.24930343001063,-73.24930343001063
1905.3500534296036,-73.25130624551986,-73.25130624551986
1905.3600534296036,-73.25331547898939,-73.25331547898939
1905.3700534296036,-73.25533114213795,-73.25533114213795
1905.3800534296035,-73.25735324609516,-73.25735324609516
1905.3900534296035,-73.25938180142354,-73.25938180142354
1905.4000534296035,-73.26141681811421,-73.26141681811421
1905.4100534296035,-73.26345830562549,-73.26345830562549
1905.4200534296035,-73.2655062728359,-73.2655062728359
1905.4300534296035,-73.26756072810733,-73.26756072810733
1905.4400534296035,-73.26962167927127,-73.26962167927127
1905.4500534296035,-73.27168913362313,-73.27168913362313
1905.4600534296035,-73.27376309796243,-73.27376309796243
1905.4700534296035,-73.27584357855729,-73.27584357855729
1905.4800534296037,-73.27793058119731,-73.27793058119731
1905.4900534296037,-73.28002411117345,-73.28002411117345
1905.5000534296037,-73.28212417329202,-73.28212417329202
1905.5100534296037,-73.28423077189,-73.28423077189
1905.5200534296036,-73.28634391082356,-73.28634391082356
1905.5300534296036,-73.28846359349605,-73.28846359349605
1905.5400534296036,-73.29058982284799,-73.29058982284799
1905.5500534296036,-73.29272260138184,-73.29272260138184
1905.5600534296036,-73.29486193116223,-73.29486193116223
1905.5700534296036,-73.29700781380464,-73.29700781380464
1905.5800534296036,-73.29916025051084,-73.29916025051084
1905.5900534296036,-73.30131924205736,-73.30131924205736
1905.6000534296036,-73.30348478880968,-73.30348478880968
1905.6100534296036,-73.3056568907311,-73.3056568907311
1905.6200534296036,-73.30783554737417,-73.30783554737417
1905.6300534296035,-73.31002075790683,-73.31002075790683
1905.6400534296035,-73.31221252110997,-73.31221252110997
1905.6500534296035,-73.31441083537099,-73.31441083537099
1905.6600534296035,-73.31661569872107,-73.31661569872107
1905.6700534296035,-73.31882710880704,-73.31882710880704
1905.6800534296035,-73.32104506292127,-73.32104506292127
1905.6900534296035,-73.32326955800228,-73.32326955800228
1905.7000534534454,-73.32550059594088,-73.32550059594088
1905.7100534534454,-73.32773816237523,-73.32773816237523
1905.7200534534454,-73.32998225848748,-73.32998225848748
1905.7300534534454,-73.33223287984194,-73.33223287984194
1905.7400534534454,-73.33449002167559,-73.33449002167559
1905.7500534534454,-73.33675367890869,-73.33675367890869
1905.7600534534454,-73.33902384612537,-73.33902384612537
1905.7700534534454,-73.34130051761574,-73.34130051761574
1905.7800534534454,-73.34358368735712,-73.34358368735712
1905.7900534534454,-73.34587334902695,-73.34587334902695
1905.8000534534453,-73.34816949599889,-73.34816949599889
1905.8100534534453,-73.35047212136772,-73.35047212136772
1905.8200534534453,-73.35278121792788,-73.35278121792788
1905.8300534534455,-73.35509677820481,-73.35509677820481
1905.8400534534455,-73.35741879443886,-73.35741879443886
1905.8500534534455,-73.3597472586015,-73.3597472586015
1905.8600534534455,-73.36208216239885,-73.36208216239885
1905.8700534534455,-73.36442349726507,-73.36442349726507
1905.8800534534455,-73.36677125438963,-73.36677125438963
1905.8900534534455,-73.36912542470603,-73.36912542470603
1905.9000534534455,-73.37148599888309,-73.37148599888309
1905.9100534534455,-73.37385296737064,-73.37385296737064
1905.9200534534455,-73.3762263203527,-73.3762263203527
1905.9300534534455,-73.37860604779858,-73.37860604779858
1905.9400534534454,-73.38099213943552,-73.38099213943552
1905.9500534534454,-73.38338458476403,-73.38338458476403
1905.9600534534454,-73.38578337305752,-73.38578337305752
1905.9700534534454,-73.38818849337582,-73.38818849337582
1905.9800534534454,-73.39059993456745,-73.39059993456745
1905.9900534534454,-73.39301768525284,-73.39301768525284
1906.0000534534454,-73.39544173386776,-73.39544173386776
1906.0100534534454,-73.3978720686257,-73.3978720686257
1906.0200534534454,-73.40030867754233,-73.40030867754233
1906.0300534534454,-73.40275154844468,-73.40275154844468
1906.0400534534454,-73.40520066896727,-73.40520066896727
1906.0500534534453,-73.40765602654362,-73.40765602654362
1906.0600534534453,-73.41011760843816,-73.41011760843816
1906.0700534534453,-73.41258540172295,-73.41258540172295
1906.0800534534455,-73.41505939328613,-73.41505939328613
1906.0900534534455,-73.41753956985012,-73.41753956985012
1906.1000534534455,-73.42002591796765,-73.42002591796765
1906.1100534534455,-73.42251842402098,-73.42251842402098
1906.1200534534455,-73.42501707421773,-73.42501707421773
1906.1300534534455,-73.42752185461855,-73.42752185461855
1906.1400534534455,-73.43003275111448,-73.43003275111448
1906.1500534534455,-73.4325497494418,-73.4325497494418
1906.1600534534455,-73.43507283518939,-73.43507283518939
1906.1700534534455,-73.43760199378877,-73.43760199378877
1906.1800534534455,-73.44013721053841,-73.44013721053841
1906.1900534534454,-73.44267847057397,-73.44267847057397
1906.2000534534454,-73.4452257589079,-73.4452257589079
1906.2100534534454,-73.44777906040993,-73.44777906040993
1906.2200534534454,-73.45033835980637,-73.45033835980637
1906.2300534534454,-73.45290364170087,-73.45290364170087
1906.2400534534454,-73.45547489056369,-73.45547489056369
1906.2500534534454,-73.4580520907389,-73.4580520907389
1906.2600534534454,-73.46063522645116,-73.46063522645116
1906.2700534534454,-73.46322428179137,-73.46322428179137
1906.2800534534454,-73.46581924074923,-73.46581924074923
1906.2900534534454,-73.4684200871818,-73.4684200871818
1906.3000534534453,-73.4710268048383,-73.4710268048383
1906.3100534534453,-73.47363937736476,-73.47363937736476
1906.3200534534453,-73.47625778829128,-73.47625778829128
1906.3300534534455,-73.47888202103124,-73.47888202103124
1906.3400534534455,-73.48151205890952,-73.48151205890952
1906.3500534534455,-73.48414788514943,-73.48414788514943
1906.3600534534455,-73.48678948286373,-73.48678948286373
1906.3700534534455,-73.48943683507079,-73.48943683507079
1906.3800534534455,-73.49208992470199,-73.49208992470199
1906.3900534534455,-73.49474873459249,-73.49474873459249
1906.4000534534455,-73.4974132474822,-73.4974132474822
1906.4100534534455,-73.50008344603033,-73.50008344603033
1906.4200534534455,-73.50275931280204,-73.50275931280204
1906.4300534534455,-73.50544083028576,-73.50544083028576
1906.4400534534454,-73.50812798087898,-73.50812798087898
1906.4500534534454,-73.51082074691053,-73.51082074691053
1906.4600534534454,-73.51351911062433,-73.51351911062433
1906.4700534534454,-73.51622305418589,-73.51622305418589
1906.4800534534454,-73.51893255969225,-73.51893255969225
1906.4900534534454,-73.52164760916088,-73.52164760916088
1906.5000534534454,-73.52436818455068,-73.52436818455068
1906.5100534534454,-73.52709426774308,-73.52709426774308
1906.5200534534454,-73.52982584055752,-73.52982584055752
1906.5300534534454,-73.53256288473501,-73.53256288473501
1906.5400534534454,-73.53530538197577,-73.53530538197577
1906.5500534772873,-73.53805332045128,-73.53805332045128
1906.5600534772873,-73.54080666865846,-73.54080666865846
1906.5700534772873,-73.54356541463066,-73.54356541463066
1906.5800534772873,-73.54632953982455,-73.54632953982455
1906.5900534772873,-73.54909902563834,-73.54909902563834
1906.6000534772872,-73.55187385341479,-73.55187385341479
1906.6100534772872,-73.55465400445527,-73.55465400445527
1906.6200534772872,-73.55743946000548,-73.55743946000548
1906.6300534772872,-73.56023020126048,-73.56023020126048
1906.6400534772872,-73.56302620937286,-73.56302620937286
1906.6500534772872,-73.56582746545394,-73.56582746545394
1906.6600534772872,-73.56863395055403,-73.56863395055403
1906.6700534772872,-73.57144564569693,-73.57144564569693
1906.6800534772874,-73.5742625318615,-73.5742625318615
1906.6900534772874,-73.57708458999717,-73.57708458999717
1906.7000534772874,-73.57991180099913,-73.57991180099913
1906.7100534772874,-73.58274414573236,-73.58274414573236
1906.7200534772874,-73.58558160502557,-73.58558160502557
1906.7300534772874,-73.5884241596758,-73.5884241596758
1906.7400534772873,-73.5912717904507,-73.5912717904507
1906.7500534772873,-73.59412447807914,-73.59412447807914
1906.7600534772873,-73.59698220326774,-73.59698220326774
1906.7700534772873,-73.59984494668672,-73.59984494668672
1906.7800534772873,-73.60271268898536,-73.60271268898536
1906.7900534772873,-73.60558541078558,-73.60558541078558
1906.8000534772873,-73.60846309268099,-73.60846309268099
1906.8100534772873,-73.61134571524444,-73.61134571524444
1906.8200534772873,-73.61423325901876,-73.61423325901876
1906.8300534772873,-73.61712570454424,-73.61712570454424
1906.8400534772873,-73.62002303232417,-73.62002303232417
1906.8500534772872,-73.62292522284594,-73.62292522284594
1906.8600534772872,-73.62583225656998,-73.62583225656998
1906.8700534772872,-73.62874411396736,-73.62874411396736
1906.8800534772872,-73.63166077547064,-73.63166077547064
1906.8900534772872,-73.6345822215024,-73.6345822215024
1906.9000534772872,-73.63750843246524,-73.63750843246524
1906.9100534772872,-73.64043938875693,-73.64043938875693
1906.9200534772872,-73.64337507076435,-73.64337507076435
1906.9300534772874,-73.64631545886324,-73.64631545886324
1906.9400534772874,-73.6492605334182,-73.6492605334182
1906.9500534772874,-73.65221027477672,-73.65221027477672
1906.9600534772874,-73.65515823518216,-73.65515823518216
1906.9700534772874,-73.65810157694456,-73.65810157694456
1906.9800534772874,-73.66103890563099,-73.66103890563099
1906.9900534772873,-73.66396949489946,-73.66396949489946
1907.0000534772873,-73.66689299071707,-73.66689299071707
1907.0100534772873,-73.66980925778917,-73.66980925778917
1907.0200534772873,-73.67271828953461,-73.67271828953461
1907.0300534772873,-73.67562015405373,-73.67562015405373
1907.0400534772873,-73.67851496158103,-73.67851496158103
1907.0500534772873,-73.68140284501621,-73.68140284501621
1907.0600534772873,-73.68428394823998,-73.68428394823998
1907.0700534772873,-73.6871584193025,-73.6871584193025
1907.0800534772873,-73.6900264064729,-73.6900264064729
1907.0900534772873,-73.6928880560788,-73.6928880560788
1907.1000534772872,-73.695743511422,-73.695743511422
1907.1100534772872,-73.69859291231568,-73.69859291231568
1907.1200534772872,-73.70143639501705,-73.70143639501705
1907.1300534772872,-73.70427409234958,-73.70427409234958
1907.1400534772872,-73.70710613391186,-73.70710613391186
1907.1500534772872,-73.70993264638669,-73.70993264638669
1907.1600534772872,-73.71275375379145,-73.71275375379145
1907.1700534772872,-73.71556957778573,-73.71556957778573
1907.1800534772874,-73.71838023787491,-73.71838023787491
1907.1900534772874,-73.72118585167436,-73.72118585167436
1907.2000534772874,-73.72398653508358,-73.72398653508358
1907.2100534772874,-73.72678240245301,-73.72678240245301
1907.2200534772874,-73.72957356673632,-73.72957356673632
1907.2300534772874,-73.73236013959007,-73.73236013959007
1907.2400534772873,-73.73514223151132,-73.73514223151132
1907.2500534772873,-73.73791995185906,-73.73791995185906
1907.2600534772873,-73.74069340898546,-73.74069340898546
1907.2700534772873,-73.74346271023913,-73.74346271023913
1907.2800534772873,-73.74622796203387,-73.74622796203387
1907.2900534772873,-73.7489892698631,-73.7489892698631
1907.3000534772873,-73.75174673834348,-73.75174673834348
1907.3100534772873,-73.75450047122447,-73.75450047122447
1907.3200534772873,-73.7572505713864,-73.7572505713864
1907.3300534772873,-73.75999714087857,-73.75999714087857
1907.3400534772873,-73.76274028090172,-73.76274028090172
1907.3500534772872,-73.76548009180442,-73.76548009180442
1907.3600534772872,-73.7682166731009,-73.7682166731009
1907.3700534772872,-73.77095012345322,-73.77095012345322
1907.3800534772872,-73.77368054067051,-73.77368054067051
1907.3900534772872,-73.77640802169418,-73.77640802169418
1907.4000535011292,-73.77913266910944,-73.77913266910944
1907.4100535011291,-73.78185456513343,-73.78185456513343
1907.4200535011291,-73.7845738105956,-73.7845738105956
1907.4300535011291,-73.78729049892938,-73.78729049892938
1907.4400535011291,-73.79000472267319,-73.79000472267319
1907.450053501129,-73.79271657346216,-73.79271657346216
1907.460053501129,-73.79541970207413,-73.79541970207413
1907.470053501129,-73.79811137525138,-73.79811137525138
1907.480053501129,-73.80079030473306,-73.80079030473306
1907.490053501129,-73.80345587065416,-73.80345587065416
1907.500053501129,-73.80610782520812,-73.80610782520812
1907.510053501129,-73.80874613880968,-73.80874613880968
1907.520053501129,-73.81137090989645,-73.81137090989645
1907.5300535011293,-73.81398231080651,-73.81398231080651
1907.5400535011293,-73.81658055516425,-73.81658055516425
1907.5500535011292,-73.81916587836575,-73.81916587836575
1907.5600535011292,-73.82173852587665,-73.82173852587665
1907.5700535011292,-73.82429874639581,-73.82429874639581
1907.5800535011292,-73.82684678789778,-73.82684678789778
1907.5900535011292,-73.82938289547377,-73.82938289547377
1907.6000535011292,-73.83190731020768,-73.83190731020768
1907.6100535011292,-73.83442026873041,-73.83442026873041
1907.6200535011292,-73.83692200315542,-73.83692200315542
1907.6300535011292,-73.83941274115749,-73.83941274115749
1907.6400535011292,-73.84189270624051,-73.84189270624051
1907.6500535011292,-73.84436211797603,-73.84436211797603
1907.6600535011291,-73.84682119231032,-73.84682119231032
1907.6700535011291,-73.84927014182736,-73.84927014182736
1907.6800535011291,-73.85170917598728,-73.85170917598728
1907.6900535011291,-73.85413850135915,-73.85413850135915
1907.700053501129,-73.85655832182616,-73.85655832182616
1907.710053501129,-73.85896883872462,-73.85896883872462
1907.720053501129,-73.86137025101613,-73.86137025101613
1907.730053501129,-73.86376275538548,-73.86376275538548
1907.740053501129,-73.86614654636635,-73.86614654636635
1907.750053501129,-73.8685218164022,-73.8685218164022
1907.760053501129,-73.8708887559362,-73.8708887559362
1907.770053501129,-73.87324755344044,-73.87324755344044
1907.7800535011293,-73.87559839549635,-73.87559839549635
1907.7900535011293,-73.8779414667967,-73.8779414667967
1907.8000535011292,-73.88027695020303,-73.88027695020303
1907.8100535011292,-73.88260502675017,-73.88260502675017
1907.8200535011292,-73.88492587567657,-73.88492587567657
1907.8300535011292,-73.88723967441037,-73.88723967441037
1907.8400535011292,-73.8895465986213,-73.8895465986213
1907.8500535011292,-73.89184682219013,-73.89184682219013
1907.8600535011292,-73.89414051723982,-73.89414051723982
1907.8700535011292,-73.89642785410972,-73.89642785410972
1907.8800535011292,-73.89870900138288,-73.89870900138288
1907.8900535011292,-73.90098412588259,-73.90098412588259
1907.9000535011292,-73.90325339264754,-73.90325339264754
1907.9100535011291,-73.9055169649658,-73.9055169649658
1907.9200535011291,-73.90777500434692,-73.90777500434692
1907.9300535011291,-73.91002767052915,-73.91002767052915
1907.9400535011291,-73.91227512148855,-73.91227512148855
1907.950053501129,-73.91451751342883,-73.91451751342883
1907.960053501129,-73.91674855144736,-73.91674855144736
1907.970053501129,-73.91896556176046,-73.91896556176046
1907.980053501129,-73.92116731707908,-73.92116731707908
1907.990053501129,-73.92335325874248,-73.92335325874248
1908.000053501129,-73.92552319990531,-73.92552319990531
1908.010053501129,-73.92767717143155,-73.92767717143155
1908.020053501129,-73.92981533160352,-73.92981533160352
1908.0300535011293,-73.93193791187971,-73.93193791187971
1908.0400535011293,-73.93404518426276,-73.93404518426276
1908.0500535011292,-73.93613744172637,-73.93613744172637
1908.0600535011292,-73.93821498654165,-73.93821498654165
1908.0700535011292,-73.94027812341182,-73.94027812341182
1908.0800535011292,-73.94232715551601,-73.94232715551601
1908.0900535011292,-73.94436238235613,-73.94436238235613
1908.1000535011292,-73.94638409867076,-73.94638409867076
1908.1100535011292,-73.94839259395657,-73.94839259395657
1908.1200535011292,-73.95038815241993,-73.95038815241993
1908.1300535011292,-73.95237105309137,-73.95237105309137
1908.1400535011292,-73.95434157006174,-73.95434157006174
1908.1500535011292,-73.95629997277909,-73.95629997277909
1908.1600535011291,-73.95824652630374,-73.95824652630374
1908.1700535011291,-73.9601814916362,-73.9601814916362
1908.1800535011291,-73.96210512593848,-73.96210512593848
1908.1900535011291,-73.96401768278477,-73.96401768278477
1908.200053501129,-73.96591941234018,-73.96591941234018
1908.210053501129,-73.96781056157462,-73.96781056157462
1908.220053501129,-73.96969137438133,-73.96969137438133
1908.230053501129,-73.97156209172664,-73.97156209172664
1908.240053501129,-73.97342295174647,-73.97342295174647
1908.250053524971,-73.97527419425613,-73.97527419425613
1908.260053524971,-73.97711604316206,-73.97711604316206
1908.270053524971,-73.97894873306986,-73.97894873306986
1908.280053524971,-73.98077249159279,-73.98077249159279
1908.290053524971,-73.98258754385917,-73.98258754385917
1908.300053524971,-73.98439411254412,-73.98439411254412
1908.310053524971,-73.98619241790153,-73.98619241790153
1908.320053524971,-73.98798267776938,-73.98798267776938
1908.330053524971,-73.98976510761882,-73.98976510761882
1908.340053524971,-73.99153992054721,-73.99153992054721
1908.350053524971,-73.99330732730047,-73.99330732730047
1908.360053524971,-73.9950675362998,-73.9950675362998
1908.370053524971,-73.99682075362577,-73.99682075362577
1908.3800535249711,-73.9985671830549,-73.9985671830549
1908.390053524971,-74.00030702602936,-74.00030702602936
1908.400053524971,-74.0020404816963,-74.0020404816963
1908.410053524971,-74.0037677469076,-74.0037677469076
1908.420053524971,-74.00548901622011,-74.00548901622011
1908.430053524971,-74.00720448188977,-74.00720448188977
1908.440053524971,-74.00891433391257,-74.00891433391257
1908.450053524971,-74.01061875998421,-74.01061875998421
1908.460053524971,-74.0123179455595,-74.0123179455595
1908.470053524971,-74.01401207379425,-74.01401207379425
1908.480053524971,-74.01570132560748,-74.01570132560748
1908.490053524971,-74.0173858796595,-74.0173858796595
1908.500053524971,-74.01906591237757,-74.01906591237757
1908.510053524971,-74.02074159794091,-74.02074159794091
1908.520053524971,-74.02241310830634,-74.02241310830634
1908.530053524971,-74.0240806132115,-74.0240806132115
1908.540053524971,-74.0257442801868,-74.0257442801868
1908.550053524971,-74.02740427455414,-74.02740427455414
1908.560053524971,-74.02906075946144,-74.02906075946144
1908.570053524971,-74.03071389586863,-74.03071389586863
1908.580053524971,-74.03236384257268,-74.03236384257268
1908.590053524971,-74.03401075620958,-74.03401075620958
1908.600053524971,-74.03565479127691,-74.03565479127691
1908.610053524971,-74.03729610013636,-74.03729610013636
1908.620053524971,-74.03893483303457,-74.03893483303457
1908.6300535249711,-74.04057113811784,-74.04057113811784
1908.640053524971,-74.04220516143336,-74.04220516143336
1908.650053524971,-74.04383704696316,-74.04383704696316
1908.660053524971,-74.04546693661152,-74.04546693661152
1908.670053524971,-74.04709497025529,-74.04709497025529
1908.680053524971,-74.048721285724,-74.048721285724
1908.690053524971,-74.05034601883631,-74.05034601883631
1908.700053524971,-74.05196930341181,-74.05196930341181
1908.710053524971,-74.05359127128456,-74.05359127128456
1908.720053524971,-74.05521205231477,-74.05521205231477
1908.730053524971,-74.05683177442405,-74.05683177442405
1908.740053524971,-74.0584505635828,-74.0584505635828
1908.750053524971,-74.06006854386362,-74.06006854386362
1908.760053524971,-74.0616858374221,-74.0616858374221
1908.770053524971,-74.0633025645285,-74.0633025645285
1908.780053524971,-74.06491884360189,-74.06491884360189
1908.790053524971,-74.06653479119443,-74.06653479119443
1908.800053524971,-74.06815052204024,-74.06815052204024
1908.810053524971,-74.06976614906631,-74.06976614906631
1908.820053524971,-74.0713817833839,-74.0713817833839
1908.830053524971,-74.07299753434941,-74.07299753434941
1908.840053524971,-74.07461350953318,-74.07461350953318
1908.850053524971,-74.07622981478411,-74.07622981478411
1908.860053524971,-74.07784655422863,-74.07784655422863
1908.870053524971,-74.07946383028195,-74.07946383028195
1908.8800535249711,-74.0810817436691,-74.0810817436691
1908.890053524971,-74.08270039345747,-74.08270039345747
1908.900053524971,-74.08431987705418,-74.08431987705418
1908.910053524971,-74.08594029023995,-74.08594029023995
1908.920053524971,-74.0875617271756,-74.0875617271756
1908.930053524971,-74.08918428042537,-74.08918428042537
1908.940053524971,-74.09080804098407,-74.09080804098407
1908.950053524971,-74.09243309828395,-74.09243309828395
1908.960053524971,-74.09405954021274,-74.09405954021274
1908.970053524971,-74.09568745313229,-74.09568745313229
1908.980053524971,-74.0973169219033,-74.0973169219033
1908.990053524971,-74.09894802989542,-74.09894802989542
1909.000053524971,-74.10058085900728,-74.10058085900728
1909.010053524971,-74.10221548969348,-74.10221548969348
1909.020053524971,-74.10385200095624,-74.10385200095624
1909.030053524971,-74.10549047039511,-74.10549047039511
1909.040053524971,-74.10713097420036,-74.10713097420036
1909.050053524971,-74.10877358718392,-74.10877358718392
1909.060053524971,-74.11041838279013,-74.11041838279013
1909.070053524971,-74.11206543311374,-74.11206543311374
1909.080053524971,-74.11371480892234,-74.11371480892234
1909.090053524971,-74.11536657965763,-74.11536657965763
1909.1000535488129,-74.11702081740943,-74.11702081740943
1909.1100535488129,-74.11867758118062,-74.11867758118062
1909.1200535488128,-74.12033694049482,-74.12033694049482
1909.1300535488128,-74.12199895971345,-74.12199895971345
1909.1400535488128,-74.12366370194948,-74.12366370194948
1909.1500535488128,-74.1253312291056,-74.1253312291056
1909.1600535488128,-74.12700160188966,-74.12700160188966
1909.1700535488128,-74.12867487982159,-74.12867487982159
1909.1800535488128,-74.130351121241,-74.130351121241
1909.1900535488128,-74.13203038334518,-74.13203038334518
1909.2000535488128,-74.13371272218563,-74.13371272218563
1909.2100535488128,-74.13539819269474,-74.13539819269474
1909.2200535488128,-74.13708684868777,-74.13708684868777
1909.230053548813,-74.13877874290252,-74.13877874290252
1909.240053548813,-74.14047392698768,-74.14047392698768
1909.250053548813,-74.14217245152291,-74.14217245152291
1909.260053548813,-74.14387436605143,-74.14387436605143
1909.270053548813,-74.14557971905688,-74.14557971905688
1909.280053548813,-74.14728855803894,-74.14728855803894
1909.290053548813,-74.14900092946118,-74.14900092946118
1909.300053548813,-74.1507168787968,-74.1507168787968
1909.310053548813,-74.15243645055415,-74.15243645055415
1909.320053548813,-74.15415968826498,-74.15415968826498
1909.3300535488129,-74.15588663450407,-74.15588663450407
1909.3400535488129,-74.1576173309107,-74.1576173309107
1909.3500535488129,-74.15935181820234,-74.15935181820234
1909.3600535488129,-74.1610901361827,-74.1610901361827
1909.3700535488128,-74.16283232375443,-74.16283232375443
1909.3800535488128,-74.16457841893211,-74.16457841893211
1909.3900535488128,-74.1663284588478,-74.1663284588478
1909.4000535488128,-74.16808247978365,-74.16808247978365
1909.4100535488128,-74.16984051716071,-74.16984051716071
1909.4200535488128,-74.17160260556555,-74.17160260556555
1909.4300535488128,-74.17336877875988,-74.17336877875988
1909.4400535488128,-74.17513906969799,-74.17513906969799
1909.4500535488128,-74.17691351050817,-74.17691351050817
1909.4600535488128,-74.17869213254677,-74.17869213254677
1909.4700535488128,-74.18047496638516,-74.18047496638516
1909.480053548813,-74.18226204182731,-74.18226204182731
1909.490053548813,-74.18405338792009,-74.18405338792009
1909.500053548813,-74.18584903296163,-74.18584903296163
1909.510053548813,-74.18764900451026,-74.18764900451026
1909.520053548813,-74.18945332940487,-74.18945332940487
1909.530053548813,-74.19126203376584,-74.19126203376584
1909.540053548813,-74.19307514301092,-74.19307514301092
1909.550053548813,-74.19489268186798,-74.19489268186798
1909.560053548813,-74.19671467438131,-74.19671467438131
1909.570053548813,-74.1985411439174,-74.1985411439174
1909.5800535488129,-74.20037211317593,-74.20037211317593
1909.5900535488129,-74.20220760420727,-74.20220760420727
1909.6000535488129,-74.20404763841117,-74.20404763841117
1909.6100535488129,-74.20589223656906,-74.20589223656906
1909.6200535488128,-74.20774141881911,-74.20774141881911
1909.6300535488128,-74.20959520468713,-74.20959520468713
1909.6400535488128,-74.21145361309814,-74.21145361309814
1909.6500535488128,-74.21331666237285,-74.21331666237285
1909.6600535488128,-74.21518437024845,-74.21518437024845
1909.6700535488128,-74.21705675388026,-74.21705675388026
1909.6800535488128,-74.21893382985226,-74.21893382985226
1909.6900535488128,-74.22081561417919,-74.22081561417919
1909.7000535488128,-74.22270212231925,-74.22270212231925
1909.7100535488128,-74.22459336920416,-74.22459336920416
1909.7200535488128,-74.22648936921067,-74.22648936921067
1909.730053548813,-74.22839013619512,-74.22839013619512
1909.740053548813,-74.23029568347428,-74.23029568347428
1909.750053548813,-74.23220602387498,-74.23220602387498
1909.760053548813,-74.23412116969989,-74.23412116969989
1909.770053548813,-74.23604113276511,-74.23604113276511
1909.780053548813,-74.23796592438266,-74.23796592438266
1909.790053548813,-74.23989555539033,-74.23989555539033
1909.800053548813,-74.24183003614571,-74.24183003614571
1909.810053548813,-74.24376937654313,-74.24376937654313
1909.820053548813,-74.24571358600987,-74.24571358600987
1909.8300535488129,-74.24766267352648,-74.24766267352648
1909.8400535488129,-74.24961664761325,-74.24961664761325
1909.8500535488129,-74.25157551636167,-74.25157551636167
1909.8600535488129,-74.2535392874157,-74.2535392874157
1909.8700535488128,-74.25550796800918,-74.25550796800918
1909.8800535488128,-74.25748156493796,-74.25748156493796
1909.8900535488128,-74.25946008459862,-74.25946008459862
1909.9000535488128,-74.26144353297303,-74.26144353297303
1909.9100535488128,-74.26343191564179,-74.26343191564179
1909.9200535488128,-74.2654252377889,-74.2654252377889
1909.9300535488128,-74.2674235042143,-74.2674235042143
1909.9400535488128,-74.26942671932831,-74.26942671932831
1909.9500535726547,-74.27143489195157,-74.27143489195157
1909.9600535726547,-74.27344801620728,-74.27344801620728
1909.9700535726547,-74.2754661001488,-74.2754661001488
1909.9800535726547,-74.27748914672716,-74.27748914672716
1909.9900535726547,-74.2795171585279,-74.2795171585279
1910.0000535726547,-74.2815501377887,-74.2815501377887
1910.0100535726547,-74.2835880864043,-74.2835880864043
1910.0200535726547,-74.28563100594445,-74.28563100594445
1910.0300535726547,-74.28767889762607,-74.28767889762607
1910.0400535726546,-74.28973176235108,-74.28973176235108
1910.0500535726546,-74.29178960070193,-74.29178960070193
1910.0600535726546,-74.29385241293875,-74.29385241293875
1910.0700535726546,-74.295920199019,-74.295920199019
1910.0800535726548,-74.29799295857677,-74.29799295857677
1910.0900535726548,-74.3000706909649,-74.3000706909649
1910.1000535726548,-74.30215339522674,-74.30215339522674
1910.1100535726548,-74.30424107011615,-74.30424107011615
1910.1200535726548,-74.3063337141035,-74.3063337141035
1910.1300535726548,-74.30843132537582,-74.30843132537582
1910.1400535726548,-74.31053390183966,-74.31053390183966
1910.1500535726548,-74.31264144112582,-74.31264144112582
1910.1600535726548,-74.31475394060604,-74.31475394060604
1910.1700535726548,-74.3168713973838,-74.3168713973838
1910.1800535726547,-74.31899380829283,-74.31899380829283
1910.1900535726547,-74.32112116992518,-74.32112116992518
1910.2000535726547,-74.32325347860869,-74.32325347860869
1910.2100535726547,-74.32539073042754,-74.32539073042754
1910.2200535726547,-74.3275329212364,-74.3275329212364
1910.2300535726547,-74.3296800466309,-74.3296800466309
1910.2400535726547,-74.33183210197814,-74.33183210197814
1910.2500535726547,-74.33398908241878,-74.33398908241878
1910.2600535726547,-74.33615098286444,-74.33615098286444
1910.2700535726547,-74.33831779799384,-74.33831779799384
1910.2800535726547,-74.34048952227153,-74.34048952227153
1910.2900535726546,-74.3426661499505,-74.3426661499505
1910.3000535726546,-74.34484767506727,-74.34484767506727
1910.3100535726546,-74.34703409144475,-74.34703409144475
1910.3200535726546,-74.34922539271186,-74.34922539271186
1910.3300535726548,-74.35142157228654,-74.35142157228654
1910.3400535726548,-74.35362262338423,-74.35362262338423
1910.3500535726548,-74.3558285390309,-74.3558285390309
1910.3600535726548,-74.3580393120642,-74.3580393120642
1910.3700535726548,-74.36025493513665,-74.36025493513665
1910.3800535726548,-74.36247540069705,-74.36247540069705
1910.3900535726548,-74.36470070103084,-74.36470070103084
1910.4000535726548,-74.36693082823793,-74.36693082823793
1910.4100535726548,-74.3691657742363,-74.3691657742363
1910.4200535726548,-74.37140553078675,-74.37140553078675
1910.4300535726547,-74.37365008946401,-74.37365008946401
1910.4400535726547,-74.37589944168334,-74.37589944168334
1910.4500535726547,-74.37815357870417,-74.37815357870417
1910.4600535726547,-74.38041249161303,-74.38041249161303
1910.4700535726547,-74.38267617133931,-74.38267617133931
1910.4800535726547,-74.3849446086611,-74.3849446086611
1910.4900535726547,-74.38721779420963,-74.38721779420963
1910.5000535726547,-74.38949571846084,-74.38949571846084
1910.5100535726547,-74.3917783717515,-74.3917783717515
1910.5200535726547,-74.39406574425794,-74.39406574425794
1910.5300535726547,-74.39635782602555,-74.39635782602555
1910.5400535726546,-74.39865460696244,-74.39865460696244
1910.5500535726546,-74.40095607683779,-74.40095607683779
1910.5600535726546,-74.40326222528932,-74.40326222528932
1910.5700535726546,-74.40557304182131,-74.40557304182131
1910.5800535726548,-74.40788851581605,-74.40788851581605
1910.5900535726548,-74.41020863650658,-74.41020863650658
1910.6000535726548,-74.4125333930321,-74.4125333930321
1910.6100535726548,-74.41486277440156,-74.41486277440156
1910.6200535726548,-74.41719676949191,-74.41719676949191
1910.6300535726548,-74.4195353670738,-74.4195353670738
1910.6400535726548,-74.42187855579871,-74.42187855579871
1910.6500535726548,-74.42422632420701,-74.42422632420701
1910.6600535726548,-74.42657866073864,-74.42657866073864
1910.6700535726548,-74.42893555371002,-74.42893555371002
1910.6800535726547,-74.43129699134349,-74.43129699134349
1910.6900535726547,-74.43366296174908,-74.43366296174908
1910.7000535726547,-74.43603345294403,-74.43603345294403
1910.7100535726547,-74.43840845283603,-74.43840845283603
1910.7200535726547,-74.44078794924117,-74.44078794924117
1910.7300535726547,-74.44317192988093,-74.44317192988093
1910.7400535726547,-74.44556038237397,-74.44556038237397
1910.7500535726547,-74.44795329425918,-74.44795329425918
1910.7600535726547,-74.45035065298283,-74.45035065298283
1910.7700535726547,-74.45275244590113,-74.45275244590113
1910.7800535726547,-74.45515866028774,-74.45515866028774
1910.7900535726546,-74.45756928332061,-74.45756928332061
1910.8000535964966,-74.4599843078542,-74.4599843078542
1910.8100535964966,-74.46240370943701,-74.46240370943701
1910.8200535964966,-74.46482748073453,-74.46482748073453
1910.8300535964966,-74.46725560861857,-74.46725560861857
1910.8400535964965,-74.46968807987936,-74.46968807987936
1910.8500535964965,-74.47212488123515,-74.47212488123515
1910.8600535964965,-74.4745659993433,-74.4745659993433
1910.8700535964965,-74.47701142076565,-74.47701142076565
1910.8800535964965,-74.47946113201975,-74.47946113201975
1910.8900535964965,-74.48191511954042,-74.48191511954042
1910.9000535964965,-74.48437336970295,-74.48437336970295
1910.9100535964965,-74.48683586881508,-74.48683586881508
1910.9200535964965,-74.48930260312152,-74.48930260312152
1910.9300535964967,-74.4917735588156,-74.4917735588156
1910.9400535964967,-74.49424872202331,-74.49424872202331
1910.9500535964967,-74.49672807881385,-74.49672807881385
1910.9600535964967,-74.49921161519865,-74.49921161519865
1910.9700535964967,-74.50169931713404,-74.50169931713404
1910.9800535964966,-74.50419117052198,-74.50419117052198
1910.9900535964966,-74.50668716121102,-74.50668716121102
1911.0000535964966,-74.5091872750076,-74.5091872750076
1911.0100535964966,-74.51169149766201,-74.51169149766201
1911.0200535964966,-74.51419981487417,-74.51419981487417
1911.0300535964966,-74.5167122122954,-74.5167122122954
1911.0400535964966,-74.51922867553996,-74.51922867553996
1911.0500535964966,-74.52174919016518,-74.52174919016518
1911.0600535964966,-74.52427374170257,-74.52427374170257
1911.0700535964966,-74.52680231562294,-74.52680231562294
1911.0800535964966,-74.52933489737295,-74.52933489737295
1911.0900535964965,-74.53187147234283,-74.53187147234283
1911.1000535964965,-74.53441202590191,-74.53441202590191
1911.1100535964965,-74.53695654337473,-74.53695654337473
1911.1200535964965,-74.53950501004239,-74.53950501004239
1911.1300535964965,-74.5420574111505,-74.5420574111505
1911.1400535964965,-74.54461373192773,-74.54461373192773
1911.1500535964965,-74.54717395756325,-74.54717395756325
1911.1600535964965,-74.5497380732064,-74.5497380732064
1911.1700535964965,-74.55230606398244,-74.55230606398244
1911.1800535964967,-74.55487791497977,-74.55487791497977
1911.1900535964967,-74.55745361127842,-74.55745361127842
1911.2000535964967,-74.56003313790254,-74.56003313790254
1911.2100535964967,-74.56261647987071,-74.56261647987071
1911.2200535964967,-74.56520362217321,-74.56520362217321
1911.2300535964966,-74.56779454977443,-74.56779454977443
1911.2400535964966,-74.5703892476031,-74.5703892476031
1911.2500535964966,-74.5729877005853,-74.5729877005853
1911.2600535964966,-74.57558989361706,-74.57558989361706
1911.2700535964966,-74.5781958115675,-74.5781958115675
1911.2800535964966,-74.58080543929609,-74.58080543929609
1911.2900535964966,-74.58341876163503,-74.58341876163503
1911.3000535964966,-74.58603576340936,-74.58603576340936
1911.3100535964966,-74.5886564294179,-74.5886564294179
1911.3200535964966,-74.59128074444854,-74.59128074444854
1911.3300535964966,-74.59390869326612,-74.59390869326612
1911.3400535964965,-74.596540260638,-74.596540260638
1911.3500535964965,-74.599175431296,-74.599175431296
1911.3600535964965,-74.60181418997011,-74.60181418997011
1911.3700535964965,-74.60445652138671,-74.60445652138671
1911.3800535964965,-74.60710241025264,-74.60710241025264
1911.3900535964965,-74.60975184125692,-74.60975184125692
1911.4000535964965,-74.61240479909071,-74.61240479909071
1911.4100535964965,-74.61506126842949,-74.61506126842949
1911.4200535964965,-74.6177212339465,-74.6177212339465
1911.4300535964967,-74.62038468030246,-74.62038468030246
1911.4400535964967,-74.62305159216207,-74.62305159216207
1911.4500535964967,-74.62572195416375,-74.62572195416375
1911.4600535964967,-74.6283957509624,-74.6283957509624
1911.4700535964967,-74.63107296719822,-74.63107296719822
1911.4800535964966,-74.63375358749866,-74.63375358749866
1911.4900535964966,-74.63643759650793,-74.63643759650793
1911.5000535964966,-74.63912497885671,-74.63912497885671
1911.5100535964966,-74.64181571917257,-74.64181571917257
1911.5200535964966,-74.64450980208738,-74.64450980208738
1911.5300535964966,-74.64720721222803,-74.64720721222803
1911.5400535964966,-74.64990793422604,-74.64990793422604
1911.5500535964966,-74.65261195270877,-74.65261195270877
1911.5600535964966,-74.65531925231012,-74.65531925231012
1911.5700535964966,-74.65802981765904,-74.65802981765904
1911.5800535964966,-74.66074363338744,-74.66074363338744
1911.5900535964965,-74.66346068414299,-74.66346068414299
1911.6000535964965,-74.66618095456684,-74.66618095456684
1911.6100535964965,-74.66890442930628,-74.66890442930628
1911.6200535964965,-74.67163109301332,-74.67163109301332
1911.6300535964965,-74.67436093034216,-74.67436093034216
1911.6400535964965,-74.67709392596514,-74.67709392596514
1911.6500536203384,-74.67983007105833,-74.67983007105833
1911.6600536203384,-74.68256933728773,-74.68256933728773
1911.6700536203384,-74.68531171583356,-74.68531171583356
1911.6800536203384,-74.68805719138997,-74.68805719138997
1911.6900536203384,-74.69080574866116,-74.69080574866116
1911.7000536203384,-74.69355737235942,-74.69355737235942
1911.7100536203384,-74.69631204719681,-74.69631204719681
1911.7200536203384,-74.69906975791989,-74.69906975791989
1911.7300536203384,-74.70183048925723,-74.70183048925723
1911.7400536203384,-74.70459422596655,-74.70459422596655
1911.7500536203383,-74.70736095281141,-74.70736095281141
1911.7600536203383,-74.71013065455926,-74.71013065455926
1911.7700536203383,-74.71290331601057,-74.71290331601057
1911.7800536203385,-74.71567892195652,-74.71567892195652
1911.7900536203385,-74.71845745721693,-74.71845745721693
1911.8000536203385,-74.72123890661872,-74.72123890661872
1911.8100536203385,-74.72402325499672,-74.72402325499672
1911.8200536203385,-74.72681048721549,-74.72681048721549
1911.8300536203385,-74.72960058814591,-74.72960058814591
1911.8400536203385,-74.73239354267025,-74.73239354267025
1911.8500536203385,-74.7351893356959,-74.7351893356959
1911.8600536203385,-74.7379879521358,-74.7379879521358
1911.8700536203385,-74.74078937693348,-74.74078937693348
1911.8800536203385,-74.74359359503521,-74.74359359503521
1911.8900536203384,-74.7464005914055,-74.7464005914055
1911.9000536203384,-74.74921035103509,-74.74921035103509
1911.9100536203384,-74.75202285892684,-74.75202285892684
1911.9200536203384,-74.7548381001095,-74.7548381001095
1911.9300536203384,-74.7576560596185,-74.7576560596185
1911.9400536203384,-74.76047672252012,-74.76047672252012
1911.9500536203384,-74.76330007389029,-74.76330007389029
1911.9600536203384,-74.76612609882861,-74.76612609882861
1911.9700536203384,-74.76895478245608,-74.76895478245608
1911.9800536203384,-74.77178610991226,-74.77178610991226
1911.9900536203384,-74.7746200663562,-74.7746200663562
1912.0000536203383,-74.7774566369726,-74.7774566369726
1912.0100536203383,-74.78029580695807,-74.78029580695807
1912.0200536203383,-74.78313756154672,-74.78313756154672
1912.0300536203385,-74.78598188597127,-74.78598188597127
1912.0400536203385,-74.78882876550783,-74.78882876550783
1912.0500536203385,-74.79167818544688,-74.79167818544688
1912.0600536203385,-74.79453013109917,-74.79453013109917
1912.0700536203385,-74.79738458780349,-74.79738458780349
1912.0800536203385,-74.80024154091448,-74.80024154091448
1912.0900536203385,-74.80310097582482,-74.80310097582482
1912.1000536203385,-74.80596287793156,-74.80596287793156
1912.1100536203385,-74.80882723266497,-74.80882723266497
1912.1200536203385,-74.81169402548151,-74.81169402548151
1912.1300536203385,-74.81456324186314,-74.81456324186314
1912.1400536203384,-74.81743486731033,-74.81743486731033
1912.1500536203384,-74.82030888735812,-74.82030888735812
1912.1600536203384,-74.82318528755559,-74.82318528755559
1912.1700536203384,-74.82606405347961,-74.82606405347961
1912.1800536203384,-74.82894517073389,-74.82894517073389
1912.1900536203384,-74.83182862495497,-74.83182862495497
1912.2000536203384,-74.83471440179822,-74.83471440179822
1912.2100536203384,-74.83760248694159,-74.83760248694159
1912.2200536203384,-74.84049286610284,-74.84049286610284
1912.2300536203384,-74.8433855250133,-74.8433855250133
1912.2400536203384,-74.84628044944544,-74.84628044944544
1912.2500536203383,-74.84917762517945,-74.84917762517945
1912.2600536203383,-74.85207703803303,-74.85207703803303
1912.2700536203383,-74.85497867385132,-74.85497867385132
1912.2800536203385,-74.8578825185191,-74.8578825185191
1912.2900536203385,-74.86078855793085,-74.86078855793085
1912.3000536203385,-74.8636967780088,-74.8636967780088
1912.3100536203385,-74.86660716471332,-74.86660716471332
1912.3200536203385,-74.86951970402833,-74.86951970402833
1912.3300536203385,-74.8724343819674,-74.8724343819674
1912.3400536203385,-74.87535118457794,-74.87535118457794
1912.3500536203385,-74.8782700979336,-74.8782700979336
1912.3600536203385,-74.8811911081306,-74.8811911081306
1912.3700536203385,-74.88411420129745,-74.88411420129745
1912.3800536203385,-74.8870393635932,-74.8870393635932
1912.3900536203384,-74.88996658120797,-74.88996658120797
1912.4000536203384,-74.89289584036436,-74.89289584036436
1912.4100536203384,-74.89582712729697,-74.89582712729697
1912.4200536203384,-74.89876042829745,-74.89876042829745
1912.4300536203384,-74.90169572966795,-74.90169572966795
1912.4400536203384,-74.90463301774658,-74.90463301774658
1912.4500536203384,-74.90757227890374,-74.90757227890374
1912.4600536203384,-74.910506958379,-74.910506958379
1912.4700536203384,-74.91343417234052,-74.91343417234052
1912.4800536203384,-74.91635250463028,-74.91635250463028
1912.4900536203384,-74.9192612184986,-74.9192612184986
1912.5000536441803,-74.92215996275023,-74.92215996275023
1912.5100536441803,-74.92504858799879,-74.92504858799879
1912.5200536441803,-74.92792709672804,-74.92792709672804
1912.5300536441803,-74.93079556065214,-74.93079556065214
1912.5400536441803,-74.93365409461258,-74.93365409461258
1912.5500536441803,-74.93650283677452,-74.93650283677452
1912.5600536441802,-74.93934193677792,-74.93934193677792
1912.5700536441802,-74.94217154878423,-74.94217154878423
1912.5800536441802,-74.94499182747721,-74.94499182747721
1912.5900536441802,-74.9478029258357,-74.9478029258357
1912.6000536441802,-74.95060499401309,-74.95060499401309
1912.6100536441802,-74.95339817887053,-74.95339817887053
1912.6200536441802,-74.9561826238829,-74.9561826238829
1912.6300536441804,-74.95895846922542,-74.95895846922542
1912.6400536441804,-74.96172585203969,-74.96172585203969
1912.6500536441804,-74.9644849066514,-74.9644849066514
1912.6600536441804,-74.96723576487783,-74.96723576487783
1912.6700536441804,-74.96997855628494,-74.96997855628494
1912.6800536441804,-74.9727134084221,-74.9727134084221
1912.6900536441804,-74.97544044704792,-74.97544044704792
1912.7000536441803,-74.97815979631915,-74.97815979631915
1912.7100536441803,-74.98086503215721,-74.98086503215721
1912.7200536441803,-74.98355340357455,-74.98355340357455
1912.7300536441803,-74.986223627405,-74.986223627405
1912.7400536441803,-74.98887509939141,-74.98887509939141
1912.7500536441803,-74.99150759326564,-74.99150759326564
1912.7600536441803,-74.99412110453375,-74.99412110453375
1912.7700536441803,-74.99671575899893,-74.99671575899893
1912.7800536441803,-74.99929175783784,-74.99929175783784
1912.7900536441803,-75.00184934454879,-75.00184934454879
1912.8000536441803,-75.00438878513488,-75.00438878513488
1912.8100536441802,-75.00691035629123,-75.00691035629123
1912.8200536441802,-75.00941433841756,-75.00941433841756
1912.8300536441802,-75.01190101164241,-75.01190101164241
1912.8400536441802,-75.01437065356531,-75.01437065356531
1912.8500536441802,-75.0168235381642,-75.0168235381642
1912.8600536441802,-75.01925993529673,-75.01925993529673
1912.8700536441802,-75.02168011059386,-75.02168011059386
1912.8800536441804,-75.0240843255606,-75.0240843255606
1912.8900536441804,-75.02647283779665,-75.02647283779665
1912.9000536441804,-75.02884590124013,-75.02884590124013
1912.9100536441804,-75.03120376642885,-75.03120376642885
1912.9200536441804,-75.03354668076797,-75.03354668076797
1912.9300536441804,-75.03587488874538,-75.03587488874538
1912.9400536441804,-75.03818863214137,-75.03818863214137
1912.9500536441803,-75.0404881502117,-75.0404881502117
1912.9600536441803,-75.04276712880996,-75.04276712880996
1912.9700536441803,-75.04502292906746,-75.04502292906746
1912.9800536441803,-75.04725438016862,-75.04725438016862
1912.9900536441803,-75.04946098980284,-75.04946098980284
1913.0000536441803,-75.05164264293225,-75.05164264293225
1913.0100536441803,-75.05379944550312,-75.05379944550312
1913.0200536441803,-75.05593163286598,-75.05593163286598
1913.0300536441803,-75.05803951476445,-75.05803951476445
1913.0400536441803,-75.06012344229983,-75.06012344229983
1913.0500536441803,-75.06218378806774,-75.06218378806774
1913.0600536441802,-75.06422093431088,-75.06422093431088
1913.0700536441802,-75.06623526595881,-75.06623526595881
1913.0800536441802,-75.06822716659933,-75.06822716659933
1913.0900536441802,-75.07019701625255,-75.07019701625255
1913.1000536441802,-75.07214519024953,-75.07214519024953
1913.1100536441802,-75.0740720587227,-75.0740720587227
1913.1200536441802,-75.075977986537,-75.075977986537
1913.1300536441804,-75.07786333335159,-75.07786333335159
1913.1400536441804,-75.07972845384023,-75.07972845384023
1913.1500536441804,-75.08157369795725,-75.08157369795725
1913.1600536441804,-75.08339941119341,-75.08339941119341
1913.1700536441804,-75.0852059347971,-75.0852059347971
1913.1800536441804,-75.08699360607307,-75.08699360607307
1913.1900536441804,-75.08876275851891,-75.08876275851891
1913.2000536441803,-75.09051372205653,-75.09051372205653
1913.2100536441803,-75.09224682316001,-75.09224682316001
1913.2200536441803,-75.09396238496026,-75.09396238496026
1913.2300536441803,-75.09566072741052,-75.09566072741052
1913.2400536441803,-75.09734216731346,-75.09734216731346
1913.2500536441803,-75.0990070184367,-75.0990070184367
1913.2600536441803,-75.10065559153296,-75.10065559153296
1913.2700536441803,-75.1022881944149,-75.1022881944149
1913.2800536441803,-75.10390513197682,-75.10390513197682
1913.2900536441803,-75.10550670620611,-75.10550670620611
1913.3000536441803,-75.10709321622896,-75.10709321622896
1913.3100536441802,-75.10866495831584,-75.10866495831584
1913.3200536441802,-75.1102222258722,-75.1102222258722
1913.3300536441802,-75.11176530947938,-75.11176530947938
1913.3400536441802,-75.1132944968632,-75.1132944968632
1913.3500536680222,-75.11481007651597,-75.11481007651597
1913.3600536680221,-75.1163123232323,-75.1163123232323
1913.3700536680221,-75.11780151987121,-75.11780151987121
1913.3800536680221,-75.119277942794,-75.119277942794
1913.3900536680221,-75.12074186551362,-75.12074186551362
1913.400053668022,-75.1221935586943,-75.1221935586943
1913.410053668022,-75.12363329013326,-75.12363329013326
1913.420053668022,-75.12506132479568,-75.12506132479568
1913.430053668022,-75.12647792478145,-75.12647792478145
1913.440053668022,-75.12788334931795,-75.12788334931795
1913.450053668022,-75.12927785480738,-75.12927785480738
1913.460053668022,-75.13066169476514,-75.13066169476514
1913.470053668022,-75.13203511985131,-75.13203511985131
1913.4800536680223,-75.1333983778838,-75.1333983778838
1913.4900536680223,-75.13475171382365,-75.13475171382365
1913.5000536680222,-75.13609536978507,-75.13609536978507
1913.5100536680222,-75.1374295850424,-75.1374295850424
1913.5200536680222,-75.13875459601965,-75.13875459601965
1913.5300536680222,-75.14007063632418,-75.14007063632418
1913.5400536680222,-75.14137793672994,-75.14137793672994
1913.5500536680222,-75.1426767252107,-75.1426767252107
1913.5600536680222,-75.14396722691981,-75.14396722691981
1913.5700536680222,-75.14524966421494,-75.14524966421494
1913.5800536680222,-75.1465242566843,-75.1465242566843
1913.5900536680222,-75.14779122113298,-75.14779122113298
1913.6000536680222,-75.14905077160172,-75.14905077160172
1913.6100536680221,-75.15030311939933,-75.15030311939933
1913.6200536680221,-75.15154847308531,-75.15154847308531
1913.6300536680221,-75.15278703851479,-75.15278703851479
1913.6400536680221,-75.15401901883408,-75.15401901883408
1913.650053668022,-75.15524461450576,-75.15524461450576
1913.660053668022,-75.15646402331602,-75.15646402331602
1913.670053668022,-75.15767744040447,-75.15767744040447
1913.680053668022,-75.15888505826823,-75.15888505826823
1913.690053668022,-75.16008706678964,-75.16008706678964
1913.700053668022,-75.16128365325793,-75.16128365325793
1913.710053668022,-75.16247500238114,-75.16247500238114
1913.720053668022,-75.16366129630559,-75.16366129630559
1913.7300536680223,-75.16484271463544,-75.16484271463544
1913.7400536680223,-75.16601943445127,-75.16601943445127
1913.7500536680222,-75.1671916303432,-75.1671916303432
1913.7600536680222,-75.16835947441115,-75.16835947441115
1913.7700536680222,-75.16952313631033,-75.16952313631033
1913.7800536680222,-75.17068278324334,-75.17068278324334
1913.7900536680222,-75.17183858001367,-75.17183858001367
1913.8000536680222,-75.17299068902956,-75.17299068902956
1913.8100536680222,-75.17413927031767,-75.17413927031767
1913.8200536680222,-75.17528448156962,-75.17528448156962
1913.8300536680222,-75.17642647813908,-75.17642647813908
1913.8400536680222,-75.1775654130866,-75.1775654130866
1913.8500536680222,-75.17870143718271,-75.17870143718271
1913.8600536680221,-75.17983469894145,-75.17983469894145
1913.8700536680221,-75.18096534464534,-75.18096534464534
1913.8800536680221,-75.18209351836495,-75.18209351836495
1913.8900536680221,-75.18321936197214,-75.18321936197214
1913.900053668022,-75.1843430151831,-75.1843430151831
1913.910053668022,-75.18546461556778,-75.18546461556778
1913.920053668022,-75.18658429856295,-75.18658429856295
1913.930053668022,-75.18770219752618,-75.18770219752618
1913.940053668022,-75.18881844372608,-75.18881844372608
1913.950053668022,-75.18993316639602,-75.18993316639602
1913.960053668022,-75.1910464927287,-75.1910464927287
1913.970053668022,-75.1921585479147,-75.1921585479147
1913.9800536680223,-75.19326945515499,-75.19326945515499
1913.9900536680223,-75.1943793356996,-75.1943793356996
1914.0000536680222,-75.1954883088569,-75.1954883088569
1914.0100536680222,-75.19659649201733,-75.19659649201733
1914.0200536680222,-75.19770400068455,-75.19770400068455
1914.0300536680222,-75.19881094849573,-75.19881094849573
1914.0400536680222,-75.1999174472348,-75.1999174472348
1914.0500536680222,-75.2010236068568,-75.2010236068568
1914.0600536680222,-75.2021295355248,-75.2021295355248
1914.0700536680222,-75.20323533960976,-75.20323533960976
1914.0800536680222,-75.20434112372845,-75.20434112372845
1914.0900536680222,-75.20544699075431,-75.20544699075431
1914.1000536680222,-75.20655304185829,-75.20655304185829
1914.1100536680221,-75.20765937649867,-75.20765937649867
1914.1200536680221,-75.20876609248069,-75.20876609248069
1914.1300536680221,-75.20987328593695,-75.20987328593695
1914.1400536680221,-75.21098105138533,-75.21098105138533
1914.150053668022,-75.2120894817206,-75.2120894817206
1914.160053668022,-75.21319866825804,-75.21319866825804
1914.170053668022,-75.2143087007323,-75.2143087007323
1914.180053668022,-75.2154196673376,-75.2154196673376
1914.190053668022,-75.21653165472982,-75.21653165472982
1914.200053691864,-75.21764475072371,-75.21764475072371
1914.210053691864,-75.21875903368507,-75.21875903368507
1914.220053691864,-75.21987458844295,-75.21987458844295
1914.230053691864,-75.22099149574548,-75.22099149574548
1914.240053691864,-75.22210983489936,-75.22210983489936
1914.250053691864,-75.22322968380712,-75.22322968380712
1914.260053691864,-75.22435111897403,-75.22435111897403
1914.270053691864,-75.22547421553328,-75.22547421553328
1914.280053691864,-75.2265990472516,-75.2265990472516
1914.290053691864,-75.22772568656796,-75.22772568656796
1914.300053691864,-75.22885420459663,-75.22885420459663
1914.310053691864,-75.22998467114812,-75.22998467114812
1914.320053691864,-75.23111715475008,-75.23111715475008
1914.3300536918641,-75.23225172266933,-75.23225172266933
1914.3400536918641,-75.23338844091218,-75.23338844091218
1914.350053691864,-75.23452737425701,-75.23452737425701
1914.360053691864,-75.23566858627053,-75.23566858627053
1914.370053691864,-75.23681213931721,-75.23681213931721
1914.380053691864,-75.23795809456878,-75.23795809456878
1914.390053691864,-75.2391065120419,-75.2391065120419
1914.400053691864,-75.24025745060058,-75.24025745060058
1914.410053691864,-75.24141096797678,-75.24141096797678
1914.420053691864,-75.24256712077594,-75.24256712077594
1914.430053691864,-75.24372596451455,-75.24372596451455
1914.440053691864,-75.24488755360878,-75.24488755360878
1914.450053691864,-75.24605194141557,-75.24605194141557
1914.460053691864,-75.2472126143064,-75.2472126143064
1914.470053691864,-75.2483667459093,-75.2483667459093
1914.480053691864,-75.24951298314576,-75.24951298314576
1914.490053691864,-75.25065065432824,-75.25065065432824
1914.500053691864,-75.25177946701137,-75.25177946701137
1914.510053691864,-75.2528993511458,-75.2528993511458
1914.520053691864,-75.25401036717983,-75.25401036717983
1914.530053691864,-75.25511265086816,-75.25511265086816
1914.540053691864,-75.25620638007247,-75.25620638007247
1914.550053691864,-75.25729175485296,-75.25729175485296
1914.560053691864,-75.25836898559794,-75.25836898559794
1914.570053691864,-75.25943828605055,-75.25943828605055
1914.5800536918641,-75.26049986929408,-75.26049986929408
1914.5900536918641,-75.26155394556956,-75.26155394556956
1914.600053691864,-75.26260072113851,-75.26260072113851
1914.610053691864,-75.26364039787153,-75.26364039787153
1914.620053691864,-75.26467317313838,-75.26467317313838
1914.630053691864,-75.26569923997782,-75.26569923997782
1914.640053691864,-75.26671878732228,-75.26671878732228
1914.650053691864,-75.26773200028114,-75.26773200028114
1914.660053691864,-75.26873906046201,-75.26873906046201
1914.670053691864,-75.26974014622954,-75.26974014622954
1914.680053691864,-75.27073543299437,-75.27073543299437
1914.690053691864,-75.27172509344568,-75.27172509344568
1914.700053691864,-75.27270929774471,-75.27270929774471
1914.710053691864,-75.27368821371385,-75.27368821371385
1914.720053691864,-75.27466200699172,-75.27466200699172
1914.730053691864,-75.2756308411546,-75.2756308411546
1914.740053691864,-75.2765948778437,-75.2765948778437
1914.750053691864,-75.27755427683834,-75.27755427683834
1914.760053691864,-75.27850919614804,-75.27850919614804
1914.770053691864,-75.27945979207158,-75.27945979207158
1914.780053691864,-75.2804062192409,-75.2804062192409
1914.790053691864,-75.28134863067149,-75.28134863067149
1914.800053691864,-75.28228717778913,-75.28228717778913
1914.810053691864,-75.28322201046224,-75.28322201046224
1914.820053691864,-75.28415327702412,-75.28415327702412
1914.8300536918641,-75.28508112428595,-75.28508112428595
1914.8400536918641,-75.2860056975447,-75.2860056975447
1914.850053691864,-75.28692714061197,-75.28692714061197
1914.860053691864,-75.28784559578726,-75.28784559578726
1914.870053691864,-75.28876120389369,-75.28876120389369
1914.880053691864,-75.2896741042693,-75.2896741042693
1914.890053691864,-75.29058443477028,-75.29058443477028
1914.900053691864,-75.29149233176541,-75.29149233176541
1914.910053691864,-75.29239793014463,-75.29239793014463
1914.920053691864,-75.29330136331411,-75.29330136331411
1914.930053691864,-75.29420276319668,-75.29420276319668
1914.940053691864,-75.29510226021996,-75.29510226021996
1914.950053691864,-75.29599998334108,-75.29599998334108
1914.960053691864,-75.29688949049871,-75.29688949049871
1914.970053691864,-75.29776802904519,-75.29776802904519
1914.980053691864,-75.29863432020063,-75.29863432020063
1914.990053691864,-75.29948776655019,-75.29948776655019
1915.000053691864,-75.30032814967551,-75.30032814967551
1915.010053691864,-75.30115547320618,-75.30115547320618
1915.020053691864,-75.30196987081979,-75.30196987081979
1915.030053691864,-75.30277155101167,-75.30277155101167
1915.040053691864,-75.30356076386127,-75.30356076386127
1915.0500537157059,-75.30433778292623,-75.30433778292623
1915.0600537157059,-75.30510288594141,-75.30510288594141
1915.0700537157059,-75.30585635903118,-75.30585635903118
1915.0800537157058,-75.30659848516851,-75.30659848516851
1915.0900537157058,-75.30732954383434,-75.30732954383434
1915.1000537157058,-75.3080498099588,-75.3080498099588
1915.1100537157058,-75.30875955343238,-75.30875955343238
1915.1200537157058,-75.30945903900823,-75.30945903900823
1915.1300537157058,-75.31014852647239,-75.31014852647239
1915.1400537157058,-75.31082827083942,-75.31082827083942
1915.1500537157058,-75.31149852268413,-75.31149852268413
1915.1600537157058,-75.31215952839622,-75.31215952839622
1915.1700537157058,-75.31281153048818,-75.31281153048818
1915.180053715706,-75.31345476784743,-75.31345476784743
1915.190053715706,-75.3140894759697,-75.3140894759697
1915.200053715706,-75.31471588716317,-75.31471588716317
1915.210053715706,-75.31533423072904,-75.31533423072904
1915.220053715706,-75.31594473312508,-75.31594473312508
1915.230053715706,-75.31654761806674,-75.31654761806674
1915.240053715706,-75.31714310666871,-75.31714310666871
1915.250053715706,-75.3177314175031,-75.3177314175031
1915.260053715706,-75.3183127667224,-75.3183127667224
1915.270053715706,-75.3188873680761,-75.3188873680761
1915.280053715706,-75.31945543299166,-75.31945543299166
1915.2900537157059,-75.3200171706053,-75.3200171706053
1915.3000537157059,-75.32057278779074,-75.32057278779074
1915.3100537157059,-75.3211224892084,-75.3211224892084
1915.3200537157059,-75.32166647730521,-75.32166647730521
1915.3300537157058,-75.32220495236383,-75.32220495236383
1915.3400537157058,-75.32273811247934,-75.32273811247934
1915.3500537157058,-75.32326615359223,-75.32326615359223
1915.3600537157058,-75.32378926950416,-75.32378926950416
1915.3700537157058,-75.32430765187158,-75.32430765187158
1915.3800537157058,-75.32482149020906,-75.32482149020906
1915.3900537157058,-75.32533097191649,-75.32533097191649
1915.4000537157058,-75.3258362822613,-75.3258362822613
1915.4100537157058,-75.32633760439705,-75.32633760439705
1915.4200537157058,-75.32683511934664,-75.32683511934664
1915.430053715706,-75.32732900602625,-75.32732900602625
1915.440053715706,-75.32781944124974,-75.32781944124974
1915.450053715706,-75.32830659970696,-75.32830659970696
1915.460053715706,-75.32879065399509,-75.32879065399509
1915.470053715706,-75.32927177460502,-75.32927177460502
1915.480053715706,-75.3297501299361,-75.3297501299361
1915.490053715706,-75.33022588629287,-75.33022588629287
1915.500053715706,-75.33069920788962,-75.33069920788962
1915.510053715706,-75.33117025687933,-75.33117025687933
1915.520053715706,-75.33163919331307,-75.33163919331307
1915.530053715706,-75.33210617519374,-75.33210617519374
1915.5400537157059,-75.33257135845348,-75.33257135845348
1915.5500537157059,-75.33303489697336,-75.33303489697336
1915.5600537157059,-75.33349694259037,-75.33349694259037
1915.5700537157059,-75.33395764509892,-75.33395764509892
1915.5800537157058,-75.33441715227349,-75.33441715227349
1915.5900537157058,-75.33487560986724,-75.33487560986724
1915.6000537157058,-75.3353331616251,-75.3353331616251
1915.6100537157058,-75.33578994929135,-75.33578994929135
1915.6200537157058,-75.33624611262007,-75.33624611262007
1915.6300537157058,-75.3367017894012,-75.3367017894012
1915.6400537157058,-75.33715711545656,-75.33715711545656
1915.6500537157058,-75.3376122246586,-75.3376122246586
1915.6600537157058,-75.33806724893333,-75.33806724893333
1915.6700537157058,-75.33852231828719,-75.33852231828719
1915.680053715706,-75.3389775608162,-75.3389775608162
1915.690053715706,-75.33943310271017,-75.33943310271017
1915.700053715706,-75.33988906827886,-75.33988906827886
1915.710053715706,-75.34034557996299,-75.34034557996299
1915.720053715706,-75.34080275834219,-75.34080275834219
1915.730053715706,-75.34126072216019,-75.34126072216019
1915.740053715706,-75.34171958833186,-75.34171958833186
1915.750053715706,-75.34217947195768,-75.34217947195768
1915.760053715706,-75.34264048634876,-75.34264048634876
1915.770053715706,-75.34310274303833,-75.34310274303833
1915.780053715706,-75.34356635178203,-75.34356635178203
1915.7900537157059,-75.3440314205975,-75.3440314205975
1915.8000537157059,-75.34449805577574,-75.34449805577574
1915.8100537157059,-75.34496636188192,-75.34496636188192
1915.8200537157059,-75.34543644178603,-75.34543644178603
1915.8300537157058,-75.34590839666826,-75.34590839666826
1915.8400537157058,-75.34638232604873,-75.34638232604873
1915.8500537157058,-75.34685832780485,-75.34685832780485
1915.8600537157058,-75.34733649816555,-75.34733649816555
1915.8700537157058,-75.34781693174853,-75.34781693174853
1915.8800537157058,-75.34829972157948,-75.34829972157948
1915.8900537157058,-75.34878495909051,-75.34878495909051
1915.9000537395477,-75.34927273532226,-75.34927273532226
1915.9100537395477,-75.34976313627527,-75.34976313627527
1915.9200537395477,-75.35025624989551,-75.35025624989551
1915.9300537395477,-75.35075216145934,-75.35075216145934
1915.9400537395477,-75.35125095473495,-75.35125095473495
1915.9500537395477,-75.35175271202205,-75.35175271202205
1915.9600537395477,-75.35225751415207,-75.35225751415207
1915.9700537395477,-75.35276544050113,-75.35276544050113
1915.9800537395477,-75.35327656902581,-75.35327656902581
1915.9900537395476,-75.35379097625173,-75.35379097625173
1916.0000537395476,-75.35430873732075,-75.35430873732075
1916.0100537395476,-75.35482992598779,-75.35482992598779
1916.0200537395476,-75.35535461464511,-75.35535461464511
1916.0300537395478,-75.3558828743332,-75.3558828743332
1916.0400537395478,-75.3564147747527,-75.3564147747527
1916.0500537395478,-75.35695038429387,-75.35695038429387
1916.0600537395478,-75.35748977005706,-75.35748977005706
1916.0700537395478,-75.35803299784595,-75.35803299784595
1916.0800537395478,-75.35858013220485,-75.35858013220485
1916.0900537395478,-75.35913123640985,-75.35913123640985
1916.1000537395478,-75.35968637252213,-75.35968637252213
1916.1100537395478,-75.36024560136289,-75.36024560136289
1916.1200537395478,-75.36080898256135,-75.36080898256135
1916.1300537395477,-75.3613765745433,-75.3613765745433
1916.1400537395477,-75.36194843457197,-75.36194843457197
1916.1500537395477,-75.36252461874625,-75.36252461874625
1916.1600537395477,-75.36310518202676,-75.36310518202676
1916.1700537395477,-75.36369017822256,-75.36369017822256
1916.1800537395477,-75.36427966006327,-75.36427966006327
1916.1900537395477,-75.36487367914845,-75.36487367914845
1916.2000537395477,-75.36547228600072,-75.36547228600072
1916.2100537395477,-75.36607553007445,-75.36607553007445
1916.2200537395477,-75.3666834597673,-75.3666834597673
1916.2300537395477,-75.36729612243745,-75.36729612243745
1916.2400537395476,-75.36791356439768,-75.36791356439768
1916.2500537395476,-75.36853583096872,-75.36853583096872
1916.2600537395476,-75.36916296645484,-75.36916296645484
1916.2700537395476,-75.3697950141729,-75.3697950141729
1916.2800537395478,-75.37043201648282,-75.37043201648282
1916.2900537395478,-75.37107401474748,-75.37107401474748
1916.3000537395478,-75.3717210494306,-75.3717210494306
1916.3100537395478,-75.37237316002772,-75.37237316002772
1916.3200537395478,-75.37303038511669,-75.37303038511669
1916.3300537395478,-75.37369276237764,-75.37369276237764
1916.3400537395478,-75.37436032857923,-75.37436032857923
1916.3500537395478,-75.37503311962291,-75.37503311962291
1916.3600537395478,-75.37571117052897,-75.37571117052897
1916.3700537395478,-75.37639451546177,-75.37639451546177
1916.3800537395477,-75.37708318774297,-75.37708318774297
1916.3900537395477,-75.37777721985174,-75.37777721985174
1916.4000537395477,-75.37847664344554,-75.37847664344554
1916.4100537395477,-75.37918148937636,-75.37918148937636
1916.4200537395477,-75.37989178767856,-75.37989178767856
1916.4300537395477,-75.38060756763241,-75.38060756763241
1916.4400537395477,-75.3813288577033,-75.3813288577033
1916.4500537395477,-75.3820556856117,-75.3820556856117
1916.4600537395477,-75.38278807832017,-75.38278807832017
1916.4700537395477,-75.3835260620464,-75.3835260620464
1916.4800537395477,-75.3842696622704,-75.3842696622704
1916.4900537395476,-75.38501890376268,-75.38501890376268
1916.5000537395476,-75.38577381056184,-75.38577381056184
1916.5100537395476,-75.3865344060129,-75.3865344060129
1916.5200537395476,-75.38730071277217,-75.38730071277217
1916.5300537395478,-75.38807275281691,-75.38807275281691
1916.5400537395478,-75.38885054744634,-75.38885054744634
1916.5500537395478,-75.38963411730553,-75.38963411730553
1916.5600537395478,-75.39042348237096,-75.39042348237096
1916.5700537395478,-75.39121866199359,-75.39121866199359
1916.5800537395478,-75.3920196748898,-75.3920196748898
1916.5900537395478,-75.39282653914657,-75.39282653914657
1916.6000537395478,-75.3936392722397,-75.3936392722397
1916.6100537395478,-75.39445789102983,-75.39445789102983
1916.6200537395478,-75.39528241180113,-75.39528241180113
1916.6300537395477,-75.39611285023454,-75.39611285023454
1916.6400537395477,-75.39694922143511,-75.39694922143511
1916.6500537395477,-75.39779153994454,-75.39779153994454
1916.6600537395477,-75.3986398197462,-75.3986398197462
1916.6700537395477,-75.39949407424417,-75.39949407424417
1916.6800537395477,-75.40035431633041,-75.40035431633041
1916.6900537395477,-75.40122055834384,-75.40122055834384
1916.7000537395477,-75.402092812101,-75.402092812101
1916.7100537395477,-75.40297108890398,-75.40297108890398
1916.7200537395477,-75.40385539951149,-75.40385539951149
1916.7300537395477,-75.40474575422154,-75.40474575422154
1916.7400537395476,-75.40564216280916,-75.40564216280916
1916.7500537633896,-75.40654463671146,-75.40654463671146
1916.7600537633896,-75.40745318046491,-75.40745318046491
1916.7700537633896,-75.40836780452348,-75.40836780452348
1916.7800537633896,-75.4092885167573,-75.4092885167573
1916.7900537633896,-75.41021532457967,-75.41021532457967
1916.8000537633895,-75.41114823493868,-75.41114823493868
1916.8100537633895,-75.41208725435081,-75.41208725435081
1916.8200537633895,-75.41303238887939,-75.41303238887939
1916.8300537633895,-75.41398364416966,-75.41398364416966
1916.8400537633895,-75.41494102542204,-75.41494102542204
1916.8500537633895,-75.41590453744655,-75.41590453744655
1916.8600537633895,-75.41687418461244,-75.41687418461244
1916.8700537633895,-75.41784997089876,-75.41784997089876
1916.8800537633897,-75.41883189987067,-75.41883189987067
1916.8900537633897,-75.41981997472301,-75.41981997472301
1916.9000537633897,-75.42081419824925,-75.42081419824925
1916.9100537633897,-75.42181457286283,-75.42181457286283
1916.9200537633897,-75.422821100602,-75.422821100602
1916.9300537633897,-75.42383378313383,-75.42383378313383
1916.9400537633896,-75.4248526217611,-75.4248526217611
1916.9500537633896,-75.42587761744336,-75.42587761744336
1916.9600537633896,-75.42690877077126,-75.42690877077126
1916.9700537633896,-75.42794608199479,-75.42794608199479
1916.9800537633896,-75.42898955102366,-75.42898955102366
1916.9900537633896,-75.43003917743893,-75.43003917743893
1917.0000537633896,-75.4310949604798,-75.4310949604798
1917.0100537633896,-75.4321568990699,-75.4321568990699
1917.0200537633896,-75.43322499180609,-75.43322499180609
1917.0300537633896,-75.43429923698119,-75.43429923698119
1917.0400537633896,-75.43537963256792,-75.43537963256792
1917.0500537633895,-75.43646617624164,-75.43646617624164
1917.0600537633895,-75.43755886537967,-75.43755886537967
1917.0700537633895,-75.4386576970601,-75.4386576970601
1917.0800537633895,-75.43976266806358,-75.43976266806358
1917.0900537633895,-75.44087377490669,-75.44087377490669
1917.1000537633895,-75.44199101380885,-75.44199101380885
1917.1100537633895,-75.44311438073176,-75.44311438073176
1917.1200537633895,-75.44424387134626,-75.44424387134626
1917.1300537633897,-75.44537948106155,-75.44537948106155
1917.1400537633897,-75.44652120503125,-75.44652120503125
1917.1500537633897,-75.447669038154,-75.447669038154
1917.1600537633897,-75.44882297506614,-75.44882297506614
1917.1700537633897,-75.44998301014776,-75.44998301014776
1917.1800537633897,-75.45114913755947,-75.45114913755947
1917.1900537633896,-75.45232135119032,-75.45232135119032
1917.2000537633896,-75.45349964471777,-75.45349964471777
1917.2100537633896,-75.45468401157875,-75.45468401157875
1917.2200537633896,-75.45587444497126,-75.45587444497126
1917.2300537633896,-75.4570709378749,-75.4570709378749
1917.2400537633896,-75.45827348305878,-75.45827348305878
1917.2500537633896,-75.45948207305985,-75.45948207305985
1917.2600537633896,-75.46069670020735,-75.46069670020735
1917.2700537633896,-75.46191735661161,-75.46191735661161
1917.2800537633896,-75.46314403419804,-75.46314403419804
1917.2900537633896,-75.46437672466287,-75.46437672466287
1917.3000537633895,-75.46561541952534,-75.46561541952534
1917.3100537633895,-75.46686011009798,-75.46686011009798
1917.3200537633895,-75.46811078749671,-75.46811078749671
1917.3300537633895,-75.46936744266443,-75.46936744266443
1917.3400537633895,-75.47063006633854,-75.47063006633854
1917.3500537633895,-75.47189864908648,-75.47189864908648
1917.3600537633895,-75.47317318129662,-75.47317318129662
1917.3700537633895,-75.4744536531788,-75.4744536531788
1917.3800537633897,-75.47574005476132,-75.47574005476132
1917.3900537633897,-75.47703237591841,-75.47703237591841
1917.4000537633897,-75.4783306063472,-75.4783306063472
1917.4100537633897,-75.47963473559295,-75.47963473559295
1917.4200537633897,-75.48094475302304,-75.48094475302304
1917.4300537633897,-75.48226064785953,-75.48226064785953
1917.4400537633896,-75.48358240916738,-75.48358240916738
1917.4500537633896,-75.48491002585904,-75.48491002585904
1917.4600537633896,-75.48624348669105,-75.48624348669105
1917.4700537633896,-75.48758278027921,-75.48758278027921
1917.4800537633896,-75.48892789509848,-75.48892789509848
1917.4900537633896,-75.4902788194826,-75.4902788194826
1917.5000537633896,-75.491635541632,-75.491635541632
1917.5100537633896,-75.49299804958709,-75.49299804958709
1917.5200537633896,-75.49436633127821,-75.49436633127821
1917.5300537633896,-75.49574037450354,-75.49574037450354
1917.5400537633896,-75.49712016693218,-75.49712016693218
1917.5500537633895,-75.49850569609887,-75.49850569609887
1917.5600537633895,-75.49989694942055,-75.49989694942055
1917.5700537633895,-75.5012939141898,-75.5012939141898
1917.5800537633895,-75.50269657758933,-75.50269657758933
1917.5900537633895,-75.5041049266794,-75.5041049266794
1917.6000537872314,-75.5055189517835,-75.5055189517835
1917.6100537872314,-75.50693863302114,-75.50693863302114
1917.6200537872314,-75.5083639604565,-75.5083639604565
1917.6300537872314,-75.50979492071458,-75.50979492071458
1917.6400537872314,-75.51123150031565,-75.51123150031565
1917.6500537872314,-75.5126736856769,-75.5126736856769
1917.6600537872314,-75.51412146310469,-75.51412146310469
1917.6700537872314,-75.51557481880958,-75.51557481880958
1917.6800537872314,-75.51703373891337,-75.51703373891337
1917.6900537872314,-75.51849820944778,-75.51849820944778
1917.7000537872314,-75.519968216346,-75.519968216346
1917.7100537872313,-75.52144374543795,-75.52144374543795
1917.7200537872313,-75.52292478248042,-75.52292478248042
1917.7300537872316,-75.524411313143,-75.524411313143
1917.7400537872315,-75.52590332300115,-75.52590332300115
1917.7500537872315,-75.52740079756542,-75.52740079756542
1917.7600537872315,-75.52890372224277,-75.52890372224277
1917.7700537872315,-75.53041208237704,-75.53041208237704
1917.7800537872315,-75.53192586323426,-75.53192586323426
1917.7900537872315,-75.53344504999744,-75.53344504999744
1917.8000537872315,-75.53496962778142,-75.53496962778142
1917.8100537872315,-75.53649958161834,-75.53649958161834
1917.8200537872315,-75.53803489649239,-75.53803489649239
1917.8300537872315,-75.53957555729106,-75.53957555729106
1917.8400537872315,-75.54112154885713,-75.54112154885713
1917.8500537872314,-75.54267285596727,-75.54267285596727
1917.8600537872314,-75.54422946331545,-75.54422946331545
1917.8700537872314,-75.5457913555516,-75.5457913555516
1917.8800537872314,-75.54735851726069,-75.54735851726069
1917.8900537872314,-75.54893093295992,-75.54893093295992
1917.9000537872314,-75.55050858711824,-75.55050858711824
1917.9100537872314,-75.55209146414887,-75.55209146414887
1917.9200537872314,-75.55367954840294,-75.55367954840294
1917.9300537872314,-75.55527282418193,-75.55527282418193
1917.9400537872314,-75.55687127574103,-75.55687127574103
1917.9500537872314,-75.55847488728122,-75.55847488728122
1917.9600537872313,-75.56007704721142,-75.56007704721142
1917.9700537872313,-75.56167484769364,-75.56167484769364
1917.9800537872316,-75.56326686141152,-75.56326686141152
1917.9900537872315,-75.5648523462951,-75.5648523462951
1918.0000537872315,-75.56643094209103,-75.56643094209103
1918.0100537872315,-75.56800251288179,-75.56800251288179
1918.0200537872315,-75.56956705476371,-75.56956705476371
1918.0300537872315,-75.5711246404495,-75.5711246404495
1918.0400537872315,-75.5726753859195,-75.5726753859195
1918.0500537872315,-75.5742194304078,-75.5742194304078
1918.0600537872315,-75.5757569244745,-75.5757569244745
1918.0700537872315,-75.57728802300254,-75.57728802300254
1918.0800537872315,-75.57881288114301,-75.57881288114301
1918.0900537872315,-75.58033165210527,-75.58033165210527
1918.1000537872314,-75.58184448602462,-75.58184448602462
1918.1100537872314,-75.5833515294943,-75.5833515294943
1918.1200537872314,-75.58485292549805,-75.58485292549805
1918.1300537872314,-75.58634881350216,-75.58634881350216
1918.1400537872314,-75.58783932971195,-75.58783932971195
1918.1500537872314,-75.5893246073374,-75.5893246073374
1918.1600537872314,-75.59080477688717,-75.59080477688717
1918.1700537872314,-75.5922799664302,-75.5922799664302
1918.1800537872314,-75.59375030188163,-75.59375030188163
1918.1900537872314,-75.59521590717603,-75.59521590717603
1918.2000537872314,-75.59667690451685,-75.59667690451685
1918.2100537872313,-75.59812681581157,-75.59812681581157
1918.2200537872313,-75.5995628672086,-75.5995628672086
1918.2300537872316,-75.60098376483529,-75.60098376483529
1918.2400537872315,-75.60238889925726,-75.60238889925726
1918.2500537872315,-75.60377804195186,-75.60377804195186
1918.2600537872315,-75.60515118786218,-75.60515118786218
1918.2700537872315,-75.60650846306167,-75.60650846306167
1918.2800537872315,-75.60785006936032,-75.60785006936032
1918.2900537872315,-75.60917625099535,-75.60917625099535
1918.3000537872315,-75.61048727462214,-75.61048727462214
1918.3100537872315,-75.61178341740754,-75.61178341740754
1918.3200537872315,-75.6130649600095,-75.6130649600095
1918.3300537872315,-75.6143321825372,-75.6143321825372
1918.3400537872315,-75.61558536233929,-75.61558536233929
1918.3500537872314,-75.61682477285999,-75.61682477285999
1918.3600537872314,-75.61805068318884,-75.61805068318884
1918.3700537872314,-75.61926335793892,-75.61926335793892
1918.3800537872314,-75.62046305737846,-75.62046305737846
1918.3900537872314,-75.62165003764098,-75.62165003764098
1918.4000537872314,-75.62282455101055,-75.62282455101055
1918.4100537872314,-75.62398684617361,-75.62398684617361
1918.4200537872314,-75.62513716849458,-75.62513716849458
1918.4300537872314,-75.626275760257,-75.626275760257
1918.4400537872314,-75.62740286087724,-75.62740286087724
1918.4500538110733,-75.62851870973873,-75.62851870973873
1918.4600538110733,-75.62962353570097,-75.62962353570097
1918.4700538110733,-75.63071757328036,-75.63071757328036
1918.4800538110733,-75.63180105199594,-75.63180105199594
1918.4900538110733,-75.63287419919718,-75.63287419919718
1918.5000538110733,-75.63393724007892,-75.63393724007892
1918.5100538110732,-75.63499039781159,-75.63499039781159
1918.5200538110732,-75.63603389353199,-75.63603389353199
1918.5300538110732,-75.63706794639282,-75.63706794639282
1918.5400538110732,-75.63809277359445,-75.63809277359445
1918.5500538110732,-75.6391085903937,-75.6391085903937
1918.5600538110732,-75.64011561011958,-75.64011561011958
1918.5700538110732,-75.64111404418247,-75.64111404418247
1918.5800538110734,-75.64210410207865,-75.64210410207865
1918.5900538110734,-75.64308599136604,-75.64308599136604
1918.6000538110734,-75.64405991771527,-75.64405991771527
1918.6100538110734,-75.64502608484777,-75.64502608484777
1918.6200538110734,-75.64598469456325,-75.64598469456325
1918.6300538110734,-75.6469359467162,-75.6469359467162
1918.6400538110734,-75.6478800392215,-75.6478800392215
1918.6500538110733,-75.64881716803498,-75.64881716803498
1918.6600538110733,-75.64974752716068,-75.64974752716068
1918.6700538110733,-75.65067130862664,-75.65067130862664
1918.6800538110733,-75.65158870247896,-75.65158870247896
1918.6900538110733,-75.65249989678503,-75.65249989678503
1918.7000538110733,-75.65340507762268,-75.65340507762268
1918.7100538110733,-75.65430442906144,-75.65430442906144
1918.7200538110733,-75.65519813318349,-75.65519813318349
1918.7300538110733,-75.65608637006086,-75.65608637006086
1918.7400538110733,-75.65696931774254,-75.65696931774254
1918.7500538110733,-75.657847152278,-75.657847152278
1918.7600538110732,-75.65872004769119,-75.65872004769119
1918.7700538110732,-75.65958817599171,-75.65958817599171
1918.7800538110732,-75.66045170717052,-75.66045170717052
1918.7900538110732,-75.66131080919816,-75.66131080919816
1918.8000538110732,-75.66216564802777,-75.66216564802777
1918.8100538110732,-75.66301638759492,-75.66301638759492
1918.8200538110732,-75.663863189835,-75.663863189835
1918.8300538110734,-75.66470621465697,-75.66470621465697
1918.8400538110734,-75.66554561997656,-75.66554561997656
1918.8500538110734,-75.66638156170514,-75.66638156170514
1918.8600538110734,-75.66721419375455,-75.66721419375455
1918.8700538110734,-75.66804366805883,-75.66804366805883
1918.8800538110734,-75.6688701345582,-75.6688701345582
1918.8900538110734,-75.66969374122542,-75.66969374122542
1918.9000538110733,-75.67051463407073,-75.67051463407073
1918.9100538110733,-75.67133295713691,-75.67133295713691
1918.9200538110733,-75.672148852534,-75.672148852534
1918.9300538110733,-75.67296246041738,-75.67296246041738
1918.9400538110733,-75.67377391903139,-75.67377391903139
1918.9500538110733,-75.67458336468846,-75.67458336468846
1918.9600538110733,-75.67538432817872,-75.67538432817872
1918.9700538110733,-75.67617404800353,-75.67617404800353
1918.9800538110733,-75.67695124357722,-75.67695124357722
1918.9900538110733,-75.6777153187096,-75.6777153187096
1919.0000538110733,-75.67846605777068,-75.67846605777068
1919.0100538110732,-75.67920346794156,-75.67920346794156
1919.0200538110732,-75.67992768682238,-75.67992768682238
1919.0300538110732,-75.68063892690202,-75.68063892690202
1919.0400538110732,-75.68133744218859,-75.68133744218859
1919.0500538110732,-75.68202350822165,-75.68202350822165
1919.0600538110732,-75.68269741008781,-75.68269741008781
1919.0700538110732,-75.68335943542391,-75.68335943542391
1919.0800538110734,-75.68400987040299,-75.68400987040299
1919.0900538110734,-75.68464899750212,-75.68464899750212
1919.1000538110734,-75.6852770943959,-75.6852770943959
1919.1100538110734,-75.6858944335196,-75.6858944335196
1919.1200538110734,-75.68650128197187,-75.68650128197187
1919.1300538110734,-75.68709790166443,-75.68709790166443
1919.1400538110734,-75.68768454957485,-75.68768454957485
1919.1500538110733,-75.68826147804367,-75.68826147804367
1919.1600538110733,-75.68882893505916,-75.68882893505916
1919.1700538110733,-75.68938716455986,-75.68938716455986
1919.1800538110733,-75.6899364067045,-75.6899364067045
1919.1900538110733,-75.69047689812352,-75.69047689812352
1919.2000538110733,-75.69100887210904,-75.69100887210904
1919.2100538110733,-75.69153255880717,-75.69153255880717
1919.2200538110733,-75.69204818539052,-75.69204818539052
1919.2300538110733,-75.69255597618333,-75.69255597618333
1919.2400538110733,-75.69305615278206,-75.69305615278206
1919.2500538110733,-75.69354893414244,-75.69354893414244
1919.2600538110732,-75.69403453668261,-75.69403453668261
1919.2700538110732,-75.69451317433015,-75.69451317433015
1919.2800538110732,-75.69498505859018,-75.69498505859018
1919.2900538110732,-75.69545039860458,-75.69545039860458
1919.3000538349152,-75.69590940226195,-75.69590940226195
1919.3100538349152,-75.69636227185173,-75.69636227185173
1919.3200538349151,-75.6968092107118,-75.6968092107118
1919.3300538349151,-75.69725041881145,-75.69725041881145
1919.3400538349151,-75.69768609388936,-75.69768609388936
1919.3500538349151,-75.69811643146349,-75.69811643146349
1919.360053834915,-75.69854162485383,-75.69854162485383
1919.370053834915,-75.6989618651986,-75.6989618651986
1919.380053834915,-75.699377341436,-75.699377341436
1919.390053834915,-75.69978824034224,-75.69978824034224
1919.400053834915,-75.70019474652808,-75.70019474652808
1919.410053834915,-75.70059704243515,-75.70059704243515
1919.420053834915,-75.70099530835837,-75.70099530835837
1919.4300538349153,-75.70138972246704,-75.70138972246704
1919.4400538349153,-75.7017804607526,-75.7017804607526
1919.4500538349153,-75.70216769709975,-75.70216769709975
1919.4600538349152,-75.70255160326789,-75.70255160326789
1919.4700538349152,-75.70293234887833,-75.70293234887833
1919.4800538349152,-75.7033101014428,-75.7033101014428
1919.4900538349152,-75.70368502637069,-75.70368502637069
1919.5000538349152,-75.70405728696555,-75.70405728696555
1919.5100538349152,-75.70442704443735,-75.70442704443735
1919.5200538349152,-75.70479445791703,-75.70479445791703
1919.5300538349152,-75.7051596844528,-75.7051596844528
1919.5400538349152,-75.70552287902821,-75.70552287902821
1919.5500538349152,-75.70588419456388,-75.70588419456388
1919.5600538349152,-75.70624378193808,-75.70624378193808
1919.5700538349151,-75.70660178998423,-75.70660178998423
1919.5800538349151,-75.7069583655048,-75.7069583655048
1919.5900538349151,-75.7073136532964,-75.7073136532964
1919.6000538349151,-75.70766779613942,-75.70766779613942
1919.610053834915,-75.70802093481443,-75.70802093481443
1919.620053834915,-75.70837320814239,-75.70837320814239
1919.630053834915,-75.70872475295405,-75.70872475295405
1919.640053834915,-75.70907570413021,-75.70907570413021
1919.650053834915,-75.70942619460878,-75.70942619460878
1919.660053834915,-75.70977635539072,-75.70977635539072
1919.670053834915,-75.71012631556734,-75.71012631556734
1919.6800538349153,-75.71047620232908,-75.71047620232908
1919.6900538349153,-75.71082614097163,-75.71082614097163
1919.7000538349153,-75.71117625492396,-75.71117625492396
1919.7100538349152,-75.71152666575273,-75.71152666575273
1919.7200538349152,-75.71187749318834,-75.71187749318834
1919.7300538349152,-75.7122288551238,-75.7122288551238
1919.7400538349152,-75.71258086765107,-75.71258086765107
1919.7500538349152,-75.71293364505132,-75.71293364505132
1919.7600538349152,-75.71328729983807,-75.71328729983807
1919.7700538349152,-75.71364194276242,-75.71364194276242
1919.7800538349152,-75.71399768281108,-75.71399768281108
1919.7900538349152,-75.7143546272591,-75.7143546272591
1919.8000538349152,-75.71471288164808,-75.71471288164808
1919.8100538349152,-75.71507254983682,-75.71507254983682
1919.8200538349151,-75.71543373399125,-75.71543373399125
1919.8300538349151,-75.71579653461038,-75.71579653461038
1919.8400538349151,-75.71616105055465,-75.71616105055465
1919.8500538349151,-75.71652737904458,-75.71652737904458
1919.860053834915,-75.71689561569828,-75.71689561569828
1919.870053834915,-75.71726585451795,-75.71726585451795
1919.880053834915,-75.7176381879317,-75.7176381879317
1919.890053834915,-75.71801270681674,-75.71801270681674
1919.900053834915,-75.71838950047471,-75.71838950047471
1919.910053834915,-75.7187686567116,-75.7187686567116
1919.920053834915,-75.71915026179207,-75.71915026179207
1919.9300538349153,-75.71953440049542,-75.71953440049542
1919.9400538349153,-75.71992115612893,-75.71992115612893
1919.9500538349153,-75.72031061052971,-75.72031061052971
1919.9600538349152,-75.72070284408055,-75.72070284408055
1919.9700538349152,-75.72109793575534,-75.72109793575534
1919.9800538349152,-75.72149596309683,-75.72149596309683
1919.9900538349152,-75.72189700226116,-75.72189700226116
1920.0000538349152,-75.7223011280296,-75.7223011280296
1920.0100538349152,-75.72270841381292,-75.72270841381292
1920.0200538349152,-75.72311893167848,-75.72311893167848
1920.0300538349152,-75.72353275236047,-75.72353275236047
1920.0400538349152,-75.72394994527554,-75.72394994527554
1920.0500538349152,-75.72437057855853,-75.72437057855853
1920.0600538349152,-75.72479471904867,-75.72479471904867
1920.0700538349151,-75.72522243233324,-75.72522243233324
1920.0800538349151,-75.72565378273283,-75.72565378273283
1920.0900538349151,-75.7260888333452,-75.7260888333452
1920.1000538349151,-75.72652764604997,-75.72652764604997
1920.110053834915,-75.72697028152683,-75.72697028152683
1920.120053834915,-75.72741679924627,-75.72741679924627
1920.130053834915,-75.72786725752738,-75.72786725752738
1920.140053834915,-75.72832171353564,-75.72832171353564
1920.150053858757,-75.72878022436511,-75.72878022436511
1920.160053858757,-75.72924284274434,-75.72924284274434
1920.170053858757,-75.72970962351964,-75.72970962351964
1920.180053858757,-75.73018061937454,-75.73018061937454
1920.190053858757,-75.73065588189901,-75.73065588189901
1920.200053858757,-75.73113546162124,-75.73113546162124
1920.210053858757,-75.73161280032474,-75.73161280032474
1920.220053858757,-75.7320850515091,-75.7320850515091
1920.230053858757,-75.7325508516083,-75.7325508516083
1920.240053858757,-75.73300952284563,-75.73300952284563
1920.250053858757,-75.7334607691192,-75.7334607691192
1920.260053858757,-75.73390451813435,-75.73390451813435
1920.270053858757,-75.73434082889185,-75.73434082889185
1920.2800538587571,-75.73476983609082,-75.73476983609082
1920.2900538587571,-75.73519171677624,-75.73519171677624
1920.300053858757,-75.73560667023315,-75.73560667023315
1920.310053858757,-75.73601490608297,-75.73601490608297
1920.320053858757,-75.73641663724817,-75.73641663724817
1920.330053858757,-75.73681207590029,-75.73681207590029
1920.340053858757,-75.73720143128782,-75.73720143128782
1920.350053858757,-75.73758490860236,-75.73758490860236
1920.360053858757,-75.73796270852867,-75.73796270852867
1920.370053858757,-75.73833502719539,-75.73833502719539
1920.380053858757,-75.73870205628835,-75.73870205628835
1920.390053858757,-75.73906398332213,-75.73906398332213
1920.400053858757,-75.73942099192531,-75.73942099192531
1920.410053858757,-75.73977326213826,-75.73977326213826
1920.420053858757,-75.74012097071805,-75.74012097071805
1920.430053858757,-75.74046429138888,-75.74046429138888
1920.440053858757,-75.74080339510664,-75.74080339510664
1920.450053858757,-75.74113845025373,-75.74113845025373
1920.460053858757,-75.74146301473934,-75.74146301473934
1920.470053858757,-75.7417743575665,-75.7417743575665
1920.480053858757,-75.74207122984554,-75.74207122984554
1920.490053858757,-75.74235306760536,-75.74235306760536
1920.500053858757,-75.74261968775684,-75.74261968775684
1920.510053858757,-75.74287113021016,-75.74287113021016
1920.520053858757,-75.74310756543204,-75.74310756543204
1920.5300538587571,-75.74332923890499,-75.74332923890499
1920.5400538587571,-75.74353643774765,-75.74353643774765
1920.550053858757,-75.74372947067859,-75.74372947067859
1920.560053858757,-75.74390865607815,-75.74390865607815
1920.570053858757,-75.74407431497512,-75.74407431497512
1920.580053858757,-75.74422676704624,-75.74422676704624
1920.590053858757,-75.74436632834794,-75.74436632834794
1920.600053858757,-75.74449331026382,-75.74449331026382
1920.610053858757,-75.74460801901591,-75.74460801901591
1920.620053858757,-75.74471075559006,-75.74471075559006
1920.630053858757,-75.74480181587667,-75.74480181587667
1920.640053858757,-75.7448814909014,-75.7448814909014
1920.650053858757,-75.7449500671033,-75.7449500671033
1920.660053858757,-75.74500782664819,-75.74500782664819
1920.670053858757,-75.74505504768344,-75.74505504768344
1920.680053858757,-75.74509200460079,-75.74509200460079
1920.690053858757,-75.74511896826894,-75.74511896826894
1920.700053858757,-75.74513620624377,-75.74513620624377
1920.710053858757,-75.74514398291407,-75.74514398291407
1920.720053858757,-75.7451425596546,-75.7451425596546
1920.730053858757,-75.74513219497075,-75.74513219497075
1920.740053858757,-75.74511314456812,-75.74511314456812
1920.750053858757,-75.74508566145498,-75.74508566145498
1920.760053858757,-75.74504999600354,-75.74504999600354
1920.770053858757,-75.74500639601501,-75.74500639601501
1920.7800538587571,-75.74495510675452,-75.74495510675452
1920.7900538587571,-75.74489637098519,-75.74489637098519
1920.800053858757,-75.74483042900818,-75.74483042900818
1920.810053858757,-75.74475751866483,-75.74475751866483
1920.820053858757,-75.74467787537583,-75.74467787537583
1920.830053858757,-75.74459173213194,-75.74459173213194
1920.840053858757,-75.74449931951919,-75.74449931951919
1920.850053858757,-75.74440086570647,-75.74440086570647
1920.860053858757,-75.74429659646587,-75.74429659646587
1920.870053858757,-75.74418673516226,-75.74418673516226
1920.880053858757,-75.74407150277621,-75.74407150277621
1920.890053858757,-75.74395111786599,-75.74395111786599
1920.900053858757,-75.74382579660288,-75.74382579660288
1920.910053858757,-75.7436957527589,-75.7436957527589
1920.920053858757,-75.74356119769313,-75.74356119769313
1920.930053858757,-75.74342234036271,-75.74342234036271
1920.940053858757,-75.74327938734065,-75.74327938734065
1920.950053858757,-75.74313254277888,-75.74313254277888
1920.960053858757,-75.74298200842999,-75.74298200842999
1920.970053858757,-75.74282798365635,-75.74282798365635
1920.980053858757,-75.74267066541572,-75.74267066541572
1920.990053858757,-75.74251024826467,-75.74251024826467
1921.0000538825989,-75.74234692397842,-75.74234692397842
1921.0100538825989,-75.74218088311483,-75.74218088311483
1921.0200538825989,-75.74201231268258,-75.74201231268258
1921.0300538825988,-75.74184139770234,-75.74184139770234
1921.0400538825988,-75.74166832081667,-75.74166832081667
1921.0500538825988,-75.74149326230128,-75.74149326230128
1921.0600538825988,-75.74131640006954,-75.74131640006954
1921.0700538825988,-75.74113790969042,-75.74113790969042
1921.0800538825988,-75.74095796439742,-75.74095796439742
1921.0900538825988,-75.74077673508432,-75.74077673508432
1921.1000538825988,-75.7405943903248,-75.7405943903248
1921.1100538825988,-75.74041109637349,-75.74041109637349
1921.1200538825988,-75.74022701720149,-75.74022701720149
1921.130053882599,-75.74004231448217,-75.74004231448217
1921.140053882599,-75.73985714762006,-75.73985714762006
1921.150053882599,-75.73967167374977,-75.73967167374977
1921.160053882599,-75.7394860477671,-75.7394860477671
1921.170053882599,-75.7393004223304,-75.7393004223304
1921.180053882599,-75.7391149478773,-75.7391149478773
1921.190053882599,-75.73892977263752,-75.73892977263752
1921.200053882599,-75.73874504266396,-75.73874504266396
1921.210053882599,-75.73856090182953,-75.73856090182953
1921.220053882599,-75.73837749184813,-75.73837749184813
1921.230053882599,-75.73819495229039,-75.73819495229039
1921.2400538825989,-75.73801342061758,-75.73801342061758
1921.2500538825989,-75.73783303217404,-75.73783303217404
1921.2600538825989,-75.73765392021264,-75.73765392021264
1921.2700538825989,-75.73747621592283,-75.73747621592283
1921.2800538825988,-75.73730004843642,-75.73730004843642
1921.2900538825988,-75.73712554484828,-75.73712554484828
1921.3000538825988,-75.73695283024124,-75.73695283024124
1921.3100538825988,-75.7367820276917,-75.7367820276917
1921.3200538825988,-75.7366132583173,-75.7366132583173
1921.3300538825988,-75.73644664124518,-75.73644664124518
1921.3400538825988,-75.73628229368218,-75.73628229368218
1921.3500538825988,-75.73612033090369,-75.73612033090369
1921.3600538825988,-75.735960866281,-75.735960866281
1921.3700538825988,-75.735804011302,-75.735804011302
1921.380053882599,-75.73564987558555,-75.73564987558555
1921.390053882599,-75.73549856691368,-75.73549856691368
1921.400053882599,-75.73535019124135,-75.73535019124135
1921.410053882599,-75.73520485270626,-75.73520485270626
1921.420053882599,-75.73506265366453,-75.73506265366453
1921.430053882599,-75.7349236947082,-75.7349236947082
1921.440053882599,-75.73478807467632,-75.73478807467632
1921.450053882599,-75.7346558906758,-75.7346558906758
1921.460053882599,-75.73452063209083,-75.73452063209083
1921.470053882599,-75.73437949996173,-75.73437949996173
1921.480053882599,-75.73423117773174,-75.73423117773174
1921.4900538825989,-75.73407503401813,-75.73407503401813
1921.5000538825989,-75.73391081847248,-75.73391081847248
1921.5100538825989,-75.73373850387837,-75.73373850387837
1921.5200538825989,-75.7335581936025,-75.7335581936025
1921.5300538825988,-75.73337006604169,-75.73337006604169
1921.5400538825988,-75.73317434118708,-75.73317434118708
1921.5500538825988,-75.73297126057929,-75.73297126057929
1921.5600538825988,-75.73276107537707,-75.73276107537707
1921.5700538825988,-75.73254403932903,-75.73254403932903
1921.5800538825988,-75.73232040475952,-75.73232040475952
1921.5900538825988,-75.73209042035968,-75.73209042035968
1921.6000538825988,-75.73185433010774,-75.73185433010774
1921.6100538825988,-75.73161237281468,-75.73161237281468
1921.6200538825988,-75.73136478206027,-75.73136478206027
1921.630053882599,-75.73111178637049,-75.73111178637049
1921.640053882599,-75.73085360946172,-75.73085360946172
1921.650053882599,-75.73059047053441,-75.73059047053441
1921.660053882599,-75.73032258460205,-75.73032258460205
1921.670053882599,-75.73005016280267,-75.73005016280267
1921.680053882599,-75.72977341265059,-75.72977341265059
1921.690053882599,-75.72949253830308,-75.72949253830308
1921.700053882599,-75.72920774077906,-75.72920774077906
1921.710053882599,-75.7289192181507,-75.7289192181507
1921.720053882599,-75.72862716571056,-75.72862716571056
1921.730053882599,-75.72833177610627,-75.72833177610627
1921.7400538825989,-75.72803323947173,-75.72803323947173
1921.7500538825989,-75.72773174351376,-75.72773174351376
1921.7600538825989,-75.72742747362399,-75.72742747362399
1921.7700538825989,-75.72712061292175,-75.72712061292175
1921.7800538825988,-75.7268113423368,-75.7268113423368
1921.7900538825988,-75.72649984065228,-75.72649984065228
1921.8000538825988,-75.72618628453696,-75.72618628453696
1921.8100538825988,-75.72587084861146,-75.72587084861146
1921.8200538825988,-75.72555370543802,-75.72555370543802
1921.8300538825988,-75.72523502556457,-75.72523502556457
1921.8400538825988,-75.72491497755425,-75.72491497755425
1921.8500539064407,-75.7245937272161,-75.7245937272161
1921.8600539064407,-75.7242714406956,-75.7242714406956
1921.8700539064407,-75.72394827988415,-75.72394827988415
1921.8800539064407,-75.72362440550933,-75.72362440550933
1921.8900539064407,-75.72329997635447,-75.72329997635447
1921.9000539064407,-75.72297514927376,-75.72297514927376
1921.9100539064407,-75.72265007921288,-75.72265007921288
1921.9200539064407,-75.72232491919709,-75.72232491919709
1921.9300539064407,-75.72199982033895,-75.72199982033895
1921.9400539064407,-75.7216749318553,-75.7216749318553
1921.9500539064406,-75.72135040106801,-75.72135040106801
1921.9600539064406,-75.72101976922295,-75.72101976922295
1921.9700539064406,-75.72068028854865,-75.72068028854865
1921.9800539064408,-75.72033069323594,-75.72033069323594
1921.9900539064408,-75.71997040230744,-75.71997040230744
1922.0000539064408,-75.71959921552403,-75.71959921552403
1922.0100539064408,-75.71921715546942,-75.71921715546942
1922.0200539064408,-75.71882437502296,-75.71882437502296
1922.0300539064408,-75.71842110178164,-75.71842110178164
1922.0400539064408,-75.71800760461159,-75.71800760461159
1922.0500539064408,-75.71758417361346,-75.71758417361346
1922.0600539064408,-75.71715110815994,-75.71715110815994
1922.0700539064408,-75.7167087098677,-75.7167087098677
1922.0800539064408,-75.71625727858334,-75.71625727858334
1922.0900539064407,-75.71579711014446,-75.71579711014446
1922.1000539064407,-75.71532849531549,-75.71532849531549
1922.1100539064407,-75.71485171931043,-75.71485171931043
1922.1200539064407,-75.71436706174508,-75.71436706174508
1922.1300539064407,-75.71387479675892,-75.71387479675892
1922.1400539064407,-75.71337519331227,-75.71337519331227
1922.1500539064407,-75.71286851544576,-75.71286851544576
1922.1600539064407,-75.71235502260505,-75.71235502260505
1922.1700539064407,-75.71183496993619,-75.71183496993619
1922.1800539064407,-75.71130860857018,-75.71130860857018
1922.1900539064407,-75.71077618586001,-75.71077618586001
1922.2000539064406,-75.71023794558106,-75.71023794558106
1922.2100539064406,-75.70969412815408,-75.70969412815408
1922.2200539064406,-75.70914497077705,-75.70914497077705
1922.2300539064408,-75.708590707589,-75.708590707589
1922.2400539064408,-75.7080315697742,-75.7080315697742
1922.2500539064408,-75.707467785653,-75.707467785653
1922.2600539064408,-75.70689958079716,-75.70689958079716
1922.2700539064408,-75.70632717806961,-75.70632717806961
1922.2800539064408,-75.70575079770377,-75.70575079770377
1922.2900539064408,-75.70517065734781,-75.70517065734781
1922.3000539064408,-75.70458697209499,-75.70458697209499
1922.3100539064408,-75.7039999545477,-75.7039999545477
1922.3200539064408,-75.70340981480636,-75.70340981480636
1922.3300539064408,-75.70281676053614,-75.70281676053614
1922.3400539064407,-75.70222099695525,-75.70222099695525
1922.3500539064407,-75.70162272686419,-75.70162272686419
1922.3600539064407,-75.70102215065678,-75.70102215065678
1922.3700539064407,-75.7004194663469,-75.7004194663469
1922.3800539064407,-75.69981486956563,-75.69981486956563
1922.3900539064407,-75.69920855356625,-75.69920855356625
1922.4000539064407,-75.69860070924771,-75.69860070924771
1922.4100539064407,-75.697991525167,-75.697991525167
1922.4200539064407,-75.69738118752207,-75.69738118752207
1922.4300539064407,-75.69676988018213,-75.69676988018213
1922.4400539064407,-75.69615778469219,-75.69615778469219
1922.4500539064406,-75.69554508027083,-75.69554508027083
1922.4600539064406,-75.69493194382136,-75.69493194382136
1922.4700539064406,-75.69431854994582,-75.69431854994582
1922.4800539064408,-75.69370507095162,-75.69370507095162
1922.4900539064408,-75.69309167684906,-75.69309167684906
1922.5000539064408,-75.69247853537432,-75.69247853537432
1922.5100539064408,-75.69186581199368,-75.69186581199368
1922.5200539064408,-75.69125366991618,-75.69125366991618
1922.5300539064408,-75.6906422700797,-75.6906422700797
1922.5400539064408,-75.69003177121584,-75.69003177121584
1922.5500539064408,-75.68942232980152,-75.68942232980152
1922.5600539064408,-75.68881410009473,-75.68881410009473
1922.5700539064408,-75.68820723417132,-75.68820723417132
1922.5800539064408,-75.68760188188577,-75.68760188188577
1922.5900539064407,-75.68699819092521,-75.68699819092521
1922.6000539064407,-75.68639630681437,-75.68639630681437
1922.6100539064407,-75.68579637290928,-75.68579637290928
1922.6200539064407,-75.68519853044172,-75.68519853044172
1922.6300539064407,-75.68460291850134,-75.68460291850134
1922.6400539064407,-75.68400967407787,-75.68400967407787
1922.6500539064407,-75.6834189320631,-75.6834189320631
1922.6600539064407,-75.68283082526192,-75.68283082526192
1922.6700539064407,-75.68224548442846,-75.68224548442846
1922.6800539064407,-75.68166303825004,-75.68166303825004
1922.6900539064407,-75.6810836133895,-75.6810836133895
1922.7000539302826,-75.680507333131,-75.680507333131
1922.7100539302826,-75.67993432286768,-75.67993432286768
1922.7200539302826,-75.6793647018817,-75.6793647018817
1922.7300539302826,-75.67879858887615,-75.67879858887615
1922.7400539302826,-75.67823610060083,-75.67823610060083
1922.7500539302825,-75.67767735187284,-75.67767735187284
1922.7600539302825,-75.6771224556056,-75.6771224556056
1922.7700539302825,-75.67657152281569,-75.67657152281569
1922.7800539302825,-75.6760246626382,-75.6760246626382
1922.7900539302825,-75.67548198235384,-75.67548198235384
1922.8000539302825,-75.67494358740096,-75.67494358740096
1922.8100539302825,-75.67440958139946,-75.67440958139946
1922.8200539302825,-75.67388006615138,-75.67388006615138
1922.8300539302827,-75.6733551416981,-75.6733551416981
1922.8400539302827,-75.67283490629457,-75.67283490629457
1922.8500539302827,-75.67231945646472,-75.67231945646472
1922.8600539302827,-75.6718088869836,-75.6718088869836
1922.8700539302827,-75.6713032909282,-75.6713032909282
1922.8800539302827,-75.6708027596846,-75.6708027596846
1922.8900539302826,-75.67030738295924,-75.67030738295924
1922.9000539302826,-75.66981724880887,-75.66981724880887
1922.9100539302826,-75.66933244365028,-75.66933244365028
1922.9200539302826,-75.66885305228635,-75.66885305228635
1922.9300539302826,-75.66837915791774,-75.66837915791774
1922.9400539302826,-75.66791084216504,-75.66791084216504
1922.9500539302826,-75.66744818510034,-75.66744818510034
1922.9600539302826,-75.66699126522454,-75.66699126522454
1922.9700539302826,-75.66654015953951,-75.66654015953951
1922.9800539302826,-75.6660949435198,-75.6660949435198
1922.9900539302826,-75.66565569116163,-75.66565569116163
1923.0000539302825,-75.66522247499611,-75.66522247499611
1923.0100539302825,-75.66479536609145,-75.66479536609145
1923.0200539302825,-75.66437443408198,-75.66437443408198
1923.0300539302825,-75.66395974719312,-75.66395974719312
1923.0400539302825,-75.66355137223601,-75.66355137223601
1923.0500539302825,-75.66314937465444,-75.66314937465444
1923.0600539302825,-75.66275381852121,-75.66275381852121
1923.0700539302825,-75.66236476656674,-75.66236476656674
1923.0800539302827,-75.66198228018402,-75.66198228018402
1923.0900539302827,-75.66160641945937,-75.66160641945937
1923.1000539302827,-75.66123724318057,-75.66123724318057
1923.1100539302827,-75.66087480885135,-75.66087480885135
1923.1200539302827,-75.66051917273019,-75.66051917273019
1923.1300539302827,-75.66017038981428,-75.66017038981428
1923.1400539302826,-75.65982851387612,-75.65982851387612
1923.1500539302826,-75.65949359748303,-75.65949359748303
1923.1600539302826,-75.65916569198772,-75.65916569198772
1923.1700539302826,-75.65884484757507,-75.65884484757507
1923.1800539302826,-75.65853111326824,-75.65853111326824
1923.1900539302826,-75.6582245369348,-75.6582245369348
1923.2000539302826,-75.6579251653089,-75.6579251653089
1923.2100539302826,-75.65762644542166,-75.65762644542166
1923.2200539302826,-75.65732553321632,-75.65732553321632
1923.2300539302826,-75.65702106623071,-75.65702106623071
1923.2400539302826,-75.65671236710348,-75.65671236710348
1923.2500539302825,-75.65639913967628,-75.65639913967628
1923.2600539302825,-75.65608131123791,-75.65608131123791
1923.2700539302825,-75.65575894004206,-75.65575894004206
1923.2800539302825,-75.65543215976706,-75.65543215976706
1923.2900539302825,-75.65510114612033,-75.65510114612033
1923.3000539302825,-75.6547660967739,-75.6547660967739
1923.3100539302825,-75.6544272194697,-75.6544272194697
1923.3200539302825,-75.65408472496823,-75.65408472496823
1923.3300539302827,-75.6537388230437,-75.6537388230437
1923.3400539302827,-75.65338972030393,-75.65338972030393
1923.3500539302827,-75.65303761906952,-75.65303761906952
1923.3600539302827,-75.65268271695041,-75.65268271695041
1923.3700539302827,-75.65232520677775,-75.65232520677775
1923.3800539302827,-75.65196527677068,-75.65196527677068
1923.3900539302826,-75.65160311078188,-75.65160311078188
1923.4000539302826,-75.65123888860826,-75.65123888860826
1923.4100539302826,-75.65087278631044,-75.65087278631044
1923.4200539302826,-75.65050497650802,-75.65050497650802
1923.4300539302826,-75.6501356286469,-75.6501356286469
1923.4400539302826,-75.64976490926598,-75.64976490926598
1923.4500539302826,-75.64939298219474,-75.64939298219474
1923.4600539302826,-75.64901341120849,-75.64901341120849
1923.4700539302826,-75.64862346740188,-75.64862346740188
1923.4800539302826,-75.64822190218912,-75.64822190218912
1923.4900539302826,-75.64780815102453,-75.64780815102453
1923.5000539302825,-75.64738202962099,-75.64738202962099
1923.5100539302825,-75.64694357627258,-75.64694357627258
1923.5200539302825,-75.64649295943663,-75.64649295943663
1923.5300539302825,-75.64603042224823,-75.64603042224823
1923.5400539302825,-75.64555624915785,-75.64555624915785
1923.5500539541245,-75.64507074475746,-75.64507074475746
1923.5600539541244,-75.64457422644107,-75.64457422644107
1923.5700539541244,-75.64406701061469,-75.64406701061469
1923.5800539541244,-75.643549413133,-75.643549413133
1923.5900539541244,-75.64302174603505,-75.64302174603505
1923.6000539541244,-75.64248431642535,-75.64248431642535
1923.6100539541244,-75.64193742604056,-75.64193742604056
1923.6200539541244,-75.64138137119245,-75.64138137119245
1923.6300539541244,-75.64081644288125,-75.64081644288125
1923.6400539541244,-75.64024292707364,-75.64024292707364
1923.6500539541244,-75.63966110497796,-75.63966110497796
1923.6600539541244,-75.63907125337931,-75.63907125337931
1923.6700539541243,-75.63847364488656,-75.63847364488656
1923.6800539541246,-75.63786854821436,-75.63786854821436
1923.6900539541246,-75.63725622843843,-75.63725622843843
1923.7000539541245,-75.63663694717383,-75.63663694717383
1923.7100539541245,-75.63601096277236,-75.63601096277236
1923.7200539541245,-75.63537853045767,-75.63537853045767
1923.7300539541245,-75.63473990247748,-75.63473990247748
1923.7400539541245,-75.63409532818304,-75.63409532818304
1923.7500539541245,-75.63344505413825,-75.63344505413825
1923.7600539541245,-75.63278932419144,-75.63278932419144
1923.7700539541245,-75.63212837952953,-75.63212837952953
1923.7800539541245,-75.63146245873098,-75.63146245873098
1923.7900539541245,-75.63079179779928,-75.63079179779928
1923.8000539541245,-75.63011663020986,-75.63011663020986
1923.8100539541244,-75.62943718691844,-75.62943718691844
1923.8200539541244,-75.62875369637854,-75.62875369637854
1923.8300539541244,-75.6280663845908,-75.6280663845908
1923.8400539541244,-75.6273754750682,-75.6273754750682
1923.8500539541244,-75.62668118887186,-75.62668118887186
1923.8600539541244,-75.62598374461844,-75.62598374461844
1923.8700539541244,-75.62528335846648,-75.62528335846648
1923.8800539541244,-75.6245802441413,-75.6245802441413
1923.8900539541244,-75.62387461291496,-75.62387461291496
1923.9000539541244,-75.62316667363878,-75.62316667363878
1923.9100539541244,-75.62245663271912,-75.62245663271912
1923.9200539541243,-75.62174469412996,-75.62174469412996
1923.9300539541246,-75.62103105941645,-75.62103105941645
1923.9400539541246,-75.62031592768069,-75.62031592768069
1923.9500539541245,-75.61959949560061,-75.61959949560061
1923.9600539541245,-75.61888195743693,-75.61888195743693
1923.9700539541245,-75.61816350500989,-75.61816350500989
1923.9800539541245,-75.61744432774212,-75.61744432774212
1923.9900539541245,-75.61672461262454,-75.61672461262454
1924.0000539541245,-75.61600454424148,-75.61600454424148
1924.0100539541245,-75.6152843047739,-75.6152843047739
1924.0200539541245,-75.6145640739956,-75.6145640739956
1924.0300539541245,-75.61384402929741,-75.61384402929741
1924.0400539541245,-75.6131243456793,-75.6131243456793
1924.0500539541245,-75.61240519577046,-75.61240519577046
1924.0600539541244,-75.6116867498275,-75.6116867498275
1924.0700539541244,-75.6109691757488,-75.6109691757488
1924.0800539541244,-75.61025263908081,-75.61025263908081
1924.0900539541244,-75.60953730303558,-75.60953730303558
1924.1000539541244,-75.60882332850564,-75.60882332850564
1924.1100539541244,-75.60811087405985,-75.60811087405985
1924.1200539541244,-75.60740009596411,-75.60740009596411
1924.1300539541244,-75.60669114819643,-75.60669114819643
1924.1400539541244,-75.60598418246782,-75.60598418246782
1924.1500539541244,-75.60527934821752,-75.60527934821752
1924.1600539541244,-75.60457679263794,-75.60457679263794
1924.1700539541243,-75.60387666069606,-75.60387666069606
1924.1800539541246,-75.603179095144,-75.603179095144
1924.1900539541246,-75.60248423651905,-75.60248423651905
1924.2000539541245,-75.60179222318577,-75.60179222318577
1924.2100539541245,-75.60109659909611,-75.60109659909611
1924.2200539541245,-75.6003946135398,-75.6003946135398
1924.2300539541245,-75.59968499525439,-75.59968499525439
1924.2400539541245,-75.59896715650727,-75.59896715650727
1924.2500539541245,-75.59824088942054,-75.59824088942054
1924.2600539541245,-75.59750620832574,-75.59750620832574
1924.2700539541245,-75.59676325735094,-75.59676325735094
1924.2800539541245,-75.59601225491919,-75.59601225491919
1924.2900539541245,-75.5952534603777,-75.5952534603777
1924.3000539541245,-75.59448715396007,-75.59448715396007
1924.3100539541244,-75.59371362486641,-75.59371362486641
1924.3200539541244,-75.59293316427079,-75.59293316427079
1924.3300539541244,-75.59214606132328,-75.59214606132328
1924.3400539541244,-75.59135260092364,-75.59135260092364
1924.3500539541244,-75.59055306265915,-75.59055306265915
1924.3600539541244,-75.58974772038832,-75.58974772038832
1924.3700539541244,-75.58893684215515,-75.58893684215515
1924.3800539541244,-75.58812069038741,-75.58812069038741
1924.3900539541244,-75.58729952213146,-75.58729952213146
1924.4000539779663,-75.58647358743772,-75.58647358743772
1924.4100539779663,-75.58564313749693,-75.58564313749693
1924.4200539779663,-75.58480841321732,-75.58480841321732
1924.4300539779663,-75.58396965330508,-75.58396965330508
1924.4400539779663,-75.58312709261835,-75.58312709261835
1924.4500539779663,-75.58228096234345,-75.58228096234345
1924.4600539779663,-75.58143149021917,-75.58143149021917
1924.4700539779662,-75.58057890071173,-75.58057890071173
1924.4800539779662,-75.57972341515335,-75.57972341515335
1924.4900539779662,-75.57886525186812,-75.57886525186812
1924.5000539779662,-75.5780046262885,-75.5780046262885
1924.5100539779662,-75.57714175104378,-75.57714175104378
1924.5200539779662,-75.57627683604161,-75.57627683604161
1924.5300539779664,-75.57541008851112,-75.57541008851112
1924.5400539779664,-75.57454171310269,-75.57454171310269
1924.5500539779664,-75.57367191190596,-75.57367191190596
1924.5600539779664,-75.57280088449482,-75.57280088449482
1924.5700539779664,-75.5719288279605,-75.5719288279605
1924.5800539779664,-75.57105593695377,-75.57105593695377
1924.5900539779664,-75.5701824037012,-75.5701824037012
1924.6000539779664,-75.56930841800953,-75.56930841800953
1924.6100539779663,-75.56843416733155,-75.56843416733155
1924.6200539779663,-75.56755983673398,-75.56755983673398
1924.6300539779663,-75.56668560893577,-75.56668560893577
1924.6400539779663,-75.56581166433607,-75.56581166433607
1924.6500539779663,-75.56493818098788,-75.56493818098788
1924.6600539779663,-75.56406533465339,-75.56406533465339
1924.6700539779663,-75.56319329878022,-75.56319329878022
1924.6800539779663,-75.56232224452884,-75.56232224452884
1924.6900539779663,-75.56145234077714,-75.56145234077714
1924.7000539779663,-75.56058375414533,-75.56058375414533
1924.7100539779663,-75.55971664898901,-75.55971664898901
1924.7200539779662,-75.55885118740014,-75.55885118740014
1924.7300539779662,-75.55798752925828,-75.55798752925828
1924.7400539779662,-75.55712583220182,-75.55712583220182
1924.7500539779662,-75.55626625164864,-75.55626625164864
1924.7600539779662,-75.55540894081344,-75.55540894081344
1924.7700539779662,-75.55455405072072,-75.55455405072072
1924.7800539779664,-75.55370173020825,-75.55370173020825
1924.7900539779664,-75.55285212594173,-75.55285212594173
1924.8000539779664,-75.55200538243689,-75.55200538243689
1924.8100539779664,-75.55116164204331,-75.55116164204331
1924.8200539779664,-75.55032104500683,-75.55032104500683
1924.8300539779664,-75.54948372942584,-75.54948372942584
1924.8400539779664,-75.54864983131502,-75.54864983131502
1924.8500539779664,-75.54781948458333,-75.54781948458333
1924.8600539779663,-75.54699282106664,-75.54699282106664
1924.8700539779663,-75.54616997054215,-75.54616997054215
1924.8800539779663,-75.54535106073011,-75.54535106073011
1924.8900539779663,-75.54453621732333,-75.54453621732333
1924.9000539779663,-75.54372556400047,-75.54372556400047
1924.9100539779663,-75.54291922243324,-75.54291922243324
1924.9200539779663,-75.54211731232411,-75.54211731232411
1924.9300539779663,-75.54131995139365,-75.54131995139365
1924.9400539779663,-75.54052725540743,-75.54052725540743
1924.9500539779663,-75.53973933819854,-75.53973933819854
1924.9600539779663,-75.53895631168992,-75.53895631168992
1924.9700539779662,-75.53817828589226,-75.53817828589226
1924.9800539779662,-75.53740536894296,-75.53740536894296
1924.9900539779662,-75.53663766709673,-75.53663766709673
1925.0000539779662,-75.53587528478677,-75.53587528478677
1925.0100539779662,-75.53511832459083,-75.53511832459083
1925.0200539779662,-75.53436688728162,-75.53436688728162
1925.0300539779664,-75.53362107183472,-75.53362107183472
1925.0400539779664,-75.53288097545662,-75.53288097545662
1925.0500539779664,-75.53214669358658,-75.53214669358658
1925.0600539779664,-75.53141831992315,-75.53141831992315
1925.0700539779664,-75.53069594643961,-75.53069594643961
1925.0800539779664,-75.52997966341349,-75.52997966341349
1925.0900539779664,-75.52926955942507,-75.52926955942507
1925.1000539779664,-75.5285657213991,-75.5285657213991
1925.1100539779663,-75.52786823459195,-75.52786823459195
1925.1200539779663,-75.52717718264161,-75.52717718264161
1925.1300539779663,-75.52649264757451,-75.52649264757451
1925.1400539779663,-75.52581470981201,-75.52581470981201
1925.1500539779663,-75.52514344821131,-75.52514344821131
1925.1600539779663,-75.52447894005678,-75.52447894005678
1925.1700539779663,-75.52382126110226,-75.52382126110226
1925.1800539779663,-75.5231704855697,-75.5231704855697
1925.1900539779663,-75.52252668619496,-75.52252668619496
1925.2000539779663,-75.52188993420035,-75.52188993420035
1925.2100539779663,-75.52125371412778,-75.52125371412778
1925.2200539779662,-75.5206152128042,-75.5206152128042
1925.2300539779662,-75.51997309568831,-75.51997309568831
1925.2400539779662,-75.51932671175774,-75.51932671175774
1925.2500540018082,-75.51867578860721,-75.51867578860721
1925.2600540018082,-75.51802028113926,-75.51802028113926
1925.2700540018081,-75.51736026994318,-75.51736026994318
1925.2800540018081,-75.51669591203859,-75.51669591203859
1925.2900540018081,-75.51602740595433,-75.51602740595433
1925.3000540018081,-75.51535497175094,-75.51535497175094
1925.310054001808,-75.51467883908481,-75.51467883908481
1925.320054001808,-75.51399924022259,-75.51399924022259
1925.330054001808,-75.51331640605082,-75.51331640605082
1925.340054001808,-75.51263056386458,-75.51263056386458
1925.350054001808,-75.51194193630103,-75.51194193630103
1925.360054001808,-75.5112507408839,-75.5112507408839
1925.370054001808,-75.51055719000897,-75.51055719000897
1925.3800540018083,-75.50986149106788,-75.50986149106788
1925.3900540018083,-75.5091638467563,-75.5091638467563
1925.4000540018083,-75.50846445534246,-75.50846445534246
1925.4100540018082,-75.50776351103059,-75.50776351103059
1925.4200540018082,-75.50706120421407,-75.50706120421407
1925.4300540018082,-75.50635772181953,-75.50635772181953
1925.4400540018082,-75.50565324750758,-75.50565324750758
1925.4500540018082,-75.50494796193223,-75.50494796193223
1925.4600540018082,-75.5042354594683,-75.5042354594683
1925.4700540018082,-75.50351303481463,-75.50351303481463
1925.4800540018082,-75.50277945991346,-75.50277945991346
1925.4900540018082,-75.50203418913573,-75.50203418913573
1925.5000540018082,-75.50127705606293,-75.50127705606293
1925.5100540018082,-75.50050811608963,-75.50050811608963
1925.5200540018081,-75.49972755418698,-75.49972755418698
1925.5300540018081,-75.49893562946686,-75.49893562946686
1925.5400540018081,-75.49813264192939,-75.49813264192939
1925.5500540018081,-75.49731891243817,-75.49731891243817
1925.560054001808,-75.49649477086234,-75.49649477086234
1925.570054001808,-75.49566054904498,-75.49566054904498
1925.580054001808,-75.4948165768662,-75.4948165768662
1925.590054001808,-75.49396318001794,-75.49396318001794
1925.600054001808,-75.49310067893789,-75.49310067893789
1925.610054001808,-75.49222938835013,-75.49222938835013
1925.620054001808,-75.4913496172523,-75.4913496172523
1925.6300540018083,-75.49046166902176,-75.49046166902176
1925.6400540018083,-75.48956584170118,-75.48956584170118
1925.6500540018083,-75.48866242829325,-75.48866242829325
1925.6600540018082,-75.48775171707221,-75.48775171707221
1925.6700540018082,-75.48683399188418,-75.48683399188418
1925.6800540018082,-75.48590953240544,-75.48590953240544
1925.6900540018082,-75.48497861439309,-75.48497861439309
1925.7000540018082,-75.48404150990228,-75.48404150990228
1925.7100540018082,-75.48309848746531,-75.48309848746531
1925.7200540018082,-75.48214981223911,-75.48214981223911
1925.7300540018082,-75.48119574615814,-75.48119574615814
1925.7400540018082,-75.48023654803711,-75.48023654803711
1925.7500540018082,-75.47927247366701,-75.47927247366701
1925.7600540018082,-75.47830377588988,-75.47830377588988
1925.7700540018081,-75.47733070467558,-75.47733070467558
1925.7800540018081,-75.4763535071601,-75.4763535071601
1925.7900540018081,-75.47537242770083,-75.47537242770083
1925.8000540018081,-75.47438770790221,-75.47438770790221
1925.810054001808,-75.47339958665611,-75.47339958665611
1925.820054001808,-75.47240830016487,-75.47240830016487
1925.830054001808,-75.47141408194342,-75.47141408194342
1925.840054001808,-75.47041716286802,-75.47041716286802
1925.850054001808,-75.46941777114925,-75.46941777114925
1925.860054001808,-75.46841613236862,-75.46841613236862
1925.870054001808,-75.46741246947597,-75.46741246947597
1925.8800540018083,-75.46640700280443,-75.46640700280443
1925.8900540018083,-75.46539995008054,-75.46539995008054
1925.9000540018083,-75.46439152641129,-75.46439152641129
1925.9100540018082,-75.46338194429124,-75.46338194429124
1925.9200540018082,-75.46237141362168,-75.46237141362168
1925.9300540018082,-75.46136014171555,-75.46136014171555
1925.9400540018082,-75.46034833329117,-75.46034833329117
1925.9500540018082,-75.45933619048648,-75.45933619048648
1925.9600540018082,-75.458323912847,-75.458323912847
1925.9700540018082,-75.45731169735942,-75.45731169735942
1925.9800540018082,-75.4562997384256,-75.4562997384256
1925.9900540018082,-75.45528822790901,-75.45528822790901
1926.0000540018082,-75.45427735509732,-75.45427735509732
1926.0100540018082,-75.45326730674314,-75.45326730674314
1926.0200540018081,-75.45225826707863,-75.45225826707863
1926.0300540018081,-75.45125041777953,-75.45125041777953
1926.0400540018081,-75.4502439380238,-75.4502439380238
1926.0500540018081,-75.44923900447432,-75.44923900447432
1926.060054001808,-75.4482357913112,-75.4482357913112
1926.070054001808,-75.44723447021848,-75.44723447021848
1926.080054001808,-75.4462352104132,-75.4462352104132
1926.090054001808,-75.44523817865726,-75.44523817865726
1926.10005402565,-75.4442435368915,-75.4442435368915
1926.11005402565,-75.44325145175557,-75.44325145175557
1926.12005402565,-75.4422620803282,-75.4422620803282
1926.13005402565,-75.44127557968372,-75.44127557968372
1926.14005402565,-75.44029210450712,-75.44029210450712
1926.15005402565,-75.43931180710902,-75.43931180710902
1926.16005402565,-75.43833483744852,-75.43833483744852
1926.17005402565,-75.43736134315377,-75.43736134315377
1926.18005402565,-75.43639146953063,-75.43639146953063
1926.19005402565,-75.43542535958751,-75.43542535958751
1926.20005402565,-75.43446315404215,-75.43446315404215
1926.21005402565,-75.43350499135813,-75.43350499135813
1926.22005402565,-75.43255100775212,-75.43255100775212
1926.2300540256501,-75.43160133720707,-75.43160133720707
1926.2400540256501,-75.43065611150324,-75.43065611150324
1926.2500540256501,-75.42971546022358,-75.42971546022358
1926.26005402565,-75.42877951079853,-75.42877951079853
1926.27005402565,-75.42784838849808,-75.42784838849808
1926.28005402565,-75.42692221646803,-75.42692221646803
1926.29005402565,-75.42600111575119,-75.42600111575119
1926.30005402565,-75.42508520528888,-75.42508520528888
1926.31005402565,-75.42417460196609,-75.42417460196609
1926.32005402565,-75.42326942062088,-75.42326942062088
1926.33005402565,-75.42236977405526,-75.42236977405526
1926.34005402565,-75.42147577307689,-75.42147577307689
1926.35005402565,-75.42058752649929,-75.42058752649929
1926.36005402565,-75.41970514118012,-75.41970514118012
1926.37005402565,-75.4188287220357,-75.4188287220357
1926.38005402565,-75.41795837204667,-75.41795837204667
1926.39005402565,-75.41709419231302,-75.41709419231302
1926.40005402565,-75.41623628204437,-75.41623628204437
1926.41005402565,-75.41538473858529,-75.41538473858529
1926.42005402565,-75.41453965746065,-75.41453965746065
1926.43005402565,-75.41370113235507,-75.41370113235507
1926.44005402565,-75.41286925517912,-75.41286925517912
1926.45005402565,-75.41204411606127,-75.41204411606127
1926.46005402565,-75.4112258033745,-75.4112258033745
1926.47005402565,-75.41041440375712,-75.41041440375712
1926.4800540256501,-75.40961000213457,-75.40961000213457
1926.4900540256501,-75.40881268174523,-75.40881268174523
1926.5000540256501,-75.4080225241533,-75.4080225241533
1926.51005402565,-75.40723960926834,-75.40723960926834
1926.52005402565,-75.4064640153833,-75.4064640153833
1926.53005402565,-75.4056958191635,-75.4056958191635
1926.54005402565,-75.40493509569032,-75.40493509569032
1926.55005402565,-75.40418191847931,-75.40418191847931
1926.56005402565,-75.40343635948723,-75.40343635948723
1926.57005402565,-75.40269848914873,-75.40269848914873
1926.58005402565,-75.40196837638788,-75.40196837638788
1926.59005402565,-75.40124608862246,-75.40124608862246
1926.60005402565,-75.40053169181462,-75.40053169181462
1926.61005402565,-75.39982525046837,-75.39982525046837
1926.62005402565,-75.39912682765059,-75.39912682765059
1926.63005402565,-75.3984364850133,-75.3984364850133
1926.64005402565,-75.39775428281644,-75.39775428281644
1926.65005402565,-75.39708027993862,-75.39708027993862
1926.66005402565,-75.39641453390233,-75.39641453390233
1926.67005402565,-75.39575710088822,-75.39575710088822
1926.68005402565,-75.39510803574493,-75.39510803574493
1926.69005402565,-75.3944673920262,-75.3944673920262
1926.70005402565,-75.39383522200099,-75.39383522200099
1926.71005402565,-75.39320500296296,-75.39320500296296
1926.72005402565,-75.39257390860575,-75.39257390860575
1926.7300540256501,-75.39194058898235,-75.39194058898235
1926.7400540256501,-75.39130437673049,-75.39130437673049
1926.7500540256501,-75.39066498419214,-75.39066498419214
1926.76005402565,-75.39002234616997,-75.39002234616997
1926.77005402565,-75.38937652775608,-75.38937652775608
1926.78005402565,-75.38872766893053,-75.38872766893053
1926.79005402565,-75.38807595130498,-75.38807595130498
1926.80005402565,-75.38742157809536,-75.38742157809536
1926.81005402565,-75.38676476226024,-75.38676476226024
1926.82005402565,-75.3861057195288,-75.3861057195288
1926.83005402565,-75.38544466435164,-75.38544466435164
1926.84005402565,-75.38478180777817,-75.38478180777817
1926.85005402565,-75.38411735633167,-75.38411735633167
1926.86005402565,-75.38345151160628,-75.38345151160628
1926.87005402565,-75.38278447020186,-75.38278447020186
1926.88005402565,-75.38211642389933,-75.38211642389933
1926.89005402565,-75.3814475599166,-75.3814475599166
1926.90005402565,-75.38077806122111,-75.38077806122111
1926.91005402565,-75.38010810687317,-75.38010810687317
1926.92005402565,-75.37943787230039,-75.37943787230039
1926.93005402565,-75.37876752959482,-75.37876752959482
1926.94005402565,-75.37809724777244,-75.37809724777244
1926.9500540494919,-75.37742719138834,-75.37742719138834
1926.9600540494919,-75.37675752712188,-75.37675752712188
1926.9700540494919,-75.3760884143829,-75.3760884143829
1926.9800540494919,-75.37542001180533,-75.37542001180533
1926.9900540494918,-75.37475247581314,-75.37475247581314
1927.0000540494918,-75.37408596068892,-75.37408596068892
1927.0100540494918,-75.37342061868642,-75.37342061868642
1927.0200540494918,-75.37275660009433,-75.37275660009433
1927.0300540494918,-75.37209405329766,-75.37209405329766
1927.0400540494918,-75.37143312482577,-75.37143312482577
1927.0500540494918,-75.37077395938664,-75.37077395938664
1927.0600540494918,-75.37011669992599,-75.37011669992599
1927.0700540494918,-75.36946148763887,-75.36946148763887
1927.080054049492,-75.36880846198763,-75.36880846198763
1927.090054049492,-75.36815776074245,-75.36815776074245
1927.100054049492,-75.3675095199776,-75.3675095199776
1927.110054049492,-75.36686387409222,-75.36686387409222
1927.120054049492,-75.3662209558182,-75.3662209558182
1927.130054049492,-75.36558089623036,-75.36558089623036
1927.140054049492,-75.36494382475622,-75.36494382475622
1927.150054049492,-75.36430986917026,-75.36430986917026
1927.160054049492,-75.36367915561927,-75.36367915561927
1927.170054049492,-75.36305180861385,-75.36305180861385
1927.180054049492,-75.36242795102584,-75.36242795102584
1927.190054049492,-75.36180770410569,-75.36180770410569
1927.2000540494919,-75.36119118747892,-75.36119118747892
1927.2100540494919,-75.36057851915518,-75.36057851915518
1927.2200540494919,-75.35996981551564,-75.35996981551564
1927.2300540494919,-75.35936519133061,-75.35936519133061
1927.2400540494918,-75.35876475977287,-75.35876475977287
1927.2500540494918,-75.35816863239398,-75.35816863239398
1927.2600540494918,-75.35757691915408,-75.35757691915408
1927.2700540494918,-75.35698972840555,-75.35698972840555
1927.2800540494918,-75.35640716692875,-75.35640716692875
1927.2900540494918,-75.35582933988815,-75.35582933988815
1927.3000540494918,-75.35525635088418,-75.35525635088418
1927.3100540494918,-75.35468830194422,-75.35468830194422
1927.3200540494918,-75.35412529351352,-75.35412529351352
1927.330054049492,-75.3535674244869,-75.3535674244869
1927.340054049492,-75.35301479218869,-75.35301479218869
1927.350054049492,-75.35246749241283,-75.35246749241283
1927.360054049492,-75.3519256193984,-75.3519256193984
1927.370054049492,-75.35138926585532,-75.35138926585532
1927.380054049492,-75.35085852296656,-75.35085852296656
1927.390054049492,-75.3503334804131,-75.3503334804131
1927.400054049492,-75.34981422635644,-75.34981422635644
1927.410054049492,-75.34930084746622,-75.34930084746622
1927.420054049492,-75.34879342892829,-75.34879342892829
1927.430054049492,-75.34829205444402,-75.34829205444402
1927.440054049492,-75.34779680625131,-75.34779680625131
1927.4500540494919,-75.34730776513071,-75.34730776513071
1927.4600540494919,-75.34682501042563,-75.34682501042563
1927.4700540494919,-75.34634862002972,-75.34634862002972
1927.4800540494919,-75.34587867043156,-75.34587867043156
1927.4900540494918,-75.3454152367016,-75.3454152367016
1927.5000540494918,-75.34495839250543,-75.34495839250543
1927.5100540494918,-75.34450821012088,-75.34450821012088
1927.5200540494918,-75.34406476045137,-75.34406476045137
1927.5300540494918,-75.34362811303833,-75.34362811303833
1927.5400540494918,-75.34319833608389,-75.34319833608389
1927.5500540494918,-75.34277549642005,-75.34277549642005
1927.5600540494918,-75.3423596595787,-75.3423596595787
1927.5700540494918,-75.341950889771,-75.341950889771
1927.580054049492,-75.34154924990256,-75.34154924990256
1927.590054049492,-75.34115480160047,-75.34115480160047
1927.600054049492,-75.3407676051973,-75.3407676051973
1927.610054049492,-75.3403877197854,-75.3403877197854
1927.620054049492,-75.34001520319336,-75.34001520319336
1927.630054049492,-75.3396501120165,-75.3396501120165
1927.640054049492,-75.33929250163098,-75.33929250163098
1927.650054049492,-75.33894242619678,-75.33894242619678
1927.660054049492,-75.33859993868482,-75.33859993868482
1927.670054049492,-75.33826509087432,-75.33826509087432
1927.680054049492,-75.3379379333799,-75.3379379333799
1927.690054049492,-75.33761851565075,-75.33761851565075
1927.7000540494919,-75.33730688600816,-75.33730688600816
1927.7100540494919,-75.33699652196371,-75.33699652196371
1927.7200540494919,-75.33668459470428,-75.33668459470428
1927.7300540494919,-75.33636975080127,-75.33636975080127
1927.7400540494918,-75.33605131905247,-75.33605131905247
1927.7500540494918,-75.33572900781127,-75.33572900781127
1927.7600540494918,-75.3354027478708,-75.3354027478708
1927.7700540494918,-75.3350726003654,-75.3350726003654
1927.7800540494918,-75.33473870143905,-75.33473870143905
1927.7900540494918,-75.33440122893614,-75.33440122893614
1927.8000540733337,-75.33406038167185,-75.33406038167185
1927.8100540733337,-75.33371637076395,-75.33371637076395
1927.8200540733337,-75.33336940780868,-75.33336940780868
1927.8300540733337,-75.33301970407982,-75.33301970407982
1927.8400540733337,-75.3326674675845,-75.3326674675845
1927.8500540733337,-75.33231290193831,-75.33231290193831
1927.8600540733337,-75.33195620594535,-75.33195620594535
1927.8700540733337,-75.33159757355016,-75.33159757355016
1927.8800540733337,-75.3312371939864,-75.3312371939864
1927.8900540733337,-75.33087525205111,-75.33087525205111
1927.9000540733336,-75.33051192839815,-75.33051192839815
1927.9100540733336,-75.33014739986426,-75.33014739986426
1927.9200540733336,-75.32978183977119,-75.32978183977119
1927.9300540733338,-75.32941541819545,-75.32941541819545
1927.9400540733338,-75.32904830223362,-75.32904830223362
1927.9500540733338,-75.32868065621248,-75.32868065621248
1927.9600540733338,-75.32831264187689,-75.32831264187689
1927.9700540733338,-75.32794441856599,-75.32794441856599
1927.9800540733338,-75.32757614334767,-75.32757614334767
1927.9900540733338,-75.32720797114797,-75.32720797114797
1928.0000540733338,-75.32684005482841,-75.32684005482841
1928.0100540733338,-75.32647254528877,-75.32647254528877
1928.0200540733338,-75.32610559153954,-75.32610559153954
1928.0300540733338,-75.32573934075802,-75.32573934075802
1928.0400540733337,-75.32537393833357,-75.32537393833357
1928.0500540733337,-75.32500952790684,-75.32500952790684
1928.0600540733337,-75.32464625140638,-75.32464625140638
1928.0700540733337,-75.32428424906196,-75.32428424906196
1928.0800540733337,-75.32392365945843,-75.32392365945843
1928.0900540733337,-75.32356461952486,-75.32356461952486
1928.1000540733337,-75.32320726455781,-75.32320726455781
1928.1100540733337,-75.32285172822479,-75.32285172822479
1928.1200540733337,-75.32249814258766,-75.32249814258766
1928.1300540733337,-75.32214663810319,-75.32214663810319
1928.1400540733337,-75.32179734361922,-75.32179734361922
1928.1500540733336,-75.32145038640039,-75.32145038640039
1928.1600540733336,-75.32110589210832,-75.32110589210832
1928.1700540733336,-75.32076398482623,-75.32076398482623
1928.1800540733338,-75.32042478703842,-75.32042478703842
1928.1900540733338,-75.3200884196566,-75.3200884196566
1928.2000540733338,-75.31975500201278,-75.31975500201278
1928.2100540733338,-75.31941808385649,-75.31941808385649
1928.2200540733338,-75.31907490726299,-75.31907490726299
1928.2300540733338,-75.31872418888608,-75.31872418888608
1928.2400540733338,-75.31836532692004,-75.31836532692004
1928.2500540733338,-75.3179980985641,-75.3179980985641
1928.2600540733338,-75.31762250292036,-75.31762250292036
1928.2700540733338,-75.31723866890502,-75.31723866890502
1928.2800540733338,-75.31684679992811,-75.31684679992811
1928.2900540733337,-75.31644714059635,-75.31644714059635
1928.3000540733337,-75.31603995677638,-75.31603995677638
1928.3100540733337,-75.31562552369529,-75.31562552369529
1928.3200540733337,-75.31520411894613,-75.31520411894613
1928.3300540733337,-75.3147760184722,-75.3147760184722
1928.3400540733337,-75.3143414943845,-75.3143414943845
1928.3500540733337,-75.31390081387224,-75.31390081387224
1928.3600540733337,-75.3134542387508,-75.3134542387508
1928.3700540733337,-75.31300202542342,-75.31300202542342
1928.3800540733337,-75.31254442500568,-75.31254442500568
1928.3900540733337,-75.31208168360047,-75.31208168360047
1928.4000540733336,-75.31161404258576,-75.31161404258576
1928.4100540733336,-75.31114173894386,-75.31114173894386
1928.4200540733336,-75.31066500554785,-75.31066500554785
1928.4300540733338,-75.310184071436,-75.310184071436
1928.4400540733338,-75.3096991620784,-75.3096991620784
1928.4500540733338,-75.30921049955924,-75.30921049955924
1928.4600540733338,-75.30871830280019,-75.30871830280019
1928.4700540733338,-75.30822278770324,-75.30822278770324
1928.4800540733338,-75.30772416729768,-75.30772416729768
1928.4900540733338,-75.30722265186873,-75.30722265186873
1928.5000540733338,-75.30671844902359,-75.30671844902359
1928.5100540733338,-75.30621176381376,-75.30621176381376
1928.5200540733338,-75.30570279879802,-75.30570279879802
1928.5300540733338,-75.3051917540806,-75.3051917540806
1928.5400540733337,-75.30467882738643,-75.30467882738643
1928.5500540733337,-75.30416421408572,-75.30416421408572
1928.5600540733337,-75.30364810722799,-75.30364810722799
1928.5700540733337,-75.3031306975804,-75.3031306975804
1928.5800540733337,-75.3026121736572,-75.3026121736572
1928.5900540733337,-75.30209272170907,-75.30209272170907
1928.6000540733337,-75.30157252577119,-75.30157252577119
1928.6100540733337,-75.30105176766665,-75.30105176766665
1928.6200540733337,-75.30053062699932,-75.30053062699932
1928.6300540733337,-75.30000928119553,-75.30000928119553
1928.6400540733337,-75.29948790550515,-75.29948790550515
1928.6500540971756,-75.29896667174555,-75.29896667174555
1928.6600540971756,-75.29844575328964,-75.29844575328964
1928.6700540971756,-75.29792531763172,-75.29792531763172
1928.6800540971756,-75.297405531353,-75.297405531353
1928.6900540971756,-75.29688655887806,-75.29688655887806
1928.7000540971756,-75.2963685625036,-75.2963685625036
1928.7100540971755,-75.29585170236392,-75.29585170236392
1928.7200540971755,-75.29533613648037,-75.29533613648037
1928.7300540971755,-75.29482202075434,-75.29482202075434
1928.7400540971755,-75.29430950894839,-75.29430950894839
1928.7500540971755,-75.29379875273186,-75.29379875273186
1928.7600540971755,-75.29328990168051,-75.29328990168051
1928.7700540971755,-75.29278310326465,-75.29278310326465
1928.7800540971757,-75.29227850285889,-75.29227850285889
1928.7900540971757,-75.29177624378664,-75.29177624378664
1928.8000540971757,-75.29127646728654,-75.29127646728654
1928.8100540971757,-75.29077931254515,-75.29077931254515
1928.8200540971757,-75.2902849167065,-75.2902849167065
1928.8300540971757,-75.28979341488116,-75.28979341488116
1928.8400540971757,-75.28930494014352,-75.28930494014352
1928.8500540971756,-75.2888196235639,-75.2888196235639
1928.8600540971756,-75.28833759420948,-75.28833759420948
1928.8700540971756,-75.28785897916151,-75.28785897916151
1928.8800540971756,-75.28738390352186,-75.28738390352186
1928.8900540971756,-75.28691249044113,-75.28691249044113
1928.9000540971756,-75.28644486111021,-75.28644486111021
1928.9100540971756,-75.28598113479075,-75.28598113479075
1928.9200540971756,-75.28552142881594,-75.28552142881594
1928.9300540971756,-75.28506585861554,-75.28506585861554
1928.9400540971756,-75.28461453773728,-75.28461453773728
1928.9500540971756,-75.28416757785018,-75.28416757785018
1928.9600540971755,-75.28372508874982,-75.28372508874982
1928.9700540971755,-75.28328717839798,-75.28328717839798
1928.9800540971755,-75.28285395292592,-75.28285395292592
1928.9900540971755,-75.2824255166501,-75.2824255166501
1929.0000540971755,-75.2820019720856,-75.2820019720856
1929.0100540971755,-75.28158341997455,-75.28158341997455
1929.0200540971755,-75.28116995929032,-75.28116995929032
1929.0300540971757,-75.28076168725259,-75.28076168725259
1929.0400540971757,-75.2803586993485,-75.2803586993485
1929.0500540971757,-75.2799610893642,-75.2799610893642
1929.0600540971757,-75.27956894938583,-75.27956894938583
1929.0700540971757,-75.2791823698101,-75.2791823698101
1929.0800540971757,-75.2788014393771,-75.2788014393771
1929.0900540971757,-75.27842624517321,-75.27842624517321
1929.1000540971756,-75.27805687266469,-75.27805687266469
1929.1100540971756,-75.27769340569776,-75.27769340569776
1929.1200540971756,-75.27733592652973,-75.27733592652973
1929.1300540971756,-75.2769845158439,-75.2769845158439
1929.1400540971756,-75.27663925276806,-75.27663925276806
1929.1500540971756,-75.27630021487019,-75.27630021487019
1929.1600540971756,-75.2759674782096,-75.2759674782096
1929.1700540971756,-75.27564111732583,-75.27564111732583
1929.1800540971756,-75.27532120528613,-75.27532120528613
1929.1900540971756,-75.2750078136624,-75.2750078136624
1929.2000540971756,-75.27470101259034,-75.27470101259034
1929.2100540971755,-75.27440087075186,-75.27440087075186
1929.2200540971755,-75.27410745541677,-75.27410745541677
1929.2300540971755,-75.27382083244677,-75.27382083244677
1929.2400540971755,-75.27354106632251,-75.27354106632251
1929.2500540971755,-75.27326822014557,-75.27326822014557
1929.2600540971755,-75.27300235566773,-75.27300235566773
1929.2700540971755,-75.27274353330924,-75.27274353330924
1929.2800540971757,-75.27249181215731,-75.27249181215731
1929.2900540971757,-75.2722472500034,-75.2722472500034
1929.3000540971757,-75.27200990335848,-75.27200990335848
1929.3100540971757,-75.27177982745405,-75.27177982745405
1929.3200540971757,-75.27155707626278,-75.27155707626278
1929.3300540971757,-75.27134170253147,-75.27134170253147
1929.3400540971757,-75.27113375778248,-75.27113375778248
1929.3500540971756,-75.27093329232474,-75.27093329232474
1929.3600540971756,-75.27074035528265,-75.27074035528265
1929.3700540971756,-75.27055499459698,-75.27055499459698
1929.3800540971756,-75.27037725706057,-75.27037725706057
1929.3900540971756,-75.27020718831845,-75.27020718831845
1929.4000540971756,-75.27004483288614,-75.27004483288614
1929.4100540971756,-75.26989023416506,-75.26989023416506
1929.4200540971756,-75.26974343446324,-75.26974343446324
1929.4300540971756,-75.26960447499565,-75.26960447499565
1929.4400540971756,-75.2694733959288,-75.2694733959288
1929.4500540971756,-75.26935023634887,-75.26935023634887
1929.4600540971755,-75.26923503432069,-75.26923503432069
1929.4700540971755,-75.26912782687721,-75.26912782687721
1929.4800540971755,-75.26902865004594,-75.26902865004594
1929.4900540971755,-75.2689375388537,-75.2689375388537
1929.5000541210175,-75.26885452714768,-75.26885452714768
1929.5100541210174,-75.26877964842488,-75.26877964842488
1929.5200541210174,-75.26871293458134,-75.26871293458134
1929.5300541210174,-75.26865441679313,-75.26865441679313
1929.5400541210174,-75.26860412531823,-75.26860412531823
1929.5500541210174,-75.2685620894814,-75.2685620894814
1929.5600541210174,-75.26852833773198,-75.26852833773198
1929.5700541210174,-75.26850289761636,-75.26850289761636
1929.5800541210174,-75.2684857957926,-75.2684857957926
1929.5900541210174,-75.26847705806648,-75.26847705806648
1929.6000541210174,-75.26847670939625,-75.26847670939625
1929.6100541210174,-75.26848477390331,-75.26848477390331
1929.6200541210173,-75.26850127486605,-75.26850127486605
1929.6300541210176,-75.26852623476283,-75.26852623476283
1929.6400541210176,-75.26855967527324,-75.26855967527324
1929.6500541210175,-75.26860161727227,-75.26860161727227
1929.6600541210175,-75.26865208086457,-75.26865208086457
1929.6700541210175,-75.26871108538583,-75.26871108538583
1929.6800541210175,-75.26877864941393,-75.26877864941393
1929.6900541210175,-75.26885479079027,-75.26885479079027
1929.7000541210175,-75.26893952661366,-75.26893952661366
1929.7100541210175,-75.26903287326208,-75.26903287326208
1929.7200541210175,-75.2691348464046,-75.2691348464046
1929.7300541210175,-75.26924546101407,-75.26924546101407
1929.7400541210175,-75.26936473135534,-75.26936473135534
1929.7500541210175,-75.26949267103049,-75.26949267103049
1929.7600541210174,-75.26962929296286,-75.26962929296286
1929.7700541210174,-75.26977460942466,-75.26977460942466
1929.7800541210174,-75.26992863202341,-75.26992863202341
1929.7900541210174,-75.27009137174664,-75.27009137174664
1929.8000541210174,-75.27026283893994,-75.27026283893994
1929.8100541210174,-75.27044304334004,-75.27044304334004
1929.8200541210174,-75.27063199405066,-75.27063199405066
1929.8300541210174,-75.27082969959501,-75.27082969959501
1929.8400541210174,-75.27103616789434,-75.27103616789434
1929.8500541210174,-75.27125140630383,-75.27125140630383
1929.8600541210174,-75.2714754215797,-75.2714754215797
1929.8700541210173,-75.27170821992982,-75.27170821992982
1929.8800541210176,-75.27194980700925,-75.27194980700925
1929.8900541210176,-75.27220018791846,-75.27220018791846
1929.9000541210175,-75.27245936721802,-75.27245936721802
1929.9100541210175,-75.27272734894252,-75.27272734894252
1929.9200541210175,-75.27300413661109,-75.27300413661109
1929.9300541210175,-75.2732897332105,-75.2732897332105
1929.9400541210175,-75.27358414124032,-75.27358414124032
1929.9500541210175,-75.27388736269707,-75.27388736269707
1929.9600541210175,-75.27419939909329,-75.27419939909329
1929.9700541210175,-75.27452025145907,-75.27452025145907
1929.9800541210175,-75.27484992033712,-75.27484992033712
1929.9900541210175,-75.27518840581111,-75.27518840581111
1930.0000541210175,-75.27553570752387,-75.27553570752387
1930.0100541210174,-75.27589182463856,-75.27589182463856
1930.0200541210174,-75.27625675589155,-75.27625675589155
1930.0300541210174,-75.27663049958521,-75.27663049958521
1930.0400541210174,-75.2770130535781,-75.2770130535781
1930.0500541210174,-75.27740441532278,-75.27740441532278
1930.0600541210174,-75.2778045818457,-75.2778045818457
1930.0700541210174,-75.27821354976962,-75.27821354976962
1930.0800541210174,-75.27863131530707,-75.27863131530707
1930.0900541210174,-75.27905787428041,-75.27905787428041
1930.1000541210174,-75.27949322212561,-75.27949322212561
1930.1100541210174,-75.27993735389654,-75.27993735389654
1930.1200541210173,-75.28039026426377,-75.28039026426377
1930.1300541210176,-75.2808519475328,-75.2808519475328
1930.1400541210176,-75.281322397647,-75.281322397647
1930.1500541210175,-75.2818016081938,-75.2818016081938
1930.1600541210175,-75.2822895723964,-75.2822895723964
1930.1700541210175,-75.28278628314355,-75.28278628314355
1930.1800541210175,-75.28329173298846,-75.28329173298846
1930.1900541210175,-75.28380591413138,-75.28380591413138
1930.2000541210175,-75.28432881846558,-75.28432881846558
1930.2100541210175,-75.2848538699329,-75.2848538699329
1930.2200541210175,-75.28537818393656,-75.28537818393656
1930.2300541210175,-75.28590035101303,-75.28590035101303
1930.2400541210175,-75.28641964423618,-75.28641964423618
1930.2500541210175,-75.28693571682044,-75.28693571682044
1930.2600541210174,-75.28744844510223,-75.28744844510223
1930.2700541210174,-75.2879578365147,-75.2879578365147
1930.2800541210174,-75.2884639743098,-75.2884639743098
1930.2900541210174,-75.2889669843135,-75.2889669843135
1930.3000541210174,-75.28946701496237,-75.28946701496237
1930.3100541210174,-75.28996422543631,-75.28996422543631
1930.3200541210174,-75.29045877864742,-75.29045877864742
1930.3300541210174,-75.2909508372527,-75.2909508372527
1930.3400541210174,-75.29144056144038,-75.29144056144038
1930.3500541448593,-75.29192810900958,-75.29192810900958
1930.3600541448593,-75.29241363026065,-75.29241363026065
1930.3700541448593,-75.29289727491015,-75.29289727491015
1930.3800541448593,-75.29337918758657,-75.29337918758657
1930.3900541448593,-75.293859509231,-75.293859509231
1930.4000541448593,-75.2943383774021,-75.2943383774021
1930.4100541448593,-75.29481592657427,-75.29481592657427
1930.4200541448593,-75.29529228842783,-75.29529228842783
1930.4300541448592,-75.29576759211356,-75.29576759211356
1930.4400541448592,-75.29624196450487,-75.29624196450487
1930.4500541448592,-75.29671553038001,-75.29671553038001
1930.4600541448592,-75.29718184408844,-75.29718184408844
1930.4700541448592,-75.2976381505782,-75.2976381505782
1930.4800541448594,-75.29808316888084,-75.29808316888084
1930.4900541448594,-75.29851629949133,-75.29851629949133
1930.5000541448594,-75.29893732200617,-75.29893732200617
1930.5100541448594,-75.29934623818579,-75.29934623818579
1930.5200541448594,-75.29974317995442,-75.29974317995442
1930.5300541448594,-75.30012835417125,-75.30012835417125
1930.5400541448594,-75.30050200941251,-75.30050200941251
1930.5500541448594,-75.30086441604422,-75.30086441604422
1930.5600541448594,-75.3012158543523,-75.3012158543523
1930.5700541448593,-75.30152339438239,-75.30152339438239
1930.5800541448593,-75.30177077967299,-75.30177077967299
1930.5900541448593,-75.30194816043587,-75.30194816043587
1930.6000541448593,-75.30204905349063,-75.30204905349063
1930.6100541448593,-75.30206911386564,-75.30206911386564
1930.6200541448593,-75.302005414998,-75.302005414998
1930.6300541448593,-75.30185598539697,-75.30185598539697
1930.6400541448593,-75.30161950726983,-75.30161950726983
1930.6500541448593,-75.30129511995554,-75.30129511995554
1930.6600541448593,-75.30088229096366,-75.30088229096366
1930.6700541448593,-75.3003807305043,-75.3003807305043
1930.6800541448592,-75.29979033423821,-75.29979033423821
1930.6900541448592,-75.2991111442692,-75.2991111442692
1930.7000541448592,-75.29834332211297,-75.29834332211297
1930.7100541448592,-75.29748712962598,-75.29748712962598
1930.7200541448592,-75.29654291506485,-75.29654291506485
1930.7300541448594,-75.2955111027117,-75.2955111027117
1930.7400541448594,-75.29439218476467,-75.29439218476467
1930.7500541448594,-75.29318671491232,-75.29318671491232
1930.7600541448594,-75.29189530290218,-75.29189530290218
1930.7700541448594,-75.29051860996573,-75.29051860996573
1930.7800541448594,-75.28905734472804,-75.28905734472804
1930.7900541448594,-75.28751225957178,-75.28751225957178
1930.8000541448594,-75.2858841472735,-75.2858841472735
1930.8100541448594,-75.28417383790692,-75.28417383790692
1930.8200541448593,-75.28238219595204,-75.28238219595204
1930.8300541448593,-75.28051011753341,-75.28051011753341
1930.8400541448593,-75.2785585278695,-75.2785585278695
1930.8500541448593,-75.27652837879981,-75.27652837879981
1930.8600541448593,-75.27442064650423,-75.27442064650423
1930.8700541448593,-75.27223632925508,-75.27223632925508
1930.8800541448593,-75.26997644534374,-75.26997644534374
1930.8900541448593,-75.26764203109457,-75.26764203109457
1930.9000541448593,-75.26523413898715,-75.26523413898715
1930.9100541448593,-75.26275383583247,-75.26275383583247
1930.9200541448593,-75.26020220109864,-75.26020220109864
1930.9300541448592,-75.25758032532138,-75.25758032532138
1930.9400541448592,-75.25488930853352,-75.25488930853352
1930.9500541448592,-75.25213025885331,-75.25213025885331
1930.9600541448592,-75.24930429113465,-75.24930429113465
1930.9700541448592,-75.24641252564967,-75.24641252564967
1930.9800541448594,-75.24345608691164,-75.24345608691164
1930.9900541448594,-75.24043610250553,-75.24043610250553
1931.0000541448594,-75.23735370202165,-75.23735370202165
1931.0100541448594,-75.23421001604397,-75.23421001604397
1931.0200541448594,-75.23100617520858,-75.23100617520858
1931.0300541448594,-75.22774330929605,-75.22774330929605
1931.0400541448594,-75.22442254641787,-75.22442254641787
1931.0500541448594,-75.22104501220593,-75.22104501220593
1931.0600541448594,-75.21761182910197,-75.21761182910197
1931.0700541448593,-75.21412411565676,-75.21412411565676
1931.0800541448593,-75.21058298589307,-75.21058298589307
1931.0900541448593,-75.20698954873201,-75.20698954873201
1931.1000541448593,-75.20334490739546,-75.20334490739546
1931.1100541448593,-75.19965015894086,-75.19965015894086
1931.1200541448593,-75.19590639372831,-75.19590639372831
1931.1300541448593,-75.192114695023,-75.192114695023
1931.1400541448593,-75.18827613856104,-75.18827613856104
1931.1500541448593,-75.18439179216261,-75.18439179216261
1931.1600541448593,-75.18046271541048,-75.18046271541048
1931.1700541448593,-75.17648995928408,-75.17648995928408
1931.1800541448592,-75.17247456591987,-75.17247456591987
1931.1900541448592,-75.16841756829594,-75.16841756829594
1931.2000541687012,-75.16431998023523,-75.16431998023523
1931.2100541687012,-75.16018283512594,-75.16018283512594
1931.2200541687012,-75.1560071274942,-75.1560071274942
1931.2300541687011,-75.15179385150118,-75.15179385150118
1931.2400541687011,-75.14754399113512,-75.14754399113512
1931.2500541687011,-75.14325852007879,-75.14325852007879
1931.2600541687011,-75.13893840157442,-75.13893840157442
1931.270054168701,-75.13458458831428,-75.13458458831428
1931.280054168701,-75.13019802232763,-75.13019802232763
1931.290054168701,-75.12577963491519,-75.12577963491519
1931.300054168701,-75.1213303465519,-75.1213303465519
1931.310054168701,-75.11685106685185,-75.11685106685185
1931.320054168701,-75.11234269450439,-75.11234269450439
1931.3300541687013,-75.10780611723837,-75.10780611723837
1931.3400541687013,-75.10324221180667,-75.10324221180667
1931.3500541687013,-75.09865184395592,-75.09865184395592
1931.3600541687013,-75.09403586842058,-75.09403586842058
1931.3700541687012,-75.08939512892661,-75.08939512892661
1931.3800541687012,-75.08473045820378,-75.08473045820378
1931.3900541687012,-75.08004267799454,-75.08004267799454
1931.4000541687012,-75.0753325990676,-75.0753325990676
1931.4100541687012,-75.07060102126378,-75.07060102126378
1931.4200541687012,-75.06584873353246,-75.06584873353246
1931.4300541687012,-75.0610765139595,-75.0610765139595
1931.4400541687012,-75.05628512982113,-75.05628512982113
1931.4500541687012,-75.05147533763562,-75.05147533763562
1931.4600541687012,-75.0466478832106,-75.0466478832106
1931.4700541687012,-75.04180350171194,-75.04180350171194
1931.4800541687011,-75.03694291773132,-75.03694291773132
1931.4900541687011,-75.03206684535407,-75.03206684535407
1931.5000541687011,-75.02717598821653,-75.02717598821653
1931.5100541687011,-75.02227103958636,-75.02227103958636
1931.520054168701,-75.01735268246362,-75.01735268246362
1931.530054168701,-75.01242158961595,-75.01242158961595
1931.540054168701,-75.00747842370448,-75.00747842370448
1931.550054168701,-75.00252383735209,-75.00252383735209
1931.560054168701,-74.99755847322496,-74.99755847322496
1931.570054168701,-74.99258296411942,-74.99258296411942
1931.5800541687013,-74.98759793307016,-74.98759793307016
1931.5900541687013,-74.98260399342597,-74.98260399342597
1931.6000541687013,-74.97760174895369,-74.97760174895369
1931.6100541687013,-74.97259179393184,-74.97259179393184
1931.6200541687012,-74.96757471324403,-74.96757471324403
1931.6300541687012,-74.96255108246429,-74.96255108246429
1931.6400541687012,-74.95752146797922,-74.95752146797922
1931.6500541687012,-74.95248642707256,-74.95248642707256
1931.6600541687012,-74.94744650801609,-74.94744650801609
1931.6700541687012,-74.9424022501935,-74.9424022501935
1931.6800541687012,-74.93735418417445,-74.93735418417445
1931.6900541687012,-74.93230283182893,-74.93230283182893
1931.7000541687012,-74.92724870643697,-74.92724870643697
1931.7100541687012,-74.922192312764,-74.922192312764
1931.7200541687012,-74.91713414719251,-74.91713414719251
1931.7300541687011,-74.91207469778817,-74.91207469778817
1931.7400541687011,-74.90701444442774,-74.90701444442774
1931.7500541687011,-74.90195385889896,-74.90195385889896
1931.7600541687011,-74.89689340498136,-74.89689340498136
1931.770054168701,-74.8918335385617,-74.8918335385617
1931.780054168701,-74.88677470773646,-74.88677470773646
1931.790054168701,-74.88171735288847,-74.88171735288847
1931.800054168701,-74.87666190683889,-74.87666190683889
1931.810054168701,-74.87160879486481,-74.87160879486481
1931.820054168701,-74.86655843486724,-74.86655843486724
1931.8300541687013,-74.86151123744274,-74.86151123744274
1931.8400541687013,-74.8564676059919,-74.8564676059919
1931.8500541687013,-74.85142793677608,-74.85142793677608
1931.8600541687013,-74.8463926190681,-74.8463926190681
1931.8700541687012,-74.84136203521219,-74.84136203521219
1931.8800541687012,-74.83633656073242,-74.83633656073242
1931.8900541687012,-74.83131656441198,-74.83131656441198
1931.9000541687012,-74.82630240840922,-74.82630240840922
1931.9100541687012,-74.82129444833483,-74.82129444833483
1931.9200541687012,-74.81629303333315,-74.81629303333315
1931.9300541687012,-74.81129850620204,-74.81129850620204
1931.9400541687012,-74.80631120345072,-74.80631120345072
1931.9500541687012,-74.80133145540216,-74.80133145540216
1931.9600541687012,-74.79635306884998,-74.79635306884998
1931.9700541687012,-74.79137351739115,-74.79137351739115
1931.9800541687011,-74.7863917361897,-74.7863917361897
1931.9900541687011,-74.78140733352397,-74.78140733352397
1932.0000541687011,-74.77642029002038,-74.77642029002038
1932.0100541687011,-74.77143080248256,-74.77143080248256
1932.020054168701,-74.76643919234172,-74.76643919234172
1932.030054168701,-74.76144585066282,-74.76144585066282
1932.040054168701,-74.75645120511818,-74.75645120511818
1932.050054192543,-74.75145568828258,-74.75145568828258
1932.060054192543,-74.74645977350328,-74.74645977350328
1932.070054192543,-74.74146389663883,-74.74146389663883
1932.080054192543,-74.73646849973431,-74.73646849973431
1932.090054192543,-74.73147401703436,-74.73147401703436
1932.100054192543,-74.72648087401349,-74.72648087401349
1932.110054192543,-74.7214894870061,-74.7214894870061
1932.120054192543,-74.71650026323736,-74.71650026323736
1932.130054192543,-74.71151360106657,-74.71151360106657
1932.140054192543,-74.70652989031508,-74.70652989031508
1932.150054192543,-74.70154951264253,-74.70154951264253
1932.160054192543,-74.69657284196892,-74.69657284196892
1932.170054192543,-74.69160024480347,-74.69160024480347
1932.1800541925431,-74.68663208062071,-74.68663208062071
1932.1900541925431,-74.68166870215282,-74.68166870215282
1932.2000541925431,-74.67671045569578,-74.67671045569578
1932.210054192543,-74.67175768135083,-74.67175768135083
1932.220054192543,-74.66681071327451,-74.66681071327451
1932.230054192543,-74.66186987983119,-74.66186987983119
1932.240054192543,-74.65693550383502,-74.65693550383502
1932.250054192543,-74.65200790265003,-74.65200790265003
1932.260054192543,-74.64708738837659,-74.64708738837659
1932.270054192543,-74.64217426795585,-74.64217426795585
1932.280054192543,-74.6372688432823,-74.6372688432823
1932.290054192543,-74.63237141131347,-74.63237141131347
1932.300054192543,-74.62748226415795,-74.62748226415795
1932.310054192543,-74.62260168916623,-74.62260168916623
1932.320054192543,-74.61772996899712,-74.61772996899712
1932.330054192543,-74.61286738170908,-74.61286738170908
1932.340054192543,-74.60801420079626,-74.60801420079626
1932.350054192543,-74.60317069527112,-74.60317069527112
1932.360054192543,-74.59833712973803,-74.59833712973803
1932.370054192543,-74.5935137644076,-74.5935137644076
1932.380054192543,-74.58870085519185,-74.58870085519185
1932.390054192543,-74.58389865372737,-74.58389865372737
1932.400054192543,-74.5791074074307,-74.5791074074307
1932.410054192543,-74.5743273595472,-74.5743273595472
1932.420054192543,-74.56955874920686,-74.56955874920686
1932.4300541925431,-74.56480181144845,-74.56480181144845
1932.4400541925431,-74.56005677729331,-74.56005677729331
1932.4500541925431,-74.55532387375129,-74.55532387375129
1932.460054192543,-74.55060332388295,-74.55060332388295
1932.470054192543,-74.54589534685981,-74.54589534685981
1932.480054192543,-74.54120015796528,-74.54120015796528
1932.490054192543,-74.53651796867099,-74.53651796867099
1932.500054192543,-74.53184898665555,-74.53184898665555
1932.510054192543,-74.5271934158645,-74.5271934158645
1932.520054192543,-74.5225514565228,-74.5225514565228
1932.530054192543,-74.51792330520351,-74.51792330520351
1932.540054192543,-74.51330915485417,-74.51330915485417
1932.550054192543,-74.50870919483424,-74.50870919483424
1932.560054192543,-74.50412361095431,-74.50412361095431
1932.570054192543,-74.49955258552794,-74.49955258552794
1932.580054192543,-74.49499629739381,-74.49499629739381
1932.590054192543,-74.4904549219646,-74.4904549219646
1932.600054192543,-74.48592863127082,-74.48592863127082
1932.610054192543,-74.48141759398528,-74.48141759398528
1932.620054192543,-74.47692197546813,-74.47692197546813
1932.630054192543,-74.47244193780674,-74.47244193780674
1932.640054192543,-74.46797763985721,-74.46797763985721
1932.650054192543,-74.4635292372793,-74.4635292372793
1932.660054192543,-74.45909688257136,-74.45909688257136
1932.670054192543,-74.4546807251053,-74.4546807251053
1932.6800541925431,-74.45028091118067,-74.45028091118067
1932.6900541925431,-74.44589758403968,-74.44589758403968
1932.7000541925431,-74.44153088392937,-74.44153088392937
1932.710054192543,-74.43718094811817,-74.43718094811817
1932.720054192543,-74.43284791093099,-74.43284791093099
1932.730054192543,-74.42853190381285,-74.42853190381285
1932.740054192543,-74.42423305534112,-74.42423305534112
1932.750054192543,-74.41995149125829,-74.41995149125829
1932.760054192543,-74.41568733453268,-74.41568733453268
1932.770054192543,-74.4114407053676,-74.4114407053676
1932.780054192543,-74.40721172125454,-74.40721172125454
1932.790054192543,-74.40300049700404,-74.40300049700404
1932.800054192543,-74.3988071447773,-74.3988071447773
1932.810054192543,-74.39463177411852,-74.39463177411852
1932.820054192543,-74.39047449200514,-74.39047449200514
1932.830054192543,-74.38633540286152,-74.38633540286152
1932.840054192543,-74.38221460860736,-74.38221460860736
1932.850054192543,-74.37811220868858,-74.37811220868858
1932.860054192543,-74.37402830010474,-74.37402830010474
1932.870054192543,-74.36996297744864,-74.36996297744864
1932.880054192543,-74.36591633293463,-74.36591633293463
1932.890054192543,-74.36188845643828,-74.36188845643828
1932.900054216385,-74.3578794259663,-74.3578794259663
1932.9100542163849,-74.35388934596094,-74.35388934596094
1932.9200542163849,-74.34991828984938,-74.34991828984938
1932.9300542163849,-74.34596633843644,-74.34596633843644
1932.9400542163849,-74.34203357037454,-74.34203357037454
1932.9500542163848,-74.338120062135,-74.338120062135
1932.9600542163848,-74.33422588807194,-74.33422588807194
1932.9700542163848,-74.33035112045037,-74.33035112045037
1932.9800542163848,-74.3264958294515,-74.3264958294515
1932.9900542163848,-74.32266008325871,-74.32266008325871
1933.0000542163848,-74.31884394801597,-74.31884394801597
1933.0100542163848,-74.31504748790739,-74.31504748790739
1933.0200542163848,-74.31127076516648,-74.31127076516648
1933.030054216385,-74.30751384010135,-74.30751384010135
1933.040054216385,-74.30377677113411,-74.30377677113411
1933.050054216385,-74.30005961482539,-74.30005961482539
1933.060054216385,-74.29636242588813,-74.29636242588813
1933.070054216385,-74.29268525723359,-74.29268525723359
1933.080054216385,-74.28902815999051,-74.28902815999051
1933.090054216385,-74.28539118352502,-74.28539118352502
1933.100054216385,-74.2817743754711,-74.2817743754711
1933.110054216385,-74.27817778177194,-74.27817778177194
1933.120054216385,-74.2746014466782,-74.2746014466782
1933.130054216385,-74.27104541278796,-74.27104541278796
1933.140054216385,-74.2675097210596,-74.2675097210596
1933.150054216385,-74.2639944108727,-74.2639944108727
1933.1600542163849,-74.26049951999723,-74.26049951999723
1933.1700542163849,-74.25702508466415,-74.25702508466415
1933.1800542163849,-74.25357113956021,-74.25357113956021
1933.1900542163849,-74.25013771786453,-74.25013771786453
1933.2000542163848,-74.24672485126999,-74.24672485126999
1933.2100542163848,-74.2433325700137,-74.2433325700137
1933.2200542163848,-74.23996090287271,-74.23996090287271
1933.2300542163848,-74.23660987721412,-74.23660987721412
1933.2400542163848,-74.23327951900644,-74.23327951900644
1933.2500542163848,-74.22996985283325,-74.22996985283325
1933.2600542163848,-74.22668090193349,-74.22668090193349
1933.2700542163848,-74.22341268821631,-74.22341268821631
1933.280054216385,-74.22016523225314,-74.22016523225314
1933.290054216385,-74.21693855334206,-74.21693855334206
1933.300054216385,-74.21373266950675,-74.21373266950675
1933.310054216385,-74.21054759750601,-74.21054759750601
1933.320054216385,-74.20738335286968,-74.20738335286968
1933.330054216385,-74.20423994991644,-74.20423994991644
1933.340054216385,-74.20111740177724,-74.20111740177724
1933.350054216385,-74.19801572038874,-74.19801572038874
1933.360054216385,-74.19493491653556,-74.19493491653556
1933.370054216385,-74.1918749998727,-74.1918749998727
1933.380054216385,-74.18883597892331,-74.18883597892331
1933.390054216385,-74.18581786110992,-74.18581786110992
1933.400054216385,-74.18282065276438,-74.18282065276438
1933.4100542163849,-74.1798443591624,-74.1798443591624
1933.4200542163849,-74.1768889845166,-74.1768889845166
1933.4300542163849,-74.1739545320091,-74.1739545320091
1933.4400542163849,-74.17104100380277,-74.17104100380277
1933.4500542163848,-74.1681484010464,-74.1681484010464
1933.4600542163848,-74.16527672392921,-74.16527672392921
1933.4700542163848,-74.16242597165396,-74.16242597165396
1933.4800542163848,-74.15959614248034,-74.15959614248034
1933.4900542163848,-74.1567872337048,-74.1567872337048
1933.5000542163848,-74.15399924173389,-74.15399924173389
1933.5100542163848,-74.15123216204294,-74.15123216204294
1933.5200542163848,-74.14848598921759,-74.14848598921759
1933.530054216385,-74.14576071697103,-74.14576071697103
1933.540054216385,-74.14305633814891,-74.14305633814891
1933.550054216385,-74.14037284475106,-74.14037284475106
1933.560054216385,-74.13771022793833,-74.13771022793833
1933.570054216385,-74.13506847804838,-74.13506847804838
1933.580054216385,-74.13244758461019,-74.13244758461019
1933.590054216385,-74.12984753635456,-74.12984753635456
1933.600054216385,-74.12726832123805,-74.12726832123805
1933.610054216385,-74.12470992645447,-74.12470992645447
1933.620054216385,-74.1221723384263,-74.1221723384263
1933.630054216385,-74.11965554284117,-74.11965554284117
1933.640054216385,-74.11715952464304,-74.11715952464304
1933.650054216385,-74.11468426808293,-74.11468426808293
1933.6600542163849,-74.11222975669226,-74.11222975669226
1933.6700542163849,-74.10979597330697,-74.10979597330697
1933.6800542163849,-74.10738290007856,-74.10738290007856
1933.6900542163849,-74.10499051849723,-74.10499051849723
1933.7000542163848,-74.10261880938255,-74.10261880938255
1933.7100542163848,-74.1002677529163,-74.1002677529163
1933.7200542163848,-74.09793732863923,-74.09793732863923
1933.7300542163848,-74.09562751546424,-74.09562751546424
1933.7400542163848,-74.09333829169304,-74.09333829169304
1933.7500542402267,-74.09106962962176,-74.09106962962176
1933.7600542402267,-74.08882151722071,-74.08882151722071
1933.7700542402267,-74.08659392553388,-74.08659392553388
1933.7800542402267,-74.08438683051848,-74.08438683051848
1933.7900542402267,-74.08220020754646,-74.08220020754646
1933.8000542402267,-74.08003403145665,-74.08003403145665
1933.8100542402267,-74.0778882765372,-74.0778882765372
1933.8200542402267,-74.07576291653875,-74.07576291653875
1933.8300542402267,-74.07365792469761,-74.07365792469761
1933.8400542402267,-74.07157327371493,-74.07157327371493
1933.8500542402267,-74.06950893581006,-74.06950893581006
1933.8600542402266,-74.06746488269815,-74.06746488269815
1933.8700542402266,-74.06544108560084,-74.06544108560084
1933.8800542402269,-74.06343751525844,-74.06343751525844
1933.8900542402268,-74.06145414195416,-74.06145414195416
1933.9000542402268,-74.05949093549545,-74.05949093549545
1933.9100542402268,-74.05754786525367,-74.05754786525367
1933.9200542402268,-74.05562490014056,-74.05562490014056
1933.9300542402268,-74.0537220086338,-74.0537220086338
1933.9400542402268,-74.05183915879464,-74.05183915879464
1933.9500542402268,-74.04997631824882,-74.04997631824882
1933.9600542402268,-74.04813345421854,-74.04813345421854
1933.9700542402268,-74.04631053352189,-74.04631053352189
1933.9800542402268,-74.04450752257577,-74.04450752257577
1933.9900542402268,-74.0427243874057,-74.0427243874057
1934.0000542402267,-74.04096109366148,-74.04096109366148
1934.0100542402267,-74.03921760661406,-74.03921760661406
1934.0200542402267,-74.03749389117162,-74.03749389117162
1934.0300542402267,-74.0357899118771,-74.0357899118771
1934.0400542402267,-74.03410563291453,-74.03410563291453
1934.0500542402267,-74.0324410181333,-74.0324410181333
1934.0600542402267,-74.03079603103875,-74.03079603103875
1934.0700542402267,-74.02917063479532,-74.02917063479532
1934.0800542402267,-74.02756479225373,-74.02756479225373
1934.0900542402267,-74.02597846593552,-74.02597846593552
1934.1000542402267,-74.02441161805359,-74.02441161805359
1934.1100542402266,-74.02286421051491,-74.02286421051491
1934.1200542402266,-74.02133620491641,-74.02133620491641
1934.1300542402269,-74.01982756257367,-74.01982756257367
1934.1400542402268,-74.01833824450364,-74.01833824450364
1934.1500542402268,-74.01686821144132,-74.01686821144132
1934.1600542402268,-74.0154174238482,-74.0154174238482
1934.1700542402268,-74.0139858419076,-74.0139858419076
1934.1800542402268,-74.01257342555279,-74.01257342555279
1934.1900542402268,-74.01118013444088,-74.01118013444088
1934.2000542402268,-74.00980592797289,-74.00980592797289
1934.2100542402268,-74.00845076532596,-74.00845076532596
1934.2200542402268,-74.00711460540633,-74.00711460540633
1934.2300542402268,-74.00579740689274,-74.00579740689274
1934.2400542402268,-74.00449912824237,-74.00449912824237
1934.2500542402267,-74.00321972765856,-74.00321972765856
1934.2600542402267,-74.00195916314888,-74.00195916314888
1934.2700542402267,-74.00071739248823,-74.00071739248823
1934.2800542402267,-73.99949437324446,-73.99949437324446
1934.2900542402267,-73.99829006277083,-73.99829006277083
1934.3000542402267,-73.9971044182255,-73.9971044182255
1934.3100542402267,-73.99593739656522,-73.99593739656522
1934.3200542402267,-73.9947889545551,-73.9947889545551
1934.3300542402267,-73.99365904877054,-73.99365904877054
1934.3400542402267,-73.99254763559077,-73.99254763559077
1934.3500542402267,-73.99145467124201,-73.99145467124201
1934.3600542402266,-73.99038011174835,-73.99038011174835
1934.3700542402266,-73.98932391297741,-73.98932391297741
1934.3800542402269,-73.98828603062432,-73.98828603062432
1934.3900542402268,-73.98726642023071,-73.98726642023071
1934.4000542402268,-73.98626503715958,-73.98626503715958
1934.4100542402268,-73.985281836639,-73.985281836639
1934.4200542402268,-73.98431677373623,-73.98431677373623
1934.4300542402268,-73.98336980337159,-73.98336980337159
1934.4400542402268,-73.98244088033562,-73.98244088033562
1934.4500542402268,-73.98152995926841,-73.98152995926841
1934.4600542402268,-73.98063699467588,-73.98063699467588
1934.4700542402268,-73.97976194093536,-73.97976194093536
1934.4800542402268,-73.97890475229939,-73.97890475229939
1934.4900542402268,-73.97806538288782,-73.97806538288782
1934.5000542402267,-73.97724378671407,-73.97724378671407
1934.5100542402267,-73.97643991766216,-73.97643991766216
1934.5200542402267,-73.97565372951236,-73.97565372951236
1934.5300542402267,-73.97488517592437,-73.97488517592437
1934.5400542402267,-73.97413421045873,-73.97413421045873
1934.5500542402267,-73.97340078658054,-73.97340078658054
1934.5600542402267,-73.97268485764599,-73.97268485764599
1934.5700542402267,-73.97198637690427,-73.97198637690427
1934.5800542402267,-73.9713052975379,-73.9713052975379
1934.5900542402267,-73.9706415726233,-73.9706415726233
1934.6000542640686,-73.96999515360599,-73.96999515360599
1934.6100542640686,-73.96936599652572,-73.96936599652572
1934.6200542640686,-73.9687540526139,-73.9687540526139
1934.6300542640686,-73.96815927462126,-73.96815927462126
1934.6400542640686,-73.96758161522285,-73.96758161522285
1934.6500542640686,-73.96702102702464,-73.96702102702464
1934.6600542640685,-73.96647746255148,-73.96647746255148
1934.6700542640685,-73.96595087427552,-73.96595087427552
1934.6800542640685,-73.96544121459637,-73.96544121459637
1934.6900542640685,-73.9649484358633,-73.9649484358633
1934.7000542640685,-73.96447249035201,-73.96447249035201
1934.7100542640685,-73.96400687843817,-73.96400687843817
1934.7200542640685,-73.96354873015926,-73.96354873015926
1934.7300542640687,-73.9630966262537,-73.9630966262537
1934.7400542640687,-73.96264981885234,-73.96264981885234
1934.7500542640687,-73.96220793406496,-73.96220793406496
1934.7600542640687,-73.96177081757111,-73.96177081757111
1934.7700542640687,-73.96133844400568,-73.96133844400568
1934.7800542640687,-73.9609108625809,-73.9609108625809
1934.7900542640687,-73.96048816434251,-73.96048816434251
1934.8000542640686,-73.96007046254799,-73.96007046254799
1934.8100542640686,-73.95965788094725,-73.95965788094725
1934.8200542640686,-73.95925054693579,-73.95925054693579
1934.8300542640686,-73.9588485875978,-73.9588485875978
1934.8400542640686,-73.95845212757997,-73.95845212757997
1934.8500542640686,-73.95806128801097,-73.95806128801097
1934.8600542640686,-73.95767618607158,-73.95767618607158
1934.8700542640686,-73.95729693493364,-73.95729693493364
1934.8800542640686,-73.95692364392536,-73.95692364392536
1934.8900542640686,-73.95655641878068,-73.95655641878068
1934.9000542640686,-73.95619536193658,-73.95619536193658
1934.9100542640685,-73.95584057284807,-73.95584057284807
1934.9200542640685,-73.95549214825738,-73.95549214825738
1934.9300542640685,-73.9551501825032,-73.9551501825032
1934.9400542640685,-73.95481476771711,-73.95481476771711
1934.9500542640685,-73.95448599407344,-73.95448599407344
1934.9600542640685,-73.95416394993639,-73.95416394993639
1934.9700542640685,-73.95384872205248,-73.95384872205248
1934.9800542640687,-73.95354039565477,-73.95354039565477
1934.9900542640687,-73.95323905459863,-73.95323905459863
1935.0000542640687,-73.95294478142718,-73.95294478142718
1935.0100542640687,-73.95265765747075,-73.95265765747075
1935.0200542640687,-73.95237776289925,-73.95237776289925
1935.0300542640687,-73.95210517677855,-73.95210517677855
1935.0400542640687,-73.95183997710475,-73.95183997710475
1935.0500542640686,-73.95158224083268,-73.95158224083268
1935.0600542640686,-73.9513320439341,-73.9513320439341
1935.0700542640686,-73.95108946137317,-73.95108946137317
1935.0800542640686,-73.95085456715304,-73.95085456715304
1935.0900542640686,-73.95062743430923,-73.95062743430923
1935.1000542640686,-73.95040813491653,-73.95040813491653
1935.1100542640686,-73.95019674010554,-73.95019674010554
1935.1200542640686,-73.9499933200639,-73.9499933200639
1935.1300542640686,-73.94979794402329,-73.94979794402329
1935.1400542640686,-73.94961068026993,-73.94961068026993
1935.1500542640686,-73.94943159614458,-73.94943159614458
1935.1600542640685,-73.94926075801989,-73.94926075801989
1935.1700542640685,-73.94909823132136,-73.94909823132136
1935.1800542640685,-73.94894408051935,-73.94894408051935
1935.1900542640685,-73.9487983691042,-73.9487983691042
1935.2000542640685,-73.94866115960558,-73.94866115960558
1935.2100542640685,-73.94852606300535,-73.94852606300535
1935.2200542640685,-73.94839031766632,-73.94839031766632
1935.2300542640687,-73.94825261121235,-73.94825261121235
1935.2400542640687,-73.94811230147273,-73.94811230147273
1935.2500542640687,-73.94796911924016,-73.94796911924016
1935.2600542640687,-73.94782301387431,-73.94782301387431
1935.2700542640687,-73.9476740627782,-73.9476740627782
1935.2800542640687,-73.947522417029,-73.947522417029
1935.2900542640687,-73.94736826865889,-73.94736826865889
1935.3000542640686,-73.94721183101773,-73.94721183101773
1935.3100542640686,-73.9470533271099,-73.9470533271099
1935.3200542640686,-73.9468929826713,-73.9468929826713
1935.3300542640686,-73.94673102228194,-73.94673102228194
1935.3400542640686,-73.94656766716334,-73.94656766716334
1935.3500542640686,-73.94640313414132,-73.94640313414132
1935.3600542640686,-73.94623763518462,-73.94623763518462
1935.3700542640686,-73.94607137734698,-73.94607137734698
1935.3800542640686,-73.94590456293783,-73.94590456293783
1935.3900542640686,-73.94573738974333,-73.94573738974333
1935.4000542640686,-73.94557005133352,-73.94557005133352
1935.4100542640685,-73.94540273736078,-73.94540273736078
1935.4200542640685,-73.94523563385734,-73.94523563385734
1935.4300542640685,-73.94506892349756,-73.94506892349756
1935.4400542640685,-73.94490278584196,-73.94490278584196
1935.4500542879105,-73.94473739715066,-73.94473739715066
1935.4600542879105,-73.94457293213613,-73.94457293213613
1935.4700542879104,-73.94440956178096,-73.94440956178096
1935.4800542879104,-73.94424745500918,-73.94424745500918
1935.4900542879104,-73.94408677843397,-73.94408677843397
1935.5000542879104,-73.94392769645245,-73.94392769645245
1935.5100542879104,-73.94377037130143,-73.94377037130143
1935.5200542879104,-73.94361496315123,-73.94361496315123
1935.5300542879104,-73.94346163015067,-73.94346163015067
1935.5400542879104,-73.94331052846029,-73.94331052846029
1935.5500542879104,-73.9431618122937,-73.9431618122937
1935.5600542879104,-73.94301563397643,-73.94301563397643
1935.5700542879104,-73.94287214392614,-73.94287214392614
1935.5800542879106,-73.94273149069487,-73.94273149069487
1935.5900542879106,-73.94259382099156,-73.94259382099156
1935.6000542879106,-73.94245927968099,-73.94245927968099
1935.6100542879105,-73.94232800979842,-73.94232800979842
1935.6200542879105,-73.9422001525469,-73.9422001525469
1935.6300542879105,-73.94207584733753,-73.94207584733753
1935.6400542879105,-73.9419552317495,-73.9419552317495
1935.6500542879105,-73.94183844156979,-73.94183844156979
1935.6600542879105,-73.94172561078759,-73.94172561078759
1935.6700542879105,-73.94161687157792,-73.94161687157792
1935.6800542879105,-73.94151235433092,-73.94151235433092
1935.6900542879105,-73.94141218764356,-73.94141218764356
1935.7000542879105,-73.9413164983195,-73.9413164983195
1935.7100542879105,-73.94122541137422,-73.94122541137422
1935.7200542879104,-73.94113905005327,-73.94113905005327
1935.7300542879104,-73.94105753580537,-73.94105753580537
1935.7400542879104,-73.94098098831057,-73.94098098831057
1935.7500542879104,-73.94090952547698,-73.94090952547698
1935.7600542879104,-73.9408432634405,-73.9408432634405
1935.7700542879104,-73.9407823165797,-73.9407823165797
1935.7800542879104,-73.9407267975265,-73.9407267975265
1935.7900542879104,-73.94067681713538,-73.94067681713538
1935.8000542879104,-73.94063248453487,-73.94063248453487
1935.8100542879104,-73.94059390711084,-73.94059390711084
1935.8200542879104,-73.94056119052131,-73.94056119052131
1935.8300542879106,-73.94053443869949,-73.94053443869949
1935.8400542879106,-73.94051375386158,-73.94051375386158
1935.8500542879106,-73.94049923653054,-73.94049923653054
1935.8600542879105,-73.94049098552163,-73.94049098552163
1935.8700542879105,-73.94048909795536,-73.94048909795536
1935.8800542879105,-73.9404936692904,-73.9404936692904
1935.8900542879105,-73.94050479331389,-73.94050479331389
1935.9000542879105,-73.94052256214692,-73.94052256214692
1935.9100542879105,-73.94054706628357,-73.94054706628357
1935.9200542879105,-73.94057839456842,-73.94057839456842
1935.9300542879105,-73.9406166342265,-73.9406166342265
1935.9400542879105,-73.94066187087921,-73.94066187087921
1935.9500542879105,-73.94071418854062,-73.94071418854062
1935.9600542879105,-73.94077366965169,-73.94077366965169
1935.9700542879104,-73.94084039506627,-73.94084039506627
1935.9800542879104,-73.94091444409081,-73.94091444409081
1935.9900542879104,-73.94099589447713,-73.94099589447713
1936.0000542879104,-73.94108482244559,-73.94108482244559
1936.0100542879104,-73.9411813027104,-73.9411813027104
1936.0200542879104,-73.94128540845303,-73.94128540845303
1936.0300542879104,-73.94139721139206,-73.94139721139206
1936.0400542879104,-73.94151678174576,-73.94151678174576
1936.0500542879104,-73.94164418828466,-73.94164418828466
1936.0600542879104,-73.94177949832788,-73.94177949832788
1936.0700542879104,-73.94192277774847,-73.94192277774847
1936.0800542879106,-73.94207409102025,-73.94207409102025
1936.0900542879106,-73.94223350119738,-73.94223350119738
1936.1000542879106,-73.94240106995035,-73.94240106995035
1936.1100542879105,-73.94257685756726,-73.94257685756726
1936.1200542879105,-73.94276092297731,-73.94276092297731
1936.1300542879105,-73.94295332377793,-73.94295332377793
1936.1400542879105,-73.94315411621908,-73.94315411621908
1936.1500542879105,-73.9433633552438,-73.9433633552438
1936.1600542879105,-73.9435810944871,-73.9435810944871
1936.1700542879105,-73.94380738630836,-73.94380738630836
1936.1800542879105,-73.94404228178944,-73.94404228178944
1936.1900542879105,-73.9442858307529,-73.9442858307529
1936.2000542879105,-73.94453808179586,-73.94453808179586
1936.2100542879105,-73.9447990822648,-73.9447990822648
1936.2200542879104,-73.9450688783232,-73.9450688783232
1936.2300542879104,-73.9453475149224,-73.9453475149224
1936.2400542879104,-73.94563503583032,-73.94563503583032
1936.2500542879104,-73.9459314836564,-73.9459314836564
1936.2600542879104,-73.94623689985227,-73.94623689985227
1936.2700542879104,-73.94655132472977,-73.94655132472977
1936.2800542879104,-73.94687479748545,-73.94687479748545
1936.2900542879104,-73.94720735621594,-73.94720735621594
1936.3000543117523,-73.94754903871765,-73.94754903871765
1936.3100543117523,-73.94789987930208,-73.94789987930208
1936.3200543117523,-73.94825991359869,-73.94825991359869
1936.3300543117523,-73.9486291753989,-73.9486291753989
1936.3400543117523,-73.94900769746828,-73.94900769746828
1936.3500543117523,-73.94939551153863,-73.94939551153863
1936.3600543117523,-73.94979264833196,-73.94979264833196
1936.3700543117523,-73.95019913758513,-73.95019913758513
1936.3800543117522,-73.95061500803774,-73.95061500803774
1936.3900543117522,-73.95104028746636,-73.95104028746636
1936.4000543117522,-73.95147500270537,-73.95147500270537
1936.4100543117522,-73.95191917962616,-73.95191917962616
1936.4200543117522,-73.95237284318968,-73.95237284318968
1936.4300543117524,-73.95283601742484,-73.95283601742484
1936.4400543117524,-73.95330872548068,-73.95330872548068
1936.4500543117524,-73.95379098958655,-73.95379098958655
1936.4600543117524,-73.95428283111931,-73.95428283111931
1936.4700543117524,-73.95478427057469,-73.95478427057469
1936.4800543117524,-73.95529532762207,-73.95529532762207
1936.4900543117524,-73.95581602106513,-73.95581602106513
1936.5000543117524,-73.95634636887998,-73.95634636887998
1936.5100543117524,-73.95688638824579,-73.95688638824579
1936.5200543117523,-73.95743609553362,-73.95743609553362
1936.5300543117523,-73.9579955063123,-73.9579955063123
1936.5400543117523,-73.95856463537976,-73.95856463537976
1936.5500543117523,-73.95914349677365,-73.95914349677365
1936.5600543117523,-73.95973210375051,-73.95973210375051
1936.5700543117523,-73.96033046885823,-73.96033046885823
1936.5800543117523,-73.96093860387143,-73.96093860387143
1936.5900543117523,-73.96155651986825,-73.96155651986825
1936.6000543117523,-73.96218422720904,-73.96218422720904
1936.6100543117523,-73.96282173555417,-73.96282173555417
1936.6200543117523,-73.96346905386785,-73.96346905386785
1936.6300543117522,-73.96412619043902,-73.96412619043902
1936.6400543117522,-73.96479315288842,-73.96479315288842
1936.6500543117522,-73.96546994818108,-73.96546994818108
1936.6600543117522,-73.96615658263113,-73.96615658263113
1936.6700543117522,-73.96685306191351,-73.96685306191351
1936.6800543117524,-73.96755939106718,-73.96755939106718
1936.6900543117524,-73.96827557453099,-73.96827557453099
1936.7000543117524,-73.96900161611939,-73.96900161611939
1936.7100543117524,-73.96973106608672,-73.96973106608672
1936.7200543117524,-73.97046110225352,-73.97046110225352
1936.7300543117524,-73.97119035204001,-73.97119035204001
1936.7400543117524,-73.9719181134971,-73.9719181134971
1936.7500543117524,-73.97264405808596,-73.97264405808596
1936.7600543117524,-73.97336807629975,-73.97336807629975
1936.7700543117523,-73.97409018722603,-73.97409018722603
1936.7800543117523,-73.97481048414694,-73.97481048414694
1936.7900543117523,-73.97552910188823,-73.97552910188823
1936.8000543117523,-73.97624619718856,-73.97624619718856
1936.8100543117523,-73.97690697882445,-73.97690697882445
1936.8200543117523,-73.97749909172312,-73.97749909172312
1936.8300543117523,-73.97801931823078,-73.97801931823078
1936.8400543117523,-73.9784661556482,-73.9784661556482
1936.8500543117523,-73.97883856186318,-73.97883856186318
1936.8600543117523,-73.97913574412945,-73.97913574412945
1936.8700543117523,-73.9793571135612,-73.9793571135612
1936.8800543117522,-73.9795022649997,-73.9795022649997
1936.8900543117522,-73.97957096066449,-73.97957096066449
1936.9000543117522,-73.97956311448354,-73.97956311448354
1936.9100543117522,-73.97947877691895,-73.97947877691895
1936.9200543117522,-73.97931812041001,-73.97931812041001
1936.9300543117524,-73.9790814257336,-73.9790814257336
1936.9400543117524,-73.97876906933953,-73.97876906933953
1936.9500543117524,-73.97838151178013,-73.97838151178013
1936.9600543117524,-73.97791283464679,-73.97791283464679
1936.9700543117524,-73.97736081243451,-73.97736081243451
1936.9800543117524,-73.976724726164,-73.976724726164
1936.9900543117524,-73.97600457694001,-73.97600457694001
1937.0000543117524,-73.97520078208711,-73.97520078208711
1937.0100543117524,-73.97431401499003,-73.97431401499003
1937.0200543117523,-73.973345109449,-73.973345109449
1937.0300543117523,-73.9722950008131,-73.9722950008131
1937.0400543117523,-73.9711646892817,-73.9711646892817
1937.0500543117523,-73.96995521678117,-73.96995521678117
1937.0600543117523,-73.96866765218867,-73.96866765218867
1937.0700543117523,-73.96730308171944,-73.96730308171944
1937.0800543117523,-73.96586260260912,-73.96586260260912
1937.0900543117523,-73.96434731880035,-73.96434731880035
1937.1000543117523,-73.96275833799403,-73.96275833799403
1937.1100543117523,-73.96109676956752,-73.96109676956752
1937.1200543117523,-73.95936372301684,-73.95936372301684
1937.1300543117522,-73.95756030680552,-73.95756030680552
1937.1400543117522,-73.95568762744104,-73.95568762744104
1937.1500543355942,-73.95374678411508,-73.95374678411508
1937.1600543355942,-73.95173888633141,-73.95173888633141
1937.1700543355942,-73.94966502643125,-73.94966502643125
1937.1800543355941,-73.94752629668865,-73.94752629668865
1937.1900543355941,-73.94532378469661,-73.94532378469661
1937.2000543355941,-73.94305857290355,-73.94305857290355
1937.2100543355941,-73.94072529092435,-73.94072529092435
1937.220054335594,-73.93832218954978,-73.93832218954978
1937.230054335594,-73.93584896372764,-73.93584896372764
1937.240054335594,-73.93330597363831,-73.93330597363831
1937.250054335594,-73.93069394727239,-73.93069394727239
1937.260054335594,-73.92801382579155,-73.92801382579155
1937.270054335594,-73.92526667272067,-73.92526667272067
1937.2800543355943,-73.92245361936627,-73.92245361936627
1937.2900543355943,-73.91957583180746,-73.91957583180746
1937.3000543355943,-73.91663449110081,-73.91663449110081
1937.3100543355943,-73.9136307813667,-73.9136307813667
1937.3200543355943,-73.91056588272004,-73.91056588272004
1937.3300543355942,-73.90744096719807,-73.90744096719807
1937.3400543355942,-73.90425719643343,-73.90425719643343
1937.3500543355942,-73.90101572047823,-73.90101572047823
1937.3600543355942,-73.89771767721048,-73.89771767721048
1937.3700543355942,-73.89436419220112,-73.89436419220112
1937.3800543355942,-73.89095637874605,-73.89095637874605
1937.3900543355942,-73.88749533804017,-73.88749533804017
1937.4000543355942,-73.88398215938608,-73.88398215938608
1937.4100543355942,-73.88041792045826,-73.88041792045826
1937.4200543355942,-73.876803687489,-73.876803687489
1937.4300543355941,-73.87314051551928,-73.87314051551928
1937.4400543355941,-73.86942944857337,-73.86942944857337
1937.4500543355941,-73.86567151984259,-73.86567151984259
1937.4600543355941,-73.86186775181483,-73.86186775181483
1937.470054335594,-73.85801915642955,-73.85801915642955
1937.480054335594,-73.85412673517021,-73.85412673517021
1937.490054335594,-73.85019147916253,-73.85019147916253
1937.500054335594,-73.84621436925413,-73.84621436925413
1937.510054335594,-73.8421963760899,-73.8421963760899
1937.520054335594,-73.83813846017806,-73.83813846017806
1937.5300543355943,-73.83404157193043,-73.83404157193043
1937.5400543355943,-73.82990665170858,-73.82990665170858
1937.5500543355943,-73.82573462988866,-73.82573462988866
1937.5600543355943,-73.82152642687267,-73.82152642687267
1937.5700543355943,-73.8172829531478,-73.8172829531478
1937.5800543355942,-73.81300510930599,-73.81300510930599
1937.5900543355942,-73.80869378608794,-73.80869378608794
1937.6000543355942,-73.80434986441644,-73.80434986441644
1937.6100543355942,-73.7999742154154,-73.7999742154154
1937.6200543355942,-73.7955677004738,-73.7955677004738
1937.6300543355942,-73.79113117124841,-73.79113117124841
1937.6400543355942,-73.78666546971397,-73.78666546971397
1937.6500543355942,-73.78217142820573,-73.78217142820573
1937.6600543355942,-73.77764986945246,-73.77764986945246
1937.6700543355942,-73.77310160659965,-73.77310160659965
1937.6800543355941,-73.76852744328266,-73.76852744328266
1937.6900543355941,-73.76392817363703,-73.76392817363703
1937.7000543355941,-73.75930458236901,-73.75930458236901
1937.7100543355941,-73.7546574447787,-73.7546574447787
1937.720054335594,-73.74998752682352,-73.74998752682352
1937.730054335594,-73.74529558515417,-73.74529558515417
1937.740054335594,-73.74058236718093,-73.74058236718093
1937.750054335594,-73.73584861110763,-73.73584861110763
1937.760054335594,-73.73109504599518,-73.73109504599518
1937.770054335594,-73.7263223918131,-73.7263223918131
1937.7800543355943,-73.7215313594954,-73.7215313594954
1937.7900543355943,-73.71672265099289,-73.71672265099289
1937.8000543355943,-73.71189695934726,-73.71189695934726
1937.8100543355943,-73.70705496873369,-73.70705496873369
1937.8200543355943,-73.70219735452831,-73.70219735452831
1937.8300543355942,-73.69732478337103,-73.69732478337103
1937.8400543355942,-73.69243791322828,-73.69243791322828
1937.8500543355942,-73.68753739344622,-73.68753739344622
1937.8600543355942,-73.68262386483372,-73.68262386483372
1937.8700543355942,-73.67769795972106,-73.67769795972106
1937.8800543355942,-73.67276030201367,-73.67276030201367
1937.8900543355942,-73.66781150727594,-73.66781150727594
1937.9000543355942,-73.6628521827942,-73.6628521827942
1937.9100543355942,-73.65788292764437,-73.65788292764437
1937.9200543355942,-73.6529043327488,-73.6529043327488
1937.9300543355941,-73.64791698097393,-73.64791698097393
1937.9400543355941,-73.64292144716609,-73.64292144716609
1937.9500543355941,-73.63791829824723,-73.63791829824723
1937.9600543355941,-73.63290809327492,-73.63290809327492
1937.970054335594,-73.62789138352488,-73.62789138352488
1937.980054335594,-73.62286871253579,-73.62286871253579
1937.990054335594,-73.617840616205,-73.617840616205
1938.000054359436,-73.61280761087508,-73.61280761087508
1938.010054359436,-73.60777024130739,-73.60777024130739
1938.020054359436,-73.60272900895214,-73.60272900895214
1938.030054359436,-73.59768441980883,-73.59768441980883
1938.040054359436,-73.59263697261353,-73.59263697261353
1938.050054359436,-73.58758715889343,-73.58758715889343
1938.060054359436,-73.58253546301667,-73.58253546301667
1938.070054359436,-73.57748236228691,-73.57748236228691
1938.080054359436,-73.57242832701172,-73.57242832701172
1938.090054359436,-73.56737382055539,-73.56737382055539
1938.100054359436,-73.5623192994387,-73.5623192994387
1938.110054359436,-73.55726521340289,-73.55726521340289
1938.120054359436,-73.55221200545351,-73.55221200545351
1938.1300543594361,-73.54716011197176,-73.54716011197176
1938.1400543594361,-73.54210996276375,-73.54210996276375
1938.1500543594361,-73.5370619811333,-73.5370619811333
1938.1600543594361,-73.53201658394853,-73.53201658394853
1938.170054359436,-73.52697418172703,-73.52697418172703
1938.180054359436,-73.52193517868452,-73.52193517868452
1938.190054359436,-73.51689997282371,-73.51689997282371
1938.200054359436,-73.51186895599278,-73.51186895599278
1938.210054359436,-73.50684251396139,-73.50684251396139
1938.220054359436,-73.50182102647284,-73.50182102647284
1938.230054359436,-73.49680486733558,-73.49680486733558
1938.240054359436,-73.49179440447043,-73.49179440447043
1938.250054359436,-73.48678999999458,-73.48678999999458
1938.260054359436,-73.481792010268,-73.481792010268
1938.270054359436,-73.47680078597297,-73.47680078597297
1938.280054359436,-73.47181667219043,-73.47181667219043
1938.290054359436,-73.46684000844036,-73.46684000844036
1938.300054359436,-73.46187112877304,-73.46187112877304
1938.310054359436,-73.4569103618006,-73.4569103618006
1938.320054359436,-73.45195803080354,-73.45195803080354
1938.330054359436,-73.44701445374695,-73.44701445374695
1938.340054359436,-73.44207994338682,-73.44207994338682
1938.350054359436,-73.43715480730502,-73.43715480730502
1938.360054359436,-73.4322393479856,-73.4322393479856
1938.370054359436,-73.42733386286139,-73.42733386286139
1938.3800543594361,-73.42243864438439,-73.42243864438439
1938.3900543594361,-73.4175539800938,-73.4175539800938
1938.4000543594361,-73.41268015265672,-73.41268015265672
1938.4100543594361,-73.40781743995103,-73.40781743995103
1938.420054359436,-73.40296611510254,-73.40296611510254
1938.430054359436,-73.39812644654191,-73.39812644654191
1938.440054359436,-73.39329869809856,-73.39329869809856
1938.450054359436,-73.38848312901318,-73.38848312901318
1938.460054359436,-73.38367359824576,-73.38367359824576
1938.470054359436,-73.37886756080347,-73.37886756080347
1938.480054359436,-73.37406390742822,-73.37406390742822
1938.490054359436,-73.36926219182224,-73.36926219182224
1938.500054359436,-73.36446233549066,-73.36446233549066
1938.510054359436,-73.35966447426439,-73.35966447426439
1938.520054359436,-73.35486886823766,-73.35486886823766
1938.530054359436,-73.3500758475774,-73.3500758475774
1938.540054359436,-73.34528577991276,-73.34528577991276
1938.550054359436,-73.3404990507689,-73.3404990507689
1938.560054359436,-73.33571605191949,-73.33571605191949
1938.570054359436,-73.33093717455385,-73.33093717455385
1938.580054359436,-73.32616280539237,-73.32616280539237
1938.590054359436,-73.32139332456175,-73.32139332456175
1938.600054359436,-73.31662910459764,-73.31662910459764
1938.610054359436,-73.31187051005061,-73.31187051005061
1938.620054359436,-73.30711789751287,-73.30711789751287
1938.6300543594361,-73.30237161578908,-73.30237161578908
1938.6400543594361,-73.29763200622808,-73.29763200622808
1938.6500543594361,-73.2928994030729,-73.2928994030729
1938.6600543594361,-73.28817413382465,-73.28817413382465
1938.670054359436,-73.28345651960352,-73.28345651960352
1938.680054359436,-73.2787468754341,-73.2787468754341
1938.690054359436,-73.27404551060081,-73.27404551060081
1938.700054359436,-73.26935272885554,-73.26935272885554
1938.710054359436,-73.26466882868468,-73.26466882868468
1938.720054359436,-73.25999410350123,-73.25999410350123
1938.730054359436,-73.25532884183974,-73.25532884183974
1938.740054359436,-73.25067332750928,-73.25067332750928
1938.750054359436,-73.24602783972624,-73.24602783972624
1938.760054359436,-73.24139265326076,-73.24139265326076
1938.770054359436,-73.23676803852793,-73.23676803852793
1938.780054359436,-73.23215426168736,-73.23215426168736
1938.790054359436,-73.22755158473028,-73.22755158473028
1938.800054359436,-73.22296026556198,-73.22296026556198
1938.810054359436,-73.21838055805311,-73.21838055805311
1938.820054359436,-73.21381271211807,-73.21381271211807
1938.830054359436,-73.20925697377405,-73.20925697377405
1938.840054359436,-73.20471358517452,-73.20471358517452
1938.850054383278,-73.20018277387311,-73.20018277387311
1938.8600543832779,-73.19566479607666,-73.19566479607666
1938.8700543832779,-73.19115987181237,-73.19115987181237
1938.8800543832779,-73.18666822826093,-73.18666822826093
1938.8900543832779,-73.18219008896548,-73.18219008896548
1938.9000543832778,-73.1777256738439,-73.1777256738439
1938.9100543832778,-73.1732751992275,-73.1732751992275
1938.9200543832778,-73.1688388779167,-73.1688388779167
1938.9300543832778,-73.16441691918048,-73.16441691918048
1938.9400543832778,-73.16000952882817,-73.16000952882817
1938.9500543832778,-73.15561690918904,-73.15561690918904
1938.9600543832778,-73.15123925917906,-73.15123925917906
1938.9700543832778,-73.14687677432653,-73.14687677432653
1938.980054383278,-73.14252964678252,-73.14252964678252
1938.990054383278,-73.13819806536596,-73.13819806536596
1939.000054383278,-73.1338822155768,-73.1338822155768
1939.010054383278,-73.12958227966018,-73.12958227966018
1939.020054383278,-73.12529843658085,-73.12529843658085
1939.030054383278,-73.1210308621039,-73.1210308621039
1939.040054383278,-73.11677972879231,-73.11677972879231
1939.050054383278,-73.1125452060388,-73.1125452060388
1939.060054383278,-73.10832746010895,-73.10832746010895
1939.070054383278,-73.10412665415255,-73.10412665415255
1939.080054383278,-73.09994294825279,-73.09994294825279
1939.090054383278,-73.095776499427,-73.095776499427
1939.100054383278,-73.09162746167847,-73.09162746167847
1939.1100543832779,-73.0874959860227,-73.0874959860227
1939.1200543832779,-73.08338222050935,-73.08338222050935
1939.1300543832779,-73.07928631025177,-73.07928631025177
1939.1400543832779,-73.07520839746302,-73.07520839746302
1939.1500543832778,-73.0711486214789,-73.0711486214789
1939.1600543832778,-73.06710711878247,-73.06710711878247
1939.1700543832778,-73.06308402304752,-73.06308402304752
1939.1800543832778,-73.05907946516155,-73.05907946516155
1939.1900543832778,-73.05509357324539,-73.05509357324539
1939.2000543832778,-73.05112647269547,-73.05112647269547
1939.2100543832778,-73.047171919498,-73.047171919498
1939.2200543832778,-73.04322725103675,-73.04322725103675
1939.230054383278,-73.03929123553357,-73.03929123553357
1939.240054383278,-73.0353633028135,-73.0353633028135
1939.250054383278,-73.03144325047649,-73.03144325047649
1939.260054383278,-73.0275310911231,-73.0275310911231
1939.270054383278,-73.02362696263641,-73.02362696263641
1939.280054383278,-73.01973107424635,-73.01973107424635
1939.290054383278,-73.01584367404739,-73.01584367404739
1939.300054383278,-73.01196502947766,-73.01196502947766
1939.310054383278,-73.00809541572045,-73.00809541572045
1939.320054383278,-73.00423510886631,-73.00423510886631
1939.330054383278,-73.00038438205068,-73.00038438205068
1939.340054383278,-72.99654350330215,-72.99654350330215
1939.350054383278,-72.99271273453009,-72.99271273453009
1939.3600543832779,-72.98889233113495,-72.98889233113495
1939.3700543832779,-72.98508254196888,-72.98508254196888
1939.3800543832779,-72.98128360954749,-72.98128360954749
1939.3900543832779,-72.9774957703394,-72.9774957703394
1939.4000543832778,-72.97371925508902,-72.97371925508902
1939.4100543832778,-72.96995428917448,-72.96995428917448
1939.4200543832778,-72.96620109292186,-72.96620109292186
1939.4300543832778,-72.96245988194121,-72.96245988194121
1939.4400543832778,-72.95873086737122,-72.95873086737122
1939.4500543832778,-72.95501425614529,-72.95501425614529
1939.4600543832778,-72.95131025119352,-72.95131025119352
1939.4700543832778,-72.9476190516637,-72.9476190516637
1939.480054383278,-72.94394085305028,-72.94394085305028
1939.490054383278,-72.9402758473745,-72.9402758473745
1939.500054383278,-72.93662422327606,-72.93662422327606
1939.510054383278,-72.93298616613643,-72.93298616613643
1939.520054383278,-72.92936185819129,-72.92936185819129
1939.530054383278,-72.92575147857303,-72.92575147857303
1939.540054383278,-72.92215520342454,-72.92215520342454
1939.550054383278,-72.91857320591785,-72.91857320591785
1939.560054383278,-72.9150056563471,-72.9150056563471
1939.570054383278,-72.91145272215778,-72.91145272215778
1939.580054383278,-72.90791456798064,-72.90791456798064
1939.590054383278,-72.90439135569164,-72.90439135569164
1939.600054383278,-72.90088324442473,-72.90088324442473
1939.6100543832779,-72.89739039062219,-72.89739039062219
1939.6200543832779,-72.8939129480326,-72.8939129480326
1939.6300543832779,-72.89045106777083,-72.89045106777083
1939.6400543832779,-72.8870048983253,-72.8870048983253
1939.6500543832778,-72.88357458557952,-72.88357458557952
1939.6600543832778,-72.88016027283052,-72.88016027283052
1939.6700543832778,-72.87676210081898,-72.87676210081898
1939.6800543832778,-72.8733802077399,-72.8733802077399
1939.6900543832778,-72.8700147292648,-72.8700147292648
1939.7000544071198,-72.86666579060349,-72.86666579060349
1939.7100544071197,-72.86333353842633,-72.86333353842633
1939.7200544071197,-72.86001809292492,-72.86001809292492
1939.7300544071197,-72.85671957985872,-72.85671957985872
1939.7400544071197,-72.85343812256968,-72.85343812256968
1939.7500544071197,-72.85017384197154,-72.85017384197154
1939.7600544071197,-72.84692685658912,-72.84692685658912
1939.7700544071197,-72.84369728256215,-72.84369728256215
1939.7800544071197,-72.84048523366735,-72.84048523366735
1939.7900544071197,-72.83729082134664,-72.83729082134664
1939.8000544071197,-72.83411415471372,-72.83411415471372
1939.8100544071197,-72.83095534056805,-72.83095534056805
1939.8200544071196,-72.82781448343809,-72.82781448343809
1939.8300544071199,-72.82469168557725,-72.82469168557725
1939.8400544071199,-72.82158704698402,-72.82158704698402
1939.8500544071198,-72.81850066543414,-72.81850066543414
1939.8600544071198,-72.81543263649529,-72.81543263649529
1939.8700544071198,-72.8123830535338,-72.8123830535338
1939.8800544071198,-72.80935200775254,-72.80935200775254
1939.8900544071198,-72.8063395882059,-72.8063395882059
1939.9000544071198,-72.80334588181437,-72.80334588181437
1939.9100544071198,-72.80037097338715,-72.80037097338715
1939.9200544071198,-72.79741494564978,-72.79741494564978
1939.9300544071198,-72.79447787924718,-72.79447787924718
1939.9400544071198,-72.79155985278554,-72.79155985278554
1939.9500544071198,-72.78866094283966,-72.78866094283966
1939.9600544071197,-72.78578122397234,-72.78578122397234
1939.9700544071197,-72.78292076876757,-72.78292076876757
1939.9800544071197,-72.78007964783913,-72.78007964783913
1939.9900544071197,-72.7772579298673,-72.7772579298673
1940.0000544071197,-72.7744556815881,-72.7744556815881
1940.0100544071197,-72.77167296786243,-72.77167296786243
1940.0200544071197,-72.76890985164565,-72.76890985164565
1940.0300544071197,-72.76616639404325,-72.76616639404325
1940.0400544071197,-72.7634426543293,-72.7634426543293
1940.0500544071197,-72.7607386899579,-72.7607386899579
1940.0600544071197,-72.75805455657638,-72.75805455657638
1940.0700544071196,-72.75539030806746,-72.75539030806746
1940.0800544071199,-72.7527459965483,-72.7527459965483
1940.0900544071199,-72.75012167242598,-72.75012167242598
1940.1000544071198,-72.74751738437153,-72.74751738437153
1940.1100544071198,-72.74493317937383,-72.74493317937383
1940.1200544071198,-72.74236910275832,-72.74236910275832
1940.1300544071198,-72.73982519819796,-72.73982519819796
1940.1400544071198,-72.73730150772441,-72.73730150772441
1940.1500544071198,-72.73479807178765,-72.73479807178765
1940.1600544071198,-72.73231492922817,-72.73231492922817
1940.1700544071198,-72.72985211731894,-72.72985211731894
1940.1800544071198,-72.72740967180685,-72.72740967180685
1940.1900544071198,-72.72498762689438,-72.72498762689438
1940.2000544071198,-72.72258601528502,-72.72258601528502
1940.2100544071197,-72.720204868191,-72.720204868191
1940.2200544071197,-72.71784421536383,-72.71784421536383
1940.2300544071197,-72.7155040851094,-72.7155040851094
1940.2400544071197,-72.71318450430479,-72.71318450430479
1940.2500544071197,-72.71088549842754,-72.71088549842754
1940.2600544071197,-72.70860709154107,-72.70860709154107
1940.2700544071197,-72.70634930637569,-72.70634930637569
1940.2800544071197,-72.70411216428502,-72.70411216428502
1940.2900544071197,-72.70189568530259,-72.70189568530259
1940.3000544071197,-72.6996998881491,-72.6996998881491
1940.3100544071197,-72.69752479025071,-72.69752479025071
1940.3200544071196,-72.69537040776203,-72.69537040776203
1940.3300544071199,-72.6932367555815,-72.6932367555815
1940.3400544071199,-72.69112384736776,-72.69112384736776
1940.3500544071198,-72.68903169554818,-72.68903169554818
1940.3600544071198,-72.68696031135714,-72.68696031135714
1940.3700544071198,-72.68487765354215,-72.68487765354215
1940.3800544071198,-72.68277514974002,-72.68277514974002
1940.3900544071198,-72.68064907515706,-72.68064907515706
1940.4000544071198,-72.67849637659238,-72.67849637659238
1940.4100544071198,-72.6763141359942,-72.6763141359942
1940.4200544071198,-72.67409961779572,-72.67409961779572
1940.4300544071198,-72.67185034463874,-72.67185034463874
1940.4400544071198,-72.66956413171994,-72.66956413171994
1940.4500544071198,-72.66723908868585,-72.66723908868585
1940.4600544071197,-72.66487360390683,-72.66487360390683
1940.4700544071197,-72.66246632082984,-72.66246632082984
1940.4800544071197,-72.6600161121192,-72.6600161121192
1940.4900544071197,-72.65752205438271,-72.65752205438271
1940.5000544071197,-72.65498340487504,-72.65498340487504
1940.5100544071197,-72.65239958056345,-72.65239958056345
1940.5200544071197,-72.64977013976814,-72.64977013976814
1940.5300544071197,-72.64709476605074,-72.64709476605074
1940.5400544071197,-72.6443732542226,-72.6443732542226
1940.5500544309616,-72.64160549158628,-72.64160549158628
1940.5600544309616,-72.63879147352418,-72.63879147352418
1940.5700544309616,-72.63593125518035,-72.63593125518035
1940.5800544309616,-72.63302496912775,-72.63302496912775
1940.5900544309616,-72.63007281187376,-72.63007281187376
1940.6000544309616,-72.62707503748129,-72.62707503748129
1940.6100544309616,-72.62403195194342,-72.62403195194342
1940.6200544309615,-72.62094390814768,-72.62094390814768
1940.6300544309615,-72.61781130137477,-72.61781130137477
1940.6400544309615,-72.61463456521932,-72.61463456521932
1940.6500544309615,-72.61141416796652,-72.61141416796652
1940.6600544309615,-72.60815060922445,-72.60815060922445
1940.6700544309615,-72.60484441690828,-72.60484441690828
1940.6800544309617,-72.60149614450044,-72.60149614450044
1940.6900544309617,-72.59810636850449,-72.59810636850449
1940.7000544309617,-72.59467568614097,-72.59467568614097
1940.7100544309617,-72.59120471321431,-72.59120471321431
1940.7200544309617,-72.58769408215655,-72.58769408215655
1940.7300544309617,-72.58414444023225,-72.58414444023225
1940.7400544309617,-72.5805564478664,-72.5805564478664
1940.7500544309617,-72.57693077709708,-72.57693077709708
1940.7600544309616,-72.5732681101571,-72.5732681101571
1940.7700544309616,-72.5695691381628,-72.5695691381628
1940.7800544309616,-72.56583455988866,-72.56583455988866
1940.7900544309616,-72.56206508061727,-72.56206508061727
1940.8000544309616,-72.55826141109995,-72.55826141109995
1940.8100544309616,-72.55442426661234,-72.55442426661234
1940.8200544309616,-72.55055436597783,-72.55055436597783
1940.8300544309616,-72.54665243079445,-72.54665243079445
1940.8400544309616,-72.54271918461205,-72.54271918461205
1940.8500544309616,-72.53875535222552,-72.53875535222552
1940.8600544309616,-72.5347616590091,-72.5347616590091
1940.8700544309615,-72.53073883027793,-72.53073883027793
1940.8800544309615,-72.52668759070089,-72.52668759070089
1940.8900544309615,-72.52260866378289,-72.52260866378289
1940.9000544309615,-72.5185027713532,-72.5185027713532
1940.9100544309615,-72.51437063310793,-72.51437063310793
1940.9200544309615,-72.51021296618431,-72.51021296618431
1940.9300544309617,-72.50603048475303,-72.50603048475303
1940.9400544309617,-72.50182389966311,-72.50182389966311
1940.9500544309617,-72.49759391809364,-72.49759391809364
1940.9600544309617,-72.49334124324308,-72.49334124324308
1940.9700544309617,-72.48906657405317,-72.48906657405317
1940.9800544309617,-72.48477060491747,-72.48477060491747
1940.9900544309617,-72.48045402546029,-72.48045402546029
1941.0000544309617,-72.47611752029809,-72.47611752029809
1941.0100544309616,-72.4717617688346,-72.4717617688346
1941.0200544309616,-72.46738744507554,-72.46738744507554
1941.0300544309616,-72.46299521745202,-72.46299521745202
1941.0400544309616,-72.45858574866385,-72.45858574866385
1941.0500544309616,-72.45415969553635,-72.45415969553635
1941.0600544309616,-72.44971770889862,-72.44971770889862
1941.0700544309616,-72.4452604334548,-72.4452604334548
1941.0800544309616,-72.44078850768052,-72.44078850768052
1941.0900544309616,-72.43630256373297,-72.43630256373297
1941.1000544309616,-72.43180322736444,-72.43180322736444
1941.1100544309616,-72.4272911178534,-72.4272911178534
1941.1200544309615,-72.42276684793255,-72.42276684793255
1941.1300544309615,-72.41823102373897,-72.41823102373897
1941.1400544309615,-72.413684244751,-72.413684244751
1941.1500544309615,-72.40912710376969,-72.40912710376969
1941.1600544309615,-72.4045601868724,-72.4045601868724
1941.1700544309615,-72.39998407337481,-72.39998407337481
1941.1800544309617,-72.39539933583391,-72.39539933583391
1941.1900544309617,-72.39080654001874,-72.39080654001874
1941.2000544309617,-72.38620624489013,-72.38620624489013
1941.2100544309617,-72.38159269188532,-72.38159269188532
1941.2200544309617,-72.37696366771986,-72.37696366771986
1941.2300544309617,-72.37231837367473,-72.37231837367473
1941.2400544309617,-72.36765666320042,-72.36765666320042
1941.2500544309617,-72.36297875067729,-72.36297875067729
1941.2600544309616,-72.35828505981988,-72.35828505981988
1941.2700544309616,-72.35357613466039,-72.35357613466039
1941.2800544309616,-72.3488525859653,-72.3488525859653
1941.2900544309616,-72.34411505895956,-72.34411505895956
1941.3000544309616,-72.33936421392146,-72.33936421392146
1941.3100544309616,-72.33460071462464,-72.33460071462464
1941.3200544309616,-72.32982522156331,-72.32982522156331
1941.3300544309616,-72.32503838803355,-72.32503838803355
1941.3400544309616,-72.3202408580795,-72.3202408580795
1941.3500544309616,-72.31543326542918,-72.31543326542918
1941.3600544309616,-72.31061623313309,-72.31061623313309
1941.3700544309615,-72.30579037354299,-72.30579037354299
1941.3800544309615,-72.30095628851966,-72.30095628851966
1941.3900544309615,-72.29611456972748,-72.29611456972748
1941.4000544548035,-72.29126578745493,-72.29126578745493
1941.4100544548035,-72.2864105371225,-72.2864105371225
1941.4200544548034,-72.28154937044168,-72.28154937044168
1941.4300544548034,-72.27668284183821,-72.27668284183821
1941.4400544548034,-72.2718114972431,-72.2718114972431
1941.4500544548034,-72.26693587435037,-72.26693587435037
1941.4600544548034,-72.26205020286326,-72.26205020286326
1941.4700544548034,-72.2571522511016,-72.2571522511016
1941.4800544548034,-72.25224119900174,-72.25224119900174
1941.4900544548034,-72.2473168771387,-72.2473168771387
1941.5000544548034,-72.24237947602616,-72.24237947602616
1941.5100544548034,-72.23742939487656,-72.23742939487656
1941.5200544548034,-72.23246715279039,-72.23246715279039
1941.5300544548036,-72.22749333533218,-72.22749333533218
1941.5400544548036,-72.22250856234301,-72.22250856234301
1941.5500544548036,-72.21751346863887,-72.21751346863887
1941.5600544548035,-72.21250869250929,-72.21250869250929
1941.5700544548035,-72.20749486899633,-72.20749486899633
1941.5800544548035,-72.20247262602881,-72.20247262602881
1941.5900544548035,-72.19744258239723,-72.19744258239723
1941.6000544548035,-72.19240534670799,-72.19240534670799
1941.6100544548035,-72.18736151707624,-72.18736151707624
1941.6200544548035,-72.1823116810952,-72.1823116810952
1941.6300544548035,-72.17725641606596,-72.17725641606596
1941.6400544548035,-72.17219628932938,-72.17219628932938
1941.6500544548035,-72.16713185861433,-72.16713185861433
1941.6600544548035,-72.1620636724101,-72.1620636724101
1941.6700544548034,-72.15699227031503,-72.15699227031503
1941.6800544548034,-72.15191818338995,-72.15191818338995
1941.6900544548034,-72.14684193444069,-72.14684193444069
1941.7000544548034,-72.14176403829624,-72.14176403829624
1941.7100544548034,-72.13668500205105,-72.13668500205105
1941.7200544548034,-72.13160532527839,-72.13160532527839
1941.7300544548034,-72.1265255002362,-72.1265255002362
1941.7400544548034,-72.12144601201584,-72.12144601201584
1941.7500544548034,-72.1163673387078,-72.1163673387078
1941.7600544548034,-72.11128995153553,-72.11128995153553
1941.7700544548034,-72.10621431497765,-72.10621431497765
1941.7800544548036,-72.10114088686072,-72.10114088686072
1941.7900544548036,-72.09607011846596,-72.09607011846596
1941.8000544548036,-72.09100245463117,-72.09100245463117
1941.8100544548035,-72.08593833382031,-72.08593833382031
1941.8200544548035,-72.08087818819772,-72.08087818819772
1941.8300544548035,-72.07582244370208,-72.07582244370208
1941.8400544548035,-72.07077152010164,-72.07077152010164
1941.8500544548035,-72.0657258310828,-72.0657258310828
1941.8600544548035,-72.0606857842852,-72.0606857842852
1941.8700544548035,-72.05565178136328,-72.05565178136328
1941.8800544548035,-72.05062421804524,-72.05062421804524
1941.8900544548035,-72.04560348418448,-72.04560348418448
1941.9000544548035,-72.04058996381242,-72.04058996381242
1941.9100544548035,-72.03558403519756,-72.03558403519756
1941.9200544548034,-72.03058607087634,-72.03058607087634
1941.9300544548034,-72.02559643771058,-72.02559643771058
1941.9400544548034,-72.0206154969521,-72.0206154969521
1941.9500544548034,-72.01564360426983,-72.01564360426983
1941.9600544548034,-72.01067483289988,-72.01067483289988
1941.9700544548034,-72.00570678473879,-72.00570678473879
1941.9800544548034,-72.00073847055404,-72.00073847055404
1941.9900544548034,-71.99576955152038,-71.99576955152038
1942.0000544548034,-71.99080004937946,-71.99080004937946
1942.0100544548034,-71.9858301956098,-71.9858301956098
1942.0200544548034,-71.98086034282524,-71.98086034282524
1942.0300544548036,-71.97589091144472,-71.97589091144472
1942.0400544548036,-71.97092235755593,-71.97092235755593
1942.0500544548036,-71.96595515364166,-71.96595515364166
1942.0600544548035,-71.96098977706507,-71.96098977706507
1942.0700544548035,-71.95602670333206,-71.95602670333206
1942.0800544548035,-71.95106640226953,-71.95106640226953
1942.0900544548035,-71.9461093359199,-71.9461093359199
1942.1000544548035,-71.94115595755983,-71.94115595755983
1942.1100544548035,-71.9362067113009,-71.9362067113009
1942.1200544548035,-71.93126203216124,-71.93126203216124
1942.1300544548035,-71.92632234618695,-71.92632234618695
1942.1400544548035,-71.92138807083369,-71.92138807083369
1942.1500544548035,-71.91645961531387,-71.91645961531387
1942.1600544548035,-71.91153738095225,-71.91153738095225
1942.1700544548034,-71.9066217615559,-71.9066217615559
1942.1800544548034,-71.90171314371273,-71.90171314371273
1942.1900544548034,-71.89681190713611,-71.89681190713611
1942.2000544548034,-71.89191842490825,-71.89191842490825
1942.2100544548034,-71.8870330637391,-71.8870330637391
1942.2200544548034,-71.88215618416403,-71.88215618416403
1942.2300544548034,-71.87728814074576,-71.87728814074576
1942.2400544548034,-71.87242928224721,-71.87242928224721
1942.2500544786453,-71.86757994022994,-71.86757994022994
1942.2600544786453,-71.86274047540144,-71.86274047540144
1942.2700544786453,-71.85791120837132,-71.85791120837132
1942.2800544786453,-71.85309246604643,-71.85309246604643
1942.2900544786453,-71.84828457010863,-71.84828457010863
1942.3000544786453,-71.84348783713625,-71.84348783713625
1942.3100544786453,-71.83870257869027,-71.83870257869027
1942.3200544786453,-71.83392910134465,-71.83392910134465
1942.3300544786453,-71.82916770680278,-71.82916770680278
1942.3400544786452,-71.82441869192816,-71.82441869192816
1942.3500544786452,-71.8196823487952,-71.8196823487952
1942.3600544786452,-71.81495896478962,-71.81495896478962
1942.3700544786452,-71.81024882260192,-71.81024882260192
1942.3800544786454,-71.80555220031933,-71.80555220031933
1942.3900544786454,-71.80086937147702,-71.80086937147702
1942.4000544786454,-71.79620060504534,-71.79620060504534
1942.4100544786454,-71.7915461655469,-71.7915461655469
1942.4200544786454,-71.78690631306019,-71.78690631306019
1942.4300544786454,-71.78228130327594,-71.78228130327594
1942.4400544786454,-71.77767138753424,-71.77767138753424
1942.4500544786454,-71.77307681286085,-71.77307681286085
1942.4600544786454,-71.7684978220149,-71.7684978220149
1942.4700544786454,-71.76393465353657,-71.76393465353657
1942.4800544786453,-71.75938754177169,-71.75938754177169
1942.4900544786453,-71.7548567169239,-71.7548567169239
1942.5000544786453,-71.7503424050859,-71.7503424050859
1942.5100544786453,-71.74584482828885,-71.74584482828885
1942.5200544786453,-71.74136420453708,-71.74136420453708
1942.5300544786453,-71.73690074783664,-71.73690074783664
1942.5400544786453,-71.73245466826963,-71.73245466826963
1942.5500544786453,-71.72802617198067,-71.72802617198067
1942.5600544786453,-71.72361546127318,-71.72361546127318
1942.5700544786453,-71.71922273460123,-71.71922273460123
1942.5800544786453,-71.71484818664878,-71.71484818664878
1942.5900544786452,-71.7104920083306,-71.7104920083306
1942.6000544786452,-71.70615438685861,-71.70615438685861
1942.6100544786452,-71.70183550577985,-71.70183550577985
1942.6200544786452,-71.69753554500724,-71.69753554500724
1942.6300544786454,-71.69325468085312,-71.69325468085312
1942.6400544786454,-71.68899308609109,-71.68899308609109
1942.6500544786454,-71.68475092996908,-71.68475092996908
1942.6600544786454,-71.68052837826902,-71.68052837826902
1942.6700544786454,-71.67632559332768,-71.67632559332768
1942.6800544786454,-71.67214273410713,-71.67214273410713
1942.6900544786454,-71.66797995619069,-71.66797995619069
1942.7000544786454,-71.66383741185697,-71.66383741185697
1942.7100544786454,-71.6597152500973,-71.6597152500973
1942.7200544786454,-71.65561361667217,-71.65561361667217
1942.7300544786453,-71.65153265412732,-71.65153265412732
1942.7400544786453,-71.64747250185462,-71.64747250185462
1942.7500544786453,-71.64343329612059,-71.64343329612059
1942.7600544786453,-71.63941517009927,-71.63941517009927
1942.7700544786453,-71.63541825392181,-71.63541825392181
1942.7800544786453,-71.63144267470334,-71.63144267470334
1942.7900544786453,-71.62748855657914,-71.62748855657914
1942.8000544786453,-71.62355602075785,-71.62355602075785
1942.8100544786453,-71.61964518553553,-71.61964518553553
1942.8200544786453,-71.61575616636043,-71.61575616636043
1942.8300544786453,-71.6118890758393,-71.6118890758393
1942.8400544786452,-71.6080440237988,-71.6080440237988
1942.8500544786452,-71.60422111731265,-71.60422111731265
1942.8600544786452,-71.60042046072229,-71.60042046072229
1942.8700544786452,-71.59664215568918,-71.59664215568918
1942.8800544786454,-71.5928863012409,-71.5928863012409
1942.8900544786454,-71.5891529937847,-71.5891529937847
1942.9000544786454,-71.58544232713695,-71.58544232713695
1942.9100544786454,-71.5817543925966,-71.5817543925966
1942.9200544786454,-71.57808927892582,-71.57808927892582
1942.9300544786454,-71.57444707243357,-71.57444707243357
1942.9400544786454,-71.5708278569694,-71.5708278569694
1942.9500544786454,-71.56723171398863,-71.56723171398863
1942.9600544786454,-71.56365872255732,-71.56365872255732
1942.9700544786454,-71.56010895941711,-71.56010895941711
1942.9800544786453,-71.55658249897147,-71.55658249897147
1942.9900544786453,-71.55307941338,-71.55307941338
1943.0000544786453,-71.54959977252419,-71.54959977252419
1943.0100544786453,-71.54614364408854,-71.54614364408854
1943.0200544786453,-71.54271109356806,-71.54271109356806
1943.0300544786453,-71.53930218430115,-71.53930218430115
1943.0400544786453,-71.53591697750686,-71.53591697750686
1943.0500544786453,-71.53255553231533,-71.53255553231533
1943.0600544786453,-71.52921790578793,-71.52921790578793
1943.0700544786453,-71.52590415295828,-71.52590415295828
1943.0800544786453,-71.52261432685285,-71.52261432685285
1943.0900544786452,-71.51934847852145,-71.51934847852145
1943.1000545024872,-71.51610664935922,-71.51610664935922
1943.1100545024872,-71.51288890205676,-71.51288890205676
1943.1200545024872,-71.50969527410678,-71.50969527410678
1943.1300545024872,-71.50652580895783,-71.50652580895783
1943.1400545024871,-71.50338054821039,-71.50338054821039
1943.1500545024871,-71.5002595316571,-71.5002595316571
1943.1600545024871,-71.49716279730308,-71.49716279730308
1943.1700545024871,-71.49409038141557,-71.49409038141557
1943.180054502487,-71.49104231852016,-71.49104231852016
1943.190054502487,-71.48801864143525,-71.48801864143525
1943.200054502487,-71.48501938130607,-71.48501938130607
1943.210054502487,-71.48204456763531,-71.48204456763531
1943.220054502487,-71.47909422828519,-71.47909422828519
1943.2300545024873,-71.47616838951866,-71.47616838951866
1943.2400545024873,-71.473267076025,-71.473267076025
1943.2500545024873,-71.47039031093645,-71.47039031093645
1943.2600545024873,-71.46753811584338,-71.46753811584338
1943.2700545024873,-71.46471051084737,-71.46471051084737
1943.2800545024872,-71.4619075145495,-71.4619075145495
1943.2900545024872,-71.4591291441048,-71.4591291441048
1943.3000545024872,-71.45637541521117,-71.45637541521117
1943.3100545024872,-71.45364634216195,-71.45364634216195
1943.3200545024872,-71.45094193785768,-71.45094193785768
1943.3300545024872,-71.44826221380914,-71.44826221380914
1943.3400545024872,-71.44560718018866,-71.44560718018866
1943.3500545024872,-71.44297684584055,-71.44297684584055
1943.3600545024872,-71.44037121828804,-71.44037121828804
1943.3700545024872,-71.43779030376592,-71.43779030376592
1943.3800545024872,-71.43523410724993,-71.43523410724993
1943.3900545024871,-71.43270263245248,-71.43270263245248
1943.4000545024871,-71.43019588187653,-71.43019588187653
1943.4100545024871,-71.42771385679457,-71.42771385679457
1943.4200545024871,-71.42525655728814,-71.42525655728814
1943.430054502487,-71.42282398228525,-71.42282398228525
1943.440054502487,-71.42041612955488,-71.42041612955488
1943.450054502487,-71.41803299572277,-71.41803299572277
1943.460054502487,-71.41566835085543,-71.41566835085543
1943.470054502487,-71.41331946808401,-71.41331946808401
1943.4800545024873,-71.41098502143167,-71.41098502143167
1943.4900545024873,-71.4086643337038,-71.4086643337038
1943.5000545024873,-71.40635708913653,-71.40635708913653
1943.5100545024873,-71.40406318387768,-71.40406318387768
1943.5200545024873,-71.40178263814784,-71.40178263814784
1943.5300545024872,-71.39951554343415,-71.39951554343415
1943.5400545024872,-71.39726203061073,-71.39726203061073
1943.5500545024872,-71.39502225085235,-71.39502225085235
1943.5600545024872,-71.39279636422913,-71.39279636422913
1943.5700545024872,-71.39058453301153,-71.39058453301153
1943.5800545024872,-71.3883869178294,-71.3883869178294
1943.5900545024872,-71.38620367561231,-71.38620367561231
1943.6000545024872,-71.38403495857375,-71.38403495857375
1943.6100545024872,-71.38188091378697,-71.38188091378697
1943.6200545024872,-71.37974168319555,-71.37974168319555
1943.6300545024872,-71.37761740377468,-71.37761740377468
1943.6400545024871,-71.37550820779606,-71.37550820779606
1943.6500545024871,-71.37341422319446,-71.37341422319446
1943.6600545024871,-71.37133557385104,-71.37133557385104
1943.6700545024871,-71.3692723799348,-71.3692723799348
1943.680054502487,-71.36722475820241,-71.36722475820241
1943.690054502487,-71.3651928222359,-71.3651928222359
1943.700054502487,-71.36317668269132,-71.36317668269132
1943.710054502487,-71.36117644750281,-71.36117644750281
1943.720054502487,-71.35919222206269,-71.35919222206269
1943.7300545024873,-71.35722410936572,-71.35722410936572
1943.7400545024873,-71.35527221015036,-71.35527221015036
1943.7500545024873,-71.35333662301164,-71.35333662301164
1943.7600545024873,-71.35141744449064,-71.35141744449064
1943.7700545024873,-71.34951476915501,-71.34951476915501
1943.7800545024872,-71.34762868967852,-71.34762868967852
1943.7900545024872,-71.34575929689319,-71.34575929689319
1943.8000545024872,-71.34390667983797,-71.34390667983797
1943.8100545024872,-71.34207092580529,-71.34207092580529
1943.8200545024872,-71.34025212038522,-71.34025212038522
1943.8300545024872,-71.33845034747628,-71.33845034747628
1943.8400545024872,-71.33666568932179,-71.33666568932179
1943.8500545024872,-71.3348982265379,-71.3348982265379
1943.8600545024872,-71.33314803811457,-71.33314803811457
1943.8700545024872,-71.3314152014551,-71.3314152014551
1943.8800545024872,-71.329699792381,-71.329699792381
1943.8900545024871,-71.32800188513676,-71.32800188513676
1943.9000545024871,-71.32632155240177,-71.32632155240177
1943.9100545024871,-71.32465886531944,-71.32465886531944
1943.9200545024871,-71.32301389347795,-71.32301389347795
1943.930054502487,-71.32138670493643,-71.32138670493643
1943.940054502487,-71.31977736623674,-71.31977736623674
1943.950054526329,-71.31818593861156,-71.31818593861156
1943.960054526329,-71.31661249318785,-71.31661249318785
1943.970054526329,-71.3150570881224,-71.3150570881224
1943.980054526329,-71.31351978392208,-71.31351978392208
1943.990054526329,-71.31200063960813,-71.31200063960813
1944.000054526329,-71.31049971271568,-71.31049971271568
1944.010054526329,-71.30901705929715,-71.30901705929715
1944.020054526329,-71.30755273393207,-71.30755273393207
1944.030054526329,-71.30610678975546,-71.30610678975546
1944.040054526329,-71.30467927843823,-71.30467927843823
1944.050054526329,-71.30327025020677,-71.30327025020677
1944.060054526329,-71.30187975384804,-71.30187975384804
1944.070054526329,-71.30050783672199,-71.30050783672199
1944.0800545263291,-71.29915454476506,-71.29915454476506
1944.0900545263291,-71.2978199225163,-71.2978199225163
1944.1000545263291,-71.29650401308442,-71.29650401308442
1944.1100545263291,-71.2952068582103,-71.2952068582103
1944.120054526329,-71.29392849825007,-71.29392849825007
1944.130054526329,-71.29266897215733,-71.29266897215733
1944.140054526329,-71.2914283175622,-71.2914283175622
1944.150054526329,-71.29020657072118,-71.29020657072118
1944.160054526329,-71.2890037665511,-71.2890037665511
1944.170054526329,-71.28781993863468,-71.28781993863468
1944.180054526329,-71.28665511923798,-71.28665511923798
1944.190054526329,-71.28550933931703,-71.28550933931703
1944.200054526329,-71.28438262854083,-71.28438262854083
1944.210054526329,-71.28327501526995,-71.28327501526995
1944.220054526329,-71.28218652661839,-71.28218652661839
1944.230054526329,-71.2811171884166,-71.2811171884166
1944.240054526329,-71.2800670252519,-71.2800670252519
1944.250054526329,-71.27903606048211,-71.27903606048211
1944.260054526329,-71.27802431622452,-71.27802431622452
1944.270054526329,-71.27703181339272,-71.27703181339272
1944.280054526329,-71.27605857170614,-71.27605857170614
1944.290054526329,-71.27510460968789,-71.27510460968789
1944.300054526329,-71.2741699446896,-71.2741699446896
1944.310054526329,-71.27325459289933,-71.27325459289933
1944.320054526329,-71.27235856935803,-71.27235856935803
1944.3300545263291,-71.2714818879707,-71.2714818879707
1944.3400545263291,-71.27062456151798,-71.27062456151798
1944.3500545263291,-71.26978660167026,-71.26978660167026
1944.3600545263291,-71.268968019,-71.268968019
1944.370054526329,-71.26816882300096,-71.26816882300096
1944.380054526329,-71.26738902209267,-71.26738902209267
1944.390054526329,-71.26662862363354,-71.26662862363354
1944.400054526329,-71.26588763394592,-71.26588763394592
1944.410054526329,-71.26516605831779,-71.26516605831779
1944.420054526329,-71.26446390101587,-71.26446390101587
1944.430054526329,-71.26378116530317,-71.26378116530317
1944.440054526329,-71.26311785345091,-71.26311785345091
1944.450054526329,-71.2624739667516,-71.2624739667516
1944.460054526329,-71.26184950553652,-71.26184950553652
1944.470054526329,-71.26124446916302,-71.26124446916302
1944.480054526329,-71.26065885607275,-71.26065885607275
1944.490054526329,-71.2600926637649,-71.2600926637649
1944.500054526329,-71.25954588883775,-71.25954588883775
1944.510054526329,-71.25901852697193,-71.25901852697193
1944.520054526329,-71.25851057297339,-71.25851057297339
1944.530054526329,-71.25802202075616,-71.25802202075616
1944.540054526329,-71.25755286337817,-71.25755286337817
1944.550054526329,-71.25710309304404,-71.25710309304404
1944.560054526329,-71.25667270112145,-71.25667270112145
1944.570054526329,-71.25626167814714,-71.25626167814714
1944.5800545263291,-71.25587001384476,-71.25587001384476
1944.5900545263291,-71.25549769713275,-71.25549769713275
1944.6000545263291,-71.25514471614377,-71.25514471614377
1944.6100545263291,-71.25481105822763,-71.25481105822763
1944.620054526329,-71.25449670996403,-71.25449670996403
1944.630054526329,-71.25420165718002,-71.25420165718002
1944.640054526329,-71.25392588496318,-71.25392588496318
1944.650054526329,-71.25366937765803,-71.25366937765803
1944.660054526329,-71.25343211890116,-71.25343211890116
1944.670054526329,-71.25321409161229,-71.25321409161229
1944.680054526329,-71.25301527800842,-71.25301527800842
1944.690054526329,-71.25283565962877,-71.25283565962877
1944.700054526329,-71.25267521733053,-71.25267521733053
1944.710054526329,-71.25253393131125,-71.25253393131125
1944.720054526329,-71.25241178111104,-71.25241178111104
1944.730054526329,-71.2523087456196,-71.2523087456196
1944.740054526329,-71.25222480310526,-71.25222480310526
1944.750054526329,-71.25215993120824,-71.25215993120824
1944.760054526329,-71.2521141069456,-71.2521141069456
1944.770054526329,-71.25208730675621,-71.25208730675621
1944.780054526329,-71.25207950646478,-71.25207950646478
1944.790054526329,-71.25209068133174,-71.25209068133174
1944.800054550171,-71.2521208061083,-71.2521208061083
1944.810054550171,-71.25216985482143,-71.25216985482143
1944.8200545501709,-71.2522378010427,-71.2522378010427
1944.8300545501709,-71.25232461780179,-71.25232461780179
1944.8400545501709,-71.2524302775877,-71.2524302775877
1944.8500545501709,-71.25255475237621,-71.25255475237621
1944.8600545501708,-71.2526980136166,-71.2526980136166
1944.8700545501708,-71.25286003225341,-71.25286003225341
1944.8800545501708,-71.25304077873798,-71.25304077873798
1944.8900545501708,-71.2532402230338,-71.2532402230338
1944.9000545501708,-71.25345833462977,-71.25345833462977
1944.9100545501708,-71.25369508254052,-71.25369508254052
1944.9200545501708,-71.25395043532046,-71.25395043532046
1944.930054550171,-71.25422436106481,-71.25422436106481
1944.940054550171,-71.25451682743638,-71.25451682743638
1944.950054550171,-71.25482780165515,-71.25482780165515
1944.960054550171,-71.2551510371009,-71.2551510371009
1944.970054550171,-71.25548378158012,-71.25548378158012
1944.980054550171,-71.25582468041634,-71.25582468041634
1944.990054550171,-71.25617302624259,-71.25617302624259
1945.000054550171,-71.25652847248925,-71.25652847248925
1945.010054550171,-71.2568908843882,-71.2568908843882
1945.020054550171,-71.25726025149136,-71.25726025149136
1945.030054550171,-71.25763663511843,-71.25763663511843
1945.040054550171,-71.25802013663237,-71.25802013663237
1945.050054550171,-71.25841087844886,-71.25841087844886
1945.060054550171,-71.25880899270916,-71.25880899270916
1945.0700545501709,-71.2592146145833,-71.2592146145833
1945.0800545501709,-71.25962787847209,-71.25962787847209
1945.0900545501709,-71.26004891592754,-71.26004891592754
1945.1000545501709,-71.2604778546002,-71.2604778546002
1945.1100545501708,-71.26091481786862,-71.26091481786862
1945.1200545501708,-71.26135992474987,-71.26135992474987
1945.1300545501708,-71.26181329010349,-71.26181329010349
1945.1400545501708,-71.26227502484214,-71.26227502484214
1945.1500545501708,-71.2627452362838,-71.2627452362838
1945.1600545501708,-71.26322402841835,-71.26322402841835
1945.1700545501708,-71.26371150224251,-71.26371150224251
1945.180054550171,-71.26420775599351,-71.26420775599351
1945.190054550171,-71.26471288542984,-71.26471288542984
1945.200054550171,-71.26522698403048,-71.26522698403048
1945.210054550171,-71.26575014318348,-71.26575014318348
1945.220054550171,-71.26628245233799,-71.26628245233799
1945.230054550171,-71.26682399917931,-71.26682399917931
1945.240054550171,-71.26737486970165,-71.26737486970165
1945.250054550171,-71.2679351483423,-71.2679351483423
1945.260054550171,-71.26850491804805,-71.26850491804805
1945.270054550171,-71.26908426034403,-71.26908426034403
1945.280054550171,-71.26967325539107,-71.26967325539107
1945.290054550171,-71.27027198204927,-71.27027198204927
1945.300054550171,-71.27088051790939,-71.27088051790939
1945.310054550171,-71.27149893930832,-71.27149893930832
1945.3200545501709,-71.27212732136596,-71.27212732136596
1945.3300545501709,-71.27276573801862,-71.27276573801862
1945.3400545501709,-71.27341426202793,-71.27341426202793
1945.3500545501709,-71.27407296497584,-71.27407296497584
1945.3600545501708,-71.27474191729816,-71.27474191729816
1945.3700545501708,-71.27542118828667,-71.27542118828667
1945.3800545501708,-71.27611084609066,-71.27611084609066
1945.3900545501708,-71.27681095771467,-71.27681095771467
1945.4000545501708,-71.27752158903945,-71.27752158903945
1945.4100545501708,-71.27824280481228,-71.27824280481228
1945.4200545501708,-71.27897466864754,-71.27897466864754
1945.430054550171,-71.2797172430309,-71.2797172430309
1945.440054550171,-71.28047058931993,-71.28047058931993
1945.450054550171,-71.28123476774415,-71.28123476774415
1945.460054550171,-71.28200983740321,-71.28200983740321
1945.470054550171,-71.28279585626171,-71.28279585626171
1945.480054550171,-71.2835928811736,-71.2835928811736
1945.490054550171,-71.28440096784227,-71.28440096784227
1945.500054550171,-71.28522017086844,-71.28522017086844
1945.510054550171,-71.2860505437033,-71.2860505437033
1945.520054550171,-71.28689213869458,-71.28689213869458
1945.530054550171,-71.28774500704837,-71.28774500704837
1945.540054550171,-71.28860919885989,-71.28860919885989
1945.550054550171,-71.28948476310654,-71.28948476310654
1945.560054550171,-71.29037174763548,-71.29037174763548
1945.5700545501709,-71.29127019919044,-71.29127019919044
1945.5800545501709,-71.29218016339891,-71.29218016339891
1945.5900545501709,-71.293101684777,-71.293101684777
1945.6000545501709,-71.294034806751,-71.294034806751
1945.6100545501708,-71.29497957163198,-71.29497957163198
1945.6200545501708,-71.29593602064186,-71.29593602064186
1945.6300545501708,-71.29690419391723,-71.29690419391723
1945.6400545501708,-71.29788413049232,-71.29788413049232
1945.6500545740128,-71.29887587071043,-71.29887587071043
1945.6600545740127,-71.29987944676733,-71.29987944676733
1945.6700545740127,-71.30089489681066,-71.30089489681066
1945.6800545740127,-71.30192225560647,-71.30192225560647
1945.6900545740127,-71.30296155686543,-71.30296155686543
1945.7000545740127,-71.30401283325473,-71.30401283325473
1945.7100545740127,-71.30507611639837,-71.30507611639837
1945.7200545740127,-71.30615143687899,-71.30615143687899
1945.7300545740127,-71.30723882426757,-71.30723882426757
1945.7400545740127,-71.30833830711057,-71.30833830711057
1945.7500545740127,-71.30944991294706,-71.30944991294706
1945.7600545740127,-71.31057366831784,-71.31057366831784
1945.7700545740126,-71.31170959876637,-71.31170959876637
1945.7800545740129,-71.31285772885774,-71.31285772885774
1945.7900545740129,-71.3140180821805,-71.3140180821805
1945.8000545740128,-71.3151906813513,-71.3151906813513
1945.8100545740128,-71.31637554804513,-71.31637554804513
1945.8200545740128,-71.31757270297646,-71.31757270297646
1945.8300545740128,-71.31878216593712,-71.31878216593712
1945.8400545740128,-71.32000395576878,-71.32000395576878
1945.8500545740128,-71.32123809041276,-71.32123809041276
1945.8600545740128,-71.32248458688427,-71.32248458688427
1945.8700545740128,-71.32374346131824,-71.32374346131824
1945.8800545740128,-71.32501472894663,-71.32501472894663
1945.8900545740128,-71.32629840412181,-71.32629840412181
1945.9000545740128,-71.32759450033102,-71.32759450033102
1945.9100545740127,-71.32890303019819,-71.32890303019819
1945.9200545740127,-71.33022400549939,-71.33022400549939
1945.9300545740127,-71.331557437172,-71.331557437172
1945.9400545740127,-71.33290333531602,-71.33290333531602
1945.9500545740127,-71.33426170922016,-71.33426170922016
1945.9600545740127,-71.33562634640589,-71.33562634640589
1945.9700545740127,-71.33699453159346,-71.33699453159346
1945.9800545740127,-71.33836494770627,-71.33836494770627
1945.9900545740127,-71.3397369249573,-71.3397369249573
1946.0000545740127,-71.3411101541139,-71.3411101541139
1946.0100545740127,-71.34248453744522,-71.34248453744522
1946.0200545740126,-71.34386010126916,-71.34386010126916
1946.0300545740129,-71.34523694339916,-71.34523694339916
1946.0400545740129,-71.3466152014496,-71.3466152014496
1946.0500545740128,-71.34799503387069,-71.34799503387069
1946.0600545740128,-71.34937660861232,-71.34937660861232
1946.0700545740128,-71.35076009643652,-71.35076009643652
1946.0800545740128,-71.35214566716131,-71.35214566716131
1946.0900545740128,-71.35353348753819,-71.35353348753819
1946.1000545740128,-71.35492372020954,-71.35492372020954
1946.1100545740128,-71.35631652332522,-71.35631652332522
1946.1200545740128,-71.3577120504947,-71.3577120504947
1946.1300545740128,-71.35911045091521,-71.35911045091521
1946.1400545740128,-71.36051186964423,-71.36051186964423
1946.1500545740128,-71.36191644789571,-71.36191644789571
1946.1600545740127,-71.36332432334164,-71.36332432334164
1946.1700545740127,-71.36473563042092,-71.36473563042092
1946.1800545740127,-71.36615050058528,-71.36615050058528
1946.1900545740127,-71.36756906255545,-71.36756906255545
1946.2000545740127,-71.36899144253506,-71.36899144253506
1946.2100545740127,-71.37041776439544,-71.37041776439544
1946.2200545740127,-71.37184814983445,-71.37184814983445
1946.2300545740127,-71.37328271852192,-71.37328271852192
1946.2400545740127,-71.37472158820943,-71.37472158820943
1946.2500545740127,-71.37616487481512,-71.37616487481512
1946.2600545740127,-71.37761269254716,-71.37761269254716
1946.2700545740126,-71.37906515393054,-71.37906515393054
1946.2800545740129,-71.38052236988634,-71.38052236988634
1946.2900545740129,-71.38198444977796,-71.38198444977796
1946.3000545740128,-71.38345150144313,-71.38345150144313
1946.3100545740128,-71.38492363124313,-71.38492363124313
1946.3200545740128,-71.38640094406762,-71.38640094406762
1946.3300545740128,-71.387883543367,-71.387883543367
1946.3400545740128,-71.38937153117644,-71.38937153117644
1946.3500545740128,-71.39086500811086,-71.39086500811086
1946.3600545740128,-71.39236407340597,-71.39236407340597
1946.3700545740128,-71.39386882490113,-71.39386882490113
1946.3800545740128,-71.39537935905906,-71.39537935905906
1946.3900545740128,-71.39689577096279,-71.39689577096279
1946.4000545740128,-71.39841815432898,-71.39841815432898
1946.4100545740127,-71.39994660151132,-71.39994660151132
1946.4200545740127,-71.40148120348955,-71.40148120348955
1946.4300545740127,-71.40302204989877,-71.40302204989877
1946.4400545740127,-71.40456922900833,-71.40456922900833
1946.4500545740127,-71.4061228277157,-71.4061228277157
1946.4600545740127,-71.40768293159515,-71.40768293159515
1946.4700545740127,-71.40924962485114,-71.40924962485114
1946.4800545740127,-71.41082299031848,-71.41082299031848
1946.4900545740127,-71.41240310952878,-71.41240310952878
1946.5000545978546,-71.4139900664177,-71.4139900664177
1946.5100545978546,-71.41558393226275,-71.41558393226275
1946.5200545978546,-71.41718478829603,-71.41718478829603
1946.5300545978546,-71.41879271066745,-71.41879271066745
1946.5400545978546,-71.42040777418389,-71.42040777418389
1946.5500545978546,-71.42203005232932,-71.42203005232932
1946.5600545978546,-71.42365961725872,-71.42365961725872
1946.5700545978546,-71.42529653980802,-71.42529653980802
1946.5800545978545,-71.42694088950378,-71.42694088950378
1946.5900545978545,-71.42859273455791,-71.42859273455791
1946.6000545978545,-71.43025214188386,-71.43025214188386
1946.6100545978545,-71.43191917708627,-71.43191917708627
1946.6200545978545,-71.43359390449464,-71.43359390449464
1946.6300545978547,-71.43527638714659,-71.43527638714659
1946.6400545978547,-71.4369666868038,-71.4369666868038
1946.6500545978547,-71.43866486395811,-71.43866486395811
1946.6600545978547,-71.44037097784172,-71.44037097784172
1946.6700545978547,-71.44208508642787,-71.44208508642787
1946.6800545978547,-71.44380724645109,-71.44380724645109
1946.6900545978547,-71.44553751340415,-71.44553751340415
1946.7000545978547,-71.44727594155965,-71.44727594155965
1946.7100545978547,-71.44902258397053,-71.44902258397053
1946.7200545978546,-71.45077749246794,-71.45077749246794
1946.7300545978546,-71.45254071769622,-71.45254071769622
1946.7400545978546,-71.45431230910698,-71.45431230910698
1946.7500545978546,-71.45609231497268,-71.45609231497268
1946.7600545978546,-71.4578807823936,-71.4578807823936
1946.7700545978546,-71.4596777573076,-71.4596777573076
1946.7800545978546,-71.46148328450373,-71.46148328450373
1946.7900545978546,-71.46329740764158,-71.46329740764158
1946.8000545978546,-71.46512016924511,-71.46512016924511
1946.8100545978546,-71.46695161071705,-71.46695161071705
1946.8200545978546,-71.46879177236039,-71.46879177236039
1946.8300545978545,-71.47064069338653,-71.47064069338653
1946.8400545978545,-71.47249841191557,-71.47249841191557
1946.8500545978545,-71.4743649649926,-71.4743649649926
1946.8600545978545,-71.47624038861274,-71.47624038861274
1946.8700545978545,-71.47812471770672,-71.47812471770672
1946.8800545978547,-71.48001798617501,-71.48001798617501
1946.8900545978547,-71.48192022689453,-71.48192022689453
1946.9000545978547,-71.48383147171121,-71.48383147171121
1946.9100545978547,-71.48575175148024,-71.48575175148024
1946.9200545978547,-71.48768109606091,-71.48768109606091
1946.9300545978547,-71.48961953432638,-71.48961953432638
1946.9400545978547,-71.49156709418953,-71.49156709418953
1946.9500545978547,-71.49352380259526,-71.49352380259526
1946.9600545978547,-71.49548968554332,-71.49548968554332
1946.9700545978546,-71.49746476809908,-71.49746476809908
1946.9800545978546,-71.49944907440263,-71.49944907440263
1946.9900545978546,-71.50144262768804,-71.50144262768804
1947.0000545978546,-71.50344545028244,-71.50344545028244
1947.0100545978546,-71.50545756362419,-71.50545756362419
1947.0200545978546,-71.50747898827557,-71.50747898827557
1947.0300545978546,-71.509509743936,-71.509509743936
1947.0400545978546,-71.51154984944085,-71.51154984944085
1947.0500545978546,-71.51359932278172,-71.51359932278172
1947.0600545978546,-71.51565818112357,-71.51565818112357
1947.0700545978546,-71.51772644080725,-71.51772644080725
1947.0800545978545,-71.51980411736342,-71.51980411736342
1947.0900545978545,-71.52189122551842,-71.52189122551842
1947.1000545978545,-71.52398777921317,-71.52398777921317
1947.1100545978545,-71.5260937916205,-71.5260937916205
1947.1200545978545,-71.52820927512566,-71.52820927512566
1947.1300545978547,-71.5303342413734,-71.5303342413734
1947.1400545978547,-71.53246870125483,-71.53246870125483
1947.1500545978547,-71.53461266492998,-71.53461266492998
1947.1600545978547,-71.53676614183543,-71.53676614183543
1947.1700545978547,-71.5389291406872,-71.5389291406872
1947.1800545978547,-71.54110166950746,-71.54110166950746
1947.1900545978547,-71.54328373561383,-71.54328373561383
1947.2000545978547,-71.5454753456442,-71.5454753456442
1947.2100545978547,-71.54767650556714,-71.54767650556714
1947.2200545978546,-71.54988722068252,-71.54988722068252
1947.2300545978546,-71.552107495642,-71.552107495642
1947.2400545978546,-71.5543373344441,-71.5543373344441
1947.2500545978546,-71.55657674046903,-71.55657674046903
1947.2600545978546,-71.5588257164571,-71.5588257164571
1947.2700545978546,-71.56108426453945,-71.56108426453945
1947.2800545978546,-71.56335238624642,-71.56335238624642
1947.2900545978546,-71.56563008249985,-71.56563008249985
1947.3000545978546,-71.56791735365603,-71.56791735365603
1947.3100545978546,-71.57021419946786,-71.57021419946786
1947.3200545978546,-71.57252061913161,-71.57252061913161
1947.3300545978545,-71.57483661129308,-71.57483661129308
1947.3400545978545,-71.57716217403272,-71.57716217403272
1947.3500546216965,-71.57949731045153,-71.57949731045153
1947.3600546216965,-71.58184200647926,-71.58184200647926
1947.3700546216965,-71.58419626410924,-71.58419626410924
1947.3800546216964,-71.58656007932437,-71.58656007932437
1947.3900546216964,-71.5889334475829,-71.5889334475829
1947.4000546216964,-71.59131636384154,-71.59131636384154
1947.4100546216964,-71.59370882257035,-71.59370882257035
1947.4200546216964,-71.59611081775407,-71.59611081775407
1947.4300546216964,-71.5985223429035,-71.5985223429035
1947.4400546216964,-71.60094339105878,-71.60094339105878
1947.4500546216964,-71.6033739547951,-71.6033739547951
1947.4600546216964,-71.6058140262486,-71.6058140262486
1947.4700546216964,-71.60826359710288,-71.60826359710288
1947.4800546216966,-71.61072265859643,-71.61072265859643
1947.4900546216966,-71.61319120155568,-71.61319120155568
1947.5000546216966,-71.61566921636788,-71.61566921636788
1947.5100546216966,-71.61815669301801,-71.61815669301801
1947.5200546216965,-71.62065362106839,-71.62065362106839
1947.5300546216965,-71.62315998969162,-71.62315998969162
1947.5400546216965,-71.62567578766182,-71.62567578766182
1947.5500546216965,-71.62820100337179,-71.62820100337179
1947.5600546216965,-71.63073562481857,-71.63073562481857
1947.5700546216965,-71.63327963964868,-71.63327963964868
1947.5800546216965,-71.63583303511393,-71.63583303511393
1947.5900546216965,-71.63839579813244,-71.63839579813244
1947.6000546216965,-71.64096791524412,-71.64096791524412
1947.6100546216965,-71.64354937265857,-71.64354937265857
1947.6200546216965,-71.64614015624291,-71.64614015624291
1947.6300546216964,-71.64874025151863,-71.64874025151863
1947.6400546216964,-71.65134964367725,-71.65134964367725
1947.6500546216964,-71.65396831759477,-71.65396831759477
1947.6600546216964,-71.65659625782213,-71.65659625782213
1947.6700546216964,-71.65923344861201,-71.65923344861201
1947.6800546216964,-71.6618798739037,-71.6618798739037
1947.6900546216964,-71.66453551732549,-71.66453551732549
1947.7000546216964,-71.66720036222408,-71.66720036222408
1947.7100546216964,-71.66986813999333,-71.66986813999333
1947.7200546216964,-71.67253609511305,-71.67253609511305
1947.7300546216966,-71.67520287672241,-71.67520287672241
1947.7400546216966,-71.67786778434704,-71.67786778434704
1947.7500546216966,-71.68053047996338,-71.68053047996338
1947.7600546216966,-71.68319083834302,-71.68319083834302
1947.7700546216965,-71.68584885934224,-71.68584885934224
1947.7800546216965,-71.6885046151637,-71.6885046151637
1947.7900546216965,-71.69115821860571,-71.69115821860571
1947.8000546216965,-71.69380980402377,-71.69380980402377
1947.8100546216965,-71.69645951597458,-71.69645951597458
1947.8200546216965,-71.69910750252825,-71.69910750252825
1947.8300546216965,-71.70175391145447,-71.70175391145447
1947.8400546216965,-71.70439888808744,-71.70439888808744
1947.8500546216965,-71.70704257433677,-71.70704257433677
1947.8600546216965,-71.7096851082005,-71.7096851082005
1947.8700546216965,-71.71232662374457,-71.71232662374457
1947.8800546216964,-71.71496725122847,-71.71496725122847
1947.8900546216964,-71.71760711733818,-71.71760711733818
1947.9000546216964,-71.72024634549473,-71.72024634549473
1947.9100546216964,-71.72288505612939,-71.72288505612939
1947.9200546216964,-71.72552336695844,-71.72552336695844
1947.9300546216964,-71.7281613932691,-71.7281613932691
1947.9400546216964,-71.73079924811216,-71.73079924811216
1947.9500546216964,-71.73343704254881,-71.73343704254881
1947.9600546216964,-71.73606862863046,-71.73606862863046
1947.9700546216964,-71.73869137327245,-71.73869137327245
1947.9800546216966,-71.74130404804872,-71.74130404804872
1947.9900546216966,-71.74390607428037,-71.74390607428037
1948.0000546216966,-71.7464972349455,-71.7464972349455
1948.0100546216966,-71.7490775250216,-71.7490775250216
1948.0200546216965,-71.75164706372625,-71.75164706372625
1948.0300546216965,-71.75420604177849,-71.75420604177849
1948.0400546216965,-71.75675468969379,-71.75675468969379
1948.0500546216965,-71.75929325873196,-71.75929325873196
1948.0600546216965,-71.76182200957214,-71.76182200957214
1948.0700546216965,-71.76434120561198,-71.76434120561198
1948.0800546216965,-71.76685110916304,-71.76685110916304
1948.0900546216965,-71.76935197935612,-71.76935197935612
1948.1000546216965,-71.77184407107724,-71.77184407107724
1948.1100546216965,-71.77432763455347,-71.77432763455347
1948.1200546216965,-71.7768029152663,-71.7768029152663
1948.1300546216964,-71.77927015411069,-71.77927015411069
1948.1400546216964,-71.78172958760231,-71.78172958760231
1948.1500546216964,-71.78418144818303,-71.78418144818303
1948.1600546216964,-71.78662596448125,-71.78662596448125
1948.1700546216964,-71.78906336158533,-71.78906336158533
1948.1800546216964,-71.7914938613098,-71.7914938613098
1948.1900546216964,-71.79391768239662,-71.79391768239662
1948.2000546455383,-71.79633504647259,-71.79633504647259
1948.2100546455383,-71.79874615517738,-71.79874615517738
1948.2200546455383,-71.80115122489919,-71.80115122489919
1948.2300546455383,-71.80355046379546,-71.80355046379546
1948.2400546455383,-71.80594407767994,-71.80594407767994
1948.2500546455383,-71.80833227010886,-71.80833227010886
1948.2600546455383,-71.81071524243403,-71.81071524243403
1948.2700546455383,-71.81309319386196,-71.81309319386196
1948.2800546455383,-71.81546632150678,-71.81546632150678
1948.2900546455382,-71.81783482041274,-71.81783482041274
1948.3000546455382,-71.82019888358148,-71.82019888358148
1948.3100546455382,-71.82255870198968,-71.82255870198968
1948.3200546455382,-71.82491446462302,-71.82491446462302
1948.3300546455384,-71.8272663584584,-71.8272663584584
1948.3400546455384,-71.82961456848876,-71.82961456848876
1948.3500546455384,-71.83195927772952,-71.83195927772952
1948.3600546455384,-71.83430066721151,-71.83430066721151
1948.3700546455384,-71.83663891597831,-71.83663891597831
1948.3800546455384,-71.83897420111295,-71.83897420111295
1948.3900546455384,-71.84130669769593,-71.84130669769593
1948.4000546455384,-71.84363657883996,-71.84363657883996
1948.4100546455384,-71.84596401566289,-71.84596401566289
1948.4200546455384,-71.84828917729628,-71.84828917729628
1948.4300546455383,-71.85061223088418,-71.85061223088418
1948.4400546455383,-71.85293334157811,-71.85293334157811
1948.4500546455383,-71.85525267254431,-71.85525267254431
1948.4600546455383,-71.85757038493664,-71.85757038493664
1948.4700546455383,-71.8598866379284,-71.8598866379284
1948.4800546455383,-71.86220158868358,-71.86220158868358
1948.4900546455383,-71.86451539238712,-71.86451539238712
1948.5000546455383,-71.86682820222161,-71.86682820222161
1948.5100546455383,-71.86914016937301,-71.86914016937301
1948.5200546455383,-71.871451443043,-71.871451443043
1948.5300546455383,-71.87376217044607,-71.87376217044607
1948.5400546455382,-71.8760724967983,-71.8760724967983
1948.5500546455382,-71.87838256535554,-71.87838256535554
1948.5600546455382,-71.88069251738958,-71.88069251738958
1948.5700546455382,-71.88300249220703,-71.88300249220703
1948.5800546455384,-71.88531262714507,-71.88531262714507
1948.5900546455384,-71.88762305758593,-71.88762305758593
1948.6000546455384,-71.88993391696981,-71.88993391696981
1948.6100546455384,-71.89224533679806,-71.89224533679806
1948.6200546455384,-71.89455744663793,-71.89455744663793
1948.6300546455384,-71.89687037412118,-71.89687037412118
1948.6400546455384,-71.89918424498251,-71.89918424498251
1948.6500546455384,-71.90149918305131,-71.90149918305131
1948.6600546455384,-71.9038153102576,-71.9038153102576
1948.6700546455384,-71.90613274665884,-71.90613274665884
1948.6800546455383,-71.9084516104423,-71.9084516104423
1948.6900546455383,-71.91077201793813,-71.91077201793813
1948.7000546455383,-71.91309408362346,-71.91309408362346
1948.7100546455383,-71.91541792015383,-71.91541792015383
1948.7200546455383,-71.91774363836724,-71.91774363836724
1948.7300546455383,-71.9200713472848,-71.9200713472848
1948.7400546455383,-71.9224011541532,-71.9224011541532
1948.7500546455383,-71.9247331644228,-71.9247331644228
1948.7600546455383,-71.92706748179945,-71.92706748179945
1948.7700546455383,-71.92940420823224,-71.92940420823224
1948.7800546455383,-71.93174344393843,-71.93174344393843
1948.7900546455382,-71.93408528741574,-71.93408528741574
1948.8000546455382,-71.93642983545523,-71.93642983545523
1948.8100546455382,-71.93877718317093,-71.93877718317093
1948.8200546455382,-71.941127424002,-71.941127424002
1948.8300546455384,-71.94348064972178,-71.94348064972178
1948.8400546455384,-71.94583695047736,-71.94583695047736
1948.8500546455384,-71.94819641479066,-71.94819641479066
1948.8600546455384,-71.95055912956789,-71.95055912956789
1948.8700546455384,-71.95292518012462,-71.95292518012462
1948.8800546455384,-71.95529465020711,-71.95529465020711
1948.8900546455384,-71.95766762200405,-71.95766762200405
1948.9000546455384,-71.96004417615094,-71.96004417615094
1948.9100546455384,-71.96242439177725,-71.96242439177725
1948.9200546455384,-71.96480834648138,-71.96480834648138
1948.9300546455383,-71.96719611638143,-71.96719611638143
1948.9400546455383,-71.96958777612186,-71.96958777612186
1948.9500546455383,-71.97198339887844,-71.97198339887844
1948.9600546455383,-71.97438305639626,-71.97438305639626
1948.9700546455383,-71.97678681898097,-71.97678681898097
1948.9800546455383,-71.97919475554275,-71.97919475554275
1948.9900546455383,-71.98160693358872,-71.98160693358872
1949.0000546455383,-71.98402341924736,-71.98402341924736
1949.0100546455383,-71.98644427729465,-71.98644427729465
1949.0200546455383,-71.98886957116596,-71.98886957116596
1949.0300546455383,-71.9912993629537,-71.9912993629537
1949.0400546455382,-71.99373371346626,-71.99373371346626
1949.0500546693802,-71.99617268799129,-71.99617268799129
1949.0600546693802,-71.99861633315851,-71.99861633315851
1949.0700546693802,-72.00106471170362,-72.00106471170362
1949.0800546693802,-72.00351787934446,-72.00351787934446
1949.0900546693802,-72.00597589055283,-72.00597589055283
1949.1000546693801,-72.00843879859957,-72.00843879859957
1949.1100546693801,-72.0109066555413,-72.0109066555413
1949.1200546693801,-72.01337951226333,-72.01337951226333
1949.1300546693801,-72.01585741847883,-72.01585741847883
1949.14005466938,-72.0183404227387,-72.0183404227387
1949.15005466938,-72.02082857247039,-72.02082857247039
1949.16005466938,-72.02332191396698,-72.02332191396698
1949.17005466938,-72.02582049241715,-72.02582049241715
1949.1800546693803,-72.02832435192931,-72.02832435192931
1949.1900546693803,-72.0308335355156,-72.0308335355156
1949.2000546693803,-72.0333480851334,-72.0333480851334
1949.2100546693803,-72.0358680416917,-72.0358680416917
1949.2200546693803,-72.03839344506943,-72.03839344506943
1949.2300546693803,-72.04092433410806,-72.04092433410806
1949.2400546693802,-72.04346074666284,-72.04346074666284
1949.2500546693802,-72.04600271959534,-72.04600271959534
1949.2600546693802,-72.04855028878175,-72.04855028878175
1949.2700546693802,-72.05110348912753,-72.05110348912753
1949.2800546693802,-72.05366235459881,-72.05366235459881
1949.2900546693802,-72.05622691822752,-72.05622691822752
1949.3000546693802,-72.05879721210863,-72.05879721210863
1949.3100546693802,-72.06137326743341,-72.06137326743341
1949.3200546693802,-72.06395511449773,-72.06395511449773
1949.3300546693802,-72.06654278270425,-72.06654278270425
1949.3400546693802,-72.06913630059216,-72.06913630059216
1949.3500546693801,-72.07173569584093,-72.07173569584093
1949.3600546693801,-72.07434099527599,-72.07434099527599
1949.3700546693801,-72.07695222489671,-72.07695222489671
1949.3800546693801,-72.07956940986875,-72.07956940986875
1949.39005466938,-72.08219257455968,-72.08219257455968
1949.40005466938,-72.0848217425373,-72.0848217425373
1949.41005466938,-72.08745693657669,-72.08745693657669
1949.42005466938,-72.0900981786753,-72.0900981786753
1949.4300546693803,-72.09274549007772,-72.09274549007772
1949.4400546693803,-72.09539889126769,-72.09539889126769
1949.4500546693803,-72.09805840200316,-72.09805840200316
1949.4600546693803,-72.10071775283225,-72.10071775283225
1949.4700546693803,-72.10337420775926,-72.10337420775926
1949.4800546693803,-72.10602644314753,-72.10602644314753
1949.4900546693802,-72.10867378892922,-72.10867378892922
1949.5000546693802,-72.11131593900292,-72.11131593900292
1949.5100546693802,-72.11395280080298,-72.11395280080298
1949.5200546693802,-72.11658440708567,-72.11658440708567
1949.5300546693802,-72.11921086293052,-72.11921086293052
1949.5400546693802,-72.12183231386345,-72.12183231386345
1949.5500546693802,-72.12444892670274,-72.12444892670274
1949.5600546693802,-72.1270608781811,-72.1270608781811
1949.5700546693802,-72.12966834821604,-72.12966834821604
1949.5800546693802,-72.13227151608649,-72.13227151608649
1949.5900546693802,-72.13487055831527,-72.13487055831527
1949.6000546693801,-72.13746564764615,-72.13746564764615
1949.6100546693801,-72.14005695257278,-72.14005695257278
1949.6200546693801,-72.14264463731662,-72.14264463731662
1949.6300546693801,-72.14522886196761,-72.14522886196761
1949.64005466938,-72.14780978271371,-72.14780978271371
1949.65005466938,-72.15038755212974,-72.15038755212974
1949.66005466938,-72.15296231949607,-72.15296231949607
1949.67005466938,-72.15553423105443,-72.15553423105443
1949.6800546693803,-72.15810343029602,-72.15810343029602
1949.6900546693803,-72.1606700581823,-72.1606700581823
1949.7000546693803,-72.1632342533417,-72.1632342533417
1949.7100546693803,-72.16579615227252,-72.16579615227252
1949.7200546693803,-72.16835588947312,-72.16835588947312
1949.7300546693803,-72.1709135975895,-72.1709135975895
1949.7400546693802,-72.173469407517,-72.173469407517
1949.7500546693802,-72.17602344848909,-72.17602344848909
1949.7600546693802,-72.17857584816493,-72.17857584816493
1949.7700546693802,-72.1811267327013,-72.1811267327013
1949.7800546693802,-72.18367622675552,-72.18367622675552
1949.7900546693802,-72.18622445359132,-72.18622445359132
1949.8000546693802,-72.18877153508576,-72.18877153508576
1949.8100546693802,-72.19131759175028,-72.19131759175028
1949.8200546693802,-72.19386274276438,-72.19386274276438
1949.8300546693802,-72.19640710597454,-72.19640710597454
1949.8400546693802,-72.19895079793112,-72.19895079793112
1949.8500546693801,-72.20149393389073,-72.20149393389073
1949.8600546693801,-72.20403662781281,-72.20403662781281
1949.8700546693801,-72.20657899237425,-72.20657899237425
1949.8800546693801,-72.20912113897329,-72.20912113897329
1949.89005466938,-72.21166317773853,-72.21166317773853
1949.900054693222,-72.2142052235508,-72.2142052235508
1949.910054693222,-72.21674737187459,-72.21674737187459
1949.920054693222,-72.21928973503574,-72.21928973503574
1949.930054693222,-72.2218324180477,-72.2218324180477
1949.940054693222,-72.22437552463452,-72.22437552463452
1949.950054693222,-72.22691915724191,-72.22691915724191
1949.960054693222,-72.22946341702682,-72.22946341702682
1949.970054693222,-72.23200840387187,-72.23200840387187
1949.980054693222,-72.23455421636862,-72.23455421636862
1949.990054693222,-72.23710095183867,-72.23710095183867
1950.000054693222,-72.23964870629686,-72.23964870629686
1950.010054693222,-72.24219757449973,-72.24219757449973
1950.020054693222,-72.24473810496367,-72.24473810496367
1950.0300546932222,-72.24725895757746,-72.24725895757746
1950.0400546932221,-72.2497502079368,-72.2497502079368
1950.0500546932221,-72.25220387883094,-72.25220387883094
1950.0600546932221,-72.25461366276056,-72.25461366276056
1950.0700546932221,-72.25697454515465,-72.25697454515465
1950.080054693222,-72.25928250085441,-72.25928250085441
1950.090054693222,-72.26153427634071,-72.26153427634071
1950.100054693222,-72.2637272359911,-72.2637272359911
1950.110054693222,-72.2658592511886,-72.2658592511886
1950.120054693222,-72.26792861727864,-72.26792861727864
1950.130054693222,-72.2699339888628,-72.2699339888628
1950.140054693222,-72.2718743277495,-72.2718743277495
1950.150054693222,-72.27374885996912,-72.27374885996912
1950.160054693222,-72.27555703961924,-72.27555703961924
1950.170054693222,-72.2772985181664,-72.2772985181664
1950.180054693222,-72.2789731180722,-72.2789731180722
1950.190054693222,-72.28058081009362,-72.28058081009362
1950.200054693222,-72.28212169361362,-72.28212169361362
1950.210054693222,-72.28359597959712,-72.28359597959712
1950.220054693222,-72.28500397580316,-72.28500397580316
1950.230054693222,-72.28634607383776,-72.28634607383776
1950.240054693222,-72.28762273794761,-72.28762273794761
1950.250054693222,-72.2888344951619,-72.2888344951619
1950.260054693222,-72.28998192672894,-72.28998192672894
1950.270054693222,-72.29106566055873,-72.29106566055873
1950.2800546932222,-72.29208636466294,-72.29208636466294
1950.2900546932221,-72.29304474133671,-72.29304474133671
1950.3000546932221,-72.29394152208985,-72.29394152208985
1950.3100546932221,-72.29477746316452,-72.29477746316452
1950.3200546932221,-72.29555334159633,-72.29555334159633
1950.330054693222,-72.29626995173578,-72.29626995173578
1950.340054693222,-72.29692810221256,-72.29692810221256
1950.350054693222,-72.29752861319547,-72.29752861319547
1950.360054693222,-72.29807231405111,-72.29807231405111
1950.370054693222,-72.29856004119013,-72.29856004119013
1950.380054693222,-72.29899263624773,-72.29899263624773
1950.390054693222,-72.29937094443302,-72.29937094443302
1950.400054693222,-72.29969581305593,-72.29969581305593
1950.410054693222,-72.29996809024765,-72.29996809024765
1950.420054693222,-72.30018862386837,-72.30018862386837
1950.430054693222,-72.30035826044197,-72.30035826044197
1950.440054693222,-72.30047784433317,-72.30047784433317
1950.450054693222,-72.30054821693352,-72.30054821693352
1950.460054693222,-72.30057021599636,-72.30057021599636
1950.470054693222,-72.30054467503089,-72.30054467503089
1950.480054693222,-72.3004724227595,-72.3004724227595
1950.490054693222,-72.30035428267374,-72.30035428267374
1950.500054693222,-72.3001910726359,-72.3001910726359
1950.510054693222,-72.2999836045076,-72.2999836045076
1950.520054693222,-72.29973268385066,-72.29973268385066
1950.5300546932222,-72.29943910966949,-72.29943910966949
1950.5400546932221,-72.29910367418248,-72.29910367418248
1950.5500546932221,-72.29872716262341,-72.29872716262341
1950.5600546932221,-72.2983103530762,-72.2983103530762
1950.5700546932221,-72.29785401634362,-72.29785401634362
1950.580054693222,-72.2973589158226,-72.2973589158226
1950.590054693222,-72.29682580742045,-72.29682580742045
1950.600054693222,-72.29625543946425,-72.29625543946425
1950.610054693222,-72.29564855266473,-72.29564855266473
1950.620054693222,-72.29500588004032,-72.29500588004032
1950.630054693222,-72.29432814691312,-72.29432814691312
1950.640054693222,-72.29361607088586,-72.29361607088586
1950.650054693222,-72.29287036181046,-72.29287036181046
1950.660054693222,-72.29209172182036,-72.29209172182036
1950.670054693222,-72.29128084531625,-72.29128084531625
1950.680054693222,-72.29043841898373,-72.29043841898373
1950.690054693222,-72.28956512182774,-72.28956512182774
1950.700054693222,-72.28866162519786,-72.28866162519786
1950.710054693222,-72.28772859280224,-72.28772859280224
1950.720054693222,-72.2867666807703,-72.2867666807703
1950.730054693222,-72.28577653768279,-72.28577653768279
1950.740054693222,-72.284758804615,-72.284758804615
1950.750054717064,-72.28371411269995,-72.28371411269995
1950.760054717064,-72.2826430930759,-72.2826430930759
1950.7700547170639,-72.2815463621814,-72.2815463621814
1950.7800547170639,-72.28042453159335,-72.28042453159335
1950.7900547170639,-72.27927820564281,-72.27927820564281
1950.8000547170639,-72.27810798147563,-72.27810798147563
1950.8100547170638,-72.27691444913354,-72.27691444913354
1950.8200547170638,-72.2756981915779,-72.2756981915779
1950.8300547170638,-72.27445978477832,-72.27445978477832
1950.8400547170638,-72.27319979776601,-72.27319979776601
1950.8500547170638,-72.2719187926961,-72.2719187926961
1950.8600547170638,-72.27061732490579,-72.27061732490579
1950.8700547170638,-72.269295942988,-72.269295942988
1950.880054717064,-72.26795518885169,-72.26795518885169
1950.890054717064,-72.26659559777742,-72.26659559777742
1950.900054717064,-72.2652176984874,-72.2652176984874
1950.910054717064,-72.26382201321293,-72.26382201321293
1950.920054717064,-72.2624090577504,-72.2624090577504
1950.930054717064,-72.26097934152854,-72.26097934152854
1950.940054717064,-72.25953336767142,-72.25953336767142
1950.950054717064,-72.25807163305,-72.25807163305
1950.960054717064,-72.2565883264819,-72.2565883264819
1950.970054717064,-72.25508117253013,-72.25508117253013
1950.980054717064,-72.25354930680366,-72.25354930680366
1950.990054717064,-72.25199251560348,-72.25199251560348
1951.000054717064,-72.25041094553933,-72.25041094553933
1951.010054717064,-72.24880495264047,-72.24880495264047
1951.0200547170639,-72.247175013794,-72.247175013794
1951.0300547170639,-72.24552167355085,-72.24552167355085
1951.0400547170639,-72.24384551210007,-72.24384551210007
1951.0500547170639,-72.24214712604453,-72.24214712604453
1951.0600547170638,-72.24042711698196,-72.24042711698196
1951.0700547170638,-72.23868608478229,-72.23868608478229
1951.0800547170638,-72.2369246237464,-72.2369246237464
1951.0900547170638,-72.23514332054518,-72.23514332054518
1951.1000547170638,-72.23334275317255,-72.23334275317255
1951.1100547170638,-72.23152349058832,-72.23152349058832
1951.1200547170638,-72.2296860926861,-72.2296860926861
1951.130054717064,-72.22783111048984,-72.22783111048984
1951.140054717064,-72.22595908643045,-72.22595908643045
1951.150054717064,-72.22407055470987,-72.22407055470987
1951.160054717064,-72.22216604160472,-72.22216604160472
1951.170054717064,-72.22024606583803,-72.22024606583803
1951.180054717064,-72.21831113886502,-72.21831113886502
1951.190054717064,-72.216361765167,-72.216361765167
1951.200054717064,-72.21439844248205,-72.21439844248205
1951.210054717064,-72.2124216620645,-72.2124216620645
1951.220054717064,-72.21043190884562,-72.21043190884562
1951.230054717064,-72.20842966164676,-72.20842966164676
1951.240054717064,-72.2064153932919,-72.2064153932919
1951.250054717064,-72.204389570796,-72.204389570796
1951.260054717064,-72.20235265542993,-72.20235265542993
1951.2700547170639,-72.20030510287089,-72.20030510287089
1951.2800547170639,-72.19824736327256,-72.19824736327256
1951.2900547170639,-72.19617988134921,-72.19617988134921
1951.3000547170639,-72.1941030964723,-72.1941030964723
1951.3100547170638,-72.19201744270781,-72.19201744270781
1951.3200547170638,-72.18992334891507,-72.18992334891507
1951.3300547170638,-72.18782123877091,-72.18782123877091
1951.3400547170638,-72.18571153083818,-72.18571153083818
1951.3500547170638,-72.18359463861636,-72.18359463861636
1951.3600547170638,-72.18147097057502,-72.18147097057502
1951.3700547170638,-72.1793409302241,-72.1793409302241
1951.380054717064,-72.17720491611134,-72.17720491611134
1951.390054717064,-72.17506332189967,-72.17506332189967
1951.400054717064,-72.17291653639879,-72.17291653639879
1951.410054717064,-72.17076494359065,-72.17076494359065
1951.420054717064,-72.16860892267202,-72.16860892267202
1951.430054717064,-72.1664488480895,-72.1664488480895
1951.440054717064,-72.16428508955964,-72.16428508955964
1951.450054717064,-72.16211801213997,-72.16211801213997
1951.460054717064,-72.15994168344231,-72.15994168344231
1951.470054717064,-72.15775370360714,-72.15775370360714
1951.480054717064,-72.15555308354246,-72.15555308354246
1951.490054717064,-72.15333948559761,-72.15333948559761
1951.500054717064,-72.15111293351106,-72.15111293351106
1951.510054717064,-72.14887366163158,-72.14887366163158
1951.5200547170639,-72.14662202640201,-72.14662202640201
1951.5300547170639,-72.14435845318582,-72.14435845318582
1951.5400547170639,-72.1420834042066,-72.1420834042066
1951.5500547170639,-72.13979735935942,-72.13979735935942
1951.5600547170638,-72.13750080469136,-72.13750080469136
1951.5700547170638,-72.13519422573006,-72.13519422573006
1951.5800547170638,-72.13287810357077,-72.13287810357077
1951.5900547170638,-72.1305529128095,-72.1305529128095
1951.6000547409058,-72.12821911493461,-72.12821911493461
1951.6100547409058,-72.12587718012679,-72.12587718012679
1951.6200547409057,-72.1235275539747,-72.1235275539747
1951.6300547409057,-72.12117067975429,-72.12117067975429
1951.6400547409057,-72.11880699320385,-72.11880699320385
1951.6500547409057,-72.11643692283863,-72.11643692283863
1951.6600547409057,-72.11406089027713,-72.11406089027713
1951.6700547409057,-72.11167931056312,-72.11167931056312
1951.6800547409057,-72.10929259243792,-72.10929259243792
1951.6900547409057,-72.10690113863193,-72.10690113863193
1951.7000547409057,-72.10450534610027,-72.10450534610027
1951.7100547409057,-72.10210560620679,-72.10210560620679
1951.7200547409057,-72.0997023049459,-72.0997023049459
1951.7300547409059,-72.09729582308348,-72.09729582308348
1951.7400547409059,-72.09488653630505,-72.09488653630505
1951.7500547409059,-72.09247481533497,-72.09247481533497
1951.7600547409058,-72.09006102605608,-72.09006102605608
1951.7700547409058,-72.08764552958516,-72.08764552958516
1951.7800547409058,-72.08522868237833,-72.08522868237833
1951.7900547409058,-72.08281083627374,-72.08281083627374
1951.8000547409058,-72.08039233860067,-72.08039233860067
1951.8100547409058,-72.07797353218858,-72.07797353218858
1951.8200547409058,-72.07555475547576,-72.07555475547576
1951.8300547409058,-72.07313634249245,-72.07313634249245
1951.8400547409058,-72.0707186229561,-72.0707186229561
1951.8500547409058,-72.06830192228098,-72.06830192228098
1951.8600547409058,-72.06588656163034,-72.06588656163034
1951.8700547409057,-72.06347285794679,-72.06347285794679
1951.8800547409057,-72.06106112398366,-72.06106112398366
1951.8900547409057,-72.0586516683326,-72.0586516683326
1951.9000547409057,-72.05624479546044,-72.05624479546044
1951.9100547409057,-72.05384080574018,-72.05384080574018
1951.9200547409057,-72.05143999547751,-72.05143999547751
1951.9300547409057,-72.04904265692812,-72.04904265692812
1951.9400547409057,-72.04664907833502,-72.04664907833502
1951.9500547409057,-72.04425954396125,-72.04425954396125
1951.9600547409057,-72.04186805271499,-72.04186805271499
1951.9700547409057,-72.03947213099644,-72.03947213099644
1951.9800547409059,-72.03707071434191,-72.03707071434191
1951.9900547409059,-72.03466338933663,-72.03466338933663
1952.0000547409059,-72.03225010400901,-72.03225010400901
1952.0100547409058,-72.02983101726628,-72.02983101726628
1952.0200547409058,-72.02740641054811,-72.02740641054811
1952.0300547409058,-72.02497663466937,-72.02497663466937
1952.0400547409058,-72.0225420778407,-72.0225420778407
1952.0500547409058,-72.02010314646161,-72.02010314646161
1952.0600547409058,-72.01766025365372,-72.01766025365372
1952.0700547409058,-72.01521381253534,-72.01521381253534
1952.0800547409058,-72.01276423237466,-72.01276423237466
1952.0900547409058,-72.01031191647623,-72.01031191647623
1952.1000547409058,-72.00785726115834,-72.00785726115834
1952.1100547409058,-72.00540065533727,-72.00540065533727
1952.1200547409057,-72.0029424804835,-72.0029424804835
1952.1300547409057,-72.00048311080906,-72.00048311080906
1952.1400547409057,-71.9980229135146,-71.9980229135146
1952.1500547409057,-71.99556224912904,-71.99556224912904
1952.1600547409057,-71.99310147182472,-71.99310147182472
1952.1700547409057,-71.99064092973377,-71.99064092973377
1952.1800547409057,-71.98818096523397,-71.98818096523397
1952.1900547409057,-71.98572191523141,-71.98572191523141
1952.2000547409057,-71.98326411137309,-71.98326411137309
1952.2100547409057,-71.98080788026056,-71.98080788026056
1952.2200547409057,-71.9783535436549,-71.9783535436549
1952.2300547409059,-71.97590141861062,-71.97590141861062
1952.2400547409059,-71.97345181762552,-71.97345181762552
1952.2500547409059,-71.9710050487591,-71.9710050487591
1952.2600547409058,-71.96856141574193,-71.96856141574193
1952.2700547409058,-71.96612121806933,-71.96612121806933
1952.2800547409058,-71.96368475107614,-71.96368475107614
1952.2900547409058,-71.96125230601014,-71.96125230601014
1952.3000547409058,-71.95882417009253,-71.95882417009253
1952.3100547409058,-71.95640062658093,-71.95640062658093
1952.3200547409058,-71.95398195480159,-71.95398195480159
1952.3300547409058,-71.95156843021729,-71.95156843021729
1952.3400547409058,-71.94916032445269,-71.94916032445269
1952.3500547409058,-71.94675790533864,-71.94675790533864
1952.3600547409058,-71.94436143692678,-71.94436143692678
1952.3700547409057,-71.9419711795534,-71.9419711795534
1952.3800547409057,-71.93958738985401,-71.93958738985401
1952.3900547409057,-71.93721032077883,-71.93721032077883
1952.4000547409057,-71.93484022163774,-71.93484022163774
1952.4100547409057,-71.9324773381256,-71.9324773381256
1952.4200547409057,-71.93012191234342,-71.93012191234342
1952.4300547409057,-71.92777418281766,-71.92777418281766
1952.4400547409057,-71.92543438453791,-71.92543438453791
1952.4500547647476,-71.92310274343095,-71.92310274343095
1952.4600547647476,-71.92077322893385,-71.92077322893385
1952.4700547647476,-71.91844331605132,-71.91844331605132
1952.4800547647476,-71.91611189245707,-71.91611189245707
1952.4900547647476,-71.91377849612779,-71.91377849612779
1952.5000547647476,-71.911443026267,-71.911443026267
1952.5100547647476,-71.90910559295925,-71.90910559295925
1952.5200547647476,-71.90676642899057,-71.90676642899057
1952.5300547647475,-71.90442583675221,-71.90442583675221
1952.5400547647475,-71.9020841563503,-71.9020841563503
1952.5500547647475,-71.89974174638704,-71.89974174638704
1952.5600547647475,-71.89739897255329,-71.89739897255329
1952.5700547647475,-71.89505620087836,-71.89505620087836
1952.5800547647477,-71.89271379392365,-71.89271379392365
1952.5900547647477,-71.8903721086669,-71.8903721086669
1952.6000547647477,-71.88803149546277,-71.88803149546277
1952.6100547647477,-71.88569229763088,-71.88569229763088
1952.6200547647477,-71.88335485145849,-71.88335485145849
1952.6300547647477,-71.88101948632041,-71.88101948632041
1952.6400547647477,-71.87868652498358,-71.87868652498358
1952.6500547647477,-71.87635628391489,-71.87635628391489
1952.6600547647477,-71.87402907359566,-71.87402907359566
1952.6700547647476,-71.87170519886398,-71.87170519886398
1952.6800547647476,-71.8693849591763,-71.8693849591763
1952.6900547647476,-71.86706864888777,-71.86706864888777
1952.7000547647476,-71.86475655747574,-71.86475655747574
1952.7100547647476,-71.86244896974996,-71.86244896974996
1952.7200547647476,-71.8601461660494,-71.8601461660494
1952.7300547647476,-71.85784842237891,-71.85784842237891
1952.7400547647476,-71.8555560105687,-71.8555560105687
1952.7500547647476,-71.85326919836308,-71.85326919836308
1952.7600547647476,-71.8509882495603,-71.8509882495603
1952.7700547647476,-71.848713424085,-71.848713424085
1952.7800547647475,-71.84644497806275,-71.84644497806275
1952.7900547647475,-71.84418316390118,-71.84418316390118
1952.8000547647475,-71.84192823034316,-71.84192823034316
1952.8100547647475,-71.83968042251533,-71.83968042251533
1952.8200547647475,-71.8374399819885,-71.8374399819885
1952.8300547647477,-71.83520714681696,-71.83520714681696
1952.8400547647477,-71.83298215157056,-71.83298215157056
1952.8500547647477,-71.83076522737244,-71.83076522737244
1952.8600547647477,-71.82855660193418,-71.82855660193418
1952.8700547647477,-71.82635649958426,-71.82635649958426
1952.8800547647477,-71.8241651412952,-71.8241651412952
1952.8900547647477,-71.8219827447021,-71.8219827447021
1952.9000547647477,-71.81980952415798,-71.81980952415798
1952.9100547647477,-71.81764569072,-71.81764569072
1952.9200547647476,-71.81549145219174,-71.81549145219174
1952.9300547647476,-71.81334701314555,-71.81334701314555
1952.9400547647476,-71.8112125749412,-71.8112125749412
1952.9500547647476,-71.80908833575596,-71.80908833575596
1952.9600547647476,-71.80697449060125,-71.80697449060125
1952.9700547647476,-71.8048712313451,-71.8048712313451
1952.9800547647476,-71.8027787467328,-71.8027787467328
1952.9900547647476,-71.80069722241737,-71.80069722241737
1953.0000547647476,-71.79862684096652,-71.79862684096652
1953.0100547647476,-71.79656778190271,-71.79656778190271
1953.0200547647476,-71.79452022171816,-71.79452022171816
1953.0300547647475,-71.79248433389371,-71.79248433389371
1953.0400547647475,-71.7904602889333,-71.7904602889333
1953.0500547647475,-71.78844825437054,-71.78844825437054
1953.0600547647475,-71.78644839480944,-71.78644839480944
1953.0700547647475,-71.78446087193886,-71.78446087193886
1953.0800547647477,-71.78248584456149,-71.78248584456149
1953.0900547647477,-71.78052346861259,-71.78052346861259
1953.1000547647477,-71.7785738971883,-71.7785738971883
1953.1100547647477,-71.7766372805699,-71.7766372805699
1953.1200547647477,-71.77471376624958,-71.77471376624958
1953.1300547647477,-71.77280349896112,-71.77280349896112
1953.1400547647477,-71.77090662068761,-71.77090662068761
1953.1500547647477,-71.76902327070951,-71.76902327070951
1953.1600547647477,-71.76715358561054,-71.76715358561054
1953.1700547647476,-71.76529769931466,-71.76529769931466
1953.1800547647476,-71.76345574311561,-71.76345574311561
1953.1900547647476,-71.76162784569497,-71.76162784569497
1953.2000547647476,-71.7598141331483,-71.7598141331483
1953.2100547647476,-71.75800847476596,-71.75800847476596
1953.2200547647476,-71.75620825516994,-71.75620825516994
1953.2300547647476,-71.75441226372354,-71.75441226372354
1953.2400547647476,-71.75261993935402,-71.75261993935402
1953.2500547647476,-71.7508310821609,-71.7508310821609
1953.2600547647476,-71.74904570344934,-71.74904570344934
1953.2700547647476,-71.74726393772082,-71.74726393772082
1953.2800547647475,-71.74548598977462,-71.74548598977462
1953.2900547647475,-71.74371210283459,-71.74371210283459
1953.3000547885895,-71.74194253522944,-71.74194253522944
1953.3100547885895,-71.74017756583142,-71.74017756583142
1953.3200547885895,-71.73841746209766,-71.73841746209766
1953.3300547885895,-71.7366624930809,-71.7366624930809
1953.3400547885894,-71.73491292313862,-71.73491292313862
1953.3500547885894,-71.73316901092187,-71.73316901092187
1953.3600547885894,-71.73143100895953,-71.73143100895953
1953.3700547885894,-71.72969916362035,-71.72969916362035
1953.3800547885894,-71.72797371531436,-71.72797371531436
1953.3900547885894,-71.72625489872689,-71.72625489872689
1953.4000547885894,-71.72454294317495,-71.72454294317495
1953.4100547885894,-71.72283807292771,-71.72283807292771
1953.4200547885894,-71.72114050748705,-71.72114050748705
1953.4300547885896,-71.71945046192371,-71.71945046192371
1953.4400547885896,-71.71776814710232,-71.71776814710232
1953.4500547885896,-71.71609376993977,-71.71609376993977
1953.4600547885896,-71.71442753359533,-71.71442753359533
1953.4700547885896,-71.7127696376684,-71.7127696376684
1953.4800547885895,-71.71112027833033,-71.71112027833033
1953.4900547885895,-71.70947964847497,-71.70947964847497
1953.5000547885895,-71.70784793783679,-71.70784793783679
1953.5100547885895,-71.70622533309532,-71.70622533309532
1953.5200547885895,-71.70461201793793,-71.70461201793793
1953.5300547885895,-71.70300817315876,-71.70300817315876
1953.5400547885895,-71.7014139767165,-71.7014139767165
1953.5500547885895,-71.69982960379048,-71.69982960379048
1953.5600547885895,-71.69825522682554,-71.69825522682554
1953.5700547885895,-71.69669101558593,-71.69669101558593
1953.5800547885895,-71.69513713717701,-71.69513713717701
1953.5900547885894,-71.69359375609079,-71.69359375609079
1953.6000547885894,-71.69206103423498,-71.69206103423498
1953.6100547885894,-71.69053913095814,-71.69053913095814
1953.6200547885894,-71.68902820306025,-71.68902820306025
1953.6300547885894,-71.68752840484049,-71.68752840484049
1953.6400547885894,-71.68603988809946,-71.68603988809946
1953.6500547885894,-71.68456280216203,-71.68456280216203
1953.6600547885894,-71.68309729389674,-71.68309729389674
1953.6700547885894,-71.68164350773225,-71.68164350773225
1953.6800547885896,-71.68020158567866,-71.68020158567866
1953.6900547885896,-71.67877166734272,-71.67877166734272
1953.7000547885896,-71.67735388993356,-71.67735388993356
1953.7100547885896,-71.67594838829403,-71.67594838829403
1953.7200547885896,-71.67455529490225,-71.67455529490225
1953.7300547885895,-71.67317473989644,-71.67317473989644
1953.7400547885895,-71.6718068510806,-71.6718068510806
1953.7500547885895,-71.67045175395947,-71.67045175395947
1953.7600547885895,-71.66910957172186,-71.66910957172186
1953.7700547885895,-71.66778042529556,-71.66778042529556
1953.7800547885895,-71.66646443333717,-71.66646443333717
1953.7900547885895,-71.66516171225346,-71.66516171225346
1953.8000547885895,-71.66387237621909,-71.66387237621909
1953.8100547885895,-71.6625965371916,-71.6625965371916
1953.8200547885895,-71.66133430493767,-71.66133430493767
1953.8300547885895,-71.66008578704354,-71.66008578704354
1953.8400547885894,-71.6588510889223,-71.6588510889223
1953.8500547885894,-71.65763031384529,-71.65763031384529
1953.8600547885894,-71.65642356295297,-71.65642356295297
1953.8700547885894,-71.6552309352879,-71.6552309352879
1953.8800547885894,-71.65405252778875,-71.65405252778875
1953.8900547885894,-71.6528884353198,-71.6528884353198
1953.9000547885894,-71.65173875068457,-71.65173875068457
1953.9100547885894,-71.65060356467686,-71.65060356467686
1953.9200547885894,-71.64948296604575,-71.64948296604575
1953.9300547885896,-71.64837704155279,-71.64837704155279
1953.9400547885896,-71.64728587597646,-71.64728587597646
1953.9500547885896,-71.64620955214356,-71.64620955214356
1953.9600547885896,-71.64514190699357,-71.64514190699357
1953.9700547885896,-71.64408028798903,-71.64408028798903
1953.9800547885895,-71.64302344555168,-71.64302344555168
1953.9900547885895,-71.64197077904639,-71.64197077904639
1954.0000547885895,-71.64092204884564,-71.64092204884564
1954.0100547885895,-71.63987722663683,-71.63987722663683
1954.0200547885895,-71.63883640758065,-71.63883640758065
1954.0300547885895,-71.63779975750067,-71.63779975750067
1954.0400547885895,-71.63676748109542,-71.63676748109542
1954.0500547885895,-71.63573980283334,-71.63573980283334
1954.0600547885895,-71.63471695560655,-71.63471695560655
1954.0700547885895,-71.63369917402514,-71.63369917402514
1954.0800547885895,-71.63268669060417,-71.63268669060417
1954.0900547885894,-71.6316797337002,-71.6316797337002
1954.1000547885894,-71.63067852645602,-71.63067852645602
1954.1100547885894,-71.62968328641824,-71.62968328641824
1954.1200547885894,-71.628694225501,-71.628694225501
1954.1300547885894,-71.62771155015396,-71.62771155015396
1954.1400547885894,-71.62673546162542,-71.62673546162542
1954.1500548124313,-71.62576615398315,-71.62576615398315
1954.1600548124313,-71.62480382366208,-71.62480382366208
1954.1700548124313,-71.62384865588828,-71.62384865588828
1954.1800548124313,-71.62290083424955,-71.62290083424955
1954.1900548124313,-71.62196053862482,-71.62196053862482
1954.2000548124313,-71.62102794539405,-71.62102794539405
1954.2100548124313,-71.62010322767071,-71.62010322767071
1954.2200548124313,-71.6191865554501,-71.6191865554501
1954.2300548124313,-71.61827809577143,-71.61827809577143
1954.2400548124313,-71.61737801284042,-71.61737801284042
1954.2500548124312,-71.6164864681667,-71.6164864681667
1954.2600548124312,-71.61560362060975,-71.61560362060975
1954.2700548124312,-71.61472962650807,-71.61472962650807
1954.2800548124314,-71.61386463971768,-71.61386463971768
1954.2900548124314,-71.61300881170054,-71.61300881170054
1954.3000548124314,-71.61216229153854,-71.61216229153854
1954.3100548124314,-71.61132522600444,-71.61132522600444
1954.3200548124314,-71.61049775960024,-71.61049775960024
1954.3300548124314,-71.60968003457666,-71.60968003457666
1954.3400548124314,-71.60887219096917,-71.60887219096917
1954.3500548124314,-71.60807436661942,-71.60807436661942
1954.3600548124314,-71.60728669719981,-71.60728669719981
1954.3700548124314,-71.60650931622294,-71.60650931622294
1954.3800548124314,-71.60574235508622,-71.60574235508622
1954.3900548124313,-71.60498594305442,-71.60498594305442
1954.4000548124313,-71.60424020729222,-71.60424020729222
1954.4100548124313,-71.60350527287343,-71.60350527287343
1954.4200548124313,-71.60278126279862,-71.60278126279862
1954.4300548124313,-71.60206829799743,-71.60206829799743
1954.4400548124313,-71.60136649734866,-71.60136649734866
1954.4500548124313,-71.60067597770286,-71.60067597770286
1954.4600548124313,-71.59999061430689,-71.59999061430689
1954.4700548124313,-71.59930779069008,-71.59930779069008
1954.4800548124313,-71.59862629222401,-71.59862629222401
1954.4900548124313,-71.59794555256136,-71.59794555256136
1954.5000548124312,-71.5972653659159,-71.5972653659159
1954.5100548124312,-71.59658573746316,-71.59658573746316
1954.5200548124312,-71.59590679557098,-71.59590679557098
1954.5300548124314,-71.59522873905031,-71.59522873905031
1954.5400548124314,-71.59455180537282,-71.59455180537282
1954.5500548124314,-71.59387625158192,-71.59387625158192
1954.5600548124314,-71.59320234296024,-71.59320234296024
1954.5700548124314,-71.59253034633998,-71.59253034633998
1954.5800548124314,-71.59186052627473,-71.59186052627473
1954.5900548124314,-71.59119314295707,-71.59119314295707
1954.6000548124314,-71.59052845118995,-71.59052845118995
1954.6100548124314,-71.58986669999167,-71.58986669999167
1954.6200548124314,-71.58920813253667,-71.58920813253667
1954.6300548124314,-71.58855298633486,-71.58855298633486
1954.6400548124313,-71.58790149349082,-71.58790149349082
1954.6500548124313,-71.5872538810152,-71.5872538810152
1954.6600548124313,-71.58661037112763,-71.58661037112763
1954.6700548124313,-71.58597118157921,-71.58597118157921
1954.6800548124313,-71.58533652592223,-71.58533652592223
1954.6900548124313,-71.58470661376232,-71.58470661376232
1954.7000548124313,-71.58408165098912,-71.58408165098912
1954.7100548124313,-71.58346183996869,-71.58346183996869
1954.7200548124313,-71.58284737971442,-71.58284737971442
1954.7300548124313,-71.58223846603833,-71.58223846603833
1954.7400548124313,-71.58163529167425,-71.58163529167425
1954.7500548124312,-71.58103804638004,-71.58103804638004
1954.7600548124312,-71.5804469170515,-71.5804469170515
1954.7700548124312,-71.5798620877881,-71.5798620877881
1954.7800548124314,-71.57928373994602,-71.57928373994602
1954.7900548124314,-71.57871205222793,-71.57871205222793
1954.8000548124314,-71.57814720071097,-71.57814720071097
1954.8100548124314,-71.57758935889383,-71.57758935889383
1954.8200548124314,-71.5770386977453,-71.5770386977453
1954.8300548124314,-71.57649538571359,-71.57649538571359
1954.8400548124314,-71.5759595887723,-71.5759595887723
1954.8500548124314,-71.57543147043829,-71.57543147043829
1954.8600548124314,-71.5749111918055,-71.5749111918055
1954.8700548124314,-71.57439891154286,-71.57439891154286
1954.8800548124314,-71.57389478591372,-71.57389478591372
1954.8900548124313,-71.5733989688182,-71.5733989688182
1954.9000548124313,-71.57291161177773,-71.57291161177773
1954.9100548124313,-71.57243286397107,-71.57243286397107
1954.9200548124313,-71.57196287223172,-71.57196287223172
1954.9300548124313,-71.57150178107771,-71.57150178107771
1954.9400548124313,-71.57104973270683,-71.57104973270683
1954.9500548124313,-71.5706068670073,-71.5706068670073
1954.9600548124313,-71.57016708533865,-71.57016708533865
1954.9700548124313,-71.56972779568761,-71.56972779568761
1954.9800548124313,-71.56928780693273,-71.56928780693273
1954.9900548124313,-71.5688465755662,-71.5688465755662
1955.0000548362732,-71.56840391707105,-71.56840391707105
1955.0100548362732,-71.56795986062664,-71.56795986062664
1955.0200548362732,-71.56751455510589,-71.56751455510589
1955.0300548362732,-71.56706822050644,-71.56706822050644
1955.0400548362732,-71.56662111518938,-71.56662111518938
1955.0500548362731,-71.56617351683009,-71.56617351683009
1955.0600548362731,-71.56572571103774,-71.56572571103774
1955.0700548362731,-71.56527798472762,-71.56527798472762
1955.0800548362731,-71.5648306222805,-71.5648306222805
1955.090054836273,-71.56438390346922,-71.56438390346922
1955.100054836273,-71.56393810244207,-71.56393810244207
1955.110054836273,-71.56349348731155,-71.56349348731155
1955.120054836273,-71.56305032012,-71.56305032012
1955.1300548362733,-71.56260885701421,-71.56260885701421
1955.1400548362733,-71.56216934849961,-71.56216934849961
1955.1500548362733,-71.56173203975855,-71.56173203975855
1955.1600548362733,-71.56129717097845,-71.56129717097845
1955.1700548362733,-71.56086497763256,-71.56086497763256
1955.1800548362733,-71.5604356907918,-71.5604356907918
1955.1900548362732,-71.56000953735271,-71.56000953735271
1955.2000548362732,-71.55958674028378,-71.55958674028378
1955.2100548362732,-71.55916751882258,-71.55916751882258
1955.2200548362732,-71.55875208863459,-71.55875208863459
1955.2300548362732,-71.55834066198273,-71.55834066198273
1955.2400548362732,-71.5579334478426,-71.5579334478426
1955.2500548362732,-71.55753065201272,-71.55753065201272
1955.2600548362732,-71.55713247722645,-71.55713247722645
1955.2700548362732,-71.55673912321109,-71.55673912321109
1955.2800548362732,-71.55635078677759,-71.55635078677759
1955.2900548362732,-71.55596766186554,-71.55596766186554
1955.3000548362731,-71.55558993960197,-71.55558993960197
1955.3100548362731,-71.55521780835898,-71.55521780835898
1955.3200548362731,-71.55485145377268,-71.55485145377268
1955.3300548362731,-71.55449105878122,-71.55449105878122
1955.340054836273,-71.55413680366549,-71.55413680366549
1955.350054836273,-71.55378886606287,-71.55378886606287
1955.360054836273,-71.55344742101042,-71.55344742101042
1955.370054836273,-71.55311264093787,-71.55311264093787
1955.3800548362733,-71.55278469571081,-71.55278469571081
1955.3900548362733,-71.55246375264406,-71.55246375264406
1955.4000548362733,-71.55214997650751,-71.55214997650751
1955.4100548362733,-71.55184352955928,-71.55184352955928
1955.4200548362733,-71.55154457154974,-71.55154457154974
1955.4300548362733,-71.55125325972918,-71.55125325972918
1955.4400548362732,-71.550969748895,-71.550969748895
1955.4500548362732,-71.55069419137328,-71.55069419137328
1955.4600548362732,-71.55042673703188,-71.55042673703188
1955.4700548362732,-71.55016753332542,-71.55016753332542
1955.4800548362732,-71.54991672527831,-71.54991672527831
1955.4900548362732,-71.54967445553,-71.54967445553
1955.5000548362732,-71.54944086431604,-71.54944086431604
1955.5100548362732,-71.54921608950463,-71.54921608950463
1955.5200548362732,-71.5490002665993,-71.5490002665993
1955.5300548362732,-71.54879352878208,-71.54879352878208
1955.5400548362732,-71.5485960068992,-71.5485960068992
1955.5500548362731,-71.54840782947619,-71.54840782947619
1955.5600548362731,-71.54822912275432,-71.54822912275432
1955.5700548362731,-71.54806001070884,-71.54806001070884
1955.5800548362731,-71.54790061504134,-71.54790061504134
1955.590054836273,-71.5477510552073,-71.5477510552073
1955.600054836273,-71.54761144845277,-71.54761144845277
1955.610054836273,-71.54748190980732,-71.54748190980732
1955.620054836273,-71.5473625521231,-71.5473625521231
1955.6300548362733,-71.547253486067,-71.547253486067
1955.6400548362733,-71.54715482016236,-71.54715482016236
1955.6500548362733,-71.54706666079521,-71.54706666079521
1955.6600548362733,-71.54698911224675,-71.54698911224675
1955.6700548362733,-71.54692227669412,-71.54692227669412
1955.6800548362733,-71.54686625425101,-71.54686625425101
1955.6900548362732,-71.54682114295946,-71.54682114295946
1955.7000548362732,-71.54678703883947,-71.54678703883947
1955.7100548362732,-71.54676403589649,-71.54676403589649
1955.7200548362732,-71.54675222612397,-71.54675222612397
1955.7300548362732,-71.54675169955732,-71.54675169955732
1955.7400548362732,-71.546762544271,-71.546762544271
1955.7500548362732,-71.54678484640016,-71.54678484640016
1955.7600548362732,-71.54681869017358,-71.54681869017358
1955.7700548362732,-71.54686415792222,-71.54686415792222
1955.7800548362732,-71.54692133009814,-71.54692133009814
1955.7900548362732,-71.54699028531527,-71.54699028531527
1955.8000548362731,-71.54707110034471,-71.54707110034471
1955.8100548362731,-71.54716385014936,-71.54716385014936
1955.8200548362731,-71.5472686078951,-71.5472686078951
1955.8300548362731,-71.54738544499173,-71.54738544499173
1955.840054836273,-71.54751443107634,-71.54751443107634
1955.850054860115,-71.54765563442787,-71.54765563442787
1955.860054860115,-71.54780912061682,-71.54780912061682
1955.870054860115,-71.54797495446628,-71.54797495446628
1955.880054860115,-71.54815319884148,-71.54815319884148
1955.890054860115,-71.54834391495586,-71.54834391495586
1955.900054860115,-71.54854716239977,-71.54854716239977
1955.910054860115,-71.54876299914855,-71.54876299914855
1955.920054860115,-71.54899148160249,-71.54899148160249
1955.930054860115,-71.54923266459511,-71.54923266459511
1955.940054860115,-71.54948660140161,-71.54948660140161
1955.950054860115,-71.54975334379004,-71.54975334379004
1955.960054860115,-71.55002670759079,-71.55002670759079
1955.970054860115,-71.55030401514169,-71.55030401514169
1955.9800548601152,-71.55058398989681,-71.55058398989681
1955.9900548601152,-71.55086600336185,-71.55086600336185
1956.0000548601151,-71.5511497876273,-71.5511497876273
1956.0100548601151,-71.5514352859273,-71.5514352859273
1956.0200548601151,-71.55172256500816,-71.55172256500816
1956.0300548601151,-71.55201176244256,-71.55201176244256
1956.040054860115,-71.55230305489872,-71.55230305489872
1956.050054860115,-71.55259663913863,-71.55259663913863
1956.060054860115,-71.5528927206853,-71.5528927206853
1956.070054860115,-71.55319150716934,-71.55319150716934
1956.080054860115,-71.55349320450199,-71.55349320450199
1956.090054860115,-71.55379801486404,-71.55379801486404
1956.100054860115,-71.55410613562732,-71.55410613562732
1956.110054860115,-71.554417758989,-71.554417758989
1956.120054860115,-71.55473307194077,-71.55473307194077
1956.130054860115,-71.55505225642587,-71.55505225642587
1956.140054860115,-71.55537548962288,-71.55537548962288
1956.150054860115,-71.55570294424797,-71.55570294424797
1956.160054860115,-71.55603478887647,-71.55603478887647
1956.170054860115,-71.55637118824863,-71.55637118824863
1956.180054860115,-71.55671230355249,-71.55671230355249
1956.190054860115,-71.55705829267973,-71.55705829267973
1956.200054860115,-71.55740931045696,-71.55740931045696
1956.210054860115,-71.5577592739391,-71.5577592739391
1956.220054860115,-71.55810560590582,-71.55810560590582
1956.2300548601152,-71.55844712927403,-71.55844712927403
1956.2400548601152,-71.55878331409701,-71.55878331409701
1956.2500548601151,-71.55911399013888,-71.55911399013888
1956.2600548601151,-71.55943919750364,-71.55943919750364
1956.2700548601151,-71.55975909907482,-71.55975909907482
1956.2800548601151,-71.56007392785952,-71.56007392785952
1956.290054860115,-71.5603839553079,-71.5603839553079
1956.300054860115,-71.56068947235077,-71.56068947235077
1956.310054860115,-71.56099077806215,-71.56099077806215
1956.320054860115,-71.5612881730419,-71.5612881730419
1956.330054860115,-71.56158195561345,-71.56158195561345
1956.340054860115,-71.56187241975218,-71.56187241975218
1956.350054860115,-71.56215985410196,-71.56215985410196
1956.360054860115,-71.5624445415387,-71.5624445415387
1956.370054860115,-71.56272675916384,-71.56272675916384
1956.380054860115,-71.56300677844388,-71.56300677844388
1956.390054860115,-71.56328486549454,-71.56328486549454
1956.400054860115,-71.5635612813905,-71.5635612813905
1956.410054860115,-71.56383628243856,-71.56383628243856
1956.420054860115,-71.56411012051952,-71.56411012051952
1956.430054860115,-71.56438304332666,-71.56438304332666
1956.440054860115,-71.56465529463448,-71.56465529463448
1956.450054860115,-71.56492711449904,-71.56492711449904
1956.460054860115,-71.56519250461831,-71.56519250461831
1956.470054860115,-71.56544897216061,-71.56544897216061
1956.4800548601152,-71.56569542389681,-71.56569542389681
1956.4900548601152,-71.56593141304656,-71.56593141304656
1956.5000548601151,-71.56615685184683,-71.56615685184683
1956.5100548601151,-71.56637186219285,-71.56637186219285
1956.5200548601151,-71.56657668803085,-71.56657668803085
1956.5300548601151,-71.56677164271566,-71.56677164271566
1956.540054860115,-71.56695707733934,-71.56695707733934
1956.550054860115,-71.56713336172943,-71.56713336172943
1956.560054860115,-71.56730087312147,-71.56730087312147
1956.570054860115,-71.5674599895524,-71.5674599895524
1956.580054860115,-71.56761108602872,-71.56761108602872
1956.590054860115,-71.56775453247336,-71.56775453247336
1956.600054860115,-71.56789069271156,-71.56789069271156
1956.610054860115,-71.56801992406062,-71.56801992406062
1956.620054860115,-71.56814257729383,-71.56814257729383
1956.630054860115,-71.5682589967981,-71.5682589967981
1956.640054860115,-71.56836952084065,-71.56836952084065
1956.650054860115,-71.56847448187078,-71.56847448187078
1956.660054860115,-71.56857420681844,-71.56857420681844
1956.670054860115,-71.56866901741122,-71.56866901741122
1956.680054860115,-71.56875923042759,-71.56875923042759
1956.690054860115,-71.56884515794984,-71.56884515794984
1956.700054883957,-71.56892710776651,-71.56892710776651
1956.710054883957,-71.56900538276858,-71.56900538276858
1956.720054883957,-71.5690802823489,-71.5690802823489
1956.7300548839569,-71.56915210167534,-71.56915210167534
1956.7400548839569,-71.56922113204445,-71.56922113204445
1956.7500548839569,-71.56928766099199,-71.56928766099199
1956.7600548839569,-71.5693519723533,-71.5693519723533
1956.7700548839568,-71.56941434635179,-71.56941434635179
1956.7800548839568,-71.56947505965424,-71.56947505965424
1956.7900548839568,-71.56953438543381,-71.56953438543381
1956.8000548839568,-71.56959259340672,-71.56959259340672
1956.8100548839568,-71.56964994986464,-71.56964994986464
1956.8200548839568,-71.56970671770672,-71.56970671770672
1956.830054883957,-71.56976315647883,-71.56976315647883
1956.840054883957,-71.56981952240638,-71.56981952240638
1956.850054883957,-71.5698760683875,-71.5698760683875
1956.860054883957,-71.56993304402818,-71.56993304402818
1956.870054883957,-71.56999069566297,-71.56999069566297
1956.880054883957,-71.57004926636486,-71.57004926636486
1956.890054883957,-71.57010899596118,-71.57010899596118
1956.900054883957,-71.57017012104913,-71.57017012104913
1956.910054883957,-71.5702328750132,-71.5702328750132
1956.920054883957,-71.57029748802992,-71.57029748802992
1956.930054883957,-71.57036418709508,-71.57036418709508
1956.940054883957,-71.57043319602089,-71.57043319602089
1956.950054883957,-71.5705047354638,-71.5705047354638
1956.960054883957,-71.57057278906565,-71.57057278906565
1956.970054883957,-71.57063484657392,-71.57063484657392
1956.9800548839569,-71.57068979744264,-71.57068979744264
1956.9900548839569,-71.57073717752667,-71.57073717752667
1957.0000548839569,-71.570776881517,-71.570776881517
1957.0100548839569,-71.57080901352099,-71.57080901352099
1957.0200548839568,-71.57083379943066,-71.57083379943066
1957.0300548839568,-71.5708515342061,-71.5708515342061
1957.0400548839568,-71.57086255019077,-71.57086255019077
1957.0500548839568,-71.57086719809006,-71.57086719809006
1957.0600548839568,-71.57086583564258,-71.57086583564258
1957.0700548839568,-71.57085882098075,-71.57085882098075
1957.080054883957,-71.57084650883213,-71.57084650883213
1957.090054883957,-71.57082924846975,-71.57082924846975
1957.100054883957,-71.57080738266774,-71.57080738266774
1957.110054883957,-71.57078124734592,-71.57078124734592
1957.120054883957,-71.57075117153411,-71.57075117153411
1957.130054883957,-71.57071747752931,-71.57071747752931
1957.140054883957,-71.57068048120551,-71.57068048120551
1957.150054883957,-71.57064049230473,-71.57064049230473
1957.160054883957,-71.5705978147826,-71.5705978147826
1957.170054883957,-71.57055274711173,-71.57055274711173
1957.180054883957,-71.57050558257889,-71.57050558257889
1957.190054883957,-71.57045660953523,-71.57045660953523
1957.200054883957,-71.57040611165246,-71.57040611165246
1957.210054883957,-71.5703481350239,-71.5703481350239
1957.220054883957,-71.5702802308216,-71.5702802308216
1957.2300548839569,-71.57020134885623,-71.57020134885623
1957.2400548839569,-71.57011108441571,-71.57011108441571
1957.2500548839569,-71.5700093907833,-71.5700093907833
1957.2600548839569,-71.56989642993224,-71.56989642993224
1957.2700548839568,-71.56977248491411,-71.56977248491411
1957.2800548839568,-71.56963790724038,-71.56963790724038
1957.2900548839568,-71.56949308524653,-71.56949308524653
1957.3000548839568,-71.56933842509702,-71.56933842509702
1957.3100548839568,-71.56917433950203,-71.56917433950203
1957.3200548839568,-71.56900124110972,-71.56900124110972
1957.330054883957,-71.56881953871448,-71.56881953871448
1957.340054883957,-71.56862963522897,-71.56862963522897
1957.350054883957,-71.56843192668094,-71.56843192668094
1957.360054883957,-71.56822680182127,-71.56822680182127
1957.370054883957,-71.56801464213929,-71.56801464213929
1957.380054883957,-71.56779582200218,-71.56779582200218
1957.390054883957,-71.56757070897237,-71.56757070897237
1957.400054883957,-71.56733966410165,-71.56733966410165
1957.410054883957,-71.56710304228085,-71.56710304228085
1957.420054883957,-71.5668611925301,-71.5668611925301
1957.430054883957,-71.56661445831412,-71.56661445831412
1957.440054883957,-71.56636317777895,-71.56636317777895
1957.450054883957,-71.56610768399521,-71.56610768399521
1957.460054883957,-71.56584830515573,-71.56584830515573
1957.470054883957,-71.56558536476389,-71.56558536476389
1957.4800548839569,-71.56531918177168,-71.56531918177168
1957.4900548839569,-71.56505007073474,-71.56505007073474
1957.5000548839569,-71.56477834189316,-71.56477834189316
1957.5100548839569,-71.56450430130134,-71.56450430130134
1957.5200548839568,-71.56422825090465,-71.56422825090465
1957.5300548839568,-71.56395048860107,-71.56395048860107
1957.5400548839568,-71.56367130832129,-71.56367130832129
1957.5500549077988,-71.56339099940439,-71.56339099940439
1957.5600549077988,-71.56310984932927,-71.56310984932927
1957.5700549077987,-71.56282813975406,-71.56282813975406
1957.5800549077987,-71.56254614920189,-71.56254614920189
1957.5900549077987,-71.56226415246304,-71.56226415246304
1957.6000549077987,-71.56198242058679,-71.56198242058679
1957.6100549077987,-71.56170122093987,-71.56170122093987
1957.6200549077987,-71.56142081722366,-71.56142081722366
1957.6300549077987,-71.5611414695026,-71.5611414695026
1957.6400549077987,-71.5608634342262,-71.5608634342262
1957.6500549077987,-71.5605869642495,-71.5605869642495
1957.6600549077987,-71.56031230886154,-71.56031230886154
1957.6700549077987,-71.56003971379933,-71.56003971379933
1957.6800549077989,-71.55976942127278,-71.55976942127278
1957.6900549077989,-71.55950166999784,-71.55950166999784
1957.7000549077989,-71.55923669519812,-71.55923669519812
1957.7100549077988,-71.5589747286443,-71.5589747286443
1957.7200549077988,-71.55871599865405,-71.55871599865405
1957.7300549077988,-71.55846073014297,-71.55846073014297
1957.7400549077988,-71.55820914462342,-71.55820914462342
1957.7500549077988,-71.5579614602382,-71.5579614602382
1957.7600549077988,-71.5577178917844,-71.5577178917844
1957.7700549077988,-71.55747865072274,-71.55747865072274
1957.7800549077988,-71.55724394522021,-71.55724394522021
1957.7900549077988,-71.55701398016727,-71.55701398016727
1957.8000549077988,-71.55678895719754,-71.55678895719754
1957.8100549077988,-71.55656907471489,-71.55656907471489
1957.8200549077987,-71.55635452791975,-71.55635452791975
1957.8300549077987,-71.55614550883601,-71.55614550883601
1957.8400549077987,-71.5559422063345,-71.5559422063345
1957.8500549077987,-71.55574480617086,-71.55574480617086
1957.8600549077987,-71.55555349099004,-71.55555349099004
1957.8700549077987,-71.55536844036196,-71.55536844036196
1957.8800549077987,-71.5551898308288,-71.5551898308288
1957.8900549077987,-71.55501783589615,-71.55501783589615
1957.9000549077987,-71.55485262609751,-71.55485262609751
1957.9100549077987,-71.5546943689967,-71.5546943689967
1957.9200549077987,-71.55454322922976,-71.55454322922976
1957.9300549077989,-71.55439936851634,-71.55439936851634
1957.9400549077989,-71.55426294571696,-71.55426294571696
1957.9500549077989,-71.55413411683335,-71.55413411683335
1957.9600549077988,-71.55401303505221,-71.55401303505221
1957.9700549077988,-71.55389985076687,-71.55389985076687
1957.9800549077988,-71.5537947116198,-71.5537947116198
1957.9900549077988,-71.5536977625163,-71.5536977625163
1958.0000549077988,-71.55360914566316,-71.55360914566316
1958.0100549077988,-71.55352900058949,-71.55352900058949
1958.0200549077988,-71.55345746419053,-71.55345746419053
1958.0300549077988,-71.55339467074629,-71.55339467074629
1958.0400549077988,-71.55334075194058,-71.55334075194058
1958.0500549077988,-71.55329583691645,-71.55329583691645
1958.0600549077988,-71.55326005228065,-71.55326005228065
1958.0700549077987,-71.55323352215501,-71.55323352215501
1958.0800549077987,-71.55321636818954,-71.55321636818954
1958.0900549077987,-71.55320870958633,-71.55320870958633
1958.1000549077987,-71.55321066315321,-71.55321066315321
1958.1100549077987,-71.55322234332218,-71.55322234332218
1958.1200549077987,-71.55324386214804,-71.55324386214804
1958.1300549077987,-71.55327532939451,-71.55327532939451
1958.1400549077987,-71.55331685250997,-71.55331685250997
1958.1500549077987,-71.55336853668487,-71.55336853668487
1958.1600549077987,-71.55343048487502,-71.55343048487502
1958.1700549077987,-71.55350279782553,-71.55350279782553
1958.1800549077989,-71.55358557411044,-71.55358557411044
1958.1900549077989,-71.55367891013479,-71.55367891013479
1958.2000549077989,-71.5537829001904,-71.5537829001904
1958.2100549077988,-71.5538914055758,-71.5538914055758
1958.2200549077988,-71.55400179436535,-71.55400179436535
1958.2300549077988,-71.5541128350281,-71.5541128350281
1958.2400549077988,-71.55422394322221,-71.55422394322221
1958.2500549077988,-71.55433489430561,-71.55433489430561
1958.2600549077988,-71.55444567396783,-71.55444567396783
1958.2700549077988,-71.55455639056957,-71.55455639056957
1958.2800549077988,-71.55466722248917,-71.55466722248917
1958.2900549077988,-71.55477838644403,-71.55477838644403
1958.3000549077988,-71.55489011847797,-71.55489011847797
1958.3100549077988,-71.55500266267121,-71.55500266267121
1958.3200549077987,-71.55511626449426,-71.55511626449426
1958.3300549077987,-71.5552311670368,-71.5552311670368
1958.3400549077987,-71.5553476089628,-71.5553476089628
1958.3500549077987,-71.55546582350674,-71.55546582350674
1958.3600549077987,-71.55558603811718,-71.55558603811718
1958.3700549077987,-71.55570847441055,-71.55570847441055
1958.3800549077987,-71.55583334838268,-71.55583334838268
1958.3900549077987,-71.55596087068206,-71.55596087068206
1958.4000549316406,-71.5560912472535,-71.5560912472535
1958.4100549316406,-71.55622467842709,-71.55622467842709
1958.4200549316406,-71.55636136108669,-71.55636136108669
1958.4300549316406,-71.55650148775017,-71.55650148775017
1958.4400549316406,-71.55664524710681,-71.55664524710681
1958.4500549316406,-71.55679282430643,-71.55679282430643
1958.4600549316406,-71.55694440112238,-71.55694440112238
1958.4700549316406,-71.55710015615385,-71.55710015615385
1958.4800549316406,-71.55726026496872,-71.55726026496872
1958.4900549316405,-71.55742490025341,-71.55742490025341
1958.5000549316405,-71.55759423191853,-71.55759423191853
1958.5100549316405,-71.55776842720881,-71.55776842720881
1958.5200549316405,-71.55794765078356,-71.55794765078356
1958.5300549316407,-71.5581320647808,-71.5581320647808
1958.5400549316407,-71.5583218289086,-71.5583218289086
1958.5500549316407,-71.55851710047754,-71.55851710047754
1958.5600549316407,-71.55871803444477,-71.55871803444477
1958.5700549316407,-71.55892478347069,-71.55892478347069
1958.5800549316407,-71.55913749794877,-71.55913749794877
1958.5900549316407,-71.55935632602888,-71.55935632602888
1958.6000549316407,-71.5595814136576,-71.5595814136576
1958.6100549316407,-71.55981290459944,-71.55981290459944
1958.6200549316407,-71.56005094044242,-71.56005094044242
1958.6300549316406,-71.56029566064132,-71.56029566064132
1958.6400549316406,-71.56054720252676,-71.56054720252676
1958.6500549316406,-71.56080570131303,-71.56080570131303
1958.6600549316406,-71.56107129012143,-71.56107129012143
1958.6700549316406,-71.56134410000257,-71.56134410000257
1958.6800549316406,-71.5616242599233,-71.5616242599233
1958.6900549316406,-71.56191189681435,-71.56191189681435
1958.7000549316406,-71.56220713556517,-71.56220713556517
1958.7100549316406,-71.56250386721456,-71.56250386721456
1958.7200549316406,-71.56279949011048,-71.56279949011048
1958.7300549316406,-71.5630928031801,-71.5630928031801
1958.7400549316405,-71.56338325264048,-71.56338325264048
1958.7500549316405,-71.56367064443955,-71.56367064443955
1958.7600549316405,-71.56395499485983,-71.56395499485983
1958.7700549316405,-71.56423644286566,-71.56423644286566
1958.7800549316407,-71.56451519741627,-71.56451519741627
1958.7900549316407,-71.5647915057773,-71.5647915057773
1958.8000549316407,-71.56506563451136,-71.56506563451136
1958.8100549316407,-71.565337858147,-71.565337858147
1958.8200549316407,-71.56560845255854,-71.56560845255854
1958.8300549316407,-71.56587769114769,-71.56587769114769
1958.8400549316407,-71.56614584280955,-71.56614584280955
1958.8500549316407,-71.566413170917,-71.566413170917
1958.8600549316407,-71.56667993294667,-71.56667993294667
1958.8700549316407,-71.56694638041499,-71.56694638041499
1958.8800549316406,-71.56721275910891,-71.56721275910891
1958.8900549316406,-71.56747930931913,-71.56747930931913
1958.9000549316406,-71.56774626617204,-71.56774626617204
1958.9100549316406,-71.568013859963,-71.568013859963
1958.9200549316406,-71.56828231646035,-71.56828231646035
1958.9300549316406,-71.56855185718295,-71.56855185718295
1958.9400549316406,-71.56882269967373,-71.56882269967373
1958.9500549316406,-71.5690950577305,-71.5690950577305
1958.9600549316406,-71.56936914159334,-71.56936914159334
1958.9700549316406,-71.56964515812038,-71.56964515812038
1958.9800549316406,-71.56992331095992,-71.56992331095992
1958.9900549316405,-71.57020380065279,-71.57020380065279
1959.0000549316405,-71.57048682476734,-71.57048682476734
1959.0100549316405,-71.57077257797991,-71.57077257797991
1959.0200549316405,-71.57106125217057,-71.57106125217057
1959.0300549316407,-71.57135303648062,-71.57135303648062
1959.0400549316407,-71.57164811736536,-71.57164811736536
1959.0500549316407,-71.57194667867925,-71.57194667867925
1959.0600549316407,-71.57224890168631,-71.57224890168631
1959.0700549316407,-71.57255496512107,-71.57255496512107
1959.0800549316407,-71.5728650451928,-71.5728650451928
1959.0900549316407,-71.57317931565323,-71.57317931565323
1959.1000549316407,-71.57349794778851,-71.57349794778851
1959.1100549316407,-71.5738211104721,-71.5738211104721
1959.1200549316407,-71.57414897015467,-71.57414897015467
1959.1300549316406,-71.57448169090348,-71.57448169090348
1959.1400549316406,-71.57481943440483,-71.57481943440483
1959.1500549316406,-71.57516236000184,-71.57516236000184
1959.1600549316406,-71.57551062467721,-71.57551062467721
1959.1700549316406,-71.57586438309988,-71.57586438309988
1959.1800549316406,-71.57622378761702,-71.57622378761702
1959.1900549316406,-71.57658898826507,-71.57658898826507
1959.2000549316406,-71.57696013280636,-71.57696013280636
1959.2100549316406,-71.57733736671794,-71.57733736671794
1959.2200549316406,-71.57772083321407,-71.57772083321407
1959.2300549316406,-71.57811067325918,-71.57811067325918
1959.2400549316405,-71.57850702557288,-71.57850702557288
1959.2500549554825,-71.57891002761272,-71.57891002761272
1959.2600549554825,-71.57931981176634,-71.57931981176634
1959.2700549554825,-71.57973651105915,-71.57973651105915
1959.2800549554825,-71.58016025539027,-71.58016025539027
1959.2900549554824,-71.58059117249826,-71.58059117249826
1959.3000549554824,-71.58102938795079,-71.58102938795079
1959.3100549554824,-71.58147502517504,-71.58147502517504
1959.3200549554824,-71.58192820547869,-71.58192820547869
1959.3300549554824,-71.58238904805181,-71.58238904805181
1959.3400549554824,-71.58285766999002,-71.58285766999002
1959.3500549554824,-71.58333418629367,-71.58333418629367
1959.3600549554824,-71.58381870991292,-71.58381870991292
1959.3700549554824,-71.58431135174868,-71.58431135174868
1959.3800549554826,-71.5848122206594,-71.5848122206594
1959.3900549554826,-71.5853214234938,-71.5853214234938
1959.4000549554826,-71.58583906510248,-71.58583906510248
1959.4100549554826,-71.58636524834331,-71.58636524834331
1959.4200549554826,-71.58690007412385,-71.58690007412385
1959.4300549554825,-71.5874436413914,-71.5874436413914
1959.4400549554825,-71.58799604717412,-71.58799604717412
1959.4500549554825,-71.58855738658816,-71.58855738658816
1959.4600549554825,-71.58912151830201,-71.58912151830201
1959.4700549554825,-71.58968580972476,-71.58968580972476
1959.4800549554825,-71.59024902947645,-71.59024902947645
1959.4900549554825,-71.59081059380524,-71.59081059380524
1959.5000549554825,-71.59137027896308,-71.59137027896308
1959.5100549554825,-71.59192807174824,-71.59192807174824
1959.5200549554825,-71.59248408184504,-71.59248408184504
1959.5300549554825,-71.59303848914116,-71.59303848914116
1959.5400549554824,-71.59359151201562,-71.59359151201562
1959.5500549554824,-71.59414338834215,-71.59414338834215
1959.5600549554824,-71.59469436418671,-71.59469436418671
1959.5700549554824,-71.59524468716091,-71.59524468716091
1959.5800549554824,-71.5957946026261,-71.5957946026261
1959.5900549554824,-71.59634435167314,-71.59634435167314
1959.6000549554824,-71.59689417007488,-71.59689417007488
1959.6100549554824,-71.59744428794566,-71.59744428794566
1959.6200549554824,-71.59799492969032,-71.59799492969032
1959.6300549554826,-71.59854631420498,-71.59854631420498
1959.6400549554826,-71.59909865514983,-71.59909865514983
1959.6500549554826,-71.59965216126068,-71.59965216126068
1959.6600549554826,-71.60020703669275,-71.60020703669275
1959.6700549554826,-71.60076348132961,-71.60076348132961
1959.6800549554825,-71.6013216910602,-71.6013216910602
1959.6900549554825,-71.60188185806211,-71.60188185806211
1959.7000549554825,-71.60244417101335,-71.60244417101335
1959.7100549554825,-71.60300881530605,-71.60300881530605
1959.7200549554825,-71.60357597321605,-71.60357597321605
1959.7300549554825,-71.60414582406979,-71.60414582406979
1959.7400549554825,-71.60471854436177,-71.60471854436177
1959.7500549554825,-71.6052943078787,-71.6052943078787
1959.7600549554825,-71.60587328578272,-71.60587328578272
1959.7700549554825,-71.60645564670855,-71.60645564670855
1959.7800549554825,-71.60704155681202,-71.60704155681202
1959.7900549554824,-71.6076311798673,-71.6076311798673
1959.8000549554824,-71.6082246772855,-71.6082246772855
1959.8100549554824,-71.60882220818094,-71.60882220818094
1959.8200549554824,-71.60942392939025,-71.60942392939025
1959.8300549554824,-71.61002999552093,-71.61002999552093
1959.8400549554824,-71.61064055897597,-71.61064055897597
1959.8500549554824,-71.61125576997466,-71.61125576997466
1959.8600549554824,-71.61187577657716,-71.61187577657716
1959.8700549554824,-71.61250072471682,-71.61250072471682
1959.8800549554826,-71.61313075819706,-71.61313075819706
1959.8900549554826,-71.61376601870991,-71.61376601870991
1959.9000549554826,-71.61440664587259,-71.61440664587259
1959.9100549554826,-71.61505277721093,-71.61505277721093
1959.9200549554826,-71.6157045482011,-71.6157045482011
1959.9300549554825,-71.61636209225838,-71.61636209225838
1959.9400549554825,-71.61702554075727,-71.61702554075727
1959.9500549554825,-71.61769502305602,-71.61769502305602
1959.9600549554825,-71.61837066648465,-71.61837066648465
1959.9700549554825,-71.61905259636754,-71.61905259636754
1959.9800549554825,-71.61974093604567,-71.61974093604567
1959.9900549554825,-71.62043580686378,-71.62043580686378
1960.0000549554825,-71.62113732820423,-71.62113732820423
1960.0100549554825,-71.62184561748077,-71.62184561748077
1960.0200549554825,-71.62256079015921,-71.62256079015921
1960.0300549554825,-71.6232829597774,-71.6232829597774
1960.0400549554824,-71.6240122379317,-71.6240122379317
1960.0500549554824,-71.62474873432413,-71.62474873432413
1960.0600549554824,-71.62549255674256,-71.62549255674256
1960.0700549554824,-71.62624381108763,-71.62624381108763
1960.0800549554824,-71.62700260139724,-71.62700260139724
1960.0900549554824,-71.62776902983371,-71.62776902983371
1960.1000549793243,-71.62854319856324,-71.62854319856324
1960.1100549793243,-71.6293252024109,-71.6293252024109
1960.1200549793243,-71.63011513985107,-71.63011513985107
1960.1300549793243,-71.63091310575051,-71.63091310575051
1960.1400549793243,-71.63171919317676,-71.63171919317676
1960.1500549793243,-71.63253349342524,-71.63253349342524
1960.1600549793243,-71.63335609601803,-71.63335609601803
1960.1700549793243,-71.63418708874084,-71.63418708874084
1960.1800549793243,-71.63502655765177,-71.63502655765177
1960.1900549793243,-71.63587458707826,-71.63587458707826
1960.2000549793242,-71.63673125966562,-71.63673125966562
1960.2100549793242,-71.63759665635735,-71.63759665635735
1960.2200549793242,-71.6384708564306,-71.6384708564306
1960.2300549793244,-71.63935393752122,-71.63935393752122
1960.2400549793244,-71.64024597561955,-71.64024597561955
1960.2500549793244,-71.6411470451054,-71.6411470451054
1960.2600549793244,-71.642057218744,-71.642057218744
1960.2700549793244,-71.64297656770795,-71.64297656770795
1960.2800549793244,-71.64390516161626,-71.64390516161626
1960.2900549793244,-71.64484306852144,-71.64484306852144
1960.3000549793244,-71.64579035493935,-71.64579035493935
1960.3100549793244,-71.64674708587076,-71.64674708587076
1960.3200549793244,-71.64771332481328,-71.64771332481328
1960.3300549793244,-71.64868913376003,-71.64868913376003
1960.3400549793243,-71.64967457324902,-71.64967457324902
1960.3500549793243,-71.65066970236371,-71.65066970236371
1960.3600549793243,-71.65167457874341,-71.65167457874341
1960.3700549793243,-71.65268925860657,-71.65268925860657
1960.3800549793243,-71.6537137967699,-71.6537137967699
1960.3900549793243,-71.65474824665962,-71.65474824665962
1960.4000549793243,-71.6557926603371,-71.6557926603371
1960.4100549793243,-71.65684708850632,-71.65684708850632
1960.4200549793243,-71.6579115805277,-71.6579115805277
1960.4300549793243,-71.65898618444831,-71.65898618444831
1960.4400549793243,-71.66007094701153,-71.66007094701153
1960.4500549793242,-71.66116591365085,-71.66116591365085
1960.4600549793242,-71.66227112855435,-71.66227112855435
1960.4700549793242,-71.66338663463979,-71.66338663463979
1960.4800549793244,-71.66451247358218,-71.66451247358218
1960.4900549793244,-71.66564868584504,-71.66564868584504
1960.5000549793244,-71.66679531067425,-71.66679531067425
1960.5100549793244,-71.66795238611576,-71.66795238611576
1960.5200549793244,-71.6691199490512,-71.6691199490512
1960.5300549793244,-71.67029803520076,-71.67029803520076
1960.5400549793244,-71.6714866791262,-71.6714866791262
1960.5500549793244,-71.67268591427201,-71.67268591427201
1960.5600549793244,-71.67389577295668,-71.67389577295668
1960.5700549793244,-71.67511628641601,-71.67511628641601
1960.5800549793244,-71.67634748477484,-71.67634748477484
1960.5900549793243,-71.67758939710701,-71.67758939710701
1960.6000549793243,-71.67884205142603,-71.67884205142603
1960.6100549793243,-71.6801054747097,-71.6801054747097
1960.6200549793243,-71.68137969289425,-71.68137969289425
1960.6300549793243,-71.68266473091731,-71.68266473091731
1960.6400549793243,-71.68396061272314,-71.68396061272314
1960.6500549793243,-71.68526736125524,-71.68526736125524
1960.6600549793243,-71.6865849985041,-71.6865849985041
1960.6700549793243,-71.68791354549619,-71.68791354549619
1960.6800549793243,-71.68925302232248,-71.68925302232248
1960.6900549793243,-71.69060344813612,-71.69060344813612
1960.7000549793242,-71.69196484118834,-71.69196484118834
1960.7100549793242,-71.69333721881594,-71.69333721881594
1960.7200549793242,-71.69472059747922,-71.69472059747922
1960.7300549793244,-71.69611499275558,-71.69611499275558
1960.7400549793244,-71.69752041936206,-71.69752041936206
1960.7500549793244,-71.6989368911734,-71.6989368911734
1960.7600549793244,-71.70036442121541,-71.70036442121541
1960.7700549793244,-71.70180302169696,-71.70180302169696
1960.7800549793244,-71.70325270402061,-71.70325270402061
1960.7900549793244,-71.70471347878247,-71.70471347878247
1960.8000549793244,-71.70618535578359,-71.70618535578359
1960.8100549793244,-71.707668344071,-71.707668344071
1960.8200549793244,-71.70916245190188,-71.70916245190188
1960.8300549793244,-71.7106676868026,-71.7106676868026
1960.8400549793243,-71.71218405554563,-71.71218405554563
1960.8500549793243,-71.71371156419393,-71.71371156419393
1960.8600549793243,-71.71525021806214,-71.71525021806214
1960.8700549793243,-71.71680002179026,-71.71680002179026
1960.8800549793243,-71.71836097929683,-71.71836097929683
1960.8900549793243,-71.71993309383525,-71.71993309383525
1960.9000549793243,-71.72151636796816,-71.72151636796816
1960.9100549793243,-71.72311080361398,-71.72311080361398
1960.9200549793243,-71.72471640201385,-71.72471640201385
1960.9300549793243,-71.7263331637965,-71.7263331637965
1960.9400549793243,-71.72796108893074,-71.72796108893074
1960.9500550031662,-71.72960018067998,-71.72960018067998
1960.9600550031662,-71.73125043002602,-71.73125043002602
1960.9700550031662,-71.7329118389645,-71.7329118389645
1960.9800550031662,-71.73458440505671,-71.73458440505671
1960.9900550031662,-71.73626812526994,-71.73626812526994
1961.0000550031662,-71.73796299599955,-71.73796299599955
1961.0100550031661,-71.73966901307789,-71.73966901307789
1961.0200550031661,-71.74138617177972,-71.74138617177972
1961.0300550031661,-71.74311446682826,-71.74311446682826
1961.0400550031661,-71.74485389242184,-71.74485389242184
1961.050055003166,-71.74660444222816,-71.74660444222816
1961.060055003166,-71.74836610938122,-71.74836610938122
1961.070055003166,-71.75013888652312,-71.75013888652312
1961.0800550031663,-71.75192276578842,-71.75192276578842
1961.0900550031663,-71.75371773881307,-71.75371773881307
1961.1000550031663,-71.75552379675143,-71.75552379675143
1961.1100550031663,-71.75734093027991,-71.75734093027991
1961.1200550031663,-71.7591691296046,-71.7591691296046
1961.1300550031663,-71.7610083844678,-71.7610083844678
1961.1400550031663,-71.76285868415998,-71.76285868415998
1961.1500550031662,-71.76472001753604,-71.76472001753604
1961.1600550031662,-71.76659237300859,-71.76659237300859
1961.1700550031662,-71.76847573854543,-71.76847573854543
1961.1800550031662,-71.7703701016987,-71.7703701016987
1961.1900550031662,-71.7722754496158,-71.7722754496158
1961.2000550031662,-71.77419176902667,-71.77419176902667
1961.2100550031662,-71.77611904625742,-71.77611904625742
1961.2200550031662,-71.77805726724371,-71.77805726724371
1961.2300550031662,-71.78000641754143,-71.78000641754143
1961.2400550031662,-71.78196648230809,-71.78196648230809
1961.2500550031662,-71.7839374463404,-71.7839374463404
1961.2600550031661,-71.78591929406815,-71.78591929406815
1961.2700550031661,-71.78791200956135,-71.78791200956135
1961.2800550031661,-71.78991557652006,-71.78991557652006
1961.2900550031661,-71.79192997831751,-71.79192997831751
1961.300055003166,-71.7939551979701,-71.7939551979701
1961.310055003166,-71.7959912181751,-71.7959912181751
1961.320055003166,-71.7980380212823,-71.7980380212823
1961.3300550031663,-71.80009558932927,-71.80009558932927
1961.3400550031663,-71.80216390404121,-71.80216390404121
1961.3500550031663,-71.8042429468175,-71.8042429468175
1961.3600550031663,-71.80633269876206,-71.80633269876206
1961.3700550031663,-71.80843314067313,-71.80843314067313
1961.3800550031663,-71.81054425306095,-71.81054425306095
1961.3900550031663,-71.81266601614658,-71.81266601614658
1961.4000550031662,-71.81479840986454,-71.81479840986454
1961.4100550031662,-71.81694141387193,-71.81694141387193
1961.4200550031662,-71.81909500755135,-71.81909500755135
1961.4300550031662,-71.82125917002516,-71.82125917002516
1961.4400550031662,-71.82343388014587,-71.82343388014587
1961.4500550031662,-71.82561911651644,-71.82561911651644
1961.4600550031662,-71.82781485748421,-71.82781485748421
1961.4700550031662,-71.83002108113939,-71.83002108113939
1961.4800550031662,-71.83223776534275,-71.83223776534275
1961.4900550031662,-71.83446488772016,-71.83446488772016
1961.5000550031662,-71.83670242565464,-71.83670242565464
1961.5100550031661,-71.83895035630346,-71.83895035630346
1961.5200550031661,-71.84120865660249,-71.84120865660249
1961.5300550031661,-71.84347730327512,-71.84347730327512
1961.5400550031661,-71.84575627280904,-71.84575627280904
1961.550055003166,-71.84804554150881,-71.84804554150881
1961.560055003166,-71.85034508545803,-71.85034508545803
1961.570055003166,-71.85265488053327,-71.85265488053327
1961.5800550031663,-71.85497490242871,-71.85497490242871
1961.5900550031663,-71.85730512663373,-71.85730512663373
1961.6000550031663,-71.85964552844887,-71.85964552844887
1961.6100550031663,-71.86199608300578,-71.86199608300578
1961.6200550031663,-71.86435676523476,-71.86435676523476
1961.6300550031663,-71.86672754989526,-71.86672754989526
1961.6400550031663,-71.86910841158111,-71.86910841158111
1961.6500550031662,-71.87149932470543,-71.87149932470543
1961.6600550031662,-71.87390026352222,-71.87390026352222
1961.6700550031662,-71.87631120212048,-71.87631120212048
1961.6800550031662,-71.87873211443515,-71.87873211443515
1961.6900550031662,-71.8811629742374,-71.8811629742374
1961.7000550031662,-71.8836037551619,-71.8836037551619
1961.7100550031662,-71.88604816412537,-71.88604816412537
1961.7200550031662,-71.88849343213953,-71.88849343213953
1961.7300550031662,-71.89093819884233,-71.89093819884233
1961.7400550031662,-71.89338175587396,-71.89338175587396
1961.7500550031662,-71.8958237581161,-71.8958237581161
1961.7600550031661,-71.89826407369624,-71.89826407369624
1961.7700550031661,-71.90070269599084,-71.90070269599084
1961.7800550031661,-71.90313969075689,-71.90313969075689
1961.7900550031661,-71.9055751643608,-71.9055751643608
1961.800055027008,-71.90800925047319,-71.90800925047319
1961.810055027008,-71.91044207551091,-71.91044207551091
1961.820055027008,-71.91287378675199,-71.91287378675199
1961.830055027008,-71.91530452532113,-71.91530452532113
1961.840055027008,-71.91773442988598,-71.91773442988598
1961.850055027008,-71.92016363563562,-71.92016363563562
1961.860055027008,-71.92259227385513,-71.92259227385513
1961.870055027008,-71.92502047187325,-71.92502047187325
1961.880055027008,-71.92744835320947,-71.92744835320947
1961.890055027008,-71.92987603783973,-71.92987603783973
1961.900055027008,-71.93230364247546,-71.93230364247546
1961.910055027008,-71.93473128085498,-71.93473128085498
1961.920055027008,-71.93715906406189,-71.93715906406189
1961.9300550270082,-71.93958710074989,-71.93958710074989
1961.9400550270082,-71.94201549741835,-71.94201549741835
1961.9500550270081,-71.94444435857484,-71.94444435857484
1961.9600550270081,-71.94687378695818,-71.94687378695818
1961.9700550270081,-71.94930388365762,-71.94930388365762
1961.9800550270081,-71.95173474826726,-71.95173474826726
1961.990055027008,-71.95416647898054,-71.95416647898054
1962.000055027008,-71.95659917268554,-71.95659917268554
1962.010055027008,-71.9590329250465,-71.9590329250465
1962.020055027008,-71.9614678305581,-71.9614678305581
1962.030055027008,-71.96390398259635,-71.96390398259635
1962.040055027008,-71.96634147347066,-71.96634147347066
1962.050055027008,-71.9687803944342,-71.9687803944342
1962.060055027008,-71.97122083573625,-71.97122083573625
1962.070055027008,-71.9736628866316,-71.9736628866316
1962.080055027008,-71.9761066353737,-71.9761066353737
1962.090055027008,-71.97855216925691,-71.97855216925691
1962.100055027008,-71.98099957460317,-71.98099957460317
1962.110055027008,-71.98344893678421,-71.98344893678421
1962.120055027008,-71.98590034020341,-71.98590034020341
1962.130055027008,-71.98835386832197,-71.98835386832197
1962.140055027008,-71.99080960361961,-71.99080960361961
1962.150055027008,-71.99326762762794,-71.99326762762794
1962.160055027008,-71.99572802092077,-71.99572802092077
1962.170055027008,-71.99819086309458,-71.99819086309458
1962.1800550270082,-72.00065623278779,-72.00065623278779
1962.1900550270082,-72.00312420765184,-72.00312420765184
1962.2000550270081,-72.00559486436377,-72.00559486436377
1962.2100550270081,-72.0080682786254,-72.0080682786254
1962.2200550270081,-72.01054452514691,-72.01054452514691
1962.2300550270081,-72.01302367764045,-72.01302367764045
1962.240055027008,-72.01550580883575,-72.01550580883575
1962.250055027008,-72.01799099046141,-72.01799099046141
1962.260055027008,-72.02047929325103,-72.02047929325103
1962.270055027008,-72.02297078692757,-72.02297078692757
1962.280055027008,-72.02546554020957,-72.02546554020957
1962.290055027008,-72.02796362081028,-72.02796362081028
1962.300055027008,-72.03046509544124,-72.03046509544124
1962.310055027008,-72.03297002979981,-72.03297002979981
1962.320055027008,-72.03547848856411,-72.03547848856411
1962.330055027008,-72.03799053542149,-72.03799053542149
1962.340055027008,-72.04050623303704,-72.04050623303704
1962.350055027008,-72.04302564306828,-72.04302564306828
1962.360055027008,-72.04554882617438,-72.04554882617438
1962.370055027008,-72.04807584199875,-72.04807584199875
1962.380055027008,-72.05060674918307,-72.05060674918307
1962.390055027008,-72.05314160536395,-72.05314160536395
1962.400055027008,-72.05568046718996,-72.05568046718996
1962.410055027008,-72.05822339031226,-72.05822339031226
1962.420055027008,-72.06077042937349,-72.06077042937349
1962.4300550270082,-72.06332163804557,-72.06332163804557
1962.4400550270082,-72.06587706901644,-72.06587706901644
1962.4500550270081,-72.06843677397575,-72.06843677397575
1962.4600550270081,-72.07099452017154,-72.07099452017154
1962.4700550270081,-72.07354760684207,-72.07354760684207
1962.4800550270081,-72.07609474452492,-72.07609474452492
1962.490055027008,-72.07863529659035,-72.07863529659035
1962.500055027008,-72.08116898976131,-72.08116898976131
1962.510055027008,-72.08369576373242,-72.08369576373242
1962.520055027008,-72.08621568302982,-72.08621568302982
1962.530055027008,-72.08872888403383,-72.08872888403383
1962.540055027008,-72.09123554312158,-72.09123554312158
1962.550055027008,-72.09373585754248,-72.09373585754248
1962.560055027008,-72.09623003400759,-72.09623003400759
1962.570055027008,-72.09871828204281,-72.09871828204281
1962.580055027008,-72.10120081011405,-72.10120081011405
1962.590055027008,-72.10367782354993,-72.10367782354993
1962.600055027008,-72.10614952349373,-72.10614952349373
1962.610055027008,-72.10861610650208,-72.10861610650208
1962.620055027008,-72.11107776446067,-72.11107776446067
1962.630055027008,-72.11353468476536,-72.11353468476536
1962.640055027008,-72.11598705054094,-72.11598705054094
1962.65005505085,-72.11843504680404,-72.11843504680404
1962.66005505085,-72.12087883739161,-72.12087883739161
1962.67005505085,-72.12331860029278,-72.12331860029278
1962.68005505085,-72.1257545045399,-72.1257545045399
1962.6900550508499,-72.12818671630556,-72.12818671630556
1962.7000550508499,-72.13061539910007,-72.13061539910007
1962.7100550508499,-72.13304071395594,-72.13304071395594
1962.7200550508499,-72.13546281960174,-72.13546281960174
1962.7300550508498,-72.13788187256701,-72.13788187256701
1962.7400550508498,-72.14029802731059,-72.14029802731059
1962.7500550508498,-72.14271143632276,-72.14271143632276
1962.7600550508498,-72.14512225018163,-72.14512225018163
1962.7700550508498,-72.14753061765624,-72.14753061765624
1962.78005505085,-72.14993668573193,-72.14993668573193
1962.79005505085,-72.1523405996639,-72.1523405996639
1962.80005505085,-72.1547425030186,-72.1547425030186
1962.81005505085,-72.15714253770321,-72.15714253770321
1962.82005505085,-72.15954084397671,-72.15954084397671
1962.83005505085,-72.16193756049114,-72.16193756049114
1962.84005505085,-72.1643328243027,-72.1643328243027
1962.85005505085,-72.1667267708791,-72.1667267708791
1962.86005505085,-72.16911953410084,-72.16911953410084
1962.87005505085,-72.17151124628504,-72.17151124628504
1962.88005505085,-72.17390203819588,-72.17390203819588
1962.89005505085,-72.17629203902152,-72.17629203902152
1962.90005505085,-72.17868137639981,-72.17868137639981
1962.91005505085,-72.1810701764294,-72.1810701764294
1962.92005505085,-72.18345856365129,-72.18345856365129
1962.93005505085,-72.18584666106106,-72.18584666106106
1962.9400550508499,-72.18823459011506,-72.18823459011506
1962.9500550508499,-72.19062247071491,-72.19062247071491
1962.9600550508499,-72.19301042123041,-72.19301042123041
1962.9700550508499,-72.19539855848355,-72.19539855848355
1962.9800550508498,-72.19778699776815,-72.19778699776815
1962.9900550508498,-72.20017585284421,-72.20017585284421
1963.0000550508498,-72.20256523593346,-72.20256523593346
1963.0100550508498,-72.20495525773138,-72.20495525773138
1963.0200550508498,-72.20734602740934,-72.20734602740934
1963.03005505085,-72.20973765260602,-72.20973765260602
1963.04005505085,-72.21213023946157,-72.21213023946157
1963.05005505085,-72.21452389259005,-72.21452389259005
1963.06005505085,-72.21691871508678,-72.21691871508678
1963.07005505085,-72.21931480856381,-72.21931480856381
1963.08005505085,-72.22171227312379,-72.22171227312379
1963.09005505085,-72.22411120738167,-72.22411120738167
1963.10005505085,-72.22651170846449,-72.22651170846449
1963.11005505085,-72.22891387202272,-72.22891387202272
1963.12005505085,-72.2313177922351,-72.2313177922351
1963.13005505085,-72.23372356181915,-72.23372356181915
1963.14005505085,-72.23613127203146,-72.23613127203146
1963.15005505085,-72.23854101268063,-72.23854101268063
1963.16005505085,-72.24095287214647,-72.24095287214647
1963.17005505085,-72.2433669373694,-72.2433669373694
1963.18005505085,-72.24578329386775,-72.24578329386775
1963.1900550508499,-72.24820202575924,-72.24820202575924
1963.2000550508499,-72.25062321574416,-72.25062321574416
1963.2100550508499,-72.25304694515059,-72.25304694515059
1963.2200550508499,-72.25547329390953,-72.25547329390953
1963.2300550508498,-72.25790234059292,-72.25790234059292
1963.2400550508498,-72.26033416239747,-72.26033416239747
1963.2500550508498,-72.26276883519074,-72.26276883519074
1963.2600550508498,-72.26520643349097,-72.26520643349097
1963.2700550508498,-72.26764703049142,-72.26764703049142
1963.28005505085,-72.27009069806721,-72.27009069806721
1963.29005505085,-72.2725375068032,-72.2725375068032
1963.30005505085,-72.27498752597032,-72.27498752597032
1963.31005505085,-72.2774408235832,-72.2774408235832
1963.32005505085,-72.279897466373,-72.279897466373
1963.33005505085,-72.28235751982122,-72.28235751982122
1963.34005505085,-72.28482104816483,-72.28482104816483
1963.35005505085,-72.28728811440783,-72.28728811440783
1963.36005505085,-72.28975878034223,-72.28975878034223
1963.37005505085,-72.29223310655132,-72.29223310655132
1963.38005505085,-72.29471115241586,-72.29471115241586
1963.39005505085,-72.29719297614673,-72.29719297614673
1963.40005505085,-72.29967863478016,-72.29967863478016
1963.41005505085,-72.30216818419873,-72.30216818419873
1963.42005505085,-72.3046616791358,-72.3046616791358
1963.43005505085,-72.30715917320741,-72.30715917320741
1963.4400550508499,-72.30966071889699,-72.30966071889699
1963.4500550508499,-72.31216636758674,-72.31216636758674
1963.4600550508499,-72.31466986442224,-72.31466986442224
1963.4700550508499,-72.31716849813097,-72.31716849813097
1963.4800550508498,-72.31966097335192,-72.31966097335192
1963.4900550508498,-72.32214664962389,-72.32214664962389
1963.5000550746918,-72.32462525684961,-72.32462525684961
1963.5100550746918,-72.3270967208193,-72.3270967208193
1963.5200550746918,-72.32956111026695,-72.32956111026695
1963.5300550746917,-72.3320185600576,-72.3320185600576
1963.5400550746917,-72.33446924516942,-72.33446924516942
1963.5500550746917,-72.33691336150838,-72.33691336150838
1963.5600550746917,-72.33935111449178,-72.33935111449178
1963.5700550746917,-72.34178271234701,-72.34178271234701
1963.5800550746917,-72.34420836226245,-72.34420836226245
1963.5900550746917,-72.34662826827072,-72.34662826827072
1963.6000550746917,-72.34904263024208,-72.34904263024208
1963.6100550746917,-72.35145164343002,-72.35145164343002
1963.6200550746917,-72.35385549844182,-72.35385549844182
1963.6300550746919,-72.35625438137374,-72.35625438137374
1963.6400550746919,-72.35864847407848,-72.35864847407848
1963.6500550746919,-72.36103795445142,-72.36103795445142
1963.6600550746919,-72.36342299672543,-72.36342299672543
1963.6700550746918,-72.36580377177407,-72.36580377177407
1963.6800550746918,-72.36818044737461,-72.36818044737461
1963.6900550746918,-72.37055318844739,-72.37055318844739
1963.7000550746918,-72.37292215725977,-72.37292215725977
1963.7100550746918,-72.37528751362805,-72.37528751362805
1963.7200550746918,-72.37764941505912,-72.37764941505912
1963.7300550746918,-72.38000801688639,-72.38000801688639
1963.7400550746918,-72.3823634723974,-72.3823634723974
1963.7500550746918,-72.38471593291767,-72.38471593291767
1963.7600550746918,-72.3870655478858,-72.3870655478858
1963.7700550746918,-72.38941246494025,-72.38941246494025
1963.7800550746917,-72.39175682997022,-72.39175682997022
1963.7900550746917,-72.39409878713961,-72.39409878713961
1963.8000550746917,-72.39643847896495,-72.39643847896495
1963.8100550746917,-72.39877604631414,-72.39877604631414
1963.8200550746917,-72.40111162843782,-72.40111162843782
1963.8300550746917,-72.40344536300346,-72.40344536300346
1963.8400550746917,-72.40577738609738,-72.40577738609738
1963.8500550746917,-72.4081078322523,-72.4081078322523
1963.8600550746917,-72.41043683443168,-72.41043683443168
1963.8700550746917,-72.41276452408341,-72.41276452408341
1963.8800550746919,-72.41509103109188,-72.41509103109188
1963.8900550746919,-72.41741648382329,-72.41741648382329
1963.9000550746919,-72.41974100911392,-72.41974100911392
1963.9100550746919,-72.42206473227553,-72.42206473227553
1963.9200550746918,-72.4243877771035,-72.4243877771035
1963.9300550746918,-72.42671026587213,-72.42671026587213
1963.9400550746918,-72.42903231933857,-72.42903231933857
1963.9500550746918,-72.43135405673901,-72.43135405673901
1963.9600550746918,-72.43367559580952,-72.43367559580952
1963.9700550746918,-72.43599705276472,-72.43599705276472
1963.9800550746918,-72.43831854231289,-72.43831854231289
1963.9900550746918,-72.44064017766068,-72.44064017766068
1964.0000550746918,-72.4429620705044,-72.4429620705044
1964.0100550746918,-72.44528433103993,-72.44528433103993
1964.0200550746918,-72.44760706798162,-72.44760706798162
1964.0300550746917,-72.44993038851969,-72.44993038851969
1964.0400550746917,-72.45225439838322,-72.45225439838322
1964.0500550746917,-72.45457920179746,-72.45457920179746
1964.0600550746917,-72.45690490151445,-72.45690490151445
1964.0700550746917,-72.45923159880877,-72.45923159880877
1964.0800550746917,-72.46155939348827,-72.46155939348827
1964.0900550746917,-72.46388838389046,-72.46388838389046
1964.1000550746917,-72.46621866689311,-72.46621866689311
1964.1100550746917,-72.46855033793031,-72.46855033793031
1964.1200550746917,-72.47088349098512,-72.47088349098512
1964.1300550746919,-72.47321821860153,-72.47321821860153
1964.1400550746919,-72.47555461190835,-72.47555461190835
1964.1500550746919,-72.47789276059467,-72.47789276059467
1964.1600550746919,-72.48023275294968,-72.48023275294968
1964.1700550746918,-72.4825746758454,-72.4825746758454
1964.1800550746918,-72.48491861477012,-72.48491861477012
1964.1900550746918,-72.48726465381937,-72.48726465381937
1964.2000550746918,-72.48961287571002,-72.48961287571002
1964.2100550746918,-72.49196336180566,-72.49196336180566
1964.2200550746918,-72.49431619209486,-72.49431619209486
1964.2300550746918,-72.49667144522208,-72.49667144522208
1964.2400550746918,-72.49902919850342,-72.49902919850342
1964.2500550746918,-72.50138952792206,-72.50138952792206
1964.2600550746918,-72.50375250815209,-72.50375250815209
1964.2700550746918,-72.50611821255434,-72.50611821255434
1964.2800550746917,-72.50848671321658,-72.50848671321658
1964.2900550746917,-72.51085808091534,-72.51085808091534
1964.3000550746917,-72.51323238518303,-72.51323238518303
1964.3100550746917,-72.51560969427209,-72.51560969427209
1964.3200550746917,-72.51799007519578,-72.51799007519578
1964.3300550746917,-72.52037359374461,-72.52037359374461
1964.3400550746917,-72.5227603144662,-72.5227603144662
1964.3500550985336,-72.52515030640104,-72.52515030640104
1964.3600550985336,-72.52754362032437,-72.52754362032437
1964.3700550985336,-72.52994032286882,-72.52994032286882
1964.3800550985336,-72.53234047381659,-72.53234047381659
1964.3900550985336,-72.53474413178658,-72.53474413178658
1964.4000550985336,-72.5371513542489,-72.5371513542489
1964.4100550985336,-72.53956219752743,-72.53956219752743
1964.4200550985336,-72.54197671682985,-72.54197671682985
1964.4300550985336,-72.5443949662488,-72.5443949662488
1964.4400550985335,-72.5468169987734,-72.5468169987734
1964.4500550985335,-72.54924286629291,-72.54924286629291
1964.4600550985335,-72.55166629344303,-72.55166629344303
1964.4700550985335,-72.5540845599932,-72.5540845599932
1964.4800550985337,-72.5564963662443,-72.5564963662443
1964.4900550985337,-72.55890106951877,-72.55890106951877
1964.5000550985337,-72.56129839280176,-72.56129839280176
1964.5100550985337,-72.56368827342529,-72.56368827342529
1964.5200550985337,-72.56607077433223,-72.56607077433223
1964.5300550985337,-72.56844603080577,-72.56844603080577
1964.5400550985337,-72.57081421841525,-72.57081421841525
1964.5500550985337,-72.5731755337656,-72.5731755337656
1964.5600550985337,-72.57553018306778,-72.57553018306778
1964.5700550985337,-72.5778783753937,-72.5778783753937
1964.5800550985336,-72.58022031880874,-72.58022031880874
1964.5900550985336,-72.58255621828242,-72.58255621828242
1964.6000550985336,-72.58488627463298,-72.58488627463298
1964.6100550985336,-72.58721068409862,-72.58721068409862
1964.6200550985336,-72.58952963830035,-72.58952963830035
1964.6300550985336,-72.59184332436864,-72.59184332436864
1964.6400550985336,-72.59415192520962,-72.59415192520962
1964.6500550985336,-72.59645561978444,-72.59645561978444
1964.6600550985336,-72.59875458342688,-72.59875458342688
1964.6700550985336,-72.60104898812654,-72.60104898812654
1964.6800550985336,-72.6033390027948,-72.6033390027948
1964.6900550985335,-72.60562479350145,-72.60562479350145
1964.7000550985335,-72.60790652369326,-72.60790652369326
1964.7100550985335,-72.61017802340051,-72.61017802340051
1964.7200550985335,-72.61243667947795,-72.61243667947795
1964.7300550985337,-72.61468129937033,-72.61468129937033
1964.7400550985337,-72.61691134708826,-72.61691134708826
1964.7500550985337,-72.6191266516973,-72.6191266516973
1964.7600550985337,-72.62132725595373,-72.62132725595373
1964.7700550985337,-72.62351332754723,-72.62351332754723
1964.7800550985337,-72.62568510585713,-72.62568510585713
1964.7900550985337,-72.6278428698763,-72.6278428698763
1964.8000550985337,-72.62998691898746,-72.62998691898746
1964.8100550985337,-72.63211756152823,-72.63211756152823
1964.8200550985337,-72.63423510807405,-72.63423510807405
1964.8300550985336,-72.63633986757,-72.63633986757
1964.8400550985336,-72.63843214521786,-72.63843214521786
1964.8500550985336,-72.64051224143688,-72.64051224143688
1964.8600550985336,-72.64258045143642,-72.64258045143642
1964.8700550985336,-72.64463706515454,-72.64463706515454
1964.8800550985336,-72.64668236740098,-72.64668236740098
1964.8900550985336,-72.64871663809839,-72.64871663809839
1964.9000550985336,-72.65074015255512,-72.65074015255512
1964.9100550985336,-72.65275318178766,-72.65275318178766
1964.9200550985336,-72.65475599277018,-72.65475599277018
1964.9300550985336,-72.65674884869827,-72.65674884869827
1964.9400550985335,-72.65873200922469,-72.65873200922469
1964.9500550985335,-72.66070573066398,-72.66070573066398
1964.9600550985335,-72.66266393145806,-72.66266393145806
1964.9700550985335,-72.6646040888107,-72.6646040888107
1964.9800550985337,-72.66652510077195,-72.66652510077195
1964.9900550985337,-72.66842652166795,-72.66842652166795
1965.0000550985337,-72.6703082703543,-72.6703082703543
1965.0100550985337,-72.67217047875084,-72.67217047875084
1965.0200550985337,-72.6740134030221,-72.6740134030221
1965.0300550985337,-72.67583737025724,-72.67583737025724
1965.0400550985337,-72.67764274639157,-72.67764274639157
1965.0500550985337,-72.67942991695928,-72.67942991695928
1965.0600550985337,-72.68119927562944,-72.68119927562944
1965.0700550985337,-72.68295121748332,-72.68295121748332
1965.0800550985336,-72.68468613513889,-72.68468613513889
1965.0900550985336,-72.686404416654,-72.686404416654
1965.1000550985336,-72.68810644443538,-72.68810644443538
1965.1100550985336,-72.68979259484526,-72.68979259484526
1965.1200550985336,-72.69146323813005,-72.69146323813005
1965.1300550985336,-72.69311873854562,-72.69311873854562
1965.1400550985336,-72.69475945461193,-72.69475945461193
1965.1500550985336,-72.69638573937958,-72.69638573937958
1965.1600550985336,-72.69799794074048,-72.69799794074048
1965.1700550985336,-72.69959640169898,-72.69959640169898
1965.1800550985336,-72.70118146062116,-72.70118146062116
1965.1900550985335,-72.7027534514631,-72.7027534514631
1965.2000551223755,-72.70431270770149,-72.70431270770149
1965.2100551223755,-72.70585954760554,-72.70585954760554
1965.2200551223755,-72.70739429677813,-72.70739429677813
1965.2300551223755,-72.70891727331728,-72.70891727331728
1965.2400551223755,-72.71042879165967,-72.71042879165967
1965.2500551223754,-72.7119291626909,-72.7119291626909
1965.2600551223754,-72.71341869381756,-72.71341869381756
1965.2700551223754,-72.71489768901044,-72.71489768901044
1965.2800551223754,-72.71636644887886,-72.71636644887886
1965.2900551223754,-72.7178252707119,-72.7178252707119
1965.3000551223754,-72.71927444848205,-72.71927444848205
1965.3100551223754,-72.72071427291351,-72.72071427291351
1965.3200551223754,-72.7221450314786,-72.7221450314786
1965.3300551223756,-72.72356700843329,-72.72356700843329
1965.3400551223756,-72.72498048482267,-72.72498048482267
1965.3500551223756,-72.72638573851376,-72.72638573851376
1965.3600551223756,-72.72778304418314,-72.72778304418314
1965.3700551223756,-72.72917267333642,-72.72917267333642
1965.3800551223756,-72.73055489432474,-72.73055489432474
1965.3900551223755,-72.73192997234267,-72.73192997234267
1965.4000551223755,-72.73329816945345,-72.73329816945345
1965.4100551223755,-72.73465974456796,-72.73465974456796
1965.4200551223755,-72.73601495348971,-72.73601495348971
1965.4300551223755,-72.73736404889405,-72.73736404889405
1965.4400551223755,-72.73870728033992,-72.73870728033992
1965.4500551223755,-72.74004489429252,-72.74004489429252
1965.4600551223755,-72.74137713412036,-72.74137713412036
1965.4700551223755,-72.74270424011348,-72.74270424011348
1965.4800551223755,-72.74402644949193,-72.74402644949193
1965.4900551223755,-72.74534399641084,-72.74534399641084
1965.5000551223754,-72.74665711196414,-72.74665711196414
1965.5100551223754,-72.7479660242395,-72.7479660242395
1965.5200551223754,-72.7492709582718,-72.7492709582718
1965.5300551223754,-72.75057213609942,-72.75057213609942
1965.5400551223754,-72.75186977675874,-72.75186977675874
1965.5500551223754,-72.7531640963126,-72.7531640963126
1965.5600551223754,-72.75445530785774,-72.75445530785774
1965.5700551223754,-72.75574362153716,-72.75574362153716
1965.5800551223756,-72.75702924457002,-72.75702924457002
1965.5900551223756,-72.7583123812546,-72.7583123812546
1965.6000551223756,-72.75959323299648,-72.75959323299648
1965.6100551223756,-72.76087199832928,-72.76087199832928
1965.6200551223756,-72.76214887291967,-72.76214887291967
1965.6300551223756,-72.76342404960529,-72.76342404960529
1965.6400551223755,-72.76469771840021,-72.76469771840021
1965.6500551223755,-72.7659700665297,-72.7659700665297
1965.6600551223755,-72.76724127843748,-72.76724127843748
1965.6700551223755,-72.76851153582228,-72.76851153582228
1965.6800551223755,-72.76978101764132,-72.76978101764132
1965.6900551223755,-72.77104990014756,-72.77104990014756
1965.7000551223755,-72.77231835690304,-72.77231835690304
1965.7100551223755,-72.7735865588076,-72.7735865588076
1965.7200551223755,-72.77485467413076,-72.77485467413076
1965.7300551223755,-72.77612286852006,-72.77612286852006
1965.7400551223755,-72.77739130502881,-72.77739130502881
1965.7500551223754,-72.77866014414244,-72.77866014414244
1965.7600551223754,-72.77992954379422,-72.77992954379422
1965.7700551223754,-72.78119965940937,-72.78119965940937
1965.7800551223754,-72.78247064391468,-72.78247064391468
1965.7900551223754,-72.78374264776566,-72.78374264776566
1965.8000551223754,-72.78501581897414,-72.78501581897414
1965.8100551223754,-72.78629030312229,-72.78629030312229
1965.8200551223754,-72.78756624341,-72.78756624341
1965.8300551223756,-72.78884378064971,-72.78884378064971
1965.8400551223756,-72.7901230533242,-72.7901230533242
1965.8500551223756,-72.79140419759071,-72.79140419759071
1965.8600551223756,-72.7926873473125,-72.7926873473125
1965.8700551223756,-72.79397263407375,-72.79397263407375
1965.8800551223756,-72.79526018722709,-72.79526018722709
1965.8900551223755,-72.79655013389593,-72.79655013389593
1965.9000551223755,-72.79784259901233,-72.79784259901233
1965.9100551223755,-72.79913770534138,-72.79913770534138
1965.9200551223755,-72.80043557350614,-72.80043557350614
1965.9300551223755,-72.8017363220001,-72.8017363220001
1965.9400551223755,-72.80304006723141,-72.80304006723141
1965.9500551223755,-72.80434692353212,-72.80434692353212
1965.9600551223755,-72.80565700319362,-72.80565700319362
1965.9700551223755,-72.80697041649181,-72.80697041649181
1965.9800551223755,-72.80828727169317,-72.80828727169317
1965.9900551223755,-72.80960767510972,-72.80960767510972
1966.0000551223754,-72.81093173109092,-72.81093173109092
1966.0100551223754,-72.81225954207055,-72.81225954207055
1966.0200551223754,-72.81359120858119,-72.81359120858119
1966.0300551223754,-72.8149268292836,-72.8149268292836
1966.0400551223754,-72.81626650097779,-72.81626650097779
1966.0500551462173,-72.81761032185541,-72.81761032185541
1966.0600551462173,-72.81895837869537,-72.81895837869537
1966.0700551462173,-72.82031076607633,-72.82031076607633
1966.0800551462173,-72.82166757363231,-72.82166757363231
1966.0900551462173,-72.82302888926498,-72.82302888926498
1966.1000551462173,-72.82439479915327,-72.82439479915327
1966.1100551462173,-72.82576538779745,-72.82576538779745
1966.1200551462173,-72.82714073801554,-72.82714073801554
1966.1300551462173,-72.82852093099733,-72.82852093099733
1966.1400551462173,-72.82990604628996,-72.82990604628996
1966.1500551462173,-72.83129616184978,-72.83129616184978
1966.1600551462172,-72.8326913540451,-72.8326913540451
1966.1700551462172,-72.83409169768619,-72.83409169768619
1966.1800551462175,-72.83549726604441,-72.83549726604441
1966.1900551462174,-72.83690813088197,-72.83690813088197
1966.2000551462174,-72.83832436244973,-72.83832436244973
1966.2100551462174,-72.8397396806783,-72.8397396806783
1966.2200551462174,-72.84115137488234,-72.84115137488234
1966.2300551462174,-72.84255816017898,-72.84255816017898
1966.2400551462174,-72.8439594109233,-72.8439594109233
1966.2500551462174,-72.84535486813557,-72.84535486813557
1966.2600551462174,-72.84674448758028,-72.84674448758028
1966.2700551462174,-72.84812835066857,-72.84812835066857
1966.2800551462174,-72.84950661096778,-72.84950661096778
1966.2900551462174,-72.8508794619955,-72.8508794619955
1966.3000551462173,-72.85224711793933,-72.85224711793933
1966.3100551462173,-72.85360980214311,-72.85360980214311
1966.3200551462173,-72.85496774035997,-72.85496774035997
1966.3300551462173,-72.8563211568929,-72.8563211568929
1966.3400551462173,-72.85767027249672,-72.85767027249672
1966.3500551462173,-72.85901530334817,-72.85901530334817
1966.3600551462173,-72.86035646059561,-72.86035646059561
1966.3700551462173,-72.86169395036549,-72.86169395036549
1966.3800551462173,-72.86302797388899,-72.86302797388899
1966.3900551462173,-72.86435872777582,-72.86435872777582
1966.4000551462173,-72.86568640432216,-72.86568640432216
1966.4100551462172,-72.86701119182729,-72.86701119182729
1966.4200551462172,-72.86833327488625,-72.86833327488625
1966.4300551462175,-72.86965283466985,-72.86965283466985
1966.4400551462174,-72.87097004918309,-72.87097004918309
1966.4500551462174,-72.87228509346723,-72.87228509346723
1966.4600551462174,-72.87359813980427,-72.87359813980427
1966.4700551462174,-72.87490935788368,-72.87490935788368
1966.4800551462174,-72.87621891493238,-72.87621891493238
1966.4900551462174,-72.87752697585526,-72.87752697585526
1966.5000551462174,-72.87883370331876,-72.87883370331876
1966.5100551462174,-72.88013925785377,-72.88013925785377
1966.5200551462174,-72.88144379792469,-72.88144379792469
1966.5300551462174,-72.88274747996937,-72.88274747996937
1966.5400551462174,-72.88405045849073,-72.88405045849073
1966.5500551462173,-72.88535288607476,-72.88535288607476
1966.5600551462173,-72.8866549134229,-72.8866549134229
1966.5700551462173,-72.88795668939977,-72.88795668939977
1966.5800551462173,-72.88925836104772,-72.88925836104772
1966.5900551462173,-72.89056007360915,-72.89056007360915
1966.6000551462173,-72.89186197054106,-72.89186197054106
1966.6100551462173,-72.89316419353447,-72.89316419353447
1966.6200551462173,-72.89446688252367,-72.89446688252367
1966.6300551462173,-72.89577017570033,-72.89577017570033
1966.6400551462173,-72.89707420952614,-72.89707420952614
1966.6500551462173,-72.89837911872262,-72.89837911872262
1966.6600551462172,-72.89968503629943,-72.89968503629943
1966.6700551462172,-72.90099209355095,-72.90099209355095
1966.6800551462175,-72.90230042005308,-72.90230042005308
1966.6900551462174,-72.90361014369073,-72.90361014369073
1966.7000551462174,-72.9049213906451,-72.9049213906451
1966.7100551462174,-72.90623428539237,-72.90623428539237
1966.7200551462174,-72.90754895074431,-72.90754895074431
1966.7300551462174,-72.90886550781202,-72.90886550781202
1966.7400551462174,-72.91018407602749,-72.91018407602749
1966.7500551462174,-72.91150477316602,-72.91150477316602
1966.7600551462174,-72.91282771531836,-72.91282771531836
1966.7700551462174,-72.91415301691924,-72.91415301691924
1966.7800551462174,-72.91548079075515,-72.91548079075515
1966.7900551462174,-72.91681114796637,-72.91681114796637
1966.8000551462173,-72.91814419803524,-72.91814419803524
1966.8100551462173,-72.91948004883112,-72.91948004883112
1966.8200551462173,-72.92081880658965,-72.92081880658965
1966.8300551462173,-72.92216057592461,-72.92216057592461
1966.8400551462173,-72.92350545983929,-72.92350545983929
1966.8500551462173,-72.92485355974247,-72.92485355974247
1966.8600551462173,-72.9262049754533,-72.9262049754533
1966.8700551462173,-72.92755980519554,-72.92755980519554
1966.8800551462173,-72.92891814563372,-72.92891814563372
1966.8900551462173,-72.93028009185396,-72.93028009185396
1966.9000551700592,-72.93164574065534,-72.93164574065534
1966.9100551700592,-72.9330151775524,-72.9330151775524
1966.9200551700592,-72.93438849623715,-72.93438849623715
1966.9300551700592,-72.9357657856576,-72.9357657856576
1966.9400551700592,-72.93714713324725,-72.93714713324725
1966.9500551700592,-72.93853262494733,-72.93853262494733
1966.9600551700591,-72.93992234520908,-72.93992234520908
1966.9700551700591,-72.94131637701354,-72.94131637701354
1966.9800551700591,-72.94271480187051,-72.94271480187051
1966.9900551700591,-72.9441176998392,-72.9441176998392
1967.000055170059,-72.94552514954847,-72.94552514954847
1967.010055170059,-72.94693722819224,-72.94693722819224
1967.020055170059,-72.9483540115653,-72.9483540115653
1967.0300551700593,-72.94977557404779,-72.94977557404779
1967.0400551700593,-72.95120198864734,-72.95120198864734
1967.0500551700593,-72.95263332698461,-72.95263332698461
1967.0600551700593,-72.95406965932959,-72.95406965932959
1967.0700551700593,-72.95551105459441,-72.95551105459441
1967.0800551700593,-72.95695758036825,-72.95695758036825
1967.0900551700593,-72.95840930291249,-72.95840930291249
1967.1000551700592,-72.9598662871847,-72.9598662871847
1967.1100551700592,-72.96132859685342,-72.96132859685342
1967.1200551700592,-72.962796294301,-72.962796294301
1967.1300551700592,-72.96426944064018,-72.96426944064018
1967.1400551700592,-72.96574809573463,-72.96574809573463
1967.1500551700592,-72.96723231822347,-72.96723231822347
1967.1600551700592,-72.96872216549582,-72.96872216549582
1967.1700551700592,-72.97021769373558,-72.97021769373558
1967.1800551700592,-72.97171895794,-72.97171895794
1967.1900551700592,-72.97322601191945,-72.97322601191945
1967.2000551700592,-72.97473890830153,-72.97473890830153
1967.2100551700591,-72.97625133709313,-72.97625133709313
1967.2200551700591,-72.97776056471548,-72.97776056471548
1967.2300551700591,-72.97926528643218,-72.97926528643218
1967.2400551700591,-72.980764858289,-72.980764858289
1967.250055170059,-72.98225900399036,-72.98225900399036
1967.260055170059,-72.98374766269492,-72.98374766269492
1967.270055170059,-72.98523089974427,-72.98523089974427
1967.2800551700593,-72.98670885307757,-72.98670885307757
1967.2900551700593,-72.98818170094196,-72.98818170094196
1967.3000551700593,-72.98964964258306,-72.98964964258306
1967.3100551700593,-72.991112886698,-72.991112886698
1967.3200551700593,-72.99257164469462,-72.99257164469462
1967.3300551700593,-72.9940261267889,-72.9940261267889
1967.3400551700593,-72.99547653991607,-72.99547653991607
1967.3500551700592,-72.99692308666656,-72.99692308666656
1967.3600551700592,-72.99836596487737,-72.99836596487737
1967.3700551700592,-72.99980536758974,-72.99980536758974
1967.3800551700592,-73.00124148318112,-73.00124148318112
1967.3900551700592,-73.00267449564956,-73.00267449564956
1967.4000551700592,-73.00410458490983,-73.00410458490983
1967.4100551700592,-73.0055319270909,-73.0055319270909
1967.4200551700592,-73.00695669484675,-73.00695669484675
1967.4300551700592,-73.00837905761581,-73.00837905761581
1967.4400551700592,-73.00979918188968,-73.00979918188968
1967.4500551700592,-73.01121723138655,-73.01121723138655
1967.4600551700591,-73.0126333672973,-73.0126333672973
1967.4700551700591,-73.01404774838375,-73.01404774838375
1967.4800551700591,-73.01546053117812,-73.01546053117812
1967.4900551700591,-73.01687187004627,-73.01687187004627
1967.500055170059,-73.0182819173394,-73.0182819173394
1967.510055170059,-73.01969082343466,-73.01969082343466
1967.520055170059,-73.02109873681398,-73.02109873681398
1967.5300551700593,-73.02250580415544,-73.02250580415544
1967.5400551700593,-73.02391217034123,-73.02391217034123
1967.5500551700593,-73.0253179785182,-73.0253179785182
1967.5600551700593,-73.02672337011673,-73.02672337011673
1967.5700551700593,-73.0281284848979,-73.0281284848979
1967.5800551700593,-73.02953346096172,-73.02953346096172
1967.5900551700593,-73.03093843476957,-73.03093843476957
1967.6000551700592,-73.03234354114677,-73.03234354114677
1967.6100551700592,-73.03374891332578,-73.03374891332578
1967.6200551700592,-73.03515468291666,-73.03515468291666
1967.6300551700592,-73.03656097994569,-73.03656097994569
1967.6400551700592,-73.03796793284032,-73.03796793284032
1967.6500551700592,-73.03937566845455,-73.03937566845455
1967.6600551700592,-73.04078431204731,-73.04078431204731
1967.6700551700592,-73.04219398731956,-73.04219398731956
1967.6800551700592,-73.04360481638471,-73.04360481638471
1967.6900551700592,-73.04501691979254,-73.04501691979254
1967.7000551700592,-73.04643041652719,-73.04643041652719
1967.7100551700591,-73.04784542400515,-73.04784542400515
1967.7200551700591,-73.04926205808493,-73.04926205808493
1967.7300551700591,-73.05068043306291,-73.05068043306291
1967.7400551700591,-73.05210066167965,-73.05210066167965
1967.750055193901,-73.05352285851538,-73.05352285851538
1967.760055193901,-73.05494712645105,-73.05494712645105
1967.770055193901,-73.0563735769534,-73.0563735769534
1967.780055193901,-73.05780231658764,-73.05780231658764
1967.790055193901,-73.05923345038063,-73.05923345038063
1967.800055193901,-73.06066708182132,-73.06066708182132
1967.810055193901,-73.06210331288729,-73.06210331288729
1967.820055193901,-73.06354224401323,-73.06354224401323
1967.830055193901,-73.06498397415734,-73.06498397415734
1967.840055193901,-73.06642860073563,-73.06642860073563
1967.850055193901,-73.06787621968412,-73.06787621968412
1967.860055193901,-73.06932692545274,-73.06932692545274
1967.870055193901,-73.07078081099102,-73.07078081099102
1967.8800551939012,-73.07223796778054,-73.07223796778054
1967.8900551939012,-73.07369848583244,-73.07369848583244
1967.9000551939012,-73.07516245370739,-73.07516245370739
1967.9100551939011,-73.07662995850181,-73.07662995850181
1967.9200551939011,-73.07810108587725,-73.07810108587725
1967.9300551939011,-73.07957592006595,-73.07957592006595
1967.9400551939011,-73.08105454387979,-73.08105454387979
1967.950055193901,-73.08253703871348,-73.08253703871348
1967.960055193901,-73.08402348456244,-73.08402348456244
1967.970055193901,-73.08551396002903,-73.08551396002903
1967.980055193901,-73.08700854234361,-73.08700854234361
1967.990055193901,-73.0885073073634,-73.0885073073634
1968.000055193901,-73.09001032957491,-73.09001032957491
1968.010055193901,-73.09151768214156,-73.09151768214156
1968.020055193901,-73.09302943687067,-73.09302943687067
1968.030055193901,-73.09454566425474,-73.09454566425474
1968.040055193901,-73.0960664334717,-73.0960664334717
1968.050055193901,-73.09759181241088,-73.09759181241088
1968.060055193901,-73.09912186765547,-73.09912186765547
1968.070055193901,-73.1006566645368,-73.1006566645368
1968.080055193901,-73.10219626709862,-73.10219626709862
1968.090055193901,-73.10374073814535,-73.10374073814535
1968.100055193901,-73.10529013924602,-73.10529013924602
1968.110055193901,-73.10684453072761,-73.10684453072761
1968.120055193901,-73.10840397172652,-73.10840397172652
1968.1300551939012,-73.10996852015622,-73.10996852015622
1968.1400551939012,-73.11153823275889,-73.11153823275889
1968.1500551939012,-73.1131131650995,-73.1131131650995
1968.1600551939011,-73.11469337156133,-73.11469337156133
1968.1700551939011,-73.11627890540133,-73.11627890540133
1968.1800551939011,-73.11786981872693,-73.11786981872693
1968.1900551939011,-73.11946616251895,-73.11946616251895
1968.200055193901,-73.12106798664742,-73.12106798664742
1968.210055193901,-73.12267533989157,-73.12267533989157
1968.220055193901,-73.12428826993492,-73.12428826993492
1968.230055193901,-73.12590682338843,-73.12590682338843
1968.240055193901,-73.1275310458044,-73.1275310458044
1968.250055193901,-73.1291609816764,-73.1291609816764
1968.260055193901,-73.13079667448173,-73.13079667448173
1968.270055193901,-73.13243816665427,-73.13243816665427
1968.280055193901,-73.13408549963526,-73.13408549963526
1968.290055193901,-73.13573871384578,-73.13573871384578
1968.300055193901,-73.13739784873903,-73.13739784873903
1968.310055193901,-73.13906294278125,-73.13906294278125
1968.320055193901,-73.14073403347894,-73.14073403347894
1968.330055193901,-73.14241115739888,-73.14241115739888
1968.340055193901,-73.14409435016196,-73.14409435016196
1968.350055193901,-73.14578364647018,-73.14578364647018
1968.360055193901,-73.14747908009038,-73.14747908009038
1968.370055193901,-73.14918068392208,-73.14918068392208
1968.3800551939012,-73.15088848994468,-73.15088848994468
1968.3900551939012,-73.152602529275,-73.152602529275
1968.4000551939012,-73.15432283216691,-73.15432283216691
1968.4100551939011,-73.15604942800188,-73.15604942800188
1968.4200551939011,-73.15778234533606,-73.15778234533606
1968.4300551939011,-73.15952161187631,-73.15952161187631
1968.4400551939011,-73.16126725452466,-73.16126725452466
1968.450055193901,-73.16301929937055,-73.16301929937055
1968.460055193901,-73.16477777169193,-73.16477777169193
1968.470055193901,-73.16654269599275,-73.16654269599275
1968.480055193901,-73.16831409599344,-73.16831409599344
1968.490055193901,-73.17009199465129,-73.17009199465129
1968.500055193901,-73.17187641416224,-73.17187641416224
1968.510055193901,-73.17366737598844,-73.17366737598844
1968.520055193901,-73.17546490085421,-73.17546490085421
1968.530055193901,-73.17726900874978,-73.17726900874978
1968.540055193901,-73.17907971895991,-73.17907971895991
1968.550055193901,-73.18089705006294,-73.18089705006294
1968.560055193901,-73.18272101995,-73.18272101995
1968.570055193901,-73.18455164582308,-73.18455164582308
1968.580055193901,-73.18638894421656,-73.18638894421656
1968.590055193901,-73.18823293098943,-73.18823293098943
1968.600055217743,-73.19008362575934,-73.19008362575934
1968.610055217743,-73.1919410343125,-73.1919410343125
1968.620055217743,-73.19380517495448,-73.19380517495448
1968.630055217743,-73.19567606098764,-73.19567606098764
1968.6400552177429,-73.1975537051089,-73.1975537051089
1968.6500552177429,-73.19943811939872,-73.19943811939872
1968.6600552177429,-73.20132931533563,-73.20132931533563
1968.6700552177429,-73.2032273038224,-73.2032273038224
1968.6800552177428,-73.20513209516476,-73.20513209516476
1968.6900552177428,-73.20704369910523,-73.20704369910523
1968.7000552177428,-73.20896212481429,-73.20896212481429
1968.7100552177428,-73.21088738092531,-73.21088738092531
1968.7200552177428,-73.2128194755082,-73.2128194755082
1968.730055217743,-73.2147584160943,-73.2147584160943
1968.740055217743,-73.21670420969795,-73.21670420969795
1968.750055217743,-73.21865686280064,-73.21865686280064
1968.760055217743,-73.22061638137595,-73.22061638137595
1968.770055217743,-73.22258277088461,-73.22258277088461
1968.780055217743,-73.22455603630326,-73.22455603630326
1968.790055217743,-73.22653618209671,-73.22653618209671
1968.800055217743,-73.22852321226385,-73.22852321226385
1968.810055217743,-73.23051713032541,-73.23051713032541
1968.820055217743,-73.23251793932576,-73.23251793932576
1968.830055217743,-73.23452564186,-73.23452564186
1968.840055217743,-73.23654024005612,-73.23654024005612
1968.850055217743,-73.23856173561347,-73.23856173561347
1968.860055217743,-73.24059012977891,-73.24059012977891
1968.870055217743,-73.24262542337142,-73.24262542337142
1968.880055217743,-73.24466761677873,-73.24466761677873
1968.8900552177429,-73.2467167099865,-73.2467167099865
1968.9000552177429,-73.24877270255521,-73.24877270255521
1968.9100552177429,-73.25083559363631,-73.25083559363631
1968.9200552177429,-73.25290538198938,-73.25290538198938
1968.9300552177428,-73.25498206598841,-73.25498206598841
1968.9400552177428,-73.25706564360961,-73.25706564360961
1968.9500552177428,-73.25915611244807,-73.25915611244807
1968.9600552177428,-73.26125346974747,-73.26125346974747
1968.9700552177428,-73.2633577123592,-73.2633577123592
1968.980055217743,-73.26546883678614,-73.26546883678614
1968.990055217743,-73.2675868391734,-73.2675868391734
1969.000055217743,-73.26971171531062,-73.26971171531062
1969.010055217743,-73.27184346065134,-73.27184346065134
1969.020055217743,-73.27398207030448,-73.27398207030448
1969.030055217743,-73.27612753906243,-73.27612753906243
1969.040055217743,-73.27827986137076,-73.27827986137076
1969.050055217743,-73.2804390313637,-73.2804390313637
1969.060055217743,-73.28260504285687,-73.28260504285687
1969.070055217743,-73.28477788935271,-73.28477788935271
1969.080055217743,-73.28695756405874,-73.28695756405874
1969.090055217743,-73.28914405987591,-73.28914405987591
1969.100055217743,-73.29133736940611,-73.29133736940611
1969.110055217743,-73.29353748496607,-73.29353748496607
1969.120055217743,-73.29574439858438,-73.29574439858438
1969.130055217743,-73.29795810201479,-73.29795810201479
1969.1400552177429,-73.30017858673403,-73.30017858673403
1969.1500552177429,-73.30240584394134,-73.30240584394134
1969.1600552177429,-73.30463986458113,-73.30463986458113
1969.1700552177429,-73.30688063932347,-73.30688063932347
1969.1800552177428,-73.30912815859465,-73.30912815859465
1969.1900552177428,-73.31138241256545,-73.31138241256545
1969.2000552177428,-73.31364339115666,-73.31364339115666
1969.2100552177428,-73.31590468940894,-73.31590468940894
1969.2200552177428,-73.31816349591581,-73.31816349591581
1969.230055217743,-73.32041843563665,-73.32041843563665
1969.240055217743,-73.32266879829832,-73.32266879829832
1969.250055217743,-73.3249142439451,-73.3249142439451
1969.260055217743,-73.32715465003214,-73.32715465003214
1969.270055217743,-73.32939002177976,-73.32939002177976
1969.280055217743,-73.33162043834061,-73.33162043834061
1969.290055217743,-73.33384602039744,-73.33384602039744
1969.300055217743,-73.33606691073061,-73.33606691073061
1969.310055217743,-73.33828326264975,-73.33828326264975
1969.320055217743,-73.34049523316848,-73.34049523316848
1969.330055217743,-73.34270297910648,-73.34270297910648
1969.340055217743,-73.34490665494245,-73.34490665494245
1969.350055217743,-73.34710641176267,-73.34710641176267
1969.360055217743,-73.34930239679453,-73.34930239679453
1969.370055217743,-73.35149475336294,-73.35149475336294
1969.380055217743,-73.35368362102196,-73.35368362102196
1969.3900552177429,-73.3558691358018,-73.3558691358018
1969.4000552177429,-73.3580514304828,-73.3580514304828
1969.4100552177429,-73.36023063491378,-73.36023063491378
1969.4200552177429,-73.3624068762697,-73.3624068762697
1969.4300552177428,-73.36458027932436,-73.36458027932436
1969.4400552177428,-73.36675096667209,-73.36675096667209
1969.4500552415848,-73.3689190641145,-73.3689190641145
1969.4600552415848,-73.37108468014812,-73.37108468014812
1969.4700552415848,-73.37324793713174,-73.37324793713174
1969.4800552415848,-73.37540895073656,-73.37540895073656
1969.4900552415847,-73.37756783522786,-73.37756783522786
1969.5000552415847,-73.37972470353917,-73.37972470353917
1969.5100552415847,-73.38187966734692,-73.38187966734692
1969.5200552415847,-73.38403283715087,-73.38403283715087
1969.5300552415847,-73.3861843222961,-73.3861843222961
1969.5400552415847,-73.38833423102896,-73.38833423102896
1969.5500552415847,-73.3904826705042,-73.3904826705042
1969.5600552415847,-73.39262974683486,-73.39262974683486
1969.5700552415847,-73.3947755650904,-73.3947755650904
1969.580055241585,-73.39692022931942,-73.39692022931942
1969.5900552415849,-73.39906384255467,-73.39906384255467
1969.6000552415849,-73.40120650681519,-73.40120650681519
1969.6100552415849,-73.4033483231226,-73.4033483231226
1969.6200552415849,-73.40548939147382,-73.40548939147382
1969.6300552415848,-73.40762981086601,-73.40762981086601
1969.6400552415848,-73.40976967928631,-73.40976967928631
1969.6500552415848,-73.41190909371181,-73.41190909371181
1969.6600552415848,-73.41404815008786,-73.41404815008786
1969.6700552415848,-73.41618694334751,-73.41618694334751
1969.6800552415848,-73.4183255673889,-73.4183255673889
1969.6900552415848,-73.42046411507962,-73.42046411507962
1969.7000552415848,-73.4226026782487,-73.4226026782487
1969.7100552415848,-73.42474134768932,-73.42474134768932
1969.7200552415848,-73.42688021312998,-73.42688021312998
1969.7300552415848,-73.42901936325747,-73.42901936325747
1969.7400552415847,-73.43115888569594,-73.43115888569594
1969.7500552415847,-73.43329886701417,-73.43329886701417
1969.7600552415847,-73.43543939270272,-73.43543939270272
1969.7700552415847,-73.43758054719333,-73.43758054719333
1969.7800552415847,-73.4397224138489,-73.4397224138489
1969.7900552415847,-73.4418650749537,-73.4418650749537
1969.8000552415847,-73.44400861171256,-73.44400861171256
1969.8100552415847,-73.44615310425401,-73.44615310425401
1969.8200552415847,-73.44829863163608,-73.44829863163608
1969.830055241585,-73.45044527183352,-73.45044527183352
1969.8400552415849,-73.45259310173788,-73.45259310173788
1969.8500552415849,-73.45474219716928,-73.45474219716928
1969.8600552415849,-73.45689263286896,-73.45689263286896
1969.8700552415849,-73.45904448250081,-73.45904448250081
1969.8800552415848,-73.4611978186605,-73.4611978186605
1969.8900552415848,-73.4633527128567,-73.4633527128567
1969.9000552415848,-73.46550923554342,-73.46550923554342
1969.9100552415848,-73.46766745610351,-73.46766745610351
1969.9200552415848,-73.46982744285802,-73.46982744285802
1969.9300552415848,-73.47198926306564,-73.47198926306564
1969.9400552415848,-73.4741529829296,-73.4741529829296
1969.9500552415848,-73.47631866760618,-73.47631866760618
1969.9600552415848,-73.47848638120485,-73.47848638120485
1969.9700552415848,-73.48065618679841,-73.48065618679841
1969.9800552415848,-73.48282814641638,-73.48282814641638
1969.9900552415847,-73.48500232105584,-73.48500232105584
1970.0000552415847,-73.48717877070669,-73.48717877070669
1970.0100552415847,-73.4893575543263,-73.4893575543263
1970.0200552415847,-73.49153872986804,-73.49153872986804
1970.0300552415847,-73.49372235427573,-73.49372235427573
1970.0400552415847,-73.495908483495,-73.495908483495
1970.0500552415847,-73.49809717248661,-73.49809717248661
1970.0600552415847,-73.50028847523629,-73.50028847523629
1970.0700552415847,-73.50248244473163,-73.50248244473163
1970.080055241585,-73.50467913300868,-73.50467913300868
1970.0900552415849,-73.50687859114355,-73.50687859114355
1970.1000552415849,-73.50908086924632,-73.50908086924632
1970.1100552415849,-73.51128601649509,-73.51128601649509
1970.1200552415849,-73.51349408113136,-73.51349408113136
1970.1300552415848,-73.51570511046803,-73.51570511046803
1970.1400552415848,-73.51791915089204,-73.51791915089204
1970.1500552415848,-73.52013624788833,-73.52013624788833
1970.1600552415848,-73.52235644603033,-73.52235644603033
1970.1700552415848,-73.52457978901116,-73.52457978901116
1970.1800552415848,-73.52680631963008,-73.52680631963008
1970.1900552415848,-73.52903607980558,-73.52903607980558
1970.2000552415848,-73.53126911060188,-73.53126911060188
1970.2100552415848,-73.53350545221834,-73.53350545221834
1970.2200552415848,-73.53574514400161,-73.53574514400161
1970.2300552415848,-73.53798822446063,-73.53798822446063
1970.2400552415847,-73.54023473128194,-73.54023473128194
1970.2500552415847,-73.54248470130699,-73.54248470130699
1970.2600552415847,-73.54473817059706,-73.54473817059706
1970.2700552415847,-73.546995174379,-73.546995174379
1970.2800552415847,-73.54925574710019,-73.54925574710019
1970.2900552415847,-73.5515199224289,-73.5515199224289
1970.3000552654266,-73.55378773863154,-73.55378773863154
1970.3100552654266,-73.55605921704236,-73.55605921704236
1970.3200552654266,-73.55833439440374,-73.55833439440374
1970.3300552654266,-73.56061330131621,-73.56061330131621
1970.3400552654266,-73.56289596764515,-73.56289596764515
1970.3500552654266,-73.56518242252653,-73.56518242252653
1970.3600552654266,-73.56747269436727,-73.56747269436727
1970.3700552654266,-73.56976681086265,-73.56976681086265
1970.3800552654266,-73.57206479900859,-73.57206479900859
1970.3900552654266,-73.57436668509546,-73.57436668509546
1970.4000552654265,-73.57667249473168,-73.57667249473168
1970.4100552654265,-73.57898225285109,-73.57898225285109
1970.4200552654265,-73.58129598369813,-73.58129598369813
1970.4300552654267,-73.58361371087993,-73.58361371087993
1970.4400552654267,-73.58593545734597,-73.58593545734597
1970.4500552654267,-73.58826124538709,-73.58826124538709
1970.4600552654267,-73.59058467696224,-73.59058467696224
1970.4700552654267,-73.59290296037338,-73.59290296037338
1970.4800552654267,-73.59521474520658,-73.59521474520658
1970.4900552654267,-73.59751934789641,-73.59751934789641
1970.5000552654267,-73.59981645620685,-73.59981645620685
1970.5100552654267,-73.60210597577446,-73.60210597577446
1970.5200552654267,-73.60438794018626,-73.60438794018626
1970.5300552654267,-73.6066624569496,-73.6066624569496
1970.5400552654266,-73.60892967497871,-73.60892967497871
1970.5500552654266,-73.61118976514196,-73.61118976514196
1970.5600552654266,-73.61344290859734,-73.61344290859734
1970.5700552654266,-73.61568928999749,-73.61568928999749
1970.5800552654266,-73.61792909355044,-73.61792909355044
1970.5900552654266,-73.62016250086697,-73.62016250086697
1970.6000552654266,-73.6223896898929,-73.6223896898929
1970.6100552654266,-73.62461083448072,-73.62461083448072
1970.6200552654266,-73.62682610428747,-73.62682610428747
1970.6300552654266,-73.62903566495048,-73.62903566495048
1970.6400552654266,-73.63123967830296,-73.63123967830296
1970.6500552654265,-73.6334383026739,-73.6334383026739
1970.6600552654265,-73.63563169318643,-73.63563169318643
1970.6700552654265,-73.63782000201337,-73.63782000201337
1970.6800552654267,-73.6400033786646,-73.6400033786646
1970.6900552654267,-73.64218197022664,-73.64218197022664
1970.7000552654267,-73.64435592153032,-73.64435592153032
1970.7100552654267,-73.64652537535886,-73.64652537535886
1970.7200552654267,-73.64869047258527,-73.64869047258527
1970.7300552654267,-73.65085135229378,-73.65085135229378
1970.7400552654267,-73.65300815192269,-73.65300815192269
1970.7500552654267,-73.65516100730122,-73.65516100730122
1970.7600552654267,-73.6573100527602,-73.6573100527602
1970.7700552654267,-73.65945542119432,-73.65945542119432
1970.7800552654267,-73.6615972440828,-73.6615972440828
1970.7900552654266,-73.6637356515546,-73.6637356515546
1970.8000552654266,-73.66587077241688,-73.66587077241688
1970.8100552654266,-73.66800273417384,-73.66800273417384
1970.8200552654266,-73.6701316630396,-73.6701316630396
1970.8300552654266,-73.67225768396747,-73.67225768396747
1970.8400552654266,-73.67438092066108,-73.67438092066108
1970.8500552654266,-73.67650149555757,-73.67650149555757
1970.8600552654266,-73.67861952986539,-73.67861952986539
1970.8700552654266,-73.68073514354924,-73.68073514354924
1970.8800552654266,-73.6828484553225,-73.6828484553225
1970.8900552654266,-73.6849595826689,-73.6849595826689
1970.9000552654265,-73.68706864182921,-73.68706864182921
1970.9100552654265,-73.68917574779381,-73.68917574779381
1970.9200552654265,-73.69128101430195,-73.69128101430195
1970.9300552654267,-73.69338455386517,-73.69338455386517
1970.9400552654267,-73.69548647772096,-73.69548647772096
1970.9500552654267,-73.69758689586583,-73.69758689586583
1970.9600552654267,-73.69965529440965,-73.69965529440965
1970.9700552654267,-73.70167436752179,-73.70167436752179
1970.9800552654267,-73.70363442264005,-73.70363442264005
1970.9900552654267,-73.70552943813122,-73.70552943813122
1971.0000552654267,-73.70735531275437,-73.70735531275437
1971.0100552654267,-73.70910907570583,-73.70910907570583
1971.0200552654267,-73.71078850675333,-73.71078850675333
1971.0300552654267,-73.71239193728286,-73.71239193728286
1971.0400552654266,-73.71391813385753,-73.71391813385753
1971.0500552654266,-73.7153662214179,-73.7153662214179
1971.0600552654266,-73.71673562670925,-73.71673562670925
1971.0700552654266,-73.71802603348085,-73.71802603348085
1971.0800552654266,-73.71923734522524,-73.71923734522524
1971.0900552654266,-73.72036965347641,-73.72036965347641
1971.1000552654266,-73.72142321048842,-73.72142321048842
1971.1100552654266,-73.72239840565199,-73.72239840565199
1971.1200552654266,-73.72329574503256,-73.72329574503256
1971.1300552654266,-73.72411583369905,-73.72411583369905
1971.1400552654266,-73.7248593604192,-73.7248593604192
1971.1500552892685,-73.72552708605542,-73.72552708605542
1971.1600552892685,-73.72611982558216,-73.72611982558216
1971.1700552892685,-73.72663844847987,-73.72663844847987
1971.1800552892685,-73.72708386321032,-73.72708386321032
1971.1900552892685,-73.72745701173409,-73.72745701173409
1971.2000552892684,-73.72775886325246,-73.72775886325246
1971.2100552892684,-73.72799040877314,-73.72799040877314
1971.2200552892684,-73.72815265646132,-73.72815265646132
1971.2300552892684,-73.72824662762446,-73.72824662762446
1971.2400552892684,-73.72827335323186,-73.72827335323186
1971.2500552892684,-73.72823387097479,-73.72823387097479
1971.2600552892684,-73.7281292226765,-73.7281292226765
1971.2700552892684,-73.72796045208725,-73.72796045208725
1971.2800552892686,-73.72772860298873,-73.72772860298873
1971.2900552892686,-73.7274347175663,-73.7274347175663
1971.3000552892686,-73.72707983499295,-73.72707983499295
1971.3100552892686,-73.72666499024963,-73.72666499024963
1971.3200552892686,-73.72619121305387,-73.72619121305387
1971.3300552892686,-73.7256595270133,-73.7256595270133
1971.3400552892685,-73.72507094885201,-73.72507094885201
1971.3500552892685,-73.72442648777144,-73.72442648777144
1971.3600552892685,-73.72372714491729,-73.72372714491729
1971.3700552892685,-73.72297391288662,-73.72297391288662
1971.3800552892685,-73.72216777538794,-73.72216777538794
1971.3900552892685,-73.7213097068836,-73.7213097068836
1971.4000552892685,-73.72040067233804,-73.72040067233804
1971.4100552892685,-73.71944162699904,-73.71944162699904
1971.4200552892685,-73.7184335162057,-73.7184335162057
1971.4300552892685,-73.71737727527128,-73.71737727527128
1971.4400552892685,-73.71627382937628,-73.71627382937628
1971.4500552892684,-73.71512409346951,-73.71512409346951
1971.4600552892684,-73.71392897222441,-73.71392897222441
1971.4700552892684,-73.71268936000907,-73.71268936000907
1971.4800552892684,-73.71140614087477,-73.71140614087477
1971.4900552892684,-73.71008018854334,-73.71008018854334
1971.5000552892684,-73.70871236643679,-73.70871236643679
1971.5100552892684,-73.70730352770448,-73.70730352770448
1971.5200552892684,-73.70585451523559,-73.70585451523559
1971.5300552892686,-73.7043661617543,-73.7043661617543
1971.5400552892686,-73.70283928983388,-73.70283928983388
1971.5500552892686,-73.70127471197969,-73.70127471197969
1971.5600552892686,-73.69967323068623,-73.69967323068623
1971.5700552892686,-73.69803563851619,-73.69803563851619
1971.5800552892686,-73.69636271818331,-73.69636271818331
1971.5900552892685,-73.6946552426182,-73.6946552426182
1971.6000552892685,-73.6929139750771,-73.6929139750771
1971.6100552892685,-73.69113966919447,-73.69113966919447
1971.6200552892685,-73.68933306910593,-73.68933306910593
1971.6300552892685,-73.68749490952747,-73.68749490952747
1971.6400552892685,-73.68562591583354,-73.68562591583354
1971.6500552892685,-73.68372680415705,-73.68372680415705
1971.6600552892685,-73.6817982815065,-73.6817982815065
1971.6700552892685,-73.67984104581862,-73.67984104581862
1971.6800552892685,-73.67785578609143,-73.67785578609143
1971.6900552892685,-73.67584318245764,-73.67584318245764
1971.7000552892684,-73.67380390628615,-73.67380390628615
1971.7100552892684,-73.67173862027698,-73.67173862027698
1971.7200552892684,-73.6696479785548,-73.6696479785548
1971.7300552892684,-73.66753262677244,-73.66753262677244
1971.7400552892684,-73.66539320218313,-73.66539320218313
1971.7500552892684,-73.66323033375859,-73.66323033375859
1971.7600552892684,-73.66104464226612,-73.66104464226612
1971.7700552892684,-73.65883674036218,-73.65883674036218
1971.7800552892686,-73.65660723270413,-73.65660723270413
1971.7900552892686,-73.65435671601014,-73.65435671601014
1971.8000552892686,-73.65208577917042,-73.65208577917042
1971.8100552892686,-73.64979500332412,-73.64979500332412
1971.8200552892686,-73.64748496196611,-73.64748496196611
1971.8300552892686,-73.64515622102168,-73.64515622102168
1971.8400552892685,-73.64280933893033,-73.64280933893033
1971.8500552892685,-73.64044486674204,-73.64044486674204
1971.8600552892685,-73.63806334819223,-73.63806334819223
1971.8700552892685,-73.63566531979563,-73.63566531979563
1971.8800552892685,-73.63325131092775,-73.63325131092775
1971.8900552892685,-73.63082184390784,-73.63082184390784
1971.9000552892685,-73.62837743406654,-73.62837743406654
1971.9100552892685,-73.62591858986099,-73.62591858986099
1971.9200552892685,-73.62344581291583,-73.62344581291583
1971.9300552892685,-73.62095959813246,-73.62095959813246
1971.9400552892685,-73.61846043374813,-73.61846043374813
1971.9500552892684,-73.61594880141786,-73.61594880141786
1971.9600552892684,-73.61342517630014,-73.61342517630014
1971.9700552892684,-73.6108900271301,-73.6108900271301
1971.9800552892684,-73.60834381627693,-73.60834381627693
1971.9900552892684,-73.60578699984585,-73.60578699984585
1972.0000553131104,-73.60322002162056,-73.60322002162056
1972.0100553131103,-73.60064333756434,-73.60064333756434
1972.0200553131103,-73.5980573793046,-73.5980573793046
1972.0300553131103,-73.5954625785427,-73.5954625785427
1972.0400553131103,-73.59285936108719,-73.59285936108719
1972.0500553131103,-73.59024814688424,-73.59024814688424
1972.0600553131103,-73.58762935009842,-73.58762935009842
1972.0700553131103,-73.58500337918336,-73.58500337918336
1972.0800553131103,-73.58237063694831,-73.58237063694831
1972.0900553131103,-73.57973152061587,-73.57973152061587
1972.1000553131103,-73.57708642189554,-73.57708642189554
1972.1100553131103,-73.57443572706661,-73.57443572706661
1972.1200553131102,-73.57177981699438,-73.57177981699438
1972.1300553131105,-73.56911906723457,-73.56911906723457
1972.1400553131105,-73.5664538480854,-73.5664538480854
1972.1500553131104,-73.56378452465013,-73.56378452465013
1972.1600553131104,-73.56111145688811,-73.56111145688811
1972.1700553131104,-73.55843499968458,-73.55843499968458
1972.1800553131104,-73.5557555029085,-73.5557555029085
1972.1900553131104,-73.5530733114747,-73.5530733114747
1972.2000553131104,-73.55038876539697,-73.55038876539697
1972.2100553131104,-73.54769578623741,-73.54769578623741
1972.2200553131104,-73.54499189317036,-73.54499189317036
1972.2300553131104,-73.54227604192286,-73.54227604192286
1972.2400553131104,-73.53954785127888,-73.53954785127888
1972.2500553131104,-73.5368073076976,-73.5368073076976
1972.2600553131103,-73.53405461183563,-73.53405461183563
1972.2700553131103,-73.53129008861504,-73.53129008861504
1972.2800553131103,-73.52851413319219,-73.52851413319219
1972.2900553131103,-73.5257271784726,-73.5257271784726
1972.3000553131103,-73.52292967560359,-73.52292967560359
1972.3100553131103,-73.52012208238867,-73.52012208238867
1972.3200553131103,-73.51730485644816,-73.51730485644816
1972.3300553131103,-73.51447845136417,-73.51447845136417
1972.3400553131103,-73.51164331452236,-73.51164331452236
1972.3500553131103,-73.50879988607939,-73.50879988607939
1972.3600553131103,-73.50594859857117,-73.50594859857117
1972.3700553131102,-73.50308987685261,-73.50308987685261
1972.3800553131105,-73.50022413827814,-73.50022413827814
1972.3900553131105,-73.49735179299897,-73.49735179299897
1972.4000553131104,-73.4944732442471,-73.4944732442471
1972.4100553131104,-73.49158888870872,-73.49158888870872
1972.4200553131104,-73.48869911680467,-73.48869911680467
1972.4300553131104,-73.48580431300489,-73.48580431300489
1972.4400553131104,-73.48290485609871,-73.48290485609871
1972.4500553131104,-73.48000111942375,-73.48000111942375
1972.4600553131104,-73.47708706431858,-73.47708706431858
1972.4700553131104,-73.47416024577507,-73.47416024577507
1972.4800553131104,-73.47121965383339,-73.47121965383339
1972.4900553131104,-73.46826494092991,-73.46826494092991
1972.5000553131104,-73.46529612683311,-73.46529612683311
1972.5100553131103,-73.46231344541316,-73.46231344541316
1972.5200553131103,-73.45931725481772,-73.45931725481772
1972.5300553131103,-73.4563079834968,-73.4563079834968
1972.5400553131103,-73.45328609774886,-73.45328609774886
1972.5500553131103,-73.45025208230065,-73.45025208230065
1972.5600553131103,-73.44720642866986,-73.44720642866986
1972.5700553131103,-73.4441496283768,-73.4441496283768
1972.5800553131103,-73.44108216902727,-73.44108216902727
1972.5900553131103,-73.43800453220764,-73.43800453220764
1972.6000553131103,-73.4349171924178,-73.4349171924178
1972.6100553131103,-73.43182061663713,-73.43182061663713
1972.6200553131102,-73.42871526428522,-73.42871526428522
1972.6300553131105,-73.42560158737423,-73.42560158737423
1972.6400553131105,-73.42248003075882,-73.42248003075882
1972.6500553131104,-73.41935103244506,-73.41935103244506
1972.6600553131104,-73.41621502389523,-73.41621502389523
1972.6700553131104,-73.41307243034007,-73.41307243034007
1972.6800553131104,-73.40992367103792,-73.40992367103792
1972.6900553131104,-73.40676915952675,-73.40676915952675
1972.7000553131104,-73.4036093038448,-73.4036093038448
1972.7100553131104,-73.40043810776716,-73.40043810776716
1972.7200553131104,-73.39725316485351,-73.39725316485351
1972.7300553131104,-73.39405350205422,-73.39405350205422
1972.7400553131104,-73.39083880789038,-73.39083880789038
1972.7500553131104,-73.38760913768147,-73.38760913768147
1972.7600553131103,-73.3843647604747,-73.3843647604747
1972.7700553131103,-73.38110606923993,-73.38110606923993
1972.7800553131103,-73.37783352700114,-73.37783352700114
1972.7900553131103,-73.37454763436668,-73.37454763436668
1972.8000553131103,-73.3712489100826,-73.3712489100826
1972.8100553131103,-73.36793787943313,-73.36793787943313
1972.8200553131103,-73.36461506741709,-73.36461506741709
1972.8300553131103,-73.36128099486191,-73.36128099486191
1972.8400553131103,-73.35793617625276,-73.35793617625276
1972.8500553369522,-73.35458111070109,-73.35458111070109
1972.8600553369522,-73.35121631342088,-73.35121631342088
1972.8700553369522,-73.3478422678483,-73.3478422678483
1972.8800553369522,-73.34445945761817,-73.34445945761817
1972.8900553369522,-73.34106835887992,-73.34106835887992
1972.9000553369522,-73.33766944057355,-73.33766944057355
1972.9100553369522,-73.3342631647494,-73.3342631647494
1972.9200553369521,-73.33084998685361,-73.33084998685361
1972.9300553369521,-73.32743035598958,-73.32743035598958
1972.9400553369521,-73.32400471518002,-73.32400471518002
1972.9500553369521,-73.3205735015555,-73.3205735015555
1972.960055336952,-73.31713714656514,-73.31713714656514
1972.970055336952,-73.31369607611305,-73.31369607611305
1972.9800553369523,-73.3102507107319,-73.3102507107319
1972.9900553369523,-73.30680146567748,-73.30680146567748
1973.0000553369523,-73.30334875105515,-73.30334875105515
1973.0100553369523,-73.29989297187305,-73.29989297187305
1973.0200553369523,-73.296434528151,-73.296434528151
1973.0300553369523,-73.29297381498543,-73.29297381498543
1973.0400553369523,-73.28951122257898,-73.28951122257898
1973.0500553369523,-73.28604713631519,-73.28604713631519
1973.0600553369522,-73.28258193679099,-73.28258193679099
1973.0700553369522,-73.2791159998595,-73.2791159998595
1973.0800553369522,-73.27564969666824,-73.27564969666824
1973.0900553369522,-73.27218339367187,-73.27218339367187
1973.1000553369522,-73.26871745266791,-73.26871745266791
1973.1100553369522,-73.2652522308468,-73.2652522308468
1973.1200553369522,-73.26178808079025,-73.26178808079025
1973.1300553369522,-73.2583253504953,-73.2583253504953
1973.1400553369522,-73.25486438340819,-73.25486438340819
1973.1500553369522,-73.25140551844127,-73.25140551844127
1973.1600553369522,-73.24794909000676,-73.24794909000676
1973.1700553369521,-73.24449542801064,-73.24449542801064
1973.1800553369521,-73.24104485790787,-73.24104485790787
1973.1900553369521,-73.2375977007023,-73.2375977007023
1973.2000553369521,-73.23415427298615,-73.23415427298615
1973.210055336952,-73.23071488694107,-73.23071488694107
1973.220055336952,-73.22727985039118,-73.22727985039118
1973.2300553369523,-73.22384946679448,-73.22384946679448
1973.2400553369523,-73.22042403529966,-73.22042403529966
1973.2500553369523,-73.21700385074672,-73.21700385074672
1973.2600553369523,-73.213589203699,-73.213589203699
1973.2700553369523,-73.21018038049694,-73.21018038049694
1973.2800553369523,-73.20677766323918,-73.20677766323918
1973.2900553369523,-73.20338132983744,-73.20338132983744
1973.3000553369523,-73.19999165405146,-73.19999165405146
1973.3100553369522,-73.19660890549801,-73.19660890549801
1973.3200553369522,-73.19323334968625,-73.19323334968625
1973.3300553369522,-73.18986524806091,-73.18986524806091
1973.3400553369522,-73.18650485801429,-73.18650485801429
1973.3500553369522,-73.18315243293948,-73.18315243293948
1973.3600553369522,-73.17980822223753,-73.17980822223753
1973.3700553369522,-73.17647247137485,-73.17647247137485
1973.3800553369522,-73.17314542188555,-73.17314542188555
1973.3900553369522,-73.16982731143032,-73.16982731143032
1973.4000553369522,-73.16651837382037,-73.16651837382037
1973.4100553369522,-73.16321883904973,-73.16321883904973
1973.4200553369521,-73.15992893333043,-73.15992893333043
1973.4300553369521,-73.15664887913324,-73.15664887913324
1973.4400553369521,-73.15337889519914,-73.15337889519914
1973.4500553369521,-73.1501191966023,-73.1501191966023
1973.460055336952,-73.14686999477826,-73.14686999477826
1973.470055336952,-73.14363149754178,-73.14363149754178
1973.4800553369523,-73.14040390914039,-73.14040390914039
1973.4900553369523,-73.13718743028679,-73.13718743028679
1973.5000553369523,-73.13398225818221,-73.13398225818221
1973.5100553369523,-73.13078858657855,-73.13078858657855
1973.5200553369523,-73.12760660578373,-73.12760660578373
1973.5300553369523,-73.1244365027048,-73.1244365027048
1973.5400553369523,-73.1212784609094,-73.1212784609094
1973.5500553369523,-73.11813266062036,-73.11813266062036
1973.5600553369522,-73.11499927878893,-73.11499927878893
1973.5700553369522,-73.11187848910824,-73.11187848910824
1973.5800553369522,-73.10877046204939,-73.10877046204939
1973.5900553369522,-73.10567536491466,-73.10567536491466
1973.6000553369522,-73.10259336186373,-73.10259336186373
1973.6100553369522,-73.09952461393299,-73.09952461393299
1973.6200553369522,-73.09646927909539,-73.09646927909539
1973.6300553369522,-73.09342751227632,-73.09342751227632
1973.6400553369522,-73.09039946541233,-73.09039946541233
1973.6500553369522,-73.0873852874716,-73.0873852874716
1973.6600553369522,-73.08438512446719,-73.08438512446719
1973.6700553369521,-73.08139911954088,-73.08139911954088
1973.6800553369521,-73.07842741295555,-73.07842741295555
1973.6900553369521,-73.07547014216019,-73.07547014216019
1973.700055360794,-73.07252743478041,-73.07252743478041
1973.710055360794,-73.06959943676841,-73.06959943676841
1973.720055360794,-73.06668627023119,-73.06668627023119
1973.730055360794,-73.06378806162215,-73.06378806162215
1973.740055360794,-73.06090493475509,-73.06090493475509
1973.750055360794,-73.05803701081557,-73.05803701081557
1973.760055360794,-73.05518440839079,-73.05518440839079
1973.770055360794,-73.05234724350146,-73.05234724350146
1973.780055360794,-73.04952562965151,-73.04952562965151
1973.790055360794,-73.0467196778421,-73.0467196778421
1973.800055360794,-73.04392949661732,-73.04392949661732
1973.810055360794,-73.04115519208496,-73.04115519208496
1973.820055360794,-73.03839686795249,-73.03839686795249
1973.8300553607942,-73.0356546255659,-73.0356546255659
1973.8400553607942,-73.03292856392957,-73.03292856392957
1973.8500553607942,-73.03021877973812,-73.03021877973812
1973.8600553607941,-73.02752536740321,-73.02752536740321
1973.8700553607941,-73.02484841910595,-73.02484841910595
1973.8800553607941,-73.0221880248031,-73.0221880248031
1973.8900553607941,-73.01954427226708,-73.01954427226708
1973.900055360794,-73.01691724710659,-73.01691724710659
1973.910055360794,-73.01430703281001,-73.01430703281001
1973.920055360794,-73.01171371075759,-73.01171371075759
1973.930055360794,-73.0091373602629,-73.0091373602629
1973.940055360794,-73.00657805860529,-73.00657805860529
1973.950055360794,-73.00403588103562,-73.00403588103562
1973.960055360794,-73.00151090081592,-73.00151090081592
1973.970055360794,-72.99900318926184,-72.99900318926184
1973.980055360794,-72.99651281575218,-72.99651281575218
1973.990055360794,-72.99403984775303,-72.99403984775303
1974.000055360794,-72.99158435084578,-72.99158435084578
1974.010055360794,-72.98914638877683,-72.98914638877683
1974.020055360794,-72.98672602345951,-72.98672602345951
1974.030055360794,-72.98432331498991,-72.98432331498991
1974.040055360794,-72.98193832170071,-72.98193832170071
1974.050055360794,-72.97957110016716,-72.97957110016716
1974.060055360794,-72.97722170524807,-72.97722170524807
1974.070055360794,-72.97489019008079,-72.97489019008079
1974.0800553607942,-72.97257660614986,-72.97257660614986
1974.0900553607942,-72.97028100325844,-72.97028100325844
1974.1000553607942,-72.96800342960718,-72.96800342960718
1974.1100553607941,-72.96574393176337,-72.96574393176337
1974.1200553607941,-72.96350255472903,-72.96350255472903
1974.1300553607941,-72.96127934193113,-72.96127934193113
1974.1400553607941,-72.95907433526725,-72.95907433526725
1974.150055360794,-72.9568875751141,-72.9568875751141
1974.160055360794,-72.95471910035022,-72.95471910035022
1974.170055360794,-72.95256894839723,-72.95256894839723
1974.180055360794,-72.95043715520953,-72.95043715520953
1974.190055360794,-72.94832375531398,-72.94832375531398
1974.200055360794,-72.94622878183573,-72.94622878183573
1974.210055360794,-72.94415226649961,-72.94415226649961
1974.220055360794,-72.94209423966922,-72.94209423966922
1974.230055360794,-72.94005473036296,-72.94005473036296
1974.240055360794,-72.93803376626894,-72.93803376626894
1974.250055360794,-72.9360313737685,-72.9360313737685
1974.260055360794,-72.93404757794146,-72.93404757794146
1974.270055360794,-72.93208240261477,-72.93208240261477
1974.280055360794,-72.93013587036613,-72.93013587036613
1974.290055360794,-72.92820800252805,-72.92820800252805
1974.300055360794,-72.9262988192304,-72.9262988192304
1974.310055360794,-72.92440833939295,-72.92440833939295
1974.320055360794,-72.92253658077117,-72.92253658077117
1974.3300553607942,-72.92068355996136,-72.92068355996136
1974.3400553607942,-72.91884929240248,-72.91884929240248
1974.3500553607942,-72.91703379243243,-72.91703379243243
1974.3600553607941,-72.91523707326454,-72.91523707326454
1974.3700553607941,-72.91345914702855,-72.91345914702855
1974.3800553607941,-72.911700024772,-72.911700024772
1974.3900553607941,-72.90995971649976,-72.90995971649976
1974.400055360794,-72.90823823115049,-72.90823823115049
1974.410055360794,-72.90653557666765,-72.90653557666765
1974.420055360794,-72.90485175996054,-72.90485175996054
1974.430055360794,-72.90318678695374,-72.90318678695374
1974.440055360794,-72.9015406625896,-72.9015406625896
1974.450055360794,-72.8999133908622,-72.8999133908622
1974.460055360794,-72.8982986203041,-72.8982986203041
1974.470055360794,-72.89669356955325,-72.89669356955325
1974.480055360794,-72.89509688480449,-72.89509688480449
1974.490055360794,-72.89350787305989,-72.89350787305989
1974.500055360794,-72.89192620930262,-72.89192620930262
1974.510055360794,-72.89035178436893,-72.89035178436893
1974.520055360794,-72.88878461569797,-72.88878461569797
1974.530055360794,-72.88722479374104,-72.88722479374104
1974.540055360794,-72.88567244969605,-72.88567244969605
1974.550055384636,-72.88412773245103,-72.88412773245103
1974.560055384636,-72.88259081178984,-72.88259081178984
1974.570055384636,-72.88106184948103,-72.88106184948103
1974.580055384636,-72.87954101014829,-72.87954101014829
1974.590055384636,-72.87802845543611,-72.87802845543611
1974.6000553846359,-72.87652434298282,-72.87652434298282
1974.6100553846359,-72.87502882594558,-72.87502882594558
1974.6200553846359,-72.87354205295627,-72.87354205295627
1974.6300553846359,-72.87206416828674,-72.87206416828674
1974.6400553846358,-72.87059531207929,-72.87059531207929
1974.6500553846358,-72.86913562063295,-72.86913562063295
1974.6600553846358,-72.86768522673528,-72.86768522673528
1974.6700553846358,-72.8662442599194,-72.8662442599194
1974.680055384636,-72.86481284674647,-72.86481284674647
1974.690055384636,-72.86339111105691,-72.86339111105691
1974.700055384636,-72.86197917414648,-72.86197917414648
1974.710055384636,-72.86057715499773,-72.86057715499773
1974.720055384636,-72.85918517040253,-72.85918517040253
1974.730055384636,-72.85780333510083,-72.85780333510083
1974.740055384636,-72.85643176190653,-72.85643176190653
1974.750055384636,-72.85507056178848,-72.85507056178848
1974.760055384636,-72.85371984397936,-72.85371984397936
1974.770055384636,-72.85237971600847,-72.85237971600847
1974.780055384636,-72.85105028377254,-72.85105028377254
1974.790055384636,-72.84973165158706,-72.84973165158706
1974.800055384636,-72.84842392221057,-72.84842392221057
1974.810055384636,-72.84712719688221,-72.84712719688221
1974.820055384636,-72.84584157534853,-72.84584157534853
1974.830055384636,-72.84456715587763,-72.84456715587763
1974.840055384636,-72.84330403529052,-72.84330403529052
1974.8500553846359,-72.8420523089465,-72.8420523089465
1974.8600553846359,-72.84081207077166,-72.84081207077166
1974.8700553846359,-72.8395834132599,-72.8395834132599
1974.8800553846359,-72.8383664274921,-72.8383664274921
1974.8900553846358,-72.8371612031058,-72.8371612031058
1974.9000553846358,-72.83596782833943,-72.83596782833943
1974.9100553846358,-72.83478639001277,-72.83478639001277
1974.9200553846358,-72.83361697353214,-72.83361697353214
1974.930055384636,-72.83245966289914,-72.83245966289914
1974.940055384636,-72.83131454069111,-72.83131454069111
1974.950055384636,-72.83018168809022,-72.83018168809022
1974.960055384636,-72.82906118487129,-72.82906118487129
1974.970055384636,-72.82795310938775,-72.82795310938775
1974.980055384636,-72.82685753860001,-72.82685753860001
1974.990055384636,-72.8257745480598,-72.8257745480598
1975.000055384636,-72.82470421192093,-72.82470421192093
1975.010055384636,-72.82364660293972,-72.82364660293972
1975.020055384636,-72.82260179247159,-72.82260179247159
1975.030055384636,-72.82156985047817,-72.82156985047817
1975.040055384636,-72.82055084552715,-72.82055084552715
1975.050055384636,-72.81954484480426,-72.81954484480426
1975.060055384636,-72.8185519141095,-72.8185519141095
1975.070055384636,-72.81757211787055,-72.81757211787055
1975.080055384636,-72.81660551913727,-72.81660551913727
1975.090055384636,-72.81565217958746,-72.81565217958746
1975.1000553846359,-72.81471215953498,-72.81471215953498
1975.1100553846359,-72.8137855179508,-72.8137855179508
1975.1200553846359,-72.81287231244907,-72.81287231244907
1975.1300553846359,-72.81197259929202,-72.81197259929202
1975.1400553846358,-72.8110864334104,-72.8110864334104
1975.1500553846358,-72.8102138684142,-72.8102138684142
1975.1600553846358,-72.80935495658096,-72.80935495658096
1975.1700553846358,-72.80850974888469,-72.80850974888469
1975.180055384636,-72.80767829500486,-72.80767829500486
1975.190055384636,-72.8068606433033,-72.8068606433033
1975.200055384636,-72.80605684086136,-72.80605684086136
1975.210055384636,-72.8052669334936,-72.8052669334936
1975.220055384636,-72.80449096574658,-72.80449096574658
1975.230055384636,-72.80372898090552,-72.80372898090552
1975.240055384636,-72.80298102100369,-72.80298102100369
1975.250055384636,-72.80224712683865,-72.80224712683865
1975.260055384636,-72.80152733798784,-72.80152733798784
1975.270055384636,-72.80082169281496,-72.80082169281496
1975.280055384636,-72.80013022846875,-72.80013022846875
1975.290055384636,-72.79945298090533,-72.79945298090533
1975.300055384636,-72.7987899848987,-72.7987899848987
1975.310055384636,-72.79814127406195,-72.79814127406195
1975.320055384636,-72.79750688083315,-72.79750688083315
1975.330055384636,-72.7968868365003,-72.7968868365003
1975.340055384636,-72.79628117122435,-72.79628117122435
1975.3500553846359,-72.79568991403147,-72.79568991403147
1975.3600553846359,-72.79511309284592,-72.79511309284592
1975.3700553846359,-72.79455073448851,-72.79455073448851
1975.3800553846359,-72.79400286467006,-72.79400286467006
1975.3900553846358,-72.79346950804195,-72.79346950804195
1975.4000554084778,-72.79295068694697,-72.79295068694697
1975.4100554084778,-72.79244642642671,-72.79244642642671
1975.4200554084778,-72.79195674668487,-72.79195674668487
1975.4300554084778,-72.79144504460442,-72.79144504460442
1975.4400554084777,-72.79091057687697,-72.79091057687697
1975.4500554084777,-72.7903544889051,-72.7903544889051
1975.4600554084777,-72.78977041517093,-72.78977041517093
1975.4700554084777,-72.78915469194811,-72.78915469194811
1975.4800554084777,-72.78850460528939,-72.78850460528939
1975.4900554084777,-72.78781787114931,-72.78781787114931
1975.5000554084777,-72.78709248980147,-72.78709248980147
1975.5100554084777,-72.7863266815657,-72.7863266815657
1975.5200554084777,-72.78551884983996,-72.78551884983996
1975.530055408478,-72.7846675577707,-72.7846675577707
1975.5400554084779,-72.78377151252654,-72.78377151252654
1975.5500554084779,-72.78282955377144,-72.78282955377144
1975.5600554084779,-72.78184064446941,-72.78184064446941
1975.5700554084779,-72.78080386302187,-72.78080386302187
1975.5800554084778,-72.77971839624436,-72.77971839624436
1975.5900554084778,-72.7785835328721,-72.7785835328721
1975.6000554084778,-72.77739865747623,-72.77739865747623
1975.6100554084778,-72.77616324478446,-72.77616324478446
1975.6200554084778,-72.77487685425454,-72.77487685425454
1975.6300554084778,-72.77353912499218,-72.77353912499218
1975.6400554084778,-72.77214977091288,-72.77214977091288
1975.6500554084778,-72.7707085762079,-72.7707085762079
1975.6600554084778,-72.76921539102509,-72.76921539102509
1975.6700554084778,-72.76767012743092,-72.76767012743092
1975.6800554084778,-72.7660727555879,-72.7660727555879
1975.6900554084777,-72.76442330013215,-72.76442330013215
1975.7000554084777,-72.76272183679332,-72.76272183679332
1975.7100554084777,-72.76096848917948,-72.76096848917948
1975.7200554084777,-72.75916342574865,-72.75916342574865
1975.7300554084777,-72.75730685698257,-72.75730685698257
1975.7400554084777,-72.75539903267163,-72.75539903267163
1975.7500554084777,-72.75344023938452,-72.75344023938452
1975.7600554084777,-72.75143079807123,-72.75143079807123
1975.7700554084777,-72.74937106180498,-72.74937106180498
1975.780055408478,-72.74723124008305,-72.74723124008305
1975.7900554084779,-72.7449946202737,-72.7449946202737
1975.8000554084779,-72.74265203190387,-72.74265203190387
1975.8100554084779,-72.74019795143136,-72.74019795143136
1975.8200554084779,-72.73762877259762,-72.73762877259762
1975.8300554084778,-72.73494202520887,-72.73494202520887
1975.8400554084778,-72.7321359988124,-72.7321359988124
1975.8500554084778,-72.72920954495174,-72.72920954495174
1975.8600554084778,-72.72616196096861,-72.72616196096861
1975.8700554084778,-72.7229929128765,-72.7229929128765
1975.8800554084778,-72.71970237843904,-72.71970237843904
1975.8900554084778,-72.71629060179224,-72.71629060179224
1975.9000554084778,-72.7127580556522,-72.7127580556522
1975.9100554084778,-72.70910540902733,-72.70910540902733
1975.9200554084778,-72.70533349931927,-72.70533349931927
1975.9300554084778,-72.70144330816997,-72.70144330816997
1975.9400554084777,-72.69743594041248,-72.69743594041248
1975.9500554084777,-72.69331260585176,-72.69331260585176
1975.9600554084777,-72.6890746033984,-72.6890746033984
1975.9700554084777,-72.6847233073028,-72.6847233073028
1975.9800554084777,-72.68026015523489,-72.68026015523489
1975.9900554084777,-72.67568663792673,-72.67568663792673
1976.0000554084777,-72.6710042902,-72.6710042902
1976.0100554084777,-72.6662146831789,-72.6662146831789
1976.0200554084777,-72.6613194175009,-72.6613194175009
1976.030055408478,-72.65632011747041,-72.65632011747041
1976.0400554084779,-72.65121842594371,-72.65121842594371
1976.0500554084779,-72.64601599987262,-72.64601599987262
1976.0600554084779,-72.64071450645433,-72.64071450645433
1976.0700554084779,-72.63531561973676,-72.63531561973676
1976.0800554084778,-72.62982101769451,-72.62982101769451
1976.0900554084778,-72.62423237966782,-72.62423237966782
1976.1000554084778,-72.61855138409572,-72.61855138409572
1976.1100554084778,-72.61277970656826,-72.61277970656826
1976.1200554084778,-72.60691901812245,-72.60691901812245
1976.1300554084778,-72.60097098371547,-72.60097098371547
1976.1400554084778,-72.59493726093426,-72.59493726093426
1976.1500554084778,-72.58881949883154,-72.58881949883154
1976.1600554084778,-72.58261933692478,-72.58261933692478
1976.1700554084778,-72.57633840432031,-72.57633840432031
1976.1800554084778,-72.56997831893628,-72.56997831893628
1976.1900554084777,-72.5635406868218,-72.5635406868218
1976.2000554084777,-72.55702710158161,-72.55702710158161
1976.2100554084777,-72.55043914387268,-72.55043914387268
1976.2200554084777,-72.54377838093919,-72.54377838093919
1976.2300554084777,-72.5370463662565,-72.5370463662565
1976.2400554084777,-72.53024463916347,-72.53024463916347
1976.2500554323196,-72.52337470825432,-72.52337470825432
1976.2600554323196,-72.51643811635111,-72.51643811635111
1976.2700554323196,-72.50943634280175,-72.50943634280175
1976.2800554323196,-72.50237086801937,-72.50237086801937
1976.2900554323196,-72.49524315728324,-72.49524315728324
1976.3000554323196,-72.48805466060446,-72.48805466060446
1976.3100554323196,-72.48080681262141,-72.48080681262141
1976.3200554323196,-72.47350103255182,-72.47350103255182
1976.3300554323196,-72.46613872412657,-72.46613872412657
1976.3400554323196,-72.4587212755588,-72.4587212755588
1976.3500554323196,-72.45125005952899,-72.45125005952899
1976.3600554323195,-72.44372643319032,-72.44372643319032
1976.3700554323195,-72.43615173816387,-72.43615173816387
1976.3800554323198,-72.4285273005813,-72.4285273005813
1976.3900554323197,-72.42085443109822,-72.42085443109822
1976.4000554323197,-72.41313442495864,-72.41313442495864
1976.4100554323197,-72.40536856201447,-72.40536856201447
1976.4200554323197,-72.39755810681315,-72.39755810681315
1976.4300554323197,-72.38970430865933,-72.38970430865933
1976.4400554323197,-72.38180840166173,-72.38180840166173
1976.4500554323197,-72.37387160485329,-72.37387160485329
1976.4600554323197,-72.36588881736627,-72.36588881736627
1976.4700554323197,-72.3578584693889,-72.3578584693889
1976.4800554323197,-72.34978039679497,-72.34978039679497
1976.4900554323197,-72.34165508002752,-72.34165508002752
1976.5000554323196,-72.33348335296516,-72.33348335296516
1976.5100554323196,-72.32526625140694,-72.32526625140694
1976.5200554323196,-72.317004924056,-72.317004924056
1976.5300554323196,-72.30870057900921,-72.30870057900921
1976.5400554323196,-72.30035445152957,-72.30035445152957
1976.5500554323196,-72.29196778474056,-72.29196778474056
1976.5600554323196,-72.28354181811507,-72.28354181811507
1976.5700554323196,-72.27507778077079,-72.27507778077079
1976.5800554323196,-72.26657688765387,-72.26657688765387
1976.5900554323196,-72.2580403375147,-72.2580403375147
1976.6000554323196,-72.2494693119439,-72.2494693119439
1976.6100554323195,-72.24086497504543,-72.24086497504543
1976.6200554323195,-72.23222847350051,-72.23222847350051
1976.6300554323198,-72.22356093683176,-72.22356093683176
1976.6400554323197,-72.21486347777991,-72.21486347777991
1976.6500554323197,-72.2061371927131,-72.2061371927131
1976.6600554323197,-72.19738316205064,-72.19738316205064
1976.6700554323197,-72.18860245069204,-72.18860245069204
1976.6800554323197,-72.17979610838088,-72.17979610838088
1976.6900554323197,-72.1709651700968,-72.1709651700968
1976.7000554323197,-72.16211065636725,-72.16211065636725
1976.7100554323197,-72.15322728836126,-72.15322728836126
1976.7200554323197,-72.14431330894031,-72.14431330894031
1976.7300554323197,-72.13536836407123,-72.13536836407123
1976.7400554323197,-72.12639274408556,-72.12639274408556
1976.7500554323196,-72.11738709339194,-72.11738709339194
1976.7600554323196,-72.10835225940738,-72.10835225940738
1976.7700554323196,-72.09928920377877,-72.09928920377877
1976.7800554323196,-72.09019894903737,-72.09019894903737
1976.7900554323196,-72.08108254647259,-72.08108254647259
1976.8000554323196,-72.07194105686708,-72.07194105686708
1976.8100554323196,-72.06277553906195,-72.06277553906195
1976.8200554323196,-72.05358704327432,-72.05358704327432
1976.8300554323196,-72.04437660730368,-72.04437660730368
1976.8400554323196,-72.03514525453058,-72.03514525453058
1976.8500554323196,-72.02589399295118,-72.02589399295118
1976.8600554323195,-72.01662381487812,-72.01662381487812
1976.8700554323195,-72.00733569699874,-72.00733569699874
1976.8800554323198,-71.99803060062472,-71.99803060062472
1976.8900554323197,-71.98870947209305,-71.98870947209305
1976.9000554323197,-71.97937324314117,-71.97937324314117
1976.9100554323197,-71.970022831348,-71.970022831348
1976.9200554323197,-71.9606591405382,-71.9606591405382
1976.9300554323197,-71.95128306113443,-71.95128306113443
1976.9400554323197,-71.94189547054214,-71.94189547054214
1976.9500554323197,-71.93249723344587,-71.93249723344587
1976.9600554323197,-71.923089202121,-71.923089202121
1976.9700554323197,-71.91367221667369,-71.91367221667369
1976.9800554323197,-71.90424710529494,-71.90424710529494
1976.9900554323197,-71.89481468447352,-71.89481468447352
1977.0000554323196,-71.8853757592036,-71.8853757592036
1977.0100554323196,-71.8759311231463,-71.8759311231463
1977.0200554323196,-71.86648155881666,-71.86648155881666
1977.0300554323196,-71.85702783773411,-71.85702783773411
1977.0400554323196,-71.84757072055261,-71.84757072055261
1977.0500554323196,-71.83811095722105,-71.83811095722105
1977.0600554323196,-71.82864928707899,-71.82864928707899
1977.0700554323196,-71.8191864390158,-71.8191864390158
1977.0800554323196,-71.80972313154881,-71.80972313154881
1977.0900554323196,-71.80026007296206,-71.80026007296206
1977.1000554561615,-71.79079793886214,-71.79079793886214
1977.1100554561615,-71.78133746242389,-71.78133746242389
1977.1200554561615,-71.77187929931884,-71.77187929931884
1977.1300554561615,-71.76242411788745,-71.76242411788745
1977.1400554561615,-71.75297257673229,-71.75297257673229
1977.1500554561615,-71.74352532483346,-71.74352532483346
1977.1600554561614,-71.73408300162238,-71.73408300162238
1977.1700554561614,-71.72464623706927,-71.72464623706927
1977.1800554561614,-71.71521565178561,-71.71521565178561
1977.1900554561614,-71.70579185712161,-71.70579185712161
1977.2000554561614,-71.69637545523926,-71.69637545523926
1977.2100554561614,-71.68696703921316,-71.68696703921316
1977.2200554561614,-71.67756719313341,-71.67756719313341
1977.2300554561616,-71.66817649215969,-71.66817649215969
1977.2400554561616,-71.65879550263816,-71.65879550263816
1977.2500554561616,-71.64942478218798,-71.64942478218798
1977.2600554561616,-71.64006487977481,-71.64006487977481
1977.2700554561616,-71.63071633581266,-71.63071633581266
1977.2800554561616,-71.62137968225407,-71.62137968225407
1977.2900554561616,-71.61205544266168,-71.61205544266168
1977.3000554561615,-71.60274413230297,-71.60274413230297
1977.3100554561615,-71.59344625825469,-71.59344625825469
1977.3200554561615,-71.58416231945215,-71.58416231945215
1977.3300554561615,-71.57489280680927,-71.57489280680927
1977.3400554561615,-71.5656382032964,-71.5656382032964
1977.3500554561615,-71.55639898401847,-71.55639898401847
1977.3600554561615,-71.54717561630454,-71.54717561630454
1977.3700554561615,-71.53796855979877,-71.53796855979877
1977.3800554561615,-71.52877826653219,-71.52877826653219
1977.3900554561615,-71.51960518102746,-71.51960518102746
1977.4000554561615,-71.51044974036536,-71.51044974036536
1977.4100554561614,-71.50131237427885,-71.50131237427885
1977.4200554561614,-71.49219350522854,-71.49219350522854
1977.4300554561614,-71.48309354849734,-71.48309354849734
1977.4400554561614,-71.47401291225597,-71.47401291225597
1977.4500554561614,-71.46495199767045,-71.46495199767045
1977.4600554561614,-71.45591119895707,-71.45591119895707
1977.4700554561614,-71.44689090347465,-71.44689090347465
1977.4800554561616,-71.437891491823,-71.437891491823
1977.4900554561616,-71.4289133378937,-71.4289133378937
1977.5000554561616,-71.41995680897199,-71.41995680897199
1977.5100554561616,-71.4110222658046,-71.4110222658046
1977.5200554561616,-71.40211006268021,-71.40211006268021
1977.5300554561616,-71.3932205475021,-71.3932205475021
1977.5400554561616,-71.38435406188633,-71.38435406188633
1977.5500554561615,-71.37551094122503,-71.37551094122503
1977.5600554561615,-71.36669151476389,-71.36669151476389
1977.5700554561615,-71.35789610566414,-71.35789610566414
1977.5800554561615,-71.34912503111028,-71.34912503111028
1977.5900554561615,-71.34037860235252,-71.34037860235252
1977.6000554561615,-71.33165712480296,-71.33165712480296
1977.6100554561615,-71.32296089810323,-71.32296089810323
1977.6200554561615,-71.31429021617929,-71.31429021617929
1977.6300554561615,-71.30564536734977,-71.30564536734977
1977.6400554561615,-71.2970266343661,-71.2970266343661
1977.6500554561615,-71.2884342944913,-71.2884342944913
1977.6600554561614,-71.27986861958549,-71.27986861958549
1977.6700554561614,-71.2713298761486,-71.2713298761486
1977.6800554561614,-71.26281832542175,-71.26281832542175
1977.6900554561614,-71.25433422342036,-71.25433422342036
1977.7000554561614,-71.24587782102765,-71.24587782102765
1977.7100554561614,-71.23744936406592,-71.23744936406592
1977.7200554561614,-71.22904909332904,-71.22904909332904
1977.7300554561616,-71.22067724467743,-71.22067724467743
1977.7400554561616,-71.21233404910458,-71.21233404910458
1977.7500554561616,-71.20401973277644,-71.20401973277644
1977.7600554561616,-71.19573451711717,-71.19573451711717
1977.7700554561616,-71.1874786188708,-71.1874786188708
1977.7800554561616,-71.17925225015269,-71.17925225015269
1977.7900554561616,-71.17105561851865,-71.17105561851865
1977.8000554561615,-71.16288892701675,-71.16288892701675
1977.8100554561615,-71.15475237426142,-71.15475237426142
1977.8200554561615,-71.14664615449745,-71.14664615449745
1977.8300554561615,-71.13857045762434,-71.13857045762434
1977.8400554561615,-71.13052546929592,-71.13052546929592
1977.8500554561615,-71.12251137094934,-71.12251137094934
1977.8600554561615,-71.1145283398859,-71.1145283398859
1977.8700554561615,-71.10657654929466,-71.10657654929466
1977.8800554561615,-71.09865616835167,-71.09865616835167
1977.8900554561615,-71.0907673622391,-71.0907673622391
1977.9000554561615,-71.08291029220268,-71.08291029220268
1977.9100554561614,-71.07508511562861,-71.07508511562861
1977.9200554561614,-71.06729198608478,-71.06729198608478
1977.9300554561614,-71.05953105335595,-71.05953105335595
1977.9400554561614,-71.05180246352782,-71.05180246352782
1977.9500554800034,-71.04410634068864,-71.04410634068864
1977.9600554800033,-71.03644286037115,-71.03644286037115
1977.9700554800033,-71.028812139397,-71.028812139397
1977.9800554800033,-71.02121430949545,-71.02121430949545
1977.9900554800033,-71.01364949892232,-71.01364949892232
1978.0000554800033,-71.00611783251374,-71.00611783251374
1978.0100554800033,-70.99861943174422,-70.99861943174422
1978.0200554800033,-70.99115441476242,-70.99115441476242
1978.0300554800033,-70.983722896437,-70.983722896437
1978.0400554800033,-70.97632498842017,-70.97632498842017
1978.0500554800033,-70.9689607991594,-70.9689607991594
1978.0600554800033,-70.96163043397718,-70.96163043397718
1978.0700554800032,-70.95433399510239,-70.95433399510239
1978.0800554800035,-70.94707158169334,-70.94707158169334
1978.0900554800035,-70.93984328992022,-70.93984328992022
1978.1000554800034,-70.93264921298977,-70.93264921298977
1978.1100554800034,-70.92548944116365,-70.92548944116365
1978.1200554800034,-70.91836406183566,-70.91836406183566
1978.1300554800034,-70.911273159565,-70.911273159565
1978.1400554800034,-70.90421681608825,-70.90421681608825
1978.1500554800034,-70.89719511040376,-70.89719511040376
1978.1600554800034,-70.89020811877195,-70.89020811877195
1978.1700554800034,-70.88325591478089,-70.88325591478089
1978.1800554800034,-70.87633856937171,-70.87633856937171
1978.1900554800034,-70.86945615088327,-70.86945615088327
1978.2000554800034,-70.86260872507954,-70.86260872507954
1978.2100554800033,-70.85579018353815,-70.85579018353815
1978.2200554800033,-70.84899788755206,-70.84899788755206
1978.2300554800033,-70.84223058729268,-70.84223058729268
1978.2400554800033,-70.83548767644186,-70.83548767644186
1978.2500554800033,-70.82876890692386,-70.82876890692386
1978.2600554800033,-70.82207424022602,-70.82207424022602
1978.2700554800033,-70.81540376007759,-70.81540376007759
1978.2800554800033,-70.8087576197995,-70.8087576197995
1978.2900554800033,-70.80213601062545,-70.80213601062545
1978.3000554800033,-70.79553914263889,-70.79553914263889
1978.3100554800033,-70.78896723344835,-70.78896723344835
1978.3200554800032,-70.78242050152693,-70.78242050152693
1978.3300554800035,-70.77589916238021,-70.77589916238021
1978.3400554800035,-70.76940342652205,-70.76940342652205
1978.3500554800034,-70.76293349844661,-70.76293349844661
1978.3600554800034,-70.75648957628877,-70.75648957628877
1978.3700554800034,-70.75007185178183,-70.75007185178183
1978.3800554800034,-70.7436805104644,-70.7436805104644
1978.3900554800034,-70.73731573200088,-70.73731573200088
1978.4000554800034,-70.73097769048636,-70.73097769048636
1978.4100554800034,-70.72466655481544,-70.72466655481544
1978.4200554800034,-70.7183824890096,-70.7183824890096
1978.4300554800034,-70.71212565252627,-70.71212565252627
1978.4400554800034,-70.70589620054122,-70.70589620054122
1978.4500554800034,-70.69969428418422,-70.69969428418422
1978.4600554800033,-70.69352005079101,-70.69352005079101
1978.4700554800033,-70.68737364405642,-70.68737364405642
1978.4800554800033,-70.68125520423118,-70.68125520423118
1978.4900554800033,-70.67516486825292,-70.67516486825292
1978.5000554800033,-70.66910276988719,-70.66910276988719
1978.5100554800033,-70.66306903981958,-70.66306903981958
1978.5200554800033,-70.65706380577848,-70.65706380577848
1978.5300554800033,-70.6510871925833,-70.6510871925833
1978.5400554800033,-70.64513932224843,-70.64513932224843
1978.5500554800033,-70.63922031403561,-70.63922031403561
1978.5600554800033,-70.63333028449681,-70.63333028449681
1978.5700554800032,-70.62746934754547,-70.62746934754547
1978.5800554800035,-70.62163761447991,-70.62163761447991
1978.5900554800035,-70.61583519403717,-70.61583519403717
1978.6000554800034,-70.61006219241237,-70.61006219241237
1978.6100554800034,-70.60431871330516,-70.60431871330516
1978.6200554800034,-70.59860485794233,-70.59860485794233
1978.6300554800034,-70.59292072510867,-70.59292072510867
1978.6400554800034,-70.58726641114805,-70.58726641114805
1978.6500554800034,-70.58164201000922,-70.58164201000922
1978.6600554800034,-70.57604761327192,-70.57604761327192
1978.6700554800034,-70.57048331016095,-70.57048331016095
1978.6800554800034,-70.56494918753569,-70.56494918753569
1978.6900554800034,-70.55944532996432,-70.55944532996432
1978.7000554800034,-70.55397181968986,-70.55397181968986
1978.7100554800033,-70.54852873668823,-70.54852873668823
1978.7200554800033,-70.54311615867368,-70.54311615867368
1978.7300554800033,-70.53773416109365,-70.53773416109365
1978.7400554800033,-70.53238281717675,-70.53238281717675
1978.7500554800033,-70.5270621979326,-70.5270621979326
1978.7600554800033,-70.52177237218235,-70.52177237218235
1978.7700554800033,-70.51651340656393,-70.51651340656393
1978.7800554800033,-70.51128536555402,-70.51128536555402
1978.7900554800033,-70.50608831149476,-70.50608831149476
1978.8000555038452,-70.5009222923028,-70.5009222923028
1978.8100555038452,-70.49578739075302,-70.49578739075302
1978.8200555038452,-70.49068365048072,-70.49068365048072
1978.8300555038452,-70.48561112543568,-70.48561112543568
1978.8400555038452,-70.48056986751472,-70.48056986751472
1978.8500555038452,-70.47555992658376,-70.47555992658376
1978.8600555038452,-70.47058135048826,-70.47058135048826
1978.8700555038452,-70.46563418509007,-70.46563418509007
1978.8800555038451,-70.46071847426134,-70.46071847426134
1978.8900555038451,-70.45583425991813,-70.45583425991813
1978.9000555038451,-70.45098158204594,-70.45098158204594
1978.9100555038451,-70.44616047871651,-70.44616047871651
1978.920055503845,-70.44137098609426,-70.44137098609426
1978.9300555038453,-70.4366131384638,-70.4366131384638
1978.9400555038453,-70.43188696826108,-70.43188696826108
1978.9500555038453,-70.42719250606945,-70.42719250606945
1978.9600555038453,-70.42252978066722,-70.42252978066722
1978.9700555038453,-70.41789881902265,-70.41789881902265
1978.9800555038453,-70.41329964633243,-70.41329964633243
1978.9900555038453,-70.40873228602786,-70.40873228602786
1979.0000555038453,-70.40419675981579,-70.40419675981579
1979.0100555038453,-70.39969308767209,-70.39969308767209
1979.0200555038452,-70.39522128786959,-70.39522128786959
1979.0300555038452,-70.39078137701725,-70.39078137701725
1979.0400555038452,-70.38637337005966,-70.38637337005966
1979.0500555038452,-70.3819972802955,-70.3819972802955
1979.0600555038452,-70.3776531194239,-70.3776531194239
1979.0700555038452,-70.3733408975347,-70.3733408975347
1979.0800555038452,-70.36906062313828,-70.36906062313828
1979.0900555038452,-70.36481230320122,-70.36481230320122
1979.1000555038452,-70.36059594313875,-70.36059594313875
1979.1100555038452,-70.3564115468551,-70.3564115468551
1979.1200555038452,-70.35225911676108,-70.35225911676108
1979.1300555038451,-70.34813865377807,-70.34813865377807
1979.1400555038451,-70.34405015737741,-70.34405015737741
1979.1500555038451,-70.33999362559986,-70.33999362559986
1979.1600555038451,-70.33596905505384,-70.33596905505384
1979.170055503845,-70.33197644094793,-70.33197644094793
1979.1800555038453,-70.32801577712421,-70.32801577712421
1979.1900555038453,-70.3240870560558,-70.3240870560558
1979.2000555038453,-70.32019026886915,-70.32019026886915
1979.2100555038453,-70.31631927924029,-70.31631927924029
1979.2200555038453,-70.31247139538706,-70.31247139538706
1979.2300555038453,-70.30864530438338,-70.30864530438338
1979.2400555038453,-70.30484033246758,-70.30484033246758
1979.2500555038453,-70.3010561620257,-70.3010561620257
1979.2600555038453,-70.29729268426425,-70.29729268426425
1979.2700555038452,-70.2935499125992,-70.2935499125992
1979.2800555038452,-70.2898279305372,-70.2898279305372
1979.2900555038452,-70.2861268602934,-70.2861268602934
1979.3000555038452,-70.28244684390806,-70.28244684390806
1979.3100555038452,-70.27878803200615,-70.27878803200615
1979.3200555038452,-70.27515057719113,-70.27515057719113
1979.3300555038452,-70.27153463027156,-70.27153463027156
1979.3400555038452,-70.267940338222,-70.267940338222
1979.3500555038452,-70.26436784315119,-70.26436784315119
1979.3600555038452,-70.26081728193968,-70.26081728193968
1979.3700555038452,-70.25728878619961,-70.25728878619961
1979.3800555038451,-70.25378248245863,-70.25378248245863
1979.3900555038451,-70.25029849244208,-70.25029849244208
1979.4000555038451,-70.2468369333862,-70.2468369333862
1979.4100555038451,-70.24339791835916,-70.24339791835916
1979.420055503845,-70.23998155658992,-70.23998155658992
1979.4300555038453,-70.23658795374806,-70.23658795374806
1979.4400555038453,-70.23321721220982,-70.23321721220982
1979.4500555038453,-70.22986943127859,-70.22986943127859
1979.4600555038453,-70.22654470739394,-70.22654470739394
1979.4700555038453,-70.22324313432692,-70.22324313432692
1979.4800555038453,-70.21996480330702,-70.21996480330702
1979.4900555038453,-70.21670980315504,-70.21670980315504
1979.5000555038453,-70.21347822042117,-70.21347822042117
1979.5100555038453,-70.21027013945012,-70.21027013945012
1979.5200555038452,-70.2070856424867,-70.2070856424867
1979.5300555038452,-70.2039248097375,-70.2039248097375
1979.5400555038452,-70.20078771942443,-70.20078771942443
1979.5500555038452,-70.19767444784489,-70.19767444784489
1979.5600555038452,-70.1945850694085,-70.1945850694085
1979.5700555038452,-70.1915196566848,-70.1915196566848
1979.5800555038452,-70.18847828041382,-70.18847828041382
1979.5900555038452,-70.18546100957505,-70.18546100957505
1979.6000555038452,-70.18246791135653,-70.18246791135653
1979.6100555038452,-70.1794990512143,-70.1794990512143
1979.6200555038452,-70.17655449287554,-70.17655449287554
1979.6300555038451,-70.17363429836384,-70.17363429836384
1979.6400555038451,-70.17073852800048,-70.17073852800048
1979.650055527687,-70.1678672336069,-70.1678672336069
1979.660055527687,-70.16502048587641,-70.16502048587641
1979.670055527687,-70.16219833321159,-70.16219833321159
1979.680055527687,-70.15940082929113,-70.15940082929113
1979.690055527687,-70.15662802612906,-70.15662802612906
1979.700055527687,-70.15387997412044,-70.15387997412044
1979.710055527687,-70.15115672203606,-70.15115672203606
1979.720055527687,-70.14845831703477,-70.14845831703477
1979.730055527687,-70.14578480466956,-70.14578480466956
1979.740055527687,-70.14313622890313,-70.14313622890313
1979.750055527687,-70.14051263211067,-70.14051263211067
1979.760055527687,-70.13791405509453,-70.13791405509453
1979.770055527687,-70.13534053708568,-70.13534053708568
1979.7800555276872,-70.13279211575583,-70.13279211575583
1979.7900555276872,-70.13026882724103,-70.13026882724103
1979.8000555276872,-70.12777070612877,-70.12777070612877
1979.8100555276872,-70.12529778548247,-70.12529778548247
1979.8200555276871,-70.12285009685658,-70.12285009685658
1979.8300555276871,-70.12042767028478,-70.12042767028478
1979.8400555276871,-70.11803053432592,-70.11803053432592
1979.8500555276871,-70.11565871604446,-70.11565871604446
1979.860055527687,-70.11331224103171,-70.11331224103171
1979.870055527687,-70.11099113341399,-70.11099113341399
1979.880055527687,-70.10869541589265,-70.10869541589265
1979.890055527687,-70.10642510970557,-70.10642510970557
1979.900055527687,-70.10418023468672,-70.10418023468672
1979.910055527687,-70.1019608092443,-70.1019608092443
1979.920055527687,-70.09976685041214,-70.09976685041214
1979.930055527687,-70.09759837381377,-70.09759837381377
1979.940055527687,-70.09545539371348,-70.09545539371348
1979.950055527687,-70.09333792302748,-70.09333792302748
1979.960055527687,-70.09124597331144,-70.09124597331144
1979.970055527687,-70.08917955479464,-70.08917955479464
1979.980055527687,-70.08713867639062,-70.08713867639062
1979.990055527687,-70.08512334571557,-70.08512334571557
1980.000055527687,-70.0831335690938,-70.0831335690938
1980.010055527687,-70.08116935157021,-70.08116935157021
1980.020055527687,-70.07923069693076,-70.07923069693076
1980.0300555276872,-70.07731760773237,-70.07731760773237
1980.0400555276872,-70.07543008527962,-70.07543008527962
1980.0500555276872,-70.07356812965763,-70.07356812965763
1980.0600555276872,-70.07173173977723,-70.07173173977723
1980.0700555276871,-70.06992091333568,-70.06992091333568
1980.0800555276871,-70.06813564686377,-70.06813564686377
1980.0900555276871,-70.06637593573663,-70.06637593573663
1980.1000555276871,-70.06464177418593,-70.06464177418593
1980.110055527687,-70.0629331553104,-70.0629331553104
1980.120055527687,-70.06125007110003,-70.06125007110003
1980.130055527687,-70.05959251243702,-70.05959251243702
1980.140055527687,-70.05796046912656,-70.05796046912656
1980.150055527687,-70.05635392989721,-70.05635392989721
1980.160055527687,-70.05477288242388,-70.05477288242388
1980.170055527687,-70.05321731334142,-70.05321731334142
1980.180055527687,-70.05168720825328,-70.05168720825328
1980.190055527687,-70.05018255175715,-70.05018255175715
1980.200055527687,-70.04870332744161,-70.04870332744161
1980.210055527687,-70.04724951792272,-70.04724951792272
1980.220055527687,-70.04582110483992,-70.04582110483992
1980.230055527687,-70.04441806888002,-70.04441806888002
1980.240055527687,-70.04304038978749,-70.04304038978749
1980.250055527687,-70.0416880463734,-70.0416880463734
1980.260055527687,-70.0403610165514,-70.0403610165514
1980.270055527687,-70.03905927730872,-70.03905927730872
1980.2800555276872,-70.03778280477405,-70.03778280477405
1980.2900555276872,-70.0365315741936,-70.0365315741936
1980.3000555276872,-70.03530555995269,-70.03530555995269
1980.3100555276872,-70.03410473559005,-70.03410473559005
1980.3200555276871,-70.03292907381243,-70.03292907381243
1980.3300555276871,-70.03177854651575,-70.03177854651575
1980.3400555276871,-70.03065312478107,-70.03065312478107
1980.3500555276871,-70.0295527789018,-70.0295527789018
1980.360055527687,-70.0284774783999,-70.0284774783999
1980.370055527687,-70.02742719201217,-70.02742719201217
1980.380055527687,-70.0264018877327,-70.0264018877327
1980.390055527687,-70.02540153282203,-70.02540153282203
1980.400055527687,-70.02442609379476,-70.02442609379476
1980.410055527687,-70.02347553645399,-70.02347553645399
1980.420055527687,-70.0225498259103,-70.0225498259103
1980.430055527687,-70.02164892656742,-70.02164892656742
1980.440055527687,-70.02077280215366,-70.02077280215366
1980.450055527687,-70.01992141573376,-70.01992141573376
1980.460055527687,-70.01909472971248,-70.01909472971248
1980.470055527687,-70.01829270584528,-70.01829270584528
1980.480055527687,-70.01751530527243,-70.01751530527243
1980.490055527687,-70.01676248847701,-70.01676248847701
1980.500055551529,-70.01603421364008,-70.01603421364008
1980.510055551529,-70.01533044358607,-70.01533044358607
1980.520055551529,-70.01465113519512,-70.01465113519512
1980.530055551529,-70.01399624660985,-70.01399624660985
1980.540055551529,-70.01336573539216,-70.01336573539216
1980.5500555515289,-70.01275955854717,-70.01275955854717
1980.5600555515289,-70.01217767253316,-70.01217767253316
1980.5700555515289,-70.01162003326978,-70.01162003326978
1980.5800555515289,-70.01108659615608,-70.01108659615608
1980.5900555515288,-70.0105773160734,-70.0105773160734
1980.6000555515288,-70.01009214740334,-70.01009214740334
1980.6100555515288,-70.0096310440182,-70.0096310440182
1980.6200555515288,-70.0091939593218,-70.0091939593218
1980.630055551529,-70.00878084623031,-70.00878084623031
1980.640055551529,-70.00839165720264,-70.00839165720264
1980.650055551529,-70.00802634422925,-70.00802634422925
1980.660055551529,-70.00768485886793,-70.00768485886793
1980.670055551529,-70.00736715222602,-70.00736715222602
1980.680055551529,-70.007073174981,-70.007073174981
1980.690055551529,-70.00680287739566,-70.00680287739566
1980.700055551529,-70.00655620931981,-70.00655620931981
1980.710055551529,-70.00633312020133,-70.00633312020133
1980.720055551529,-70.00613355909618,-70.00613355909618
1980.730055551529,-70.00595747465964,-70.00595747465964
1980.740055551529,-70.00580481518985,-70.00580481518985
1980.750055551529,-70.0056755286012,-70.0056755286012
1980.760055551529,-70.00556956245508,-70.00556956245508
1980.770055551529,-70.00548686394811,-70.00548686394811
1980.780055551529,-70.00542737995063,-70.00542737995063
1980.790055551529,-70.00539105697634,-70.00539105697634
1980.8000555515289,-70.0053778412191,-70.0053778412191
1980.8100555515289,-70.00538767855106,-70.00538767855106
1980.8200555515289,-70.005420514526,-70.005420514526
1980.8300555515289,-70.00547629439514,-70.00547629439514
1980.8400555515288,-70.00555496310203,-70.00555496310203
1980.8500555515288,-70.00565646529672,-70.00565646529672
1980.8600555515288,-70.00578074536296,-70.00578074536296
1980.8700555515288,-70.00592774737578,-70.00592774737578
1980.880055551529,-70.0060974151622,-70.0060974151622
1980.890055551529,-70.00628969227625,-70.00628969227625
1980.900055551529,-70.0065045220102,-70.0065045220102
1980.910055551529,-70.00674184740268,-70.00674184740268
1980.920055551529,-70.00700161125629,-70.00700161125629
1980.930055551529,-70.00728375612661,-70.00728375612661
1980.940055551529,-70.00758822433926,-70.00758822433926
1980.950055551529,-70.00791495799366,-70.00791495799366
1980.960055551529,-70.00826389896937,-70.00826389896937
1980.970055551529,-70.00863498893156,-70.00863498893156
1980.980055551529,-70.00902816933663,-70.00902816933663
1980.990055551529,-70.0094433814397,-70.0094433814397
1981.000055551529,-70.00988056629208,-70.00988056629208
1981.010055551529,-70.01033966476481,-70.01033966476481
1981.020055551529,-70.01082061753266,-70.01082061753266
1981.030055551529,-70.01132336509376,-70.01132336509376
1981.040055551529,-70.01184784777553,-70.01184784777553
1981.0500555515289,-70.01239400574362,-70.01239400574362
1981.0600555515289,-70.01296177898023,-70.01296177898023
1981.0700555515289,-70.01355110732122,-70.01355110732122
1981.0800555515289,-70.01416193045168,-70.01416193045168
1981.0900555515288,-70.01479418789758,-70.01479418789758
1981.1000555515288,-70.01544781905073,-70.01544781905073
1981.1100555515288,-70.01612276315434,-70.01612276315434
1981.1200555515288,-70.01681895932806,-70.01681895932806
1981.130055551529,-70.01753634656934,-70.01753634656934
1981.140055551529,-70.01827486372409,-70.01827486372409
1981.150055551529,-70.01903444954077,-70.01903444954077
1981.160055551529,-70.01981504264725,-70.01981504264725
1981.170055551529,-70.02061658155668,-70.02061658155668
1981.180055551529,-70.021439004677,-70.021439004677
1981.190055551529,-70.0222822503262,-70.0222822503262
1981.200055551529,-70.0231462567038,-70.0231462567038
1981.210055551529,-70.02402485719809,-70.02402485719809
1981.220055551529,-70.02491531628951,-70.02491531628951
1981.230055551529,-70.02581627164983,-70.02581627164983
1981.240055551529,-70.02672699751257,-70.02672699751257
1981.250055551529,-70.02764712314153,-70.02764712314153
1981.260055551529,-70.02857648640116,-70.02857648640116
1981.270055551529,-70.02951504777819,-70.02951504777819
1981.280055551529,-70.03046283867812,-70.03046283867812
1981.290055551529,-70.0314199303047,-70.0314199303047
1981.3000555515289,-70.03238641494431,-70.03238641494431
1981.3100555515289,-70.03336239482722,-70.03336239482722
1981.3200555515289,-70.03434797556085,-70.03434797556085
1981.3300555515289,-70.035343262396,-70.035343262396
1981.3400555515288,-70.03634835814978,-70.03634835814978
1981.3500555753708,-70.03736336461053,-70.03736336461053
1981.3600555753708,-70.03838837248114,-70.03838837248114
1981.3700555753708,-70.03942347576056,-70.03942347576056
1981.3800555753708,-70.04046876229476,-70.04046876229476
1981.3900555753708,-70.04152431642397,-70.04152431642397
1981.4000555753707,-70.0425902192748,-70.0425902192748
1981.4100555753707,-70.04366654904265,-70.04366654904265
1981.4200555753707,-70.04475338126959,-70.04475338126959
1981.4300555753707,-70.04585078914198,-70.04585078914198
1981.4400555753707,-70.0469588436912,-70.0469588436912
1981.4500555753707,-70.04807761400741,-70.04807761400741
1981.4600555753707,-70.04920106058772,-70.04920106058772
1981.4700555753707,-70.05032657475046,-70.05032657475046
1981.480055575371,-70.05145291997042,-70.05145291997042
1981.490055575371,-70.05257949515578,-70.05257949515578
1981.5000555753709,-70.05370605310206,-70.05370605310206
1981.5100555753709,-70.05483255413121,-70.05483255413121
1981.5200555753709,-70.05595908016421,-70.05595908016421
1981.5300555753709,-70.05708578308226,-70.05708578308226
1981.5400555753708,-70.05821285363949,-70.05821285363949
1981.5500555753708,-70.05934050279775,-70.05934050279775
1981.5600555753708,-70.06046895057935,-70.06046895057935
1981.5700555753708,-70.06159841954812,-70.06159841954812
1981.5800555753708,-70.06272913108202,-70.06272913108202
1981.5900555753708,-70.0638613032826,-70.0638613032826
1981.6000555753708,-70.06499514997549,-70.06499514997549
1981.6100555753708,-70.06613088031384,-70.06613088031384
1981.6200555753708,-70.06726869871147,-70.06726869871147
1981.6300555753708,-70.0684088049776,-70.0684088049776
1981.6400555753708,-70.06955139457294,-70.06955139457294
1981.6500555753707,-70.07069665889222,-70.07069665889222
1981.6600555753707,-70.07184478553569,-70.07184478553569
1981.6700555753707,-70.07299595861076,-70.07299595861076
1981.6800555753707,-70.07415035896773,-70.07415035896773
1981.6900555753707,-70.07530816442602,-70.07530816442602
1981.7000555753707,-70.07646954997736,-70.07646954997736
1981.7100555753707,-70.07763468797245,-70.07763468797245
1981.7200555753707,-70.07880374822496,-70.07880374822496
1981.730055575371,-70.07997689818133,-70.07997689818133
1981.740055575371,-70.08115430298571,-70.08115430298571
1981.7500555753709,-70.08233612559457,-70.08233612559457
1981.7600555753709,-70.08352252683136,-70.08352252683136
1981.7700555753709,-70.08471366544178,-70.08471366544178
1981.7800555753709,-70.08590969815027,-70.08590969815027
1981.7900555753708,-70.08711077970203,-70.08711077970203
1981.8000555753708,-70.08831706287283,-70.08831706287283
1981.8100555753708,-70.08952869850667,-70.08952869850667
1981.8200555753708,-70.09074583552785,-70.09074583552785
1981.8300555753708,-70.0919686209691,-70.0919686209691
1981.8400555753708,-70.09319719995675,-70.09319719995675
1981.8500555753708,-70.09443171573693,-70.09443171573693
1981.8600555753708,-70.09567230966915,-70.09567230966915
1981.8700555753708,-70.09691912125062,-70.09691912125062
1981.8800555753708,-70.09817228808863,-70.09817228808863
1981.8900555753708,-70.09943194591771,-70.09943194591771
1981.9000555753707,-70.1006982286032,-70.1006982286032
1981.9100555753707,-70.10197126813092,-70.10197126813092
1981.9200555753707,-70.10325119461022,-70.10325119461022
1981.9300555753707,-70.1045381362812,-70.1045381362812
1981.9400555753707,-70.10583221950968,-70.10583221950968
1981.9500555753707,-70.1071335687768,-70.1071335687768
1981.9600555753707,-70.10844230669447,-70.10844230669447
1981.9700555753707,-70.10975855399909,-70.10975855399909
1981.980055575371,-70.11108242954718,-70.11108242954718
1981.990055575371,-70.1124140503418,-70.1124140503418
1982.0000555753709,-70.11375353150257,-70.11375353150257
1982.0100555753709,-70.11510098628158,-70.11510098628158
1982.0200555753709,-70.11645652607297,-70.11645652607297
1982.0300555753709,-70.11782026041449,-70.11782026041449
1982.0400555753708,-70.11919229698589,-70.11919229698589
1982.0500555753708,-70.12057274161711,-70.12057274161711
1982.0600555753708,-70.1219616982922,-70.1219616982922
1982.0700555753708,-70.12335926915785,-70.12335926915785
1982.0800555753708,-70.1247655545447,-70.1247655545447
1982.0900555753708,-70.12618065295119,-70.12618065295119
1982.1000555753708,-70.1276046610662,-70.1276046610662
1982.1100555753708,-70.12903767376059,-70.12903767376059
1982.1200555753708,-70.13047978413194,-70.13047978413194
1982.1300555753708,-70.13193108347238,-70.13193108347238
1982.1400555753708,-70.13339166131315,-70.13339166131315
1982.1500555753707,-70.1348616054006,-70.1348616054006
1982.1600555753707,-70.13634100175152,-70.13634100175152
1982.1700555753707,-70.13782993462095,-70.13782993462095
1982.1800555753707,-70.13932848655274,-70.13932848655274
1982.1900555753707,-70.14083673835204,-70.14083673835204
1982.2000555992126,-70.1423547727572,-70.1423547727572
1982.2100555992126,-70.14388265997167,-70.14388265997167
1982.2200555992126,-70.1454204793286,-70.1454204793286
1982.2300555992126,-70.14696830489821,-70.14696830489821
1982.2400555992126,-70.14852620910953,-70.14852620910953
1982.2500555992126,-70.15009426275871,-70.15009426275871
1982.2600555992126,-70.15167253500444,-70.15167253500444
1982.2700555992126,-70.1532610934054,-70.1532610934054
1982.2800555992126,-70.15486000392937,-70.15486000392937
1982.2900555992126,-70.15646933096008,-70.15646933096008
1982.3000555992126,-70.15808913733517,-70.15808913733517
1982.3100555992125,-70.15971948433149,-70.15971948433149
1982.3200555992125,-70.16136043169955,-70.16136043169955
1982.3300555992128,-70.16301203767499,-70.16301203767499
1982.3400555992127,-70.16467435899013,-70.16467435899013
1982.3500555992127,-70.16634745089851,-70.16634745089851
1982.3600555992127,-70.16803136718457,-70.16803136718457
1982.3700555992127,-70.16972616018461,-70.16972616018461
1982.3800555992127,-70.17143188079142,-70.17143188079142
1982.3900555992127,-70.17314857848606,-70.17314857848606
1982.4000555992127,-70.17487630135452,-70.17487630135452
1982.4100555992127,-70.17661509607107,-70.17661509607107
1982.4200555992127,-70.17836500796459,-70.17836500796459
1982.4300555992127,-70.18012608099919,-70.18012608099919
1982.4400555992127,-70.18189835779971,-70.18189835779971
1982.4500555992126,-70.1836818796802,-70.1836818796802
1982.4600555992126,-70.1854766866407,-70.1854766866407
1982.4700555992126,-70.18728281739868,-70.18728281739868
1982.4800555992126,-70.1891003093863,-70.1891003093863
1982.4900555992126,-70.19092919879202,-70.19092919879202
1982.5000555992126,-70.19276952056008,-70.19276952056008
1982.5100555992126,-70.19462130840765,-70.19462130840765
1982.5200555992126,-70.19648459484765,-70.19648459484765
1982.5300555992126,-70.19835941120479,-70.19835941120479
1982.5400555992126,-70.20024578761682,-70.20024578761682
1982.5500555992126,-70.20214375306503,-70.20214375306503
1982.5600555992125,-70.20405333538645,-70.20405333538645
1982.5700555992125,-70.20597456129235,-70.20597456129235
1982.5800555992128,-70.20790745636886,-70.20790745636886
1982.5900555992127,-70.20985204511686,-70.20985204511686
1982.6000555992127,-70.2118083509487,-70.2118083509487
1982.6100555992127,-70.21377639619774,-70.21377639619774
1982.6200555992127,-70.21575620216151,-70.21575620216151
1982.6300555992127,-70.21774778909763,-70.21774778909763
1982.6400555992127,-70.21975117622522,-70.21975117622522
1982.6500555992127,-70.22176638176896,-70.22176638176896
1982.6600555992127,-70.22379342295697,-70.22379342295697
1982.6700555992127,-70.22583231602692,-70.22583231602692
1982.6800555992127,-70.22788307626399,-70.22788307626399
1982.6900555992127,-70.22994571800754,-70.22994571800754
1982.7000555992126,-70.23202025464765,-70.23202025464765
1982.7100555992126,-70.23410669864613,-70.23410669864613
1982.7200555992126,-70.23620506157516,-70.23620506157516
1982.7300555992126,-70.23831535410122,-70.23831535410122
1982.7400555992126,-70.24043758600908,-70.24043758600908
1982.7500555992126,-70.24257176621082,-70.24257176621082
1982.7600555992126,-70.24471790277877,-70.24471790277877
1982.7700555992126,-70.24687600293123,-70.24687600293123
1982.7800555992126,-70.2490460730535,-70.2490460730535
1982.7900555992126,-70.2512281187285,-70.2512281187285
1982.8000555992126,-70.25342214472425,-70.25342214472425
1982.8100555992125,-70.25562815503203,-70.25562815503203
1982.8200555992125,-70.25784615284918,-70.25784615284918
1982.8300555992128,-70.26007614061976,-70.26007614061976
1982.8400555992127,-70.26231812003165,-70.26231812003165
1982.8500555992127,-70.2645720920237,-70.2645720920237
1982.8600555992127,-70.26683805681044,-70.26683805681044
1982.8700555992127,-70.26911601389834,-70.26911601389834
1982.8800555992127,-70.2714059620653,-70.2714059620653
1982.8900555992127,-70.27370789942,-70.27370789942
1982.9000555992127,-70.27602182336946,-70.27602182336946
1982.9100555992127,-70.27834773065827,-70.27834773065827
1982.9200555992127,-70.28068561737197,-70.28068561737197
1982.9300555992127,-70.28303547893628,-70.28303547893628
1982.9400555992127,-70.2853973101424,-70.2853973101424
1982.9500555992126,-70.28777110515351,-70.28777110515351
1982.9600555992126,-70.29015685752064,-70.29015685752064
1982.9700555992126,-70.29255456017826,-70.29255456017826
1982.9800555992126,-70.29496420547157,-70.29496420547157
1982.9900555992126,-70.29738578514714,-70.29738578514714
1983.0000555992126,-70.29981929039357,-70.29981929039357
1983.0100555992126,-70.30226471181459,-70.30226471181459
1983.0200555992126,-70.30472203945912,-70.30472203945912
1983.0300555992126,-70.30719126284596,-70.30719126284596
1983.0400555992126,-70.30967237092518,-70.30967237092518
1983.0500556230545,-70.31216535809102,-70.31216535809102
1983.0600556230545,-70.31467020041804,-70.31467020041804
1983.0700556230545,-70.31718689120477,-70.31718689120477
1983.0800556230545,-70.31971541735435,-70.31971541735435
1983.0900556230545,-70.32225576530062,-70.32225576530062
1983.1000556230545,-70.32480792096177,-70.32480792096177
1983.1100556230544,-70.32737186979571,-70.32737186979571
1983.1200556230544,-70.32994759679879,-70.32994759679879
1983.1300556230544,-70.3325350865007,-70.3325350865007
1983.1400556230544,-70.33513432297751,-70.33513432297751
1983.1500556230544,-70.33774528987314,-70.33774528987314
1983.1600556230544,-70.34036797038999,-70.34036797038999
1983.1700556230544,-70.34300234731057,-70.34300234731057
1983.1800556230546,-70.34564840299826,-70.34564840299826
1983.1900556230546,-70.34830611941051,-70.34830611941051
1983.2000556230546,-70.35097547808293,-70.35097547808293
1983.2100556230546,-70.35365646018305,-70.35365646018305
1983.2200556230546,-70.35634904647638,-70.35634904647638
1983.2300556230546,-70.35905321734548,-70.35905321734548
1983.2400556230546,-70.36176895281426,-70.36176895281426
1983.2500556230545,-70.36449623252507,-70.36449623252507
1983.2600556230545,-70.36723503576705,-70.36723503576705
1983.2700556230545,-70.3699853414742,-70.3699853414742
1983.2800556230545,-70.3727471282492,-70.3727471282492
1983.2900556230545,-70.37552037434135,-70.37552037434135
1983.3000556230545,-70.37830505766546,-70.37830505766546
1983.3100556230545,-70.38110115582474,-70.38110115582474
1983.3200556230545,-70.38390864610301,-70.38390864610301
1983.3300556230545,-70.3867275054591,-70.3867275054591
1983.3400556230545,-70.38955771054837,-70.38955771054837
1983.3500556230545,-70.3923992377316,-70.3923992377316
1983.3600556230544,-70.3952520630707,-70.3952520630707
1983.3700556230544,-70.39811616233983,-70.39811616233983
1983.3800556230544,-70.40099151103996,-70.40099151103996
1983.3900556230544,-70.40387808438301,-70.40387808438301
1983.4000556230544,-70.40677585730833,-70.40677585730833
1983.4100556230544,-70.40968480450424,-70.40968480450424
1983.4200556230544,-70.41260490039335,-70.41260490039335
1983.4300556230546,-70.41553611912951,-70.41553611912951
1983.4400556230546,-70.41847843463755,-70.41847843463755
1983.4500556230546,-70.42143182059502,-70.42143182059502
1983.4600556230546,-70.4243901094488,-70.4243901094488
1983.4700556230546,-70.42735058400895,-70.42735058400895
1983.4800556230546,-70.43031190720781,-70.43031190720781
1983.4900556230546,-70.43327338123085,-70.43327338123085
1983.5000556230545,-70.43623466459506,-70.43623466459506
1983.5100556230545,-70.43919562508339,-70.43919562508339
1983.5200556230545,-70.44215625347353,-70.44215625347353
1983.5300556230545,-70.44511661169912,-70.44511661169912
1983.5400556230545,-70.4480768016232,-70.4480768016232
1983.5500556230545,-70.451036946319,-70.451036946319
1983.5600556230545,-70.45399717889559,-70.45399717889559
1983.5700556230545,-70.45695763594173,-70.45695763594173
1983.5800556230545,-70.45991845373365,-70.45991845373365
1983.5900556230545,-70.46287976621079,-70.46287976621079
1983.6000556230545,-70.46584170391428,-70.46584170391428
1983.6100556230544,-70.46880439358469,-70.46880439358469
1983.6200556230544,-70.47176795810088,-70.47176795810088
1983.6300556230544,-70.47473251663178,-70.47473251663178
1983.6400556230544,-70.47769818483837,-70.47769818483837
1983.6500556230544,-70.48066507520386,-70.48066507520386
1983.6600556230544,-70.48363329729787,-70.48363329729787
1983.6700556230544,-70.4866029580462,-70.4866029580462
1983.6800556230546,-70.48957416200709,-70.48957416200709
1983.6900556230546,-70.49254701157419,-70.49254701157419
1983.7000556230546,-70.49552160720184,-70.49552160720184
1983.7100556230546,-70.49849804756323,-70.49849804756323
1983.7200556230546,-70.5014764297089,-70.5014764297089
1983.7300556230546,-70.50445684918623,-70.50445684918623
1983.7400556230546,-70.50743940013457,-70.50743940013457
1983.7500556230545,-70.51042417539524,-70.51042417539524
1983.7600556230545,-70.51341126656952,-70.51341126656952
1983.7700556230545,-70.51640076409085,-70.51640076409085
1983.7800556230545,-70.51939275725061,-70.51939275725061
1983.7900556230545,-70.52238733426175,-70.52238733426175
1983.8000556230545,-70.52538458227703,-70.52538458227703
1983.8100556230545,-70.52838458741668,-70.52838458741668
1983.8200556230545,-70.5313874347925,-70.5313874347925
1983.8300556230545,-70.53439320850411,-70.53439320850411
1983.8400556230545,-70.53740199166339,-70.53740199166339
1983.8500556230545,-70.54041386640134,-70.54041386640134
1983.8600556230544,-70.54342891387104,-70.54342891387104
1983.8700556230544,-70.54644721425393,-70.54644721425393
1983.8800556230544,-70.54946884674521,-70.54946884674521
1983.8900556230544,-70.55249388956459,-70.55249388956459
1983.9000556468964,-70.55552242716618,-70.55552242716618
1983.9100556468964,-70.55855452139281,-70.55855452139281
1983.9200556468963,-70.56159025472155,-70.56159025472155
1983.9300556468963,-70.56462970142758,-70.56462970142758
1983.9400556468963,-70.56767293481268,-70.56767293481268
1983.9500556468963,-70.57072002717179,-70.57072002717179
1983.9600556468963,-70.57377104979291,-70.57377104979291
1983.9700556468963,-70.57682607296947,-70.57682607296947
1983.9800556468963,-70.57988516598945,-70.57988516598945
1983.9900556468963,-70.58294839711884,-70.58294839711884
1984.0000556468963,-70.58601583361796,-70.58601583361796
1984.0100556468963,-70.58908754173613,-70.58908754173613
1984.0200556468963,-70.59216358669222,-70.59216358669222
1984.0300556468965,-70.59524403268976,-70.59524403268976
1984.0400556468965,-70.59832894290943,-70.59832894290943
1984.0500556468965,-70.60141837951333,-70.60141837951333
1984.0600556468964,-70.60451240363872,-70.60451240363872
1984.0700556468964,-70.60761107540647,-70.60761107540647
1984.0800556468964,-70.61071445390192,-70.61071445390192
1984.0900556468964,-70.61382259719694,-70.61382259719694
1984.1000556468964,-70.61693556233911,-70.61693556233911
1984.1100556468964,-70.62005340535947,-70.62005340535947
1984.1200556468964,-70.623176181279,-70.623176181279
1984.1300556468964,-70.62630394408306,-70.62630394408306
1984.1400556468964,-70.6294367467679,-70.6294367467679
1984.1500556468964,-70.63257464130376,-70.63257464130376
1984.1600556468964,-70.63571767867394,-70.63571767867394
1984.1700556468963,-70.63886590884059,-70.63886590884059
1984.1800556468963,-70.64201938078389,-70.64201938078389
1984.1900556468963,-70.64517814248791,-70.64517814248791
1984.2000556468963,-70.64834224095195,-70.64834224095195
1984.2100556468963,-70.6515117221863,-70.6515117221863
1984.2200556468963,-70.6546866312302,-70.6546866312302
1984.2300556468963,-70.65786701215168,-70.65786701215168
1984.2400556468963,-70.66105290804792,-70.66105290804792
1984.2500556468963,-70.664244361063,-70.664244361063
1984.2600556468963,-70.66744141239597,-70.66744141239597
1984.2700556468963,-70.67064410228541,-70.67064410228541
1984.2800556468965,-70.67385247003251,-70.67385247003251
1984.2900556468965,-70.67706655402978,-70.67706655402978
1984.3000556468965,-70.68028639171946,-70.68028639171946
1984.3100556468964,-70.68351201963192,-70.68351201963192
1984.3200556468964,-70.68674347340861,-70.68674347340861
1984.3300556468964,-70.68998078776163,-70.68998078776163
1984.3400556468964,-70.69322399653288,-70.69322399653288
1984.3500556468964,-70.69647313266917,-70.69647313266917
1984.3600556468964,-70.69972822823769,-70.69972822823769
1984.3700556468964,-70.70298931444535,-70.70298931444535
1984.3800556468964,-70.70625642162665,-70.70625642162665
1984.3900556468964,-70.70952957927317,-70.70952957927317
1984.4000556468964,-70.71280881603205,-70.71280881603205
1984.4100556468964,-70.71609415971704,-70.71609415971704
1984.4200556468963,-70.71938563731898,-70.71938563731898
1984.4300556468963,-70.72268327499975,-70.72268327499975
1984.4400556468963,-70.72598709812377,-70.72598709812377
1984.4500556468963,-70.72929713124654,-70.72929713124654
1984.4600556468963,-70.73261339814688,-70.73261339814688
1984.4700556468963,-70.7359359218009,-70.7359359218009
1984.4800556468963,-70.73926472443607,-70.73926472443607
1984.4900556468963,-70.74259982749776,-70.74259982749776
1984.5000556468963,-70.74594125168379,-70.74594125168379
1984.5100556468963,-70.74928901694553,-70.74928901694553
1984.5200556468963,-70.75264314249806,-70.75264314249806
1984.5300556468965,-70.75600364682535,-70.75600364682535
1984.5400556468965,-70.75937054769493,-70.75937054769493
1984.5500556468965,-70.76274386216217,-70.76274386216217
1984.5600556468964,-70.76612360658069,-70.76612360658069
1984.5700556468964,-70.7695097966153,-70.7695097966153
1984.5800556468964,-70.77290244724088,-70.77290244724088
1984.5900556468964,-70.77630157277068,-70.77630157277068
1984.6000556468964,-70.77970718684033,-70.77970718684033
1984.6100556468964,-70.78311930242494,-70.78311930242494
1984.6200556468964,-70.78653793186405,-70.78653793186405
1984.6300556468964,-70.7899630868462,-70.7899630868462
1984.6400556468964,-70.79339477843774,-70.79339477843774
1984.6500556468964,-70.79683301708593,-70.79683301708593
1984.6600556468964,-70.800277812604,-70.800277812604
1984.6700556468963,-70.8037291742202,-70.8037291742202
1984.6800556468963,-70.8071871105602,-70.8071871105602
1984.6900556468963,-70.81065162965689,-70.81065162965689
1984.7000556468963,-70.81412273896481,-70.81412273896481
1984.7100556468963,-70.81760044537256,-70.81760044537256
1984.7200556468963,-70.8210847551946,-70.8210847551946
1984.7300556468963,-70.82457567419553,-70.82457567419553
1984.7400556468963,-70.82807320759784,-70.82807320759784
1984.7500556707382,-70.8315773684227,-70.8315773684227
1984.7600556707382,-70.83508814415538,-70.83508814415538
1984.7700556707382,-70.8386055467186,-70.8386055467186
1984.7800556707382,-70.84212957923401,-70.84212957923401
1984.7900556707382,-70.84566024429655,-70.84566024429655
1984.8000556707382,-70.84919754400885,-70.84919754400885
1984.8100556707382,-70.85274147997562,-70.85274147997562
1984.8200556707382,-70.85629205331537,-70.85629205331537
1984.8300556707381,-70.85984926467636,-70.85984926467636
1984.8400556707381,-70.863413114227,-70.863413114227
1984.8500556707381,-70.86698360167007,-70.86698360167007
1984.8600556707381,-70.87056072626994,-70.87056072626994
1984.870055670738,-70.87414448682249,-70.87414448682249
1984.8800556707383,-70.87773488169223,-70.87773488169223
1984.8900556707383,-70.88133190881545,-70.88133190881545
1984.9000556707383,-70.88493556568265,-70.88493556568265
1984.9100556707383,-70.88854584938284,-70.88854584938284
1984.9200556707383,-70.89216275657506,-70.89216275657506
1984.9300556707383,-70.89578628351799,-70.89578628351799
1984.9400556707383,-70.89941642606979,-70.89941642606979
1984.9500556707383,-70.90305317969333,-70.90305317969333
1984.9600556707383,-70.90669653946524,-70.90669653946524
1984.9700556707382,-70.91034650008066,-70.91034650008066
1984.9800556707382,-70.91400305585935,-70.91400305585935
1984.9900556707382,-70.91766620075006,-70.91766620075006
1985.0000556707382,-70.92133592834318,-70.92133592834318
1985.0100556707382,-70.92501223187202,-70.92501223187202
1985.0200556707382,-70.92869510421836,-70.92869510421836
1985.0300556707382,-70.93238453791702,-70.93238453791702
1985.0400556707382,-70.93608052516926,-70.93608052516926
1985.0500556707382,-70.93978305783922,-70.93978305783922
1985.0600556707382,-70.94349212746708,-70.94349212746708
1985.0700556707382,-70.94720772526948,-70.94720772526948
1985.0800556707381,-70.95092984214875,-70.95092984214875
1985.0900556707381,-70.9546584686984,-70.9546584686984
1985.1000556707381,-70.95839359519871,-70.95839359519871
1985.1100556707381,-70.96213521165407,-70.96213521165407
1985.120055670738,-70.9658833077458,-70.9658833077458
1985.1300556707383,-70.96963787288057,-70.96963787288057
1985.1400556707383,-70.97339889618343,-70.97339889618343
1985.1500556707383,-70.97716636649551,-70.97716636649551
1985.1600556707383,-70.98094027239057,-70.98094027239057
1985.1700556707383,-70.98472060216665,-70.98472060216665
1985.1800556707383,-70.98850734385726,-70.98850734385726
1985.1900556707383,-70.99230048524811,-70.99230048524811
1985.2000556707383,-70.99610001386236,-70.99610001386236
1985.2100556707383,-70.9999059169818,-70.9999059169818
1985.2200556707382,-71.00371818163138,-71.00371818163138
1985.2300556707382,-71.0075367946038,-71.0075367946038
1985.2400556707382,-71.01136174245732,-71.01136174245732
1985.2500556707382,-71.01519301151518,-71.01519301151518
1985.2600556707382,-71.0190305878854,-71.0190305878854
1985.2700556707382,-71.0228744574359,-71.0228744574359
1985.2800556707382,-71.0267246058262,-71.0267246058262
1985.2900556707382,-71.03058101850009,-71.03058101850009
1985.3000556707382,-71.03444368070282,-71.03444368070282
1985.3100556707382,-71.03831257745966,-71.03831257745966
1985.3200556707382,-71.0421876935981,-71.0421876935981
1985.3300556707381,-71.0460690137448,-71.0460690137448
1985.3400556707381,-71.04995652234747,-71.04995652234747
1985.3500556707381,-71.05385020365179,-71.05385020365179
1985.3600556707381,-71.05775004172855,-71.05775004172855
1985.370055670738,-71.06165602044666,-71.06165602044666
1985.3800556707383,-71.06556812351228,-71.06556812351228
1985.3900556707383,-71.0694863344543,-71.0694863344543
1985.4000556707383,-71.0734106366341,-71.0734106366341
1985.4100556707383,-71.07734101324272,-71.07734101324272
1985.4200556707383,-71.08127744729961,-71.08127744729961
1985.4300556707383,-71.0852199216761,-71.0852199216761
1985.4400556707383,-71.08916841907725,-71.08916841907725
1985.4500556707383,-71.09312292206339,-71.09312292206339
1985.4600556707383,-71.09708341303657,-71.09708341303657
1985.4700556707382,-71.10104987425528,-71.10104987425528
1985.4800556707382,-71.10502228783382,-71.10502228783382
1985.4900556707382,-71.10900063575015,-71.10900063575015
1985.5000556707382,-71.11298489983645,-71.11298489983645
1985.5100556707382,-71.11697506179249,-71.11697506179249
1985.5200556707382,-71.12097110319179,-71.12097110319179
1985.5300556707382,-71.12497300547517,-71.12497300547517
1985.5400556707382,-71.12898074995442,-71.12898074995442
1985.5500556707382,-71.13299431784081,-71.13299431784081
1985.5600556707382,-71.13701369019421,-71.13701369019421
1985.5700556707382,-71.14103884796994,-71.14103884796994
1985.5800556707381,-71.14506977201475,-71.14506977201475
1985.5900556707381,-71.14910644306038,-71.14910644306038
1985.60005569458,-71.15314885136223,-71.15314885136223
1985.61005569458,-71.15719695820441,-71.15719695820441
1985.62005569458,-71.16125075359372,-71.16125075359372
1985.63005569458,-71.16531021784948,-71.16531021784948
1985.64005569458,-71.16937533119145,-71.16937533119145
1985.65005569458,-71.17344607373366,-71.17344607373366
1985.66005569458,-71.17752242549629,-71.17752242549629
1985.67005569458,-71.18160436642704,-71.18160436642704
1985.68005569458,-71.18569187636174,-71.18569187636174
1985.69005569458,-71.18978493507149,-71.18978493507149
1985.70005569458,-71.19388352222633,-71.19388352222633
1985.71005569458,-71.19798761742035,-71.19798761742035
1985.72005569458,-71.20209720016643,-71.20209720016643
1985.7300556945802,-71.20621224990417,-71.20621224990417
1985.7400556945802,-71.21033274600127,-71.21033274600127
1985.7500556945802,-71.21445866774332,-71.21445866774332
1985.7600556945802,-71.21858999435143,-71.21858999435143
1985.7700556945802,-71.22272670497762,-71.22272670497762
1985.7800556945801,-71.22686877870484,-71.22686877870484
1985.7900556945801,-71.23101619455657,-71.23101619455657
1985.8000556945801,-71.23516893148863,-71.23516893148863
1985.8100556945801,-71.23932696839563,-71.23932696839563
1985.82005569458,-71.24349028412037,-71.24349028412037
1985.83005569458,-71.24765885744671,-71.24765885744671
1985.84005569458,-71.25183266709399,-71.25183266709399
1985.85005569458,-71.25601169174475,-71.25601169174475
1985.86005569458,-71.26019591001544,-71.26019591001544
1985.87005569458,-71.26438530048124,-71.26438530048124
1985.88005569458,-71.26857984166747,-71.26857984166747
1985.89005569458,-71.27277951205855,-71.27277951205855
1985.90005569458,-71.27698429008973,-71.27698429008973
1985.91005569458,-71.28119415415115,-71.28119415415115
1985.92005569458,-71.28540908259689,-71.28540908259689
1985.93005569458,-71.28962905373763,-71.28962905373763
1985.94005569458,-71.29385404584983,-71.29385404584983
1985.95005569458,-71.29808403718135,-71.29808403718135
1985.96005569458,-71.30231900592675,-71.30231900592675
1985.97005569458,-71.3065589302563,-71.3065589302563
1985.9800556945802,-71.31080378832604,-71.31080378832604
1985.9900556945802,-71.31505355823715,-71.31505355823715
1986.0000556945802,-71.31930821806702,-71.31930821806702
1986.0100556945802,-71.32356774587757,-71.32356774587757
1986.0200556945802,-71.32783211969554,-71.32783211969554
1986.0300556945801,-71.33210131752726,-71.33210131752726
1986.0400556945801,-71.33637531735168,-71.33637531735168
1986.0500556945801,-71.34065409714002,-71.34065409714002
1986.0600556945801,-71.34493763482705,-71.34493763482705
1986.07005569458,-71.34922590832825,-71.34922590832825
1986.08005569458,-71.35351889554904,-71.35351889554904
1986.09005569458,-71.35781657439286,-71.35781657439286
1986.10005569458,-71.36211892272,-71.36211892272
1986.11005569458,-71.36642591838617,-71.36642591838617
1986.12005569458,-71.3707375392421,-71.3707375392421
1986.13005569458,-71.37505376312721,-71.37505376312721
1986.14005569458,-71.3793745678594,-71.3793745678594
1986.15005569458,-71.38369993125434,-71.38369993125434
1986.16005569458,-71.3880298311217,-71.3880298311217
1986.17005569458,-71.39236424526189,-71.39236424526189
1986.18005569458,-71.39670315146728,-71.39670315146728
1986.19005569458,-71.401046527527,-71.401046527527
1986.20005569458,-71.40539435123333,-71.40539435123333
1986.21005569458,-71.4097466003588,-71.4097466003588
1986.22005569458,-71.41410325269857,-71.41410325269857
1986.2300556945802,-71.41846428602759,-71.41846428602759
1986.2400556945802,-71.42282967812929,-71.42282967812929
1986.2500556945802,-71.42719940677969,-71.42719940677969
1986.2600556945802,-71.43157344977399,-71.43157344977399
1986.2700556945802,-71.43595178490118,-71.43595178490118
1986.2800556945801,-71.44033438995073,-71.44033438995073
1986.2900556945801,-71.44472124271618,-71.44472124271618
1986.3000556945801,-71.4491123210124,-71.4491123210124
1986.3100556945801,-71.45350760264233,-71.45350760264233
1986.32005569458,-71.45790706543036,-71.45790706543036
1986.33005569458,-71.46231068719987,-71.46231068719987
1986.34005569458,-71.46671844579559,-71.46671844579559
1986.35005569458,-71.47113031905651,-71.47113031905651
1986.36005569458,-71.47554628485297,-71.47554628485297
1986.37005569458,-71.47996632104369,-71.47996632104369
1986.38005569458,-71.48439040551784,-71.48439040551784
1986.39005569458,-71.48881851617531,-71.48881851617531
1986.40005569458,-71.49325063092276,-71.49325063092276
1986.41005569458,-71.49768672769244,-71.49768672769244
1986.42005569458,-71.50212678442878,-71.50212678442878
1986.43005569458,-71.50657077908248,-71.50657077908248
1986.44005569458,-71.51101868963825,-71.51101868963825
1986.450055718422,-71.5154705046859,-71.5154705046859
1986.460055718422,-71.51992618106183,-71.51992618106183
1986.470055718422,-71.52438570737182,-71.52438570737182
1986.480055718422,-71.52884906166906,-71.52884906166906
1986.490055718422,-71.53331622203181,-71.53331622203181
1986.500055718422,-71.53778716655532,-71.53778716655532
1986.5100557184219,-71.54226187335011,-71.54226187335011
1986.5200557184219,-71.54674032056145,-71.54674032056145
1986.5300557184219,-71.55122248635604,-71.55122248635604
1986.5400557184219,-71.5557083489075,-71.5557083489075
1986.5500557184218,-71.56019788643773,-71.56019788643773
1986.5600557184218,-71.56469107717369,-71.56469107717369
1986.5700557184218,-71.56918789938184,-71.56918789938184
1986.580055718422,-71.57368833135403,-71.57368833135403
1986.590055718422,-71.57819235139641,-71.57819235139641
1986.600055718422,-71.58269993785385,-71.58269993785385
1986.610055718422,-71.58721106909545,-71.58721106909545
1986.620055718422,-71.59172572351342,-71.59172572351342
1986.630055718422,-71.5962438795405,-71.5962438795405
1986.640055718422,-71.6007655156315,-71.6007655156315
1986.650055718422,-71.60529061027077,-71.60529061027077
1986.660055718422,-71.60981914196465,-71.60981914196465
1986.670055718422,-71.61435108927117,-71.61435108927117
1986.680055718422,-71.61888643075682,-71.61888643075682
1986.690055718422,-71.62342514503686,-71.62342514503686
1986.700055718422,-71.62796721075959,-71.62796721075959
1986.710055718422,-71.63251260658855,-71.63251260658855
1986.720055718422,-71.63706131123479,-71.63706131123479
1986.730055718422,-71.64161330343946,-71.64161330343946
1986.740055718422,-71.6461685619744,-71.6461685619744
1986.750055718422,-71.65072706564841,-71.65072706564841
1986.7600557184219,-71.65528879330381,-71.65528879330381
1986.7700557184219,-71.65985372382252,-71.65985372382252
1986.7800557184219,-71.664421836114,-71.664421836114
1986.7900557184219,-71.66899310913175,-71.66899310913175
1986.8000557184218,-71.67356752185495,-71.67356752185495
1986.8100557184218,-71.67814505331796,-71.67814505331796
1986.8200557184218,-71.68272568257315,-71.68272568257315
1986.830055718422,-71.6873093887123,-71.6873093887123
1986.840055718422,-71.69189615088361,-71.69189615088361
1986.850055718422,-71.6964859482487,-71.6964859482487
1986.860055718422,-71.70107876002115,-71.70107876002115
1986.870055718422,-71.70567456544956,-71.70567456544956
1986.880055718422,-71.71027334383331,-71.71027334383331
1986.890055718422,-71.71487507448826,-71.71487507448826
1986.900055718422,-71.71947973678087,-71.71947973678087
1986.910055718422,-71.72408731013017,-71.72408731013017
1986.920055718422,-71.72869777397476,-71.72869777397476
1986.930055718422,-71.73331110780465,-71.73331110780465
1986.940055718422,-71.7379272911546,-71.7379272911546
1986.950055718422,-71.74254630359249,-71.74254630359249
1986.960055718422,-71.74716812472205,-71.74716812472205
1986.970055718422,-71.75179273420582,-71.75179273420582
1986.980055718422,-71.75642011173606,-71.75642011173606
1986.990055718422,-71.7610502370527,-71.7610502370527
1987.000055718422,-71.76568308993726,-71.76568308993726
1987.0100557184219,-71.7703186502055,-71.7703186502055
1987.0200557184219,-71.77495689772563,-71.77495689772563
1987.0300557184219,-71.77959781240772,-71.77959781240772
1987.0400557184219,-71.7842413741998,-71.7842413741998
1987.0500557184218,-71.78888756310329,-71.78888756310329
1987.0600557184218,-71.79353635915267,-71.79353635915267
1987.0700557184218,-71.79818774243503,-71.79818774243503
1987.080055718422,-71.80284169307261,-71.80284169307261
1987.090055718422,-71.80749819124837,-71.80749819124837
1987.100055718422,-71.81215721716886,-71.81215721716886
1987.110055718422,-71.81681875110466,-71.81681875110466
1987.120055718422,-71.82148277334947,-71.82148277334947
1987.130055718422,-71.82614926426392,-71.82614926426392
1987.140055718422,-71.8308182042492,-71.8308182042492
1987.150055718422,-71.83548957373985,-71.83548957373985
1987.160055718422,-71.84016335322195,-71.84016335322195
1987.170055718422,-71.84483952323778,-71.84483952323778
1987.180055718422,-71.84951806436653,-71.84951806436653
1987.190055718422,-71.85419895723335,-71.85419895723335
1987.200055718422,-71.85888218251252,-71.85888218251252
1987.210055718422,-71.86356772092088,-71.86356772092088
1987.220055718422,-71.868255553224,-71.868255553224
1987.230055718422,-71.87294566023813,-71.87294566023813
1987.240055718422,-71.87763802282538,-71.87763802282538
1987.250055718422,-71.88233262188969,-71.88233262188969
1987.2600557184219,-71.88702943839135,-71.88702943839135
1987.2700557184219,-71.8917284533261,-71.8917284533261
1987.2800557184219,-71.89642964774177,-71.89642964774177
1987.2900557184219,-71.90113300274105,-71.90113300274105
1987.3000557422638,-71.90583851066857,-71.90583851066857
1987.3100557422638,-71.91054613032534,-71.91054613032534
1987.3200557422638,-71.91525585413693,-71.91525585413693
1987.3300557422638,-71.91996766339757,-71.91996766339757
1987.3400557422638,-71.92468153944418,-71.92468153944418
1987.3500557422637,-71.92939746365718,-71.92939746365718
1987.3600557422637,-71.93411541747604,-71.93411541747604
1987.3700557422637,-71.93883538237674,-71.93883538237674
1987.3800557422637,-71.9435573398994,-71.9435573398994
1987.3900557422637,-71.94828127162033,-71.94828127162033
1987.4000557422637,-71.95300715915629,-71.95300715915629
1987.4100557422637,-71.95773498419892,-71.95773498419892
1987.4200557422637,-71.96246472846752,-71.96246472846752
1987.430055742264,-71.96719637374163,-71.96719637374163
1987.440055742264,-71.97192990183801,-71.97192990183801
1987.4500557422639,-71.97666529463271,-71.97666529463271
1987.4600557422639,-71.98139625102718,-71.98139625102718
1987.4700557422639,-71.98611999588013,-71.98611999588013
1987.4800557422639,-71.99083516425647,-71.99083516425647
1987.4900557422638,-71.99554104430021,-71.99554104430021
1987.5000557422638,-72.00023728824735,-72.00023728824735
1987.5100557422638,-72.00492376234054,-72.00492376234054
1987.5200557422638,-72.00960045886897,-72.00960045886897
1987.5300557422638,-72.01426744335546,-72.01426744335546
1987.5400557422638,-72.01892482274106,-72.01892482274106
1987.5500557422638,-72.02357272633341,-72.02357272633341
1987.5600557422638,-72.02821129441567,-72.02821129441567
1987.5700557422638,-72.03284067154296,-72.03284067154296
1987.5800557422638,-72.03746100268862,-72.03746100268862
1987.5900557422638,-72.0420724311171,-72.0420724311171
1987.6000557422637,-72.04667509732015,-72.04667509732015
1987.6100557422637,-72.05126913855209,-72.05126913855209
1987.6200557422637,-72.05585468874354,-72.05585468874354
1987.6300557422637,-72.06043187862237,-72.06043187862237
1987.6400557422637,-72.06500083591477,-72.06500083591477
1987.6500557422637,-72.0695616856239,-72.0695616856239
1987.6600557422637,-72.07411455028934,-72.07411455028934
1987.6700557422637,-72.07865955025814,-72.07865955025814
1987.680055742264,-72.08319680389837,-72.08319680389837
1987.690055742264,-72.08772642783555,-72.08772642783555
1987.7000557422639,-72.09224853713145,-72.09224853713145
1987.7100557422639,-72.09675695281494,-72.09675695281494
1987.7200557422639,-72.10124902623741,-72.10124902623741
1987.7300557422639,-72.10572352001157,-72.10572352001157
1987.7400557422638,-72.11017984973691,-72.11017984973691
1987.7500557422638,-72.1146177946585,-72.1146177946585
1987.7600557422638,-72.11903734737383,-72.11903734737383
1987.7700557422638,-72.12343862584115,-72.12343862584115
1987.7800557422638,-72.12782182047637,-72.12782182047637
1987.7900557422638,-72.13218716236494,-72.13218716236494
1987.8000557422638,-72.13653490416964,-72.13653490416964
1987.8100557422638,-72.14086530874884,-72.14086530874884
1987.8200557422638,-72.14517864244145,-72.14517864244145
1987.8300557422638,-72.1494751712308,-72.1494751712308
1987.8400557422638,-72.15375515859833,-72.15375515859833
1987.8500557422637,-72.158018864436,-72.158018864436
1987.8600557422637,-72.1622665446106,-72.1622665446106
1987.8700557422637,-72.16649845084807,-72.16649845084807
1987.8800557422637,-72.17071483085503,-72.17071483085503
1987.8900557422637,-72.17491592850094,-72.17491592850094
1987.9000557422637,-72.17910198408492,-72.17910198408492
1987.9100557422637,-72.18327323459953,-72.18327323459953
1987.9200557422637,-72.18742991396437,-72.18742991396437
1987.930055742264,-72.19157225326305,-72.19157225326305
1987.940055742264,-72.19570048094688,-72.19570048094688
1987.9500557422639,-72.19981482298853,-72.19981482298853
1987.9600557422639,-72.20390920218212,-72.20390920218212
1987.9700557422639,-72.20798107608921,-72.20798107608921
1987.9800557422639,-72.21202931467488,-72.21202931467488
1987.9900557422638,-72.21605344088564,-72.21605344088564
1988.0000557422638,-72.22005334086724,-72.22005334086724
1988.0100557422638,-72.22402911349201,-72.22402911349201
1988.0200557422638,-72.22798098217447,-72.22798098217447
1988.0300557422638,-72.23190924193487,-72.23190924193487
1988.0400557422638,-72.2358142275284,-72.2358142275284
1988.0500557422638,-72.23969629432396,-72.23969629432396
1988.0600557422638,-72.24355580690434,-72.24355580690434
1988.0700557422638,-72.24739313233856,-72.24739313233856
1988.0800557422638,-72.25120863632564,-72.25120863632564
1988.0900557422638,-72.25500268104243,-72.25500268104243
1988.1000557422637,-72.25877562407516,-72.25877562407516
1988.1100557422637,-72.2625278179414,-72.2625278179414
1988.1200557422637,-72.26625961000117,-72.26625961000117
1988.1300557422637,-72.26997134254415,-72.26997134254415
1988.1400557422637,-72.27366335300671,-72.27366335300671
1988.1500557661057,-72.2773359829828,-72.2773359829828
1988.1600557661056,-72.28098954341071,-72.28098954341071
1988.1700557661056,-72.28462436749659,-72.28462436749659
1988.1800557661056,-72.28824077576387,-72.28824077576387
1988.1900557661056,-72.29183908507096,-72.29183908507096
1988.2000557661056,-72.29541960877242,-72.29541960877242
1988.2100557661056,-72.29898265690164,-72.29898265690164
1988.2200557661056,-72.30252853626554,-72.30252853626554
1988.2300557661056,-72.30605755055065,-72.30605755055065
1988.2400557661056,-72.30957000044026,-72.30957000044026
1988.2500557661056,-72.31306618364262,-72.31306618364262
1988.2600557661056,-72.31654639499807,-72.31654639499807
1988.2700557661055,-72.32001092646682,-72.32001092646682
1988.2800557661058,-72.32346006721299,-72.32346006721299
1988.2900557661058,-72.32689410359298,-72.32689410359298
1988.3000557661057,-72.33031331920903,-72.33031331920903
1988.3100557661057,-72.33371799490811,-72.33371799490811
1988.3200557661057,-72.33710840878437,-72.33710840878437
1988.3300557661057,-72.34048483620344,-72.34048483620344
1988.3400557661057,-72.34384754979563,-72.34384754979563
1988.3500557661057,-72.34719681946498,-72.34719681946498
1988.3600557661057,-72.35053291237625,-72.35053291237625
1988.3700557661057,-72.3538560929753,-72.3538560929753
1988.3800557661057,-72.35716662297054,-72.35716662297054
1988.3900557661057,-72.36046476132879,-72.36046476132879
1988.4000557661057,-72.36375076430095,-72.36375076430095
1988.4100557661056,-72.3670248853862,-72.3670248853862
1988.4200557661056,-72.37028737534774,-72.37028737534774
1988.4300557661056,-72.37353848221184,-72.37353848221184
1988.4400557661056,-72.37677845126045,-72.37677845126045
1988.4500557661056,-72.38000752504075,-72.38000752504075
1988.4600557661056,-72.38322594336874,-72.38322594336874
1988.4700557661056,-72.38640388628474,-72.38640388628474
1988.4800557661056,-72.38952450549185,-72.38952450549185
1988.4900557661056,-72.39257842497241,-72.39257842497241
1988.5000557661056,-72.39555986891605,-72.39555986891605
1988.5100557661056,-72.39846494315647,-72.39846494315647
1988.5200557661055,-72.4012908599389,-72.4012908599389
1988.5300557661058,-72.40403556539387,-72.40403556539387
1988.5400557661058,-72.40669754447285,-72.40669754447285
1988.5500557661057,-72.40927570694275,-72.40927570694275
1988.5600557661057,-72.41176931211949,-72.41176931211949
1988.5700557661057,-72.41417791356434,-72.41417791356434
1988.5800557661057,-72.41650131520265,-72.41650131520265
1988.5900557661057,-72.41873953487617,-72.41873953487617
1988.6000557661057,-72.42089277329342,-72.42089277329342
1988.6100557661057,-72.42296138734409,-72.42296138734409
1988.6200557661057,-72.42494586698221,-72.42494586698221
1988.6300557661057,-72.42684681520647,-72.42684681520647
1988.6400557661057,-72.42866493076416,-72.42866493076416
1988.6500557661057,-72.43040099320217,-72.43040099320217
1988.6600557661056,-72.43205584990419,-72.43205584990419
1988.6700557661056,-72.43363040498323,-72.43363040498323
1988.6800557661056,-72.43512560962253,-72.43512560962253
1988.6900557661056,-72.43654245383587,-72.43654245383587
1988.7000557661056,-72.43788195928141,-72.43788195928141
1988.7100557661056,-72.43913885536854,-72.43913885536854
1988.7200557661056,-72.44031144047536,-72.44031144047536
1988.7300557661056,-72.44139944784953,-72.44139944784953
1988.7400557661056,-72.4424032797365,-72.4424032797365
1988.7500557661056,-72.44332371310277,-72.44332371310277
1988.7600557661056,-72.44416174569518,-72.44416174569518
1988.7700557661055,-72.44491850498837,-72.44491850498837
1988.7800557661058,-72.44559519285269,-72.44559519285269
1988.7900557661058,-72.44619305164417,-72.44619305164417
1988.8000557661057,-72.44671334347093,-72.44671334347093
1988.8100557661057,-72.44715733732255,-72.44715733732255
1988.8200557661057,-72.44752630115785,-72.44752630115785
1988.8300557661057,-72.44782149702867,-72.44782149702867
1988.8400557661057,-72.44804417807781,-72.44804417807781
1988.8500557661057,-72.448195586731,-72.448195586731
1988.8600557661057,-72.44827695361843,-72.44827695361843
1988.8700557661057,-72.44828949695628,-72.44828949695628
1988.8800557661057,-72.4482344222369,-72.4482344222369
1988.8900557661057,-72.44811292206724,-72.44811292206724
1988.9000557661057,-72.44792617612308,-72.44792617612308
1988.9100557661056,-72.44767535117565,-72.44767535117565
1988.9200557661056,-72.44736160114857,-72.44736160114857
1988.9300557661056,-72.44698606718552,-72.44698606718552
1988.9400557661056,-72.44654987774209,-72.44654987774209
1988.9500557661056,-72.44605414868836,-72.44605414868836
1988.9600557661056,-72.44549998337136,-72.44549998337136
1988.9700557661056,-72.44488847273017,-72.44488847273017
1988.9800557661056,-72.44422069537995,-72.44422069537995
1988.9900557661056,-72.44349771769396,-72.44349771769396
1989.0000557899475,-72.44272059204157,-72.44272059204157
1989.0100557899475,-72.44189036412394,-72.44189036412394
1989.0200557899475,-72.44100806244725,-72.44100806244725
1989.0300557899475,-72.44007470527777,-72.44007470527777
1989.0400557899475,-72.43909129907925,-72.43909129907925
1989.0500557899475,-72.4380588385847,-72.4380588385847
1989.0600557899475,-72.43697830687248,-72.43697830687248
1989.0700557899474,-72.43585067548318,-72.43585067548318
1989.0800557899474,-72.43467690447149,-72.43467690447149
1989.0900557899474,-72.43345794251101,-72.43345794251101
1989.1000557899474,-72.43219472696698,-72.43219472696698
1989.1100557899474,-72.43088818399231,-72.43088818399231
1989.1200557899474,-72.42953922862141,-72.42953922862141
1989.1300557899476,-72.42814876485438,-72.42814876485438
1989.1400557899476,-72.426717685728,-72.426717685728
1989.1500557899476,-72.42524687344515,-72.42524687344515
1989.1600557899476,-72.4237371994256,-72.4237371994256
1989.1700557899476,-72.42218952442843,-72.42218952442843
1989.1800557899476,-72.42060469862415,-72.42060469862415
1989.1900557899476,-72.41898356169492,-72.41898356169492
1989.2000557899476,-72.41732694291443,-72.41732694291443
1989.2100557899475,-72.41562934890918,-72.41562934890918
1989.2200557899475,-72.41388882287939,-72.41388882287939
1989.2300557899475,-72.4121048168124,-72.4121048168124
1989.2400557899475,-72.41027742998052,-72.41027742998052
1989.2500557899475,-72.408407118176,-72.408407118176
1989.2600557899475,-72.40649454270148,-72.40649454270148
1989.2700557899475,-72.4045404818699,-72.4045404818699
1989.2800557899475,-72.40254577784698,-72.40254577784698
1989.2900557899475,-72.4005113047102,-72.4005113047102
1989.3000557899475,-72.39843794930525,-72.39843794930525
1989.3100557899475,-72.39632659985946,-72.39632659985946
1989.3200557899474,-72.3941781393365,-72.3941781393365
1989.3300557899474,-72.39199344161844,-72.39199344161844
1989.3400557899474,-72.38977336948165,-72.38977336948165
1989.3500557899474,-72.38751877358779,-72.38751877358779
1989.3600557899474,-72.38523049215394,-72.38523049215394
1989.3700557899474,-72.38290935093139,-72.38290935093139
1989.3800557899476,-72.38055616343426,-72.38055616343426
1989.3900557899476,-72.37817173125897,-72.37817173125897
1989.4000557899476,-72.37575684443632,-72.37575684443632
1989.4100557899476,-72.3733122817895,-72.3733122817895
1989.4200557899476,-72.37083881130616,-72.37083881130616
1989.4300557899476,-72.36833719046767,-72.36833719046767
1989.4400557899476,-72.36580816656625,-72.36580816656625
1989.4500557899476,-72.36325247694916,-72.36325247694916
1989.4600557899475,-72.36067084931496,-72.36067084931496
1989.4700557899475,-72.35806400190651,-72.35806400190651
1989.4800557899475,-72.35543264371935,-72.35543264371935
1989.4900557899475,-72.35277747470153,-72.35277747470153
1989.5000557899475,-72.35009918589863,-72.35009918589863
1989.5100557899475,-72.34739845960416,-72.34739845960416
1989.5200557899475,-72.34467596951448,-72.34467596951448
1989.5300557899475,-72.34193238081669,-72.34193238081669
1989.5400557899475,-72.33916835035032,-72.33916835035032
1989.5500557899475,-72.33638452665565,-72.33638452665565
1989.5600557899475,-72.33358155011936,-72.33358155011936
1989.5700557899474,-72.3307600530527,-72.3307600530527
1989.5800557899474,-72.32792065975949,-72.32792065975949
1989.5900557899474,-72.32506398664508,-72.32506398664508
1989.6000557899474,-72.32219064227236,-72.32219064227236
1989.6100557899474,-72.31930122746762,-72.31930122746762
1989.6200557899474,-72.31639633536054,-72.31639633536054
1989.6300557899476,-72.31347655147418,-72.31347655147418
1989.6400557899476,-72.31054245379464,-72.31054245379464
1989.6500557899476,-72.3075946128422,-72.3075946128422
1989.6600557899476,-72.30463359172172,-72.30463359172172
1989.6700557899476,-72.30165994620353,-72.30165994620353
1989.6800557899476,-72.29867422477922,-72.29867422477922
1989.6900557899476,-72.29567696873758,-72.29567696873758
1989.7000557899476,-72.2926687122178,-72.2926687122178
1989.7100557899475,-72.28964998227815,-72.28964998227815
1989.7200557899475,-72.28662129896382,-72.28662129896382
1989.7300557899475,-72.28358317535125,-72.28358317535125
1989.7400557899475,-72.28053611764201,-72.28053611764201
1989.7500557899475,-72.27748062518765,-72.27748062518765
1989.7600557899475,-72.27441719058915,-72.27441719058915
1989.7700557899475,-72.27134629972609,-72.27134629972609
1989.7800557899475,-72.26826843184043,-72.26826843184043
1989.7900557899475,-72.26518405959254,-72.26518405959254
1989.8000557899475,-72.26209364911894,-72.26209364911894
1989.8100557899475,-72.25899766010832,-72.25899766010832
1989.8200557899474,-72.2558965458463,-72.2558965458463
1989.8300557899474,-72.25279075326962,-72.25279075326962
1989.8400557899474,-72.24968072305856,-72.24968072305856
1989.8500558137894,-72.24656688225633,-72.24656688225633
1989.8600558137894,-72.24344967399796,-72.24344967399796
1989.8700558137893,-72.24032951310237,-72.24032951310237
1989.8800558137893,-72.23720681575323,-72.23720681575323
1989.8900558137893,-72.23408199218011,-72.23408199218011
1989.9000558137893,-72.23095544669069,-72.23095544669069
1989.9100558137893,-72.22782757776079,-72.22782757776079
1989.9200558137893,-72.22469877806822,-72.22469877806822
1989.9300558137893,-72.22156943457398,-72.22156943457398
1989.9400558137893,-72.21843992855484,-72.21843992855484
1989.9500558137893,-72.21531063570279,-72.21531063570279
1989.9600558137893,-72.2121819261453,-72.2121819261453
1989.9700558137893,-72.20905416453765,-72.20905416453765
1989.9800558137895,-72.20592771009255,-72.20592771009255
1989.9900558137895,-72.20280291664832,-72.20280291664832
1990.0000558137895,-72.19968013275025,-72.19968013275025
1990.0100558137894,-72.19655970167803,-72.19655970167803
1990.0200558137894,-72.19344196151108,-72.19344196151108
1990.0300558137894,-72.19032724520106,-72.19032724520106
1990.0400558137894,-72.18721588060397,-72.18721588060397
1990.0500558137894,-72.18410819056729,-72.18410819056729
1990.0600558137894,-72.18100449295972,-72.18100449295972
1990.0700558137894,-72.17790510074092,-72.17790510074092
1990.0800558137894,-72.17481032202411,-72.17481032202411
1990.0900558137894,-72.17172046010242,-72.17172046010242
1990.1000558137894,-72.16863581354049,-72.16863581354049
1990.1100558137894,-72.16555667619677,-72.16555667619677
1990.1200558137893,-72.16248333730911,-72.16248333730911
1990.1300558137893,-72.15941608152892,-72.15941608152892
1990.1400558137893,-72.15635518896386,-72.15635518896386
1990.1500558137893,-72.15330093526129,-72.15330093526129
1990.1600558137893,-72.1502535916395,-72.1502535916395
1990.1700558137893,-72.1472134249401,-72.1472134249401
1990.1800558137893,-72.1441806976952,-72.1441806976952
1990.1900558137893,-72.14115566815984,-72.14115566815984
1990.2000558137893,-72.13813859037532,-72.13813859037532
1990.2100558137893,-72.13512971421841,-72.13512971421841
1990.2200558137893,-72.1321292854381,-72.1321292854381
1990.2300558137895,-72.12913754573356,-72.12913754573356
1990.2400558137895,-72.1261547327773,-72.1261547327773
1990.2500558137895,-72.12318108026122,-72.12318108026122
1990.2600558137894,-72.12021681797552,-72.12021681797552
1990.2700558137894,-72.1172621718171,-72.1172621718171
1990.2800558137894,-72.11431736387857,-72.11431736387857
1990.2900558137894,-72.11138261245756,-72.11138261245756
1990.3000558137894,-72.10845813212796,-72.10845813212796
1990.3100558137894,-72.10554413376603,-72.10554413376603
1990.3200558137894,-72.10264082462527,-72.10264082462527
1990.3300558137894,-72.09974840834683,-72.09974840834683
1990.3400558137894,-72.09686708502632,-72.09686708502632
1990.3500558137894,-72.09399705125195,-72.09399705125195
1990.3600558137894,-72.09113850015343,-72.09113850015343
1990.3700558137893,-72.0882916214379,-72.0882916214379
1990.3800558137893,-72.08545660143139,-72.08545660143139
1990.3900558137893,-72.08263362312984,-72.08263362312984
1990.4000558137893,-72.0798228662402,-72.0798228662402
1990.4100558137893,-72.07702450721257,-72.07702450721257
1990.4200558137893,-72.07423871928452,-72.07423871928452
1990.4300558137893,-72.07146567252991,-72.07146567252991
1990.4400558137893,-72.06870553390056,-72.06870553390056
1990.4500558137893,-72.06595846724632,-72.06595846724632
1990.4600558137893,-72.06322463337541,-72.06322463337541
1990.4700558137893,-72.06050419007768,-72.06050419007768
1990.4800558137895,-72.05779729217917,-72.05779729217917
1990.4900558137895,-72.05510409156777,-72.05510409156777
1990.5000558137895,-72.05242473723497,-72.05242473723497
1990.5100558137894,-72.04975937532355,-72.04975937532355
1990.5200558137894,-72.04710814912686,-72.04710814912686
1990.5300558137894,-72.04447119917702,-72.04447119917702
1990.5400558137894,-72.04184866325187,-72.04184866325187
1990.5500558137894,-72.03924067639943,-72.03924067639943
1990.5600558137894,-72.03664737101715,-72.03664737101715
1990.5700558137894,-72.03406887682888,-72.03406887682888
1990.5800558137894,-72.03150532096501,-72.03150532096501
1990.5900558137894,-72.0289568279711,-72.0289568279711
1990.6000558137894,-72.02642351986259,-72.02642351986259
1990.6100558137894,-72.02390551613156,-72.02390551613156
1990.6200558137893,-72.02140293380249,-72.02140293380249
1990.6300558137893,-72.0189158874486,-72.0189158874486
1990.6400558137893,-72.01644448923203,-72.01644448923203
1990.6500558137893,-72.01398884894117,-72.01398884894117
1990.6600558137893,-72.01154907401322,-72.01154907401322
1990.6700558137893,-72.00912526955919,-72.00912526955919
1990.6800558137893,-72.00671753841246,-72.00671753841246
1990.6900558137893,-72.00432598114202,-72.00432598114202
1990.7000558376312,-72.00195069043961,-72.00195069043961
1990.7100558376312,-71.99959177380967,-71.99959177380967
1990.7200558376312,-71.9972493195199,-71.9972493195199
1990.7300558376312,-71.9949234194066,-71.9949234194066
1990.7400558376312,-71.99261416319406,-71.99261416319406
1990.7500558376312,-71.99032163852412,-71.99032163852412
1990.7600558376312,-71.98804593097766,-71.98804593097766
1990.7700558376312,-71.98578712411481,-71.98578712411481
1990.7800558376312,-71.9835452994941,-71.9835452994941
1990.7900558376311,-71.98132053668378,-71.98132053668378
1990.8000558376311,-71.97911291331364,-71.97911291331364
1990.8100558376311,-71.97692250509509,-71.97692250509509
1990.8200558376311,-71.97474938583967,-71.97474938583967
1990.8300558376313,-71.97259362748284,-71.97259362748284
1990.8400558376313,-71.97045530012441,-71.97045530012441
1990.8500558376313,-71.96833447203156,-71.96833447203156
1990.8600558376313,-71.96623120967604,-71.96623120967604
1990.8700558376313,-71.96414557777257,-71.96414557777257
1990.8800558376313,-71.96207763926877,-71.96207763926877
1990.8900558376313,-71.9600274553888,-71.9600274553888
1990.9000558376313,-71.95799508566937,-71.95799508566937
1990.9100558376313,-71.95598058795319,-71.95598058795319
1990.9200558376313,-71.95398401843643,-71.95398401843643
1990.9300558376312,-71.95200543168508,-71.95200543168508
1990.9400558376312,-71.95004488064531,-71.95004488064531
1990.9500558376312,-71.9481024166734,-71.9481024166734
1990.9600558376312,-71.94617181971718,-71.94617181971718
1990.9700558376312,-71.94425039146131,-71.94425039146131
1990.9800558376312,-71.94233684188187,-71.94233684188187
1990.9900558376312,-71.94043053269321,-71.94043053269321
1991.0000558376312,-71.93853118833911,-71.93853118833911
1991.0100558376312,-71.93663874580588,-71.93663874580588
1991.0200558376312,-71.93475326649708,-71.93475326649708
1991.0300558376312,-71.93287488331723,-71.93287488331723
1991.0400558376311,-71.9310037687911,-71.9310037687911
1991.0500558376311,-71.92914011595937,-71.92914011595937
1991.0600558376311,-71.92728412697036,-71.92728412697036
1991.0700558376311,-71.92543600638541,-71.92543600638541
1991.0800558376313,-71.92359595735347,-71.92359595735347
1991.0900558376313,-71.92176417949379,-71.92176417949379
1991.1000558376313,-71.9199408678776,-71.9199408678776
1991.1100558376313,-71.9181262125847,-71.9181262125847
1991.1200558376313,-71.91632039866025,-71.91632039866025
1991.1300558376313,-71.91452360629461,-71.91452360629461
1991.1400558376313,-71.91273601102364,-71.91273601102364
1991.1500558376313,-71.9109577840766,-71.9109577840766
1991.1600558376313,-71.90918909264923,-71.90918909264923
1991.1700558376313,-71.90743010021238,-71.90743010021238
1991.1800558376312,-71.90568096678565,-71.90568096678565
1991.1900558376312,-71.90394184916921,-71.90394184916921
1991.2000558376312,-71.90221290115755,-71.90221290115755
1991.2100558376312,-71.90049427375398,-71.90049427375398
1991.2200558376312,-71.89878611529329,-71.89878611529329
1991.2300558376312,-71.89708857160183,-71.89708857160183
1991.2400558376312,-71.89540178613261,-71.89540178613261
1991.2500558376312,-71.89372590003288,-71.89372590003288
1991.2600558376312,-71.89206105225085,-71.89206105225085
1991.2700558376312,-71.89040737959138,-71.89040737959138
1991.2800558376312,-71.88876501680296,-71.88876501680296
1991.2900558376311,-71.88713409660586,-71.88713409660586
1991.3000558376311,-71.88551474973303,-71.88551474973303
1991.3100558376311,-71.88390710498243,-71.88390710498243
1991.3200558376311,-71.88231128923036,-71.88231128923036
1991.3300558376313,-71.88072742745793,-71.88072742745793
1991.3400558376313,-71.87915564279825,-71.87915564279825
1991.3500558376313,-71.87759605650255,-71.87759605650255
1991.3600558376313,-71.87604878800472,-71.87604878800472
1991.3700558376313,-71.87451395490328,-71.87451395490328
1991.3800558376313,-71.87299167297992,-71.87299167297992
1991.3900558376313,-71.871482056219,-71.871482056219
1991.4000558376313,-71.8699852167972,-71.8699852167972
1991.4100558376313,-71.86850126510328,-71.86850126510328
1991.4200558376313,-71.86703030973824,-71.86703030973824
1991.4300558376312,-71.86557245751727,-71.86557245751727
1991.4400558376312,-71.86412781349013,-71.86412781349013
1991.4500558376312,-71.86269648094049,-71.86269648094049
1991.4600558376312,-71.86127229891038,-71.86127229891038
1991.4700558376312,-71.85985262398307,-71.85985262398307
1991.4800558376312,-71.85843621911178,-71.85843621911178
1991.4900558376312,-71.8570224978975,-71.8570224978975
1991.5000558376312,-71.8556112359606,-71.8556112359606
1991.5100558376312,-71.85420242089269,-71.85420242089269
1991.5200558376312,-71.85279616427857,-71.85279616427857
1991.5300558376312,-71.85139264882125,-71.85139264882125
1991.5400558376311,-71.84999209650121,-71.84999209650121
1991.550055861473,-71.84859474616013,-71.84859474616013
1991.560055861473,-71.84720085539959,-71.84720085539959
1991.570055861473,-71.84581067393664,-71.84581067393664
1991.580055861473,-71.84442445304323,-71.84442445304323
1991.590055861473,-71.84304244014793,-71.84304244014793
1991.600055861473,-71.84166487776898,-71.84166487776898
1991.610055861473,-71.8402920030703,-71.8402920030703
1991.620055861473,-71.8389240478356,-71.8389240478356
1991.630055861473,-71.83756123857782,-71.83756123857782
1991.640055861473,-71.83620379680323,-71.83620379680323
1991.650055861473,-71.83485193929425,-71.83485193929425
1991.660055861473,-71.83350587843192,-71.83350587843192
1991.670055861473,-71.83216582244474,-71.83216582244474
1991.6800558614732,-71.83083197569358,-71.83083197569358
1991.6900558614732,-71.82950453890494,-71.82950453890494
1991.7000558614732,-71.82818370938098,-71.82818370938098
1991.7100558614732,-71.82686342217102,-71.82686342217102
1991.7200558614732,-71.82554112704028,-71.82554112704028
1991.7300558614731,-71.824215678245,-71.824215678245
1991.7400558614731,-71.82288657927835,-71.82288657927835
1991.7500558614731,-71.8215536944422,-71.8215536944422
1991.7600558614731,-71.82021709899769,-71.82021709899769
1991.770055861473,-71.81887699128745,-71.81887699128745
1991.780055861473,-71.81753363991923,-71.81753363991923
1991.790055861473,-71.81618735200458,-71.81618735200458
1991.800055861473,-71.8148384541232,-71.8148384541232
1991.810055861473,-71.81348728092692,-71.81348728092692
1991.820055861473,-71.81213416848449,-71.81213416848449
1991.830055861473,-71.81077945047625,-71.81077945047625
1991.840055861473,-71.80942345604728,-71.80942345604728
1991.850055861473,-71.80806650881017,-71.80806650881017
1991.860055861473,-71.80670892641686,-71.80670892641686
1991.870055861473,-71.80535102049119,-71.80535102049119
1991.880055861473,-71.80399309676066,-71.80399309676066
1991.890055861473,-71.80263545534078,-71.80263545534078
1991.900055861473,-71.80127839097815,-71.80127839097815
1991.910055861473,-71.79992219338084,-71.79992219338084
1991.920055861473,-71.79856714746798,-71.79856714746798
1991.9300558614732,-71.79721353366945,-71.79721353366945
1991.9400558614732,-71.7958616281162,-71.7958616281162
1991.9500558614732,-71.79451170288384,-71.79451170288384
1991.9600558614732,-71.79316402615375,-71.79316402615375
1991.9700558614732,-71.7918188623541,-71.7918188623541
1991.9800558614731,-71.79047647231144,-71.79047647231144
1991.9900558614731,-71.78913711335846,-71.78913711335846
1992.0000558614731,-71.78780103941504,-71.78780103941504
1992.0100558614731,-71.78646850108176,-71.78646850108176
1992.020055861473,-71.78513974569753,-71.78513974569753
1992.030055861473,-71.78381501739588,-71.78381501739588
1992.040055861473,-71.78249455715053,-71.78249455715053
1992.050055861473,-71.78117860281822,-71.78117860281822
1992.060055861473,-71.77986738916714,-71.77986738916714
1992.070055861473,-71.77856114789967,-71.77856114789967
1992.080055861473,-71.77726010769403,-71.77726010769403
1992.090055861473,-71.77596449418397,-71.77596449418397
1992.100055861473,-71.77467453003409,-71.77467453003409
1992.110055861473,-71.77339043490569,-71.77339043490569
1992.120055861473,-71.77211242549038,-71.77211242549038
1992.130055861473,-71.77084071550387,-71.77084071550387
1992.140055861473,-71.76957551572335,-71.76957551572335
1992.150055861473,-71.76831703398523,-71.76831703398523
1992.160055861473,-71.76706547519186,-71.76706547519186
1992.170055861473,-71.76582104131843,-71.76582104131843
1992.1800558614732,-71.76458393143024,-71.76458393143024
1992.1900558614732,-71.76335434170231,-71.76335434170231
1992.2000558614732,-71.76213246539302,-71.76213246539302
1992.2100558614732,-71.76091224087394,-71.76091224087394
1992.2200558614732,-71.75969111863284,-71.75969111863284
1992.2300558614731,-71.75846795237678,-71.75846795237678
1992.2400558614731,-71.75724224431315,-71.75724224431315
1992.2500558614731,-71.75601385692165,-71.75601385692165
1992.2600558614731,-71.75478286315044,-71.75478286315044
1992.270055861473,-71.75354945859493,-71.75354945859493
1992.280055861473,-71.75231390869398,-71.75231390869398
1992.290055861473,-71.75107651694287,-71.75107651694287
1992.300055861473,-71.74983760587067,-71.74983760587067
1992.310055861473,-71.74859750562689,-71.74859750562689
1992.320055861473,-71.74735654733644,-71.74735654733644
1992.330055861473,-71.74611505926983,-71.74611505926983
1992.340055861473,-71.7448733647423,-71.7448733647423
1992.350055861473,-71.74363178109088,-71.74363178109088
1992.360055861473,-71.742390619252,-71.742390619252
1992.370055861473,-71.74115018370962,-71.74115018370962
1992.380055861473,-71.73991077265877,-71.73991077265877
1992.390055861473,-71.73867267825742,-71.73867267825742
1992.400055885315,-71.73743618398726,-71.73743618398726
1992.410055885315,-71.73620157674054,-71.73620157674054
1992.420055885315,-71.7349691294499,-71.7349691294499
1992.430055885315,-71.73373911313404,-71.73373911313404
1992.440055885315,-71.73251179420762,-71.73251179420762
1992.450055885315,-71.73128743471473,-71.73128743471473
1992.460055885315,-71.73006629250506,-71.73006629250506
1992.4700558853149,-71.72884862141872,-71.72884862141872
1992.4800558853149,-71.72763467142013,-71.72763467142013
1992.4900558853149,-71.72642468872844,-71.72642468872844
1992.5000558853149,-71.72521891592294,-71.72521891592294
1992.5100558853148,-71.72401759206326,-71.72401759206326
1992.5200558853148,-71.72282095272807,-71.72282095272807
1992.530055885315,-71.72162923011066,-71.72162923011066
1992.540055885315,-71.72044265308585,-71.72044265308585
1992.550055885315,-71.71926144724091,-71.71926144724091
1992.560055885315,-71.71808583492242,-71.71808583492242
1992.570055885315,-71.71691603529742,-71.71691603529742
1992.580055885315,-71.71575226437658,-71.71575226437658
1992.590055885315,-71.71459473504589,-71.71459473504589
1992.600055885315,-71.7134436570835,-71.7134436570835
1992.610055885315,-71.71229923721404,-71.71229923721404
1992.620055885315,-71.71116167909967,-71.71116167909967
1992.630055885315,-71.71003118339,-71.71003118339
1992.640055885315,-71.70890794772122,-71.70890794772122
1992.650055885315,-71.70779216674929,-71.70779216674929
1992.660055885315,-71.70668403217024,-71.70668403217024
1992.670055885315,-71.70558373272416,-71.70558373272416
1992.680055885315,-71.70449145423477,-71.70449145423477
1992.690055885315,-71.70340737960565,-71.70340737960565
1992.700055885315,-71.70233168885224,-71.70233168885224
1992.710055885315,-71.70126455911509,-71.70126455911509
1992.7200558853149,-71.70020616468504,-71.70020616468504
1992.7300558853149,-71.6991566770078,-71.6991566770078
1992.7400558853149,-71.69811626471117,-71.69811626471117
1992.7500558853149,-71.69708509362692,-71.69708509362692
1992.7600558853148,-71.6960633267905,-71.6960633267905
1992.7700558853148,-71.69505112449126,-71.69505112449126
1992.780055885315,-71.69404864426724,-71.69404864426724
1992.790055885315,-71.69305604093823,-71.69305604093823
1992.800055885315,-71.69207346661524,-71.69207346661524
1992.810055885315,-71.69110107073448,-71.69110107073448
1992.820055885315,-71.69013900005821,-71.69013900005821
1992.830055885315,-71.68918739870932,-71.68918739870932
1992.840055885315,-71.68824640820753,-71.68824640820753
1992.850055885315,-71.68731616745521,-71.68731616745521
1992.860055885315,-71.68639681278492,-71.68639681278492
1992.870055885315,-71.6854884779844,-71.6854884779844
1992.880055885315,-71.6845912943048,-71.6845912943048
1992.890055885315,-71.68370539047882,-71.68370539047882
1992.900055885315,-71.68283089276856,-71.68283089276856
1992.910055885315,-71.68196792497265,-71.68196792497265
1992.920055885315,-71.68111660844102,-71.68111660844102
1992.930055885315,-71.68027706211731,-71.68027706211731
1992.940055885315,-71.67944940254891,-71.67944940254891
1992.950055885315,-71.6786337439158,-71.6786337439158
1992.960055885315,-71.67782395411496,-71.67782395411496
1992.9700558853149,-71.67701741031239,-71.67701741031239
1992.9800558853149,-71.67621289184099,-71.67621289184099
1992.9900558853149,-71.67540982623436,-71.67540982623436
1993.0000558853149,-71.6746080013553,-71.6746080013553
1993.0100558853148,-71.67380741577773,-71.67380741577773
1993.0200558853148,-71.67300819104216,-71.67300819104216
1993.030055885315,-71.6722105189548,-71.6722105189548
1993.040055885315,-71.67141462983739,-71.67141462983739
1993.050055885315,-71.67062077352519,-71.67062077352519
1993.060055885315,-71.66982920800172,-71.66982920800172
1993.070055885315,-71.66904019277025,-71.66904019277025
1993.080055885315,-71.66825398504635,-71.66825398504635
1993.090055885315,-71.66747083766535,-71.66747083766535
1993.100055885315,-71.66669099806548,-71.66669099806548
1993.110055885315,-71.66591470789723,-71.66591470789723
1993.120055885315,-71.66514220299767,-71.66514220299767
1993.130055885315,-71.6643737135169,-71.6643737135169
1993.140055885315,-71.66360946422752,-71.66360946422752
1993.150055885315,-71.66284967480925,-71.66284967480925
1993.160055885315,-71.66209456017855,-71.66209456017855
1993.170055885315,-71.66134433077546,-71.66134433077546
1993.180055885315,-71.66059919288048,-71.66059919288048
1993.190055885315,-71.65985934883227,-71.65985934883227
1993.200055885315,-71.65912499727158,-71.65912499727158
1993.210055885315,-71.65839633333363,-71.65839633333363
1993.2200558853149,-71.6576735488296,-71.6576735488296
1993.2300558853149,-71.65695683238239,-71.65695683238239
1993.2400558853149,-71.65624636957313,-71.65624636957313
1993.2500559091568,-71.65554234135051,-71.65554234135051
1993.2600559091568,-71.65484493087425,-71.65484493087425
1993.2700559091568,-71.65415431346783,-71.65415431346783
1993.2800559091568,-71.65347066345798,-71.65347066345798
1993.2900559091568,-71.65279415254703,-71.65279415254703
1993.3000559091568,-71.65212494983437,-71.65212494983437
1993.3100559091567,-71.65146322188747,-71.65146322188747
1993.3200559091567,-71.65080913278,-71.65080913278
1993.3300559091567,-71.65016284411124,-71.65016284411124
1993.3400559091567,-71.64952451504753,-71.64952451504753
1993.3500559091567,-71.64889430234314,-71.64889430234314
1993.3600559091567,-71.6482723603643,-71.6482723603643
1993.3700559091567,-71.64765884110986,-71.64765884110986
1993.380055909157,-71.64705389423061,-71.64705389423061
1993.390055909157,-71.6464576670528,-71.6464576670528
1993.400055909157,-71.64587030457535,-71.64587030457535
1993.4100559091569,-71.6452919495109,-71.6452919495109
1993.4200559091569,-71.64472274227764,-71.64472274227764
1993.4300559091569,-71.64416282103059,-71.64416282103059
1993.4400559091569,-71.64361232167322,-71.64361232167322
1993.4500559091568,-71.6430713778594,-71.6430713778594
1993.4600559091568,-71.64254012100606,-71.64254012100606
1993.4700559091568,-71.64201868032464,-71.64201868032464
1993.4800559091568,-71.64150718281967,-71.64150718281967
1993.4900559091568,-71.64100575330632,-71.64100575330632
1993.5000559091568,-71.64051451442045,-71.64051451442045
1993.5100559091568,-71.64003358663669,-71.64003358663669
1993.5200559091568,-71.63956308828963,-71.63956308828963
1993.5300559091568,-71.63910313556595,-71.63910313556595
1993.5400559091568,-71.63865384254046,-71.63865384254046
1993.5500559091568,-71.6382153211718,-71.6382153211718
1993.5600559091567,-71.6377876813356,-71.6377876813356
1993.5700559091567,-71.63737103083531,-71.63737103083531
1993.5800559091567,-71.63696547540064,-71.63696547540064
1993.5900559091567,-71.63657111873567,-71.63657111873567
1993.6000559091567,-71.63618806249772,-71.63618806249772
1993.6100559091567,-71.63581640634592,-71.63581640634592
1993.6200559091567,-71.63545624792829,-71.63545624792829
1993.630055909157,-71.63510768292062,-71.63510768292062
1993.640055909157,-71.6347708050323,-71.6347708050323
1993.650055909157,-71.63444570604204,-71.63444570604204
1993.6600559091569,-71.63413247577682,-71.63413247577682
1993.6700559091569,-71.63383120217435,-71.63383120217435
1993.6800559091569,-71.63354197126476,-71.63354197126476
1993.6900559091569,-71.63326486719872,-71.63326486719872
1993.7000559091568,-71.63299997228442,-71.63299997228442
1993.7100559091568,-71.63274112695088,-71.63274112695088
1993.7200559091568,-71.63248567971738,-71.63248567971738
1993.7300559091568,-71.63223238091891,-71.63223238091891
1993.7400559091568,-71.63198062908722,-71.63198062908722
1993.7500559091568,-71.63173018325388,-71.63173018325388
1993.7600559091568,-71.63148101342506,-71.63148101342506
1993.7700559091568,-71.63123321291744,-71.63123321291744
1993.7800559091568,-71.63098694562693,-71.63098694562693
1993.7900559091568,-71.6307424143722,-71.6307424143722
1993.8000559091568,-71.63049984183391,-71.63049984183391
1993.8100559091567,-71.63025945925529,-71.63025945925529
1993.8200559091567,-71.63002149976488,-71.63002149976488
1993.8300559091567,-71.62978619458282,-71.62978619458282
1993.8400559091567,-71.62955377096766,-71.62955377096766
1993.8500559091567,-71.6293244511612,-71.6293244511612
1993.8600559091567,-71.62909845200636,-71.62909845200636
1993.8700559091567,-71.6288759849051,-71.6288759849051
1993.880055909157,-71.6286572559792,-71.6286572559792
1993.890055909157,-71.62844246634334,-71.62844246634334
1993.900055909157,-71.62823181240161,-71.62823181240161
1993.9100559091569,-71.62802548616075,-71.62802548616075
1993.9200559091569,-71.62782367555393,-71.62782367555393
1993.9300559091569,-71.62762656468558,-71.62762656468558
1993.9400559091569,-71.62743433411003,-71.62743433411003
1993.9500559091568,-71.62724716103507,-71.62724716103507
1993.9600559091568,-71.62706521952695,-71.62706521952695
1993.9700559091568,-71.62688868068689,-71.62688868068689
1993.9800559091568,-71.62671771276935,-71.62671771276935
1993.9900559091568,-71.62655248134521,-71.62655248134521
1994.0000559091568,-71.62639314937356,-71.62639314937356
1994.0100559091568,-71.62623987731037,-71.62623987731037
1994.0200559091568,-71.62609282319053,-71.62609282319053
1994.0300559091568,-71.62595214266696,-71.62595214266696
1994.0400559091568,-71.62581798910885,-71.62581798910885
1994.0500559091568,-71.62569051361119,-71.62569051361119
1994.0600559091567,-71.62556986505655,-71.62556986505655
1994.0700559091567,-71.62545619013869,-71.62545619013869
1994.0800559091567,-71.6253496334107,-71.6253496334107
1994.0900559091567,-71.62525033728295,-71.62525033728295
1994.1000559329987,-71.62515844184121,-71.62515844184121
1994.1100559329986,-71.62507408577147,-71.62507408577147
1994.1200559329986,-71.62499740499152,-71.62499740499152
1994.1300559329986,-71.62492853358913,-71.62492853358913
1994.1400559329986,-71.62486760363063,-71.62486760363063
1994.1500559329986,-71.62481474514185,-71.62481474514185
1994.1600559329986,-71.62477008613116,-71.62477008613116
1994.1700559329986,-71.62473375260494,-71.62473375260494
1994.1800559329986,-71.6247058685762,-71.6247058685762
1994.1900559329986,-71.62468655607336,-71.62468655607336
1994.2000559329986,-71.62467593513281,-71.62467593513281
1994.2100559329986,-71.6246678846377,-71.6246678846377
1994.2200559329985,-71.62465979132682,-71.62465979132682
1994.2300559329988,-71.62465044344312,-71.62465044344312
1994.2400559329988,-71.62463927717926,-71.62463927717926
1994.2500559329987,-71.62462608897133,-71.62462608897133
1994.2600559329987,-71.62461088601975,-71.62461088601975
1994.2700559329987,-71.6245937985831,-71.6245937985831
1994.2800559329987,-71.62457502731908,-71.62457502731908
1994.2900559329987,-71.62455481155342,-71.62455481155342
1994.3000559329987,-71.62453341027425,-71.62453341027425
1994.3100559329987,-71.62451109079036,-71.62451109079036
1994.3200559329987,-71.62448812208389,-71.62448812208389
1994.3300559329987,-71.6244647709937,-71.6244647709937
1994.3400559329987,-71.6244413001409,-71.6244413001409
1994.3500559329987,-71.62441796690398,-71.62441796690398
1994.3600559329986,-71.62439502300865,-71.62439502300865
1994.3700559329986,-71.6243727144923,-71.6243727144923
1994.3800559329986,-71.62435128183907,-71.62435128183907
1994.3900559329986,-71.62433096027533,-71.62433096027533
1994.4000559329986,-71.62431198005612,-71.62431198005612
1994.4100559329986,-71.6242945667665,-71.6242945667665
1994.4200559329986,-71.62427894163655,-71.62427894163655
1994.4300559329986,-71.62426532179677,-71.62426532179677
1994.4400559329986,-71.62425392055727,-71.62425392055727
1994.4500559329986,-71.62424494759304,-71.62424494759304
1994.4600559329986,-71.62423860914704,-71.62423860914704
1994.4700559329985,-71.62423510821384,-71.62423510821384
1994.4800559329988,-71.62423464465124,-71.62423464465124
1994.4900559329988,-71.62423741534874,-71.62423741534874
1994.5000559329987,-71.62424361428002,-71.62424361428002
1994.5100559329987,-71.62425343263328,-71.62425343263328
1994.5200559329987,-71.62426705885754,-71.62426705885754
1994.5300559329987,-71.62428467875328,-71.62428467875328
1994.5400559329987,-71.624306475518,-71.624306475518
1994.5500559329987,-71.62433262978608,-71.62433262978608
1994.5600559329987,-71.62436331967851,-71.62436331967851
1994.5700559329987,-71.62439872083002,-71.62439872083002
1994.5800559329987,-71.62443900642454,-71.62443900642454
1994.5900559329987,-71.62448434721729,-71.62448434721729
1994.6000559329987,-71.62453491155073,-71.62453491155073
1994.6100559329986,-71.6245908653973,-71.6245908653973
1994.6200559329986,-71.62465237234464,-71.62465237234464
1994.6300559329986,-71.62471959363788,-71.62471959363788
1994.6400559329986,-71.62479268817866,-71.62479268817866
1994.6500559329986,-71.62487181255804,-71.62487181255804
1994.6600559329986,-71.62495712102582,-71.62495712102582
1994.6700559329986,-71.62504876555857,-71.62504876555857
1994.6800559329986,-71.6251468958313,-71.6251468958313
1994.6900559329986,-71.6252516592411,-71.6252516592411
1994.7000559329986,-71.62536320092144,-71.62536320092144
1994.7100559329986,-71.625481663752,-71.625481663752
1994.7200559329985,-71.6256071883712,-71.6256071883712
1994.7300559329988,-71.62573991317176,-71.62573991317176
1994.7400559329988,-71.62587997432914,-71.62587997432914
1994.7500559329987,-71.62602750581675,-71.62602750581675
1994.7600559329987,-71.62618263940789,-71.62618263940789
1994.7700559329987,-71.62634550468219,-71.62634550468219
1994.7800559329987,-71.62651622906195,-71.62651622906195
1994.7900559329987,-71.62669493779829,-71.62669493779829
1994.8000559329987,-71.62688175399822,-71.62688175399822
1994.8100559329987,-71.62707679862889,-71.62707679862889
1994.8200559329987,-71.6272801905465,-71.6272801905465
1994.8300559329987,-71.62749204650177,-71.62749204650177
1994.8400559329987,-71.62771248116239,-71.62771248116239
1994.8500559329987,-71.6279416071142,-71.6279416071142
1994.8600559329986,-71.62817953488094,-71.62817953488094
1994.8700559329986,-71.62842637294571,-71.62842637294571
1994.8800559329986,-71.62868222775863,-71.62868222775863
1994.8900559329986,-71.6289472037745,-71.6289472037745
1994.9000559329986,-71.62922140343152,-71.62922140343152
1994.9100559329986,-71.62950492720348,-71.62950492720348
1994.9200559329986,-71.62979787360099,-71.62979787360099
1994.9300559329986,-71.63010033919348,-71.63010033919348
1994.9400559329986,-71.6304124186094,-71.6304124186094
1994.9500559568405,-71.6307342053517,-71.6307342053517
1994.9600559568405,-71.63106578874765,-71.63106578874765
1994.9700559568405,-71.63140725849534,-71.63140725849534
1994.9800559568405,-71.63175870171122,-71.63175870171122
1994.9900559568405,-71.63212020366204,-71.63212020366204
1995.0000559568405,-71.63249184780273,-71.63249184780273
1995.0100559568405,-71.63287371578359,-71.63287371578359
1995.0200559568405,-71.63326588747505,-71.63326588747505
1995.0300559568404,-71.63366844098874,-71.63366844098874
1995.0400559568404,-71.6340814526837,-71.6340814526837
1995.0500559568404,-71.63450499720128,-71.63450499720128
1995.0600559568404,-71.63493914746985,-71.63493914746985
1995.0700559568404,-71.63538397473026,-71.63538397473026
1995.0800559568406,-71.63583954856168,-71.63583954856168
1995.0900559568406,-71.63630593689449,-71.63630593689449
1995.1000559568406,-71.63678320600529,-71.63678320600529
1995.1100559568406,-71.63727142058124,-71.63727142058124
1995.1200559568406,-71.63777064371413,-71.63777064371413
1995.1300559568406,-71.63828093690799,-71.63828093690799
1995.1400559568406,-71.63880236013667,-71.63880236013667
1995.1500559568406,-71.63933497180821,-71.63933497180821
1995.1600559568406,-71.63987882881898,-71.63987882881898
1995.1700559568405,-71.64043398658136,-71.64043398658136
1995.1800559568405,-71.6410004990182,-71.6410004990182
1995.1900559568405,-71.64157841857886,-71.64157841857886
1995.2000559568405,-71.64216779628283,-71.64216779628283
1995.2100559568405,-71.64276868172583,-71.64276868172583
1995.2200559568405,-71.64338112308172,-71.64338112308172
1995.2300559568405,-71.64400516714996,-71.64400516714996
1995.2400559568405,-71.64464085934605,-71.64464085934605
1995.2500559568405,-71.64528824374261,-71.64528824374261
1995.2600559568405,-71.64594736307735,-71.64594736307735
1995.2700559568405,-71.64661825875714,-71.64661825875714
1995.2800559568404,-71.64730097090663,-71.64730097090663
1995.2900559568404,-71.64799553835184,-71.64799553835184
1995.3000559568404,-71.64870199867575,-71.64870199867575
1995.3100559568404,-71.64942038818832,-71.64942038818832
1995.3200559568404,-71.6501507419761,-71.6501507419761
1995.3300559568406,-71.65089309393085,-71.65089309393085
1995.3400559568406,-71.65164747672782,-71.65164747672782
1995.3500559568406,-71.65241392186218,-71.65241392186218
1995.3600559568406,-71.65319245967142,-71.65319245967142
1995.3700559568406,-71.6539831193496,-71.6539831193496
1995.3800559568406,-71.65478592895262,-71.65478592895262
1995.3900559568406,-71.65560091542638,-71.65560091542638
1995.4000559568406,-71.65642810461529,-71.65642810461529
1995.4100559568406,-71.65726752128705,-71.65726752128705
1995.4200559568405,-71.6581191891323,-71.6581191891323
1995.4300559568405,-71.65898313079148,-71.65898313079148
1995.4400559568405,-71.65985936787547,-71.65985936787547
1995.4500559568405,-71.66074792097564,-71.66074792097564
1995.4600559568405,-71.66164880965968,-71.66164880965968
1995.4700559568405,-71.66256205252512,-71.66256205252512
1995.4800559568405,-71.6634876671817,-71.6634876671817
1995.4900559568405,-71.66442567027623,-71.66442567027623
1995.5000559568405,-71.66537607751039,-71.66537607751039
1995.5100559568405,-71.666338903653,-71.666338903653
1995.5200559568405,-71.66731416255973,-71.66731416255973
1995.5300559568404,-71.66830186717003,-71.66830186717003
1995.5400559568404,-71.66930202954043,-71.66930202954043
1995.5500559568404,-71.67031466084563,-71.67031466084563
1995.5600559568404,-71.67133977139588,-71.67133977139588
1995.5700559568404,-71.67237737064754,-71.67237737064754
1995.5800559568406,-71.67342746722188,-71.67342746722188
1995.5900559568406,-71.6744900689131,-71.6744900689131
1995.6000559568406,-71.67556518271117,-71.67556518271117
1995.6100559568406,-71.6766528148004,-71.6766528148004
1995.6200559568406,-71.67775297057477,-71.67775297057477
1995.6300559568406,-71.67886565466436,-71.67886565466436
1995.6400559568406,-71.67999087092406,-71.67999087092406
1995.6500559568406,-71.68112862246574,-71.68112862246574
1995.6600559568406,-71.68227891166713,-71.68227891166713
1995.6700559568405,-71.68344174017122,-71.68344174017122
1995.6800559568405,-71.68461710890871,-71.68461710890871
1995.6900559568405,-71.68580501810942,-71.68580501810942
1995.7000559568405,-71.68700546730922,-71.68700546730922
1995.7100559568405,-71.68821845536125,-71.68821845536125
1995.7200559568405,-71.68944398045134,-71.68944398045134
1995.7300559568405,-71.69068204010632,-71.69068204010632
1995.7400559568405,-71.69193263120661,-71.69193263120661
1995.7500559568405,-71.69319574999419,-71.69319574999419
1995.7600559568405,-71.69447139207684,-71.69447139207684
1995.7700559568405,-71.69575955245746,-71.69575955245746
1995.7800559568404,-71.69706022552585,-71.69706022552585
1995.7900559568404,-71.69837340507226,-71.69837340507226
1995.8000559806824,-71.69969908747098,-71.69969908747098
1995.8100559806824,-71.70103725907694,-71.70103725907694
1995.8200559806824,-71.7023879150606,-71.7023879150606
1995.8300559806823,-71.70375104693292,-71.70375104693292
1995.8400559806823,-71.70512664565362,-71.70512664565362
1995.8500559806823,-71.70651470164783,-71.70651470164783
1995.8600559806823,-71.70791520480533,-71.70791520480533
1995.8700559806823,-71.70932814449944,-71.70932814449944
1995.8800559806823,-71.7107535095847,-71.7107535095847
1995.8900559806823,-71.71219128841767,-71.71219128841767
1995.9000559806823,-71.71364146886846,-71.71364146886846
1995.9100559806823,-71.71510403830642,-71.71510403830642
1995.9200559806823,-71.71657898363199,-71.71657898363199
1995.9300559806825,-71.71806629127319,-71.71806629127319
1995.9400559806825,-71.71956594720979,-71.71956594720979
1995.9500559806825,-71.72107793695606,-71.72107793695606
1995.9600559806825,-71.72260224558174,-71.72260224558174
1995.9700559806824,-71.7241388577251,-71.7241388577251
1995.9800559806824,-71.72568775759353,-71.72568775759353
1995.9900559806824,-71.72724892897685,-71.72724892897685
1996.0000559806824,-71.72882235524472,-71.72882235524472
1996.0100559806824,-71.73040801937033,-71.73040801937033
1996.0200559806824,-71.73200590391079,-71.73200590391079
1996.0300559806824,-71.7336159910537,-71.7336159910537
1996.0400559806824,-71.73523826258352,-71.73523826258352
1996.0500559806824,-71.73687269991532,-71.73687269991532
1996.0600559806824,-71.73851928409427,-71.73851928409427
1996.0700559806824,-71.74017799580041,-71.74017799580041
1996.0800559806823,-71.74184881535292,-71.74184881535292
1996.0900559806823,-71.74353172272605,-71.74353172272605
1996.1000559806823,-71.74522669755132,-71.74522669755132
1996.1100559806823,-71.74693371911262,-71.74693371911262
1996.1200559806823,-71.748652766375,-71.748652766375
1996.1300559806823,-71.7503838179718,-71.7503838179718
1996.1400559806823,-71.7521268522187,-71.7521268522187
1996.1500559806823,-71.75388184711797,-71.75388184711797
1996.1600559806823,-71.75564878036819,-71.75564878036819
1996.1700559806823,-71.75742762936665,-71.75742762936665
1996.1800559806825,-71.75921837121028,-71.75921837121028
1996.1900559806825,-71.76102098271257,-71.76102098271257
1996.2000559806825,-71.76283544040467,-71.76283544040467
1996.2100559806825,-71.76465546522341,-71.76465546522341
1996.2200559806824,-71.76647829483883,-71.76647829483883
1996.2300559806824,-71.76830257284519,-71.76830257284519
1996.2400559806824,-71.77012759366553,-71.77012759366553
1996.2500559806824,-71.77195301428989,-71.77195301428989
1996.2600559806824,-71.77377870452662,-71.77377870452662
1996.2700559806824,-71.77560465918486,-71.77560465918486
1996.2800559806824,-71.77743094531934,-71.77743094531934
1996.2900559806824,-71.77925767045717,-71.77925767045717
1996.3000559806824,-71.78108496357164,-71.78108496357164
1996.3100559806824,-71.78291296372629,-71.78291296372629
1996.3200559806824,-71.78474181339087,-71.78474181339087
1996.3300559806823,-71.78657165464197,-71.78657165464197
1996.3400559806823,-71.78840262705823,-71.78840262705823
1996.3500559806823,-71.79023486668287,-71.79023486668287
1996.3600559806823,-71.79206850561818,-71.79206850561818
1996.3700559806823,-71.79390367194735,-71.79390367194735
1996.3800559806823,-71.7957404899013,-71.7957404899013
1996.3900559806823,-71.79757908009054,-71.79757908009054
1996.4000559806823,-71.79941955982696,-71.79941955982696
1996.4100559806823,-71.80126204336976,-71.80126204336976
1996.4200559806823,-71.80310664225816,-71.80310664225816
1996.4300559806825,-71.80495346555367,-71.80495346555367
1996.4400559806825,-71.80680262006972,-71.80680262006972
1996.4500559806825,-71.80865421058132,-71.80865421058132
1996.4600559806825,-71.81050834001503,-71.81050834001503
1996.4700559806824,-71.8123651095819,-71.8123651095819
1996.4800559806824,-71.81422461892494,-71.81422461892494
1996.4900559806824,-71.8160869662198,-71.8160869662198
1996.5000559806824,-71.81795224826666,-71.81795224826666
1996.5100559806824,-71.81982056055695,-71.81982056055695
1996.5200559806824,-71.8216919973635,-71.8216919973635
1996.5300559806824,-71.82356665175567,-71.82356665175567
1996.5400559806824,-71.82544461566275,-71.82544461566275
1996.5500559806824,-71.82732597990697,-71.82732597990697
1996.5600559806824,-71.82921083420408,-71.82921083420408
1996.5700559806824,-71.83109926722878,-71.83109926722878
1996.5800559806823,-71.83299136658377,-71.83299136658377
1996.5900559806823,-71.83488721884386,-71.83488721884386
1996.6000559806823,-71.83678690953637,-71.83678690953637
1996.6100559806823,-71.83869052317768,-71.83869052317768
1996.6200559806823,-71.84059814324878,-71.84059814324878
1996.6300559806823,-71.84250985221432,-71.84250985221432
1996.6400559806823,-71.84442573149832,-71.84442573149832
1996.6500560045242,-71.84634586609299,-71.84634586609299
1996.6600560045242,-71.84827032624953,-71.84827032624953
1996.6700560045242,-71.85019919487318,-71.85019919487318
1996.6800560045242,-71.85213254928614,-71.85213254928614
1996.6900560045242,-71.85407046577446,-71.85407046577446
1996.7000560045242,-71.85601301957905,-71.85601301957905
1996.7100560045242,-71.85796028491578,-71.85796028491578
1996.7200560045242,-71.85991233492494,-71.85991233492494
1996.7300560045242,-71.86186924172964,-71.86186924172964
1996.7400560045241,-71.86383107637205,-71.86383107637205
1996.7500560045241,-71.86579790885763,-71.86579790885763
1996.7600560045241,-71.86776980813717,-71.86776980813717
1996.7700560045241,-71.86974684209582,-71.86974684209582
1996.7800560045243,-71.87172907755608,-71.87172907755608
1996.7900560045243,-71.87371658029556,-71.87371658029556
1996.8000560045243,-71.87570941500734,-71.87570941500734
1996.8100560045243,-71.87770764534321,-71.87770764534321
1996.8200560045243,-71.87971133388164,-71.87971133388164
1996.8300560045243,-71.88172054215022,-71.88172054215022
1996.8400560045243,-71.88373533061338,-71.88373533061338
1996.8500560045243,-71.88575575867176,-71.88575575867176
1996.8600560045243,-71.88778188467886,-71.88778188467886
1996.8700560045243,-71.88981376593604,-71.88981376593604
1996.8800560045242,-71.89185145868679,-71.89185145868679
1996.8900560045242,-71.89389501812713,-71.89389501812713
1996.9000560045242,-71.89594449841839,-71.89594449841839
1996.9100560045242,-71.89799995266726,-71.89799995266726
1996.9200560045242,-71.90006143296073,-71.90006143296073
1996.9300560045242,-71.90212899034067,-71.90212899034067
1996.9400560045242,-71.90420267482884,-71.90420267482884
1996.9500560045242,-71.90628253543471,-71.90628253543471
1996.9600560045242,-71.90836862013526,-71.90836862013526
1996.9700560045242,-71.91046097590579,-71.91046097590579
1996.9800560045242,-71.91255964872009,-71.91255964872009
1996.9900560045241,-71.91466468355242,-71.91466468355242
1997.0000560045241,-71.91677612438373,-71.91677612438373
1997.0100560045241,-71.91889401421176,-71.91889401421176
1997.0200560045241,-71.92101839506175,-71.92101839506175
1997.0300560045243,-71.92314930798187,-71.92314930798187
1997.0400560045243,-71.92528679306656,-71.92528679306656
1997.0500560045243,-71.92743088944978,-71.92743088944978
1997.0600560045243,-71.92958163531024,-71.92958163531024
1997.0700560045243,-71.93173906790875,-71.93173906790875
1997.0800560045243,-71.93390322354942,-71.93390322354942
1997.0900560045243,-71.93607413763905,-71.93607413763905
1997.1000560045243,-71.93825184465533,-71.93825184465533
1997.1100560045243,-71.94043637816581,-71.94043637816581
1997.1200560045243,-71.94262777084887,-71.94262777084887
1997.1300560045242,-71.94482605449896,-71.94482605449896
1997.1400560045242,-71.94703126001183,-71.94703126001183
1997.1500560045242,-71.94924341743356,-71.94924341743356
1997.1600560045242,-71.95146255593193,-71.95146255593193
1997.1700560045242,-71.95368870383591,-71.95368870383591
1997.1800560045242,-71.95592188860657,-71.95592188860657
1997.1900560045242,-71.95816213689704,-71.95816213689704
1997.2000560045242,-71.96040947452086,-71.96040947452086
1997.2100560045242,-71.96266392646822,-71.96266392646822
1997.2200560045242,-71.96492551693318,-71.96492551693318
1997.2300560045242,-71.96719426930052,-71.96719426930052
1997.2400560045241,-71.96947020617539,-71.96947020617539
1997.2500560045241,-71.97175334938844,-71.97175334938844
1997.2600560045241,-71.97404371997696,-71.97404371997696
1997.2700560045241,-71.9763413382328,-71.9763413382328
1997.2800560045243,-71.97864622368994,-71.97864622368994
1997.2900560045243,-71.98095839514652,-71.98095839514652
1997.3000560045243,-71.98327787065367,-71.98327787065367
1997.3100560045243,-71.98560466754716,-71.98560466754716
1997.3200560045243,-71.98793880244206,-71.98793880244206
1997.3300560045243,-71.990280291249,-71.990280291249
1997.3400560045243,-71.99262914917585,-71.99262914917585
1997.3500560045243,-71.99498539075236,-71.99498539075236
1997.3600560045243,-71.99734902982958,-71.99734902982958
1997.3700560045243,-71.99972007957182,-71.99972007957182
1997.3800560045242,-72.0020985524871,-72.0020985524871
1997.3900560045242,-72.004484460441,-72.004484460441
1997.4000560045242,-72.00687781464549,-72.00687781464549
1997.4100560045242,-72.00927862569102,-72.00927862569102
1997.4200560045242,-72.0116869035193,-72.0116869035193
1997.4300560045242,-72.01410265747039,-72.01410265747039
1997.4400560045242,-72.01652589626731,-72.01652589626731
1997.4500560045242,-72.01895662804762,-72.01895662804762
1997.4600560045242,-72.02139486033106,-72.02139486033106
1997.4700560045242,-72.02384060007401,-72.02384060007401
1997.4800560045242,-72.02629385365239,-72.02629385365239
1997.4900560045241,-72.02875462687278,-72.02875462687278
1997.500056028366,-72.03122293086722,-72.03122293086722
1997.510056028366,-72.03369875860537,-72.03369875860537
1997.520056028366,-72.03618212007837,-72.03618212007837
1997.530056028366,-72.03867301892535,-72.03867301892535
1997.540056028366,-72.04117145823088,-72.04117145823088
1997.550056028366,-72.0436774405818,-72.0436774405818
1997.560056028366,-72.04619096803476,-72.04619096803476
1997.570056028366,-72.04871204216262,-72.04871204216262
1997.580056028366,-72.05124066403206,-72.05124066403206
1997.590056028366,-72.05377683421307,-72.05377683421307
1997.600056028366,-72.05632055281104,-72.05632055281104
1997.610056028366,-72.0588718194614,-72.0588718194614
1997.620056028366,-72.06143063331058,-72.06143063331058
1997.6300560283662,-72.06399699307201,-72.06399699307201
1997.6400560283662,-72.06657089699176,-72.06657089699176
1997.6500560283662,-72.06915234287602,-72.06915234287602
1997.6600560283662,-72.07174132810196,-72.07174132810196
1997.6700560283662,-72.07433784960679,-72.07433784960679
1997.6800560283662,-72.07694190390563,-72.07694190390563
1997.6900560283661,-72.07955348710321,-72.07955348710321
1997.7000560283661,-72.0821725948953,-72.0821725948953
1997.7100560283661,-72.08479922256743,-72.08479922256743
1997.7200560283661,-72.08743336500709,-72.08743336500709
1997.730056028366,-72.0900750167325,-72.0900750167325
1997.740056028366,-72.09272417185096,-72.09272417185096
1997.750056028366,-72.09538082410897,-72.09538082410897
1997.760056028366,-72.09804496688517,-72.09804496688517
1997.770056028366,-72.10071659318521,-72.10071659318521
1997.780056028366,-72.10339569565751,-72.10339569565751
1997.790056028366,-72.10608226659025,-72.10608226659025
1997.800056028366,-72.10877629795095,-72.10877629795095
1997.810056028366,-72.1114777813443,-72.1114777813443
1997.820056028366,-72.11418670804413,-72.11418670804413
1997.830056028366,-72.11690306899949,-72.11690306899949
1997.840056028366,-72.11962685483564,-72.11962685483564
1997.850056028366,-72.12235805586378,-72.12235805586378
1997.860056028366,-72.12509666207188,-72.12509666207188
1997.870056028366,-72.12784266315113,-72.12784266315113
1997.8800560283662,-72.13059604849511,-72.13059604849511
1997.8900560283662,-72.13335680719241,-72.13335680719241
1997.9000560283662,-72.13612492804481,-72.13612492804481
1997.9100560283662,-72.13890039956104,-72.13890039956104
1997.9200560283662,-72.14168320998884,-72.14168320998884
1997.9300560283662,-72.14447334728008,-72.14447334728008
1997.9400560283661,-72.14727079913379,-72.14727079913379
1997.9500560283661,-72.15007555297363,-72.15007555297363
1997.9600560283661,-72.15288759595924,-72.15288759595924
1997.9700560283661,-72.15570691500335,-72.15570691500335
1997.980056028366,-72.15853349676631,-72.15853349676631
1997.990056028366,-72.16136732766049,-72.16136732766049
1998.000056028366,-72.164208393863,-72.164208393863
1998.010056028366,-72.16705668130179,-72.16705668130179
1998.020056028366,-72.16991217568271,-72.16991217568271
1998.030056028366,-72.1727748624764,-72.1727748624764
1998.040056028366,-72.17564472693267,-72.17564472693267
1998.050056028366,-72.17852175408545,-72.17852175408545
1998.060056028366,-72.18140592875056,-72.18140592875056
1998.070056028366,-72.18429723552798,-72.18429723552798
1998.080056028366,-72.18719565882175,-72.18719565882175
1998.090056028366,-72.19010118281804,-72.19010118281804
1998.100056028366,-72.19301379152148,-72.19301379152148
1998.110056028366,-72.19593346872543,-72.19593346872543
1998.120056028366,-72.19886019804923,-72.19886019804923
1998.1300560283662,-72.20179396290943,-72.20179396290943
1998.1400560283662,-72.20473474654335,-72.20473474654335
1998.1500560283662,-72.20768253201796,-72.20768253201796
1998.1600560283662,-72.2106373022117,-72.2106373022117
1998.1700560283662,-72.21359903983513,-72.21359903983513
1998.1800560283662,-72.21656772743519,-72.21656772743519
1998.1900560283661,-72.21954334738827,-72.21954334738827
1998.2000560283661,-72.22252588191265,-72.22252588191265
1998.2100560283661,-72.22551531305658,-72.22551531305658
1998.2200560283661,-72.22851162272923,-72.22851162272923
1998.230056028366,-72.23151479267594,-72.23151479267594
1998.240056028366,-72.23452480450482,-72.23452480450482
1998.250056028366,-72.23754163966997,-72.23754163966997
1998.260056028366,-72.24056527948458,-72.24056527948458
1998.270056028366,-72.24359570513052,-72.24359570513052
1998.280056028366,-72.2466328976438,-72.2466328976438
1998.290056028366,-72.24967683793867,-72.24967683793867
1998.300056028366,-72.2527275067835,-72.2527275067835
1998.310056028366,-72.25578488483325,-72.25578488483325
1998.320056028366,-72.25884895261338,-72.25884895261338
1998.330056028366,-72.26191969053383,-72.26191969053383
1998.340056028366,-72.26499707887913,-72.26499707887913
1998.350056052208,-72.26808110517491,-72.26808110517491
1998.360056052208,-72.27117173481075,-72.27117173481075
1998.370056052208,-72.2742689550515,-72.2742689550515
1998.380056052208,-72.27737274574524,-72.27737274574524
1998.390056052208,-72.28048308662224,-72.28048308662224
1998.400056052208,-72.28359995733129,-72.28359995733129
1998.410056052208,-72.28672333740019,-72.28672333740019
1998.4200560522079,-72.28985320627221,-72.28985320627221
1998.4300560522079,-72.29298954329803,-72.29298954329803
1998.4400560522079,-72.29613232773117,-72.29613232773117
1998.4500560522079,-72.29928153872616,-72.29928153872616
1998.4600560522078,-72.30243715537028,-72.30243715537028
1998.4700560522078,-72.30559915664276,-72.30559915664276
1998.480056052208,-72.30876752145859,-72.30876752145859
1998.490056052208,-72.3119422286505,-72.3119422286505
1998.500056052208,-72.31512325695988,-72.31512325695988
1998.510056052208,-72.31831058507032,-72.31831058507032
1998.520056052208,-72.32150419157928,-72.32150419157928
1998.530056052208,-72.32470405502303,-72.32470405502303
1998.540056052208,-72.32791015384618,-72.32791015384618
1998.550056052208,-72.33112246644319,-72.33112246644319
1998.560056052208,-72.33434097115037,-72.33434097115037
1998.570056052208,-72.3375656462163,-72.3375656462163
1998.580056052208,-72.34079646984682,-72.34079646984682
1998.590056052208,-72.34403342019112,-72.34403342019112
1998.600056052208,-72.34727647533029,-72.34727647533029
1998.610056052208,-72.35052561328561,-72.35052561328561
1998.620056052208,-72.35378081203402,-72.35378081203402
1998.630056052208,-72.35704204950127,-72.35704204950127
1998.640056052208,-72.36030930355801,-72.36030930355801
1998.650056052208,-72.36358255202649,-72.36358255202649
1998.660056052208,-72.36686177267956,-72.36686177267956
1998.6700560522079,-72.37014694324934,-72.37014694324934
1998.6800560522079,-72.37343804143171,-72.37343804143171
1998.6900560522079,-72.3767350448713,-72.3767350448713
1998.7000560522079,-72.3800379311694,-72.3800379311694
1998.7100560522078,-72.38334667789262,-72.38334667789262
1998.7200560522078,-72.38666126257868,-72.38666126257868
1998.730056052208,-72.38998166271664,-72.38998166271664
1998.740056052208,-72.39330785577319,-72.39330785577319
1998.750056052208,-72.3966398191732,-72.3966398191732
1998.760056052208,-72.39997753032542,-72.39997753032542
1998.770056052208,-72.40332096658705,-72.40332096658705
1998.780056052208,-72.4066701053064,-72.4066701053064
1998.790056052208,-72.41002492379808,-72.41002492379808
1998.800056052208,-72.41338539935299,-72.41338539935299
1998.810056052208,-72.41675150924301,-72.41675150924301
1998.820056052208,-72.42012323070597,-72.42012323070597
1998.830056052208,-72.42350054097145,-72.42350054097145
1998.840056052208,-72.4268834172394,-72.4268834172394
1998.850056052208,-72.43027183669703,-72.43027183669703
1998.860056052208,-72.4336657765148,-72.4336657765148
1998.870056052208,-72.4370652138472,-72.4370652138472
1998.880056052208,-72.44047012582756,-72.44047012582756
1998.890056052208,-72.44388048958864,-72.44388048958864
1998.900056052208,-72.44729628224259,-72.44729628224259
1998.910056052208,-72.4507174808824,-72.4507174808824
1998.9200560522079,-72.45414406261598,-72.45414406261598
1998.9300560522079,-72.45757600451911,-72.45757600451911
1998.9400560522079,-72.46101328367394,-72.46101328367394
1998.9500560522079,-72.46445587714643,-72.46445587714643
1998.9600560522078,-72.46789743941667,-72.46789743941667
1998.9700560522078,-72.47133517569397,-72.47133517569397
1998.980056052208,-72.47476771094159,-72.47476771094159
1998.990056052208,-72.47819432748966,-72.47819432748966
1999.000056052208,-72.48161467401857,-72.48161467401857
1999.010056052208,-72.4850286144614,-72.4850286144614
1999.020056052208,-72.48843613942978,-72.48843613942978
1999.030056052208,-72.49183731299848,-72.49183731299848
1999.040056052208,-72.49523224069318,-72.49523224069318
1999.050056052208,-72.49862105029597,-72.49862105029597
1999.060056052208,-72.50200388037995,-72.50200388037995
1999.070056052208,-72.50538087357116,-72.50538087357116
1999.080056052208,-72.50875217269754,-72.50875217269754
1999.090056052208,-72.51211791861934,-72.51211791861934
1999.100056052208,-72.51547824919598,-72.51547824919598
1999.110056052208,-72.51883329882263,-72.51883329882263
1999.120056052208,-72.52218319836113,-72.52218319836113
1999.130056052208,-72.52552807525953,-72.52552807525953
1999.140056052208,-72.52886805378704,-72.52886805378704
1999.150056052208,-72.53220325531123,-72.53220325531123
1999.160056052208,-72.5355337985531,-72.5355337985531
1999.1700560522079,-72.5388597998768,-72.5388597998768
1999.1800560522079,-72.54218137354974,-72.54218137354974
1999.1900560522079,-72.54549863193732,-72.54549863193732
1999.2000560760498,-72.54881169359935,-72.54881169359935
1999.2100560760498,-72.55212065188714,-72.55212065188714
1999.2200560760498,-72.55542562243383,-72.55542562243383
1999.2300560760498,-72.55872671170647,-72.55872671170647
1999.2400560760498,-72.56202402501401,-72.56202402501401
1999.2500560760498,-72.56531766655284,-72.56531766655284
1999.2600560760498,-72.56860773950311,-72.56860773950311
1999.2700560760497,-72.57189434606153,-72.57189434606153
1999.2800560760497,-72.57517758751023,-72.57517758751023
1999.2900560760497,-72.57845756421175,-72.57845756421175
1999.3000560760497,-72.58173437567193,-72.58173437567193
1999.3100560760497,-72.58500812051541,-72.58500812051541
1999.3200560760497,-72.58827889655407,-72.58827889655407
1999.33005607605,-72.59154680073883,-72.59154680073883
1999.34005607605,-72.59481192920227,-72.59481192920227
1999.35005607605,-72.5980743772528,-72.5980743772528
1999.36005607605,-72.60133423935635,-72.60133423935635
1999.3700560760499,-72.60459160915975,-72.60459160915975
1999.3800560760499,-72.6078465794529,-72.6078465794529
1999.3900560760499,-72.61109924220213,-72.61109924220213
1999.4000560760499,-72.61434968850932,-72.61434968850932
1999.4100560760498,-72.61759800863003,-72.61759800863003
1999.4200560760498,-72.62084429194925,-72.62084429194925
1999.4300560760498,-72.6240886269862,-72.6240886269862
1999.4400560760498,-72.62733110136398,-72.62733110136398
1999.4500560760498,-72.63057180183083,-72.63057180183083
1999.4600560760498,-72.63381081423591,-72.63381081423591
1999.4700560760498,-72.63704822352399,-72.63704822352399
1999.4800560760498,-72.64028411372831,-72.64028411372831
1999.4900560760498,-72.64351856796708,-72.64351856796708
1999.5000560760498,-72.64675166843018,-72.64675166843018
1999.5100560760498,-72.64998349639188,-72.64998349639188
1999.5200560760497,-72.65321413216776,-72.65321413216776
1999.5300560760497,-72.65644365514143,-72.65644365514143
1999.5400560760497,-72.6596721437648,-72.6596721437648
1999.5500560760497,-72.66289967551509,-72.66289967551509
1999.5600560760497,-72.66612632694778,-72.66612632694778
1999.5700560760497,-72.6693521736419,-72.6693521736419
1999.58005607605,-72.67257729021142,-72.67257729021142
1999.59005607605,-72.67580175033623,-72.67580175033623
1999.60005607605,-72.67902562671418,-72.67902562671418
1999.61005607605,-72.68224899109174,-72.68224899109174
1999.6200560760499,-72.68547191423431,-72.68547191423431
1999.6300560760499,-72.68869446596997,-72.68869446596997
1999.6400560760499,-72.69191671514223,-72.69191671514223
1999.6500560760499,-72.69513872963336,-72.69513872963336
1999.6600560760498,-72.69836057637922,-72.69836057637922
1999.6700560760498,-72.70158232135284,-72.70158232135284
1999.6800560760498,-72.7048040295611,-72.7048040295611
1999.6900560760498,-72.70802576506823,-72.70802576506823
1999.7000560760498,-72.71124759096818,-72.71124759096818
1999.7100560760498,-72.71446956941841,-72.71446956941841
1999.7200560760498,-72.71769176163819,-72.71769176163819
1999.7300560760498,-72.72091422788931,-72.72091422788931
1999.7400560760498,-72.72413702750886,-72.72413702750886
1999.7500560760498,-72.7273602188968,-72.7273602188968
1999.7600560760498,-72.73058385953014,-72.73058385953014
1999.7700560760497,-72.73380800594755,-72.73380800594755
1999.7800560760497,-72.7370327137829,-72.7370327137829
1999.7900560760497,-72.74025803775716,-72.74025803775716
1999.8000560760497,-72.74348403168543,-72.74348403168543
1999.8100560760497,-72.74671074847656,-72.74671074847656
1999.8200560760497,-72.74993824014716,-72.74993824014716
1999.83005607605,-72.75316655782466,-72.75316655782466
1999.84005607605,-72.75639575175511,-72.75639575175511
1999.85005607605,-72.75962587131765,-72.75962587131765
1999.86005607605,-72.76285696500318,-72.76285696500318
1999.8700560760499,-72.7660890804635,-72.7660890804635
1999.8800560760499,-72.76932226448409,-72.76932226448409
1999.8900560760499,-72.77255656300343,-72.77255656300343
1999.9000560760499,-72.77579202112457,-72.77579202112457
1999.9100560760498,-72.7790286831166,-72.7790286831166
1999.9200560760498,-72.78226659242411,-72.78226659242411
1999.9300560760498,-72.78550579166868,-72.78550579166868
1999.9400560760498,-72.78874632267443,-72.78874632267443
1999.9500560760498,-72.791988226447,-72.791988226447
1999.9600560760498,-72.79523154322567,-72.79523154322567
1999.9700560760498,-72.79847631243385,-72.79847631243385
1999.9800560760498,-72.80172257272801,-72.80172257272801
1999.9900560760498,-72.80497036200094,-72.80497036200094
2000.0000560760498,-72.8082197173832,-72.8082197173832
2000.0100560760498,-72.81147067524594,-72.81147067524594
2000.0200560760497,-72.81472327121624,-72.81472327121624
2000.0300560760497,-72.8179775401751,-72.8179775401751
2000.0400560760497,-72.82123351629355,-72.82123351629355
2000.0500560998917,-72.82449124075441,-72.82449124075441
2000.0600560998917,-72.82775073079046,-72.82775073079046
2000.0700560998916,-72.83101202615744,-72.83101202615744
2000.0800560998916,-72.83427515818256,-72.83427515818256
2000.0900560998916,-72.83754015750371,-72.83754015750371
2000.1000560998916,-72.84080705407632,-72.84080705407632
2000.1100560998916,-72.84407587717816,-72.84407587717816
2000.1200560998916,-72.84734665542088,-72.84734665542088
2000.1300560998916,-72.85061941677117,-72.85061941677117
2000.1400560998916,-72.85389418853849,-72.85389418853849
2000.1500560998916,-72.8571709973911,-72.8571709973911
2000.1600560998916,-72.86044986937061,-72.86044986937061
2000.1700560998916,-72.86373082989165,-72.86373082989165
2000.1800560998918,-72.8670139037525,-72.8670139037525
2000.1900560998918,-72.87029911513643,-72.87029911513643
2000.2000560998918,-72.87358648763336,-72.87358648763336
2000.2100560998917,-72.8768760442364,-72.8768760442364
2000.2200560998917,-72.88016780735713,-72.88016780735713
2000.2300560998917,-72.88346179882271,-72.88346179882271
2000.2400560998917,-72.88675803989396,-72.88675803989396
2000.2500560998917,-72.89005655127657,-72.89005655127657
2000.2600560998917,-72.89335735310125,-72.89335735310125
2000.2700560998917,-72.89666046497022,-72.89666046497022
2000.2800560998917,-72.89996590593505,-72.89996590593505
2000.2900560998917,-72.90327369451448,-72.90327369451448
2000.3000560998917,-72.90658384871178,-72.90658384871178
2000.3100560998917,-72.90989638600395,-72.90989638600395
2000.3200560998916,-72.91321132335169,-72.91321132335169
2000.3300560998916,-72.91652867721969,-72.91652867721969
2000.3400560998916,-72.91984846357293,-72.91984846357293
2000.3500560998916,-72.9231706978825,-72.9231706978825
2000.3600560998916,-72.92649539514453,-72.92649539514453
2000.3700560998916,-72.92982256986747,-72.92982256986747
2000.3800560998916,-72.93315223610472,-72.93315223610472
2000.3900560998916,-72.93648440743222,-72.93648440743222
2000.4000560998916,-72.93981909698422,-72.93981909698422
2000.4100560998916,-72.94315631742515,-72.94315631742515
2000.4200560998916,-72.94649608099245,-72.94649608099245
2000.4300560998918,-72.94983839948249,-72.94983839948249
2000.4400560998918,-72.95318328426539,-72.95318328426539
2000.4500560998918,-72.95653074627667,-72.95653074627667
2000.4600560998917,-72.95988079604365,-72.95988079604365
2000.4700560998917,-72.96323344367792,-72.96323344367792
2000.4800560998917,-72.96658869888695,-72.96658869888695
2000.4900560998917,-72.96994657097312,-72.96994657097312
2000.5000560998917,-72.97330706885374,-72.97330706885374
2000.5100560998917,-72.97667020105538,-72.97667020105538
2000.5200560998917,-72.98003597571363,-72.98003597571363
2000.5300560998917,-72.98340440060916,-72.98340440060916
2000.5400560998917,-72.98677548313297,-72.98677548313297
2000.5500560998917,-72.99014923031795,-72.99014923031795
2000.5600560998917,-72.99352564883986,-72.99352564883986
2000.5700560998916,-72.9969047450138,-72.9969047450138
2000.5800560998916,-73.00028652481893,-73.00028652481893
2000.5900560998916,-73.0036709938821,-73.0036709938821
2000.6000560998916,-73.00705815749448,-73.00705815749448
2000.6100560998916,-73.01044802061607,-73.01044802061607
2000.6200560998916,-73.01384058787687,-73.01384058787687
2000.6300560998916,-73.01723586359314,-73.01723586359314
2000.6400560998916,-73.02063385175,-73.02063385175
2000.6500560998916,-73.02403455603394,-73.02403455603394
2000.6600560998916,-73.02743797981779,-73.02743797981779
2000.6700560998916,-73.03084412617653,-73.03084412617653
2000.6800560998918,-73.03425299788158,-73.03425299788158
2000.6900560998918,-73.03766459742216,-73.03766459742216
2000.7000560998918,-73.04107892699442,-73.04107892699442
2000.7100560998917,-73.04449598849946,-73.04449598849946
2000.7200560998917,-73.04791578357626,-73.04791578357626
2000.7300560998917,-73.05133831358263,-73.05133831358263
2000.7400560998917,-73.05476357961358,-73.05476357961358
2000.7500560998917,-73.0581915824845,-73.0581915824845
2000.7600560998917,-73.06162232276085,-73.06162232276085
2000.7700560998917,-73.06505580074398,-73.06505580074398
2000.7800560998917,-73.0684920164914,-73.0684920164914
2000.7900560998917,-73.0719309697981,-73.0719309697981
2000.8000560998917,-73.07537266024255,-73.07537266024255
2000.8100560998917,-73.07881708713388,-73.07881708713388
2000.8200560998916,-73.08226424955211,-73.08226424955211
2000.8300560998916,-73.0857141463509,-73.0857141463509
2000.8400560998916,-73.0891667761589,-73.0891667761589
2000.8500560998916,-73.0926221373664,-73.0926221373664
2000.8600560998916,-73.09608022815361,-73.09608022815361
2000.8700560998916,-73.0995410464871,-73.0995410464871
2000.8800560998916,-73.10300459011098,-73.10300459011098
2000.8900560998916,-73.10647085654638,-73.10647085654638
2000.9000561237335,-73.10993985140597,-73.10993985140597
2000.9100561237335,-73.11341155529954,-73.11341155529954
2000.9200561237335,-73.11688597339712,-73.11688597339712
2000.9300561237335,-73.12036310244382,-73.12036310244382
2000.9400561237335,-73.12384293896442,-73.12384293896442
2000.9500561237335,-73.1273254793282,-73.1273254793282
2000.9600561237335,-73.13081071969049,-73.13081071969049
2000.9700561237335,-73.13429865603779,-73.13429865603779
2000.9800561237334,-73.13778928416826,-73.13778928416826
2000.9900561237334,-73.14128259971177,-73.14128259971177
2001.0000561237334,-73.1447785981258,-73.1447785981258
2001.0100561237334,-73.14827727468938,-73.14827727468938
2001.0200561237334,-73.1517786245282,-73.1517786245282
2001.0300561237336,-73.15528264258732,-73.15528264258732
2001.0400561237336,-73.15878932365979,-73.15878932365979
2001.0500561237336,-73.16229866238092,-73.16229866238092
2001.0600561237336,-73.1658106532319,-73.1658106532319
2001.0700561237336,-73.16932529053537,-73.16932529053537
2001.0800561237336,-73.17284256846406,-73.17284256846406
2001.0900561237336,-73.17636248105134,-73.17636248105134
2001.1000561237336,-73.17988502217972,-73.17988502217972
2001.1100561237336,-73.18341018559393,-73.18341018559393
2001.1200561237335,-73.18693796489987,-73.18693796489987
2001.1300561237335,-73.19046835356387,-73.19046835356387
2001.1400561237335,-73.19400134491197,-73.19400134491197
2001.1500561237335,-73.19753693216074,-73.19753693216074
2001.1600561237335,-73.20107510837087,-73.20107510837087
2001.1700561237335,-73.20461586648983,-73.20461586648983
2001.1800561237335,-73.20815919934866,-73.20815919934866
2001.1900561237335,-73.21170509964442,-73.21170509964442
2001.2000561237335,-73.21525355995149,-73.21525355995149
2001.2100561237335,-73.21879818248206,-73.21879818248206
2001.2200561237335,-73.2223361565455,-73.2223361565455
2001.2300561237334,-73.22586610571095,-73.22586610571095
2001.2400561237334,-73.2293873175086,-73.2293873175086
2001.2500561237334,-73.2328994494847,-73.2328994494847
2001.2600561237334,-73.2364023765658,-73.2364023765658
2001.2700561237334,-73.23989610165087,-73.23989610165087
2001.2800561237336,-73.24338070185455,-73.24338070185455
2001.2900561237336,-73.24685629621598,-73.24685629621598
2001.3000561237336,-73.2503230263018,-73.2503230263018
2001.3100561237336,-73.25378104465322,-73.25378104465322
2001.3200561237336,-73.25723050796246,-73.25723050796246
2001.3300561237336,-73.260671573177,-73.260671573177
2001.3400561237336,-73.26410439532052,-73.26410439532052
2001.3500561237336,-73.2675291264333,-73.2675291264333
2001.3600561237336,-73.27094591508158,-73.27094591508158
2001.3700561237335,-73.27435490630612,-73.27435490630612
2001.3800561237335,-73.27775624171889,-73.27775624171889
2001.3900561237335,-73.28115005974263,-73.28115005974263
2001.4000561237335,-73.28453649584708,-73.28453649584708
2001.4100561237335,-73.28791568287645,-73.28791568287645
2001.4200561237335,-73.29125086202545,-73.29125086202545
2001.4300561237335,-73.29454137429093,-73.29454137429093
2001.4400561237335,-73.297788453126,-73.297788453126
2001.4500561237335,-73.30099215064101,-73.30099215064101
2001.4600561237335,-73.3041452449696,-73.3041452449696
2001.4700561237335,-73.3072436211713,-73.3072436211713
2001.4800561237334,-73.31028436495828,-73.31028436495828
2001.4900561237334,-73.31326514057984,-73.31326514057984
2001.5000561237334,-73.31618398581193,-73.31618398581193
2001.5100561237334,-73.3190392123881,-73.3190392123881
2001.5200561237334,-73.32182934745865,-73.32182934745865
2001.5300561237336,-73.32455309683499,-73.32455309683499
2001.5400561237336,-73.32720932077498,-73.32720932077498
2001.5500561237336,-73.32979701716376,-73.32979701716376
2001.5600561237336,-73.33231530894507,-73.33231530894507
2001.5700561237336,-73.33476343424927,-73.33476343424927
2001.5800561237336,-73.33714073810737,-73.33714073810737
2001.5900561237336,-73.33944666528825,-73.33944666528825
2001.6000561237336,-73.34168075387304,-73.34168075387304
2001.6100561237336,-73.34384262941023,-73.34384262941023
2001.6200561237335,-73.34593199951466,-73.34593199951466
2001.6300561237335,-73.34794864883129,-73.34794864883129
2001.6400561237335,-73.3498924343431,-73.3498924343431
2001.6500561237335,-73.35176328095045,-73.35176328095045
2001.6600561237335,-73.35356117732293,-73.35356117732293
2001.6700561237335,-73.35528617200866,-73.35528617200866
2001.6800561237335,-73.35693836972077,-73.35693836972077
2001.6900561237335,-73.35851792789522,-73.35851792789522
2001.7000561237335,-73.36002505339215,-73.36002505339215
2001.7100561237335,-73.36145999941157,-73.36145999941157
2001.7200561237335,-73.36282306256899,-73.36282306256899
2001.7300561237334,-73.36411458013976,-73.36411458013976
2001.7400561237334,-73.36533492743894,-73.36533492743894
2001.7500561475754,-73.36648451810181,-73.36648451810181
2001.7600561475754,-73.36756379057962,-73.36756379057962
2001.7700561475754,-73.3685732230665,-73.3685732230665
2001.7800561475754,-73.36951331965548,-73.36951331965548
2001.7900561475753,-73.37038461143818,-73.37038461143818
2001.8000561475753,-73.3711876546338,-73.3711876546338
2001.8100561475753,-73.3719230287674,-73.3719230287674
2001.8200561475753,-73.37259133502593,-73.37259133502593
2001.8300561475753,-73.37319319465331,-73.37319319465331
2001.8400561475753,-73.37372924742358,-73.37372924742358
2001.8500561475753,-73.37420015024948,-73.37420015024948
2001.8600561475753,-73.37460657579426,-73.37460657579426
2001.8700561475753,-73.37494921119406,-73.37494921119406
2001.8800561475755,-73.37522875686118,-73.37522875686118
2001.8900561475755,-73.37544592530232,-73.37544592530232
2001.9000561475755,-73.37560144003685,-73.37560144003685
2001.9100561475755,-73.37569603455952,-73.37569603455952
2001.9200561475755,-73.37573045134211,-73.37573045134211
2001.9300561475754,-73.37570544091855,-73.37570544091855
2001.9400561475754,-73.37562176099169,-73.37562176099169
2001.9500561475754,-73.37548017559986,-73.37548017559986
2001.9600561475754,-73.37528145431561,-73.37528145431561
2001.9700561475754,-73.37502637148849,-73.37502637148849
2001.9800561475754,-73.37471570554409,-73.37471570554409
2001.9900561475754,-73.37435023830653,-73.37435023830653
2002.0000561475754,-73.37393075434021,-73.37393075434021
2002.0100561475754,-73.37345804037632,-73.37345804037632
2002.0200561475754,-73.37293288469719,-73.37293288469719
2002.0300561475754,-73.37235607664603,-73.37235607664603
2002.0400561475753,-73.37172840605736,-73.37172840605736
2002.0500561475753,-73.37105066280942,-73.37105066280942
2002.0600561475753,-73.37032363635228,-73.37032363635228
2002.0700561475753,-73.36954811527107,-73.36954811527107
2002.0800561475753,-73.368724886892,-73.368724886892
2002.0900561475753,-73.36785473687988,-73.36785473687988
2002.1000561475753,-73.36693844887108,-73.36693844887108
2002.1100561475753,-73.36597680414903,-73.36597680414903
2002.1200561475753,-73.36497058129402,-73.36497058129402
2002.1300561475755,-73.36392055591936,-73.36392055591936
2002.1400561475755,-73.36282750034015,-73.36282750034015
2002.1500561475755,-73.36169218332422,-73.36169218332422
2002.1600561475755,-73.36051536984021,-73.36051536984021
2002.1700561475755,-73.35929782082653,-73.35929782082653
2002.1800561475754,-73.3580402929318,-73.3580402929318
2002.1900561475754,-73.3567435383739,-73.3567435383739
2002.2000561475754,-73.35540830468254,-73.35540830468254
2002.2100561475754,-73.35403533453879,-73.35403533453879
2002.2200561475754,-73.35262536561827,-73.35262536561827
2002.2300561475754,-73.3511791304249,-73.3511791304249
2002.2400561475754,-73.34969735614094,-73.34969735614094
2002.2500561475754,-73.34818076448637,-73.34818076448637
2002.2600561475754,-73.34663007160059,-73.34663007160059
2002.2700561475754,-73.34504598793774,-73.34504598793774
2002.2800561475754,-73.34342921813938,-73.34342921813938
2002.2900561475753,-73.34178046095168,-73.34178046095168
2002.3000561475753,-73.3401004091138,-73.3401004091138
2002.3100561475753,-73.33838974930515,-73.33838974930515
2002.3200561475753,-73.33664916205385,-73.33664916205385
2002.3300561475753,-73.33487932167652,-73.33487932167652
2002.3400561475753,-73.33308089621626,-73.33308089621626
2002.3500561475753,-73.33125454737325,-73.33125454737325
2002.3600561475753,-73.32940093049423,-73.32940093049423
2002.3700561475753,-73.32752069449587,-73.32752069449587
2002.3800561475755,-73.32561448183843,-73.32561448183843
2002.3900561475755,-73.32368292851602,-73.32368292851602
2002.4000561475755,-73.32172666399727,-73.32172666399727
2002.4100561475755,-73.31974631123273,-73.31974631123273
2002.4200561475755,-73.31774248661907,-73.31774248661907
2002.4300561475754,-73.31571580000622,-73.31571580000622
2002.4400561475754,-73.3136668546622,-73.3136668546622
2002.4500561475754,-73.31159624730691,-73.31159624730691
2002.4600561475754,-73.30950456807973,-73.30950456807973
2002.4700561475754,-73.30739240055155,-73.30739240055155
2002.4800561475754,-73.30526032174912,-73.30526032174912
2002.4900561475754,-73.3031089021391,-73.3031089021391
2002.5000561475754,-73.30093870566051,-73.30093870566051
2002.5100561475754,-73.29875028973282,-73.29875028973282
2002.5200561475754,-73.29654420526485,-73.29654420526485
2002.5300561475754,-73.29432099669184,-73.29432099669184
2002.5400561475753,-73.29208120199277,-73.29208120199277
2002.5500561475753,-73.28982535271481,-73.28982535271481
2002.5600561475753,-73.28755397399499,-73.28755397399499
2002.5700561475753,-73.285267584607,-73.285267584607
2002.5800561475753,-73.28296669696842,-73.28296669696842
2002.5900561475753,-73.28065181719298,-73.28065181719298
2002.6000561714172,-73.27832343956977,-73.27832343956977
2002.6100561714172,-73.27598206875444,-73.27598206875444
2002.6200561714172,-73.2736281866463,-73.2736281866463
2002.6300561714172,-73.2712622744648,-73.2712622744648
2002.6400561714172,-73.26888480732075,-73.26888480732075
2002.6500561714172,-73.26649625424163,-73.26649625424163
2002.6600561714172,-73.26409707821809,-73.26409707821809
2002.6700561714172,-73.26168773624381,-73.26168773624381
2002.6800561714172,-73.25926867936066,-73.25926867936066
2002.6900561714172,-73.25684035271236,-73.25684035271236
2002.7000561714171,-73.25440319556718,-73.25440319556718
2002.7100561714171,-73.25195764139163,-73.25195764139163
2002.7200561714171,-73.24950411788348,-73.24950411788348
2002.7300561714173,-73.24704304702203,-73.24704304702203
2002.7400561714173,-73.24457484511247,-73.24457484511247
2002.7500561714173,-73.242099922842,-73.242099922842
2002.7600561714173,-73.2396186853289,-73.2396186853289
2002.7700561714173,-73.23713153217008,-73.23713153217008
2002.7800561714173,-73.23463885747177,-73.23463885747177
2002.7900561714173,-73.23214104994476,-73.23214104994476
2002.8000561714173,-73.22963849291037,-73.22963849291037
2002.8100561714173,-73.22713156437622,-73.22713156437622
2002.8200561714173,-73.22462063708691,-73.22462063708691
2002.8300561714173,-73.22210607855483,-73.22210607855483
2002.8400561714172,-73.21958825113624,-73.21958825113624
2002.8500561714172,-73.21706751205734,-73.21706751205734
2002.8600561714172,-73.21454421349782,-73.21454421349782
2002.8700561714172,-73.2120187026148,-73.2120187026148
2002.8800561714172,-73.2094913215946,-73.2094913215946
2002.8900561714172,-73.20696240772325,-73.20696240772325
2002.9000561714172,-73.20443229342422,-73.20443229342422
2002.9100561714172,-73.20190130630893,-73.20190130630893
2002.9200561714172,-73.19936976923488,-73.19936976923488
2002.9300561714172,-73.19683800034642,-73.19683800034642
2002.9400561714172,-73.19430631313512,-73.19430631313512
2002.9500561714171,-73.19177501647606,-73.19177501647606
2002.9600561714171,-73.18923803130477,-73.18923803130477
2002.9700561714171,-73.186692862662,-73.186692862662
2002.9800561714173,-73.18413844796834,-73.18413844796834
2002.9900561714173,-73.18157438677882,-73.18157438677882
2003.0000561714173,-73.17900064625859,-73.17900064625859
2003.0100561714173,-73.17641740797623,-73.17641740797623
2003.0200561714173,-73.17382497784229,-73.17382497784229
2003.0300561714173,-73.17122373200748,-73.17122373200748
2003.0400561714173,-73.1686140842389,-73.1686140842389
2003.0500561714173,-73.16599646635323,-73.16599646635323
2003.0600561714173,-73.1633713165429,-73.1633713165429
2003.0700561714173,-73.16073907254497,-73.16073907254497
2003.0800561714173,-73.15810016772157,-73.15810016772157
2003.0900561714172,-73.15545502895006,-73.15545502895006
2003.1000561714172,-73.15280407558231,-73.15280407558231
2003.1100561714172,-73.15014771905207,-73.15014771905207
2003.1200561714172,-73.14748636286335,-73.14748636286335
2003.1300561714172,-73.1448204027691,-73.1448204027691
2003.1400561714172,-73.14215022709028,-73.14215022709028
2003.1500561714172,-73.13947621705167,-73.13947621705167
2003.1600561714172,-73.13679874713594,-73.13679874713594
2003.1700561714172,-73.13411818541587,-73.13411818541587
2003.1800561714172,-73.13143489386856,-73.13143489386856
2003.1900561714172,-73.12874922866308,-73.12874922866308
2003.2000561714171,-73.12606154042729,-73.12606154042729
2003.2100561714171,-73.12336579719155,-73.12336579719155
2003.2200561714171,-73.12065954759584,-73.12065954759584
2003.2300561714173,-73.11794177102051,-73.11794177102051
2003.2400561714173,-73.11521210807886,-73.11521210807886
2003.2500561714173,-73.11247056644598,-73.11247056644598
2003.2600561714173,-73.10971736777434,-73.10971736777434
2003.2700561714173,-73.10695285777871,-73.10695285777871
2003.2800561714173,-73.10417745218483,-73.10417745218483
2003.2900561714173,-73.10139160416733,-73.10139160416733
2003.3000561714173,-73.09859578478807,-73.09859578478807
2003.3100561714173,-73.09579047140271,-73.09579047140271
2003.3200561714173,-73.09297614077592,-73.09297614077592
2003.3300561714173,-73.09015326522278,-73.09015326522278
2003.3400561714172,-73.0873223104668,-73.0873223104668
2003.3500561714172,-73.08448373463115,-73.08448373463115
2003.3600561714172,-73.08163798781185,-73.08163798781185
2003.3700561714172,-73.07878551209296,-73.07878551209296
2003.3800561714172,-73.07592674169862,-73.07592674169862
2003.3900561714172,-73.07306210330768,-73.07306210330768
2003.4000561714172,-73.0701920163762,-73.0701920163762
2003.4100561714172,-73.0673168934879,-73.0673168934879
2003.4200561714172,-73.06443714066351,-73.06443714066351
2003.4300561714172,-73.06155315768436,-73.06155315768436
2003.4400561714172,-73.05866533834865,-73.05866533834865
2003.450056195259,-73.0557740638334,-73.0557740638334
2003.460056195259,-73.05287973044092,-73.05287973044092
2003.470056195259,-73.04998270852325,-73.04998270852325
2003.480056195259,-73.04708337010929,-73.04708337010929
2003.490056195259,-73.0441820822194,-73.0441820822194
2003.500056195259,-73.04127920695909,-73.04127920695909
2003.510056195259,-73.0383751016372,-73.0383751016372
2003.520056195259,-73.03547011885706,-73.03547011885706
2003.530056195259,-73.03256460659905,-73.03256460659905
2003.540056195259,-73.02965890827866,-73.02965890827866
2003.550056195259,-73.02675336282142,-73.02675336282142
2003.560056195259,-73.02384830472542,-73.02384830472542
2003.570056195259,-73.02094406407753,-73.02094406407753
2003.5800561952592,-73.0180409666334,-73.0180409666334
2003.5900561952592,-73.01513933384038,-73.01513933384038
2003.6000561952592,-73.01223948287733,-73.01223948287733
2003.6100561952592,-73.0093417266757,-73.0093417266757
2003.6200561952592,-73.006446373978,-73.006446373978
2003.6300561952592,-73.00355372933745,-73.00355372933745
2003.6400561952591,-73.00066409318131,-73.00066409318131
2003.6500561952591,-72.9977777617979,-72.9977777617979
2003.6600561952591,-72.99489502739947,-72.99489502739947
2003.6700561952591,-72.99201617812543,-72.99201617812543
2003.680056195259,-72.9891414980723,-72.9891414980723
2003.690056195259,-72.98627126733169,-72.98627126733169
2003.700056195259,-72.98340576200499,-72.98340576200499
2003.710056195259,-72.98054525422855,-72.98054525422855
2003.720056195259,-72.97769001220848,-72.97769001220848
2003.730056195259,-72.97484030023469,-72.97484030023469
2003.740056195259,-72.97199637872215,-72.97199637872215
2003.750056195259,-72.9691585042151,-72.9691585042151
2003.760056195259,-72.96632692944945,-72.96632692944945
2003.770056195259,-72.96350190333179,-72.96350190333179
2003.780056195259,-72.96068367101061,-72.96068367101061
2003.790056195259,-72.95787247388307,-72.95787247388307
2003.800056195259,-72.9550685496348,-72.9550685496348
2003.810056195259,-72.95227213224979,-72.95227213224979
2003.820056195259,-72.94948345206359,-72.94948345206359
2003.8300561952592,-72.94670273576402,-72.94670273576402
2003.8400561952592,-72.94393020645829,-72.94393020645829
2003.8500561952592,-72.94116608367281,-72.94116608367281
2003.8600561952592,-72.93841058338087,-72.93841058338087
2003.8700561952592,-72.93566391806813,-72.93566391806813
2003.8800561952592,-72.93292629672364,-72.93292629672364
2003.8900561952591,-72.93019792489481,-72.93019792489481
2003.9000561952591,-72.92747900471133,-72.92747900471133
2003.9100561952591,-72.92476973492904,-72.92476973492904
2003.9200561952591,-72.92207031093713,-72.92207031093713
2003.930056195259,-72.9193809248041,-72.9193809248041
2003.940056195259,-72.91670176531505,-72.91670176531505
2003.950056195259,-72.91403301800045,-72.91403301800045
2003.960056195259,-72.91136850776732,-72.91136850776732
2003.970056195259,-72.90870563223034,-72.90870563223034
2003.980056195259,-72.9060432173567,-72.9060432173567
2003.990056195259,-72.9033807499525,-72.9033807499525
2004.000056195259,-72.90071808421415,-72.90071808421415
2004.010056195259,-72.89805528900389,-72.89805528900389
2004.020056195259,-72.89539255813798,-72.89539255813798
2004.030056195259,-72.89273015639156,-72.89273015639156
2004.040056195259,-72.89006838700408,-72.89006838700408
2004.050056195259,-72.88740757215588,-72.88740757215588
2004.060056195259,-72.88474804134214,-72.88474804134214
2004.070056195259,-72.8820901245342,-72.8820901245342
2004.0800561952592,-72.87943414828456,-72.87943414828456
2004.0900561952592,-72.87678043362214,-72.87678043362214
2004.1000561952592,-72.87412929502163,-72.87412929502163
2004.1100561952592,-72.87148103999218,-72.87148103999218
2004.1200561952592,-72.86883596908385,-72.86883596908385
2004.1300561952592,-72.86619437605385,-72.86619437605385
2004.1400561952591,-72.86355654818557,-72.86355654818557
2004.1500561952591,-72.86092276662913,-72.86092276662913
2004.1600561952591,-72.85829330671832,-72.85829330671832
2004.1700561952591,-72.85566843834016,-72.85566843834016
2004.180056195259,-72.85304842621753,-72.85304842621753
2004.190056195259,-72.85043353019758,-72.85043353019758
2004.200056195259,-72.84782400551865,-72.84782400551865
2004.210056195259,-72.84522010300658,-72.84522010300658
2004.220056195259,-72.84262206927286,-72.84262206927286
2004.230056195259,-72.84003014690268,-72.84003014690268
2004.240056195259,-72.83744457457946,-72.83744457457946
2004.250056195259,-72.83486558722718,-72.83486558722718
2004.260056195259,-72.83229341610338,-72.83229341610338
2004.270056195259,-72.82972828892409,-72.82972828892409
2004.280056195259,-72.82717042992422,-72.82717042992422
2004.290056195259,-72.82462005994448,-72.82462005994448
2004.300056219101,-72.82207739043334,-72.82207739043334
2004.310056219101,-72.81954264775825,-72.81954264775825
2004.320056219101,-72.81701603683932,-72.81701603683932
2004.330056219101,-72.81449776551368,-72.81449776551368
2004.340056219101,-72.81198803845749,-72.81198803845749
2004.350056219101,-72.80948705725784,-72.80948705725784
2004.360056219101,-72.80699502042742,-72.80699502042742
2004.370056219101,-72.8045121234388,-72.8045121234388
2004.3800562191009,-72.80203855875246,-72.80203855875246
2004.3900562191009,-72.79957451586112,-72.79957451586112
2004.4000562191009,-72.79712018128834,-72.79712018128834
2004.4100562191009,-72.79467573863249,-72.79467573863249
2004.4200562191008,-72.79224136857742,-72.79224136857742
2004.430056219101,-72.78981724892998,-72.78981724892998
2004.440056219101,-72.78740355462314,-72.78740355462314
2004.450056219101,-72.78500045775748,-72.78500045775748
2004.460056219101,-72.78260812761202,-72.78260812761202
2004.470056219101,-72.78022673065854,-72.78022673065854
2004.480056219101,-72.77785643060112,-72.77785643060112
2004.490056219101,-72.77549738838357,-72.77549738838357
2004.500056219101,-72.77314976221697,-72.77314976221697
2004.510056219101,-72.77081370759475,-72.77081370759475
2004.520056219101,-72.76848937731509,-72.76848937731509
2004.530056219101,-72.76617692151677,-72.76617692151677
2004.540056219101,-72.76387648768092,-72.76387648768092
2004.550056219101,-72.76158822065452,-72.76158822065452
2004.560056219101,-72.75931226268399,-72.75931226268399
2004.570056219101,-72.75704875344165,-72.75704875344165
2004.580056219101,-72.7547978300253,-72.7547978300253
2004.590056219101,-72.75255962699781,-72.75255962699781
2004.600056219101,-72.7503342764052,-72.7503342764052
2004.610056219101,-72.7481219077886,-72.7481219077886
2004.620056219101,-72.7459226482423,-72.7459226482423
2004.6300562191009,-72.74373662238197,-72.74373662238197
2004.6400562191009,-72.74156395242836,-72.74156395242836
2004.6500562191009,-72.73940475817514,-72.73940475817514
2004.6600562191009,-72.73725915704686,-72.73725915704686
2004.6700562191008,-72.73512726411263,-72.73512726411263
2004.680056219101,-72.73300919211376,-72.73300919211376
2004.690056219101,-72.73090505147913,-72.73090505147913
2004.700056219101,-72.72881495035276,-72.72881495035276
2004.710056219101,-72.72673265402067,-72.72673265402067
2004.720056219101,-72.72465549258875,-72.72465549258875
2004.730056219101,-72.72258222157255,-72.72258222157255
2004.740056219101,-72.72051225623603,-72.72051225623603
2004.750056219101,-72.7184453789786,-72.7184453789786
2004.760056219101,-72.71638158700269,-72.71638158700269
2004.770056219101,-72.71432100290434,-72.71432100290434
2004.780056219101,-72.71226382082835,-72.71226382082835
2004.790056219101,-72.7102102740921,-72.7102102740921
2004.800056219101,-72.70816061570574,-72.70816061570574
2004.810056219101,-72.70611510680214,-72.70611510680214
2004.820056219101,-72.70407400980129,-72.70407400980129
2004.830056219101,-72.70203758455972,-72.70203758455972
2004.840056219101,-72.70000608622523,-72.70000608622523
2004.850056219101,-72.69797976422473,-72.69797976422473
2004.860056219101,-72.6959588618601,-72.6959588618601
2004.870056219101,-72.69394361629747,-72.69394361629747
2004.8800562191009,-72.69193425873455,-72.69193425873455
2004.8900562191009,-72.68993101470339,-72.68993101470339
2004.9000562191009,-72.68793410439106,-72.68793410439106
2004.9100562191009,-72.68594374299751,-72.68594374299751
2004.9200562191008,-72.68396014103543,-72.68396014103543
2004.930056219101,-72.68198350465656,-72.68198350465656
2004.940056219101,-72.68001403590453,-72.68001403590453
2004.950056219101,-72.6780519329718,-72.6780519329718
2004.960056219101,-72.67609739039338,-72.67609739039338
2004.970056219101,-72.67415059925584,-72.67415059925584
2004.980056219101,-72.6722117473406,-72.6722117473406
2004.990056219101,-72.67028101926782,-72.67028101926782
2005.000056219101,-72.66835859662385,-72.66835859662385
2005.010056219101,-72.6664446580492,-72.6664446580492
2005.020056219101,-72.66453937935161,-72.66453937935161
2005.030056219101,-72.66264293355681,-72.66264293355681
2005.040056219101,-72.66075549099584,-72.66075549099584
2005.050056219101,-72.6588772193388,-72.6588772193388
2005.060056219101,-72.6570082836685,-72.6570082836685
2005.070056219101,-72.65514884651728,-72.65514884651728
2005.080056219101,-72.65329906789702,-72.65329906789702
2005.090056219101,-72.65145910533053,-72.65145910533053
2005.100056219101,-72.64962911390124,-72.64962911390124
2005.110056219101,-72.6478092462526,-72.6478092462526
2005.120056219101,-72.64599965263494,-72.64599965263494
2005.1300562191009,-72.64420048090865,-72.64420048090865
2005.1400562191009,-72.64241187658368,-72.64241187658368
2005.1500562429428,-72.64063397857562,-72.64063397857562
2005.1600562429428,-72.63886693622408,-72.63886693622408
2005.1700562429428,-72.63711088377809,-72.63711088377809
2005.1800562429428,-72.63536595747989,-72.63536595747989
2005.1900562429428,-72.63363229127711,-72.63363229127711
2005.2000562429428,-72.63191001686097,-72.63191001686097
2005.2100562429428,-72.63019293211266,-72.63019293211266
2005.2200562429427,-72.62847839503016,-72.62847839503016
2005.2300562429427,-72.62676518687161,-72.62676518687161
2005.2400562429427,-72.62505274750394,-72.62505274750394
2005.2500562429427,-72.62334088320756,-72.62334088320756
2005.2600562429427,-72.62162961460855,-72.62162961460855
2005.2700562429427,-72.61991908739937,-72.61991908739937
2005.280056242943,-72.61820951863903,-72.61820951863903
2005.290056242943,-72.61650116439291,-72.61650116439291
2005.300056242943,-72.61479430033495,-72.61479430033495
2005.310056242943,-72.6130892101428,-72.6130892101428
2005.3200562429429,-72.61138617872457,-72.61138617872457
2005.3300562429429,-72.60968548832656,-72.60968548832656
2005.3400562429429,-72.60798741641548,-72.60798741641548
2005.3500562429429,-72.60629223466167,-72.60629223466167
2005.3600562429428,-72.60460020851548,-72.60460020851548
2005.3700562429428,-72.60291159717917,-72.60291159717917
2005.3800562429428,-72.60122665380906,-72.60122665380906
2005.3900562429428,-72.59954562577231,-72.59954562577231
2005.4000562429428,-72.59786875498948,-72.59786875498948
2005.4100562429428,-72.59619627825212,-72.59619627825212
2005.4200562429428,-72.59452842755412,-72.59452842755412
2005.4300562429428,-72.59286543038388,-72.59286543038388
2005.4400562429428,-72.59120750998709,-72.59120750998709
2005.4500562429428,-72.58955488559583,-72.58955488559583
2005.4600562429428,-72.58790777266219,-72.58790777266219
2005.4700562429427,-72.5862663830202,-72.5862663830202
2005.4800562429427,-72.58463092504041,-72.58463092504041
2005.4900562429427,-72.58300160377594,-72.58300160377594
2005.5000562429427,-72.58137862107887,-72.58137862107887
2005.5100562429427,-72.57976217568742,-72.57976217568742
2005.5200562429427,-72.57815246333416,-72.57815246333416
2005.530056242943,-72.57654967678937,-72.57654967678937
2005.540056242943,-72.57495400596807,-72.57495400596807
2005.550056242943,-72.57336563793659,-72.57336563793659
2005.560056242943,-72.57178475699033,-72.57178475699033
2005.5700562429429,-72.57021154469592,-72.57021154469592
2005.5800562429429,-72.56864617992453,-72.56864617992453
2005.5900562429429,-72.56708883886736,-72.56708883886736
2005.6000562429429,-72.56552811280353,-72.56552811280353
2005.6100562429428,-72.56395130062869,-72.56395130062869
2005.6200562429428,-72.56234839095066,-72.56234839095066
2005.6300562429428,-72.56071218728165,-72.56071218728165
2005.6400562429428,-72.55903757812324,-72.55903757812324
2005.6500562429428,-72.55732087240786,-72.55732087240786
2005.6600562429428,-72.55555933858109,-72.55555933858109
2005.6700562429428,-72.55375090713439,-72.55375090713439
2005.6800562429428,-72.55189398124904,-72.55189398124904
2005.6900562429428,-72.54998731491438,-72.54998731491438
2005.7000562429428,-72.54802993267394,-72.54802993267394
2005.7100562429428,-72.54602107514633,-72.54602107514633
2005.7200562429427,-72.54396016068615,-72.54396016068615
2005.7300562429427,-72.54184675739519,-72.54184675739519
2005.7400562429427,-72.53968056184537,-72.53968056184537
2005.7500562429427,-72.53746138236524,-72.53746138236524
2005.7600562429427,-72.5351891254958,-72.5351891254958
2005.7700562429427,-72.5328637847106,-72.5328637847106
2005.780056242943,-72.53048543080352,-72.53048543080352
2005.790056242943,-72.52805420365343,-72.52805420365343
2005.800056242943,-72.52557030500138,-72.52557030500138
2005.810056242943,-72.52303399210639,-72.52303399210639
2005.8200562429429,-72.5204455721318,-72.5204455721318
2005.8300562429429,-72.51780539715269,-72.51780539715269
2005.8400562429429,-72.51511385969782,-72.51511385969782
2005.8500562429429,-72.51237138873503,-72.51237138873503
2005.8600562429428,-72.50957844612081,-72.50957844612081
2005.8700562429428,-72.50673552335368,-72.50673552335368
2005.8800562429428,-72.50384313867976,-72.50384313867976
2005.8900562429428,-72.50090183446666,-72.50090183446666
2005.9000562429428,-72.497912174819,-72.497912174819
2005.9100562429428,-72.49487474345375,-72.49487474345375
2005.9200562429428,-72.49179014169809,-72.49179014169809
2005.9300562429428,-72.48865898674397,-72.48865898674397
2005.9400562429428,-72.485481910013,-72.485481910013
2005.9500562429428,-72.48225955566117,-72.48225955566117
2005.9600562429428,-72.4789862659033,-72.4789862659033
2005.9700562429427,-72.47565994886024,-72.47565994886024
2005.9800562429427,-72.47224805257117,-72.47224805257117
2005.9900562429427,-72.46873473094725,-72.46873473094725
2006.0000562667847,-72.4651106763391,-72.4651106763391
2006.0100562667847,-72.46137007867863,-72.46137007867863
2006.0200562667846,-72.45750930254461,-72.45750930254461
2006.0300562667846,-72.4535261723363,-72.4535261723363
2006.0400562667846,-72.44941948368036,-72.44941948368036
2006.0500562667846,-72.44518869190802,-72.44518869190802
2006.0600562667846,-72.44083370948736,-72.44083370948736
2006.0700562667846,-72.43635477349613,-72.43635477349613
2006.0800562667846,-72.43175235809817,-72.43175235809817
2006.0900562667846,-72.42702711612228,-72.42702711612228
2006.1000562667846,-72.42217983944535,-72.42217983944535
2006.1100562667846,-72.4172114317155,-72.4172114317155
2006.1200562667846,-72.41212288914602,-72.41212288914602
2006.1300562667848,-72.40691528661922,-72.40691528661922
2006.1400562667848,-72.40158976736838,-72.40158976736838
2006.1500562667848,-72.3961475349881,-72.3961475349881
2006.1600562667847,-72.39058984707853,-72.39058984707853
2006.1700562667847,-72.38491800993276,-72.38491800993276
2006.1800562667847,-72.37913337404223,-72.37913337404223
2006.1900562667847,-72.37323733012032,-72.37323733012032
2006.2000562667847,-72.36723130550035,-72.36723130550035
2006.2100562667847,-72.36111676084603,-72.36111676084603
2006.2200562667847,-72.35489518710756,-72.35489518710756
2006.2300562667847,-72.34856810266753,-72.34856810266753
2006.2400562667847,-72.34213705065297,-72.34213705065297
2006.2500562667847,-72.3356035963621,-72.3356035963621
2006.2600562667847,-72.32896932486997,-72.32896932486997
2006.2700562667846,-72.32223583873453,-72.32223583873453
2006.2800562667846,-72.31540475579567,-72.31540475579567
2006.2900562667846,-72.3084777071215,-72.3084777071215
2006.3000562667846,-72.30145633502711,-72.30145633502711
2006.3100562667846,-72.29434229122366,-72.29434229122366
2006.3200562667846,-72.28713723503712,-72.28713723503712
2006.3300562667846,-72.27984283171695,-72.27984283171695
2006.3400562667846,-72.27246075086893,-72.27246075086893
2006.3500562667846,-72.26499266494736,-72.26499266494736
2006.3600562667846,-72.25744024782944,-72.25744024782944
2006.3700562667846,-72.24980517348035,-72.24980517348035
2006.3800562667848,-72.2420891146921,-72.2420891146921
2006.3900562667848,-72.23429374189502,-72.23429374189502
2006.4000562667848,-72.22642072205437,-72.22642072205437
2006.4100562667847,-72.21847171759131,-72.21847171759131
2006.4200562667847,-72.21044838544015,-72.21044838544015
2006.4300562667847,-72.20235237608422,-72.20235237608422
2006.4400562667847,-72.19418533273831,-72.19418533273831
2006.4500562667847,-72.18594889052159,-72.18594889052159
2006.4600562667847,-72.17764467570028,-72.17764467570028
2006.4700562667847,-72.16927430500952,-72.16927430500952
2006.4800562667847,-72.1608393849788,-72.1608393849788
2006.4900562667847,-72.15234151136063,-72.15234151136063
2006.5000562667847,-72.14378226855233,-72.14378226855233
2006.5100562667847,-72.13516322907792,-72.13516322907792
2006.5200562667846,-72.12648595311832,-72.12648595311832
2006.5300562667846,-72.11775198807369,-72.11775198807369
2006.5400562667846,-72.10896286816387,-72.10896286816387
2006.5500562667846,-72.10012011403612,-72.10012011403612
2006.5600562667846,-72.09122523246866,-72.09122523246866
2006.5700562667846,-72.08227971602618,-72.08227971602618
2006.5800562667846,-72.07328504282351,-72.07328504282351
2006.5900562667846,-72.06424267623188,-72.06424267623188
2006.6000562667846,-72.055154064677,-72.055154064677
2006.6100562667846,-72.04602064143549,-72.04602064143549
2006.6200562667846,-72.0368438244771,-72.0368438244771
2006.6300562667848,-72.02762501626685,-72.02762501626685
2006.6400562667848,-72.01836560366738,-72.01836560366738
2006.6500562667848,-72.00906695782086,-72.00906695782086
2006.6600562667847,-71.99973043402429,-71.99973043402429
2006.6700562667847,-71.99035737166749,-71.99035737166749
2006.6800562667847,-71.98094909417819,-71.98094909417819
2006.6900562667847,-71.9715069089549,-71.9715069089549
2006.7000562667847,-71.96203210733535,-71.96203210733535
2006.7100562667847,-71.952525964581,-71.952525964581
2006.7200562667847,-71.94298973986339,-71.94298973986339
2006.7300562667847,-71.9334246762728,-71.9334246762728
2006.7400562667847,-71.92383200081382,-71.92383200081382
2006.7500562667847,-71.9142129244563,-71.9142129244563
2006.7600562667847,-71.90456864215078,-71.90456864215078
2006.7700562667846,-71.89490033287186,-71.89490033287186
2006.7800562667846,-71.88520915967935,-71.88520915967935
2006.7900562667846,-71.87549626976183,-71.87549626976183
2006.8000562667846,-71.86576279451988,-71.86576279451988
2006.8100562667846,-71.8560098496382,-71.8560098496382
2006.8200562667846,-71.8462385351497,-71.8462385351497
2006.8300562667846,-71.83644993553101,-71.83644993553101
2006.8400562667846,-71.82664511980543,-71.82664511980543
2006.8500562906265,-71.81682511823378,-71.81682511823378
2006.8600562906265,-71.80699101593413,-71.80699101593413
2006.8700562906265,-71.79714381279796,-71.79714381279796
2006.8800562906265,-71.78728451701257,-71.78728451701257
2006.8900562906265,-71.77741412181302,-71.77741412181302
2006.9000562906265,-71.76753360562303,-71.76753360562303
2006.9100562906265,-71.75764393218557,-71.75764393218557
2006.9200562906265,-71.74774605065244,-71.74774605065244
2006.9300562906265,-71.7378408957395,-71.7378408957395
2006.9400562906264,-71.72792938784151,-71.72792938784151
2006.9500562906264,-71.71801243317091,-71.71801243317091
2006.9600562906264,-71.70809092388359,-71.70809092388359
2006.9700562906264,-71.69816573821022,-71.69816573821022
2006.9800562906266,-71.68823774061087,-71.68823774061087
2006.9900562906266,-71.67830778189675,-71.67830778189675
2007.0000562906266,-71.66837669937327,-71.66837669937327
2007.0100562906266,-71.6584453169681,-71.6584453169681
2007.0200562906266,-71.64851444539764,-71.64851444539764
2007.0300562906266,-71.63858488229056,-71.63858488229056
2007.0400562906266,-71.62865741234374,-71.62865741234374
2007.0500562906266,-71.61873280743532,-71.61873280743532
2007.0600562906266,-71.60881182679924,-71.60881182679924
2007.0700562906266,-71.59889521715826,-71.59889521715826
2007.0800562906265,-71.58898371286075,-71.58898371286075
2007.0900562906265,-71.5790780360308,-71.5790780360308
2007.1000562906265,-71.56917889670873,-71.56917889670873
2007.1100562906265,-71.5592869930011,-71.5592869930011
2007.1200562906265,-71.54940301120696,-71.54940301120696
2007.1300562906265,-71.53952762597571,-71.53952762597571
2007.1400562906265,-71.52966150045474,-71.52966150045474
2007.1500562906265,-71.51980528640448,-71.51980528640448
2007.1600562906265,-71.50995962437324,-71.50995962437324
2007.1700562906265,-71.5001251438087,-71.5001251438087
2007.1800562906265,-71.4903024632139,-71.4903024632139
2007.1900562906264,-71.48049219028158,-71.48049219028158
2007.2000562906264,-71.47069492203882,-71.47069492203882
2007.2100562906264,-71.46090503189502,-71.46090503189502
2007.2200562906264,-71.45112039328468,-71.45112039328468
2007.2300562906266,-71.44134027210869,-71.44134027210869
2007.2400562906266,-71.43156457321659,-71.43156457321659
2007.2500562906266,-71.4217935528481,-71.4217935528481
2007.2600562906266,-71.41202766921924,-71.41202766921924
2007.2700562906266,-71.4022674948808,-71.4022674948808
2007.2800562906266,-71.39251366405338,-71.39251366405338
2007.2900562906266,-71.38276684101184,-71.38276684101184
2007.3000562906266,-71.37302770113469,-71.37302770113469
2007.3100562906266,-71.36329691970322,-71.36329691970322
2007.3200562906266,-71.3535751653855,-71.3535751653855
2007.3300562906265,-71.34386309659564,-71.34386309659564
2007.3400562906265,-71.33416135954349,-71.33416135954349
2007.3500562906265,-71.32447058739473,-71.32447058739473
2007.3600562906265,-71.31479139999797,-71.31479139999797
2007.3700562906265,-71.30512440401736,-71.30512440401736
2007.3800562906265,-71.29547019322743,-71.29547019322743
2007.3900562906265,-71.28582934893046,-71.28582934893046
2007.4000562906265,-71.27620244038454,-71.27620244038454
2007.4100562906265,-71.26659002527605,-71.26659002527605
2007.4200562906265,-71.25699265014052,-71.25699265014052
2007.4300562906265,-71.24741085076332,-71.24741085076332
2007.4400562906264,-71.23784515256172,-71.23784515256172
2007.4500562906264,-71.22829607091946,-71.22829607091946
2007.4600562906264,-71.21876411149981,-71.21876411149981
2007.4700562906264,-71.20924977053137,-71.20924977053137
2007.4800562906266,-71.19975353507186,-71.19975353507186
2007.4900562906266,-71.19027588320688,-71.19027588320688
2007.5000562906266,-71.18081728430066,-71.18081728430066
2007.5100562906266,-71.1713781991776,-71.1713781991776
2007.5200562906266,-71.16195908028457,-71.16195908028457
2007.5300562906266,-71.1525603718662,-71.1525603718662
2007.5400562906266,-71.14318251013334,-71.14318251013334
2007.5500562906266,-71.13382592336467,-71.13382592336467
2007.5600562906266,-71.12449103207395,-71.12449103207395
2007.5700562906266,-71.11517824912468,-71.11517824912468
2007.5800562906265,-71.10588797984705,-71.10588797984705
2007.5900562906265,-71.09662062214083,-71.09662062214083
2007.6000562906265,-71.08737656659684,-71.08737656659684
2007.6100562906265,-71.07815619660784,-71.07815619660784
2007.6200562906265,-71.06895988843002,-71.06895988843002
2007.6300562906265,-71.05978801132503,-71.05978801132503
2007.6400562906265,-71.05064092761769,-71.05064092761769
2007.6500562906265,-71.04151899280154,-71.04151899280154
2007.6600562906265,-71.0324225556468,-71.0324225556468
2007.6700562906265,-71.02335195824206,-71.02335195824206
2007.6800562906265,-71.01430753611558,-71.01430753611558
2007.6900562906264,-71.00528961829693,-71.00528961829693
2007.7000563144684,-70.99629850600263,-70.99629850600263
2007.7100563144684,-70.98733455842104,-70.98733455842104
2007.7200563144684,-70.97839806413802,-70.97839806413802
2007.7300563144684,-70.96948932703465,-70.96948932703465
2007.7400563144683,-70.96060864489105,-70.96060864489105
2007.7500563144683,-70.95175630949313,-70.95175630949313
2007.7600563144683,-70.94293260667949,-70.94293260667949
2007.7700563144683,-70.93413781642072,-70.93413781642072
2007.7800563144683,-70.92537221290108,-70.92537221290108
2007.7900563144683,-70.9166360645799,-70.9166360645799
2007.8000563144683,-70.90792963428467,-70.90792963428467
2007.8100563144683,-70.89925317925966,-70.89925317925966
2007.8200563144683,-70.89060695126167,-70.89060695126167
2007.8300563144685,-70.88199119661316,-70.88199119661316
2007.8400563144685,-70.87340615626972,-70.87340615626972
2007.8500563144685,-70.86485206591222,-70.86485206591222
2007.8600563144685,-70.8563291559851,-70.8563291559851
2007.8700563144685,-70.8478376518034,-70.8478376518034
2007.8800563144684,-70.83937777357458,-70.83937777357458
2007.8900563144684,-70.8309497365101,-70.8309497365101
2007.9000563144684,-70.8225537508668,-70.8225537508668
2007.9100563144684,-70.8141900220078,-70.8141900220078
2007.9200563144684,-70.80585875049762,-70.80585875049762
2007.9300563144684,-70.79756013213267,-70.79756013213267
2007.9400563144684,-70.78929435802479,-70.78929435802479
2007.9500563144684,-70.78106161467392,-70.78106161467392
2007.9600563144684,-70.77286208401098,-70.77286208401098
2007.9700563144684,-70.7646959434639,-70.7646959434639
2007.9800563144684,-70.75656336603133,-70.75656336603133
2007.9900563144683,-70.7484645203416,-70.7484645203416
2008.0000563144683,-70.74039957070481,-70.74039957070481
2008.0100563144683,-70.73236867718212,-70.73236867718212
2008.0200563144683,-70.72437199563299,-70.72437199563299
2008.0300563144683,-70.71640967779234,-70.71640967779234
2008.0400563144683,-70.70848187131432,-70.70848187131432
2008.0500563144683,-70.70058871983917,-70.70058871983917
2008.0600563144683,-70.69273036304382,-70.69273036304382
2008.0700563144683,-70.68490693670533,-70.68490693670533
2008.0800563144685,-70.6771185727477,-70.6771185727477
2008.0900563144685,-70.66936539930809,-70.66936539930809
2008.1000563144685,-70.66164754078244,-70.66164754078244
2008.1100563144685,-70.65396511789008,-70.65396511789008
2008.1200563144685,-70.64631824771462,-70.64631824771462
2008.1300563144684,-70.63870704375995,-70.63870704375995
2008.1400563144684,-70.63113161602423,-70.63113161602423
2008.1500563144684,-70.62359207101062,-70.62359207101062
2008.1600563144684,-70.61608851181478,-70.61608851181478
2008.1700563144684,-70.60862103816814,-70.60862103816814
2008.1800563144684,-70.60118974646144,-70.60118974646144
2008.1900563144684,-70.59379472983413,-70.59379472983413
2008.2000563144684,-70.58643607820338,-70.58643607820338
2008.2100563144684,-70.57911387830012,-70.57911387830012
2008.2200563144684,-70.57182821373462,-70.57182821373462
2008.2300563144684,-70.56457916504098,-70.56457916504098
2008.2400563144683,-70.55736680972313,-70.55736680972313
2008.2500563144683,-70.55019122229795,-70.55019122229795
2008.2600563144683,-70.54305247433363,-70.54305247433363
2008.2700563144683,-70.53595063451102,-70.53595063451102
2008.2800563144683,-70.52888576865772,-70.52888576865772
2008.2900563144683,-70.52185793979073,-70.52185793979073
2008.3000563144683,-70.51486720816013,-70.51486720816013
2008.3100563144683,-70.50791363130568,-70.50791363130568
2008.3200563144683,-70.50099726406948,-70.50099726406948
2008.3300563144685,-70.49411815866114,-70.49411815866114
2008.3400563144685,-70.4872763646989,-70.4872763646989
2008.3500563144685,-70.48047192924228,-70.48047192924228
2008.3600563144685,-70.47370489681971,-70.47370489681971
2008.3700563144685,-70.466975309492,-70.466975309492
2008.3800563144684,-70.46028320688457,-70.46028320688457
2008.3900563144684,-70.45362862620841,-70.45362862620841
2008.4000563144684,-70.44701160232124,-70.44701160232124
2008.4100563144684,-70.4404321677461,-70.4404321677461
2008.4200563144684,-70.43389035272985,-70.43389035272985
2008.4300563144684,-70.4273861852511,-70.4273861852511
2008.4400563144684,-70.42091969107514,-70.42091969107514
2008.4500563144684,-70.41449089379226,-70.41449089379226
2008.4600563144684,-70.40809981483395,-70.40809981483395
2008.4700563144684,-70.40174647352771,-70.40174647352771
2008.4800563144684,-70.39543088711746,-70.39543088711746
2008.4900563144683,-70.38915307080123,-70.38915307080123
2008.5000563144683,-70.38291303776721,-70.38291303776721
2008.5100563144683,-70.37671079922117,-70.37671079922117
2008.5200563144683,-70.37054636441265,-70.37054636441265
2008.5300563144683,-70.364419740685,-70.364419740685
2008.5400563144683,-70.35833093349413,-70.35833093349413
2008.5500563383102,-70.35227993203591,-70.35227993203591
2008.5600563383102,-70.34626676698927,-70.34626676698927
2008.5700563383102,-70.34029142382988,-70.34029142382988
2008.5800563383102,-70.33435390076336,-70.33435390076336
2008.5900563383102,-70.32845419427348,-70.32845419427348
2008.6000563383102,-70.32259229912809,-70.32259229912809
2008.6100563383102,-70.31676820841882,-70.31676820841882
2008.6200563383102,-70.31098191357721,-70.31098191357721
2008.6300563383102,-70.30523340443027,-70.30523340443027
2008.6400563383102,-70.29952266918193,-70.29952266918193
2008.6500563383102,-70.29384969447123,-70.29384969447123
2008.6600563383101,-70.28821446540728,-70.28821446540728
2008.6700563383101,-70.28261696556697,-70.28261696556697
2008.6800563383104,-70.27705717703783,-70.27705717703783
2008.6900563383103,-70.27153508043439,-70.27153508043439
2008.7000563383103,-70.26605065494631,-70.26605065494631
2008.7100563383103,-70.2606038783161,-70.2606038783161
2008.7200563383103,-70.25519472691798,-70.25519472691798
2008.7300563383103,-70.24982317573034,-70.24982317573034
2008.7400563383103,-70.2444891983978,-70.2444891983978
2008.7500563383103,-70.23919276724703,-70.23919276724703
2008.7600563383103,-70.23393385328414,-70.23393385328414
2008.7700563383103,-70.22871242625061,-70.22871242625061
2008.7800563383103,-70.22352845462255,-70.22352845462255
2008.7900563383103,-70.2183819056516,-70.2183819056516
2008.8000563383102,-70.21327274536006,-70.21327274536006
2008.8100563383102,-70.20820093857883,-70.20820093857883
2008.8200563383102,-70.2031664489778,-70.2031664489778
2008.8300563383102,-70.19816923906424,-70.19816923906424
2008.8400563383102,-70.19320927021569,-70.19320927021569
2008.8500563383102,-70.18828650270139,-70.18828650270139
2008.8600563383102,-70.18340089569922,-70.18340089569922
2008.8700563383102,-70.17855240730589,-70.17855240730589
2008.8800563383102,-70.17374099457032,-70.17374099457032
2008.8900563383102,-70.1689666135101,-70.1689666135101
2008.9000563383102,-70.16422921911563,-70.16422921911563
2008.9100563383101,-70.15952876538887,-70.15952876538887
2008.9200563383101,-70.15486520534652,-70.15486520534652
2008.9300563383104,-70.15023849104624,-70.15023849104624
2008.9400563383103,-70.1456485735961,-70.1456485735961
2008.9500563383103,-70.14109540317756,-70.14109540317756
2008.9600563383103,-70.13657892906647,-70.13657892906647
2008.9700563383103,-70.13209909963187,-70.13209909963187
2008.9800563383103,-70.12765586237903,-70.12765586237903
2008.9900563383103,-70.12324916394381,-70.12324916394381
2009.0000563383103,-70.11887895011424,-70.11887895011424
2009.0100563383103,-70.11454516586176,-70.11454516586176
2009.0200563383103,-70.11024775532407,-70.11024775532407
2009.0300563383103,-70.10598666185506,-70.10598666185506
2009.0400563383103,-70.10176182801818,-70.10176182801818
2009.0500563383102,-70.09757319561017,-70.09757319561017
2009.0600563383102,-70.09342070567132,-70.09342070567132
2009.0700563383102,-70.08930429849977,-70.08930429849977
2009.0800563383102,-70.08522391366895,-70.08522391366895
2009.0900563383102,-70.08117949004344,-70.08117949004344
2009.1000563383102,-70.07717096578652,-70.07717096578652
2009.1100563383102,-70.07319827837969,-70.07319827837969
2009.1200563383102,-70.06926136463349,-70.06926136463349
2009.1300563383102,-70.06536016069539,-70.06536016069539
2009.1400563383102,-70.06149460207693,-70.06149460207693
2009.1500563383102,-70.0576646236465,-70.0576646236465
2009.1600563383101,-70.05387015966116,-70.05387015966116
2009.1700563383101,-70.05011114376164,-70.05011114376164
2009.1800563383104,-70.04638750901324,-70.04638750901324
2009.1900563383103,-70.04269918787662,-70.04269918787662
2009.2000563383103,-70.03904611224515,-70.03904611224515
2009.2100563383103,-70.03542211760269,-70.03542211760269
2009.2200563383103,-70.03182447739277,-70.03182447739277
2009.2300563383103,-70.02825183887701,-70.02825183887701
2009.2400563383103,-70.02470348486102,-70.02470348486102
2009.2500563383103,-70.02117905191501,-70.02117905191501
2009.2600563383103,-70.01767838384613,-70.01767838384613
2009.2700563383103,-70.01420144570238,-70.01420144570238
2009.2800563383103,-70.01074827211434,-70.01074827211434
2009.2900563383103,-70.00731893616235,-70.00731893616235
2009.3000563383102,-70.00391353072503,-70.00391353072503
2009.3100563383102,-70.00053215739362,-70.00053215739362
2009.3200563383102,-69.99717491995574,-69.99717491995574
2009.3300563383102,-69.99384192072041,-69.99384192072041
2009.3400563383102,-69.99053325851523,-69.99053325851523
2009.3500563383102,-69.98724902770161,-69.98724902770161
2009.3600563383102,-69.98398931783196,-69.98398931783196
2009.3700563383102,-69.98075421364904,-69.98075421364904
2009.3800563383102,-69.97754379526462,-69.97754379526462
2009.3900563383102,-69.9743581384661,-69.9743581384661
2009.400056362152,-69.9711973074957,-69.9711973074957
2009.410056362152,-69.96806138555095,-69.96806138555095
2009.420056362152,-69.96495042977195,-69.96495042977195
2009.430056362152,-69.96186450181764,-69.96186450181764
2009.440056362152,-69.95880366053748,-69.95880366053748
2009.450056362152,-69.95576796219896,-69.95576796219896
2009.460056362152,-69.95275746070837,-69.95275746070837
2009.470056362152,-69.94977220775912,-69.94977220775912
2009.480056362152,-69.94681225300447,-69.94681225300447
2009.490056362152,-69.94387764419113,-69.94387764419113
2009.500056362152,-69.94096842724878,-69.94096842724878
2009.510056362152,-69.93808464639194,-69.93808464639194
2009.520056362152,-69.93522634421757,-69.93522634421757
2009.5300563621522,-69.93239356175363,-69.93239356175363
2009.5400563621522,-69.92958633851251,-69.92958633851251
2009.5500563621522,-69.92680471256766,-69.92680471256766
2009.5600563621522,-69.9240487205622,-69.9240487205622
2009.5700563621522,-69.92131839776063,-69.92131839776063
2009.5800563621522,-69.91861377806245,-69.91861377806245
2009.5900563621522,-69.91593489405432,-69.91593489405432
2009.6000563621521,-69.91328177700565,-69.91328177700565
2009.6100563621521,-69.91065445688771,-69.91065445688771
2009.6200563621521,-69.90805296239499,-69.90805296239499
2009.6300563621521,-69.90547732095762,-69.90547732095762
2009.640056362152,-69.9029275587586,-69.9029275587586
2009.650056362152,-69.90040370072194,-69.90040370072194
2009.660056362152,-69.89790577054093,-69.89790577054093
2009.670056362152,-69.89543379067767,-69.89543379067767
2009.680056362152,-69.89298778236554,-69.89298778236554
2009.690056362152,-69.89056776562047,-69.89056776562047
2009.700056362152,-69.8881737592466,-69.8881737592466
2009.710056362152,-69.88580578084152,-69.88580578084152
2009.720056362152,-69.88346384679588,-69.88346384679588
2009.730056362152,-69.88114797230129,-69.88114797230129
2009.740056362152,-69.8788581713625,-69.8788581713625
2009.750056362152,-69.87659445680845,-69.87659445680845
2009.760056362152,-69.8743568402514,-69.8743568402514
2009.770056362152,-69.8721453321629,-69.8721453321629
2009.7800563621522,-69.86995994182442,-69.86995994182442
2009.7900563621522,-69.86780067735917,-69.86780067735917
2009.8000563621522,-69.86566754572056,-69.86566754572056
2009.8100563621522,-69.86356055272343,-69.86356055272343
2009.8200563621522,-69.8614797030305,-69.8614797030305
2009.8300563621522,-69.85942500016077,-69.85942500016077
2009.8400563621522,-69.85739644651481,-69.85739644651481
2009.8500563621521,-69.8553940433567,-69.8553940433567
2009.8600563621521,-69.85341779083565,-69.85341779083565
2009.8700563621521,-69.85146768800128,-69.85146768800128
2009.8800563621521,-69.84954373278335,-69.84954373278335
2009.890056362152,-69.8476459220345,-69.8476459220345
2009.900056362152,-69.84577425152136,-69.84577425152136
2009.910056362152,-69.84392871593379,-69.84392871593379
2009.920056362152,-69.84210930889927,-69.84210930889927
2009.930056362152,-69.84031602297895,-69.84031602297895
2009.940056362152,-69.83854884970322,-69.83854884970322
2009.950056362152,-69.83680777955256,-69.83680777955256
2009.960056362152,-69.83508672144946,-69.83508672144946
2009.970056362152,-69.83338301069202,-69.83338301069202
2009.980056362152,-69.83169535157437,-69.83169535157437
2009.990056362152,-69.83002308153371,-69.83002308153371
2010.000056362152,-69.82836589024019,-69.82836589024019
2010.010056362152,-69.82672367361283,-69.82672367361283
2010.020056362152,-69.8250964481215,-69.8250964481215
2010.0300563621522,-69.82348429929846,-69.82348429929846
2010.0400563621522,-69.82188735074999,-69.82188735074999
2010.0500563621522,-69.82030574554778,-69.82030574554778
2010.0600563621522,-69.81873963519817,-69.81873963519817
2010.0700563621522,-69.81718917314303,-69.81718917314303
2010.0800563621522,-69.81565451109203,-69.81565451109203
2010.0900563621522,-69.8141357969787,-69.8141357969787
2010.1000563621521,-69.81263317403372,-69.81263317403372
2010.1100563621521,-69.8111467803953,-69.8111467803953
2010.1200563621521,-69.80967674910322,-69.80967674910322
2010.1300563621521,-69.80822320828408,-69.80822320828408
2010.140056362152,-69.8067862814217,-69.8067862814217
2010.150056362152,-69.80536608769431,-69.80536608769431
2010.160056362152,-69.80396274226892,-69.80396274226892
2010.170056362152,-69.80257635664522,-69.80257635664522
2010.180056362152,-69.80120703891967,-69.80120703891967
2010.190056362152,-69.79985489404511,-69.79985489404511
2010.200056362152,-69.79852002406987,-69.79852002406987
2010.210056362152,-69.79720252833334,-69.79720252833334
2010.220056362152,-69.79590250362122,-69.79590250362122
2010.230056362152,-69.79462004434053,-69.79462004434053
2010.240056362152,-69.79335524264029,-69.79335524264029
2010.250056385994,-69.79210818555318,-69.79210818555318
2010.260056385994,-69.79087896698604,-69.79087896698604
2010.270056385994,-69.78966766989154,-69.78966766989154
2010.280056385994,-69.78847437831234,-69.78847437831234
2010.290056385994,-69.78729917445666,-69.78729917445666
2010.300056385994,-69.78614213870507,-69.78614213870507
2010.310056385994,-69.78500334969351,-69.78500334969351
2010.320056385994,-69.78388288432728,-69.78388288432728
2010.3300563859939,-69.78278081781983,-69.78278081781983
2010.3400563859939,-69.78169722370015,-69.78169722370015
2010.3500563859939,-69.78063217385439,-69.78063217385439
2010.3600563859939,-69.77958573853616,-69.77958573853616
2010.3700563859938,-69.77855798638826,-69.77855798638826
2010.380056385994,-69.77754898446076,-69.77754898446076
2010.390056385994,-69.77655879819706,-69.77655879819706
2010.400056385994,-69.7755874914861,-69.7755874914861
2010.410056385994,-69.77463512662833,-69.77463512662833
2010.420056385994,-69.77370176439597,-69.77370176439597
2010.430056385994,-69.77278746399679,-69.77278746399679
2010.440056385994,-69.7718922831003,-69.7718922831003
2010.450056385994,-69.77101627784795,-69.77101627784795
2010.460056385994,-69.77015342742136,-69.77015342742136
2010.470056385994,-69.76930113297963,-69.76930113297963
2010.480056385994,-69.76845816262662,-69.76845816262662
2010.490056385994,-69.76762391641903,-69.76762391641903
2010.500056385994,-69.76679814579147,-69.76679814579147
2010.510056385994,-69.76598080773556,-69.76598080773556
2010.520056385994,-69.76517197922853,-69.76517197922853
2010.530056385994,-69.7643718058106,-69.7643718058106
2010.540056385994,-69.7635804706177,-69.7635804706177
2010.550056385994,-69.7627981758413,-69.7627981758413
2010.560056385994,-69.7620251316653,-69.7620251316653
2010.570056385994,-69.76126154980719,-69.76126154980719
2010.5800563859939,-69.76050763980354,-69.76050763980354
2010.5900563859939,-69.75976360702506,-69.75976360702506
2010.6000563859939,-69.75902965168252,-69.75902965168252
2010.6100563859939,-69.75830596846544,-69.75830596846544
2010.6200563859938,-69.7575927465297,-69.7575927465297
2010.630056385994,-69.75689016965244,-69.75689016965244
2010.640056385994,-69.7561984165324,-69.7561984165324
2010.650056385994,-69.75551766108626,-69.75551766108626
2010.660056385994,-69.75484807276898,-69.75484807276898
2010.670056385994,-69.75418981690066,-69.75418981690066
2010.680056385994,-69.75354305491253,-69.75354305491253
2010.690056385994,-69.75290794463874,-69.75290794463874
2010.700056385994,-69.75228464052438,-69.75228464052438
2010.710056385994,-69.75167329381338,-69.75167329381338
2010.720056385994,-69.75107405273675,-69.75107405273675
2010.730056385994,-69.75048706264691,-69.75048706264691
2010.740056385994,-69.74991246617239,-69.74991246617239
2010.750056385994,-69.74935040329669,-69.74935040329669
2010.760056385994,-69.74880101145115,-69.74880101145115
2010.770056385994,-69.74826442563409,-69.74826442563409
2010.780056385994,-69.74774077842429,-69.74774077842429
2010.790056385994,-69.74723020008219,-69.74723020008219
2010.800056385994,-69.74673281858809,-69.74673281858809
2010.810056385994,-69.74624875967096,-69.74624875967096
2010.820056385994,-69.74577814685804,-69.74577814685804
2010.8300563859939,-69.74532110151131,-69.74532110151131
2010.8400563859939,-69.74487774284111,-69.74487774284111
2010.8500563859939,-69.74444818793123,-69.74444818793123
2010.8600563859939,-69.7440325517738,-69.7440325517738
2010.8700563859938,-69.74363094728285,-69.74363094728285
2010.880056385994,-69.74324348529483,-69.74324348529483
2010.890056385994,-69.74287027461908,-69.74287027461908
2010.900056385994,-69.74251142201724,-69.74251142201724
2010.910056385994,-69.74216703222301,-69.74216703222301
2010.920056385994,-69.74183720797366,-69.74183720797366
2010.930056385994,-69.74152205000851,-69.74152205000851
2010.940056385994,-69.74122165707516,-69.74122165707516
2010.950056385994,-69.7409361259566,-69.7409361259566
2010.960056385994,-69.74065947858985,-69.74065947858985
2010.970056385994,-69.74038915643095,-69.74038915643095
2010.980056385994,-69.74012396662162,-69.74012396662162
2010.990056385994,-69.73986334746975,-69.73986334746975
2011.000056385994,-69.73960708803068,-69.73960708803068
2011.010056385994,-69.73935518238926,-69.73935518238926
2011.020056385994,-69.73910774417118,-69.73910774417118
2011.030056385994,-69.73886495515056,-69.73886495515056
2011.040056385994,-69.73862703432212,-69.73862703432212
2011.050056385994,-69.7383942193754,-69.7383942193754
2011.060056385994,-69.73816675564646,-69.73816675564646
2011.070056385994,-69.73794488966197,-69.73794488966197
2011.0800563859939,-69.73772886542054,-69.73772886542054
2011.0900563859939,-69.73751892241725,-69.73751892241725
2011.1000564098358,-69.73731529420377,-69.73731529420377
2011.1100564098358,-69.73711820989682,-69.73711820989682
2011.1200564098358,-69.73692789130371,-69.73692789130371
2011.1300564098358,-69.73674455500202,-69.73674455500202
2011.1400564098358,-69.73656841217107,-69.73656841217107
2011.1500564098358,-69.73639966887565,-69.73639966887565
2011.1600564098358,-69.7362385263784,-69.7362385263784
2011.1700564098358,-69.7360851814948,-69.7360851814948
2011.1800564098357,-69.7359398268333,-69.7359398268333
2011.1900564098357,-69.73580265106276,-69.73580265106276
2011.2000564098357,-69.73567383914663,-69.73567383914663
2011.2100564098357,-69.73555357253362,-69.73555357253362
2011.2200564098357,-69.73544202935079,-69.73544202935079
2011.230056409836,-69.73533938452279,-69.73533938452279
2011.240056409836,-69.7352458099221,-69.7352458099221
2011.250056409836,-69.73516147448292,-69.73516147448292
2011.260056409836,-69.73508654429057,-69.73508654429057
2011.270056409836,-69.73502118266055,-69.73502118266055
2011.2800564098359,-69.7349655502093,-69.7349655502093
2011.2900564098359,-69.73491980493311,-69.73491980493311
2011.3000564098359,-69.73488410224007,-69.73488410224007
2011.3100564098359,-69.73485859500641,-69.73485859500641
2011.3200564098358,-69.73484343360525,-69.73484343360525
2011.3300564098358,-69.73483876595807,-69.73483876595807
2011.3400564098358,-69.73484473754816,-69.73484473754816
2011.3500564098358,-69.73486149145235,-69.73486149145235
2011.3600564098358,-69.73488916836945,-69.73488916836945
2011.3700564098358,-69.73492790665438,-69.73492790665438
2011.3800564098358,-69.73497784230524,-69.73497784230524
2011.3900564098358,-69.7350391090082,-69.7350391090082
2011.4000564098358,-69.7351118381475,-69.7351118381475
2011.4100564098358,-69.73519615881901,-69.73519615881901
2011.4200564098358,-69.73529219784774,-69.73529219784774
2011.4300564098357,-69.73540007979759,-69.73540007979759
2011.4400564098357,-69.73551992699828,-69.73551992699828
2011.4500564098357,-69.73565185954845,-69.73565185954845
2011.4600564098357,-69.7357959953325,-69.7357959953325
2011.4700564098357,-69.73595245003781,-69.73595245003781
2011.480056409836,-69.73612133716163,-69.73612133716163
2011.490056409836,-69.73630276803691,-69.73630276803691
2011.500056409836,-69.73649685183473,-69.73649685183473
2011.510056409836,-69.73670369558653,-69.73670369558653
2011.520056409836,-69.7369234041937,-69.7369234041937
2011.5300564098359,-69.73715608045208,-69.73715608045208
2011.5400564098359,-69.73740182504851,-69.73740182504851
2011.5500564098359,-69.73766073659786,-69.73766073659786
2011.5600564098359,-69.73793291163825,-69.73793291163825
2011.5700564098358,-69.7382184446694,-69.7382184446694
2011.5800564098358,-69.73851742814603,-69.73851742814603
2011.5900564098358,-69.73882995250516,-69.73882995250516
2011.6000564098358,-69.73915610620118,-69.73915610620118
2011.6100564098358,-69.7394959756845,-69.7394959756845
2011.6200564098358,-69.73984964544017,-69.73984964544017
2011.6300564098358,-69.74021719800764,-69.74021719800764
2011.6400564098358,-69.74059871399626,-69.74059871399626
2011.6500564098358,-69.74099427210085,-69.74099427210085
2011.6600564098358,-69.7414039491077,-69.7414039491077
2011.6700564098358,-69.74182781994436,-69.74182781994436
2011.6800564098357,-69.74226595766673,-69.74226595766673
2011.6900564098357,-69.74271843349386,-69.74271843349386
2011.7000564098357,-69.74318531681321,-69.74318531681321
2011.7100564098357,-69.7436606019473,-69.7436606019473
2011.7200564098357,-69.74414170233419,-69.74414170233419
2011.730056409836,-69.74462739707621,-69.74462739707621
2011.740056409836,-69.74511709649953,-69.74511709649953
2011.750056409836,-69.74561056182405,-69.74561056182405
2011.760056409836,-69.74610775947768,-69.74610775947768
2011.770056409836,-69.74660877564159,-69.74660877564159
2011.7800564098359,-69.7471137648654,-69.7471137648654
2011.7900564098359,-69.7476229191908,-69.7476229191908
2011.8000564098359,-69.7481364496053,-69.7481364496053
2011.8100564098359,-69.7486545750144,-69.7486545750144
2011.8200564098358,-69.74917751581191,-69.74917751581191
2011.8300564098358,-69.74970549014088,-69.74970549014088
2011.8400564098358,-69.7502387119483,-69.7502387119483
2011.8500564098358,-69.75077738999744,-69.75077738999744
2011.8600564098358,-69.75132172748698,-69.75132172748698
2011.8700564098358,-69.75187192204467,-69.75187192204467
2011.8800564098358,-69.75242816592203,-69.75242816592203
2011.8900564098358,-69.75299064624723,-69.75299064624723
2011.9000564098358,-69.75355954534879,-69.75355954534879
2011.9100564098358,-69.75413504109767,-69.75413504109767
2011.9200564098358,-69.75471730719583,-69.75471730719583
2011.9300564098357,-69.75530651346503,-69.75530651346503
2011.9400564098357,-69.75590282610746,-69.75590282610746
2011.9500564336777,-69.75650640937896,-69.75650640937896
2011.9600564336777,-69.75711134574104,-69.75711134574104
2011.9700564336777,-69.75771514043356,-69.75771514043356
2011.9800564336776,-69.75831666198845,-69.75831666198845
2011.9900564336776,-69.75891540929275,-69.75891540929275
2012.0000564336776,-69.75951123129603,-69.75951123129603
2012.0100564336776,-69.76010418139059,-69.76010418139059
2012.0200564336776,-69.76069443200092,-69.76069443200092
2012.0300564336776,-69.76128222326423,-69.76128222326423
2012.0400564336776,-69.7618678321758,-69.7618678321758
2012.0500564336776,-69.76245155407437,-69.76245155407437
2012.0600564336776,-69.76303369167039,-69.76303369167039
2012.0700564336776,-69.76361454856745,-69.76361454856745
2012.0800564336778,-69.76419442561513,-69.76419442561513
2012.0900564336778,-69.76477361890542,-69.76477361890542
2012.1000564336778,-69.76535241880686,-69.76535241880686
2012.1100564336778,-69.7659311096143,-69.7659311096143
2012.1200564336777,-69.76650996951963,-69.76650996951963
2012.1300564336777,-69.76708927078302,-69.76708927078302
2012.1400564336777,-69.76766928002387,-69.76766928002387
2012.1500564336777,-69.76825025851625,-69.76825025851625
2012.1600564336777,-69.76883246252143,-69.76883246252143
2012.1700564336777,-69.76941614357062,-69.76941614357062
2012.1800564336777,-69.77000154875664,-69.77000154875664
2012.1900564336777,-69.770588920981,-69.770588920981
2012.2000564336777,-69.77117849917099,-69.77117849917099
2012.2100564336777,-69.77177051847767,-69.77177051847767
2012.2200564336777,-69.77236521043831,-69.77236521043831
2012.2300564336776,-69.77296280312798,-69.77296280312798
2012.2400564336776,-69.77356352125805,-69.77356352125805
2012.2500564336776,-69.77416758632317,-69.77416758632317
2012.2600564336776,-69.77477521664306,-69.77477521664306
2012.2700564336776,-69.7753866274795,-69.7753866274795
2012.2800564336776,-69.77600203106572,-69.77600203106572
2012.2900564336776,-69.77662163669007,-69.77662163669007
2012.3000564336776,-69.7772456507272,-69.7772456507272
2012.3100564336776,-69.77787427667835,-69.77787427667835
2012.3200564336776,-69.77850771521793,-69.77850771521793
2012.3300564336778,-69.77914616420745,-69.77914616420745
2012.3400564336778,-69.77978981872434,-69.77978981872434
2012.3500564336778,-69.78043887108896,-69.78043887108896
2012.3600564336778,-69.78109351089019,-69.78109351089019
2012.3700564336777,-69.78175392498706,-69.78175392498706
2012.3800564336777,-69.78242029753798,-69.78242029753798
2012.3900564336777,-69.78309281000826,-69.78309281000826
2012.4000564336777,-69.78377164120076,-69.78377164120076
2012.4100564336777,-69.78445696723502,-69.78445696723502
2012.4200564336777,-69.78514896159666,-69.78514896159666
2012.4300564336777,-69.78584779512312,-69.78584779512312
2012.4400564336777,-69.78655363604399,-69.78655363604399
2012.4500564336777,-69.7872666499577,-69.7872666499577
2012.4600564336777,-69.78798699988943,-69.78798699988943
2012.4700564336777,-69.78871484624813,-69.78871484624813
2012.4800564336776,-69.78945034688746,-69.78945034688746
2012.4900564336776,-69.7901936570992,-69.7901936570992
2012.5000564336776,-69.79094492963375,-69.79094492963375
2012.5100564336776,-69.79170431470038,-69.79170431470038
2012.5200564336776,-69.79247195999247,-69.79247195999247
2012.5300564336776,-69.79324801070719,-69.79324801070719
2012.5400564336776,-69.79403260955127,-69.79403260955127
2012.5500564336776,-69.79482589675729,-69.79482589675729
2012.5600564336776,-69.79562801011281,-69.79562801011281
2012.5700564336776,-69.79643908495156,-69.79643908495156
2012.5800564336778,-69.79725925419922,-69.79725925419922
2012.5900564336778,-69.79808864837182,-69.79808864837182
2012.6000564336778,-69.79892739560358,-69.79892739560358
2012.6100564336778,-69.79977562165541,-69.79977562165541
2012.6200564336777,-69.80063344994072,-69.80063344994072
2012.6300564336777,-69.80150100154268,-69.80150100154268
2012.6400564336777,-69.80237839523829,-69.80237839523829
2012.6500564336777,-69.8032657475045,-69.8032657475045
2012.6600564336777,-69.80416317254847,-69.80416317254847
2012.6700564336777,-69.80507078233502,-69.80507078233502
2012.6800564336777,-69.80598868658164,-69.80598868658164
2012.6900564336777,-69.80691699281026,-69.80691699281026
2012.7000564336777,-69.80785580634382,-69.80785580634382
2012.7100564336777,-69.80880523034818,-69.80880523034818
2012.7200564336777,-69.80976536581703,-69.80976536581703
2012.7300564336776,-69.81073631164787,-69.81073631164787
2012.7400564336776,-69.81171816461485,-69.81171816461485
2012.7500564336776,-69.81271101940364,-69.81271101940364
2012.7600564336776,-69.81371496865685,-69.81371496865685
2012.7700564336776,-69.81473010296692,-69.81473010296692
2012.7800564336776,-69.81575651091322,-69.81575651091322
2012.7900564336776,-69.8167942790733,-69.8167942790733
2012.8000564575195,-69.8178434945589,-69.8178434945589
2012.8100564575195,-69.81890423505583,-69.81890423505583
2012.8200564575195,-69.81997658375543,-69.81997658375543
2012.8300564575195,-69.82106061948255,-69.82106061948255
2012.8400564575195,-69.82215641916538,-69.82215641916538
2012.8500564575195,-69.82326405788119,-69.82326405788119
2012.8600564575195,-69.82438360885892,-69.82438360885892
2012.8700564575195,-69.82551514350897,-69.82551514350897
2012.8800564575195,-69.82665873145426,-69.82665873145426
2012.8900564575194,-69.82781444052463,-69.82781444052463
2012.9000564575194,-69.82898233681776,-69.82898233681776
2012.9100564575194,-69.83016248469148,-69.83016248469148
2012.9200564575194,-69.83135494679206,-69.83135494679206
2012.9300564575196,-69.83255978407975,-69.83255978407975
2012.9400564575196,-69.83377705584715,-69.83377705584715
2012.9500564575196,-69.83500681974834,-69.83500681974834
2012.9600564575196,-69.83624913180756,-69.83624913180756
2012.9700564575196,-69.83750404645374,-69.83750404645374
2012.9800564575196,-69.83877161653523,-69.83877161653523
2012.9900564575196,-69.84005189332899,-69.84005189332899
2013.0000564575196,-69.84134492659058,-69.84134492659058
2013.0100564575196,-69.84265076454643,-69.84265076454643
2013.0200564575196,-69.84396945392449,-69.84396945392449
2013.0300564575195,-69.84530103998038,-69.84530103998038
2013.0400564575195,-69.84664556650921,-69.84664556650921
2013.0500564575195,-69.8480030758795,-69.8480030758795
2013.0600564575195,-69.84937360903031,-69.84937360903031
2013.0700564575195,-69.85075720551146,-69.85075720551146
2013.0800564575195,-69.85215390349946,-69.85215390349946
2013.0900564575195,-69.85356373979492,-69.85356373979492
2013.1000564575195,-69.85498674988023,-69.85498674988023
2013.1100564575195,-69.85642296791536,-69.85642296791536
2013.1200564575195,-69.85787242674996,-69.85787242674996
2013.1300564575195,-69.85933515795276,-69.85933515795276
2013.1400564575194,-69.86081119183768,-69.86081119183768
2013.1500564575194,-69.86230055748034,-69.86230055748034
2013.1600564575194,-69.8638032827097,-69.8638032827097
2013.1700564575194,-69.86531939416088,-69.86531939416088
2013.1800564575196,-69.86684891727081,-69.86684891727081
2013.1900564575196,-69.86839187631527,-69.86839187631527
2013.2000564575196,-69.86994829440606,-69.86994829440606
2013.2100564575196,-69.87151210846504,-69.87151210846504
2013.2200564575196,-69.87308068058697,-69.87308068058697
2013.2300564575196,-69.87465274131984,-69.87465274131984
2013.2400564575196,-69.87622765411302,-69.87622765411302
2013.2500564575196,-69.87780513455125,-69.87780513455125
2013.2600564575196,-69.87938510441118,-69.87938510441118
2013.2700564575196,-69.88096760610469,-69.88096760610469
2013.2800564575195,-69.88255275124935,-69.88255275124935
2013.2900564575195,-69.88414068969745,-69.88414068969745
2013.3000564575195,-69.88573159101396,-69.88573159101396
2013.3100564575195,-69.88732563339525,-69.88732563339525
2013.3200564575195,-69.8889229972254,-69.8889229972254
2013.3300564575195,-69.89052386137196,-69.89052386137196
2013.3400564575195,-69.89212840117207,-69.89212840117207
2013.3500564575195,-69.89373678746384,-69.89373678746384
2013.3600564575195,-69.89534918620446,-69.89534918620446
2013.3700564575195,-69.89696575845399,-69.89696575845399
2013.3800564575195,-69.89858666054775,-69.89858666054775
2013.3900564575194,-69.90021204436437,-69.90021204436437
2013.4000564575194,-69.90184205761624,-69.90184205761624
2013.4100564575194,-69.90347684421712,-69.90347684421712
2013.4200564575194,-69.90511654453557,-69.90511654453557
2013.4300564575196,-69.9067612956769,-69.9067612956769
2013.4400564575196,-69.90841123177105,-69.90841123177105
2013.4500564575196,-69.91006648415423,-69.91006648415423
2013.4600564575196,-69.91172718158408,-69.91172718158408
2013.4700564575196,-69.91339345040048,-69.91339345040048
2013.4800564575196,-69.91506541466934,-69.91506541466934
2013.4900564575196,-69.91674319630403,-69.91674319630403
2013.5000564575196,-69.91842691518265,-69.91842691518265
2013.5100564575196,-69.9201166892128,-69.9201166892128
2013.5200564575196,-69.92181263444012,-69.92181263444012
2013.5300564575195,-69.92351486507523,-69.92351486507523
2013.5400564575195,-69.92522349358474,-69.92522349358474
2013.5500564575195,-69.92693863070531,-69.92693863070531
2013.5600564575195,-69.9286603855016,-69.9286603855016
2013.5700564575195,-69.9303888653858,-69.9303888653858
2013.5800564575195,-69.93212417615537,-69.93212417615537
2013.5900564575195,-69.93386642200338,-69.93386642200338
2013.6000564575195,-69.9356157055516,-69.9356157055516
2013.6100564575195,-69.93737212784633,-69.93737212784633
2013.6200564575195,-69.93913578839751,-69.93913578839751
2013.6300564575195,-69.94090678517513,-69.94090678517513
2013.6400564575194,-69.94268521461441,-69.94268521461441
2013.6500564813614,-69.94447117589878,-69.94447117589878
2013.6600564813614,-69.94626475393703,-69.94626475393703
2013.6700564813614,-69.94806604487222,-69.94806604487222
2013.6800564813614,-69.94987513911092,-69.94987513911092
2013.6900564813614,-69.95169212556945,-69.95169212556945
2013.7000564813613,-69.95351709166773,-69.95351709166773
2013.7100564813613,-69.95535012336272,-69.95535012336272
2013.7200564813613,-69.9571913051274,-69.9571913051274
2013.7300564813613,-69.95904071995867,-69.95904071995867
2013.7400564813613,-69.960898449393,-69.960898449393
2013.7500564813613,-69.96276457351026,-69.96276457351026
2013.7600564813613,-69.9646391709365,-69.9646391709365
2013.7700564813613,-69.96652231884049,-69.96652231884049
2013.7800564813615,-69.9684140929673,-69.9684140929673
2013.7900564813615,-69.97031456761785,-69.97031456761785
2013.8000564813615,-69.97222381566486,-69.97222381566486
2013.8100564813615,-69.97414190855723,-69.97414190855723
2013.8200564813615,-69.97606891633276,-69.97606891633276
2013.8300564813615,-69.97800490763547,-69.97800490763547
2013.8400564813614,-69.97994994969183,-69.97994994969183
2013.8500564813614,-69.98190410834502,-69.98190410834502
2013.8600564813614,-69.98386744806034,-69.98386744806034
2013.8700564813614,-69.98584003193632,-69.98584003193632
2013.8800564813614,-69.98782192168657,-69.98782192168657
2013.8900564813614,-69.989813177703,-69.989813177703
2013.9000564813614,-69.99181385899838,-69.99181385899838
2013.9100564813614,-69.99382402326816,-69.99382402326816
2013.9200564813614,-69.9958437268855,-69.9958437268855
2013.9300564813614,-69.99787302489386,-69.99787302489386
2013.9400564813614,-69.99991197104904,-69.99991197104904
2013.9500564813613,-70.00196061780521,-70.00196061780521
2013.9600564813613,-70.00401901633047,-70.00401901633047
2013.9700564813613,-70.00608721652611,-70.00608721652611
2013.9800564813613,-70.0081652670345,-70.0081652670345
2013.9900564813613,-70.01025321524091,-70.01025321524091
2014.0000564813613,-70.01235110729625,-70.01235110729625
2014.0100564813613,-70.01445898813301,-70.01445898813301
2014.0200564813613,-70.01657690145237,-70.01657690145237
2014.0300564813615,-70.01870488977548,-70.01870488977548
2014.0400564813615,-70.02084299440828,-70.02084299440828
2014.0500564813615,-70.02299125549031,-70.02299125549031
2014.0600564813615,-70.02514971200549,-70.02514971200549
2014.0700564813615,-70.02731840176656,-70.02731840176656
2014.0800564813615,-70.0294973614445,-70.0294973614445
2014.0900564813614,-70.03168662659023,-70.03168662659023
2014.1000564813614,-70.03388623163436,-70.03388623163436
2014.1100564813614,-70.03609620989965,-70.03609620989965
2014.1200564813614,-70.0383165936237,-70.0383165936237
2014.1300564813614,-70.04054741395403,-70.04054741395403
2014.1400564813614,-70.04278870097987,-70.04278870097987
2014.1500564813614,-70.04504048372839,-70.04504048372839
2014.1600564813614,-70.04730279018943,-70.04730279018943
2014.1700564813614,-70.04957564732126,-70.04957564732126
2014.1800564813614,-70.0518590810624,-70.0518590810624
2014.1900564813614,-70.05415311635761,-70.05415311635761
2014.2000564813613,-70.05645777714336,-70.05645777714336
2014.2100564813613,-70.05876698340022,-70.05876698340022
2014.2200564813613,-70.06107808900062,-70.06107808900062
2014.2300564813613,-70.06338981993639,-70.06338981993639
2014.2400564813613,-70.06570153689034,-70.06570153689034
2014.2500564813613,-70.06801295373553,-70.06801295373553
2014.2600564813613,-70.07032399129514,-70.07032399129514
2014.2700564813613,-70.07263469154928,-70.07263469154928
2014.2800564813615,-70.07494516608119,-70.07494516608119
2014.2900564813615,-70.07725556506755,-70.07725556506755
2014.3000564813615,-70.07956605867058,-70.07956605867058
2014.3100564813615,-70.08187682596787,-70.08187682596787
2014.3200564813615,-70.08418804846916,-70.08418804846916
2014.3300564813615,-70.08649990636508,-70.08649990636508
2014.3400564813614,-70.08881257655825,-70.08881257655825
2014.3500564813614,-70.09112623163756,-70.09112623163756
2014.3600564813614,-70.09344103951898,-70.09344103951898
2014.3700564813614,-70.0957571633789,-70.0957571633789
2014.3800564813614,-70.09807476184879,-70.09807476184879
2014.3900564813614,-70.10039398927948,-70.10039398927948
2014.4000564813614,-70.10271499602607,-70.10271499602607
2014.4100564813614,-70.10503792876942,-70.10503792876942
2014.4200564813614,-70.10736293080583,-70.10736293080583
2014.4300564813614,-70.10969014232417,-70.10969014232417
2014.4400564813614,-70.11201970063976,-70.11201970063976
2014.4500564813613,-70.11435174043696,-70.11435174043696
2014.4600564813613,-70.11668028592409,-70.11668028592409
2014.4700564813613,-70.11900279662666,-70.11900279662666
2014.4800564813613,-70.12131810409186,-70.12131810409186
2014.4900564813613,-70.12362567400581,-70.12362567400581
2014.5000565052032,-70.12592533001579,-70.12592533001579
2014.5100565052032,-70.12821708553027,-70.12821708553027
2014.5200565052032,-70.130501090863,-70.130501090863
2014.5300565052032,-70.13277755969125,-70.13277755969125
2014.5400565052032,-70.13504674357945,-70.13504674357945
2014.5500565052032,-70.13730891337882,-70.13730891337882
2014.5600565052032,-70.13956434818078,-70.13956434818078
2014.5700565052032,-70.14181332881914,-70.14181332881914
2014.5800565052032,-70.14405613417408,-70.14405613417408
2014.5900565052032,-70.14629303914445,-70.14629303914445
2014.6000565052032,-70.14852431368648,-70.14852431368648
2014.6100565052031,-70.15075022238283,-70.15075022238283
2014.6200565052031,-70.15297102444767,-70.15297102444767
2014.6300565052034,-70.15518697387064,-70.15518697387064
2014.6400565052033,-70.15739831967149,-70.15739831967149
2014.6500565052033,-70.15960530620617,-70.15960530620617
2014.6600565052033,-70.16180817345104,-70.16180817345104
2014.6700565052033,-70.16400715730927,-70.16400715730927
2014.6800565052033,-70.16620248987756,-70.16620248987756
2014.6900565052033,-70.16839439965483,-70.16839439965483
2014.7000565052033,-70.17058311177271,-70.17058311177271
2014.7100565052033,-70.17276884818271,-70.17276884818271
2014.7200565052033,-70.17495182778246,-70.17495182778246
2014.7300565052033,-70.17713226657303,-70.17713226657303
2014.7400565052033,-70.17931037775902,-70.17931037775902
2014.7500565052032,-70.18148637184333,-70.18148637184333
2014.7600565052032,-70.18366045670481,-70.18366045670481
2014.7700565052032,-70.18583283766563,-70.18583283766563
2014.7800565052032,-70.18800371754811,-70.18800371754811
2014.7900565052032,-70.19017329670486,-70.19017329670486
2014.8000565052032,-70.19234177307598,-70.19234177307598
2014.8100565052032,-70.19450934221115,-70.19450934221115
2014.8200565052032,-70.19667619728158,-70.19667619728158
2014.8300565052032,-70.19884252912496,-70.19884252912496
2014.8400565052032,-70.2010085262417,-70.2010085262417
2014.8500565052032,-70.20317437482052,-70.20317437482052
2014.8600565052031,-70.20534025873859,-70.20534025873859
2014.8700565052031,-70.20750635956813,-70.20750635956813
2014.8800565052034,-70.209672856609,-70.209672856609
2014.8900565052033,-70.21183992687875,-70.21183992687875
2014.9000565052033,-70.21400774510548,-70.21400774510548
2014.9100565052033,-70.21617648375634,-70.21617648375634
2014.9200565052033,-70.21834631303965,-70.21834631303965
2014.9300565052033,-70.22051740088918,-70.22051740088918
2014.9400565052033,-70.22268991298898,-70.22268991298898
2014.9500565052033,-70.22486401277467,-70.22486401277467
2014.9600565052033,-70.22703374445848,-70.22703374445848
2014.9700565052033,-70.22919659293133,-70.22919659293133
2014.9800565052033,-70.23135141707137,-70.23135141707137
2014.9900565052033,-70.23349771061616,-70.23349771061616
2015.0000565052032,-70.23563532004597,-70.23563532004597
2015.0100565052032,-70.23776429797599,-70.23776429797599
2015.0200565052032,-70.23988481718084,-70.23988481718084
2015.0300565052032,-70.24199711895018,-70.24199711895018
2015.0400565052032,-70.2441014819843,-70.2441014819843
2015.0500565052032,-70.24619820375896,-70.24619820375896
2015.0600565052032,-70.24828758942085,-70.24828758942085
2015.0700565052032,-70.2503699452837,-70.2503699452837
2015.0800565052032,-70.2524455750764,-70.2524455750764
2015.0900565052032,-70.25451477795772,-70.25451477795772
2015.1000565052032,-70.25657784748782,-70.25657784748782
2015.1100565052031,-70.25863507125207,-70.25863507125207
2015.1200565052031,-70.26068673083836,-70.26068673083836
2015.1300565052034,-70.26273310198431,-70.26273310198431
2015.1400565052033,-70.26477445484151,-70.26477445484151
2015.1500565052033,-70.26681105429489,-70.26681105429489
2015.1600565052033,-70.2688431602562,-70.2688431602562
2015.1700565052033,-70.27087102797354,-70.27087102797354
2015.1800565052033,-70.27289490829538,-70.27289490829538
2015.1900565052033,-70.27491504793952,-70.27491504793952
2015.2000565052033,-70.2769316896904,-70.2769316896904
2015.2100565052033,-70.27894507261007,-70.27894507261007
2015.2200565052033,-70.28095543218794,-70.28095543218794
2015.2300565052033,-70.28296300050171,-70.28296300050171
2015.2400565052033,-70.28496800633376,-70.28496800633376
2015.2500565052032,-70.28697067528314,-70.28697067528314
2015.2600565052032,-70.28897122984827,-70.28897122984827
2015.2700565052032,-70.29096988952067,-70.29096988952067
2015.2800565052032,-70.29296687083693,-70.29296687083693
2015.2900565052032,-70.29496238744426,-70.29496238744426
2015.3000565052032,-70.29695665014637,-70.29695665014637
2015.3100565052032,-70.29894986695079,-70.29894986695079
2015.3200565052032,-70.30094224310318,-70.30094224310318
2015.3300565052032,-70.30293398111975,-70.30293398111975
2015.3400565052032,-70.30492528082003,-70.30492528082003
2015.350056529045,-70.30691634408147,-70.30691634408147
2015.360056529045,-70.30890735591268,-70.30890735591268
2015.370056529045,-70.31089851291355,-70.31089851291355
2015.380056529045,-70.31289000431714,-70.31289000431714
2015.390056529045,-70.31488201678617,-70.31488201678617
2015.400056529045,-70.31687473437539,-70.31687473437539
2015.410056529045,-70.31886833858668,-70.31886833858668
2015.420056529045,-70.32086300837298,-70.32086300837298
2015.430056529045,-70.32285892015626,-70.32285892015626
2015.440056529045,-70.32485624783389,-70.32485624783389
2015.450056529045,-70.32685516278622,-70.32685516278622
2015.460056529045,-70.3288558339169,-70.3288558339169
2015.470056529045,-70.33085842764257,-70.33085842764257
2015.4800565290452,-70.33286310791674,-70.33286310791674
2015.4900565290452,-70.33487003623915,-70.33487003623915
2015.5000565290452,-70.33687937168656,-70.33687937168656
2015.5100565290452,-70.33889127089546,-70.33889127089546
2015.5200565290452,-70.34090588811434,-70.34090588811434
2015.5300565290452,-70.3429233751916,-70.3429233751916
2015.5400565290452,-70.34494388159771,-70.34494388159771
2015.5500565290452,-70.34696755445837,-70.34696755445837
2015.5600565290451,-70.34899453854703,-70.34899453854703
2015.5700565290451,-70.35102497631357,-70.35102497631357
2015.5800565290451,-70.35305900790168,-70.35305900790168
2015.5900565290451,-70.35509677116154,-70.35509677116154
2015.600056529045,-70.35713840166474,-70.35713840166474
2015.610056529045,-70.35918403273766,-70.35918403273766
2015.620056529045,-70.36123379545876,-70.36123379545876
2015.630056529045,-70.36328781870245,-70.36328781870245
2015.640056529045,-70.36534622912151,-70.36534622912151
2015.650056529045,-70.36740915120141,-70.36740915120141
2015.660056529045,-70.3694767072604,-70.3694767072604
2015.670056529045,-70.37154901747492,-70.37154901747492
2015.680056529045,-70.37362619990054,-70.37362619990054
2015.690056529045,-70.37570837047708,-70.37570837047708
2015.700056529045,-70.37779564307988,-70.37779564307988
2015.710056529045,-70.37988812950503,-70.37988812950503
2015.720056529045,-70.38198593950048,-70.38198593950048
2015.7300565290452,-70.38408918080513,-70.38408918080513
2015.7400565290452,-70.38619795914703,-70.38619795914703
2015.7500565290452,-70.38831237826817,-70.38831237826817
2015.7600565290452,-70.39043253995749,-70.39043253995749
2015.7700565290452,-70.39255854405745,-70.39255854405745
2015.7800565290452,-70.39469048848527,-70.39469048848527
2015.7900565290452,-70.39682846926235,-70.39682846926235
2015.8000565290452,-70.39897258053341,-70.39897258053341
2015.8100565290451,-70.40112291458306,-70.40112291458306
2015.8200565290451,-70.40327956184548,-70.40327956184548
2015.8300565290451,-70.4054426109574,-70.4054426109574
2015.8400565290451,-70.40761214874267,-70.40761214874267
2015.850056529045,-70.40978826026368,-70.40978826026368
2015.860056529045,-70.4119710288162,-70.4119710288162
2015.870056529045,-70.41416053597005,-70.41416053597005
2015.880056529045,-70.41635686157717,-70.41635686157717
2015.890056529045,-70.41856008379291,-70.41856008379291
2015.900056529045,-70.42077027910551,-70.42077027910551
2015.910056529045,-70.42298752234551,-70.42298752234551
2015.920056529045,-70.42521188671152,-70.42521188671152
2015.930056529045,-70.42744344380448,-70.42744344380448
2015.940056529045,-70.42968226361553,-70.42968226361553
2015.950056529045,-70.43192841458063,-70.43192841458063
2015.960056529045,-70.43418196356924,-70.43418196356924
2015.970056529045,-70.43644297592117,-70.43644297592117
2015.9800565290452,-70.4387115154687,-70.4387115154687
2015.9900565290452,-70.44098764455259,-70.44098764455259
2016.0000565290452,-70.44327142403682,-70.44327142403682
2016.0100565290452,-70.44556291333124,-70.44556291333124
2016.0200565290452,-70.4478621704096,-70.4478621704096
2016.0300565290452,-70.45016925184358,-70.45016925184358
2016.0400565290452,-70.4524842127851,-70.4524842127851
2016.0500565290452,-70.45480710702633,-70.45480710702633
2016.0600565290451,-70.45713798698581,-70.45713798698581
2016.0700565290451,-70.45947690374891,-70.45947690374891
2016.0800565290451,-70.46182390708123,-70.46182390708123
2016.0900565290451,-70.46417904544198,-70.46417904544198
2016.100056529045,-70.46654236600129,-70.46654236600129
2016.110056529045,-70.46891391465765,-70.46891391465765
2016.120056529045,-70.4712937360594,-70.4712937360594
2016.130056529045,-70.47368187362274,-70.47368187362274
2016.140056529045,-70.47607836954363,-70.47607836954363
2016.150056529045,-70.4784832648297,-70.4784832648297
2016.160056529045,-70.48089659929231,-70.48089659929231
2016.170056529045,-70.48331841158243,-70.48331841158243
2016.180056529045,-70.48574873920107,-70.48574873920107
2016.190056529045,-70.48818761852147,-70.48818761852147
2016.200056552887,-70.49063509061465,-70.49063509061465
2016.210056552887,-70.49309117802007,-70.49309117802007
2016.220056552887,-70.49555591958813,-70.49555591958813
2016.230056552887,-70.49802934731522,-70.49802934731522
2016.240056552887,-70.50051149215749,-70.50051149215749
2016.250056552887,-70.50300238401566,-70.50300238401566
2016.260056552887,-70.50550205177947,-70.50550205177947
2016.270056552887,-70.5080105233256,-70.5080105233256
2016.280056552887,-70.5105278255408,-70.5105278255408
2016.2900565528869,-70.51305398432078,-70.51305398432078
2016.3000565528869,-70.51558902461827,-70.51558902461827
2016.3100565528869,-70.51813297042892,-70.51813297042892
2016.3200565528869,-70.52068584480762,-70.52068584480762
2016.330056552887,-70.5232476698944,-70.5232476698944
2016.340056552887,-70.5258184669208,-70.5258184669208
2016.350056552887,-70.52839825622523,-70.52839825622523
2016.360056552887,-70.5309870572678,-70.5309870572678
2016.370056552887,-70.53358488863525,-70.53358488863525
2016.380056552887,-70.53619176806451,-70.53619176806451
2016.390056552887,-70.53880771245778,-70.53880771245778
2016.400056552887,-70.54143273789288,-70.54143273789288
2016.410056552887,-70.54406685961361,-70.54406685961361
2016.420056552887,-70.54671009208224,-70.54671009208224
2016.430056552887,-70.54936244896201,-70.54936244896201
2016.440056552887,-70.55202394314222,-70.55202394314222
2016.450056552887,-70.55469458673846,-70.55469458673846
2016.460056552887,-70.55737439112559,-70.55737439112559
2016.470056552887,-70.56006336692741,-70.56006336692741
2016.480056552887,-70.56276152403895,-70.56276152403895
2016.490056552887,-70.56546887164099,-70.56546887164099
2016.500056552887,-70.56818541820066,-70.56818541820066
2016.510056552887,-70.57091117149423,-70.57091117149423
2016.520056552887,-70.57364613860888,-70.57364613860888
2016.530056552887,-70.5763903259607,-70.5763903259607
2016.5400565528869,-70.5791437392953,-70.5791437392953
2016.5500565528869,-70.5819063837225,-70.5819063837225
2016.5600565528869,-70.58467826368425,-70.58467826368425
2016.5700565528869,-70.58745938300807,-70.58745938300807
2016.580056552887,-70.59024974489631,-70.59024974489631
2016.590056552887,-70.59304935193394,-70.59304935193394
2016.600056552887,-70.59585820610428,-70.59585820610428
2016.610056552887,-70.59867630880468,-70.59867630880468
2016.620056552887,-70.60150366084423,-70.60150366084423
2016.630056552887,-70.60434026246377,-70.60434026246377
2016.640056552887,-70.6071861133224,-70.6071861133224
2016.650056552887,-70.61004121254531,-70.61004121254531
2016.660056552887,-70.61290555870815,-70.61290555870815
2016.670056552887,-70.61577914984044,-70.61577914984044
2016.680056552887,-70.61866198345466,-70.61866198345466
2016.690056552887,-70.62155405652635,-70.62155405652635
2016.700056552887,-70.62445536554111,-70.62445536554111
2016.710056552887,-70.62736590646755,-70.62736590646755
2016.720056552887,-70.63028567479455,-70.63028567479455
2016.730056552887,-70.63321466550352,-70.63321466550352
2016.740056552887,-70.63615287312084,-70.63615287312084
2016.750056552887,-70.6391002916866,-70.6391002916866
2016.760056552887,-70.64205691479401,-70.64205691479401
2016.770056552887,-70.64502273556928,-70.64502273556928
2016.780056552887,-70.64799774669596,-70.64799774669596
2016.7900565528869,-70.65098194042884,-70.65098194042884
2016.8000565528869,-70.65397530857939,-70.65397530857939
2016.8100565528869,-70.65697784253587,-70.65697784253587
2016.8200565528869,-70.65998953327876,-70.65998953327876
2016.830056552887,-70.66301037136934,-70.66301037136934
2016.840056552887,-70.66604034697392,-70.66604034697392
2016.850056552887,-70.66907944986276,-70.66907944986276
2016.860056552887,-70.67212766941596,-70.67212766941596
2016.870056552887,-70.67518499462238,-70.67518499462238
2016.880056552887,-70.67825141411511,-70.67825141411511
2016.890056552887,-70.68132691613754,-70.68132691613754
2016.900056552887,-70.68441148858827,-70.68441148858827
2016.910056552887,-70.68750511900168,-70.68750511900168
2016.920056552887,-70.69060779456576,-70.69060779456576
2016.930056552887,-70.69371950212594,-70.69371950212594
2016.940056552887,-70.6968402281811,-70.6968402281811
2016.950056552887,-70.69996995890638,-70.69996995890638
2016.960056552887,-70.70310251834222,-70.70310251834222
2016.970056552887,-70.70623519580606,-70.70623519580606
2016.980056552887,-70.70936666573097,-70.70936666573097
2016.990056552887,-70.71249624363826,-70.71249624363826
2017.000056552887,-70.7156236021098,-70.7156236021098
2017.010056552887,-70.71874862326665,-70.71874862326665
2017.020056552887,-70.72187131220525,-70.72187131220525
2017.030056552887,-70.72499174502255,-70.72499174502255
2017.0400565528869,-70.72811003754323,-70.72811003754323
2017.0500565767288,-70.73122633397341,-70.73122633397341
2017.0600565767288,-70.73434076601747,-70.73434076601747
2017.0700565767288,-70.73745349087756,-70.73745349087756
2017.0800565767288,-70.74056465777568,-70.74056465777568
2017.0900565767288,-70.74367441336099,-70.74367441336099
2017.1000565767288,-70.74678290065911,-70.74678290065911
2017.1100565767288,-70.74989025869486,-70.74989025869486
2017.1200565767288,-70.75299662242764,-70.75299662242764
2017.1300565767287,-70.75610212290846,-70.75610212290846
2017.1400565767287,-70.7592068875358,-70.7592068875358
2017.1500565767287,-70.76231104034218,-70.76231104034218
2017.1600565767287,-70.7654147022862,-70.7654147022862
2017.1700565767287,-70.7685179915486,-70.7685179915486
2017.180056576729,-70.77162102378868,-70.77162102378868
2017.190056576729,-70.77472391238372,-70.77472391238372
2017.200056576729,-70.77782676862662,-70.77782676862662
2017.210056576729,-70.78092970191096,-70.78092970191096
2017.220056576729,-70.78403281988565,-70.78403281988565
2017.2300565767289,-70.78713622858294,-70.78713622858294
2017.2400565767289,-70.79024003252236,-70.79024003252236
2017.2500565767289,-70.7933443348229,-70.7933443348229
2017.2600565767289,-70.79644923724433,-70.79644923724433
2017.2700565767288,-70.79955484028864,-70.79955484028864
2017.2800565767288,-70.80266124323124,-70.80266124323124
2017.2900565767288,-70.80576854415,-70.80576854415
2017.3000565767288,-70.80887683999913,-70.80887683999913
2017.3100565767288,-70.8119862266018,-70.8119862266018
2017.3200565767288,-70.81509679867389,-70.81509679867389
2017.3300565767288,-70.81820864985582,-70.81820864985582
2017.3400565767288,-70.8213218727188,-70.8213218727188
2017.3500565767288,-70.8244365587604,-70.8244365587604
2017.3600565767288,-70.82755279843757,-70.82755279843757
2017.3700565767288,-70.83067068114147,-70.83067068114147
2017.3800565767287,-70.83379029521143,-70.83379029521143
2017.3900565767287,-70.83691172795017,-70.83691172795017
2017.4000565767287,-70.84003506559866,-70.84003506559866
2017.4100565767287,-70.84316039334789,-70.84316039334789
2017.4200565767287,-70.84628779534366,-70.84628779534366
2017.430056576729,-70.84941735466595,-70.84941735466595
2017.440056576729,-70.8525491533409,-70.8525491533409
2017.450056576729,-70.85568327233754,-70.85568327233754
2017.460056576729,-70.85881361584678,-70.85881361584678
2017.470056576729,-70.86193756005002,-70.86193756005002
2017.4800565767289,-70.86505386848977,-70.86505386848977
2017.4900565767289,-70.86816194641992,-70.86816194641992
2017.5000565767289,-70.87126155617204,-70.87126155617204
2017.5100565767289,-70.87435266933208,-70.87435266933208
2017.5200565767288,-70.87743537997305,-70.87743537997305
2017.5300565767288,-70.88050985263025,-70.88050985263025
2017.5400565767288,-70.88357629091252,-70.88357629091252
2017.5500565767288,-70.88663491868562,-70.88663491868562
2017.5600565767288,-70.8896859688974,-70.8896859688974
2017.5700565767288,-70.89272967697119,-70.89272967697119
2017.5800565767288,-70.8957662770429,-70.8957662770429
2017.5900565767288,-70.89879599989862,-70.89879599989862
2017.6000565767288,-70.90181907193912,-70.90181907193912
2017.6100565767288,-70.90483571479092,-70.90483571479092
2017.6200565767288,-70.90784614521581,-70.90784614521581
2017.6300565767287,-70.91085057530246,-70.91085057530246
2017.6400565767287,-70.91384921267004,-70.91384921267004
2017.6500565767287,-70.91684226077076,-70.91684226077076
2017.6600565767287,-70.91982991920301,-70.91982991920301
2017.6700565767287,-70.92281238396941,-70.92281238396941
2017.680056576729,-70.925789847745,-70.925789847745
2017.690056576729,-70.92876250010578,-70.92876250010578
2017.700056576729,-70.93173052774227,-70.93173052774227
2017.710056576729,-70.93469411464262,-70.93469411464262
2017.720056576729,-70.93765344222804,-70.93765344222804
2017.7300565767289,-70.94060868949535,-70.94060868949535
2017.7400565767289,-70.94356003312276,-70.94356003312276
2017.7500565767289,-70.94650764757701,-70.94650764757701
2017.7600565767289,-70.94945170516928,-70.94945170516928
2017.7700565767288,-70.95239237613653,-70.95239237613653
2017.7800565767288,-70.95532982868271,-70.95532982868271
2017.7900565767288,-70.95826422903721,-70.95826422903721
2017.8000565767288,-70.96119574149266,-70.96119574149266
2017.8100565767288,-70.96412452840866,-70.96412452840866
2017.8200565767288,-70.96705075027506,-70.96705075027506
2017.8300565767288,-70.96997456569936,-70.96997456569936
2017.8400565767288,-70.97289613144392,-70.97289613144392
2017.8500565767288,-70.97581560241929,-70.97581560241929
2017.8600565767288,-70.97873313172155,-70.97873313172155
2017.8700565767288,-70.98164887061345,-70.98164887061345
2017.8800565767287,-70.98456296854758,-70.98456296854758
2017.8900565767287,-70.98747557316584,-70.98747557316584
2017.9000566005707,-70.99038683724243,-70.99038683724243
2017.9100566005707,-70.99329689095521,-70.99329689095521
2017.9200566005707,-70.99620588347166,-70.99620588347166
2017.9300566005707,-70.99911395524296,-70.99911395524296
2017.9400566005706,-71.00202124494429,-71.00202124494429
2017.9500566005706,-71.00492788943946,-71.00492788943946
2017.9600566005706,-71.00783402382628,-71.00783402382628
2017.9700566005706,-71.01073978142004,-71.01073978142004
2017.9800566005706,-71.01364529375412,-71.01364529375412
2017.9900566005706,-71.01655069059498,-71.01655069059498
2018.0000566005706,-71.01945609994273,-71.01945609994273
2018.0100566005706,-71.02236164803331,-71.02236164803331
2018.0200566005706,-71.02526745934566,-71.02526745934566
2018.0300566005708,-71.02817365660586,-71.02817365660586
2018.0400566005708,-71.0310803607955,-71.0310803607955
2018.0500566005708,-71.03398769116225,-71.03398769116225
2018.0600566005708,-71.0368957652046,-71.0368957652046
2018.0700566005708,-71.03980469871146,-71.03980469871146
2018.0800566005707,-71.04271460574897,-71.04271460574897
2018.0900566005707,-71.04562559867509,-71.04562559867509
2018.1000566005707,-71.04853778814544,-71.04853778814544
2018.1100566005707,-71.0514512831243,-71.0514512831243
2018.1200566005707,-71.05436619089224,-71.05436619089224
2018.1300566005707,-71.05728261705875,-71.05728261705875
2018.1400566005707,-71.06020066557272,-71.06020066557272
2018.1500566005707,-71.06312043873308,-71.06312043873308
2018.1600566005707,-71.06604203718204,-71.06604203718204
2018.1700566005707,-71.06896555994975,-71.06896555994975
2018.1800566005707,-71.07189110443298,-71.07189110443298
2018.1900566005706,-71.07481876643045,-71.07481876643045
2018.2000566005706,-71.07774864014215,-71.07774864014215
2018.2100566005706,-71.08068081819367,-71.08068081819367
2018.2200566005706,-71.08361539163093,-71.08361539163093
2018.2300566005706,-71.086552449932,-71.086552449932
2018.2400566005706,-71.08949208106323,-71.08949208106323
2018.2500566005706,-71.09243437141666,-71.09243437141666
2018.2600566005706,-71.09537940590293,-71.09537940590293
2018.2700566005706,-71.09832726790597,-71.09832726790597
2018.2800566005708,-71.10127803933534,-71.10127803933534
2018.2900566005708,-71.10423180060428,-71.10423180060428
2018.3000566005708,-71.10718863067402,-71.10718863067402
2018.3100566005708,-71.11014860705399,-71.11014860705399
2018.3200566005708,-71.11311180581924,-71.11311180581924
2018.3300566005707,-71.11607830163237,-71.11607830163237
2018.3400566005707,-71.1190481677278,-71.1190481677278
2018.3500566005707,-71.12202147596592,-71.12202147596592
2018.3600566005707,-71.12499829682197,-71.12499829682197
2018.3700566005707,-71.12797869941072,-71.12797869941072
2018.3800566005707,-71.1309627515021,-71.1309627515021
2018.3900566005707,-71.13395051951818,-71.13395051951818
2018.4000566005707,-71.13694206857068,-71.13694206857068
2018.4100566005707,-71.13993746248637,-71.13993746248637
2018.4200566005707,-71.1429367637622,-71.1429367637622
2018.4300566005707,-71.14594003364292,-71.14594003364292
2018.4400566005706,-71.14894733210704,-71.14894733210704
2018.4500566005706,-71.1519587178935,-71.1519587178935
2018.4600566005706,-71.1549742484986,-71.1549742484986
2018.4700566005706,-71.15799398021595,-71.15799398021595
2018.4800566005706,-71.16101796812033,-71.16101796812033
2018.4900566005706,-71.16404626610505,-71.16404626610505
2018.5000566005706,-71.16707892688503,-71.16707892688503
2018.5100566005706,-71.17011600202717,-71.17011600202717
2018.5200566005706,-71.17315754194578,-71.17315754194578
2018.5300566005708,-71.17620359592142,-71.17620359592142
2018.5400566005708,-71.17925421211751,-71.17925421211751
2018.5500566005708,-71.18230943760733,-71.18230943760733
2018.5600566005708,-71.18536931835814,-71.18536931835814
2018.5700566005708,-71.18843389927129,-71.18843389927129
2018.5800566005707,-71.1915032241871,-71.1915032241871
2018.5900566005707,-71.1945773358934,-71.1945773358934
2018.6000566005707,-71.19765627614629,-71.19765627614629
2018.6100566005707,-71.2007400856919,-71.2007400856919
2018.6200566005707,-71.2038288042446,-71.2038288042446
2018.6300566005707,-71.20692247055828,-71.20692247055828
2018.6400566005707,-71.21002112238438,-71.21002112238438
2018.6500566005707,-71.21312479651542,-71.21312479651542
2018.6600566005707,-71.21623352878657,-71.21623352878657
2018.6700566005707,-71.21934735409617,-71.21934735409617
2018.6800566005707,-71.22246630640787,-71.22246630640787
2018.6900566005706,-71.22559041877376,-71.22559041877376
2018.7000566005706,-71.22871972335287,-71.22871972335287
2018.7100566005706,-71.23184804229105,-71.23184804229105
2018.7200566005706,-71.23497268796953,-71.23497268796953
2018.7300566005706,-71.23809236754497,-71.23809236754497
2018.7400566005706,-71.24120643345415,-71.24120643345415
2018.7500566244125,-71.2443146047147,-71.2443146047147
2018.7600566244125,-71.2474167887094,-71.2474167887094
2018.7700566244125,-71.25051303850962,-71.25051303850962
2018.7800566244125,-71.25360347087569,-71.25360347087569
2018.7900566244125,-71.25668824218894,-71.25668824218894
2018.8000566244125,-71.25976752955548,-71.25976752955548
2018.8100566244125,-71.26284151957996,-71.26284151957996
2018.8200566244125,-71.26591040172066,-71.26591040172066
2018.8300566244125,-71.26897436453353,-71.26897436453353
2018.8400566244125,-71.2720335935924,-71.2720335935924
2018.8500566244124,-71.27508827046654,-71.27508827046654
2018.8600566244124,-71.27813857233133,-71.27813857233133
2018.8700566244124,-71.28118467189155,-71.28118467189155
2018.8800566244126,-71.28422673753835,-71.28422673753835
2018.8900566244126,-71.28726493361744,-71.28726493361744
2018.9000566244126,-71.29029942070467,-71.29029942070467
2018.9100566244126,-71.29333035591672,-71.29333035591672
2018.9200566244126,-71.29635789318972,-71.29635789318972
2018.9300566244126,-71.29938218355181,-71.29938218355181
2018.9400566244126,-71.30240337534904,-71.30240337534904
2018.9500566244126,-71.30542161447822,-71.30542161447822
2018.9600566244126,-71.30843704453493,-71.30843704453493
2018.9700566244126,-71.31144980699796,-71.31144980699796
2018.9800566244126,-71.31446004134641,-71.31446004134641
2018.9900566244125,-71.3174678851825,-71.3174678851825
2019.0000566244125,-71.32047347431096,-71.32047347431096
2019.0100566244125,-71.32347694285323,-71.32347694285323
2019.0200566244125,-71.32647842325899,-71.32647842325899
2019.0300566244125,-71.32947804642306,-71.32947804642306
2019.0400566244125,-71.33247594168198,-71.33247594168198
2019.0500566244125,-71.33547223686962,-71.33547223686962
2019.0600566244125,-71.33846705835047,-71.33846705835047
2019.0700566244125,-71.3414605310419,-71.3414605310419
2019.0800566244125,-71.34445277843328,-71.34445277843328
2019.0900566244125,-71.34744392259186,-71.34744392259186
2019.1000566244124,-71.35043408419291,-71.35043408419291
2019.1100566244124,-71.35342338250507,-71.35342338250507
2019.1200566244124,-71.35641193543188,-71.35641193543188
2019.1300566244126,-71.3593998594772,-71.3593998594772
2019.1400566244126,-71.36238726978985,-71.36238726978985
2019.1500566244126,-71.36537428012926,-71.36537428012926
2019.1600566244126,-71.36836100289712,-71.36836100289712
2019.1700566244126,-71.37134754912081,-71.37134754912081
2019.1800566244126,-71.37433402846497,-71.37433402846497
2019.1900566244126,-71.37732054921973,-71.37732054921973
2019.2000566244126,-71.38030721831055,-71.38030721831055
2019.2100566244126,-71.38328791908349,-71.38328791908349
2019.2200566244126,-71.38626003199278,-71.38626003199278
2019.2300566244126,-71.38922233473969,-71.38922233473969
2019.2400566244125,-71.39217425113593,-71.39217425113593
2019.2500566244125,-71.39511556442567,-71.39511556442567
2019.2600566244125,-71.3980462683603,-71.3980462683603
2019.2700566244125,-71.40096647988254,-71.40096647988254
2019.2800566244125,-71.4038763866856,-71.4038763866856
2019.2900566244125,-71.40677621563725,-71.40677621563725
2019.3000566244125,-71.40966621384915,-71.40966621384915
2019.3100566244125,-71.41254663739117,-71.41254663739117
2019.3200566244125,-71.41541774466305,-71.41541774466305
2019.3300566244125,-71.41827979259114,-71.41827979259114
2019.3400566244125,-71.42113303455852,-71.42113303455852
2019.3500566244124,-71.42397771935431,-71.42397771935431
2019.3600566244124,-71.42681409077909,-71.42681409077909
2019.3700566244124,-71.42964238756673,-71.42964238756673
2019.3800566244126,-71.43246284354531,-71.43246284354531
2019.3900566244126,-71.43527568787088,-71.43527568787088
2019.4000566244126,-71.43808114532034,-71.43808114532034
2019.4100566244126,-71.44087943658879,-71.44087943658879
2019.4200566244126,-71.44367077856975,-71.44367077856975
2019.4300566244126,-71.44645538462397,-71.44645538462397
2019.4400566244126,-71.4492334647998,-71.4492334647998
2019.4500566244126,-71.45200522605285,-71.45200522605285
2019.4600566244126,-71.45477087242165,-71.45477087242165
2019.4700566244126,-71.45753060518449,-71.45753060518449
2019.4800566244126,-71.46028462298541,-71.46028462298541
2019.4900566244125,-71.46303312194028,-71.46303312194028
2019.5000566244125,-71.4657762957608,-71.4657762957608
2019.5100566244125,-71.46851433579268,-71.46851433579268
2019.5200566244125,-71.47124743111422,-71.47124743111422
2019.5300566244125,-71.47397576858148,-71.47397576858148
2019.5400566244125,-71.4766995328716,-71.4766995328716
2019.5500566244125,-71.47941890652247,-71.47941890652247
2019.5600566244125,-71.48213406996446,-71.48213406996446
2019.5700566244125,-71.48484520155064,-71.48484520155064
2019.5800566244125,-71.48755247757137,-71.48755247757137
2019.5900566244125,-71.49025607227267,-71.49025607227267
2019.6000566482544,-71.49295616430645,-71.49295616430645
2019.6100566482544,-71.49565291101027,-71.49565291101027
2019.6200566482544,-71.49834648702618,-71.49834648702618
2019.6300566482544,-71.50103705855265,-71.50103705855265
2019.6400566482544,-71.50372478980769,-71.50372478980769
2019.6500566482543,-71.50640984301928,-71.50640984301928
2019.6600566482543,-71.50909237844616,-71.50909237844616
2019.6700566482543,-71.51177255437005,-71.51177255437005
2019.6800566482543,-71.51445052710486,-71.51445052710486
2019.6900566482543,-71.51712645100966,-71.51712645100966
2019.7000566482543,-71.51980047847502,-71.51980047847502
2019.7100566482543,-71.5224727599446,-71.5224727599446
2019.7200566482543,-71.52514344391848,-71.52514344391848
2019.7300566482545,-71.52781267694924,-71.52781267694924
2019.7400566482545,-71.53048060365025,-71.53048060365025
2019.7500566482545,-71.53314736671578,-71.53314736671578
2019.7600566482545,-71.53581310691092,-71.53581310691092
2019.7700566482545,-71.53847796308486,-71.53847796308486
2019.7800566482545,-71.54114207217253,-71.54114207217253
2019.7900566482544,-71.54380556920682,-71.54380556920682
2019.8000566482544,-71.54646858732995,-71.54646858732995
2019.8100566482544,-71.54913125779609,-71.54913125779609
2019.8200566482544,-71.55179370998313,-71.55179370998313
2019.8300566482544,-71.55445607140233,-71.55445607140233
2019.8400566482544,-71.55711846771234,-71.55711846771234
2019.8500566482544,-71.55978102270772,-71.55978102270772
2019.8600566482544,-71.56244385836425,-71.56244385836425
2019.8700566482544,-71.56510709481277,-71.56510709481277
2019.8800566482544,-71.56777085038084,-71.56777085038084
2019.8900566482544,-71.57043524159764,-71.57043524159764
2019.9000566482543,-71.57310038318688,-71.57310038318688
2019.9100566482543,-71.5757663881059,-71.5757663881059
2019.9200566482543,-71.57843336753383,-71.57843336753383
2019.9300566482543,-71.58110143089903,-71.58110143089903
2019.9400566482543,-71.5837706859049,-71.5837706859049
2019.9500566482543,-71.5864412385026,-71.5864412385026
2019.9600566482543,-71.58911319294798,-71.58911319294798
2019.9700566482543,-71.59178665178297,-71.59178665178297
2019.9800566482545,-71.59446171588418,-71.59446171588418
2019.9900566482545,-71.59713848443431,-71.59713848443431
2020.0000566482545,-71.59981705498353,-71.59981705498353
2020.0100566482545,-71.60249752342162,-71.60249752342162
2020.0200566482545,-71.60517998401322,-71.60517998401322
2020.0300566482545,-71.60786452942291,-71.60786452942291
2020.0400566482544,-71.61055125070776,-71.61055125070776
2020.0500566482544,-71.6132402373532,-71.6132402373532
2020.0600566482544,-71.61593157727367,-71.61593157727367
2020.0700566482544,-71.61862535682155,-71.61862535682155
2020.0800566482544,-71.62132166083053,-71.62132166083053
2020.0900566482544,-71.62402057261453,-71.62402057261453
2020.1000566482544,-71.6267221739754,-71.6267221739754
2020.1100566482544,-71.62942654523346,-71.62942654523346
2020.1200566482544,-71.63213376523208,-71.63213376523208
2020.1300566482544,-71.63484391136346,-71.63484391136346
2020.1400566482544,-71.63755705957549,-71.63755705957549
2020.1500566482543,-71.64027328438975,-71.64027328438975
2020.1600566482543,-71.64299265892573,-71.64299265892573
2020.1700566482543,-71.6457152549032,-71.6457152549032
2020.1800566482543,-71.64844114267707,-71.64844114267707
2020.1900566482543,-71.6511703912189,-71.6511703912189
2020.2000566482543,-71.65390306816984,-71.65390306816984
2020.2100566482543,-71.65663299385409,-71.65663299385409
2020.2200566482543,-71.65935749917291,-71.65935749917291
2020.2300566482545,-71.66207531766624,-71.66207531766624
2020.2400566482545,-71.6647858315268,-71.6647858315268
2020.2500566482545,-71.66748878381921,-71.66748878381921
2020.2600566482545,-71.67018412902767,-71.67018412902767
2020.2700566482545,-71.67287194539257,-71.67287194539257
2020.2800566482545,-71.67555238230798,-71.67555238230798
2020.2900566482544,-71.67822562860921,-71.67822562860921
2020.3000566482544,-71.68089189359958,-71.68089189359958
2020.3100566482544,-71.6835513957582,-71.6835513957582
2020.3200566482544,-71.68620435606009,-71.68620435606009
2020.3300566482544,-71.68885099418826,-71.68885099418826
2020.3400566482544,-71.69149152646872,-71.69149152646872
2020.3500566482544,-71.69412616482383,-71.69412616482383
2020.3600566482544,-71.69675511638643,-71.69675511638643
2020.3700566482544,-71.69937858342995,-71.69937858342995
2020.3800566482544,-71.70199676352358,-71.70199676352358
2020.3900566482544,-71.70460984981267,-71.70460984981267
2020.4000566482543,-71.70721803128545,-71.70721803128545
2020.4100566482543,-71.70982149309977,-71.70982149309977
2020.4200566482543,-71.71242041686625,-71.71242041686625
2020.4300566482543,-71.71501498089776,-71.71501498089776
2020.4400566482543,-71.7176053604942,-71.7176053604942
2020.4500566720963,-71.72019173428167,-71.72019173428167
2020.4600566720962,-71.72276800828239,-71.72276800828239
2020.4700566720962,-71.72533161978748,-71.72533161978748
2020.4800566720962,-71.72788140282836,-71.72788140282836
2020.4900566720962,-71.73041683973422,-71.73041683973422
2020.5000566720962,-71.73293777322164,-71.73293777322164
2020.5100566720962,-71.73544425683475,-71.73544425683475
2020.5200566720962,-71.73793646728146,-71.73793646728146
2020.5300566720962,-71.74041465180785,-71.74041465180785
2020.5400566720962,-71.74287909651578,-71.74287909651578
2020.5500566720962,-71.74533010738658,-71.74533010738658
2020.5600566720962,-71.74776799896499,-71.74776799896499
2020.5700566720961,-71.75019308773544,-71.75019308773544
2020.5800566720964,-71.75260568830207,-71.75260568830207
2020.5900566720964,-71.75500611133394,-71.75500611133394
2020.6000566720963,-71.7573946625303,-71.7573946625303
2020.6100566720963,-71.75977164219522,-71.75977164219522
2020.6200566720963,-71.76213734519078,-71.76213734519078
2020.6300566720963,-71.76449206110024,-71.76449206110024
2020.6400566720963,-71.76683607446648,-71.76683607446648
2020.6500566720963,-71.76916966506008,-71.76916966506008
2020.6600566720963,-71.77149310820289,-71.77149310820289
2020.6700566720963,-71.77380667502912,-71.77380667502912
2020.6800566720963,-71.77611063275508,-71.77611063275508
2020.6900566720963,-71.77840524491599,-71.77840524491599
2020.7000566720963,-71.78069077154882,-71.78069077154882
2020.7100566720962,-71.78296746939085,-71.78296746939085
2020.7200566720962,-71.78523559200563,-71.78523559200563
2020.7300566720962,-71.78749538993455,-71.78749538993455
2020.7400566720962,-71.78974711077451,-71.78974711077451
2020.7500566720962,-71.79199099931311,-71.79199099931311
2020.7600566720962,-71.79422729755144,-71.79422729755144
2020.7700566720962,-71.79645624480571,-71.79645624480571
2020.7800566720962,-71.7986780777365,-71.7986780777365
2020.7900566720962,-71.80089303039563,-71.80089303039563
2020.8000566720962,-71.80310133426403,-71.80310133426403
2020.8100566720962,-71.80530321827526,-71.80530321827526
2020.8200566720961,-71.80749890883996,-71.80749890883996
2020.8300566720964,-71.80968862985492,-71.80968862985492
2020.8400566720964,-71.81187260273512,-71.81187260273512
2020.8500566720963,-71.81405104640623,-71.81405104640623
2020.8600566720963,-71.81622417732984,-71.81622417732984
2020.8700566720963,-71.81839220950198,-71.81839220950198
2020.8800566720963,-71.82055535446216,-71.82055535446216
2020.8900566720963,-71.82271382128884,-71.82271382128884
2020.9000566720963,-71.82486781662527,-71.82486781662527
2020.9100566720963,-71.82701754467094,-71.82701754467094
2020.9200566720963,-71.8291632071719,-71.8291632071719
2020.9300566720963,-71.83130500345459,-71.83130500345459
2020.9400566720963,-71.83344313040445,-71.83344313040445
2020.9500566720963,-71.83557778248986,-71.83557778248986
2020.9600566720962,-71.8377028914039,-71.8377028914039
2020.9700566720962,-71.83981590741956,-71.83981590741956
2020.9800566720962,-71.84191568585724,-71.84191568585724
2020.9900566720962,-71.84400173117528,-71.84400173117528
2021.0000566720962,-71.84607390847754,-71.84607390847754
2021.0100566720962,-71.84813229363662,-71.84813229363662
2021.0200566720962,-71.85017708543566,-71.85017708543566
2021.0300566720962,-71.85220855280707,-71.85220855280707
2021.0400566720962,-71.854227003044,-71.854227003044
2021.0500566720962,-71.85623276277619,-71.85623276277619
2021.0600566720962,-71.85822616660855,-71.85822616660855
2021.0700566720961,-71.86020755046383,-71.86020755046383
2021.0800566720964,-71.86217724776542,-71.86217724776542
2021.0900566720964,-71.86413558734823,-71.86413558734823
2021.1000566720963,-71.86608289243098,-71.86608289243098
2021.1100566720963,-71.86801948021439,-71.86801948021439
2021.1200566720963,-71.86994566180864,-71.86994566180864
2021.1300566720963,-71.87186174240621,-71.87186174240621
2021.1400566720963,-71.87376802153982,-71.87376802153982
2021.1500566720963,-71.87566479337804,-71.87566479337804
2021.1600566720963,-71.87755234702334,-71.87755234702334
2021.1700566720963,-71.87943096680866,-71.87943096680866
2021.1800566720963,-71.88130093258036,-71.88130093258036
2021.1900566720963,-71.88316251994068,-71.88316251994068
2021.2000566720963,-71.88501600045883,-71.88501600045883
2021.2100566720962,-71.88686164186481,-71.88686164186481
2021.2200566720962,-71.88869970820097,-71.88869970820097
2021.2300566720962,-71.8905304599896,-71.8905304599896
2021.2400566720962,-71.89235415433873,-71.89235415433873
2021.2500566720962,-71.89417104504162,-71.89417104504162
2021.2600566720962,-71.89598138268994,-71.89598138268994
2021.2700566720962,-71.89778541471269,-71.89778541471269
2021.2800566720962,-71.89958338548266,-71.89958338548266
2021.2900566720962,-71.9013755363359,-71.9013755363359
2021.300056695938,-71.90316210988989,-71.90316210988989
2021.310056695938,-71.90494333306931,-71.90494333306931
2021.320056695938,-71.90671944267619,-71.90671944267619
2021.330056695938,-71.90849066838355,-71.90849066838355
2021.340056695938,-71.91025723702703,-71.91025723702703
2021.350056695938,-71.91201937261883,-71.91201937261883
2021.360056695938,-71.91377729639028,-71.91377729639028
2021.370056695938,-71.91553122677436,-71.91553122677436
2021.380056695938,-71.91728137946932,-71.91728137946932
2021.390056695938,-71.9190279674187,-71.9190279674187
2021.400056695938,-71.9207712008453,-71.9207712008453
2021.410056695938,-71.92251128726227,-71.92251128726227
2021.420056695938,-71.9242484314748,-71.9242484314748
2021.4300566959382,-71.92598283561334,-71.92598283561334
2021.4400566959382,-71.9277146991435,-71.9277146991435
2021.4500566959382,-71.92944421885569,-71.92944421885569
2021.4600566959382,-71.93116532145898,-71.93116532145898
2021.4700566959382,-71.93287545679888,-71.93287545679888
2021.4800566959382,-71.934573481419,-71.934573481419
2021.4900566959382,-71.93625890164279,-71.93625890164279
2021.5000566959382,-71.93793158467572,-71.93793158467572
2021.5100566959381,-71.93959160855785,-71.93959160855785
2021.5200566959381,-71.94123917419219,-71.94123917419219
2021.5300566959381,-71.94287455248451,-71.94287455248451
2021.5400566959381,-71.94449805254347,-71.94449805254347
2021.550056695938,-71.94611000261833,-71.94611000261833
2021.560056695938,-71.9477107387429,-71.9477107387429
2021.570056695938,-71.94930059807119,-71.94930059807119
2021.580056695938,-71.95087991504657,-71.95087991504657
2021.590056695938,-71.95244901935615,-71.95244901935615
2021.600056695938,-71.954008234878,-71.954008234878
2021.610056695938,-71.95555787929109,-71.95555787929109
2021.620056695938,-71.95709826403186,-71.95709826403186
2021.630056695938,-71.95862969445409,-71.95862969445409
2021.640056695938,-71.96015247010705,-71.96015247010705
2021.650056695938,-71.96166688501536,-71.96166688501536
2021.660056695938,-71.96317322801113,-71.96317322801113
2021.670056695938,-71.96467178304384,-71.96467178304384
2021.6800566959382,-71.96616282943299,-71.96616282943299
2021.6900566959382,-71.96764664214048,-71.96764664214048
2021.7000566959382,-71.96912349199573,-71.96912349199573
2021.7100566959382,-71.97059364587102,-71.97059364587102
2021.7200566959382,-71.97205736686884,-71.97205736686884
2021.7300566959382,-71.97351491446433,-71.97351491446433
2021.7400566959382,-71.97496654462458,-71.97496654462458
2021.7500566959382,-71.97641250993445,-71.97641250993445
2021.7600566959381,-71.97785305967163,-71.97785305967163
2021.7700566959381,-71.97928843989993,-71.97928843989993
2021.7800566959381,-71.9807188935331,-71.9807188935331
2021.7900566959381,-71.98214466039613,-71.98214466039613
2021.800056695938,-71.98356597726607,-71.98356597726607
2021.810056695938,-71.98498307792613,-71.98498307792613
2021.820056695938,-71.98639619320961,-71.98639619320961
2021.830056695938,-71.98780555102712,-71.98780555102712
2021.840056695938,-71.98921137638281,-71.98921137638281
2021.850056695938,-71.99061389143043,-71.99061389143043
2021.860056695938,-71.9920133154661,-71.9920133154661
2021.870056695938,-71.99340986497579,-71.99340986497579
2021.880056695938,-71.99480375362312,-71.99480375362312
2021.890056695938,-71.9961951923215,-71.9961951923215
2021.900056695938,-71.99758438919413,-71.99758438919413
2021.910056695938,-71.99897154962153,-71.99897154962153
2021.920056695938,-72.00035687624768,-72.00035687624768
2021.9300566959382,-72.00174056900822,-72.00174056900822
2021.9400566959382,-72.00312282513163,-72.00312282513163
2021.9500566959382,-72.00450383915619,-72.00450383915619
2021.9600566959382,-72.00588380295402,-72.00588380295402
2021.9700566959382,-72.0072629057394,-72.0072629057394
2021.9800566959382,-72.00864133408862,-72.00864133408862
2021.9900566959382,-72.01001927194937,-72.01001927194937
2022.0000566959382,-72.01139690067151,-72.01139690067151
2022.0100566959381,-72.01277439898742,-72.01277439898742
2022.0200566959381,-72.01415194307235,-72.01415194307235
2022.0300566959381,-72.01552970653628,-72.01552970653628
2022.0400566959381,-72.0169078604431,-72.0169078604431
2022.050056695938,-72.01828657333535,-72.01828657333535
2022.060056695938,-72.01966601124279,-72.01966601124279
2022.070056695938,-72.02104633770827,-72.02104633770827
2022.080056695938,-72.02242771379487,-72.02242771379487
2022.090056695938,-72.0238102981268,-72.0238102981268
2022.100056695938,-72.02519424687569,-72.02519424687569
2022.110056695938,-72.02657971380111,-72.02657971380111
2022.120056695938,-72.0279668502775,-72.0279668502775
2022.130056695938,-72.02935580529059,-72.02935580529059
2022.140056695938,-72.03074672546212,-72.03074672546212
2022.15005671978,-72.03213975841823,-72.03213975841823
2022.16005671978,-72.03353503951088,-72.03353503951088
2022.17005671978,-72.0349327117118,-72.0349327117118
2022.18005671978,-72.03633291243437,-72.03633291243437
2022.19005671978,-72.03773577683387,-72.03773577683387
2022.20005671978,-72.03914143781579,-72.03914143781579
2022.21005671978,-72.04055002609137,-72.04055002609137
2022.22005671978,-72.04196167016418,-72.04196167016418
2022.23005671978,-72.04337649638879,-72.04337649638879
2022.24005671978,-72.04479462894832,-72.04479462894832
2022.2500567197799,-72.04621618990558,-72.04621618990558
2022.2600567197799,-72.04764129923065,-72.04764129923065
2022.2700567197799,-72.04907007480227,-72.04907007480227
2022.28005671978,-72.05050263242805,-72.05050263242805
2022.29005671978,-72.05193908589041,-72.05193908589041
2022.30005671978,-72.05337954695435,-72.05337954695435
2022.31005671978,-72.05482412537356,-72.05482412537356
2022.32005671978,-72.05627292894407,-72.05627292894407
2022.33005671978,-72.05772606349632,-72.05772606349632
2022.34005671978,-72.05918363294688,-72.05918363294688
2022.35005671978,-72.06064573929028,-72.06064573929028
2022.36005671978,-72.06211248263939,-72.06211248263939
2022.37005671978,-72.06358396124205,-72.06358396124205
2022.38005671978,-72.06506027150209,-72.06506027150209
2022.39005671978,-72.06654150799412,-72.06654150799412
2022.40005671978,-72.06802776350777,-72.06802776350777
2022.41005671978,-72.06951912905365,-72.06951912905365
2022.42005671978,-72.07101569387561,-72.07101569387561
2022.43005671978,-72.07251754547828,-72.07251754547828
2022.44005671978,-72.07402476966587,-72.07402476966587
2022.45005671978,-72.07553745053885,-72.07553745053885
2022.46005671978,-72.07705567053142,-72.07705567053142
2022.47005671978,-72.07857951042021,-72.07857951042021
2022.48005671978,-72.08010904935252,-72.08010904935252
2022.49005671978,-72.08164436486184,-72.08164436486184
2022.5000567197799,-72.08318553290306,-72.08318553290306
2022.5100567197799,-72.08473262785142,-72.08473262785142
2022.5200567197799,-72.08628572253009,-72.08628572253009
2022.53005671978,-72.08784488824325,-72.08784488824325
2022.54005671978,-72.08941019477624,-72.08941019477624
2022.55005671978,-72.09098171042882,-72.09098171042882
2022.56005671978,-72.09255950202878,-72.09255950202878
2022.57005671978,-72.09414363495539,-72.09414363495539
2022.58005671978,-72.09573417315173,-72.09573417315173
2022.59005671978,-72.09733117915798,-72.09733117915798
2022.60005671978,-72.09893471410012,-72.09893471410012
2022.61005671978,-72.10054483774235,-72.10054483774235
2022.62005671978,-72.10216160849633,-72.10216160849633
2022.63005671978,-72.10378508343223,-72.10378508343223
2022.64005671978,-72.10541531829803,-72.10541531829803
2022.65005671978,-72.10705236753314,-72.10705236753314
2022.66005671978,-72.1086962843066,-72.1086962843066
2022.67005671978,-72.11034712051374,-72.11034712051374
2022.68005671978,-72.1120049267955,-72.1120049267955
2022.69005671978,-72.11366975257239,-72.11366975257239
2022.70005671978,-72.11534164604203,-72.11534164604203
2022.71005671978,-72.11701437016528,-72.11701437016528
2022.72005671978,-72.11868522189344,-72.11868522189344
2022.73005671978,-72.12035291006453,-72.12035291006453
2022.74005671978,-72.12201679646135,-72.12201679646135
2022.7500567197799,-72.1236766061484,-72.1236766061484
2022.7600567197799,-72.12533227701118,-72.12533227701118
2022.7700567197799,-72.12698387153226,-72.12698387153226
2022.78005671978,-72.12863152377204,-72.12863152377204
2022.79005671978,-72.13027540751347,-72.13027540751347
2022.80005671978,-72.13191571710541,-72.13191571710541
2022.81005671978,-72.13355265611527,-72.13355265611527
2022.82005671978,-72.13518643061518,-72.13518643061518
2022.83005671978,-72.13681724537213,-72.13681724537213
2022.84005671978,-72.1384453017687,-72.1384453017687
2022.85005671978,-72.14007079676584,-72.14007079676584
2022.86005671978,-72.14169392250955,-72.14169392250955
2022.87005671978,-72.1433148662962,-72.1433148662962
2022.88005671978,-72.1449338107195,-72.1449338107195
2022.89005671978,-72.14655093394694,-72.14655093394694
2022.90005671978,-72.1481664100213,-72.1481664100213
2022.91005671978,-72.14978040916736,-72.14978040916736
2022.92005671978,-72.15139309810355,-72.15139309810355
2022.93005671978,-72.15300464031525,-72.15300464031525
2022.94005671978,-72.15461519628307,-72.15461519628307
2022.95005671978,-72.15622492373289,-72.15622492373289
2022.96005671978,-72.15782769028543,-72.15782769028543
2022.97005671978,-72.15942089839113,-72.15942089839113
2022.98005671978,-72.16100336208503,-72.16100336208503
2022.99005671978,-72.16257454775062,-72.16257454775062
2023.0000567436218,-72.16413428806376,-72.16413428806376
2023.0100567436218,-72.16568261664956,-72.16568261664956
2023.0200567436218,-72.16721970224502,-72.16721970224502
2023.0300567436218,-72.16874578074864,-72.16874578074864
2023.0400567436218,-72.17026112710339,-72.17026112710339
2023.0500567436218,-72.17176603617973,-72.17176603617973
2023.0600567436218,-72.17326081143018,-72.17326081143018
2023.0700567436218,-72.17474575819087,-72.17474575819087
2023.0800567436218,-72.17622117986953,-72.17622117986953
2023.0900567436217,-72.1776873758692,-72.1776873758692
2023.1000567436217,-72.17914464056582,-72.17914464056582
2023.1100567436217,-72.18059326288723,-72.18059326288723
2023.1200567436217,-72.18203352627944,-72.18203352627944
2023.130056743622,-72.18346570885475,-72.18346570885475
2023.140056743622,-72.18489008366282,-72.18489008366282
2023.150056743622,-72.18630691896293,-72.18630691896293
2023.160056743622,-72.18771647855691,-72.18771647855691
2023.170056743622,-72.18911902204852,-72.18911902204852
2023.180056743622,-72.19051480513419,-72.19051480513419
2023.1900567436219,-72.1919040798184,-72.1919040798184
2023.2000567436219,-72.1932870946356,-72.1932870946356
2023.2100567436219,-72.19466409483901,-72.19466409483901
2023.2200567436219,-72.19603532252785,-72.19603532252785
2023.2300567436218,-72.19740101680988,-72.19740101680988
2023.2400567436218,-72.19876141388673,-72.19876141388673
2023.2500567436218,-72.20011674716281,-72.20011674716281
2023.2600567436218,-72.20146724731232,-72.20146724731232
2023.2700567436218,-72.20281314236509,-72.20281314236509
2023.2800567436218,-72.20415465772878,-72.20415465772878
2023.2900567436218,-72.20549201624802,-72.20549201624802
2023.3000567436218,-72.20682543824812,-72.20682543824812
2023.3100567436218,-72.20815514155012,-72.20815514155012
2023.3200567436218,-72.20948134149931,-72.20948134149931
2023.3300567436218,-72.21080425098155,-72.21080425098155
2023.3400567436217,-72.21212408044495,-72.21212408044495
2023.3500567436217,-72.21344103791634,-72.21344103791634
2023.3600567436217,-72.21475532899585,-72.21475532899585
2023.3700567436217,-72.21606715687889,-72.21606715687889
2023.380056743622,-72.21737672234808,-72.21737672234808
2023.390056743622,-72.21868422379599,-72.21868422379599
2023.400056743622,-72.21998985722738,-72.21998985722738
2023.410056743622,-72.22129381625547,-72.22129381625547
2023.420056743622,-72.22259629211028,-72.22259629211028
2023.430056743622,-72.22389747363974,-72.22389747363974
2023.4400567436219,-72.22519754732053,-72.22519754732053
2023.4500567436219,-72.22649669726736,-72.22649669726736
2023.4600567436219,-72.22779510521157,-72.22779510521157
2023.4700567436219,-72.22909295053708,-72.22909295053708
2023.4800567436218,-72.23039041027016,-72.23039041027016
2023.4900567436218,-72.23168765909398,-72.23168765909398
2023.5000567436218,-72.23298486934563,-72.23298486934563
2023.5100567436218,-72.23428221102152,-72.23428221102152
2023.5200567436218,-72.23557985181071,-72.23557985181071
2023.5300567436218,-72.23687795705818,-72.23687795705818
2023.5400567436218,-72.23817668981987,-72.23817668981987
2023.5500567436218,-72.23947621085016,-72.23947621085016
2023.5600567436218,-72.24077667859504,-72.24077667859504
2023.5700567436218,-72.24207824923658,-72.24207824923658
2023.5800567436218,-72.24338107669,-72.24338107669
2023.5900567436217,-72.24468531260405,-72.24468531260405
2023.6000567436217,-72.24599110639254,-72.24599110639254
2023.6100567436217,-72.24729860523327,-72.24729860523327
2023.6200567436217,-72.2486079540818,-72.2486079540818
2023.630056743622,-72.24991929568044,-72.24991929568044
2023.640056743622,-72.25123277060752,-72.25123277060752
2023.650056743622,-72.25254851724092,-72.25254851724092
2023.660056743622,-72.25386667181043,-72.25386667181043
2023.670056743622,-72.25518736839203,-72.25518736839203
2023.680056743622,-72.25651073893206,-72.25651073893206
2023.6900567436219,-72.25783691326846,-72.25783691326846
2023.7000567436219,-72.25916601913775,-72.25916601913775
2023.7100567436219,-72.26049818219326,-72.26049818219326
2023.7200567436219,-72.26183352602078,-72.26183352602078
2023.7300567436218,-72.2631721721616,-72.2631721721616
2023.7400567436218,-72.26451424013712,-72.26451424013712
2023.7500567436218,-72.26585984744987,-72.26585984744987
2023.7600567436218,-72.26720910960542,-72.26720910960542
2023.7700567436218,-72.26856214014478,-72.26856214014478
2023.7800567436218,-72.26991905063714,-72.26991905063714
2023.7900567436218,-72.27127995071993,-72.27127995071993
2023.8000567436218,-72.27264494810811,-72.27264494810811
2023.8100567436218,-72.27401414862251,-72.27401414862251
2023.8200567436218,-72.27538765620422,-72.27538765620422
2023.8300567436218,-72.27676557291507,-72.27676557291507
2023.8400567436217,-72.27814799898385,-72.27814799898385
2023.8500567674637,-72.27953503611828,-72.27953503611828
2023.8600567674637,-72.28092677432416,-72.28092677432416
2023.8700567674637,-72.28232331168738,-72.28232331168738
2023.8800567674637,-72.28372474125617,-72.28372474125617
2023.8900567674636,-72.28513115432871,-72.28513115432871
2023.9000567674636,-72.28654264046565,-72.28654264046565
2023.9100567674636,-72.28795928751786,-72.28795928751786
2023.9200567674636,-72.28938118165676,-72.28938118165676
2023.9300567674636,-72.29080840737835,-72.29080840737835
2023.9400567674636,-72.29224104752016,-72.29224104752016
2023.9500567674636,-72.2936791833023,-72.2936791833023
2023.9600567674636,-72.29512289430998,-72.29512289430998
2023.9700567674636,-72.29657225854999,-72.29657225854999
2023.9800567674638,-72.29802735245491,-72.29802735245491
2023.9900567674638,-72.29948825089281,-72.29948825089281
2024.0000567674638,-72.30095502719875,-72.30095502719875
2024.0100567674638,-72.30242775318521,-72.30242775318521
2024.0200567674638,-72.30390649917469,-72.30390649917469
2024.0300567674637,-72.30539133400204,-72.30539133400204
2024.0400567674637,-72.30688232504177,-72.30688232504177
2024.0500567674637,-72.30837953821639,-72.30837953821639
2024.0600567674637,-72.30988303803089,-72.30988303803089
2024.0700567674637,-72.31139288758861,-72.31139288758861
2024.0800567674637,-72.31290914858602,-72.31290914858602
2024.0900567674637,-72.3144318813613,-72.3144318813613
2024.1000567674637,-72.31596114489508,-72.31596114489508
2024.1100567674637,-72.3174969968321,-72.3174969968321
2024.1200567674637,-72.31903949349491,-72.31903949349491
2024.1300567674637,-72.32058868991238,-72.32058868991238
2024.1400567674636,-72.32214463982909,-72.32214463982909
2024.1500567674636,-72.32370739571545,-72.32370739571545
2024.1600567674636,-72.32527700879675,-72.32527700879675
2024.1700567674636,-72.32682028293304,-72.32682028293304
2024.1800567674636,-72.328328069024,-72.328328069024
2024.1900567674636,-72.32979510632872,-72.32979510632872
2024.2000567674636,-72.33121681105848,-72.33121681105848
2024.2100567674636,-72.33258266265744,-72.33258266265744
2024.2200567674636,-72.33388608662213,-72.33388608662213
2024.2300567674638,-72.33512236393496,-72.33512236393496
2024.2400567674638,-72.33628788005164,-72.33628788005164
2024.2500567674638,-72.33737982251428,-72.33737982251428
2024.2600567674638,-72.33839600442252,-72.33839600442252
2024.2700567674638,-72.3393347428766,-72.3393347428766
2024.2800567674637,-72.3401947698163,-72.3401947698163
2024.2900567674637,-72.34097516393109,-72.34097516393109
2024.3000567674637,-72.34167529694808,-72.34167529694808
2024.3100567674637,-72.34229479025176,-72.34229479025176
2024.3200567674637,-72.34283347908328,-72.34283347908328
2024.3300567674637,-72.3432913826649,-72.3432913826649
2024.3400567674637,-72.34366867895108,-72.34366867895108
2024.3500567674637,-72.34396568311762,-72.34396568311762
2024.3600567674637,-72.34418282917251,-72.34418282917251
2024.3700567674637,-72.3443206540731,-72.3443206540731
2024.3800567674637,-72.3443797840065,-72.3443797840065
2024.3900567674636,-72.34436092248467,-72.34436092248467
2024.4000567674636,-72.34426483995601,-72.34426483995601
2024.4100567674636,-72.34409236473344,-72.34409236473344
2024.4200567674636,-72.34384437506174,-72.34384437506174
2024.4300567674636,-72.34352179211406,-72.34352179211406
2024.4400567674636,-72.34312557388859,-72.34312557388859
2024.4500567674636,-72.34265670975401,-72.34265670975401
2024.4600567674636,-72.34210991213617,-72.34210991213617
2024.4700567674636,-72.34148346240535,-72.34148346240535
2024.4800567674638,-72.34077707856073,-72.34077707856073
2024.4900567674638,-72.3399911505609,-72.3399911505609
2024.5000567674638,-72.33912644669394,-72.33912644669394
2024.5100567674638,-72.338183959943,-72.338183959943
2024.5200567674638,-72.33716481705255,-72.33716481705255
2024.5300567674637,-72.33607022320028,-72.33607022320028
2024.5400567674637,-72.33490142808289,-72.33490142808289
2024.5500567674637,-72.33365970501876,-72.33365970501876
2024.5600567674637,-72.33234633801536,-72.33234633801536
2024.5700567674637,-72.33096261367673,-72.33096261367673
2024.5800567674637,-72.32950981616807,-72.32950981616807
2024.5900567674637,-72.32798922405064,-72.32798922405064
2024.6000567674637,-72.32640210824692,-72.32640210824692
2024.6100567674637,-72.32474973080966,-72.32474973080966
2024.6200567674637,-72.32303334409019,-72.32303334409019
2024.6300567674637,-72.32125419021331,-72.32125419021331
2024.6400567674636,-72.3194135007386,-72.3194135007386
2024.6500567674636,-72.31751249640784,-72.31751249640784
2024.6600567674636,-72.31555238697936,-72.31555238697936
2024.6700567674636,-72.313534371096,-72.313534371096
2024.6800567674636,-72.3114596361718,-72.3114596361718
2024.6900567674636,-72.30932935833093,-72.30932935833093
2024.7000567913055,-72.30714469707233,-72.30714469707233
2024.7100567913055,-72.30490051682962,-72.30490051682962
2024.7200567913055,-72.30259520008809,-72.30259520008809
2024.7300567913055,-72.30022854036322,-72.30022854036322
2024.7400567913055,-72.29780097621362,-72.29780097621362
2024.7500567913055,-72.29531330063428,-72.29531330063428
2024.7600567913055,-72.29276650994301,-72.29276650994301
2024.7700567913055,-72.29016171515032,-72.29016171515032
2024.7800567913055,-72.28750008864864,-72.28750008864864
2024.7900567913055,-72.28478283210593,-72.28478283210593
2024.8000567913055,-72.2820111571992,-72.2820111571992
2024.8100567913054,-72.27918627413781,-72.27918627413781
2024.8200567913054,-72.27630938489055,-72.27630938489055
2024.8300567913057,-72.2733816793108,-72.2733816793108
2024.8400567913056,-72.270404333044,-72.270404333044
2024.8500567913056,-72.26737850646334,-72.26737850646334
2024.8600567913056,-72.26430534428445,-72.26430534428445
2024.8700567913056,-72.26118597550915,-72.26118597550915
2024.8800567913056,-72.25802151361387,-72.25802151361387
2024.8900567913056,-72.25481305685022,-72.25481305685022
2024.9000567913056,-72.25156168853924,-72.25156168853924
2024.9100567913056,-72.24826847745022,-72.24826847745022
2024.9200567913056,-72.24493447810814,-72.24493447810814
2024.9300567913056,-72.24156073114298,-72.24156073114298
2024.9400567913056,-72.23814826355296,-72.23814826355296
2024.9500567913055,-72.234698088992,-72.234698088992
2024.9600567913055,-72.2312112080016,-72.2312112080016
2024.9700567913055,-72.22768860824083,-72.22768860824083
2024.9800567913055,-72.22413126466252,-72.22413126466252
2024.9900567913055,-72.22054013972922,-72.22054013972922
2025.0000567913055,-72.2169161835508,-72.2169161835508
2025.0100567913055,-72.21326033404975,-72.21326033404975
2025.0200567913055,-72.20957351709045,-72.20957351709045
2025.0300567913055,-72.2058566466236,-72.2058566466236
2025.0400567913055,-72.20211062480874,-72.20211062480874
2025.0500567913055,-72.19833634212023,-72.19833634212023
2025.0600567913054,-72.19453467745213,-72.19453467745213
2025.0700567913054,-72.19070649824157,-72.19070649824157
2025.0800567913057,-72.18685266056964,-72.18685266056964
2025.0900567913056,-72.18297400923345,-72.18297400923345
2025.1000567913056,-72.17907137788323,-72.17907137788323
2025.1100567913056,-72.17514558908192,-72.17514558908192
2025.1200567913056,-72.17119745443438,-72.17119745443438
2025.1300567913056,-72.1672277746353,-72.1672277746353
2025.1400567913056,-72.16323733960917,-72.16323733960917
2025.1500567913056,-72.15922692856019,-72.15922692856019
2025.1600567913056,-72.15519731009705,-72.15519731009705
2025.1700567913056,-72.15114924228976,-72.15114924228976
2025.1800567913056,-72.1470834727955,-72.1470834727955
2025.1900567913056,-72.14300073892923,-72.14300073892923
2025.2000567913055,-72.13890176775224,-72.13890176775224
2025.2100567913055,-72.13478727616739,-72.13478727616739
2025.2200567913055,-72.13065797102179,-72.13065797102179
2025.2300567913055,-72.12651454918074,-72.12651454918074
2025.2400567913055,-72.122357697626,-72.122357697626
2025.2500567913055,-72.11818809356227,-72.11818809356227
2025.2600567913055,-72.11400640447961,-72.11400640447961
2025.2700567913055,-72.10981328827074,-72.10981328827074
2025.2800567913055,-72.10560939330328,-72.10560939330328
2025.2900567913055,-72.10139535854027,-72.10139535854027
2025.3000567913055,-72.0971718136053,-72.0971718136053
2025.3100567913054,-72.09293937888931,-72.09293937888931
2025.3200567913054,-72.08869866563629,-72.08869866563629
2025.3300567913057,-72.08445027604245,-72.08445027604245
2025.3400567913056,-72.08019480335662,-72.08019480335662
2025.3500567913056,-72.07593283195068,-72.07593283195068
2025.3600567913056,-72.07166493743017,-72.07166493743017
2025.3700567913056,-72.06739168672391,-72.06739168672391
2025.3800567913056,-72.06311363817586,-72.06311363817586
2025.3900567913056,-72.0588313416344,-72.0588313416344
2025.4000567913056,-72.05454533854753,-72.05454533854753
2025.4100567913056,-72.0502561620493,-72.0502561620493
2025.4200567913056,-72.04596433706905,-72.04596433706905
2025.4300567913056,-72.04167038040785,-72.04167038040785
2025.4400567913056,-72.03737480082955,-72.03737480082955
2025.4500567913055,-72.03307809915628,-72.03307809915628
2025.4600567913055,-72.02877449587119,-72.02877449587119
2025.4700567913055,-72.02446173499546,-72.02446173499546
2025.4800567913055,-72.02013896563301,-72.02013896563301
2025.4900567913055,-72.01580598400713,-72.01580598400713
2025.5000567913055,-72.0114629439126,-72.0114629439126
2025.5100567913055,-72.0071102061385,-72.0071102061385
2025.5200567913055,-72.00274825012065,-72.00274825012065
2025.5300567913055,-71.99837762079056,-71.99837762079056
2025.5400567913055,-71.99399889666978,-71.99399889666978
2025.5500568151474,-71.9896126602358,-71.9896126602358
2025.5600568151474,-71.98521952828304,-71.98521952828304
2025.5700568151474,-71.98082008270121,-71.98082008270121
2025.5800568151474,-71.97641490835353,-71.97641490835353
2025.5900568151474,-71.97200458066024,-71.97200458066024
2025.6000568151474,-71.96758966463366,-71.96758966463366
2025.6100568151473,-71.96317071453862,-71.96317071453862
2025.6200568151473,-71.9587482739481,-71.9587482739481
2025.6300568151473,-71.95432287595469,-71.95432287595469
2025.6400568151473,-71.94989504353114,-71.94989504353114
2025.6500568151473,-71.9454652899184,-71.9454652899184
2025.6600568151473,-71.94103411899863,-71.94103411899863
2025.6700568151473,-71.93660202568654,-71.93660202568654
2025.6800568151475,-71.93216949627929,-71.93216949627929
2025.6900568151475,-71.92773700878449,-71.92773700878449
2025.7000568151475,-71.92330503320076,-71.92330503320076
2025.7100568151475,-71.91887403178394,-71.91887403178394
2025.7200568151475,-71.91444445929723,-71.91444445929723
2025.7300568151475,-71.91001676318976,-71.91001676318976
2025.7400568151475,-71.90559138384256,-71.90559138384256
2025.7500568151474,-71.90116875468429,-71.90116875468429
2025.7600568151474,-71.89674930237675,-71.89674930237675
2025.7700568151474,-71.8923334469259,-71.8923334469259
2025.7800568151474,-71.887921601844,-71.887921601844
2025.7900568151474,-71.8835141742301,-71.8835141742301
2025.8000568151474,-71.87911156490203,-71.87911156490203
2025.8100568151474,-71.87471416846795,-71.87471416846795
2025.8200568151474,-71.87032237343469,-71.87032237343469
2025.8300568151474,-71.86593656229356,-71.86593656229356
2025.8400568151474,-71.86155711159824,-71.86155711159824
2025.8500568151474,-71.85718439202424,-71.85718439202424
2025.8600568151473,-71.85281876845491,-71.85281876845491
2025.8700568151473,-71.84846060005397,-71.84846060005397
2025.8800568151473,-71.84411024031901,-71.84411024031901
2025.8900568151473,-71.8397680371506,-71.8397680371506
2025.9000568151473,-71.83543433291935,-71.83543433291935
2025.9100568151473,-71.83110946452064,-71.83110946452064
2025.9200568151473,-71.82679376344176,-71.82679376344176
2025.9300568151475,-71.82248755579195,-71.82248755579195
2025.9400568151475,-71.81819116239527,-71.81819116239527
2025.9500568151475,-71.81390489882982,-71.81390489882982
2025.9600568151475,-71.80962282286491,-71.80962282286491
2025.9700568151475,-71.8053425077165,-71.8053425077165
2025.9800568151475,-71.80106293007557,-71.80106293007557
2025.9900568151475,-71.79678371440966,-71.79678371440966
2026.0000568151474,-71.79250484424784,-71.79250484424784
2026.0100568151474,-71.78822651194218,-71.78822651194218
2026.0200568151474,-71.78394903054898,-71.78394903054898
2026.0300568151474,-71.77967278077078,-71.77967278077078
2026.0400568151474,-71.77539817905007,-71.77539817905007
2026.0500568151474,-71.77112565842073,-71.77112565842073
2026.0600568151474,-71.76685565711817,-71.76685565711817
2026.0700568151474,-71.762588611887,-71.762588611887
2026.0800568151474,-71.75832495420072,-71.75832495420072
2026.0900568151474,-71.75406510819148,-71.75406510819148
2026.1000568151474,-71.74980948969427,-71.74980948969427
2026.1100568151473,-71.74555850585072,-71.74555850585072
2026.1200568151473,-71.74131255515073,-71.74131255515073
2026.1300568151473,-71.73707202763829,-71.73707202763829
2026.1400568151473,-71.73283730520708,-71.73283730520708
2026.1500568151473,-71.72860876198791,-71.72860876198791
2026.1600568151473,-71.72438676469781,-71.72438676469781
2026.1700568151473,-71.72017167299497,-71.72017167299497
2026.1800568151475,-71.7159638397956,-71.7159638397956
2026.1900568151475,-71.71176361160006,-71.71176361160006
2026.2000568151475,-71.70757132873028,-71.70757132873028
2026.2100568151475,-71.70338732556552,-71.70338732556552
2026.2200568151475,-71.69921193078316,-71.69921193078316
2026.2300568151475,-71.69504546752948,-71.69504546752948
2026.2400568151475,-71.6908882535779,-71.6908882535779
2026.2500568151474,-71.68674060149138,-71.68674060149138
2026.2600568151474,-71.68260281873938,-71.68260281873938
2026.2700568151474,-71.67847520781746,-71.67847520781746
2026.2800568151474,-71.67435806634862,-71.67435806634862
2026.2900568151474,-71.67025168717444,-71.67025168717444
2026.3000568151474,-71.66615635843807,-71.66615635843807
2026.3100568151474,-71.66207236366347,-71.66207236366347
2026.3200568151474,-71.65799998182067,-71.65799998182067
2026.3300568151474,-71.65393948738372,-71.65393948738372
2026.3400568151474,-71.64989115040171,-71.64989115040171
2026.3500568151474,-71.6458552365343,-71.6458552365343
2026.3600568151473,-71.64183200712436,-71.64183200712436
2026.3700568151473,-71.63782171922175,-71.63782171922175
2026.3800568151473,-71.63382462564986,-71.63382462564986
2026.3900568151473,-71.62984097504312,-71.62984097504312
2026.4000568389893,-71.62587100242699,-71.62587100242699
2026.4100568389892,-71.62191496711934,-71.62191496711934
2026.4200568389892,-71.61797309592703,-71.61797309592703
2026.4300568389892,-71.61404562113448,-71.61404562113448
2026.4400568389892,-71.6101327710253,-71.6101327710253
2026.4500568389892,-71.60623476992384,-71.60623476992384
2026.4600568389892,-71.60235183823914,-71.60235183823914
2026.4700568389892,-71.59848419250815,-71.59848419250815
2026.4800568389892,-71.59463204542067,-71.59463204542067
2026.4900568389892,-71.59079560584364,-71.59079560584364
2026.5000568389892,-71.58697507889549,-71.58697507889549
2026.5100568389892,-71.58317066593732,-71.58317066593732
2026.5200568389891,-71.57938256464634,-71.57938256464634
2026.5300568389894,-71.57561096902073,-71.57561096902073
2026.5400568389894,-71.57185606942997,-71.57185606942997
2026.5500568389893,-71.56811805266554,-71.56811805266554
2026.5600568389893,-71.56439710194581,-71.56439710194581
2026.5700568389893,-71.5606933969735,-71.5606933969735
2026.5800568389893,-71.55700711395733,-71.55700711395733
2026.5900568389893,-71.55333842566176,-71.55333842566176
2026.6000568389893,-71.54968750143593,-71.54968750143593
2026.6100568389893,-71.54605450725158,-71.54605450725158
2026.6200568389893,-71.54243960573557,-71.54243960573557
2026.6300568389893,-71.53884295619385,-71.53884295619385
2026.6400568389893,-71.53526471467946,-71.53526471467946
2026.6500568389893,-71.53170503398987,-71.53170503398987
2026.6600568389892,-71.52816406374549,-71.52816406374549
2026.6700568389892,-71.52464195037821,-71.52464195037821
2026.6800568389892,-71.52113883719173,-71.52113883719173
2026.6900568389892,-71.51765486441415,-71.51765486441415
2026.7000568389892,-71.51419016918838,-71.51419016918838
2026.7100568389892,-71.51074488565364,-71.51074488565364
2026.7200568389892,-71.50731914495478,-71.50731914495478
2026.7300568389892,-71.50391307527315,-71.50391307527315
2026.7400568389892,-71.50052680188286,-71.50052680188286
2026.7500568389892,-71.49716044716835,-71.49716044716835
2026.7600568389892,-71.49381413066763,-71.49381413066763
2026.7700568389891,-71.49048796910505,-71.49048796910505
2026.7800568389894,-71.48718207641164,-71.48718207641164
2026.7900568389894,-71.48389656379415,-71.48389656379415
2026.8000568389893,-71.48063153973084,-71.48063153973084
2026.8100568389893,-71.47738711002212,-71.47738711002212
2026.8200568389893,-71.47416337783672,-71.47416337783672
2026.8300568389893,-71.4709604437164,-71.4709604437164
2026.8400568389893,-71.46777840563382,-71.46777840563382
2026.8500568389893,-71.46461735901254,-71.46461735901254
2026.8600568389893,-71.46147739677336,-71.46147739677336
2026.8700568389893,-71.45835860935136,-71.45835860935136
2026.8800568389893,-71.45526108473229,-71.45526108473229
2026.8900568389893,-71.45218490848578,-71.45218490848578
2026.9000568389893,-71.44913016380863,-71.44913016380863
2026.9100568389892,-71.44609693154011,-71.44609693154011
2026.9200568389892,-71.44308529019665,-71.44308529019665
2026.9300568389892,-71.44009531601468,-71.44009531601468
2026.9400568389892,-71.43712708296967,-71.43712708296967
2026.9500568389892,-71.43418066280866,-71.43418066280866
2026.9600568389892,-71.4312561250808,-71.4312561250808
2026.9700568389892,-71.42835353717439,-71.42835353717439
2026.9800568389892,-71.42547296433128,-71.42547296433128
2026.9900568389892,-71.42261446969583,-71.42261446969583
2027.0000568389892,-71.41977811433773,-71.41977811433773
2027.0100568389892,-71.41696395726836,-71.41696395726836
2027.0200568389891,-71.41417205548532,-71.41417205548532
2027.0300568389894,-71.4114024639942,-71.4114024639942
2027.0400568389894,-71.4086552358365,-71.4086552358365
2027.0500568389893,-71.40593042212647,-71.40593042212647
2027.0600568389893,-71.40322807204294,-71.40322807204294
2027.0700568389893,-71.40054823291621,-71.40054823291621
2027.0800568389893,-71.39789095021354,-71.39789095021354
2027.0900568389893,-71.39525626757262,-71.39525626757262
2027.1000568389893,-71.3926442268317,-71.3926442268317
2027.1100568389893,-71.39005486805338,-71.39005486805338
2027.1200568389893,-71.3874882295647,-71.3874882295647
2027.1300568389893,-71.3849443479598,-71.3849443479598
2027.1400568389893,-71.38242325813022,-71.38242325813022
2027.1500568389893,-71.37992499330561,-71.37992499330561
2027.1600568389892,-71.37744958506495,-71.37744958506495
2027.1700568389892,-71.37499706337066,-71.37499706337066
2027.1800568389892,-71.37256745657379,-71.37256745657379
2027.1900568389892,-71.3701607914701,-71.3701607914701
2027.2000568389892,-71.36777709328699,-71.36777709328699
2027.2100568389892,-71.36541638573296,-71.36541638573296
2027.2200568389892,-71.36307869101176,-71.36307869101176
2027.2300568389892,-71.36076402984801,-71.36076402984801
2027.2400568389892,-71.35847242149028,-71.35847242149028
2027.2500568628311,-71.35620387837604,-71.35620387837604
2027.260056862831,-71.35395842778924,-71.35395842778924
2027.270056862831,-71.35173607925721,-71.35173607925721
2027.280056862831,-71.34953684644364,-71.34953684644364
2027.290056862831,-71.34736074164151,-71.34736074164151
2027.300056862831,-71.34520777582136,-71.34520777582136
2027.310056862831,-71.34307795863542,-71.34307795863542
2027.320056862831,-71.34097129845723,-71.34097129845723
2027.330056862831,-71.33888780239268,-71.33888780239268
2027.340056862831,-71.33682747629135,-71.33682747629135
2027.350056862831,-71.33479032478388,-71.33479032478388
2027.360056862831,-71.33277635128634,-71.33277635128634
2027.370056862831,-71.33078555801535,-71.33078555801535
2027.3800568628312,-71.3288179460331,-71.3288179460331
2027.3900568628312,-71.32687351524385,-71.32687351524385
2027.4000568628312,-71.32495226441151,-71.32495226441151
2027.4100568628312,-71.3230541911966,-71.3230541911966
2027.4200568628312,-71.32117929214898,-71.32117929214898
2027.4300568628312,-71.31932756273956,-71.31932756273956
2027.4400568628312,-71.31749899738455,-71.31749899738455
2027.4500568628312,-71.31569358944708,-71.31569358944708
2027.4600568628312,-71.31390511984007,-71.31390511984007
2027.4700568628311,-71.31213086438459,-71.31213086438459
2027.4800568628311,-71.31036949649797,-71.31036949649797
2027.4900568628311,-71.30862033671612,-71.30862033671612
2027.5000568628311,-71.30688306596493,-71.30688306596493
2027.510056862831,-71.3051575764257,-71.3051575764257
2027.520056862831,-71.30344388395795,-71.30344388395795
2027.530056862831,-71.30174207545136,-71.30174207545136
2027.540056862831,-71.30005227711789,-71.30005227711789
2027.550056862831,-71.298374635443,-71.298374635443
2027.560056862831,-71.29670930586275,-71.29670930586275
2027.570056862831,-71.29505644609345,-71.29505644609345
2027.580056862831,-71.29341621233641,-71.29341621233641
2027.590056862831,-71.29178875721013,-71.29178875721013
2027.600056862831,-71.29017422875297,-71.29017422875297
2027.610056862831,-71.28857277000712,-71.28857277000712
2027.620056862831,-71.28698451902328,-71.28698451902328
2027.6300568628312,-71.28540960901947,-71.28540960901947
2027.6400568628312,-71.28384816867211,-71.28384816867211
2027.6500568628312,-71.28230032243401,-71.28230032243401
2027.6600568628312,-71.28076619086406,-71.28076619086406
2027.6700568628312,-71.2792458909266,-71.2792458909266
2027.6800568628312,-71.277739536293,-71.277739536293
2027.6900568628312,-71.27624723761862,-71.27624723761862
2027.7000568628312,-71.27476910272856,-71.27476910272856
2027.7100568628312,-71.27330523686541,-71.27330523686541
2027.7200568628311,-71.2718557428406,-71.2718557428406
2027.7300568628311,-71.27042072118299,-71.27042072118299
2027.7400568628311,-71.26900027028155,-71.26900027028155
2027.7500568628311,-71.26759448649238,-71.26759448649238
2027.760056862831,-71.26620346422207,-71.26620346422207
2027.770056862831,-71.26482729602608,-71.26482729602608
2027.780056862831,-71.26346607264504,-71.26346607264504
2027.790056862831,-71.26211988309511,-71.26211988309511
2027.800056862831,-71.2607888147022,-71.2607888147022
2027.810056862831,-71.2594729531315,-71.2594729531315
2027.820056862831,-71.2581723824391,-71.2581723824391
2027.830056862831,-71.25688718508987,-71.25688718508987
2027.840056862831,-71.2556174419906,-71.2556174419906
2027.850056862831,-71.25436323249882,-71.25436323249882
2027.860056862831,-71.25312463444892,-71.25312463444892
2027.870056862831,-71.25190172416538,-71.25190172416538
2027.8800568628312,-71.25069457646819,-71.25069457646819
2027.8900568628312,-71.24950326468846,-71.24950326468846
2027.9000568628312,-71.24832786068787,-71.24832786068787
2027.9100568628312,-71.2471684348461,-71.2471684348461
2027.9200568628312,-71.24602505608276,-71.24602505608276
2027.9300568628312,-71.24489779186615,-71.24489779186615
2027.9400568628312,-71.2437867082102,-71.2437867082102
2027.9500568628312,-71.24269186968428,-71.24269186968428
2027.9600568628312,-71.24161333942342,-71.24161333942342
2027.9700568628311,-71.24055117912685,-71.24055117912685
2027.9800568628311,-71.23950544906162,-71.23950544906162
2027.9900568628311,-71.2384762080743,-71.2384762080743
2028.0000568628311,-71.23746351360562,-71.23746351360562
2028.010056862831,-71.23646742167067,-71.23646742167067
2028.020056862831,-71.23548798689312,-71.23548798689312
2028.030056862831,-71.23452526249103,-71.23452526249103
2028.040056862831,-71.23357930029131,-71.23357930029131
2028.050056862831,-71.23265015074259,-71.23265015074259
2028.060056862831,-71.2317378629039,-71.2317378629039
2028.070056862831,-71.2308424844741,-71.2308424844741
2028.080056862831,-71.22996406178132,-71.22996406178132
2028.090056862831,-71.2291026398079,-71.2291026398079
2028.100056886673,-71.22825826017333,-71.22825826017333
2028.110056886673,-71.22743096924165,-71.22743096924165
2028.120056886673,-71.22662080590182,-71.22662080590182
2028.130056886673,-71.22582780979417,-71.22582780979417
2028.140056886673,-71.22505201926086,-71.22505201926086
2028.150056886673,-71.2242934713214,-71.2242934713214
2028.160056886673,-71.22355220170908,-71.22355220170908
2028.170056886673,-71.22282824487539,-71.22282824487539
2028.180056886673,-71.22212163400482,-71.22212163400482
2028.190056886673,-71.22143240100489,-71.22143240100489
2028.2000568866729,-71.22076057654866,-71.22076057654866
2028.2100568866729,-71.22010619005444,-71.22010619005444
2028.2200568866729,-71.21946926971968,-71.21946926971968
2028.230056886673,-71.21884984252708,-71.21884984252708
2028.240056886673,-71.21824793423798,-71.21824793423798
2028.250056886673,-71.21766356943031,-71.21766356943031
2028.260056886673,-71.2170967714934,-71.2170967714934
2028.270056886673,-71.21654756264084,-71.21654756264084
2028.280056886673,-71.21601596393286,-71.21601596393286
2028.290056886673,-71.21550199528424,-71.21550199528424
2028.300056886673,-71.21500567545947,-71.21500567545947
2028.310056886673,-71.2145270221078,-71.2145270221078
2028.320056886673,-71.21406605176482,-71.21406605176482
2028.330056886673,-71.2136227798691,-71.2136227798691
2028.340056886673,-71.21319722076498,-71.21319722076498
2028.350056886673,-71.21278938772434,-71.21278938772434
2028.360056886673,-71.21239929296472,-71.21239929296472
2028.370056886673,-71.21202694763716,-71.21202694763716
2028.380056886673,-71.21167236187226,-71.21167236187226
2028.390056886673,-71.21133554475956,-71.21133554475956
2028.400056886673,-71.21101650438948,-71.21101650438948
2028.410056886673,-71.21071524784747,-71.21071524784747
2028.420056886673,-71.21043178123067,-71.21043178123067
2028.430056886673,-71.21016610965695,-71.21016610965695
2028.440056886673,-71.20991823728542,-71.20991823728542
2028.4500568866729,-71.20968816732912,-71.20968816732912
2028.4600568866729,-71.20947590204923,-71.20947590204923
2028.4700568866729,-71.20928144280309,-71.20928144280309
2028.480056886673,-71.2091047900179,-71.2091047900179
2028.490056886673,-71.20894594322739,-71.20894594322739
2028.500056886673,-71.20880490107544,-71.20880490107544
2028.510056886673,-71.20868166132968,-71.20868166132968
2028.520056886673,-71.20857622089059,-71.20857622089059
2028.530056886673,-71.20848857581026,-71.20848857581026
2028.540056886673,-71.20841872130615,-71.20841872130615
2028.550056886673,-71.20836665176114,-71.20836665176114
2028.560056886673,-71.20833236073936,-71.20833236073936
2028.570056886673,-71.20831584100613,-71.20831584100613
2028.580056886673,-71.20831708453872,-71.20831708453872
2028.590056886673,-71.20833608251813,-71.20833608251813
2028.600056886673,-71.20837282537669,-71.20837282537669
2028.610056886673,-71.2084273027743,-71.2084273027743
2028.620056886673,-71.20849950363686,-71.20849950363686
2028.630056886673,-71.20858941613818,-71.20858941613818
2028.640056886673,-71.20869702774903,-71.20869702774903
2028.650056886673,-71.20882232520992,-71.20882232520992
2028.660056886673,-71.20896529457505,-71.20896529457505
2028.670056886673,-71.20912592119119,-71.20912592119119
2028.680056886673,-71.20930418974226,-71.20930418974226
2028.690056886673,-71.20950008423989,-71.20950008423989
2028.7000568866729,-71.20971358803364,-71.20971358803364
2028.7100568866729,-71.20993847885845,-71.20993847885845
2028.7200568866729,-71.21017202411869,-71.21017202411869
2028.730056886673,-71.21041288671049,-71.21041288671049
2028.740056886673,-71.21066037574627,-71.21066037574627
2028.750056886673,-71.21091416033727,-71.21091416033727
2028.760056886673,-71.21117412079045,-71.21117412079045
2028.770056886673,-71.21144026126454,-71.21144026126454
2028.780056886673,-71.21171265726257,-71.21171265726257
2028.790056886673,-71.2119914239986,-71.2119914239986
2028.800056886673,-71.21227669747127,-71.21227669747127
2028.810056886673,-71.21256862310649,-71.21256862310649
2028.820056886673,-71.2128673491481,-71.2128673491481
2028.830056886673,-71.21317302283677,-71.21317302283677
2028.840056886673,-71.21348578835904,-71.21348578835904
2028.850056886673,-71.21380578580282,-71.21380578580282
2028.860056886673,-71.21413315078537,-71.21413315078537
2028.870056886673,-71.21446801440004,-71.21446801440004
2028.880056886673,-71.21481050336703,-71.21481050336703
2028.890056886673,-71.21516074032697,-71.21516074032697
2028.900056886673,-71.21551884413213,-71.21551884413213
2028.910056886673,-71.21588493015763,-71.21588493015763
2028.920056886673,-71.21625911060096,-71.21625911060096
2028.930056886673,-71.21664149476989,-71.21664149476989
2028.940056886673,-71.2170321893117,-71.2170321893117
2028.9500569105148,-71.21743129940504,-71.21743129940504
2028.9600569105148,-71.217832719473,-71.217832719473
2028.9700569105148,-71.21823383534374,-71.21823383534374
2028.9800569105148,-71.21863342621741,-71.21863342621741
2028.9900569105148,-71.21903091631734,-71.21903091631734
2029.0000569105148,-71.21942608876184,-71.21942608876184
2029.0100569105148,-71.21981893685894,-71.21981893685894
2029.0200569105148,-71.22020957683135,-71.22020957683135
2029.0300569105148,-71.22059819535997,-71.22059819535997
2029.0400569105147,-71.22098501804228,-71.22098501804228
2029.0500569105147,-71.22137029042852,-71.22137029042852
2029.0600569105147,-71.22175426673671,-71.22175426673671
2029.0700569105147,-71.22213720325523,-71.22213720325523
2029.080056910515,-71.2225193545401,-71.2225193545401
2029.090056910515,-71.22290097133616,-71.22290097133616
2029.100056910515,-71.22328229959093,-71.22328229959093
2029.110056910515,-71.22366358002417,-71.22366358002417
2029.120056910515,-71.22404504810295,-71.22404504810295
2029.130056910515,-71.22442693420135,-71.22442693420135
2029.1400569105149,-71.2248094638383,-71.2248094638383
2029.1500569105149,-71.22519285802055,-71.22519285802055
2029.1600569105149,-71.22557733348806,-71.22557733348806
2029.1700569105149,-71.22596310305644,-71.22596310305644
2029.1800569105148,-71.22635037586198,-71.22635037586198
2029.1900569105148,-71.22673935760278,-71.22673935760278
2029.2000569105148,-71.22713025076469,-71.22713025076469
2029.2100569105148,-71.22752325476722,-71.22752325476722
2029.2200569105148,-71.22791856616541,-71.22791856616541
2029.2300569105148,-71.22831637874046,-71.22831637874046
2029.2400569105148,-71.22871688364593,-71.22871688364593
2029.2500569105148,-71.2291202694878,-71.2291202694878
2029.2600569105148,-71.22952672239335,-71.22952672239335
2029.2700569105148,-71.22993642608843,-71.22993642608843
2029.2800569105148,-71.23034956196001,-71.23034956196001
2029.2900569105147,-71.23076630908271,-71.23076630908271
2029.3000569105147,-71.23118684425327,-71.23118684425327
2029.3100569105147,-71.23161134203822,-71.23161134203822
2029.3200569105147,-71.23203997478167,-71.23203997478167
2029.330056910515,-71.23247291263817,-71.23247291263817
2029.340056910515,-71.23291032356893,-71.23291032356893
2029.350056910515,-71.23335237337781,-71.23335237337781
2029.360056910515,-71.23379922569661,-71.23379922569661
2029.370056910515,-71.23425104201544,-71.23425104201544
2029.380056910515,-71.2347079816661,-71.2347079816661
2029.3900569105149,-71.2351702018549,-71.2351702018549
2029.4000569105149,-71.23563785763407,-71.23563785763407
2029.4100569105149,-71.23611110193298,-71.23611110193298
2029.4200569105149,-71.23659008555899,-71.23659008555899
2029.4300569105148,-71.23707495718872,-71.23707495718872
2029.4400569105148,-71.23756586337183,-71.23756586337183
2029.4500569105148,-71.2380629485408,-71.2380629485408
2029.4600569105148,-71.23856635502548,-71.23856635502548
2029.4700569105148,-71.23907622303099,-71.23907622303099
2029.4800569105148,-71.23959269065985,-71.23959269065985
2029.4900569105148,-71.2401158939188,-71.2401158939188
2029.5000569105148,-71.24064596671518,-71.24064596671518
2029.5100569105148,-71.2411830408731,-71.2411830408731
2029.5200569105148,-71.24172724612528,-71.24172724612528
2029.5300569105148,-71.24227871013086,-71.24227871013086
2029.5400569105147,-71.24283755848005,-71.24283755848005
2029.5500569105147,-71.24340391470794,-71.24340391470794
2029.5600569105147,-71.24397790029343,-71.24397790029343
2029.5700569105147,-71.24455963467626,-71.24455963467626
2029.580056910515,-71.24514923525652,-71.24514923525652
2029.590056910515,-71.24574681742985,-71.24574681742985
2029.600056910515,-71.24635249455574,-71.24635249455574
2029.610056910515,-71.24696637800541,-71.24696637800541
2029.620056910515,-71.24758857716323,-71.24758857716323
2029.630056910515,-71.24821919943751,-71.24821919943751
2029.6400569105149,-71.24885835027295,-71.24885835027295
2029.6500569105149,-71.24950613315886,-71.24950613315886
2029.6600569105149,-71.25016264965609,-71.25016264965609
2029.6700569105149,-71.25082799938724,-71.25082799938724
2029.6800569105148,-71.25150228008435,-71.25150228008435
2029.6900569105148,-71.25218558757545,-71.25218558757545
2029.7000569105148,-71.25287801580824,-71.25287801580824
2029.7100569105148,-71.25357344861439,-71.25357344861439
2029.7200569105148,-71.25426926026395,-71.25426926026395
2029.7300569105148,-71.25496421989536,-71.25496421989536
2029.7400569105148,-71.25565774176958,-71.25565774176958
2029.7500569105148,-71.25634959894779,-71.25634959894779
2029.7600569105148,-71.2570397745044,-71.2570397745044
2029.7700569105148,-71.25772837419744,-71.25772837419744
2029.7800569105148,-71.25841557396902,-71.25841557396902
2029.7900569105147,-71.25910158838471,-71.25910158838471
2029.8000569343567,-71.25978665329671,-71.25978665329671
2029.8100569343567,-71.26047100800217,-71.26047100800217
2029.8200569343567,-71.26115489845134,-71.26115489845134
2029.8300569343567,-71.26183856689713,-71.26183856689713
2029.8400569343567,-71.26252225146908,-71.26252225146908
2029.8500569343566,-71.26320618515476,-71.26320618515476
2029.8600569343566,-71.26389059542674,-71.26389059542674
2029.8700569343566,-71.26457570418339,-71.26457570418339
2029.8800569343566,-71.26526172793598,-71.26526172793598
2029.8900569343566,-71.2659488780489,-71.2659488780489
2029.9000569343566,-71.26663736109708,-71.26663736109708
2029.9100569343566,-71.2673273791496,-71.2673273791496
2029.9200569343566,-71.26801913008141,-71.26801913008141
2029.9300569343568,-71.26871280785984,-71.26871280785984
2029.9400569343568,-71.26940860281745,-71.26940860281745
2029.9500569343568,-71.2701067018292,-71.2701067018292
2029.9600569343568,-71.27080107919359,-71.27080107919359
2029.9700569343568,-71.27148919934999,-71.27148919934999
2029.9800569343568,-71.27216992081966,-71.27216992081966
2029.9900569343567,-71.27284274639932,-71.27284274639932
2030.0000569343567,-71.27350753687524,-71.27350753687524
2030.0100569343567,-71.27416436228742,-71.27416436228742
2030.0200569343567,-71.27481341463685,-71.27481341463685
2030.0300569343567,-71.27545495546765,-71.27545495546765
2030.0400569343567,-71.27608928431226,-71.27608928431226
2030.0500569343567,-71.27671671976111,-71.27671671976111
2030.0600569343567,-71.27733758820564,-71.27733758820564
2030.0700569343567,-71.27795221721775,-71.27795221721775
2030.0800569343567,-71.27856093177294,-71.27856093177294
2030.0900569343567,-71.27916405220243,-71.27916405220243
2030.1000569343566,-71.27976189318187,-71.27976189318187
2030.1100569343566,-71.28035476333,-71.28035476333
2030.1200569343566,-71.28094296518897,-71.28094296518897
2030.1300569343566,-71.28152679537487,-71.28152679537487
2030.1400569343566,-71.28210654485211,-71.28210654485211
2030.1500569343566,-71.28268249923568,-71.28268249923568
2030.1600569343566,-71.2832549390982,-71.2832549390982
2030.1700569343566,-71.28382414028783,-71.28382414028783
2030.1800569343568,-71.28439037417697,-71.28439037417697
2030.1900569343568,-71.28495390792843,-71.28495390792843
2030.2000569343568,-71.28551500470859,-71.28551500470859
2030.2100569343568,-71.28607392386036,-71.28607392386036
2030.2200569343568,-71.28663092109305,-71.28663092109305
2030.2300569343568,-71.28718624860551,-71.28718624860551
2030.2400569343567,-71.28774015521124,-71.28774015521124
2030.2500569343567,-71.28829288643729,-71.28829288643729
2030.2600569343567,-71.28884468460417,-71.28884468460417
2030.2700569343567,-71.28939578892957,-71.28939578892957
2030.2800569343567,-71.28994643555524,-71.28994643555524
2030.2900569343567,-71.29049685760208,-71.29049685760208
2030.3000569343567,-71.2910472852393,-71.2910472852393
2030.3100569343567,-71.29159794569112,-71.29159794569112
2030.3200569343567,-71.29214906328421,-71.29214906328421
2030.3300569343567,-71.29270085947572,-71.29270085947572
2030.3400569343567,-71.29325355287747,-71.29325355287747
2030.3500569343566,-71.29380735926154,-71.29380735926154
2030.3600569343566,-71.29436249158846,-71.29436249158846
2030.3700569343566,-71.29491916003256,-71.29491916003256
2030.3800569343566,-71.29547757197867,-71.29547757197867
2030.3900569343566,-71.2960379320362,-71.2960379320362
2030.4000569343566,-71.29660044205889,-71.29660044205889
2030.4100569343566,-71.2971653011629,-71.2971653011629
2030.4200569343566,-71.29773270572063,-71.29773270572063
2030.4300569343568,-71.29830284938046,-71.29830284938046
2030.4400569343568,-71.29887592308086,-71.29887592308086
2030.4500569343568,-71.29945211505613,-71.29945211505613
2030.4600569343568,-71.30003161084937,-71.30003161084937
2030.4700569343568,-71.30061459331624,-71.30061459331624
2030.4800569343568,-71.30120124265599,-71.30120124265599
2030.4900569343567,-71.30179173640437,-71.30179173640437
2030.5000569343567,-71.302386249452,-71.302386249452
2030.5100569343567,-71.30298495406704,-71.30298495406704
2030.5200569343567,-71.30358801989084,-71.30358801989084
2030.5300569343567,-71.30419561396667,-71.30419561396667
2030.5400569343567,-71.30480790074986,-71.30480790074986
2030.5500569343567,-71.30542504211029,-71.30542504211029
2030.5600569343567,-71.30604719736976,-71.30604719736976
2030.5700569343567,-71.30667452330839,-71.30667452330839
2030.5800569343567,-71.30730717417099,-71.30730717417099
2030.5900569343567,-71.3079453017039,-71.3079453017039
2030.6000569343566,-71.30858905514671,-71.30858905514671
2030.6100569343566,-71.30923858128207,-71.30923858128207
2030.6200569343566,-71.3098940244086,-71.3098940244086
2030.6300569343566,-71.31055552641166,-71.31055552641166
2030.6400569343566,-71.31122322675255,-71.31122322675255
2030.6500569581985,-71.31189726409458,-71.31189726409458
2030.6600569581985,-71.31257776991072,-71.31257776991072
2030.6700569581985,-71.31326487810239,-71.31326487810239
2030.6800569581985,-71.31395871864336,-71.31395871864336
2030.6900569581985,-71.31465941919399,-71.31465941919399
2030.7000569581985,-71.31536710509961,-71.31536710509961
2030.7100569581985,-71.31608189943556,-71.31608189943556
2030.7200569581985,-71.31680392301944,-71.31680392301944
2030.7300569581985,-71.317533294428,-71.317533294428
2030.7400569581985,-71.31827013002719,-71.31827013002719
2030.7500569581985,-71.31901454398448,-71.31901454398448
2030.7600569581984,-71.31976664831122,-71.31976664831122
2030.7700569581984,-71.32052655284761,-71.32052655284761
2030.7800569581987,-71.32129436531028,-71.32129436531028
2030.7900569581986,-71.32207019132953,-71.32207019132953
2030.8000569581986,-71.32285413442912,-71.32285413442912
2030.8100569581986,-71.32364629608931,-71.32364629608931
2030.8200569581986,-71.32444677573818,-71.32444677573818
2030.8300569581986,-71.32525567080145,-71.32525567080145
2030.8400569581986,-71.32607307669869,-71.32607307669869
2030.8500569581986,-71.32689908688661,-71.32689908688661
2030.8600569581986,-71.32773379286328,-71.32773379286328
2030.8700569581986,-71.32857728421565,-71.32857728421565
2030.8800569581986,-71.32942964861623,-71.32942964861623
2030.8900569581986,-71.33029097185695,-71.33029097185695
2030.9000569581985,-71.33116133787836,-71.33116133787836
2030.9100569581985,-71.33204082876708,-71.33204082876708
2030.9200569581985,-71.33292952481092,-71.33292952481092
2030.9300569581985,-71.33382750450284,-71.33382750450284
2030.9400569581985,-71.3347348445617,-71.3347348445617
2030.9500569581985,-71.33565161995408,-71.33565161995408
2030.9600569581985,-71.3365779039275,-71.3365779039275
2030.9700569581985,-71.33751376801851,-71.33751376801851
2030.9800569581985,-71.3384592820853,-71.3384592820853
2030.9900569581985,-71.33941451431836,-71.33941451431836
2031.0000569581985,-71.34037953127248,-71.34037953127248
2031.0100569581984,-71.34135439788089,-71.34135439788089
2031.0200569581984,-71.34233917748315,-71.34233917748315
2031.0300569581987,-71.34333393183788,-71.34333393183788
2031.0400569581986,-71.3443387211472,-71.3443387211472
2031.0500569581986,-71.34535360407838,-71.34535360407838
2031.0600569581986,-71.34637863778303,-71.34637863778303
2031.0700569581986,-71.34741387792255,-71.34741387792255
2031.0800569581986,-71.34845937868434,-71.34845937868434
2031.0900569581986,-71.3495151927925,-71.3495151927925
2031.1000569581986,-71.35058137153774,-71.35058137153774
2031.1100569581986,-71.35165796481225,-71.35165796481225
2031.1200569581986,-71.35274502109749,-71.35274502109749
2031.1300569581986,-71.35384258750231,-71.35384258750231
2031.1400569581986,-71.35495070978413,-71.35495070978413
2031.1500569581985,-71.35606943236036,-71.35606943236036
2031.1600569581985,-71.35719879831946,-71.35719879831946
2031.1700569581985,-71.3583388494722,-71.3583388494722
2031.1800569581985,-71.35948962632716,-71.35948962632716
2031.1900569581985,-71.36065116814588,-71.36065116814588
2031.2000569581985,-71.36182351292713,-71.36182351292713
2031.2100569581985,-71.36300669746595,-71.36300669746595
2031.2200569581985,-71.36420075732187,-71.36420075732187
2031.2300569581985,-71.36540572689312,-71.36540572689312
2031.2400569581985,-71.36662163937342,-71.36662163937342
2031.2500569581985,-71.36784852681046,-71.36784852681046
2031.2600569581984,-71.3690864201276,-71.3690864201276
2031.2700569581984,-71.3703353490972,-71.3703353490972
2031.2800569581987,-71.37159534240104,-71.37159534240104
2031.2900569581986,-71.37286642763539,-71.37286642763539
2031.3000569581986,-71.37414863130908,-71.37414863130908
2031.3100569581986,-71.37544197888325,-71.37544197888325
2031.3200569581986,-71.37674649476719,-71.37674649476719
2031.3300569581986,-71.37806220236274,-71.37806220236274
2031.3400569581986,-71.3793891240284,-71.3793891240284
2031.3500569581986,-71.38072728116332,-71.38072728116332
2031.3600569581986,-71.3820766941578,-71.3820766941578
2031.3700569581986,-71.38343738244683,-71.38343738244683
2031.3800569581986,-71.38480936452466,-71.38480936452466
2031.3900569581986,-71.38619265793379,-71.38619265793379
2031.4000569581985,-71.38758727930438,-71.38758727930438
2031.4100569581985,-71.38899324435765,-71.38899324435765
2031.4200569581985,-71.39041056790809,-71.39041056790809
2031.4300569581985,-71.3918392639117,-71.3918392639117
2031.4400569581985,-71.39327934544356,-71.39327934544356
2031.4500569581985,-71.39473082473077,-71.39473082473077
2031.4600569581985,-71.39619371316962,-71.39619371316962
2031.4700569581985,-71.39766802131629,-71.39766802131629
2031.4800569581985,-71.39915375891763,-71.39915375891763
2031.4900569581985,-71.40065093492295,-71.40065093492295
2031.5000569820404,-71.40215956108997,-71.40215956108997
2031.5100569820404,-71.40367963765947,-71.40367963765947
2031.5200569820404,-71.40521117480046,-71.40521117480046
2031.5300569820404,-71.40675417838635,-71.40675417838635
2031.5400569820404,-71.40830865355574,-71.40830865355574
2031.5500569820404,-71.40987460471541,-71.40987460471541
2031.5600569820404,-71.41145203556121,-71.41145203556121
2031.5700569820403,-71.4130409490813,-71.4130409490813
2031.5800569820403,-71.414641347577,-71.414641347577
2031.5900569820403,-71.41625323265663,-71.41625323265663
2031.6000569820403,-71.41787660526957,-71.41787660526957
2031.6100569820403,-71.41951146570351,-71.41951146570351
2031.6200569820403,-71.42115781360279,-71.42115781360279
2031.6300569820405,-71.42281564796747,-71.42281564796747
2031.6400569820405,-71.4244849671687,-71.4244849671687
2031.6500569820405,-71.42616576897552,-71.42616576897552
2031.6600569820405,-71.42785805052452,-71.42785805052452
2031.6700569820405,-71.42956180838705,-71.42956180838705
2031.6800569820405,-71.43127703852444,-71.43127703852444
2031.6900569820405,-71.43300373631969,-71.43300373631969
2031.7000569820405,-71.43474189661602,-71.43474189661602
2031.7100569820404,-71.43649151366259,-71.43649151366259
2031.7200569820404,-71.43825258119476,-71.43825258119476
2031.7300569820404,-71.44002509237832,-71.44002509237832
2031.7400569820404,-71.44180903986728,-71.44180903986728
2031.7500569820404,-71.44360441580419,-71.44360441580419
2031.7600569820404,-71.44541121178935,-71.44541121178935
2031.7700569820404,-71.44722941894366,-71.44722941894366
2031.7800569820404,-71.4490590278855,-71.4490590278855
2031.7900569820404,-71.4509000287473,-71.4509000287473
2031.8000569820404,-71.45275241118522,-71.45275241118522
2031.8100569820404,-71.4546161643831,-71.4546161643831
2031.8200569820403,-71.4564912770651,-71.4564912770651
2031.8300569820403,-71.45837773750236,-71.45837773750236
2031.8400569820403,-71.4602755335201,-71.4602755335201
2031.8500569820403,-71.46218465249855,-71.46218465249855
2031.8600569820403,-71.46410508139743,-71.46410508139743
2031.8700569820403,-71.46603680675564,-71.46603680675564
2031.8800569820405,-71.46797981467897,-71.46797981467897
2031.8900569820405,-71.46993409089376,-71.46993409089376
2031.9000569820405,-71.47189962070337,-71.47189962070337
2031.9100569820405,-71.47387638902143,-71.47387638902143
2031.9200569820405,-71.47586438038361,-71.47586438038361
2031.9300569820405,-71.47786357893747,-71.47786357893747
2031.9400569820405,-71.47987396846511,-71.47987396846511
2031.9500569820405,-71.48189553237175,-71.48189553237175
2031.9600569820404,-71.48392825371388,-71.48392825371388
2031.9700569820404,-71.48597211519616,-71.48597211519616
2031.9800569820404,-71.4880270991711,-71.4880270991711
2031.9900569820404,-71.49009318764956,-71.49009318764956
2032.0000569820404,-71.49217036231079,-71.49217036231079
2032.0100569820404,-71.49425860451387,-71.49425860451387
2032.0200569820404,-71.4963578952872,-71.4963578952872
2032.0300569820404,-71.49846821534567,-71.49846821534567
2032.0400569820404,-71.50058954509683,-71.50058954509683
2032.0500569820404,-71.50272186464255,-71.50272186464255
2032.0600569820404,-71.5048651537934,-71.5048651537934
2032.0700569820403,-71.50701939205092,-71.50701939205092
2032.0800569820403,-71.50918455864966,-71.50918455864966
2032.0900569820403,-71.51136063253261,-71.51136063253261
2032.1000569820403,-71.51354759236703,-71.51354759236703
2032.1100569820403,-71.51574541655422,-71.51574541655422
2032.1200569820403,-71.51795408322171,-71.51795408322171
2032.1300569820405,-71.52017357024522,-71.52017357024522
2032.1400569820405,-71.52240385524762,-71.52240385524762
2032.1500569820405,-71.52464491559044,-71.52464491559044
2032.1600569820405,-71.52689672840444,-71.52689672840444
2032.1700569820405,-71.52915927056921,-71.52915927056921
2032.1800569820405,-71.53143251872184,-71.53143251872184
2032.1900569820405,-71.53371644928986,-71.53371644928986
2032.2000569820405,-71.53601103846506,-71.53601103846506
2032.2100569820404,-71.53831002625695,-71.53831002625695
2032.2200569820404,-71.54061065852444,-71.54061065852444
2032.2300569820404,-71.54291158285686,-71.54291158285686
2032.2400569820404,-71.54521209583486,-71.54521209583486
2032.2500569820404,-71.54751185562665,-71.54751185562665
2032.2600569820404,-71.54981073269431,-71.54981073269431
2032.2700569820404,-71.55210872218338,-71.55210872218338
2032.2800569820404,-71.55440589132947,-71.55440589132947
2032.2900569820404,-71.55670234775516,-71.55670234775516
2032.3000569820404,-71.5589982204803,-71.5589982204803
2032.3100569820404,-71.56129364858187,-71.56129364858187
2032.3200569820403,-71.56358877456438,-71.56358877456438
2032.3300569820403,-71.56588374053028,-71.56588374053028
2032.3400569820403,-71.5681786860853,-71.5681786860853
2032.3500570058823,-71.57047375279363,-71.57047375279363
2032.3600570058823,-71.57276906188874,-71.57276906188874
2032.3700570058822,-71.57506474701219,-71.57506474701219
2032.3800570058822,-71.57736093249201,-71.57736093249201
2032.3900570058822,-71.5796577390737,-71.5796577390737
2032.4000570058822,-71.5819552842049,-71.5819552842049
2032.4100570058822,-71.58425368233176,-71.58425368233176
2032.4200570058822,-71.58655304518588,-71.58655304518588
2032.4300570058822,-71.58885348203948,-71.58885348203948
2032.4400570058822,-71.5911550999721,-71.5911550999721
2032.4500570058822,-71.59345800403386,-71.59345800403386
2032.4600570058822,-71.59576229744056,-71.59576229744056
2032.4700570058822,-71.59806808174432,-71.59806808174432
2032.4800570058824,-71.60037545694996,-71.60037545694996
2032.4900570058824,-71.6026845216225,-71.6026845216225
2032.5000570058824,-71.60499537297122,-71.60499537297122
2032.5100570058823,-71.60730810694879,-71.60730810694879
2032.5200570058823,-71.60962281829097,-71.60962281829097
2032.5300570058823,-71.61193960057854,-71.61193960057854
2032.5400570058823,-71.61425854628511,-71.61425854628511
2032.5500570058823,-71.61657974679026,-71.61657974679026
2032.5600570058823,-71.61890329242705,-71.61890329242705
2032.5700570058823,-71.62122927247519,-71.62122927247519
2032.5800570058823,-71.62355777521847,-71.62355777521847
2032.5900570058823,-71.62588888791026,-71.62588888791026
2032.6000570058823,-71.62822269680353,-71.62822269680353
2032.6100570058823,-71.63055928715593,-71.63055928715593
2032.6200570058822,-71.63289874323073,-71.63289874323073
2032.6300570058822,-71.63524114830044,-71.63524114830044
2032.6400570058822,-71.63758658463802,-71.63758658463802
2032.6500570058822,-71.63993513353316,-71.63993513353316
2032.6600570058822,-71.64228687526581,-71.64228687526581
2032.6700570058822,-71.64464188910843,-71.64464188910843
2032.6800570058822,-71.6470002533505,-71.6470002533505
2032.6900570058822,-71.64936204525623,-71.64936204525623
2032.7000570058822,-71.65172734109332,-71.65172734109332
2032.7100570058822,-71.65408996980803,-71.65408996980803
2032.7200570058822,-71.65644727098686,-71.65644727098686
2032.7300570058824,-71.65879798729841,-71.65879798729841
2032.7400570058824,-71.66114151058063,-71.66114151058063
2032.7500570058824,-71.66347759400503,-71.66347759400503
2032.7600570058823,-71.6658062025264,-71.6658062025264
2032.7700570058823,-71.66812742520634,-71.66812742520634
2032.7800570058823,-71.67044142249148,-71.67044142249148
2032.7900570058823,-71.67274839449477,-71.67274839449477
2032.8000570058823,-71.67504856199263,-71.67504856199263
2032.8100570058823,-71.67734215503147,-71.67734215503147
2032.8200570058823,-71.67962940631301,-71.67962940631301
2032.8300570058823,-71.68191054732159,-71.68191054732159
2032.8400570058823,-71.68418580626393,-71.68418580626393
2032.8500570058823,-71.6864554070087,-71.6864554070087
2032.8600570058823,-71.68871956866585,-71.68871956866585
2032.8700570058822,-71.6909785055234,-71.6909785055234
2032.8800570058822,-71.69323242721678,-71.69323242721678
2032.8900570058822,-71.69548153892089,-71.69548153892089
2032.9000570058822,-71.69772604170707,-71.69772604170707
2032.9100570058822,-71.69996613277252,-71.69996613277252
2032.9200570058822,-71.70220200576674,-71.70220200576674
2032.9300570058822,-71.7044338510264,-71.7044338510264
2032.9400570058822,-71.70666185583381,-71.70666185583381
2032.9500570058822,-71.70888620459328,-71.70888620459328
2032.9600570058822,-71.71110082821676,-71.71110082821676
2032.9700570058822,-71.7133031695336,-71.7133031695336
2032.9800570058824,-71.71549207420654,-71.71549207420654
2032.9900570058824,-71.71766703628272,-71.71766703628272
2033.0000570058824,-71.71982791024517,-71.71982791024517
2033.0100570058823,-71.72197476145904,-71.72197476145904
2033.0200570058823,-71.72410777846423,-71.72410777846423
2033.0300570058823,-71.72622722029544,-71.72622722029544
2033.0400570058823,-71.72833338479812,-71.72833338479812
2033.0500570058823,-71.73042658961229,-71.73042658961229
2033.0600570058823,-71.73250716084425,-71.73250716084425
2033.0700570058823,-71.73457542642628,-71.73457542642628
2033.0800570058823,-71.73663171230079,-71.73663171230079
2033.0900570058823,-71.73867634033853,-71.73867634033853
2033.1000570058823,-71.74070962731169,-71.74070962731169
2033.1100570058823,-71.74273188444901,-71.74273188444901
2033.1200570058822,-71.74474341742277,-71.74474341742277
2033.1300570058822,-71.74674452646104,-71.74674452646104
2033.1400570058822,-71.74873550659822,-71.74873550659822
2033.1500570058822,-71.75071664798239,-71.75071664798239
2033.1600570058822,-71.75268823614249,-71.75268823614249
2033.1700570058822,-71.75465055228086,-71.75465055228086
2033.1800570058822,-71.7566038735343,-71.7566038735343
2033.1900570058822,-71.75854847320949,-71.75854847320949
2033.2000570297241,-71.76048462557081,-71.76048462557081
2033.210057029724,-71.76241258757388,-71.76241258757388
2033.220057029724,-71.76433262675367,-71.76433262675367
2033.230057029724,-71.76624500281184,-71.76624500281184
2033.240057029724,-71.76814997237443,-71.76814997237443
2033.250057029724,-71.7700477890934,-71.7700477890934
2033.260057029724,-71.7719387036887,-71.7719387036887
2033.270057029724,-71.77382296404795,-71.77382296404795
2033.280057029724,-71.77570081525526,-71.77570081525526
2033.290057029724,-71.77757249963389,-71.77757249963389
2033.300057029724,-71.77943825678821,-71.77943825678821
2033.310057029724,-71.78129832362637,-71.78129832362637
2033.320057029724,-71.78315293438112,-71.78315293438112
2033.3300570297242,-71.78500232062854,-71.78500232062854
2033.3400570297242,-71.78684671131208,-71.78684671131208
2033.3500570297242,-71.78868633274969,-71.78868633274969
2033.3600570297242,-71.79052140863875,-71.79052140863875
2033.3700570297242,-71.79235216005993,-71.79235216005993
2033.3800570297242,-71.79417880550884,-71.79417880550884
2033.3900570297242,-71.79600156087822,-71.79600156087822
2033.4000570297242,-71.79782063945933,-71.79782063945933
2033.4100570297242,-71.79963625197398,-71.79963625197398
2033.4200570297241,-71.80144860655867,-71.80144860655867
2033.4300570297241,-71.8032579087725,-71.8032579087725
2033.4400570297241,-71.80506436161107,-71.80506436161107
2033.4500570297241,-71.80686816549554,-71.80686816549554
2033.460057029724,-71.80866951830146,-71.80866951830146
2033.470057029724,-71.81046861533807,-71.81046861533807
2033.480057029724,-71.81226564938565,-71.81226564938565
2033.490057029724,-71.81406081067391,-71.81406081067391
2033.500057029724,-71.81585428691238,-71.81585428691238
2033.510057029724,-71.81764626327623,-71.81764626327623
2033.520057029724,-71.81943692243823,-71.81943692243823
2033.530057029724,-71.82122644456658,-71.82122644456658
2033.540057029724,-71.82301500733298,-71.82301500733298
2033.550057029724,-71.82480278592752,-71.82480278592752
2033.560057029724,-71.82658995307435,-71.82658995307435
2033.570057029724,-71.82837667903478,-71.82837667903478
2033.5800570297242,-71.83016313163687,-71.83016313163687
2033.5900570297242,-71.83194947626293,-71.83194947626293
2033.6000570297242,-71.83373587588224,-71.83373587588224
2033.6100570297242,-71.83552249105942,-71.83552249105942
2033.6200570297242,-71.83730947996297,-71.83730947996297
2033.6300570297242,-71.83909699840373,-71.83909699840373
2033.6400570297242,-71.84088519982716,-71.84088519982716
2033.6500570297242,-71.84267423532901,-71.84267423532901
2033.6600570297242,-71.84446425369418,-71.84446425369418
2033.6700570297241,-71.8462554013925,-71.8462554013925
2033.6800570297241,-71.84804782259992,-71.84804782259992
2033.6900570297241,-71.84984165922894,-71.84984165922894
2033.7000570297241,-71.85163705093201,-71.85163705093201
2033.710057029724,-71.85343413512335,-71.85343413512335
2033.720057029724,-71.85523304700696,-71.85523304700696
2033.730057029724,-71.85703391958208,-71.85703391958208
2033.740057029724,-71.85883688367754,-71.85883688367754
2033.750057029724,-71.86064206795663,-71.86064206795663
2033.760057029724,-71.8624495989527,-71.8624495989527
2033.770057029724,-71.86425960106733,-71.86425960106733
2033.780057029724,-71.86607219659759,-71.86607219659759
2033.790057029724,-71.86788750577982,-71.86788750577982
2033.800057029724,-71.86970564678438,-71.86970564678438
2033.810057029724,-71.87152673573615,-71.87152673573615
2033.820057029724,-71.87335088675816,-71.87335088675816
2033.8300570297242,-71.87517821195914,-71.87517821195914
2033.8400570297242,-71.87700882148374,-71.87700882148374
2033.8500570297242,-71.8788428235185,-71.8788428235185
2033.8600570297242,-71.88068032431346,-71.88068032431346
2033.8700570297242,-71.88252142820384,-71.88252142820384
2033.8800570297242,-71.8843662376429,-71.8843662376429
2033.8900570297242,-71.88621485320218,-71.88621485320218
2033.9000570297242,-71.8880673736056,-71.8880673736056
2033.9100570297242,-71.88992389573983,-71.88992389573983
2033.9200570297241,-71.8917845147003,-71.8917845147003
2033.9300570297241,-71.8936493237816,-71.8936493237816
2033.9400570297241,-71.89551841451929,-71.89551841451929
2033.9500570297241,-71.89739187669545,-71.89739187669545
2033.960057029724,-71.89926353215168,-71.89926353215168
2033.970057029724,-71.90113072488761,-71.90113072488761
2033.980057029724,-71.90299220603558,-71.90299220603558
2033.990057029724,-71.90484737733375,-71.90484737733375
2034.000057029724,-71.90669600234243,-71.90669600234243
2034.010057029724,-71.90853805644134,-71.90853805644134
2034.020057029724,-71.9103736388619,-71.9103736388619
2034.030057029724,-71.91216673571834,-71.91216673571834
2034.040057029724,-71.913916798265,-71.913916798265
2034.050057053566,-71.91562516941003,-71.91562516941003
2034.060057053566,-71.91729204000421,-71.91729204000421
2034.070057053566,-71.91891676438614,-71.91891676438614
2034.080057053566,-71.92049822222248,-71.92049822222248
2034.090057053566,-71.92203506337164,-71.92203506337164
2034.100057053566,-71.923525851397,-71.923525851397
2034.110057053566,-71.92496914941583,-71.92496914941583
2034.120057053566,-71.92636357131485,-71.92636357131485
2034.130057053566,-71.92770781159514,-71.92770781159514
2034.140057053566,-71.92900066181376,-71.92900066181376
2034.150057053566,-71.93024101855951,-71.93024101855951
2034.1600570535659,-71.93142788601621,-71.93142788601621
2034.1700570535659,-71.93256037519829,-71.93256037519829
2034.180057053566,-71.93363770112197,-71.93363770112197
2034.190057053566,-71.93465917874958,-71.93465917874958
2034.200057053566,-71.93562421829762,-71.93562421829762
2034.210057053566,-71.93652605174101,-71.93652605174101
2034.220057053566,-71.93736152215432,-71.93736152215432
2034.230057053566,-71.93812896271285,-71.93812896271285
2034.240057053566,-71.93882743491113,-71.93882743491113
2034.250057053566,-71.93945643495222,-71.93945643495222
2034.260057053566,-71.9400157391755,-71.9400157391755
2034.270057053566,-71.9405053117797,-71.9405053117797
2034.280057053566,-71.94092524790433,-71.94092524790433
2034.290057053566,-71.94127573807464,-71.94127573807464
2034.300057053566,-71.9415570455312,-71.9415570455312
2034.310057053566,-71.94176949154436,-71.94176949154436
2034.320057053566,-71.94191344558597,-71.94191344558597
2034.330057053566,-71.94198931858111,-71.94198931858111
2034.340057053566,-71.9419975580337,-71.9419975580337
2034.350057053566,-71.94193864442347,-71.94193864442347
2034.360057053566,-71.94181308831442,-71.94181308831442
2034.370057053566,-71.94162142801996,-71.94162142801996
2034.380057053566,-71.94136422759647,-71.94136422759647
2034.390057053566,-71.94104207502707,-71.94104207502707
2034.400057053566,-71.94065558060724,-71.94065558060724
2034.4100570535659,-71.9402053754223,-71.9402053754223
2034.4200570535659,-71.93969210991358,-71.93969210991358
2034.430057053566,-71.93911645254016,-71.93911645254016
2034.440057053566,-71.9384790884671,-71.9384790884671
2034.450057053566,-71.937780718325,-71.937780718325
2034.460057053566,-71.93702205703815,-71.93702205703815
2034.470057053566,-71.93620383266547,-71.93620383266547
2034.480057053566,-71.93532678531409,-71.93532678531409
2034.490057053566,-71.93439166610186,-71.93439166610186
2034.500057053566,-71.93339923613071,-71.93339923613071
2034.510057053566,-71.9323502655461,-71.9323502655461
2034.520057053566,-71.9312455325894,-71.9312455325894
2034.530057053566,-71.93008582276303,-71.93008582276303
2034.540057053566,-71.92887192794005,-71.92887192794005
2034.550057053566,-71.92760464559241,-71.92760464559241
2034.560057053566,-71.9262847780272,-71.9262847780272
2034.570057053566,-71.92491313165964,-71.92491313165964
2034.580057053566,-71.9234905162999,-71.9234905162999
2034.590057053566,-71.92201774450925,-71.92201774450925
2034.600057053566,-71.92049563099937,-71.92049563099937
2034.610057053566,-71.91892499199264,-71.91892499199264
2034.620057053566,-71.91730664469213,-71.91730664469213
2034.630057053566,-71.9156414067269,-71.9156414067269
2034.640057053566,-71.91393009565202,-71.91393009565202
2034.650057053566,-71.91217352847988,-71.91217352847988
2034.6600570535659,-71.91037252120005,-71.91037252120005
2034.6700570535659,-71.90852788837248,-71.90852788837248
2034.680057053566,-71.90664044271625,-71.90664044271625
2034.690057053566,-71.90471099471556,-71.90471099471556
2034.700057053566,-71.90274035227345,-71.90274035227345
2034.710057053566,-71.90072932035442,-71.90072932035442
2034.720057053566,-71.89867870066298,-71.89867870066298
2034.730057053566,-71.8965892913696,-71.8965892913696
2034.740057053566,-71.89446188679152,-71.89446188679152
2034.750057053566,-71.89229727712885,-71.89229727712885
2034.760057053566,-71.89009624824041,-71.89009624824041
2034.770057053566,-71.8878501049803,-71.8878501049803
2034.780057053566,-71.88554827571897,-71.88554827571897
2034.790057053566,-71.88318159829139,-71.88318159829139
2034.800057053566,-71.88074284908058,-71.88074284908058
2034.810057053566,-71.8782264663102,-71.8782264663102
2034.820057053566,-71.87562817384905,-71.87562817384905
2034.830057053566,-71.87294467794418,-71.87294467794418
2034.840057053566,-71.87017344934756,-71.87017344934756
2034.850057053566,-71.86731256943445,-71.86731256943445
2034.860057053566,-71.86436061917749,-71.86436061917749
2034.870057053566,-71.86131659600244,-71.86131659600244
2034.880057053566,-71.85817984899354,-71.85817984899354
2034.890057053566,-71.85495002688522,-71.85495002688522
2034.9000570774078,-71.85162702712366,-71.85162702712366
2034.9100570774078,-71.84821099124817,-71.84821099124817
2034.9200570774078,-71.84470222746326,-71.84470222746326
2034.9300570774078,-71.84110121520649,-71.84110121520649
2034.9400570774078,-71.83740857488498,-71.83740857488498
2034.9500570774078,-71.8336250483008,-71.8336250483008
2034.9600570774078,-71.82974522534201,-71.82974522534201
2034.9700570774078,-71.8257673078556,-71.8257673078556
2034.9800570774078,-71.82169098435853,-71.82169098435853
2034.9900570774078,-71.8175166628361,-71.8175166628361
2035.0000570774077,-71.81324517203466,-71.81324517203466
2035.0100570774077,-71.80887760245325,-71.80887760245325
2035.0200570774077,-71.80441521051925,-71.80441521051925
2035.030057077408,-71.79985935881076,-71.79985935881076
2035.040057077408,-71.79521147826759,-71.79521147826759
2035.050057077408,-71.79047304386631,-71.79047304386631
2035.060057077408,-71.78564555867413,-71.78564555867413
2035.070057077408,-71.78073054320623,-71.78073054320623
2035.080057077408,-71.77572952806838,-71.77572952806838
2035.090057077408,-71.77064404883102,-71.77064404883102
2035.1000570774079,-71.76547564227685,-71.76547564227685
2035.1100570774079,-71.76022584365188,-71.76022584365188
2035.1200570774079,-71.75489618450746,-71.75489618450746
2035.1300570774079,-71.7494881910422,-71.7494881910422
2035.1400570774078,-71.74400338271975,-71.74400338271975
2035.1500570774078,-71.73844327117801,-71.73844327117801
2035.1600570774078,-71.73280935927174,-71.73280935927174
2035.1700570774078,-71.7271031402479,-71.7271031402479
2035.1800570774078,-71.72132609707269,-71.72132609707269
2035.1900570774078,-71.71547970182688,-71.71547970182688
2035.2000570774078,-71.709565415163,-71.709565415163
2035.2100570774078,-71.70358468583962,-71.70358468583962
2035.2200570774078,-71.69753895032356,-71.69753895032356
2035.2300570774078,-71.69142963244845,-71.69142963244845
2035.2400570774078,-71.68525814307313,-71.68525814307313
2035.2500570774077,-71.67902587983738,-71.67902587983738
2035.2600570774077,-71.67273422692416,-71.67273422692416
2035.2700570774077,-71.66638455483422,-71.66638455483422
2035.280057077408,-71.65997822026571,-71.65997822026571
2035.290057077408,-71.6535165659324,-71.6535165659324
2035.300057077408,-71.647000920468,-71.647000920468
2035.310057077408,-71.64043259832164,-71.64043259832164
2035.320057077408,-71.63381289969085,-71.63381289969085
2035.330057077408,-71.62714311047154,-71.62714311047154
2035.340057077408,-71.62042450222168,-71.62042450222168
2035.3500570774079,-71.61365833212358,-71.61365833212358
2035.3600570774079,-71.60684584300034,-71.60684584300034
2035.3700570774079,-71.5999882633216,-71.5999882633216
2035.3800570774079,-71.59308680721101,-71.59308680721101
2035.3900570774078,-71.58614267447733,-71.58614267447733
2035.4000570774078,-71.57915705066388,-71.57915705066388
2035.4100570774078,-71.5721311070886,-71.5721311070886
2035.4200570774078,-71.56506600089962,-71.56506600089962
2035.4300570774078,-71.55796287514836,-71.55796287514836
2035.4400570774078,-71.55082285884968,-71.55082285884968
2035.4500570774078,-71.5436470670659,-71.5436470670659
2035.4600570774078,-71.53643037163388,-71.53643037163388
2035.4700570774078,-71.52917113946117,-71.52917113946117
2035.4800570774078,-71.52186912906727,-71.52186912906727
2035.4900570774078,-71.51452473763479,-71.51452473763479
2035.5000570774077,-71.507138712995,-71.507138712995
2035.5100570774077,-71.49971200359684,-71.49971200359684
2035.5200570774077,-71.49224567031416,-71.49224567031416
2035.530057077408,-71.48474083336265,-71.48474083336265
2035.540057077408,-71.47719864036387,-71.47719864036387
2035.550057077408,-71.46962024714595,-71.46962024714595
2035.560057077408,-71.46200680636528,-71.46200680636528
2035.570057077408,-71.45435946083896,-71.45435946083896
2035.580057077408,-71.44667933980874,-71.44667933980874
2035.590057077408,-71.43896755691192,-71.43896755691192
2035.6000570774079,-71.4312252092778,-71.4312252092778
2035.6100570774079,-71.42345337722855,-71.42345337722855
2035.6200570774079,-71.41565312435935,-71.41565312435935
2035.6300570774079,-71.40782549782186,-71.40782549782186
2035.6400570774078,-71.39997152872978,-71.39997152872978
2035.6500570774078,-71.39209223258584,-71.39209223258584
2035.6600570774078,-71.38418860972509,-71.38418860972509
2035.6700570774078,-71.37626164572852,-71.37626164572852
2035.6800570774078,-71.36831231185046,-71.36831231185046
2035.6900570774078,-71.36034156538625,-71.36034156538625
2035.7000570774078,-71.35235034999627,-71.35235034999627
2035.7100570774078,-71.34433959605322,-71.34433959605322
2035.7200570774078,-71.33631022089678,-71.33631022089678
2035.7300570774078,-71.32826312911962,-71.32826312911962
2035.7400570774078,-71.3201992127903,-71.3201992127903
2035.7500571012497,-71.31211933244583,-71.31211933244583
2035.7600571012497,-71.30402439421917,-71.30402439421917
2035.7700571012497,-71.29591523468585,-71.29591523468585
2035.7800571012497,-71.28779269788498,-71.28779269788498
2035.7900571012497,-71.27965761629112,-71.27965761629112
2035.8000571012496,-71.27151081095461,-71.27151081095461
2035.8100571012496,-71.26335309167064,-71.26335309167064
2035.8200571012496,-71.25518525709045,-71.25518525709045
2035.8300571012496,-71.24700809486067,-71.24700809486067
2035.8400571012496,-71.238822381769,-71.238822381769
2035.8500571012496,-71.23062888383767,-71.23062888383767
2035.8600571012496,-71.22242835645596,-71.22242835645596
2035.8700571012496,-71.21422154450634,-71.21422154450634
2035.8800571012498,-71.20600918244874,-71.20600918244874
2035.8900571012498,-71.19779199445036,-71.19779199445036
2035.9000571012498,-71.1895706945,-71.1895706945
2035.9100571012498,-71.181345986501,-71.181345986501
2035.9200571012498,-71.17311856436224,-71.17311856436224
2035.9300571012498,-71.16488911213382,-71.16488911213382
2035.9400571012497,-71.15665830407981,-71.15665830407981
2035.9500571012497,-71.14842680479101,-71.14842680479101
2035.9600571012497,-71.14019526928693,-71.14019526928693
2035.9700571012497,-71.13196434310103,-71.13196434310103
2035.9800571012497,-71.12373466239883,-71.12373466239883
2035.9900571012497,-71.11550685406173,-71.11550685406173
2036.0000571012497,-71.107281535772,-71.107281535772
2036.0100571012497,-71.09905931613376,-71.09905931613376
2036.0200571012497,-71.0908407947537,-71.0908407947537
2036.0300571012497,-71.08262656233552,-71.08262656233552
2036.0400571012497,-71.07441720077506,-71.07441720077506
2036.0500571012496,-71.06621328325137,-71.06621328325137
2036.0600571012496,-71.05801537432896,-71.05801537432896
2036.0700571012496,-71.04982403004108,-71.04982403004108
2036.0800571012496,-71.04163979798096,-71.04163979798096
2036.0900571012496,-71.03346321740075,-71.03346321740075
2036.1000571012496,-71.02529481928796,-71.02529481928796
2036.1100571012496,-71.01713512647565,-71.01713512647565
2036.1200571012496,-71.00898465372536,-71.00898465372536
2036.1300571012498,-71.00084390780444,-71.00084390780444
2036.1400571012498,-70.99271338757785,-70.99271338757785
2036.1500571012498,-70.98459358411586,-70.98459358411586
2036.1600571012498,-70.9764849807532,-70.9764849807532
2036.1700571012498,-70.96838805320478,-70.96838805320478
2036.1800571012498,-70.9603032696284,-70.9603032696284
2036.1900571012497,-70.95223109071577,-70.95223109071577
2036.2000571012497,-70.94417196978614,-70.94417196978614
2036.2100571012497,-70.93612017651039,-70.93612017651039
2036.2200571012497,-70.92807345333821,-70.92807345333821
2036.2300571012497,-70.9200309297079,-70.9200309297079
2036.2400571012497,-70.91199237528616,-70.91199237528616
2036.2500571012497,-70.90395791420545,-70.90395791420545
2036.2600571012497,-70.89592787607158,-70.89592787607158
2036.2700571012497,-70.88790270834747,-70.88790270834747
2036.2800571012497,-70.8798829235833,-70.8798829235833
2036.2900571012497,-70.8718690676173,-70.8718690676173
2036.3000571012496,-70.8638617004956,-70.8638617004956
2036.3100571012496,-70.85586138510784,-70.85586138510784
2036.3200571012496,-70.84786868053041,-70.84786868053041
2036.3300571012496,-70.83988413827672,-70.83988413827672
2036.3400571012496,-70.83190830029427,-70.83190830029427
2036.3500571012496,-70.8239416979971,-70.8239416979971
2036.3600571012496,-70.81598485198455,-70.81598485198455
2036.3700571012496,-70.80803827206834,-70.80803827206834
2036.3800571012498,-70.8001024575594,-70.8001024575594
2036.3900571012498,-70.79217789759774,-70.79217789759774
2036.4000571012498,-70.78426507158915,-70.78426507158915
2036.4100571012498,-70.77636444959452,-70.77636444959452
2036.4200571012498,-70.76847649272459,-70.76847649272459
2036.4300571012498,-70.76060165351412,-70.76060165351412
2036.4400571012497,-70.75274037624965,-70.75274037624965
2036.4500571012497,-70.74489309728796,-70.74489309728796
2036.4600571012497,-70.73706024531896,-70.73706024531896
2036.4700571012497,-70.72924224162475,-70.72924224162475
2036.4800571012497,-70.72143950028689,-70.72143950028689
2036.4900571012497,-70.71365242839826,-70.71365242839826
2036.5000571012497,-70.70588142622634,-70.70588142622634
2036.5100571012497,-70.6981268873918,-70.6981268873918
2036.5200571012497,-70.69038919898065,-70.69038919898065
2036.5300571012497,-70.68266874171117,-70.68266874171117
2036.5400571012497,-70.67496589002342,-70.67496589002342
2036.5500571012496,-70.66728101220474,-70.66728101220474
2036.5600571012496,-70.6596144704859,-70.6596144704859
2036.5700571012496,-70.65196662112908,-70.65196662112908
2036.5800571012496,-70.64433781452706,-70.64433781452706
2036.5900571012496,-70.63672839525803,-70.63672839525803
2036.6000571250916,-70.62913868412133,-70.62913868412133
2036.6100571250915,-70.62156905052255,-70.62156905052255
2036.6200571250915,-70.61401980397844,-70.61401980397844
2036.6300571250915,-70.60649126660816,-70.60649126660816
2036.6400571250915,-70.5989837550857,-70.5989837550857
2036.6500571250915,-70.59149758069395,-70.59149758069395
2036.6600571250915,-70.58403304937836,-70.58403304937836
2036.6700571250915,-70.57659046181936,-70.57659046181936
2036.6800571250915,-70.56917011347997,-70.56917011347997
2036.6900571250915,-70.56177229465995,-70.56177229465995
2036.7000571250915,-70.55439729056548,-70.55439729056548
2036.7100571250915,-70.54704538133878,-70.54704538133878
2036.7200571250914,-70.539716842133,-70.539716842133
2036.7300571250917,-70.53241194314278,-70.53241194314278
2036.7400571250917,-70.52513094968766,-70.52513094968766
2036.7500571250916,-70.51787412221603,-70.51787412221603
2036.7600571250916,-70.51064171642436,-70.51064171642436
2036.7700571250916,-70.50343398322899,-70.50343398322899
2036.7800571250916,-70.49625116887563,-70.49625116887563
2036.7900571250916,-70.48909351496599,-70.48909351496599
2036.8000571250916,-70.48196125850887,-70.48196125850887
2036.8100571250916,-70.47485463196769,-70.47485463196769
2036.8200571250916,-70.46777386332847,-70.46777386332847
2036.8300571250916,-70.46071917611276,-70.46071917611276
2036.8400571250916,-70.45369078944513,-70.45369078944513
2036.8500571250916,-70.44668891812638,-70.44668891812638
2036.8600571250915,-70.43971377263833,-70.43971377263833
2036.8700571250915,-70.43276555922388,-70.43276555922388
2036.8800571250915,-70.4258444799127,-70.4258444799127
2036.8900571250915,-70.41895073258713,-70.41895073258713
2036.9000571250915,-70.41208451101622,-70.41208451101622
2036.9100571250915,-70.4052460049011,-70.4052460049011
2036.9200571250915,-70.39843539995181,-70.39843539995181
2036.9300571250915,-70.39165287788055,-70.39165287788055
2036.9400571250915,-70.38489861650707,-70.38489861650707
2036.9500571250915,-70.37817278975848,-70.37817278975848
2036.9600571250915,-70.37147556773081,-70.37147556773081
2036.9700571250914,-70.36480711674379,-70.36480711674379
2036.9800571250917,-70.35813222868408,-70.35813222868408
2036.9900571250917,-70.35145036740192,-70.35145036740192
2037.0000571250916,-70.34476284409808,-70.34476284409808
2037.0100571250916,-70.33806986602204,-70.33806986602204
2037.0200571250916,-70.33137082308455,-70.33137082308455
2037.0300571250916,-70.32466465739321,-70.32466465739321
2037.0400571250916,-70.31795009590982,-70.31795009590982
2037.0500571250916,-70.31122578812548,-70.31122578812548
2037.0600571250916,-70.30449038742474,-70.30449038742474
2037.0700571250916,-70.29774259893783,-70.29774259893783
2037.0800571250916,-70.29098120692841,-70.29098120692841
2037.0900571250916,-70.28420508940174,-70.28420508940174
2037.1000571250916,-70.27741322472517,-70.27741322472517
2037.1100571250915,-70.27060469327812,-70.27060469327812
2037.1200571250915,-70.26377867603595,-70.26377867603595
2037.1300571250915,-70.25693445128549,-70.25693445128549
2037.1400571250915,-70.2500713902992,-70.2500713902992
2037.1500571250915,-70.24318895251167,-70.24318895251167
2037.1600571250915,-70.2362866804079,-70.2362866804079
2037.1700571250915,-70.22936419449475,-70.22936419449475
2037.1800571250915,-70.22242118830248,-70.22242118830248
2037.1900571250915,-70.21545742365646,-70.21545742365646
2037.2000571250915,-70.20847272611893,-70.20847272611893
2037.2100571250915,-70.20146698073201,-70.20146698073201
2037.2200571250914,-70.19444012798549,-70.19444012798549
2037.2300571250917,-70.18739216000908,-70.18739216000908
2037.2400571250917,-70.18032311707869,-70.18032311707869
2037.2500571250916,-70.17323308426785,-70.17323308426785
2037.2600571250916,-70.16612218836157,-70.16612218836157
2037.2700571250916,-70.15899059496209,-70.15899059496209
2037.2800571250916,-70.1518385057701,-70.1518385057701
2037.2900571250916,-70.1446661560494,-70.1446661560494
2037.3000571250916,-70.13747381224357,-70.13747381224357
2037.3100571250916,-70.13026176974822,-70.13026176974822
2037.3200571250916,-70.12303035082647,-70.12303035082647
2037.3300571250916,-70.1157799026318,-70.1157799026318
2037.3400571250916,-70.10851079536864,-70.10851079536864
2037.3500571250916,-70.10122342056495,-70.10122342056495
2037.3600571250915,-70.09391818943725,-70.09391818943725
2037.3700571250915,-70.08659553136543,-70.08659553136543
2037.3800571250915,-70.07925589243987,-70.07925589243987
2037.3900571250915,-70.07189973410728,-70.07189973410728
2037.4000571250915,-70.06452753188756,-70.06452753188756
2037.4100571250915,-70.05713977417322,-70.05713977417322
2037.4200571250915,-70.04973696108661,-70.04973696108661
2037.4300571250915,-70.04231960340043,-70.04231960340043
2037.4400571250915,-70.03488822153882,-70.03488822153882
2037.4500571489334,-70.02744332689517,-70.02744332689517
2037.4600571489334,-70.01998549176379,-70.01998549176379
2037.4700571489334,-70.01251524235666,-70.01251524235666
2037.4800571489334,-70.00503312862962,-70.00503312862962
2037.4900571489334,-69.99753970593181,-69.99753970593181
2037.5000571489334,-69.99003553429901,-69.99003553429901
2037.5100571489334,-69.98252117775634,-69.98252117775634
2037.5200571489333,-69.97499720367324,-69.97499720367324
2037.5300571489333,-69.9674641821952,-69.9674641821952
2037.5400571489333,-69.95992268563732,-69.95992268563732
2037.5500571489333,-69.95237328798491,-69.95237328798491
2037.5600571489333,-69.944816564366,-69.944816564366
2037.5700571489333,-69.93725309058684,-69.93725309058684
2037.5800571489335,-69.92968344269123,-69.92968344269123
2037.5900571489335,-69.92210819653715,-69.92210819653715
2037.6000571489335,-69.91452792738511,-69.91452792738511
2037.6100571489335,-69.90694320953814,-69.90694320953814
2037.6200571489335,-69.89935461599802,-69.89935461599802
2037.6300571489335,-69.89176271812134,-69.89176271812134
2037.6400571489335,-69.88416808531072,-69.88416808531072
2037.6500571489335,-69.87657128473178,-69.87657128473178
2037.6600571489334,-69.86897288103377,-69.86897288103377
2037.6700571489334,-69.86137343609417,-69.86137343609417
2037.6800571489334,-69.85377350878731,-69.85377350878731
2037.6900571489334,-69.84617365475042,-69.84617365475042
2037.7000571489334,-69.83857442616927,-69.83857442616927
2037.7100571489334,-69.83097637159355,-69.83097637159355
2037.7200571489334,-69.8233800357549,-69.8233800357549
2037.7300571489334,-69.81578595938934,-69.81578595938934
2037.7400571489334,-69.80819467908121,-69.80819467908121
2037.7500571489334,-69.80060672711332,-69.80060672711332
2037.7600571489334,-69.79302263133505,-69.79302263133505
2037.7700571489333,-69.78544291504863,-69.78544291504863
2037.7800571489333,-69.77786809686101,-69.77786809686101
2037.7900571489333,-69.77029869060036,-69.77029869060036
2037.8000571489333,-69.76273520521555,-69.76273520521555
2037.8100571489333,-69.75517814468589,-69.75517814468589
2037.8200571489333,-69.7476280079289,-69.7476280079289
2037.8300571489335,-69.74008528873588,-69.74008528873588
2037.8400571489335,-69.73255047571546,-69.73255047571546
2037.8500571489335,-69.72502405219353,-69.72502405219353
2037.8600571489335,-69.7175064962026,-69.7175064962026
2037.8700571489335,-69.70999828040942,-69.70999828040942
2037.8800571489335,-69.70249987207036,-69.70249987207036
2037.8900571489335,-69.69501173302142,-69.69501173302142
2037.9000571489335,-69.68753431961272,-69.68753431961272
2037.9100571489334,-69.6800680826942,-69.6800680826942
2037.9200571489334,-69.67261346760537,-69.67261346760537
2037.9300571489334,-69.6651709141423,-69.6651709141423
2037.9400571489334,-69.65774085653835,-69.65774085653835
2037.9500571489334,-69.6503237234794,-69.6503237234794
2037.9600571489334,-69.64291387291796,-69.64291387291796
2037.9700571489334,-69.63550907430889,-69.63550907430889
2037.9800571489334,-69.62810846133614,-69.62810846133614
2037.9900571489334,-69.62071179874849,-69.62071179874849
2038.0000571489334,-69.61331920144707,-69.61331920144707
2038.0100571489334,-69.60593098791695,-69.60593098791695
2038.0200571489333,-69.59854759387885,-69.59854759387885
2038.0300571489333,-69.5911695202436,-69.5911695202436
2038.0400571489333,-69.58379730165744,-69.58379730165744
2038.0500571489333,-69.57643148765,-69.57643148765
2038.0600571489333,-69.56907263133665,-69.56907263133665
2038.0700571489333,-69.56172128280866,-69.56172128280866
2038.0800571489335,-69.55437798537373,-69.55437798537373
2038.0900571489335,-69.54704327353332,-69.54704327353332
2038.1000571489335,-69.53971767199133,-69.53971767199133
2038.1100571489335,-69.53240169530481,-69.53240169530481
2038.1200571489335,-69.52509584791311,-69.52509584791311
2038.1300571489335,-69.51780062436997,-69.51780062436997
2038.1400571489335,-69.51051650964197,-69.51051650964197
2038.1500571489335,-69.50324397950482,-69.50324397950482
2038.1600571489334,-69.49598350089579,-69.49598350089579
2038.1700571489334,-69.48873553229802,-69.48873553229802
2038.1800571489334,-69.48150052405927,-69.48150052405927
2038.1900571489334,-69.47427891870196,-69.47427891870196
2038.2000571489334,-69.46707115122595,-69.46707115122595
2038.2100571489334,-69.45987764931863,-69.45987764931863
2038.2200571489334,-69.45269883362027,-69.45269883362027
2038.2300571489334,-69.44553511788914,-69.44553511788914
2038.2400571489334,-69.43838690917718,-69.43838690917718
2038.2500571489334,-69.43125460802442,-69.43125460802442
2038.2600571489334,-69.42413860855436,-69.42413860855436
2038.2700571489333,-69.41703929861922,-69.41703929861922
2038.2800571489333,-69.40995705990866,-69.40995705990866
2038.2900571489333,-69.40289226806414,-69.40289226806414
2038.3000571727753,-69.39584527597097,-69.39584527597097
2038.3100571727753,-69.38881648101685,-69.38881648101685
2038.3200571727753,-69.38180622437048,-69.38180622437048
2038.3300571727752,-69.37481485828143,-69.37481485828143
2038.3400571727752,-69.36784272933494,-69.36784272933494
2038.3500571727752,-69.36089017853492,-69.36089017853492
2038.3600571727752,-69.35395754133285,-69.35395754133285
2038.3700571727752,-69.34704514770344,-69.34704514770344
2038.3800571727752,-69.34015332221112,-69.34015332221112
2038.3900571727752,-69.33328238403509,-69.33328238403509
2038.4000571727752,-69.32643264704502,-69.32643264704502
2038.4100571727752,-69.31960441984484,-69.31960441984484
2038.4200571727752,-69.31279800582243,-69.31279800582243
2038.4300571727754,-69.30601370319386,-69.30601370319386
2038.4400571727754,-69.29925180506669,-69.29925180506669
2038.4500571727754,-69.29251259946771,-69.29251259946771
2038.4600571727754,-69.28579636940316,-69.28579636940316
2038.4700571727753,-69.27910339291135,-69.27910339291135
2038.4800571727753,-69.27243394309286,-69.27243394309286
2038.4900571727753,-69.26578828816952,-69.26578828816952
2038.5000571727753,-69.25916669152693,-69.25916669152693
2038.5100571727753,-69.25256941176599,-69.25256941176599
2038.5200571727753,-69.24599670273936,-69.24599670273936
2038.5300571727753,-69.23944881359621,-69.23944881359621
2038.5400571727753,-69.23292598885959,-69.23292598885959
2038.5500571727753,-69.22642846842345,-69.22642846842345
2038.5600571727753,-69.21995648763719,-69.21995648763719
2038.5700571727753,-69.21351027733846,-69.21351027733846
2038.5800571727752,-69.2070900638957,-69.2070900638957
2038.5900571727752,-69.20069606926201,-69.20069606926201
2038.6000571727752,-69.19432851102304,-69.19432851102304
2038.6100571727752,-69.18798760242758,-69.18798760242758
2038.6200571727752,-69.18167355245583,-69.18167355245583
2038.6300571727752,-69.17538656584625,-69.17538656584625
2038.6400571727752,-69.16912684315012,-69.16912684315012
2038.6500571727752,-69.16289458078472,-69.16289458078472
2038.6600571727752,-69.15668997106279,-69.15668997106279
2038.6700571727752,-69.15051320224562,-69.15051320224562
2038.6800571727754,-69.14436445860234,-69.14436445860234
2038.6900571727754,-69.13824392043999,-69.13824392043999
2038.7000571727754,-69.13215176414438,-69.13215176414438
2038.7100571727754,-69.12608816223577,-69.12608816223577
2038.7200571727753,-69.12005328341942,-69.12005328341942
2038.7300571727753,-69.11404729261787,-69.11404729261787
2038.7400571727753,-69.10807035101625,-69.10807035101625
2038.7500571727753,-69.10212261611797,-69.10212261611797
2038.7600571727753,-69.09620424177473,-69.09620424177473
2038.7700571727753,-69.09031537824654,-69.09031537824654
2038.7800571727753,-69.0844561722406,-69.0844561722406
2038.7900571727753,-69.07862676693442,-69.07862676693442
2038.8000571727753,-69.07282730205823,-69.07282730205823
2038.8100571727753,-69.06705791389153,-69.06705791389153
2038.8200571727753,-69.06131873535156,-69.06131873535156
2038.8300571727752,-69.05560989601356,-69.05560989601356
2038.8400571727752,-69.04993152213933,-69.04993152213933
2038.8500571727752,-69.04428373675191,-69.04428373675191
2038.8600571727752,-69.03866665964541,-69.03866665964541
2038.8700571727752,-69.0330804074431,-69.0330804074431
2038.8800571727752,-69.02752509365504,-69.02752509365504
2038.8900571727752,-69.02200082867454,-69.02200082867454
2038.9000571727752,-69.01650771985537,-69.01650771985537
2038.9100571727752,-69.0110458715433,-69.0110458715433
2038.9200571727752,-69.00561538510145,-69.00561538510145
2038.9300571727754,-69.00021635897386,-69.00021635897386
2038.9400571727754,-68.99484888870688,-68.99484888870688
2038.9500571727754,-68.9895130669924,-68.9895130669924
2038.9600571727754,-68.98420297445135,-68.98420297445135
2038.9700571727753,-68.97891607365838,-68.97891607365838
2038.9800571727753,-68.97365118119905,-68.97365118119905
2038.9900571727753,-68.96840774141167,-68.96840774141167
2039.0000571727753,-68.96318554818534,-68.96318554818534
2039.0100571727753,-68.95798459979993,-68.95798459979993
2039.0200571727753,-68.95280501344367,-68.95280501344367
2039.0300571727753,-68.94764697366946,-68.94764697366946
2039.0400571727753,-68.94251070131976,-68.94251070131976
2039.0500571727753,-68.93739643483359,-68.93739643483359
2039.0600571727753,-68.93230441912213,-68.93230441912213
2039.0700571727753,-68.92723489903551,-68.92723489903551
2039.0800571727752,-68.92218811565509,-68.92218811565509
2039.0900571727752,-68.91716430429518,-68.91716430429518
2039.1000571727752,-68.91216369354686,-68.91216369354686
2039.1100571727752,-68.90718650495668,-68.90718650495668
2039.1200571727752,-68.90223295303997,-68.90223295303997
2039.1300571727752,-68.89730324551552,-68.89730324551552
2039.1400571727752,-68.8923975836231,-68.8923975836231
2039.1500571966171,-68.88751615087442,-68.88751615087442
2039.1600571966171,-68.88265915995605,-68.88265915995605
2039.170057196617,-68.87782678318044,-68.87782678318044
2039.180057196617,-68.87301919951025,-68.87301919951025
2039.190057196617,-68.8682365831343,-68.8682365831343
2039.200057196617,-68.86347910376256,-68.86347910376256
2039.210057196617,-68.85874692684366,-68.85874692684366
2039.220057196617,-68.85404021379608,-68.85404021379608
2039.230057196617,-68.84935912217848,-68.84935912217848
2039.240057196617,-68.84470380585782,-68.84470380585782
2039.250057196617,-68.84007441515173,-68.84007441515173
2039.260057196617,-68.83547109693751,-68.83547109693751
2039.270057196617,-68.83089399479206,-68.83089399479206
2039.2800571966172,-68.82634324905301,-68.82634324905301
2039.2900571966172,-68.82181899693117,-68.82181899693117
2039.3000571966172,-68.81732137256868,-68.81732137256868
2039.3100571966172,-68.8128505071077,-68.8128505071077
2039.3200571966172,-68.80840652875547,-68.80840652875547
2039.3300571966172,-68.80398956282943,-68.80398956282943
2039.3400571966172,-68.79959973181064,-68.79959973181064
2039.3500571966172,-68.7952371553834,-68.7952371553834
2039.3600571966172,-68.79090195047941,-68.79090195047941
2039.3700571966172,-68.78659423131607,-68.78659423131607
2039.3800571966171,-68.78231410941676,-68.78231410941676
2039.3900571966171,-68.77806169366251,-68.77806169366251
2039.4000571966171,-68.77383709030906,-68.77383709030906
2039.4100571966171,-68.76964040301431,-68.76964040301431
2039.420057196617,-68.76547173287797,-68.76547173287797
2039.430057196617,-68.7613311784442,-68.7613311784442
2039.440057196617,-68.75721883575677,-68.75721883575677
2039.450057196617,-68.75313479836264,-68.75313479836264
2039.460057196617,-68.74907316837404,-68.74907316837404
2039.470057196617,-68.74503141840398,-68.74503141840398
2039.480057196617,-68.7410083703567,-68.7410083703567
2039.490057196617,-68.73700347165762,-68.73700347165762
2039.500057196617,-68.73301651809736,-68.73301651809736
2039.510057196617,-68.72904750923419,-68.72904750923419
2039.520057196617,-68.72509656325981,-68.72509656325981
2039.5300571966172,-68.72116386571774,-68.72116386571774
2039.5400571966172,-68.71724963855121,-68.71724963855121
2039.5500571966172,-68.71335412149192,-68.71335412149192
2039.5600571966172,-68.70947756098704,-68.70947756098704
2039.5700571966172,-68.70562020366958,-68.70562020366958
2039.5800571966172,-68.70178229269578,-68.70178229269578
2039.5900571966172,-68.69796406570812,-68.69796406570812
2039.6000571966172,-68.69416575391347,-68.69416575391347
2039.6100571966172,-68.6903875817,-68.6903875817
2039.6200571966172,-68.68662976668178,-68.68662976668178
2039.6300571966171,-68.68289251989593,-68.68289251989593
2039.6400571966171,-68.67917604611104,-68.67917604611104
2039.6500571966171,-68.67548054418414,-68.67548054418414
2039.6600571966171,-68.67180620741931,-68.67180620741931
2039.670057196617,-68.66815322390632,-68.66815322390632
2039.680057196617,-68.664521776838,-68.664521776838
2039.690057196617,-68.66091204479716,-68.66091204479716
2039.700057196617,-68.65732420201844,-68.65732420201844
2039.710057196617,-68.65375841861115,-68.65375841861115
2039.720057196617,-68.65021486076148,-68.65021486076148
2039.730057196617,-68.64669369090802,-68.64669369090802
2039.740057196617,-68.64319506789208,-68.64319506789208
2039.750057196617,-68.63971914708485,-68.63971914708485
2039.760057196617,-68.63626608054291,-68.63626608054291
2039.770057196617,-68.63283601704697,-68.63283601704697
2039.7800571966172,-68.62942910223862,-68.62942910223862
2039.7900571966172,-68.6260454786804,-68.6260454786804
2039.8000571966172,-68.62268528592385,-68.62268528592385
2039.8100571966172,-68.61934866058361,-68.61934866058361
2039.8200571966172,-68.616035736375,-68.616035736375
2039.8300571966172,-68.61274664416511,-68.61274664416511
2039.8400571966172,-68.60948151202257,-68.60948151202257
2039.8500571966172,-68.60624046526105,-68.60624046526105
2039.8600571966172,-68.60302362645666,-68.60302362645666
2039.8700571966172,-68.59983111549514,-68.59983111549514
2039.8800571966171,-68.59666304961277,-68.59666304961277
2039.8900571966171,-68.59351954339228,-68.59351954339228
2039.9000571966171,-68.5904007088193,-68.5904007088193
2039.9100571966171,-68.58730665529325,-68.58730665529325
2039.920057196617,-68.58423748966084,-68.58423748966084
2039.930057196617,-68.58119331623718,-68.58119331623718
2039.940057196617,-68.57817423682368,-68.57817423682368
2039.950057196617,-68.5751803507284,-68.5751803507284
2039.960057196617,-68.57220578157786,-68.57220578157786
2039.970057196617,-68.56924801454225,-68.56924801454225
2039.980057196617,-68.56630588008301,-68.56630588008301
2039.990057196617,-68.56337883210468,-68.56337883210468
2040.000057220459,-68.56046666466185,-68.56046666466185
2040.010057220459,-68.55756939563176,-68.55756939563176
2040.020057220459,-68.55468714021472,-68.55468714021472
2040.030057220459,-68.55182008766273,-68.55182008766273
2040.040057220459,-68.54896846351495,-68.54896846351495
2040.050057220459,-68.54613251104576,-68.54613251104576
2040.060057220459,-68.54331248027232,-68.54331248027232
2040.070057220459,-68.54050862144474,-68.54050862144474
2040.080057220459,-68.53772118140164,-68.53772118140164
2040.090057220459,-68.53495040154893,-68.53495040154893
2040.100057220459,-68.53219651691685,-68.53219651691685
2040.1100572204589,-68.52945975581073,-68.52945975581073
2040.1200572204589,-68.52674033981786,-68.52674033981786
2040.130057220459,-68.5240384840299,-68.5240384840299
2040.140057220459,-68.52135439734295,-68.52135439734295
2040.150057220459,-68.51868828279102,-68.51868828279102
2040.160057220459,-68.5160403379149,-68.5160403379149
2040.170057220459,-68.51341075508275,-68.51341075508275
2040.180057220459,-68.51079972182136,-68.51079972182136
2040.190057220459,-68.50820742110218,-68.50820742110218
2040.200057220459,-68.50563403156912,-68.50563403156912
2040.210057220459,-68.50307972778509,-68.50307972778509
2040.220057220459,-68.50054468042376,-68.50054468042376
2040.230057220459,-68.49802905644373,-68.49802905644373
2040.240057220459,-68.49553301921826,-68.49553301921826
2040.250057220459,-68.49305672870325,-68.49305672870325
2040.260057220459,-68.49060034152457,-68.49060034152457
2040.270057220459,-68.48816401109092,-68.48816401109092
2040.280057220459,-68.48574788768086,-68.48574788768086
2040.290057220459,-68.48335211850143,-68.48335211850143
2040.300057220459,-68.48097684777217,-68.48097684777217
2040.310057220459,-68.47862221679755,-68.47862221679755
2040.320057220459,-68.47628836399339,-68.47628836399339
2040.330057220459,-68.47397542493498,-68.47397542493498
2040.340057220459,-68.47168353242698,-68.47168353242698
2040.350057220459,-68.46941281650987,-68.46941281650987
2040.3600572204589,-68.46716340451493,-68.46716340451493
2040.3700572204589,-68.46493542109371,-68.46493542109371
2040.380057220459,-68.46272898824337,-68.46272898824337
2040.390057220459,-68.4605442253361,-68.4605442253361
2040.400057220459,-68.45838124913804,-68.45838124913804
2040.410057220459,-68.45624017385967,-68.45624017385967
2040.420057220459,-68.45412111114838,-68.45412111114838
2040.430057220459,-68.45202417012874,-68.45202417012874
2040.440057220459,-68.4499494574169,-68.4499494574169
2040.450057220459,-68.44789707716522,-68.44789707716522
2040.460057220459,-68.44586713104663,-68.44586713104663
2040.470057220459,-68.44385971831434,-68.44385971831434
2040.480057220459,-68.44187493578616,-68.44187493578616
2040.490057220459,-68.43991287789243,-68.43991287789243
2040.500057220459,-68.43797363668682,-68.43797363668682
2040.510057220459,-68.43605730186326,-68.43605730186326
2040.520057220459,-68.43416396079346,-68.43416396079346
2040.530057220459,-68.43229369854213,-68.43229369854213
2040.540057220459,-68.43044659785183,-68.43044659785183
2040.550057220459,-68.42862273922252,-68.42862273922252
2040.560057220459,-68.42682220089308,-68.42682220089308
2040.570057220459,-68.42504505887838,-68.42504505887838
2040.580057220459,-68.42329138698882,-68.42329138698882
2040.590057220459,-68.42156125683431,-68.42156125683431
2040.600057220459,-68.41985473787875,-68.41985473787875
2040.6100572204589,-68.41817189743914,-68.41817189743914
2040.6200572204589,-68.4165128007076,-68.4165128007076
2040.630057220459,-68.41487751078117,-68.41487751078117
2040.640057220459,-68.41326608868619,-68.41326608868619
2040.650057220459,-68.41167859338387,-68.41167859338387
2040.660057220459,-68.4101150818055,-68.4101150818055
2040.670057220459,-68.40857560888371,-68.40857560888371
2040.680057220459,-68.40706022755622,-68.40706022755622
2040.690057220459,-68.4055689887916,-68.4055689887916
2040.700057220459,-68.40410194162482,-68.40410194162482
2040.710057220459,-68.40265913316044,-68.40265913316044
2040.720057220459,-68.40124060861861,-68.40124060861861
2040.730057220459,-68.3998464113326,-68.3998464113326
2040.740057220459,-68.398476582786,-68.398476582786
2040.750057220459,-68.39713116263346,-68.39713116263346
2040.760057220459,-68.39581018873207,-68.39581018873207
2040.770057220459,-68.3945136971266,-68.3945136971266
2040.780057220459,-68.39324172212521,-68.39324172212521
2040.790057220459,-68.39199429628493,-68.39199429628493
2040.800057220459,-68.39077145044669,-68.39077145044669
2040.810057220459,-68.38957321374512,-68.38957321374512
2040.820057220459,-68.38839961365714,-68.38839961365714
2040.830057220459,-68.38725067600248,-68.38725067600248
2040.840057220459,-68.38612642496346,-68.38612642496346
2040.8500572443008,-68.38502688050495,-68.38502688050495
2040.8600572443008,-68.38395206891487,-68.38395206891487
2040.8700572443008,-68.38290200692319,-68.38290200692319
2040.8800572443008,-68.38187671242076,-68.38187671242076
2040.8900572443008,-68.38087620177542,-68.38087620177542
2040.9000572443008,-68.37990048984406,-68.37990048984406
2040.9100572443008,-68.37894959000374,-68.37894959000374
2040.9200572443008,-68.37802351417815,-68.37802351417815
2040.9300572443008,-68.3771222728506,-68.3771222728506
2040.9400572443008,-68.3762458750948,-68.3762458750948
2040.9500572443008,-68.37539432856869,-68.37539432856869
2040.9600572443007,-68.37456763957121,-68.37456763957121
2040.9700572443007,-68.37376581304159,-68.37376581304159
2040.980057244301,-68.37298885257424,-68.37298885257424
2040.990057244301,-68.37223676046129,-68.37223676046129
2041.000057244301,-68.37150953768902,-68.37150953768902
2041.010057244301,-68.37080718396629,-68.37080718396629
2041.020057244301,-68.3701296977476,-68.3701296977476
2041.030057244301,-68.36947707624633,-68.36947707624633
2041.040057244301,-68.36884931546565,-68.36884931546565
2041.050057244301,-68.3682464101964,-68.3682464101964
2041.0600572443009,-68.36766835405054,-68.36766835405054
2041.0700572443009,-68.36711513948433,-68.36711513948433
2041.0800572443009,-68.36658675779807,-68.36658675779807
2041.0900572443009,-68.36608319916796,-68.36608319916796
2041.1000572443008,-68.3656044526693,-68.3656044526693
2041.1100572443008,-68.36515050627331,-68.36515050627331
2041.1200572443008,-68.364721346885,-68.364721346885
2041.1300572443008,-68.36431696035297,-68.36431696035297
2041.1400572443008,-68.36393733148485,-68.36393733148485
2041.1500572443008,-68.36358244406391,-68.36358244406391
2041.1600572443008,-68.36325228086922,-68.36325228086922
2041.1700572443008,-68.36294682369324,-68.36294682369324
2041.1800572443008,-68.36266605334373,-68.36266605334373
2041.1900572443008,-68.3624099496958,-68.3624099496958
2041.2000572443008,-68.36217849165432,-68.36217849165432
2041.2100572443007,-68.36197165722116,-68.36197165722116
2041.2200572443007,-68.3617894234829,-68.3617894234829
2041.230057244301,-68.36163176663085,-68.36163176663085
2041.240057244301,-68.3614986619796,-68.3614986619796
2041.250057244301,-68.3613900839725,-68.3613900839725
2041.260057244301,-68.36130600621513,-68.36130600621513
2041.270057244301,-68.3612464014734,-68.3612464014734
2041.280057244301,-68.36121124169539,-68.36121124169539
2041.290057244301,-68.36120049802646,-68.36120049802646
2041.300057244301,-68.36121414081948,-68.36121414081948
2041.3100572443009,-68.36125213964567,-68.36125213964567
2041.3200572443009,-68.36131446331292,-68.36131446331292
2041.3300572443009,-68.36140107988354,-68.36140107988354
2041.3400572443009,-68.3615119566915,-68.3615119566915
2041.3500572443008,-68.3616470603237,-68.3616470603237
2041.3600572443008,-68.36180635669275,-68.36180635669275
2041.3700572443008,-68.36198981098104,-68.36198981098104
2041.3800572443008,-68.36219738770967,-68.36219738770967
2041.3900572443008,-68.36242905070978,-68.36242905070978
2041.4000572443008,-68.36268476316182,-68.36268476316182
2041.4100572443008,-68.36296448760392,-68.36296448760392
2041.4200572443008,-68.36326818592903,-68.36326818592903
2041.4300572443008,-68.36359581941537,-68.36359581941537
2041.4400572443008,-68.3639473487288,-68.3639473487288
2041.4500572443008,-68.36432273392884,-68.36432273392884
2041.4600572443007,-68.36472193449384,-68.36472193449384
2041.4700572443007,-68.36514490932085,-68.36514490932085
2041.480057244301,-68.36559161673942,-68.36559161673942
2041.490057244301,-68.3660620145272,-68.3660620145272
2041.500057244301,-68.3665560599202,-68.3665560599202
2041.510057244301,-68.36707370960725,-68.36707370960725
2041.520057244301,-68.36761491977776,-68.36761491977776
2041.530057244301,-68.36817964608426,-68.36817964608426
2041.540057244301,-68.36876784368975,-68.36876784368975
2041.550057244301,-68.36937946726403,-68.36937946726403
2041.5600572443009,-68.37001447099072,-68.37001447099072
2041.5700572443009,-68.3706728085797,-68.3706728085797
2041.5800572443009,-68.37135443327297,-68.37135443327297
2041.5900572443009,-68.37205929787153,-68.37205929787153
2041.6000572443008,-68.37278735472832,-68.37278735472832
2041.6100572443008,-68.37353855574895,-68.37353855574895
2041.6200572443008,-68.37431285242262,-68.37431285242262
2041.6300572443008,-68.37511019582807,-68.37511019582807
2041.6400572443008,-68.37593053661915,-68.37593053661915
2041.6500572443008,-68.37677382505811,-68.37677382505811
2041.6600572443008,-68.37764001101976,-68.37764001101976
2041.6700572443008,-68.37852904399062,-68.37852904399062
2041.6800572443008,-68.3794408730927,-68.3794408730927
2041.6900572443008,-68.38037544706101,-68.38037544706101
2041.7000572681427,-68.38133271658965,-68.38133271658965
2041.7100572681427,-68.38230666644913,-68.38230666644913
2041.7200572681427,-68.38329464100867,-68.38329464100867
2041.7300572681427,-68.38429532445622,-68.38429532445622
2041.7400572681427,-68.38530802330696,-68.38530802330696
2041.7500572681427,-68.38633239121046,-68.38633239121046
2041.7600572681426,-68.38736828558838,-68.38736828558838
2041.7700572681426,-68.38841568340034,-68.38841568340034
2041.7800572681426,-68.38947463043755,-68.38947463043755
2041.7900572681426,-68.39054521077101,-68.39054521077101
2041.8000572681426,-68.39162752837792,-68.39162752837792
2041.8100572681426,-68.39272169622157,-68.39272169622157
2041.8200572681426,-68.39382782982209,-68.39382782982209
2041.8300572681428,-68.39494604359597,-68.39494604359597
2041.8400572681428,-68.39607644887326,-68.39607644887326
2041.8500572681428,-68.39721915290869,-68.39721915290869
2041.8600572681428,-68.3983742585125,-68.3983742585125
2041.8700572681428,-68.3995418640544,-68.3995418640544
2041.8800572681428,-68.4007220636275,-68.4007220636275
2041.8900572681428,-68.40191494730027,-68.40191494730027
2041.9000572681427,-68.4031206014725,-68.4031206014725
2041.9100572681427,-68.40433910915309,-68.40433910915309
2041.9200572681427,-68.40557055029826,-68.40557055029826
2041.9300572681427,-68.40681500206935,-68.40681500206935
2041.9400572681427,-68.40807253909149,-68.40807253909149
2041.9500572681427,-68.4093432336786,-68.4093432336786
2041.9600572681427,-68.41062715602911,-68.41062715602911
2041.9700572681427,-68.41192437439125,-68.41192437439125
2041.9800572681427,-68.41323495521672,-68.41323495521672
2041.9900572681427,-68.41455896326491,-68.41455896326491
2042.0000572681427,-68.415896461725,-68.415896461725
2042.0100572681426,-68.41724751230356,-68.41724751230356
2042.0200572681426,-68.41861217528924,-68.41861217528924
2042.0300572681426,-68.41999050962681,-68.41999050962681
2042.0400572681426,-68.4213825729595,-68.4213825729595
2042.0500572681426,-68.42278842167657,-68.42278842167657
2042.0600572681426,-68.42420811095913,-68.42420811095913
2042.0700572681426,-68.42564169478935,-68.42564169478935
2042.0800572681428,-68.42708922598283,-68.42708922598283
2042.0900572681428,-68.42855075622627,-68.42855075622627
2042.1000572681428,-68.43002633607675,-68.43002633607675
2042.1100572681428,-68.4315160149691,-68.4315160149691
2042.1200572681428,-68.43301984125411,-68.43301984125411
2042.1300572681428,-68.43453786216335,-68.43453786216335
2042.1400572681428,-68.43607012386298,-68.43607012386298
2042.1500572681427,-68.43761667142543,-68.43761667142543
2042.1600572681427,-68.43917754885881,-68.43917754885881
2042.1700572681427,-68.44075279908563,-68.44075279908563
2042.1800572681427,-68.4423424639638,-68.4423424639638
2042.1900572681427,-68.44394658429124,-68.44394658429124
2042.2000572681427,-68.44556519978462,-68.44556519978462
2042.2100572681427,-68.44719238461501,-68.44719238461501
2042.2200572681427,-68.44882556778947,-68.44882556778947
2042.2300572681427,-68.45046352050714,-68.45046352050714
2042.2400572681427,-68.45210563582242,-68.45210563582242
2042.2500572681427,-68.45375165327052,-68.45375165327052
2042.2600572681426,-68.4554015154589,-68.4554015154589
2042.2700572681426,-68.45705528386934,-68.45705528386934
2042.2800572681426,-68.45871308813963,-68.45871308813963
2042.2900572681426,-68.46037509551886,-68.46037509551886
2042.3000572681426,-68.46204149253012,-68.46204149253012
2042.3100572681426,-68.46371247404794,-68.46371247404794
2042.3200572681426,-68.46538823684554,-68.46538823684554
2042.3300572681428,-68.46706897596832,-68.46706897596832
2042.3400572681428,-68.46875488270499,-68.46875488270499
2042.3500572681428,-68.47044614361398,-68.47044614361398
2042.3600572681428,-68.47214294016315,-68.47214294016315
2042.3700572681428,-68.4738454486914,-68.4738454486914
2042.3800572681428,-68.47555384058046,-68.47555384058046
2042.3900572681428,-68.47726828251449,-68.47726828251449
2042.4000572681427,-68.47898893680564,-68.47898893680564
2042.4100572681427,-68.48071596167415,-68.48071596167415
2042.4200572681427,-68.48244951159211,-68.48244951159211
2042.4300572681427,-68.48418973752257,-68.48418973752257
2042.4400572681427,-68.4859367871891,-68.4859367871891
2042.4500572681427,-68.48769080528767,-68.48769080528767
2042.4600572681427,-68.48945193367692,-68.48945193367692
2042.4700572681427,-68.49122031155503,-68.49122031155503
2042.4800572681427,-68.49299607559453,-68.49299607559453
2042.4900572681427,-68.49477936006623,-68.49477936006623
2042.5000572681427,-68.4965702969509,-68.4965702969509
2042.5100572681426,-68.49836901601886,-68.49836901601886
2042.5200572681426,-68.50017564490494,-68.50017564490494
2042.5300572681426,-68.50199030918941,-68.50199030918941
2042.5400572681426,-68.5038131324343,-68.5038131324343
2042.5500572919846,-68.50564424060026,-68.50564424060026
2042.5600572919845,-68.50748374464229,-68.50748374464229
2042.5700572919845,-68.50933176666817,-68.50933176666817
2042.5800572919845,-68.51118842257962,-68.51118842257962
2042.5900572919845,-68.5130538264356,-68.5130538264356
2042.6000572919845,-68.5149280904662,-68.5149280904662
2042.6100572919845,-68.51681132509177,-68.51681132509177
2042.6200572919845,-68.51870363894137,-68.51870363894137
2042.6300572919845,-68.5206051388608,-68.5206051388608
2042.6400572919845,-68.52251592992731,-68.52251592992731
2042.6500572919845,-68.52443611546241,-68.52443611546241
2042.6600572919845,-68.52636579702954,-68.52636579702954
2042.6700572919844,-68.52830507446144,-68.52830507446144
2042.6800572919847,-68.53025404583708,-68.53025404583708
2042.6900572919847,-68.532212807534,-68.532212807534
2042.7000572919846,-68.53418145419445,-68.53418145419445
2042.7100572919846,-68.53616007874767,-68.53616007874767
2042.7200572919846,-68.5381487724286,-68.5381487724286
2042.7300572919846,-68.54014762477296,-68.54014762477296
2042.7400572919846,-68.542156723625,-68.542156723625
2042.7500572919846,-68.54417615514457,-68.54417615514457
2042.7600572919846,-68.54620600381865,-68.54620600381865
2042.7700572919846,-68.54824635247631,-68.54824635247631
2042.7800572919846,-68.55029728227557,-68.55029728227557
2042.7900572919846,-68.55235887273506,-68.55235887273506
2042.8000572919846,-68.55443120172805,-68.55443120172805
2042.8100572919845,-68.55651434550762,-68.55651434550762
2042.8200572919845,-68.55860837868936,-68.55860837868936
2042.8300572919845,-68.5607133742974,-68.5607133742974
2042.8400572919845,-68.56282940374295,-68.56282940374295
2042.8500572919845,-68.56495653685319,-68.56495653685319
2042.8600572919845,-68.56709484186733,-68.56709484186733
2042.8700572919845,-68.56924438547243,-68.56924438547243
2042.8800572919845,-68.57140523278287,-68.57140523278287
2042.8900572919845,-68.57357744737581,-68.57357744737581
2042.9000572919845,-68.5757610913017,-68.5757610913017
2042.9100572919845,-68.57795622508115,-68.57795622508115
2042.9200572919844,-68.58016290772771,-68.58016290772771
2042.9300572919847,-68.58238119676875,-68.58238119676875
2042.9400572919847,-68.58461114825053,-68.58461114825053
2042.9500572919846,-68.5868528167339,-68.5868528167339
2042.9600572919846,-68.58910625533971,-68.58910625533971
2042.9700572919846,-68.59137151574585,-68.59137151574585
2042.9800572919846,-68.59364864819297,-68.59364864819297
2042.9900572919846,-68.59593770151615,-68.59593770151615
2043.0000572919846,-68.59823872314628,-68.59823872314628
2043.0100572919846,-68.60055175912827,-68.60055175912827
2043.0200572919846,-68.60287685414198,-68.60287685414198
2043.0300572919846,-68.60521405149892,-68.60521405149892
2043.0400572919846,-68.607563393179,-68.607563393179
2043.0500572919846,-68.60992491981497,-68.60992491981497
2043.0600572919845,-68.61229867074988,-68.61229867074988
2043.0700572919845,-68.61468468401486,-68.61468468401486
2043.0800572919845,-68.61708299635563,-68.61708299635563
2043.0900572919845,-68.61949364324693,-68.61949364324693
2043.1000572919845,-68.62191665891386,-68.62191665891386
2043.1100572919845,-68.62435207633244,-68.62435207633244
2043.1200572919845,-68.62679992726788,-68.62679992726788
2043.1300572919845,-68.62926024226952,-68.62926024226952
2043.1400572919845,-68.63173305067622,-68.63173305067622
2043.1500572919845,-68.63421838066549,-68.63421838066549
2043.1600572919845,-68.63671625924027,-68.63671625924027
2043.1700572919844,-68.6392267122509,-68.6392267122509
2043.1800572919847,-68.64174976441171,-68.64174976441171
2043.1900572919847,-68.64428543931326,-68.64428543931326
2043.2000572919846,-68.64683375944095,-68.64683375944095
2043.2100572919846,-68.64938876402755,-68.64938876402755
2043.2200572919846,-68.65194785639368,-68.65194785639368
2043.2300572919846,-68.65450978532155,-68.65450978532155
2043.2400572919846,-68.65707392272479,-68.65707392272479
2043.2500572919846,-68.65963998760004,-68.65963998760004
2043.2600572919846,-68.66220790238441,-68.66220790238441
2043.2700572919846,-68.66477770862919,-68.66477770862919
2043.2800572919846,-68.66734951626339,-68.66734951626339
2043.2900572919846,-68.66992347305015,-68.66992347305015
2043.3000572919846,-68.67249974624825,-68.67249974624825
2043.3100572919845,-68.67507851168148,-68.67507851168148
2043.3200572919845,-68.67765994733325,-68.67765994733325
2043.3300572919845,-68.68024422967825,-68.68024422967825
2043.3400572919845,-68.68283153170039,-68.68283153170039
2043.3500572919845,-68.68542202191368,-68.68542202191368
2043.3600572919845,-68.68801586399297,-68.68801586399297
2043.3700572919845,-68.69061321673107,-68.69061321673107
2043.3800572919845,-68.6932142342344,-68.6932142342344
2043.3900572919845,-68.69581906617832,-68.69581906617832
2043.4000573158264,-68.69842786432407,-68.69842786432407
2043.4100573158264,-68.7010407579998,-68.7010407579998
2043.4200573158264,-68.70365789163365,-68.70365789163365
2043.4300573158264,-68.70627940023292,-68.70627940023292
2043.4400573158264,-68.70890541581394,-68.70890541581394
2043.4500573158264,-68.71153606763707,-68.71153606763707
2043.4600573158264,-68.71417148237725,-68.71417148237725
2043.4700573158264,-68.71681178431531,-68.71681178431531
2043.4800573158263,-68.71945709547934,-68.71945709547934
2043.4900573158263,-68.72210753575554,-68.72210753575554
2043.5000573158263,-68.72476322299582,-68.72476322299582
2043.5100573158263,-68.72742427310865,-68.72742427310865
2043.5200573158263,-68.73009080014563,-68.73009080014563
2043.5300573158265,-68.73276291634825,-68.73276291634825
2043.5400573158265,-68.73544073221991,-68.73544073221991
2043.5500573158265,-68.73812435654179,-68.73812435654179
2043.5600573158265,-68.74081389644108,-68.74081389644108
2043.5700573158265,-68.74350945741281,-68.74350945741281
2043.5800573158265,-68.74621114334718,-68.74621114334718
2043.5900573158265,-68.74891905653782,-68.74891905653782
2043.6000573158265,-68.75163329773228,-68.75163329773228
2043.6100573158265,-68.75435396611655,-68.75435396611655
2043.6200573158264,-68.75708115934705,-68.75708115934705
2043.6300573158264,-68.75981497356875,-68.75981497356875
2043.6400573158264,-68.76255550339376,-68.76255550339376
2043.6500573158264,-68.76530284193582,-68.76530284193582
2043.6600573158264,-68.76805708082402,-68.76805708082402
2043.6700573158264,-68.77081831019062,-68.77081831019062
2043.6800573158264,-68.77358661868955,-68.77358661868955
2043.6900573158264,-68.77636209350354,-68.77636209350354
2043.7000573158264,-68.77914482033317,-68.77914482033317
2043.7100573158264,-68.78193488342097,-68.78193488342097
2043.7200573158264,-68.78473236554643,-68.78473236554643
2043.7300573158263,-68.78753734804897,-68.78753734804897
2043.7400573158263,-68.7903499108045,-68.7903499108045
2043.7500573158263,-68.79317013225412,-68.79317013225412
2043.7600573158263,-68.79599808940365,-68.79599808940365
2043.7700573158263,-68.79883385782662,-68.79883385782662
2043.7800573158265,-68.8016775116726,-68.8016775116726
2043.7900573158265,-68.8045291236743,-68.8045291236743
2043.8000573158265,-68.80738876515049,-68.80738876515049
2043.8100573158265,-68.81025650602926,-68.81025650602926
2043.8200573158265,-68.81313241482405,-68.81313241482405
2043.8300573158265,-68.81601655867237,-68.81601655867237
2043.8400573158265,-68.8189090033294,-68.8189090033294
2043.8500573158265,-68.82180981317714,-68.82180981317714
2043.8600573158265,-68.82471905123329,-68.82471905123329
2043.8700573158264,-68.82763677916071,-68.82763677916071
2043.8800573158264,-68.83056305728044,-68.83056305728044
2043.8900573158264,-68.83349794456547,-68.83349794456547
2043.9000573158264,-68.83644149866689,-68.83644149866689
2043.9100573158264,-68.83939377592888,-68.83939377592888
2043.9200573158264,-68.8423548313733,-68.8423548313733
2043.9300573158264,-68.84532471873807,-68.84532471873807
2043.9400573158264,-68.84830349046673,-68.84830349046673
2043.9500573158264,-68.8512911977221,-68.8512911977221
2043.9600573158264,-68.85428189042618,-68.85428189042618
2043.9700573158264,-68.85727299208031,-68.85727299208031
2043.9800573158263,-68.86026327510469,-68.86026327510469
2043.9900573158263,-68.86325213640038,-68.86325213640038
2044.0000573158263,-68.86623932055556,-68.86623932055556
2044.0100573158263,-68.86922477586486,-68.86922477586486
2044.0200573158263,-68.87220856983602,-68.87220856983602
2044.0300573158265,-68.87519083835782,-68.87519083835782
2044.0400573158265,-68.87817175509832,-68.87817175509832
2044.0500573158265,-68.88115151315347,-68.88115151315347
2044.0600573158265,-68.88413031408678,-68.88413031408678
2044.0700573158265,-68.88710836152238,-68.88710836152238
2044.0800573158265,-68.8900858574681,-68.8900858574681
2044.0900573158265,-68.89306300031977,-68.89306300031977
2044.1000573158265,-68.89603998388294,-68.89603998388294
2044.1100573158265,-68.89901699698004,-68.89901699698004
2044.1200573158264,-68.90199422343608,-68.90199422343608
2044.1300573158264,-68.90497184224076,-68.90497184224076
2044.1400573158264,-68.9079500278098,-68.9079500278098
2044.1500573158264,-68.9109289502957,-68.9109289502957
2044.1600573158264,-68.91390877587692,-68.91390877587692
2044.1700573158264,-68.91688966707314,-68.91688966707314
2044.1800573158264,-68.91987178300673,-68.91987178300673
2044.1900573158264,-68.92285527966784,-68.92285527966784
2044.2000573158264,-68.92584031009989,-68.92584031009989
2044.2100573158264,-68.92882702463505,-68.92882702463505
2044.2200573158264,-68.93181557100132,-68.93181557100132
2044.2300573158263,-68.93480609452311,-68.93480609452311
2044.2400573158263,-68.93779873819535,-68.93779873819535
2044.2500573396683,-68.94079364995875,-68.94079364995875
2044.2600573396683,-68.94379095423183,-68.94379095423183
2044.2700573396683,-68.94679079477,-68.94679079477
2044.2800573396682,-68.94979330623536,-68.94979330623536
2044.2900573396682,-68.95279862135672,-68.95279862135672
2044.3000573396682,-68.95580687097785,-68.95580687097785
2044.3100573396682,-68.9588181841055,-68.9588181841055
2044.3200573396682,-68.96183268792534,-68.96183268792534
2044.3300573396682,-68.96485050783625,-68.96485050783625
2044.3400573396682,-68.96787176747904,-68.96787176747904
2044.3500573396682,-68.97089658874769,-68.97089658874769
2044.3600573396682,-68.97392509180689,-68.97392509180689
2044.3700573396682,-68.97695739510883,-68.97695739510883
2044.3800573396684,-68.979993615411,-68.979993615411
2044.3900573396684,-68.98303386777042,-68.98303386777042
2044.4000573396684,-68.98607826556321,-68.98607826556321
2044.4100573396684,-68.98912692049709,-68.98912692049709
2044.4200573396683,-68.99217994260955,-68.99217994260955
2044.4300573396683,-68.99523744029221,-68.99523744029221
2044.4400573396683,-68.99829952026576,-68.99829952026576
2044.4500573396683,-69.00136628762887,-69.00136628762887
2044.4600573396683,-69.00443183317576,-69.00443183317576
2044.4700573396683,-69.00749362812208,-69.00749362812208
2044.4800573396683,-69.01055049495501,-69.01055049495501
2044.4900573396683,-69.01360188142816,-69.01360188142816
2044.5000573396683,-69.01664758320138,-69.01664758320138
2044.5100573396683,-69.01968759962433,-69.01968759962433
2044.5200573396683,-69.02272204905181,-69.02272204905181
2044.5300573396682,-69.02575111795372,-69.02575111795372
2044.5400573396682,-69.02877503028958,-69.02877503028958
2044.5500573396682,-69.03179402906767,-69.03179402906767
2044.5600573396682,-69.03480836542306,-69.03480836542306
2044.5700573396682,-69.03781829218715,-69.03781829218715
2044.5800573396682,-69.04082406016369,-69.04082406016369
2044.5900573396682,-69.0438259161723,-69.0438259161723
2044.6000573396682,-69.04682410203885,-69.04682410203885
2044.6100573396682,-69.04981885420428,-69.04981885420428
2044.6200573396682,-69.05281040372185,-69.05281040372185
2044.6300573396684,-69.05579897637935,-69.05579897637935
2044.6400573396684,-69.0587847929725,-69.0587847929725
2044.6500573396684,-69.061768069617,-69.061768069617
2044.6600573396684,-69.06474901805429,-69.06474901805429
2044.6700573396683,-69.06772784590912,-69.06772784590912
2044.6800573396683,-69.07070475701285,-69.07070475701285
2044.6900573396683,-69.07367995161049,-69.07367995161049
2044.7000573396683,-69.07665362658506,-69.07665362658506
2044.7100573396683,-69.07962597565428,-69.07962597565428
2044.7200573396683,-69.08259718953178,-69.08259718953178
2044.7300573396683,-69.08556745606296,-69.08556745606296
2044.7400573396683,-69.08853696034188,-69.08853696034188
2044.7500573396683,-69.09150588483207,-69.09150588483207
2044.7600573396683,-69.09447440943343,-69.09447440943343
2044.7700573396683,-69.09744271156711,-69.09744271156711
2044.7800573396682,-69.10041096623962,-69.10041096623962
2044.7900573396682,-69.10337934609203,-69.10337934609203
2044.8000573396682,-69.10634802145562,-69.10634802145562
2044.8100573396682,-69.10931716036694,-69.10931716036694
2044.8200573396682,-69.1122869286339,-69.1122869286339
2044.8300573396682,-69.1152574898394,-69.1152574898394
2044.8400573396682,-69.1182290053693,-69.1182290053693
2044.8500573396682,-69.121201634441,-69.121201634441
2044.8600573396682,-69.12417553411056,-69.12417553411056
2044.8700573396682,-69.12715085930864,-69.12715085930864
2044.8800573396684,-69.13012776282628,-69.13012776282628
2044.8900573396684,-69.1331063953571,-69.1331063953571
2044.9000573396684,-69.13608690548344,-69.13608690548344
2044.9100573396684,-69.13906943970936,-69.13906943970936
2044.9200573396683,-69.14205414245002,-69.14205414245002
2044.9300573396683,-69.14504115605332,-69.14504115605332
2044.9400573396683,-69.14803062082173,-69.14803062082173
2044.9500573396683,-69.15102267498662,-69.15102267498662
2044.9600573396683,-69.15401745475397,-69.15401745475397
2044.9700573396683,-69.15701509429485,-69.15701509429485
2044.9800573396683,-69.16001572575621,-69.16001572575621
2044.9900573396683,-69.16301947927667,-69.16301947927667
2045.0000573396683,-69.1660264829947,-69.1660264829947
2045.0100573396683,-69.16903686304673,-69.16903686304673
2045.0200573396683,-69.17205074360047,-69.17205074360047
2045.0300573396682,-69.17506824683845,-69.17506824683845
2045.0400573396682,-69.17808949299993,-69.17808949299993
2045.0500573396682,-69.1811146003751,-69.1811146003751
2045.0600573396682,-69.18414368528956,-69.18414368528956
2045.0700573396682,-69.18717686218083,-69.18717686218083
2045.0800573396682,-69.19021424355456,-69.19021424355456
2045.0900573396682,-69.19325594002471,-69.19325594002471
2045.1000573635101,-69.19630206756105,-69.19630206756105
2045.1100573635101,-69.19935271852981,-69.19935271852981
2045.12005736351,-69.20240800514614,-69.20240800514614
2045.13005736351,-69.20546803055967,-69.20546803055967
2045.14005736351,-69.2085328960869,-69.2085328960869
2045.15005736351,-69.21160270121655,-69.21160270121655
2045.16005736351,-69.21467754364176,-69.21467754364176
2045.17005736351,-69.21775751927102,-69.21775751927102
2045.18005736351,-69.22084272223174,-69.22084272223174
2045.19005736351,-69.22393324490355,-69.22393324490355
2045.20005736351,-69.22702917791386,-69.22702917791386
2045.21005736351,-69.23012457844517,-69.23012457844517
2045.22005736351,-69.23321689494578,-69.23321689494578
2045.2300573635102,-69.2363049312435,-69.2363049312435
2045.2400573635102,-69.23938811818438,-69.23938811818438
2045.2500573635102,-69.24246623541242,-69.24246623541242
2045.2600573635102,-69.24553926675634,-69.24553926675634
2045.2700573635102,-69.24860731533677,-69.24860731533677
2045.2800573635102,-69.25167055253931,-69.25167055253931
2045.2900573635102,-69.25472918731177,-69.25472918731177
2045.3000573635102,-69.25778344772385,-69.25778344772385
2045.3100573635102,-69.26083357000661,-69.26083357000661
2045.3200573635102,-69.26387979211259,-69.26387979211259
2045.3300573635102,-69.26692235002243,-69.26692235002243
2045.3400573635101,-69.26996147577032,-69.26996147577032
2045.3500573635101,-69.27299739642764,-69.27299739642764
2045.3600573635101,-69.27603033375273,-69.27603033375273
2045.37005736351,-69.27906050415072,-69.27906050415072
2045.38005736351,-69.28208811884434,-69.28208811884434
2045.39005736351,-69.28511338413462,-69.28511338413462
2045.40005736351,-69.28813650172114,-69.28813650172114
2045.41005736351,-69.29115766899,-69.29115766899
2045.42005736351,-69.29417707933271,-69.29417707933271
2045.43005736351,-69.29719492241425,-69.29719492241425
2045.44005736351,-69.3002113844168,-69.3002113844168
2045.45005736351,-69.30322664827499,-69.30322664827499
2045.46005736351,-69.30623485592892,-69.30623485592892
2045.47005736351,-69.3092335431547,-69.3092335431547
2045.4800573635102,-69.3122216014863,-69.3122216014863
2045.4900573635102,-69.31519854918292,-69.31519854918292
2045.5000573635102,-69.31816425279338,-69.31816425279338
2045.5100573635102,-69.32111878245901,-69.32111878245901
2045.5200573635102,-69.3240623270241,-69.3240623270241
2045.5300573635102,-69.32699514299826,-69.32699514299826
2045.5400573635102,-69.32991752386499,-69.32991752386499
2045.5500573635102,-69.33282978167618,-69.33282978167618
2045.5600573635102,-69.33573223608502,-69.33573223608502
2045.5700573635102,-69.33862520791631,-69.33862520791631
2045.5800573635102,-69.3415090154959,-69.3415090154959
2045.5900573635101,-69.34438397266442,-69.34438397266442
2045.6000573635101,-69.34725038778997,-69.34725038778997
2045.6100573635101,-69.35010856339748,-69.35010856339748
2045.62005736351,-69.35295879613116,-69.35295879613116
2045.63005736351,-69.35580137692313,-69.35580137692313
2045.64005736351,-69.35863659125111,-69.35863659125111
2045.65005736351,-69.36146471945526,-69.36146471945526
2045.66005736351,-69.3642860370143,-69.3642860370143
2045.67005736351,-69.36710081486001,-69.36710081486001
2045.68005736351,-69.36990931962836,-69.36990931962836
2045.69005736351,-69.37271181392555,-69.37271181392555
2045.70005736351,-69.37550855651733,-69.37550855651733
2045.71005736351,-69.37829980251868,-69.37829980251868
2045.72005736351,-69.3810858035606,-69.3810858035606
2045.7300573635102,-69.38386680792017,-69.38386680792017
2045.7400573635102,-69.38664306063818,-69.38664306063818
2045.7500573635102,-69.3894148036216,-69.3894148036216
2045.7600573635102,-69.39218227571891,-69.39218227571891
2045.7700573635102,-69.39494571280235,-69.39494571280235
2045.7800573635102,-69.39770534781735,-69.39770534781735
2045.7900573635102,-69.40046141083421,-69.40046141083421
2045.8000573635102,-69.40321412909682,-69.40321412909682
2045.8100573635102,-69.40596372705564,-69.40596372705564
2045.8200573635102,-69.4087104263906,-69.4087104263906
2045.8300573635102,-69.41145444603808,-69.41145444603808
2045.8400573635101,-69.41419600222805,-69.41419600222805
2045.8500573635101,-69.4169353084775,-69.4169353084775
2045.8600573635101,-69.41967257562808,-69.41967257562808
2045.87005736351,-69.42240801185464,-69.42240801185464
2045.88005736351,-69.42514182266346,-69.42514182266346
2045.89005736351,-69.42787421093603,-69.42787421093603
2045.90005736351,-69.43060537690246,-69.43060537690246
2045.91005736351,-69.43333551818336,-69.43333551818336
2045.92005736351,-69.43606482978471,-69.43606482978471
2045.93005736351,-69.43879350409613,-69.43879350409613
2045.94005736351,-69.44152173093029,-69.44152173093029
2045.950057387352,-69.44424970400621,-69.44424970400621
2045.960057387352,-69.44697759498511,-69.44697759498511
2045.970057387352,-69.44970559244513,-69.44970559244513
2045.980057387352,-69.4524338759184,-69.4524338759184
2045.990057387352,-69.45516262240137,-69.45516262240137
2046.000057387352,-69.45789200635168,-69.45789200635168
2046.010057387352,-69.46062219971891,-69.46062219971891
2046.020057387352,-69.46335337194132,-69.46335337194132
2046.030057387352,-69.46608568996085,-69.46608568996085
2046.040057387352,-69.4688193182505,-69.4688193182505
2046.050057387352,-69.47155441879933,-69.47155441879933
2046.060057387352,-69.47429115116648,-69.47429115116648
2046.0700573873519,-69.47702967245647,-69.47702967245647
2046.080057387352,-69.47977013735105,-69.47977013735105
2046.090057387352,-69.48251269813917,-69.48251269813917
2046.100057387352,-69.48525750471252,-69.48525750471252
2046.110057387352,-69.48800470457742,-69.48800470457742
2046.120057387352,-69.49075444290567,-69.49075444290567
2046.130057387352,-69.49350686251846,-69.49350686251846
2046.140057387352,-69.49626210390093,-69.49626210390093
2046.150057387352,-69.49902030524576,-69.49902030524576
2046.160057387352,-69.50178160247256,-69.50178160247256
2046.170057387352,-69.50454612921388,-69.50454612921388
2046.180057387352,-69.5073140168513,-69.5073140168513
2046.190057387352,-69.51008539455619,-69.51008539455619
2046.200057387352,-69.51286038926919,-69.51286038926919
2046.210057387352,-69.51563912575841,-69.51563912575841
2046.220057387352,-69.51842172660996,-69.51842172660996
2046.230057387352,-69.52120831227009,-69.52120831227009
2046.240057387352,-69.52399900104145,-69.52399900104145
2046.250057387352,-69.52679390912466,-69.52679390912466
2046.260057387352,-69.52959315063013,-69.52959315063013
2046.270057387352,-69.53239683760316,-69.53239683760316
2046.280057387352,-69.53520508003788,-69.53520508003788
2046.290057387352,-69.53801798590574,-69.53801798590574
2046.300057387352,-69.54083566116526,-69.54083566116526
2046.310057387352,-69.5436582097921,-69.5436582097921
2046.3200573873519,-69.54648573381101,-69.54648573381101
2046.330057387352,-69.549318333297,-69.549318333297
2046.340057387352,-69.5521561063953,-69.5521561063953
2046.350057387352,-69.55499914936956,-69.55499914936956
2046.360057387352,-69.55784755658074,-69.55784755658074
2046.370057387352,-69.56070142056251,-69.56070142056251
2046.380057387352,-69.5635608319897,-69.5635608319897
2046.390057387352,-69.56642587973657,-69.56642587973657
2046.400057387352,-69.56929665087944,-69.56929665087944
2046.410057387352,-69.57217323072281,-69.57217323072281
2046.420057387352,-69.57505570281515,-69.57505570281515
2046.430057387352,-69.57794414898093,-69.57794414898093
2046.440057387352,-69.58083864933822,-69.58083864933822
2046.450057387352,-69.58373928231137,-69.58373928231137
2046.460057387352,-69.58664612465009,-69.58664612465009
2046.470057387352,-69.58955925148683,-69.58955925148683
2046.480057387352,-69.59247873628543,-69.59247873628543
2046.490057387352,-69.59540465094304,-69.59540465094304
2046.500057387352,-69.59833706574256,-69.59833706574256
2046.510057387352,-69.60127604942515,-69.60127604942515
2046.520057387352,-69.6042216691806,-69.6042216691806
2046.530057387352,-69.6071739906597,-69.6071739906597
2046.540057387352,-69.61013307801677,-69.61013307801677
2046.550057387352,-69.61309899393511,-69.61309899393511
2046.560057387352,-69.61607179960305,-69.61607179960305
2046.5700573873519,-69.61905155479558,-69.61905155479558
2046.580057387352,-69.62203831783408,-69.62203831783408
2046.590057387352,-69.62503214564896,-69.62503214564896
2046.600057387352,-69.62803309377763,-69.62803309377763
2046.610057387352,-69.63104121638224,-69.63104121638224
2046.620057387352,-69.63405656627633,-69.63405656627633
2046.630057387352,-69.63707919494054,-69.63707919494054
2046.640057387352,-69.6401091525455,-69.6401091525455
2046.650057387352,-69.64314648795816,-69.64314648795816
2046.660057387352,-69.64619124877193,-69.64619124877193
2046.670057387352,-69.64924348131572,-69.64924348131572
2046.680057387352,-69.65230323068518,-69.65230323068518
2046.690057387352,-69.65537054073542,-69.65537054073542
2046.700057387352,-69.65844545412766,-69.65844545412766
2046.710057387352,-69.6615280123252,-69.6615280123252
2046.720057387352,-69.66461825561635,-69.66461825561635
2046.730057387352,-69.66771622312791,-69.66771622312791
2046.740057387352,-69.67082195286295,-69.67082195286295
2046.750057387352,-69.67393548168282,-69.67393548168282
2046.760057387352,-69.67705684534295,-69.67705684534295
2046.770057387352,-69.68018607851849,-69.68018607851849
2046.780057387352,-69.68332321479532,-69.68332321479532
2046.790057387352,-69.68646828670747,-69.68646828670747
2046.8000574111938,-69.68962133324462,-69.68962133324462
2046.8100574111938,-69.69278236988266,-69.69278236988266
2046.8200574111938,-69.69595143353065,-69.69595143353065
2046.8300574111938,-69.69912855263712,-69.69912855263712
2046.8400574111938,-69.70231375465251,-69.70231375465251
2046.8500574111938,-69.70550706607581,-69.70550706607581
2046.8600574111938,-69.70870851243873,-69.70870851243873
2046.8700574111938,-69.71191811832294,-69.71191811832294
2046.8800574111938,-69.7151359074002,-69.7151359074002
2046.8900574111938,-69.71836190242038,-69.71836190242038
2046.9000574111938,-69.72159612523224,-69.72159612523224
2046.9100574111937,-69.72483859680318,-69.72483859680318
2046.9200574111937,-69.72808933722195,-69.72808933722195
2046.930057411194,-69.73134836572699,-69.73134836572699
2046.940057411194,-69.73461570070779,-69.73461570070779
2046.950057411194,-69.73789135971025,-69.73789135971025
2046.960057411194,-69.74117535947565,-69.74117535947565
2046.970057411194,-69.7444677159359,-69.7444677159359
2046.980057411194,-69.74776844421716,-69.74776844421716
2046.990057411194,-69.75107755866931,-69.75107755866931
2047.000057411194,-69.754395072873,-69.754395072873
2047.0100574111939,-69.75772099964765,-69.75772099964765
2047.0200574111939,-69.76105535105697,-69.76105535105697
2047.0300574111939,-69.76439813844955,-69.76439813844955
2047.0400574111939,-69.7677493724349,-69.7677493724349
2047.0500574111938,-69.77110906290865,-69.77110906290865
2047.0600574111938,-69.77447721907322,-69.77447721907322
2047.0700574111938,-69.77785384943307,-69.77785384943307
2047.0800574111938,-69.78123896182996,-69.78123896182996
2047.0900574111938,-69.78463256341792,-69.78463256341792
2047.1000574111938,-69.7880346606999,-69.7880346606999
2047.1100574111938,-69.79144525953292,-69.79144525953292
2047.1200574111938,-69.79486436513649,-69.79486436513649
2047.1300574111938,-69.79829198210156,-69.79829198210156
2047.1400574111938,-69.80172811440862,-69.80172811440862
2047.1500574111938,-69.80517276541896,-69.80517276541896
2047.1600574111937,-69.80862593790133,-69.80862593790133
2047.1700574111937,-69.81208763404089,-69.81208763404089
2047.180057411194,-69.8155578554437,-69.8155578554437
2047.190057411194,-69.81903660314683,-69.81903660314683
2047.200057411194,-69.82252387762647,-69.82252387762647
2047.210057411194,-69.82601967881844,-69.82601967881844
2047.220057411194,-69.82952400609172,-69.82952400609172
2047.230057411194,-69.83303685830873,-69.83303685830873
2047.240057411194,-69.83655823379544,-69.83655823379544
2047.250057411194,-69.84008813036976,-69.84008813036976
2047.2600574111939,-69.84362654533751,-69.84362654533751
2047.2700574111939,-69.84717347550418,-69.84717347550418
2047.2800574111939,-69.85072891719535,-69.85072891719535
2047.2900574111939,-69.85429286624881,-69.85429286624881
2047.3000574111938,-69.85786531801774,-69.85786531801774
2047.3100574111938,-69.86144626741194,-69.86144626741194
2047.3200574111938,-69.86503570886488,-69.86503570886488
2047.3300574111938,-69.8686336363676,-69.8686336363676
2047.3400574111938,-69.87224004347458,-69.87224004347458
2047.3500574111938,-69.87585492329434,-69.87585492329434
2047.3600574111938,-69.8794782685023,-69.8794782685023
2047.3700574111938,-69.88311007136807,-69.88311007136807
2047.3800574111938,-69.88675032374613,-69.88675032374613
2047.3900574111938,-69.89039901707667,-69.89039901707667
2047.4000574111938,-69.8940561424018,-69.8940561424018
2047.4100574111937,-69.89772169037761,-69.89772169037761
2047.4200574111937,-69.90139565126839,-69.90139565126839
2047.430057411194,-69.9050780149642,-69.9050780149642
2047.440057411194,-69.9087687709752,-69.9087687709752
2047.450057411194,-69.91246790845724,-69.91246790845724
2047.460057411194,-69.91617541619219,-69.91617541619219
2047.470057411194,-69.91989128262291,-69.91989128262291
2047.480057411194,-69.92361549583703,-69.92361549583703
2047.490057411194,-69.9273480435759,-69.9273480435759
2047.500057411194,-69.93108891325518,-69.93108891325518
2047.5100574111939,-69.93483809196742,-69.93483809196742
2047.5200574111939,-69.9385955664683,-69.9385955664683
2047.5300574111939,-69.94236132319513,-69.94236132319513
2047.5400574111939,-69.94613534829179,-69.94613534829179
2047.5500574111938,-69.94991762757694,-69.94991762757694
2047.5600574111938,-69.9537081465802,-69.9537081465802
2047.5700574111938,-69.9575068905287,-69.9575068905287
2047.5800574111938,-69.96131384436923,-69.96131384436923
2047.5900574111938,-69.96512899274647,-69.96512899274647
2047.6000574111938,-69.96895232005213,-69.96895232005213
2047.6100574111938,-69.97278381038561,-69.97278381038561
2047.6200574111938,-69.97662344757937,-69.97662344757937
2047.6300574111938,-69.98047121520237,-69.98047121520237
2047.6400574111938,-69.98432709656568,-69.98432709656568
2047.6500574350357,-69.98819108394011,-69.98819108394011
2047.6600574350357,-69.99206314175582,-69.99206314175582
2047.6700574350357,-69.9959432617353,-69.9959432617353
2047.6800574350357,-69.99983142620479,-69.99983142620479
2047.6900574350357,-70.00372761725951,-70.00372761725951
2047.7000574350357,-70.00763181676005,-70.00763181676005
2047.7100574350357,-70.01154400633438,-70.01154400633438
2047.7200574350356,-70.0154641673883,-70.0154641673883
2047.7300574350356,-70.01939228111866,-70.01939228111866
2047.7400574350356,-70.02332832850139,-70.02332832850139
2047.7500574350356,-70.02727229030235,-70.02727229030235
2047.7600574350356,-70.0312241470888,-70.0312241470888
2047.7700574350356,-70.03518387922104,-70.03518387922104
2047.7800574350358,-70.03915146686218,-70.03915146686218
2047.7900574350358,-70.04312688998898,-70.04312688998898
2047.8000574350358,-70.04711012838366,-70.04711012838366
2047.8100574350358,-70.0511011616392,-70.0511011616392
2047.8200574350358,-70.05509996917431,-70.05509996917431
2047.8300574350358,-70.05910653023044,-70.05910653023044
2047.8400574350358,-70.06312082386596,-70.06312082386596
2047.8500574350358,-70.06714282897768,-70.06714282897768
2047.8600574350357,-70.0711725242976,-70.0711725242976
2047.8700574350357,-70.07520988838141,-70.07520988838141
2047.8800574350357,-70.07925489963793,-70.07925489963793
2047.8900574350357,-70.08330753631176,-70.08330753631176
2047.9000574350357,-70.08736777649612,-70.08736777649612
2047.9100574350357,-70.09143559813316,-70.09143559813316
2047.9200574350357,-70.09551097902683,-70.09551097902683
2047.9300574350357,-70.09959389683077,-70.09959389683077
2047.9400574350357,-70.10368432905507,-70.10368432905507
2047.9500574350357,-70.10778225307862,-70.10778225307862
2047.9600574350357,-70.11188764614523,-70.11188764614523
2047.9700574350356,-70.11600048536283,-70.11600048536283
2047.9800574350356,-70.1201207477261,-70.1201207477261
2047.9900574350356,-70.12424841008671,-70.12424841008671
2048.0000574350356,-70.12838344918768,-70.12838344918768
2048.010057435036,-70.13252584164319,-70.13252584164319
2048.0200574350356,-70.13667556395687,-70.13667556395687
2048.030057435036,-70.14083259251812,-70.14083259251812
2048.0400574350356,-70.14499690361481,-70.14499690361481
2048.050057435036,-70.14916847340221,-70.14916847340221
2048.0600574350356,-70.1533472779566,-70.1533472779566
2048.070057435036,-70.1575332932347,-70.1575332932347
2048.0800574350355,-70.16172649510509,-70.16172649510509
2048.0900574350358,-70.1659268593237,-70.1659268593237
2048.1000574350355,-70.17013436156736,-70.17013436156736
2048.1100574350357,-70.17434897741198,-70.17434897741198
2048.1200574350355,-70.17857068234552,-70.17857068234552
2048.1300574350357,-70.18279945177416,-70.18279945177416
2048.1400574350355,-70.18703526099443,-70.18703526099443
2048.1500574350357,-70.19127808525292,-70.19127808525292
2048.160057435036,-70.19552789969626,-70.19552789969626
2048.1700574350357,-70.19978467940378,-70.19978467940378
2048.180057435036,-70.2040483993613,-70.2040483993613
2048.1900574350357,-70.2083190344936,-70.2083190344936
2048.200057435036,-70.21259655965933,-70.21259655965933
2048.2100574350357,-70.21688094963345,-70.21688094963345
2048.220057435036,-70.2211721791274,-70.2211721791274
2048.2300574350356,-70.2254702227982,-70.2254702227982
2048.240057435036,-70.22977505522931,-70.22977505522931
2048.2500574350356,-70.23408665093538,-70.23408665093538
2048.260057435036,-70.23840498438751,-70.23840498438751
2048.2700574350356,-70.2427300300003,-70.2427300300003
2048.280057435036,-70.24706176211603,-70.24706176211603
2048.2900574350356,-70.25140015503555,-70.25140015503555
2048.300057435036,-70.25574518301238,-70.25574518301238
2048.3100574350356,-70.26009682023337,-70.26009682023337
2048.320057435036,-70.26445504085477,-70.26445504085477
2048.3300574350355,-70.26881981898293,-70.26881981898293
2048.3400574350358,-70.27319112866489,-70.27319112866489
2048.3500574350355,-70.27756894392405,-70.27756894392405
2048.3600574350357,-70.28195323873867,-70.28195323873867
2048.3700574350355,-70.28634398704273,-70.28634398704273
2048.3800574350357,-70.29074116273732,-70.29074116273732
2048.3900574350355,-70.29514473967815,-70.29514473967815
2048.4000574350357,-70.29955469170154,-70.29955469170154
2048.410057435036,-70.30397099259888,-70.30397099259888
2048.4200574350357,-70.30839361614284,-70.30839361614284
2048.430057435036,-70.31282253606022,-70.31282253606022
2048.4400574350357,-70.31725772606632,-70.31725772606632
2048.450057435036,-70.32169915983636,-70.32169915983636
2048.4600574350357,-70.32614681103435,-70.32614681103435
2048.470057435036,-70.33060065328621,-70.33060065328621
2048.4800574350356,-70.3350606602015,-70.3350606602015
2048.490057435036,-70.339526805374,-70.339526805374
2048.5000574588776,-70.34399907302829,-70.34399907302829
2048.510057458878,-70.34847741544529,-70.34847741544529
2048.5200574588775,-70.35296181677052,-70.35296181677052
2048.5300574588778,-70.35745225053205,-70.35745225053205
2048.5400574588775,-70.36194869023738,-70.36194869023738
2048.5500574588777,-70.36645110938596,-70.36645110938596
2048.5600574588775,-70.37095948145867,-70.37095948145867
2048.5700574588777,-70.3754737799322,-70.3754737799322
2048.5800574588775,-70.37999397827562,-70.37999397827562
2048.5900574588777,-70.38452004993685,-70.38452004993685
2048.6000574588775,-70.38905196837372,-70.38905196837372
2048.6100574588777,-70.39358970703111,-70.39358970703111
2048.6200574588775,-70.39813323935901,-70.39813323935901
2048.6300574588777,-70.40268253878716,-70.40268253878716
2048.6400574588774,-70.407237578754,-70.407237578754
2048.6500574588777,-70.41179833270027,-70.41179833270027
2048.6600574588774,-70.41636477406645,-70.41636477406645
2048.6700574588776,-70.42093687628292,-70.42093687628292
2048.6800574588774,-70.42551461280725,-70.42551461280725
2048.6900574588776,-70.43009795707053,-70.43009795707053
2048.7000574588774,-70.43468688253331,-70.43468688253331
2048.7100574588776,-70.43928136264113,-70.43928136264113
2048.7200574588774,-70.44388137087148,-70.44388137087148
2048.7300574588776,-70.44848688068775,-70.44848688068775
2048.7400574588773,-70.4530978655735,-70.4530978655735
2048.7500574588776,-70.4577142990133,-70.4577142990133
2048.760057458878,-70.46233615451415,-70.46233615451415
2048.7700574588775,-70.46696340558503,-70.46696340558503
2048.7800574588778,-70.47159602574936,-70.47159602574936
2048.7900574588775,-70.47623398854927,-70.47623398854927
2048.8000574588777,-70.48087726753053,-70.48087726753053
2048.8100574588775,-70.48552583626808,-70.48552583626808
2048.8200574588777,-70.49017966834171,-70.49017966834171
2048.8300574588775,-70.49483873735956,-70.49483873735956
2048.8400574588777,-70.49950301692598,-70.49950301692598
2048.8500574588775,-70.5041724806902,-70.5041724806902
2048.8600574588777,-70.50884710230582,-70.50884710230582
2048.8700574588775,-70.5135268554542,-70.5135268554542
2048.8800574588777,-70.51821171382149,-70.51821171382149
2048.8900574588774,-70.52290165113405,-70.52290165113405
2048.9000574588777,-70.52759664113456,-70.52759664113456
2048.9100574588774,-70.53229665758798,-70.53229665758798
2048.9200574588776,-70.537001674279,-70.537001674279
2048.9300574588774,-70.5417116650274,-70.5417116650274
2048.9400574588776,-70.54642660366777,-70.54642660366777
2048.9500574588774,-70.55114646407189,-70.55114646407189
2048.9600574588776,-70.55586506666384,-70.55586506666384
2048.9700574588774,-70.56057968864539,-70.56057968864539
2048.9800574588776,-70.565288989651,-70.565288989651
2048.9900574588773,-70.56999226954957,-70.56999226954957
2049.0000574588776,-70.57468918510997,-70.57468918510997
2049.010057458878,-70.57937960274674,-70.57937960274674
2049.0200574588775,-70.58406351222298,-70.58406351222298
2049.0300574588778,-70.58874097477577,-70.58874097477577
2049.0400574588775,-70.59341209192212,-70.59341209192212
2049.0500574588777,-70.5980769866884,-70.5980769866884
2049.0600574588775,-70.60273579250111,-70.60273579250111
2049.0700574588777,-70.60738864656294,-70.60738864656294
2049.0800574588775,-70.61203568613156,-70.61203568613156
2049.0900574588777,-70.61667704642268,-70.61667704642268
2049.1000574588775,-70.62131285960812,-70.62131285960812
2049.1100574588777,-70.62594325435994,-70.62594325435994
2049.1200574588775,-70.63056835579629,-70.63056835579629
2049.1300574588777,-70.63518828561693,-70.63518828561693
2049.1400574588774,-70.6398031623385,-70.6398031623385
2049.1500574588777,-70.64441310155236,-70.64441310155236
2049.1600574588774,-70.64901821624373,-70.64901821624373
2049.1700574588776,-70.65361861700096,-70.65361861700096
2049.1800574588774,-70.65821441232275,-70.65821441232275
2049.1900574588776,-70.66280570880186,-70.66280570880186
2049.2000574588774,-70.66739261134093,-70.66739261134093
2049.2100574588776,-70.67196905989431,-70.67196905989431
2049.2200574588774,-70.67653245540903,-70.67653245540903
2049.2300574588776,-70.68108158221834,-70.68108158221834
2049.2400574588773,-70.68561586475462,-70.68561586475462
2049.2500574588776,-70.69013508377856,-70.69013508377856
2049.260057458878,-70.69463922904508,-70.69463922904508
2049.2700574588775,-70.69912841287822,-70.69912841287822
2049.2800574588778,-70.70360281829387,-70.70360281829387
2049.2900574588775,-70.70806266777413,-70.70806266777413
2049.3000574588777,-70.71250820452049,-70.71250820452049
2049.3100574588775,-70.7169396813152,-70.7169396813152
2049.3200574588777,-70.7213573539183,-70.7213573539183
2049.3300574588775,-70.72576147733822,-70.72576147733822
2049.3400574588777,-70.7301523037566,-70.7301523037566
2049.3500574827194,-70.73453009189181,-70.73453009189181
2049.3600574827196,-70.73889506488068,-70.73889506488068
2049.3700574827194,-70.74324747281005,-70.74324747281005
2049.3800574827196,-70.74758755107524,-70.74758755107524
2049.3900574827194,-70.7519155310398,-70.7519155310398
2049.4000574827196,-70.75623164032586,-70.75623164032586
2049.4100574827194,-70.76053610305831,-70.76053610305831
2049.4200574827196,-70.76482914014824,-70.76482914014824
2049.4300574827193,-70.7691109695271,-70.7691109695271
2049.4400574827196,-70.77338180633826,-70.77338180633826
2049.4500574827193,-70.77764186315815,-70.77764186315815
2049.4600574827195,-70.78189135011556,-70.78189135011556
2049.4700574827193,-70.78613047504471,-70.78613047504471
2049.4800574827195,-70.79035944360045,-70.79035944360045
2049.4900574827193,-70.79457845934596,-70.79457845934596
2049.5000574827195,-70.79878772381748,-70.79878772381748
2049.5100574827193,-70.802987436594,-70.802987436594
2049.5200574827195,-70.80717779536006,-70.80717779536006
2049.5300574827193,-70.8113589958986,-70.8113589958986
2049.5400574827195,-70.8155312321688,-70.8155312321688
2049.5500574827192,-70.81969469630054,-70.81969469630054
2049.5600574827195,-70.82384957862901,-70.82384957862901
2049.570057482719,-70.82799606767652,-70.82799606767652
2049.5800574827194,-70.8321343501843,-70.8321343501843
2049.590057482719,-70.83626461109941,-70.83626461109941
2049.6000574827194,-70.84038703359118,-70.84038703359118
2049.6100574827196,-70.84450179903234,-70.84450179903234
2049.6200574827194,-70.84860908702166,-70.84860908702166
2049.6300574827196,-70.85270907534903,-70.85270907534903
2049.6400574827194,-70.85680194000057,-70.85680194000057
2049.6500574827196,-70.86088785516895,-70.86088785516895
2049.6600574827194,-70.8649669932354,-70.8649669932354
2049.6700574827196,-70.86903952475609,-70.86903952475609
2049.6800574827193,-70.87310561847893,-70.87310561847893
2049.6900574827196,-70.87716544131155,-70.87716544131155
2049.7000574827193,-70.88121915835,-70.88121915835
2049.7100574827195,-70.88526693283792,-70.88526693283792
2049.7200574827193,-70.88930892618981,-70.88930892618981
2049.7300574827195,-70.89334529797087,-70.89334529797087
2049.7400574827193,-70.89737620590715,-70.89737620590715
2049.7500574827195,-70.90140180587248,-70.90140180587248
2049.7600574827193,-70.9054222519097,-70.9054222519097
2049.7700574827195,-70.9094376961915,-70.9094376961915
2049.7800574827193,-70.91344828905201,-70.91344828905201
2049.7900574827195,-70.91745417898638,-70.91745417898638
2049.8000574827192,-70.92145551263808,-70.92145551263808
2049.8100574827195,-70.92545243480508,-70.92545243480508
2049.820057482719,-70.92944508845582,-70.92944508845582
2049.8300574827194,-70.93343361471524,-70.93343361471524
2049.840057482719,-70.93741815287889,-70.93741815287889
2049.8500574827194,-70.94139884041502,-70.94139884041502
2049.8600574827196,-70.94537581297656,-70.94537581297656
2049.8700574827194,-70.94934920440106,-70.94934920440106
2049.8800574827196,-70.95331914671657,-70.95331914671657
2049.8900574827194,-70.95728577015721,-70.95728577015721
2049.9000574827196,-70.96124920315242,-70.96124920315242
2049.9100574827194,-70.96520957237489,-70.96520957237489
2049.9200574827196,-70.96916700268841,-70.96916700268841
2049.9300574827193,-70.9731216172225,-70.9731216172225
2049.9400574827196,-70.97707353733375,-70.97707353733375
2049.9500574827193,-70.98102288264845,-70.98102288264845
2049.9600574827195,-70.9849697710473,-70.9849697710473
2049.9700574827193,-70.98891431869825,-70.98891431869825
2049.9800574827195,-70.9928566400559,-70.9928566400559
2049.9900574827193,-70.99679684787093,-70.99679684787093
2050.0000574827195,-71.00073505321417,-71.00073505321417
2050.0100574827193,-71.00467136548136,-71.00467136548136
2050.0200574827195,-71.0086058924096,-71.0086058924096
2050.0300574827193,-71.01253874007388,-71.01253874007388
2050.0400574827195,-71.01647001294006,-71.01647001294006
2050.0500574827192,-71.02039981382966,-71.02039981382966
2050.0600574827195,-71.02432824396355,-71.02432824396355
2050.070057482719,-71.02825540297758,-71.02825540297758
2050.0800574827194,-71.03218138891597,-71.03218138891597
2050.090057482719,-71.03610629826639,-71.03610629826639
2050.1000574827194,-71.04003022595951,-71.04003022595951
2050.1100574827196,-71.04395326539715,-71.04395326539715
2050.1200574827194,-71.04787550846467,-71.04787550846467
2050.1300574827196,-71.05179704551469,-71.05179704551469
2050.1400574827194,-71.05571796543533,-71.05571796543533
2050.1500574827196,-71.05963835562653,-71.05963835562653
2050.1600574827194,-71.06355830202688,-71.06355830202688
2050.1700574827196,-71.06747788913074,-71.06747788913074
2050.1800574827193,-71.07139720000552,-71.07139720000552
2050.1900574827196,-71.07531631629024,-71.07531631629024
2050.2000575065613,-71.07923532756463,-71.07923532756463
2050.2100575065615,-71.08315429402948,-71.08315429402948
2050.2200575065613,-71.08707330249426,-71.08707330249426
2050.2300575065615,-71.09099242909078,-71.09099242909078
2050.2400575065612,-71.0949117486175,-71.0949117486175
2050.2500575065615,-71.09883133453843,-71.09883133453843
2050.260057506561,-71.10275125901413,-71.10275125901413
2050.2700575065614,-71.1066715929069,-71.1066715929069
2050.280057506561,-71.11059240580067,-71.11059240580067
2050.2900575065614,-71.1145137660212,-71.1145137660212
2050.300057506561,-71.11843574063685,-71.11843574063685
2050.3100575065614,-71.12235839547422,-71.12235839547422
2050.320057506561,-71.12628179515481,-71.12628179515481
2050.3300575065614,-71.13020600308694,-71.13020600308694
2050.340057506561,-71.13413108150014,-71.13413108150014
2050.3500575065614,-71.13805709143585,-71.13805709143585
2050.360057506561,-71.14198409278706,-71.14198409278706
2050.3700575065614,-71.14591214428127,-71.14591214428127
2050.380057506561,-71.14984130353899,-71.14984130353899
2050.3900575065613,-71.15377162703957,-71.15377162703957
2050.400057506561,-71.15770317017244,-71.15770317017244
2050.4100575065613,-71.16163598724481,-71.16163598724481
2050.420057506561,-71.16557013147703,-71.16557013147703
2050.4300575065613,-71.16950565503362,-71.16950565503362
2050.440057506561,-71.17344260902716,-71.17344260902716
2050.4500575065613,-71.17738104354768,-71.17738104354768
2050.4600575065615,-71.18132100765219,-71.18132100765219
2050.4700575065613,-71.18526254940831,-71.18526254940831
2050.4800575065615,-71.18920571587121,-71.18920571587121
2050.4900575065612,-71.19315055313018,-71.19315055313018
2050.5000575065615,-71.19709710630336,-71.19709710630336
2050.510057506561,-71.2010454195536,-71.2010454195536
2050.5200575065614,-71.20499553611052,-71.20499553611052
2050.530057506561,-71.20894749827177,-71.20894749827177
2050.5400575065614,-71.21290134741879,-71.21290134741879
2050.550057506561,-71.21685712403428,-71.21685712403428
2050.5600575065614,-71.22081486770911,-71.22081486770911
2050.570057506561,-71.22477461715593,-71.22477461715593
2050.5800575065614,-71.22873641022944,-71.22873641022944
2050.590057506561,-71.23270028392064,-71.23270028392064
2050.6000575065614,-71.23666627437785,-71.23666627437785
2050.610057506561,-71.2406344169387,-71.2406344169387
2050.6200575065614,-71.24460474609504,-71.24460474609504
2050.630057506561,-71.24857729555197,-71.24857729555197
2050.6400575065613,-71.25255209821611,-71.25255209821611
2050.650057506561,-71.25652918620186,-71.25652918620186
2050.6600575065613,-71.26050859086612,-71.26050859086612
2050.670057506561,-71.26449034279666,-71.26449034279666
2050.6800575065613,-71.26847447183184,-71.26847447183184
2050.690057506561,-71.27246100706185,-71.27246100706185
2050.7000575065613,-71.27644997686168,-71.27644997686168
2050.7100575065615,-71.28044140888053,-71.28044140888053
2050.7200575065613,-71.2844353300593,-71.2844353300593
2050.7300575065615,-71.2884317666402,-71.2884317666402
2050.7400575065612,-71.29243074418363,-71.29243074418363
2050.7500575065615,-71.29643228756973,-71.29643228756973
2050.760057506561,-71.30043642100554,-71.30043642100554
2050.7700575065614,-71.30444316804939,-71.30444316804939
2050.780057506561,-71.30845255160273,-71.30845255160273
2050.7900575065614,-71.31246459393861,-71.31246459393861
2050.800057506561,-71.31647931669269,-71.31647931669269
2050.8100575065614,-71.32049674087767,-71.32049674087767
2050.820057506561,-71.32451688690958,-71.32451688690958
2050.8300575065614,-71.32853977458984,-71.32853977458984
2050.840057506561,-71.33256542312799,-71.33256542312799
2050.8500575065614,-71.33659385116395,-71.33659385116395
2050.860057506561,-71.34062507675311,-71.34062507675311
2050.8700575065614,-71.34465911738152,-71.34465911738152
2050.880057506561,-71.34869598998047,-71.34869598998047
2050.8900575065613,-71.35273571092661,-71.35273571092661
2050.900057506561,-71.3567782960722,-71.3567782960722
2050.9100575065613,-71.3608237607198,-71.3608237607198
2050.920057506561,-71.36487211965449,-71.36487211965449
2050.9300575065613,-71.36892338714651,-71.36892338714651
2050.940057506561,-71.37297757694529,-71.37297757694529
2050.9500575065613,-71.37703470231496,-71.37703470231496
2050.9600575065615,-71.38109477601331,-71.38109477601331
2050.9700575065613,-71.38515781033178,-71.38515781033178
2050.9800575065615,-71.38922381705652,-71.38922381705652
2050.9900575065612,-71.39329280752254,-71.39329280752254
2051.0000575065615,-71.39736479259246,-71.39736479259246
2051.010057506561,-71.40143978267655,-71.40143978267655
2051.0200575065614,-71.40551778773359,-71.40551778773359
2051.030057506561,-71.40959881728303,-71.40959881728303
2051.0400575065614,-71.41368288040175,-71.41368288040175
2051.050057530403,-71.41776999547719,-71.41776999547719
2051.0600575304034,-71.42186015129178,-71.42186015129178
2051.070057530403,-71.42595336536799,-71.42595336536799
2051.0800575304033,-71.43004964511186,-71.43004964511186
2051.090057530403,-71.43414899753247,-71.43414899753247
2051.1000575304033,-71.43825142923897,-71.43825142923897
2051.110057530403,-71.44235694643683,-71.44235694643683
2051.1200575304033,-71.44646555496618,-71.44646555496618
2051.130057530403,-71.45057726028105,-71.45057726028105
2051.1400575304033,-71.45469206746692,-71.45469206746692
2051.150057530403,-71.45880998123764,-71.45880998123764
2051.1600575304033,-71.46293100594897,-71.46293100594897
2051.170057530403,-71.46705514560665,-71.46705514560665
2051.1800575304032,-71.47118240386243,-71.47118240386243
2051.190057530403,-71.47531278403433,-71.47531278403433
2051.2000575304032,-71.47944628908829,-71.47944628908829
2051.210057530403,-71.48358292166745,-71.48358292166745
2051.220057530403,-71.48772268408293,-71.48772268408293
2051.230057530403,-71.4918655783353,-71.4918655783353
2051.240057530403,-71.4960116060916,-71.4960116060916
2051.250057530403,-71.50016076872295,-71.50016076872295
2051.260057530403,-71.50431306728612,-71.50431306728612
2051.270057530403,-71.50846850254553,-71.50846850254553
2051.280057530403,-71.51262707495101,-71.51262707495101
2051.290057530403,-71.51678878467906,-71.51678878467906
2051.300057530403,-71.5209536316109,-71.5209536316109
2051.3100575304034,-71.52512161534983,-71.52512161534983
2051.320057530403,-71.52929273522116,-71.52929273522116
2051.3300575304033,-71.53346699027078,-71.53346699027078
2051.340057530403,-71.53764437929286,-71.53764437929286
2051.3500575304033,-71.54182490079691,-71.54182490079691
2051.360057530403,-71.54600855305277,-71.54600855305277
2051.3700575304033,-71.55019533405691,-71.55019533405691
2051.380057530403,-71.55438524156438,-71.55438524156438
2051.3900575304033,-71.55857827308701,-71.55857827308701
2051.400057530403,-71.56277442589514,-71.56277442589514
2051.4100575304033,-71.56697369700267,-71.56697369700267
2051.420057530403,-71.57117608320289,-71.57117608320289
2051.4300575304032,-71.57538158106793,-71.57538158106793
2051.440057530403,-71.57959018692769,-71.57959018692769
2051.4500575304032,-71.58380189689392,-71.58380189689392
2051.460057530403,-71.5880167068686,-71.5880167068686
2051.470057530403,-71.5922346125205,-71.5922346125205
2051.480057530403,-71.59645560932036,-71.59645560932036
2051.490057530403,-71.60067969253569,-71.60067969253569
2051.500057530403,-71.60490685721334,-71.60490685721334
2051.510057530403,-71.6091370982156,-71.6091370982156
2051.520057530403,-71.6133704101932,-71.6133704101932
2051.530057530403,-71.61760678761306,-71.61760678761306
2051.540057530403,-71.62184622474858,-71.62184622474858
2051.550057530403,-71.62608871568463,-71.62608871568463
2051.5600575304034,-71.6303342543297,-71.6303342543297
2051.570057530403,-71.63458283440801,-71.63458283440801
2051.5800575304033,-71.63883444945576,-71.63883444945576
2051.590057530403,-71.6430890928472,-71.6430890928472
2051.6000575304033,-71.64734675778716,-71.64734675778716
2051.610057530403,-71.65160743731145,-71.65160743731145
2051.6200575304033,-71.65587112427266,-71.65587112427266
2051.630057530403,-71.6601378113891,-71.6601378113891
2051.6400575304033,-71.66440749119953,-71.66440749119953
2051.650057530403,-71.66868015609678,-71.66868015609678
2051.6600575304033,-71.67295579831905,-71.67295579831905
2051.670057530403,-71.67723440995225,-71.67723440995225
2051.6800575304032,-71.68151598293373,-71.68151598293373
2051.690057530403,-71.68580050905523,-71.68580050905523
2051.7000575304032,-71.69008797997252,-71.69008797997252
2051.710057530403,-71.69437838719573,-71.69437838719573
2051.720057530403,-71.69867172209193,-71.69867172209193
2051.730057530403,-71.70296797591207,-71.70296797591207
2051.740057530403,-71.70726713976129,-71.70726713976129
2051.750057530403,-71.71156920460975,-71.71156920460975
2051.760057530403,-71.71587416131868,-71.71587416131868
2051.770057530403,-71.72018200061144,-71.72018200061144
2051.780057530403,-71.72449271309961,-71.72449271309961
2051.790057530403,-71.72880628925672,-71.72880628925672
2051.800057530403,-71.73312271945217,-71.73312271945217
2051.8100575304034,-71.73744199393813,-71.73744199393813
2051.820057530403,-71.74176410286573,-71.74176410286573
2051.8300575304033,-71.74608903625435,-71.74608903625435
2051.840057530403,-71.75041678402329,-71.75041678402329
2051.8500575304033,-71.75474733598833,-71.75474733598833
2051.860057530403,-71.75908068185934,-71.75908068185934
2051.8700575304033,-71.76341681124599,-71.76341681124599
2051.880057530403,-71.7677557136541,-71.7677557136541
2051.8900575304033,-71.77209737849286,-71.77209737849286
2051.900057554245,-71.77644180541598,-71.77644180541598
2051.910057554245,-71.7807889629809,-71.7807889629809
2051.920057554245,-71.78513885063659,-71.78513885063659
2051.930057554245,-71.78949145741406,-71.78949145741406
2051.940057554245,-71.79384677227044,-71.79384677227044
2051.950057554245,-71.7982047840695,-71.7982047840695
2051.960057554245,-71.80256548158577,-71.80256548158577
2051.970057554245,-71.8069288535178,-71.8069288535178
2051.980057554245,-71.81129488849058,-71.81129488849058
2051.990057554245,-71.81566357502844,-71.81566357502844
2052.000057554245,-71.82003490159202,-71.82003490159202
2052.010057554245,-71.82440885656608,-71.82440885656608
2052.020057554245,-71.82878542826732,-71.82878542826732
2052.030057554245,-71.8331646049233,-71.8331646049233
2052.040057554245,-71.83754637470548,-71.83754637470548
2052.050057554245,-71.84193072571097,-71.84193072571097
2052.060057554245,-71.84631764596439,-71.84631764596439
2052.070057554245,-71.85070712344059,-71.85070712344059
2052.080057554245,-71.85509914603145,-71.85509914603145
2052.090057554245,-71.85949370157883,-71.85949370157883
2052.100057554245,-71.86389077785653,-71.86389077785653
2052.110057554245,-71.86829036257919,-71.86829036257919
2052.120057554245,-71.87269244340564,-71.87269244340564
2052.130057554245,-71.8770970079455,-71.8770970079455
2052.140057554245,-71.88150404374062,-71.88150404374062
2052.150057554245,-71.88591353828332,-71.88591353828332
2052.160057554245,-71.89032547901377,-71.89032547901377
2052.170057554245,-71.89473985331587,-71.89473985331587
2052.180057554245,-71.89915664853616,-71.89915664853616
2052.190057554245,-71.903575851964,-71.903575851964
2052.200057554245,-71.90799745084232,-71.90799745084232
2052.210057554245,-71.91241515795065,-71.91241515795065
2052.220057554245,-71.9168262087721,-71.9168262087721
2052.230057554245,-71.92122924748683,-71.92122924748683
2052.240057554245,-71.9256235705379,-71.9256235705379
2052.250057554245,-71.93000883790904,-71.93000883790904
2052.260057554245,-71.9343849231846,-71.9343849231846
2052.270057554245,-71.9387518256379,-71.9387518256379
2052.280057554245,-71.94310961747256,-71.94310961747256
2052.290057554245,-71.94745841203671,-71.94745841203671
2052.300057554245,-71.95179834478044,-71.95179834478044
2052.310057554245,-71.95612956186325,-71.95612956186325
2052.320057554245,-71.96045221350431,-71.96045221350431
2052.330057554245,-71.96476645010851,-71.96476645010851
2052.340057554245,-71.96907242016307,-71.96907242016307
2052.350057554245,-71.97337026918474,-71.97337026918474
2052.360057554245,-71.9776601392445,-71.9776601392445
2052.370057554245,-71.98194216893923,-71.98194216893923
2052.380057554245,-71.9862164934533,-71.9862164934533
2052.390057554245,-71.9904832448425,-71.9904832448425
2052.400057554245,-71.99474255225714,-71.99474255225714
2052.410057554245,-71.99899454223515,-71.99899454223515
2052.420057554245,-72.00323933898754,-72.00323933898754
2052.430057554245,-72.00747706461036,-72.00747706461036
2052.440057554245,-72.01170783930516,-72.01170783930516
2052.450057554245,-72.0159317815979,-72.0159317815979
2052.460057554245,-72.02014272499312,-72.02014272499312
2052.470057554245,-72.02433802966458,-72.02433802966458
2052.480057554245,-72.02851646535895,-72.02851646535895
2052.490057554245,-72.03267745393373,-72.03267745393373
2052.500057554245,-72.03682078026641,-72.03682078026641
2052.510057554245,-72.04094644218613,-72.04094644218613
2052.520057554245,-72.04505456249484,-72.04505456249484
2052.530057554245,-72.04914533615352,-72.04914533615352
2052.540057554245,-72.05321899848428,-72.05321899848428
2052.550057554245,-72.0572758061432,-72.0572758061432
2052.560057554245,-72.06131602572596,-72.06131602572596
2052.570057554245,-72.06533992707419,-72.06533992707419
2052.580057554245,-72.06934777946307,-72.06934777946307
2052.590057554245,-72.07333984945149,-72.07333984945149
2052.600057554245,-72.07731639982164,-72.07731639982164
2052.610057554245,-72.08127768915213,-72.08127768915213
2052.620057554245,-72.08522397169766,-72.08522397169766
2052.630057554245,-72.08915549751723,-72.08915549751723
2052.640057554245,-72.09307251270312,-72.09307251270312
2052.650057554245,-72.09697525961751,-72.09697525961751
2052.660057554245,-72.1008639771813,-72.1008639771813
2052.670057554245,-72.10473890110356,-72.10473890110356
2052.680057554245,-72.10860026412738,-72.10860026412738
2052.690057554245,-72.11244829624785,-72.11244829624785
2052.700057554245,-72.11628322487222,-72.11628322487222
2052.710057554245,-72.12010527498306,-72.12010527498306
2052.720057554245,-72.1239146692679,-72.1239146692679
2052.730057554245,-72.12771162822507,-72.12771162822507
2052.740057554245,-72.13149637023524,-72.13149637023524
2052.750057578087,-72.13526912065132,-72.13526912065132
2052.760057578087,-72.13903007586075,-72.13903007586075
2052.770057578087,-72.14277945733268,-72.14277945733268
2052.780057578087,-72.14651747562385,-72.14651747562385
2052.790057578087,-72.15024433942332,-72.15024433942332
2052.800057578087,-72.15396025557243,-72.15396025557243
2052.810057578087,-72.15766542905308,-72.15766542905308
2052.820057578087,-72.16136006302499,-72.16136006302499
2052.830057578087,-72.1650443588256,-72.1650443588256
2052.840057578087,-72.16871851595603,-72.16871851595603
2052.8500575780868,-72.17238273209153,-72.17238273209153
2052.860057578087,-72.17603720306386,-72.17603720306386
2052.8700575780867,-72.1796821228704,-72.1796821228704
2052.880057578087,-72.18331768366428,-72.18331768366428
2052.8900575780867,-72.18694407574634,-72.18694407574634
2052.900057578087,-72.19056148755735,-72.19056148755735
2052.9100575780867,-72.19417010567422,-72.19417010567422
2052.920057578087,-72.19777011479202,-72.19777011479202
2052.9300575780867,-72.20136169772351,-72.20136169772351
2052.940057578087,-72.20494503540309,-72.20494503540309
2052.9500575780867,-72.20852030686775,-72.20852030686775
2052.960057578087,-72.21208768925445,-72.21208768925445
2052.9700575780867,-72.21564735780323,-72.21564735780323
2052.980057578087,-72.21919948583626,-72.21919948583626
2052.9900575780866,-72.22274424476807,-72.22274424476807
2053.000057578087,-72.22628180408714,-72.22628180408714
2053.010057578087,-72.22981233138204,-72.22981233138204
2053.020057578087,-72.23333599232255,-72.23333599232255
2053.030057578087,-72.2368529506538,-72.2368529506538
2053.040057578087,-72.24036336819351,-72.24036336819351
2053.050057578087,-72.2438674048599,-72.2438674048599
2053.060057578087,-72.24736521864332,-72.24736521864332
2053.070057578087,-72.25085696562752,-72.25085696562752
2053.080057578087,-72.25434279998602,-72.25434279998602
2053.090057578087,-72.25782287398289,-72.25782287398289
2053.1000575780868,-72.26129733798894,-72.26129733798894
2053.110057578087,-72.26476634046408,-72.26476634046408
2053.1200575780867,-72.26823002799503,-72.26823002799503
2053.130057578087,-72.27168854528404,-72.27168854528404
2053.1400575780867,-72.27514203515288,-72.27514203515288
2053.150057578087,-72.27859063854804,-72.27859063854804
2053.1600575780867,-72.28203449457756,-72.28203449457756
2053.170057578087,-72.28547374048094,-72.28547374048094
2053.1800575780867,-72.2889085116577,-72.2889085116577
2053.190057578087,-72.2923389416837,-72.2923389416837
2053.2000575780867,-72.29576516231069,-72.29576516231069
2053.210057578087,-72.29918730348456,-72.29918730348456
2053.2200575780867,-72.30260549334372,-72.30260549334372
2053.230057578087,-72.30601985824325,-72.30601985824325
2053.2400575780866,-72.30943052276149,-72.30943052276149
2053.250057578087,-72.3128376097227,-72.3128376097227
2053.260057578087,-72.31624124018528,-72.31624124018528
2053.270057578087,-72.31964153348278,-72.31964153348278
2053.280057578087,-72.32303860721399,-72.32303860721399
2053.290057578087,-72.32643257728171,-72.32643257728171
2053.300057578087,-72.32982355787757,-72.32982355787757
2053.310057578087,-72.33321166152173,-72.33321166152173
2053.320057578087,-72.33659699905044,-72.33659699905044
2053.330057578087,-72.33997967965877,-72.33997967965877
2053.340057578087,-72.34335981089531,-72.34335981089531
2053.3500575780868,-72.34673749868534,-72.34673749868534
2053.360057578087,-72.35011284734759,-72.35011284734759
2053.3700575780867,-72.35348595960052,-72.35348595960052
2053.380057578087,-72.35685693658056,-72.35685693658056
2053.3900575780867,-72.36022587786712,-72.36022587786712
2053.400057578087,-72.36359288147412,-72.36359288147412
2053.4100575780867,-72.36695804390186,-72.36695804390186
2053.420057578087,-72.3703214601206,-72.3703214601206
2053.4300575780867,-72.37368322359133,-72.37368322359133
2053.440057578087,-72.37704342630168,-72.37704342630168
2053.4500575780867,-72.38040215875594,-72.38040215875594
2053.460057578087,-72.38375951000268,-72.38375951000268
2053.4700575780867,-72.38711556765634,-72.38711556765634
2053.480057578087,-72.39047041790047,-72.39047041790047
2053.4900575780866,-72.39382414550991,-72.39382414550991
2053.500057578087,-72.39717683386286,-72.39717683386286
2053.510057578087,-72.40052856497003,-72.40052856497003
2053.520057578087,-72.40387941946068,-72.40387941946068
2053.530057578087,-72.4072294766356,-72.4072294766356
2053.540057578087,-72.41057881445357,-72.41057881445357
2053.550057578087,-72.4139275095629,-72.4139275095629
2053.560057578087,-72.4172756373013,-72.4172756373013
2053.570057578087,-72.42062327172755,-72.42062327172755
2053.580057578087,-72.42397048564138,-72.42397048564138
2053.590057578087,-72.42731735055887,-72.42731735055887
2053.6000576019287,-72.43066394475281,-72.43066394475281
2053.610057601929,-72.43401032136416,-72.43401032136416
2053.6200576019287,-72.43735655619763,-72.43735655619763
2053.630057601929,-72.44070271593489,-72.44070271593489
2053.6400576019287,-72.44404886605565,-72.44404886605565
2053.650057601929,-72.4473950708754,-72.4473950708754
2053.6600576019287,-72.45074139356028,-72.45074139356028
2053.670057601929,-72.45408789614712,-72.45408789614712
2053.6800576019286,-72.45743463954827,-72.45743463954827
2053.690057601929,-72.46078168356541,-72.46078168356541
2053.7000576019286,-72.46412908690891,-72.46412908690891
2053.710057601929,-72.4674769072063,-72.4674769072063
2053.7200576019286,-72.47082520103318,-72.47082520103318
2053.730057601929,-72.47417402389857,-72.47417402389857
2053.7400576019286,-72.47752343027165,-72.47752343027165
2053.750057601929,-72.48087347360774,-72.48087347360774
2053.7600576019286,-72.4842242063548,-72.4842242063548
2053.770057601929,-72.48757567996172,-72.48757567996172
2053.7800576019285,-72.49092794488924,-72.49092794488924
2053.7900576019288,-72.49428105062479,-72.49428105062479
2053.8000576019285,-72.49763504570237,-72.49763504570237
2053.8100576019287,-72.5009899777084,-72.5009899777084
2053.8200576019285,-72.5043458933091,-72.5043458933091
2053.8300576019287,-72.50770283823279,-72.50770283823279
2053.8400576019285,-72.5110608573204,-72.5110608573204
2053.8500576019287,-72.51441999450148,-72.51441999450148
2053.860057601929,-72.51778029283976,-72.51778029283976
2053.8700576019287,-72.52114179451343,-72.52114179451343
2053.880057601929,-72.52450454084955,-72.52450454084955
2053.8900576019287,-72.52786857232799,-72.52786857232799
2053.900057601929,-72.53123392859204,-72.53123392859204
2053.9100576019287,-72.5346006484736,-72.5346006484736
2053.920057601929,-72.53796876997927,-72.53796876997927
2053.9300576019286,-72.54133833032618,-72.54133833032618
2053.940057601929,-72.5447093659333,-72.5447093659333
2053.9500576019286,-72.5480819124445,-72.5480819124445
2053.960057601929,-72.55145600473804,-72.55145600473804
2053.9700576019286,-72.55483167693706,-72.55483167693706
2053.980057601929,-72.55820896241958,-72.55820896241958
2053.9900576019286,-72.5615878938328,-72.5615878938328
2054.000057601929,-72.56496850308943,-72.56496850308943
2054.0100576019286,-72.56835082140087,-72.56835082140087
2054.020057601929,-72.57173487926106,-72.57173487926106
2054.0300576019285,-72.57512070648302,-72.57512070648302
2054.0400576019288,-72.5785083321847,-72.5785083321847
2054.0500576019285,-72.58189778482131,-72.58189778482131
2054.0600576019287,-72.5852890921807,-72.5852890921807
2054.0700576019285,-72.58868228139069,-72.58868228139069
2054.0800576019287,-72.59207737893789,-72.59207737893789
2054.0900576019285,-72.59547441067588,-72.59547441067588
2054.1000576019287,-72.59887340182772,-72.59887340182772
2054.110057601929,-72.60227437700127,-72.60227437700127
2054.1200576019287,-72.60567736018915,-72.60567736018915
2054.130057601929,-72.60908237480119,-72.60908237480119
2054.1400576019287,-72.61248944363766,-72.61248944363766
2054.150057601929,-72.61589858893464,-72.61589858893464
2054.1600576019287,-72.61930983233873,-72.61930983233873
2054.170057601929,-72.62272319494633,-72.62272319494633
2054.1800576019286,-72.62613869728168,-72.62613869728168
2054.190057601929,-72.62955635932838,-72.62955635932838
2054.2000576019286,-72.63297620053632,-72.63297620053632
2054.210057601929,-72.63639823981221,-72.63639823981221
2054.2200576019286,-72.63982249554252,-72.63982249554252
2054.230057601929,-72.64324898559614,-72.64324898559614
2054.2400576019286,-72.64667772734292,-72.64667772734292
2054.250057601929,-72.6501087376368,-72.6501087376368
2054.2600576019286,-72.65354203284281,-72.65354203284281
2054.270057601929,-72.65697762883502,-72.65697762883502
2054.2800576019285,-72.66041554103029,-72.66041554103029
2054.2900576019288,-72.66385578434387,-72.66385578434387
2054.3000576019285,-72.66729837324395,-72.66729837324395
2054.3100576019287,-72.67074332173172,-72.67074332173172
2054.3200576019285,-72.67419064337277,-72.67419064337277
2054.3300576019287,-72.67764035126949,-72.67764035126949
2054.3400576019285,-72.6810924580895,-72.6810924580895
2054.3500576019287,-72.68454697608334,-72.68454697608334
2054.360057601929,-72.68800391706921,-72.68800391706921
2054.3700576019287,-72.69146329245325,-72.69146329245325
2054.380057601929,-72.69492511321066,-72.69492511321066
2054.3900576019287,-72.6983893899336,-72.6983893899336
2054.400057601929,-72.70185613280454,-72.70185613280454
2054.4100576019287,-72.70532535161826,-72.70532535161826
2054.420057601929,-72.70879705577751,-72.70879705577751
2054.4300576019286,-72.71227125431142,-72.71227125431142
2054.440057601929,-72.71574795585985,-72.71574795585985
2054.4500576257706,-72.71922717698611,-72.71922717698611
2054.460057625771,-72.72270890906218,-72.72270890906218
2054.4700576257706,-72.72619316789834,-72.72619316789834
2054.4800576257708,-72.72967996071577,-72.72967996071577
2054.4900576257705,-72.73316929436241,-72.73316929436241
2054.5000576257708,-72.7366611753629,-72.7366611753629
2054.5100576257705,-72.74015560988896,-72.74015560988896
2054.5200576257707,-72.74365260379582,-72.74365260379582
2054.5300576257705,-72.74715216260472,-72.74715216260472
2054.5400576257707,-72.75065429151637,-72.75065429151637
2054.5500576257705,-72.7541589954154,-72.7541589954154
2054.5600576257707,-72.75766627888054,-72.75766627888054
2054.5700576257705,-72.7611761461766,-72.7611761461766
2054.5800576257707,-72.76468860127657,-72.76468860127657
2054.5900576257704,-72.76820364785142,-72.76820364785142
2054.6000576257707,-72.7717212892761,-72.7717212892761
2054.6100576257704,-72.77524152864636,-72.77524152864636
2054.6200576257706,-72.77876436876656,-72.77876436876656
2054.6300576257704,-72.78228981217542,-72.78228981217542
2054.6400576257706,-72.78581786112339,-72.78581786112339
2054.6500576257704,-72.78934851760077,-72.78934851760077
2054.6600576257706,-72.79288178332882,-72.79288178332882
2054.6700576257704,-72.79641765976628,-72.79641765976628
2054.6800576257706,-72.79995614811757,-72.79995614811757
2054.6900576257704,-72.80349724934278,-72.80349724934278
2054.7000576257706,-72.80704096413848,-72.80704096413848
2054.710057625771,-72.81058729296447,-72.81058729296447
2054.7200576257706,-72.81413623604737,-72.81413623604737
2054.7300576257708,-72.81768779335091,-72.81768779335091
2054.7400576257705,-72.82124196463708,-72.82124196463708
2054.7500576257708,-72.82479874942284,-72.82479874942284
2054.7600576257705,-72.82835814700317,-72.82835814700317
2054.7700576257707,-72.83192015644319,-72.83192015644319
2054.7800576257705,-72.8354847766045,-72.8354847766045
2054.7900576257707,-72.83905200611898,-72.83905200611898
2054.8000576257705,-72.8426218434218,-72.8426218434218
2054.8100576257707,-72.84619428673258,-72.84619428673258
2054.8200576257705,-72.84976933406143,-72.84976933406143
2054.8300576257707,-72.8533469832238,-72.8533469832238
2054.8400576257704,-72.85692723184573,-72.85692723184573
2054.8500576257707,-72.86051007734531,-72.86051007734531
2054.8600576257704,-72.86409551695836,-72.86409551695836
2054.8700576257706,-72.86768354772646,-72.86768354772646
2054.8800576257704,-72.87127416650992,-72.87127416650992
2054.8900576257706,-72.87486736999325,-72.87486736999325
2054.9000576257704,-72.87846315466743,-72.87846315466743
2054.9100576257706,-72.88206151686352,-72.88206151686352
2054.9200576257704,-72.88566245273768,-72.88566245273768
2054.9300576257706,-72.88926595825873,-72.88926595825873
2054.9400576257704,-72.89287202926091,-72.89287202926091
2054.9500576257706,-72.89648066138528,-72.89648066138528
2054.960057625771,-72.90009185011847,-72.90009185011847
2054.9700576257706,-72.90370559080229,-72.90370559080229
2054.9800576257708,-72.90732187860671,-72.90732187860671
2054.9900576257705,-72.9109407085662,-72.9109407085662
2055.0000576257708,-72.91456207554192,-72.91456207554192
2055.0100576257705,-72.91818597427147,-72.91818597427147
2055.0200576257707,-72.92181239932727,-72.92181239932727
2055.0300576257705,-72.92544134514856,-72.92544134514856
2055.0400576257707,-72.92907280603846,-72.92907280603846
2055.0500576257705,-72.93270677616539,-72.93270677616539
2055.0600576257707,-72.93634324954267,-72.93634324954267
2055.0700576257705,-72.9399822200614,-72.9399822200614
2055.0800576257707,-72.94362368149545,-72.94362368149545
2055.0900576257704,-72.94726762747383,-72.94726762747383
2055.1000576257707,-72.95091405150224,-72.95091405150224
2055.1100576257704,-72.95456294697314,-72.95456294697314
2055.1200576257706,-72.95821430714862,-72.95821430714862
2055.1300576257704,-72.96186812517608,-72.96186812517608
2055.1400576257706,-72.96552439407677,-72.96552439407677
2055.1500576257704,-72.96918310677218,-72.96918310677218
2055.1600576257706,-72.97284425606017,-72.97284425606017
2055.1700576257704,-72.97650783463403,-72.97650783463403
2055.1800576257706,-72.98017383507892,-72.98017383507892
2055.1900576257704,-72.98384224986609,-72.98384224986609
2055.2000576257706,-72.9875130713676,-72.9875130713676
2055.210057625771,-72.99117992238742,-72.99117992238742
2055.2200576257706,-72.99484000143075,-72.99484000143075
2055.2300576257708,-72.99849193674171,-72.99849193674171
2055.2400576257705,-73.00213501850058,-73.00213501850058
2055.2500576257708,-73.00576890575235,-73.00576890575235
2055.2600576257705,-73.00939347425482,-73.00939347425482
2055.2700576257707,-73.0130087273068,-73.0130087273068
2055.2800576257705,-73.01661474219067,-73.01661474219067
2055.2900576257707,-73.02021163796434,-73.02021163796434
2055.3000576496124,-73.02379956464266,-73.02379956464266
2055.3100576496126,-73.02737865750119,-73.02737865750119
2055.3200576496124,-73.03094908160658,-73.03094908160658
2055.3300576496126,-73.03451099366623,-73.03451099366623
2055.3400576496124,-73.03806454845301,-73.03806454845301
2055.3500576496126,-73.04160989773663,-73.04160989773663
2055.3600576496124,-73.04514718981069,-73.04514718981069
2055.3700576496126,-73.0486765694128,-73.0486765694128
2055.3800576496124,-73.05219817785843,-73.05219817785843
2055.3900576496126,-73.05571215325858,-73.05571215325858
2055.4000576496123,-73.05921863077907,-73.05921863077907
2055.4100576496126,-73.06271774293235,-73.06271774293235
2055.4200576496123,-73.06620961983886,-73.06620961983886
2055.4300576496125,-73.06969438948074,-73.06969438948074
2055.4400576496123,-73.07317217789837,-73.07317217789837
2055.4500576496125,-73.07664310940808,-73.07664310940808
2055.4600576496123,-73.08010092991104,-73.08010092991104
2055.4700576496125,-73.08354296406895,-73.08354296406895
2055.4800576496123,-73.0869679668504,-73.0869679668504
2055.4900576496125,-73.09037535481812,-73.09037535481812
2055.5000576496122,-73.09376491284159,-73.09376491284159
2055.5100576496125,-73.09713664179142,-73.09713664179142
2055.520057649612,-73.10049066935886,-73.10049066935886
2055.5300576496124,-73.10382719642304,-73.10382719642304
2055.540057649612,-73.10714646485332,-73.10714646485332
2055.5500576496124,-73.11044873817711,-73.11044873817711
2055.5600576496126,-73.11373429003883,-73.11373429003883
2055.5700576496124,-73.11700339741918,-73.11700339741918
2055.5800576496126,-73.12025633674021,-73.12025633674021
2055.5900576496124,-73.12349338169541,-73.12349338169541
2055.6000576496126,-73.12671480219004,-73.12671480219004
2055.6100576496124,-73.12992086385668,-73.12992086385668
2055.6200576496126,-73.133111827969,-73.133111827969
2055.6300576496124,-73.13628795156878,-73.13628795156878
2055.6400576496126,-73.13944948766662,-73.13944948766662
2055.6500576496123,-73.14259668550714,-73.14259668550714
2055.6600576496126,-73.14572979083451,-73.14572979083451
2055.6700576496123,-73.14884904613552,-73.14884904613552
2055.6800576496125,-73.15195469090042,-73.15195469090042
2055.6900576496123,-73.155046961816,-73.155046961816
2055.7000576496125,-73.15812609294329,-73.15812609294329
2055.7100576496123,-73.16119231585968,-73.16119231585968
2055.7200576496125,-73.16424585981945,-73.16424585981945
2055.7300576496123,-73.16728695184315,-73.16728695184315
2055.7400576496125,-73.17031581677931,-73.17031581677931
2055.7500576496122,-73.17333267743716,-73.17333267743716
2055.7600576496125,-73.1763377545767,-73.1763377545767
2055.770057649612,-73.17933126700542,-73.17933126700542
2055.7800576496124,-73.18231343157237,-73.18231343157237
2055.790057649612,-73.18528446321788,-73.18528446321788
2055.8000576496124,-73.18824457497941,-73.18824457497941
2055.8100576496126,-73.19119397800699,-73.19119397800699
2055.8200576496124,-73.1941328815785,-73.1941328815785
2055.8300576496126,-73.19706149308558,-73.19706149308558
2055.8400576496124,-73.19998001804875,-73.19998001804875
2055.8500576496126,-73.20288866011073,-73.20288866011073
2055.8600576496124,-73.20578762102747,-73.20578762102747
2055.8700576496126,-73.20867710066726,-73.20867710066726
2055.8800576496124,-73.21155729700061,-73.21155729700061
2055.8900576496126,-73.21442840610024,-73.21442840610024
2055.9000576496123,-73.21729062212754,-73.21729062212754
2055.9100576496126,-73.22014413732668,-73.22014413732668
2055.9200576496123,-73.22298914201654,-73.22298914201654
2055.9300576496125,-73.22582582457682,-73.22582582457682
2055.9400576496123,-73.22865437146731,-73.22865437146731
2055.9500576496125,-73.23147496717532,-73.23147496717532
2055.9600576496123,-73.23428779426169,-73.23428779426169
2055.9700576496125,-73.23709303332552,-73.23709303332552
2055.9800576496123,-73.23989086299747,-73.23989086299747
2055.9900576496125,-73.24268145995285,-73.24268145995285
2056.0000576496122,-73.24546499888774,-73.24546499888774
2056.0100576496125,-73.24824165254253,-73.24824165254253
2056.020057649612,-73.25101159168864,-73.25101159168864
2056.0300576496124,-73.25377498512083,-73.25377498512083
2056.040057649612,-73.256531999655,-73.256531999655
2056.0500576496124,-73.25928280015663,-73.25928280015663
2056.0600576496126,-73.26202754951387,-73.26202754951387
2056.0700576496124,-73.26476640864547,-73.26476640864547
2056.0800576496126,-73.26749953651971,-73.26749953651971
2056.0900576496124,-73.27022709013593,-73.27022709013593
2056.1000576496126,-73.2729492245493,-73.2729492245493
2056.1100576496124,-73.27566609287602,-73.27566609287602
2056.1200576496126,-73.2783778462647,-73.2783778462647
2056.1300576496124,-73.28108463396245,-73.28108463396245
2056.1400576496126,-73.28378660326833,-73.28378660326833
2056.1500576734543,-73.28648390599392,-73.28648390599392
2056.1600576734545,-73.28917667276744,-73.28917667276744
2056.1700576734543,-73.29186505159564,-73.29186505159564
2056.1800576734545,-73.29454918216325,-73.29454918216325
2056.1900576734542,-73.29722920228224,-73.29722920228224
2056.2000576734545,-73.2999052478795,-73.2999052478795
2056.2100576734542,-73.30257745303501,-73.30257745303501
2056.2200576734544,-73.30524594998016,-73.30524594998016
2056.230057673454,-73.30791086911084,-73.30791086911084
2056.2400576734544,-73.31057233898804,-73.31057233898804
2056.250057673454,-73.31323048638184,-73.31323048638184
2056.2600576734544,-73.31588543624825,-73.31588543624825
2056.270057673454,-73.31853731176673,-73.31853731176673
2056.2800576734544,-73.32118623433885,-73.32118623433885
2056.290057673454,-73.3238323236244,-73.3238323236244
2056.3000576734544,-73.32647569752208,-73.32647569752208
2056.310057673454,-73.32911647220683,-73.32911647220683
2056.3200576734544,-73.33175476215136,-73.33175476215136
2056.330057673454,-73.33439068011259,-73.33439068011259
2056.3400576734543,-73.33702433716753,-73.33702433716753
2056.350057673454,-73.33965584273302,-73.33965584273302
2056.3600576734543,-73.34228530455819,-73.34228530455819
2056.370057673454,-73.34491282876355,-73.34491282876355
2056.3800576734543,-73.34753851984065,-73.34753851984065
2056.390057673454,-73.35016248067383,-73.35016248067383
2056.4000576734543,-73.35278481255719,-73.35278481255719
2056.4100576734545,-73.35540561520868,-73.35540561520868
2056.4200576734543,-73.35802498678547,-73.35802498678547
2056.4300576734545,-73.36064302389579,-73.36064302389579
2056.4400576734542,-73.3632598216281,-73.3632598216281
2056.4500576734545,-73.36587547355686,-73.36587547355686
2056.4600576734542,-73.36849007174857,-73.36849007174857
2056.4700576734544,-73.37110370679784,-73.37110370679784
2056.480057673454,-73.37371646783913,-73.37371646783913
2056.4900576734544,-73.37632844254472,-73.37632844254472
2056.500057673454,-73.37893971717654,-73.37893971717654
2056.5100576734544,-73.38155037654688,-73.38155037654688
2056.520057673454,-73.38416050410049,-73.38416050410049
2056.5300576734544,-73.38677018188208,-73.38677018188208
2056.540057673454,-73.38937949056992,-73.38937949056992
2056.5500576734544,-73.39198850948559,-73.39198850948559
2056.560057673454,-73.39459731661937,-73.39459731661937
2056.5700576734544,-73.39720598863994,-73.39720598863994
2056.580057673454,-73.39981460090942,-73.39981460090942
2056.5900576734543,-73.4024232274952,-73.4024232274952
2056.600057673454,-73.4050319411915,-73.4050319411915
2056.6100576734543,-73.40764081354244,-73.40764081354244
2056.620057673454,-73.4102499148436,-73.4102499148436
2056.6300576734543,-73.41285931416007,-73.41285931416007
2056.640057673454,-73.41546907934251,-73.41546907934251
2056.6500576734543,-73.41807927704106,-73.41807927704106
2056.6600576734545,-73.4206899727327,-73.4206899727327
2056.6700576734543,-73.42330123072169,-73.42330123072169
2056.6800576734545,-73.42591311415717,-73.42591311415717
2056.6900576734542,-73.42852568505462,-73.42852568505462
2056.7000576734545,-73.43113900428862,-73.43113900428862
2056.7100576734542,-73.43375313165143,-73.43375313165143
2056.7200576734544,-73.43636812581508,-73.43636812581508
2056.730057673454,-73.43898404438158,-73.43898404438158
2056.7400576734544,-73.44160094388201,-73.44160094388201
2056.750057673454,-73.44421887980704,-73.44421887980704
2056.7600576734544,-73.44683790658388,-73.44683790658388
2056.770057673454,-73.44945807763284,-73.44945807763284
2056.7800576734544,-73.45207944535795,-73.45207944535795
2056.790057673454,-73.45470206116875,-73.45470206116875
2056.8000576734544,-73.45732597547857,-73.45732597547857
2056.810057673454,-73.45995123774414,-73.45995123774414
2056.8200576734544,-73.46257789644098,-73.46257789644098
2056.830057673454,-73.46520599912199,-73.46520599912199
2056.8400576734543,-73.46783559238892,-73.46783559238892
2056.850057673454,-73.47046672193218,-73.47046672193218
2056.8600576734543,-73.47309943253426,-73.47309943253426
2056.870057673454,-73.47573376807986,-73.47573376807986
2056.8800576734543,-73.478369771574,-73.478369771574
2056.890057673454,-73.48100748515267,-73.48100748515267
2056.9000576734543,-73.4836469500798,-73.4836469500798
2056.9100576734545,-73.4862882067872,-73.4862882067872
2056.9200576734543,-73.48893129486035,-73.48893129486035
2056.9300576734545,-73.49157625306592,-73.49157625306592
2056.9400576734542,-73.49422311935835,-73.49422311935835
2056.9500576734545,-73.4968719308908,-73.4968719308908
2056.9600576734542,-73.49952272402679,-73.49952272402679
2056.9700576734544,-73.50217553435404,-73.50217553435404
2056.980057673454,-73.50483039668987,-73.50483039668987
2056.9900576734544,-73.50748734508751,-73.50748734508751
2057.000057697296,-73.51014641920553,-73.51014641920553
2057.0100576972964,-73.51280763896827,-73.51280763896827
2057.020057697296,-73.51547104253761,-73.51547104253761
2057.0300576972963,-73.51813666106608,-73.51813666106608
2057.040057697296,-73.52080452498339,-73.52080452498339
2057.0500576972963,-73.52347466403887,-73.52347466403887
2057.060057697296,-73.52614710728993,-73.52614710728993
2057.0700576972963,-73.52881796121402,-73.52881796121402
2057.080057697296,-73.53148139695057,-73.53148139695057
2057.0900576972963,-73.53413146540086,-73.53413146540086
2057.100057697296,-73.53676277960568,-73.53676277960568
2057.1100576972963,-73.53937062913485,-73.53937062913485
2057.120057697296,-73.54195091710606,-73.54195091710606
2057.1300576972963,-73.5445000673396,-73.5445000673396
2057.140057697296,-73.54701494209608,-73.54701494209608
2057.1500576972962,-73.54949277612681,-73.54949277612681
2057.160057697296,-73.55193112462236,-73.55193112462236
2057.170057697296,-73.55432782147912,-73.55432782147912
2057.180057697296,-73.55668094524107,-73.55668094524107
2057.190057697296,-73.55898879080618,-73.55898879080618
2057.200057697296,-73.56124984554228,-73.56124984554228
2057.210057697296,-73.56346276897662,-73.56346276897662
2057.220057697296,-73.5656263753335,-73.5656263753335
2057.230057697296,-73.56773961845005,-73.56773961845005
2057.240057697296,-73.56980157866113,-73.56980157866113
2057.250057697296,-73.57181145136684,-73.57181145136684
2057.2600576972964,-73.57376853698429,-73.57376853698429
2057.270057697296,-73.57567223211369,-73.57567223211369
2057.2800576972963,-73.57752202169482,-73.57752202169482
2057.290057697296,-73.57931747204562,-73.57931747204562
2057.3000576972963,-73.5810582246344,-73.5810582246344
2057.310057697296,-73.58274399049627,-73.58274399049627
2057.3200576972963,-73.58437454516053,-73.58437454516053
2057.330057697296,-73.58594972410499,-73.58594972410499
2057.3400576972963,-73.58746941858745,-73.58746941858745
2057.350057697296,-73.58893357183423,-73.58893357183423
2057.3600576972963,-73.5903421755638,-73.5903421755638
2057.370057697296,-73.59169526675916,-73.59169526675916
2057.3800576972963,-73.59299292470219,-73.59299292470219
2057.390057697296,-73.5942352682219,-73.5942352682219
2057.4000576972962,-73.59542245312541,-73.59542245312541
2057.410057697296,-73.59655466982713,-73.59655466982713
2057.420057697296,-73.59763214110342,-73.59763214110342
2057.430057697296,-73.5986551200164,-73.5986551200164
2057.440057697296,-73.5996238879439,-73.5996238879439
2057.450057697296,-73.60053875275223,-73.60053875275223
2057.460057697296,-73.60140004705613,-73.60140004705613
2057.470057697296,-73.60220812659537,-73.60220812659537
2057.480057697296,-73.60296336867704,-73.60296336867704
2057.490057697296,-73.60366617075385,-73.60366617075385
2057.500057697296,-73.60431694902178,-73.60431694902178
2057.5100576972964,-73.60491613715001,-73.60491613715001
2057.520057697296,-73.60546418502389,-73.60546418502389
2057.5300576972963,-73.60596155759939,-73.60596155759939
2057.540057697296,-73.60640873381617,-73.60640873381617
2057.5500576972963,-73.60680620551226,-73.60680620551226
2057.560057697296,-73.6071544764717,-73.6071544764717
2057.5700576972963,-73.6074540614711,-73.6074540614711
2057.580057697296,-73.60770548540941,-73.60770548540941
2057.5900576972963,-73.60790928242871,-73.60790928242871
2057.600057697296,-73.60806599514633,-73.60806599514633
2057.6100576972963,-73.60817617388791,-73.60817617388791
2057.620057697296,-73.60824037596238,-73.60824037596238
2057.6300576972963,-73.60825916498293,-73.60825916498293
2057.640057697296,-73.60823311022968,-73.60823311022968
2057.6500576972962,-73.60816278601567,-73.60816278601567
2057.660057697296,-73.60804877111742,-73.60804877111742
2057.670057697296,-73.60789164822701,-73.60789164822701
2057.680057697296,-73.6076920034069,-73.6076920034069
2057.690057697296,-73.60745042563248,-73.60745042563248
2057.700057697296,-73.60716750627361,-73.60716750627361
2057.710057697296,-73.60683741701583,-73.60683741701583
2057.720057697296,-73.60645793836956,-73.60645793836956
2057.730057697296,-73.60602829559762,-73.60602829559762
2057.740057697296,-73.60554838387267,-73.60554838387267
2057.750057697296,-73.60501847207723,-73.60501847207723
2057.7600576972964,-73.60443904869067,-73.60443904869067
2057.770057697296,-73.60381073124607,-73.60381073124607
2057.7800576972963,-73.60313421174189,-73.60313421174189
2057.790057697296,-73.6024102237046,-73.6024102237046
2057.8000576972963,-73.6016395222804,-73.6016395222804
2057.810057697296,-73.60082287226481,-73.60082287226481
2057.8200576972963,-73.59996104095791,-73.59996104095791
2057.830057697296,-73.59905479393686,-73.59905479393686
2057.8400576972963,-73.59810489270014,-73.59810489270014
2057.850057721138,-73.59711209090727,-73.59711209090727
2057.860057721138,-73.59607714318582,-73.59607714318582
2057.870057721138,-73.59500079090085,-73.59500079090085
2057.880057721138,-73.59388377128785,-73.59388377128785
2057.890057721138,-73.59272681526966,-73.59272681526966
2057.900057721138,-73.59153064755927,-73.59153064755927
2057.910057721138,-73.59029598682244,-73.59029598682244
2057.920057721138,-73.58902354581244,-73.58902354581244
2057.930057721138,-73.58771403150256,-73.58771403150256
2057.940057721138,-73.58636814516899,-73.58636814516899
2057.950057721138,-73.58498658252908,-73.58498658252908
2057.960057721138,-73.58356361474902,-73.58356361474902
2057.970057721138,-73.58209711416956,-73.58209711416956
2057.980057721138,-73.5805863913735,-73.5805863913735
2057.990057721138,-73.57903142093498,-73.57903142093498
2058.000057721138,-73.57743254554123,-73.57743254554123
2058.010057721138,-73.57579032211842,-73.57579032211842
2058.020057721138,-73.5741054315154,-73.5741054315154
2058.030057721138,-73.57237862414458,-73.57237862414458
2058.040057721138,-73.57061068726382,-73.57061068726382
2058.050057721138,-73.56880242529313,-73.56880242529313
2058.060057721138,-73.56695464800977,-73.56695464800977
2058.070057721138,-73.56506816365155,-73.56506816365155
2058.080057721138,-73.56314377488421,-73.56314377488421
2058.090057721138,-73.56118227656776,-73.56118227656776
2058.100057721138,-73.55918445466014,-73.55918445466014
2058.110057721138,-73.55715108570216,-73.55715108570216
2058.120057721138,-73.55508293673067,-73.55508293673067
2058.130057721138,-73.55298076537113,-73.55298076537113
2058.140057721138,-73.55084532006143,-73.55084532006143
2058.150057721138,-73.54867734028892,-73.54867734028892
2058.160057721138,-73.54647755690432,-73.54647755690432
2058.170057721138,-73.54424669234851,-73.54424669234851
2058.180057721138,-73.54198546091992,-73.54198546091992
2058.190057721138,-73.53969456898864,-73.53969456898864
2058.200057721138,-73.53737471518632,-73.53737471518632
2058.210057721138,-73.53502017690337,-73.53502017690337
2058.220057721138,-73.53262882885286,-73.53262882885286
2058.230057721138,-73.53019998156154,-73.53019998156154
2058.240057721138,-73.52773360762811,-73.52773360762811
2058.250057721138,-73.5252300460381,-73.5252300460381
2058.260057721138,-73.52268984835997,-73.52268984835997
2058.270057721138,-73.52011368846124,-73.52011368846124
2058.280057721138,-73.51750230824196,-73.51750230824196
2058.290057721138,-73.5148564848834,-73.5148564848834
2058.300057721138,-73.5121770112767,-73.5121770112767
2058.310057721138,-73.5094646842543,-73.5094646842543
2058.320057721138,-73.50672029771485,-73.50672029771485
2058.330057721138,-73.50394463870126,-73.50394463870126
2058.340057721138,-73.50113848520115,-73.50113848520115
2058.350057721138,-73.49830260509317,-73.49830260509317
2058.360057721138,-73.49543775571449,-73.49543775571449
2058.370057721138,-73.49254468379534,-73.49254468379534
2058.380057721138,-73.48962412564309,-73.48962412564309
2058.390057721138,-73.48667680737647,-73.48667680737647
2058.400057721138,-73.48370344526637,-73.48370344526637
2058.410057721138,-73.48070474602196,-73.48070474602196
2058.420057721138,-73.4776814071263,-73.4776814071263
2058.430057721138,-73.47463411712263,-73.47463411712263
2058.440057721138,-73.4715635558593,-73.4715635558593
2058.450057721138,-73.4684703947374,-73.4684703947374
2058.460057721138,-73.46535529689262,-73.46535529689262
2058.470057721138,-73.46221891741772,-73.46221891741772
2058.480057721138,-73.45906190347098,-73.45906190347098
2058.490057721138,-73.45588489446261,-73.45588489446261
2058.500057721138,-73.45268852213069,-73.45268852213069
2058.510057721138,-73.44947341067734,-73.44947341067734
2058.520057721138,-73.4462401768531,-73.4462401768531
2058.530057721138,-73.44298943004985,-73.44298943004985
2058.540057721138,-73.43972177235304,-73.43972177235304
2058.550057721138,-73.43643779863798,-73.43643779863798
2058.560057721138,-73.43313809659386,-73.43313809659386
2058.570057721138,-73.42982324682824,-73.42982324682824
2058.580057721138,-73.42649382286478,-73.42649382286478
2058.590057721138,-73.42315039125226,-73.42315039125226
2058.600057721138,-73.41979351154548,-73.41979351154548
2058.610057721138,-73.41642373641666,-73.41642373641666
2058.620057721138,-73.41304161163266,-73.41304161163266
2058.630057721138,-73.40964767616018,-73.40964767616018
2058.640057721138,-73.40624246216275,-73.40624246216275
2058.650057721138,-73.40282649505944,-73.40282649505944
2058.660057721138,-73.39940029357227,-73.39940029357227
2058.670057721138,-73.39596436974783,-73.39596436974783
2058.680057721138,-73.39251922902429,-73.39251922902429
2058.690057721138,-73.389065370249,-73.389065370249
2058.70005774498,-73.38560327748272,-73.38560327748272
2058.71005774498,-73.38213345302131,-73.38213345302131
2058.72005774498,-73.37865636801789,-73.37865636801789
2058.73005774498,-73.37517249542816,-73.37517249542816
2058.74005774498,-73.3716823018463,-73.3716823018463
2058.75005774498,-73.36818624755169,-73.36818624755169
2058.76005774498,-73.36468478656114,-73.36468478656114
2058.77005774498,-73.36117836664063,-73.36117836664063
2058.78005774498,-73.35766742940655,-73.35766742940655
2058.79005774498,-73.3541524103185,-73.3541524103185
2058.8000577449798,-73.35063373877831,-73.35063373877831
2058.81005774498,-73.34711183813225,-73.34711183813225
2058.8200577449797,-73.34358712574907,-73.34358712574907
2058.83005774498,-73.34006001306612,-73.34006001306612
2058.8400577449797,-73.33653090563735,-73.33653090563735
2058.85005774498,-73.33300020317017,-73.33300020317017
2058.8600577449797,-73.32946829960032,-73.32946829960032
2058.87005774498,-73.32593558312365,-73.32593558312365
2058.8800577449797,-73.32240243626481,-73.32240243626481
2058.89005774498,-73.31886923591637,-73.31886923591637
2058.9000577449797,-73.31533635340294,-73.31533635340294
2058.91005774498,-73.31180415450376,-73.31180415450376
2058.9200577449797,-73.30827299955295,-73.30827299955295
2058.93005774498,-73.30474324345687,-73.30474324345687
2058.9400577449796,-73.30121523575964,-73.30121523575964
2058.95005774498,-73.2976893206879,-73.2976893206879
2058.96005774498,-73.2941658372172,-73.2941658372172
2058.97005774498,-73.29064511913242,-73.29064511913242
2058.98005774498,-73.28712749504189,-73.28712749504189
2058.99005774498,-73.28361328848234,-73.28361328848234
2059.00005774498,-73.280102817929,-73.280102817929
2059.01005774498,-73.27659639688142,-73.27659639688142
2059.02005774498,-73.27309433389507,-73.27309433389507
2059.03005774498,-73.26959693264558,-73.26959693264558
2059.04005774498,-73.26610449197938,-73.26610449197938
2059.0500577449798,-73.26261730596475,-73.26261730596475
2059.06005774498,-73.25913566394944,-73.25913566394944
2059.0700577449797,-73.25565985060737,-73.25565985060737
2059.08005774498,-73.2521901460014,-73.2521901460014
2059.0900577449797,-73.24872682561653,-73.24872682561653
2059.10005774498,-73.24527016043689,-73.24527016043689
2059.1100577449797,-73.24182041698191,-73.24182041698191
2059.12005774498,-73.2383778573623,-73.2383778573623
2059.1300577449797,-73.23494273932812,-73.23494273932812
2059.14005774498,-73.23151531631684,-73.23151531631684
2059.1500577449797,-73.22809583751925,-73.22809583751925
2059.16005774498,-73.22468454792447,-73.22468454792447
2059.1700577449797,-73.22128168835066,-73.22128168835066
2059.18005774498,-73.21788749552285,-73.21788749552285
2059.1900577449796,-73.21450220211999,-73.21450220211999
2059.20005774498,-73.21112603679002,-73.21112603679002
2059.21005774498,-73.20775922424286,-73.20775922424286
2059.22005774498,-73.20440198527206,-73.20440198527206
2059.23005774498,-73.20105453681873,-73.20105453681873
2059.24005774498,-73.19771709200211,-73.19771709200211
2059.25005774498,-73.19438986017248,-73.19438986017248
2059.26005774498,-73.19107304697808,-73.19107304697808
2059.27005774498,-73.18776685438222,-73.18776685438222
2059.28005774498,-73.1844714807292,-73.1844714807292
2059.29005774498,-73.18118712078676,-73.18118712078676
2059.3000577449798,-73.17791396577968,-73.17791396577968
2059.31005774498,-73.17465220345179,-73.17465220345179
2059.3200577449797,-73.17140201810643,-73.17140201810643
2059.33005774498,-73.16816359062965,-73.16816359062965
2059.3400577449797,-73.16493709857255,-73.16493709857255
2059.35005774498,-73.16172271616922,-73.16172271616922
2059.3600577449797,-73.15852061437265,-73.15852061437265
2059.37005774498,-73.15533096092221,-73.15533096092221
2059.3800577449797,-73.15215392036552,-73.15215392036552
2059.39005774498,-73.14898965410858,-73.14898965410858
2059.4000577449797,-73.14583832045341,-73.14583832045341
2059.41005774498,-73.14270007464535,-73.14270007464535
2059.4200577449797,-73.13957506890873,-73.13957506890873
2059.43005774498,-73.13646345248743,-73.13646345248743
2059.4400577449796,-73.13336537167874,-73.13336537167874
2059.45005774498,-73.1302809698898,-73.1302809698898
2059.46005774498,-73.12721038765758,-73.12721038765758
2059.47005774498,-73.12415376268768,-73.12415376268768
2059.48005774498,-73.12111122991678,-73.12111122991678
2059.49005774498,-73.11808292150972,-73.11808292150972
2059.50005774498,-73.11506896694307,-73.11506896694307
2059.51005774498,-73.11206949300852,-73.11206949300852
2059.52005774498,-73.10908462383972,-73.10908462383972
2059.53005774498,-73.10611448100283,-73.10611448100283
2059.54005774498,-73.10315918346079,-73.10315918346079
2059.5500577688217,-73.10021884067089,-73.10021884067089
2059.560057768822,-73.09729358061158,-73.09729358061158
2059.5700577688217,-73.0943835077369,-73.0943835077369
2059.580057768822,-73.09148873108566,-73.09148873108566
2059.5900577688217,-73.08860935732174,-73.08860935732174
2059.600057768822,-73.08574549072988,-73.08574549072988
2059.6100577688217,-73.08289723327123,-73.08289723327123
2059.620057768822,-73.08006468460646,-73.08006468460646
2059.6300577688216,-73.07724794212592,-73.07724794212592
2059.640057768822,-73.07444710098189,-73.07444710098189
2059.6500577688216,-73.07166225412851,-73.07166225412851
2059.660057768822,-73.06889349233721,-73.06889349233721
2059.6700577688216,-73.06614090424641,-73.06614090424641
2059.680057768822,-73.063404576359,-73.063404576359
2059.6900577688216,-73.06068459311257,-73.06068459311257
2059.700057768822,-73.05798103688309,-73.05798103688309
2059.7100577688216,-73.05529398801976,-73.05529398801976
2059.720057768822,-73.05262352486815,-73.05262352486815
2059.7300577688216,-73.0499697238125,-73.0499697238125
2059.7400577688218,-73.04733265928664,-73.04733265928664
2059.7500577688215,-73.04471240380639,-73.04471240380639
2059.7600577688218,-73.04210902800047,-73.04210902800047
2059.7700577688215,-73.03952260064722,-73.03952260064722
2059.7800577688217,-73.03695318867452,-73.03695318867452
2059.7900577688215,-73.0344008572142,-73.0344008572142
2059.8000577688217,-73.03186566960261,-73.03186566960261
2059.810057768822,-73.0293476874188,-73.0293476874188
2059.8200577688217,-73.02684697052118,-73.02684697052118
2059.830057768822,-73.024363577044,-73.024363577044
2059.8400577688217,-73.02189756344369,-73.02189756344369
2059.850057768822,-73.01944898450762,-73.01944898450762
2059.8600577688217,-73.01701789340379,-73.01701789340379
2059.870057768822,-73.01460434167227,-73.01460434167227
2059.8800577688216,-73.01220837927204,-73.01220837927204
2059.890057768822,-73.00983005458673,-73.00983005458673
2059.9000577688216,-73.00746941446883,-73.00746941446883
2059.910057768822,-73.00512650422769,-73.00512650422769
2059.9200577688216,-73.00280136768203,-73.00280136768203
2059.930057768822,-73.00049404718168,-73.00049404718168
2059.9400577688216,-72.99820458360624,-72.99820458360624
2059.950057768822,-72.99593301640512,-72.99593301640512
2059.9600577688216,-72.9936793836053,-72.9936793836053
2059.970057768822,-72.99144372184664,-72.99144372184664
2059.9800577688216,-72.98922606639056,-72.98922606639056
2059.9900577688218,-72.98702645113706,-72.98702645113706
2060.0000577688215,-72.98484490866379,-72.98484490866379
2060.0100577688218,-72.98268147022357,-72.98268147022357
2060.0200577688215,-72.98053616577592,-72.98053616577592
2060.0300577688217,-72.9784090239954,-72.9784090239954
2060.0400577688215,-72.97630007231676,-72.97630007231676
2060.0500577688217,-72.97420933691298,-72.97420933691298
2060.060057768822,-72.97213684274692,-72.97213684274692
2060.0700577688217,-72.97008261357931,-72.97008261357931
2060.080057768822,-72.96804667197283,-72.96804667197283
2060.0900577688217,-72.9660290393374,-72.9660290393374
2060.100057768822,-72.96402973590669,-72.96402973590669
2060.1100577688217,-72.96204878080724,-72.96204878080724
2060.120057768822,-72.96008619202651,-72.96008619202651
2060.1300577688216,-72.95814198646961,-72.95814198646961
2060.140057768822,-72.95621617993483,-72.95621617993483
2060.1500577688216,-72.95430878716944,-72.95430878716944
2060.160057768822,-72.95241982186175,-72.95241982186175
2060.1700577688216,-72.95054929666213,-72.95054929666213
2060.180057768822,-72.948697223203,-72.948697223203
2060.1900577688216,-72.94686361210142,-72.94686361210142
2060.200057768822,-72.94504847299956,-72.94504847299956
2060.2100577688216,-72.94324545282404,-72.94324545282404
2060.220057768822,-72.94145177463473,-72.94145177463473
2060.2300577688216,-72.93966609236956,-72.93966609236956
2060.2400577688218,-72.9378877229718,-72.9378877229718
2060.2500577688215,-72.93611635290694,-72.93611635290694
2060.2600577688218,-72.9343518853954,-72.9343518853954
2060.2700577688215,-72.93259435076071,-72.93259435076071
2060.2800577688217,-72.93084385243266,-72.93084385243266
2060.2900577688215,-72.92910053445631,-72.92910053445631
2060.3000577688217,-72.92736456197763,-72.92736456197763
2060.310057768822,-72.92563610959398,-72.92563610959398
2060.3200577688217,-72.92391535450932,-72.92391535450932
2060.330057768822,-72.9222024726285,-72.9222024726285
2060.3400577688217,-72.92049763641725,-72.92049763641725
2060.350057768822,-72.91880101385517,-72.91880101385517
2060.3600577688217,-72.91711276802,-72.91711276802
2060.370057768822,-72.91543305702365,-72.91543305702365
2060.3800577688216,-72.91376203422925,-72.91376203422925
2060.390057768822,-72.91209984847224,-72.91209984847224
2060.4000577926636,-72.9104466404791,-72.9104466404791
2060.410057792664,-72.90880255893342,-72.90880255893342
2060.4200577926636,-72.90716773713054,-72.90716773713054
2060.430057792664,-72.90554230904681,-72.90554230904681
2060.4400577926635,-72.90392640564419,-72.90392640564419
2060.4500577926638,-72.9023201551255,-72.9023201551255
2060.4600577926635,-72.9007236830918,-72.9007236830918
2060.4700577926637,-72.89913711274662,-72.89913711274662
2060.4800577926635,-72.89756056503565,-72.89756056503565
2060.4900577926637,-72.89599415876636,-72.89599415876636
2060.5000577926635,-72.8944380107226,-72.8944380107226
2060.5100577926637,-72.89289223574887,-72.89289223574887
2060.5200577926635,-72.89135694683222,-72.89135694683222
2060.5300577926637,-72.88983225516549,-72.88983225516549
2060.5400577926634,-72.88831827019663,-72.88831827019663
2060.5500577926637,-72.88681509967398,-72.88681509967398
2060.5600577926634,-72.8853228496926,-72.8853228496926
2060.5700577926636,-72.88384162471898,-72.88384162471898
2060.5800577926634,-72.88237152761273,-72.88237152761273
2060.5900577926636,-72.88091265965072,-72.88091265965072
2060.6000577926634,-72.87946512055379,-72.87946512055379
2060.6100577926636,-72.87802900847971,-72.87802900847971
2060.6200577926634,-72.8766044200723,-72.8766044200723
2060.6300577926636,-72.87519145041624,-72.87519145041624
2060.6400577926634,-72.87379019310418,-72.87379019310418
2060.6500577926636,-72.87240074021032,-72.87240074021032
2060.660057792664,-72.87102318229563,-72.87102318229563
2060.6700577926636,-72.86965760842932,-72.86965760842932
2060.680057792664,-72.8683041061787,-72.8683041061787
2060.6900577926635,-72.86696276162832,-72.86696276162832
2060.7000577926638,-72.86563365936175,-72.86563365936175
2060.7100577926635,-72.86431688249783,-72.86431688249783
2060.7200577926637,-72.86301251265749,-72.86301251265749
2060.7300577926635,-72.86172063000348,-72.86172063000348
2060.7400577926637,-72.86044131321732,-72.86044131321732
2060.7500577926635,-72.85917463951627,-72.85917463951627
2060.7600577926637,-72.85792068465133,-72.85792068465133
2060.7700577926635,-72.85667952292314,-72.85667952292314
2060.7800577926637,-72.85545122717463,-72.85545122717463
2060.7900577926634,-72.8542358688028,-72.8542358688028
2060.8000577926637,-72.85303351775987,-72.85303351775987
2060.8100577926634,-72.85184424257079,-72.85184424257079
2060.8200577926636,-72.85066811032317,-72.85066811032317
2060.8300577926634,-72.84950518668322,-72.84950518668322
2060.8400577926636,-72.84835553590356,-72.84835553590356
2060.8500577926634,-72.84721922082701,-72.84721922082701
2060.8600577926636,-72.84609630288631,-72.84609630288631
2060.8700577926634,-72.84498684213635,-72.84498684213635
2060.8800577926636,-72.84389089724178,-72.84389089724178
2060.8900577926634,-72.84280852548761,-72.84280852548761
2060.9000577926636,-72.84173978278605,-72.84173978278605
2060.910057792664,-72.8406847237055,-72.8406847237055
2060.9200577926636,-72.83964340145587,-72.83964340145587
2060.930057792664,-72.8386158679093,-72.8386158679093
2060.9400577926635,-72.83760217361197,-72.83760217361197
2060.9500577926638,-72.83660236777868,-72.83660236777868
2060.9600577926635,-72.83561649833943,-72.83561649833943
2060.9700577926637,-72.83464461190033,-72.83464461190033
2060.9800577926635,-72.83368675378914,-72.83368675378914
2060.9900577926637,-72.83274296806704,-72.83274296806704
2061.0000577926635,-72.8318132975147,-72.8318132975147
2061.0100577926637,-72.83089778366715,-72.83089778366715
2061.0200577926635,-72.82999646681738,-72.82999646681738
2061.0300577926637,-72.82910938602697,-72.82910938602697
2061.0400577926634,-72.8282365791387,-72.8282365791387
2061.0500577926637,-72.82737808278185,-72.82737808278185
2061.0600577926634,-72.82653393240166,-72.82653393240166
2061.0700577926636,-72.82570416224776,-72.82570416224776
2061.0800577926634,-72.82488880540609,-72.82488880540609
2061.0900577926636,-72.82408789380402,-72.82408789380402
2061.1000577926634,-72.82330145822868,-72.82330145822868
2061.1100577926636,-72.82252952831865,-72.82252952831865
2061.1200577926634,-72.82177213260337,-72.82177213260337
2061.1300577926636,-72.82102929848544,-72.82102929848544
2061.1400577926634,-72.82030105229576,-72.82030105229576
2061.1500577926636,-72.81958741925843,-72.81958741925843
2061.160057792664,-72.81888842354583,-72.81888842354583
2061.1700577926636,-72.81820408825803,-72.81820408825803
2061.180057792664,-72.81753443545111,-72.81753443545111
2061.1900577926635,-72.81687948614568,-72.81687948614568
2061.2000577926638,-72.81623926034565,-72.81623926034565
2061.2100577926635,-72.81561377704837,-72.81561377704837
2061.2200577926637,-72.8150030542444,-72.8150030542444
2061.2300577926635,-72.81440710895059,-72.81440710895059
2061.2400577926637,-72.81382595719367,-72.81382595719367
2061.2500578165054,-72.813259612717,-72.813259612717
2061.2600578165057,-72.81270809239167,-72.81270809239167
2061.2700578165054,-72.81217140803133,-72.81217140803133
2061.2800578165056,-72.81164957190916,-72.81164957190916
2061.2900578165054,-72.81114259538498,-72.81114259538498
2061.3000578165056,-72.81065048893856,-72.81065048893856
2061.3100578165054,-72.81017326215208,-72.81017326215208
2061.3200578165056,-72.80971092373018,-72.80971092373018
2061.3300578165054,-72.80926348152586,-72.80926348152586
2061.3400578165056,-72.8088309425339,-72.8088309425339
2061.3500578165053,-72.80841331291967,-72.80841331291967
2061.3600578165056,-72.80801059800925,-72.80801059800925
2061.3700578165053,-72.80762280231562,-72.80762280231562
2061.3800578165055,-72.80724992956019,-72.80724992956019
2061.3900578165053,-72.80689198266538,-72.80689198266538
2061.4000578165055,-72.80654896376885,-72.80654896376885
2061.4100578165053,-72.80622087424479,-72.80622087424479
2061.4200578165055,-72.80590771470231,-72.80590771470231
2061.4300578165053,-72.80560948501237,-72.80560948501237
2061.4400578165055,-72.80532618430219,-72.80532618430219
2061.4500578165053,-72.80505781098401,-72.80505781098401
2061.4600578165055,-72.80480436274227,-72.80480436274227
2061.4700578165052,-72.80456583656903,-72.80456583656903
2061.4800578165055,-72.80434222875395,-72.80434222875395
2061.490057816505,-72.80413353491606,-72.80413353491606
2061.5000578165054,-72.80393974999032,-72.80393974999032
2061.5100578165057,-72.80376086825065,-72.80376086825065
2061.5200578165054,-72.80359688332432,-72.80359688332432
2061.5300578165056,-72.8034477882004,-72.8034477882004
2061.5400578165054,-72.80331357523117,-72.80331357523117
2061.5500578165056,-72.80319423613533,-72.80319423613533
2061.5600578165054,-72.80308976204726,-72.80308976204726
2061.5700578165056,-72.80300014347677,-72.80300014347677
2061.5800578165054,-72.8028384041676,-72.8028384041676
2061.5900578165056,-72.80258004868575,-72.80258004868575
2061.6000578165053,-72.80221893355787,-72.80221893355787
2061.6100578165056,-72.8017539400436,-72.8017539400436
2061.6200578165053,-72.80118547745847,-72.80118547745847
2061.6300578165055,-72.80051451377378,-72.80051451377378
2061.6400578165053,-72.79974228251172,-72.79974228251172
2061.6500578165055,-72.79887018192244,-72.79887018192244
2061.6600578165053,-72.79789973163214,-72.79789973163214
2061.6700578165055,-72.79683254716164,-72.79683254716164
2061.6800578165053,-72.79567032061371,-72.79567032061371
2061.6900578165055,-72.79441480408715,-72.79441480408715
2061.7000578165053,-72.79306779501759,-72.79306779501759
2061.7100578165055,-72.79163112316496,-72.79163112316496
2061.7200578165052,-72.79010663925781,-72.79010663925781
2061.7300578165055,-72.78849620517859,-72.78849620517859
2061.740057816505,-72.7868016857091,-72.7868016857091
2061.7500578165054,-72.78502494150315,-72.78502494150315
2061.7600578165057,-72.7831678234241,-72.7831678234241
2061.7700578165054,-72.78123216781412,-72.78123216781412
2061.7800578165056,-72.77921979277801,-72.77921979277801
2061.7900578165054,-72.77713249525935,-72.77713249525935
2061.8000578165056,-72.7749720487448,-72.7749720487448
2061.8100578165054,-72.77274020159446,-72.77274020159446
2061.8200578165056,-72.77043867581507,-72.77043867581507
2061.8300578165054,-72.7680691662204,-72.7680691662204
2061.8400578165056,-72.76563333994892,-72.76563333994892
2061.8500578165053,-72.76313283618887,-72.76313283618887
2061.8600578165056,-72.76056926616184,-72.76056926616184
2061.8700578165053,-72.75794421323228,-72.75794421323228
2061.8800578165055,-72.75525923315571,-72.75525923315571
2061.8900578165053,-72.75251585445267,-72.75251585445267
2061.9000578165055,-72.74971557879684,-72.74971557879684
2061.9100578165053,-72.74685988150829,-72.74685988150829
2061.9200578165055,-72.7439502120606,-72.7439502120606
2061.9300578165053,-72.7409879946071,-72.7409879946071
2061.9400578165055,-72.73797462850935,-72.73797462850935
2061.9500578165053,-72.73491148892916,-72.73491148892916
2061.9600578165055,-72.73179992731257,-72.73179992731257
2061.9700578165052,-72.728641271981,-72.728641271981
2061.9800578165055,-72.72543682860828,-72.72543682860828
2061.990057816505,-72.7221878807591,-72.7221878807591
2062.0000578165054,-72.71889569035618,-72.71889569035618
2062.0100578165057,-72.71556149819348,-72.71556149819348
2062.0200578165054,-72.71218652436376,-72.71218652436376
2062.0300578165056,-72.70877196870694,-72.70877196870694
2062.0400578165054,-72.70531901123475,-72.70531901123475
2062.0500578165056,-72.70182881251853,-72.70182881251853
2062.0600578165054,-72.69830251412321,-72.69830251412321
2062.0700578165056,-72.69474123890345,-72.69474123890345
2062.0800578165054,-72.69114609143293,-72.69114609143293
2062.0900578165056,-72.68751815829557,-72.68751815829557
2062.1000578403473,-72.68385849971263,-72.68385849971263
2062.1100578403475,-72.68016818456545,-72.68016818456545
2062.1200578403473,-72.67644823893141,-72.67644823893141
2062.1300578403475,-72.67269968058694,-72.67269968058694
2062.1400578403473,-72.66892351087338,-72.66892351087338
2062.1500578403475,-72.66512071494185,-72.66512071494185
2062.1600578403472,-72.66129226199497,-72.66129226199497
2062.1700578403475,-72.65743910555024,-72.65743910555024
2062.180057840347,-72.65356218368004,-72.65356218368004
2062.1900578403474,-72.64966241922666,-72.64966241922666
2062.200057840347,-72.64574072004511,-72.64574072004511
2062.2100578403474,-72.64179797922918,-72.64179797922918
2062.220057840347,-72.63783507530701,-72.63783507530701
2062.2300578403474,-72.63385287247989,-72.63385287247989
2062.240057840347,-72.62985222078123,-72.62985222078123
2062.2500578403474,-72.62583395633547,-72.62583395633547
2062.260057840347,-72.62179890150018,-72.62179890150018
2062.2700578403474,-72.6177478650908,-72.6177478650908
2062.280057840347,-72.61368164255056,-72.61368164255056
2062.2900578403473,-72.60960101614856,-72.60960101614856
2062.300057840347,-72.6055067551428,-72.6055067551428
2062.3100578403473,-72.60139961598013,-72.60139961598013
2062.320057840347,-72.59728034245447,-72.59728034245447
2062.3300578403473,-72.5931496658804,-72.5931496658804
2062.340057840347,-72.58900830527435,-72.58900830527435
2062.3500578403473,-72.58485696750624,-72.58485696750624
2062.3600578403475,-72.58069634748175,-72.58069634748175
2062.3700578403473,-72.57652712830142,-72.57652712830142
2062.3800578403475,-72.57234998139273,-72.57234998139273
2062.3900578403473,-72.5681655667088,-72.5681655667088
2062.4000578403475,-72.56397453287,-72.56397453287
2062.4100578403472,-72.55977751731244,-72.55977751731244
2062.4200578403475,-72.55557514644453,-72.55557514644453
2062.430057840347,-72.55136803580011,-72.55136803580011
2062.4400578403474,-72.54715679018958,-72.54715679018958
2062.450057840347,-72.54294200385932,-72.54294200385932
2062.4600578403474,-72.53872426059391,-72.53872426059391
2062.470057840347,-72.53450413391906,-72.53450413391906
2062.4800578403474,-72.53028218720348,-72.53028218720348
2062.490057840347,-72.52605897383259,-72.52605897383259
2062.5000578403474,-72.52183503730122,-72.52183503730122
2062.510057840347,-72.51761091141682,-72.51761091141682
2062.5200578403474,-72.51338712037402,-72.51338712037402
2062.530057840347,-72.50916417893873,-72.50916417893873
2062.5400578403473,-72.50494259255304,-72.50494259255304
2062.550057840347,-72.50072285747842,-72.50072285747842
2062.5600578403473,-72.49650546092393,-72.49650546092393
2062.570057840347,-72.49229088117602,-72.49229088117602
2062.5800578403473,-72.4880795877415,-72.4880795877415
2062.590057840347,-72.48387204145497,-72.48387204145497
2062.6000578403473,-72.47966869461528,-72.47966869461528
2062.6100578403475,-72.4754699911063,-72.4754699911063
2062.6200578403473,-72.47127636652259,-72.47127636652259
2062.6300578403475,-72.46708824828467,-72.46708824828467
2062.6400578403473,-72.46290605577317,-72.46290605577317
2062.6500578403475,-72.4587302004328,-72.4587302004328
2062.6600578403472,-72.45456108589264,-72.45456108589264
2062.6700578403475,-72.45039910809592,-72.45039910809592
2062.680057840347,-72.44624465539435,-72.44624465539435
2062.6900578403474,-72.44209810868017,-72.44209810868017
2062.700057840347,-72.43795984148728,-72.43795984148728
2062.7100578403474,-72.43383022010116,-72.43383022010116
2062.720057840347,-72.42970960367224,-72.42970960367224
2062.7300578403474,-72.42559834433078,-72.42559834433078
2062.740057840347,-72.42149678728362,-72.42149678728362
2062.7500578403474,-72.41740527091486,-72.41740527091486
2062.760057840347,-72.41332412691432,-72.41332412691432
2062.7700578403474,-72.40925368034141,-72.40925368034141
2062.780057840347,-72.4051942497678,-72.4051942497678
2062.7900578403473,-72.40114614734662,-72.40114614734662
2062.800057840347,-72.39710967893299,-72.39710967893299
2062.8100578403473,-72.3930851441645,-72.3930851441645
2062.820057840347,-72.38907283657635,-72.38907283657635
2062.8300578403473,-72.38507304367295,-72.38507304367295
2062.840057840347,-72.38108604703874,-72.38108604703874
2062.8500578403473,-72.37711212243426,-72.37711212243426
2062.8600578403475,-72.37315153986647,-72.37315153986647
2062.8700578403473,-72.36920456369445,-72.36920456369445
2062.8800578403475,-72.36527145273185,-72.36527145273185
2062.8900578403473,-72.3613524603058,-72.3613524603058
2062.9000578403475,-72.35744783435267,-72.35744783435267
2062.9100578403472,-72.35355781751048,-72.35355781751048
2062.9200578403475,-72.34968264720698,-72.34968264720698
2062.930057840347,-72.34582255572309,-72.34582255572309
2062.9400578403474,-72.34197777029495,-72.34197777029495
2062.950057864189,-72.33814850406279,-72.33814850406279
2062.9600578641894,-72.33432868412022,-72.33432868412022
2062.970057864189,-72.33051575407683,-72.33051575407683
2062.9800578641893,-72.32670858223437,-72.32670858223437
2062.990057864189,-72.3229066908099,-72.3229066908099
2063.0000578641893,-72.31910996488465,-72.31910996488465
2063.010057864189,-72.31531850099634,-72.31531850099634
2063.0200578641893,-72.31153251822197,-72.31153251822197
2063.030057864189,-72.30775230469743,-72.30775230469743
2063.0400578641893,-72.30397818541985,-72.30397818541985
2063.050057864189,-72.30021050292093,-72.30021050292093
2063.0600578641893,-72.29644960575531,-72.29644960575531
2063.070057864189,-72.2926958417743,-72.2926958417743
2063.0800578641893,-72.28894955426674,-72.28894955426674
2063.090057864189,-72.28521107988769,-72.28521107988769
2063.1000578641892,-72.28148074767415,-72.28148074767415
2063.110057864189,-72.27775887865846,-72.27775887865846
2063.120057864189,-72.2740457859076,-72.2740457859076
2063.130057864189,-72.2703417747116,-72.2703417747116
2063.140057864189,-72.26664714290759,-72.26664714290759
2063.150057864189,-72.26296218125756,-72.26296218125756
2063.160057864189,-72.25928717380872,-72.25928717380872
2063.170057864189,-72.25562239823344,-72.25562239823344
2063.180057864189,-72.2519681261888,-72.2519681261888
2063.190057864189,-72.24832462360058,-72.24832462360058
2063.200057864189,-72.24469215093289,-72.24469215093289
2063.2100578641894,-72.24107096345612,-72.24107096345612
2063.220057864189,-72.23746131143112,-72.23746131143112
2063.2300578641893,-72.23386344031267,-72.23386344031267
2063.240057864189,-72.23027759091855,-72.23027759091855
2063.2500578641893,-72.22670399958193,-72.22670399958193
2063.260057864189,-72.22314289828178,-72.22314289828178
2063.2700578641893,-72.21959451475396,-72.21959451475396
2063.280057864189,-72.21605907259422,-72.21605907259422
2063.2900578641893,-72.21253679136548,-72.21253679136548
2063.300057864189,-72.20902788666508,-72.20902788666508
2063.3100578641893,-72.20553257021885,-72.20553257021885
2063.320057864189,-72.20205104992803,-72.20205104992803
2063.3300578641893,-72.19858352994868,-72.19858352994868
2063.340057864189,-72.19513021074692,-72.19513021074692
2063.3500578641892,-72.19169128914312,-72.19169128914312
2063.360057864189,-72.18826695837957,-72.18826695837957
2063.370057864189,-72.1848574081434,-72.1848574081434
2063.380057864189,-72.18146282464495,-72.18146282464495
2063.390057864189,-72.17808339062674,-72.17808339062674
2063.400057864189,-72.17471928541508,-72.17471928541508
2063.410057864189,-72.17137068497526,-72.17137068497526
2063.420057864189,-72.16803776192576,-72.16803776192576
2063.430057864189,-72.16472068558693,-72.16472068558693
2063.440057864189,-72.16141962201394,-72.16141962201394
2063.450057864189,-72.15813473403196,-72.15813473403196
2063.4600578641894,-72.15485988913738,-72.15485988913738
2063.470057864189,-72.15159249134665,-72.15159249134665
2063.4800578641893,-72.1483313582106,-72.1483313582106
2063.490057864189,-72.14507596098352,-72.14507596098352
2063.5000578641893,-72.14182613429165,-72.14182613429165
2063.510057864189,-72.13858192508471,-72.13858192508471
2063.5200578641893,-72.13534350390746,-72.13534350390746
2063.530057864189,-72.13211111153457,-72.13211111153457
2063.5400578641893,-72.12888502681834,-72.12888502681834
2063.550057864189,-72.12566554739158,-72.12566554739158
2063.5600578641893,-72.12245297814457,-72.12245297814457
2063.570057864189,-72.11924762448598,-72.11924762448598
2063.5800578641893,-72.11604978844267,-72.11604978844267
2063.590057864189,-72.11285976660955,-72.11285976660955
2063.6000578641892,-72.10967784908908,-72.10967784908908
2063.610057864189,-72.1065043191109,-72.1065043191109
2063.620057864189,-72.10333945300425,-72.10333945300425
2063.630057864189,-72.10018352039037,-72.10018352039037
2063.640057864189,-72.09703678446775,-72.09703678446775
2063.650057864189,-72.09389950235395,-72.09389950235395
2063.660057864189,-72.09077192539542,-72.09077192539542
2063.670057864189,-72.08765429955581,-72.08765429955581
2063.680057864189,-72.08454686564357,-72.08454686564357
2063.690057864189,-72.08144985965603,-72.08144985965603
2063.700057864189,-72.07836351299031,-72.07836351299031
2063.7100578641894,-72.07528805265679,-72.07528805265679
2063.720057864189,-72.07222370150599,-72.07222370150599
2063.7300578641893,-72.06917067835184,-72.06917067835184
2063.740057864189,-72.06612919814562,-72.06612919814562
2063.7500578641893,-72.06309947209172,-72.06309947209172
2063.760057864189,-72.06008170777721,-72.06008170777721
2063.7700578641893,-72.05707610923662,-72.05707610923662
2063.780057864189,-72.0540828770504,-72.0540828770504
2063.7900578641893,-72.05110220843244,-72.05110220843244
2063.800057888031,-72.04813429021755,-72.04813429021755
2063.810057888031,-72.04517932721892,-72.04517932721892
2063.820057888031,-72.04223749977558,-72.04223749977558
2063.830057888031,-72.03930899216368,-72.03930899216368
2063.840057888031,-72.03639398555379,-72.03639398555379
2063.850057888031,-72.03349265803496,-72.03349265803496
2063.860057888031,-72.03060518464916,-72.03060518464916
2063.870057888031,-72.02773173743128,-72.02773173743128
2063.880057888031,-72.02487248543356,-72.02487248543356
2063.890057888031,-72.02202759474558,-72.02202759474558
2063.900057888031,-72.01919722854174,-72.01919722854174
2063.910057888031,-72.01638154709069,-72.01638154709069
2063.920057888031,-72.01358070778002,-72.01358070778002
2063.930057888031,-72.01079486515049,-72.01079486515049
2063.940057888031,-72.0080241709084,-72.0080241709084
2063.950057888031,-72.00526877396209,-72.00526877396209
2063.960057888031,-72.00252882042173,-72.00252882042173
2063.970057888031,-71.9998044536473,-71.9998044536473
2063.980057888031,-71.99709581425735,-71.99709581425735
2063.990057888031,-71.99440304014247,-71.99440304014247
2064.000057888031,-71.99172626652008,-71.99172626652008
2064.010057888031,-71.98906562591827,-71.98906562591827
2064.020057888031,-71.98642124822138,-71.98642124822138
2064.030057888031,-71.9837932606777,-71.9837932606777
2064.040057888031,-71.98118178793861,-71.98118178793861
2064.050057888031,-71.97858695207617,-71.97858695207617
2064.060057888031,-71.97600887259935,-71.97600887259935
2064.070057888031,-71.97344766647267,-71.97344766647267
2064.080057888031,-71.97090344816242,-71.97090344816242
2064.090057888031,-71.96837632963486,-71.96837632963486
2064.100057888031,-71.96586642039301,-71.96586642039301
2064.110057888031,-71.96337382749553,-71.96337382749553
2064.120057888031,-71.96089865558666,-71.96089865558666
2064.130057888031,-71.95844100690834,-71.95844100690834
2064.140057888031,-71.95600098133542,-71.95600098133542
2064.150057888031,-71.95357867639507,-71.95357867639507
2064.160057888031,-71.95117418729313,-71.95117418729313
2064.170057888031,-71.9487876069385,-71.9487876069385
2064.180057888031,-71.94641902596415,-71.94641902596415
2064.190057888031,-71.94406853274565,-71.94406853274565
2064.200057888031,-71.94173621344892,-71.94173621344892
2064.210057888031,-71.93941587992366,-71.93941587992366
2064.220057888031,-71.93710487049808,-71.93710487049808
2064.230057888031,-71.93480193337292,-71.93480193337292
2064.240057888031,-71.93250646911235,-71.93250646911235
2064.250057888031,-71.93021824127017,-71.93021824127017
2064.260057888031,-71.92793722580451,-71.92793722580451
2064.270057888031,-71.9256635227075,-71.9256635227075
2064.280057888031,-71.92339730280736,-71.92339730280736
2064.290057888031,-71.9211387757495,-71.9211387757495
2064.300057888031,-71.91888817076848,-71.91888817076848
2064.310057888031,-71.916645725208,-71.916645725208
2064.320057888031,-71.9144116778118,-71.9144116778118
2064.330057888031,-71.91218626485326,-71.91218626485326
2064.340057888031,-71.90996971806223,-71.90996971806223
2064.350057888031,-71.90776226358084,-71.90776226358084
2064.360057888031,-71.90556412158554,-71.90556412158554
2064.370057888031,-71.90337550625455,-71.90337550625455
2064.380057888031,-71.90119662593546,-71.90119662593546
2064.390057888031,-71.89902768345628,-71.89902768345628
2064.400057888031,-71.89686887642831,-71.89686887642831
2064.410057888031,-71.8947203975858,-71.8947203975858
2064.420057888031,-71.89258243511213,-71.89258243511213
2064.430057888031,-71.89045517291498,-71.89045517291498
2064.440057888031,-71.88833879092755,-71.88833879092755
2064.450057888031,-71.88623346532205,-71.88623346532205
2064.460057888031,-71.88413936873577,-71.88413936873577
2064.470057888031,-71.8820566704408,-71.8820566704408
2064.480057888031,-71.87998553651248,-71.87998553651248
2064.490057888031,-71.87792612995746,-71.87792612995746
2064.500057888031,-71.8758786108493,-71.8758786108493
2064.510057888031,-71.873843136414,-71.873843136414
2064.520057888031,-71.87181986113063,-71.87181986113063
2064.530057888031,-71.86980893681388,-71.86980893681388
2064.540057888031,-71.86781051264894,-71.86781051264894
2064.550057888031,-71.8658247352817,-71.8658247352817
2064.560057888031,-71.8638517488573,-71.8638517488573
2064.570057888031,-71.8618916950598,-71.8618916950598
2064.580057888031,-71.85994471314649,-71.85994471314649
2064.590057888031,-71.85801094000445,-71.85801094000445
2064.600057888031,-71.8560905101492,-71.8560905101492
2064.610057888031,-71.85418355576215,-71.85418355576215
2064.620057888031,-71.8522902067343,-71.8522902067343
2064.630057888031,-71.85041059066852,-71.85041059066852
2064.640057888031,-71.84854483289745,-71.84854483289745
2064.650057911873,-71.84669305209668,-71.84669305209668
2064.660057911873,-71.84485537799492,-71.84485537799492
2064.670057911873,-71.84303192478734,-71.84303192478734
2064.680057911873,-71.84122280893347,-71.84122280893347
2064.690057911873,-71.83942814471008,-71.83942814471008
2064.700057911873,-71.83764804423105,-71.83764804423105
2064.710057911873,-71.83587635531455,-71.83587635531455
2064.720057911873,-71.83411044692205,-71.83411044692205
2064.730057911873,-71.83234909557919,-71.83234909557919
2064.740057911873,-71.83059172902324,-71.83059172902324
2064.750057911873,-71.82883813726838,-71.82883813726838
2064.760057911873,-71.82708832230814,-71.82708832230814
2064.7700579118728,-71.8253424098821,-71.8253424098821
2064.780057911873,-71.82360059639288,-71.82360059639288
2064.7900579118727,-71.82186311695305,-71.82186311695305
2064.800057911873,-71.82013022616688,-71.82013022616688
2064.8100579118727,-71.81840218670474,-71.81840218670474
2064.820057911873,-71.81667926257032,-71.81667926257032
2064.8300579118727,-71.81496171527577,-71.81496171527577
2064.840057911873,-71.81324980172074,-71.81324980172074
2064.8500579118727,-71.81154377318485,-71.81154377318485
2064.860057911873,-71.80984387490948,-71.80984387490948
2064.8700579118727,-71.80815034608601,-71.80815034608601
2064.880057911873,-71.8064634200022,-71.8064634200022
2064.8900579118726,-71.80478332433276,-71.80478332433276
2064.900057911873,-71.80311028146664,-71.80311028146664
2064.910057911873,-71.80144450881328,-71.80144450881328
2064.920057911873,-71.79978621912534,-71.79978621912534
2064.930057911873,-71.79813562079588,-71.79813562079588
2064.940057911873,-71.79649291810955,-71.79649291810955
2064.950057911873,-71.79485831146849,-71.79485831146849
2064.960057911873,-71.79322573998537,-71.79322573998537
2064.970057911873,-71.7915926603729,-71.7915926603729
2064.980057911873,-71.78995793473328,-71.78995793473328
2064.990057911873,-71.78832107477922,-71.78832107477922
2065.000057911873,-71.78668195319936,-71.78668195319936
2065.010057911873,-71.78504065357916,-71.78504065357916
2065.0200579118728,-71.78339738229332,-71.78339738229332
2065.030057911873,-71.78175241551908,-71.78175241551908
2065.0400579118727,-71.78010606738229,-71.78010606738229
2065.050057911873,-71.77845867079212,-71.77845867079212
2065.0600579118727,-71.7768105660533,-71.7768105660533
2065.070057911873,-71.77516209417458,-71.77516209417458
2065.0800579118727,-71.77351359305793,-71.77351359305793
2065.090057911873,-71.77186539538665,-71.77186539538665
2065.1000579118727,-71.7702178276721,-71.7702178276721
2065.110057911873,-71.76857120979219,-71.76857120979219
2065.1200579118727,-71.76692585502309,-71.76692585502309
2065.130057911873,-71.76528207016189,-71.76528207016189
2065.1400579118726,-71.7636401558414,-71.7636401558414
2065.150057911873,-71.76200040683138,-71.76200040683138
2065.160057911873,-71.76036311236342,-71.76036311236342
2065.170057911873,-71.75872855646271,-71.75872855646271
2065.180057911873,-71.75709701819632,-71.75709701819632
2065.190057911873,-71.75546877196152,-71.75546877196152
2065.200057911873,-71.7538440877057,-71.7538440877057
2065.210057911873,-71.75222323112622,-71.75222323112622
2065.220057911873,-71.75060646383476,-71.75060646383476
2065.230057911873,-71.7489940435273,-71.7489940435273
2065.240057911873,-71.74738622409694,-71.74738622409694
2065.250057911873,-71.74578325575904,-71.74578325575904
2065.260057911873,-71.74418538511162,-71.74418538511162
2065.2700579118728,-71.74259285527346,-71.74259285527346
2065.280057911873,-71.74100590590109,-71.74100590590109
2065.2900579118727,-71.73942477327194,-71.73942477327194
2065.300057911873,-71.73784969033998,-71.73784969033998
2065.3100579118727,-71.7362808867637,-71.7362808867637
2065.320057911873,-71.7347185889514,-71.7347185889514
2065.3300579118727,-71.7331630201119,-71.7331630201119
2065.340057911873,-71.73161440024339,-71.73161440024339
2065.3500579118727,-71.73007294620697,-71.73007294620697
2065.360057911873,-71.72853887171827,-71.72853887171827
2065.3700579118727,-71.72701238738442,-71.72701238738442
2065.380057911873,-71.72549370070875,-71.72549370070875
2065.3900579118726,-71.72398301613872,-71.72398301613872
2065.400057911873,-71.72248053504158,-71.72248053504158
2065.410057911873,-71.72098645576263,-71.72098645576263
2065.420057911873,-71.71950097360863,-71.71950097360863
2065.430057911873,-71.71802428089612,-71.71802428089612
2065.440057911873,-71.71655656693548,-71.71655656693548
2065.450057911873,-71.7150980180772,-71.7150980180772
2065.460057911873,-71.71364881770751,-71.71364881770751
2065.470057911873,-71.71220914626313,-71.71220914626313
2065.480057911873,-71.71077918126012,-71.71077918126012
2065.490057911873,-71.70935909731374,-71.70935909731374
2065.5000579357147,-71.70794906278385,-71.70794906278385
2065.510057935715,-71.70654925326339,-71.70654925326339
2065.5200579357147,-71.7051598313456,-71.7051598313456
2065.530057935715,-71.70378096018605,-71.70378096018605
2065.5400579357147,-71.70241280012307,-71.70241280012307
2065.550057935715,-71.7010555087013,-71.7010555087013
2065.5600579357147,-71.69970924068083,-71.69970924068083
2065.570057935715,-71.69837414805885,-71.69837414805885
2065.5800579357146,-71.69705038010797,-71.69705038010797
2065.590057935715,-71.69573808336402,-71.69573808336402
2065.6000579357146,-71.69443740168617,-71.69443740168617
2065.610057935715,-71.69314847625196,-71.69314847625196
2065.6200579357146,-71.69187144559102,-71.69187144559102
2065.630057935715,-71.69060644559691,-71.69060644559691
2065.6400579357146,-71.68935360956712,-71.68935360956712
2065.650057935715,-71.68811306820128,-71.68811306820128
2065.6600579357146,-71.68688494965825,-71.68688494965825
2065.670057935715,-71.68566937954891,-71.68566937954891
2065.6800579357146,-71.6844664809585,-71.6844664809585
2065.690057935715,-71.68327637450112,-71.68327637450112
2065.7000579357145,-71.68209917832856,-71.68209917832856
2065.7100579357148,-71.68092876211834,-71.68092876211834
2065.7200579357145,-71.67976250848066,-71.67976250848066
2065.7300579357147,-71.6785992037266,-71.6785992037266
2065.7400579357145,-71.67743828323312,-71.67743828323312
2065.7500579357147,-71.67627954321351,-71.67627954321351
2065.760057935715,-71.67512299087446,-71.67512299087446
2065.7700579357147,-71.67396875644255,-71.67396875644255
2065.780057935715,-71.6728170402503,-71.6728170402503
2065.7900579357147,-71.67166808092648,-71.67166808092648
2065.800057935715,-71.67052213623158,-71.67052213623158
2065.8100579357147,-71.66937947173247,-71.66937947173247
2065.820057935715,-71.6682403540762,-71.6682403540762
2065.8300579357146,-71.6671050472127,-71.6671050472127
2065.840057935715,-71.66597381028932,-71.66597381028932
2065.8500579357146,-71.66484689667847,-71.66484689667847
2065.860057935715,-71.66372455355844,-71.66372455355844
2065.8700579357146,-71.66260702190682,-71.66260702190682
2065.880057935715,-71.66149453668554,-71.66149453668554
2065.8900579357146,-71.66038732711688,-71.66038732711688
2065.900057935715,-71.65928561702033,-71.65928561702033
2065.9100579357146,-71.65818962514832,-71.65818962514832
2065.920057935715,-71.65709956550191,-71.65709956550191
2065.9300579357146,-71.65601564762525,-71.65601564762525
2065.940057935715,-71.65493807687507,-71.65493807687507
2065.9500579357145,-71.65386705467043,-71.65386705467043
2065.9600579357148,-71.65280277868925,-71.65280277868925
2065.9700579357145,-71.6517454430538,-71.6517454430538
2065.9800579357147,-71.65069523850804,-71.65069523850804
2065.9900579357145,-71.64965235254223,-71.64965235254223
2066.0000579357147,-71.64861696949976,-71.64861696949976
2066.010057935715,-71.64758927070669,-71.64758927070669
2066.0200579357147,-71.6465694345594,-71.6465694345594
2066.030057935715,-71.64555763657734,-71.64555763657734
2066.0400579357147,-71.64455404949594,-71.64455404949594
2066.050057935715,-71.64355884330799,-71.64355884330799
2066.0600579357147,-71.64257218533237,-71.64257218533237
2066.070057935715,-71.64159424023552,-71.64159424023552
2066.0800579357146,-71.64062517010517,-71.64062517010517
2066.090057935715,-71.63966513443079,-71.63966513443079
2066.1000579357146,-71.63871429020804,-71.63871429020804
2066.110057935715,-71.63777279189381,-71.63777279189381
2066.1200579357146,-71.63684079148558,-71.63684079148558
2066.130057935715,-71.63591843850871,-71.63591843850871
2066.1400579357146,-71.63500588007285,-71.63500588007285
2066.150057935715,-71.63410326085241,-71.63410326085241
2066.1600579357146,-71.63321072314172,-71.63321072314172
2066.170057935715,-71.63232840684773,-71.63232840684773
2066.1800579357146,-71.63145644952523,-71.63145644952523
2066.190057935715,-71.63059498638813,-71.63059498638813
2066.2000579357145,-71.62974415032019,-71.62974415032019
2066.2100579357148,-71.62890407189545,-71.62890407189545
2066.2200579357145,-71.6280748793957,-71.6280748793957
2066.2300579357147,-71.62725669883014,-71.62725669883014
2066.2400579357145,-71.62644965395063,-71.62644965395063
2066.2500579357147,-71.62565386625063,-71.62565386625063
2066.260057935715,-71.62486945500655,-71.62486945500655
2066.2700579357147,-71.6240965372867,-71.6240965372867
2066.280057935715,-71.6233352279535,-71.6233352279535
2066.2900579357147,-71.62258563970147,-71.62258563970147
2066.300057935715,-71.62184788305207,-71.62184788305207
2066.3100579357147,-71.62112206638996,-71.62112206638996
2066.320057935715,-71.62040829597548,-71.62040829597548
2066.3300579357146,-71.61970667595578,-71.61970667595578
2066.340057935715,-71.61901730837339,-71.61901730837339
2066.3500579595566,-71.61834029161032,-71.61834029161032
2066.360057959557,-71.61767572685049,-71.61767572685049
2066.3700579595566,-71.61702370830476,-71.61702370830476
2066.380057959557,-71.61638432985036,-71.61638432985036
2066.3900579595565,-71.61575768335682,-71.61575768335682
2066.4000579595568,-71.61514385869384,-71.61514385869384
2066.4100579595565,-71.61454294378706,-71.61454294378706
2066.4200579595567,-71.61395502459698,-71.61395502459698
2066.4300579595565,-71.61338018517495,-71.61338018517495
2066.4400579595567,-71.61281850764996,-71.61281850764996
2066.4500579595565,-71.61227007228072,-71.61227007228072
2066.4600579595567,-71.61173495743775,-71.61173495743775
2066.4700579595565,-71.61121323966026,-71.61121323966026
2066.4800579595567,-71.61070499364517,-71.61070499364517
2066.4900579595565,-71.61021029228463,-71.61021029228463
2066.5000579595567,-71.60972920668497,-71.60972920668497
2066.5100579595564,-71.60926180617429,-71.60926180617429
2066.5200579595567,-71.6088081583318,-71.6088081583318
2066.5300579595564,-71.60836832901396,-71.60836832901396
2066.5400579595566,-71.60794238235536,-71.60794238235536
2066.5500579595564,-71.60753038079946,-71.60753038079946
2066.5600579595566,-71.60713238512908,-71.60713238512908
2066.5700579595564,-71.60674845446233,-71.60674845446233
2066.5800579595566,-71.60637864628787,-71.60637864628787
2066.5900579595564,-71.6060230164864,-71.6060230164864
2066.6000579595566,-71.60568161933824,-71.60568161933824
2066.610057959557,-71.60535450755269,-71.60535450755269
2066.6200579595566,-71.60504173228804,-71.60504173228804
2066.630057959557,-71.60474334316625,-71.60474334316625
2066.6400579595565,-71.60445938828991,-71.60445938828991
2066.6500579595568,-71.60418991427042,-71.60418991427042
2066.6600579595565,-71.6039349662369,-71.6039349662369
2066.6700579595567,-71.60369458786714,-71.60369458786714
2066.6800579595565,-71.60346882139805,-71.60346882139805
2066.6900579595567,-71.60325770763572,-71.60325770763572
2066.7000579595565,-71.6030612859982,-71.6030612859982
2066.7100579595567,-71.6028733554269,-71.6028733554269
2066.7200579595565,-71.60269122467905,-71.60269122467905
2066.7300579595567,-71.60251360531414,-71.60251360531414
2066.7400579595565,-71.6023398579785,-71.6023398579785
2066.7500579595567,-71.60216970454736,-71.60216970454736
2066.7600579595564,-71.60200307848461,-71.60200307848461
2066.7700579595567,-71.6018400370363,-71.6018400370363
2066.7800579595564,-71.6016807084131,-71.6016807084131
2066.7900579595566,-71.60152526001987,-71.60152526001987
2066.8000579595564,-71.60137387938947,-71.60137387938947
2066.8100579595566,-71.60122676282057,-71.60122676282057
2066.8200579595564,-71.60108410870762,-71.60108410870762
2066.8300579595566,-71.60094611372786,-71.60094611372786
2066.8400579595564,-71.60081297079283,-71.60081297079283
2066.8500579595566,-71.60068486799443,-71.60068486799443
2066.860057959557,-71.60056198825976,-71.60056198825976
2066.8700579595566,-71.6004445092894,-71.6004445092894
2066.880057959557,-71.60033260372349,-71.60033260372349
2066.8900579595565,-71.60022643946827,-71.60022643946827
2066.9000579595568,-71.60012617995785,-71.60012617995785
2066.9100579595565,-71.60003198451594,-71.60003198451594
2066.9200579595567,-71.59994400863022,-71.59994400863022
2066.9300579595565,-71.59986240429122,-71.59986240429122
2066.9400579595567,-71.59978732020038,-71.59978732020038
2066.9500579595565,-71.59971890202634,-71.59971890202634
2066.9600579595567,-71.59965729258941,-71.59965729258941
2066.9700579595565,-71.59960263205764,-71.59960263205764
2066.9800579595567,-71.59955505807606,-71.59955505807606
2066.9900579595565,-71.59951470590646,-71.59951470590646
2067.0000579595567,-71.59948170851975,-71.59948170851975
2067.0100579595564,-71.59945619671956,-71.59945619671956
2067.0200579595567,-71.59943829918814,-71.59943829918814
2067.0300579595564,-71.59942814259016,-71.59942814259016
2067.0400579595566,-71.59942585160964,-71.59942585160964
2067.0500579595564,-71.59943154898163,-71.59943154898163
2067.0600579595566,-71.59944535555677,-71.59944535555677
2067.0700579595564,-71.5994673903523,-71.5994673903523
2067.0800579595566,-71.59949777054577,-71.59949777054577
2067.0900579595564,-71.59953661150982,-71.59953661150982
2067.1000579595566,-71.59958402684316,-71.59958402684316
2067.110057959557,-71.59964012839177,-71.59964012839177
2067.1200579595566,-71.59970502624752,-71.59970502624752
2067.130057959557,-71.5997788287844,-71.5997788287844
2067.1400579595565,-71.5998616426598,-71.5998616426598
2067.1500579595568,-71.59995357281686,-71.59995357281686
2067.1600579595565,-71.60005472250577,-71.60005472250577
2067.1700579595567,-71.60016519329187,-71.60016519329187
2067.1800579595565,-71.60028508506304,-71.60028508506304
2067.1900579595567,-71.60041449603709,-71.60041449603709
2067.2000579833984,-71.60055352310039,-71.60055352310039
2067.2100579833987,-71.6006960217199,-71.6006960217199
2067.2200579833984,-71.60083935759093,-71.60083935759093
2067.2300579833986,-71.60098229839423,-71.60098229839423
2067.2400579833984,-71.60112426043503,-71.60112426043503
2067.2500579833986,-71.6012650208247,-71.6012650208247
2067.2600579833984,-71.60140456786334,-71.60140456786334
2067.2700579833986,-71.60154301327401,-71.60154301327401
2067.2800579833984,-71.60168053940475,-71.60168053940475
2067.2900579833986,-71.6018173674497,-71.6018173674497
2067.3000579833983,-71.60195373840554,-71.60195373840554
2067.3100579833986,-71.60208990169848,-71.60208990169848
2067.3200579833983,-71.60222610850813,-71.60222610850813
2067.3300579833985,-71.60236260797127,-71.60236260797127
2067.3400579833983,-71.60249964507271,-71.60249964507271
2067.3500579833985,-71.60263745966417,-71.60263745966417
2067.3600579833983,-71.60277628603335,-71.60277628603335
2067.3700579833985,-71.60291635286808,-71.60291635286808
2067.3800579833983,-71.60305788344576,-71.60305788344576
2067.3900579833985,-71.60320109588436,-71.60320109588436
2067.4000579833983,-71.60334620345087,-71.60334620345087
2067.4100579833985,-71.60349341489525,-71.60349341489525
2067.4200579833982,-71.60364293473458,-71.60364293473458
2067.4300579833985,-71.60379496354707,-71.60379496354707
2067.440057983398,-71.6039496982325,-71.6039496982325
2067.4500579833984,-71.60410733220905,-71.60410733220905
2067.4600579833987,-71.60426805564526,-71.60426805564526
2067.4700579833984,-71.6044320555887,-71.6044320555887
2067.4800579833986,-71.60459951616063,-71.60459951616063
2067.4900579833984,-71.60477061863529,-71.60477061863529
2067.5000579833986,-71.60494554158913,-71.60494554158913
2067.5100579833984,-71.60512446095932,-71.60512446095932
2067.5200579833986,-71.60530755013697,-71.60530755013697
2067.5300579833984,-71.60549498002592,-71.60549498002592
2067.5400579833986,-71.60568691911949,-71.60568691911949
2067.5500579833983,-71.60588353351518,-71.60588353351518
2067.5600579833986,-71.60608498698376,-71.60608498698376
2067.5700579833983,-71.60629144099153,-71.60629144099153
2067.5800579833985,-71.60650305472211,-71.60650305472211
2067.5900579833983,-71.6067199851348,-71.6067199851348
2067.6000579833985,-71.60694238693557,-71.60694238693557
2067.6100579833983,-71.60717041264385,-71.60717041264385
2067.6200579833985,-71.60740421257752,-71.60740421257752
2067.6300579833983,-71.60764393489777,-71.60764393489777
2067.6400579833985,-71.60788972558491,-71.60788972558491
2067.6500579833983,-71.60814172849445,-71.60814172849445
2067.6600579833985,-71.60840008532749,-71.60840008532749
2067.6700579833982,-71.60866493567148,-71.60866493567148
2067.6800579833985,-71.60893641699181,-71.60893641699181
2067.690057983398,-71.60921466465811,-71.60921466465811
2067.7000579833984,-71.60949981194871,-71.60949981194871
2067.7100579833987,-71.60979199004511,-71.60979199004511
2067.7200579833984,-71.61009132806777,-71.61009132806777
2067.7300579833986,-71.61039795307086,-71.61039795307086
2067.7400579833984,-71.61071199004323,-71.61071199004323
2067.7500579833986,-71.61103356194411,-71.61103356194411
2067.7600579833984,-71.61136278970447,-71.61136278970447
2067.7700579833986,-71.61169979221245,-71.61169979221245
2067.7800579833984,-71.6120446863698,-71.6120446863698
2067.7900579833986,-71.61239758707123,-71.61239758707123
2067.8000579833983,-71.61275860721791,-71.61275860721791
2067.8100579833986,-71.61312785774342,-71.61312785774342
2067.8200579833983,-71.61350544762065,-71.61350544762065
2067.8300579833985,-71.61389148386259,-71.61389148386259
2067.8400579833983,-71.61428607155604,-71.61428607155604
2067.8500579833985,-71.61468931386433,-71.61468931386433
2067.8600579833983,-71.6151013120421,-71.6151013120421
2067.8700579833985,-71.61552216544071,-71.61552216544071
2067.8800579833983,-71.61595197154132,-71.61595197154132
2067.8900579833985,-71.61639082595755,-71.61639082595755
2067.9000579833983,-71.61683882244525,-71.61683882244525
2067.9100579833985,-71.61729605293489,-71.61729605293489
2067.9200579833982,-71.61776260752544,-71.61776260752544
2067.9300579833985,-71.61823857451915,-71.61823857451915
2067.940057983398,-71.61872404042711,-71.61872404042711
2067.9500579833984,-71.61921908998886,-71.61921908998886
2067.9600579833987,-71.61972380618344,-71.61972380618344
2067.9700579833984,-71.6202382702459,-71.6202382702459
2067.9800579833986,-71.62076256170535,-71.62076256170535
2067.9900579833984,-71.62129675835565,-71.62129675835565
2068.0000579833986,-71.62184093632591,-71.62184093632591
2068.0100579833984,-71.62239517005811,-71.62239517005811
2068.0200579833986,-71.62295953233904,-71.62295953233904
2068.0300579833984,-71.62353409431978,-71.62353409431978
2068.0400579833986,-71.62411892552939,-71.62411892552939
2068.0500580072403,-71.6247140953055,-71.6247140953055
2068.0600580072405,-71.625319667185,-71.625319667185
2068.0700580072403,-71.62593570730603,-71.62593570730603
2068.0800580072405,-71.62656227888664,-71.62656227888664
2068.0900580072403,-71.62719944360288,-71.62719944360288
2068.1000580072405,-71.62784726160753,-71.62784726160753
2068.1100580072402,-71.62850579156607,-71.62850579156607
2068.1200580072405,-71.62917509064734,-71.62917509064734
2068.13005800724,-71.62985521455539,-71.62985521455539
2068.1400580072404,-71.63054621755786,-71.63054621755786
2068.15005800724,-71.63124815247834,-71.63124815247834
2068.1600580072404,-71.63196107073182,-71.63196107073182
2068.17005800724,-71.63268502233646,-71.63268502233646
2068.1800580072404,-71.63342005593071,-71.63342005593071
2068.19005800724,-71.6341662187942,-71.6341662187942
2068.2000580072404,-71.63492355684576,-71.63492355684576
2068.21005800724,-71.63569211470539,-71.63569211470539
2068.2200580072404,-71.63647193565981,-71.63647193565981
2068.23005800724,-71.63726306169573,-71.63726306169573
2068.2400580072403,-71.63806553354867,-71.63806553354867
2068.25005800724,-71.63887939066466,-71.63887939066466
2068.2600580072403,-71.63970467126069,-71.63970467126069
2068.27005800724,-71.64054141233017,-71.64054141233017
2068.2800580072403,-71.64138964964468,-71.64138964964468
2068.29005800724,-71.64224941778402,-71.64224941778402
2068.3000580072403,-71.64312075015744,-71.64312075015744
2068.3100580072405,-71.64400367898922,-71.64400367898922
2068.3200580072403,-71.64489823537875,-71.64489823537875
2068.3300580072405,-71.64580444928941,-71.64580444928941
2068.3400580072403,-71.64672234955852,-71.64672234955852
2068.3500580072405,-71.64765196393941,-71.64765196393941
2068.3600580072402,-71.64859331907932,-71.64859331907932
2068.3700580072405,-71.64954644058042,-71.64954644058042
2068.38005800724,-71.65051135297125,-71.65051135297125
2068.3900580072404,-71.65148807975336,-71.65148807975336
2068.40005800724,-71.65247664339479,-71.65247664339479
2068.4100580072404,-71.65347706536092,-71.65347706536092
2068.42005800724,-71.65448936612111,-71.65448936612111
2068.4300580072404,-71.65551356516266,-71.65551356516266
2068.44005800724,-71.65654968100297,-71.65654968100297
2068.4500580072404,-71.65759773120884,-71.65759773120884
2068.46005800724,-71.65865773241323,-71.65865773241323
2068.4700580072404,-71.65972970032765,-71.65972970032765
2068.48005800724,-71.66081364974706,-71.66081364974706
2068.4900580072403,-71.66190959457074,-71.66190959457074
2068.50005800724,-71.66301754780702,-71.66301754780702
2068.5100580072403,-71.6641375216076,-71.6641375216076
2068.52005800724,-71.6652695272638,-71.6652695272638
2068.5300580072403,-71.66641357521213,-71.66641357521213
2068.54005800724,-71.66756967507186,-71.66756967507186
2068.5500580072403,-71.66873783563541,-71.66873783563541
2068.5600580072405,-71.66991806489555,-71.66991806489555
2068.5700580072403,-71.67111037004656,-71.67111037004656
2068.5800580072405,-71.67231475750621,-71.67231475750621
2068.5900580072403,-71.6735312329152,-71.6735312329152
2068.6000580072405,-71.67475980117162,-71.67475980117162
2068.6100580072402,-71.67600046641508,-71.67600046641508
2068.6200580072405,-71.67725323204706,-71.67725323204706
2068.63005800724,-71.67851810076932,-71.67851810076932
2068.6400580072404,-71.67979507455458,-71.67979507455458
2068.65005800724,-71.68108415468042,-71.68108415468042
2068.6600580072404,-71.68238534174536,-71.68238534174536
2068.67005800724,-71.68369863566024,-71.68369863566024
2068.6800580072404,-71.68502403567315,-71.68502403567315
2068.69005800724,-71.68636154038114,-71.68636154038114
2068.7000580072404,-71.68771114773067,-71.68771114773067
2068.71005800724,-71.68907285503731,-71.68907285503731
2068.7200580072404,-71.69044665898147,-71.69044665898147
2068.73005800724,-71.69183255565329,-71.69183255565329
2068.7400580072403,-71.69323054052478,-71.69323054052478
2068.75005800724,-71.69464060846627,-71.69464060846627
2068.7600580072403,-71.69606275378403,-71.69606275378403
2068.77005800724,-71.69749697019367,-71.69749697019367
2068.7800580072403,-71.69894325085608,-71.69894325085608
2068.79005800724,-71.7004015883685,-71.7004015883685
2068.8000580072403,-71.70187197478921,-71.70187197478921
2068.8100580072405,-71.70335440164239,-71.70335440164239
2068.8200580072403,-71.70484885991456,-71.70484885991456
2068.8300580072405,-71.70635534008171,-71.70635534008171
2068.8400580072403,-71.707873832105,-71.707873832105
2068.8500580072405,-71.70940432544545,-71.70940432544545
2068.8600580072402,-71.71094680907063,-71.71094680907063
2068.8700580072405,-71.71250127146763,-71.71250127146763
2068.88005800724,-71.7140677006504,-71.7140677006504
2068.8900580072404,-71.71564608415491,-71.71564608415491
2068.900058031082,-71.71723641285087,-71.71723641285087
2068.9100580310824,-71.71883866584561,-71.71883866584561
2068.920058031082,-71.72045283305111,-71.72045283305111
2068.9300580310824,-71.72207890022644,-71.72207890022644
2068.940058031082,-71.72371685270194,-71.72371685270194
2068.9500580310823,-71.7253666753731,-71.7253666753731
2068.960058031082,-71.72702835273391,-71.72702835273391
2068.9700580310823,-71.7287018688714,-71.7287018688714
2068.980058031082,-71.73038720747589,-71.73038720747589
2068.9900580310823,-71.73208435183626,-71.73208435183626
2069.000058031082,-71.73379328486185,-71.73379328486185
2069.0100580310823,-71.73551398908475,-71.73551398908475
2069.020058031082,-71.73724644667831,-71.73724644667831
2069.0300580310823,-71.73899063942753,-71.73899063942753
2069.040058031082,-71.7407465487814,-71.7407465487814
2069.0500580310822,-71.74251415583107,-71.74251415583107
2069.060058031082,-71.74429344132211,-71.74429344132211
2069.070058031082,-71.74608438566983,-71.74608438566983
2069.080058031082,-71.74788696895973,-71.74788696895973
2069.090058031082,-71.7497011709336,-71.7497011709336
2069.100058031082,-71.75152697103584,-71.75152697103584
2069.110058031082,-71.75336434838523,-71.75336434838523
2069.120058031082,-71.75521328179964,-71.75521328179964
2069.130058031082,-71.7570737497961,-71.7570737497961
2069.140058031082,-71.75894573058746,-71.75894573058746
2069.150058031082,-71.76082920210783,-71.76082920210783
2069.1600580310824,-71.76272414201051,-71.76272414201051
2069.170058031082,-71.76463052765372,-71.76463052765372
2069.1800580310824,-71.76654833614094,-71.76654833614094
2069.190058031082,-71.76847754429083,-71.76847754429083
2069.2000580310823,-71.77041812867677,-71.77041812867677
2069.210058031082,-71.77237006560306,-71.77237006560306
2069.2200580310823,-71.77433333113012,-71.77433333113012
2069.230058031082,-71.77630790105776,-71.77630790105776
2069.2400580310823,-71.77829375096006,-71.77829375096006
2069.250058031082,-71.78029085616794,-71.78029085616794
2069.2600580310823,-71.78229919178641,-71.78229919178641
2069.270058031082,-71.78431873267968,-71.78431873267968
2069.2800580310823,-71.78634945349144,-71.78634945349144
2069.290058031082,-71.7883913286639,-71.7883913286639
2069.3000580310822,-71.79044433240739,-71.79044433240739
2069.310058031082,-71.79250843873348,-71.79250843873348
2069.320058031082,-71.79458362144712,-71.79458362144712
2069.330058031082,-71.79666985415486,-71.79666985415486
2069.340058031082,-71.79876711025689,-71.79876711025689
2069.350058031082,-71.8008753629793,-71.8008753629793
2069.360058031082,-71.80299458535156,-71.80299458535156
2069.370058031082,-71.8051247502191,-71.8051247502191
2069.380058031082,-71.8072658302444,-71.8072658302444
2069.390058031082,-71.80941779792998,-71.80941779792998
2069.400058031082,-71.81158062559412,-71.81158062559412
2069.4100580310824,-71.81375428538954,-71.81375428538954
2069.420058031082,-71.81593874930554,-71.81593874930554
2069.4300580310824,-71.81813398917421,-71.81813398917421
2069.440058031082,-71.82033997667853,-71.82033997667853
2069.4500580310823,-71.82255668332887,-71.82255668332887
2069.460058031082,-71.82478408051297,-71.82478408051297
2069.4700580310823,-71.82702213945245,-71.82702213945245
2069.480058031082,-71.82927083123435,-71.82927083123435
2069.4900580310823,-71.83153012681079,-71.83153012681079
2069.500058031082,-71.83379999699969,-71.83379999699969
2069.5100580310823,-71.83608041248323,-71.83608041248323
2069.520058031082,-71.83837134381439,-71.83837134381439
2069.5300580310823,-71.84067276143095,-71.84067276143095
2069.540058031082,-71.84298463563835,-71.84298463563835
2069.5500580310822,-71.84530693662501,-71.84530693662501
2069.560058031082,-71.84763963446866,-71.84763963446866
2069.570058031082,-71.8499826991344,-71.8499826991344
2069.580058031082,-71.8523361004749,-71.8523361004749
2069.590058031082,-71.85469980823711,-71.85469980823711
2069.600058031082,-71.85707379207201,-71.85707379207201
2069.610058031082,-71.85945802151738,-71.85945802151738
2069.620058031082,-71.86185246601858,-71.86185246601858
2069.630058031082,-71.8642570949382,-71.8642570949382
2069.640058031082,-71.86667187752133,-71.86667187752133
2069.650058031082,-71.8690967829503,-71.8690967829503
2069.6600580310824,-71.87153178030368,-71.87153178030368
2069.670058031082,-71.87397683857881,-71.87397683857881
2069.6800580310824,-71.87643192670097,-71.87643192670097
2069.690058031082,-71.87889701350936,-71.87889701350936
2069.7000580310823,-71.88137206775784,-71.88137206775784
2069.710058031082,-71.8838507898097,-71.8838507898097
2069.7200580310823,-71.88633040344865,-71.88633040344865
2069.730058031082,-71.8888095412927,-71.8888095412927
2069.7400580310823,-71.89128748829272,-71.89128748829272
2069.750058054924,-71.89376389885223,-71.89376389885223
2069.7600580549242,-71.89623862319142,-71.89623862319142
2069.770058054924,-71.89871165471314,-71.89871165471314
2069.780058054924,-71.90118305356772,-71.90118305356772
2069.790058054924,-71.90365292070192,-71.90365292070192
2069.800058054924,-71.90612137875519,-71.90612137875519
2069.810058054924,-71.90858856070517,-71.90858856070517
2069.820058054924,-71.9110546031511,-71.9110546031511
2069.830058054924,-71.9135196424964,-71.9135196424964
2069.840058054924,-71.91598381282829,-71.91598381282829
2069.850058054924,-71.91844724489646,-71.91844724489646
2069.860058054924,-71.9209100656657,-71.9209100656657
2069.870058054924,-71.92337239827123,-71.92337239827123
2069.880058054924,-71.92583436216444,-71.92583436216444
2069.890058054924,-71.92829607335044,-71.92829607335044
2069.900058054924,-71.93075764466762,-71.93075764466762
2069.910058054924,-71.93321918610755,-71.93321918610755
2069.920058054924,-71.93568080507013,-71.93568080507013
2069.930058054924,-71.9381426066498,-71.9381426066498
2069.940058054924,-71.94060469383798,-71.94060469383798
2069.950058054924,-71.9430671677493,-71.9430671677493
2069.960058054924,-71.94553012778559,-71.94553012778559
2069.970058054924,-71.94799367181285,-71.94799367181285
2069.980058054924,-71.95045789624544,-71.95045789624544
2069.990058054924,-71.95292289618749,-71.95292289618749
2070.000058054924,-71.95538876549907,-71.95538876549907
2070.0100580549242,-71.95785559689378,-71.95785559689378
2070.020058054924,-71.96032348197517,-71.96032348197517
2070.030058054924,-71.96279251131027,-71.96279251131027
2070.040058054924,-71.96526277444333,-71.96526277444333
2070.050058054924,-71.96773435993538,-71.96773435993538
2070.060058054924,-71.97020735540153,-71.97020735540153
2070.070058054924,-71.97268184751132,-71.97268184751132
2070.080058054924,-71.97515792200869,-71.97515792200869
2070.090058054924,-71.97763566371385,-71.97763566371385
2070.100058054924,-71.98011515655234,-71.98011515655234
2070.110058054924,-71.98259648353982,-71.98259648353982
2070.120058054924,-71.98507972677471,-71.98507972677471
2070.130058054924,-71.9875649674613,-71.9875649674613
2070.140058054924,-71.99005228588283,-71.99005228588283
2070.150058054924,-71.9925417614234,-71.9925417614234
2070.160058054924,-71.99503347254303,-71.99503347254303
2070.170058054924,-71.9975274967851,-71.9975274967851
2070.180058054924,-72.00002391076808,-72.00002391076808
2070.190058054924,-72.00252279018397,-72.00252279018397
2070.200058054924,-72.00502420979126,-72.00502420979126
2070.210058054924,-72.00752824340022,-72.00752824340022
2070.220058054924,-72.01003496389002,-72.01003496389002
2070.230058054924,-72.0125444431831,-72.0125444431831
2070.240058054924,-72.0150567522507,-72.0150567522507
2070.250058054924,-72.01757196110557,-72.01757196110557
2070.2600580549242,-72.02009013880246,-72.02009013880246
2070.270058054924,-72.02261135342972,-72.02261135342972
2070.280058054924,-72.02513567210953,-72.02513567210953
2070.290058054924,-72.02766316099486,-72.02766316099486
2070.300058054924,-72.03019388525964,-72.03019388525964
2070.310058054924,-72.03272790912456,-72.03272790912456
2070.320058054924,-72.03526529581552,-72.03526529581552
2070.330058054924,-72.03780610758689,-72.03780610758689
2070.340058054924,-72.04035040572852,-72.04035040572852
2070.350058054924,-72.04289825053844,-72.04289825053844
2070.360058054924,-72.04544970135383,-72.04544970135383
2070.370058054924,-72.04800481653396,-72.04800481653396
2070.380058054924,-72.05056365346246,-72.05056365346246
2070.390058054924,-72.05312626855643,-72.05312626855643
2070.400058054924,-72.0556927172544,-72.0556927172544
2070.410058054924,-72.05826305405094,-72.05826305405094
2070.420058054924,-72.06083733245694,-72.06083733245694
2070.430058054924,-72.06341560502764,-72.06341560502764
2070.440058054924,-72.06599792337273,-72.06599792337273
2070.450058054924,-72.06858433813981,-72.06858433813981
2070.460058054924,-72.07117489902683,-72.07117489902683
2070.470058054924,-72.0737696548054,-72.0737696548054
2070.480058054924,-72.07636865328872,-72.07636865328872
2070.490058054924,-72.07897194136889,-72.07897194136889
2070.500058054924,-72.0815795650023,-72.0815795650023
2070.5100580549242,-72.08419156923483,-72.08419156923483
2070.520058054924,-72.08680799819007,-72.08680799819007
2070.530058054924,-72.08942889507833,-72.08942889507833
2070.540058054924,-72.09205430220072,-72.09205430220072
2070.550058054924,-72.09468426098209,-72.09468426098209
2070.560058054924,-72.0973188119423,-72.0973188119423
2070.570058054924,-72.09995799471378,-72.09995799471378
2070.580058054924,-72.10260184806219,-72.10260184806219
2070.590058054924,-72.10525040988144,-72.10525040988144
2070.600058078766,-72.10790372351687,-72.10790372351687
2070.610058078766,-72.1105618125385,-72.1105618125385
2070.620058078766,-72.1132247185538,-72.1132247185538
2070.630058078766,-72.11589247605862,-72.11589247605862
2070.640058078766,-72.11856511872138,-72.11856511872138
2070.650058078766,-72.12124267937546,-72.12124267937546
2070.660058078766,-72.12392519003788,-72.12392519003788
2070.670058078766,-72.12661268191762,-72.12661268191762
2070.680058078766,-72.12930518543583,-72.12930518543583
2070.690058078766,-72.13200273020294,-72.13200273020294
2070.700058078766,-72.134705345065,-72.134705345065
2070.710058078766,-72.13740676686068,-72.13740676686068
2070.7200580787658,-72.14010426714012,-72.14010426714012
2070.730058078766,-72.14279653036863,-72.14279653036863
2070.7400580787657,-72.14548289480777,-72.14548289480777
2070.750058078766,-72.14816306280832,-72.14816306280832
2070.7600580787657,-72.1508369502754,-72.1508369502754
2070.770058078766,-72.15350459843609,-72.15350459843609
2070.7800580787657,-72.15616612079897,-72.15616612079897
2070.790058078766,-72.15882167127258,-72.15882167127258
2070.8000580787657,-72.16147142500847,-72.16147142500847
2070.810058078766,-72.16411556700176,-72.16411556700176
2070.8200580787657,-72.16675428537226,-72.16675428537226
2070.830058078766,-72.1693877675376,-72.1693877675376
2070.8400580787657,-72.17201619808898,-72.17201619808898
2070.850058078766,-72.17463975775202,-72.17463975775202
2070.860058078766,-72.17725862296777,-72.17725862296777
2070.870058078766,-72.17987296582845,-72.17987296582845
2070.880058078766,-72.18248295420354,-72.18248295420354
2070.890058078766,-72.1850887520128,-72.1850887520128
2070.900058078766,-72.18769051949194,-72.18769051949194
2070.910058078766,-72.1902884135117,-72.1902884135117
2070.920058078766,-72.19288258782296,-72.19288258782296
2070.930058078766,-72.19547319338125,-72.19547319338125
2070.940058078766,-72.19806037851893,-72.19806037851893
2070.950058078766,-72.20064428918818,-72.20064428918818
2070.960058078766,-72.20321877250403,-72.20321877250403
2070.9700580787658,-72.20578121223954,-72.20578121223954
2070.980058078766,-72.20833040515936,-72.20833040515936
2070.9900580787657,-72.210865801363,-72.210865801363
2071.000058078766,-72.21338721436815,-72.21338721436815
2071.0100580787657,-72.21589467054399,-72.21589467054399
2071.020058078766,-72.21838832085996,-72.21838832085996
2071.0300580787657,-72.22086838783385,-72.22086838783385
2071.040058078766,-72.22333513367872,-72.22333513367872
2071.0500580787657,-72.22578884114029,-72.22578884114029
2071.060058078766,-72.22822980210648,-72.22822980210648
2071.0700580787657,-72.23065831092151,-72.23065831092151
2071.080058078766,-72.23307466053136,-72.23307466053136
2071.0900580787657,-72.2354791403708,-72.2354791403708
2071.100058078766,-72.23787203532778,-72.23787203532778
2071.110058078766,-72.24025362532728,-72.24025362532728
2071.120058078766,-72.24262418523489,-72.24262418523489
2071.130058078766,-72.24498398500863,-72.24498398500863
2071.140058078766,-72.24733328993675,-72.24733328993675
2071.150058078766,-72.24967236091854,-72.24967236091854
2071.160058078766,-72.2520014547553,-72.2520014547553
2071.170058078766,-72.2543208244107,-72.2543208244107
2071.180058078766,-72.25663071927319,-72.25663071927319
2071.190058078766,-72.25893138538976,-72.25893138538976
2071.200058078766,-72.2612230656337,-72.2612230656337
2071.210058078766,-72.26350599989775,-72.26350599989775
2071.2200580787658,-72.26578042524045,-72.26578042524045
2071.230058078766,-72.26804657597664,-72.26804657597664
2071.2400580787657,-72.2703046838262,-72.2703046838262
2071.250058078766,-72.27255497794896,-72.27255497794896
2071.2600580787657,-72.27479768505667,-72.27479768505667
2071.270058078766,-72.277033029443,-72.277033029443
2071.2800580787657,-72.27926123302603,-72.27926123302603
2071.290058078766,-72.2814825154117,-72.2814825154117
2071.3000580787657,-72.2836970938926,-72.2836970938926
2071.310058078766,-72.28590518348705,-72.28590518348705
2071.3200580787657,-72.28810699695615,-72.28810699695615
2071.330058078766,-72.29030274481032,-72.29030274481032
2071.3400580787657,-72.2924926353191,-72.2924926353191
2071.350058078766,-72.29467687453223,-72.29467687453223
2071.360058078766,-72.29685566625766,-72.29685566625766
2071.370058078766,-72.29902921210184,-72.29902921210184
2071.380058078766,-72.30119771141725,-72.30119771141725
2071.390058078766,-72.30336136137518,-72.30336136137518
2071.400058078766,-72.3055203568948,-72.3055203568948
2071.410058078766,-72.30767489070344,-72.30767489070344
2071.420058078766,-72.30982515328714,-72.30982515328714
2071.430058078766,-72.31197133292444,-72.31197133292444
2071.440058078766,-72.31411361567439,-72.31411361567439
2071.4500581026077,-72.31625219047805,-72.31625219047805
2071.460058102608,-72.31838092341205,-72.31838092341205
2071.4700581026077,-72.32049723811299,-72.32049723811299
2071.480058102608,-72.32259996795936,-72.32259996795936
2071.4900581026077,-72.32468860020411,-72.32468860020411
2071.500058102608,-72.32676298555862,-72.32676298555862
2071.5100581026077,-72.32882318730748,-72.32882318730748
2071.520058102608,-72.33086939284587,-72.33086939284587
2071.5300581026077,-72.3329018605465,-72.3329018605465
2071.540058102608,-72.33492088777619,-72.33492088777619
2071.5500581026076,-72.33692679170748,-72.33692679170748
2071.560058102608,-72.33891989788835,-72.33891989788835
2071.5700581026076,-72.3409005335188,-72.3409005335188
2071.580058102608,-72.34286902359597,-72.34286902359597
2071.5900581026076,-72.34482568880387,-72.34482568880387
2071.600058102608,-72.34677084445755,-72.34677084445755
2071.6100581026076,-72.34870480008581,-72.34870480008581
2071.620058102608,-72.35062785936371,-72.35062785936371
2071.6300581026076,-72.35254032027098,-72.35254032027098
2071.640058102608,-72.35444247531403,-72.35444247531403
2071.6500581026075,-72.35633461186511,-72.35633461186511
2071.6600581026078,-72.35821701239574,-72.35821701239574
2071.6700581026075,-72.3600899548393,-72.3600899548393
2071.6800581026077,-72.36195371279297,-72.36195371279297
2071.6900581026075,-72.36380855580896,-72.36380855580896
2071.7000581026077,-72.36565474956961,-72.36565474956961
2071.710058102608,-72.36749255609023,-72.36749255609023
2071.7200581026077,-72.36932223388264,-72.36932223388264
2071.730058102608,-72.37114403807833,-72.37114403807833
2071.7400581026077,-72.37295822057672,-72.37295822057672
2071.750058102608,-72.37476503009735,-72.37476503009735
2071.7600581026077,-72.37656471229923,-72.37656471229923
2071.770058102608,-72.37835750985519,-72.37835750985519
2071.7800581026077,-72.38014366249799,-72.38014366249799
2071.790058102608,-72.38192340707849,-72.38192340707849
2071.8000581026076,-72.38369697761122,-72.38369697761122
2071.810058102608,-72.38546460531273,-72.38546460531273
2071.8200581026076,-72.38722651862102,-72.38722651862102
2071.830058102608,-72.388982943247,-72.388982943247
2071.8400581026076,-72.39073410217816,-72.39073410217816
2071.850058102608,-72.39248021570887,-72.39248021570887
2071.8600581026076,-72.39422150145852,-72.39422150145852
2071.870058102608,-72.39595817438182,-72.39595817438182
2071.8800581026076,-72.39769044678636,-72.39769044678636
2071.890058102608,-72.39941852834558,-72.39941852834558
2071.9000581026075,-72.40114262613123,-72.40114262613123
2071.9100581026078,-72.40286294458599,-72.40286294458599
2071.9200581026075,-72.40457968556605,-72.40457968556605
2071.9300581026077,-72.40629304834638,-72.40629304834638
2071.9400581026075,-72.40800322962815,-72.40800322962815
2071.9500581026077,-72.40971042354909,-72.40971042354909
2071.960058102608,-72.41141482169748,-72.41141482169748
2071.9700581026077,-72.41311661313215,-72.41311661313215
2071.980058102608,-72.41481598436498,-72.41481598436498
2071.9900581026077,-72.41651311941985,-72.41651311941985
2072.000058102608,-72.41820819980494,-72.41820819980494
2072.0100581026077,-72.41990140453429,-72.41990140453429
2072.020058102608,-72.4215929101583,-72.4215929101583
2072.0300581026077,-72.42328289076002,-72.42328289076002
2072.040058102608,-72.42497151798126,-72.42497151798126
2072.0500581026076,-72.4266589610199,-72.4266589610199
2072.060058102608,-72.42834538666038,-72.42834538666038
2072.0700581026076,-72.43003095928069,-72.43003095928069
2072.080058102608,-72.43171584088383,-72.43171584088383
2072.0900581026076,-72.43340019108665,-72.43340019108665
2072.100058102608,-72.43508416715612,-72.43508416715612
2072.1100581026076,-72.43676792401261,-72.43676792401261
2072.120058102608,-72.43845161427217,-72.43845161427217
2072.1300581026076,-72.44013538823339,-72.44013538823339
2072.140058102608,-72.4418193939138,-72.4418193939138
2072.1500581026075,-72.44350377705865,-72.44350377705865
2072.1600581026078,-72.44518868116542,-72.44518868116542
2072.1700581026075,-72.44687424750205,-72.44687424750205
2072.1800581026077,-72.4485606151204,-72.4485606151204
2072.1900581026075,-72.45024792087939,-72.45024792087939
2072.2000581026077,-72.45193629946597,-72.45193629946597
2072.210058102608,-72.45361956765939,-72.45361956765939
2072.2200581026077,-72.45529509134163,-72.45529509134163
2072.230058102608,-72.45696165399282,-72.45696165399282
2072.2400581026077,-72.45861869425559,-72.45861869425559
2072.250058102608,-72.46026601495218,-72.46026601495218
2072.2600581026077,-72.46190363195458,-72.46190363195458
2072.270058102608,-72.4635316855458,-72.4635316855458
2072.2800581026077,-72.46515038721807,-72.46515038721807
2072.290058102608,-72.46675998761641,-72.46675998761641
2072.3000581264496,-72.46836076117344,-72.46836076117344
2072.31005812645,-72.46995297936947,-72.46995297936947
2072.3200581264496,-72.47153692699328,-72.47153692699328
2072.33005812645,-72.47311288293243,-72.47311288293243
2072.3400581264495,-72.47468112194474,-72.47468112194474
2072.3500581264498,-72.47624191360656,-72.47624191360656
2072.3600581264495,-72.4777955219223,-72.4777955219223
2072.3700581264497,-72.47934220525458,-72.47934220525458
2072.3800581264495,-72.48088221649898,-72.48088221649898
2072.3900581264497,-72.48241580333746,-72.48241580333746
2072.4000581264495,-72.48394320855725,-72.48394320855725
2072.4100581264497,-72.48546467035013,-72.48546467035013
2072.4200581264495,-72.48698042261267,-72.48698042261267
2072.4300581264497,-72.48849069523902,-72.48849069523902
2072.4400581264495,-72.48999571435463,-72.48999571435463
2072.4500581264497,-72.49149570253998,-72.49149570253998
2072.4600581264494,-72.4929908790276,-72.4929908790276
2072.4700581264497,-72.49448145987853,-72.49448145987853
2072.4800581264494,-72.49596765810921,-72.49596765810921
2072.4900581264496,-72.49744968383182,-72.49744968383182
2072.5000581264494,-72.49892774434666,-72.49892774434666
2072.5100581264496,-72.50040204424688,-72.50040204424688
2072.5200581264494,-72.5018727854819,-72.5018727854819
2072.5300581264496,-72.50334016743173,-72.50334016743173
2072.5400581264494,-72.50480438697068,-72.50480438697068
2072.5500581264496,-72.50626563848569,-72.50626563848569
2072.56005812645,-72.50772411396291,-72.50772411396291
2072.5700581264496,-72.50918000296771,-72.50918000296771
2072.58005812645,-72.51063349272022,-72.51063349272022
2072.5900581264495,-72.5120847680984,-72.5120847680984
2072.6000581264498,-72.51353401166803,-72.51353401166803
2072.6100581264495,-72.51498140370357,-72.51498140370357
2072.6200581264497,-72.51642712218514,-72.51642712218514
2072.6300581264495,-72.51787134285435,-72.51787134285435
2072.6400581264497,-72.51931423919316,-72.51931423919316
2072.6500581264495,-72.52075598244942,-72.52075598244942
2072.6600581264497,-72.52219674164401,-72.52219674164401
2072.6700581264495,-72.5236366835998,-72.5236366835998
2072.6800581264497,-72.52507597292934,-72.52507597292934
2072.6900581264495,-72.52651477205474,-72.52651477205474
2072.7000581264497,-72.52795324122752,-72.52795324122752
2072.7100581264494,-72.52938521692185,-72.52938521692185
2072.7200581264497,-72.53080808859693,-72.53080808859693
2072.7300581264494,-72.53222066476081,-72.53222066476081
2072.7400581264496,-72.53362240969533,-72.53362240969533
2072.7500581264494,-72.53501315218439,-72.53501315218439
2072.7600581264496,-72.53639293418061,-72.53639293418061
2072.7700581264494,-72.53776192208782,-72.53776192208782
2072.7800581264496,-72.53912035346757,-72.53912035346757
2072.7900581264494,-72.54046850496185,-72.54046850496185
2072.8000581264496,-72.54180667305116,-72.54180667305116
2072.81005812645,-72.54313516262607,-72.54313516262607
2072.8200581264496,-72.54445428023205,-72.54445428023205
2072.83005812645,-72.5457643301978,-72.5457643301978
2072.8400581264495,-72.54706561256968,-72.54706561256968
2072.8500581264498,-72.54835842203617,-72.54835842203617
2072.8600581264495,-72.5496430475307,-72.5496430475307
2072.8700581264497,-72.5509197721847,-72.5509197721847
2072.8800581264495,-72.55218887346925,-72.55218887346925
2072.8900581264497,-72.55345062345322,-72.55345062345322
2072.9000581264495,-72.55470528912026,-72.55470528912026
2072.9100581264497,-72.55595313266932,-72.55595313266932
2072.9200581264495,-72.55719441180287,-72.55719441180287
2072.9300581264497,-72.55842938001851,-72.55842938001851
2072.9400581264495,-72.55965828684414,-72.55965828684414
2072.9500581264497,-72.56088137806005,-72.56088137806005
2072.9600581264494,-72.56209257211766,-72.56209257211766
2072.9700581264497,-72.5632893409513,-72.5632893409513
2072.9800581264494,-72.56447057511208,-72.56447057511208
2072.9900581264496,-72.56563582023891,-72.56563582023891
2073.0000581264494,-72.56678498572475,-72.56678498572475
2073.0100581264496,-72.56791819340053,-72.56791819340053
2073.0200581264494,-72.5690356888565,-72.5690356888565
2073.0300581264496,-72.57013778813965,-72.57013778813965
2073.0400581264494,-72.57122484572406,-72.57122484572406
2073.0500581264496,-72.57229723533202,-72.57229723533202
2073.06005812645,-72.57335533844605,-72.57335533844605
2073.0700581264496,-72.57439953760952,-72.57439953760952
2073.08005812645,-72.57543021260189,-72.57543021260189
2073.0900581264495,-72.57644773832291,-72.57644773832291
2073.1000581264498,-72.57745248378453,-72.57745248378453
2073.1100581264495,-72.57844481168395,-72.57844481168395
2073.1200581264497,-72.57942507834402,-72.57942507834402
2073.1300581264495,-72.58039363390226,-72.58039363390226
2073.1400581264497,-72.5813508225374,-72.5813508225374
2073.1500581502914,-72.58229698504276,-72.58229698504276
2073.1600581502917,-72.5832324500796,-72.5832324500796
2073.1700581502914,-72.58415754809528,-72.58415754809528
2073.1800581502916,-72.58507260246512,-72.58507260246512
2073.1900581502914,-72.58597793203477,-72.58597793203477
2073.2000581502916,-72.58687385132946,-72.58687385132946
2073.2100581502914,-72.58775434579651,-72.58775434579651
2073.2200581502916,-72.58861695520794,-72.58861695520794
2073.2300581502914,-72.5894606378535,-72.5894606378535
2073.2400581502916,-72.59028500673463,-72.59028500673463
2073.2500581502914,-72.59109003813016,-72.59109003813016
2073.2600581502916,-72.59187592018354,-72.59187592018354
2073.2700581502913,-72.59264296421817,-72.59264296421817
2073.2800581502916,-72.59339155139706,-72.59339155139706
2073.2900581502913,-72.59412210068552,-72.59412210068552
2073.3000581502915,-72.59483504961169,-72.59483504961169
2073.3100581502913,-72.59553084283343,-72.59553084283343
2073.3200581502915,-72.59620992540637,-72.59620992540637
2073.3300581502913,-72.59687273895449,-72.59687273895449
2073.3400581502915,-72.59751971956479,-72.59751971956479
2073.3500581502913,-72.59815129676262,-72.59815129676262
2073.3600581502915,-72.59876789306963,-72.59876789306963
2073.3700581502912,-72.59936992400554,-72.59936992400554
2073.3800581502915,-72.59995779819565,-72.59995779819565
2073.390058150291,-72.60053191765928,-72.60053191765928
2073.4000581502914,-72.60109267811048,-72.60109267811048
2073.4100581502917,-72.60164046925416,-72.60164046925416
2073.4200581502914,-72.60217567508359,-72.60217567508359
2073.4300581502916,-72.60269867413714,-72.60269867413714
2073.4400581502914,-72.60320983978009,-72.60320983978009
2073.4500581502916,-72.60370954038487,-72.60370954038487
2073.4600581502914,-72.60419813953693,-72.60419813953693
2073.4700581502916,-72.60467599617878,-72.60467599617878
2073.4800581502914,-72.60514346478045,-72.60514346478045
2073.4900581502916,-72.60560089541661,-72.60560089541661
2073.5000581502914,-72.60604863391384,-72.60604863391384
2073.5100581502916,-72.60648702189845,-72.60648702189845
2073.5200581502913,-72.60691639689851,-72.60691639689851
2073.5300581502916,-72.60733709238659,-72.60733709238659
2073.5400581502913,-72.60774943784895,-72.60774943784895
2073.5500581502915,-72.60815375882576,-72.60815375882576
2073.5600581502913,-72.60855037694606,-72.60855037694606
2073.5700581502915,-72.6089396099617,-72.6089396099617
2073.5800581502913,-72.60932177178586,-72.60932177178586
2073.5900581502915,-72.60969717251942,-72.60969717251942
2073.6000581502913,-72.61006611846076,-72.61006611846076
2073.6100581502915,-72.61042891215786,-72.61042891215786
2073.6200581502912,-72.6107858523884,-72.6107858523884
2073.6300581502915,-72.6111372342015,-72.6111372342015
2073.640058150291,-72.6114833489354,-72.6114833489354
2073.6500581502914,-72.6118244842434,-72.6118244842434
2073.6600581502917,-72.61216092408229,-72.61216092408229
2073.6700581502914,-72.61249294876151,-72.61249294876151
2073.6800581502916,-72.61282083493833,-72.61282083493833
2073.6900581502914,-72.61314485563254,-72.61314485563254
2073.7000581502916,-72.61346528027038,-72.61346528027038
2073.7100581502914,-72.61378237467366,-72.61378237467366
2073.7200581502916,-72.61409640110044,-72.61409640110044
2073.7300581502914,-72.61440761823806,-72.61440761823806
2073.7400581502916,-72.61471628123891,-72.61471628123891
2073.7500581502914,-72.61502264174375,-72.61502264174375
2073.7600581502916,-72.61532694789089,-72.61532694789089
2073.7700581502913,-72.61562944433659,-72.61562944433659
2073.7800581502916,-72.61593037229322,-72.61593037229322
2073.7900581502913,-72.61622996953271,-72.61622996953271
2073.8000581502915,-72.61652847041081,-72.61652847041081
2073.8100581502913,-72.61682610589746,-72.61682610589746
2073.8200581502915,-72.61712310359813,-72.61712310359813
2073.8300581502913,-72.6174196877685,-72.6174196877685
2073.8400581502915,-72.61771607936316,-72.61771607936316
2073.8500581502913,-72.61801249602298,-72.61801249602298
2073.8600581502915,-72.61830915214573,-72.61830915214573
2073.8700581502912,-72.61860625886592,-72.61860625886592
2073.8800581502915,-72.61890402412168,-72.61890402412168
2073.890058150291,-72.61920265264195,-72.61920265264195
2073.9000581502914,-72.61950234601011,-72.61950234601011
2073.9100581502917,-72.6198033026714,-72.6198033026714
2073.9200581502914,-72.62010571797309,-72.62010571797309
2073.9300581502916,-72.62040978416489,-72.62040978416489
2073.9400581502914,-72.62071569046297,-72.62071569046297
2073.9500581502916,-72.62102362304455,-72.62102362304455
2073.9600581502914,-72.62133376511413,-72.62133376511413
2073.9700581502916,-72.6216462968992,-72.6216462968992
2073.9800581502914,-72.62196139569497,-72.62196139569497
2073.9900581502916,-72.62227923589212,-72.62227923589212
2074.0000581741333,-72.62259998975735,-72.62259998975735
2074.0100581741335,-72.6229238244531,-72.6229238244531
2074.0200581741333,-72.6232509065742,-72.6232509065742
2074.0300581741335,-72.62358139916799,-72.62358139916799
2074.0400581741333,-72.62391546254364,-72.62391546254364
2074.0500581741335,-72.62425325427238,-72.62425325427238
2074.0600581741332,-72.62459492922919,-72.62459492922919
2074.0700581741335,-72.62494063960766,-72.62494063960766
2074.0800581741332,-72.62529053497978,-72.62529053497978
2074.0900581741334,-72.62564476229257,-72.62564476229257
2074.100058174133,-72.62600346591802,-72.62600346591802
2074.1100581741334,-72.62636678767781,-72.62636678767781
2074.120058174133,-72.62673486687146,-72.62673486687146
2074.1300581741334,-72.62710784031594,-72.62710784031594
2074.140058174133,-72.62748584234764,-72.62748584234764
2074.1500581741334,-72.6278690048779,-72.6278690048779
2074.160058174133,-72.6282574574216,-72.6282574574216
2074.1700581741334,-72.62865132710932,-72.62865132710932
2074.180058174133,-72.62905073872842,-72.62905073872842
2074.1900581741334,-72.62945581475415,-72.62945581475415
2074.200058174133,-72.62986667536097,-72.62986667536097
2074.2100581741333,-72.63028343847164,-72.63028343847164
2074.220058174133,-72.63070621977425,-72.63070621977425
2074.2300581741333,-72.63113513275302,-72.63113513275302
2074.240058174133,-72.63157028872493,-72.63157028872493
2074.2500581741333,-72.63201179684242,-72.63201179684242
2074.2600581741335,-72.63245976414684,-72.63245976414684
2074.2700581741333,-72.63291429558781,-72.63291429558781
2074.2800581741335,-72.6333754940352,-72.6333754940352
2074.2900581741333,-72.63384346033897,-72.63384346033897
2074.3000581741335,-72.63431829332478,-72.63431829332478
2074.3100581741332,-72.6348000898337,-72.6348000898337
2074.3200581741335,-72.6352889447421,-72.6352889447421
2074.3300581741332,-72.63578495100327,-72.63578495100327
2074.3400581741334,-72.63628819965516,-72.63628819965516
2074.350058174133,-72.6367987798558,-72.6367987798558
2074.3600581741334,-72.63731677889787,-72.63731677889787
2074.370058174133,-72.6378422822569,-72.6378422822569
2074.3800581741334,-72.63837537358958,-72.63837537358958
2074.390058174133,-72.6389161347719,-72.6389161347719
2074.4000581741334,-72.63946464592881,-72.63946464592881
2074.410058174133,-72.64002098543945,-72.64002098543945
2074.4200581741334,-72.64058522998093,-72.64058522998093
2074.430058174133,-72.64115745454433,-72.64115745454433
2074.4400581741334,-72.64173773244644,-72.64173773244644
2074.450058174133,-72.64232613538371,-72.64232613538371
2074.4600581741333,-72.64291640471048,-72.64291640471048
2074.470058174133,-72.64350584174525,-72.64350584174525
2074.4800581741333,-72.64409316971059,-72.64409316971059
2074.490058174133,-72.6446777691936,-72.6446777691936
2074.5000581741333,-72.64525938633436,-72.64525938633436
2074.5100581741335,-72.64583798123938,-72.64583798123938
2074.5200581741333,-72.6464136391042,-72.6464136391042
2074.5300581741335,-72.64698651679116,-72.64698651679116
2074.5400581741333,-72.64755681071789,-72.64755681071789
2074.5500581741335,-72.64812473759258,-72.64812473759258
2074.5600581741332,-72.64869052294851,-72.64869052294851
2074.5700581741335,-72.64925439440785,-72.64925439440785
2074.5800581741332,-72.64981657784932,-72.64981657784932
2074.5900581741334,-72.65037729531326,-72.65037729531326
2074.600058174133,-72.65093676397385,-72.65093676397385
2074.6100581741334,-72.65149519574496,-72.65149519574496
2074.620058174133,-72.65205279724614,-72.65205279724614
2074.6300581741334,-72.65260976997772,-72.65260976997772
2074.640058174133,-72.65316631059315,-72.65316631059315
2074.6500581741334,-72.65372261121703,-72.65372261121703
2074.660058174133,-72.65427885976875,-72.65427885976875
2074.6700581741334,-72.6548352402677,-72.6548352402677
2074.680058174133,-72.65539193311436,-72.65539193311436
2074.6900581741334,-72.65594911536806,-72.65594911536806
2074.700058174133,-72.65650696095265,-72.65650696095265
2074.7100581741333,-72.65706564085558,-72.65706564085558
2074.720058174133,-72.65762532331073,-72.65762532331073
2074.7300581741333,-72.65818617395622,-72.65818617395622
2074.740058174133,-72.6587483559261,-72.6587483559261
2074.7500581741333,-72.65931202998219,-72.65931202998219
2074.7600581741335,-72.6598773546297,-72.6598773546297
2074.7700581741333,-72.66044448615067,-72.66044448615067
2074.7800581741335,-72.66101357869094,-72.66101357869094
2074.7900581741333,-72.66158478432001,-72.66158478432001
2074.8000581741335,-72.6621582530664,-72.6621582530664
2074.8100581741332,-72.66273413298075,-72.66273413298075
2074.8200581741335,-72.66331257013724,-72.66331257013724
2074.8300581741332,-72.66389370869217,-72.66389370869217
2074.8400581741334,-72.6644776908899,-72.6644776908899
2074.850058197975,-72.66506465848921,-72.66506465848921
2074.8600581979754,-72.66565474719435,-72.66565474719435
2074.870058197975,-72.66624809502612,-72.66624809502612
2074.8800581979754,-72.66684483679349,-72.66684483679349
2074.890058197975,-72.66744510546505,-72.66744510546505
2074.9000581979753,-72.66804903220205,-72.66804903220205
2074.910058197975,-72.66865674635625,-72.66865674635625
2074.9200581979753,-72.66926837547646,-72.66926837547646
2074.930058197975,-72.66988404532222,-72.66988404532222
2074.9400581979753,-72.67050387987594,-72.67050387987594
2074.950058197975,-72.67112800133769,-72.67112800133769
2074.9600581979753,-72.67175653014782,-72.67175653014782
2074.970058197975,-72.67238958498068,-72.67238958498068
2074.9800581979753,-72.67302728275943,-72.67302728275943
2074.990058197975,-72.67366973865774,-72.67366973865774
2075.0000581979752,-72.67431706611043,-72.67431706611043
2075.010058197975,-72.6749693768321,-72.6749693768321
2075.0200581979752,-72.67562678080546,-72.67562678080546
2075.030058197975,-72.67628938629903,-72.67628938629903
2075.040058197975,-72.67695729986232,-72.67695729986232
2075.050058197975,-72.67763062637063,-72.67763062637063
2075.060058197975,-72.67830946899407,-72.67830946899407
2075.070058197975,-72.67899392923776,-72.67899392923776
2075.080058197975,-72.67968410691157,-72.67968410691157
2075.090058197975,-72.68038010018543,-72.68038010018543
2075.100058197975,-72.68108200557832,-72.68108200557832
2075.1100581979754,-72.6817899179619,-72.6817899179619
2075.120058197975,-72.68250393057765,-72.68250393057765
2075.1300581979754,-72.68322413505105,-72.68322413505105
2075.140058197975,-72.68395062140463,-72.68395062140463
2075.1500581979753,-72.68468347805683,-72.68468347805683
2075.160058197975,-72.68542279184905,-72.68542279184905
2075.1700581979753,-72.68616864805033,-72.68616864805033
2075.180058197975,-72.68692113036902,-72.68692113036902
2075.1900581979753,-72.68768032096031,-72.68768032096031
2075.200058197975,-72.68844630045501,-72.68844630045501
2075.2100581979753,-72.68921281458164,-72.68921281458164
2075.220058197975,-72.68997717141836,-72.68997717141836
2075.2300581979753,-72.69073810197344,-72.69073810197344
2075.240058197975,-72.69149499510823,-72.69149499510823
2075.2500581979752,-72.69224760553386,-72.69224760553386
2075.260058197975,-72.69299590213285,-72.69299590213285
2075.2700581979752,-72.6937399790154,-72.6937399790154
2075.280058197975,-72.69448000207049,-72.69448000207049
2075.290058197975,-72.69521617681953,-72.69521617681953
2075.300058197975,-72.69594872914338,-72.69594872914338
2075.310058197975,-72.69667789377947,-72.69667789377947
2075.320058197975,-72.69740390760916,-72.69740390760916
2075.330058197975,-72.69812700579479,-72.69812700579479
2075.340058197975,-72.69884741967775,-72.69884741967775
2075.350058197975,-72.6995653757462,-72.6995653757462
2075.3600581979754,-72.70028109523945,-72.70028109523945
2075.370058197975,-72.70099479411883,-72.70099479411883
2075.3800581979754,-72.70170668319108,-72.70170668319108
2075.390058197975,-72.70241696844978,-72.70241696844978
2075.4000581979753,-72.7031258513064,-72.7031258513064
2075.410058197975,-72.70383352897734,-72.70383352897734
2075.4200581979753,-72.7045401947335,-72.7045401947335
2075.430058197975,-72.70524603822587,-72.70524603822587
2075.4400581979753,-72.70595124570825,-72.70595124570825
2075.450058197975,-72.70665600028009,-72.70665600028009
2075.4600581979753,-72.70736048207515,-72.70736048207515
2075.470058197975,-72.7080648684175,-72.7080648684175
2075.4800581979753,-72.70876933398604,-72.70876933398604
2075.490058197975,-72.70947405093438,-72.70947405093438
2075.5000581979752,-72.71017918899064,-72.71017918899064
2075.510058197975,-72.71088491555086,-72.71088491555086
2075.5200581979752,-72.71159139575438,-72.71159139575438
2075.530058197975,-72.7122987925539,-72.7122987925539
2075.540058197975,-72.71300726675273,-72.71300726675273
2075.550058197975,-72.71371697707197,-72.71371697707197
2075.560058197975,-72.7144280801641,-72.7144280801641
2075.570058197975,-72.71514073067867,-72.71514073067867
2075.580058197975,-72.71585508125955,-72.71585508125955
2075.590058197975,-72.71657128257795,-72.71657128257795
2075.600058197975,-72.71728948336026,-72.71728948336026
2075.6100581979754,-72.71800983038803,-72.71800983038803
2075.620058197975,-72.71873246853762,-72.71873246853762
2075.6300581979754,-72.71945754076408,-72.71945754076408
2075.640058197975,-72.72018518813043,-72.72018518813043
2075.6500581979753,-72.72091554980682,-72.72091554980682
2075.660058197975,-72.72164876309435,-72.72164876309435
2075.6700581979753,-72.72238496341895,-72.72238496341895
2075.680058197975,-72.72312428434448,-72.72312428434448
2075.6900581979753,-72.72386685756697,-72.72386685756697
2075.700058221817,-72.72461281473512,-72.72461281473512
2075.7100582218172,-72.72536228033269,-72.72536228033269
2075.720058221817,-72.72611538228874,-72.72611538228874
2075.730058221817,-72.72687224497224,-72.72687224497224
2075.740058221817,-72.7276329909197,-72.7276329909197
2075.750058221817,-72.7283977408533,-72.7283977408533
2075.760058221817,-72.72916661368916,-72.72916661368916
2075.770058221817,-72.72993972655622,-72.72993972655622
2075.780058221817,-72.73071719478637,-72.73071719478637
2075.790058221817,-72.73149913193178,-72.73149913193178
2075.800058221817,-72.7322856497765,-72.7322856497765
2075.810058221817,-72.7330768583347,-72.7330768583347
2075.820058221817,-72.73387286587756,-72.73387286587756
2075.830058221817,-72.73467377892982,-72.73467377892982
2075.840058221817,-72.73547970227864,-72.73547970227864
2075.850058221817,-72.7362907389913,-72.7362907389913
2075.860058221817,-72.73710699043446,-72.73710699043446
2075.870058221817,-72.73792855625321,-72.73792855625321
2075.880058221817,-72.73875553441962,-72.73875553441962
2075.890058221817,-72.73958802121082,-72.73958802121082
2075.900058221817,-72.74042611126443,-72.74042611126443
2075.910058221817,-72.74126989754272,-72.74126989754272
2075.920058221817,-72.7421194713812,-72.7421194713812
2075.930058221817,-72.74297492247051,-72.74297492247051
2075.940058221817,-72.74383633890267,-72.74383633890267
2075.950058221817,-72.7447038071572,-72.7447038071572
2075.9600582218172,-72.74557741212566,-72.74557741212566
2075.970058221817,-72.74645723713769,-72.74645723713769
2075.980058221817,-72.74734336394044,-72.74734336394044
2075.990058221817,-72.74823587273913,-72.74823587273913
2076.000058221817,-72.74913484221885,-72.74913484221885
2076.010058221817,-72.75004034953238,-72.75004034953238
2076.020058221817,-72.75095247032972,-72.75095247032972
2076.030058221817,-72.75187127877837,-72.75187127877837
2076.040058221817,-72.75279684755593,-72.75279684755593
2076.050058221817,-72.75372924788546,-72.75372924788546
2076.060058221817,-72.75466854953854,-72.75466854953854
2076.070058221817,-72.7556148208689,-72.7556148208689
2076.080058221817,-72.75656812879414,-72.75656812879414
2076.090058221817,-72.75752853884353,-72.75752853884353
2076.100058221817,-72.75849611515264,-72.75849611515264
2076.110058221817,-72.75947092048713,-72.75947092048713
2076.120058221817,-72.76045301625338,-72.76045301625338
2076.130058221817,-72.7614424625205,-72.7614424625205
2076.140058221817,-72.76243931801869,-72.76243931801869
2076.150058221817,-72.76344364017285,-72.76344364017285
2076.160058221817,-72.76445548511013,-72.76445548511013
2076.170058221817,-72.76547490767899,-72.76547490767899
2076.180058221817,-72.76650196145215,-72.76650196145215
2076.190058221817,-72.76753669876034,-72.76753669876034
2076.200058221817,-72.76857917068381,-72.76857917068381
2076.2100582218172,-72.76962942709352,-72.76962942709352
2076.220058221817,-72.77068751664639,-72.77068751664639
2076.230058221817,-72.77175348679543,-72.77175348679543
2076.240058221817,-72.77282738383084,-72.77282738383084
2076.250058221817,-72.77390925286764,-72.77390925286764
2076.260058221817,-72.7749991378857,-72.7749991378857
2076.270058221817,-72.77609708171288,-72.77609708171288
2076.280058221817,-72.77720312606343,-72.77720312606343
2076.290058221817,-72.7783173115465,-72.7783173115465
2076.300058221817,-72.77943967768766,-72.77943967768766
2076.310058221817,-72.78057026291351,-72.78057026291351
2076.320058221817,-72.7817091046026,-72.7817091046026
2076.330058221817,-72.78285623908148,-72.78285623908148
2076.340058221817,-72.78401170163902,-72.78401170163902
2076.350058221817,-72.78517552653896,-72.78517552653896
2076.360058221817,-72.78634774704061,-72.78634774704061
2076.370058221817,-72.7875283954045,-72.7875283954045
2076.380058221817,-72.78871750291925,-72.78871750291925
2076.390058221817,-72.78991509988158,-72.78991509988158
2076.400058221817,-72.79112121566344,-72.79112121566344
2076.410058221817,-72.79233587867456,-72.79233587867456
2076.420058221817,-72.79355911639877,-72.79355911639877
2076.430058221817,-72.7947909554072,-72.7947909554072
2076.440058221817,-72.79603142137405,-72.79603142137405
2076.450058221817,-72.79728053906543,-72.79728053906543
2076.4600582218172,-72.7985383323766,-72.7985383323766
2076.470058221817,-72.79980482435185,-72.79980482435185
2076.480058221817,-72.8010800371588,-72.8010800371588
2076.490058221817,-72.80236399213872,-72.80236399213872
2076.500058221817,-72.8036567098001,-72.8036567098001
2076.510058221817,-72.80495820983457,-72.80495820983457
2076.520058221817,-72.80626851111606,-72.80626851111606
2076.530058221817,-72.80758763174973,-72.80758763174973
2076.540058221817,-72.80891558902975,-72.80891558902975
2076.550058245659,-72.81025240268069,-72.81025240268069
2076.560058245659,-72.81159808215023,-72.81159808215023
2076.570058245659,-72.81295264561012,-72.81295264561012
2076.580058245659,-72.81431610734725,-72.81431610734725
2076.590058245659,-72.81568848093539,-72.81568848093539
2076.600058245659,-72.81706977922276,-72.81706977922276
2076.610058245659,-72.81846001435339,-72.81846001435339
2076.620058245659,-72.81985919777455,-72.81985919777455
2076.630058245659,-72.82126734025599,-72.82126734025599
2076.640058245659,-72.82268445187766,-72.82268445187766
2076.650058245659,-72.82411054208171,-72.82411054208171
2076.660058245659,-72.82554561963224,-72.82554561963224
2076.6700582456588,-72.82698969266839,-72.82698969266839
2076.680058245659,-72.82844276867912,-72.82844276867912
2076.6900582456587,-72.82990485453446,-72.82990485453446
2076.700058245659,-72.83137595650491,-72.83137595650491
2076.7100582456587,-72.83285608023446,-72.83285608023446
2076.720058245659,-72.8343452307848,-72.8343452307848
2076.7300582456587,-72.8358434126304,-72.8358434126304
2076.740058245659,-72.83735062966352,-72.83735062966352
2076.7500582456587,-72.83886688521174,-72.83886688521174
2076.760058245659,-72.84039218203924,-72.84039218203924
2076.7700582456587,-72.8419265223662,-72.8419265223662
2076.780058245659,-72.8434699078595,-72.8434699078595
2076.7900582456587,-72.84502233967505,-72.84502233967505
2076.800058245659,-72.84658381841598,-72.84658381841598
2076.810058245659,-72.8481543441888,-72.8481543441888
2076.820058245659,-72.84973391658929,-72.84973391658929
2076.830058245659,-72.85132253470759,-72.85132253470759
2076.840058245659,-72.85292019713945,-72.85292019713945
2076.850058245659,-72.85452690200968,-72.85452690200968
2076.860058245659,-72.8561426469553,-72.8561426469553
2076.870058245659,-72.8577674291478,-72.8577674291478
2076.880058245659,-72.85940124529581,-72.85940124529581
2076.890058245659,-72.86104409165861,-72.86104409165861
2076.900058245659,-72.86269596405188,-72.86269596405188
2076.910058245659,-72.8643568578434,-72.8643568578434
2076.9200582456588,-72.86602676797837,-72.86602676797837
2076.930058245659,-72.86770568897599,-72.86770568897599
2076.9400582456587,-72.86939361493097,-72.86939361493097
2076.950058245659,-72.87109053953805,-72.87109053953805
2076.9600582456587,-72.87279010317371,-72.87279010317371
2076.970058245659,-72.87448951828654,-72.87448951828654
2076.9800582456587,-72.8761874249374,-72.8761874249374
2076.990058245659,-72.87788312381771,-72.87788312381771
2077.0000582456587,-72.87957628355397,-72.87957628355397
2077.010058245659,-72.88126678865764,-72.88126678865764
2077.0200582456587,-72.88295465037243,-72.88295465037243
2077.030058245659,-72.88463995312819,-72.88463995312819
2077.0400582456587,-72.88632282230199,-72.88632282230199
2077.050058245659,-72.88800340491466,-72.88800340491466
2077.060058245659,-72.88968185808523,-72.88968185808523
2077.070058245659,-72.89135834230149,-72.89135834230149
2077.080058245659,-72.89303301750724,-72.89303301750724
2077.090058245659,-72.89470604101913,-72.89470604101913
2077.100058245659,-72.89633755743289,-72.89633755743289
2077.110058245659,-72.89792289819854,-72.89792289819854
2077.120058245659,-72.89946031116848,-72.89946031116848
2077.130058245659,-72.90094818655189,-72.90094818655189
2077.140058245659,-72.90238507243606,-72.90238507243606
2077.150058245659,-72.90376971085352,-72.90376971085352
2077.160058245659,-72.9051010126098,-72.9051010126098
2077.1700582456588,-72.90637802427027,-72.90637802427027
2077.180058245659,-72.9075999045176,-72.9075999045176
2077.1900582456587,-72.90876591007543,-72.90876591007543
2077.200058245659,-72.90987538787223,-72.90987538787223
2077.2100582456587,-72.91092141470465,-72.91092141470465
2077.220058245659,-72.91190072430139,-72.91190072430139
2077.2300582456587,-72.91281155925589,-72.91281155925589
2077.240058245659,-72.91365290100072,-72.91365290100072
2077.2500582456587,-72.91442417411795,-72.91442417411795
2077.260058245659,-72.91512509106988,-72.91512509106988
2077.2700582456587,-72.91575555974482,-72.91575555974482
2077.280058245659,-72.91631562640056,-72.91631562640056
2077.2900582456587,-72.916805439975,-72.916805439975
2077.300058245659,-72.91722522919032,-72.91722522919032
2077.310058245659,-72.9175752875762,-72.9175752875762
2077.320058245659,-72.91785596330166,-72.91785596330166
2077.330058245659,-72.9180676519778,-72.9180676519778
2077.340058245659,-72.91821079136712,-72.91821079136712
2077.350058245659,-72.91828585723756,-72.91828585723756
2077.360058245659,-72.91829336003295,-72.91829336003295
2077.370058245659,-72.91823384201432,-72.91823384201432
2077.380058245659,-72.91810787476432,-72.91810787476432
2077.390058245659,-72.9179160569133,-72.9179160569133
2077.4000582695007,-72.91765901142632,-72.91765901142632
2077.410058269501,-72.91733738592976,-72.91733738592976
2077.4200582695007,-72.91695184787578,-72.91695184787578
2077.430058269501,-72.91650308444888,-72.91650308444888
2077.4400582695007,-72.91599180069153,-72.91599180069153
2077.450058269501,-72.91541871787322,-72.91541871787322
2077.4600582695007,-72.91477821765224,-72.91477821765224
2077.470058269501,-72.91406826918109,-72.91406826918109
2077.4800582695007,-72.91328828275492,-72.91328828275492
2077.490058269501,-72.91243834126232,-72.91243834126232
2077.5000582695006,-72.9115189060883,-72.9115189060883
2077.510058269501,-72.91053066375744,-72.91053066375744
2077.5200582695006,-72.90947443561679,-72.90947443561679
2077.530058269501,-72.90835112316407,-72.90835112316407
2077.5400582695006,-72.90716167480733,-72.90716167480733
2077.550058269501,-72.90590706556749,-72.90590706556749
2077.5600582695006,-72.90458828469612,-72.90458828469612
2077.570058269501,-72.90320632807368,-72.90320632807368
2077.5800582695006,-72.90176219354045,-72.90176219354045
2077.590058269501,-72.90025687808661,-72.90025687808661
2077.6000582695006,-72.89869137609831,-72.89869137609831
2077.6100582695008,-72.89706667832606,-72.89706667832606
2077.6200582695005,-72.8953837712113,-72.8953837712113
2077.6300582695008,-72.89364363650691,-72.89364363650691
2077.6400582695005,-72.89184725100787,-72.89184725100787
2077.6500582695007,-72.88999558636233,-72.88999558636233
2077.660058269501,-72.88808960892902,-72.88808960892902
2077.6700582695007,-72.88613027964864,-72.88613027964864
2077.680058269501,-72.88411855392832,-72.88411855392832
2077.6900582695007,-72.88205538149145,-72.88205538149145
2077.700058269501,-72.87994170627209,-72.87994170627209
2077.7100582695007,-72.8777721173139,-72.8777721173139
2077.720058269501,-72.87554476956514,-72.87554476956514
2077.7300582695007,-72.87325924033271,-72.87325924033271
2077.740058269501,-72.87091576232895,-72.87091576232895
2077.7500582695006,-72.86851493073556,-72.86851493073556
2077.760058269501,-72.86605755085975,-72.86605755085975
2077.7700582695006,-72.86354454872414,-72.86354454872414
2077.780058269501,-72.86097691724511,-72.86097691724511
2077.7900582695006,-72.85835568381948,-72.85835568381948
2077.800058269501,-72.85568189078067,-72.85568189078067
2077.8100582695006,-72.85295658372536,-72.85295658372536
2077.820058269501,-72.85018080459722,-72.85018080459722
2077.8300582695006,-72.8473555876931,-72.8473555876931
2077.840058269501,-72.84448195740045,-72.84448195740045
2077.8500582695006,-72.84156092708436,-72.84156092708436
2077.8600582695008,-72.83859349853034,-72.83859349853034
2077.8700582695005,-72.8355806618319,-72.8355806618319
2077.8800582695008,-72.83252339544939,-72.83252339544939
2077.8900582695005,-72.82942266640592,-72.82942266640592
2077.9000582695007,-72.82627943052242,-72.82627943052242
2077.910058269501,-72.82309463267352,-72.82309463267352
2077.9200582695007,-72.81986920702849,-72.81986920702849
2077.930058269501,-72.8166040772533,-72.8166040772533
2077.9400582695007,-72.81330015677285,-72.81330015677285
2077.950058269501,-72.80995834889879,-72.80995834889879
2077.9600582695007,-72.8065795470262,-72.8065795470262
2077.970058269501,-72.80316463474225,-72.80316463474225
2077.9800582695007,-72.79971448597352,-72.79971448597352
2077.990058269501,-72.7962299650834,-72.7962299650834
2078.0000582695006,-72.79271192695558,-72.79271192695558
2078.010058269501,-72.7891612170688,-72.7891612170688
2078.0200582695006,-72.78557867158455,-72.78557867158455
2078.030058269501,-72.78196511739543,-72.78196511739543
2078.0400582695006,-72.77832137218624,-72.77832137218624
2078.050058269501,-72.77464824448532,-72.77464824448532
2078.0600582695006,-72.77094653370908,-72.77094653370908
2078.070058269501,-72.76721703020354,-72.76721703020354
2078.0800582695006,-72.76346051529934,-72.76346051529934
2078.090058269501,-72.7596777613376,-72.7596777613376
2078.1000582695006,-72.75586953170999,-72.75586953170999
2078.1100582695008,-72.75203658092356,-72.75203658092356
2078.1200582695005,-72.7481796546128,-72.7481796546128
2078.1300582695008,-72.744299489591,-72.744299489591
2078.1400582695005,-72.7403968138965,-72.7403968138965
2078.1500582695007,-72.73647234683314,-72.73647234683314
2078.160058269501,-72.73252679899993,-72.73252679899993
2078.1700582695007,-72.7285608723639,-72.7285608723639
2078.180058269501,-72.72457526027351,-72.72457526027351
2078.1900582695007,-72.72057064753629,-72.72057064753629
2078.200058269501,-72.71654771043006,-72.71654771043006
2078.2100582695007,-72.71250711680143,-72.71250711680143
2078.220058269501,-72.70844952607102,-72.70844952607102
2078.2300582695007,-72.7043755893149,-72.7043755893149
2078.240058269501,-72.70028594930237,-72.70028594930237
2078.2500582933426,-72.69618123076665,-72.69618123076665
2078.260058293343,-72.69206207955031,-72.69206207955031
2078.2700582933426,-72.68792910414531,-72.68792910414531
2078.280058293343,-72.68378291464994,-72.68378291464994
2078.2900582933426,-72.679624113173,-72.679624113173
2078.3000582933428,-72.67545329384963,-72.67545329384963
2078.3100582933425,-72.67127104293847,-72.67127104293847
2078.3200582933428,-72.66707793885044,-72.66707793885044
2078.3300582933425,-72.66287455223002,-72.66287455223002
2078.3400582933427,-72.65866144600527,-72.65866144600527
2078.3500582933425,-72.65443917547142,-72.65443917547142
2078.3600582933427,-72.65020828833745,-72.65020828833745
2078.3700582933425,-72.64596932479401,-72.64596932479401
2078.3800582933427,-72.64172281758681,-72.64172281758681
2078.3900582933425,-72.63746929208624,-72.63746929208624
2078.4000582933427,-72.63320926633975,-72.63320926633975
2078.4100582933424,-72.6289432511478,-72.6289432511478
2078.4200582933427,-72.62467175012328,-72.62467175012328
2078.4300582933424,-72.62039525978527,-72.62039525978527
2078.4400582933426,-72.61611426957762,-72.61611426957762
2078.4500582933424,-72.61182926199817,-72.61182926199817
2078.4600582933426,-72.60754071261903,-72.60754071261903
2078.4700582933424,-72.60324909017953,-72.60324909017953
2078.4800582933426,-72.59895485664725,-72.59895485664725
2078.4900582933424,-72.59465846727693,-72.59465846727693
2078.5000582933426,-72.59036037069922,-72.59036037069922
2078.510058293343,-72.58606100897848,-72.58606100897848
2078.5200582933426,-72.58176081768072,-72.58176081768072
2078.530058293343,-72.57746022594247,-72.57746022594247
2078.5400582933426,-72.57315965653738,-72.57315965653738
2078.5500582933428,-72.5688595259505,-72.5688595259505
2078.5600582933425,-72.56456024444486,-72.56456024444486
2078.5700582933428,-72.5602622161214,-72.5602622161214
2078.5800582933425,-72.55596583899825,-72.55596583899825
2078.5900582933427,-72.55167150506831,-72.55167150506831
2078.6000582933425,-72.54737960036614,-72.54737960036614
2078.6100582933427,-72.5430905050483,-72.5430905050483
2078.6200582933425,-72.53880459344323,-72.53880459344323
2078.6300582933427,-72.53452223412272,-72.53452223412272
2078.6400582933425,-72.53024378996724,-72.53024378996724
2078.6500582933427,-72.5259696182397,-72.5259696182397
2078.6600582933424,-72.52170007064134,-72.52170007064134
2078.6700582933427,-72.51743549338273,-72.51743549338273
2078.6800582933424,-72.5131762272316,-72.5131762272316
2078.6900582933426,-72.50892260759996,-72.50892260759996
2078.7000582933424,-72.50467496458238,-72.50467496458238
2078.7100582933426,-72.50043362304729,-72.50043362304729
2078.7200582933424,-72.49619890268394,-72.49619890268394
2078.7300582933426,-72.49197111804595,-72.49197111804595
2078.7400582933424,-72.48775057865163,-72.48775057865163
2078.7500582933426,-72.48353758902323,-72.48353758902323
2078.760058293343,-72.47933244873452,-72.47933244873452
2078.7700582933426,-72.47513545250712,-72.47513545250712
2078.780058293343,-72.47094689021847,-72.47094689021847
2078.7900582933426,-72.46676704702091,-72.46676704702091
2078.8000582933428,-72.4625962033521,-72.4625962033521
2078.8100582933425,-72.45843463501446,-72.45843463501446
2078.8200582933428,-72.45428261322172,-72.45428261322172
2078.8300582933425,-72.4501404046709,-72.4501404046709
2078.8400582933427,-72.44600827159391,-72.44600827159391
2078.8500582933425,-72.44188647180057,-72.44188647180057
2078.8600582933427,-72.43777525874023,-72.43777525874023
2078.8700582933425,-72.43367488157321,-72.43367488157321
2078.8800582933427,-72.42958558518433,-72.42958558518433
2078.8900582933425,-72.42550761029983,-72.42550761029983
2078.9000582933427,-72.42144119347213,-72.42144119347213
2078.9100582933424,-72.41738656717966,-72.41738656717966
2078.9200582933427,-72.41334395985264,-72.41334395985264
2078.9300582933424,-72.40931359595164,-72.40931359595164
2078.9400582933426,-72.40529569598002,-72.40529569598002
2078.9500582933424,-72.4012904765677,-72.4012904765677
2078.9600582933426,-72.39729815051156,-72.39729815051156
2078.9700582933424,-72.39331892681547,-72.39331892681547
2078.9800582933426,-72.38935301074784,-72.38935301074784
2078.9900582933424,-72.3854006038864,-72.3854006038864
2079.0000582933426,-72.38146190417794,-72.38146190417794
2079.010058293343,-72.37753710596064,-72.37753710596064
2079.0200582933426,-72.37362640002831,-72.37362640002831
2079.030058293343,-72.36972997368122,-72.36972997368122
2079.0400582933426,-72.36584801075021,-72.36584801075021
2079.0500582933428,-72.36198069166821,-72.36198069166821
2079.0600582933425,-72.35812819350178,-72.35812819350178
2079.0700582933428,-72.35429068997911,-72.35429068997911
2079.0800582933425,-72.3504683515659,-72.3504683515659
2079.0900582933427,-72.34666134547359,-72.34666134547359
2079.1000583171844,-72.34286982671779,-72.34286982671779
2079.1100583171847,-72.33909397428282,-72.33909397428282
2079.1200583171844,-72.3353339368504,-72.3353339368504
2079.1300583171846,-72.33158986912088,-72.33158986912088
2079.1400583171844,-72.32786192276639,-72.32786192276639
2079.1500583171846,-72.32415024647509,-72.32415024647509
2079.1600583171844,-72.32045498597711,-72.32045498597711
2079.1700583171846,-72.31677628409953,-72.31677628409953
2079.1800583171844,-72.31311428079897,-72.31311428079897
2079.1900583171846,-72.30946911318999,-72.30946911318999
2079.2000583171844,-72.30584091560479,-72.30584091560479
2079.2100583171846,-72.30222352411812,-72.30222352411812
2079.2200583171843,-72.29861431470819,-72.29861431470819
2079.2300583171846,-72.29501207816533,-72.29501207816533
2079.2400583171843,-72.29141625964947,-72.29141625964947
2079.2500583171845,-72.28782666800929,-72.28782666800929
2079.2600583171843,-72.2842433246952,-72.2842433246952
2079.2700583171845,-72.28066637496957,-72.28066637496957
2079.2800583171843,-72.27709603459225,-72.27709603459225
2079.2900583171845,-72.2735325576753,-72.2735325576753
2079.3000583171843,-72.26997621744317,-72.26997621744317
2079.3100583171845,-72.2664272947317,-72.2664272947317
2079.3200583171842,-72.26288607127796,-72.26288607127796
2079.3300583171845,-72.25935282587459,-72.25935282587459
2079.3400583171842,-72.25582783228597,-72.25582783228597
2079.3500583171844,-72.25231135823226,-72.25231135823226
2079.3600583171847,-72.24880366501553,-72.24880366501553
2079.3700583171844,-72.24530500751405,-72.24530500751405
2079.3800583171846,-72.24181563434207,-72.24181563434207
2079.3900583171844,-72.23833578817097,-72.23833578817097
2079.4000583171846,-72.23486570605816,-72.23486570605816
2079.4100583171844,-72.231405619787,-72.231405619787
2079.4200583171846,-72.22795575619715,-72.22795575619715
2079.4300583171844,-72.2245163374836,-72.2245163374836
2079.4400583171846,-72.22108758148002,-72.22108758148002
2079.4500583171844,-72.21766970189854,-72.21766970189854
2079.4600583171846,-72.2142566208089,-72.2142566208089
2079.4700583171843,-72.21084579483582,-72.21084579483582
2079.4800583171846,-72.20743609282752,-72.20743609282752
2079.4900583171843,-72.20402703642988,-72.20402703642988
2079.5000583171845,-72.2006185098781,-72.2006185098781
2079.5100583171843,-72.19721060913915,-72.19721060913915
2079.5200583171845,-72.1938035533301,-72.1938035533301
2079.5300583171843,-72.19039763149455,-72.19039763149455
2079.5400583171845,-72.1869931705607,-72.1869931705607
2079.5500583171843,-72.18359051612528,-72.18359051612528
2079.5600583171845,-72.18019002099946,-72.18019002099946
2079.5700583171842,-72.1767920385324,-72.1767920385324
2079.5800583171845,-72.17339691874076,-72.17339691874076
2079.5900583171842,-72.17000500628222,-72.17000500628222
2079.6000583171844,-72.16661663939908,-72.16661663939908
2079.6100583171847,-72.16323214955423,-72.16323214955423
2079.6200583171844,-72.1598518614224,-72.1598518614224
2079.6300583171846,-72.15647609303963,-72.15647609303963
2079.6400583171844,-72.1531051561228,-72.1531051561228
2079.6500583171846,-72.14973935636523,-72.14973935636523
2079.6600583171844,-72.14637899379463,-72.14637899379463
2079.6700583171846,-72.14302436305842,-72.14302436305842
2079.6800583171844,-72.13967575375366,-72.13967575375366
2079.6900583171846,-72.1363334506636,-72.1363334506636
2079.7000583171844,-72.1329977339975,-72.1329977339975
2079.7100583171846,-72.12966887958618,-72.12966887958618
2079.7200583171843,-72.12634715908517,-72.12634715908517
2079.7300583171846,-72.12303284008732,-72.12303284008732
2079.7400583171843,-72.11972618629775,-72.11972618629775
2079.7500583171845,-72.11642745761495,-72.11642745761495
2079.7600583171843,-72.11313691024554,-72.11313691024554
2079.7700583171845,-72.10985479677859,-72.10985479677859
2079.7800583171843,-72.1065813662604,-72.1065813662604
2079.7900583171845,-72.1033168642465,-72.1033168642465
2079.8000583171843,-72.1000615328652,-72.1000615328652
2079.8100583171845,-72.09681561086516,-72.09681561086516
2079.8200583171842,-72.09357933364006,-72.09357933364006
2079.8300583171845,-72.09035293327514,-72.09035293327514
2079.8400583171842,-72.08713663857444,-72.08713663857444
2079.8500583171844,-72.08393067508487,-72.08393067508487
2079.8600583171847,-72.08073526511568,-72.08073526511568
2079.8700583171844,-72.07755062778953,-72.07755062778953
2079.8800583171846,-72.07437697900657,-72.07437697900657
2079.8900583171844,-72.07121453152976,-72.07121453152976
2079.9000583171846,-72.06806349494757,-72.06806349494757
2079.9100583171844,-72.0649240757229,-72.0649240757229
2079.9200583171846,-72.06179647720118,-72.06179647720118
2079.9300583171844,-72.05868089962328,-72.05868089962328
2079.9400583171846,-72.05557754014478,-72.05557754014478
2079.9500583410263,-72.05248658550244,-72.05248658550244
2079.9600583410265,-72.0494082414751,-72.0494082414751
2079.9700583410263,-72.0463426886635,-72.0463426886635
2079.9800583410265,-72.04329011204732,-72.04329011204732
2079.9900583410263,-72.04025069360213,-72.04025069360213
2080.0000583410265,-72.03722461231189,-72.03722461231189
2080.0100583410263,-72.03421204420272,-72.03421204420272
2080.0200583410265,-72.03121316233626,-72.03121316233626
2080.0300583410262,-72.02822813684367,-72.02822813684367
2080.0400583410265,-72.02525713495164,-72.02525713495164
2080.050058341026,-72.02230032098429,-72.02230032098429
2080.0600583410264,-72.01935785639381,-72.01935785639381
2080.070058341026,-72.01642989978008,-72.01642989978008
2080.0800583410264,-72.0135166068988,-72.0135166068988
2080.090058341026,-72.01061813070054,-72.01061813070054
2080.1000583410264,-72.00773462133454,-72.00773462133454
2080.110058341026,-72.00486622619975,-72.00486622619975
2080.1200583410264,-72.00201308992452,-72.00201308992452
2080.130058341026,-71.99917535441467,-71.99917535441467
2080.1400583410264,-71.99635315887144,-71.99635315887144
2080.150058341026,-71.9935466398205,-71.9935466398205
2080.1600583410263,-71.99075593112931,-71.99075593112931
2080.170058341026,-71.98798116402659,-71.98798116402659
2080.1800583410263,-71.98522246711893,-71.98522246711893
2080.190058341026,-71.98247996644972,-71.98247996644972
2080.2000583410263,-71.97975378547565,-71.97975378547565
2080.2100583410265,-71.97704404513016,-71.97704404513016
2080.2200583410263,-71.97435086382634,-71.97435086382634
2080.2300583410265,-71.97167435747922,-71.97167435747922
2080.2400583410263,-71.96901463955416,-71.96901463955416
2080.2500583410265,-71.96637182107139,-71.96637182107139
2080.2600583410263,-71.96374601062338,-71.96374601062338
2080.2700583410265,-71.96113731443555,-71.96113731443555
2080.2800583410262,-71.95854583634488,-71.95854583634488
2080.2900583410265,-71.95597167785844,-71.95597167785844
2080.300058341026,-71.9534149381698,-71.9534149381698
2080.3100583410264,-71.95087571419207,-71.95087571419207
2080.320058341026,-71.94835410055306,-71.94835410055306
2080.3300583410264,-71.94585018966316,-71.94585018966316
2080.340058341026,-71.9433640717098,-71.9433640717098
2080.3500583410264,-71.94089583468654,-71.94089583468654
2080.360058341026,-71.93844556443683,-71.93844556443683
2080.3700583410264,-71.9360133446587,-71.9360133446587
2080.380058341026,-71.93359925694236,-71.93359925694236
2080.3900583410264,-71.93120338078577,-71.93120338078577
2080.400058341026,-71.92882579362906,-71.92882579362906
2080.4100583410263,-71.92646657086902,-71.92646657086902
2080.420058341026,-71.92412578589929,-71.92412578589929
2080.4300583410263,-71.92180351011643,-71.92180351011643
2080.440058341026,-71.9194998129625,-71.9194998129625
2080.4500583410263,-71.91721476193499,-71.91721476193499
2080.4600583410265,-71.91494842261547,-71.91494842261547
2080.4700583410263,-71.91270085870931,-71.91270085870931
2080.4800583410265,-71.91047213203552,-71.91047213203552
2080.4900583410263,-71.9082623025854,-71.9082623025854
2080.5000583410265,-71.90607142853214,-71.90607142853214
2080.5100583410263,-71.90389956625002,-71.90389956625002
2080.5200583410265,-71.90174677033501,-71.90174677033501
2080.5300583410262,-71.89961309365101,-71.89961309365101
2080.5400583410265,-71.89749858732996,-71.89749858732996
2080.550058341026,-71.89540330080183,-71.89540330080183
2080.5600583410264,-71.89332728182123,-71.89332728182123
2080.570058341026,-71.89127057648493,-71.89127057648493
2080.5800583410264,-71.8892332292507,-71.8892332292507
2080.590058341026,-71.88721528297303,-71.88721528297303
2080.6000583410264,-71.88521677891322,-71.88521677891322
2080.610058341026,-71.88323775677596,-71.88323775677596
2080.6200583410264,-71.881278254706,-71.881278254706
2080.630058341026,-71.87933830932197,-71.87933830932197
2080.6400583410264,-71.8774179557584,-71.8774179557584
2080.650058341026,-71.8755172276519,-71.8755172276519
2080.6600583410263,-71.87363615718014,-71.87363615718014
2080.670058341026,-71.87177477508871,-71.87177477508871
2080.6800583410263,-71.86993311069659,-71.86993311069659
2080.690058341026,-71.86811119192676,-71.86811119192676
2080.7000583410263,-71.86630904531825,-71.86630904531825
2080.7100583410265,-71.86452043764876,-71.86452043764876
2080.7200583410263,-71.86274265547996,-71.86274265547996
2080.7300583410265,-71.8609743927265,-71.8609743927265
2080.7400583410263,-71.85921499472552,-71.85921499472552
2080.7500583410265,-71.85746416944173,-71.85746416944173
2080.7600583410263,-71.85572183730406,-71.85572183730406
2080.7700583410265,-71.85398804299636,-71.85398804299636
2080.7800583410262,-71.85226290254782,-71.85226290254782
2080.7900583410265,-71.85054657135463,-71.85054657135463
2080.800058364868,-71.84883922101025,-71.84883922101025
2080.8100583648684,-71.84714104419373,-71.84714104419373
2080.820058364868,-71.84545222347079,-71.84545222347079
2080.8300583648684,-71.8437729438595,-71.8437729438595
2080.840058364868,-71.84210338661939,-71.84210338661939
2080.8500583648683,-71.84044372824056,-71.84044372824056
2080.860058364868,-71.8387941400639,-71.8387941400639
2080.8700583648683,-71.83715478821668,-71.83715478821668
2080.880058364868,-71.83552583383317,-71.83552583383317
2080.8900583648683,-71.83390743329618,-71.83390743329618
2080.900058364868,-71.83229973856933,-71.83229973856933
2080.9100583648683,-71.83070289750694,-71.83070289750694
2080.920058364868,-71.82911705419814,-71.82911705419814
2080.9300583648683,-71.82754234921633,-71.82754234921633
2080.940058364868,-71.82597891989393,-71.82597891989393
2080.9500583648683,-71.8244269005632,-71.8244269005632
2080.960058364868,-71.82288642274496,-71.82288642274496
2080.9700583648682,-71.82135761531534,-71.82135761531534
2080.980058364868,-71.81984060466849,-71.81984060466849
2080.990058364868,-71.81833551483727,-71.81833551483727
2081.000058364868,-71.81684246761935,-71.81684246761935
2081.010058364868,-71.81536158263877,-71.81536158263877
2081.020058364868,-71.81389297746254,-71.81389297746254
2081.030058364868,-71.81243676763664,-71.81243676763664
2081.040058364868,-71.81099306677088,-71.81099306677088
2081.050058364868,-71.80956198656027,-71.80956198656027
2081.0600583648684,-71.80814363684668,-71.80814363684668
2081.070058364868,-71.80673812563582,-71.80673812563582
2081.0800583648684,-71.80534555914683,-71.80534555914683
2081.090058364868,-71.8039660418203,-71.8039660418203
2081.1000583648683,-71.80259967635023,-71.80259967635023
2081.110058364868,-71.8012465636884,-71.8012465636884
2081.1200583648683,-71.79990680307422,-71.79990680307422
2081.130058364868,-71.79858049205149,-71.79858049205149
2081.1400583648683,-71.79726772645873,-71.79726772645873
2081.150058364868,-71.79596860046168,-71.79596860046168
2081.1600583648683,-71.79468320654148,-71.79468320654148
2081.170058364868,-71.79341163553853,-71.79341163553853
2081.1800583648683,-71.79215397661007,-71.79215397661007
2081.190058364868,-71.79091031729064,-71.79091031729064
2081.2000583648683,-71.78968074345617,-71.78968074345617
2081.210058364868,-71.7884590871361,-71.7884590871361
2081.2200583648682,-71.7872426962086,-71.7872426962086
2081.230058364868,-71.78603032399758,-71.78603032399758
2081.240058364868,-71.7848213741559,-71.7848213741559
2081.250058364868,-71.78361561216268,-71.78361561216268
2081.260058364868,-71.78241301534776,-71.78241301534776
2081.270058364868,-71.78121368483991,-71.78121368483991
2081.280058364868,-71.78001779265053,-71.78001779265053
2081.290058364868,-71.77882554983495,-71.77882554983495
2081.300058364868,-71.7776371873231,-71.7776371873231
2081.3100583648684,-71.77645294456069,-71.77645294456069
2081.320058364868,-71.77527306282808,-71.77527306282808
2081.3300583648684,-71.77409778136675,-71.77409778136675
2081.340058364868,-71.77292733533724,-71.77292733533724
2081.3500583648683,-71.77176195475633,-71.77176195475633
2081.360058364868,-71.7706018641187,-71.7706018641187
2081.3700583648683,-71.76944728235232,-71.76944728235232
2081.380058364868,-71.76829842296912,-71.76829842296912
2081.3900583648683,-71.76715549434972,-71.76715549434972
2081.400058364868,-71.76601870004832,-71.76601870004832
2081.4100583648683,-71.76488823909413,-71.76488823909413
2081.420058364868,-71.76376430633111,-71.76376430633111
2081.4300583648683,-71.76264709265631,-71.76264709265631
2081.440058364868,-71.76153678530807,-71.76153678530807
2081.4500583648683,-71.76043356805906,-71.76043356805906
2081.460058364868,-71.75933762144622,-71.75933762144622
2081.4700583648682,-71.75824912289647,-71.75824912289647
2081.480058364868,-71.75716824691884,-71.75716824691884
2081.490058364868,-71.75609516520838,-71.75609516520838
2081.500058364868,-71.75503004674886,-71.75503004674886
2081.510058364868,-71.75397305790749,-71.75397305790749
2081.520058364868,-71.75292436252167,-71.75292436252167
2081.530058364868,-71.75188412194379,-71.75188412194379
2081.540058364868,-71.75085249512183,-71.75085249512183
2081.550058364868,-71.74982963863755,-71.74982963863755
2081.5600583648684,-71.74881570673773,-71.74881570673773
2081.570058364868,-71.7478108513769,-71.7478108513769
2081.5800583648684,-71.74681522224274,-71.74681522224274
2081.590058364868,-71.74582896679394,-71.74582896679394
2081.6000583648683,-71.74485223026244,-71.74485223026244
2081.610058364868,-71.74388515567617,-71.74388515567617
2081.6200583648683,-71.74292788389607,-71.74292788389607
2081.630058364868,-71.7419805536192,-71.7419805536192
2081.6400583648683,-71.74104330136831,-71.74104330136831
2081.65005838871,-71.74011625933554,-71.74011625933554
2081.6600583887102,-71.73919956421958,-71.73919956421958
2081.67005838871,-71.7382933439286,-71.7382933439286
2081.68005838871,-71.73739772650276,-71.73739772650276
2081.69005838871,-71.73651283787856,-71.73651283787856
2081.70005838871,-71.73563880190746,-71.73563880190746
2081.71005838871,-71.73477574035323,-71.73477574035323
2081.72005838871,-71.73392377291766,-71.73392377291766
2081.73005838871,-71.73308301724327,-71.73308301724327
2081.74005838871,-71.73225358891622,-71.73225358891622
2081.75005838871,-71.73143560149704,-71.73143560149704
2081.76005838871,-71.73062916650306,-71.73062916650306
2081.77005838871,-71.72983439344273,-71.72983439344273
2081.78005838871,-71.72905138981008,-71.72905138981008
2081.79005838871,-71.72828026110601,-71.72828026110601
2081.80005838871,-71.72752111085197,-71.72752111085197
2081.81005838871,-71.72677404060015,-71.72677404060015
2081.82005838871,-71.72603914993628,-71.72603914993628
2081.83005838871,-71.72531653650634,-71.72531653650634
2081.84005838871,-71.72460629601674,-71.72460629601674
2081.85005838871,-71.7239085222554,-71.7239085222554
2081.86005838871,-71.72322330711344,-71.72322330711344
2081.87005838871,-71.72255074057652,-71.72255074057652
2081.88005838871,-71.72189091076679,-71.72189091076679
2081.89005838871,-71.72124390393644,-71.72124390393644
2081.90005838871,-71.72060980447844,-71.72060980447844
2081.9100583887102,-71.7199886949757,-71.7199886949757
2081.92005838871,-71.71938065617545,-71.71938065617545
2081.93005838871,-71.71878576703196,-71.71878576703196
2081.94005838871,-71.71820410471355,-71.71820410471355
2081.95005838871,-71.71763574461336,-71.71763574461336
2081.96005838871,-71.71708076038173,-71.71708076038173
2081.97005838871,-71.71653922391698,-71.71653922391698
2081.98005838871,-71.71601120541483,-71.71601120541483
2081.99005838871,-71.71549677335197,-71.71549677335197
2082.00005838871,-71.7149959945272,-71.7149959945272
2082.01005838871,-71.7145089340648,-71.7145089340648
2082.02005838871,-71.71403565543838,-71.71403565543838
2082.03005838871,-71.7135762204839,-71.7135762204839
2082.04005838871,-71.71313068942608,-71.71313068942608
2082.05005838871,-71.7126991208813,-71.7126991208813
2082.06005838871,-71.71228157188665,-71.71228157188665
2082.07005838871,-71.71187809791442,-71.71187809791442
2082.08005838871,-71.7114887528896,-71.7114887528896
2082.09005838871,-71.711113589189,-71.711113589189
2082.10005838871,-71.71075265770538,-71.71075265770538
2082.11005838871,-71.71040600781505,-71.71040600781505
2082.12005838871,-71.71007368742488,-71.71007368742488
2082.13005838871,-71.70975574297422,-71.70975574297422
2082.14005838871,-71.70945221946599,-71.70945221946599
2082.15005838871,-71.70916316047241,-71.70916316047241
2082.1600583887102,-71.70888860816525,-71.70888860816525
2082.17005838871,-71.70862860332274,-71.70862860332274
2082.18005838871,-71.70838318533711,-71.70838318533711
2082.19005838871,-71.70815239226376,-71.70815239226376
2082.20005838871,-71.70793626080814,-71.70793626080814
2082.21005838871,-71.70773482636164,-71.70773482636164
2082.22005838871,-71.7075481229989,-71.7075481229989
2082.23005838871,-71.70737618351514,-71.70737618351514
2082.24005838871,-71.70721903943442,-71.70721903943442
2082.25005838871,-71.70707672102806,-71.70707672102806
2082.26005838871,-71.70694925732528,-71.70694925732528
2082.27005838871,-71.70683667613986,-71.70683667613986
2082.28005838871,-71.70673900408025,-71.70673900408025
2082.29005838871,-71.70665626656823,-71.70665626656823
2082.30005838871,-71.70658848785199,-71.70658848785199
2082.31005838871,-71.70653569102602,-71.70653569102602
2082.32005838871,-71.70649789804031,-71.70649789804031
2082.33005838871,-71.70647512973915,-71.70647512973915
2082.34005838871,-71.70646740584016,-71.70646740584016
2082.35005838871,-71.70647474498233,-71.70647474498233
2082.36005838871,-71.70649716471239,-71.70649716471239
2082.37005838871,-71.70653468153706,-71.70653468153706
2082.38005838871,-71.70658731090036,-71.70658731090036
2082.39005838871,-71.70665506722874,-71.70665506722874
2082.40005838871,-71.70673796393312,-71.70673796393312
2082.4100583887102,-71.70683601341065,-71.70683601341065
2082.42005838871,-71.7069492270899,-71.7069492270899
2082.43005838871,-71.70707761541276,-71.70707761541276
2082.44005838871,-71.70722118787653,-71.70722118787653
2082.45005838871,-71.70737995303452,-71.70737995303452
2082.46005838871,-71.70755391850811,-71.70755391850811
2082.47005838871,-71.70774309100916,-71.70774309100916
2082.48005838871,-71.70794747634316,-71.70794747634316
2082.49005838871,-71.7081670794324,-71.7081670794324
2082.500058412552,-71.70840190489513,-71.70840190489513
2082.510058412552,-71.70865195484879,-71.70865195484879
2082.520058412552,-71.70891723213245,-71.70891723213245
2082.530058412552,-71.70919773827057,-71.70919773827057
2082.540058412552,-71.7094934739529,-71.7094934739529
2082.550058412552,-71.70980443906588,-71.70980443906588
2082.560058412552,-71.71013063270122,-71.71013063270122
2082.570058412552,-71.71047205316191,-71.71047205316191
2082.580058412552,-71.71082869800134,-71.71082869800134
2082.590058412552,-71.71120056398931,-71.71120056398931
2082.600058412552,-71.7115876471691,-71.7115876471691
2082.610058412552,-71.71198994284175,-71.71198994284175
2082.6200584125518,-71.7124074455955,-71.7124074455955
2082.630058412552,-71.71284014929688,-71.71284014929688
2082.6400584125518,-71.71328804712418,-71.71328804712418
2082.650058412552,-71.71375113156472,-71.71375113156472
2082.6600584125517,-71.7142293944415,-71.7142293944415
2082.670058412552,-71.71472282689044,-71.71472282689044
2082.6800584125517,-71.71523141941528,-71.71523141941528
2082.690058412552,-71.7157551618658,-71.7157551618658
2082.7000584125517,-71.71629404346866,-71.71629404346866
2082.710058412552,-71.71684805281984,-71.71684805281984
2082.7200584125517,-71.71741717792065,-71.71741717792065
2082.730058412552,-71.7180014061504,-71.7180014061504
2082.7400584125517,-71.71860072431475,-71.71860072431475
2082.750058412552,-71.71921511863414,-71.71921511863414
2082.760058412552,-71.71984457475148,-71.71984457475148
2082.770058412552,-71.72048907776136,-71.72048907776136
2082.780058412552,-71.72114861220398,-71.72114861220398
2082.790058412552,-71.72182316207366,-71.72182316207366
2082.800058412552,-71.72251271084023,-71.72251271084023
2082.810058412552,-71.7232172414465,-71.7232172414465
2082.820058412552,-71.72393673631376,-71.72393673631376
2082.830058412552,-71.72467117738172,-71.72467117738172
2082.840058412552,-71.72542054606777,-71.72542054606777
2082.850058412552,-71.7261848233174,-71.7261848233174
2082.860058412552,-71.72696398959674,-71.72696398959674
2082.8700584125518,-71.72775802490291,-71.72775802490291
2082.880058412552,-71.72856690877084,-71.72856690877084
2082.8900584125518,-71.72939062028728,-71.72939062028728
2082.900058412552,-71.73022913807635,-71.73022913807635
2082.9100584125517,-71.73108244034462,-71.73108244034462
2082.920058412552,-71.73195050486409,-71.73195050486409
2082.9300584125517,-71.73283330899007,-71.73283330899007
2082.940058412552,-71.73373082965544,-71.73373082965544
2082.9500584125517,-71.73464304340057,-71.73464304340057
2082.960058412552,-71.73556992635379,-71.73556992635379
2082.9700584125517,-71.73651145425958,-71.73651145425958
2082.980058412552,-71.7374676024882,-71.7374676024882
2082.9900584125517,-71.73843834602721,-71.73843834602721
2083.000058412552,-71.73942365948685,-71.73942365948685
2083.010058412552,-71.74042351712599,-71.74042351712599
2083.020058412552,-71.7414378928591,-71.7414378928591
2083.030058412552,-71.74246676021855,-71.74246676021855
2083.040058412552,-71.74351009243426,-71.74351009243426
2083.050058412552,-71.74456786238268,-71.74456786238268
2083.060058412552,-71.74564004261563,-71.74564004261563
2083.070058412552,-71.74672660535813,-71.74672660535813
2083.080058412552,-71.7478275225225,-71.7478275225225
2083.090058412552,-71.74894276571385,-71.74894276571385
2083.100058412552,-71.75007230624072,-71.75007230624072
2083.110058412552,-71.75121611511467,-71.75121611511467
2083.1200584125518,-71.75237416304482,-71.75237416304482
2083.130058412552,-71.75354642045826,-71.75354642045826
2083.1400584125518,-71.7547328575168,-71.7547328575168
2083.150058412552,-71.75593344409769,-71.75593344409769
2083.1600584125517,-71.75714814980692,-71.75714814980692
2083.170058412552,-71.7583769439965,-71.7583769439965
2083.1800584125517,-71.75961106338376,-71.75961106338376
2083.190058412552,-71.76084034036663,-71.76084034036663
2083.2000584125517,-71.76205598544064,-71.76205598544064
2083.210058412552,-71.76324458579543,-71.76324458579543
2083.2200584125517,-71.76439754070725,-71.76439754070725
2083.230058412552,-71.76550862235932,-71.76550862235932
2083.2400584125517,-71.76657299403472,-71.76657299403472
2083.250058412552,-71.76758677578735,-71.76758677578735
2083.260058412552,-71.76854679798612,-71.76854679798612
2083.270058412552,-71.76945044467445,-71.76945044467445
2083.280058412552,-71.77029554787471,-71.77029554787471
2083.290058412552,-71.77108031246371,-71.77108031246371
2083.300058412552,-71.77180326009812,-71.77180326009812
2083.310058412552,-71.77246318546817,-71.77246318546817
2083.320058412552,-71.7730591209917,-71.7730591209917
2083.330058412552,-71.77359030758156,-71.77359030758156
2083.340058412552,-71.77405616991065,-71.77405616991065
2083.3500584363937,-71.774456296236,-71.774456296236
2083.360058436394,-71.7747904160648,-71.7747904160648
2083.3700584363937,-71.7750583904432,-71.7750583904432
2083.380058436394,-71.77526019366685,-71.77526019366685
2083.3900584363937,-71.77539590206935,-71.77539590206935
2083.400058436394,-71.77546568314146,-71.77546568314146
2083.4100584363937,-71.7754697859005,-71.7754697859005
2083.420058436394,-71.77540853232483,-71.77540853232483
2083.4300584363937,-71.775282309735,-71.775282309735
2083.440058436394,-71.77509156396525,-71.77509156396525
2083.4500584363936,-71.77483679328425,-71.77483679328425
2083.460058436394,-71.77451228807612,-71.77451228807612
2083.4700584363936,-71.77411589787043,-71.77411589787043
2083.480058436394,-71.77364691702944,-71.77364691702944
2083.4900584363936,-71.77310532577498,-71.77310532577498
2083.500058436394,-71.77249149818338,-71.77249149818338
2083.5100584363936,-71.77180604897488,-71.77180604897488
2083.520058436394,-71.77104974257503,-71.77104974257503
2083.5300584363936,-71.77022343750961,-71.77022343750961
2083.540058436394,-71.7693280521001,-71.7693280521001
2083.5500584363936,-71.76836454309623,-71.76836454309623
2083.560058436394,-71.7673338922414,-71.7673338922414
2083.5700584363935,-71.76623709767715,-71.76623709767715
2083.5800584363938,-71.76507516838711,-71.76507516838711
2083.5900584363935,-71.76384912052492,-71.76384912052492
2083.6000584363937,-71.76255997491512,-71.76255997491512
2083.610058436394,-71.76120875530864,-71.76120875530864
2083.6200584363937,-71.75979648710278,-71.75979648710278
2083.630058436394,-71.75832419637253,-71.75832419637253
2083.6400584363937,-71.75679290907877,-71.75679290907877
2083.650058436394,-71.75520365039968,-71.75520365039968
2083.6600584363937,-71.7535574441689,-71.7535574441689
2083.670058436394,-71.75185531233618,-71.75185531233618
2083.6800584363937,-71.75009827448197,-71.75009827448197
2083.690058436394,-71.7482873473697,-71.7482873473697
2083.7000584363936,-71.74642354448736,-71.74642354448736
2083.710058436394,-71.74450162482395,-71.74450162482395
2083.7200584363936,-71.74251985904606,-71.74251985904606
2083.730058436394,-71.7404779205173,-71.7404779205173
2083.7400584363936,-71.7383761302409,-71.7383761302409
2083.750058436394,-71.73621516808667,-71.73621516808667
2083.7600584363936,-71.73399592244104,-71.73399592244104
2083.770058436394,-71.73171940180909,-71.73171940180909
2083.7800584363936,-71.72938668153618,-71.72938668153618
2083.790058436394,-71.72699887161288,-71.72699887161288
2083.8000584363936,-71.72455709721737,-71.72455709721737
2083.810058436394,-71.72206248704661,-71.72206248704661
2083.8200584363935,-71.71951616632329,-71.71951616632329
2083.8300584363938,-71.71691925273771,-71.71691925273771
2083.8400584363935,-71.714272854091,-71.714272854091
2083.8500584363937,-71.71157806706557,-71.71157806706557
2083.860058436394,-71.70883597660874,-71.70883597660874
2083.8700584363937,-71.70604765571447,-71.70604765571447
2083.880058436394,-71.70321416540914,-71.70321416540914
2083.8900584363937,-71.70033655486323,-71.70033655486323
2083.900058436394,-71.69741586154169,-71.69741586154169
2083.9100584363937,-71.6944531114155,-71.6944531114155
2083.920058436394,-71.69144931911306,-71.69144931911306
2083.9300584363937,-71.68840548810624,-71.68840548810624
2083.940058436394,-71.68532261086006,-71.68532261086006
2083.9500584363936,-71.68220166896083,-71.68220166896083
2083.960058436394,-71.67904363323812,-71.67904363323812
2083.9700584363936,-71.67584946386117,-71.67584946386117
2083.980058436394,-71.6726201104099,-71.6726201104099
2083.9900584363936,-71.66935651195789,-71.66935651195789
2084.000058436394,-71.6660595971184,-71.6660595971184
2084.0100584363936,-71.66273028411034,-71.66273028411034
2084.020058436394,-71.659369480791,-71.659369480791
2084.0300584363936,-71.65597808468536,-71.65597808468536
2084.040058436394,-71.6525569830262,-71.6525569830262
2084.0500584363936,-71.64910705279777,-71.64910705279777
2084.060058436394,-71.64562916075685,-71.64562916075685
2084.0700584363935,-71.64212416344968,-71.64212416344968
2084.0800584363938,-71.63859290725985,-71.63859290725985
2084.0900584363935,-71.63503622842097,-71.63503622842097
2084.1000584363937,-71.63145495305426,-71.63145495305426
2084.110058436394,-71.62784989720772,-71.62784989720772
2084.1200584363937,-71.62422186687984,-71.62422186687984
2084.130058436394,-71.62057165804511,-71.62057165804511
2084.1400584363937,-71.616900056712,-71.616900056712
2084.150058436394,-71.61320783895577,-71.61320783895577
2084.1600584363937,-71.60949577094733,-71.60949577094733
2084.170058436394,-71.60576460901625,-71.60576460901625
2084.1800584363937,-71.60201509968715,-71.60201509968715
2084.190058436394,-71.59824797971234,-71.59824797971234
2084.2000584602356,-71.59446396713683,-71.59446396713683
2084.210058460236,-71.59066379734644,-71.59066379734644
2084.2200584602356,-71.58684816918938,-71.58684816918938
2084.230058460236,-71.58301778091678,-71.58301778091678
2084.2400584602356,-71.57917332131896,-71.57917332131896
2084.250058460236,-71.57531546974954,-71.57531546974954
2084.2600584602355,-71.57144489620887,-71.57144489620887
2084.2700584602358,-71.56756226140686,-71.56756226140686
2084.2800584602355,-71.56366821682475,-71.56366821682475
2084.2900584602357,-71.5597634047751,-71.5597634047751
2084.3000584602355,-71.55584845847929,-71.55584845847929
2084.3100584602357,-71.55192400215833,-71.55192400215833
2084.3200584602355,-71.54799065106779,-71.54799065106779
2084.3300584602357,-71.54404901159414,-71.54404901159414
2084.3400584602355,-71.54009968132893,-71.54009968132893
2084.3500584602357,-71.53614324913003,-71.53614324913003
2084.3600584602355,-71.53218029521601,-71.53218029521601
2084.3700584602357,-71.52821139122307,-71.52821139122307
2084.3800584602354,-71.52423710032087,-71.52423710032087
2084.3900584602357,-71.5202579772401,-71.5202579772401
2084.4000584602354,-71.51627456838305,-71.51627456838305
2084.4100584602356,-71.51228741191308,-71.51228741191308
2084.4200584602354,-71.50829703780789,-71.50829703780789
2084.4300584602356,-71.50430396795896,-71.50430396795896
2084.4400584602354,-71.50030871625209,-71.50030871625209
2084.4500584602356,-71.49631178863191,-71.49631178863191
2084.460058460236,-71.49231368321945,-71.49231368321945
2084.4700584602356,-71.4883148903552,-71.4883148903552
2084.480058460236,-71.48431589270999,-71.48431589270999
2084.4900584602356,-71.48031716534723,-71.48031716534723
2084.500058460236,-71.47631917582574,-71.47631917582574
2084.5100584602355,-71.47232238426956,-71.47232238426956
2084.5200584602358,-71.4683272434502,-71.4683272434502
2084.5300584602355,-71.46433419887921,-71.46433419887921
2084.5400584602357,-71.46034368887135,-71.46034368887135
2084.5500584602355,-71.45635614466269,-71.45635614466269
2084.5600584602357,-71.45237199044152,-71.45237199044152
2084.5700584602355,-71.44839164348164,-71.44839164348164
2084.5800584602357,-71.44441551419412,-71.44441551419412
2084.5900584602355,-71.44044400620794,-71.44044400620794
2084.6000584602357,-71.43647751646618,-71.43647751646618
2084.6100584602355,-71.43251643530306,-71.43251643530306
2084.6200584602357,-71.42856114650864,-71.42856114650864
2084.6300584602354,-71.42461202743263,-71.42461202743263
2084.6400584602357,-71.4206694490406,-71.4206694490406
2084.6500584602354,-71.41673377600988,-71.41673377600988
2084.6600584602356,-71.4128053667917,-71.4128053667917
2084.6700584602354,-71.40888457371983,-71.40888457371983
2084.6800584602356,-71.40497174304576,-71.40497174304576
2084.6900584602354,-71.40106721505776,-71.40106721505776
2084.7000584602356,-71.39717132411037,-71.39717132411037
2084.710058460236,-71.39328439875234,-71.39328439875234
2084.7200584602356,-71.38940676175392,-71.38940676175392
2084.730058460236,-71.38553873022016,-71.38553873022016
2084.7400584602356,-71.38168061564195,-71.38168061564195
2084.750058460236,-71.37783272396469,-71.37783272396469
2084.7600584602355,-71.37399535569706,-71.37399535569706
2084.7700584602358,-71.37016880592853,-71.37016880592853
2084.7800584602355,-71.36635336444957,-71.36635336444957
2084.7900584602357,-71.3625493157914,-71.3625493157914
2084.8000584602355,-71.35875693931487,-71.35875693931487
2084.8100584602357,-71.35497650926227,-71.35497650926227
2084.8200584602355,-71.35120829485392,-71.35120829485392
2084.8300584602357,-71.34745256031094,-71.34745256031094
2084.8400584602355,-71.34370956497743,-71.34370956497743
2084.8500584602357,-71.3399795633364,-71.3399795633364
2084.8600584602355,-71.33626280512048,-71.33626280512048
2084.8700584602357,-71.33255953533718,-71.33255953533718
2084.8800584602354,-71.32886999435972,-71.32886999435972
2084.8900584602357,-71.32519441798163,-71.32519441798163
2084.9000584602354,-71.32153303748647,-71.32153303748647
2084.9100584602356,-71.31788607968917,-71.31788607968917
2084.9200584602354,-71.3142537670343,-71.3142537670343
2084.9300584602356,-71.31063631762173,-71.31063631762173
2084.9400584602354,-71.30703394529029,-71.30703394529029
2084.9500584602356,-71.30344685966307,-71.30344685966307
2084.960058460236,-71.29987526620535,-71.29987526620535
2084.9700584602356,-71.29631936631111,-71.29631936631111
2084.980058460236,-71.29277935732229,-71.29277935732229
2084.9900584602356,-71.28925543261028,-71.28925543261028
2085.000058460236,-71.28574778161685,-71.28574778161685
2085.0100584602355,-71.28225658992417,-71.28225658992417
2085.0200584602358,-71.27878203930017,-71.27878203930017
2085.0300584602355,-71.27532430775584,-71.27532430775584
2085.0400584602357,-71.27188356960168,-71.27188356960168
2085.0500584840775,-71.26845998734375,-71.26845998734375
2085.0600584840777,-71.26505374438828,-71.26505374438828
2085.0700584840774,-71.26166499605182,-71.26166499605182
2085.0800584840777,-71.25829390234284,-71.25829390234284
2085.0900584840774,-71.2549406198378,-71.2549406198378
2085.1000584840776,-71.25160530170493,-71.25160530170493
2085.1100584840774,-71.24828809777738,-71.24828809777738
2085.1200584840776,-71.24498915457258,-71.24498915457258
2085.1300584840774,-71.24170861537726,-71.24170861537726
2085.1400584840776,-71.23844662025994,-71.23844662025994
2085.1500584840774,-71.23520330613769,-71.23520330613769
2085.1600584840776,-71.23197880680694,-71.23197880680694
2085.1700584840773,-71.22877325301621,-71.22877325301621
2085.1800584840776,-71.22558677246741,-71.22558677246741
2085.1900584840773,-71.22241948990212,-71.22241948990212
2085.2000584840775,-71.2192715271233,-71.2192715271233
2085.2100584840773,-71.21614300304937,-71.21614300304937
2085.2200584840775,-71.21303403373352,-71.21303403373352
2085.2300584840773,-71.20994473243955,-71.20994473243955
2085.2400584840775,-71.20687520964945,-71.20687520964945
2085.2500584840773,-71.20382557314043,-71.20382557314043
2085.2600584840775,-71.2007959279783,-71.2007959279783
2085.2700584840773,-71.19778637660875,-71.19778637660875
2085.2800584840775,-71.19479701884954,-71.19479701884954
2085.2900584840772,-71.19182795196639,-71.19182795196639
2085.3000584840775,-71.18887927068597,-71.18887927068597
2085.3100584840777,-71.18595106724844,-71.18595106724844
2085.3200584840774,-71.18304343142431,-71.18304343142431
2085.3300584840777,-71.18015645059124,-71.18015645059124
2085.3400584840774,-71.17729020971784,-71.17729020971784
2085.3500584840776,-71.17444479143094,-71.17444479143094
2085.3600584840774,-71.17162027604945,-71.17162027604945
2085.3700584840776,-71.16881674161684,-71.16881674161684
2085.3800584840774,-71.16603426391467,-71.16603426391467
2085.3900584840776,-71.16327291653373,-71.16327291653373
2085.4000584840774,-71.16053277086897,-71.16053277086897
2085.4100584840776,-71.15781389619396,-71.15781389619396
2085.4200584840773,-71.15511635964162,-71.15511635964162
2085.4300584840776,-71.15244022627344,-71.15244022627344
2085.4400584840773,-71.14978555910768,-71.14978555910768
2085.4500584840775,-71.14715241913385,-71.14715241913385
2085.4600584840773,-71.14454086535508,-71.14454086535508
2085.4700584840775,-71.1419509548053,-71.1419509548053
2085.4800584840773,-71.13938274260614,-71.13938274260614
2085.4900584840775,-71.13683628197113,-71.13683628197113
2085.5000584840773,-71.13431162422754,-71.13431162422754
2085.5100584840775,-71.13180881887828,-71.13180881887828
2085.5200584840773,-71.1293279135999,-71.1293279135999
2085.5300584840775,-71.12686895427507,-71.12686895427507
2085.5400584840772,-71.12443198503634,-71.12443198503634
2085.5500584840775,-71.12201704827223,-71.12201704827223
2085.5600584840777,-71.1196241846646,-71.1196241846646
2085.5700584840774,-71.11725343322003,-71.11725343322003
2085.5800584840777,-71.11490483127656,-71.11490483127656
2085.5900584840774,-71.11257841454461,-71.11257841454461
2085.6000584840776,-71.11027421713497,-71.11027421713497
2085.6100584840774,-71.10799227156011,-71.10799227156011
2085.6200584840776,-71.10573260878398,-71.10573260878398
2085.6300584840774,-71.10349525823978,-71.10349525823978
2085.6400584840776,-71.10128024783235,-71.10128024783235
2085.6500584840774,-71.09908760400522,-71.09908760400522
2085.6600584840776,-71.09691735171062,-71.09691735171062
2085.6700584840773,-71.09476951446578,-71.09476951446578
2085.6800584840776,-71.09264411437265,-71.09264411437265
2085.6900584840773,-71.09054117213469,-71.09054117213469
2085.7000584840775,-71.08846070706585,-71.08846070706585
2085.7100584840773,-71.08640273714327,-71.08640273714327
2085.7200584840775,-71.08436727899515,-71.08436727899515
2085.7300584840773,-71.08235434794564,-71.08235434794564
2085.7400584840775,-71.08036395800632,-71.08036395800632
2085.7500584840773,-71.0783961219338,-71.0783961219338
2085.7600584840775,-71.07645085121965,-71.07645085121965
2085.7700584840773,-71.07452815612272,-71.07452815612272
2085.7800584840775,-71.0726280456944,-71.0726280456944
2085.7900584840772,-71.0707505277792,-71.0707505277792
2085.8000584840775,-71.06889560903919,-71.06889560903919
2085.8100584840777,-71.06706329499231,-71.06706329499231
2085.8200584840774,-71.0652535900008,-71.0652535900008
2085.8300584840777,-71.06346649732131,-71.06346649732131
2085.8400584840774,-71.06170201908698,-71.06170201908698
2085.8500584840776,-71.05996015635161,-71.05996015635161
2085.8600584840774,-71.05824090909731,-71.05824090909731
2085.8700584840776,-71.05654427623962,-71.05654427623962
2085.8800584840774,-71.0548702556699,-71.0548702556699
2085.8900584840776,-71.05321884425511,-71.05321884425511
2085.9000585079193,-71.05159003398457,-71.05159003398457
2085.9100585079195,-71.04998382753968,-71.04998382753968
2085.9200585079193,-71.04840021487702,-71.04840021487702
2085.9300585079195,-71.04683918893912,-71.04683918893912
2085.9400585079193,-71.04530074172165,-71.04530074172165
2085.9500585079195,-71.04378486429856,-71.04378486429856
2085.9600585079193,-71.04229154682155,-71.04229154682155
2085.9700585079195,-71.04082077855348,-71.04082077855348
2085.9800585079192,-71.03937254787493,-71.03937254787493
2085.9900585079195,-71.03794684228625,-71.03794684228625
2086.000058507919,-71.03654364844104,-71.03654364844104
2086.0100585079194,-71.0351629521464,-71.0351629521464
2086.020058507919,-71.03380473838817,-71.03380473838817
2086.0300585079194,-71.03246899132586,-71.03246899132586
2086.040058507919,-71.03115569433291,-71.03115569433291
2086.0500585079194,-71.02986482998448,-71.02986482998448
2086.060058507919,-71.02859638008995,-71.02859638008995
2086.0700585079194,-71.02735032567965,-71.02735032567965
2086.080058507919,-71.02612664705447,-71.02612664705447
2086.0900585079194,-71.0249253237623,-71.0249253237623
2086.100058507919,-71.02374633463336,-71.02374633463336
2086.1100585079193,-71.02258965778216,-71.02258965778216
2086.120058507919,-71.02145527062835,-71.02145527062835
2086.1300585079193,-71.02034314988487,-71.02034314988487
2086.140058507919,-71.01925327160664,-71.01925327160664
2086.1500585079193,-71.01818561116899,-71.01818561116899
2086.1600585079195,-71.01714014329674,-71.01714014329674
2086.1700585079193,-71.01611684207657,-71.01611684207657
2086.1800585079195,-71.01511568094078,-71.01511568094078
2086.1900585079193,-71.01413663272282,-71.01413663272282
2086.2000585079195,-71.01317966962861,-71.01317966962861
2086.2100585079193,-71.01224476327565,-71.01224476327565
2086.2200585079195,-71.0113318846674,-71.0113318846674
2086.2300585079192,-71.01044100424818,-71.01044100424818
2086.2400585079195,-71.00957209188037,-71.00957209188037
2086.250058507919,-71.00872511687015,-71.00872511687015
2086.2600585079194,-71.0079000479675,-71.0079000479675
2086.270058507919,-71.00709685338525,-71.00709685338525
2086.2800585079194,-71.00631550080412,-71.00631550080412
2086.290058507919,-71.00555595736999,-71.00555595736999
2086.3000585079194,-71.0048181897272,-71.0048181897272
2086.310058507919,-71.00410216400839,-71.00410216400839
2086.3200585079194,-71.00340784585288,-71.00340784585288
2086.330058507919,-71.00273520042008,-71.00273520042008
2086.3400585079194,-71.00208419237762,-71.00208419237762
2086.350058507919,-71.00145478592997,-71.00145478592997
2086.3600585079193,-71.000846944819,-71.000846944819
2086.370058507919,-71.00026063233679,-71.00026063233679
2086.3800585079193,-70.99969581132457,-70.99969581132457
2086.390058507919,-70.99915244419864,-70.99915244419864
2086.4000585079193,-70.99863049293467,-70.99863049293467
2086.4100585079195,-70.99812991909332,-70.99812991909332
2086.4200585079193,-70.9976506838206,-70.9976506838206
2086.4300585079195,-70.99719274785905,-70.99719274785905
2086.4400585079193,-70.99675607154995,-70.99675607154995
2086.4500585079195,-70.99634061485195,-70.99634061485195
2086.4600585079193,-70.9959401494276,-70.9959401494276
2086.4700585079195,-70.9955519255255,-70.9955519255255
2086.4800585079192,-70.99517458606019,-70.99517458606019
2086.4900585079195,-70.99480741972701,-70.99480741972701
2086.500058507919,-70.99445007536909,-70.99445007536909
2086.5100585079194,-70.99410241329086,-70.99410241329086
2086.520058507919,-70.99376441793983,-70.99376441793983
2086.5300585079194,-70.99343614536704,-70.99343614536704
2086.540058507919,-70.99311769156506,-70.99311769156506
2086.5500585079194,-70.99280917347362,-70.99280917347362
2086.560058507919,-70.99251071761952,-70.99251071761952
2086.5700585079194,-70.99222245347511,-70.99222245347511
2086.580058507919,-70.99194450964123,-70.99194450964123
2086.5900585079194,-70.99167701176764,-70.99167701176764
2086.600058507919,-70.9914200815203,-70.9914200815203
2086.6100585079193,-70.99117383618531,-70.99117383618531
2086.620058507919,-70.99093838863828,-70.99093838863828
2086.6300585079193,-70.99071384749529,-70.99071384749529
2086.640058507919,-70.99050031738281,-70.99050031738281
2086.6500585079193,-70.99029789925608,-70.99029789925608
2086.6600585079195,-70.99010669069641,-70.99010669069641
2086.6700585079193,-70.98992678623483,-70.98992678623483
2086.6800585079195,-70.9897582776185,-70.9897582776185
2086.6900585079193,-70.98960125405686,-70.98960125405686
2086.7000585079195,-70.98945580245666,-70.98945580245666
2086.7100585079193,-70.98931582024724,-70.98931582024724
2086.7200585079195,-70.98917868150582,-70.98917868150582
2086.7300585079192,-70.98904315128424,-70.98904315128424
2086.7400585079195,-70.98890863891907,-70.98890863891907
2086.750058531761,-70.9887749122145,-70.9887749122145
2086.7600585317614,-70.98864195018365,-70.98864195018365
2086.770058531761,-70.98850985396015,-70.98850985396015
2086.7800585317614,-70.98837879556251,-70.98837879556251
2086.790058531761,-70.9882489860091,-70.9882489860091
2086.8000585317614,-70.98812065634573,-70.98812065634573
2086.810058531761,-70.98799404637,-70.98799404637
2086.8200585317613,-70.98786939795372,-70.98786939795372
2086.830058531761,-70.98774695128999,-70.98774695128999
2086.8400585317613,-70.98762694278788,-70.98762694278788
2086.850058531761,-70.98750960406925,-70.98750960406925
2086.8600585317613,-70.98739516156084,-70.98739516156084
2086.870058531761,-70.98728383646895,-70.98728383646895
2086.8800585317613,-70.98717584492164,-70.98717584492164
2086.890058531761,-70.9870713982471,-70.9870713982471
2086.9000585317613,-70.986970703266,-70.986970703266
2086.910058531761,-70.98687396258984,-70.98687396258984
2086.9200585317612,-70.98678137494493,-70.98678137494493
2086.930058531761,-70.98669313542337,-70.98669313542337
2086.940058531761,-70.98660943573034,-70.98660943573034
2086.950058531761,-70.98653046439335,-70.98653046439335
2086.960058531761,-70.98645640696351,-70.98645640696351
2086.970058531761,-70.98638744614323,-70.98638744614323
2086.980058531761,-70.98632376194931,-70.98632376194931
2086.990058531761,-70.98626553182248,-70.98626553182248
2087.000058531761,-70.98621293072432,-70.98621293072432
2087.0100585317614,-70.98616613119563,-70.98616613119563
2087.020058531761,-70.9861253034587,-70.9861253034587
2087.0300585317614,-70.98609061544069,-70.98609061544069
2087.040058531761,-70.98606223284914,-70.98606223284914
2087.0500585317614,-70.98604031917202,-70.98604031917202
2087.060058531761,-70.98602503575192,-70.98602503575192
2087.0700585317613,-70.98601654177048,-70.98601654177048
2087.080058531761,-70.98601499429533,-70.98601499429533
2087.0900585317613,-70.98602054827563,-70.98602054827563
2087.100058531761,-70.98603335658231,-70.98603335658231
2087.1100585317613,-70.98605356998875,-70.98605356998875
2087.120058531761,-70.98608133719792,-70.98608133719792
2087.1300585317613,-70.98611680483651,-70.98611680483651
2087.140058531761,-70.98616011748317,-70.98616011748317
2087.1500585317613,-70.98621141764309,-70.98621141764309
2087.160058531761,-70.98627084576783,-70.98627084576783
2087.1700585317612,-70.9863385402634,-70.9863385402634
2087.180058531761,-70.98641463748946,-70.98641463748946
2087.190058531761,-70.98649927174843,-70.98649927174843
2087.200058531761,-70.98659257532572,-70.98659257532572
2087.210058531761,-70.98669467844344,-70.98669467844344
2087.220058531761,-70.98680570930988,-70.98680570930988
2087.230058531761,-70.98692579409887,-70.98692579409887
2087.240058531761,-70.9870550569547,-70.9870550569547
2087.250058531761,-70.98719362001485,-70.98719362001485
2087.2600585317614,-70.98734160340018,-70.98734160340018
2087.270058531761,-70.98749912523222,-70.98749912523222
2087.2800585317614,-70.98766630161427,-70.98766630161427
2087.290058531761,-70.98784324667201,-70.98784324667201
2087.3000585317614,-70.98803007254054,-70.98803007254054
2087.310058531761,-70.98822688938736,-70.98822688938736
2087.3200585317613,-70.98843380540974,-70.98843380540974
2087.330058531761,-70.98865092685256,-70.98865092685256
2087.3400585317613,-70.98887835798725,-70.98887835798725
2087.350058531761,-70.98911620119195,-70.98911620119195
2087.3600585317613,-70.98936455687678,-70.98936455687678
2087.370058531761,-70.98962352356466,-70.98962352356466
2087.3800585317613,-70.98989319785856,-70.98989319785856
2087.390058531761,-70.99017367448312,-70.99017367448312
2087.4000585317613,-70.99046504628303,-70.99046504628303
2087.410058531761,-70.99076740423106,-70.99076740423106
2087.4200585317612,-70.99108083744692,-70.99108083744692
2087.430058531761,-70.99140543323026,-70.99140543323026
2087.440058531761,-70.99174127703316,-70.99174127703316
2087.450058531761,-70.99208845251471,-70.99208845251471
2087.460058531761,-70.99244704153391,-70.99244704153391
2087.470058531761,-70.9928171241743,-70.9928171241743
2087.480058531761,-70.99319877874582,-70.99319877874582
2087.490058531761,-70.99359208182612,-70.99359208182612
2087.500058531761,-70.9939971082404,-70.9939971082404
2087.5100585317614,-70.99441393111826,-70.99441393111826
2087.520058531761,-70.99484262187282,-70.99484262187282
2087.5300585317614,-70.99528325023164,-70.99528325023164
2087.540058531761,-70.99573588427067,-70.99573588427067
2087.5500585317614,-70.99620059039094,-70.99620059039094
2087.560058531761,-70.99667743338752,-70.99667743338752
2087.5700585317613,-70.99716647641067,-70.99716647641067
2087.580058531761,-70.99766778102703,-70.99766778102703
2087.5900585317613,-70.99818140721727,-70.99818140721727
2087.600058555603,-70.99870741464716,-70.99870741464716
2087.6100585556032,-70.99924585770718,-70.99924585770718
2087.620058555603,-70.99979679294067,-70.99979679294067
2087.6300585556032,-71.00036027417498,-71.00036027417498
2087.640058555603,-71.00093635372654,-71.00093635372654
2087.650058555603,-71.00152508243148,-71.00152508243148
2087.660058555603,-71.00212650967399,-71.00212650967399
2087.670058555603,-71.00274068337897,-71.00274068337897
2087.680058555603,-71.00336765005895,-71.00336765005895
2087.690058555603,-71.00400745480442,-71.00400745480442
2087.700058555603,-71.00466014132424,-71.00466014132424
2087.710058555603,-71.00532575193074,-71.00532575193074
2087.720058555603,-71.00600432760156,-71.00600432760156
2087.730058555603,-71.00669590794917,-71.00669590794917
2087.740058555603,-71.00740053128362,-71.00740053128362
2087.750058555603,-71.00811823459738,-71.00811823459738
2087.760058555603,-71.00884905358998,-71.00884905358998
2087.770058555603,-71.00959302269106,-71.00959302269106
2087.780058555603,-71.01035017507584,-71.01035017507584
2087.790058555603,-71.01112054267205,-71.01112054267205
2087.800058555603,-71.01190415618787,-71.01190415618787
2087.810058555603,-71.0127010451242,-71.0127010451242
2087.820058555603,-71.01351123779467,-71.01351123779467
2087.830058555603,-71.01433476132686,-71.01433476132686
2087.840058555603,-71.01517164171108,-71.01517164171108
2087.850058555603,-71.01602190376713,-71.01602190376713
2087.8600585556032,-71.01688557121244,-71.01688557121244
2087.870058555603,-71.01776266664905,-71.01776266664905
2087.8800585556032,-71.0186532115747,-71.0186532115747
2087.890058555603,-71.01955722641772,-71.01955722641772
2087.900058555603,-71.020474730537,-71.020474730537
2087.910058555603,-71.0214057422423,-71.0214057422423
2087.920058555603,-71.02235027882256,-71.02235027882256
2087.930058555603,-71.0233083565341,-71.0233083565341
2087.940058555603,-71.02427999063657,-71.02427999063657
2087.950058555603,-71.02526519539987,-71.02526519539987
2087.960058555603,-71.02626398411081,-71.02626398411081
2087.970058555603,-71.02727636911841,-71.02727636911841
2087.980058555603,-71.0283023618077,-71.0283023618077
2087.990058555603,-71.02934197264133,-71.02934197264133
2088.000058555603,-71.03039521115682,-71.03039521115682
2088.010058555603,-71.03146208600035,-71.03146208600035
2088.020058555603,-71.03254260492412,-71.03254260492412
2088.030058555603,-71.03363677480297,-71.03363677480297
2088.040058555603,-71.03474460165276,-71.03474460165276
2088.050058555603,-71.03586609063554,-71.03586609063554
2088.060058555603,-71.0370012460814,-71.0370012460814
2088.070058555603,-71.03815007150678,-71.03815007150678
2088.080058555603,-71.03931256959609,-71.03931256959609
2088.090058555603,-71.04048874226253,-71.04048874226253
2088.100058555603,-71.04167859062,-71.04167859062
2088.1100585556032,-71.04288211501265,-71.04288211501265
2088.120058555603,-71.04409931502299,-71.04409931502299
2088.1300585556032,-71.04533018948837,-71.04533018948837
2088.140058555603,-71.04657473652047,-71.04657473652047
2088.150058555603,-71.04783295348648,-71.04783295348648
2088.160058555603,-71.0491048370715,-71.0491048370715
2088.170058555603,-71.05039038322283,-71.05039038322283
2088.180058555603,-71.05168958723245,-71.05168958723245
2088.190058555603,-71.05300244369782,-71.05300244369782
2088.200058555603,-71.05432894656289,-71.05432894656289
2088.210058555603,-71.05566908909378,-71.05566908909378
2088.220058555603,-71.05702286393263,-71.05702286393263
2088.230058555603,-71.05839026308438,-71.05839026308438
2088.240058555603,-71.05977127793007,-71.05977127793007
2088.250058555603,-71.06116589922435,-71.06116589922435
2088.260058555603,-71.06257411714165,-71.06257411714165
2088.270058555603,-71.06399592124777,-71.06399592124777
2088.280058555603,-71.06543130053743,-71.06543130053743
2088.290058555603,-71.06688024342769,-71.06688024342769
2088.300058555603,-71.06834273777561,-71.06834273777561
2088.310058555603,-71.0698187708806,-71.0698187708806
2088.320058555603,-71.07130832951192,-71.07130832951192
2088.330058555603,-71.0728113998907,-71.0728113998907
2088.340058555603,-71.07432796772385,-71.07432796772385
2088.350058555603,-71.0758580181924,-71.0758580181924
2088.3600585556032,-71.07740153597977,-71.07740153597977
2088.370058555603,-71.07895850527794,-71.07895850527794
2088.3800585556032,-71.08052890977606,-71.08052890977606
2088.390058555603,-71.0821127326944,-71.0821127326944
2088.400058555603,-71.0837099567709,-71.0837099567709
2088.410058555603,-71.08532056429718,-71.08532056429718
2088.420058555603,-71.0869445370924,-71.0869445370924
2088.430058555603,-71.08858185654488,-71.08858185654488
2088.440058555603,-71.0902325035995,-71.0902325035995
2088.450058579445,-71.09189646273366,-71.09189646273366
2088.460058579445,-71.0935737061465,-71.0935737061465
2088.470058579445,-71.09526421744272,-71.09526421744272
2088.480058579445,-71.09696797588464,-71.09696797588464
2088.490058579445,-71.09868496035351,-71.09868496035351
2088.500058579445,-71.10041514932406,-71.10041514932406
2088.510058579445,-71.10215852089327,-71.10215852089327
2088.520058579445,-71.10391505278002,-71.10391505278002
2088.530058579445,-71.10568472233568,-71.10568472233568
2088.540058579445,-71.10746750654,-71.10746750654
2088.550058579445,-71.10926338201959,-71.10926338201959
2088.560058579445,-71.11107232505914,-71.11107232505914
2088.570058579445,-71.11289431158788,-71.11289431158788
2088.580058579445,-71.11472931721012,-71.11472931721012
2088.5900585794448,-71.11657731719843,-71.11657731719843
2088.600058579445,-71.11843828650042,-71.11843828650042
2088.6100585794447,-71.12031219974492,-71.12031219974492
2088.620058579445,-71.12219903125398,-71.12219903125398
2088.6300585794447,-71.12409875505239,-71.12409875505239
2088.640058579445,-71.12601134484605,-71.12601134484605
2088.6500585794447,-71.12793677406812,-71.12793677406812
2088.660058579445,-71.12987501586159,-71.12987501586159
2088.6700585794447,-71.13182604308317,-71.13182604308317
2088.680058579445,-71.13378982831576,-71.13378982831576
2088.6900585794447,-71.13576634387648,-71.13576634387648
2088.700058579445,-71.13775556182249,-71.13775556182249
2088.710058579445,-71.13975745394104,-71.13975745394104
2088.720058579445,-71.14177199177873,-71.14177199177873
2088.730058579445,-71.1437991466321,-71.1437991466321
2088.740058579445,-71.14583888955354,-71.14583888955354
2088.750058579445,-71.14789119135304,-71.14789119135304
2088.760058579445,-71.1499560226291,-71.1499560226291
2088.770058579445,-71.15203335372183,-71.15203335372183
2088.780058579445,-71.15412315477765,-71.15412315477765
2088.790058579445,-71.15622539570523,-71.15622539570523
2088.800058579445,-71.15834004622135,-71.15834004622135
2088.810058579445,-71.16046707582223,-71.16046707582223
2088.820058579445,-71.16260645380191,-71.16260645380191
2088.830058579445,-71.16475814926048,-71.16475814926048
2088.8400585794448,-71.16692213110646,-71.16692213110646
2088.850058579445,-71.16909836805074,-71.16909836805074
2088.8600585794447,-71.17128682862923,-71.17128682862923
2088.870058579445,-71.17348748118448,-71.17348748118448
2088.8800585794447,-71.17570029388817,-71.17570029388817
2088.890058579445,-71.17792523475437,-71.17792523475437
2088.9000585794447,-71.18016227160786,-71.18016227160786
2088.910058579445,-71.18241137212198,-71.18241137212198
2088.9200585794447,-71.18467250380942,-71.18467250380942
2088.930058579445,-71.18694563402124,-71.18694563402124
2088.9400585794447,-71.18923072996355,-71.18923072996355
2088.950058579445,-71.19152775869136,-71.19152775869136
2088.960058579445,-71.19383668711257,-71.19383668711257
2088.970058579445,-71.19615748199797,-71.19615748199797
2088.980058579445,-71.19849010997639,-71.19849010997639
2088.990058579445,-71.20083453754863,-71.20083453754863
2089.000058579445,-71.20319073108816,-71.20319073108816
2089.010058579445,-71.20555865684076,-71.20555865684076
2089.020058579445,-71.20793828091865,-71.20793828091865
2089.030058579445,-71.21032956932407,-71.21032956932407
2089.040058579445,-71.21273248794739,-71.21273248794739
2089.050058579445,-71.21514700255531,-71.21514700255531
2089.060058579445,-71.21757307881656,-71.21757307881656
2089.070058579445,-71.22001068227938,-71.22001068227938
2089.080058579445,-71.22245977839742,-71.22245977839742
2089.0900585794448,-71.22492033252513,-71.22492033252513
2089.100058579445,-71.2273923099182,-71.2273923099182
2089.1100585794447,-71.22987567574182,-71.22987567574182
2089.120058579445,-71.23237039505702,-71.23237039505702
2089.1300585794447,-71.23487643285047,-71.23487643285047
2089.140058579445,-71.23739375402539,-71.23739375402539
2089.1500585794447,-71.23992232339094,-71.23992232339094
2089.160058579445,-71.24246210567952,-71.24246210567952
2089.1700585794447,-71.24501306555042,-71.24501306555042
2089.180058579445,-71.24757516758197,-71.24757516758197
2089.1900585794447,-71.25014837629818,-71.25014837629818
2089.200058579445,-71.25273265613299,-71.25273265613299
2089.210058579445,-71.25532797145968,-71.25532797145968
2089.220058579445,-71.25793428660043,-71.25793428660043
2089.230058579445,-71.26055156579658,-71.26055156579658
2089.240058579445,-71.26317977324632,-71.26317977324632
2089.250058579445,-71.26581887308294,-71.26581887308294
2089.260058579445,-71.26846882939027,-71.26846882939027
2089.270058579445,-71.27112960619642,-71.27112960619642
2089.280058579445,-71.27380116748044,-71.27380116748044
2089.290058579445,-71.27648347717543,-71.27648347717543
2089.3000586032867,-71.27917650558715,-71.27917650558715
2089.310058603287,-71.28188020377102,-71.28188020377102
2089.3200586032867,-71.28459454189698,-71.28459454189698
2089.330058603287,-71.28731948373844,-71.28731948373844
2089.3400586032867,-71.29005499302264,-71.29005499302264
2089.350058603287,-71.29280103344749,-71.29280103344749
2089.3600586032867,-71.2955575686848,-71.2955575686848
2089.370058603287,-71.29832456236367,-71.29832456236367
2089.3800586032867,-71.30110197808965,-71.30110197808965
2089.390058603287,-71.30388977944303,-71.30388977944303
2089.4000586032867,-71.30668792997452,-71.30668792997452
2089.410058603287,-71.30949639322075,-71.30949639322075
2089.4200586032866,-71.31231513270052,-71.31231513270052
2089.430058603287,-71.31514411189715,-71.31514411189715
2089.4400586032866,-71.31798329429347,-71.31798329429347
2089.450058603287,-71.32083264334898,-71.32083264334898
2089.4600586032866,-71.32369212251828,-71.32369212251828
2089.470058603287,-71.32656169522971,-71.32656169522971
2089.4800586032866,-71.3294413249122,-71.3294413249122
2089.490058603287,-71.33233097498325,-71.33233097498325
2089.5000586032866,-71.33523060885857,-71.33523060885857
2089.510058603287,-71.33814018993944,-71.33814018993944
2089.5200586032865,-71.34105968163568,-71.34105968163568
2089.5300586032868,-71.34398904734594,-71.34398904734594
2089.5400586032865,-71.34692825047279,-71.34692825047279
2089.5500586032867,-71.34987725441628,-71.34987725441628
2089.560058603287,-71.35283602257951,-71.35283602257951
2089.5700586032867,-71.3558045183753,-71.3558045183753
2089.580058603287,-71.35878270521839,-71.35878270521839
2089.5900586032867,-71.3617705465319,-71.3617705465319
2089.600058603287,-71.36476800574331,-71.36476800574331
2089.6100586032867,-71.36777504629833,-71.36777504629833
2089.620058603287,-71.37079163164388,-71.37079163164388
2089.6300586032867,-71.37381772524652,-71.37381772524652
2089.640058603287,-71.37685329057776,-71.37685329057776
2089.6500586032867,-71.37989829113674,-71.37989829113674
2089.660058603287,-71.38295269042773,-71.38295269042773
2089.6700586032866,-71.38601645198207,-71.38601645198207
2089.680058603287,-71.38908953934417,-71.38908953934417
2089.6900586032866,-71.3921719160848,-71.3921719160848
2089.700058603287,-71.39526354577842,-71.39526354577842
2089.7100586032866,-71.39836439203917,-71.39836439203917
2089.720058603287,-71.40147441850684,-71.40147441850684
2089.7300586032866,-71.40459358883814,-71.40459358883814
2089.740058603287,-71.40772186671721,-71.40772186671721
2089.7500586032866,-71.41085921584913,-71.41085921584913
2089.760058603287,-71.41400559997292,-71.41400559997292
2089.7700586032865,-71.41716098284827,-71.41716098284827
2089.7800586032868,-71.42032532828992,-71.42032532828992
2089.7900586032865,-71.42349860011693,-71.42349860011693
2089.8000586032867,-71.42668076218793,-71.42668076218793
2089.810058603287,-71.429871778407,-71.429871778407
2089.8200586032867,-71.4330716127014,-71.4330716127014
2089.830058603287,-71.4362802290211,-71.4362802290211
2089.8400586032867,-71.43949759137796,-71.43949759137796
2089.850058603287,-71.44272366379815,-71.44272366379815
2089.8600586032867,-71.44595841036718,-71.44595841036718
2089.870058603287,-71.44920179519364,-71.44920179519364
2089.8800586032867,-71.45245378242963,-71.45245378242963
2089.890058603287,-71.45571433626641,-71.45571433626641
2089.9000586032867,-71.45898342093858,-71.45898342093858
2089.910058603287,-71.46226100072529,-71.46226100072529
2089.9200586032866,-71.46554703994404,-71.46554703994404
2089.930058603287,-71.4688415029627,-71.4688415029627
2089.9400586032866,-71.47214435418618,-71.47214435418618
2089.950058603287,-71.47545555806637,-71.47545555806637
2089.9600586032866,-71.47877507910471,-71.47877507910471
2089.970058603287,-71.48210288185182,-71.48210288185182
2089.9800586032866,-71.48543893089247,-71.48543893089247
2089.990058603287,-71.4887831908788,-71.4887831908788
2090.0000586032866,-71.4921356264931,-71.4921356264931
2090.010058603287,-71.4954962024909,-71.4954962024909
2090.0200586032865,-71.4988648836547,-71.4988648836547
2090.0300586032868,-71.50224163482349,-71.50224163482349
2090.0400586032865,-71.5056264209004,-71.5056264209004
2090.0500586032867,-71.50901920683121,-71.50901920683121
2090.060058603287,-71.5124199576136,-71.5124199576136
2090.0700586032867,-71.51582863831,-71.51582863831
2090.080058603287,-71.51924521401592,-71.51924521401592
2090.0900586032867,-71.5226696499108,-71.5226696499108
2090.100058603287,-71.52610191120623,-71.52610191120623
2090.1100586032867,-71.52954196317519,-71.52954196317519
2090.120058603287,-71.53298977116147,-71.53298977116147
2090.1300586032867,-71.53644530054463,-71.53644530054463
2090.140058603287,-71.53990851677192,-71.53990851677192
2090.1500586271286,-71.54337939361841,-71.54337939361841
2090.160058627129,-71.54685788015354,-71.54685788015354
2090.1700586271286,-71.55034395021545,-71.55034395021545
2090.180058627129,-71.55383756950337,-71.55383756950337
2090.1900586271286,-71.55733870376774,-71.55733870376774
2090.200058627129,-71.56084731880372,-71.56084731880372
2090.2100586271285,-71.56436338049215,-71.56436338049215
2090.2200586271288,-71.56788685475397,-71.56788685475397
2090.2300586271285,-71.57141770757676,-71.57141770757676
2090.2400586271287,-71.57495590502583,-71.57495590502583
2090.2500586271285,-71.57850141321032,-71.57850141321032
2090.2600586271287,-71.58205419831732,-71.58205419831732
2090.2700586271285,-71.58561422659193,-71.58561422659193
2090.2800586271287,-71.58918146434146,-71.58918146434146
2090.2900586271285,-71.59275587794522,-71.59275587794522
2090.3000586271287,-71.59633743383851,-71.59633743383851
2090.3100586271285,-71.59992609853981,-71.59992609853981
2090.3200586271287,-71.60352183860365,-71.60352183860365
2090.3300586271284,-71.60712462068716,-71.60712462068716
2090.3400586271287,-71.6107344114839,-71.6107344114839
2090.3500586271284,-71.61435117777619,-71.61435117777619
2090.3600586271286,-71.61797488639891,-71.61797488639891
2090.3700586271284,-71.62160550426557,-71.62160550426557
2090.3800586271286,-71.62524299834918,-71.62524299834918
2090.3900586271284,-71.62888733570813,-71.62888733570813
2090.4000586271286,-71.63253848343996,-71.63253848343996
2090.410058627129,-71.63619640873425,-71.63619640873425
2090.4200586271286,-71.63986107885123,-71.63986107885123
2090.430058627129,-71.64353246111081,-71.64353246111081
2090.4400586271286,-71.64721052290888,-71.64721052290888
2090.450058627129,-71.65089523170793,-71.65089523170793
2090.4600586271285,-71.65458655504428,-71.65458655504428
2090.4700586271288,-71.6582844605226,-71.6582844605226
2090.4800586271285,-71.66198891582515,-71.66198891582515
2090.4900586271287,-71.66569988870285,-71.66569988870285
2090.5000586271285,-71.66941734697289,-71.66941734697289
2090.5100586271287,-71.67314125852812,-71.67314125852812
2090.5200586271285,-71.67687159133284,-71.67687159133284
2090.5300586271287,-71.68060831342724,-71.68060831342724
2090.5400586271285,-71.68435139292474,-71.68435139292474
2090.5500586271287,-71.68810079800227,-71.68810079800227
2090.5600586271285,-71.6918564969289,-71.6918564969289
2090.5700586271287,-71.69561845802191,-71.69561845802191
2090.5800586271284,-71.6993866496931,-71.6993866496931
2090.5900586271287,-71.70316104042159,-71.70316104042159
2090.6000586271284,-71.70694159875593,-71.70694159875593
2090.6100586271286,-71.71072829332758,-71.71072829332758
2090.6200586271284,-71.71452109283706,-71.71452109283706
2090.6300586271286,-71.71831996605124,-71.71831996605124
2090.6400586271284,-71.72212488182927,-71.72212488182927
2090.6500586271286,-71.7259358090933,-71.7259358090933
2090.660058627129,-71.72975271684518,-71.72975271684518
2090.6700586271286,-71.73357557416142,-71.73357557416142
2090.680058627129,-71.73740435018851,-71.73740435018851
2090.6900586271286,-71.74123901416428,-71.74123901416428
2090.700058627129,-71.74507953538031,-71.74507953538031
2090.7100586271285,-71.74892588322126,-71.74892588322126
2090.7200586271288,-71.75277802713602,-71.75277802713602
2090.7300586271285,-71.75663593666454,-71.75663593666454
2090.7400586271287,-71.76049958139785,-71.76049958139785
2090.7500586271285,-71.76436893103511,-71.76436893103511
2090.7600586271287,-71.7682439553278,-71.7682439553278
2090.7700586271285,-71.77212462411312,-71.77212462411312
2090.7800586271287,-71.7760109073051,-71.7760109073051
2090.7900586271285,-71.77990277489032,-71.77990277489032
2090.8000586271287,-71.78380019693687,-71.78380019693687
2090.8100586271285,-71.78770314359349,-71.78770314359349
2090.8200586271287,-71.7916115850753,-71.7916115850753
2090.8300586271284,-71.79552549168092,-71.79552549168092
2090.8400586271287,-71.799444833787,-71.799444833787
2090.8500586271284,-71.8033695818451,-71.8033695818451
2090.8600586271286,-71.80729970638578,-71.80729970638578
2090.8700586271284,-71.81123517801409,-71.81123517801409
2090.8800586271286,-71.81517596742657,-71.81517596742657
2090.8900586271284,-71.8191220453741,-71.8191220453741
2090.9000586271286,-71.82307338270178,-71.82307338270178
2090.910058627129,-71.82702995032552,-71.82702995032552
2090.9200586271286,-71.83099171923803,-71.83099171923803
2090.930058627129,-71.83495866051963,-71.83495866051963
2090.9400586271286,-71.8389307453176,-71.8389307453176
2090.950058627129,-71.84290794486508,-71.84290794486508
2090.9600586271285,-71.84689023046775,-71.84689023046775
2090.9700586271288,-71.8508775735113,-71.8508775735113
2090.9800586271285,-71.85486994545943,-71.85486994545943
2090.9900586271287,-71.85886731785028,-71.85886731785028
2091.0000586509705,-71.86286967184158,-71.86286967184158
2091.0100586509707,-71.8668769600829,-71.8668769600829
2091.0200586509704,-71.87088916386008,-71.87088916386008
2091.0300586509707,-71.87490625502906,-71.87490625502906
2091.0400586509704,-71.87892820552096,-71.87892820552096
2091.0500586509706,-71.88295498734485,-71.88295498734485
2091.0600586509704,-71.88698657259351,-71.88698657259351
2091.0700586509706,-71.89102293343372,-71.89102293343372
2091.0800586509704,-71.89506404210849,-71.89506404210849
2091.0900586509706,-71.89910987094153,-71.89910987094153
2091.1000586509704,-71.90316039232991,-71.90316039232991
2091.1100586509706,-71.90721557876047,-71.90721557876047
2091.1200586509703,-71.91127540278869,-71.91127540278869
2091.1300586509706,-71.91533983704443,-71.91533983704443
2091.1400586509703,-71.91940885424651,-71.91940885424651
2091.1500586509705,-71.92348242718465,-71.92348242718465
2091.1600586509703,-71.9275605287296,-71.9275605287296
2091.1700586509705,-71.93164313182845,-71.93164313182845
2091.1800586509703,-71.93573020950492,-71.93573020950492
2091.1900586509705,-71.93982173486371,-71.93982173486371
2091.2000586509703,-71.94391768109433,-71.94391768109433
2091.2100586509705,-71.94801802145359,-71.94801802145359
2091.2200586509703,-71.95212272927047,-71.95212272927047
2091.2300586509705,-71.95623177796722,-71.95623177796722
2091.2400586509702,-71.9603451410422,-71.9603451410422
2091.2500586509705,-71.96446279205796,-71.96446279205796
2091.2600586509707,-71.96858470466526,-71.96858470466526
2091.2700586509704,-71.97271085259767,-71.97271085259767
2091.2800586509707,-71.9768412096521,-71.9768412096521
2091.2900586509704,-71.98097574971435,-71.98097574971435
2091.3000586509706,-71.98511444674125,-71.98511444674125
2091.3100586509704,-71.98925727477045,-71.98925727477045
2091.3200586509706,-71.99340420792032,-71.99340420792032
2091.3300586509704,-71.99755522037472,-71.99755522037472
2091.3400586509706,-72.00171028640617,-72.00171028640617
2091.3500586509704,-72.00586938036261,-72.00586938036261
2091.3600586509706,-72.01003247666777,-72.01003247666777
2091.3700586509703,-72.0141995498227,-72.0141995498227
2091.3800586509706,-72.01837057440267,-72.01837057440267
2091.3900586509703,-72.02254552505747,-72.02254552505747
2091.4000586509705,-72.02672437653356,-72.02672437653356
2091.4100586509703,-72.03090710362677,-72.03090710362677
2091.4200586509705,-72.03509368122417,-72.03509368122417
2091.4300586509703,-72.03928408429182,-72.03928408429182
2091.4400586509705,-72.0434782878667,-72.0434782878667
2091.4500586509703,-72.04767626705672,-72.04767626705672
2091.4600586509705,-72.0518779970631,-72.0518779970631
2091.4700586509703,-72.05608345315039,-72.05608345315039
2091.4800586509705,-72.06029261066085,-72.06029261066085
2091.4900586509702,-72.06450544502107,-72.06450544502107
2091.5000586509705,-72.06872193171473,-72.06872193171473
2091.5100586509707,-72.07294204632765,-72.07294204632765
2091.5200586509704,-72.0771657644982,-72.0771657644982
2091.5300586509707,-72.08139306195666,-72.08139306195666
2091.5400586509704,-72.08562391450246,-72.08562391450246
2091.5500586509706,-72.08985829800811,-72.08985829800811
2091.5600586509704,-72.09409618843063,-72.09409618843063
2091.5700586509706,-72.09833756179043,-72.09833756179043
2091.5800586509704,-72.10258239418606,-72.10258239418606
2091.5900586509706,-72.10683066180319,-72.10683066180319
2091.6000586509704,-72.1110823408939,-72.1110823408939
2091.6100586509706,-72.11533740778025,-72.11533740778025
2091.6200586509703,-72.1195958388633,-72.1195958388633
2091.6300586509706,-72.12385761062704,-72.12385761062704
2091.6400586509703,-72.12812269961941,-72.12812269961941
2091.6500586509705,-72.13239108247079,-72.13239108247079
2091.6600586509703,-72.13666273587636,-72.13666273587636
2091.6700586509705,-72.14093763661165,-72.14093763661165
2091.6800586509703,-72.14521576152713,-72.14521576152713
2091.6900586509705,-72.14949708754932,-72.14949708754932
2091.7000586509703,-72.1537815916753,-72.1537815916753
2091.7100586509705,-72.1580692509747,-72.1580692509747
2091.7200586509703,-72.16236004259514,-72.16236004259514
2091.7300586509705,-72.16665394375349,-72.16665394375349
2091.7400586509702,-72.17095093175145,-72.17095093175145
2091.7500586509705,-72.17525098394343,-72.17525098394343
2091.7600586509707,-72.17955407777913,-72.17955407777913
2091.7700586509704,-72.1838601907682,-72.1838601907682
2091.7800586509707,-72.1881693004915,-72.1881693004915
2091.7900586509704,-72.19248138461408,-72.19248138461408
2091.8000586509706,-72.19679642086786,-72.19679642086786
2091.8100586509704,-72.20111438705949,-72.20111438705949
2091.8200586509706,-72.20543526105862,-72.20543526105862
2091.8300586509704,-72.2097590208188,-72.2097590208188
2091.8400586509706,-72.21408564436341,-72.21408564436341
2091.8500586748123,-72.21841512009809,-72.21841512009809
2091.8600586748125,-72.22274740558721,-72.22274740558721
2091.8700586748123,-72.22708248935854,-72.22708248935854
2091.8800586748125,-72.23142034972197,-72.23142034972197
2091.8900586748123,-72.23576096505663,-72.23576096505663
2091.9000586748125,-72.24010431382347,-72.24010431382347
2091.9100586748123,-72.2444503745463,-72.2444503745463
2091.9200586748125,-72.24879912582394,-72.24879912582394
2091.9300586748122,-72.25315054631753,-72.25315054631753
2091.9400586748125,-72.25750461476952,-72.25750461476952
2091.950058674812,-72.26186130999633,-72.26186130999633
2091.9600586748124,-72.26622061087053,-72.26622061087053
2091.970058674812,-72.27058249635282,-72.27058249635282
2091.9800586748124,-72.27494694545183,-72.27494694545183
2091.990058674812,-72.2793139372678,-72.2793139372678
2092.0000586748124,-72.28368345096493,-72.28368345096493
2092.010058674812,-72.28805546576933,-72.28805546576933
2092.0200586748124,-72.29242996098617,-72.29242996098617
2092.030058674812,-72.29680691598931,-72.29680691598931
2092.0400586748124,-72.30118631022185,-72.30118631022185
2092.050058674812,-72.3055681231918,-72.3055681231918
2092.0600586748124,-72.30995233447618,-72.30995233447618
2092.070058674812,-72.3143389237342,-72.3143389237342
2092.0800586748123,-72.31872787067792,-72.31872787067792
2092.090058674812,-72.32311915509987,-72.32311915509987
2092.1000586748123,-72.32751275685396,-72.32751275685396
2092.1100586748125,-72.33190865587576,-72.33190865587576
2092.1200586748123,-72.33630683215205,-72.33630683215205
2092.1300586748125,-72.34070726573947,-72.34070726573947
2092.1400586748123,-72.34510993677944,-72.34510993677944
2092.1500586748125,-72.34951482546678,-72.34951482546678
2092.1600586748123,-72.35392191206807,-72.35392191206807
2092.1700586748125,-72.35833117691642,-72.35833117691642
2092.1800586748122,-72.362742600422,-72.362742600422
2092.1900586748125,-72.36715616304998,-72.36715616304998
2092.200058674812,-72.37157184533662,-72.37157184533662
2092.2100586748124,-72.37598962788232,-72.37598962788232
2092.220058674812,-72.38040949136862,-72.38040949136862
2092.2300586748124,-72.38483141652364,-72.38483141652364
2092.240058674812,-72.38925538416038,-72.38925538416038
2092.2500586748124,-72.39368137514738,-72.39368137514738
2092.260058674812,-72.39810937042832,-72.39810937042832
2092.2700586748124,-72.40253935100185,-72.40253935100185
2092.280058674812,-72.4069712979431,-72.4069712979431
2092.2900586748124,-72.41140519238913,-72.41140519238913
2092.300058674812,-72.41584101554193,-72.41584101554193
2092.3100586748124,-72.42027874867088,-72.42027874867088
2092.320058674812,-72.42471837310808,-72.42471837310808
2092.3300586748123,-72.42915987025383,-72.42915987025383
2092.340058674812,-72.4336032215685,-72.4336032215685
2092.3500586748123,-72.43804840858398,-72.43804840858398
2092.3600586748125,-72.44249541290941,-72.44249541290941
2092.3700586748123,-72.44694421619074,-72.44694421619074
2092.3800586748125,-72.45139480015465,-72.45139480015465
2092.3900586748123,-72.4558471465926,-72.4558471465926
2092.4000586748125,-72.46030123735345,-72.46030123735345
2092.4100586748123,-72.46474822415489,-72.46474822415489
2092.4200586748125,-72.46917783406944,-72.46917783406944
2092.4300586748122,-72.47358117742509,-72.47358117742509
2092.4400586748125,-72.47795100265961,-72.47795100265961
2092.450058674812,-72.48228135888081,-72.48228135888081
2092.4600586748124,-72.48656093757548,-72.48656093757548
2092.470058674812,-72.49078272406362,-72.49078272406362
2092.4800586748124,-72.49494172181349,-72.49494172181349
2092.490058674812,-72.49903409387493,-72.49903409387493
2092.5000586748124,-72.50305680347469,-72.50305680347469
2092.510058674812,-72.50700741023357,-72.50700741023357
2092.5200586748124,-72.51088393827024,-72.51088393827024
2092.530058674812,-72.51468478594238,-72.51468478594238
2092.5400586748124,-72.51840866128343,-72.51840866128343
2092.550058674812,-72.52205453400558,-72.52205453400558
2092.5600586748124,-72.52562159835284,-72.52562159835284
2092.570058674812,-72.52910924350064,-72.52910924350064
2092.5800586748123,-72.53251702927814,-72.53251702927814
2092.590058674812,-72.53584466591278,-72.53584466591278
2092.6000586748123,-72.53909199678404,-72.53909199678404
2092.6100586748125,-72.54225898361007,-72.54225898361007
2092.6200586748123,-72.54534569358323,-72.54534569358323
2092.6300586748125,-72.54835228812682,-72.54835228812682
2092.6400586748123,-72.5512790129787,-72.5512790129787
2092.6500586748125,-72.554126189427,-72.554126189427
2092.6600586748123,-72.55689420653961,-72.55689420653961
2092.6700586748125,-72.55958351422319,-72.55958351422319
2092.6800586748122,-72.5621946170358,-72.5621946170358
2092.6900586748125,-72.5647280686085,-72.5647280686085
2092.700058698654,-72.56718447252958,-72.56718447252958
2092.7100586986544,-72.56955812032592,-72.56955812032592
2092.720058698654,-72.57184691174486,-72.57184691174486
2092.7300586986544,-72.57405019483409,-72.57405019483409
2092.740058698654,-72.57616800549859,-72.57616800549859
2092.7500586986544,-72.57820077299517,-72.57820077299517
2092.760058698654,-72.58014916578249,-72.58014916578249
2092.7700586986543,-72.5820140001575,-72.5820140001575
2092.780058698654,-72.58379618465514,-72.58379618465514
2092.7900586986543,-72.58549668576737,-72.58549668576737
2092.800058698654,-72.58711650677294,-72.58711650677294
2092.8100586986543,-72.58865667440556,-72.58865667440556
2092.820058698654,-72.59011823048066,-72.59011823048066
2092.8300586986543,-72.5915022264593,-72.5915022264593
2092.840058698654,-72.59280971992916,-72.59280971992916
2092.8500586986543,-72.59404177224262,-72.59404177224262
2092.860058698654,-72.59519944686264,-72.59519944686264
2092.8700586986542,-72.59628380821705,-72.59628380821705
2092.880058698654,-72.59729592079563,-72.59729592079563
2092.8900586986542,-72.59823684844659,-72.59823684844659
2092.900058698654,-72.59910765379156,-72.59910765379156
2092.910058698654,-72.59990939769087,-72.59990939769087
2092.920058698654,-72.60064313878586,-72.60064313878586
2092.930058698654,-72.60130993307597,-72.60130993307597
2092.940058698654,-72.60191083346648,-72.60191083346648
2092.950058698654,-72.60244688940834,-72.60244688940834
2092.9600586986544,-72.60291281170896,-72.60291281170896
2092.970058698654,-72.6033068635132,-72.6033068635132
2092.9800586986544,-72.60358597854817,-72.60358597854817
2092.990058698654,-72.60372561189548,-72.60372561189548
2093.0000586986544,-72.6037137370455,-72.6037137370455
2093.010058698654,-72.6035450287016,-72.6035450287016
2093.0200586986543,-72.60321777444217,-72.60321777444217
2093.030058698654,-72.60273223590903,-72.60273223590903
2093.0400586986543,-72.60208975140225,-72.60208975140225
2093.050058698654,-72.60129223442468,-72.60129223442468
2093.0600586986543,-72.60034189059152,-72.60034189059152
2093.070058698654,-72.59924105755378,-72.59924105755378
2093.0800586986543,-72.59799211527641,-72.59799211527641
2093.090058698654,-72.5965974370096,-72.5965974370096
2093.1000586986543,-72.5950593638055,-72.5950593638055
2093.110058698654,-72.59338019271476,-72.59338019271476
2093.1200586986542,-72.59156217271324,-72.59156217271324
2093.130058698654,-72.58960750503385,-72.58960750503385
2093.1400586986542,-72.58751834570634,-72.58751834570634
2093.150058698654,-72.58529680914393,-72.58529680914393
2093.160058698654,-72.58294497210017,-72.58294497210017
2093.170058698654,-72.58046487756481,-72.58046487756481
2093.180058698654,-72.57785853839653,-72.57785853839653
2093.190058698654,-72.5751279405815,-72.5751279405815
2093.200058698654,-72.57227504610731,-72.57227504610731
2093.2100586986544,-72.56929546951494,-72.56929546951494
2093.220058698654,-72.56618836190822,-72.56618836190822
2093.2300586986544,-72.56295428031045,-72.56295428031045
2093.240058698654,-72.55959442570631,-72.55959442570631
2093.2500586986544,-72.5561103524387,-72.5561103524387
2093.260058698654,-72.55250381748886,-72.55250381748886
2093.2700586986543,-72.54877669217359,-72.54877669217359
2093.280058698654,-72.54493090916529,-72.54493090916529
2093.2900586986543,-72.54096843069024,-72.54096843069024
2093.300058698654,-72.53689122943804,-72.53689122943804
2093.3100586986543,-72.53270127719941,-72.53270127719941
2093.320058698654,-72.52840053815423,-72.52840053815423
2093.3300586986543,-72.52399096500582,-72.52399096500582
2093.340058698654,-72.51947449678538,-72.51947449678538
2093.3500586986543,-72.5148530577101,-72.5148530577101
2093.360058698654,-72.51012855662826,-72.51012855662826
2093.3700586986542,-72.50530288680517,-72.50530288680517
2093.380058698654,-72.50037792590037,-72.50037792590037
2093.3900586986542,-72.49535553601586,-72.49535553601586
2093.400058698654,-72.49023756381231,-72.49023756381231
2093.410058698654,-72.48502584057584,-72.48502584057584
2093.420058698654,-72.47972218233721,-72.47972218233721
2093.430058698654,-72.47432838988387,-72.47432838988387
2093.440058698654,-72.46884624883089,-72.46884624883089
2093.450058698654,-72.46327752960903,-72.46327752960903
2093.4600586986544,-72.45761767651678,-72.45761767651678
2093.470058698654,-72.45186566997752,-72.45186566997752
2093.4800586986544,-72.44602189671427,-72.44602189671427
2093.490058698654,-72.4400873872864,-72.4400873872864
2093.5000586986544,-72.43406352460981,-72.43406352460981
2093.510058698654,-72.42795189232967,-72.42795189232967
2093.5200586986543,-72.42175418571848,-72.42175418571848
2093.530058698654,-72.41547215810516,-72.41547215810516
2093.5400586986543,-72.40910758849574,-72.40910758849574
2093.550058722496,-72.40266224680506,-72.40266224680506
2093.5600587224963,-72.39613794334976,-72.39613794334976
2093.570058722496,-72.38953643063842,-72.38953643063842
2093.5800587224962,-72.38285945993879,-72.38285945993879
2093.590058722496,-72.37610876400896,-72.37610876400896
2093.600058722496,-72.36928605597453,-72.36928605597453
2093.610058722496,-72.36239302881131,-72.36239302881131
2093.620058722496,-72.355431355213,-72.355431355213
2093.630058722496,-72.34840268770121,-72.34840268770121
2093.640058722496,-72.34130865882037,-72.34130865882037
2093.650058722496,-72.33415088140453,-72.33415088140453
2093.660058722496,-72.32693094882492,-72.32693094882492
2093.670058722496,-72.31965043529578,-72.31965043529578
2093.680058722496,-72.3123108960993,-72.3123108960993
2093.690058722496,-72.30491386783818,-72.30491386783818
2093.700058722496,-72.29746086864819,-72.29746086864819
2093.710058722496,-72.28994710629928,-72.28994710629928
2093.720058722496,-72.28237131443085,-72.28237131443085
2093.730058722496,-72.27473362724271,-72.27473362724271
2093.740058722496,-72.26703481885622,-72.26703481885622
2093.750058722496,-72.2592760126082,-72.2592760126082
2093.760058722496,-72.25145852986837,-72.25145852986837
2093.770058722496,-72.24358380127434,-72.24358380127434
2093.780058722496,-72.23565331339667,-72.23565331339667
2093.790058722496,-72.22766857661853,-72.22766857661853
2093.800058722496,-72.21963110589171,-72.21963110589171
2093.8100587224963,-72.21154240929792,-72.21154240929792
2093.820058722496,-72.20340398134799,-72.20340398134799
2093.8300587224962,-72.19521729916765,-72.19521729916765
2093.840058722496,-72.18698382050427,-72.18698382050427
2093.850058722496,-72.17870498270736,-72.17870498270736
2093.860058722496,-72.17038220243737,-72.17038220243737
2093.870058722496,-72.16201687567923,-72.16201687567923
2093.880058722496,-72.15361037802766,-72.15361037802766
2093.890058722496,-72.14516406500277,-72.14516406500277
2093.900058722496,-72.13667927248478,-72.13667927248478
2093.910058722496,-72.12815731709676,-72.12815731709676
2093.920058722496,-72.11959949663384,-72.11959949663384
2093.930058722496,-72.11100709041784,-72.11100709041784
2093.940058722496,-72.10238135966691,-72.10238135966691
2093.950058722496,-72.0937235478247,-72.0937235478247
2093.960058722496,-72.08502861002476,-72.08502861002476
2093.970058722496,-72.07629501887726,-72.07629501887726
2093.980058722496,-72.06752264471808,-72.06752264471808
2093.990058722496,-72.05871199704737,-72.05871199704737
2094.000058722496,-72.0498639346669,-72.0498639346669
2094.010058722496,-72.0409795149054,-72.0409795149054
2094.020058722496,-72.03205990515242,-72.03205990515242
2094.030058722496,-72.0231063296452,-72.0231063296452
2094.040058722496,-72.01412003752134,-72.01412003752134
2094.050058722496,-72.00510228365884,-72.00510228365884
2094.0600587224963,-71.99605431733582,-71.99605431733582
2094.070058722496,-71.9869773756012,-71.9869773756012
2094.0800587224962,-71.97787267956551,-71.97787267956551
2094.090058722496,-71.96874143244135,-71.96874143244135
2094.100058722496,-71.959584818628,-71.959584818628
2094.110058722496,-71.95040400345611,-71.95040400345611
2094.120058722496,-71.94120013327674,-71.94120013327674
2094.130058722496,-71.93197433577375,-71.93197433577375
2094.140058722496,-71.92272772035369,-71.92272772035369
2094.150058722496,-71.91346137862304,-71.91346137862304
2094.160058722496,-71.90417638479744,-71.90417638479744
2094.170058722496,-71.89487379618123,-71.89487379618123
2094.180058722496,-71.88555465356266,-71.88555465356266
2094.190058722496,-71.87621998160621,-71.87621998160621
2094.200058722496,-71.86687078919172,-71.86687078919172
2094.210058722496,-71.85750806977966,-71.85750806977966
2094.220058722496,-71.84813280166838,-71.84813280166838
2094.230058722496,-71.83874594830235,-71.83874594830235
2094.240058722496,-71.8293484585005,-71.8293484585005
2094.250058722496,-71.81994126673345,-71.81994126673345
2094.260058722496,-71.81052529329692,-71.81052529329692
2094.270058722496,-71.80110144453973,-71.80110144453973
2094.280058722496,-71.79167061305198,-71.79167061305198
2094.290058722496,-71.78223367786106,-71.78223367786106
2094.300058722496,-71.77279150458301,-71.77279150458301
2094.3100587224963,-71.76334494561094,-71.76334494561094
2094.320058722496,-71.75389484025816,-71.75389484025816
2094.3300587224962,-71.7444420149169,-71.7444420149169
2094.340058722496,-71.73498728322585,-71.73498728322585
2094.350058722496,-71.72553144618503,-71.72553144618503
2094.360058722496,-71.71607529232409,-71.71607529232409
2094.370058722496,-71.70661959782566,-71.70661959782566
2094.380058722496,-71.69716512667605,-71.69716512667605
2094.390058722496,-71.68771263079567,-71.68771263079567
2094.400058746338,-71.67826282765992,-71.67826282765992
2094.410058746338,-71.66881649046158,-71.66881649046158
2094.420058746338,-71.65937431324453,-71.65937431324453
2094.430058746338,-71.64993700097223,-71.64993700097223
2094.440058746338,-71.6405052472138,-71.6405052472138
2094.450058746338,-71.631079734247,-71.631079734247
2094.460058746338,-71.6216549068886,-71.6216549068886
2094.470058746338,-71.6122287120255,-71.6122287120255
2094.480058746338,-71.60280049135706,-71.60280049135706
2094.490058746338,-71.59337022741559,-71.59337022741559
2094.500058746338,-71.58393825538623,-71.58393825538623
2094.510058746338,-71.57450511311488,-71.57450511311488
2094.520058746338,-71.56507145300381,-71.56507145300381
2094.530058746338,-71.55563798907957,-71.55563798907957
2094.5400587463378,-71.5462054651313,-71.5462054651313
2094.550058746338,-71.536774635617,-71.536774635617
2094.5600587463377,-71.52734625436788,-71.52734625436788
2094.570058746338,-71.51792106796977,-71.51792106796977
2094.5800587463377,-71.50849981209454,-71.50849981209454
2094.590058746338,-71.4990832095203,-71.4990832095203
2094.6000587463377,-71.48967196923456,-71.48967196923456
2094.610058746338,-71.48026678618501,-71.48026678618501
2094.6200587463377,-71.47086834136604,-71.47086834136604
2094.630058746338,-71.46147730212509,-71.46147730212509
2094.6400587463377,-71.45209432257104,-71.45209432257104
2094.650058746338,-71.44272004401539,-71.44272004401539
2094.660058746338,-71.43335509541345,-71.43335509541345
2094.670058746338,-71.42400009380131,-71.42400009380131
2094.680058746338,-71.41465564470968,-71.41465564470968
2094.690058746338,-71.40532234250826,-71.40532234250826
2094.700058746338,-71.39600077076825,-71.39600077076825
2094.710058746338,-71.38668529799162,-71.38668529799162
2094.720058746338,-71.37737378445851,-71.37737378445851
2094.730058746338,-71.36806548166307,-71.36806548166307
2094.740058746338,-71.3587602808405,-71.3587602808405
2094.750058746338,-71.34945842578342,-71.34945842578342
2094.760058746338,-71.34016036338521,-71.34016036338521
2094.770058746338,-71.33086665588452,-71.33086665588452
2094.780058746338,-71.32157792811968,-71.32157792811968
2094.7900587463378,-71.31229483578059,-71.31229483578059
2094.800058746338,-71.3030180464249,-71.3030180464249
2094.8100587463377,-71.29374822822355,-71.29374822822355
2094.820058746338,-71.28448604339721,-71.28448604339721
2094.8300587463377,-71.27523214452991,-71.27523214452991
2094.840058746338,-71.26598717264355,-71.26598717264355
2094.8500587463377,-71.25675175630457,-71.25675175630457
2094.860058746338,-71.2475265113264,-71.2475265113264
2094.8700587463377,-71.23831204092298,-71.23831204092298
2094.880058746338,-71.22910893594783,-71.22910893594783
2094.8900587463377,-71.21991777532646,-71.21991777532646
2094.900058746338,-71.21073912646418,-71.21073912646418
2094.910058746338,-71.20157354568552,-71.20157354568552
2094.920058746338,-71.19242157865365,-71.19242157865365
2094.930058746338,-71.1832837607541,-71.1832837607541
2094.940058746338,-71.174160617445,-71.174160617445
2094.950058746338,-71.16505266459342,-71.16505266459342
2094.960058746338,-71.15596040874819,-71.15596040874819
2094.970058746338,-71.1468843474379,-71.1468843474379
2094.980058746338,-71.13782496937336,-71.13782496937336
2094.990058746338,-71.1287827546752,-71.1287827546752
2095.000058746338,-71.11975817507209,-71.11975817507209
2095.010058746338,-71.11075169407238,-71.11075169407238
2095.020058746338,-71.10176376712337,-71.10176376712337
2095.030058746338,-71.09279484176116,-71.09279484176116
2095.0400587463378,-71.08384535774128,-71.08384535774128
2095.050058746338,-71.07491574716103,-71.07491574716103
2095.0600587463377,-71.06600643459727,-71.06600643459727
2095.070058746338,-71.05711783718561,-71.05711783718561
2095.0800587463377,-71.04825036474831,-71.04825036474831
2095.090058746338,-71.03940441987343,-71.03940441987343
2095.1000587463377,-71.03058039802771,-71.03058039802771
2095.110058746338,-71.02177868763422,-71.02177868763422
2095.1200587463377,-71.01299967015919,-71.01299967015919
2095.130058746338,-71.00424372019792,-71.00424372019792
2095.1400587463377,-70.99551120555455,-70.99551120555455
2095.150058746338,-70.9868024873283,-70.9868024873283
2095.160058746338,-70.978117919973,-70.978117919973
2095.170058746338,-70.96945785139911,-70.96945785139911
2095.180058746338,-70.96082262303163,-70.96082262303163
2095.190058746338,-70.95221256989244,-70.95221256989244
2095.200058746338,-70.94362802065508,-70.94362802065508
2095.210058746338,-70.93506313378275,-70.93506313378275
2095.220058746338,-70.92651554194735,-70.92651554194735
2095.230058746338,-70.91798426390152,-70.91798426390152
2095.240058746338,-70.90946895752933,-70.90946895752933
2095.2500587701797,-70.90096961409368,-70.90096961409368
2095.26005877018,-70.89248649056238,-70.89248649056238
2095.2700587701797,-70.88401990079926,-70.88401990079926
2095.28005877018,-70.87557024401417,-70.87557024401417
2095.2900587701797,-70.86713795293569,-70.86713795293569
2095.30005877018,-70.85872347484477,-70.85872347484477
2095.3100587701797,-70.85032726032601,-70.85032726032601
2095.32005877018,-70.84194975670067,-70.84194975670067
2095.3300587701797,-70.83359140433276,-70.83359140433276
2095.34005877018,-70.82525263464908,-70.82525263464908
2095.3500587701797,-70.81693386923436,-70.81693386923436
2095.36005877018,-70.8086355195367,-70.8086355195367
2095.3700587701796,-70.80035798693496,-70.80035798693496
2095.38005877018,-70.79210166300325,-70.79210166300325
2095.3900587701796,-70.78386692987537,-70.78386692987537
2095.40005877018,-70.77565416066443,-70.77565416066443
2095.4100587701796,-70.76746371987278,-70.76746371987278
2095.42005877018,-70.75929596376261,-70.75929596376261
2095.4300587701796,-70.751151240733,-70.751151240733
2095.44005877018,-70.74302989165753,-70.74302989165753
2095.4500587701796,-70.73493225018736,-70.73493225018736
2095.46005877018,-70.7268586430204,-70.7268586430204
2095.4700587701795,-70.71880939015236,-70.71880939015236
2095.4800587701798,-70.71078480507335,-70.71078480507335
2095.4900587701795,-70.70278519498244,-70.70278519498244
2095.5000587701797,-70.69481086095759,-70.69481086095759
2095.51005877018,-70.68686209811459,-70.68686209811459
2095.5200587701797,-70.67893919572747,-70.67893919572747
2095.53005877018,-70.6710424373814,-70.6710424373814
2095.5400587701797,-70.66317210107357,-70.66317210107357
2095.55005877018,-70.65532845931833,-70.65532845931833
2095.5600587701797,-70.64751177925808,-70.64751177925808
2095.57005877018,-70.63972232274291,-70.63972232274291
2095.5800587701797,-70.63196034639984,-70.63196034639984
2095.59005877018,-70.62422610173824,-70.62422610173824
2095.6000587701797,-70.61651983521104,-70.61651983521104
2095.61005877018,-70.6088417882746,-70.6088417882746
2095.6200587701796,-70.60119219747983,-70.60119219747983
2095.63005877018,-70.59357129450888,-70.59357129450888
2095.6400587701796,-70.58597930625658,-70.58597930625658
2095.65005877018,-70.57841645487397,-70.57841645487397
2095.6600587701796,-70.57088295783862,-70.57088295783862
2095.67005877018,-70.56337902799797,-70.56337902799797
2095.6800587701796,-70.5559048736366,-70.5559048736366
2095.69005877018,-70.5484606985237,-70.5484606985237
2095.7000587701796,-70.54104670196307,-70.54104670196307
2095.71005877018,-70.5336630788512,-70.5336630788512
2095.7200587701795,-70.52631001972307,-70.52631001972307
2095.7300587701798,-70.51898771079388,-70.51898771079388
2095.7400587701795,-70.51169633403586,-70.51169633403586
2095.7500587701797,-70.50443606719398,-70.50443606719398
2095.76005877018,-70.497207083863,-70.497207083863
2095.7700587701797,-70.49000955352508,-70.49000955352508
2095.78005877018,-70.48284364158647,-70.48284364158647
2095.7900587701797,-70.47570950944385,-70.47570950944385
2095.80005877018,-70.46860731451929,-70.46860731451929
2095.8100587701797,-70.4615372103197,-70.4615372103197
2095.82005877018,-70.45449934647286,-70.45449934647286
2095.8300587701797,-70.44749386878341,-70.44749386878341
2095.84005877018,-70.44052091925802,-70.44052091925802
2095.8500587701797,-70.4335806361771,-70.4335806361771
2095.86005877018,-70.42667315413718,-70.42667315413718
2095.8700587701796,-70.41979860408995,-70.41979860408995
2095.88005877018,-70.41295711337793,-70.41295711337793
2095.8900587701796,-70.40614880580303,-70.40614880580303
2095.90005877018,-70.39937380165166,-70.39937380165166
2095.9100587701796,-70.39263221774841,-70.39263221774841
2095.92005877018,-70.38592416750515,-70.38592416750515
2095.9300587701796,-70.379249760955,-70.379249760955
2095.94005877018,-70.37260910479951,-70.37260910479951
2095.9500587701796,-70.36600230245793,-70.36600230245793
2095.96005877018,-70.35942945410586,-70.35942945410586
2095.9700587701795,-70.35289065672097,-70.35289065672097
2095.9800587701798,-70.34638600411631,-70.34638600411631
2095.9900587701795,-70.33991558700527,-70.33991558700527
2096.0000587701797,-70.33347949301458,-70.33347949301458
2096.01005877018,-70.32707780675197,-70.32707780675197
2096.0200587701797,-70.3207106098311,-70.3207106098311
2096.03005877018,-70.31437798091645,-70.31437798091645
2096.0400587701797,-70.30807999578185,-70.30807999578185
2096.05005877018,-70.30181672731806,-70.30181672731806
2096.0600587701797,-70.29558824560276,-70.29558824560276
2096.07005877018,-70.28939461791782,-70.28939461791782
2096.0800587701797,-70.28323590881314,-70.28323590881314
2096.09005877018,-70.27711218012222,-70.27711218012222
2096.1000587940216,-70.27102347652668,-70.27102347652668
2096.110058794022,-70.26496988364975,-70.26496988364975
2096.1200587940216,-70.25895144085602,-70.25895144085602
2096.130058794022,-70.25296819953942,-70.25296819953942
2096.1400587940216,-70.24702020859178,-70.24702020859178
2096.150058794022,-70.24110751441394,-70.24110751441394
2096.1600587940216,-70.23523016098073,-70.23523016098073
2096.1700587940218,-70.2293881898516,-70.2293881898516
2096.1800587940215,-70.22358164021848,-70.22358164021848
2096.1900587940218,-70.21781054893893,-70.21781054893893
2096.2000587940215,-70.21207495058063,-70.21207495058063
2096.2100587940217,-70.20637487743242,-70.20637487743242
2096.2200587940215,-70.20071035957282,-70.20071035957282
2096.2300587940217,-70.19508142486924,-70.19508142486924
2096.2400587940215,-70.1894880990428,-70.1894880990428
2096.2500587940217,-70.18393040566876,-70.18393040566876
2096.2600587940215,-70.17840836624639,-70.17840836624639
2096.2700587940217,-70.17292200020219,-70.17292200020219
2096.2800587940214,-70.16747132493121,-70.16747132493121
2096.2900587940217,-70.16205635583252,-70.16205635583252
2096.3000587940214,-70.15667710634017,-70.15667710634017
2096.3100587940216,-70.15133358795259,-70.15133358795259
2096.3200587940214,-70.14602581025855,-70.14602581025855
2096.3300587940216,-70.14075378097778,-70.14075378097778
2096.3400587940214,-70.13551750597544,-70.13551750597544
2096.3500587940216,-70.13031698930838,-70.13031698930838
2096.360058794022,-70.12515223324407,-70.12515223324407
2096.3700587940216,-70.12002323829631,-70.12002323829631
2096.380058794022,-70.11493000323665,-70.11493000323665
2096.3900587940216,-70.10987252515815,-70.10987252515815
2096.400058794022,-70.1048507994576,-70.1048507994576
2096.4100587940216,-70.09986481989995,-70.09986481989995
2096.4200587940218,-70.09491457861535,-70.09491457861535
2096.4300587940215,-70.09000006616499,-70.09000006616499
2096.4400587940218,-70.08512127152302,-70.08512127152302
2096.4500587940215,-70.0802781821332,-70.0802781821332
2096.4600587940217,-70.07547078392324,-70.07547078392324
2096.4700587940215,-70.07069906133135,-70.07069906133135
2096.4800587940217,-70.06596299732647,-70.06596299732647
2096.4900587940215,-70.0612625734542,-70.0612625734542
2096.5000587940217,-70.05659776981796,-70.05659776981796
2096.5100587940215,-70.05196856514867,-70.05196856514867
2096.5200587940217,-70.04737493680305,-70.04737493680305
2096.5300587940214,-70.04281686080037,-70.04281686080037
2096.5400587940217,-70.03829431182633,-70.03829431182633
2096.5500587940214,-70.0338072632765,-70.0338072632765
2096.5600587940216,-70.02935568727258,-70.02935568727258
2096.5700587940214,-70.02493955466826,-70.02493955466826
2096.5800587940216,-70.02055883509802,-70.02055883509802
2096.5900587940214,-70.01621349697298,-70.01621349697298
2096.6000587940216,-70.01190350752363,-70.01190350752363
2096.610058794022,-70.00762883280846,-70.00762883280846
2096.6200587940216,-70.00338943774133,-70.00338943774133
2096.630058794022,-69.99918528609241,-69.99918528609241
2096.6400587940216,-69.99501634054295,-69.99501634054295
2096.650058794022,-69.99088256266971,-69.99088256266971
2096.6600587940216,-69.9867839129931,-69.9867839129931
2096.6700587940218,-69.98272035097176,-69.98272035097176
2096.6800587940215,-69.97869183504245,-69.97869183504245
2096.6900587940218,-69.97469832262065,-69.97469832262065
2096.7000587940215,-69.970739770136,-69.970739770136
2096.7100587940217,-69.9668076749362,-69.9668076749362
2096.7200587940215,-69.96289218116702,-69.96289218116702
2096.7300587940217,-69.95898478582902,-69.95898478582902
2096.7400587940215,-69.95507858614913,-69.95507858614913
2096.7500587940217,-69.95116795125222,-69.95116795125222
2096.7600587940215,-69.94724819835876,-69.94724819835876
2096.7700587940217,-69.94331536847136,-69.94331536847136
2096.7800587940214,-69.93936608129306,-69.93936608129306
2096.7900587940217,-69.93539743885084,-69.93539743885084
2096.8000587940214,-69.93140695698341,-69.93140695698341
2096.8100587940216,-69.92739251276683,-69.92739251276683
2096.8200587940214,-69.92335230165207,-69.92335230165207
2096.8300587940216,-69.91928480099541,-69.91928480099541
2096.8400587940214,-69.91518873839598,-69.91518873839598
2096.8500587940216,-69.91106306376142,-69.91106306376142
2096.860058794022,-69.90690692463576,-69.90690692463576
2096.8700587940216,-69.90271964426474,-69.90271964426474
2096.880058794022,-69.89850070219639,-69.89850070219639
2096.8900587940216,-69.89424971701965,-69.89424971701965
2096.900058794022,-69.88996643109004,-69.88996643109004
2096.9100587940216,-69.88565069696735,-69.88565069696735
2096.9200587940218,-69.88130246537929,-69.88130246537929
2096.9300587940215,-69.87692177457532,-69.87692177457532
2096.9400587940218,-69.87250874080901,-69.87250874080901
2096.9500588178635,-69.86806353935424,-69.86806353935424
2096.9600588178637,-69.86358643923525,-69.86358643923525
2096.9700588178634,-69.85907773328698,-69.85907773328698
2096.9800588178637,-69.85453777427337,-69.85453777427337
2096.9900588178634,-69.84996695908562,-69.84996695908562
2097.0000588178636,-69.8453657239106,-69.8453657239106
2097.0100588178634,-69.84073453997314,-69.84073453997314
2097.0200588178636,-69.83607390968265,-69.83607390968265
2097.0300588178634,-69.83138436317947,-69.83138436317947
2097.0400588178636,-69.82666645519983,-69.82666645519983
2097.0500588178634,-69.8219207622717,-69.8219207622717
2097.0600588178636,-69.81714788015843,-69.81714788015843
2097.0700588178634,-69.81234842154912,-69.81234842154912
2097.0800588178636,-69.80752301397422,-69.80752301397422
2097.0900588178633,-69.80267229791562,-69.80267229791562
2097.1000588178636,-69.7977969250435,-69.7977969250435
2097.1100588178633,-69.79289755667854,-69.79289755667854
2097.1200588178635,-69.78797486233316,-69.78797486233316
2097.1300588178633,-69.783029518417,-69.783029518417
2097.1400588178635,-69.7780622070209,-69.7780622070209
2097.1500588178633,-69.77307361484402,-69.77307361484402
2097.1600588178635,-69.76806443216454,-69.76806443216454
2097.1700588178633,-69.76303535194602,-69.76303535194602
2097.1800588178635,-69.75798706896681,-69.75798706896681
2097.1900588178632,-69.75292027905931,-69.75292027905931
2097.2000588178635,-69.7478356784005,-69.7478356784005
2097.2100588178637,-69.74273396285682,-69.74273396285682
2097.2200588178634,-69.7376158273778,-69.7376158273778
2097.2300588178637,-69.73248196544701,-69.73248196544701
2097.2400588178634,-69.72733306856867,-69.72733306856867
2097.2500588178636,-69.72216982580694,-69.72216982580694
2097.2600588178634,-69.71699292336145,-69.71699292336145
2097.2700588178636,-69.71180304414723,-69.71180304414723
2097.2800588178634,-69.70660086746193,-69.70660086746193
2097.2900588178636,-69.70138706862555,-69.70138706862555
2097.3000588178634,-69.69616231869212,-69.69616231869212
2097.3100588178636,-69.6909272841622,-69.6909272841622
2097.3200588178634,-69.68568262672157,-69.68568262672157
2097.3300588178636,-69.6804290030082,-69.6804290030082
2097.3400588178633,-69.67516706438636,-69.67516706438636
2097.3500588178636,-69.66989745676445,-69.66989745676445
2097.3600588178633,-69.66462082041616,-69.66462082041616
2097.3700588178635,-69.65933778979517,-69.65933778979517
2097.3800588178633,-69.65404899340673,-69.65404899340673
2097.3900588178635,-69.64875505367169,-69.64875505367169
2097.4000588178633,-69.64345658677342,-69.64345658677342
2097.4100588178635,-69.63815420261666,-69.63815420261666
2097.4200588178633,-69.63284850466077,-69.63284850466077
2097.4300588178635,-69.62754008986286,-69.62754008986286
2097.4400588178632,-69.62222954860613,-69.62222954860613
2097.4500588178635,-69.61691746462728,-69.61691746462728
2097.4600588178637,-69.61159835899177,-69.61159835899177
2097.4700588178634,-69.60627016076289,-69.60627016076289
2097.4800588178637,-69.60093215924611,-69.60093215924611
2097.4900588178634,-69.59558427107345,-69.59558427107345
2097.5000588178636,-69.5902267597844,-69.5902267597844
2097.5100588178634,-69.58486008973122,-69.58486008973122
2097.5200588178636,-69.57948484017298,-69.57948484017298
2097.5300588178634,-69.57410165353318,-69.57410165353318
2097.5400588178636,-69.56871120417064,-69.56871120417064
2097.5500588178634,-69.56331417970308,-69.56331417970308
2097.5600588178636,-69.55791126979187,-69.55791126979187
2097.5700588178634,-69.5525031596562,-69.5525031596562
2097.5800588178636,-69.54709052628714,-69.54709052628714
2097.5900588178633,-69.54167403650851,-69.54167403650851
2097.6000588178636,-69.53625434596098,-69.53625434596098
2097.6100588178633,-69.5308320987836,-69.5308320987836
2097.6200588178635,-69.5254079276232,-69.5254079276232
2097.6300588178633,-69.51998245385025,-69.51998245385025
2097.6400588178635,-69.51455628788871,-69.51455628788871
2097.6500588178633,-69.50913002956393,-69.50913002956393
2097.6600588178635,-69.50370426848914,-69.50370426848914
2097.6700588178633,-69.49827958440804,-69.49827958440804
2097.6800588178635,-69.49285654753338,-69.49285654753338
2097.6900588178632,-69.48743571886816,-69.48743571886816
2097.7000588178635,-69.48201765044462,-69.48201765044462
2097.7100588178637,-69.47659684129626,-69.47659684129626
2097.7200588178634,-69.47117118988908,-69.47117118988908
2097.7300588178637,-69.4657399510184,-69.4657399510184
2097.7400588178634,-69.46030300455185,-69.46030300455185
2097.7500588178636,-69.45486057570645,-69.45486057570645
2097.7600588178634,-69.4494130893463,-69.4494130893463
2097.7700588178636,-69.44396108429653,-69.44396108429653
2097.7800588178634,-69.43850516181128,-69.43850516181128
2097.7900588178636,-69.4330459545456,-69.4330459545456
2097.8000588417053,-69.42758409490658,-69.42758409490658
2097.8100588417055,-69.42212025601539,-69.42212025601539
2097.8200588417053,-69.41665506726292,-69.41665506726292
2097.8300588417055,-69.41118916262307,-69.41118916262307
2097.8400588417053,-69.40572316574021,-69.40572316574021
2097.8500588417055,-69.40025768900806,-69.40025768900806
2097.8600588417053,-69.3947933332806,-69.3947933332806
2097.8700588417055,-69.38933068794307,-69.38933068794307
2097.8800588417052,-69.38387033114448,-69.38387033114448
2097.8900588417055,-69.37841283018031,-69.37841283018031
2097.9000588417052,-69.37295874187069,-69.37295874187069
2097.9100588417054,-69.36750861295938,-69.36750861295938
2097.920058841705,-69.36206298050983,-69.36206298050983
2097.9300588417054,-69.35662237224376,-69.35662237224376
2097.940058841705,-69.3511873068645,-69.3511873068645
2097.9500588417054,-69.3457582943799,-69.3457582943799
2097.960058841705,-69.34033583633538,-69.34033583633538
2097.9700588417054,-69.33492042607702,-69.33492042607702
2097.980058841705,-69.32951254893044,-69.32951254893044
2097.9900588417054,-69.32411268243705,-69.32411268243705
2098.000058841705,-69.31872129647849,-69.31872129647849
2098.0100588417054,-69.31333885345934,-69.31333885345934
2098.020058841705,-69.30796580843747,-69.30796580843747
2098.0300588417053,-69.3026026092511,-69.3026026092511
2098.040058841705,-69.2972496966295,-69.2972496966295
2098.0500588417053,-69.29190750430773,-69.29190750430773
2098.0600588417055,-69.28657645910496,-69.28657645910496
2098.0700588417053,-69.28125698104581,-69.28125698104581
2098.0800588417055,-69.27594948342475,-69.27594948342475
2098.0900588417053,-69.27065437289025,-69.27065437289025
2098.1000588417055,-69.2653720495298,-69.2653720495298
2098.1100588417053,-69.26010290693286,-69.26010290693286
2098.1200588417055,-69.25484733227019,-69.25484733227019
2098.1300588417052,-69.24960570636185,-69.24960570636185
2098.1400588417055,-69.24437840373415,-69.24437840373415
2098.1500588417052,-69.23916579269213,-69.23916579269213
2098.1600588417054,-69.23396823539247,-69.23396823539247
2098.170058841705,-69.22878608788007,-69.22878608788007
2098.1800588417054,-69.22361970019021,-69.22361970019021
2098.190058841705,-69.2184694163623,-69.2184694163623
2098.2000588417054,-69.2133355745267,-69.2133355745267
2098.210058841705,-69.208218506975,-69.208218506975
2098.2200588417054,-69.2031185401907,-69.2031185401907
2098.230058841705,-69.19803599492917,-69.19803599492917
2098.2400588417054,-69.19297118626015,-69.19297118626015
2098.250058841705,-69.18792442365981,-69.18792442365981
2098.2600588417054,-69.18289601102414,-69.18289601102414
2098.270058841705,-69.17788624674905,-69.17788624674905
2098.2800588417053,-69.17289542380152,-69.17289542380152
2098.290058841705,-69.16792382975397,-69.16792382975397
2098.3000588417053,-69.16297174685344,-69.16297174685344
2098.3100588417055,-69.15803945207914,-69.15803945207914
2098.3200588417053,-69.15312721720386,-69.15312721720386
2098.3300588417055,-69.14823530883419,-69.14823530883419
2098.3400588417053,-69.14336398850126,-69.14336398850126
2098.3500588417055,-69.13851351267566,-69.13851351267566
2098.3600588417053,-69.13368413285617,-69.13368413285617
2098.3700588417055,-69.12887609562435,-69.12887609562435
2098.3800588417052,-69.12408964268546,-69.12408964268546
2098.3900588417055,-69.11932501092697,-69.11932501092697
2098.4000588417052,-69.11458243250037,-69.11458243250037
2098.4100588417054,-69.10986213484355,-69.10986213484355
2098.420058841705,-69.10516434076158,-69.10516434076158
2098.4300588417054,-69.10048926846865,-69.10048926846865
2098.440058841705,-69.09583713164494,-69.09583713164494
2098.4500588417054,-69.09120813950902,-69.09120813950902
2098.460058841705,-69.08660249685255,-69.08660249685255
2098.4700588417054,-69.0820204040911,-69.0820204040911
2098.480058841705,-69.07746205735084,-69.07746205735084
2098.4900588417054,-69.07292764848636,-69.07292764848636
2098.500058841705,-69.06841736516144,-69.06841736516144
2098.5100588417054,-69.06393139087633,-69.06393139087633
2098.520058841705,-69.05946990504957,-69.05946990504957
2098.5300588417053,-69.0550330830479,-69.0550330830479
2098.540058841705,-69.05062109625715,-69.05062109625715
2098.5500588417053,-69.04623411212171,-69.04623411212171
2098.5600588417055,-69.04187229419854,-69.04187229419854
2098.5700588417053,-69.03753580221772,-69.03753580221772
2098.5800588417055,-69.03322479211377,-69.03322479211377
2098.5900588417053,-69.02893941609953,-69.02893941609953
2098.6000588417055,-69.02467982269965,-69.02467982269965
2098.6100588417053,-69.02044615680371,-69.02044615680371
2098.6200588417055,-69.01623855972348,-69.01623855972348
2098.6300588417052,-69.01205716923447,-69.01205716923447
2098.6400588417055,-69.00790211962173,-69.00790211962173
2098.650058865547,-69.00377353191152,-69.00377353191152
2098.6600588655474,-68.9996715532879,-68.9996715532879
2098.670058865547,-68.99559629796961,-68.99559629796961
2098.6800588655474,-68.99154788678327,-68.99154788678327
2098.690058865547,-68.98752643728814,-68.98752643728814
2098.7000588655474,-68.98353206384641,-68.98353206384641
2098.710058865547,-68.97956487767486,-68.97956487767486
2098.7200588655473,-68.97562498685835,-68.97562498685835
2098.730058865547,-68.97171249642162,-68.97171249642162
2098.7400588655473,-68.96782750834994,-68.96782750834994
2098.750058865547,-68.96397012166143,-68.96397012166143
2098.7600588655473,-68.9601404324251,-68.9601404324251
2098.770058865547,-68.95633853381045,-68.95633853381045
2098.7800588655473,-68.95256451614162,-68.95256451614162
2098.790058865547,-68.94881846692469,-68.94881846692469
2098.8000588655473,-68.94510047087331,-68.94510047087331
2098.810058865547,-68.94141060999425,-68.94141060999425
2098.8200588655473,-68.93774896359328,-68.93774896359328
2098.830058865547,-68.93411560832193,-68.93411560832193
2098.8400588655472,-68.93051061822032,-68.93051061822032
2098.850058865547,-68.92693406474899,-68.92693406474899
2098.860058865547,-68.92338601682884,-68.92338601682884
2098.870058865547,-68.91986654089717,-68.91986654089717
2098.880058865547,-68.91637570092009,-68.91637570092009
2098.890058865547,-68.9129135584414,-68.9129135584414
2098.900058865547,-68.90948017260739,-68.90948017260739
2098.9100588655474,-68.90607560022406,-68.90607560022406
2098.920058865547,-68.90269989578078,-68.90269989578078
2098.9300588655474,-68.89935311147838,-68.89935311147838
2098.940058865547,-68.89603529727626,-68.89603529727626
2098.9500588655474,-68.8927465009069,-68.8927465009069
2098.960058865547,-68.88948077286993,-68.88948077286993
2098.9700588655473,-68.88623553944586,-68.88623553944586
2098.980058865547,-68.88300957766741,-68.88300957766741
2098.9900588655473,-68.87980229026152,-68.87980229026152
2099.000058865547,-68.87661342819942,-68.87661342819942
2099.0100588655473,-68.87344294606524,-68.87344294606524
2099.020058865547,-68.87029091707241,-68.87029091707241
2099.0300588655473,-68.8671574818494,-68.8671574818494
2099.040058865547,-68.86404281756933,-68.86404281756933
2099.0500588655473,-68.8609471194512,-68.8609471194512
2099.060058865547,-68.857870589748,-68.857870589748
2099.0700588655473,-68.85481343125397,-68.85481343125397
2099.080058865547,-68.85177584368891,-68.85177584368891
2099.0900588655472,-68.84875802167082,-68.84875802167082
2099.100058865547,-68.84576015383075,-68.84576015383075
2099.110058865547,-68.84278242242968,-68.84278242242968
2099.120058865547,-68.83982500342125,-68.83982500342125
2099.130058865547,-68.83688806665332,-68.83688806665332
2099.140058865547,-68.83397177618141,-68.83397177618141
2099.150058865547,-68.83107629062341,-68.83107629062341
2099.1600588655474,-68.82820176353842,-68.82820176353842
2099.170058865547,-68.82534834375016,-68.82534834375016
2099.1800588655474,-68.82251617566453,-68.82251617566453
2099.190058865547,-68.81970539957695,-68.81970539957695
2099.2000588655474,-68.81691615191387,-68.81691615191387
2099.210058865547,-68.81414856547295,-68.81414856547295
2099.2200588655473,-68.8114027696051,-68.8114027696051
2099.230058865547,-68.80867889040545,-68.80867889040545
2099.2400588655473,-68.80597705086853,-68.80597705086853
2099.250058865547,-68.80329737099684,-68.80329737099684
2099.2600588655473,-68.80063996795444,-68.80063996795444
2099.270058865547,-68.79800495613507,-68.79800495613507
2099.2800588655473,-68.79539244727133,-68.79539244727133
2099.290058865547,-68.79280255050273,-68.79280255050273
2099.3000588655473,-68.79023537243197,-68.79023537243197
2099.310058865547,-68.78769101720543,-68.78769101720543
2099.3200588655473,-68.78516958654967,-68.78516958654967
2099.330058865547,-68.78267117983239,-68.78267117983239
2099.3400588655472,-68.78019589408773,-68.78019589408773
2099.350058865547,-68.77774382407252,-68.77774382407252
2099.360058865547,-68.77531506226347,-68.77531506226347
2099.370058865547,-68.7729096989371,-68.7729096989371
2099.380058865547,-68.77052782215814,-68.77052782215814
2099.390058865547,-68.76816951782811,-68.76816951782811
2099.400058865547,-68.76583486969415,-68.76583486969415
2099.4100588655474,-68.76352395937549,-68.76352395937549
2099.420058865547,-68.76123686640645,-68.76123686640645
2099.4300588655474,-68.75897366822149,-68.75897366822149
2099.440058865547,-68.75673444019829,-68.75673444019829
2099.4500588655474,-68.75451925566676,-68.75451925566676
2099.460058865547,-68.7523281859317,-68.7523281859317
2099.4700588655473,-68.75016130028207,-68.75016130028207
2099.480058865547,-68.74801866603138,-68.74801866603138
2099.4900588655473,-68.74590034851161,-68.74590034851161
2099.500058889389,-68.74380640611734,-68.74380640611734
2099.5100588893893,-68.74173691030569,-68.74173691030569
2099.520058889389,-68.73969191555207,-68.73969191555207
2099.5300588893892,-68.73767147945698,-68.73767147945698
2099.540058889389,-68.73567565774756,-68.73567565774756
2099.550058889389,-68.73370450427512,-68.73370450427512
2099.560058889389,-68.73175807103405,-68.73175807103405
2099.570058889389,-68.72983640817934,-68.72983640817934
2099.580058889389,-68.72793956405863,-68.72793956405863
2099.590058889389,-68.72606758519927,-68.72606758519927
2099.600058889389,-68.72422051635712,-68.72422051635712
2099.610058889389,-68.72239840052235,-68.72239840052235
2099.620058889389,-68.7206012789256,-68.7206012789256
2099.630058889389,-68.71882919106292,-68.71882919106292
2099.640058889389,-68.7170821747194,-68.7170821747194
2099.650058889389,-68.71536026599426,-68.71536026599426
2099.660058889389,-68.71366349930074,-68.71366349930074
2099.670058889389,-68.7119919073713,-68.7119919073713
2099.680058889389,-68.7103455213244,-68.7103455213244
2099.690058889389,-68.70872437063507,-68.70872437063507
2099.700058889389,-68.70712848317798,-68.70712848317798
2099.710058889389,-68.7055578852341,-68.7055578852341
2099.720058889389,-68.70401260151661,-68.70401260151661
2099.730058889389,-68.70249265517428,-68.70249265517428
2099.740058889389,-68.70099806784681,-68.70099806784681
2099.750058889389,-68.69952885963146,-68.69952885963146
2099.7600588893893,-68.69808504914334,-68.69808504914334
2099.770058889389,-68.69666665349924,-68.69666665349924
2099.7800588893892,-68.69527368837362,-68.69527368837362
2099.790058889389,-68.69390616798337,-68.69390616798337
2099.800058889389,-68.69256410512338,-68.69256410512338
2099.810058889389,-68.69124751118524,-68.69124751118524
2099.820058889389,-68.68995639615571,-68.68995639615571
2099.830058889389,-68.6886907686662,-68.6886907686662
2099.840058889389,-68.6874506359831,-68.6874506359831
2099.850058889389,-68.68623600404729,-68.68623600404729
2099.860058889389,-68.68504687746456,-68.68504687746456
2099.870058889389,-68.68388325955115,-68.68388325955115
2099.880058889389,-68.68274515233786,-68.68274515233786
2099.890058889389,-68.68163255659033,-68.68163255659033
2099.900058889389,-68.68054547181957,-68.68054547181957
2099.910058889389,-68.67948389631296,-68.67948389631296
2099.920058889389,-68.6784478271335,-68.6784478271335
2099.930058889389,-68.67743726016576,-68.67743726016576
2099.940058889389,-68.67645219009424,-68.67645219009424
2099.950058889389,-68.67549261045131,-68.67549261045131
2099.960058889389,-68.67455851362169,-68.67455851362169
2099.970058889389,-68.67364989086288,-68.67364989086288
2099.980058889389,-68.67276673230522,-68.67276673230522
2099.990058889389,-68.67190902699812,-68.67190902699812
2100.000058889389,-68.67107676291366,-68.67107676291366
2100.0100588893893,-68.67026992694386,-68.67026992694386
2100.020058889389,-68.66948850494374,-68.66948850494374
2100.0300588893892,-68.66873248172841,-68.66873248172841
2100.040058889389,-68.66800184110785,-68.66800184110785
2100.050058889389,-68.66729656587337,-68.66729656587337
2100.060058889389,-68.6666166378518,-68.6666166378518
2100.070058889389,-68.66596203788419,-68.66596203788419
2100.080058889389,-68.66533274586742,-68.66533274586742
2100.090058889389,-68.66472874074836,-68.66472874074836
2100.100058889389,-68.66415000055488,-68.66415000055488
2100.110058889389,-68.66359650240054,-68.66359650240054
2100.120058889389,-68.66306822251023,-68.66306822251023
2100.130058889389,-68.66256513622425,-68.66256513622425
2100.140058889389,-68.66208721801252,-68.66208721801252
2100.150058889389,-68.66163444149194,-68.66163444149194
2100.160058889389,-68.66120677945051,-68.66120677945051
2100.170058889389,-68.66080420384002,-68.66080420384002
2100.180058889389,-68.6604266858044,-68.6604266858044
2100.190058889389,-68.66007419569435,-68.66007419569435
2100.200058889389,-68.65974670307419,-68.65974670307419
2100.210058889389,-68.65944417673497,-68.65944417673497
2100.220058889389,-68.65916658471446,-68.65916658471446
2100.230058889389,-68.65891389429822,-68.65891389429822
2100.240058889389,-68.65868607204703,-68.65868607204703
2100.250058889389,-68.65848308378888,-68.65848308378888
2100.2600588893893,-68.6583048946653,-68.6583048946653
2100.270058889389,-68.65815146911436,-68.65815146911436
2100.2800588893892,-68.65802277088494,-68.65802277088494
2100.290058889389,-68.65791876306187,-68.65791876306187
2100.300058889389,-68.65783940806672,-68.65783940806672
2100.310058889389,-68.6577846676874,-68.6577846676874
2100.320058889389,-68.65775450306201,-68.65775450306201
2100.330058889389,-68.65774887471571,-68.65774887471571
2100.340058889389,-68.65776774255156,-68.65776774255156
2100.350058913231,-68.65781106599057,-68.65781106599057
2100.360058913231,-68.65787880360257,-68.65787880360257
2100.370058913231,-68.65797091355974,-68.65797091355974
2100.380058913231,-68.65808735343712,-68.65808735343712
2100.390058913231,-68.6582280802414,-68.6582280802414
2100.400058913231,-68.65839305044332,-68.65839305044332
2100.410058913231,-68.65858221997657,-68.65858221997657
2100.420058913231,-68.65879554424004,-68.65879554424004
2100.430058913231,-68.65903297812137,-68.65903297812137
2100.440058913231,-68.65929447600281,-68.65929447600281
2100.450058913231,-68.65957999176453,-68.65957999176453
2100.460058913231,-68.65988947880439,-68.65988947880439
2100.470058913231,-68.66022289005123,-68.66022289005123
2100.480058913231,-68.6605801779495,-68.6605801779495
2100.4900589132308,-68.66096129449208,-68.66096129449208
2100.500058913231,-68.66136619122811,-68.66136619122811
2100.5100589132308,-68.66179481925835,-68.66179481925835
2100.520058913231,-68.66224712925278,-68.66224712925278
2100.5300589132307,-68.66272307146775,-68.66272307146775
2100.540058913231,-68.66322259574758,-68.66322259574758
2100.5500589132307,-68.66374565150866,-68.66374565150866
2100.560058913231,-68.66429218779373,-68.66429218779373
2100.5700589132307,-68.66486215325928,-68.66486215325928
2100.580058913231,-68.66545549615381,-68.66545549615381
2100.5900589132307,-68.66607216438702,-68.66607216438702
2100.600058913231,-68.66671210548581,-68.66671210548581
2100.610058913231,-68.66737526662858,-68.66737526662858
2100.620058913231,-68.66806159464119,-68.66806159464119
2100.630058913231,-68.66877103600878,-68.66877103600878
2100.640058913231,-68.66950353688922,-68.66950353688922
2100.650058913231,-68.67025904311016,-68.67025904311016
2100.660058913231,-68.67103750017799,-68.67103750017799
2100.670058913231,-68.67183885329621,-68.67183885329621
2100.680058913231,-68.67266304736539,-68.67266304736539
2100.690058913231,-68.67351002698095,-68.67351002698095
2100.700058913231,-68.67437973644748,-68.67437973644748
2100.710058913231,-68.67527211980222,-68.67527211980222
2100.720058913231,-68.67618712078588,-68.67618712078588
2100.730058913231,-68.67712468289321,-68.67712468289321
2100.7400589132308,-68.67808474933257,-68.67808474933257
2100.750058913231,-68.67906726307385,-68.67906726307385
2100.7600589132308,-68.68007216682717,-68.68007216682717
2100.770058913231,-68.68109940306205,-68.68109940306205
2100.7800589132307,-68.68214891401153,-68.68214891401153
2100.790058913231,-68.68322064167643,-68.68322064167643
2100.8000589132307,-68.6843145278295,-68.6843145278295
2100.810058913231,-68.68543051402204,-68.68543051402204
2100.8200589132307,-68.68656854160555,-68.68656854160555
2100.830058913231,-68.68772855170953,-68.68772855170953
2100.8400589132307,-68.68891048527439,-68.68891048527439
2100.850058913231,-68.69011428302957,-68.69011428302957
2100.860058913231,-68.69133988551795,-68.69133988551795
2100.870058913231,-68.69258723310605,-68.69258723310605
2100.880058913231,-68.69385626597064,-68.69385626597064
2100.890058913231,-68.69514692411278,-68.69514692411278
2100.900058913231,-68.69645914736991,-68.69645914736991
2100.910058913231,-68.6977928754146,-68.6977928754146
2100.920058913231,-68.6991480477486,-68.6991480477486
2100.930058913231,-68.70052460373584,-68.70052460373584
2100.940058913231,-68.701922482585,-68.701922482585
2100.950058913231,-68.70334162334996,-68.70334162334996
2100.960058913231,-68.7047819649566,-68.7047819649566
2100.970058913231,-68.70624344619098,-68.70624344619098
2100.980058913231,-68.70772600570501,-68.70772600570501
2100.9900589132308,-68.70922958203359,-68.70922958203359
2101.000058913231,-68.71075411357594,-68.71075411357594
2101.0100589132308,-68.71229953862823,-68.71229953862823
2101.020058913231,-68.71386579536166,-68.71386579536166
2101.0300589132307,-68.7154528218463,-68.7154528218463
2101.040058913231,-68.71706055604218,-68.71706055604218
2101.0500589132307,-68.718688935821,-68.718688935821
2101.060058913231,-68.72033789894053,-68.72033789894053
2101.0700589132307,-68.72200738308052,-68.72200738308052
2101.080058913231,-68.72369732582428,-68.72369732582428
2101.0900589132307,-68.72540766467459,-68.72540766467459
2101.100058913231,-68.72713833705562,-68.72713833705562
2101.110058913231,-68.72888928030581,-68.72888928030581
2101.120058913231,-68.73066043170121,-68.73066043170121
2101.130058913231,-68.73245172844261,-68.73245172844261
2101.140058913231,-68.73426310766567,-68.73426310766567
2101.150058913231,-68.73609450644055,-68.73609450644055
2101.160058913231,-68.73794586179004,-68.73794586179004
2101.170058913231,-68.73981711066992,-68.73981711066992
2101.180058913231,-68.7417081899912,-68.7417081899912
2101.190058913231,-68.74361903660764,-68.74361903660764
2101.2000589370728,-68.7455495919493,-68.7455495919493
2101.210058937073,-68.74749379384097,-68.74749379384097
2101.2200589370727,-68.74944896282169,-68.74944896282169
2101.230058937073,-68.75141376341779,-68.75141376341779
2101.2400589370727,-68.75338748546507,-68.75338748546507
2101.250058937073,-68.75536976753833,-68.75536976753833
2101.2600589370727,-68.75736045306071,-68.75736045306071
2101.270058937073,-68.75935950572845,-68.75935950572845
2101.2800589370727,-68.76136695868426,-68.76136695868426
2101.290058937073,-68.76338288386069,-68.76338288386069
2101.3000589370727,-68.76540737360439,-68.76540737360439
2101.310058937073,-68.76744052969431,-68.76744052969431
2101.3200589370726,-68.76948245694146,-68.76948245694146
2101.330058937073,-68.77153325948002,-68.77153325948002
2101.3400589370726,-68.77359303876746,-68.77359303876746
2101.350058937073,-68.77566189261198,-68.77566189261198
2101.3600589370726,-68.77773991479098,-68.77773991479098
2101.370058937073,-68.77982719501654,-68.77982719501654
2101.3800589370726,-68.78192381909801,-68.78192381909801
2101.390058937073,-68.78402986920692,-68.78402986920692
2101.4000589370726,-68.78614542419011,-68.78614542419011
2101.410058937073,-68.78827055985415,-68.78827055985415
2101.4200589370726,-68.79040534928646,-68.79040534928646
2101.4300589370728,-68.79254986309867,-68.79254986309867
2101.4400589370725,-68.79470416969755,-68.79470416969755
2101.4500589370728,-68.79686833547541,-68.79686833547541
2101.460058937073,-68.79904242501375,-68.79904242501375
2101.4700589370727,-68.8012265012473,-68.8012265012473
2101.480058937073,-68.8034206255672,-68.8034206255672
2101.4900589370727,-68.80562485798175,-68.80562485798175
2101.500058937073,-68.80783925718883,-68.80783925718883
2101.5100589370727,-68.81006388066027,-68.81006388066027
2101.520058937073,-68.81229878471146,-68.81229878471146
2101.5300589370727,-68.81454402456994,-68.81454402456994
2101.540058937073,-68.81679965440225,-68.81679965440225
2101.5500589370727,-68.8190657273594,-68.8190657273594
2101.560058937073,-68.82134229561618,-68.82134229561618
2101.5700589370726,-68.82362941038589,-68.82362941038589
2101.580058937073,-68.82592712194216,-68.82592712194216
2101.5900589370726,-68.8282354796462,-68.8282354796462
2101.600058937073,-68.83055453193447,-68.83055453193447
2101.6100589370726,-68.83288432634423,-68.83288432634423
2101.620058937073,-68.83522490951826,-68.83522490951826
2101.6300589370726,-68.83757632721479,-68.83757632721479
2101.640058937073,-68.83993862429267,-68.83993862429267
2101.6500589370726,-68.8423118447262,-68.8423118447262
2101.660058937073,-68.84469603160336,-68.84469603160336
2101.6700589370726,-68.84709122713025,-68.84709122713025
2101.6800589370728,-68.84949747262213,-68.84949747262213
2101.6900589370725,-68.85191480850067,-68.85191480850067
2101.7000589370728,-68.85434327431149,-68.85434327431149
2101.710058937073,-68.85678290869667,-68.85678290869667
2101.7200589370727,-68.85923374941457,-68.85923374941457
2101.730058937073,-68.86169583331579,-68.86169583331579
2101.7400589370727,-68.8641691963739,-68.8641691963739
2101.750058937073,-68.86665387365336,-68.86665387365336
2101.7600589370727,-68.8691498993298,-68.8691498993298
2101.770058937073,-68.87165730667056,-68.87165730667056
2101.7800589370727,-68.87417612805778,-68.87417612805778
2101.790058937073,-68.87670639495836,-68.87670639495836
2101.8000589370727,-68.87924813795993,-68.87924813795993
2101.810058937073,-68.88180138673992,-68.88180138673992
2101.8200589370726,-68.88436617008176,-68.88436617008176
2101.830058937073,-68.88694251588637,-68.88694251588637
2101.8400589370726,-68.88953045113811,-68.88953045113811
2101.850058937073,-68.89213000194795,-68.89213000194795
2101.8600589370726,-68.89474119352707,-68.89474119352707
2101.870058937073,-68.89736405020531,-68.89736405020531
2101.8800589370726,-68.89999859543862,-68.89999859543862
2101.890058937073,-68.90264485177696,-68.90264485177696
2101.9000589370726,-68.90530284092401,-68.90530284092401
2101.910058937073,-68.90797258369,-68.90797258369
2101.9200589370726,-68.91065410002716,-68.91065410002716
2101.9300589370728,-68.91334740901597,-68.91334740901597
2101.9400589370725,-68.916052528885,-68.916052528885
2101.9500589370728,-68.91876947700736,-68.91876947700736
2101.960058937073,-68.92149826990277,-68.92149826990277
2101.9700589370727,-68.9242389232586,-68.9242389232586
2101.980058937073,-68.92699145191683,-68.92699145191683
2101.9900589370727,-68.92975586989279,-68.92975586989279
2102.000058937073,-68.93253219037233,-68.93253219037233
2102.0100589370727,-68.93532042572627,-68.93532042572627
2102.020058937073,-68.93812058750481,-68.93812058750481
2102.0300589370727,-68.94093268647535,-68.94093268647535
2102.040058937073,-68.94375673258307,-68.94375673258307
2102.0500589609146,-68.94659274175919,-68.94659274175919
2102.060058960915,-68.94944070889812,-68.94944070889812
2102.0700589609146,-68.95230064832164,-68.95230064832164
2102.080058960915,-68.95517256686605,-68.95517256686605
2102.0900589609146,-68.95805647061304,-68.95805647061304
2102.100058960915,-68.96095236488001,-68.96095236488001
2102.1100589609146,-68.96386025424673,-68.96386025424673
2102.120058960915,-68.9667801425452,-68.9667801425452
2102.1300589609145,-68.96971203287903,-68.96971203287903
2102.1400589609148,-68.97265592765136,-68.97265592765136
2102.1500589609145,-68.97561182852303,-68.97561182852303
2102.1600589609147,-68.97857973646994,-68.97857973646994
2102.1700589609145,-68.9815596517508,-68.9815596517508
2102.1800589609147,-68.98455157395736,-68.98455157395736
2102.1900589609145,-68.98755550198516,-68.98755550198516
2102.2000589609147,-68.99057143405983,-68.99057143405983
2102.2100589609145,-68.99359936775879,-68.99359936775879
2102.2200589609147,-68.99663929998363,-68.99663929998363
2102.2300589609144,-68.99969122699262,-68.99969122699262
2102.2400589609147,-69.00275514441198,-69.00275514441198
2102.2500589609144,-69.00583104723528,-69.00583104723528
2102.2600589609146,-69.00891892983556,-69.00891892983556
2102.2700589609144,-69.0120187859706,-69.0120187859706
2102.2800589609146,-69.01513060878389,-69.01513060878389
2102.2900589609144,-69.01825439084104,-69.01825439084104
2102.3000589609146,-69.02139012410724,-69.02139012410724
2102.310058960915,-69.0245377999599,-69.0245377999599
2102.3200589609146,-69.02769740922581,-69.02769740922581
2102.330058960915,-69.030868942145,-69.030868942145
2102.3400589609146,-69.03405238842471,-69.03405238842471
2102.350058960915,-69.03724773719891,-69.03724773719891
2102.3600589609146,-69.04045497709158,-69.04045497709158
2102.370058960915,-69.04367409616646,-69.04367409616646
2102.3800589609145,-69.04690508198105,-69.04690508198105
2102.3900589609148,-69.05014792158238,-69.05014792158238
2102.4000589609145,-69.05340260149511,-69.05340260149511
2102.4100589609147,-69.05666910776236,-69.05666910776236
2102.4200589609145,-69.05994742591207,-69.05994742591207
2102.4300589609147,-69.06323754100744,-69.06323754100744
2102.4400589609145,-69.0665394376354,-69.0665394376354
2102.4500589609147,-69.06985309991026,-69.06985309991026
2102.4600589609145,-69.07317249125741,-69.07317249125741
2102.4700589609147,-69.07649495886996,-69.07649495886996
2102.4800589609144,-69.07981920380858,-69.07981920380858
2102.4900589609147,-69.08314455439555,-69.08314455439555
2102.5000589609144,-69.08647068856992,-69.08647068856992
2102.5100589609146,-69.08979748948114,-69.08979748948114
2102.5200589609144,-69.09312496070879,-69.09312496070879
2102.5300589609146,-69.09645317528854,-69.09645317528854
2102.5400589609144,-69.09978224503503,-69.09978224503503
2102.5500589609146,-69.10311230212763,-69.10311230212763
2102.560058960915,-69.1064434881112,-69.1064434881112
2102.5700589609146,-69.10977594747264,-69.10977594747264
2102.580058960915,-69.11310982392052,-69.11310982392052
2102.5900589609146,-69.11644525841162,-69.11644525841162
2102.600058960915,-69.11978238812546,-69.11978238812546
2102.6100589609146,-69.12312134607669,-69.12312134607669
2102.620058960915,-69.12646226108875,-69.12646226108875
2102.6300589609145,-69.12980525793957,-69.12980525793957
2102.6400589609148,-69.13315045761698,-69.13315045761698
2102.6500589609145,-69.13649797760644,-69.13649797760644
2102.6600589609147,-69.13984793219609,-69.13984793219609
2102.6700589609145,-69.1432004327659,-69.1432004327659
2102.6800589609147,-69.14655558804799,-69.14655558804799
2102.6900589609145,-69.14991350437239,-69.14991350437239
2102.7000589609147,-69.15327428585523,-69.15327428585523
2102.7100589609145,-69.15663803460635,-69.15663803460635
2102.7200589609147,-69.16000485086428,-69.16000485086428
2102.7300589609144,-69.16337483315226,-69.16337483315226
2102.7400589609147,-69.16674807836075,-69.16674807836075
2102.7500589609144,-69.17012468187073,-69.17012468187073
2102.7600589609146,-69.17350473762554,-69.17350473762554
2102.7700589609144,-69.17688833819146,-69.17688833819146
2102.7800589609146,-69.18027557480418,-69.18027557480418
2102.7900589609144,-69.1836665374503,-69.1836665374503
2102.8000589609146,-69.18706131485523,-69.18706131485523
2102.810058960915,-69.19045999455548,-69.19045999455548
2102.8200589609146,-69.19386266288953,-69.19386266288953
2102.830058960915,-69.19726940505167,-69.19726940505167
2102.8400589609146,-69.20068030507439,-69.20068030507439
2102.850058960915,-69.20409544585969,-69.20409544585969
2102.8600589609146,-69.20751490917398,-69.20751490917398
2102.870058960915,-69.21093877567903,-69.21093877567903
2102.8800589609145,-69.21436712490473,-69.21436712490473
2102.8900589609148,-69.217800035279,-69.217800035279
2102.9000589847565,-69.22123759230544,-69.22123759230544
2102.9100589847567,-69.22467985583026,-69.22467985583026
2102.9200589847565,-69.22812690912313,-69.22812690912313
2102.9300589847567,-69.23157882617579,-69.23157882617579
2102.9400589847564,-69.23503567987605,-69.23503567987605
2102.9500589847567,-69.2384975420004,-69.2384975420004
2102.9600589847564,-69.24195844833356,-69.24195844833356
2102.9700589847566,-69.24541582590231,-69.24541582590231
2102.9800589847564,-69.24886845801944,-69.24886845801944
2102.9900589847566,-69.25231575594819,-69.25231575594819
2103.0000589847564,-69.25575748061016,-69.25575748061016
2103.0100589847566,-69.25919359786036,-69.25919359786036
2103.0200589847564,-69.26262419358653,-69.26262419358653
2103.0300589847566,-69.26604942261645,-69.26604942261645
2103.0400589847563,-69.26946947800607,-69.26946947800607
2103.0500589847566,-69.27288457255139,-69.27288457255139
2103.0600589847563,-69.276294927837,-69.276294927837
2103.0700589847565,-69.27970076771331,-69.27970076771331
2103.0800589847563,-69.28310231463739,-69.28310231463739
2103.0900589847565,-69.28649978763511,-69.28649978763511
2103.1000589847563,-69.28989340129016,-69.28989340129016
2103.1100589847565,-69.29328336535514,-69.29328336535514
2103.1200589847563,-69.2966698847116,-69.2966698847116
2103.1300589847565,-69.30005315949192,-69.30005315949192
2103.1400589847563,-69.30343338534263,-69.30343338534263
2103.1500589847565,-69.30681075372401,-69.30681075372401
2103.1600589847567,-69.31018545219187,-69.31018545219187
2103.1700589847565,-69.31355766467364,-69.31355766467364
2103.1800589847567,-69.31692757174673,-69.31692757174673
2103.1900589847564,-69.32029535087261,-69.32029535087261
2103.2000589847567,-69.32366117658697,-69.32366117658697
2103.2100589847564,-69.3270252206948,-69.3270252206948
2103.2200589847566,-69.33038765241355,-69.33038765241355
2103.2300589847564,-69.3337486385236,-69.3337486385236
2103.2400589847566,-69.33710834345996,-69.33710834345996
2103.2500589847564,-69.34046692943039,-69.34046692943039
2103.2600589847566,-69.34382455646481,-69.34382455646481
2103.2700589847564,-69.34718138252288,-69.34718138252288
2103.2800589847566,-69.35053756351752,-69.35053756351752
2103.2900589847563,-69.35389325337292,-69.35389325337292
2103.3000589847566,-69.35724860406118,-69.35724860406118
2103.3100589847563,-69.36060376564676,-69.36060376564676
2103.3200589847565,-69.36395888629158,-69.36395888629158
2103.3300589847563,-69.36731411230208,-69.36731411230208
2103.3400589847565,-69.37066958812729,-69.37066958812729
2103.3500589847563,-69.37402545637694,-69.37402545637694
2103.3600589847565,-69.3773818578449,-69.3773818578449
2103.3700589847563,-69.38073893150731,-69.38073893150731
2103.3800589847565,-69.38409681453848,-69.38409681453848
2103.3900589847563,-69.3874556423215,-69.3874556423215
2103.4000589847565,-69.39081554844446,-69.39081554844446
2103.4100589847567,-69.39417666471445,-69.39417666471445
2103.4200589847565,-69.3975391211575,-69.3975391211575
2103.4300589847567,-69.40090304602168,-69.40090304602168
2103.4400589847564,-69.40426856579867,-69.40426856579867
2103.4500589847567,-69.40763580519916,-69.40763580519916
2103.4600589847564,-69.41099883824599,-69.41099883824599
2103.4700589847566,-69.41435513782027,-69.41435513782027
2103.4800589847564,-69.41770353559093,-69.41770353559093
2103.4900589847566,-69.42104349187946,-69.42104349187946
2103.5000589847564,-69.42437481675591,-69.42437481675591
2103.5100589847566,-69.42769752502042,-69.42769752502042
2103.5200589847564,-69.4310117511105,-69.4310117511105
2103.5300589847566,-69.43431769795713,-69.43431769795713
2103.5400589847563,-69.43761560618294,-69.43761560618294
2103.5500589847566,-69.44090573562207,-69.44090573562207
2103.5600589847563,-69.4441883543148,-69.4441883543148
2103.5700589847565,-69.44746373202867,-69.44746373202867
2103.5800589847563,-69.450732136564,-69.450732136564
2103.5900589847565,-69.45399383172429,-69.45399383172429
2103.6000589847563,-69.45724907632325,-69.45724907632325
2103.6100589847565,-69.46049812377306,-69.46049812377306
2103.6200589847563,-69.4637412220587,-69.4637412220587
2103.6300589847565,-69.4669786138973,-69.4669786138973
2103.6400589847563,-69.47021053695006,-69.47021053695006
2103.6500589847565,-69.47343722416117,-69.47343722416117
2103.6600589847567,-69.47665890404387,-69.47665890404387
2103.6700589847565,-69.47987580094949,-69.47987580094949
2103.6800589847567,-69.48308813536111,-69.48308813536111
2103.6900589847564,-69.48629612411823,-69.48629612411823
2103.7000589847567,-69.48949998061931,-69.48949998061931
2103.7100589847564,-69.49269991503533,-69.49269991503533
2103.7200589847566,-69.49589613445033,-69.49589613445033
2103.7300589847564,-69.49908884299766,-69.49908884299766
2103.7400589847566,-69.50227824197835,-69.50227824197835
2103.7500590085983,-69.50546453755885,-69.50546453755885
2103.7600590085985,-69.50864791049342,-69.50864791049342
2103.7700590085983,-69.5118285617502,-69.5118285617502
2103.7800590085985,-69.51500668218124,-69.51500668218124
2103.7900590085983,-69.51818246020082,-69.51818246020082
2103.8000590085985,-69.52135608179026,-69.52135608179026
2103.8100590085983,-69.52452773056643,-69.52452773056643
2103.8200590085985,-69.52769758779898,-69.52769758779898
2103.8300590085983,-69.53086583244651,-69.53086583244651
2103.8400590085985,-69.53403264117064,-69.53403264117064
2103.8500590085982,-69.53719818836286,-69.53719818836286
2103.8600590085985,-69.54036264616174,-69.54036264616174
2103.870059008598,-69.54352618446812,-69.54352618446812
2103.8800590085984,-69.54668897094461,-69.54668897094461
2103.890059008598,-69.54985117105274,-69.54985117105274
2103.9000590085984,-69.55301294805163,-69.55301294805163
2103.910059008598,-69.55617446300302,-69.55617446300302
2103.9200590085984,-69.55933587479122,-69.55933587479122
2103.930059008598,-69.56249734012576,-69.56249734012576
2103.9400590085984,-69.56565901356142,-69.56565901356142
2103.950059008598,-69.5688210474936,-69.5688210474936
2103.9600590085984,-69.5719835921771,-69.5719835921771
2103.970059008598,-69.57514679573458,-69.57514679573458
2103.9800590085983,-69.57831080416587,-69.57831080416587
2103.990059008598,-69.58147576135856,-69.58147576135856
2104.0000590085983,-69.5846418090855,-69.5846418090855
2104.0100590085985,-69.5878090870408,-69.5878090870408
2104.0200590085983,-69.59097773282554,-69.59097773282554
2104.0300590085985,-69.59414788197184,-69.59414788197184
2104.0400590085983,-69.59731966795783,-69.59731966795783
2104.0500590085985,-69.60049322220387,-69.60049322220387
2104.0600590085983,-69.60366867410173,-69.60366867410173
2104.0700590085985,-69.60684615101655,-69.60684615101655
2104.0800590085983,-69.61002577830536,-69.61002577830536
2104.0900590085985,-69.61320767931589,-69.61320767931589
2104.1000590085982,-69.61639197542857,-69.61639197542857
2104.1100590085985,-69.61957878604736,-69.61957878604736
2104.120059008598,-69.62276822860683,-69.62276822860683
2104.1300590085984,-69.62596041861592,-69.62596041861592
2104.140059008598,-69.62915546964491,-69.62915546964491
2104.1500590085984,-69.63235349336388,-69.63235349336388
2104.160059008598,-69.63555459953926,-69.63555459953926
2104.1700590085984,-69.63875889605436,-69.63875889605436
2104.180059008598,-69.64196648892926,-69.64196648892926
2104.1900590085984,-69.64517748233654,-69.64517748233654
2104.200059008598,-69.64839197860941,-69.64839197860941
2104.2100590085984,-69.65160400917551,-69.65160400917551
2104.220059008598,-69.65481101619407,-69.65481101619407
2104.2300590085983,-69.65801180511396,-69.65801180511396
2104.240059008598,-69.66120581198051,-69.66120581198051
2104.2500590085983,-69.66439282361492,-69.66439282361492
2104.2600590085985,-69.66757283215908,-69.66757283215908
2104.2700590085983,-69.67074594972487,-69.67074594972487
2104.2800590085985,-69.67382598225852,-69.67382598225852
2104.2900590085983,-69.67677924683584,-69.67677924683584
2104.3000590085985,-69.67959171824512,-69.67959171824512
2104.3100590085983,-69.68225779822362,-69.68225779822362
2104.3200590085985,-69.68477629803917,-69.68477629803917
2104.3300590085983,-69.68714853705576,-69.68714853705576
2104.3400590085985,-69.68937727372364,-69.68937727372364
2104.3500590085982,-69.69146606210366,-69.69146606210366
2104.3600590085985,-69.69341885712824,-69.69341885712824
2104.370059008598,-69.69523977309532,-69.69523977309532
2104.3800590085984,-69.69693293808939,-69.69693293808939
2104.390059008598,-69.69850240873298,-69.69850240873298
2104.4000590085984,-69.69995212273469,-69.69995212273469
2104.410059008598,-69.70128587484948,-69.70128587484948
2104.4200590085984,-69.7025073073016,-69.7025073073016
2104.430059008598,-69.7036199087723,-69.7036199087723
2104.4400590085984,-69.7046270184344,-69.7046270184344
2104.450059008598,-69.70553183266566,-69.70553183266566
2104.4600590085984,-69.70633741310455,-69.70633741310455
2104.470059008598,-69.70704669513287,-69.70704669513287
2104.4800590085983,-69.70766249631446,-69.70766249631446
2104.490059008598,-69.708187524501,-69.708187524501
2104.5000590085983,-69.70862438545373,-69.70862438545373
2104.5100590085985,-69.70897558987582,-69.70897558987582
2104.5200590085983,-69.7092435599365,-69.7092435599365
2104.5300590085985,-69.70943063517544,-69.70943063517544
2104.5400590085983,-69.70953907795648,-69.70953907795648
2104.5500590085985,-69.70957107839816,-69.70957107839816
2104.5600590085983,-69.70952875885179,-69.70952875885179
2104.5700590085985,-69.7094141780062,-69.7094141780062
2104.5800590085983,-69.70922933462577,-69.70922933462577
2104.5900590085985,-69.70897617094042,-69.70897617094042
2104.60005903244,-69.70865657499357,-69.70865657499357
2104.6100590324404,-69.70827238627014,-69.70827238627014
2104.62005903244,-69.70782539459354,-69.70782539459354
2104.6300590324404,-69.70731734456314,-69.70731734456314
2104.64005903244,-69.70674993738987,-69.70674993738987
2104.6500590324404,-69.70612483290513,-69.70612483290513
2104.66005903244,-69.70544365140192,-69.70544365140192
2104.6700590324403,-69.7047079753242,-69.7047079753242
2104.68005903244,-69.70391935088831,-69.70391935088831
2104.6900590324403,-69.70307928951603,-69.70307928951603
2104.70005903244,-69.70218926919516,-69.70218926919516
2104.7100590324403,-69.70125073574552,-69.70125073574552
2104.72005903244,-69.70026510397794,-69.70026510397794
2104.7300590324403,-69.69923375880056,-69.69923375880056
2104.74005903244,-69.69815805622503,-69.69815805622503
2104.7500590324403,-69.6970393243131,-69.6970393243131
2104.76005903244,-69.69587886408772,-69.69587886408772
2104.7700590324403,-69.69467795034254,-69.69467795034254
2104.78005903244,-69.69343783243788,-69.69343783243788
2104.7900590324402,-69.69215973504292,-69.69215973504292
2104.80005903244,-69.69084485881615,-69.69084485881615
2104.81005903244,-69.689494381073,-69.689494381073
2104.82005903244,-69.68810945640233,-69.68810945640233
2104.83005903244,-69.68669121726015,-69.68669121726015
2104.84005903244,-69.68524077451822,-69.68524077451822
2104.85005903244,-69.68375921798756,-69.68375921798756
2104.8600590324404,-69.68224761694188,-69.68224761694188
2104.87005903244,-69.6807070205856,-69.6807070205856
2104.8800590324404,-69.67913845851346,-69.67913845851346
2104.89005903244,-69.67754294115043,-69.67754294115043
2104.9000590324404,-69.67592146017236,-69.67592146017236
2104.91005903244,-69.6742749889203,-69.6742749889203
2104.9200590324403,-69.67260448274837,-69.67260448274837
2104.93005903244,-69.67091087946739,-69.67091087946739
2104.9400590324403,-69.6691950996178,-69.6691950996178
2104.95005903244,-69.66745804688479,-69.66745804688479
2104.9600590324403,-69.66570060839216,-69.66570060839216
2104.97005903244,-69.6639236550529,-69.6639236550529
2104.9800590324403,-69.66212804184828,-69.66212804184828
2104.99005903244,-69.66031460816149,-69.66031460816149
2105.0000590324403,-69.65848417805222,-69.65848417805222
2105.01005903244,-69.65663756055227,-69.65663756055227
2105.0200590324403,-69.65477554994004,-69.65477554994004
2105.03005903244,-69.65289892599667,-69.65289892599667
2105.0400590324402,-69.65100845428552,-69.65100845428552
2105.05005903244,-69.6491048863965,-69.6491048863965
2105.06005903244,-69.6471889601984,-69.6471889601984
2105.07005903244,-69.64526140008883,-69.64526140008883
2105.08005903244,-69.64332291720746,-69.64332291720746
2105.09005903244,-69.64137420969566,-69.64137420969566
2105.10005903244,-69.63941596289936,-69.63941596289936
2105.1100590324404,-69.63744884960127,-69.63744884960127
2105.12005903244,-69.63547353023779,-69.63547353023779
2105.1300590324404,-69.6334906531057,-69.6334906531057
2105.14005903244,-69.63150085457393,-69.63150085457393
2105.1500590324404,-69.62950475927092,-69.62950475927092
2105.16005903244,-69.62750298030129,-69.62750298030129
2105.1700590324403,-69.62549611944011,-69.62549611944011
2105.18005903244,-69.62348476730818,-69.62348476730818
2105.1900590324403,-69.62146950356987,-69.62146950356987
2105.20005903244,-69.61945089710835,-69.61945089710835
2105.2100590324403,-69.61742345826765,-69.61742345826765
2105.22005903244,-69.61538510114381,-69.61538510114381
2105.2300590324403,-69.61333509222084,-69.61333509222084
2105.24005903244,-69.61127331744564,-69.61127331744564
2105.2500590324403,-69.60920000299905,-69.60920000299905
2105.26005903244,-69.6071155705039,-69.6071155705039
2105.2700590324403,-69.60502055221615,-69.60502055221615
2105.28005903244,-69.60291554019308,-69.60291554019308
2105.2900590324402,-69.60080115575461,-69.60080115575461
2105.30005903244,-69.59867803128776,-69.59867803128776
2105.31005903244,-69.59654679943674,-69.59654679943674
2105.32005903244,-69.59440808687708,-69.59440808687708
2105.33005903244,-69.59226251078695,-69.59226251078695
2105.34005903244,-69.59011067703314,-69.59011067703314
2105.35005903244,-69.58795317932504,-69.58795317932504
2105.3600590324404,-69.58579059899809,-69.58579059899809
2105.37005903244,-69.58362350511275,-69.58362350511275
2105.3800590324404,-69.58145245475617,-69.58145245475617
2105.39005903244,-69.5792779934509,-69.5792779934509
2105.4000590324404,-69.5771006555749,-69.5771006555749
2105.41005903244,-69.57492096479572,-69.57492096479572
2105.4200590324403,-69.57273943447726,-69.57273943447726
2105.43005903244,-69.57055656810003,-69.57055656810003
2105.4400590324403,-69.56837285957855,-69.56837285957855
2105.450059056282,-69.56618878842765,-69.56618878842765
2105.4600590562823,-69.56400484083217,-69.56400484083217
2105.470059056282,-69.56182147879093,-69.56182147879093
2105.4800590562822,-69.55963916105317,-69.55963916105317
2105.490059056282,-69.55745833820818,-69.55745833820818
2105.500059056282,-69.55527945288303,-69.55527945288303
2105.510059056282,-69.55310293991347,-69.55310293991347
2105.520059056282,-69.5509292265412,-69.5509292265412
2105.530059056282,-69.54875873254309,-69.54875873254309
2105.540059056282,-69.54659187040247,-69.54659187040247
2105.550059056282,-69.54442904543099,-69.54442904543099
2105.560059056282,-69.54227065590104,-69.54227065590104
2105.570059056282,-69.54011709315868,-69.54011709315868
2105.580059056282,-69.53796874175765,-69.53796874175765
2105.590059056282,-69.53582597953411,-69.53582597953411
2105.600059056282,-69.53368917773777,-69.53368917773777
2105.610059056282,-69.53155870113271,-69.53155870113271
2105.620059056282,-69.52943490804901,-69.52943490804901
2105.630059056282,-69.52731815054155,-69.52731815054155
2105.640059056282,-69.52520877442906,-69.52520877442906
2105.650059056282,-69.52310711938237,-69.52310711938237
2105.660059056282,-69.52101351904636,-69.52101351904636
2105.670059056282,-69.51892830107062,-69.51892830107062
2105.680059056282,-69.51685178722784,-69.51685178722784
2105.690059056282,-69.51478429348387,-69.51478429348387
2105.700059056282,-69.51272613005779,-69.51272613005779
2105.7100590562823,-69.51067760151096,-69.51067760151096
2105.720059056282,-69.50863900683309,-69.50863900683309
2105.7300590562822,-69.50661063948587,-69.50661063948587
2105.740059056282,-69.50459278750164,-69.50459278750164
2105.750059056282,-69.50255523399983,-69.50255523399983
2105.760059056282,-69.50048313783637,-69.50048313783637
2105.770059056282,-69.4983675564988,-69.4983675564988
2105.780059056282,-69.49620264117503,-69.49620264117503
2105.790059056282,-69.49398450548705,-69.49398450548705
2105.800059056282,-69.49171056346187,-69.49171056346187
2105.810059056282,-69.48937910337139,-69.48937910337139
2105.820059056282,-69.48698901046589,-69.48698901046589
2105.830059056282,-69.4845395860313,-69.4845395860313
2105.840059056282,-69.48203042865423,-69.48203042865423
2105.850059056282,-69.479461355477,-69.479461355477
2105.860059056282,-69.4768323494188,-69.4768323494188
2105.870059056282,-69.47414352322653,-69.47414352322653
2105.880059056282,-69.47139509455829,-69.47139509455829
2105.890059056282,-69.46858736836305,-69.46858736836305
2105.900059056282,-69.46572072408796,-69.46572072408796
2105.910059056282,-69.46279560611634,-69.46279560611634
2105.920059056282,-69.45981251635698,-69.45981251635698
2105.930059056282,-69.45677200833597,-69.45677200833597
2105.940059056282,-69.45367468229588,-69.45367468229588
2105.950059056282,-69.45052118103519,-69.45052118103519
2105.9600590562823,-69.44730615772708,-69.44730615772708
2105.970059056282,-69.44402770869335,-69.44402770869335
2105.9800590562822,-69.44068532212736,-69.44068532212736
2105.990059056282,-69.43727914376599,-69.43727914376599
2106.000059056282,-69.43380969562585,-69.43380969562585
2106.010059056282,-69.43027772907699,-69.43027772907699
2106.020059056282,-69.42668413788003,-69.42668413788003
2106.030059056282,-69.42302990521125,-69.42302990521125
2106.040059056282,-69.41931607109551,-69.41931607109551
2106.050059056282,-69.4155437121841,-69.4155437121841
2106.060059056282,-69.41171392907926,-69.41171392907926
2106.070059056282,-69.40782783824157,-69.40782783824157
2106.080059056282,-69.40388656676491,-69.40388656676491
2106.090059056282,-69.39989124886439,-69.39989124886439
2106.100059056282,-69.39584302347869,-69.39584302347869
2106.110059056282,-69.39174303254661,-69.39174303254661
2106.120059056282,-69.38759241969527,-69.38759241969527
2106.130059056282,-69.38339232919682,-69.38339232919682
2106.140059056282,-69.3791439050829,-69.3791439050829
2106.150059056282,-69.37484829038458,-69.37484829038458
2106.160059056282,-69.37050662640148,-69.37050662640148
2106.170059056282,-69.36612005207243,-69.36612005207243
2106.180059056282,-69.3616897033245,-69.3616897033245
2106.190059056282,-69.35721671249385,-69.35721671249385
2106.200059056282,-69.35270220772445,-69.35270220772445
2106.2100590562823,-69.3481473124537,-69.3481473124537
2106.220059056282,-69.34355314485522,-69.34355314485522
2106.2300590562822,-69.33892081735505,-69.33892081735505
2106.240059056282,-69.33425143614126,-69.33425143614126
2106.250059056282,-69.32954610068182,-69.32954610068182
2106.260059056282,-69.32480590333978,-69.32480590333978
2106.270059056282,-69.32003192892205,-69.32003192892205
2106.280059056282,-69.31522525430583,-69.31522525430583
2106.290059056282,-69.31038694807144,-69.31038694807144
2106.300059080124,-69.30551805857127,-69.30551805857127
2106.310059080124,-69.30061965989862,-69.30061965989862
2106.320059080124,-69.29569278232252,-69.29569278232252
2106.330059080124,-69.29073845805439,-69.29073845805439
2106.340059080124,-69.28575770956728,-69.28575770956728
2106.350059080124,-69.28075154929898,-69.28075154929898
2106.360059080124,-69.27572097951395,-69.27572097951395
2106.370059080124,-69.27066699203492,-69.27066699203492
2106.380059080124,-69.26559056812798,-69.26559056812798
2106.390059080124,-69.26049267831738,-69.26049267831738
2106.400059080124,-69.25537428225661,-69.25537428225661
2106.410059080124,-69.25023632858112,-69.25023632858112
2106.420059080124,-69.24507975484599,-69.24507975484599
2106.430059080124,-69.23990548737052,-69.23990548737052
2106.440059080124,-69.23471444121904,-69.23471444121904
2106.450059080124,-69.22950752009687,-69.22950752009687
2106.4600590801238,-69.22427960999971,-69.22427960999971
2106.470059080124,-69.2190289839532,-69.2190289839532
2106.4800590801237,-69.21375525887095,-69.21375525887095
2106.490059080124,-69.2084586658464,-69.2084586658464
2106.5000590801237,-69.20313977220931,-69.20313977220931
2106.510059080124,-69.19779933732679,-69.19779933732679
2106.5200590801237,-69.1924382281315,-69.1924382281315
2106.530059080124,-69.18705736837364,-69.18705736837364
2106.5400590801237,-69.18165770817379,-69.18165770817379
2106.550059080124,-69.17624020575968,-69.17624020575968
2106.560059080124,-69.17080581667324,-69.17080581667324
2106.570059080124,-69.16535548745446,-69.16535548745446
2106.580059080124,-69.15989015208163,-69.15989015208163
2106.590059080124,-69.15441073008856,-69.15441073008856
2106.600059080124,-69.1489181256698,-69.1489181256698
2106.610059080124,-69.1434132274173,-69.1434132274173
2106.620059080124,-69.13789690834734,-69.13789690834734
2106.630059080124,-69.13237002619958,-69.13237002619958
2106.640059080124,-69.12683342376931,-69.12683342376931
2106.650059080124,-69.1212879292964,-69.1212879292964
2106.660059080124,-69.11573435686947,-69.11573435686947
2106.670059080124,-69.11017350681733,-69.11017350681733
2106.680059080124,-69.10460616607627,-69.10460616607627
2106.690059080124,-69.09903310852002,-69.09903310852002
2106.700059080124,-69.0934550952858,-69.0934550952858
2106.7100590801238,-69.08786688123213,-69.08786688123213
2106.720059080124,-69.0822666014459,-69.0822666014459
2106.7300590801237,-69.07665373204107,-69.07665373204107
2106.740059080124,-69.07102836200652,-69.07102836200652
2106.7500590801237,-69.0653909159283,-69.0653909159283
2106.760059080124,-69.05974201020655,-69.05974201020655
2106.7700590801237,-69.054082368841,-69.054082368841
2106.780059080124,-69.04841277293036,-69.04841277293036
2106.7900590801237,-69.04273403036811,-69.04273403036811
2106.800059080124,-69.03704695773483,-69.03704695773483
2106.810059080124,-69.03135236961803,-69.03135236961803
2106.820059080124,-69.0256510723931,-69.0256510723931
2106.830059080124,-69.01994386078225,-69.01994386078225
2106.840059080124,-69.01423151602417,-69.01423151602417
2106.850059080124,-69.00851480507482,-69.00851480507482
2106.860059080124,-69.00279448038009,-69.00279448038009
2106.870059080124,-68.99707127999294,-68.99707127999294
2106.880059080124,-68.99134592790566,-68.99134592790566
2106.890059080124,-68.98561913440282,-68.98561913440282
2106.900059080124,-68.97989159653494,-68.97989159653494
2106.910059080124,-68.97416399852649,-68.97416399852649
2106.920059080124,-68.96843701219817,-68.96843701219817
2106.930059080124,-68.96271129736364,-68.96271129736364
2106.940059080124,-68.95698750217818,-68.95698750217818
2106.950059080124,-68.95126626348005,-68.95126626348005
2106.9600590801238,-68.94554820708728,-68.94554820708728
2106.970059080124,-68.93983394806598,-68.93983394806598
2106.9800590801237,-68.93412409098016,-68.93412409098016
2106.990059080124,-68.92841923010614,-68.92841923010614
2107.0000590801237,-68.92271994966376,-68.92271994966376
2107.010059080124,-68.91702682398123,-68.91702682398123
2107.0200590801237,-68.91134041770393,-68.91134041770393
2107.030059080124,-68.90566128591081,-68.90566128591081
2107.0400590801237,-68.89998997429821,-68.89998997429821
2107.050059080124,-68.89432701932033,-68.89432701932033
2107.060059080124,-68.88867294832,-68.88867294832
2107.070059080124,-68.88302827964138,-68.88302827964138
2107.080059080124,-68.8773935227845,-68.8773935227845
2107.090059080124,-68.87176917849544,-68.87176917849544
2107.100059080124,-68.86615573888433,-68.86615573888433
2107.110059080124,-68.8605536875574,-68.8605536875574
2107.120059080124,-68.85496349968565,-68.85496349968565
2107.130059080124,-68.84938564213142,-68.84938564213142
2107.140059080124,-68.84382057356345,-68.84382057356345
2107.1500591039658,-68.8382687313006,-68.8382687313006
2107.160059103966,-68.83273058436963,-68.83273058436963
2107.1700591039657,-68.82720655411643,-68.82720655411643
2107.180059103966,-68.8216970673458,-68.8216970673458
2107.1900591039657,-68.81620254314338,-68.81620254314338
2107.200059103966,-68.81072339294056,-68.81072339294056
2107.2100591039657,-68.80526002064136,-68.80526002064136
2107.220059103966,-68.79981282269988,-68.79981282269988
2107.2300591039657,-68.79438218821478,-68.79438218821478
2107.240059103966,-68.78896849900815,-68.78896849900815
2107.2500591039657,-68.78357212972897,-68.78357212972897
2107.260059103966,-68.7781934479321,-68.7781934479321
2107.2700591039657,-68.77283281417436,-68.77283281417436
2107.280059103966,-68.76749058210596,-68.76749058210596
2107.2900591039656,-68.76216709853504,-68.76216709853504
2107.300059103966,-68.75686270353937,-68.75686270353937
2107.3100591039656,-68.7515777305399,-68.7515777305399
2107.320059103966,-68.74631250639231,-68.74631250639231
2107.3300591039656,-68.74106735146405,-68.74106735146405
2107.340059103966,-68.73584257972759,-68.73584257972759
2107.3500591039656,-68.73063849882988,-68.73063849882988
2107.360059103966,-68.72545541020382,-68.72545541020382
2107.3700591039656,-68.72029360911645,-68.72029360911645
2107.380059103966,-68.7151533847788,-68.7151533847788
2107.3900591039655,-68.71003502040513,-68.71003502040513
2107.4000591039658,-68.70493879331792,-68.70493879331792
2107.410059103966,-68.69986497500861,-68.69986497500861
2107.4200591039657,-68.69481383122053,-68.69481383122053
2107.430059103966,-68.68978562203489,-68.68978562203489
2107.4400591039657,-68.68478060194622,-68.68478060194622
2107.450059103966,-68.67979901993874,-68.67979901993874
2107.4600591039657,-68.67483516089037,-68.67483516089037
2107.470059103966,-68.66988667708941,-68.66988667708941
2107.4800591039657,-68.66495256099931,-68.66495256099931
2107.490059103966,-68.66003242117249,-68.66003242117249
2107.5000591039657,-68.65512620633561,-68.65512620633561
2107.510059103966,-68.65023406223587,-68.65023406223587
2107.5200591039657,-68.64535624768111,-68.64535624768111
2107.530059103966,-68.64049308414853,-68.64049308414853
2107.5400591039656,-68.63564492553968,-68.63564492553968
2107.550059103966,-68.63081214005736,-68.63081214005736
2107.5600591039656,-68.6259950995249,-68.6259950995249
2107.570059103966,-68.62119417314855,-68.62119417314855
2107.5800591039656,-68.6164097240135,-68.6164097240135
2107.590059103966,-68.61164210724552,-68.61164210724552
2107.6000591039656,-68.60689166917321,-68.60689166917321
2107.610059103966,-68.60215874704527,-68.60215874704527
2107.6200591039656,-68.59744366915236,-68.59744366915236
2107.630059103966,-68.59274675506094,-68.59274675506094
2107.6400591039655,-68.5880683160195,-68.5880683160195
2107.6500591039658,-68.58340865529964,-68.58340865529964
2107.660059103966,-68.57876806863712,-68.57876806863712
2107.6700591039657,-68.57414684459229,-68.57414684459229
2107.680059103966,-68.5695452649155,-68.5695452649155
2107.6900591039657,-68.56496360485448,-68.56496360485448
2107.700059103966,-68.56040213345008,-68.56040213345008
2107.7100591039657,-68.55586111379597,-68.55586111379597
2107.720059103966,-68.5513408032837,-68.5513408032837
2107.7300591039657,-68.54684145378513,-68.54684145378513
2107.740059103966,-68.54236331186904,-68.54236331186904
2107.7500591039657,-68.53790661894301,-68.53790661894301
2107.760059103966,-68.53347161139499,-68.53347161139499
2107.7700591039657,-68.52905852074957,-68.52905852074957
2107.780059103966,-68.52466757375903,-68.52466757375903
2107.7900591039656,-68.52029899253942,-68.52029899253942
2107.800059103966,-68.51595299465035,-68.51595299465035
2107.8100591039656,-68.5116297931891,-68.5116297931891
2107.820059103966,-68.5073295968673,-68.5073295968673
2107.8300591039656,-68.50305261010492,-68.50305261010492
2107.840059103966,-68.4987990330762,-68.4987990330762
2107.8500591039656,-68.49456906179422,-68.49456906179422
2107.860059103966,-68.49036288815641,-68.49036288815641
2107.8700591039656,-68.48618070002345,-68.48618070002345
2107.880059103966,-68.48202268126843,-68.48202268126843
2107.8900591039655,-68.47788901181168,-68.47788901181168
2107.9000591039658,-68.47377986771508,-68.47377986771508
2107.910059103966,-68.4696954211826,-68.4696954211826
2107.9200591039657,-68.4656358406494,-68.4656358406494
2107.930059103966,-68.46160129079158,-68.46160129079158
2107.9400591039657,-68.45759193260461,-68.45759193260461
2107.950059103966,-68.4536079234308,-68.4536079234308
2107.9600591039657,-68.4496494170076,-68.4496494170076
2107.970059103966,-68.44571656351192,-68.44571656351192
2107.9800591039657,-68.44180950960538,-68.44180950960538
2107.990059103966,-68.43792839846185,-68.43792839846185
2108.0000591278076,-68.43407336064075,-68.43407336064075
2108.010059127808,-68.4302445509406,-68.4302445509406
2108.0200591278076,-68.42644209308044,-68.42644209308044
2108.030059127808,-68.4226661167396,-68.4226661167396
2108.0400591278076,-68.41891674833337,-68.41891674833337
2108.050059127808,-68.41519411103118,-68.41519411103118
2108.0600591278076,-68.41149832481037,-68.41149832481037
2108.070059127808,-68.40782950649435,-68.40782950649435
2108.0800591278075,-68.4041877697808,-68.4041877697808
2108.0900591278078,-68.40057322530086,-68.40057322530086
2108.1000591278075,-68.39698598062849,-68.39698598062849
2108.1100591278077,-68.39342614035901,-68.39342614035901
2108.1200591278075,-68.38989380610406,-68.38989380610406
2108.1300591278077,-68.38638907656122,-68.38638907656122
2108.1400591278075,-68.38291204752366,-68.38291204752366
2108.1500591278077,-68.37946281194603,-68.37946281194603
2108.1600591278075,-68.37604145996409,-68.37604145996409
2108.1700591278077,-68.37264807893311,-68.37264807893311
2108.1800591278075,-68.36928275347289,-68.36928275347289
2108.1900591278077,-68.36594556549367,-68.36594556549367
2108.2000591278074,-68.3626365942304,-68.3626365942304
2108.2100591278077,-68.3593559162954,-68.3593559162954
2108.2200591278074,-68.35610360569483,-68.35610360569483
2108.2300591278076,-68.35287973387229,-68.35287973387229
2108.2400591278074,-68.34968436974775,-68.34968436974775
2108.2500591278076,-68.34651757974754,-68.34651757974754
2108.260059127808,-68.34337942783567,-68.34337942783567
2108.2700591278076,-68.34026997555806,-68.34026997555806
2108.280059127808,-68.33718928206235,-68.33718928206235
2108.2900591278076,-68.3341374041419,-68.3341374041419
2108.300059127808,-68.33111439626634,-68.33111439626634
2108.3100591278076,-68.32812031061975,-68.32812031061975
2108.320059127808,-68.32515519712653,-68.32515519712653
2108.3300591278075,-68.32221910347504,-68.32221910347504
2108.3400591278078,-68.3193120751662,-68.3193120751662
2108.3500591278075,-68.31643415555149,-68.31643415555149
2108.3600591278077,-68.31358538583564,-68.31358538583564
2108.3700591278075,-68.31076580513292,-68.31076580513292
2108.3800591278077,-68.30797545048624,-68.30797545048624
2108.3900591278075,-68.30521435690773,-68.30521435690773
2108.4000591278077,-68.30248255740422,-68.30248255740422
2108.4100591278075,-68.29978008299314,-68.29978008299314
2108.4200591278077,-68.2971069627586,-68.2971069627586
2108.4300591278075,-68.29446322385313,-68.29446322385313
2108.4400591278077,-68.2918488915457,-68.2918488915457
2108.4500591278074,-68.28926398926376,-68.28926398926376
2108.4600591278077,-68.28670260886118,-68.28670260886118
2108.4700591278074,-68.2841621933268,-68.2841621933268
2108.4800591278076,-68.2816415220263,-68.2816415220263
2108.4900591278074,-68.2791399908697,-68.2791399908697
2108.5000591278076,-68.27665733786878,-68.27665733786878
2108.510059127808,-68.27419350061339,-68.27419350061339
2108.5200591278076,-68.27174853266638,-68.27174853266638
2108.530059127808,-68.2693225533694,-68.2693225533694
2108.5400591278076,-68.26691571764891,-68.26691571764891
2108.550059127808,-68.26452819795848,-68.26452819795848
2108.5600591278076,-68.26216017355928,-68.26216017355928
2108.570059127808,-68.25981182428289,-68.25981182428289
2108.5800591278075,-68.2574833269765,-68.2574833269765
2108.5900591278078,-68.25517485362602,-68.25517485362602
2108.6000591278075,-68.25288657049006,-68.25288657049006
2108.6100591278077,-68.2506186377673,-68.2506186377673
2108.6200591278075,-68.24837120967149,-68.24837120967149
2108.6300591278077,-68.24614443462033,-68.24614443462033
2108.6400591278075,-68.24393845558154,-68.24393845558154
2108.6500591278077,-68.24175341041713,-68.24175341041713
2108.6600591278075,-68.23958943223829,-68.23958943223829
2108.6700591278077,-68.23744664973945,-68.23744664973945
2108.6800591278075,-68.23532518751658,-68.23532518751658
2108.6900591278077,-68.23322516633932,-68.23322516633932
2108.7000591278074,-68.2311467034119,-68.2311467034119
2108.7100591278077,-68.22908991258157,-68.22908991258157
2108.7200591278074,-68.22705490454621,-68.22705490454621
2108.7300591278076,-68.22504178701374,-68.22504178701374
2108.7400591278074,-68.22305066485897,-68.22305066485897
2108.7500591278076,-68.2210816402432,-68.2210816402432
2108.760059127808,-68.21913481271275,-68.21913481271275
2108.7700591278076,-68.21721027932806,-68.21721027932806
2108.780059127808,-68.21530813471028,-68.21530813471028
2108.7900591278076,-68.2134284711383,-68.2134284711383
2108.800059127808,-68.21157137860331,-68.21157137860331
2108.8100591278076,-68.20973694486966,-68.20973694486966
2108.820059127808,-68.20792525550583,-68.20792525550583
2108.8300591278075,-68.20613639395494,-68.20613639395494
2108.8400591278078,-68.20437044154552,-68.20437044154552
2108.8500591516495,-68.20262747341096,-68.20262747341096
2108.8600591516497,-68.20090757513651,-68.20090757513651
2108.8700591516495,-68.19921081770676,-68.19921081770676
2108.8800591516497,-68.19753727435759,-68.19753727435759
2108.8900591516494,-68.19588701636742,-68.19588701636742
2108.9000591516497,-68.19426011306697,-68.19426011306697
2108.9100591516494,-68.19265663186236,-68.19265663186236
2108.9200591516496,-68.19107663826915,-68.19107663826915
2108.9300591516494,-68.18952019590093,-68.18952019590093
2108.9400591516496,-68.18798736652423,-68.18798736652423
2108.9500591516494,-68.18647821004177,-68.18647821004177
2108.9600591516496,-68.18499278451236,-68.18499278451236
2108.9700591516494,-68.18353114620629,-68.18353114620629
2108.9800591516496,-68.18209334956393,-68.18209334956393
2108.9900591516493,-68.1806794472521,-68.1806794472521
2109.0000591516496,-68.1792894901575,-68.1792894901575
2109.0100591516493,-68.17792352741627,-68.17792352741627
2109.0200591516495,-68.17658160642144,-68.17658160642144
2109.0300591516493,-68.17526377283629,-68.17526377283629
2109.0400591516495,-68.17397007060003,-68.17397007060003
2109.0500591516493,-68.17270054197746,-68.17270054197746
2109.0600591516495,-68.17145522753407,-68.17145522753407
2109.0700591516493,-68.17023416618744,-68.17023416618744
2109.0800591516495,-68.16903739517926,-68.16903739517926
2109.0900591516493,-68.16786495013156,-68.16786495013156
2109.1000591516495,-68.16671686503817,-68.16671686503817
2109.1100591516497,-68.16559317230013,-68.16559317230013
2109.1200591516495,-68.16449390272302,-68.16449390272302
2109.1300591516497,-68.16341908552859,-68.16341908552859
2109.1400591516494,-68.16236874839682,-68.16236874839682
2109.1500591516497,-68.16134291746988,-68.16134291746988
2109.1600591516494,-68.16034161734679,-68.16034161734679
2109.1700591516496,-68.15936487113363,-68.15936487113363
2109.1800591516494,-68.15841270043761,-68.15841270043761
2109.1900591516496,-68.15748512540246,-68.15748512540246
2109.2000591516494,-68.15658216469242,-68.15658216469242
2109.2100591516496,-68.15570383554109,-68.15570383554109
2109.2200591516494,-68.15485015375651,-68.15485015375651
2109.2300591516496,-68.1540211337367,-68.1540211337367
2109.2400591516493,-68.1532167884819,-68.1532167884819
2109.2500591516496,-68.15243712961544,-68.15243712961544
2109.2600591516493,-68.1516821674066,-68.1516821674066
2109.2700591516495,-68.15095191078284,-68.15095191078284
2109.2800591516493,-68.15024636734408,-68.15024636734408
2109.2900591516495,-68.14956554337753,-68.14956554337753
2109.3000591516493,-68.14890944387069,-68.14890944387069
2109.3100591516495,-68.14827807254582,-68.14827807254582
2109.3200591516493,-68.14767143186232,-68.14767143186232
2109.3300591516495,-68.14708952303829,-68.14708952303829
2109.3400591516493,-68.14653234605238,-68.14653234605238
2109.3500591516495,-68.14599989968902,-68.14599989968902
2109.3600591516497,-68.14549218152283,-68.14549218152283
2109.3700591516495,-68.14500918796472,-68.14500918796472
2109.3800591516497,-68.1445509142564,-68.1445509142564
2109.3900591516494,-68.14411735449104,-68.14411735449104
2109.4000591516497,-68.14370850163421,-68.14370850163421
2109.4100591516494,-68.14332434754951,-68.14332434754951
2109.4200591516496,-68.14296488298729,-68.14296488298729
2109.4300591516494,-68.14263009761683,-68.14263009761683
2109.4400591516496,-68.1423199800486,-68.1423199800486
2109.4500591516494,-68.1420345178429,-68.1420345178429
2109.4600591516496,-68.14177369751428,-68.14177369751428
2109.4700591516494,-68.14153750457035,-68.14153750457035
2109.4800591516496,-68.14132592350275,-68.14132592350275
2109.4900591516493,-68.1411389378223,-68.1411389378223
2109.5000591516496,-68.14097653006554,-68.14097653006554
2109.5100591516493,-68.14083868180174,-68.14083868180174
2109.5200591516495,-68.14072537365958,-68.14072537365958
2109.5300591516493,-68.14063658534432,-68.14063658534432
2109.5400591516495,-68.14057229563582,-68.14057229563582
2109.5500591516493,-68.14053248242318,-68.14053248242318
2109.5600591516495,-68.14051712269317,-68.14051712269317
2109.5700591516493,-68.14052619257531,-68.14052619257531
2109.5800591516495,-68.14055966732963,-68.14055966732963
2109.5900591516493,-68.14061752138304,-68.14061752138304
2109.6000591516495,-68.1406997283246,-68.1406997283246
2109.6100591516497,-68.14080626091925,-68.14080626091925
2109.6200591516495,-68.1409370911481,-68.1409370911481
2109.6300591516497,-68.1410921901799,-68.1410921901799
2109.6400591516494,-68.14127152841985,-68.14127152841985
2109.6500591516497,-68.14147507549839,-68.14147507549839
2109.6600591516494,-68.14170280031344,-68.14170280031344
2109.6700591516496,-68.14195467100258,-68.14195467100258
2109.6800591516494,-68.14223065498516,-68.14223065498516
2109.6900591516496,-68.14253071897623,-68.14253071897623
2109.7000591754913,-68.1428548297595,-68.1428548297595
2109.7100591754916,-68.14319702704945,-68.14319702704945
2109.7200591754913,-68.14355469604396,-68.14355469604396
2109.7300591754915,-68.14392655596254,-68.14392655596254
2109.7400591754913,-68.14431194281092,-68.14431194281092
2109.7500591754915,-68.14471053553403,-68.14471053553403
2109.7600591754913,-68.1451222137465,-68.1451222137465
2109.7700591754915,-68.14554697429287,-68.14554697429287
2109.7800591754913,-68.14598488111983,-68.14598488111983
2109.7900591754915,-68.14643603509461,-68.14643603509461
2109.8000591754912,-68.14690055598847,-68.14690055598847
2109.8100591754915,-68.14737857171409,-68.14737857171409
2109.820059175491,-68.1478702120832,-68.1478702120832
2109.8300591754914,-68.14837560520905,-68.14837560520905
2109.840059175491,-68.14889487561997,-68.14889487561997
2109.8500591754914,-68.1494281433281,-68.1494281433281
2109.860059175491,-68.14997552351838,-68.14997552351838
2109.8700591754914,-68.15053712652256,-68.15053712652256
2109.880059175491,-68.15111305805303,-68.15111305805303
2109.8900591754914,-68.15170341946985,-68.15170341946985
2109.900059175491,-68.15230830810889,-68.15230830810889
2109.9100591754914,-68.15292781761973,-68.15292781761973
2109.920059175491,-68.15356203828482,-68.15356203828482
2109.9300591754914,-68.15421105727613,-68.15421105727613
2109.940059175491,-68.15487495895088,-68.15487495895088
2109.9500591754913,-68.15555382505717,-68.15555382505717
2109.9600591754916,-68.15624773495139,-68.15624773495139
2109.9700591754913,-68.1569567657568,-68.1569567657568
2109.9800591754915,-68.15768099252537,-68.15768099252537
2109.9900591754913,-68.15842048835763,-68.15842048835763
2110.0000591754915,-68.15917532451451,-68.15917532451451
2110.0100591754913,-68.15994557052039,-68.15994557052039
2110.0200591754915,-68.16073129423485,-68.16073129423485
2110.0300591754913,-68.16153256191792,-68.16153256191792
2110.0400591754915,-68.16234943828708,-68.16234943828708
2110.0500591754912,-68.16318198657713,-68.16318198657713
2110.0600591754915,-68.16403026856311,-68.16403026856311
2110.070059175491,-68.16489434461806,-68.16489434461806
2110.0800591754914,-68.16577427371062,-68.16577427371062
2110.090059175491,-68.16667011346681,-68.16667011346681
2110.1000591754914,-68.16758192015492,-68.16758192015492
2110.110059175491,-68.16850974873456,-68.16850974873456
2110.1200591754914,-68.16945365283635,-68.16945365283635
2110.130059175491,-68.17041368481638,-68.17041368481638
2110.1400591754914,-68.17138989573482,-68.17138989573482
2110.150059175491,-68.17238233537502,-68.17238233537502
2110.1600591754914,-68.17339105226537,-68.17339105226537
2110.170059175491,-68.1744160936568,-68.1744160936568
2110.1800591754914,-68.17545750555955,-68.17545750555955
2110.190059175491,-68.17651533274088,-68.17651533274088
2110.2000591754913,-68.17758961872116,-68.17758961872116
2110.2100591754916,-68.17867447674459,-68.17867447674459
2110.2200591754913,-68.17976736378743,-68.17976736378743
2110.2300591754915,-68.18086707161518,-68.18086707161518
2110.2400591754913,-68.1819730086665,-68.1819730086665
2110.2500591754915,-68.18308492606354,-68.18308492606354
2110.2600591754913,-68.18420277527014,-68.18420277527014
2110.2700591754915,-68.18532662462923,-68.18532662462923
2110.2800591754913,-68.1864566091798,-68.1864566091798
2110.2900591754915,-68.18759290049658,-68.18759290049658
2110.3000591754912,-68.1887356886122,-68.1887356886122
2110.3100591754915,-68.18988517127343,-68.18988517127343
2110.320059175491,-68.19104154763272,-68.19104154763272
2110.3300591754914,-68.19220501471361,-68.19220501471361
2110.340059175491,-68.19337576543884,-68.19337576543884
2110.3500591754914,-68.1945539877419,-68.1945539877419
2110.360059175491,-68.19573986417444,-68.19573986417444
2110.3700591754914,-68.196933571948,-68.196933571948
2110.380059175491,-68.19813528311133,-68.19813528311133
2110.3900591754914,-68.1993451648195,-68.1993451648195
2110.400059175491,-68.20056337965894,-68.20056337965894
2110.4100591754914,-68.20179008597863,-68.20179008597863
2110.420059175491,-68.20302543818384,-68.20302543818384
2110.4300591754914,-68.20426958701816,-68.20426958701816
2110.440059175491,-68.20552267983837,-68.20552267983837
2110.4500591754913,-68.20678486080955,-68.20678486080955
2110.4600591754916,-68.20805627113292,-68.20805627113292
2110.4700591754913,-68.20933704919939,-68.20933704919939
2110.4800591754915,-68.2106273307326,-68.2106273307326
2110.4900591754913,-68.21192724892767,-68.21192724892767
2110.5000591754915,-68.21323693456671,-68.21323693456671
2110.5100591754913,-68.21455651609092,-68.21455651609092
2110.5200591754915,-68.21588611969109,-68.21588611969109
2110.5300591754913,-68.21722586938749,-68.21722586938749
2110.5400591754915,-68.21857588706455,-68.21857588706455
2110.550059199333,-68.21993629576271,-68.21993629576271
2110.5600591993334,-68.22130720682009,-68.22130720682009
2110.570059199333,-68.22268873921195,-68.22268873921195
2110.5800591993334,-68.22408100674784,-68.22408100674784
2110.590059199333,-68.22548412129797,-68.22548412129797
2110.6000591993334,-68.22689819281283,-68.22689819281283
2110.610059199333,-68.22832332934262,-68.22832332934262
2110.6200591993334,-68.2297596370609,-68.2297596370609
2110.630059199333,-68.23120722027218,-68.23120722027218
2110.6400591993333,-68.23266618143018,-68.23266618143018
2110.650059199333,-68.23413662114868,-68.23413662114868
2110.6600591993333,-68.23561863822177,-68.23561863822177
2110.670059199333,-68.23711232962164,-68.23711232962164
2110.6800591993333,-68.23861779051181,-68.23861779051181
2110.690059199333,-68.24013511427492,-68.24013511427492
2110.7000591993333,-68.24166439249227,-68.24166439249227
2110.710059199333,-68.24319977926277,-68.24319977926277
2110.7200591993333,-68.24473877439516,-68.24473877439516
2110.730059199333,-68.2462802131797,-68.2462802131797
2110.7400591993332,-68.24782354768047,-68.24782354768047
2110.750059199333,-68.24936857253569,-68.24936857253569
2110.760059199333,-68.25091528252145,-68.25091528252145
2110.770059199333,-68.25246378897928,-68.25246378897928
2110.780059199333,-68.25401426961724,-68.25401426961724
2110.790059199333,-68.25556693832638,-68.25556693832638
2110.800059199333,-68.25712202707521,-68.25712202707521
2110.8100591993334,-68.2586797751715,-68.2586797751715
2110.820059199333,-68.26024042293412,-68.26024042293412
2110.8300591993334,-68.26180420814592,-68.26180420814592
2110.840059199333,-68.26337136411273,-68.26337136411273
2110.8500591993334,-68.2649421187127,-68.2649421187127
2110.860059199333,-68.26651669407737,-68.26651669407737
2110.8700591993334,-68.26809530657025,-68.26809530657025
2110.880059199333,-68.2696781669928,-68.2696781669928
2110.8900591993333,-68.27126548085158,-68.27126548085158
2110.900059199333,-68.27285744867427,-68.27285744867427
2110.9100591993333,-68.27445426634104,-68.27445426634104
2110.920059199333,-68.27605612539807,-68.27605612539807
2110.9300591993333,-68.2776632133338,-68.2776632133338
2110.940059199333,-68.27927571383564,-68.27927571383564
2110.9500591993333,-68.28089380700325,-68.28089380700325
2110.960059199333,-68.28251766958591,-68.28251766958591
2110.9700591993333,-68.28414747511837,-68.28414747511837
2110.980059199333,-68.28578339410006,-68.28578339410006
2110.9900591993332,-68.28742559409258,-68.28742559409258
2111.000059199333,-68.28907423986635,-68.28907423986635
2111.010059199333,-68.29072949347936,-68.29072949347936
2111.020059199333,-68.29239151435522,-68.29239151435522
2111.030059199333,-68.29406045935488,-68.29406045935488
2111.040059199333,-68.29573648285353,-68.29573648285353
2111.050059199333,-68.29741973677676,-68.29741973677676
2111.0600591993334,-68.29911037065177,-68.29911037065177
2111.070059199333,-68.30080853164073,-68.30080853164073
2111.0800591993334,-68.30251436457849,-68.30251436457849
2111.090059199333,-68.30422801201473,-68.30422801201473
2111.1000591993334,-68.30594961421262,-68.30594961421262
2111.110059199333,-68.30767930920658,-68.30767930920658
2111.1200591993334,-68.3094172327922,-68.3094172327922
2111.130059199333,-68.31116351856662,-68.31116351856662
2111.1400591993333,-68.31291829793628,-68.31291829793628
2111.150059199333,-68.31468170013844,-68.31468170013844
2111.1600591993333,-68.31645385224533,-68.31645385224533
2111.170059199333,-68.31823487919439,-68.31823487919439
2111.1800591993333,-68.32002490379078,-68.32002490379078
2111.190059199333,-68.32182404672953,-68.32182404672953
2111.2000591993333,-68.32363242660156,-68.32363242660156
2111.210059199333,-68.32545015991414,-68.32545015991414
2111.2200591993333,-68.32727736108723,-68.32727736108723
2111.230059199333,-68.32911414249386,-68.32911414249386
2111.2400591993332,-68.33096061443649,-68.33096061443649
2111.250059199333,-68.33281688521306,-68.33281688521306
2111.260059199333,-68.33468306106812,-68.33468306106812
2111.270059199333,-68.3365592462559,-68.3365592462559
2111.280059199333,-68.33844554302695,-68.33844554302695
2111.290059199333,-68.34034205165372,-68.34034205165372
2111.300059199333,-68.34224887043156,-68.34224887043156
2111.3100591993334,-68.34416609572213,-68.34416609572213
2111.320059199333,-68.34609382192549,-68.34609382192549
2111.3300591993334,-68.34803214153288,-68.34803214153288
2111.340059199333,-68.3499811451295,-68.3499811451295
2111.3500591993334,-68.35194092138867,-68.35194092138867
2111.360059199333,-68.35391155712328,-68.35391155712328
2111.3700591993334,-68.35589313728036,-68.35589313728036
2111.380059199333,-68.35788574494927,-68.35788574494927
2111.3900591993333,-68.35988946140758,-68.35988946140758
2111.400059223175,-68.36190437090868,-68.36190437090868
2111.4100592231753,-68.36393054154874,-68.36393054154874
2111.420059223175,-68.36596805395678,-68.36596805395678
2111.4300592231752,-68.3680169822468,-68.3680169822468
2111.440059223175,-68.37007739879913,-68.37007739879913
2111.4500592231752,-68.37214937424957,-68.37214937424957
2111.460059223175,-68.37423297752224,-68.37423297752224
2111.470059223175,-68.37632827584764,-68.37632827584764
2111.480059223175,-68.37843533478629,-68.37843533478629
2111.490059223175,-68.38055421823461,-68.38055421823461
2111.500059223175,-68.38268498844498,-68.38268498844498
2111.510059223175,-68.38482770605698,-68.38482770605698
2111.520059223175,-68.38698243008994,-68.38698243008994
2111.530059223175,-68.3891492179823,-68.3891492179823
2111.540059223175,-68.39132812559735,-68.39132812559735
2111.550059223175,-68.39351920726071,-68.39351920726071
2111.560059223175,-68.39572251574734,-68.39572251574734
2111.570059223175,-68.39793810232037,-68.39793810232037
2111.580059223175,-68.40016601674621,-68.40016601674621
2111.590059223175,-68.40240630731323,-68.40240630731323
2111.600059223175,-68.40465902084317,-68.40465902084317
2111.610059223175,-68.40692420271695,-68.40692420271695
2111.620059223175,-68.40920189688867,-68.40920189688867
2111.630059223175,-68.41149214590747,-68.41149214590747
2111.640059223175,-68.41379499091133,-68.41379499091133
2111.650059223175,-68.41611047168782,-68.41611047168782
2111.6600592231753,-68.41843862665449,-68.41843862665449
2111.670059223175,-68.42077949290471,-68.42077949290471
2111.6800592231752,-68.42313310618648,-68.42313310618648
2111.690059223175,-68.42549950097306,-68.42549950097306
2111.7000592231752,-68.42787871042617,-68.42787871042617
2111.710059223175,-68.43027076645194,-68.43027076645194
2111.720059223175,-68.43267569970429,-68.43267569970429
2111.730059223175,-68.43509353960815,-68.43509353960815
2111.740059223175,-68.43752431434845,-68.43752431434845
2111.750059223175,-68.43996805092894,-68.43996805092894
2111.760059223175,-68.44242477515402,-68.44242477515402
2111.770059223175,-68.44489451167078,-68.44489451167078
2111.780059223175,-68.44737728397465,-68.44737728397465
2111.790059223175,-68.44987311441533,-68.44987311441533
2111.800059223175,-68.45238202422998,-68.45238202422998
2111.810059223175,-68.4549040335533,-68.4549040335533
2111.820059223175,-68.45743916142294,-68.45743916142294
2111.830059223175,-68.45998742581912,-68.45998742581912
2111.840059223175,-68.46254884365035,-68.46254884365035
2111.850059223175,-68.4651234307961,-68.4651234307961
2111.860059223175,-68.46771120210101,-68.46771120210101
2111.870059223175,-68.4703121714062,-68.4703121714062
2111.880059223175,-68.47292635155384,-68.47292635155384
2111.890059223175,-68.47555375440383,-68.47555375440383
2111.900059223175,-68.47819439085735,-68.47819439085735
2111.9100592231753,-68.48084827085115,-68.48084827085115
2111.920059223175,-68.48351540339799,-68.48351540339799
2111.9300592231752,-68.48619579658502,-68.48619579658502
2111.940059223175,-68.48888945758398,-68.48888945758398
2111.9500592231752,-68.49159639267185,-68.49159639267185
2111.960059223175,-68.49431064625668,-68.49431064625668
2111.970059223175,-68.49702962039714,-68.49702962039714
2111.980059223175,-68.49975205832622,-68.49975205832622
2111.990059223175,-68.50247732342424,-68.50247732342424
2112.000059223175,-68.50520512402025,-68.50520512402025
2112.010059223175,-68.50793537043548,-68.50793537043548
2112.020059223175,-68.51066809114229,-68.51066809114229
2112.030059223175,-68.51340338236383,-68.51340338236383
2112.040059223175,-68.51614137780096,-68.51614137780096
2112.050059223175,-68.51888223042624,-68.51888223042624
2112.060059223175,-68.52162610173094,-68.52162610173094
2112.070059223175,-68.5243731553519,-68.5243731553519
2112.080059223175,-68.52712355349294,-68.52712355349294
2112.090059223175,-68.52987745496507,-68.52987745496507
2112.100059223175,-68.53263501425035,-68.53263501425035
2112.110059223175,-68.53539638113176,-68.53539638113176
2112.120059223175,-68.53816170069145,-68.53816170069145
2112.130059223175,-68.54093111346808,-68.54093111346808
2112.140059223175,-68.54370475574703,-68.54370475574703
2112.150059223175,-68.54648275987874,-68.54648275987874
2112.1600592231753,-68.54926525456972,-68.54926525456972
2112.170059223175,-68.55205236519203,-68.55205236519203
2112.1800592231752,-68.55484421407023,-68.55484421407023
2112.190059223175,-68.55764092070449,-68.55764092070449
2112.2000592231752,-68.56044260202155,-68.56044260202155
2112.210059223175,-68.56324937254229,-68.56324937254229
2112.220059223175,-68.56606134455419,-68.56606134455419
2112.230059223175,-68.56887862826402,-68.56887862826402
2112.240059223175,-68.5717013318995,-68.5717013318995
2112.250059247017,-68.57452956856757,-68.57452956856757
2112.260059247017,-68.57736342941136,-68.57736342941136
2112.270059247017,-68.58020302401685,-68.58020302401685
2112.280059247017,-68.58304845364306,-68.58304845364306
2112.290059247017,-68.58589981795001,-68.58589981795001
2112.300059247017,-68.588757215057,-68.588757215057
2112.310059247017,-68.5916207415727,-68.5916207415727
2112.320059247017,-68.59449049262399,-68.59449049262399
2112.330059247017,-68.59736656190242,-68.59736656190242
2112.340059247017,-68.60024904165454,-68.60024904165454
2112.350059247017,-68.60313802272472,-68.60313802272472
2112.360059247017,-68.60603359454835,-68.60603359454835
2112.370059247017,-68.6089358451927,-68.6089358451927
2112.380059247017,-68.61184486134228,-68.61184486134228
2112.390059247017,-68.61476072830676,-68.61476072830676
2112.400059247017,-68.61768353006048,-68.61768353006048
2112.4100592470168,-68.6206133492013,-68.6206133492013
2112.420059247017,-68.62355026700185,-68.62355026700185
2112.4300592470167,-68.62649436338259,-68.62649436338259
2112.440059247017,-68.62944571692987,-68.62944571692987
2112.4500592470167,-68.63240440489513,-68.63240440489513
2112.460059247017,-68.63537050321027,-68.63537050321027
2112.4700592470167,-68.63834408647745,-68.63834408647745
2112.480059247017,-68.64132522797117,-68.64132522797117
2112.4900592470167,-68.64431399966955,-68.64431399966955
2112.500059247017,-68.64731047222823,-68.64731047222823
2112.510059247017,-68.65031471499555,-68.65031471499555
2112.520059247017,-68.65332679601384,-68.65332679601384
2112.530059247017,-68.65634678204546,-68.65634678204546
2112.540059247017,-68.65937473853906,-68.65937473853906
2112.550059247017,-68.66241072966429,-68.66241072966429
2112.560059247017,-68.66545481830751,-68.66545481830751
2112.570059247017,-68.66850706608575,-68.66850706608575
2112.580059247017,-68.67156753334888,-68.67156753334888
2112.590059247017,-68.67463627916457,-68.67463627916457
2112.600059247017,-68.67771336136816,-68.67771336136816
2112.610059247017,-68.6807988365268,-68.6807988365268
2112.620059247017,-68.6838927599818,-68.6838927599818
2112.630059247017,-68.68699518582804,-68.68699518582804
2112.640059247017,-68.69010616693254,-68.69010616693254
2112.650059247017,-68.69322575495195,-68.69322575495195
2112.6600592470168,-68.6963540003377,-68.6963540003377
2112.670059247017,-68.69949095232643,-68.69949095232643
2112.6800592470167,-68.70263665896188,-68.70263665896188
2112.690059247017,-68.70579116712116,-68.70579116712116
2112.7000592470167,-68.70895452248723,-68.70895452248723
2112.710059247017,-68.71212676959014,-68.71212676959014
2112.7200592470167,-68.71530795180983,-68.71530795180983
2112.730059247017,-68.71849811136553,-68.71849811136553
2112.7400592470167,-68.72169728934398,-68.72169728934398
2112.750059247017,-68.72490552571817,-68.72490552571817
2112.760059247017,-68.7281228593298,-68.7281228593298
2112.770059247017,-68.73134932793266,-68.73134932793266
2112.780059247017,-68.73458496817278,-68.73458496817278
2112.790059247017,-68.73782981562168,-68.73782981562168
2112.800059247017,-68.7410839047637,-68.7410839047637
2112.810059247017,-68.74434726904067,-68.74434726904067
2112.820059247017,-68.74761994083514,-68.74761994083514
2112.830059247017,-68.75090195148661,-68.75090195148661
2112.840059247017,-68.75419333130759,-68.75419333130759
2112.850059247017,-68.75749410959034,-68.75749410959034
2112.860059247017,-68.76080431462485,-68.76080431462485
2112.870059247017,-68.76412397370635,-68.76412397370635
2112.880059247017,-68.76745311313431,-68.76745311313431
2112.890059247017,-68.77079175824817,-68.77079175824817
2112.900059247017,-68.77413993341078,-68.77413993341078
2112.9100592470168,-68.77749766205774,-68.77749766205774
2112.920059247017,-68.78086496666113,-68.78086496666113
2112.9300592470167,-68.78424186878085,-68.78424186878085
2112.940059247017,-68.78762838905301,-68.78762838905301
2112.9500592470167,-68.79102454720592,-68.79102454720592
2112.960059247017,-68.79443036208202,-68.79443036208202
2112.9700592470167,-68.79784585163213,-68.79784585163213
2112.980059247017,-68.8012710329414,-68.8012710329414
2112.9900592470167,-68.80470592223152,-68.80470592223152
2113.000059247017,-68.80815053487062,-68.80815053487062
2113.010059247017,-68.8116048854,-68.8116048854
2113.020059247017,-68.81506898751528,-68.81506898751528
2113.030059247017,-68.81854285411558,-68.81854285411558
2113.040059247017,-68.82202649728005,-68.82202649728005
2113.050059247017,-68.82551992829846,-68.82551992829846
2113.060059247017,-68.82902315767359,-68.82902315767359
2113.070059247017,-68.83253619514947,-68.83253619514947
2113.080059247017,-68.8360590496854,-68.8360590496854
2113.090059247017,-68.8395917295022,-68.8395917295022
2113.1000592708588,-68.84313425051732,-68.84313425051732
2113.110059270859,-68.84668660264096,-68.84668660264096
2113.1200592708587,-68.85024880028674,-68.85024880028674
2113.130059270859,-68.85382084877526,-68.85382084877526
2113.1400592708587,-68.85740275272344,-68.85740275272344
2113.150059270859,-68.86099451605901,-68.86099451605901
2113.1600592708587,-68.86459614203329,-68.86459614203329
2113.170059270859,-68.86820763322439,-68.86820763322439
2113.1800592708587,-68.87182899154767,-68.87182899154767
2113.190059270859,-68.87546021826914,-68.87546021826914
2113.2000592708587,-68.87910131402529,-68.87910131402529
2113.210059270859,-68.88275227880625,-68.88275227880625
2113.2200592708587,-68.88641311199274,-68.88641311199274
2113.230059270859,-68.89008381234636,-68.89008381234636
2113.2400592708586,-68.89376437803504,-68.89376437803504
2113.250059270859,-68.89745480662857,-68.89745480662857
2113.2600592708586,-68.90115509511537,-68.90115509511537
2113.270059270859,-68.90486523990948,-68.90486523990948
2113.2800592708586,-68.90858523685932,-68.90858523685932
2113.290059270859,-68.91231508125271,-68.91231508125271
2113.3000592708586,-68.91605476783762,-68.91605476783762
2113.310059270859,-68.91980429081386,-68.91980429081386
2113.3200592708586,-68.92356364385587,-68.92356364385587
2113.330059270859,-68.92733282012821,-68.92733282012821
2113.3400592708585,-68.93111181226166,-68.93111181226166
2113.3500592708588,-68.93490061239306,-68.93490061239306
2113.360059270859,-68.93869921215973,-68.93869921215973
2113.3700592708587,-68.94250760270886,-68.94250760270886
2113.380059270859,-68.9463257747104,-68.9463257747104
2113.3900592708587,-68.95015371836347,-68.95015371836347
2113.400059270859,-68.95399142340085,-68.95399142340085
2113.4100592708587,-68.95783887909741,-68.95783887909741
2113.420059270859,-68.961696074275,-68.961696074275
2113.4300592708587,-68.96556299732534,-68.96556299732534
2113.440059270859,-68.96943963619309,-68.96943963619309
2113.4500592708587,-68.97332597840631,-68.97332597840631
2113.460059270859,-68.97722201107328,-68.97722201107328
2113.4700592708587,-68.98112772087937,-68.98112772087937
2113.480059270859,-68.98504309411759,-68.98504309411759
2113.4900592708586,-68.98896811667397,-68.98896811667397
2113.500059270859,-68.99290277404994,-68.99290277404994
2113.5100592708586,-68.99684705136475,-68.99684705136475
2113.520059270859,-69.00080093335048,-69.00080093335048
2113.5300592708586,-69.00476440438457,-69.00476440438457
2113.540059270859,-69.00873744846109,-69.00873744846109
2113.5500592708586,-69.01272004923405,-69.01272004923405
2113.560059270859,-69.01671218999627,-69.01671218999627
2113.5700592708586,-69.02071385369962,-69.02071385369962
2113.580059270859,-69.02472502295406,-69.02472502295406
2113.5900592708585,-69.02874568004576,-69.02874568004576
2113.6000592708588,-69.03277580692858,-69.03277580692858
2113.610059270859,-69.03681538523225,-69.03681538523225
2113.6200592708587,-69.04086439628921,-69.04086439628921
2113.630059270859,-69.04492282110091,-69.04492282110091
2113.6400592708587,-69.04899064038715,-69.04899064038715
2113.650059270859,-69.05306783455605,-69.05306783455605
2113.6600592708587,-69.05715438373817,-69.05715438373817
2113.670059270859,-69.06125026777322,-69.06125026777322
2113.6800592708587,-69.0653554662092,-69.0653554662092
2113.690059270859,-69.06946995833698,-69.06946995833698
2113.7000592708587,-69.0735937231783,-69.0735937231783
2113.710059270859,-69.07772673947431,-69.07772673947431
2113.7200592708587,-69.0818689857201,-69.0818689857201
2113.730059270859,-69.0860204401532,-69.0860204401532
2113.7400592708586,-69.09018108076896,-69.09018108076896
2113.750059270859,-69.09435088530954,-69.09435088530954
2113.7600592708586,-69.09852983128874,-69.09852983128874
2113.770059270859,-69.10271789597896,-69.10271789597896
2113.7800592708586,-69.10691505642683,-69.10691505642683
2113.790059270859,-69.11112128945292,-69.11112128945292
2113.8000592708586,-69.11533657165864,-69.11533657165864
2113.810059270859,-69.11956087942988,-69.11956087942988
2113.8200592708586,-69.12379418894308,-69.12379418894308
2113.830059270859,-69.1280364761697,-69.1280364761697
2113.8400592708585,-69.13228771687868,-69.13228771687868
2113.8500592708588,-69.13654788663969,-69.13654788663969
2113.860059270859,-69.14081696083085,-69.14081696083085
2113.8700592708587,-69.14509491463694,-69.14509491463694
2113.880059270859,-69.1493817230645,-69.1493817230645
2113.8900592708587,-69.1536773609414,-69.1536773609414
2113.900059270859,-69.15798180290547,-69.15798180290547
2113.9100592708587,-69.16229502344034,-69.16229502344034
2113.920059270859,-69.16661699684057,-69.16661699684057
2113.9300592708587,-69.17094769725675,-69.17094769725675
2113.940059270859,-69.17528709866659,-69.17528709866659
2113.9500592947006,-69.1796351852334,-69.1796351852334
2113.960059294701,-69.18399190996368,-69.18399190996368
2113.9700592947006,-69.18835725667238,-69.18835725667238
2113.980059294701,-69.19273119874103,-69.19273119874103
2113.9900592947006,-69.19711370940598,-69.19711370940598
2114.000059294701,-69.2015047617421,-69.2015047617421
2114.0100592947006,-69.20590432870773,-69.20590432870773
2114.020059294701,-69.21031238312375,-69.21031238312375
2114.0300592947005,-69.21472889767168,-69.21472889767168
2114.0400592947008,-69.21915384492054,-69.21915384492054
2114.0500592947005,-69.22358719730326,-69.22358719730326
2114.0600592947007,-69.22802892715062,-69.22802892715062
2114.0700592947005,-69.23247900666013,-69.23247900666013
2114.0800592947007,-69.2369374079129,-69.2369374079129
2114.0900592947005,-69.24140410289847,-69.24140410289847
2114.1000592947007,-69.24587906348526,-69.24587906348526
2114.1100592947005,-69.25036226143285,-69.25036226143285
2114.1200592947007,-69.2548536684149,-69.2548536684149
2114.1300592947005,-69.25935325599113,-69.25935325599113
2114.1400592947007,-69.2638609956354,-69.2638609956354
2114.1500592947004,-69.26837685871577,-69.26837685871577
2114.1600592947007,-69.27290081652667,-69.27290081652667
2114.1700592947004,-69.27743284025944,-69.27743284025944
2114.1800592947006,-69.28197290102472,-69.28197290102472
2114.1900592947004,-69.28652096986164,-69.28652096986164
2114.2000592947006,-69.29107701771396,-69.29107701771396
2114.210059294701,-69.29563497718686,-69.29563497718686
2114.2200592947006,-69.30019217663283,-69.30019217663283
2114.230059294701,-69.30474730188615,-69.30474730188615
2114.2400592947006,-69.30929966714328,-69.30929966714328
2114.250059294701,-69.31384893665651,-69.31384893665651
2114.2600592947006,-69.31839498014318,-69.31839498014318
2114.270059294701,-69.32293778803258,-69.32293778803258
2114.2800592947005,-69.32747742050294,-69.32747742050294
2114.2900592947008,-69.33201397685897,-69.33201397685897
2114.3000592947005,-69.33654757713937,-69.33654757713937
2114.3100592947007,-69.34107835117972,-69.34107835117972
2114.3200592947005,-69.34560643216876,-69.34560643216876
2114.3300592947007,-69.3501319529828,-69.3501319529828
2114.3400592947005,-69.35465504418191,-69.35465504418191
2114.3500592947007,-69.3591758329925,-69.3591758329925
2114.3600592947005,-69.3636944429467,-69.3636944429467
2114.3700592947007,-69.3682109938032,-69.3682109938032
2114.3800592947005,-69.3727256016972,-69.3727256016972
2114.3900592947007,-69.37723837939824,-69.37723837939824
2114.4000592947004,-69.38174943658537,-69.38174943658537
2114.4100592947007,-69.38625888014342,-69.38625888014342
2114.4200592947004,-69.39076681442526,-69.39076681442526
2114.4300592947006,-69.39527334152017,-69.39527334152017
2114.4400592947004,-69.3997785614703,-69.3997785614703
2114.4500592947006,-69.40428257249167,-69.40428257249167
2114.460059294701,-69.40878547110952,-69.40878547110952
2114.4700592947006,-69.41328735233604,-69.41328735233604
2114.480059294701,-69.41778830980064,-69.41778830980064
2114.4900592947006,-69.42228843582066,-69.42228843582066
2114.500059294701,-69.42678782152507,-69.42678782152507
2114.5100592947006,-69.43128655690356,-69.43128655690356
2114.520059294701,-69.43578473087628,-69.43578473087628
2114.5300592947005,-69.4402824313402,-69.4402824313402
2114.5400592947008,-69.44477974519936,-69.44477974519936
2114.5500592947005,-69.44927675841821,-69.44927675841821
2114.5600592947007,-69.45377355601862,-69.45377355601862
2114.5700592947005,-69.45827022211277,-69.45827022211277
2114.5800592947007,-69.462766839912,-69.462766839912
2114.5900592947005,-69.46726349175121,-69.46726349175121
2114.6000592947007,-69.47176025905861,-69.47176025905861
2114.6100592947005,-69.4762572224035,-69.4762572224035
2114.6200592947007,-69.4807544614721,-69.4807544614721
2114.6300592947005,-69.48525205506883,-69.48525205506883
2114.6400592947007,-69.48975008112558,-69.48975008112558
2114.6500592947004,-69.49424861669088,-69.49424861669088
2114.6600592947007,-69.49874773791488,-69.49874773791488
2114.6700592947004,-69.50324752007995,-69.50324752007995
2114.6800592947006,-69.50774803756367,-69.50774803756367
2114.6900592947004,-69.51224936384887,-69.51224936384887
2114.7000592947006,-69.51675157151598,-69.51675157151598
2114.710059294701,-69.52125473224211,-69.52125473224211
2114.7200592947006,-69.5257589167931,-69.5257589167931
2114.730059294701,-69.53026419500837,-69.53026419500837
2114.7400592947006,-69.53477063582292,-69.53477063582292
2114.750059294701,-69.53927830724705,-69.53927830724705
2114.7600592947006,-69.54378727635651,-69.54378727635651
2114.770059294701,-69.54829760930538,-69.54829760930538
2114.7800592947005,-69.55280937131393,-69.55280937131393
2114.7900592947008,-69.55732262666605,-69.55732262666605
2114.8000593185425,-69.5618374494624,-69.5618374494624
2114.8100593185427,-69.56635388063273,-69.56635388063273
2114.8200593185425,-69.57087199237844,-69.57087199237844
2114.8300593185427,-69.57539184523918,-69.57539184523918
2114.8400593185424,-69.57991349881647,-69.57991349881647
2114.8500593185427,-69.58443701175479,-69.58443701175479
2114.8600593185424,-69.58896244179444,-69.58896244179444
2114.8700593185426,-69.59348984570897,-69.59348984570897
2114.8800593185424,-69.59801927934564,-69.59801927934564
2114.8900593185426,-69.60255079761845,-69.60255079761845
2114.9000593185424,-69.60708445450632,-69.60708445450632
2114.9100593185426,-69.61162030307484,-69.61162030307484
2114.9200593185424,-69.61615839544707,-69.61615839544707
2114.9300593185426,-69.62069878282028,-69.62069878282028
2114.9400593185424,-69.6252415154857,-69.6252415154857
2114.9500593185426,-69.62978664281668,-69.62978664281668
2114.9600593185423,-69.63433421326866,-69.63433421326866
2114.9700593185426,-69.6388842743984,-69.6388842743984
2114.9800593185423,-69.64343687286373,-69.64343687286373
2114.9900593185425,-69.64799205441075,-69.64799205441075
2115.0000593185423,-69.65254986391014,-69.65254986391014
2115.0100593185425,-69.65711034533135,-69.65711034533135
2115.0200593185423,-69.66167354178938,-69.66167354178938
2115.0300593185425,-69.66623949549357,-69.66623949549357
2115.0400593185423,-69.67080824780882,-69.67080824780882
2115.0500593185425,-69.67537983922954,-69.67537983922954
2115.0600593185427,-69.67995430938674,-69.67995430938674
2115.0700593185425,-69.68453169707806,-69.68453169707806
2115.0800593185427,-69.68911204025335,-69.68911204025335
2115.0900593185424,-69.69369537602827,-69.69369537602827
2115.1000593185427,-69.69828174068294,-69.69828174068294
2115.1100593185424,-69.70287116969278,-69.70287116969278
2115.1200593185426,-69.70746369770728,-69.70746369770728
2115.1300593185424,-69.71205935857846,-69.71205935857846
2115.1400593185426,-69.7166581853505,-69.7166581853505
2115.1500593185424,-69.72126021028474,-69.72126021028474
2115.1600593185426,-69.72586546485408,-69.72586546485408
2115.1700593185424,-69.7304739797733,-69.7304739797733
2115.1800593185426,-69.73508578496869,-69.73508578496869
2115.1900593185424,-69.73970090961646,-69.73970090961646
2115.2000593185426,-69.74431938214005,-69.74431938214005
2115.2100593185423,-69.74894123022467,-69.74894123022467
2115.2200593185426,-69.75356648081417,-69.75356648081417
2115.2300593185423,-69.75819516012992,-69.75819516012992
2115.2400593185425,-69.76282729366656,-69.76282729366656
2115.2500593185423,-69.76746290621755,-69.76746290621755
2115.2600593185425,-69.77210202187113,-69.77210202187113
2115.2700593185423,-69.7767446640122,-69.7767446640122
2115.2800593185425,-69.7813908553454,-69.7813908553454
2115.2900593185423,-69.78604061790895,-69.78604061790895
2115.3000593185425,-69.79069397305081,-69.79069397305081
2115.3100593185427,-69.79535094146622,-69.79535094146622
2115.3200593185425,-69.80001154319717,-69.80001154319717
2115.3300593185427,-69.80467579763771,-69.80467579763771
2115.3400593185424,-69.8093437235465,-69.8093437235465
2115.3500593185427,-69.81401533904804,-69.81401533904804
2115.3600593185424,-69.81869066164874,-69.81869066164874
2115.3700593185426,-69.82336970823589,-69.82336970823589
2115.3800593185424,-69.82805249510803,-69.82805249510803
2115.3900593185426,-69.832739037937,-69.832739037937
2115.4000593185424,-69.83742935183383,-69.83742935183383
2115.4100593185426,-69.84212345130443,-69.84212345130443
2115.4200593185424,-69.84682135029763,-69.84682135029763
2115.4300593185426,-69.85152306218083,-69.85152306218083
2115.4400593185424,-69.8562285997786,-69.8562285997786
2115.4500593185426,-69.86093797534993,-69.86093797534993
2115.4600593185423,-69.86564511061296,-69.86564511061296
2115.4700593185426,-69.87034734980297,-69.87034734980297
2115.4800593185423,-69.87504340524546,-69.87504340524546
2115.4900593185425,-69.87973262233024,-69.87973262233024
2115.5000593185423,-69.88441469901468,-69.88441469901468
2115.5100593185425,-69.8890895400742,-69.8890895400742
2115.5200593185423,-69.8937571716781,-69.8937571716781
2115.5300593185425,-69.89841769004781,-69.89841769004781
2115.5400593185423,-69.90307123061764,-69.90307123061764
2115.5500593185425,-69.9077179494818,-69.9077179494818
2115.5600593185427,-69.91235801238258,-69.91235801238258
2115.5700593185425,-69.91699158820974,-69.91699158820974
2115.5800593185427,-69.92161884531254,-69.92161884531254
2115.5900593185424,-69.92623994943803,-69.92623994943803
2115.6000593185427,-69.93085506275987,-69.93085506275987
2115.6100593185424,-69.93546434343925,-69.93546434343925
2115.6200593185426,-69.94006794558847,-69.94006794558847
2115.6300593185424,-69.94466601941623,-69.94466601941623
2115.6400593185426,-69.94925871145296,-69.94925871145296
2115.6500593423843,-69.95384617576761,-69.95384617576761
2115.6600593423846,-69.9584285305568,-69.9584285305568
2115.6700593423843,-69.96300592396828,-69.96300592396828
2115.6800593423845,-69.9675784906576,-69.9675784906576
2115.6900593423843,-69.9721463629376,-69.9721463629376
2115.7000593423845,-69.9767096709796,-69.9767096709796
2115.7100593423843,-69.98126854298636,-69.98126854298636
2115.7200593423845,-69.985823105337,-69.985823105337
2115.7300593423843,-69.9903734827133,-69.9903734827133
2115.7400593423845,-69.994919798217,-69.994919798217
2115.7500593423842,-69.99946217343829,-69.99946217343829
2115.7600593423845,-70.00400072855096,-70.00400072855096
2115.7700593423842,-70.00853558236348,-70.00853558236348
2115.7800593423844,-70.01306685235495,-70.01306685235495
2115.790059342384,-70.01759465474967,-70.01759465474967
2115.8000593423844,-70.02211910450875,-70.02211910450875
2115.810059342384,-70.02664031539125,-70.02664031539125
2115.8200593423844,-70.03115839994024,-70.03115839994024
2115.830059342384,-70.03567346952488,-70.03567346952488
2115.8400593423844,-70.0401856343588,-70.0401856343588
2115.850059342384,-70.04469500347054,-70.04469500347054
2115.8600593423844,-70.04920168474942,-70.04920168474942
2115.870059342384,-70.05370578492091,-70.05370578492091
2115.8800593423844,-70.05820740956284,-70.05820740956284
2115.890059342384,-70.06270666310799,-70.06270666310799
2115.9000593423843,-70.06720364882159,-70.06720364882159
2115.9100593423846,-70.0716984688447,-70.0716984688447
2115.9200593423843,-70.07619122415228,-70.07619122415228
2115.9300593423845,-70.08068201455926,-70.08068201455926
2115.9400593423843,-70.08517093873613,-70.08517093873613
2115.9500593423845,-70.08965809417693,-70.08965809417693
2115.9600593423843,-70.09413746738282,-70.09413746738282
2115.9700593423845,-70.09860647782043,-70.09860647782043
2115.9800593423843,-70.10306391685246,-70.10306391685246
2115.9900593423845,-70.10750921035026,-70.10750921035026
2116.0000593423842,-70.11194213722797,-70.11194213722797
2116.0100593423845,-70.11636268327904,-70.11636268327904
2116.0200593423842,-70.12077095544205,-70.12077095544205
2116.0300593423844,-70.12516713031253,-70.12516713031253
2116.040059342384,-70.12955142316514,-70.12955142316514
2116.0500593423844,-70.13392406938273,-70.13392406938273
2116.060059342384,-70.13828531336375,-70.13828531336375
2116.0700593423844,-70.14263540200298,-70.14263540200298
2116.080059342384,-70.14697458099147,-70.14697458099147
2116.0900593423844,-70.15130309273424,-70.15130309273424
2116.100059342384,-70.15562117536406,-70.15562117536406
2116.1100593423844,-70.15992906230416,-70.15992906230416
2116.120059342384,-70.16422698221852,-70.16422698221852
2116.1300593423844,-70.16851515913487,-70.16851515913487
2116.140059342384,-70.17279381271995,-70.17279381271995
2116.1500593423843,-70.17706315849361,-70.17706315849361
2116.1600593423846,-70.18132340817827,-70.18132340817827
2116.1700593423843,-70.18557476992636,-70.18557476992636
2116.1800593423845,-70.18981744860491,-70.18981744860491
2116.1900593423843,-70.19405164599038,-70.19405164599038
2116.2000593423845,-70.19827756099468,-70.19827756099468
2116.2100593423843,-70.20248927105912,-70.20248927105912
2116.2200593423845,-70.20668429056573,-70.20668429056573
2116.2300593423843,-70.21086150664225,-70.21086150664225
2116.2400593423845,-70.21502044075275,-70.21502044075275
2116.2500593423842,-70.21916096691162,-70.21916096691162
2116.2600593423845,-70.22328316533971,-70.22328316533971
2116.2700593423842,-70.2273872366894,-70.2273872366894
2116.2800593423844,-70.23147345050313,-70.23147345050313
2116.290059342384,-70.2355421142581,-70.2355421142581
2116.3000593423844,-70.23959355477135,-70.23959355477135
2116.310059342384,-70.24362810713204,-70.24362810713204
2116.3200593423844,-70.24764610820858,-70.24764610820858
2116.330059342384,-70.2516478929128,-70.2516478929128
2116.3400593423844,-70.2556337921695,-70.2556337921695
2116.350059342384,-70.25960413190386,-70.25960413190386
2116.3600593423844,-70.26355923264416,-70.26355923264416
2116.370059342384,-70.26749940943284,-70.26749940943284
2116.3800593423844,-70.2714249719854,-70.2714249719854
2116.390059342384,-70.27533622494117,-70.27533622494117
2116.4000593423843,-70.27923346810864,-70.27923346810864
2116.4100593423846,-70.2831169967612,-70.2831169967612
2116.4200593423843,-70.28698710191489,-70.28698710191489
2116.4300593423845,-70.29084407057219,-70.29084407057219
2116.4400593423843,-70.29468818594314,-70.29468818594314
2116.4500593423845,-70.29851972764529,-70.29851972764529
2116.4600593423843,-70.30233284538255,-70.30233284538255
2116.4700593423845,-70.30612513006199,-70.30612513006199
2116.4800593423843,-70.30989554654661,-70.30989554654661
2116.4900593423845,-70.31364369418931,-70.31364369418931
2116.500059366226,-70.31736953351417,-70.31736953351417
2116.5100593662264,-70.32107320410907,-70.32107320410907
2116.520059366226,-70.32475499217034,-70.32475499217034
2116.5300593662264,-70.32841524316254,-70.32841524316254
2116.540059366226,-70.33205433978479,-70.33205433978479
2116.5500593662264,-70.33567268332308,-70.33567268332308
2116.560059366226,-70.33927068257715,-70.33927068257715
2116.5700593662264,-70.34284874734219,-70.34284874734219
2116.580059366226,-70.34640728468233,-70.34640728468233
2116.5900593662263,-70.34994669690343,-70.34994669690343
2116.600059366226,-70.35346738051157,-70.35346738051157
2116.6100593662263,-70.35696972582033,-70.35696972582033
2116.620059366226,-70.36045411687927,-70.36045411687927
2116.6300593662263,-70.36392093163197,-70.36392093163197
2116.640059366226,-70.36737054213572,-70.36737054213572
2116.6500593662263,-70.37080331484607,-70.37080331484607
2116.660059366226,-70.37421961090148,-70.37421961090148
2116.6700593662263,-70.37761978639803,-70.37761978639803
2116.680059366226,-70.38100419264758,-70.38100419264758
2116.6900593662263,-70.38437317638314,-70.38437317638314
2116.700059366226,-70.38772707997651,-70.38772707997651
2116.7100593662262,-70.39106010866531,-70.39106010866531
2116.720059366226,-70.39436991261975,-70.39436991261975
2116.730059366226,-70.3976555169257,-70.3976555169257
2116.740059366226,-70.40091658119262,-70.40091658119262
2116.750059366226,-70.40415311699363,-70.40415311699363
2116.7600593662264,-70.4073653411339,-70.4073653411339
2116.770059366226,-70.41055358962517,-70.41055358962517
2116.7800593662264,-70.41371826602202,-70.41371826602202
2116.790059366226,-70.41685981036692,-70.41685981036692
2116.8000593662264,-70.41997868051948,-70.41997868051948
2116.810059366226,-70.42307534111343,-70.42307534111343
2116.8200593662264,-70.42615025701015,-70.42615025701015
2116.830059366226,-70.42920388955454,-70.42920388955454
2116.8400593662263,-70.43223669458321,-70.43223669458321
2116.850059366226,-70.43524912136793,-70.43524912136793
2116.8600593662263,-70.43824161223557,-70.43824161223557
2116.870059366226,-70.44121460252144,-70.44121460252144
2116.8800593662263,-70.44416852070205,-70.44416852070205
2116.890059366226,-70.44710378864025,-70.44710378864025
2116.9000593662263,-70.4500208218843,-70.4500208218843
2116.910059366226,-70.45292002994921,-70.45292002994921
2116.9200593662263,-70.4558018165986,-70.4558018165986
2116.930059366226,-70.45866658011678,-70.45866658011678
2116.9400593662263,-70.46151471350845,-70.46151471350845
2116.950059366226,-70.46434660474695,-70.46434660474695
2116.9600593662262,-70.4671626369267,-70.4671626369267
2116.970059366226,-70.46996318841076,-70.46996318841076
2116.980059366226,-70.47274863299072,-70.47274863299072
2116.990059366226,-70.47551933997386,-70.47551933997386
2117.000059366226,-70.47827567429583,-70.47827567429583
2117.0100593662264,-70.48101799659683,-70.48101799659683
2117.020059366226,-70.48374666329453,-70.48374666329453
2117.0300593662264,-70.48646202664025,-70.48646202664025
2117.040059366226,-70.48916443477289,-70.48916443477289
2117.0500593662264,-70.49185423176776,-70.49185423176776
2117.060059366226,-70.49453175766136,-70.49453175766136
2117.0700593662264,-70.49719734849315,-70.49719734849315
2117.080059366226,-70.4998513363355,-70.4998513363355
2117.0900593662263,-70.50249404931981,-70.50249404931981
2117.100059366226,-70.50512581165306,-70.50512581165306
2117.1100593662263,-70.50774694364577,-70.50774694364577
2117.120059366226,-70.5103577617343,-70.5103577617343
2117.1300593662263,-70.51295857848734,-70.51295857848734
2117.140059366226,-70.51554970264074,-70.51554970264074
2117.1500593662263,-70.51813143910334,-70.51813143910334
2117.160059366226,-70.52070408897514,-70.52070408897514
2117.1700593662263,-70.52326794956033,-70.52326794956033
2117.180059366226,-70.52582331441057,-70.52582331441057
2117.1900593662263,-70.52837047330698,-70.52837047330698
2117.200059366226,-70.53090971230546,-70.53090971230546
2117.2100593662262,-70.5334413137393,-70.5334413137393
2117.220059366226,-70.53596555623533,-70.53596555623533
2117.230059366226,-70.53848271475456,-70.53848271475456
2117.240059366226,-70.54099306058919,-70.54099306058919
2117.250059366226,-70.54349686139537,-70.54349686139537
2117.2600593662264,-70.54599438121251,-70.54599438121251
2117.270059366226,-70.54848588048053,-70.54848588048053
2117.2800593662264,-70.5509716160627,-70.5509716160627
2117.290059366226,-70.55345184128218,-70.55345184128218
2117.3000593662264,-70.55592680591222,-70.55592680591222
2117.310059366226,-70.5583967562458,-70.5583967562458
2117.3200593662264,-70.56086193508386,-70.56086193508386
2117.330059366226,-70.56332258178061,-70.56332258178061
2117.3400593662263,-70.56577893224,-70.56577893224
2117.350059390068,-70.56823122482982,-70.56823122482982
2117.3600593900683,-70.5706796770021,-70.5706796770021
2117.370059390068,-70.57312452038818,-70.57312452038818
2117.3800593900683,-70.57556597745715,-70.57556597745715
2117.390059390068,-70.57800426738407,-70.57800426738407
2117.4000593900682,-70.58043960607057,-70.58043960607057
2117.410059390068,-70.58287220619435,-70.58287220619435
2117.420059390068,-70.58530227720236,-70.58530227720236
2117.430059390068,-70.58773002538207,-70.58773002538207
2117.440059390068,-70.59015565385053,-70.59015565385053
2117.450059390068,-70.5925793626194,-70.5925793626194
2117.460059390068,-70.59499520028173,-70.59499520028173
2117.470059390068,-70.5974006718082,-70.5974006718082
2117.480059390068,-70.59979466203981,-70.59979466203981
2117.490059390068,-70.60217669294475,-70.60217669294475
2117.500059390068,-70.60454664016939,-70.60454664016939
2117.510059390068,-70.60690458579892,-70.60690458579892
2117.520059390068,-70.60925073200268,-70.60925073200268
2117.530059390068,-70.61158534918705,-70.61158534918705
2117.540059390068,-70.6139087447969,-70.6139087447969
2117.550059390068,-70.61622124461564,-70.61622124461564
2117.560059390068,-70.61852318164789,-70.61852318164789
2117.570059390068,-70.6208148895741,-70.6208148895741
2117.580059390068,-70.62309669904903,-70.62309669904903
2117.590059390068,-70.62536893567491,-70.62536893567491
2117.600059390068,-70.62763191899745,-70.62763191899745
2117.6100593900683,-70.62988596214363,-70.62988596214363
2117.620059390068,-70.63213137179889,-70.63213137179889
2117.6300593900683,-70.63436844837645,-70.63436844837645
2117.640059390068,-70.63659748629688,-70.63659748629688
2117.6500593900682,-70.63881877430121,-70.63881877430121
2117.660059390068,-70.64103259577634,-70.64103259577634
2117.670059390068,-70.64323922905339,-70.64323922905339
2117.680059390068,-70.64543894771927,-70.64543894771927
2117.690059390068,-70.64763202083606,-70.64763202083606
2117.700059390068,-70.64981871321748,-70.64981871321748
2117.710059390068,-70.65199928559484,-70.65199928559484
2117.720059390068,-70.65417399481134,-70.65417399481134
2117.730059390068,-70.65634309397603,-70.65634309397603
2117.740059390068,-70.65850683260058,-70.65850683260058
2117.750059390068,-70.66066545670178,-70.66066545670178
2117.760059390068,-70.66281920891743,-70.66281920891743
2117.770059390068,-70.66496832858421,-70.66496832858421
2117.780059390068,-70.66711305182505,-70.66711305182505
2117.790059390068,-70.66925361159898,-70.66925361159898
2117.800059390068,-70.67139023776122,-70.67139023776122
2117.810059390068,-70.6735231571253,-70.6735231571253
2117.820059390068,-70.6756525934993,-70.6756525934993
2117.830059390068,-70.6777787677227,-70.6777787677227
2117.840059390068,-70.67990189771552,-70.67990189771552
2117.850059390068,-70.68202219849147,-70.68202219849147
2117.8600593900683,-70.6841398822002,-70.6841398822002
2117.870059390068,-70.68625515814958,-70.68625515814958
2117.8800593900683,-70.68836823281761,-70.68836823281761
2117.890059390068,-70.69047930990374,-70.69047930990374
2117.9000593900682,-70.69258859033792,-70.69258859033792
2117.910059390068,-70.69469627228844,-70.69469627228844
2117.920059390068,-70.69680255118321,-70.69680255118321
2117.930059390068,-70.69890761975851,-70.69890761975851
2117.940059390068,-70.70101166804538,-70.70101166804538
2117.950059390068,-70.70311488340819,-70.70311488340819
2117.960059390068,-70.7052174505454,-70.7052174505454
2117.970059390068,-70.70731955152442,-70.70731955152442
2117.980059390068,-70.70942136579794,-70.70942136579794
2117.990059390068,-70.71152307020847,-70.71152307020847
2118.000059390068,-70.71362483901736,-70.71362483901736
2118.010059390068,-70.71572684393065,-70.71572684393065
2118.020059390068,-70.71782925410245,-70.71782925410245
2118.030059390068,-70.71993223615597,-70.71993223615597
2118.040059390068,-70.72203595421215,-70.72203595421215
2118.050059390068,-70.72414056991445,-70.72414056991445
2118.060059390068,-70.72624624242239,-70.72624624242239
2118.070059390068,-70.72835312844452,-70.72835312844452
2118.080059390068,-70.73046138226877,-70.73046138226877
2118.090059390068,-70.73257115577636,-70.73257115577636
2118.100059390068,-70.73468259844782,-70.73468259844782
2118.1100593900683,-70.73679585740177,-70.73679585740177
2118.120059390068,-70.73891107740629,-70.73891107740629
2118.1300593900683,-70.7410284009064,-70.7410284009064
2118.140059390068,-70.74314796802508,-70.74314796802508
2118.1500593900682,-70.74526991662808,-70.74526991662808
2118.160059390068,-70.74739438228201,-70.74739438228201
2118.170059390068,-70.74952149833099,-70.74952149833099
2118.180059390068,-70.75165139590007,-70.75165139590007
2118.190059390068,-70.75378420389633,-70.75378420389633
2118.20005941391,-70.75592005415217,-70.75592005415217
2118.21005941391,-70.75805906109022,-70.75805906109022
2118.22005941391,-70.7602013522212,-70.7602013522212
2118.23005941391,-70.7623470478726,-70.7623470478726
2118.24005941391,-70.76449626629348,-70.76449626629348
2118.25005941391,-70.7666491236501,-70.7666491236501
2118.26005941391,-70.76880573406775,-70.76880573406775
2118.27005941391,-70.77096620964532,-70.77096620964532
2118.28005941391,-70.77313066047311,-70.77313066047311
2118.29005941391,-70.7752991946575,-70.7752991946575
2118.30005941391,-70.77747191834739,-70.77747191834739
2118.31005941391,-70.77964893576029,-70.77964893576029
2118.32005941391,-70.78183034918928,-70.78183034918928
2118.33005941391,-70.78401625903595,-70.78401625903595
2118.34005941391,-70.7862067638293,-70.7862067638293
2118.35005941391,-70.78840196025133,-70.78840196025133
2118.3600594139098,-70.7906019431402,-70.7906019431402
2118.37005941391,-70.79280680554535,-70.79280680554535
2118.3800594139097,-70.79501663871507,-70.79501663871507
2118.39005941391,-70.79723153214171,-70.79723153214171
2118.4000594139097,-70.79945157357157,-70.79945157357157
2118.41005941391,-70.80167684902551,-70.80167684902551
2118.4200594139097,-70.80390744282285,-70.80390744282285
2118.43005941391,-70.80614343761309,-70.80614343761309
2118.4400594139097,-70.80838491437143,-70.80838491437143
2118.45005941391,-70.81063195243861,-70.81063195243861
2118.46005941391,-70.81288462954687,-70.81288462954687
2118.47005941391,-70.81514302182308,-70.81514302182308
2118.48005941391,-70.81740720381592,-70.81740720381592
2118.49005941391,-70.8196772485142,-70.8196772485142
2118.50005941391,-70.82195322737645,-70.82195322737645
2118.51005941391,-70.82423521034225,-70.82423521034225
2118.52005941391,-70.82652326585064,-70.82652326585064
2118.53005941391,-70.82881746086278,-70.82881746086278
2118.54005941391,-70.83111786088092,-70.83111786088092
2118.55005941391,-70.83342452997806,-70.83342452997806
2118.56005941391,-70.83573753078224,-70.83573753078224
2118.57005941391,-70.83805692454418,-70.83805692454418
2118.58005941391,-70.84038277112282,-70.84038277112282
2118.59005941391,-70.84271512901836,-70.84271512901836
2118.60005941391,-70.84505405537494,-70.84505405537494
2118.6100594139098,-70.84739960601422,-70.84739960601422
2118.62005941391,-70.84975183544434,-70.84975183544434
2118.6300594139097,-70.852110796892,-70.852110796892
2118.64005941391,-70.85447654229945,-70.85447654229945
2118.6500594139097,-70.85684912235806,-70.85684912235806
2118.66005941391,-70.85922858652411,-70.85922858652411
2118.6700594139097,-70.86161498302432,-70.86161498302432
2118.68005941391,-70.86400835887407,-70.86400835887407
2118.6900594139097,-70.86640875991206,-70.86640875991206
2118.70005941391,-70.86881623080517,-70.86881623080517
2118.71005941391,-70.87123081506975,-70.87123081506975
2118.72005941391,-70.87365255506143,-70.87365255506143
2118.73005941391,-70.87608149203652,-70.87608149203652
2118.74005941391,-70.87851766613097,-70.87851766613097
2118.75005941391,-70.88096111639507,-70.88096111639507
2118.76005941391,-70.88341188080015,-70.88341188080015
2118.77005941391,-70.8858699962601,-70.8858699962601
2118.78005941391,-70.88833549864347,-70.88833549864347
2118.79005941391,-70.89080842278904,-70.89080842278904
2118.80005941391,-70.89328880252233,-70.89328880252233
2118.81005941391,-70.89577667065238,-70.89577667065238
2118.82005941391,-70.89827205903286,-70.89827205903286
2118.83005941391,-70.90077499851172,-70.90077499851172
2118.84005941391,-70.90328551900676,-70.90328551900676
2118.85005941391,-70.9058036494752,-70.9058036494752
2118.8600594139098,-70.908329417951,-70.908329417951
2118.87005941391,-70.91086285155156,-70.91086285155156
2118.8800594139097,-70.91340397648908,-70.91340397648908
2118.89005941391,-70.91595281808935,-70.91595281808935
2118.9000594139097,-70.91850940079182,-70.91850940079182
2118.91005941391,-70.92107374818788,-70.92107374818788
2118.9200594139097,-70.92364588301643,-70.92364588301643
2118.93005941391,-70.92622582716561,-70.92622582716561
2118.9400594139097,-70.928813601705,-70.928813601705
2118.95005941391,-70.93140922689777,-70.93140922689777
2118.96005941391,-70.934012722195,-70.934012722195
2118.97005941391,-70.93662410626801,-70.93662410626801
2118.98005941391,-70.93924339700999,-70.93924339700999
2118.99005941391,-70.94187061153417,-70.94187061153417
2119.00005941391,-70.94450576622297,-70.94450576622297
2119.01005941391,-70.94714887669473,-70.94714887669473
2119.02005941391,-70.94979995785211,-70.94979995785211
2119.03005941391,-70.95245902387316,-70.95245902387316
2119.04005941391,-70.95512608822094,-70.95512608822094
2119.0500594377518,-70.95780117003771,-70.95780117003771
2119.060059437752,-70.96048426869854,-70.96048426869854
2119.0700594377518,-70.96317540194269,-70.96317540194269
2119.080059437752,-70.96587458050054,-70.96587458050054
2119.0900594377517,-70.96858181446208,-70.96858181446208
2119.100059437752,-70.97129711326038,-70.97129711326038
2119.1100594377517,-70.97402048569894,-70.97402048569894
2119.120059437752,-70.97675193993705,-70.97675193993705
2119.1300594377517,-70.97949148354225,-70.97949148354225
2119.140059437752,-70.98223912345867,-70.98223912345867
2119.1500594377517,-70.98499486603038,-70.98499486603038
2119.160059437752,-70.9877587170291,-70.9877587170291
2119.1700594377517,-70.9905306816221,-70.9905306816221
2119.180059437752,-70.99331076443305,-70.99331076443305
2119.1900594377516,-70.99609896950989,-70.99609896950989
2119.200059437752,-70.99889530034368,-70.99889530034368
2119.2100594377516,-71.00169975989785,-71.00169975989785
2119.220059437752,-71.00451235058516,-71.00451235058516
2119.2300594377516,-71.00733307429938,-71.00733307429938
2119.240059437752,-71.01016193240955,-71.01016193240955
2119.2500594377516,-71.01299892578068,-71.01299892578068
2119.260059437752,-71.01584405476747,-71.01584405476747
2119.2700594377516,-71.01869731924485,-71.01869731924485
2119.280059437752,-71.02155871859901,-71.02155871859901
2119.2900594377516,-71.02442825171521,-71.02442825171521
2119.3000594377518,-71.02730591703616,-71.02730591703616
2119.310059437752,-71.03019171253389,-71.03019171253389
2119.3200594377518,-71.03308563571007,-71.03308563571007
2119.330059437752,-71.03598768364041,-71.03598768364041
2119.3400594377517,-71.03889785293335,-71.03889785293335
2119.350059437752,-71.04181613979634,-71.04181613979634
2119.3600594377517,-71.04474253998428,-71.04474253998428
2119.370059437752,-71.04767704884576,-71.04767704884576
2119.3800594377517,-71.05061966130842,-71.05061966130842
2119.390059437752,-71.05357037188557,-71.05357037188557
2119.4000594377517,-71.05652917471093,-71.05652917471093
2119.410059437752,-71.0594960635236,-71.0594960635236
2119.4200594377517,-71.06247103166038,-71.06247103166038
2119.430059437752,-71.06545407208381,-71.06545407208381
2119.4400594377516,-71.06844517739093,-71.06844517739093
2119.450059437752,-71.07144433981156,-71.07144433981156
2119.4600594377516,-71.07445155120297,-71.07445155120297
2119.470059437752,-71.07746680306727,-71.07746680306727
2119.4800594377516,-71.08049008656793,-71.08049008656793
2119.490059437752,-71.08352139251784,-71.08352139251784
2119.5000594377516,-71.08656071140496,-71.08656071140496
2119.510059437752,-71.08960803337035,-71.08960803337035
2119.5200594377516,-71.09266334823381,-71.09266334823381
2119.530059437752,-71.09572664548496,-71.09572664548496
2119.5400594377516,-71.09879791432458,-71.09879791432458
2119.5500594377518,-71.10187714361253,-71.10187714361253
2119.560059437752,-71.10496432193281,-71.10496432193281
2119.5700594377518,-71.10805943754191,-71.10805943754191
2119.580059437752,-71.11116247842574,-71.11116247842574
2119.5900594377517,-71.11427343227497,-71.11427343227497
2119.600059437752,-71.11739228648098,-71.11739228648098
2119.6100594377517,-71.12051902818271,-71.12051902818271
2119.620059437752,-71.12365364422145,-71.12365364422145
2119.6300594377517,-71.12679612118689,-71.12679612118689
2119.640059437752,-71.12994644539704,-71.12994644539704
2119.6500594377517,-71.13310460290695,-71.13310460290695
2119.660059437752,-71.1362705795195,-71.1362705795195
2119.6700594377517,-71.13944436079413,-71.13944436079413
2119.680059437752,-71.14262593203695,-71.14262593203695
2119.6900594377516,-71.14581527830552,-71.14581527830552
2119.700059437752,-71.14901238444062,-71.14901238444062
2119.7100594377516,-71.15221723502893,-71.15221723502893
2119.720059437752,-71.15542981444794,-71.15542981444794
2119.7300594377516,-71.15865010683042,-71.15865010683042
2119.740059437752,-71.1618780961006,-71.1618780961006
2119.7500594377516,-71.16511376597462,-71.16511376597462
2119.760059437752,-71.16835709994382,-71.16835709994382
2119.7700594377516,-71.17160808129546,-71.17160808129546
2119.780059437752,-71.17486669310567,-71.17486669310567
2119.7900594377516,-71.17813291826737,-71.17813291826737
2119.8000594377518,-71.18140673945987,-71.18140673945987
2119.810059437752,-71.18468813917316,-71.18468813917316
2119.8200594377518,-71.18797709972554,-71.18797709972554
2119.830059437752,-71.19127360322115,-71.19127360322115
2119.8400594377517,-71.19457763160278,-71.19457763160278
2119.850059437752,-71.19788916663182,-71.19788916663182
2119.8600594377517,-71.20120818988728,-71.20120818988728
2119.870059437752,-71.2045346827849,-71.2045346827849
2119.8800594377517,-71.20786862656684,-71.20786862656684
2119.890059437752,-71.21121000231754,-71.21121000231754
2119.9000594615936,-71.214558798926,-71.214558798926
2119.910059461594,-71.21791498123997,-71.21791498123997
2119.9200594615936,-71.22127853779583,-71.22127853779583
2119.930059461594,-71.22464944905619,-71.22464944905619
2119.9400594615936,-71.22802769532899,-71.22802769532899
2119.950059461594,-71.23141325676903,-71.23141325676903
2119.9600594615936,-71.23480611340256,-71.23480611340256
2119.970059461594,-71.23820624510243,-71.23820624510243
2119.9800594615936,-71.24161363161949,-71.24161363161949
2119.990059461594,-71.24502825254525,-71.24502825254525
2120.0000594615935,-71.24845008737034,-71.24845008737034
2120.0100594615938,-71.2518791154464,-71.2518791154464
2120.0200594615935,-71.2553153159927,-71.2553153159927
2120.0300594615937,-71.25875866811256,-71.25875866811256
2120.0400594615935,-71.26220915079469,-71.26220915079469
2120.0500594615937,-71.2656667428973,-71.2656667428973
2120.0600594615935,-71.26913142317817,-71.26913142317817
2120.0700594615937,-71.27260317027215,-71.27260317027215
2120.0800594615935,-71.27608196271638,-71.27608196271638
2120.0900594615937,-71.27956777892629,-71.27956777892629
2120.1000594615934,-71.28306059723616,-71.28306059723616
2120.1100594615937,-71.28656039585242,-71.28656039585242
2120.1200594615934,-71.29006715290228,-71.29006715290228
2120.1300594615936,-71.29358084640053,-71.29358084640053
2120.1400594615934,-71.29710145428047,-71.29710145428047
2120.1500594615936,-71.30062895437317,-71.30062895437317
2120.160059461594,-71.30416332443122,-71.30416332443122
2120.1700594615936,-71.30770454211248,-71.30770454211248
2120.180059461594,-71.3112525849818,-71.3112525849818
2120.1900594615936,-71.31480743054101,-71.31480743054101
2120.200059461594,-71.31836905618937,-71.31836905618937
2120.2100594615936,-71.32193743926821,-71.32193743926821
2120.220059461594,-71.32551255702104,-71.32551255702104
2120.2300594615936,-71.32909438662247,-71.32909438662247
2120.240059461594,-71.33268290518743,-71.33268290518743
2120.2500594615935,-71.33627808974772,-71.33627808974772
2120.2600594615938,-71.33987991727334,-71.33987991727334
2120.2700594615935,-71.34348836466057,-71.34348836466057
2120.2800594615937,-71.34710340874425,-71.34710340874425
2120.2900594615935,-71.35072502630217,-71.35072502630217
2120.3000594615937,-71.35435319403469,-71.35435319403469
2120.3100594615935,-71.35798788860815,-71.35798788860815
2120.3200594615937,-71.36162908660692,-71.36162908660692
2120.3300594615935,-71.36527676457848,-71.36527676457848
2120.3400594615937,-71.36893089899898,-71.36893089899898
2120.3500594615934,-71.37259146630524,-71.37259146630524
2120.3600594615937,-71.37625844288411,-71.37625844288411
2120.3700594615934,-71.37993180507536,-71.37993180507536
2120.3800594615936,-71.3836115291583,-71.3836115291583
2120.3900594615934,-71.38729759137416,-71.38729759137416
2120.4000594615936,-71.39098996793211,-71.39098996793211
2120.410059461594,-71.39468863497746,-71.39468863497746
2120.4200594615936,-71.39839356863946,-71.39839356863946
2120.430059461594,-71.40210474499486,-71.40210474499486
2120.4400594615936,-71.40582214007686,-71.40582214007686
2120.450059461594,-71.4095457298972,-71.4095457298972
2120.4600594615936,-71.41327549042231,-71.41327549042231
2120.470059461594,-71.41701139759293,-71.41701139759293
2120.4800594615936,-71.42075342731368,-71.42075342731368
2120.490059461594,-71.42450155546489,-71.42450155546489
2120.5000594615935,-71.42825575789686,-71.42825575789686
2120.5100594615938,-71.43201601042371,-71.43201601042371
2120.5200594615935,-71.43578228885097,-71.43578228885097
2120.5300594615937,-71.43955456894012,-71.43955456894012
2120.5400594615935,-71.44333282644573,-71.44333282644573
2120.5500594615937,-71.44711703709703,-71.44711703709703
2120.5600594615935,-71.45090717659288,-71.45090717659288
2120.5700594615937,-71.45470322062084,-71.45470322062084
2120.5800594615935,-71.45850514485254,-71.45850514485254
2120.5900594615937,-71.46231292494971,-71.46231292494971
2120.6000594615934,-71.46612653653891,-71.46612653653891
2120.6100594615937,-71.46994595524744,-71.46994595524744
2120.6200594615934,-71.47377115667922,-71.47377115667922
2120.6300594615936,-71.47760211643835,-71.47760211643835
2120.6400594615934,-71.4814388101176,-71.4814388101176
2120.6500594615936,-71.48528121328052,-71.48528121328052
2120.660059461594,-71.48912930151081,-71.48912930151081
2120.6700594615936,-71.49298305036005,-71.49298305036005
2120.680059461594,-71.49684243539191,-71.49684243539191
2120.6900594615936,-71.5007074321563,-71.5007074321563
2120.700059461594,-71.50457801620378,-71.50457801620378
2120.7100594615936,-71.5084541630673,-71.5084541630673
2120.720059461594,-71.512335848297,-71.512335848297
2120.7300594615936,-71.51622304743218,-71.51622304743218
2120.740059461594,-71.52011573601628,-71.52011573601628
2120.7500594854355,-71.52401389886784,-71.52401389886784
2120.7600594854357,-71.52791749300361,-71.52791749300361
2120.7700594854355,-71.53182650320505,-71.53182650320505
2120.7800594854357,-71.53574090503231,-71.53574090503231
2120.7900594854354,-71.53966067404761,-71.53966067404761
2120.8000594854357,-71.54358578580869,-71.54358578580869
2120.8100594854354,-71.54751621588092,-71.54751621588092
2120.8200594854356,-71.55145193984492,-71.55145193984492
2120.8300594854354,-71.55539293328326,-71.55539293328326
2120.8400594854356,-71.55933917178554,-71.55933917178554
2120.8500594854354,-71.56329063096061,-71.56329063096061
2120.8600594854356,-71.56724728641868,-71.56724728641868
2120.8700594854354,-71.5712091137814,-71.5712091137814
2120.8800594854356,-71.57517608869455,-71.57517608869455
2120.8900594854354,-71.57914818679758,-71.57914818679758
2120.9000594854356,-71.58312538376401,-71.58312538376401
2120.9100594854353,-71.58710765527712,-71.58710765527712
2120.9200594854356,-71.5910949770293,-71.5910949770293
2120.9300594854353,-71.59508732473671,-71.59508732473671
2120.9400594854355,-71.59908467412124,-71.59908467412124
2120.9500594854353,-71.60308700093701,-71.60308700093701
2120.9600594854355,-71.60709428094623,-71.60709428094623
2120.9700594854353,-71.61110648993447,-71.61110648993447
2120.9800594854355,-71.61512360370799,-71.61512360370799
2120.9900594854353,-71.61914559809486,-71.61914559809486
2121.0000594854355,-71.62317244893674,-71.62317244893674
2121.0100594854357,-71.62720413210201,-71.62720413210201
2121.0200594854355,-71.63124062348993,-71.63124062348993
2121.0300594854357,-71.63528189900937,-71.63528189900937
2121.0400594854354,-71.63932793460646,-71.63932793460646
2121.0500594854357,-71.64337870623518,-71.64337870623518
2121.0600594854354,-71.64743418989092,-71.64743418989092
2121.0700594854356,-71.65149436158487,-71.65149436158487
2121.0800594854354,-71.65555919736083,-71.65555919736083
2121.0900594854356,-71.65962867328548,-71.65962867328548
2121.1000594854354,-71.66370276544832,-71.66370276544832
2121.1100594854356,-71.667781449984,-71.667781449984
2121.1200594854354,-71.67186470303695,-71.67186470303695
2121.1300594854356,-71.67595250078335,-71.67595250078335
2121.1400594854354,-71.68004481944608,-71.68004481944608
2121.1500594854356,-71.68414163525892,-71.68414163525892
2121.1600594854353,-71.68824292449295,-71.68824292449295
2121.1700594854356,-71.69234866345774,-71.69234866345774
2121.1800594854353,-71.6964588284842,-71.6964588284842
2121.1900594854355,-71.70057339593511,-71.70057339593511
2121.2000594854353,-71.7046923422236,-71.7046923422236
2121.2100594854355,-71.70881564376849,-71.70881564376849
2121.2200594854353,-71.71294327704373,-71.71294327704373
2121.2300594854355,-71.71707521854974,-71.71707521854974
2121.2400594854353,-71.7212114448169,-71.7212114448169
2121.2500594854355,-71.72535193242449,-71.72535193242449
2121.2600594854357,-71.72949665797425,-71.72949665797425
2121.2700594854355,-71.73364559811111,-71.73364559811111
2121.2800594854357,-71.73779872950857,-71.73779872950857
2121.2900594854354,-71.7419560288866,-71.7419560288866
2121.3000594854357,-71.74611747300291,-71.74611747300291
2121.3100594854354,-71.75028303863672,-71.75028303863672
2121.3200594854356,-71.75445270262024,-71.75445270262024
2121.3300594854354,-71.75862644182219,-71.75862644182219
2121.3400594854356,-71.7628042331509,-71.7628042331509
2121.3500594854354,-71.76698605355166,-71.76698605355166
2121.3600594854356,-71.77117187999296,-71.77117187999296
2121.3700594854354,-71.77536168951508,-71.77536168951508
2121.3800594854356,-71.77955545917952,-71.77955545917952
2121.3900594854354,-71.78375316608906,-71.78375316608906
2121.4000594854356,-71.7879547873861,-71.7879547873861
2121.4100594854353,-71.79216030026531,-71.79216030026531
2121.4200594854356,-71.79636968194504,-71.79636968194504
2121.4300594854353,-71.80058290971206,-71.80058290971206
2121.4400594854355,-71.80479996086842,-71.80479996086842
2121.4500594854353,-71.80902081277107,-71.80902081277107
2121.4600594854355,-71.81324544281682,-71.81324544281682
2121.4700594854353,-71.81747382844985,-71.81747382844985
2121.4800594854355,-71.82170594715234,-71.82170594715234
2121.4900594854353,-71.82594177645844,-71.82594177645844
2121.5000594854355,-71.83018129393365,-71.83018129393365
2121.5100594854357,-71.83442447719582,-71.83442447719582
2121.5200594854355,-71.83867130391963,-71.83867130391963
2121.5300594854357,-71.84292175179856,-71.84292175179856
2121.5400594854354,-71.84717579858764,-71.84717579858764
2121.5500594854357,-71.85143342207783,-71.85143342207783
2121.5600594854354,-71.85569460012566,-71.85569460012566
2121.5700594854356,-71.85995931060995,-71.85995931060995
2121.5800594854354,-71.8642275314715,-71.8642275314715
2121.5900594854356,-71.86849924068622,-71.86849924068622
2121.6000595092773,-71.87277442646129,-71.87277442646129
2121.6100595092776,-71.87705304653652,-71.87705304653652
2121.6200595092773,-71.88133508918736,-71.88133508918736
2121.6300595092775,-71.88562053257627,-71.88562053257627
2121.6400595092773,-71.88990935492862,-71.88990935492862
2121.6500595092775,-71.8942015345109,-71.8942015345109
2121.6600595092773,-71.89849704963852,-71.89849704963852
2121.6700595092775,-71.90279587865705,-71.90279587865705
2121.6800595092773,-71.90709799998709,-71.90709799998709
2121.6900595092775,-71.91140339207675,-71.91140339207675
2121.7000595092773,-71.91571203344434,-71.91571203344434
2121.7100595092775,-71.92002390263012,-71.92002390263012
2121.7200595092772,-71.92433897824236,-71.92433897824236
2121.7300595092775,-71.9286572389355,-71.9286572389355
2121.740059509277,-71.9329786634056,-71.9329786634056
2121.7500595092774,-71.93730323041032,-71.93730323041032
2121.760059509277,-71.94163091874836,-71.94163091874836
2121.7700595092774,-71.94596170727456,-71.94596170727456
2121.780059509277,-71.95029557487777,-71.95029557487777
2121.7900595092774,-71.95463250051722,-71.95463250051722
2121.800059509277,-71.9589724631947,-71.9589724631947
2121.8100595092774,-71.96331544195972,-71.96331544195972
2121.820059509277,-71.96766141591371,-71.96766141591371
2121.8300595092774,-71.97201036421203,-71.97201036421203
2121.840059509277,-71.97636226605687,-71.97636226605687
2121.8500595092773,-71.9807171007009,-71.9807171007009
2121.8600595092776,-71.9850748474517,-71.9850748474517
2121.8700595092773,-71.9894354856619,-71.9894354856619
2121.8800595092775,-71.99379899474407,-71.99379899474407
2121.8900595092773,-71.9981653541558,-71.9981653541558
2121.9000595092775,-72.00253454340985,-72.00253454340985
2121.9100595092773,-72.00690654206622,-72.00690654206622
2121.9200595092775,-72.01128132974004,-72.01128132974004
2121.9300595092773,-72.01565888609903,-72.01565888609903
2121.9400595092775,-72.0200391908602,-72.0200391908602
2121.9500595092773,-72.02442222378919,-72.02442222378919
2121.9600595092775,-72.02880796471618,-72.02880796471618
2121.9700595092772,-72.03319639350924,-72.03319639350924
2121.9800595092775,-72.03758749009613,-72.03758749009613
2121.990059509277,-72.04198123445863,-72.04198123445863
2122.0000595092774,-72.04637760662405,-72.04637760662405
2122.010059509277,-72.05077658667885,-72.05077658667885
2122.0200595092774,-72.05517815476166,-72.05517815476166
2122.030059509277,-72.05958229106115,-72.05958229106115
2122.0400595092774,-72.06398897581825,-72.06398897581825
2122.050059509277,-72.06839818932674,-72.06839818932674
2122.0600595092774,-72.07280991193373,-72.07280991193373
2122.070059509277,-72.0772241240414,-72.0772241240414
2122.0800595092774,-72.08164080610074,-72.08164080610074
2122.090059509277,-72.08605993862388,-72.08605993862388
2122.1000595092773,-72.09048150216591,-72.09048150216591
2122.1100595092776,-72.094905477334,-72.094905477334
2122.1200595092773,-72.09933184480394,-72.09933184480394
2122.1300595092775,-72.10376058528703,-72.10376058528703
2122.1400595092773,-72.10819167956367,-72.10819167956367
2122.1500595092775,-72.11262510844973,-72.11262510844973
2122.1600595092773,-72.11706085282755,-72.11706085282755
2122.1700595092775,-72.1214988936289,-72.1214988936289
2122.1800595092773,-72.12593921184185,-72.12593921184185
2122.1900595092775,-72.13038178849747,-72.13038178849747
2122.2000595092773,-72.13482660469795,-72.13482660469795
2122.2100595092775,-72.1392736415809,-72.1392736415809
2122.2200595092772,-72.14372288035429,-72.14372288035429
2122.2300595092775,-72.14817430226643,-72.14817430226643
2122.240059509277,-72.15262788861995,-72.15262788861995
2122.2500595092774,-72.15708362077585,-72.15708362077585
2122.260059509277,-72.16154148015069,-72.16154148015069
2122.2700595092774,-72.16600144820691,-72.16600144820691
2122.280059509277,-72.17046350646267,-72.17046350646267
2122.2900595092774,-72.17492763650392,-72.17492763650392
2122.300059509277,-72.1793938199466,-72.1793938199466
2122.3100595092774,-72.18386203847538,-72.18386203847538
2122.320059509277,-72.18833227382555,-72.18833227382555
2122.3300595092774,-72.19280450778187,-72.19280450778187
2122.340059509277,-72.19727872218638,-72.19727872218638
2122.3500595092773,-72.20175489893913,-72.20175489893913
2122.3600595092776,-72.20623301998528,-72.20623301998528
2122.3700595092773,-72.21071306732776,-72.21071306732776
2122.3800595092775,-72.21519502301695,-72.21519502301695
2122.3900595092773,-72.21967886917126,-72.21967886917126
2122.4000595092775,-72.2241645879489,-72.2241645879489
2122.4100595092773,-72.22865216156379,-72.22865216156379
2122.4200595092775,-72.23314157229484,-72.23314157229484
2122.4300595092773,-72.23763280245954,-72.23763280245954
2122.4400595092775,-72.24212583443084,-72.24212583443084
2122.450059533119,-72.2466206613453,-72.2466206613453
2122.4600595331194,-72.25111724429068,-72.25111724429068
2122.470059533119,-72.2556155764975,-72.2556155764975
2122.4800595331194,-72.26011564055153,-72.26011564055153
2122.490059533119,-72.26461741909264,-72.26461741909264
2122.5000595331194,-72.26912089482644,-72.26912089482644
2122.510059533119,-72.27362605050011,-72.27362605050011
2122.5200595331194,-72.27813286892236,-72.27813286892236
2122.530059533119,-72.28264133294704,-72.28264133294704
2122.5400595331193,-72.28715142547583,-72.28715142547583
2122.550059533119,-72.29166312947514,-72.29166312947514
2122.5600595331193,-72.29617642796208,-72.29617642796208
2122.570059533119,-72.30069130401155,-72.30069130401155
2122.5800595331193,-72.30520774073702,-72.30520774073702
2122.590059533119,-72.30972186897714,-72.30972186897714
2122.6000595331193,-72.31422791722518,-72.31422791722518
2122.610059533119,-72.3187199937505,-72.3187199937505
2122.6200595331193,-72.3231927571623,-72.3231927571623
2122.630059533119,-72.32764152936605,-72.32764152936605
2122.6400595331193,-72.33206223428748,-72.33206223428748
2122.650059533119,-72.33645130714046,-72.33645130714046
2122.6600595331192,-72.34080561396739,-72.34080561396739
2122.670059533119,-72.3451223871282,-72.3451223871282
2122.680059533119,-72.34939917430171,-72.34939917430171
2122.690059533119,-72.35363379765552,-72.35363379765552
2122.700059533119,-72.35782432045838,-72.35782432045838
2122.7100595331194,-72.36196270437512,-72.36196270437512
2122.720059533119,-72.36604464569365,-72.36604464569365
2122.7300595331194,-72.37006742837197,-72.37006742837197
2122.740059533119,-72.3740291458199,-72.3740291458199
2122.7500595331194,-72.37792839557181,-72.37792839557181
2122.760059533119,-72.38176411557004,-72.38176411557004
2122.7700595331194,-72.38553548448897,-72.38553548448897
2122.780059533119,-72.38924185878673,-72.38924185878673
2122.7900595331193,-72.39288273200282,-72.39288273200282
2122.800059533119,-72.39645770790297,-72.39645770790297
2122.8100595331193,-72.39996648218244,-72.39996648218244
2122.820059533119,-72.40340882957692,-72.40340882957692
2122.8300595331193,-72.40678459445385,-72.40678459445385
2122.840059533119,-72.41009368374682,-72.41009368374682
2122.8500595331193,-72.41333606132943,-72.41333606132943
2122.860059533119,-72.41651174347683,-72.41651174347683
2122.8700595331193,-72.41962079498866,-72.41962079498866
2122.880059533119,-72.42266332590464,-72.42266332590464
2122.8900595331193,-72.4256394884995,-72.4256394884995
2122.900059533119,-72.42854947463688,-72.42854947463688
2122.9100595331192,-72.43139351331166,-72.43139351331166
2122.920059533119,-72.43417186837816,-72.43417186837816
2122.930059533119,-72.43688483641584,-72.43688483641584
2122.940059533119,-72.43953274476257,-72.43953274476257
2122.950059533119,-72.44211594959546,-72.44211594959546
2122.9600595331194,-72.44463483418573,-72.44463483418573
2122.970059533119,-72.44708980719189,-72.44708980719189
2122.9800595331194,-72.44948130104633,-72.44948130104633
2122.990059533119,-72.45180977045582,-72.45180977045582
2123.0000595331194,-72.45407569092686,-72.45407569092686
2123.010059533119,-72.45627955739212,-72.45627955739212
2123.0200595331194,-72.45842188290503,-72.45842188290503
2123.030059533119,-72.46050319737267,-72.46050319737267
2123.0400595331193,-72.46252404636287,-72.46252404636287
2123.050059533119,-72.46448498998346,-72.46448498998346
2123.0600595331193,-72.46638660178857,-72.46638660178857
2123.070059533119,-72.46822946774891,-72.46822946774891
2123.0800595331193,-72.47001418527614,-72.47001418527614
2123.090059533119,-72.47174136228752,-72.47174136228752
2123.1000595331193,-72.47341161630814,-72.47341161630814
2123.110059533119,-72.47502557364335,-72.47502557364335
2123.1200595331193,-72.47658386855862,-72.47658386855862
2123.130059533119,-72.47808714253128,-72.47808714253128
2123.1400595331193,-72.47953604349085,-72.47953604349085
2123.150059533119,-72.4809312251694,-72.4809312251694
2123.1600595331192,-72.48227334642468,-72.48227334642468
2123.170059533119,-72.48356307060048,-72.48356307060048
2123.180059533119,-72.48480106495224,-72.48480106495224
2123.190059533119,-72.48598800008497,-72.48598800008497
2123.200059533119,-72.48712454940674,-72.48712454940674
2123.2100595331194,-72.48821138862422,-72.48821138862422
2123.220059533119,-72.48924919526883,-72.48924919526883
2123.2300595331194,-72.49023864822412,-72.49023864822412
2123.240059533119,-72.49118042730606,-72.49118042730606
2123.2500595331194,-72.49207521284514,-72.49207521284514
2123.260059533119,-72.49292368531417,-72.49292368531417
2123.2700595331194,-72.49372652491196,-72.49372652491196
2123.280059533119,-72.49448441128649,-72.49448441128649
2123.2900595331193,-72.4951980231281,-72.4951980231281
2123.300059556961,-72.49586803951883,-72.49586803951883
2123.3100595569613,-72.49649513312195,-72.49649513312195
2123.320059556961,-72.49707997977201,-72.49707997977201
2123.3300595569613,-72.49762325153397,-72.49762325153397
2123.340059556961,-72.49812561817431,-72.49812561817431
2123.3500595569612,-72.49858774688785,-72.49858774688785
2123.360059556961,-72.49901030210866,-72.49901030210866
2123.370059556961,-72.49939394527964,-72.49939394527964
2123.380059556961,-72.4997393346782,-72.4997393346782
2123.390059556961,-72.50004712520861,-72.50004712520861
2123.400059556961,-72.50031796824989,-72.50031796824989
2123.410059556961,-72.50055251148548,-72.50055251148548
2123.420059556961,-72.50075139874511,-72.50075139874511
2123.430059556961,-72.50091526988246,-72.50091526988246
2123.440059556961,-72.50104476062153,-72.50104476062153
2123.450059556961,-72.50114050243954,-72.50114050243954
2123.460059556961,-72.50120312245967,-72.50120312245967
2123.470059556961,-72.50123324333497,-72.50123324333497
2123.480059556961,-72.50123148315097,-72.50123148315097
2123.490059556961,-72.50119845532781,-72.50119845532781
2123.500059556961,-72.50113476854679,-72.50113476854679
2123.510059556961,-72.50104102666593,-72.50104102666593
2123.520059556961,-72.50091782864136,-72.50091782864136
2123.530059556961,-72.50076576847302,-72.50076576847302
2123.540059556961,-72.50058543513225,-72.50058543513225
2123.550059556961,-72.50037741251485,-72.50037741251485
2123.5600595569613,-72.50014227938536,-72.50014227938536
2123.570059556961,-72.49988060933816,-72.49988060933816
2123.5800595569613,-72.49959297075499,-72.49959297075499
2123.590059556961,-72.49927992677259,-72.49927992677259
2123.6000595569612,-72.49894203523326,-72.49894203523326
2123.610059556961,-72.49857984869023,-72.49857984869023
2123.620059556961,-72.4981939143529,-72.4981939143529
2123.630059556961,-72.49778477408336,-72.49778477408336
2123.640059556961,-72.49735296437584,-72.49735296437584
2123.650059556961,-72.49689901635837,-72.49689901635837
2123.660059556961,-72.49642345575215,-72.49642345575215
2123.670059556961,-72.49592680290547,-72.49592680290547
2123.680059556961,-72.49540957274121,-72.49540957274121
2123.690059556961,-72.49487227480806,-72.49487227480806
2123.700059556961,-72.49431541323487,-72.49431541323487
2123.710059556961,-72.49373948678,-72.49373948678
2123.720059556961,-72.49314498879487,-72.49314498879487
2123.730059556961,-72.49253240726192,-72.49253240726192
2123.740059556961,-72.491902224785,-72.491902224785
2123.750059556961,-72.49125491863909,-72.49125491863909
2123.760059556961,-72.49059096073411,-72.49059096073411
2123.770059556961,-72.48991081767201,-72.48991081767201
2123.780059556961,-72.48921495073517,-72.48921495073517
2123.790059556961,-72.48850381593071,-72.48850381593071
2123.800059556961,-72.48777786400252,-72.48777786400252
2123.8100595569613,-72.48703754044678,-72.48703754044678
2123.820059556961,-72.486283285544,-72.486283285544
2123.8300595569613,-72.48551553439044,-72.48551553439044
2123.840059556961,-72.48473471691118,-72.48473471691118
2123.8500595569612,-72.48394125789277,-72.48394125789277
2123.860059556961,-72.48313557700048,-72.48313557700048
2123.870059556961,-72.48231808884111,-72.48231808884111
2123.880059556961,-72.4814892029665,-72.4814892029665
2123.890059556961,-72.48064932390297,-72.48064932390297
2123.900059556961,-72.47979885118959,-72.47979885118959
2123.910059556961,-72.47893817942249,-72.47893817942249
2123.920059556961,-72.4780676982765,-72.4780676982765
2123.930059556961,-72.47718779254579,-72.47718779254579
2123.940059556961,-72.47629884216178,-72.47629884216178
2123.950059556961,-72.47540122224677,-72.47540122224677
2123.960059556961,-72.47449530314795,-72.47449530314795
2123.970059556961,-72.47358145047248,-72.47358145047248
2123.980059556961,-72.47266002511279,-72.47266002511279
2123.990059556961,-72.47173138330615,-72.47173138330615
2124.000059556961,-72.47079587665054,-72.47079587665054
2124.010059556961,-72.46985385214897,-72.46985385214897
2124.020059556961,-72.4689056522634,-72.4689056522634
2124.030059556961,-72.46795161492122,-72.46795161492122
2124.040059556961,-72.46699207358924,-72.46699207358924
2124.050059556961,-72.46602735728585,-72.46602735728585
2124.0600595569613,-72.46505779062925,-72.46505779062925
2124.070059556961,-72.46408369388652,-72.46408369388652
2124.0800595569613,-72.46310538300058,-72.46310538300058
2124.090059556961,-72.46212316963158,-72.46212316963158
2124.1000595569612,-72.46113736118902,-72.46113736118902
2124.110059556961,-72.46014826088991,-72.46014826088991
2124.120059556961,-72.45915616779003,-72.45915616779003
2124.130059556961,-72.4581613768205,-72.4581613768205
2124.140059556961,-72.45716417882133,-72.45716417882133
2124.150059580803,-72.45616485820379,-72.45616485820379
2124.160059580803,-72.45516370253718,-72.45516370253718
2124.170059580803,-72.45416098826513,-72.45416098826513
2124.180059580803,-72.453156990284,-72.453156990284
2124.190059580803,-72.45215197961275,-72.45215197961275
2124.200059580803,-72.45114622342133,-72.45114622342133
2124.210059580803,-72.45013998506008,-72.45013998506008
2124.220059580803,-72.44913352412559,-72.44913352412559
2124.230059580803,-72.4481270964738,-72.4481270964738
2124.240059580803,-72.44712095426397,-72.44712095426397
2124.250059580803,-72.44611534600638,-72.44611534600638
2124.260059580803,-72.4451105165973,-72.4451105165973
2124.270059580803,-72.44410670735331,-72.44410670735331
2124.280059580803,-72.44310415604465,-72.44310415604465
2124.290059580803,-72.44210309694569,-72.44210309694569
2124.300059580803,-72.44110376086033,-72.44110376086033
2124.3100595808028,-72.44010637517883,-72.44010637517883
2124.320059580803,-72.43911116387726,-72.43911116387726
2124.3300595808028,-72.43811834759603,-72.43811834759603
2124.340059580803,-72.43712814365526,-72.43712814365526
2124.3500595808027,-72.43614076609865,-72.43614076609865
2124.360059580803,-72.43515642571259,-72.43515642571259
2124.3700595808027,-72.43417533008362,-72.43417533008362
2124.380059580803,-72.4331976836157,-72.4331976836157
2124.3900595808027,-72.43222368758835,-72.43222368758835
2124.400059580803,-72.4312535401725,-72.4312535401725
2124.410059580803,-72.43028743647093,-72.43028743647093
2124.420059580803,-72.42932556855237,-72.42932556855237
2124.430059580803,-72.42836812549174,-72.42836812549174
2124.440059580803,-72.42741529339168,-72.42741529339168
2124.450059580803,-72.42646725542943,-72.42646725542943
2124.460059580803,-72.42552419188473,-72.42552419188473
2124.470059580803,-72.42458628017332,-72.42458628017332
2124.480059580803,-72.42365369488162,-72.42365369488162
2124.490059580803,-72.42272660778201,-72.42272660778201
2124.500059580803,-72.42180518790403,-72.42180518790403
2124.510059580803,-72.42088960152869,-72.42088960152869
2124.520059580803,-72.41998001224424,-72.41998001224424
2124.530059580803,-72.41907658095754,-72.41907658095754
2124.540059580803,-72.4181794659392,-72.4181794659392
2124.550059580803,-72.4172888228612,-72.4172888228612
2124.5600595808028,-72.41640480481354,-72.41640480481354
2124.570059580803,-72.41552756233143,-72.41552756233143
2124.5800595808028,-72.4146572434469,-72.4146572434469
2124.590059580803,-72.41379399368851,-72.41379399368851
2124.6000595808027,-72.41293795613693,-72.41293795613693
2124.610059580803,-72.41208927145122,-72.41208927145122
2124.6200595808027,-72.41124807787935,-72.41124807787935
2124.630059580803,-72.41041451129755,-72.41041451129755
2124.6400595808027,-72.40958870525397,-72.40958870525397
2124.650059580803,-72.40877079097551,-72.40877079097551
2124.660059580803,-72.40796089739457,-72.40796089739457
2124.670059580803,-72.4071591512025,-72.4071591512025
2124.680059580803,-72.40636567684862,-72.40636567684862
2124.690059580803,-72.40558059657815,-72.40558059657815
2124.700059580803,-72.40480403046423,-72.40480403046423
2124.710059580803,-72.40403609642891,-72.40403609642891
2124.720059580803,-72.4032769102609,-72.4032769102609
2124.730059580803,-72.40252658566062,-72.40252658566062
2124.740059580803,-72.40178523425716,-72.40178523425716
2124.750059580803,-72.40105296562189,-72.40105296562189
2124.760059580803,-72.4003298873164,-72.4003298873164
2124.770059580803,-72.39961610490221,-72.39961610490221
2124.780059580803,-72.39891172195244,-72.39891172195244
2124.790059580803,-72.39821684011046,-72.39821684011046
2124.800059580803,-72.39753155908896,-72.39753155908896
2124.8100595808028,-72.39685597670963,-72.39685597670963
2124.820059580803,-72.39619018889546,-72.39619018889546
2124.8300595808028,-72.39553428973996,-72.39553428973996
2124.840059580803,-72.3948883714904,-72.3948883714904
2124.8500595808027,-72.39425252459512,-72.39425252459512
2124.860059580803,-72.39362683771435,-72.39362683771435
2124.8700595808027,-72.39301139774392,-72.39301139774392
2124.880059580803,-72.39240628984842,-72.39240628984842
2124.8900595808027,-72.39181159745509,-72.39181159745509
2124.900059580803,-72.39122740231754,-72.39122740231754
2124.910059580803,-72.39065378449459,-72.39065378449459
2124.920059580803,-72.39009082240668,-72.39009082240668
2124.930059580803,-72.38953859282616,-72.38953859282616
2124.940059580803,-72.38899717092141,-72.38899717092141
2124.950059580803,-72.38846663025839,-72.38846663025839
2124.960059580803,-72.38794072573944,-72.38794072573944
2124.970059580803,-72.38741675886027,-72.38741675886027
2124.980059580803,-72.38689345055133,-72.38689345055133
2124.990059580803,-72.38637017940938,-72.38637017940938
2125.000059604645,-72.38584668922581,-72.38584668922581
2125.010059604645,-72.3853229424025,-72.3853229424025
2125.0200596046448,-72.38479902347675,-72.38479902347675
2125.030059604645,-72.38427509055686,-72.38427509055686
2125.0400596046447,-72.38375134180822,-72.38375134180822
2125.050059604645,-72.38322799610408,-72.38322799610408
2125.0600596046447,-72.3827052814344,-72.3827052814344
2125.070059604645,-72.3821834281103,-72.3821834281103
2125.0800596046447,-72.3816626649048,-72.3816626649048
2125.090059604645,-72.38114321686494,-72.38114321686494
2125.1000596046447,-72.38062530429883,-72.38062530429883
2125.110059604645,-72.3801091423208,-72.3801091423208
2125.1200596046447,-72.37959494082905,-72.37959494082905
2125.130059604645,-72.37908290463524,-72.37908290463524
2125.1400596046446,-72.3785732337511,-72.3785732337511
2125.150059604645,-72.37806612368435,-72.37806612368435
2125.1600596046446,-72.3775617657562,-72.3775617657562
2125.170059604645,-72.37706034739013,-72.37706034739013
2125.1800596046446,-72.37656205241562,-72.37656205241562
2125.190059604645,-72.3760670613025,-72.3760670613025
2125.2000596046446,-72.37557555138392,-72.37557555138392
2125.210059604645,-72.37508769706587,-72.37508769706587
2125.2200596046446,-72.37460366997004,-72.37460366997004
2125.230059604645,-72.37412363910447,-72.37412363910447
2125.2400596046446,-72.37364777097851,-72.37364777097851
2125.250059604645,-72.37317622969043,-72.37317622969043
2125.260059604645,-72.37270917704909,-72.37270917704909
2125.2700596046448,-72.37224677262368,-72.37224677262368
2125.280059604645,-72.37178917381021,-72.37178917381021
2125.2900596046447,-72.3713365358972,-72.3713365358972
2125.300059604645,-72.3708890121143,-72.3708890121143
2125.3100596046447,-72.37044675363714,-72.37044675363714
2125.320059604645,-72.37000990964914,-72.37000990964914
2125.3300596046447,-72.36957862736325,-72.36957862736325
2125.340059604645,-72.36915305204506,-72.36915305204506
2125.3500596046447,-72.3687333270218,-72.3687333270218
2125.360059604645,-72.36831959369589,-72.36831959369589
2125.3700596046447,-72.36791199157632,-72.36791199157632
2125.380059604645,-72.36751065827886,-72.36751065827886
2125.3900596046446,-72.3671157295433,-72.3671157295433
2125.400059604645,-72.36672733922128,-72.36672733922128
2125.4100596046446,-72.3663456193057,-72.3663456193057
2125.420059604645,-72.3659706999423,-72.3659706999423
2125.4300596046446,-72.36560270941294,-72.36560270941294
2125.440059604645,-72.36524177416136,-72.36524177416136
2125.4500596046446,-72.36488801879125,-72.36488801879125
2125.460059604645,-72.3645415660682,-72.3645415660682
2125.4700596046446,-72.36420253694422,-72.36420253694422
2125.480059604645,-72.36387105054158,-72.36387105054158
2125.4900596046446,-72.36354722418052,-72.36354722418052
2125.500059604645,-72.36323117335623,-72.36323117335623
2125.510059604645,-72.36292301178317,-72.36292301178317
2125.5200596046448,-72.3626228513673,-72.3626228513673
2125.530059604645,-72.36233080223712,-72.36233080223712
2125.5400596046447,-72.3620469727401,-72.3620469727401
2125.550059604645,-72.3617714694561,-72.3617714694561
2125.5600596046447,-72.3615043972062,-72.3615043972062
2125.570059604645,-72.36124585905092,-72.36124585905092
2125.5800596046447,-72.36099595631777,-72.36099595631777
2125.590059604645,-72.36075478858743,-72.36075478858743
2125.6000596046447,-72.36052245371869,-72.36052245371869
2125.610059604645,-72.36029904787587,-72.36029904787587
2125.6200596046447,-72.3600846654935,-72.3600846654935
2125.630059604645,-72.35987939932691,-72.35987939932691
2125.6400596046446,-72.35968334044152,-72.35968334044152
2125.650059604645,-72.35949657822385,-72.35949657822385
2125.6600596046446,-72.35931920043558,-72.35931920043558
2125.670059604645,-72.35915129315792,-72.35915129315792
2125.6800596046446,-72.35899294085385,-72.35899294085385
2125.690059604645,-72.35884422634243,-72.35884422634243
2125.7000596046446,-72.3587052308624,-72.3587052308624
2125.710059604645,-72.35857603403423,-72.35857603403423
2125.7200596046446,-72.35845671390213,-72.35845671390213
2125.730059604645,-72.35834734694139,-72.35834734694139
2125.7400596046446,-72.35824800806239,-72.35824800806239
2125.750059604645,-72.35815877063516,-72.35815877063516
2125.760059604645,-72.35807970649448,-72.35807970649448
2125.7700596046448,-72.35801088597083,-72.35801088597083
2125.780059604645,-72.35795237788167,-72.35795237788167
2125.7900596046447,-72.35790424956441,-72.35790424956441
2125.800059604645,-72.35786656687387,-72.35786656687387
2125.8100596046447,-72.35783939421272,-72.35783939421272
2125.820059604645,-72.35782279453309,-72.35782279453309
2125.8300596046447,-72.35781682936418,-72.35781682936418
2125.840059604645,-72.35782155881053,-72.35782155881053
2125.8500596284866,-72.35783704161483,-72.35783704161483
2125.860059628487,-72.3578633350571,-72.3578633350571
2125.8700596284866,-72.35790049509089,-72.35790049509089
2125.880059628487,-72.35794857630691,-72.35794857630691
2125.8900596284866,-72.35800763194901,-72.35800763194901
2125.900059628487,-72.358077713946,-72.358077713946
2125.9100596284866,-72.3581588728989,-72.3581588728989
2125.920059628487,-72.35825115812507,-72.35825115812507
2125.9300596284866,-72.35835461764295,-72.35835461764295
2125.940059628487,-72.35846929821761,-72.35846929821761
2125.9500596284865,-72.3585952453454,-72.3585952453454
2125.9600596284868,-72.35873250329698,-72.35873250329698
2125.9700596284865,-72.35888111511063,-72.35888111511063
2125.9800596284867,-72.35904112260987,-72.35904112260987
2125.9900596284865,-72.35921256643834,-72.35921256643834
2126.0000596284867,-72.35939548604172,-72.35939548604172
2126.0100596284865,-72.35958991971229,-72.35958991971229
2126.0200596284867,-72.35979590457453,-72.35979590457453
2126.0300596284865,-72.36001347663652,-72.36001347663652
2126.0400596284867,-72.36024267075975,-72.36024267075975
2126.0500596284865,-72.36048352072116,-72.36048352072116
2126.0600596284867,-72.36073605917616,-72.36073605917616
2126.0700596284864,-72.36100031771845,-72.36100031771845
2126.0800596284867,-72.3612763268624,-72.3612763268624
2126.0900596284864,-72.3615641160741,-72.3615641160741
2126.1000596284866,-72.36186371377835,-72.36186371377835
2126.110059628487,-72.36217514737523,-72.36217514737523
2126.1200596284866,-72.36249844324371,-72.36249844324371
2126.130059628487,-72.36283362677817,-72.36283362677817
2126.1400596284866,-72.3631807223845,-72.3631807223845
2126.150059628487,-72.36353975347485,-72.36353975347485
2126.1600596284866,-72.36391074253179,-72.36391074253179
2126.170059628487,-72.3642937110704,-72.3642937110704
2126.1800596284866,-72.3646886796812,-72.3646886796812
2126.190059628487,-72.36509566802135,-72.36509566802135
2126.2000596284865,-72.36551469485757,-72.36551469485757
2126.2100596284868,-72.36593946306475,-72.36593946306475
2126.2200596284865,-72.36636722163672,-72.36636722163672
2126.2300596284867,-72.36679663866524,-72.36679663866524
2126.2400596284865,-72.367227039848,-72.367227039848
2126.2500596284867,-72.36765811741888,-72.36765811741888
2126.2600596284865,-72.36808977877863,-72.36808977877863
2126.2700596284867,-72.36852205761028,-72.36852205761028
2126.2800596284865,-72.36895506044556,-72.36895506044556
2126.2900596284867,-72.36938893444349,-72.36938893444349
2126.3000596284865,-72.3698238480798,-72.3698238480798
2126.3100596284867,-72.37025997960458,-72.37025997960458
2126.3200596284864,-72.37069751025255,-72.37069751025255
2126.3300596284867,-72.37113662035419,-72.37113662035419
2126.3400596284864,-72.3715774872076,-72.3715774872076
2126.3500596284866,-72.37202028400365,-72.37202028400365
2126.360059628487,-72.37246517941678,-72.37246517941678
2126.3700596284866,-72.37291233752019,-72.37291233752019
2126.380059628487,-72.37336191795954,-72.37336191795954
2126.3900596284866,-72.37381407620215,-72.37381407620215
2126.400059628487,-72.37426896381197,-72.37426896381197
2126.4100596284866,-72.37472672878084,-72.37472672878084
2126.420059628487,-72.37518751581406,-72.37518751581406
2126.4300596284866,-72.37565146659875,-72.37565146659875
2126.440059628487,-72.37611872004229,-72.37611872004229
2126.4500596284865,-72.37658941249857,-72.37658941249857
2126.4600596284868,-72.37706367795009,-72.37706367795009
2126.4700596284865,-72.37754164815433,-72.37754164815433
2126.4800596284867,-72.37802345279928,-72.37802345279928
2126.4900596284865,-72.37850921961747,-72.37850921961747
2126.5000596284867,-72.37899907447638,-72.37899907447638
2126.5100596284865,-72.37949314146924,-72.37949314146924
2126.5200596284867,-72.37999154296847,-72.37999154296847
2126.5300596284865,-72.38049439969934,-72.38049439969934
2126.5400596284867,-72.38100183078764,-72.38100183078764
2126.5500596284865,-72.3815139537842,-72.3815139537842
2126.5600596284867,-72.38203088470588,-72.38203088470588
2126.5700596284864,-72.38255273806445,-72.38255273806445
2126.5800596284867,-72.38307962686953,-72.38307962686953
2126.5900596284864,-72.38361166268155,-72.38361166268155
2126.6000596284866,-72.3841489555815,-72.3841489555815
2126.610059628487,-72.38469161421354,-72.38469161421354
2126.6200596284866,-72.38523974578202,-72.38523974578202
2126.630059628487,-72.385793456045,-72.385793456045
2126.6400596284866,-72.38635284934776,-72.38635284934776
2126.650059628487,-72.38691802859945,-72.38691802859945
2126.6600596284866,-72.38748909529741,-72.38748909529741
2126.670059628487,-72.38806614950539,-72.38806614950539
2126.6800596284866,-72.38864928988696,-72.38864928988696
2126.690059628487,-72.38923861367745,-72.38923861367745
2126.7000596523285,-72.38983421811959,-72.38983421811959
2126.7100596523287,-72.39043619479897,-72.39043619479897
2126.7200596523285,-72.39104463813143,-72.39104463813143
2126.7300596523287,-72.39165963970302,-72.39165963970302
2126.7400596523285,-72.3922812896899,-72.3922812896899
2126.7500596523287,-72.39290967687752,-72.39290967687752
2126.7600596523284,-72.39354488862634,-72.39354488862634
2126.7700596523287,-72.39418701092458,-72.39418701092458
2126.7800596523284,-72.39483612833999,-72.39483612833999
2126.7900596523286,-72.39549232405419,-72.39549232405419
2126.8000596523284,-72.39615567985473,-72.39615567985473
2126.8100596523286,-72.39682627615205,-72.39682627615205
2126.8200596523284,-72.39750419196007,-72.39750419196007
2126.8300596523286,-72.398189504937,-72.398189504937
2126.8400596523284,-72.39888229134475,-72.39888229134475
2126.8500596523286,-72.39958262610273,-72.39958262610273
2126.8600596523283,-72.40029058275381,-72.40029058275381
2126.8700596523286,-72.40100623349024,-72.40100623349024
2126.8800596523283,-72.40172964917159,-72.40172964917159
2126.8900596523285,-72.40246089929892,-72.40246089929892
2126.9000596523283,-72.40320005206324,-72.40320005206324
2126.9100596523285,-72.40394717431083,-72.40394717431083
2126.9200596523283,-72.40470233158801,-72.40470233158801
2126.9300596523285,-72.40546558811681,-72.40546558811681
2126.9400596523283,-72.40623700683699,-72.40623700683699
2126.9500596523285,-72.4070166493955,-72.4070166493955
2126.9600596523287,-72.40780457615212,-72.40780457615212
2126.9700596523285,-72.40860084620654,-72.40860084620654
2126.9800596523287,-72.40940551738257,-72.40940551738257
2126.9900596523285,-72.41021864626028,-72.41021864626028
2127.0000596523287,-72.41104028817824,-72.41104028817824
2127.0100596523284,-72.41187049725139,-72.41187049725139
2127.0200596523287,-72.4127093263666,-72.4127093263666
2127.0300596523284,-72.41355682720277,-72.41355682720277
2127.0400596523286,-72.41441305022634,-72.41441305022634
2127.0500596523284,-72.41527804474387,-72.41527804474387
2127.0600596523286,-72.41615185886472,-72.41615185886472
2127.0700596523284,-72.4170345395385,-72.4170345395385
2127.0800596523286,-72.4179261325571,-72.4179261325571
2127.0900596523284,-72.41882668257249,-72.41882668257249
2127.1000596523286,-72.41973623309859,-72.41973623309859
2127.1100596523283,-72.42065482654226,-72.42065482654226
2127.1200596523286,-72.42158250419365,-72.42158250419365
2127.1300596523283,-72.4225193062453,-72.4225193062453
2127.1400596523285,-72.42346527180597,-72.42346527180597
2127.1500596523283,-72.42442043891702,-72.42442043891702
2127.1600596523285,-72.42538484454876,-72.42538484454876
2127.1700596523283,-72.4263585246298,-72.4263585246298
2127.1800596523285,-72.4273415140457,-72.4273415140457
2127.1900596523283,-72.42833384665674,-72.42833384665674
2127.2000596523285,-72.42933555531563,-72.42933555531563
2127.2100596523287,-72.43034035203851,-72.43034035203851
2127.2200596523285,-72.43134549785098,-72.43134549785098
2127.2300596523287,-72.43234967347625,-72.43234967347625
2127.2400596523285,-72.43335221722893,-72.43335221722893
2127.2500596523287,-72.4343528337954,-72.4343528337954
2127.2600596523284,-72.43535144283221,-72.43535144283221
2127.2700596523287,-72.4363480901332,-72.4363480901332
2127.2800596523284,-72.43734289419892,-72.43734289419892
2127.2900596523286,-72.43833601407145,-72.43833601407145
2127.3000596523284,-72.43932763001987,-72.43932763001987
2127.3100596523286,-72.44031793203139,-72.44031793203139
2127.3200596523284,-72.44130711302122,-72.44130711302122
2127.3300596523286,-72.44229536495831,-72.44229536495831
2127.3400596523284,-72.44328287673258,-72.44328287673258
2127.3500596523286,-72.44426983307659,-72.44426983307659
2127.3600596523283,-72.4452564141719,-72.4452564141719
2127.3700596523286,-72.44624279555737,-72.44624279555737
2127.3800596523283,-72.44722914828075,-72.44722914828075
2127.3900596523285,-72.44821563917554,-72.44821563917554
2127.4000596523283,-72.44920243111343,-72.44920243111343
2127.4100596523285,-72.45018968333973,-72.45018968333973
2127.4200596523283,-72.4511775517621,-72.4511775517621
2127.4300596523285,-72.45216618920473,-72.45216618920473
2127.4400596523283,-72.45315574564664,-72.45315574564664
2127.4500596523285,-72.45414636845453,-72.45414636845453
2127.4600596523287,-72.45513820256328,-72.45513820256328
2127.4700596523285,-72.45613139061281,-72.45613139061281
2127.4800596523287,-72.45712607311377,-72.45712607311377
2127.4900596523285,-72.45812238854009,-72.45812238854009
2127.5000596523287,-72.45912047343042,-72.45912047343042
2127.5100596523284,-72.46012046249051,-72.46012046249051
2127.5200596523287,-72.46112248864262,-72.46112248864262
2127.5300596523284,-72.46212668307602,-72.46212668307602
2127.5400596523286,-72.46313317530776,-72.46313317530776
2127.5500596761703,-72.46414209562174,-72.46414209562174
2127.5600596761706,-72.46515356548257,-72.46515356548257
2127.5700596761703,-72.46616771198681,-72.46616771198681
2127.5800596761705,-72.46718465825813,-72.46718465825813
2127.5900596761703,-72.46820452589354,-72.46820452589354
2127.6000596761705,-72.46922743494498,-72.46922743494498
2127.6100596761703,-72.47025350394784,-72.47025350394784
2127.6200596761705,-72.47128284992918,-72.47128284992918
2127.6300596761703,-72.47231558842118,-72.47231558842118
2127.6400596761705,-72.47335183343647,-72.47335183343647
2127.6500596761703,-72.47439169750902,-72.47439169750902
2127.6600596761705,-72.47543529168142,-72.47543529168142
2127.6700596761702,-72.47648272549402,-72.47648272549402
2127.6800596761705,-72.47753410701537,-72.47753410701537
2127.69005967617,-72.47858954282013,-72.47858954282013
2127.7000596761704,-72.47964913801589,-72.47964913801589
2127.71005967617,-72.48071299622073,-72.48071299622073
2127.7200596761704,-72.48178121956941,-72.48178121956941
2127.73005967617,-72.48285390872815,-72.48285390872815
2127.7400596761704,-72.48393116288105,-72.48393116288105
2127.75005967617,-72.48501307975604,-72.48501307975604
2127.7600596761704,-72.4860997556041,-72.4860997556041
2127.77005967617,-72.48719128520902,-72.48719128520902
2127.7800596761704,-72.4882877619019,-72.4882877619019
2127.79005967617,-72.48938927755232,-72.48938927755232
2127.8000596761703,-72.49049592257745,-72.49049592257745
2127.8100596761706,-72.4916077859493,-72.4916077859493
2127.8200596761703,-72.49272495519511,-72.49272495519511
2127.8300596761705,-72.49384751640477,-72.49384751640477
2127.8400596761703,-72.49497555424605,-72.49497555424605
2127.8500596761705,-72.49610915194451,-72.49610915194451
2127.8600596761703,-72.49724839131935,-72.49724839131935
2127.8700596761705,-72.49839335277699,-72.49839335277699
2127.8800596761703,-72.49954411532431,-72.49954411532431
2127.8900596761705,-72.50070075656656,-72.50070075656656
2127.9000596761703,-72.50186335272329,-72.50186335272329
2127.9100596761705,-72.50303197864011,-72.50303197864011
2127.9200596761702,-72.5042067077831,-72.5042067077831
2127.9300596761705,-72.50538761225646,-72.50538761225646
2127.94005967617,-72.50657476282795,-72.50657476282795
2127.9500596761704,-72.50776822890555,-72.50776822890555
2127.96005967617,-72.50896807856884,-72.50896807856884
2127.9700596761704,-72.51017437858314,-72.51017437858314
2127.98005967617,-72.51138719439389,-72.51138719439389
2127.9900596761704,-72.51260659014436,-72.51260659014436
2128.00005967617,-72.51383262868599,-72.51383262868599
2128.0100596761704,-72.51506537159341,-72.51506537159341
2128.02005967617,-72.5163048791647,-72.5163048791647
2128.0300596761704,-72.51755121045204,-72.51755121045204
2128.04005967617,-72.51880442325721,-72.51880442325721
2128.0500596761703,-72.52006457413488,-72.52006457413488
2128.0600596761706,-72.52133171842985,-72.52133171842985
2128.0700596761703,-72.52260591026526,-72.52260591026526
2128.0800596761705,-72.52388720257564,-72.52388720257564
2128.0900596761703,-72.52517564709437,-72.52517564709437
2128.1000596761705,-72.52647129439018,-72.52647129439018
2128.1100596761703,-72.52777419385399,-72.52777419385399
2128.1200596761705,-72.5290843937427,-72.5290843937427
2128.1300596761703,-72.53040194115474,-72.53040194115474
2128.1400596761705,-72.53172688207572,-72.53172688207572
2128.1500596761703,-72.53305926137496,-72.53305926137496
2128.1600596761705,-72.53439912280442,-72.53439912280442
2128.1700596761702,-72.53574650904078,-72.53574650904078
2128.1800596761705,-72.53710146168049,-72.53710146168049
2128.19005967617,-72.5384640212449,-72.5384640212449
2128.2000596761704,-72.53983422720225,-72.53983422720225
2128.21005967617,-72.54120578939609,-72.54120578939609
2128.2200596761704,-72.54257597188729,-72.54257597188729
2128.23005967617,-72.54394346018577,-72.54394346018577
2128.2400596761704,-72.5453075978888,-72.5453075978888
2128.25005967617,-72.54666809518058,-72.54666809518058
2128.2600596761704,-72.54802487728338,-72.54802487728338
2128.27005967617,-72.54937799555046,-72.54937799555046
2128.2800596761704,-72.55072757402289,-72.55072757402289
2128.29005967617,-72.55207377729461,-72.55207377729461
2128.3000596761703,-72.55341679115895,-72.55341679115895
2128.3100596761706,-72.55475681113597,-72.55475681113597
2128.3200596761703,-72.55609403565963,-72.55609403565963
2128.3300596761705,-72.5574286622225,-72.5574286622225
2128.3400596761703,-72.55876088524043,-72.55876088524043
2128.3500596761705,-72.5600908949887,-72.5600908949887
2128.3600596761703,-72.56141887718933,-72.56141887718933
2128.3700596761705,-72.56274501291814,-72.56274501291814
2128.3800596761703,-72.56406947878608,-72.56406947878608
2128.3900596761705,-72.56539244715067,-72.56539244715067
2128.400059700012,-72.56671408959643,-72.56671408959643
2128.4100597000124,-72.56803456461788,-72.56803456461788
2128.420059700012,-72.56935403683131,-72.56935403683131
2128.4300597000124,-72.57067266459866,-72.57067266459866
2128.440059700012,-72.57199060345883,-72.57199060345883
2128.4500597000124,-72.57330800630773,-72.57330800630773
2128.460059700012,-72.57462502361074,-72.57462502361074
2128.4700597000124,-72.57594180353671,-72.57594180353671
2128.480059700012,-72.57725849211546,-72.57725849211546
2128.4900597000124,-72.57857523332959,-72.57857523332959
2128.500059700012,-72.57989216923448,-72.57989216923448
2128.5100597000123,-72.58120944001793,-72.58120944001793
2128.520059700012,-72.5825271840776,-72.5825271840776
2128.5300597000123,-72.58384553808777,-72.58384553808777
2128.540059700012,-72.58516463701854,-72.58516463701854
2128.5500597000123,-72.58648461419587,-72.58648461419587
2128.560059700012,-72.58780560133874,-72.58780560133874
2128.5700597000123,-72.58912772855331,-72.58912772855331
2128.580059700012,-72.59045112438245,-72.59045112438245
2128.5900597000123,-72.59177591581526,-72.59177591581526
2128.600059700012,-72.59310222829117,-72.59310222829117
2128.6100597000122,-72.5944301857166,-72.5944301857166
2128.620059700012,-72.59575991047495,-72.59575991047495
2128.630059700012,-72.59709152343225,-72.59709152343225
2128.640059700012,-72.59842514394819,-72.59842514394819
2128.650059700012,-72.5997608898557,-72.5997608898557
2128.6600597000124,-72.60109887749694,-72.60109887749694
2128.670059700012,-72.60243922171291,-72.60243922171291
2128.6800597000124,-72.60378203583585,-72.60378203583585
2128.690059700012,-72.60512743169392,-72.60512743169392
2128.7000597000124,-72.6064755196338,-72.6064755196338
2128.710059700012,-72.60782640848346,-72.60782640848346
2128.7200597000124,-72.6091802056021,-72.6091802056021
2128.730059700012,-72.61053701685061,-72.61053701685061
2128.7400597000124,-72.61189694659065,-72.61189694659065
2128.750059700012,-72.61326009770634,-72.61326009770634
2128.7600597000123,-72.6146265716031,-72.6146265716031
2128.770059700012,-72.615996468195,-72.615996468195
2128.7800597000123,-72.61736988592367,-72.61736988592367
2128.790059700012,-72.61874692175908,-72.61874692175908
2128.8000597000123,-72.6201276712074,-72.6201276712074
2128.810059700012,-72.62151222830991,-72.62151222830991
2128.8200597000123,-72.62290068563937,-72.62290068563937
2128.830059700012,-72.62429313433113,-72.62429313433113
2128.8400597000123,-72.62568966406147,-72.62568966406147
2128.850059700012,-72.62709036307285,-72.62709036307285
2128.8600597000122,-72.62849531816642,-72.62849531816642
2128.870059700012,-72.62990461472646,-72.62990461472646
2128.880059700012,-72.63131833671366,-72.63131833671366
2128.890059700012,-72.63273656666941,-72.63273656666941
2128.900059700012,-72.63415938574352,-72.63415938574352
2128.9100597000124,-72.63558687368888,-72.63558687368888
2128.920059700012,-72.63701910886336,-72.63701910886336
2128.9300597000124,-72.63845616825645,-72.63845616825645
2128.940059700012,-72.63989812748254,-72.63989812748254
2128.9500597000124,-72.64133621003022,-72.64133621003022
2128.960059700012,-72.6427602125803,-72.6427602125803
2128.9700597000124,-72.64416132463349,-72.64416132463349
2128.980059700012,-72.6455323855934,-72.6455323855934
2128.9900597000124,-72.64686754538857,-72.64686754538857
2129.000059700012,-72.64816193132346,-72.64816193132346
2129.0100597000123,-72.64941141857031,-72.64941141857031
2129.020059700012,-72.65061248253596,-72.65061248253596
2129.0300597000123,-72.65176210116861,-72.65176210116861
2129.040059700012,-72.6528576855254,-72.6528576855254
2129.0500597000123,-72.65389702631238,-72.65389702631238
2129.060059700012,-72.65487825014316,-72.65487825014316
2129.0700597000123,-72.65579978204411,-72.65579978204411
2129.080059700012,-72.65666031278452,-72.65666031278452
2129.0900597000123,-72.65745876984737,-72.65745876984737
2129.100059700012,-72.65819429172335,-72.65819429172335
2129.1100597000122,-72.65886620498,-72.65886620498
2129.120059700012,-72.65947400389071,-72.65947400389071
2129.130059700012,-72.66001733228624,-72.66001733228624
2129.140059700012,-72.66049596742963,-72.66049596742963
2129.150059700012,-72.66090980568438,-72.66090980568438
2129.1600597000124,-72.66125884979536,-72.66125884979536
2129.170059700012,-72.66154319754301,-72.66154319754301
2129.1800597000124,-72.66176303164356,-72.66176303164356
2129.190059700012,-72.66191861083728,-72.66191861083728
2129.2000597000124,-72.66201026181193,-72.66201026181193
2129.210059700012,-72.66203203442565,-72.66203203442565
2129.2200597000124,-72.66198159432403,-72.66198159432403
2129.230059700012,-72.66185808099048,-72.66185808099048
2129.2400597000124,-72.66166133811038,-72.66166133811038
2129.250059723854,-72.66139161626975,-72.66139161626975
2129.2600597238543,-72.66104941935723,-72.66104941935723
2129.270059723854,-72.66063540846126,-72.66063540846126
2129.2800597238543,-72.66015034688323,-72.66015034688323
2129.290059723854,-72.65959506439812,-72.65959506439812
2129.3000597238542,-72.6589704350591,-72.6589704350591
2129.310059723854,-72.6582773631415,-72.6582773631415
2129.3200597238542,-72.6575167740369,-72.6575167740369
2129.330059723854,-72.65668960825009,-72.65668960825009
2129.340059723854,-72.6557968173256,-72.6557968173256
2129.350059723854,-72.654839361062,-72.654839361062
2129.360059723854,-72.65381820544503,-72.65381820544503
2129.370059723854,-72.65273432112241,-72.65273432112241
2129.380059723854,-72.65158868221903,-72.65158868221903
2129.390059723854,-72.65038226533419,-72.65038226533419
2129.400059723854,-72.64911604869734,-72.64911604869734
2129.410059723854,-72.64779101143121,-72.64779101143121
2129.420059723854,-72.64640813286908,-72.64640813286908
2129.430059723854,-72.6449683919513,-72.6449683919513
2129.440059723854,-72.64347276663726,-72.64347276663726
2129.450059723854,-72.64192223334629,-72.64192223334629
2129.460059723854,-72.64031776648135,-72.64031776648135
2129.470059723854,-72.63866033790505,-72.63866033790505
2129.480059723854,-72.63695091649763,-72.63695091649763
2129.490059723854,-72.63519046772655,-72.63519046772655
2129.500059723854,-72.63337995321373,-72.63337995321373
2129.5100597238543,-72.6315203303582,-72.6315203303582
2129.520059723854,-72.6296125519801,-72.6296125519801
2129.5300597238543,-72.62765756594969,-72.62765756594969
2129.540059723854,-72.6256563148732,-72.6256563148732
2129.5500597238542,-72.6236097357768,-72.6236097357768
2129.560059723854,-72.62151875985631,-72.62151875985631
2129.5700597238542,-72.61938431214595,-72.61938431214595
2129.580059723854,-72.61720731133302,-72.61720731133302
2129.590059723854,-72.61498866946594,-72.61498866946594
2129.600059723854,-72.61272929179351,-72.61272929179351
2129.610059723854,-72.610430076517,-72.610430076517
2129.620059723854,-72.60809191463716,-72.60809191463716
2129.630059723854,-72.60571568975332,-72.60571568975332
2129.640059723854,-72.60330227792316,-72.60330227792316
2129.650059723854,-72.60085254753568,-72.60085254753568
2129.660059723854,-72.59836735914553,-72.59836735914553
2129.670059723854,-72.59584756536104,-72.59584756536104
2129.680059723854,-72.59329401075608,-72.59329401075608
2129.690059723854,-72.59070753174066,-72.59070753174066
2129.700059723854,-72.58808895649962,-72.58808895649962
2129.710059723854,-72.58543277625043,-72.58543277625043
2129.720059723854,-72.58273703158203,-72.58273703158203
2129.730059723854,-72.58000117922045,-72.58000117922045
2129.740059723854,-72.5772253282249,-72.5772253282249
2129.750059723854,-72.574409947948,-72.574409947948
2129.7600597238543,-72.57155571603651,-72.57155571603651
2129.770059723854,-72.5686634291788,-72.5686634291788
2129.7800597238543,-72.56573394935715,-72.56573394935715
2129.790059723854,-72.56276817148623,-72.56276817148623
2129.8000597238542,-72.5597670039334,-72.5597670039334
2129.810059723854,-72.55673135691632,-72.55673135691632
2129.8200597238542,-72.5536621356376,-72.5536621356376
2129.830059723854,-72.55056023638456,-72.55056023638456
2129.840059723854,-72.54742654433726,-72.54742654433726
2129.850059723854,-72.54426193254251,-72.54426193254251
2129.860059723854,-72.54106726146031,-72.54106726146031
2129.870059723854,-72.53784337892273,-72.53784337892273
2129.880059723854,-72.53459112030593,-72.53459112030593
2129.890059723854,-72.53131130877657,-72.53131130877657
2129.900059723854,-72.52800475565343,-72.52800475565343
2129.910059723854,-72.52467226070287,-72.52467226070287
2129.920059723854,-72.52131461248673,-72.52131461248673
2129.930059723854,-72.5179325886659,-72.5179325886659
2129.940059723854,-72.51452695626845,-72.51452695626845
2129.950059723854,-72.51109847195575,-72.51109847195575
2129.960059723854,-72.50764156173273,-72.50764156173273
2129.970059723854,-72.50415419574067,-72.50415419574067
2129.980059723854,-72.50063575770496,-72.50063575770496
2129.990059723854,-72.49708628218971,-72.49708628218971
2130.000059723854,-72.49350616291592,-72.49350616291592
2130.0100597238543,-72.4898960010455,-72.4898960010455
2130.020059723854,-72.48625651605602,-72.48625651605602
2130.0300597238543,-72.48258849215095,-72.48258849215095
2130.040059723854,-72.47889274598778,-72.47889274598778
2130.0500597238542,-72.47517010732065,-72.47517010732065
2130.060059723854,-72.47142140747454,-72.47142140747454
2130.0700597238542,-72.46764747257849,-72.46764747257849
2130.080059723854,-72.46384911972028,-72.46384911972028
2130.090059723854,-72.46002715487423,-72.46002715487423
2130.100059747696,-72.45618236272985,-72.45618236272985
2130.110059747696,-72.45231554288668,-72.45231554288668
2130.120059747696,-72.44842745516134,-72.44842745516134
2130.130059747696,-72.44451885614856,-72.44451885614856
2130.140059747696,-72.44059049050999,-72.44059049050999
2130.150059747696,-72.43664309131951,-72.43664309131951
2130.160059747696,-72.43267738044867,-72.43267738044867
2130.170059747696,-72.42869406889653,-72.42869406889653
2130.180059747696,-72.42469385716107,-72.42469385716107
2130.190059747696,-72.42067743551142,-72.42067743551142
2130.200059747696,-72.41664548430505,-72.41664548430505
2130.210059747696,-72.41259867419593,-72.41259867419593
2130.220059747696,-72.40853766641305,-72.40853766641305
2130.230059747696,-72.40446311289618,-72.40446311289618
2130.240059747696,-72.40037565653172,-72.40037565653172
2130.250059747696,-72.39627593129148,-72.39627593129148
2130.260059747696,-72.39216456238539,-72.39216456238539
2130.270059747696,-72.38804216638935,-72.38804216638935
2130.2800597476958,-72.38390935136925,-72.38390935136925
2130.290059747696,-72.37976671699727,-72.37976671699727
2130.3000597476957,-72.37561485464299,-72.37561485464299
2130.310059747696,-72.37145434748618,-72.37145434748618
2130.3200597476957,-72.36728577059812,-72.36728577059812
2130.330059747696,-72.36310969102573,-72.36310969102573
2130.3400597476957,-72.35892666787443,-72.35892666787443
2130.350059747696,-72.35473725240016,-72.35473725240016
2130.360059747696,-72.35054198806435,-72.35054198806435
2130.370059747696,-72.34634141062354,-72.34634141062354
2130.380059747696,-72.34213604818707,-72.34213604818707
2130.390059747696,-72.3379264213072,-72.3379264213072
2130.400059747696,-72.3337130430304,-72.3337130430304
2130.410059747696,-72.32949641895809,-72.32949641895809
2130.420059747696,-72.3252770473603,-72.3252770473603
2130.430059747696,-72.321055419179,-72.321055419179
2130.440059747696,-72.31683201814725,-72.31683201814725
2130.450059747696,-72.3126073208295,-72.3126073208295
2130.460059747696,-72.30837549607152,-72.30837549607152
2130.470059747696,-72.3041342501821,-72.3041342501821
2130.480059747696,-72.29988270217868,-72.29988270217868
2130.490059747696,-72.29562062294052,-72.29562062294052
2130.500059747696,-72.29134814420745,-72.29134814420745
2130.510059747696,-72.28706560709271,-72.28706560709271
2130.520059747696,-72.28277347301845,-72.28277347301845
2130.5300597476958,-72.27847227022306,-72.27847227022306
2130.540059747696,-72.27416256144937,-72.27416256144937
2130.5500597476957,-72.26984492461705,-72.26984492461705
2130.560059747696,-72.26551994128805,-72.26551994128805
2130.5700597476957,-72.26118818990346,-72.26118818990346
2130.580059747696,-72.2568502419488,-72.2568502419488
2130.5900597476957,-72.25250665986285,-72.25250665986285
2130.600059747696,-72.24815799605936,-72.24815799605936
2130.610059747696,-72.2438047925773,-72.2438047925773
2130.620059747696,-72.23944758107002,-72.23944758107002
2130.630059747696,-72.23508688305365,-72.23508688305365
2130.640059747696,-72.23072321022907,-72.23072321022907
2130.650059747696,-72.22635706484759,-72.22635706484759
2130.660059747696,-72.22198894010342,-72.22198894010342
2130.670059747696,-72.21761932049112,-72.21761932049112
2130.680059747696,-72.2132486821697,-72.2132486821697
2130.690059747696,-72.20887749323786,-72.20887749323786
2130.700059747696,-72.20450621406427,-72.20450621406427
2130.710059747696,-72.20013529750675,-72.20013529750675
2130.720059747696,-72.19576518918296,-72.19576518918296
2130.730059747696,-72.19139632762653,-72.19139632762653
2130.740059747696,-72.18702914450007,-72.18702914450007
2130.750059747696,-72.18266406475324,-72.18266406475324
2130.760059747696,-72.17830150675923,-72.17830150675923
2130.770059747696,-72.17394188246651,-72.17394188246651
2130.7800597476958,-72.1695855975039,-72.1695855975039
2130.790059747696,-72.16523305128328,-72.16523305128328
2130.8000597476957,-72.16088463711621,-72.16088463711621
2130.810059747696,-72.15654074229398,-72.15654074229398
2130.8200597476957,-72.15220174817873,-72.15220174817873
2130.830059747696,-72.14786803028366,-72.14786803028366
2130.8400597476957,-72.14353995833643,-72.14353995833643
2130.850059747696,-72.1392178963564,-72.1392178963564
2130.860059747696,-72.13490220273347,-72.13490220273347
2130.870059747696,-72.13059323027716,-72.13059323027716
2130.880059747696,-72.12629132627927,-72.12629132627927
2130.890059747696,-72.12199683258613,-72.12199683258613
2130.900059747696,-72.1177100856388,-72.1177100856388
2130.910059747696,-72.11343141655308,-72.11343141655308
2130.920059747696,-72.10916115114065,-72.10916115114065
2130.930059747696,-72.10489961000692,-72.10489961000692
2130.940059747696,-72.10064710856643,-72.10064710856643
2130.950059771538,-72.09640394700756,-72.09640394700756
2130.960059771538,-72.09217045078711,-72.09217045078711
2130.9700597715378,-72.08794690999392,-72.08794690999392
2130.980059771538,-72.08373361986682,-72.08373361986682
2130.9900597715377,-72.07953087072221,-72.07953087072221
2131.000059771538,-72.07533894802809,-72.07533894802809
2131.0100597715377,-72.0711581324267,-72.0711581324267
2131.020059771538,-72.06698869979465,-72.06698869979465
2131.0300597715377,-72.06283092130057,-72.06283092130057
2131.040059771538,-72.05868506344099,-72.05868506344099
2131.0500597715377,-72.05455138810999,-72.05455138810999
2131.060059771538,-72.0504301526236,-72.0504301526236
2131.0700597715377,-72.04632160979493,-72.04632160979493
2131.080059771538,-72.04222600795394,-72.04222600795394
2131.0900597715377,-72.03814359103241,-72.03814359103241
2131.100059771538,-72.03407459858218,-72.03407459858218
2131.1100597715376,-72.03001926583912,-72.03001926583912
2131.120059771538,-72.0259778237717,-72.0259778237717
2131.1300597715376,-72.02195049912417,-72.02195049912417
2131.140059771538,-72.01793751446814,-72.01793751446814
2131.1500597715376,-72.01393908824905,-72.01393908824905
2131.160059771538,-72.00995543484356,-72.00995543484356
2131.1700597715376,-72.00598676458111,-72.00598676458111
2131.180059771538,-72.00203328382779,-72.00203328382779
2131.1900597715376,-71.99809519501527,-71.99809519501527
2131.200059771538,-71.99417269666925,-71.99417269666925
2131.210059771538,-71.99026598349423,-71.99026598349423
2131.2200597715378,-71.98637524640078,-71.98637524640078
2131.230059771538,-71.98250067254119,-71.98250067254119
2131.2400597715377,-71.97864244538268,-71.97864244538268
2131.250059771538,-71.9748007447236,-71.9748007447236
2131.2600597715377,-71.97097574675873,-71.97097574675873
2131.270059771538,-71.9671676241206,-71.9671676241206
2131.2800597715377,-71.96337654591836,-71.96337654591836
2131.290059771538,-71.95960267779685,-71.95960267779685
2131.3000597715377,-71.95584618196695,-71.95584618196695
2131.310059771538,-71.95210721724875,-71.95210721724875
2131.3200597715377,-71.9483859391282,-71.9483859391282
2131.330059771538,-71.94468249979094,-71.94468249979094
2131.3400597715377,-71.94099704815848,-71.94099704815848
2131.350059771538,-71.9373297299558,-71.9373297299558
2131.3600597715376,-71.9336806877279,-71.9336806877279
2131.370059771538,-71.93005006088856,-71.93005006088856
2131.3800597715376,-71.92643798577323,-71.92643798577323
2131.390059771538,-71.92284459566052,-71.92284459566052
2131.4000597715376,-71.91927002084249,-71.91927002084249
2131.410059771538,-71.91571438863458,-71.91571438863458
2131.4200597715376,-71.91217782343043,-71.91217782343043
2131.430059771538,-71.90866044673236,-71.90866044673236
2131.4400597715376,-71.90516237721245,-71.90516237721245
2131.450059771538,-71.90168373072704,-71.90168373072704
2131.460059771538,-71.89822462037222,-71.89822462037222
2131.4700597715378,-71.89478515651182,-71.89478515651182
2131.480059771538,-71.89136544680696,-71.89136544680696
2131.4900597715377,-71.88796559628834,-71.88796559628834
2131.500059771538,-71.88458570734744,-71.88458570734744
2131.5100597715377,-71.88122587981144,-71.88122587981144
2131.520059771538,-71.87788621094421,-71.87788621094421
2131.5300597715377,-71.87456679552574,-71.87456679552574
2131.540059771538,-71.87126772585033,-71.87126772585033
2131.5500597715377,-71.86798909177051,-71.86798909177051
2131.560059771538,-71.86473098073891,-71.86473098073891
2131.5700597715377,-71.86149347784948,-71.86149347784948
2131.580059771538,-71.85827666584616,-71.85827666584616
2131.5900597715377,-71.85508062517513,-71.85508062517513
2131.600059771538,-71.85190543401627,-71.85190543401627
2131.6100597715376,-71.84875116831783,-71.84875116831783
2131.620059771538,-71.84561790182143,-71.84561790182143
2131.6300597715376,-71.84250570608123,-71.84250570608123
2131.640059771538,-71.83941465053626,-71.83941465053626
2131.6500597715376,-71.83634480250502,-71.83634480250502
2131.660059771538,-71.83329622722732,-71.83329622722732
2131.6700597715376,-71.83026898789997,-71.83026898789997
2131.680059771538,-71.82726314568934,-71.82726314568934
2131.6900597715376,-71.82427875978811,-71.82427875978811
2131.700059771538,-71.82131588741902,-71.82131588741902
2131.710059771538,-71.81837458388046,-71.81837458388046
2131.7200597715378,-71.81545490258073,-71.81545490258073
2131.730059771538,-71.81255689502181,-71.81255689502181
2131.7400597715377,-71.80968061089314,-71.80968061089314
2131.750059771538,-71.80682609805268,-71.80682609805268
2131.7600597715377,-71.80399340257166,-71.80399340257166
2131.770059771538,-71.80118256874792,-71.80118256874792
2131.7800597715377,-71.79839363915232,-71.79839363915232
2131.790059771538,-71.79562665463109,-71.79562665463109
2131.8000597953796,-71.7928816478197,-71.7928816478197
2131.81005979538,-71.79015866936598,-71.79015866936598
2131.8200597953796,-71.78745774853923,-71.78745774853923
2131.83005979538,-71.78477891959902,-71.78477891959902
2131.8400597953796,-71.78212221522263,-71.78212221522263
2131.85005979538,-71.77948766652996,-71.77948766652996
2131.8600597953796,-71.77687530309029,-71.77687530309029
2131.87005979538,-71.77428515296775,-71.77428515296775
2131.8800597953796,-71.77171724272534,-71.77171724272534
2131.89005979538,-71.76917159746279,-71.76917159746279
2131.9000597953795,-71.76664824083966,-71.76664824083966
2131.9100597953798,-71.764147195077,-71.764147195077
2131.9200597953795,-71.76166848100375,-71.76166848100375
2131.9300597953797,-71.75921211806276,-71.75921211806276
2131.9400597953795,-71.7567781243471,-71.7567781243471
2131.9500597953797,-71.75436651659545,-71.75436651659545
2131.9600597953795,-71.75197105855273,-71.75197105855273
2131.9700597953797,-71.74958902992726,-71.74958902992726
2131.9800597953795,-71.74721911748367,-71.74721911748367
2131.9900597953797,-71.74486065999332,-71.74486065999332
2132.0000597953795,-71.74251335946498,-71.74251335946498
2132.0100597953797,-71.74017713079576,-71.74017713079576
2132.0200597953794,-71.7378520134347,-71.7378520134347
2132.0300597953797,-71.73553811825191,-71.73553811825191
2132.0400597953794,-71.73323559552155,-71.73323559552155
2132.0500597953796,-71.7309446156584,-71.7309446156584
2132.06005979538,-71.72866535780445,-71.72866535780445
2132.0700597953796,-71.72639800307793,-71.72639800307793
2132.08005979538,-71.72414273072626,-71.72414273072626
2132.0900597953796,-71.72189971606392,-71.72189971606392
2132.10005979538,-71.71966912943674,-71.71966912943674
2132.1100597953796,-71.717451135823,-71.717451135823
2132.12005979538,-71.71524589484714,-71.71524589484714
2132.1300597953796,-71.71305356092832,-71.71305356092832
2132.14005979538,-71.71087428359952,-71.71087428359952
2132.1500597953795,-71.70870820780901,-71.70870820780901
2132.1600597953798,-71.70655547428659,-71.70655547428659
2132.1700597953795,-71.70441621984443,-71.70441621984443
2132.1800597953797,-71.70229057767854,-71.70229057767854
2132.1900597953795,-71.70017867764892,-71.70017867764892
2132.2000597953797,-71.69808064649708,-71.69808064649708
2132.2100597953795,-71.69599660809129,-71.69599660809129
2132.2200597953797,-71.69392668356488,-71.69392668356488
2132.2300597953795,-71.69187099150926,-71.69187099150926
2132.2400597953797,-71.6898296480958,-71.6898296480958
2132.2500597953795,-71.68780276717766,-71.68780276717766
2132.2600597953797,-71.68579046041181,-71.68579046041181
2132.2700597953794,-71.68379283734097,-71.68379283734097
2132.2800597953797,-71.68181000545995,-71.68181000545995
2132.2900597953794,-71.67984207026505,-71.67984207026505
2132.3000597953796,-71.6778891353342,-71.6778891353342
2132.31005979538,-71.67595130235115,-71.67595130235115
2132.3200597953796,-71.67402867114522,-71.67402867114522
2132.33005979538,-71.67212133973891,-71.67212133973891
2132.3400597953796,-71.67022940435017,-71.67022940435017
2132.35005979538,-71.66835295944685,-71.66835295944685
2132.3600597953796,-71.66649209775039,-71.66649209775039
2132.37005979538,-71.66464691023819,-71.66464691023819
2132.3800597953796,-71.6628174862036,-71.6628174862036
2132.39005979538,-71.66100391321733,-71.66100391321733
2132.4000597953795,-71.65920627719888,-71.65920627719888
2132.4100597953798,-71.65742466236712,-71.65742466236712
2132.4200597953795,-71.65565915129285,-71.65565915129285
2132.4300597953797,-71.6539098248952,-71.6539098248952
2132.4400597953795,-71.65217676245123,-71.65217676245123
2132.4500597953797,-71.65046004159338,-71.65046004159338
2132.4600597953795,-71.64875973834545,-71.64875973834545
2132.4700597953797,-71.64707592709638,-71.64707592709638
2132.4800597953795,-71.64540868065325,-71.64540868065325
2132.4900597953797,-71.64375807020153,-71.64375807020153
2132.5000597953795,-71.64212416534039,-71.64212416534039
2132.5100597953797,-71.64050703408745,-71.64050703408745
2132.5200597953794,-71.63890674289412,-71.63890674289412
2132.5300597953797,-71.63732335662375,-71.63732335662375
2132.5400597953794,-71.6357569386073,-71.6357569386073
2132.5500597953796,-71.63420755060737,-71.63420755060737
2132.56005979538,-71.63267525286184,-71.63267525286184
2132.5700597953796,-71.6311601040795,-71.6311601040795
2132.58005979538,-71.62966216144326,-71.62966216144326
2132.5900597953796,-71.62818148062446,-71.62818148062446
2132.60005979538,-71.62671811580621,-71.62671811580621
2132.6100597953796,-71.62527211968262,-71.62527211968262
2132.62005979538,-71.62384354346524,-71.62384354346524
2132.6300597953796,-71.62243243689709,-71.62243243689709
2132.64005979538,-71.62103884827181,-71.62103884827181
2132.6500598192215,-71.6196628211627,-71.6196628211627
2132.6600598192217,-71.6183044075844,-71.6183044075844
2132.6700598192215,-71.61696364820881,-71.61696364820881
2132.6800598192217,-71.61564058562521,-71.61564058562521
2132.6900598192215,-71.61433526103399,-71.61433526103399
2132.7000598192217,-71.61304771423394,-71.61304771423394
2132.7100598192214,-71.61177798367294,-71.61177798367294
2132.7200598192217,-71.61052610643185,-71.61052610643185
2132.7300598192214,-71.60929211825436,-71.60929211825436
2132.7400598192216,-71.60807605353635,-71.60807605353635
2132.7500598192214,-71.60687794536155,-71.60687794536155
2132.7600598192216,-71.60569782552666,-71.60569782552666
2132.7700598192214,-71.60453572451306,-71.60453572451306
2132.7800598192216,-71.60339167152684,-71.60339167152684
2132.7900598192214,-71.60226569452495,-71.60226569452495
2132.8000598192216,-71.60115782019506,-71.60115782019506
2132.8100598192214,-71.60006807399427,-71.60006807399427
2132.8200598192216,-71.59899648015661,-71.59899648015661
2132.8300598192213,-71.59794306171126,-71.59794306171126
2132.8400598192216,-71.59690784047838,-71.59690784047838
2132.8500598192213,-71.59589083710021,-71.59589083710021
2132.8600598192215,-71.59489207104976,-71.59489207104976
2132.8700598192213,-71.59391156065271,-71.59391156065271
2132.8800598192215,-71.59294932308698,-71.59294932308698
2132.8900598192213,-71.59200537440324,-71.59200537440324
2132.9000598192215,-71.59107972953497,-71.59107972953497
2132.9100598192217,-71.59017240232022,-71.59017240232022
2132.9200598192215,-71.58928340551336,-71.58928340551336
2132.9300598192217,-71.58841275080022,-71.58841275080022
2132.9400598192215,-71.58756044879705,-71.58756044879705
2132.9500598192217,-71.58672650907691,-71.58672650907691
2132.9600598192214,-71.58591094019413,-71.58591094019413
2132.9700598192217,-71.58511374966906,-71.58511374966906
2132.9800598192214,-71.58433494403333,-71.58433494403333
2132.9900598192216,-71.58357452882383,-71.58357452882383
2133.0000598192214,-71.58283250857968,-71.58283250857968
2133.0100598192216,-71.58210888691079,-71.58210888691079
2133.0200598192214,-71.58140366645603,-71.58140366645603
2133.0300598192216,-71.58071684892008,-71.58071684892008
2133.0400598192214,-71.58004843507919,-71.58004843507919
2133.0500598192216,-71.57939842480609,-71.57939842480609
2133.0600598192214,-71.57876681706894,-71.57876681706894
2133.0700598192216,-71.57815360995411,-71.57815360995411
2133.0800598192213,-71.5775588006806,-71.5775588006806
2133.0900598192216,-71.5769823855943,-71.5769823855943
2133.1000598192213,-71.57642436021088,-71.57642436021088
2133.1100598192215,-71.57588471918463,-71.57588471918463
2133.1200598192213,-71.57536345637044,-71.57536345637044
2133.1300598192215,-71.57486056480752,-71.57486056480752
2133.1400598192213,-71.57437603673827,-71.57437603673827
2133.1500598192215,-71.5739098636072,-71.5739098636072
2133.1600598192217,-71.57346203609231,-71.57346203609231
2133.1700598192215,-71.57303254412129,-71.57303254412129
2133.1800598192217,-71.5726213768499,-71.5726213768499
2133.1900598192215,-71.57222852270264,-71.57222852270264
2133.2000598192217,-71.57185396938677,-71.57185396938677
2133.2100598192214,-71.57149770387508,-71.57149770387508
2133.2200598192217,-71.57115971244883,-71.57115971244883
2133.2300598192214,-71.57083998069587,-71.57083998069587
2133.2400598192216,-71.57053849351082,-71.57053849351082
2133.2500598192214,-71.57025523512195,-71.57025523512195
2133.2600598192216,-71.56999018910041,-71.56999018910041
2133.2700598192214,-71.5697433383643,-71.5697433383643
2133.2800598192216,-71.56951466518458,-71.56951466518458
2133.2900598192214,-71.56930415122073,-71.56930415122073
2133.3000598192216,-71.56911177750392,-71.56911177750392
2133.3100598192214,-71.56893752444515,-71.56893752444515
2133.3200598192216,-71.56878137188043,-71.56878137188043
2133.3300598192213,-71.5686432990356,-71.5686432990356
2133.3400598192216,-71.5685232845684,-71.5685232845684
2133.3500598192213,-71.56842130656788,-71.56842130656788
2133.3600598192215,-71.56833734255449,-71.56833734255449
2133.3700598192213,-71.56827136952113,-71.56827136952113
2133.3800598192215,-71.56822336389705,-71.56822336389705
2133.3900598192213,-71.56819330159554,-71.56819330159554
2133.4000598192215,-71.56818115799955,-71.56818115799955
2133.4100598192217,-71.5681869079909,-71.5681869079909
2133.4200598192215,-71.56821052594424,-71.56821052594424
2133.4300598192217,-71.5682519857222,-71.5682519857222
2133.4400598192215,-71.56831126072731,-71.56831126072731
2133.4500598192217,-71.56838832387191,-71.56838832387191
2133.4600598192214,-71.56848314761079,-71.56848314761079
2133.4700598192217,-71.56859570391065,-71.56859570391065
2133.4800598192214,-71.56872596432179,-71.56872596432179
2133.4900598192216,-71.56887389993429,-71.56887389993429
2133.5000598430634,-71.56903948180134,-71.56903948180134
2133.5100598430636,-71.56922267940783,-71.56922267940783
2133.5200598430633,-71.56942346290717,-71.56942346290717
2133.5300598430636,-71.56964180169138,-71.56964180169138
2133.5400598430633,-71.56987766477091,-71.56987766477091
2133.5500598430635,-71.57013102073901,-71.57013102073901
2133.5600598430633,-71.57040183780231,-71.57040183780231
2133.5700598430635,-71.57069008379476,-71.57069008379476
2133.5800598430633,-71.57099572617888,-71.57099572617888
2133.5900598430635,-71.57131873203862,-71.57131873203862
2133.6000598430633,-71.57165906810884,-71.57165906810884
2133.6100598430635,-71.57201670076185,-71.57201670076185
2133.6200598430632,-71.5723915960406,-71.5723915960406
2133.6300598430635,-71.57278371962752,-71.57278371962752
2133.640059843063,-71.57319303688928,-71.57319303688928
2133.6500598430634,-71.57361951287001,-71.57361951287001
2133.660059843063,-71.57406311228688,-71.57406311228688
2133.6700598430634,-71.57452379954468,-71.57452379954468
2133.680059843063,-71.57500153874987,-71.57500153874987
2133.6900598430634,-71.5754962937028,-71.5754962937028
2133.700059843063,-71.57600802791171,-71.57600802791171
2133.7100598430634,-71.57653670460499,-71.57653670460499
2133.720059843063,-71.57708228671636,-71.57708228671636
2133.7300598430634,-71.57764473691851,-71.57764473691851
2133.740059843063,-71.57822401761175,-71.57822401761175
2133.7500598430634,-71.57882009093292,-71.57882009093292
2133.7600598430636,-71.57943291875655,-71.57943291875655
2133.7700598430633,-71.58006246271026,-71.58006246271026
2133.7800598430636,-71.58070868417754,-71.58070868417754
2133.7900598430633,-71.58137154428937,-71.58137154428937
2133.8000598430635,-71.58205100396005,-71.58205100396005
2133.8100598430633,-71.58274702385789,-71.58274702385789
2133.8200598430635,-71.58345956443739,-71.58345956443739
2133.8300598430633,-71.58418858592219,-71.58418858592219
2133.8400598430635,-71.58493404832713,-71.58493404832713
2133.8500598430633,-71.5856959114661,-71.5856959114661
2133.8600598430635,-71.5864741349371,-71.5864741349371
2133.8700598430632,-71.58726867814295,-71.58726867814295
2133.8800598430635,-71.58807950029174,-71.58807950029174
2133.890059843063,-71.58890656040101,-71.58890656040101
2133.9000598430634,-71.58974981730577,-71.58974981730577
2133.910059843063,-71.59060922965554,-71.59060922965554
2133.9200598430634,-71.59148475592605,-71.59148475592605
2133.930059843063,-71.59237635442418,-71.59237635442418
2133.9400598430634,-71.59328398328647,-71.59328398328647
2133.950059843063,-71.59420760048822,-71.59420760048822
2133.9600598430634,-71.59514716384345,-71.59514716384345
2133.970059843063,-71.59610263101546,-71.59610263101546
2133.9800598430634,-71.59707395951568,-71.59707395951568
2133.990059843063,-71.59806110670304,-71.59806110670304
2134.0000598430634,-71.5990640298134,-71.5990640298134
2134.0100598430636,-71.60008268592435,-71.60008268592435
2134.0200598430633,-71.60111703198639,-71.60111703198639
2134.0300598430636,-71.60216702483042,-71.60216702483042
2134.0400598430633,-71.60323262114998,-71.60323262114998
2134.0500598430635,-71.60431377750837,-71.60431377750837
2134.0600598430633,-71.60541045036554,-71.60541045036554
2134.0700598430635,-71.60652259606412,-71.60652259606412
2134.0800598430633,-71.60765017082502,-71.60765017082502
2134.0900598430635,-71.6087931307668,-71.6087931307668
2134.1000598430633,-71.60995143191137,-71.60995143191137
2134.1100598430635,-71.61112503017003,-71.61112503017003
2134.1200598430632,-71.61231388135128,-71.61231388135128
2134.1300598430635,-71.61351794117779,-71.61351794117779
2134.140059843063,-71.6147371652863,-71.6147371652863
2134.1500598430634,-71.61597150921318,-71.61597150921318
2134.160059843063,-71.6172209284185,-71.6172209284185
2134.1700598430634,-71.61848537827908,-71.61848537827908
2134.180059843063,-71.61976481409302,-71.61976481409302
2134.1900598430634,-71.62105919108281,-71.62105919108281
2134.200059843063,-71.62236846439002,-71.62236846439002
2134.2100598430634,-71.62368634371794,-71.62368634371794
2134.220059843063,-71.6250100487032,-71.6250100487032
2134.2300598430634,-71.62633820353992,-71.62633820353992
2134.240059843063,-71.62767008337931,-71.62767008337931
2134.2500598430634,-71.62900532636255,-71.62900532636255
2134.2600598430636,-71.63034378388753,-71.63034378388753
2134.2700598430633,-71.63168543270667,-71.63168543270667
2134.2800598430636,-71.63303032207494,-71.63303032207494
2134.2900598430633,-71.63437854193761,-71.63437854193761
2134.3000598430635,-71.63573020382566,-71.63573020382566
2134.3100598430633,-71.6370854294672,-71.6370854294672
2134.3200598430635,-71.63844434407011,-71.63844434407011
2134.3300598430633,-71.63980707250616,-71.63980707250616
2134.3400598430635,-71.6411737371991,-71.6411737371991
2134.350059866905,-71.64254446035791,-71.64254446035791
2134.3600598669054,-71.64391935048415,-71.64391935048415
2134.370059866905,-71.64529852191079,-71.64529852191079
2134.3800598669054,-71.64668208189279,-71.64668208189279
2134.390059866905,-71.64807013413717,-71.64807013413717
2134.4000598669054,-71.64946277908487,-71.64946277908487
2134.410059866905,-71.65086011421263,-71.65086011421263
2134.4200598669054,-71.65226223432187,-71.65226223432187
2134.430059866905,-71.6536692318218,-71.6536692318218
2134.4400598669054,-71.65508119694539,-71.65508119694539
2134.450059866905,-71.65649821797103,-71.65649821797103
2134.4600598669053,-71.65791413313407,-71.65791413313407
2134.470059866905,-71.65932629070764,-71.65932629070764
2134.4800598669053,-71.66073344263474,-71.66073344263474
2134.490059866905,-71.66213499073164,-71.66213499073164
2134.5000598669053,-71.66353069869322,-71.66353069869322
2134.510059866905,-71.66492054241373,-71.66492054241373
2134.5200598669053,-71.66630462211337,-71.66630462211337
2134.530059866905,-71.66768310955071,-71.66768310955071
2134.5400598669053,-71.66905621625897,-71.66905621625897
2134.550059866905,-71.6704241744365,-71.6704241744365
2134.5600598669052,-71.67178722560962,-71.67178722560962
2134.570059866905,-71.67314561392908,-71.67314561392908
2134.5800598669052,-71.67449958235584,-71.67449958235584
2134.590059866905,-71.67584937056414,-71.67584937056414
2134.600059866905,-71.67719521389544,-71.67719521389544
2134.6100598669054,-71.67853734294381,-71.67853734294381
2134.620059866905,-71.679875983499,-71.679875983499
2134.6300598669054,-71.68121135669398,-71.68121135669398
2134.640059866905,-71.68254367923281,-71.68254367923281
2134.6500598669054,-71.68387316370354,-71.68387316370354
2134.660059866905,-71.68520001885608,-71.68520001885608
2134.6700598669054,-71.68652444989132,-71.68652444989132
2134.680059866905,-71.68784665871624,-71.68784665871624
2134.6900598669054,-71.68916684417398,-71.68916684417398
2134.700059866905,-71.69048520224334,-71.69048520224334
2134.7100598669053,-71.69180192621745,-71.69180192621745
2134.720059866905,-71.69311720684175,-71.69311720684175
2134.7300598669053,-71.69443123244912,-71.69443123244912
2134.740059866905,-71.69574418906316,-71.69574418906316
2134.7500598669053,-71.69705626047906,-71.69705626047906
2134.760059866905,-71.69836762833624,-71.69836762833624
2134.7700598669053,-71.69967847218479,-71.69967847218479
2134.780059866905,-71.70098896952159,-71.70098896952159
2134.7900598669053,-71.70229929582857,-71.70229929582857
2134.800059866905,-71.70360962461739,-71.70360962461739
2134.8100598669052,-71.70492012742179,-71.70492012742179
2134.820059866905,-71.70623097386306,-71.70623097386306
2134.8300598669052,-71.70754233160719,-71.70754233160719
2134.840059866905,-71.70885436641007,-71.70885436641007
2134.850059866905,-71.71016724212537,-71.71016724212537
2134.8600598669054,-71.7114811206856,-71.7114811206856
2134.870059866905,-71.71279616213039,-71.71279616213039
2134.8800598669054,-71.71411252458716,-71.71411252458716
2134.890059866905,-71.71543036427893,-71.71543036427893
2134.9000598669054,-71.71674983553496,-71.71674983553496
2134.910059866905,-71.71807109077184,-71.71807109077184
2134.9200598669054,-71.71939428050088,-71.71939428050088
2134.930059866905,-71.72071955332547,-71.72071955332547
2134.9400598669054,-71.72204705593975,-71.72204705593975
2134.950059866905,-71.72337693314032,-71.72337693314032
2134.9600598669053,-71.7247093278021,-71.7247093278021
2134.970059866905,-71.7260443808924,-71.7260443808924
2134.9800598669053,-71.72738223147095,-71.72738223147095
2134.990059866905,-71.72872301668438,-71.72872301668438
2135.0000598669053,-71.73006687178187,-71.73006687178187
2135.010059866905,-71.73141393010188,-71.73141393010188
2135.0200598669053,-71.73276432307304,-71.73276432307304
2135.030059866905,-71.73411818024506,-71.73411818024506
2135.0400598669053,-71.7354756292582,-71.7354756292582
2135.050059866905,-71.73683679585339,-71.73683679585339
2135.0600598669052,-71.73820180391199,-71.73820180391199
2135.070059866905,-71.73957077542337,-71.73957077542337
2135.0800598669052,-71.74094383048786,-71.74094383048786
2135.090059866905,-71.74232108736423,-71.74232108736423
2135.100059866905,-71.7437026624361,-71.7437026624361
2135.1100598669054,-71.74508867024382,-71.74508867024382
2135.120059866905,-71.74647922348957,-71.74647922348957
2135.1300598669054,-71.74787443303441,-71.74787443303441
2135.140059866905,-71.74927440792291,-71.74927440792291
2135.1500598669054,-71.75067925537408,-71.75067925537408
2135.160059866905,-71.75208908081987,-71.75208908081987
2135.1700598669054,-71.7535039878966,-71.7535039878966
2135.180059866905,-71.75492407845465,-71.75492407845465
2135.1900598669054,-71.75634945257632,-71.75634945257632
2135.200059890747,-71.7577802120091,-71.7577802120091
2135.2100598907473,-71.75921644653793,-71.75921644653793
2135.220059890747,-71.76065825440855,-71.76065825440855
2135.2300598907473,-71.76210572876279,-71.76210572876279
2135.240059890747,-71.76355896103827,-71.76355896103827
2135.2500598907473,-71.76501804098407,-71.76501804098407
2135.260059890747,-71.7664830566638,-71.7664830566638
2135.2700598907472,-71.76795409448923,-71.76795409448923
2135.280059890747,-71.76943123922936,-71.76943123922936
2135.290059890747,-71.77091457401247,-71.77091457401247
2135.300059890747,-71.77240418034886,-71.77240418034886
2135.310059890747,-71.77390013815834,-71.77390013815834
2135.320059890747,-71.77540252576188,-71.77540252576188
2135.330059890747,-71.77691141991463,-71.77691141991463
2135.340059890747,-71.7784268958169,-71.7784268958169
2135.350059890747,-71.77994902712679,-71.77994902712679
2135.360059890747,-71.78147788597266,-71.78147788597266
2135.370059890747,-71.78301354298334,-71.78301354298334
2135.380059890747,-71.78455606729483,-71.78455606729483
2135.390059890747,-71.786105526561,-71.786105526561
2135.400059890747,-71.78766198697608,-71.78766198697608
2135.410059890747,-71.78922551329758,-71.78922551329758
2135.420059890747,-71.79079616884806,-71.79079616884806
2135.430059890747,-71.79237401553338,-71.79237401553338
2135.440059890747,-71.79395911387506,-71.79395911387506
2135.450059890747,-71.79555152299817,-71.79555152299817
2135.4600598907473,-71.79715130068291,-71.79715130068291
2135.470059890747,-71.79875850334945,-71.79875850334945
2135.4800598907473,-71.80037318608903,-71.80037318608903
2135.490059890747,-71.80199540267516,-71.80199540267516
2135.5000598907473,-71.80362520558296,-71.80362520558296
2135.510059890747,-71.80526264601046,-71.80526264601046
2135.5200598907472,-71.80690777387706,-71.80690777387706
2135.530059890747,-71.80856063786177,-71.80856063786177
2135.540059890747,-71.81022128539519,-71.81022128539519
2135.550059890747,-71.81188976269455,-71.81188976269455
2135.560059890747,-71.81356611476886,-71.81356611476886
2135.570059890747,-71.81525038544649,-71.81525038544649
2135.580059890747,-71.81694261736406,-71.81694261736406
2135.590059890747,-71.81864285202266,-71.81864285202266
2135.600059890747,-71.82035112976352,-71.82035112976352
2135.610059890747,-71.82206748980386,-71.82206748980386
2135.620059890747,-71.82379197024713,-71.82379197024713
2135.630059890747,-71.8255246081008,-71.8255246081008
2135.640059890747,-71.82726543929265,-71.82726543929265
2135.650059890747,-71.82901449867681,-71.82901449867681
2135.660059890747,-71.83077182004799,-71.83077182004799
2135.670059890747,-71.83253743617989,-71.83253743617989
2135.680059890747,-71.83431137880281,-71.83431137880281
2135.690059890747,-71.8360936786431,-71.8360936786431
2135.700059890747,-71.837884365434,-71.837884365434
2135.7100598907473,-71.8396834679235,-71.8396834679235
2135.720059890747,-71.84149101389049,-71.84149101389049
2135.7300598907473,-71.8433070301636,-71.8433070301636
2135.740059890747,-71.84513154262669,-71.84513154262669
2135.7500598907473,-71.8469645762345,-71.8469645762345
2135.760059890747,-71.84880615502263,-71.84880615502263
2135.7700598907472,-71.85065630214626,-71.85065630214626
2135.780059890747,-71.85251503984655,-71.85251503984655
2135.790059890747,-71.85438238950844,-71.85438238950844
2135.800059890747,-71.85625837165128,-71.85625837165128
2135.810059890747,-71.85814300593661,-71.85814300593661
2135.820059890747,-71.86003631120117,-71.86003631120117
2135.830059890747,-71.86193830544536,-71.86193830544536
2135.840059890747,-71.86384900587001,-71.86384900587001
2135.850059890747,-71.8657684288668,-71.8657684288668
2135.860059890747,-71.86769659004617,-71.86769659004617
2135.870059890747,-71.86963350424239,-71.86963350424239
2135.880059890747,-71.87157918551648,-71.87157918551648
2135.890059890747,-71.87353364718781,-71.87353364718781
2135.900059890747,-71.87549690183333,-71.87549690183333
2135.910059890747,-71.87746896129461,-71.87746896129461
2135.920059890747,-71.87944983669556,-71.87944983669556
2135.930059890747,-71.88143953846198,-71.88143953846198
2135.940059890747,-71.88343807631516,-71.88343807631516
2135.950059890747,-71.88544545929523,-71.88544545929523
2135.9600598907473,-71.88745542738423,-71.88745542738423
2135.970059890747,-71.88946524259583,-71.88946524259583
2135.9800598907473,-71.89147357543037,-71.89147357543037
2135.990059890747,-71.89347974852771,-71.89347974852771
2136.0000598907473,-71.89548344782735,-71.89548344782735
2136.010059890747,-71.89748457244482,-71.89748457244482
2136.0200598907472,-71.8994831465936,-71.8994831465936
2136.030059890747,-71.9014792666945,-71.9014792666945
2136.040059890747,-71.90347306948554,-71.90347306948554
2136.050059914589,-71.90546471768084,-71.90546471768084
2136.060059914589,-71.90745436956708,-71.90745436956708
2136.070059914589,-71.9094422008193,-71.9094422008193
2136.080059914589,-71.91142838162924,-71.91142838162924
2136.090059914589,-71.91341307938505,-71.91341307938505
2136.100059914589,-71.91539645762666,-71.91539645762666
2136.110059914589,-71.91737867561413,-71.91737867561413
2136.120059914589,-71.91935988827233,-71.91935988827233
2136.130059914589,-71.92134024635996,-71.92134024635996
2136.140059914589,-71.92331989669833,-71.92331989669833
2136.150059914589,-71.92529898247857,-71.92529898247857
2136.160059914589,-71.9272776435535,-71.9272776435535
2136.170059914589,-71.92925601673481,-71.92925601673481
2136.180059914589,-71.93123423605498,-71.93123423605498
2136.190059914589,-71.93321243299566,-71.93321243299566
2136.200059914589,-71.93519073673221,-71.93519073673221
2136.210059914589,-71.93716300183075,-71.93716300183075
2136.220059914589,-71.93912660605295,-71.93912660605295
2136.2300599145888,-71.94108033535302,-71.94108033535302
2136.240059914589,-71.94302362714018,-71.94302362714018
2136.2500599145887,-71.94495628132671,-71.94495628132671
2136.260059914589,-71.94687831018764,-71.94687831018764
2136.2700599145887,-71.94878985031761,-71.94878985031761
2136.280059914589,-71.95069110971775,-71.95069110971775
2136.2900599145887,-71.95258233597707,-71.95258233597707
2136.300059914589,-71.95446379715915,-71.95446379715915
2136.310059914589,-71.95633577043469,-71.95633577043469
2136.320059914589,-71.95819853537898,-71.95819853537898
2136.330059914589,-71.96005237014987,-71.96005237014987
2136.340059914589,-71.96189754939805,-71.96189754939805
2136.350059914589,-71.96373434320095,-71.96373434320095
2136.360059914589,-71.96556301665942,-71.96556301665942
2136.370059914589,-71.96738382983246,-71.96738382983246
2136.380059914589,-71.96919703787098,-71.96919703787098
2136.390059914589,-71.97100289126882,-71.97100289126882
2136.400059914589,-71.97280163615098,-71.97280163615098
2136.410059914589,-71.97459351455848,-71.97459351455848
2136.420059914589,-71.97637876472304,-71.97637876472304
2136.430059914589,-71.97815762133699,-71.97815762133699
2136.440059914589,-71.97993031576816,-71.97993031576816
2136.450059914589,-71.98169707626718,-71.98169707626718
2136.460059914589,-71.98345812814286,-71.98345812814286
2136.470059914589,-71.98521369389852,-71.98521369389852
2136.4800599145888,-71.9869639933641,-71.9869639933641
2136.490059914589,-71.98870924380145,-71.98870924380145
2136.5000599145887,-71.99044965997757,-71.99044965997757
2136.510059914589,-71.99218545426108,-71.99218545426108
2136.5200599145887,-71.99391683665648,-71.99391683665648
2136.530059914589,-71.99564401486386,-71.99564401486386
2136.5400599145887,-71.99736719431209,-71.99736719431209
2136.550059914589,-71.99908657818514,-71.99908657818514
2136.560059914589,-72.0008023674596,-72.0008023674596
2136.570059914589,-72.00251476092026,-72.00251476092026
2136.580059914589,-72.00422395514522,-72.00422395514522
2136.590059914589,-72.00593014457579,-72.00593014457579
2136.600059914589,-72.00763352146033,-72.00763352146033
2136.610059914589,-72.00933427590718,-72.00933427590718
2136.620059914589,-72.01103259585113,-72.01103259585113
2136.630059914589,-72.01272866709984,-72.01272866709984
2136.640059914589,-72.01442267328571,-72.01442267328571
2136.650059914589,-72.01611479591016,-72.01611479591016
2136.660059914589,-72.01780521431894,-72.01780521431894
2136.670059914589,-72.01949410572287,-72.01949410572287
2136.680059914589,-72.02118164516106,-72.02118164516106
2136.690059914589,-72.02286800554273,-72.02286800554273
2136.700059914589,-72.02455335762573,-72.02455335762573
2136.710059914589,-72.02623787003364,-72.02623787003364
2136.720059914589,-72.02792170924232,-72.02792170924232
2136.7300599145888,-72.02960503957414,-72.02960503957414
2136.740059914589,-72.03128802323127,-72.03128802323127
2136.7500599145887,-72.0329708202729,-72.0329708202729
2136.760059914589,-72.03465358863271,-72.03465358863271
2136.7700599145887,-72.03633648410734,-72.03633648410734
2136.780059914589,-72.03801966038556,-72.03801966038556
2136.7900599145887,-72.03970326904425,-72.03970326904425
2136.800059914589,-72.04138745953139,-72.04138745953139
2136.810059914589,-72.0430723792141,-72.0430723792141
2136.820059914589,-72.04475817335718,-72.04475817335718
2136.830059914589,-72.04644498513817,-72.04644498513817
2136.840059914589,-72.04813295566471,-72.04813295566471
2136.850059914589,-72.04982222396663,-72.04982222396663
2136.860059914589,-72.05151292702286,-72.05151292702286
2136.870059914589,-72.05320519976442,-72.05320519976442
2136.880059914589,-72.05489917509314,-72.05489917509314
2136.890059914589,-72.05659498387575,-72.05659498387575
2136.900059938431,-72.05829275902464,-72.05829275902464
2136.910059938431,-72.05999261930998,-72.05999261930998
2136.9200599384308,-72.06169469365445,-72.06169469365445
2136.930059938431,-72.06339910494529,-72.06339910494529
2136.9400599384307,-72.06510597412982,-72.06510597412982
2136.950059938431,-72.06681542020303,-72.06681542020303
2136.9600599384307,-72.06852127759637,-72.06852127759637
2136.970059938431,-72.07022091054826,-72.07022091054826
2136.9800599384307,-72.07191309385472,-72.07191309385472
2136.990059938431,-72.07359725459726,-72.07359725459726
2137.0000599384307,-72.07527318263514,-72.07527318263514
2137.010059938431,-72.07694088014603,-72.07694088014603
2137.0200599384307,-72.07860047341887,-72.07860047341887
2137.030059938431,-72.0802521598369,-72.0802521598369
2137.0400599384307,-72.08189617597657,-72.08189617597657
2137.050059938431,-72.0835327784444,-72.0835327784444
2137.0600599384306,-72.08516223250169,-72.08516223250169
2137.070059938431,-72.0867848053511,-72.0867848053511
2137.0800599384306,-72.08840076229829,-72.08840076229829
2137.090059938431,-72.09001036466894,-72.09001036466894
2137.1000599384306,-72.09161386876647,-72.09161386876647
2137.110059938431,-72.09321152544466,-72.09321152544466
2137.1200599384306,-72.09480358008636,-72.09480358008636
2137.130059938431,-72.09639027275253,-72.09639027275253
2137.1400599384306,-72.0979718384368,-72.0979718384368
2137.150059938431,-72.09954850735822,-72.09954850735822
2137.160059938431,-72.10112050529413,-72.10112050529413
2137.1700599384308,-72.10268805386423,-72.10268805386423
2137.180059938431,-72.10425137080036,-72.10425137080036
2137.1900599384307,-72.10581067021234,-72.10581067021234
2137.200059938431,-72.10736616279463,-72.10736616279463
2137.2100599384307,-72.1089180560184,-72.1089180560184
2137.220059938431,-72.11046655428832,-72.11046655428832
2137.2300599384307,-72.11201185910778,-72.11201185910778
2137.240059938431,-72.11355416919574,-72.11355416919574
2137.2500599384307,-72.11509368057541,-72.11509368057541
2137.260059938431,-72.1166305866708,-72.1166305866708
2137.2700599384307,-72.11816507840896,-72.11816507840896
2137.280059938431,-72.1196973442255,-72.1196973442255
2137.2900599384307,-72.12122757016581,-72.12122757016581
2137.300059938431,-72.12275593993877,-72.12275593993877
2137.3100599384306,-72.12428263491705,-72.12428263491705
2137.320059938431,-72.12580783418866,-72.12580783418866
2137.3300599384306,-72.12733171459662,-72.12733171459662
2137.340059938431,-72.12885445074433,-72.12885445074433
2137.3500599384306,-72.13037621503683,-72.13037621503683
2137.360059938431,-72.13189717767689,-72.13189717767689
2137.3700599384306,-72.1334175066942,-72.1334175066942
2137.380059938431,-72.13493736795697,-72.13493736795697
2137.3900599384306,-72.13645692519205,-72.13645692519205
2137.400059938431,-72.13797633998321,-72.13797633998321
2137.410059938431,-72.13949577178866,-72.13949577178866
2137.4200599384308,-72.14101537795955,-72.14101537795955
2137.430059938431,-72.1425353137317,-72.1425353137317
2137.4400599384307,-72.14405573225318,-72.14405573225318
2137.450059938431,-72.14557678458448,-72.14557678458448
2137.4600599384307,-72.14709233103045,-72.14709233103045
2137.470059938431,-72.14859976557923,-72.14859976557923
2137.4800599384307,-72.15009789408235,-72.15009789408235
2137.490059938431,-72.15158617514345,-72.15158617514345
2137.5000599384307,-72.15306443028749,-72.15306443028749
2137.510059938431,-72.15453269336597,-72.15453269336597
2137.5200599384307,-72.15599112225085,-72.15599112225085
2137.530059938431,-72.15743994573913,-72.15743994573913
2137.5400599384307,-72.15887943163919,-72.15887943163919
2137.550059938431,-72.16030986760418,-72.16030986760418
2137.5600599384306,-72.16173154971365,-72.16173154971365
2137.570059938431,-72.16314477574745,-72.16314477574745
2137.5800599384306,-72.16454984137273,-72.16454984137273
2137.590059938431,-72.16594703803253,-72.16594703803253
2137.6000599384306,-72.16733665189643,-72.16733665189643
2137.610059938431,-72.16871896344871,-72.16871896344871
2137.6200599384306,-72.17009424744897,-72.17009424744897
2137.630059938431,-72.1714627730765,-72.1714627730765
2137.6400599384306,-72.1728248041856,-72.1728248041856
2137.650059938431,-72.17418059961439,-72.17418059961439
2137.660059938431,-72.1755304134905,-72.1755304134905
2137.6700599384308,-72.17687449551745,-72.17687449551745
2137.680059938431,-72.17821309125979,-72.17821309125979
2137.6900599384307,-72.17954644238387,-72.17954644238387
2137.700059938431,-72.18087478686876,-72.18087478686876
2137.7100599384307,-72.18219835921309,-72.18219835921309
2137.720059938431,-72.18351739057698,-72.18351739057698
2137.7300599384307,-72.18483210894966,-72.18483210894966
2137.740059938431,-72.18614273924922,-72.18614273924922
2137.7500599622726,-72.18744950655302,-72.18744950655302
2137.760059962273,-72.18875262371384,-72.18875262371384
2137.7700599622726,-72.19005231015637,-72.19005231015637
2137.780059962273,-72.19134877943173,-72.19134877943173
2137.7900599622726,-72.19264224243524,-72.19264224243524
2137.800059962273,-72.19393290740948,-72.19393290740948
2137.8100599622726,-72.19522098002938,-72.19522098002938
2137.820059962273,-72.19650666337725,-72.19650666337725
2137.8300599622726,-72.1977901580278,-72.1977901580278
2137.840059962273,-72.19907166203323,-72.19907166203323
2137.8500599622726,-72.2003513709802,-72.2003513709802
2137.8600599622728,-72.2016294779701,-72.2016294779701
2137.8700599622725,-72.20290617366886,-72.20290617366886
2137.8800599622728,-72.20418164629896,-72.20418164629896
2137.8900599622725,-72.20545608166769,-72.20545608166769
2137.9000599622727,-72.20672966316538,-72.20672966316538
2137.9100599622725,-72.20800257179981,-72.20800257179981
2137.9200599622727,-72.2092749861817,-72.2092749861817
2137.9300599622725,-72.2105470825544,-72.2105470825544
2137.9400599622727,-72.2118190347966,-72.2118190347966
2137.9500599622725,-72.21309101443815,-72.21309101443815
2137.9600599622727,-72.21435689709035,-72.21435689709035
2137.9700599622724,-72.21561409529573,-72.21561409529573
2137.9800599622727,-72.21686143445005,-72.21686143445005
2137.9900599622724,-72.21809839298176,-72.21809839298176
2138.0000599622726,-72.21932481224937,-72.21932481224937
2138.010059962273,-72.2205407458102,-72.2205407458102
2138.0200599622726,-72.22174637103657,-72.22174637103657
2138.030059962273,-72.22294193599564,-72.22294193599564
2138.0400599622726,-72.22409453451853,-72.22409453451853
2138.050059962273,-72.2251952990934,-72.2251952990934
2138.0600599622726,-72.22623925540587,-72.22623925540587
2138.070059962273,-72.2272221067782,-72.2272221067782
2138.0800599622726,-72.22813991980462,-72.22813991980462
2138.090059962273,-72.22898915585587,-72.22898915585587
2138.1000599622726,-72.22976670822806,-72.22976670822806
2138.1100599622728,-72.23046991215203,-72.23046991215203
2138.1200599622725,-72.23109653317032,-72.23109653317032
2138.1300599622728,-72.23164474183602,-72.23164474183602
2138.1400599622725,-72.23211308109946,-72.23211308109946
2138.1500599622727,-72.23250043075971,-72.23250043075971
2138.1600599622725,-72.23280597176591,-72.23280597176591
2138.1700599622727,-72.233029152118,-72.233029152118
2138.1800599622725,-72.23316965525677,-72.23316965525677
2138.1900599622727,-72.23322737130394,-72.23322737130394
2138.2000599622725,-72.23320237130899,-72.23320237130899
2138.2100599622727,-72.23309488432857,-72.23309488432857
2138.2200599622724,-72.23290527719534,-72.23290527719534
2138.2300599622727,-72.23263403666725,-72.23263403666725
2138.2400599622724,-72.23228175379555,-72.23228175379555
2138.2500599622726,-72.23184911014356,-72.23184911014356
2138.260059962273,-72.23133686576382,-72.23133686576382
2138.2700599622726,-72.23074584858595,-72.23074584858595
2138.280059962273,-72.2300769451216,-72.2300769451216
2138.2900599622726,-72.22933109230239,-72.22933109230239
2138.300059962273,-72.22850927027066,-72.22850927027066
2138.3100599622726,-72.2276124960623,-72.2276124960623
2138.320059962273,-72.22664181800475,-72.22664181800475
2138.3300599622726,-72.22559831077626,-72.22559831077626
2138.340059962273,-72.22448307104158,-72.22448307104158
2138.3500599622726,-72.22329721359178,-72.22329721359178
2138.3600599622728,-72.22204186791657,-72.22204186791657
2138.3700599622725,-72.22071817515163,-72.22071817515163
2138.3800599622728,-72.21932728541807,-72.21932728541807
2138.3900599622725,-72.21787035538962,-72.21787035538962
2138.4000599622727,-72.2163485461537,-72.2163485461537
2138.4100599622725,-72.21476302136654,-72.21476302136654
2138.4200599622727,-72.21311494550199,-72.21311494550199
2138.4300599622725,-72.21140548240024,-72.21140548240024
2138.4400599622727,-72.20963579389947,-72.20963579389947
2138.4500599622725,-72.20780703866531,-72.20780703866531
2138.4600599622727,-72.20591408009892,-72.20591408009892
2138.4700599622724,-72.20395531570709,-72.20395531570709
2138.4800599622727,-72.2019305526686,-72.2019305526686
2138.4900599622724,-72.1998402472842,-72.1998402472842
2138.5000599622726,-72.19768521413243,-72.19768521413243
2138.510059962273,-72.19546647464756,-72.19546647464756
2138.5200599622726,-72.19318516810259,-72.19318516810259
2138.530059962273,-72.1908424978887,-72.1908424978887
2138.5400599622726,-72.18843969914538,-72.18843969914538
2138.550059962273,-72.18597801911541,-72.18597801911541
2138.5600599622726,-72.1834587053921,-72.1834587053921
2138.570059962273,-72.18088299888554,-72.18088299888554
2138.5800599622726,-72.17825212972244,-72.17825212972244
2138.590059962273,-72.1755673149205,-72.1755673149205
2138.6000599861145,-72.17282975064037,-72.17282975064037
2138.6100599861147,-72.17004063755235,-72.17004063755235
2138.6200599861145,-72.16720114200952,-72.16720114200952
2138.6300599861147,-72.16431242162366,-72.16431242162366
2138.6400599861145,-72.16137561914596,-72.16137561914596
2138.6500599861147,-72.15839186267905,-72.15839186267905
2138.6600599861144,-72.15536226592364,-72.15536226592364
2138.6700599861147,-72.15228792844927,-72.15228792844927
2138.6800599861144,-72.1491699359108,-72.1491699359108
2138.6900599861146,-72.14600936029714,-72.14600936029714
2138.7000599861144,-72.14280726015069,-72.14280726015069
2138.7100599861146,-72.13956468074174,-72.13956468074174
2138.7200599861144,-72.13628265426269,-72.13628265426269
2138.7300599861146,-72.13296219998095,-72.13296219998095
2138.7400599861144,-72.12960432439273,-72.12960432439273
2138.7500599861146,-72.1262100213537,-72.1262100213537
2138.7600599861144,-72.1227802722112,-72.1227802722112
2138.7700599861146,-72.11931604593677,-72.11931604593677
2138.7800599861143,-72.1158182992068,-72.1158182992068
2138.7900599861146,-72.11228797654942,-72.11228797654942
2138.8000599861143,-72.10872601042047,-72.10872601042047
2138.8100599861145,-72.10513332130206,-72.10513332130206
2138.8200599861143,-72.10151081782422,-72.10151081782422
2138.8300599861145,-72.09785065395056,-72.09785065395056
2138.8400599861143,-72.09414358088287,-72.09414358088287
2138.8500599861145,-72.09038173149996,-72.09038173149996
2138.8600599861147,-72.086558869031,-72.086558869031
2138.8700599861145,-72.08267004782496,-72.08267004782496
2138.8800599861147,-72.07871128181912,-72.07871128181912
2138.8900599861145,-72.07467931643043,-72.07467931643043
2138.9000599861147,-72.0705714817364,-72.0705714817364
2138.9100599861144,-72.06638559531987,-72.06638559531987
2138.9200599861147,-72.0621198931457,-72.0621198931457
2138.9300599861144,-72.05777297646046,-72.05777297646046
2138.9400599861146,-72.05334376820981,-72.05334376820981
2138.9500599861144,-72.04883147591221,-72.04883147591221
2138.9600599861146,-72.04423555918682,-72.04423555918682
2138.9700599861144,-72.03955570110018,-72.03955570110018
2138.9800599861146,-72.03479178269428,-72.03479178269428
2138.9900599861144,-72.02994386038375,-72.02994386038375
2139.0000599861146,-72.02501214585405,-72.02501214585405
2139.0100599861144,-72.01999698820157,-72.01999698820157
2139.0200599861146,-72.01489885807648,-72.01489885807648
2139.0300599861143,-72.00971833360002,-72.00971833360002
2139.0400599861146,-72.00445608789089,-72.00445608789089
2139.0500599861143,-71.99911287794743,-71.99911287794743
2139.0600599861145,-71.99368953479276,-71.99368953479276
2139.0700599861143,-71.98818695470295,-71.98818695470295
2139.0800599861145,-71.98260609140867,-71.98260609140867
2139.0900599861143,-71.97694794913284,-71.97694794913284
2139.1000599861145,-71.97121357637191,-71.97121357637191
2139.1100599861147,-71.96540406035277,-71.96540406035277
2139.1200599861145,-71.95952052207065,-71.95952052207065
2139.1300599861147,-71.95356411182144,-71.95356411182144
2139.1400599861145,-71.94753600521925,-71.94753600521925
2139.1500599861147,-71.94143739959615,-71.94143739959615
2139.1600599861144,-71.93526951076849,-71.93526951076849
2139.1700599861147,-71.9290335701244,-71.9290335701244
2139.1800599861144,-71.92273082198636,-71.92273082198636
2139.1900599861146,-71.91636252122089,-71.91636252122089
2139.2000599861144,-71.90992993111017,-71.90992993111017
2139.2100599861146,-71.90343432136774,-71.90343432136774
2139.2200599861144,-71.89687696640146,-71.89687696640146
2139.2300599861146,-71.89025914366944,-71.89025914366944
2139.2400599861144,-71.88358213224478,-71.88358213224478
2139.2500599861146,-71.87684721146954,-71.87684721146954
2139.2600599861144,-71.87005565975605,-71.87005565975605
2139.2700599861146,-71.86320875346946,-71.86320875346946
2139.2800599861143,-71.85630776593143,-71.85630776593143
2139.2900599861146,-71.84935396649924,-71.84935396649924
2139.3000599861143,-71.84234861973232,-71.84234861973232
2139.3100599861145,-71.83529298463574,-71.83529298463574
2139.3200599861143,-71.82818831394,-71.82818831394
2139.3300599861145,-71.82103585349878,-71.82103585349878
2139.3400599861143,-71.81383684169414,-71.81383684169414
2139.3500599861145,-71.80659250890119,-71.80659250890119
2139.3600599861147,-71.79930407702858,-71.79930407702858
2139.3700599861145,-71.79197275906486,-71.79197275906486
2139.3800599861147,-71.78459975868725,-71.78459975868725
2139.3900599861145,-71.77718626991128,-71.77718626991128
2139.4000599861147,-71.76973347674247,-71.76973347674247
2139.4100599861144,-71.76224255291294,-71.76224255291294
2139.4200599861147,-71.75471466159395,-71.75471466159395
2139.4300599861144,-71.74715095516962,-71.74715095516962
2139.4400599861146,-71.73955257500835,-71.73955257500835
2139.4500600099564,-71.73192063310199,-71.73192063310199
2139.4600600099566,-71.72425003923637,-71.72425003923637
2139.4700600099563,-71.71653915339196,-71.71653915339196
2139.4800600099566,-71.70878775038172,-71.70878775038172
2139.4900600099563,-71.70099624695551,-71.70099624695551
2139.5000600099565,-71.69316541294597,-71.69316541294597
2139.5100600099563,-71.68529622078117,-71.68529622078117
2139.5200600099565,-71.67738975696474,-71.67738975696474
2139.5300600099563,-71.66944716881096,-71.66944716881096
2139.5400600099565,-71.66146963225538,-71.66146963225538
2139.5500600099563,-71.65345833254514,-71.65345833254514
2139.5600600099565,-71.64541445264499,-71.64541445264499
2139.5700600099563,-71.63733916645391,-71.63733916645391
2139.5800600099565,-71.6292336349343,-71.6292336349343
2139.5900600099562,-71.62109900394998,-71.62109900394998
2139.6000600099565,-71.61293640323223,-71.61293640323223
2139.610060009956,-71.60474694599671,-71.60474694599671
2139.6200600099564,-71.59653172889428,-71.59653172889428
2139.630060009956,-71.58829183223136,-71.58829183223136
2139.6400600099564,-71.58002832026051,-71.58002832026051
2139.650060009956,-71.57174224152871,-71.57174224152871
2139.6600600099564,-71.56343462924538,-71.56343462924538
2139.670060009956,-71.55510650164784,-71.55510650164784
2139.6800600099564,-71.54675886231976,-71.54675886231976
2139.690060009956,-71.53839270055175,-71.53839270055175
2139.7000600099564,-71.53000899156952,-71.53000899156952
2139.7100600099566,-71.5216086968419,-71.5216086968419
2139.7200600099563,-71.51319276430185,-71.51319276430185
2139.7300600099566,-71.50476212856864,-71.50476212856864
2139.7400600099563,-71.49631771114382,-71.49631771114382
2139.7500600099565,-71.48786042062152,-71.48786042062152
2139.7600600099563,-71.47939115280832,-71.47939115280832
2139.7700600099565,-71.4709107909231,-71.4709107909231
2139.7800600099563,-71.46242020573845,-71.46242020573845
2139.7900600099565,-71.45392025569853,-71.45392025569853
2139.8000600099563,-71.44541178707826,-71.44541178707826
2139.8100600099565,-71.43689563409025,-71.43689563409025
2139.8200600099563,-71.42837261900604,-71.42837261900604
2139.8300600099565,-71.41984355230034,-71.41984355230034
2139.8400600099562,-71.41130923271362,-71.41130923271362
2139.8500600099565,-71.40277044742437,-71.40277044742437
2139.860060009956,-71.39422797210925,-71.39422797210925
2139.8700600099564,-71.3856825710707,-71.3856825710707
2139.880060009956,-71.3771349973487,-71.3771349973487
2139.8900600099564,-71.3685859928238,-71.3685859928238
2139.900060009956,-71.36003628830758,-71.36003628830758
2139.9100600099564,-71.35148660366637,-71.35148660366637
2139.920060009956,-71.34293764791241,-71.34293764791241
2139.9300600099564,-71.33439011930213,-71.33439011930213
2139.940060009956,-71.3258447054565,-71.3258447054565
2139.9500600099564,-71.31730208345064,-71.31730208345064
2139.9600600099566,-71.30875671224086,-71.30875671224086
2139.9700600099563,-71.30020653612533,-71.30020653612533
2139.9800600099566,-71.29165089008346,-71.29165089008346
2139.9900600099563,-71.28308974955124,-71.28308974955124
2140.0000600099565,-71.27452344320903,-71.27452344320903
2140.0100600099563,-71.26595250334778,-71.26595250334778
2140.0200600099565,-71.25737757784265,-71.25737757784265
2140.0300600099563,-71.2487993772041,-71.2487993772041
2140.0400600099565,-71.24021864263717,-71.24021864263717
2140.0500600099563,-71.23163612689203,-71.23163612689203
2140.0600600099565,-71.22305258285748,-71.22305258285748
2140.0700600099563,-71.2144687569344,-71.2144687569344
2140.0800600099565,-71.20588538521781,-71.20588538521781
2140.0900600099562,-71.1973031915431,-71.1973031915431
2140.1000600099565,-71.18872288648694,-71.18872288648694
2140.110060009956,-71.18014516713444,-71.18014516713444
2140.1200600099564,-71.17157071709032,-71.17157071709032
2140.130060009956,-71.16300020680283,-71.16300020680283
2140.1400600099564,-71.15443429389677,-71.15443429389677
2140.150060009956,-71.1458736236371,-71.1458736236371
2140.1600600099564,-71.1373188293413,-71.1373188293413
2140.170060009956,-71.12877053279868,-71.12877053279868
2140.1800600099564,-71.12022934464544,-71.12022934464544
2140.190060009956,-71.11169586475711,-71.11169586475711
2140.2000600099564,-71.10317068255443,-71.10317068255443
2140.2100600099566,-71.09464818907313,-71.09464818907313
2140.2200600099563,-71.08612625066195,-71.08612625066195
2140.2300600099566,-71.07760412089682,-71.07760412089682
2140.2400600099563,-71.06908169269832,-71.06908169269832
2140.2500600099565,-71.06055921205837,-71.06055921205837
2140.2600600099563,-71.05203712886286,-71.05203712886286
2140.2700600099565,-71.04351600918947,-71.04351600918947
2140.2800600099563,-71.03499648251716,-71.03499648251716
2140.2900600099565,-71.02647920988527,-71.02647920988527
2140.300060033798,-71.01796484458393,-71.01796484458393
2140.3100600337984,-71.009454101886,-71.009454101886
2140.320060033798,-71.00094763080713,-71.00094763080713
2140.3300600337984,-70.99244609141316,-70.99244609141316
2140.340060033798,-70.98395013257206,-70.98395013257206
2140.3500600337984,-70.97546039104724,-70.97546039104724
2140.360060033798,-70.96697749117448,-70.96697749117448
2140.3700600337984,-70.958502044945,-70.958502044945
2140.380060033798,-70.95003465227725,-70.95003465227725
2140.3900600337984,-70.94157590138335,-70.94157590138335
2140.400060033798,-70.9331263692047,-70.9331263692047
2140.4100600337983,-70.92468662180892,-70.92468662180892
2140.420060033798,-70.91625721480952,-70.91625721480952
2140.4300600337983,-70.9078386937348,-70.9078386937348
2140.440060033798,-70.89943159438573,-70.89943159438573
2140.4500600337983,-70.8910364431393,-70.8910364431393
2140.460060033798,-70.88264758853293,-70.88264758853293
2140.4700600337983,-70.87426284504019,-70.87426284504019
2140.480060033798,-70.8658814111875,-70.8658814111875
2140.4900600337983,-70.85750312387371,-70.85750312387371
2140.500060033798,-70.84912817294612,-70.84912817294612
2140.5100600337983,-70.84075695239028,-70.84075695239028
2140.520060033798,-70.83238997289148,-70.83238997289148
2140.5300600337982,-70.8240278091403,-70.8240278091403
2140.540060033798,-70.81567106811335,-70.81567106811335
2140.550060033798,-70.80732037000276,-70.80732037000276
2140.5600600337984,-70.79897633693463,-70.79897633693463
2140.570060033798,-70.79063958632139,-70.79063958632139
2140.5800600337984,-70.78231072711303,-70.78231072711303
2140.590060033798,-70.77399035783704,-70.77399035783704
2140.6000600337984,-70.76567906562408,-70.76567906562408
2140.610060033798,-70.7573774259172,-70.7573774259172
2140.6200600337984,-70.74908600252442,-70.74908600252442
2140.630060033798,-70.74080534789618,-70.74080534789618
2140.6400600337984,-70.73253600348147,-70.73253600348147
2140.650060033798,-70.72427850012897,-70.72427850012897
2140.6600600337983,-70.71603335849483,-70.71603335849483
2140.670060033798,-70.70780108944801,-70.70780108944801
2140.6800600337983,-70.69958219440221,-70.69958219440221
2140.690060033798,-70.69137716572541,-70.69137716572541
2140.7000600337983,-70.68318648696133,-70.68318648696133
2140.710060033798,-70.67501063315345,-70.67501063315345
2140.7200600337983,-70.66685007108401,-70.66685007108401
2140.730060033798,-70.65870525947486,-70.65870525947486
2140.7400600337983,-70.6505766492095,-70.6505766492095
2140.750060033798,-70.64246468351143,-70.64246468351143
2140.7600600337983,-70.6343697980761,-70.6343697980761
2140.770060033798,-70.62629242123965,-70.62629242123965
2140.7800600337982,-70.61823297410574,-70.61823297410574
2140.790060033798,-70.61019187066512,-70.61019187066512
2140.800060033798,-70.60216951790751,-70.60216951790751
2140.8100600337984,-70.59416631591279,-70.59416631591279
2140.820060033798,-70.58618265797251,-70.58618265797251
2140.8300600337984,-70.57821893065488,-70.57821893065488
2140.840060033798,-70.57027551390215,-70.57027551390215
2140.8500600337984,-70.5623527811025,-70.5623527811025
2140.860060033798,-70.55445109917622,-70.55445109917622
2140.8700600337984,-70.54657082864517,-70.54657082864517
2140.880060033798,-70.53871232370443,-70.53871232370443
2140.8900600337984,-70.53087593229988,-70.53087593229988
2140.900060033798,-70.52306199617416,-70.52306199617416
2140.9100600337983,-70.51527085096093,-70.51527085096093
2140.920060033798,-70.50750282622379,-70.50750282622379
2140.9300600337983,-70.49975824552912,-70.49975824552912
2140.940060033798,-70.49203742653692,-70.49203742653692
2140.9500600337983,-70.4843406810094,-70.4843406810094
2140.960060033798,-70.47666831491738,-70.47666831491738
2140.9700600337983,-70.46902062847725,-70.46902062847725
2140.980060033798,-70.46139791622713,-70.46139791622713
2140.9900600337983,-70.45380046707538,-70.45380046707538
2141.000060033798,-70.44622856437027,-70.44622856437027
2141.0100600337983,-70.43868248594342,-70.43868248594342
2141.020060033798,-70.43116250419261,-70.43116250419261
2141.0300600337982,-70.42366888612318,-70.42366888612318
2141.040060033798,-70.41620189342133,-70.41620189342133
2141.050060033798,-70.40876178249971,-70.40876178249971
2141.0600600337984,-70.4013488045648,-70.4013488045648
2141.070060033798,-70.39396320566954,-70.39396320566954
2141.0800600337984,-70.38660522677357,-70.38660522677357
2141.090060033798,-70.37927510381643,-70.37927510381643
2141.1000600337984,-70.37197306775121,-70.37197306775121
2141.110060033798,-70.36469934461755,-70.36469934461755
2141.1200600337984,-70.35745415559596,-70.35745415559596
2141.130060033798,-70.35023771707164,-70.35023771707164
2141.1400600337984,-70.34305024068131,-70.34305024068131
2141.15006005764,-70.33589191633246,-70.33589191633246
2141.1600600576403,-70.32876298050554,-70.32876298050554
2141.17006005764,-70.3216636138386,-70.3216636138386
2141.1800600576403,-70.31459400956648,-70.31459400956648
2141.19006005764,-70.3075543564651,-70.3075543564651
2141.2000600576403,-70.30054483889954,-70.30054483889954
2141.21006005764,-70.29356563690453,-70.29356563690453
2141.2200600576402,-70.28661692620918,-70.28661692620918
2141.23006005764,-70.27969887831166,-70.27969887831166
2141.24006005764,-70.27281166051814,-70.27281166051814
2141.25006005764,-70.26595543601704,-70.26595543601704
2141.26006005764,-70.25913036392659,-70.25913036392659
2141.27006005764,-70.25233659933461,-70.25233659933461
2141.28006005764,-70.24557429335594,-70.24557429335594
2141.29006005764,-70.23884359321225,-70.23884359321225
2141.30006005764,-70.23214464224725,-70.23214464224725
2141.31006005764,-70.2254775799976,-70.2254775799976
2141.32006005764,-70.21884254224591,-70.21884254224591
2141.33006005764,-70.21223966107051,-70.21223966107051
2141.34006005764,-70.20566906488087,-70.20566906488087
2141.35006005764,-70.19913087850097,-70.19913087850097
2141.36006005764,-70.19262522318172,-70.19262522318172
2141.37006005764,-70.1861522166869,-70.1861522166869
2141.38006005764,-70.17971197330127,-70.17971197330127
2141.39006005764,-70.17330460391648,-70.17330460391648
2141.40006005764,-70.16693021606481,-70.16693021606481
2141.4100600576403,-70.16058891396128,-70.16058891396128
2141.42006005764,-70.15428079855671,-70.15428079855671
2141.4300600576403,-70.14800596758327,-70.14800596758327
2141.44006005764,-70.14176451560962,-70.14176451560962
2141.4500600576403,-70.13555653406493,-70.13555653406493
2141.46006005764,-70.12937600929358,-70.12937600929358
2141.4700600576402,-70.12322036241879,-70.12322036241879
2141.48006005764,-70.11708838898693,-70.11708838898693
2141.49006005764,-70.11097952104441,-70.11097952104441
2141.50006005764,-70.10489354466446,-70.10489354466446
2141.51006005764,-70.09883045270043,-70.09883045270043
2141.52006005764,-70.0927903581694,-70.0927903581694
2141.53006005764,-70.08677344207696,-70.08677344207696
2141.54006005764,-70.08077992198348,-70.08077992198348
2141.55006005764,-70.07481003311354,-70.07481003311354
2141.56006005764,-70.06886401710767,-70.06886401710767
2141.57006005764,-70.06294211543819,-70.06294211543819
2141.58006005764,-70.0570445656782,-70.0570445656782
2141.59006005764,-70.05117159947206,-70.05117159947206
2141.60006005764,-70.04532344160573,-70.04532344160573
2141.61006005764,-70.039500309638,-70.039500309638
2141.62006005764,-70.03370241395436,-70.03370241395436
2141.63006005764,-70.02792995798647,-70.02792995798647
2141.64006005764,-70.02218313854668,-70.02218313854668
2141.65006005764,-70.01646214620114,-70.01646214620114
2141.6600600576403,-70.01076716564408,-70.01076716564408
2141.67006005764,-70.00509837605314,-70.00509837605314
2141.6800600576403,-69.99945595143339,-69.99945595143339
2141.69006005764,-69.99384006090729,-69.99384006090729
2141.7000600576403,-69.98825086900341,-69.98825086900341
2141.71006005764,-69.98268853588873,-69.98268853588873
2141.7200600576402,-69.97715321759485,-69.97715321759485
2141.73006005764,-69.97164506619193,-69.97164506619193
2141.74006005764,-69.9661642299724,-69.9661642299724
2141.75006005764,-69.96071085356546,-69.96071085356546
2141.76006005764,-69.95528507810388,-69.95528507810388
2141.77006005764,-69.94988704130594,-69.94988704130594
2141.78006005764,-69.94451687758476,-69.94451687758476
2141.79006005764,-69.93917471815247,-69.93917471815247
2141.80006005764,-69.93386069106505,-69.93386069106505
2141.81006005764,-69.9285749213164,-69.9285749213164
2141.82006005764,-69.92331753089381,-69.92331753089381
2141.83006005764,-69.91808863883982,-69.91808863883982
2141.84006005764,-69.91288836128605,-69.91288836128605
2141.85006005764,-69.90771681150818,-69.90771681150818
2141.86006005764,-69.90257409997902,-69.90257409997902
2141.87006005764,-69.89746033440359,-69.89746033440359
2141.88006005764,-69.89237561973476,-69.89237561973476
2141.89006005764,-69.88732005823456,-69.88732005823456
2141.90006005764,-69.88229374949958,-69.88229374949958
2141.9100600576403,-69.87729679048391,-69.87729679048391
2141.92006005764,-69.87232927553637,-69.87232927553637
2141.9300600576403,-69.86739129641737,-69.86739129641737
2141.94006005764,-69.86248294234316,-69.86248294234316
2141.9500600576403,-69.85760430000266,-69.85760430000266
2141.96006005764,-69.85275545357408,-69.85275545357408
2141.9700600576402,-69.84793648477279,-69.84793648477279
2141.98006005764,-69.84314747285553,-69.84314747285553
2141.99006005764,-69.83838849465857,-69.83838849465857
2142.000060081482,-69.83365961336305,-69.83365961336305
2142.010060081482,-69.82896092361383,-69.82896092361383
2142.020060081482,-69.82429248378281,-69.82429248378281
2142.030060081482,-69.81965436124463,-69.81965436124463
2142.040060081482,-69.81504662106904,-69.81504662106904
2142.050060081482,-69.81046932603877,-69.81046932603877
2142.060060081482,-69.80592253669843,-69.80592253669843
2142.070060081482,-69.8014063113327,-69.8014063113327
2142.080060081482,-69.7969207060358,-69.7969207060358
2142.090060081482,-69.79246577470988,-69.79246577470988
2142.100060081482,-69.788041569084,-69.788041569084
2142.110060081482,-69.78364813875832,-69.78364813875832
2142.120060081482,-69.77928553120987,-69.77928553120987
2142.130060081482,-69.77495379182457,-69.77495379182457
2142.140060081482,-69.77065296392593,-69.77065296392593
2142.150060081482,-69.76638308879262,-69.76638308879262
2142.160060081482,-69.76214420567169,-69.76214420567169
2142.170060081482,-69.75793635181138,-69.75793635181138
2142.1800600814818,-69.75375956249763,-69.75375956249763
2142.190060081482,-69.74961387106134,-69.74961387106134
2142.2000600814818,-69.74549930890235,-69.74549930890235
2142.210060081482,-69.74141590551402,-69.74141590551402
2142.2200600814817,-69.73736368851952,-69.73736368851952
2142.230060081482,-69.73334268367364,-69.73334268367364
2142.2400600814817,-69.72935291491108,-69.72935291491108
2142.250060081482,-69.72539440432912,-69.72539440432912
2142.260060081482,-69.72146717227386,-69.72146717227386
2142.270060081482,-69.71757123730693,-69.71757123730693
2142.280060081482,-69.71370661623635,-69.71370661623635
2142.290060081482,-69.70987332418154,-69.70987332418154
2142.300060081482,-69.70607137454218,-69.70607137454218
2142.310060081482,-69.7023007790569,-69.7023007790569
2142.320060081482,-69.69856154781064,-69.69856154781064
2142.330060081482,-69.69485368926645,-69.69485368926645
2142.340060081482,-69.69117721026704,-69.69117721026704
2142.350060081482,-69.68753211609324,-69.68753211609324
2142.360060081482,-69.6839184104502,-69.6839184104502
2142.370060081482,-69.68033609550433,-69.68033609550433
2142.380060081482,-69.67678517191112,-69.67678517191112
2142.390060081482,-69.67326563882159,-69.67326563882159
2142.400060081482,-69.66977749392312,-69.66977749392312
2142.410060081482,-69.66632073344499,-69.66632073344499
2142.420060081482,-69.66289535219181,-69.66289535219181
2142.4300600814818,-69.65950134354725,-69.65950134354725
2142.440060081482,-69.6561386995114,-69.6561386995114
2142.4500600814818,-69.65280741070993,-69.65280741070993
2142.460060081482,-69.64950746643048,-69.64950746643048
2142.4700600814817,-69.64623885462278,-69.64623885462278
2142.480060081482,-69.64300156193121,-69.64300156193121
2142.4900600814817,-69.63979557372588,-69.63979557372588
2142.500060081482,-69.63662087408764,-69.63662087408764
2142.510060081482,-69.63347744585866,-69.63347744585866
2142.520060081482,-69.63036527066025,-69.63036527066025
2142.530060081482,-69.62728432888873,-69.62728432888873
2142.540060081482,-69.62423459976631,-69.62423459976631
2142.550060081482,-69.62121606132844,-69.62121606132844
2142.560060081482,-69.61822869046462,-69.61822869046462
2142.570060081482,-69.61527246293019,-69.61527246293019
2142.580060081482,-69.61234735336542,-69.61234735336542
2142.590060081482,-69.60945333531255,-69.60945333531255
2142.600060081482,-69.60659038123187,-69.60659038123187
2142.610060081482,-69.60375846250955,-69.60375846250955
2142.620060081482,-69.6009575495143,-69.6009575495143
2142.630060081482,-69.59818761156808,-69.59818761156808
2142.640060081482,-69.59544861698853,-69.59544861698853
2142.650060081482,-69.5927405330916,-69.5927405330916
2142.660060081482,-69.59006332622914,-69.59006332622914
2142.670060081482,-69.58741696177756,-69.58741696177756
2142.6800600814818,-69.58480140418678,-69.58480140418678
2142.690060081482,-69.58221661696813,-69.58221661696813
2142.7000600814818,-69.57966256272404,-69.57966256272404
2142.710060081482,-69.57713920316657,-69.57713920316657
2142.7200600814817,-69.57464649911962,-69.57464649911962
2142.730060081482,-69.57218441054609,-69.57218441054609
2142.7400600814817,-69.56975289655924,-69.56975289655924
2142.750060081482,-69.56735191543166,-69.56735191543166
2142.760060081482,-69.56498142462993,-69.56498142462993
2142.770060081482,-69.56264138080677,-69.56264138080677
2142.780060081482,-69.56033173982361,-69.56033173982361
2142.790060081482,-69.55805245676534,-69.55805245676534
2142.800060081482,-69.5558034859612,-69.5558034859612
2142.810060081482,-69.55358478099579,-69.55358478099579
2142.820060081482,-69.55139629469501,-69.55139629469501
2142.830060081482,-69.54923797919601,-69.54923797919601
2142.840060081482,-69.54710978590818,-69.54710978590818
2142.850060105324,-69.5450116605633,-69.5450116605633
2142.860060105324,-69.54294356326716,-69.54294356326716
2142.870060105324,-69.54090543830567,-69.54090543830567
2142.880060105324,-69.5388972344049,-69.5388972344049
2142.8900601053238,-69.5369188996386,-69.5369188996386
2142.900060105324,-69.53497038144772,-69.53497038144772
2142.9100601053237,-69.53305162665707,-69.53305162665707
2142.920060105324,-69.53116258149099,-69.53116258149099
2142.9300601053237,-69.52930319156874,-69.52930319156874
2142.940060105324,-69.52747340193473,-69.52747340193473
2142.9500601053237,-69.5256731570622,-69.5256731570622
2142.960060105324,-69.52390240085508,-69.52390240085508
2142.9700601053237,-69.522161076681,-69.522161076681
2142.980060105324,-69.5204491273648,-69.5204491273648
2142.9900601053237,-69.51876649519997,-69.51876649519997
2143.000060105324,-69.51711312197907,-69.51711312197907
2143.0100601053236,-69.51548894897752,-69.51548894897752
2143.020060105324,-69.5138939169723,-69.5138939169723
2143.0300601053236,-69.51232796627482,-69.51232796627482
2143.040060105324,-69.5107910367003,-69.5107910367003
2143.0500601053236,-69.50928306761682,-69.50928306761682
2143.060060105324,-69.50780399793175,-69.50780399793175
2143.0700601053236,-69.50635376611021,-69.50635376611021
2143.080060105324,-69.50493231018173,-69.50493231018173
2143.0900601053236,-69.50353956774644,-69.50353956774644
2143.100060105324,-69.50217547599402,-69.50217547599402
2143.110060105324,-69.50083997171492,-69.50083997171492
2143.120060105324,-69.49953299128762,-69.49953299128762
2143.130060105324,-69.4982544707114,-69.4982544707114
2143.1400601053238,-69.49700434560779,-69.49700434560779
2143.150060105324,-69.49578255121345,-69.49578255121345
2143.1600601053237,-69.4945890224221,-69.4945890224221
2143.170060105324,-69.49342369375753,-69.49342369375753
2143.1800601053237,-69.4922864994118,-69.4922864994118
2143.190060105324,-69.49117737322618,-69.49117737322618
2143.2000601053237,-69.49009624871881,-69.49009624871881
2143.210060105324,-69.48904305909817,-69.48904305909817
2143.2200601053237,-69.48801773724131,-69.48801773724131
2143.230060105324,-69.48702021572991,-69.48702021572991
2143.2400601053237,-69.4860504268443,-69.4860504268443
2143.250060105324,-69.48510830257234,-69.48510830257234
2143.2600601053236,-69.48419377462987,-69.48419377462987
2143.270060105324,-69.48330677444442,-69.48330677444442
2143.2800601053236,-69.48244723318145,-69.48244723318145
2143.290060105324,-69.48161508174427,-69.48161508174427
2143.3000601053236,-69.48081025078535,-69.48081025078535
2143.310060105324,-69.48003267069598,-69.48003267069598
2143.3200601053236,-69.47928227164992,-69.47928227164992
2143.330060105324,-69.47855898356492,-69.47855898356492
2143.3400601053236,-69.47786273614668,-69.47786273614668
2143.350060105324,-69.47719345886499,-69.47719345886499
2143.360060105324,-69.4765510809954,-69.4765510809954
2143.370060105324,-69.47593553158553,-69.47593553158553
2143.380060105324,-69.47534673949166,-69.47534673949166
2143.3900601053238,-69.47478463337731,-69.47478463337731
2143.400060105324,-69.47424914169945,-69.47424914169945
2143.4100601053237,-69.47374019275567,-69.47374019275567
2143.420060105324,-69.47325771464386,-69.47325771464386
2143.4300601053237,-69.47280163530074,-69.47280163530074
2143.440060105324,-69.47237188249436,-69.47237188249436
2143.4500601053237,-69.47196838383489,-69.47196838383489
2143.460060105324,-69.47158501616283,-69.47158501616283
2143.4700601053237,-69.47121906084263,-69.47121906084263
2143.480060105324,-69.47086916220678,-69.47086916220678
2143.4900601053237,-69.47053459667526,-69.47053459667526
2143.500060105324,-69.47021499321983,-69.47021499321983
2143.5100601053236,-69.46991018781469,-69.46991018781469
2143.520060105324,-69.46962013795913,-69.46962013795913
2143.5300601053236,-69.46934487117551,-69.46934487117551
2143.540060105324,-69.46908445400632,-69.46908445400632
2143.5500601053236,-69.46883897341512,-69.46883897341512
2143.560060105324,-69.46860852565499,-69.46860852565499
2143.5700601053236,-69.46839320977593,-69.46839320977593
2143.580060105324,-69.46819312388381,-69.46819312388381
2143.5900601053236,-69.46800836312615,-69.46800836312615
2143.600060105324,-69.46783901871453,-69.46783901871453
2143.610060105324,-69.46768517751407,-69.46768517751407
2143.620060105324,-69.46754692205417,-69.46754692205417
2143.630060105324,-69.46742433068701,-69.46742433068701
2143.6400601053238,-69.4673174778719,-69.4673174778719
2143.650060105324,-69.46722643447768,-69.46722643447768
2143.6600601053237,-69.46715126811296,-69.46715126811296
2143.670060105324,-69.46709204343388,-69.46709204343388
2143.6800601053237,-69.46704882241909,-69.46704882241909
2143.690060105324,-69.46702166463518,-69.46702166463518
2143.7000601291656,-69.46701062742972,-69.46701062742972
2143.710060129166,-69.46700971579192,-69.46700971579192
2143.7200601291656,-69.46701633714197,-69.46701633714197
2143.730060129166,-69.46702926012814,-69.46702926012814
2143.7400601291656,-69.4670478838843,-69.4670478838843
2143.750060129166,-69.46707195866976,-69.46707195866976
2143.7600601291656,-69.46710144046261,-69.46710144046261
2143.770060129166,-69.46713640559044,-69.46713640559044
2143.7800601291656,-69.46717699933394,-69.46717699933394
2143.790060129166,-69.46722340499194,-69.46722340499194
2143.8000601291656,-69.46727582532243,-69.46727582532243
2143.810060129166,-69.46733447146002,-69.46733447146002
2143.8200601291655,-69.46739955645214,-69.46739955645214
2143.8300601291658,-69.46747129153528,-69.46747129153528
2143.8400601291655,-69.46754988414023,-69.46754988414023
2143.8500601291657,-69.46763553688675,-69.46763553688675
2143.8600601291655,-69.46772844722706,-69.46772844722706
2143.8700601291657,-69.46782880743608,-69.46782880743608
2143.8800601291655,-69.4679368047503,-69.4679368047503
2143.8900601291657,-69.46805262166983,-69.46805262166983
2143.9000601291655,-69.46817643625396,-69.46817643625396
2143.9100601291657,-69.46830842243163,-69.46830842243163
2143.9200601291654,-69.46844875033426,-69.46844875033426
2143.9300601291657,-69.46859758652492,-69.46859758652492
2143.9400601291654,-69.4687550942913,-69.4687550942913
2143.9500601291656,-69.4689214338237,-69.4689214338237
2143.960060129166,-69.46909676243916,-69.46909676243916
2143.9700601291656,-69.46928123472948,-69.46928123472948
2143.980060129166,-69.46947500268772,-69.46947500268772
2143.9900601291656,-69.46967821585629,-69.46967821585629
2144.000060129166,-69.46989102140222,-69.46989102140222
2144.0100601291656,-69.47011356421264,-69.47011356421264
2144.020060129166,-69.47034598695961,-69.47034598695961
2144.0300601291656,-69.47058843016077,-69.47058843016077
2144.040060129166,-69.47084103222366,-69.47084103222366
2144.0500601291656,-69.47110392950607,-69.47110392950607
2144.060060129166,-69.47137725630509,-69.47137725630509
2144.0700601291655,-69.47166114493146,-69.47166114493146
2144.0800601291658,-69.47195572570921,-69.47195572570921
2144.0900601291655,-69.47226112699023,-69.47226112699023
2144.1000601291657,-69.4725774751802,-69.4725774751802
2144.1100601291655,-69.47290489474476,-69.47290489474476
2144.1200601291657,-69.47324350820767,-69.47324350820767
2144.1300601291655,-69.47359343620245,-69.47359343620245
2144.1400601291657,-69.47395479741027,-69.47395479741027
2144.1500601291655,-69.47432770863334,-69.47432770863334
2144.1600601291657,-69.47471228475025,-69.47471228475025
2144.1700601291654,-69.4751086387608,-69.4751086387608
2144.1800601291657,-69.47551688174876,-69.47551688174876
2144.1900601291654,-69.47593712292775,-69.47593712292775
2144.2000601291656,-69.4763694696086,-69.4763694696086
2144.210060129166,-69.47681402724103,-69.47681402724103
2144.2200601291656,-69.47727089937834,-69.47727089937834
2144.230060129166,-69.47774018771393,-69.47774018771393
2144.2400601291656,-69.4782219920732,-69.4782219920732
2144.250060129166,-69.47871641041573,-69.47871641041573
2144.2600601291656,-69.47922353884796,-69.47922353884796
2144.270060129166,-69.47974347163175,-69.47974347163175
2144.2800601291656,-69.48027630118621,-69.48027630118621
2144.290060129166,-69.48082211809107,-69.48082211809107
2144.3000601291656,-69.48138101109821,-69.48138101109821
2144.310060129166,-69.4819530671532,-69.4819530671532
2144.3200601291655,-69.48253837138355,-69.48253837138355
2144.3300601291658,-69.48313700710774,-69.48313700710774
2144.3400601291655,-69.48374905586716,-69.48374905586716
2144.3500601291657,-69.4843745974108,-69.4843745974108
2144.3600601291655,-69.48501370973484,-69.48501370973484
2144.3700601291657,-69.48566646905621,-69.48566646905621
2144.3800601291655,-69.48633294986193,-69.48633294986193
2144.3900601291657,-69.48701322488623,-69.48701322488623
2144.4000601291655,-69.48770736515311,-69.48770736515311
2144.4100601291657,-69.4884154399704,-69.4884154399704
2144.4200601291654,-69.48913751694492,-69.48913751694492
2144.4300601291657,-69.48987366200012,-69.48987366200012
2144.4400601291654,-69.49062393939239,-69.49062393939239
2144.4500601291656,-69.49138841171496,-69.49138841171496
2144.460060129166,-69.49216713991663,-69.49216713991663
2144.4700601291656,-69.49296018332414,-69.49296018332414
2144.480060129166,-69.49376759963823,-69.49376759963823
2144.4900601291656,-69.4945894449704,-69.4945894449704
2144.500060129166,-69.4954257738403,-69.4954257738403
2144.5100601291656,-69.49627663919878,-69.49627663919878
2144.520060129166,-69.49714209244351,-69.49714209244351
2144.5300601291656,-69.49802218343866,-69.49802218343866
2144.540060129166,-69.49891696051377,-69.49891696051377
2144.5500601530075,-69.49982647267426,-69.49982647267426
2144.5600601530077,-69.50075076095756,-69.50075076095756
2144.5700601530075,-69.50168987135085,-69.50168987135085
2144.5800601530077,-69.50264384625564,-69.50264384625564
2144.5900601530075,-69.50361272663717,-69.50361272663717
2144.6000601530077,-69.50459655202422,-69.50459655202422
2144.6100601530075,-69.50559536054635,-69.50559536054635
2144.6200601530077,-69.50660918892665,-69.50660918892665
2144.6300601530074,-69.50763807252447,-69.50763807252447
2144.6400601530077,-69.50868204532104,-69.50868204532104
2144.6500601530074,-69.50974113996772,-69.50974113996772
2144.6600601530076,-69.51081538778202,-69.51081538778202
2144.6700601530074,-69.51190481877074,-69.51190481877074
2144.6800601530076,-69.51300946164031,-69.51300946164031
2144.6900601530074,-69.51412934382901,-69.51412934382901
2144.7000601530076,-69.51526449149476,-69.51526449149476
2144.7100601530074,-69.51640887433506,-69.51640887433506
2144.7200601530076,-69.51755986729161,-69.51755986729161
2144.7300601530073,-69.5187162073314,-69.5187162073314
2144.7400601530076,-69.51987726216043,-69.51987726216043
2144.7500601530073,-69.52104275068488,-69.52104275068488
2144.7600601530075,-69.52221259763573,-69.52221259763573
2144.7700601530073,-69.5233868481466,-69.5233868481466
2144.7800601530075,-69.5245656164339,-69.5245656164339
2144.7900601530073,-69.52574905484934,-69.52574905484934
2144.8000601530075,-69.52693733532202,-69.52693733532202
2144.8100601530077,-69.52813063829943,-69.52813063829943
2144.8200601530075,-69.52932914626984,-69.52932914626984
2144.8300601530077,-69.53053304003376,-69.53053304003376
2144.8400601530075,-69.53174249671339,-69.53174249671339
2144.8500601530077,-69.53295768875347,-69.53295768875347
2144.8600601530075,-69.53417878355248,-69.53417878355248
2144.8700601530077,-69.53540594343295,-69.53540594343295
2144.8800601530074,-69.53663932581729,-69.53663932581729
2144.8900601530077,-69.53787908350543,-69.53787908350543
2144.9000601530074,-69.53912536499553,-69.53912536499553
2144.9100601530076,-69.54037831477795,-69.54037831477795
2144.9200601530074,-69.54163807367533,-69.54163807367533
2144.9300601530076,-69.54290477910463,-69.54290477910463
2144.9400601530074,-69.54417856533281,-69.54417856533281
2144.9500601530076,-69.54545956371072,-69.54545956371072
2144.9600601530074,-69.54674790286633,-69.54674790286633
2144.9700601530076,-69.54804370888053,-69.54804370888053
2144.9800601530073,-69.5493471054327,-69.5493471054327
2144.9900601530076,-69.55065821392206,-69.55065821392206
2145.0000601530073,-69.55197715358658,-69.55197715358658
2145.0100601530075,-69.55330404158799,-69.55330404158799
2145.0200601530073,-69.5546389930944,-69.5546389930944
2145.0300601530075,-69.55598212134224,-69.55598212134224
2145.0400601530073,-69.55733353771065,-69.55733353771065
2145.0500601530075,-69.55869335174341,-69.55869335174341
2145.0600601530077,-69.56006167120971,-69.56006167120971
2145.0700601530075,-69.56143860212856,-69.56143860212856
2145.0800601530077,-69.56282424878907,-69.56282424878907
2145.0900601530075,-69.56421871381346,-69.56421871381346
2145.1000601530077,-69.56562209813492,-69.56562209813492
2145.1100601530075,-69.56703450103669,-69.56703450103669
2145.1200601530077,-69.5684560201597,-69.5684560201597
2145.1300601530074,-69.56988675154456,-69.56988675154456
2145.1400601530077,-69.57132678958206,-69.57132678958206
2145.1500601530074,-69.57277622709836,-69.57277622709836
2145.1600601530076,-69.57423515530537,-69.57423515530537
2145.1700601530074,-69.57570366385383,-69.57570366385383
2145.1800601530076,-69.5771818408049,-69.5771818408049
2145.1900601530074,-69.57866977264987,-69.57866977264987
2145.2000601530076,-69.58016754433555,-69.58016754433555
2145.2100601530074,-69.58167523924696,-69.58167523924696
2145.2200601530076,-69.58319293923616,-69.58319293923616
2145.2300601530073,-69.5847207246005,-69.5847207246005
2145.2400601530076,-69.58625867412461,-69.58625867412461
2145.2500601530073,-69.58780686505783,-69.58780686505783
2145.2600601530075,-69.58936537314356,-69.58936537314356
2145.2700601530073,-69.59093427260899,-69.59093427260899
2145.2800601530075,-69.5925136361832,-69.5925136361832
2145.2900601530073,-69.59410353510732,-69.59410353510732
2145.3000601530075,-69.59570403912494,-69.59570403912494
2145.3100601530077,-69.59731521651977,-69.59731521651977
2145.3200601530075,-69.59893713410142,-69.59893713410142
2145.3300601530077,-69.60056985721309,-69.60056985721309
2145.3400601530075,-69.60221344975311,-69.60221344975311
2145.3500601530077,-69.60386797418785,-69.60386797418785
2145.3600601530075,-69.60553349155114,-69.60553349155114
2145.3700601530077,-69.60721006144203,-69.60721006144203
2145.3800601530074,-69.60889774206491,-69.60889774206491
2145.3900601530077,-69.61059659022267,-69.61059659022267
2145.4000601768494,-69.61230666539618,-69.61230666539618
2145.4100601768496,-69.61402801350599,-69.61402801350599
2145.4200601768493,-69.61576069125206,-69.61576069125206
2145.4300601768496,-69.61750474994669,-69.61750474994669
2145.4400601768493,-69.61926023955755,-69.61926023955755
2145.4500601768495,-69.62102720871344,-69.62102720871344
2145.4600601768493,-69.62280570472863,-69.62280570472863
2145.4700601768495,-69.62459577361129,-69.62459577361129
2145.4800601768493,-69.62639746006558,-69.62639746006558
2145.4900601768495,-69.6282108075086,-69.6282108075086
2145.5000601768493,-69.63003585810206,-69.63003585810206
2145.5100601768495,-69.63187265273226,-69.63187265273226
2145.5200601768493,-69.63372123105391,-69.63372123105391
2145.5300601768495,-69.63558163146787,-69.63558163146787
2145.5400601768492,-69.6374538911731,-69.6374538911731
2145.5500601768495,-69.63933804614645,-69.63933804614645
2145.560060176849,-69.64123413118321,-69.64123413118321
2145.5700601768494,-69.64314217989188,-69.64314217989188
2145.580060176849,-69.64506222470193,-69.64506222470193
2145.5900601768494,-69.64699429690523,-69.64699429690523
2145.600060176849,-69.64893842663842,-69.64893842663842
2145.6100601768494,-69.65089464291222,-69.65089464291222
2145.620060176849,-69.65286297362422,-69.65286297362422
2145.6300601768494,-69.65484344556762,-69.65484344556762
2145.640060176849,-69.65683608444282,-69.65683608444282
2145.6500601768494,-69.65884091488606,-69.65884091488606
2145.6600601768496,-69.66085796044955,-69.66085796044955
2145.6700601768493,-69.66288724365727,-69.66288724365727
2145.6800601768496,-69.66492878598488,-69.66492878598488
2145.6900601768493,-69.6669826078849,-69.6669826078849
2145.7000601768495,-69.66904872879621,-69.66904872879621
2145.7100601768493,-69.67112716717668,-69.67112716717668
2145.7200601768495,-69.67321794048036,-69.67321794048036
2145.7300601768493,-69.67532106520616,-69.67532106520616
2145.7400601768495,-69.67743655688048,-69.67743655688048
2145.7500601768493,-69.67956443009359,-69.67956443009359
2145.7600601768495,-69.68170469849335,-69.68170469849335
2145.7700601768493,-69.68385737482646,-69.68385737482646
2145.7800601768495,-69.68602247090955,-69.68602247090955
2145.7900601768492,-69.68819999768182,-69.68819999768182
2145.8000601768495,-69.69038996518488,-69.69038996518488
2145.810060176849,-69.69259238260877,-69.69259238260877
2145.8200601768494,-69.69480725826274,-69.69480725826274
2145.830060176849,-69.69703459963308,-69.69703459963308
2145.8400601768494,-69.69927441336183,-69.69927441336183
2145.850060176849,-69.7015267052662,-69.7015267052662
2145.8600601768494,-69.70379148036275,-69.70379148036275
2145.870060176849,-69.70606874287125,-69.70606874287125
2145.8800601768494,-69.70835849621749,-69.70835849621749
2145.890060176849,-69.71066074305602,-69.71066074305602
2145.9000601768494,-69.7129754852825,-69.7129754852825
2145.9100601768496,-69.71530272403753,-69.71530272403753
2145.9200601768493,-69.7176424597246,-69.7176424597246
2145.9300601768496,-69.71999469202052,-69.71999469202052
2145.9400601768493,-69.72235941988502,-69.72235941988502
2145.9500601768495,-69.72473664156178,-69.72473664156178
2145.9600601768493,-69.72712635461079,-69.72712635461079
2145.9700601768495,-69.72952855589601,-69.72952855589601
2145.9800601768493,-69.73194324162787,-69.73194324162787
2145.9900601768495,-69.73437040733431,-69.73437040733431
2146.0000601768493,-69.73681004790042,-69.73681004790042
2146.0100601768495,-69.73926215756684,-69.73926215756684
2146.0200601768493,-69.74172672993555,-69.74172672993555
2146.0300601768495,-69.74420375799718,-69.74420375799718
2146.0400601768492,-69.746693234127,-69.746693234127
2146.0500601768495,-69.74919515009745,-69.74919515009745
2146.060060176849,-69.75170949708982,-69.75170949708982
2146.0700601768494,-69.75423626569896,-69.75423626569896
2146.080060176849,-69.75677544595717,-69.75677544595717
2146.0900601768494,-69.75932702731497,-69.75932702731497
2146.100060176849,-69.76189099869629,-69.76189099869629
2146.1100601768494,-69.76446734845238,-69.76446734845238
2146.120060176849,-69.76705606441706,-69.76705606441706
2146.1300601768494,-69.76965713389649,-69.76965713389649
2146.140060176849,-69.77227054366693,-69.77227054366693
2146.1500601768494,-69.77489628000986,-69.77489628000986
2146.1600601768496,-69.77753432870138,-69.77753432870138
2146.1700601768493,-69.78018467503108,-69.78018467503108
2146.1800601768496,-69.78284730379397,-69.78284730379397
2146.1900601768493,-69.78552219932578,-69.78552219932578
2146.2000601768495,-69.78820934547939,-69.78820934547939
2146.2100601768493,-69.79090264406317,-69.79090264406317
2146.2200601768495,-69.7935994160026,-69.7935994160026
2146.2300601768493,-69.79629834985809,-69.79629834985809
2146.2400601768495,-69.79899876764745,-69.79899876764745
2146.250060200691,-69.80170035082007,-69.80170035082007
2146.2600602006914,-69.80440296867552,-69.80440296867552
2146.270060200691,-69.80710663138164,-69.80710663138164
2146.2800602006914,-69.80981141279071,-69.80981141279071
2146.290060200691,-69.81251742588766,-69.81251742588766
2146.3000602006914,-69.81522480421343,-69.81522480421343
2146.310060200691,-69.81793369076978,-69.81793369076978
2146.3200602006914,-69.82064423151621,-69.82064423151621
2146.330060200691,-69.82335657165648,-69.82335657165648
2146.3400602006914,-69.82607085359854,-69.82607085359854
2146.350060200691,-69.82878721596197,-69.82878721596197
2146.3600602006914,-69.83150579316332,-69.83150579316332
2146.370060200691,-69.83422671539456,-69.83422671539456
2146.3800602006913,-69.83695010876514,-69.83695010876514
2146.390060200691,-69.83967609557378,-69.83967609557378
2146.4000602006913,-69.84240479460036,-69.84240479460036
2146.410060200691,-69.84513632139856,-69.84513632139856
2146.4200602006913,-69.84787078858838,-69.84787078858838
2146.430060200691,-69.85060830613185,-69.85060830613185
2146.4400602006913,-69.8533489815652,-69.8533489815652
2146.450060200691,-69.85609292021414,-69.85609292021414
2146.4600602006913,-69.85884022537208,-69.85884022537208
2146.470060200691,-69.86159099846431,-69.86159099846431
2146.4800602006912,-69.86434533917219,-69.86434533917219
2146.490060200691,-69.86710334556663,-69.86710334556663
2146.500060200691,-69.86986511418482,-69.86986511418482
2146.5100602006914,-69.8726307401131,-69.8726307401131
2146.520060200691,-69.87540031706027,-69.87540031706027
2146.5300602006914,-69.87817393741679,-69.87817393741679
2146.540060200691,-69.88095169230334,-69.88095169230334
2146.5500602006914,-69.88373367157728,-69.88373367157728
2146.560060200691,-69.886519963901,-69.886519963901
2146.5700602006914,-69.88931065675608,-69.88931065675608
2146.580060200691,-69.89210583643747,-69.89210583643747
2146.5900602006914,-69.89490558811104,-69.89490558811104
2146.600060200691,-69.89770999578131,-69.89770999578131
2146.6100602006914,-69.900519142346,-69.900519142346
2146.620060200691,-69.90333310955785,-69.90333310955785
2146.6300602006913,-69.90615197805559,-69.90615197805559
2146.640060200691,-69.90897582737153,-69.90897582737153
2146.6500602006913,-69.9118047359084,-69.9118047359084
2146.660060200691,-69.9146387809718,-69.9146387809718
2146.6700602006913,-69.91747803874438,-69.91747803874438
2146.680060200691,-69.92032258430325,-69.92032258430325
2146.6900602006913,-69.92317249160571,-69.92317249160571
2146.700060200691,-69.9260278335104,-69.9260278335104
2146.7100602006913,-69.92888868174104,-69.92888868174104
2146.720060200691,-69.93175510692791,-69.93175510692791
2146.7300602006912,-69.93462717856832,-69.93462717856832
2146.740060200691,-69.93750496506254,-69.93750496506254
2146.750060200691,-69.94038853368214,-69.94038853368214
2146.7600602006914,-69.94327795059195,-69.94327795059195
2146.770060200691,-69.94617328084104,-69.94617328084104
2146.7800602006914,-69.94907458836407,-69.94907458836407
2146.790060200691,-69.9519819359929,-69.9519819359929
2146.8000602006914,-69.95489538543151,-69.95489538543151
2146.810060200691,-69.9578149972832,-69.9578149972832
2146.8200602006914,-69.96074083104533,-69.96074083104533
2146.830060200691,-69.963672945113,-69.963672945113
2146.8400602006914,-69.9666113967758,-69.9666113967758
2146.850060200691,-69.96955624222988,-69.96955624222988
2146.8600602006914,-69.97250753656763,-69.97250753656763
2146.870060200691,-69.97546533379908,-69.97546533379908
2146.8800602006913,-69.97842968685094,-69.97842968685094
2146.890060200691,-69.98140064756119,-69.98140064756119
2146.9000602006913,-69.98437826670133,-69.98437826670133
2146.910060200691,-69.98736259395604,-69.98736259395604
2146.9200602006913,-69.99035367795341,-69.99035367795341
2146.930060200691,-69.99335156627382,-69.99335156627382
2146.9400602006913,-69.9963563054247,-69.9963563054247
2146.950060200691,-69.99936794087054,-69.99936794087054
2146.9600602006913,-70.00238651704814,-70.00238651704814
2146.970060200691,-70.00541207735532,-70.00541207735532
2146.9800602006912,-70.00844466415435,-70.00844466415435
2146.990060200691,-70.01148431879692,-70.01148431879692
2147.000060200691,-70.01453108162318,-70.01453108162318
2147.0100602006914,-70.01758499197608,-70.01758499197608
2147.020060200691,-70.02064608818807,-70.02064608818807
2147.0300602006914,-70.02371440762266,-70.02371440762266
2147.040060200691,-70.02678998665262,-70.02678998665262
2147.0500602006914,-70.02987286068246,-70.02987286068246
2147.060060200691,-70.03296306416381,-70.03296306416381
2147.0700602006914,-70.03606063057852,-70.03606063057852
2147.080060200691,-70.03916559248613,-70.03916559248613
2147.0900602006914,-70.04227798149437,-70.04227798149437
2147.100060224533,-70.04539783571919,-70.04539783571919
2147.1100602245333,-70.0485251701011,-70.0485251701011
2147.120060224533,-70.05166002089824,-70.05166002089824
2147.1300602245333,-70.05480241608716,-70.05480241608716
2147.140060224533,-70.05795238274247,-70.05795238274247
2147.1500602245333,-70.0611099470631,-70.0611099470631
2147.160060224533,-70.06427513438321,-70.06427513438321
2147.1700602245332,-70.06744796915719,-70.06744796915719
2147.180060224533,-70.07062847501922,-70.07062847501922
2147.190060224533,-70.07381667474186,-70.07381667474186
2147.200060224533,-70.07701259027577,-70.07701259027577
2147.210060224533,-70.08021624274014,-70.08021624274014
2147.220060224533,-70.08342765245386,-70.08342765245386
2147.230060224533,-70.08664683892279,-70.08664683892279
2147.240060224533,-70.08987382087513,-70.08987382087513
2147.250060224533,-70.09310861624282,-70.09310861624282
2147.260060224533,-70.09635124218349,-70.09635124218349
2147.270060224533,-70.09960171510245,-70.09960171510245
2147.280060224533,-70.10286005064249,-70.10286005064249
2147.290060224533,-70.10612626371318,-70.10612626371318
2147.300060224533,-70.10940036847393,-70.10940036847393
2147.310060224533,-70.11268237837649,-70.11268237837649
2147.320060224533,-70.1159723061324,-70.1159723061324
2147.330060224533,-70.1192701637742,-70.1192701637742
2147.340060224533,-70.12257596262256,-70.12257596262256
2147.350060224533,-70.12588971331442,-70.12588971331442
2147.3600602245333,-70.12921142580727,-70.12921142580727
2147.370060224533,-70.13254110938996,-70.13254110938996
2147.3800602245333,-70.13587877269711,-70.13587877269711
2147.390060224533,-70.13922442370158,-70.13922442370158
2147.4000602245333,-70.14257806974425,-70.14257806974425
2147.410060224533,-70.14593971753949,-70.14593971753949
2147.4200602245332,-70.14930937316157,-70.14930937316157
2147.430060224533,-70.15268704207921,-70.15268704207921
2147.440060224533,-70.15607272916527,-70.15607272916527
2147.450060224533,-70.15946643867291,-70.15946643867291
2147.460060224533,-70.16286817428723,-70.16286817428723
2147.470060224533,-70.16627793911168,-70.16627793911168
2147.480060224533,-70.16969573566477,-70.16969573566477
2147.490060224533,-70.17312156592317,-70.17312156592317
2147.500060224533,-70.17655543129693,-70.17655543129693
2147.510060224533,-70.1799973326546,-70.1799973326546
2147.520060224533,-70.18344727032371,-70.18344727032371
2147.530060224533,-70.1869052441011,-70.1869052441011
2147.540060224533,-70.19037125326707,-70.19037125326707
2147.550060224533,-70.19384529659477,-70.19384529659477
2147.560060224533,-70.19732737233768,-70.19732737233768
2147.570060224533,-70.2008174782633,-70.2008174782633
2147.580060224533,-70.20431561165239,-70.20431561165239
2147.590060224533,-70.2078217692906,-70.2078217692906
2147.600060224533,-70.21133594750397,-70.21133594750397
2147.6100602245333,-70.21485814214437,-70.21485814214437
2147.620060224533,-70.21838834860752,-70.21838834860752
2147.6300602245333,-70.22192656183296,-70.22192656183296
2147.640060224533,-70.22547277632458,-70.22547277632458
2147.6500602245333,-70.22902698614234,-70.22902698614234
2147.660060224533,-70.23258918491456,-70.23258918491456
2147.6700602245332,-70.2361593658546,-70.2361593658546
2147.680060224533,-70.2397375217515,-70.2397375217515
2147.690060224533,-70.2433236449919,-70.2433236449919
2147.700060224533,-70.24691772755969,-70.24691772755969
2147.710060224533,-70.25051976104015,-70.25051976104015
2147.720060224533,-70.25412973663276,-70.25412973663276
2147.730060224533,-70.25774764515599,-70.25774764515599
2147.740060224533,-70.2613734770457,-70.2613734770457
2147.750060224533,-70.26500722237019,-70.26500722237019
2147.760060224533,-70.2686488708505,-70.2686488708505
2147.770060224533,-70.27229841182425,-70.27229841182425
2147.780060224533,-70.27595583430235,-70.27595583430235
2147.790060224533,-70.27962112694202,-70.27962112694202
2147.800060224533,-70.2832942780557,-70.2832942780557
2147.810060224533,-70.28697527563642,-70.28697527563642
2147.820060224533,-70.29066410734151,-70.29066410734151
2147.830060224533,-70.29436076051384,-70.29436076051384
2147.840060224533,-70.298065222179,-70.298065222179
2147.850060224533,-70.30177747904912,-70.30177747904912
2147.8600602245333,-70.30549751754258,-70.30549751754258
2147.870060224533,-70.30922532376688,-70.30922532376688
2147.8800602245333,-70.31296088354992,-70.31296088354992
2147.890060224533,-70.31670418242062,-70.31670418242062
2147.9000602245333,-70.32045520562849,-70.32045520562849
2147.910060224533,-70.32421393815596,-70.32421393815596
2147.9200602245332,-70.32798036470568,-70.32798036470568
2147.930060224533,-70.33175446971232,-70.33175446971232
2147.940060224533,-70.33553623735384,-70.33553623735384
2147.950060248375,-70.33932566057777,-70.33932566057777
2147.960060248375,-70.34312270502683,-70.34312270502683
2147.970060248375,-70.34692736311482,-70.34692736311482
2147.980060248375,-70.3507396180242,-70.3507396180242
2147.990060248375,-70.35455945269138,-70.35455945269138
2148.000060248375,-70.3583868498225,-70.3583868498225
2148.010060248375,-70.36222179191205,-70.36222179191205
2148.020060248375,-70.36606426120532,-70.36606426120532
2148.030060248375,-70.36991423975061,-70.36991423975061
2148.040060248375,-70.37377170936098,-70.37377170936098
2148.050060248375,-70.37763665165366,-70.37763665165366
2148.060060248375,-70.38150904803074,-70.38150904803074
2148.070060248375,-70.38538887969663,-70.38538887969663
2148.080060248375,-70.38927612765703,-70.38927612765703
2148.090060248375,-70.39317077272322,-70.39317077272322
2148.100060248375,-70.39707279551449,-70.39707279551449
2148.110060248375,-70.40098217646633,-70.40098217646633
2148.120060248375,-70.4048988958378,-70.4048988958378
2148.130060248375,-70.40882293369594,-70.40882293369594
2148.140060248375,-70.41275426994477,-70.41275426994477
2148.1500602483748,-70.41669288431564,-70.41669288431564
2148.160060248375,-70.42063875637348,-70.42063875637348
2148.1700602483747,-70.4245918655148,-70.4245918655148
2148.180060248375,-70.42855219097297,-70.42855219097297
2148.1900602483747,-70.43251971184276,-70.43251971184276
2148.200060248375,-70.43649440704779,-70.43649440704779
2148.210060248375,-70.44047625536464,-70.44047625536464
2148.220060248375,-70.44446523543314,-70.44446523543314
2148.230060248375,-70.44846132574713,-70.44846132574713
2148.240060248375,-70.45246450466121,-70.45246450466121
2148.250060248375,-70.45647475038376,-70.45647475038376
2148.260060248375,-70.46049204100498,-70.46049204100498
2148.270060248375,-70.4645163544759,-70.4645163544759
2148.280060248375,-70.46854766861966,-70.46854766861966
2148.290060248375,-70.47258596114492,-70.47258596114492
2148.300060248375,-70.47663120963546,-70.47663120963546
2148.310060248375,-70.48068339155304,-70.48068339155304
2148.320060248375,-70.48474248425391,-70.48474248425391
2148.330060248375,-70.48880846495989,-70.48880846495989
2148.340060248375,-70.49288131081018,-70.49288131081018
2148.350060248375,-70.49696099882739,-70.49696099882739
2148.360060248375,-70.50104750592878,-70.50104750592878
2148.370060248375,-70.50514080893208,-70.50514080893208
2148.380060248375,-70.50924088455616,-70.50924088455616
2148.390060248375,-70.51334770941868,-70.51334770941868
2148.4000602483748,-70.51746126005807,-70.51746126005807
2148.410060248375,-70.52158151291027,-70.52158151291027
2148.4200602483747,-70.52570844433123,-70.52570844433123
2148.430060248375,-70.52984203058415,-70.52984203058415
2148.4400602483747,-70.53398224785535,-70.53398224785535
2148.450060248375,-70.53812907224146,-70.53812907224146
2148.460060248375,-70.54228247977093,-70.54228247977093
2148.470060248375,-70.54644244639347,-70.54644244639347
2148.480060248375,-70.55060894797242,-70.55060894797242
2148.490060248375,-70.55478196032932,-70.55478196032932
2148.500060248375,-70.55896145918003,-70.55896145918003
2148.510060248375,-70.56314742019515,-70.56314742019515
2148.520060248375,-70.56733981898228,-70.56733981898228
2148.530060248375,-70.5715386310753,-70.5715386310753
2148.540060248375,-70.57574383195937,-70.57574383195937
2148.550060248375,-70.5799553970483,-70.5799553970483
2148.560060248375,-70.58417330169837,-70.58417330169837
2148.570060248375,-70.58839752122262,-70.58839752122262
2148.580060248375,-70.59262803087832,-70.59262803087832
2148.590060248375,-70.59686480586569,-70.59686480586569
2148.600060248375,-70.60110782134991,-70.60110782134991
2148.610060248375,-70.60535705243137,-70.60535705243137
2148.620060248375,-70.60961247417852,-70.60961247417852
2148.630060248375,-70.61387406160311,-70.61387406160311
2148.640060248375,-70.61814178969175,-70.61814178969175
2148.6500602483748,-70.62241563337724,-70.62241563337724
2148.660060248375,-70.6266955675727,-70.6266955675727
2148.6700602483747,-70.63098156713053,-70.63098156713053
2148.680060248375,-70.63527360688373,-70.63527360688373
2148.6900602483747,-70.63957166162915,-70.63957166162915
2148.700060248375,-70.64387570613796,-70.64387570613796
2148.710060248375,-70.64818571514242,-70.64818571514242
2148.720060248375,-70.65250166335686,-70.65250166335686
2148.730060248375,-70.65682352544698,-70.65682352544698
2148.740060248375,-70.6611512760844,-70.6611512760844
2148.750060248375,-70.66548488989524,-70.66548488989524
2148.760060248375,-70.66982434149672,-70.66982434149672
2148.770060248375,-70.67416960546414,-70.67416960546414
2148.780060248375,-70.67852065638267,-70.67852065638267
2148.790060248375,-70.682877468803,-70.682877468803
2148.800060272217,-70.68724002765506,-70.68724002765506
2148.810060272217,-70.69160828670076,-70.69160828670076
2148.820060272217,-70.6959822308047,-70.6959822308047
2148.830060272217,-70.70036183447472,-70.70036183447472
2148.8400602722168,-70.70474707219077,-70.70474707219077
2148.850060272217,-70.70913791842769,-70.70913791842769
2148.8600602722167,-70.71353434765628,-70.71353434765628
2148.870060272217,-70.71793633434018,-70.71793633434018
2148.8800602722167,-70.72234385293284,-70.72234385293284
2148.890060272217,-70.72675687787975,-70.72675687787975
2148.9000602722167,-70.73117538362708,-70.73117538362708
2148.910060272217,-70.73559934462203,-70.73559934462203
2148.9200602722167,-70.74002873530517,-70.74002873530517
2148.930060272217,-70.74446353012509,-70.74446353012509
2148.9400602722167,-70.7489037035179,-70.7489037035179
2148.950060272217,-70.75334922992523,-70.75334922992523
2148.9600602722167,-70.75780008380866,-70.75780008380866
2148.970060272217,-70.76225623960617,-70.76225623960617
2148.9800602722166,-70.76671767177925,-70.76671767177925
2148.990060272217,-70.77118435480119,-70.77118435480119
2149.0000602722166,-70.77565626314627,-70.77565626314627
2149.010060272217,-70.78013337128662,-70.78013337128662
2149.0200602722166,-70.78461565371246,-70.78461565371246
2149.030060272217,-70.78910308492507,-70.78910308492507
2149.0400602722166,-70.79359563944175,-70.79359563944175
2149.050060272217,-70.7980932917831,-70.7980932917831
2149.060060272217,-70.80259601648007,-70.80259601648007
2149.070060272217,-70.80710378809358,-70.80710378809358
2149.080060272217,-70.81161658118286,-70.81161658118286
2149.0900602722168,-70.81613437033265,-70.81613437033265
2149.100060272217,-70.82065713014478,-70.82065713014478
2149.1100602722167,-70.82518483522598,-70.82518483522598
2149.120060272217,-70.82971746021256,-70.82971746021256
2149.1300602722167,-70.83425497975988,-70.83425497975988
2149.140060272217,-70.8387973685429,-70.8387973685429
2149.1500602722167,-70.84334460126269,-70.84334460126269
2149.160060272217,-70.84789665262228,-70.84789665262228
2149.1700602722167,-70.8524534973643,-70.8524534973643
2149.180060272217,-70.85701511025187,-70.85701511025187
2149.1900602722167,-70.86158146606518,-70.86158146606518
2149.200060272217,-70.86615253961617,-70.86615253961617
2149.2100602722167,-70.8707283057384,-70.8707283057384
2149.220060272217,-70.87530873929259,-70.87530873929259
2149.2300602722166,-70.87989381517163,-70.87989381517163
2149.240060272217,-70.88448350828584,-70.88448350828584
2149.2500602722166,-70.88907779357636,-70.88907779357636
2149.260060272217,-70.89367664601282,-70.89367664601282
2149.2700602722166,-70.89828004060062,-70.89828004060062
2149.280060272217,-70.90288795236285,-70.90288795236285
2149.2900602722166,-70.90750035636448,-70.90750035636448
2149.300060272217,-70.91211722769683,-70.91211722769683
2149.310060272217,-70.91673854148341,-70.91673854148341
2149.320060272217,-70.92136427287842,-70.92136427287842
2149.330060272217,-70.92599439707499,-70.92599439707499
2149.3400602722168,-70.93062888929279,-70.93062888929279
2149.350060272217,-70.93526772478323,-70.93526772478323
2149.3600602722167,-70.9399108788467,-70.9399108788467
2149.370060272217,-70.94455832679745,-70.94455832679745
2149.3800602722167,-70.94921004400743,-70.94921004400743
2149.390060272217,-70.9538660058764,-70.9538660058764
2149.4000602722167,-70.95852618782764,-70.95852618782764
2149.410060272217,-70.963190565343,-70.963190565343
2149.4200602722167,-70.96785911392594,-70.96785911392594
2149.430060272217,-70.97253180912801,-70.97253180912801
2149.4400602722167,-70.97720862652903,-70.97720862652903
2149.450060272217,-70.98188954176295,-70.98188954176295
2149.4600602722167,-70.98657453048685,-70.98657453048685
2149.470060272217,-70.99126356840807,-70.99126356840807
2149.4800602722166,-70.99595663127967,-70.99595663127967
2149.490060272217,-71.00065369487433,-71.00065369487433
2149.5000602722166,-71.00535473503135,-71.00535473503135
2149.510060272217,-71.01005972761004,-71.01005972761004
2149.5200602722166,-71.01476864853187,-71.01476864853187
2149.530060272217,-71.01948147373696,-71.01948147373696
2149.5400602722166,-71.02419817924,-71.02419817924
2149.550060272217,-71.02891874106405,-71.02891874106405
2149.560060272217,-71.03364313530109,-71.03364313530109
2149.570060272217,-71.03837133808028,-71.03837133808028
2149.580060272217,-71.04310332557282,-71.04310332557282
2149.5900602722168,-71.04783907399633,-71.04783907399633
2149.600060272217,-71.05257855961653,-71.05257855961653
2149.6100602722167,-71.05732175873297,-71.05732175873297
2149.620060272217,-71.06206864769958,-71.06206864769958
2149.6300602722167,-71.06681920292141,-71.06681920292141
2149.640060272217,-71.0715734008438,-71.0715734008438
2149.6500602960587,-71.07633122928934,-71.07633122928934
2149.660060296059,-71.08109264215999,-71.08109264215999
2149.6700602960586,-71.0858576273409,-71.0858576273409
2149.680060296059,-71.0906261614759,-71.0906261614759
2149.6900602960586,-71.09539822124697,-71.09539822124697
2149.700060296059,-71.1001737833895,-71.1001737833895
2149.7100602960586,-71.10495282467907,-71.10495282467907
2149.720060296059,-71.10973532194086,-71.10973532194086
2149.7300602960586,-71.11452125206294,-71.11452125206294
2149.740060296059,-71.11931059196606,-71.11931059196606
2149.7500602960586,-71.12410331863202,-71.12410331863202
2149.760060296059,-71.12889940908272,-71.12889940908272
2149.7700602960585,-71.1336988403941,-71.1336988403941
2149.7800602960588,-71.13850158969646,-71.13850158969646
2149.7900602960585,-71.14330763416409,-71.14330763416409
2149.8000602960587,-71.14811695103305,-71.14811695103305
2149.8100602960585,-71.15292951756982,-71.15292951756982
2149.8200602960587,-71.15774531111468,-71.15774531111468
2149.8300602960585,-71.1625643090488,-71.1625643090488
2149.8400602960587,-71.16738648880118,-71.16738648880118
2149.8500602960585,-71.1722118278614,-71.1722118278614
2149.8600602960587,-71.17704030376233,-71.17704030376233
2149.8700602960585,-71.18187189409993,-71.18187189409993
2149.8800602960587,-71.18670657650867,-71.18670657650867
2149.8900602960584,-71.19154432868432,-71.19154432868432
2149.9000602960587,-71.19638512838397,-71.19638512838397
2149.910060296059,-71.20122895339281,-71.20122895339281
2149.9200602960586,-71.20607578156911,-71.20607578156911
2149.930060296059,-71.21092559082712,-71.21092559082712
2149.9400602960586,-71.21577835912255,-71.21577835912255
2149.950060296059,-71.22063406446823,-71.22063406446823
2149.9600602960586,-71.22549268493424,-71.22549268493424
2149.970060296059,-71.23035419863535,-71.23035419863535
2149.9800602960586,-71.23521858375275,-71.23521858375275
2149.990060296059,-71.24008581851642,-71.24008581851642
2150.0000602960586,-71.2449558812034,-71.2449558812034
2150.010060296059,-71.24982875015786,-71.24982875015786
2150.0200602960585,-71.25470440377133,-71.25470440377133
2150.0300602960588,-71.25958282048516,-71.25958282048516
2150.0400602960585,-71.26446397881337,-71.26446397881337
2150.0500602960587,-71.26934785730012,-71.26934785730012
2150.0600602960585,-71.27423443456767,-71.27423443456767
2150.0700602960587,-71.27912368928182,-71.27912368928182
2150.0800602960585,-71.28401560015658,-71.28401560015658
2150.0900602960587,-71.28891014598409,-71.28891014598409
2150.1000602960585,-71.29380730558324,-71.29380730558324
2150.1100602960587,-71.2987070578507,-71.2987070578507
2150.1200602960585,-71.30360938172547,-71.30360938172547
2150.1300602960587,-71.30851425621356,-71.30851425621356
2150.1400602960584,-71.31342166036706,-71.31342166036706
2150.1500602960587,-71.31833157329731,-71.31833157329731
2150.160060296059,-71.32324397417659,-71.32324397417659
2150.1700602960586,-71.32815884221908,-71.32815884221908
2150.180060296059,-71.33307615671859,-71.33307615671859
2150.1900602960586,-71.33799589699834,-71.33799589699834
2150.200060296059,-71.3429180424475,-71.3429180424475
2150.2100602960586,-71.34784257252855,-71.34784257252855
2150.220060296059,-71.35276946673704,-71.35276946673704
2150.2300602960586,-71.35769870463456,-71.35769870463456
2150.240060296059,-71.36263026584221,-71.36263026584221
2150.2500602960586,-71.36756413003123,-71.36756413003123
2150.260060296059,-71.37250027693382,-71.37250027693382
2150.2700602960585,-71.3774386863306,-71.3774386863306
2150.2800602960588,-71.38237933807642,-71.38237933807642
2150.2900602960585,-71.3873222120613,-71.3873222120613
2150.3000602960587,-71.39226728824443,-71.39226728824443
2150.3100602960585,-71.3972145466428,-71.3972145466428
2150.3200602960587,-71.4021639673229,-71.4021639673229
2150.3300602960585,-71.40711553041662,-71.40711553041662
2150.3400602960587,-71.41206921610691,-71.41206921610691
2150.3500602960585,-71.41702500463037,-71.41702500463037
2150.3600602960587,-71.42198287628804,-71.42198287628804
2150.3700602960585,-71.42694281143199,-71.42694281143199
2150.3800602960587,-71.43190479047955,-71.43190479047955
2150.3900602960584,-71.43686879389215,-71.43686879389215
2150.4000602960587,-71.44183480219651,-71.44183480219651
2150.410060296059,-71.44680279597817,-71.44680279597817
2150.4200602960586,-71.45177275587046,-71.45177275587046
2150.430060296059,-71.45674466258198,-71.45674466258198
2150.4400602960586,-71.46171849684993,-71.46171849684993
2150.450060296059,-71.46669423949771,-71.46669423949771
2150.4600602960586,-71.47167187138098,-71.47167187138098
2150.470060296059,-71.47665137342459,-71.47665137342459
2150.4800602960586,-71.48163272661692,-71.48163272661692
2150.490060296059,-71.48661591198453,-71.48661591198453
2150.5000603199005,-71.491600922508,-71.491600922508
2150.5100603199007,-71.49658771560357,-71.49658771560357
2150.5200603199005,-71.50157628432771,-71.50157628432771
2150.5300603199007,-71.50656660995477,-71.50656660995477
2150.5400603199005,-71.51155867380346,-71.51155867380346
2150.5500603199007,-71.516552457251,-71.516552457251
2150.5600603199005,-71.52154794174245,-71.52154794174245
2150.5700603199007,-71.52654510875819,-71.52654510875819
2150.5800603199004,-71.53154393985999,-71.53154393985999
2150.5900603199007,-71.53654441664023,-71.53654441664023
2150.6000603199004,-71.54154652076791,-71.54154652076791
2150.6100603199006,-71.54655023396748,-71.54655023396748
2150.6200603199004,-71.55155553800456,-71.55155553800456
2150.6300603199006,-71.55656241472235,-71.55656241472235
2150.6400603199004,-71.56157084600969,-71.56157084600969
2150.6500603199006,-71.56658081379844,-71.56658081379844
2150.6600603199004,-71.57159230010761,-71.57159230010761
2150.6700603199006,-71.57660528698182,-71.57660528698182
2150.6800603199003,-71.58161975655275,-71.58161975655275
2150.6900603199006,-71.58663569097719,-71.58663569097719
2150.7000603199003,-71.59165307248432,-71.59165307248432
2150.7100603199005,-71.59667188336503,-71.59667188336503
2150.7200603199003,-71.60169210595718,-71.60169210595718
2150.7300603199005,-71.6067137226476,-71.6067137226476
2150.7400603199003,-71.6117367159047,-71.6117367159047
2150.7500603199005,-71.6167610682267,-71.6167610682267
2150.7600603199007,-71.6217867621826,-71.6217867621826
2150.7700603199005,-71.62681378039801,-71.62681378039801
2150.7800603199007,-71.63184210553946,-71.63184210553946
2150.7900603199005,-71.63687172034668,-71.63687172034668
2150.8000603199007,-71.6419026076048,-71.6419026076048
2150.8100603199005,-71.6469347501617,-71.6469347501617
2150.8200603199007,-71.65196813091585,-71.65196813091585
2150.8300603199004,-71.6569940035804,-71.6569940035804
2150.8400603199007,-71.66200221276934,-71.66200221276934
2150.8500603199004,-71.66698397068848,-71.66698397068848
2150.8600603199006,-71.67193210969454,-71.67193210969454
2150.8700603199004,-71.67684074874589,-71.67684074874589
2150.8800603199006,-71.68170496674563,-71.68170496674563
2150.8900603199004,-71.68652057803537,-71.68652057803537
2150.9000603199006,-71.69128398822114,-71.69128398822114
2150.9100603199004,-71.69599209892043,-71.69599209892043
2150.9200603199006,-71.70064224004246,-71.70064224004246
2150.9300603199003,-71.70523211763658,-71.70523211763658
2150.9400603199006,-71.7097597710346,-71.7097597710346
2150.9500603199003,-71.71422353616529,-71.71422353616529
2150.9600603199005,-71.71861575417373,-71.71861575417373
2150.9700603199003,-71.72293251474348,-71.72293251474348
2150.9800603199005,-71.7271715233751,-71.7271715233751
2150.9900603199003,-71.73133132462053,-71.73133132462053
2151.0000603199005,-71.73541099401226,-71.73541099401226
2151.0100603199007,-71.73940997061023,-71.73940997061023
2151.0200603199005,-71.74332795342177,-71.74332795342177
2151.0300603199007,-71.74716483453604,-71.74716483453604
2151.0400603199005,-71.75092065485035,-71.75092065485035
2151.0500603199007,-71.75459557379216,-71.75459557379216
2151.0600603199005,-71.75818984798207,-71.75818984798207
2151.0700603199007,-71.7617038156484,-71.7617038156484
2151.0800603199004,-71.76513788481901,-71.76513788481901
2151.0900603199007,-71.7684925240956,-71.7684925240956
2151.1000603199004,-71.77176825521568,-71.77176825521568
2151.1100603199006,-71.77496564692443,-71.77496564692443
2151.1200603199004,-71.77808530974988,-71.77808530974988
2151.1300603199006,-71.78112789151656,-71.78112789151656
2151.1400603199004,-71.78409407342917,-71.78409407342917
2151.1500603199006,-71.78698456659271,-71.78698456659271
2151.1600603199004,-71.78980010889049,-71.78980010889049
2151.1700603199006,-71.79254146219846,-71.79254146219846
2151.1800603199003,-71.79520940984227,-71.79520940984227
2151.1900603199006,-71.79780475428048,-71.79780475428048
2151.2000603199003,-71.80032831499564,-71.80032831499564
2151.2100603199005,-71.80278092656523,-71.80278092656523
2151.2200603199003,-71.80516343688763,-71.80516343688763
2151.2300603199005,-71.80747670554486,-71.80747670554486
2151.2400603199003,-71.80972160229065,-71.80972160229065
2151.2500603199005,-71.81189900567455,-71.81189900567455
2151.2600603199007,-71.81400980175978,-71.81400980175978
2151.2700603199005,-71.81605488291473,-71.81605488291473
2151.2800603199007,-71.81803514672477,-71.81803514672477
2151.2900603199005,-71.81995149499134,-71.81995149499134
2151.3000603199007,-71.82180483275464,-71.82180483275464
2151.3100603199005,-71.82359606744718,-71.82359606744718
2151.3200603199007,-71.8253261080646,-71.8253261080646
2151.3300603199004,-71.82699586442119,-71.82699586442119
2151.3400603199007,-71.82860624643855,-71.82860624643855
2151.3500603437424,-71.83015816718896,-71.83015816718896
2151.3600603437426,-71.83165252738651,-71.83165252738651
2151.3700603437424,-71.83309023740838,-71.83309023740838
2151.3800603437426,-71.83447220154581,-71.83447220154581
2151.3900603437423,-71.83579932140594,-71.83579932140594
2151.4000603437426,-71.83707249539803,-71.83707249539803
2151.4100603437423,-71.8382926183651,-71.8382926183651
2151.4200603437425,-71.83946058117985,-71.83946058117985
2151.4300603437423,-71.84057727036007,-71.84057727036007
2151.4400603437425,-71.84164356776905,-71.84164356776905
2151.4500603437423,-71.84266035028404,-71.84266035028404
2151.4600603437425,-71.84362848951623,-71.84362848951623
2151.4700603437423,-71.84454885154268,-71.84454885154268
2151.4800603437425,-71.84542229664986,-71.84542229664986
2151.4900603437422,-71.84624967912876,-71.84624967912876
2151.5000603437425,-71.84703184703726,-71.84703184703726
2151.510060343742,-71.84776964204335,-71.84776964204335
2151.5200603437424,-71.84846389921077,-71.84846389921077
2151.530060343742,-71.8491154468585,-71.8491154468585
2151.5400603437424,-71.84972510640792,-71.84972510640792
2151.550060343742,-71.85029369224455,-71.85029369224455
2151.5600603437424,-71.85082201159386,-71.85082201159386
2151.570060343742,-71.85131086441895,-71.85131086441895
2151.5800603437424,-71.85176104330833,-71.85176104330833
2151.590060343742,-71.85217333339737,-71.85217333339737
2151.6000603437424,-71.85254851226834,-71.85254851226834
2151.6100603437426,-71.85288734990692,-71.85288734990692
2151.6200603437424,-71.85319060861573,-71.85319060861573
2151.6300603437426,-71.85345904296621,-71.85345904296621
2151.6400603437423,-71.85369339975955,-71.85369339975955
2151.6500603437426,-71.85389441798009,-71.85389441798009
2151.6600603437423,-71.85406282876181,-71.85406282876181
2151.6700603437425,-71.85419935535661,-71.85419935535661
2151.6800603437423,-71.85430471313965,-71.85430471313965
2151.6900603437425,-71.85437960956133,-71.85437960956133
2151.7000603437423,-71.85442474416054,-71.85442474416054
2151.7100603437425,-71.85443454050889,-71.85443454050889
2151.7200603437423,-71.85440693384194,-71.85440693384194
2151.7300603437425,-71.85434126094763,-71.85434126094763
2151.7400603437422,-71.85423750450057,-71.85423750450057
2151.7500603437425,-71.85409600415854,-71.85409600415854
2151.760060343742,-71.85391730635008,-71.85391730635008
2151.7700603437424,-71.8537020760738,-71.8537020760738
2151.780060343742,-71.85345104385338,-71.85345104385338
2151.7900603437424,-71.853164973832,-71.853164973832
2151.800060343742,-71.85284464455734,-71.85284464455734
2151.8100603437424,-71.85249083756047,-71.85249083756047
2151.820060343742,-71.85210433063206,-71.85210433063206
2151.8300603437424,-71.85168589393369,-71.85168589393369
2151.840060343742,-71.85123628793458,-71.85123628793458
2151.8500603437424,-71.85075626233827,-71.85075626233827
2151.8600603437426,-71.85024655567967,-71.85024655567967
2151.8700603437424,-71.84970789530361,-71.84970789530361
2151.8800603437426,-71.84914099748953,-71.84914099748953
2151.8900603437423,-71.84854656779395,-71.84854656779395
2151.9000603437426,-71.84792530130981,-71.84792530130981
2151.9100603437423,-71.84727788304059,-71.84727788304059
2151.9200603437425,-71.8466049882027,-71.8466049882027
2151.9300603437423,-71.84590728255047,-71.84590728255047
2151.9400603437425,-71.84518542263719,-71.84518542263719
2151.9500603437423,-71.84444005607565,-71.84444005607565
2151.9600603437425,-71.84367182176193,-71.84367182176193
2151.9700603437423,-71.84288135006868,-71.84288135006868
2151.9800603437425,-71.84206926305065,-71.84206926305065
2151.9900603437422,-71.84123617458229,-71.84123617458229
2152.0000603437425,-71.84038269050974,-71.84038269050974
2152.010060343742,-71.83950940878556,-71.83950940878556
2152.0200603437424,-71.8386169195785,-71.8386169195785
2152.030060343742,-71.83770580538787,-71.83770580538787
2152.0400603437424,-71.83677664113972,-71.83677664113972
2152.050060343742,-71.83582999426683,-71.83582999426683
2152.0600603437424,-71.83486642480109,-71.83486642480109
2152.070060343742,-71.83388648546149,-71.83388648546149
2152.0800603437424,-71.8328907217127,-71.8328907217127
2152.090060343742,-71.83187967184328,-71.83187967184328
2152.1000603437424,-71.83085386701867,-71.83085386701867
2152.1100603437426,-71.82981383137488,-71.82981383137488
2152.1200603437424,-71.8287600820618,-71.8287600820618
2152.1300603437426,-71.82769312930628,-71.82769312930628
2152.1400603437423,-71.82661347648018,-71.82661347648018
2152.1500603437426,-71.82552162014142,-71.82552162014142
2152.1600603437423,-71.82441805012247,-71.82441805012247
2152.1700603437425,-71.82330324956271,-71.82330324956271
2152.1800603437423,-71.82208858083793,-71.82208858083793
2152.1900603437425,-71.82073952647129,-71.82073952647129
2152.2000603675842,-71.81924182774378,-71.81924182774378
2152.2100603675844,-71.81758992373798,-71.81758992373798
2152.220060367584,-71.81578279176723,-71.81578279176723
2152.2300603675844,-71.81382199997223,-71.81382199997223
2152.240060367584,-71.81171060245227,-71.81171060245227
2152.2500603675844,-71.80945247530342,-71.80945247530342
2152.260060367584,-71.80705190896197,-71.80705190896197
2152.2700603675844,-71.80451335839435,-71.80451335839435
2152.280060367584,-71.80184129230653,-71.80184129230653
2152.2900603675844,-71.79904010458272,-71.79904010458272
2152.300060367584,-71.79611406477487,-71.79611406477487
2152.3100603675844,-71.79306729289951,-71.79306729289951
2152.320060367584,-71.78990374915657,-71.78990374915657
2152.3300603675843,-71.78662723260831,-71.78662723260831
2152.340060367584,-71.78324138509926,-71.78324138509926
2152.3500603675843,-71.77974969803738,-71.77974969803738
2152.360060367584,-71.77615552052444,-71.77615552052444
2152.3700603675843,-71.77246206807625,-71.77246206807625
2152.380060367584,-71.7686724312193,-71.7686724312193
2152.3900603675843,-71.76478958382846,-71.76478958382846
2152.400060367584,-71.76081639096573,-71.76081639096573
2152.4100603675843,-71.75675561616065,-71.75675561616065
2152.420060367584,-71.75260992810416,-71.75260992810416
2152.4300603675842,-71.74838190682028,-71.74838190682028
2152.440060367584,-71.7440740492794,-71.7440740492794
2152.4500603675842,-71.73968877451176,-71.73968877451176
2152.4600603675844,-71.73522842832622,-71.73522842832622
2152.470060367584,-71.7306952875422,-71.7306952875422
2152.4800603675844,-71.72609156390423,-71.72609156390423
2152.490060367584,-71.72141940765205,-71.72141940765205
2152.5000603675844,-71.7166809107404,-71.7166809107404
2152.510060367584,-71.71187810987554,-71.71187810987554
2152.5200603675844,-71.70701298921611,-71.70701298921611
2152.530060367584,-71.70208748291768,-71.70208748291768
2152.5400603675844,-71.69710347741054,-71.69710347741054
2152.550060367584,-71.69206281356574,-71.69206281356574
2152.5600603675844,-71.68696728864413,-71.68696728864413
2152.570060367584,-71.68181865814424,-71.68181865814424
2152.5800603675843,-71.67661863745171,-71.67661863745171
2152.590060367584,-71.67136890343718,-71.67136890343718
2152.6000603675843,-71.66607109588881,-71.66607109588881
2152.610060367584,-71.66072681887552,-71.66072681887552
2152.6200603675843,-71.65533764199967,-71.65533764199967
2152.630060367584,-71.6499051015687,-71.6499051015687
2152.6400603675843,-71.64443070172044,-71.64443070172044
2152.650060367584,-71.63891591542165,-71.63891591542165
2152.6600603675843,-71.63336218546338,-71.63336218546338
2152.670060367584,-71.62777092535086,-71.62777092535086
2152.6800603675842,-71.6221435201625,-71.6221435201625
2152.690060367584,-71.61648132736862,-71.61648132736862
2152.7000603675842,-71.61078567757507,-71.61078567757507
2152.7100603675844,-71.60505787525844,-71.60505787525844
2152.720060367584,-71.59929919944415,-71.59929919944415
2152.7300603675844,-71.59351090435032,-71.59351090435032
2152.740060367584,-71.58769422001201,-71.58769422001201
2152.7500603675844,-71.58185035286441,-71.58185035286441
2152.760060367584,-71.57598048631156,-71.57598048631156
2152.7700603675844,-71.57008578123481,-71.57008578123481
2152.780060367584,-71.56416737653858,-71.56416737653858
2152.7900603675844,-71.55822638959933,-71.55822638959933
2152.800060367584,-71.55226391678687,-71.55226391678687
2152.8100603675844,-71.54628103386399,-71.54628103386399
2152.820060367584,-71.54027879646084,-71.54027879646084
2152.8300603675843,-71.53425824046126,-71.53425824046126
2152.840060367584,-71.52822038243004,-71.52822038243004
2152.8500603675843,-71.52216621998454,-71.52216621998454
2152.860060367584,-71.51609673218267,-71.51609673218267
2152.8700603675843,-71.5100128798782,-71.5100128798782
2152.880060367584,-71.50391560607835,-71.50391560607835
2152.8900603675843,-71.49780583627206,-71.49780583627206
2152.900060367584,-71.49168447879093,-71.49168447879093
2152.9100603675843,-71.4855524251004,-71.4855524251004
2152.920060367584,-71.4794105501297,-71.4794105501297
2152.9300603675842,-71.47325971255485,-71.47325971255485
2152.940060367584,-71.46710075513343,-71.46710075513343
2152.9500603675842,-71.4609345049499,-71.4609345049499
2152.9600603675844,-71.45476177372774,-71.45476177372774
2152.970060367584,-71.44858335808924,-71.44858335808924
2152.9800603675844,-71.44240003982127,-71.44240003982127
2152.990060367584,-71.43621258615664,-71.43621258615664
2153.0000603675844,-71.43002174999839,-71.43002174999839
2153.010060367584,-71.42382827019713,-71.42382827019713
2153.0200603675844,-71.41763287178524,-71.41763287178524
2153.030060367584,-71.41143626620534,-71.41143626620534
2153.0400603675844,-71.40523915156597,-71.40523915156597
2153.050060391426,-71.39904219808419,-71.39904219808419
2153.0600603914263,-71.39284610733498,-71.39284610733498
2153.070060391426,-71.38665152406686,-71.38665152406686
2153.0800603914263,-71.38045909521236,-71.38045909521236
2153.090060391426,-71.37426945548575,-71.37426945548575
2153.1000603914263,-71.36808322757368,-71.36808322757368
2153.110060391426,-71.36190102231106,-71.36190102231106
2153.1200603914263,-71.3557234389104,-71.3557234389104
2153.130060391426,-71.3495510651469,-71.3495510651469
2153.1400603914262,-71.34338447754294,-71.34338447754294
2153.150060391426,-71.33722424155951,-71.33722424155951
2153.160060391426,-71.33107091178748,-71.33107091178748
2153.170060391426,-71.32492503212664,-71.32492503212664
2153.180060391426,-71.31878713595475,-71.31878713595475
2153.190060391426,-71.31265774631704,-71.31265774631704
2153.200060391426,-71.30653737609823,-71.30653737609823
2153.210060391426,-71.30042032990036,-71.30042032990036
2153.220060391426,-71.29430439870562,-71.29430439870562
2153.230060391426,-71.28818876118986,-71.28818876118986
2153.240060391426,-71.28207323317307,-71.28207323317307
2153.250060391426,-71.27595798119064,-71.27595798119064
2153.260060391426,-71.26984337377483,-71.26984337377483
2153.270060391426,-71.26372989429342,-71.26372989429342
2153.280060391426,-71.2576180885571,-71.2576180885571
2153.290060391426,-71.25150853338654,-71.25150853338654
2153.300060391426,-71.24540181779592,-71.24540181779592
2153.3100603914263,-71.23929853185044,-71.23929853185044
2153.320060391426,-71.2331992601775,-71.2331992601775
2153.3300603914263,-71.22710457832356,-71.22710457832356
2153.340060391426,-71.22101505084007,-71.22101505084007
2153.3500603914263,-71.21493123039832,-71.21493123039832
2153.360060391426,-71.20885365753334,-71.20885365753334
2153.3700603914263,-71.20278286074526,-71.20278286074526
2153.380060391426,-71.1967193568107,-71.1967193568107
2153.3900603914262,-71.19066365115299,-71.19066365115299
2153.400060391426,-71.18461623829484,-71.18461623829484
2153.410060391426,-71.17857760228472,-71.17857760228472
2153.420060391426,-71.1725482171232,-71.1725482171232
2153.430060391426,-71.16652854716486,-71.16652854716486
2153.440060391426,-71.16051904747026,-71.16051904747026
2153.450060391426,-71.15452016415205,-71.15452016415205
2153.460060391426,-71.14853233466006,-71.14853233466006
2153.470060391426,-71.14255598807387,-71.14255598807387
2153.480060391426,-71.13659154533762,-71.13659154533762
2153.490060391426,-71.13063941948973,-71.13063941948973
2153.500060391426,-71.12470001586546,-71.12470001586546
2153.510060391426,-71.11877373229191,-71.11877373229191
2153.520060391426,-71.11286095923751,-71.11286095923751
2153.530060391426,-71.10696207999214,-71.10696207999214
2153.540060391426,-71.10107747080171,-71.10107747080171
2153.550060391426,-71.09520750099533,-71.09520750099533
2153.5600603914263,-71.08935253311886,-71.08935253311886
2153.570060391426,-71.08351292306541,-71.08351292306541
2153.5800603914263,-71.07768902015282,-71.07768902015282
2153.590060391426,-71.07188116726836,-71.07188116726836
2153.6000603914263,-71.06608970093511,-71.06608970093511
2153.610060391426,-71.06031495142375,-71.06031495142375
2153.6200603914263,-71.05455724285035,-71.05455724285035
2153.630060391426,-71.04881689325272,-71.04881689325272
2153.6400603914262,-71.04309421467744,-71.04309421467744
2153.650060391426,-71.03738951327558,-71.03738951327558
2153.660060391426,-71.0317030893578,-71.0317030893578
2153.670060391426,-71.02603523750807,-71.02603523750807
2153.680060391426,-71.02038624662221,-71.02038624662221
2153.690060391426,-71.01475640001772,-71.01475640001772
2153.700060391426,-71.00914597547802,-71.00914597547802
2153.710060391426,-71.0035490753177,-71.0035490753177
2153.720060391426,-70.99796327850378,-70.99796327850378
2153.730060391426,-70.99238754983784,-70.99238754983784
2153.740060391426,-70.9868214923526,-70.9868214923526
2153.750060391426,-70.98126506209455,-70.98126506209455
2153.760060391426,-70.97571841999404,-70.97571841999404
2153.770060391426,-70.97018184501042,-70.97018184501042
2153.780060391426,-70.96465568195157,-70.96465568195157
2153.790060391426,-70.9591403101148,-70.9591403101148
2153.800060391426,-70.95363612447365,-70.95363612447365
2153.8100603914263,-70.94814352453938,-70.94814352453938
2153.820060391426,-70.94266290784988,-70.94266290784988
2153.8300603914263,-70.93719466627425,-70.93719466627425
2153.840060391426,-70.93173918404374,-70.93173918404374
2153.8500603914263,-70.92629683680978,-70.92629683680978
2153.860060391426,-70.92086799135146,-70.92086799135146
2153.8700603914263,-70.91545300559663,-70.91545300559663
2153.880060391426,-70.91005222886368,-70.91005222886368
2153.8900603914262,-70.90466600220115,-70.90466600220115
2153.900060415268,-70.89929464597347,-70.89929464597347
2153.910060415268,-70.89393851142789,-70.89393851142789
2153.920060415268,-70.88859790423903,-70.88859790423903
2153.930060415268,-70.88327313606831,-70.88327313606831
2153.940060415268,-70.87796451209347,-70.87796451209347
2153.950060415268,-70.87267233124967,-70.87267233124967
2153.960060415268,-70.86739072907406,-70.86739072907406
2153.970060415268,-70.86211731082878,-70.86211731082878
2153.980060415268,-70.85685106459589,-70.85685106459589
2153.990060415268,-70.85159161516623,-70.85159161516623
2154.000060415268,-70.84633893951836,-70.84633893951836
2154.010060415268,-70.84109321905788,-70.84109321905788
2154.020060415268,-70.83585475298564,-70.83585475298564
2154.030060415268,-70.83062390627771,-70.83062390627771
2154.040060415268,-70.82540107844339,-70.82540107844339
2154.050060415268,-70.82018668475834,-70.82018668475834
2154.060060415268,-70.81498114519411,-70.81498114519411
2154.070060415268,-70.80978487791998,-70.80978487791998
2154.080060415268,-70.8045982956359,-70.8045982956359
2154.090060415268,-70.79942180359606,-70.79942180359606
2154.1000604152678,-70.7942557987139,-70.7942557987139
2154.110060415268,-70.78910066922123,-70.78910066922123
2154.1200604152677,-70.78395679470128,-70.78395679470128
2154.130060415268,-70.77882454632937,-70.77882454632937
2154.1400604152677,-70.77370428720674,-70.77370428720674
2154.150060415268,-70.76859637271944,-70.76859637271944
2154.160060415268,-70.76350115090369,-70.76350115090369
2154.170060415268,-70.75841896279165,-70.75841896279165
2154.180060415268,-70.75335014275636,-70.75335014275636
2154.190060415268,-70.74829501879194,-70.74829501879194
2154.200060415268,-70.7432539127814,-70.7432539127814
2154.210060415268,-70.73822714074375,-70.73822714074375
2154.220060415268,-70.73321501301326,-70.73321501301326
2154.230060415268,-70.72821783445929,-70.72821783445929
2154.240060415268,-70.72323590462547,-70.72323590462547
2154.250060415268,-70.71826951786895,-70.71826951786895
2154.260060415268,-70.71331896351117,-70.71331896351117
2154.270060415268,-70.70838452591413,-70.70838452591413
2154.280060415268,-70.70346648459737,-70.70346648459737
2154.290060415268,-70.69856511433872,-70.69856511433872
2154.300060415268,-70.69368068521317,-70.69368068521317
2154.310060415268,-70.68881346271631,-70.68881346271631
2154.320060415268,-70.68396370778468,-70.68396370778468
2154.330060415268,-70.67913167687989,-70.67913167687989
2154.340060415268,-70.67431762203184,-70.67431762203184
2154.3500604152678,-70.66952179090136,-70.66952179090136
2154.360060415268,-70.66474442680925,-70.66474442680925
2154.3700604152677,-70.65998576880753,-70.65998576880753
2154.380060415268,-70.65524605169567,-70.65524605169567
2154.3900604152677,-70.65052550608749,-70.65052550608749
2154.400060415268,-70.64582435841552,-70.64582435841552
2154.410060415268,-70.64114283100874,-70.64114283100874
2154.420060415268,-70.63648114212008,-70.63648114212008
2154.430060415268,-70.63183950594319,-70.63183950594319
2154.440060415268,-70.62721813266968,-70.62721813266968
2154.450060415268,-70.62261722851225,-70.62261722851225
2154.460060415268,-70.6180369957576,-70.6180369957576
2154.470060415268,-70.61347763278407,-70.61347763278407
2154.480060415268,-70.6089393340976,-70.6089393340976
2154.490060415268,-70.60442229038216,-70.60442229038216
2154.500060415268,-70.59992668852809,-70.59992668852809
2154.510060415268,-70.59545271165453,-70.59545271165453
2154.520060415268,-70.59100053916728,-70.59100053916728
2154.530060415268,-70.58657034678095,-70.58657034678095
2154.540060415268,-70.58216230655165,-70.58216230655165
2154.550060415268,-70.57777658692142,-70.57777658692142
2154.560060415268,-70.57341335275196,-70.57341335275196
2154.570060415268,-70.56907276534882,-70.56907276534882
2154.580060415268,-70.56475498252094,-70.56475498252094
2154.590060415268,-70.56046015859341,-70.56046015859341
2154.6000604152678,-70.55618844445515,-70.55618844445515
2154.610060415268,-70.55193998758877,-70.55193998758877
2154.6200604152677,-70.54771493212098,-70.54771493212098
2154.630060415268,-70.5435134188406,-70.5435134188406
2154.6400604152677,-70.53933558524905,-70.53933558524905
2154.650060415268,-70.5351815655861,-70.5351815655861
2154.660060415268,-70.5310514908687,-70.5310514908687
2154.670060415268,-70.52694548894344,-70.52694548894344
2154.680060415268,-70.52286368449163,-70.52286368449163
2154.690060415268,-70.51880619909842,-70.51880619909842
2154.700060415268,-70.51477315125523,-70.51477315125523
2154.710060415268,-70.51076465644249,-70.51076465644249
2154.720060415268,-70.50678082711494,-70.50678082711494
2154.730060415268,-70.50282177277624,-70.50282177277624
2154.740060415268,-70.49888759999133,-70.49888759999133
2154.75006043911,-70.49497840312218,-70.49497840312218
2154.76006043911,-70.49109430167411,-70.49109430167411
2154.77006043911,-70.48723538425936,-70.48723538425936
2154.78006043911,-70.48340174608643,-70.48340174608643
2154.7900604391098,-70.4795934796077,-70.4795934796077
2154.80006043911,-70.4758106745674,-70.4758106745674
2154.8100604391097,-70.4720534180231,-70.4720534180231
2154.82006043911,-70.46832179438627,-70.46832179438627
2154.8300604391097,-70.46461588546245,-70.46461588546245
2154.84006043911,-70.46093577047814,-70.46093577047814
2154.8500604391097,-70.45728152611412,-70.45728152611412
2154.86006043911,-70.45365322654212,-70.45365322654212
2154.8700604391097,-70.45005094347376,-70.45005094347376
2154.88006043911,-70.446474746163,-70.446474746163
2154.8900604391097,-70.44292470145807,-70.44292470145807
2154.90006043911,-70.43940087384294,-70.43940087384294
2154.9100604391097,-70.4359033254591,-70.4359033254591
2154.92006043911,-70.43243211613306,-70.43243211613306
2154.9300604391096,-70.42898730342135,-70.42898730342135
2154.94006043911,-70.42556894263632,-70.42556894263632
2154.9500604391096,-70.42217708688202,-70.42217708688202
2154.96006043911,-70.41881178705879,-70.41881178705879
2154.9700604391096,-70.41547309195283,-70.41547309195283
2154.98006043911,-70.41216104821115,-70.41216104821115
2154.9900604391096,-70.40887570039608,-70.40887570039608
2155.00006043911,-70.40561709102143,-70.40561709102143
2155.01006043911,-70.40238526056784,-70.40238526056784
2155.02006043911,-70.39918024750861,-70.39918024750861
2155.03006043911,-70.39600208837122,-70.39600208837122
2155.0400604391098,-70.39285081773485,-70.39285081773485
2155.05006043911,-70.38972646826211,-70.38972646826211
2155.0600604391097,-70.38662907075776,-70.38662907075776
2155.07006043911,-70.38355865414864,-70.38355865414864
2155.0800604391097,-70.3805152455587,-70.3805152455587
2155.09006043911,-70.37749887029291,-70.37749887029291
2155.1000604391097,-70.37450955191623,-70.37450955191623
2155.11006043911,-70.37154731222716,-70.37154731222716
2155.1200604391097,-70.3686121713265,-70.3686121713265
2155.13006043911,-70.36570414761505,-70.36570414761505
2155.1400604391097,-70.36282325784076,-70.36282325784076
2155.15006043911,-70.3599695171094,-70.3599695171094
2155.1600604391097,-70.3571429389202,-70.3571429389202
2155.17006043911,-70.35434353519003,-70.35434353519003
2155.1800604391096,-70.35157131627336,-70.35157131627336
2155.19006043911,-70.34882629097639,-70.34882629097639
2155.2000604391096,-70.34610846661681,-70.34610846661681
2155.21006043911,-70.34341784901493,-70.34341784901493
2155.2200604391096,-70.34075444252224,-70.34075444252224
2155.23006043911,-70.33811825006401,-70.33811825006401
2155.2400604391096,-70.33550927313915,-70.33550927313915
2155.25006043911,-70.3329275118607,-70.3329275118607
2155.26006043911,-70.33037296496856,-70.33037296496856
2155.27006043911,-70.32784562984787,-70.32784562984787
2155.28006043911,-70.32534550256636,-70.32534550256636
2155.2900604391098,-70.32287257789173,-70.32287257789173
2155.30006043911,-70.32042684929564,-70.32042684929564
2155.3100604391097,-70.31800830900504,-70.31800830900504
2155.32006043911,-70.3156169479861,-70.3156169479861
2155.3300604391097,-70.31325275599998,-70.31325275599998
2155.34006043911,-70.31091572160537,-70.31091572160537
2155.3500604391097,-70.30860583217792,-70.30860583217792
2155.36006043911,-70.30632307394035,-70.30632307394035
2155.3700604391097,-70.30406743197726,-70.30406743197726
2155.38006043911,-70.30183889024077,-70.30183889024077
2155.3900604391097,-70.29963743159739,-70.29963743159739
2155.40006043911,-70.29746303781393,-70.29746303781393
2155.4100604391097,-70.29531568961265,-70.29531568961265
2155.42006043911,-70.293195366656,-70.293195366656
2155.4300604391096,-70.2911020475891,-70.2911020475891
2155.44006043911,-70.28903571003293,-70.28903571003293
2155.4500604391096,-70.28699633063337,-70.28699633063337
2155.46006043911,-70.28498388504988,-70.28498388504988
2155.4700604391096,-70.28299834799355,-70.28299834799355
2155.48006043911,-70.28103969322402,-70.28103969322402
2155.4900604391096,-70.27910789359092,-70.27910789359092
2155.50006043911,-70.27720292102198,-70.27720292102198
2155.51006043911,-70.27532474655972,-70.27532474655972
2155.52006043911,-70.27347334037377,-70.27347334037377
2155.53006043911,-70.27164867176737,-70.27164867176737
2155.5400604391098,-70.26985070920716,-70.26985070920716
2155.55006043911,-70.26807942032211,-70.26807942032211
2155.5600604391097,-70.26633477193619,-70.26633477193619
2155.57006043911,-70.26461673006017,-70.26461673006017
2155.5800604391097,-70.26292525994194,-70.26292525994194
2155.59006043911,-70.26126032604628,-70.26126032604628
2155.6000604629517,-70.25962188818154,-70.25962188818154
2155.610060462952,-70.25800991719107,-70.25800991719107
2155.6200604629516,-70.25642437132305,-70.25642437132305
2155.630060462952,-70.25486521210782,-70.25486521210782
2155.6400604629516,-70.25333240037209,-70.25333240037209
2155.650060462952,-70.25182589625295,-70.25182589625295
2155.6600604629516,-70.2503456592076,-70.2503456592076
2155.670060462952,-70.24889164803041,-70.24889164803041
2155.6800604629516,-70.24746382088499,-70.24746382088499
2155.690060462952,-70.24606213527768,-70.24606213527768
2155.7000604629516,-70.2446865480903,-70.2446865480903
2155.710060462952,-70.24333701560032,-70.24333701560032
2155.7200604629516,-70.24201349348841,-70.24201349348841
2155.7300604629518,-70.24071593682882,-70.24071593682882
2155.7400604629515,-70.23944430013293,-70.23944430013293
2155.7500604629518,-70.23819853734283,-70.23819853734283
2155.7600604629515,-70.23697860184409,-70.23697860184409
2155.7700604629517,-70.23578444648261,-70.23578444648261
2155.7800604629515,-70.23461602357021,-70.23461602357021
2155.7900604629517,-70.23347328489082,-70.23347328489082
2155.8000604629515,-70.23235618172059,-70.23235618172059
2155.8100604629517,-70.23126466484116,-70.23126466484116
2155.8200604629515,-70.23019868453798,-70.23019868453798
2155.8300604629517,-70.2291581906093,-70.2291581906093
2155.8400604629514,-70.22814313239371,-70.22814313239371
2155.8500604629517,-70.22715345876104,-70.22715345876104
2155.860060462952,-70.22618911813682,-70.22618911813682
2155.8700604629516,-70.22525005850642,-70.22525005850642
2155.880060462952,-70.22433622740728,-70.22433622740728
2155.8900604629516,-70.223447571978,-70.223447571978
2155.900060462952,-70.2225840389196,-70.2225840389196
2155.9100604629516,-70.22174557455271,-70.22174557455271
2155.920060462952,-70.22093212477957,-70.22093212477957
2155.9300604629516,-70.22014363512577,-70.22014363512577
2155.940060462952,-70.21938005073861,-70.21938005073861
2155.9500604629516,-70.21864131639245,-70.21864131639245
2155.960060462952,-70.21792737650054,-70.21792737650054
2155.9700604629516,-70.21723817512886,-70.21723817512886
2155.9800604629518,-70.21657365598806,-70.21657365598806
2155.9900604629515,-70.21593376245437,-70.21593376245437
2156.0000604629518,-70.21531843757298,-70.21531843757298
2156.0100604629515,-70.21472762407443,-70.21472762407443
2156.0200604629517,-70.21416126437269,-70.21416126437269
2156.0300604629515,-70.21361930057441,-70.21361930057441
2156.0400604629517,-70.2131016744751,-70.2131016744751
2156.0500604629515,-70.21260832759064,-70.21260832759064
2156.0600604629517,-70.21213920115142,-70.21213920115142
2156.0700604629515,-70.21169423610931,-70.21169423610931
2156.0800604629517,-70.21127337313901,-70.21127337313901
2156.0900604629514,-70.21087655266432,-70.21087655266432
2156.1000604629517,-70.2105037148346,-70.2105037148346
2156.110060462952,-70.21015479955618,-70.21015479955618
2156.1200604629516,-70.20982974649466,-70.20982974649466
2156.130060462952,-70.2095284950702,-70.2095284950702
2156.1400604629516,-70.20925098448643,-70.20925098448643
2156.150060462952,-70.2089971537066,-70.2089971537066
2156.1600604629516,-70.20876694147802,-70.20876694147802
2156.170060462952,-70.20856028633254,-70.20856028633254
2156.1800604629516,-70.20837712660875,-70.20837712660875
2156.190060462952,-70.20821740043066,-70.20821740043066
2156.2000604629516,-70.208081045733,-70.208081045733
2156.210060462952,-70.20796800025259,-70.20796800025259
2156.2200604629516,-70.20787820155611,-70.20787820155611
2156.2300604629518,-70.20781158702351,-70.20781158702351
2156.2400604629515,-70.20776809386406,-70.20776809386406
2156.2500604629518,-70.207747659112,-70.207747659112
2156.2600604629515,-70.2077502196463,-70.2077502196463
2156.2700604629517,-70.20777571219212,-70.20777571219212
2156.2800604629515,-70.2078240733107,-70.2078240733107
2156.2900604629517,-70.20789523942962,-70.20789523942962
2156.3000604629515,-70.20798914683374,-70.20798914683374
2156.3100604629517,-70.20810573165433,-70.20810573165433
2156.3200604629515,-70.20824492990472,-70.20824492990472
2156.3300604629517,-70.20840667746846,-70.20840667746846
2156.3400604629514,-70.20859091010499,-70.20859091010499
2156.3500604629517,-70.20879756345275,-70.20879756345275
2156.360060462952,-70.20902657304234,-70.20902657304234
2156.3700604629516,-70.20927787429531,-70.20927787429531
2156.380060462952,-70.20955140252204,-70.20955140252204
2156.3900604629516,-70.20984709293269,-70.20984709293269
2156.400060462952,-70.21016488064299,-70.21016488064299
2156.4100604629516,-70.21050470068481,-70.21050470068481
2156.420060462952,-70.21086648798116,-70.21086648798116
2156.4300604629516,-70.21125017739611,-70.21125017739611
2156.440060462952,-70.21165570369423,-70.21165570369423
2156.4500604867935,-70.21208300260221,-70.21208300260221
2156.4600604867937,-70.21253200676536,-70.21253200676536
2156.4700604867935,-70.2130026516863,-70.2130026516863
2156.4800604867937,-70.21349487185351,-70.21349487185351
2156.4900604867935,-70.21400860169692,-70.21400860169692
2156.5000604867937,-70.2145437755956,-70.2145437755956
2156.5100604867935,-70.21510032787214,-70.21510032787214
2156.5200604867937,-70.21567819279406,-70.21567819279406
2156.5300604867934,-70.21627730457591,-70.21627730457591
2156.5400604867937,-70.21689759740339,-70.21689759740339
2156.5500604867934,-70.21753900542576,-70.21753900542576
2156.5600604867936,-70.21820146273389,-70.21820146273389
2156.5700604867934,-70.21888490340575,-70.21888490340575
2156.5800604867936,-70.21958926147543,-70.21958926147543
2156.5900604867934,-70.22031447096008,-70.22031447096008
2156.6000604867936,-70.22106046584317,-70.22106046584317
2156.6100604867934,-70.22182718010521,-70.22182718010521
2156.6200604867936,-70.2226145476891,-70.2226145476891
2156.6300604867934,-70.22342250253224,-70.22342250253224
2156.6400604867936,-70.22425097855992,-70.22425097855992
2156.6500604867933,-70.22509990968942,-70.22509990968942
2156.6600604867936,-70.22596922982315,-70.22596922982315
2156.6700604867933,-70.22685887287403,-70.22685887287403
2156.6800604867935,-70.22776877274538,-70.22776877274538
2156.6900604867933,-70.22869886335187,-70.22869886335187
2156.7000604867935,-70.22964907859554,-70.22964907859554
2156.7100604867937,-70.23061935240159,-70.23061935240159
2156.7200604867935,-70.23160961870101,-70.23160961870101
2156.7300604867937,-70.23261981143621,-70.23261981143621
2156.7400604867935,-70.23364986456659,-70.23364986456659
2156.7500604867937,-70.2346997120656,-70.2346997120656
2156.7600604867935,-70.23576928793614,-70.23576928793614
2156.7700604867937,-70.23685852618982,-70.23685852618982
2156.7800604867934,-70.23796736086717,-70.23796736086717
2156.7900604867937,-70.2390957260403,-70.2390957260403
2156.8000604867934,-70.24024355580849,-70.24024355580849
2156.8100604867936,-70.2414107843015,-70.2414107843015
2156.8200604867934,-70.24259734568663,-70.24259734568663
2156.8300604867936,-70.24380317414894,-70.24380317414894
2156.8400604867934,-70.24502820394402,-70.24502820394402
2156.8500604867936,-70.2462723693391,-70.2462723693391
2156.8600604867934,-70.24753560465786,-70.24753560465786
2156.8700604867936,-70.24881784426083,-70.24881784426083
2156.8800604867934,-70.25011902255414,-70.25011902255414
2156.8900604867936,-70.25143907399803,-70.25143907399803
2156.9000604867933,-70.25277793310049,-70.25277793310049
2156.9100604867936,-70.25413553442016,-70.25413553442016
2156.9200604867933,-70.25551181256927,-70.25551181256927
2156.9300604867935,-70.25690670222231,-70.25690670222231
2156.9400604867933,-70.25832013809814,-70.25832013809814
2156.9500604867935,-70.2597520549754,-70.2597520549754
2156.9600604867937,-70.26120238770709,-70.26120238770709
2156.9700604867935,-70.2626710712002,-70.2626710712002
2156.9800604867937,-70.26415804042378,-70.26415804042378
2156.9900604867935,-70.26566323041686,-70.26566323041686
2157.0000604867937,-70.26718657628065,-70.26718657628065
2157.0100604867935,-70.2687280131965,-70.2687280131965
2157.0200604867937,-70.27028747640209,-70.27028747640209
2157.0300604867934,-70.27186490121775,-70.27186490121775
2157.0400604867937,-70.27346022303442,-70.27346022303442
2157.0500604867934,-70.27507337731767,-70.27507337731767
2157.0600604867936,-70.27670429960051,-70.27670429960051
2157.0700604867934,-70.27835292551109,-70.27835292551109
2157.0800604867936,-70.280019190748,-70.280019190748
2157.0900604867934,-70.2817030310846,-70.2817030310846
2157.1000604867936,-70.28340438239437,-70.28340438239437
2157.1100604867934,-70.28512318061513,-70.28512318061513
2157.1200604867936,-70.2868593617739,-70.2868593617739
2157.1300604867934,-70.28861286199098,-70.28861286199098
2157.1400604867936,-70.29038361747469,-70.29038361747469
2157.1500604867933,-70.29217156451419,-70.29217156451419
2157.1600604867936,-70.29397663948927,-70.29397663948927
2157.1700604867933,-70.29579877888101,-70.29579877888101
2157.1800604867935,-70.2976379192481,-70.2976379192481
2157.1900604867933,-70.29949399725092,-70.29949399725092
2157.2000604867935,-70.30136694964504,-70.30136694964504
2157.2100604867937,-70.30325671327559,-70.30325671327559
2157.2200604867935,-70.30516322509524,-70.30516322509524
2157.2300604867937,-70.30708642213696,-70.30708642213696
2157.2400604867935,-70.30902624155502,-70.30902624155502
2157.2500604867937,-70.31098262058762,-70.31098262058762
2157.2600604867935,-70.31295549657267,-70.31295549657267
2157.2700604867937,-70.31494480696102,-70.31494480696102
2157.2800604867934,-70.31695048930021,-70.31695048930021
2157.2900604867937,-70.3189724812431,-70.3189724812431
2157.3000605106354,-70.32101072540681,-70.32101072540681
2157.3100605106356,-70.3230651499921,-70.3230651499921
2157.3200605106354,-70.32513569776053,-70.32513569776053
2157.3300605106356,-70.32722230679498,-70.32722230679498
2157.3400605106353,-70.32932491527622,-70.32932491527622
2157.3500605106356,-70.3314434615066,-70.3314434615066
2157.3600605106353,-70.33357788388666,-70.33357788388666
2157.3700605106355,-70.33572812092832,-70.33572812092832
2157.3800605106353,-70.33789411127174,-70.33789411127174
2157.3900605106355,-70.34007579364872,-70.34007579364872
2157.4000605106353,-70.34227310690873,-70.34227310690873
2157.4100605106355,-70.34448599002414,-70.34448599002414
2157.4200605106353,-70.34671438207947,-70.34671438207947
2157.4300605106355,-70.34895822226638,-70.34895822226638
2157.4400605106352,-70.35121744989887,-70.35121744989887
2157.4500605106355,-70.35349200440821,-70.35349200440821
2157.4600605106352,-70.3557818253459,-70.3557818253459
2157.4700605106354,-70.35808685237025,-70.35808685237025
2157.480060510635,-70.36040702527868,-70.36040702527868
2157.4900605106354,-70.36274228396736,-70.36274228396736
2157.500060510635,-70.36509256845532,-70.36509256845532
2157.5100605106354,-70.36745781889346,-70.36745781889346
2157.520060510635,-70.36983797555034,-70.36983797555034
2157.5300605106354,-70.3722329788128,-70.3722329788128
2157.540060510635,-70.37464276920078,-70.37464276920078
2157.5500605106354,-70.37706728733609,-70.37706728733609
2157.5600605106356,-70.37950647398408,-70.37950647398408
2157.5700605106354,-70.38196027003029,-70.38196027003029
2157.5800605106356,-70.38442861647007,-70.38442861647007
2157.5900605106353,-70.3869114544412,-70.3869114544412
2157.6000605106356,-70.3894087252076,-70.3894087252076
2157.6100605106353,-70.39192037015081,-70.39192037015081
2157.6200605106355,-70.39444633077838,-70.39444633077838
2157.6300605106353,-70.39698654872582,-70.39698654872582
2157.6400605106355,-70.39954096575909,-70.39954096575909
2157.6500605106353,-70.40210952377875,-70.40210952377875
2157.6600605106355,-70.40469216479717,-70.40469216479717
2157.6700605106353,-70.40728883097651,-70.40728883097651
2157.6800605106355,-70.40989946458573,-70.40989946458573
2157.6900605106352,-70.41252400803813,-70.41252400803813
2157.7000605106355,-70.41516240387254,-70.41516240387254
2157.7100605106352,-70.41781459475348,-70.41781459475348
2157.7200605106354,-70.42048052349102,-70.42048052349102
2157.730060510635,-70.42316013301047,-70.42316013301047
2157.7400605106354,-70.42585336637912,-70.42585336637912
2157.750060510635,-70.42856016678742,-70.42856016678742
2157.7600605106354,-70.4312804775703,-70.4312804775703
2157.770060510635,-70.43401424217676,-70.43401424217676
2157.7800605106354,-70.43676140420106,-70.43676140420106
2157.790060510635,-70.43952190737785,-70.43952190737785
2157.8000605106354,-70.44229569555206,-70.44229569555206
2157.8100605106356,-70.4450827127244,-70.4450827127244
2157.8200605106354,-70.44788290302259,-70.44788290302259
2157.8300605106356,-70.45069621069973,-70.45069621069973
2157.8400605106353,-70.45352258014977,-70.45352258014977
2157.8500605106356,-70.45636195590151,-70.45636195590151
2157.8600605106353,-70.4592142826276,-70.4592142826276
2157.8700605106355,-70.46207950511602,-70.46207950511602
2157.8800605106353,-70.46495756830721,-70.46495756830721
2157.8900605106355,-70.4678484172637,-70.4678484172637
2157.9000605106353,-70.47075199719512,-70.47075199719512
2157.9100605106355,-70.47366825344548,-70.47366825344548
2157.9200605106353,-70.47659713148768,-70.47659713148768
2157.9300605106355,-70.47953857693136,-70.47953857693136
2157.9400605106352,-70.48249253553357,-70.48249253553357
2157.9500605106355,-70.48545895317237,-70.48545895317237
2157.9600605106352,-70.4884377758767,-70.4884377758767
2157.9700605106354,-70.4914289498038,-70.4914289498038
2157.980060510635,-70.49443242124978,-70.49443242124978
2157.9900605106354,-70.49744813664763,-70.49744813664763
2158.000060510635,-70.50047604257168,-70.50047604257168
2158.0100605106354,-70.50351608572514,-70.50351608572514
2158.020060510635,-70.50656821296027,-70.50656821296027
2158.0300605106354,-70.50963237125447,-70.50963237125447
2158.040060510635,-70.51270850773568,-70.51270850773568
2158.0500605106354,-70.51579656965212,-70.51579656965212
2158.0600605106356,-70.51889650441296,-70.51889650441296
2158.0700605106354,-70.5220082595451,-70.5220082595451
2158.0800605106356,-70.52513178271927,-70.52513178271927
2158.0900605106353,-70.52826702175207,-70.52826702175207
2158.1000605106356,-70.53141392458858,-70.53141392458858
2158.1100605106353,-70.5345724393214,-70.5345724393214
2158.1200605106355,-70.5377425141661,-70.5377425141661
2158.1300605106353,-70.54092409749305,-70.54092409749305
2158.1400605106355,-70.54411713780559,-70.54411713780559
2158.1500605344772,-70.54732159137201,-70.54732159137201
2158.1600605344775,-70.55053739175692,-70.55053739175692
2158.170060534477,-70.55376449545061,-70.55376449545061
2158.1800605344774,-70.55700285151138,-70.55700285151138
2158.190060534477,-70.5602524091405,-70.5602524091405
2158.2000605344774,-70.5635131176714,-70.5635131176714
2158.210060534477,-70.56677877657164,-70.56677877657164
2158.2200605344774,-70.57004664320144,-70.57004664320144
2158.230060534477,-70.57331535732352,-70.57331535732352
2158.2400605344774,-70.57658419860014,-70.57658419860014
2158.250060534477,-70.57985280326143,-70.57985280326143
2158.2600605344774,-70.58312101695518,-70.58312101695518
2158.270060534477,-70.58638880847106,-70.58638880847106
2158.2800605344773,-70.58965621792659,-70.58965621792659
2158.290060534477,-70.59292332557615,-70.59292332557615
2158.3000605344773,-70.59619023312264,-70.59619023312264
2158.310060534477,-70.59945705255451,-70.59945705255451
2158.3200605344773,-70.60272389961187,-70.60272389961187
2158.330060534477,-70.60599089001866,-70.60599089001866
2158.3400605344773,-70.60925813744262,-70.60925813744262
2158.350060534477,-70.61252575245055,-70.61252575245055
2158.3600605344773,-70.61579384213381,-70.61579384213381
2158.370060534477,-70.61906251000086,-70.61906251000086
2158.3800605344773,-70.62233185614454,-70.62233185614454
2158.390060534477,-70.62560197748887,-70.62560197748887
2158.4000605344772,-70.62887296804553,-70.62887296804553
2158.4100605344775,-70.63214491920456,-70.63214491920456
2158.420060534477,-70.63541792003252,-70.63541792003252
2158.4300605344774,-70.63869205749849,-70.63869205749849
2158.440060534477,-70.64196741670249,-70.64196741670249
2158.4500605344774,-70.64524408108637,-70.64524408108637
2158.460060534477,-70.64852213259324,-70.64852213259324
2158.4700605344774,-70.65180165181724,-70.65180165181724
2158.480060534477,-70.65508271811932,-70.65508271811932
2158.4900605344774,-70.65836540974864,-70.65836540974864
2158.500060534477,-70.66164980389995,-70.66164980389995
2158.5100605344774,-70.664935976799,-70.664935976799
2158.520060534477,-70.66822400377056,-70.66822400377056
2158.5300605344773,-70.67151395925713,-70.67151395925713
2158.540060534477,-70.67480591687493,-70.67480591687493
2158.5500605344773,-70.6780999494223,-70.6780999494223
2158.560060534477,-70.68139612893972,-70.68139612893972
2158.5700605344773,-70.68469452667999,-70.68469452667999
2158.580060534477,-70.68799521315493,-70.68799521315493
2158.5900605344773,-70.69129825811392,-70.69129825811392
2158.600060534477,-70.69460373056825,-70.69460373056825
2158.6100605344773,-70.69791169877965,-70.69791169877965
2158.620060534477,-70.70122223027724,-70.70122223027724
2158.6300605344773,-70.70453539183283,-70.70453539183283
2158.640060534477,-70.70785124947781,-70.70785124947781
2158.6500605344772,-70.71116986847376,-70.71116986847376
2158.6600605344775,-70.71449131333198,-70.71449131333198
2158.670060534477,-70.71781564780129,-70.71781564780129
2158.6800605344774,-70.72114293483955,-70.72114293483955
2158.690060534477,-70.72447323664777,-70.72447323664777
2158.7000605344774,-70.72780661462639,-70.72780661462639
2158.710060534477,-70.73114312938793,-70.73114312938793
2158.7200605344774,-70.73448284074875,-70.73448284074875
2158.730060534477,-70.73782580771787,-70.73782580771787
2158.7400605344774,-70.7411720884947,-70.7411720884947
2158.750060534477,-70.7445217404632,-70.7445217404632
2158.7600605344774,-70.74787482017628,-70.74787482017628
2158.770060534477,-70.75123138338823,-70.75123138338823
2158.7800605344773,-70.75459148499365,-70.75459148499365
2158.790060534477,-70.75795517906505,-70.75795517906505
2158.8000605344773,-70.76132251884162,-70.76132251884162
2158.810060534477,-70.7646935567166,-70.7646935567166
2158.8200605344773,-70.7680683442396,-70.7680683442396
2158.830060534477,-70.77144693212243,-70.77144693212243
2158.8400605344773,-70.77482937022742,-70.77482937022742
2158.850060534477,-70.77821570756524,-70.77821570756524
2158.8600605344773,-70.78160599229658,-70.78160599229658
2158.870060534477,-70.78500027173753,-70.78500027173753
2158.8800605344773,-70.78839859236275,-70.78839859236275
2158.890060534477,-70.79180099977998,-70.79180099977998
2158.9000605344772,-70.79520753877001,-70.79520753877001
2158.9100605344775,-70.79861825325273,-70.79861825325273
2158.920060534477,-70.80203318631965,-70.80203318631965
2158.9300605344774,-70.80545238020045,-70.80545238020045
2158.940060534477,-70.80887587630298,-70.80887587630298
2158.9500605344774,-70.81230371518733,-70.81230371518733
2158.960060534477,-70.81573593658801,-70.81573593658801
2158.9700605344774,-70.81917257940272,-70.81917257940272
2158.980060534477,-70.82261368170025,-70.82261368170025
2158.9900605344774,-70.82605928072911,-70.82605928072911
2159.000060558319,-70.82950942114897,-70.82950942114897
2159.0100605583193,-70.83296412215995,-70.83296412215995
2159.020060558319,-70.83642342676119,-70.83642342676119
2159.0300605583193,-70.83988736895596,-70.83988736895596
2159.040060558319,-70.84335598195548,-70.84335598195548
2159.0500605583193,-70.8468292981668,-70.8468292981668
2159.060060558319,-70.8503073492245,-70.8503073492245
2159.0700605583193,-70.85379016596067,-70.85379016596067
2159.080060558319,-70.85727777844139,-70.85727777844139
2159.0900605583192,-70.86077021595847,-70.86077021595847
2159.100060558319,-70.86426750705377,-70.86426750705377
2159.110060558319,-70.86776967949274,-70.86776967949274
2159.120060558319,-70.87127676029958,-70.87127676029958
2159.130060558319,-70.8747887757512,-70.8747887757512
2159.140060558319,-70.87830575138824,-70.87830575138824
2159.150060558319,-70.88182771202422,-70.88182771202422
2159.160060558319,-70.8853546817421,-70.8853546817421
2159.170060558319,-70.88888668391021,-70.88888668391021
2159.180060558319,-70.8924237411897,-70.8924237411897
2159.190060558319,-70.89596587553683,-70.89596587553683
2159.200060558319,-70.89951310821368,-70.89951310821368
2159.210060558319,-70.90306545978513,-70.90306545978513
2159.220060558319,-70.90662295015906,-70.90662295015906
2159.230060558319,-70.91018559855553,-70.91018559855553
2159.240060558319,-70.91375342352303,-70.91375342352303
2159.250060558319,-70.91732644295115,-70.91732644295115
2159.2600605583193,-70.9209046741078,-70.9209046741078
2159.270060558319,-70.92448813358277,-70.92448813358277
2159.2800605583193,-70.92807683734803,-70.92807683734803
2159.290060558319,-70.9316708007468,-70.9316708007468
2159.3000605583193,-70.93527003848965,-70.93527003848965
2159.310060558319,-70.93887456468646,-70.93887456468646
2159.3200605583193,-70.94248439284237,-70.94248439284237
2159.330060558319,-70.94609953586561,-70.94609953586561
2159.3400605583192,-70.94972000606292,-70.94972000606292
2159.350060558319,-70.95334581517419,-70.95334581517419
2159.360060558319,-70.95697697435044,-70.95697697435044
2159.370060558319,-70.96061349418346,-70.96061349418346
2159.380060558319,-70.9642553847045,-70.9642553847045
2159.390060558319,-70.96790265538584,-70.96790265538584
2159.400060558319,-70.97155531515878,-70.97155531515878
2159.410060558319,-70.97521337242142,-70.97521337242142
2159.420060558319,-70.97887683503862,-70.97887683503862
2159.430060558319,-70.98254571034181,-70.98254571034181
2159.440060558319,-70.9862200051629,-70.9862200051629
2159.450060558319,-70.98989972581032,-70.98989972581032
2159.460060558319,-70.99357868869757,-70.99357868869757
2159.470060558319,-70.9972541878483,-70.9972541878483
2159.480060558319,-71.00092490733795,-71.00092490733795
2159.490060558319,-71.0045901744625,-71.0045901744625
2159.500060558319,-71.00824967470214,-71.00824967470214
2159.5100605583193,-71.01190330373579,-71.01190330373579
2159.520060558319,-71.01555108067971,-71.01555108067971
2159.5300605583193,-71.01919309596501,-71.01919309596501
2159.540060558319,-71.02282947999416,-71.02282947999416
2159.5500605583193,-71.02646038434565,-71.02646038434565
2159.560060558319,-71.03008597055953,-71.03008597055953
2159.5700605583193,-71.03370640354765,-71.03370640354765
2159.580060558319,-71.03732184782616,-71.03732184782616
2159.5900605583192,-71.04093246542968,-71.04093246542968
2159.600060558319,-71.04453841489963,-71.04453841489963
2159.610060558319,-71.04813985084168,-71.04813985084168
2159.620060558319,-71.05173692388192,-71.05173692388192
2159.630060558319,-71.0553297807909,-71.0553297807909
2159.640060558319,-71.05891856473305,-71.05891856473305
2159.650060558319,-71.06250341552747,-71.06250341552747
2159.660060558319,-71.06608446995678,-71.06608446995678
2159.670060558319,-71.06966186202767,-71.06966186202767
2159.680060558319,-71.07323572323051,-71.07323572323051
2159.690060558319,-71.07680618276056,-71.07680618276056
2159.700060558319,-71.08037336771596,-71.08037336771596
2159.710060558319,-71.08393740327278,-71.08393740327278
2159.720060558319,-71.0874984128401,-71.0874984128401
2159.730060558319,-71.09105651816458,-71.09105651816458
2159.740060558319,-71.09461183945595,-71.09461183945595
2159.750060558319,-71.09816449546679,-71.09816449546679
2159.7600605583193,-71.1017146035525,-71.1017146035525
2159.770060558319,-71.10526227975203,-71.10526227975203
2159.7800605583193,-71.10880763881752,-71.10880763881752
2159.790060558319,-71.11235079428026,-71.11235079428026
2159.8000605583193,-71.11589185842978,-71.11589185842978
2159.810060558319,-71.11943094240729,-71.11943094240729
2159.8200605583193,-71.12296815615768,-71.12296815615768
2159.830060558319,-71.12650360848893,-71.12650360848893
2159.8400605583192,-71.13003740707327,-71.13003740707327
2159.850060582161,-71.13356966685645,-71.13356966685645
2159.860060582161,-71.13710047641275,-71.13710047641275
2159.870060582161,-71.14062994843175,-71.14062994843175
2159.880060582161,-71.14415818606032,-71.14415818606032
2159.890060582161,-71.14768529132749,-71.14768529132749
2159.900060582161,-71.15121136513201,-71.15121136513201
2159.910060582161,-71.15473650723744,-71.15473650723744
2159.920060582161,-71.15826081628705,-71.15826081628705
2159.930060582161,-71.16178438978456,-71.16178438978456
2159.940060582161,-71.16530732408943,-71.16530732408943
2159.950060582161,-71.16882971442888,-71.16882971442888
2159.960060582161,-71.17235165488314,-71.17235165488314
2159.970060582161,-71.17587323839984,-71.17587323839984
2159.980060582161,-71.17939455674772,-71.17939455674772
2159.990060582161,-71.18291570057453,-71.18291570057453
2160.000060582161,-71.18643675934838,-71.18643675934838
2160.010060582161,-71.18995782140914,-71.18995782140914
2160.020060582161,-71.19347897392475,-71.19347897392475
2160.030060582161,-71.19700030290775,-71.19700030290775
2160.040060582161,-71.20052189321343,-71.20052189321343
2160.0500605821608,-71.20404382854142,-71.20404382854142
2160.060060582161,-71.20756619143484,-71.20756619143484
2160.0700605821607,-71.21108906327275,-71.21108906327275
2160.080060582161,-71.2146125242909,-71.2146125242909
2160.0900605821607,-71.2181366535578,-71.2181366535578
2160.100060582161,-71.22166152900436,-71.22166152900436
2160.110060582161,-71.22518722740271,-71.22518722740271
2160.120060582161,-71.22871382438657,-71.22871382438657
2160.130060582161,-71.2322413944389,-71.2322413944389
2160.140060582161,-71.2357700109145,-71.2357700109145
2160.150060582161,-71.23929974601914,-71.23929974601914
2160.160060582161,-71.242830670841,-71.242830670841
2160.170060582161,-71.24636285534265,-71.24636285534265
2160.180060582161,-71.24989636835707,-71.24989636835707
2160.190060582161,-71.25343127760281,-71.25343127760281
2160.200060582161,-71.25696764970213,-71.25696764970213
2160.210060582161,-71.26050555016688,-71.26050555016688
2160.220060582161,-71.26404504340867,-71.26404504340867
2160.230060582161,-71.26758619275564,-71.26758619275564
2160.240060582161,-71.27112906045339,-71.27112906045339
2160.250060582161,-71.2746737076588,-71.2746737076588
2160.260060582161,-71.27822019448381,-71.27822019448381
2160.270060582161,-71.28176857995877,-71.28176857995877
2160.280060582161,-71.28531892207356,-71.28531892207356
2160.290060582161,-71.28887127776295,-71.28887127776295
2160.3000605821608,-71.29242570293582,-71.29242570293582
2160.310060582161,-71.295982252467,-71.295982252467
2160.3200605821607,-71.29954098020914,-71.29954098020914
2160.330060582161,-71.30310193900763,-71.30310193900763
2160.3400605821607,-71.30666518070056,-71.30666518070056
2160.350060582161,-71.3102307561464,-71.3102307561464
2160.360060582161,-71.31379871519975,-71.31379871519975
2160.370060582161,-71.31736910674985,-71.31736910674985
2160.380060582161,-71.3209419787224,-71.3209419787224
2160.390060582161,-71.32451737808123,-71.32451737808123
2160.400060582161,-71.32809535083297,-71.32809535083297
2160.410060582161,-71.33167594207244,-71.33167594207244
2160.420060582161,-71.33525919594994,-71.33525919594994
2160.430060582161,-71.33884515568664,-71.33884515568664
2160.440060582161,-71.34243386360788,-71.34243386360788
2160.450060582161,-71.34602536114201,-71.34602536114201
2160.460060582161,-71.34961968881235,-71.34961968881235
2160.470060582161,-71.35321688627565,-71.35321688627565
2160.480060582161,-71.35681699231648,-71.35681699231648
2160.490060582161,-71.36042004484672,-71.36042004484672
2160.500060582161,-71.36402608094176,-71.36402608094176
2160.510060582161,-71.36763513682685,-71.36763513682685
2160.520060582161,-71.37124724789277,-71.37124724789277
2160.530060582161,-71.37486244871734,-71.37486244871734
2160.540060582161,-71.37848077305746,-71.37848077305746
2160.5500605821608,-71.38210225387927,-71.38210225387927
2160.560060582161,-71.38572692333375,-71.38572692333375
2160.5700605821607,-71.3893548128118,-71.3893548128118
2160.580060582161,-71.39298595292242,-71.39298595292242
2160.5900605821607,-71.39662037350244,-71.39662037350244
2160.600060582161,-71.40025810363959,-71.40025810363959
2160.610060582161,-71.40389917168471,-71.40389917168471
2160.620060582161,-71.40754360524085,-71.40754360524085
2160.630060582161,-71.41119143118631,-71.41119143118631
2160.640060582161,-71.41484267569219,-71.41484267569219
2160.650060582161,-71.4184973642079,-71.4184973642079
2160.660060582161,-71.42215552148728,-71.42215552148728
2160.670060582161,-71.4258171715999,-71.4258171715999
2160.680060582161,-71.42948233794299,-71.42948233794299
2160.690060582161,-71.43315104321942,-71.43315104321942
2160.700060606003,-71.43682331823888,-71.43682331823888
2160.710060606003,-71.44049293743018,-71.44049293743018
2160.720060606003,-71.44415720068467,-71.44415720068467
2160.730060606003,-71.4478147978169,-71.4478147978169
2160.7400606060028,-71.45146506582255,-71.45146506582255
2160.750060606003,-71.455107702036,-71.455107702036
2160.7600606060028,-71.45874261522728,-71.45874261522728
2160.770060606003,-71.46236983829637,-71.46236983829637
2160.7800606060027,-71.46598947585301,-71.46598947585301
2160.790060606003,-71.46960167265787,-71.46960167265787
2160.8000606060027,-71.47320659472393,-71.47320659472393
2160.810060606003,-71.47680441802214,-71.47680441802214
2160.8200606060027,-71.48039532186246,-71.48039532186246
2160.830060606003,-71.48397948508483,-71.48397948508483
2160.8400606060027,-71.48755708397003,-71.48755708397003
2160.850060606003,-71.49112829120685,-71.49112829120685
2160.8600606060027,-71.49469327547612,-71.49469327547612
2160.870060606003,-71.49825220135422,-71.49825220135422
2160.8800606060026,-71.5018052294774,-71.5018052294774
2160.890060606003,-71.50535251676226,-71.50535251676226
2160.9000606060026,-71.50889421669346,-71.50889421669346
2160.910060606003,-71.51243047961506,-71.51243047961506
2160.9200606060026,-71.51596145298151,-71.51596145298151
2160.930060606003,-71.51948728163381,-71.51948728163381
2160.9400606060026,-71.52300810802164,-71.52300810802164
2160.950060606003,-71.52652407240328,-71.52652407240328
2160.960060606003,-71.53002907601788,-71.53002907601788
2160.970060606003,-71.5335205225244,-71.5335205225244
2160.980060606003,-71.53699721493084,-71.53699721493084
2160.9900606060028,-71.54045860322408,-71.54045860322408
2161.000060606003,-71.54390449727859,-71.54390449727859
2161.0100606060028,-71.54733491783392,-71.54733491783392
2161.020060606003,-71.55075000909741,-71.55075000909741
2161.0300606060027,-71.55414998634205,-71.55414998634205
2161.040060606003,-71.55753510431315,-71.55753510431315
2161.0500606060027,-71.56090563833236,-71.56090563833236
2161.060060606003,-71.56426187300653,-71.56426187300653
2161.0700606060027,-71.56760409559983,-71.56760409559983
2161.080060606003,-71.57093259224226,-71.57093259224226
2161.0900606060027,-71.5742476458358,-71.5742476458358
2161.100060606003,-71.57754953499474,-71.57754953499474
2161.1100606060027,-71.58083853364529,-71.58083853364529
2161.120060606003,-71.5841149109156,-71.5841149109156
2161.1300606060026,-71.5873789313026,-71.5873789313026
2161.140060606003,-71.59063085486646,-71.59063085486646
2161.1500606060026,-71.59387093752596,-71.59387093752596
2161.160060606003,-71.59709943129694,-71.59709943129694
2161.1700606060026,-71.60031658461256,-71.60031658461256
2161.180060606003,-71.60352264251287,-71.60352264251287
2161.1900606060026,-71.60671784689146,-71.60671784689146
2161.200060606003,-71.60990243667905,-71.60990243667905
2161.210060606003,-71.61307664798406,-71.61307664798406
2161.220060606003,-71.61624071427265,-71.61624071427265
2161.230060606003,-71.61939486644177,-71.61939486644177
2161.2400606060028,-71.62253933292794,-71.62253933292794
2161.250060606003,-71.6256743397981,-71.6256743397981
2161.2600606060028,-71.62880011079382,-71.62880011079382
2161.270060606003,-71.63191686740794,-71.63191686740794
2161.2800606060027,-71.63502482889734,-71.63502482889734
2161.290060606003,-71.63812421233933,-71.63812421233933
2161.3000606060027,-71.64121523263198,-71.64121523263198
2161.310060606003,-71.64429810254263,-71.64429810254263
2161.3200606060027,-71.64737303270256,-71.64737303270256
2161.330060606003,-71.6504402316102,-71.6504402316102
2161.3400606060027,-71.65349990565782,-71.65349990565782
2161.350060606003,-71.65655225912106,-71.65655225912106
2161.3600606060027,-71.65959749417826,-71.65959749417826
2161.370060606003,-71.66263581087827,-71.66263581087827
2161.3800606060026,-71.66566740717649,-71.66566740717649
2161.390060606003,-71.66869247889886,-71.66869247889886
2161.4000606060026,-71.67171121977832,-71.67171121977832
2161.410060606003,-71.67472382142408,-71.67472382142408
2161.4200606060026,-71.67773047332453,-71.67773047332453
2161.430060606003,-71.68073136284458,-71.68073136284458
2161.4400606060026,-71.6837266752388,-71.6837266752388
2161.450060606003,-71.68671659363588,-71.68671659363588
2161.460060606003,-71.68970129903431,-71.68970129903431
2161.470060606003,-71.69268097031747,-71.69268097031747
2161.480060606003,-71.69565578423959,-71.69565578423959
2161.4900606060028,-71.69862591543439,-71.69862591543439
2161.500060606003,-71.70159153640314,-71.70159153640314
2161.5100606060028,-71.70455281755062,-71.70455281755062
2161.520060606003,-71.70750992714116,-71.70750992714116
2161.5300606060027,-71.71046303133808,-71.71046303133808
2161.540060606003,-71.71341229418746,-71.71341229418746
2161.5500606298447,-71.71635788465862,-71.71635788465862
2161.560060629845,-71.71929994856549,-71.71929994856549
2161.5700606298446,-71.72223865068254,-71.72223865068254
2161.580060629845,-71.72517414667557,-71.72517414667557
2161.5900606298446,-71.72810659014428,-71.72810659014428
2161.600060629845,-71.73103613260615,-71.73103613260615
2161.6100606298446,-71.7339629235318,-71.7339629235318
2161.620060629845,-71.7368871103255,-71.7368871103255
2161.6300606298446,-71.739808838362,-71.739808838362
2161.640060629845,-71.74272825096874,-71.74272825096874
2161.6500606298446,-71.74564548947268,-71.74564548947268
2161.660060629845,-71.748560693178,-71.748560693178
2161.6700606298446,-71.75147399938879,-71.75147399938879
2161.680060629845,-71.75438554344684,-71.75438554344684
2161.6900606298445,-71.75729545868722,-71.75729545868722
2161.7000606298448,-71.76020387651987,-71.76020387651987
2161.7100606298445,-71.76311092639403,-71.76311092639403
2161.7200606298447,-71.76601673582806,-71.76601673582806
2161.7300606298445,-71.76892143041967,-71.76892143041967
2161.7400606298447,-71.77182513387767,-71.77182513387767
2161.7500606298445,-71.77472796800467,-71.77472796800467
2161.7600606298447,-71.77763005274822,-71.77763005274822
2161.7700606298445,-71.78053150619317,-71.78053150619317
2161.7800606298447,-71.78343244457743,-71.78343244457743
2161.7900606298444,-71.7863329823179,-71.7863329823179
2161.8000606298447,-71.78923323202777,-71.78923323202777
2161.810060629845,-71.79213330452075,-71.79213330452075
2161.8200606298446,-71.79503330883017,-71.79503330883017
2161.830060629845,-71.7979333522426,-71.7979333522426
2161.8400606298446,-71.80083354028756,-71.80083354028756
2161.850060629845,-71.80373397677273,-71.80373397677273
2161.8600606298446,-71.80663476380276,-71.80663476380276
2161.870060629845,-71.80953600178243,-71.80953600178243
2161.8800606298446,-71.81243778944237,-71.81243778944237
2161.890060629845,-71.81534022385344,-71.81534022385344
2161.9000606298446,-71.8182434004453,-71.8182434004453
2161.910060629845,-71.8211474130373,-71.8211474130373
2161.9200606298446,-71.82405235382231,-71.82405235382231
2161.930060629845,-71.82695831342295,-71.82695831342295
2161.9400606298445,-71.82986538086708,-71.82986538086708
2161.9500606298448,-71.83277364365253,-71.83277364365253
2161.9600606298445,-71.83568318772777,-71.83568318772777
2161.9700606298447,-71.83859409752044,-71.83859409752044
2161.9800606298445,-71.84150645596522,-71.84150645596522
2161.9900606298447,-71.84442034450188,-71.84442034450188
2162.0000606298445,-71.84733584310722,-71.84733584310722
2162.0100606298447,-71.85025303029819,-71.85025303029819
2162.0200606298445,-71.85317198317169,-71.85317198317169
2162.0300606298447,-71.85609277740531,-71.85609277740531
2162.0400606298444,-71.85901548727261,-71.85901548727261
2162.0500606298447,-71.86194018566344,-71.86194018566344
2162.060060629845,-71.86486694410688,-71.86486694410688
2162.0700606298446,-71.8677958327803,-71.8677958327803
2162.080060629845,-71.87072692052611,-71.87072692052611
2162.0900606298446,-71.87366027488328,-71.87366027488328
2162.100060629845,-71.87659596207315,-71.87659596207315
2162.1100606298446,-71.87953404704525,-71.87953404704525
2162.120060629845,-71.8824745934776,-71.8824745934776
2162.1300606298446,-71.88541766380169,-71.88541766380169
2162.140060629845,-71.88836331921831,-71.88836331921831
2162.1500606298446,-71.89131161969489,-71.89131161969489
2162.160060629845,-71.89426262401263,-71.89426262401263
2162.1700606298446,-71.89721638974869,-71.89721638974869
2162.180060629845,-71.90017297332803,-71.90017297332803
2162.1900606298445,-71.90313243000628,-71.90313243000628
2162.2000606298448,-71.90609481390631,-71.90609481390631
2162.2100606298445,-71.909060178015,-71.909060178015
2162.2200606298447,-71.9120285742132,-71.9120285742132
2162.2300606298445,-71.91500005328665,-71.91500005328665
2162.2400606298447,-71.91797466494724,-71.91797466494724
2162.2500606298445,-71.92095245782757,-71.92095245782757
2162.2600606298447,-71.9239334795103,-71.9239334795103
2162.2700606298445,-71.92691777654896,-71.92691777654896
2162.2800606298447,-71.92986383469061,-71.92986383469061
2162.2900606298444,-71.93275459062299,-71.93275459062299
2162.3000606298447,-71.93558074140047,-71.93558074140047
2162.310060629845,-71.93833703922382,-71.93833703922382
2162.3200606298446,-71.94102070594906,-71.94102070594906
2162.330060629845,-71.94363044026247,-71.94363044026247
2162.3400606298446,-71.94616579792782,-71.94616579792782
2162.350060629845,-71.9486268214009,-71.9486268214009
2162.3600606298446,-71.9510138249553,-71.9510138249553
2162.370060629845,-71.95332727256051,-71.95332727256051
2162.3800606298446,-71.95556770979586,-71.95556770979586
2162.390060629845,-71.95773572681004,-71.95773572681004
2162.4000606536865,-71.95983194390001,-71.95983194390001
2162.4100606536867,-71.96185698165804,-71.96185698165804
2162.4200606536865,-71.9638114873589,-71.9638114873589
2162.4300606536867,-71.96569611258168,-71.96569611258168
2162.4400606536865,-71.96751151829947,-71.96751151829947
2162.4500606536867,-71.96925837507797,-71.96925837507797
2162.4600606536865,-71.97093736349252,-71.97093736349252
2162.4700606536867,-71.97254917439412,-71.97254917439412
2162.4800606536865,-71.97409450906433,-71.97409450906433
2162.4900606536867,-71.97557407914188,-71.97557407914188
2162.5000606536864,-71.97698860639913,-71.97698860639913
2162.5100606536867,-71.97833882239213,-71.97833882239213
2162.5200606536864,-71.97962546794804,-71.97962546794804
2162.5300606536866,-71.9808492926166,-71.9808492926166
2162.5400606536864,-71.98201105404071,-71.98201105404071
2162.5500606536866,-71.98311151725956,-71.98311151725956
2162.5600606536864,-71.98415145405514,-71.98415145405514
2162.5700606536866,-71.98513164221715,-71.98513164221715
2162.5800606536864,-71.98605286487292,-71.98605286487292
2162.5900606536866,-71.98691590979405,-71.98691590979405
2162.6000606536863,-71.98772156873639,-71.98772156873639
2162.6100606536866,-71.9884706367868,-71.9884706367868
2162.6200606536863,-71.98916391175474,-71.98916391175474
2162.6300606536865,-71.98980219354614,-71.98980219354614
2162.6400606536863,-71.9903862836364,-71.9903862836364
2162.6500606536865,-71.9909169844975,-71.9909169844975
2162.6600606536867,-71.99139509909708,-71.99139509909708
2162.6700606536865,-71.99182143040996,-71.99182143040996
2162.6800606536867,-71.99219678095193,-71.99219678095193
2162.6900606536865,-71.99252195233808,-71.99252195233808
2162.7000606536867,-71.99279774488683,-71.99279774488683
2162.7100606536865,-71.99301868401788,-71.99301868401788
2162.7200606536867,-71.99318282152005,-71.99318282152005
2162.7300606536865,-71.99328961678037,-71.99328961678037
2162.7400606536867,-71.99333917874719,-71.99333917874719
2162.7500606536864,-71.99333197657865,-71.99333197657865
2162.7600606536867,-71.9932686893725,-71.9932686893725
2162.7700606536864,-71.99315011801342,-71.99315011801342
2162.7800606536866,-71.99297713214864,-71.99297713214864
2162.7900606536864,-71.99275063824592,-71.99275063824592
2162.8000606536866,-71.9924715603242,-71.9924715603242
2162.8100606536864,-71.99214082844071,-71.99214082844071
2162.8200606536866,-71.99175937179317,-71.99175937179317
2162.8300606536864,-71.99132811477847,-71.99132811477847
2162.8400606536866,-71.99084797465618,-71.99084797465618
2162.8500606536863,-71.99031986042242,-71.99031986042242
2162.8600606536866,-71.98974467217845,-71.98974467217845
2162.8700606536863,-71.98912330094382,-71.98912330094382
2162.8800606536865,-71.98845662867723,-71.98845662867723
2162.8900606536863,-71.98774552835667,-71.98774552835667
2162.9000606536865,-71.98699086418549,-71.98699086418549
2162.9100606536867,-71.98619349176728,-71.98619349176728
2162.9200606536865,-71.9853542582642,-71.9853542582642
2162.9300606536867,-71.9844740025904,-71.9844740025904
2162.9400606536865,-71.98355355554875,-71.98355355554875
2162.9500606536867,-71.98259373995145,-71.98259373995145
2162.9600606536865,-71.9815953707355,-71.9815953707355
2162.9700606536867,-71.9805592550383,-71.9805592550383
2162.9800606536865,-71.97948619227147,-71.97948619227147
2162.9900606536867,-71.97837697418849,-71.97837697418849
2163.0000606536864,-71.97723238490838,-71.97723238490838
2163.0100606536867,-71.97605320096983,-71.97605320096983
2163.0200606536864,-71.97484019134693,-71.97484019134693
2163.0300606536866,-71.97359411746741,-71.97359411746741
2163.0400606536864,-71.97231573323167,-71.97231573323167
2163.0500606536866,-71.97100578502857,-71.97100578502857
2163.0600606536864,-71.96966501172695,-71.96966501172695
2163.0700606536866,-71.96829414471121,-71.96829414471121
2163.0800606536864,-71.96689390785022,-71.96689390785022
2163.0900606536866,-71.96546501754035,-71.96546501754035
2163.1000606536863,-71.96400818268546,-71.96400818268546
2163.1100606536866,-71.96252410470929,-71.96252410470929
2163.1200606536863,-71.96101347757244,-71.96101347757244
2163.1300606536865,-71.95947698777505,-71.95947698777505
2163.1400606536863,-71.9579153143531,-71.9579153143531
2163.1500606536865,-71.95632912890862,-71.95632912890862
2163.1600606536867,-71.95471909561661,-71.95471909561661
2163.1700606536865,-71.9530858712433,-71.9530858712433
2163.1800606536867,-71.95143010514576,-71.95143010514576
2163.1900606536865,-71.9497524393171,-71.9497524393171
2163.2000606536867,-71.94805350837999,-71.94805350837999
2163.2100606536865,-71.94633393964016,-71.94633393964016
2163.2200606536867,-71.94459435306975,-71.94459435306975
2163.2300606536865,-71.94283536136562,-71.94283536136562
2163.2400606536867,-71.94105756997106,-71.94105756997106
2163.2500606775284,-71.93926157282561,-71.93926157282561
2163.2600606775286,-71.93744796943889,-71.93744796943889
2163.2700606775284,-71.93561733945592,-71.93561733945592
2163.2800606775286,-71.93377025958868,-71.93377025958868
2163.2900606775283,-71.93190729945788,-71.93190729945788
2163.3000606775286,-71.93002902164093,-71.93002902164093
2163.3100606775283,-71.92813598169059,-71.92813598169059
2163.3200606775285,-71.92622872818052,-71.92622872818052
2163.3300606775283,-71.9243078027536,-71.9243078027536
2163.3400606775285,-71.92237374014617,-71.92237374014617
2163.3500606775283,-71.92042706826794,-71.92042706826794
2163.3600606775285,-71.91846830820171,-71.91846830820171
2163.3700606775283,-71.91649797428317,-71.91649797428317
2163.3800606775285,-71.91451657412573,-71.91451657412573
2163.3900606775283,-71.91252460869109,-71.91252460869109
2163.4000606775285,-71.91052257231205,-71.91052257231205
2163.4100606775282,-71.90851095276531,-71.90851095276531
2163.4200606775285,-71.90649023130149,-71.90649023130149
2163.430060677528,-71.90446088271885,-71.90446088271885
2163.4400606775284,-71.90242337538108,-71.90242337538108
2163.450060677528,-71.90037817129998,-71.90037817129998
2163.4600606775284,-71.89832572617945,-71.89832572617945
2163.470060677528,-71.8962664894702,-71.8962664894702
2163.4800606775284,-71.89420090441104,-71.89420090441104
2163.490060677528,-71.89212940808187,-71.89212940808187
2163.5000606775284,-71.89005243148381,-71.89005243148381
2163.5100606775286,-71.88797039958101,-71.88797039958101
2163.5200606775284,-71.88588373133256,-71.88588373133256
2163.5300606775286,-71.8837928397698,-71.8837928397698
2163.5400606775283,-71.88169813205555,-71.88169813205555
2163.5500606775286,-71.87960000953,-71.87960000953
2163.5600606775283,-71.87749886776686,-71.87749886776686
2163.5700606775285,-71.87539509662831,-71.87539509662831
2163.5800606775283,-71.8732890803247,-71.8732890803247
2163.5900606775285,-71.87118119746468,-71.87118119746468
2163.6000606775283,-71.8690718211167,-71.8690718211167
2163.6100606775285,-71.86696131886175,-71.86696131886175
2163.6200606775283,-71.86485005284588,-71.86485005284588
2163.6300606775285,-71.86273837985209,-71.86273837985209
2163.6400606775283,-71.86062665132918,-71.86062665132918
2163.6500606775285,-71.85851521346214,-71.85851521346214
2163.6600606775282,-71.85640440724079,-71.85640440724079
2163.6700606775285,-71.85429456847605,-71.85429456847605
2163.680060677528,-71.85218602790351,-71.85218602790351
2163.6900606775284,-71.85007911120417,-71.85007911120417
2163.700060677528,-71.84797413907599,-71.84797413907599
2163.7100606775284,-71.8458714272672,-71.8458714272672
2163.720060677528,-71.84377128665521,-71.84377128665521
2163.7300606775284,-71.84167402329183,-71.84167402329183
2163.740060677528,-71.83957993844223,-71.83957993844223
2163.7500606775284,-71.83748932866429,-71.83748932866429
2163.7600606775286,-71.83540248584461,-71.83540248584461
2163.7700606775284,-71.83331969725764,-71.83331969725764
2163.7800606775286,-71.83124124560825,-71.83124124560825
2163.7900606775283,-71.82916740909798,-71.82916740909798
2163.8000606775286,-71.82709846147385,-71.82709846147385
2163.8100606775283,-71.8250346720715,-71.8250346720715
2163.8200606775285,-71.82297630586426,-71.82297630586426
2163.8300606775283,-71.82092362353539,-71.82092362353539
2163.8400606775285,-71.81887688149567,-71.81887688149567
2163.8500606775283,-71.81683633197486,-71.81683633197486
2163.8600606775285,-71.81480222302734,-71.81480222302734
2163.8700606775283,-71.81277479861623,-71.81277479861623
2163.8800606775285,-71.81075429864525,-71.81075429864525
2163.8900606775283,-71.80874095900718,-71.80874095900718
2163.9000606775285,-71.80673501163294,-71.80673501163294
2163.9100606775282,-71.80473668455431,-71.80473668455431
2163.9200606775285,-71.80274620192846,-71.80274620192846
2163.930060677528,-71.8007637841022,-71.8007637841022
2163.9400606775284,-71.79878964763795,-71.79878964763795
2163.950060677528,-71.79682400539514,-71.79682400539514
2163.9600606775284,-71.79486706652864,-71.79486706652864
2163.970060677528,-71.79291903658397,-71.79291903658397
2163.9800606775284,-71.79098011750119,-71.79098011750119
2163.990060677528,-71.7890505076899,-71.7890505076899
2164.0000606775284,-71.78713040204595,-71.78713040204595
2164.0100606775286,-71.78521999201924,-71.78521999201924
2164.0200606775284,-71.78331946564677,-71.78331946564677
2164.0300606775286,-71.78142900757895,-71.78142900757895
2164.0400606775283,-71.77954879916082,-71.77954879916082
2164.0500606775286,-71.77767901842999,-71.77767901842999
2164.0600606775283,-71.77581984020635,-71.77581984020635
2164.0700606775285,-71.77397143607341,-71.77397143607341
2164.0800606775283,-71.77213397448492,-71.77213397448492
2164.0900606775285,-71.77030762074621,-71.77030762074621
2164.1000607013702,-71.76849253277668,-71.76849253277668
2164.1100607013705,-71.76668887844156,-71.76668887844156
2164.12006070137,-71.76489680956401,-71.76489680956401
2164.1300607013704,-71.76311647937071,-71.76311647937071
2164.14006070137,-71.7613480381525,-71.7613480381525
2164.1500607013704,-71.7595916333153,-71.7595916333153
2164.16006070137,-71.75784740941273,-71.75784740941273
2164.1700607013704,-71.75611550818638,-71.75611550818638
2164.18006070137,-71.75439606859776,-71.75439606859776
2164.1900607013704,-71.75268922685598,-71.75268922685598
2164.20006070137,-71.75099511648168,-71.75099511648168
2164.2100607013704,-71.74931386830829,-71.74931386830829
2164.22006070137,-71.74764561054278,-71.74764561054278
2164.2300607013703,-71.74599046878983,-71.74599046878983
2164.24006070137,-71.74434856608721,-71.74434856608721
2164.2500607013703,-71.74272002293078,-71.74272002293078
2164.26006070137,-71.74110495733325,-71.74110495733325
2164.2700607013703,-71.73950348482515,-71.73950348482515
2164.28006070137,-71.73791571850781,-71.73791571850781
2164.2900607013703,-71.73634176909174,-71.73634176909174
2164.30006070137,-71.73478174489512,-71.73478174489512
2164.3100607013703,-71.73323575192224,-71.73323575192224
2164.32006070137,-71.73170389384694,-71.73170389384694
2164.3300607013703,-71.73018627209056,-71.73018627209056
2164.34006070137,-71.72868298580869,-71.72868298580869
2164.3500607013702,-71.72719413195203,-71.72719413195203
2164.3600607013705,-71.72571980529234,-71.72571980529234
2164.37006070137,-71.72426009842579,-71.72426009842579
2164.3800607013704,-71.72281510184156,-71.72281510184156
2164.39006070137,-71.7213849039084,-71.7213849039084
2164.4000607013704,-71.71996959094672,-71.71996959094672
2164.41006070137,-71.71856924721983,-71.71856924721983
2164.4200607013704,-71.71718395498276,-71.71718395498276
2164.43006070137,-71.71581379449977,-71.71581379449977
2164.4400607013704,-71.71445884407684,-71.71445884407684
2164.45006070137,-71.71311918008789,-71.71311918008789
2164.4600607013704,-71.71179487700238,-71.71179487700238
2164.47006070137,-71.71048600740191,-71.71048600740191
2164.4800607013703,-71.70919264201444,-71.70919264201444
2164.49006070137,-71.70791484974677,-71.70791484974677
2164.5000607013703,-71.70665269769297,-71.70665269769297
2164.51006070137,-71.70540625117061,-71.70540625117061
2164.5200607013703,-71.70417557373423,-71.70417557373423
2164.53006070137,-71.70296072721368,-71.70296072721368
2164.5400607013703,-71.70176177173315,-71.70176177173315
2164.55006070137,-71.70057876573156,-71.70057876573156
2164.5600607013703,-71.69941176598316,-71.69941176598316
2164.57006070137,-71.69826082763687,-71.69826082763687
2164.5800607013703,-71.6971260042138,-71.6971260042138
2164.59006070137,-71.69600734765237,-71.69600734765237
2164.6000607013702,-71.69490490831657,-71.69490490831657
2164.6100607013705,-71.69381873502019,-71.69381873502019
2164.62006070137,-71.69274887505647,-71.69274887505647
2164.6300607013704,-71.69169537421713,-71.69169537421713
2164.64006070137,-71.69065827679533,-71.69065827679533
2164.6500607013704,-71.68963762563311,-71.68963762563311
2164.66006070137,-71.68863346212895,-71.68863346212895
2164.6700607013704,-71.68764582625897,-71.68764582625897
2164.68006070137,-71.68667475659278,-71.68667475659278
2164.6900607013704,-71.6857202903284,-71.6857202903284
2164.70006070137,-71.68478246328984,-71.68478246328984
2164.7100607013704,-71.6838550662053,-71.6838550662053
2164.72006070137,-71.6829354009735,-71.6829354009735
2164.7300607013703,-71.6820221717385,-71.6820221717385
2164.74006070137,-71.68111473055983,-71.68111473055983
2164.7500607013703,-71.68021278965828,-71.68021278965828
2164.76006070137,-71.67931627212215,-71.67931627212215
2164.7700607013703,-71.67842522444339,-71.67842522444339
2164.78006070137,-71.67753976403773,-71.67753976403773
2164.7900607013703,-71.67666004765836,-71.67666004765836
2164.80006070137,-71.67578625253009,-71.67578625253009
2164.8100607013703,-71.67491856503894,-71.67491856503894
2164.82006070137,-71.67405717416786,-71.67405717416786
2164.8300607013703,-71.67320226768973,-71.67320226768973
2164.84006070137,-71.67235403013204,-71.67235403013204
2164.8500607013702,-71.67151264172212,-71.67151264172212
2164.8600607013705,-71.67067827801016,-71.67067827801016
2164.87006070137,-71.66985110979373,-71.66985110979373
2164.8800607013704,-71.66903130328257,-71.66903130328257
2164.89006070137,-71.66821902035038,-71.66821902035038
2164.9000607013704,-71.66741441880754,-71.66741441880754
2164.91006070137,-71.66661765272939,-71.66661765272939
2164.9200607013704,-71.66582887272487,-71.66582887272487
2164.93006070137,-71.66504822618387,-71.66504822618387
2164.9400607013704,-71.66427585754705,-71.66427585754705
2164.950060725212,-71.66351190667851,-71.66351190667851
2164.9600607252123,-71.66275027441539,-71.66275027441539
2164.970060725212,-71.6619883650642,-71.6619883650642
2164.9800607252123,-71.66122498567911,-71.66122498567911
2164.990060725212,-71.6604595901884,-71.6604595901884
2165.0000607252123,-71.65969199183249,-71.65969199183249
2165.010060725212,-71.65892221398727,-71.65892221398727
2165.0200607252123,-71.65815040275379,-71.65815040275379
2165.030060725212,-71.65737677453166,-71.65737677453166
2165.0400607252122,-71.65660158448156,-71.65660158448156
2165.050060725212,-71.65582510763792,-71.65582510763792
2165.060060725212,-71.65504762768386,-71.65504762768386
2165.070060725212,-71.65426943032038,-71.65426943032038
2165.080060725212,-71.65349079950924,-71.65349079950924
2165.090060725212,-71.6527120154117,-71.6527120154117
2165.100060725212,-71.65193335333295,-71.65193335333295
2165.110060725212,-71.65115508335015,-71.65115508335015
2165.120060725212,-71.65037747021633,-71.65037747021633
2165.130060725212,-71.64960077352868,-71.64960077352868
2165.140060725212,-71.6488252479499,-71.6488252479499
2165.150060725212,-71.6480511434873,-71.6480511434873
2165.160060725212,-71.64727870579397,-71.64727870579397
2165.170060725212,-71.6465081764268,-71.6465081764268
2165.180060725212,-71.64573979310612,-71.64573979310612
2165.190060725212,-71.64497378994282,-71.64497378994282
2165.200060725212,-71.64421039761064,-71.64421039761064
2165.2100607252123,-71.64344984355124,-71.64344984355124
2165.220060725212,-71.64269235210374,-71.64269235210374
2165.2300607252123,-71.64193814460538,-71.64193814460538
2165.240060725212,-71.64118743953695,-71.64118743953695
2165.2500607252123,-71.64044045257246,-71.64044045257246
2165.260060725212,-71.63969739666581,-71.63969739666581
2165.2700607252123,-71.6389584821051,-71.6389584821051
2165.280060725212,-71.63822391656801,-71.63822391656801
2165.2900607252122,-71.6374939051473,-71.6374939051473
2165.300060725212,-71.6367686503962,-71.6367686503962
2165.310060725212,-71.63604835233537,-71.63604835233537
2165.320060725212,-71.63533320849862,-71.63533320849862
2165.330060725212,-71.63462341393357,-71.63462341393357
2165.340060725212,-71.63391916120834,-71.63391916120834
2165.350060725212,-71.63322064042535,-71.63322064042535
2165.360060725212,-71.63252803925027,-71.63252803925027
2165.370060725212,-71.6318415428827,-71.6318415428827
2165.380060725212,-71.63116133409272,-71.63116133409272
2165.390060725212,-71.63048759320313,-71.63048759320313
2165.400060725212,-71.62982049810756,-71.62982049810756
2165.410060725212,-71.62916022426676,-71.62916022426676
2165.420060725212,-71.62850694471261,-71.62850694471261
2165.430060725212,-71.6278608300611,-71.6278608300611
2165.440060725212,-71.62722204850287,-71.62722204850287
2165.450060725212,-71.62659076579926,-71.62659076579926
2165.4600607252123,-71.6259671453167,-71.6259671453167
2165.470060725212,-71.62535134801212,-71.62535134801212
2165.4800607252123,-71.62474353243194,-71.62474353243194
2165.490060725212,-71.62414385473129,-71.62414385473129
2165.5000607252123,-71.62355246867236,-71.62355246867236
2165.510060725212,-71.62296952564486,-71.62296952564486
2165.5200607252123,-71.6223951746459,-71.6223951746459
2165.530060725212,-71.62182956231932,-71.62182956231932
2165.5400607252122,-71.6212728329515,-71.6212728329515
2165.550060725212,-71.62072512847561,-71.62072512847561
2165.560060725212,-71.6201865884845,-71.6201865884845
2165.570060725212,-71.6196573502554,-71.6196573502554
2165.580060725212,-71.61913754874578,-71.61913754874578
2165.590060725212,-71.61862731660078,-71.61862731660078
2165.600060725212,-71.61812678418072,-71.61812678418072
2165.610060725212,-71.61763607957403,-71.61763607957403
2165.620060725212,-71.61715532859964,-71.61715532859964
2165.630060725212,-71.61668465482728,-71.61668465482728
2165.640060725212,-71.61622417959389,-71.61622417959389
2165.650060725212,-71.61577402201536,-71.61577402201536
2165.660060725212,-71.61533429900302,-71.61533429900302
2165.670060725212,-71.61490512528478,-71.61490512528478
2165.680060725212,-71.61448661340229,-71.61448661340229
2165.690060725212,-71.6140788737639,-71.6140788737639
2165.700060725212,-71.61368201462213,-71.61368201462213
2165.7100607252123,-71.61329614212447,-71.61329614212447
2165.720060725212,-71.61292136029589,-71.61292136029589
2165.7300607252123,-71.6125577710978,-71.6125577710978
2165.740060725212,-71.61220547441313,-71.61220547441313
2165.7500607252123,-71.61186456807873,-71.61186456807873
2165.760060725212,-71.61153514791313,-71.61153514791313
2165.7700607252123,-71.61121730770301,-71.61121730770301
2165.780060725212,-71.61091113926649,-71.61091113926649
2165.7900607252122,-71.61061673243252,-71.61061673243252
2165.800060749054,-71.61033417442975,-71.61033417442975
2165.810060749054,-71.6100635525825,-71.6100635525825
2165.820060749054,-71.60980495022594,-71.60980495022594
2165.830060749054,-71.60955844950402,-71.60955844950402
2165.840060749054,-71.6093241306988,-71.6093241306988
2165.850060749054,-71.60910207223199,-71.60910207223199
2165.860060749054,-71.60889235069148,-71.60889235069148
2165.870060749054,-71.608695040857,-71.608695040857
2165.880060749054,-71.6085102157252,-71.6085102157252
2165.890060749054,-71.60833794650728,-71.60833794650728
2165.900060749054,-71.60817830265776,-71.60817830265776
2165.910060749054,-71.60803135191145,-71.60803135191145
2165.920060749054,-71.60789716029203,-71.60789716029203
2165.930060749054,-71.6077757921325,-71.6077757921325
2165.940060749054,-71.60766731008319,-71.60766731008319
2165.950060749054,-71.60757177515264,-71.60757177515264
2165.960060749054,-71.60748924672197,-71.60748924672197
2165.970060749054,-71.6074197825468,-71.6074197825468
2165.980060749054,-71.60736343880798,-71.60736343880798
2165.990060749054,-71.60732027010486,-71.60732027010486
2166.000060749054,-71.60729032949466,-71.60729032949466
2166.010060749054,-71.60727366849243,-71.60727366849243
2166.0200607490538,-71.6072703371013,-71.6072703371013
2166.030060749054,-71.60728038384151,-71.60728038384151
2166.0400607490537,-71.60730385575468,-71.60730385575468
2166.050060749054,-71.60734079843037,-71.60734079843037
2166.060060749054,-71.60739125601941,-71.60739125601941
2166.070060749054,-71.60745527125938,-71.60745527125938
2166.080060749054,-71.60753288549347,-71.60753288549347
2166.090060749054,-71.60762413867842,-71.60762413867842
2166.100060749054,-71.60772906942049,-71.60772906942049
2166.110060749054,-71.60784771498763,-71.60784771498763
2166.120060749054,-71.60798011130545,-71.60798011130545
2166.130060749054,-71.608126293026,-71.608126293026
2166.140060749054,-71.60828629348865,-71.60828629348865
2166.150060749054,-71.60846014477313,-71.60846014477313
2166.160060749054,-71.6086478777138,-71.6086478777138
2166.170060749054,-71.60884952191282,-71.60884952191282
2166.180060749054,-71.60906510574324,-71.60906510574324
2166.190060749054,-71.6092946563957,-71.6092946563957
2166.200060749054,-71.60953819986653,-71.60953819986653
2166.210060749054,-71.60979576100122,-71.60979576100122
2166.220060749054,-71.61006736349327,-71.61006736349327
2166.230060749054,-71.61035302990175,-71.61035302990175
2166.240060749054,-71.61065278167474,-71.61065278167474
2166.250060749054,-71.61096663916331,-71.61096663916331
2166.260060749054,-71.6112946216374,-71.6112946216374
2166.2700607490538,-71.6116367473029,-71.6116367473029
2166.280060749054,-71.61199303330962,-71.61199303330962
2166.2900607490537,-71.61236349578282,-71.61236349578282
2166.300060749054,-71.61274814982536,-71.61274814982536
2166.310060749054,-71.61314700952992,-71.61314700952992
2166.320060749054,-71.6135600880088,-71.6135600880088
2166.330060749054,-71.61398739740669,-71.61398739740669
2166.340060749054,-71.61442894890497,-71.61442894890497
2166.350060749054,-71.61488475273879,-71.61488475273879
2166.360060749054,-71.61535481821106,-71.61535481821106
2166.370060749054,-71.61583915372351,-71.61583915372351
2166.380060749054,-71.61633776676808,-71.61633776676808
2166.390060749054,-71.61685066394438,-71.61685066394438
2166.400060749054,-71.61737785100273,-71.61737785100273
2166.410060749054,-71.6179193328043,-71.6179193328043
2166.420060749054,-71.61847511337915,-71.61847511337915
2166.430060749054,-71.61904519593985,-71.61904519593985
2166.440060749054,-71.6196295828606,-71.6196295828606
2166.450060749054,-71.6202282757119,-71.6202282757119
2166.460060749054,-71.62083503540813,-71.62083503540813
2166.470060749054,-71.62144713109542,-71.62144713109542
2166.480060749054,-71.62206323370759,-71.62206323370759
2166.490060749054,-71.6226826623403,-71.6226826623403
2166.500060749054,-71.623305096791,-71.623305096791
2166.510060749054,-71.62393042831269,-71.62393042831269
2166.5200607490538,-71.62455867214189,-71.62455867214189
2166.530060749054,-71.62518991499961,-71.62518991499961
2166.5400607490537,-71.62582428353939,-71.62582428353939
2166.550060749054,-71.62646192536842,-71.62646192536842
2166.560060749054,-71.62710299780848,-71.62710299780848
2166.570060749054,-71.6277476612583,-71.6277476612583
2166.580060749054,-71.62839607540293,-71.62839607540293
2166.590060749054,-71.62904839715145,-71.62904839715145
2166.600060749054,-71.62970477957678,-71.62970477957678
2166.610060749054,-71.63036537154642,-71.63036537154642
2166.620060749054,-71.63103031761082,-71.63103031761082
2166.630060749054,-71.63169975820817,-71.63169975820817
2166.640060749054,-71.63237382986969,-71.63237382986969
2166.650060772896,-71.63305266712604,-71.63305266712604
2166.660060772896,-71.63373639635724,-71.63373639635724
2166.670060772896,-71.63442514573751,-71.63442514573751
2166.680060772896,-71.63511903905858,-71.63511903905858
2166.690060772896,-71.63581819757114,-71.63581819757114
2166.700060772896,-71.63652274018547,-71.63652274018547
2166.7100607728958,-71.63723278365983,-71.63723278365983
2166.720060772896,-71.63794844272833,-71.63794844272833
2166.7300607728957,-71.63866983026493,-71.63866983026493
2166.740060772896,-71.63939705736075,-71.63939705736075
2166.7500607728957,-71.64013023343823,-71.64013023343823
2166.760060772896,-71.64086946631124,-71.64086946631124
2166.7700607728957,-71.64161486225854,-71.64161486225854
2166.780060772896,-71.64236652607626,-71.64236652607626
2166.7900607728957,-71.64312456112326,-71.64312456112326
2166.800060772896,-71.64388906933654,-71.64388906933654
2166.8100607728957,-71.64466015128698,-71.64466015128698
2166.820060772896,-71.64543790617697,-71.64543790617697
2166.8300607728956,-71.64622243188958,-71.64622243188958
2166.840060772896,-71.64701382495932,-71.64701382495932
2166.8500607728956,-71.64781218061452,-71.64781218061452
2166.860060772896,-71.64861759278475,-71.64861759278475
2166.8700607728956,-71.6494301540846,-71.6494301540846
2166.880060772896,-71.65024995583329,-71.65024995583329
2166.8900607728956,-71.65107708807813,-71.65107708807813
2166.900060772896,-71.65191163953962,-71.65191163953962
2166.910060772896,-71.65275369766503,-71.65275369766503
2166.920060772896,-71.6536033486144,-71.6536033486144
2166.930060772896,-71.65446067724785,-71.65446067724785
2166.940060772896,-71.65532576714007,-71.65532576714007
2166.950060772896,-71.6561987005704,-71.6561987005704
2166.9600607728958,-71.65707331520564,-71.65707331520564
2166.970060772896,-71.65794695822677,-71.65794695822677
2166.9800607728957,-71.65881837881707,-71.65881837881707
2166.990060772896,-71.65968697422801,-71.65968697422801
2167.0000607728957,-71.6605525021092,-71.6605525021092
2167.010060772896,-71.66141493118133,-71.66141493118133
2167.0200607728957,-71.66227435372527,-71.66227435372527
2167.030060772896,-71.6631309329907,-71.6631309329907
2167.0400607728957,-71.66398487163943,-71.66398487163943
2167.050060772896,-71.66483639273827,-71.66483639273827
2167.0600607728957,-71.66568572849428,-71.66568572849428
2167.070060772896,-71.66653311360135,-71.66653311360135
2167.0800607728956,-71.66737878144136,-71.66737878144136
2167.090060772896,-71.66822296200687,-71.66822296200687
2167.1000607728956,-71.6690658808424,-71.6690658808424
2167.110060772896,-71.6699077586323,-71.6699077586323
2167.1200607728956,-71.67074881115225,-71.67074881115225
2167.130060772896,-71.67158924938211,-71.67158924938211
2167.1400607728956,-71.67242927975357,-71.67242927975357
2167.150060772896,-71.67326910444706,-71.67326910444706
2167.160060772896,-71.67410892166001,-71.67410892166001
2167.170060772896,-71.6749489259018,-71.6749489259018
2167.180060772896,-71.67578930823888,-71.67578930823888
2167.190060772896,-71.67663025653563,-71.67663025653563
2167.200060772896,-71.6774719556466,-71.6774719556466
2167.2100607728958,-71.67830834276438,-71.67830834276438
2167.220060772896,-71.67913686434346,-71.67913686434346
2167.2300607728957,-71.67995636802819,-71.67995636802819
2167.240060772896,-71.68076634862958,-71.68076634862958
2167.2500607728957,-71.68156666044052,-71.68156666044052
2167.260060772896,-71.68235736793913,-71.68235736793913
2167.2700607728957,-71.68313865830108,-71.68313865830108
2167.280060772896,-71.68391078885301,-71.68391078885301
2167.2900607728957,-71.68467405551712,-71.68467405551712
2167.300060772896,-71.68542877385337,-71.68542877385337
2167.3100607728957,-71.68617526780615,-71.68617526780615
2167.320060772896,-71.68691386305699,-71.68691386305699
2167.3300607728956,-71.68764488326237,-71.68764488326237
2167.340060772896,-71.68836864794382,-71.68836864794382
2167.3500607728956,-71.68908547149331,-71.68908547149331
2167.360060772896,-71.68979566272769,-71.68979566272769
2167.3700607728956,-71.69049952483532,-71.69049952483532
2167.380060772896,-71.69119735551581,-71.69119735551581
2167.3900607728956,-71.69188944723058,-71.69188944723058
2167.400060772896,-71.69257608747067,-71.69257608747067
2167.410060772896,-71.69325755904013,-71.69325755904013
2167.420060772896,-71.69393414034123,-71.69393414034123
2167.430060772896,-71.69460610563299,-71.69460610563299
2167.440060772896,-71.6952737252393,-71.6952737252393
2167.450060772896,-71.6959372657618,-71.6959372657618
2167.4600607728958,-71.69659699024601,-71.69659699024601
2167.470060772896,-71.69725315832757,-71.69725315832757
2167.4800607728957,-71.6979060263536,-71.6979060263536
2167.490060772896,-71.69855584750145,-71.69855584750145
2167.5000607967377,-71.69920287338182,-71.69920287338182
2167.510060796738,-71.69984734797666,-71.69984734797666
2167.5200607967377,-71.70048951693744,-71.70048951693744
2167.530060796738,-71.7011296214544,-71.7011296214544
2167.5400607967376,-71.70176789986182,-71.70176789986182
2167.550060796738,-71.70240458765544,-71.70240458765544
2167.5600607967376,-71.70303991751778,-71.70303991751778
2167.570060796738,-71.70367411936326,-71.70367411936326
2167.5800607967376,-71.70430742033003,-71.70430742033003
2167.590060796738,-71.70494004481765,-71.70494004481765
2167.6000607967376,-71.7055722144817,-71.7055722144817
2167.610060796738,-71.70620414824788,-71.70620414824788
2167.6200607967376,-71.7068360623397,-71.7068360623397
2167.630060796738,-71.70746817025825,-71.70746817025825
2167.6400607967375,-71.70810068280917,-71.70810068280917
2167.6500607967378,-71.70873380808807,-71.70873380808807
2167.6600607967375,-71.70936775152157,-71.70936775152157
2167.6700607967377,-71.71000271583473,-71.71000271583473
2167.6800607967375,-71.71063890108596,-71.71063890108596
2167.6900607967377,-71.71127650465144,-71.71127650465144
2167.7000607967375,-71.71191572125379,-71.71191572125379
2167.7100607967377,-71.71255674295048,-71.71255674295048
2167.7200607967375,-71.71319975915017,-71.71319975915017
2167.7300607967377,-71.71384495661786,-71.71384495661786
2167.7400607967375,-71.71449251948766,-71.71449251948766
2167.7500607967377,-71.71514262926942,-71.71514262926942
2167.760060796738,-71.71579546484874,-71.71579546484874
2167.7700607967377,-71.71645120251928,-71.71645120251928
2167.780060796738,-71.71711001596948,-71.71711001596948
2167.7900607967376,-71.71777207631692,-71.71777207631692
2167.800060796738,-71.71843755210521,-71.71843755210521
2167.8100607967376,-71.71910660932316,-71.71910660932316
2167.820060796738,-71.71977941140845,-71.71977941140845
2167.8300607967376,-71.72045611928252,-71.72045611928252
2167.840060796738,-71.72113689133715,-71.72113689133715
2167.8500607967376,-71.72182188348224,-71.72182188348224
2167.860060796738,-71.72251124913386,-71.72251124913386
2167.8700607967376,-71.7232051392438,-71.7232051392438
2167.880060796738,-71.72390370231426,-71.72390370231426
2167.8900607967375,-71.72460708441093,-71.72460708441093
2167.9000607967378,-71.72531542918756,-71.72531542918756
2167.9100607967375,-71.72602887790572,-71.72602887790572
2167.9200607967377,-71.72674756944052,-71.72674756944052
2167.9300607967375,-71.72747164031014,-71.72747164031014
2167.9400607967377,-71.7282012246897,-71.7282012246897
2167.9500607967375,-71.72893645443668,-71.72893645443668
2167.9600607967377,-71.72967745911237,-71.72967745911237
2167.9700607967375,-71.7304243659844,-71.7304243659844
2167.9800607967377,-71.73117730006909,-71.73117730006909
2167.9900607967375,-71.73193638414874,-71.73193638414874
2168.0000607967377,-71.73270173876922,-71.73270173876922
2168.010060796738,-71.7334734822837,-71.7334734822837
2168.0200607967377,-71.73425173088451,-71.73425173088451
2168.030060796738,-71.73503659859023,-71.73503659859023
2168.0400607967376,-71.73582819729387,-71.73582819729387
2168.050060796738,-71.73662663677084,-71.73662663677084
2168.0600607967376,-71.73743202472404,-71.73743202472404
2168.070060796738,-71.73824446675427,-71.73824446675427
2168.0800607967376,-71.73906406645108,-71.73906406645108
2168.090060796738,-71.73989092535125,-71.73989092535125
2168.1000607967376,-71.74072514301412,-71.74072514301412
2168.110060796738,-71.74156681699729,-71.74156681699729
2168.1200607967376,-71.74241604291524,-71.74241604291524
2168.130060796738,-71.74327291443703,-71.74327291443703
2168.1400607967375,-71.74413752331736,-71.74413752331736
2168.1500607967378,-71.7450099594308,-71.7450099594308
2168.1600607967375,-71.74589031076664,-71.74589031076664
2168.1700607967377,-71.746778663477,-71.746778663477
2168.1800607967375,-71.74767510188443,-71.74767510188443
2168.1900607967377,-71.74857970851635,-71.74857970851635
2168.2000607967375,-71.74949256410028,-71.74949256410028
2168.2100607967377,-71.75041374761744,-71.75041374761744
2168.2200607967375,-71.75134333630433,-71.75134333630433
2168.2300607967377,-71.75228140568287,-71.75228140568287
2168.2400607967375,-71.75322802958405,-71.75322802958405
2168.2500607967377,-71.75418328015968,-71.75418328015968
2168.260060796738,-71.75514722790601,-71.75514722790601
2168.2700607967377,-71.7561199416936,-71.7561199416936
2168.280060796738,-71.75710148877823,-71.75710148877823
2168.2900607967376,-71.758091934836,-71.758091934836
2168.300060796738,-71.75909134395953,-71.75909134395953
2168.3100607967376,-71.76009977870069,-71.76009977870069
2168.320060796738,-71.76111730009076,-71.76111730009076
2168.3300607967376,-71.7621439676429,-71.7621439676429
2168.340060796738,-71.76317983938871,-71.76317983938871
2168.3500608205795,-71.7642249743776,-71.7642249743776
2168.3600608205797,-71.76527942278527,-71.76527942278527
2168.3700608205795,-71.76634324074904,-71.76634324074904
2168.3800608205797,-71.76741648055359,-71.76741648055359
2168.3900608205795,-71.76849919309697,-71.76849919309697
2168.4000608205797,-71.76959142789786,-71.76959142789786
2168.4100608205795,-71.77069323313115,-71.77069323313115
2168.4200608205797,-71.77180465563887,-71.77180465563887
2168.4300608205795,-71.77292574095418,-71.77292574095418
2168.4400608205797,-71.77405653330223,-71.77405653330223
2168.4500608205794,-71.7751970756583,-71.7751970756583
2168.4600608205797,-71.77634740971766,-71.77634740971766
2168.4700608205794,-71.777507575943,-71.777507575943
2168.4800608205796,-71.77867761356673,-71.77867761356673
2168.4900608205794,-71.77985756063575,-71.77985756063575
2168.5000608205796,-71.78104745399976,-71.78104745399976
2168.5100608205794,-71.7822473293326,-71.7822473293326
2168.5200608205796,-71.78345722116138,-71.78345722116138
2168.5300608205794,-71.78467716288087,-71.78467716288087
2168.5400608205796,-71.78590718676689,-71.78590718676689
2168.5500608205793,-71.78714732398349,-71.78714732398349
2168.5600608205796,-71.78839760461581,-71.78839760461581
2168.5700608205793,-71.78965805767848,-71.78965805767848
2168.5800608205795,-71.79092871112763,-71.79092871112763
2168.5900608205793,-71.79220959188436,-71.79220959188436
2168.6000608205795,-71.79350072585063,-71.79350072585063
2168.6100608205797,-71.79480213791247,-71.79480213791247
2168.6200608205795,-71.79611385197548,-71.79611385197548
2168.6300608205797,-71.79743589094781,-71.79743589094781
2168.6400608205795,-71.79876827679648,-71.79876827679648
2168.6500608205797,-71.80011103052757,-71.80011103052757
2168.6600608205795,-71.80146417221697,-71.80146417221697
2168.6700608205797,-71.80282772102139,-71.80282772102139
2168.6800608205795,-71.80420169520112,-71.80420169520112
2168.6900608205797,-71.80558611211401,-71.80558611211401
2168.7000608205794,-71.8069809882357,-71.8069809882357
2168.7100608205797,-71.80838008217184,-71.80838008217184
2168.7200608205794,-71.80978067033165,-71.80978067033165
2168.7300608205796,-71.81118143479905,-71.81118143479905
2168.7400608205794,-71.81258170779643,-71.81258170779643
2168.7500608205796,-71.813981183366,-71.813981183366
2168.7600608205794,-71.81537976765142,-71.81537976765142
2168.7700608205796,-71.81677749115593,-71.81677749115593
2168.7800608205794,-71.8181744560276,-71.8181744560276
2168.7900608205796,-71.81957080433722,-71.81957080433722
2168.8000608205793,-71.82096669910649,-71.82096669910649
2168.8100608205796,-71.82236231296486,-71.82236231296486
2168.8200608205793,-71.82375782149137,-71.82375782149137
2168.8300608205795,-71.82515339942103,-71.82515339942103
2168.8400608205793,-71.8265492185705,-71.8265492185705
2168.8500608205795,-71.82794544677286,-71.82794544677286
2168.8600608205797,-71.82934224750828,-71.82934224750828
2168.8700608205795,-71.83073977984019,-71.83073977984019
2168.8800608205797,-71.83213819854657,-71.83213819854657
2168.8900608205795,-71.83353765438194,-71.83353765438194
2168.9000608205797,-71.83493829437732,-71.83493829437732
2168.9100608205795,-71.83634026212738,-71.83634026212738
2168.9200608205797,-71.83774369808495,-71.83774369808495
2168.9300608205795,-71.83914873983342,-71.83914873983342
2168.9400608205797,-71.84055552230352,-71.84055552230352
2168.9500608205794,-71.84196417800057,-71.84196417800057
2168.9600608205797,-71.84337483717343,-71.84337483717343
2168.9700608205794,-71.84478762798297,-71.84478762798297
2168.9800608205796,-71.846202676625,-71.846202676625
2168.9900608205794,-71.84762010744372,-71.84762010744372
2169.0000608205796,-71.84904004302179,-71.84904004302179
2169.0100608205794,-71.8504626042837,-71.8504626042837
2169.0200608205796,-71.85188791052838,-71.85188791052838
2169.0300608205794,-71.8533160795049,-71.8533160795049
2169.0400608205796,-71.85474722745538,-71.85474722745538
2169.0500608205793,-71.85618146914653,-71.85618146914653
2169.0600608205796,-71.85761891789132,-71.85761891789132
2169.0700608205793,-71.85905968559273,-71.85905968559273
2169.0800608205795,-71.86050388275433,-71.86050388275433
2169.0900608205793,-71.86195161848282,-71.86195161848282
2169.1000608205795,-71.86340300052572,-71.86340300052572
2169.1100608205797,-71.86485813525832,-71.86485813525832
2169.1200608205795,-71.86631712768492,-71.86631712768492
2169.1300608205797,-71.86778008148066,-71.86778008148066
2169.1400608205795,-71.86924709896215,-71.86924709896215
2169.1500608205797,-71.87071828108925,-71.87071828108925
2169.1600608205795,-71.87219372749449,-71.87219372749449
2169.1700608205797,-71.8736735364597,-71.8736735364597
2169.1800608205795,-71.87515780492578,-71.87515780492578
2169.1900608205797,-71.87664662848614,-71.87664662848614
2169.2000608444214,-71.87814010496483,-71.87814010496483
2169.2100608444216,-71.87963832018274,-71.87963832018274
2169.2200608444214,-71.8811413692558,-71.8811413692558
2169.2300608444216,-71.8826493424265,-71.8826493424265
2169.2400608444214,-71.88416232859757,-71.88416232859757
2169.2500608444216,-71.88568041532702,-71.88568041532702
2169.2600608444213,-71.88720368885791,-71.88720368885791
2169.2700608444216,-71.88873223408146,-71.88873223408146
2169.2800608444213,-71.8902661345768,-71.8902661345768
2169.2900608444215,-71.89180547257534,-71.89180547257534
2169.3000608444213,-71.89335032898951,-71.89335032898951
2169.3100608444215,-71.8949007834081,-71.8949007834081
2169.3200608444213,-71.896456914116,-71.896456914116
2169.3300608444215,-71.89801879806586,-71.89801879806586
2169.3400608444213,-71.89958651090552,-71.89958651090552
2169.3500608444215,-71.90116012697989,-71.90116012697989
2169.3600608444212,-71.90273971934208,-71.90273971934208
2169.3700608444215,-71.90432535974209,-71.90432535974209
2169.380060844421,-71.90591711864144,-71.90591711864144
2169.3900608444214,-71.90751506522393,-71.90751506522393
2169.400060844421,-71.9091192673995,-71.9091192673995
2169.4100608444214,-71.91072979181624,-71.91072979181624
2169.420060844421,-71.91234670384418,-71.91234670384418
2169.4300608444214,-71.91397006761275,-71.91397006761275
2169.440060844421,-71.91559994601197,-71.91559994601197
2169.4500608444214,-71.91723640068405,-71.91723640068405
2169.4600608444216,-71.91887949204842,-71.91887949204842
2169.4700608444214,-71.92052927931084,-71.92052927931084
2169.4800608444216,-71.92218582045417,-71.92218582045417
2169.4900608444214,-71.92384917227453,-71.92384917227453
2169.5000608444216,-71.92551939035802,-71.92551939035802
2169.5100608444213,-71.92719652911954,-71.92719652911954
2169.5200608444216,-71.92888064180678,-71.92888064180678
2169.5300608444213,-71.93057178049834,-71.93057178049834
2169.5400608444215,-71.93226999612389,-71.93226999612389
2169.5500608444213,-71.93397533845992,-71.93397533845992
2169.5600608444215,-71.93568785616235,-71.93568785616235
2169.5700608444213,-71.93740759675877,-71.93740759675877
2169.5800608444215,-71.93913460668176,-71.93913460668176
2169.5900608444213,-71.94086893124216,-71.94086893124216
2169.6000608444215,-71.94261061466685,-71.94261061466685
2169.6100608444212,-71.94435970011472,-71.94435970011472
2169.6200608444215,-71.94611622967052,-71.94611622967052
2169.630060844421,-71.94788024436079,-71.94788024436079
2169.6400608444214,-71.9496517841722,-71.9496517841722
2169.650060844421,-71.95143088805241,-71.95143088805241
2169.6600608444214,-71.95321759392603,-71.95321759392603
2169.670060844421,-71.95501193871254,-71.95501193871254
2169.6800608444214,-71.95681395831804,-71.95681395831804
2169.690060844421,-71.95862368767865,-71.95862368767865
2169.7000608444214,-71.9604411607269,-71.9604411607269
2169.7100608444216,-71.96226641044969,-71.96226641044969
2169.7200608444214,-71.9640994688751,-71.9640994688751
2169.7300608444216,-71.96594036708255,-71.96594036708255
2169.7400608444214,-71.96778913521364,-71.96778913521364
2169.7500608444216,-71.96964580249785,-71.96964580249785
2169.7600608444213,-71.97151039725415,-71.97151039725415
2169.7700608444216,-71.97338294688865,-71.97338294688865
2169.7800608444213,-71.97526347793622,-71.97526347793622
2169.7900608444215,-71.97715201604602,-71.97715201604602
2169.8000608444213,-71.97904858599712,-71.97904858599712
2169.8100608444215,-71.9809532117222,-71.9809532117222
2169.8200608444213,-71.98286591630816,-71.98286591630816
2169.8300608444215,-71.98478672200761,-71.98478672200761
2169.8400608444213,-71.98671565024968,-71.98671565024968
2169.8500608444215,-71.98865272165561,-71.98865272165561
2169.8600608444212,-71.99059795603868,-71.99059795603868
2169.8700608444215,-71.99255137242223,-71.99255137242223
2169.880060844421,-71.99451298906024,-71.99451298906024
2169.8900608444214,-71.9964828234402,-71.9964828234402
2169.900060844421,-71.99846089227665,-71.99846089227665
2169.9100608444214,-72.00044721154262,-72.00044721154262
2169.920060844421,-72.00244179646934,-72.00244179646934
2169.9300608444214,-72.00444466157344,-72.00444466157344
2169.940060844421,-72.0064558206396,-72.0064558206396
2169.9500608444214,-72.00847528675642,-72.00847528675642
2169.9600608444216,-72.01050307230868,-72.01050307230868
2169.9700608444214,-72.0125391889974,-72.0125391889974
2169.9800608444216,-72.0145836478457,-72.0145836478457
2169.9900608444214,-72.01663645920577,-72.01663645920577
2170.0000608444216,-72.01869763277094,-72.01869763277094
2170.0100608444213,-72.02076717759242,-72.02076717759242
2170.0200608444216,-72.02284510208278,-72.02284510208278
2170.0300608444213,-72.02493141401858,-72.02493141401858
2170.0400608444215,-72.02702612055892,-72.02702612055892
2170.0500608682632,-72.02912923325627,-72.02912923325627
2170.0600608682635,-72.03124074807883,-72.03124074807883
2170.070060868263,-72.03336067534981,-72.03336067534981
2170.0800608682634,-72.03548901983883,-72.03548901983883
2170.090060868263,-72.03762578574482,-72.03762578574482
2170.1000608682634,-72.03977097668913,-72.03977097668913
2170.110060868263,-72.04192459575376,-72.04192459575376
2170.1200608682634,-72.04408664544363,-72.04408664544363
2170.130060868263,-72.04625712774855,-72.04625712774855
2170.1400608682634,-72.04843604411246,-72.04843604411246
2170.150060868263,-72.05062339546413,-72.05062339546413
2170.1600608682634,-72.05281918221016,-72.05281918221016
2170.170060868263,-72.05502340424353,-72.05502340424353
2170.1800608682634,-72.05723606096444,-72.05723606096444
2170.190060868263,-72.05945715128611,-72.05945715128611
2170.2000608682633,-72.0616866736304,-72.0616866736304
2170.210060868263,-72.06392462593837,-72.06392462593837
2170.2200608682633,-72.06617100569484,-72.06617100569484
2170.230060868263,-72.06842580991406,-72.06842580991406
2170.2400608682633,-72.07068903515659,-72.07068903515659
2170.250060868263,-72.0729606775429,-72.0729606775429
2170.2600608682633,-72.0752407327475,-72.0752407327475
2170.270060868263,-72.07752919601234,-72.07752919601234
2170.2800608682633,-72.0798260621673,-72.0798260621673
2170.290060868263,-72.08213132560428,-72.08213132560428
2170.3000608682632,-72.08444498031983,-72.08444498031983
2170.3100608682635,-72.0867670199052,-72.0867670199052
2170.320060868263,-72.08909743753772,-72.08909743753772
2170.3300608682634,-72.09143622602326,-72.09143622602326
2170.340060868263,-72.09378337778193,-72.09378337778193
2170.3500608682634,-72.0961388848405,-72.0961388848405
2170.360060868263,-72.0985027388685,-72.0985027388685
2170.3700608682634,-72.10087493116578,-72.10087493116578
2170.380060868263,-72.10325545267789,-72.10325545267789
2170.3900608682634,-72.10564429398234,-72.10564429398234
2170.400060868263,-72.1080414453295,-72.1080414453295
2170.4100608682634,-72.11044689662228,-72.11044689662228
2170.420060868263,-72.11286063742831,-72.11286063742831
2170.4300608682634,-72.1152826569776,-72.1152826569776
2170.440060868263,-72.11771294419484,-72.11771294419484
2170.4500608682633,-72.12015148766906,-72.12015148766906
2170.460060868263,-72.12259198772368,-72.12259198772368
2170.4700608682633,-72.12503167833296,-72.12503167833296
2170.480060868263,-72.12746920596784,-72.12746920596784
2170.4900608682633,-72.12990387077241,-72.12990387077241
2170.500060868263,-72.13233533698565,-72.13233533698565
2170.5100608682633,-72.1347634825538,-72.1347634825538
2170.520060868263,-72.13718831098038,-72.13718831098038
2170.5300608682633,-72.1396098983833,-72.1396098983833
2170.540060868263,-72.14202836164787,-72.14202836164787
2170.5500608682632,-72.14444383931591,-72.14444383931591
2170.5600608682635,-72.14685648020912,-72.14685648020912
2170.570060868263,-72.14926643673338,-72.14926643673338
2170.5800608682634,-72.15167386102742,-72.15167386102742
2170.590060868263,-72.15407890287848,-72.15407890287848
2170.6000608682634,-72.1564817086718,-72.1564817086718
2170.610060868263,-72.15888242094387,-72.15888242094387
2170.6200608682634,-72.16128117834599,-72.16128117834599
2170.630060868263,-72.16367811575624,-72.16367811575624
2170.6400608682634,-72.16607336454231,-72.16607336454231
2170.650060868263,-72.16846705281974,-72.16846705281974
2170.6600608682634,-72.17085930575463,-72.17085930575463
2170.670060868263,-72.17325024585041,-72.17325024585041
2170.6800608682634,-72.17563999319155,-72.17563999319155
2170.690060868263,-72.1780286656772,-72.1780286656772
2170.7000608682633,-72.18041637921151,-72.18041637921151
2170.710060868263,-72.1827969547533,-72.1827969547533
2170.7200608682633,-72.18516774851237,-72.18516774851237
2170.730060868263,-72.18752752918604,-72.18752752918604
2170.7400608682633,-72.18987571855497,-72.18987571855497
2170.750060868263,-72.19221210177109,-72.19221210177109
2170.7600608682633,-72.19453667693632,-72.19453667693632
2170.770060868263,-72.19684956689956,-72.19684956689956
2170.7800608682633,-72.19915096635047,-72.19915096635047
2170.790060868263,-72.20144110994453,-72.20144110994453
2170.8000608682632,-72.20372025322769,-72.20372025322769
2170.8100608682635,-72.20598866125947,-72.20598866125947
2170.820060868263,-72.20824660190807,-72.20824660190807
2170.8300608682634,-72.21049434202821,-72.21049434202821
2170.840060868263,-72.21273214536302,-72.21273214536302
2170.8500608682634,-72.21496027146867,-72.21496027146867
2170.860060868263,-72.21717897531157,-72.21717897531157
2170.8700608682634,-72.21938850716259,-72.21938850716259
2170.880060868263,-72.22158911276328,-72.22158911276328
2170.8900608682634,-72.22378103354089,-72.22378103354089
2170.900060892105,-72.22596451206768,-72.22596451206768
2170.9100608921053,-72.22813977155025,-72.22813977155025
2170.920060892105,-72.23030704734242,-72.23030704734242
2170.9300608921053,-72.23246656632072,-72.23246656632072
2170.940060892105,-72.23461855234329,-72.23461855234329
2170.9500608921053,-72.23676322642096,-72.23676322642096
2170.960060892105,-72.23889450954022,-72.23889450954022
2170.9700608921053,-72.24100985992048,-72.24100985992048
2170.980060892105,-72.24310814845128,-72.24310814845128
2170.9900608921052,-72.2451888987386,-72.2451888987386
2171.000060892105,-72.24725199714995,-72.24725199714995
2171.0100608921052,-72.24929754224715,-72.24929754224715
2171.020060892105,-72.251325756545,-72.251325756545
2171.030060892105,-72.25333693354493,-72.25333693354493
2171.040060892105,-72.25533140582937,-72.25533140582937
2171.050060892105,-72.25730952594603,-72.25730952594603
2171.060060892105,-72.25927165504406,-72.25927165504406
2171.070060892105,-72.2612181561465,-72.2612181561465
2171.080060892105,-72.26314939031334,-72.26314939031334
2171.090060892105,-72.26506571453773,-72.26506571453773
2171.100060892105,-72.26696748069102,-72.26696748069102
2171.110060892105,-72.26885503505743,-72.26885503505743
2171.120060892105,-72.27072871831564,-72.27072871831564
2171.130060892105,-72.27258886560558,-72.27258886560558
2171.140060892105,-72.27443580679997,-72.27443580679997
2171.150060892105,-72.27626986676509,-72.27626986676509
2171.1600608921053,-72.27809136563526,-72.27809136563526
2171.170060892105,-72.27990061908223,-72.27990061908223
2171.1800608921053,-72.28169793856529,-72.28169793856529
2171.190060892105,-72.28348363155561,-72.28348363155561
2171.2000608921053,-72.28525800170841,-72.28525800170841
2171.210060892105,-72.28702134905599,-72.28702134905599
2171.2200608921053,-72.28877397011848,-72.28877397011848
2171.230060892105,-72.29051615804525,-72.29051615804525
2171.2400608921052,-72.29224820270196,-72.29224820270196
2171.250060892105,-72.29397039075911,-72.29397039075911
2171.2600608921052,-72.29568300576041,-72.29568300576041
2171.270060892105,-72.29738632816338,-72.29738632816338
2171.280060892105,-72.29908063540289,-72.29908063540289
2171.290060892105,-72.30076620193194,-72.30076620193194
2171.300060892105,-72.30244329922284,-72.30244329922284
2171.310060892105,-72.30411219581933,-72.30411219581933
2171.320060892105,-72.30577315732982,-72.30577315732982
2171.330060892105,-72.30742644647822,-72.30742644647822
2171.340060892105,-72.30907232306421,-72.30907232306421
2171.350060892105,-72.31071104402504,-72.31071104402504
2171.360060892105,-72.3123428633985,-72.3123428633985
2171.370060892105,-72.3139680323614,-72.3139680323614
2171.380060892105,-72.31558679921898,-72.31558679921898
2171.390060892105,-72.31719940940741,-72.31719940940741
2171.400060892105,-72.31880610550304,-72.31880610550304
2171.4100608921053,-72.32040712722359,-72.32040712722359
2171.420060892105,-72.32200271144266,-72.32200271144266
2171.4300608921053,-72.32359309216743,-72.32359309216743
2171.440060892105,-72.32517850057629,-72.32517850057629
2171.4500608921053,-72.32675916499471,-72.32675916499471
2171.460060892105,-72.32832900740442,-72.32832900740442
2171.4700608921053,-72.32988549132216,-72.32988549132216
2171.480060892105,-72.33142749428436,-72.33142749428436
2171.4900608921052,-72.33295454682272,-72.33295454682272
2171.500060892105,-72.3344665420691,-72.3344665420691
2171.5100608921052,-72.3359635849528,-72.3359635849528
2171.520060892105,-72.33744590378329,-72.33744590378329
2171.530060892105,-72.33891379715696,-72.33891379715696
2171.540060892105,-72.34036760202508,-72.34036760202508
2171.550060892105,-72.34180767453431,-72.34180767453431
2171.560060892105,-72.34323437860681,-72.34323437860681
2171.570060892105,-72.34464807922913,-72.34464807922913
2171.580060892105,-72.3460491386181,-72.3460491386181
2171.590060892105,-72.34743791413304,-72.34743791413304
2171.600060892105,-72.34881475721588,-72.34881475721588
2171.610060892105,-72.35018001296694,-72.35018001296694
2171.620060892105,-72.35153402011288,-72.35153402011288
2171.630060892105,-72.35287711114638,-72.35287711114638
2171.640060892105,-72.35420961257209,-72.35420961257209
2171.650060892105,-72.35553184522225,-72.35553184522225
2171.6600608921053,-72.35684412454496,-72.35684412454496
2171.670060892105,-72.35814676090695,-72.35814676090695
2171.6800608921053,-72.35944005986603,-72.35944005986603
2171.690060892105,-72.36072432240425,-72.36072432240425
2171.7000608921053,-72.36199984515824,-72.36199984515824
2171.710060892105,-72.36326692060922,-72.36326692060922
2171.7200608921053,-72.3645258372364,-72.3645258372364
2171.730060892105,-72.36577687967649,-72.36577687967649
2171.7400608921052,-72.36702032883292,-72.36702032883292
2171.750060915947,-72.36825646492704,-72.36825646492704
2171.760060915947,-72.3694855558051,-72.3694855558051
2171.770060915947,-72.37070787472368,-72.37070787472368
2171.780060915947,-72.37192368858854,-72.37192368858854
2171.790060915947,-72.37313326097672,-72.37313326097672
2171.800060915947,-72.37433685217579,-72.37433685217579
2171.810060915947,-72.37553471924704,-72.37553471924704
2171.820060915947,-72.37672711604085,-72.37672711604085
2171.830060915947,-72.37791429324048,-72.37791429324048
2171.840060915947,-72.37909649839109,-72.37909649839109
2171.850060915947,-72.38027397592465,-72.38027397592465
2171.860060915947,-72.38144696718419,-72.38144696718419
2171.870060915947,-72.38261571044411,-72.38261571044411
2171.880060915947,-72.38378044092963,-72.38378044092963
2171.890060915947,-72.38494139084135,-72.38494139084135
2171.900060915947,-72.38609878935318,-72.38609878935318
2171.910060915947,-72.38725286266896,-72.38725286266896
2171.920060915947,-72.38840383399595,-72.38840383399595
2171.930060915947,-72.38955192358544,-72.38955192358544
2171.940060915947,-72.39069734874678,-72.39069734874678
2171.950060915947,-72.39184032385539,-72.39184032385539
2171.960060915947,-72.39297475253665,-72.39297475253665
2171.9700609159468,-72.39409808336384,-72.39409808336384
2171.980060915947,-72.39520918019673,-72.39520918019673
2171.9900609159467,-72.39630756043745,-72.39630756043745
2172.000060915947,-72.39739310435955,-72.39739310435955
2172.010060915947,-72.39846590414281,-72.39846590414281
2172.020060915947,-72.39952617539105,-72.39952617539105
2172.030060915947,-72.40057420396681,-72.40057420396681
2172.040060915947,-72.40161031401807,-72.40161031401807
2172.050060915947,-72.40263484883012,-72.40263484883012
2172.060060915947,-72.40364815937286,-72.40364815937286
2172.070060915947,-72.40465059761658,-72.40465059761658
2172.080060915947,-72.40564251269916,-72.40564251269916
2172.090060915947,-72.40662424881367,-72.40662424881367
2172.100060915947,-72.40759614420061,-72.40759614420061
2172.110060915947,-72.40855853071659,-72.40855853071659
2172.120060915947,-72.40951173380785,-72.40951173380785
2172.130060915947,-72.41045607265873,-72.41045607265873
2172.140060915947,-72.41139186046777,-72.41139186046777
2172.150060915947,-72.41231940472821,-72.41231940472821
2172.160060915947,-72.41323900757602,-72.41323900757602
2172.170060915947,-72.41415096606795,-72.41415096606795
2172.180060915947,-72.41505557247298,-72.41505557247298
2172.190060915947,-72.41595311451148,-72.41595311451148
2172.200060915947,-72.41684387558186,-72.41684387558186
2172.210060915947,-72.41772813496715,-72.41772813496715
2172.2200609159468,-72.4186061679943,-72.4186061679943
2172.230060915947,-72.41947824618596,-72.41947824618596
2172.2400609159467,-72.42034463739655,-72.42034463739655
2172.250060915947,-72.42120560590244,-72.42120560590244
2172.260060915947,-72.42206141250354,-72.42206141250354
2172.270060915947,-72.42291231462856,-72.42291231462856
2172.280060915947,-72.42375856637399,-72.42375856637399
2172.290060915947,-72.42460041857112,-72.42460041857112
2172.300060915947,-72.4254381188411,-72.4254381188411
2172.310060915947,-72.42627191165516,-72.42627191165516
2172.320060915947,-72.42710203835324,-72.42710203835324
2172.330060915947,-72.42792873717748,-72.42792873717748
2172.340060915947,-72.42875224333618,-72.42875224333618
2172.350060915947,-72.42957278898642,-72.42957278898642
2172.360060915947,-72.4303906032941,-72.4303906032941
2172.370060915947,-72.43120591243208,-72.43120591243208
2172.380060915947,-72.43201893961925,-72.43201893961925
2172.390060915947,-72.43282990514534,-72.43282990514534
2172.400060915947,-72.43363902636337,-72.43363902636337
2172.410060915947,-72.4344465177309,-72.4344465177309
2172.420060915947,-72.43525259081507,-72.43525259081507
2172.430060915947,-72.43605745433335,-72.43605745433335
2172.440060915947,-72.4368613141352,-72.4368613141352
2172.450060915947,-72.43766437324327,-72.43766437324327
2172.460060915947,-72.43846683186675,-72.43846683186675
2172.4700609159468,-72.43926888740297,-72.43926888740297
2172.480060915947,-72.44007073447666,-72.44007073447666
2172.4900609159467,-72.44087256494551,-72.44087256494551
2172.500060915947,-72.44167456791556,-72.44167456791556
2172.510060915947,-72.44247692976889,-72.44247692976889
2172.520060915947,-72.44327983416946,-72.44327983416946
2172.530060915947,-72.44408346208647,-72.44408346208647
2172.540060915947,-72.44488799181921,-72.44488799181921
2172.550060915947,-72.44569359899548,-72.44569359899548
2172.560060915947,-72.44650045662789,-72.44650045662789
2172.570060915947,-72.44730873509118,-72.44730873509118
2172.580060915947,-72.44811860218088,-72.44811860218088
2172.590060915947,-72.44893022309107,-72.44893022309107
2172.600060939789,-72.44974376240378,-72.44974376240378
2172.610060939789,-72.45055937637258,-72.45055937637258
2172.620060939789,-72.45137722450787,-72.45137722450787
2172.630060939789,-72.45219746191131,-72.45219746191131
2172.640060939789,-72.45302024121158,-72.45302024121158
2172.650060939789,-72.45384571257735,-72.45384571257735
2172.6600609397888,-72.4546740237448,-72.4546740237448
2172.670060939789,-72.45550532004408,-72.45550532004408
2172.6800609397887,-72.45633974442363,-72.45633974442363
2172.690060939789,-72.45717743746548,-72.45717743746548
2172.7000609397887,-72.45801853740953,-72.45801853740953
2172.710060939789,-72.45886318017163,-72.45886318017163
2172.7200609397887,-72.45971149938147,-72.45971149938147
2172.730060939789,-72.46056362638564,-72.46056362638564
2172.7400609397887,-72.46141969029209,-72.46141969029209
2172.750060939789,-72.4622798179693,-72.4622798179693
2172.7600609397887,-72.46314413409345,-72.46314413409345
2172.770060939789,-72.46401276114199,-72.46401276114199
2172.7800609397887,-72.46488581945374,-72.46488581945374
2172.790060939789,-72.46576342722472,-72.46576342722472
2172.8000609397886,-72.46664570054325,-72.46664570054325
2172.810060939789,-72.46753275340008,-72.46753275340008
2172.8200609397886,-72.46842469773338,-72.46842469773338
2172.830060939789,-72.46932164342972,-72.46932164342972
2172.8400609397886,-72.47022369836165,-72.47022369836165
2172.850060939789,-72.47113096841203,-72.47113096841203
2172.860060939789,-72.47204355747438,-72.47204355747438
2172.870060939789,-72.47296156751163,-72.47296156751163
2172.880060939789,-72.473885098546,-72.473885098546
2172.890060939789,-72.47481424871589,-72.47481424871589
2172.900060939789,-72.47574911424849,-72.47574911424849
2172.9100609397888,-72.47668978953968,-72.47668978953968
2172.920060939789,-72.4776363671441,-72.4776363671441
2172.9300609397887,-72.47858893779632,-72.47858893779632
2172.940060939789,-72.47954759043486,-72.47954759043486
2172.9500609397887,-72.48051241224962,-72.48051241224962
2172.960060939789,-72.48147717354928,-72.48147717354928
2172.9700609397887,-72.48243919561412,-72.48243919561412
2172.980060939789,-72.48339721803643,-72.48339721803643
2172.9900609397887,-72.48435063600941,-72.48435063600941
2173.000060939789,-72.485299209227,-72.485299209227
2173.0100609397887,-72.48624291072356,-72.48624291072356
2173.020060939789,-72.48718183821795,-72.48718183821795
2173.0300609397887,-72.48811616088251,-72.48811616088251
2173.040060939789,-72.4890460873211,-72.4890460873211
2173.0500609397886,-72.48997184635179,-72.48997184635179
2173.060060939789,-72.49089367559327,-72.49089367559327
2173.0700609397886,-72.49181181473807,-72.49181181473807
2173.080060939789,-72.49272650173945,-72.49272650173945
2173.0900609397886,-72.49363797068817,-72.49363797068817
2173.100060939789,-72.49454645081296,-72.49454645081296
2173.110060939789,-72.49545216607561,-72.49545216607561
2173.120060939789,-72.49635533511129,-72.49635533511129
2173.130060939789,-72.4972561714115,-72.4972561714115
2173.140060939789,-72.49815488360554,-72.49815488360554
2173.150060939789,-72.4990516757377,-72.4990516757377
2173.1600609397888,-72.49994674761216,-72.49994674761216
2173.170060939789,-72.50084029507725,-72.50084029507725
2173.1800609397887,-72.5017325103049,-72.5017325103049
2173.190060939789,-72.50262358206582,-72.50262358206582
2173.2000609397887,-72.5035136959363,-72.5035136959363
2173.210060939789,-72.50439671758866,-72.50439671758866
2173.2200609397887,-72.5052700638099,-72.5052700638099
2173.230060939789,-72.5061325692167,-72.5061325692167
2173.2400609397887,-72.50698372337925,-72.50698372337925
2173.250060939789,-72.50782337972876,-72.50782337972876
2173.2600609397887,-72.50865160439837,-72.50865160439837
2173.270060939789,-72.50946858759038,-72.50946858759038
2173.2800609397887,-72.51027459039224,-72.51027459039224
2173.290060939789,-72.51106991273517,-72.51106991273517
2173.3000609397886,-72.51185487425171,-72.51185487425171
2173.310060939789,-72.51262980281142,-72.51262980281142
2173.3200609397886,-72.51339502785149,-72.51339502785149
2173.330060939789,-72.5141508765288,-72.5141508765288
2173.3400609397886,-72.51489767164396,-72.51489767164396
2173.350060939789,-72.51563573061736,-72.51563573061736
2173.360060939789,-72.51636536506085,-72.51636536506085
2173.370060939789,-72.5170868807531,-72.5170868807531
2173.380060939789,-72.51780057779942,-72.51780057779942
2173.390060939789,-72.51850675087869,-72.51850675087869
2173.400060939789,-72.51920568955047,-72.51920568955047
2173.4100609397888,-72.51989767857475,-72.51989767857475
2173.420060939789,-72.52058299816836,-72.52058299816836
2173.4300609397887,-72.5212619243199,-72.5212619243199
2173.440060939789,-72.52193472900136,-72.52193472900136
2173.4500609636307,-72.52260168197105,-72.52260168197105
2173.460060963631,-72.52325672673858,-72.52325672673858
2173.4700609636307,-72.52389736321511,-72.52389736321511
2173.480060963631,-72.52452250724588,-72.52452250724588
2173.4900609636306,-72.52513172917548,-72.52513172917548
2173.500060963631,-72.52572496263201,-72.52572496263201
2173.5100609636306,-72.52630235333571,-72.52630235333571
2173.520060963631,-72.52686417046132,-72.52686417046132
2173.5300609636306,-72.52741075334633,-72.52741075334633
2173.540060963631,-72.52794247952194,-72.52794247952194
2173.5500609636306,-72.52845974549707,-72.52845974549707
2173.560060963631,-72.52896295531727,-72.52896295531727
2173.5700609636306,-72.52945251385562,-72.52945251385562
2173.580060963631,-72.52992882300366,-72.52992882300366
2173.5900609636305,-72.5303922795385,-72.5303922795385
2173.6000609636308,-72.53084327411878,-72.53084327411878
2173.6100609636305,-72.53128219085518,-72.53128219085518
2173.6200609636307,-72.53170940728127,-72.53170940728127
2173.6300609636305,-72.53212529449371,-72.53212529449371
2173.6400609636307,-72.53253021741708,-72.53253021741708
2173.6500609636305,-72.53292453511054,-72.53292453511054
2173.6600609636307,-72.53330860104488,-72.53330860104488
2173.6700609636305,-72.53368276342833,-72.53368276342833
2173.6800609636307,-72.53404736546321,-72.53404736546321
2173.6900609636305,-72.53440274557634,-72.53440274557634
2173.7000609636307,-72.53474923763368,-72.53474923763368
2173.710060963631,-72.53508717114201,-72.53508717114201
2173.7200609636307,-72.53541687139705,-72.53541687139705
2173.730060963631,-72.53573865961376,-72.53573865961376
2173.7400609636306,-72.53605285304373,-72.53605285304373
2173.750060963631,-72.5363597650853,-72.5363597650853
2173.7600609636306,-72.53665970536271,-72.53665970536271
2173.770060963631,-72.53695297978129,-72.53695297978129
2173.7800609636306,-72.53723989060859,-72.53723989060859
2173.790060963631,-72.53752073649409,-72.53752073649409
2173.8000609636306,-72.53779581256433,-72.53779581256433
2173.810060963631,-72.53806541039688,-72.53806541039688
2173.8200609636306,-72.5383298180938,-72.5383298180938
2173.830060963631,-72.53858932027488,-72.53858932027488
2173.8400609636305,-72.53884419814536,-72.53884419814536
2173.8500609636308,-72.53909472948357,-72.53909472948357
2173.8600609636305,-72.53934118865239,-72.53934118865239
2173.8700609636307,-72.53958384663736,-72.53958384663736
2173.8800609636305,-72.53982297104882,-72.53982297104882
2173.8900609636307,-72.54005882613917,-72.54005882613917
2173.9000609636305,-72.54029167282751,-72.54029167282751
2173.9100609636307,-72.54052176868028,-72.54052176868028
2173.9200609636305,-72.5407493679613,-72.5407493679613
2173.9300609636307,-72.54097472162502,-72.54097472162502
2173.9400609636305,-72.54119807733845,-72.54119807733845
2173.9500609636307,-72.54141967948046,-72.54141967948046
2173.960060963631,-72.54163976917462,-72.54163976917462
2173.9700609636307,-72.54185858428863,-72.54185858428863
2173.980060963631,-72.54198646731578,-72.54198646731578
2173.9900609636306,-72.5419883873539,-72.5419883873539
2174.000060963631,-72.54184975023225,-72.54184975023225
2174.0100609636306,-72.54156471814073,-72.54156471814073
2174.020060963631,-72.54113203499807,-72.54113203499807
2174.0300609636306,-72.54055305163418,-72.54055305163418
2174.040060963631,-72.53983061570172,-72.53983061570172
2174.0500609636306,-72.53896840336157,-72.53896840336157
2174.060060963631,-72.53797050921213,-72.53797050921213
2174.0700609636306,-72.5368411952381,-72.5368411952381
2174.080060963631,-72.53558473937235,-72.53558473937235
2174.0900609636305,-72.53420534666154,-72.53420534666154
2174.1000609636308,-72.53270709967497,-72.53270709967497
2174.1100609636305,-72.53109393327576,-72.53109393327576
2174.1200609636307,-72.52936962436341,-72.52936962436341
2174.1300609636305,-72.52753779063244,-72.52753779063244
2174.1400609636307,-72.52560189450085,-72.52560189450085
2174.1500609636305,-72.52356524995137,-72.52356524995137
2174.1600609636307,-72.52143103070019,-72.52143103070019
2174.1700609636305,-72.51920227889737,-72.51920227889737
2174.1800609636307,-72.51688191378337,-72.51688191378337
2174.1900609636305,-72.51447274003944,-72.51447274003944
2174.2000609636307,-72.51197745561274,-72.51197745561274
2174.210060963631,-72.50939865899147,-72.50939865899147
2174.2200609636307,-72.50673885593766,-72.50673885593766
2174.230060963631,-72.5040004656286,-72.5040004656286
2174.2400609636306,-72.50118582626719,-72.50118582626719
2174.250060963631,-72.49829720023199,-72.49829720023199
2174.2600609636306,-72.49533677873602,-72.49533677873602
2174.270060963631,-72.49230668606495,-72.49230668606495
2174.2800609636306,-72.48920898351916,-72.48920898351916
2174.290060963631,-72.48604567292213,-72.48604567292213
2174.3000609874725,-72.48281869221907,-72.48281869221907
2174.3100609874728,-72.47952994889866,-72.47952994889866
2174.3200609874725,-72.47618127751085,-72.47618127751085
2174.3300609874727,-72.47277447186924,-72.47277447186924
2174.3400609874725,-72.46931128014387,-72.46931128014387
2174.3500609874727,-72.46579340691981,-72.46579340691981
2174.3600609874725,-72.4622225151692,-72.4622225151692
2174.3700609874727,-72.45860022802893,-72.45860022802893
2174.3800609874725,-72.4549281305237,-72.4549281305237
2174.3900609874727,-72.45120777105792,-72.45120777105792
2174.4000609874724,-72.44744066289246,-72.44744066289246
2174.4100609874727,-72.4436282854494,-72.4436282854494
2174.4200609874724,-72.43977208558721,-72.43977208558721
2174.4300609874726,-72.43587347873157,-72.43587347873157
2174.4400609874724,-72.43193384998584,-72.43193384998584
2174.4500609874726,-72.42795455512828,-72.42795455512828
2174.4600609874724,-72.42393692155291,-72.42393692155291
2174.4700609874726,-72.41988224918265,-72.41988224918265
2174.4800609874724,-72.4157918112956,-72.4157918112956
2174.4900609874726,-72.41166685531192,-72.41166685531192
2174.5000609874724,-72.40750860353512,-72.40750860353512
2174.5100609874726,-72.40331825385388,-72.40331825385388
2174.5200609874723,-72.39909698041961,-72.39909698041961
2174.5300609874726,-72.3948459342623,-72.3948459342623
2174.5400609874723,-72.39056624389586,-72.39056624389586
2174.5500609874725,-72.38625901587093,-72.38625901587093
2174.5600609874728,-72.3819253353367,-72.3819253353367
2174.5700609874725,-72.37756626654034,-72.37756626654034
2174.5800609874727,-72.37318285331993,-72.37318285331993
2174.5900609874725,-72.36877611960041,-72.36877611960041
2174.6000609874727,-72.3643470697934,-72.3643470697934
2174.6100609874725,-72.35989668928212,-72.35989668928212
2174.6200609874727,-72.35542594479281,-72.35542594479281
2174.6300609874725,-72.35093578483288,-72.35093578483288
2174.6400609874727,-72.34642714004877,-72.34642714004877
2174.6500609874724,-72.34190092359938,-72.34190092359938
2174.6600609874727,-72.33735803151522,-72.33735803151522
2174.6700609874724,-72.33279934304741,-72.33279934304741
2174.6800609874726,-72.32822572101189,-72.32822572101189
2174.6900609874724,-72.32363801207066,-72.32363801207066
2174.7000609874726,-72.31903704709323,-72.31903704709323
2174.7100609874724,-72.31442364143913,-72.31442364143913
2174.7200609874726,-72.309798595244,-72.309798595244
2174.7300609874724,-72.30516269372768,-72.30516269372768
2174.7400609874726,-72.3005167074459,-72.3005167074459
2174.7500609874724,-72.2958613925867,-72.2958613925867
2174.7600609874726,-72.29119749121939,-72.29119749121939
2174.7700609874723,-72.2865257315461,-72.2865257315461
2174.7800609874726,-72.28184682817614,-72.28184682817614
2174.7900609874723,-72.27716148235348,-72.27716148235348
2174.8000609874725,-72.27247038218788,-72.27247038218788
2174.8100609874728,-72.26777420290603,-72.26777420290603
2174.8200609874725,-72.26307360706626,-72.26307360706626
2174.8300609874727,-72.25836924478651,-72.25836924478651
2174.8400609874725,-72.25366175396415,-72.25366175396415
2174.8500609874727,-72.24895176048969,-72.24895176048969
2174.8600609874725,-72.24423987845755,-72.24423987845755
2174.8700609874727,-72.23952671034905,-72.23952671034905
2174.8800609874725,-72.23481284726084,-72.23481284726084
2174.8900609874727,-72.2300988690906,-72.2300988690906
2174.9000609874724,-72.22538534472837,-72.22538534472837
2174.9100609874727,-72.22067283223289,-72.22067283223289
2174.9200609874724,-72.21596187904443,-72.21596187904443
2174.9300609874726,-72.21125302214102,-72.21125302214102
2174.9400609874724,-72.20654678822689,-72.20654678822689
2174.9500609874726,-72.20184369390248,-72.20184369390248
2174.9600609874724,-72.19713797505668,-72.19713797505668
2174.9700609874726,-72.19242740053737,-72.19242740053737
2174.9800609874724,-72.18771114250796,-72.18771114250796
2174.9900609874726,-72.18298901598554,-72.18298901598554
2175.0000609874724,-72.17826118927903,-72.17826118927903
2175.0100609874726,-72.17352803394881,-72.17352803394881
2175.0200609874723,-72.16879003694785,-72.16879003694785
2175.0300609874726,-72.16404774793291,-72.16404774793291
2175.0400609874723,-72.15930174768577,-72.15930174768577
2175.0500609874725,-72.1545526292384,-72.1545526292384
2175.0600609874728,-72.14980098671684,-72.14980098671684
2175.0700609874725,-72.14504740887153,-72.14504740887153
2175.0800609874727,-72.14029247542858,-72.14029247542858
2175.0900609874725,-72.13553675519425,-72.13553675519425
2175.1000609874727,-72.13078080519321,-72.13078080519321
2175.1100609874725,-72.12602517042639,-72.12602517042639
2175.1200609874727,-72.12127038396447,-72.12127038396447
2175.1300609874725,-72.1165169672804,-72.1165169672804
2175.1400609874727,-72.11176543060981,-72.11176543060981
2175.1500610113144,-72.10701626211522,-72.10701626211522
2175.1600610113146,-72.10226997352424,-72.10226997352424
2175.1700610113144,-72.09752703277945,-72.09752703277945
2175.1800610113146,-72.09278790955992,-72.09278790955992
2175.1900610113144,-72.0880530644035,-72.0880530644035
2175.2000610113146,-72.08332294900652,-72.08332294900652
2175.2100610113143,-72.0785980065655,-72.0785980065655
2175.2200610113146,-72.07387867200212,-72.07387867200212
2175.2300610113143,-72.06916537224787,-72.06916537224787
2175.2400610113145,-72.06445852645493,-72.06445852645493
2175.2500610113143,-72.05975854618868,-72.05975854618868
2175.2600610113145,-72.05506583561369,-72.05506583561369
2175.2700610113143,-72.05038079168536,-72.05038079168536
2175.2800610113145,-72.04570380426982,-72.04570380426982
2175.2900610113143,-72.04103525630933,-72.04103525630933
2175.3000610113145,-72.0363755239601,-72.0363755239601
2175.3100610113142,-72.03172497669271,-72.03172497669271
2175.3200610113145,-72.02708397742335,-72.02708397742335
2175.3300610113142,-72.02245288262718,-72.02245288262718
2175.3400610113144,-72.01783204242966,-72.01783204242966
2175.350061011314,-72.01322180070964,-72.01322180070964
2175.3600610113144,-72.00862249520661,-72.00862249520661
2175.370061011314,-72.00403445758143,-72.00403445758143
2175.3800610113144,-71.999458013535,-71.999458013535
2175.390061011314,-71.99489348287213,-71.99489348287213
2175.4000610113144,-71.99034117958492,-71.99034117958492
2175.4100610113146,-71.98580141193649,-71.98580141193649
2175.4200610113144,-71.98127448254354,-71.98127448254354
2175.4300610113146,-71.97676068844433,-71.97676068844433
2175.4400610113144,-71.97226032115803,-71.97226032115803
2175.4500610113146,-71.96777366679775,-71.96777366679775
2175.4600610113143,-71.96329475738735,-71.96329475738735
2175.4700610113146,-71.95882115124317,-71.95882115124317
2175.4800610113143,-71.95435180958249,-71.95435180958249
2175.4900610113145,-71.949886338332,-71.949886338332
2175.5000610113143,-71.9454246994817,-71.9454246994817
2175.5100610113145,-71.94096706145564,-71.94096706145564
2175.5200610113143,-71.93651371149801,-71.93651371149801
2175.5300610113145,-71.93206500308237,-71.93206500308237
2175.5400610113143,-71.92762132437049,-71.92762132437049
2175.5500610113145,-71.92318307930601,-71.92318307930601
2175.5600610113142,-71.91875067646694,-71.91875067646694
2175.5700610113145,-71.91432452250247,-71.91432452250247
2175.5800610113142,-71.90990501848809,-71.90990501848809
2175.5900610113144,-71.90549255790933,-71.90549255790933
2175.600061011314,-71.90108752579653,-71.90108752579653
2175.6100610113144,-71.89669029837569,-71.89669029837569
2175.620061011314,-71.89230124312313,-71.89230124312313
2175.6300610113144,-71.88792071902581,-71.88792071902581
2175.640061011314,-71.8835490769,-71.8835490769
2175.6500610113144,-71.87918665977514,-71.87918665977514
2175.6600610113146,-71.87483380328055,-71.87483380328055
2175.6700610113144,-71.87049083599433,-71.87049083599433
2175.6800610113146,-71.86615807978421,-71.86615807978421
2175.6900610113144,-71.86183585014233,-71.86183585014233
2175.7000610113146,-71.85752445641901,-71.85752445641901
2175.7100610113143,-71.85322420210227,-71.85322420210227
2175.7200610113146,-71.84893538502344,-71.84893538502344
2175.7300610113143,-71.84465829755645,-71.84465829755645
2175.7400610113145,-71.84039322678566,-71.84039322678566
2175.7500610113143,-71.83614045467523,-71.83614045467523
2175.7600610113145,-71.8319002581713,-71.8319002581713
2175.7700610113143,-71.827672909365,-71.827672909365
2175.7800610113145,-71.82345867556447,-71.82345867556447
2175.7900610113143,-71.81925781941528,-71.81925781941528
2175.8000610113145,-71.81507059897683,-71.81507059897683
2175.8100610113142,-71.81089726780664,-71.81089726780664
2175.8200610113145,-71.80673807504509,-71.80673807504509
2175.8300610113142,-71.80259326545873,-71.80259326545873
2175.8400610113144,-71.79846307951385,-71.79846307951385
2175.850061011314,-71.7943477534518,-71.7943477534518
2175.8600610113144,-71.79024751931554,-71.79024751931554
2175.870061011314,-71.78616260502173,-71.78616260502173
2175.8800610113144,-71.78209323439907,-71.78209323439907
2175.890061011314,-71.77803962725203,-71.77803962725203
2175.9000610113144,-71.77400199937667,-71.77400199937667
2175.9100610113146,-71.76998056263591,-71.76998056263591
2175.9200610113144,-71.76597552498862,-71.76597552498862
2175.9300610113146,-71.76198709052817,-71.76198709052817
2175.9400610113144,-71.75801545951907,-71.75801545951907
2175.9500610113146,-71.75406082846094,-71.75406082846094
2175.9600610113143,-71.75011715994115,-71.75011715994115
2175.9700610113146,-71.74618193396893,-71.74618193396893
2175.9800610113143,-71.74225403085853,-71.74225403085853
2175.9900610113145,-71.73833297524419,-71.73833297524419
2176.0000610351562,-71.73441863897803,-71.73441863897803
2176.0100610351565,-71.73051112915675,-71.73051112915675
2176.0200610351562,-71.72661064475535,-71.72661064475535
2176.0300610351565,-71.72271746151125,-71.72271746151125
2176.040061035156,-71.71883189108937,-71.71883189108937
2176.0500610351564,-71.71495426219951,-71.71495426219951
2176.060061035156,-71.71108490945542,-71.71108490945542
2176.0700610351564,-71.70722416681247,-71.70722416681247
2176.080061035156,-71.70337236389595,-71.70337236389595
2176.0900610351564,-71.69952982399901,-71.69952982399901
2176.100061035156,-71.69569686315909,-71.69569686315909
2176.1100610351564,-71.69187378982976,-71.69187378982976
2176.120061035156,-71.68806090489213,-71.68806090489213
2176.1300610351564,-71.68425850189024,-71.68425850189024
2176.140061035156,-71.68046686736398,-71.68046686736398
2176.1500610351563,-71.67668628116887,-71.67668628116887
2176.160061035156,-71.67291701686018,-71.67291701686018
2176.1700610351563,-71.66915934205191,-71.66915934205191
2176.180061035156,-71.66541351870488,-71.66541351870488
2176.1900610351563,-71.66167980344362,-71.66167980344362
2176.200061035156,-71.65795844779551,-71.65795844779551
2176.2100610351563,-71.6542496984243,-71.6542496984243
2176.220061035156,-71.65055379734248,-71.65055379734248
2176.2300610351563,-71.64687098208537,-71.64687098208537
2176.240061035156,-71.64320148586759,-71.64320148586759
2176.2500610351562,-71.63954553770076,-71.63954553770076
2176.2600610351565,-71.63590336254917,-71.63590336254917
2176.2700610351562,-71.6322751813905,-71.6322751813905
2176.2800610351565,-71.62866121135083,-71.62866121135083
2176.290061035156,-71.62506166576732,-71.62506166576732
2176.3000610351564,-71.62147675426394,-71.62147675426394
2176.310061035156,-71.61790668281412,-71.61790668281412
2176.3200610351564,-71.61435165378839,-71.61435165378839
2176.330061035156,-71.61081186604338,-71.61081186604338
2176.3400610351564,-71.60728751493227,-71.60728751493227
2176.350061035156,-71.60377879237745,-71.60377879237745
2176.3600610351564,-71.60028588689327,-71.60028588689327
2176.370061035156,-71.59680898363189,-71.59680898363189
2176.3800610351564,-71.59334826441113,-71.59334826441113
2176.390061035156,-71.58990390777223,-71.58990390777223
2176.4000610351563,-71.58647608898727,-71.58647608898727
2176.410061035156,-71.58306498010333,-71.58306498010333
2176.4200610351563,-71.57967074998177,-71.57967074998177
2176.430061035156,-71.57629356430373,-71.57629356430373
2176.4400610351563,-71.57293358561783,-71.57293358561783
2176.450061035156,-71.56959097336566,-71.56959097336566
2176.4600610351563,-71.56626588390661,-71.56626588390661
2176.470061035156,-71.56295847054132,-71.56295847054132
2176.4800610351563,-71.55966888354938,-71.55966888354938
2176.490061035156,-71.556397270221,-71.556397270221
2176.5000610351562,-71.55314377486988,-71.55314377486988
2176.5100610351565,-71.54990853885845,-71.54990853885845
2176.5200610351562,-71.54669170065212,-71.54669170065212
2176.5300610351565,-71.54349339580395,-71.54349339580395
2176.540061035156,-71.54031375702621,-71.54031375702621
2176.5500610351564,-71.5371529141956,-71.5371529141956
2176.560061035156,-71.53401099437038,-71.53401099437038
2176.5700610351564,-71.53088812183323,-71.53088812183323
2176.580061035156,-71.52778441811888,-71.52778441811888
2176.5900610351564,-71.52470000204744,-71.52470000204744
2176.600061035156,-71.52163498972644,-71.52163498972644
2176.6100610351564,-71.51858949460681,-71.51858949460681
2176.620061035156,-71.51556362748786,-71.51556362748786
2176.6300610351564,-71.51255749657447,-71.51255749657447
2176.640061035156,-71.5095712074641,-71.5095712074641
2176.6500610351563,-71.50660486321455,-71.50660486321455
2176.660061035156,-71.50365856435674,-71.50365856435674
2176.6700610351563,-71.50073240890403,-71.50073240890403
2176.680061035156,-71.49782649240917,-71.49782649240917
2176.6900610351563,-71.49494090797549,-71.49494090797549
2176.700061035156,-71.49207574630076,-71.49207574630076
2176.7100610351563,-71.48923109567694,-71.48923109567694
2176.720061035156,-71.48640704204922,-71.48640704204922
2176.7300610351563,-71.48360366901686,-71.48360366901686
2176.740061035156,-71.48082105788997,-71.48082105788997
2176.7500610351562,-71.47805928769212,-71.47805928769212
2176.7600610351565,-71.47531843518664,-71.47531843518664
2176.7700610351562,-71.47259857493796,-71.47259857493796
2176.7800610351565,-71.46989977929569,-71.46989977929569
2176.790061035156,-71.46722211845636,-71.46722211845636
2176.8000610351564,-71.46456566047368,-71.46456566047368
2176.810061035156,-71.4619304712843,-71.4619304712843
2176.8200610351564,-71.45931661473863,-71.45931661473863
2176.830061035156,-71.45672415263596,-71.45672415263596
2176.8400610351564,-71.45415314473672,-71.45415314473672
2176.850061058998,-71.45160364273555,-71.45160364273555
2176.8600610589983,-71.44907571462448,-71.44907571462448
2176.870061058998,-71.44656940807124,-71.44656940807124
2176.8800610589983,-71.44408477499071,-71.44408477499071
2176.890061058998,-71.44162186538817,-71.44162186538817
2176.9000610589983,-71.43918072739311,-71.43918072739311
2176.910061058998,-71.43676140727895,-71.43676140727895
2176.9200610589983,-71.43436394950841,-71.43436394950841
2176.930061058998,-71.43198839674776,-71.43198839674776
2176.9400610589983,-71.42963478988608,-71.42963478988608
2176.950061058998,-71.42730316805815,-71.42730316805815
2176.9600610589982,-71.42499356867711,-71.42499356867711
2176.970061058998,-71.42270602746913,-71.42270602746913
2176.980061058998,-71.42044057847032,-71.42044057847032
2176.990061058998,-71.41819725408408,-71.41819725408408
2177.000061058998,-71.41597608507085,-71.41597608507085
2177.010061058998,-71.41377710060101,-71.41377710060101
2177.020061058998,-71.41160032825576,-71.41160032825576
2177.030061058998,-71.40944579406717,-71.40944579406717
2177.040061058998,-71.40731352253056,-71.40731352253056
2177.050061058998,-71.40520353663156,-71.40520353663156
2177.060061058998,-71.40311585786493,-71.40311585786493
2177.070061058998,-71.40105050626569,-71.40105050626569
2177.080061058998,-71.39900750042234,-71.39900750042234
2177.090061058998,-71.39698685749985,-71.39698685749985
2177.100061058998,-71.39498859326712,-71.39498859326712
2177.1100610589983,-71.39301272211341,-71.39301272211341
2177.120061058998,-71.39105925706059,-71.39105925706059
2177.1300610589983,-71.38912820979981,-71.38912820979981
2177.140061058998,-71.38721959070399,-71.38721959070399
2177.1500610589983,-71.38533340885724,-71.38533340885724
2177.160061058998,-71.38346967206164,-71.38346967206164
2177.1700610589983,-71.38162838686618,-71.38162838686618
2177.180061058998,-71.37980955858224,-71.37980955858224
2177.1900610589983,-71.37801319130186,-71.37801319130186
2177.200061058998,-71.37623928792459,-71.37623928792459
2177.2100610589982,-71.37448785017176,-71.37448785017176
2177.220061058998,-71.37275887859404,-71.37275887859404
2177.230061058998,-71.37105237261771,-71.37105237261771
2177.240061058998,-71.36936833053429,-71.36936833053429
2177.250061058998,-71.3677067495366,-71.3677067495366
2177.260061058998,-71.36606762572974,-71.36606762572974
2177.270061058998,-71.36445095414658,-71.36445095414658
2177.280061058998,-71.36285672876741,-71.36285672876741
2177.290061058998,-71.36128494254659,-71.36128494254659
2177.300061058998,-71.35973558741802,-71.35973558741802
2177.310061058998,-71.35820865430095,-71.35820865430095
2177.320061058998,-71.356704133161,-71.356704133161
2177.330061058998,-71.35522201296595,-71.35522201296595
2177.340061058998,-71.35376228174722,-71.35376228174722
2177.350061058998,-71.35232492659925,-71.35232492659925
2177.3600610589983,-71.35090993369789,-71.35090993369789
2177.370061058998,-71.3495172883119,-71.3495172883119
2177.3800610589983,-71.34814697481697,-71.34814697481697
2177.390061058998,-71.34679897673188,-71.34679897673188
2177.4000610589983,-71.34547327669382,-71.34547327669382
2177.410061058998,-71.34416985651488,-71.34416985651488
2177.4200610589983,-71.34288869716302,-71.34288869716302
2177.430061058998,-71.34162977880551,-71.34162977880551
2177.4400610589983,-71.34039308079328,-71.34039308079328
2177.450061058998,-71.33917858170744,-71.33917858170744
2177.4600610589982,-71.33798625934767,-71.33798625934767
2177.470061058998,-71.33681609074628,-71.33681609074628
2177.480061058998,-71.33566805220026,-71.33566805220026
2177.490061058998,-71.33454211926738,-71.33454211926738
2177.500061058998,-71.33343826678676,-71.33343826678676
2177.510061058998,-71.33235646889699,-71.33235646889699
2177.520061058998,-71.33129669902871,-71.33129669902871
2177.530061058998,-71.33025892994138,-71.33025892994138
2177.540061058998,-71.329243133713,-71.329243133713
2177.550061058998,-71.3282492817808,-71.3282492817808
2177.560061058998,-71.32727734492933,-71.32727734492933
2177.570061058998,-71.32632729330206,-71.32632729330206
2177.580061058998,-71.32539909642973,-71.32539909642973
2177.590061058998,-71.32449272322006,-71.32449272322006
2177.600061058998,-71.3236081419969,-71.3236081419969
2177.6100610589983,-71.32274532048528,-71.32274532048528
2177.620061058998,-71.32190422583503,-71.32190422583503
2177.6300610589983,-71.32108482464055,-71.32108482464055
2177.640061058998,-71.32028708291713,-71.32028708291713
2177.6500610589983,-71.31951096615879,-71.31951096615879
2177.660061058998,-71.31875643930614,-71.31875643930614
2177.6700610589983,-71.31802346678897,-71.31802346678897
2177.680061058998,-71.31731201251397,-71.31731201251397
2177.6900610589983,-71.31662203988041,-71.31662203988041
2177.70006108284,-71.31595351022068,-71.31595351022068
2177.71006108284,-71.31530638920755,-71.31530638920755
2177.72006108284,-71.31468063710966,-71.31468063710966
2177.73006108284,-71.31407621541386,-71.31407621541386
2177.74006108284,-71.31349308515219,-71.31349308515219
2177.75006108284,-71.31293120690627,-71.31293120690627
2177.76006108284,-71.31239054081233,-71.31239054081233
2177.77006108284,-71.31187104657643,-71.31187104657643
2177.78006108284,-71.31137268349231,-71.31137268349231
2177.79006108284,-71.31089541042635,-71.31089541042635
2177.80006108284,-71.31043918585421,-71.31043918585421
2177.81006108284,-71.31000396785,-71.31000396785
2177.82006108284,-71.30958971409687,-71.30958971409687
2177.83006108284,-71.30919638190102,-71.30919638190102
2177.84006108284,-71.30882392819704,-71.30882392819704
2177.85006108284,-71.30847230955115,-71.30847230955115
2177.86006108284,-71.30814148218778,-71.30814148218778
2177.87006108284,-71.3078314019632,-71.3078314019632
2177.88006108284,-71.30754202440544,-71.30754202440544
2177.89006108284,-71.30727330470265,-71.30727330470265
2177.90006108284,-71.30702519772294,-71.30702519772294
2177.91006108284,-71.30679765800593,-71.30679765800593
2177.9200610828398,-71.30659063979333,-71.30659063979333
2177.93006108284,-71.30640409700713,-71.30640409700713
2177.9400610828397,-71.30623798327483,-71.30623798327483
2177.95006108284,-71.30609225193804,-71.30609225193804
2177.96006108284,-71.30596685605103,-71.30596685605103
2177.97006108284,-71.30586174838893,-71.30586174838893
2177.98006108284,-71.3057768814531,-71.3057768814531
2177.99006108284,-71.30571220747915,-71.30571220747915
2178.00006108284,-71.30566767845518,-71.30566767845518
2178.01006108284,-71.30564324610236,-71.30564324610236
2178.02006108284,-71.30563886189604,-71.30563886189604
2178.03006108284,-71.30565447707757,-71.30565447707757
2178.04006108284,-71.3056900426532,-71.3056900426532
2178.05006108284,-71.30574550939986,-71.30574550939986
2178.06006108284,-71.30582082785638,-71.30582082785638
2178.07006108284,-71.30591594836714,-71.30591594836714
2178.08006108284,-71.30603082104577,-71.30603082104577
2178.09006108284,-71.30616539581047,-71.30616539581047
2178.10006108284,-71.3063196223782,-71.3063196223782
2178.11006108284,-71.30649345026181,-71.30649345026181
2178.12006108284,-71.30668682878982,-71.30668682878982
2178.13006108284,-71.30689970710422,-71.30689970710422
2178.14006108284,-71.30713203416151,-71.30713203416151
2178.15006108284,-71.30738375875121,-71.30738375875121
2178.16006108284,-71.30765482948854,-71.30765482948854
2178.1700610828398,-71.30794519482305,-71.30794519482305
2178.18006108284,-71.30825480304465,-71.30825480304465
2178.1900610828397,-71.30858360228063,-71.30858360228063
2178.20006108284,-71.3089315405105,-71.3089315405105
2178.21006108284,-71.30929236140709,-71.30929236140709
2178.22006108284,-71.30966330606408,-71.30966330606408
2178.23006108284,-71.31004301157442,-71.31004301157442
2178.24006108284,-71.31043076010386,-71.31043076010386
2178.25006108284,-71.31082619266986,-71.31082619266986
2178.26006108284,-71.31122916060782,-71.31122916060782
2178.27006108284,-71.31163963852343,-71.31163963852343
2178.28006108284,-71.31205767204013,-71.31205767204013
2178.29006108284,-71.31248334637792,-71.31248334637792
2178.30006108284,-71.3129167674966,-71.3129167674966
2178.31006108284,-71.31335805093534,-71.31335805093534
2178.32006108284,-71.31380731522503,-71.31380731522503
2178.33006108284,-71.31426467815298,-71.31426467815298
2178.34006108284,-71.31473025473382,-71.31473025473382
2178.35006108284,-71.31520415620561,-71.31520415620561
2178.36006108284,-71.31568648966531,-71.31568648966531
2178.37006108284,-71.31617735803935,-71.31617735803935
2178.38006108284,-71.31667686023671,-71.31667686023671
2178.39006108284,-71.31718509144217,-71.31718509144217
2178.40006108284,-71.31770214340847,-71.31770214340847
2178.41006108284,-71.31822810477742,-71.31822810477742
2178.4200610828398,-71.31876306137518,-71.31876306137518
2178.43006108284,-71.31930709648725,-71.31930709648725
2178.4400610828397,-71.31986029110857,-71.31986029110857
2178.45006108284,-71.32042272415782,-71.32042272415782
2178.46006108284,-71.32098826661166,-71.32098826661166
2178.47006108284,-71.32155428566371,-71.32155428566371
2178.48006108284,-71.32211954334804,-71.32211954334804
2178.49006108284,-71.32268344567497,-71.32268344567497
2178.50006108284,-71.32324575642662,-71.32324575642662
2178.51006108284,-71.32380644871088,-71.32380644871088
2178.52006108284,-71.32436561793405,-71.32436561793405
2178.53006108284,-71.32492342958082,-71.32492342958082
2178.54006108284,-71.32548008782736,-71.32548008782736
2178.550061106682,-71.3260358180557,-71.3260358180557
2178.560061106682,-71.32659085038033,-71.32659085038033
2178.570061106682,-71.32714542102919,-71.32714542102919
2178.580061106682,-71.32769976333876,-71.32769976333876
2178.590061106682,-71.32825410703121,-71.32825410703121
2178.600061106682,-71.32880867723902,-71.32880867723902
2178.6100611066818,-71.32936369410686,-71.32936369410686
2178.620061106682,-71.32991937276394,-71.32991937276394
2178.6300611066818,-71.33047592350313,-71.33047592350313
2178.640061106682,-71.33103355203461,-71.33103355203461
2178.6500611066817,-71.33159245979421,-71.33159245979421
2178.660061106682,-71.33215284424334,-71.33215284424334
2178.6700611066817,-71.33271489915595,-71.33271489915595
2178.680061106682,-71.33327881490241,-71.33327881490241
2178.6900611066817,-71.33384477867673,-71.33384477867673
2178.700061106682,-71.33441297470083,-71.33441297470083
2178.7100611066817,-71.33497737697212,-71.33497737697212
2178.720061106682,-71.33553545529276,-71.33553545529276
2178.7300611066817,-71.33608607373229,-71.33608607373229
2178.740061106682,-71.33662873962571,-71.33662873962571
2178.7500611066816,-71.33716331732886,-71.33716331732886
2178.760061106682,-71.3376898796971,-71.3376898796971
2178.7700611066816,-71.33820862106064,-71.33820862106064
2178.780061106682,-71.33871980497412,-71.33871980497412
2178.7900611066816,-71.33922373279768,-71.33922373279768
2178.800061106682,-71.33972072489746,-71.33972072489746
2178.810061106682,-71.34021110944333,-71.34021110944333
2178.820061106682,-71.34069521584176,-71.34069521584176
2178.830061106682,-71.34117337101502,-71.34117337101502
2178.840061106682,-71.34164589734844,-71.34164589734844
2178.850061106682,-71.34211311171508,-71.34211311171508
2178.8600611066818,-71.34257532506894,-71.34257532506894
2178.870061106682,-71.34303284240877,-71.34303284240877
2178.8800611066818,-71.34348596295648,-71.34348596295648
2178.890061106682,-71.34393498042873,-71.34393498042873
2178.9000611066817,-71.3443801832959,-71.3443801832959
2178.910061106682,-71.34482185513436,-71.34482185513436
2178.9200611066817,-71.34526027488468,-71.34526027488468
2178.930061106682,-71.34569571713072,-71.34569571713072
2178.9400611066817,-71.34612845233485,-71.34612845233485
2178.950061106682,-71.34655874706297,-71.34655874706297
2178.9600611066817,-71.34698686414313,-71.34698686414313
2178.970061106682,-71.34741306283549,-71.34741306283549
2178.9800611066817,-71.34783759897255,-71.34783759897255
2178.990061106682,-71.34826072504498,-71.34826072504498
2179.0000611066816,-71.34868269033299,-71.34868269033299
2179.010061106682,-71.34910374095969,-71.34910374095969
2179.0200611066816,-71.34952411997189,-71.34952411997189
2179.030061106682,-71.34994406738109,-71.34994406738109
2179.0400611066816,-71.35036382023087,-71.35036382023087
2179.050061106682,-71.35078361261462,-71.35078361261462
2179.060061106682,-71.35120367572553,-71.35120367572553
2179.070061106682,-71.35162423787126,-71.35162423787126
2179.080061106682,-71.35204552449161,-71.35204552449161
2179.090061106682,-71.35246775820211,-71.35246775820211
2179.100061106682,-71.35289115877495,-71.35289115877495
2179.1100611066818,-71.35331594319793,-71.35331594319793
2179.120061106682,-71.35374232562783,-71.35374232562783
2179.1300611066818,-71.35417051745588,-71.35417051745588
2179.140061106682,-71.35460072728247,-71.35460072728247
2179.1500611066817,-71.35503316094727,-71.35503316094727
2179.160061106682,-71.35546802152048,-71.35546802152048
2179.1700611066817,-71.3559055093228,-71.3559055093228
2179.180061106682,-71.35634582193049,-71.35634582193049
2179.1900611066817,-71.35678915419038,-71.35678915419038
2179.200061106682,-71.35723569820696,-71.35723569820696
2179.2100611066817,-71.3576794339941,-71.3576794339941
2179.220061106682,-71.3581178381908,-71.3581178381908
2179.2300611066817,-71.35854978200008,-71.35854978200008
2179.240061106682,-71.35897477992992,-71.35897477992992
2179.2500611066816,-71.35939270334859,-71.35939270334859
2179.260061106682,-71.35980363183432,-71.35980363183432
2179.2700611066816,-71.36020776604362,-71.36020776604362
2179.280061106682,-71.36060537535712,-71.36060537535712
2179.2900611066816,-71.36099676646683,-71.36099676646683
2179.300061106682,-71.36138226447768,-71.36138226447768
2179.310061106682,-71.36176220171711,-71.36176220171711
2179.320061106682,-71.36213691115701,-71.36213691115701
2179.330061106682,-71.36250672265562,-71.36250672265562
2179.340061106682,-71.36287196093133,-71.36287196093133
2179.350061106682,-71.36323294457729,-71.36323294457729
2179.3600611066818,-71.3635899856659,-71.3635899856659
2179.370061106682,-71.36394338974522,-71.36394338974522
2179.3800611066818,-71.36429345600745,-71.36429345600745
2179.390061106682,-71.36464047755804,-71.36464047755804
2179.4000611305237,-71.36498474256162,-71.36498474256162
2179.410061130524,-71.36532653128137,-71.36532653128137
2179.4200611305237,-71.36566612131666,-71.36566612131666
2179.430061130524,-71.36600378459777,-71.36600378459777
2179.4400611305236,-71.3663397884757,-71.3663397884757
2179.450061130524,-71.36667439593809,-71.36667439593809
2179.4600611305236,-71.36700786581558,-71.36700786581558
2179.470061130524,-71.36734045296477,-71.36734045296477
2179.4800611305236,-71.36767240841809,-71.36767240841809
2179.490061130524,-71.36800397950714,-71.36800397950714
2179.5000611305236,-71.36833540999889,-71.36833540999889
2179.510061130524,-71.36866694016217,-71.36866694016217
2179.5200611305236,-71.36899880687177,-71.36899880687177
2179.530061130524,-71.36933124369175,-71.36933124369175
2179.5400611305236,-71.36966448091985,-71.36966448091985
2179.5500611305238,-71.36999874565376,-71.36999874565376
2179.5600611305235,-71.3703342618306,-71.3703342618306
2179.5700611305238,-71.3706712502694,-71.3706712502694
2179.5800611305235,-71.37100992873614,-71.37100992873614
2179.5900611305237,-71.37135051193123,-71.37135051193123
2179.6000611305235,-71.37169321156084,-71.37169321156084
2179.6100611305237,-71.37203823633993,-71.37203823633993
2179.6200611305235,-71.37238579203714,-71.37238579203714
2179.6300611305237,-71.37273608146715,-71.37273608146715
2179.6400611305235,-71.37308930455305,-71.37308930455305
2179.6500611305237,-71.37344565832028,-71.37344565832028
2179.660061130524,-71.37380533690407,-71.37380533690407
2179.6700611305237,-71.3741685316245,-71.3741685316245
2179.680061130524,-71.37453543093169,-71.37453543093169
2179.6900611305236,-71.37490622049033,-71.37490622049033
2179.700061130524,-71.37528108315311,-71.37528108315311
2179.7100611305236,-71.37566019900129,-71.37566019900129
2179.720061130524,-71.37604374534969,-71.37604374534969
2179.7300611305236,-71.3764318967765,-71.3764318967765
2179.740061130524,-71.37682482513947,-71.37682482513947
2179.7500611305236,-71.37722269959508,-71.37722269959508
2179.760061130524,-71.37762568660524,-71.37762568660524
2179.7700611305236,-71.3780339499709,-71.3780339499709
2179.780061130524,-71.37844765084861,-71.37844765084861
2179.7900611305236,-71.37886694776128,-71.37886694776128
2179.8000611305238,-71.37929199663246,-71.37929199663246
2179.8100611305235,-71.37972295078825,-71.37972295078825
2179.8200611305238,-71.38015996099317,-71.38015996099317
2179.8300611305235,-71.38060317547142,-71.38060317547142
2179.8400611305237,-71.38105273990914,-71.38105273990914
2179.8500611305235,-71.38150879749568,-71.38150879749568
2179.8600611305237,-71.38197148893039,-71.38197148893039
2179.8700611305235,-71.38244095247211,-71.38244095247211
2179.8800611305237,-71.38291732390901,-71.38291732390901
2179.8900611305235,-71.38340073663325,-71.38340073663325
2179.9000611305237,-71.38389132163489,-71.38389132163489
2179.910061130524,-71.38438920753332,-71.38438920753332
2179.9200611305237,-71.38489452059228,-71.38489452059228
2179.930061130524,-71.38540738475227,-71.38540738475227
2179.9400611305236,-71.3859279216548,-71.3859279216548
2179.950061130524,-71.38645625064537,-71.38645625064537
2179.9600611305236,-71.38699248881622,-71.38699248881622
2179.970061130524,-71.38753675102771,-71.38753675102771
2179.9800611305236,-71.38808914993703,-71.38808914993703
2179.990061130524,-71.38864979600082,-71.38864979600082
2180.0000611305236,-71.38921879750069,-71.38921879750069
2180.010061130524,-71.38979626058975,-71.38979626058975
2180.0200611305236,-71.39038228930123,-71.39038228930123
2180.030061130524,-71.39097698557865,-71.39097698557865
2180.0400611305236,-71.3915804492832,-71.3915804492832
2180.0500611305238,-71.3921927782311,-71.3921927782311
2180.0600611305235,-71.39281406822136,-71.39281406822136
2180.0700611305238,-71.39344441304571,-71.39344441304571
2180.0800611305235,-71.39408390451904,-71.39408390451904
2180.0900611305237,-71.39473263250262,-71.39473263250262
2180.1000611305235,-71.39539068491753,-71.39539068491753
2180.1100611305237,-71.39605814780204,-71.39605814780204
2180.1200611305235,-71.39673510528074,-71.39673510528074
2180.1300611305237,-71.39742163963764,-71.39742163963764
2180.1400611305235,-71.3981178313038,-71.3981178313038
2180.1500611305237,-71.39882375890346,-71.39882375890346
2180.160061130524,-71.39953949927299,-71.39953949927299
2180.1700611305237,-71.4002651274621,-71.4002651274621
2180.180061130524,-71.40100071678441,-71.40100071678441
2180.1900611305236,-71.4017463388304,-71.4017463388304
2180.200061130524,-71.4025020634761,-71.4025020634761
2180.2100611305236,-71.40326795892787,-71.40326795892787
2180.220061130524,-71.40404409172767,-71.40404409172767
2180.2300611305236,-71.4048305267796,-71.4048305267796
2180.240061130524,-71.40562732737759,-71.40562732737759
2180.2500611543655,-71.40643455713457,-71.40643455713457
2180.2600611543658,-71.40725227238201,-71.40725227238201
2180.2700611543655,-71.40808053355288,-71.40808053355288
2180.2800611543657,-71.40891939768937,-71.40891939768937
2180.2900611543655,-71.40976892034227,-71.40976892034227
2180.3000611543657,-71.41062915553925,-71.41062915553925
2180.3100611543655,-71.4115001558674,-71.4115001558674
2180.3200611543657,-71.41238197244512,-71.41238197244512
2180.3300611543655,-71.41327465497339,-71.41327465497339
2180.3400611543657,-71.41417825174302,-71.41417825174302
2180.3500611543654,-71.41509280965312,-71.41509280965312
2180.3600611543657,-71.41601837423954,-71.41601837423954
2180.3700611543654,-71.41695498968716,-71.41695498968716
2180.3800611543656,-71.41790269884278,-71.41790269884278
2180.3900611543654,-71.41886154324764,-71.41886154324764
2180.4000611543656,-71.41983156315413,-71.41983156315413
2180.4100611543654,-71.42081279753671,-71.42081279753671
2180.4200611543656,-71.42180528411404,-71.42180528411404
2180.4300611543654,-71.42280905936609,-71.42280905936609
2180.4400611543656,-71.42382415855568,-71.42382415855568
2180.4500611543654,-71.4248506157428,-71.4248506157428
2180.4600611543656,-71.42588846380455,-71.42588846380455
2180.4700611543653,-71.42693773445188,-71.42693773445188
2180.4800611543656,-71.42799845824308,-71.42799845824308
2180.4900611543653,-71.42907066461092,-71.42907066461092
2180.5000611543655,-71.43015438186117,-71.43015438186117
2180.5100611543658,-71.43124963721338,-71.43124963721338
2180.5200611543655,-71.43235645680016,-71.43235645680016
2180.5300611543657,-71.43347486567883,-71.43347486567883
2180.5400611543655,-71.43460488786529,-71.43460488786529
2180.5500611543657,-71.43574654634732,-71.43574654634732
2180.5600611543655,-71.43689986307567,-71.43689986307567
2180.5700611543657,-71.43806485901725,-71.43806485901725
2180.5800611543655,-71.43924155414027,-71.43924155414027
2180.5900611543657,-71.44042996744284,-71.44042996744284
2180.6000611543654,-71.44163011697061,-71.44163011697061
2180.6100611543657,-71.44284201981044,-71.44284201981044
2180.6200611543654,-71.44406569213191,-71.44406569213191
2180.6300611543656,-71.4453011491923,-71.4453011491923
2180.6400611543654,-71.44654840534741,-71.44654840534741
2180.6500611543656,-71.4478074740589,-71.4478074740589
2180.6600611543654,-71.44907836792865,-71.44907836792865
2180.6700611543656,-71.4503610986891,-71.4503610986891
2180.6800611543654,-71.45165567723538,-71.45165567723538
2180.6900611543656,-71.45296211362532,-71.45296211362532
2180.7000611543654,-71.45428041709825,-71.45428041709825
2180.7100611543656,-71.45561059608873,-71.45561059608873
2180.7200611543653,-71.45695265824163,-71.45695265824163
2180.7300611543656,-71.4583066104164,-71.4583066104164
2180.7400611543653,-71.45967245871192,-71.45967245871192
2180.7500611543655,-71.46105020845258,-71.46105020845258
2180.7600611543658,-71.46243986424335,-71.46243986424335
2180.7700611543655,-71.46384142994548,-71.46384142994548
2180.7800611543657,-71.46525490870039,-71.46525490870039
2180.7900611543655,-71.46668030293793,-71.46668030293793
2180.8000611543657,-71.46811761439707,-71.46811761439707
2180.8100611543655,-71.4695668441286,-71.4695668441286
2180.8200611543657,-71.47102799251137,-71.47102799251137
2180.8300611543655,-71.4725010592628,-71.4725010592628
2180.8400611543657,-71.47398604343267,-71.47398604343267
2180.8500611543654,-71.4754829434493,-71.4754829434493
2180.8600611543657,-71.4769917570903,-71.4769917570903
2180.8700611543654,-71.47851248153911,-71.47851248153911
2180.8800611543656,-71.48004511333893,-71.48004511333893
2180.8900611543654,-71.48158964844995,-71.48158964844995
2180.9000611543656,-71.48314608223141,-71.48314608223141
2180.9100611543654,-71.48471440947907,-71.48471440947907
2180.9200611543656,-71.48629462439085,-71.48629462439085
2180.9300611543654,-71.48788672062275,-71.48788672062275
2180.9400611543656,-71.48949069128258,-71.48949069128258
2180.9500611543654,-71.4911065289244,-71.4911065289244
2180.9600611543656,-71.49273422556206,-71.49273422556206
2180.9700611543653,-71.49437377270924,-71.49437377270924
2180.9800611543656,-71.49602516133567,-71.49602516133567
2180.9900611543653,-71.49768838192256,-71.49768838192256
2181.0000611543655,-71.49936342444947,-71.49936342444947
2181.0100611543658,-71.50105027840593,-71.50105027840593
2181.0200611543655,-71.50274893280047,-71.50274893280047
2181.0300611543657,-71.50445937615832,-71.50445937615832
2181.0400611543655,-71.50618159655859,-71.50618159655859
2181.0500611543657,-71.50791558161099,-71.50791558161099
2181.0600611543655,-71.50966131847743,-71.50966131847743
2181.0700611543657,-71.5114187938887,-71.5114187938887
2181.0800611543655,-71.513187994128,-71.513187994128
2181.0900611543657,-71.51496890506114,-71.51496890506114
2181.1000611782074,-71.51676151640316,-71.51676151640316
2181.1100611782076,-71.51856580470101,-71.51856580470101
2181.1200611782074,-71.52038175879399,-71.52038175879399
2181.1300611782076,-71.52220936292764,-71.52220936292764
2181.1400611782074,-71.52404860095444,-71.52404860095444
2181.1500611782076,-71.52589945633137,-71.52589945633137
2181.1600611782073,-71.52776191215551,-71.52776191215551
2181.1700611782076,-71.52963595115045,-71.52963595115045
2181.1800611782073,-71.53152155566858,-71.53152155566858
2181.1900611782075,-71.53341870771406,-71.53341870771406
2181.2000611782073,-71.53532738894886,-71.53532738894886
2181.2100611782075,-71.53724758068104,-71.53724758068104
2181.2200611782073,-71.53917926389164,-71.53917926389164
2181.2300611782075,-71.54112241922572,-71.54112241922572
2181.2400611782073,-71.54307702700676,-71.54307702700676
2181.2500611782075,-71.54504306723756,-71.54504306723756
2181.2600611782073,-71.54702051962411,-71.54702051962411
2181.2700611782075,-71.54900936353616,-71.54900936353616
2181.2800611782072,-71.55100957807839,-71.55100957807839
2181.2900611782075,-71.55302114203118,-71.55302114203118
2181.300061178207,-71.55504403390997,-71.55504403390997
2181.3100611782074,-71.55707823192567,-71.55707823192567
2181.320061178207,-71.55912371403188,-71.55912371403188
2181.3300611782074,-71.56118045789722,-71.56118045789722
2181.340061178207,-71.56324844093051,-71.56324844093051
2181.3500611782074,-71.56532764026042,-71.56532764026042
2181.3600611782076,-71.567418032784,-71.567418032784
2181.3700611782074,-71.56951959513124,-71.56951959513124
2181.3800611782076,-71.57163230368892,-71.57163230368892
2181.3900611782074,-71.57375613460492,-71.57375613460492
2181.4000611782076,-71.57589106378177,-71.57589106378177
2181.4100611782073,-71.57803706690244,-71.57803706690244
2181.4200611782076,-71.58019411940258,-71.58019411940258
2181.4300611782073,-71.58236219651947,-71.58236219651947
2181.4400611782075,-71.58454127325012,-71.58454127325012
2181.4500611782073,-71.5867313243987,-71.5867313243987
2181.4600611782075,-71.5889323245439,-71.5889323245439
2181.4700611782073,-71.59114424806351,-71.59114424806351
2181.4800611782075,-71.59336706914111,-71.59336706914111
2181.4900611782073,-71.59560076175151,-71.59560076175151
2181.5000611782075,-71.5978452996839,-71.5978452996839
2181.5100611782073,-71.60010065654862,-71.60010065654862
2181.5200611782075,-71.60236680575217,-71.60236680575217
2181.5300611782072,-71.60464372053004,-71.60464372053004
2181.5400611782075,-71.60693137395508,-71.60693137395508
2181.550061178207,-71.60922973890654,-71.60922973890654
2181.5600611782074,-71.61153878809908,-71.61153878809908
2181.570061178207,-71.61385849409972,-71.61385849409972
2181.5800611782074,-71.61618882929697,-71.61618882929697
2181.590061178207,-71.61852976593136,-71.61852976593136
2181.6000611782074,-71.62088127608592,-71.62088127608592
2181.6100611782076,-71.62324333168979,-71.62324333168979
2181.6200611782074,-71.62561590453147,-71.62561590453147
2181.6300611782076,-71.62799896624637,-71.62799896624637
2181.6400611782074,-71.63039248835781,-71.63039248835781
2181.6500611782076,-71.63279644221922,-71.63279644221922
2181.6600611782073,-71.63521079906512,-71.63521079906512
2181.6700611782076,-71.63763553000415,-71.63763553000415
2181.6800611782073,-71.64007060601243,-71.64007060601243
2181.6900611782075,-71.64251599794238,-71.64251599794238
2181.7000611782073,-71.64497167652496,-71.64497167652496
2181.7100611782075,-71.64743761238357,-71.64743761238357
2181.7200611782073,-71.649913776024,-71.649913776024
2181.7300611782075,-71.65240013783065,-71.65240013783065
2181.7400611782073,-71.65489666808462,-71.65489666808462
2181.7500611782075,-71.65740333696422,-71.65740333696422
2181.7600611782073,-71.65992011454657,-71.65992011454657
2181.7700611782075,-71.66244697080751,-71.66244697080751
2181.7800611782072,-71.6649838756216,-71.6649838756216
2181.7900611782075,-71.66753079877532,-71.66753079877532
2181.800061178207,-71.67008770995736,-71.67008770995736
2181.8100611782074,-71.67265457877731,-71.67265457877731
2181.820061178207,-71.67523137474684,-71.67523137474684
2181.8300611782074,-71.67781806729923,-71.67781806729923
2181.840061178207,-71.68041462578398,-71.68041462578398
2181.8500611782074,-71.68302101948048,-71.68302101948048
2181.8600611782076,-71.68563721758242,-71.68563721758242
2181.8700611782074,-71.68826318921214,-71.68826318921214
2181.8800611782076,-71.69089890342353,-71.69089890342353
2181.8900611782074,-71.69354432919674,-71.69354432919674
2181.9000611782076,-71.69619943544404,-71.69619943544404
2181.9100611782073,-71.69886419102235,-71.69886419102235
2181.9200611782076,-71.701538564716,-71.701538564716
2181.9300611782073,-71.70422252526288,-71.70422252526288
2181.9400611782075,-71.70691604132487,-71.70691604132487
2181.9500612020493,-71.70961908796124,-71.70961908796124
2181.9600612020495,-71.71233162089986,-71.71233162089986
2181.9700612020492,-71.71505361503041,-71.71505361503041
2181.9800612020495,-71.71778503882454,-71.71778503882454
2181.990061202049,-71.72052586069881,-71.72052586069881
2182.0000612020494,-71.72327604901531,-71.72327604901531
2182.010061202049,-71.726035572108,-71.726035572108
2182.0200612020494,-71.72880439825639,-71.72880439825639
2182.030061202049,-71.7315824957103,-71.7315824957103
2182.0400612020494,-71.73436983266835,-71.73436983266835
2182.050061202049,-71.73716637730173,-71.73716637730173
2182.0600612020494,-71.7399720977514,-71.7399720977514
2182.070061202049,-71.74278696212208,-71.74278696212208
2182.0800612020494,-71.74561093848011,-71.74561093848011
2182.090061202049,-71.74844399487742,-71.74844399487742
2182.1000612020493,-71.7512860993277,-71.7512860993277
2182.110061202049,-71.75413721982308,-71.75413721982308
2182.1200612020493,-71.7569973243393,-71.7569973243393
2182.130061202049,-71.75986638081648,-71.75986638081648
2182.1400612020493,-71.76274435718939,-71.76274435718939
2182.150061202049,-71.76563122136204,-71.76563122136204
2182.1600612020493,-71.76852694122472,-71.76852694122472
2182.170061202049,-71.77143148465086,-71.77143148465086
2182.1800612020493,-71.77434481950576,-71.77434481950576
2182.190061202049,-71.77726691364134,-71.77726691364134
2182.2000612020493,-71.78019773489567,-71.78019773489567
2182.2100612020495,-71.7831309940663,-71.7831309940663
2182.2200612020492,-71.78606392039615,-71.78606392039615
2182.2300612020495,-71.78899514922152,-71.78899514922152
2182.240061202049,-71.791923966555,-71.791923966555
2182.2500612020494,-71.79485002084532,-71.79485002084532
2182.260061202049,-71.79777317332771,-71.79777317332771
2182.2700612020494,-71.80069341031876,-71.80069341031876
2182.280061202049,-71.80361079048149,-71.80361079048149
2182.2900612020494,-71.80652541316576,-71.80652541316576
2182.300061202049,-71.80943739939866,-71.80943739939866
2182.3100612020494,-71.81234688053786,-71.81234688053786
2182.320061202049,-71.81525399163887,-71.81525399163887
2182.3300612020494,-71.81815886761235,-71.81815886761235
2182.340061202049,-71.82106164116958,-71.82106164116958
2182.3500612020493,-71.82396244176647,-71.82396244176647
2182.360061202049,-71.82686139518118,-71.82686139518118
2182.3700612020493,-71.8297586234746,-71.8297586234746
2182.380061202049,-71.8326542451166,-71.8326542451166
2182.3900612020493,-71.83554837521618,-71.83554837521618
2182.400061202049,-71.83844112583233,-71.83844112583233
2182.4100612020493,-71.84133260626194,-71.84133260626194
2182.420061202049,-71.84422292330449,-71.84422292330449
2182.4300612020493,-71.84711218153349,-71.84711218153349
2182.440061202049,-71.85000048351365,-71.85000048351365
2182.4500612020493,-71.85288793000626,-71.85288793000626
2182.4600612020495,-71.85577462014216,-71.85577462014216
2182.4700612020492,-71.85866065157734,-71.85866065157734
2182.4800612020495,-71.86154612060977,-71.86154612060977
2182.490061202049,-71.86443112227482,-71.86443112227482
2182.5000612020494,-71.86731575046255,-71.86731575046255
2182.510061202049,-71.87020009794807,-71.87020009794807
2182.5200612020494,-71.87308425649772,-71.87308425649772
2182.530061202049,-71.87596831686314,-71.87596831686314
2182.5400612020494,-71.87885236885994,-71.87885236885994
2182.550061202049,-71.88173650138357,-71.88173650138357
2182.5600612020494,-71.88462080242076,-71.88462080242076
2182.570061202049,-71.88750535908338,-71.88750535908338
2182.5800612020494,-71.89039025760403,-71.89039025760403
2182.590061202049,-71.89327558336062,-71.89327558336062
2182.6000612020493,-71.89616142087435,-71.89616142087435
2182.610061202049,-71.8990478537982,-71.8990478537982
2182.6200612020493,-71.90193496493772,-71.90193496493772
2182.630061202049,-71.90482283623639,-71.90482283623639
2182.6400612020493,-71.90771154878269,-71.90771154878269
2182.650061202049,-71.9106011827931,-71.9106011827931
2182.6600612020493,-71.91349181761593,-71.91349181761593
2182.670061202049,-71.91638353172979,-71.91638353172979
2182.6800612020493,-71.9192764027158,-71.9192764027158
2182.690061202049,-71.92217050729204,-71.92217050729204
2182.7000612020493,-71.92506592126439,-71.92506592126439
2182.7100612020495,-71.92796271955301,-71.92796271955301
2182.7200612020492,-71.93086097616333,-71.93086097616333
2182.7300612020495,-71.93376076419565,-71.93376076419565
2182.740061202049,-71.93666215583359,-71.93666215583359
2182.7500612020494,-71.93956522234284,-71.93956522234284
2182.760061202049,-71.94247003406213,-71.94247003406213
2182.7700612020494,-71.94537666039754,-71.94537666039754
2182.780061202049,-71.9482851698355,-71.9482851698355
2182.7900612020494,-71.95119562992551,-71.95119562992551
2182.800061225891,-71.95410811419175,-71.95410811419175
2182.8100612258913,-71.95702267445719,-71.95702267445719
2182.820061225891,-71.95993938235533,-71.95993938235533
2182.8300612258913,-71.96285830166507,-71.96285830166507
2182.840061225891,-71.96577949522006,-71.96577949522006
2182.8500612258913,-71.96870302491111,-71.96870302491111
2182.860061225891,-71.97162895167783,-71.97162895167783
2182.8700612258913,-71.97455733551121,-71.97455733551121
2182.880061225891,-71.97748823546831,-71.97748823546831
2182.8900612258913,-71.98042170965715,-71.98042170965715
2182.900061225891,-71.98335781525074,-71.98335781525074
2182.9100612258912,-71.9862966084674,-71.9862966084674
2182.920061225891,-71.98923814459722,-71.98923814459722
2182.930061225891,-71.9921824779997,-71.9921824779997
2182.940061225891,-71.99512966209532,-71.99512966209532
2182.950061225891,-71.99807974938129,-71.99807974938129
2182.960061225891,-72.00102651445565,-72.00102651445565
2182.970061225891,-72.00396725975682,-72.00396725975682
2182.980061225891,-72.00690069717297,-72.00690069717297
2182.990061225891,-72.00982619039614,-72.00982619039614
2183.000061225891,-72.01274346582468,-72.01274346582468
2183.010061225891,-72.01565246249572,-72.01565246249572
2183.020061225891,-72.01855324408196,-72.01855324408196
2183.030061225891,-72.02144594607418,-72.02144594607418
2183.040061225891,-72.0243307439929,-72.0243307439929
2183.050061225891,-72.02720783431013,-72.02720783431013
2183.0600612258913,-72.03007742310659,-72.03007742310659
2183.070061225891,-72.03293971939493,-72.03293971939493
2183.0800612258913,-72.03579493128933,-72.03579493128933
2183.090061225891,-72.03864326391506,-72.03864326391506
2183.1000612258913,-72.04148491837046,-72.04148491837046
2183.110061225891,-72.04432009128841,-72.04432009128841
2183.1200612258913,-72.04714897479131,-72.04714897479131
2183.130061225891,-72.04997175663644,-72.04997175663644
2183.1400612258913,-72.05278862045078,-72.05278862045078
2183.150061225891,-72.05559974600534,-72.05559974600534
2183.1600612258912,-72.05840530954474,-72.05840530954474
2183.170061225891,-72.06120548403668,-72.06120548403668
2183.180061225891,-72.06400043945642,-72.06400043945642
2183.190061225891,-72.06679034299222,-72.06679034299222
2183.200061225891,-72.06957535928021,-72.06957535928021
2183.210061225891,-72.07234936762542,-72.07234936762542
2183.220061225891,-72.07510977735231,-72.07510977735231
2183.230061225891,-72.07785540747074,-72.07785540747074
2183.240061225891,-72.08058572838489,-72.08058572838489
2183.250061225891,-72.08330057259859,-72.08330057259859
2183.260061225891,-72.08599998455698,-72.08599998455698
2183.270061225891,-72.08868413265944,-72.08868413265944
2183.280061225891,-72.09135325638506,-72.09135325638506
2183.290061225891,-72.09400763453631,-72.09400763453631
2183.300061225891,-72.09664756617114,-72.09664756617114
2183.3100612258913,-72.09927335925472,-72.09927335925472
2183.320061225891,-72.10188532399914,-72.10188532399914
2183.3300612258913,-72.10448376902846,-72.10448376902846
2183.340061225891,-72.10706899931019,-72.10706899931019
2183.3500612258913,-72.10964131508594,-72.10964131508594
2183.360061225891,-72.11220101146992,-72.11220101146992
2183.3700612258913,-72.11474837837248,-72.11474837837248
2183.380061225891,-72.1172837006486,-72.1172837006486
2183.3900612258913,-72.11980725832255,-72.11980725832255
2183.400061225891,-72.12231932688566,-72.12231932688566
2183.4100612258912,-72.1248201775698,-72.1248201775698
2183.420061225891,-72.12731007761242,-72.12731007761242
2183.430061225891,-72.12978929053966,-72.12978929053966
2183.440061225891,-72.13225807637036,-72.13225807637036
2183.450061225891,-72.13471669179347,-72.13471669179347
2183.460061225891,-72.13716539037713,-72.13716539037713
2183.470061225891,-72.13960442269733,-72.13960442269733
2183.480061225891,-72.14203403644024,-72.14203403644024
2183.490061225891,-72.14445447652639,-72.14445447652639
2183.500061225891,-72.14686598519266,-72.14686598519266
2183.510061225891,-72.14926880205093,-72.14926880205093
2183.520061225891,-72.15166316416853,-72.15166316416853
2183.530061225891,-72.15404930607315,-72.15404930607315
2183.540061225891,-72.15642745983571,-72.15642745983571
2183.550061225891,-72.15879785508051,-72.15879785508051
2183.5600612258913,-72.16116071898755,-72.16116071898755
2183.570061225891,-72.16351627635801,-72.16351627635801
2183.5800612258913,-72.16586474957943,-72.16586474957943
2183.590061225891,-72.16820635868106,-72.16820635868106
2183.6000612258913,-72.17054132129549,-72.17054132129549
2183.610061225891,-72.17286985271292,-72.17286985271292
2183.6200612258913,-72.17519216584803,-72.17519216584803
2183.630061225891,-72.17750847126038,-72.17750847126038
2183.6400612258913,-72.1798189771562,-72.1798189771562
2183.650061249733,-72.18212389486449,-72.18212389486449
2183.660061249733,-72.18442341690562,-72.18442341690562
2183.670061249733,-72.18671774992286,-72.18671774992286
2183.680061249733,-72.18900709271004,-72.18900709271004
2183.690061249733,-72.19129164172031,-72.19129164172031
2183.700061249733,-72.19357159104982,-72.19357159104982
2183.710061249733,-72.19584713247184,-72.19584713247184
2183.720061249733,-72.19811845539259,-72.19811845539259
2183.730061249733,-72.20038574690132,-72.20038574690132
2183.740061249733,-72.20264919174556,-72.20264919174556
2183.750061249733,-72.20490897234835,-72.20490897234835
2183.760061249733,-72.20716526880669,-72.20716526880669
2183.770061249733,-72.20941825890606,-72.20941825890606
2183.780061249733,-72.21166811809881,-72.21166811809881
2183.790061249733,-72.21391501957332,-72.21391501957332
2183.800061249733,-72.2161591341851,-72.2161591341851
2183.810061249733,-72.21840063052302,-72.21840063052302
2183.820061249733,-72.22063967489467,-72.22063967489467
2183.830061249733,-72.22287643134118,-72.22287643134118
2183.840061249733,-72.22511106163215,-72.22511106163215
2183.850061249733,-72.22734372530641,-72.22734372530641
2183.860061249733,-72.22957457966073,-72.22957457966073
2183.8700612497328,-72.23180377977205,-72.23180377977205
2183.880061249733,-72.2340314784934,-72.2340314784934
2183.8900612497328,-72.23625782649157,-72.23625782649157
2183.900061249733,-72.23848297225535,-72.23848297225535
2183.910061249733,-72.2407070620927,-72.2407070620927
2183.920061249733,-72.24293024016339,-72.24293024016339
2183.930061249733,-72.24515264846961,-72.24515264846961
2183.940061249733,-72.24737442690959,-72.24737442690959
2183.950061249733,-72.24959571325964,-72.24959571325964
2183.960061249733,-72.2518166432029,-72.2518166432029
2183.970061249733,-72.25403735034689,-72.25403735034689
2183.980061249733,-72.25625796623157,-72.25625796623157
2183.990061249733,-72.25847862036534,-72.25847862036534
2184.000061249733,-72.26069944021522,-72.26069944021522
2184.010061249733,-72.26292055125727,-72.26292055125727
2184.020061249733,-72.2651420769585,-72.2651420769585
2184.030061249733,-72.26736413881683,-72.26736413881683
2184.040061249733,-72.26958685637561,-72.26958685637561
2184.050061249733,-72.27181034723928,-72.27181034723928
2184.060061249733,-72.27403472708689,-72.27403472708689
2184.070061249733,-72.27626010970936,-72.27626010970936
2184.080061249733,-72.27848660700177,-72.27848660700177
2184.090061249733,-72.28071432900425,-72.28071432900425
2184.100061249733,-72.28294338390806,-72.28294338390806
2184.110061249733,-72.28517387807085,-72.28517387807085
2184.1200612497328,-72.28740591606396,-72.28740591606396
2184.130061249733,-72.2896396006446,-72.2896396006446
2184.1400612497328,-72.29187503281983,-72.29187503281983
2184.150061249733,-72.29411231183843,-72.29411231183843
2184.160061249733,-72.29635153521677,-72.29635153521677
2184.170061249733,-72.29859279876591,-72.29859279876591
2184.180061249733,-72.3008361965944,-72.3008361965944
2184.190061249733,-72.30308182114709,-72.30308182114709
2184.200061249733,-72.30532976320815,-72.30532976320815
2184.210061249733,-72.3075738092661,-72.3075738092661
2184.220061249733,-72.30981128804696,-72.30981128804696
2184.230061249733,-72.31204094311481,-72.31204094311481
2184.240061249733,-72.3142621719906,-72.3142621719906
2184.250061249733,-72.31647473588194,-72.31647473588194
2184.260061249733,-72.31867860889629,-72.31867860889629
2184.270061249733,-72.32087388968914,-72.32087388968914
2184.280061249733,-72.32306074842101,-72.32306074842101
2184.290061249733,-72.32523939480647,-72.32523939480647
2184.300061249733,-72.32741005900208,-72.32741005900208
2184.310061249733,-72.32957298018947,-72.32957298018947
2184.320061249733,-72.33172839986791,-72.33172839986791
2184.330061249733,-72.33387655806722,-72.33387655806722
2184.340061249733,-72.33601769121046,-72.33601769121046
2184.350061249733,-72.33815203110655,-72.33815203110655
2184.360061249733,-72.34027980452288,-72.34027980452288
2184.3700612497328,-72.34240123314271,-72.34240123314271
2184.380061249733,-72.34451653371336,-72.34451653371336
2184.3900612497328,-72.34662591832405,-72.34662591832405
2184.400061249733,-72.34872959468132,-72.34872959468132
2184.410061249733,-72.35082776642187,-72.35082776642187
2184.420061249733,-72.35292063341288,-72.35292063341288
2184.430061249733,-72.35500839201461,-72.35500839201461
2184.440061249733,-72.35709123533107,-72.35709123533107
2184.450061249733,-72.35916935342513,-72.35916935342513
2184.460061249733,-72.36123662653235,-72.36123662653235
2184.470061249733,-72.36329047875199,-72.36329047875199
2184.480061249733,-72.36532974916904,-72.36532974916904
2184.490061249733,-72.36735393050334,-72.36735393050334
2184.500061273575,-72.36936288344548,-72.36936288344548
2184.510061273575,-72.37135666668718,-72.37135666668718
2184.520061273575,-72.37333547738396,-72.37333547738396
2184.530061273575,-72.37529957879363,-72.37529957879363
2184.540061273575,-72.37724927321656,-72.37724927321656
2184.550061273575,-72.37918488285473,-72.37918488285473
2184.560061273575,-72.38110673839599,-72.38110673839599
2184.570061273575,-72.38301517237264,-72.38301517237264
2184.5800612735748,-72.38491051528133,-72.38491051528133
2184.590061273575,-72.38679309353124,-72.38679309353124
2184.6000612735747,-72.3886632283857,-72.3886632283857
2184.610061273575,-72.39052123555288,-72.39052123555288
2184.6200612735747,-72.39236742511787,-72.39236742511787
2184.630061273575,-72.39420210170991,-72.39420210170991
2184.6400612735747,-72.39602556473334,-72.39602556473334
2184.650061273575,-72.39783810867544,-72.39783810867544
2184.6600612735747,-72.39964002337585,-72.39964002337585
2184.670061273575,-72.40143159433809,-72.40143159433809
2184.6800612735747,-72.4032131029782,-72.4032131029782
2184.690061273575,-72.4049848268384,-72.4049848268384
2184.7000612735746,-72.40674703983277,-72.40674703983277
2184.710061273575,-72.40850001238141,-72.40850001238141
2184.7200612735746,-72.41024401159805,-72.41024401159805
2184.730061273575,-72.41197930138335,-72.41197930138335
2184.7400612735746,-72.41370614256647,-72.41370614256647
2184.750061273575,-72.41542479297404,-72.41542479297404
2184.760061273575,-72.41713550751152,-72.41713550751152
2184.770061273575,-72.41883853823747,-72.41883853823747
2184.780061273575,-72.42053413440212,-72.42053413440212
2184.790061273575,-72.42222254248132,-72.42222254248132
2184.800061273575,-72.42390400624042,-72.42390400624042
2184.810061273575,-72.42557876673096,-72.42557876673096
2184.820061273575,-72.42724706234986,-72.42724706234986
2184.8300612735748,-72.42890912882157,-72.42890912882157
2184.840061273575,-72.43056519922948,-72.43056519922948
2184.8500612735747,-72.43221550404753,-72.43221550404753
2184.860061273575,-72.43386027111289,-72.43386027111289
2184.8700612735747,-72.4354997256621,-72.4354997256621
2184.880061273575,-72.43713409033094,-72.43713409033094
2184.8900612735747,-72.43876358516474,-72.43876358516474
2184.900061273575,-72.44038842760868,-72.44038842760868
2184.9100612735747,-72.44200883253409,-72.44200883253409
2184.920061273575,-72.4436250122383,-72.4436250122383
2184.9300612735747,-72.44523717643199,-72.44523717643199
2184.940061273575,-72.44684553226871,-72.44684553226871
2184.9500612735746,-72.44845028434344,-72.44845028434344
2184.960061273575,-72.45005163469263,-72.45005163469263
2184.9700612735746,-72.45164978279615,-72.45164978279615
2184.980061273575,-72.45324492559895,-72.45324492559895
2184.9900612735746,-72.45483725751727,-72.45483725751727
2185.000061273575,-72.45642697042986,-72.45642697042986
2185.010061273575,-72.45801425369955,-72.45801425369955
2185.020061273575,-72.45959929418352,-72.45959929418352
2185.030061273575,-72.46118227623246,-72.46118227623246
2185.040061273575,-72.46276338171019,-72.46276338171019
2185.050061273575,-72.46434279001421,-72.46434279001421
2185.060061273575,-72.46592067805538,-72.46592067805538
2185.070061273575,-72.46749722030471,-72.46749722030471
2185.0800612735748,-72.46907258878115,-72.46907258878115
2185.090061273575,-72.47064695307948,-72.47064695307948
2185.1000612735747,-72.47222048037439,-72.47222048037439
2185.110061273575,-72.47379333544335,-72.47379333544335
2185.1200612735747,-72.47536568068072,-72.47536568068072
2185.130061273575,-72.4769376761051,-72.4769376761051
2185.1400612735747,-72.47850947937218,-72.47850947937218
2185.150061273575,-72.48008124580358,-72.48008124580358
2185.1600612735747,-72.4816531284079,-72.4816531284079
2185.170061273575,-72.48322527787317,-72.48322527787317
2185.1800612735747,-72.48479784259669,-72.48479784259669
2185.190061273575,-72.48637096871423,-72.48637096871423
2185.2000612735746,-72.48794480010544,-72.48794480010544
2185.210061273575,-72.4895194784164,-72.4895194784164
2185.2200612735746,-72.49109514306956,-72.49109514306956
2185.230061273575,-72.49267193129053,-72.49267193129053
2185.2400612735746,-72.49424997813769,-72.49424997813769
2185.250061273575,-72.49582941648973,-72.49582941648973
2185.260061273575,-72.49741037710008,-72.49741037710008
2185.270061273575,-72.49899298859745,-72.49899298859745
2185.280061273575,-72.50057737750836,-72.50057737750836
2185.290061273575,-72.50216366828481,-72.50216366828481
2185.300061273575,-72.50375198330312,-72.50375198330312
2185.310061273575,-72.50534244291907,-72.50534244291907
2185.320061273575,-72.50693516544528,-72.50693516544528
2185.3300612735748,-72.50853026721921,-72.50853026721921
2185.340061273575,-72.51012786258805,-72.51012786258805
2185.3500612974167,-72.51172806774748,-72.51172806774748
2185.360061297417,-72.51333098554561,-72.51333098554561
2185.3700612974167,-72.51493672831438,-72.51493672831438
2185.380061297417,-72.51654540268412,-72.51654540268412
2185.3900612974167,-72.51815711342027,-72.51815711342027
2185.400061297417,-72.51977196342392,-72.51977196342392
2185.4100612974166,-72.52139005377461,-72.52139005377461
2185.420061297417,-72.52301148373486,-72.52301148373486
2185.4300612974166,-72.52463635076909,-72.52463635076909
2185.440061297417,-72.52626475056579,-72.52626475056579
2185.4500612974166,-72.52789677707003,-72.52789677707003
2185.460061297417,-72.52953252249398,-72.52953252249398
2185.4700612974166,-72.5311720773405,-72.5311720773405
2185.480061297417,-72.5328155304078,-72.5328155304078
2185.4900612974166,-72.5344629688429,-72.5344629688429
2185.500061297417,-72.53611447812554,-72.53611447812554
2185.5100612974165,-72.53777014212596,-72.53777014212596
2185.5200612974168,-72.5394300430879,-72.5394300430879
2185.5300612974165,-72.541094261666,-72.541094261666
2185.5400612974167,-72.54276287695859,-72.54276287695859
2185.5500612974165,-72.54443596649301,-72.54443596649301
2185.5600612974167,-72.54611360627699,-72.54611360627699
2185.5700612974165,-72.54779587080615,-72.54779587080615
2185.5800612974167,-72.54948283308262,-72.54948283308262
2185.5900612974165,-72.55117456462841,-72.55117456462841
2185.6000612974167,-72.55287113551904,-72.55287113551904
2185.610061297417,-72.55457261440446,-72.55457261440446
2185.6200612974167,-72.55627906848923,-72.55627906848923
2185.630061297417,-72.55799056360262,-72.55799056360262
2185.6400612974167,-72.55970716419,-72.55970716419
2185.650061297417,-72.56142893332661,-72.56142893332661
2185.6600612974166,-72.56315593275504,-72.56315593275504
2185.670061297417,-72.56488822288243,-72.56488822288243
2185.6800612974166,-72.5666258628126,-72.5666258628126
2185.690061297417,-72.56836891036082,-72.56836891036082
2185.7000612974166,-72.57011742206717,-72.57011742206717
2185.710061297417,-72.57187145321505,-72.57187145321505
2185.7200612974166,-72.57363105785618,-72.57363105785618
2185.730061297417,-72.57539628880005,-72.57539628880005
2185.7400612974166,-72.57716719767859,-72.57716719767859
2185.750061297417,-72.57894383492442,-72.57894383492442
2185.7600612974165,-72.58072624979428,-72.58072624979428
2185.7700612974168,-72.5825144903869,-72.5825144903869
2185.7800612974165,-72.58430860366975,-72.58430860366975
2185.7900612974167,-72.58610863548827,-72.58610863548827
2185.8000612974165,-72.58791463056866,-72.58791463056866
2185.8100612974167,-72.58972663256135,-72.58972663256135
2185.8200612974165,-72.59154468402059,-72.59154468402059
2185.8300612974167,-72.59336882644864,-72.59336882644864
2185.8400612974165,-72.59519910030829,-72.59519910030829
2185.8500612974167,-72.59703554501974,-72.59703554501974
2185.860061297417,-72.59887819899977,-72.59887819899977
2185.8700612974167,-72.60072709964182,-72.60072709964182
2185.880061297417,-72.60258228337048,-72.60258228337048
2185.8900612974167,-72.60444378562536,-72.60444378562536
2185.900061297417,-72.60631164088349,-72.60631164088349
2185.9100612974166,-72.60818588269392,-72.60818588269392
2185.920061297417,-72.6100665436615,-72.6100665436615
2185.9300612974166,-72.6119536554712,-72.6119536554712
2185.940061297417,-72.61384724890898,-72.61384724890898
2185.9500612974166,-72.6157473538614,-72.6157473538614
2185.960061297417,-72.61764766955397,-72.61764766955397
2185.9700612974166,-72.6195454537045,-72.6195454537045
2185.980061297417,-72.62143938584555,-72.62143938584555
2185.9900612974166,-72.6233288031704,-72.6233288031704
2186.000061297417,-72.62521340891017,-72.62521340891017
2186.0100612974165,-72.62709312088627,-72.62709312088627
2186.0200612974168,-72.62896798273492,-72.62896798273492
2186.0300612974165,-72.63083811057828,-72.63083811057828
2186.0400612974167,-72.63270366094463,-72.63270366094463
2186.0500612974165,-72.63456481152546,-72.63456481152546
2186.0600612974167,-72.63642174973239,-72.63642174973239
2186.0700612974165,-72.63827466593571,-72.63827466593571
2186.0800612974167,-72.64012374963966,-72.64012374963966
2186.0900612974165,-72.64196918735053,-72.64196918735053
2186.1000612974167,-72.6438111615619,-72.6438111615619
2186.110061297417,-72.64564985031926,-72.64564985031926
2186.1200612974167,-72.64748542716079,-72.64748542716079
2186.130061297417,-72.64931806129199,-72.64931806129199
2186.1400612974167,-72.65114791781652,-72.65114791781652
2186.150061297417,-72.65297515805895,-72.65297515805895
2186.1600612974166,-72.6547999398423,-72.6547999398423
2186.170061297417,-72.65662241778989,-72.65662241778989
2186.1800612974166,-72.65844274360947,-72.65844274360947
2186.190061297417,-72.66026106629623,-72.66026106629623
2186.2000613212585,-72.66207753671208,-72.66207753671208
2186.2100613212588,-72.66389229045076,-72.66389229045076
2186.2200613212585,-72.66570547393178,-72.66570547393178
2186.2300613212587,-72.66751722726407,-72.66751722726407
2186.2400613212585,-72.66932768866337,-72.66932768866337
2186.2500613212587,-72.67113699454944,-72.67113699454944
2186.2600613212585,-72.67294527964297,-72.67294527964297
2186.2700613212587,-72.67475267700866,-72.67475267700866
2186.2800613212585,-72.67655931813778,-72.67655931813778
2186.2900613212587,-72.67836533296756,-72.67836533296756
2186.3000613212585,-72.68017084993633,-72.68017084993633
2186.3100613212587,-72.68197599600157,-72.68197599600157
2186.3200613212584,-72.68378089667806,-72.68378089667806
2186.3300613212587,-72.68558567603147,-72.68558567603147
2186.3400613212584,-72.68739045672996,-72.68739045672996
2186.3500613212586,-72.68919536002245,-72.68919536002245
2186.3600613212584,-72.69100050578209,-72.69100050578209
2186.3700613212586,-72.69280601247057,-72.69280601247057
2186.3800613212584,-72.69461199718258,-72.69461199718258
2186.3900613212586,-72.69641857561871,-72.69641857561871
2186.4000613212584,-72.69822586211556,-72.69822586211556
2186.4100613212586,-72.70003396962248,-72.70003396962248
2186.4200613212583,-72.70184300972733,-72.70184300972733
2186.4300613212586,-72.70365309263796,-72.70365309263796
2186.4400613212583,-72.7054643271917,-72.7054643271917
2186.4500613212585,-72.70727682084627,-72.70727682084627
2186.4600613212588,-72.70909067969616,-72.70909067969616
2186.4700613212585,-72.71090600845687,-72.71090600845687
2186.4800613212587,-72.71272291048211,-72.71272291048211
2186.4900613212585,-72.71454148774728,-72.71454148774728
2186.5000613212587,-72.7163618408533,-72.7163618408533
2186.5100613212585,-72.71818406905747,-72.71818406905747
2186.5200613212587,-72.72000827021569,-72.72000827021569
2186.5300613212585,-72.72183454084995,-72.72183454084995
2186.5400613212587,-72.72366297610448,-72.72366297610448
2186.5500613212585,-72.72549366975734,-72.72549366975734
2186.5600613212587,-72.72732671425565,-72.72732671425565
2186.5700613212584,-72.72916220067441,-72.72916220067441
2186.5800613212587,-72.73100021873655,-72.73100021873655
2186.5900613212584,-72.7328408568368,-72.7328408568368
2186.6000613212586,-72.73468420201746,-72.73468420201746
2186.6100613212584,-72.73653033999679,-72.73653033999679
2186.6200613212586,-72.73837935515131,-72.73837935515131
2186.6300613212584,-72.74023133054625,-72.74023133054625
2186.6400613212586,-72.74208634792393,-72.74208634792393
2186.6500613212584,-72.74394448771282,-72.74394448771282
2186.6600613212586,-72.7458058290486,-72.7458058290486
2186.6700613212583,-72.7476704497652,-72.7476704497652
2186.6800613212586,-72.7495384264023,-72.7495384264023
2186.6900613212583,-72.75140983422942,-72.75140983422942
2186.7000613212585,-72.7532847472311,-72.7532847472311
2186.7100613212588,-72.75516323814266,-72.75516323814266
2186.7200613212585,-72.7570453784235,-72.7570453784235
2186.7300613212587,-72.75893123829803,-72.75893123829803
2186.7400613212585,-72.76082088675857,-72.76082088675857
2186.7500613212587,-72.76271439155899,-72.76271439155899
2186.7600613212585,-72.76461181923152,-72.76461181923152
2186.7700613212587,-72.76651323510708,-72.76651323510708
2186.7800613212585,-72.7684187033098,-72.7684187033098
2186.7900613212587,-72.7703282867784,-72.7703282867784
2186.8000613212585,-72.77224204726872,-72.77224204726872
2186.8100613212587,-72.77416004536475,-72.77416004536475
2186.8200613212584,-72.77608234050192,-72.77608234050192
2186.8300613212587,-72.77800899096187,-72.77800899096187
2186.8400613212584,-72.77994005388157,-72.77994005388157
2186.8500613212586,-72.78187558527587,-72.78187558527587
2186.8600613212584,-72.78381564005342,-72.78381564005342
2186.8700613212586,-72.78576027199988,-72.78576027199988
2186.8800613212584,-72.78770953381596,-72.78770953381596
2186.8900613212586,-72.78966347712081,-72.78966347712081
2186.9000613212584,-72.79162215245923,-72.79162215245923
2186.9100613212586,-72.79358560931706,-72.79358560931706
2186.9200613212583,-72.7955538961222,-72.7955538961222
2186.9300613212586,-72.79752706027199,-72.79752706027199
2186.9400613212583,-72.79950514813606,-72.79950514813606
2186.9500613212585,-72.80148820506027,-72.80148820506027
2186.9600613212588,-72.80346992842026,-72.80346992842026
2186.9700613212585,-72.80544758299038,-72.80544758299038
2186.9800613212587,-72.80741985892607,-72.80741985892607
2186.9900613212585,-72.80938610562706,-72.80938610562706
2187.0000613212587,-72.81134603938797,-72.81134603938797
2187.0100613212585,-72.81329959156214,-72.81329959156214
2187.0200613212587,-72.81524681955484,-72.81524681955484
2187.0300613212585,-72.81718785335968,-72.81718785335968
2187.0400613212587,-72.8191228634192,-72.8191228634192
2187.0500613451004,-72.82105204590356,-72.82105204590356
2187.0600613451006,-72.82297559284541,-72.82297559284541
2187.0700613451004,-72.82489371299124,-72.82489371299124
2187.0800613451006,-72.82680660951105,-72.82680660951105
2187.0900613451004,-72.82871448249264,-72.82871448249264
2187.1000613451006,-72.83061752790294,-72.83061752790294
2187.1100613451003,-72.83251593716332,-72.83251593716332
2187.1200613451006,-72.83440989708586,-72.83440989708586
2187.1300613451003,-72.83629959002347,-72.83629959002347
2187.1400613451005,-72.83818519412844,-72.83818519412844
2187.1500613451003,-72.84006688364758,-72.84006688364758
2187.1600613451005,-72.8419448292337,-72.8419448292337
2187.1700613451003,-72.84381919820619,-72.84381919820619
2187.1800613451005,-72.84569015485462,-72.84569015485462
2187.1900613451003,-72.84755786066289,-72.84755786066289
2187.2000613451005,-72.84942247450952,-72.84942247450952
2187.2100613451003,-72.85128415287058,-72.85128415287058
2187.2200613451005,-72.85314304997682,-72.85314304997682
2187.2300613451002,-72.85499931792634,-72.85499931792634
2187.2400613451005,-72.85685310680974,-72.85685310680974
2187.2500613451,-72.85870456483084,-72.85870456483084
2187.2600613451004,-72.86055383834187,-72.86055383834187
2187.2700613451,-72.8624010719521,-72.8624010719521
2187.2800613451004,-72.86424640854665,-72.86424640854665
2187.2900613451,-72.86608998936755,-72.86608998936755
2187.3000613451004,-72.86793195402292,-72.86793195402292
2187.3100613451006,-72.86977244053374,-72.86977244053374
2187.3200613451004,-72.87161158535271,-72.87161158535271
2187.3300613451006,-72.87344952338059,-72.87344952338059
2187.3400613451004,-72.87528638799381,-72.87528638799381
2187.3500613451006,-72.87712231103761,-72.87712231103761
2187.3600613451003,-72.87895742286217,-72.87895742286217
2187.3700613451006,-72.8807918522985,-72.8807918522985
2187.3800613451003,-72.88262572670145,-72.88262572670145
2187.3900613451005,-72.8844591719138,-72.8844591719138
2187.4000613451003,-72.8862923122993,-72.8862923122993
2187.4100613451005,-72.88812527073392,-72.88812527073392
2187.4200613451003,-72.88995816861018,-72.88995816861018
2187.4300613451005,-72.89179112583189,-72.89179112583189
2187.4400613451003,-72.89362426083044,-72.89362426083044
2187.4500613451005,-72.89545769055468,-72.89545769055468
2187.4600613451003,-72.89728517545659,-72.89728517545659
2187.4700613451005,-72.89910404752236,-72.89910404752236
2187.4800613451002,-72.90091306546782,-72.90091306546782
2187.4900613451005,-72.90271164762332,-72.90271164762332
2187.5000613451,-72.90449957916177,-72.90449957916177
2187.5100613451004,-72.9062768601048,-72.9062768601048
2187.5200613451,-72.90804361618375,-72.90804361618375
2187.5300613451004,-72.90980004529035,-72.90980004529035
2187.5400613451,-72.91154638527611,-72.91154638527611
2187.5500613451004,-72.91328289465673,-72.91328289465673
2187.5600613451006,-72.91500984106023,-72.91500984106023
2187.5700613451004,-72.916727494477,-72.916727494477
2187.5800613451006,-72.9184361233701,-72.9184361233701
2187.5900613451004,-72.92013599257726,-72.92013599257726
2187.6000613451006,-72.92182736222058,-72.92182736222058
2187.6100613451003,-72.92351048730094,-72.92351048730094
2187.6200613451006,-72.92518561761135,-72.92518561761135
2187.6300613451003,-72.92685299792237,-72.92685299792237
2187.6400613451005,-72.92851286819115,-72.92851286819115
2187.6500613451003,-72.93016546386058,-72.93016546386058
2187.6600613451005,-72.931811016186,-72.931811016186
2187.6700613451003,-72.93344975248951,-72.93344975248951
2187.6800613451005,-72.93508189642965,-72.93508189642965
2187.6900613451003,-72.93670766825903,-72.93670766825903
2187.7000613451005,-72.93832728502424,-72.93832728502424
2187.7100613451003,-72.93994096074032,-72.93994096074032
2187.7200613451005,-72.94154890654896,-72.94154890654896
2187.7300613451002,-72.94315133086124,-72.94315133086124
2187.7400613451005,-72.94474843946021,-72.94474843946021
2187.7500613451,-72.94634043561334,-72.94634043561334
2187.7600613451004,-72.94792752013203,-72.94792752013203
2187.7700613451,-72.94950989145012,-72.94950989145012
2187.7800613451004,-72.95108774568534,-72.95108774568534
2187.7900613451,-72.95266127667783,-72.95266127667783
2187.8000613451004,-72.95423067603143,-72.95423067603143
2187.8100613451006,-72.95579613313703,-72.95579613313703
2187.8200613451004,-72.95735783521879,-72.95735783521879
2187.8300613451006,-72.95891596734572,-72.95891596734572
2187.8400613451004,-72.9604707124319,-72.9604707124319
2187.8500613451006,-72.96202225128972,-72.96202225128972
2187.8600613451003,-72.9635707626006,-72.9635707626006
2187.8700613451006,-72.96511642297826,-72.96511642297826
2187.8800613451003,-72.96665940690625,-72.96665940690625
2187.8900613451005,-72.9681998868084,-72.9681998868084
2187.9000613689423,-72.96973803668966,-72.96973803668966
2187.9100613689425,-72.97127401748439,-72.97127401748439
2187.9200613689422,-72.97280799907556,-72.97280799907556
2187.9300613689425,-72.97434014560153,-72.97434014560153
2187.940061368942,-72.97587061915468,-72.97587061915468
2187.9500613689424,-72.9773995797777,-72.9773995797777
2187.960061368942,-72.97892718547824,-72.97892718547824
2187.9700613689424,-72.98045359220319,-72.98045359220319
2187.980061368942,-72.98197895389076,-72.98197895389076
2187.9900613689424,-72.98350342244598,-72.98350342244598
2188.000061368942,-72.98502714774908,-72.98502714774908
2188.0100613689424,-72.98655027767343,-72.98655027767343
2188.020061368942,-72.98807295807974,-72.98807295807974
2188.0300613689424,-72.98959533284335,-72.98959533284335
2188.040061368942,-72.9911175438401,-72.9911175438401
2188.0500613689424,-72.99263973096254,-72.99263973096254
2188.060061368942,-72.99416203214538,-72.99416203214538
2188.0700613689423,-72.99568458335177,-72.99568458335177
2188.080061368942,-72.9972075185867,-72.9972075185867
2188.0900613689423,-72.99873096991753,-72.99873096991753
2188.100061368942,-73.00025506748821,-73.00025506748821
2188.1100613689423,-73.00177993951496,-73.00177993951496
2188.120061368942,-73.00330571230411,-73.00330571230411
2188.1300613689423,-73.00483251026854,-73.00483251026854
2188.140061368942,-73.006360455937,-73.006360455937
2188.1500613689423,-73.00788966995631,-73.00788966995631
2188.1600613689425,-73.00942027112606,-73.00942027112606
2188.1700613689422,-73.01095237640739,-73.01095237640739
2188.1800613689425,-73.01248610090987,-73.01248610090987
2188.190061368942,-73.01402155793376,-73.01402155793376
2188.2000613689424,-73.01555885898046,-73.01555885898046
2188.210061368942,-73.01709811375753,-73.01709811375753
2188.2200613689424,-73.01863943018836,-73.01863943018836
2188.230061368942,-73.02018291445793,-73.02018291445793
2188.2400613689424,-73.02172867098356,-73.02172867098356
2188.250061368942,-73.02327680246509,-73.02327680246509
2188.2600613689424,-73.02482740988486,-73.02482740988486
2188.270061368942,-73.02638059253303,-73.02638059253303
2188.2800613689424,-73.02793644799786,-73.02793644799786
2188.290061368942,-73.02949507222246,-73.02949507222246
2188.3000613689424,-73.03105655948714,-73.03105655948714
2188.310061368942,-73.03262100244211,-73.03262100244211
2188.3200613689423,-73.03418849211819,-73.03418849211819
2188.330061368942,-73.03575911793827,-73.03575911793827
2188.3400613689423,-73.03733296773918,-73.03733296773918
2188.350061368942,-73.03891012778993,-73.03891012778993
2188.3600613689423,-73.04049068281246,-73.04049068281246
2188.370061368942,-73.04207471599061,-73.04207471599061
2188.3800613689423,-73.04366230897189,-73.04366230897189
2188.390061368942,-73.045253541922,-73.045253541922
2188.4000613689423,-73.04684849350345,-73.04684849350345
2188.4100613689425,-73.04844724091262,-73.04844724091262
2188.4200613689422,-73.05004985989302,-73.05004985989302
2188.4300613689425,-73.05165642474704,-73.05165642474704
2188.440061368942,-73.05326700836237,-73.05326700836237
2188.4500613689424,-73.0548816822155,-73.0548816822155
2188.460061368942,-73.05649414757482,-73.05649414757482
2188.4700613689424,-73.05810168526841,-73.05810168526841
2188.480061368942,-73.05970300612397,-73.05970300612397
2188.4900613689424,-73.06129748216448,-73.06129748216448
2188.500061368942,-73.06288485322227,-73.06288485322227
2188.5100613689424,-73.06446507458453,-73.06446507458453
2188.520061368942,-73.06603822769203,-73.06603822769203
2188.5300613689424,-73.067604466481,-73.067604466481
2188.540061368942,-73.06916398512753,-73.06916398512753
2188.5500613689424,-73.07071699866596,-73.07071699866596
2188.560061368942,-73.07226373149399,-73.07226373149399
2188.5700613689423,-73.0738044105731,-73.0738044105731
2188.580061368942,-73.07533926156918,-73.07533926156918
2188.5900613689423,-73.07686850674044,-73.07686850674044
2188.600061368942,-73.07839236387473,-73.07839236387473
2188.6100613689423,-73.07991104586051,-73.07991104586051
2188.620061368942,-73.08142476067422,-73.08142476067422
2188.6300613689423,-73.08293371149304,-73.08293371149304
2188.640061368942,-73.08443809697592,-73.08443809697592
2188.6500613689423,-73.08593811155428,-73.08593811155428
2188.6600613689425,-73.08743394576273,-73.08743394576273
2188.6700613689422,-73.0889257865003,-73.0889257865003
2188.6800613689425,-73.09041381731382,-73.09041381731382
2188.690061368942,-73.09189821866369,-73.09189821866369
2188.7000613689424,-73.0933791681124,-73.0933791681124
2188.710061368942,-73.09485684052976,-73.09485684052976
2188.7200613689424,-73.09633140824903,-73.09633140824903
2188.730061368942,-73.09780304120356,-73.09780304120356
2188.7400613689424,-73.09927190704886,-73.09927190704886
2188.750061392784,-73.10073817475677,-73.10073817475677
2188.7600613927843,-73.10220200071345,-73.10220200071345
2188.770061392784,-73.10366354978505,-73.10366354978505
2188.7800613927843,-73.10512298136021,-73.10512298136021
2188.790061392784,-73.10658045291986,-73.10658045291986
2188.8000613927843,-73.10803612006806,-73.10803612006806
2188.810061392784,-73.10949013656031,-73.10949013656031
2188.8200613927843,-73.11094265435948,-73.11094265435948
2188.830061392784,-73.11239382361941,-73.11239382361941
2188.8400613927843,-73.11384379272893,-73.11384379272893
2188.850061392784,-73.11529270832888,-73.11529270832888
2188.8600613927842,-73.11674071531553,-73.11674071531553
2188.870061392784,-73.1181879568541,-73.1181879568541
2188.8800613927842,-73.11963457438075,-73.11963457438075
2188.890061392784,-73.12108070764151,-73.12108070764151
2188.900061392784,-73.12252649464057,-73.12252649464057
2188.910061392784,-73.12397207170181,-73.12397207170181
2188.920061392784,-73.12541757345242,-73.12541757345242
2188.930061392784,-73.12686313282018,-73.12686313282018
2188.940061392784,-73.12830888104678,-73.12830888104678
2188.950061392784,-73.12975494768234,-73.12975494768234
2188.960061392784,-73.13120146061027,-73.13120146061027
2188.970061392784,-73.13264854603119,-73.13264854603119
2188.980061392784,-73.13409632847055,-73.13409632847055
2188.990061392784,-73.13554493078946,-73.13554493078946
2189.000061392784,-73.1369944741913,-73.1369944741913
2189.0100613927843,-73.13844507820612,-73.13844507820612
2189.020061392784,-73.13989686072851,-73.13989686072851
2189.0300613927843,-73.14134993799726,-73.14134993799726
2189.040061392784,-73.1428044246063,-73.1428044246063
2189.0500613927843,-73.14426043352134,-73.14426043352134
2189.060061392784,-73.14571807607996,-73.14571807607996
2189.0700613927843,-73.14717746199153,-73.14717746199153
2189.080061392784,-73.14863869935232,-73.14863869935232
2189.0900613927843,-73.1501018946639,-73.1501018946639
2189.100061392784,-73.15156715281336,-73.15156715281336
2189.1100613927842,-73.15303457710607,-73.15303457710607
2189.120061392784,-73.1545042692735,-73.1545042692735
2189.1300613927842,-73.15597632945729,-73.15597632945729
2189.140061392784,-73.15745085624965,-73.15745085624965
2189.150061392784,-73.15892794668422,-73.15892794668422
2189.160061392784,-73.16040769626362,-73.16040769626362
2189.170061392784,-73.16189019893481,-73.16189019893481
2189.180061392784,-73.16337554714751,-73.16337554714751
2189.190061392784,-73.16486383182266,-73.16486383182266
2189.200061392784,-73.16635514239879,-73.16635514239879
2189.210061392784,-73.16784318827226,-73.16784318827226
2189.220061392784,-73.16932526383434,-73.16932526383434
2189.230061392784,-73.17080009556675,-73.17080009556675
2189.240061392784,-73.17226707204975,-73.17226707204975
2189.250061392784,-73.17372595014047,-73.17372595014047
2189.2600613927843,-73.17517670237895,-73.17517670237895
2189.270061392784,-73.1766194274998,-73.1766194274998
2189.2800613927843,-73.17805429674819,-73.17805429674819
2189.290061392784,-73.17948152152324,-73.17948152152324
2189.3000613927843,-73.18090133399663,-73.18090133399663
2189.310061392784,-73.18231397559275,-73.18231397559275
2189.3200613927843,-73.18371969015107,-73.18371969015107
2189.330061392784,-73.18511872009556,-73.18511872009556
2189.3400613927843,-73.18651130426572,-73.18651130426572
2189.350061392784,-73.18789767689964,-73.18789767689964
2189.3600613927842,-73.18927806719279,-73.18927806719279
2189.370061392784,-73.19065269925426,-73.19065269925426
2189.3800613927842,-73.19202179224584,-73.19202179224584
2189.390061392784,-73.19338556066046,-73.19338556066046
2189.400061392784,-73.19474421458713,-73.19474421458713
2189.410061392784,-73.1960979600652,-73.1960979600652
2189.420061392784,-73.19744699934776,-73.19744699934776
2189.430061392784,-73.1987915311737,-73.1987915311737
2189.440061392784,-73.20013175102217,-73.20013175102217
2189.450061392784,-73.20146785132657,-73.20146785132657
2189.460061392784,-73.20280002166392,-73.20280002166392
2189.470061392784,-73.20412844891193,-73.20412844891193
2189.480061392784,-73.20545331737756,-73.20545331737756
2189.490061392784,-73.20677480895645,-73.20677480895645
2189.500061392784,-73.20809310317394,-73.20809310317394
2189.5100613927843,-73.20940837731175,-73.20940837731175
2189.520061392784,-73.21072080646661,-73.21072080646661
2189.5300613927843,-73.21203056360903,-73.21203056360903
2189.540061392784,-73.21333781963588,-73.21333781963588
2189.5500613927843,-73.21464274340507,-73.21464274340507
2189.560061392784,-73.21594550177291,-73.21594550177291
2189.5700613927843,-73.21724625962982,-73.21724625962982
2189.580061392784,-73.21854517991224,-73.21854517991224
2189.5900613927843,-73.21984242363723,-73.21984242363723
2189.600061416626,-73.22113815298566,-73.22113815298566
2189.610061416626,-73.2224325189888,-73.2224325189888
2189.620061416626,-73.22372568004768,-73.22372568004768
2189.630061416626,-73.22501778959617,-73.22501778959617
2189.640061416626,-73.22630899920573,-73.22630899920573
2189.650061416626,-73.2275994585846,-73.2275994585846
2189.660061416626,-73.22888931558983,-73.22888931558983
2189.670061416626,-73.23017871622828,-73.23017871622828
2189.680061416626,-73.23146780465345,-73.23146780465345
2189.690061416626,-73.23275672319699,-73.23275672319699
2189.700061416626,-73.23404561234973,-73.23404561234973
2189.710061416626,-73.2353282267621,-73.2353282267621
2189.720061416626,-73.23660190913252,-73.23660190913252
2189.730061416626,-73.23786543522485,-73.23786543522485
2189.740061416626,-73.23911824317841,-73.23911824317841
2189.750061416626,-73.24036013937118,-73.24036013937118
2189.760061416626,-73.24159114568903,-73.24159114568903
2189.770061416626,-73.24281140995947,-73.24281140995947
2189.780061416626,-73.24402115220498,-73.24402115220498
2189.790061416626,-73.24512981221294,-73.24512981221294
2189.800061416626,-73.24610200716546,-73.24610200716546
2189.810061416626,-73.2469230065086,-73.2469230065086
2189.820061416626,-73.24758693274555,-73.24758693274555
2189.830061416626,-73.2480925419162,-73.2480925419162
2189.8400614166258,-73.24844122670754,-73.24844122670754
2189.850061416626,-73.2486358937717,-73.2486358937717
2189.860061416626,-73.24868028785907,-73.24868028785907
2189.870061416626,-73.24857857710728,-73.24857857710728
2189.880061416626,-73.24833509921922,-73.24833509921922
2189.890061416626,-73.24795420843117,-73.24795420843117
2189.900061416626,-73.24744018575855,-73.24744018575855
2189.910061416626,-73.24679718895212,-73.24679718895212
2189.920061416626,-73.24602922707312,-73.24602922707312
2189.930061416626,-73.24514015022679,-73.24514015022679
2189.940061416626,-73.2441336483628,-73.2441336483628
2189.950061416626,-73.24301325532426,-73.24301325532426
2189.960061416626,-73.24178235577999,-73.24178235577999
2189.970061416626,-73.24044419355259,-73.24044419355259
2189.980061416626,-73.2390018804073,-73.2390018804073
2189.990061416626,-73.23745840483626,-73.23745840483626
2190.000061416626,-73.23581664046928,-73.23581664046928
2190.010061416626,-73.23407935399732,-73.23407935399732
2190.020061416626,-73.2322492125382,-73.2322492125382
2190.030061416626,-73.23032879035777,-73.23032879035777
2190.040061416626,-73.22832057510738,-73.22832057510738
2190.050061416626,-73.22622697344376,-73.22622697344376
2190.060061416626,-73.22405031618966,-73.22405031618966
2190.070061416626,-73.221792863015,-73.221792863015
2190.080061416626,-73.2194568067255,-73.2194568067255
2190.0900614166258,-73.21704427713433,-73.21704427713433
2190.100061416626,-73.21455734464352,-73.21455734464352
2190.110061416626,-73.21199802345735,-73.21199802345735
2190.120061416626,-73.20936827457065,-73.20936827457065
2190.130061416626,-73.2066700084717,-73.2066700084717
2190.140061416626,-73.20390508765396,-73.20390508765396
2190.150061416626,-73.20107532888566,-73.20107532888566
2190.160061416626,-73.19818250533748,-73.19818250533748
2190.170061416626,-73.19522834848692,-73.19522834848692
2190.180061416626,-73.19221454994852,-73.19221454994852
2190.190061416626,-73.18914276310583,-73.18914276310583
2190.200061416626,-73.18601460465351,-73.18601460465351
2190.210061416626,-73.18283165600407,-73.18283165600407
2190.220061416626,-73.17959546461181,-73.17959546461181
2190.230061416626,-73.17630754521453,-73.17630754521453
2190.240061416626,-73.17296938095164,-73.17296938095164
2190.250061416626,-73.16958242443657,-73.16958242443657
2190.260061416626,-73.16614809877355,-73.16614809877355
2190.270061416626,-73.16266779846087,-73.16266779846087
2190.280061416626,-73.15914289028318,-73.15914289028318
2190.290061416626,-73.15557471412797,-73.15557471412797
2190.300061416626,-73.15196458375678,-73.15196458375678
2190.310061416626,-73.14831378754232,-73.14831378754232
2190.320061416626,-73.14462358914415,-73.14462358914415
2190.330061416626,-73.14089522815905,-73.14089522815905
2190.3400614166258,-73.13712992075862,-73.13712992075862
2190.350061416626,-73.13332886024477,-73.13332886024477
2190.360061416626,-73.129493217618,-73.129493217618
2190.370061416626,-73.12562414211742,-73.12562414211742
2190.380061416626,-73.12172276169707,-73.12172276169707
2190.390061416626,-73.11779018354696,-73.11779018354696
2190.400061416626,-73.11382749451359,-73.11382749451359
2190.410061416626,-73.10983576157162,-73.10983576157162
2190.420061416626,-73.10581603221151,-73.10581603221151
2190.430061416626,-73.10176933489159,-73.10176933489159
2190.440061416626,-73.0976966793947,-73.0976966793947
2190.450061440468,-73.09359904745621,-73.09359904745621
2190.460061440468,-73.08947743204627,-73.08947743204627
2190.470061440468,-73.0853327795732,-73.0853327795732
2190.480061440468,-73.08116602878539,-73.08116602878539
2190.490061440468,-73.07697810152565,-73.07697810152565
2190.500061440468,-73.0727699030594,-73.0727699030594
2190.510061440468,-73.06854232236272,-73.06854232236272
2190.520061440468,-73.06429623245334,-73.06429623245334
2190.5300614404678,-73.06003249064719,-73.06003249064719
2190.540061440468,-73.05575193885603,-73.05575193885603
2190.5500614404677,-73.05145540384893,-73.05145540384893
2190.560061440468,-73.04714369754188,-73.04714369754188
2190.5700614404677,-73.04281761725058,-73.04281761725058
2190.580061440468,-73.03847794593828,-73.03847794593828
2190.5900614404677,-73.0341254524653,-73.0341254524653
2190.600061440468,-73.0297608918556,-73.0297608918556
2190.6100614404677,-73.02538500550104,-73.02538500550104
2190.620061440468,-73.02099852141427,-73.02099852141427
2190.6300614404677,-73.01660215444416,-73.01660215444416
2190.640061440468,-73.01219660651448,-73.01219660651448
2190.6500614404677,-73.00778256682938,-73.00778256682938
2190.660061440468,-73.00336071209263,-73.00336071209263
2190.6700614404676,-72.99893170670927,-72.99893170670927
2190.680061440468,-72.99449620300138,-72.99449620300138
2190.6900614404676,-72.99005484140518,-72.99005484140518
2190.700061440468,-72.9856082506544,-72.9856082506544
2190.710061440468,-72.98115704799864,-72.98115704799864
2190.720061440468,-72.97670183939113,-72.97670183939113
2190.730061440468,-72.97224321964676,-72.97224321964676
2190.740061440468,-72.96778177265793,-72.96778177265793
2190.750061440468,-72.96331807154544,-72.96331807154544
2190.760061440468,-72.9588526788659,-72.9588526788659
2190.770061440468,-72.95438614676604,-72.95438614676604
2190.7800614404678,-72.94991901715733,-72.94991901715733
2190.790061440468,-72.94545182187863,-72.94545182187863
2190.8000614404677,-72.94098508287395,-72.94098508287395
2190.810061440468,-72.93651931234568,-72.93651931234568
2190.8200614404677,-72.93205501291364,-72.93205501291364
2190.830061440468,-72.92759267776692,-72.92759267776692
2190.8400614404677,-72.92313279083616,-72.92313279083616
2190.850061440468,-72.91867582691786,-72.91867582691786
2190.8600614404677,-72.91422225185853,-72.91422225185853
2190.870061440468,-72.90977252265036,-72.90977252265036
2190.8800614404677,-72.90532708763685,-72.90532708763685
2190.890061440468,-72.9008863866083,-72.9008863866083
2190.9000614404677,-72.896450850946,-72.896450850946
2190.910061440468,-72.89202090378464,-72.89202090378464
2190.9200614404676,-72.88759696013409,-72.88759696013409
2190.930061440468,-72.883179426994,-72.883179426994
2190.9400614404676,-72.87876870351228,-72.87876870351228
2190.950061440468,-72.87436518108866,-72.87436518108866
2190.960061440468,-72.86996291163973,-72.86996291163973
2190.970061440468,-72.86555951528325,-72.86555951528325
2190.980061440468,-72.86115403072378,-72.86115403072378
2190.990061440468,-72.85674614765642,-72.85674614765642
2191.000061440468,-72.85233591453235,-72.85233591453235
2191.010061440468,-72.84792358713185,-72.84792358713185
2191.020061440468,-72.84350953987942,-72.84350953987942
2191.0300614404678,-72.83909421272382,-72.83909421272382
2191.040061440468,-72.83467807922175,-72.83467807922175
2191.0500614404677,-72.83026162747184,-72.83026162747184
2191.060061440468,-72.82584534883121,-72.82584534883121
2191.0700614404677,-72.82142973134614,-72.82142973134614
2191.080061440468,-72.81701525603614,-72.81701525603614
2191.0900614404677,-72.81260239494965,-72.81260239494965
2191.100061440468,-72.80819161024212,-72.80819161024212
2191.1100614404677,-72.80378335387621,-72.80378335387621
2191.120061440468,-72.79937806771834,-72.79937806771834
2191.1300614404677,-72.79497618378137,-72.79497618378137
2191.140061440468,-72.79057812460924,-72.79057812460924
2191.1500614404677,-72.78618430365938,-72.78618430365938
2191.160061440468,-72.78179512572947,-72.78179512572947
2191.1700614404676,-72.77741098734053,-72.77741098734053
2191.180061440468,-72.7730322770936,-72.7730322770936
2191.1900614404676,-72.76865937601356,-72.76865937601356
2191.200061440468,-72.76429265785809,-72.76429265785809
2191.210061440468,-72.75993248936076,-72.75993248936076
2191.220061440468,-72.75557923051768,-72.75557923051768
2191.230061440468,-72.75123323476583,-72.75123323476583
2191.240061440468,-72.74689484920657,-72.74689484920657
2191.250061440468,-72.74256441475887,-72.74256441475887
2191.260061440468,-72.73824226633856,-72.73824226633856
2191.270061440468,-72.73392873298904,-72.73392873298904
2191.2800614404678,-72.72962413801694,-72.72962413801694
2191.290061440468,-72.72532879910163,-72.72532879910163
2191.3000614643097,-72.72104301820808,-72.72104301820808
2191.31006146431,-72.71676712252382,-72.71676712252382
2191.3200614643097,-72.71250140327568,-72.71250140327568
2191.33006146431,-72.70824615665285,-72.70824615665285
2191.3400614643097,-72.70400167371201,-72.70400167371201
2191.35006146431,-72.69976824042865,-72.69976824042865
2191.3600614643096,-72.69554613777066,-72.69554613777066
2191.37006146431,-72.69133564177848,-72.69133564177848
2191.3800614643096,-72.68713702362646,-72.68713702362646
2191.39006146431,-72.68295054967624,-72.68295054967624
2191.4000614643096,-72.67877648154993,-72.67877648154993
2191.41006146431,-72.67461507618992,-72.67461507618992
2191.4200614643096,-72.67046658591585,-72.67046658591585
2191.43006146431,-72.66633125846057,-72.66633125846057
2191.4400614643096,-72.66220933707508,-72.66220933707508
2191.45006146431,-72.65810106052633,-72.65810106052633
2191.4600614643095,-72.65400035123263,-72.65400035123263
2191.4700614643098,-72.64990469257769,-72.64990469257769
2191.4800614643095,-72.64581298527925,-72.64581298527925
2191.4900614643097,-72.64172478192992,-72.64172478192992
2191.5000614643095,-72.63763999559487,-72.63763999559487
2191.5100614643097,-72.63355874876176,-72.63355874876176
2191.5200614643095,-72.62948128488803,-72.62948128488803
2191.5300614643097,-72.62540791534624,-72.62540791534624
2191.5400614643095,-72.6213389875627,-72.6213389875627
2191.5500614643097,-72.61727486593843,-72.61727486593843
2191.56006146431,-72.61321592055911,-72.61321592055911
2191.5700614643097,-72.6091625205699,-72.6091625205699
2191.58006146431,-72.60511503046521,-72.60511503046521
2191.5900614643097,-72.60107380805562,-72.60107380805562
2191.60006146431,-72.59703920350496,-72.59703920350496
2191.6100614643096,-72.59301155903943,-72.59301155903943
2191.62006146431,-72.5889912089224,-72.5889912089224
2191.6300614643096,-72.58497847971753,-72.58497847971753
2191.64006146431,-72.58097369057431,-72.58097369057431
2191.6500614643096,-72.57697715361805,-72.57697715361805
2191.66006146431,-72.57298917429081,-72.57298917429081
2191.6700614643096,-72.56901005170718,-72.56901005170718
2191.68006146431,-72.56504007898081,-72.56504007898081
2191.6900614643096,-72.56107954352214,-72.56107954352214
2191.70006146431,-72.55712872727368,-72.55712872727368
2191.7100614643095,-72.5531816040777,-72.5531816040777
2191.7200614643098,-72.54923570320388,-72.54923570320388
2191.7300614643095,-72.54528996876526,-72.54528996876526
2191.7400614643097,-72.54134399549994,-72.54134399549994
2191.7500614643095,-72.53739773778533,-72.53739773778533
2191.7600614643097,-72.53345135889907,-72.53345135889907
2191.7700614643095,-72.52950514272203,-72.52950514272203
2191.7800614643097,-72.52555944081739,-72.52555944081739
2191.7900614643095,-72.52161464061942,-72.52161464061942
2191.8000614643097,-72.51767114642293,-72.51767114642293
2191.81006146431,-72.51372936812376,-72.51372936812376
2191.8200614643097,-72.50978971461137,-72.50978971461137
2191.83006146431,-72.50585259007298,-72.50585259007298
2191.8400614643097,-72.5019183919602,-72.5019183919602
2191.85006146431,-72.49798751008167,-72.49798751008167
2191.8600614643096,-72.49406032624081,-72.49406032624081
2191.87006146431,-72.49013721424913,-72.49013721424913
2191.8800614643096,-72.48621854017432,-72.48621854017432
2191.89006146431,-72.4823046626195,-72.4823046626195
2191.9000614643096,-72.47839593310137,-72.47839593310137
2191.91006146431,-72.47449269639054,-72.47449269639054
2191.9200614643096,-72.47059529086371,-72.47059529086371
2191.93006146431,-72.4667040487834,-72.4667040487834
2191.9400614643096,-72.46281929663269,-72.46281929663269
2191.95006146431,-72.4589413553096,-72.4589413553096
2191.9600614643095,-72.45506424644888,-72.45506424644888
2191.9700614643098,-72.4511855421758,-72.4511855421758
2191.9800614643095,-72.44730422747566,-72.44730422747566
2191.9900614643097,-72.443419936925,-72.443419936925
2192.0000614643095,-72.43953266415775,-72.43953266415775
2192.0100614643097,-72.43564261125958,-72.43564261125958
2192.0200614643095,-72.43175010059691,-72.43175010059691
2192.0300614643097,-72.427855521891,-72.427855521891
2192.0400614643095,-72.42395930049028,-72.42395930049028
2192.0500614643097,-72.42006187832362,-72.42006187832362
2192.06006146431,-72.41616370267495,-72.41616370267495
2192.0700614643097,-72.41226521956821,-72.41226521956821
2192.08006146431,-72.40836687003717,-72.40836687003717
2192.0900614643097,-72.40446908813995,-72.40446908813995
2192.10006146431,-72.40057229999566,-72.40057229999566
2192.1100614643096,-72.39667692343588,-72.39667692343588
2192.12006146431,-72.39278336803838,-72.39278336803838
2192.1300614643096,-72.3888920353243,-72.3888920353243
2192.14006146431,-72.38500331905034,-72.38500331905034
2192.1500614881516,-72.38111759635889,-72.38111759635889
2192.1600614881518,-72.37723526509313,-72.37723526509313
2192.1700614881515,-72.37335668859804,-72.37335668859804
2192.1800614881518,-72.36948223309005,-72.36948223309005
2192.1900614881515,-72.36561225865907,-72.36561225865907
2192.2000614881517,-72.36174711949502,-72.36174711949502
2192.2100614881515,-72.35788716416046,-72.35788716416046
2192.2200614881517,-72.35403273572464,-72.35403273572464
2192.2300614881515,-72.3501841719721,-72.3501841719721
2192.2400614881517,-72.34634180551915,-72.34634180551915
2192.2500614881515,-72.34250596396286,-72.34250596396286
2192.2600614881517,-72.33867696999542,-72.33867696999542
2192.2700614881514,-72.33485514148087,-72.33485514148087
2192.2800614881517,-72.331040791545,-72.331040791545
2192.2900614881514,-72.32723422867235,-72.32723422867235
2192.3000614881516,-72.32343575674145,-72.32343575674145
2192.3100614881514,-72.31964567511292,-72.31964567511292
2192.3200614881516,-72.31586427866486,-72.31586427866486
2192.3300614881514,-72.3120918578402,-72.3120918578402
2192.3400614881516,-72.30832869872184,-72.30832869872184
2192.3500614881514,-72.30457508302482,-72.30457508302482
2192.3600614881516,-72.30083128818087,-72.30083128818087
2192.3700614881514,-72.29709758733712,-72.29709758733712
2192.3800614881516,-72.29337424942229,-72.29337424942229
2192.3900614881513,-72.2896615391565,-72.2896615391565
2192.4000614881516,-72.28595971710358,-72.28595971710358
2192.4100614881518,-72.28226903968722,-72.28226903968722
2192.4200614881515,-72.27858975923584,-72.27858975923584
2192.4300614881518,-72.27492212398796,-72.27492212398796
2192.4400614881515,-72.27126637815006,-72.27126637815006
2192.4500614881517,-72.26762276191153,-72.26762276191153
2192.4600614881515,-72.26399151148284,-72.26399151148284
2192.4700614881517,-72.26037285910832,-72.26037285910832
2192.4800614881515,-72.25676703312313,-72.25676703312313
2192.4900614881517,-72.2531742579675,-72.2531742579675
2192.5000614881515,-72.24959475421164,-72.24959475421164
2192.5100614881517,-72.24602873860286,-72.24602873860286
2192.5200614881514,-72.24247642408743,-72.24247642408743
2192.5300614881517,-72.23893801984272,-72.23893801984272
2192.5400614881514,-72.23541373131494,-72.23541373131494
2192.5500614881516,-72.23190376023942,-72.23190376023942
2192.5600614881514,-72.22840830468608,-72.22840830468608
2192.5700614881516,-72.22492755907264,-72.22492755907264
2192.5800614881514,-72.22146171422688,-72.22146171422688
2192.5900614881516,-72.21801095740254,-72.21801095740254
2192.6000614881514,-72.21457547230655,-72.21457547230655
2192.6100614881516,-72.21115543913812,-72.21115543913812
2192.6200614881514,-72.20775103463542,-72.20775103463542
2192.6300614881516,-72.20436243209087,-72.20436243209087
2192.6400614881513,-72.20098980139947,-72.20098980139947
2192.6500614881516,-72.19763330908827,-72.19763330908827
2192.6600614881518,-72.1942931183442,-72.1942931183442
2192.6700614881515,-72.19096938906706,-72.19096938906706
2192.6800614881518,-72.18766227787624,-72.18766227787624
2192.6900614881515,-72.1843719381777,-72.1843719381777
2192.7000614881517,-72.18109852017383,-72.18109852017383
2192.7100614881515,-72.17784217091324,-72.17784217091324
2192.7200614881517,-72.17460303431972,-72.17460303431972
2192.7300614881515,-72.17138125123597,-72.17138125123597
2192.7400614881517,-72.16817695943594,-72.16817695943594
2192.7500614881515,-72.16499029369379,-72.16499029369379
2192.7600614881517,-72.16182138578549,-72.16182138578549
2192.7700614881514,-72.1586703645495,-72.1586703645495
2192.7800614881517,-72.15553735591223,-72.15553735591223
2192.7900614881514,-72.15242248291605,-72.15242248291605
2192.8000614881516,-72.14932586576556,-72.14932586576556
2192.8100614881514,-72.14624762186094,-72.14624762186094
2192.8200614881516,-72.14318786581809,-72.14318786581809
2192.8300614881514,-72.14014670952658,-72.14014670952658
2192.8400614881516,-72.1371242621641,-72.1371242621641
2192.8500614881514,-72.13412063023753,-72.13412063023753
2192.8600614881516,-72.13113591762941,-72.13113591762941
2192.8700614881514,-72.12817022561019,-72.12817022561019
2192.8800614881516,-72.12522365287397,-72.12522365287397
2192.8900614881513,-72.12229629560723,-72.12229629560723
2192.9000614881516,-72.11938824746662,-72.11938824746662
2192.9100614881518,-72.11649959965777,-72.11649959965777
2192.9200614881515,-72.11363044094362,-72.11363044094362
2192.9300614881518,-72.11078085768929,-72.11078085768929
2192.9400614881515,-72.10795093388114,-72.10795093388114
2192.9500614881517,-72.10514075117511,-72.10514075117511
2192.9600614881515,-72.10235038892236,-72.10235038892236
2192.9700614881517,-72.09957992418853,-72.09957992418853
2192.9800614881515,-72.09674293546334,-72.09674293546334
2192.9900614881517,-72.0938330327324,-72.0938330327324
2193.0000615119934,-72.09084597769903,-72.09084597769903
2193.0100615119936,-72.0877793840998,-72.0877793840998
2193.0200615119934,-72.0846321216215,-72.0846321216215
2193.0300615119936,-72.08140390878107,-72.08140390878107
2193.0400615119934,-72.07809501385077,-72.07809501385077
2193.0500615119936,-72.07470606666539,-72.07470606666539
2193.0600615119934,-72.07123793933482,-72.07123793933482
2193.0700615119936,-72.06769167008119,-72.06769167008119
2193.0800615119933,-72.06406841405983,-72.06406841405983
2193.0900615119936,-72.06036941088419,-72.06036941088419
2193.1000615119933,-72.05659596267938,-72.05659596267938
2193.1100615119935,-72.05274941875149,-72.05274941875149
2193.1200615119933,-72.0488311644997,-72.0488311644997
2193.1300615119935,-72.04484261301728,-72.04484261301728
2193.1400615119933,-72.04078519858392,-72.04078519858392
2193.1500615119935,-72.03666037131246,-72.03666037131246
2193.1600615119933,-72.03246959271836,-72.03246959271836
2193.1700615119935,-72.02821433192652,-72.02821433192652
2193.1800615119932,-72.02389606233466,-72.02389606233466
2193.1900615119935,-72.01951625874452,-72.01951625874452
2193.200061511993,-72.0150763947825,-72.0150763947825
2193.2100615119934,-72.01057794061276,-72.01057794061276
2193.220061511993,-72.00602236091966,-72.00602236091966
2193.2300615119934,-72.0014111131058,-72.0014111131058
2193.240061511993,-71.9967456457013,-71.9967456457013
2193.2500615119934,-71.99202739694792,-71.99202739694792
2193.2600615119936,-71.98725779355625,-71.98725779355625
2193.2700615119934,-71.98243824961962,-71.98243824961962
2193.2800615119936,-71.97757016562231,-71.97757016562231
2193.2900615119934,-71.97265492764838,-71.97265492764838
2193.3000615119936,-71.9676939066425,-71.9676939066425
2193.3100615119934,-71.9626884577854,-71.9626884577854
2193.3200615119936,-71.95763991998629,-71.95763991998629
2193.3300615119933,-71.95254961541873,-71.95254961541873
2193.3400615119936,-71.94741884916407,-71.94741884916407
2193.3500615119933,-71.94224890891691,-71.94224890891691
2193.3600615119935,-71.93704106474235,-71.93704106474235
2193.3700615119933,-71.9317965688835,-71.9317965688835
2193.3800615119935,-71.92651665562987,-71.92651665562987
2193.3900615119933,-71.92120254124207,-71.92120254124207
2193.4000615119935,-71.91585542386697,-71.91585542386697
2193.4100615119933,-71.91047648357122,-71.91047648357122
2193.4200615119935,-71.90506688230298,-71.90506688230298
2193.4300615119932,-71.89962776398247,-71.89962776398247
2193.4400615119935,-71.89416025453042,-71.89416025453042
2193.450061511993,-71.88866546200124,-71.88866546200124
2193.4600615119934,-71.88314447664419,-71.88314447664419
2193.470061511993,-71.87759837106883,-71.87759837106883
2193.4800615119934,-71.87202820037199,-71.87202820037199
2193.490061511993,-71.86643500230072,-71.86643500230072
2193.5000615119934,-71.8608197973993,-71.8608197973993
2193.5100615119936,-71.85518358921732,-71.85518358921732
2193.5200615119934,-71.849527364473,-71.849527364473
2193.5300615119936,-71.84385209324994,-71.84385209324994
2193.5400615119934,-71.8381587291933,-71.8381587291933
2193.5500615119936,-71.83244820971451,-71.83244820971451
2193.5600615119934,-71.8267214562049,-71.8267214562049
2193.5700615119936,-71.82097937423804,-71.82097937423804
2193.5800615119933,-71.81522285380265,-71.81522285380265
2193.5900615119936,-71.8094527694797,-71.8094527694797
2193.6000615119933,-71.80366998070129,-71.80366998070129
2193.6100615119935,-71.79787533193473,-71.79787533193473
2193.6200615119933,-71.79206965292344,-71.79206965292344
2193.6300615119935,-71.78625375888768,-71.78625375888768
2193.6400615119933,-71.78042845075585,-71.78042845075585
2193.6500615119935,-71.77459451536929,-71.77459451536929
2193.6600615119933,-71.76875272570894,-71.76875272570894
2193.6700615119935,-71.76290384108661,-71.76290384108661
2193.6800615119932,-71.75704860738769,-71.75704860738769
2193.6900615119935,-71.75118775725498,-71.75118775725498
2193.700061511993,-71.74532201031776,-71.74532201031776
2193.7100615119934,-71.73945207337492,-71.73945207337492
2193.720061511993,-71.73357864062616,-71.73357864062616
2193.7300615119934,-71.7277023938401,-71.7277023938401
2193.740061511993,-71.72182400258912,-71.72182400258912
2193.7500615119934,-71.71594412441188,-71.71594412441188
2193.7600615119936,-71.71006340503014,-71.71006340503014
2193.7700615119934,-71.7041824785399,-71.7041824785399
2193.7800615119936,-71.69830196757628,-71.69830196757628
2193.7900615119934,-71.69242248352683,-71.69242248352683
2193.8000615119936,-71.68654462669855,-71.68654462669855
2193.8100615119934,-71.68066898649576,-71.68066898649576
2193.8200615119936,-71.67479614162113,-71.67479614162113
2193.8300615119933,-71.66892666021455,-71.66892666021455
2193.8400615119936,-71.66306110004182,-71.66306110004182
2193.8500615358353,-71.65719999471412,-71.65719999471412
2193.8600615358355,-71.6513439096681,-71.6513439096681
2193.8700615358352,-71.64549335864191,-71.64549335864191
2193.8800615358355,-71.6396488595373,-71.6396488595373
2193.8900615358352,-71.6338109207453,-71.6338109207453
2193.9000615358354,-71.62798004125229,-71.62798004125229
2193.910061535835,-71.62215671078518,-71.62215671078518
2193.9200615358354,-71.61634140998736,-71.61634140998736
2193.930061535835,-71.61053461055158,-71.61053461055158
2193.9400615358354,-71.60473677535381,-71.60473677535381
2193.950061535835,-71.59894835861807,-71.59894835861807
2193.9600615358354,-71.59316980603998,-71.59316980603998
2193.970061535835,-71.58740155493524,-71.58740155493524
2193.9800615358354,-71.5816440343725,-71.5816440343725
2193.990061535835,-71.57589766531561,-71.57589766531561
2194.0000615358354,-71.5701628607098,-71.5701628607098
2194.010061535835,-71.56444002568746,-71.56444002568746
2194.0200615358353,-71.55872955761869,-71.55872955761869
2194.030061535835,-71.55303184627931,-71.55303184627931
2194.0400615358353,-71.54734727396348,-71.54734727396348
2194.050061535835,-71.54167621561038,-71.54167621561038
2194.0600615358353,-71.53601903889722,-71.53601903889722
2194.070061535835,-71.53037610439362,-71.53037610439362
2194.0800615358353,-71.52474776562309,-71.52474776562309
2194.090061535835,-71.51913436923222,-71.51913436923222
2194.1000615358353,-71.51353625505979,-71.51353625505979
2194.1100615358355,-71.50795375626909,-71.50795375626909
2194.1200615358352,-71.50238719944024,-71.50238719944024
2194.1300615358355,-71.49683690467822,-71.49683690467822
2194.1400615358352,-71.49130318570782,-71.49130318570782
2194.1500615358354,-71.48578635000322,-71.48578635000322
2194.160061535835,-71.48028669885474,-71.48028669885474
2194.1700615358354,-71.47480452748118,-71.47480452748118
2194.180061535835,-71.46934012512438,-71.46934012512438
2194.1900615358354,-71.4638937751362,-71.4638937751362
2194.200061535835,-71.45846575508327,-71.45846575508327
2194.2100615358354,-71.45305633682773,-71.45305633682773
2194.220061535835,-71.44766578663834,-71.44766578663834
2194.2300615358354,-71.44229436524724,-71.44229436524724
2194.240061535835,-71.4369423279605,-71.4369423279605
2194.2500615358354,-71.43160992472146,-71.43160992472146
2194.260061535835,-71.42629740022339,-71.42629740022339
2194.2700615358353,-71.42100499395546,-71.42100499395546
2194.280061535835,-71.41573294033697,-71.41573294033697
2194.2900615358353,-71.41048146873825,-71.41048146873825
2194.300061535835,-71.40525080360494,-71.40525080360494
2194.3100615358353,-71.4000411644953,-71.4000411644953
2194.320061535835,-71.39485276619861,-71.39485276619861
2194.3300615358353,-71.38968581877289,-71.38968581877289
2194.340061535835,-71.38454052763922,-71.38454052763922
2194.3500615358353,-71.37941709365013,-71.37941709365013
2194.3600615358355,-71.37431571316397,-71.37431571316397
2194.3700615358352,-71.3692365781007,-71.3692365781007
2194.3800615358355,-71.36417987602873,-71.36417987602873
2194.3900615358352,-71.35914579022254,-71.35914579022254
2194.4000615358354,-71.35413449972764,-71.35413449972764
2194.410061535835,-71.34914617944143,-71.34914617944143
2194.4200615358354,-71.34418100014742,-71.34418100014742
2194.430061535835,-71.3392391286109,-71.3392391286109
2194.4400615358354,-71.33432072763071,-71.33432072763071
2194.450061535835,-71.32942595609602,-71.32942595609602
2194.4600615358354,-71.3245549690387,-71.3245549690387
2194.470061535835,-71.31970791771742,-71.31970791771742
2194.4800615358354,-71.314884949658,-71.314884949658
2194.490061535835,-71.3100862087122,-71.3100862087122
2194.5000615358354,-71.30531183511118,-71.30531183511118
2194.510061535835,-71.30049735370453,-71.30049735370453
2194.5200615358353,-71.29562150240993,-71.29562150240993
2194.530061535835,-71.29067729561784,-71.29067729561784
2194.5400615358353,-71.2856624029502,-71.2856624029502
2194.550061535835,-71.28057622948641,-71.28057622948641
2194.5600615358353,-71.2754189253347,-71.2754189253347
2194.570061535835,-71.2701910084575,-71.2701910084575
2194.5800615358353,-71.26489320772696,-71.26489320772696
2194.590061535835,-71.25952639259539,-71.25952639259539
2194.6000615358353,-71.25409153854903,-71.25409153854903
2194.6100615358355,-71.24858970761285,-71.24858970761285
2194.6200615358352,-71.24302203515612,-71.24302203515612
2194.6300615358355,-71.23738971939946,-71.23738971939946
2194.6400615358352,-71.23169401210367,-71.23169401210367
2194.6500615358354,-71.22593620999113,-71.22593620999113
2194.660061535835,-71.22011764681446,-71.22011764681446
2194.6700615358354,-71.21423968599515,-71.21423968599515
2194.680061535835,-71.20830371392468,-71.20830371392468
2194.6900615358354,-71.20231113394898,-71.20231113394898
2194.700061559677,-71.19626334662713,-71.19626334662713
2194.7100615596773,-71.19016180240929,-71.19016180240929
2194.720061559677,-71.18400791183403,-71.18400791183403
2194.7300615596773,-71.17780309878505,-71.17780309878505
2194.740061559677,-71.17154878341154,-71.17154878341154
2194.7500615596773,-71.16524637950191,-71.16524637950191
2194.760061559677,-71.15889729230915,-71.15889729230915
2194.7700615596773,-71.15250291669626,-71.15250291669626
2194.780061559677,-71.14606463559196,-71.14606463559196
2194.7900615596773,-71.13958381871196,-71.13958381871196
2194.800061559677,-71.13306182152084,-71.13306182152084
2194.8100615596773,-71.12649998435441,-71.12649998435441
2194.820061559677,-71.1198996317345,-71.1198996317345
2194.8300615596772,-71.11326207180623,-71.11326207180623
2194.840061559677,-71.10658859591341,-71.10658859591341
2194.850061559677,-71.0998804782625,-71.0998804782625
2194.860061559677,-71.09313897568197,-71.09313897568197
2194.870061559677,-71.08636532745798,-71.08636532745798
2194.880061559677,-71.07956075520794,-71.07956075520794
2194.890061559677,-71.07272646285503,-71.07272646285503
2194.900061559677,-71.06586363658008,-71.06586363658008
2194.910061559677,-71.05897344489469,-71.05897344489469
2194.920061559677,-71.05205703867553,-71.05205703867553
2194.930061559677,-71.04511555124468,-71.04511555124468
2194.940061559677,-71.03815009849852,-71.03815009849852
2194.950061559677,-71.03116177902416,-71.03116177902416
2194.9600615596773,-71.02415167425416,-71.02415167425416
2194.970061559677,-71.01712084861447,-71.01712084861447
2194.9800615596773,-71.01007034969214,-71.01007034969214
2194.990061559677,-71.0030012084212,-71.0030012084212
2195.0000615596773,-70.99591443925367,-70.99591443925367
2195.010061559677,-70.98881104035739,-70.98881104035739
2195.0200615596773,-70.98169199381472,-70.98169199381472
2195.030061559677,-70.97455826580467,-70.97455826580467
2195.0400615596773,-70.9674108068219,-70.9674108068219
2195.050061559677,-70.96025055185079,-70.96025055185079
2195.0600615596773,-70.95307842059903,-70.95307842059903
2195.070061559677,-70.94589531769239,-70.94589531769239
2195.0800615596772,-70.93870213285403,-70.93870213285403
2195.090061559677,-70.93149974113528,-70.93149974113528
2195.100061559677,-70.92428900310308,-70.92428900310308
2195.110061559677,-70.91707076507053,-70.91707076507053
2195.120061559677,-70.90984585924387,-70.90984585924387
2195.130061559677,-70.9026151039622,-70.9026151039622
2195.140061559677,-70.89537930387918,-70.89537930387918
2195.150061559677,-70.8881392501669,-70.8881392501669
2195.160061559677,-70.88089572069106,-70.88089572069106
2195.170061559677,-70.87364948023011,-70.87364948023011
2195.180061559677,-70.86640128063658,-70.86640128063658
2195.190061559677,-70.85915186104222,-70.85915186104222
2195.200061559677,-70.85190194803558,-70.85190194803558
2195.2100615596773,-70.84465225583935,-70.84465225583935
2195.220061559677,-70.83740348650272,-70.83740348650272
2195.2300615596773,-70.83015633007193,-70.83015633007193
2195.240061559677,-70.82291146475663,-70.82291146475663
2195.2500615596773,-70.81566955712098,-70.81566955712098
2195.260061559677,-70.80843126224794,-70.80843126224794
2195.2700615596773,-70.80119722389067,-70.80119722389067
2195.280061559677,-70.79396807466419,-70.79396807466419
2195.2900615596773,-70.78674443619788,-70.78674443619788
2195.300061559677,-70.77952691928787,-70.77952691928787
2195.3100615596773,-70.77231612406861,-70.77231612406861
2195.320061559677,-70.76511264016696,-70.76511264016696
2195.3300615596772,-70.75791704683661,-70.75791704683661
2195.340061559677,-70.75072991315547,-70.75072991315547
2195.350061559677,-70.74355179811923,-70.74355179811923
2195.360061559677,-70.73638325083643,-70.73638325083643
2195.370061559677,-70.7292248106449,-70.7292248106449
2195.380061559677,-70.72207700727249,-70.72207700727249
2195.390061559677,-70.71494036095518,-70.71494036095518
2195.400061559677,-70.70781538260523,-70.70781538260523
2195.410061559677,-70.7007025739213,-70.7007025739213
2195.420061559677,-70.69360242755972,-70.69360242755972
2195.430061559677,-70.68651542720346,-70.68651542720346
2195.440061559677,-70.67944204776359,-70.67944204776359
2195.450061559677,-70.67238275546941,-70.67238275546941
2195.4600615596773,-70.665331862889,-70.665331862889
2195.470061559677,-70.65828714272774,-70.65828714272774
2195.4800615596773,-70.651247743975,-70.651247743975
2195.490061559677,-70.64421344735202,-70.64421344735202
2195.5000615596773,-70.63718438157211,-70.63718438157211
2195.510061559677,-70.6301608761908,-70.6301608761908
2195.5200615596773,-70.62314337534205,-70.62314337534205
2195.530061559677,-70.61613238597232,-70.61613238597232
2195.5400615596773,-70.60912844672475,-70.60912844672475
2195.550061583519,-70.60213209264798,-70.60213209264798
2195.560061583519,-70.59514391082968,-70.59514391082968
2195.570061583519,-70.58816443395297,-70.58816443395297
2195.580061583519,-70.58119420336024,-70.58119420336024
2195.590061583519,-70.57423375045566,-70.57423375045566
2195.600061583519,-70.56728359579915,-70.56728359579915
2195.610061583519,-70.56034424884629,-70.56034424884629
2195.620061583519,-70.55341620801296,-70.55341620801296
2195.630061583519,-70.54649996093548,-70.54649996093548
2195.640061583519,-70.53959598485261,-70.53959598485261
2195.650061583519,-70.53270474700486,-70.53270474700486
2195.660061583519,-70.52582670504194,-70.52582670504194
2195.670061583519,-70.51896230741305,-70.51896230741305
2195.680061583519,-70.51211199373135,-70.51211199373135
2195.690061583519,-70.50527619513385,-70.50527619513385
2195.700061583519,-70.4984553345606,-70.4984553345606
2195.710061583519,-70.4916498270361,-70.4916498270361
2195.720061583519,-70.48486007995112,-70.48486007995112
2195.730061583519,-70.47808649324077,-70.47808649324077
2195.740061583519,-70.4713294596171,-70.4713294596171
2195.750061583519,-70.46458936473643,-70.46458936473643
2195.760061583519,-70.4578665873918,-70.4578665873918
2195.770061583519,-70.45116149961575,-70.45116149961575
2195.780061583519,-70.44447446685635,-70.44447446685635
2195.7900615835188,-70.43780584808533,-70.43780584808533
2195.800061583519,-70.43115599591953,-70.43115599591953
2195.810061583519,-70.4245252567281,-70.4245252567281
2195.820061583519,-70.41791397072232,-70.41791397072232
2195.830061583519,-70.41132247206299,-70.41132247206299
2195.840061583519,-70.40475108893806,-70.40475108893806
2195.850061583519,-70.39820014365655,-70.39820014365655
2195.860061583519,-70.39166995270847,-70.39166995270847
2195.870061583519,-70.38516082687049,-70.38516082687049
2195.880061583519,-70.37867307124937,-70.37867307124937
2195.890061583519,-70.37220698536264,-70.37220698536264
2195.900061583519,-70.36576286321487,-70.36576286321487
2195.910061583519,-70.35934099336603,-70.35934099336603
2195.920061583519,-70.35294165897791,-70.35294165897791
2195.930061583519,-70.34656513789305,-70.34656513789305
2195.940061583519,-70.34021170268177,-70.34021170268177
2195.950061583519,-70.33388162072322,-70.33388162072322
2195.960061583519,-70.3275751542491,-70.3275751542491
2195.970061583519,-70.32129256040699,-70.32129256040699
2195.980061583519,-70.31503409131656,-70.31503409131656
2195.990061583519,-70.30879999413594,-70.30879999413594
2196.000061583519,-70.30259051111501,-70.30259051111501
2196.010061583519,-70.29640587963623,-70.29640587963623
2196.020061583519,-70.29024633229258,-70.29024633229258
2196.030061583519,-70.2841120969229,-70.2841120969229
2196.0400615835188,-70.2780033966828,-70.2780033966828
2196.050061583519,-70.27192045009683,-70.27192045009683
2196.060061583519,-70.26586347110187,-70.26586347110187
2196.070061583519,-70.25983266910727,-70.25983266910727
2196.080061583519,-70.25382824905877,-70.25382824905877
2196.090061583519,-70.24785041145995,-70.24785041145995
2196.100061583519,-70.24189935245691,-70.24189935245691
2196.110061583519,-70.23597526388433,-70.23597526388433
2196.120061583519,-70.23007833330426,-70.23007833330426
2196.130061583519,-70.22420874407305,-70.22420874407305
2196.140061583519,-70.21836667536789,-70.21836667536789
2196.150061583519,-70.21255230226734,-70.21255230226734
2196.160061583519,-70.20676579578729,-70.20676579578729
2196.170061583519,-70.20100732293312,-70.20100732293312
2196.180061583519,-70.19527704674694,-70.19527704674694
2196.190061583519,-70.1895751263551,-70.1895751263551
2196.200061583519,-70.18390171702319,-70.18390171702319
2196.210061583519,-70.17825697021799,-70.17825697021799
2196.220061583519,-70.17264103361939,-70.17264103361939
2196.230061583519,-70.1670540512065,-70.1670540512065
2196.240061583519,-70.16149616327617,-70.16149616327617
2196.250061583519,-70.15596750651176,-70.15596750651176
2196.260061583519,-70.15046821401491,-70.15046821401491
2196.270061583519,-70.14499841536798,-70.14499841536798
2196.280061583519,-70.13955823667041,-70.13955823667041
2196.2900615835188,-70.13414780057714,-70.13414780057714
2196.300061583519,-70.12876722636076,-70.12876722636076
2196.310061583519,-70.12341662994397,-70.12341662994397
2196.320061583519,-70.11809612395449,-70.11809612395449
2196.330061583519,-70.11280581775546,-70.11280581775546
2196.340061583519,-70.1075458175102,-70.1075458175102
2196.350061583519,-70.1023162262052,-70.1023162262052
2196.360061583519,-70.0971171436996,-70.0971171436996
2196.370061583519,-70.09194866677127,-70.09194866677127
2196.380061583519,-70.08681088917191,-70.08681088917191
2196.390061583519,-70.08170390162766,-70.08170390162766
2196.400061607361,-70.0766277798646,-70.0766277798646
2196.410061607361,-70.07158263301082,-70.07158263301082
2196.420061607361,-70.06656853085642,-70.06656853085642
2196.430061607361,-70.0615855525899,-70.0615855525899
2196.440061607361,-70.05663377457975,-70.05663377457975
2196.450061607361,-70.05171327044359,-70.05171327044359
2196.460061607361,-70.04682411108284,-70.04682411108284
2196.470061607361,-70.04196636472955,-70.04196636472955
2196.4800616073608,-70.0371400969724,-70.0371400969724
2196.490061607361,-70.03234537079568,-70.03234537079568
2196.5000616073607,-70.02758224663285,-70.02758224663285
2196.510061607361,-70.02285078238164,-70.02285078238164
2196.5200616073607,-70.01815103345783,-70.01815103345783
2196.530061607361,-70.01348305282795,-70.01348305282795
2196.5400616073607,-70.00884689103698,-70.00884689103698
2196.550061607361,-70.00424259625383,-70.00424259625383
2196.5600616073607,-69.99967021430005,-69.99967021430005
2196.570061607361,-69.99512978868798,-69.99512978868798
2196.5800616073607,-69.990621360653,-69.990621360653
2196.590061607361,-69.98614496919336,-69.98614496919336
2196.6000616073607,-69.98170065109962,-69.98170065109962
2196.610061607361,-69.97728844098083,-69.97728844098083
2196.6200616073606,-69.9729083713073,-69.9729083713073
2196.630061607361,-69.96856047243642,-69.96856047243642
2196.6400616073606,-69.96424477265708,-69.96424477265708
2196.650061607361,-69.95996129820625,-69.95996129820625
2196.660061607361,-69.95571007330045,-69.95571007330045
2196.670061607361,-69.95149112018454,-69.95149112018454
2196.680061607361,-69.94730445914486,-69.94730445914486
2196.690061607361,-69.94315010854109,-69.94315010854109
2196.700061607361,-69.93902808485163,-69.93902808485163
2196.710061607361,-69.9349384026709,-69.9349384026709
2196.720061607361,-69.93088107477436,-69.93088107477436
2196.7300616073608,-69.92685611212617,-69.92685611212617
2196.740061607361,-69.92286352391478,-69.92286352391478
2196.7500616073607,-69.91890331758343,-69.91890331758343
2196.760061607361,-69.91497549884187,-69.91497549884187
2196.7700616073607,-69.91108007170946,-69.91108007170946
2196.780061607361,-69.90721703854638,-69.90721703854638
2196.7900616073607,-69.90338640006509,-69.90338640006509
2196.800061607361,-69.89958815535512,-69.89958815535512
2196.8100616073607,-69.89582230192845,-69.89582230192845
2196.820061607361,-69.8920888357331,-69.8920888357331
2196.8300616073607,-69.88838775117237,-69.88838775117237
2196.840061607361,-69.88471904113895,-69.88471904113895
2196.8500616073607,-69.88108269704296,-69.88108269704296
2196.860061607361,-69.87747870881682,-69.87747870881682
2196.8700616073606,-69.87390706497203,-69.87390706497203
2196.880061607361,-69.87036775258045,-69.87036775258045
2196.8900616073606,-69.86686075734022,-69.86686075734022
2196.900061607361,-69.86338606356827,-69.86338606356827
2196.910061607361,-69.85994365423394,-69.85994365423394
2196.920061607361,-69.85653351098878,-69.85653351098878
2196.930061607361,-69.85315561417194,-69.85315561417194
2196.940061607361,-69.84980994285611,-69.84980994285611
2196.950061607361,-69.8464964748287,-69.8464964748287
2196.960061607361,-69.84321518666786,-69.84321518666786
2196.970061607361,-69.83996605370736,-69.83996605370736
2196.9800616073608,-69.836749050113,-69.836749050113
2196.990061607361,-69.83356414885147,-69.83356414885147
2197.0000616073607,-69.83041132173523,-69.83041132173523
2197.010061607361,-69.82729053945269,-69.82729053945269
2197.0200616073607,-69.82420177156501,-69.82420177156501
2197.030061607361,-69.82114498654144,-69.82114498654144
2197.0400616073607,-69.81812015176793,-69.81812015176793
2197.050061607361,-69.81512723357461,-69.81512723357461
2197.0600616073607,-69.81216619725139,-69.81216619725139
2197.070061607361,-69.80923700705651,-69.80923700705651
2197.0800616073607,-69.80633962625811,-69.80633962625811
2197.090061607361,-69.80347401712854,-69.80347401712854
2197.1000616073607,-69.80064014097341,-69.80064014097341
2197.110061607361,-69.79783795814461,-69.79783795814461
2197.1200616073606,-69.79506742804618,-69.79506742804618
2197.130061607361,-69.7923285091915,-69.7923285091915
2197.1400616073606,-69.78962115917172,-69.78962115917172
2197.150061607361,-69.7869453347012,-69.7869453347012
2197.160061607361,-69.78430099162371,-69.78430099162371
2197.170061607361,-69.78168808492313,-69.78168808492313
2197.180061607361,-69.77910656875287,-69.77910656875287
2197.190061607361,-69.7765563964433,-69.7765563964433
2197.200061607361,-69.77403752051717,-69.77403752051717
2197.210061607361,-69.77154381866461,-69.77154381866461
2197.220061607361,-69.76907259004261,-69.76907259004261
2197.2300616073608,-69.76662250023995,-69.76662250023995
2197.240061607361,-69.7641928465138,-69.7641928465138
2197.2500616312027,-69.76178327189515,-69.76178327189515
2197.260061631203,-69.75939364263559,-69.75939364263559
2197.2700616312027,-69.75702392828215,-69.75702392828215
2197.280061631203,-69.75467417359248,-69.75467417359248
2197.2900616312027,-69.7523444617926,-69.7523444617926
2197.300061631203,-69.75003489607927,-69.75003489607927
2197.3100616312026,-69.74774558861508,-69.74774558861508
2197.320061631203,-69.74547665402588,-69.74547665402588
2197.3300616312026,-69.74322820571267,-69.74322820571267
2197.340061631203,-69.74100035386125,-69.74100035386125
2197.3500616312026,-69.73879320444014,-69.73879320444014
2197.360061631203,-69.73660685882219,-69.73660685882219
2197.3700616312026,-69.73444141376093,-69.73444141376093
2197.380061631203,-69.73229696155607,-69.73229696155607
2197.3900616312026,-69.7301735903321,-69.7301735903321
2197.400061631203,-69.72807138433296,-69.72807138433296
2197.4100616312026,-69.72599042423435,-69.72599042423435
2197.4200616312028,-69.72393078745901,-69.72393078745901
2197.4300616312025,-69.72189254843816,-69.72189254843816
2197.4400616312028,-69.71987577886989,-69.71987577886989
2197.4500616312025,-69.71788054793073,-69.71788054793073
2197.4600616312027,-69.71590692247703,-69.71590692247703
2197.4700616312025,-69.71395496721301,-69.71395496721301
2197.4800616312027,-69.71202474481962,-69.71202474481962
2197.4900616312025,-69.71011631609113,-69.71011631609113
2197.5000616312027,-69.70822974002816,-69.70822974002816
2197.510061631203,-69.70636507393853,-69.70636507393853
2197.5200616312027,-69.70452237351076,-69.70452237351076
2197.530061631203,-69.70270169285827,-69.70270169285827
2197.5400616312027,-69.7009030845991,-69.7009030845991
2197.550061631203,-69.69912659987527,-69.69912659987527
2197.5600616312026,-69.69737228840592,-69.69737228840592
2197.570061631203,-69.69564019851218,-69.69564019851218
2197.5800616312026,-69.69393037713898,-69.69393037713898
2197.590061631203,-69.69224286989264,-69.69224286989264
2197.6000616312026,-69.6905777210366,-69.6905777210366
2197.610061631203,-69.68893497351743,-69.68893497351743
2197.6200616312026,-69.68731466897717,-69.68731466897717
2197.630061631203,-69.68571684777217,-69.68571684777217
2197.6400616312026,-69.68414154896008,-69.68414154896008
2197.650061631203,-69.68258881031791,-69.68258881031791
2197.6600616312026,-69.68105866836515,-69.68105866836515
2197.6700616312028,-69.67955115834296,-69.67955115834296
2197.6800616312025,-69.67806631422984,-69.67806631422984
2197.6900616312028,-69.67660416875962,-69.67660416875962
2197.7000616312025,-69.67516475339083,-69.67516475339083
2197.7100616312027,-69.67374203184971,-69.67374203184971
2197.7200616312025,-69.67233338341408,-69.67233338341408
2197.7300616312027,-69.67093755131329,-69.67093755131329
2197.7400616312025,-69.66955390916884,-69.66955390916884
2197.7500616312027,-69.66818218117443,-69.66818218117443
2197.760061631203,-69.66682229681041,-69.66682229681041
2197.7700616312027,-69.66547430561451,-69.66547430561451
2197.780061631203,-69.66413832596088,-69.66413832596088
2197.7900616312027,-69.66281451422711,-69.66281451422711
2197.800061631203,-69.66150304629737,-69.66150304629737
2197.8100616312026,-69.66020410654023,-69.66020410654023
2197.820061631203,-69.65891788133942,-69.65891788133942
2197.8300616312026,-69.65764455537779,-69.65764455537779
2197.840061631203,-69.65638430963922,-69.65638430963922
2197.8500616312026,-69.65513732040559,-69.65513732040559
2197.860061631203,-69.65390375885532,-69.65390375885532
2197.8700616312026,-69.65268379104863,-69.65268379104863
2197.880061631203,-69.65147757806582,-69.65147757806582
2197.8900616312026,-69.65028527628476,-69.65028527628476
2197.900061631203,-69.64910703766435,-69.64910703766435
2197.9100616312026,-69.6479430100652,-69.6479430100652
2197.9200616312028,-69.64679333752622,-69.64679333752622
2197.9300616312025,-69.64565816055739,-69.64565816055739
2197.9400616312028,-69.64453761635463,-69.64453761635463
2197.9500616312025,-69.64343183904239,-69.64343183904239
2197.9600616312027,-69.64234095984023,-69.64234095984023
2197.9700616312025,-69.64126510724859,-69.64126510724859
2197.9800616312027,-69.64020440716554,-69.64020440716554
2197.9900616312025,-69.6391589830129,-69.6391589830129
2198.0000616312027,-69.63812895586251,-69.63812895586251
2198.010061631203,-69.63711444448529,-69.63711444448529
2198.0200616312027,-69.63611556545618,-69.63611556545618
2198.030061631203,-69.63513243318529,-69.63513243318529
2198.0400616312027,-69.63416516000825,-69.63416516000825
2198.050061631203,-69.63321385618762,-69.63321385618762
2198.0600616312026,-69.63227862999672,-69.63227862999672
2198.070061631203,-69.63135958770305,-69.63135958770305
2198.0800616312026,-69.6304568336382,-69.6304568336382
2198.090061631203,-69.6295704701904,-69.6295704701904
2198.1000616550446,-69.62870059578412,-69.62870059578412
2198.110061655045,-69.62784731318666,-69.62784731318666
2198.1200616550445,-69.62701071694545,-69.62701071694545
2198.1300616550448,-69.62619090191393,-69.62619090191393
2198.1400616550445,-69.62538796105802,-69.62538796105802
2198.1500616550447,-69.62460198551494,-69.62460198551494
2198.1600616550445,-69.62383306457025,-69.62383306457025
2198.1700616550447,-69.62308128567604,-69.62308128567604
2198.1800616550445,-69.62234673446721,-69.62234673446721
2198.1900616550447,-69.6216294947626,-69.6216294947626
2198.2000616550445,-69.6209296485855,-69.6209296485855
2198.2100616550447,-69.6202472761487,-69.6202472761487
2198.2200616550444,-69.61958245587795,-69.61958245587795
2198.2300616550447,-69.61893526441604,-69.61893526441604
2198.2400616550444,-69.61830577663487,-69.61830577663487
2198.2500616550446,-69.61769406563238,-69.61769406563238
2198.2600616550444,-69.61710020275628,-69.61710020275628
2198.2700616550446,-69.61652425759522,-69.61652425759522
2198.2800616550444,-69.61596629801159,-69.61596629801159
2198.2900616550446,-69.6154263901301,-69.6154263901301
2198.3000616550444,-69.61490459834965,-69.61490459834965
2198.3100616550446,-69.6144009853643,-69.6144009853643
2198.3200616550444,-69.61391561217738,-69.61391561217738
2198.3300616550446,-69.61344853808657,-69.61344853808657
2198.3400616550443,-69.6129998207243,-69.6129998207243
2198.3500616550446,-69.61256951604135,-69.61256951604135
2198.360061655045,-69.61215767835289,-69.61215767835289
2198.3700616550445,-69.61176436031327,-69.61176436031327
2198.3800616550448,-69.61138961295202,-69.61138961295202
2198.3900616550445,-69.61103348570343,-69.61103348570343
2198.4000616550447,-69.6106960263657,-69.6106960263657
2198.4100616550445,-69.61037728115292,-69.61037728115292
2198.4200616550447,-69.61007729471034,-69.61007729471034
2198.4300616550445,-69.60979611012351,-69.60979611012351
2198.4400616550447,-69.60953376891595,-69.60953376891595
2198.4500616550445,-69.60929031108122,-69.60929031108122
2198.4600616550447,-69.60906577508638,-69.60906577508638
2198.4700616550444,-69.60886019790689,-69.60886019790689
2198.4800616550447,-69.60867361501167,-69.60867361501167
2198.4900616550444,-69.60850606039467,-69.60850606039467
2198.5000616550446,-69.60835756659488,-69.60835756659488
2198.5100616550444,-69.6082281647009,-69.6082281647009
2198.5200616550446,-69.6081178843619,-69.6081178843619
2198.5300616550444,-69.60802675383088,-69.60802675383088
2198.5400616550446,-69.60795479993895,-69.60795479993895
2198.5500616550444,-69.60790204816061,-69.60790204816061
2198.5600616550446,-69.60786852256606,-69.60786852256606
2198.5700616550444,-69.60785424590122,-69.60785424590122
2198.5800616550446,-69.60785923955967,-69.60785923955967
2198.5900616550443,-69.60788352362123,-69.60788352362123
2198.6000616550446,-69.60792711686138,-69.60792711686138
2198.610061655045,-69.60799003675429,-69.60799003675429
2198.6200616550445,-69.60807229950666,-69.60807229950666
2198.6300616550448,-69.60817392007618,-69.60817392007618
2198.6400616550445,-69.60829491216666,-69.60829491216666
2198.6500616550447,-69.60843528826155,-69.60843528826155
2198.6600616550445,-69.60859505963862,-69.60859505963862
2198.6700616550447,-69.6087742363701,-69.6087742363701
2198.6800616550445,-69.60897282735672,-69.60897282735672
2198.6900616550447,-69.60919084033642,-69.60919084033642
2198.7000616550445,-69.60942828189849,-69.60942828189849
2198.7100616550447,-69.60968515750392,-69.60968515750392
2198.7200616550444,-69.60996147149507,-69.60996147149507
2198.7300616550447,-69.61025722711034,-69.61025722711034
2198.7400616550444,-69.61057242651997,-69.61057242651997
2198.7500616550446,-69.61090707080125,-69.61090707080125
2198.7600616550444,-69.61126115999765,-69.61126115999765
2198.7700616550446,-69.611634693096,-69.611634693096
2198.7800616550444,-69.61202766807395,-69.61202766807395
2198.7900616550446,-69.61244008189134,-69.61244008189134
2198.8000616550444,-69.61287193051517,-69.61287193051517
2198.8100616550446,-69.61332320894604,-69.61332320894604
2198.8200616550444,-69.61379391119723,-69.61379391119723
2198.8300616550446,-69.61428403035231,-69.61428403035231
2198.8400616550443,-69.6147935585546,-69.6147935585546
2198.8500616550446,-69.61532248701589,-69.61532248701589
2198.860061655045,-69.61587080604804,-69.61587080604804
2198.8700616550445,-69.61643850508301,-69.61643850508301
2198.8800616550448,-69.61702557265102,-69.61702557265102
2198.8900616550445,-69.617631996433,-69.617631996433
2198.9000616550447,-69.61825776325327,-69.61825776325327
2198.9100616550445,-69.61890285910108,-69.61890285910108
2198.9200616550447,-69.61956726914009,-69.61956726914009
2198.9300616550445,-69.62025097772653,-69.62025097772653
2198.9400616550447,-69.62095396841191,-69.62095396841191
2198.9500616788864,-69.6216762257058,-69.6216762257058
2198.9600616788866,-69.62241772822804,-69.62241772822804
2198.9700616788864,-69.62317845884282,-69.62317845884282
2198.9800616788866,-69.62395839807351,-69.62395839807351
2198.9900616788864,-69.62475752568423,-69.62475752568423
2199.0000616788866,-69.62557582071767,-69.62557582071767
2199.0100616788864,-69.62641326151586,-69.62641326151586
2199.0200616788866,-69.62726982571546,-69.62726982571546
2199.0300616788863,-69.62814549027591,-69.62814549027591
2199.0400616788866,-69.62904023146865,-69.62904023146865
2199.0500616788863,-69.62995402492903,-69.62995402492903
2199.0600616788865,-69.6308868456263,-69.6308868456263
2199.0700616788863,-69.63183866789569,-69.63183866789569
2199.0800616788865,-69.63280946544839,-69.63280946544839
2199.0900616788863,-69.63379921138224,-69.63379921138224
2199.1000616788865,-69.63480787818293,-69.63480787818293
2199.1100616788863,-69.6358354377594,-69.6358354377594
2199.1200616788865,-69.63688186141837,-69.63688186141837
2199.1300616788862,-69.63794711991714,-69.63794711991714
2199.1400616788865,-69.63903118343443,-69.63903118343443
2199.1500616788862,-69.64013402160246,-69.64013402160246
2199.1600616788864,-69.64125560351863,-69.64125560351863
2199.170061678886,-69.64239589775225,-69.64239589775225
2199.1800616788864,-69.6435548723415,-69.6435548723415
2199.190061678886,-69.64473249482784,-69.64473249482784
2199.2000616788864,-69.64592873224473,-69.64592873224473
2199.2100616788866,-69.6471435511382,-69.6471435511382
2199.2200616788864,-69.64837691757087,-69.64837691757087
2199.2300616788866,-69.64962879713381,-69.64962879713381
2199.2400616788864,-69.65089915496127,-69.65089915496127
2199.2500616788866,-69.65218795572282,-69.65218795572282
2199.2600616788864,-69.6534951636539,-69.6534951636539
2199.2700616788866,-69.65482074255178,-69.65482074255178
2199.2800616788863,-69.65616465578967,-69.65616465578967
2199.2900616788866,-69.6575268663098,-69.6575268663098
2199.3000616788863,-69.65890733666495,-69.65890733666495
2199.3100616788865,-69.66030602899468,-69.66030602899468
2199.3200616788863,-69.66172290505112,-69.66172290505112
2199.3300616788865,-69.66315792619874,-69.66315792619874
2199.3400616788863,-69.66461105342438,-69.66461105342438
2199.3500616788865,-69.66608224735008,-69.66608224735008
2199.3600616788863,-69.66757146823775,-69.66757146823775
2199.3700616788865,-69.66907867599541,-69.66907867599541
2199.3800616788862,-69.6706038301762,-69.6706038301762
2199.3900616788865,-69.67214689001047,-69.67214689001047
2199.4000616788862,-69.67370781439449,-69.67370781439449
2199.4100616788864,-69.67528656189342,-69.67528656189342
2199.420061678886,-69.67688309076598,-69.67688309076598
2199.4300616788864,-69.6784973589627,-69.6784973589627
2199.440061678886,-69.68012932412479,-69.68012932412479
2199.4500616788864,-69.68177894360679,-69.68177894360679
2199.4600616788866,-69.68344010319099,-69.68344010319099
2199.4700616788864,-69.68511010397066,-69.68511010397066
2199.4800616788866,-69.68678761198828,-69.68678761198828
2199.4900616788864,-69.68847192489262,-69.68847192489262
2199.5000616788866,-69.69016269213488,-69.69016269213488
2199.5100616788864,-69.69185976963797,-69.69185976963797
2199.5200616788866,-69.69356313455876,-69.69356313455876
2199.5300616788863,-69.69527283407196,-69.69527283407196
2199.5400616788866,-69.69698895454285,-69.69698895454285
2199.5500616788863,-69.69871160304955,-69.69871160304955
2199.5600616788865,-69.70044089634075,-69.70044089634075
2199.5700616788863,-69.70217695437994,-69.70217695437994
2199.5800616788865,-69.70391989660885,-69.70391989660885
2199.5900616788863,-69.70566983995661,-69.70566983995661
2199.6000616788865,-69.70742689781275,-69.70742689781275
2199.6100616788863,-69.70919117964026,-69.70919117964026
2199.6200616788865,-69.71096279091984,-69.71096279091984
2199.6300616788862,-69.71274183330553,-69.71274183330553
2199.6400616788865,-69.71452840486535,-69.71452840486535
2199.6500616788862,-69.71632260037809,-69.71632260037809
2199.6600616788864,-69.71812451160812,-69.71812451160812
2199.670061678886,-69.71993422762418,-69.71993422762418
2199.6800616788864,-69.7217518350238,-69.7217518350238
2199.690061678886,-69.72357741818074,-69.72357741818074
2199.7000616788864,-69.7254110594512,-69.7254110594512
2199.7100616788866,-69.72725283934228,-69.72725283934228
2199.7200616788864,-69.72910283667986,-69.72910283667986
2199.7300616788866,-69.73096112871819,-69.73096112871819
2199.7400616788864,-69.73282779127491,-69.73282779127491
2199.7500616788866,-69.73470289879712,-69.73470289879712
2199.7600616788864,-69.73658652445945,-69.73658652445945
2199.7700616788866,-69.73847874020348,-69.73847874020348
2199.7800616788863,-69.74037961681698,-69.74037961681698
2199.7900616788866,-69.74228922395802,-69.74228922395802
2199.8000617027283,-69.74420763477256,-69.74420763477256
2199.8100617027285,-69.74613490766144,-69.74613490766144
2199.8200617027283,-69.74807111360086,-69.74807111360086
2199.8300617027285,-69.75001631804734,-69.75001631804734
2199.8400617027282,-69.75197058543554,-69.75197058543554
2199.8500617027285,-69.7539339791878,-69.7539339791878
2199.860061702728,-69.75590656174607,-69.75590656174607
2199.8700617027284,-69.75788839454574,-69.75788839454574
2199.880061702728,-69.7598795380365,-69.7598795380365
2199.8900617027284,-69.76188005168476,-69.76188005168476
2199.900061702728,-69.76388999396936,-69.76388999396936
2199.9100617027284,-69.76590942239895,-69.76590942239895
2199.920061702728,-69.7679383934691,-69.7679383934691
2199.9300617027284,-69.76997696268828,-69.76997696268828
2199.940061702728,-69.7720251845825,-69.7720251845825
2199.9500617027284,-69.77408311268523,-69.77408311268523
2199.960061702728,-69.77614471980132,-69.77614471980132
2199.9700617027283,-69.7782073975612,-69.7782073975612
2199.980061702728,-69.7802699035707,-69.7802699035707
2199.9900617027283,-69.7823316271769,-69.7823316271769
2200.000061702728,-69.78439230928149,-69.78439230928149
2200.0100617027283,-69.786451896818,-69.786451896818
2200.020061702728,-69.78851045741763,-69.78851045741763
2200.0300617027283,-69.79056812811008,-69.79056812811008
2200.040061702728,-69.79262508446975,-69.79262508446975
2200.0500617027283,-69.7946815220833,-69.7946815220833
2200.0600617027285,-69.79673764554775,-69.79673764554775
2200.0700617027283,-69.79879366192357,-69.79879366192357
2200.0800617027285,-69.80084977704885,-69.80084977704885
2200.0900617027282,-69.80290619349923,-69.80290619349923
2200.1000617027285,-69.80496310957511,-69.80496310957511
2200.110061702728,-69.80702071889395,-69.80702071889395
2200.1200617027284,-69.80907921033081,-69.80907921033081
2200.130061702728,-69.8111387681857,-69.8111387681857
2200.1400617027284,-69.81319957238362,-69.81319957238362
2200.150061702728,-69.8152617988041,-69.8152617988041
2200.1600617027284,-69.81732561953501,-69.81732561953501
2200.170061702728,-69.819391203173,-69.819391203173
2200.1800617027284,-69.82145871507971,-69.82145871507971
2200.190061702728,-69.82352831759987,-69.82352831759987
2200.2000617027284,-69.82560017026489,-69.82560017026489
2200.210061702728,-69.82767442999834,-69.82767442999834
2200.2200617027283,-69.82975125122603,-69.82975125122603
2200.230061702728,-69.8318307860432,-69.8318307860432
2200.2400617027283,-69.83391318429406,-69.83391318429406
2200.250061702728,-69.835998593686,-69.835998593686
2200.2600617027283,-69.8380871598465,-69.8380871598465
2200.270061702728,-69.84017902642648,-69.84017902642648
2200.2800617027283,-69.84227433509776,-69.84227433509776
2200.290061702728,-69.84437322564526,-69.84437322564526
2200.3000617027283,-69.84647583598809,-69.84647583598809
2200.3100617027285,-69.84858230219737,-69.84858230219737
2200.3200617027283,-69.85069275853988,-69.85069275853988
2200.3300617027285,-69.85280733749191,-69.85280733749191
2200.3400617027282,-69.8549261697529,-69.8549261697529
2200.3500617027285,-69.85704938426066,-69.85704938426066
2200.360061702728,-69.85917710819756,-69.85917710819756
2200.3700617027284,-69.86130946700978,-69.86130946700978
2200.380061702728,-69.86344658439644,-69.86344658439644
2200.3900617027284,-69.86558858234018,-69.86558858234018
2200.400061702728,-69.86773558110367,-69.86773558110367
2200.4100617027284,-69.86988769921132,-69.86988769921132
2200.420061702728,-69.87204505348468,-69.87204505348468
2200.4300617027284,-69.87420775902889,-69.87420775902889
2200.440061702728,-69.87637592923988,-69.87637592923988
2200.4500617027284,-69.87854967580428,-69.87854967580428
2200.460061702728,-69.88072910872394,-69.88072910872394
2200.4700617027283,-69.88291433628125,-69.88291433628125
2200.480061702728,-69.88510546507872,-69.88510546507872
2200.4900617027283,-69.88730260002143,-69.88730260002143
2200.500061702728,-69.8895058443332,-69.8895058443332
2200.5100617027283,-69.89171529954614,-69.89171529954614
2200.520061702728,-69.8939310655435,-69.8939310655435
2200.5300617027283,-69.89615324050389,-69.89615324050389
2200.540061702728,-69.89838192096165,-69.89838192096165
2200.5500617027283,-69.90061720179766,-69.90061720179766
2200.5600617027285,-69.90285917623368,-69.90285917623368
2200.5700617027283,-69.90510793584674,-69.90510793584674
2200.5800617027285,-69.90736357058266,-69.90736357058266
2200.5900617027282,-69.90962616877177,-69.90962616877177
2200.6000617027285,-69.91189581710303,-69.91189581710303
2200.610061702728,-69.91417260067306,-69.91417260067306
2200.6200617027284,-69.91645660296501,-69.91645660296501
2200.630061702728,-69.91874790588668,-69.91874790588668
2200.6400617027284,-69.9210465897483,-69.9210465897483
2200.65006172657,-69.92335273880904,-69.92335273880904
2200.6600617265703,-69.92566641929216,-69.92566641929216
2200.67006172657,-69.92798771229218,-69.92798771229218
2200.6800617265703,-69.93031669192167,-69.93031669192167
2200.69006172657,-69.93265343076872,-69.93265343076872
2200.7000617265703,-69.93499799988993,-69.93499799988993
2200.71006172657,-69.93735046886688,-69.93735046886688
2200.7200617265703,-69.93971090575766,-69.93971090575766
2200.73006172657,-69.9420793771821,-69.9420793771821
2200.7400617265703,-69.94445594826438,-69.94445594826438
2200.75006172657,-69.9468406827058,-69.9468406827058
2200.7600617265703,-69.94923364274963,-69.94923364274963
2200.77006172657,-69.95163488921814,-69.95163488921814
2200.7800617265702,-69.9540444815384,-69.9540444815384
2200.79006172657,-69.95646247772524,-69.95646247772524
2200.80006172657,-69.95888893442219,-69.95888893442219
2200.81006172657,-69.96132390689986,-69.96132390689986
2200.82006172657,-69.9637674490683,-69.9637674490683
2200.83006172657,-69.96621961350367,-69.96621961350367
2200.84006172657,-69.9686804514558,-69.9686804514558
2200.85006172657,-69.97115001286133,-69.97115001286133
2200.86006172657,-69.97362834636101,-69.97362834636101
2200.87006172657,-69.97611549930633,-69.97611549930633
2200.88006172657,-69.97861151779145,-69.97861151779145
2200.89006172657,-69.98111644663435,-69.98111644663435
2200.90006172657,-69.98363032943584,-69.98363032943584
2200.9100617265703,-69.98615320855843,-69.98615320855843
2200.92006172657,-69.98868512515689,-69.98868512515689
2200.9300617265703,-69.99122611919003,-69.99122611919003
2200.94006172657,-69.99377622943406,-69.99377622943406
2200.9500617265703,-69.99633549348275,-69.99633549348275
2200.96006172657,-69.99890394780448,-69.99890394780448
2200.9700617265703,-70.00148162770752,-70.00148162770752
2200.98006172657,-70.00406856737635,-70.00406856737635
2200.9900617265703,-70.00666479989293,-70.00666479989293
2201.00006172657,-70.00927035724419,-70.00927035724419
2201.0100617265703,-70.0118852703189,-70.0118852703189
2201.02006172657,-70.01450956895073,-70.01450956895073
2201.0300617265702,-70.01714328191821,-70.01714328191821
2201.04006172657,-70.01978643695537,-70.01978643695537
2201.05006172657,-70.02243906077672,-70.02243906077672
2201.06006172657,-70.02510117907376,-70.02510117907376
2201.07006172657,-70.02777281654144,-70.02777281654144
2201.08006172657,-70.03045399689907,-70.03045399689907
2201.09006172657,-70.03314474288157,-70.03314474288157
2201.10006172657,-70.03584507627762,-70.03584507627762
2201.11006172657,-70.03855501791814,-70.03855501791814
2201.12006172657,-70.04127458771163,-70.04127458771163
2201.13006172657,-70.04400380464445,-70.04400380464445
2201.14006172657,-70.04674268680189,-70.04674268680189
2201.15006172657,-70.04949125136218,-70.04949125136218
2201.1600617265703,-70.05224951464034,-70.05224951464034
2201.17006172657,-70.05501749208227,-70.05501749208227
2201.1800617265703,-70.05779519827061,-70.05779519827061
2201.19006172657,-70.06058264695521,-70.06058264695521
2201.2000617265703,-70.06337985104514,-70.06337985104514
2201.21006172657,-70.0661868226399,-70.0661868226399
2201.2200617265703,-70.06900357303753,-70.06900357303753
2201.23006172657,-70.07183011273301,-70.07183011273301
2201.2400617265703,-70.07466645144501,-70.07466645144501
2201.25006172657,-70.07751259812832,-70.07751259812832
2201.2600617265703,-70.08036856097388,-70.08036856097388
2201.27006172657,-70.0832343474268,-70.0832343474268
2201.2800617265702,-70.08610996418604,-70.08610996418604
2201.29006172657,-70.0889954172566,-70.0889954172566
2201.30006172657,-70.09189071190852,-70.09189071190852
2201.31006172657,-70.09479585270745,-70.09479585270745
2201.32006172657,-70.09771084354443,-70.09771084354443
2201.33006172657,-70.10063568762581,-70.10063568762581
2201.34006172657,-70.10357038748417,-70.10357038748417
2201.35006172657,-70.10651494499346,-70.10651494499346
2201.36006172657,-70.10946936138822,-70.10946936138822
2201.37006172657,-70.1124336372573,-70.1124336372573
2201.38006172657,-70.11540777257456,-70.11540777257456
2201.39006172657,-70.11839176668522,-70.11839176668522
2201.40006172657,-70.12138561833096,-70.12138561833096
2201.4100617265703,-70.12438932565242,-70.12438932565242
2201.42006172657,-70.12740288621421,-70.12740288621421
2201.4300617265703,-70.13042629699139,-70.13042629699139
2201.44006172657,-70.13345955439169,-70.13345955439169
2201.4500617265703,-70.1365026542768,-70.1365026542768
2201.46006172657,-70.13955559194395,-70.13955559194395
2201.4700617265703,-70.1426183621533,-70.1426183621533
2201.48006172657,-70.14569095914509,-70.14569095914509
2201.4900617265703,-70.14877337662737,-70.14877337662737
2201.500061750412,-70.1518656151509,-70.1518656151509
2201.510061750412,-70.15496765273004,-70.15496765273004
2201.520061750412,-70.15807948885846,-70.15807948885846
2201.530061750412,-70.16120111525419,-70.16120111525419
2201.540061750412,-70.16433252314833,-70.16433252314833
2201.550061750412,-70.16747370329335,-70.16747370329335
2201.560061750412,-70.17062464598511,-70.17062464598511
2201.570061750412,-70.17378534106082,-70.17378534106082
2201.580061750412,-70.17695577791149,-70.17695577791149
2201.590061750412,-70.1801359454837,-70.1801359454837
2201.600061750412,-70.18332583229994,-70.18332583229994
2201.610061750412,-70.1865254264555,-70.1865254264555
2201.620061750412,-70.18973471562778,-70.18973471562778
2201.630061750412,-70.19295368708556,-70.19295368708556
2201.640061750412,-70.19618232769595,-70.19618232769595
2201.650061750412,-70.1994206239407,-70.1994206239407
2201.660061750412,-70.20266856190031,-70.20266856190031
2201.670061750412,-70.2059261272763,-70.2059261272763
2201.680061750412,-70.2091933054068,-70.2091933054068
2201.690061750412,-70.21247008124962,-70.21247008124962
2201.700061750412,-70.21575643941091,-70.21575643941091
2201.710061750412,-70.21905236415132,-70.21905236415132
2201.720061750412,-70.22235783937246,-70.22235783937246
2201.730061750412,-70.22567284863793,-70.22567284863793
2201.7400617504118,-70.2289973751736,-70.2289973751736
2201.750061750412,-70.23233140189004,-70.23233140189004
2201.760061750412,-70.23567491137382,-70.23567491137382
2201.770061750412,-70.23902788588087,-70.23902788588087
2201.780061750412,-70.24239030736881,-70.24239030736881
2201.790061750412,-70.24576215749457,-70.24576215749457
2201.800061750412,-70.24914341760885,-70.24914341760885
2201.810061750412,-70.25253406878257,-70.25253406878257
2201.820061750412,-70.25593409179302,-70.25593409179302
2201.830061750412,-70.25934346713264,-70.25934346713264
2201.840061750412,-70.26276217501942,-70.26276217501942
2201.850061750412,-70.26619019541504,-70.26619019541504
2201.860061750412,-70.26962750800044,-70.26962750800044
2201.870061750412,-70.27307409220222,-70.27307409220222
2201.880061750412,-70.27652992719821,-70.27652992719821
2201.890061750412,-70.27999499191415,-70.27999499191415
2201.900061750412,-70.28346926503045,-70.28346926503045
2201.910061750412,-70.28695272499357,-70.28695272499357
2201.920061750412,-70.29044535000195,-70.29044535000195
2201.930061750412,-70.29394711805053,-70.29394711805053
2201.940061750412,-70.29745800688038,-70.29745800688038
2201.950061750412,-70.30097799403465,-70.30097799403465
2201.960061750412,-70.30450705683523,-70.30450705683523
2201.970061750412,-70.30804517238936,-70.30804517238936
2201.980061750412,-70.31159231760087,-70.31159231760087
2201.9900617504118,-70.31514846917347,-70.31514846917347
2202.000061750412,-70.3187136036163,-70.3187136036163
2202.010061750412,-70.32228769724078,-70.32228769724078
2202.020061750412,-70.3258707261729,-70.3258707261729
2202.030061750412,-70.32946266633874,-70.32946266633874
2202.040061750412,-70.33306349351764,-70.33306349351764
2202.050061750412,-70.33667318327657,-70.33667318327657
2202.060061750412,-70.34029171103269,-70.34029171103269
2202.070061750412,-70.34391905202538,-70.34391905202538
2202.080061750412,-70.34755518133018,-70.34755518133018
2202.090061750412,-70.35120007385936,-70.35120007385936
2202.100061750412,-70.35485370437834,-70.35485370437834
2202.110061750412,-70.35851604749419,-70.35851604749419
2202.120061750412,-70.36218707765505,-70.36218707765505
2202.130061750412,-70.36586676917594,-70.36586676917594
2202.140061750412,-70.36955509622952,-70.36955509622952
2202.150061750412,-70.37325203283096,-70.37325203283096
2202.160061750412,-70.3769575528744,-70.3769575528744
2202.170061750412,-70.38067163011999,-70.38067163011999
2202.180061750412,-70.38439423819827,-70.38439423819827
2202.190061750412,-70.38812535061878,-70.38812535061878
2202.200061750412,-70.39186494075614,-70.39186494075614
2202.210061750412,-70.39561298187152,-70.39561298187152
2202.220061750412,-70.3993694471175,-70.3993694471175
2202.230061750412,-70.40313430951701,-70.40313430951701
2202.2400617504118,-70.40690754200297,-70.40690754200297
2202.250061750412,-70.41068911738681,-70.41068911738681
2202.260061750412,-70.41447900837876,-70.41447900837876
2202.270061750412,-70.41827718758543,-70.41827718758543
2202.280061750412,-70.42208362752,-70.42208362752
2202.290061750412,-70.42589830059596,-70.42589830059596
2202.300061750412,-70.42972117914171,-70.42972117914171
2202.310061750412,-70.4335522353772,-70.4335522353772
2202.320061750412,-70.4373914414558,-70.4373914414558
2202.330061750412,-70.44123876943554,-70.44123876943554
2202.340061750412,-70.4450941912929,-70.4450941912929
2202.350061774254,-70.4489576881295,-70.4489576881295
2202.360061774254,-70.45282921339454,-70.45282921339454
2202.370061774254,-70.45670874798041,-70.45670874798041
2202.380061774254,-70.46059626357548,-70.46059626357548
2202.390061774254,-70.46449173178029,-70.46449173178029
2202.400061774254,-70.46839512413098,-70.46839512413098
2202.410061774254,-70.47230641209934,-70.47230641209934
2202.420061774254,-70.47622556708772,-70.47622556708772
2202.4300617742538,-70.48015256045207,-70.48015256045207
2202.440061774254,-70.48408736347263,-70.48408736347263
2202.4500617742538,-70.48802994738479,-70.48802994738479
2202.460061774254,-70.49198028336258,-70.49198028336258
2202.4700617742537,-70.49593834253035,-70.49593834253035
2202.480061774254,-70.49990409596533,-70.49990409596533
2202.4900617742537,-70.50387751469033,-70.50387751469033
2202.500061774254,-70.50785856968906,-70.50785856968906
2202.5100617742537,-70.51184723190825,-70.51184723190825
2202.520061774254,-70.51584347222948,-70.51584347222948
2202.5300617742537,-70.51984726152013,-70.51984726152013
2202.540061774254,-70.52385857058843,-70.52385857058843
2202.5500617742537,-70.52787737022732,-70.52787737022732
2202.560061774254,-70.53190363117824,-70.53190363117824
2202.5700617742536,-70.53593732415581,-70.53593732415581
2202.580061774254,-70.5399784198414,-70.5399784198414
2202.5900617742536,-70.54402688889596,-70.54402688889596
2202.600061774254,-70.54808270194331,-70.54808270194331
2202.610061774254,-70.5521458295902,-70.5521458295902
2202.620061774254,-70.55621624241893,-70.55621624241893
2202.630061774254,-70.56029391097859,-70.56029391097859
2202.640061774254,-70.56437880580897,-70.56437880580897
2202.650061774254,-70.56847089741983,-70.56847089741983
2202.660061774254,-70.572570156327,-70.572570156327
2202.670061774254,-70.57667655300045,-70.57667655300045
2202.6800617742538,-70.58079005791254,-70.58079005791254
2202.690061774254,-70.58491064152153,-70.58491064152153
2202.7000617742538,-70.58903827427979,-70.58903827427979
2202.710061774254,-70.59317292661595,-70.59317292661595
2202.7200617742537,-70.5973145689556,-70.5973145689556
2202.730061774254,-70.60146317172331,-70.60146317172331
2202.7400617742537,-70.60561870533563,-70.60561870533563
2202.750061774254,-70.60978114020213,-70.60978114020213
2202.7600617742537,-70.61395044672996,-70.61395044672996
2202.770061774254,-70.6181265953286,-70.6181265953286
2202.7800617742537,-70.62230955640176,-70.62230955640176
2202.790061774254,-70.62649930035617,-70.62649930035617
2202.8000617742537,-70.63069579759821,-70.63069579759821
2202.810061774254,-70.63489901854044,-70.63489901854044
2202.8200617742536,-70.63910893360858,-70.63910893360858
2202.830061774254,-70.6433255132229,-70.6433255132229
2202.8400617742536,-70.6475487278091,-70.6475487278091
2202.850061774254,-70.65177854780646,-70.65177854780646
2202.860061774254,-70.65601494366736,-70.65601494366736
2202.870061774254,-70.66025788585246,-70.66025788585246
2202.880061774254,-70.66450734482653,-70.66450734482653
2202.890061774254,-70.66876329107862,-70.66876329107862
2202.900061774254,-70.67302569510122,-70.67302569510122
2202.910061774254,-70.67729452740801,-70.67729452740801
2202.920061774254,-70.68156975852708,-70.68156975852708
2202.9300617742538,-70.68585135900345,-70.68585135900345
2202.940061774254,-70.69013929939726,-70.69013929939726
2202.9500617742538,-70.69443355030026,-70.69443355030026
2202.960061774254,-70.69873408229788,-70.69873408229788
2202.9700617742537,-70.70304086602405,-70.70304086602405
2202.980061774254,-70.70735387211991,-70.70735387211991
2202.9900617742537,-70.71167307124837,-70.71167307124837
2203.000061774254,-70.71599843410152,-70.71599843410152
2203.0100617742537,-70.72032993139591,-70.72032993139591
2203.020061774254,-70.72466753388133,-70.72466753388133
2203.0300617742537,-70.72901121231311,-70.72901121231311
2203.040061774254,-70.73336093748381,-70.73336093748381
2203.0500617742537,-70.7377166802151,-70.7377166802151
2203.060061774254,-70.74207841136568,-70.74207841136568
2203.0700617742536,-70.746446101808,-70.746446101808
2203.080061774254,-70.75081972245256,-70.75081972245256
2203.0900617742536,-70.75519924424543,-70.75519924424543
2203.100061774254,-70.75958463815907,-70.75958463815907
2203.110061774254,-70.76397587519298,-70.76397587519298
2203.120061774254,-70.76837292639452,-70.76837292639452
2203.130061774254,-70.77277576283095,-70.77277576283095
2203.140061774254,-70.77718435560644,-70.77718435560644
2203.150061774254,-70.78159867586882,-70.78159867586882
2203.160061774254,-70.78601869480278,-70.78601869480278
2203.170061774254,-70.79044438361485,-70.79044438361485
2203.1800617742538,-70.79487571357389,-70.79487571357389
2203.190061774254,-70.79931265596043,-70.79931265596043
2203.2000617980957,-70.8037551926867,-70.8037551926867
2203.210061798096,-70.80820327399832,-70.80820327399832
2203.2200617980957,-70.81265688183446,-70.81265688183446
2203.230061798096,-70.81711598766341,-70.81711598766341
2203.2400617980957,-70.8215805629765,-70.8215805629765
2203.250061798096,-70.82605057930628,-70.82605057930628
2203.2600617980956,-70.83052600823787,-70.83052600823787
2203.270061798096,-70.83500682138255,-70.83500682138255
2203.2800617980956,-70.83949299041326,-70.83949299041326
2203.290061798096,-70.84398448702753,-70.84398448702753
2203.3000617980956,-70.84848128298697,-70.84848128298697
2203.310061798096,-70.85298335008073,-70.85298335008073
2203.3200617980956,-70.85749066016001,-70.85749066016001
2203.330061798096,-70.8620031851006,-70.8620031851006
2203.3400617980956,-70.86652089685118,-70.86652089685118
2203.350061798096,-70.87104376738831,-70.87104376738831
2203.3600617980956,-70.8755717687512,-70.8755717687512
2203.370061798096,-70.88010487301314,-70.88010487301314
2203.3800617980955,-70.88464305230112,-70.88464305230112
2203.3900617980958,-70.88918627879131,-70.88918627879131
2203.4000617980955,-70.89373452471355,-70.89373452471355
2203.4100617980957,-70.89828776233348,-70.89828776233348
2203.4200617980955,-70.90284596398736,-70.90284596398736
2203.4300617980957,-70.9074091020467,-70.9074091020467
2203.4400617980955,-70.91197714894243,-70.91197714894243
2203.4500617980957,-70.9165500771587,-70.9165500771587
2203.460061798096,-70.921121672456,-70.921121672456
2203.4700617980957,-70.92568919491697,-70.92568919491697
2203.480061798096,-70.9302512939097,-70.9302512939097
2203.4900617980957,-70.93480726207815,-70.93480726207815
2203.500061798096,-70.93935675058864,-70.93935675058864
2203.5100617980956,-70.94389962131969,-70.94389962131969
2203.520061798096,-70.94843586014254,-70.94843586014254
2203.5300617980956,-70.95296552490184,-70.95296552490184
2203.540061798096,-70.9574887140553,-70.9574887140553
2203.5500617980956,-70.96200554791021,-70.96200554791021
2203.560061798096,-70.96651615738236,-70.96651615738236
2203.5700617980956,-70.97102067741444,-70.97102067741444
2203.580061798096,-70.97551924317946,-70.97551924317946
2203.5900617980956,-70.98001198800334,-70.98001198800334
2203.600061798096,-70.98449904231387,-70.98449904231387
2203.6100617980956,-70.98898053320912,-70.98898053320912
2203.620061798096,-70.99345658436621,-70.99345658436621
2203.6300617980955,-70.99792731619533,-70.99792731619533
2203.6400617980958,-71.00239284601643,-71.00239284601643
2203.6500617980955,-71.00685328837653,-71.00685328837653
2203.6600617980957,-71.0113087552808,-71.0113087552808
2203.6700617980955,-71.01575935650048,-71.01575935650048
2203.6800617980957,-71.02020519976746,-71.02020519976746
2203.6900617980955,-71.02464639101842,-71.02464639101842
2203.7000617980957,-71.02908303457988,-71.02908303457988
2203.710061798096,-71.03351523332762,-71.03351523332762
2203.7200617980957,-71.03794308881913,-71.03794308881913
2203.730061798096,-71.04236670141242,-71.04236670141242
2203.7400617980957,-71.04678617037104,-71.04678617037104
2203.750061798096,-71.05120159392936,-71.05120159392936
2203.7600617980956,-71.0556130693606,-71.0556130693606
2203.770061798096,-71.06002069304256,-71.06002069304256
2203.7800617980956,-71.06442456048097,-71.06442456048097
2203.790061798096,-71.06882476634107,-71.06882476634107
2203.8000617980956,-71.07322140448333,-71.07322140448333
2203.810061798096,-71.07761456796979,-71.07761456796979
2203.8200617980956,-71.08200434907778,-71.08200434907778
2203.830061798096,-71.08639083932745,-71.08639083932745
2203.8400617980956,-71.09077412944616,-71.09077412944616
2203.850061798096,-71.09515430940576,-71.09515430940576
2203.8600617980956,-71.09953146840282,-71.09953146840282
2203.870061798096,-71.10390569486144,-71.10390569486144
2203.8800617980955,-71.10827707642594,-71.10827707642594
2203.8900617980958,-71.11264569996065,-71.11264569996065
2203.9000617980955,-71.11701165152479,-71.11701165152479
2203.9100617980957,-71.12137501638236,-71.12137501638236
2203.9200617980955,-71.12573587899983,-71.12573587899983
2203.9300617980957,-71.13009432301466,-71.13009432301466
2203.9400617980955,-71.13445043125095,-71.13445043125095
2203.9500617980957,-71.13880428568838,-71.13880428568838
2203.960061798096,-71.14315596748116,-71.14315596748116
2203.9700617980957,-71.14750555692588,-71.14750555692588
2203.980061798096,-71.15185313346366,-71.15185313346366
2203.9900617980957,-71.15619877567033,-71.15619877567033
2204.000061798096,-71.16054256125858,-71.16054256125858
2204.0100617980956,-71.16488456706449,-71.16488456706449
2204.020061798096,-71.16922486903528,-71.16922486903528
2204.0300617980956,-71.17356354223983,-71.17356354223983
2204.040061798096,-71.17790066084649,-71.17790066084649
2204.0500618219376,-71.18223630846234,-71.18223630846234
2204.060061821938,-71.18657053681348,-71.18657053681348
2204.0700618219375,-71.19090342769006,-71.19090342769006
2204.0800618219378,-71.19523505165131,-71.19523505165131
2204.0900618219375,-71.19956547836514,-71.19956547836514
2204.1000618219377,-71.20389477656914,-71.20389477656914
2204.1100618219375,-71.20822301410463,-71.20822301410463
2204.1200618219377,-71.21255025788443,-71.21255025788443
2204.1300618219375,-71.21687657392013,-71.21687657392013
2204.1400618219377,-71.22120202730052,-71.22120202730052
2204.1500618219375,-71.22552668220196,-71.22552668220196
2204.1600618219377,-71.22985060188996,-71.22985060188996
2204.1700618219375,-71.23417384873207,-71.23417384873207
2204.1800618219377,-71.23849648416586,-71.23849648416586
2204.1900618219374,-71.24281856872682,-71.24281856872682
2204.2000618219377,-71.2471401620508,-71.2471401620508
2204.2100618219374,-71.25146132286423,-71.25146132286423
2204.2200618219376,-71.25578210899987,-71.25578210899987
2204.2300618219374,-71.26010257739759,-71.26010257739759
2204.2400618219376,-71.26442278410205,-71.26442278410205
2204.2500618219374,-71.26874278426834,-71.26874278426834
2204.2600618219376,-71.27306263215779,-71.27306263215779
2204.2700618219374,-71.27738238116788,-71.27738238116788
2204.2800618219376,-71.28170208382113,-71.28170208382113
2204.2900618219373,-71.28602179176879,-71.28602179176879
2204.3000618219376,-71.29034155579038,-71.29034155579038
2204.310061821938,-71.29466142581128,-71.29466142581128
2204.3200618219375,-71.29898145090806,-71.29898145090806
2204.3300618219378,-71.30330167930396,-71.30330167930396
2204.3400618219375,-71.30762215838865,-71.30762215838865
2204.3500618219377,-71.31194293471022,-71.31194293471022
2204.3600618219375,-71.31626405399474,-71.31626405399474
2204.3700618219377,-71.32058556114086,-71.32058556114086
2204.3800618219375,-71.32490750022868,-71.32490750022868
2204.3900618219377,-71.32922991454141,-71.32922991454141
2204.4000618219375,-71.33355284655839,-71.33355284655839
2204.4100618219377,-71.3378763379535,-71.3378763379535
2204.4200618219375,-71.34220042963031,-71.34220042963031
2204.4300618219377,-71.34652516169693,-71.34652516169693
2204.4400618219374,-71.35085057350572,-71.35085057350572
2204.4500618219377,-71.35517670362643,-71.35517670362643
2204.4600618219374,-71.35950358988066,-71.35950358988066
2204.4700618219376,-71.3638312693343,-71.3638312693343
2204.4800618219374,-71.36815977831499,-71.36815977831499
2204.4900618219376,-71.37248915241418,-71.37248915241418
2204.5000618219374,-71.37681942649608,-71.37681942649608
2204.5100618219376,-71.38115063470593,-71.38115063470593
2204.5200618219374,-71.38548281047403,-71.38548281047403
2204.5300618219376,-71.38981598653203,-71.38981598653203
2204.5400618219373,-71.39415019490865,-71.39415019490865
2204.5500618219376,-71.39848546694134,-71.39848546694134
2204.560061821938,-71.40282183329899,-71.40282183329899
2204.5700618219375,-71.40715932396337,-71.40715932396337
2204.5800618219378,-71.4114979682576,-71.4114979682576
2204.5900618219375,-71.41583779485099,-71.41583779485099
2204.6000618219377,-71.42017883175191,-71.42017883175191
2204.6100618219375,-71.42452110633374,-71.42452110633374
2204.6200618219377,-71.42886464533866,-71.42886464533866
2204.6300618219375,-71.43320947487715,-71.43320947487715
2204.6400618219377,-71.43755562043782,-71.43755562043782
2204.6500618219375,-71.44190310690328,-71.44190310690328
2204.6600618219377,-71.44625195854674,-71.44625195854674
2204.6700618219375,-71.4506021990521,-71.4506021990521
2204.6800618219377,-71.4549538515079,-71.4549538515079
2204.6900618219374,-71.45930693842655,-71.45930693842655
2204.7000618219377,-71.46366148174161,-71.46366148174161
2204.7100618219374,-71.46801126796251,-71.46801126796251
2204.7200618219376,-71.47235358390722,-71.47235358390722
2204.7300618219374,-71.47668711573338,-71.47668711573338
2204.7400618219376,-71.48101119720776,-71.48101119720776
2204.7500618219374,-71.4853255227946,-71.4853255227946
2204.7600618219376,-71.4896299986957,-71.4896299986957
2204.7700618219374,-71.49392465553423,-71.49392465553423
2204.7800618219376,-71.49820959591241,-71.49820959591241
2204.7900618219373,-71.5024849628652,-71.5024849628652
2204.8000618219376,-71.50675092092473,-71.50675092092473
2204.810061821938,-71.51100764485676,-71.51100764485676
2204.8200618219375,-71.51525531298151,-71.51525531298151
2204.8300618219378,-71.51949410338727,-71.51949410338727
2204.8400618219375,-71.52372419182268,-71.52372419182268
2204.8500618219377,-71.52794575065178,-71.52794575065178
2204.8600618219375,-71.53215894841071,-71.53215894841071
2204.8700618219377,-71.53636394973984,-71.53636394973984
2204.8800618219375,-71.54056091549049,-71.54056091549049
2204.8900618219377,-71.54475000297458,-71.54475000297458
2204.9000618457794,-71.54893137618407,-71.54893137618407
2204.9100618457796,-71.55310516623517,-71.55310516623517
2204.9200618457794,-71.55727153141552,-71.55727153141552
2204.9300618457796,-71.56143061754372,-71.56143061754372
2204.9400618457794,-71.56558256819197,-71.56558256819197
2204.9500618457796,-71.56972752485606,-71.56972752485606
2204.9600618457794,-71.57386562713398,-71.57386562713398
2204.9700618457796,-71.57799701285512,-71.57799701285512
2204.9800618457793,-71.5821218182267,-71.5821218182267
2204.9900618457796,-71.58624017789734,-71.58624017789734
2205.0000618457793,-71.59035222507377,-71.59035222507377
2205.0100618457795,-71.59445809157283,-71.59445809157283
2205.0200618457793,-71.59855790788517,-71.59855790788517
2205.0300618457795,-71.60265180320626,-71.60265180320626
2205.0400618457793,-71.60673990548716,-71.60673990548716
2205.0500618457795,-71.61082234145572,-71.61082234145572
2205.0600618457793,-71.61489923665019,-71.61489923665019
2205.0700618457795,-71.61897071540368,-71.61897071540368
2205.0800618457793,-71.62303690090106,-71.62303690090106
2205.0900618457795,-71.62709791515557,-71.62709791515557
2205.1000618457792,-71.63115387902654,-71.63115387902654
2205.1100618457795,-71.63520491219931,-71.63520491219931
2205.120061845779,-71.63925113323613,-71.63925113323613
2205.1300618457794,-71.64329265951432,-71.64329265951432
2205.140061845779,-71.64732960727962,-71.64732960727962
2205.1500618457794,-71.65136209159697,-71.65136209159697
2205.1600618457796,-71.6553902263818,-71.6553902263818
2205.1700618457794,-71.65941412438103,-71.65941412438103
2205.1800618457796,-71.6634338971657,-71.6634338971657
2205.1900618457794,-71.66744965513578,-71.66744965513578
2205.2000618457796,-71.67146150751269,-71.67146150751269
2205.2100618457794,-71.67546331000621,-71.67546331000621
2205.2200618457796,-71.67945242828054,-71.67945242828054
2205.2300618457793,-71.68342763075047,-71.68342763075047
2205.2400618457796,-71.68738833464909,-71.68738833464909
2205.2500618457793,-71.6913343183025,-71.6913343183025
2205.2600618457795,-71.69526557171261,-71.69526557171261
2205.2700618457793,-71.69918220898134,-71.69918220898134
2205.2800618457795,-71.70308441571396,-71.70308441571396
2205.2900618457793,-71.70697241736883,-71.70697241736883
2205.3000618457795,-71.71084646027988,-71.71084646027988
2205.3100618457793,-71.71470680031992,-71.71470680031992
2205.3200618457795,-71.71855369620681,-71.71855369620681
2205.3300618457793,-71.72238740571386,-71.72238740571386
2205.3400618457795,-71.726208183547,-71.726208183547
2205.3500618457792,-71.73001628027123,-71.73001628027123
2205.3600618457795,-71.73381194187209,-71.73381194187209
2205.370061845779,-71.73759540968848,-71.73759540968848
2205.3800618457794,-71.74136692050608,-71.74136692050608
2205.390061845779,-71.74512670681965,-71.74512670681965
2205.4000618457794,-71.74887499707489,-71.74887499707489
2205.4100618457796,-71.75261201594955,-71.75261201594955
2205.4200618457794,-71.75633798462842,-71.75633798462842
2205.4300618457796,-71.76005312103085,-71.76005312103085
2205.4400618457794,-71.76375764005877,-71.76375764005877
2205.4500618457796,-71.76745175376273,-71.76745175376273
2205.4600618457794,-71.77112941166604,-71.77112941166604
2205.4700618457796,-71.77478807670308,-71.77478807670308
2205.4800618457793,-71.77842661525328,-71.77842661525328
2205.4900618457796,-71.78204454225916,-71.78204454225916
2205.5000618457793,-71.78564173322314,-71.78564173322314
2205.5100618457795,-71.78921827463918,-71.78921827463918
2205.5200618457793,-71.79277437638615,-71.79277437638615
2205.5300618457795,-71.79631031907628,-71.79631031907628
2205.5400618457793,-71.79982642244474,-71.79982642244474
2205.5500618457795,-71.80332302630764,-71.80332302630764
2205.5600618457793,-71.80680047929002,-71.80680047929002
2205.5700618457795,-71.81025913213934,-71.81025913213934
2205.5800618457793,-71.81369933392291,-71.81369933392291
2205.5900618457795,-71.81712142988965,-71.81712142988965
2205.6000618457792,-71.82052576047091,-71.82052576047091
2205.6100618457795,-71.82391266078656,-71.82391266078656
2205.620061845779,-71.82728246061025,-71.82728246061025
2205.6300618457794,-71.83063548444017,-71.83063548444017
2205.640061845779,-71.83397205178338,-71.83397205178338
2205.6500618457794,-71.8372924773702,-71.8372924773702
2205.6600618457796,-71.84059707146447,-71.84059707146447
2205.6700618457794,-71.8438861401073,-71.8438861401073
2205.6800618457796,-71.84715998535799,-71.84715998535799
2205.6900618457794,-71.85041890552883,-71.85041890552883
2205.7000618457796,-71.8536631953498,-71.8536631953498
2205.7100618457794,-71.85689314613707,-71.85689314613707
2205.7200618457796,-71.86010904594315,-71.86010904594315
2205.7300618457793,-71.86331117966984,-71.86331117966984
2205.7400618457796,-71.86649982913883,-71.86649982913883
2205.7500618696213,-71.86967528077122,-71.86967528077122
2205.7600618696215,-71.87283779534765,-71.87283779534765
2205.7700618696213,-71.87598765356596,-71.87598765356596
2205.7800618696215,-71.87912512568437,-71.87912512568437
2205.7900618696212,-71.88225047919552,-71.88225047919552
2205.8000618696215,-71.88536397882602,-71.88536397882602
2205.810061869621,-71.88846588659969,-71.88846588659969
2205.8200618696214,-71.89155646180511,-71.89155646180511
2205.830061869621,-71.89463596103576,-71.89463596103576
2205.8400618696214,-71.89770463820199,-71.89770463820199
2205.850061869621,-71.90076274453494,-71.90076274453494
2205.8600618696214,-71.90381052857674,-71.90381052857674
2205.870061869621,-71.90684823621322,-71.90684823621322
2205.8800618696214,-71.90987611066029,-71.90987611066029
2205.890061869621,-71.91289439246903,-71.91289439246903
2205.9000618696214,-71.91590331952727,-71.91590331952727
2205.910061869621,-71.91890312706423,-71.91890312706423
2205.9200618696213,-71.92189404765703,-71.92189404765703
2205.930061869621,-71.92487631122188,-71.92487631122188
2205.9400618696213,-71.92785014503384,-71.92785014503384
2205.950061869621,-71.93081577370822,-71.93081577370822
2205.9600618696213,-71.93376714711722,-71.93376714711722
2205.970061869621,-71.93670173673318,-71.93670173673318
2205.9800618696213,-71.93961842043981,-71.93961842043981
2205.990061869621,-71.94251672579496,-71.94251672579496
2206.0000618696213,-71.94539654127067,-71.94539654127067
2206.0100618696215,-71.94825796630403,-71.94825796630403
2206.0200618696213,-71.95110122338542,-71.95110122338542
2206.0300618696215,-71.95392660527418,-71.95392660527418
2206.0400618696212,-71.95673444324052,-71.95673444324052
2206.0500618696215,-71.9595250879895,-71.9595250879895
2206.060061869621,-71.96229889833937,-71.96229889833937
2206.0700618696214,-71.96505623450264,-71.96505623450264
2206.080061869621,-71.96779745428273,-71.96779745428273
2206.0900618696214,-71.97052291096395,-71.97052291096395
2206.100061869621,-71.97323295225976,-71.97323295225976
2206.1100618696214,-71.97592791987503,-71.97592791987503
2206.120061869621,-71.97860814946291,-71.97860814946291
2206.1300618696214,-71.981273970755,-71.981273970755
2206.140061869621,-71.98392570778762,-71.98392570778762
2206.1500618696214,-71.9865636792024,-71.9865636792024
2206.160061869621,-71.98918819855179,-71.98918819855179
2206.1700618696213,-71.99179957454908,-71.99179957454908
2206.180061869621,-71.9943981113674,-71.9943981113674
2206.1900618696213,-71.99698410884248,-71.99698410884248
2206.200061869621,-71.9995578627051,-71.9995578627051
2206.2100618696213,-72.00211338779077,-72.00211338779077
2206.220061869621,-72.004648222997,-72.004648222997
2206.2300618696213,-72.00716131399369,-72.00716131399369
2206.240061869621,-72.00965225588179,-72.00965225588179
2206.2500618696213,-72.01212100420571,-72.01212100420571
2206.2600618696215,-72.01456772494718,-72.01456772494718
2206.2700618696213,-72.01699270658058,-72.01699270658058
2206.2800618696215,-72.01939630725971,-72.01939630725971
2206.2900618696212,-72.02177892310202,-72.02177892310202
2206.3000618696215,-72.02414096910262,-72.02414096910262
2206.310061869621,-72.02648286782483,-72.02648286782483
2206.3200618696214,-72.0288050427137,-72.0288050427137
2206.330061869621,-72.03110791429448,-72.03110791429448
2206.3400618696214,-72.03339189808032,-72.03339189808032
2206.350061869621,-72.0356574035233,-72.0356574035233
2206.3600618696214,-72.03790483360784,-72.03790483360784
2206.370061869621,-72.04013458477472,-72.04013458477472
2206.3800618696214,-72.04234704708004,-72.04234704708004
2206.390061869621,-72.04454260442306,-72.04454260442306
2206.4000618696214,-72.04672163484412,-72.04672163484412
2206.410061869621,-72.04888451081608,-72.04888451081608
2206.4200618696213,-72.05103159952013,-72.05103159952013
2206.430061869621,-72.05316326311811,-72.05316326311811
2206.4400618696213,-72.05527985898036,-72.05527985898036
2206.450061869621,-72.05738173987672,-72.05738173987672
2206.4600618696213,-72.05946925416839,-72.05946925416839
2206.470061869621,-72.061542745961,-72.061542745961
2206.4800618696213,-72.06360255524511,-72.06360255524511
2206.490061869621,-72.0656490179932,-72.0656490179932
2206.5000618696213,-72.0676824662594,-72.0676824662594
2206.5100618696215,-72.06970322826062,-72.06970322826062
2206.5200618696213,-72.07171162844008,-72.07171162844008
2206.5300618696215,-72.07370798754854,-72.07370798754854
2206.5400618696212,-72.07569262265108,-72.07569262265108
2206.5500618696215,-72.07766584721548,-72.07766584721548
2206.560061869621,-72.07962797111561,-72.07962797111561
2206.5700618696214,-72.08157930065315,-72.08157930065315
2206.580061869621,-72.08352013863217,-72.08352013863217
2206.5900618696214,-72.0854507843243,-72.0854507843243
2206.600061893463,-72.08737153809939,-72.08737153809939
2206.6100618934634,-72.08928268310221,-72.08928268310221
2206.620061893463,-72.09118451281883,-72.09118451281883
2206.6300618934633,-72.09307731267769,-72.09307731267769
2206.640061893463,-72.09496136470064,-72.09496136470064
2206.6500618934633,-72.09683694747932,-72.09683694747932
2206.660061893463,-72.09870433623442,-72.09870433623442
2206.6700618934633,-72.10056380279056,-72.10056380279056
2206.680061893463,-72.10241561560909,-72.10241561560909
2206.6900618934633,-72.10426003978714,-72.10426003978714
2206.700061893463,-72.1060973371001,-72.1060973371001
2206.7100618934633,-72.10792776598356,-72.10792776598356
2206.720061893463,-72.10975158156216,-72.10975158156216
2206.7300618934632,-72.11156903566152,-72.11156903566152
2206.740061893463,-72.11338037683345,-72.11338037683345
2206.750061893463,-72.11518585036211,-72.11518585036211
2206.760061893463,-72.11698569828498,-72.11698569828498
2206.770061893463,-72.1187801594057,-72.1187801594057
2206.780061893463,-72.12056946932748,-72.12056946932748
2206.790061893463,-72.12235386043666,-72.12235386043666
2206.800061893463,-72.12413356196447,-72.12413356196447
2206.810061893463,-72.12590879998042,-72.12590879998042
2206.820061893463,-72.12767979741467,-72.12767979741467
2206.830061893463,-72.12944677409446,-72.12944677409446
2206.840061893463,-72.13120994674631,-72.13120994674631
2206.850061893463,-72.13296952902266,-72.13296952902266
2206.8600618934634,-72.13472573153523,-72.13472573153523
2206.870061893463,-72.13647876185881,-72.13647876185881
2206.8800618934633,-72.13822882458402,-72.13822882458402
2206.890061893463,-72.13997612130584,-72.13997612130584
2206.9000618934633,-72.1417208506609,-72.1417208506609
2206.910061893463,-72.14346320836728,-72.14346320836728
2206.9200618934633,-72.14520338722632,-72.14520338722632
2206.930061893463,-72.14694157716791,-72.14694157716791
2206.9400618934633,-72.14867796525985,-72.14867796525985
2206.950061893463,-72.15041273573131,-72.15041273573131
2206.9600618934633,-72.15214607001437,-72.15214607001437
2206.970061893463,-72.15387814676683,-72.15387814676683
2206.9800618934632,-72.15560914188563,-72.15560914188563
2206.990061893463,-72.15733922853383,-72.15733922853383
2207.000061893463,-72.15906857719443,-72.15906857719443
2207.010061893463,-72.16079735565427,-72.16079735565427
2207.020061893463,-72.16252572906514,-72.16252572906514
2207.030061893463,-72.16425385996124,-72.16425385996124
2207.040061893463,-72.16598190828236,-72.16598190828236
2207.050061893463,-72.16771003138972,-72.16771003138972
2207.060061893463,-72.16943838411024,-72.16943838411024
2207.070061893463,-72.17116711877854,-72.17116711877854
2207.080061893463,-72.17289638521527,-72.17289638521527
2207.090061893463,-72.17462633080345,-72.17462633080345
2207.100061893463,-72.17635710048302,-72.17635710048302
2207.1100618934634,-72.17808883679345,-72.17808883679345
2207.120061893463,-72.1798216799028,-72.1798216799028
2207.1300618934633,-72.18155576762386,-72.18155576762386
2207.140061893463,-72.18329123545375,-72.18329123545375
2207.1500618934633,-72.18502821658639,-72.18502821658639
2207.160061893463,-72.18676684194011,-72.18676684194011
2207.1700618934633,-72.18850724020791,-72.18850724020791
2207.180061893463,-72.19024953785275,-72.19024953785275
2207.1900618934633,-72.19199385915013,-72.19199385915013
2207.200061893463,-72.19374032622247,-72.19374032622247
2207.2100618934633,-72.19548276741541,-72.19548276741541
2207.220061893463,-72.1972185470446,-72.1972185470446
2207.2300618934632,-72.19894644165359,-72.19894644165359
2207.240061893463,-72.200665880453,-72.200665880453
2207.250061893463,-72.20237665541501,-72.20237665541501
2207.260061893463,-72.20407877070359,-72.20407877070359
2207.270061893463,-72.20577235442836,-72.20577235442836
2207.280061893463,-72.2074576056283,-72.2074576056283
2207.290061893463,-72.20913476237827,-72.20913476237827
2207.300061893463,-72.21080408267045,-72.21080408267045
2207.310061893463,-72.21246583301618,-72.21246583301618
2207.320061893463,-72.21412028177852,-72.21412028177852
2207.330061893463,-72.21576769533725,-72.21576769533725
2207.340061893463,-72.2174083360136,-72.2174083360136
2207.350061893463,-72.21904246103968,-72.21904246103968
2207.3600618934634,-72.22067032213813,-72.22067032213813
2207.370061893463,-72.22229216551662,-72.22229216551662
2207.3800618934633,-72.22390823199882,-72.22390823199882
2207.390061893463,-72.2255187573105,-72.2255187573105
2207.4000618934633,-72.2271239723568,-72.2271239723568
2207.410061893463,-72.2287241035754,-72.2287241035754
2207.4200618934633,-72.23031937319686,-72.23031937319686
2207.430061893463,-72.23190999956473,-72.23190999956473
2207.4400618934633,-72.23349619734512,-72.23349619734512
2207.450061917305,-72.23507818155878,-72.23507818155878
2207.460061917305,-72.23665615266128,-72.23665615266128
2207.470061917305,-72.23823031935848,-72.23823031935848
2207.480061917305,-72.23980088365133,-72.23980088365133
2207.490061917305,-72.24136804473896,-72.24136804473896
2207.500061917305,-72.24293199913207,-72.24293199913207
2207.510061917305,-72.24449294073825,-72.24449294073825
2207.520061917305,-72.24605106092179,-72.24605106092179
2207.530061917305,-72.2476065486194,-72.2476065486194
2207.540061917305,-72.24915959032879,-72.24915959032879
2207.550061917305,-72.2507103702209,-72.2507103702209
2207.560061917305,-72.25225907012958,-72.25225907012958
2207.570061917305,-72.25380586961663,-72.25380586961663
2207.580061917305,-72.25535094599763,-72.25535094599763
2207.590061917305,-72.25689447435963,-72.25689447435963
2207.600061917305,-72.25843662758501,-72.25843662758501
2207.610061917305,-72.25997757637556,-72.25997757637556
2207.620061917305,-72.26151748926611,-72.26151748926611
2207.630061917305,-72.26305653264352,-72.26305653264352
2207.640061917305,-72.26459487075897,-72.26459487075897
2207.650061917305,-72.2661326657351,-72.2661326657351
2207.660061917305,-72.26767007759163,-72.26767007759163
2207.670061917305,-72.26920726423127,-72.26920726423127
2207.680061917305,-72.27074438148716,-72.27074438148716
2207.690061917305,-72.27228158309148,-72.27228158309148
2207.700061917305,-72.27381902071981,-72.27381902071981
2207.710061917305,-72.27535054589097,-72.27535054589097
2207.720061917305,-72.27687355031804,-72.27687355031804
2207.730061917305,-72.27838683966634,-72.27838683966634
2207.740061917305,-72.2798898730091,-72.2798898730091
2207.750061917305,-72.28138247260597,-72.28138247260597
2207.760061917305,-72.28286467314533,-72.28286467314533
2207.770061917305,-72.2843366333557,-72.2843366333557
2207.780061917305,-72.28579858291329,-72.28579858291329
2207.790061917305,-72.2872507904874,-72.2872507904874
2207.800061917305,-72.28869354459678,-72.28869354459678
2207.810061917305,-72.29012714218116,-72.29012714218116
2207.820061917305,-72.2915518819109,-72.2915518819109
2207.830061917305,-72.29296806033109,-72.29296806033109
2207.840061917305,-72.29437596979079,-72.29437596979079
2207.850061917305,-72.29577589737508,-72.29577589737508
2207.860061917305,-72.29716812451508,-72.29716812451508
2207.870061917305,-72.29855292693662,-72.29855292693662
2207.880061917305,-72.29993057480462,-72.29993057480462
2207.890061917305,-72.30130133298356,-72.30130133298356
2207.900061917305,-72.30266546135147,-72.30266546135147
2207.910061917305,-72.30402321508377,-72.30402321508377
2207.920061917305,-72.30537484497896,-72.30537484497896
2207.930061917305,-72.30672059770275,-72.30672059770275
2207.940061917305,-72.30806071605532,-72.30806071605532
2207.950061917305,-72.3093954391669,-72.3093954391669
2207.960061917305,-72.3107187020906,-72.3107187020906
2207.970061917305,-72.31202798076053,-72.31202798076053
2207.980061917305,-72.31332216464207,-72.31332216464207
2207.990061917305,-72.31460079596512,-72.31460079596512
2208.000061917305,-72.31586377939004,-72.31586377939004
2208.010061917305,-72.31711123128039,-72.31711123128039
2208.020061917305,-72.3183433913349,-72.3183433913349
2208.030061917305,-72.31956056950007,-72.31956056950007
2208.040061917305,-72.32076311403557,-72.32076311403557
2208.050061917305,-72.32195139240727,-72.32195139240727
2208.060061917305,-72.32312577988017,-72.32312577988017
2208.070061917305,-72.32428665281313,-72.32428665281313
2208.080061917305,-72.32543438487517,-72.32543438487517
2208.090061917305,-72.32656934493015,-72.32656934493015
2208.100061917305,-72.32769189599553,-72.32769189599553
2208.110061917305,-72.32880239487247,-72.32880239487247
2208.120061917305,-72.3299011920724,-72.3299011920724
2208.130061917305,-72.33098863198126,-72.33098863198126
2208.140061917305,-72.33206505312178,-72.33206505312178
2208.150061917305,-72.33313078844347,-72.33313078844347
2208.160061917305,-72.33418616562334,-72.33418616562334
2208.170061917305,-72.33523150738908,-72.33523150738908
2208.180061917305,-72.33626713174279,-72.33626713174279
2208.190061917305,-72.33729335222324,-72.33729335222324
2208.200061917305,-72.33831047814525,-72.33831047814525
2208.210061917305,-72.33931251258795,-72.33931251258795
2208.220061917305,-72.34029700050424,-72.34029700050424
2208.230061917305,-72.34126290035465,-72.34126290035465
2208.240061917305,-72.34220982300161,-72.34220982300161
2208.250061917305,-72.34313774125415,-72.34313774125415
2208.260061917305,-72.34404683908532,-72.34404683908532
2208.270061917305,-72.34493742317217,-72.34493742317217
2208.280061917305,-72.34580986982769,-72.34580986982769
2208.290061917305,-72.34666459302946,-72.34666459302946
2208.300061941147,-72.34750202727845,-72.34750202727845
2208.310061941147,-72.34832260817346,-72.34832260817346
2208.320061941147,-72.34912677784818,-72.34912677784818
2208.330061941147,-72.34991497296095,-72.34991497296095
2208.340061941147,-72.3506876247085,-72.3506876247085
2208.350061941147,-72.35144515776373,-72.35144515776373
2208.360061941147,-72.35218798988053,-72.35218798988053
2208.370061941147,-72.35291653184201,-72.35291653184201
2208.380061941147,-72.35363118763127,-72.35363118763127
2208.390061941147,-72.35433235467086,-72.35433235467086
2208.4000619411468,-72.35502042412439,-72.35502042412439
2208.410061941147,-72.3556957812145,-72.3556957812145
2208.4200619411467,-72.3563588055132,-72.3563588055132
2208.430061941147,-72.357009871194,-72.357009871194
2208.4400619411467,-72.35764934730831,-72.35764934730831
2208.450061941147,-72.35827759796722,-72.35827759796722
2208.4600619411467,-72.35888867991467,-72.35888867991467
2208.470061941147,-72.35948019224634,-72.35948019224634
2208.4800619411467,-72.3600511473267,-72.3600511473267
2208.490061941147,-72.36060120938234,-72.36060120938234
2208.5000619411467,-72.36113040403629,-72.36113040403629
2208.510061941147,-72.36163896739777,-72.36163896739777
2208.5200619411467,-72.36212725764852,-72.36212725764852
2208.530061941147,-72.36259570190484,-72.36259570190484
2208.5400619411466,-72.36304476425667,-72.36304476425667
2208.550061941147,-72.36347492665139,-72.36347492665139
2208.560061941147,-72.36388667743881,-72.36388667743881
2208.570061941147,-72.36428050472624,-72.36428050472624
2208.580061941147,-72.364656892518,-72.364656892518
2208.590061941147,-72.3650163186865,-72.3650163186865
2208.600061941147,-72.36535925388296,-72.36535925388296
2208.610061941147,-72.36568616118402,-72.36568616118402
2208.620061941147,-72.36599749602547,-72.36599749602547
2208.630061941147,-72.36629370638644,-72.36629370638644
2208.640061941147,-72.36657523304167,-72.36657523304167
2208.6500619411468,-72.366842509873,-72.366842509873
2208.660061941147,-72.367095964167,-72.367095964167
2208.6700619411467,-72.3673360169477,-72.3673360169477
2208.680061941147,-72.3675630832309,-72.3675630832309
2208.6900619411467,-72.3677775722632,-72.3677775722632
2208.700061941147,-72.36797988777975,-72.36797988777975
2208.7100619411467,-72.3681704281616,-72.3681704281616
2208.720061941147,-72.36834958663066,-72.36834958663066
2208.7300619411467,-72.36851775137637,-72.36851775137637
2208.740061941147,-72.3686753056818,-72.3686753056818
2208.7500619411467,-72.36882262804654,-72.36882262804654
2208.760061941147,-72.36896009227425,-72.36896009227425
2208.7700619411467,-72.36908806753607,-72.36908806753607
2208.780061941147,-72.36920691845883,-72.36920691845883
2208.7900619411466,-72.36931700517107,-72.36931700517107
2208.800061941147,-72.36941868338086,-72.36941868338086
2208.810061941147,-72.36951230437248,-72.36951230437248
2208.820061941147,-72.3695982150906,-72.3695982150906
2208.830061941147,-72.36967675817337,-72.36967675817337
2208.840061941147,-72.36974827195017,-72.36974827195017
2208.850061941147,-72.36981309050955,-72.36981309050955
2208.860061941147,-72.36987154371138,-72.36987154371138
2208.870061941147,-72.36992395719956,-72.36992395719956
2208.880061941147,-72.36997065245365,-72.36997065245365
2208.890061941147,-72.37001194679509,-72.37001194679509
2208.9000619411468,-72.37004815340985,-72.37004815340985
2208.910061941147,-72.37007958137924,-72.37007958137924
2208.9200619411467,-72.3701065356881,-72.3701065356881
2208.930061941147,-72.37012931727665,-72.37012931727665
2208.9400619411467,-72.37014822302872,-72.37014822302872
2208.950061941147,-72.3701635458174,-72.3701635458174
2208.9600619411467,-72.37017557451381,-72.37017557451381
2208.970061941147,-72.37018459401281,-72.37018459401281
2208.9800619411467,-72.3701908852818,-72.3701908852818
2208.990061941147,-72.37019472533224,-72.37019472533224
2209.0000619411467,-72.3701963873084,-72.3701963873084
2209.010061941147,-72.37019614045055,-72.37019614045055
2209.0200619411467,-72.37019425017795,-72.37019425017795
2209.030061941147,-72.37019097806632,-72.37019097806632
2209.0400619411466,-72.37018658191869,-72.37018658191869
2209.050061941147,-72.37018131574611,-72.37018131574611
2209.060061941147,-72.37017542983482,-72.37017542983482
2209.070061941147,-72.37016917076218,-72.37016917076218
2209.080061941147,-72.37016278141093,-72.37016278141093
2209.090061941147,-72.37015650102644,-72.37015650102644
2209.100061941147,-72.3701505652114,-72.3701505652114
2209.110061941147,-72.37014520599527,-72.37014520599527
2209.120061941147,-72.37014065183311,-72.37014065183311
2209.130061941147,-72.37013712765085,-72.37013712765085
2209.140061941147,-72.37013485487043,-72.37013485487043
2209.1500619649887,-72.37013405144542,-72.37013405144542
2209.160061964989,-72.37013493191772,-72.37013493191772
2209.1700619649887,-72.3701377073812,-72.3701377073812
2209.180061964989,-72.37014258557997,-72.37014258557997
2209.1900619649887,-72.37014977092005,-72.37014977092005
2209.200061964989,-72.37015946448852,-72.37015946448852
2209.2100619649887,-72.37017186411659,-72.37017186411659
2209.220061964989,-72.37018716437734,-72.37018716437734
2209.2300619649886,-72.37020555664245,-72.37020555664245
2209.240061964989,-72.37022722909826,-72.37022722909826
2209.2500619649886,-72.37025236680772,-72.37025236680772
2209.260061964989,-72.37028115171313,-72.37028115171313
2209.2700619649886,-72.370313762683,-72.370313762683
2209.280061964989,-72.37035037555232,-72.37035037555232
2209.2900619649886,-72.37039116314537,-72.37039116314537
2209.300061964989,-72.37043629530058,-72.37043629530058
2209.3100619649886,-72.37048593893627,-72.37048593893627
2209.320061964989,-72.3705402580457,-72.3705402580457
2209.3300619649885,-72.37059941375746,-72.37059941375746
2209.3400619649888,-72.3706635643627,-72.3706635643627
2209.3500619649885,-72.37073286533774,-72.37073286533774
2209.3600619649887,-72.37080746938068,-72.37080746938068
2209.3700619649885,-72.37088752645974,-72.37088752645974
2209.3800619649887,-72.3709731838287,-72.3709731838287
2209.3900619649885,-72.37106458606439,-72.37106458606439
2209.4000619649887,-72.37116187510527,-72.37116187510527
2209.410061964989,-72.37126519027713,-72.37126519027713
2209.4200619649887,-72.37137466832718,-72.37137466832718
2209.430061964989,-72.37149044345499,-72.37149044345499
2209.4400619649887,-72.37161264734796,-72.37161264734796
2209.450061964989,-72.37174140920587,-72.37174140920587
2209.4600619649887,-72.3718768557818,-72.3718768557818
2209.470061964989,-72.37201911140569,-72.37201911140569
2209.4800619649886,-72.37216829803111,-72.37216829803111
2209.490061964989,-72.37232453522734,-72.37232453522734
2209.5000619649886,-72.37248794025702,-72.37248794025702
2209.510061964989,-72.37265862808229,-72.37265862808229
2209.5200619649886,-72.37283671139222,-72.37283671139222
2209.530061964989,-72.37302230064317,-72.37302230064317
2209.5400619649886,-72.37321550408365,-72.37321550408365
2209.550061964989,-72.3734164277752,-72.3734164277752
2209.5600619649886,-72.37362517564277,-72.37362517564277
2209.570061964989,-72.37384184948257,-72.37384184948257
2209.5800619649885,-72.37406654901412,-72.37406654901412
2209.5900619649888,-72.3742993718704,-72.3742993718704
2209.6000619649885,-72.37454041365804,-72.37454041365804
2209.6100619649887,-72.37478976798118,-72.37478976798118
2209.6200619649885,-72.37504752645604,-72.37504752645604
2209.6300619649887,-72.3753137787584,-72.3753137787584
2209.6400619649885,-72.37558861262409,-72.37558861262409
2209.6500619649887,-72.37587211389636,-72.37587211389636
2209.660061964989,-72.37616436654766,-72.37616436654766
2209.6700619649887,-72.37646545269635,-72.37646545269635
2209.680061964989,-72.37677545264525,-72.37677545264525
2209.6900619649887,-72.37709444490172,-72.37709444490172
2209.700061964989,-72.3774225061959,-72.3774225061959
2209.7100619649887,-72.37775340815466,-72.37775340815466
2209.720061964989,-72.3780844692624,-72.3780844692624
2209.7300619649886,-72.3784144245268,-72.3784144245268
2209.740061964989,-72.37874266367405,-72.37874266367405
2209.7500619649886,-72.3790689404301,-72.3790689404301
2209.760061964989,-72.37939322148918,-72.37939322148918
2209.7700619649886,-72.37971559794678,-72.37971559794678
2209.780061964989,-72.38003623207356,-72.38003623207356
2209.7900619649886,-72.38035532531777,-72.38035532531777
2209.800061964989,-72.38067309911379,-72.38067309911379
2209.8100619649886,-72.380989783469,-72.380989783469
2209.820061964989,-72.38130561025152,-72.38130561025152
2209.8300619649885,-72.38162080936762,-72.38162080936762
2209.8400619649888,-72.38193560670051,-72.38193560670051
2209.8500619649885,-72.38225022309031,-72.38225022309031
2209.8600619649887,-72.3825648739463,-72.3825648739463
2209.8700619649885,-72.38287976921913,-72.38287976921913
2209.8800619649887,-72.38319511358632,-72.38319511358632
2209.8900619649885,-72.38351110672266,-72.38351110672266
2209.9000619649887,-72.38382794363346,-72.38382794363346
2209.910061964989,-72.38414581497742,-72.38414581497742
2209.9200619649887,-72.38446490738744,-72.38446490738744
2209.930061964989,-72.38478540372972,-72.38478540372972
2209.9400619649887,-72.3851074834062,-72.3851074834062
2209.950061964989,-72.3854313225541,-72.3854313225541
2209.9600619649887,-72.38575709428474,-72.38575709428474
2209.970061964989,-72.38608496880164,-72.38608496880164
2209.9800619649886,-72.38641511360929,-72.38641511360929
2209.990061964989,-72.38674769361505,-72.38674769361505
2210.0000619888306,-72.38708287203778,-72.38708287203778
2210.010061988831,-72.38742080733346,-72.38742080733346
2210.0200619888305,-72.387761658031,-72.387761658031
2210.0300619888308,-72.38810557961801,-72.38810557961801
2210.0400619888305,-72.38845272542615,-72.38845272542615
2210.0500619888307,-72.38880324664585,-72.38880324664585
2210.0600619888305,-72.38915729240207,-72.38915729240207
2210.0700619888307,-72.3895150097486,-72.3895150097486
2210.0800619888305,-72.38987654373888,-72.38987654373888
2210.0900619888307,-72.39024203742738,-72.39024203742738
2210.1000619888305,-72.39061163190016,-72.39061163190016
2210.1100619888307,-72.39098546630395,-72.39098546630395
2210.1200619888305,-72.39136367784461,-72.39136367784461
2210.1300619888307,-72.39174640181776,-72.39174640181776
2210.1400619888304,-72.39213377161995,-72.39213377161995
2210.1500619888307,-72.39252591876209,-72.39252591876209
2210.1600619888304,-72.3929229728654,-72.3929229728654
2210.1700619888306,-72.39332506169205,-72.39332506169205
2210.1800619888304,-72.39373231114045,-72.39373231114045
2210.1900619888306,-72.39414484526213,-72.39414484526213
2210.2000619888304,-72.39456278628327,-72.39456278628327
2210.2100619888306,-72.39498625457169,-72.39498625457169
2210.2200619888304,-72.39541536870195,-72.39541536870195
2210.2300619888306,-72.39585024541546,-72.39585024541546
2210.2400619888303,-72.39629099965083,-72.39629099965083
2210.2500619888306,-72.3967377445618,-72.3967377445618
2210.260061988831,-72.39719059150347,-72.39719059150347
2210.2700619888305,-72.39764965006741,-72.39764965006741
2210.2800619888308,-72.39811502805979,-72.39811502805979
2210.2900619888305,-72.39858683153389,-72.39858683153389
2210.3000619888307,-72.39906516479921,-72.39906516479921
2210.3100619888305,-72.39955013042277,-72.39955013042277
2210.3200619888307,-72.40004182924571,-72.40004182924571
2210.3300619888305,-72.40054036038629,-72.40054036038629
2210.3400619888307,-72.4010458212565,-72.4010458212565
2210.3500619888305,-72.40155830757413,-72.40155830757413
2210.3600619888307,-72.40207791336691,-72.40207791336691
2210.3700619888305,-72.40260473101344,-72.40260473101344
2210.3800619888307,-72.40313885119392,-72.40313885119392
2210.3900619888304,-72.40368036296937,-72.40368036296937
2210.4000619888307,-72.40422935374839,-72.40422935374839
2210.4100619888304,-72.40478590932874,-72.40478590932874
2210.4200619888306,-72.4053501138919,-72.4053501138919
2210.4300619888304,-72.40592205001752,-72.40592205001752
2210.4400619888306,-72.40650179869309,-72.40650179869309
2210.4500619888304,-72.40708943936377,-72.40708943936377
2210.4600619888306,-72.40768504988574,-72.40768504988574
2210.4700619888304,-72.40828870659547,-72.40828870659547
2210.4800619888306,-72.40890048428273,-72.40890048428273
2210.4900619888303,-72.40952045623875,-72.40952045623875
2210.5000619888306,-72.41014869423907,-72.41014869423907
2210.510061988831,-72.4107852685732,-72.4107852685732
2210.5200619888305,-72.41143024806057,-72.41143024806057
2210.5300619888308,-72.41208370006412,-72.41208370006412
2210.5400619888305,-72.41274569051684,-72.41274569051684
2210.5500619888307,-72.4134162838901,-72.4134162838901
2210.5600619888305,-72.41409554326185,-72.41409554326185
2210.5700619888307,-72.41478353031992,-72.41478353031992
2210.5800619888305,-72.41548030535107,-72.41548030535107
2210.5900619888307,-72.4161859272698,-72.4161859272698
2210.6000619888305,-72.41690045364899,-72.41690045364899
2210.6100619888307,-72.41762394071952,-72.41762394071952
2210.6200619888305,-72.4183564433817,-72.4183564433817
2210.6300619888307,-72.41909801521909,-72.41909801521909
2210.6400619888304,-72.4198487085413,-72.4198487085413
2210.6500619888307,-72.4206085743547,-72.4206085743547
2210.6600619888304,-72.42137766241203,-72.42137766241203
2210.6700619888306,-72.42215602120606,-72.42215602120606
2210.6800619888304,-72.42294369801918,-72.42294369801918
2210.6900619888306,-72.42374073888362,-72.42374073888362
2210.7000619888304,-72.42454718863657,-72.42454718863657
2210.7100619888306,-72.42536309092667,-72.42536309092667
2210.7200619888304,-72.42618848821535,-72.42618848821535
2210.7300619888306,-72.42702342180749,-72.42702342180749
2210.7400619888303,-72.42786793186283,-72.42786793186283
2210.7500619888306,-72.42872205740687,-72.42872205740687
2210.760061988831,-72.42958583633835,-72.42958583633835
2210.7700619888305,-72.4304593054584,-72.4304593054584
2210.7800619888308,-72.43134250047474,-72.43134250047474
2210.7900619888305,-72.43223545601921,-72.43223545601921
2210.8000619888307,-72.4331382056547,-72.4331382056547
2210.8100619888305,-72.43405078191671,-72.43405078191671
2210.8200619888307,-72.43497321626474,-72.43497321626474
2210.8300619888305,-72.43590553917721,-72.43590553917721
2210.8400619888307,-72.4368477801113,-72.4368477801113
2210.8500620126724,-72.43779996979102,-72.43779996979102
2210.8600620126726,-72.43876213119599,-72.43876213119599
2210.8700620126724,-72.43973429306781,-72.43973429306781
2210.8800620126726,-72.4407164809597,-72.4407164809597
2210.8900620126724,-72.44170871949518,-72.44170871949518
2210.9000620126726,-72.442711032371,-72.442711032371
2210.9100620126724,-72.44372344235205,-72.44372344235205
2210.9200620126726,-72.44474597130736,-72.44474597130736
2210.9300620126724,-72.445778640228,-72.445778640228
2210.9400620126726,-72.44682146920948,-72.44682146920948
2210.9500620126723,-72.44787447749398,-72.44787447749398
2210.9600620126726,-72.44893768346645,-72.44893768346645
2210.9700620126723,-72.45001110466711,-72.45001110466711
2210.9800620126725,-72.45109475781283,-72.45109475781283
2210.9900620126723,-72.45218865881138,-72.45218865881138
2211.0000620126725,-72.45329282275036,-72.45329282275036
2211.0100620126723,-72.4544072639318,-72.4544072639318
2211.0200620126725,-72.45553199588005,-72.45553199588005
2211.0300620126723,-72.4566670313388,-72.4566670313388
2211.0400620126725,-72.45781238230374,-72.45781238230374
2211.0500620126722,-72.45896806001598,-72.45896806001598
2211.0600620126725,-72.4601340749764,-72.4601340749764
2211.070062012672,-72.46131043697241,-72.46131043697241
2211.0800620126724,-72.46249715506663,-72.46249715506663
2211.090062012672,-72.46369423762343,-72.46369423762343
2211.1000620126724,-72.46490169230594,-72.46490169230594
2211.1100620126726,-72.46611952610535,-72.46611952610535
2211.1200620126724,-72.46734774532945,-72.46734774532945
2211.1300620126726,-72.46858635563375,-72.46858635563375
2211.1400620126724,-72.46983536200955,-72.46983536200955
2211.1500620126726,-72.47109476880966,-72.47109476880966
2211.1600620126724,-72.4723645797629,-72.4723645797629
2211.1700620126726,-72.4736447979643,-72.4736447979643
2211.1800620126724,-72.47493542590044,-72.47493542590044
2211.1900620126726,-72.47623646545513,-72.47623646545513
2211.2000620126723,-72.47754791791503,-72.47754791791503
2211.2100620126726,-72.47886978397977,-72.47886978397977
2211.2200620126723,-72.48020206378196,-72.48020206378196
2211.2300620126725,-72.48154475687754,-72.48154475687754
2211.2400620126723,-72.48289786227075,-72.48289786227075
2211.2500620126725,-72.4842613784172,-72.4842613784172
2211.2600620126723,-72.48563530322996,-72.48563530322996
2211.2700620126725,-72.48701963408232,-72.48701963408232
2211.2800620126723,-72.48841436784691,-72.48841436784691
2211.2900620126725,-72.4898195008531,-72.4898195008531
2211.3000620126722,-72.49123502895357,-72.49123502895357
2211.3100620126725,-72.49266094747773,-72.49266094747773
2211.320062012672,-72.49409725126608,-72.49409725126608
2211.3300620126724,-72.49554393469685,-72.49554393469685
2211.340062012672,-72.4970009916576,-72.4970009916576
2211.3500620126724,-72.49846841557182,-72.49846841557182
2211.3600620126726,-72.49994619940992,-72.49994619940992
2211.3700620126724,-72.50143433567759,-72.50143433567759
2211.3800620126726,-72.5029328164513,-72.5029328164513
2211.3900620126724,-72.50444163337296,-72.50444163337296
2211.4000620126726,-72.50596077763396,-72.50596077763396
2211.4100620126724,-72.50749024001995,-72.50749024001995
2211.4200620126726,-72.5090300109056,-72.5090300109056
2211.4300620126724,-72.51058008024934,-72.51058008024934
2211.4400620126726,-72.51214043760383,-72.51214043760383
2211.4500620126723,-72.51371107213816,-72.51371107213816
2211.4600620126726,-72.51529197262248,-72.51529197262248
2211.4700620126723,-72.5168831274616,-72.5168831274616
2211.4800620126725,-72.5184845246701,-72.5184845246701
2211.4900620126723,-72.52009615189714,-72.52009615189714
2211.5000620126725,-72.52171799643696,-72.52171799643696
2211.5100620126723,-72.52335004522686,-72.52335004522686
2211.5200620126725,-72.52499228485475,-72.52499228485475
2211.5300620126723,-72.52664470155305,-72.52664470155305
2211.5400620126725,-72.52830728123911,-72.52830728123911
2211.5500620126722,-72.52998000948347,-72.52998000948347
2211.5600620126725,-72.5316628715354,-72.5316628715354
2211.570062012672,-72.53335585231792,-72.53335585231792
2211.5800620126724,-72.53505893644484,-72.53505893644484
2211.590062012672,-72.53677210823834,-72.53677210823834
2211.6000620126724,-72.53849535168808,-72.53849535168808
2211.6100620126726,-72.5402286505012,-72.5402286505012
2211.6200620126724,-72.54197198809719,-72.54197198809719
2211.6300620126726,-72.54372534760547,-72.54372534760547
2211.6400620126724,-72.54548871186903,-72.54548871186903
2211.6500620126726,-72.54726206345728,-72.54726206345728
2211.6600620126724,-72.54904538467142,-72.54904538467142
2211.6700620126726,-72.55083865754723,-72.55083865754723
2211.6800620126724,-72.55264186385128,-72.55264186385128
2211.6900620126726,-72.55445498509187,-72.55445498509187
2211.7000620365143,-72.55627800688644,-72.55627800688644
2211.7100620365145,-72.55811090160205,-72.55811090160205
2211.7200620365143,-72.55995365430314,-72.55995365430314
2211.7300620365145,-72.56180624553795,-72.56180624553795
2211.7400620365142,-72.56366865561111,-72.56366865561111
2211.7500620365145,-72.56554086459715,-72.56554086459715
2211.7600620365142,-72.56742285234593,-72.56742285234593
2211.7700620365144,-72.5693145984935,-72.5693145984935
2211.780062036514,-72.57121608245467,-72.57121608245467
2211.7900620365144,-72.57312728343095,-72.57312728343095
2211.800062036514,-72.5750481804207,-72.5750481804207
2211.8100620365144,-72.57697875222563,-72.57697875222563
2211.820062036514,-72.57891897743433,-72.57891897743433
2211.8300620365144,-72.5808688344461,-72.5808688344461
2211.840062036514,-72.58282830147957,-72.58282830147957
2211.8500620365144,-72.58479735655504,-72.58479735655504
2211.860062036514,-72.58677597750723,-72.58677597750723
2211.8700620365144,-72.58876414200269,-72.58876414200269
2211.880062036514,-72.59076182751984,-72.59076182751984
2211.8900620365143,-72.5927690113775,-72.5927690113775
2211.900062036514,-72.59478567071626,-72.59478567071626
2211.9100620365143,-72.59681178251688,-72.59681178251688
2211.920062036514,-72.59884732360696,-72.59884732360696
2211.9300620365143,-72.60089227062987,-72.60089227062987
2211.940062036514,-72.60294660010551,-72.60294660010551
2211.9500620365143,-72.60501028837912,-72.60501028837912
2211.9600620365145,-72.60708331165667,-72.60708331165667
2211.9700620365143,-72.6091656460096,-72.6091656460096
2211.9800620365145,-72.61125726735862,-72.61125726735862
2211.9900620365142,-72.61335815147639,-72.61335815147639
2212.0000620365145,-72.61546827402216,-72.61546827402216
2212.0100620365142,-72.61758761050854,-72.61758761050854
2212.0200620365144,-72.61971613632375,-72.61971613632375
2212.030062036514,-72.62185382672882,-72.62185382672882
2212.0400620365144,-72.62400065686596,-72.62400065686596
2212.050062036514,-72.62615660175214,-72.62615660175214
2212.0600620365144,-72.62832163628701,-72.62832163628701
2212.070062036514,-72.63049573526521,-72.63049573526521
2212.0800620365144,-72.63267887335381,-72.63267887335381
2212.090062036514,-72.63487102512931,-72.63487102512931
2212.1000620365144,-72.63707216505316,-72.63707216505316
2212.110062036514,-72.63928226747926,-72.63928226747926
2212.1200620365144,-72.64150130666592,-72.64150130666592
2212.130062036514,-72.64372925677624,-72.64372925677624
2212.1400620365143,-72.64596609187812,-72.64596609187812
2212.150062036514,-72.64821178593895,-72.64821178593895
2212.1600620365143,-72.65046631283786,-72.65046631283786
2212.170062036514,-72.6527296463669,-72.6527296463669
2212.1800620365143,-72.6550017602417,-72.6550017602417
2212.190062036514,-72.65728262808567,-72.65728262808567
2212.2000620365143,-72.65957222343361,-72.65957222343361
2212.2100620365145,-72.66187051976165,-72.66187051976165
2212.2200620365143,-72.66417749045608,-72.66417749045608
2212.2300620365145,-72.66649310882127,-72.66649310882127
2212.2400620365142,-72.66881734811432,-72.66881734811432
2212.2500620365145,-72.67115018149711,-72.67115018149711
2212.2600620365142,-72.67349158208671,-72.67349158208671
2212.2700620365144,-72.67584152292076,-72.67584152292076
2212.280062036514,-72.67819997697269,-72.67819997697269
2212.2900620365144,-72.68056691715977,-72.68056691715977
2212.300062036514,-72.6829423163389,-72.6829423163389
2212.3100620365144,-72.68532614730961,-72.68532614730961
2212.320062036514,-72.68771838282176,-72.68771838282176
2212.3300620365144,-72.69011899556877,-72.69011899556877
2212.340062036514,-72.69252795818792,-72.69252795818792
2212.3500620365144,-72.69494524326626,-72.69494524326626
2212.360062036514,-72.69737082334882,-72.69737082334882
2212.3700620365144,-72.69980467093188,-72.69980467093188
2212.380062036514,-72.70224675846625,-72.70224675846625
2212.3900620365143,-72.70469705837405,-72.70469705837405
2212.400062036514,-72.70715554302163,-72.70715554302163
2212.4100620365143,-72.70962218473949,-72.70962218473949
2212.420062036514,-72.71209695582091,-72.71209695582091
2212.4300620365143,-72.71457982853003,-72.71457982853003
2212.440062036514,-72.71707077509306,-72.71707077509306
2212.4500620365143,-72.7195697677011,-72.7195697677011
2212.4600620365145,-72.72207043688584,-72.72207043688584
2212.4700620365143,-72.7245699776398,-72.7245699776398
2212.4800620365145,-72.72706700986217,-72.72706700986217
2212.4900620365142,-72.72956081308925,-72.72956081308925
2212.5000620365145,-72.73205103436223,-72.73205103436223
2212.5100620365142,-72.73453753658524,-72.73453753658524
2212.5200620365144,-72.73702030954095,-72.73702030954095
2212.530062036514,-72.73949941649373,-72.73949941649373
2212.5400620365144,-72.741974962017,-72.741974962017
2212.550062060356,-72.74444707861453,-72.74444707861453
2212.5600620603564,-72.74691589166679,-72.74691589166679
2212.570062060356,-72.74938154801204,-72.74938154801204
2212.5800620603563,-72.75184418850193,-72.75184418850193
2212.590062060356,-72.75430395178434,-72.75430395178434
2212.6000620603563,-72.75676097323974,-72.75676097323974
2212.610062060356,-72.75921538454062,-72.75921538454062
2212.6200620603563,-72.7616673135942,-72.7616673135942
2212.630062060356,-72.76411688469143,-72.76411688469143
2212.6400620603563,-72.76656421874479,-72.76656421874479
2212.650062060356,-72.76900943356074,-72.76900943356074
2212.6600620603563,-72.77145264415563,-72.77145264415563
2212.670062060356,-72.77389396300762,-72.77389396300762
2212.6800620603562,-72.77633350035673,-72.77633350035673
2212.690062060356,-72.77877136440316,-72.77877136440316
2212.7000620603562,-72.78120766151851,-72.78120766151851
2212.710062060356,-72.78363614942828,-72.78363614942828
2212.720062060356,-72.78605415180762,-72.78605415180762
2212.730062060356,-72.7884604171059,-72.7884604171059
2212.740062060356,-72.79085435267149,-72.79085435267149
2212.750062060356,-72.79323573258038,-72.79323573258038
2212.760062060356,-72.79560454585804,-72.79560454585804
2212.770062060356,-72.79796090754505,-72.79796090754505
2212.780062060356,-72.80030500528494,-72.80030500528494
2212.790062060356,-72.80263706717164,-72.80263706717164
2212.800062060356,-72.80495734249578,-72.80495734249578
2212.8100620603564,-72.80726609024994,-72.80726609024994
2212.820062060356,-72.80956357238139,-72.80956357238139
2212.8300620603563,-72.81185004992159,-72.81185004992159
2212.840062060356,-72.81412578087186,-72.81412578087186
2212.8500620603563,-72.81639101912697,-72.81639101912697
2212.860062060356,-72.81864601405067,-72.81864601405067
2212.8700620603563,-72.82089101041299,-72.82089101041299
2212.880062060356,-72.82312624850847,-72.82312624850847
2212.8900620603563,-72.82535196440669,-72.82535196440669
2212.900062060356,-72.8275683902113,-72.8275683902113
2212.9100620603563,-72.82977575435153,-72.82977575435153
2212.920062060356,-72.83197428187076,-72.83197428187076
2212.9300620603562,-72.83416419465334,-72.83416419465334
2212.940062060356,-72.83634571165321,-72.83634571165321
2212.9500620603562,-72.83851904908171,-72.83851904908171
2212.960062060356,-72.84068442059208,-72.84068442059208
2212.970062060356,-72.84284203738352,-72.84284203738352
2212.980062060356,-72.84499210836196,-72.84499210836196
2212.990062060356,-72.84713484020936,-72.84713484020936
2213.000062060356,-72.84927043745628,-72.84927043745628
2213.010062060356,-72.85139910257345,-72.85139910257345
2213.020062060356,-72.8535210360102,-72.8535210360102
2213.030062060356,-72.85563643622046,-72.85563643622046
2213.040062060356,-72.8577454997153,-72.8577454997153
2213.050062060356,-72.85984842107413,-72.85984842107413
2213.0600620603564,-72.86194539298525,-72.86194539298525
2213.070062060356,-72.86403660622452,-72.86403660622452
2213.0800620603563,-72.8661222496868,-72.8661222496868
2213.090062060356,-72.86820251038337,-72.86820251038337
2213.1000620603563,-72.87027757343692,-72.87027757343692
2213.110062060356,-72.87234762210588,-72.87234762210588
2213.1200620603563,-72.87441283775006,-72.87441283775006
2213.130062060356,-72.87647339985568,-72.87647339985568
2213.1400620603563,-72.87852948600754,-72.87852948600754
2213.150062060356,-72.88058127191803,-72.88058127191803
2213.1600620603563,-72.88262893137896,-72.88262893137896
2213.170062060356,-72.88467263629656,-72.88467263629656
2213.1800620603562,-72.8867125566726,-72.8867125566726
2213.190062060356,-72.88874886058218,-72.88874886058218
2213.2000620603562,-72.89078171420101,-72.89078171420101
2213.210062060356,-72.89281128179096,-72.89281128179096
2213.220062060356,-72.89483772567155,-72.89483772567155
2213.230062060356,-72.89686120626463,-72.89686120626463
2213.240062060356,-72.89888188206083,-72.89888188206083
2213.250062060356,-72.90089990962676,-72.90089990962676
2213.260062060356,-72.90291544359421,-72.90291544359421
2213.270062060356,-72.90492863668506,-72.90492863668506
2213.280062060356,-72.90693963968288,-72.90693963968288
2213.290062060356,-72.90894860146776,-72.90894860146776
2213.300062060356,-72.91095566898147,-72.91095566898147
2213.3100620603564,-72.91296098726055,-72.91296098726055
2213.320062060356,-72.9149646994382,-72.9149646994382
2213.3300620603563,-72.91696694672044,-72.91696694672044
2213.340062060356,-72.9189678684333,-72.9189678684333
2213.3500620603563,-72.92096760198753,-72.92096760198753
2213.360062060356,-72.92296628291771,-72.92296628291771
2213.3700620603563,-72.92496404486982,-72.92496404486982
2213.380062060356,-72.92696101961563,-72.92696101961563
2213.3900620603563,-72.92895733706949,-72.92895733706949
2213.400062084198,-72.93095313003313,-72.93095313003313
2213.410062084198,-72.93294851520687,-72.93294851520687
2213.420062084198,-72.93494362169906,-72.93494362169906
2213.430062084198,-72.93693857205271,-72.93693857205271
2213.440062084198,-72.93893348699191,-72.93893348699191
2213.450062084198,-72.94092848543087,-72.94092848543087
2213.460062084198,-72.94292368449638,-72.94292368449638
2213.470062084198,-72.94491919952151,-72.94491919952151
2213.480062084198,-72.94691514407182,-72.94691514407182
2213.490062084198,-72.94891162996886,-72.94891162996886
2213.500062084198,-72.95090876728462,-72.95090876728462
2213.510062084198,-72.95290666434508,-72.95290666434508
2213.520062084198,-72.9549054277854,-72.9549054277854
2213.530062084198,-72.9569051625113,-72.9569051625113
2213.540062084198,-72.95890597175791,-72.95890597175791
2213.550062084198,-72.96090795708255,-72.96090795708255
2213.560062084198,-72.96291121837528,-72.96291121837528
2213.570062084198,-72.96491585388502,-72.96491585388502
2213.580062084198,-72.966921960232,-72.966921960232
2213.590062084198,-72.9689296324183,-72.9689296324183
2213.600062084198,-72.97093896384824,-72.97093896384824
2213.610062084198,-72.97295004633618,-72.97295004633618
2213.620062084198,-72.97496297013275,-72.97496297013275
2213.630062084198,-72.97697782392608,-72.97697782392608
2213.640062084198,-72.9789946948787,-72.9789946948787
2213.650062084198,-72.98101366861277,-72.98101366861277
2213.660062084198,-72.98303482925995,-72.98303482925995
2213.670062084198,-72.985058259456,-72.985058259456
2213.680062084198,-72.98708404035584,-72.98708404035584
2213.690062084198,-72.98911225165824,-72.98911225165824
2213.700062084198,-72.99114297161658,-72.99114297161658
2213.710062084198,-72.99317627706142,-72.99317627706142
2213.720062084198,-72.99521224341177,-72.99521224341177
2213.730062084198,-72.99725094468356,-72.99725094468356
2213.740062084198,-72.99929245351407,-72.99929245351407
2213.750062084198,-73.001336841182,-73.001336841182
2213.760062084198,-73.00338417761766,-73.00338417761766
2213.770062084198,-73.00543453141618,-73.00543453141618
2213.780062084198,-73.00748796985023,-73.00748796985023
2213.790062084198,-73.0095445589018,-73.0095445589018
2213.800062084198,-73.0116043632631,-73.0116043632631
2213.810062084198,-73.01366744636029,-73.01366744636029
2213.820062084198,-73.01573387035506,-73.01573387035506
2213.830062084198,-73.01780369618264,-73.01780369618264
2213.840062084198,-73.01987698353788,-73.01987698353788
2213.850062084198,-73.02195379093102,-73.02195379093102
2213.860062084198,-73.0240341756647,-73.0240341756647
2213.870062084198,-73.02611819386215,-73.02611819386215
2213.880062084198,-73.02820590048547,-73.02820590048547
2213.890062084198,-73.03029734936568,-73.03029734936568
2213.900062084198,-73.03239259317228,-73.03239259317228
2213.910062084198,-73.0344916834683,-73.0344916834683
2213.920062084198,-73.03659467072765,-73.03659467072765
2213.930062084198,-73.03870160431066,-73.03870160431066
2213.940062084198,-73.04081253251803,-73.04081253251803
2213.950062084198,-73.04292750258746,-73.04292750258746
2213.960062084198,-73.0450465607101,-73.0450465607101
2213.970062084198,-73.04716975203701,-73.04716975203701
2213.980062084198,-73.04929712071217,-73.04929712071217
2213.990062084198,-73.05142870987204,-73.05142870987204
2214.000062084198,-73.05356456165103,-73.05356456165103
2214.010062084198,-73.05570471722297,-73.05570471722297
2214.020062084198,-73.05784921678254,-73.05784921678254
2214.030062084198,-73.05999809958132,-73.05999809958132
2214.040062084198,-73.06215140393486,-73.06215140393486
2214.050062084198,-73.0643091672286,-73.0643091672286
2214.060062084198,-73.06647142594133,-73.06647142594133
2214.070062084198,-73.06863821563552,-73.06863821563552
2214.080062084198,-73.07080957101574,-73.07080957101574
2214.090062084198,-73.07298552588578,-73.07298552588578
2214.100062084198,-73.07516611321084,-73.07516611321084
2214.110062084198,-73.07735136508705,-73.07735136508705
2214.120062084198,-73.07954131279094,-73.07954131279094
2214.130062084198,-73.08173598675931,-73.08173598675931
2214.140062084198,-73.0839354166164,-73.0839354166164
2214.150062084198,-73.08613963119518,-73.08613963119518
2214.160062084198,-73.08834865852491,-73.08834865852491
2214.170062084198,-73.09056252587483,-73.09056252587483
2214.180062084198,-73.09278125972284,-73.09278125972284
2214.190062084198,-73.0950048858041,-73.0950048858041
2214.200062084198,-73.09723342911299,-73.09723342911299
2214.210062084198,-73.09946053901118,-73.09946053901118
2214.220062084198,-73.10168344684557,-73.10168344684557
2214.230062084198,-73.10390081548707,-73.10390081548707
2214.240062084198,-73.10611197010114,-73.10611197010114
2214.25006210804,-73.10831660985339,-73.10831660985339
2214.26006210804,-73.11051463444609,-73.11051463444609
2214.27006210804,-73.11270608631327,-73.11270608631327
2214.28006210804,-73.11489107588321,-73.11489107588321
2214.29006210804,-73.1170697545534,-73.1170697545534
2214.30006210804,-73.11924229534236,-73.11924229534236
2214.31006210804,-73.12140888131103,-73.12140888131103
2214.32006210804,-73.12356969881255,-73.12356969881255
2214.33006210804,-73.12572493359512,-73.12572493359512
2214.34006210804,-73.12787476864565,-73.12787476864565
2214.3500621080398,-73.13001938317525,-73.13001938317525
2214.36006210804,-73.13215895214209,-73.13215895214209
2214.3700621080397,-73.13429364622812,-73.13429364622812
2214.38006210804,-73.13642363194786,-73.13642363194786
2214.3900621080397,-73.13854907191875,-73.13854907191875
2214.40006210804,-73.14067012515595,-73.14067012515595
2214.4100621080397,-73.14278694733895,-73.14278694733895
2214.42006210804,-73.14489969113244,-73.14489969113244
2214.4300621080397,-73.14700850642775,-73.14700850642775
2214.44006210804,-73.14911354059264,-73.14911354059264
2214.4500621080397,-73.15121493865998,-73.15121493865998
2214.46006210804,-73.15330646421185,-73.15330646421185
2214.4700621080397,-73.15538546421688,-73.15538546421688
2214.48006210804,-73.15745071706964,-73.15745071706964
2214.4900621080396,-73.15950166294841,-73.15950166294841
2214.50006210804,-73.16153811008311,-73.16153811008311
2214.51006210804,-73.16356008229906,-73.16356008229906
2214.52006210804,-73.16556772964336,-73.16556772964336
2214.53006210804,-73.16756127470737,-73.16756127470737
2214.54006210804,-73.16954098034228,-73.16954098034228
2214.55006210804,-73.17150713031647,-73.17150713031647
2214.56006210804,-73.1734600177639,-73.1734600177639
2214.57006210804,-73.17539993841294,-73.17539993841294
2214.58006210804,-73.17732718669502,-73.17732718669502
2214.59006210804,-73.17924205361999,-73.17924205361999
2214.6000621080398,-73.18114482569698,-73.18114482569698
2214.61006210804,-73.1830357845218,-73.1830357845218
2214.6200621080397,-73.18491520669699,-73.18491520669699
2214.63006210804,-73.18678336395102,-73.18678336395102
2214.6400621080397,-73.18864052340592,-73.18864052340592
2214.65006210804,-73.19048694783078,-73.19048694783078
2214.6600621080397,-73.19232289594238,-73.19232289594238
2214.67006210804,-73.19414862267693,-73.19414862267693
2214.6800621080397,-73.19596437945482,-73.19596437945482
2214.69006210804,-73.19777041438425,-73.19777041438425
2214.7000621080397,-73.19956697246879,-73.19956697246879
2214.71006210804,-73.20135429576132,-73.20135429576132
2214.7200621080397,-73.2031326235377,-73.2031326235377
2214.73006210804,-73.20490219238755,-73.20490219238755
2214.7400621080396,-73.20666323633318,-73.20666323633318
2214.75006210804,-73.2084159869046,-73.2084159869046
2214.76006210804,-73.21016067321604,-73.21016067321604
2214.77006210804,-73.21189752199827,-73.21189752199827
2214.78006210804,-73.2136267576643,-73.2136267576643
2214.79006210804,-73.21534860234492,-73.21534860234492
2214.80006210804,-73.21706327590049,-73.21706327590049
2214.81006210804,-73.21877099595068,-73.21877099595068
2214.82006210804,-73.22047197790064,-73.22047197790064
2214.83006210804,-73.22216643493252,-73.22216643493252
2214.84006210804,-73.22385457802787,-73.22385457802787
2214.8500621080398,-73.22553661597746,-73.22553661597746
2214.86006210804,-73.22721275535424,-73.22721275535424
2214.8700621080397,-73.22888320055944,-73.22888320055944
2214.88006210804,-73.23054815379582,-73.23054815379582
2214.8900621080397,-73.2322078150684,-73.2322078150684
2214.90006210804,-73.23386238218997,-73.23386238218997
2214.9100621080397,-73.23551205077051,-73.23551205077051
2214.92006210804,-73.23715701424126,-73.23715701424126
2214.9300621080397,-73.2387974638208,-73.2387974638208
2214.94006210804,-73.2404335885325,-73.2404335885325
2214.9500621080397,-73.24206557520391,-73.24206557520391
2214.96006210804,-73.24369360846934,-73.24369360846934
2214.9700621080397,-73.24531787075426,-73.24531787075426
2214.98006210804,-73.2469385422932,-73.2469385422932
2214.9900621080396,-73.24855580112165,-73.24855580112165
2215.00006210804,-73.25016982308279,-73.25016982308279
2215.01006210804,-73.25178078183241,-73.25178078183241
2215.02006210804,-73.25338884883914,-73.25338884883914
2215.03006210804,-73.25499419339009,-73.25499419339009
2215.04006210804,-73.25659698258615,-73.25659698258615
2215.05006210804,-73.25819738135873,-73.25819738135873
2215.06006210804,-73.25979555248108,-73.25979555248108
2215.07006210804,-73.26139165656363,-73.26139165656363
2215.08006210804,-73.26298585206972,-73.26298585206972
2215.09006210804,-73.26457829531098,-73.26457829531098
2215.1000621318817,-73.26616914426211,-73.26616914426211
2215.110062131882,-73.26775854340299,-73.26775854340299
2215.1200621318817,-73.26934664647123,-73.26934664647123
2215.130062131882,-73.27093360130529,-73.27093360130529
2215.1400621318817,-73.27251955365155,-73.27251955365155
2215.150062131882,-73.27410464718298,-73.27410464718298
2215.1600621318817,-73.27568902350036,-73.27568902350036
2215.170062131882,-73.27727282214167,-73.27727282214167
2215.1800621318816,-73.27885618061286,-73.27885618061286
2215.190062131882,-73.28043923438621,-73.28043923438621
2215.2000621318816,-73.28202211691716,-73.28202211691716
2215.210062131882,-73.283604959658,-73.283604959658
2215.2200621318816,-73.28518789207666,-73.28518789207666
2215.230062131882,-73.286771041675,-73.286771041675
2215.2400621318816,-73.28835453398742,-73.28835453398742
2215.250062131882,-73.28993849261643,-73.28993849261643
2215.2600621318816,-73.29152303923698,-73.29152303923698
2215.270062131882,-73.29310829360755,-73.29310829360755
2215.2800621318816,-73.29469437361477,-73.29469437361477
2215.2900621318818,-73.29628139524273,-73.29628139524273
2215.3000621318815,-73.29786947263429,-73.29786947263429
2215.3100621318818,-73.29945871808873,-73.29945871808873
2215.3200621318815,-73.30104924206562,-73.30104924206562
2215.3300621318817,-73.30264115322933,-73.30264115322933
2215.3400621318815,-73.30423455845411,-73.30423455845411
2215.3500621318817,-73.30582956283263,-73.30582956283263
2215.360062131882,-73.30742626971174,-73.30742626971174
2215.3700621318817,-73.30902478069152,-73.30902478069152
2215.380062131882,-73.31062519565177,-73.31062519565177
2215.3900621318817,-73.31222761277947,-73.31222761277947
2215.400062131882,-73.31383212856184,-73.31383212856184
2215.4100621318817,-73.31543883783752,-73.31543883783752
2215.420062131882,-73.31704783377224,-73.31704783377224
2215.4300621318816,-73.31865920792609,-73.31865920792609
2215.440062131882,-73.32027305022393,-73.32027305022393
2215.4500621318816,-73.32188944901836,-73.32188944901836
2215.460062131882,-73.3235020978883,-73.3235020978883
2215.4700621318816,-73.3251082827422,-73.3251082827422
2215.480062131882,-73.32670672453443,-73.32670672453443
2215.4900621318816,-73.32829680772392,-73.32829680772392
2215.500062131882,-73.32987828577771,-73.32987828577771
2215.5100621318816,-73.33145112829665,-73.33145112829665
2215.520062131882,-73.3330154313756,-73.3330154313756
2215.5300621318816,-73.33457136377884,-73.33457136377884
2215.5400621318818,-73.33611913452972,-73.33611913452972
2215.5500621318815,-73.33765897352282,-73.33765897352282
2215.5600621318818,-73.33919111993275,-73.33919111993275
2215.5700621318815,-73.34071581542065,-73.34071581542065
2215.5800621318817,-73.34223330025394,-73.34223330025394
2215.5900621318815,-73.3437438111646,-73.3437438111646
2215.6000621318817,-73.34524758029433,-73.34524758029433
2215.610062131882,-73.34674483478317,-73.34674483478317
2215.6200621318817,-73.34823579669538,-73.34823579669538
2215.630062131882,-73.34972068318906,-73.34972068318906
2215.6400621318817,-73.35119970678272,-73.35119970678272
2215.650062131882,-73.35267307562255,-73.35267307562255
2215.6600621318817,-73.35414099382517,-73.35414099382517
2215.670062131882,-73.3556036617462,-73.3556036617462
2215.6800621318816,-73.35706127627427,-73.35706127627427
2215.690062131882,-73.35851403105248,-73.35851403105248
2215.7000621318816,-73.35996211671899,-73.35996211671899
2215.710062131882,-73.36140572107612,-73.36140572107612
2215.7200621318816,-73.36284502926317,-73.36284502926317
2215.730062131882,-73.36428022389822,-73.36428022389822
2215.7400621318816,-73.36571148518784,-73.36571148518784
2215.750062131882,-73.36713899101916,-73.36713899101916
2215.7600621318816,-73.36856291708425,-73.36856291708425
2215.770062131882,-73.36998343690746,-73.36998343690746
2215.7800621318816,-73.37140072192162,-73.37140072192162
2215.7900621318818,-73.37281494151499,-73.37281494151499
2215.8000621318815,-73.37422626308674,-73.37422626308674
2215.8100621318818,-73.37563485207062,-73.37563485207062
2215.8200621318815,-73.37704087195179,-73.37704087195179
2215.8300621318817,-73.37844448432439,-73.37844448432439
2215.8400621318815,-73.37984584887054,-73.37984584887054
2215.8500621318817,-73.38124512341368,-73.38124512341368
2215.860062131882,-73.3826424639005,-73.3826424639005
2215.8700621318817,-73.38403802444049,-73.38403802444049
2215.880062131882,-73.38543195729767,-73.38543195729767
2215.8900621318817,-73.38682441290712,-73.38682441290712
2215.900062131882,-73.38821553988323,-73.38821553988323
2215.9100621318817,-73.38960548501618,-73.38960548501618
2215.920062131882,-73.39099439328778,-73.39099439328778
2215.9300621318816,-73.39238240786776,-73.39238240786776
2215.940062131882,-73.3937696701444,-73.3937696701444
2215.9500621557236,-73.39515632299579,-73.39515632299579
2215.960062155724,-73.39654249761594,-73.39654249761594
2215.9700621557236,-73.39792833330092,-73.39792833330092
2215.9800621557238,-73.39931396427856,-73.39931396427856
2215.9900621557235,-73.40069952299643,-73.40069952299643
2216.0000621557238,-73.40208514014464,-73.40208514014464
2216.0100621557235,-73.40347094463996,-73.40347094463996
2216.0200621557237,-73.40485706364352,-73.40485706364352
2216.0300621557235,-73.40624362256433,-73.40624362256433
2216.0400621557237,-73.40763074507642,-73.40763074507642
2216.0500621557235,-73.40901855311027,-73.40901855311027
2216.0600621557237,-73.4104071668719,-73.4104071668719
2216.0700621557235,-73.41179670484348,-73.41179670484348
2216.0800621557237,-73.4131872838055,-73.4131872838055
2216.0900621557234,-73.41457901882744,-73.41457901882744
2216.1000621557237,-73.41597202327999,-73.41597202327999
2216.1100621557234,-73.41736640886539,-73.41736640886539
2216.1200621557236,-73.41876228559474,-73.41876228559474
2216.1300621557234,-73.42015976182599,-73.42015976182599
2216.1400621557236,-73.4215589442565,-73.4215589442565
2216.1500621557234,-73.42295993794491,-73.42295993794491
2216.1600621557236,-73.42436284631387,-73.42436284631387
2216.1700621557234,-73.42576777116963,-73.42576777116963
2216.1800621557236,-73.42717481269878,-73.42717481269878
2216.1900621557234,-73.42858406950867,-73.42858406950867
2216.2000621557236,-73.42999563860748,-73.42999563860748
2216.210062155724,-73.43140961543415,-73.43140961543415
2216.2200621557236,-73.43282609386875,-73.43282609386875
2216.2300621557238,-73.4342451662453,-73.4342451662453
2216.2400621557235,-73.43566692335519,-73.43566692335519
2216.2500621557238,-73.43709145447104,-73.43709145447104
2216.2600621557235,-73.43851884736655,-73.43851884736655
2216.2700621557237,-73.43994918830982,-73.43994918830982
2216.2800621557235,-73.44138256209602,-73.44138256209602
2216.2900621557237,-73.44281905204208,-73.44281905204208
2216.3000621557235,-73.44425874002438,-73.44425874002438
2216.3100621557237,-73.44570170646811,-73.44570170646811
2216.3200621557235,-73.44714803037536,-73.44714803037536
2216.3300621557237,-73.44859778933638,-73.44859778933638
2216.3400621557234,-73.4500510595498,-73.4500510595498
2216.3500621557237,-73.45150791581753,-73.45150791581753
2216.3600621557234,-73.45296843158667,-73.45296843158667
2216.3700621557236,-73.45443267894382,-73.45443267894382
2216.3800621557234,-73.45590072862909,-73.45590072862909
2216.3900621557236,-73.457372650066,-73.457372650066
2216.4000621557234,-73.45884851135777,-73.45884851135777
2216.4100621557236,-73.46032837931673,-73.46032837931673
2216.4200621557234,-73.46181231945917,-73.46181231945917
2216.4300621557236,-73.46330039604776,-73.46330039604776
2216.4400621557234,-73.46479267208257,-73.46479267208257
2216.4500621557236,-73.4662892093273,-73.4662892093273
2216.460062155724,-73.46779006831692,-73.46779006831692
2216.4700621557236,-73.46929530837441,-73.46929530837441
2216.4800621557238,-73.47080498762145,-73.47080498762145
2216.4900621557235,-73.47231916300134,-73.47231916300134
2216.5000621557238,-73.4738378902877,-73.4738378902877
2216.5100621557235,-73.47536122409824,-73.47536122409824
2216.5200621557237,-73.4768892179045,-73.4768892179045
2216.5300621557235,-73.47842192406245,-73.47842192406245
2216.5400621557237,-73.47995939379837,-73.47995939379837
2216.5500621557235,-73.48150167725426,-73.48150167725426
2216.5600621557237,-73.48304882347203,-73.48304882347203
2216.5700621557235,-73.48460088043333,-73.48460088043333
2216.5800621557237,-73.48615789505311,-73.48615789505311
2216.5900621557234,-73.48771991320442,-73.48771991320442
2216.6000621557237,-73.48928697971675,-73.48928697971675
2216.6100621557234,-73.4908591384246,-73.4908591384246
2216.6200621557236,-73.49243643213107,-73.49243643213107
2216.6300621557234,-73.49401890267087,-73.49401890267087
2216.6400621557236,-73.49560659087314,-73.49560659087314
2216.6500621557234,-73.49719953662282,-73.49719953662282
2216.6600621557236,-73.49879777883325,-73.49879777883325
2216.6700621557234,-73.50040135548603,-73.50040135548603
2216.6800621557236,-73.50201030364029,-73.50201030364029
2216.6900621557234,-73.50362465942432,-73.50362465942432
2216.7000621557236,-73.50524445806738,-73.50524445806738
2216.710062155724,-73.50686332413049,-73.50686332413049
2216.7200621557236,-73.50847848425246,-73.50847848425246
2216.7300621557238,-73.51008860443662,-73.51008860443662
2216.7400621557235,-73.51169301653391,-73.51169301653391
2216.7500621557238,-73.51329142300136,-73.51329142300136
2216.7600621557235,-73.51488374364679,-73.51488374364679
2216.7700621557237,-73.51647002573806,-73.51647002573806
2216.7800621557235,-73.51805039002826,-73.51805039002826
2216.7900621557237,-73.519624998295,-73.519624998295
2216.8000621795654,-73.52119403759377,-73.52119403759377
2216.8100621795656,-73.52275769369149,-73.52275769369149
2216.8200621795654,-73.52431616672376,-73.52431616672376
2216.8300621795656,-73.52586965228141,-73.52586965228141
2216.8400621795654,-73.5274183430173,-73.5274183430173
2216.8500621795656,-73.52896242760235,-73.52896242760235
2216.8600621795654,-73.530502090287,-73.530502090287
2216.8700621795656,-73.53203751083562,-73.53203751083562
2216.8800621795654,-73.53356886468056,-73.53356886468056
2216.8900621795656,-73.53509632317468,-73.53509632317468
2216.9000621795653,-73.53662005388084,-73.53662005388084
2216.9100621795656,-73.53814022087094,-73.53814022087094
2216.9200621795653,-73.53965698503971,-73.53965698503971
2216.9300621795655,-73.54117050433959,-73.54117050433959
2216.9400621795653,-73.54268093404053,-73.54268093404053
2216.9500621795655,-73.54418842694132,-73.54418842694132
2216.9600621795653,-73.54569313353146,-73.54569313353146
2216.9700621795655,-73.54719520216698,-73.54719520216698
2216.9800621795653,-73.54869477921523,-73.54869477921523
2216.9900621795655,-73.55019200913921,-73.55019200913921
2217.0000621795652,-73.55168703460537,-73.55168703460537
2217.0100621795655,-73.5531799965706,-73.5531799965706
2217.0200621795652,-73.55467103433827,-73.55467103433827
2217.0300621795654,-73.5561602856086,-73.5561602856086
2217.040062179565,-73.55764788653225,-73.55764788653225
2217.0500621795654,-73.55913397174007,-73.55913397174007
2217.0600621795656,-73.56061867438717,-73.56061867438717
2217.0700621795654,-73.5621021261484,-73.5621021261484
2217.0800621795656,-73.56358445725226,-73.56358445725226
2217.0900621795654,-73.56506579651348,-73.56506579651348
2217.1000621795656,-73.56654627129844,-73.56654627129844
2217.1100621795654,-73.56802600757882,-73.56802600757882
2217.1200621795656,-73.56950512991058,-73.56950512991058
2217.1300621795654,-73.57098376145174,-73.57098376145174
2217.1400621795656,-73.57246202395905,-73.57246202395905
2217.1500621795653,-73.57394003778401,-73.57394003778401
2217.1600621795656,-73.57541792188695,-73.57541792188695
2217.1700621795653,-73.57689579384565,-73.57689579384565
2217.1800621795655,-73.57837376981145,-73.57837376981145
2217.1900621795653,-73.57985196456897,-73.57985196456897
2217.2000621795655,-73.58133049148081,-73.58133049148081
2217.2100621795653,-73.58280946252708,-73.58280946252708
2217.2200621795655,-73.58428898829177,-73.58428898829177
2217.2300621795653,-73.5857691779536,-73.5857691779536
2217.2400621795655,-73.58725013929762,-73.58725013929762
2217.2500621795652,-73.58873197872369,-73.58873197872369
2217.2600621795655,-73.59021480121504,-73.59021480121504
2217.2700621795652,-73.59169871038311,-73.59169871038311
2217.2800621795654,-73.59318380843133,-73.59318380843133
2217.290062179565,-73.59467019618933,-73.59467019618933
2217.3000621795654,-73.59615797308084,-73.59615797308084
2217.3100621795656,-73.59764723715455,-73.59764723715455
2217.3200621795654,-73.59913808508209,-73.59913808508209
2217.3300621795656,-73.60063061214578,-73.60063061214578
2217.3400621795654,-73.60212491227271,-73.60212491227271
2217.3500621795656,-73.60362107800272,-73.60362107800272
2217.3600621795654,-73.60511920052495,-73.60511920052495
2217.3700621795656,-73.60661936965735,-73.60661936965735
2217.3800621795654,-73.60812167388052,-73.60812167388052
2217.3900621795656,-73.60962620031552,-73.60962620031552
2217.4000621795653,-73.6111330347532,-73.6111330347532
2217.4100621795656,-73.61264226164818,-73.61264226164818
2217.4200621795653,-73.61415396412,-73.61415396412
2217.4300621795655,-73.615668223989,-73.615668223989
2217.4400621795653,-73.61718512174153,-73.61718512174153
2217.4500621795655,-73.61870473657973,-73.61870473657973
2217.4600621795653,-73.62022714640156,-73.62022714640156
2217.4700621795655,-73.6217524278227,-73.6217524278227
2217.4800621795653,-73.62328065618068,-73.62328065618068
2217.4900621795655,-73.62481190554786,-73.62481190554786
2217.5000621795652,-73.62634624873607,-73.62634624873607
2217.5100621795655,-73.62788375730749,-73.62788375730749
2217.5200621795652,-73.62942450158815,-73.62942450158815
2217.5300621795654,-73.63096855066516,-73.63096855066516
2217.540062179565,-73.63251597241887,-73.63251597241887
2217.5500621795654,-73.63406683350969,-73.63406683350969
2217.5600621795656,-73.63562119940777,-73.63562119940777
2217.5700621795654,-73.63717913440425,-73.63717913440425
2217.5800621795656,-73.63874070159689,-73.63874070159689
2217.5900621795654,-73.64030596291455,-73.64030596291455
2217.6000621795656,-73.64187497913308,-73.64187497913308
2217.6100621795654,-73.6434478098957,-73.6434478098957
2217.6200621795656,-73.64502451370402,-73.64502451370402
2217.6300621795654,-73.64660514793411,-73.64660514793411
2217.6400621795656,-73.64818976885918,-73.64818976885918
2217.6500622034073,-73.6497784354196,-73.6497784354196
2217.6600622034075,-73.65137119415502,-73.65137119415502
2217.6700622034073,-73.65296810182426,-73.65296810182426
2217.6800622034075,-73.65456921036507,-73.65456921036507
2217.6900622034073,-73.65617457065964,-73.65617457065964
2217.7000622034075,-73.65778423255149,-73.65778423255149
2217.7100622034072,-73.65939824484425,-73.65939824484425
2217.7200622034075,-73.66101665531312,-73.66101665531312
2217.730062203407,-73.66263951074592,-73.66263951074592
2217.7400622034074,-73.66426685691386,-73.66426685691386
2217.750062203407,-73.66589873861416,-73.66589873861416
2217.7600622034074,-73.66753519966194,-73.66753519966194
2217.770062203407,-73.66917628290933,-73.66917628290933
2217.7800622034074,-73.67082203027218,-73.67082203027218
2217.790062203407,-73.67247248270296,-73.67247248270296
2217.8000622034074,-73.67412768023385,-73.67412768023385
2217.810062203407,-73.67578766197856,-73.67578766197856
2217.8200622034074,-73.67745246614447,-73.67745246614447
2217.830062203407,-73.67912213005495,-73.67912213005495
2217.8400622034073,-73.68079669012536,-73.68079669012536
2217.850062203407,-73.68247618191688,-73.68247618191688
2217.8600622034073,-73.6841606401129,-73.6841606401129
2217.870062203407,-73.68585009856537,-73.68585009856537
2217.8800622034073,-73.68754459026047,-73.68754459026047
2217.890062203407,-73.68924414737224,-73.68924414737224
2217.9000622034073,-73.69094880124675,-73.69094880124675
2217.9100622034075,-73.69265858242616,-73.69265858242616
2217.9200622034073,-73.69437352065509,-73.69437352065509
2217.9300622034075,-73.69609364488369,-73.69609364488369
2217.9400622034073,-73.69781898329664,-73.69781898329664
2217.9500622034075,-73.69954956329961,-73.69954956329961
2217.9600622034072,-73.70128541153545,-73.70128541153545
2217.9700622034075,-73.70302655392696,-73.70302655392696
2217.980062203407,-73.70477301563795,-73.70477301563795
2217.9900622034074,-73.70652482111227,-73.70652482111227
2218.000062203407,-73.70828199407823,-73.70828199407823
2218.0100622034074,-73.71004455755266,-73.71004455755266
2218.020062203407,-73.71181253387095,-73.71181253387095
2218.0300622034074,-73.71358594465514,-73.71358594465514
2218.040062203407,-73.71536481086558,-73.71536481086558
2218.0500622034074,-73.7171491528041,-73.7171491528041
2218.060062203407,-73.71893899008965,-73.71893899008965
2218.0700622034074,-73.72073434170959,-73.72073434170959
2218.080062203407,-73.72253522600107,-73.72253522600107
2218.0900622034073,-73.72434166067436,-73.72434166067436
2218.100062203407,-73.72615366281849,-73.72615366281849
2218.1100622034073,-73.72797124890835,-73.72797124890835
2218.120062203407,-73.729794434812,-73.729794434812
2218.1300622034073,-73.73162323579645,-73.73162323579645
2218.140062203407,-73.73345766655001,-73.73345766655001
2218.1500622034073,-73.73529774118046,-73.73529774118046
2218.1600622034075,-73.7371434732246,-73.7371434732246
2218.1700622034073,-73.7389948756585,-73.7389948756585
2218.1800622034075,-73.74085196089838,-73.74085196089838
2218.1900622034073,-73.74271474081236,-73.74271474081236
2218.2000622034075,-73.7445832267453,-73.7445832267453
2218.2100622034072,-73.74645742950831,-73.74645742950831
2218.2200622034075,-73.74833735938041,-73.74833735938041
2218.230062203407,-73.75022302613189,-73.75022302613189
2218.2400622034074,-73.75211443902793,-73.75211443902793
2218.250062203407,-73.75401160684018,-73.75401160684018
2218.2600622034074,-73.75591453783716,-73.75591453783716
2218.270062203407,-73.75782323981815,-73.75782323981815
2218.2800622034074,-73.75973772008962,-73.75973772008962
2218.290062203407,-73.76165798550248,-73.76165798550248
2218.3000622034074,-73.76358404244361,-73.76358404244361
2218.310062203407,-73.76551589683534,-73.76551589683534
2218.3200622034074,-73.76745355416432,-73.76745355416432
2218.330062203407,-73.7693970194674,-73.7693970194674
2218.3400622034073,-73.7713462973467,-73.7713462973467
2218.350062203407,-73.77330139199026,-73.77330139199026
2218.3600622034073,-73.77526230714541,-73.77526230714541
2218.370062203407,-73.77722904616677,-73.77722904616677
2218.3800622034073,-73.77920161198047,-73.77920161198047
2218.390062203407,-73.78118000712617,-73.78118000712617
2218.4000622034073,-73.78316423373842,-73.78316423373842
2218.4100622034075,-73.7851542935603,-73.7851542935603
2218.4200622034073,-73.78715018796933,-73.78715018796933
2218.4300622034075,-73.78915191794958,-73.78915191794958
2218.4400622034073,-73.79115948412611,-73.79115948412611
2218.4500622034075,-73.79317288674912,-73.79317288674912
2218.4600622034072,-73.79519212571493,-73.79519212571493
2218.4700622034075,-73.79721720056651,-73.79721720056651
2218.480062203407,-73.79924811049975,-73.79924811049975
2218.4900622034074,-73.80128485436998,-73.80128485436998
2218.500062227249,-73.80332743554932,-73.80332743554932
2218.5100622272494,-73.80537584252491,-73.80537584252491
2218.520062227249,-73.80743007799434,-73.80743007799434
2218.5300622272493,-73.80949013948769,-73.80949013948769
2218.540062227249,-73.81155602424226,-73.81155602424226
2218.5500622272493,-73.81362772917733,-73.81362772917733
2218.560062227249,-73.81570525089234,-73.81570525089234
2218.5700622272493,-73.81778858570769,-73.81778858570769
2218.580062227249,-73.81987772962651,-73.81987772962651
2218.5900622272493,-73.82197267838207,-73.82197267838207
2218.600062227249,-73.82407342741426,-73.82407342741426
2218.6100622272493,-73.82617997188754,-73.82617997188754
2218.620062227249,-73.82829230668125,-73.82829230668125
2218.6300622272493,-73.8304104264142,-73.8304104264142
2218.640062227249,-73.8325343254288,-73.8325343254288
2218.6500622272492,-73.83466399781263,-73.83466399781263
2218.660062227249,-73.83679943739928,-73.83679943739928
2218.670062227249,-73.83894063776266,-73.83894063776266
2218.680062227249,-73.84108759222589,-73.84108759222589
2218.690062227249,-73.84324029387287,-73.84324029387287
2218.700062227249,-73.84539873554768,-73.84539873554768
2218.710062227249,-73.84756290985077,-73.84756290985077
2218.720062227249,-73.84973280916174,-73.84973280916174
2218.730062227249,-73.85190842562481,-73.85190842562481
2218.740062227249,-73.85408975116358,-73.85408975116358
2218.750062227249,-73.85627677748172,-73.85627677748172
2218.7600622272494,-73.85846949606496,-73.85846949606496
2218.770062227249,-73.86066789818504,-73.86066789818504
2218.7800622272493,-73.86287197490628,-73.86287197490628
2218.790062227249,-73.86508171709804,-73.86508171709804
2218.8000622272493,-73.86729711541241,-73.86729711541241
2218.810062227249,-73.86951816030583,-73.86951816030583
2218.8200622272493,-73.87174484205659,-73.87174484205659
2218.830062227249,-73.87397715074327,-73.87397715074327
2218.8400622272493,-73.87621507624837,-73.87621507624837
2218.850062227249,-73.87845860827652,-73.87845860827652
2218.8600622272493,-73.88070773635593,-73.88070773635593
2218.870062227249,-73.8829624498453,-73.8829624498453
2218.8800622272493,-73.88522273790367,-73.88522273790367
2218.890062227249,-73.88748858954794,-73.88748858954794
2218.9000622272492,-73.88975999361946,-73.88975999361946
2218.910062227249,-73.89203693878137,-73.89203693878137
2218.920062227249,-73.89431941355234,-73.89431941355234
2218.930062227249,-73.89660740628804,-73.89660740628804
2218.940062227249,-73.89890090518624,-73.89890090518624
2218.950062227249,-73.90119989828996,-73.90119989828996
2218.960062227249,-73.90350437350162,-73.90350437350162
2218.970062227249,-73.9058143185682,-73.9058143185682
2218.980062227249,-73.90812972110534,-73.90812972110534
2218.990062227249,-73.91045056857571,-73.91045056857571
2219.000062227249,-73.91277684830534,-73.91277684830534
2219.0100622272494,-73.9151085475058,-73.9151085475058
2219.020062227249,-73.91744565322415,-73.91744565322415
2219.0300622272493,-73.91978815239437,-73.91978815239437
2219.040062227249,-73.92213603182589,-73.92213603182589
2219.0500622272493,-73.92448927819736,-73.92448927819736
2219.060062227249,-73.9268478780608,-73.9268478780608
2219.0700622272493,-73.92921181786659,-73.92921181786659
2219.080062227249,-73.93158108392483,-73.93158108392483
2219.0900622272493,-73.93395566244526,-73.93395566244526
2219.100062227249,-73.93633553952839,-73.93633553952839
2219.1100622272493,-73.93872070114453,-73.93872070114453
2219.120062227249,-73.94111113318311,-73.94111113318311
2219.1300622272493,-73.94350682140028,-73.94350682140028
2219.140062227249,-73.94590775147746,-73.94590775147746
2219.1500622272492,-73.94831390897212,-73.94831390897212
2219.160062227249,-73.95072527936222,-73.95072527936222
2219.170062227249,-73.9531418480022,-73.9531418480022
2219.180062227249,-73.95556360018492,-73.95556360018492
2219.190062227249,-73.95799052107924,-73.95799052107924
2219.200062227249,-73.96042259578698,-73.96042259578698
2219.210062227249,-73.96285335561984,-73.96285335561984
2219.220062227249,-73.965279956579,-73.965279956579
2219.230062227249,-73.96770100372014,-73.96770100372014
2219.240062227249,-73.97011577284597,-73.97011577284597
2219.250062227249,-73.97252391351472,-73.97252391351472
2219.2600622272494,-73.97492529482727,-73.97492529482727
2219.270062227249,-73.97731991504982,-73.97731991504982
2219.2800622272493,-73.97970784730909,-73.97970784730909
2219.290062227249,-73.98208920697108,-73.98208920697108
2219.3000622272493,-73.98446413200692,-73.98446413200692
2219.310062227249,-73.9868327713505,-73.9868327713505
2219.3200622272493,-73.98919527798418,-73.98919527798418
2219.330062227249,-73.9915518050386,-73.9915518050386
2219.3400622272493,-73.99390250358078,-73.99390250358078
2219.350062251091,-73.99624752713123,-73.99624752713123
2219.360062251091,-73.99858700884624,-73.99858700884624
2219.370062251091,-74.0009210949883,-74.0009210949883
2219.380062251091,-74.0032499226927,-74.0032499226927
2219.390062251091,-74.00557362577119,-74.00557362577119
2219.400062251091,-74.00789233501378,-74.00789233501378
2219.410062251091,-74.01020617846379,-74.01020617846379
2219.420062251091,-74.01251528170445,-74.01251528170445
2219.430062251091,-74.01481976808411,-74.01481976808411
2219.440062251091,-74.0171197589818,-74.0171197589818
2219.450062251091,-74.01941537396488,-74.01941537396488
2219.460062251091,-74.02170673097991,-74.02170673097991
2219.470062251091,-74.02399394650409,-74.02399394650409
2219.480062251091,-74.02627713564763,-74.02627713564763
2219.490062251091,-74.02855641226404,-74.02855641226404
2219.500062251091,-74.03083188903166,-74.03083188903166
2219.510062251091,-74.03310367752637,-74.03310367752637
2219.520062251091,-74.03537188827293,-74.03537188827293
2219.530062251091,-74.03763663077974,-74.03763663077974
2219.540062251091,-74.03989801358905,-74.03989801358905
2219.550062251091,-74.04215614428608,-74.04215614428608
2219.560062251091,-74.04441112952375,-74.04441112952375
2219.570062251091,-74.04666307504749,-74.04666307504749
2219.580062251091,-74.04891208569508,-74.04891208569508
2219.590062251091,-74.05115826540487,-74.05115826540487
2219.600062251091,-74.05340171719939,-74.05340171719939
2219.610062251091,-74.05564254321956,-74.05564254321956
2219.620062251091,-74.05788084468706,-74.05788084468706
2219.630062251091,-74.06011672192524,-74.06011672192524
2219.640062251091,-74.06235027435169,-74.06235027435169
2219.650062251091,-74.06458160044185,-74.06458160044185
2219.660062251091,-74.06681079777336,-74.06681079777336
2219.670062251091,-74.0690379629633,-74.0690379629633
2219.680062251091,-74.07126319171817,-74.07126319171817
2219.690062251091,-74.07348657877105,-74.07348657877105
2219.700062251091,-74.07570821791577,-74.07570821791577
2219.710062251091,-74.07792173855529,-74.07792173855529
2219.720062251091,-74.08012439950147,-74.08012439950147
2219.730062251091,-74.08231490992603,-74.08231490992603
2219.740062251091,-74.08449264988606,-74.08449264988606
2219.750062251091,-74.08665737285042,-74.08665737285042
2219.760062251091,-74.08880905125629,-74.08880905125629
2219.770062251091,-74.09094778600596,-74.09094778600596
2219.780062251091,-74.09307375209903,-74.09307375209903
2219.790062251091,-74.09518716591695,-74.09518716591695
2219.800062251091,-74.09728826561337,-74.09728826561337
2219.810062251091,-74.09937729938018,-74.09937729938018
2219.820062251091,-74.10145451859061,-74.10145451859061
2219.830062251091,-74.1035201738001,-74.1035201738001
2219.840062251091,-74.10556546891317,-74.10556546891317
2219.850062251091,-74.10758014399207,-74.10758014399207
2219.860062251091,-74.10955535387204,-74.10955535387204
2219.870062251091,-74.11148393081561,-74.11148393081561
2219.880062251091,-74.11336003901087,-74.11336003901087
2219.890062251091,-74.11517883577659,-74.11517883577659
2219.900062251091,-74.11693623851436,-74.11693623851436
2219.910062251091,-74.11862877507428,-74.11862877507428
2219.920062251091,-74.1202534848342,-74.1202534848342
2219.930062251091,-74.12180784844266,-74.12180784844266
2219.940062251091,-74.12328973372742,-74.12328973372742
2219.950062251091,-74.12469735128293,-74.12469735128293
2219.960062251091,-74.12602921650385,-74.12602921650385
2219.970062251091,-74.12728411629529,-74.12728411629529
2219.980062251091,-74.1284610795786,-74.1284610795786
2219.990062251091,-74.12955935107048,-74.12955935107048
2220.000062251091,-74.13057836791715,-74.13057836791715
2220.010062251091,-74.1315177388884,-74.1315177388884
2220.020062251091,-74.13237722582313,-74.13237722582313
2220.030062251091,-74.13315672717368,-74.13315672717368
2220.040062251091,-74.13385626330586,-74.13385626330586
2220.050062251091,-74.1344759634811,-74.1344759634811
2220.060062251091,-74.13501605422971,-74.13501605422971
2220.070062251091,-74.13547684902645,-74.13547684902645
2220.080062251091,-74.13585873906396,-74.13585873906396
2220.090062251091,-74.13616218503812,-74.13616218503812
2220.100062251091,-74.13638770978838,-74.13638770978838
2220.110062251091,-74.13653589174466,-74.13653589174466
2220.120062251091,-74.13660735902067,-74.13660735902067
2220.130062251091,-74.13660278412328,-74.13660278412328
2220.140062251091,-74.13652287921344,-74.13652287921344
2220.150062251091,-74.13636839179964,-74.13636839179964
2220.160062251091,-74.13614010088567,-74.13614010088567
2220.170062251091,-74.13583881349852,-74.13583881349852
2220.180062251091,-74.13546536149883,-74.13546536149883
2220.190062251091,-74.13502059871101,-74.13502059871101
2220.200062274933,-74.1345053971208,-74.1345053971208
2220.210062274933,-74.1339206492254,-74.1339206492254
2220.220062274933,-74.13326725904501,-74.13326725904501
2220.230062274933,-74.13254614452559,-74.13254614452559
2220.240062274933,-74.13175823470688,-74.13175823470688
2220.250062274933,-74.13090446805465,-74.13090446805465
2220.260062274933,-74.12998579098287,-74.12998579098287
2220.270062274933,-74.12900315645014,-74.12900315645014
2220.280062274933,-74.1279575227156,-74.1279575227156
2220.290062274933,-74.12684985213961,-74.12684985213961
2220.3000622749328,-74.12568111015226,-74.12568111015226
2220.310062274933,-74.12445226423904,-74.12445226423904
2220.3200622749328,-74.12316428305044,-74.12316428305044
2220.330062274933,-74.12181813555566,-74.12181813555566
2220.3400622749327,-74.12041479026733,-74.12041479026733
2220.350062274933,-74.1189552145515,-74.1189552145515
2220.3600622749327,-74.11744037394242,-74.11744037394242
2220.370062274933,-74.11587123155648,-74.11587123155648
2220.3800622749327,-74.11424874752448,-74.11424874752448
2220.390062274933,-74.11257387847715,-74.11257387847715
2220.4000622749327,-74.11084757706023,-74.11084757706023
2220.410062274933,-74.10907079152146,-74.10907079152146
2220.4200622749327,-74.1072444652615,-74.1072444652615
2220.430062274933,-74.1053695364938,-74.1053695364938
2220.4400622749326,-74.10344693788034,-74.10344693788034
2220.450062274933,-74.10147759623095,-74.10147759623095
2220.460062274933,-74.099462432189,-74.099462432189
2220.470062274933,-74.097402359991,-74.097402359991
2220.480062274933,-74.09529828717572,-74.09529828717572
2220.490062274933,-74.09315111441757,-74.09315111441757
2220.500062274933,-74.09096173527149,-74.09096173527149
2220.510062274933,-74.0887310359936,-74.0887310359936
2220.520062274933,-74.08645989538138,-74.08645989538138
2220.530062274933,-74.08414918461801,-74.08414918461801
2220.540062274933,-74.08179976710719,-74.08179976710719
2220.5500622749328,-74.07941249837485,-74.07941249837485
2220.560062274933,-74.07698822593382,-74.07698822593382
2220.5700622749328,-74.07452778920094,-74.07452778920094
2220.580062274933,-74.0720320193746,-74.0720320193746
2220.5900622749327,-74.06950173939046,-74.06950173939046
2220.600062274933,-74.0669377638207,-74.0669377638207
2220.6100622749327,-74.06434089883072,-74.06434089883072
2220.620062274933,-74.06171194212634,-74.06171194212634
2220.6300622749327,-74.05905168290198,-74.05905168290198
2220.640062274933,-74.05636090179945,-74.05636090179945
2220.6500622749327,-74.05364037091455,-74.05364037091455
2220.660062274933,-74.05089085371466,-74.05089085371466
2220.6700622749327,-74.04811310509346,-74.04811310509346
2220.680062274933,-74.04530787129144,-74.04530787129144
2220.6900622749326,-74.04247588996733,-74.04247588996733
2220.700062274933,-74.03961789013958,-74.03961789013958
2220.710062274933,-74.0367345922194,-74.0367345922194
2220.720062274933,-74.03382670802529,-74.03382670802529
2220.730062274933,-74.03089494077945,-74.03089494077945
2220.740062274933,-74.02793998517312,-74.02793998517312
2220.750062274933,-74.02496252732519,-74.02496252732519
2220.760062274933,-74.02196324488204,-74.02196324488204
2220.770062274933,-74.01894280699904,-74.01894280699904
2220.780062274933,-74.01590187439153,-74.01590187439153
2220.790062274933,-74.01284109938135,-74.01284109938135
2220.8000622749328,-74.0097611259298,-74.0097611259298
2220.810062274933,-74.00666258968138,-74.00666258968138
2220.8200622749328,-74.00354611801534,-74.00354611801534
2220.830062274933,-74.0004123300796,-74.0004123300796
2220.8400622749327,-73.99726183687602,-73.99726183687602
2220.850062274933,-73.99409524126473,-73.99409524126473
2220.8600622749327,-73.99091313806962,-73.99091313806962
2220.870062274933,-73.98771611409772,-73.98771611409772
2220.8800622749327,-73.98450474820822,-73.98450474820822
2220.890062274933,-73.98127961137918,-73.98127961137918
2220.9000622749327,-73.97804126677492,-73.97804126677492
2220.910062274933,-73.97479026976177,-73.97479026976177
2220.9200622749327,-73.97152716805061,-73.97152716805061
2220.930062274933,-73.96825250168523,-73.96825250168523
2220.9400622749326,-73.96496680315586,-73.96496680315586
2220.950062274933,-73.9616705974464,-73.9616705974464
2220.960062274933,-73.95836440210206,-73.95836440210206
2220.970062274933,-73.95504872731031,-73.95504872731031
2220.980062274933,-73.95172407594217,-73.95172407594217
2220.990062274933,-73.94839094365042,-73.94839094365042
2221.000062274933,-73.9450498189241,-73.9450498189241
2221.010062274933,-73.94170118315327,-73.94170118315327
2221.020062274933,-73.93834551071967,-73.93834551071967
2221.030062274933,-73.93498326905139,-73.93498326905139
2221.040062274933,-73.931614918683,-73.931614918683
2221.0500622987747,-73.92824090531208,-73.92824090531208
2221.060062298775,-73.92486169200959,-73.92486169200959
2221.0700622987747,-73.9214777110704,-73.9214777110704
2221.080062298775,-73.91808939622823,-73.91808939622823
2221.0900622987747,-73.91469717469721,-73.91469717469721
2221.100062298775,-73.91130146722406,-73.91130146722406
2221.1100622987747,-73.9079026881904,-73.9079026881904
2221.120062298775,-73.90450124564018,-73.90450124564018
2221.1300622987746,-73.90109754140252,-73.90109754140252
2221.140062298775,-73.89769197111913,-73.89769197111913
2221.1500622987746,-73.89428492433937,-73.89428492433937
2221.160062298775,-73.89087678457221,-73.89087678457221
2221.1700622987746,-73.88746792938524,-73.88746792938524
2221.180062298775,-73.88405873043259,-73.88405873043259
2221.1900622987746,-73.88064955355627,-73.88064955355627
2221.200062298775,-73.8772407588407,-73.8772407588407
2221.2100622987746,-73.87382625872762,-73.87382625872762
2221.220062298775,-73.87040358098271,-73.87040358098271
2221.2300622987746,-73.86697169770996,-73.86697169770996
2221.240062298775,-73.86353024798491,-73.86353024798491
2221.2500622987745,-73.86007924071748,-73.86007924071748
2221.2600622987748,-73.85661890006108,-73.85661890006108
2221.2700622987745,-73.85314957462434,-73.85314957462434
2221.2800622987747,-73.84967168292366,-73.84967168292366
2221.2900622987745,-73.84618568051602,-73.84618568051602
2221.3000622987747,-73.84269204025053,-73.84269204025053
2221.310062298775,-73.83919124057118,-73.83919124057118
2221.3200622987747,-73.83568375859119,-73.83568375859119
2221.330062298775,-73.83217006618098,-73.83217006618098
2221.3400622987747,-73.82865062782729,-73.82865062782729
2221.350062298775,-73.82512589961658,-73.82512589961658
2221.3600622987747,-73.82159632883732,-73.82159632883732
2221.370062298775,-73.81806235398862,-73.81806235398862
2221.3800622987746,-73.8145244049745,-73.8145244049745
2221.390062298775,-73.81098290341396,-73.81098290341396
2221.4000622987746,-73.80743826301811,-73.80743826301811
2221.410062298775,-73.8038908899359,-73.8038908899359
2221.4200622987746,-73.80034118312447,-73.80034118312447
2221.430062298775,-73.79678953467278,-73.79678953467278
2221.4400622987746,-73.79323633009274,-73.79323633009274
2221.450062298775,-73.78968194859331,-73.78968194859331
2221.4600622987746,-73.7861267633306,-73.7861267633306
2221.470062298775,-73.78257114161349,-73.78257114161349
2221.4800622987746,-73.77901544508953,-73.77901544508953
2221.490062298775,-73.77546002992143,-73.77546002992143
2221.5000622987745,-73.77190524694193,-73.77190524694193
2221.5100622987748,-73.76835144175816,-73.76835144175816
2221.5200622987745,-73.76479895489706,-73.76479895489706
2221.5300622987747,-73.76124812187197,-73.76124812187197
2221.5400622987745,-73.75769927332978,-73.75769927332978
2221.5500622987747,-73.75415273508801,-73.75415273508801
2221.560062298775,-73.75060882823271,-73.75060882823271
2221.5700622987747,-73.74706786919053,-73.74706786919053
2221.580062298775,-73.74353016976697,-73.74353016976697
2221.5900622987747,-73.73999603724089,-73.73999603724089
2221.600062298775,-73.73646577439514,-73.73646577439514
2221.6100622987747,-73.7329396795793,-73.7329396795793
2221.620062298775,-73.72941804674912,-73.72941804674912
2221.6300622987746,-73.72590116552418,-73.72590116552418
2221.640062298775,-73.72238932122353,-73.72238932122353
2221.6500622987746,-73.71888279490985,-73.71888279490985
2221.660062298775,-73.71538186344213,-73.71538186344213
2221.6700622987746,-73.71188679950914,-73.71188679950914
2221.680062298775,-73.70839787164725,-73.70839787164725
2221.6900622987746,-73.70491534430697,-73.70491534430697
2221.700062298775,-73.70143947788682,-73.70143947788682
2221.7100622987746,-73.69797052875731,-73.69797052875731
2221.720062298775,-73.69450874931513,-73.69450874931513
2221.7300622987746,-73.69105438800435,-73.69105438800435
2221.740062298775,-73.68760768937248,-73.68760768937248
2221.7500622987745,-73.68416889408132,-73.68416889408132
2221.7600622987748,-73.68073823895368,-73.68073823895368
2221.7700622987745,-73.67731595701521,-73.67731595701521
2221.7800622987747,-73.67390227753431,-73.67390227753431
2221.7900622987745,-73.67049742603864,-73.67049742603864
2221.8000622987747,-73.66710162437307,-73.66710162437307
2221.810062298775,-73.66371509071797,-73.66371509071797
2221.8200622987747,-73.66033803964002,-73.66033803964002
2221.830062298775,-73.6569706821102,-73.6569706821102
2221.8400622987747,-73.6536132255518,-73.6536132255518
2221.850062298775,-73.65026587387196,-73.65026587387196
2221.8600622987747,-73.64692882751295,-73.64692882751295
2221.870062298775,-73.64360228345753,-73.64360228345753
2221.8800622987746,-73.64028643528809,-73.64028643528809
2221.890062298775,-73.63698147321367,-73.63698147321367
2221.9000623226166,-73.63368757626657,-73.63368757626657
2221.910062322617,-73.63040494373757,-73.63040494373757
2221.9200623226166,-73.62713374806472,-73.62713374806472
2221.930062322617,-73.6238741663259,-73.6238741663259
2221.9400623226165,-73.6206263724122,-73.6206263724122
2221.9500623226168,-73.6173905370439,-73.6173905370439
2221.9600623226165,-73.6141668278212,-73.6141668278212
2221.9700623226167,-73.61095540925893,-73.61095540925893
2221.9800623226165,-73.60775644282273,-73.60775644282273
2221.9900623226167,-73.6045700869419,-73.6045700869419
2222.0000623226165,-73.60139649708957,-73.60139649708957
2222.0100623226167,-73.59823582575652,-73.59823582575652
2222.0200623226165,-73.59508822254278,-73.59508822254278
2222.0300623226167,-73.59195383415857,-73.59195383415857
2222.0400623226164,-73.58883280446933,-73.58883280446933
2222.0500623226167,-73.58572527452277,-73.58572527452277
2222.0600623226164,-73.58263138258604,-73.58263138258604
2222.0700623226166,-73.5795512641929,-73.5795512641929
2222.0800623226164,-73.57648505215481,-73.57648505215481
2222.0900623226166,-73.57343287660159,-73.57343287660159
2222.1000623226164,-73.57039486502562,-73.57039486502562
2222.1100623226166,-73.56737114229477,-73.56737114229477
2222.1200623226164,-73.56436183070896,-73.56436183070896
2222.1300623226166,-73.56136705000182,-73.56136705000182
2222.1400623226164,-73.55838691739966,-73.55838691739966
2222.1500623226166,-73.55542154764643,-73.55542154764643
2222.160062322617,-73.55247105303289,-73.55247105303289
2222.1700623226166,-73.5495355434197,-73.5495355434197
2222.180062322617,-73.54661512627905,-73.54661512627905
2222.1900623226165,-73.54370990672757,-73.54370990672757
2222.2000623226168,-73.54081998754423,-73.54081998754423
2222.2100623226165,-73.53794546920996,-73.53794546920996
2222.2200623226167,-73.535086449936,-73.535086449936
2222.2300623226165,-73.53224302570041,-73.53224302570041
2222.2400623226167,-73.52941529026339,-73.52941529026339
2222.2500623226165,-73.5266033352032,-73.5266033352032
2222.2600623226167,-73.52380724994963,-73.52380724994963
2222.2700623226165,-73.52102712180123,-73.52102712180123
2222.2800623226167,-73.51826303597451,-73.51826303597451
2222.2900623226164,-73.51551507561115,-73.51551507561115
2222.3000623226167,-73.51278332180324,-73.51278332180324
2222.3100623226164,-73.51006785364187,-73.51006785364187
2222.3200623226166,-73.50736874822805,-73.50736874822805
2222.3300623226164,-73.50468608072003,-73.50468608072003
2222.3400623226166,-73.50201992431961,-73.50201992431961
2222.3500623226164,-73.49937035034752,-73.49937035034752
2222.3600623226166,-73.49673742823012,-73.49673742823012
2222.3700623226164,-73.4941212255509,-73.4941212255509
2222.3800623226166,-73.49152180805498,-73.49152180805498
2222.3900623226164,-73.48893923969452,-73.48893923969452
2222.4000623226166,-73.4863735826457,-73.4863735826457
2222.410062322617,-73.48382489731894,-73.48382489731894
2222.4200623226166,-73.48129324242362,-73.48129324242362
2222.430062322617,-73.47877867494056,-73.47877867494056
2222.4400623226165,-73.47628125017495,-73.47628125017495
2222.4500623226168,-73.47380102178735,-73.47380102178735
2222.4600623226165,-73.47133163498462,-73.47133163498462
2222.4700623226167,-73.46887033450464,-73.46887033450464
2222.4800623226165,-73.4664158054442,-73.4664158054442
2222.4900623226167,-73.46396740008652,-73.46396740008652
2222.5000623226165,-73.46152484232745,-73.46152484232745
2222.5100623226167,-73.45908807382726,-73.45908807382726
2222.5200623226165,-73.4566571637053,-73.4566571637053
2222.5300623226167,-73.45423225417744,-73.45423225417744
2222.5400623226164,-73.45181352785967,-73.45181352785967
2222.5500623226167,-73.4494011880902,-73.4494011880902
2222.5600623226164,-73.4469954472325,-73.4469954472325
2222.5700623226166,-73.44459651977238,-73.44459651977238
2222.5800623226164,-73.44220461838795,-73.44220461838795
2222.5900623226166,-73.43981995179992,-73.43981995179992
2222.6000623226164,-73.43744272371528,-73.43744272371528
2222.6100623226166,-73.43507313238817,-73.43507313238817
2222.6200623226164,-73.4327113706273,-73.4327113706273
2222.6300623226166,-73.4303576259261,-73.4303576259261
2222.6400623226164,-73.42801208078109,-73.42801208078109
2222.6500623226166,-73.42567491296994,-73.42567491296994
2222.660062322617,-73.42334629591578,-73.42334629591578
2222.6700623226166,-73.4210263989979,-73.4210263989979
2222.680062322617,-73.41871538783299,-73.41871538783299
2222.6900623226165,-73.4164134245651,-73.4164134245651
2222.7000623226168,-73.41412066806059,-73.41412066806059
2222.7100623226165,-73.41183727414757,-73.41183727414757
2222.7200623226167,-73.4095633957896,-73.4095633957896
2222.7300623226165,-73.40729918324026,-73.40729918324026
2222.7400623226167,-73.40504478413516,-73.40504478413516
2222.7500623464584,-73.40280033833352,-73.40280033833352
2222.7600623464587,-73.40056599936183,-73.40056599936183
2222.7700623464584,-73.39834190238328,-73.39834190238328
2222.7800623464586,-73.39612818568497,-73.39612818568497
2222.7900623464584,-73.39392498542237,-73.39392498542237
2222.8000623464586,-73.3917324356229,-73.3917324356229
2222.8100623464584,-73.38955066825046,-73.38955066825046
2222.8200623464586,-73.38737981324111,-73.38737981324111
2222.8300623464584,-73.38521999852155,-73.38521999852155
2222.8400623464586,-73.38307135005225,-73.38307135005225
2222.8500623464583,-73.38093399183502,-73.38093399183502
2222.8600623464586,-73.3788080459583,-73.3788080459583
2222.8700623464583,-73.3766936325773,-73.3766936325773
2222.8800623464585,-73.37459086996908,-73.37459086996908
2222.8900623464583,-73.37249987451088,-73.37249987451088
2222.9000623464585,-73.37042076071559,-73.37042076071559
2222.9100623464583,-73.36835364123354,-73.36835364123354
2222.9200623464585,-73.36629862686132,-73.36629862686132
2222.9300623464583,-73.36425582656308,-73.36425582656308
2222.9400623464585,-73.36222534745922,-73.36222534745922
2222.9500623464583,-73.3602072948533,-73.3602072948533
2222.9600623464585,-73.35820177223802,-73.35820177223802
2222.9700623464582,-73.35620888129185,-73.35620888129185
2222.9800623464585,-73.35422872190071,-73.35422872190071
2222.990062346458,-73.3522613921576,-73.3522613921576
2223.0000623464584,-73.35030698837835,-73.35030698837835
2223.0100623464587,-73.34836560511293,-73.34836560511293
2223.0200623464584,-73.34643733513572,-73.34643733513572
2223.0300623464586,-73.34452226948342,-73.34452226948342
2223.0400623464584,-73.34262049743005,-73.34262049743005
2223.0500623464586,-73.34073210652296,-73.34073210652296
2223.0600623464584,-73.33885718259822,-73.33885718259822
2223.0700623464586,-73.33699580976287,-73.33699580976287
2223.0800623464584,-73.33514807042386,-73.33514807042386
2223.0900623464586,-73.33331404530347,-73.33331404530347
2223.1000623464583,-73.33149381342422,-73.33149381342422
2223.1100623464586,-73.32968745215453,-73.32968745215453
2223.1200623464583,-73.3278950372026,-73.3278950372026
2223.1300623464585,-73.32611664262126,-73.32611664262126
2223.1400623464583,-73.32435234084633,-73.32435234084633
2223.1500623464585,-73.32260220267153,-73.32260220267153
2223.1600623464583,-73.32086629729235,-73.32086629729235
2223.1700623464585,-73.31914469230986,-73.31914469230986
2223.1800623464583,-73.31743745373407,-73.31743745373407
2223.1900623464585,-73.31574464600722,-73.31574464600722
2223.2000623464583,-73.31406633201712,-73.31406633201712
2223.2100623464585,-73.31240257310898,-73.31240257310898
2223.2200623464582,-73.3107534290977,-73.3107534290977
2223.2300623464585,-73.30911895828478,-73.30911895828478
2223.240062346458,-73.30749921746676,-73.30749921746676
2223.2500623464584,-73.3058942619575,-73.3058942619575
2223.2600623464587,-73.30430414559633,-73.30430414559633
2223.2700623464584,-73.30272892077075,-73.30272892077075
2223.2800623464586,-73.30116863840877,-73.30116863840877
2223.2900623464584,-73.29962334802742,-73.29962334802742
2223.3000623464586,-73.29809309772448,-73.29809309772448
2223.3100623464584,-73.29657793419199,-73.29657793419199
2223.3200623464586,-73.2950779027492,-73.2950779027492
2223.3300623464584,-73.29359304734035,-73.29359304734035
2223.3400623464586,-73.29212341056122,-73.29212341056122
2223.3500623464583,-73.29066903365066,-73.29066903365066
2223.3600623464586,-73.2892299565406,-73.2892299565406
2223.3700623464583,-73.28780621784804,-73.28780621784804
2223.3800623464585,-73.28639785489662,-73.28639785489662
2223.3900623464583,-73.28500490373771,-73.28500490373771
2223.4000623464585,-73.28362739914175,-73.28362739914175
2223.4100623464583,-73.28226537464658,-73.28226537464658
2223.4200623464585,-73.28091886254393,-73.28091886254393
2223.4300623464583,-73.27958789392414,-73.27958789392414
2223.4400623464585,-73.27827249864251,-73.27827249864251
2223.4500623464583,-73.27697270540156,-73.27697270540156
2223.4600623464585,-73.27568215175324,-73.27568215175324
2223.4700623464582,-73.2743980655556,-73.2743980655556
2223.4800623464585,-73.27311911113408,-73.27311911113408
2223.490062346458,-73.27184461821805,-73.27184461821805
2223.5000623464584,-73.27057428720995,-73.27057428720995
2223.5100623464587,-73.26930803589906,-73.26930803589906
2223.5200623464584,-73.26804590946801,-73.26804590946801
2223.5300623464586,-73.26678802633397,-73.26678802633397
2223.5400623464584,-73.26553064522943,-73.26553064522943
2223.5500623464586,-73.26426812853964,-73.26426812853964
2223.5600623464584,-73.26299473917148,-73.26299473917148
2223.5700623464586,-73.26170531225111,-73.26170531225111
2223.5800623464584,-73.26039536326999,-73.26039536326999
2223.5900623464586,-73.25906102130564,-73.25906102130564
2223.6000623703003,-73.25769893058026,-73.25769893058026
2223.6100623703005,-73.25630617948099,-73.25630617948099
2223.6200623703003,-73.25488021457424,-73.25488021457424
2223.6300623703005,-73.25341880074664,-73.25341880074664
2223.6400623703003,-73.2519199760901,-73.2519199760901
2223.6500623703005,-73.25038201784355,-73.25038201784355
2223.6600623703002,-73.24880341415175,-73.24880341415175
2223.6700623703005,-73.24718284036172,-73.24718284036172
2223.6800623703,-73.2455191388872,-73.2455191388872
2223.6900623703004,-73.2438113019664,-73.2438113019664
2223.7000623703,-73.24205845680183,-73.24205845680183
2223.7100623703004,-73.24025346644933,-73.24025346644933
2223.7200623703,-73.2383928947625,-73.2383928947625
2223.7300623703004,-73.23647484375283,-73.23647484375283
2223.7400623703,-73.2344981742359,-73.2344981742359
2223.7500623703004,-73.2324622036084,-73.2324622036084
2223.7600623703,-73.23036654574099,-73.23036654574099
2223.7700623703004,-73.22821101491881,-73.22821101491881
2223.7800623703,-73.22599556625377,-73.22599556625377
2223.7900623703003,-73.2237202580976,-73.2237202580976
2223.8000623703,-73.22138522801757,-73.22138522801757
2223.8100623703003,-73.21899067699432,-73.21899067699432
2223.8200623703,-73.21653685882592,-73.21653685882592
2223.8300623703003,-73.21402407276614,-73.21402407276614
2223.8400623703,-73.21145265819656,-73.21145265819656
2223.8500623703003,-73.20882299061192,-73.20882299061192
2223.8600623703005,-73.20613547851401,-73.20613547851401
2223.8700623703003,-73.2033905608133,-73.2033905608133
2223.8800623703005,-73.200588704645,-73.200588704645
2223.8900623703003,-73.1977304034176,-73.1977304034176
2223.9000623703005,-73.19481617507871,-73.19481617507871
2223.9100623703002,-73.19184656047875,-73.19184656047875
2223.9200623703005,-73.18882212187533,-73.18882212187533
2223.9300623703,-73.18574344150244,-73.18574344150244
2223.9400623703004,-73.18261112019111,-73.18261112019111
2223.9500623703,-73.17942577611588,-73.17942577611588
2223.9600623703004,-73.1761880434972,-73.1761880434972
2223.9700623703,-73.17289857146474,-73.17289857146474
2223.9800623703004,-73.16955802289533,-73.16955802289533
2223.9900623703,-73.16616707332945,-73.16616707332945
2224.0000623703004,-73.16272640991689,-73.16272640991689
2224.0100623703,-73.15923673043973,-73.15923673043973
2224.0200623703004,-73.1556987423374,-73.1556987423374
2224.0300623703,-73.15211316180631,-73.15211316180631
2224.0400623703003,-73.14848071290363,-73.14848071290363
2224.0500623703,-73.14480212676061,-73.14480212676061
2224.0600623703003,-73.14107814074096,-73.14107814074096
2224.0700623703,-73.1373094977101,-73.1373094977101
2224.0800623703003,-73.13349694530834,-73.13349694530834
2224.0900623703,-73.12964123526687,-73.12964123526687
2224.1000623703003,-73.12574312273803,-73.12574312273803
2224.1100623703005,-73.12180336570903,-73.12180336570903
2224.1200623703003,-73.11782272438863,-73.11782272438863
2224.1300623703005,-73.11380196063018,-73.11380196063018
2224.1400623703003,-73.10974183744416,-73.10974183744416
2224.1500623703005,-73.10564311846117,-73.10564311846117
2224.1600623703002,-73.1015065674518,-73.1015065674518
2224.1700623703005,-73.09733294791195,-73.09733294791195
2224.1800623703,-73.09312302258479,-73.09312302258479
2224.1900623703004,-73.08887755309124,-73.08887755309124
2224.2000623703,-73.08459729953215,-73.08459729953215
2224.2100623703004,-73.08028302012619,-73.08028302012619
2224.2200623703,-73.07593547086654,-73.07593547086654
2224.2300623703004,-73.07155540521741,-73.07155540521741
2224.2400623703,-73.06714357379013,-73.06714357379013
2224.2500623703004,-73.06270072404467,-73.06270072404467
2224.2600623703,-73.05822760006306,-73.05822760006306
2224.2700623703004,-73.05372494225053,-73.05372494225053
2224.2800623703,-73.0491934871327,-73.0491934871327
2224.2900623703003,-73.04463396710916,-73.04463396710916
2224.3000623703,-73.0400471102589,-73.0400471102589
2224.3100623703003,-73.03543364013045,-73.03543364013045
2224.3200623703,-73.03079427557132,-73.03079427557132
2224.3300623703003,-73.02612973054936,-73.02612973054936
2224.3400623703,-73.02144071400481,-73.02144071400481
2224.3500623703003,-73.0167279296707,-73.0167279296707
2224.3600623703005,-73.01199207598827,-73.01199207598827
2224.3700623703003,-73.00723384593138,-73.00723384593138
2224.3800623703005,-73.00245392690607,-73.00245392690607
2224.3900623703003,-72.99765300064746,-72.99765300064746
2224.4000623703005,-72.99283174310763,-72.99283174310763
2224.4100623703002,-72.98799082437313,-72.98799082437313
2224.4200623703005,-72.98313090856503,-72.98313090856503
2224.4300623703,-72.97825265379336,-72.97825265379336
2224.4400623703004,-72.97335671205641,-72.97335671205641
2224.450062394142,-72.96844371748453,-72.96844371748453
2224.4600623941424,-72.96351433305337,-72.96351433305337
2224.470062394142,-72.95856918045912,-72.95856918045912
2224.4800623941424,-72.95360888673193,-72.95360888673193
2224.490062394142,-72.9486340725616,-72.9486340725616
2224.5000623941423,-72.94364535223434,-72.94364535223434
2224.510062394142,-72.93864333363076,-72.93864333363076
2224.5200623941423,-72.93362861819284,-72.93362861819284
2224.530062394142,-72.92860180090979,-72.92860180090979
2224.5400623941423,-72.92356347028927,-72.92356347028927
2224.550062394142,-72.91851420836672,-72.91851420836672
2224.5600623941423,-72.91345459067252,-72.91345459067252
2224.570062394142,-72.90838518625854,-72.90838518625854
2224.5800623941423,-72.90330655767367,-72.90330655767367
2224.590062394142,-72.89821926099143,-72.89821926099143
2224.6000623941422,-72.89312384578034,-72.89312384578034
2224.610062394142,-72.88802085516343,-72.88802085516343
2224.620062394142,-72.88291082577132,-72.88291082577132
2224.630062394142,-72.8777942878145,-72.8777942878145
2224.640062394142,-72.8726717650683,-72.8726717650683
2224.650062394142,-72.86754377489649,-72.86754377489649
2224.660062394142,-72.86241082827229,-72.86241082827229
2224.670062394142,-72.85727342982113,-72.85727342982113
2224.680062394142,-72.85213207782564,-72.85213207782564
2224.690062394142,-72.84698726426052,-72.84698726426052
2224.700062394142,-72.84183947481911,-72.84183947481911
2224.7100623941424,-72.83668918896106,-72.83668918896106
2224.720062394142,-72.83153687992588,-72.83153687992588
2224.7300623941424,-72.82638301477083,-72.82638301477083
2224.740062394142,-72.82122805442805,-72.82122805442805
2224.7500623941423,-72.81607245370401,-72.81607245370401
2224.760062394142,-72.81091666135278,-72.81091666135278
2224.7700623941423,-72.80576112009278,-72.80576112009278
2224.780062394142,-72.80060626666149,-72.80060626666149
2224.7900623941423,-72.79545253184311,-72.79545253184311
2224.800062394142,-72.7903003405384,-72.7903003405384
2224.8100623941423,-72.78515011176415,-72.78515011176415
2224.820062394142,-72.78000225873726,-72.78000225873726
2224.8300623941423,-72.77485718890709,-72.77485718890709
2224.840062394142,-72.76971530398362,-72.76971530398362
2224.8500623941422,-72.764577000009,-72.764577000009
2224.860062394142,-72.7594426673781,-72.7594426673781
2224.870062394142,-72.75431269092793,-72.75431269092793
2224.880062394142,-72.74918744992394,-72.74918744992394
2224.890062394142,-72.74406731815907,-72.74406731815907
2224.900062394142,-72.73895266398208,-72.73895266398208
2224.910062394142,-72.73384385033927,-72.73384385033927
2224.920062394142,-72.7287412348374,-72.7287412348374
2224.930062394142,-72.72364516978477,-72.72364516978477
2224.940062394142,-72.71855600224234,-72.71855600224234
2224.950062394142,-72.71347407407272,-72.71347407407272
2224.9600623941424,-72.70839972199373,-72.70839972199373
2224.970062394142,-72.70333327761043,-72.70333327761043
2224.9800623941424,-72.69827506749208,-72.69827506749208
2224.990062394142,-72.69322541319359,-72.69322541319359
2225.0000623941423,-72.68818463132955,-72.68818463132955
2225.010062394142,-72.6831530336109,-72.6831530336109
2225.0200623941423,-72.67813092689883,-72.67813092689883
2225.030062394142,-72.67311861324393,-72.67311861324393
2225.0400623941423,-72.66811638994805,-72.66811638994805
2225.050062394142,-72.66312454960648,-72.66312454960648
2225.0600623941423,-72.65814338017347,-72.65814338017347
2225.070062394142,-72.65317316498741,-72.65317316498741
2225.0800623941423,-72.64821418282312,-72.64821418282312
2225.090062394142,-72.64326670796424,-72.64326670796424
2225.1000623941422,-72.6383310102208,-72.6383310102208
2225.110062394142,-72.63340735500334,-72.63340735500334
2225.120062394142,-72.62849600334195,-72.62849600334195
2225.130062394142,-72.62359721197255,-72.62359721197255
2225.140062394142,-72.6187112333608,-72.6187112333608
2225.150062394142,-72.61383831574105,-72.61383831574105
2225.160062394142,-72.60897870317763,-72.60897870317763
2225.170062394142,-72.60413263563125,-72.60413263563125
2225.180062394142,-72.59930034894218,-72.59930034894218
2225.190062394142,-72.59448207495906,-72.59448207495906
2225.200062394142,-72.58967804152184,-72.58967804152184
2225.2100623941424,-72.58488214497748,-72.58488214497748
2225.220062394142,-72.58009183755932,-72.58009183755932
2225.2300623941424,-72.57530599381063,-72.57530599381063
2225.240062394142,-72.57052414654898,-72.57052414654898
2225.2500623941423,-72.56574619447444,-72.56574619447444
2225.260062394142,-72.56097224984127,-72.56097224984127
2225.2700623941423,-72.55620254893306,-72.55620254893306
2225.280062394142,-72.55143739814127,-72.55143739814127
2225.2900623941423,-72.54667714147256,-72.54667714147256
2225.300062417984,-72.54192212969444,-72.54192212969444
2225.310062417984,-72.53717275403828,-72.53717275403828
2225.320062417984,-72.53242937139774,-72.53242937139774
2225.330062417984,-72.52769234572744,-72.52769234572744
2225.340062417984,-72.52296203465366,-72.52296203465366
2225.350062417984,-72.51823878841294,-72.51823878841294
2225.360062417984,-72.51352294952083,-72.51352294952083
2225.370062417984,-72.50881485272838,-72.50881485272838
2225.380062417984,-72.50411482526587,-72.50411482526587
2225.390062417984,-72.49942318713862,-72.49942318713862
2225.400062417984,-72.49474025150302,-72.49474025150302
2225.410062417984,-72.49006632501211,-72.49006632501211
2225.420062417984,-72.4854017081734,-72.4854017081734
2225.430062417984,-72.48074669568562,-72.48074669568562
2225.440062417984,-72.47610157672096,-72.47610157672096
2225.450062417984,-72.47146663519013,-72.47146663519013
2225.460062417984,-72.46684215000403,-72.46684215000403
2225.470062417984,-72.46222839524509,-72.46222839524509
2225.480062417984,-72.45762564037038,-72.45762564037038
2225.490062417984,-72.45303415036953,-72.45303415036953
2225.500062417984,-72.44845418590536,-72.44845418590536
2225.510062417984,-72.44388600342863,-72.44388600342863
2225.520062417984,-72.43932985529867,-72.43932985529867
2225.530062417984,-72.43478598986633,-72.43478598986633
2225.540062417984,-72.43025465155698,-72.43025465155698
2225.550062417984,-72.4257360809675,-72.4257360809675
2225.560062417984,-72.42123051490694,-72.42123051490694
2225.570062417984,-72.41673818646625,-72.41673818646625
2225.580062417984,-72.4122593250662,-72.4122593250662
2225.590062417984,-72.40779415650701,-72.40779415650701
2225.600062417984,-72.40334290303367,-72.40334290303367
2225.610062417984,-72.39890578335171,-72.39890578335171
2225.620062417984,-72.3944830126587,-72.3944830126587
2225.630062417984,-72.39007480272278,-72.39007480272278
2225.640062417984,-72.38568136186227,-72.38568136186227
2225.650062417984,-72.38130289502773,-72.38130289502773
2225.660062417984,-72.37693960378218,-72.37693960378218
2225.670062417984,-72.37259168638617,-72.37259168638617
2225.680062417984,-72.36825933777715,-72.36825933777715
2225.690062417984,-72.36394274963206,-72.36394274963206
2225.700062417984,-72.35964211036926,-72.35964211036926
2225.710062417984,-72.3553576051944,-72.3553576051944
2225.720062417984,-72.35108941612256,-72.35108941612256
2225.730062417984,-72.34683772200155,-72.34683772200155
2225.740062417984,-72.34260269853084,-72.34260269853084
2225.750062417984,-72.3383845182978,-72.3383845182978
2225.760062417984,-72.33418335081171,-72.33418335081171
2225.770062417984,-72.32999936251088,-72.32999936251088
2225.780062417984,-72.32583271680511,-72.32583271680511
2225.790062417984,-72.32168357408828,-72.32168357408828
2225.800062417984,-72.31755209177241,-72.31755209177241
2225.810062417984,-72.31343842430857,-72.31343842430857
2225.820062417984,-72.30934272322617,-72.30934272322617
2225.830062417984,-72.3052651371417,-72.3052651371417
2225.840062417984,-72.30120581180154,-72.30120581180154
2225.850062417984,-72.29716489008767,-72.29716489008767
2225.860062417984,-72.29314251207587,-72.29314251207587
2225.870062417984,-72.28913881502474,-72.28913881502474
2225.880062417984,-72.28515393344678,-72.28515393344678
2225.890062417984,-72.28118799908191,-72.28118799908191
2225.900062417984,-72.27724114098191,-72.27724114098191
2225.910062417984,-72.27331348548286,-72.27331348548286
2225.920062417984,-72.26940515627874,-72.26940515627874
2225.930062417984,-72.26551627442025,-72.26551627442025
2225.940062417984,-72.26164695834132,-72.26164695834132
2225.950062417984,-72.25779732391098,-72.25779732391098
2225.960062417984,-72.25396748443748,-72.25396748443748
2225.970062417984,-72.25015755070626,-72.25015755070626
2225.980062417984,-72.24636763099303,-72.24636763099303
2225.990062417984,-72.24259783111906,-72.24259783111906
2226.000062417984,-72.23884825444564,-72.23884825444564
2226.010062417984,-72.23511900192233,-72.23511900192233
2226.020062417984,-72.23141017211495,-72.23141017211495
2226.030062417984,-72.22772186121567,-72.22772186121567
2226.040062417984,-72.22405416309262,-72.22405416309262
2226.050062417984,-72.220407169292,-72.220407169292
2226.060062417984,-72.21678096908113,-72.21678096908113
2226.070062417984,-72.21317564948843,-72.21317564948843
2226.080062417984,-72.20959129528234,-72.20959129528234
2226.090062417984,-72.20602798906481,-72.20602798906481
2226.100062417984,-72.2024858112273,-72.2024858112273
2226.110062417984,-72.19896484003912,-72.19896484003912
2226.120062417984,-72.19546515163115,-72.19546515163115
2226.130062417984,-72.19198682004303,-72.19198682004303
2226.140062417984,-72.18852991723637,-72.18852991723637
2226.150062441826,-72.18509450495719,-72.18509450495719
2226.160062441826,-72.18168066751812,-72.18168066751812
2226.170062441826,-72.17828846258826,-72.17828846258826
2226.180062441826,-72.17491795411117,-72.17491795411117
2226.190062441826,-72.1715692040831,-72.1715692040831
2226.200062441826,-72.16824227256849,-72.16824227256849
2226.210062441826,-72.1649372177514,-72.1649372177514
2226.220062441826,-72.16165409593964,-72.16165409593964
2226.230062441826,-72.1583929615956,-72.1583929615956
2226.240062441826,-72.15515386736647,-72.15515386736647
2226.250062441826,-72.15193686409823,-72.15193686409823
2226.260062441826,-72.1487420008561,-72.1487420008561
2226.2700624418258,-72.1455693249716,-72.1455693249716
2226.280062441826,-72.1424188820328,-72.1424188820328
2226.2900624418257,-72.13929071593753,-72.13929071593753
2226.300062441826,-72.13618486889298,-72.13618486889298
2226.3100624418257,-72.13310138146656,-72.13310138146656
2226.320062441826,-72.13004029256251,-72.13004029256251
2226.3300624418257,-72.12700163949921,-72.12700163949921
2226.340062441826,-72.12398545799105,-72.12398545799105
2226.3500624418257,-72.12099178219643,-72.12099178219643
2226.360062441826,-72.1180206447043,-72.1180206447043
2226.3700624418257,-72.11507207660229,-72.11507207660229
2226.380062441826,-72.11214610746656,-72.11214610746656
2226.3900624418256,-72.10924276538456,-72.10924276538456
2226.400062441826,-72.10636207699721,-72.10636207699721
2226.410062441826,-72.10350406749387,-72.10350406749387
2226.420062441826,-72.10066876063959,-72.10066876063959
2226.430062441826,-72.09785617880395,-72.09785617880395
2226.440062441826,-72.09506634297696,-72.09506634297696
2226.450062441826,-72.09229927280143,-72.09229927280143
2226.460062441826,-72.08955498655503,-72.08955498655503
2226.470062441826,-72.08683350120835,-72.08683350120835
2226.480062441826,-72.08413483243493,-72.08413483243493
2226.490062441826,-72.0814589946148,-72.0814589946148
2226.500062441826,-72.0788060008689,-72.0788060008689
2226.510062441826,-72.07617586307181,-72.07617586307181
2226.5200624418258,-72.07356859187333,-72.07356859187333
2226.530062441826,-72.07098419670777,-72.07098419670777
2226.5400624418257,-72.0684226858279,-72.0684226858279
2226.550062441826,-72.06588406630108,-72.06588406630108
2226.5600624418257,-72.06336834405877,-72.06336834405877
2226.570062441826,-72.06087552386734,-72.06087552386734
2226.5800624418257,-72.05840560939795,-72.05840560939795
2226.590062441826,-72.05595860319613,-72.05595860319613
2226.6000624418257,-72.05353450672989,-72.05353450672989
2226.610062441826,-72.05113332039308,-72.05113332039308
2226.6200624418257,-72.04875504353144,-72.04875504353144
2226.630062441826,-72.04639967444896,-72.04639967444896
2226.6400624418256,-72.04406721041737,-72.04406721041737
2226.650062441826,-72.04175764771186,-72.04175764771186
2226.660062441826,-72.03947098161245,-72.03947098161245
2226.670062441826,-72.03720720642335,-72.03720720642335
2226.680062441826,-72.03496631548391,-72.03496631548391
2226.690062441826,-72.03274830120249,-72.03274830120249
2226.700062441826,-72.03055315503502,-72.03055315503502
2226.710062441826,-72.02838086753952,-72.02838086753952
2226.720062441826,-72.0262314283546,-72.0262314283546
2226.730062441826,-72.02410482623635,-72.02410482623635
2226.740062441826,-72.02200104907162,-72.02200104907162
2226.750062441826,-72.019920083899,-72.019920083899
2226.760062441826,-72.01786191688122,-72.01786191688122
2226.7700624418258,-72.01582653337104,-72.01582653337104
2226.780062441826,-72.01381391789576,-72.01381391789576
2226.7900624418257,-72.01182405416725,-72.01182405416725
2226.800062441826,-72.00985692512054,-72.00985692512054
2226.8100624418257,-72.00791251290039,-72.00791251290039
2226.820062441826,-72.00599079888039,-72.00599079888039
2226.8300624418257,-72.00409176368866,-72.00409176368866
2226.840062441826,-72.00221538719951,-72.00221538719951
2226.8500624418257,-72.00036164857727,-72.00036164857727
2226.860062441826,-71.99853052623928,-71.99853052623928
2226.8700624418257,-71.99672199791719,-71.99672199791719
2226.880062441826,-71.99493604063643,-71.99493604063643
2226.8900624418256,-71.99317263074606,-71.99317263074606
2226.900062441826,-71.99143174392397,-71.99143174392397
2226.910062441826,-71.98971335517217,-71.98971335517217
2226.920062441826,-71.98801743886732,-71.98801743886732
2226.930062441826,-71.98634396872785,-71.98634396872785
2226.940062441826,-71.98469291785216,-71.98469291785216
2226.950062441826,-71.98306425872336,-71.98306425872336
2226.960062441826,-71.98145168553845,-71.98145168553845
2226.970062441826,-71.97985242191362,-71.97985242191362
2226.980062441826,-71.97826510435905,-71.97826510435905
2226.990062441826,-71.97668902453239,-71.97668902453239
2227.0000624656677,-71.97512383576348,-71.97512383576348
2227.010062465668,-71.97356941706002,-71.97356941706002
2227.0200624656677,-71.97202576212119,-71.97202576212119
2227.030062465668,-71.97049294087876,-71.97049294087876
2227.0400624656677,-71.96897106364993,-71.96897106364993
2227.050062465668,-71.96746026180107,-71.96746026180107
2227.0600624656677,-71.96596067622397,-71.96596067622397
2227.070062465668,-71.9644724505933,-71.9644724505933
2227.0800624656677,-71.96299572745482,-71.96299572745482
2227.090062465668,-71.96153064615038,-71.96153064615038
2227.1000624656676,-71.96007734174405,-71.96007734174405
2227.110062465668,-71.95863594463914,-71.95863594463914
2227.1200624656676,-71.95720658053064,-71.95720658053064
2227.130062465668,-71.95578937056924,-71.95578937056924
2227.1400624656676,-71.95438443166461,-71.95438443166461
2227.150062465668,-71.95299187676953,-71.95299187676953
2227.1600624656676,-71.95161181521136,-71.95161181521136
2227.170062465668,-71.95024435301193,-71.95024435301193
2227.1800624656676,-71.94888959317511,-71.94888959317511
2227.190062465668,-71.94754763591995,-71.94754763591995
2227.2000624656675,-71.94621857894892,-71.94621857894892
2227.2100624656678,-71.94490251760202,-71.94490251760202
2227.2200624656675,-71.94359954506784,-71.94359954506784
2227.2300624656677,-71.94230975250252,-71.94230975250252
2227.2400624656675,-71.94103322917306,-71.94103322917306
2227.2500624656677,-71.93977006255277,-71.93977006255277
2227.260062465668,-71.9385203384191,-71.9385203384191
2227.2700624656677,-71.93728414092189,-71.93728414092189
2227.280062465668,-71.93606155265878,-71.93606155265878
2227.2900624656677,-71.93485265472054,-71.93485265472054
2227.300062465668,-71.93365752673063,-71.93365752673063
2227.3100624656677,-71.93247624688593,-71.93247624688593
2227.320062465668,-71.93130889199263,-71.93130889199263
2227.3300624656677,-71.93015553747573,-71.93015553747573
2227.340062465668,-71.92901625742464,-71.92901625742464
2227.3500624656676,-71.92789112458803,-71.92789112458803
2227.360062465668,-71.92678021038844,-71.92678021038844
2227.3700624656676,-71.92568358495186,-71.92568358495186
2227.380062465668,-71.9246013170883,-71.9246013170883
2227.3900624656676,-71.9235334743303,-71.9235334743303
2227.400062465668,-71.92248012291444,-71.92248012291444
2227.4100624656676,-71.92144132779406,-71.92144132779406
2227.420062465668,-71.92041715264374,-71.92041715264374
2227.4300624656676,-71.9194076598787,-71.9194076598787
2227.440062465668,-71.91841291061924,-71.91841291061924
2227.4500624656675,-71.91743296473706,-71.91743296473706
2227.4600624656678,-71.91646788082109,-71.91646788082109
2227.4700624656675,-71.91551771621111,-71.91551771621111
2227.4800624656677,-71.91458252696998,-71.91458252696998
2227.4900624656675,-71.9136623679135,-71.9136623679135
2227.5000624656677,-71.91275729259976,-71.91275729259976
2227.510062465668,-71.91186735333561,-71.91186735333561
2227.5200624656677,-71.91099260118361,-71.91099260118361
2227.530062465668,-71.91013308593868,-71.91013308593868
2227.5400624656677,-71.90928885616607,-71.90928885616607
2227.550062465668,-71.90845995920479,-71.90845995920479
2227.5600624656677,-71.90764644114957,-71.90764644114957
2227.570062465668,-71.90684834686868,-71.90684834686868
2227.5800624656677,-71.90606571999888,-71.90606571999888
2227.590062465668,-71.90529860296803,-71.90529860296803
2227.6000624656676,-71.90454703698661,-71.90454703698661
2227.610062465668,-71.90381106206691,-71.90381106206691
2227.6200624656676,-71.90309071701209,-71.90309071701209
2227.630062465668,-71.90238603942613,-71.90238603942613
2227.6400624656676,-71.9016970657467,-71.9016970657467
2227.650062465668,-71.90102383121385,-71.90102383121385
2227.6600624656676,-71.90036636990386,-71.90036636990386
2227.670062465668,-71.8997247147349,-71.8997247147349
2227.6800624656676,-71.89909889745734,-71.89909889745734
2227.690062465668,-71.89848894868112,-71.89848894868112
2227.7000624656675,-71.89789489787853,-71.89789489787853
2227.7100624656678,-71.89731050294736,-71.89731050294736
2227.7200624656675,-71.89673304614605,-71.89673304614605
2227.7300624656677,-71.89616121986865,-71.89616121986865
2227.7400624656675,-71.89559436985265,-71.89559436985265
2227.7500624656677,-71.89503220589096,-71.89503220589096
2227.760062465668,-71.89447465127128,-71.89447465127128
2227.7700624656677,-71.89392175437524,-71.89392175437524
2227.780062465668,-71.89337363547148,-71.89337363547148
2227.7900624656677,-71.8928304546693,-71.8928304546693
2227.800062465668,-71.89229239267667,-71.89229239267667
2227.8100624656677,-71.89175963931024,-71.89175963931024
2227.820062465668,-71.89123238676646,-71.89123238676646
2227.8300624656677,-71.89071082574826,-71.89071082574826
2227.840062465668,-71.89019514335506,-71.89019514335506
2227.8500624895096,-71.88968552085382,-71.88968552085382
2227.86006248951,-71.88918213808765,-71.88918213808765
2227.8700624895096,-71.88868516618716,-71.88868516618716
2227.88006248951,-71.88819477255807,-71.88819477255807
2227.8900624895095,-71.88771111995688,-71.88771111995688
2227.9000624895098,-71.88723436680449,-71.88723436680449
2227.9100624895095,-71.88676466750469,-71.88676466750469
2227.9200624895097,-71.8863021727351,-71.8863021727351
2227.9300624895095,-71.88584702974785,-71.88584702974785
2227.9400624895097,-71.8853993826236,-71.8853993826236
2227.9500624895095,-71.88495937249354,-71.88495937249354
2227.9600624895097,-71.88452713771711,-71.88452713771711
2227.9700624895095,-71.88410281409438,-71.88410281409438
2227.9800624895097,-71.88368653496921,-71.88368653496921
2227.9900624895095,-71.88327843138956,-71.88327843138956
2228.0000624895097,-71.88287863218756,-71.88287863218756
2228.0100624895094,-71.88248726408597,-71.88248726408597
2228.0200624895097,-71.88210445177128,-71.88210445177128
2228.0300624895094,-71.88173031796138,-71.88173031796138
2228.0400624895096,-71.88136498345187,-71.88136498345187
2228.0500624895094,-71.88100856717278,-71.88100856717278
2228.0600624895096,-71.8806611862072,-71.8806611862072
2228.0700624895094,-71.8803229558603,-71.8803229558603
2228.0800624895096,-71.87999398963912,-71.87999398963912
2228.0900624895094,-71.8796743993179,-71.8796743993179
2228.1000624895096,-71.87936429492655,-71.87936429492655
2228.11006248951,-71.87906378479092,-71.87906378479092
2228.1200624895096,-71.87877297553013,-71.87877297553013
2228.13006248951,-71.87849197206869,-71.87849197206869
2228.1400624895095,-71.87822087767145,-71.87822087767145
2228.1500624895098,-71.87795979390681,-71.87795979390681
2228.1600624895095,-71.87770882070213,-71.87770882070213
2228.1700624895097,-71.87746805632142,-71.87746805632142
2228.1800624895095,-71.87723759738381,-71.87723759738381
2228.1900624895097,-71.87701753886827,-71.87701753886827
2228.2000624895095,-71.87680797411291,-71.87680797411291
2228.2100624895097,-71.87660899483758,-71.87660899483758
2228.2200624895095,-71.87642069113528,-71.87642069113528
2228.2300624895097,-71.87624315147815,-71.87624315147815
2228.2400624895095,-71.87607646273939,-71.87607646273939
2228.2500624895097,-71.87592071017107,-71.87592071017107
2228.2600624895094,-71.87577597744348,-71.87577597744348
2228.2700624895097,-71.87564234662635,-71.87564234662635
2228.2800624895094,-71.87551989820943,-71.87551989820943
2228.2900624895096,-71.87540871112041,-71.87540871112041
2228.3000624895094,-71.87530886269741,-71.87530886269741
2228.3100624895096,-71.87522042872668,-71.87522042872668
2228.3200624895094,-71.87514348345402,-71.87514348345402
2228.3300624895096,-71.87507809956959,-71.87507809956959
2228.3400624895094,-71.87502434823202,-71.87502434823202
2228.3500624895096,-71.87498229907446,-71.87498229907446
2228.36006248951,-71.87495202022575,-71.87495202022575
2228.3700624895096,-71.87493357830283,-71.87493357830283
2228.38006248951,-71.87492703842081,-71.87492703842081
2228.3900624895095,-71.87493246422548,-71.87493246422548
2228.4000624895098,-71.87494991787673,-71.87494991787673
2228.4100624895095,-71.87497946008287,-71.87497946008287
2228.4200624895097,-71.87502115008726,-71.87502115008726
2228.4300624895095,-71.8750750457157,-71.8750750457157
2228.4400624895097,-71.87514120334616,-71.87514120334616
2228.4500624895095,-71.8752196779562,-71.8752196779562
2228.4600624895097,-71.87531052311128,-71.87531052311128
2228.4700624895095,-71.8754137909928,-71.8754137909928
2228.4800624895097,-71.87552953239027,-71.87552953239027
2228.4900624895095,-71.8756577967528,-71.8756577967528
2228.5000624895097,-71.87579863215585,-71.87579863215585
2228.5100624895094,-71.87595208534508,-71.87595208534508
2228.5200624895097,-71.87611820173687,-71.87611820173687
2228.5300624895094,-71.87629702543363,-71.87629702543363
2228.5400624895096,-71.87648859924496,-71.87648859924496
2228.5500624895094,-71.87669296468948,-71.87669296468948
2228.5600624895096,-71.87691016201529,-71.87691016201529
2228.5700624895094,-71.87714023021405,-71.87714023021405
2228.5800624895096,-71.87738320702346,-71.87738320702346
2228.5900624895094,-71.87763912896423,-71.87763912896423
2228.6000624895096,-71.87790803132482,-71.87790803132482
2228.61006248951,-71.8781899482046,-71.8781899482046
2228.6200624895096,-71.87848491249865,-71.87848491249865
2228.63006248951,-71.8787929559388,-71.8787929559388
2228.6400624895095,-71.87911410909727,-71.87911410909727
2228.6500624895098,-71.87944840138272,-71.87944840138272
2228.6600624895095,-71.87979586108104,-71.87979586108104
2228.6700624895097,-71.88015651535937,-71.88015651535937
2228.6800624895095,-71.88053039027884,-71.88053039027884
2228.6900624895097,-71.88091751080218,-71.88091751080218
2228.7000625133514,-71.88131790176965,-71.88131790176965
2228.7100625133517,-71.8817253152788,-71.8817253152788
2228.7200625133514,-71.88213702951725,-71.88213702951725
2228.7300625133516,-71.88255173095023,-71.88255173095023
2228.7400625133514,-71.88296875874205,-71.88296875874205
2228.7500625133516,-71.88338781563324,-71.88338781563324
2228.7600625133514,-71.88380881763425,-71.88380881763425
2228.7700625133516,-71.88423180570967,-71.88423180570967
2228.7800625133514,-71.88465689275074,-71.88465689275074
2228.7900625133516,-71.8850842315615,-71.8850842315615
2228.8000625133513,-71.88551399570396,-71.88551399570396
2228.8100625133516,-71.88594636802264,-71.88594636802264
2228.8200625133513,-71.88638153397396,-71.88638153397396
2228.8300625133515,-71.88681967772051,-71.88681967772051
2228.8400625133513,-71.88726098006609,-71.88726098006609
2228.8500625133515,-71.88770561738122,-71.88770561738122
2228.8600625133513,-71.88815376125294,-71.88815376125294
2228.8700625133515,-71.8886055783811,-71.8886055783811
2228.8800625133513,-71.88906123078354,-71.88906123078354
2228.8900625133515,-71.8895208760306,-71.8895208760306
2228.9000625133513,-71.88998466756642,-71.88998466756642
2228.9100625133515,-71.890452755029,-71.890452755029
2228.9200625133512,-71.89092528453229,-71.89092528453229
2228.9300625133515,-71.89140239895796,-71.89140239895796
2228.940062513351,-71.89188423823214,-71.89188423823214
2228.9500625133514,-71.89237093948257,-71.89237093948257
2228.9600625133517,-71.89285636795535,-71.89285636795535
2228.9700625133514,-71.89333791127585,-71.89333791127585
2228.9800625133516,-71.8938143651811,-71.8938143651811
2228.9900625133514,-71.89428517697777,-71.89428517697777
2229.0000625133516,-71.89475015651462,-71.89475015651462
2229.0100625133514,-71.89520932593778,-71.89520932593778
2229.0200625133516,-71.89566283148191,-71.89566283148191
2229.0300625133514,-71.89611089046501,-71.89611089046501
2229.0400625133516,-71.89655375936695,-71.89655375936695
2229.0500625133513,-71.89699171467467,-71.89699171467467
2229.0600625133516,-71.89742504146993,-71.89742504146993
2229.0700625133513,-71.89785402673388,-71.89785402673388
2229.0800625133515,-71.89827895546954,-71.89827895546954
2229.0900625133513,-71.89870010868638,-71.89870010868638
2229.1000625133515,-71.8991177622859,-71.8991177622859
2229.1100625133513,-71.89953218668335,-71.89953218668335
2229.1200625133515,-71.89994364676917,-71.89994364676917
2229.1300625133513,-71.90035240205194,-71.90035240205194
2229.1400625133515,-71.90075870692928,-71.90075870692928
2229.1500625133513,-71.90116281096498,-71.90116281096498
2229.1600625133515,-71.90156495922055,-71.90156495922055
2229.1700625133512,-71.90196539253823,-71.90196539253823
2229.1800625133515,-71.90236434781345,-71.90236434781345
2229.190062513351,-71.90276205822306,-71.90276205822306
2229.2000625133514,-71.90315875345426,-71.90315875345426
2229.2100625133517,-71.90355465988324,-71.90355465988324
2229.2200625133514,-71.90395000073227,-71.90395000073227
2229.2300625133516,-71.90434499619836,-71.90434499619836
2229.2400625133514,-71.90473986358492,-71.90473986358492
2229.2500625133516,-71.9051348173722,-71.9051348173722
2229.2600625133514,-71.90553006931704,-71.90553006931704
2229.2700625133516,-71.90592582852665,-71.90592582852665
2229.2800625133514,-71.90632230148739,-71.90632230148739
2229.2900625133516,-71.90671969212602,-71.90671969212602
2229.3000625133513,-71.90711820186254,-71.90711820186254
2229.3100625133516,-71.90751802961218,-71.90751802961218
2229.3200625133513,-71.9079193718281,-71.9079193718281
2229.3300625133515,-71.90832242251568,-71.90832242251568
2229.3400625133513,-71.9087273732722,-71.9087273732722
2229.3500625133515,-71.90913441325368,-71.90913441325368
2229.3600625133513,-71.90954372924215,-71.90954372924215
2229.3700625133515,-71.90995550561921,-71.90995550561921
2229.3800625133513,-71.91036992438097,-71.91036992438097
2229.3900625133515,-71.9107871651478,-71.9107871651478
2229.4000625133513,-71.9112074051748,-71.9112074051748
2229.4100625133515,-71.91163081935339,-71.91163081935339
2229.4200625133512,-71.91205758023105,-71.91205758023105
2229.4300625133515,-71.9124878579789,-71.9124878579789
2229.440062513351,-71.91292182044245,-71.91292182044245
2229.4500625133514,-71.91335963312973,-71.91335963312973
2229.4600625133517,-71.91379518948581,-71.91379518948581
2229.4700625133514,-71.91422590641453,-71.91422590641453
2229.4800625133516,-71.91465060897468,-71.91465060897468
2229.4900625133514,-71.91506877351812,-71.91506877351812
2229.5000625133516,-71.91548023856025,-71.91548023856025
2229.5100625133514,-71.91588505444453,-71.91588505444453
2229.5200625133516,-71.91628339510723,-71.91628339510723
2229.5300625133514,-71.916675505043,-71.916675505043
2229.5400625133516,-71.9170616673354,-71.9170616673354
2229.5500625371933,-71.91744218541754,-71.91744218541754
2229.5600625371935,-71.91781736796744,-71.91781736796744
2229.5700625371933,-71.91818752772716,-71.91818752772716
2229.5800625371935,-71.91855297393403,-71.91855297393403
2229.5900625371933,-71.91891401116176,-71.91891401116176
2229.6000625371935,-71.91927093828502,-71.91927093828502
2229.6100625371932,-71.91962404806912,-71.91962404806912
2229.6200625371935,-71.9199736271259,-71.9199736271259
2229.630062537193,-71.92031995607823,-71.92031995607823
2229.6400625371934,-71.92066330981123,-71.92066330981123
2229.650062537193,-71.92100395779796,-71.92100395779796
2229.6600625371934,-71.9213421643997,-71.9213421643997
2229.670062537193,-71.92167818918571,-71.92167818918571
2229.6800625371934,-71.92201228719541,-71.92201228719541
2229.690062537193,-71.92234470920201,-71.92234470920201
2229.7000625371934,-71.92267570193937,-71.92267570193937
2229.710062537193,-71.92299923872191,-71.92299923872191
2229.7200625371934,-71.92331281545076,-71.92331281545076
2229.730062537193,-71.92361533510014,-71.92361533510014
2229.7400625371934,-71.92390635081583,-71.92390635081583
2229.750062537193,-71.92418577687639,-71.92418577687639
2229.7600625371933,-71.92445373846563,-71.92445373846563
2229.770062537193,-71.92471048350511,-71.92471048350511
2229.7800625371933,-71.92495632968559,-71.92495632968559
2229.790062537193,-71.92519163254953,-71.92519163254953
2229.8000625371933,-71.92541676639028,-71.92541676639028
2229.8100625371935,-71.92563211284937,-71.92563211284937
2229.8200625371933,-71.92583805422305,-71.92583805422305
2229.8300625371935,-71.92603496963862,-71.92603496963862
2229.8400625371933,-71.92622323298238,-71.92622323298238
2229.8500625371935,-71.92640321186958,-71.92640321186958
2229.8600625371932,-71.926575267247,-71.926575267247
2229.8700625371935,-71.92673975334782,-71.92673975334782
2229.880062537193,-71.92689701787263,-71.92689701787263
2229.8900625371934,-71.92704740224562,-71.92704740224562
2229.900062537193,-71.92719124193162,-71.92719124193162
2229.9100625371934,-71.92732886674972,-71.92732886674972
2229.920062537193,-71.92746060116022,-71.92746060116022
2229.9300625371934,-71.92758676456585,-71.92758676456585
2229.940062537193,-71.92770767156348,-71.92770767156348
2229.9500625371934,-71.92782363214835,-71.92782363214835
2229.960062537193,-71.9279286831747,-71.9279286831747
2229.9700625371934,-71.92802038389812,-71.92802038389812
2229.980062537193,-71.92809770004591,-71.92809770004591
2229.9900625371934,-71.92816024689111,-71.92816024689111
2230.000062537193,-71.92820800022344,-71.92820800022344
2230.0100625371933,-71.9282411460958,-71.9282411460958
2230.020062537193,-71.92825999266972,-71.92825999266972
2230.0300625371933,-71.92826491724806,-71.92826491724806
2230.040062537193,-71.92825633438547,-71.92825633438547
2230.0500625371933,-71.92823467675872,-71.92823467675872
2230.0600625371935,-71.9282003837804,-71.9282003837804
2230.0700625371933,-71.92815389490335,-71.92815389490335
2230.0800625371935,-71.92809564579632,-71.92809564579632
2230.0900625371933,-71.928026066288,-71.928026066288
2230.1000625371935,-71.92794557931131,-71.92794557931131
2230.1100625371932,-71.92785460051724,-71.92785460051724
2230.1200625371935,-71.92775353824634,-71.92775353824634
2230.130062537193,-71.92764279368203,-71.92764279368203
2230.1400625371934,-71.92752276112711,-71.92752276112711
2230.150062537193,-71.92739382832694,-71.92739382832694
2230.1600625371934,-71.92725637674505,-71.92725637674505
2230.170062537193,-71.92711078191951,-71.92711078191951
2230.1800625371934,-71.92695741370025,-71.92695741370025
2230.190062537193,-71.92679663652466,-71.92679663652466
2230.2000625371934,-71.9266288096415,-71.9266288096415
2230.210062537193,-71.92644802016888,-71.92644802016888
2230.2200625371934,-71.92621033843923,-71.92621033843923
2230.230062537193,-71.92589770603418,-71.92589770603418
2230.2400625371934,-71.9255004760282,-71.9255004760282
2230.250062537193,-71.92501341531221,-71.92501341531221
2230.2600625371933,-71.92443396865147,-71.92443396865147
2230.270062537193,-71.92376117838525,-71.92376117838525
2230.2800625371933,-71.92299501236201,-71.92299501236201
2230.290062537193,-71.92213596218798,-71.92213596218798
2230.3000625371933,-71.92118480955985,-71.92118480955985
2230.3100625371935,-71.92014249292174,-71.92014249292174
2230.3200625371933,-71.91901003278576,-71.91901003278576
2230.3300625371935,-71.9177884908693,-71.9177884908693
2230.3400625371933,-71.91647894858832,-71.91647894858832
2230.3500625371935,-71.91508249630957,-71.91508249630957
2230.3600625371932,-71.91360022858417,-71.91360022858417
2230.3700625371935,-71.91203324243352,-71.91203324243352
2230.380062537193,-71.91038263720311,-71.91038263720311
2230.3900625371934,-71.908649515003,-71.908649515003
2230.400062561035,-71.90683497701761,-71.90683497701761
2230.4100625610354,-71.9049401410465,-71.9049401410465
2230.420062561035,-71.90296611688734,-71.90296611688734
2230.4300625610354,-71.90091402276173,-71.90091402276173
2230.440062561035,-71.89878498139888,-71.89878498139888
2230.4500625610353,-71.8965801198271,-71.8965801198271
2230.460062561035,-71.89430056905658,-71.89430056905658
2230.4700625610353,-71.8919474636327,-71.8919474636327
2230.480062561035,-71.88952194113328,-71.88952194113328
2230.4900625610353,-71.88702514159812,-71.88702514159812
2230.500062561035,-71.88445820693576,-71.88445820693576
2230.5100625610353,-71.88182228029785,-71.88182228029785
2230.520062561035,-71.87911850546448,-71.87911850546448
2230.5300625610353,-71.8763480261919,-71.8763480261919
2230.540062561035,-71.87351198561339,-71.87351198561339
2230.5500625610352,-71.8706115256466,-71.8706115256466
2230.560062561035,-71.86764778640138,-71.86764778640138
2230.5700625610352,-71.86462190561882,-71.86462190561882
2230.580062561035,-71.8615350181348,-71.8615350181348
2230.590062561035,-71.85838825537326,-71.85838825537326
2230.600062561035,-71.85518274486468,-71.85518274486468
2230.610062561035,-71.85191960976738,-71.85191960976738
2230.620062561035,-71.84859996846001,-71.84859996846001
2230.630062561035,-71.84522493408726,-71.84522493408726
2230.640062561035,-71.84179561422158,-71.84179561422158
2230.650062561035,-71.83831311045792,-71.83831311045792
2230.6600625610354,-71.83477851809148,-71.83477851809148
2230.670062561035,-71.83119292579003,-71.83119292579003
2230.6800625610354,-71.82755741530802,-71.82755741530802
2230.690062561035,-71.82387306118581,-71.82387306118581
2230.7000625610353,-71.82014093050455,-71.82014093050455
2230.710062561035,-71.81636208264457,-71.81636208264457
2230.7200625610353,-71.81253756903047,-71.81253756903047
2230.730062561035,-71.80866843297754,-71.80866843297754
2230.7400625610353,-71.80475570944769,-71.80475570944769
2230.750062561035,-71.80080042489608,-71.80080042489608
2230.7600625610353,-71.79680359710872,-71.79680359710872
2230.770062561035,-71.7927662350509,-71.7927662350509
2230.7800625610353,-71.7886893387203,-71.7886893387203
2230.790062561035,-71.78457389903963,-71.78457389903963
2230.8000625610352,-71.7804208977233,-71.7804208977233
2230.810062561035,-71.77623130720896,-71.77623130720896
2230.8200625610352,-71.7720060905191,-71.7720060905191
2230.830062561035,-71.7677462012368,-71.7677462012368
2230.840062561035,-71.76345258338266,-71.76345258338266
2230.850062561035,-71.75912617138381,-71.75912617138381
2230.860062561035,-71.7547678900175,-71.7547678900175
2230.870062561035,-71.7503786543674,-71.7503786543674
2230.880062561035,-71.74595936976782,-71.74595936976782
2230.890062561035,-71.74151093178526,-71.74151093178526
2230.900062561035,-71.73703422620322,-71.73703422620322
2230.9100625610354,-71.73253012899589,-71.73253012899589
2230.920062561035,-71.72799950632572,-71.72799950632572
2230.9300625610354,-71.72344321452623,-71.72344321452623
2230.940062561035,-71.71886210012543,-71.71886210012543
2230.9500625610353,-71.7142569998107,-71.7142569998107
2230.960062561035,-71.70962874049219,-71.70962874049219
2230.9700625610353,-71.70497813928706,-71.70497813928706
2230.980062561035,-71.7003060035413,-71.7003060035413
2230.9900625610353,-71.6956131308761,-71.6956131308761
2231.000062561035,-71.69090030918584,-71.69090030918584
2231.0100625610353,-71.68616831669127,-71.68616831669127
2231.020062561035,-71.68141792197822,-71.68141792197822
2231.0300625610353,-71.67664988400594,-71.67664988400594
2231.040062561035,-71.6718649521984,-71.6718649521984
2231.0500625610352,-71.66706386644644,-71.66706386644644
2231.060062561035,-71.66224735718579,-71.66224735718579
2231.0700625610352,-71.65741614541842,-71.65741614541842
2231.080062561035,-71.65257094279792,-71.65257094279792
2231.090062561035,-71.64771245166536,-71.64771245166536
2231.100062561035,-71.64284136511355,-71.64284136511355
2231.110062561035,-71.63795836702775,-71.63795836702775
2231.120062561035,-71.63306413218083,-71.63306413218083
2231.130062561035,-71.62815932626305,-71.62815932626305
2231.140062561035,-71.6232446059808,-71.6232446059808
2231.150062561035,-71.61832061908139,-71.61832061908139
2231.1600625610354,-71.61338800445358,-71.61338800445358
2231.170062561035,-71.6084473921812,-71.6084473921812
2231.1800625610354,-71.60349940361976,-71.60349940361976
2231.190062561035,-71.59854465146461,-71.59854465146461
2231.2000625610353,-71.59358373981118,-71.59358373981118
2231.210062561035,-71.58861103705209,-71.58861103705209
2231.2200625610353,-71.58362441475202,-71.58362441475202
2231.230062561035,-71.57862313911004,-71.57862313911004
2231.2400625610353,-71.57360711699815,-71.57360711699815
2231.250062584877,-71.56857659640036,-71.56857659640036
2231.2600625848772,-71.56353206493382,-71.56353206493382
2231.270062584877,-71.5584740906014,-71.5584740906014
2231.280062584877,-71.55340331694397,-71.55340331694397
2231.290062584877,-71.54832041957002,-71.54832041957002
2231.300062584877,-71.54322608721256,-71.54322608721256
2231.310062584877,-71.53812101055884,-71.53812101055884
2231.320062584877,-71.53300587563187,-71.53300587563187
2231.330062584877,-71.52788136014262,-71.52788136014262
2231.340062584877,-71.52274813147797,-71.52274813147797
2231.350062584877,-71.51760684578282,-71.51760684578282
2231.360062584877,-71.5124581476397,-71.5124581476397
2231.370062584877,-71.50730267009267,-71.50730267009267
2231.380062584877,-71.50214103491608,-71.50214103491608
2231.390062584877,-71.49697385295524,-71.49697385295524
2231.400062584877,-71.49180172448631,-71.49180172448631
2231.410062584877,-71.48662523964083,-71.48662523964083
2231.420062584877,-71.48144497873182,-71.48144497873182
2231.430062584877,-71.47626151262985,-71.47626151262985
2231.440062584877,-71.47107540309707,-71.47107540309707
2231.450062584877,-71.465887203045,-71.465887203045
2231.460062584877,-71.4606974568148,-71.4606974568148
2231.470062584877,-71.45550670041037,-71.45550670041037
2231.480062584877,-71.4503154616986,-71.4503154616986
2231.490062584877,-71.44512426061097,-71.44512426061097
2231.500062584877,-71.43993360930088,-71.43993360930088
2231.5100625848772,-71.43474401230725,-71.43474401230725
2231.520062584877,-71.42955596669633,-71.42955596669633
2231.530062584877,-71.42436996217654,-71.42436996217654
2231.540062584877,-71.419186481213,-71.419186481213
2231.550062584877,-71.41400599914265,-71.41400599914265
2231.560062584877,-71.40882898427166,-71.40882898427166
2231.570062584877,-71.40365589797793,-71.40365589797793
2231.580062584877,-71.3984871947753,-71.3984871947753
2231.590062584877,-71.39332332241314,-71.39332332241314
2231.600062584877,-71.38816472194958,-71.38816472194958
2231.610062584877,-71.38301182783137,-71.38301182783137
2231.620062584877,-71.37786506794592,-71.37786506794592
2231.630062584877,-71.37272486372763,-71.37272486372763
2231.640062584877,-71.3675916301941,-71.3675916301941
2231.650062584877,-71.36246577601143,-71.36246577601143
2231.660062584877,-71.35734770358923,-71.35734770358923
2231.670062584877,-71.3522378091096,-71.3522378091096
2231.680062584877,-71.34713648260829,-71.34713648260829
2231.690062584877,-71.3420441080317,-71.3420441080317
2231.700062584877,-71.33696106329676,-71.33696106329676
2231.710062584877,-71.33188772034303,-71.33188772034303
2231.720062584877,-71.32682444521323,-71.32682444521323
2231.730062584877,-71.32177159808793,-71.32177159808793
2231.740062584877,-71.3167295333701,-71.3167295333701
2231.750062584877,-71.31169859972059,-71.31169859972059
2231.7600625848772,-71.30667914011514,-71.30667914011514
2231.770062584877,-71.30167149192138,-71.30167149192138
2231.780062584877,-71.29667598693855,-71.29667598693855
2231.790062584877,-71.29169295147217,-71.29169295147217
2231.800062584877,-71.28672270636973,-71.28672270636973
2231.810062584877,-71.28176556710551,-71.28176556710551
2231.820062584877,-71.2768218438066,-71.2768218438066
2231.830062584877,-71.27189184133175,-71.27189184133175
2231.840062584877,-71.26697585930964,-71.26697585930964
2231.850062584877,-71.26207419222686,-71.26207419222686
2231.860062584877,-71.25718712943765,-71.25718712943765
2231.870062584877,-71.25231495526518,-71.25231495526518
2231.880062584877,-71.24745794901817,-71.24745794901817
2231.890062584877,-71.24261638508034,-71.24261638508034
2231.900062584877,-71.23779053294949,-71.23779053294949
2231.910062584877,-71.23298065728144,-71.23298065728144
2231.920062584877,-71.22818701796254,-71.22818701796254
2231.930062584877,-71.2234098701599,-71.2234098701599
2231.940062584877,-71.21864946437589,-71.21864946437589
2231.950062584877,-71.2139060464992,-71.2139060464992
2231.960062584877,-71.20917366509032,-71.20917366509032
2231.970062584877,-71.20444985685833,-71.20444985685833
2231.980062584877,-71.19973354935037,-71.19973354935037
2231.990062584877,-71.19502431106169,-71.19502431106169
2232.000062584877,-71.1903220653622,-71.1903220653622
2232.0100625848772,-71.18562694195316,-71.18562694195316
2232.020062584877,-71.18093918977732,-71.18093918977732
2232.030062584877,-71.1762591247155,-71.1762591247155
2232.040062584877,-71.17158709815831,-71.17158709815831
2232.050062584877,-71.16692347817732,-71.16692347817732
2232.060062584877,-71.16226863836627,-71.16226863836627
2232.070062584877,-71.15762295126085,-71.15762295126085
2232.080062584877,-71.15298678468237,-71.15298678468237
2232.090062584877,-71.14836049971336,-71.14836049971336
2232.100062608719,-71.14374443877205,-71.14374443877205
2232.110062608719,-71.13913896926296,-71.13913896926296
2232.120062608719,-71.13454441757146,-71.13454441757146
2232.130062608719,-71.12996111332446,-71.12996111332446
2232.140062608719,-71.12538937869218,-71.12538937869218
2232.150062608719,-71.12082952872167,-71.12082952872167
2232.160062608719,-71.11628187173574,-71.11628187173574
2232.170062608719,-71.1117467096374,-71.1117467096374
2232.180062608719,-71.10722433825904,-71.10722433825904
2232.190062608719,-71.10271504763836,-71.10271504763836
2232.200062608719,-71.0982191222886,-71.0982191222886
2232.210062608719,-71.09373684140529,-71.09373684140529
2232.2200626087188,-71.08926847912315,-71.08926847912315
2232.230062608719,-71.0848143046425,-71.0848143046425
2232.2400626087187,-71.08037458241853,-71.08037458241853
2232.250062608719,-71.07594957228568,-71.07594957228568
2232.2600626087187,-71.07153952960792,-71.07153952960792
2232.270062608719,-71.06714470534818,-71.06714470534818
2232.2800626087187,-71.06276534620432,-71.06276534620432
2232.290062608719,-71.05840169467491,-71.05840169467491
2232.3000626087187,-71.0540539891277,-71.0540539891277
2232.310062608719,-71.04972246389704,-71.04972246389704
2232.3200626087187,-71.04540734932337,-71.04540734932337
2232.330062608719,-71.04110887181419,-71.04110887181419
2232.3400626087187,-71.03682725391269,-71.03682725391269
2232.350062608719,-71.03256271431796,-71.03256271431796
2232.360062608719,-71.02831546796473,-71.02831546796473
2232.370062608719,-71.02408572604399,-71.02408572604399
2232.380062608719,-71.01987369604473,-71.01987369604473
2232.390062608719,-71.01567958179537,-71.01567958179537
2232.400062608719,-71.01150358350344,-71.01150358350344
2232.410062608719,-71.00734589779074,-71.00734589779074
2232.420062608719,-71.00320671772069,-71.00320671772069
2232.430062608719,-70.9990862328501,-70.9990862328501
2232.440062608719,-70.9949846292362,-70.9949846292362
2232.450062608719,-70.99090208948157,-70.99090208948157
2232.460062608719,-70.9868326192992,-70.9868326192992
2232.4700626087188,-70.98277370243471,-70.98277370243471
2232.480062608719,-70.97872421011276,-70.97872421011276
2232.4900626087187,-70.97468365355982,-70.97468365355982
2232.500062608719,-70.97065189881005,-70.97065189881005
2232.5100626087187,-70.96662901860604,-70.96662901860604
2232.520062608719,-70.96261520557047,-70.96261520557047
2232.5300626087187,-70.95861072004159,-70.95861072004159
2232.540062608719,-70.95461585871102,-70.95461585871102
2232.5500626087187,-70.95063093586434,-70.95063093586434
2232.560062608719,-70.94665627217903,-70.94665627217903
2232.5700626087187,-70.94269218821644,-70.94269218821644
2232.580062608719,-70.93873900068468,-70.93873900068468
2232.5900626087187,-70.93479702045553,-70.93479702045553
2232.600062608719,-70.93086655159874,-70.93086655159874
2232.610062608719,-70.92694789101179,-70.92694789101179
2232.620062608719,-70.92304132842578,-70.92304132842578
2232.630062608719,-70.91914714661534,-70.91914714661534
2232.640062608719,-70.9152656217063,-70.9152656217063
2232.650062608719,-70.91139702346103,-70.91139702346103
2232.660062608719,-70.9075416156979,-70.9075416156979
2232.670062608719,-70.90369965655312,-70.90369965655312
2232.680062608719,-70.89987139881917,-70.89987139881917
2232.690062608719,-70.89605709022108,-70.89605709022108
2232.700062608719,-70.89225697363727,-70.89225697363727
2232.710062608719,-70.88846512257628,-70.88846512257628
2232.7200626087188,-70.88467908262346,-70.88467908262346
2232.730062608719,-70.88089778399733,-70.88089778399733
2232.7400626087187,-70.87712079527009,-70.87712079527009
2232.750062608719,-70.87334803866501,-70.87334803866501
2232.7600626087187,-70.86957964224848,-70.86957964224848
2232.770062608719,-70.86581585329115,-70.86581585329115
2232.7800626087187,-70.86205698621202,-70.86205698621202
2232.790062608719,-70.85830339132708,-70.85830339132708
2232.8000626087187,-70.85455543612012,-70.85455543612012
2232.810062608719,-70.85081349410959,-70.85081349410959
2232.8200626087187,-70.84707793835514,-70.84707793835514
2232.830062608719,-70.8433491377401,-70.8433491377401
2232.8400626087187,-70.83962745501013,-70.83962745501013
2232.850062608719,-70.83591324579456,-70.83591324579456
2232.860062608719,-70.8322068582733,-70.8322068582733
2232.870062608719,-70.82850863316519,-70.82850863316519
2232.880062608719,-70.8248189039385,-70.8248189039385
2232.890062608719,-70.82113799710768,-70.82113799710768
2232.900062608719,-70.81746623255559,-70.81746623255559
2232.910062608719,-70.81380392388589,-70.81380392388589
2232.920062608719,-70.81015137873081,-70.81015137873081
2232.930062608719,-70.80650889906202,-70.80650889906202
2232.940062608719,-70.80287678145538,-70.80287678145538
2232.9500626325607,-70.79925530871154,-70.79925530871154
2232.960062632561,-70.79564478456106,-70.79564478456106
2232.9700626325607,-70.79204548206543,-70.79204548206543
2232.980062632561,-70.78845767832706,-70.78845767832706
2232.9900626325607,-70.78488164599723,-70.78488164599723
2233.000062632561,-70.78131765335884,-70.78131765335884
2233.0100626325607,-70.77776596447987,-70.77776596447987
2233.020062632561,-70.77422683926663,-70.77422683926663
2233.0300626325607,-70.77070053356574,-70.77070053356574
2233.040062632561,-70.7671872992175,-70.7671872992175
2233.0500626325606,-70.76368738413021,-70.76368738413021
2233.060062632561,-70.7602010323258,-70.7602010323258
2233.0700626325606,-70.75672848398317,-70.75672848398317
2233.080062632561,-70.7532699754934,-70.7532699754934
2233.0900626325606,-70.74982573949046,-70.74982573949046
2233.100062632561,-70.74639600488548,-70.74639600488548
2233.1100626325606,-70.74298099691586,-70.74298099691586
2233.120062632561,-70.73958093713851,-70.73958093713851
2233.1300626325606,-70.7361960435033,-70.7361960435033
2233.140062632561,-70.73282653034133,-70.73282653034133
2233.1500626325605,-70.7294726084334,-70.7294726084334
2233.1600626325608,-70.72613448498124,-70.72613448498124
2233.1700626325605,-70.72281236369012,-70.72281236369012
2233.1800626325607,-70.71950644474397,-70.71950644474397
2233.1900626325605,-70.71621692486949,-70.71621692486949
2233.2000626325607,-70.71294399733098,-70.71294399733098
2233.210062632561,-70.70968785196791,-70.70968785196791
2233.2200626325607,-70.70644867522131,-70.70644867522131
2233.230062632561,-70.70322665014479,-70.70322665014479
2233.2400626325607,-70.70002195645027,-70.70002195645027
2233.250062632561,-70.69683477050057,-70.69683477050057
2233.2600626325607,-70.69366526537306,-70.69366526537306
2233.270062632561,-70.6905136108689,-70.6905136108689
2233.2800626325607,-70.68737997351083,-70.68737997351083
2233.290062632561,-70.68426451662282,-70.68426451662282
2233.3000626325606,-70.68116740031611,-70.68116740031611
2233.310062632561,-70.67808878151894,-70.67808878151894
2233.3200626325606,-70.67502881402592,-70.67502881402592
2233.330062632561,-70.67198764850467,-70.67198764850467
2233.3400626325606,-70.66896543252766,-70.66896543252766
2233.350062632561,-70.6659623105976,-70.6659623105976
2233.3600626325606,-70.66297842420339,-70.66297842420339
2233.370062632561,-70.66001391180355,-70.66001391180355
2233.3800626325606,-70.65706890888225,-70.65706890888225
2233.390062632561,-70.65414354797058,-70.65414354797058
2233.4000626325605,-70.65123795867859,-70.65123795867859
2233.4100626325608,-70.64835226772388,-70.64835226772388
2233.4200626325605,-70.6454865989679,-70.6454865989679
2233.4300626325607,-70.64264107341894,-70.64264107341894
2233.4400626325605,-70.63981580929645,-70.63981580929645
2233.4500626325607,-70.63701092203554,-70.63701092203554
2233.460062632561,-70.63422652433128,-70.63422652433128
2233.4700626325607,-70.63146272616557,-70.63146272616557
2233.480062632561,-70.62871963483151,-70.62871963483151
2233.4900626325607,-70.62599735496913,-70.62599735496913
2233.500062632561,-70.62329598857445,-70.62329598857445
2233.5100626325607,-70.6206156350811,-70.6206156350811
2233.520062632561,-70.61795639133794,-70.61795639133794
2233.5300626325607,-70.61531835165962,-70.61531835165962
2233.540062632561,-70.61270160785699,-70.61270160785699
2233.5500626325606,-70.61010624927287,-70.61010624927287
2233.560062632561,-70.607532362794,-70.607532362794
2233.5700626325606,-70.60498003289682,-70.60498003289682
2233.580062632561,-70.60244934166869,-70.60244934166869
2233.5900626325606,-70.59994036885381,-70.59994036885381
2233.600062632561,-70.59745319184889,-70.59745319184889
2233.6100626325606,-70.59498788577913,-70.59498788577913
2233.620062632561,-70.59254452348158,-70.59254452348158
2233.6300626325606,-70.59012317556403,-70.59012317556403
2233.640062632561,-70.58772391042011,-70.58772391042011
2233.6500626325605,-70.5853467942692,-70.5853467942692
2233.6600626325608,-70.58299189117898,-70.58299189117898
2233.6700626325605,-70.58065926308598,-70.58065926308598
2233.6800626325607,-70.57834896984107,-70.57834896984107
2233.6900626325605,-70.57606106922249,-70.57606106922249
2233.7000626325607,-70.5737956169767,-70.5737956169767
2233.710062632561,-70.57155266683215,-70.57155266683215
2233.7200626325607,-70.56933227054449,-70.56933227054449
2233.730062632561,-70.56713447789606,-70.56713447789606
2233.7400626325607,-70.56495933675662,-70.56495933675662
2233.750062632561,-70.56280689309078,-70.56280689309078
2233.7600626325607,-70.56067719098998,-70.56067719098998
2233.770062632561,-70.55857027268898,-70.55857027268898
2233.7800626325607,-70.55648617861132,-70.55648617861132
2233.790062632561,-70.55442494738831,-70.55442494738831
2233.8000626564026,-70.55238661101278,-70.55238661101278
2233.810062656403,-70.55037121436844,-70.55037121436844
2233.8200626564026,-70.54837878591992,-70.54837878591992
2233.830062656403,-70.54640935736167,-70.54640935736167
2233.8400626564026,-70.54446295873397,-70.54446295873397
2233.8500626564028,-70.54253961841717,-70.54253961841717
2233.8600626564025,-70.54063936317614,-70.54063936317614
2233.8700626564028,-70.53876221817974,-70.53876221817974
2233.8800626564025,-70.53690820702485,-70.53690820702485
2233.8900626564027,-70.53507735175441,-70.53507735175441
2233.9000626564025,-70.53326967290644,-70.53326967290644
2233.9100626564027,-70.53148518949504,-70.53148518949504
2233.9200626564025,-70.52972391906664,-70.52972391906664
2233.9300626564027,-70.52798587770918,-70.52798587770918
2233.9400626564025,-70.52627108007175,-70.52627108007175
2233.9500626564027,-70.52457953940244,-70.52457953940244
2233.9600626564024,-70.52291126755343,-70.52291126755343
2233.9700626564027,-70.52126627500671,-70.52126627500671
2233.9800626564024,-70.51964457090467,-70.51964457090467
2233.9900626564026,-70.51804616305324,-70.51804616305324
2234.0000626564024,-70.5164710579682,-70.5164710579682
2234.0100626564026,-70.51491926085916,-70.51491926085916
2234.0200626564024,-70.51339077569621,-70.51339077569621
2234.0300626564026,-70.51188560519194,-70.51188560519194
2234.0400626564024,-70.51040375084598,-70.51040375084598
2234.0500626564026,-70.50894521294165,-70.50894521294165
2234.060062656403,-70.50750999057912,-70.50750999057912
2234.0700626564026,-70.50609808170148,-70.50609808170148
2234.080062656403,-70.50470948309673,-70.50470948309673
2234.0900626564026,-70.50334419042723,-70.50334419042723
2234.1000626564028,-70.5020021982473,-70.5020021982473
2234.1100626564025,-70.50068350002323,-70.50068350002323
2234.1200626564028,-70.49938808813893,-70.49938808813893
2234.1300626564025,-70.49811595393263,-70.49811595393263
2234.1400626564027,-70.49686708769111,-70.49686708769111
2234.1500626564025,-70.49564147870069,-70.49564147870069
2234.1600626564027,-70.49443911521963,-70.49443911521963
2234.1700626564025,-70.49325998454312,-70.49325998454312
2234.1800626564027,-70.49210407298139,-70.49210407298139
2234.1900626564025,-70.49097136588755,-70.49097136588755
2234.2000626564027,-70.48986184768326,-70.48986184768326
2234.2100626564024,-70.48877550187399,-70.48877550187399
2234.2200626564027,-70.48771231104288,-70.48771231104288
2234.2300626564024,-70.486672256906,-70.486672256906
2234.2400626564026,-70.48565532027804,-70.48565532027804
2234.2500626564024,-70.48466148113575,-70.48466148113575
2234.2600626564026,-70.48369071859445,-70.48369071859445
2234.2700626564024,-70.4827430109451,-70.4827430109451
2234.2800626564026,-70.48181833566399,-70.48181833566399
2234.2900626564024,-70.48091666942132,-70.48091666942132
2234.3000626564026,-70.4800379881093,-70.4800379881093
2234.310062656403,-70.47918226683112,-70.47918226683112
2234.3200626564026,-70.47834947994318,-70.47834947994318
2234.330062656403,-70.47753960104559,-70.47753960104559
2234.3400626564026,-70.47675260301125,-70.47675260301125
2234.3500626564028,-70.47598845798986,-70.47598845798986
2234.3600626564025,-70.47524713742526,-70.47524713742526
2234.3700626564028,-70.47452861206203,-70.47452861206203
2234.3800626564025,-70.4738328519696,-70.4738328519696
2234.3900626564027,-70.4731598265445,-70.4731598265445
2234.4000626564025,-70.47250950453159,-70.47250950453159
2234.4100626564027,-70.47188185401866,-70.47188185401866
2234.4200626564025,-70.47127684247694,-70.47127684247694
2234.4300626564027,-70.47069443673352,-70.47069443673352
2234.4400626564025,-70.47013460302773,-70.47013460302773
2234.4500626564027,-70.46959730699078,-70.46959730699078
2234.4600626564024,-70.46908251365923,-70.46908251365923
2234.4700626564027,-70.46859018750646,-70.46859018750646
2234.4800626564024,-70.46812029243038,-70.46812029243038
2234.4900626564026,-70.46767279177756,-70.46767279177756
2234.5000626564024,-70.46724764836299,-70.46724764836299
2234.5100626564026,-70.46684482444131,-70.46684482444131
2234.5200626564024,-70.46642364277041,-70.46642364277041
2234.5300626564026,-70.46596739623497,-70.46596739623497
2234.5400626564024,-70.46546697440981,-70.46546697440981
2234.5500626564026,-70.46491722781636,-70.46491722781636
2234.560062656403,-70.46431541564127,-70.46431541564127
2234.5700626564026,-70.46366023570025,-70.46366023570025
2234.580062656403,-70.4629512197002,-70.4629512197002
2234.5900626564026,-70.462188372225,-70.462188372225
2234.6000626564028,-70.46137196148655,-70.46137196148655
2234.6100626564025,-70.46050240052779,-70.46050240052779
2234.6200626564028,-70.45958018106207,-70.45958018106207
2234.6300626564025,-70.45860583753013,-70.45860583753013
2234.6400626564027,-70.4575799282581,-70.4575799282581
2234.6500626802444,-70.45650302356826,-70.45650302356826
2234.6600626802447,-70.45537571165457,-70.45537571165457
2234.6700626802444,-70.45419858225733,-70.45419858225733
2234.6800626802446,-70.45297223601956,-70.45297223601956
2234.6900626802444,-70.45169728243528,-70.45169728243528
2234.7000626802446,-70.45037434016697,-70.45037434016697
2234.7100626802444,-70.44899790676655,-70.44899790676655
2234.7200626802446,-70.44756594388646,-70.44756594388646
2234.7300626802444,-70.44607780297089,-70.44607780297089
2234.7400626802446,-70.44453348324791,-70.44453348324791
2234.7500626802444,-70.442933348348,-70.442933348348
2234.7600626802446,-70.44127797886087,-70.44127797886087
2234.7700626802443,-70.4395680856046,-70.4395680856046
2234.7800626802446,-70.43780445725253,-70.43780445725253
2234.7900626802443,-70.43598792857607,-70.43598792857607
2234.8000626802445,-70.43411936108267,-70.43411936108267
2234.8100626802443,-70.43219963127999,-70.43219963127999
2234.8200626802445,-70.43022962345633,-70.43022962345633
2234.8300626802443,-70.42821022535637,-70.42821022535637
2234.8400626802445,-70.42614232546977,-70.42614232546977
2234.8500626802443,-70.42402681147128,-70.42402681147128
2234.8600626802445,-70.42186456920587,-70.42186456920587
2234.8700626802442,-70.419656482109,-70.419656482109
2234.8800626802445,-70.41740343081038,-70.41740343081038
2234.8900626802442,-70.4151062929083,-70.4151062929083
2234.9000626802444,-70.41276594275766,-70.41276594275766
2234.9100626802447,-70.41038325131669,-70.41038325131669
2234.9200626802444,-70.40795908600965,-70.40795908600965
2234.9300626802446,-70.40549431057102,-70.40549431057102
2234.9400626802444,-70.40298978490688,-70.40298978490688
2234.9500626802446,-70.40044636493548,-70.40044636493548
2234.9600626802444,-70.39786490242477,-70.39786490242477
2234.9700626802446,-70.39524624482486,-70.39524624482486
2234.9800626802444,-70.39259123510037,-70.39259123510037
2234.9900626802446,-70.38990071154953,-70.38990071154953
2235.0000626802444,-70.38717550765104,-70.38717550765104
2235.0100626802446,-70.38441645186484,-70.38441645186484
2235.0200626802443,-70.38162436748902,-70.38162436748902
2235.0300626802446,-70.37880007247121,-70.37880007247121
2235.0400626802443,-70.37594437927008,-70.37594437927008
2235.0500626802445,-70.37305809468839,-70.37305809468839
2235.0600626802443,-70.37014201972276,-70.37014201972276
2235.0700626802445,-70.36719694942019,-70.36719694942019
2235.0800626802443,-70.36422367275816,-70.36422367275816
2235.0900626802445,-70.36122297248446,-70.36122297248446
2235.1000626802443,-70.35819562503401,-70.35819562503401
2235.1100626802445,-70.35514240038928,-70.35514240038928
2235.1200626802442,-70.3520640619674,-70.3520640619674
2235.1300626802445,-70.34896136654267,-70.34896136654267
2235.1400626802442,-70.34583506415208,-70.34583506415208
2235.1500626802444,-70.34268589798889,-70.34268589798889
2235.1600626802447,-70.33951460433718,-70.33951460433718
2235.1700626802444,-70.33632191250256,-70.33632191250256
2235.1800626802446,-70.33310854474283,-70.33310854474283
2235.1900626802444,-70.32987521621828,-70.32987521621828
2235.2000626802446,-70.32662263491936,-70.32662263491936
2235.2100626802444,-70.3233453851514,-70.3233453851514
2235.2200626802446,-70.32004149243836,-70.32004149243836
2235.2300626802444,-70.31671035233262,-70.31671035233262
2235.2400626802446,-70.3133519898267,-70.3133519898267
2235.2500626802444,-70.30996677694172,-70.30996677694172
2235.2600626802446,-70.30655528608156,-70.30655528608156
2235.2700626802443,-70.30311820416523,-70.30311820416523
2235.2800626802446,-70.2996562810074,-70.2996562810074
2235.2900626802443,-70.29617029832329,-70.29617029832329
2235.3000626802445,-70.292661051105,-70.292661051105
2235.3100626802443,-70.2891293366173,-70.2891293366173
2235.3200626802445,-70.28557594786373,-70.28557594786373
2235.3300626802443,-70.2820016699383,-70.2820016699383
2235.3400626802445,-70.27840727799554,-70.27840727799554
2235.3500626802443,-70.27479353627504,-70.27479353627504
2235.3600626802445,-70.27116119772116,-70.27116119772116
2235.3700626802442,-70.26751100398533,-70.26751100398533
2235.3800626802445,-70.2638436855867,-70.2638436855867
2235.3900626802442,-70.26015996221653,-70.26015996221653
2235.4000626802444,-70.25646054300115,-70.25646054300115
2235.4100626802447,-70.25274612690266,-70.25274612690266
2235.4200626802444,-70.24901740297625,-70.24901740297625
2235.4300626802446,-70.24527505068997,-70.24527505068997
2235.4400626802444,-70.24151974019036,-70.24151974019036
2235.4500626802446,-70.23775213254645,-70.23775213254645
2235.4600626802444,-70.23397287996376,-70.23397287996376
2235.4700626802446,-70.23018262597058,-70.23018262597058
2235.4800626802444,-70.22638200559877,-70.22638200559877
2235.4900626802446,-70.22257164552197,-70.22257164552197
2235.5000627040863,-70.21875215511432,-70.21875215511432
2235.5100627040865,-70.21492416290604,-70.21492416290604
2235.5200627040863,-70.21108826223035,-70.21108826223035
2235.5300627040865,-70.20724504757413,-70.20724504757413
2235.5400627040863,-70.20339510563598,-70.20339510563598
2235.5500627040865,-70.19953901539694,-70.19953901539694
2235.5600627040862,-70.19567734820374,-70.19567734820374
2235.5700627040865,-70.19181066782329,-70.19181066782329
2235.5800627040862,-70.18793953053436,-70.18793953053436
2235.5900627040864,-70.1840644851663,-70.1840644851663
2235.600062704086,-70.1801860731738,-70.1801860731738
2235.6100627040864,-70.17630482869669,-70.17630482869669
2235.620062704086,-70.17242127861185,-70.17242127861185
2235.6300627040864,-70.1685359425918,-70.1685359425918
2235.640062704086,-70.16464933316043,-70.16464933316043
2235.6500627040864,-70.16076195574308,-70.16076195574308
2235.660062704086,-70.1568743087261,-70.1568743087261
2235.6700627040864,-70.15298688349617,-70.15298688349617
2235.680062704086,-70.1491001645161,-70.1491001645161
2235.6900627040864,-70.14521462936715,-70.14521462936715
2235.700062704086,-70.14133074880017,-70.14133074880017
2235.7100627040863,-70.13744288838781,-70.13744288838781
2235.720062704086,-70.13354884601625,-70.13354884601625
2235.7300627040863,-70.12964778633867,-70.12964778633867
2235.740062704086,-70.12573950228976,-70.12573950228976
2235.7500627040863,-70.12182413349377,-70.12182413349377
2235.7600627040865,-70.11790202014618,-70.11790202014618
2235.7700627040863,-70.11397361745766,-70.11397361745766
2235.7800627040865,-70.1100394442424,-70.1100394442424
2235.7900627040863,-70.10610005209577,-70.10610005209577
2235.8000627040865,-70.10215600689159,-70.10215600689159
2235.8100627040862,-70.09820787785476,-70.09820787785476
2235.8200627040865,-70.09425623113404,-70.09425623113404
2235.8300627040862,-70.09030162615782,-70.09030162615782
2235.8400627040864,-70.08634461372243,-70.08634461372243
2235.850062704086,-70.08238573503026,-70.08238573503026
2235.8600627040864,-70.07842552136965,-70.07842552136965
2235.870062704086,-70.07445458993789,-70.07445458993789
2235.8800627040864,-70.07046234866093,-70.07046234866093
2235.890062704086,-70.0664397355632,-70.0664397355632
2235.9000627040864,-70.06237938283901,-70.06237938283901
2235.910062704086,-70.0582753164499,-70.0582753164499
2235.9200627040864,-70.05412267448293,-70.05412267448293
2235.930062704086,-70.04991749672875,-70.04991749672875
2235.9400627040864,-70.04565656800857,-70.04565656800857
2235.950062704086,-70.04133729739067,-70.04133729739067
2235.9600627040863,-70.03695762198576,-70.03695762198576
2235.970062704086,-70.0325159286004,-70.0325159286004
2235.9800627040863,-70.02801098891156,-70.02801098891156
2235.990062704086,-70.02344190538206,-70.02344190538206
2236.0000627040863,-70.01880806563722,-70.01880806563722
2236.0100627040865,-70.01410910381742,-70.01410910381742
2236.0200627040863,-70.00934486763025,-70.00934486763025
2236.0300627040865,-70.0045153901177,-70.0045153901177
2236.0400627040863,-69.99962086532096,-69.99962086532096
2236.0500627040865,-69.99466162728571,-69.99466162728571
2236.0600627040862,-69.98963813183217,-69.98963813183217
2236.0700627040865,-69.9845509407109,-69.9845509407109
2236.0800627040862,-69.97940070773988,-69.97940070773988
2236.0900627040864,-69.97418816671735,-69.97418816671735
2236.100062704086,-69.96891412081698,-69.96891412081698
2236.1100627040864,-69.96357943327158,-69.96357943327158
2236.120062704086,-69.9581850191775,-69.9581850191775
2236.1300627040864,-69.95273183825608,-69.95273183825608
2236.140062704086,-69.94722088851462,-69.94722088851462
2236.1500627040864,-69.94165320059203,-69.94165320059203
2236.160062704086,-69.93602983280115,-69.93602983280115
2236.1700627040864,-69.93035186668929,-69.93035186668929
2236.180062704086,-69.92462040315935,-69.92462040315935
2236.1900627040864,-69.9188365589683,-69.9188365589683
2236.200062704086,-69.91300146367433,-69.91300146367433
2236.2100627040863,-69.90711625688593,-69.90711625688593
2236.220062704086,-69.90118208580924,-69.90118208580924
2236.2300627040863,-69.89520010308789,-69.89520010308789
2236.240062704086,-69.8891714648805,-69.8891714648805
2236.2500627040863,-69.88309732910618,-69.88309732910618
2236.2600627040865,-69.87697885393385,-69.87697885393385
2236.2700627040863,-69.8708171963878,-69.8708171963878
2236.2800627040865,-69.86461351112472,-69.86461351112472
2236.2900627040863,-69.8583689493549,-69.8583689493549
2236.3000627040865,-69.85208465783782,-69.85208465783782
2236.3100627040862,-69.8457617780369,-69.8457617780369
2236.3200627040865,-69.83940144530746,-69.83940144530746
2236.3300627040862,-69.83300478823902,-69.83300478823902
2236.3400627040864,-69.82657292800832,-69.82657292800832
2236.350062727928,-69.8201069624342,-69.8201069624342
2236.3600627279284,-69.81360802699629,-69.81360802699629
2236.370062727928,-69.80707720225173,-69.80707720225173
2236.3800627279284,-69.80051557481325,-69.80051557481325
2236.390062727928,-69.79392422165813,-69.79392422165813
2236.4000627279283,-69.78730420984341,-69.78730420984341
2236.410062727928,-69.78065659624458,-69.78065659624458
2236.4200627279283,-69.7739824273011,-69.7739824273011
2236.430062727928,-69.7672827388221,-69.7672827388221
2236.4400627279283,-69.76055855580479,-69.76055855580479
2236.450062727928,-69.75381089229711,-69.75381089229711
2236.4600627279283,-69.74703469252623,-69.74703469252623
2236.470062727928,-69.74022831087207,-69.74022831087207
2236.4800627279283,-69.73339145660222,-69.73339145660222
2236.490062727928,-69.72652445909927,-69.72652445909927
2236.5000627279283,-69.71962798765516,-69.71962798765516
2236.510062727928,-69.71270290602355,-69.71270290602355
2236.5200627279282,-69.70575018715591,-69.70575018715591
2236.530062727928,-69.6987708620024,-69.6987708620024
2236.540062727928,-69.69176598869952,-69.69176598869952
2236.550062727928,-69.68473663413477,-69.68473663413477
2236.560062727928,-69.67768386295756,-69.67768386295756
2236.570062727928,-69.67060873117566,-69.67060873117566
2236.580062727928,-69.66351228248286,-69.66351228248286
2236.590062727928,-69.65639554631338,-69.65639554631338
2236.600062727928,-69.64925953688875,-69.64925953688875
2236.6100627279284,-69.6421052528707,-69.6421052528707
2236.620062727928,-69.63493367740173,-69.63493367740173
2236.6300627279284,-69.6277457782837,-69.6277457782837
2236.640062727928,-69.62054250832598,-69.62054250832598
2236.6500627279283,-69.61332480567086,-69.61332480567086
2236.660062727928,-69.6060935941963,-69.6060935941963
2236.6700627279283,-69.59884978384169,-69.59884978384169
2236.680062727928,-69.59159427095986,-69.59159427095986
2236.6900627279283,-69.58432793861392,-69.58432793861392
2236.700062727928,-69.5770516568906,-69.5770516568906
2236.7100627279283,-69.56976024108037,-69.56976024108037
2236.720062727928,-69.5624519070106,-69.5624519070106
2236.7300627279283,-69.55512622114864,-69.55512622114864
2236.740062727928,-69.54778336789532,-69.54778336789532
2236.7500627279283,-69.54042387025105,-69.54042387025105
2236.760062727928,-69.5330484449264,-69.5330484449264
2236.7700627279282,-69.52565791740732,-69.52565791740732
2236.780062727928,-69.51825317101849,-69.51825317101849
2236.790062727928,-69.51083511631114,-69.51083511631114
2236.800062727928,-69.50340467277567,-69.50340467277567
2236.810062727928,-69.49596275800047,-69.49596275800047
2236.820062727928,-69.48851028135601,-69.48851028135601
2236.830062727928,-69.48104814045219,-69.48104814045219
2236.840062727928,-69.47357721926333,-69.47357721926333
2236.850062727928,-69.46609838724963,-69.46609838724963
2236.8600627279284,-69.45861249908798,-69.45861249908798
2236.870062727928,-69.451120394756,-69.451120394756
2236.8800627279284,-69.44362289980023,-69.44362289980023
2236.890062727928,-69.43612082569366,-69.43612082569366
2236.9000627279283,-69.42861497023218,-69.42861497023218
2236.910062727928,-69.42110611795513,-69.42110611795513
2236.9200627279283,-69.41359504051695,-69.41359504051695
2236.930062727928,-69.40608249706071,-69.40608249706071
2236.9400627279283,-69.39856923456107,-69.39856923456107
2236.950062727928,-69.39105598812122,-69.39105598812122
2236.9600627279283,-69.38353745655797,-69.38353745655797
2236.970062727928,-69.37601173150891,-69.37601173150891
2236.9800627279283,-69.36847825292648,-69.36847825292648
2236.990062727928,-69.36093707830985,-69.36093707830985
2237.0000627279283,-69.35338860410712,-69.35338860410712
2237.010062727928,-69.34583342115246,-69.34583342115246
2237.0200627279282,-69.33827222990612,-69.33827222990612
2237.030062727928,-69.33070578966182,-69.33070578966182
2237.040062727928,-69.32313488795133,-69.32313488795133
2237.050062727928,-69.31556032232916,-69.31556032232916
2237.060062727928,-69.30798288952879,-69.30798288952879
2237.070062727928,-69.3004033791794,-69.3004033791794
2237.080062727928,-69.2928225702675,-69.2928225702675
2237.090062727928,-69.28524122926737,-69.28524122926737
2237.100062727928,-69.27766010927736,-69.27766010927736
2237.1100627279284,-69.27007994975148,-69.27007994975148
2237.120062727928,-69.26250147658799,-69.26250147658799
2237.1300627279284,-69.25492540239972,-69.25492540239972
2237.140062727928,-69.24735242687521,-69.24735242687521
2237.1500627279283,-69.23978323717316,-69.23978323717316
2237.160062727928,-69.23221850835066,-69.23221850835066
2237.1700627279283,-69.22465890371666,-69.22465890371666
2237.180062727928,-69.21710507523908,-69.21710507523908
2237.1900627279283,-69.20955766385309,-69.20955766385309
2237.20006275177,-69.20201728181353,-69.20201728181353
2237.2100627517702,-69.19448458480927,-69.19448458480927
2237.22006275177,-69.18696016445445,-69.18696016445445
2237.23006275177,-69.17944462035415,-69.17944462035415
2237.24006275177,-69.17193854235579,-69.17193854235579
2237.25006275177,-69.16444251073338,-69.16444251073338
2237.26006275177,-69.1569570963569,-69.1569570963569
2237.27006275177,-69.14948286083884,-69.14948286083884
2237.28006275177,-69.14202035670971,-69.14202035670971
2237.29006275177,-69.13457012750271,-69.13457012750271
2237.30006275177,-69.12713270793857,-69.12713270793857
2237.31006275177,-69.11970862397753,-69.11970862397753
2237.32006275177,-69.11229839299232,-69.11229839299232
2237.33006275177,-69.10490252382216,-69.10490252382216
2237.34006275177,-69.09752151692462,-69.09752151692462
2237.35006275177,-69.09015586441639,-69.09015586441639
2237.36006275177,-69.08280605022391,-69.08280605022391
2237.37006275177,-69.07547255013056,-69.07547255013056
2237.38006275177,-69.06815583189818,-69.06815583189818
2237.39006275177,-69.06085635532997,-69.06085635532997
2237.40006275177,-69.05357457237488,-69.05357457237488
2237.41006275177,-69.04631092719094,-69.04631092719094
2237.42006275177,-69.0390658562518,-69.0390658562518
2237.43006275177,-69.03183978842237,-69.03183978842237
2237.44006275177,-69.02463314503315,-69.02463314503315
2237.45006275177,-69.01744633995953,-69.01744633995953
2237.4600627517702,-69.01027378859457,-69.01027378859457
2237.47006275177,-69.00311328509136,-69.00311328509136
2237.48006275177,-68.99596396867375,-68.99596396867375
2237.49006275177,-68.98882559665141,-68.98882559665141
2237.50006275177,-68.98169826714589,-68.98169826714589
2237.51006275177,-68.97458227511981,-68.97458227511981
2237.52006275177,-68.9674780279437,-68.9674780279437
2237.53006275177,-68.96038599469817,-68.96038599469817
2237.54006275177,-68.95330667567738,-68.95330667567738
2237.55006275177,-68.94624058416653,-68.94624058416653
2237.56006275177,-68.93918823561839,-68.93918823561839
2237.57006275177,-68.93215014134736,-68.93215014134736
2237.58006275177,-68.92512680499206,-68.92512680499206
2237.59006275177,-68.91811872061274,-68.91811872061274
2237.60006275177,-68.91112637183609,-68.91112637183609
2237.61006275177,-68.90415023154694,-68.90415023154694
2237.62006275177,-68.89719076200167,-68.89719076200167
2237.63006275177,-68.89024841505832,-68.89024841505832
2237.64006275177,-68.88332363252778,-68.88332363252778
2237.65006275177,-68.87641684659299,-68.87641684659299
2237.66006275177,-68.86952848017314,-68.86952848017314
2237.67006275177,-68.8626589473248,-68.8626589473248
2237.68006275177,-68.85580865358324,-68.85580865358324
2237.69006275177,-68.84897799630215,-68.84897799630215
2237.70006275177,-68.84216736493435,-68.84216736493435
2237.7100627517702,-68.83537714131832,-68.83537714131832
2237.72006275177,-68.82860769989044,-68.82860769989044
2237.73006275177,-68.82185940791881,-68.82185940791881
2237.74006275177,-68.81513262569196,-68.81513262569196
2237.75006275177,-68.80842770668511,-68.80842770668511
2237.76006275177,-68.80174499773132,-68.80174499773132
2237.77006275177,-68.79508483915278,-68.79508483915278
2237.78006275177,-68.78844756489106,-68.78844756489106
2237.79006275177,-68.78183350262918,-68.78183350262918
2237.80006275177,-68.77524297390377,-68.77524297390377
2237.81006275177,-68.76867629419759,-68.76867629419759
2237.82006275177,-68.76213377303921,-68.76213377303921
2237.83006275177,-68.75561571408602,-68.75561571408602
2237.84006275177,-68.7491224152226,-68.7491224152226
2237.85006275177,-68.74265416862468,-68.74265416862468
2237.86006275177,-68.73621126083357,-68.73621126083357
2237.87006275177,-68.72979397285157,-68.72979397285157
2237.88006275177,-68.72340258017171,-68.72340258017171
2237.89006275177,-68.71703735288276,-68.71703735288276
2237.90006275177,-68.7106985557258,-68.7106985557258
2237.91006275177,-68.70438644813385,-68.70438644813385
2237.92006275177,-68.69810128433107,-68.69810128433107
2237.93006275177,-68.69184331336282,-68.69184331336282
2237.94006275177,-68.68561277917723,-68.68561277917723
2237.95006275177,-68.67940992067011,-68.67940992067011
2237.9600627517702,-68.67323497174716,-68.67323497174716
2237.97006275177,-68.66708816139132,-68.66708816139132
2237.98006275177,-68.66096971370789,-68.66096971370789
2237.99006275177,-68.65487984798611,-68.65487984798611
2238.00006275177,-68.64881877874525,-68.64881877874525
2238.01006275177,-68.64278671581077,-68.64278671581077
2238.02006275177,-68.63678386435011,-68.63678386435011
2238.03006275177,-68.63081042494595,-68.63081042494595
2238.04006275177,-68.62486659362895,-68.62486659362895
2238.050062775612,-68.61895254786903,-68.61895254786903
2238.060062775612,-68.61306850301163,-68.61306850301163
2238.070062775612,-68.60721462764145,-68.60721462764145
2238.080062775612,-68.60139110016404,-68.60139110016404
2238.090062775612,-68.59559809471482,-68.59559809471482
2238.100062775612,-68.58983578121185,-68.58983578121185
2238.110062775612,-68.58410432540379,-68.58410432540379
2238.120062775612,-68.57840388892448,-68.57840388892448
2238.130062775612,-68.57273462933848,-68.57273462933848
2238.140062775612,-68.56709670020396,-68.56709670020396
2238.150062775612,-68.56149025111202,-68.56149025111202
2238.160062775612,-68.55591542775083,-68.55591542775083
2238.1700627756118,-68.55037237193936,-68.55037237193936
2238.180062775612,-68.54486122169423,-68.54486122169423
2238.1900627756118,-68.53938211127762,-68.53938211127762
2238.200062775612,-68.53393517122521,-68.53393517122521
2238.2100627756117,-68.52851457804813,-68.52851457804813
2238.220062775612,-68.52311786688102,-68.52311786688102
2238.2300627756117,-68.5177439122834,-68.5177439122834
2238.240062775612,-68.51239220636509,-68.51239220636509
2238.2500627756117,-68.50706258339902,-68.50706258339902
2238.260062775612,-68.50175507672252,-68.50175507672252
2238.2700627756117,-68.49646983481821,-68.49646983481821
2238.280062775612,-68.49120707086361,-68.49120707086361
2238.2900627756117,-68.48596703239049,-68.48596703239049
2238.300062775612,-68.48074998312164,-68.48074998312164
2238.310062775612,-68.47555619219105,-68.47555619219105
2238.320062775612,-68.47038592785141,-68.47038592785141
2238.330062775612,-68.4652394539199,-68.4652394539199
2238.340062775612,-68.46011702787465,-68.46011702787465
2238.350062775612,-68.45501889995313,-68.45501889995313
2238.360062775612,-68.44994531288162,-68.44994531288162
2238.370062775612,-68.44489650188528,-68.44489650188528
2238.380062775612,-68.43987269497006,-68.43987269497006
2238.390062775612,-68.4348741131945,-68.4348741131945
2238.400062775612,-68.42990097108674,-68.42990097108674
2238.410062775612,-68.42495347697131,-68.42495347697131
2238.4200627756118,-68.42003183336195,-68.42003183336195
2238.430062775612,-68.4151362372513,-68.4151362372513
2238.4400627756118,-68.41026688042415,-68.41026688042415
2238.450062775612,-68.40542394973667,-68.40542394973667
2238.4600627756117,-68.40060168759936,-68.40060168759936
2238.470062775612,-68.39579768779633,-68.39579768779633
2238.4800627756117,-68.39101088031647,-68.39101088031647
2238.490062775612,-68.38624081098475,-68.38624081098475
2238.5000627756117,-68.38148736668565,-68.38148736668565
2238.510062775612,-68.37675063260468,-68.37675063260468
2238.5200627756117,-68.37203080849915,-68.37203080849915
2238.530062775612,-68.36732815840006,-68.36732815840006
2238.5400627756117,-68.36264298036046,-68.36264298036046
2238.550062775612,-68.35797558836138,-68.35797558836138
2238.560062775612,-68.35332630156779,-68.35332630156779
2238.570062775612,-68.34869543805854,-68.34869543805854
2238.580062775612,-68.34408331129455,-68.34408331129455
2238.590062775612,-68.3394902282318,-68.3394902282318
2238.600062775612,-68.33491648842234,-68.33491648842234
2238.610062775612,-68.33036238374325,-68.33036238374325
2238.620062775612,-68.32582819842428,-68.32582819842428
2238.630062775612,-68.3213142092708,-68.3213142092708
2238.640062775612,-68.31682068601167,-68.31682068601167
2238.650062775612,-68.31234789164465,-68.31234789164465
2238.660062775612,-68.30789608279044,-68.30789608279044
2238.6700627756118,-68.30346551005043,-68.30346551005043
2238.680062775612,-68.29905641830901,-68.29905641830901
2238.6900627756118,-68.29466904705217,-68.29466904705217
2238.700062775612,-68.290303630582,-68.290303630582
2238.7100627756117,-68.28596039826913,-68.28596039826913
2238.720062775612,-68.28163957474747,-68.28163957474747
2238.7300627756117,-68.27734138009478,-68.27734138009478
2238.740062775612,-68.27306602997882,-68.27306602997882
2238.7500627756117,-68.26881373579353,-68.26881373579353
2238.760062775612,-68.26458470478177,-68.26458470478177
2238.7700627756117,-68.26037914013583,-68.26037914013583
2238.780062775612,-68.25619724108225,-68.25619724108225
2238.7900627756117,-68.2520392029795,-68.2520392029795
2238.800062775612,-68.24790521735427,-68.24790521735427
2238.810062775612,-68.24379547201885,-68.24379547201885
2238.820062775612,-68.23971015107414,-68.23971015107414
2238.830062775612,-68.23564943499656,-68.23564943499656
2238.840062775612,-68.23161350067635,-68.23161350067635
2238.850062775612,-68.22760252144113,-68.22760252144113
2238.860062775612,-68.22361666713378,-68.22361666713378
2238.870062775612,-68.21965610411905,-68.21965610411905
2238.880062775612,-68.21572099533472,-68.21572099533472
2238.890062775612,-68.21181150031043,-68.21181150031043
2238.9000627994537,-68.20792776598343,-68.20792776598343
2238.910062799454,-68.20406996374126,-68.20406996374126
2238.9200627994537,-68.20023823379547,-68.20023823379547
2238.930062799454,-68.19643272240575,-68.19643272240575
2238.9400627994537,-68.19265357257841,-68.19265357257841
2238.950062799454,-68.18890092409511,-68.18890092409511
2238.9600627994537,-68.18517491356181,-68.18517491356181
2238.970062799454,-68.18147567441036,-68.18147567441036
2238.9800627994537,-68.17780333694782,-68.17780333694782
2238.990062799454,-68.1741580283516,-68.1741580283516
2239.0000627994536,-68.17053987274856,-68.17053987274856
2239.010062799454,-68.16694899119436,-68.16694899119436
2239.0200627994536,-68.16338550173177,-68.16338550173177
2239.030062799454,-68.15984951939653,-68.15984951939653
2239.0400627994536,-68.15634115626713,-68.15634115626713
2239.050062799454,-68.15286052147266,-68.15286052147266
2239.0600627994536,-68.14940772124056,-68.14940772124056
2239.070062799454,-68.14598285891176,-68.14598285891176
2239.0800627994536,-68.14258603497267,-68.14258603497267
2239.090062799454,-68.13921734708549,-68.13921734708549
2239.1000627994536,-68.13587689011614,-68.13587689011614
2239.1100627994538,-68.1325647561603,-68.1325647561603
2239.1200627994535,-68.12928103458364,-68.12928103458364
2239.1300627994538,-68.12602581202854,-68.12602581202854
2239.1400627994535,-68.12279917247547,-68.12279917247547
2239.1500627994537,-68.11960119723165,-68.11960119723165
2239.160062799454,-68.11643196500631,-68.11643196500631
2239.1700627994537,-68.11329155191619,-68.11329155191619
2239.180062799454,-68.11018003150163,-68.11018003150163
2239.1900627994537,-68.10709747478114,-68.10709747478114
2239.200062799454,-68.10404395027612,-68.10404395027612
2239.2100627994537,-68.10101952402476,-68.10101952402476
2239.220062799454,-68.09802425962546,-68.09802425962546
2239.2300627994537,-68.09505821827094,-68.09505821827094
2239.240062799454,-68.09212145875901,-68.09212145875901
2239.2500627994536,-68.08921403755402,-68.08921403755402
2239.260062799454,-68.08633600876674,-68.08633600876674
2239.2700627994536,-68.08348742423948,-68.08348742423948
2239.280062799454,-68.08066833353674,-68.08066833353674
2239.2900627994536,-68.07787878398567,-68.07787878398567
2239.300062799454,-68.07511882070811,-68.07511882070811
2239.3100627994536,-68.07238848665857,-68.07238848665857
2239.320062799454,-68.06968782262679,-68.06968782262679
2239.3300627994536,-68.06701686729319,-68.06701686729319
2239.340062799454,-68.06437565724909,-68.06437565724909
2239.3500627994536,-68.0617642270096,-68.0617642270096
2239.3600627994538,-68.05918260906392,-68.05918260906392
2239.3700627994535,-68.05663083389229,-68.05663083389229
2239.3800627994538,-68.05410893000656,-68.05410893000656
2239.3900627994535,-68.05161692395251,-68.05161692395251
2239.4000627994537,-68.04915484035719,-68.04915484035719
2239.410062799454,-68.04672270196947,-68.04672270196947
2239.4200627994537,-68.04432052964546,-68.04432052964546
2239.430062799454,-68.04194834241036,-68.04194834241036
2239.4400627994537,-68.03960615748147,-68.03960615748147
2239.450062799454,-68.03729399028173,-68.03729399028173
2239.4600627994537,-68.03501185447045,-68.03501185447045
2239.470062799454,-68.03275976197729,-68.03275976197729
2239.4800627994537,-68.03053772301519,-68.03053772301519
2239.490062799454,-68.02834574612221,-68.02834574612221
2239.5000627994536,-68.02618383818404,-68.02618383818404
2239.510062799454,-68.02405200443032,-68.02405200443032
2239.5200627994536,-68.02195024850698,-68.02195024850698
2239.530062799454,-68.01987857245855,-68.01987857245855
2239.5400627994536,-68.01783697679265,-68.01783697679265
2239.550062799454,-68.01582546045739,-68.01582546045739
2239.5600627994536,-68.01384402090915,-68.01384402090915
2239.570062799454,-68.01189265410878,-68.01189265410878
2239.5800627994536,-68.00997135455982,-68.00997135455982
2239.590062799454,-68.00808011532378,-68.00808011532378
2239.6000627994536,-68.0062189280491,-68.0062189280491
2239.6100627994538,-68.0043877829801,-68.0043877829801
2239.6200627994535,-68.00258666899998,-68.00258666899998
2239.6300627994538,-68.0008155736371,-68.0008155736371
2239.6400627994535,-67.99907448310306,-67.99907448310306
2239.6500627994537,-67.99736338228661,-67.99736338228661
2239.660062799454,-67.99568225480414,-67.99568225480414
2239.6700627994537,-67.99403108300847,-67.99403108300847
2239.680062799454,-67.99240984801048,-67.99240984801048
2239.6900627994537,-67.9908185297034,-67.9908185297034
2239.700062799454,-67.98925710677169,-67.98925710677169
2239.7100627994537,-67.98772555672558,-67.98772555672558
2239.720062799454,-67.98622385590971,-67.98622385590971
2239.7300627994537,-67.98475197953884,-67.98475197953884
2239.740062799454,-67.98330990170119,-67.98330990170119
2239.7500628232956,-67.98189759202937,-67.98189759202937
2239.760062823296,-67.98051502921403,-67.98051502921403
2239.7700628232956,-67.97916218065369,-67.97916218065369
2239.780062823296,-67.97783901613987,-67.97783901613987
2239.7900628232956,-67.97654550444882,-67.97654550444882
2239.800062823296,-67.97528161333801,-67.97528161333801
2239.8100628232955,-67.9740473095808,-67.9740473095808
2239.8200628232958,-67.97284255895848,-67.97284255895848
2239.8300628232955,-67.97166732631865,-67.97166732631865
2239.8400628232957,-67.97052157555426,-67.97052157555426
2239.8500628232955,-67.96940526964627,-67.96940526964627
2239.8600628232957,-67.96831837066406,-67.96831837066406
2239.8700628232955,-67.96726083978704,-67.96726083978704
2239.8800628232957,-67.96623263732974,-67.96623263732974
2239.8900628232955,-67.96523372274295,-67.96523372274295
2239.9000628232957,-67.96426405463357,-67.96426405463357
2239.9100628232954,-67.96332359079024,-67.96332359079024
2239.9200628232957,-67.96241228818414,-67.96241228818414
2239.9300628232954,-67.9615301030014,-67.9615301030014
2239.9400628232956,-67.96067699063909,-67.96067699063909
2239.9500628232954,-67.95985290573486,-67.95985290573486
2239.9600628232956,-67.95905780216437,-67.95905780216437
2239.9700628232954,-67.95829163309472,-67.95829163309472
2239.9800628232956,-67.95755435092897,-67.95755435092897
2239.9900628232954,-67.95684590739262,-67.95684590739262
2240.0000628232956,-67.9561662535016,-67.9561662535016
2240.010062823296,-67.95551533960415,-67.95551533960415
2240.0200628232956,-67.9548931153698,-67.9548931153698
2240.030062823296,-67.95429952981004,-67.95429952981004
2240.0400628232956,-67.95373453130318,-67.95373453130318
2240.050062823296,-67.95319806759211,-67.95319806759211
2240.0600628232955,-67.95269008580493,-67.95269008580493
2240.0700628232958,-67.95221053247226,-67.95221053247226
2240.0800628232955,-67.95175935352577,-67.95175935352577
2240.0900628232957,-67.95133649431585,-67.95133649431585
2240.1000628232955,-67.95094189962812,-67.95094189962812
2240.1100628232957,-67.95057551368512,-67.95057551368512
2240.1200628232955,-67.95023728017365,-67.95023728017365
2240.1300628232957,-67.94992714224482,-67.94992714224482
2240.1400628232955,-67.94964504252988,-67.94964504252988
2240.1500628232957,-67.94939092313331,-67.94939092313331
2240.1600628232954,-67.9491647256794,-67.9491647256794
2240.1700628232957,-67.9489663912829,-67.9489663912829
2240.1800628232954,-67.94879586059955,-67.94879586059955
2240.1900628232956,-67.94865307380469,-67.94865307380469
2240.2000628232954,-67.94853797061002,-67.94853797061002
2240.2100628232956,-67.94845049028693,-67.94845049028693
2240.2200628232954,-67.94839057166874,-67.94839057166874
2240.2300628232956,-67.94835815315565,-67.94835815315565
2240.2400628232954,-67.94835317272953,-67.94835317272953
2240.2500628232956,-67.94837556796001,-67.94837556796001
2240.260062823296,-67.94842527601966,-67.94842527601966
2240.2700628232956,-67.94850223369065,-67.94850223369065
2240.280062823296,-67.94860637736612,-67.94860637736612
2240.2900628232956,-67.9487376430782,-67.9487376430782
2240.300062823296,-67.94889596648424,-67.94889596648424
2240.3100628232955,-67.94908128288832,-67.94908128288832
2240.3200628232958,-67.94929352724574,-67.94929352724574
2240.3300628232955,-67.94953263417989,-67.94953263417989
2240.3400628232957,-67.94979853797051,-67.94979853797051
2240.3500628232955,-67.95009117258932,-67.95009117258932
2240.3600628232957,-67.95041047168299,-67.95041047168299
2240.3700628232955,-67.9507563685951,-67.9507563685951
2240.3800628232957,-67.95112879637051,-67.95112879637051
2240.3900628232955,-67.95152768776877,-67.95152768776877
2240.4000628232957,-67.9519529752509,-67.9519529752509
2240.4100628232954,-67.95240459101892,-67.95240459101892
2240.4200628232957,-67.95288246699315,-67.95288246699315
2240.4300628232954,-67.9533865348414,-67.9533865348414
2240.4400628232956,-67.95391672597695,-67.95391672597695
2240.4500628232954,-67.9544729715523,-67.9544729715523
2240.4600628232956,-67.9550552024907,-67.9550552024907
2240.4700628232954,-67.95566334948386,-67.95566334948386
2240.4800628232956,-67.95629734298763,-67.95629734298763
2240.4900628232954,-67.95695711324329,-67.95695711324329
2240.5000628232956,-67.95764259028394,-67.95764259028394
2240.510062823296,-67.95835370391892,-67.95835370391892
2240.5200628232956,-67.95909038376864,-67.95909038376864
2240.530062823296,-67.95985255925385,-67.95985255925385
2240.5400628232956,-67.96064015959942,-67.96064015959942
2240.550062823296,-67.9614531138632,-67.9614531138632
2240.5600628232955,-67.96229135091939,-67.96229135091939
2240.5700628232958,-67.96315479945417,-67.96315479945417
2240.5800628232955,-67.96404338801712,-67.96404338801712
2240.5900628232957,-67.9649570449741,-67.9649570449741
2240.6000628471375,-67.96589570079229,-67.96589570079229
2240.6100628471377,-67.96685927913693,-67.96685927913693
2240.6200628471374,-67.96784771008232,-67.96784771008232
2240.6300628471377,-67.9688609214262,-67.9688609214262
2240.6400628471374,-67.9698988408223,-67.9698988408223
2240.6500628471376,-67.97096139579911,-67.97096139579911
2240.6600628471374,-67.97204851377036,-67.97204851377036
2240.6700628471376,-67.97316012201283,-67.97316012201283
2240.6800628471374,-67.9742961477012,-67.9742961477012
2240.6900628471376,-67.97545651790192,-67.97545651790192
2240.7000628471374,-67.97664115957303,-67.97664115957303
2240.7100628471376,-67.9778499995766,-67.9778499995766
2240.7200628471373,-67.97908296468609,-67.97908296468609
2240.7300628471376,-67.98033998157244,-67.98033998157244
2240.7400628471373,-67.98162097683297,-67.98162097683297
2240.7500628471375,-67.98292587697547,-67.98292587697547
2240.7600628471373,-67.98425460843698,-67.98425460843698
2240.7700628471375,-67.9856070975742,-67.9856070975742
2240.7800628471373,-67.98698327068303,-67.98698327068303
2240.7900628471375,-67.98838305399846,-67.98838305399846
2240.8000628471373,-67.98980637368405,-67.98980637368405
2240.8100628471375,-67.99125315585434,-67.99125315585434
2240.8200628471373,-67.99272332656928,-67.99272332656928
2240.8300628471375,-67.99421681184253,-67.99421681184253
2240.8400628471372,-67.99573353764764,-67.99573353764764
2240.8500628471375,-67.99727342990508,-67.99727342990508
2240.8600628471377,-67.9988364145041,-67.9988364145041
2240.8700628471374,-68.00042241730829,-68.00042241730829
2240.8800628471377,-68.00203136413982,-68.00203136413982
2240.8900628471374,-68.00366318080378,-68.00366318080378
2240.9000628471376,-68.00531779307647,-68.00531779307647
2240.9100628471374,-68.00699512671054,-68.00699512671054
2240.9200628471376,-68.00869510745366,-68.00869510745366
2240.9300628471374,-68.01041766103596,-68.01041766103596
2240.9400628471376,-68.012162713173,-68.012162713173
2240.9500628471374,-68.01393018957683,-68.01393018957683
2240.9600628471376,-68.01571409734333,-68.01571409734333
2240.9700628471373,-68.01751177807807,-68.01751177807807
2240.9800628471376,-68.01932190617133,-68.01932190617133
2240.9900628471373,-68.02114377290346,-68.02114377290346
2241.0000628471375,-68.02297701313995,-68.02297701313995
2241.0100628471373,-68.0248214633126,-68.0248214633126
2241.0200628471375,-68.02667707807134,-68.02667707807134
2241.0300628471373,-68.02854388020269,-68.02854388020269
2241.0400628471375,-68.03042193048465,-68.03042193048465
2241.0500628471373,-68.03231130960974,-68.03231130960974
2241.0600628471375,-68.03421210742209,-68.03421210742209
2241.0700628471373,-68.03612441662942,-68.03612441662942
2241.0800628471375,-68.03804832918233,-68.03804832918233
2241.0900628471372,-68.03998393434966,-68.03998393434966
2241.1000628471375,-68.04193131773684,-68.04193131773684
2241.1100628471377,-68.04389056096127,-68.04389056096127
2241.1200628471374,-68.04586174160919,-68.04586174160919
2241.1300628471377,-68.04784493341272,-68.04784493341272
2241.1400628471374,-68.04984020651152,-68.04984020651152
2241.1500628471376,-68.05184762776788,-68.05184762776788
2241.1600628471374,-68.05386726106266,-68.05386726106266
2241.1700628471376,-68.05589916758764,-68.05589916758764
2241.1800628471374,-68.05794340613849,-68.05794340613849
2241.1900628471376,-68.0600000333161,-68.0600000333161
2241.2000628471374,-68.06206910378502,-68.06206910378502
2241.2100628471376,-68.06415067042435,-68.06415067042435
2241.2200628471373,-68.06624478450279,-68.06624478450279
2241.2300628471376,-68.06835149581877,-68.06835149581877
2241.2400628471373,-68.07047085279694,-68.07047085279694
2241.2500628471375,-68.07260290260618,-68.07260290260618
2241.2600628471373,-68.07474769124144,-68.07474769124144
2241.2700628471375,-68.07690526356835,-68.07690526356835
2241.2800628471373,-68.07907566340499,-68.07907566340499
2241.2900628471375,-68.08125893355778,-68.08125893355778
2241.3000628471373,-68.0834551158577,-68.0834551158577
2241.3100628471375,-68.0856642511968,-68.0856642511968
2241.3200628471373,-68.08788637954123,-68.08788637954123
2241.3300628471375,-68.09012153996458,-68.09012153996458
2241.3400628471372,-68.09236977066195,-68.09236977066195
2241.3500628471375,-68.09463110895597,-68.09463110895597
2241.3600628471377,-68.09690559129974,-68.09690559129974
2241.3700628471374,-68.09919325330628,-68.09919325330628
2241.3800628471377,-68.10149412971737,-68.10149412971737
2241.3900628471374,-68.10380825444115,-68.10380825444115
2241.4000628471376,-68.1061356605337,-68.1061356605337
2241.4100628471374,-68.10847638020807,-68.10847638020807
2241.4200628471376,-68.11083044483118,-68.11083044483118
2241.4300628471374,-68.11319788492717,-68.11319788492717
2241.4400628471376,-68.11557873016515,-68.11557873016515
2241.4500628709793,-68.11797301507686,-68.11797301507686
2241.4600628709795,-68.12038075625972,-68.12038075625972
2241.4700628709793,-68.12280198650159,-68.12280198650159
2241.4800628709795,-68.12523673206739,-68.12523673206739
2241.4900628709793,-68.1276850183768,-68.1276850183768
2241.5000628709795,-68.13014686998669,-68.13014686998669
2241.5100628709793,-68.13262231061044,-68.13262231061044
2241.5200628709795,-68.13511136308682,-68.13511136308682
2241.5300628709792,-68.1376140494038,-68.1376140494038
2241.5400628709795,-68.14013039069692,-68.14013039069692
2241.550062870979,-68.14266040724016,-68.14266040724016
2241.5600628709794,-68.14520411844903,-68.14520411844903
2241.570062870979,-68.14776154289264,-68.14776154289264
2241.5800628709794,-68.15033269827366,-68.15033269827366
2241.590062870979,-68.15291760145809,-68.15291760145809
2241.6000628709794,-68.15551626843727,-68.15551626843727
2241.610062870979,-68.15812871438052,-68.15812871438052
2241.6200628709794,-68.16075495359732,-68.16075495359732
2241.630062870979,-68.16339499955261,-68.16339499955261
2241.6400628709794,-68.16604886487242,-68.16604886487242
2241.650062870979,-68.16871656135862,-68.16871656135862
2241.6600628709793,-68.17139809997086,-68.17139809997086
2241.670062870979,-68.17409349083921,-68.17409349083921
2241.6800628709793,-68.17680274327559,-68.17680274327559
2241.690062870979,-68.17952586577208,-68.17952586577208
2241.7000628709793,-68.18226286600637,-68.18226286600637
2241.7100628709795,-68.18501375085506,-68.18501375085506
2241.7200628709793,-68.1877785263782,-68.1877785263782
2241.7300628709795,-68.19055719784308,-68.19055719784308
2241.7400628709793,-68.19334976974089,-68.19334976974089
2241.7500628709795,-68.1961562457506,-68.1961562457506
2241.7600628709793,-68.198976628806,-68.198976628806
2241.7700628709795,-68.20181092103944,-68.20181092103944
2241.7800628709792,-68.20465912382721,-68.20465912382721
2241.7900628709795,-68.20752123779762,-68.20752123779762
2241.800062870979,-68.2103972628112,-68.2103972628112
2241.8100628709794,-68.21328719800016,-68.21328719800016
2241.820062870979,-68.21619104174198,-68.21619104174198
2241.8300628709794,-68.21910879169448,-68.21910879169448
2241.840062870979,-68.22204044479948,-68.22204044479948
2241.8500628709794,-68.22498599727517,-68.22498599727517
2241.860062870979,-68.2279454446334,-68.2279454446334
2241.8700628709794,-68.23091878168769,-68.23091878168769
2241.880062870979,-68.23390600256079,-68.23390600256079
2241.8900628709794,-68.23690710068874,-68.23690710068874
2241.900062870979,-68.2399220688462,-68.2399220688462
2241.9100628709793,-68.24295089911219,-68.24295089911219
2241.920062870979,-68.24599358293968,-68.24599358293968
2241.9300628709793,-68.249050111112,-68.249050111112
2241.940062870979,-68.25212047376826,-68.25212047376826
2241.9500628709793,-68.25520466042454,-68.25520466042454
2241.9600628709795,-68.25829671692131,-68.25829671692131
2241.9700628709793,-68.26139403395084,-68.26139403395084
2241.9800628709795,-68.26449533895295,-68.26449533895295
2241.9900628709793,-68.26759997787669,-68.26759997787669
2242.0000628709795,-68.27070764095771,-68.27070764095771
2242.0100628709793,-68.27381822026254,-68.27381822026254
2242.0200628709795,-68.27693172607958,-68.27693172607958
2242.0300628709792,-68.28004823672147,-68.28004823672147
2242.0400628709795,-68.28316786829109,-68.28316786829109
2242.050062870979,-68.28629075656109,-68.28629075656109
2242.0600628709794,-68.28941704617068,-68.28941704617068
2242.070062870979,-68.29254688431308,-68.29254688431308
2242.0800628709794,-68.29568041711403,-68.29568041711403
2242.090062870979,-68.29881778767903,-68.29881778767903
2242.1000628709794,-68.30195913510347,-68.30195913510347
2242.110062870979,-68.30510459415278,-68.30510459415278
2242.1200628709794,-68.30825429516567,-68.30825429516567
2242.130062870979,-68.31140836429172,-68.31140836429172
2242.1400628709794,-68.31456692369953,-68.31456692369953
2242.150062870979,-68.31773009190232,-68.31773009190232
2242.1600628709793,-68.32089798403442,-68.32089798403442
2242.170062870979,-68.32407071217173,-68.32407071217173
2242.1800628709793,-68.32724838557861,-68.32724838557861
2242.190062870979,-68.33043111096204,-68.33043111096204
2242.2000628709793,-68.3336189926633,-68.3336189926633
2242.2100628709795,-68.33681213285759,-68.33681213285759
2242.2200628709793,-68.34001063171617,-68.34001063171617
2242.2300628709795,-68.34321458752659,-68.34321458752659
2242.2400628709793,-68.34642409681983,-68.34642409681983
2242.2500628709795,-68.34963925446861,-68.34963925446861
2242.2600628709793,-68.35286015375787,-68.35286015375787
2242.2700628709795,-68.35608688646694,-68.35608688646694
2242.2800628709792,-68.35931954292339,-68.35931954292339
2242.2900628709795,-68.36255821204675,-68.36255821204675
2242.300062894821,-68.36580298912247,-68.36580298912247
2242.3100628948214,-68.36905394493901,-68.36905394493901
2242.320062894821,-68.37231117210874,-68.37231117210874
2242.3300628948214,-68.37557475426581,-68.37557475426581
2242.340062894821,-68.37884477378498,-68.37884477378498
2242.3500628948213,-68.38212131176991,-68.38212131176991
2242.360062894821,-68.38540444809219,-68.38540444809219
2242.3700628948213,-68.38869426138602,-68.38869426138602
2242.380062894821,-68.39199082906921,-68.39199082906921
2242.3900628948213,-68.39529422732764,-68.39529422732764
2242.400062894821,-68.39860453114738,-68.39860453114738
2242.4100628948213,-68.40192181428682,-68.40192181428682
2242.420062894821,-68.40524614930933,-68.40524614930933
2242.4300628948213,-68.4085776075581,-68.4085776075581
2242.440062894821,-68.41191625918572,-68.41191625918572
2242.4500628948213,-68.4152621731387,-68.4152621731387
2242.460062894821,-68.41861541715791,-68.41861541715791
2242.4700628948212,-68.42197605778962,-68.42197605778962
2242.480062894821,-68.42534416037523,-68.42534416037523
2242.490062894821,-68.4287197890692,-68.4287197890692
2242.500062894821,-68.43210300682392,-68.43210300682392
2242.510062894821,-68.43549387541205,-68.43549387541205
2242.520062894821,-68.43889245540477,-68.43889245540477
2242.530062894821,-68.44229880619238,-68.44229880619238
2242.540062894821,-68.44571298598697,-68.44571298598697
2242.550062894821,-68.44913505181226,-68.44913505181226
2242.5600628948214,-68.45256505951488,-68.45256505951488
2242.570062894821,-68.45600306378216,-68.45600306378216
2242.5800628948214,-68.45944911811522,-68.45944911811522
2242.590062894821,-68.46290327487097,-68.46290327487097
2242.6000628948213,-68.46636558523863,-68.46636558523863
2242.610062894821,-68.4698360992508,-68.4698360992508
2242.6200628948213,-68.47331486580504,-68.47331486580504
2242.630062894821,-68.4768019326506,-68.4768019326506
2242.6400628948213,-68.48029734640117,-68.48029734640117
2242.650062894821,-68.48380115254807,-68.48380115254807
2242.6600628948213,-68.48731339545049,-68.48731339545049
2242.670062894821,-68.49083411837108,-68.49083411837108
2242.6800628948213,-68.49436336344549,-68.49436336344549
2242.690062894821,-68.49790117173062,-68.49790117173062
2242.7000628948213,-68.50144758317859,-68.50144758317859
2242.710062894821,-68.50500263666166,-68.50500263666166
2242.7200628948212,-68.50856636997896,-68.50856636997896
2242.730062894821,-68.51213881987137,-68.51213881987137
2242.740062894821,-68.5157200220087,-68.5157200220087
2242.750062894821,-68.51931001102199,-68.51931001102199
2242.760062894821,-68.52290882050197,-68.52290882050197
2242.770062894821,-68.52651648301065,-68.52651648301065
2242.780062894821,-68.53013303007826,-68.53013303007826
2242.790062894821,-68.53375849223862,-68.53375849223862
2242.800062894821,-68.53739289902165,-68.53739289902165
2242.8100628948214,-68.5410362789647,-68.5410362789647
2242.820062894821,-68.54468865961374,-68.54468865961374
2242.8300628948214,-68.54835006756103,-68.54835006756103
2242.840062894821,-68.55202052842398,-68.55202052842398
2242.8500628948213,-68.55570006688086,-68.55570006688086
2242.860062894821,-68.55938870665344,-68.55938870665344
2242.8700628948213,-68.56308647054507,-68.56308647054507
2242.880062894821,-68.56679338043683,-68.56679338043683
2242.8900628948213,-68.57050945729092,-68.57050945729092
2242.900062894821,-68.57423472119049,-68.57423472119049
2242.9100628948213,-68.57796919130047,-68.57796919130047
2242.920062894821,-68.58171288592872,-68.58171288592872
2242.9300628948213,-68.58546582251365,-68.58546582251365
2242.940062894821,-68.58922801762606,-68.58922801762606
2242.9500628948213,-68.59299948699797,-68.59299948699797
2242.960062894821,-68.59677427096402,-68.59677427096402
2242.9700628948212,-68.60054977046225,-68.60054977046225
2242.980062894821,-68.60432472951098,-68.60432472951098
2242.990062894821,-68.60809851347189,-68.60809851347189
2243.000062894821,-68.61187083355728,-68.61187083355728
2243.010062894821,-68.61564160368098,-68.61564160368098
2243.020062894821,-68.61941085650342,-68.61941085650342
2243.030062894821,-68.62317869297249,-68.62317869297249
2243.040062894821,-68.62694525197698,-68.62694525197698
2243.050062894821,-68.63071069214928,-68.63071069214928
2243.0600628948214,-68.63447518100398,-68.63447518100398
2243.070062894821,-68.63823888860034,-68.63823888860034
2243.0800628948214,-68.64200198389119,-68.64200198389119
2243.090062894821,-68.64576463276275,-68.64576463276275
2243.1000628948213,-68.64952699703092,-68.64952699703092
2243.110062894821,-68.65328923408941,-68.65328923408941
2243.1200628948213,-68.65705149687821,-68.65705149687821
2243.130062894821,-68.66081393401542,-68.66081393401542
2243.1400628948213,-68.6645766900702,-68.6645766900702
2243.150062918663,-68.6683399148184,-68.6683399148184
2243.1600629186632,-68.67210372770471,-68.67210372770471
2243.170062918663,-68.67586827185792,-68.67586827185792
2243.180062918663,-68.6796336785653,-68.6796336785653
2243.190062918663,-68.6834000764282,-68.6834000764282
2243.200062918663,-68.68716759160736,-68.68716759160736
2243.210062918663,-68.69093634796062,-68.69093634796062
2243.220062918663,-68.69470646723714,-68.69470646723714
2243.230062918663,-68.69847806919815,-68.69847806919815
2243.240062918663,-68.70225127172888,-68.70225127172888
2243.250062918663,-68.70602619094053,-68.70602619094053
2243.260062918663,-68.70980294124672,-68.70980294124672
2243.270062918663,-68.71358163543685,-68.71358163543685
2243.280062918663,-68.71736238472462,-68.71736238472462
2243.290062918663,-68.72114529880187,-68.72114529880187
2243.300062918663,-68.7249304858829,-68.7249304858829
2243.310062918663,-68.72871805272517,-68.72871805272517
2243.320062918663,-68.73250810465237,-68.73250810465237
2243.330062918663,-68.73630074559321,-68.73630074559321
2243.340062918663,-68.74009607808749,-68.74009607808749
2243.350062918663,-68.74389420330861,-68.74389420330861
2243.360062918663,-68.74769522105363,-68.74769522105363
2243.370062918663,-68.75149922978163,-68.75149922978163
2243.380062918663,-68.75530632659247,-68.75530632659247
2243.390062918663,-68.7591166072669,-68.7591166072669
2243.400062918663,-68.76293016622832,-68.76293016622832
2243.4100629186632,-68.76674709658722,-68.76674709658722
2243.420062918663,-68.77056749012104,-68.77056749012104
2243.430062918663,-68.7743914372807,-68.7743914372807
2243.440062918663,-68.77821902718969,-68.77821902718969
2243.450062918663,-68.7820503476608,-68.7820503476608
2243.460062918663,-68.78587949386288,-68.78587949386288
2243.470062918663,-68.78970393015446,-68.78970393015446
2243.480062918663,-68.79352246715365,-68.79352246715365
2243.490062918663,-68.7973345380309,-68.7973345380309
2243.500062918663,-68.80113992223785,-68.80113992223785
2243.510062918663,-68.80493860201105,-68.80493860201105
2243.520062918663,-68.80873067816282,-68.80873067816282
2243.530062918663,-68.81251631949885,-68.81251631949885
2243.540062918663,-68.81629573239034,-68.81629573239034
2243.550062918663,-68.82006914250803,-68.82006914250803
2243.560062918663,-68.82383678394544,-68.82383678394544
2243.570062918663,-68.82759889283933,-68.82759889283933
2243.580062918663,-68.83135570370801,-68.83135570370801
2243.590062918663,-68.83510744746953,-68.83510744746953
2243.600062918663,-68.83885435045474,-68.83885435045474
2243.610062918663,-68.84259663401333,-68.84259663401333
2243.620062918663,-68.84633451447135,-68.84633451447135
2243.630062918663,-68.85006820329973,-68.85006820329973
2243.640062918663,-68.85379790735574,-68.85379790735574
2243.650062918663,-68.85752382915582,-68.85752382915582
2243.6600629186632,-68.86124616719646,-68.86124616719646
2243.670062918663,-68.86496511622128,-68.86496511622128
2243.680062918663,-68.8686808674905,-68.8686808674905
2243.690062918663,-68.87239360899697,-68.87239360899697
2243.700062918663,-68.87610352570547,-68.87610352570547
2243.710062918663,-68.87981079971208,-68.87981079971208
2243.720062918663,-68.88351561038783,-68.88351561038783
2243.730062918663,-68.88721813453921,-68.88721813453921
2243.740062918663,-68.89091854649632,-68.89091854649632
2243.750062918663,-68.89461701824646,-68.89461701824646
2243.760062918663,-68.89831371945895,-68.89831371945895
2243.770062918663,-68.90200881761362,-68.90200881761362
2243.780062918663,-68.90570247800308,-68.90570247800308
2243.790062918663,-68.90939486383216,-68.90939486383216
2243.800062918663,-68.91308613620954,-68.91308613620954
2243.810062918663,-68.91677645421939,-68.91677645421939
2243.820062918663,-68.92046597493072,-68.92046597493072
2243.830062918663,-68.92415485342374,-68.92415485342374
2243.840062918663,-68.92784324280568,-68.92784324280568
2243.850062918663,-68.93153129424088,-68.93153129424088
2243.860062918663,-68.93521915695253,-68.93521915695253
2243.870062918663,-68.93890697823953,-68.93890697823953
2243.880062918663,-68.9425949034729,-68.9425949034729
2243.890062918663,-68.94628307611634,-68.94628307611634
2243.900062918663,-68.94997163775501,-68.94997163775501
2243.9100629186632,-68.95366072806166,-68.95366072806166
2243.920062918663,-68.9573504848353,-68.9573504848353
2243.930062918663,-68.96104104398292,-68.96104104398292
2243.940062918663,-68.9647325395495,-68.9647325395495
2243.950062918663,-68.96842510369824,-68.96842510369824
2243.960062918663,-68.9721128594482,-68.9721128594482
2243.970062918663,-68.97579330756457,-68.97579330756457
2243.980062918663,-68.97946529811982,-68.97946529811982
2243.990062918663,-68.98312830489084,-68.98312830489084
2244.000062942505,-68.98678215704986,-68.98678215704986
2244.010062942505,-68.99042686043525,-68.99042686043525
2244.020062942505,-68.99406256542997,-68.99406256542997
2244.030062942505,-68.99768948137215,-68.99768948137215
2244.040062942505,-69.00130785476526,-69.00130785476526
2244.050062942505,-69.0049179509767,-69.0049179509767
2244.060062942505,-69.00852004333659,-69.00852004333659
2244.070062942505,-69.01211440673767,-69.01211440673767
2244.080062942505,-69.01570131397511,-69.01570131397511
2244.090062942505,-69.01928103376173,-69.01928103376173
2244.100062942505,-69.02285382975009,-69.02285382975009
2244.110062942505,-69.02641996012385,-69.02641996012385
2244.120062942505,-69.02997967757511,-69.02997967757511
2244.130062942505,-69.03353322945914,-69.03353322945914
2244.1400629425048,-69.03708085805383,-69.03708085805383
2244.150062942505,-69.0406228008437,-69.0406228008437
2244.1600629425047,-69.04415929081523,-69.04415929081523
2244.170062942505,-69.04769055676415,-69.04769055676415
2244.1800629425047,-69.05121682353959,-69.05121682353959
2244.190062942505,-69.05473831230651,-69.05473831230651
2244.2000629425047,-69.05825524073214,-69.05825524073214
2244.210062942505,-69.06176782318923,-69.06176782318923
2244.2200629425047,-69.065276270905,-69.065276270905
2244.230062942505,-69.06878079210547,-69.06878079210547
2244.2400629425047,-69.0722815921392,-69.0722815921392
2244.250062942505,-69.07577887356135,-69.07577887356135
2244.260062942505,-69.07927283623141,-69.07927283623141
2244.270062942505,-69.08276367738948,-69.08276367738948
2244.280062942505,-69.08625159170047,-69.08625159170047
2244.290062942505,-69.08973677132767,-69.08973677132767
2244.300062942505,-69.09321940595733,-69.09321940595733
2244.310062942505,-69.09669968286161,-69.09669968286161
2244.320062942505,-69.10017778690445,-69.10017778690445
2244.330062942505,-69.10365390058313,-69.10365390058313
2244.340062942505,-69.10712820405628,-69.10712820405628
2244.350062942505,-69.11060087515082,-69.11060087515082
2244.360062942505,-69.11407208940082,-69.11407208940082
2244.370062942505,-69.1175420200359,-69.1175420200359
2244.380062942505,-69.12101083801633,-69.12101083801633
2244.3900629425048,-69.12447871205268,-69.12447871205268
2244.400062942505,-69.12794580858309,-69.12794580858309
2244.4100629425047,-69.13141229183202,-69.13141229183202
2244.420062942505,-69.1348783237717,-69.1348783237717
2244.4300629425047,-69.13834406416677,-69.13834406416677
2244.440062942505,-69.14180967058898,-69.14180967058898
2244.4500629425047,-69.14527529839606,-69.14527529839606
2244.460062942505,-69.14874110076587,-69.14874110076587
2244.4700629425047,-69.15220722869906,-69.15220722869906
2244.480062942505,-69.15567383102551,-69.15567383102551
2244.4900629425047,-69.15914105442974,-69.15914105442974
2244.500062942505,-69.16260904344162,-69.16260904344162
2244.510062942505,-69.16607794046944,-69.16607794046944
2244.520062942505,-69.16954788578049,-69.16954788578049
2244.530062942505,-69.17301901754568,-69.17301901754568
2244.540062942505,-69.17649147183494,-69.17649147183494
2244.550062942505,-69.17996538262666,-69.17996538262666
2244.560062942505,-69.18344088182795,-69.18344088182795
2244.570062942505,-69.18691809928123,-69.18691809928123
2244.580062942505,-69.19039716279124,-69.19039716279124
2244.590062942505,-69.19387819812806,-69.19387819812806
2244.600062942505,-69.19736132903172,-69.19736132903172
2244.610062942505,-69.20084667724043,-69.20084667724043
2244.620062942505,-69.20433436250538,-69.20433436250538
2244.630062942505,-69.20782450261106,-69.20782450261106
2244.6400629425048,-69.2113172133653,-69.2113172133653
2244.650062942505,-69.21481260863463,-69.21481260863463
2244.6600629425047,-69.21831080035821,-69.21831080035821
2244.670062942505,-69.22181189856873,-69.22181189856873
2244.6800629425047,-69.22531601139099,-69.22531601139099
2244.690062942505,-69.22882324507525,-69.22882324507525
2244.7000629425047,-69.23233370401387,-69.23233370401387
2244.710062942505,-69.23584749074112,-69.23584749074112
2244.7200629425047,-69.23936470596205,-69.23936470596205
2244.730062942505,-69.2428854485731,-69.2428854485731
2244.7400629425047,-69.24640981568412,-69.24640981568412
2244.750062942505,-69.2499379026011,-69.2499379026011
2244.760062942505,-69.25346980290193,-69.25346980290193
2244.770062942505,-69.25700560839921,-69.25700560839921
2244.780062942505,-69.26054540918335,-69.26054540918335
2244.790062942505,-69.26408929364352,-69.26408929364352
2244.800062942505,-69.267637348484,-69.267637348484
2244.810062942505,-69.27118965871931,-69.27118965871931
2244.820062942505,-69.27474630772113,-69.27474630772113
2244.830062942505,-69.27830737723225,-69.27830737723225
2244.840062942505,-69.28187294737194,-69.28187294737194
2244.8500629663467,-69.28544310515568,-69.28544310515568
2244.860062966347,-69.28901791053951,-69.28901791053951
2244.8700629663467,-69.2925974473713,-69.2925974473713
2244.880062966347,-69.2961817894823,-69.2961817894823
2244.8900629663467,-69.29977100918153,-69.29977100918153
2244.900062966347,-69.30336517725134,-69.30336517725134
2244.9100629663467,-69.30696436299773,-69.30696436299773
2244.920062966347,-69.31056863424106,-69.31056863424106
2244.9300629663467,-69.31417805735514,-69.31417805735514
2244.940062966347,-69.31779269726769,-69.31779269726769
2244.9500629663466,-69.32141261748717,-69.32141261748717
2244.960062966347,-69.32503184177257,-69.32503184177257
2244.9700629663466,-69.3286477894356,-69.3286477894356
2244.980062966347,-69.33225923647674,-69.33225923647674
2244.9900629663466,-69.33586558628382,-69.33586558628382
2245.000062966347,-69.33946659122188,-69.33946659122188
2245.0100629663466,-69.3430622079982,-69.3430622079982
2245.020062966347,-69.34665251283123,-69.34665251283123
2245.0300629663466,-69.35023765049975,-69.35023765049975
2245.040062966347,-69.35381780367292,-69.35381780367292
2245.0500629663466,-69.35739317451485,-69.35739317451485
2245.060062966347,-69.36096397375684,-69.36096397375684
2245.0700629663465,-69.3645304142554,-69.3645304142554
2245.0800629663468,-69.36809270734211,-69.36809270734211
2245.0900629663465,-69.37165106080512,-69.37165106080512
2245.1000629663467,-69.37520567793229,-69.37520567793229
2245.110062966347,-69.37875675710673,-69.37875675710673
2245.1200629663467,-69.38230449178309,-69.38230449178309
2245.130062966347,-69.38584907066544,-69.38584907066544
2245.1400629663467,-69.38939067793622,-69.38939067793622
2245.150062966347,-69.39292949357215,-69.39292949357215
2245.1600629663467,-69.39646569365686,-69.39646569365686
2245.170062966347,-69.39999945065918,-69.39999945065918
2245.1800629663467,-69.40353093372217,-69.40353093372217
2245.190062966347,-69.40706030887415,-69.40706030887415
2245.2000629663466,-69.41058773925836,-69.41058773925836
2245.210062966347,-69.41410733939274,-69.41410733939274
2245.2200629663466,-69.41761662259013,-69.41761662259013
2245.230062966347,-69.42111445960215,-69.42111445960215
2245.2400629663466,-69.42460034847012,-69.42460034847012
2245.250062966347,-69.42807413585167,-69.42807413585167
2245.2600629663466,-69.43153587225946,-69.43153587225946
2245.270062966347,-69.4349857271766,-69.4349857271766
2245.2800629663466,-69.43842393809334,-69.43842393809334
2245.290062966347,-69.44184091501586,-69.44184091501586
2245.3000629663466,-69.44522588099905,-69.44522588099905
2245.310062966347,-69.44856958922662,-69.44856958922662
2245.3200629663465,-69.45186448253548,-69.45186448253548
2245.3300629663468,-69.4551043928453,-69.4551043928453
2245.3400629663465,-69.45828426012773,-69.45828426012773
2245.3500629663467,-69.46139992277278,-69.46139992277278
2245.360062966347,-69.46444796171109,-69.46444796171109
2245.3700629663467,-69.4674255803697,-69.4674255803697
2245.380062966347,-69.47033050915971,-69.47033050915971
2245.3900629663467,-69.47316092778068,-69.47316092778068
2245.400062966347,-69.47591540103886,-69.47591540103886
2245.4100629663467,-69.4785928252649,-69.4785928252649
2245.420062966347,-69.48119238322292,-69.48119238322292
2245.4300629663467,-69.48371350591546,-69.48371350591546
2245.440062966347,-69.48615583999805,-69.48615583999805
2245.4500629663466,-69.48851921990067,-69.48851921990067
2245.460062966347,-69.49079759363951,-69.49079759363951
2245.4700629663466,-69.49298845826456,-69.49298845826456
2245.480062966347,-69.49509079738148,-69.49509079738148
2245.4900629663466,-69.49710433426446,-69.49710433426446
2245.500062966347,-69.49902923906598,-69.49902923906598
2245.5100629663466,-69.50086597182525,-69.50086597182525
2245.520062966347,-69.5026151869279,-69.5026151869279
2245.5300629663466,-69.50427767273257,-69.50427767273257
2245.540062966347,-69.50585431268739,-69.50585431268739
2245.5500629663466,-69.50734605969457,-69.50734605969457
2245.560062966347,-69.5087539187207,-69.5087539187207
2245.5700629663465,-69.51007893474954,-69.51007893474954
2245.5800629663468,-69.51132218405577,-69.51132218405577
2245.5900629663465,-69.51248476776775,-69.51248476776775
2245.6000629663467,-69.5135678069117,-69.5135678069117
2245.610062966347,-69.51457243851775,-69.51457243851775
2245.6200629663467,-69.51549981242054,-69.51549981242054
2245.630062966347,-69.51635108863061,-69.51635108863061
2245.6400629663467,-69.51712743508749,-69.51712743508749
2245.650062966347,-69.51783002569157,-69.51783002569157
2245.6600629663467,-69.51846003863983,-69.51846003863983
2245.670062966347,-69.51901865487912,-69.51901865487912
2245.6800629663467,-69.51950705676872,-69.51950705676872
2245.690062966347,-69.51992642689325,-69.51992642689325
2245.7000629901886,-69.52027794778495,-69.52027794778495
2245.710062990189,-69.52055674787758,-69.52055674787758
2245.7200629901886,-69.52076136412654,-69.52076136412654
2245.730062990189,-69.520891691177,-69.520891691177
2245.7400629901886,-69.52094824994555,-69.52094824994555
2245.750062990189,-69.52093190770373,-69.52093190770373
2245.7600629901885,-69.52084373240531,-69.52084373240531
2245.7700629901888,-69.520684907034,-69.520684907034
2245.7800629901885,-69.52045667796496,-69.52045667796496
2245.7900629901887,-69.52016032369926,-69.52016032369926
2245.8000629901885,-69.51979713601408,-69.51979713601408
2245.8100629901887,-69.5193684085272,-69.5193684085272
2245.8200629901885,-69.51887542993859,-69.51887542993859
2245.8300629901887,-69.51831947996374,-69.51831947996374
2245.8400629901885,-69.51770182704796,-69.51770182704796
2245.8500629901887,-69.51702372710669,-69.51702372710669
2245.8600629901885,-69.51628642287382,-69.51628642287382
2245.8700629901887,-69.51549114366624,-69.51549114366624
2245.8800629901884,-69.51463910532343,-69.51463910532343
2245.8900629901887,-69.51373151029298,-69.51373151029298
2245.9000629901884,-69.51276954776003,-69.51276954776003
2245.9100629901886,-69.51175439380076,-69.51175439380076
2245.9200629901884,-69.51068721157402,-69.51068721157402
2245.9300629901886,-69.50956915141958,-69.50956915141958
2245.9400629901884,-69.50840135107005,-69.50840135107005
2245.9500629901886,-69.50718493570638,-69.50718493570638
2245.960062990189,-69.50592101810749,-69.50592101810749
2245.9700629901886,-69.50461069874663,-69.50461069874663
2245.980062990189,-69.50325506586042,-69.50325506586042
2245.9900629901886,-69.50185519552565,-69.50185519552565
2246.000062990189,-69.500412151734,-69.500412151734
2246.0100629901885,-69.49892698644177,-69.49892698644177
2246.0200629901888,-69.49740073961141,-69.49740073961141
2246.0300629901885,-69.49583443927409,-69.49583443927409
2246.0400629901887,-69.49422910158157,-69.49422910158157
2246.0500629901885,-69.49258573082284,-69.49258573082284
2246.0600629901887,-69.4909053194832,-69.4909053194832
2246.0700629901885,-69.48918884830155,-69.48918884830155
2246.0800629901887,-69.48743728628169,-69.48743728628169
2246.0900629901885,-69.48565159075034,-69.48565159075034
2246.1000629901887,-69.48383270741965,-69.48383270741965
2246.1100629901885,-69.48198157039853,-69.48198157039853
2246.1200629901887,-69.48009910227762,-69.48009910227762
2246.1300629901884,-69.47818621414582,-69.47818621414582
2246.1400629901887,-69.4762438056693,-69.4762438056693
2246.1500629901884,-69.47427276512752,-69.47427276512752
2246.1600629901886,-69.47227396948807,-69.47227396948807
2246.1700629901884,-69.47024828445633,-69.47024828445633
2246.1800629901886,-69.46819656452719,-69.46819656452719
2246.1900629901884,-69.46611965306191,-69.46611965306191
2246.2000629901886,-69.46401838235624,-69.46401838235624
2246.210062990189,-69.46189357368849,-69.46189357368849
2246.2200629901886,-69.45974603741755,-69.45974603741755
2246.230062990189,-69.45757657303676,-69.45757657303676
2246.2400629901886,-69.45538596924517,-69.45538596924517
2246.250062990189,-69.45317500403917,-69.45317500403917
2246.2600629901885,-69.45094444476975,-69.45094444476975
2246.2700629901888,-69.44869504824085,-69.44869504824085
2246.2800629901885,-69.44642756076661,-69.44642756076661
2246.2900629901887,-69.44414271828764,-69.44414271828764
2246.3000629901885,-69.44184124642362,-69.44184124642362
2246.3100629901887,-69.43952386056662,-69.43952386056662
2246.3200629901885,-69.43719126597794,-69.43719126597794
2246.3300629901887,-69.43484415784738,-69.43484415784738
2246.3400629901885,-69.43248322142513,-69.43248322142513
2246.3500629901887,-69.43010913207137,-69.43010913207137
2246.3600629901885,-69.4277225553654,-69.4277225553654
2246.3700629901887,-69.42532414718636,-69.42532414718636
2246.3800629901884,-69.42291455381137,-69.42291455381137
2246.3900629901887,-69.42049441200952,-69.42049441200952
2246.4000629901884,-69.41806434912468,-69.41806434912468
2246.4100629901886,-69.41562498316777,-69.41562498316777
2246.4200629901884,-69.4131769229294,-69.4131769229294
2246.4300629901886,-69.41072076805776,-69.41072076805776
2246.4400629901884,-69.40825710914316,-69.40825710914316
2246.4500629901886,-69.40578652783546,-69.40578652783546
2246.460062990189,-69.40330959691843,-69.40330959691843
2246.4700629901886,-69.40082688042338,-69.40082688042338
2246.480062990189,-69.39833893370154,-69.39833893370154
2246.4900629901886,-69.3958463035312,-69.3958463035312
2246.500062990189,-69.3933495282194,-69.3933495282194
2246.5100629901885,-69.390849137673,-69.390849137673
2246.5200629901888,-69.38834565351252,-69.38834565351252
2246.5300629901885,-69.38583958916863,-69.38583958916863
2246.5400629901887,-69.38333144995275,-69.38333144995275
2246.5500630140305,-69.38082172719413,-69.38082172719413
2246.5600630140307,-69.37831092224015,-69.37831092224015
2246.5700630140304,-69.37579951068176,-69.37579951068176
2246.5800630140307,-69.3732879663453,-69.3732879663453
2246.5900630140304,-69.37077675542635,-69.37077675542635
2246.6000630140306,-69.36826633655575,-69.36826633655575
2246.6100630140304,-69.36575716091582,-69.36575716091582
2246.6200630140306,-69.3632496723237,-69.3632496723237
2246.6300630140304,-69.36074430731131,-69.36074430731131
2246.6400630140306,-69.35824149523255,-69.35824149523255
2246.6500630140304,-69.355741658328,-69.355741658328
2246.6600630140306,-69.35324521183004,-69.35324521183004
2246.6700630140303,-69.3507525640643,-69.3507525640643
2246.6800630140306,-69.34826411649414,-69.34826411649414
2246.6900630140303,-69.3457802638519,-69.3457802638519
2246.7000630140305,-69.3433013941918,-69.3433013941918
2246.7100630140303,-69.34082788900456,-69.34082788900456
2246.7200630140305,-69.33836012327272,-69.33836012327272
2246.7300630140303,-69.33589846557672,-69.33589846557672
2246.7400630140305,-69.33344327816555,-69.33344327816555
2246.7500630140303,-69.3309949170426,-69.3309949170426
2246.7600630140305,-69.32855373204788,-69.32855373204788
2246.7700630140303,-69.32612006693766,-69.32612006693766
2246.7800630140305,-69.32369425946428,-69.32369425946428
2246.7900630140302,-69.3212766414596,-69.3212766414596
2246.8000630140305,-69.31886753890981,-69.31886753890981
2246.8100630140307,-69.31646727203352,-69.31646727203352
2246.8200630140304,-69.3140761553559,-69.3140761553559
2246.8300630140307,-69.3116944977938,-69.3116944977938
2246.8400630140304,-69.3093226027241,-69.3093226027241
2246.8500630140306,-69.30696076806306,-69.30696076806306
2246.8600630140304,-69.30460928633137,-69.30460928633137
2246.8700630140306,-69.30226844473144,-69.30226844473144
2246.8800630140304,-69.29993852523357,-69.29993852523357
2246.8900630140306,-69.29761980462487,-69.29761980462487
2246.9000630140304,-69.2953125545926,-69.2953125545926
2246.9100630140306,-69.29301704179304,-69.29301704179304
2246.9200630140303,-69.29073352792376,-69.29073352792376
2246.9300630140306,-69.28846226978395,-69.28846226978395
2246.9400630140303,-69.28620351935679,-69.28620351935679
2246.9500630140305,-69.28395752384695,-69.28395752384695
2246.9600630140303,-69.28172452578748,-69.28172452578748
2246.9700630140305,-69.27950476305669,-69.27950476305669
2246.9800630140303,-69.27729846900334,-69.27729846900334
2246.9900630140305,-69.2751058724525,-69.2751058724525
2247.0000630140303,-69.27292719781028,-69.27292719781028
2247.0100630140305,-69.27076266508298,-69.27076266508298
2247.0200630140303,-69.26861248998803,-69.26861248998803
2247.0300630140305,-69.26647688398151,-69.26647688398151
2247.0400630140302,-69.26435605432532,-69.26435605432532
2247.0500630140305,-69.26225020415893,-69.26225020415893
2247.0600630140307,-69.26015953252941,-69.26015953252941
2247.0700630140304,-69.25808423450025,-69.25808423450025
2247.0800630140307,-69.25602450113651,-69.25602450113651
2247.0900630140304,-69.25398051962914,-69.25398051962914
2247.1000630140306,-69.25195247330598,-69.25195247330598
2247.1100630140304,-69.2499405417178,-69.2499405417178
2247.1200630140306,-69.2479449006597,-69.2479449006597
2247.1300630140304,-69.2459657222531,-69.2459657222531
2247.1400630140306,-69.24400317498886,-69.24400317498886
2247.1500630140304,-69.2420574237809,-69.2420574237809
2247.1600630140306,-69.24012863000249,-69.24012863000249
2247.1700630140303,-69.23821695155652,-69.23821695155652
2247.1800630140306,-69.23632254292403,-69.23632254292403
2247.1900630140303,-69.23444555520683,-69.23444555520683
2247.2000630140305,-69.23258613616356,-69.23258613616356
2247.2100630140303,-69.23074443029819,-69.23074443029819
2247.2200630140305,-69.22892057886358,-69.22892057886358
2247.2300630140303,-69.22711471992265,-69.22711471992265
2247.2400630140305,-69.22532698840554,-69.22532698840554
2247.2500630140303,-69.22355751615645,-69.22355751615645
2247.2600630140305,-69.2218064319635,-69.2218064319635
2247.2700630140303,-69.22007386160159,-69.22007386160159
2247.2800630140305,-69.21835992790473,-69.21835992790473
2247.2900630140302,-69.21666475076105,-69.21666475076105
2247.3000630140305,-69.21498844720298,-69.21498844720298
2247.3100630140307,-69.21333113143109,-69.21333113143109
2247.3200630140304,-69.2116929148471,-69.2116929148471
2247.3300630140307,-69.2100739060921,-69.2100739060921
2247.3400630140304,-69.20847421112511,-69.20847421112511
2247.3500630140306,-69.20689393320234,-69.20689393320234
2247.3600630140304,-69.2053331729775,-69.2053331729775
2247.3700630140306,-69.20379202848576,-69.20379202848576
2247.3800630140304,-69.20227059523279,-69.20227059523279
2247.3900630140306,-69.2007689661825,-69.2007689661825
2247.4000630378723,-69.19928722831199,-69.19928722831199
2247.4100630378725,-69.19782547678041,-69.19782547678041
2247.4200630378723,-69.1963837936496,-69.1963837936496
2247.4300630378725,-69.19496226218928,-69.19496226218928
2247.4400630378723,-69.19356096334771,-69.19356096334771
2247.4500630378725,-69.19217997575389,-69.19217997575389
2247.4600630378723,-69.19081937578508,-69.19081937578508
2247.4700630378725,-69.18947923756062,-69.18947923756062
2247.4800630378722,-69.18815963302984,-69.18815963302984
2247.4900630378725,-69.18686063194878,-69.18686063194878
2247.500063037872,-69.18558230196128,-69.18558230196128
2247.5100630378724,-69.18432470858107,-69.18432470858107
2247.520063037872,-69.18308791526816,-69.18308791526816
2247.5300630378724,-69.18187198342405,-69.18187198342405
2247.540063037872,-69.18067697246067,-69.18067697246067
2247.5500630378724,-69.17950293979419,-69.17950293979419
2247.560063037872,-69.17834994089291,-69.17834994089291
2247.5700630378724,-69.17721802929964,-69.17721802929964
2247.580063037872,-69.17610725667214,-69.17610725667214
2247.5900630378724,-69.17501767279478,-69.17501767279478
2247.600063037872,-69.17394932562183,-69.17394932562183
2247.6100630378724,-69.17290226128937,-69.17290226128937
2247.620063037872,-69.17187652416084,-69.17187652416084
2247.6300630378723,-69.17087215683554,-69.17087215683554
2247.640063037872,-69.16988920019114,-69.16988920019114
2247.6500630378723,-69.16892769339933,-69.16892769339933
2247.6600630378725,-69.16798767395991,-69.16798767395991
2247.6700630378723,-69.16706917770733,-69.16706917770733
2247.6800630378725,-69.16617223886689,-69.16617223886689
2247.6900630378723,-69.1652968900509,-69.1652968900509
2247.7000630378725,-69.16444316229251,-69.16444316229251
2247.7100630378723,-69.16361108507938,-69.16361108507938
2247.7200630378725,-69.162800686369,-69.162800686369
2247.7300630378722,-69.16201199260931,-69.16201199260931
2247.7400630378725,-69.16124502875851,-69.16124502875851
2247.750063037872,-69.1604998183166,-69.1604998183166
2247.7600630378724,-69.15977638335188,-69.15977638335188
2247.770063037872,-69.15907474451012,-69.15907474451012
2247.7800630378724,-69.1583949210437,-69.1583949210437
2247.790063037872,-69.15773693083446,-69.15773693083446
2247.8000630378724,-69.1571007904034,-69.1571007904034
2247.810063037872,-69.15648651494958,-69.15648651494958
2247.8200630378724,-69.155894118348,-69.155894118348
2247.830063037872,-69.15532361318898,-69.15532361318898
2247.8400630378724,-69.15477501080636,-69.15477501080636
2247.850063037872,-69.15424832126344,-69.15424832126344
2247.8600630378724,-69.15374355339473,-69.15374355339473
2247.870063037872,-69.15326071481901,-69.15326071481901
2247.8800630378723,-69.15279981197969,-69.15279981197969
2247.890063037872,-69.1523608501257,-69.1523608501257
2247.9000630378723,-69.15194383335795,-69.15194383335795
2247.9100630378725,-69.15154876462928,-69.15154876462928
2247.9200630378723,-69.15117564578773,-69.15117564578773
2247.9300630378725,-69.15082447755404,-69.15082447755404
2247.9400630378723,-69.1504952595865,-69.1504952595865
2247.9500630378725,-69.15018799046041,-69.15018799046041
2247.9600630378723,-69.14989665034214,-69.14989665034214
2247.9700630378725,-69.14961861017959,-69.14961861017959
2247.9800630378722,-69.14935259577669,-69.14935259577669
2247.9900630378725,-69.14909795962505,-69.14909795962505
2248.000063037872,-69.1488544029355,-69.1488544029355
2248.0100630378724,-69.14862183108421,-69.14862183108421
2248.020063037872,-69.1484002687983,-69.1484002687983
2248.0300630378724,-69.14818980914484,-69.14818980914484
2248.040063037872,-69.14799058283478,-69.14799058283478
2248.0500630378724,-69.14780273979603,-69.14780273979603
2248.060063037872,-69.14762643823049,-69.14762643823049
2248.0700630378724,-69.1474618381675,-69.1474618381675
2248.080063037872,-69.14730909783538,-69.14730909783538
2248.0900630378724,-69.14716837166675,-69.14716837166675
2248.100063037872,-69.14703980935117,-69.14703980935117
2248.1100630378724,-69.14692355547712,-69.14692355547712
2248.120063037872,-69.14681974953068,-69.14681974953068
2248.1300630378723,-69.14672852607224,-69.14672852607224
2248.140063037872,-69.14665001505136,-69.14665001505136
2248.1500630378723,-69.14658434209322,-69.14658434209322
2248.1600630378725,-69.14653162887579,-69.14653162887579
2248.1700630378723,-69.14649199340256,-69.14649199340256
2248.1800630378725,-69.1464655503041,-69.1464655503041
2248.1900630378723,-69.14645241112508,-69.14645241112508
2248.2000630378725,-69.14645268451395,-69.14645268451395
2248.2100630378723,-69.14646647645911,-69.14646647645911
2248.2200630378725,-69.14649389046767,-69.14649389046767
2248.2300630378722,-69.14653502768999,-69.14653502768999
2248.2400630378725,-69.14658998706936,-69.14658998706936
2248.250063061714,-69.14665886563239,-69.14665886563239
2248.2600630617144,-69.14674175792929,-69.14674175792929
2248.270063061714,-69.14683875701954,-69.14683875701954
2248.2800630617144,-69.14694995398521,-69.14694995398521
2248.290063061714,-69.14707543812614,-69.14707543812614
2248.3000630617144,-69.14721529698555,-69.14721529698555
2248.310063061714,-69.14736961642718,-69.14736961642718
2248.3200630617143,-69.14753848064612,-69.14753848064612
2248.330063061714,-69.14772197221748,-69.14772197221748
2248.3400630617143,-69.14792017209709,-69.14792017209709
2248.350063061714,-69.14813315966914,-69.14813315966914
2248.3600630617143,-69.14836101275584,-69.14836101275584
2248.370063061714,-69.14860380763581,-69.14860380763581
2248.3800630617143,-69.14886161905368,-69.14886161905368
2248.390063061714,-69.14913452024318,-69.14913452024318
2248.4000630617143,-69.14942258292037,-69.14942258292037
2248.410063061714,-69.14972587731391,-69.14972587731391
2248.4200630617142,-69.15004447215951,-69.15004447215951
2248.430063061714,-69.15037843472788,-69.15037843472788
2248.440063061714,-69.15072783079066,-69.15072783079066
2248.450063061714,-69.15109272468216,-69.15109272468216
2248.460063061714,-69.15147317926362,-69.15147317926362
2248.470063061714,-69.15186925595484,-69.15186925595484
2248.480063061714,-69.15228101473508,-69.15228101473508
2248.490063061714,-69.15270851413793,-69.15270851413793
2248.500063061714,-69.1531518112703,-69.1531518112703
2248.5100630617144,-69.15361096182572,-69.15361096182572
2248.520063061714,-69.1540860200729,-69.1540860200729
2248.5300630617144,-69.15457703888215,-69.15457703888215
2248.540063061714,-69.15508406970523,-69.15508406970523
2248.5500630617144,-69.15560716261713,-69.15560716261713
2248.560063061714,-69.15614636630961,-69.15614636630961
2248.5700630617143,-69.1567017280885,-69.1567017280885
2248.580063061714,-69.15727329389284,-69.15727329389284
2248.5900630617143,-69.15786110831111,-69.15786110831111
2248.600063061714,-69.15846521457026,-69.15846521457026
2248.6100630617143,-69.15908565455673,-69.15908565455673
2248.620063061714,-69.15972246883442,-69.15972246883442
2248.6300630617143,-69.16037569663574,-69.16037569663574
2248.640063061714,-69.16104537587918,-69.16104537587918
2248.6500630617143,-69.16173154318258,-69.16173154318258
2248.660063061714,-69.16243423387448,-69.16243423387448
2248.6700630617142,-69.16315348199603,-69.16315348199603
2248.680063061714,-69.16388932032093,-69.16388932032093
2248.690063061714,-69.16464178035281,-69.16464178035281
2248.700063061714,-69.16541089236621,-69.16541089236621
2248.710063061714,-69.16619066457478,-69.16619066457478
2248.720063061714,-69.16697849595411,-69.16697849595411
2248.730063061714,-69.16777314026662,-69.16777314026662
2248.740063061714,-69.1685739778986,-69.1685739778986
2248.750063061714,-69.16938073784702,-69.16938073784702
2248.7600630617144,-69.17019335318457,-69.17019335318457
2248.770063061714,-69.1710118762479,-69.1710118762479
2248.7800630617144,-69.17183642763872,-69.17183642763872
2248.790063061714,-69.17266716552895,-69.17266716552895
2248.8000630617144,-69.17350426724683,-69.17350426724683
2248.810063061714,-69.17434791833183,-69.17434791833183
2248.8200630617143,-69.175198306072,-69.175198306072
2248.830063061714,-69.17605561587584,-69.17605561587584
2248.8400630617143,-69.17692002927309,-69.17692002927309
2248.850063061714,-69.17779172295555,-69.17779172295555
2248.8600630617143,-69.17867086840465,-69.17867086840465
2248.870063061714,-69.17955763188557,-69.17955763188557
2248.8800630617143,-69.18045217462856,-69.18045217462856
2248.890063061714,-69.18135465311116,-69.18135465311116
2248.9000630617143,-69.18226521936388,-69.18226521936388
2248.910063061714,-69.18318402130438,-69.18318402130438
2248.9200630617142,-69.18411120304363,-69.18411120304363
2248.930063061714,-69.1850469051737,-69.1850469051737
2248.940063061714,-69.18599126502852,-69.18599126502852
2248.950063061714,-69.18694441689522,-69.18694441689522
2248.960063061714,-69.18790649222296,-69.18790649222296
2248.970063061714,-69.18887761981084,-69.18887761981084
2248.980063061714,-69.18985792593405,-69.18985792593405
2248.990063061714,-69.19084753448456,-69.19084753448456
2249.000063061714,-69.1918465670879,-69.1918465670879
2249.0100630617144,-69.19285514317384,-69.19285514317384
2249.020063061714,-69.19387338009027,-69.19387338009027
2249.0300630617144,-69.1949013931431,-69.1949013931431
2249.040063061714,-69.19593929566493,-69.19593929566493
2249.0500630617144,-69.19698719906678,-69.19698719906678
2249.060063061714,-69.19804521287946,-69.19804521287946
2249.0700630617143,-69.1991134447821,-69.1991134447821
2249.080063061714,-69.20019200064812,-69.20019200064812
2249.0900630617143,-69.20128098454919,-69.20128098454919
2249.100063085556,-69.2023805014178,-69.2023805014178
2249.1100630855562,-69.20349064661072,-69.20349064661072
2249.120063085556,-69.20461152154931,-69.20461152154931
2249.1300630855562,-69.20574322335253,-69.20574322335253
2249.140063085556,-69.20688584743567,-69.20688584743567
2249.150063085556,-69.20803948752942,-69.20803948752942
2249.160063085556,-69.20920423567348,-69.20920423567348
2249.170063085556,-69.21038018226209,-69.21038018226209
2249.180063085556,-69.21156741600679,-69.21156741600679
2249.190063085556,-69.21276602397327,-69.21276602397327
2249.200063085556,-69.21397609157523,-69.21397609157523
2249.210063085556,-69.21519770261604,-69.21519770261604
2249.220063085556,-69.21643093925938,-69.21643093925938
2249.230063085556,-69.21767588204511,-69.21767588204511
2249.240063085556,-69.21893260991601,-69.21893260991601
2249.250063085556,-69.2202012001954,-69.2202012001954
2249.260063085556,-69.22148172863022,-69.22148172863022
2249.270063085556,-69.22277426937359,-69.22277426937359
2249.280063085556,-69.22407889500488,-69.22407889500488
2249.290063085556,-69.22539567653506,-69.22539567653506
2249.300063085556,-69.22672468342367,-69.22672468342367
2249.310063085556,-69.22806598357333,-69.22806598357333
2249.320063085556,-69.22941964334838,-69.22941964334838
2249.330063085556,-69.23078572758385,-69.23078572758385
2249.340063085556,-69.23216429959996,-69.23216429959996
2249.350063085556,-69.23355542120731,-69.23355542120731
2249.3600630855562,-69.23495915272234,-69.23495915272234
2249.370063085556,-69.23637555296743,-69.23637555296743
2249.3800630855562,-69.23780467929143,-69.23780467929143
2249.390063085556,-69.23924658758332,-69.23924658758332
2249.400063085556,-69.24070133227214,-69.24070133227214
2249.410063085556,-69.24216896635268,-69.24216896635268
2249.420063085556,-69.24364954138487,-69.24364954138487
2249.430063085556,-69.24514310751954,-69.24514310751954
2249.440063085556,-69.24664971350983,-69.24664971350983
2249.450063085556,-69.24816940669481,-69.24816940669481
2249.460063085556,-69.24970223305593,-69.24970223305593
2249.470063085556,-69.25124823719983,-69.25124823719983
2249.480063085556,-69.25280746238873,-69.25280746238873
2249.490063085556,-69.25437995053382,-69.25437995053382
2249.500063085556,-69.25596574223114,-69.25596574223114
2249.510063085556,-69.25756487676128,-69.25756487676128
2249.520063085556,-69.25917739210031,-69.25917739210031
2249.530063085556,-69.26080332495322,-69.26080332495322
2249.540063085556,-69.26244271073647,-69.26244271073647
2249.550063085556,-69.26409558362174,-69.26409558362174
2249.560063085556,-69.26576197653178,-69.26576197653178
2249.570063085556,-69.26744192116531,-69.26744192116531
2249.580063085556,-69.26913544799041,-69.26913544799041
2249.590063085556,-69.27084258629117,-69.27084258629117
2249.600063085556,-69.27256336415036,-69.27256336415036
2249.6100630855562,-69.27429780849027,-69.27429780849027
2249.620063085556,-69.27604594506167,-69.27604594506167
2249.6300630855562,-69.27780779847305,-69.27780779847305
2249.640063085556,-69.27958339220204,-69.27958339220204
2249.650063085556,-69.28137274860472,-69.28137274860472
2249.660063085556,-69.28317588894399,-69.28317588894399
2249.670063085556,-69.28499283337898,-69.28499283337898
2249.680063085556,-69.28682360100765,-69.28682360100765
2249.690063085556,-69.28866820984776,-69.28866820984776
2249.700063085556,-69.29052667688455,-69.29052667688455
2249.710063085556,-69.29239901805586,-69.29239901805586
2249.720063085556,-69.2942852482973,-69.2942852482973
2249.730063085556,-69.29618538151784,-69.29618538151784
2249.740063085556,-69.29809943064137,-69.29809943064137
2249.750063085556,-69.30002740761753,-69.30002740761753
2249.760063085556,-69.30196932341869,-69.30196932341869
2249.770063085556,-69.30392518806802,-69.30392518806802
2249.780063085556,-69.3058950106538,-69.3058950106538
2249.790063085556,-69.3078787993297,-69.3078787993297
2249.800063085556,-69.30987656133887,-69.30987656133887
2249.810063085556,-69.3118883030286,-69.3118883030286
2249.820063085556,-69.31391402985183,-69.31391402985183
2249.830063085556,-69.31595374638187,-69.31595374638187
2249.840063085556,-69.31800745634894,-69.31800745634894
2249.850063085556,-69.32007516261912,-69.32007516261912
2249.8600630855562,-69.32215686722934,-69.32215686722934
2249.870063085556,-69.32425257137638,-69.32425257137638
2249.8800630855562,-69.32636227546593,-69.32636227546593
2249.890063085556,-69.3284859790952,-69.3284859790952
2249.900063085556,-69.33062368106671,-69.33062368106671
2249.910063085556,-69.33277537941701,-69.33277537941701
2249.920063085556,-69.33494107141412,-69.33494107141412
2249.930063085556,-69.33712075357458,-69.33712075357458
2249.940063085556,-69.33931442167848,-69.33931442167848
2249.950063109398,-69.34152207603017,-69.34152207603017
2249.960063109398,-69.34374370048998,-69.34374370048998
2249.970063109398,-69.34597929388777,-69.34597929388777
2249.980063109398,-69.34822884915695,-69.34822884915695
2249.990063109398,-69.3504923585493,-69.3504923585493
2250.000063109398,-69.35276981363103,-69.35276981363103
2250.010063109398,-69.35506120531576,-69.35506120531576
2250.020063109398,-69.35736652386541,-69.35736652386541
2250.030063109398,-69.35968575889856,-69.35968575889856
2250.040063109398,-69.36201889940433,-69.36201889940433
2250.050063109398,-69.3643659337586,-69.3643659337586
2250.060063109398,-69.36672684971221,-69.36672684971221
2250.070063109398,-69.36910163442533,-69.36910163442533
2250.080063109398,-69.37149027447506,-69.37149027447506
2250.0900631093978,-69.37389275585157,-69.37389275585157
2250.100063109398,-69.37630906397621,-69.37630906397621
2250.1100631093977,-69.37873918371315,-69.37873918371315
2250.120063109398,-69.38118309937126,-69.38118309937126
2250.1300631093977,-69.38364079472757,-69.38364079472757
2250.140063109398,-69.38611225301646,-69.38611225301646
2250.1500631093977,-69.38859745695463,-69.38859745695463
2250.160063109398,-69.39109638874464,-69.39109638874464
2250.1700631093977,-69.39360903009018,-69.39360903009018
2250.180063109398,-69.39613536219342,-69.39613536219342
2250.1900631093977,-69.39867536577067,-69.39867536577067
2250.200063109398,-69.40122902106155,-69.40122902106155
2250.210063109398,-69.40379630783785,-69.40379630783785
2250.220063109398,-69.40637720540859,-69.40637720540859
2250.230063109398,-69.4089716926275,-69.4089716926275
2250.240063109398,-69.41157974790761,-69.41157974790761
2250.250063109398,-69.4142013492211,-69.4142013492211
2250.260063109398,-69.41683647411301,-69.41683647411301
2250.270063109398,-69.41948509972318,-69.41948509972318
2250.280063109398,-69.42214720274733,-69.42214720274733
2250.290063109398,-69.42482275950347,-69.42482275950347
2250.300063109398,-69.42751174590622,-69.42751174590622
2250.310063109398,-69.43021413746123,-69.43021413746123
2250.320063109398,-69.43292990931805,-69.43292990931805
2250.330063109398,-69.43565903623809,-69.43565903623809
2250.3400631093978,-69.43840149262006,-69.43840149262006
2250.350063109398,-69.44115725248686,-69.44115725248686
2250.3600631093977,-69.44392628952977,-69.44392628952977
2250.370063109398,-69.44670857707862,-69.44670857707862
2250.3800631093977,-69.44950408811859,-69.44950408811859
2250.390063109398,-69.45231279531403,-69.45231279531403
2250.4000631093977,-69.45513467099704,-69.45513467099704
2250.410063109398,-69.45796968717255,-69.45796968717255
2250.4200631093977,-69.46081781554365,-69.46081781554365
2250.430063109398,-69.46367902749039,-69.46367902749039
2250.4400631093977,-69.46655329411519,-69.46655329411519
2250.450063109398,-69.46944058619573,-69.46944058619573
2250.460063109398,-69.47234087424177,-69.47234087424177
2250.470063109398,-69.47525412847156,-69.47525412847156
2250.480063109398,-69.47818031882427,-69.47818031882427
2250.490063109398,-69.4811194149741,-69.4811194149741
2250.500063109398,-69.48407138632378,-69.48407138632378
2250.510063109398,-69.48703620201665,-69.48703620201665
2250.520063109398,-69.490013830942,-69.490013830942
2250.530063109398,-69.49300424174476,-69.49300424174476
2250.540063109398,-69.49600740281824,-69.49600740281824
2250.550063109398,-69.4990232823193,-69.4990232823193
2250.560063109398,-69.50205184817251,-69.50205184817251
2250.570063109398,-69.50509306807537,-69.50509306807537
2250.580063109398,-69.50814690950229,-69.50814690950229
2250.5900631093978,-69.51121333971197,-69.51121333971197
2250.600063109398,-69.5142923257501,-69.5142923257501
2250.6100631093977,-69.51738383444896,-69.51738383444896
2250.620063109398,-69.52048783244219,-69.52048783244219
2250.6300631093977,-69.52360428616063,-69.52360428616063
2250.640063109398,-69.52673316185007,-69.52673316185007
2250.6500631093977,-69.52987442555539,-69.52987442555539
2250.660063109398,-69.5330280431439,-69.5330280431439
2250.6700631093977,-69.53619398030675,-69.53619398030675
2250.680063109398,-69.53937220254804,-69.53937220254804
2250.6900631093977,-69.5425626752113,-69.5425626752113
2250.700063109398,-69.54576536347318,-69.54576536347318
2250.710063109398,-69.54898023233473,-69.54898023233473
2250.720063109398,-69.55220724664672,-69.55220724664672
2250.730063109398,-69.55544637111225,-69.55544637111225
2250.740063109398,-69.55869757026699,-69.55869757026699
2250.750063109398,-69.56196080851984,-69.56196080851984
2250.760063109398,-69.5652360501183,-69.5652360501183
2250.770063109398,-69.56852325918422,-69.56852325918422
2250.780063109398,-69.57182239969802,-69.57182239969802
2250.790063109398,-69.57513343551169,-69.57513343551169
2250.8000631332397,-69.57845633826014,-69.57845633826014
2250.81006313324,-69.58179105575866,-69.58179105575866
2250.8200631332397,-69.58513755934666,-69.58513755934666
2250.83006313324,-69.58849581239053,-69.58849581239053
2250.8400631332397,-69.59186577814239,-69.59186577814239
2250.85006313324,-69.59524741973242,-69.59524741973242
2250.8600631332397,-69.59864070019916,-69.59864070019916
2250.87006313324,-69.60204558246934,-69.60204558246934
2250.8800631332397,-69.6054620293689,-69.6054620293689
2250.89006313324,-69.60889000363164,-69.60889000363164
2250.9000631332397,-69.6123294678903,-69.6123294678903
2250.91006313324,-69.615780384693,-69.615780384693
2250.9200631332396,-69.61924271650048,-69.61924271650048
2250.93006313324,-69.62271642567754,-69.62271642567754
2250.9400631332396,-69.62620147452223,-69.62620147452223
2250.95006313324,-69.62969782524648,-69.62969782524648
2250.9600631332396,-69.63320543999228,-69.63320543999228
2250.97006313324,-69.63672428081384,-69.63672428081384
2250.9800631332396,-69.64025430971621,-69.64025430971621
2250.99006313324,-69.64379548862061,-69.64379548862061
2251.0000631332396,-69.64734777939016,-69.64734777939016
2251.01006313324,-69.65091114382298,-69.65091114382298
2251.0200631332395,-69.65448554366775,-69.65448554366775
2251.0300631332398,-69.65807094060123,-69.65807094060123
2251.0400631332395,-69.66166729625557,-69.66166729625557
2251.0500631332397,-69.66527457220751,-69.66527457220751
2251.06006313324,-69.66889272998087,-69.66889272998087
2251.0700631332397,-69.67252173106733,-69.67252173106733
2251.08006313324,-69.67616153689735,-69.67616153689735
2251.0900631332397,-69.67981210886833,-69.67981210886833
2251.10006313324,-69.6834734083284,-69.6834734083284
2251.1100631332397,-69.68714539659837,-69.68714539659837
2251.12006313324,-69.69082803496345,-69.69082803496345
2251.1300631332397,-69.69452128466902,-69.69452128466902
2251.14006313324,-69.69822510693335,-69.69822510693335
2251.1500631332397,-69.70193946295316,-69.70193946295316
2251.16006313324,-69.70566431388893,-69.70566431388893
2251.1700631332396,-69.70939962087031,-69.70939962087031
2251.18006313324,-69.71314534502093,-69.71314534502093
2251.1900631332396,-69.71690144743407,-69.71690144743407
2251.20006313324,-69.72066788918109,-69.72066788918109
2251.2100631332396,-69.72444463133428,-69.72444463133428
2251.22006313324,-69.7282316349284,-69.7282316349284
2251.2300631332396,-69.73202886099824,-69.73202886099824
2251.24006313324,-69.73583627056563,-69.73583627056563
2251.2500631332396,-69.7396538246467,-69.7396538246467
2251.26006313324,-69.74348148424423,-69.74348148424423
2251.2700631332395,-69.74731921035742,-69.74731921035742
2251.2800631332398,-69.75116696398213,-69.75116696398213
2251.2900631332395,-69.7550247061151,-69.7550247061151
2251.3000631332397,-69.75889239774251,-69.75889239774251
2251.31006313324,-69.76276999986904,-69.76276999986904
2251.3200631332397,-69.7666574734832,-69.7666574734832
2251.33006313324,-69.77055477959202,-69.77055477959202
2251.3400631332397,-69.77446187920789,-69.77446187920789
2251.35006313324,-69.77837873333874,-69.77837873333874
2251.3600631332397,-69.7823053030202,-69.7823053030202
2251.37006313324,-69.78624154928055,-69.78624154928055
2251.3800631332397,-69.79018743317464,-69.79018743317464
2251.39006313324,-69.79414291575293,-69.79414291575293
2251.4000631332397,-69.7981079580962,-69.7981079580962
2251.41006313324,-69.80208252130018,-69.80208252130018
2251.4200631332396,-69.80606656648055,-69.80606656648055
2251.43006313324,-69.8100600547632,-69.8100600547632
2251.4400631332396,-69.8140629472997,-69.8140629472997
2251.45006313324,-69.81807520526904,-69.81807520526904
2251.4600631332396,-69.82209070343932,-69.82209070343932
2251.47006313324,-69.82610673824308,-69.82610673824308
2251.4800631332396,-69.83012197436844,-69.83012197436844
2251.49006313324,-69.83413571009166,-69.83413571009166
2251.5000631332396,-69.83814759683744,-69.83814759683744
2251.51006313324,-69.84215749343552,-69.84215749343552
2251.5200631332395,-69.84616538063555,-69.84616538063555
2251.5300631332398,-69.85017130976033,-69.85017130976033
2251.5400631332395,-69.85417537176123,-69.85417537176123
2251.5500631332397,-69.85817767870793,-69.85817767870793
2251.56006313324,-69.86217835269132,-69.86217835269132
2251.5700631332397,-69.8661775193628,-69.8661775193628
2251.58006313324,-69.87017530418605,-69.87017530418605
2251.5900631332397,-69.87417183041002,-69.87417183041002
2251.60006313324,-69.87816721805645,-69.87816721805645
2251.6100631332397,-69.88216158352031,-69.88216158352031
2251.62006313324,-69.88615503950328,-69.88615503950328
2251.6300631332397,-69.89014769516263,-69.89014769516263
2251.64006313324,-69.8941396563536,-69.8941396563536
2251.6500631570816,-69.8981310354206,-69.8981310354206
2251.660063157082,-69.90212191345833,-69.90212191345833
2251.6700631570816,-69.9061123976024,-69.9061123976024
2251.680063157082,-69.91010258331669,-69.91010258331669
2251.6900631570816,-69.91409256406888,-69.91409256406888
2251.700063157082,-69.91808243155984,-69.91808243155984
2251.7100631570815,-69.92207227589417,-69.92207227589417
2251.7200631570818,-69.92606218570486,-69.92606218570486
2251.7300631570815,-69.93005224832054,-69.93005224832054
2251.7400631570817,-69.93404254983534,-69.93404254983534
2251.7500631570815,-69.93803317519846,-69.93803317519846
2251.7600631570817,-69.94202420830938,-69.94202420830938
2251.7700631570815,-69.9460157320442,-69.9460157320442
2251.7800631570817,-69.95000782833255,-69.95000782833255
2251.7900631570815,-69.95400057817436,-69.95400057817436
2251.8000631570817,-69.95799406168709,-69.95799406168709
2251.8100631570815,-69.96198835812127,-69.96198835812127
2251.8200631570817,-69.9659835458588,-69.9659835458588
2251.8300631570814,-69.96997970246298,-69.96997970246298
2251.8400631570817,-69.9739769046604,-69.9739769046604
2251.8500631570814,-69.97797522836113,-69.97797522836113
2251.8600631570816,-69.98197474864122,-69.98197474864122
2251.8700631570814,-69.98597553976876,-69.98597553976876
2251.8800631570816,-69.98997767518544,-69.98997767518544
2251.8900631570814,-69.99398122751336,-69.99398122751336
2251.9000631570816,-69.99798626854047,-69.99798626854047
2251.910063157082,-70.00199286922759,-70.00199286922759
2251.9200631570816,-70.00600109971042,-70.00600109971042
2251.930063157082,-70.01001102926035,-70.01001102926035
2251.9400631570816,-70.01402272632818,-70.01402272632818
2251.950063157082,-70.0180362584998,-70.0180362584998
2251.9600631570815,-70.02205169250962,-70.02205169250962
2251.9700631570818,-70.02606909423027,-70.02606909423027
2251.9800631570815,-70.03008852866168,-70.03008852866168
2251.9900631570817,-70.03411005993448,-70.03411005993448
2252.0000631570815,-70.0381337513146,-70.0381337513146
2252.0100631570817,-70.04215966517525,-70.04215966517525
2252.0200631570815,-70.0461878630098,-70.0461878630098
2252.0300631570817,-70.05021840542128,-70.05021840542128
2252.0400631570815,-70.05425135213082,-70.05425135213082
2252.0500631570817,-70.0582867619591,-70.0582867619591
2252.0600631570815,-70.06232469283428,-70.06232469283428
2252.0700631570817,-70.06636520178846,-70.06636520178846
2252.0800631570814,-70.07040834495898,-70.07040834495898
2252.0900631570817,-70.07445417758427,-70.07445417758427
2252.1000631570814,-70.07850275399393,-70.07850275399393
2252.1100631570816,-70.08255412763272,-70.08255412763272
2252.1200631570814,-70.08660835104233,-70.08660835104233
2252.1300631570816,-70.09066547585898,-70.09066547585898
2252.1400631570814,-70.09472555283908,-70.09472555283908
2252.1500631570816,-70.09878863182881,-70.09878863182881
2252.160063157082,-70.10285476179035,-70.10285476179035
2252.1700631570816,-70.10692399079961,-70.10692399079961
2252.180063157082,-70.11099636603153,-70.11099636603153
2252.1900631570816,-70.1150719337965,-70.1150719337965
2252.200063157082,-70.11915073949876,-70.11915073949876
2252.2100631570815,-70.12322671450258,-70.12322671450258
2252.2200631570818,-70.12729722521344,-70.12729722521344
2252.2300631570815,-70.13136101115545,-70.13136101115545
2252.2400631570817,-70.13541744720827,-70.13541744720827
2252.2500631570815,-70.13946626197168,-70.13946626197168
2252.2600631570817,-70.14350739146833,-70.14350739146833
2252.2700631570815,-70.14754089334485,-70.14754089334485
2252.2800631570817,-70.15156689529167,-70.15156689529167
2252.2900631570815,-70.15558556406529,-70.15558556406529
2252.3000631570817,-70.15959708683683,-70.15959708683683
2252.3100631570815,-70.16360166010595,-70.16360166010595
2252.3200631570817,-70.16759948318837,-70.16759948318837
2252.3300631570814,-70.17159075447766,-70.17159075447766
2252.3400631570817,-70.175575669402,-70.175575669402
2252.3500631570814,-70.17955441939894,-70.17955441939894
2252.3600631570816,-70.18352719150916,-70.18352719150916
2252.3700631570814,-70.1874941683371,-70.1874941683371
2252.3800631570816,-70.1914555281706,-70.1914555281706
2252.3900631570814,-70.19541144524162,-70.19541144524162
2252.4000631570816,-70.19936208999334,-70.19936208999334
2252.410063157082,-70.2033076293946,-70.2033076293946
2252.4200631570816,-70.20724822718859,-70.20724822718859
2252.430063157082,-70.21118404418316,-70.21118404418316
2252.4400631570816,-70.2151152384572,-70.2151152384572
2252.450063157082,-70.21904196556946,-70.21904196556946
2252.4600631570815,-70.22296437875113,-70.22296437875113
2252.4700631570818,-70.22688262902462,-70.22688262902462
2252.4800631570815,-70.23079686536413,-70.23079686536413
2252.4900631570817,-70.23470723478324,-70.23470723478324
2252.5000631809235,-70.23861389174435,-70.23861389174435
2252.5100631809237,-70.2425169610096,-70.2425169610096
2252.5200631809234,-70.24641659354967,-70.24641659354967
2252.5300631809237,-70.25031292934742,-70.25031292934742
2252.5400631809234,-70.25420610678003,-70.25420610678003
2252.5500631809236,-70.25809626261255,-70.25809626261255
2252.5600631809234,-70.26198353207832,-70.26198353207832
2252.5700631809236,-70.2658680488468,-70.2658680488468
2252.5800631809234,-70.26974994509106,-70.26974994509106
2252.5900631809236,-70.27362935147629,-70.27362935147629
2252.6000631809234,-70.27750639716862,-70.27750639716862
2252.6100631809236,-70.28138120986517,-70.28138120986517
2252.6200631809234,-70.28525391577512,-70.28525391577512
2252.6300631809236,-70.2891246396423,-70.2891246396423
2252.6400631809233,-70.29299350474565,-70.29299350474565
2252.6500631809236,-70.29686063290364,-70.29686063290364
2252.6600631809233,-70.30072614447229,-70.30072614447229
2252.6700631809235,-70.30459015833546,-70.30459015833546
2252.6800631809233,-70.30845279193952,-70.30845279193952
2252.6900631809235,-70.31231416126136,-70.31231416126136
2252.7000631809233,-70.3161743808168,-70.3161743808168
2252.7100631809235,-70.32003356367693,-70.32003356367693
2252.7200631809233,-70.32389182145764,-70.32389182145764
2252.7300631809235,-70.32774926432123,-70.32774926432123
2252.7400631809232,-70.33160600098175,-70.33160600098175
2252.7500631809235,-70.3354621386894,-70.3354621386894
2252.7600631809237,-70.33931778326419,-70.33931778326419
2252.7700631809234,-70.34317303907679,-70.34317303907679
2252.7800631809237,-70.3470280090508,-70.3470280090508
2252.7900631809234,-70.35088279468101,-70.35088279468101
2252.8000631809236,-70.35473749601846,-70.35473749601846
2252.8100631809234,-70.35859221169314,-70.35859221169314
2252.8200631809236,-70.36244703890104,-70.36244703890104
2252.8300631809234,-70.36630207342593,-70.36630207342593
2252.8400631809236,-70.37015740962954,-70.37015740962954
2252.8500631809234,-70.37401314046494,-70.37401314046494
2252.8600631809236,-70.37786935748133,-70.37786935748133
2252.8700631809234,-70.38172615083134,-70.38172615083134
2252.8800631809236,-70.38558360927604,-70.38558360927604
2252.8900631809233,-70.38944182019641,-70.38944182019641
2252.9000631809236,-70.39330086959677,-70.39330086959677
2252.9100631809233,-70.39716084210936,-70.39716084210936
2252.9200631809235,-70.4010218210163,-70.4010218210163
2252.9300631809233,-70.40488388823913,-70.40488388823913
2252.9400631809235,-70.40874712435824,-70.40874712435824
2252.9500631809233,-70.41261160862838,-70.41261160862838
2252.9600631809235,-70.41647741897727,-70.41647741897727
2252.9700631809233,-70.42034463201807,-70.42034463201807
2252.9800631809235,-70.42421332304889,-70.42421332304889
2252.9900631809232,-70.42808356609467,-70.42808356609467
2253.0000631809235,-70.43195543386896,-70.43195543386896
2253.0100631809237,-70.43582899783482,-70.43582899783482
2253.0200631809234,-70.4397043281926,-70.4397043281926
2253.0300631809237,-70.44358149386531,-70.44358149386531
2253.0400631809234,-70.44746056255974,-70.44746056255974
2253.0500631809236,-70.45134160074589,-70.45134160074589
2253.0600631809234,-70.45522467366773,-70.45522467366773
2253.0700631809236,-70.45910984536839,-70.45910984536839
2253.0800631809234,-70.46299717868655,-70.46299717868655
2253.0900631809236,-70.46688673528895,-70.46688673528895
2253.1000631809234,-70.47077857565377,-70.47077857565377
2253.1100631809236,-70.47467275910675,-70.47467275910675
2253.1200631809234,-70.47856934382554,-70.47856934382554
2253.1300631809236,-70.48246838683545,-70.48246838683545
2253.1400631809233,-70.48636994405844,-70.48636994405844
2253.1500631809236,-70.49027407028817,-70.49027407028817
2253.1600631809233,-70.49418081921308,-70.49418081921308
2253.1700631809235,-70.49809024343907,-70.49809024343907
2253.1800631809233,-70.5020023944905,-70.5020023944905
2253.1900631809235,-70.50591732282246,-70.50591732282246
2253.2000631809233,-70.50983507784302,-70.50983507784302
2253.2100631809235,-70.51374956058574,-70.51374956058574
2253.2200631809233,-70.51765812591385,-70.51765812591385
2253.2300631809235,-70.52155950915709,-70.52155950915709
2253.2400631809232,-70.52545308432707,-70.52545308432707
2253.2500631809235,-70.5293385809423,-70.5293385809423
2253.2600631809237,-70.53321593694373,-70.53321593694373
2253.2700631809234,-70.53708521244573,-70.53708521244573
2253.2800631809237,-70.54094653790999,-70.54094653790999
2253.2900631809234,-70.54480008298691,-70.54480008298691
2253.3000631809236,-70.54864603779282,-70.54864603779282
2253.3100631809234,-70.55248460178406,-70.55248460178406
2253.3200631809236,-70.55631597719439,-70.55631597719439
2253.3300631809234,-70.56014036528698,-70.56014036528698
2253.3400631809236,-70.56395796430974,-70.56395796430974
2253.3500632047653,-70.56776897753376,-70.56776897753376
2253.3600632047655,-70.5715735765509,-70.5715735765509
2253.3700632047653,-70.57537195570362,-70.57537195570362
2253.3800632047655,-70.57916429587274,-70.57916429587274
2253.3900632047653,-70.58295077385277,-70.58295077385277
2253.4000632047655,-70.5867315625812,-70.5867315625812
2253.4100632047653,-70.59050683147917,-70.59050683147917
2253.4200632047655,-70.59427674672,-70.59427674672
2253.4300632047652,-70.59804147148385,-70.59804147148385
2253.4400632047655,-70.6018011661931,-70.6018011661931
2253.4500632047652,-70.60555598872071,-70.60555598872071
2253.4600632047654,-70.60930609456385,-70.60930609456385
2253.470063204765,-70.61305163700116,-70.61305163700116
2253.4800632047654,-70.6167927672337,-70.6167927672337
2253.490063204765,-70.62052963447307,-70.62052963447307
2253.5000632047654,-70.6242623860571,-70.6242623860571
2253.510063204765,-70.62799116750863,-70.62799116750863
2253.5200632047654,-70.63171612261634,-70.63171612261634
2253.530063204765,-70.63543739348118,-70.63543739348118
2253.5400632047654,-70.63915512056937,-70.63915512056937
2253.550063204765,-70.64286944273846,-70.64286944273846
2253.5600632047654,-70.64658049727319,-70.64658049727319
2253.570063204765,-70.65028841990933,-70.65028841990933
2253.5800632047653,-70.65399334485143,-70.65399334485143
2253.590063204765,-70.65769540478932,-70.65769540478932
2253.6000632047653,-70.6613947309086,-70.6613947309086
2253.6100632047655,-70.66509145290873,-70.66509145290873
2253.6200632047653,-70.66878569900565,-70.66878569900565
2253.6300632047655,-70.67247759592718,-70.67247759592718
2253.6400632047653,-70.67616726894104,-70.67616726894104
2253.6500632047655,-70.67985484183384,-70.67985484183384
2253.6600632047653,-70.68354043692376,-70.68354043692376
2253.6700632047655,-70.68722417507557,-70.68722417507557
2253.6800632047652,-70.6909061756794,-70.6909061756794
2253.6900632047655,-70.69458655667005,-70.69458655667005
2253.7000632047652,-70.69826543452103,-70.69826543452103
2253.7100632047654,-70.70193676094975,-70.70193676094975
2253.720063204765,-70.70559795028983,-70.70559795028983
2253.7300632047654,-70.70924780056744,-70.70924780056744
2253.740063204765,-70.7128857497058,-70.7128857497058
2253.7500632047654,-70.7165115916211,-70.7165115916211
2253.760063204765,-70.72012532872755,-70.72012532872755
2253.7700632047654,-70.7237270854475,-70.7237270854475
2253.780063204765,-70.72731705628932,-70.72731705628932
2253.7900632047654,-70.7308954745605,-70.7308954745605
2253.800063204765,-70.73446259359261,-70.73446259359261
2253.8100632047654,-70.73801867559521,-70.73801867559521
2253.820063204765,-70.74156398505427,-70.74156398505427
2253.8300632047653,-70.74509878499568,-70.74509878499568
2253.840063204765,-70.74862333488622,-70.74862333488622
2253.8500632047653,-70.75213788962222,-70.75213788962222
2253.8600632047655,-70.75564269910923,-70.75564269910923
2253.8700632047653,-70.7591380082029,-70.7591380082029
2253.8800632047655,-70.76262405686491,-70.76262405686491
2253.8900632047653,-70.76610108036735,-70.76610108036735
2253.9000632047655,-70.76956930961025,-70.76956930961025
2253.9100632047653,-70.77302897139823,-70.77302897139823
2253.9200632047655,-70.77648028871262,-70.77648028871262
2253.9300632047652,-70.77992348098698,-70.77992348098698
2253.9400632047655,-70.78335876431196,-70.78335876431196
2253.9500632047652,-70.7867863516812,-70.7867863516812
2253.9600632047654,-70.79020645311608,-70.79020645311608
2253.970063204765,-70.79361927585647,-70.79361927585647
2253.9800632047654,-70.7970250244722,-70.7970250244722
2253.990063204765,-70.80042390099119,-70.80042390099119
2254.0000632047654,-70.80381610496927,-70.80381610496927
2254.010063204765,-70.80720183358082,-70.80720183358082
2254.0200632047654,-70.81058128169035,-70.81058128169035
2254.030063204765,-70.81395464189234,-70.81395464189234
2254.0400632047654,-70.81732210457427,-70.81732210457427
2254.050063204765,-70.82068385794062,-70.82068385794062
2254.0600632047654,-70.82404008803643,-70.82404008803643
2254.070063204765,-70.82739097880582,-70.82739097880582
2254.0800632047653,-70.83073671207941,-70.83073671207941
2254.090063204765,-70.83407746761253,-70.83407746761253
2254.1000632047653,-70.83741342308326,-70.83741342308326
2254.1100632047655,-70.84074475412466,-70.84074475412466
2254.1200632047653,-70.84407163431449,-70.84407163431449
2254.1300632047655,-70.84739423519991,-70.84739423519991
2254.1400632047653,-70.85071272629756,-70.85071272629756
2254.1500632047655,-70.854027275093,-70.854027275093
2254.1600632047653,-70.85733804706655,-70.85733804706655
2254.1700632047655,-70.86064520568047,-70.86064520568047
2254.1800632047652,-70.86394891238781,-70.86394891238781
2254.1900632047655,-70.867249326643,-70.867249326643
2254.200063228607,-70.87054661375834,-70.87054661375834
2254.2100632286074,-70.87383473606259,-70.87383473606259
2254.220063228607,-70.87711115012833,-70.87711115012833
2254.2300632286074,-70.88037469114248,-70.88037469114248
2254.240063228607,-70.88362483520018,-70.88362483520018
2254.2500632286074,-70.88686141469253,-70.88686141469253
2254.260063228607,-70.89008447048488,-70.89008447048488
2254.2700632286073,-70.89329416520697,-70.89329416520697
2254.280063228607,-70.89649073121119,-70.89649073121119
2254.2900632286073,-70.89967443921091,-70.89967443921091
2254.300063228607,-70.90284557947925,-70.90284557947925
2254.3100632286073,-70.90600445066767,-70.90600445066767
2254.320063228607,-70.9091513532124,-70.9091513532124
2254.3300632286073,-70.9122865855564,-70.9122865855564
2254.340063228607,-70.9154104420923,-70.9154104420923
2254.3500632286073,-70.91852321213216,-70.91852321213216
2254.360063228607,-70.92162517951084,-70.92162517951084
2254.3700632286073,-70.92471662250286,-70.92471662250286
2254.380063228607,-70.92779781400043,-70.92779781400043
2254.3900632286072,-70.93086902172533,-70.93086902172533
2254.400063228607,-70.93393050856218,-70.93393050856218
2254.410063228607,-70.9369825328197,-70.9369825328197
2254.420063228607,-70.94002534852301,-70.94002534852301
2254.430063228607,-70.94305920568036,-70.94305920568036
2254.440063228607,-70.94608435053082,-70.94608435053082
2254.450063228607,-70.94910102573992,-70.94910102573992
2254.4600632286074,-70.95210947058084,-70.95210947058084
2254.470063228607,-70.95510992110589,-70.95510992110589
2254.4800632286074,-70.95810261025785,-70.95810261025785
2254.490063228607,-70.96108776801627,-70.96108776801627
2254.5000632286074,-70.96406562147749,-70.96406562147749
2254.510063228607,-70.96703639494125,-70.96703639494125
2254.5200632286073,-70.970000309979,-70.970000309979
2254.530063228607,-70.97295758549404,-70.97295758549404
2254.5400632286073,-70.97590843778092,-70.97590843778092
2254.550063228607,-70.97885308056344,-70.97885308056344
2254.5600632286073,-70.98179172502614,-70.98179172502614
2254.570063228607,-70.98472457984782,-70.98472457984782
2254.5800632286073,-70.98765185121832,-70.98765185121832
2254.590063228607,-70.99057374288363,-70.99057374288363
2254.6000632286073,-70.9934904561419,-70.9934904561419
2254.610063228607,-70.99640218988084,-70.99640218988084
2254.6200632286073,-70.99930914057369,-70.99930914057369
2254.630063228607,-71.00221150230394,-71.00221150230394
2254.6400632286072,-71.00510946676779,-71.00510946676779
2254.650063228607,-71.0080032233043,-71.0080032233043
2254.660063228607,-71.01089295888033,-71.01089295888033
2254.670063228607,-71.01377885811672,-71.01377885811672
2254.680063228607,-71.01666110329484,-71.01666110329484
2254.690063228607,-71.01953987437221,-71.01953987437221
2254.700063228607,-71.02241534897409,-71.02241534897409
2254.7100632286074,-71.02528770242698,-71.02528770242698
2254.720063228607,-71.02815710774378,-71.02815710774378
2254.7300632286074,-71.03102373564943,-71.03102373564943
2254.740063228607,-71.03388775459422,-71.03388775459422
2254.7500632286074,-71.03674933074126,-71.03674933074126
2254.760063228607,-71.03960862800827,-71.03960862800827
2254.7700632286073,-71.04246580805733,-71.04246580805733
2254.780063228607,-71.04532103031467,-71.04532103031467
2254.7900632286073,-71.04817445198286,-71.04817445198286
2254.800063228607,-71.05102622804537,-71.05102622804537
2254.8100632286073,-71.05387651128228,-71.05387651128228
2254.820063228607,-71.05672545229767,-71.05672545229767
2254.8300632286073,-71.05957319951463,-71.05957319951463
2254.840063228607,-71.06241989918762,-71.06241989918762
2254.8500632286073,-71.06526569543585,-71.06526569543585
2254.860063228607,-71.06811073024636,-71.06811073024636
2254.8700632286073,-71.07095514348181,-71.07095514348181
2254.880063228607,-71.07379907291228,-71.07379907291228
2254.8900632286072,-71.07664265420772,-71.07664265420772
2254.900063228607,-71.0794860209845,-71.0794860209845
2254.910063228607,-71.08232930478918,-71.08232930478918
2254.920063228607,-71.08517263514553,-71.08517263514553
2254.930063228607,-71.08801613954444,-71.08801613954444
2254.940063228607,-71.0908599434726,-71.0908599434726
2254.950063228607,-71.09370417043925,-71.09370417043925
2254.9600632286074,-71.09654894197327,-71.09654894197327
2254.970063228607,-71.09939437765458,-71.09939437765458
2254.9800632286074,-71.10224059512879,-71.10224059512879
2254.990063228607,-71.10508771012073,-71.10508771012073
2255.0000632286074,-71.10793583646367,-71.10793583646367
2255.010063228607,-71.11078508610503,-71.11078508610503
2255.0200632286073,-71.11363556912357,-71.11363556912357
2255.030063228607,-71.11648739377529,-71.11648739377529
2255.0400632286073,-71.11934066646175,-71.11934066646175
2255.050063252449,-71.12219549858665,-71.12219549858665
2255.0600632524493,-71.12505197938815,-71.12505197938815
2255.070063252449,-71.12791021669985,-71.12791021669985
2255.0800632524492,-71.13077030980917,-71.13077030980917
2255.090063252449,-71.13363235628535,-71.13363235628535
2255.100063252449,-71.13649645197845,-71.13649645197845
2255.110063252449,-71.13936269103614,-71.13936269103614
2255.120063252449,-71.14223116593911,-71.14223116593911
2255.130063252449,-71.14510196750119,-71.14510196750119
2255.140063252449,-71.14797518489804,-71.14797518489804
2255.150063252449,-71.15085090568725,-71.15085090568725
2255.160063252449,-71.15372921581766,-71.15372921581766
2255.170063252449,-71.15661019967048,-71.15661019967048
2255.180063252449,-71.1594939400422,-71.1594939400422
2255.190063252449,-71.1623805181902,-71.1623805181902
2255.200063252449,-71.16527001383831,-71.16527001383831
2255.210063252449,-71.16816250521187,-71.16816250521187
2255.220063252449,-71.17105806903724,-71.17105806903724
2255.230063252449,-71.17395678056513,-71.17395678056513
2255.240063252449,-71.17685871358708,-71.17685871358708
2255.250063252449,-71.17976394046937,-71.17976394046937
2255.260063252449,-71.18267253214682,-71.18267253214682
2255.270063252449,-71.18558455816016,-71.18558455816016
2255.280063252449,-71.18850008665508,-71.18850008665508
2255.290063252449,-71.1914191844241,-71.1914191844241
2255.300063252449,-71.19434191689476,-71.19434191689476
2255.3100632524493,-71.1972683481692,-71.1972683481692
2255.320063252449,-71.20019854103211,-71.20019854103211
2255.3300632524492,-71.20313255698059,-71.20313255698059
2255.340063252449,-71.20607045622147,-71.20607045622147
2255.350063252449,-71.20901229769527,-71.20901229769527
2255.360063252449,-71.21195813909122,-71.21195813909122
2255.370063252449,-71.21490803687969,-71.21490803687969
2255.380063252449,-71.2178620463111,-71.2178620463111
2255.390063252449,-71.22082022141863,-71.22082022141863
2255.400063252449,-71.22378261508446,-71.22378261508446
2255.410063252449,-71.22674927900752,-71.22674927900752
2255.420063252449,-71.22972026373051,-71.22972026373051
2255.430063252449,-71.23269561866273,-71.23269561866273
2255.440063252449,-71.23567539210453,-71.23567539210453
2255.450063252449,-71.23865963123892,-71.23865963123892
2255.460063252449,-71.2416483821674,-71.2416483821674
2255.470063252449,-71.24464168990959,-71.24464168990959
2255.480063252449,-71.24763959843206,-71.24763959843206
2255.490063252449,-71.25064215065505,-71.25064215065505
2255.500063252449,-71.25364938846919,-71.25364938846919
2255.510063252449,-71.2566613527401,-71.2566613527401
2255.520063252449,-71.25967808334033,-71.25967808334033
2255.530063252449,-71.26269961914684,-71.26269961914684
2255.540063252449,-71.26572599807592,-71.26572599807592
2255.550063252449,-71.26875725707836,-71.26875725707836
2255.5600632524493,-71.27179343215127,-71.27179343215127
2255.570063252449,-71.27483455836806,-71.27483455836806
2255.5800632524492,-71.27788066987557,-71.27788066987557
2255.590063252449,-71.28093179992466,-71.28093179992466
2255.600063252449,-71.28398798085549,-71.28398798085549
2255.610063252449,-71.287049244139,-71.287049244139
2255.620063252449,-71.29011562038801,-71.29011562038801
2255.630063252449,-71.29318713934076,-71.29318713934076
2255.640063252449,-71.296263829897,-71.296263829897
2255.650063252449,-71.29934572013681,-71.29934572013681
2255.660063252449,-71.302432837318,-71.302432837318
2255.670063252449,-71.30552520788125,-71.30552520788125
2255.680063252449,-71.30862285748437,-71.30862285748437
2255.690063252449,-71.3117258110035,-71.3117258110035
2255.700063252449,-71.31483409253532,-71.31483409253532
2255.710063252449,-71.31794150885412,-71.31794150885412
2255.720063252449,-71.32104536058316,-71.32104536058316
2255.730063252449,-71.32414434483324,-71.32414434483324
2255.740063252449,-71.32723780487406,-71.32723780487406
2255.750063252449,-71.3303254437385,-71.3303254437385
2255.760063252449,-71.33340717546719,-71.33340717546719
2255.770063252449,-71.33648303785279,-71.33648303785279
2255.780063252449,-71.33955314005647,-71.33955314005647
2255.790063252449,-71.34261763107605,-71.34261763107605
2255.800063252449,-71.34567668082319,-71.34567668082319
2255.8100632524493,-71.3487304688695,-71.3487304688695
2255.820063252449,-71.35177917781387,-71.35177917781387
2255.8300632524492,-71.35482298949505,-71.35482298949505
2255.840063252449,-71.35786208292785,-71.35786208292785
2255.850063252449,-71.36089663326528,-71.36089663326528
2255.860063252449,-71.3639268113843,-71.3639268113843
2255.870063252449,-71.36695278383165,-71.36695278383165
2255.880063252449,-71.36997471299209,-71.36997471299209
2255.890063252449,-71.3729927572925,-71.3729927572925
2255.900063276291,-71.37600707873472,-71.37600707873472
2255.910063276291,-71.37901781440956,-71.37901781440956
2255.920063276291,-71.38202511990534,-71.38202511990534
2255.930063276291,-71.38502914084101,-71.38502914084101
2255.940063276291,-71.38803002027205,-71.38803002027205
2255.950063276291,-71.39102789889715,-71.39102789889715
2255.960063276291,-71.39402291523672,-71.39402291523672
2255.970063276291,-71.3970152058061,-71.3970152058061
2255.980063276291,-71.40000490522362,-71.40000490522362
2255.990063276291,-71.4029921463438,-71.4029921463438
2256.000063276291,-71.40597706032294,-71.40597706032294
2256.010063276291,-71.40895977672305,-71.40895977672305
2256.020063276291,-71.41194042356003,-71.41194042356003
2256.030063276291,-71.41491912736292,-71.41491912736292
2256.0400632762908,-71.4178960132247,-71.4178960132247
2256.050063276291,-71.42087120481482,-71.42087120481482
2256.0600632762907,-71.42384482444405,-71.42384482444405
2256.070063276291,-71.4268169930489,-71.4268169930489
2256.0800632762907,-71.42978783023027,-71.42978783023027
2256.090063276291,-71.43275745426155,-71.43275745426155
2256.1000632762907,-71.43572598211415,-71.43572598211415
2256.110063276291,-71.43869352943562,-71.43869352943562
2256.1200632762907,-71.44166021058987,-71.44166021058987
2256.130063276291,-71.44462613863232,-71.44462613863232
2256.1400632762907,-71.44759142532719,-71.44759142532719
2256.150063276291,-71.45055618114641,-71.45055618114641
2256.160063276291,-71.45352051527291,-71.45352051527291
2256.170063276291,-71.45648453559404,-71.45648453559404
2256.180063276291,-71.45944834870451,-71.45944834870451
2256.190063276291,-71.46241205991447,-71.46241205991447
2256.200063276291,-71.46537577323112,-71.46537577323112
2256.210063276291,-71.46833959138799,-71.46833959138799
2256.220063276291,-71.47130361580052,-71.47130361580052
2256.230063276291,-71.47426794660271,-71.47426794660271
2256.240063276291,-71.47723268263421,-71.47723268263421
2256.250063276291,-71.48019792144038,-71.48019792144038
2256.260063276291,-71.48316375927403,-71.48316375927403
2256.270063276291,-71.4861302910931,-71.4861302910931
2256.280063276291,-71.48909761056045,-71.48909761056045
2256.2900632762908,-71.4920658100571,-71.4920658100571
2256.300063276291,-71.49503498067014,-71.49503498067014
2256.3100632762907,-71.49800521220808,-71.49800521220808
2256.320063276291,-71.50097659318547,-71.50097659318547
2256.3300632762907,-71.50394921084617,-71.50394921084617
2256.340063276291,-71.50692315115471,-71.50692315115471
2256.3500632762907,-71.50989849880436,-71.50989849880436
2256.360063276291,-71.51287533721897,-71.51287533721897
2256.3700632762907,-71.51585374856187,-71.51585374856187
2256.380063276291,-71.51883381373226,-71.51883381373226
2256.3900632762907,-71.52181561237965,-71.52181561237965
2256.400063276291,-71.52479922290767,-71.52479922290767
2256.410063276291,-71.52778472247634,-71.52778472247634
2256.420063276291,-71.5307721870158,-71.5307721870158
2256.430063276291,-71.53376169122093,-71.53376169122093
2256.440063276291,-71.53675330857588,-71.53675330857588
2256.450063276291,-71.53974711133806,-71.53974711133806
2256.460063276291,-71.54273693415087,-71.54273693415087
2256.470063276291,-71.54572011608714,-71.54572011608714
2256.480063276291,-71.5486953966356,-71.5486953966356
2256.490063276291,-71.5516621630258,-71.5516621630258
2256.500063276291,-71.55462016291062,-71.55462016291062
2256.510063276291,-71.5575693551642,-71.5575693551642
2256.520063276291,-71.56050982236997,-71.56050982236997
2256.530063276291,-71.56344171826025,-71.56344171826025
2256.5400632762908,-71.56636523609977,-71.56636523609977
2256.550063276291,-71.56928058970793,-71.56928058970793
2256.5600632762907,-71.57218800216631,-71.57218800216631
2256.570063276291,-71.57508769916136,-71.57508769916136
2256.5800632762907,-71.57797990519933,-71.57797990519933
2256.590063276291,-71.58086484151282,-71.58086484151282
2256.6000632762907,-71.58374272502904,-71.58374272502904
2256.610063276291,-71.58661376794774,-71.58661376794774
2256.6200632762907,-71.58947817770836,-71.58947817770836
2256.630063276291,-71.5923361571165,-71.5923361571165
2256.6400632762907,-71.59518790459764,-71.59518790459764
2256.650063276291,-71.5980336144821,-71.5980336144821
2256.660063276291,-71.60087347732151,-71.60087347732151
2256.670063276291,-71.60370768016281,-71.60370768016281
2256.680063276291,-71.60653640681116,-71.60653640681116
2256.690063276291,-71.60935983805959,-71.60935983805959
2256.700063276291,-71.61217815192438,-71.61217815192438
2256.710063276291,-71.61499152379326,-71.61499152379326
2256.720063276291,-71.61780012659727,-71.61780012659727
2256.730063276291,-71.62060413095696,-71.62060413095696
2256.740063276291,-71.6234037052626,-71.6234037052626
2256.7500633001328,-71.62619902245564,-71.62619902245564
2256.760063300133,-71.62899023347262,-71.62899023347262
2256.7700633001327,-71.63177750724792,-71.63177750724792
2256.780063300133,-71.6345610041579,-71.6345610041579
2256.7900633001327,-71.63734088270182,-71.63734088270182
2256.800063300133,-71.64011729956363,-71.64011729956363
2256.8100633001327,-71.64289040960804,-71.64289040960804
2256.820063300133,-71.64566036595018,-71.64566036595018
2256.8300633001327,-71.64842731994236,-71.64842731994236
2256.840063300133,-71.65119142121249,-71.65119142121249
2256.8500633001327,-71.65395281766038,-71.65395281766038
2256.860063300133,-71.6567116554969,-71.6567116554969
2256.8700633001326,-71.6594680792068,-71.6594680792068
2256.880063300133,-71.66222223160793,-71.66222223160793
2256.8900633001326,-71.66497425382244,-71.66497425382244
2256.900063300133,-71.66772428528694,-71.66772428528694
2256.9100633001326,-71.67047246377653,-71.67047246377653
2256.920063300133,-71.67321892538409,-71.67321892538409
2256.9300633001326,-71.67596380454003,-71.67596380454003
2256.940063300133,-71.6787072340048,-71.6787072340048
2256.9500633001326,-71.68144934487593,-71.68144934487593
2256.960063300133,-71.68419026660268,-71.68419026660268
2256.9700633001326,-71.68693012696599,-71.68693012696599
2256.9800633001328,-71.68966905209636,-71.68966905209636
2256.9900633001325,-71.69240716647857,-71.69240716647857
2257.0000633001328,-71.69514459294959,-71.69514459294959
2257.010063300133,-71.69788145269955,-71.69788145269955
2257.0200633001327,-71.70061786530755,-71.70061786530755
2257.030063300133,-71.70335394869167,-71.70335394869167
2257.0400633001327,-71.70608981916247,-71.70608981916247
2257.050063300133,-71.70882559139834,-71.70882559139834
2257.0600633001327,-71.71156137847547,-71.71156137847547
2257.070063300133,-71.7142972918419,-71.7142972918419
2257.0800633001327,-71.7170334413625,-71.7170334413625
2257.090063300133,-71.71976993530714,-71.71976993530714
2257.1000633001327,-71.7225068803581,-71.7225068803581
2257.110063300133,-71.7252443816049,-71.7252443816049
2257.1200633001326,-71.72798254258967,-71.72798254258967
2257.130063300133,-71.73072146527316,-71.73072146527316
2257.1400633001326,-71.73346125007639,-71.73346125007639
2257.150063300133,-71.73620199587728,-71.73620199587728
2257.1600633001326,-71.73894380001654,-71.73894380001654
2257.170063300133,-71.74168675831469,-71.74168675831469
2257.1800633001326,-71.7444309650743,-71.7444309650743
2257.190063300133,-71.7471765130921,-71.7471765130921
2257.2000633001326,-71.74992349368631,-71.74992349368631
2257.210063300133,-71.75267199668379,-71.75267199668379
2257.2200633001326,-71.75542211045548,-71.75542211045548
2257.2300633001328,-71.75817392189361,-71.75817392189361
2257.2400633001325,-71.7609275164586,-71.7609275164586
2257.2500633001328,-71.76368297818823,-71.76368297818823
2257.260063300133,-71.76644038966872,-71.76644038966872
2257.2700633001327,-71.76919983210243,-71.76919983210243
2257.280063300133,-71.77196138527809,-71.77196138527809
2257.2900633001327,-71.77472512761166,-71.77472512761166
2257.300063300133,-71.77749113614023,-71.77749113614023
2257.3100633001327,-71.78025948654135,-71.78025948654135
2257.320063300133,-71.78303025314618,-71.78303025314618
2257.3300633001327,-71.78580350895992,-71.78580350895992
2257.340063300133,-71.78857932566163,-71.78857932566163
2257.3500633001327,-71.79135777362296,-71.79135777362296
2257.360063300133,-71.79413892192149,-71.79413892192149
2257.3700633001326,-71.7969228383555,-71.7969228383555
2257.380063300133,-71.79970958946058,-71.79970958946058
2257.3900633001326,-71.80249924051184,-71.80249924051184
2257.400063300133,-71.80529185554487,-71.80529185554487
2257.4100633001326,-71.80808749737173,-71.80808749737173
2257.420063300133,-71.81088622759,-71.81088622759
2257.4300633001326,-71.81368810659473,-71.81368810659473
2257.440063300133,-71.81649319359668,-71.81649319359668
2257.4500633001326,-71.81930154663088,-71.81930154663088
2257.460063300133,-71.82211322257123,-71.82211322257123
2257.4700633001326,-71.8249282771526,-71.8249282771526
2257.4800633001328,-71.82774676496977,-71.82774676496977
2257.4900633001325,-71.83056873949755,-71.83056873949755
2257.5000633001328,-71.83339425309957,-71.83339425309957
2257.510063300133,-71.83622335706106,-71.83622335706106
2257.5200633001327,-71.83905610157866,-71.83905610157866
2257.530063300133,-71.84189253577695,-71.84189253577695
2257.5400633001327,-71.844732707741,-71.844732707741
2257.550063300133,-71.8475766644922,-71.8475766644922
2257.5600633001327,-71.85042445203987,-71.85042445203987
2257.570063300133,-71.85327611538139,-71.85327611538139
2257.5800633001327,-71.85613169850231,-71.85613169850231
2257.590063300133,-71.8589912443976,-71.8589912443976
2257.6000633239746,-71.86185480190913,-71.86185480190913
2257.610063323975,-71.86472239848194,-71.86472239848194
2257.6200633239746,-71.86759408101015,-71.86759408101015
2257.630063323975,-71.8704698886592,-71.8704698886592
2257.6400633239746,-71.87334985967239,-71.87334985967239
2257.650063323975,-71.87623403136931,-71.87623403136931
2257.6600633239746,-71.87912244017807,-71.87912244017807
2257.670063323975,-71.88201512161297,-71.88201512161297
2257.6800633239745,-71.88491211033678,-71.88491211033678
2257.6900633239748,-71.8878134401248,-71.8878134401248
2257.7000633239745,-71.89071914390352,-71.89071914390352
2257.7100633239747,-71.89362925375998,-71.89362925375998
2257.7200633239745,-71.89654380094184,-71.89654380094184
2257.7300633239747,-71.89946281586748,-71.89946281586748
2257.7400633239745,-71.90238632816619,-71.90238632816619
2257.7500633239747,-71.90531436665074,-71.90531436665074
2257.7600633239745,-71.9082469593616,-71.9082469593616
2257.7700633239747,-71.9111841335478,-71.9111841335478
2257.7800633239744,-71.91412591569748,-71.91412591569748
2257.7900633239747,-71.91707233154077,-71.91707233154077
2257.8000633239744,-71.92002340607958,-71.92002340607958
2257.8100633239746,-71.92297916356661,-71.92297916356661
2257.8200633239744,-71.92593962752622,-71.92593962752622
2257.8300633239746,-71.9289048207811,-71.9289048207811
2257.8400633239744,-71.93187476545219,-71.93187476545219
2257.8500633239746,-71.93484948295878,-71.93484948295878
2257.860063323975,-71.93782899403837,-71.93782899403837
2257.8700633239746,-71.94081331876595,-71.94081331876595
2257.880063323975,-71.94380247653469,-71.94380247653469
2257.8900633239746,-71.94679648610797,-71.94679648610797
2257.900063323975,-71.94979536556919,-71.94979536556919
2257.9100633239746,-71.95279913240829,-71.95279913240829
2257.920063323975,-71.95580780346769,-71.95580780346769
2257.9300633239745,-71.95882139497404,-71.95882139497404
2257.9400633239748,-71.96183992254888,-71.96183992254888
2257.9500633239745,-71.96486340121794,-71.96486340121794
2257.9600633239747,-71.96788557052976,-71.96788557052976
2257.9700633239745,-71.97090369592894,-71.97090369592894
2257.9800633239747,-71.97391645221582,-71.97391645221582
2257.9900633239745,-71.9769231663996,-71.9769231663996
2258.0000633239747,-71.97992352868806,-71.97992352868806
2258.0100633239745,-71.98291744239066,-71.98291744239066
2258.0200633239747,-71.98590493591816,-71.98590493591816
2258.0300633239744,-71.98888610991692,-71.98888610991692
2258.0400633239747,-71.99186110546242,-71.99186110546242
2258.0500633239744,-71.994830084993,-71.994830084993
2258.0600633239746,-71.99779322091429,-71.99779322091429
2258.0700633239744,-72.00075068894624,-72.00075068894624
2258.0800633239746,-72.00370266427704,-72.00370266427704
2258.0900633239744,-72.00664931947126,-72.00664931947126
2258.1000633239746,-72.00959082342924,-72.00959082342924
2258.110063323975,-72.01252734094251,-72.01252734094251
2258.1200633239746,-72.01545903267088,-72.01545903267088
2258.130063323975,-72.01838605524482,-72.01838605524482
2258.1400633239746,-72.02130856153846,-72.02130856153846
2258.150063323975,-72.02422670094215,-72.02422670094215
2258.1600633239746,-72.02714061966796,-72.02714061966796
2258.170063323975,-72.03005046101592,-72.03005046101592
2258.1800633239745,-72.03295636565124,-72.03295636565124
2258.1900633239748,-72.03585847182187,-72.03585847182187
2258.2000633239745,-72.03875691556733,-72.03875691556733
2258.2100633239747,-72.04165183089904,-72.04165183089904
2258.2200633239745,-72.04454334995802,-72.04454334995802
2258.2300633239747,-72.04743160311843,-72.04743160311843
2258.2400633239745,-72.05031671912182,-72.05031671912182
2258.2500633239747,-72.05319882515876,-72.05319882515876
2258.2600633239745,-72.05607804693739,-72.05607804693739
2258.2700633239747,-72.05895450876086,-72.05895450876086
2258.2800633239744,-72.06182833355871,-72.06182833355871
2258.2900633239747,-72.06469964294746,-72.06469964294746
2258.3000633239744,-72.06756855724811,-72.06756855724811
2258.3100633239746,-72.07043519550506,-72.07043519550506
2258.3200633239744,-72.07329967553676,-72.07329967553676
2258.3300633239746,-72.07616211392516,-72.07616211392516
2258.3400633239744,-72.07902262603302,-72.07902262603302
2258.3500633239746,-72.08188132602498,-72.08188132602498
2258.360063323975,-72.08473832684963,-72.08473832684963
2258.3700633239746,-72.08759374027025,-72.08759374027025
2258.380063323975,-72.09044767683721,-72.09044767683721
2258.3900633239746,-72.09330024591566,-72.09330024591566
2258.400063323975,-72.0961515556702,-72.0961515556702
2258.4100633239746,-72.09900171307316,-72.09900171307316
2258.420063323975,-72.10185082388823,-72.10185082388823
2258.4300633239745,-72.1046989926848,-72.1046989926848
2258.4400633239748,-72.10754632281837,-72.10754632281837
2258.4500633478165,-72.110392923222,-72.110392923222
2258.4600633478167,-72.11323888129353,-72.11323888129353
2258.4700633478164,-72.11608430352955,-72.11608430352955
2258.4800633478167,-72.11892928846049,-72.11892928846049
2258.4900633478164,-72.12177393339033,-72.12177393339033
2258.5000633478166,-72.12461833441138,-72.12461833441138
2258.5100633478164,-72.12746258639616,-72.12746258639616
2258.5200633478166,-72.1303067829999,-72.1303067829999
2258.5300633478164,-72.13315101665366,-72.13315101665366
2258.5400633478166,-72.13599537857728,-72.13599537857728
2258.5500633478164,-72.13883995877231,-72.13883995877231
2258.5600633478166,-72.1416848460153,-72.1416848460153
2258.5700633478164,-72.14453012788022,-72.14453012788022
2258.5800633478166,-72.14737589070658,-72.14737589070658
2258.5900633478163,-72.15022221964526,-72.15022221964526
2258.6000633478166,-72.15306919862134,-72.15306919862134
2258.6100633478163,-72.15591691036073,-72.15591691036073
2258.6200633478165,-72.15876543638832,-72.15876543638832
2258.6300633478163,-72.1616148570253,-72.1616148570253
2258.6400633478165,-72.16446525139574,-72.16446525139574
2258.6500633478163,-72.16731669744041,-72.16731669744041
2258.6600633478165,-72.17016927191125,-72.17016927191125
2258.6700633478163,-72.17302305038882,-72.17302305038882
2258.6800633478165,-72.1758781072611,-72.1758781072611
2258.6900633478162,-72.17873451576607,-72.17873451576607
2258.7000633478165,-72.18159234796578,-72.18159234796578
2258.7100633478167,-72.18444538086658,-72.18444538086658
2258.7200633478164,-72.18729092738664,-72.18729092738664
2258.7300633478167,-72.19012771347286,-72.19012771347286
2258.7400633478164,-72.19295511862865,-72.19295511862865
2258.7500633478166,-72.19577288608514,-72.19577288608514
2258.7600633478164,-72.1985809722646,-72.1985809722646
2258.7700633478166,-72.20137945848693,-72.20137945848693
2258.7800633478164,-72.20416849799918,-72.20416849799918
2258.7900633478166,-72.20694828405185,-72.20694828405185
2258.8000633478164,-72.20971903079804,-72.20971903079804
2258.8100633478166,-72.21248096185235,-72.21248096185235
2258.8200633478164,-72.21523430362973,-72.21523430362973
2258.8300633478166,-72.21797928146718,-72.21797928146718
2258.8400633478163,-72.22071611755362,-72.22071611755362
2258.8500633478166,-72.22344502984599,-72.22344502984599
2258.8600633478163,-72.22616623168386,-72.22616623168386
2258.8700633478165,-72.22887993169572,-72.22887993169572
2258.8800633478163,-72.2315863339538,-72.2315863339538
2258.8900633478165,-72.23428563822165,-72.23428563822165
2258.9000633478163,-72.23697804024435,-72.23697804024435
2258.9100633478165,-72.23966373204198,-72.23966373204198
2258.9200633478163,-72.24234290217551,-72.24234290217551
2258.9300633478165,-72.24501573603766,-72.24501573603766
2258.9400633478162,-72.24768241608095,-72.24768241608095
2258.9500633478165,-72.25034312200287,-72.25034312200287
2258.9600633478167,-72.25299173149759,-72.25299173149759
2258.9700633478164,-72.25562566035487,-72.25562566035487
2258.9800633478167,-72.25824373760688,-72.25824373760688
2258.9900633478164,-72.26084544545704,-72.26084544545704
2259.0000633478166,-72.26343062925176,-72.26343062925176
2259.0100633478164,-72.26599934685444,-72.26599934685444
2259.0200633478166,-72.2685517803818,-72.2685517803818
2259.0300633478164,-72.27108818316006,-72.27108818316006
2259.0400633478166,-72.27360884786634,-72.27360884786634
2259.0500633478164,-72.27611408739266,-72.27611408739266
2259.0600633478166,-72.27860422346058,-72.27860422346058
2259.0700633478164,-72.28107957991108,-72.28107957991108
2259.0800633478166,-72.28354047888531,-72.28354047888531
2259.0900633478163,-72.28598723872086,-72.28598723872086
2259.1000633478166,-72.2884201728927,-72.2884201728927
2259.1100633478163,-72.29083958960003,-72.29083958960003
2259.1200633478165,-72.29324579169354,-72.29324579169354
2259.1300633478163,-72.2956390768148,-72.2956390768148
2259.1400633478165,-72.29801973764407,-72.29801973764407
2259.1500633478163,-72.30038806216506,-72.30038806216506
2259.1600633478165,-72.3027443339685,-72.3027443339685
2259.1700633478163,-72.3050888325269,-72.3050888325269
2259.1800633478165,-72.30742183343283,-72.30742183343283
2259.1900633478162,-72.30974360864012,-72.30974360864012
2259.2000633478165,-72.31205442666213,-72.31205442666213
2259.2100633478167,-72.31435455273203,-72.31435455273203
2259.2200633478164,-72.31664424894828,-72.31664424894828
2259.2300633478167,-72.31892377440975,-72.31892377440975
2259.2400633478164,-72.32119338531503,-72.32119338531503
2259.2500633478166,-72.32345333504271,-72.32345333504271
2259.2600633478164,-72.32570387422507,-72.32570387422507
2259.2700633478166,-72.32794525080774,-72.32794525080774
2259.2800633478164,-72.33017771010019,-72.33017771010019
2259.2900633478166,-72.33240149480542,-72.33240149480542
2259.3000633716583,-72.33461685033691,-72.33461685033691
2259.3100633716585,-72.33682400371447,-72.33682400371447
2259.3200633716583,-72.33902319529774,-72.33902319529774
2259.3300633716585,-72.34121465764215,-72.34121465764215
2259.3400633716583,-72.34339862080961,-72.34339862080961
2259.3500633716585,-72.34557531236405,-72.34557531236405
2259.3600633716583,-72.34774495739809,-72.34774495739809
2259.3700633716585,-72.34990777850923,-72.34990777850923
2259.3800633716583,-72.35206399585397,-72.35206399585397
2259.3900633716585,-72.3542138270932,-72.3542138270932
2259.4000633716582,-72.35635748743908,-72.35635748743908
2259.4100633716585,-72.35849518963325,-72.35849518963325
2259.420063371658,-72.36062714396647,-72.36062714396647
2259.4300633716584,-72.3627535582606,-72.3627535582606
2259.440063371658,-72.36487463789427,-72.36487463789427
2259.4500633716584,-72.3669905857777,-72.3669905857777
2259.460063371658,-72.36910160240303,-72.36910160240303
2259.4700633716584,-72.37120788579018,-72.37120788579018
2259.480063371658,-72.37330963153812,-72.37330963153812
2259.4900633716584,-72.37540703280341,-72.37540703280341
2259.500063371658,-72.37750028031577,-72.37750028031577
2259.5100633716584,-72.37958956237922,-72.37958956237922
2259.520063371658,-72.38167506489155,-72.38167506489155
2259.5300633716583,-72.3837569713408,-72.3837569713408
2259.540063371658,-72.38583546280925,-72.38583546280925
2259.5500633716583,-72.38791071799193,-72.38791071799193
2259.5600633716585,-72.38998291321343,-72.38998291321343
2259.5700633716583,-72.39205222241415,-72.39205222241415
2259.5800633716585,-72.39411881717575,-72.39411881717575
2259.5900633716583,-72.39618286674623,-72.39618286674623
2259.6000633716585,-72.39824453802353,-72.39824453802353
2259.6100633716583,-72.40030399558808,-72.40030399558808
2259.6200633716585,-72.40236140169844,-72.40236140169844
2259.6300633716583,-72.40441691632843,-72.40441691632843
2259.6400633716585,-72.40647069717195,-72.40647069717195
2259.6500633716582,-72.4085228996297,-72.4085228996297
2259.6600633716585,-72.41057367688306,-72.41057367688306
2259.670063371658,-72.41262317984958,-72.41262317984958
2259.6800633716584,-72.4146715572308,-72.4146715572308
2259.690063371658,-72.41671895553378,-72.41671895553378
2259.7000633716584,-72.41876551906047,-72.41876551906047
2259.710063371658,-72.42080507726696,-72.42080507726696
2259.7200633716584,-72.4228350064393,-72.4228350064393
2259.730063371658,-72.42485409951965,-72.42485409951965
2259.7400633716584,-72.42686180413455,-72.42686180413455
2259.750063371658,-72.42885793180375,-72.42885793180375
2259.7600633716584,-72.43084250688376,-72.43084250688376
2259.770063371658,-72.43281567806302,-72.43281567806302
2259.7800633716583,-72.43477766515015,-72.43477766515015
2259.790063371658,-72.43672872711701,-72.43672872711701
2259.8000633716583,-72.43866914286066,-72.43866914286066
2259.8100633716585,-72.440599199837,-72.440599199837
2259.8200633716583,-72.44251918729414,-72.44251918729414
2259.8300633716585,-72.44442939246647,-72.44442939246647
2259.8400633716583,-72.44633009846008,-72.44633009846008
2259.8500633716585,-72.44822158321567,-72.44822158321567
2259.8600633716583,-72.45010411910562,-72.45010411910562
2259.8700633716585,-72.45197797286701,-72.45197797286701
2259.8800633716583,-72.45384340578505,-72.45384340578505
2259.8900633716585,-72.45570067391475,-72.45570067391475
2259.9000633716582,-72.45755002841643,-72.45755002841643
2259.9100633716585,-72.45939171584882,-72.45939171584882
2259.920063371658,-72.4612259784729,-72.4612259784729
2259.9300633716584,-72.46305305452552,-72.46305305452552
2259.940063371658,-72.4648731784467,-72.4648731784467
2259.9500633716584,-72.46668658113718,-72.46668658113718
2259.960063371658,-72.46849349010964,-72.46849349010964
2259.9700633716584,-72.47029412968186,-72.47029412968186
2259.980063371658,-72.47208872111997,-72.47208872111997
2259.9900633716584,-72.47387748273029,-72.47387748273029
2260.000063371658,-72.47566063000913,-72.47566063000913
2260.0100633716584,-72.47743837568443,-72.47743837568443
2260.020063371658,-72.47921092983383,-72.47921092983383
2260.0300633716583,-72.4809784999249,-72.4809784999249
2260.040063371658,-72.48274129087048,-72.48274129087048
2260.0500633716583,-72.4844995050869,-72.4844995050869
2260.0600633716585,-72.48625334252633,-72.48625334252633
2260.0700633716583,-72.48800300071147,-72.48800300071147
2260.0800633716585,-72.48974867475589,-72.48974867475589
2260.0900633716583,-72.49149055740727,-72.49149055740727
2260.1000633716585,-72.49322883904962,-72.49322883904962
2260.1100633716583,-72.49496370774644,-72.49496370774644
2260.1200633716585,-72.49669534923058,-72.49669534923058
2260.1300633716583,-72.4984239469407,-72.4984239469407
2260.1400633716585,-72.50014968202659,-72.50014968202659
2260.1500633955,-72.50187273745065,-72.50187273745065
2260.1600633955004,-72.50359328162385,-72.50359328162385
2260.1700633955,-72.50531149299901,-72.50531149299901
2260.1800633955004,-72.50702754368153,-72.50702754368153
2260.1900633955,-72.5087416035565,-72.5087416035565
2260.2000633955004,-72.51045384027852,-72.51045384027852
2260.2100633955,-72.5121644192982,-72.5121644192982
2260.2200633955003,-72.51387350384576,-72.51387350384576
2260.2300633955,-72.51558125499139,-72.51558125499139
2260.2400633955003,-72.51728783158677,-72.51728783158677
2260.2500633955,-72.51899339035441,-72.51899339035441
2260.2600633955003,-72.5206980858249,-72.5206980858249
2260.2700633955,-72.52240207040677,-72.52240207040677
2260.2800633955003,-72.52410549434708,-72.52410549434708
2260.2900633955,-72.52580850580084,-72.52580850580084
2260.3000633955003,-72.52751125078382,-72.52751125078382
2260.3100633955,-72.52921387323133,-72.52921387323133
2260.3200633955003,-72.5309165149792,-72.5309165149792
2260.3300633955,-72.53261931579513,-72.53261931579513
2260.3400633955002,-72.53432241339776,-72.53432241339776
2260.3500633955,-72.53602594344794,-72.53602594344794
2260.3600633955,-72.53773003958158,-72.53773003958158
2260.3700633955,-72.53943483341516,-72.53943483341516
2260.3800633955,-72.54114045456305,-72.54114045456305
2260.3900633955,-72.54284703065395,-72.54284703065395
2260.4000633955,-72.54455468734136,-72.54455468734136
2260.4100633955004,-72.54626354833373,-72.54626354833373
2260.4200633955,-72.54797373538261,-72.54797373538261
2260.4300633955004,-72.5496853683228,-72.5496853683228
2260.4400633955,-72.5513985650917,-72.5513985650917
2260.4500633955004,-72.55311344172028,-72.55311344172028
2260.4600633955,-72.55483011236878,-72.55483011236878
2260.4700633955003,-72.55654868933908,-72.55654868933908
2260.4800633955,-72.5582692830975,-72.5582692830975
2260.4900633955003,-72.55999200226961,-72.55999200226961
2260.5000633955,-72.56171695369503,-72.56171695369503
2260.5100633955003,-72.56344424240847,-72.56344424240847
2260.5200633955,-72.5651739716746,-72.5651739716746
2260.5300633955003,-72.56690624300374,-72.56690624300374
2260.5400633955,-72.5686411561696,-72.5686411561696
2260.5500633955003,-72.57037880923393,-72.57037880923393
2260.5600633955,-72.57211929853828,-72.57211929853828
2260.5700633955003,-72.57386271876165,-72.57386271876165
2260.5800633955,-72.5756091628948,-72.5756091628948
2260.5900633955002,-72.57735872228137,-72.57735872228137
2260.6000633955,-72.57911148665255,-72.57911148665255
2260.6100633955,-72.58086754411704,-72.58086754411704
2260.6200633955,-72.58262698117899,-72.58262698117899
2260.6300633955,-72.58438988276889,-72.58438988276889
2260.6400633955,-72.58615633226272,-72.58615633226272
2260.6500633955,-72.58792641149105,-72.58792641149105
2260.6600633955004,-72.58970020075283,-72.58970020075283
2260.6700633955,-72.59147777885394,-72.59147777885394
2260.6800633955004,-72.59325922309432,-72.59325922309432
2260.6900633955,-72.59504460932155,-72.59504460932155
2260.7000633955004,-72.59683401190716,-72.59683401190716
2260.7100633955,-72.59862750380613,-72.59862750380613
2260.7200633955003,-72.6004251565343,-72.6004251565343
2260.7300633955,-72.60222704021953,-72.60222704021953
2260.7400633955003,-72.60403322359677,-72.60403322359677
2260.7500633955,-72.60584377403309,-72.60584377403309
2260.7600633955003,-72.60765875754727,-72.60765875754727
2260.7700633955,-72.6094782388153,-72.6094782388153
2260.7800633955003,-72.61130228120957,-72.61130228120957
2260.7900633955,-72.61313094678722,-72.61313094678722
2260.8000633955003,-72.61496429632892,-72.61496429632892
2260.8100633955,-72.61680238934298,-72.61680238934298
2260.8200633955003,-72.61864528409002,-72.61864528409002
2260.8300633955,-72.6204930375883,-72.6204930375883
2260.8400633955002,-72.62234570564776,-72.62234570564776
2260.8500633955,-72.62420334285741,-72.62420334285741
2260.8600633955,-72.62606600263214,-72.62606600263214
2260.8700633955,-72.62793373721277,-72.62793373721277
2260.8800633955,-72.62980659767133,-72.62980659767133
2260.8900633955,-72.63168463396082,-72.63168463396082
2260.9000633955,-72.63356789487528,-72.63356789487528
2260.9100633955004,-72.6354564281247,-72.6354564281247
2260.9200633955,-72.63735028032042,-72.63735028032042
2260.9300633955004,-72.63924949698571,-72.63924949698571
2260.9400633955,-72.6411541225736,-72.6411541225736
2260.9500633955004,-72.64306420048939,-72.64306420048939
2260.9600633955,-72.6449797731038,-72.6449797731038
2260.9700633955003,-72.64690088175428,-72.64690088175428
2260.9800633955,-72.64882756678017,-72.64882756678017
2260.9900633955003,-72.65075986751836,-72.65075986751836
2261.000063419342,-72.65269782694455,-72.65269782694455
2261.0100634193423,-72.65464147324298,-72.65464147324298
2261.020063419342,-72.65659084742802,-72.65659084742802
2261.0300634193422,-72.65854598500133,-72.65854598500133
2261.040063419342,-72.66050692053149,-72.66050692053149
2261.050063419342,-72.66247368766665,-72.66247368766665
2261.060063419342,-72.66444631916556,-72.66444631916556
2261.070063419342,-72.66642484688833,-72.66642484688833
2261.080063419342,-72.66840930182042,-72.66840930182042
2261.090063419342,-72.67039971407524,-72.67039971407524
2261.100063419342,-72.67239611292553,-72.67239611292553
2261.110063419342,-72.67439852680903,-72.67439852680903
2261.120063419342,-72.67640698332329,-72.67640698332329
2261.130063419342,-72.67842150926381,-72.67842150926381
2261.140063419342,-72.68044213061485,-72.68044213061485
2261.150063419342,-72.6824688725721,-72.6824688725721
2261.160063419342,-72.68450175954449,-72.68450175954449
2261.170063419342,-72.68654081517582,-72.68654081517582
2261.180063419342,-72.68858606235935,-72.68858606235935
2261.190063419342,-72.69063752323592,-72.69063752323592
2261.200063419342,-72.6926952192125,-72.6926952192125
2261.210063419342,-72.69475917097026,-72.69475917097026
2261.220063419342,-72.69682939847554,-72.69682939847554
2261.230063419342,-72.69890592099483,-72.69890592099483
2261.240063419342,-72.70098875710096,-72.70098875710096
2261.250063419342,-72.70307792468805,-72.70307792468805
2261.2600634193423,-72.70517344095988,-72.70517344095988
2261.270063419342,-72.7072753224871,-72.7072753224871
2261.2800634193422,-72.70938358516457,-72.70938358516457
2261.290063419342,-72.71149824425163,-72.71149824425163
2261.300063419342,-72.7136193143787,-72.7136193143787
2261.310063419342,-72.71574680954278,-72.71574680954278
2261.320063419342,-72.71788074313841,-72.71788074313841
2261.330063419342,-72.72002112795245,-72.72002112795245
2261.340063419342,-72.72216797617358,-72.72216797617358
2261.350063419342,-72.72432129940967,-72.72432129940967
2261.360063419342,-72.72648110867524,-72.72648110867524
2261.370063419342,-72.7286474144362,-72.7286474144362
2261.380063419342,-72.73082022658784,-72.73082022658784
2261.390063419342,-72.73299955448007,-72.73299955448007
2261.400063419342,-72.73518540691101,-72.73518540691101
2261.410063419342,-72.73737779214446,-72.73737779214446
2261.420063419342,-72.73957671793217,-72.73957671793217
2261.430063419342,-72.74178219149329,-72.74178219149329
2261.440063419342,-72.74399421954101,-72.74399421954101
2261.450063419342,-72.74621280828575,-72.74621280828575
2261.460063419342,-72.74843162054664,-72.74843162054664
2261.470063419342,-72.75064788391238,-72.75064788391238
2261.480063419342,-72.75286025079508,-72.75286025079508
2261.490063419342,-72.75506803296953,-72.75506803296953
2261.500063419342,-72.75727090941112,-72.75727090941112
2261.5100634193423,-72.7594687745622,-72.7594687745622
2261.520063419342,-72.7616616493737,-72.7616616493737
2261.5300634193422,-72.7638496278804,-72.7638496278804
2261.540063419342,-72.76603284504135,-72.76603284504135
2261.550063419342,-72.7682114574428,-72.7682114574428
2261.560063419342,-72.77038563183746,-72.77038563183746
2261.570063419342,-72.77255553837001,-72.77255553837001
2261.580063419342,-72.77472134670252,-72.77472134670252
2261.590063419342,-72.7768832239101,-72.7768832239101
2261.600063419342,-72.77904133342751,-72.77904133342751
2261.610063419342,-72.78119583458688,-72.78119583458688
2261.620063419342,-72.7833468826069,-72.7833468826069
2261.630063419342,-72.78549462870005,-72.78549462870005
2261.640063419342,-72.78763922035162,-72.78763922035162
2261.650063419342,-72.789780801577,-72.789780801577
2261.660063419342,-72.79191951323465,-72.79191951323465
2261.670063419342,-72.79405549330721,-72.79405549330721
2261.680063419342,-72.79618887717491,-72.79618887717491
2261.690063419342,-72.79831979783434,-72.79831979783434
2261.700063419342,-72.8004483861283,-72.8004483861283
2261.710063419342,-72.80256842339637,-72.80256842339637
2261.720063419342,-72.80467725708556,-72.80467725708556
2261.730063419342,-72.80677365932969,-72.80677365932969
2261.740063419342,-72.80885706097438,-72.80885706097438
2261.750063419342,-72.8109272593432,-72.8109272593432
2261.7600634193423,-72.81298426642526,-72.81298426642526
2261.770063419342,-72.81502821994043,-72.81502821994043
2261.7800634193422,-72.81705932989007,-72.81705932989007
2261.790063419342,-72.81907784643337,-72.81907784643337
2261.800063419342,-72.82108404059159,-72.82108404059159
2261.810063419342,-72.82307819281966,-72.82307819281966
2261.820063419342,-72.82506058619359,-72.82506058619359
2261.830063419342,-72.82703150258745,-72.82703150258745
2261.840063419342,-72.82899122052144,-72.82899122052144
2261.850063443184,-72.83094001878447,-72.83094001878447
2261.860063443184,-72.83287815737083,-72.83287815737083
2261.870063443184,-72.83480590538537,-72.83480590538537
2261.880063443184,-72.83672352248323,-72.83672352248323
2261.890063443184,-72.83863126382855,-72.83863126382855
2261.900063443184,-72.84052938032872,-72.84052938032872
2261.910063443184,-72.8424181189572,-72.8424181189572
2261.920063443184,-72.84429772301382,-72.84429772301382
2261.930063443184,-72.8461684323715,-72.8461684323715
2261.940063443184,-72.8480304837141,-72.8480304837141
2261.950063443184,-72.84988411072362,-72.84988411072362
2261.960063443184,-72.85172954424866,-72.85172954424866
2261.970063443184,-72.85356701245504,-72.85356701245504
2261.980063443184,-72.855396740929,-72.855396740929
2261.9900634431838,-72.85721895280703,-72.85721895280703
2262.000063443184,-72.8590338688251,-72.8590338688251
2262.0100634431838,-72.86084170741402,-72.86084170741402
2262.020063443184,-72.86264268472235,-72.86264268472235
2262.0300634431837,-72.86443701470714,-72.86443701470714
2262.040063443184,-72.8662249091289,-72.8662249091289
2262.0500634431837,-72.86800657757603,-72.86800657757603
2262.060063443184,-72.86978222752522,-72.86978222752522
2262.0700634431837,-72.87155206430995,-72.87155206430995
2262.080063443184,-72.87331629116646,-72.87331629116646
2262.0900634431837,-72.87507510922441,-72.87507510922441
2262.100063443184,-72.87682871751531,-72.87682871751531
2262.110063443184,-72.87857731297957,-72.87857731297957
2262.120063443184,-72.88032109046183,-72.88032109046183
2262.130063443184,-72.88206024271763,-72.88206024271763
2262.140063443184,-72.8837949603961,-72.8837949603961
2262.150063443184,-72.88552543205617,-72.88552543205617
2262.160063443184,-72.88725184417119,-72.88725184417119
2262.170063443184,-72.88897438109642,-72.88897438109642
2262.180063443184,-72.89069322509704,-72.89069322509704
2262.190063443184,-72.892408556332,-72.892408556332
2262.200063443184,-72.89412055285835,-72.89412055285835
2262.210063443184,-72.89582939062474,-72.89582939062474
2262.220063443184,-72.89753524347788,-72.89753524347788
2262.230063443184,-72.89923828315833,-72.89923828315833
2262.2400634431838,-72.90093867930187,-72.90093867930187
2262.250063443184,-72.90263659943876,-72.90263659943876
2262.2600634431838,-72.90433220900455,-72.90433220900455
2262.270063443184,-72.90602567133881,-72.90602567133881
2262.2800634431837,-72.907717147672,-72.907717147672
2262.290063443184,-72.9094067971653,-72.9094067971653
2262.3000634431837,-72.91109477687351,-72.91109477687351
2262.310063443184,-72.91278124179347,-72.91278124179347
2262.3200634431837,-72.91446634482762,-72.91446634482762
2262.330063443184,-72.91615023682768,-72.91615023682768
2262.3400634431837,-72.91783306657881,-72.91783306657881
2262.350063443184,-72.91951498081751,-72.91951498081751
2262.360063443184,-72.92119612422509,-72.92119612422509
2262.370063443184,-72.92287663947016,-72.92287663947016
2262.380063443184,-72.9245566671839,-72.9245566671839
2262.390063443184,-72.92623634599163,-72.92623634599163
2262.400063443184,-72.92791581251005,-72.92791581251005
2262.410063443184,-72.92959520136853,-72.92959520136853
2262.420063443184,-72.93127464521761,-72.93127464521761
2262.430063443184,-72.93295427473836,-72.93295427473836
2262.440063443184,-72.93463421865509,-72.93463421865509
2262.450063443184,-72.93631460376442,-72.93631460376442
2262.460063443184,-72.93799555491488,-72.93799555491488
2262.470063443184,-72.93967719505589,-72.93967719505589
2262.480063443184,-72.94135964523475,-72.94135964523475
2262.4900634431838,-72.94304302460735,-72.94304302460735
2262.500063443184,-72.94472745046633,-72.94472745046633
2262.5100634431838,-72.94641303824942,-72.94641303824942
2262.520063443184,-72.94809990154714,-72.94809990154714
2262.5300634431837,-72.94978815213236,-72.94978815213236
2262.540063443184,-72.95147789995289,-72.95147789995289
2262.5500634431837,-72.95316925318905,-72.95316925318905
2262.560063443184,-72.95486231823163,-72.95486231823163
2262.5700634431837,-72.95655719970729,-72.95655719970729
2262.580063443184,-72.95825400050413,-72.95825400050413
2262.5900634431837,-72.95995282178718,-72.95995282178718
2262.600063443184,-72.96165376299525,-72.96165376299525
2262.610063443184,-72.96335692189416,-72.96335692189416
2262.620063443184,-72.96506239455452,-72.96506239455452
2262.630063443184,-72.9667702754001,-72.9667702754001
2262.640063443184,-72.96848065720573,-72.96848065720573
2262.650063443184,-72.97019363112004,-72.97019363112004
2262.660063443184,-72.97190928667892,-72.97190928667892
2262.670063443184,-72.97362771184167,-72.97362771184167
2262.680063443184,-72.97534899298613,-72.97534899298613
2262.690063443184,-72.97707321491815,-72.97707321491815
2262.7000634670258,-72.97880046504767,-72.97880046504767
2262.710063467026,-72.98053081691715,-72.98053081691715
2262.7200634670257,-72.98226435487027,-72.98226435487027
2262.730063467026,-72.984001157676,-72.984001157676
2262.7400634670257,-72.98574130263343,-72.98574130263343
2262.750063467026,-72.98748486557494,-72.98748486557494
2262.7600634670257,-72.98923192091385,-72.98923192091385
2262.770063467026,-72.99098254163852,-72.99098254163852
2262.7800634670257,-72.99273679932486,-72.99273679932486
2262.790063467026,-72.99449476417193,-72.99449476417193
2262.8000634670257,-72.99625650500347,-72.99625650500347
2262.810063467026,-72.99802208929847,-72.99802208929847
2262.8200634670256,-72.99979158320258,-72.99979158320258
2262.830063467026,-73.00156505153824,-73.00156505153824
2262.8400634670256,-73.00334255781951,-73.00334255781951
2262.850063467026,-73.00512416428471,-73.00512416428471
2262.8600634670256,-73.00690993189652,-73.00690993189652
2262.870063467026,-73.00869992036213,-73.00869992036213
2262.8800634670256,-73.01049418816248,-73.01049418816248
2262.890063467026,-73.01229279253917,-73.01229279253917
2262.9000634670256,-73.01409578954683,-73.01409578954683
2262.910063467026,-73.01590323403501,-73.01590323403501
2262.9200634670256,-73.01771517969837,-73.01771517969837
2262.930063467026,-73.01953167904409,-73.01953167904409
2262.9400634670255,-73.0213527834588,-73.0213527834588
2262.9500634670258,-73.02317854319374,-73.02317854319374
2262.960063467026,-73.0250090073837,-73.0250090073837
2262.9700634670257,-73.02684422407462,-73.02684422407462
2262.980063467026,-73.028684240213,-73.028684240213
2262.9900634670257,-73.03052910169394,-73.03052910169394
2263.000063467026,-73.03237885334303,-73.03237885334303
2263.0100634670257,-73.03423353895634,-73.03423353895634
2263.020063467026,-73.03609320129988,-73.03609320129988
2263.0300634670257,-73.03795788213621,-73.03795788213621
2263.040063467026,-73.03982762221592,-73.03982762221592
2263.0500634670257,-73.04170246131356,-73.04170246131356
2263.060063467026,-73.0435824382368,-73.0435824382368
2263.0700634670256,-73.04546759082645,-73.04546759082645
2263.080063467026,-73.04735795599576,-73.04735795599576
2263.0900634670256,-73.04925356971616,-73.04925356971616
2263.100063467026,-73.05115446704806,-73.05115446704806
2263.1100634670256,-73.05306068213763,-73.05306068213763
2263.120063467026,-73.05497224825602,-73.05497224825602
2263.1300634670256,-73.0568891977937,-73.0568891977937
2263.140063467026,-73.05881156226323,-73.05881156226323
2263.1500634670256,-73.06073937233616,-73.06073937233616
2263.160063467026,-73.06267265783627,-73.06267265783627
2263.1700634670256,-73.06461144776004,-73.06461144776004
2263.180063467026,-73.0665557702912,-73.0665557702912
2263.1900634670255,-73.06850565280641,-73.06850565280641
2263.2000634670258,-73.07046112188287,-73.07046112188287
2263.210063467026,-73.07241583190019,-73.07241583190019
2263.2200634670257,-73.074367017681,-73.074367017681
2263.230063467026,-73.07631334497242,-73.07631334497242
2263.2400634670257,-73.07825414152354,-73.07825414152354
2263.250063467026,-73.08018910363006,-73.08018910363006
2263.2600634670257,-73.08211814376871,-73.08211814376871
2263.270063467026,-73.0840413012112,-73.0840413012112
2263.2800634670257,-73.08595868840402,-73.08595868840402
2263.290063467026,-73.08787045865184,-73.08787045865184
2263.3000634670257,-73.0897767867779,-73.0897767867779
2263.310063467026,-73.09167785756124,-73.09167785756124
2263.3200634670256,-73.09357385898298,-73.09357385898298
2263.330063467026,-73.09546497832434,-73.09546497832434
2263.3400634670256,-73.09735140004716,-73.09735140004716
2263.350063467026,-73.09923330471344,-73.09923330471344
2263.3600634670256,-73.1011108685937,-73.1011108685937
2263.370063467026,-73.10298426358602,-73.10298426358602
2263.3800634670256,-73.10485365737081,-73.10485365737081
2263.390063467026,-73.10671921364295,-73.10671921364295
2263.4000634670256,-73.10858109243671,-73.10858109243671
2263.410063467026,-73.11043945039415,-73.11043945039415
2263.4200634670256,-73.11229444107022,-73.11229444107022
2263.430063467026,-73.11414621519916,-73.11414621519916
2263.4400634670255,-73.11599492092229,-73.11599492092229
2263.4500634670258,-73.11784070400644,-73.11784070400644
2263.460063467026,-73.11968370801807,-73.11968370801807
2263.4700634670257,-73.12152407448701,-73.12152407448701
2263.480063467026,-73.12336194302506,-73.12336194302506
2263.4900634670257,-73.12519745145765,-73.12519745145765
2263.500063467026,-73.12703073589448,-73.12703073589448
2263.5100634670257,-73.12886193082437,-73.12886193082437
2263.520063467026,-73.13069116918189,-73.13069116918189
2263.5300634670257,-73.13251858238375,-73.13251858238375
2263.540063467026,-73.13434430037627,-73.13434430037627
2263.5500634908676,-73.1361684560329,-73.1361684560329
2263.560063490868,-73.13799116778173,-73.13799116778173
2263.5700634908676,-73.13981256571488,-73.13981256571488
2263.580063490868,-73.14163277420627,-73.14163277420627
2263.5900634908676,-73.14345191629042,-73.14345191629042
2263.600063490868,-73.1452701136509,-73.1452701136509
2263.6100634908676,-73.1470874866544,-73.1470874866544
2263.620063490868,-73.14890415432897,-73.14890415432897
2263.6300634908675,-73.15072023438712,-73.15072023438712
2263.6400634908678,-73.15253584321728,-73.15253584321728
2263.6500634908675,-73.154351095894,-73.154351095894
2263.6600634908677,-73.15616610616425,-73.15616610616425
2263.6700634908675,-73.15798098646354,-73.15798098646354
2263.6800634908677,-73.15979584790324,-73.15979584790324
2263.6900634908675,-73.16161080027733,-73.16161080027733
2263.7000634908677,-73.1634259520515,-73.1634259520515
2263.7100634908675,-73.1652350309938,-73.1652350309938
2263.7200634908677,-73.16703534937471,-73.16703534937471
2263.7300634908675,-73.16882565160148,-73.16882565160148
2263.7400634908677,-73.17060534436413,-73.17060534436413
2263.7500634908674,-73.1723742027816,-73.1723742027816
2263.7600634908677,-73.1741322178231,-73.1741322178231
2263.7700634908674,-73.17587950683978,-73.17587950683978
2263.7800634908676,-73.17761625984404,-73.17761625984404
2263.7900634908674,-73.179342707171,-73.179342707171
2263.8000634908676,-73.18105910006355,-73.18105910006355
2263.810063490868,-73.18276569916098,-73.18276569916098
2263.8200634908676,-73.18446276763932,-73.18446276763932
2263.830063490868,-73.18615056734258,-73.18615056734258
2263.8400634908676,-73.18782935666565,-73.18782935666565
2263.850063490868,-73.18949938944749,-73.18949938944749
2263.8600634908676,-73.19116091456303,-73.19116091456303
2263.870063490868,-73.19281417583086,-73.19281417583086
2263.8800634908675,-73.1944594121857,-73.1944594121857
2263.8900634908678,-73.19609685790907,-73.19609685790907
2263.9000634908675,-73.19772674290557,-73.19772674290557
2263.9100634908677,-73.19934929301057,-73.19934929301057
2263.9200634908675,-73.20096473028246,-73.20096473028246
2263.9300634908677,-73.20257327324076,-73.20257327324076
2263.9400634908675,-73.20417513712275,-73.20417513712275
2263.9500634908677,-73.20577053409026,-73.20577053409026
2263.9600634908675,-73.20735967339888,-73.20735967339888
2263.9700634908677,-73.20894276154964,-73.20894276154964
2263.9800634908675,-73.21052000243884,-73.21052000243884
2263.9900634908677,-73.21209159744535,-73.21209159744535
2264.0000634908674,-73.21365774554906,-73.21365774554906
2264.0100634908677,-73.21521864338762,-73.21521864338762
2264.0200634908674,-73.21677448532328,-73.21677448532328
2264.0300634908676,-73.21832546352435,-73.21832546352435
2264.0400634908674,-73.2198717679754,-73.2198717679754
2264.0500634908676,-73.22141358652895,-73.22141358652895
2264.060063490868,-73.22295110493296,-73.22295110493296
2264.0700634908676,-73.22448450687146,-73.22448450687146
2264.080063490868,-73.22601397395103,-73.22601397395103
2264.0900634908676,-73.2275396857495,-73.2275396857495
2264.100063490868,-73.22906181980673,-73.22906181980673
2264.1100634908676,-73.23058055165114,-73.23058055165114
2264.120063490868,-73.23209605480248,-73.23209605480248
2264.1300634908675,-73.23360850077003,-73.23360850077003
2264.1400634908678,-73.23511805907167,-73.23511805907167
2264.1500634908675,-73.23662489721862,-73.23662489721862
2264.1600634908677,-73.23812918076266,-73.23812918076266
2264.1700634908675,-73.23963107325547,-73.23963107325547
2264.1800634908677,-73.24113073627288,-73.24113073627288
2264.1900634908675,-73.24262832940944,-73.24262832940944
2264.2000634908677,-73.24412401029609,-73.24412401029609
2264.2100634908675,-73.24561793459205,-73.24561793459205
2264.2200634908677,-73.24711025598828,-73.24711025598828
2264.2300634908675,-73.2486011262284,-73.2486011262284
2264.2400634908677,-73.25009069508863,-73.25009069508863
2264.2500634908674,-73.25157911039179,-73.25157911039179
2264.2600634908677,-73.25306651803623,-73.25306651803623
2264.2700634908674,-73.25455306197338,-73.25455306197338
2264.2800634908676,-73.25603888421641,-73.25603888421641
2264.2900634908674,-73.25752412485265,-73.25752412485265
2264.3000634908676,-73.25900892205644,-73.25900892205644
2264.310063490868,-73.26049341210134,-73.26049341210134
2264.3200634908676,-73.26197772934309,-73.26197772934309
2264.330063490868,-73.26346200625122,-73.26346200625122
2264.3400634908676,-73.26494637341406,-73.26494637341406
2264.350063490868,-73.26643095954239,-73.26643095954239
2264.3600634908676,-73.2679158914906,-73.2679158914906
2264.370063490868,-73.26940129424621,-73.26940129424621
2264.3800634908675,-73.27088729096697,-73.27088729096697
2264.3900634908678,-73.27237400297415,-73.27237400297415
2264.4000635147095,-73.27386155330319,-73.27386155330319
2264.4100635147097,-73.27535005257805,-73.27535005257805
2264.4200635147095,-73.27683962022464,-73.27683962022464
2264.4300635147097,-73.27833037035224,-73.27833037035224
2264.4400635147094,-73.27982241532169,-73.27982241532169
2264.4500635147097,-73.2813158657038,-73.2813158657038
2264.4600635147094,-73.28281083034904,-73.28281083034904
2264.4700635147096,-73.28430741636463,-73.28430741636463
2264.4800635147094,-73.28580572916096,-73.28580572916096
2264.4900635147096,-73.28730587242623,-73.28730587242623
2264.5000635147094,-73.28880794817543,-73.28880794817543
2264.5100635147096,-73.29031205673829,-73.29031205673829
2264.5200635147094,-73.29181829679688,-73.29181829679688
2264.5300635147096,-73.29332676539673,-73.29332676539673
2264.5400635147093,-73.29483755793844,-73.29483755793844
2264.5500635147096,-73.29635076821778,-73.29635076821778
2264.5600635147093,-73.29786648843164,-73.29786648843164
2264.5700635147095,-73.29938480920114,-73.29938480920114
2264.5800635147093,-73.30090581957751,-73.30090581957751
2264.5900635147095,-73.30242960706379,-73.30242960706379
2264.6000635147093,-73.30395625762326,-73.30395625762326
2264.6100635147095,-73.30548585570467,-73.30548585570467
2264.6200635147093,-73.30701848424839,-73.30701848424839
2264.6300635147095,-73.30855422471384,-73.30855422471384
2264.6400635147093,-73.3100931570823,-73.3100931570823
2264.6500635147095,-73.31163535988138,-73.31163535988138
2264.6600635147097,-73.31318091020518,-73.31318091020518
2264.6700635147095,-73.31472988371631,-73.31472988371631
2264.6800635147097,-73.31628235466603,-73.31628235466603
2264.6900635147094,-73.31783839591982,-73.31783839591982
2264.7000635147097,-73.31939807897285,-73.31939807897285
2264.7100635147094,-73.32095508125555,-73.32095508125555
2264.7200635147096,-73.32250667243838,-73.32250667243838
2264.7300635147094,-73.32405155739389,-73.32405155739389
2264.7400635147096,-73.32558910468474,-73.32558910468474
2264.7500635147094,-73.32711905210046,-73.32711905210046
2264.7600635147096,-73.32864135374302,-73.32864135374302
2264.7700635147094,-73.33015609041813,-73.33015609041813
2264.7800635147096,-73.33166341577898,-73.33166341577898
2264.7900635147093,-73.33316352393351,-73.33316352393351
2264.8000635147096,-73.33465663004313,-73.33465663004313
2264.8100635147093,-73.33614295872687,-73.33614295872687
2264.8200635147095,-73.33762273727334,-73.33762273727334
2264.8300635147093,-73.33909619174614,-73.33909619174614
2264.8400635147095,-73.3405635448648,-73.3405635448648
2264.8500635147093,-73.34202501492086,-73.34202501492086
2264.8600635147095,-73.3434808153856,-73.3434808153856
2264.8700635147093,-73.34493115484106,-73.34493115484106
2264.8800635147095,-73.34637623710951,-73.34637623710951
2264.8900635147093,-73.34781626155333,-73.34781626155333
2264.9000635147095,-73.34925142333948,-73.34925142333948
2264.9100635147097,-73.35068191377574,-73.35068191377574
2264.9200635147095,-73.3521079205562,-73.3521079205562
2264.9300635147097,-73.35352962809294,-73.35352962809294
2264.9400635147094,-73.3549472177136,-73.3549472177136
2264.9500635147097,-73.3563608678917,-73.3563608678917
2264.9600635147094,-73.35777075443187,-73.35777075443187
2264.9700635147096,-73.35917705065279,-73.35917705065279
2264.9800635147094,-73.36057992747945,-73.36057992747945
2264.9900635147096,-73.36197955360119,-73.36197955360119
2265.0000635147094,-73.3633760955528,-73.3633760955528
2265.0100635147096,-73.36476971778862,-73.36476971778862
2265.0200635147094,-73.36616058277865,-73.36616058277865
2265.0300635147096,-73.36754885104747,-73.36754885104747
2265.0400635147093,-73.36893468122197,-73.36893468122197
2265.0500635147096,-73.37031823008374,-73.37031823008374
2265.0600635147093,-73.3716996525894,-73.3716996525894
2265.0700635147095,-73.37307910190951,-73.37307910190951
2265.0800635147093,-73.37445672943679,-73.37445672943679
2265.0900635147095,-73.3758326848187,-73.3758326848187
2265.1000635147093,-73.37720711595996,-73.37720711595996
2265.1100635147095,-73.37858016904225,-73.37858016904225
2265.1200635147093,-73.3799519885458,-73.3799519885458
2265.1300635147095,-73.38132271723127,-73.38132271723127
2265.1400635147093,-73.38269249615497,-73.38269249615497
2265.1500635147095,-73.38406146469369,-73.38406146469369
2265.1600635147097,-73.38542976054185,-73.38542976054185
2265.1700635147095,-73.38679751968962,-73.38679751968962
2265.1800635147097,-73.38816487645158,-73.38816487645158
2265.1900635147094,-73.38953196348069,-73.38953196348069
2265.2000635147097,-73.39089891173671,-73.39089891173671
2265.2100635147094,-73.39225945201277,-73.39225945201277
2265.2200635147096,-73.39361091058302,-73.39361091058302
2265.2300635147094,-73.39495205002827,-73.39495205002827
2265.2400635147096,-73.39628229688935,-73.39628229688935
2265.2500635385513,-73.39760145010227,-73.39760145010227
2265.2600635385515,-73.39890951530019,-73.39890951530019
2265.2700635385513,-73.40020663404141,-73.40020663404141
2265.2800635385515,-73.4014930172461,-73.4014930172461
2265.2900635385513,-73.40276891594566,-73.40276891594566
2265.3000635385515,-73.40403460180622,-73.40403460180622
2265.3100635385513,-73.40529035557459,-73.40529035557459
2265.3200635385515,-73.40653646023468,-73.40653646023468
2265.3300635385513,-73.40777319710156,-73.40777319710156
2265.3400635385515,-73.40900084369603,-73.40900084369603
2265.3500635385512,-73.41021967267807,-73.41021967267807
2265.3600635385515,-73.41142995140889,-73.41142995140889
2265.370063538551,-73.41263194188424,-73.41263194188424
2265.3800635385514,-73.41382590089552,-73.41382590089552
2265.390063538551,-73.41501208027088,-73.41501208027088
2265.4000635385514,-73.41619072716225,-73.41619072716225
2265.410063538551,-73.41736208436181,-73.41736208436181
2265.4200635385514,-73.41852639057932,-73.41852639057932
2265.430063538551,-73.41968388072718,-73.41968388072718
2265.4400635385514,-73.42083478613732,-73.42083478613732
2265.450063538551,-73.42197933478633,-73.42197933478633
2265.4600635385514,-73.4231177514925,-73.4231177514925
2265.470063538551,-73.42425025804222,-73.42425025804222
2265.4800635385513,-73.42537707334452,-73.42537707334452
2265.490063538551,-73.42649841356332,-73.42649841356332
2265.5000635385513,-73.42761449217892,-73.42761449217892
2265.5100635385515,-73.42872552010975,-73.42872552010975
2265.5200635385513,-73.42983170574308,-73.42983170574308
2265.5300635385515,-73.43093325501323,-73.43093325501323
2265.5400635385513,-73.43203037145763,-73.43203037145763
2265.5500635385515,-73.43312325623886,-73.43312325623886
2265.5600635385513,-73.434212108197,-73.434212108197
2265.5700635385515,-73.4352971238449,-73.4352971238449
2265.5800635385513,-73.43637849743747,-73.43637849743747
2265.5900635385515,-73.4374564209617,-73.4374564209617
2265.6000635385512,-73.43853108414967,-73.43853108414967
2265.6100635385515,-73.43960267451423,-73.43960267451423
2265.620063538551,-73.44067137733012,-73.44067137733012
2265.6300635385514,-73.44173737567608,-73.44173737567608
2265.640063538551,-73.44280085042786,-73.44280085042786
2265.6500635385514,-73.44386198027028,-73.44386198027028
2265.660063538551,-73.44492094170025,-73.44492094170025
2265.6700635385514,-73.44597790902186,-73.44597790902186
2265.680063538551,-73.44703305439478,-73.44703305439478
2265.6900635385514,-73.44808654778912,-73.44808654778912
2265.700063538551,-73.44913855704009,-73.44913855704009
2265.7100635385514,-73.45018284504329,-73.45018284504329
2265.720063538551,-73.45121677273183,-73.45121677273183
2265.7300635385513,-73.45223913799019,-73.45223913799019
2265.740063538551,-73.45324940271232,-73.45324940271232
2265.7500635385513,-73.45424739783333,-73.45424739783333
2265.7600635385515,-73.4552331701542,-73.4552331701542
2265.7700635385513,-73.45620689250543,-73.45620689250543
2265.7800635385515,-73.45716880981126,-73.45716880981126
2265.7900635385513,-73.45811920667043,-73.45811920667043
2265.8000635385515,-73.45905838785076,-73.45905838785076
2265.8100635385513,-73.45998666671655,-73.45998666671655
2265.8200635385515,-73.46090435839932,-73.46090435839932
2265.8300635385513,-73.46181177589045,-73.46181177589045
2265.8400635385515,-73.46270922791514,-73.46270922791514
2265.8500635385512,-73.46359701787436,-73.46359701787436
2265.8600635385515,-73.46447544340928,-73.46447544340928
2265.870063538551,-73.46534479634927,-73.46534479634927
2265.8800635385514,-73.46620536285621,-73.46620536285621
2265.890063538551,-73.46705742369365,-73.46705742369365
2265.9000635385514,-73.4679012545229,-73.4679012545229
2265.910063538551,-73.46873712620024,-73.46873712620024
2265.9200635385514,-73.46956530508704,-73.46956530508704
2265.930063538551,-73.47038605330451,-73.47038605330451
2265.9400635385514,-73.4711996289973,-73.4711996289973
2265.950063538551,-73.4720062865466,-73.4720062865466
2265.9600635385514,-73.47280627673939,-73.47280627673939
2265.970063538551,-73.47359984697889,-73.47359984697889
2265.9800635385513,-73.47438724136367,-73.47438724136367
2265.990063538551,-73.47516870087132,-73.47516870087132
2266.0000635385513,-73.47594446340868,-73.47594446340868
2266.0100635385515,-73.47671476392426,-73.47671476392426
2266.0200635385513,-73.47747983448679,-73.47747983448679
2266.0300635385515,-73.47823990433673,-73.47823990433673
2266.0400635385513,-73.47899519993459,-73.47899519993459
2266.0500635385515,-73.47974594502038,-73.47974594502038
2266.0600635385513,-73.48049236065367,-73.48049236065367
2266.0700635385515,-73.48123466521115,-73.48123466521115
2266.0800635385513,-73.48197307446692,-73.48197307446692
2266.0900635385515,-73.4827078015707,-73.4827078015707
2266.100063562393,-73.48343905883179,-73.48343905883179
2266.1100635623934,-73.48416705078765,-73.48416705078765
2266.120063562393,-73.48489198462674,-73.48489198462674
2266.1300635623934,-73.48561406328288,-73.48561406328288
2266.140063562393,-73.48633348715319,-73.48633348715319
2266.1500635623934,-73.48705045412136,-73.48705045412136
2266.160063562393,-73.48776515959038,-73.48776515959038
2266.1700635623934,-73.48847779645624,-73.48847779645624
2266.180063562393,-73.48918855515132,-73.48918855515132
2266.1900635623933,-73.4898976236294,-73.4898976236294
2266.200063562393,-73.4906051874018,-73.4906051874018
2266.2100635623933,-73.49130502414297,-73.49130502414297
2266.220063562393,-73.49199451147712,-73.49199451147712
2266.2300635623933,-73.49267246453236,-73.49267246453236
2266.240063562393,-73.49333836253226,-73.49333836253226
2266.2500635623933,-73.49399205363862,-73.49399205363862
2266.260063562393,-73.49463360168932,-73.49463360168932
2266.2700635623933,-73.49526319633124,-73.49526319633124
2266.280063562393,-73.49588109904516,-73.49588109904516
2266.2900635623932,-73.49648761067,-73.49648761067
2266.300063562393,-73.4970830519274,-73.4970830519274
2266.310063562393,-73.49766775182114,-73.49766775182114
2266.320063562393,-73.49824204082361,-73.49824204082361
2266.330063562393,-73.49880624697118,-73.49880624697118
2266.340063562393,-73.49936069374851,-73.49936069374851
2266.350063562393,-73.49990569901094,-73.49990569901094
2266.3600635623934,-73.50044157456905,-73.50044157456905
2266.370063562393,-73.50096862614959,-73.50096862614959
2266.3800635623934,-73.50148715354385,-73.50148715354385
2266.390063562393,-73.50199745087187,-73.50199745087187
2266.4000635623934,-73.50249980688945,-73.50249980688945
2266.410063562393,-73.50299450528996,-73.50299450528996
2266.4200635623934,-73.50348182502529,-73.50348182502529
2266.430063562393,-73.50396204056946,-73.50396204056946
2266.4400635623933,-73.50443542216667,-73.50443542216667
2266.450063562393,-73.50490223606583,-73.50490223606583
2266.4600635623933,-73.5053627447015,-73.5053627447015
2266.470063562393,-73.50581720687389,-73.50581720687389
2266.4800635623933,-73.5062658778916,-73.5062658778916
2266.490063562393,-73.50670900968575,-73.50670900968575
2266.5000635623933,-73.507146850926,-73.507146850926
2266.510063562393,-73.50757964710368,-73.50757964710368
2266.5200635623933,-73.50800764063686,-73.50800764063686
2266.530063562393,-73.50843107088798,-73.50843107088798
2266.5400635623932,-73.50885017426191,-73.50885017426191
2266.550063562393,-73.50926518424659,-73.50926518424659
2266.560063562393,-73.50967633142383,-73.50967633142383
2266.570063562393,-73.51008384355605,-73.51008384355605
2266.580063562393,-73.51048794556957,-73.51048794556957
2266.590063562393,-73.51088885961323,-73.51088885961323
2266.600063562393,-73.51128680506683,-73.51128680506683
2266.6100635623934,-73.51168199856724,-73.51168199856724
2266.620063562393,-73.51207465402965,-73.51207465402965
2266.6300635623934,-73.51246498266467,-73.51246498266467
2266.640063562393,-73.51285319298553,-73.51285319298553
2266.6500635623934,-73.51323949083056,-73.51323949083056
2266.660063562393,-73.51362407938609,-73.51362407938609
2266.6700635623934,-73.51400715917303,-73.51400715917303
2266.680063562393,-73.51438892808986,-73.51438892808986
2266.6900635623933,-73.51476958141546,-73.51476958141546
2266.700063562393,-73.51514931180687,-73.51514931180687
2266.7100635623933,-73.5155283093516,-73.5155283093516
2266.720063562393,-73.5159067615286,-73.5159067615286
2266.7300635623933,-73.51628485325615,-73.51628485325615
2266.740063562393,-73.51666276691186,-73.51666276691186
2266.7500635623933,-73.51704068231822,-73.51704068231822
2266.760063562393,-73.51741877676832,-73.51741877676832
2266.7700635623933,-73.51779722505239,-73.51779722505239
2266.780063562393,-73.51817619945913,-73.51817619945913
2266.7900635623932,-73.51855586979174,-73.51855586979174
2266.800063562393,-73.51893640339857,-73.51893640339857
2266.810063562393,-73.51931796515814,-73.51931796515814
2266.820063562393,-73.51970071753121,-73.51970071753121
2266.830063562393,-73.52008482054963,-73.52008482054963
2266.840063562393,-73.52047043185064,-73.52047043185064
2266.850063562393,-73.52085770668722,-73.52085770668722
2266.8600635623934,-73.52124679793747,-73.52124679793747
2266.870063562393,-73.52163785614583,-73.52163785614583
2266.8800635623934,-73.52203102951819,-73.52203102951819
2266.890063562393,-73.52242646394717,-73.52242646394717
2266.9000635623934,-73.52282430303295,-73.52282430303295
2266.910063562393,-73.52322468810638,-73.52322468810638
2266.9200635623934,-73.52362775823913,-73.52362775823913
2266.930063562393,-73.52403365027823,-73.52403365027823
2266.9400635623933,-73.52444249883823,-73.52444249883823
2266.950063586235,-73.524854437337,-73.524854437337
2266.9600635862353,-73.52526959407211,-73.52526959407211
2266.970063586235,-73.52568809811814,-73.52568809811814
2266.9800635862352,-73.52611007543098,-73.52611007543098
2266.990063586235,-73.52653564987119,-73.52653564987119
2267.0000635862352,-73.52696494318819,-73.52696494318819
2267.010063586235,-73.52739807507368,-73.52739807507368
2267.020063586235,-73.527835163157,-73.527835163157
2267.030063586235,-73.52827632304192,-73.52827632304192
2267.040063586235,-73.5287216683221,-73.5287216683221
2267.050063586235,-73.52917131060586,-73.52917131060586
2267.060063586235,-73.52962535951896,-73.52962535951896
2267.070063586235,-73.53008392276068,-73.53008392276068
2267.080063586235,-73.53054710609344,-73.53054710609344
2267.090063586235,-73.53101501337214,-73.53101501337214
2267.100063586235,-73.53148774658106,-73.53148774658106
2267.110063586235,-73.53196540582493,-73.53196540582493
2267.120063586235,-73.53244808938346,-73.53244808938346
2267.130063586235,-73.53293589371664,-73.53293589371664
2267.140063586235,-73.53342891347616,-73.53342891347616
2267.150063586235,-73.53392724152629,-73.53392724152629
2267.160063586235,-73.53443096900044,-73.53443096900044
2267.170063586235,-73.53494018527297,-73.53494018527297
2267.180063586235,-73.53545497801296,-73.53545497801296
2267.190063586235,-73.53597543318978,-73.53597543318978
2267.200063586235,-73.53650163510676,-73.53650163510676
2267.2100635862353,-73.53703366640056,-73.53703366640056
2267.220063586235,-73.53757160807939,-73.53757160807939
2267.2300635862352,-73.5381155395403,-73.5381155395403
2267.240063586235,-73.53866553858003,-73.53866553858003
2267.2500635862352,-73.53922168142859,-73.53922168142859
2267.260063586235,-73.53978404275581,-73.53978404275581
2267.270063586235,-73.54035269569832,-73.54035269569832
2267.280063586235,-73.54092771188327,-73.54092771188327
2267.290063586235,-73.5415091614427,-73.5415091614427
2267.300063586235,-73.54209711302917,-73.54209711302917
2267.310063586235,-73.54269163383567,-73.54269163383567
2267.320063586235,-73.54329278961579,-73.54329278961579
2267.330063586235,-73.5439006447147,-73.5439006447147
2267.340063586235,-73.54451526206974,-73.54451526206974
2267.350063586235,-73.5451367032383,-73.5451367032383
2267.360063586235,-73.54576502841135,-73.54576502841135
2267.370063586235,-73.54640029644428,-73.54640029644428
2267.380063586235,-73.54704256485361,-73.54704256485361
2267.390063586235,-73.54769188985293,-73.54769188985293
2267.400063586235,-73.54834832636331,-73.54834832636331
2267.410063586235,-73.54901192802843,-73.54901192802843
2267.420063586235,-73.54968274724123,-73.54968274724123
2267.430063586235,-73.55036083514837,-73.55036083514837
2267.440063586235,-73.55104624168276,-73.55104624168276
2267.450063586235,-73.5517390155681,-73.5517390155681
2267.4600635862353,-73.55243920432845,-73.55243920432845
2267.470063586235,-73.55314685433487,-73.55314685433487
2267.4800635862352,-73.55386201078112,-73.55386201078112
2267.490063586235,-73.55458471774664,-73.55458471774664
2267.5000635862352,-73.55531501816118,-73.55531501816118
2267.510063586235,-73.55605295386755,-73.55605295386755
2267.520063586235,-73.55679856560165,-73.55679856560165
2267.530063586235,-73.55755189302911,-73.55755189302911
2267.540063586235,-73.55831297475737,-73.55831297475737
2267.550063586235,-73.55908184833433,-73.55908184833433
2267.560063586235,-73.55985855029222,-73.55985855029222
2267.570063586235,-73.56064311613927,-73.56064311613927
2267.580063586235,-73.56143558037876,-73.56143558037876
2267.590063586235,-73.56223597652803,-73.56223597652803
2267.600063586235,-73.56304433713072,-73.56304433713072
2267.610063586235,-73.56386069377899,-73.56386069377899
2267.620063586235,-73.56468507710267,-73.56468507710267
2267.630063586235,-73.56551751681867,-73.56551751681867
2267.640063586235,-73.56635804171556,-73.56635804171556
2267.650063586235,-73.56720667968293,-73.56720667968293
2267.660063586235,-73.56806345770822,-73.56806345770822
2267.670063586235,-73.5689284019177,-73.5689284019177
2267.680063586235,-73.56980153755192,-73.56980153755192
2267.690063586235,-73.57068288902059,-73.57068288902059
2267.700063586235,-73.57157247987907,-73.57157247987907
2267.7100635862353,-73.57247033285856,-73.57247033285856
2267.720063586235,-73.57337646987658,-73.57337646987658
2267.7300635862352,-73.57429091205145,-73.57429091205145
2267.740063586235,-73.57521367970415,-73.57521367970415
2267.7500635862352,-73.5761447923743,-73.5761447923743
2267.760063586235,-73.57708426883981,-73.57708426883981
2267.770063586235,-73.5780321271241,-73.5780321271241
2267.780063586235,-73.57898838450218,-73.57898838450218
2267.790063586235,-73.57995305751807,-73.57995305751807
2267.800063610077,-73.5809261643106,-73.5809261643106
2267.810063610077,-73.5819077153853,-73.5819077153853
2267.820063610077,-73.58289772743348,-73.58289772743348
2267.830063610077,-73.58389621417899,-73.58389621417899
2267.840063610077,-73.58490318866646,-73.58490318866646
2267.850063610077,-73.5859186632624,-73.5859186632624
2267.860063610077,-73.58694264969303,-73.58694264969303
2267.870063610077,-73.58797515901055,-73.58797515901055
2267.880063610077,-73.58901620165054,-73.58901620165054
2267.890063610077,-73.59006578740467,-73.59006578740467
2267.900063610077,-73.59112392545896,-73.59112392545896
2267.910063610077,-73.59219062438072,-73.59219062438072
2267.920063610077,-73.59326589213889,-73.59326589213889
2267.930063610077,-73.59434973611724,-73.59434973611724
2267.940063610077,-73.59544216311546,-73.59544216311546
2267.950063610077,-73.59654317934846,-73.59654317934846
2267.9600636100768,-73.59765279049445,-73.59765279049445
2267.970063610077,-73.5987710016551,-73.5987710016551
2267.9800636100767,-73.59989781739883,-73.59989781739883
2267.990063610077,-73.60103324173818,-73.60103324173818
2268.0000636100767,-73.60217727818554,-73.60217727818554
2268.010063610077,-73.6033299297072,-73.6033299297072
2268.0200636100767,-73.60449119876897,-73.60449119876897
2268.030063610077,-73.60566108733404,-73.60566108733404
2268.0400636100767,-73.60683959686371,-73.60683959686371
2268.050063610077,-73.60802672833216,-73.60802672833216
2268.060063610077,-73.6092224822494,-73.6092224822494
2268.070063610077,-73.6104268586205,-73.6104268586205
2268.080063610077,-73.6116398570175,-73.6116398570175
2268.090063610077,-73.61286147653506,-73.61286147653506
2268.100063610077,-73.61409171582169,-73.61409171582169
2268.110063610077,-73.6153305730847,-73.6153305730847
2268.120063610077,-73.6165780461005,-73.6165780461005
2268.130063610077,-73.61783413221387,-73.61783413221387
2268.140063610077,-73.61909882833693,-73.61909882833693
2268.150063610077,-73.62037213098571,-73.62037213098571
2268.160063610077,-73.6216540362576,-73.6216540362576
2268.170063610077,-73.62294453984046,-73.62294453984046
2268.180063610077,-73.62424363704754,-73.62424363704754
2268.190063610077,-73.62555132278338,-73.62555132278338
2268.200063610077,-73.62686759158362,-73.62686759158362
2268.2100636100768,-73.62818601777421,-73.62818601777421
2268.220063610077,-73.62950378450086,-73.62950378450086
2268.2300636100767,-73.63081951727295,-73.63081951727295
2268.240063610077,-73.63213250905339,-73.63213250905339
2268.2500636100767,-73.63344242455342,-73.63344242455342
2268.260063610077,-73.63474914662727,-73.63474914662727
2268.2700636100767,-73.63605268625997,-73.63605268625997
2268.280063610077,-73.6373531284473,-73.6373531284473
2268.2900636100767,-73.63865059968883,-73.63865059968883
2268.300063610077,-73.63994524845499,-73.63994524845499
2268.310063610077,-73.64123723354365,-73.64123723354365
2268.320063610077,-73.64252671727193,-73.64252671727193
2268.330063610077,-73.64381386153205,-73.64381386153205
2268.340063610077,-73.6450988256654,-73.6450988256654
2268.350063610077,-73.64638176538502,-73.64638176538502
2268.360063610077,-73.64766283235085,-73.64766283235085
2268.370063610077,-73.64894217411931,-73.64894217411931
2268.380063610077,-73.65021993425675,-73.65021993425675
2268.390063610077,-73.65149625261601,-73.65149625261601
2268.400063610077,-73.65277126563112,-73.65277126563112
2268.410063610077,-73.65404510662093,-73.65404510662093
2268.420063610077,-73.6553179060568,-73.6553179060568
2268.430063610077,-73.65658979184657,-73.65658979184657
2268.440063610077,-73.65786088957123,-73.65786088957123
2268.450063610077,-73.65913132268008,-73.65913132268008
2268.4600636100768,-73.66040121269533,-73.66040121269533
2268.470063610077,-73.6616706793355,-73.6616706793355
2268.4800636100767,-73.66293984068774,-73.66293984068774
2268.490063610077,-73.66420881327187,-73.66420881327187
2268.5000636100767,-73.66547771216347,-73.66547771216347
2268.510063610077,-73.66674665106537,-73.66674665106537
2268.5200636100767,-73.66801574235663,-73.66801574235663
2268.530063610077,-73.66928509715147,-73.66928509715147
2268.5400636100767,-73.67055482535592,-73.67055482535592
2268.550063610077,-73.67182503567894,-73.67182503567894
2268.560063610077,-73.67309583565645,-73.67309583565645
2268.570063610077,-73.67436733168336,-73.67436733168336
2268.580063610077,-73.67563962904111,-73.67563962904111
2268.590063610077,-73.67691283187648,-73.67691283187648
2268.600063610077,-73.67818704322427,-73.67818704322427
2268.610063610077,-73.67946236502384,-73.67946236502384
2268.620063610077,-73.68073889810017,-73.68073889810017
2268.630063610077,-73.68201674218614,-73.68201674218614
2268.640063610077,-73.68329599590629,-73.68329599590629
2268.6500636339188,-73.68457675982992,-73.68457675982992
2268.660063633919,-73.68585912427737,-73.68585912427737
2268.6700636339187,-73.68714318759844,-73.68714318759844
2268.680063633919,-73.6884290439686,-73.6884290439686
2268.6900636339187,-73.68971678647316,-73.68971678647316
2268.700063633919,-73.69100650706721,-73.69100650706721
2268.7100636339187,-73.69229829657769,-73.69229829657769
2268.720063633919,-73.69359224470298,-73.69359224470298
2268.7300636339187,-73.69488844002274,-73.69488844002274
2268.740063633919,-73.69618696996652,-73.69618696996652
2268.7500636339187,-73.69748792084621,-73.69748792084621
2268.760063633919,-73.69879137782333,-73.69879137782333
2268.7700636339187,-73.70009742492793,-73.70009742492793
2268.780063633919,-73.7014061450385,-73.7014061450385
2268.7900636339186,-73.70271761989552,-73.70271761989552
2268.800063633919,-73.70403193010705,-73.70403193010705
2268.8100636339186,-73.70534915512158,-73.70534915512158
2268.820063633919,-73.70666937325367,-73.70666937325367
2268.8300636339186,-73.70799266167334,-73.70799266167334
2268.840063633919,-73.70931909640206,-73.70931909640206
2268.8500636339186,-73.71064875234599,-73.71064875234599
2268.860063633919,-73.71198170325081,-73.71198170325081
2268.8700636339186,-73.71331802173476,-73.71331802173476
2268.880063633919,-73.71465777927571,-73.71465777927571
2268.8900636339185,-73.71600104624896,-73.71600104624896
2268.9000636339188,-73.71734789187357,-73.71734789187357
2268.910063633919,-73.71869838426,-73.71869838426
2268.9200636339187,-73.72005259041262,-73.72005259041262
2268.930063633919,-73.72141057620424,-73.72141057620424
2268.9400636339187,-73.72277240642214,-73.72277240642214
2268.950063633919,-73.72413814473141,-73.72413814473141
2268.9600636339187,-73.7255014248911,-73.7255014248911
2268.970063633919,-73.72685949338398,-73.72685949338398
2268.9800636339187,-73.72821104021149,-73.72821104021149
2268.990063633919,-73.72955542296225,-73.72955542296225
2269.0000636339187,-73.73089237074801,-73.73089237074801
2269.010063633919,-73.73222183044021,-73.73222183044021
2269.0200636339187,-73.73354387651432,-73.73354387651432
2269.030063633919,-73.73485865692025,-73.73485865692025
2269.0400636339186,-73.736166360512,-73.736166360512
2269.050063633919,-73.7374671974914,-73.7374671974914
2269.0600636339186,-73.7387613877788,-73.7387613877788
2269.070063633919,-73.74004915417403,-73.74004915417403
2269.0800636339186,-73.74133071842165,-73.74133071842165
2269.090063633919,-73.74260629907478,-73.74260629907478
2269.1000636339186,-73.74387611041782,-73.74387611041782
2269.110063633919,-73.74514036203706,-73.74514036203706
2269.1200636339186,-73.74639925876082,-73.74639925876082
2269.130063633919,-73.74765300080102,-73.74765300080102
2269.1400636339185,-73.74890178401978,-73.74890178401978
2269.1500636339188,-73.75014580019649,-73.75014580019649
2269.160063633919,-73.75138523735693,-73.75138523735693
2269.1700636339187,-73.75262028006185,-73.75262028006185
2269.180063633919,-73.75385110964959,-73.75385110964959
2269.1900636339187,-73.7550779045155,-73.7550779045155
2269.200063633919,-73.75630084028236,-73.75630084028236
2269.2100636339187,-73.75751365876188,-73.75751365876188
2269.220063633919,-73.75871371478107,-73.75871371478107
2269.2300636339187,-73.75989980611858,-73.75989980611858
2269.240063633919,-73.7610713973643,-73.7610713973643
2269.2500636339187,-73.76222832381569,-73.76222832381569
2269.260063633919,-73.76337063770448,-73.76337063770448
2269.2700636339187,-73.76449851808668,-73.76449851808668
2269.280063633919,-73.76561221672839,-73.76561221672839
2269.2900636339186,-73.76671202556471,-73.76671202556471
2269.300063633919,-73.76779825717304,-73.76779825717304
2269.3100636339186,-73.76887123313637,-73.76887123313637
2269.320063633919,-73.76993127722734,-73.76993127722734
2269.3300636339186,-73.77097871149971,-73.77097871149971
2269.340063633919,-73.77201385412535,-73.77201385412535
2269.3500636339186,-73.77303701834902,-73.77303701834902
2269.360063633919,-73.77404851201779,-73.77404851201779
2269.3700636339186,-73.77504863755753,-73.77504863755753
2269.380063633919,-73.77603769211102,-73.77603769211102
2269.3900636339185,-73.77701596775053,-73.77701596775053
2269.4000636339188,-73.77798375179545,-73.77798375179545
2269.410063633919,-73.77894132709525,-73.77894132709525
2269.4200636339187,-73.77988897232107,-73.77988897232107
2269.430063633919,-73.78082696221122,-73.78082696221122
2269.4400636339187,-73.78175556781558,-73.78175556781558
2269.450063633919,-73.78267505669784,-73.78267505669784
2269.4600636339187,-73.7835856930995,-73.7835856930995
2269.470063633919,-73.78448773808897,-73.78448773808897
2269.4800636339187,-73.78538144971016,-73.78538144971016
2269.490063633919,-73.7862670830699,-73.7862670830699
2269.5000636577606,-73.78714489251107,-73.78714489251107
2269.510063657761,-73.78801512331334,-73.78801512331334
2269.5200636577606,-73.78887802436586,-73.78887802436586
2269.530063657761,-73.78973383977345,-73.78973383977345
2269.5400636577606,-73.79058281101842,-73.79058281101842
2269.550063657761,-73.79142517699448,-73.79142517699448
2269.5600636577606,-73.79226117401633,-73.79226117401633
2269.570063657761,-73.79309103585817,-73.79309103585817
2269.5800636577605,-73.79391499377586,-73.79391499377586
2269.5900636577608,-73.79473327648849,-73.79473327648849
2269.6000636577605,-73.79554611021476,-73.79554611021476
2269.6100636577607,-73.79635371867363,-73.79635371867363
2269.6200636577605,-73.79715632307305,-73.79715632307305
2269.6300636577607,-73.7979541421529,-73.7979541421529
2269.6400636577605,-73.79874739214642,-73.79874739214642
2269.6500636577607,-73.79953628681702,-73.79953628681702
2269.6600636577605,-73.80032103743649,-73.80032103743649
2269.6700636577607,-73.80110185280101,-73.80110185280101
2269.6800636577605,-73.8018789392376,-73.8018789392376
2269.6900636577607,-73.8026525005822,-73.8026525005822
2269.7000636577604,-73.80342273821343,-73.80342273821343
2269.7100636577607,-73.80418985103852,-73.80418985103852
2269.7200636577604,-73.80495403551163,-73.80495403551163
2269.7300636577606,-73.80571548561433,-73.80571548561433
2269.7400636577604,-73.80647439287843,-73.80647439287843
2269.7500636577606,-73.80723094639153,-73.80723094639153
2269.760063657761,-73.80798533279861,-73.80798533279861
2269.7700636577606,-73.808737736313,-73.808737736313
2269.780063657761,-73.80948833872054,-73.80948833872054
2269.7900636577606,-73.81023731938993,-73.81023731938993
2269.800063657761,-73.81098485528045,-73.81098485528045
2269.8100636577606,-73.8117311209544,-73.8117311209544
2269.820063657761,-73.81247628857487,-73.81247628857487
2269.8300636577605,-73.81322052794292,-73.81322052794292
2269.8400636577608,-73.81396400648069,-73.81396400648069
2269.8500636577605,-73.81470688925117,-73.81470688925117
2269.8600636577607,-73.81544933898674,-73.81544933898674
2269.8700636577605,-73.8161915160914,-73.8161915160914
2269.8800636577607,-73.81693357864629,-73.81693357864629
2269.8900636577605,-73.81767568243365,-73.81767568243365
2269.9000636577607,-73.81841798094969,-73.81841798094969
2269.9100636577605,-73.819160625428,-73.819160625428
2269.9200636577607,-73.81990376482995,-73.81990376482995
2269.9300636577605,-73.8206475458964,-73.8206475458964
2269.9400636577607,-73.82139211312358,-73.82139211312358
2269.9500636577604,-73.82213760881872,-73.82213760881872
2269.9600636577607,-73.82288417309022,-73.82288417309022
2269.9700636577604,-73.82363194388897,-73.82363194388897
2269.9800636577606,-73.82438105698859,-73.82438105698859
2269.9900636577604,-73.82513164604237,-73.82513164604237
2270.0000636577606,-73.82588384257389,-73.82588384257389
2270.010063657761,-73.82663777602237,-73.82663777602237
2270.0200636577606,-73.8273935737444,-73.8273935737444
2270.030063657761,-73.82815136101424,-73.82815136101424
2270.0400636577606,-73.8289112610898,-73.8289112610898
2270.050063657761,-73.82967339518004,-73.82967339518004
2270.0600636577606,-73.83043788251142,-73.83043788251142
2270.070063657761,-73.8312048403129,-73.8312048403129
2270.0800636577605,-73.83197438386205,-73.83197438386205
2270.0900636577608,-73.8327466264704,-73.8327466264704
2270.1000636577605,-73.83352167953956,-73.83352167953956
2270.1100636577607,-73.83429965256302,-73.83429965256302
2270.1200636577605,-73.83508065314172,-73.83508065314172
2270.1300636577607,-73.83586478701538,-73.83586478701538
2270.1400636577605,-73.83665215808003,-73.83665215808003
2270.1500636577607,-73.83744286840567,-73.83744286840567
2270.1600636577605,-73.83823701825496,-73.83823701825496
2270.1700636577607,-73.83903470610701,-73.83903470610701
2270.1800636577605,-73.8398360286738,-73.8398360286738
2270.1900636577607,-73.84064108091454,-73.84064108091454
2270.2000636577604,-73.8414499560791,-73.8414499560791
2270.2100636577607,-73.84226274570618,-73.84226274570618
2270.2200636577604,-73.84307953964462,-73.84307953964462
2270.2300636577606,-73.84390042606806,-73.84390042606806
2270.2400636577604,-73.84472549152804,-73.84472549152804
2270.2500636577606,-73.84555482092793,-73.84555482092793
2270.260063657761,-73.84638849757911,-73.84638849757911
2270.2700636577606,-73.84722660319893,-73.84722660319893
2270.280063657761,-73.84806921793475,-73.84806921793475
2270.2900636577606,-73.84891642038748,-73.84891642038748
2270.300063657761,-73.84976828763232,-73.84976828763232
2270.3100636577606,-73.85062489523432,-73.85062489523432
2270.320063657761,-73.85148631726157,-73.85148631726157
2270.3300636577605,-73.85235262631437,-73.85235262631437
2270.3400636577608,-73.85322389353773,-73.85322389353773
2270.3500636816025,-73.85410019072178,-73.85410019072178
2270.3600636816027,-73.85498158201403,-73.85498158201403
2270.3700636816025,-73.8558681363787,-73.8558681363787
2270.3800636816027,-73.85675991932209,-73.85675991932209
2270.3900636816024,-73.85765699500706,-73.85765699500706
2270.4000636816027,-73.85855942623435,-73.85855942623435
2270.4100636816024,-73.85946727449866,-73.85946727449866
2270.4200636816026,-73.86038059997566,-73.86038059997566
2270.4300636816024,-73.86129946154023,-73.86129946154023
2270.4400636816026,-73.86222391680782,-73.86222391680782
2270.4500636816024,-73.86315402213043,-73.86315402213043
2270.4600636816026,-73.86408339261193,-73.86408339261193
2270.4700636816024,-73.86500926294468,-73.86500926294468
2270.4800636816026,-73.86593031391719,-73.86593031391719
2270.4900636816024,-73.86684589504311,-73.86684589504311
2270.5000636816026,-73.8677557279088,-73.8677557279088
2270.5100636816023,-73.86865975214563,-73.86865975214563
2270.5200636816026,-73.86955803511646,-73.86955803511646
2270.5300636816023,-73.87045071763343,-73.87045071763343
2270.5400636816025,-73.87133798139969,-73.87133798139969
2270.5500636816023,-73.87222002939112,-73.87222002939112
2270.5600636816025,-73.87309707420536,-73.87309707420536
2270.5700636816023,-73.87396933123993,-73.87396933123993
2270.5800636816025,-73.87483701473056,-73.87483701473056
2270.5900636816023,-73.87570033564938,-73.87570033564938
2270.6000636816025,-73.8765595006119,-73.8765595006119
2270.6100636816027,-73.87741471147176,-73.87741471147176
2270.6200636816025,-73.87826616525572,-73.87826616525572
2270.6300636816027,-73.87911405432054,-73.87911405432054
2270.6400636816024,-73.87995856661541,-73.87995856661541
2270.6500636816027,-73.8807998859727,-73.8807998859727
2270.6600636816024,-73.88163819244508,-73.88163819244508
2270.6700636816026,-73.88247366256947,-73.88247366256947
2270.6800636816024,-73.88330646966766,-73.88330646966766
2270.6900636816026,-73.88413678406533,-73.88413678406533
2270.7000636816024,-73.88496477334465,-73.88496477334465
2270.7100636816026,-73.88579060249529,-73.88579060249529
2270.7200636816024,-73.88661443410774,-73.88661443410774
2270.7300636816026,-73.88743642848645,-73.88743642848645
2270.7400636816024,-73.888256743798,-73.888256743798
2270.7500636816026,-73.8890755361356,-73.8890755361356
2270.7600636816023,-73.88989295963583,-73.88989295963583
2270.7700636816026,-73.89070916651654,-73.89070916651654
2270.7800636816023,-73.89152430717397,-73.89152430717397
2270.7900636816025,-73.89233853018476,-73.89233853018476
2270.8000636816023,-73.89315198239387,-73.89315198239387
2270.8100636816025,-73.89396480891023,-73.89396480891023
2270.8200636816023,-73.89477715316121,-73.89477715316121
2270.8300636816025,-73.8955891568759,-73.8955891568759
2270.8400636816023,-73.8964009601599,-73.8964009601599
2270.8500636816025,-73.8972127014493,-73.8972127014493
2270.8600636816027,-73.89802451757558,-73.89802451757558
2270.8700636816025,-73.89883654373291,-73.89883654373291
2270.8800636816027,-73.89964891351717,-73.89964891351717
2270.8900636816024,-73.90046175890909,-73.90046175890909
2270.9000636816027,-73.90127521028884,-73.90127521028884
2270.9100636816024,-73.90208939645414,-73.90208939645414
2270.9200636816026,-73.9029044445948,-73.9029044445948
2270.9300636816024,-73.90372048032211,-73.90372048032211
2270.9400636816026,-73.90453762765188,-73.90453762765188
2270.9500636816024,-73.90535600902135,-73.90535600902135
2270.9600636816026,-73.90616930184238,-73.90616930184238
2270.9700636816024,-73.9069748048839,-73.9069748048839
2270.9800636816026,-73.90777126346477,-73.90777126346477
2270.9900636816024,-73.90855809163843,-73.90855809163843
2271.0000636816026,-73.90933507535871,-73.90933507535871
2271.0100636816023,-73.9101022183316,-73.9101022183316
2271.0200636816026,-73.91085965164795,-73.91085965164795
2271.0300636816023,-73.91160757949842,-73.91160757949842
2271.0400636816025,-73.9123462465381,-73.9123462465381
2271.0500636816023,-73.91307591826101,-73.91307591826101
2271.0600636816025,-73.91379686934967,-73.91379686934967
2271.0700636816023,-73.91450937681499,-73.91450937681499
2271.0800636816025,-73.91521371603727,-73.91521371603727
2271.0900636816023,-73.91591015864618,-73.91591015864618
2271.1000636816025,-73.91659897141437,-73.91659897141437
2271.1100636816027,-73.917280415859,-73.917280415859
2271.1200636816025,-73.91795474815899,-73.91795474815899
2271.1300636816027,-73.91862221930701,-73.91862221930701
2271.1400636816024,-73.91928307536176,-73.91928307536176
2271.1500636816027,-73.91993755774371,-73.91993755774371
2271.1600636816024,-73.92058590353523,-73.92058590353523
2271.1700636816026,-73.92122834578133,-73.92122834578133
2271.1800636816024,-73.92186511376572,-73.92186511376572
2271.1900636816026,-73.92249643323126,-73.92249643323126
2271.2000637054443,-73.92312252810119,-73.92312252810119
2271.2100637054446,-73.92374361467779,-73.92374361467779
2271.2200637054443,-73.9243599108104,-73.9243599108104
2271.2300637054445,-73.92497162998134,-73.92497162998134
2271.2400637054443,-73.9255789829785,-73.9255789829785
2271.2500637054445,-73.92618217797127,-73.92618217797127
2271.2600637054443,-73.92678142057942,-73.92678142057942
2271.2700637054445,-73.92737691395916,-73.92737691395916
2271.2800637054443,-73.92796885886621,-73.92796885886621
2271.2900637054445,-73.92855745369171,-73.92855745369171
2271.3000637054442,-73.92914289449682,-73.92914289449682
2271.3100637054445,-73.92972537506556,-73.92972537506556
2271.320063705444,-73.93030508692298,-73.93030508692298
2271.3300637054444,-73.9308822193533,-73.9308822193533
2271.340063705444,-73.9314569594251,-73.9314569594251
2271.3500637054444,-73.9320294919957,-73.9320294919957
2271.360063705444,-73.9325999997629,-73.9325999997629
2271.3700637054444,-73.93316866320909,-73.93316866320909
2271.380063705444,-73.93373566068684,-73.93373566068684
2271.3900637054444,-73.93430116836753,-73.93430116836753
2271.400063705444,-73.93486536027385,-73.93486536027385
2271.4100637054444,-73.93542840829464,-73.93542840829464
2271.420063705444,-73.93599048217285,-73.93599048217285
2271.4300637054444,-73.93655174952892,-73.93655174952892
2271.440063705444,-73.93711237585492,-73.93711237585492
2271.4500637054443,-73.93767252451092,-73.93767252451092
2271.4600637054446,-73.9382323567605,-73.9382323567605
2271.4700637054443,-73.93879203175952,-73.93879203175952
2271.4800637054445,-73.9393517065655,-73.9393517065655
2271.4900637054443,-73.93991153612308,-73.93991153612308
2271.5000637054445,-73.940471673312,-73.940471673312
2271.5100637054443,-73.94103226893615,-73.94103226893615
2271.5200637054445,-73.94159347170637,-73.94159347170637
2271.5300637054443,-73.94215542829338,-73.94215542829338
2271.5400637054445,-73.94271828330153,-73.94271828330153
2271.5500637054442,-73.94328217929807,-73.94328217929807
2271.5600637054445,-73.94384725681677,-73.94384725681677
2271.570063705444,-73.9444136543697,-73.9444136543697
2271.5800637054444,-73.94498150844463,-73.94498150844463
2271.590063705444,-73.94555095353763,-73.94555095353763
2271.6000637054444,-73.94612212215203,-73.94612212215203
2271.610063705444,-73.94669514480768,-73.94669514480768
2271.6200637054444,-73.9472701500607,-73.9472701500607
2271.630063705444,-73.94784726450918,-73.94784726450918
2271.6400637054444,-73.9484266128105,-73.9484266128105
2271.650063705444,-73.9490083177088,-73.9490083177088
2271.6600637054444,-73.94959250001118,-73.94959250001118
2271.670063705444,-73.95017927863745,-73.95017927863745
2271.6800637054444,-73.95076877061912,-73.95076877061912
2271.690063705444,-73.95136109111996,-73.95136109111996
2271.7000637054443,-73.95195635343097,-73.95195635343097
2271.7100637054446,-73.95255466902067,-73.95255466902067
2271.7200637054443,-73.95315614752477,-73.95315614752477
2271.7300637054445,-73.95376089676482,-73.95376089676482
2271.7400637054443,-73.95436902277028,-73.95436902277028
2271.7500637054445,-73.95498062978257,-73.95498062978257
2271.7600637054443,-73.95559582028797,-73.95559582028797
2271.7700637054445,-73.95621469502767,-73.95621469502767
2271.7800637054443,-73.95683735300972,-73.95683735300972
2271.7900637054445,-73.95746389152217,-73.95746389152217
2271.8000637054442,-73.9580944061685,-73.9580944061685
2271.8100637054445,-73.95872899084918,-73.95872899084918
2271.820063705444,-73.95936773782093,-73.95936773782093
2271.8300637054444,-73.96001073767746,-73.96001073767746
2271.840063705444,-73.9606580794041,-73.9606580794041
2271.8500637054444,-73.96130985034313,-73.96130985034313
2271.860063705444,-73.96196613626478,-73.96196613626478
2271.8700637054444,-73.96262702134555,-73.96262702134555
2271.880063705444,-73.96329258820299,-73.96329258820299
2271.8900637054444,-73.96396291791535,-73.96396291791535
2271.900063705444,-73.96463809002753,-73.96463809002753
2271.9100637054444,-73.9653181825656,-73.9653181825656
2271.920063705444,-73.96600327207379,-73.96600327207379
2271.9300637054444,-73.96669343361451,-73.96669343361451
2271.940063705444,-73.96738874078704,-73.96738874078704
2271.9500637054443,-73.96808926575154,-73.96808926575154
2271.9600637054446,-73.9687950792348,-73.9687950792348
2271.9700637054443,-73.96950625056867,-73.96950625056867
2271.9800637054445,-73.97022284767945,-73.97022284767945
2271.9900637054443,-73.97094493712194,-73.97094493712194
2272.0000637054445,-73.97167258408561,-73.97167258408561
2272.0100637054443,-73.97240585243212,-73.97240585243212
2272.0200637054445,-73.97314480467857,-73.97314480467857
2272.0300637054443,-73.97388950205072,-73.97388950205072
2272.0400637054445,-73.9746400044564,-73.9746400044564
2272.050063729286,-73.97539637235818,-73.97539637235818
2272.0600637292864,-73.976158659551,-73.976158659551
2272.070063729286,-73.97692692394843,-73.97692692394843
2272.0800637292864,-73.97770122047355,-73.97770122047355
2272.090063729286,-73.97848160281316,-73.97848160281316
2272.1000637292864,-73.97926812347156,-73.97926812347156
2272.110063729286,-73.98006083376745,-73.98006083376745
2272.1200637292864,-73.98085978384876,-73.98085978384876
2272.130063729286,-73.98166502271842,-73.98166502271842
2272.1400637292863,-73.9824765982346,-73.9824765982346
2272.150063729286,-73.98329455714229,-73.98329455714229
2272.1600637292863,-73.98411894508084,-73.98411894508084
2272.170063729286,-73.9849498065924,-73.9849498065924
2272.1800637292863,-73.98578718514841,-73.98578718514841
2272.190063729286,-73.98663112316099,-73.98663112316099
2272.2000637292863,-73.98748166197865,-73.98748166197865
2272.210063729286,-73.98833884193081,-73.98833884193081
2272.2200637292863,-73.98920270232907,-73.98920270232907
2272.230063729286,-73.9900732814769,-73.9900732814769
2272.2400637292862,-73.99095061669018,-73.99095061669018
2272.250063729286,-73.99183474430205,-73.99183474430205
2272.2600637292862,-73.99272569967573,-73.99272569967573
2272.270063729286,-73.99362351723599,-73.99362351723599
2272.280063729286,-73.99452823047196,-73.99452823047196
2272.290063729286,-73.99543987193569,-73.99543987193569
2272.300063729286,-73.99635847328065,-73.99635847328065
2272.3100637292864,-73.99728406526472,-73.99728406526472
2272.320063729286,-73.99821667775501,-73.99821667775501
2272.3300637292864,-73.9991563397332,-73.9991563397332
2272.340063729286,-74.00010307934481,-74.00010307934481
2272.3500637292864,-74.00105692387298,-74.00105692387298
2272.360063729286,-74.00201789977423,-74.00201789977423
2272.3700637292864,-74.00298603267625,-74.00298603267625
2272.380063729286,-74.00396134739488,-74.00396134739488
2272.3900637292863,-74.00494386794864,-74.00494386794864
2272.400063729286,-74.00593361757946,-74.00593361757946
2272.4100637292863,-74.00693061872535,-74.00693061872535
2272.420063729286,-74.00793489308863,-74.00793489308863
2272.4300637292863,-74.00894646160062,-74.00894646160062
2272.440063729286,-74.00996534445676,-74.00996534445676
2272.4500637292863,-74.01099156111762,-74.01099156111762
2272.460063729286,-74.01202513032374,-74.01202513032374
2272.4700637292863,-74.01306607010837,-74.01306607010837
2272.480063729286,-74.01411439779906,-74.01411439779906
2272.4900637292862,-74.01517013004216,-74.01517013004216
2272.500063729286,-74.01623328280722,-74.01623328280722
2272.5100637292862,-74.01730387137897,-74.01730387137897
2272.520063729286,-74.01838191040146,-74.01838191040146
2272.530063729286,-74.01946741386455,-74.01946741386455
2272.540063729286,-74.02056039512222,-74.02056039512222
2272.550063729286,-74.02166086688959,-74.02166086688959
2272.5600637292864,-74.02276884126708,-74.02276884126708
2272.570063729286,-74.02388432975611,-74.02388432975611
2272.5800637292864,-74.02500734323695,-74.02500734323695
2272.590063729286,-74.02613789201634,-74.02613789201634
2272.6000637292864,-74.02727598581018,-74.02727598581018
2272.610063729286,-74.02842163376235,-74.02842163376235
2272.6200637292864,-74.02957484445155,-74.02957484445155
2272.630063729286,-74.03073562590458,-74.03073562590458
2272.6400637292863,-74.03190398559627,-74.03190398559627
2272.650063729286,-74.03307993046148,-74.03307993046148
2272.6600637292863,-74.034263466908,-74.034263466908
2272.670063729286,-74.0354546008203,-74.0354546008203
2272.6800637292863,-74.03665333756976,-74.03665333756976
2272.690063729286,-74.03785968202212,-74.03785968202212
2272.7000637292863,-74.03907363855032,-74.03907363855032
2272.710063729286,-74.04029521102726,-74.04029521102726
2272.7200637292863,-74.04152440284001,-74.04152440284001
2272.730063729286,-74.04276121691466,-74.04276121691466
2272.7400637292862,-74.044005655703,-74.044005655703
2272.750063729286,-74.04525772119608,-74.04525772119608
2272.7600637292862,-74.04651741493295,-74.04651741493295
2272.770063729286,-74.04778473801234,-74.04778473801234
2272.780063729286,-74.0489678399242,-74.0489678399242
2272.790063729286,-74.05003063228791,-74.05003063228791
2272.800063729286,-74.05095789925636,-74.05095789925636
2272.8100637292864,-74.05174337583111,-74.05174337583111
2272.820063729286,-74.05238548552317,-74.05238548552317
2272.8300637292864,-74.05288532325504,-74.05288532325504
2272.840063729286,-74.05324552098594,-74.05324552098594
2272.8500637292864,-74.05346956453924,-74.05346956453924
2272.860063729286,-74.05356137413301,-74.05356137413301
2272.8700637292864,-74.05352504744079,-74.05352504744079
2272.880063729286,-74.05336470442784,-74.05336470442784
2272.8900637292863,-74.0530843962262,-74.0530843962262
2272.900063753128,-74.05268805318171,-74.05268805318171
2272.9100637531283,-74.05217946214768,-74.05217946214768
2272.920063753128,-74.0515622515273,-74.0515622515273
2272.9300637531283,-74.05083989194141,-74.05083989194141
2272.940063753128,-74.0500156998564,-74.0500156998564
2272.9500637531282,-74.04909284428328,-74.04909284428328
2272.960063753128,-74.04807435505279,-74.04807435505279
2272.970063753128,-74.04696313156043,-74.04696313156043
2272.980063753128,-74.04576195151314,-74.04576195151314
2272.990063753128,-74.04447347931414,-74.04447347931414
2273.000063753128,-74.04310027403001,-74.04310027403001
2273.010063753128,-74.04164479669646,-74.04164479669646
2273.020063753128,-74.04010941714581,-74.04010941714581
2273.030063753128,-74.03849642017917,-74.03849642017917
2273.040063753128,-74.03680801127089,-74.03680801127089
2273.050063753128,-74.03504632171693,-74.03504632171693
2273.060063753128,-74.03321341337454,-74.03321341337454
2273.070063753128,-74.03131128293583,-74.03131128293583
2273.080063753128,-74.02934186586296,-74.02934186586296
2273.090063753128,-74.0273070399526,-74.0273070399526
2273.100063753128,-74.02520862862454,-74.02520862862454
2273.110063753128,-74.02304840388689,-74.02304840388689
2273.120063753128,-74.02082808909417,-74.02082808909417
2273.130063753128,-74.01854936145698,-74.01854936145698
2273.140063753128,-74.0162138543392,-74.0162138543392
2273.150063753128,-74.01382315938416,-74.01382315938416
2273.1600637531283,-74.01137882848926,-74.01137882848926
2273.170063753128,-74.00888237559171,-74.00888237559171
2273.1800637531283,-74.00633527833651,-74.00633527833651
2273.190063753128,-74.00373897961855,-74.00373897961855
2273.2000637531282,-74.00109488902929,-74.00109488902929
2273.210063753128,-73.99840438416128,-73.99840438416128
2273.220063753128,-73.99566881185685,-73.99566881185685
2273.230063753128,-73.99288948935254,-73.99288948935254
2273.240063753128,-73.99006770533452,-73.99006770533452
2273.250063753128,-73.98720472095427,-73.98720472095427
2273.260063753128,-73.98430177076476,-73.98430177076476
2273.270063753128,-73.981360063585,-73.981360063585
2273.280063753128,-73.97838078331361,-73.97838078331361
2273.290063753128,-73.9753650897252,-73.9753650897252
2273.300063753128,-73.97231411916586,-73.97231411916586
2273.310063753128,-73.9692289852587,-73.9692289852587
2273.320063753128,-73.96611077954006,-73.96611077954006
2273.330063753128,-73.96296057206698,-73.96296057206698
2273.340063753128,-73.95977941199901,-73.95977941199901
2273.350063753128,-73.95656832815229,-73.95656832815229
2273.360063753128,-73.95332832950668,-73.95332832950668
2273.370063753128,-73.95006040570019,-73.95006040570019
2273.380063753128,-73.94676552751258,-73.94676552751258
2273.390063753128,-73.94344464732158,-73.94344464732158
2273.400063753128,-73.9400986994944,-73.9400986994944
2273.4100637531283,-73.9367286008386,-73.9367286008386
2273.420063753128,-73.9333352509816,-73.9333352509816
2273.4300637531283,-73.92991953273918,-73.92991953273918
2273.440063753128,-73.92648231249981,-73.92648231249981
2273.4500637531282,-73.92302444055154,-73.92302444055154
2273.460063753128,-73.91954675143832,-73.91954675143832
2273.470063753128,-73.91605006425667,-73.91605006425667
2273.480063753128,-73.91253518300589,-73.91253518300589
2273.490063753128,-73.90900289685791,-73.90900289685791
2273.500063753128,-73.90545398046359,-73.90545398046359
2273.510063753128,-73.90188919423107,-73.90188919423107
2273.520063753128,-73.89830928461086,-73.89830928461086
2273.530063753128,-73.89471498434777,-73.89471498434777
2273.540063753128,-73.89110701274909,-73.89110701274909
2273.550063753128,-73.88748607593658,-73.88748607593658
2273.560063753128,-73.88385286708085,-73.88385286708085
2273.570063753128,-73.88020806664098,-73.88020806664098
2273.580063753128,-73.87655234261629,-73.87655234261629
2273.590063753128,-73.87288635074012,-73.87288635074012
2273.600063753128,-73.86921073473194,-73.86921073473194
2273.610063753128,-73.8655261264748,-73.8655261264748
2273.620063753128,-73.86183314626255,-73.86183314626255
2273.630063753128,-73.85813240298565,-73.85813240298565
2273.640063753128,-73.8544244943296,-73.8544244943296
2273.650063753128,-73.85071000696657,-73.85071000696657
2273.6600637531283,-73.84698951677306,-73.84698951677306
2273.670063753128,-73.84326358899084,-73.84326358899084
2273.6800637531283,-73.83953277841275,-73.83953277841275
2273.690063753128,-73.83579762957741,-73.83579762957741
2273.7000637531282,-73.8320586769213,-73.8320586769213
2273.710063753128,-73.8283100230687,-73.8283100230687
2273.720063753128,-73.82454938292561,-73.82454938292561
2273.730063753128,-73.82077590680198,-73.82077590680198
2273.740063753128,-73.81698940277369,-73.81698940277369
2273.75006377697,-73.81319003163945,-73.81319003163945
2273.76006377697,-73.809378189657,-73.809378189657
2273.77006377697,-73.8055543647389,-73.8055543647389
2273.78006377697,-73.80171911854802,-73.80171911854802
2273.79006377697,-73.79787304531783,-73.79787304531783
2273.80006377697,-73.79401675255671,-73.79401675255671
2273.81006377697,-73.79015084962961,-73.79015084962961
2273.82006377697,-73.78627594111855,-73.78627594111855
2273.83006377697,-73.78239262308506,-73.78239262308506
2273.84006377697,-73.77850148109272,-73.77850148109272
2273.85006377697,-73.77460308929022,-73.77460308929022
2273.86006377697,-73.77069801013458,-73.77069801013458
2273.87006377697,-73.76678679446538,-73.76678679446538
2273.88006377697,-73.76286998178375,-73.76286998178375
2273.89006377697,-73.7589481006302,-73.7589481006302
2273.90006377697,-73.75502166902207,-73.75502166902207
2273.9100637769698,-73.75109119485485,-73.75109119485485
2273.92006377697,-73.74715717631271,-73.74715717631271
2273.9300637769697,-73.74322010227105,-73.74322010227105
2273.94006377697,-73.73928045261951,-73.73928045261951
2273.9500637769697,-73.73533869860536,-73.73533869860536
2273.96006377697,-73.73138889151734,-73.73138889151734
2273.9700637769697,-73.72742869209688,-73.72742869209688
2273.98006377697,-73.72345719610176,-73.72345719610176
2273.9900637769697,-73.7194741577451,-73.7194741577451
2274.00006377697,-73.71547969410994,-73.71547969410994
2274.01006377697,-73.71147413204748,-73.71147413204748
2274.02006377697,-73.70745791856558,-73.70745791856558
2274.03006377697,-73.70343156711208,-73.70343156711208
2274.04006377697,-73.69939562535663,-73.69939562535663
2274.05006377697,-73.69535065590081,-73.69535065590081
2274.06006377697,-73.69129722490558,-73.69129722490558
2274.07006377697,-73.68723589540285,-73.68723589540285
2274.08006377697,-73.6831672235434,-73.6831672235434
2274.09006377697,-73.67909175659172,-73.67909175659172
2274.10006377697,-73.67501003197606,-73.67501003197606
2274.11006377697,-73.67092257698172,-73.67092257698172
2274.12006377697,-73.66682990877474,-73.66682990877474
2274.13006377697,-73.66273253464284,-73.66273253464284
2274.14006377697,-73.6586309523515,-73.6586309523515
2274.15006377697,-73.65452565049898,-73.65452565049898
2274.1600637769698,-73.65041710891221,-73.65041710891221
2274.17006377697,-73.64630579900432,-73.64630579900432
2274.1800637769697,-73.64219218412552,-73.64219218412552
2274.19006377697,-73.63807671985491,-73.63807671985491
2274.2000637769697,-73.63395985428458,-73.63395985428458
2274.21006377697,-73.62984202828572,-73.62984202828572
2274.2200637769697,-73.62572367570873,-73.62572367570873
2274.23006377697,-73.62160522358558,-73.62160522358558
2274.2400637769697,-73.61748709232208,-73.61748709232208
2274.25006377697,-73.61336969581895,-73.61336969581895
2274.26006377697,-73.6092534416499,-73.6092534416499
2274.27006377697,-73.60513873114486,-73.60513873114486
2274.28006377697,-73.60102595954154,-73.60102595954154
2274.29006377697,-73.59691551606878,-73.59691551606878
2274.30006377697,-73.59280778403226,-73.59280778403226
2274.31006377697,-73.58870314091023,-73.58870314091023
2274.32006377697,-73.5846019584247,-73.5846019584247
2274.33006377697,-73.5805046026338,-73.5805046026338
2274.34006377697,-73.57641143396468,-73.57641143396468
2274.35006377697,-73.57232280731758,-73.57232280731758
2274.36006377697,-73.56823907210128,-73.56823907210128
2274.37006377697,-73.56416057229816,-73.56416057229816
2274.38006377697,-73.560087646525,-73.560087646525
2274.39006377697,-73.55602062808084,-73.55602062808084
2274.40006377697,-73.55195984501022,-73.55195984501022
2274.4100637769698,-73.54790562014814,-73.54790562014814
2274.42006377697,-73.54385827116613,-73.54385827116613
2274.4300637769697,-73.53981811063802,-73.53981811063802
2274.44006377697,-73.53578544606765,-73.53578544606765
2274.4500637769697,-73.53176057995917,-73.53176057995917
2274.46006377697,-73.52774380985636,-73.52774380985636
2274.4700637769697,-73.52373542838907,-73.52373542838907
2274.48006377697,-73.51973572332138,-73.51973572332138
2274.4900637769697,-73.5157449776033,-73.5157449776033
2274.50006377697,-73.51176346941561,-73.51176346941561
2274.51006377697,-73.5077914722163,-73.5077914722163
2274.52006377697,-73.50382925479443,-73.50382925479443
2274.53006377697,-73.49987708129883,-73.49987708129883
2274.54006377697,-73.49593521131929,-73.49593521131929
2274.55006377697,-73.49200389990081,-73.49200389990081
2274.56006377697,-73.4880833976076,-73.4880833976076
2274.57006377697,-73.48417395057024,-73.48417395057024
2274.58006377697,-73.48027580052053,-73.48027580052053
2274.59006377697,-73.47638918485463,-73.47638918485463
2274.6000638008118,-73.4725143274343,-73.4725143274343
2274.610063800812,-73.46865147560368,-73.46865147560368
2274.6200638008117,-73.4648008447475,-73.4648008447475
2274.630063800812,-73.46096265535908,-73.46096265535908
2274.6400638008117,-73.45713712382495,-73.45713712382495
2274.650063800812,-73.45332446246245,-73.45332446246245
2274.6600638008117,-73.44952487958663,-73.44952487958663
2274.670063800812,-73.44573857953766,-73.44573857953766
2274.6800638008117,-73.44196576273154,-73.44196576273154
2274.690063800812,-73.4382066257178,-73.4382066257178
2274.7000638008117,-73.43446136121199,-73.43446136121199
2274.710063800812,-73.4307301581391,-73.4307301581391
2274.7200638008117,-73.42701320169671,-73.42701320169671
2274.730063800812,-73.42331067339121,-73.42331067339121
2274.7400638008116,-73.4196227510779,-73.4196227510779
2274.750063800812,-73.41594960901067,-73.41594960901067
2274.7600638008116,-73.41229141789194,-73.41229141789194
2274.770063800812,-73.40864834491033,-73.40864834491033
2274.7800638008116,-73.40502055378242,-73.40502055378242
2274.790063800812,-73.40140820480924,-73.40140820480924
2274.8000638008116,-73.39781145490562,-73.39781145490562
2274.810063800812,-73.39423045764686,-73.39423045764686
2274.8200638008116,-73.39066536334117,-73.39066536334117
2274.830063800812,-73.3871163190141,-73.3871163190141
2274.8400638008115,-73.38358346850221,-73.38358346850221
2274.8500638008118,-73.38006695248664,-73.38006695248664
2274.860063800812,-73.37656690851036,-73.37656690851036
2274.8700638008117,-73.37308347104121,-73.37308347104121
2274.880063800812,-73.36961677151128,-73.36961677151128
2274.8900638008117,-73.36616693834904,-73.36616693834904
2274.900063800812,-73.36273409702933,-73.36273409702933
2274.9100638008117,-73.3593183701061,-73.3593183701061
2274.920063800812,-73.35591987726667,-73.35591987726667
2274.9300638008117,-73.35253873534991,-73.35253873534991
2274.940063800812,-73.34917505840164,-73.34917505840164
2274.9500638008117,-73.34582895772081,-73.34582895772081
2274.960063800812,-73.3424941655704,-73.3424941655704
2274.9700638008117,-73.33916801017529,-73.33916801017529
2274.980063800812,-73.3358492522867,-73.3358492522867
2274.9900638008116,-73.33253731256332,-73.33253731256332
2275.000063800812,-73.3292319773623,-73.3292319773623
2275.0100638008116,-73.32593324628405,-73.32593324628405
2275.020063800812,-73.32264124288051,-73.32264124288051
2275.0300638008116,-73.31935616111187,-73.31935616111187
2275.040063800812,-73.31607823314657,-73.31607823314657
2275.0500638008116,-73.31280771012786,-73.31280771012786
2275.060063800812,-73.30954485072115,-73.30954485072115
2275.0700638008116,-73.30628991445032,-73.30628991445032
2275.080063800812,-73.30304315788887,-73.30304315788887
2275.0900638008115,-73.299804832593,-73.299804832593
2275.1000638008118,-73.29657518414503,-73.29657518414503
2275.110063800812,-73.29335445176808,-73.29335445176808
2275.1200638008117,-73.29014286833417,-73.29014286833417
2275.130063800812,-73.28694066056762,-73.28694066056762
2275.1400638008117,-73.28374804935294,-73.28374804935294
2275.150063800812,-73.28056525004689,-73.28056525004689
2275.1600638008117,-73.27739247285652,-73.27739247285652
2275.170063800812,-73.2742299231628,-73.2742299231628
2275.1800638008117,-73.27107780180424,-73.27107780180424
2275.190063800812,-73.26793630537028,-73.26793630537028
2275.2000638008117,-73.26480562645165,-73.26480562645165
2275.210063800812,-73.26167958437428,-73.26167958437428
2275.2200638008117,-73.25855558950781,-73.25855558950781
2275.230063800812,-73.25543248245758,-73.25543248245758
2275.2400638008116,-73.25230976245533,-73.25230976245533
2275.250063800812,-73.249187293511,-73.249187293511
2275.2600638008116,-73.24606515221603,-73.24606515221603
2275.270063800812,-73.24294353854461,-73.24294353854461
2275.2800638008116,-73.23982272240679,-73.23982272240679
2275.290063800812,-73.23670301153089,-73.23670301153089
2275.3000638008116,-73.23358473225225,-73.23358473225225
2275.310063800812,-73.23046821809106,-73.23046821809106
2275.3200638008116,-73.22735380309855,-73.22735380309855
2275.330063800812,-73.22424181803257,-73.22424181803257
2275.3400638008115,-73.22113258836085,-73.22113258836085
2275.3500638008118,-73.2180264332327,-73.2180264332327
2275.360063800812,-73.21492366512774,-73.21492366512774
2275.3700638008117,-73.2118245898538,-73.2118245898538
2275.380063800812,-73.20872950671583,-73.20872950671583
2275.3900638008117,-73.20563870885046,-73.20563870885046
2275.400063800812,-73.20255248351309,-73.20255248351309
2275.4100638008117,-73.19947111244076,-73.19947111244076
2275.420063800812,-73.19639487214882,-73.19639487214882
2275.4300638008117,-73.19332403423965,-73.19332403423965
2275.440063800812,-73.19025886565078,-73.19025886565078
2275.4500638246536,-73.18719962162102,-73.18719962162102
2275.460063824654,-73.18414021245287,-73.18414021245287
2275.4700638246536,-73.18107811334971,-73.18107811334971
2275.480063824654,-73.1780122351705,-73.1780122351705
2275.4900638246536,-73.17494214631236,-73.17494214631236
2275.500063824654,-73.17186777919797,-73.17186777919797
2275.5100638246536,-73.16878927815705,-73.16878927815705
2275.520063824654,-73.16570691033134,-73.16570691033134
2275.5300638246536,-73.16262101223963,-73.16262101223963
2275.5400638246538,-73.1595319576749,-73.1595319576749
2275.5500638246535,-73.15644013849412,-73.15644013849412
2275.5600638246538,-73.15334595318215,-73.15334595318215
2275.5700638246535,-73.15024980021693,-73.15024980021693
2275.5800638246537,-73.14715207423194,-73.14715207423194
2275.5900638246535,-73.14405316399655,-73.14405316399655
2275.6000638246537,-73.14095345140406,-73.14095345140406
2275.6100638246535,-73.13785331109001,-73.13785331109001
2275.6200638246537,-73.13475311044262,-73.13475311044262
2275.6300638246535,-73.13165320977899,-73.13165320977899
2275.6400638246537,-73.1285539626288,-73.1285539626288
2275.6500638246534,-73.12545571606387,-73.12545571606387
2275.6600638246537,-73.1223588110251,-73.1223588110251
2275.6700638246534,-73.11926358264967,-73.11926358264967
2275.6800638246536,-73.11617036054102,-73.11617036054102
2275.6900638246534,-73.11307946903608,-73.11307946903608
2275.7000638246536,-73.10999122745346,-73.10999122745346
2275.710063824654,-73.10690595026213,-73.10690595026213
2275.7200638246536,-73.10382394729854,-73.10382394729854
2275.730063824654,-73.10074552387492,-73.10074552387492
2275.7400638246536,-73.09767098095932,-73.09767098095932
2275.750063824654,-73.09460061522695,-73.09460061522695
2275.7600638246536,-73.09153471921806,-73.09153471921806
2275.770063824654,-73.08847358136481,-73.08847358136481
2275.7800638246536,-73.08541748611898,-73.08541748611898
2275.7900638246538,-73.08236671395757,-73.08236671395757
2275.8000638246535,-73.07932154147886,-73.07932154147886
2275.8100638246538,-73.07628224143252,-73.07628224143252
2275.8200638246535,-73.0732490827593,-73.0732490827593
2275.8300638246537,-73.07022233061964,-73.07022233061964
2275.8400638246535,-73.06720224644364,-73.06720224644364
2275.8500638246537,-73.0641890879602,-73.0641890879602
2275.8600638246535,-73.06118310919359,-73.06118310919359
2275.8700638246537,-73.05818456052636,-73.05818456052636
2275.8800638246535,-73.05519368870407,-73.05519368870407
2275.8900638246537,-73.05221073684919,-73.05221073684919
2275.9000638246534,-73.04923594450116,-73.04923594450116
2275.9100638246537,-73.04626954763742,-73.04626954763742
2275.9200638246534,-73.04331177866902,-73.04331177866902
2275.9300638246536,-73.04036286647414,-73.04036286647414
2275.9400638246534,-73.03742303644377,-73.03742303644377
2275.9500638246536,-73.0344925104459,-73.0344925104459
2275.960063824654,-73.03157150690825,-73.03157150690825
2275.9700638246536,-73.02866024079762,-73.02866024079762
2275.980063824654,-73.02575892364742,-73.02575892364742
2275.9900638246536,-73.02286776358768,-73.02286776358768
2276.000063824654,-73.01998696536096,-73.01998696536096
2276.0100638246536,-73.01711673035486,-73.01711673035486
2276.020063824654,-73.01425725660522,-73.01425725660522
2276.0300638246536,-73.01140873883404,-73.01140873883404
2276.0400638246538,-73.00857136846703,-73.00857136846703
2276.0500638246535,-73.00574533366516,-73.00574533366516
2276.0600638246538,-73.00293081933805,-73.00293081933805
2276.0700638246535,-73.00012800717107,-73.00012800717107
2276.0800638246537,-72.99733707565593,-72.99733707565593
2276.0900638246535,-72.994558200117,-72.994558200117
2276.1000638246537,-72.9917915527288,-72.9917915527288
2276.1100638246535,-72.98903730254857,-72.98903730254857
2276.1200638246537,-72.98629561553852,-72.98629561553852
2276.1300638246535,-72.98356665461186,-72.98356665461186
2276.1400638246537,-72.98085057962481,-72.98085057962481
2276.1500638246534,-72.97814754743656,-72.97814754743656
2276.1600638246537,-72.97545771191542,-72.97545771191542
2276.1700638246534,-72.97278122398926,-72.97278122398926
2276.1800638246536,-72.9701182316544,-72.9701182316544
2276.1900638246534,-72.9674688799976,-72.9674688799976
2276.2000638246536,-72.96483331126437,-72.96483331126437
2276.210063824654,-72.9622053209057,-72.9622053209057
2276.2200638246536,-72.95958228132444,-72.95958228132444
2276.230063824654,-72.9569629903174,-72.9569629903174
2276.2400638246536,-72.95434690257764,-72.95434690257764
2276.250063824654,-72.95173383690177,-72.95173383690177
2276.2600638246536,-72.94912382438706,-72.94912382438706
2276.270063824654,-72.94651701942861,-72.94651701942861
2276.2800638246536,-72.94391364640664,-72.94391364640664
2276.2900638246538,-72.94131396756515,-72.94131396756515
2276.3000638484955,-72.9387182576278,-72.9387182576278
2276.3100638484957,-72.93612681715673,-72.93612681715673
2276.3200638484955,-72.93353992868859,-72.93353992868859
2276.3300638484957,-72.93095787776377,-72.93095787776377
2276.3400638484954,-72.92838094469059,-72.92838094469059
2276.3500638484957,-72.92580940349035,-72.92580940349035
2276.3600638484954,-72.92324352161096,-72.92324352161096
2276.3700638484956,-72.92068355987479,-72.92068355987479
2276.3800638484954,-72.91812977271186,-72.91812977271186
2276.3900638484956,-72.91558240843595,-72.91558240843595
2276.4000638484954,-72.9130417096068,-72.9130417096068
2276.4100638484956,-72.9105079133575,-72.9105079133575
2276.4200638484954,-72.90798125173811,-72.90798125173811
2276.4300638484956,-72.90546195200989,-72.90546195200989
2276.4400638484954,-72.90295023693027,-72.90295023693027
2276.4500638484956,-72.90044632500538,-72.90044632500538
2276.4600638484953,-72.89795043069509,-72.89795043069509
2276.4700638484956,-72.89546276459663,-72.89546276459663
2276.4800638484953,-72.89298353362629,-72.89298353362629
2276.4900638484955,-72.89051294116548,-72.89051294116548
2276.5000638484953,-72.88805118715771,-72.88805118715771
2276.5100638484955,-72.88559846825306,-72.88559846825306
2276.5200638484953,-72.88315497787268,-72.88315497787268
2276.5300638484955,-72.8807209063108,-72.8807209063108
2276.5400638484953,-72.87829644080179,-72.87829644080179
2276.5500638484955,-72.87588176556055,-72.87588176556055
2276.5600638484957,-72.87347706186807,-72.87347706186807
2276.5700638484955,-72.87108250810964,-72.87108250810964
2276.5800638484957,-72.8686982798067,-72.8686982798067
2276.5900638484954,-72.86632454966097,-72.86632454966097
2276.6000638484957,-72.86396148759539,-72.86396148759539
2276.6100638484954,-72.86160926078927,-72.86160926078927
2276.6200638484956,-72.85926803368572,-72.85926803368572
2276.6300638484954,-72.8569379680456,-72.8569379680456
2276.6400638484956,-72.85461922294147,-72.85461922294147
2276.6500638484954,-72.85231195481535,-72.85231195481535
2276.6600638484956,-72.85001631746658,-72.85001631746658
2276.6700638484954,-72.84773246209718,-72.84773246209718
2276.6800638484956,-72.84546053733949,-72.84546053733949
2276.6900638484954,-72.84320068924252,-72.84320068924252
2276.7000638484956,-72.84095306131606,-72.84095306131606
2276.7100638484953,-72.83871779455411,-72.83871779455411
2276.7200638484956,-72.83649502743081,-72.83649502743081
2276.7300638484953,-72.83428489595131,-72.83428489595131
2276.7400638484955,-72.83208753363367,-72.83208753363367
2276.7500638484953,-72.82990307156786,-72.82990307156786
2276.7600638484955,-72.82773163840261,-72.82773163840261
2276.7700638484953,-72.82557336036456,-72.82557336036456
2276.7800638484955,-72.82342836131394,-72.82342836131394
2276.7900638484953,-72.82129676271727,-72.82129676271727
2276.8000638484955,-72.81917868370478,-72.81917868370478
2276.8100638484957,-72.81707424105919,-72.81707424105919
2276.8200638484955,-72.81498354926137,-72.81498354926137
2276.8300638484957,-72.81290672048762,-72.81290672048762
2276.8400638484954,-72.81084386464804,-72.81084386464804
2276.8500638484957,-72.80879508939684,-72.80879508939684
2276.8600638484954,-72.80676050016447,-72.80676050016447
2276.8700638484956,-72.80474020015605,-72.80474020015605
2276.8800638484954,-72.80273429040165,-72.80273429040165
2276.8900638484956,-72.80074286974059,-72.80074286974059
2276.9000638484954,-72.79876603487648,-72.79876603487648
2276.9100638484956,-72.79680388038084,-72.79680388038084
2276.9200638484954,-72.7948564987208,-72.7948564987208
2276.9300638484956,-72.79292398027421,-72.79292398027421
2276.9400638484954,-72.79100641335344,-72.79100641335344
2276.9500638484956,-72.78910388423053,-72.78910388423053
2276.9600638484953,-72.78721647716051,-72.78721647716051
2276.9700638484956,-72.78534427438889,-72.78534427438889
2276.9800638484953,-72.78348735619106,-72.78348735619106
2276.9900638484955,-72.78164580088524,-72.78164580088524
2277.0000638484953,-72.77981968486151,-72.77981968486151
2277.0100638484955,-72.77800908257376,-72.77800908257376
2277.0200638484953,-72.7762140666084,-72.7762140666084
2277.0300638484955,-72.77443470767813,-72.77443470767813
2277.0400638484953,-72.77267107464306,-72.77267107464306
2277.0500638484955,-72.77092323453401,-72.77092323453401
2277.0600638484957,-72.76919125259413,-72.76919125259413
2277.0700638484955,-72.7674751922645,-72.7674751922645
2277.0800638484957,-72.76577511523698,-72.76577511523698
2277.0900638484954,-72.76409108146446,-72.76409108146446
2277.1000638484957,-72.76242314917337,-72.76242314917337
2277.1100638484954,-72.76077137490313,-72.76077137490313
2277.1200638484956,-72.7591358135044,-72.7591358135044
2277.1300638484954,-72.75751651819077,-72.75751651819077
2277.1400638484956,-72.75591354053233,-72.75591354053233
2277.1500638723373,-72.75432692671636,-72.75432692671636
2277.1600638723376,-72.75275673272864,-72.75275673272864
2277.1700638723373,-72.75120300151241,-72.75120300151241
2277.1800638723375,-72.74966577832437,-72.74966577832437
2277.1900638723373,-72.74814510689097,-72.74814510689097
2277.2000638723375,-72.7466410294266,-72.7466410294266
2277.2100638723373,-72.74515358664787,-72.74515358664787
2277.2200638723375,-72.7436828178169,-72.7436828178169
2277.2300638723373,-72.74222876074312,-72.74222876074312
2277.2400638723375,-72.74079145179428,-72.74079145179428
2277.2500638723373,-72.73937092594302,-72.73937092594302
2277.2600638723375,-72.73796721677222,-72.73796721677222
2277.2700638723372,-72.73658035648623,-72.73658035648623
2277.2800638723375,-72.73521037594807,-72.73521037594807
2277.290063872337,-72.73385730468821,-72.73385730468821
2277.3000638723374,-72.73252117090473,-72.73252117090473
2277.310063872337,-72.73120200152918,-72.73120200152918
2277.3200638723374,-72.72989982220147,-72.72989982220147
2277.330063872337,-72.72861465730806,-72.72861465730806
2277.3400638723374,-72.72734652999276,-72.72734652999276
2277.350063872337,-72.72609546218922,-72.72609546218922
2277.3600638723374,-72.72486147461751,-72.72486147461751
2277.370063872337,-72.72364458680863,-72.72364458680863
2277.3800638723374,-72.72244481713736,-72.72244481713736
2277.390063872337,-72.72126218282177,-72.72126218282177
2277.4000638723373,-72.72009669994641,-72.72009669994641
2277.4100638723376,-72.71894838347659,-72.71894838347659
2277.4200638723373,-72.71781724727735,-72.71781724727735
2277.4300638723375,-72.71670330414216,-72.71670330414216
2277.4400638723373,-72.71560656577891,-72.71560656577891
2277.4500638723375,-72.7145270428582,-72.7145270428582
2277.4600638723373,-72.71346474501156,-72.71346474501156
2277.4700638723375,-72.71241968084745,-72.71241968084745
2277.4800638723373,-72.71139185797654,-72.71139185797654
2277.4900638723375,-72.71038128302288,-72.71038128302288
2277.5000638723373,-72.7093879616426,-72.7093879616426
2277.5100638723375,-72.70841189850785,-72.70841189850785
2277.5200638723372,-72.7074530974001,-72.7074530974001
2277.5300638723375,-72.70651156111468,-72.70651156111468
2277.540063872337,-72.70558729158205,-72.70558729158205
2277.5500638723374,-72.70468028979442,-72.70468028979442
2277.560063872337,-72.70379055589338,-72.70379055589338
2277.5700638723374,-72.70291808912971,-72.70291808912971
2277.580063872337,-72.7020628879026,-72.7020628879026
2277.5900638723374,-72.70122494977848,-72.70122494977848
2277.600063872337,-72.70040427148507,-72.70040427148507
2277.6100638723374,-72.69960084894105,-72.69960084894105
2277.620063872337,-72.69881467725898,-72.69881467725898
2277.6300638723374,-72.69804575075447,-72.69804575075447
2277.640063872337,-72.69729406298292,-72.69729406298292
2277.6500638723373,-72.69655960672608,-72.69655960672608
2277.6600638723376,-72.69584237402448,-72.69584237402448
2277.6700638723373,-72.69514235616836,-72.69514235616836
2277.6800638723375,-72.6944595437255,-72.6944595437255
2277.6900638723373,-72.69379392655955,-72.69379392655955
2277.7000638723375,-72.69314549380681,-72.69314549380681
2277.7100638723373,-72.69251423394714,-72.69251423394714
2277.7200638723375,-72.69190013476248,-72.69190013476248
2277.7300638723373,-72.69130318336106,-72.69130318336106
2277.7400638723375,-72.69072336620847,-72.69072336620847
2277.7500638723373,-72.69016066912259,-72.69016066912259
2277.7600638723375,-72.6896150772827,-72.6896150772827
2277.7700638723372,-72.68908657524774,-72.68908657524774
2277.7800638723375,-72.68857514697234,-72.68857514697234
2277.790063872337,-72.68808077579541,-72.68808077579541
2277.8000638723374,-72.68760344447044,-72.68760344447044
2277.810063872337,-72.68714313517445,-72.68714313517445
2277.8200638723374,-72.6866998295092,-72.6866998295092
2277.830063872337,-72.68627350851065,-72.68627350851065
2277.8400638723374,-72.68586415268176,-72.68586415268176
2277.850063872337,-72.68547174197215,-72.68547174197215
2277.8600638723374,-72.68509625578793,-72.68509625578793
2277.870063872337,-72.68473767303027,-72.68473767303027
2277.8800638723374,-72.68439597208825,-72.68439597208825
2277.890063872337,-72.68407113084656,-72.68407113084656
2277.9000638723373,-72.68376312667745,-72.68376312667745
2277.9100638723376,-72.683471936486,-72.683471936486
2277.9200638723373,-72.68319753669634,-72.68319753669634
2277.9300638723375,-72.68293990326406,-72.68293990326406
2277.9400638723373,-72.68269901168584,-72.68269901168584
2277.9500638723375,-72.68247483700533,-72.68247483700533
2277.9600638723373,-72.68226735382713,-72.68226735382713
2277.9700638723375,-72.68207653631075,-72.68207653631075
2277.9800638723373,-72.6819023582098,-72.6819023582098
2277.9900638723375,-72.68174479282959,-72.68174479282959
2278.000063896179,-72.68160381277255,-72.68160381277255
2278.0100638961794,-72.6814793912675,-72.6814793912675
2278.020063896179,-72.6813715000095,-72.6813715000095
2278.0300638961794,-72.68128011074866,-72.68128011074866
2278.040063896179,-72.68120519482626,-72.68120519482626
2278.0500638961794,-72.68114672321839,-72.68114672321839
2278.060063896179,-72.68110466654203,-72.68110466654203
2278.0700638961794,-72.68107899504228,-72.68107899504228
2278.080063896179,-72.68106967861215,-72.68106967861215
2278.0900638961793,-72.68107668681903,-72.68107668681903
2278.100063896179,-72.68109998887044,-72.68109998887044
2278.1100638961793,-72.68113955364942,-72.68113955364942
2278.120063896179,-72.68119534973216,-72.68119534973216
2278.1300638961793,-72.68126734535267,-72.68126734535267
2278.140063896179,-72.68135550844177,-72.68135550844177
2278.1500638961793,-72.68145980663041,-72.68145980663041
2278.160063896179,-72.68158020724407,-72.68158020724407
2278.1700638961793,-72.68171667731973,-72.68171667731973
2278.180063896179,-72.68186918360666,-72.68186918360666
2278.1900638961793,-72.68203769256483,-72.68203769256483
2278.200063896179,-72.68222217039998,-72.68222217039998
2278.2100638961792,-72.6824225830302,-72.6824225830302
2278.220063896179,-72.68263889611774,-72.68263889611774
2278.230063896179,-72.68287107506671,-72.68287107506671
2278.240063896179,-72.68311908502858,-72.68311908502858
2278.250063896179,-72.68338289091001,-72.68338289091001
2278.2600638961794,-72.68366245736857,-72.68366245736857
2278.270063896179,-72.68395774883965,-72.68395774883965
2278.2800638961794,-72.68426872952028,-72.68426872952028
2278.290063896179,-72.68459536337632,-72.68459536337632
2278.3000638961794,-72.68493761416799,-72.68493761416799
2278.310063896179,-72.68529544541897,-72.68529544541897
2278.3200638961794,-72.68566882046072,-72.68566882046072
2278.330063896179,-72.68605770241753,-72.68605770241753
2278.3400638961793,-72.68646205420757,-72.68646205420757
2278.350063896179,-72.68688183854927,-72.68688183854927
2278.3600638961793,-72.68731701797061,-72.68731701797061
2278.370063896179,-72.68776755482602,-72.68776755482602
2278.3800638961793,-72.6882334112684,-72.6882334112684
2278.390063896179,-72.6887145492877,-72.6887145492877
2278.4000638961793,-72.68921093068654,-72.68921093068654
2278.410063896179,-72.68972251711598,-72.68972251711598
2278.4200638961793,-72.69024927004676,-72.69024927004676
2278.430063896179,-72.69079115079748,-72.69079115079748
2278.4400638961793,-72.69134812052634,-72.69134812052634
2278.450063896179,-72.69192014023866,-72.69192014023866
2278.4600638961792,-72.6925071707905,-72.6925071707905
2278.470063896179,-72.69310917289846,-72.69310917289846
2278.480063896179,-72.69372610713555,-72.69372610713555
2278.490063896179,-72.69435793393367,-72.69435793393367
2278.500063896179,-72.69500461359516,-72.69500461359516
2278.5100638961794,-72.69566610629214,-72.69566610629214
2278.520063896179,-72.69634237207168,-72.69634237207168
2278.5300638961794,-72.69703337086345,-72.69703337086345
2278.540063896179,-72.69773906246587,-72.69773906246587
2278.5500638961794,-72.69845940657713,-72.69845940657713
2278.560063896179,-72.69919436277586,-72.69919436277586
2278.5700638961794,-72.69994389052404,-72.69994389052404
2278.580063896179,-72.70070794920187,-72.70070794920187
2278.5900638961793,-72.70148649806468,-72.70148649806468
2278.600063896179,-72.70227949627515,-72.70227949627515
2278.6100638961793,-72.70308690291316,-72.70308690291316
2278.620063896179,-72.70390867695099,-72.70390867695099
2278.6300638961793,-72.70474477728399,-72.70474477728399
2278.640063896179,-72.70559516271331,-72.70559516271331
2278.6500638961793,-72.70645979195773,-72.70645979195773
2278.660063896179,-72.70733862365839,-72.70733862365839
2278.6700638961793,-72.70823161638349,-72.70823161638349
2278.680063896179,-72.70913872861884,-72.70913872861884
2278.6900638961793,-72.71005991878917,-72.71005991878917
2278.700063896179,-72.71099514524136,-72.71099514524136
2278.7100638961792,-72.71194436625461,-72.71194436625461
2278.720063896179,-72.71290754006179,-72.71290754006179
2278.730063896179,-72.71388462481706,-72.71388462481706
2278.740063896179,-72.71487557862368,-72.71487557862368
2278.750063896179,-72.71588035952527,-72.71588035952527
2278.7600638961794,-72.71689892552273,-72.71689892552273
2278.770063896179,-72.71793123457208,-72.71793123457208
2278.7800638961794,-72.71897724454985,-72.71897724454985
2278.790063896179,-72.72003691332522,-72.72003691332522
2278.8000638961794,-72.72111019869676,-72.72111019869676
2278.810063896179,-72.72219705844856,-72.72219705844856
2278.8200638961794,-72.72329745029853,-72.72329745029853
2278.830063896179,-72.72441133194579,-72.72441133194579
2278.8400638961793,-72.72553866106097,-72.72553866106097
2278.850063920021,-72.72667939798126,-72.72667939798126
2278.8600639200213,-72.72783349493353,-72.72783349493353
2278.870063920021,-72.72900091214464,-72.72900091214464
2278.8800639200213,-72.73018160716273,-72.73018160716273
2278.890063920021,-72.73137553752751,-72.73137553752751
2278.9000639200212,-72.73258266073407,-72.73258266073407
2278.910063920021,-72.73380293428554,-72.73380293428554
2278.920063920021,-72.73503631564097,-72.73503631564097
2278.930063920021,-72.73628276226587,-72.73628276226587
2278.940063920021,-72.73754223159713,-72.73754223159713
2278.950063920021,-72.73881468106572,-72.73881468106572
2278.960063920021,-72.74009373019595,-72.74009373019595
2278.970063920021,-72.74137656528924,-72.74137656528924
2278.980063920021,-72.74266179735703,-72.74266179735703
2278.990063920021,-72.74394869634376,-72.74394869634376
2279.000063920021,-72.74523689905605,-72.74523689905605
2279.010063920021,-72.74652625761762,-72.74652625761762
2279.020063920021,-72.7478167505764,-72.7478167505764
2279.030063920021,-72.74910842961411,-72.74910842961411
2279.040063920021,-72.75040138742519,-72.75040138742519
2279.050063920021,-72.75169573849,-72.75169573849
2279.060063920021,-72.75299160760983,-72.75299160760983
2279.070063920021,-72.75428912319855,-72.75428912319855
2279.080063920021,-72.75558841340789,-72.75558841340789
2279.090063920021,-72.75688960404503,-72.75688960404503
2279.100063920021,-72.75819281751423,-72.75819281751423
2279.1100639200213,-72.75949817241761,-72.75949817241761
2279.120063920021,-72.76080578349467,-72.76080578349467
2279.1300639200213,-72.7621157617728,-72.7621157617728
2279.140063920021,-72.76342821480567,-72.76342821480567
2279.1500639200212,-72.76474324699353,-72.76474324699353
2279.160063920021,-72.76606095986307,-72.76606095986307
2279.170063920021,-72.7673814523723,-72.7673814523723
2279.180063920021,-72.76870482115598,-72.76870482115598
2279.190063920021,-72.77003116076932,-72.77003116076932
2279.200063920021,-72.77136056390955,-72.77136056390955
2279.210063920021,-72.7726931215599,-72.7726931215599
2279.220063920021,-72.7740289231857,-72.7740289231857
2279.230063920021,-72.77536805682871,-72.77536805682871
2279.240063920021,-72.77671060924193,-72.77671060924193
2279.250063920021,-72.7780566659559,-72.7780566659559
2279.260063920021,-72.7794063113748,-72.7794063113748
2279.270063920021,-72.78075962882042,-72.78075962882042
2279.280063920021,-72.78211670060014,-72.78211670060014
2279.290063920021,-72.78347760802141,-72.78347760802141
2279.300063920021,-72.78484243145526,-72.78484243145526
2279.310063920021,-72.7862112503321,-72.7862112503321
2279.320063920021,-72.78758414317642,-72.78758414317642
2279.330063920021,-72.78896118761145,-72.78896118761145
2279.340063920021,-72.79034246037983,-72.79034246037983
2279.350063920021,-72.79172803733074,-72.79172803733074
2279.3600639200213,-72.7931179934458,-72.7931179934458
2279.370063920021,-72.79451240281709,-72.79451240281709
2279.3800639200213,-72.79591133867564,-72.79591133867564
2279.390063920021,-72.79731487336586,-72.79731487336586
2279.4000639200212,-72.79872307835817,-72.79872307835817
2279.410063920021,-72.80013602421676,-72.80013602421676
2279.420063920021,-72.80155378062683,-72.80155378062683
2279.430063920021,-72.80297641639221,-72.80297641639221
2279.440063920021,-72.80440399939054,-72.80440399939054
2279.450063920021,-72.80583659661197,-72.80583659661197
2279.460063920021,-72.80727427412917,-72.80727427412917
2279.470063920021,-72.8087170971115,-72.8087170971115
2279.480063920021,-72.81016512978455,-72.81016512978455
2279.490063920021,-72.81161843547761,-72.81161843547761
2279.500063920021,-72.81307707656627,-72.81307707656627
2279.510063920021,-72.81454111451897,-72.81454111451897
2279.520063920021,-72.81601060984205,-72.81601060984205
2279.530063920021,-72.81748562212469,-72.81748562212469
2279.540063920021,-72.81896621000031,-72.81896621000031
2279.550063920021,-72.82045243117075,-72.82045243117075
2279.560063920021,-72.82194434237726,-72.82194434237726
2279.570063920021,-72.82344199942922,-72.82344199942922
2279.580063920021,-72.82494545717996,-72.82494545717996
2279.590063920021,-72.8264547695381,-72.8264547695381
2279.600063920021,-72.82796998945554,-72.82796998945554
2279.6100639200213,-72.82949116895135,-72.82949116895135
2279.620063920021,-72.8310183590981,-72.8310183590981
2279.6300639200213,-72.83255160999902,-72.83255160999902
2279.640063920021,-72.83409097083876,-72.83409097083876
2279.6500639200212,-72.83563648985195,-72.83563648985195
2279.660063920021,-72.83718821433459,-72.83718821433459
2279.670063920021,-72.83874619063805,-72.83874619063805
2279.680063920021,-72.84031046419109,-72.84031046419109
2279.690063920021,-72.84188107949366,-72.84188107949366
2279.700063943863,-72.84345808386611,-72.84345808386611
2279.710063943863,-72.84504151247418,-72.84504151247418
2279.720063943863,-72.84663141077259,-72.84663141077259
2279.730063943863,-72.84822781957847,-72.84822781957847
2279.740063943863,-72.84983077881373,-72.84983077881373
2279.750063943863,-72.8514403274795,-72.8514403274795
2279.760063943863,-72.85305650368991,-72.85305650368991
2279.770063943863,-72.85467934467012,-72.85467934467012
2279.780063943863,-72.8563088867567,-72.8563088867567
2279.790063943863,-72.8579451654068,-72.8579451654068
2279.800063943863,-72.85958821520803,-72.85958821520803
2279.810063943863,-72.86123806987814,-72.86123806987814
2279.820063943863,-72.8628947622728,-72.8628947622728
2279.830063943863,-72.86455832441547,-72.86455832441547
2279.840063943863,-72.8662287874633,-72.8662287874633
2279.850063943863,-72.86790618175064,-72.86790618175064
2279.8600639438628,-72.86959053676766,-72.86959053676766
2279.870063943863,-72.87128188118878,-72.87128188118878
2279.8800639438628,-72.87298024288096,-72.87298024288096
2279.890063943863,-72.87468564888971,-72.87468564888971
2279.9000639438627,-72.87639812546684,-72.87639812546684
2279.910063943863,-72.87811769807871,-72.87811769807871
2279.9200639438627,-72.87984439139358,-72.87984439139358
2279.930063943863,-72.881578229319,-72.881578229319
2279.9400639438627,-72.88331923498743,-72.88331923498743
2279.950063943863,-72.88506743076923,-72.88506743076923
2279.960063943863,-72.88682283830083,-72.88682283830083
2279.970063943863,-72.88858547844072,-72.88858547844072
2279.980063943863,-72.89035537135068,-72.89035537135068
2279.990063943863,-72.89213253644236,-72.89213253644236
2280.000063943863,-72.89391699241007,-72.89391699241007
2280.010063943863,-72.89570875725663,-72.89570875725663
2280.020063943863,-72.89750784826147,-72.89750784826147
2280.030063943863,-72.89931428202347,-72.89931428202347
2280.040063943863,-72.90112807445276,-72.90112807445276
2280.050063943863,-72.90294924077831,-72.90294924077831
2280.060063943863,-72.90477779556998,-72.90477779556998
2280.070063943863,-72.90661375274092,-72.90661375274092
2280.080063943863,-72.90845712553565,-72.90845712553565
2280.090063943863,-72.91030792657698,-72.91030792657698
2280.100063943863,-72.9121661678338,-72.9121661678338
2280.1100639438628,-72.91403186065179,-72.91403186065179
2280.120063943863,-72.91590501577525,-72.91590501577525
2280.1300639438628,-72.91778564331771,-72.91778564331771
2280.140063943863,-72.91967375280136,-72.91967375280136
2280.1500639438627,-72.92156935314839,-72.92156935314839
2280.160063943863,-72.92347245270709,-72.92347245270709
2280.1700639438627,-72.92538305923523,-72.92538305923523
2280.180063943863,-72.92730117992244,-72.92730117992244
2280.1900639438627,-72.92922682139879,-72.92922682139879
2280.200063943863,-72.93115998975061,-72.93115998975061
2280.210063943863,-72.93310069049825,-72.93310069049825
2280.220063943863,-72.93504892864101,-72.93504892864101
2280.230063943863,-72.93700470862656,-72.93700470862656
2280.240063943863,-72.93896803440784,-72.93896803440784
2280.250063943863,-72.94093890940658,-72.94093890940658
2280.260063943863,-72.94291733652909,-72.94291733652909
2280.270063943863,-72.9449033181887,-72.9449033181887
2280.280063943863,-72.94689685632281,-72.94689685632281
2280.290063943863,-72.94889795235241,-72.94889795235241
2280.300063943863,-72.95090660723669,-72.95090660723669
2280.310063943863,-72.95292282146868,-72.95292282146868
2280.320063943863,-72.95494659507136,-72.95494659507136
2280.330063943863,-72.95697792760907,-72.95697792760907
2280.340063943863,-72.95901681819787,-72.95901681819787
2280.350063943863,-72.96106326550982,-72.96106326550982
2280.3600639438628,-72.96311726778724,-72.96311726778724
2280.370063943863,-72.965178822832,-72.965178822832
2280.3800639438628,-72.96724792803354,-72.96724792803354
2280.390063943863,-72.9693245803655,-72.9693245803655
2280.4000639438627,-72.97140877638759,-72.97140877638759
2280.410063943863,-72.97350051225716,-72.97350051225716
2280.4200639438627,-72.97559978373557,-72.97559978373557
2280.430063943863,-72.97770658620425,-72.97770658620425
2280.4400639438627,-72.97982091465441,-72.97982091465441
2280.450063943863,-72.98194276369357,-72.98194276369357
2280.460063943863,-72.984065764309,-72.984065764309
2280.470063943863,-72.98618712483392,-72.98618712483392
2280.480063943863,-72.988305482863,-72.988305482863
2280.490063943863,-72.9904201370732,-72.9904201370732
2280.500063943863,-72.99253075422266,-72.99253075422266
2280.510063943863,-72.99463721704342,-72.99463721704342
2280.520063943863,-72.99673953508488,-72.99673953508488
2280.530063943863,-72.99883779123692,-72.99883779123692
2280.540063943863,-73.0009321094895,-73.0009321094895
2280.550063967705,-73.00302264061975,-73.00302264061975
2280.560063967705,-73.0051095307657,-73.0051095307657
2280.5700639677048,-73.00719294455496,-73.00719294455496
2280.580063967705,-73.00927304130359,-73.00927304130359
2280.5900639677047,-73.01134997788489,-73.01134997788489
2280.600063967705,-73.01342390764964,-73.01342390764964
2280.6100639677047,-73.01549498001691,-73.01549498001691
2280.620063967705,-73.01756334039756,-73.01756334039756
2280.6300639677047,-73.01962913034734,-73.01962913034734
2280.640063967705,-73.02169248780689,-73.02169248780689
2280.6500639677047,-73.02375354739503,-73.02375354739503
2280.660063967705,-73.0258124406937,-73.0258124406937
2280.6700639677047,-73.02786929653313,-73.02786929653313
2280.680063967705,-73.02992424124763,-73.02992424124763
2280.6900639677046,-73.0319773989257,-73.0319773989257
2280.700063967705,-73.03402889159631,-73.03402889159631
2280.7100639677046,-73.03607883941432,-73.03607883941432
2280.720063967705,-73.03812736079074,-73.03812736079074
2280.7300639677046,-73.0401745725595,-73.0401745725595
2280.740063967705,-73.0422205900427,-73.0422205900427
2280.7500639677046,-73.04426552717369,-73.04426552717369
2280.760063967705,-73.04630949654229,-73.04630949654229
2280.7700639677046,-73.04835260948306,-73.04835260948306
2280.780063967705,-73.05039497609447,-73.05039497609447
2280.7900639677046,-73.05243670530022,-73.05243670530022
2280.800063967705,-73.05447790486983,-73.05447790486983
2280.810063967705,-73.05651868144994,-73.05651868144994
2280.8200639677048,-73.05855914058493,-73.05855914058493
2280.830063967705,-73.06059938670501,-73.06059938670501
2280.8400639677047,-73.06263952317892,-73.06263952317892
2280.850063967705,-73.06467965228018,-73.06467965228018
2280.8600639677047,-73.06671987522617,-73.06671987522617
2280.870063967705,-73.06876029213538,-73.06876029213538
2280.8800639677047,-73.07080100207614,-73.07080100207614
2280.890063967705,-73.07284210303943,-73.07284210303943
2280.9000639677047,-73.07488369194913,-73.07488369194913
2280.910063967705,-73.07692586463176,-73.07692586463176
2280.9200639677047,-73.0789687158416,-73.0789687158416
2280.930063967705,-73.08101233924411,-73.08101233924411
2280.9400639677046,-73.08305682742827,-73.08305682742827
2280.950063967705,-73.08510227187098,-73.08510227187098
2280.9600639677046,-73.08714876297334,-73.08714876297334
2280.970063967705,-73.08919639001526,-73.08919639001526
2280.9800639677046,-73.0912452411836,-73.0912452411836
2280.990063967705,-73.09329540354938,-73.09329540354938
2281.0000639677046,-73.09534696308198,-73.09534696308198
2281.010063967705,-73.09740000463748,-73.09740000463748
2281.0200639677046,-73.09945461195468,-73.09945461195468
2281.030063967705,-73.1015108676464,-73.1015108676464
2281.0400639677046,-73.10356885321316,-73.10356885321316
2281.050063967705,-73.10562864902735,-73.10562864902735
2281.060063967705,-73.10769033435852,-73.10769033435852
2281.0700639677048,-73.1097539873571,-73.1097539873571
2281.080063967705,-73.11181968503345,-73.11181968503345
2281.0900639677047,-73.11388750329225,-73.11388750329225
2281.100063967705,-73.11595751691885,-73.11595751691885
2281.1100639677047,-73.11802979958227,-73.11802979958227
2281.120063967705,-73.12010442384354,-73.12010442384354
2281.1300639677047,-73.12218146114292,-73.12218146114292
2281.140063967705,-73.12426098181771,-73.12426098181771
2281.1500639677047,-73.12634305511308,-73.12634305511308
2281.160063967705,-73.128427749157,-73.128427749157
2281.1700639677047,-73.13051513099383,-73.13051513099383
2281.180063967705,-73.13260526655822,-73.13260526655822
2281.1900639677046,-73.13469822072423,-73.13469822072423
2281.200063967705,-73.13679405725759,-73.13679405725759
2281.2100639677046,-73.13889283887696,-73.13889283887696
2281.220063967705,-73.14099462719787,-73.14099462719787
2281.2300639677046,-73.14309948279548,-73.14309948279548
2281.240063967705,-73.1452074651828,-73.1452074651828
2281.2500639677046,-73.14731863281348,-73.14731863281348
2281.260063967705,-73.1494330431128,-73.1494330431128
2281.2700639677046,-73.15155075245468,-73.15155075245468
2281.280063967705,-73.15367181618228,-73.15367181618228
2281.2900639677046,-73.15579628862645,-73.15579628862645
2281.300063967705,-73.15792422309974,-73.15792422309974
2281.310063967705,-73.16005567191046,-73.16005567191046
2281.3200639677048,-73.16219068635112,-73.16219068635112
2281.330063967705,-73.16432931674963,-73.16432931674963
2281.3400639677047,-73.1664716124421,-73.1664716124421
2281.350063967705,-73.16861762177963,-73.16861762177963
2281.3600639677047,-73.17076739216118,-73.17076739216118
2281.370063967705,-73.17292097002462,-73.17292097002462
2281.3800639677047,-73.17507840086745,-73.17507840086745
2281.390063967705,-73.17723972923964,-73.17723972923964
2281.4000639915466,-73.179405003918,-73.179405003918
2281.410063991547,-73.18157425731704,-73.18157425731704
2281.4200639915466,-73.1837475363625,-73.1837475363625
2281.430063991547,-73.18592488193805,-73.18592488193805
2281.4400639915466,-73.18810633405056,-73.18810633405056
2281.450063991547,-73.19029193180818,-73.19029193180818
2281.4600639915466,-73.19247533092367,-73.19247533092367
2281.470063991547,-73.19465377378961,-73.19465377378961
2281.4800639915466,-73.19682593570325,-73.19682593570325
2281.490063991547,-73.19899115455829,-73.19899115455829
2281.5000639915465,-73.20114913700259,-73.20114913700259
2281.5100639915468,-73.20329980590834,-73.20329980590834
2281.5200639915465,-73.20544321096848,-73.20544321096848
2281.5300639915467,-73.20757947501559,-73.20757947501559
2281.5400639915465,-73.20970876175396,-73.20970876175396
2281.5500639915467,-73.2118312563719,-73.2118312563719
2281.5600639915465,-73.21394715401789,-73.21394715401789
2281.5700639915467,-73.21605665301601,-73.21605665301601
2281.5800639915465,-73.21815995097332,-73.21815995097332
2281.5900639915467,-73.22025724265261,-73.22025724265261
2281.6000639915464,-73.2223487189268,-73.2223487189268
2281.6100639915467,-73.22443456631399,-73.22443456631399
2281.6200639915464,-73.22651496694408,-73.22651496694408
2281.6300639915466,-73.22859009868344,-73.22859009868344
2281.6400639915464,-73.23066013539442,-73.23066013539442
2281.6500639915466,-73.23272524719908,-73.23272524719908
2281.660063991547,-73.234785600805,-73.234785600805
2281.6700639915466,-73.23684135976819,-73.23684135976819
2281.680063991547,-73.23889268476051,-73.23889268476051
2281.6900639915466,-73.24093973380954,-73.24093973380954
2281.700063991547,-73.2429826625025,-73.2429826625025
2281.7100639915466,-73.24502162415155,-73.24502162415155
2281.720063991547,-73.24705676996419,-73.24705676996419
2281.7300639915466,-73.24908824917573,-73.24908824917573
2281.740063991547,-73.25111620914036,-73.25111620914036
2281.7500639915465,-73.25314079542561,-73.25314079542561
2281.7600639915468,-73.25516215191654,-73.25516215191654
2281.7700639915465,-73.25718042083423,-73.25718042083423
2281.7800639915467,-73.25919574283354,-73.25919574283354
2281.7900639915465,-73.26120825701041,-73.26120825701041
2281.8000639915467,-73.2632181009453,-73.2632181009453
2281.8100639915465,-73.26522541075677,-73.26522541075677
2281.8200639915467,-73.26723032106614,-73.26723032106614
2281.8300639915465,-73.26923296508386,-73.26923296508386
2281.8400639915467,-73.27123347456238,-73.27123347456238
2281.8500639915464,-73.27323197984134,-73.27323197984134
2281.8600639915467,-73.27522860984449,-73.27522860984449
2281.8700639915464,-73.27722349208418,-73.27722349208418
2281.8800639915466,-73.27921675266265,-73.27921675266265
2281.8900639915464,-73.28120851629046,-73.28120851629046
2281.9000639915466,-73.28319890625377,-73.28319890625377
2281.910063991547,-73.28518804444892,-73.28518804444892
2281.9200639915466,-73.28717605136698,-73.28717605136698
2281.930063991547,-73.28916304608619,-73.28916304608619
2281.9400639915466,-73.29114914629618,-73.29114914629618
2281.950063991547,-73.29313446827021,-73.29313446827021
2281.9600639915466,-73.29511912687853,-73.29511912687853
2281.970063991547,-73.29710323559223,-73.29710323559223
2281.9800639915466,-73.29908690647235,-73.29908690647235
2281.990063991547,-73.30107025015317,-73.30107025015317
2282.0000639915465,-73.30305337590106,-73.30305337590106
2282.0100639915468,-73.30503639154801,-73.30503639154801
2282.0200639915465,-73.30701940353688,-73.30701940353688
2282.0300639915467,-73.30900251689349,-73.30900251689349
2282.0400639915465,-73.31098583526229,-73.31098583526229
2282.0500639915467,-73.31296946087112,-73.31296946087112
2282.0600639915465,-73.31495349456254,-73.31495349456254
2282.0700639915467,-73.31693803578463,-73.31693803578463
2282.0800639915465,-73.31892318260023,-73.31892318260023
2282.0900639915467,-73.32090903167497,-73.32090903167497
2282.1000639915464,-73.32289567831006,-73.32289567831006
2282.1100639915467,-73.3248832164219,-73.3248832164219
2282.1200639915464,-73.32687173856037,-73.32687173856037
2282.1300639915466,-73.32886133590891,-73.32886133590891
2282.1400639915464,-73.33085209829481,-73.33085209829481
2282.1500639915466,-73.33284411420219,-73.33284411420219
2282.160063991547,-73.33483747075601,-73.33483747075601
2282.1700639915466,-73.33683225374256,-73.33683225374256
2282.180063991547,-73.33882854763448,-73.33882854763448
2282.1900639915466,-73.34082643556788,-73.34082643556788
2282.200063991547,-73.34282599936991,-73.34282599936991
2282.2100639915466,-73.34482092371287,-73.34482092371287
2282.220063991547,-73.34680848693795,-73.34680848693795
2282.2300639915466,-73.34878740284967,-73.34878740284967
2282.240063991547,-73.35075704887942,-73.35075704887942
2282.2500640153885,-73.35271717627508,-73.35271717627508
2282.2600640153887,-73.35466773853,-73.35466773853
2282.2700640153885,-73.35660882990948,-73.35660882990948
2282.2800640153887,-73.35854061286612,-73.35854061286612
2282.2900640153885,-73.3604632903891,-73.3604632903891
2282.3000640153887,-73.36237708661268,-73.36237708661268
2282.3100640153884,-73.3642822352268,-73.3642822352268
2282.3200640153887,-73.36617897268873,-73.36617897268873
2282.3300640153884,-73.3680675343343,-73.3680675343343
2282.3400640153886,-73.36994815224058,-73.36994815224058
2282.3500640153884,-73.37182105414662,-73.37182105414662
2282.3600640153886,-73.37368646304046,-73.37368646304046
2282.3700640153884,-73.37554459709202,-73.37554459709202
2282.3800640153886,-73.37739566977395,-73.37739566977395
2282.3900640153884,-73.37923989014583,-73.37923989014583
2282.4000640153886,-73.38107746311503,-73.38107746311503
2282.4100640153883,-73.3829085897408,-73.3829085897408
2282.4200640153886,-73.3847334675289,-73.3847334675289
2282.4300640153883,-73.38655229069336,-73.38655229069336
2282.4400640153885,-73.3883652503785,-73.3883652503785
2282.4500640153883,-73.39017253489936,-73.39017253489936
2282.4600640153885,-73.39197432988264,-73.39197432988264
2282.4700640153883,-73.39377081845949,-73.39377081845949
2282.4800640153885,-73.39556218136455,-73.39556218136455
2282.4900640153883,-73.39734859708204,-73.39734859708204
2282.5000640153885,-73.3991302419145,-73.3991302419145
2282.5100640153887,-73.40090729006775,-73.40090729006775
2282.5200640153885,-73.402679913735,-73.402679913735
2282.5300640153887,-73.40444828311546,-73.40444828311546
2282.5400640153885,-73.40621256650348,-73.40621256650348
2282.5500640153887,-73.40797293028854,-73.40797293028854
2282.5600640153884,-73.4097295390042,-73.4097295390042
2282.5700640153887,-73.41148255535741,-73.41148255535741
2282.5800640153884,-73.41323214023036,-73.41323214023036
2282.5900640153886,-73.41497845271012,-73.41497845271012
2282.6000640153884,-73.4167216500987,-73.4167216500987
2282.6100640153886,-73.41846188792627,-73.41846188792627
2282.6200640153884,-73.42019931995054,-73.42019931995054
2282.6300640153886,-73.42193409817884,-73.42193409817884
2282.6400640153884,-73.42366637285224,-73.42366637285224
2282.6500640153886,-73.42539629247482,-73.42539629247482
2282.6600640153883,-73.42712400380093,-73.42712400380093
2282.6700640153886,-73.42884965183993,-73.42884965183993
2282.6800640153883,-73.43057337985971,-73.43057337985971
2282.6900640153885,-73.43229532939573,-73.43229532939573
2282.7000640153883,-73.43401564025011,-73.43401564025011
2282.7100640153885,-73.43573445049618,-73.43573445049618
2282.7200640153883,-73.43745189647237,-73.43745189647237
2282.7300640153885,-73.43916811279941,-73.43916811279941
2282.7400640153883,-73.4408832323715,-73.4408832323715
2282.7500640153885,-73.44259738636627,-73.44259738636627
2282.7600640153887,-73.44431070425433,-73.44431070425433
2282.7700640153885,-73.44602331379004,-73.44602331379004
2282.7800640153887,-73.44773534102903,-73.44773534102903
2282.7900640153885,-73.44944691031434,-73.44944691031434
2282.8000640153887,-73.45115814432033,-73.45115814432033
2282.8100640153884,-73.4528691640165,-73.4528691640165
2282.8200640153887,-73.45458008869608,-73.45458008869608
2282.8300640153884,-73.4562910359829,-73.4562910359829
2282.8400640153886,-73.458002121838,-73.458002121838
2282.8500640153884,-73.45971346055109,-73.45971346055109
2282.8600640153886,-73.46142516477227,-73.46142516477227
2282.8700640153884,-73.46313734550091,-73.46313734550091
2282.8800640153886,-73.46485011212567,-73.46485011212567
2282.8900640153884,-73.46656357238682,-73.46656357238682
2282.9000640153886,-73.46827783242901,-73.46827783242901
2282.9100640153883,-73.46999299678617,-73.46999299678617
2282.9200640153886,-73.47170916840173,-73.47170916840173
2282.9300640153883,-73.47342644863782,-73.47342644863782
2282.9400640153885,-73.47514493727863,-73.47514493727863
2282.9500640153883,-73.47686473255588,-73.47686473255588
2282.9600640153885,-73.47857952399725,-73.47857952399725
2282.9700640153883,-73.48020490505043,-73.48020490505043
2282.9800640153885,-73.4817074522486,-73.4817074522486
2282.9900640153883,-73.48307143651405,-73.48307143651405
2283.0000640153885,-73.48428859998383,-73.48428859998383
2283.0100640153887,-73.48535493906923,-73.48535493906923
2283.0200640153885,-73.48626920269295,-73.48626920269295
2283.0300640153887,-73.4870319751397,-73.4870319751397
2283.0400640153885,-73.48764505951415,-73.48764505951415
2283.0500640153887,-73.48811105311607,-73.48811105311607
2283.0600640153884,-73.4884330540984,-73.4884330540984
2283.0700640153887,-73.4886144593779,-73.4886144593779
2283.0800640153884,-73.48865882619077,-73.48865882619077
2283.0900640153886,-73.48856977799433,-73.48856977799433
2283.1000640392303,-73.48835094075466,-73.48835094075466
2283.1100640392306,-73.48800590281918,-73.48800590281918
2283.1200640392303,-73.48753818644211,-73.48753818644211
2283.1300640392305,-73.4869512316341,-73.4869512316341
2283.1400640392303,-73.48624838677814,-73.48624838677814
2283.1500640392305,-73.48543290391406,-73.48543290391406
2283.1600640392303,-73.48450793720731,-73.48450793720731
2283.1700640392305,-73.48347654364356,-73.48347654364356
2283.1800640392303,-73.48234168503728,-73.48234168503728
2283.1900640392305,-73.48110623090582,-73.48110623090582
2283.2000640392303,-73.47977296185469,-73.47977296185469
2283.2100640392305,-73.4783445731961,-73.4783445731961
2283.2200640392302,-73.47682367863989,-73.47682367863989
2283.2300640392305,-73.47521281394889,-73.47521281394889
2283.24006403923,-73.4735144405012,-73.4735144405012
2283.2500640392304,-73.47173094870446,-73.47173094870446
2283.26006403923,-73.4698646612668,-73.4698646612668
2283.2700640392304,-73.46791783624602,-73.46791783624602
2283.28006403923,-73.46589266996013,-73.46589266996013
2283.2900640392304,-73.46379129969509,-73.46379129969509
2283.30006403923,-73.46161580626224,-73.46161580626224
2283.3100640392304,-73.45936821636457,-73.45936821636457
2283.32006403923,-73.45705050486049,-73.45705050486049
2283.3300640392304,-73.45466459683576,-73.45466459683576
2283.34006403923,-73.45221236956242,-73.45221236956242
2283.3500640392303,-73.44969565434356,-73.44969565434356
2283.3600640392306,-73.44711623824028,-73.44711623824028
2283.3700640392303,-73.44447586570271,-73.44447586570271
2283.3800640392305,-73.44177624007781,-73.44177624007781
2283.3900640392303,-73.43901902506971,-73.43901902506971
2283.4000640392305,-73.43620584606676,-73.43620584606676
2283.4100640392303,-73.43333829147298,-73.43333829147298
2283.4200640392305,-73.43041791387674,-73.43041791387674
2283.4300640392303,-73.42744623121453,-73.42744623121453
2283.4400640392305,-73.42442472787381,-73.42442472787381
2283.4500640392303,-73.42135485572504,-73.42135485572504
2283.4600640392305,-73.41823803508561,-73.41823803508561
2283.4700640392302,-73.4150756556914,-73.4150756556914
2283.4800640392305,-73.41186907757158,-73.41186907757158
2283.49006403923,-73.40861963189782,-73.40861963189782
2283.5000640392304,-73.40532862181387,-73.40532862181387
2283.51006403923,-73.40199732321315,-73.40199732321315
2283.5200640392304,-73.39862698547088,-73.39862698547088
2283.53006403923,-73.39521883216545,-73.39521883216545
2283.5400640392304,-73.39177406176748,-73.39177406176748
2283.55006403923,-73.38829384830498,-73.38829384830498
2283.5600640392304,-73.38477934197941,-73.38477934197941
2283.57006403923,-73.38123166976948,-73.38123166976948
2283.5800640392304,-73.37765193603208,-73.37765193603208
2283.59006403923,-73.37404122306829,-73.37404122306829
2283.6000640392303,-73.37040059163124,-73.37040059163124
2283.6100640392306,-73.36673108148527,-73.36673108148527
2283.6200640392303,-73.36303371189008,-73.36303371189008
2283.6300640392305,-73.35930948209179,-73.35930948209179
2283.6400640392303,-73.35555937178475,-73.35555937178475
2283.6500640392305,-73.35178434157795,-73.35178434157795
2283.6600640392303,-73.34798533341313,-73.34798533341313
2283.6700640392305,-73.34416327101317,-73.34416327101317
2283.6800640392303,-73.34031906027738,-73.34031906027738
2283.6900640392305,-73.33645358967068,-73.33645358967068
2283.7000640392303,-73.33256773062998,-73.33256773062998
2283.7100640392305,-73.32866233791366,-73.32866233791366
2283.7200640392302,-73.32473824999013,-73.32473824999013
2283.7300640392305,-73.32079628935064,-73.32079628935064
2283.74006403923,-73.31683726288223,-73.31683726288223
2283.7500640392304,-73.31286196218112,-73.31286196218112
2283.76006403923,-73.30887116388672,-73.30887116388672
2283.7700640392304,-73.30486562996728,-73.30486562996728
2283.78006403923,-73.30084610805676,-73.30084610805676
2283.7900640392304,-73.29681333171064,-73.29681333171064
2283.80006403923,-73.29276802072907,-73.29276802072907
2283.8100640392304,-73.28871088140598,-73.28871088140598
2283.82006403923,-73.28464260682154,-73.28464260682154
2283.8300640392304,-73.28056387708567,-73.28056387708567
2283.84006403923,-73.27647535961258,-73.27647535961258
2283.8500640392303,-73.27237770934467,-73.27237770934467
2283.8600640392306,-73.26827156904105,-73.26827156904105
2283.8700640392303,-73.26415756946066,-73.26415756946066
2283.8800640392305,-73.26003632963837,-73.26003632963837
2283.8900640392303,-73.25590845708491,-73.25590845708491
2283.9000640392305,-73.25177454801128,-73.25177454801128
2283.9100640392303,-73.24763518755735,-73.24763518755735
2283.9200640392305,-73.24349094997949,-73.24349094997949
2283.9300640392303,-73.23934239886391,-73.23934239886391
2283.9400640392305,-73.23519008733612,-73.23519008733612
2283.950064063072,-73.23103454833836,-73.23103454833836
2283.9600640630724,-73.22686996625848,-73.22686996625848
2283.970064063072,-73.22269407358921,-73.22269407358921
2283.9800640630724,-73.21850603464,-73.21850603464
2283.990064063072,-73.21430566560325,-73.21430566560325
2284.0000640630724,-73.21009314113415,-73.21009314113415
2284.010064063072,-73.205868842361,-73.205868842361
2284.0200640630724,-73.20163326792512,-73.20163326792512
2284.030064063072,-73.19738698075615,-73.19738698075615
2284.0400640630724,-73.19313057610053,-73.19313057610053
2284.050064063072,-73.18886466249397,-73.18886466249397
2284.0600640630723,-73.18458985044457,-73.18458985044457
2284.070064063072,-73.18030674591436,-73.18030674591436
2284.0800640630723,-73.17601594661396,-73.17601594661396
2284.090064063072,-73.17171804006755,-73.17171804006755
2284.1000640630723,-73.16741360268314,-73.16741360268314
2284.110064063072,-73.16310319951295,-73.16310319951295
2284.1200640630723,-73.15878738429674,-73.15878738429674
2284.130064063072,-73.15446669974418,-73.15446669974418
2284.1400640630723,-73.15014167792152,-73.15014167792152
2284.150064063072,-73.145812840636,-73.145812840636
2284.1600640630722,-73.14148069986577,-73.14148069986577
2284.170064063072,-73.13714575814798,-73.13714575814798
2284.180064063072,-73.13280850894411,-73.13280850894411
2284.190064063072,-73.12846943700411,-73.12846943700411
2284.200064063072,-73.12412901865363,-73.12412901865363
2284.2100640630724,-73.11978772206668,-73.11978772206668
2284.220064063072,-73.11544600754932,-73.11544600754932
2284.2300640630724,-73.11110432774484,-73.11110432774484
2284.240064063072,-73.10676312783286,-73.10676312783286
2284.2500640630724,-73.10242284573087,-73.10242284573087
2284.260064063072,-73.09808391226477,-73.09808391226477
2284.2700640630724,-73.09374675129635,-73.09374675129635
2284.280064063072,-73.08941177988655,-73.08941177988655
2284.2900640630724,-73.0850794084198,-73.0850794084198
2284.300064063072,-73.08075004071745,-73.08075004071745
2284.3100640630723,-73.0764240741508,-73.0764240741508
2284.320064063072,-73.072101899757,-73.072101899757
2284.3300640630723,-73.06778390231527,-73.06778390231527
2284.340064063072,-73.06347046045437,-73.06347046045437
2284.3500640630723,-73.05916194672406,-73.05916194672406
2284.360064063072,-73.05485872769914,-73.05485872769914
2284.3700640630723,-73.05056116404157,-73.05056116404157
2284.380064063072,-73.0462696105962,-73.0462696105962
2284.3900640630723,-73.04198441644407,-73.04198441644407
2284.400064063072,-73.03770592499019,-73.03770592499019
2284.4100640630722,-73.03343447402644,-73.03343447402644
2284.420064063072,-73.02917039580296,-73.02917039580296
2284.430064063072,-73.02491401709264,-73.02491401709264
2284.440064063072,-73.02066565924991,-73.02066565924991
2284.450064063072,-73.01642563828942,-73.01642563828942
2284.4600640630724,-73.01219426495054,-73.01219426495054
2284.470064063072,-73.00797184473114,-73.00797184473114
2284.4800640630724,-73.0037586779877,-73.0037586779877
2284.490064063072,-72.99955505997278,-72.99955505997278
2284.5000640630724,-72.99536128088518,-72.99536128088518
2284.510064063072,-72.99117762596232,-72.99117762596232
2284.5200640630724,-72.98700437551032,-72.98700437551032
2284.530064063072,-72.98284180496772,-72.98284180496772
2284.5400640630724,-72.97869018497876,-72.97869018497876
2284.550064063072,-72.97454978142741,-72.97454978142741
2284.5600640630723,-72.97042085550078,-72.97042085550078
2284.570064063072,-72.96630366376388,-72.96630366376388
2284.5800640630723,-72.96219845817532,-72.96219845817532
2284.590064063072,-72.95810548619144,-72.95810548619144
2284.6000640630723,-72.9540249907788,-72.9540249907788
2284.610064063072,-72.94995721049818,-72.94995721049818
2284.6200640630723,-72.94590237952445,-72.94590237952445
2284.630064063072,-72.94186072774565,-72.94186072774565
2284.6400640630723,-72.93783248078078,-72.93783248078078
2284.650064063072,-72.93381786003562,-72.93381786003562
2284.6600640630722,-72.92981708277124,-72.92981708277124
2284.670064063072,-72.9258303621346,-72.9258303621346
2284.680064063072,-72.92185790723238,-72.92185790723238
2284.690064063072,-72.91789992316512,-72.91789992316512
2284.700064063072,-72.9139566110793,-72.9139566110793
2284.7100640630724,-72.9100281682272,-72.9100281682272
2284.720064063072,-72.90611478800936,-72.90611478800936
2284.7300640630724,-72.90221666002029,-72.90221666002029
2284.740064063072,-72.89833397010102,-72.89833397010102
2284.7500640630724,-72.89446690039405,-72.89446690039405
2284.760064063072,-72.89061562937684,-72.89061562937684
2284.7700640630724,-72.88678033192042,-72.88678033192042
2284.780064063072,-72.88296117932872,-72.88296117932872
2284.7900640630724,-72.87915833940744,-72.87915833940744
2284.800064086914,-72.87537196744982,-72.87537196744982
2284.8100640869143,-72.87160224244293,-72.87160224244293
2284.820064086914,-72.86784931283445,-72.86784931283445
2284.8300640869143,-72.86411333280284,-72.86411333280284
2284.840064086914,-72.86039445325801,-72.86039445325801
2284.8500640869142,-72.8566928218457,-72.8566928218457
2284.860064086914,-72.85300858300644,-72.85300858300644
2284.870064086914,-72.84934187803536,-72.84934187803536
2284.880064086914,-72.84569284510957,-72.84569284510957
2284.890064086914,-72.84206161931536,-72.84206161931536
2284.900064086914,-72.83844833272839,-72.83844833272839
2284.910064086914,-72.83485311441953,-72.83485311441953
2284.920064086914,-72.83127609051607,-72.83127609051607
2284.930064086914,-72.82771738423608,-72.82771738423608
2284.940064086914,-72.8241771159178,-72.8241771159178
2284.950064086914,-72.82065540308518,-72.82065540308518
2284.960064086914,-72.81714602909491,-72.81714602909491
2284.970064086914,-72.81364634196585,-72.81364634196585
2284.980064086914,-72.81015511044374,-72.81015511044374
2284.990064086914,-72.80667175804246,-72.80667175804246
2285.000064086914,-72.80319607124366,-72.80319607124366
2285.010064086914,-72.79972804825927,-72.79972804825927
2285.020064086914,-72.79626781048545,-72.79626781048545
2285.030064086914,-72.79281554942632,-72.79281554942632
2285.040064086914,-72.7893714948462,-72.7893714948462
2285.050064086914,-72.78593589568375,-72.78593589568375
2285.0600640869143,-72.78250900873405,-72.78250900873405
2285.070064086914,-72.77909109202926,-72.77909109202926
2285.0800640869143,-72.77568240105472,-72.77568240105472
2285.090064086914,-72.7722831867121,-72.7722831867121
2285.1000640869142,-72.76889369432905,-72.76889369432905
2285.110064086914,-72.76551416327818,-72.76551416327818
2285.120064086914,-72.76214482694678,-72.76214482694678
2285.130064086914,-72.75878591291342,-72.75878591291342
2285.140064086914,-72.7554376432471,-72.7554376432471
2285.150064086914,-72.7521002347909,-72.7521002347909
2285.160064086914,-72.74877389949908,-72.74877389949908
2285.170064086914,-72.74545884474178,-72.74545884474178
2285.180064086914,-72.74215527358976,-72.74215527358976
2285.190064086914,-72.73886338506554,-72.73886338506554
2285.200064086914,-72.7355833743664,-72.7355833743664
2285.210064086914,-72.73231543307345,-72.73231543307345
2285.220064086914,-72.72905974931263,-72.72905974931263
2285.230064086914,-72.7258165079109,-72.7258165079109
2285.240064086914,-72.72258589051869,-72.72258589051869
2285.250064086914,-72.71936807572573,-72.71936807572573
2285.260064086914,-72.71616323915445,-72.71616323915445
2285.270064086914,-72.71297155354121,-72.71297155354121
2285.280064086914,-72.70979318880767,-72.70979318880767
2285.290064086914,-72.7066283121154,-72.7066283121154
2285.300064086914,-72.70347708791734,-72.70347708791734
2285.3100640869143,-72.70033967801916,-72.70033967801916
2285.320064086914,-72.69721624160327,-72.69721624160327
2285.3300640869143,-72.6941069352567,-72.6941069352567
2285.340064086914,-72.69101191301841,-72.69101191301841
2285.3500640869142,-72.6879313264039,-72.6879313264039
2285.360064086914,-72.68486532442111,-72.68486532442111
2285.370064086914,-72.68181405358523,-72.68181405358523
2285.380064086914,-72.6787776579607,-72.6787776579607
2285.390064086914,-72.6757562791621,-72.6757562791621
2285.400064086914,-72.67275005638247,-72.67275005638247
2285.410064086914,-72.66975912639417,-72.66975912639417
2285.420064086914,-72.66678362358539,-72.66678362358539
2285.430064086914,-72.66382367995777,-72.66382367995777
2285.440064086914,-72.66087942515628,-72.66087942515628
2285.450064086914,-72.65795098647091,-72.65795098647091
2285.460064086914,-72.65503848885439,-72.65503848885439
2285.470064086914,-72.65214205493693,-72.65214205493693
2285.480064086914,-72.64926180504332,-72.64926180504332
2285.490064086914,-72.6463978572077,-72.6463978572077
2285.500064086914,-72.64355032718628,-72.64355032718628
2285.510064086914,-72.64071932846443,-72.64071932846443
2285.520064086914,-72.63790497229058,-72.63790497229058
2285.530064086914,-72.63510736766445,-72.63510736766445
2285.540064086914,-72.63232662138316,-72.63232662138316
2285.550064086914,-72.62956283803818,-72.62956283803818
2285.5600640869143,-72.62681612002962,-72.62681612002962
2285.570064086914,-72.62408656759547,-72.62408656759547
2285.5800640869143,-72.6213742788146,-72.6213742788146
2285.590064086914,-72.61867934963304,-72.61867934963304
2285.6000640869142,-72.61600187386469,-72.61600187386469
2285.610064086914,-72.6133419432368,-72.6133419432368
2285.620064086914,-72.61069964738563,-72.61069964738563
2285.630064086914,-72.60807507387311,-72.60807507387311
2285.640064086914,-72.60546830821701,-72.60546830821701
2285.650064110756,-72.60287942773769,-72.60287942773769
2285.660064110756,-72.60030852630447,-72.60030852630447
2285.670064110756,-72.59775567715374,-72.59775567715374
2285.680064110756,-72.59522095779232,-72.59522095779232
2285.690064110756,-72.59270444376989,-72.59270444376989
2285.700064110756,-72.59020620868677,-72.59020620868677
2285.710064110756,-72.58772632423332,-72.58772632423332
2285.720064110756,-72.58526486018835,-72.58526486018835
2285.730064110756,-72.5828218844532,-72.5828218844532
2285.740064110756,-72.58039746306848,-72.58039746306848
2285.750064110756,-72.57799166023457,-72.57799166023457
2285.760064110756,-72.57560453832792,-72.57560453832792
2285.770064110756,-72.57323615791628,-72.57323615791628
2285.780064110756,-72.57088657778418,-72.57088657778418
2285.790064110756,-72.5685558549623,-72.5685558549623
2285.800064110756,-72.56624404472281,-72.56624404472281
2285.810064110756,-72.56395120062814,-72.56395120062814
2285.820064110756,-72.56167737451338,-72.56167737451338
2285.8300641107558,-72.55942261655726,-72.55942261655726
2285.840064110756,-72.55718697524838,-72.55718697524838
2285.8500641107557,-72.55497049743873,-72.55497049743873
2285.860064110756,-72.55277322835968,-72.55277322835968
2285.8700641107557,-72.55059521161758,-72.55059521161758
2285.880064110756,-72.54843648924982,-72.54843648924982
2285.8900641107557,-72.54629710171905,-72.54629710171905
2285.900064110756,-72.54417708793794,-72.54417708793794
2285.910064110756,-72.54207648530193,-72.54207648530193
2285.920064110756,-72.53999532967858,-72.53999532967858
2285.930064110756,-72.53793365545526,-72.53793365545526
2285.940064110756,-72.53589149554429,-72.53589149554429
2285.950064110756,-72.53386888141036,-72.53386888141036
2285.960064110756,-72.53186584308594,-72.53186584308594
2285.970064110756,-72.52988240917654,-72.52988240917654
2285.980064110756,-72.52791860690833,-72.52791860690833
2285.990064110756,-72.52597446211936,-72.52597446211936
2286.000064110756,-72.52404999929274,-72.52404999929274
2286.010064110756,-72.52214524156474,-72.52214524156474
2286.020064110756,-72.52026021077116,-72.52026021077116
2286.030064110756,-72.5183949274169,-72.5183949274169
2286.040064110756,-72.51654941073315,-72.51654941073315
2286.050064110756,-72.5147236786903,-72.5147236786903
2286.060064110756,-72.5129177479928,-72.5129177479928
2286.070064110756,-72.51113163412508,-72.51113163412508
2286.0800641107558,-72.50936535135031,-72.50936535135031
2286.090064110756,-72.50761891272947,-72.50761891272947
2286.1000641107557,-72.50589233015673,-72.50589233015673
2286.110064110756,-72.50418561435181,-72.50418561435181
2286.1200641107557,-72.50249877488599,-72.50249877488599
2286.130064110756,-72.5008318202145,-72.5008318202145
2286.1400641107557,-72.4991847576576,-72.4991847576576
2286.150064110756,-72.49755759345739,-72.49755759345739
2286.160064110756,-72.49595033275877,-72.49595033275877
2286.170064110756,-72.49436297965971,-72.49436297965971
2286.180064110756,-72.49279553719403,-72.49279553719403
2286.190064110756,-72.49124800736082,-72.49124800736082
2286.200064110756,-72.48972039115532,-72.48972039115532
2286.210064110756,-72.488212688566,-72.488212688566
2286.220064110756,-72.48672489858413,-72.48672489858413
2286.230064110756,-72.48525701924818,-72.48525701924818
2286.240064110756,-72.48380904761856,-72.48380904761856
2286.250064110756,-72.48238097983466,-72.48238097983466
2286.260064110756,-72.4809728110879,-72.4809728110879
2286.270064110756,-72.47958453567288,-72.47958453567288
2286.280064110756,-72.47821614697133,-72.47821614697133
2286.290064110756,-72.47686763749954,-72.47686763749954
2286.300064110756,-72.47553899889093,-72.47553899889093
2286.310064110756,-72.47423022191902,-72.47423022191902
2286.320064110756,-72.47294129652028,-72.47294129652028
2286.3300641107558,-72.4716722118059,-72.4716722118059
2286.340064110756,-72.47042295607083,-72.47042295607083
2286.3500641107557,-72.46919351679345,-72.46919351679345
2286.360064110756,-72.46798388068335,-72.46798388068335
2286.3700641107557,-72.46679403366522,-72.46679403366522
2286.380064110756,-72.4656239608814,-72.4656239608814
2286.3900641107557,-72.46447364675166,-72.46447364675166
2286.400064110756,-72.46334307493788,-72.46334307493788
2286.410064110756,-72.46223222839079,-72.46223222839079
2286.420064110756,-72.46114108933868,-72.46114108933868
2286.430064110756,-72.46006963929446,-72.46006963929446
2286.440064110756,-72.45901785910254,-72.45901785910254
2286.450064110756,-72.45798572891796,-72.45798572891796
2286.460064110756,-72.4569669221027,-72.4569669221027
2286.470064110756,-72.45595866164875,-72.45595866164875
2286.480064110756,-72.45495958718233,-72.45495958718233
2286.490064110756,-72.45396899267116,-72.45396899267116
2286.500064134598,-72.45298653359671,-72.45298653359671
2286.510064134598,-72.4520120856285,-72.4520120856285
2286.5200641345978,-72.45104564228437,-72.45104564228437
2286.530064134598,-72.45008727145569,-72.45008727145569
2286.5400641345977,-72.44913708119424,-72.44913708119424
2286.550064134598,-72.44819520067941,-72.44819520067941
2286.5600641345977,-72.44726176887613,-72.44726176887613
2286.570064134598,-72.44633692787545,-72.44633692787545
2286.5800641345977,-72.44542081913704,-72.44542081913704
2286.590064134598,-72.44451358137653,-72.44451358137653
2286.6000641345977,-72.44361534954294,-72.44361534954294
2286.610064134598,-72.44272625443223,-72.44272625443223
2286.6200641345977,-72.44184642262314,-72.44184642262314
2286.630064134598,-72.44097597663875,-72.44097597663875
2286.6400641345977,-72.44011503517895,-72.44011503517895
2286.650064134598,-72.43926371341297,-72.43926371341297
2286.6600641345976,-72.43842212331322,-72.43842212331322
2286.670064134598,-72.43759037388112,-72.43759037388112
2286.6800641345976,-72.43676857145688,-72.43676857145688
2286.690064134598,-72.43595681990934,-72.43595681990934
2286.7000641345976,-72.43515522088263,-72.43515522088263
2286.710064134598,-72.43436387394469,-72.43436387394469
2286.7200641345976,-72.43358287674238,-72.43358287674238
2286.730064134598,-72.43281232514974,-72.43281232514974
2286.7400641345976,-72.43205231334815,-72.43205231334815
2286.750064134598,-72.4313029339347,-72.4313029339347
2286.760064134598,-72.43056427798973,-72.43056427798973
2286.7700641345978,-72.42983643514813,-72.42983643514813
2286.780064134598,-72.42911949364024,-72.42911949364024
2286.7900641345977,-72.428413540345,-72.428413540345
2286.800064134598,-72.42771866080912,-72.42771866080912
2286.8100641345977,-72.42703493928092,-72.42703493928092
2286.820064134598,-72.42636245873423,-72.42636245873423
2286.8300641345977,-72.42570130088144,-72.42570130088144
2286.840064134598,-72.42505154618944,-72.42505154618944
2286.8500641345977,-72.42441327388207,-72.42441327388207
2286.860064134598,-72.42378656194917,-72.42378656194917
2286.8700641345977,-72.42317148715892,-72.42317148715892
2286.880064134598,-72.42256812504978,-72.42256812504978
2286.8900641345977,-72.421976549948,-72.421976549948
2286.900064134598,-72.4213968349503,-72.4213968349503
2286.9100641345976,-72.42082905193,-72.42082905193
2286.920064134598,-72.42027327153502,-72.42027327153502
2286.9300641345976,-72.41972956319893,-72.41972956319893
2286.940064134598,-72.41919799512888,-72.41919799512888
2286.9500641345976,-72.418678634308,-72.418678634308
2286.960064134598,-72.41816524227022,-72.41816524227022
2286.9700641345976,-72.41765512786777,-72.41765512786777
2286.980064134598,-72.41714701551226,-72.41714701551226
2286.9900641345976,-72.41664028331866,-72.41664028331866
2287.000064134598,-72.41613467267082,-72.41613467267082
2287.010064134598,-72.41563013755665,-72.41563013755665
2287.0200641345978,-72.41512675634095,-72.41512675634095
2287.030064134598,-72.41462467882829,-72.41462467882829
2287.0400641345977,-72.41412409440204,-72.41412409440204
2287.050064134598,-72.41362521299507,-72.41362521299507
2287.0600641345977,-72.41312825371574,-72.41312825371574
2287.070064134598,-72.41263343817792,-72.41263343817792
2287.0800641345977,-72.41214098671803,-72.41214098671803
2287.090064134598,-72.4116511162758,-72.4116511162758
2287.1000641345977,-72.41116403938604,-72.41116403938604
2287.110064134598,-72.41067996373371,-72.41067996373371
2287.1200641345977,-72.41019909213516,-72.41019909213516
2287.130064134598,-72.40972162263597,-72.40972162263597
2287.1400641345977,-72.40924774880297,-72.40924774880297
2287.150064134598,-72.40877765995924,-72.40877765995924
2287.1600641345976,-72.40831154152231,-72.40831154152231
2287.170064134598,-72.40784957525118,-72.40784957525118
2287.1800641345976,-72.40739193951323,-72.40739193951323
2287.190064134598,-72.40693880953451,-72.40693880953451
2287.2000641345976,-72.40649035756674,-72.40649035756674
2287.210064134598,-72.40604044974992,-72.40604044974992
2287.2200641345976,-72.40558649767631,-72.40558649767631
2287.230064134598,-72.40512732716763,-72.40512732716763
2287.2400641345976,-72.4046624165971,-72.4046624165971
2287.250064134598,-72.40419160657136,-72.40419160657136
2287.260064134598,-72.40371494936782,-72.40371494936782
2287.2700641345978,-72.40323262075073,-72.40323262075073
2287.280064134598,-72.40274486706625,-72.40274486706625
2287.2900641345977,-72.40225197344732,-72.40225197344732
2287.300064134598,-72.40175424475788,-72.40175424475788
2287.3100641345977,-72.40125199428765,-72.40125199428765
2287.320064134598,-72.40074553709049,-72.40074553709049
2287.3300641345977,-72.40023518617738,-72.40023518617738
2287.340064134598,-72.39972125044979,-72.39972125044979
2287.3500641584396,-72.39920403245256,-72.39920403245256
2287.36006415844,-72.39868383284713,-72.39868383284713
2287.3700641584396,-72.39816094300826,-72.39816094300826
2287.38006415844,-72.39763565006685,-72.39763565006685
2287.3900641584396,-72.3971082359349,-72.3971082359349
2287.40006415844,-72.39657897758568,-72.39657897758568
2287.4100641584396,-72.3960481473466,-72.3960481473466
2287.42006415844,-72.39551601315893,-72.39551601315893
2287.4300641584396,-72.39498283886414,-72.39498283886414
2287.44006415844,-72.3944488843828,-72.3944488843828
2287.4500641584395,-72.3939144059689,-72.3939144059689
2287.4600641584398,-72.39337335441891,-72.39337335441891
2287.4700641584395,-72.39282322481466,-72.39282322481466
2287.4800641584397,-72.39226292559985,-72.39226292559985
2287.4900641584395,-72.39169201700106,-72.39169201700106
2287.5000641584397,-72.39111042074377,-72.39111042074377
2287.5100641584395,-72.39051826949249,-72.39051826949249
2287.5200641584397,-72.38991581863793,-72.38991581863793
2287.5300641584395,-72.38930339338444,-72.38930339338444
2287.5400641584397,-72.38868135693592,-72.38868135693592
2287.5500641584395,-72.38805009148489,-72.38805009148489
2287.5600641584397,-72.38740998681513,-72.38740998681513
2287.5700641584394,-72.38676143370034,-72.38676143370034
2287.5800641584397,-72.386104820051,-72.386104820051
2287.5900641584394,-72.3854405288884,-72.3854405288884
2287.6000641584396,-72.38476893727221,-72.38476893727221
2287.61006415844,-72.38409041590398,-72.38409041590398
2287.6200641584396,-72.38340532907944,-72.38340532907944
2287.63006415844,-72.3827140348011,-72.3827140348011
2287.6400641584396,-72.38201688506271,-72.38201688506271
2287.65006415844,-72.3813142261041,-72.3813142261041
2287.6600641584396,-72.38060639871202,-72.38060639871202
2287.67006415844,-72.37989373850617,-72.37989373850617
2287.6800641584396,-72.37917657618969,-72.37917657618969
2287.69006415844,-72.37845523776686,-72.37845523776686
2287.7000641584395,-72.37773004476168,-72.37773004476168
2287.7100641584398,-72.37700131438707,-72.37700131438707
2287.7200641584395,-72.37626935969138,-72.37626935969138
2287.7300641584397,-72.3755344896744,-72.3755344896744
2287.7400641584395,-72.37479700942819,-72.37479700942819
2287.7500641584397,-72.37405722019543,-72.37405722019543
2287.7600641584395,-72.37331541946294,-72.37331541946294
2287.7700641584397,-72.37257190102055,-72.37257190102055
2287.7800641584395,-72.37182695501826,-72.37182695501826
2287.7900641584397,-72.37108086800339,-72.37108086800339
2287.8000641584395,-72.37033392296382,-72.37033392296382
2287.8100641584397,-72.36958639936715,-72.36958639936715
2287.8200641584394,-72.36883857317412,-72.36883857317412
2287.8300641584397,-72.36809071687158,-72.36809071687158
2287.8400641584394,-72.36734309948643,-72.36734309948643
2287.8500641584396,-72.36659598660489,-72.36659598660489
2287.86006415844,-72.36584964039737,-72.36584964039737
2287.8700641584396,-72.36510431961752,-72.36510431961752
2287.88006415844,-72.36436027962014,-72.36436027962014
2287.8900641584396,-72.36361777237123,-72.36361777237123
2287.90006415844,-72.36287704648566,-72.36287704648566
2287.9100641584396,-72.3621383471871,-72.3621383471871
2287.92006415844,-72.36140191638026,-72.36140191638026
2287.9300641584396,-72.36066799261378,-72.36066799261378
2287.94006415844,-72.35993681111388,-72.35993681111388
2287.9500641584395,-72.35920860380135,-72.35920860380135
2287.9600641584398,-72.35848359930387,-72.35848359930387
2287.9700641584395,-72.35776202295885,-72.35776202295885
2287.9800641584397,-72.35704409682369,-72.35704409682369
2287.9900641584395,-72.35633003970628,-72.35633003970628
2288.0000641584397,-72.35562006718716,-72.35562006718716
2288.0100641584395,-72.3549143916113,-72.3549143916113
2288.0200641584397,-72.35421322211505,-72.35421322211505
2288.0300641584395,-72.35351676465683,-72.35351676465683
2288.0400641584397,-72.35282522201862,-72.35282522201862
2288.0500641584395,-72.35213879383465,-72.35213879383465
2288.0600641584397,-72.3514576766034,-72.3514576766034
2288.0700641584394,-72.35078206371344,-72.35078206371344
2288.0800641584397,-72.35011214545572,-72.35011214545572
2288.0900641584394,-72.34944810906954,-72.34944810906954
2288.1000641584396,-72.34879013872585,-72.34879013872585
2288.11006415844,-72.34813841557795,-72.34813841557795
2288.1200641584396,-72.34749311778094,-72.34749311778094
2288.13006415844,-72.34685442050352,-72.34685442050352
2288.1400641584396,-72.34622249596693,-72.34622249596693
2288.15006415844,-72.34559751345846,-72.34559751345846
2288.1600641584396,-72.34497963935716,-72.34497963935716
2288.17006415844,-72.34436903715304,-72.34436903715304
2288.1800641584396,-72.34376586749701,-72.34376586749701
2288.19006415844,-72.34317028819606,-72.34317028819606
2288.2000641822815,-72.34258245285754,-72.34258245285754
2288.2100641822817,-72.34200251654356,-72.34200251654356
2288.2200641822815,-72.34143062729241,-72.34143062729241
2288.2300641822817,-72.34086693186731,-72.34086693186731
2288.2400641822815,-72.34031157431814,-72.34031157431814
2288.2500641822817,-72.33976469602183,-72.33976469602183
2288.2600641822814,-72.33922643573068,-72.33922643573068
2288.2700641822817,-72.33869692956364,-72.33869692956364
2288.2800641822814,-72.33817631105312,-72.33817631105312
2288.2900641822816,-72.33766471117474,-72.33766471117474
2288.3000641822814,-72.33716225836316,-72.33716225836316
2288.3100641822816,-72.33666907855604,-72.33666907855604
2288.3200641822814,-72.33618529521152,-72.33618529521152
2288.3300641822816,-72.33571102933463,-72.33571102933463
2288.3400641822814,-72.33524639950089,-72.33524639950089
2288.3500641822816,-72.33479152190374,-72.33479152190374
2288.3600641822813,-72.33434651036113,-72.33434651036113
2288.3700641822816,-72.3339114763554,-72.3339114763554
2288.3800641822813,-72.33348652905087,-72.33348652905087
2288.3900641822815,-72.33307177534137,-72.33307177534137
2288.4000641822813,-72.33266731985574,-72.33266731985574
2288.4100641822815,-72.33227326498518,-72.33227326498518
2288.4200641822813,-72.33188971094104,-72.33188971094104
2288.4300641822815,-72.3315167557392,-72.3315167557392
2288.4400641822813,-72.33115449525978,-72.33115449525978
2288.4500641822815,-72.33080302325573,-72.33080302325573
2288.4600641822817,-72.33046243139636,-72.33046243139636
2288.4700641822815,-72.33013280928378,-72.33013280928378
2288.4800641822817,-72.32981424446508,-72.32981424446508
2288.4900641822815,-72.32949726923351,-72.32949726923351
2288.5000641822817,-72.32917053038416,-72.32917053038416
2288.5100641822814,-72.32882409717045,-72.32882409717045
2288.5200641822817,-72.32844999194143,-72.32844999194143
2288.5300641822814,-72.32804191094223,-72.32804191094223
2288.5400641822816,-72.32759484588858,-72.32759484588858
2288.5500641822814,-72.32710477931083,-72.32710477931083
2288.5600641822816,-72.32656846581115,-72.32656846581115
2288.5700641822814,-72.3259832778028,-72.3259832778028
2288.5800641822816,-72.32534709414223,-72.32534709414223
2288.5900641822814,-72.32465821681765,-72.32465821681765
2288.6000641822816,-72.32391530605477,-72.32391530605477
2288.6100641822813,-72.32311732820239,-72.32311732820239
2288.6200641822816,-72.32226351262148,-72.32226351262148
2288.6300641822813,-72.32135331558591,-72.32135331558591
2288.6400641822815,-72.32038638951725,-72.32038638951725
2288.6500641822813,-72.31936255666693,-72.31936255666693
2288.6600641822815,-72.31828178641727,-72.31828178641727
2288.6700641822813,-72.31714417568207,-72.31714417568207
2288.6800641822815,-72.31594993188291,-72.31594993188291
2288.6900641822813,-72.31469935818924,-72.31469935818924
2288.7000641822815,-72.3133928406405,-72.3133928406405
2288.7100641822817,-72.31203083696644,-72.31203083696644
2288.7200641822815,-72.31061386676808,-72.31061386676808
2288.7300641822817,-72.30914250299996,-72.30914250299996
2288.7400641822815,-72.30761736446676,-72.30761736446676
2288.7500641822817,-72.30603910926365,-72.30603910926365
2288.7600641822814,-72.30440842902995,-72.30440842902995
2288.7700641822817,-72.30272604390112,-72.30272604390112
2288.7800641822814,-72.30099269805778,-72.30099269805778
2288.7900641822816,-72.29920915581593,-72.29920915581593
2288.8000641822814,-72.29737619819558,-72.29737619819558
2288.8100641822816,-72.29549461986792,-72.29549461986792
2288.8200641822814,-72.2935652265059,-72.2935652265059
2288.8300641822816,-72.29158883240977,-72.29158883240977
2288.8400641822814,-72.28956625843148,-72.28956625843148
2288.8500641822816,-72.28749833011948,-72.28749833011948
2288.8600641822813,-72.28538587613357,-72.28538587613357
2288.8700641822816,-72.28322972677282,-72.28322972677282
2288.8800641822813,-72.28103071274136,-72.28103071274136
2288.8900641822815,-72.27878966401468,-72.27878966401468
2288.9000641822813,-72.27650740887076,-72.27650740887076
2288.9100641822815,-72.27418477302032,-72.27418477302032
2288.9200641822813,-72.27182257885278,-72.27182257885278
2288.9300641822815,-72.26942164474441,-72.26942164474441
2288.9400641822813,-72.2669827845008,-72.2669827845008
2288.9500641822815,-72.26450680682557,-72.26450680682557
2288.9600641822817,-72.26199451487587,-72.26199451487587
2288.9700641822815,-72.25944670586647,-72.25944670586647
2288.9800641822817,-72.25686417074502,-72.25686417074502
2288.9900641822815,-72.254247693878,-72.254247693878
2289.0000641822817,-72.25159805281461,-72.25159805281461
2289.0100641822814,-72.24891601806009,-72.24891601806009
2289.0200641822817,-72.24620235289883,-72.24620235289883
2289.0300641822814,-72.24345781323561,-72.24345781323561
2289.0400641822816,-72.24068314746056,-72.24068314746056
2289.0500642061234,-72.23787908968846,-72.23787908968846
2289.0600642061236,-72.23504638629154,-72.23504638629154
2289.0700642061233,-72.23218575596204,-72.23218575596204
2289.0800642061236,-72.22929791620487,-72.22929791620487
2289.0900642061233,-72.22638357666108,-72.22638357666108
2289.1000642061235,-72.22344343910382,-72.22344343910382
2289.1100642061233,-72.22047819740222,-72.22047819740222
2289.1200642061235,-72.21748853752666,-72.21748853752666
2289.1300642061233,-72.21447513759232,-72.21447513759232
2289.1400642061235,-72.21143866780946,-72.21143866780946
2289.1500642061233,-72.20837979056286,-72.20837979056286
2289.1600642061235,-72.20529916040493,-72.20529916040493
2289.1700642061232,-72.20219742411165,-72.20219742411165
2289.1800642061235,-72.19907522070315,-72.19907522070315
2289.190064206123,-72.1959331815071,-72.1959331815071
2289.2000642061234,-72.19277193017712,-72.19277193017712
2289.210064206123,-72.18958579605598,-72.18958579605598
2289.2200642061234,-72.18637263964463,-72.18637263964463
2289.230064206123,-72.18313172838583,-72.18313172838583
2289.2400642061234,-72.17986297701958,-72.17986297701958
2289.250064206123,-72.17656665773414,-72.17656665773414
2289.2600642061234,-72.17324324959671,-72.17324324959671
2289.270064206123,-72.16989335030836,-72.16989335030836
2289.2800642061234,-72.16651762316114,-72.16651762316114
2289.290064206123,-72.16311676516658,-72.16311676516658
2289.3000642061234,-72.15969148795844,-72.15969148795844
2289.3100642061236,-72.15624250642804,-72.15624250642804
2289.3200642061233,-72.15277053206705,-72.15277053206705
2289.3300642061236,-72.14927626920262,-72.14927626920262
2289.3400642061233,-72.1457604129479,-72.1457604129479
2289.3500642061235,-72.1422236482343,-72.1422236482343
2289.3600642061233,-72.13866664942086,-72.13866664942086
2289.3700642061235,-72.1350900803367,-72.1350900803367
2289.3800642061233,-72.13149459448573,-72.13149459448573
2289.3900642061235,-72.1278808353574,-72.1278808353574
2289.4000642061233,-72.12424943678415,-72.12424943678415
2289.4100642061235,-72.12060102327759,-72.12060102327759
2289.4200642061232,-72.11693621043096,-72.11693621043096
2289.4300642061235,-72.11325560520193,-72.11325560520193
2289.440064206123,-72.10955980622899,-72.10955980622899
2289.4500642061234,-72.10584940409784,-72.10584940409784
2289.460064206123,-72.10212498157743,-72.10212498157743
2289.4700642061234,-72.0983871138376,-72.0983871138376
2289.480064206123,-72.0946363686498,-72.0946363686498
2289.4900642061234,-72.09087330653253,-72.09087330653253
2289.500064206123,-72.08709848093456,-72.08709848093456
2289.5100642061234,-72.08331243834243,-72.08331243834243
2289.520064206123,-72.07951571841544,-72.07951571841544
2289.5300642061234,-72.07570885409298,-72.07570885409298
2289.540064206123,-72.07189237169034,-72.07189237169034
2289.5500642061234,-72.06806679098406,-72.06806679098406
2289.5600642061236,-72.06423262531291,-72.06423262531291
2289.5700642061233,-72.0603903816339,-72.0603903816339
2289.5800642061236,-72.05654056060519,-72.05654056060519
2289.5900642061233,-72.05268365664169,-72.05268365664169
2289.6000642061235,-72.0488201579893,-72.0488201579893
2289.6100642061233,-72.04495054677668,-72.04495054677668
2289.6200642061235,-72.0410752990715,-72.0410752990715
2289.6300642061233,-72.03719488493182,-72.03719488493182
2289.6400642061235,-72.03330976848254,-72.03330976848254
2289.6500642061233,-72.02942040792882,-72.02942040792882
2289.6600642061235,-72.02552725562923,-72.02552725562923
2289.6700642061232,-72.02163075814266,-72.02163075814266
2289.6800642061235,-72.0177313562618,-72.0177313562618
2289.690064206123,-72.01382948507717,-72.01382948507717
2289.7000642061234,-72.00992557401872,-72.00992557401872
2289.710064206123,-72.00601377576037,-72.00601377576037
2289.7200642061234,-72.00209176719551,-72.00209176719551
2289.730064206123,-71.99815863096221,-71.99815863096221
2289.7400642061234,-71.99421409776282,-71.99421409776282
2289.750064206123,-71.99025825712944,-71.99025825712944
2289.7600642061234,-71.98629140708462,-71.98629140708462
2289.770064206123,-71.98231396602971,-71.98231396602971
2289.7800642061234,-71.97832641974055,-71.97832641974055
2289.790064206123,-71.97432928951537,-71.97432928951537
2289.8000642061234,-71.97032311302272,-71.97032311302272
2289.8100642061236,-71.96630843296202,-71.96630843296202
2289.8200642061233,-71.96228579036331,-71.96228579036331
2289.8300642061236,-71.9582557208022,-71.9582557208022
2289.8400642061233,-71.95421875233374,-71.95421875233374
2289.8500642061235,-71.950175404473,-71.950175404473
2289.8600642061233,-71.94612618784083,-71.94612618784083
2289.8700642061235,-71.94207160413843,-71.94207160413843
2289.8800642061233,-71.93801214635046,-71.93801214635046
2289.8900642061235,-71.93394829901204,-71.93394829901204
2289.900064229965,-71.92988052890028,-71.92988052890028
2289.9100642299654,-71.92580932409231,-71.92580932409231
2289.920064229965,-71.92173513619636,-71.92173513619636
2289.9300642299654,-71.9176584193894,-71.9176584193894
2289.940064229965,-71.91357962102744,-71.91357962102744
2289.9500642299654,-71.90949918188171,-71.90949918188171
2289.960064229965,-71.9054175363699,-71.9054175363699
2289.9700642299654,-71.90133511274804,-71.90133511274804
2289.980064229965,-71.89725233331083,-71.89725233331083
2289.9900642299654,-71.89316961449768,-71.89316961449768
2290.000064229965,-71.88908736707359,-71.88908736707359
2290.0100642299653,-71.88500599621335,-71.88500599621335
2290.020064229965,-71.88092590163488,-71.88092590163488
2290.0300642299653,-71.87684747766455,-71.87684747766455
2290.040064229965,-71.87277111335301,-71.87277111335301
2290.0500642299653,-71.86869719251779,-71.86869719251779
2290.060064229965,-71.86462609383757,-71.86462609383757
2290.0700642299653,-71.86055819089493,-71.86055819089493
2290.080064229965,-71.85649385225018,-71.85649385225018
2290.0900642299653,-71.85243344146782,-71.85243344146782
2290.100064229965,-71.84837731719041,-71.84837731719041
2290.1100642299652,-71.84432583317475,-71.84432583317475
2290.120064229965,-71.84027933834567,-71.84027933834567
2290.1300642299652,-71.83623817681051,-71.83623817681051
2290.140064229965,-71.83220268792421,-71.83220268792421
2290.150064229965,-71.82817320631939,-71.82817320631939
2290.1600642299654,-71.82415006194068,-71.82415006194068
2290.170064229965,-71.82013358009245,-71.82013358009245
2290.1800642299654,-71.81612408145688,-71.81612408145688
2290.190064229965,-71.81212188214823,-71.81212188214823
2290.2000642299654,-71.80812729373204,-71.80812729373204
2290.210064229965,-71.80414062326864,-71.80414062326864
2290.2200642299654,-71.80016217334088,-71.80016217334088
2290.230064229965,-71.79619224210373,-71.79619224210373
2290.2400642299654,-71.79223112329993,-71.79223112329993
2290.250064229965,-71.78827910631307,-71.78827910631307
2290.2600642299653,-71.78433647618455,-71.78433647618455
2290.270064229965,-71.78040351365254,-71.78040351365254
2290.2800642299653,-71.77648049520167,-71.77648049520167
2290.290064229965,-71.77256769308063,-71.77256769308063
2290.3000642299653,-71.76866537534049,-71.76866537534049
2290.310064229965,-71.76477380588031,-71.76477380588031
2290.3200642299653,-71.76089324446919,-71.76089324446919
2290.330064229965,-71.75702394679696,-71.75702394679696
2290.3400642299653,-71.7531661644862,-71.7531661644862
2290.350064229965,-71.74932014514737,-71.74932014514737
2290.3600642299652,-71.74548613241635,-71.74548613241635
2290.370064229965,-71.7416643659849,-71.7416643659849
2290.3800642299652,-71.73785508163185,-71.73785508163185
2290.390064229965,-71.73405851125304,-71.73405851125304
2290.400064229965,-71.73027488292809,-71.73027488292809
2290.4100642299654,-71.72650442092078,-71.72650442092078
2290.420064229965,-71.72274734574157,-71.72274734574157
2290.4300642299654,-71.71900387417337,-71.71900387417337
2290.440064229965,-71.7152742192944,-71.7152742192944
2290.4500642299654,-71.71155859055109,-71.71155859055109
2290.460064229965,-71.70785719375269,-71.70785719375269
2290.4700642299654,-71.7041702311468,-71.7041702311468
2290.480064229965,-71.70049790142164,-71.70049790142164
2290.4900642299654,-71.69684039976582,-71.69684039976582
2290.500064229965,-71.69319791789648,-71.69319791789648
2290.5100642299653,-71.68957064408589,-71.68957064408589
2290.520064229965,-71.68595876323083,-71.68595876323083
2290.5300642299653,-71.68236245684456,-71.68236245684456
2290.540064229965,-71.67878190312719,-71.67878190312719
2290.5500642299653,-71.67521727697964,-71.67521727697964
2290.560064229965,-71.6716687500491,-71.6716687500491
2290.5700642299653,-71.66813649077034,-71.66813649077034
2290.580064229965,-71.6646206643999,-71.6646206643999
2290.5900642299653,-71.66112143304004,-71.66112143304004
2290.600064229965,-71.65763895568455,-71.65763895568455
2290.6100642299652,-71.65417338824999,-71.65417338824999
2290.620064229965,-71.6507248836065,-71.6507248836065
2290.6300642299652,-71.64729359163044,-71.64729359163044
2290.640064229965,-71.64387965921784,-71.64387965921784
2290.650064229965,-71.64048323032573,-71.64048323032573
2290.6600642299654,-71.63710444601688,-71.63710444601688
2290.670064229965,-71.63374344447334,-71.63374344447334
2290.6800642299654,-71.63040036105866,-71.63040036105866
2290.690064229965,-71.62707532831779,-71.62707532831779
2290.7000642299654,-71.6237684760363,-71.6237684760363
2290.710064229965,-71.62047993127095,-71.62047993127095
2290.7200642299654,-71.61720981837027,-71.61720981837027
2290.730064229965,-71.61395825900837,-71.61395825900837
2290.7400642299654,-71.61072537223764,-71.61072537223764
2290.750064253807,-71.60751126683739,-71.60751126683739
2290.7600642538073,-71.60431607203611,-71.60431607203611
2290.770064253807,-71.60113989145017,-71.60113989145017
2290.7800642538073,-71.59798283390263,-71.59798283390263
2290.790064253807,-71.59484500573708,-71.59484500573708
2290.8000642538072,-71.59172651083902,-71.59172651083902
2290.810064253807,-71.5886274506884,-71.5886274506884
2290.8200642538072,-71.58554792438109,-71.58554792438109
2290.830064253807,-71.58248802865114,-71.58248802865114
2290.840064253807,-71.57944785790767,-71.57944785790767
2290.850064253807,-71.57642750426683,-71.57642750426683
2290.860064253807,-71.57342705758444,-71.57342705758444
2290.870064253807,-71.57044660546354,-71.57044660546354
2290.880064253807,-71.56748623330839,-71.56748623330839
2290.890064253807,-71.564546024343,-71.564546024343
2290.900064253807,-71.56162605963382,-71.56162605963382
2290.910064253807,-71.55872641813299,-71.55872641813299
2290.920064253807,-71.5558471766833,-71.5558471766833
2290.930064253807,-71.55298841007408,-71.55298841007408
2290.940064253807,-71.55015019104182,-71.55015019104182
2290.950064253807,-71.54733259031273,-71.54733259031273
2290.960064253807,-71.54453567662213,-71.54453567662213
2290.970064253807,-71.54175951674875,-71.54175951674875
2290.980064253807,-71.53900417553099,-71.53900417553099
2290.990064253807,-71.53626971589937,-71.53626971589937
2291.000064253807,-71.53355619890546,-71.53355619890546
2291.0100642538073,-71.53086368372807,-71.53086368372807
2291.020064253807,-71.52819222772733,-71.52819222772733
2291.0300642538073,-71.52554188644375,-71.52554188644375
2291.040064253807,-71.52291271363212,-71.52291271363212
2291.0500642538072,-71.52030476130074,-71.52030476130074
2291.060064253807,-71.51771807970913,-71.51771807970913
2291.0700642538072,-71.5151527173983,-71.5151527173983
2291.080064253807,-71.51260872123926,-71.51260872123926
2291.090064253807,-71.5100861364129,-71.5100861364129
2291.100064253807,-71.50758500647791,-71.50758500647791
2291.110064253807,-71.50510537335776,-71.50510537335776
2291.120064253807,-71.50264727738362,-71.50264727738362
2291.130064253807,-71.50021075730464,-71.50021075730464
2291.140064253807,-71.49779585032583,-71.49779585032583
2291.150064253807,-71.49540259210573,-71.49540259210573
2291.160064253807,-71.49303101679936,-71.49303101679936
2291.170064253807,-71.49068115707358,-71.49068115707358
2291.180064253807,-71.48835304411914,-71.48835304411914
2291.190064253807,-71.48604670767885,-71.48604670767885
2291.200064253807,-71.48376217607624,-71.48376217607624
2291.210064253807,-71.48149947621356,-71.48149947621356
2291.220064253807,-71.47925863360567,-71.47925863360567
2291.230064253807,-71.47703967240551,-71.47703967240551
2291.240064253807,-71.47484261541206,-71.47484261541206
2291.250064253807,-71.47266748409596,-71.47266748409596
2291.2600642538073,-71.47051429861243,-71.47051429861243
2291.270064253807,-71.4683830778274,-71.4683830778274
2291.2800642538073,-71.46627383933718,-71.46627383933718
2291.290064253807,-71.46418659947571,-71.46418659947571
2291.3000642538072,-71.46212137334777,-71.46212137334777
2291.310064253807,-71.46007817482293,-71.46007817482293
2291.3200642538072,-71.45805701657511,-71.45805701657511
2291.330064253807,-71.45605791010809,-71.45605791010809
2291.340064253807,-71.45408086573778,-71.45408086573778
2291.350064253807,-71.45212589263356,-71.45212589263356
2291.360064253807,-71.45019299885082,-71.45019299885082
2291.370064253807,-71.44828219129502,-71.44828219129502
2291.380064253807,-71.44639347579717,-71.44639347579717
2291.390064253807,-71.44452685709759,-71.44452685709759
2291.400064253807,-71.44268233885401,-71.44268233885401
2291.410064253807,-71.44085992370182,-71.44085992370182
2291.420064253807,-71.43905961320623,-71.43905961320623
2291.430064253807,-71.43728140792439,-71.43728140792439
2291.440064253807,-71.43552530741461,-71.43552530741461
2291.450064253807,-71.43379131023183,-71.43379131023183
2291.460064253807,-71.432073189114,-71.432073189114
2291.470064253807,-71.4303682172883,-71.4303682172883
2291.480064253807,-71.42867506738564,-71.42867506738564
2291.490064253807,-71.42699305980035,-71.42699305980035
2291.500064253807,-71.42532187563404,-71.42532187563404
2291.5100642538073,-71.42366140751182,-71.42366140751182
2291.520064253807,-71.42201167203426,-71.42201167203426
2291.5300642538073,-71.42037275713624,-71.42037275713624
2291.540064253807,-71.4187447904069,-71.4187447904069
2291.5500642538072,-71.41712792007628,-71.41712792007628
2291.560064253807,-71.41552230367405,-71.41552230367405
2291.5700642538072,-71.41392810136713,-71.41392810136713
2291.580064253807,-71.4123454721404,-71.4123454721404
2291.590064253807,-71.41077457173968,-71.41077457173968
2291.600064277649,-71.40921554790393,-71.40921554790393
2291.610064277649,-71.4076685548442,-71.4076685548442
2291.620064277649,-71.40613373086016,-71.40613373086016
2291.630064277649,-71.40461121340279,-71.40461121340279
2291.640064277649,-71.40310113562707,-71.40310113562707
2291.650064277649,-71.40160362666545,-71.40160362666545
2291.660064277649,-71.40011881197621,-71.40011881197621
2291.670064277649,-71.39864681358739,-71.39864681358739
2291.680064277649,-71.39718775043012,-71.39718775043012
2291.690064277649,-71.39574173854318,-71.39574173854318
2291.700064277649,-71.39430889131381,-71.39430889131381
2291.710064277649,-71.39288931966017,-71.39288931966017
2291.720064277649,-71.39148313219769,-71.39148313219769
2291.730064277649,-71.3900904353807,-71.3900904353807
2291.740064277649,-71.38871133362152,-71.38871133362152
2291.750064277649,-71.38734592939817,-71.38734592939817
2291.760064277649,-71.38599432332246,-71.38599432332246
2291.770064277649,-71.38465661423399,-71.38465661423399
2291.7800642776488,-71.38333289926312,-71.38333289926312
2291.790064277649,-71.38202327385069,-71.38202327385069
2291.8000642776487,-71.38072783183108,-71.38072783183108
2291.810064277649,-71.37944666542599,-71.37944666542599
2291.8200642776487,-71.37817986531752,-71.37817986531752
2291.830064277649,-71.37692752062831,-71.37692752062831
2291.8400642776487,-71.37568971897505,-71.37568971897505
2291.850064277649,-71.37446654647044,-71.37446654647044
2291.860064277649,-71.37325808772238,-71.37325808772238
2291.870064277649,-71.3720644258895,-71.3720644258895
2291.880064277649,-71.3708856426352,-71.3708856426352
2291.890064277649,-71.36972181817488,-71.36972181817488
2291.900064277649,-71.36857303126557,-71.36857303126557
2291.910064277649,-71.36743935920711,-71.36743935920711
2291.920064277649,-71.36632087786067,-71.36632087786067
2291.930064277649,-71.36521766164455,-71.36521766164455
2291.940064277649,-71.3641297835423,-71.3641297835423
2291.950064277649,-71.36305731509701,-71.36305731509701
2291.960064277649,-71.36200032641923,-71.36200032641923
2291.970064277649,-71.36095888619958,-71.36095888619958
2291.980064277649,-71.35993306169627,-71.35993306169627
2291.990064277649,-71.3589229187527,-71.3589229187527
2292.000064277649,-71.35792852179485,-71.35792852179485
2292.010064277649,-71.35694993383333,-71.35694993383333
2292.020064277649,-71.35598721645934,-71.35598721645934
2292.0300642776488,-71.35504042987802,-71.35504042987802
2292.040064277649,-71.3541096328832,-71.3541096328832
2292.0500642776487,-71.35319488287956,-71.35319488287956
2292.060064277649,-71.35229623587531,-71.35229623587531
2292.0700642776487,-71.35141374650372,-71.35141374650372
2292.080064277649,-71.35054746801215,-71.35054746801215
2292.0900642776487,-71.34969745228464,-71.34969745228464
2292.100064277649,-71.34886374983324,-71.34886374983324
2292.110064277649,-71.34804640981316,-71.34804640981316
2292.120064277649,-71.34724548004965,-71.34724548004965
2292.130064277649,-71.34646100699499,-71.34646100699499
2292.140064277649,-71.34569303579019,-71.34569303579019
2292.150064277649,-71.34494161023339,-71.34494161023339
2292.160064277649,-71.34420677282137,-71.34420677282137
2292.170064277649,-71.3434885647449,-71.3434885647449
2292.180064277649,-71.34278702587554,-71.34278702587554
2292.190064277649,-71.34210219481608,-71.34210219481608
2292.200064277649,-71.34143410888743,-71.34143410888743
2292.210064277649,-71.3407828041305,-71.3407828041305
2292.220064277649,-71.34014831533234,-71.34014831533234
2292.230064277649,-71.33953067603086,-71.33953067603086
2292.240064277649,-71.33892991853493,-71.33892991853493
2292.250064277649,-71.33834607390698,-71.33834607390698
2292.260064277649,-71.33777917200877,-71.33777917200877
2292.270064277649,-71.33722924148634,-71.33722924148634
2292.2800642776488,-71.33669630980557,-71.33669630980557
2292.290064277649,-71.33618040323432,-71.33618040323432
2292.3000642776487,-71.33568154687204,-71.33568154687204
2292.310064277649,-71.33519976466627,-71.33519976466627
2292.3200642776487,-71.33473507940666,-71.33473507940666
2292.330064277649,-71.33428751275268,-71.33428751275268
2292.3400642776487,-71.33385708523431,-71.33385708523431
2292.350064277649,-71.33344381628257,-71.33344381628257
2292.360064277649,-71.33304772420622,-71.33304772420622
2292.370064277649,-71.33266882624586,-71.33266882624586
2292.380064277649,-71.33230713855666,-71.33230713855666
2292.390064277649,-71.33196267623067,-71.33196267623067
2292.400064277649,-71.33163545331038,-71.33163545331038
2292.410064277649,-71.3313254827896,-71.3313254827896
2292.420064277649,-71.33103277665171,-71.33103277665171
2292.430064277649,-71.33075734585346,-71.33075734585346
2292.440064277649,-71.33049920035417,-71.33049920035417
2292.450064301491,-71.33025834854604,-71.33025834854604
2292.460064301491,-71.33003479960907,-71.33003479960907
2292.4700643014908,-71.32982855994409,-71.32982855994409
2292.480064301491,-71.32963963561934,-71.32963963561934
2292.4900643014907,-71.32946803176317,-71.32946803176317
2292.500064301491,-71.32931375257014,-71.32931375257014
2292.5100643014907,-71.32917680132567,-71.32917680132567
2292.520064301491,-71.32905718040332,-71.32905718040332
2292.5300643014907,-71.32895489129032,-71.32895489129032
2292.540064301491,-71.32886993459195,-71.32886993459195
2292.5500643014907,-71.32880231003324,-71.32880231003324
2292.560064301491,-71.32875201649728,-71.32875201649728
2292.5700643014907,-71.32871905201054,-71.32871905201054
2292.580064301491,-71.32870341377117,-71.32870341377117
2292.5900643014907,-71.32870509815596,-71.32870509815596
2292.600064301491,-71.32872410072844,-71.32872410072844
2292.6100643014906,-71.32876041625974,-71.32876041625974
2292.620064301491,-71.32881403872186,-71.32881403872186
2292.6300643014906,-71.32888496132132,-71.32888496132132
2292.640064301491,-71.32897317649922,-71.32897317649922
2292.6500643014906,-71.32907867593792,-71.32907867593792
2292.660064301491,-71.32920145059002,-71.32920145059002
2292.6700643014906,-71.32934149065886,-71.32934149065886
2292.680064301491,-71.3294987856422,-71.3294987856422
2292.6900643014906,-71.32967332432126,-71.32967332432126
2292.700064301491,-71.32986509477895,-71.32986509477895
2292.710064301491,-71.33007408442053,-71.33007408442053
2292.7200643014908,-71.33030027996581,-71.33030027996581
2292.730064301491,-71.33054366745903,-71.33054366745903
2292.7400643014907,-71.33080423230861,-71.33080423230861
2292.750064301491,-71.33108195926548,-71.33108195926548
2292.7600643014907,-71.3313768324456,-71.3313768324456
2292.770064301491,-71.33168883534522,-71.33168883534522
2292.7800643014907,-71.33201795083045,-71.33201795083045
2292.790064301491,-71.3323641611783,-71.3323641611783
2292.8000643014907,-71.33272744806501,-71.33272744806501
2292.810064301491,-71.33310779257836,-71.33310779257836
2292.8200643014907,-71.333505175236,-71.333505175236
2292.830064301491,-71.33391957597476,-71.33391957597476
2292.8400643014907,-71.3343509741924,-71.3343509741924
2292.850064301491,-71.33479934872564,-71.33479934872564
2292.8600643014906,-71.33526467787952,-71.33526467787952
2292.870064301491,-71.33574693942683,-71.33574693942683
2292.8800643014906,-71.33624611062163,-71.33624611062163
2292.890064301491,-71.33676216819772,-71.33676216819772
2292.9000643014906,-71.33729508839889,-71.33729508839889
2292.910064301491,-71.3378448469639,-71.3378448469639
2292.9200643014906,-71.33841141915592,-71.33841141915592
2292.930064301491,-71.33899477975784,-71.33899477975784
2292.9400643014906,-71.33959490308189,-71.33959490308189
2292.950064301491,-71.34021176296899,-71.34021176296899
2292.960064301491,-71.3408391130395,-71.3408391130395
2292.9700643014908,-71.34147420291474,-71.34147420291474
2292.980064301491,-71.34211568007743,-71.34211568007743
2292.9900643014907,-71.34276283923785,-71.34276283923785
2293.000064301491,-71.34341533574148,-71.34341533574148
2293.0100643014907,-71.34407303663949,-71.34407303663949
2293.020064301491,-71.34473593330571,-71.34473593330571
2293.0300643014907,-71.34540408895174,-71.34540408895174
2293.040064301491,-71.34607760699058,-71.34607760699058
2293.0500643014907,-71.3467566120993,-71.3467566120993
2293.060064301491,-71.34744123886348,-71.34744123886348
2293.0700643014907,-71.34813162516089,-71.34813162516089
2293.080064301491,-71.34882790833639,-71.34882790833639
2293.0900643014907,-71.34953022310908,-71.34953022310908
2293.100064301491,-71.35023870055335,-71.35023870055335
2293.1100643014906,-71.35095346763937,-71.35095346763937
2293.120064301491,-71.35167464722842,-71.35167464722842
2293.1300643014906,-71.35240235818229,-71.35240235818229
2293.140064301491,-71.35313671561265,-71.35313671561265
2293.1500643014906,-71.35387783119997,-71.35387783119997
2293.160064301491,-71.35462581345094,-71.35462581345094
2293.1700643014906,-71.35538076801376,-71.35538076801376
2293.180064301491,-71.3561427979315,-71.3561427979315
2293.1900643014906,-71.35691200386017,-71.35691200386017
2293.200064301491,-71.35768848430534,-71.35768848430534
2293.210064301491,-71.35847233578377,-71.35847233578377
2293.2200643014908,-71.35926365298256,-71.35926365298256
2293.230064301491,-71.36006252889358,-71.36006252889358
2293.2400643014907,-71.36086905491426,-71.36086905491426
2293.250064301491,-71.36168332095637,-71.36168332095637
2293.2600643014907,-71.36250541550221,-71.36250541550221
2293.270064301491,-71.36333542568742,-71.36333542568742
2293.2800643014907,-71.36417343735592,-71.36417343735592
2293.290064301491,-71.36501953507972,-71.36501953507972
2293.3000643253326,-71.36587380426131,-71.36587380426131
2293.310064325333,-71.36673632300233,-71.36673632300233
2293.3200643253326,-71.36760717431882,-71.36760717431882
2293.330064325333,-71.36848643804147,-71.36848643804147
2293.3400643253326,-71.36937419286812,-71.36937419286812
2293.350064325333,-71.37027051635906,-71.37027051635906
2293.3600643253326,-71.37117548496025,-71.37117548496025
2293.370064325333,-71.37208917399495,-71.37208917399495
2293.3800643253326,-71.37301165766134,-71.37301165766134
2293.390064325333,-71.37394300905676,-71.37394300905676
2293.4000643253326,-71.37488330015952,-71.37488330015952
2293.4100643253328,-71.37583260182545,-71.37583260182545
2293.4200643253325,-71.37679098381497,-71.37679098381497
2293.4300643253328,-71.37775851476067,-71.37775851476067
2293.4400643253325,-71.37873526217504,-71.37873526217504
2293.4500643253327,-71.37972129245738,-71.37972129245738
2293.4600643253325,-71.38071667089682,-71.38071667089682
2293.4700643253327,-71.38172146164791,-71.38172146164791
2293.4800643253325,-71.38273572774439,-71.38273572774439
2293.4900643253327,-71.38375953110275,-71.38375953110275
2293.5000643253325,-71.38479293251193,-71.38479293251193
2293.5100643253327,-71.3858359916284,-71.3858359916284
2293.5200643253324,-71.38688876699447,-71.38688876699447
2293.5300643253327,-71.38795131602909,-71.38795131602909
2293.5400643253324,-71.38902369500772,-71.38902369500772
2293.5500643253326,-71.39010595909922,-71.39010595909922
2293.560064325333,-71.39119816234994,-71.39119816234994
2293.5700643253326,-71.39230035768074,-71.39230035768074
2293.580064325333,-71.39341259689247,-71.39341259689247
2293.5900643253326,-71.39453493067417,-71.39453493067417
2293.600064325333,-71.3956674086008,-71.3956674086008
2293.6100643253326,-71.39681007914356,-71.39681007914356
2293.620064325333,-71.39796298965878,-71.39796298965878
2293.6300643253326,-71.39912618639401,-71.39912618639401
2293.640064325333,-71.40029971452182,-71.40029971452182
2293.6500643253326,-71.40148361810643,-71.40148361810643
2293.6600643253328,-71.40267794012607,-71.40267794012607
2293.6700643253325,-71.40388272247985,-71.40388272247985
2293.6800643253328,-71.40509800599418,-71.40509800599418
2293.6900643253325,-71.4063238304225,-71.4063238304225
2293.7000643253327,-71.40756023444912,-71.40756023444912
2293.7100643253325,-71.4088072557118,-71.4088072557118
2293.7200643253327,-71.41006493078596,-71.41006493078596
2293.7300643253325,-71.41133329521566,-71.41133329521566
2293.7400643253327,-71.41261238350252,-71.41261238350252
2293.7500643253325,-71.41390222912342,-71.41390222912342
2293.7600643253327,-71.41520286453985,-71.41520286453985
2293.7700643253324,-71.4165143211924,-71.4165143211924
2293.7800643253327,-71.41783662952116,-71.41783662952116
2293.7900643253324,-71.41916981898554,-71.41916981898554
2293.8000643253326,-71.42051391803471,-71.42051391803471
2293.810064325333,-71.4218689541507,-71.4218689541507
2293.8200643253326,-71.42323495385354,-71.42323495385354
2293.830064325333,-71.42461194269332,-71.42461194269332
2293.8400643253326,-71.42599994527188,-71.42599994527188
2293.850064325333,-71.4273989852544,-71.4273989852544
2293.8600643253326,-71.42880908537651,-71.42880908537651
2293.870064325333,-71.43023026744433,-71.43023026744433
2293.8800643253326,-71.4316625523548,-71.4316625523548
2293.890064325333,-71.43310596009813,-71.43310596009813
2293.9000643253326,-71.43456050977899,-71.43456050977899
2293.9100643253328,-71.43602621960274,-71.43602621960274
2293.9200643253325,-71.43750310691532,-71.43750310691532
2293.9300643253328,-71.43899118819336,-71.43899118819336
2293.9400643253325,-71.44049047907426,-71.44049047907426
2293.9500643253327,-71.44200099431724,-71.44200099431724
2293.9600643253325,-71.44351651836662,-71.44351651836662
2293.9700643253327,-71.44503433605301,-71.44503433605301
2293.9800643253325,-71.44655313151553,-71.44655313151553
2293.9900643253327,-71.44807223650959,-71.44807223650959
2294.0000643253325,-71.44959134345126,-71.44959134345126
2294.0100643253327,-71.45111035634231,-71.45111035634231
2294.0200643253324,-71.45262930330816,-71.45262930330816
2294.0300643253327,-71.45414828406406,-71.45414828406406
2294.0400643253324,-71.45566743829309,-71.45566743829309
2294.0500643253326,-71.45718692665423,-71.45718692665423
2294.060064325333,-71.45870691947663,-71.45870691947663
2294.0700643253326,-71.4602275901082,-71.4602275901082
2294.080064325333,-71.46174911110114,-71.46174911110114
2294.0900643253326,-71.4632716521192,-71.4632716521192
2294.100064325333,-71.46479537890048,-71.46479537890048
2294.1100643253326,-71.46632045283438,-71.46632045283438
2294.120064325333,-71.46784703090997,-71.46784703090997
2294.1300643253326,-71.46937526585796,-71.46937526585796
2294.140064325333,-71.47090530638394,-71.47090530638394
2294.1500643491745,-71.47243730112008,-71.47243730112008
2294.1600643491747,-71.47397138433512,-71.47397138433512
2294.1700643491745,-71.47550769807903,-71.47550769807903
2294.1800643491747,-71.47704637788082,-71.47704637788082
2294.1900643491745,-71.47858755662338,-71.47858755662338
2294.2000643491747,-71.48013136473459,-71.48013136473459
2294.2100643491744,-71.4816779304058,-71.4816779304058
2294.2200643491747,-71.48322737970113,-71.48322737970113
2294.2300643491744,-71.48477983671452,-71.48477983671452
2294.2400643491746,-71.48633542368584,-71.48633542368584
2294.2500643491744,-71.4878942610863,-71.4878942610863
2294.2600643491746,-71.48945646769012,-71.48945646769012
2294.2700643491744,-71.49102216064978,-71.49102216064978
2294.2800643491746,-71.49259145554456,-71.49259145554456
2294.2900643491744,-71.49416446644273,-71.49416446644273
2294.3000643491746,-71.49574130590635,-71.49574130590635
2294.3100643491744,-71.49732208504909,-71.49732208504909
2294.3200643491746,-71.49890691353876,-71.49890691353876
2294.3300643491743,-71.50049589964284,-71.50049589964284
2294.3400643491746,-71.50208915020863,-71.50208915020863
2294.3500643491743,-71.50368677070212,-71.50368677070212
2294.3600643491745,-71.50528886521035,-71.50528886521035
2294.3700643491743,-71.50689553644867,-71.50689553644867
2294.3800643491745,-71.50850688576178,-71.50850688576178
2294.3900643491743,-71.51012301313065,-71.51012301313065
2294.4000643491745,-71.5117440171693,-71.5117440171693
2294.4100643491747,-71.51336999514896,-71.51336999514896
2294.4200643491745,-71.51500104296183,-71.51500104296183
2294.4300643491747,-71.5166372551549,-71.5166372551549
2294.4400643491745,-71.51827872492285,-71.51827872492285
2294.4500643491747,-71.51992554409328,-71.51992554409328
2294.4600643491744,-71.52157156717544,-71.52157156717544
2294.4700643491747,-71.52321415233952,-71.52321415233952
2294.4800643491744,-71.52485205798638,-71.52485205798638
2294.4900643491746,-71.5264846902011,-71.5264846902011
2294.5000643491744,-71.5281118155441,-71.5281118155441
2294.5100643491746,-71.52973341177001,-71.52973341177001
2294.5200643491744,-71.53134958031903,-71.53134958031903
2294.5300643491746,-71.53296049370846,-71.53296049370846
2294.5400643491744,-71.53456636389166,-71.53456636389166
2294.5500643491746,-71.5361674232576,-71.5361674232576
2294.5600643491744,-71.53776391329788,-71.53776391329788
2294.5700643491746,-71.53935607792866,-71.53935607792866
2294.5800643491743,-71.54094415969234,-71.54094415969234
2294.5900643491746,-71.5425283976451,-71.5425283976451
2294.6000643491743,-71.54410902631655,-71.54410902631655
2294.6100643491745,-71.54568627527887,-71.54568627527887
2294.6200643491743,-71.54726036908396,-71.54726036908396
2294.6300643491745,-71.54883152742111,-71.54883152742111
2294.6400643491743,-71.55039996531906,-71.55039996531906
2294.6500643491745,-71.55196589347614,-71.55196589347614
2294.6600643491747,-71.5535295185103,-71.5535295185103
2294.6700643491745,-71.55509104328092,-71.55509104328092
2294.6800643491747,-71.55665066711686,-71.55665066711686
2294.6900643491745,-71.55820858606268,-71.55820858606268
2294.7000643491747,-71.55976499308461,-71.55976499308461
2294.7100643491744,-71.56132007825359,-71.56132007825359
2294.7200643491747,-71.5628740288887,-71.5628740288887
2294.7300643491744,-71.56442702969004,-71.56442702969004
2294.7400643491746,-71.56597926285252,-71.56597926285252
2294.7500643491744,-71.56753090818046,-71.56753090818046
2294.7600643491746,-71.56908214311176,-71.56908214311176
2294.7700643491744,-71.57063314285547,-71.57063314285547
2294.7800643491746,-71.57218408038379,-71.57218408038379
2294.7900643491744,-71.57373512651344,-71.57373512651344
2294.8000643491746,-71.57528644994738,-71.57528644994738
2294.8100643491744,-71.57683821727888,-71.57683821727888
2294.8200643491746,-71.57839059303325,-71.57839059303325
2294.8300643491743,-71.57994373969896,-71.57994373969896
2294.8400643491746,-71.58149781772094,-71.58149781772094
2294.8500643491743,-71.58305298554379,-71.58305298554379
2294.8600643491745,-71.58460939959615,-71.58460939959615
2294.8700643491743,-71.58616721432458,-71.58616721432458
2294.8800643491745,-71.58772658217843,-71.58772658217843
2294.8900643491743,-71.5892876536421,-71.5892876536421
2294.9000643491745,-71.59085057722895,-71.59085057722895
2294.9100643491747,-71.59241549947853,-71.59241549947853
2294.9200643491745,-71.59398256498083,-71.59398256498083
2294.9300643491747,-71.59555191636521,-71.59555191636521
2294.9400643491745,-71.59712369432013,-71.59712369432013
2294.9500643491747,-71.5986980375776,-71.5986980375776
2294.9600643491744,-71.60027508294479,-71.60027508294479
2294.9700643491747,-71.60185496528277,-71.60185496528277
2294.9800643491744,-71.6034378175231,-71.6034378175231
2294.9900643491746,-71.60502377069187,-71.60502377069187
2295.0000643730164,-71.60661295767298,-71.60661295767298
2295.0100643730166,-71.60820549809327,-71.60820549809327
2295.0200643730163,-71.60980152101601,-71.60980152101601
2295.0300643730166,-71.61140114982716,-71.61140114982716
2295.0400643730163,-71.61300450603869,-71.61300450603869
2295.0500643730165,-71.61461170927222,-71.61461170927222
2295.0600643730163,-71.61622287727975,-71.61622287727975
2295.0700643730165,-71.61783812595812,-71.61783812595812
2295.0800643730163,-71.6194575693452,-71.6194575693452
2295.0900643730165,-71.62108131964506,-71.62108131964506
2295.1000643730163,-71.62270948721948,-71.62270948721948
2295.1100643730165,-71.62434218061291,-71.62434218061291
2295.1200643730162,-71.6259795065621,-71.6259795065621
2295.1300643730165,-71.62762157001052,-71.62762157001052
2295.1400643730162,-71.62926847410341,-71.62926847410341
2295.1500643730164,-71.63092032022026,-71.63092032022026
2295.160064373016,-71.63257720797476,-71.63257720797476
2295.1700643730164,-71.63423923522834,-71.63423923522834
2295.180064373016,-71.63590649811749,-71.63590649811749
2295.1900643730164,-71.63757909104983,-71.63757909104983
2295.200064373016,-71.63925710672864,-71.63925710672864
2295.2100643730164,-71.64094063615048,-71.64094063615048
2295.220064373016,-71.6426297686539,-71.6426297686539
2295.2300643730164,-71.644324591879,-71.644324591879
2295.240064373016,-71.64602519184633,-71.64602519184633
2295.2500643730164,-71.64773165292237,-71.64773165292237
2295.2600643730166,-71.64944405786149,-71.64944405786149
2295.2700643730163,-71.65116248780122,-71.65116248780122
2295.2800643730166,-71.65288702229938,-71.65288702229938
2295.2900643730163,-71.65461773932338,-71.65461773932338
2295.3000643730165,-71.65635471529174,-71.65635471529174
2295.3100643730163,-71.65809802507245,-71.65809802507245
2295.3200643730165,-71.65984774201456,-71.65984774201456
2295.3300643730163,-71.66160393794073,-71.66160393794073
2295.3400643730165,-71.66336668318777,-71.66336668318777
2295.3500643730163,-71.66513604659748,-71.66513604659748
2295.3600643730165,-71.666912095562,-71.666912095562
2295.3700643730162,-71.66869489601311,-71.66869489601311
2295.3800643730165,-71.67048451245809,-71.67048451245809
2295.3900643730162,-71.67228100797817,-71.67228100797817
2295.4000643730164,-71.67408444425692,-71.67408444425692
2295.410064373016,-71.67589488159057,-71.67589488159057
2295.4200643730164,-71.67771237890729,-71.67771237890729
2295.430064373016,-71.67953699379727,-71.67953699379727
2295.4400643730164,-71.68136878248477,-71.68136878248477
2295.450064373016,-71.68320779989106,-71.68320779989106
2295.4600643730164,-71.68505409963403,-71.68505409963403
2295.470064373016,-71.68690773403372,-71.68690773403372
2295.4800643730164,-71.68876875414414,-71.68876875414414
2295.490064373016,-71.69063720975024,-71.69063720975024
2295.5000643730164,-71.69251314940537,-71.69251314940537
2295.5100643730166,-71.69439662044086,-71.69439662044086
2295.5200643730163,-71.69628766896925,-71.69628766896925
2295.5300643730166,-71.69818633990391,-71.69818633990391
2295.5400643730163,-71.70009267698707,-71.70009267698707
2295.5500643730165,-71.70200672278948,-71.70200672278948
2295.5600643730163,-71.70392851873521,-71.70392851873521
2295.5700643730165,-71.705858105118,-71.705858105118
2295.5800643730163,-71.70779552110825,-71.70779552110825
2295.5900643730165,-71.70974080476877,-71.70974080476877
2295.6000643730163,-71.71169399308413,-71.71169399308413
2295.6100643730165,-71.71365512195624,-71.71365512195624
2295.6200643730162,-71.71562422622732,-71.71562422622732
2295.6300643730165,-71.71760133968898,-71.71760133968898
2295.6400643730162,-71.71958649511288,-71.71958649511288
2295.6500643730164,-71.72157972425043,-71.72157972425043
2295.660064373016,-71.7235810578459,-71.7235810578459
2295.6700643730164,-71.7255905256517,-71.7255905256517
2295.680064373016,-71.72760815645287,-71.72760815645287
2295.6900643730164,-71.72963397806707,-71.72963397806707
2295.700064373016,-71.73166801737665,-71.73166801737665
2295.7100643730164,-71.73370404587985,-71.73370404587985
2295.720064373016,-71.73573934964968,-71.73573934964968
2295.7300643730164,-71.73777261946395,-71.73777261946395
2295.740064373016,-71.73980319607094,-71.73980319607094
2295.7500643730164,-71.74183078208284,-71.74183078208284
2295.7600643730166,-71.74385529233263,-71.74385529233263
2295.7700643730163,-71.74587676611702,-71.74587676611702
2295.7800643730166,-71.74789531445879,-71.74789531445879
2295.7900643730163,-71.74991108841058,-71.74991108841058
2295.8000643730165,-71.75192425997675,-71.75192425997675
2295.8100643730163,-71.753935010813,-71.753935010813
2295.8200643730165,-71.75594352552055,-71.75594352552055
2295.8300643730163,-71.75794998786857,-71.75794998786857
2295.8400643730165,-71.75995457865459,-71.75995457865459
2295.850064396858,-71.76195747948844,-71.76195747948844
2295.8600643968584,-71.76395885322268,-71.76395885322268
2295.870064396858,-71.76595887259515,-71.76595887259515
2295.8800643968584,-71.76795770124751,-71.76795770124751
2295.890064396858,-71.7699554987447,-71.7699554987447
2295.9000643968584,-71.77195242088355,-71.77195242088355
2295.910064396858,-71.77394861998245,-71.77394861998245
2295.9200643968584,-71.77594424516371,-71.77594424516371
2295.930064396858,-71.77793944262433,-71.77793944262433
2295.9400643968584,-71.77993435587136,-71.77993435587136
2295.950064396858,-71.78192912593794,-71.78192912593794
2295.9600643968583,-71.78392389154293,-71.78392389154293
2295.970064396858,-71.78591878926527,-71.78591878926527
2295.9800643968583,-71.7879139536704,-71.7879139536704
2295.990064396858,-71.78990951742257,-71.78990951742257
2296.0000643968583,-71.79190561138334,-71.79190561138334
2296.010064396858,-71.79390236469587,-71.79390236469587
2296.0200643968583,-71.79589990482847,-71.79589990482847
2296.030064396858,-71.79789835766465,-71.79789835766465
2296.0400643968583,-71.79989784749395,-71.79989784749395
2296.050064396858,-71.80189849712548,-71.80189849712548
2296.0600643968583,-71.80390042783964,-71.80390042783964
2296.070064396858,-71.80590375947477,-71.80590375947477
2296.0800643968582,-71.80790861040757,-71.80790861040757
2296.090064396858,-71.80991509758084,-71.80991509758084
2296.100064396858,-71.81192333651299,-71.81192333651299
2296.1100643968584,-71.81393344132202,-71.81393344132202
2296.120064396858,-71.81594552471388,-71.81594552471388
2296.1300643968584,-71.81795969799026,-71.81795969799026
2296.140064396858,-71.81997607106412,-71.81997607106412
2296.1500643968584,-71.8219947524605,-71.8219947524605
2296.160064396858,-71.8240158493081,-71.8240158493081
2296.1700643968584,-71.826039467341,-71.826039467341
2296.180064396858,-71.82806571093008,-71.82806571093008
2296.1900643968584,-71.83009468303584,-71.83009468303584
2296.200064396858,-71.83212648524598,-71.83212648524598
2296.2100643968583,-71.83416121775217,-71.83416121775217
2296.220064396858,-71.83619897938931,-71.83619897938931
2296.2300643968583,-71.83823986757767,-71.83823986757767
2296.240064396858,-71.84028397837723,-71.84028397837723
2296.2500643968583,-71.84233140646849,-71.84233140646849
2296.260064396858,-71.84438224514744,-71.84438224514744
2296.2700643968583,-71.84643658634221,-71.84643658634221
2296.280064396858,-71.84845301690625,-71.84845301690625
2296.2900643968583,-71.85041454672329,-71.85041454672329
2296.300064396858,-71.85231193615026,-71.85231193615026
2296.3100643968583,-71.85413999493704,-71.85413999493704
2296.320064396858,-71.85589599886491,-71.85589599886491
2296.3300643968582,-71.85757869841196,-71.85757869841196
2296.340064396858,-71.85918769986041,-71.85918769986041
2296.350064396858,-71.86072309535473,-71.86072309535473
2296.3600643968584,-71.86218524830106,-71.86218524830106
2296.370064396858,-71.8635746713019,-71.8635746713019
2296.3800643968584,-71.86489195808818,-71.86489195808818
2296.390064396858,-71.86613774651555,-71.86613774651555
2296.4000643968584,-71.86731269906804,-71.86731269906804
2296.410064396858,-71.86841749321115,-71.86841749321115
2296.4200643968584,-71.86945281704816,-71.86945281704816
2296.430064396858,-71.87041936771206,-71.87041936771206
2296.4400643968584,-71.87131785107827,-71.87131785107827
2296.450064396858,-71.87214898201883,-71.87214898201883
2296.4600643968583,-71.87291348477531,-71.87291348477531
2296.470064396858,-71.87361209322845,-71.87361209322845
2296.4800643968583,-71.87424555101914,-71.87424555101914
2296.490064396858,-71.87481461150033,-71.87481461150033
2296.5000643968583,-71.8753200375102,-71.8753200375102
2296.510064396858,-71.87576260098189,-71.87576260098189
2296.5200643968583,-71.87614308248591,-71.87614308248591
2296.530064396858,-71.87646227062865,-71.87646227062865
2296.5400643968583,-71.8767209614448,-71.8767209614448
2296.550064396858,-71.87691995771506,-71.87691995771506
2296.5600643968583,-71.87706006828428,-71.87706006828428
2296.570064396858,-71.87714210736102,-71.87714210736102
2296.5800643968582,-71.8771668938346,-71.8771668938346
2296.590064396858,-71.8771352505708,-71.8771352505708
2296.600064396858,-71.87704800378525,-71.87704800378525
2296.6100643968584,-71.87690598238574,-71.87690598238574
2296.620064396858,-71.87671001731398,-71.87671001731398
2296.6300643968584,-71.87646094103565,-71.87646094103565
2296.640064396858,-71.87615958691727,-71.87615958691727
2296.6500643968584,-71.87572691510188,-71.87572691510188
2296.660064396858,-71.87513235600886,-71.87513235600886
2296.6700643968584,-71.87436200049876,-71.87436200049876
2296.680064396858,-71.87340888461044,-71.87340888461044
2296.6900643968584,-71.87226999034931,-71.87226999034931
2296.7000644207,-71.87094486030027,-71.87094486030027
2296.7100644207003,-71.8694347646863,-71.8694347646863
2296.7200644207,-71.86774211295851,-71.86774211295851
2296.7300644207003,-71.86587006771276,-71.86587006771276
2296.7400644207,-71.86382226686675,-71.86382226686675
2296.7500644207003,-71.86160263258667,-71.86160263258667
2296.7600644207,-71.85921523964511,-71.85921523964511
2296.7700644207002,-71.85666422543945,-71.85666422543945
2296.7800644207,-71.85395372914375,-71.85395372914375
2296.7900644207,-71.85108785120343,-71.85108785120343
2296.8000644207,-71.84807062708047,-71.84807062708047
2296.8100644207,-71.84490601076338,-71.84490601076338
2296.8200644207,-71.84159786512969,-71.84159786512969
2296.8300644207,-71.83814995690973,-71.83814995690973
2296.8400644207,-71.8345659548695,-71.8345659548695
2296.8500644207,-71.8308494300379,-71.8308494300379
2296.8600644207,-71.82700385734765,-71.82700385734765
2296.8700644207,-71.82303261811379,-71.82303261811379
2296.8800644207,-71.81893900304661,-71.81893900304661
2296.8900644207,-71.81472621551794,-71.81472621551794
2296.9000644207,-71.81039737493502,-71.81039737493502
2296.9100644207,-71.80595552012358,-71.80595552012358
2296.9200644207,-71.80140361263749,-71.80140361263749
2296.9300644207,-71.79674453992226,-71.79674453992226
2296.9400644207,-71.79198111838213,-71.79198111838213
2296.9500644207,-71.78711609626727,-71.78711609626727
2296.9600644207003,-71.78215215640397,-71.78215215640397
2296.9700644207,-71.77709191875803,-71.77709191875803
2296.9800644207003,-71.7719379428549,-71.7719379428549
2296.9900644207,-71.7666927300796,-71.7666927300796
2297.0000644207003,-71.76135872576594,-71.76135872576594
2297.0100644207,-71.75593832123923,-71.75593832123923
2297.0200644207002,-71.75043385568728,-71.75043385568728
2297.0300644207,-71.74484761793826,-71.74484761793826
2297.0400644207,-71.73918184810972,-71.73918184810972
2297.0500644207,-71.73343873922167,-71.73343873922167
2297.0600644207,-71.72762043864208,-71.72762043864208
2297.0700644207,-71.72172904952208,-71.72172904952208
2297.0800644207,-71.71576663209395,-71.71576663209395
2297.0900644207,-71.70973520498738,-71.70973520498738
2297.1000644207,-71.70363674634757,-71.70363674634757
2297.1100644207,-71.69747319503956,-71.69747319503956
2297.1200644207,-71.69124645169346,-71.69124645169346
2297.1300644207,-71.68495837973933,-71.68495837973933
2297.1400644207,-71.67861080641467,-71.67861080641467
2297.1500644207,-71.67220552366156,-71.67220552366156
2297.1600644207,-71.66574428906587,-71.66574428906587
2297.1700644207,-71.65922882669767,-71.65922882669767
2297.1800644207,-71.65266082793536,-71.65266082793536
2297.1900644207,-71.64604195227354,-71.64604195227354
2297.2000644207,-71.63937382805113,-71.63937382805113
2297.2100644207003,-71.63265805322251,-71.63265805322251
2297.2200644207,-71.62589619602944,-71.62589619602944
2297.2300644207003,-71.61908979568415,-71.61908979568415
2297.2400644207,-71.61224036303453,-71.61224036303453
2297.2500644207003,-71.6053493811763,-71.6053493811763
2297.2600644207,-71.59841830608215,-71.59841830608215
2297.2700644207002,-71.59144856717167,-71.59144856717167
2297.2800644207,-71.58444156787434,-71.58444156787434
2297.2900644207,-71.57739868619393,-71.57739868619393
2297.3000644207,-71.5703212752391,-71.5703212752391
2297.3100644207,-71.56321066371585,-71.56321066371585
2297.3200644207,-71.55606815646291,-71.55606815646291
2297.3300644207,-71.54889503490449,-71.54889503490449
2297.3400644207,-71.54169255753267,-71.54169255753267
2297.3500644207,-71.5344619603527,-71.5344619603527
2297.3600644207,-71.52720445733817,-71.52720445733817
2297.3700644207,-71.51992124085768,-71.51992124085768
2297.3800644207,-71.51261348207866,-71.51261348207866
2297.3900644207,-71.5052823313933,-71.5052823313933
2297.4000644207,-71.49792891880891,-71.49792891880891
2297.4100644207,-71.4905543543207,-71.4905543543207
2297.4200644207,-71.48315972829343,-71.48315972829343
2297.4300644207,-71.47574611183117,-71.47574611183117
2297.4400644207,-71.46831455713118,-71.46831455713118
2297.4500644207,-71.46086609782024,-71.46086609782024
2297.4600644207003,-71.45339554140129,-71.45339554140129
2297.4700644207,-71.4459011785575,-71.4459011785575
2297.4800644207003,-71.4383826793081,-71.4383826793081
2297.4900644207,-71.43084034137874,-71.43084034137874
2297.5000644207003,-71.42327480401114,-71.42327480401114
2297.5100644207,-71.41568689983873,-71.41568689983873
2297.5200644207002,-71.40807756830569,-71.40807756830569
2297.5300644207,-71.40044780387018,-71.40044780387018
2297.5400644207,-71.39279862499835,-71.39279862499835
2297.550064444542,-71.38513103748352,-71.38513103748352
2297.560064444542,-71.37744609654705,-71.37744609654705
2297.570064444542,-71.36974479131152,-71.36974479131152
2297.580064444542,-71.36202811399329,-71.36202811399329
2297.590064444542,-71.35429704006776,-71.35429704006776
2297.600064444542,-71.34655252746205,-71.34655252746205
2297.610064444542,-71.33879551642661,-71.33879551642661
2297.620064444542,-71.33102692968743,-71.33102692968743
2297.630064444542,-71.32324767283183,-71.32324767283183
2297.640064444542,-71.31545863479123,-71.31545863479123
2297.650064444542,-71.3076606883096,-71.3076606883096
2297.660064444542,-71.29985469045401,-71.29985469045401
2297.670064444542,-71.29204148311608,-71.29204148311608
2297.680064444542,-71.2842218934428,-71.2842218934428
2297.690064444542,-71.27639673428553,-71.27639673428553
2297.700064444542,-71.26856680456856,-71.26856680456856
2297.710064444542,-71.26073288965763,-71.26073288965763
2297.720064444542,-71.25289576170712,-71.25289576170712
2297.7300644445418,-71.24505617993765,-71.24505617993765
2297.740064444542,-71.23721489094555,-71.23721489094555
2297.7500644445417,-71.22937262896895,-71.22937262896895
2297.760064444542,-71.22153011610241,-71.22153011610241
2297.7700644445417,-71.21368806256073,-71.21368806256073
2297.780064444542,-71.20584716685087,-71.20584716685087
2297.7900644445417,-71.19800811602201,-71.19800811602201
2297.800064444542,-71.19017158581457,-71.19017158581457
2297.810064444542,-71.18233824087395,-71.18233824087395
2297.820064444542,-71.17450873490235,-71.17450873490235
2297.830064444542,-71.16668371082945,-71.16668371082945
2297.840064444542,-71.15886380098817,-71.15886380098817
2297.850064444542,-71.15104962724287,-71.15104962724287
2297.860064444542,-71.14324180116104,-71.14324180116104
2297.870064444542,-71.13544092412867,-71.13544092412867
2297.880064444542,-71.12764758753946,-71.12764758753946
2297.890064444542,-71.11986237287327,-71.11986237287327
2297.900064444542,-71.11208585187454,-71.11208585187454
2297.910064444542,-71.10431858666561,-71.10431858666561
2297.920064444542,-71.09656112987213,-71.09656112987213
2297.930064444542,-71.08881402475701,-71.08881402475701
2297.940064444542,-71.08107780533574,-71.08107780533574
2297.950064444542,-71.07335299649938,-71.07335299649938
2297.960064444542,-71.06564011414352,-71.06564011414352
2297.970064444542,-71.05793966527251,-71.05793966527251
2297.9800644445418,-71.05025214812302,-71.05025214812302
2297.990064444542,-71.04257805226875,-71.04257805226875
2298.0000644445417,-71.03491785875018,-71.03491785875018
2298.010064444542,-71.02727204016428,-71.02727204016428
2298.0200644445417,-71.01964106079633,-71.01964106079633
2298.030064444542,-71.01202537671595,-71.01202537671595
2298.0400644445417,-71.00442543587592,-71.00442543587592
2298.050064444542,-70.99684167823334,-70.99684167823334
2298.060064444542,-70.98927453585094,-70.98927453585094
2298.070064444542,-70.98172443299674,-70.98172443299674
2298.080064444542,-70.97419178624783,-70.97419178624783
2298.090064444542,-70.96667700458674,-70.96667700458674
2298.100064444542,-70.95918048950796,-70.95918048950796
2298.110064444542,-70.95170263511291,-70.95170263511291
2298.120064444542,-70.94424382821592,-70.94424382821592
2298.130064444542,-70.9368044484362,-70.9368044484362
2298.140064444542,-70.92938486826756,-70.92938486826756
2298.150064444542,-70.92198545323126,-70.92198545323126
2298.160064444542,-70.91460656190564,-70.91460656190564
2298.170064444542,-70.90724854606658,-70.90724854606658
2298.180064444542,-70.89991175075063,-70.89991175075063
2298.190064444542,-70.892596514365,-70.892596514365
2298.200064444542,-70.88530316875953,-70.88530316875953
2298.210064444542,-70.87803203932779,-70.87803203932779
2298.220064444542,-70.8707834450807,-70.8707834450807
2298.2300644445418,-70.86355769875857,-70.86355769875857
2298.240064444542,-70.85635510688626,-70.85635510688626
2298.2500644445417,-70.84917596988645,-70.84917596988645
2298.260064444542,-70.84202058214093,-70.84202058214093
2298.2700644445417,-70.83488923207572,-70.83488923207572
2298.280064444542,-70.82778220225501,-70.82778220225501
2298.2900644445417,-70.82069976946642,-70.82069976946642
2298.300064444542,-70.8136422047668,-70.8136422047668
2298.310064444542,-70.80660977360823,-70.80660977360823
2298.320064444542,-70.79960273587636,-70.79960273587636
2298.330064444542,-70.79262134599594,-70.79262134599594
2298.340064444542,-70.78566585298923,-70.78566585298923
2298.350064444542,-70.77873650055973,-70.77873650055973
2298.360064444542,-70.77183352716315,-70.77183352716315
2298.370064444542,-70.764957166079,-70.764957166079
2298.380064444542,-70.75810764550323,-70.75810764550323
2298.390064444542,-70.7512851885805,-70.7512851885805
2298.400064468384,-70.74448999733538,-70.74448999733538
2298.410064468384,-70.73772231751758,-70.73772231751758
2298.4200644683838,-70.73098234135789,-70.73098234135789
2298.430064468384,-70.72427027260682,-70.72427027260682
2298.4400644683838,-70.71758631033377,-70.71758631033377
2298.450064468384,-70.7109306489867,-70.7109306489867
2298.4600644683837,-70.70430347847726,-70.70430347847726
2298.470064468384,-70.69770498421137,-70.69770498421137
2298.4800644683837,-70.69113534720091,-70.69113534720091
2298.490064468384,-70.68459474409529,-70.68459474409529
2298.5000644683837,-70.67808334724131,-70.67808334724131
2298.510064468384,-70.6716013247623,-70.6716013247623
2298.5200644683837,-70.6651488406244,-70.6651488406244
2298.530064468384,-70.65872605466095,-70.65872605466095
2298.5400644683837,-70.65233312267728,-70.65233312267728
2298.550064468384,-70.64597019647323,-70.64597019647323
2298.5600644683836,-70.63963742392957,-70.63963742392957
2298.570064468384,-70.63333494904795,-70.63333494904795
2298.5800644683836,-70.62706291201154,-70.62706291201154
2298.590064468384,-70.62082144923654,-70.62082144923654
2298.6000644683836,-70.6146106934452,-70.6146106934452
2298.610064468384,-70.60843077369614,-70.60843077369614
2298.6200644683836,-70.60228181546042,-70.60228181546042
2298.630064468384,-70.59616394065037,-70.59616394065037
2298.6400644683836,-70.59007726769569,-70.59007726769569
2298.650064468384,-70.58402191157845,-70.58402191157845
2298.660064468384,-70.57799798390151,-70.57799798390151
2298.6700644683838,-70.5720055929199,-70.5720055929199
2298.680064468384,-70.56604484360318,-70.56604484360318
2298.6900644683838,-70.56011583766788,-70.56011583766788
2298.700064468384,-70.55421867365564,-70.55421867365564
2298.7100644683837,-70.5483534469506,-70.5483534469506
2298.720064468384,-70.5425202498455,-70.5425202498455
2298.7300644683837,-70.5367191715795,-70.5367191715795
2298.740064468384,-70.5309502983821,-70.5309502983821
2298.7500644683837,-70.52521371354068,-70.52521371354068
2298.760064468384,-70.51950949740456,-70.51950949740456
2298.7700644683837,-70.51383772746937,-70.51383772746937
2298.780064468384,-70.50819847838049,-70.50819847838049
2298.7900644683837,-70.50259182202538,-70.50259182202538
2298.800064468384,-70.49701782753937,-70.49701782753937
2298.8100644683836,-70.49147656134369,-70.49147656134369
2298.820064468384,-70.48596808721388,-70.48596808721388
2298.8300644683836,-70.48049246630909,-70.48049246630909
2298.840064468384,-70.47504975719349,-70.47504975719349
2298.8500644683836,-70.4696400159044,-70.4696400159044
2298.860064468384,-70.46426329596909,-70.46426329596909
2298.8700644683836,-70.45891964846214,-70.45891964846214
2298.880064468384,-70.45360912202908,-70.45360912202908
2298.8900644683836,-70.44833176293432,-70.44833176293432
2298.900064468384,-70.44308761507725,-70.44308761507725
2298.910064468384,-70.43787672006064,-70.43787672006064
2298.9200644683838,-70.43269911719639,-70.43269911719639
2298.930064468384,-70.42755484355497,-70.42755484355497
2298.9400644683838,-70.42244393400621,-70.42244393400621
2298.950064468384,-70.41736642125089,-70.41736642125089
2298.9600644683837,-70.41232233583393,-70.41232233583393
2298.970064468384,-70.4073117062051,-70.4073117062051
2298.9800644683837,-70.40233455873664,-70.40233455873664
2298.990064468384,-70.39739091776457,-70.39739091776457
2299.0000644683837,-70.39248080561681,-70.39248080561681
2299.010064468384,-70.38760424264447,-70.38760424264447
2299.0200644683837,-70.38276124725085,-70.38276124725085
2299.030064468384,-70.3779518359201,-70.3779518359201
2299.0400644683837,-70.37317602326343,-70.37317602326343
2299.050064468384,-70.36843382202682,-70.36843382202682
2299.0600644683836,-70.3637252431392,-70.3637252431392
2299.070064468384,-70.35905029572798,-70.35905029572798
2299.0800644683836,-70.35440898715294,-70.35440898715294
2299.090064468384,-70.34980132304416,-70.34980132304416
2299.1000644683836,-70.34522730731295,-70.34522730731295
2299.110064468384,-70.3406869421858,-70.3406869421858
2299.1200644683836,-70.33618022824052,-70.33618022824052
2299.130064468384,-70.33170716441835,-70.33170716441835
2299.1400644683836,-70.32726774806565,-70.32726774806565
2299.150064468384,-70.32286197494196,-70.32286197494196
2299.160064468384,-70.31848983926032,-70.31848983926032
2299.1700644683838,-70.31415133370575,-70.31415133370575
2299.180064468384,-70.3098464494689,-70.3098464494689
2299.1900644683838,-70.30557517625202,-70.30557517625202
2299.200064468384,-70.30133750231232,-70.30133750231232
2299.2100644683837,-70.29713341448056,-70.29713341448056
2299.220064468384,-70.29296289817137,-70.29296289817137
2299.2300644683837,-70.2888259374347,-70.2888259374347
2299.240064468384,-70.28472251495307,-70.28472251495307
2299.2500644922256,-70.28065260237797,-70.28065260237797
2299.260064492226,-70.27661619923137,-70.27661619923137
2299.2700644922256,-70.27261327443831,-70.27261327443831
2299.280064492226,-70.26864380547948,-70.26864380547948
2299.2900644922256,-70.26470776858159,-70.26470776858159
2299.300064492226,-70.2608051387357,-70.2608051387357
2299.3100644922256,-70.25693588973346,-70.25693588973346
2299.320064492226,-70.25309999416308,-70.25309999416308
2299.3300644922256,-70.24929742347088,-70.24929742347088
2299.340064492226,-70.24552814793758,-70.24552814793758
2299.3500644922256,-70.24179213672657,-70.24179213672657
2299.360064492226,-70.238089357883,-70.238089357883
2299.3700644922255,-70.23441977837257,-70.23441977837257
2299.3800644922258,-70.23078336409152,-70.23078336409152
2299.3900644922255,-70.22718007988497,-70.22718007988497
2299.4000644922257,-70.22360988955667,-70.22360988955667
2299.4100644922255,-70.22007275590354,-70.22007275590354
2299.4200644922257,-70.21656864071794,-70.21656864071794
2299.4300644922255,-70.21309750483005,-70.21309750483005
2299.4400644922257,-70.20965930808302,-70.20965930808302
2299.4500644922255,-70.20625400939133,-70.20625400939133
2299.4600644922257,-70.20287546566693,-70.20287546566693
2299.4700644922254,-70.1995209712472,-70.1995209712472
2299.4800644922257,-70.1961891915936,-70.1961891915936
2299.4900644922254,-70.1928794249027,-70.1928794249027
2299.5000644922256,-70.18959132076908,-70.18959132076908
2299.510064492226,-70.1863247344065,-70.1863247344065
2299.5200644922256,-70.18307964130314,-70.18307964130314
2299.530064492226,-70.17985608605429,-70.17985608605429
2299.5400644922256,-70.17665415165355,-70.17665415165355
2299.550064492226,-70.17347394108134,-70.17347394108134
2299.5600644922256,-70.17031556641054,-70.17031556641054
2299.570064492226,-70.16717914239389,-70.16717914239389
2299.5800644922256,-70.1640647828102,-70.1640647828102
2299.590064492226,-70.16097259849026,-70.16097259849026
2299.6000644922256,-70.15790269634645,-70.15790269634645
2299.610064492226,-70.15485517898753,-70.15485517898753
2299.6200644922255,-70.15183014467077,-70.15183014467077
2299.6300644922258,-70.14882768747397,-70.14882768747397
2299.6400644922255,-70.1458478975493,-70.1458478975493
2299.6500644922257,-70.14289086137975,-70.14289086137975
2299.6600644922255,-70.13995666210722,-70.13995666210722
2299.6700644922257,-70.13704537979652,-70.13704537979652
2299.6800644922255,-70.134157091687,-70.134157091687
2299.6900644922257,-70.13129187242994,-70.13129187242994
2299.7000644922255,-70.1284497942965,-70.1284497942965
2299.7100644922257,-70.125630927344,-70.125630927344
2299.7200644922254,-70.1228353395616,-70.1228353395616
2299.7300644922257,-70.12006309700755,-70.12006309700755
2299.7400644922254,-70.11731426392757,-70.11731426392757
2299.7500644922256,-70.1145889028225,-70.1145889028225
2299.760064492226,-70.11188707454957,-70.11188707454957
2299.7700644922256,-70.10920883835432,-70.10920883835432
2299.780064492226,-70.10655425196444,-70.10655425196444
2299.7900644922256,-70.10392337160577,-70.10392337160577
2299.800064492226,-70.10131625205004,-70.10131625205004
2299.8100644922256,-70.09873294662951,-70.09873294662951
2299.820064492226,-70.0961735072764,-70.0961735072764
2299.8300644922256,-70.09363798453417,-70.09363798453417
2299.840064492226,-70.09112642758372,-70.09112642758372
2299.8500644922256,-70.08863888423807,-70.08863888423807
2299.860064492226,-70.08617540097295,-70.08617540097295
2299.8700644922255,-70.08373602290948,-70.08373602290948
2299.8800644922258,-70.08132079384936,-70.08132079384936
2299.8900644922255,-70.07892975626008,-70.07892975626008
2299.9000644922257,-70.07656295127808,-70.07656295127808
2299.9100644922255,-70.07422041872914,-70.07422041872914
2299.9200644922257,-70.07190219711222,-70.07190219711222
2299.9300644922255,-70.06960832361922,-70.06960832361922
2299.9400644922257,-70.06733883411734,-70.06733883411734
2299.9500644922255,-70.06509376315881,-70.06509376315881
2299.9600644922257,-70.06286705309797,-70.06286705309797
2299.9700644922254,-70.06065607643339,-70.06065607643339
2299.9800644922257,-70.05845957396042,-70.05845957396042
2299.9900644922254,-70.056276917858,-70.056276917858
2300.0000644922256,-70.054107830856,-70.054107830856
2300.010064492226,-70.05195224069213,-70.05195224069213
2300.0200644922256,-70.04981019486736,-70.04981019486736
2300.030064492226,-70.0476818095284,-70.0476818095284
2300.0400644922256,-70.04556723877906,-70.04556723877906
2300.050064492226,-70.04346665628906,-70.04346665628906
2300.0600644922256,-70.0413802443605,-70.0413802443605
2300.070064492226,-70.03930818751509,-70.03930818751509
2300.0800644922256,-70.03725066885423,-70.03725066885423
2300.090064492226,-70.03520786803043,-70.03520786803043
2300.1000645160675,-70.0331799554778,-70.0331799554778
2300.1100645160677,-70.03116711132157,-70.03116711132157
2300.1200645160675,-70.02916949625973,-70.02916949625973
2300.1300645160677,-70.02718727116965,-70.02718727116965
2300.1400645160675,-70.02522059245044,-70.02522059245044
2300.1500645160677,-70.02326961231563,-70.02326961231563
2300.1600645160675,-70.02133447907916,-70.02133447907916
2300.1700645160677,-70.01941533742385,-70.01941533742385
2300.1800645160674,-70.01751232864284,-70.01751232864284
2300.1900645160677,-70.015625590912,-70.015625590912
2300.2000645160674,-70.01375525942018,-70.01375525942018
2300.2100645160676,-70.01190146659786,-70.01190146659786
2300.2200645160674,-70.01006434223405,-70.01006434223405
2300.2300645160676,-70.0082440136109,-70.0082440136109
2300.2400645160674,-70.00644060561994,-70.00644060561994
2300.2500645160676,-70.00465424083497,-70.00465424083497
2300.2600645160674,-70.0028850395989,-70.0028850395989
2300.2700645160676,-70.00113312009486,-70.00113312009486
2300.2800645160673,-69.99939859838008,-69.99939859838008
2300.2900645160676,-69.99768158844002,-69.99768158844002
2300.3000645160673,-69.99598220223321,-69.99598220223321
2300.3100645160675,-69.99430054969905,-69.99430054969905
2300.3200645160673,-69.99263673880928,-69.99263673880928
2300.3300645160675,-69.99099087556219,-69.99099087556219
2300.3400645160673,-69.9893630640215,-69.9893630640215
2300.3500645160675,-69.98775340632952,-69.98775340632952
2300.3600645160677,-69.98616200269878,-69.98616200269878
2300.3700645160675,-69.98458895144869,-69.98458895144869
2300.3800645160677,-69.98303434898853,-69.98303434898853
2300.3900645160675,-69.98149828984889,-69.98149828984889
2300.4000645160677,-69.9799808666762,-69.9799808666762
2300.4100645160675,-69.97848217023892,-69.97848217023892
2300.4200645160677,-69.97700228943249,-69.97700228943249
2300.4300645160674,-69.97554131129475,-69.97554131129475
2300.4400645160677,-69.97409932099382,-69.97409932099382
2300.4500645160674,-69.97267640186152,-69.97267640186152
2300.4600645160676,-69.97126655110507,-69.97126655110507
2300.4700645160674,-69.96986719121468,-69.96986719121468
2300.4800645160676,-69.96847711097989,-69.96847711097989
2300.4900645160674,-69.96709572953398,-69.96709572953398
2300.5000645160676,-69.96572281586467,-69.96572281586467
2300.5100645160674,-69.96435834336286,-69.96435834336286
2300.5200645160676,-69.96300240466839,-69.96300240466839
2300.5300645160673,-69.96165516057556,-69.96165516057556
2300.5400645160676,-69.96031680934918,-69.96031680934918
2300.5500645160673,-69.9589875683241,-69.9589875683241
2300.5600645160675,-69.95766766298424,-69.95766766298424
2300.5700645160673,-69.95635732056068,-69.95635732056068
2300.5800645160675,-69.95505676636289,-69.95505676636289
2300.5900645160673,-69.95376622176728,-69.95376622176728
2300.6000645160675,-69.9524859032824,-69.9524859032824
2300.6100645160677,-69.95121602210142,-69.95121602210142
2300.6200645160675,-69.94995678411205,-69.94995678411205
2300.6300645160677,-69.94870838999539,-69.94870838999539
2300.6400645160675,-69.94747103551383,-69.94747103551383
2300.6500645160677,-69.94624491177154,-69.94624491177154
2300.6600645160675,-69.9450302055119,-69.9450302055119
2300.6700645160677,-69.94382709940609,-69.94382709940609
2300.6800645160674,-69.94263577230407,-69.94263577230407
2300.6900645160677,-69.94145639945938,-69.94145639945938
2300.7000645160674,-69.940289152737,-69.940289152737
2300.7100645160676,-69.93913420079485,-69.93913420079485
2300.7200645160674,-69.93799170923116,-69.93799170923116
2300.7300645160676,-69.9368618407146,-69.9368618407146
2300.7400645160674,-69.93574475511578,-69.93574475511578
2300.7500645160676,-69.93464060955893,-69.93464060955893
2300.7600645160674,-69.93354955855749,-69.93354955855749
2300.7700645160676,-69.93247175405295,-69.93247175405295
2300.7800645160673,-69.93140734545948,-69.93140734545948
2300.7900645160676,-69.930356479737,-69.930356479737
2300.8000645160673,-69.92931930144243,-69.92931930144243
2300.8100645160675,-69.92829595271996,-69.92829595271996
2300.8200645160673,-69.92728657337994,-69.92728657337994
2300.8300645160675,-69.92629130089192,-69.92629130089192
2300.8400645160673,-69.92531027042527,-69.92531027042527
2300.8500645160675,-69.92434361484668,-69.92434361484668
2300.8600645160677,-69.92339146476806,-69.92339146476806
2300.8700645160675,-69.9224539485341,-69.9224539485341
2300.8800645160677,-69.92153119224174,-69.92153119224174
2300.8900645160675,-69.92062331976909,-69.92062331976909
2300.9000645160677,-69.91973045276366,-69.91973045276366
2300.9100645160675,-69.91885271066587,-69.91885271066587
2300.9200645160677,-69.91799021072657,-69.91799021072657
2300.9300645160674,-69.91714306799383,-69.91714306799383
2300.9400645160677,-69.91631139534893,-69.91631139534893
2300.9500645399094,-69.915495301549,-69.915495301549
2300.9600645399096,-69.91469489908604,-69.91469489908604
2300.9700645399093,-69.91391029234836,-69.91391029234836
2300.9800645399096,-69.91314158560814,-69.91314158560814
2300.9900645399093,-69.9123888810027,-69.9123888810027
2301.0000645399095,-69.9116522785477,-69.9116522785477
2301.0100645399093,-69.91093187616072,-69.91093187616072
2301.0200645399095,-69.91022776966582,-69.91022776966582
2301.0300645399093,-69.90954005280054,-69.90954005280054
2301.0400645399095,-69.90886881724117,-69.90886881724117
2301.0500645399093,-69.90821415260251,-69.90821415260251
2301.0600645399095,-69.90757614645986,-69.90757614645986
2301.0700645399093,-69.90695488436779,-69.90695488436779
2301.0800645399095,-69.90635044986638,-69.90635044986638
2301.0900645399092,-69.90576292447818,-69.90576292447818
2301.1000645399095,-69.90519238776528,-69.90519238776528
2301.110064539909,-69.9046389173047,-69.9046389173047
2301.1200645399094,-69.90410258872585,-69.90410258872585
2301.130064539909,-69.90358347572291,-69.90358347572291
2301.1400645399094,-69.90308165006407,-69.90308165006407
2301.150064539909,-69.90259718160964,-69.90259718160964
2301.1600645399094,-69.90213013833137,-69.90213013833137
2301.170064539909,-69.90168058634424,-69.90168058634424
2301.1800645399094,-69.90124858989475,-69.90124858989475
2301.190064539909,-69.90083421138915,-69.90083421138915
2301.2000645399094,-69.90043751142903,-69.90043751142903
2301.2100645399096,-69.90005854880023,-69.90005854880023
2301.2200645399093,-69.89969738051342,-69.89969738051342
2301.2300645399096,-69.89935406180606,-69.89935406180606
2301.2400645399093,-69.89902864618108,-69.89902864618108
2301.2500645399095,-69.89872118539283,-69.89872118539283
2301.2600645399093,-69.89843172951046,-69.89843172951046
2301.2700645399095,-69.89816032689775,-69.89816032689775
2301.2800645399093,-69.89790702424075,-69.89790702424075
2301.2900645399095,-69.8976718665823,-69.8976718665823
2301.3000645399093,-69.89745489732512,-69.89745489732512
2301.3100645399095,-69.89725615825239,-69.89725615825239
2301.3200645399093,-69.89707568955606,-69.89707568955606
2301.3300645399095,-69.89691352984705,-69.89691352984705
2301.3400645399092,-69.89676971617563,-69.89676971617563
2301.3500645399095,-69.89664428405652,-69.89664428405652
2301.360064539909,-69.89653726747517,-69.89653726747517
2301.3700645399094,-69.89644869891931,-69.89644869891931
2301.380064539909,-69.89637860939882,-69.89637860939882
2301.3900645399094,-69.8963270284452,-69.8963270284452
2301.400064539909,-69.8962939841596,-69.8962939841596
2301.4100645399094,-69.89627950320063,-69.89627950320063
2301.420064539909,-69.89628361083167,-69.89628361083167
2301.4300645399094,-69.89630633092219,-69.89630633092219
2301.440064539909,-69.8963476859693,-69.8963476859693
2301.4500645399094,-69.89640769711538,-69.89640769711538
2301.4600645399096,-69.89648638417859,-69.89648638417859
2301.4700645399093,-69.89658376564724,-69.89658376564724
2301.4800645399096,-69.89669985872256,-69.89669985872256
2301.4900645399093,-69.8968346793249,-69.8968346793249
2301.5000645399095,-69.89698824211581,-69.89698824211581
2301.5100645399093,-69.8971605605049,-69.8971605605049
2301.5200645399095,-69.8973516466797,-69.8973516466797
2301.5300645399093,-69.89756151162511,-69.89756151162511
2301.5400645399095,-69.89779016512672,-69.89779016512672
2301.5500645399093,-69.89803761580635,-69.89803761580635
2301.5600645399095,-69.898303871124,-69.898303871124
2301.5700645399093,-69.89858893740752,-69.89858893740752
2301.5800645399095,-69.89889281985097,-69.89889281985097
2301.5900645399092,-69.8992155225612,-69.8992155225612
2301.6000645399095,-69.89955704853922,-69.89955704853922
2301.610064539909,-69.89991739972163,-69.89991739972163
2301.6200645399094,-69.90029657700333,-69.90029657700333
2301.630064539909,-69.90069458021392,-69.90069458021392
2301.6400645399094,-69.90111140818307,-69.90111140818307
2301.650064539909,-69.90154705872193,-69.90154705872193
2301.6600645399094,-69.90200152865907,-69.90200152865907
2301.670064539909,-69.90247481384141,-69.90247481384141
2301.6800645399094,-69.90296690915443,-69.90296690915443
2301.690064539909,-69.90347780854341,-69.90347780854341
2301.7000645399094,-69.90400750502607,-69.90400750502607
2301.7100645399096,-69.90454990800586,-69.90454990800586
2301.7200645399093,-69.90510235027996,-69.90510235027996
2301.7300645399096,-69.90566353137925,-69.90566353137925
2301.7400645399093,-69.90623278228824,-69.90623278228824
2301.7500645399095,-69.90680978507774,-69.90680978507774
2301.7600645399093,-69.90739442743788,-69.90739442743788
2301.7700645399095,-69.9079867174504,-69.9079867174504
2301.7800645399093,-69.90858673247217,-69.90858673247217
2301.7900645399095,-69.90919458837243,-69.90919458837243
2301.800064563751,-69.90981042260078,-69.90981042260078
2301.8100645637514,-69.91043437736333,-69.91043437736333
2301.820064563751,-69.91106660194573,-69.91106660194573
2301.8300645637514,-69.91170724325212,-69.91170724325212
2301.840064563751,-69.91235644524232,-69.91235644524232
2301.8500645637514,-69.91301434794124,-69.91301434794124
2301.860064563751,-69.91368108706777,-69.91368108706777
2301.8700645637514,-69.91435679395899,-69.91435679395899
2301.880064563751,-69.91504159575592,-69.91504159575592
2301.8900645637514,-69.91573561564316,-69.91573561564316
2301.900064563751,-69.91643897312599,-69.91643897312599
2301.9100645637513,-69.91715178433466,-69.91715178433466
2301.920064563751,-69.91787416230103,-69.91787416230103
2301.9300645637513,-69.91860621722287,-69.91860621722287
2301.940064563751,-69.91934805668632,-69.91934805668632
2301.9500645637513,-69.92009978586934,-69.92009978586934
2301.960064563751,-69.92086150773214,-69.92086150773214
2301.9700645637513,-69.92163332315664,-69.92163332315664
2301.980064563751,-69.92241533107548,-69.92241533107548
2301.9900645637513,-69.92320762859885,-69.92320762859885
2302.000064563751,-69.92401031108896,-69.92401031108896
2302.0100645637513,-69.92482347223817,-69.92482347223817
2302.020064563751,-69.92564720414676,-69.92564720414676
2302.0300645637512,-69.92648159736973,-69.92648159736973
2302.040064563751,-69.92732674095082,-69.92732674095082
2302.050064563751,-69.92818272248603,-69.92818272248603
2302.0600645637514,-69.9290496281321,-69.9290496281321
2302.070064563751,-69.92992754262546,-69.92992754262546
2302.0800645637514,-69.93081654931794,-69.93081654931794
2302.090064563751,-69.93171673019063,-69.93171673019063
2302.1000645637514,-69.93262816585411,-69.93262816585411
2302.110064563751,-69.93355093557508,-69.93355093557508
2302.1200645637514,-69.93448511726886,-69.93448511726886
2302.130064563751,-69.93543078751847,-69.93543078751847
2302.1400645637514,-69.93638802156813,-69.93638802156813
2302.150064563751,-69.93735689333542,-69.93735689333542
2302.1600645637513,-69.9383374754159,-69.9383374754159
2302.170064563751,-69.93932983907389,-69.93932983907389
2302.1800645637513,-69.94033405426313,-69.94033405426313
2302.190064563751,-69.94135018960864,-69.94135018960864
2302.2000645637513,-69.9423783124126,-69.9423783124126
2302.210064563751,-69.94341848866964,-69.94341848866964
2302.2200645637513,-69.94447078306071,-69.94447078306071
2302.230064563751,-69.94553525894521,-69.94553525894521
2302.2400645637513,-69.94661197838177,-69.94661197838177
2302.250064563751,-69.9477010021256,-69.9477010021256
2302.2600645637513,-69.94880238961237,-69.94880238961237
2302.270064563751,-69.9499161989846,-69.9499161989846
2302.2800645637512,-69.95104248708417,-69.95104248708417
2302.290064563751,-69.95218130946517,-69.95218130946517
2302.300064563751,-69.95333272037128,-69.95333272037128
2302.3100645637514,-69.95449677277911,-69.95449677277911
2302.320064563751,-69.95567351838801,-69.95567351838801
2302.3300645637514,-69.95686300760575,-69.95686300760575
2302.340064563751,-69.95806528957264,-69.95806528957264
2302.3500645637514,-69.95928041216803,-69.95928041216803
2302.360064563751,-69.96050842201637,-69.96050842201637
2302.3700645637514,-69.96174936448394,-69.96174936448394
2302.380064563751,-69.96300328368692,-69.96300328368692
2302.3900645637514,-69.96427022251989,-69.96427022251989
2302.400064563751,-69.96555022264197,-69.96555022264197
2302.4100645637513,-69.966843324487,-69.966843324487
2302.420064563751,-69.96814956727738,-69.96814956727738
2302.4300645637513,-69.96946898902313,-69.96946898902313
2302.440064563751,-69.97080162655114,-69.97080162655114
2302.4500645637513,-69.97214751549099,-69.97214751549099
2302.460064563751,-69.97350669030915,-69.97350669030915
2302.4700645637513,-69.97487918428301,-69.97487918428301
2302.480064563751,-69.97626502954081,-69.97626502954081
2302.4900645637513,-69.97766425706503,-69.97766425706503
2302.500064563751,-69.97907689670207,-69.97907689670207
2302.5100645637513,-69.98050297715506,-69.98050297715506
2302.520064563751,-69.98194252602032,-69.98194252602032
2302.5300645637512,-69.98339556978765,-69.98339556978765
2302.540064563751,-69.98486213385077,-69.98486213385077
2302.550064563751,-69.98634224250482,-69.98634224250482
2302.5600645637514,-69.98783591899762,-69.98783591899762
2302.570064563751,-69.98934318548027,-69.98934318548027
2302.5800645637514,-69.99086406307377,-69.99086406307377
2302.590064563751,-69.99239857184297,-69.99239857184297
2302.6000645637514,-69.99394673083764,-69.99394673083764
2302.610064563751,-69.9955085580852,-69.9955085580852
2302.6200645637514,-69.99708407059188,-69.99708407059188
2302.630064563751,-69.9986732843863,-69.9986732843863
2302.6400645637514,-70.0002762144995,-70.0002762144995
2302.650064587593,-70.00189287885519,-70.00189287885519
2302.6600645875933,-70.00352328289914,-70.00352328289914
2302.670064587593,-70.0051674425819,-70.0051674425819
2302.6800645875933,-70.00682536911454,-70.00682536911454
2302.690064587593,-70.00849707279987,-70.00849707279987
2302.7000645875933,-70.01018256301909,-70.01018256301909
2302.710064587593,-70.01188184824125,-70.01188184824125
2302.7200645875932,-70.01359493604915,-70.01359493604915
2302.730064587593,-70.01532183314663,-70.01532183314663
2302.740064587593,-70.01706254537467,-70.01706254537467
2302.750064587593,-70.01881707770458,-70.01881707770458
2302.760064587593,-70.02058543427792,-70.02058543427792
2302.770064587593,-70.02236761839008,-70.02236761839008
2302.780064587593,-70.0241636325215,-70.0241636325215
2302.790064587593,-70.02597347834534,-70.02597347834534
2302.800064587593,-70.02779715672071,-70.02779715672071
2302.810064587593,-70.02963466773889,-70.02963466773889
2302.820064587593,-70.03148601069263,-70.03148601069263
2302.830064587593,-70.03335118413364,-70.03335118413364
2302.840064587593,-70.03523018584016,-70.03523018584016
2302.850064587593,-70.03712301285233,-70.03712301285233
2302.860064587593,-70.03902966147534,-70.03902966147534
2302.870064587593,-70.04095012729528,-70.04095012729528
2302.880064587593,-70.04288440518809,-70.04288440518809
2302.890064587593,-70.0448324893305,-70.0448324893305
2302.900064587593,-70.04679437320532,-70.04679437320532
2302.9100645875933,-70.04877004961249,-70.04877004961249
2302.920064587593,-70.05075951069519,-70.05075951069519
2302.9300645875933,-70.0527627479221,-70.0527627479221
2302.940064587593,-70.05477975212942,-70.05477975212942
2302.9500645875933,-70.05681051351019,-70.05681051351019
2302.960064587593,-70.05885502162755,-70.05885502162755
2302.9700645875932,-70.06091326541842,-70.06091326541842
2302.980064587593,-70.06298523322464,-70.06298523322464
2302.990064587593,-70.06507091279732,-70.06507091279732
2303.000064587593,-70.06717029127529,-70.06717029127529
2303.010064587593,-70.0692833552298,-70.0692833552298
2303.020064587593,-70.07141009066252,-70.07141009066252
2303.030064587593,-70.07355048302573,-70.07355048302573
2303.040064587593,-70.07570451720612,-70.07570451720612
2303.050064587593,-70.07787217755181,-70.07787217755181
2303.060064587593,-70.08005344788484,-70.08005344788484
2303.070064587593,-70.08224831149522,-70.08224831149522
2303.080064587593,-70.08445675117295,-70.08445675117295
2303.090064587593,-70.0866787491851,-70.0866787491851
2303.100064587593,-70.0889142873145,-70.0889142873145
2303.110064587593,-70.09116334685119,-70.09116334685119
2303.120064587593,-70.09342590860254,-70.09342590860254
2303.130064587593,-70.095701952909,-70.095701952909
2303.140064587593,-70.09799145964547,-70.09799145964547
2303.150064587593,-70.10029440824043,-70.10029440824043
2303.1600645875933,-70.10261077766886,-70.10261077766886
2303.170064587593,-70.10494054647127,-70.10494054647127
2303.1800645875933,-70.10728369274845,-70.10728369274845
2303.190064587593,-70.10964019418766,-70.10964019418766
2303.2000645875933,-70.11201002806047,-70.11201002806047
2303.210064587593,-70.11439317122878,-70.11439317122878
2303.2200645875932,-70.1167896001633,-70.1167896001633
2303.230064587593,-70.11919929091688,-70.11919929091688
2303.240064587593,-70.12162221919658,-70.12162221919658
2303.250064587593,-70.12405836030473,-70.12405836030473
2303.260064587593,-70.12650768917362,-70.12650768917362
2303.270064587593,-70.12897018039118,-70.12897018039118
2303.280064587593,-70.13144580816396,-70.13144580816396
2303.290064587593,-70.13393454637117,-70.13393454637117
2303.300064587593,-70.13643636853872,-70.13643636853872
2303.310064587593,-70.13895124786313,-70.13895124786313
2303.320064587593,-70.14147915719838,-70.14147915719838
2303.330064587593,-70.14402006909425,-70.14402006909425
2303.340064587593,-70.14657395577161,-70.14657395577161
2303.350064587593,-70.14914078914843,-70.14914078914843
2303.360064587593,-70.15172054083351,-70.15172054083351
2303.370064587593,-70.15431318214561,-70.15431318214561
2303.380064587593,-70.15691868410615,-70.15691868410615
2303.390064587593,-70.1595370174559,-70.1595370174559
2303.400064587593,-70.16216815265079,-70.16216815265079
2303.4100645875933,-70.16481205987843,-70.16481205987843
2303.420064587593,-70.16746870906236,-70.16746870906236
2303.4300645875933,-70.17013806985605,-70.17013806985605
2303.440064587593,-70.17282011166267,-70.17282011166267
2303.4500645875933,-70.17551480363547,-70.17551480363547
2303.460064587593,-70.17821600167974,-70.17821600167974
2303.4700645875932,-70.18092099930192,-70.18092099930192
2303.480064587593,-70.18362846352146,-70.18362846352146
2303.490064587593,-70.18633769667764,-70.18633769667764
2303.500064611435,-70.18904836127894,-70.18904836127894
2303.510064611435,-70.19176030802053,-70.19176030802053
2303.520064611435,-70.19447352883614,-70.19447352883614
2303.530064611435,-70.19718807965623,-70.19718807965623
2303.540064611435,-70.19990405595894,-70.19990405595894
2303.550064611435,-70.20262157418448,-70.20262157418448
2303.560064611435,-70.20534076073031,-70.20534076073031
2303.570064611435,-70.20806174544784,-70.20806174544784
2303.580064611435,-70.21078465792074,-70.21078465792074
2303.590064611435,-70.21350962547552,-70.21350962547552
2303.600064611435,-70.21623677210219,-70.21623677210219
2303.610064611435,-70.21896621811685,-70.21896621811685
2303.620064611435,-70.22169808005577,-70.22169808005577
2303.630064611435,-70.22443247084489,-70.22443247084489
2303.640064611435,-70.2271695000082,-70.2271695000082
2303.650064611435,-70.22990927397444,-70.22990927397444
2303.660064611435,-70.23265189634785,-70.23265189634785
2303.670064611435,-70.23539746816506,-70.23539746816506
2303.680064611435,-70.23814608816974,-70.23814608816974
2303.690064611435,-70.24089785301811,-70.24089785301811
2303.7000646114348,-70.24365285748475,-70.24365285748475
2303.710064611435,-70.24641119462957,-70.24641119462957
2303.7200646114347,-70.24917295592711,-70.24917295592711
2303.730064611435,-70.2519382314101,-70.2519382314101
2303.7400646114347,-70.25470710976472,-70.25470710976472
2303.750064611435,-70.25747967840867,-70.25747967840867
2303.760064611435,-70.26025602356151,-70.26025602356151
2303.770064611435,-70.26303623031156,-70.26303623031156
2303.780064611435,-70.26582038264925,-70.26582038264925
2303.790064611435,-70.26860856351797,-70.26860856351797
2303.800064611435,-70.27140085482486,-70.27140085482486
2303.810064611435,-70.27419733749109,-70.27419733749109
2303.820064611435,-70.2769980914374,-70.2769980914374
2303.830064611435,-70.27980319562482,-70.27980319562482
2303.840064611435,-70.28261272803367,-70.28261272803367
2303.850064611435,-70.2854267657012,-70.2854267657012
2303.860064611435,-70.28824538469725,-70.28824538469725
2303.870064611435,-70.29106866014978,-70.29106866014978
2303.880064611435,-70.29389666621825,-70.29389666621825
2303.890064611435,-70.29672947612148,-70.29672947612148
2303.900064611435,-70.2995671621069,-70.2995671621069
2303.910064611435,-70.30240979546272,-70.30240979546272
2303.920064611435,-70.3052574465132,-70.3052574465132
2303.930064611435,-70.30811018460972,-70.30811018460972
2303.940064611435,-70.31096807813014,-70.31096807813014
2303.9500646114348,-70.31383119448304,-70.31383119448304
2303.960064611435,-70.31669347427083,-70.31669347427083
2303.9700646114347,-70.31955230179159,-70.31955230179159
2303.980064611435,-70.3224064369315,-70.3224064369315
2303.9900646114347,-70.32525527552731,-70.32525527552731
2304.000064611435,-70.32809856716166,-70.32809856716166
2304.010064611435,-70.33093626871047,-70.33093626871047
2304.020064611435,-70.33376845846435,-70.33376845846435
2304.030064611435,-70.3365952845849,-70.3365952845849
2304.040064611435,-70.33941693411445,-70.33941693411445
2304.050064611435,-70.34223361436908,-70.34223361436908
2304.060064611435,-70.34504554185845,-70.34504554185845
2304.070064611435,-70.34785293579925,-70.34785293579925
2304.080064611435,-70.3506560143589,-70.3506560143589
2304.090064611435,-70.35345499261649,-70.35345499261649
2304.100064611435,-70.35625008156524,-70.35625008156524
2304.110064611435,-70.3590414876578,-70.3590414876578
2304.120064611435,-70.36182941277136,-70.36182941277136
2304.130064611435,-70.3646140543445,-70.3646140543445
2304.140064611435,-70.3673956055945,-70.3673956055945
2304.150064611435,-70.37017425580417,-70.37017425580417
2304.160064611435,-70.37295019058337,-70.37295019058337
2304.170064611435,-70.3757235921551,-70.3757235921551
2304.180064611435,-70.37849463961355,-70.37849463961355
2304.190064611435,-70.38126350912238,-70.38126350912238
2304.2000646114348,-70.38403037413806,-70.38403037413806
2304.210064611435,-70.38679540553962,-70.38679540553962
2304.2200646114347,-70.38955877181604,-70.38955877181604
2304.230064611435,-70.3923206391641,-70.3923206391641
2304.2400646114347,-70.39508117158306,-70.39508117158306
2304.250064611435,-70.39784053099717,-70.39784053099717
2304.260064611435,-70.40059887729565,-70.40059887729565
2304.270064611435,-70.40335636840446,-70.40335636840446
2304.280064611435,-70.4061131603259,-70.4061131603259
2304.290064611435,-70.40886940720026,-70.40886940720026
2304.300064611435,-70.41162526131059,-70.41162526131059
2304.310064611435,-70.41438087313517,-70.41438087313517
2304.320064611435,-70.41713639135199,-70.41713639135199
2304.330064611435,-70.41989196285294,-70.41989196285294
2304.340064611435,-70.42264773276106,-70.42264773276106
2304.350064635277,-70.42540385102821,-70.42540385102821
2304.360064635277,-70.4281604461504,-70.4281604461504
2304.370064635277,-70.43091766455802,-70.43091766455802
2304.380064635277,-70.43367564439822,-70.43367564439822
2304.3900646352768,-70.43643452208649,-70.43643452208649
2304.400064635277,-70.4391944322898,-70.4391944322898
2304.4100646352767,-70.44195550795969,-70.44195550795969
2304.420064635277,-70.4447178803209,-70.4447178803209
2304.4300646352767,-70.44748167886226,-70.44748167886226
2304.440064635277,-70.45024703135319,-70.45024703135319
2304.4500646352767,-70.45301406384534,-70.45301406384534
2304.460064635277,-70.45577676278697,-70.45577676278697
2304.4700646352767,-70.45853256455035,-70.45853256455035
2304.480064635277,-70.46128028320123,-70.46128028320123
2304.4900646352767,-70.46401936940669,-70.46401936940669
2304.500064635277,-70.4667496276487,-70.4667496276487
2304.5100646352766,-70.4694710694542,-70.4694710694542
2304.520064635277,-70.47218382734863,-70.47218382734863
2304.5300646352766,-70.47488810321055,-70.47488810321055
2304.540064635277,-70.4775841371926,-70.4775841371926
2304.5500646352766,-70.48027218907306,-70.48027218907306
2304.560064635277,-70.48295252718626,-70.48295252718626
2304.5700646352766,-70.48562542190557,-70.48562542190557
2304.580064635277,-70.48829114185696,-70.48829114185696
2304.5900646352766,-70.49094995194216,-70.49094995194216
2304.600064635277,-70.4936021122751,-70.4936021122751
2304.610064635277,-70.49624787779027,-70.49624787779027
2304.620064635277,-70.49888749820128,-70.49888749820128
2304.630064635277,-70.50152121810036,-70.50152121810036
2304.6400646352768,-70.50414927723585,-70.50414927723585
2304.650064635277,-70.50677191078572,-70.50677191078572
2304.6600646352767,-70.50938934963595,-70.50938934963595
2304.670064635277,-70.51200182066424,-70.51200182066424
2304.6800646352767,-70.51460954699405,-70.51460954699405
2304.690064635277,-70.51721274823132,-70.51721274823132
2304.7000646352767,-70.51981164066183,-70.51981164066183
2304.710064635277,-70.52240643743104,-70.52240643743104
2304.7200646352767,-70.5249973486867,-70.5249973486867
2304.730064635277,-70.52758458171581,-70.52758458171581
2304.7400646352767,-70.53016834106442,-70.53016834106442
2304.750064635277,-70.53274882859968,-70.53274882859968
2304.7600646352766,-70.5353262436308,-70.5353262436308
2304.770064635277,-70.5379007829519,-70.5379007829519
2304.7800646352766,-70.54047264090252,-70.54047264090252
2304.790064635277,-70.54304200939954,-70.54304200939954
2304.8000646352766,-70.54560907800315,-70.54560907800315
2304.810064635277,-70.54817403393098,-70.54817403393098
2304.8200646352766,-70.55073706209014,-70.55073706209014
2304.830064635277,-70.55329834510364,-70.55329834510364
2304.8400646352766,-70.55585806331985,-70.55585806331985
2304.850064635277,-70.55841639484376,-70.55841639484376
2304.860064635277,-70.56097351553981,-70.56097351553981
2304.870064635277,-70.56352959904511,-70.56352959904511
2304.880064635277,-70.56608481678336,-70.56608481678336
2304.8900646352768,-70.56863933797702,-70.56863933797702
2304.900064635277,-70.57119332965942,-70.57119332965942
2304.9100646352767,-70.5737469566555,-70.5737469566555
2304.920064635277,-70.57630038162608,-70.57630038162608
2304.9300646352767,-70.57885376506069,-70.57885376506069
2304.940064635277,-70.58140726527759,-70.58140726527759
2304.9500646352767,-70.58396103843207,-70.58396103843207
2304.960064635277,-70.58650908971575,-70.58650908971575
2304.9700646352767,-70.58904888041977,-70.58904888041977
2304.980064635277,-70.59157925182292,-70.59157925182292
2304.9900646352767,-70.59409968264856,-70.59409968264856
2305.000064635277,-70.59661000574565,-70.59661000574565
2305.0100646352766,-70.5991102610346,-70.5991102610346
2305.020064635277,-70.601600609276,-70.601600609276
2305.0300646352766,-70.60408128030802,-70.60408128030802
2305.040064635277,-70.60655254189616,-70.60655254189616
2305.0500646352766,-70.6090146810742,-70.6090146810742
2305.060064635277,-70.61146799302128,-70.61146799302128
2305.0700646352766,-70.61391277454203,-70.61391277454203
2305.080064635277,-70.61634932031114,-70.61634932031114
2305.0900646352766,-70.6187779208422,-70.6187779208422
2305.100064635277,-70.62119886147062,-70.62119886147062
2305.110064635277,-70.62361242195753,-70.62361242195753
2305.120064635277,-70.6260188764176,-70.6260188764176
2305.130064635277,-70.62841849351143,-70.62841849351143
2305.1400646352768,-70.63081153664474,-70.63081153664474
2305.150064635277,-70.63319826427376,-70.63319826427376
2305.1600646352767,-70.63557893021486,-70.63557893021486
2305.170064635277,-70.63795378391048,-70.63795378391048
2305.1800646352767,-70.64032307071027,-70.64032307071027
2305.190064635277,-70.6426870320789,-70.6426870320789
2305.2000646591187,-70.64504591145213,-70.64504591145213
2305.210064659119,-70.64739993192968,-70.64739993192968
2305.2200646591186,-70.64974933015861,-70.64974933015861
2305.230064659119,-70.65209433397843,-70.65209433397843
2305.2400646591186,-70.65443516815695,-70.65443516815695
2305.250064659119,-70.65677205450531,-70.65677205450531
2305.2600646591186,-70.65910521193983,-70.65910521193983
2305.270064659119,-70.66143485656447,-70.66143485656447
2305.2800646591186,-70.66376120173237,-70.66376120173237
2305.290064659119,-70.66608445809895,-70.66608445809895
2305.3000646591186,-70.66840483366853,-70.66840483366853
2305.310064659119,-70.67072253380174,-70.67072253380174
2305.3200646591185,-70.6730377612997,-70.6730377612997
2305.3300646591188,-70.67535071638434,-70.67535071638434
2305.3400646591185,-70.67766159675189,-70.67766159675189
2305.3500646591187,-70.67997059756952,-70.67997059756952
2305.3600646591185,-70.68227791151187,-70.68227791151187
2305.3700646591187,-70.68458372876933,-70.68458372876933
2305.3800646591185,-70.68688823707066,-70.68688823707066
2305.3900646591187,-70.68919162168851,-70.68919162168851
2305.4000646591185,-70.69149406544402,-70.69149406544402
2305.4100646591187,-70.69379574873852,-70.69379574873852
2305.4200646591185,-70.69609684955275,-70.69609684955275
2305.4300646591187,-70.69839754345786,-70.69839754345786
2305.4400646591184,-70.70069800362876,-70.70069800362876
2305.4500646591187,-70.70299840085565,-70.70299840085565
2305.460064659119,-70.70529274493634,-70.70529274493634
2305.4700646591186,-70.70757850769249,-70.70757850769249
2305.480064659119,-70.70985454313421,-70.70985454313421
2305.4900646591186,-70.71212034365624,-70.71212034365624
2305.500064659119,-70.71437575624162,-70.71437575624162
2305.5100646591186,-70.71662083508446,-70.71662083508446
2305.520064659119,-70.7188557552179,-70.7188557552179
2305.5300646591186,-70.72108076063004,-70.72108076063004
2305.540064659119,-70.72329613306925,-70.72329613306925
2305.5500646591186,-70.72550217333915,-70.72550217333915
2305.560064659119,-70.72769919015447,-70.72769919015447
2305.5700646591185,-70.72988749360469,-70.72988749360469
2305.5800646591188,-70.73206739140015,-70.73206739140015
2305.5900646591185,-70.7342391868537,-70.7342391868537
2305.6000646591187,-70.73640317785355,-70.73640317785355
2305.6100646591185,-70.7385596564528,-70.7385596564528
2305.6200646591187,-70.74070890886631,-70.74070890886631
2305.6300646591185,-70.74285121557585,-70.74285121557585
2305.6400646591187,-70.74498685161358,-70.74498685161358
2305.6500646591185,-70.74711608684612,-70.74711608684612
2305.6600646591187,-70.74923918628097,-70.74923918628097
2305.6700646591185,-70.7513564103555,-70.7513564103555
2305.6800646591187,-70.75346801519026,-70.75346801519026
2305.6900646591184,-70.75557425285633,-70.75557425285633
2305.7000646591187,-70.75767537156406,-70.75767537156406
2305.710064659119,-70.75976545305579,-70.75976545305579
2305.7200646591186,-70.76184204280182,-70.76184204280182
2305.730064659119,-70.76390406860803,-70.76390406860803
2305.7400646591186,-70.76595109631891,-70.76595109631891
2305.750064659119,-70.76798304584219,-70.76798304584219
2305.7600646591186,-70.77000004376904,-70.77000004376904
2305.770064659119,-70.77200233692648,-70.77200233692648
2305.7800646591186,-70.77399024055931,-70.77399024055931
2305.790064659119,-70.77596410709299,-70.77596410709299
2305.8000646591186,-70.77792430745083,-70.77792430745083
2305.810064659119,-70.7798712199517,-70.7798712199517
2305.8200646591185,-70.78180522374726,-70.78180522374726
2305.8300646591188,-70.78372669511313,-70.78372669511313
2305.8400646591185,-70.78563600541959,-70.78563600541959
2305.8500646591187,-70.78753352012886,-70.78753352012886
2305.8600646591185,-70.78941959838149,-70.78941959838149
2305.8700646591187,-70.79129459296773,-70.79129459296773
2305.8800646591185,-70.7931588504954,-70.7931588504954
2305.8900646591187,-70.7950127116198,-70.7950127116198
2305.9000646591185,-70.79685651134689,-70.79685651134689
2305.9100646591187,-70.79869057933833,-70.79869057933833
2305.9200646591185,-70.80051524019206,-70.80051524019206
2305.9300646591187,-70.80233081369792,-70.80233081369792
2305.9400646591184,-70.80413761509465,-70.80413761509465
2305.9500646591187,-70.80593595526169,-70.80593595526169
2305.960064659119,-70.80772614090742,-70.80772614090742
2305.9700646591186,-70.80950847472548,-70.80950847472548
2305.980064659119,-70.81128325553215,-70.81128325553215
2305.9900646591186,-70.81305077836859,-70.81305077836859
2306.000064659119,-70.81481133462515,-70.81481133462515
2306.0100646591186,-70.81656521208863,-70.81656521208863
2306.020064659119,-70.81831269504252,-70.81831269504252
2306.0300646591186,-70.82005406430683,-70.82005406430683
2306.040064659119,-70.821789597296,-70.821789597296
2306.0500646829605,-70.82351957218958,-70.82351957218958
2306.0600646829607,-70.82524425145212,-70.82524425145212
2306.0700646829605,-70.82696390666163,-70.82696390666163
2306.0800646829607,-70.82867880197657,-70.82867880197657
2306.0900646829605,-70.83038919830514,-70.83038919830514
2306.1000646829607,-70.83209535335138,-70.83209535335138
2306.1100646829605,-70.83379752160076,-70.83379752160076
2306.1200646829607,-70.83549595434472,-70.83549595434472
2306.1300646829604,-70.83719089971189,-70.83719089971189
2306.1400646829607,-70.83888260265668,-70.83888260265668
2306.1500646829604,-70.84057130500597,-70.84057130500597
2306.1600646829606,-70.8422572454441,-70.8422572454441
2306.1700646829604,-70.84394065953575,-70.84394065953575
2306.1800646829606,-70.84562177973825,-70.84562177973825
2306.1900646829604,-70.8473008354237,-70.8473008354237
2306.2000646829606,-70.84897805287757,-70.84897805287757
2306.2100646829604,-70.85065365532046,-70.85065365532046
2306.2200646829606,-70.85232786292237,-70.85232786292237
2306.2300646829603,-70.854000892828,-70.854000892828
2306.2400646829606,-70.85567295913816,-70.85567295913816
2306.2500646829603,-70.85734427295644,-70.85734427295644
2306.2600646829605,-70.85901504239551,-70.85901504239551
2306.2700646829603,-70.86068547259758,-70.86068547259758
2306.2800646829605,-70.8623557657329,-70.8623557657329
2306.2900646829603,-70.86402612104801,-70.86402612104801
2306.3000646829605,-70.86569673485454,-70.86569673485454
2306.3100646829607,-70.86736780055918,-70.86736780055918
2306.3200646829605,-70.86903950869788,-70.86903950869788
2306.3300646829607,-70.87071204693146,-70.87071204693146
2306.3400646829605,-70.87238560006948,-70.87238560006948
2306.3500646829607,-70.87406035009977,-70.87406035009977
2306.3600646829605,-70.87573647621542,-70.87573647621542
2306.3700646829607,-70.87741415481013,-70.87741415481013
2306.3800646829604,-70.87909355953255,-70.87909355953255
2306.3900646829607,-70.88077486127078,-70.88077486127078
2306.4000646829604,-70.88245822821098,-70.88245822821098
2306.4100646829606,-70.8841438258403,-70.8841438258403
2306.4200646829604,-70.88583181698527,-70.88583181698527
2306.4300646829606,-70.88752236179776,-70.88752236179776
2306.4400646829604,-70.88921561783319,-70.88921561783319
2306.4500646829606,-70.89091174002162,-70.89091174002162
2306.4600646829604,-70.89260470735888,-70.89260470735888
2306.4700646829606,-70.89429197051287,-70.89429197051287
2306.4800646829603,-70.89597236608198,-70.89597236608198
2306.4900646829606,-70.89764537070789,-70.89764537070789
2306.5000646829603,-70.89931081646958,-70.89931081646958
2306.5100646829605,-70.9009687430707,-70.9009687430707
2306.5200646829603,-70.90261931119305,-70.90261931119305
2306.5300646829605,-70.90426275044143,-70.90426275044143
2306.5400646829603,-70.90589932805378,-70.90589932805378
2306.5500646829605,-70.90752933013457,-70.90752933013457
2306.5600646829607,-70.90915305048986,-70.90915305048986
2306.5700646829605,-70.91077078409211,-70.91077078409211
2306.5800646829607,-70.91238282330295,-70.91238282330295
2306.5900646829605,-70.91398945589594,-70.91398945589594
2306.6000646829607,-70.91559096401427,-70.91559096401427
2306.6100646829605,-70.91718762382663,-70.91718762382663
2306.6200646829607,-70.91877970545231,-70.91877970545231
2306.6300646829604,-70.92036747318713,-70.92036747318713
2306.6400646829607,-70.92195118573717,-70.92195118573717
2306.6500646829604,-70.92353109654216,-70.92353109654216
2306.6600646829606,-70.92510745408212,-70.92510745408212
2306.6700646829604,-70.92668050220719,-70.92668050220719
2306.6800646829606,-70.92825048038398,-70.92825048038398
2306.6900646829604,-70.92981762398776,-70.92981762398776
2306.7000646829606,-70.93138216449259,-70.93138216449259
2306.7100646829604,-70.93293815316648,-70.93293815316648
2306.7200646829606,-70.93448311415192,-70.93448311415192
2306.7300646829603,-70.93601595755582,-70.93601595755582
2306.7400646829606,-70.93753623322064,-70.93753623322064
2306.7500646829603,-70.93904384602648,-70.93904384602648
2306.7600646829605,-70.94053890804697,-70.94053890804697
2306.7700646829603,-70.942021651885,-70.942021651885
2306.7800646829605,-70.94349237865801,-70.94349237865801
2306.7900646829603,-70.94495142669903,-70.94495142669903
2306.8000646829605,-70.94639915279265,-70.94639915279265
2306.8100646829607,-70.94783592104052,-70.94783592104052
2306.8200646829605,-70.9492620963271,-70.9492620963271
2306.8300646829607,-70.95067804055323,-70.95067804055323
2306.8400646829605,-70.95208411065664,-70.95208411065664
2306.8500646829607,-70.95348065757678,-70.95348065757678
2306.8600646829605,-70.95486802590979,-70.95486802590979
2306.8700646829607,-70.95624655383895,-70.95624655383895
2306.8800646829604,-70.95761657332936,-70.95761657332936
2306.8900646829607,-70.95897841038754,-70.95897841038754
2306.9000647068024,-70.96033238857838,-70.96033238857838
2306.9100647068026,-70.96167881642418,-70.96167881642418
2306.9200647068023,-70.96301800712257,-70.96301800712257
2306.9300647068026,-70.96435026584057,-70.96435026584057
2306.9400647068023,-70.96567589320813,-70.96567589320813
2306.9500647068026,-70.96699518554081,-70.96699518554081
2306.9600647068023,-70.96830225613508,-70.96830225613508
2306.9700647068025,-70.96959469266334,-70.96959469266334
2306.9800647068023,-70.97087146903661,-70.97087146903661
2306.9900647068025,-70.97213219877041,-70.97213219877041
2307.0000647068023,-70.97337685012371,-70.97337685012371
2307.0100647068025,-70.9746055981655,-70.9746055981655
2307.0200647068023,-70.97581873806723,-70.97581873806723
2307.0300647068025,-70.97701663300758,-70.97701663300758
2307.0400647068022,-70.97819968285336,-70.97819968285336
2307.0500647068025,-70.97936830540915,-70.97936830540915
2307.060064706802,-70.98052292524359,-70.98052292524359
2307.0700647068024,-70.98166396711383,-70.98166396711383
2307.080064706802,-70.98279185226522,-70.98279185226522
2307.0900647068024,-70.98390699637146,-70.98390699637146
2307.100064706802,-70.98500980854703,-70.98500980854703
2307.1100647068024,-70.98610069095541,-70.98610069095541
2307.120064706802,-70.98718003878628,-70.98718003878628
2307.1300647068024,-70.9882482403996,-70.9882482403996
2307.140064706802,-70.98930567760391,-70.98930567760391
2307.1500647068024,-70.99035272595012,-70.99035272595012
2307.1600647068026,-70.9913897550591,-70.9913897550591
2307.1700647068023,-70.99241712889484,-70.99241712889484
2307.1800647068026,-70.99343520604687,-70.99343520604687
2307.1900647068023,-70.99444433996945,-70.99444433996945
2307.2000647068026,-70.99544487920666,-70.99544487920666
2307.2100647068023,-70.9964371675795,-70.9964371675795
2307.2200647068025,-70.99742154433011,-70.99742154433011
2307.2300647068023,-70.99839834430139,-70.99839834430139
2307.2400647068025,-70.99936789801643,-70.99936789801643
2307.2500647068023,-71.00033053181575,-71.00033053181575
2307.2600647068025,-71.00128656792562,-71.00128656792562
2307.2700647068023,-71.0022363245307,-71.0022363245307
2307.2800647068025,-71.003180115865,-71.003180115865
2307.2900647068022,-71.00411825223958,-71.00411825223958
2307.3000647068025,-71.00505104009244,-71.00505104009244
2307.310064706802,-71.0059787820574,-71.0059787820574
2307.3200647068024,-71.0069017769671,-71.0069017769671
2307.330064706802,-71.00782031990737,-71.00782031990737
2307.3400647068024,-71.00873470222704,-71.00873470222704
2307.350064706802,-71.0096452115857,-71.0096452115857
2307.3600647068024,-71.01055213195617,-71.01055213195617
2307.370064706802,-71.01145574365529,-71.01145574365529
2307.3800647068024,-71.01235632337018,-71.01235632337018
2307.390064706802,-71.01325414416594,-71.01325414416594
2307.4000647068024,-71.01414947550401,-71.01414947550401
2307.4100647068026,-71.0150425832839,-71.0150425832839
2307.4200647068023,-71.01593372981965,-71.01593372981965
2307.4300647068026,-71.01682317389145,-71.01682317389145
2307.4400647068023,-71.01771117076356,-71.01771117076356
2307.4500647068026,-71.01859797217081,-71.01859797217081
2307.4600647068023,-71.01948382638005,-71.01948382638005
2307.4700647068025,-71.02036897817004,-71.02036897817004
2307.4800647068023,-71.02125366887171,-71.02125366887171
2307.4900647068025,-71.02213813638635,-71.02213813638635
2307.5000647068023,-71.02302261520943,-71.02302261520943
2307.5100647068025,-71.02390733642642,-71.02390733642642
2307.5200647068023,-71.02479252776767,-71.02479252776767
2307.5300647068025,-71.02567841361306,-71.02567841361306
2307.5400647068022,-71.02656521500785,-71.02656521500785
2307.5500647068025,-71.0274531497017,-71.0274531497017
2307.560064706802,-71.02834243214839,-71.02834243214839
2307.5700647068024,-71.02923327356335,-71.02923327356335
2307.580064706802,-71.03012588191565,-71.03012588191565
2307.5900647068024,-71.03102046196575,-71.03102046196575
2307.600064706802,-71.03191721529288,-71.03191721529288
2307.6100647068024,-71.03281634032022,-71.03281634032022
2307.620064706802,-71.033718032328,-71.033718032328
2307.6300647068024,-71.0346224834963,-71.0346224834963
2307.640064706802,-71.03552988292672,-71.03552988292672
2307.6500647068024,-71.0364404166582,-71.0364404166582
2307.6600647068026,-71.03735426771307,-71.03735426771307
2307.6700647068023,-71.03827161610702,-71.03827161610702
2307.6800647068026,-71.03919263889057,-71.03919263889057
2307.6900647068023,-71.0401175101591,-71.0401175101591
2307.7000647068026,-71.04104640110333,-71.04104640110333
2307.7100647068023,-71.04197948002297,-71.04197948002297
2307.7200647068025,-71.04291691236001,-71.04291691236001
2307.7300647068023,-71.04385886072032,-71.04385886072032
2307.7400647068025,-71.04480548491689,-71.04480548491689
2307.750064730644,-71.04575694425094,-71.04575694425094
2307.7600647306444,-71.04671338850015,-71.04671338850015
2307.770064730644,-71.04767497148579,-71.04767497148579
2307.7800647306444,-71.04864184210174,-71.04864184210174
2307.790064730644,-71.04961414658496,-71.04961414658496
2307.8000647306444,-71.05059202854999,-71.05059202854999
2307.810064730644,-71.05157562899626,-71.05157562899626
2307.8200647306444,-71.05256508636204,-71.05256508636204
2307.830064730644,-71.05356053656209,-71.05356053656209
2307.8400647306444,-71.05456211297916,-71.05456211297916
2307.850064730644,-71.05556994652763,-71.05556994652763
2307.8600647306444,-71.05658416565434,-71.05658416565434
2307.870064730644,-71.05760489640002,-71.05760489640002
2307.8800647306443,-71.05863226239768,-71.05863226239768
2307.890064730644,-71.0596663849233,-71.0596663849233
2307.9000647306443,-71.06070738290514,-71.06070738290514
2307.910064730644,-71.06175537297327,-71.06175537297327
2307.9200647306443,-71.06281046946714,-71.06281046946714
2307.930064730644,-71.06387278447424,-71.06387278447424
2307.9400647306443,-71.06494242786495,-71.06494242786495
2307.950064730644,-71.06601950730872,-71.06601950730872
2307.9600647306443,-71.0671041283029,-71.0671041283029
2307.970064730644,-71.0681963942181,-71.0681963942181
2307.9800647306442,-71.0692964062863,-71.0692964062863
2307.990064730644,-71.07040426367976,-71.07040426367976
2308.000064730644,-71.07152006348711,-71.07152006348711
2308.0100647306444,-71.07264390077862,-71.07264390077862
2308.020064730644,-71.07377586861767,-71.07377586861767
2308.0300647306444,-71.07491605808137,-71.07491605808137
2308.040064730644,-71.07606455829051,-71.07606455829051
2308.0500647306444,-71.07722145645818,-71.07722145645818
2308.060064730644,-71.07838683787264,-71.07838683787264
2308.0700647306444,-71.07956078596385,-71.07956078596385
2308.080064730644,-71.08074338229923,-71.08074338229923
2308.0900647306444,-71.0819347066233,-71.0819347066233
2308.100064730644,-71.08313483688094,-71.08313483688094
2308.1100647306444,-71.08434384924423,-71.08434384924423
2308.120064730644,-71.08556181812739,-71.08556181812739
2308.1300647306443,-71.08678881621624,-71.08678881621624
2308.140064730644,-71.08802491449748,-71.08802491449748
2308.1500647306443,-71.08927018228131,-71.08927018228131
2308.160064730644,-71.09052468721212,-71.09052468721212
2308.1700647306443,-71.09178849530717,-71.09178849530717
2308.180064730644,-71.09306167097458,-71.09306167097458
2308.1900647306443,-71.09434427702729,-71.09434427702729
2308.200064730644,-71.09563637472321,-71.09563637472321
2308.2100647306443,-71.09693802376552,-71.09693802376552
2308.220064730644,-71.09824928234966,-71.09824928234966
2308.2300647306442,-71.09957020716664,-71.09957020716664
2308.240064730644,-71.10090085342506,-71.10090085342506
2308.250064730644,-71.10224127488522,-71.10224127488522
2308.2600647306444,-71.10359152386609,-71.10359152386609
2308.270064730644,-71.1049516512746,-71.1049516512746
2308.2800647306444,-71.10632170661714,-71.10632170661714
2308.290064730644,-71.10770173804246,-71.10770173804246
2308.3000647306444,-71.10909179233273,-71.10909179233273
2308.310064730644,-71.1104919149405,-71.1104919149405
2308.3200647306444,-71.11190215000056,-71.11190215000056
2308.330064730644,-71.11332254036341,-71.11332254036341
2308.3400647306444,-71.11475312758579,-71.11475312758579
2308.350064730644,-71.11619395198288,-71.11619395198288
2308.3600647306444,-71.11764505262086,-71.11764505262086
2308.370064730644,-71.11910646736322,-71.11910646736322
2308.3800647306443,-71.12057823285289,-71.12057823285289
2308.390064730644,-71.12206038455476,-71.12206038455476
2308.4000647306443,-71.12355295677911,-71.12355295677911
2308.410064730644,-71.12505598266205,-71.12505598266205
2308.4200647306443,-71.12656949423665,-71.12656949423665
2308.430064730644,-71.12809352241331,-71.12809352241331
2308.4400647306443,-71.12962809699437,-71.12962809699437
2308.450064730644,-71.13117324670552,-71.13117324670552
2308.4600647306443,-71.13272899921625,-71.13272899921625
2308.470064730644,-71.13429538114319,-71.13429538114319
2308.4800647306442,-71.13587241807272,-71.13587241807272
2308.490064730644,-71.13746013456539,-71.13746013456539
2308.500064730644,-71.13905855419489,-71.13905855419489
2308.5100647306444,-71.14066769954003,-71.14066769954003
2308.520064730644,-71.14228759220765,-71.14228759220765
2308.5300647306444,-71.1439182528591,-71.1439182528591
2308.540064730644,-71.14555970121218,-71.14555970121218
2308.5500647306444,-71.14721195604123,-71.14721195604123
2308.560064730644,-71.14887503523661,-71.14887503523661
2308.5700647306444,-71.15054895577288,-71.15054895577288
2308.580064730644,-71.15223373374411,-71.15223373374411
2308.5900647306444,-71.15392938437428,-71.15392938437428
2308.600064754486,-71.15563592609625,-71.15563592609625
2308.6100647544863,-71.15735336435456,-71.15735336435456
2308.620064754486,-71.15908171585676,-71.15908171585676
2308.6300647544863,-71.16082099248509,-71.16082099248509
2308.640064754486,-71.16257120531476,-71.16257120531476
2308.6500647544863,-71.16433236463037,-71.16433236463037
2308.660064754486,-71.16610447993895,-71.16610447993895
2308.6700647544862,-71.16788755997983,-71.16788755997983
2308.680064754486,-71.16968161272924,-71.16968161272924
2308.6900647544862,-71.17148664544003,-71.17148664544003
2308.700064754486,-71.17330266461381,-71.17330266461381
2308.710064754486,-71.17512967605057,-71.17512967605057
2308.720064754486,-71.17696768483174,-71.17696768483174
2308.730064754486,-71.17881669534182,-71.17881669534182
2308.740064754486,-71.18067671128864,-71.18067671128864
2308.750064754486,-71.18254773569336,-71.18254773569336
2308.760064754486,-71.18442977093304,-71.18442977093304
2308.770064754486,-71.18632281871164,-71.18632281871164
2308.780064754486,-71.18822688010857,-71.18822688010857
2308.790064754486,-71.19014195556106,-71.19014195556106
2308.800064754486,-71.19206804488981,-71.19206804488981
2308.810064754486,-71.19400514729864,-71.19400514729864
2308.820064754486,-71.1959532614005,-71.1959532614005
2308.830064754486,-71.19791238520072,-71.19791238520072
2308.840064754486,-71.19988251614262,-71.19988251614262
2308.850064754486,-71.20186365108803,-71.20186365108803
2308.8600647544863,-71.2038557863301,-71.2038557863301
2308.870064754486,-71.20585891760865,-71.20585891760865
2308.8800647544863,-71.2078730401331,-71.2078730401331
2308.890064754486,-71.2098981485684,-71.2098981485684
2308.9000647544863,-71.21193423705104,-71.21193423705104
2308.910064754486,-71.21398129920888,-71.21398129920888
2308.9200647544862,-71.21603932814541,-71.21603932814541
2308.930064754486,-71.21810831647564,-71.21810831647564
2308.9400647544862,-71.22018825631888,-71.22018825631888
2308.950064754486,-71.22227913930982,-71.22227913930982
2308.960064754486,-71.22437475215625,-71.22437475215625
2308.970064754486,-71.2264723723999,-71.2264723723999
2308.980064754486,-71.22857067253317,-71.22857067253317
2308.990064754486,-71.23066897046932,-71.23066897046932
2309.000064754486,-71.2327669434588,-71.2327669434588
2309.010064754486,-71.23486447949732,-71.23486447949732
2309.020064754486,-71.23696159017157,-71.23696159017157
2309.030064754486,-71.23905835830655,-71.23905835830655
2309.040064754486,-71.24115490647347,-71.24115490647347
2309.050064754486,-71.24325137809845,-71.24325137809845
2309.060064754486,-71.24534792620184,-71.24534792620184
2309.070064754486,-71.24744470681446,-71.24744470681446
2309.080064754486,-71.24954187518975,-71.24954187518975
2309.090064754486,-71.25163958375624,-71.25163958375624
2309.100064754486,-71.25373798109517,-71.25373798109517
2309.1100647544863,-71.25583721154877,-71.25583721154877
2309.120064754486,-71.25793741518477,-71.25793741518477
2309.1300647544863,-71.26003872794035,-71.26003872794035
2309.140064754486,-71.26214128189028,-71.26214128189028
2309.1500647544863,-71.26424520554671,-71.26424520554671
2309.160064754486,-71.2663506241695,-71.2663506241695
2309.1700647544862,-71.26845766004396,-71.26845766004396
2309.180064754486,-71.27056643277179,-71.27056643277179
2309.1900647544862,-71.2726770594813,-71.2726770594813
2309.200064754486,-71.2747896550766,-71.2747896550766
2309.210064754486,-71.27690433240286,-71.27690433240286
2309.220064754486,-71.27902120239858,-71.27902120239858
2309.230064754486,-71.28114037423492,-71.28114037423492
2309.240064754486,-71.28326195543728,-71.28326195543728
2309.250064754486,-71.2853860519824,-71.2853860519824
2309.260064754486,-71.28751276836729,-71.28751276836729
2309.270064754486,-71.28964220767794,-71.28964220767794
2309.280064754486,-71.29177447166482,-71.29177447166482
2309.290064754486,-71.29390966074561,-71.29390966074561
2309.300064754486,-71.29604787408795,-71.29604787408795
2309.310064754486,-71.29818920961891,-71.29818920961891
2309.320064754486,-71.30033376403672,-71.30033376403672
2309.330064754486,-71.30248163284662,-71.30248163284662
2309.340064754486,-71.3046329103725,-71.3046329103725
2309.350064754486,-71.30678768976509,-71.30678768976509
2309.3600647544863,-71.30894606301233,-71.30894606301233
2309.370064754486,-71.3111081209314,-71.3111081209314
2309.3800647544863,-71.31327395320274,-71.31327395320274
2309.390064754486,-71.3154436483519,-71.3154436483519
2309.4000647544863,-71.31761729374418,-71.31761729374418
2309.410064754486,-71.31979497561474,-71.31979497561474
2309.4200647544862,-71.32197677902356,-71.32197677902356
2309.430064754486,-71.32416278790593,-71.32416278790593
2309.4400647544862,-71.32635308502685,-71.32635308502685
2309.450064778328,-71.32854775724334,-71.32854775724334
2309.460064778328,-71.3307468745911,-71.3307468745911
2309.470064778328,-71.33295052159417,-71.33295052159417
2309.480064778328,-71.33515877640797,-71.33515877640797
2309.490064778328,-71.33737171605038,-71.33737171605038
2309.500064778328,-71.33958941637357,-71.33958941637357
2309.510064778328,-71.34181195207115,-71.34181195207115
2309.520064778328,-71.34403939669711,-71.34403939669711
2309.530064778328,-71.34627182262885,-71.34627182262885
2309.540064778328,-71.34850930111183,-71.34850930111183
2309.550064778328,-71.350751902221,-71.350751902221
2309.560064778328,-71.35299969488956,-71.35299969488956
2309.570064778328,-71.35525274690177,-71.35525274690177
2309.580064778328,-71.35751112488522,-71.35751112488522
2309.590064778328,-71.35977489434234,-71.35977489434234
2309.600064778328,-71.36204411961107,-71.36204411961107
2309.610064778328,-71.36431886391433,-71.36431886391433
2309.620064778328,-71.36659918932894,-71.36659918932894
2309.630064778328,-71.36888515680866,-71.36888515680866
2309.640064778328,-71.37117682617827,-71.37117682617827
2309.6500647783278,-71.37347425613486,-71.37347425613486
2309.660064778328,-71.37577750427855,-71.37577750427855
2309.6700647783277,-71.37808662709364,-71.37808662709364
2309.680064778328,-71.38040167995419,-71.38040167995419
2309.6900647783277,-71.38272271714943,-71.38272271714943
2309.700064778328,-71.38504979186654,-71.38504979186654
2309.710064778328,-71.38738295621503,-71.38738295621503
2309.720064778328,-71.38972226123389,-71.38972226123389
2309.730064778328,-71.39206775687302,-71.39206775687302
2309.740064778328,-71.39441949204254,-71.39441949204254
2309.750064778328,-71.39677751458842,-71.39677751458842
2309.760064778328,-71.39914187129915,-71.39914187129915
2309.770064778328,-71.40151260795145,-71.40151260795145
2309.780064778328,-71.40388976926191,-71.40388976926191
2309.790064778328,-71.40627339894044,-71.40627339894044
2309.800064778328,-71.40866353969002,-71.40866353969002
2309.810064778328,-71.41106023319846,-71.41106023319846
2309.820064778328,-71.41346352016433,-71.41346352016433
2309.830064778328,-71.41587344029018,-71.41587344029018
2309.840064778328,-71.41829003230421,-71.41829003230421
2309.850064778328,-71.42071333397728,-71.42071333397728
2309.860064778328,-71.42314338210427,-71.42314338210427
2309.870064778328,-71.42558021253974,-71.42558021253974
2309.880064778328,-71.42802386020286,-71.42802386020286
2309.890064778328,-71.43047435906847,-71.43047435906847
2309.9000647783278,-71.43293174219916,-71.43293174219916
2309.910064778328,-71.4353960417488,-71.4353960417488
2309.9200647783277,-71.43786728896917,-71.43786728896917
2309.930064778328,-71.4403455142073,-71.4403455142073
2309.9400647783277,-71.44283074694421,-71.44283074694421
2309.950064778328,-71.44532301577607,-71.44532301577607
2309.960064778328,-71.44782234844318,-71.44782234844318
2309.970064778328,-71.45032877183954,-71.45032877183954
2309.980064778328,-71.45284231200226,-71.45284231200226
2309.990064778328,-71.4553629941411,-71.4553629941411
2310.000064778328,-71.45789084264979,-71.45789084264979
2310.010064778328,-71.46042588109579,-71.46042588109579
2310.020064778328,-71.46296813225315,-71.46296813225315
2310.030064778328,-71.46551761810728,-71.46551761810728
2310.040064778328,-71.4680743598431,-71.4680743598431
2310.050064778328,-71.47063837788309,-71.47063837788309
2310.060064778328,-71.4732096918802,-71.4732096918802
2310.070064778328,-71.47578832074018,-71.47578832074018
2310.080064778328,-71.47837428261339,-71.47837428261339
2310.090064778328,-71.48096759492445,-71.48096759492445
2310.100064778328,-71.48356827436716,-71.48356827436716
2310.110064778328,-71.48617633692054,-71.48617633692054
2310.120064778328,-71.48879179785912,-71.48879179785912
2310.130064778328,-71.4914146717537,-71.4914146717537
2310.140064778328,-71.4940449724912,-71.4940449724912
2310.1500647783278,-71.49668271328505,-71.49668271328505
2310.160064778328,-71.49932790666823,-71.49932790666823
2310.1700647783277,-71.50198056452525,-71.50198056452525
2310.180064778328,-71.50464069807921,-71.50464069807921
2310.1900647783277,-71.50730831792266,-71.50730831792266
2310.200064778328,-71.50998343400174,-71.50998343400174
2310.210064778328,-71.51266605565162,-71.51266605565162
2310.220064778328,-71.51535619158257,-71.51535619158257
2310.230064778328,-71.51805384990237,-71.51805384990237
2310.240064778328,-71.52075903812188,-71.52075903812188
2310.250064778328,-71.5234717631607,-71.5234717631607
2310.260064778328,-71.52619203136172,-71.52619203136172
2310.270064778328,-71.52891984848968,-71.52891984848968
2310.280064778328,-71.53165521975056,-71.53165521975056
2310.290064778328,-71.53439814979583,-71.53439814979583
2310.30006480217,-71.5371486492862,-71.5371486492862
2310.31006480217,-71.53990670870337,-71.53990670870337
2310.32006480217,-71.54267233760181,-71.54267233760181
2310.33006480217,-71.54544553848936,-71.54544553848936
2310.3400648021698,-71.5482263133658,-71.5482263133658
2310.35006480217,-71.55101466372074,-71.55101466372074
2310.3600648021697,-71.55381059053956,-71.55381059053956
2310.37006480217,-71.55661409432912,-71.55661409432912
2310.3800648021697,-71.55942517510452,-71.55942517510452
2310.39006480217,-71.56224383239572,-71.56224383239572
2310.4000648021697,-71.56507006527337,-71.56507006527337
2310.41006480217,-71.56790387235152,-71.56790387235152
2310.4200648021697,-71.57074525177485,-71.57074525177485
2310.43006480217,-71.5735942012525,-71.5735942012525
2310.4400648021697,-71.57645071805247,-71.57645071805247
2310.45006480217,-71.57931479900265,-71.57931479900265
2310.4600648021697,-71.58218644051568,-71.58218644051568
2310.47006480217,-71.58506563857851,-71.58506563857851
2310.4800648021696,-71.58795238876573,-71.58795238876573
2310.49006480217,-71.5908466862451,-71.5908466862451
2310.5000648021696,-71.59374852579468,-71.59374852579468
2310.51006480217,-71.59665790178042,-71.59665790178042
2310.5200648021696,-71.59957480820866,-71.59957480820866
2310.53006480217,-71.60249923869011,-71.60249923869011
2310.5400648021696,-71.60543118645823,-71.60543118645823
2310.55006480217,-71.60837064438968,-71.60837064438968
2310.56006480217,-71.61131760499755,-71.61131760499755
2310.57006480217,-71.61427206043277,-71.61427206043277
2310.58006480217,-71.61723400250975,-71.61723400250975
2310.5900648021698,-71.6202034226919,-71.6202034226919
2310.60006480217,-71.6231803121075,-71.6231803121075
2310.6100648021697,-71.62616466155059,-71.62616466155059
2310.62006480217,-71.62915646149506,-71.62915646149506
2310.6300648021697,-71.63215570209393,-71.63215570209393
2310.64006480217,-71.63516237318751,-71.63516237318751
2310.6500648021697,-71.6381764642981,-71.6381764642981
2310.66006480217,-71.64119796465233,-71.64119796465233
2310.6700648021697,-71.6442268631753,-71.6442268631753
2310.68006480217,-71.64726314850212,-71.64726314850212
2310.6900648021697,-71.65030680898424,-71.65030680898424
2310.70006480217,-71.65335783268813,-71.65335783268813
2310.7100648021697,-71.65641620738658,-71.65641620738658
2310.72006480217,-71.65948192060415,-71.65948192060415
2310.7300648021696,-71.66255495958919,-71.66255495958919
2310.74006480217,-71.66563531131739,-71.66563531131739
2310.7500648021696,-71.66872296252097,-71.66872296252097
2310.76006480217,-71.67181789966942,-71.67181789966942
2310.7700648021696,-71.67492010899075,-71.67492010899075
2310.78006480217,-71.67802957645988,-71.67802957645988
2310.7900648021696,-71.68114628782152,-71.68114628782152
2310.80006480217,-71.68427022858725,-71.68427022858725
2310.81006480217,-71.68740138402977,-71.68740138402977
2310.82006480217,-71.69053973920023,-71.69053973920023
2310.83006480217,-71.69368527891785,-71.69368527891785
2310.8400648021698,-71.69683798780763,-71.69683798780763
2310.85006480217,-71.69999785025668,-71.69999785025668
2310.8600648021697,-71.70316485046463,-71.70316485046463
2310.87006480217,-71.7063389724103,-71.7063389724103
2310.8800648021697,-71.70952019987617,-71.70952019987617
2310.89006480217,-71.7127085164455,-71.7127085164455
2310.9000648021697,-71.71590390551015,-71.71590390551015
2310.91006480217,-71.71910635027271,-71.71910635027271
2310.9200648021697,-71.72231583375479,-71.72231583375479
2310.93006480217,-71.72553233879036,-71.72553233879036
2310.9400648021697,-71.72875584803381,-71.72875584803381
2310.95006480217,-71.73198634396715,-71.73198634396715
2310.9600648021697,-71.73521755448913,-71.73521755448913
2310.97006480217,-71.73844672291999,-71.73844672291999
2310.9800648021696,-71.74167249783726,-71.74167249783726
2310.99006480217,-71.74489417825242,-71.74489417825242
2311.0000648021696,-71.74811142552313,-71.74811142552313
2311.01006480217,-71.75132411375394,-71.75132411375394
2311.0200648021696,-71.75453224205803,-71.75453224205803
2311.03006480217,-71.75773588185491,-71.75773588185491
2311.0400648021696,-71.76093514518914,-71.76093514518914
2311.05006480217,-71.76413016569894,-71.76413016569894
2311.06006480217,-71.7673210872849,-71.7673210872849
2311.07006480217,-71.77050805744496,-71.77050805744496
2311.08006480217,-71.77369122346165,-71.77369122346165
2311.0900648021698,-71.77687073032533,-71.77687073032533
2311.10006480217,-71.78004671965422,-71.78004671965422
2311.1100648021697,-71.78321932930892,-71.78321932930892
2311.12006480217,-71.78638869333075,-71.78638869333075
2311.1300648021697,-71.78955494205202,-71.78955494205202
2311.14006480217,-71.79271820236269,-71.79271820236269
2311.1500648260117,-71.79587860552253,-71.79587860552253
2311.160064826012,-71.79903625733901,-71.79903625733901
2311.1700648260116,-71.80219128359643,-71.80219128359643
2311.180064826012,-71.80534380022178,-71.80534380022178
2311.1900648260116,-71.80849392103993,-71.80849392103993
2311.200064826012,-71.81164175796587,-71.81164175796587
2311.2100648260116,-71.8147874211844,-71.8147874211844
2311.220064826012,-71.81793101928199,-71.81793101928199
2311.2300648260116,-71.82107265941745,-71.82107265941745
2311.240064826012,-71.82421244736383,-71.82421244736383
2311.2500648260116,-71.82735048765375,-71.82735048765375
2311.260064826012,-71.83048688360326,-71.83048688360326
2311.2700648260115,-71.83362173741072,-71.83362173741072
2311.2800648260118,-71.83675515018376,-71.83675515018376
2311.2900648260115,-71.83988722197384,-71.83988722197384
2311.3000648260117,-71.84301805181114,-71.84301805181114
2311.3100648260115,-71.84614773774568,-71.84614773774568
2311.3200648260117,-71.8492763768351,-71.8492763768351
2311.3300648260115,-71.85240406516725,-71.85240406516725
2311.3400648260117,-71.85553089788134,-71.85553089788134
2311.3500648260115,-71.85865696916012,-71.85865696916012
2311.3600648260117,-71.86178237223477,-71.86178237223477
2311.3700648260115,-71.86490719939697,-71.86490719939697
2311.3800648260117,-71.86803154197226,-71.86803154197226
2311.3900648260114,-71.87115549034998,-71.87115549034998
2311.4000648260117,-71.87427913395318,-71.87427913395318
2311.410064826012,-71.87740256125164,-71.87740256125164
2311.4200648260116,-71.88052585976145,-71.88052585976145
2311.430064826012,-71.8836491160009,-71.8836491160009
2311.4400648260116,-71.88677241554346,-71.88677241554346
2311.450064826012,-71.8898958429725,-71.8898958429725
2311.4600648260116,-71.89301948187732,-71.89301948187732
2311.470064826012,-71.89614341488415,-71.89614341488415
2311.4800648260116,-71.89926772359807,-71.89926772359807
2311.490064826012,-71.90239248865528,-71.90239248865528
2311.5000648260116,-71.90551778966454,-71.90551778966454
2311.510064826012,-71.9086437052401,-71.9086437052401
2311.5200648260115,-71.91177031299604,-71.91177031299604
2311.5300648260118,-71.91489768952275,-71.91489768952275
2311.5400648260115,-71.91802591039756,-71.91802591039756
2311.5500648260117,-71.92115505018226,-71.92115505018226
2311.5600648260115,-71.92428518242751,-71.92428518242751
2311.5700648260117,-71.92741637965584,-71.92741637965584
2311.5800648260115,-71.93054871338776,-71.93054871338776
2311.5900648260117,-71.93368225410345,-71.93368225410345
2311.6000648260115,-71.93681707128123,-71.93681707128123
2311.6100648260117,-71.93995323336414,-71.93995323336414
2311.6200648260115,-71.9430908077938,-71.9430908077938
2311.6300648260117,-71.94622986098558,-71.94622986098558
2311.6400648260114,-71.94937045834875,-71.94937045834875
2311.6500648260117,-71.95251266427533,-71.95251266427533
2311.660064826012,-71.95565654214789,-71.95565654214789
2311.6700648260116,-71.95880215435393,-71.95880215435393
2311.680064826012,-71.96194956226005,-71.96194956226005
2311.6900648260116,-71.96509882626535,-71.96509882626535
2311.700064826012,-71.96825000573435,-71.96825000573435
2311.7100648260116,-71.97140315907554,-71.97140315907554
2311.720064826012,-71.97455834369681,-71.97455834369681
2311.7300648260116,-71.97771561603115,-71.97771561603115
2311.740064826012,-71.98087503154306,-71.98087503154306
2311.7500648260116,-71.9840366447077,-71.9840366447077
2311.760064826012,-71.98720050905484,-71.98720050905484
2311.7700648260115,-71.99036667715852,-71.99036667715852
2311.7800648260118,-71.99353520063313,-71.99353520063313
2311.7900648260115,-71.99670613015108,-71.99670613015108
2311.8000648260117,-71.99987951544941,-71.99987951544941
2311.8100648260115,-72.00305540533202,-72.00305540533202
2311.8200648260117,-72.0062338476853,-72.0062338476853
2311.8300648260115,-72.0094148894769,-72.0094148894769
2311.8400648260117,-72.01259857676955,-72.01259857676955
2311.8500648260115,-72.0157849547098,-72.0157849547098
2311.8600648260117,-72.01897406756919,-72.01897406756919
2311.8700648260115,-72.02216595872838,-72.02216595872838
2311.8800648260117,-72.02536067067048,-72.02536067067048
2311.8900648260114,-72.0285582450411,-72.0285582450411
2311.9000648260117,-72.0317587226003,-72.0317587226003
2311.910064826012,-72.03496214326859,-72.03496214326859
2311.9200648260116,-72.03816854611523,-72.03816854611523
2311.930064826012,-72.04137796937592,-72.04137796937592
2311.9400648260116,-72.04459045045297,-72.04459045045297
2311.950064826012,-72.04780602592727,-72.04780602592727
2311.9600648260116,-72.051018448629,-72.051018448629
2311.970064826012,-72.05422500138887,-72.05422500138887
2311.9800648260116,-72.05742437778778,-72.05742437778778
2311.990064826012,-72.0606159240672,-72.0606159240672
2312.0000648498535,-72.06379935739038,-72.06379935739038
2312.0100648498537,-72.06697458525943,-72.06697458525943
2312.0200648498535,-72.07014166299668,-72.07014166299668
2312.0300648498537,-72.0733007104014,-72.0733007104014
2312.0400648498535,-72.07645188760526,-72.07645188760526
2312.0500648498537,-72.0795953759162,-72.0795953759162
2312.0600648498535,-72.08273136646974,-72.08273136646974
2312.0700648498537,-72.08586005354357,-72.08586005354357
2312.0800648498534,-72.08898163070855,-72.08898163070855
2312.0900648498537,-72.09209628875215,-72.09209628875215
2312.1000648498534,-72.09520421461986,-72.09520421461986
2312.1100648498536,-72.09830559097496,-72.09830559097496
2312.1200648498534,-72.10140059617376,-72.10140059617376
2312.1300648498536,-72.10448940437264,-72.10448940437264
2312.1400648498534,-72.10757218578881,-72.10757218578881
2312.1500648498536,-72.11064910697655,-72.11064910697655
2312.1600648498534,-72.11372033113156,-72.11372033113156
2312.1700648498536,-72.11678601836779,-72.11678601836779
2312.1800648498534,-72.11984632597299,-72.11984632597299
2312.1900648498536,-72.12290140863787,-72.12290140863787
2312.2000648498533,-72.1259514186776,-72.1259514186776
2312.2100648498536,-72.12899650619636,-72.12899650619636
2312.2200648498533,-72.13203681922904,-72.13203681922904
2312.2300648498535,-72.13507250388253,-72.13507250388253
2312.2400648498533,-72.13810370445583,-72.13810370445583
2312.2500648498535,-72.14113056351161,-72.14113056351161
2312.2600648498537,-72.14415322194986,-72.14415322194986
2312.2700648498535,-72.14717181909185,-72.14717181909185
2312.2800648498537,-72.15018649271164,-72.15018649271164
2312.2900648498535,-72.1531973790841,-72.1531973790841
2312.3000648498537,-72.15620461302132,-72.15620461302132
2312.3100648498535,-72.15920832790688,-72.15920832790688
2312.3200648498537,-72.16220865568819,-72.16220865568819
2312.3300648498534,-72.16520572693459,-72.16520572693459
2312.3400648498537,-72.16819967081923,-72.16819967081923
2312.3500648498534,-72.17119061514208,-72.17119061514208
2312.3600648498536,-72.1741786863254,-72.1741786863254
2312.3700648498534,-72.17716400944249,-72.17716400944249
2312.3800648498536,-72.18014670818987,-72.18014670818987
2312.3900648498534,-72.1831269049163,-72.1831269049163
2312.4000648498536,-72.18610472060354,-72.18610472060354
2312.4100648498534,-72.18908027488642,-72.18908027488642
2312.4200648498536,-72.19205368602474,-72.19205368602474
2312.4300648498534,-72.19502507094019,-72.19502507094019
2312.4400648498536,-72.1979945451865,-72.1979945451865
2312.4500648498533,-72.20096222294848,-72.20096222294848
2312.4600648498536,-72.20392821706827,-72.20392821706827
2312.4700648498533,-72.2068926390084,-72.2068926390084
2312.4800648498535,-72.20985559887852,-72.20985559887852
2312.4900648498533,-72.21281720543084,-72.21281720543084
2312.5000648498535,-72.21577756603875,-72.21577756603875
2312.5100648498537,-72.21873678673164,-72.21873678673164
2312.5200648498535,-72.22169497217166,-72.22169497217166
2312.5300648498537,-72.22465222566355,-72.22465222566355
2312.5400648498535,-72.22760864915199,-72.22760864915199
2312.5500648498537,-72.2305643432175,-72.2305643432175
2312.5600648498535,-72.23351940710289,-72.23351940710289
2312.5700648498537,-72.2364739386939,-72.2364739386939
2312.5800648498534,-72.23942803452881,-72.23942803452881
2312.5900648498537,-72.24238178979904,-72.24238178979904
2312.6000648498534,-72.24533529836829,-72.24533529836829
2312.6100648498536,-72.24828865274982,-72.24828865274982
2312.6200648498534,-72.25124194414329,-72.25124194414329
2312.6300648498536,-72.25419526241058,-72.25419526241058
2312.6400648498534,-72.25714869610661,-72.25714869610661
2312.6500648498536,-72.2601023324675,-72.2601023324675
2312.6600648498534,-72.26305625742835,-72.26305625742835
2312.6700648498536,-72.26601055561622,-72.26601055561622
2312.6800648498534,-72.26896531037325,-72.26896531037325
2312.6900648498536,-72.27192060376123,-72.27192060376123
2312.7000648498533,-72.27487651656311,-72.27487651656311
2312.7100648498536,-72.27782682565737,-72.27782682565737
2312.7200648498533,-72.28076884858457,-72.28076884858457
2312.7300648498535,-72.28370131758136,-72.28370131758136
2312.7400648498533,-72.28662361914486,-72.28662361914486
2312.7500648498535,-72.28953550379607,-72.28953550379607
2312.7600648498537,-72.29243693538062,-72.29243693538062
2312.7700648498535,-72.29532800271443,-72.29532800271443
2312.7800648498537,-72.29820886652067,-72.29820886652067
2312.7900648498535,-72.3010797275146,-72.3010797275146
2312.8000648498537,-72.30394080724577,-72.30394080724577
2312.8100648498535,-72.30679233669429,-72.30679233669429
2312.8200648498537,-72.30963454956319,-72.30963454956319
2312.8300648498534,-72.31246767842981,-72.31246767842981
2312.8400648498537,-72.31529195263687,-72.31529195263687
2312.8500648736954,-72.31810760396223,-72.31810760396223
2312.8600648736956,-72.32091483933523,-72.32091483933523
2312.8700648736954,-72.32371388108494,-72.32371388108494
2312.8800648736956,-72.32650494018759,-72.32650494018759
2312.8900648736953,-72.32928822324232,-72.32928822324232
2312.9000648736956,-72.33206393275479,-72.33206393275479
2312.9100648736953,-72.33483226743637,-72.33483226743637
2312.9200648736955,-72.33759342248518,-72.33759342248518
2312.9300648736953,-72.34034758984963,-72.34034758984963
2312.9400648736955,-72.34309495847525,-72.34309495847525
2312.9500648736953,-72.34583571448418,-72.34583571448418
2312.9600648736955,-72.34857004138404,-72.34857004138404
2312.9700648736953,-72.35129812019392,-72.35129812019392
2312.9800648736955,-72.35402012960341,-72.35402012960341
2312.9900648736952,-72.3567362460704,-72.3567362460704
2313.0000648736955,-72.35944664390522,-72.35944664390522
2313.0100648736952,-72.36215149536616,-72.36215149536616
2313.0200648736954,-72.3648509707249,-72.3648509707249
2313.030064873695,-72.36754523831738,-72.36754523831738
2313.0400648736954,-72.37023446457187,-72.37023446457187
2313.050064873695,-72.37291881407782,-72.37291881407782
2313.0600648736954,-72.37559844959328,-72.37559844959328
2313.070064873695,-72.37827353207096,-72.37827353207096
2313.0800648736954,-72.38094422068477,-72.38094422068477
2313.090064873695,-72.38361067285703,-72.38361067285703
2313.1000648736954,-72.38627304423693,-72.38627304423693
2313.1100648736956,-72.38893148874843,-72.38893148874843
2313.1200648736954,-72.39158615857683,-72.39158615857683
2313.1300648736956,-72.3942372041821,-72.3942372041821
2313.1400648736953,-72.39688477431397,-72.39688477431397
2313.1500648736956,-72.39952901599132,-72.39952901599132
2313.1600648736953,-72.40217007453128,-72.40217007453128
2313.1700648736955,-72.40480809353808,-72.40480809353808
2313.1800648736953,-72.40744321491485,-72.40744321491485
2313.1900648736955,-72.41007557885516,-72.41007557885516
2313.2000648736953,-72.41270532386399,-72.41270532386399
2313.2100648736955,-72.41533258673053,-72.41533258673053
2313.2200648736953,-72.4179575025684,-72.4179575025684
2313.2300648736955,-72.42058020478892,-72.42058020478892
2313.2400648736952,-72.42320082512079,-72.42320082512079
2313.2500648736955,-72.42581949359983,-72.42581949359983
2313.2600648736952,-72.42843633858644,-72.42843633858644
2313.2700648736954,-72.43105148678018,-72.43105148678018
2313.280064873695,-72.43366506318239,-72.43366506318239
2313.2900648736954,-72.43627719114684,-72.43627719114684
2313.300064873695,-72.43888799236248,-72.43888799236248
2313.3100648736954,-72.44149758686436,-72.44149758686436
2313.320064873695,-72.44410609303382,-72.44410609303382
2313.3300648736954,-72.44671362761595,-72.44671362761595
2313.340064873695,-72.44932030572306,-72.44932030572306
2313.3500648736954,-72.45192624083892,-72.45192624083892
2313.3600648736956,-72.45453154482651,-72.45453154482651
2313.3700648736954,-72.45713632795041,-72.45713632795041
2313.3800648736956,-72.4597406988576,-72.4597406988576
2313.3900648736953,-72.46234476461284,-72.46234476461284
2313.4000648736956,-72.46494863069503,-72.46494863069503
2313.4100648736953,-72.46755240100916,-72.46755240100916
2313.4200648736955,-72.47015617790234,-72.47015617790234
2313.4300648736953,-72.47276006216003,-72.47276006216003
2313.4400648736955,-72.47536415304293,-72.47536415304293
2313.4500648736953,-72.47796854826147,-72.47796854826147
2313.4600648736955,-72.48057334401501,-72.48057334401501
2313.4700648736953,-72.48317863499594,-72.48317863499594
2313.4800648736955,-72.4857845144003,-72.4857845144003
2313.4900648736952,-72.48839107393515,-72.48839107393515
2313.5000648736955,-72.49099840383722,-72.49099840383722
2313.5100648736952,-72.49360659288854,-72.49360659288854
2313.5200648736954,-72.49621572841264,-72.49621572841264
2313.530064873695,-72.49882589631244,-72.49882589631244
2313.5400648736954,-72.50143718104951,-72.50143718104951
2313.550064873695,-72.50404966568703,-72.50404966568703
2313.5600648736954,-72.50666343189552,-72.50666343189552
2313.570064873695,-72.50927855995992,-72.50927855995992
2313.5800648736954,-72.51189512878477,-72.51189512878477
2313.590064873695,-72.5145132159322,-72.5145132159322
2313.6000648736954,-72.51713289760394,-72.51713289760394
2313.6100648736956,-72.51975424869114,-72.51975424869114
2313.6200648736954,-72.52237734274699,-72.52237734274699
2313.6300648736956,-72.52500225204828,-72.52500225204828
2313.6400648736953,-72.52762904755173,-72.52762904755173
2313.6500648736956,-72.53025779896424,-72.53025779896424
2313.6600648736953,-72.53288857472039,-72.53288857472039
2313.6700648736955,-72.53552144199658,-72.53552144199658
2313.6800648736953,-72.53815646675604,-72.53815646675604
2313.6900648736955,-72.54079371372681,-72.54079371372681
2313.7000648975372,-72.54343325271064,-72.54343325271064
2313.7100648975374,-72.5460751334903,-72.5460751334903
2313.720064897537,-72.54871942347309,-72.54871942347309
2313.7300648975374,-72.55136618263754,-72.55136618263754
2313.740064897537,-72.55401546982458,-72.55401546982458
2313.7500648975374,-72.55666734272029,-72.55666734272029
2313.760064897537,-72.55932185789437,-72.55932185789437
2313.7700648975374,-72.56197907078736,-72.56197907078736
2313.780064897537,-72.5646390357519,-72.5646390357519
2313.7900648975374,-72.56730180606225,-72.56730180606225
2313.800064897537,-72.56996743390337,-72.56996743390337
2313.8100648975374,-72.57263597040902,-72.57263597040902
2313.820064897537,-72.5753074656752,-72.5753074656752
2313.8300648975373,-72.57798196874745,-72.57798196874745
2313.840064897537,-72.58065952766098,-72.58065952766098
2313.8500648975373,-72.58334018944363,-72.58334018944363
2313.860064897537,-72.58602400012043,-72.58602400012043
2313.8700648975373,-72.5887110047529,-72.5887110047529
2313.880064897537,-72.5914012474053,-72.5914012474053
2313.8900648975373,-72.59409477121156,-72.59409477121156
2313.900064897537,-72.59679161835254,-72.59679161835254
2313.9100648975373,-72.59949183006022,-72.59949183006022
2313.920064897537,-72.60219544667679,-72.60219544667679
2313.9300648975372,-72.60490250760864,-72.60490250760864
2313.940064897537,-72.60761305139228,-72.60761305139228
2313.9500648975372,-72.61032711566158,-72.61032711566158
2313.9600648975374,-72.61303840500246,-72.61303840500246
2313.970064897537,-72.61574418155074,-72.61574418155074
2313.9800648975374,-72.61844312916716,-72.61844312916716
2313.990064897537,-72.62113458940654,-72.62113458940654
2314.0000648975374,-72.62381826997144,-72.62381826997144
2314.010064897537,-72.6264940932802,-72.6264940932802
2314.0200648975374,-72.62916210772467,-72.62916210772467
2314.030064897537,-72.63182243434626,-72.63182243434626
2314.0400648975374,-72.63447523478001,-72.63447523478001
2314.050064897537,-72.63712069201696,-72.63712069201696
2314.0600648975374,-72.63975899893765,-72.63975899893765
2314.070064897537,-72.64239035157121,-72.64239035157121
2314.0800648975373,-72.64501494524036,-72.64501494524036
2314.090064897537,-72.64763297245102,-72.64763297245102
2314.1000648975373,-72.65024462181589,-72.65024462181589
2314.110064897537,-72.65285007765586,-72.65285007765586
2314.1200648975373,-72.65544951991886,-72.65544951991886
2314.130064897537,-72.65804312432877,-72.65804312432877
2314.1400648975373,-72.66063106261542,-72.66063106261542
2314.150064897537,-72.66321350283637,-72.66321350283637
2314.1600648975373,-72.66579060963586,-72.66579060963586
2314.170064897537,-72.6683625445701,-72.6683625445701
2314.1800648975372,-72.67092946630825,-72.67092946630825
2314.190064897537,-72.67349153093089,-72.67349153093089
2314.2000648975372,-72.67604889210006,-72.67604889210006
2314.2100648975374,-72.67859536365482,-72.67859536365482
2314.220064897537,-72.68112831906215,-72.68112831906215
2314.2300648975374,-72.68364655369344,-72.68364655369344
2314.240064897537,-72.68614952025791,-72.68614952025791
2314.2500648975374,-72.68863703702638,-72.68863703702638
2314.260064897537,-72.69110913634368,-72.69110913634368
2314.2700648975374,-72.6935659758701,-72.6935659758701
2314.280064897537,-72.69600778524214,-72.69600778524214
2314.2900648975374,-72.69843483402198,-72.69843483402198
2314.300064897537,-72.70084741246497,-72.70084741246497
2314.3100648975374,-72.70324582005601,-72.70324582005601
2314.320064897537,-72.7056303587815,-72.7056303587815
2314.3300648975373,-72.70800132925963,-72.70800132925963
2314.340064897537,-72.71035902864033,-72.71035902864033
2314.3500648975373,-72.71270374951978,-72.71270374951978
2314.360064897537,-72.71503577954006,-72.71503577954006
2314.3700648975373,-72.71735540130133,-72.71735540130133
2314.380064897537,-72.71966289249256,-72.71966289249256
2314.3900648975373,-72.72195852614065,-72.72195852614065
2314.400064897537,-72.72424257088915,-72.72424257088915
2314.4100648975373,-72.72651529126657,-72.72651529126657
2314.420064897537,-72.72877694796692,-72.72877694796692
2314.4300648975372,-72.73102779812001,-72.73102779812001
2314.440064897537,-72.73326809548831,-72.73326809548831
2314.4500648975372,-72.73549809065923,-72.73549809065923
2314.4600648975374,-72.73771803124347,-72.73771803124347
2314.470064897537,-72.73992816199554,-72.73992816199554
2314.4800648975374,-72.74212872493045,-72.74212872493045
2314.490064897537,-72.7443199594395,-72.7443199594395
2314.5000648975374,-72.74650210234857,-72.74650210234857
2314.510064897537,-72.74867538801759,-72.74867538801759
2314.5200648975374,-72.75084004837643,-72.75084004837643
2314.530064897537,-72.75299631296976,-72.75299631296976
2314.5400648975374,-72.75514440899201,-72.75514440899201
2314.550064921379,-72.75728456641863,-72.75728456641863
2314.5600649213793,-72.75941699762227,-72.75941699762227
2314.570064921379,-72.76154192801668,-72.76154192801668
2314.5800649213793,-72.76365957563361,-72.76365957563361
2314.590064921379,-72.765770156239,-72.765770156239
2314.6000649213793,-72.76787388333906,-72.76787388333906
2314.610064921379,-72.76997096820541,-72.76997096820541
2314.6200649213793,-72.77206161985467,-72.77206161985467
2314.630064921379,-72.77414604505094,-72.77414604505094
2314.6400649213792,-72.7762244483117,-72.7762244483117
2314.650064921379,-72.7782970319217,-72.7782970319217
2314.660064921379,-72.78036399589405,-72.78036399589405
2314.670064921379,-72.78242553801618,-72.78242553801618
2314.680064921379,-72.7844818538169,-72.7844818538169
2314.690064921379,-72.78653313657908,-72.78653313657908
2314.700064921379,-72.7885795773387,-72.7885795773387
2314.710064921379,-72.79062136488723,-72.79062136488723
2314.720064921379,-72.79265868576624,-72.79265868576624
2314.730064921379,-72.79469172426676,-72.79469172426676
2314.740064921379,-72.79672066244754,-72.79672066244754
2314.750064921379,-72.79874568012089,-72.79874568012089
2314.760064921379,-72.8007669548659,-72.8007669548659
2314.770064921379,-72.80278466202455,-72.80278466202455
2314.780064921379,-72.80479897472767,-72.80479897472767
2314.790064921379,-72.80681006386867,-72.80681006386867
2314.800064921379,-72.80881809812873,-72.80881809812873
2314.8100649213793,-72.81082324398616,-72.81082324398616
2314.820064921379,-72.81282566572088,-72.81282566572088
2314.8300649213793,-72.81482552540199,-72.81482552540199
2314.840064921379,-72.81682298294965,-72.81682298294965
2314.8500649213793,-72.81881819607186,-72.81881819607186
2314.860064921379,-72.82081132033225,-72.82081132033225
2314.8700649213793,-72.82280250915245,-72.82280250915245
2314.880064921379,-72.82479191378494,-72.82479191378494
2314.8900649213792,-72.82677968337178,-72.82677968337178
2314.900064921379,-72.8287659649311,-72.8287659649311
2314.910064921379,-72.83075090336845,-72.83075090336845
2314.920064921379,-72.83273464151802,-72.83273464151802
2314.930064921379,-72.83471732010554,-72.83471732010554
2314.940064921379,-72.83669907781253,-72.83669907781253
2314.950064921379,-72.83868005127167,-72.83868005127167
2314.960064921379,-72.840660375068,-72.840660375068
2314.970064921379,-72.84264018176616,-72.84264018176616
2314.980064921379,-72.84461960193653,-72.84461960193653
2314.990064921379,-72.84659876414429,-72.84659876414429
2315.000064921379,-72.84857779500304,-72.84857779500304
2315.010064921379,-72.8505568191529,-72.8505568191529
2315.020064921379,-72.85253595929969,-72.85253595929969
2315.030064921379,-72.85451533622212,-72.85451533622212
2315.040064921379,-72.85649506879027,-72.85649506879027
2315.050064921379,-72.85847527399093,-72.85847527399093
2315.0600649213793,-72.86045606692647,-72.86045606692647
2315.070064921379,-72.86243756086677,-72.86243756086677
2315.0800649213793,-72.86441986722068,-72.86441986722068
2315.090064921379,-72.86640309559515,-72.86640309559515
2315.1000649213793,-72.8683873537791,-72.8683873537791
2315.110064921379,-72.87037274778893,-72.87037274778893
2315.1200649213793,-72.87235938186295,-72.87235938186295
2315.130064921379,-72.87434735851764,-72.87434735851764
2315.1400649213792,-72.87633677851152,-72.87633677851152
2315.150064921379,-72.87832774090391,-72.87832774090391
2315.160064921379,-72.88032034306208,-72.88032034306208
2315.170064921379,-72.88231468067266,-72.88231468067266
2315.180064921379,-72.8843108477829,-72.8843108477829
2315.190064921379,-72.8863089367788,-72.8863089367788
2315.200064921379,-72.88830903843457,-72.88830903843457
2315.210064921379,-72.89031124192697,-72.89031124192697
2315.220064921379,-72.8923156348405,-72.8923156348405
2315.230064921379,-72.89432230320631,-72.89432230320631
2315.240064921379,-72.89633133150014,-72.89633133150014
2315.250064921379,-72.89834280266888,-72.89834280266888
2315.260064921379,-72.90035679814493,-72.90035679814493
2315.270064921379,-72.90237339787808,-72.90237339787808
2315.280064921379,-72.90439268032314,-72.90439268032314
2315.290064921379,-72.90641472250822,-72.90641472250822
2315.300064921379,-72.90843959998506,-72.90843959998506
2315.3100649213793,-72.91046738690812,-72.91046738690812
2315.320064921379,-72.91249815602032,-72.91249815602032
2315.3300649213793,-72.91453197867484,-72.91453197867484
2315.340064921379,-72.91656892485909,-72.91656892485909
2315.3500649213793,-72.91860906320127,-72.91860906320127
2315.360064921379,-72.92065246099325,-72.92065246099325
2315.3700649213793,-72.92269918421641,-72.92269918421641
2315.380064921379,-72.92474929755144,-72.92474929755144
2315.3900649213792,-72.92680286438305,-72.92680286438305
2315.400064945221,-72.92885995172513,-72.92885995172513
2315.410064945221,-72.93092061067408,-72.93092061067408
2315.420064945221,-72.93298490573483,-72.93298490573483
2315.430064945221,-72.9350528953272,-72.9350528953272
2315.440064945221,-72.93712463665516,-72.93712463665516
2315.450064945221,-72.93920018574613,-72.93920018574613
2315.460064945221,-72.94127959745092,-72.94127959745092
2315.470064945221,-72.94336292546305,-72.94336292546305
2315.480064945221,-72.94545022233757,-72.94545022233757
2315.490064945221,-72.94754153950082,-72.94754153950082
2315.500064945221,-72.9496369272739,-72.9496369272739
2315.510064945221,-72.9517364348759,-72.9517364348759
2315.520064945221,-72.95384011045104,-72.95384011045104
2315.530064945221,-72.95594800108123,-72.95594800108123
2315.540064945221,-72.95806015279304,-72.95806015279304
2315.550064945221,-72.96017661057522,-72.96017661057522
2315.560064945221,-72.96229741839898,-72.96229741839898
2315.570064945221,-72.96442261922488,-72.96442261922488
2315.580064945221,-72.96655225502619,-72.96655225502619
2315.590064945221,-72.96868636678934,-72.96868636678934
2315.6000649452208,-72.97082499453734,-72.97082499453734
2315.610064945221,-72.97296817734009,-72.97296817734009
2315.6200649452207,-72.975115953327,-72.975115953327
2315.630064945221,-72.97726835970747,-72.97726835970747
2315.6400649452207,-72.97942543277814,-72.97942543277814
2315.650064945221,-72.98158720792524,-72.98158720792524
2315.660064945221,-72.9837537196597,-72.9837537196597
2315.670064945221,-72.9859250016182,-72.9859250016182
2315.680064945221,-72.98810108656342,-72.98810108656342
2315.690064945221,-72.9902820064381,-72.9902820064381
2315.700064945221,-72.99246779230788,-72.99246779230788
2315.710064945221,-72.99465210938796,-72.99465210938796
2315.720064945221,-72.9968321994958,-72.9968321994958
2315.730064945221,-72.99900673379258,-72.99900673379258
2315.740064945221,-73.00117504462698,-73.00117504462698
2315.750064945221,-73.00333683249036,-73.00333683249036
2315.760064945221,-73.00549201373816,-73.00549201373816
2315.770064945221,-73.0076406313805,-73.0076406313805
2315.780064945221,-73.00978280147902,-73.00978280147902
2315.790064945221,-73.01191868091226,-73.01191868091226
2315.800064945221,-73.0140484480296,-73.0140484480296
2315.810064945221,-73.01617229113214,-73.01617229113214
2315.820064945221,-73.01829040169525,-73.01829040169525
2315.830064945221,-73.02040297049557,-73.02040297049557
2315.840064945221,-73.02251018548316,-73.02251018548316
2315.8500649452208,-73.02461223071906,-73.02461223071906
2315.860064945221,-73.02670928594532,-73.02670928594532
2315.8700649452207,-73.02880152653294,-73.02880152653294
2315.880064945221,-73.03088912362614,-73.03088912362614
2315.8900649452207,-73.03297224438099,-73.03297224438099
2315.900064945221,-73.03505105227353,-73.03505105227353
2315.910064945221,-73.03712570738081,-73.03712570738081
2315.920064945221,-73.03919636668081,-73.03919636668081
2315.930064945221,-73.04126318430322,-73.04126318430322
2315.940064945221,-73.04332631178417,-73.04332631178417
2315.950064945221,-73.04538589825492,-73.04538589825492
2315.960064945221,-73.04744209064548,-73.04744209064548
2315.970064945221,-73.04949503382075,-73.04949503382075
2315.980064945221,-73.05154487070355,-73.05154487070355
2315.990064945221,-73.05359174241318,-73.05359174241318
2316.000064945221,-73.05563578834797,-73.05563578834797
2316.010064945221,-73.0576771462484,-73.0576771462484
2316.020064945221,-73.05971595227791,-73.05971595227791
2316.030064945221,-73.06175234107056,-73.06175234107056
2316.040064945221,-73.06378644577336,-73.06378644577336
2316.050064945221,-73.06581839807656,-73.06581839807656
2316.060064945221,-73.06784832825346,-73.06784832825346
2316.070064945221,-73.06987636516877,-73.06987636516877
2316.080064945221,-73.07190263631357,-73.07190263631357
2316.090064945221,-73.07392726778639,-73.07392726778639
2316.1000649452208,-73.07595038434867,-73.07595038434867
2316.110064945221,-73.07797210939411,-73.07797210939411
2316.1200649452207,-73.07999256497241,-73.07999256497241
2316.130064945221,-73.08201187178103,-73.08201187178103
2316.1400649452207,-73.08403014918648,-73.08403014918648
2316.150064945221,-73.08604751520029,-73.08604751520029
2316.160064945221,-73.08806408651019,-73.08806408651019
2316.170064945221,-73.09007997844841,-73.09007997844841
2316.180064945221,-73.0920953050032,-73.0920953050032
2316.190064945221,-73.09411017883285,-73.09411017883285
2316.200064945221,-73.09612471123685,-73.09612471123685
2316.210064945221,-73.09813901218104,-73.09813901218104
2316.220064945221,-73.10015319027798,-73.10015319027798
2316.230064945221,-73.10216735280328,-73.10216735280328
2316.240064945221,-73.10418160567575,-73.10418160567575
2316.250064969063,-73.1061960582753,-73.1061960582753
2316.260064969063,-73.10821080423709,-73.10821080423709
2316.270064969063,-73.11022595024231,-73.11022595024231
2316.280064969063,-73.11224159683395,-73.11224159683395
2316.2900649690628,-73.11425784321206,-73.11425784321206
2316.300064969063,-73.11627478723356,-73.11627478723356
2316.3100649690628,-73.11829252541966,-73.11829252541966
2316.320064969063,-73.12031115295167,-73.12031115295167
2316.3300649690627,-73.12233076368065,-73.12233076368065
2316.340064969063,-73.12435145012822,-73.12435145012822
2316.3500649690627,-73.12637330349396,-73.12637330349396
2316.360064969063,-73.12839641364683,-73.12839641364683
2316.3700649690627,-73.13042086915043,-73.13042086915043
2316.380064969063,-73.13244675724302,-73.13244675724302
2316.3900649690627,-73.13447416388732,-73.13447416388732
2316.400064969063,-73.13650317370681,-73.13650317370681
2316.4100649690627,-73.13853387006934,-73.13853387006934
2316.420064969063,-73.14056633502081,-73.14056633502081
2316.4300649690626,-73.14260064936067,-73.14260064936067
2316.440064969063,-73.14463689258831,-73.14463689258831
2316.4500649690626,-73.14667514295466,-73.14667514295466
2316.460064969063,-73.14871547744639,-73.14871547744639
2316.4700649690626,-73.1507579718053,-73.1507579718053
2316.480064969063,-73.15280270052666,-73.15280270052666
2316.4900649690626,-73.15484973688203,-73.15484973688203
2316.500064969063,-73.15689915291088,-73.15689915291088
2316.510064969063,-73.15895101944425,-73.15895101944425
2316.520064969063,-73.16100540610296,-73.16100540610296
2316.530064969063,-73.16306238131543,-73.16306238131543
2316.5400649690628,-73.16512201232646,-73.16512201232646
2316.550064969063,-73.16718436520381,-73.16718436520381
2316.5600649690628,-73.16924950484179,-73.16924950484179
2316.570064969063,-73.17131749497894,-73.17131749497894
2316.5800649690627,-73.17338839821363,-73.17338839821363
2316.590064969063,-73.17546227600738,-73.17546227600738
2316.6000649690627,-73.17753918869813,-73.17753918869813
2316.610064969063,-73.17961919549299,-73.17961919549299
2316.6200649690627,-73.18170235451703,-73.18170235451703
2316.630064969063,-73.18378872278575,-73.18378872278575
2316.6400649690627,-73.18587835624415,-73.18587835624415
2316.650064969063,-73.18797130974883,-73.18797130974883
2316.6600649690627,-73.19006763710466,-73.19006763710466
2316.670064969063,-73.19216739106096,-73.19216739106096
2316.6800649690626,-73.19427062335055,-73.19427062335055
2316.690064969063,-73.19637738464158,-73.19637738464158
2316.7000649690626,-73.19848772461155,-73.19848772461155
2316.710064969063,-73.20059530842457,-73.20059530842457
2316.7200649690626,-73.2026973878334,-73.2026973878334
2316.730064969063,-73.20479264776114,-73.20479264776114
2316.7400649690626,-73.20688043605034,-73.20688043605034
2316.750064969063,-73.20896046950983,-73.20896046950983
2316.760064969063,-73.21103268127341,-73.21103268127341
2316.770064969063,-73.21309713132732,-73.21309713132732
2316.780064969063,-73.21515395274756,-73.21515395274756
2316.7900649690628,-73.21720331938545,-73.21720331938545
2316.800064969063,-73.21924542648665,-73.21924542648665
2316.8100649690628,-73.22128047910567,-73.22128047910567
2316.820064969063,-73.22330868533757,-73.22330868533757
2316.8300649690627,-73.22533025242363,-73.22533025242363
2316.840064969063,-73.2273453845997,-73.2273453845997
2316.8500649690627,-73.22935428206601,-73.22935428206601
2316.860064969063,-73.23135714051784,-73.23135714051784
2316.8700649690627,-73.23335415111627,-73.23335415111627
2316.880064969063,-73.23534550062611,-73.23534550062611
2316.8900649690627,-73.23733137165124,-73.23733137165124
2316.900064969063,-73.23931194292891,-73.23931194292891
2316.9100649690627,-73.2412873896436,-73.2412873896436
2316.920064969063,-73.24325788371364,-73.24325788371364
2316.9300649690626,-73.24522359403589,-73.24522359403589
2316.940064969063,-73.24718468673103,-73.24718468673103
2316.9500649690626,-73.24914132535493,-73.24914132535493
2316.960064969063,-73.25109367109494,-73.25109367109494
2316.9700649690626,-73.25304188290369,-73.25304188290369
2316.980064969063,-73.25498611763777,-73.25498611763777
2316.9900649690626,-73.25692653017313,-73.25692653017313
2317.000064969063,-73.25886327348897,-73.25886327348897
2317.010064969063,-73.26079649876955,-73.26079649876955
2317.020064969063,-73.26272635544562,-73.26272635544562
2317.030064969063,-73.26465299125367,-73.26465299125367
2317.0400649690628,-73.2665765522897,-73.2665765522897
2317.050064969063,-73.26849718303141,-73.26849718303141
2317.0600649690628,-73.27041502637901,-73.27041502637901
2317.070064969063,-73.27233022366205,-73.27233022366205
2317.0800649690627,-73.27424291469308,-73.27424291469308
2317.090064969063,-73.27615323773549,-73.27615323773549
2317.1000649929047,-73.27806133409368,-73.27806133409368
2317.110064992905,-73.27996732993114,-73.27996732993114
2317.1200649929046,-73.28187136354353,-73.28187136354353
2317.130064992905,-73.28377356719342,-73.28377356719342
2317.1400649929046,-73.28567407164174,-73.28567407164174
2317.150064992905,-73.28757300616434,-73.28757300616434
2317.1600649929046,-73.28947049855942,-73.28947049855942
2317.170064992905,-73.29136667512552,-73.29136667512552
2317.1800649929046,-73.29326166068354,-73.29326166068354
2317.190064992905,-73.29515557856703,-73.29515557856703
2317.2000649929046,-73.29704855062378,-73.29704855062378
2317.210064992905,-73.29894069721851,-73.29894069721851
2317.2200649929046,-73.30083213724494,-73.30083213724494
2317.2300649929048,-73.30272298809524,-73.30272298809524
2317.2400649929045,-73.30461336569596,-73.30461336569596
2317.2500649929048,-73.30650338447971,-73.30650338447971
2317.2600649929045,-73.30839315741474,-73.30839315741474
2317.2700649929047,-73.31028279598476,-73.31028279598476
2317.2800649929045,-73.31217241020406,-73.31217241020406
2317.2900649929047,-73.31406210861617,-73.31406210861617
2317.3000649929045,-73.31595199829698,-73.31595199829698
2317.3100649929047,-73.31784218485598,-73.31784218485598
2317.3200649929045,-73.31973277245199,-73.31973277245199
2317.3300649929047,-73.32162386378272,-73.32162386378272
2317.3400649929044,-73.32351556010201,-73.32351556010201
2317.3500649929047,-73.32540796120408,-73.32540796120408
2317.360064992905,-73.32730116546325,-73.32730116546325
2317.3700649929046,-73.32919526980248,-73.32919526980248
2317.380064992905,-73.33109036973924,-73.33109036973924
2317.3900649929046,-73.33298655935805,-73.33298655935805
2317.400064992905,-73.33488393134154,-73.33488393134154
2317.4100649929046,-73.33678257695628,-73.33678257695628
2317.420064992905,-73.33868258607927,-73.33868258607927
2317.4300649929046,-73.34058404719744,-73.34058404719744
2317.440064992905,-73.34248704743234,-73.34248704743234
2317.4500649929046,-73.34439167251512,-73.34439167251512
2317.460064992905,-73.34629161078689,-73.34629161078689
2317.4700649929046,-73.34818414401728,-73.34818414401728
2317.4800649929048,-73.3500679896615,-73.3500679896615
2317.4900649929045,-73.35194252903634,-73.35194252903634
2317.5000649929048,-73.35380751280819,-73.35380751280819
2317.5100649929045,-73.35566290802979,-73.35566290802979
2317.5200649929047,-73.35750880849625,-73.35750880849625
2317.5300649929045,-73.3593453809043,-73.3593453809043
2317.5400649929047,-73.36117283243715,-73.36117283243715
2317.5500649929045,-73.36299139134674,-73.36299139134674
2317.5600649929047,-73.36480129538472,-73.36480129538472
2317.5700649929045,-73.36660278498849,-73.36660278498849
2317.5800649929047,-73.36839609935952,-73.36839609935952
2317.5900649929044,-73.37018147437585,-73.37018147437585
2317.6000649929047,-73.37195914148282,-73.37195914148282
2317.610064992905,-73.37372932727973,-73.37372932727973
2317.6200649929046,-73.37549225347038,-73.37549225347038
2317.630064992905,-73.37724813697469,-73.37724813697469
2317.6400649929046,-73.37899719021381,-73.37899719021381
2317.650064992905,-73.38073962139225,-73.38073962139225
2317.6600649929046,-73.38247563478127,-73.38247563478127
2317.670064992905,-73.38420543103744,-73.38420543103744
2317.6800649929046,-73.38592920744823,-73.38592920744823
2317.690064992905,-73.38764715817372,-73.38764715817372
2317.7000649929046,-73.38935947446545,-73.38935947446545
2317.710064992905,-73.39106634484368,-73.39106634484368
2317.7200649929046,-73.39276795525342,-73.39276795525342
2317.7300649929048,-73.39446448920718,-73.39446448920718
2317.7400649929045,-73.39615612789252,-73.39615612789252
2317.7500649929048,-73.39784305026978,-73.39784305026978
2317.7600649929045,-73.3995254331552,-73.3995254331552
2317.7700649929047,-73.40120345128365,-73.40120345128365
2317.7800649929045,-73.40287727737113,-73.40287727737113
2317.7900649929047,-73.4045470821545,-73.4045470821545
2317.8000649929045,-73.40621303443235,-73.40621303443235
2317.8100649929047,-73.40787530109984,-73.40787530109984
2317.8200649929045,-73.40953404717942,-73.40953404717942
2317.8300649929047,-73.41118943581823,-73.41118943581823
2317.8400649929044,-73.41284162833858,-73.41284162833858
2317.8500649929047,-73.41449078422436,-73.41449078422436
2317.860064992905,-73.41613706115196,-73.41613706115196
2317.8700649929046,-73.41778061498503,-73.41778061498503
2317.880064992905,-73.41942159978618,-73.41942159978618
2317.8900649929046,-73.42106016783667,-73.42106016783667
2317.900064992905,-73.42269646961842,-73.42269646961842
2317.9100649929046,-73.42433065384091,-73.42433065384091
2317.920064992905,-73.42596286742408,-73.42596286742408
2317.9300649929046,-73.42759325551494,-73.42759325551494
2317.940064992905,-73.42922196149892,-73.42922196149892
2317.9500650167465,-73.43084913085377,-73.43084913085377
2317.9600650167467,-73.4324684926985,-73.4324684926985
2317.9700650167465,-73.43407738519012,-73.43407738519012
2317.9800650167467,-73.43567457955315,-73.43567457955315
2317.9900650167465,-73.43725951122579,-73.43725951122579
2318.0000650167467,-73.43883198500306,-73.43883198500306
2318.0100650167465,-73.44039202188169,-73.44039202188169
2318.0200650167467,-73.44193976929701,-73.44193976929701
2318.0300650167464,-73.44347544721273,-73.44347544721273
2318.0400650167467,-73.4449993156862,-73.4449993156862
2318.0500650167464,-73.44651165539393,-73.44651165539393
2318.0600650167466,-73.44801275605336,-73.44801275605336
2318.0700650167464,-73.44950290959758,-73.44950290959758
2318.0800650167466,-73.45098240625522,-73.45098240625522
2318.0900650167464,-73.45245153242546,-73.45245153242546
2318.1000650167466,-73.45391056960354,-73.45391056960354
2318.1100650167464,-73.45535979393935,-73.45535979393935
2318.1200650167466,-73.45679947617937,-73.45679947617937
2318.1300650167464,-73.45822988181378,-73.45822988181378
2318.1400650167466,-73.45965127131323,-73.45965127131323
2318.1500650167463,-73.46106390043487,-73.46106390043487
2318.1600650167466,-73.46246802050159,-73.46246802050159
2318.1700650167463,-73.46386387871956,-73.46386387871956
2318.1800650167465,-73.46525171842222,-73.46525171842222
2318.1900650167463,-73.466631779312,-73.466631779312
2318.2000650167465,-73.46800429767268,-73.46800429767268
2318.2100650167467,-73.46936950655868,-73.46936950655868
2318.2200650167465,-73.47072763595851,-73.47072763595851
2318.2300650167467,-73.47207891289742,-73.47207891289742
2318.2400650167465,-73.47342356158829,-73.47342356158829
2318.2500650167467,-73.47476180350988,-73.47476180350988
2318.2600650167465,-73.47609385749764,-73.47609385749764
2318.2700650167467,-73.47741993980705,-73.47741993980705
2318.2800650167464,-73.47874026417836,-73.47874026417836
2318.2900650167467,-73.4800550418687,-73.4800550418687
2318.3000650167464,-73.48136448171425,-73.48136448171425
2318.3100650167466,-73.48266879013757,-73.48266879013757
2318.3200650167464,-73.48396817120273,-73.48396817120273
2318.3300650167466,-73.48526282663046,-73.48526282663046
2318.3400650167464,-73.48655295579593,-73.48655295579593
2318.3500650167466,-73.4878387557688,-73.4878387557688
2318.3600650167464,-73.48912042132609,-73.48912042132609
2318.3700650167466,-73.4903981449531,-73.4903981449531
2318.3800650167464,-73.49167211687296,-73.49167211687296
2318.3900650167466,-73.49294252503239,-73.49294252503239
2318.4000650167463,-73.4942095551198,-73.4942095551198
2318.4100650167466,-73.49547339057943,-73.49547339057943
2318.4200650167463,-73.49673421260597,-73.49673421260597
2318.4300650167465,-73.49799220016122,-73.49799220016122
2318.4400650167463,-73.49924752998128,-73.49924752998128
2318.4500650167465,-73.50050037657375,-73.50050037657375
2318.4600650167467,-73.5017445041982,-73.5017445041982
2318.4700650167465,-73.50297727762195,-73.50297727762195
2318.4800650167467,-73.5041974994974,-73.5041974994974
2318.4900650167465,-73.50540463688218,-73.50540463688218
2318.5000650167467,-73.50659852606238,-73.50659852606238
2318.5100650167465,-73.50777921929624,-73.50777921929624
2318.5200650167467,-73.50894689492957,-73.50894689492957
2318.5300650167464,-73.51010180342968,-73.51010180342968
2318.5400650167467,-73.51124423496017,-73.51124423496017
2318.5500650167464,-73.51237449984652,-73.51237449984652
2318.5600650167466,-73.51349291701128,-73.51349291701128
2318.5700650167464,-73.51459980715127,-73.51459980715127
2318.5800650167466,-73.51569548879905,-73.51569548879905
2318.5900650167464,-73.51678027622768,-73.51678027622768
2318.6000650167466,-73.5178544783485,-73.5178544783485
2318.6100650167464,-73.5189183983129,-73.5189183983129
2318.6200650167466,-73.5199723334249,-73.5199723334249
2318.6300650167464,-73.52101657533026,-73.52101657533026
2318.6400650167466,-73.52205141022463,-73.52205141022463
2318.6500650167463,-73.52307711918478,-73.52307711918478
2318.6600650167466,-73.52409397845459,-73.52409397845459
2318.6700650167463,-73.52510225976185,-73.52510225976185
2318.6800650167465,-73.52610223055973,-73.52610223055973
2318.6900650167463,-73.52709415430405,-73.52709415430405
2318.7000650167465,-73.52807829064432,-73.52807829064432
2318.7100650167467,-73.52905489562131,-73.52905489562131
2318.7200650167465,-73.53002422183265,-73.53002422183265
2318.7300650167467,-73.53098651857313,-73.53098651857313
2318.7400650167465,-73.53194203194614,-73.53194203194614
2318.7500650167467,-73.53289100497241,-73.53289100497241
2318.7600650167465,-73.53383367768113,-73.53383367768113
2318.7700650167467,-73.53477028716809,-73.53477028716809
2318.7800650167464,-73.5357010676845,-73.5357010676845
2318.7900650167467,-73.53662625065816,-73.53662625065816
2318.8000650405884,-73.53754606695566,-73.53754606695566
2318.8100650405886,-73.53846073811849,-73.53846073811849
2318.8200650405884,-73.5393704896126,-73.5393704896126
2318.8300650405886,-73.54027554201633,-73.54027554201633
2318.8400650405883,-73.54117611328275,-73.54117611328275
2318.8500650405886,-73.54207241872507,-73.54207241872507
2318.8600650405883,-73.54296467107041,-73.54296467107041
2318.8700650405885,-73.5438530804515,-73.5438530804515
2318.8800650405883,-73.54473785443038,-73.54473785443038
2318.8900650405885,-73.54561919800847,-73.54561919800847
2318.9000650405883,-73.54649731364533,-73.54649731364533
2318.9100650405885,-73.54737240126849,-73.54737240126849
2318.9200650405883,-73.54824465827271,-73.54824465827271
2318.9300650405885,-73.54911427954477,-73.54911427954477
2318.9400650405883,-73.54998145747548,-73.54998145747548
2318.9500650405885,-73.55084638194475,-73.55084638194475
2318.9600650405882,-73.55170924038545,-73.55170924038545
2318.9700650405885,-73.55257021772769,-73.55257021772769
2318.980065040588,-73.55342949645956,-73.55342949645956
2318.9900650405884,-73.55428725662655,-73.55428725662655
2319.000065040588,-73.55514367582626,-73.55514367582626
2319.0100650405884,-73.5559989292406,-73.5559989292406
2319.020065040588,-73.5568531896452,-73.5568531896452
2319.0300650405884,-73.5577066274175,-73.5577066274175
2319.040065040588,-73.55855941053501,-73.55855941053501
2319.0500650405884,-73.55941170461972,-73.55941170461972
2319.0600650405886,-73.56026367294179,-73.56026367294179
2319.0700650405884,-73.56111547640973,-73.56111547640973
2319.0800650405886,-73.56196727361649,-73.56196727361649
2319.0900650405883,-73.56281922084875,-73.56281922084875
2319.1000650405886,-73.56367147208464,-73.56367147208464
2319.1100650405883,-73.56452417902538,-73.56452417902538
2319.1200650405885,-73.56537749110797,-73.56537749110797
2319.1300650405883,-73.56623155552475,-73.56623155552475
2319.1400650405885,-73.5670865172383,-73.5670865172383
2319.1500650405883,-73.56794251898229,-73.56794251898229
2319.1600650405885,-73.56879970130622,-73.56879970130622
2319.1700650405883,-73.56965820258954,-73.56965820258954
2319.1800650405885,-73.57051815903914,-73.57051815903914
2319.1900650405883,-73.57137970471983,-73.57137970471983
2319.2000650405885,-73.57224297157505,-73.57224297157505
2319.2100650405882,-73.57310808944516,-73.57310808944516
2319.2200650405885,-73.57397518608758,-73.57397518608758
2319.230065040588,-73.57484438718392,-73.57484438718392
2319.2400650405884,-73.57571581637073,-73.57571581637073
2319.250065040588,-73.57658959525877,-73.57658959525877
2319.2600650405884,-73.57746584345493,-73.57746584345493
2319.270065040588,-73.57834467856658,-73.57834467856658
2319.2800650405884,-73.57922621624205,-73.57922621624205
2319.290065040588,-73.58011057017121,-73.58011057017121
2319.3000650405884,-73.58099785211222,-73.58099785211222
2319.3100650405886,-73.5818881719284,-73.5818881719284
2319.3200650405884,-73.58278163757703,-73.58278163757703
2319.3300650405886,-73.58367835515693,-73.58367835515693
2319.3400650405883,-73.58457842890736,-73.58457842890736
2319.3500650405886,-73.58548196124312,-73.58548196124312
2319.3600650405883,-73.58638905277019,-73.58638905277019
2319.3700650405885,-73.58729980230247,-73.58729980230247
2319.3800650405883,-73.58821430688045,-73.58821430688045
2319.3900650405885,-73.58913266180463,-73.58913266180463
2319.4000650405883,-73.59005496063995,-73.59005496063995
2319.4100650405885,-73.59098129523704,-73.59098129523704
2319.4200650405883,-73.59191175576822,-73.59191175576822
2319.4300650405885,-73.59284643072417,-73.59284643072417
2319.4400650405883,-73.59378540695496,-73.59378540695496
2319.4500650405885,-73.59472876966068,-73.59472876966068
2319.4600650405882,-73.59567660245916,-73.59567660245916
2319.4700650405885,-73.59662898735593,-73.59662898735593
2319.480065040588,-73.59758600478641,-73.59758600478641
2319.4900650405884,-73.59854773363493,-73.59854773363493
2319.500065040588,-73.59951425125887,-73.59951425125887
2319.5100650405884,-73.60048563348721,-73.60048563348721
2319.520065040588,-73.60146195466844,-73.60146195466844
2319.5300650405884,-73.60244328765145,-73.60244328765145
2319.540065040588,-73.60342970384974,-73.60342970384974
2319.5500650405884,-73.60442127322533,-73.60442127322533
2319.5600650405886,-73.60541806432235,-73.60541806432235
2319.5700650405884,-73.60642014427849,-73.60642014427849
2319.5800650405886,-73.6074275788501,-73.6074275788501
2319.5900650405883,-73.60844043241943,-73.60844043241943
2319.6000650405886,-73.60945876802741,-73.60945876802741
2319.6100650405883,-73.61048264737934,-73.61048264737934
2319.6200650405885,-73.61151213086785,-73.61151213086785
2319.6300650405883,-73.61254727758856,-73.61254727758856
2319.6400650405885,-73.61358814536582,-73.61358814536582
2319.6500650644302,-73.61463479323784,-73.61463479323784
2319.6600650644305,-73.61568727154776,-73.61568727154776
2319.67006506443,-73.61674563685222,-73.61674563685222
2319.6800650644304,-73.61780994201648,-73.61780994201648
2319.69006506443,-73.61888023871772,-73.61888023871772
2319.7000650644304,-73.61995657745838,-73.61995657745838
2319.71006506443,-73.62103258923469,-73.62103258923469
2319.7200650644304,-73.62210551279588,-73.62210551279588
2319.73006506443,-73.62317402828904,-73.62317402828904
2319.7400650644304,-73.62423748244444,-73.62423748244444
2319.75006506443,-73.62529559291785,-73.62529559291785
2319.7600650644304,-73.62634829471858,-73.62634829471858
2319.77006506443,-73.62739565021398,-73.62739565021398
2319.7800650644303,-73.62843779505873,-73.62843779505873
2319.79006506443,-73.6294749056617,-73.6294749056617
2319.8000650644303,-73.63050717968183,-73.63050717968183
2319.81006506443,-73.6315348244225,-73.6315348244225
2319.8200650644303,-73.63255804999567,-73.63255804999567
2319.83006506443,-73.63357706540984,-73.63357706540984
2319.8400650644303,-73.63459207643773,-73.63459207643773
2319.85006506443,-73.63560328457338,-73.63560328457338
2319.8600650644303,-73.63661088656859,-73.63661088656859
2319.87006506443,-73.63761507443651,-73.63761507443651
2319.8800650644303,-73.63861603556425,-73.63861603556425
2319.89006506443,-73.63961395299286,-73.63961395299286
2319.9000650644302,-73.6406090056994,-73.6406090056994
2319.9100650644305,-73.6416013689286,-73.6416013689286
2319.92006506443,-73.64259121448181,-73.64259121448181
2319.9300650644304,-73.64357871097232,-73.64357871097232
2319.94006506443,-73.64456402410379,-73.64456402410379
2319.9500650644304,-73.64554731685861,-73.64554731685861
2319.96006506443,-73.6465223293832,-73.6465223293832
2319.9700650644304,-73.64748640967535,-73.64748640967535
2319.98006506443,-73.64843834658421,-73.64843834658421
2319.9900650644304,-73.64937759479102,-73.64937759479102
2320.00006506443,-73.65030397914676,-73.65030397914676
2320.0100650644304,-73.65121754112178,-73.65121754112178
2320.02006506443,-73.65211844885509,-73.65211844885509
2320.0300650644303,-73.65300694304483,-73.65300694304483
2320.04006506443,-73.65388330450268,-73.65388330450268
2320.0500650644303,-73.6547478346313,-73.6547478346313
2320.06006506443,-73.65560084383868,-73.65560084383868
2320.0700650644303,-73.65644264470994,-73.65644264470994
2320.08006506443,-73.65727354810326,-73.65727354810326
2320.0900650644303,-73.65809386102558,-73.65809386102558
2320.10006506443,-73.65890388555259,-73.65890388555259
2320.1100650644303,-73.6597039184342,-73.6597039184342
2320.12006506443,-73.66049425099467,-73.66049425099467
2320.1300650644303,-73.66127516930143,-73.66127516930143
2320.14006506443,-73.66204695442478,-73.66204695442478
2320.1500650644302,-73.66280988271455,-73.66280988271455
2320.1600650644305,-73.66356422610396,-73.66356422610396
2320.17006506443,-73.66431025239179,-73.66431025239179
2320.1800650644304,-73.66504822550839,-73.66504822550839
2320.19006506443,-73.66577840574593,-73.66577840574593
2320.2000650644304,-73.66650104997379,-73.66650104997379
2320.21006506443,-73.66720999045467,-73.66720999045467
2320.2200650644304,-73.66790266769073,-73.66790266769073
2320.23006506443,-73.66857796269048,-73.66857796269048
2320.2400650644304,-73.66923542170905,-73.66923542170905
2320.25006506443,-73.66987496050442,-73.66987496050442
2320.2600650644304,-73.67049671072914,-73.67049671072914
2320.27006506443,-73.67110092991925,-73.67110092991925
2320.2800650644303,-73.67168794742466,-73.67168794742466
2320.29006506443,-73.67225813189802,-73.67225813189802
2320.3000650644303,-73.67281187176214,-73.67281187176214
2320.31006506443,-73.67334956363058,-73.67334956363058
2320.3200650644303,-73.67387160546377,-73.67387160546377
2320.33006506443,-73.67437839266115,-73.67437839266115
2320.3400650644303,-73.6748703159119,-73.6748703159119
2320.35006506443,-73.67534776013831,-73.67534776013831
2320.3600650644303,-73.67581110407158,-73.67581110407158
2320.37006506443,-73.67626072018136,-73.67626072018136
2320.3800650644303,-73.6766969748052,-73.6766969748052
2320.39006506443,-73.67712022842554,-73.67712022842554
2320.4000650644302,-73.677530835948,-73.677530835948
2320.4100650644305,-73.6779291469865,-73.6779291469865
2320.42006506443,-73.67831550615847,-73.67831550615847
2320.4300650644304,-73.6786902533561,-73.6786902533561
2320.44006506443,-73.679053723961,-73.679053723961
2320.4500650644304,-73.67940624906528,-73.67940624906528
2320.46006506443,-73.67974173434803,-73.67974173434803
2320.4700650644304,-73.68005769363573,-73.68005769363573
2320.48006506443,-73.68035308062959,-73.68035308062959
2320.4900650644304,-73.68062751353075,-73.68062751353075
2320.500065088272,-73.68088097980424,-73.68088097980424
2320.5100650882723,-73.68111368010472,-73.68111368010472
2320.520065088272,-73.68132594208163,-73.68132594208163
2320.5300650882723,-73.6815181636277,-73.6815181636277
2320.540065088272,-73.68169078106031,-73.68169078106031
2320.5500650882723,-73.68184424962062,-73.68184424962062
2320.560065088272,-73.68197903185374,-73.68197903185374
2320.5700650882723,-73.68209559078332,-73.68209559078332
2320.580065088272,-73.68219438600201,-73.68219438600201
2320.5900650882722,-73.68227587155097,-73.68227587155097
2320.600065088272,-73.68234049484609,-73.68234049484609
2320.610065088272,-73.68238869625394,-73.68238869625394
2320.620065088272,-73.68242090904727,-73.68242090904727
2320.630065088272,-73.6824375595511,-73.6824375595511
2320.640065088272,-73.6824390673864,-73.6824390673864
2320.650065088272,-73.68242584577277,-73.68242584577277
2320.660065088272,-73.68239830185345,-73.68239830185345
2320.670065088272,-73.682356836952,-73.682356836952
2320.680065088272,-73.68230184686192,-73.68230184686192
2320.690065088272,-73.6822337221015,-73.6822337221015
2320.700065088272,-73.68215284808606,-73.68215284808606
2320.710065088272,-73.68205960535663,-73.68205960535663
2320.720065088272,-73.68195436972218,-73.68195436972218
2320.730065088272,-73.6818375123829,-73.6818375123829
2320.740065088272,-73.68170940006804,-73.68170940006804
2320.750065088272,-73.68157039512815,-73.68157039512815
2320.7600650882723,-73.68142085562685,-73.68142085562685
2320.770065088272,-73.68126113539036,-73.68126113539036
2320.7800650882723,-73.68109158409058,-73.68109158409058
2320.790065088272,-73.680912547295,-73.680912547295
2320.8000650882723,-73.6807243664951,-73.6807243664951
2320.810065088272,-73.68052737916071,-73.68052737916071
2320.8200650882723,-73.68032191874846,-73.68032191874846
2320.830065088272,-73.68010831478705,-73.68010831478705
2320.8400650882722,-73.67988689282177,-73.67988689282177
2320.850065088272,-73.67965797450401,-73.67965797450401
2320.860065088272,-73.6794218775805,-73.6794218775805
2320.870065088272,-73.67917891591618,-73.67917891591618
2320.880065088272,-73.67892939951277,-73.67892939951277
2320.890065088272,-73.67867363453777,-73.67867363453777
2320.900065088272,-73.67841192332835,-73.67841192332835
2320.910065088272,-73.67814456440162,-73.67814456440162
2320.920065088272,-73.67787185247764,-73.67787185247764
2320.930065088272,-73.67759407851115,-73.67759407851115
2320.940065088272,-73.67731152968513,-73.67731152968513
2320.950065088272,-73.6770244894425,-73.6770244894425
2320.960065088272,-73.67672681848963,-73.67672681848963
2320.970065088272,-73.67641598613156,-73.67641598613156
2320.980065088272,-73.67609090161481,-73.67609090161481
2320.990065088272,-73.67575113867008,-73.67575113867008
2321.000065088272,-73.67539663957342,-73.67539663957342
2321.0100650882723,-73.6750275615014,-73.6750275615014
2321.020065088272,-73.6746441864165,-73.6746441864165
2321.0300650882723,-73.67424686693833,-73.67424686693833
2321.040065088272,-73.67383599381425,-73.67383599381425
2321.0500650882723,-73.6734119763546,-73.6734119763546
2321.060065088272,-73.6729752308629,-73.6729752308629
2321.0700650882723,-73.67252617378338,-73.67252617378338
2321.080065088272,-73.67206521781748,-73.67206521781748
2321.0900650882722,-73.67159276978586,-73.67159276978586
2321.100065088272,-73.67110922960863,-73.67110922960863
2321.110065088272,-73.6706149898836,-73.6706149898836
2321.120065088272,-73.67011043587168,-73.67011043587168
2321.130065088272,-73.66959594564167,-73.66959594564167
2321.140065088272,-73.6690718903666,-73.6690718903666
2321.150065088272,-73.66853863466025,-73.66853863466025
2321.160065088272,-73.66799653686968,-73.66799653686968
2321.170065088272,-73.66744594942811,-73.66744594942811
2321.180065088272,-73.66688721914169,-73.66688721914169
2321.190065088272,-73.66632068742167,-73.66632068742167
2321.200065088272,-73.66574669057833,-73.66574669057833
2321.210065088272,-73.66516555997835,-73.66516555997835
2321.220065088272,-73.6645776222628,-73.6645776222628
2321.230065088272,-73.66398319948887,-73.66398319948887
2321.240065088272,-73.6633826092709,-73.6633826092709
2321.250065088272,-73.66277616489837,-73.66277616489837
2321.2600650882723,-73.66216417546093,-73.66216417546093
2321.270065088272,-73.66154694591236,-73.66154694591236
2321.2800650882723,-73.66092477715887,-73.66092477715887
2321.290065088272,-73.66029796614389,-73.66029796614389
2321.3000650882723,-73.65966680587894,-73.65966680587894
2321.310065088272,-73.65903158553155,-73.65903158553155
2321.3200650882723,-73.6583925904497,-73.6583925904497
2321.330065088272,-73.65775010222328,-73.65775010222328
2321.3400650882722,-73.6571043987023,-73.6571043987023
2321.350065112114,-73.65645575249458,-73.65645575249458
2321.360065112114,-73.65580443719362,-73.65580443719362
2321.370065112114,-73.6551507181395,-73.6551507181395
2321.380065112114,-73.6544948586056,-73.6544948586056
2321.390065112114,-73.65383711830142,-73.65383711830142
2321.400065112114,-73.65317775338421,-73.65317775338421
2321.410065112114,-73.65251701650045,-73.65251701650045
2321.420065112114,-73.65185515679775,-73.65185515679775
2321.430065112114,-73.65119241996699,-73.65119241996699
2321.440065112114,-73.65052904824563,-73.65052904824563
2321.450065112114,-73.6498652804515,-73.6498652804515
2321.460065112114,-73.64919493669586,-73.64919493669586
2321.470065112114,-73.6485154450214,-73.6485154450214
2321.480065112114,-73.64782567329377,-73.64782567329377
2321.490065112114,-73.64712515394274,-73.64712515394274
2321.500065112114,-73.64641378814258,-73.64641378814258
2321.510065112114,-73.6456916921919,-73.6456916921919
2321.520065112114,-73.64495910740405,-73.64495910740405
2321.530065112114,-73.64421634600602,-73.64421634600602
2321.540065112114,-73.64346375859397,-73.64346375859397
2321.5500651121138,-73.64270171460036,-73.64270171460036
2321.560065112114,-73.64193059070057,-73.64193059070057
2321.5700651121138,-73.6411507639813,-73.6411507639813
2321.580065112114,-73.6403626080593,-73.6403626080593
2321.5900651121137,-73.63956649097469,-73.63956649097469
2321.600065112114,-73.63876277414519,-73.63876277414519
2321.610065112114,-73.63795181196136,-73.63795181196136
2321.620065112114,-73.63713395179805,-73.63713395179805
2321.630065112114,-73.63630953415215,-73.63630953415215
2321.640065112114,-73.6354788929422,-73.6354788929422
2321.650065112114,-73.63464235583538,-73.63464235583538
2321.660065112114,-73.63380024458444,-73.63380024458444
2321.670065112114,-73.63295287535693,-73.63295287535693
2321.680065112114,-73.63210055901929,-73.63210055901929
2321.690065112114,-73.63124360140101,-73.63124360140101
2321.700065112114,-73.63038230354954,-73.63038230354954
2321.710065112114,-73.62951696194058,-73.62951696194058
2321.720065112114,-73.62864786865148,-73.62864786865148
2321.730065112114,-73.62777531151887,-73.62777531151887
2321.740065112114,-73.62689957430953,-73.62689957430953
2321.750065112114,-73.62602093679764,-73.62602093679764
2321.760065112114,-73.62513967491735,-73.62513967491735
2321.770065112114,-73.624256060798,-73.624256060798
2321.780065112114,-73.62337036289367,-73.62337036289367
2321.790065112114,-73.62248284602279,-73.62248284602279
2321.8000651121138,-73.62159377144879,-73.62159377144879
2321.810065112114,-73.62070339691469,-73.62070339691469
2321.8200651121138,-73.61981197670107,-73.61981197670107
2321.830065112114,-73.61891976165975,-73.61891976165975
2321.8400651121137,-73.61802699927632,-73.61802699927632
2321.850065112114,-73.61713393366661,-73.61713393366661
2321.860065112114,-73.61624080563564,-73.61624080563564
2321.870065112114,-73.6153478527048,-73.6153478527048
2321.880065112114,-73.61445530913085,-73.61445530913085
2321.890065112114,-73.61356340593588,-73.61356340593588
2321.900065112114,-73.61267237092368,-73.61267237092368
2321.910065112114,-73.61178242872307,-73.61178242872307
2321.920065112114,-73.61089380079297,-73.61089380079297
2321.930065112114,-73.6100067054452,-73.6100067054452
2321.940065112114,-73.6091213578883,-73.6091213578883
2321.950065112114,-73.60823797020852,-73.60823797020852
2321.960065112114,-73.60735034060956,-73.60735034060956
2321.970065112114,-73.60645587379302,-73.60645587379302
2321.980065112114,-73.60555341381477,-73.60555341381477
2321.990065112114,-73.60464246926466,-73.60464246926466
2322.000065112114,-73.60372291754528,-73.60372291754528
2322.010065112114,-73.6027948513319,-73.6027948513319
2322.020065112114,-73.60185848849765,-73.60185848849765
2322.030065112114,-73.60091411801233,-73.60091411801233
2322.040065112114,-73.59996206740422,-73.59996206740422
2322.0500651121138,-73.59900268325686,-73.59900268325686
2322.060065112114,-73.59803631958681,-73.59803631958681
2322.0700651121138,-73.59706333103871,-73.59706333103871
2322.080065112114,-73.59608406900364,-73.59608406900364
2322.0900651121137,-73.59509887948721,-73.59509887948721
2322.100065112114,-73.59410810209499,-73.59410810209499
2322.110065112114,-73.59311206963866,-73.59311206963866
2322.120065112114,-73.59211110809824,-73.59211110809824
2322.130065112114,-73.59110553681806,-73.59110553681806
2322.140065112114,-73.5900956687766,-73.5900956687766
2322.150065112114,-73.58908181091923,-73.58908181091923
2322.160065112114,-73.58806426450752,-73.58806426450752
2322.170065112114,-73.58704332541728,-73.58704332541728
2322.180065112114,-73.58601928445717,-73.58601928445717
2322.190065112114,-73.58499242761883,-73.58499242761883
2322.200065135956,-73.58396303388555,-73.58396303388555
2322.210065135956,-73.58293138522698,-73.58293138522698
2322.220065135956,-73.58189775209068,-73.58189775209068
2322.230065135956,-73.58086240336631,-73.58086240336631
2322.240065135956,-73.57982560405601,-73.57982560405601
2322.250065135956,-73.57878761541313,-73.57878761541313
2322.2600651359558,-73.57774869503992,-73.57774869503992
2322.270065135956,-73.57670909697623,-73.57670909697623
2322.2800651359557,-73.57566907176955,-73.57566907176955
2322.290065135956,-73.57462886656228,-73.57462886656228
2322.3000651359557,-73.57358872512764,-73.57358872512764
2322.310065135956,-73.57254888794357,-73.57254888794357
2322.3200651359557,-73.57150959222155,-73.57150959222155
2322.330065135956,-73.57047107195298,-73.57047107195298
2322.3400651359557,-73.56943355794833,-73.56943355794833
2322.350065135956,-73.56839727786475,-73.56839727786475
2322.3600651359557,-73.56736245624272,-73.56736245624272
2322.370065135956,-73.56632931451622,-73.56632931451622
2322.3800651359556,-73.56529807106833,-73.56529807106833
2322.390065135956,-73.56426894122596,-73.56426894122596
2322.4000651359556,-73.5632421372956,-73.5632421372956
2322.410065135956,-73.56221786858721,-73.56221786858721
2322.4200651359556,-73.56119634142844,-73.56119634142844
2322.430065135956,-73.56017775919132,-73.56017775919132
2322.4400651359556,-73.55916232230419,-73.55916232230419
2322.450065135956,-73.5581502282763,-73.5581502282763
2322.460065135956,-73.55714167171932,-73.55714167171932
2322.470065135956,-73.55613684436679,-73.55613684436679
2322.480065135956,-73.5551359350881,-73.5551359350881
2322.490065135956,-73.55413912991789,-73.55413912991789
2322.500065135956,-73.55314661206025,-73.55314661206025
2322.5100651359558,-73.55215856192679,-73.55215856192679
2322.520065135956,-73.55117515714034,-73.55117515714034
2322.5300651359557,-73.55019657257212,-73.55019657257212
2322.540065135956,-73.54922298034901,-73.54922298034901
2322.5500651359557,-73.54825454987667,-73.54825454987667
2322.560065135956,-73.54729144785321,-73.54729144785321
2322.5700651359557,-73.54633383832157,-73.54633383832157
2322.580065135956,-73.54538188266132,-73.54538188266132
2322.5900651359557,-73.54443573961431,-73.54443573961431
2322.600065135956,-73.54349556530609,-73.54349556530609
2322.6100651359557,-73.5425615132766,-73.5425615132766
2322.620065135956,-73.5416337345069,-73.5416337345069
2322.6300651359556,-73.5407123774306,-73.5407123774306
2322.640065135956,-73.53979758795114,-73.53979758795114
2322.6500651359556,-73.53888950948388,-73.53888950948388
2322.660065135956,-73.53798828296445,-73.53798828296445
2322.6700651359556,-73.53709404688124,-73.53709404688124
2322.680065135956,-73.53620693728637,-73.53620693728637
2322.6900651359556,-73.53532708783166,-73.53532708783166
2322.700065135956,-73.53445462979401,-73.53445462979401
2322.710065135956,-73.53358969209135,-73.53358969209135
2322.720065135956,-73.53273240130243,-73.53273240130243
2322.730065135956,-73.53188288170243,-73.53188288170243
2322.740065135956,-73.53104125527861,-73.53104125527861
2322.750065135956,-73.530207641765,-73.530207641765
2322.7600651359558,-73.52938215864982,-73.52938215864982
2322.770065135956,-73.52856492121316,-73.52856492121316
2322.7800651359557,-73.52775604255372,-73.52775604255372
2322.790065135956,-73.52695563359195,-73.52695563359195
2322.8000651359557,-73.52616380312018,-73.52616380312018
2322.810065135956,-73.52538065781636,-73.52538065781636
2322.8200651359557,-73.5246063022634,-73.5246063022634
2322.830065135956,-73.5238408389742,-73.5238408389742
2322.8400651359557,-73.52308436842304,-73.52308436842304
2322.850065135956,-73.5223369890616,-73.5223369890616
2322.8600651359557,-73.52159879734823,-73.52159879734823
2322.870065135956,-73.52086988776524,-73.52086988776524
2322.8800651359556,-73.52015035286124,-73.52015035286124
2322.890065135956,-73.51944028324303,-73.51944028324303
2322.9000651359556,-73.51873976762654,-73.51873976762654
2322.910065135956,-73.51804889284283,-73.51804889284283
2322.9200651359556,-73.51736774388186,-73.51736774388186
2322.930065135956,-73.5166964038905,-73.5166964038905
2322.9400651359556,-73.516034954216,-73.516034954216
2322.950065135956,-73.51538347440241,-73.51538347440241
2322.960065135956,-73.51474204225622,-73.51474204225622
2322.970065135956,-73.51411073384038,-73.51411073384038
2322.980065135956,-73.51348962347394,-73.51348962347394
2322.990065135956,-73.51287878381444,-73.51287878381444
2323.000065135956,-73.51227828581813,-73.51227828581813
2323.0100651359558,-73.51168819881998,-73.51168819881998
2323.020065135956,-73.51110859049565,-73.51110859049565
2323.0300651359557,-73.51053952693628,-73.51053952693628
2323.040065135956,-73.50998107263514,-73.50998107263514
2323.0500651597977,-73.50943328920724,-73.50943328920724
2323.060065159798,-73.50889624068598,-73.50889624068598
2323.0700651597977,-73.50836998559315,-73.50836998559315
2323.080065159798,-73.50785458228495,-73.50785458228495
2323.0900651597976,-73.50735008764403,-73.50735008764403
2323.100065159798,-73.5068565570749,-73.5068565570749
2323.1100651597976,-73.50637404456158,-73.50637404456158
2323.120065159798,-73.50590260264434,-73.50590260264434
2323.1300651597976,-73.50544228247433,-73.50544228247433
2323.140065159798,-73.5049931338156,-73.5049931338156
2323.1500651597976,-73.50455520507771,-73.50455520507771
2323.160065159798,-73.50412854330608,-73.50412854330608
2323.1700651597976,-73.50371319424237,-73.50371319424237
2323.180065159798,-73.50330920230026,-73.50330920230026
2323.1900651597975,-73.50291661062205,-73.50291661062205
2323.2000651597978,-73.50253546106522,-73.50253546106522
2323.2100651597975,-73.50216579425506,-73.50216579425506
2323.2200651597977,-73.50180764956283,-73.50180764956283
2323.2300651597975,-73.5014610651621,-73.5014610651621
2323.2400651597977,-73.50112607800544,-73.50112607800544
2323.2500651597975,-73.5008027238842,-73.5008027238842
2323.2600651597977,-73.50049103741195,-73.50049103741195
2323.2700651597975,-73.50019105206387,-73.50019105206387
2323.2800651597977,-73.49990280017678,-73.49990280017678
2323.2900651597975,-73.4996263129787,-73.4996263129787
2323.3000651597977,-73.49936162059217,-73.49936162059217
2323.310065159798,-73.49910875207065,-73.49910875207065
2323.3200651597977,-73.49886773539025,-73.49886773539025
2323.330065159798,-73.49863859749134,-73.49863859749134
2323.3400651597976,-73.4984213642583,-73.4984213642583
2323.350065159798,-73.49821606057336,-73.49821606057336
2323.3600651597976,-73.49802271030839,-73.49802271030839
2323.370065159798,-73.49784133634695,-73.49784133634695
2323.3800651597976,-73.49767196060306,-73.49767196060306
2323.390065159798,-73.49751460401639,-73.49751460401639
2323.4000651597976,-73.49736928660889,-73.49736928660889
2323.410065159798,-73.49723602744656,-73.49723602744656
2323.4200651597976,-73.49711484467873,-73.49711484467873
2323.430065159798,-73.49700575556967,-73.49700575556967
2323.4400651597975,-73.496908776483,-73.496908776483
2323.4500651597978,-73.49682392290799,-73.49682392290799
2323.4600651597975,-73.49675120946762,-73.49675120946762
2323.4700651597977,-73.49669064995032,-73.49669064995032
2323.4800651597975,-73.49664225729875,-73.49664225729875
2323.4900651597977,-73.49660604361982,-73.49660604361982
2323.5000651597975,-73.49658202023231,-73.49658202023231
2323.5100651597977,-73.49657019764392,-73.49657019764392
2323.5200651597975,-73.49657058558394,-73.49657058558394
2323.5300651597977,-73.49658319300147,-73.49658319300147
2323.5400651597975,-73.496608028087,-73.496608028087
2323.5500651597977,-73.49664509828641,-73.49664509828641
2323.560065159798,-73.49669441030183,-73.49669441030183
2323.5700651597977,-73.49675597010322,-73.49675597010322
2323.580065159798,-73.49682978295647,-73.49682978295647
2323.5900651597976,-73.49691585342441,-73.49691585342441
2323.600065159798,-73.49701418537212,-73.49701418537212
2323.6100651597976,-73.49712478198556,-73.49712478198556
2323.620065159798,-73.49724764576844,-73.49724764576844
2323.6300651597976,-73.49738277858283,-73.49738277858283
2323.640065159798,-73.49753018163211,-73.49753018163211
2323.6500651597976,-73.4976898554853,-73.4976898554853
2323.660065159798,-73.49786180006859,-73.49786180006859
2323.6700651597976,-73.49804601470662,-73.49804601470662
2323.680065159798,-73.49824249810659,-73.49824249810659
2323.6900651597975,-73.49845124837898,-73.49845124837898
2323.7000651597978,-73.49867226303583,-73.49867226303583
2323.7100651597975,-73.49890553902338,-73.49890553902338
2323.7200651597977,-73.49915107270816,-73.49915107270816
2323.7300651597975,-73.49940885989744,-73.49940885989744
2323.7400651597977,-73.49967889584441,-73.49967889584441
2323.7500651597975,-73.49996117526746,-73.49996117526746
2323.7600651597977,-73.5002556923312,-73.5002556923312
2323.7700651597975,-73.50056244070187,-73.50056244070187
2323.7800651597977,-73.50088141351222,-73.50088141351222
2323.7900651597975,-73.50121260338749,-73.50121260338749
2323.8000651597977,-73.501556002451,-73.501556002451
2323.810065159798,-73.5019116023445,-73.5019116023445
2323.8200651597977,-73.5022793942223,-73.5022793942223
2323.830065159798,-73.50265936875446,-73.50265936875446
2323.8400651597976,-73.5030515161527,-73.5030515161527
2323.850065159798,-73.50345582617248,-73.50345582617248
2323.8600651597976,-73.50387228810644,-73.50387228810644
2323.870065159798,-73.50430089080551,-73.50430089080551
2323.8800651597976,-73.50474162269659,-73.50474162269659
2323.890065159798,-73.50519447176092,-73.50519447176092
2323.9000651836395,-73.50565942667481,-73.50565942667481
2323.9100651836397,-73.50613647241741,-73.50613647241741
2323.9200651836395,-73.50662559678752,-73.50662559678752
2323.9300651836397,-73.5071267861342,-73.5071267861342
2323.9400651836395,-73.50764002641112,-73.50764002641112
2323.9500651836397,-73.50816530317097,-73.50816530317097
2323.9600651836395,-73.50870260160883,-73.50870260160883
2323.9700651836397,-73.50925190652605,-73.50925190652605
2323.9800651836395,-73.50981320236514,-73.50981320236514
2323.9900651836397,-73.51038647321096,-73.51038647321096
2324.0000651836394,-73.51097170278464,-73.51097170278464
2324.0100651836397,-73.51156887446908,-73.51156887446908
2324.0200651836394,-73.51217797129245,-73.51217797129245
2324.0300651836396,-73.51279897596172,-73.51279897596172
2324.0400651836394,-73.51343187084959,-73.51343187084959
2324.0500651836396,-73.51407663799068,-73.51407663799068
2324.0600651836394,-73.5147332591279,-73.5147332591279
2324.0700651836396,-73.51540171566394,-73.51540171566394
2324.0800651836394,-73.51608198871577,-73.51608198871577
2324.0900651836396,-73.51677405908937,-73.51677405908937
2324.1000651836393,-73.517477907298,-73.517477907298
2324.1100651836396,-73.51819351356227,-73.51819351356227
2324.1200651836393,-73.51892085781563,-73.51892085781563
2324.1300651836395,-73.51965991972654,-73.51965991972654
2324.1400651836393,-73.52041067866467,-73.52041067866467
2324.1500651836395,-73.52117311375186,-73.52117311375186
2324.1600651836397,-73.52194720383491,-73.52194720383491
2324.1700651836395,-73.52273292750337,-73.52273292750337
2324.1800651836397,-73.52353026308847,-73.52353026308847
2324.1900651836395,-73.52433918868698,-73.52433918868698
2324.2000651836397,-73.52515968212528,-73.52515968212528
2324.2100651836395,-73.5259917210162,-73.5259917210162
2324.2200651836397,-73.52683528271487,-73.52683528271487
2324.2300651836395,-73.52769034436182,-73.52769034436182
2324.2400651836397,-73.52855688286269,-73.52855688286269
2324.2500651836394,-73.52943487490913,-73.52943487490913
2324.2600651836397,-73.5303242969558,-73.5303242969558
2324.2700651836394,-73.53122512527237,-73.53122512527237
2324.2800651836396,-73.53213733589553,-73.53213733589553
2324.2900651836394,-73.53306090467277,-73.53306090467277
2324.3000651836396,-73.53399580723784,-73.53399580723784
2324.3100651836394,-73.53494201903241,-73.53494201903241
2324.3200651836396,-73.53589951531254,-73.53589951531254
2324.3300651836394,-73.53686827114305,-73.53686827114305
2324.3400651836396,-73.53784826139245,-73.53784826139245
2324.3500651836393,-73.53883946076544,-73.53883946076544
2324.3600651836396,-73.5398418437721,-73.5398418437721
2324.3700651836393,-73.54085538476977,-73.54085538476977
2324.3800651836395,-73.54188005792399,-73.54188005792399
2324.3900651836393,-73.54291583725016,-73.54291583725016
2324.4000651836395,-73.54396269658774,-73.54396269658774
2324.4100651836397,-73.5450206096336,-73.5450206096336
2324.4200651836395,-73.54608954992028,-73.54608954992028
2324.4300651836397,-73.54716949082554,-73.54716949082554
2324.4400651836395,-73.54826040558713,-73.54826040558713
2324.4500651836397,-73.54936226728265,-73.54936226728265
2324.4600651836395,-73.55047504886464,-73.55047504886464
2324.4700651836397,-73.55159872312827,-73.55159872312827
2324.4800651836395,-73.55273326275163,-73.55273326275163
2324.4900651836397,-73.55387864027436,-73.55387864027436
2324.5000651836394,-73.55503482810002,-73.55503482810002
2324.5100651836397,-73.55620179851266,-73.55620179851266
2324.5200651836394,-73.55737952366708,-73.55737952366708
2324.5300651836396,-73.55856797560662,-73.55856797560662
2324.5400651836394,-73.55976712624923,-73.55976712624923
2324.5500651836396,-73.56097694740411,-73.56097694740411
2324.5600651836394,-73.5621974107673,-73.5621974107673
2324.5700651836396,-73.56342848791408,-73.56342848791408
2324.5800651836394,-73.564670150328,-73.564670150328
2324.5900651836396,-73.56592236939356,-73.56592236939356
2324.6000651836393,-73.56718511637946,-73.56718511637946
2324.6100651836396,-73.5684583624683,-73.5684583624683
2324.6200651836393,-73.56974207874002,-73.56974207874002
2324.6300651836395,-73.57103623617812,-73.57103623617812
2324.6400651836393,-73.57234080569391,-73.57234080569391
2324.6500651836395,-73.57365575809156,-73.57365575809156
2324.6600651836397,-73.5749810640904,-73.5749810640904
2324.6700651836395,-73.57631669434342,-73.57631669434342
2324.6800651836397,-73.5776626194111,-73.5776626194111
2324.6900651836395,-73.57901880977974,-73.57901880977974
2324.7000651836397,-73.58038523584976,-73.58038523584976
2324.7100651836395,-73.58176186797093,-73.58176186797093
2324.7200651836397,-73.58314867639461,-73.58314867639461
2324.7300651836395,-73.58454563132531,-73.58454563132531
2324.7400651836397,-73.58595270288322,-73.58595270288322
2324.7500652074814,-73.58736986451314,-73.58736986451314
2324.7600652074816,-73.58879707950578,-73.58879707950578
2324.7700652074814,-73.5902343211283,-73.5902343211283
2324.7800652074816,-73.5916815592665,-73.5916815592665
2324.7900652074813,-73.59313876374974,-73.59313876374974
2324.8000652074816,-73.59460590435356,-73.59460590435356
2324.8100652074813,-73.59608295079487,-73.59608295079487
2324.8200652074815,-73.59756987274834,-73.59756987274834
2324.8300652074813,-73.59906663982923,-73.59906663982923
2324.8400652074815,-73.6005732216205,-73.6005732216205
2324.8500652074813,-73.60208958764751,-73.60208958764751
2324.8600652074815,-73.60361570739973,-73.60361570739973
2324.8700652074813,-73.60515155032708,-73.60515155032708
2324.8800652074815,-73.60669708583525,-73.60669708583525
2324.8900652074813,-73.60825228328768,-73.60825228328768
2324.9000652074815,-73.60981711203092,-73.60981711203092
2324.9100652074812,-73.6113915413638,-73.6113915413638
2324.9200652074815,-73.61297554054923,-73.61297554054923
2324.930065207481,-73.61456907883554,-73.61456907883554
2324.9400652074814,-73.61617212542573,-73.61617212542573
2324.950065207481,-73.61778464950622,-73.61778464950622
2324.9600652074814,-73.6194066202301,-73.6194066202301
2324.970065207481,-73.62103800674213,-73.62103800674213
2324.9800652074814,-73.62267877813812,-73.62267877813812
2324.990065207481,-73.62432890351332,-73.62432890351332
2325.0000652074814,-73.62598835194669,-73.62598835194669
2325.0100652074816,-73.62765709248465,-73.62765709248465
2325.0200652074814,-73.62933509416267,-73.62933509416267
2325.0300652074816,-73.6310223259998,-73.6310223259998
2325.0400652074813,-73.6327187570111,-73.6327187570111
2325.0500652074816,-73.63442435618904,-73.63442435618904
2325.0600652074813,-73.63613909251846,-73.63613909251846
2325.0700652074815,-73.63786293497272,-73.63786293497272
2325.0800652074813,-73.63959585251891,-73.63959585251891
2325.0900652074815,-73.6413378141229,-73.6413378141229
2325.1000652074813,-73.64308878873334,-73.64308878873334
2325.1100652074815,-73.6448487453051,-73.6448487453051
2325.1200652074813,-73.6466176527915,-73.6466176527915
2325.1300652074815,-73.64839548012908,-73.64839548012908
2325.1400652074813,-73.65018219626516,-73.65018219626516
2325.1500652074815,-73.65197777015081,-73.65197777015081
2325.1600652074812,-73.65378217074144,-73.65378217074144
2325.1700652074815,-73.65559536697394,-73.65559536697394
2325.180065207481,-73.6574173278121,-73.6574173278121
2325.1900652074814,-73.65924802222042,-73.65924802222042
2325.200065207481,-73.66108741916679,-73.66108741916679
2325.2100652074814,-73.66293548762555,-73.66293548762555
2325.220065207481,-73.66479219658213,-73.66479219658213
2325.2300652074814,-73.66665751502515,-73.66665751502515
2325.240065207481,-73.6685314119718,-73.6685314119718
2325.2500652074814,-73.67041385642838,-73.67041385642838
2325.2600652074816,-73.67230481742644,-73.67230481742644
2325.2700652074814,-73.67420426401596,-73.67420426401596
2325.2800652074816,-73.67611216525357,-73.67611216525357
2325.2900652074813,-73.67802849021776,-73.67802849021776
2325.3000652074816,-73.67995320799933,-73.67995320799933
2325.3100652074813,-73.68188628770878,-73.68188628770878
2325.3200652074815,-73.68382769847732,-73.68382769847732
2325.3300652074813,-73.68577740944508,-73.68577740944508
2325.3400652074815,-73.6877353897851,-73.6877353897851
2325.3500652074813,-73.68970160869989,-73.68970160869989
2325.3600652074815,-73.69167603538418,-73.69167603538418
2325.3700652074813,-73.69365863908483,-73.69365863908483
2325.3800652074815,-73.69564938906083,-73.69564938906083
2325.3900652074813,-73.6976482545959,-73.6976482545959
2325.4000652074815,-73.69965520500436,-73.69965520500436
2325.4100652074812,-73.70167020962243,-73.70167020962243
2325.4200652074815,-73.70369323781394,-73.70369323781394
2325.430065207481,-73.70572425898112,-73.70572425898112
2325.4400652074814,-73.70776324253484,-73.70776324253484
2325.450065207481,-73.70981015793285,-73.70981015793285
2325.4600652074814,-73.71186497465693,-73.71186497465693
2325.470065207481,-73.71392766221904,-73.71392766221904
2325.4800652074814,-73.71599819016595,-73.71599819016595
2325.490065207481,-73.71807652808116,-73.71807652808116
2325.5000652074814,-73.72016264556731,-73.72016264556731
2325.5100652074816,-73.72225651227524,-73.72225651227524
2325.5200652074814,-73.72435809788487,-73.72435809788487
2325.5300652074816,-73.72646737210938,-73.72646737210938
2325.5400652074813,-73.72858430470741,-73.72858430470741
2325.5500652074816,-73.73070886545943,-73.73070886545943
2325.5600652074813,-73.7328410241993,-73.7328410241993
2325.5700652074815,-73.73498075078132,-73.73498075078132
2325.5800652074813,-73.73712801512056,-73.73712801512056
2325.5900652074815,-73.73928278714908,-73.73928278714908
2325.6000652313232,-73.74144504200113,-73.74144504200113
2325.6100652313235,-73.74361473942966,-73.74361473942966
2325.620065231323,-73.74579185460782,-73.74579185460782
2325.6300652313234,-73.74797635764415,-73.74797635764415
2325.640065231323,-73.75016821869427,-73.75016821869427
2325.6500652313234,-73.75236740793174,-73.75236740793174
2325.660065231323,-73.75457389560326,-73.75457389560326
2325.6700652313234,-73.75678765197729,-73.75678765197729
2325.680065231323,-73.75900864737174,-73.75900864737174
2325.6900652313234,-73.76123685216066,-73.76123685216066
2325.700065231323,-73.76347223674398,-73.76347223674398
2325.7100652313234,-73.76571477158302,-73.76571477158302
2325.720065231323,-73.76796442718002,-73.76796442718002
2325.7300652313234,-73.77022117408181,-73.77022117408181
2325.740065231323,-73.77248498288247,-73.77248498288247
2325.7500652313233,-73.77475582423249,-73.77475582423249
2325.760065231323,-73.77703366881548,-73.77703366881548
2325.7700652313233,-73.77931848737019,-73.77931848737019
2325.780065231323,-73.78161025069033,-73.78161025069033
2325.7900652313233,-73.78390892960967,-73.78390892960967
2325.800065231323,-73.78621449501473,-73.78621449501473
2325.8100652313233,-73.78852691784566,-73.78852691784566
2325.820065231323,-73.79084616909121,-73.79084616909121
2325.8300652313233,-73.79317221979288,-73.79317221979288
2325.840065231323,-73.79550504104422,-73.79550504104422
2325.8500652313232,-73.7978446039747,-73.7978446039747
2325.8600652313235,-73.80019087979429,-73.80019087979429
2325.870065231323,-73.80254383974156,-73.80254383974156
2325.8800652313234,-73.8049034551124,-73.8049034551124
2325.890065231323,-73.80726969726648,-73.80726969726648
2325.9000652313234,-73.8096425376121,-73.8096425376121
2325.910065231323,-73.81202194760505,-73.81202194760505
2325.9200652313234,-73.81440789875978,-73.81440789875978
2325.930065231323,-73.81680036265534,-73.81680036265534
2325.9400652313234,-73.81919931090555,-73.81919931090555
2325.950065231323,-73.82160471519653,-73.82160471519653
2325.9600652313234,-73.82401010601596,-73.82401010601596
2325.970065231323,-73.82641263249046,-73.82641263249046
2325.9800652313234,-73.82881089034544,-73.82881089034544
2325.990065231323,-73.8312041449911,-73.8312041449911
2326.0000652313233,-73.83359203502616,-73.83359203502616
2326.010065231323,-73.83597441831301,-73.83597441831301
2326.0200652313233,-73.83835128171579,-73.83835128171579
2326.030065231323,-73.84072268691358,-73.84072268691358
2326.0400652313233,-73.84308873779177,-73.84308873779177
2326.050065231323,-73.845449560861,-73.845449560861
2326.0600652313233,-73.84780529361957,-73.84780529361957
2326.070065231323,-73.85015607768116,-73.85015607768116
2326.0800652313233,-73.85250205482372,-73.85250205482372
2326.090065231323,-73.85484336484106,-73.85484336484106
2326.1000652313232,-73.85718014444579,-73.85718014444579
2326.1100652313235,-73.85951252683188,-73.85951252683188
2326.120065231323,-73.86184064158444,-73.86184064158444
2326.1300652313234,-73.86416461481913,-73.86416461481913
2326.140065231323,-73.86648456942015,-73.86648456942015
2326.1500652313234,-73.86880062530832,-73.86880062530832
2326.160065231323,-73.87111289975141,-73.87111289975141
2326.1700652313234,-73.87342150761405,-73.87342150761405
2326.180065231323,-73.87572656163617,-73.87572656163617
2326.1900652313234,-73.8780281726345,-73.8780281726345
2326.200065231323,-73.88032644972817,-73.88032644972817
2326.2100652313234,-73.88262150047741,-73.88262150047741
2326.220065231323,-73.88491343106845,-73.88491343106845
2326.2300652313234,-73.88720234639864,-73.88720234639864
2326.240065231323,-73.88948835018762,-73.88948835018762
2326.2500652313233,-73.8917715450868,-73.8917715450868
2326.260065231323,-73.89405203270347,-73.89405203270347
2326.2700652313233,-73.89632991369167,-73.89632991369167
2326.280065231323,-73.89860528777525,-73.89860528777525
2326.2900652313233,-73.90087825378909,-73.90087825378909
2326.300065231323,-73.9031489097161,-73.9031489097161
2326.3100652313233,-73.90541735267172,-73.90541735267172
2326.320065231323,-73.90768367896658,-73.90768367896658
2326.3300652313233,-73.90994798406741,-73.90994798406741
2326.340065231323,-73.9122103626443,-73.9122103626443
2326.3500652313232,-73.91447090853387,-73.91447090853387
2326.3600652313235,-73.91672971476699,-73.91672971476699
2326.370065231323,-73.9189868735501,-73.9189868735501
2326.3800652313234,-73.92124247626472,-73.92124247626472
2326.390065231323,-73.92349661346864,-73.92349661346864
2326.4000652313234,-73.92574937487556,-73.92574937487556
2326.410065231323,-73.92800084935816,-73.92800084935816
2326.4200652313234,-73.93025112494695,-73.93025112494695
2326.430065231323,-73.93250028880928,-73.93250028880928
2326.4400652313234,-73.93474842723192,-73.93474842723192
2326.450065255165,-73.93699563100859,-73.93699563100859
2326.4600652551653,-73.9392355228131,-73.9392355228131
2326.470065255165,-73.94146536459641,-73.94146536459641
2326.4800652551653,-73.94368386076708,-73.94368386076708
2326.490065255165,-73.94589038547589,-73.94589038547589
2326.5000652551653,-73.94808468565184,-73.94808468565184
2326.510065255165,-73.95026672687156,-73.95026672687156
2326.5200652551653,-73.95243660297157,-73.95243660297157
2326.530065255165,-73.95459448178256,-73.95459448178256
2326.5400652551652,-73.9567405724665,-73.9567405724665
2326.550065255165,-73.95887510592115,-73.95887510592115
2326.5600652551652,-73.9609983231093,-73.9609983231093
2326.570065255165,-73.96311046816835,-73.96311046816835
2326.580065255165,-73.965211784447,-73.965211784447
2326.590065255165,-73.96730251234969,-73.96730251234969
2326.600065255165,-73.96938288825005,-73.96938288825005
2326.610065255165,-73.97145314400892,-73.97145314400892
2326.620065255165,-73.97351350691011,-73.97351350691011
2326.630065255165,-73.97556419977684,-73.97556419977684
2326.640065255165,-73.9776054412183,-73.9776054412183
2326.650065255165,-73.97963744589929,-73.97963744589929
2326.660065255165,-73.98166042481718,-73.98166042481718
2326.670065255165,-73.98367458559353,-73.98367458559353
2326.680065255165,-73.9856801327107,-73.9856801327107
2326.690065255165,-73.98767726774508,-73.98767726774508
2326.700065255165,-73.98966618958671,-73.98966618958671
2326.7100652551653,-73.9916470945566,-73.9916470945566
2326.720065255165,-73.99362017661042,-73.99362017661042
2326.7300652551653,-73.99558562742999,-73.99558562742999
2326.740065255165,-73.99754363653909,-73.99754363653909
2326.7500652551653,-73.9994943913756,-73.9994943913756
2326.760065255165,-74.00143807738235,-74.00143807738235
2326.7700652551653,-74.00337487803804,-74.00337487803804
2326.780065255165,-74.00530497494377,-74.00530497494377
2326.7900652551652,-74.00722854782119,-74.00722854782119
2326.800065255165,-74.00914577456858,-74.00914577456858
2326.8100652551652,-74.01105683126333,-74.01105683126333
2326.820065255165,-74.01296189221064,-74.01296189221064
2326.830065255165,-74.01486112992252,-74.01486112992252
2326.840065255165,-74.01675471515823,-74.01675471515823
2326.850065255165,-74.01864281690862,-74.01864281690862
2326.860065255165,-74.02052560241039,-74.02052560241039
2326.870065255165,-74.02240323716508,-74.02240323716508
2326.880065255165,-74.0242758849084,-74.0242758849084
2326.890065255165,-74.02614370763614,-74.02614370763614
2326.900065255165,-74.02800686559208,-74.02800686559208
2326.910065255165,-74.02986551727841,-74.02986551727841
2326.920065255165,-74.03171981945198,-74.03171981945198
2326.930065255165,-74.03356992710289,-74.03356992710289
2326.940065255165,-74.03541599349309,-74.03541599349309
2326.950065255165,-74.03725817011478,-74.03725817011478
2326.9600652551653,-74.03909660671084,-74.03909660671084
2326.970065255165,-74.04093145128587,-74.04093145128587
2326.9800652551653,-74.0427628500752,-74.0427628500752
2326.990065255165,-74.04459094758661,-74.04459094758661
2327.0000652551653,-74.04641588654889,-74.04641588654889
2327.010065255165,-74.04823780796308,-74.04823780796308
2327.0200652551653,-74.05005685107798,-74.05005685107798
2327.030065255165,-74.0518731534002,-74.0518731534002
2327.0400652551652,-74.05368685069949,-74.05368685069949
2327.050065255165,-74.05549807699458,-74.05549807699458
2327.0600652551652,-74.05730696459426,-74.05730696459426
2327.070065255165,-74.05911364406779,-74.05911364406779
2327.080065255165,-74.06091824425468,-74.06091824425468
2327.090065255165,-74.0627208922984,-74.0627208922984
2327.100065255165,-74.06452171361185,-74.06452171361185
2327.110065255165,-74.06632083192346,-74.06632083192346
2327.120065255165,-74.06811836925509,-74.06811836925509
2327.130065255165,-74.06991444594533,-74.06991444594533
2327.140065255165,-74.07170918065503,-74.07170918065503
2327.150065255165,-74.07350269036421,-74.07350269036421
2327.160065255165,-74.07529509040774,-74.07529509040774
2327.170065255165,-74.07708649445837,-74.07708649445837
2327.180065255165,-74.07887701454437,-74.07887701454437
2327.190065255165,-74.08066676107363,-74.08066676107363
2327.200065255165,-74.08245584282332,-74.08245584282332
2327.2100652551653,-74.08423790421838,-74.08423790421838
2327.220065255165,-74.08601021920948,-74.08601021920948
2327.2300652551653,-74.0877715117001,-74.0877715117001
2327.240065255165,-74.0895211759146,-74.0895211759146
2327.2500652551653,-74.09125897890821,-74.09125897890821
2327.260065255165,-74.09298490614823,-74.09298490614823
2327.2700652551653,-74.09469907095922,-74.09469907095922
2327.280065255165,-74.0964016601777,-74.0964016601777
2327.2900652551652,-74.09809290144317,-74.09809290144317
2327.300065279007,-74.09977304759498,-74.09977304759498
2327.310065279007,-74.1014423489372,-74.1014423489372
2327.320065279007,-74.10310107047175,-74.10310107047175
2327.330065279007,-74.10474947185749,-74.10474947185749
2327.340065279007,-74.10638780927219,-74.10638780927219
2327.350065279007,-74.1080163343309,-74.1080163343309
2327.360065279007,-74.10963529365948,-74.10963529365948
2327.370065279007,-74.11124492881991,-74.11124492881991
2327.380065279007,-74.11284547645309,-74.11284547645309
2327.390065279007,-74.1144371685242,-74.1144371685242
2327.400065279007,-74.11602023262836,-74.11602023262836
2327.410065279007,-74.11759489225813,-74.11759489225813
2327.420065279007,-74.11916136712986,-74.11916136712986
2327.430065279007,-74.1207198734301,-74.1207198734301
2327.440065279007,-74.12227062405042,-74.12227062405042
2327.450065279007,-74.12381382881593,-74.12381382881593
2327.460065279007,-74.12534322900154,-74.12534322900154
2327.470065279007,-74.12685619640024,-74.12685619640024
2327.480065279007,-74.12835155255824,-74.12835155255824
2327.490065279007,-74.12982878881256,-74.12982878881256
2327.500065279007,-74.13128776872989,-74.13128776872989
2327.510065279007,-74.13272857364946,-74.13272857364946
2327.5200652790068,-74.13415141215633,-74.13415141215633
2327.530065279007,-74.13555656571494,-74.13555656571494
2327.5400652790067,-74.13694435601339,-74.13694435601339
2327.550065279007,-74.13831512533433,-74.13831512533433
2327.560065279007,-74.13966922489917,-74.13966922489917
2327.570065279007,-74.14100700798694,-74.14100700798694
2327.580065279007,-74.14232882599521,-74.14232882599521
2327.590065279007,-74.14363502628821,-74.14363502628821
2327.600065279007,-74.1449259511173,-74.1449259511173
2327.610065279007,-74.1462019371748,-74.1462019371748
2327.620065279007,-74.14746331551824,-74.14746331551824
2327.630065279007,-74.14871041171229,-74.14871041171229
2327.640065279007,-74.14994354606787,-74.14994354606787
2327.650065279007,-74.15116303393008,-74.15116303393008
2327.660065279007,-74.15236918595373,-74.15236918595373
2327.670065279007,-74.15356230840396,-74.15356230840396
2327.680065279007,-74.15474270340047,-74.15474270340047
2327.690065279007,-74.15591066914298,-74.15591066914298
2327.700065279007,-74.15706650011684,-74.15706650011684
2327.710065279007,-74.15821048727469,-74.15821048727469
2327.720065279007,-74.15934291816299,-74.15934291816299
2327.730065279007,-74.16046407707843,-74.16046407707843
2327.740065279007,-74.16157424513425,-74.16157424513425
2327.750065279007,-74.1626737003909,-74.1626737003909
2327.760065279007,-74.16376271787726,-74.16376271787726
2327.7700652790068,-74.16484156970321,-74.16484156970321
2327.780065279007,-74.16591052507337,-74.16591052507337
2327.7900652790067,-74.1669698503409,-74.1669698503409
2327.800065279007,-74.1680198090358,-74.1680198090358
2327.810065279007,-74.16906066188965,-74.16906066188965
2327.820065279007,-74.17009266686503,-74.17009266686503
2327.830065279007,-74.17111607915668,-74.17111607915668
2327.840065279007,-74.17213115121801,-74.17213115121801
2327.850065279007,-74.17313813275697,-74.17313813275697
2327.860065279007,-74.17413727077555,-74.17413727077555
2327.870065279007,-74.17512880953332,-74.17512880953332
2327.880065279007,-74.17611299058984,-74.17611299058984
2327.890065279007,-74.17709005278734,-74.17709005278734
2327.900065279007,-74.17806023226815,-74.17806023226815
2327.910065279007,-74.17902376247105,-74.17902376247105
2327.920065279007,-74.17998087414263,-74.17998087414263
2327.930065279007,-74.18093179531725,-74.18093179531725
2327.940065279007,-74.18187675136114,-74.18187675136114
2327.950065279007,-74.18281596494685,-74.18281596494685
2327.960065279007,-74.18374965607381,-74.18374965607381
2327.970065279007,-74.18467804206614,-74.18467804206614
2327.980065279007,-74.18560133758061,-74.18560133758061
2327.990065279007,-74.18651975459939,-74.18651975459939
2328.000065279007,-74.1874335024763,-74.1874335024763
2328.010065279007,-74.18834278790206,-74.18834278790206
2328.0200652790068,-74.18924781494596,-74.18924781494596
2328.030065279007,-74.19014878503529,-74.19014878503529
2328.0400652790067,-74.19104589698333,-74.19104589698333
2328.050065279007,-74.19193934700569,-74.19193934700569
2328.060065279007,-74.19282932872163,-74.19282932872163
2328.070065279007,-74.19371603316281,-74.19371603316281
2328.080065279007,-74.19459964879265,-74.19459964879265
2328.090065279007,-74.19548036151609,-74.19548036151609
2328.100065279007,-74.19635835469586,-74.19635835469586
2328.110065279007,-74.19723380917196,-74.19723380917196
2328.120065279007,-74.19810690326342,-74.19810690326342
2328.130065279007,-74.19897781279587,-74.19897781279587
2328.140065279007,-74.19984671111217,-74.19984671111217
2328.150065302849,-74.20071377114414,-74.20071377114414
2328.160065302849,-74.20157915719882,-74.20157915719882
2328.170065302849,-74.20244303733821,-74.20244303733821
2328.180065302849,-74.20330557514563,-74.20330557514563
2328.190065302849,-74.20416693179872,-74.20416693179872
2328.200065302849,-74.2050272661143,-74.2050272661143
2328.2100653028488,-74.20588673454586,-74.20588673454586
2328.220065302849,-74.20674549120281,-74.20674549120281
2328.2300653028487,-74.20760368788481,-74.20760368788481
2328.240065302849,-74.20846147407853,-74.20846147407853
2328.2500653028487,-74.20931899700311,-74.20931899700311
2328.260065302849,-74.2101764016026,-74.2101764016026
2328.2700653028487,-74.21103383060439,-74.21103383060439
2328.280065302849,-74.21189142450413,-74.21189142450413
2328.2900653028487,-74.2127493215936,-74.2127493215936
2328.300065302849,-74.21360765799707,-74.21360765799707
2328.3100653028487,-74.21446656769056,-74.21446656769056
2328.320065302849,-74.2153261824904,-74.2153261824904
2328.3300653028487,-74.21618663212082,-74.21618663212082
2328.340065302849,-74.21704804420203,-74.21704804420203
2328.3500653028486,-74.21791054429501,-74.21791054429501
2328.360065302849,-74.21877425590772,-74.21877425590772
2328.3700653028486,-74.21963930051267,-74.21963930051267
2328.380065302849,-74.22050579759042,-74.22050579759042
2328.3900653028486,-74.22137386461584,-74.22137386461584
2328.400065302849,-74.2222436171243,-74.2222436171243
2328.410065302849,-74.22311516869925,-74.22311516869925
2328.420065302849,-74.2239886310012,-74.2239886310012
2328.430065302849,-74.2248641137961,-74.2248641137961
2328.440065302849,-74.2257417249841,-74.2257417249841
2328.450065302849,-74.22662157058383,-74.22662157058383
2328.4600653028488,-74.22749728205824,-74.22749728205824
2328.470065302849,-74.22836612765697,-74.22836612765697
2328.4800653028487,-74.22922682822427,-74.22922682822427
2328.490065302849,-74.23007877601384,-74.23007877601384
2328.5000653028487,-74.23092173660484,-74.23092173660484
2328.510065302849,-74.23175569413135,-74.23175569413135
2328.5200653028487,-74.2325807605654,-74.2325807605654
2328.530065302849,-74.23339712124213,-74.23339712124213
2328.5400653028487,-74.23420500209282,-74.23420500209282
2328.550065302849,-74.23500464996553,-74.23500464996553
2328.5600653028487,-74.23579632096187,-74.23579632096187
2328.570065302849,-74.23658027351581,-74.23658027351581
2328.5800653028487,-74.23735676450288,-74.23735676450288
2328.590065302849,-74.23812604703978,-74.23812604703978
2328.6000653028486,-74.23888836944742,-74.23888836944742
2328.610065302849,-74.23964397480306,-74.23964397480306
2328.6200653028486,-74.24039310090484,-74.24039310090484
2328.630065302849,-74.24113598041876,-74.24113598041876
2328.6400653028486,-74.24187284113762,-74.24187284113762
2328.650065302849,-74.24260390628476,-74.24260390628476
2328.660065302849,-74.24332939482034,-74.24332939482034
2328.670065302849,-74.24404952176316,-74.24404952176316
2328.680065302849,-74.24476449843819,-74.24476449843819
2328.690065302849,-74.24547453274769,-74.24547453274769
2328.700065302849,-74.24617982937372,-74.24617982937372
2328.7100653028488,-74.24688058997909,-74.24688058997909
2328.720065302849,-74.24757701337982,-74.24757701337982
2328.7300653028487,-74.24826929567483,-74.24826929567483
2328.740065302849,-74.24895763036697,-74.24895763036697
2328.7500653028487,-74.24964220848162,-74.24964220848162
2328.760065302849,-74.25032321862771,-74.25032321862771
2328.7700653028487,-74.2510008471121,-74.2510008471121
2328.780065302849,-74.25167527794706,-74.25167527794706
2328.7900653028487,-74.25234669295567,-74.25234669295567
2328.800065302849,-74.25301527176953,-74.25301527176953
2328.8100653028487,-74.25368119190574,-74.25368119190574
2328.820065302849,-74.25434462876318,-74.25434462876318
2328.8300653028487,-74.25500575568839,-74.25500575568839
2328.840065302849,-74.25566474395012,-74.25566474395012
2328.8500653028486,-74.25632176277811,-74.25632176277811
2328.860065302849,-74.25697697940403,-74.25697697940403
2328.8700653028486,-74.25763055903545,-74.25763055903545
2328.880065302849,-74.25828266489467,-74.25828266489467
2328.8900653028486,-74.25893345820265,-74.25893345820265
2328.900065302849,-74.25958309821533,-74.25958309821533
2328.910065302849,-74.26023174222327,-74.26023174222327
2328.920065302849,-74.2608795455522,-74.2608795455522
2328.930065302849,-74.26152666156338,-74.26152666156338
2328.940065302849,-74.26217324169437,-74.26217324169437
2328.950065302849,-74.26281943541687,-74.26281943541687
2328.9600653028488,-74.26346539028945,-74.26346539028945
2328.970065302849,-74.2641112519376,-74.2641112519376
2328.9800653028487,-74.26475716406067,-74.26475716406067
2328.990065302849,-74.26540326844483,-74.26540326844483
2329.0000653266907,-74.2660497065238,-74.2660497065238
2329.010065326691,-74.26669661319814,-74.26669661319814
2329.0200653266907,-74.2673441261141,-74.2673441261141
2329.030065326691,-74.26799237946896,-74.26799237946896
2329.0400653266906,-74.26864150560772,-74.26864150560772
2329.050065326691,-74.26929163501339,-74.26929163501339
2329.0600653266906,-74.2699428962921,-74.2699428962921
2329.070065326691,-74.27059541621254,-74.27059541621254
2329.0800653266906,-74.27124931971805,-74.27124931971805
2329.090065326691,-74.27190472991288,-74.27190472991288
2329.1000653266906,-74.27256176809162,-74.27256176809162
2329.110065326691,-74.27322055374289,-74.27322055374289
2329.1200653266906,-74.27388120455856,-74.27388120455856
2329.130065326691,-74.27454383644663,-74.27454383644663
2329.1400653266905,-74.27520856354919,-74.27520856354919
2329.1500653266908,-74.27587549824575,-74.27587549824575
2329.1600653266905,-74.27654475118169,-74.27654475118169
2329.1700653266907,-74.27721643125403,-74.27721643125403
2329.1800653266905,-74.27789064564566,-74.27789064564566
2329.1900653266907,-74.2785674998349,-74.2785674998349
2329.2000653266905,-74.27924709760416,-74.27924709760416
2329.2100653266907,-74.27992954106045,-74.27992954106045
2329.2200653266905,-74.28061493064448,-74.28061493064448
2329.2300653266907,-74.28130336512866,-74.28130336512866
2329.2400653266905,-74.2819949416629,-74.2819949416629
2329.2500653266907,-74.28268975577552,-74.28268975577552
2329.260065326691,-74.28338790138801,-74.28338790138801
2329.2700653266907,-74.28408947081508,-74.28408947081508
2329.280065326691,-74.28479455479183,-74.28479455479183
2329.2900653266906,-74.28550324251007,-74.28550324251007
2329.300065326691,-74.28621562158912,-74.28621562158912
2329.3100653266906,-74.28693177812865,-74.28693177812865
2329.320065326691,-74.28765179670026,-74.28765179670026
2329.3300653266906,-74.28837576037398,-74.28837576037398
2329.340065326691,-74.28910375073018,-74.28910375073018
2329.3500653266906,-74.2898358478916,-74.2898358478916
2329.360065326691,-74.29057213050001,-74.29057213050001
2329.3700653266906,-74.29131267576813,-74.29131267576813
2329.380065326691,-74.29205755947673,-74.29205755947673
2329.3900653266905,-74.29280685598884,-74.29280685598884
2329.4000653266908,-74.29356063828814,-74.29356063828814
2329.4100653266905,-74.29431897797485,-74.29431897797485
2329.4200653266907,-74.2950819452572,-74.2950819452572
2329.4300653266905,-74.29584960903594,-74.29584960903594
2329.4400653266907,-74.2966220368417,-74.2966220368417
2329.4500653266905,-74.29739929490633,-74.29739929490633
2329.4600653266907,-74.29818144814935,-74.29818144814935
2329.4700653266905,-74.29896856021028,-74.29896856021028
2329.4800653266907,-74.29976069343688,-74.29976069343688
2329.4900653266905,-74.30055790894097,-74.30055790894097
2329.5000653266907,-74.301360266579,-74.301360266579
2329.510065326691,-74.30216782497911,-74.30216782497911
2329.5200653266907,-74.30298064156295,-74.30298064156295
2329.530065326691,-74.30379877254161,-74.30379877254161
2329.5400653266906,-74.30462227295864,-74.30462227295864
2329.550065326691,-74.3054511966804,-74.3054511966804
2329.5600653266906,-74.30628559641782,-74.30628559641782
2329.570065326691,-74.30712552373897,-74.30712552373897
2329.5800653266906,-74.30797102910468,-74.30797102910468
2329.590065326691,-74.30882216183471,-74.30882216183471
2329.6000653266906,-74.30967897018796,-74.30967897018796
2329.610065326691,-74.31054150131213,-74.31054150131213
2329.6200653266906,-74.31140980129143,-74.31140980129143
2329.630065326691,-74.31228391516328,-74.31228391516328
2329.6400653266905,-74.31316388692736,-74.31316388692736
2329.6500653266908,-74.3140497595463,-74.3140497595463
2329.6600653266905,-74.31494157497283,-74.31494157497283
2329.6700653266907,-74.31583937416121,-74.31583937416121
2329.6800653266905,-74.31674319707784,-74.31674319707784
2329.6900653266907,-74.31765308271312,-74.31765308271312
2329.7000653266905,-74.3185690690963,-74.3185690690963
2329.7100653266907,-74.3194911933169,-74.3194911933169
2329.7200653266905,-74.32041949152101,-74.32041949152101
2329.7300653266907,-74.32135399893725,-74.32135399893725
2329.7400653266905,-74.32229474988884,-74.32229474988884
2329.7500653266907,-74.32324177779095,-74.32324177779095
2329.760065326691,-74.32419511518506,-74.32419511518506
2329.7700653266907,-74.32515479373365,-74.32515479373365
2329.780065326691,-74.32612084424471,-74.32612084424471
2329.7900653266906,-74.32709329667563,-74.32709329667563
2329.800065326691,-74.32807218013723,-74.32807218013723
2329.8100653266906,-74.3290575229428,-74.3290575229428
2329.820065326691,-74.33004935256326,-74.33004935256326
2329.8300653266906,-74.33104769568084,-74.33104769568084
2329.840065326691,-74.33205257819252,-74.33205257819252
2329.8500653505325,-74.33306402762518,-74.33306402762518
2329.8600653505328,-74.334082063517,-74.334082063517
2329.8700653505325,-74.33510671184638,-74.33510671184638
2329.8800653505327,-74.33613799545333,-74.33613799545333
2329.8900653505325,-74.33717593645656,-74.33717593645656
2329.9000653505327,-74.33822055622487,-74.33822055622487
2329.9100653505325,-74.3392718754358,-74.3392718754358
2329.9200653505327,-74.34032991405219,-74.34032991405219
2329.9300653505325,-74.34139469134873,-74.34139469134873
2329.9400653505327,-74.34246622591391,-74.34246622591391
2329.9500653505324,-74.34354453566955,-74.34354453566955
2329.9600653505327,-74.34462315386115,-74.34462315386115
2329.9700653505324,-74.34569925762001,-74.34569925762001
2329.9800653505326,-74.34677148018693,-74.34677148018693
2329.9900653505324,-74.34783912846162,-74.34783912846162
2330.0000653505326,-74.34890188440002,-74.34890188440002
2330.0100653505324,-74.34995965000496,-74.34995965000496
2330.0200653505326,-74.35101245641592,-74.35101245641592
2330.0300653505324,-74.35206040934365,-74.35206040934365
2330.0400653505326,-74.35310365623299,-74.35310365623299
2330.0500653505323,-74.35414236654371,-74.35414236654371
2330.0600653505326,-74.35517672004728,-74.35517672004728
2330.0700653505323,-74.35620689990401,-74.35620689990401
2330.0800653505325,-74.35723308871543,-74.35723308871543
2330.0900653505323,-74.35825546636673,-74.35825546636673
2330.1000653505325,-74.35927420892315,-74.35927420892315
2330.1100653505328,-74.360289488213,-74.360289488213
2330.1200653505325,-74.36130147176125,-74.36130147176125
2330.1300653505327,-74.36231032291815,-74.36231032291815
2330.1400653505325,-74.36331620113421,-74.36331620113421
2330.1500653505327,-74.36431926223312,-74.36431926223312
2330.1600653505325,-74.3653196587326,-74.3653196587326
2330.1700653505327,-74.36631754011083,-74.36631754011083
2330.1800653505325,-74.36731305310433,-74.36731305310433
2330.1900653505327,-74.36830634190396,-74.36830634190396
2330.2000653505324,-74.36929754841005,-74.36929754841005
2330.2100653505327,-74.37028681239244,-74.37028681239244
2330.2200653505324,-74.37127427163792,-74.37127427163792
2330.2300653505326,-74.37226006210231,-74.37226006210231
2330.2400653505324,-74.37324431800987,-74.37324431800987
2330.2500653505326,-74.37422717193917,-74.37422717193917
2330.2600653505324,-74.37520875492596,-74.37520875492596
2330.2700653505326,-74.37618919648723,-74.37618919648723
2330.2800653505324,-74.3771686247151,-74.3771686247151
2330.2900653505326,-74.37814716629212,-74.37814716629212
2330.3000653505323,-74.379124946533,-74.379124946533
2330.3100653505326,-74.38010208940966,-74.38010208940966
2330.3200653505323,-74.38107871758521,-74.38107871758521
2330.3300653505325,-74.38205495240356,-74.38205495240356
2330.3400653505323,-74.38303091392123,-74.38303091392123
2330.3500653505325,-74.38400672091534,-74.38400672091534
2330.3600653505328,-74.38498249088272,-74.38498249088272
2330.3700653505325,-74.38595834004975,-74.38595834004975
2330.3800653505327,-74.38693438337066,-74.38693438337066
2330.3900653505325,-74.3879107345264,-74.3879107345264
2330.4000653505327,-74.38888750593202,-74.38888750593202
2330.4100653505325,-74.3898648087384,-74.3898648087384
2330.4200653505327,-74.3908427528038,-74.3908427528038
2330.4300653505325,-74.39182144671899,-74.39182144671899
2330.4400653505327,-74.39280099781328,-74.39280099781328
2330.4500653505324,-74.3937815121176,-74.3937815121176
2330.4600653505327,-74.39475660618464,-74.39475660618464
2330.4700653505324,-74.3957235422619,-74.3957235422619
2330.4800653505326,-74.39668103904938,-74.39668103904938
2330.4900653505324,-74.39762848871231,-74.39762848871231
2330.5000653505326,-74.3985656580639,-74.3985656580639
2330.5100653505324,-74.3994925334434,-74.3994925334434
2330.5200653505326,-74.4004092297679,-74.4004092297679
2330.5300653505324,-74.40131593589656,-74.40131593589656
2330.5400653505326,-74.40221288178648,-74.40221288178648
2330.5500653505323,-74.40310031874564,-74.40310031874564
2330.5600653505326,-74.40397850771373,-74.40397850771373
2330.5700653505323,-74.4048477123298,-74.4048477123298
2330.5800653505325,-74.40570819495889,-74.40570819495889
2330.5900653505323,-74.40656021454654,-74.40656021454654
2330.6000653505325,-74.40740402549613,-74.40740402549613
2330.6100653505328,-74.40823987724961,-74.40823987724961
2330.6200653505325,-74.40906801420199,-74.40906801420199
2330.6300653505327,-74.40988867584045,-74.40988867584045
2330.6400653505325,-74.41070209699963,-74.41070209699963
2330.6500653505327,-74.41150850814776,-74.41150850814776
2330.6600653505325,-74.41230813568075,-74.41230813568075
2330.6700653505327,-74.41310120221145,-74.41310120221145
2330.6800653505325,-74.41388792683486,-74.41388792683486
2330.6900653505327,-74.41466852536146,-74.41466852536146
2330.7000653743744,-74.4154432123718,-74.4154432123718
2330.7100653743746,-74.4162121940058,-74.4162121940058
2330.7200653743744,-74.41697567923028,-74.41697567923028
2330.7300653743746,-74.41773387255218,-74.41773387255218
2330.7400653743744,-74.41848697596443,-74.41848697596443
2330.7500653743746,-74.4192351890749,-74.4192351890749
2330.7600653743743,-74.41997870916602,-74.41997870916602
2330.7700653743746,-74.42071773124891,-74.42071773124891
2330.7800653743743,-74.42145244814797,-74.42145244814797
2330.7900653743745,-74.42218305051047,-74.42218305051047
2330.8000653743743,-74.42290972686837,-74.42290972686837
2330.8100653743745,-74.42363266365261,-74.42363266365261
2330.8200653743743,-74.42435204522543,-74.42435204522543
2330.8300653743745,-74.42506805389138,-74.42506805389138
2330.8400653743743,-74.4257808699282,-74.4257808699282
2330.8500653743745,-74.42649067157406,-74.42649067157406
2330.8600653743742,-74.42719763506626,-74.42719763506626
2330.8700653743745,-74.42790193463239,-74.42790193463239
2330.880065374374,-74.42860374249129,-74.42860374249129
2330.8900653743744,-74.42930322887068,-74.42930322887068
2330.900065374374,-74.43000056200746,-74.43000056200746
2330.9100653743744,-74.43069590815557,-74.43069590815557
2330.920065374374,-74.43138943158327,-74.43138943158327
2330.9300653743744,-74.43208129456552,-74.43208129456552
2330.940065374374,-74.43277165742141,-74.43277165742141
2330.9500653743744,-74.4334606784806,-74.4334606784806
2330.9600653743746,-74.43414202324679,-74.43414202324679
2330.9700653743744,-74.43481300428023,-74.43481300428023
2330.9800653743746,-74.43547239067644,-74.43547239067644
2330.9900653743744,-74.43611962464189,-74.43611962464189
2331.0000653743746,-74.43675452256443,-74.43675452256443
2331.0100653743743,-74.43737711978169,-74.43737711978169
2331.0200653743746,-74.43798757959854,-74.43798757959854
2331.0300653743743,-74.43858613865694,-74.43858613865694
2331.0400653743745,-74.43917307403244,-74.43917307403244
2331.0500653743743,-74.43974868351881,-74.43974868351881
2331.0600653743745,-74.44031327388379,-74.44031327388379
2331.0700653743743,-74.4408671539459,-74.4408671539459
2331.0800653743745,-74.44141063062644,-74.44141063062644
2331.0900653743743,-74.44194400677863,-74.44194400677863
2331.1000653743745,-74.44246758008973,-74.44246758008973
2331.1100653743742,-74.44298164266458,-74.44298164266458
2331.1200653743745,-74.44348648093742,-74.44348648093742
2331.130065374374,-74.44398237584149,-74.44398237584149
2331.1400653743744,-74.44446960303918,-74.44446960303918
2331.150065374374,-74.4449484332373,-74.4449484332373
2331.1600653743744,-74.44541913248551,-74.44541913248551
2331.170065374374,-74.44588196247211,-74.44588196247211
2331.1800653743744,-74.44633718079241,-74.44633718079241
2331.190065374374,-74.44678504118433,-74.44678504118433
2331.2000653743744,-74.44722579375482,-74.44722579375482
2331.2100653743746,-74.44765319389397,-74.44765319389397
2331.2200653743744,-74.4480646435028,-74.4480646435028
2331.2300653743746,-74.44845900012425,-74.44845900012425
2331.2400653743744,-74.4488357934858,-74.4488357934858
2331.2500653743746,-74.44919492657134,-74.44919492657134
2331.2600653743743,-74.44953652047872,-74.44953652047872
2331.2700653743746,-74.44986082346183,-74.44986082346183
2331.2800653743743,-74.45016815633238,-74.45016815633238
2331.2900653743745,-74.45045887959411,-74.45045887959411
2331.3000653743743,-74.45073337379463,-74.45073337379463
2331.3100653743745,-74.45099202775332,-74.45099202775332
2331.3200653743743,-74.45123523168607,-74.45123523168607
2331.3300653743745,-74.45146337328953,-74.45146337328953
2331.3400653743743,-74.45167683553083,-74.45167683553083
2331.3500653743745,-74.45187599560788,-74.45187599560788
2331.3600653743742,-74.45206122451363,-74.45206122451363
2331.3700653743745,-74.45223288695625,-74.45223288695625
2331.380065374374,-74.45239134154139,-74.45239134154139
2331.3900653743744,-74.45253694098575,-74.45253694098575
2331.400065374374,-74.45267003243765,-74.45267003243765
2331.4100653743744,-74.45279095777454,-74.45279095777454
2331.420065374374,-74.45290005389371,-74.45290005389371
2331.4300653743744,-74.45299765297409,-74.45299765297409
2331.440065374374,-74.4530840827274,-74.4530840827274
2331.4500653743744,-74.45315966658846,-74.45315966658846
2331.4600653743746,-74.4532182333265,-74.4532182333265
2331.4700653743744,-74.45325725801442,-74.45325725801442
2331.4800653743746,-74.45327567083517,-74.45327567083517
2331.4900653743744,-74.45327307354258,-74.45327307354258
2331.5000653743746,-74.4532494405139,-74.4532494405139
2331.5100653743743,-74.45320496356534,-74.45320496356534
2331.5200653743746,-74.45313996099267,-74.45313996099267
2331.5300653743743,-74.45305482295262,-74.45305482295262
2331.5400653743745,-74.45294997860432,-74.45294997860432
2331.5500653982162,-74.45282587613285,-74.45282587613285
2331.5600653982165,-74.45268297210195,-74.45268297210195
2331.5700653982162,-74.45252172302672,-74.45252172302672
2331.5800653982164,-74.45234258237124,-74.45234258237124
2331.590065398216,-74.45214599816286,-74.45214599816286
2331.6000653982164,-74.4519324119517,-74.4519324119517
2331.610065398216,-74.45170225833338,-74.45170225833338
2331.6200653982164,-74.45145596493384,-74.45145596493384
2331.630065398216,-74.4511939525339,-74.4511939525339
2331.6400653982164,-74.45091663530158,-74.45091663530158
2331.650065398216,-74.45062442112607,-74.45062442112607
2331.6600653982164,-74.4503177119224,-74.4503177119224
2331.670065398216,-74.44999690387795,-74.44999690387795
2331.6800653982164,-74.44966238777181,-74.44966238777181
2331.690065398216,-74.44931454919461,-74.44931454919461
2331.7000653982163,-74.44895376876018,-74.44895376876018
2331.710065398216,-74.44858042229097,-74.44858042229097
2331.7200653982163,-74.44819488098182,-74.44819488098182
2331.730065398216,-74.44779751153779,-74.44779751153779
2331.7400653982163,-74.44738867628347,-74.44738867628347
2331.750065398216,-74.44696873326133,-74.44696873326133
2331.7600653982163,-74.44653803633153,-74.44653803633153
2331.770065398216,-74.4460969352191,-74.4460969352191
2331.7800653982163,-74.4456457755827,-74.4456457755827
2331.790065398216,-74.44518489907398,-74.44518489907398
2331.8000653982162,-74.44471464337668,-74.44471464337668
2331.8100653982165,-74.44423534223148,-74.44423534223148
2331.8200653982162,-74.44374732548074,-74.44374732548074
2331.8300653982164,-74.44325091908841,-74.44325091908841
2331.840065398216,-74.44274644518916,-74.44274644518916
2331.8500653982164,-74.4422342220576,-74.4422342220576
2331.860065398216,-74.44171456417536,-74.44171456417536
2331.8700653982164,-74.44118778223063,-74.44118778223063
2331.880065398216,-74.44065418313085,-74.44065418313085
2331.8900653982164,-74.4401140700259,-74.4401140700259
2331.900065398216,-74.43956774231965,-74.43956774231965
2331.9100653982164,-74.43901549569382,-74.43901549569382
2331.920065398216,-74.4384576221153,-74.4384576221153
2331.9300653982164,-74.43789440984133,-74.43789440984133
2331.940065398216,-74.43732614345208,-74.43732614345208
2331.9500653982163,-74.43675310386051,-74.43675310386051
2331.960065398216,-74.43617556833239,-74.43617556833239
2331.9700653982163,-74.43559381048513,-74.43559381048513
2331.980065398216,-74.43500810032815,-74.43500810032815
2331.9900653982163,-74.43441870426943,-74.43441870426943
2332.000065398216,-74.43382588514214,-74.43382588514214
2332.0100653982163,-74.43322990220565,-74.43322990220565
2332.020065398216,-74.43263101117559,-74.43263101117559
2332.0300653982163,-74.43202946424972,-74.43202946424972
2332.040065398216,-74.43142551013325,-74.43142551013325
2332.0500653982162,-74.4308193940318,-74.4308193940318
2332.0600653982165,-74.43021135771995,-74.43021135771995
2332.0700653982162,-74.42960163950642,-74.42960163950642
2332.0800653982164,-74.4289904743113,-74.4289904743113
2332.090065398216,-74.42837809365889,-74.42837809365889
2332.1000653982164,-74.4277647257056,-74.4277647257056
2332.110065398216,-74.4271505952844,-74.4271505952844
2332.1200653982164,-74.42653592389836,-74.42653592389836
2332.130065398216,-74.42592092977465,-74.42592092977465
2332.1400653982164,-74.42530582787546,-74.42530582787546
2332.150065398216,-74.42469082993141,-74.42469082993141
2332.1600653982164,-74.42407614446884,-74.42407614446884
2332.170065398216,-74.42346197683123,-74.42346197683123
2332.1800653982164,-74.42284852921237,-74.42284852921237
2332.190065398216,-74.42223600068293,-74.42223600068293
2332.2000653982163,-74.42162458721467,-74.42162458721467
2332.210065398216,-74.4210144817171,-74.4210144817171
2332.2200653982163,-74.42040587406426,-74.42040587406426
2332.230065398216,-74.41979895112543,-74.41979895112543
2332.2400653982163,-74.41919389677906,-74.41919389677906
2332.250065398216,-74.41859089197342,-74.41859089197342
2332.2600653982163,-74.41799011471689,-74.41799011471689
2332.270065398216,-74.41739174013556,-74.41739174013556
2332.2800653982163,-74.41679594049516,-74.41679594049516
2332.290065398216,-74.41620288523194,-74.41620288523194
2332.3000653982162,-74.41561274099348,-74.41561274099348
2332.3100653982165,-74.41502567163934,-74.41502567163934
2332.3200653982162,-74.41444183829122,-74.41444183829122
2332.3300653982164,-74.41386139937289,-74.41386139937289
2332.340065398216,-74.41328451061744,-74.41328451061744
2332.3500653982164,-74.41271132510278,-74.41271132510278
2332.360065398216,-74.41214199329877,-74.41214199329877
2332.3700653982164,-74.41157666307645,-74.41157666307645
2332.380065398216,-74.41101547974958,-74.41101547974958
2332.3900653982164,-74.41045858610082,-74.41045858610082
2332.400065422058,-74.40990612109864,-74.40990612109864
2332.4100654220583,-74.40935822519872,-74.40935822519872
2332.420065422058,-74.40881503243176,-74.40881503243176
2332.4300654220583,-74.40827667575944,-74.40827667575944
2332.440065422058,-74.40774328574781,-74.40774328574781
2332.4500654220583,-74.40721499061272,-74.40721499061272
2332.460065422058,-74.40668543174965,-74.40668543174965
2332.4700654220583,-74.40615189676207,-74.40615189676207
2332.480065422058,-74.40561312906043,-74.40561312906043
2332.4900654220583,-74.40506854458448,-74.40506854458448
2332.500065422058,-74.40451793298413,-74.40451793298413
2332.5100654220582,-74.40396130240042,-74.40396130240042
2332.520065422058,-74.40339878850753,-74.40339878850753
2332.530065422058,-74.40283059981691,-74.40283059981691
2332.540065422058,-74.40225698488203,-74.40225698488203
2332.550065422058,-74.40167821251944,-74.40167821251944
2332.560065422058,-74.40109456012621,-74.40109456012621
2332.570065422058,-74.40050630676798,-74.40050630676798
2332.580065422058,-74.39991372927169,-74.39991372927169
2332.590065422058,-74.3993171000704,-74.3993171000704
2332.600065422058,-74.39871668615649,-74.39871668615649
2332.610065422058,-74.3981127486616,-74.3981127486616
2332.620065422058,-74.3975055428437,-74.3975055428437
2332.630065422058,-74.39689531824193,-74.39689531824193
2332.640065422058,-74.39628231896486,-74.39628231896486
2332.650065422058,-74.39566678400595,-74.39566678400595
2332.6600654220583,-74.39504894758277,-74.39504894758277
2332.670065422058,-74.39442903944703,-74.39442903944703
2332.6800654220583,-74.39380728518083,-74.39380728518083
2332.690065422058,-74.39318390645764,-74.39318390645764
2332.7000654220583,-74.39255912125883,-74.39255912125883
2332.710065422058,-74.39193314411489,-74.39193314411489
2332.7200654220583,-74.39130618625795,-74.39130618625795
2332.730065422058,-74.39067845577907,-74.39067845577907
2332.7400654220583,-74.39005015776561,-74.39005015776561
2332.750065422058,-74.38942149440878,-74.38942149440878
2332.7600654220582,-74.3887926651073,-74.3887926651073
2332.770065422058,-74.38816386654845,-74.38816386654845
2332.780065422058,-74.38753529277895,-74.38753529277895
2332.790065422058,-74.38690713526168,-74.38690713526168
2332.800065422058,-74.38627958293334,-74.38627958293334
2332.810065422058,-74.38565282225593,-74.38565282225593
2332.820065422058,-74.38502703722665,-74.38502703722665
2332.830065422058,-74.38440240944601,-74.38440240944601
2332.840065422058,-74.3837791181253,-74.3837791181253
2332.850065422058,-74.38315734012711,-74.38315734012711
2332.860065422058,-74.38253724997604,-74.38253724997604
2332.870065422058,-74.38191901987398,-74.38191901987398
2332.880065422058,-74.38130281973464,-74.38130281973464
2332.890065422058,-74.38068881719362,-74.38068881719362
2332.900065422058,-74.38007717760352,-74.38007717760352
2332.9100654220583,-74.3794680640871,-74.3794680640871
2332.920065422058,-74.37886163752239,-74.37886163752239
2332.9300654220583,-74.37825805655177,-74.37825805655177
2332.940065422058,-74.37765747760584,-74.37765747760584
2332.9500654220583,-74.37706005493328,-74.37706005493328
2332.960065422058,-74.37646594057091,-74.37646594057091
2332.9700654220583,-74.37587528438694,-74.37587528438694
2332.980065422058,-74.37528823408246,-74.37528823408246
2332.9900654220583,-74.37470493520584,-74.37470493520584
2333.000065422058,-74.37412553116401,-74.37412553116401
2333.0100654220582,-74.37355016322418,-74.37355016322418
2333.020065422058,-74.37297897053863,-74.37297897053863
2333.030065422058,-74.37241209016379,-74.37241209016379
2333.040065422058,-74.37184965705973,-74.37184965705973
2333.050065422058,-74.37129180409568,-74.37129180409568
2333.060065422058,-74.37073866209245,-74.37073866209245
2333.070065422058,-74.37019035980386,-74.37019035980386
2333.080065422058,-74.36964702395075,-74.36964702395075
2333.090065422058,-74.36910877922354,-74.36910877922354
2333.100065422058,-74.36857574830802,-74.36857574830802
2333.110065422058,-74.36804805189509,-74.36804805189509
2333.120065422058,-74.36752580869711,-74.36752580869711
2333.130065422058,-74.36700913544287,-74.36700913544287
2333.140065422058,-74.36649814693257,-74.36649814693257
2333.150065422058,-74.36599295602261,-74.36599295602261
2333.1600654220583,-74.36549367364107,-74.36549367364107
2333.170065422058,-74.365000408841,-74.365000408841
2333.1800654220583,-74.36451326875171,-74.36451326875171
2333.190065422058,-74.36403235866702,-74.36403235866702
2333.2000654220583,-74.3635577820014,-74.3635577820014
2333.210065422058,-74.3630896403436,-74.3630896403436
2333.2200654220583,-74.36262803346831,-74.36262803346831
2333.230065422058,-74.36217305933539,-74.36217305933539
2333.2400654220583,-74.36172481412153,-74.36172481412153
2333.2500654459,-74.3612833911929,-74.3612833911929
2333.2600654459,-74.36084888534137,-74.36084888534137
2333.2700654459,-74.36042138640171,-74.36042138640171
2333.2800654459,-74.3600009835824,-74.3600009835824
2333.2900654459,-74.35958776440701,-74.35958776440701
2333.3000654459,-74.35918181470558,-74.35918181470558
2333.3100654459,-74.3587832186452,-74.3587832186452
2333.3200654459,-74.35839205874294,-74.35839205874294
2333.3300654459,-74.35800841589383,-74.35800841589383
2333.3400654459,-74.35763236938932,-74.35763236938932
2333.3500654459,-74.35726399690967,-74.35726399690967
2333.3600654459,-74.35690337457824,-74.35690337457824
2333.3700654459,-74.35655057694792,-74.35655057694792
2333.3800654459,-74.35620567704687,-74.35620567704687
2333.3900654459,-74.355868746363,-74.355868746363
2333.4000654459,-74.35553985490165,-74.35553985490165
2333.4100654459,-74.35521907116457,-74.35521907116457
2333.4200654459,-74.35490646219802,-74.35490646219802
2333.4300654459,-74.35460209358328,-74.35460209358328
2333.4400654459,-74.35430602946596,-74.35430602946596
2333.4500654459,-74.35401833259297,-74.35401833259297
2333.4600654459,-74.35373258378966,-74.35373258378966
2333.4700654458998,-74.35344600861819,-74.35344600861819
2333.4800654459,-74.35315728837779,-74.35315728837779
2333.4900654458997,-74.35286577737683,-74.35286577737683
2333.5000654459,-74.35257120427032,-74.35257120427032
2333.5100654459,-74.35227351692293,-74.35227351692293
2333.5200654459,-74.35197279148443,-74.35197279148443
2333.5300654459,-74.35166917775386,-74.35166917775386
2333.5400654459,-74.35136286632039,-74.35136286632039
2333.5500654459,-74.35105406885877,-74.35105406885877
2333.5600654459,-74.3507430063975,-74.3507430063975
2333.5700654459,-74.35042990241892,-74.35042990241892
2333.5800654459,-74.3501149789299,-74.3501149789299
2333.5900654459,-74.34979845432186,-74.34979845432186
2333.6000654459,-74.34948054229771,-74.34948054229771
2333.6100654459,-74.34916145145296,-74.34916145145296
2333.6200654459,-74.34884138525037,-74.34884138525037
2333.6300654459,-74.34852054216421,-74.34852054216421
2333.6400654459,-74.34819911598987,-74.34819911598987
2333.6500654459,-74.34787729609415,-74.34787729609415
2333.6600654459,-74.34755526779989,-74.34755526779989
2333.6700654459,-74.34723321265139,-74.34723321265139
2333.6800654459,-74.34691130872785,-74.34691130872785
2333.6900654459,-74.34658973087795,-74.34658973087795
2333.7000654459,-74.34626865094906,-74.34626865094906
2333.7100654459,-74.34594823798666,-74.34594823798666
2333.7200654458998,-74.34562865840466,-74.34562865840466
2333.7300654459,-74.34531007613583,-74.34531007613583
2333.7400654458997,-74.34499265274921,-74.34499265274921
2333.7500654459,-74.34467654755083,-74.34467654755083
2333.7600654459,-74.34436191768444,-74.34436191768444
2333.7700654459,-74.34404891820671,-74.34404891820671
2333.7800654459,-74.34373770213058,-74.34373770213058
2333.7900654459,-74.34342842050717,-74.34342842050717
2333.8000654459,-74.34312122244957,-74.34312122244957
2333.8100654459,-74.34281625517984,-74.34281625517984
2333.8200654459,-74.3425136640423,-74.3425136640423
2333.8300654459,-74.34221359256354,-74.34221359256354
2333.8400654459,-74.34191618244148,-74.34191618244148
2333.8500654459,-74.3416215735725,-74.3416215735725
2333.8600654459,-74.3413299040682,-74.3413299040682
2333.8700654459,-74.34104131028293,-74.34104131028293
2333.8800654459,-74.34075592679231,-74.34075592679231
2333.8900654459,-74.34047388643485,-74.34047388643485
2333.9000654459,-74.3401953202863,-74.3401953202863
2333.9100654459,-74.33992035770832,-74.33992035770832
2333.9200654459,-74.33964912630408,-74.33964912630408
2333.9300654459,-74.33938175198499,-74.33938175198499
2333.9400654459,-74.3391183589152,-74.3391183589152
2333.9500654459,-74.3388590695506,-74.3388590695506
2333.9600654459,-74.33860400464783,-74.33860400464783
2333.9700654458998,-74.3383532832531,-74.3383532832531
2333.9800654459,-74.33810702270351,-74.33810702270351
2333.9900654458997,-74.33786533866423,-74.33786533866423
2334.0000654459,-74.33762834508879,-74.33762834508879
2334.0100654459,-74.33739615426475,-74.33739615426475
2334.0200654459,-74.33716887679168,-74.33716887679168
2334.0300654459,-74.33694662160708,-74.33694662160708
2334.0400654459,-74.33672949598687,-74.33672949598687
2334.0500654459,-74.33651760554254,-74.33651760554254
2334.0600654459,-74.33631105423557,-74.33631105423557
2334.0700654459,-74.33610994440042,-74.33610994440042
2334.0800654459,-74.33591437671625,-74.33591437671625
2334.0900654459,-74.33572445025796,-74.33572445025796
2334.100065469742,-74.33554026203711,-74.33554026203711
2334.110065469742,-74.33536190878743,-74.33536190878743
2334.120065469742,-74.33518948430373,-74.33518948430373
2334.130065469742,-74.33502308123671,-74.33502308123671
2334.140065469742,-74.33486279066882,-74.33486279066882
2334.150065469742,-74.33470870210832,-74.33470870210832
2334.1600654697418,-74.33456090351837,-74.33456090351837
2334.170065469742,-74.33441948130613,-74.33441948130613
2334.1800654697417,-74.33428452034872,-74.33428452034872
2334.190065469742,-74.33415610399238,-74.33415610399238
2334.2000654697417,-74.3340343140739,-74.3340343140739
2334.210065469742,-74.33391923093629,-74.33391923093629
2334.2200654697417,-74.3338109334371,-74.3338109334371
2334.230065469742,-74.33370949894663,-74.33370949894663
2334.2400654697417,-74.33361500337892,-74.33361500337892
2334.250065469742,-74.33352752119737,-74.33352752119737
2334.2600654697417,-74.33344712542603,-74.33344712542603
2334.270065469742,-74.3333738876687,-74.3333738876687
2334.2800654697417,-74.3333078781154,-74.3333078781154
2334.290065469742,-74.33324916554785,-74.33324916554785
2334.3000654697416,-74.33319781737978,-74.33319781737978
2334.310065469742,-74.33315389964994,-74.33315389964994
2334.3200654697416,-74.33311747702766,-74.33311747702766
2334.330065469742,-74.33308861284347,-74.33308861284347
2334.3400654697416,-74.33306736910625,-74.33306736910625
2334.350065469742,-74.33305380650046,-74.33305380650046
2334.360065469742,-74.33304798439814,-74.33304798439814
2334.370065469742,-74.33304996089109,-74.33304996089109
2334.380065469742,-74.33305979280016,-74.33305979280016
2334.390065469742,-74.33307753568768,-74.33307753568768
2334.400065469742,-74.33310324384733,-74.33310324384733
2334.4100654697418,-74.33313697035642,-74.33313697035642
2334.420065469742,-74.33317876706788,-74.33317876706788
2334.4300654697417,-74.33322868463073,-74.33322868463073
2334.440065469742,-74.33328677249507,-74.33328677249507
2334.4500654697417,-74.3333530789365,-74.3333530789365
2334.460065469742,-74.33342117119976,-74.33342117119976
2334.4700654697417,-74.33348826043854,-74.33348826043854
2334.480065469742,-74.33355301337794,-74.33355301337794
2334.4900654697417,-74.33361476984226,-74.33361476984226
2334.500065469742,-74.33367324411341,-74.33367324411341
2334.5100654697417,-74.33372836990411,-74.33372836990411
2334.520065469742,-74.33378020942502,-74.33378020942502
2334.5300654697417,-74.3338288987735,-74.3338288987735
2334.540065469742,-74.33387461509089,-74.33387461509089
2334.5500654697416,-74.33391755684787,-74.33391755684787
2334.560065469742,-74.33395793212547,-74.33395793212547
2334.5700654697416,-74.33399595170182,-74.33399595170182
2334.580065469742,-74.33403182514253,-74.33403182514253
2334.5900654697416,-74.3340657586257,-74.3340657586257
2334.600065469742,-74.33409795387729,-74.33409795387729
2334.610065469742,-74.33412860775951,-74.33412860775951
2334.620065469742,-74.33415791222727,-74.33415791222727
2334.630065469742,-74.33418605446032,-74.33418605446032
2334.640065469742,-74.33421321717684,-74.33421321717684
2334.650065469742,-74.33423957889505,-74.33423957889505
2334.6600654697418,-74.33426531428354,-74.33426531428354
2334.670065469742,-74.33429059443857,-74.33429059443857
2334.6800654697417,-74.33431558719846,-74.33431558719846
2334.690065469742,-74.33434045734768,-74.33434045734768
2334.7000654697417,-74.33436536688734,-74.33436536688734
2334.710065469742,-74.33439047519714,-74.33439047519714
2334.7200654697417,-74.33441593919815,-74.33441593919815
2334.730065469742,-74.33444191352088,-74.33444191352088
2334.7400654697417,-74.33446855061246,-74.33446855061246
2334.750065469742,-74.33449600082497,-74.33449600082497
2334.7600654697417,-74.33452441253225,-74.33452441253225
2334.770065469742,-74.33455393216903,-74.33455393216903
2334.7800654697417,-74.33458470431839,-74.33458470431839
2334.790065469742,-74.33461687174416,-74.33461687174416
2334.8000654697416,-74.33465057543872,-74.33465057543872
2334.810065469742,-74.33468595465699,-74.33468595465699
2334.8200654697416,-74.33472314694878,-74.33472314694878
2334.830065469742,-74.33476228818218,-74.33476228818218
2334.8400654697416,-74.33480351254546,-74.33480351254546
2334.850065469742,-74.33484695258332,-74.33484695258332
2334.860065469742,-74.3348927391987,-74.3348927391987
2334.870065469742,-74.33494100167457,-74.33494100167457
2334.880065469742,-74.33499186766309,-74.33499186766309
2334.890065469742,-74.33504546320924,-74.33504546320924
2334.900065469742,-74.3351019127475,-74.3351019127475
2334.9100654697418,-74.33516133910538,-74.33516133910538
2334.920065469742,-74.3352238635175,-74.3352238635175
2334.9300654697417,-74.33528960562798,-74.33528960562798
2334.940065469742,-74.33535868348082,-74.33535868348082
2334.9500654935837,-74.33543121371316,-74.33543121371316
2334.960065493584,-74.33550083074586,-74.33550083074586
2334.9700654935837,-74.3355648131104,-74.3355648131104
2334.980065493584,-74.33562189432394,-74.33562189432394
2334.9900654935836,-74.33567148053467,-74.33567148053467
2335.000065493584,-74.33571335194179,-74.33571335194179
2335.0100654935836,-74.33574750771585,-74.33574750771585
2335.020065493584,-74.33577407505372,-74.33577407505372
2335.0300654935836,-74.33579325460428,-74.33579325460428
2335.040065493584,-74.33580528757105,-74.33580528757105
2335.0500654935836,-74.33581043602636,-74.33581043602636
2335.060065493584,-74.3358089711714,-74.3358089711714
2335.0700654935836,-74.33580116642865,-74.33580116642865
2335.080065493584,-74.33578729348098,-74.33578729348098
2335.0900654935836,-74.33576762013115,-74.33576762013115
2335.1000654935838,-74.33574240921762,-74.33574240921762
2335.1100654935835,-74.33571191818831,-74.33571191818831
2335.1200654935838,-74.33567639903852,-74.33567639903852
2335.1300654935835,-74.33563609849556,-74.33563609849556
2335.1400654935837,-74.33559125823125,-74.33559125823125
2335.1500654935835,-74.3355421152024,-74.3355421152024
2335.1600654935837,-74.33548890195244,-74.33548890195244
2335.1700654935835,-74.33543184690866,-74.33543184690866
2335.1800654935837,-74.33537117465039,-74.33537117465039
2335.1900654935835,-74.33530710617887,-74.33530710617887
2335.2000654935837,-74.33523985910426,-74.33523985910426
2335.210065493584,-74.33516964786733,-74.33516964786733
2335.2200654935837,-74.33509668388734,-74.33509668388734
2335.230065493584,-74.33502117570255,-74.33502117570255
2335.2400654935836,-74.33494332909206,-74.33494332909206
2335.250065493584,-74.33486334718063,-74.33486334718063
2335.2600654935836,-74.33478143051563,-74.33478143051563
2335.270065493584,-74.33469777715467,-74.33469777715467
2335.2800654935836,-74.33461258270312,-74.33461258270312
2335.290065493584,-74.33452604039728,-74.33452604039728
2335.3000654935836,-74.33443834109994,-74.33443834109994
2335.310065493584,-74.33434967338381,-74.33434967338381
2335.3200654935836,-74.33426022353478,-74.33426022353478
2335.330065493584,-74.33417017557939,-74.33417017557939
2335.3400654935836,-74.33407971131109,-74.33407971131109
2335.3500654935838,-74.33398901029597,-74.33398901029597
2335.3600654935835,-74.33389824991005,-74.33389824991005
2335.3700654935838,-74.33380760532417,-74.33380760532417
2335.3800654935835,-74.3337172495432,-74.3337172495432
2335.3900654935837,-74.33362735338535,-74.33362735338535
2335.4000654935835,-74.3335380855185,-74.3335380855185
2335.4100654935837,-74.33344961245108,-74.33344961245108
2335.4200654935835,-74.33336209854606,-74.33336209854606
2335.4300654935837,-74.33327570602563,-74.33327570602563
2335.4400654935835,-74.33319059497988,-74.33319059497988
2335.4500654935837,-74.33310692337257,-74.33310692337257
2335.460065493584,-74.33302484705007,-74.33302484705007
2335.4700654935837,-74.3329445197482,-74.3329445197482
2335.480065493584,-74.33286609308706,-74.33286609308706
2335.4900654935836,-74.33278971659762,-74.33278971659762
2335.500065493584,-74.33271553772413,-74.33271553772413
2335.5100654935836,-74.33264370182563,-74.33264370182563
2335.520065493584,-74.33257435218692,-74.33257435218692
2335.5300654935836,-74.3325076300307,-74.3325076300307
2335.540065493584,-74.33244367453509,-74.33244367453509
2335.5500654935836,-74.33238262281735,-74.33238262281735
2335.560065493584,-74.33232460996568,-74.33232460996568
2335.5700654935836,-74.33226976904861,-74.33226976904861
2335.580065493584,-74.3322182311186,-74.3322182311186
2335.5900654935836,-74.33217012523846,-74.33217012523846
2335.6000654935838,-74.33212557846143,-74.33212557846143
2335.6100654935835,-74.33208471588317,-74.33208471588317
2335.6200654935838,-74.33204766061368,-74.33204766061368
2335.6300654935835,-74.3320145338394,-74.3320145338394
2335.6400654935837,-74.33198545478959,-74.33198545478959
2335.6500654935835,-74.33196054077402,-74.33196054077402
2335.6600654935837,-74.33193990719022,-74.33193990719022
2335.6700654935835,-74.3319236675429,-74.3319236675429
2335.6800654935837,-74.33191193345061,-74.33191193345061
2335.6900654935835,-74.33190481468016,-74.33190481468016
2335.7000654935837,-74.33190241913015,-74.33190241913015
2335.710065493584,-74.33190485285995,-74.33190485285995
2335.7200654935837,-74.3319122201357,-74.3319122201357
2335.730065493584,-74.33192462338744,-74.33192462338744
2335.7400654935836,-74.33194216327617,-74.33194216327617
2335.750065493584,-74.3319649386798,-74.3319649386798
2335.7600654935836,-74.33199304673862,-74.33199304673862
2335.770065493584,-74.33202658282795,-74.33202658282795
2335.7800654935836,-74.33206564061224,-74.33206564061224
2335.790065493584,-74.33211031205454,-74.33211031205454
2335.8000655174255,-74.33216068753848,-74.33216068753848
2335.8100655174258,-74.33221685544534,-74.33221685544534
2335.8200655174255,-74.33227890280804,-74.33227890280804
2335.8300655174257,-74.33234691493003,-74.33234691493003
2335.8400655174255,-74.33242097549261,-74.33242097549261
2335.8500655174257,-74.33250116656865,-74.33250116656865
2335.8600655174255,-74.33258756866017,-74.33258756866017
2335.8700655174257,-74.33268026066902,-74.33268026066902
2335.8800655174255,-74.33277931997502,-74.33277931997502
2335.8900655174257,-74.33288482239492,-74.33288482239492
2335.9000655174254,-74.33299684225618,-74.33299684225618
2335.9100655174257,-74.33311545236604,-74.33311545236604
2335.9200655174254,-74.33324072404744,-74.33324072404744
2335.9300655174256,-74.3333727271703,-74.3333727271703
2335.9400655174254,-74.33351153014486,-74.33351153014486
2335.9500655174256,-74.3336571999558,-74.3336571999558
2335.9600655174254,-74.33380332196273,-74.33380332196273
2335.9700655174256,-74.33394712513342,-74.33394712513342
2335.9800655174254,-74.33408729378525,-74.33408729378525
2335.9900655174256,-74.33422318503749,-74.33422318503749
2336.0000655174254,-74.33435453028606,-74.33435453028606
2336.0100655174256,-74.33448128010122,-74.33448128010122
2336.0200655174253,-74.33460351335391,-74.33460351335391
2336.0300655174256,-74.33472138259054,-74.33472138259054
2336.0400655174253,-74.33483508120166,-74.33483508120166
2336.0500655174255,-74.3349448237226,-74.3349448237226
2336.0600655174258,-74.33505083410823,-74.33505083410823
2336.0700655174255,-74.33515333884384,-74.33515333884384
2336.0800655174257,-74.33525256298493,-74.33525256298493
2336.0900655174255,-74.33534872803145,-74.33534872803145
2336.1000655174257,-74.33544205086127,-74.33544205086127
2336.1100655174255,-74.33553274329034,-74.33553274329034
2336.1200655174257,-74.33562101204528,-74.33562101204528
2336.1300655174255,-74.33570705891108,-74.33570705891108
2336.1400655174257,-74.33579108101763,-74.33579108101763
2336.1500655174254,-74.33587327112824,-74.33587327112824
2336.1600655174257,-74.33595381797959,-74.33595381797959
2336.1700655174254,-74.33603290656222,-74.33603290656222
2336.1800655174256,-74.33611071842206,-74.33611071842206
2336.1900655174254,-74.33618743189454,-74.33618743189454
2336.2000655174256,-74.33626322234802,-74.33626322234802
2336.2100655174254,-74.33633178218066,-74.33633178218066
2336.2200655174256,-74.33639044633327,-74.33639044633327
2336.2300655174254,-74.33643800408073,-74.33643800408073
2336.2400655174256,-74.33647391657206,-74.33647391657206
2336.2500655174254,-74.33649801834265,-74.33649801834265
2336.2600655174256,-74.33651036232818,-74.33651036232818
2336.2700655174253,-74.33651112900682,-74.33651112900682
2336.2800655174256,-74.33650057184688,-74.33650057184688
2336.2900655174253,-74.33647898451417,-74.33647898451417
2336.3000655174255,-74.33644668116881,-74.33644668116881
2336.3100655174258,-74.33640398476821,-74.33640398476821
2336.3200655174255,-74.33635122020657,-74.33635122020657
2336.3300655174257,-74.33628871034244,-74.33628871034244
2336.3400655174255,-74.33621677389414,-74.33621677389414
2336.3500655174257,-74.33613572434844,-74.33613572434844
2336.3600655174255,-74.33604586954391,-74.33604586954391
2336.3700655174257,-74.33594751161566,-74.33594751161566
2336.3800655174255,-74.33584094715792,-74.33584094715792
2336.3900655174257,-74.33572646746711,-74.33572646746711
2336.4000655174254,-74.33560435886766,-74.33560435886766
2336.4100655174257,-74.33547490300214,-74.33547490300214
2336.4200655174254,-74.33533837712699,-74.33533837712699
2336.4300655174256,-74.33519505438662,-74.33519505438662
2336.4400655174254,-74.33504520404882,-74.33504520404882
2336.4500655174256,-74.33488909172819,-74.33488909172819
2336.4600655174254,-74.33472697955366,-74.33472697955366
2336.4700655174256,-74.33455912633752,-74.33455912633752
2336.4800655174254,-74.33438578772093,-74.33438578772093
2336.4900655174256,-74.33420721625296,-74.33420721625296
2336.5000655174254,-74.33402366151707,-74.33402366151707
2336.5100655174256,-74.33383537019265,-74.33383537019265
2336.5200655174253,-74.33364258612875,-74.33364258612875
2336.5300655174256,-74.33344555038644,-74.33344555038644
2336.5400655174253,-74.33324450129368,-74.33324450129368
2336.5500655174255,-74.33303967449251,-74.33303967449251
2336.5600655174258,-74.33283130294713,-74.33283130294713
2336.5700655174255,-74.33261961696815,-74.33261961696815
2336.5800655174257,-74.33240484425188,-74.33240484425188
2336.5900655174255,-74.33218720989026,-74.33218720989026
2336.6000655174257,-74.33196693636395,-74.33196693636395
2336.6100655174255,-74.33174424357541,-74.33174424357541
2336.6200655174257,-74.3315193488506,-74.3315193488506
2336.6300655174255,-74.33129246694791,-74.33129246694791
2336.6400655174257,-74.33106381005595,-74.33106381005595
2336.6500655412674,-74.33083358726641,-74.33083358726641
2336.6600655412676,-74.3306020067571,-74.3306020067571
2336.6700655412674,-74.33036927251517,-74.33036927251517
2336.6800655412676,-74.3301355865392,-74.3301355865392
2336.6900655412674,-74.32990114829924,-74.32990114829924
2336.7000655412676,-74.32966615470683,-74.32966615470683
2336.7100655412673,-74.32943080017102,-74.32943080017102
2336.7200655412676,-74.32919527657076,-74.32919527657076
2336.7300655412673,-74.32895977327927,-74.32895977327927
2336.7400655412675,-74.32872447716043,-74.32872447716043
2336.7500655412673,-74.32848957256905,-74.32848957256905
2336.7600655412675,-74.32825524138548,-74.32825524138548
2336.7700655412673,-74.32802166299844,-74.32802166299844
2336.7800655412675,-74.3277890143296,-74.3277890143296
2336.7900655412673,-74.32755746982969,-74.32755746982969
2336.8000655412675,-74.32732720151078,-74.32732720151078
2336.8100655412672,-74.32709837893786,-74.32709837893786
2336.8200655412675,-74.3268711692377,-74.3268711692377
2336.8300655412672,-74.32664573712626,-74.32664573712626
2336.8400655412674,-74.32642224491909,-74.32642224491909
2336.850065541267,-74.32620085254113,-74.32620085254113
2336.8600655412674,-74.32598171753615,-74.32598171753615
2336.870065541267,-74.32576499509007,-74.32576499509007
2336.8800655412674,-74.3255508380344,-74.3255508380344
2336.890065541267,-74.32533939686874,-74.32533939686874
2336.9000655412674,-74.32513081978684,-74.32513081978684
2336.9100655412676,-74.32492525266025,-74.32492525266025
2336.9200655412674,-74.32472283910296,-74.32472283910296
2336.9300655412676,-74.3245237204497,-74.3245237204497
2336.9400655412674,-74.32432803579299,-74.32432803579299
2336.9500655412676,-74.3241359219788,-74.3241359219788
2336.9600655412673,-74.32394103544772,-74.32394103544772
2336.9700655412676,-74.32374067506568,-74.32374067506568
2336.9800655412673,-74.32353359406142,-74.32353359406142
2336.9900655412675,-74.32331921756347,-74.32331921756347
2337.0000655412673,-74.3230973440998,-74.3230973440998
2337.0100655412675,-74.32286799054324,-74.32286799054324
2337.0200655412673,-74.32263130121612,-74.32263130121612
2337.0300655412675,-74.32238749331168,-74.32238749331168
2337.0400655412673,-74.32213682404644,-74.32213682404644
2337.0500655412675,-74.32187957097268,-74.32187957097268
2337.0600655412672,-74.32161602024708,-74.32161602024708
2337.0700655412675,-74.32134645975123,-74.32134645975123
2337.0800655412672,-74.32107117515227,-74.32107117515227
2337.0900655412674,-74.32079044776512,-74.32079044776512
2337.100065541267,-74.32050455348593,-74.32050455348593
2337.1100655412674,-74.32021376238049,-74.32021376238049
2337.120065541267,-74.31991833866614,-74.31991833866614
2337.1300655412674,-74.31961854082948,-74.31961854082948
2337.140065541267,-74.3193146219493,-74.3193146219493
2337.1500655412674,-74.3190068299798,-74.3190068299798
2337.1600655412676,-74.31869540809917,-74.31869540809917
2337.1700655412674,-74.31838059500443,-74.31838059500443
2337.1800655412676,-74.31806262520406,-74.31806262520406
2337.1900655412674,-74.31774172927847,-74.31774172927847
2337.2000655412676,-74.31741813410645,-74.31741813410645
2337.2100655412673,-74.31709206307225,-74.31709206307225
2337.2200655412676,-74.31676373622567,-74.31676373622567
2337.2300655412673,-74.31643337045696,-74.31643337045696
2337.2400655412675,-74.31610117960524,-74.31610117960524
2337.2500655412673,-74.31576737456443,-74.31576737456443
2337.2600655412675,-74.31543216341247,-74.31543216341247
2337.2700655412673,-74.31509575145071,-74.31509575145071
2337.2800655412675,-74.31475834129047,-74.31475834129047
2337.2900655412673,-74.31442013292668,-74.31442013292668
2337.3000655412675,-74.3140813237522,-74.3140813237522
2337.3100655412672,-74.31374210864176,-74.31374210864176
2337.3200655412675,-74.3134026799514,-74.3134026799514
2337.3300655412672,-74.31306322758797,-74.31306322758797
2337.3400655412674,-74.31272393899702,-74.31272393899702
2337.350065541267,-74.31238499921236,-74.31238499921236
2337.3600655412674,-74.31204659087243,-74.31204659087243
2337.370065541267,-74.31170889423966,-74.31170889423966
2337.3800655412674,-74.31137208720658,-74.31137208720658
2337.390065541267,-74.31103634533322,-74.31103634533322
2337.4000655412674,-74.3107018418374,-74.3107018418374
2337.4100655412676,-74.3103687476184,-74.3103687476184
2337.4200655412674,-74.31003723127823,-74.31003723127823
2337.4300655412676,-74.30970745912093,-74.30970745912093
2337.4400655412674,-74.30937959516218,-74.30937959516218
2337.4500655412676,-74.30905380116731,-74.30905380116731
2337.4600655412673,-74.30873023662508,-74.30873023662508
2337.4700655412676,-74.3084090587731,-74.3084090587731
2337.4800655412673,-74.30809042263594,-74.30809042263594
2337.4900655412675,-74.3077744809811,-74.3077744809811
2337.5000655651093,-74.3074613836558,-74.3074613836558
2337.5100655651095,-74.30715128052599,-74.30715128052599
2337.5200655651092,-74.30684431701857,-74.30684431701857
2337.5300655651095,-74.3065406371495,-74.3065406371495
2337.540065565109,-74.30624038276845,-74.30624038276845
2337.5500655651094,-74.30594369357509,-74.30594369357509
2337.560065565109,-74.30565070713295,-74.30565070713295
2337.5700655651094,-74.30536155887631,-74.30536155887631
2337.580065565109,-74.30507638214789,-74.30507638214789
2337.5900655651094,-74.30479530817796,-74.30479530817796
2337.600065565109,-74.30451846613542,-74.30451846613542
2337.6100655651094,-74.30424598311018,-74.30424598311018
2337.620065565109,-74.30397798415724,-74.30397798415724
2337.6300655651094,-74.30371459228475,-74.30371459228475
2337.640065565109,-74.30345592849676,-74.30345592849676
2337.6500655651093,-74.30320211178585,-74.30320211178585
2337.660065565109,-74.30295325916698,-74.30295325916698
2337.6700655651093,-74.3027094856765,-74.3027094856765
2337.680065565109,-74.30247090441406,-74.30247090441406
2337.6900655651093,-74.30223762652994,-74.30223762652994
2337.700065565109,-74.30200976126771,-74.30200976126771
2337.7100655651093,-74.30178741596646,-74.30178741596646
2337.720065565109,-74.3015706960825,-74.3015706960825
2337.7300655651093,-74.30135970520291,-74.30135970520291
2337.740065565109,-74.30115454507296,-74.30115454507296
2337.7500655651093,-74.30095531560023,-74.30095531560023
2337.7600655651095,-74.30076211489447,-74.30076211489447
2337.7700655651092,-74.30057503926311,-74.30057503926311
2337.7800655651095,-74.30039418323335,-74.30039418323335
2337.790065565109,-74.30021963958018,-74.30021963958018
2337.8000655651094,-74.30005149933685,-74.30005149933685
2337.810065565109,-74.2998898518242,-74.2998898518242
2337.8200655651094,-74.29973478465128,-74.29973478465128
2337.830065565109,-74.29958638374741,-74.29958638374741
2337.8400655651094,-74.29944473336543,-74.29944473336543
2337.850065565109,-74.29930991613396,-74.29930991613396
2337.8600655651094,-74.29918201302063,-74.29918201302063
2337.870065565109,-74.29906110341454,-74.29906110341454
2337.8800655651094,-74.29894726508623,-74.29894726508623
2337.890065565109,-74.29884057424808,-74.29884057424808
2337.9000655651093,-74.29874110554914,-74.29874110554914
2337.910065565109,-74.2986489320998,-74.2986489320998
2337.9200655651093,-74.29856412550313,-74.29856412550313
2337.930065565109,-74.29848675584378,-74.29848675584378
2337.9400655651093,-74.29841689172817,-74.29841689172817
2337.950065565109,-74.29835460030496,-74.29835460030496
2337.9600655651093,-74.29829994726637,-74.29829994726637
2337.970065565109,-74.29825299688062,-74.29825299688062
2337.9800655651093,-74.2982138119936,-74.2982138119936
2337.990065565109,-74.29818245406798,-74.29818245406798
2338.0000655651093,-74.29815898318584,-74.29815898318584
2338.0100655651095,-74.298143458076,-74.298143458076
2338.0200655651092,-74.29813593611567,-74.29813593611567
2338.0300655651095,-74.29813647334517,-74.29813647334517
2338.040065565109,-74.29814512452505,-74.29814512452505
2338.0500655651094,-74.29816194310644,-74.29816194310644
2338.060065565109,-74.29818698127127,-74.29818698127127
2338.0700655651094,-74.29822028993254,-74.29822028993254
2338.080065565109,-74.29826191878234,-74.29826191878234
2338.0900655651094,-74.29831191627595,-74.29831191627595
2338.100065565109,-74.29837032965996,-74.29837032965996
2338.1100655651094,-74.29843720498567,-74.29843720498567
2338.120065565109,-74.29851258713211,-74.29851258713211
2338.1300655651094,-74.298596519833,-74.298596519833
2338.140065565109,-74.29868904565573,-74.29868904565573
2338.1500655651093,-74.29879020603893,-74.29879020603893
2338.160065565109,-74.29890004132083,-74.29890004132083
2338.1700655651093,-74.29901859073577,-74.29901859073577
2338.180065565109,-74.29914589243575,-74.29914589243575
2338.1900655651093,-74.29928198350356,-74.29928198350356
2338.200065565109,-74.29942689996942,-74.29942689996942
2338.2100655651093,-74.2995806768155,-74.2995806768155
2338.220065565109,-74.29974334802107,-74.29974334802107
2338.2300655651093,-74.29991494654006,-74.29991494654006
2338.240065565109,-74.300095504338,-74.300095504338
2338.2500655651093,-74.30028505240068,-74.30028505240068
2338.2600655651095,-74.30048362072665,-74.30048362072665
2338.2700655651092,-74.30069123838881,-74.30069123838881
2338.2800655651095,-74.30090793351212,-74.30090793351212
2338.290065565109,-74.30113373328358,-74.30113373328358
2338.3000655651094,-74.30136866399671,-74.30136866399671
2338.310065565109,-74.30161275102785,-74.30161275102785
2338.3200655651094,-74.30186601886824,-74.30186601886824
2338.330065565109,-74.30212849115651,-74.30212849115651
2338.3400655651094,-74.30240019064732,-74.30240019064732
2338.350065588951,-74.3026811399257,-74.3026811399257
2338.3600655889513,-74.30297135876287,-74.30297135876287
2338.370065588951,-74.30327086804577,-74.30327086804577
2338.3800655889513,-74.30357968722083,-74.30357968722083
2338.390065588951,-74.30389783493877,-74.30389783493877
2338.4000655889513,-74.30422532905325,-74.30422532905325
2338.410065588951,-74.30456218665054,-74.30456218665054
2338.4200655889513,-74.30490842405212,-74.30490842405212
2338.430065588951,-74.3052640568221,-74.3052640568221
2338.4400655889513,-74.30562909978016,-74.30562909978016
2338.450065588951,-74.3060035670366,-74.3060035670366
2338.4600655889512,-74.30638099349466,-74.30638099349466
2338.470065588951,-74.30675855705763,-74.30675855705763
2338.480065588951,-74.30713489113187,-74.30713489113187
2338.490065588951,-74.30750930241693,-74.30750930241693
2338.500065588951,-74.30788147239541,-74.30788147239541
2338.510065588951,-74.3082513023515,-74.3082513023515
2338.520065588951,-74.30861882245978,-74.30861882245978
2338.530065588951,-74.30898413723247,-74.30898413723247
2338.540065588951,-74.30934739264244,-74.30934739264244
2338.550065588951,-74.30970875645812,-74.30970875645812
2338.560065588951,-74.31006840649032,-74.31006840649032
2338.570065588951,-74.31042652370834,-74.31042652370834
2338.580065588951,-74.31078328828704,-74.31078328828704
2338.590065588951,-74.31113887746294,-74.31113887746294
2338.600065588951,-74.31149346445646,-74.31149346445646
2338.6100655889513,-74.31184721805093,-74.31184721805093
2338.620065588951,-74.3122003025265,-74.3122003025265
2338.6300655889513,-74.31255287784259,-74.31255287784259
2338.640065588951,-74.31290509987114,-74.31290509987114
2338.6500655889513,-74.31325712070912,-74.31325712070912
2338.660065588951,-74.31360908899599,-74.31360908899599
2338.6700655889513,-74.31396115020344,-74.31396115020344
2338.680065588951,-74.31431344692726,-74.31431344692726
2338.6900655889513,-74.31466611910298,-74.31466611910298
2338.700065588951,-74.31501930425743,-74.31501930425743
2338.7100655889512,-74.31537313766854,-74.31537313766854
2338.720065588951,-74.31572775253427,-74.31572775253427
2338.730065588951,-74.31608328012666,-74.31608328012666
2338.740065588951,-74.31643984989971,-74.31643984989971
2338.750065588951,-74.31679758955555,-74.31679758955555
2338.760065588951,-74.31715662517978,-74.31715662517978
2338.770065588951,-74.31751708127113,-74.31751708127113
2338.780065588951,-74.31787908080658,-74.31787908080658
2338.790065588951,-74.31824274529816,-74.31824274529816
2338.800065588951,-74.31860819481672,-74.31860819481672
2338.810065588951,-74.31897554802572,-74.31897554802572
2338.820065588951,-74.31934492220996,-74.31934492220996
2338.830065588951,-74.31971643328122,-74.31971643328122
2338.840065588951,-74.32009019581363,-74.32009019581363
2338.850065588951,-74.32046632304056,-74.32046632304056
2338.8600655889513,-74.32084492686856,-74.32084492686856
2338.870065588951,-74.32122611787887,-74.32122611787887
2338.8800655889513,-74.32161000533144,-74.32161000533144
2338.890065588951,-74.32199669717788,-74.32199669717788
2338.9000655889513,-74.32238630004859,-74.32238630004859
2338.910065588951,-74.32277891926765,-74.32277891926765
2338.9200655889513,-74.32317465884839,-74.32317465884839
2338.930065588951,-74.32357362148448,-74.32357362148448
2338.9400655889513,-74.32397590855713,-74.32397590855713
2338.950065588951,-74.32438162014954,-74.32438162014954
2338.9600655889512,-74.32479085501019,-74.32479085501019
2338.970065588951,-74.32520371058939,-74.32520371058939
2338.980065588951,-74.32562028300681,-74.32562028300681
2338.990065588951,-74.32604066708825,-74.32604066708825
2339.000065588951,-74.32646495633156,-74.32646495633156
2339.010065588951,-74.3268932429254,-74.3268932429254
2339.020065588951,-74.32732561773261,-74.32732561773261
2339.030065588951,-74.32776217031505,-74.32776217031505
2339.040065588951,-74.32820298893397,-74.32820298893397
2339.050065588951,-74.32864816051794,-74.32864816051794
2339.060065588951,-74.32909777071723,-74.32909777071723
2339.070065588951,-74.32955190385597,-74.32955190385597
2339.080065588951,-74.33001064297025,-74.33001064297025
2339.090065588951,-74.33047406979328,-74.33047406979328
2339.100065588951,-74.33094226476874,-74.33094226476874
2339.1100655889513,-74.33141530705392,-74.33141530705392
2339.120065588951,-74.33189327451714,-74.33189327451714
2339.1300655889513,-74.3323762437583,-74.3323762437583
2339.140065588951,-74.33286429010327,-74.33286429010327
2339.1500655889513,-74.33335748759822,-74.33335748759822
2339.160065588951,-74.33385590903715,-74.33385590903715
2339.1700655889513,-74.33435962595905,-74.33435962595905
2339.180065588951,-74.33486870866237,-74.33486870866237
2339.1900655889513,-74.3353832262038,-74.3353832262038
2339.200065612793,-74.33590324764265,-74.33590324764265
2339.210065612793,-74.33642883711339,-74.33642883711339
2339.220065612793,-74.33696006121897,-74.33696006121897
2339.230065612793,-74.3374969841222,-74.3374969841222
2339.240065612793,-74.33803966881202,-74.33803966881202
2339.250065612793,-74.33858817706519,-74.33858817706519
2339.260065612793,-74.33914256947493,-74.33914256947493
2339.270065612793,-74.33970290547725,-74.33970290547725
2339.280065612793,-74.3402692433345,-74.3402692433345
2339.290065612793,-74.34084164015664,-74.34084164015664
2339.300065612793,-74.34142015190838,-74.34142015190838
2339.310065612793,-74.34200483342292,-74.34200483342292
2339.320065612793,-74.34259573840687,-74.34259573840687
2339.330065612793,-74.34319291945776,-74.34319291945776
2339.340065612793,-74.34379642806061,-74.34379642806061
2339.350065612793,-74.34440631461915,-74.34440631461915
2339.360065612793,-74.34502262843728,-74.34502262843728
2339.370065612793,-74.34564541775842,-74.34564541775842
2339.380065612793,-74.34627472976945,-74.34627472976945
2339.390065612793,-74.34691061058705,-74.34691061058705
2339.400065612793,-74.34755310530502,-74.34755310530502
2339.410065612793,-74.34820225796922,-74.34820225796922
2339.4200656127928,-74.3488581116375,-74.3488581116375
2339.430065612793,-74.34952070832021,-74.34952070832021
2339.4400656127928,-74.35019008906711,-74.35019008906711
2339.450065612793,-74.35086629391532,-74.35086629391532
2339.460065612793,-74.35154936193689,-74.35154936193689
2339.470065612793,-74.35223933124084,-74.35223933124084
2339.480065612793,-74.35293623897881,-74.35293623897881
2339.490065612793,-74.35364012136708,-74.35364012136708
2339.500065612793,-74.35435101368094,-74.35435101368094
2339.510065612793,-74.35506895028459,-74.35506895028459
2339.520065612793,-74.355793964626,-74.355793964626
2339.530065612793,-74.35652608925446,-74.35652608925446
2339.540065612793,-74.35726535583954,-74.35726535583954
2339.550065612793,-74.35801179515978,-74.35801179515978
2339.560065612793,-74.35876543713829,-74.35876543713829
2339.570065612793,-74.35952631084471,-74.35952631084471
2339.580065612793,-74.3602944444884,-74.3602944444884
2339.590065612793,-74.36106986546523,-74.36106986546523
2339.600065612793,-74.36185260033957,-74.36185260033957
2339.610065612793,-74.36264267485282,-74.36264267485282
2339.620065612793,-74.36344011395872,-74.36344011395872
2339.630065612793,-74.36424494180588,-74.36424494180588
2339.640065612793,-74.36505718177287,-74.36505718177287
2339.650065612793,-74.36587685646407,-74.36587685646407
2339.660065612793,-74.36670398771807,-74.36670398771807
2339.6700656127928,-74.36753859661611,-74.36753859661611
2339.680065612793,-74.36838070351763,-74.36838070351763
2339.6900656127928,-74.36923032803718,-74.36923032803718
2339.700065612793,-74.3700874890735,-74.3700874890735
2339.710065612793,-74.37095220480508,-74.37095220480508
2339.720065612793,-74.37182449272636,-74.37182449272636
2339.730065612793,-74.37270436963146,-74.37270436963146
2339.740065612793,-74.37359185162582,-74.37359185162582
2339.750065612793,-74.37448695414622,-74.37448695414622
2339.760065612793,-74.37538969197831,-74.37538969197831
2339.770065612793,-74.37630007923678,-74.37630007923678
2339.780065612793,-74.37721812939864,-74.37721812939864
2339.790065612793,-74.37814385530568,-74.37814385530568
2339.800065612793,-74.37907726918286,-74.37907726918286
2339.810065612793,-74.38001838262133,-74.38001838262133
2339.820065612793,-74.38096720662158,-74.38096720662158
2339.830065612793,-74.38192375157338,-74.38192375157338
2339.840065612793,-74.38288802726663,-74.38288802726663
2339.850065612793,-74.38386004293785,-74.38386004293785
2339.860065612793,-74.38483980722653,-74.38483980722653
2339.870065612793,-74.38582732821423,-74.38582732821423
2339.880065612793,-74.38682261342944,-74.38682261342944
2339.890065612793,-74.38782566984453,-74.38782566984453
2339.900065612793,-74.38883650390251,-74.38883650390251
2339.910065612793,-74.38985512151004,-74.38985512151004
2339.9200656127928,-74.39088152804634,-74.39088152804634
2339.930065612793,-74.39191572837693,-74.39191572837693
2339.9400656127928,-74.39295772686758,-74.39295772686758
2339.950065612793,-74.39400752736869,-74.39400752736869
2339.960065612793,-74.39506513325013,-74.39506513325013
2339.970065612793,-74.39613054739061,-74.39613054739061
2339.980065612793,-74.39720377219439,-74.39720377219439
2339.990065612793,-74.39828480959709,-74.39828480959709
2340.000065612793,-74.39937366106304,-74.39937366106304
2340.010065612793,-74.40047032761906,-74.40047032761906
2340.020065612793,-74.40157480982663,-74.40157480982663
2340.030065612793,-74.40268710781709,-74.40268710781709
2340.040065612793,-74.40380722127354,-74.40380722127354
2340.050065636635,-74.4049351521529,-74.4049351521529
2340.060065636635,-74.40607089395237,-74.40607089395237
2340.070065636635,-74.40721444775181,-74.40721444775181
2340.080065636635,-74.40836581157676,-74.40836581157676
2340.090065636635,-74.4095249830599,-74.4095249830599
2340.100065636635,-74.41069195942286,-74.41069195942286
2340.1100656366348,-74.41186673750364,-74.41186673750364
2340.120065636635,-74.41304931376827,-74.41304931376827
2340.1300656366348,-74.4142396842975,-74.4142396842975
2340.140065636635,-74.41543784480115,-74.41543784480115
2340.1500656366347,-74.41664379063488,-74.41664379063488
2340.160065636635,-74.41785751678867,-74.41785751678867
2340.1700656366347,-74.41907901791265,-74.41907901791265
2340.180065636635,-74.42030828829786,-74.42030828829786
2340.1900656366347,-74.42154532190754,-74.42154532190754
2340.200065636635,-74.42279011236552,-74.42279011236552
2340.2100656366347,-74.42404265296065,-74.42404265296065
2340.220065636635,-74.42530293667183,-74.42530293667183
2340.2300656366347,-74.42657095614881,-74.42657095614881
2340.240065636635,-74.42784670375215,-74.42784670375215
2340.2500656366346,-74.42913017150224,-74.42913017150224
2340.260065636635,-74.43042135113872,-74.43042135113872
2340.2700656366346,-74.43172023411027,-74.43172023411027
2340.280065636635,-74.43302681155,-74.43302681155
2340.2900656366346,-74.43434107433437,-74.43434107433437
2340.300065636635,-74.43566301303339,-74.43566301303339
2340.310065636635,-74.43699261796509,-74.43699261796509
2340.320065636635,-74.4383298791504,-74.4383298791504
2340.330065636635,-74.43967478637482,-74.43967478637482
2340.340065636635,-74.44102732912748,-74.44102732912748
2340.350065636635,-74.44238749666368,-74.44238749666368
2340.3600656366348,-74.44375527797519,-74.44375527797519
2340.370065636635,-74.44513066180976,-74.44513066180976
2340.3800656366348,-74.44651363668774,-74.44651363668774
2340.390065636635,-74.44790419084947,-74.44790419084947
2340.4000656366347,-74.44930231233397,-74.44930231233397
2340.410065636635,-74.45070798894433,-74.45070798894433
2340.4200656366347,-74.45212120825052,-74.45212120825052
2340.430065636635,-74.45354195760062,-74.45354195760062
2340.4400656366347,-74.45497022412557,-74.45497022412557
2340.450065636635,-74.45640599474393,-74.45640599474393
2340.4600656366347,-74.45784925617131,-74.45784925617131
2340.470065636635,-74.45929999489621,-74.45929999489621
2340.4800656366347,-74.46075819722554,-74.46075819722554
2340.490065636635,-74.46222384924984,-74.46222384924984
2340.5000656366346,-74.4636969368844,-74.4636969368844
2340.510065636635,-74.46517744583285,-74.46517744583285
2340.5200656366346,-74.46666536162904,-74.46666536162904
2340.530065636635,-74.46816066961547,-74.46816066961547
2340.5400656366346,-74.46966335495415,-74.46966335495415
2340.550065636635,-74.47117340261933,-74.47117340261933
2340.560065636635,-74.47269079743258,-74.47269079743258
2340.570065636635,-74.47421552403387,-74.47421552403387
2340.580065636635,-74.47574756689374,-74.47574756689374
2340.590065636635,-74.47728691033045,-74.47728691033045
2340.600065636635,-74.47883353848403,-74.47883353848403
2340.6100656366348,-74.48038743536179,-74.48038743536179
2340.620065636635,-74.48194858480265,-74.48194858480265
2340.6300656366348,-74.4835169704909,-74.4835169704909
2340.640065636635,-74.4850925759689,-74.4850925759689
2340.6500656366347,-74.48667538463559,-74.48667538463559
2340.660065636635,-74.48826537974782,-74.48826537974782
2340.6700656366347,-74.48986254442264,-74.48986254442264
2340.680065636635,-74.49146686164397,-74.49146686164397
2340.6900656366347,-74.49307831425881,-74.49307831425881
2340.700065636635,-74.49469688498824,-74.49469688498824
2340.7100656366347,-74.49632255642332,-74.49632255642332
2340.720065636635,-74.49795531103675,-74.49795531103675
2340.7300656366347,-74.49959513117098,-74.49959513117098
2340.740065636635,-74.5012419990485,-74.5012419990485
2340.7500656366346,-74.5028958967864,-74.5028958967864
2340.760065636635,-74.50455680637545,-74.50455680637545
2340.7700656366346,-74.50622470970875,-74.50622470970875
2340.780065636635,-74.50789958855543,-74.50789958855543
2340.7900656366346,-74.50958142459265,-74.50958142459265
2340.800065636635,-74.51127019938068,-74.51127019938068
2340.810065636635,-74.51296589438375,-74.51296589438375
2340.820065636635,-74.51466849097456,-74.51466849097456
2340.830065636635,-74.51637797041259,-74.51637797041259
2340.840065636635,-74.51809431387807,-74.51809431387807
2340.850065636635,-74.51981750245015,-74.51981750245015
2340.8600656366348,-74.52154751712216,-74.52154751712216
2340.870065636635,-74.52328433880416,-74.52328433880416
2340.8800656366348,-74.52502794831013,-74.52502794831013
2340.890065636635,-74.5267783263686,-74.5267783263686
2340.9000656604767,-74.5285354578307,-74.5285354578307
2340.910065660477,-74.53029931492448,-74.53029931492448
2340.9200656604767,-74.53206988229945,-74.53206988229945
2340.930065660477,-74.53384714037654,-74.53384714037654
2340.9400656604766,-74.53563106950743,-74.53563106950743
2340.950065660477,-74.53742164997412,-74.53742164997412
2340.9600656604766,-74.5392188619874,-74.5392188619874
2340.970065660477,-74.54102268568381,-74.54102268568381
2340.9800656604766,-74.54283310113696,-74.54283310113696
2340.990065660477,-74.54465008836911,-74.54465008836911
2341.0000656604766,-74.54647362731869,-74.54647362731869
2341.010065660477,-74.54830369788031,-74.54830369788031
2341.0200656604766,-74.55014027988676,-74.55014027988676
2341.030065660477,-74.55198335311223,-74.55198335311223
2341.0400656604766,-74.55383289728296,-74.55383289728296
2341.050065660477,-74.5556888920546,-74.5556888920546
2341.0600656604765,-74.55755131704731,-74.55755131704731
2341.0700656604768,-74.559420151836,-74.559420151836
2341.0800656604765,-74.56129537592562,-74.56129537592562
2341.0900656604767,-74.56317696878789,-74.56317696878789
2341.1000656604765,-74.56506490985583,-74.56506490985583
2341.1100656604767,-74.56695917850651,-74.56695917850651
2341.1200656604765,-74.56885975407977,-74.56885975407977
2341.1300656604767,-74.57076661588471,-74.57076661588471
2341.1400656604765,-74.57267974317104,-74.57267974317104
2341.1500656604767,-74.57459911516479,-74.57459911516479
2341.160065660477,-74.57652471105266,-74.57652471105266
2341.1700656604767,-74.57845650999407,-74.57845650999407
2341.180065660477,-74.58039449109572,-74.58039449109572
2341.1900656604766,-74.58233863345619,-74.58233863345619
2341.200065660477,-74.58428891612839,-74.58428891612839
2341.2100656604766,-74.5862453181352,-74.5862453181352
2341.220065660477,-74.58820781847405,-74.58820781847405
2341.2300656604766,-74.59017639612911,-74.59017639612911
2341.240065660477,-74.5921510300402,-74.5921510300402
2341.2500656604766,-74.59413169912993,-74.59413169912993
2341.260065660477,-74.59611838229634,-74.59611838229634
2341.2700656604766,-74.59811105842752,-74.59811105842752
2341.280065660477,-74.60010970637188,-74.60010970637188
2341.2900656604766,-74.60211430497549,-74.60211430497549
2341.300065660477,-74.6041248330507,-74.6041248330507
2341.3100656604765,-74.60614126940943,-74.60614126940943
2341.3200656604768,-74.60816359282907,-74.60816359282907
2341.3300656604765,-74.61019178209588,-74.61019178209588
2341.3400656604767,-74.61222581595742,-74.61222581595742
2341.3500656604765,-74.61426567317281,-74.61426567317281
2341.3600656604767,-74.61631133246661,-74.61631133246661
2341.3700656604765,-74.6183627725703,-74.6183627725703
2341.3800656604767,-74.6204199721894,-74.6204199721894
2341.3900656604765,-74.62248291004106,-74.62248291004106
2341.4000656604767,-74.62455156482345,-74.62455156482345
2341.410065660477,-74.62662591522272,-74.62662591522272
2341.4200656604767,-74.62870593994082,-74.62870593994082
2341.430065660477,-74.63079161764423,-74.63079161764423
2341.4400656604766,-74.63288292702285,-74.63288292702285
2341.450065660477,-74.6349798467523,-74.6349798467523
2341.4600656604766,-74.63708235550737,-74.63708235550737
2341.470065660477,-74.63919043195769,-74.63919043195769
2341.4800656604766,-74.641304054786,-74.641304054786
2341.490065660477,-74.6434232026636,-74.6434232026636
2341.5000656604766,-74.64554785426483,-74.64554785426483
2341.510065660477,-74.64767798827475,-74.64767798827475
2341.5200656604766,-74.64981358337704,-74.64981358337704
2341.530065660477,-74.65195461825367,-74.65195461825367
2341.5400656604766,-74.65410107159701,-74.65410107159701
2341.550065660477,-74.65625292210889,-74.65625292210889
2341.5600656604765,-74.65841014849559,-74.65841014849559
2341.5700656604768,-74.6605727294665,-74.6605727294665
2341.5800656604765,-74.66274064374637,-74.66274064374637
2341.5900656604767,-74.664913870062,-74.664913870062
2341.6000656604765,-74.66709238714512,-74.66709238714512
2341.6100656604767,-74.66927617376071,-74.66927617376071
2341.6200656604765,-74.67146520866348,-74.67146520866348
2341.6300656604767,-74.67365947062223,-74.67365947062223
2341.6400656604765,-74.67585893841948,-74.67585893841948
2341.6500656604767,-74.67806359085813,-74.67806359085813
2341.660065660477,-74.68027340675779,-74.68027340675779
2341.6700656604767,-74.68248836492926,-74.68248836492926
2341.680065660477,-74.68470844422313,-74.68470844422313
2341.6900656604766,-74.68693362349602,-74.68693362349602
2341.700065660477,-74.6891638816202,-74.6891638816202
2341.7100656604766,-74.69139919748835,-74.69139919748835
2341.720065660477,-74.6936395500001,-74.6936395500001
2341.7300656604766,-74.69588491809081,-74.69588491809081
2341.740065660477,-74.6981352807005,-74.6981352807005
2341.7500656843185,-74.70039062217218,-74.70039062217218
2341.7600656843188,-74.70265091075885,-74.70265091075885
2341.7700656843185,-74.7049161308122,-74.7049161308122
2341.7800656843187,-74.7071862613613,-74.7071862613613
2341.7900656843185,-74.7094612814582,-74.7094612814582
2341.8000656843187,-74.71174117017533,-74.71174117017533
2341.8100656843185,-74.71402590659167,-74.71402590659167
2341.8200656843187,-74.71631546983369,-74.71631546983369
2341.8300656843185,-74.71860983903984,-74.71860983903984
2341.8400656843187,-74.72090899337006,-74.72090899337006
2341.8500656843185,-74.72321291201573,-74.72321291201573
2341.8600656843187,-74.72552157417987,-74.72552157417987
2341.8700656843184,-74.72783495910737,-74.72783495910737
2341.8800656843187,-74.73015304605943,-74.73015304605943
2341.8900656843184,-74.73247581432705,-74.73247581432705
2341.9000656843186,-74.73480324322486,-74.73480324322486
2341.9100656843184,-74.73713531210326,-74.73713531210326
2341.9200656843186,-74.73947200032872,-74.73947200032872
2341.9300656843184,-74.74181328730624,-74.74181328730624
2341.9400656843186,-74.7441591524648,-74.7441591524648
2341.9500656843184,-74.74650957525687,-74.74650957525687
2341.9600656843186,-74.74886453517516,-74.74886453517516
2341.9700656843183,-74.75122401173736,-74.75122401173736
2341.9800656843186,-74.7535879844933,-74.7535879844933
2341.9900656843183,-74.75595643301747,-74.75595643301747
2342.0000656843185,-74.7583293369196,-74.7583293369196
2342.0100656843188,-74.7607066758346,-74.7607066758346
2342.0200656843185,-74.7630884294456,-74.7630884294456
2342.0300656843187,-74.76547457745689,-74.76547457745689
2342.0400656843185,-74.76786509959605,-74.76786509959605
2342.0500656843187,-74.77025997563148,-74.77025997563148
2342.0600656843185,-74.77265918537582,-74.77265918537582
2342.0700656843187,-74.77506270865418,-74.77506270865418
2342.0800656843185,-74.77747052535348,-74.77747052535348
2342.0900656843187,-74.77988261535569,-74.77988261535569
2342.1000656843185,-74.78229895861485,-74.78229895861485
2342.1100656843187,-74.78471953510079,-74.78471953510079
2342.1200656843184,-74.78714432481749,-74.78714432481749
2342.1300656843187,-74.78957330780761,-74.78957330780761
2342.1400656843184,-74.79200646415012,-74.79200646415012
2342.1500656843186,-74.79444377396176,-74.79444377396176
2342.1600656843184,-74.79688521738848,-74.79688521738848
2342.1700656843186,-74.79933077462482,-74.79933077462482
2342.1800656843184,-74.80178042589648,-74.80178042589648
2342.1900656843186,-74.80423415145835,-74.80423415145835
2342.2000656843184,-74.80669193160765,-74.80669193160765
2342.2100656843186,-74.80915374667978,-74.80915374667978
2342.2200656843183,-74.81161957704862,-74.81161957704862
2342.2300656843186,-74.81408940312105,-74.81408940312105
2342.2400656843183,-74.81656320534952,-74.81656320534952
2342.2500656843185,-74.81904096422316,-74.81904096422316
2342.2600656843188,-74.82152266026657,-74.82152266026657
2342.2700656843185,-74.82400827404709,-74.82400827404709
2342.2800656843187,-74.82649778616133,-74.82649778616133
2342.2900656843185,-74.8289911772629,-74.8289911772629
2342.3000656843187,-74.83148842802821,-74.83148842802821
2342.3100656843185,-74.83398951917663,-74.83398951917663
2342.3200656843187,-74.83649443147758,-74.83649443147758
2342.3300656843185,-74.83900314572732,-74.83900314572732
2342.3400656843187,-74.84151564277437,-74.84151564277437
2342.3500656843185,-74.84403190349863,-74.84403190349863
2342.3600656843187,-74.8465519088168,-74.8465519088168
2342.3700656843184,-74.84907563970786,-74.84907563970786
2342.3800656843187,-74.85160307716383,-74.85160307716383
2342.3900656843184,-74.85413420224981,-74.85413420224981
2342.4000656843186,-74.85666899603679,-74.85666899603679
2342.4100656843184,-74.85920743965808,-74.85920743965808
2342.4200656843186,-74.8617495142843,-74.8617495142843
2342.4300656843184,-74.86429520113283,-74.86429520113283
2342.4400656843186,-74.86684448145722,-74.86684448145722
2342.4500656843184,-74.86939733655568,-74.86939733655568
2342.4600656843186,-74.87195374776559,-74.87195374776559
2342.4700656843183,-74.87451369646709,-74.87451369646709
2342.4800656843186,-74.87707716408316,-74.87707716408316
2342.4900656843183,-74.87964413208817,-74.87964413208817
2342.5000656843185,-74.88221458199473,-74.88221458199473
2342.5100656843188,-74.88478849534991,-74.88478849534991
2342.5200656843185,-74.88736585375159,-74.88736585375159
2342.5300656843187,-74.88994663883443,-74.88994663883443
2342.5400656843185,-74.89253083228027,-74.89253083228027
2342.5500656843187,-74.89511841581543,-74.89511841581543
2342.5600656843185,-74.89770937121781,-74.89770937121781
2342.5700656843187,-74.90030368029109,-74.90030368029109
2342.5800656843185,-74.90290132489174,-74.90290132489174
2342.5900656843187,-74.90550228692842,-74.90550228692842
2342.6000657081604,-74.90810655454152,-74.90810655454152
2342.6100657081606,-74.91071409732933,-74.91071409732933
2342.6200657081604,-74.9133249035127,-74.9133249035127
2342.6300657081606,-74.91593895516382,-74.91593895516382
2342.6400657081604,-74.91855623441315,-74.91855623441315
2342.6500657081606,-74.9211767234212,-74.9211767234212
2342.6600657081603,-74.92380040439959,-74.92380040439959
2342.6700657081606,-74.92642725960444,-74.92642725960444
2342.6800657081603,-74.92905727133076,-74.92905727133076
2342.6900657081605,-74.93169042192746,-74.93169042192746
2342.7000657081603,-74.93432669377229,-74.93432669377229
2342.7100657081605,-74.93695952664021,-74.93695952664021
2342.7200657081603,-74.93958603290585,-74.93958603290585
2342.7300657081605,-74.94220479321805,-74.94220479321805
2342.7400657081603,-74.94481506791335,-74.94481506791335
2342.7500657081605,-74.9474164961365,-74.9474164961365
2342.7600657081603,-74.9500089396492,-74.9500089396492
2342.7700657081605,-74.95259239132574,-74.95259239132574
2342.7800657081602,-74.95516692019822,-74.95516692019822
2342.7900657081605,-74.95773263837944,-74.95773263837944
2342.80006570816,-74.96028968125368,-74.96028968125368
2342.8100657081604,-74.96283819563315,-74.96283819563315
2342.82006570816,-74.96537833278875,-74.96537833278875
2342.8300657081604,-74.96791024444649,-74.96791024444649
2342.84006570816,-74.97043408056949,-74.97043408056949
2342.8500657081604,-74.97294998825967,-74.97294998825967
2342.8600657081606,-74.97545811126068,-74.97545811126068
2342.8700657081604,-74.97795858988594,-74.97795858988594
2342.8800657081606,-74.98045156112941,-74.98045156112941
2342.8900657081604,-74.98293715887863,-74.98293715887863
2342.9000657081606,-74.9854155141879,-74.9854155141879
2342.9100657081603,-74.98788675557246,-74.98788675557246
2342.9200657081606,-74.99035100925995,-74.99035100925995
2342.9300657081603,-74.99280839944977,-74.99280839944977
2342.9400657081605,-74.9952590485195,-74.9952590485195
2342.9500657081603,-74.99770307722333,-74.99770307722333
2342.9600657081605,-75.00013405712993,-75.00013405712993
2342.9700657081603,-75.00254923414333,-75.00254923414333
2342.9800657081605,-75.0049473224338,-75.0049473224338
2342.9900657081603,-75.00732771527156,-75.00732771527156
2343.0000657081605,-75.00969018398848,-75.00969018398848
2343.0100657081603,-75.01203472173029,-75.01203472173029
2343.0200657081605,-75.01436145192804,-75.01436145192804
2343.0300657081602,-75.01667057333798,-75.01667057333798
2343.0400657081605,-75.01896232698722,-75.01896232698722
2343.05006570816,-75.0212369763523,-75.0212369763523
2343.0600657081604,-75.02349479551661,-75.02349479551661
2343.07006570816,-75.02573606221306,-75.02573606221306
2343.0800657081604,-75.02796105381526,-75.02796105381526
2343.09006570816,-75.03017004513016,-75.03017004513016
2343.1000657081604,-75.03236330725088,-75.03236330725088
2343.1100657081606,-75.03454110711891,-75.03454110711891
2343.1200657081604,-75.03670370737986,-75.03670370737986
2343.1300657081606,-75.0388513665181,-75.0388513665181
2343.1400657081604,-75.04098433905918,-75.04098433905918
2343.1500657081606,-75.04310287582226,-75.04310287582226
2343.1600657081603,-75.04520722420824,-75.04520722420824
2343.1700657081606,-75.04729762842966,-75.04729762842966
2343.1800657081603,-75.04937432975979,-75.04937432975979
2343.1900657081605,-75.05143756674767,-75.05143756674767
2343.2000657081603,-75.05348757538194,-75.05348757538194
2343.2100657081605,-75.05552458922944,-75.05552458922944
2343.2200657081603,-75.05754883961183,-75.05754883961183
2343.2300657081605,-75.05956055566192,-75.05956055566192
2343.2400657081603,-75.06155996444214,-75.06155996444214
2343.2500657081605,-75.06354729098325,-75.06354729098325
2343.2600657081603,-75.06552275835863,-75.06552275835863
2343.2700657081605,-75.06748658773394,-75.06748658773394
2343.2800657081602,-75.06943899837614,-75.06943899837614
2343.2900657081605,-75.0713802076869,-75.0713802076869
2343.30006570816,-75.07331043123098,-75.07331043123098
2343.3100657081604,-75.07522988270924,-75.07522988270924
2343.32006570816,-75.07713877400171,-75.07713877400171
2343.3300657081604,-75.0790373151529,-75.0790373151529
2343.34006570816,-75.0809257143654,-75.0809257143654
2343.3500657081604,-75.08280417800593,-75.08280417800593
2343.3600657081606,-75.08467291057805,-75.08467291057805
2343.3700657081604,-75.08653211473734,-75.08653211473734
2343.3800657081606,-75.08838199127317,-75.08838199127317
2343.3900657081604,-75.09022273910188,-75.09022273910188
2343.4000657081606,-75.09205455525432,-75.09205455525432
2343.4100657081603,-75.09387763486514,-75.09387763486514
2343.4200657081606,-75.09569217116386,-75.09569217116386
2343.4300657081603,-75.09749835547404,-75.09749835547404
2343.4400657081605,-75.09929637719162,-75.09929637719162
2343.4500657320023,-75.10108642805554,-75.10108642805554
2343.4600657320025,-75.10286868504159,-75.10286868504159
2343.4700657320022,-75.10464333603352,-75.10464333603352
2343.4800657320025,-75.10641056266739,-75.10641056266739
2343.490065732002,-75.10817054463782,-75.10817054463782
2343.5000657320024,-75.10992345966541,-75.10992345966541
2343.510065732002,-75.11166948351969,-75.11166948351969
2343.5200657320024,-75.11340879000049,-75.11340879000049
2343.530065732002,-75.11514155094603,-75.11514155094603
2343.5400657320024,-75.11686793622073,-75.11686793622073
2343.550065732002,-75.11858811372736,-75.11858811372736
2343.5600657320024,-75.12030224940123,-75.12030224940123
2343.570065732002,-75.12201050720715,-75.12201050720715
2343.5800657320024,-75.12371304915634,-75.12371304915634
2343.590065732002,-75.12541003530269,-75.12541003530269
2343.6000657320023,-75.12710162372397,-75.12710162372397
2343.610065732002,-75.12878797056668,-75.12878797056668
2343.6200657320023,-75.13046923002729,-75.13046923002729
2343.630065732002,-75.13214555436309,-75.13214555436309
2343.6400657320023,-75.13381709389843,-75.13381709389843
2343.650065732002,-75.13548399702833,-75.13548399702833
2343.6600657320023,-75.13714641023078,-75.13714641023078
2343.670065732002,-75.13880447808339,-75.13880447808339
2343.6800657320023,-75.1404583432617,-75.1404583432617
2343.690065732002,-75.14210814654051,-75.14210814654051
2343.7000657320023,-75.14375402680984,-75.14375402680984
2343.7100657320025,-75.14539612111814,-75.14539612111814
2343.7200657320022,-75.14703456463089,-75.14703456463089
2343.7300657320025,-75.14866949067246,-75.14866949067246
2343.740065732002,-75.15030103073454,-75.15030103073454
2343.7500657320024,-75.15192931448577,-75.15192931448577
2343.760065732002,-75.15355446977266,-75.15355446977266
2343.7700657320024,-75.15517662266124,-75.15517662266124
2343.780065732002,-75.15679589742322,-75.15679589742322
2343.7900657320024,-75.1584124165584,-75.1584124165584
2343.800065732002,-75.16002630081289,-75.16002630081289
2343.8100657320024,-75.16163766918436,-75.16163766918436
2343.820065732002,-75.16324663894814,-75.16324663894814
2343.8300657320024,-75.16485332565968,-75.16485332565968
2343.840065732002,-75.16645784319005,-75.16645784319005
2343.8500657320023,-75.16806030369617,-75.16806030369617
2343.860065732002,-75.16966081769316,-75.16966081769316
2343.8700657320023,-75.1712594940152,-75.1712594940152
2343.880065732002,-75.17285643988976,-75.17285643988976
2343.8900657320023,-75.17445176090087,-75.17445176090087
2343.900065732002,-75.17604556102052,-75.17604556102052
2343.9100657320023,-75.1776379426368,-75.1776379426368
2343.920065732002,-75.17922900656171,-75.17922900656171
2343.9300657320023,-75.18081885203466,-75.18081885203466
2343.940065732002,-75.18240757676494,-75.18240757676494
2343.9500657320023,-75.18399527692601,-75.18399527692601
2343.9600657320025,-75.18558204718185,-75.18558204718185
2343.9700657320022,-75.18716798068805,-75.18716798068805
2343.9800657320025,-75.1887531691267,-75.1887531691267
2343.990065732002,-75.19033770271977,-75.19033770271977
2344.0000657320024,-75.19192167023616,-75.19192167023616
2344.010065732002,-75.1935051590079,-75.1935051590079
2344.0200657320024,-75.19508825494506,-75.19508825494506
2344.030065732002,-75.19667104257621,-75.19667104257621
2344.0400657320024,-75.19825360503121,-75.19825360503121
2344.050065732002,-75.19983602405914,-75.19983602405914
2344.0600657320024,-75.20141838008298,-75.20141838008298
2344.070065732002,-75.20300075216213,-75.20300075216213
2344.0800657320024,-75.20458321804624,-75.20458321804624
2344.090065732002,-75.20616585417388,-75.20616585417388
2344.1000657320023,-75.20774873570716,-75.20774873570716
2344.110065732002,-75.20933193650978,-75.20933193650978
2344.1200657320023,-75.21091552919997,-75.21091552919997
2344.130065732002,-75.21249958515247,-75.21249958515247
2344.1400657320023,-75.21408417450509,-75.21408417450509
2344.150065732002,-75.21566936618879,-75.21566936618879
2344.1600657320023,-75.2172552279286,-75.2172552279286
2344.170065732002,-75.21884182626755,-75.21884182626755
2344.1800657320023,-75.22042922657987,-75.22042922657987
2344.190065732002,-75.22201749308381,-75.22201749308381
2344.2000657320023,-75.22360668886762,-75.22360668886762
2344.2100657320025,-75.22519687588382,-75.22519687588382
2344.2200657320022,-75.2267881149769,-75.2267881149769
2344.2300657320025,-75.22838046589128,-75.22838046589128
2344.240065732002,-75.22997398729632,-75.22997398729632
2344.2500657320024,-75.23156873678323,-75.23156873678323
2344.260065732002,-75.2331647709006,-75.2331647709006
2344.2700657320024,-75.23476214514345,-75.23476214514345
2344.280065732002,-75.23636091399855,-75.23636091399855
2344.2900657320024,-75.23796113091967,-75.23796113091967
2344.300065755844,-75.23956285218419,-75.23956285218419
2344.3100657558443,-75.241166121643,-75.241166121643
2344.320065755844,-75.24277099360665,-75.24277099360665
2344.3300657558443,-75.24437751761714,-75.24437751761714
2344.340065755844,-75.24598574227069,-75.24598574227069
2344.3500657558443,-75.24759571522354,-75.24759571522354
2344.360065755844,-75.24920748321746,-75.24920748321746
2344.3700657558443,-75.250821092089,-75.250821092089
2344.380065755844,-75.25243658676834,-75.25243658676834
2344.3900657558443,-75.25405401129656,-75.25405401129656
2344.400065755844,-75.25567340884345,-75.25567340884345
2344.4100657558442,-75.25729482173331,-75.25729482173331
2344.420065755844,-75.25891829142981,-75.25891829142981
2344.430065755844,-75.26054385855944,-75.26054385855944
2344.440065755844,-75.26217156293416,-75.26217156293416
2344.450065755844,-75.26380144353095,-75.26380144353095
2344.460065755844,-75.26543353854497,-75.26543353854497
2344.470065755844,-75.26706788537393,-75.26706788537393
2344.480065755844,-75.26870452063605,-75.26870452063605
2344.490065755844,-75.27034348017193,-75.27034348017193
2344.500065755844,-75.27198479907689,-75.27198479907689
2344.510065755844,-75.27362851169615,-75.27362851169615
2344.520065755844,-75.2752746516264,-75.2752746516264
2344.530065755844,-75.27692325173953,-75.27692325173953
2344.540065755844,-75.27857434421158,-75.27857434421158
2344.550065755844,-75.28022796049332,-75.28022796049332
2344.5600657558443,-75.28188413134556,-75.28188413134556
2344.570065755844,-75.28354288683981,-75.28354288683981
2344.5800657558443,-75.28520425637215,-75.28520425637215
2344.590065755844,-75.28686826868446,-75.28686826868446
2344.6000657558443,-75.28853495183941,-75.28853495183941
2344.610065755844,-75.2902043332632,-75.2902043332632
2344.6200657558443,-75.29187643975489,-75.29187643975489
2344.630065755844,-75.29355129746814,-75.29355129746814
2344.6400657558443,-75.29522893194023,-75.29522893194023
2344.650065755844,-75.29690936810829,-75.29690936810829
2344.6600657558442,-75.29859263029567,-75.29859263029567
2344.670065755844,-75.30027874224693,-75.30027874224693
2344.680065755844,-75.30196772709199,-75.30196772709199
2344.690065755844,-75.30365960741945,-75.30365960741945
2344.700065755844,-75.30535440523413,-75.30535440523413
2344.710065755844,-75.30705214198129,-75.30705214198129
2344.720065755844,-75.30875283855794,-75.30875283855794
2344.730065755844,-75.31045651531518,-75.31045651531518
2344.740065755844,-75.31216319207886,-75.31216319207886
2344.750065755844,-75.31387288813124,-75.31387288813124
2344.760065755844,-75.31558562225574,-75.31558562225574
2344.770065755844,-75.31730141270262,-75.31730141270262
2344.780065755844,-75.31902027723174,-75.31902027723174
2344.790065755844,-75.32074223310555,-75.32074223310555
2344.800065755844,-75.32246729709864,-75.32246729709864
2344.8100657558443,-75.3241954854928,-75.3241954854928
2344.820065755844,-75.32592681410323,-75.32592681410323
2344.8300657558443,-75.32766129827355,-75.32766129827355
2344.840065755844,-75.32939895290329,-75.32939895290329
2344.8500657558443,-75.33113979241546,-75.33113979241546
2344.860065755844,-75.3328838307937,-75.3328838307937
2344.8700657558443,-75.33463108158617,-75.33463108158617
2344.880065755844,-75.33638155790659,-75.33638155790659
2344.8900657558443,-75.3381352724301,-75.3381352724301
2344.900065755844,-75.33989223742488,-75.33989223742488
2344.9100657558442,-75.34165246474387,-75.34165246474387
2344.920065755844,-75.34341596582811,-75.34341596582811
2344.930065755844,-75.34518275171126,-75.34518275171126
2344.940065755844,-75.34695283303755,-75.34695283303755
2344.950065755844,-75.34872622006088,-75.34872622006088
2344.960065755844,-75.35050292264818,-75.35050292264818
2344.970065755844,-75.35228295029648,-75.35228295029648
2344.980065755844,-75.35406631212417,-75.35406631212417
2344.990065755844,-75.35585301687692,-75.35585301687692
2345.000065755844,-75.35764307294598,-75.35764307294598
2345.010065755844,-75.35943648836559,-75.35943648836559
2345.020065755844,-75.36123327082058,-75.36123327082058
2345.030065755844,-75.36303342765281,-75.36303342765281
2345.040065755844,-75.36483696586494,-75.36483696586494
2345.050065755844,-75.3666438921221,-75.3666438921221
2345.0600657558443,-75.36845421276,-75.36845421276
2345.070065755844,-75.37026793379106,-75.37026793379106
2345.0800657558443,-75.37208506090234,-75.37208506090234
2345.090065755844,-75.37390559948541,-75.37390559948541
2345.1000657558443,-75.37572955460749,-75.37572955460749
2345.110065755844,-75.37755693103078,-75.37755693103078
2345.1200657558443,-75.37938773321684,-75.37938773321684
2345.130065755844,-75.38122196534634,-75.38122196534634
2345.1400657558443,-75.38305963129334,-75.38305963129334
2345.150065779686,-75.38490073904025,-75.38490073904025
2345.160065779686,-75.38674528314019,-75.38674528314019
2345.170065779686,-75.38859327100062,-75.38859327100062
2345.180065779686,-75.39044470537578,-75.39044470537578
2345.190065779686,-75.39229958877141,-75.39229958877141
2345.200065779686,-75.39415792341369,-75.39415792341369
2345.210065779686,-75.39601312966539,-75.39601312966539
2345.220065779686,-75.39786232285942,-75.39786232285942
2345.230065779686,-75.39970409530618,-75.39970409530618
2345.240065779686,-75.40153772283873,-75.40153772283873
2345.250065779686,-75.4033628620769,-75.4033628620769
2345.260065779686,-75.40517939331134,-75.40517939331134
2345.270065779686,-75.40698732839898,-75.40698732839898
2345.280065779686,-75.40878675549754,-75.40878675549754
2345.290065779686,-75.4105778058023,-75.4105778058023
2345.300065779686,-75.41236063358855,-75.41236063358855
2345.310065779686,-75.4141354043152,-75.4141354043152
2345.320065779686,-75.41590228761801,-75.41590228761801
2345.330065779686,-75.41766145329025,-75.41766145329025
2345.340065779686,-75.41941306905873,-75.41941306905873
2345.350065779686,-75.42115729945748,-75.42115729945748
2345.360065779686,-75.4228943053593,-75.4228943053593
2345.370065779686,-75.42462424391194,-75.42462424391194
2345.380065779686,-75.42634726862464,-75.42634726862464
2345.3900657796858,-75.42806352962452,-75.42806352962452
2345.400065779686,-75.42977317391343,-75.42977317391343
2345.410065779686,-75.4314763456707,-75.4314763456707
2345.420065779686,-75.43317318652322,-75.43317318652322
2345.430065779686,-75.4348638357804,-75.4348638357804
2345.440065779686,-75.43654843068671,-75.43654843068671
2345.450065779686,-75.43822710659185,-75.43822710659185
2345.460065779686,-75.43989999714161,-75.43989999714161
2345.470065779686,-75.44156723440157,-75.44156723440157
2345.480065779686,-75.44322894898878,-75.44322894898878
2345.490065779686,-75.44488527017019,-75.44488527017019
2345.500065779686,-75.4465363259499,-75.4465363259499
2345.510065779686,-75.44818224311693,-75.44818224311693
2345.520065779686,-75.4498231473117,-75.4498231473117
2345.530065779686,-75.45145916309312,-75.45145916309312
2345.540065779686,-75.45309041393166,-75.45309041393166
2345.550065779686,-75.45471702223367,-75.45471702223367
2345.560065779686,-75.45633910940515,-75.45633910940515
2345.570065779686,-75.45795679581451,-75.45795679581451
2345.580065779686,-75.45957020082714,-75.45957020082714
2345.590065779686,-75.46117944280572,-75.46117944280572
2345.600065779686,-75.4627846391122,-75.4627846391122
2345.610065779686,-75.46438590610576,-75.46438590610576
2345.620065779686,-75.46598335913282,-75.46598335913282
2345.630065779686,-75.46757711252361,-75.46757711252361
2345.6400657796858,-75.46916727960266,-75.46916727960266
2345.650065779686,-75.47075397266555,-75.47075397266555
2345.660065779686,-75.472337302979,-75.472337302979
2345.670065779686,-75.4739173807723,-75.4739173807723
2345.680065779686,-75.47549431523112,-75.47549431523112
2345.690065779686,-75.47706821448499,-75.47706821448499
2345.700065779686,-75.47863918560067,-75.47863918560067
2345.710065779686,-75.48020074629466,-75.48020074629466
2345.720065779686,-75.48175011263156,-75.48175011263156
2345.730065779686,-75.48328597847141,-75.48328597847141
2345.740065779686,-75.48480772109657,-75.48480772109657
2345.750065779686,-75.48631509814419,-75.48631509814419
2345.760065779686,-75.4878080903123,-75.4878080903123
2345.770065779686,-75.48928680915942,-75.48928680915942
2345.780065779686,-75.4907514417491,-75.4907514417491
2345.790065779686,-75.49220221736178,-75.49220221736178
2345.800065779686,-75.4936393875057,-75.4936393875057
2345.810065779686,-75.49506321398322,-75.49506321398322
2345.820065779686,-75.4964739618904,-75.4964739618904
2345.830065779686,-75.49787189558312,-75.49787189558312
2345.840065779686,-75.49925727640763,-75.49925727640763
2345.850065779686,-75.50063036163682,-75.50063036163682
2345.860065779686,-75.50199140395058,-75.50199140395058
2345.870065779686,-75.50334065136094,-75.50334065136094
2345.880065779686,-75.50467834732123,-75.50467834732123
2345.8900657796858,-75.50600473095788,-75.50600473095788
2345.900065779686,-75.50732003734709,-75.50732003734709
2345.910065779686,-75.50862449779316,-75.50862449779316
2345.920065779686,-75.50991834010689,-75.50991834010689
2345.930065779686,-75.5112017888494,-75.5112017888494
2345.940065779686,-75.51247506557387,-75.51247506557387
2345.950065779686,-75.51373838898165,-75.51373838898165
2345.960065779686,-75.51498538472228,-75.51498538472228
2345.970065779686,-75.51621337717152,-75.51621337717152
2345.980065779686,-75.51742116789349,-75.51742116789349
2345.990065779686,-75.5186082409938,-75.5186082409938
2346.000065803528,-75.51977446279908,-75.51977446279908
2346.010065803528,-75.52091991335614,-75.52091991335614
2346.020065803528,-75.52204481114227,-75.52204481114227
2346.030065803528,-75.52314944639728,-75.52314944639728
2346.040065803528,-75.52423415070294,-75.52423415070294
2346.050065803528,-75.5252992770287,-75.5252992770287
2346.060065803528,-75.52634518781352,-75.52634518781352
2346.070065803528,-75.52737224799401,-75.52737224799401
2346.0800658035278,-75.52838082093332,-75.52838082093332
2346.090065803528,-75.52937126623905,-75.52937126623905
2346.1000658035277,-75.53034393862352,-75.53034393862352
2346.110065803528,-75.53129918744747,-75.53129918744747
2346.1200658035277,-75.5322373566063,-75.5322373566063
2346.130065803528,-75.53315878466522,-75.53315878466522
2346.1400658035277,-75.53406380509496,-75.53406380509496
2346.150065803528,-75.53495274652201,-75.53495274652201
2346.1600658035277,-75.53582593301437,-75.53582593301437
2346.170065803528,-75.53668368436813,-75.53668368436813
2346.1800658035277,-75.53752631632847,-75.53752631632847
2346.190065803528,-75.53835414081763,-75.53835414081763
2346.2000658035277,-75.5391674661545,-75.5391674661545
2346.210065803528,-75.5399665971624,-75.5399665971624
2346.2200658035276,-75.54075183535812,-75.54075183535812
2346.230065803528,-75.54152347906313,-75.54152347906313
2346.2400658035276,-75.5422818234816,-75.5422818234816
2346.250065803528,-75.54302716076919,-75.54302716076919
2346.260065803528,-75.54375978015163,-75.54375978015163
2346.270065803528,-75.54447996792665,-75.54447996792665
2346.280065803528,-75.545188007521,-75.545188007521
2346.290065803528,-75.54588417953528,-75.54588417953528
2346.300065803528,-75.54656876175453,-75.54656876175453
2346.310065803528,-75.54724202917326,-75.54724202917326
2346.320065803528,-75.54790425402962,-75.54790425402962
2346.3300658035278,-75.54855570577955,-75.54855570577955
2346.340065803528,-75.54919665113711,-75.54919665113711
2346.3500658035277,-75.5498273540591,-75.5498273540591
2346.360065803528,-75.55044807577315,-75.55044807577315
2346.3700658035277,-75.55105907474963,-75.55105907474963
2346.380065803528,-75.55166060672225,-75.55166060672225
2346.3900658035277,-75.55225292469798,-75.55225292469798
2346.400065803528,-75.55283627892605,-75.55283627892605
2346.4100658035277,-75.55341091693295,-75.55341091693295
2346.420065803528,-75.55397708349696,-75.55397708349696
2346.4300658035277,-75.55453502066538,-75.55453502066538
2346.440065803528,-75.55508496775047,-75.55508496775047
2346.4500658035277,-75.555627161337,-75.555627161337
2346.460065803528,-75.55616183526554,-75.55616183526554
2346.4700658035276,-75.55668922066597,-75.55668922066597
2346.480065803528,-75.55720954592952,-75.55720954592952
2346.4900658035276,-75.55772303673335,-75.55772303673335
2346.500065803528,-75.5582299160516,-75.5582299160516
2346.510065803528,-75.55873040413044,-75.55873040413044
2346.520065803528,-75.55922471853309,-75.55922471853309
2346.530065803528,-75.55971307411363,-75.55971307411363
2346.540065803528,-75.56019568305507,-75.56019568305507
2346.550065803528,-75.5606727548638,-75.5606727548638
2346.560065803528,-75.5611444963752,-75.5611444963752
2346.570065803528,-75.56161111177424,-75.56161111177424
2346.5800658035278,-75.56207280259639,-75.56207280259639
2346.590065803528,-75.56252976775079,-75.56252976775079
2346.6000658035277,-75.56298220352933,-75.56298220352933
2346.610065803528,-75.563430303616,-75.563430303616
2346.6200658035277,-75.56387425910066,-75.56387425910066
2346.630065803528,-75.56431425851197,-75.56431425851197
2346.6400658035277,-75.56475048780192,-75.56475048780192
2346.650065803528,-75.56518313038492,-75.56518313038492
2346.6600658035277,-75.56561236714178,-75.56561236714178
2346.670065803528,-75.56603837644732,-75.56603837644732
2346.6800658035277,-75.56646133418243,-75.56646133418243
2346.690065803528,-75.56688141374754,-75.56688141374754
2346.7000658035277,-75.56729878608122,-75.56729878608122
2346.710065803528,-75.56771361968924,-75.56771361968924
2346.7200658035276,-75.56812608065829,-75.56812608065829
2346.730065803528,-75.56853633266205,-75.56853633266205
2346.7400658035276,-75.5689445370008,-75.5689445370008
2346.750065803528,-75.56935085260697,-75.56935085260697
2346.760065803528,-75.56975543608426,-75.56975543608426
2346.770065803528,-75.57015844170157,-75.57015844170157
2346.780065803528,-75.57056002143017,-75.57056002143017
2346.790065803528,-75.57096032495869,-75.57096032495869
2346.800065803528,-75.57135949971295,-75.57135949971295
2346.810065803528,-75.57175769089726,-75.57175769089726
2346.820065803528,-75.57215504148442,-75.57215504148442
2346.8300658035278,-75.57255169225697,-75.57255169225697
2346.840065803528,-75.57294778182451,-75.57294778182451
2346.8500658273697,-75.5733434475782,-75.5733434475782
2346.86006582737,-75.57373882197184,-75.57373882197184
2346.8700658273697,-75.57413403815853,-75.57413403815853
2346.88006582737,-75.57452922626454,-75.57452922626454
2346.8900658273697,-75.5749245143735,-75.5749245143735
2346.90006582737,-75.57532002849861,-75.57532002849861
2346.9100658273696,-75.57571589264431,-75.57571589264431
2346.92006582737,-75.57611222882413,-75.57611222882413
2346.9300658273696,-75.57650915705683,-75.57650915705683
2346.94006582737,-75.57690679542739,-75.57690679542739
2346.9500658273696,-75.57730526007776,-75.57730526007776
2346.96006582737,-75.57770466522865,-75.57770466522865
2346.9700658273696,-75.57810512323081,-75.57810512323081
2346.98006582737,-75.57850674456377,-75.57850674456377
2346.9900658273696,-75.57890963784921,-75.57890963784921
2347.00006582737,-75.57931390990151,-75.57931390990151
2347.0100658273695,-75.57971966571664,-75.57971966571664
2347.0200658273698,-75.58012700851708,-75.58012700851708
2347.0300658273695,-75.58053603976516,-75.58053603976516
2347.0400658273697,-75.58094685919411,-75.58094685919411
2347.0500658273695,-75.58135956481294,-75.58135956481294
2347.0600658273697,-75.58177425292675,-75.58177425292675
2347.0700658273695,-75.58219101817066,-75.58219101817066
2347.0800658273697,-75.58260995352715,-75.58260995352715
2347.0900658273695,-75.58303115034799,-75.58303115034799
2347.1000658273697,-75.58345469836537,-75.58345469836537
2347.11006582737,-75.58388068571784,-75.58388068571784
2347.1200658273697,-75.58430919897606,-75.58430919897606
2347.13006582737,-75.58474032315193,-75.58474032315193
2347.1400658273697,-75.585174141724,-75.585174141724
2347.15006582737,-75.58561073666131,-75.58561073666131
2347.1600658273696,-75.58605018843909,-75.58605018843909
2347.17006582737,-75.58649257605728,-75.58649257605728
2347.1800658273696,-75.58693797705536,-75.58693797705536
2347.19006582737,-75.58738646754688,-75.58738646754688
2347.2000658273696,-75.58783812221934,-75.58783812221934
2347.21006582737,-75.58829301436323,-75.58829301436323
2347.2200658273696,-75.58875121589068,-75.58875121589068
2347.23006582737,-75.58921279734693,-75.58921279734693
2347.2400658273696,-75.58967782794163,-75.58967782794163
2347.25006582737,-75.59014637555266,-75.59014637555266
2347.2600658273695,-75.59061850676244,-75.59061850676244
2347.2700658273698,-75.59109428684097,-75.59109428684097
2347.2800658273695,-75.59157377979514,-75.59157377979514
2347.2900658273697,-75.59205704838804,-75.59205704838804
2347.3000658273695,-75.5925441541315,-75.5925441541315
2347.3100658273697,-75.59303515731172,-75.59303515731172
2347.3200658273695,-75.59353011702626,-75.59353011702626
2347.3300658273697,-75.59402909117111,-75.59402909117111
2347.3400658273695,-75.59453213648612,-75.59453213648612
2347.3500658273697,-75.59503930853316,-75.59503930853316
2347.36006582737,-75.59555066175172,-75.59555066175172
2347.3700658273697,-75.59606624944902,-75.59606624944902
2347.38006582737,-75.59658612382945,-75.59658612382945
2347.3900658273697,-75.5971103360036,-75.5971103360036
2347.40006582737,-75.5976389360018,-75.5976389360018
2347.4100658273696,-75.59817197279496,-75.59817197279496
2347.42006582737,-75.59870949430677,-75.59870949430677
2347.4300658273696,-75.5992515474306,-75.5992515474306
2347.44006582737,-75.59979817803558,-75.59979817803558
2347.4500658273696,-75.60034943099276,-75.60034943099276
2347.46006582737,-75.60089875417015,-75.60089875417015
2347.4700658273696,-75.60144330058532,-75.60144330058532
2347.48006582737,-75.60198170365916,-75.60198170365916
2347.4900658273696,-75.60251328147935,-75.60251328147935
2347.50006582737,-75.60303773321155,-75.60303773321155
2347.5100658273695,-75.60355498150977,-75.60355498150977
2347.5200658273698,-75.60406508014125,-75.60406508014125
2347.5300658273695,-75.60456815854066,-75.60456815854066
2347.5400658273697,-75.60506438843481,-75.60506438843481
2347.5500658273695,-75.60555396384147,-75.60555396384147
2347.5600658273697,-75.60603708914535,-75.60603708914535
2347.5700658273695,-75.60651397207556,-75.60651397207556
2347.5800658273697,-75.60698481968993,-75.60698481968993
2347.5900658273695,-75.60744983617889,-75.60744983617889
2347.6000658273697,-75.60790922172771,-75.60790922172771
2347.61006582737,-75.60836317210854,-75.60836317210854
2347.6200658273697,-75.6088118785781,-75.6088118785781
2347.63006582737,-75.60925552802371,-75.60925552802371
2347.6400658273697,-75.60969430323046,-75.60969430323046
2347.65006582737,-75.61012838315128,-75.61012838315128
2347.6600658273696,-75.61055794321841,-75.61055794321841
2347.67006582737,-75.61098315563761,-75.61098315563761
2347.6800658273696,-75.6114041896611,-75.6114041896611
2347.69006582737,-75.61182121181658,-75.61182121181658
2347.7000658512115,-75.61223438709719,-75.61223438709719
2347.7100658512118,-75.6126438752016,-75.6126438752016
2347.7200658512115,-75.61304983665649,-75.61304983665649
2347.7300658512117,-75.61345242892952,-75.61345242892952
2347.7400658512115,-75.61385180757513,-75.61385180757513
2347.7500658512117,-75.61424812629924,-75.61424812629924
2347.7600658512115,-75.61464153706066,-75.61464153706066
2347.7700658512117,-75.61503219012104,-75.61503219012104
2347.7800658512115,-75.61542023412103,-75.61542023412103
2347.7900658512117,-75.61580581608091,-75.61580581608091
2347.8000658512115,-75.61618908147445,-75.61618908147445
2347.8100658512117,-75.61657017422853,-75.61657017422853
2347.8200658512114,-75.61694923678115,-75.61694923678115
2347.8300658512117,-75.61732641004926,-75.61732641004926
2347.8400658512114,-75.61770183348276,-75.61770183348276
2347.8500658512116,-75.6180756450487,-75.6180756450487
2347.8600658512114,-75.61844798126108,-75.61844798126108
2347.8700658512116,-75.61881897715435,-75.61881897715435
2347.8800658512114,-75.61918876632548,-75.61918876632548
2347.8900658512116,-75.61955748090642,-75.61955748090642
2347.9000658512114,-75.61992525156643,-75.61992525156643
2347.9100658512116,-75.62029220753097,-75.62029220753097
2347.9200658512113,-75.62065847657603,-75.62065847657603
2347.9300658512116,-75.6210241849965,-75.6210241849965
2347.9400658512113,-75.62138945765554,-75.62138945765554
2347.9500658512115,-75.62175441794332,-75.62175441794332
2347.9600658512118,-75.62211918779742,-75.62211918779742
2347.9700658512115,-75.6224838876993,-75.6224838876993
2347.9800658512117,-75.62284863666417,-75.62284863666417
2347.9900658512115,-75.62321355224495,-75.62321355224495
2348.0000658512117,-75.62357875053695,-75.62357875053695
2348.0100658512115,-75.62394434618358,-75.62394434618358
2348.0200658512117,-75.6243104523606,-75.6243104523606
2348.0300658512115,-75.62467718079259,-75.62467718079259
2348.0400658512117,-75.62504464173628,-75.62504464173628
2348.0500658512115,-75.62541294401609,-75.62541294401609
2348.0600658512117,-75.62578219498445,-75.62578219498445
2348.0700658512114,-75.6261525005524,-75.6261525005524
2348.0800658512117,-75.62652396519469,-75.62652396519469
2348.0900658512114,-75.62689669194552,-75.62689669194552
2348.1000658512116,-75.62727078239254,-75.62727078239254
2348.1100658512114,-75.62764633669775,-75.62764633669775
2348.1200658512116,-75.62802345360598,-75.62802345360598
2348.1300658512114,-75.6284022304247,-75.6284022304247
2348.1400658512116,-75.62878276306313,-75.62878276306313
2348.1500658512114,-75.62916514602128,-75.62916514602128
2348.1600658512116,-75.62954947239709,-75.62954947239709
2348.1700658512113,-75.62993583389357,-75.62993583389357
2348.1800658512116,-75.63032432082821,-75.63032432082821
2348.1900658512113,-75.6307150221461,-75.6307150221461
2348.2000658512115,-75.63110802541551,-75.63110802541551
2348.2100658512118,-75.63150341685005,-75.63150341685005
2348.2200658512115,-75.63190128130972,-75.63190128130972
2348.2300658512117,-75.63230170230607,-75.63230170230607
2348.2400658512115,-75.63270476203041,-75.63270476203041
2348.2500658512117,-75.63311054133175,-75.63311054133175
2348.2600658512115,-75.63351911975423,-75.63351911975423
2348.2700658512117,-75.63393057554804,-75.63393057554804
2348.2800658512115,-75.63434498564975,-75.63434498564975
2348.2900658512117,-75.63476242571711,-75.63476242571711
2348.3000658512115,-75.63518297015196,-75.63518297015196
2348.3100658512117,-75.63560669206878,-75.63560669206878
2348.3200658512114,-75.63603366335025,-75.63603366335025
2348.3300658512117,-75.6364639546231,-75.6364639546231
2348.3400658512114,-75.63689763529668,-75.63689763529668
2348.3500658512116,-75.63733477355349,-75.63733477355349
2348.3600658512114,-75.63777543637052,-75.63777543637052
2348.3700658512116,-75.63821968953621,-75.63821968953621
2348.3800658512114,-75.63866759764097,-75.63866759764097
2348.3900658512116,-75.63911922411594,-75.63911922411594
2348.4000658512114,-75.63957463122553,-75.63957463122553
2348.4100658512116,-75.64003388008344,-75.64003388008344
2348.4200658512113,-75.64049703067727,-75.64049703067727
2348.4300658512116,-75.6409641418452,-75.6409641418452
2348.4400658512113,-75.64143527133496,-75.64143527133496
2348.4500658512115,-75.64191047578647,-75.64191047578647
2348.4600658512118,-75.64238981074243,-75.64238981074243
2348.4700658512115,-75.64287333066922,-75.64287333066922
2348.4800658512117,-75.64336108897044,-75.64336108897044
2348.4900658512115,-75.64385313799228,-75.64385313799228
2348.5000658512117,-75.64434952903957,-75.64434952903957
2348.5100658512115,-75.64485031238561,-75.64485031238561
2348.5200658512117,-75.64535553728248,-75.64535553728248
2348.5300658512115,-75.64586525197782,-75.64586525197782
2348.5400658512117,-75.64637950372136,-75.64637950372136
2348.5500658750534,-75.64689834001864,-75.64689834001864
2348.5600658750536,-75.64742180371024,-75.64742180371024
2348.5700658750534,-75.64794994033991,-75.64794994033991
2348.5800658750536,-75.64848279329831,-75.64848279329831
2348.5900658750534,-75.64902040503794,-75.64902040503794
2348.6000658750536,-75.64956281707572,-75.64956281707572
2348.6100658750534,-75.65011007002143,-75.65011007002143
2348.6200658750536,-75.65066220357292,-75.65066220357292
2348.6300658750533,-75.65121925654749,-75.65121925654749
2348.6400658750536,-75.65178126687289,-75.65178126687289
2348.6500658750533,-75.6523482716187,-75.6523482716187
2348.6600658750535,-75.65292030697725,-75.65292030697725
2348.6700658750533,-75.65349740830953,-75.65349740830953
2348.6800658750535,-75.65407961012819,-75.65407961012819
2348.6900658750533,-75.65466694613677,-75.65466694613677
2348.7000658750535,-75.65525944920033,-75.65525944920033
2348.7100658750533,-75.65585715139811,-75.65585715139811
2348.7200658750535,-75.65646008401183,-75.65646008401183
2348.7300658750532,-75.6570682775349,-75.6570682775349
2348.7400658750535,-75.6576817616883,-75.6576817616883
2348.750065875053,-75.6583005654379,-75.6583005654379
2348.7600658750534,-75.65892471698811,-75.65892471698811
2348.770065875053,-75.65955424380867,-75.65955424380867
2348.7800658750534,-75.66018917264142,-75.66018917264142
2348.790065875053,-75.66082952947804,-75.66082952947804
2348.8000658750534,-75.66147533963596,-75.66147533963596
2348.8100658750536,-75.66212662770441,-75.66212662770441
2348.8200658750534,-75.66278341759318,-75.66278341759318
2348.8300658750536,-75.66344573252255,-75.66344573252255
2348.8400658750534,-75.66411359504387,-75.66411359504387
2348.8500658750536,-75.66478702703381,-75.66478702703381
2348.8600658750534,-75.66546604972304,-75.66546604972304
2348.8700658750536,-75.66615068369592,-75.66615068369592
2348.8800658750533,-75.66684094889811,-75.66684094889811
2348.8900658750536,-75.66753686463852,-75.66753686463852
2348.9000658750533,-75.6682384496375,-75.6682384496375
2348.9100658750535,-75.66894572196462,-75.66894572196462
2348.9200658750533,-75.66965869912121,-75.66965869912121
2348.9300658750535,-75.6703773979993,-75.6703773979993
2348.9400658750533,-75.67110183490506,-75.67110183490506
2348.9500658750535,-75.67183202558422,-75.67183202558422
2348.9600658750533,-75.67256798519385,-75.67256798519385
2348.9700658750535,-75.67330972835327,-75.67330972835327
2348.9800658750532,-75.67405726911768,-75.67405726911768
2348.9900658750535,-75.67481062099995,-75.67481062099995
2349.000065875053,-75.67556979698173,-75.67556979698173
2349.0100658750534,-75.67633480952045,-75.67633480952045
2349.020065875053,-75.6771056705466,-75.6771056705466
2349.0300658750534,-75.67788239147897,-75.67788239147897
2349.040065875053,-75.67866498324356,-75.67866498324356
2349.0500658750534,-75.67945345625702,-75.67945345625702
2349.0600658750536,-75.68024782045535,-75.68024782045535
2349.0700658750534,-75.68104808529267,-75.68104808529267
2349.0800658750536,-75.68185425974173,-75.68185425974173
2349.0900658750534,-75.68266635230928,-75.68266635230928
2349.1000658750536,-75.68348437104557,-75.68348437104557
2349.1100658750534,-75.68430832354595,-75.68430832354595
2349.1200658750536,-75.6851382169603,-75.6851382169603
2349.1300658750533,-75.68597405799387,-75.68597405799387
2349.1400658750536,-75.68681585292435,-75.68681585292435
2349.1500658750533,-75.68766360760083,-75.68766360760083
2349.1600658750535,-75.68851732744923,-75.68851732744923
2349.1700658750533,-75.68937701749164,-75.68937701749164
2349.1800658750535,-75.69024268232792,-75.69024268232792
2349.1900658750533,-75.69111432616651,-75.69111432616651
2349.2000658750535,-75.69199195282086,-75.69199195282086
2349.2100658750533,-75.69287556572087,-75.69287556572087
2349.2200658750535,-75.69376516790672,-75.69376516790672
2349.2300658750532,-75.6946607620396,-75.6946607620396
2349.2400658750535,-75.6955623504116,-75.6955623504116
2349.250065875053,-75.69646993495772,-75.69646993495772
2349.2600658750534,-75.69738351724513,-75.69738351724513
2349.270065875053,-75.69830309849188,-75.69830309849188
2349.2800658750534,-75.69922867957362,-75.69922867957362
2349.290065875053,-75.70016026100576,-75.70016026100576
2349.3000658750534,-75.70109784298198,-75.70109784298198
2349.3100658750536,-75.702041425357,-75.702041425357
2349.3200658750534,-75.70299100767915,-75.70299100767915
2349.3300658750536,-75.70394658913958,-75.70394658913958
2349.3400658750534,-75.70490816864078,-75.70490816864078
2349.3500658750536,-75.70587574477024,-75.70587574477024
2349.3600658750534,-75.70684931579794,-75.70684931579794
2349.3700658750536,-75.7078288797064,-75.7078288797064
2349.3800658750533,-75.70881443417211,-75.70881443417211
2349.3900658750536,-75.70980597659131,-75.70980597659131
2349.4000658988953,-75.71080350644326,-75.71080350644326
2349.4100658988955,-75.71180701581244,-75.71180701581244
2349.4200658988952,-75.71281650360177,-75.71281650360177
2349.4300658988955,-75.71383196608065,-75.71383196608065
2349.440065898895,-75.7148533992577,-75.7148533992577
2349.4500658988954,-75.71588079887293,-75.71588079887293
2349.460065898895,-75.71691416040053,-75.71691416040053
2349.4700658988954,-75.71795347907512,-75.71795347907512
2349.480065898895,-75.7189987498698,-75.7189987498698
2349.4900658988954,-75.7200499675124,-75.7200499675124
2349.500065898895,-75.72110712648629,-75.72110712648629
2349.5100658988954,-75.72217022104415,-75.72217022104415
2349.520065898895,-75.72323924520308,-75.72323924520308
2349.5300658988954,-75.72431419273751,-75.72431419273751
2349.540065898895,-75.72539505721038,-75.72539505721038
2349.5500658988954,-75.7264818319504,-75.7264818319504
2349.560065898895,-75.72757451007533,-75.72757451007533
2349.5700658988953,-75.72867308448653,-75.72867308448653
2349.580065898895,-75.72977754787857,-75.72977754787857
2349.5900658988953,-75.73088789272695,-75.73088789272695
2349.600065898895,-75.73200411131307,-75.73200411131307
2349.6100658988953,-75.73312619570093,-75.73312619570093
2349.620065898895,-75.7342541377893,-75.7342541377893
2349.6300658988953,-75.73538792926303,-75.73538792926303
2349.640065898895,-75.73652756160992,-75.73652756160992
2349.6500658988953,-75.7376730261425,-75.7376730261425
2349.6600658988955,-75.73882431398393,-75.73882431398393
2349.6700658988952,-75.73998141608372,-75.73998141608372
2349.6800658988955,-75.741144323211,-75.741144323211
2349.690065898895,-75.74231302596425,-75.74231302596425
2349.7000658988954,-75.74348751476131,-75.74348751476131
2349.710065898895,-75.74466116877768,-75.74466116877768
2349.7200658988954,-75.74583108009402,-75.74583108009402
2349.730065898895,-75.74699582486171,-75.74699582486171
2349.7400658988954,-75.7481546660206,-75.7481546660206
2349.750065898895,-75.7493072491643,-75.7493072491643
2349.7600658988954,-75.75045344460071,-75.75045344460071
2349.770065898895,-75.75159325486871,-75.75159325486871
2349.7800658988954,-75.75272675912318,-75.75272675912318
2349.790065898895,-75.75385407974944,-75.75385407974944
2349.8000658988954,-75.75497536229558,-75.75497536229558
2349.810065898895,-75.75609076351232,-75.75609076351232
2349.8200658988953,-75.75720044431726,-75.75720044431726
2349.830065898895,-75.75830456576197,-75.75830456576197
2349.8400658988953,-75.75940328679856,-75.75940328679856
2349.850065898895,-75.76049676315041,-75.76049676315041
2349.8600658988953,-75.76158514687113,-75.76158514687113
2349.870065898895,-75.76266858623636,-75.76266858623636
2349.8800658988953,-75.76374722588687,-75.76374722588687
2349.890065898895,-75.76482120705357,-75.76482120705357
2349.9000658988953,-75.76589066785213,-75.76589066785213
2349.9100658988955,-75.76695574356368,-75.76695574356368
2349.9200658988952,-75.7680165669181,-75.7680165669181
2349.9300658988955,-75.76907326834451,-75.76907326834451
2349.940065898895,-75.77012597620164,-75.77012597620164
2349.9500658988954,-75.77117481698883,-75.77117481698883
2349.960065898895,-75.7722199155145,-75.7722199155145
2349.9700658988954,-75.7732613950214,-75.7732613950214
2349.980065898895,-75.7742993773376,-75.7742993773376
2349.9900658988954,-75.77533398297074,-75.77533398297074
2350.000065898895,-75.77636533117744,-75.77636533117744
2350.0100658988954,-75.77739354004633,-75.77739354004633
2350.020065898895,-75.77841872656472,-75.77841872656472
2350.0300658988954,-75.77944100662336,-75.77944100662336
2350.040065898895,-75.78046049509534,-75.78046049509534
2350.0500658988954,-75.78147730582856,-75.78147730582856
2350.060065898895,-75.78249155168731,-75.78249155168731
2350.0700658988953,-75.78350334455786,-75.78350334455786
2350.080065898895,-75.78451279534417,-75.78451279534417
2350.0900658988953,-75.7855200140001,-75.7855200140001
2350.100065898895,-75.78652510950147,-75.78652510950147
2350.1100658988953,-75.78752818987248,-75.78752818987248
2350.120065898895,-75.78852936216211,-75.78852936216211
2350.1300658988953,-75.78952873245872,-75.78952873245872
2350.140065898895,-75.79052640586225,-75.79052640586225
2350.1500658988953,-75.79152248649993,-75.79152248649993
2350.1600658988955,-75.79251707750808,-75.79251707750808
2350.1700658988952,-75.79351028102309,-75.79351028102309
2350.1800658988955,-75.7945021981743,-75.7945021981743
2350.190065898895,-75.79549292909643,-75.79549292909643
2350.2000658988954,-75.79648257287583,-75.79648257287583
2350.210065898895,-75.79747122760838,-75.79747122760838
2350.2200658988954,-75.79845899032613,-75.79845899032613
2350.230065898895,-75.79944595703691,-75.79944595703691
2350.2400658988954,-75.80043222268887,-75.80043222268887
2350.250065922737,-75.80141788354528,-75.80141788354528
2350.2600659227373,-75.80240302774502,-75.80240302774502
2350.270065922737,-75.80338774942427,-75.80338774942427
2350.2800659227373,-75.80437213929262,-75.80437213929262
2350.290065922737,-75.80535628699101,-75.80535628699101
2350.3000659227373,-75.80634028109276,-75.80634028109276
2350.310065922737,-75.80732420908272,-75.80732420908272
2350.3200659227373,-75.80830815736472,-75.80830815736472
2350.330065922737,-75.80929221126378,-75.80929221126378
2350.3400659227373,-75.81027645502523,-75.81027645502523
2350.350065922737,-75.81126097180184,-75.81126097180184
2350.3600659227372,-75.81224584366944,-75.81224584366944
2350.370065922737,-75.8132311516072,-75.8132311516072
2350.3800659227372,-75.8142169755219,-75.8142169755219
2350.390065922737,-75.81520339424027,-75.81520339424027
2350.400065922737,-75.81619048548903,-75.81619048548903
2350.410065922737,-75.81717832592815,-75.81717832592815
2350.420065922737,-75.81816699114121,-75.81816699114121
2350.430065922737,-75.81915655564075,-75.81915655564075
2350.440065922737,-75.8201470928555,-75.8201470928555
2350.450065922737,-75.82113867515989,-75.82113867515989
2350.460065922737,-75.82213137386428,-75.82213137386428
2350.470065922737,-75.82312525920771,-75.82312525920771
2350.480065922737,-75.82412040039061,-75.82412040039061
2350.490065922737,-75.82511686555792,-75.82511686555792
2350.500065922737,-75.82611472181163,-75.82611472181163
2350.5100659227373,-75.82711403521671,-75.82711403521671
2350.520065922737,-75.82811487080956,-75.82811487080956
2350.5300659227373,-75.82911729258235,-75.82911729258235
2350.540065922737,-75.83012136353481,-75.83012136353481
2350.5500659227373,-75.83112714563003,-75.83112714563003
2350.560065922737,-75.83213469984125,-75.83213469984125
2350.5700659227373,-75.83314408613921,-75.83314408613921
2350.580065922737,-75.8341553634909,-75.8341553634909
2350.5900659227373,-75.83516858990166,-75.83516858990166
2350.600065922737,-75.83618382237657,-75.83618382237657
2350.6100659227372,-75.83720111696904,-75.83720111696904
2350.620065922737,-75.83822052876019,-75.83822052876019
2350.6300659227372,-75.83924211188685,-75.83924211188685
2350.640065922737,-75.84026591953297,-75.84026591953297
2350.650065922737,-75.84129200394683,-75.84129200394683
2350.660065922737,-75.84232041646062,-75.84232041646062
2350.670065922737,-75.843351207474,-75.843351207474
2350.680065922737,-75.84438442647391,-75.84438442647391
2350.690065922737,-75.84542012204959,-75.84542012204959
2350.700065922737,-75.84645834189932,-75.84645834189932
2350.710065922737,-75.84749251286173,-75.84749251286173
2350.720065922737,-75.84851977896875,-75.84851977896875
2350.730065922737,-75.84953876954806,-75.84953876954806
2350.740065922737,-75.8505488009633,-75.8505488009633
2350.750065922737,-75.85154957200926,-75.85154957200926
2350.7600659227373,-75.85254100583508,-75.85254100583508
2350.770065922737,-75.85352315732305,-75.85352315732305
2350.7800659227373,-75.85449615742368,-75.85449615742368
2350.790065922737,-75.85546017974995,-75.85546017974995
2350.8000659227373,-75.85641542046427,-75.85641542046427
2350.810065922737,-75.85736208633234,-75.85736208633234
2350.8200659227373,-75.85830038766449,-75.85830038766449
2350.830065922737,-75.85923053430469,-75.85923053430469
2350.8400659227373,-75.86015273337217,-75.86015273337217
2350.850065922737,-75.86106718816187,-75.86106718816187
2350.8600659227372,-75.86197409768393,-75.86197409768393
2350.870065922737,-75.86287365657273,-75.86287365657273
2350.8800659227372,-75.86376605522757,-75.86376605522757
2350.890065922737,-75.86465148004511,-75.86465148004511
2350.900065922737,-75.8655301137194,-75.8655301137194
2350.910065922737,-75.86640213552656,-75.86640213552656
2350.920065922737,-75.86726772161266,-75.86726772161266
2350.930065922737,-75.86812704524625,-75.86812704524625
2350.940065922737,-75.8689802770754,-75.8689802770754
2350.950065922737,-75.86982758530033,-75.86982758530033
2350.960065922737,-75.87066251446237,-75.87066251446237
2350.970065922737,-75.87148232625024,-75.87148232625024
2350.980065922737,-75.87228576705526,-75.87228576705526
2350.990065922737,-75.87307226948761,-75.87307226948761
2351.000065922737,-75.87384164781281,-75.87384164781281
2351.0100659227373,-75.874593939873,-75.874593939873
2351.020065922737,-75.87532931449256,-75.87532931449256
2351.0300659227373,-75.87604801583885,-75.87604801583885
2351.040065922737,-75.87675033002722,-75.87675033002722
2351.0500659227373,-75.87743656503082,-75.87743656503082
2351.060065922737,-75.87810703874841,-75.87810703874841
2351.0700659227373,-75.87876207195472,-75.87876207195472
2351.080065922737,-75.87940198426118,-75.87940198426118
2351.0900659227373,-75.88002709190769,-75.88002709190769
2351.100065946579,-75.88063770807513,-75.88063770807513
2351.110065946579,-75.88123413655391,-75.88123413655391
2351.120065946579,-75.88181668055809,-75.88181668055809
2351.130065946579,-75.88238563683376,-75.88238563683376
2351.140065946579,-75.88294129742894,-75.88294129742894
2351.150065946579,-75.88348394996034,-75.88348394996034
2351.160065946579,-75.8840138778965,-75.8840138778965
2351.170065946579,-75.88453136083513,-75.88453136083513
2351.180065946579,-75.8850366747341,-75.8850366747341
2351.190065946579,-75.88553009215389,-75.88553009215389
2351.200065946579,-75.88601188245156,-75.88601188245156
2351.210065946579,-75.88647569025848,-75.88647569025848
2351.220065946579,-75.88691887749067,-75.88691887749067
2351.230065946579,-75.88734029022682,-75.88734029022682
2351.240065946579,-75.88773946008703,-75.88773946008703
2351.250065946579,-75.88811629957154,-75.88811629957154
2351.260065946579,-75.8884709439501,-75.8884709439501
2351.270065946579,-75.88880365863072,-75.88880365863072
2351.280065946579,-75.88911478349375,-75.88911478349375
2351.290065946579,-75.88940469950495,-75.88940469950495
2351.300065946579,-75.88967380858676,-75.88967380858676
2351.310065946579,-75.88992252167698,-75.88992252167698
2351.320065946579,-75.89015125168689,-75.89015125168689
2351.330065946579,-75.89036040944374,-75.89036040944374
2351.3400659465788,-75.89055040147511,-75.89055040147511
2351.350065946579,-75.89072162886961,-75.89072162886961
2351.360065946579,-75.89087448681833,-75.89087448681833
2351.370065946579,-75.89100936450454,-75.89100936450454
2351.380065946579,-75.89112664525015,-75.89112664525015
2351.390065946579,-75.8912267067201,-75.8912267067201
2351.400065946579,-75.89130992121684,-75.89130992121684
2351.410065946579,-75.89137665594573,-75.89137665594573
2351.420065946579,-75.89142727329542,-75.89142727329542
2351.430065946579,-75.8914621310955,-75.8914621310955
2351.440065946579,-75.89148158281938,-75.89148158281938
2351.450065946579,-75.89148597780998,-75.89148597780998
2351.460065946579,-75.89146904080997,-75.89146904080997
2351.470065946579,-75.89142821335702,-75.89142821335702
2351.480065946579,-75.89136242032217,-75.89136242032217
2351.490065946579,-75.89127127120634,-75.89127127120634
2351.500065946579,-75.89115475544293,-75.89115475544293
2351.510065946579,-75.89101308432325,-75.89101308432325
2351.520065946579,-75.89084659828687,-75.89084659828687
2351.530065946579,-75.89065571132129,-75.89065571132129
2351.540065946579,-75.8904408774988,-75.8904408774988
2351.550065946579,-75.89020257091529,-75.89020257091529
2351.560065946579,-75.88994127370991,-75.88994127370991
2351.570065946579,-75.88965746903627,-75.88965746903627
2351.580065946579,-75.8893516370346,-75.8893516370346
2351.5900659465788,-75.88902425256849,-75.88902425256849
2351.600065946579,-75.88867578415145,-75.88867578415145
2351.610065946579,-75.88830669346748,-75.88830669346748
2351.620065946579,-75.8879174352703,-75.8879174352703
2351.630065946579,-75.88750845753295,-75.88750845753295
2351.640065946579,-75.8870802016722,-75.8870802016722
2351.650065946579,-75.88663310285133,-75.88663310285133
2351.660065946579,-75.88616759023843,-75.88616759023843
2351.670065946579,-75.88568408731477,-75.88568408731477
2351.680065946579,-75.88518301212336,-75.88518301212336
2351.690065946579,-75.88466477749547,-75.88466477749547
2351.700065946579,-75.88412979126385,-75.88412979126385
2351.710065946579,-75.883578456424,-75.883578456424
2351.720065946579,-75.88301117129392,-75.88301117129392
2351.730065946579,-75.88242832965459,-75.88242832965459
2351.740065946579,-75.88183032082217,-75.88183032082217
2351.750065946579,-75.88121752977723,-75.88121752977723
2351.760065946579,-75.88059033721481,-75.88059033721481
2351.770065946579,-75.87994911962309,-75.87994911962309
2351.780065946579,-75.87929424933327,-75.87929424933327
2351.790065946579,-75.87862609455271,-75.87862609455271
2351.800065946579,-75.87794501942199,-75.87794501942199
2351.810065946579,-75.87725138402446,-75.87725138402446
2351.820065946579,-75.87654554443405,-75.87654554443405
2351.830065946579,-75.87582785272166,-75.87582785272166
2351.8400659465788,-75.87509865697805,-75.87509865697805
2351.850065946579,-75.87435830134186,-75.87435830134186
2351.860065946579,-75.87360712599535,-75.87360712599535
2351.870065946579,-75.87284546720116,-75.87284546720116
2351.880065946579,-75.87207365729452,-75.87207365729452
2351.890065946579,-75.87129202471206,-75.87129202471206
2351.900065946579,-75.87050089398696,-75.87050089398696
2351.910065946579,-75.86970058578483,-75.86970058578483
2351.920065946579,-75.8688914168966,-75.8688914168966
2351.930065946579,-75.86807370025004,-75.86807370025004
2351.940065946579,-75.86724774494049,-75.86724774494049
2351.950065970421,-75.86641385424129,-75.86641385424129
2351.960065970421,-75.86557233355526,-75.86557233355526
2351.970065970421,-75.86472347857041,-75.86472347857041
2351.980065970421,-75.86386758315486,-75.86386758315486
2351.990065970421,-75.86300493740384,-75.86300493740384
2352.000065970421,-75.862135827671,-75.862135827671
2352.010065970421,-75.86126053657115,-75.86126053657115
2352.020065970421,-75.86037934300421,-75.86037934300421
2352.0300659704208,-75.85949252218273,-75.85949252218273
2352.040065970421,-75.85860034564827,-75.85860034564827
2352.0500659704207,-75.85770308128492,-75.85770308128492
2352.060065970421,-75.85680099334508,-75.85680099334508
2352.0700659704207,-75.85589434248085,-75.85589434248085
2352.080065970421,-75.85498338574824,-75.85498338574824
2352.0900659704207,-75.85406837665562,-75.85406837665562
2352.100065970421,-75.85314956516343,-75.85314956516343
2352.1100659704207,-75.85222719772293,-75.85222719772293
2352.120065970421,-75.85130151730259,-75.85130151730259
2352.1300659704207,-75.85037276341792,-75.85037276341792
2352.140065970421,-75.84944117213259,-75.84944117213259
2352.1500659704207,-75.84850697612048,-75.84850697612048
2352.160065970421,-75.84757040466731,-75.84757040466731
2352.1700659704206,-75.84663168371658,-75.84663168371658
2352.180065970421,-75.8456910358813,-75.8456910358813
2352.1900659704206,-75.84474868049003,-75.84474868049003
2352.200065970421,-75.84380483359996,-75.84380483359996
2352.210065970421,-75.84285309481308,-75.84285309481308
2352.220065970421,-75.84189077940032,-75.84189077940032
2352.230065970421,-75.84091668559483,-75.84091668559483
2352.240065970421,-75.8399302962512,-75.8399302962512
2352.250065970421,-75.83893147426907,-75.83893147426907
2352.260065970421,-75.837920304471,-75.837920304471
2352.270065970421,-75.83689700095287,-75.83689700095287
2352.2800659704208,-75.8358618514186,-75.8358618514186
2352.290065970421,-75.83481518371717,-75.83481518371717
2352.3000659704207,-75.83375734583326,-75.83375734583326
2352.310065970421,-75.83268869386217,-75.83268869386217
2352.3200659704207,-75.83160958503844,-75.83160958503844
2352.330065970421,-75.83052037371912,-75.83052037371912
2352.3400659704207,-75.8294214091884,-75.8294214091884
2352.350065970421,-75.82831303457813,-75.82831303457813
2352.3600659704207,-75.82719558644946,-75.82719558644946
2352.370065970421,-75.82606939473285,-75.82606939473285
2352.3800659704207,-75.82493478289034,-75.82493478289034
2352.390065970421,-75.823792068232,-75.823792068232
2352.4000659704207,-75.82264156218193,-75.82264156218193
2352.410065970421,-75.8214835706554,-75.8214835706554
2352.4200659704206,-75.82031839434384,-75.82031839434384
2352.430065970421,-75.81914632902408,-75.81914632902408
2352.4400659704206,-75.81796766581616,-75.81796766581616
2352.450065970421,-75.81678269141995,-75.81678269141995
2352.460065970421,-75.81559168832935,-75.81559168832935
2352.470065970421,-75.81439493499445,-75.81439493499445
2352.480065970421,-75.81319270600164,-75.81319270600164
2352.490065970421,-75.81198527219782,-75.81198527219782
2352.500065970421,-75.81077290079406,-75.81077290079406
2352.510065970421,-75.80955585548932,-75.80955585548932
2352.520065970421,-75.80833439654641,-75.80833439654641
2352.5300659704208,-75.8071087808614,-75.8071087808614
2352.540065970421,-75.80587926203701,-75.80587926203701
2352.5500659704207,-75.80464609043023,-75.80464609043023
2352.560065970421,-75.80340951321078,-75.80340951321078
2352.5700659704207,-75.80216977440296,-75.80216977440296
2352.580065970421,-75.80092711490794,-75.80092711490794
2352.5900659704207,-75.79968177256667,-75.79968177256667
2352.600065970421,-75.79843398214724,-75.79843398214724
2352.6100659704207,-75.79718397542902,-75.79718397542902
2352.620065970421,-75.79593198116956,-75.79593198116956
2352.6300659704207,-75.79467822517277,-75.79467822517277
2352.640065970421,-75.79342293027918,-75.79342293027918
2352.6500659704207,-75.79216631641187,-75.79216631641187
2352.660065970421,-75.79090860057198,-75.79090860057198
2352.6700659704206,-75.78964999688596,-75.78964999688596
2352.680065970421,-75.7883907165904,-75.7883907165904
2352.6900659704206,-75.78713096807566,-75.78713096807566
2352.700065970421,-75.78587095688704,-75.78587095688704
2352.710065970421,-75.78461088576151,-75.78461088576151
2352.720065970421,-75.78335095463072,-75.78335095463072
2352.730065970421,-75.78209136063141,-75.78209136063141
2352.740065970421,-75.78083229814851,-75.78083229814851
2352.750065970421,-75.77957395880688,-75.77957395880688
2352.760065970421,-75.77831653151047,-75.77831653151047
2352.770065970421,-75.77706020244777,-75.77706020244777
2352.7800659704208,-75.77580515510753,-75.77580515510753
2352.790065970421,-75.77455157031154,-75.77455157031154
2352.8000659942627,-75.77329962324535,-75.77329962324535
2352.810065994263,-75.77204949539721,-75.77204949539721
2352.8200659942627,-75.77080135670263,-75.77080135670263
2352.830065994263,-75.76955537747455,-75.76955537747455
2352.8400659942627,-75.7683117254471,-75.7683117254471
2352.850065994263,-75.76707056580486,-75.76707056580486
2352.8600659942626,-75.76583206120814,-75.76583206120814
2352.870065994263,-75.76459637176964,-75.76459637176964
2352.8800659942626,-75.76336365514548,-75.76336365514548
2352.890065994263,-75.76213406650162,-75.76213406650162
2352.9000659942626,-75.76090775855621,-75.76090775855621
2352.910065994263,-75.75968488160053,-75.75968488160053
2352.9200659942626,-75.75846558352221,-75.75846558352221
2352.930065994263,-75.75725000982372,-75.75725000982372
2352.9400659942626,-75.75603830364415,-75.75603830364415
2352.950065994263,-75.7548306057811,-75.7548306057811
2352.9600659942625,-75.75362705471971,-75.75362705471971
2352.9700659942628,-75.75242778664696,-75.75242778664696
2352.9800659942625,-75.7512329354896,-75.7512329354896
2352.9900659942627,-75.75004263290634,-75.75004263290634
2353.0000659942625,-75.74885700834638,-75.74885700834638
2353.0100659942627,-75.74767618905653,-75.74767618905653
2353.0200659942625,-75.74650030009626,-75.74650030009626
2353.0300659942627,-75.7453294643654,-75.7453294643654
2353.0400659942625,-75.74416380263905,-75.74416380263905
2353.0500659942627,-75.7430034335831,-75.7430034335831
2353.060065994263,-75.74184847376455,-75.74184847376455
2353.0700659942627,-75.74069903768897,-75.74069903768897
2353.080065994263,-75.73955523783415,-75.73955523783415
2353.0900659942627,-75.73841718464317,-75.73841718464317
2353.100065994263,-75.73728498656664,-75.73728498656664
2353.1100659942626,-75.73615875009287,-75.73615875009287
2353.120065994263,-75.7350385797483,-75.7350385797483
2353.1300659942626,-75.73392457813455,-75.73392457813455
2353.140065994263,-75.73281684595027,-75.73281684595027
2353.1500659942626,-75.73171548201508,-75.73171548201508
2353.160065994263,-75.73062058328094,-75.73062058328094
2353.1700659942626,-75.72953224487374,-75.72953224487374
2353.180065994263,-75.72845056008784,-75.72845056008784
2353.1900659942626,-75.72737562044534,-75.72737562044534
2353.200065994263,-75.72630751567765,-75.72630751567765
2353.2100659942625,-75.72524633378008,-75.72524633378008
2353.2200659942628,-75.72419216101117,-75.72419216101117
2353.2300659942625,-75.72314508193416,-75.72314508193416
2353.2400659942627,-75.72210517941613,-75.72210517941613
2353.2500659942625,-75.7210725346684,-75.7210725346684
2353.2600659942627,-75.72004722726638,-75.72004722726638
2353.2700659942625,-75.71902933515499,-75.71902933515499
2353.2800659942627,-75.71801893466825,-75.71801893466825
2353.2900659942625,-75.7170161005847,-75.7170161005847
2353.3000659942627,-75.71602090611336,-75.71602090611336
2353.310065994263,-75.71503342292138,-75.71503342292138
2353.3200659942627,-75.71405372116494,-75.71405372116494
2353.330065994263,-75.71308186948647,-75.71308186948647
2353.3400659942627,-75.71211793506993,-75.71211793506993
2353.350065994263,-75.71116198362215,-75.71116198362215
2353.3600659942626,-75.71021407942628,-75.71021407942628
2353.370065994263,-75.70927428533354,-75.70927428533354
2353.3800659942626,-75.70834266279977,-75.70834266279977
2353.390065994263,-75.70741927189115,-75.70741927189115
2353.4000659942626,-75.70650417131941,-75.70650417131941
2353.410065994263,-75.705597418453,-75.705597418453
2353.4200659942626,-75.70469906932357,-75.70469906932357
2353.430065994263,-75.70380917866076,-75.70380917866076
2353.4400659942626,-75.70292779990227,-75.70292779990227
2353.450065994263,-75.70205498520686,-75.70205498520686
2353.4600659942625,-75.70119078549524,-75.70119078549524
2353.4700659942628,-75.70033525043128,-75.70033525043128
2353.4800659942625,-75.69948842847359,-75.69948842847359
2353.4900659942627,-75.69865036686184,-75.69865036686184
2353.5000659942625,-75.69782111166225,-75.69782111166225
2353.5100659942627,-75.69700070776568,-75.69700070776568
2353.5200659942625,-75.69618919891462,-75.69618919891462
2353.5300659942627,-75.69538662770418,-75.69538662770418
2353.5400659942625,-75.69459303562147,-75.69459303562147
2353.5500659942627,-75.69380846303237,-75.69380846303237
2353.560065994263,-75.693032949227,-75.693032949227
2353.5700659942627,-75.69226653243236,-75.69226653243236
2353.580065994263,-75.69150924978075,-75.69150924978075
2353.5900659942627,-75.6907611373893,-75.6907611373893
2353.600065994263,-75.69002223034879,-75.69002223034879
2353.6100659942626,-75.68929256271733,-75.68929256271733
2353.620065994263,-75.68857216756494,-75.68857216756494
2353.6300659942626,-75.68786107698351,-75.68786107698351
2353.640065994263,-75.68715932208733,-75.68715932208733
2353.6500660181046,-75.68646693138639,-75.68646693138639
2353.6600660181048,-75.68578393742973,-75.68578393742973
2353.6700660181045,-75.6851103668174,-75.6851103668174
2353.6800660181048,-75.68444624692756,-75.68444624692756
2353.6900660181045,-75.68379160424436,-75.68379160424436
2353.7000660181047,-75.6831464643512,-75.6831464643512
2353.7100660181045,-75.68250425223972,-75.68250425223972
2353.7200660181047,-75.68186210357497,-75.68186210357497
2353.7300660181045,-75.68121863638194,-75.68121863638194
2353.7400660181047,-75.68057315426788,-75.68057315426788
2353.7500660181045,-75.67992534240086,-75.67992534240086
2353.7600660181047,-75.67927510963915,-75.67927510963915
2353.7700660181044,-75.67862249604639,-75.67862249604639
2353.7800660181047,-75.67796761728496,-75.67796761728496
2353.7900660181044,-75.67731063119166,-75.67731063119166
2353.8000660181046,-75.67665171772903,-75.67665171772903
2353.8100660181044,-75.67599106704739,-75.67599106704739
2353.8200660181046,-75.67532887246605,-75.67532887246605
2353.8300660181044,-75.67466532644931,-75.67466532644931
2353.8400660181046,-75.67400061841181,-75.67400061841181
2353.8500660181044,-75.67333493363243,-75.67333493363243
2353.8600660181046,-75.67266845280841,-75.67266845280841
2353.8700660181044,-75.67200135201423,-75.67200135201423
2353.8800660181046,-75.67133380282186,-75.67133380282186
2353.8900660181043,-75.67066597260784,-75.67066597260784
2353.9000660181046,-75.66999802483193,-75.66999802483193
2353.9100660181048,-75.66933011936067,-75.66933011936067
2353.9200660181045,-75.66866241276688,-75.66866241276688
2353.9300660181048,-75.66799505860149,-75.66799505860149
2353.9400660181045,-75.66732820766227,-75.66732820766227
2353.9500660181047,-75.66666200818415,-75.66666200818415
2353.9600660181045,-75.66599660606528,-75.66599660606528
2353.9700660181047,-75.66533214498843,-75.66533214498843
2353.9800660181045,-75.66466876659442,-75.66466876659442
2353.9900660181047,-75.6640066105859,-75.6640066105859
2354.0000660181045,-75.66334581482529,-75.66334581482529
2354.0100660181047,-75.66268651542,-75.66268651542
2354.0200660181044,-75.66202884680051,-75.66202884680051
2354.0300660181047,-75.66137294175108,-75.66137294175108
2354.0400660181044,-75.66071893148776,-75.66071893148776
2354.0500660181046,-75.66006694566867,-75.66006694566867
2354.0600660181044,-75.65941711244947,-75.65941711244947
2354.0700660181046,-75.6587695584849,-75.6587695584849
2354.0800660181044,-75.65812440897203,-75.65812440897203
2354.0900660181046,-75.65748178763536,-75.65748178763536
2354.1000660181044,-75.65684181677453,-75.65684181677453
2354.1100660181046,-75.65620461724599,-75.65620461724599
2354.1200660181044,-75.65557030847947,-75.65557030847947
2354.1300660181046,-75.65493900847532,-75.65493900847532
2354.1400660181043,-75.65431083382786,-75.65431083382786
2354.1500660181046,-75.65368589970947,-75.65368589970947
2354.1600660181048,-75.653064319871,-75.653064319871
2354.1700660181045,-75.65244620665678,-75.65244620665678
2354.1800660181048,-75.65183167099016,-75.65183167099016
2354.1900660181045,-75.65122082238857,-75.65122082238857
2354.2000660181047,-75.6506137689447,-75.6506137689447
2354.2100660181045,-75.6500106173452,-75.6500106173452
2354.2200660181047,-75.64941147285761,-75.64941147285761
2354.2300660181045,-75.64881643935043,-75.64881643935043
2354.2400660181047,-75.64822561925537,-75.64822561925537
2354.2500660181045,-75.64763911361266,-75.64763911361266
2354.2600660181047,-75.64705702203736,-75.64705702203736
2354.2700660181044,-75.64647944274749,-75.64647944274749
2354.2800660181047,-75.64590647254091,-75.64590647254091
2354.2900660181044,-75.6453382068181,-75.6453382068181
2354.3000660181046,-75.64477473957461,-75.64477473957461
2354.3100660181044,-75.64421616340663,-75.64421616340663
2354.3200660181046,-75.64366256950994,-75.64366256950994
2354.3300660181044,-75.64311404769106,-75.64311404769106
2354.3400660181046,-75.64257068636738,-75.64257068636738
2354.3500660181044,-75.64203257258903,-75.64203257258903
2354.3600660181046,-75.64149979199686,-75.64149979199686
2354.3700660181044,-75.6409724288827,-75.6409724288827
2354.3800660181046,-75.6404505661579,-75.6404505661579
2354.3900660181043,-75.63993428538924,-75.63993428538924
2354.4000660181046,-75.63942366677348,-75.63942366677348
2354.4100660181048,-75.63891878916529,-75.63891878916529
2354.4200660181045,-75.63841973009674,-75.63841973009674
2354.4300660181048,-75.63792656574161,-75.63792656574161
2354.4400660181045,-75.63743937096685,-75.63743937096685
2354.4500660181047,-75.63695821931813,-75.63695821931813
2354.4600660181045,-75.63648318303477,-75.63648318303477
2354.4700660181047,-75.636014333058,-75.636014333058
2354.4800660181045,-75.63555173904419,-75.63555173904419
2354.4900660181047,-75.6350954693628,-75.6350954693628
2354.5000660419464,-75.63464559004413,-75.63464559004413
2354.5100660419466,-75.63420216910156,-75.63420216910156
2354.5200660419464,-75.6337652700271,-75.6337652700271
2354.5300660419466,-75.63333495617425,-75.63333495617425
2354.5400660419464,-75.63291128966605,-75.63291128966605
2354.5500660419466,-75.63249433141347,-75.63249433141347
2354.5600660419464,-75.63208414109634,-75.63208414109634
2354.5700660419466,-75.63168077721922,-75.63168077721922
2354.5800660419463,-75.631284297089,-75.631284297089
2354.5900660419466,-75.63089475684086,-75.63089475684086
2354.6000660419463,-75.63051221143722,-75.63051221143722
2354.6100660419465,-75.63013671469612,-75.63013671469612
2354.6200660419463,-75.62976831928613,-75.62976831928613
2354.6300660419465,-75.62940707673997,-75.62940707673997
2354.6400660419463,-75.62905303749154,-75.62905303749154
2354.6500660419465,-75.62870625084949,-75.62870625084949
2354.6600660419463,-75.62836676501568,-75.62836676501568
2354.6700660419465,-75.62803462713447,-75.62803462713447
2354.6800660419462,-75.62770988325849,-75.62770988325849
2354.6900660419465,-75.62739257838496,-75.62739257838496
2354.7000660419462,-75.62708275645073,-75.62708275645073
2354.7100660419464,-75.62677386456035,-75.62677386456035
2354.720066041946,-75.62646305748287,-75.62646305748287
2354.7300660419464,-75.62614897112401,-75.62614897112401
2354.740066041946,-75.62583092629241,-75.62583092629241
2354.7500660419464,-75.62550862494042,-75.62550862494042
2354.7600660419466,-75.62518199242052,-75.62518199242052
2354.7700660419464,-75.6248510850553,-75.6248510850553
2354.7800660419466,-75.62451603459175,-75.62451603459175
2354.7900660419464,-75.62417701481024,-75.62417701481024
2354.8000660419466,-75.62383422149239,-75.62383422149239
2354.8100660419464,-75.62348786048051,-75.62348786048051
2354.8200660419466,-75.62313814067276,-75.62313814067276
2354.8300660419463,-75.62278526999874,-75.62278526999874
2354.8400660419466,-75.62242945322025,-75.62242945322025
2354.8500660419463,-75.62207089084723,-75.62207089084723
2354.8600660419465,-75.62170977868246,-75.62170977868246
2354.8700660419463,-75.62134630778003,-75.62134630778003
2354.8800660419465,-75.62098066458204,-75.62098066458204
2354.8900660419463,-75.62061303119243,-75.62061303119243
2354.9000660419465,-75.62024358568046,-75.62024358568046
2354.9100660419463,-75.61987250238339,-75.61987250238339
2354.9200660419465,-75.61949995221022,-75.61949995221022
2354.9300660419462,-75.61912610293149,-75.61912610293149
2354.9400660419465,-75.61875111940493,-75.61875111940493
2354.9500660419462,-75.61837516380636,-75.61837516380636
2354.9600660419464,-75.61799839581491,-75.61799839581491
2354.970066041946,-75.61762097280456,-75.61762097280456
2354.9800660419464,-75.6172430499232,-75.6172430499232
2354.990066041946,-75.61686478025608,-75.61686478025608
2355.0000660419464,-75.61648631492567,-75.61648631492567
2355.0100660419466,-75.61610780314854,-75.61610780314854
2355.0200660419464,-75.61572939232077,-75.61572939232077
2355.0300660419466,-75.61535122807325,-75.61535122807325
2355.0400660419464,-75.61497345432414,-75.61497345432414
2355.0500660419466,-75.61459621328096,-75.61459621328096
2355.0600660419464,-75.61421964554508,-75.61421964554508
2355.0700660419466,-75.61384389005207,-75.61384389005207
2355.0800660419463,-75.61346908417151,-75.61346908417151
2355.0900660419466,-75.6130953636461,-75.6130953636461
2355.1000660419463,-75.61272286267501,-75.61272286267501
2355.1100660419465,-75.61235171386825,-75.61235171386825
2355.1200660419463,-75.61198204829044,-75.61198204829044
2355.1300660419465,-75.6116139954516,-75.6116139954516
2355.1400660419463,-75.61124768330889,-75.61124768330889
2355.1500660419465,-75.61088323828075,-75.61088323828075
2355.1600660419463,-75.61052078524911,-75.61052078524911
2355.1700660419465,-75.6101604475378,-75.6101604475378
2355.1800660419462,-75.6098023469532,-75.6098023469532
2355.1900660419465,-75.60944660373978,-75.60944660373978
2355.2000660419462,-75.60909333663268,-75.60909333663268
2355.2100660419464,-75.60874266281341,-75.60874266281341
2355.220066041946,-75.60839469794209,-75.60839469794209
2355.2300660419464,-75.60804955613267,-75.60804955613267
2355.240066041946,-75.60770734998555,-75.60770734998555
2355.2500660419464,-75.60736819055926,-75.60736819055926
2355.2600660419466,-75.60703218738848,-75.60703218738848
2355.2700660419464,-75.60669944849181,-75.60669944849181
2355.2800660419466,-75.60637008036464,-75.60637008036464
2355.2900660419464,-75.606044187983,-75.606044187983
2355.3000660419466,-75.60572187480174,-75.60572187480174
2355.3100660419464,-75.60540324279143,-75.60540324279143
2355.3200660419466,-75.60508839239151,-75.60508839239151
2355.3300660419463,-75.6047774225629,-75.6047774225629
2355.3400660419466,-75.6044704307583,-75.6044704307583
2355.3500660657883,-75.60416751223559,-75.60416751223559
2355.3600660657885,-75.60386876294298,-75.60386876294298
2355.3700660657883,-75.60357427515765,-75.60357427515765
2355.3800660657885,-75.60328414042931,-75.60328414042931
2355.3900660657882,-75.60299844885704,-75.60299844885704
2355.4000660657885,-75.60271728907433,-75.60271728907433
2355.410066065788,-75.6024407482836,-75.6024407482836
2355.4200660657884,-75.6021689122435,-75.6021689122435
2355.430066065788,-75.60190186529907,-75.60190186529907
2355.4400660657884,-75.60163969035605,-75.60163969035605
2355.450066065788,-75.60138246893361,-75.60138246893361
2355.4600660657884,-75.60112368746081,-75.60112368746081
2355.470066065788,-75.60086053838074,-75.60086053838074
2355.4800660657884,-75.60059169437582,-75.60059169437582
2355.490066065788,-75.6003165124427,-75.6003165124427
2355.5000660657884,-75.6000347302076,-75.6000347302076
2355.510066065788,-75.59974630830028,-75.59974630830028
2355.5200660657883,-75.59945133789,-75.59945133789
2355.530066065788,-75.59914998522387,-75.59914998522387
2355.5400660657883,-75.59884245823172,-75.59884245823172
2355.550066065788,-75.59852898648455,-75.59852898648455
2355.5600660657883,-75.598209809272,-75.598209809272
2355.570066065788,-75.59788516860132,-75.59788516860132
2355.5800660657883,-75.59755530516674,-75.59755530516674
2355.590066065788,-75.59722045616486,-75.59722045616486
2355.6000660657883,-75.59688085418733,-75.59688085418733
2355.6100660657885,-75.59653672678404,-75.59653672678404
2355.6200660657883,-75.59618829641563,-75.59618829641563
2355.6300660657885,-75.59583578058013,-75.59583578058013
2355.6400660657882,-75.59547939210766,-75.59547939210766
2355.6500660657885,-75.59511933942957,-75.59511933942957
2355.660066065788,-75.59475582691934,-75.59475582691934
2355.6700660657884,-75.59438905517936,-75.59438905517936
2355.680066065788,-75.59401922132514,-75.59401922132514
2355.6900660657884,-75.59364651922562,-75.59364651922562
2355.700066065788,-75.59327113972125,-75.59327113972125
2355.7100660657884,-75.59289327083009,-75.59289327083009
2355.720066065788,-75.59251309789786,-75.59251309789786
2355.7300660657884,-75.59213080373812,-75.59213080373812
2355.740066065788,-75.59174656876147,-75.59174656876147
2355.7500660657884,-75.59136057107197,-75.59136057107197
2355.760066065788,-75.59097298654301,-75.59097298654301
2355.7700660657883,-75.59058398889842,-75.59058398889842
2355.780066065788,-75.59019374976405,-75.59019374976405
2355.7900660657883,-75.58980243872809,-75.58980243872809
2355.800066065788,-75.58941022337542,-75.58941022337542
2355.8100660657883,-75.58901726931856,-75.58901726931856
2355.820066065788,-75.58862374021733,-75.58862374021733
2355.8300660657883,-75.58822979782612,-75.58822979782612
2355.840066065788,-75.58783560198931,-75.58783560198931
2355.8500660657883,-75.5874413106724,-75.5874413106724
2355.8600660657885,-75.58704707995835,-75.58704707995835
2355.8700660657883,-75.5866530640665,-75.5866530640665
2355.8800660657885,-75.58625941536499,-75.58625941536499
2355.8900660657882,-75.58586628437247,-75.58586628437247
2355.9000660657885,-75.58547381977604,-75.58547381977604
2355.910066065788,-75.58508216840745,-75.58508216840745
2355.9200660657884,-75.5846914752875,-75.5846914752875
2355.930066065788,-75.58430188358606,-75.58430188358606
2355.9400660657884,-75.58391353467101,-75.58391353467101
2355.950066065788,-75.58352656807375,-75.58352656807375
2355.9600660657884,-75.58314112152614,-75.58314112152614
2355.970066065788,-75.58275733093944,-75.58275733093944
2355.9800660657884,-75.58237533042288,-75.58237533042288
2355.990066065788,-75.58199525227377,-75.58199525227377
2356.0000660657884,-75.5816172270128,-75.5816172270128
2356.010066065788,-75.58124138334898,-75.58124138334898
2356.0200660657883,-75.58086784820466,-75.58086784820466
2356.030066065788,-75.58049674673676,-75.58049674673676
2356.0400660657883,-75.58012820232312,-75.58012820232312
2356.050066065788,-75.57976233657031,-75.57976233657031
2356.0600660657883,-75.57939926932625,-75.57939926932625
2356.070066065788,-75.57903911868786,-75.57903911868786
2356.0800660657883,-75.578682001001,-75.578682001001
2356.090066065788,-75.57832803088166,-75.57832803088166
2356.1000660657883,-75.57797732122867,-75.57797732122867
2356.1100660657885,-75.57762998320257,-75.57762998320257
2356.1200660657883,-75.57728612626667,-75.57728612626667
2356.1300660657885,-75.57694585818288,-75.57694585818288
2356.1400660657882,-75.5766092850259,-75.5766092850259
2356.1500660657885,-75.57627651120559,-75.57627651120559
2356.160066065788,-75.57594763944219,-75.57594763944219
2356.1700660657884,-75.5756227708174,-75.5756227708174
2356.180066065788,-75.57530200476096,-75.57530200476096
2356.1900660657884,-75.57498543907658,-75.57498543907658
2356.20006608963,-75.57467316919991,-75.57467316919991
2356.2100660896303,-75.57435870008078,-75.57435870008078
2356.22006608963,-75.57403923896142,-75.57403923896142
2356.2300660896303,-75.5737134733399,-75.5737134733399
2356.24006608963,-75.57338077454334,-75.57338077454334
2356.2500660896303,-75.5730408942168,-75.5730408942168
2356.26006608963,-75.57269380669739,-75.57269380669739
2356.2700660896303,-75.57233961664417,-75.57233961664417
2356.28006608963,-75.57197850355784,-75.57197850355784
2356.2900660896303,-75.57161068840072,-75.57161068840072
2356.30006608963,-75.57123641358858,-75.57123641358858
2356.3100660896303,-75.57085593105984,-75.57085593105984
2356.32006608963,-75.57046949529285,-75.57046949529285
2356.3300660896302,-75.57007735925515,-75.57007735925515
2356.34006608963,-75.56967977223906,-75.56967977223906
2356.35006608963,-75.56927697874768,-75.56927697874768
2356.36006608963,-75.56886921808287,-75.56886921808287
2356.37006608963,-75.56845672426135,-75.56845672426135
2356.38006608963,-75.56803972618499,-75.56803972618499
2356.39006608963,-75.56761844790543,-75.56761844790543
2356.40006608963,-75.56719310893607,-75.56719310893607
2356.41006608963,-75.56676392452695,-75.56676392452695
2356.42006608963,-75.56633110601837,-75.56633110601837
2356.43006608963,-75.56589486109665,-75.56589486109665
2356.44006608963,-75.5654553940511,-75.5654553940511
2356.45006608963,-75.56501290597505,-75.56501290597505
2356.4600660896303,-75.56456759499085,-75.56456759499085
2356.47006608963,-75.56411965639086,-75.56411965639086
2356.4800660896303,-75.56366928279282,-75.56366928279282
2356.49006608963,-75.56321666426136,-75.56321666426136
2356.5000660896303,-75.56276198839828,-75.56276198839828
2356.51006608963,-75.56230544044807,-75.56230544044807
2356.5200660896303,-75.56184720335017,-75.56184720335017
2356.53006608963,-75.56138745781523,-75.56138745781523
2356.5400660896303,-75.56092638236161,-75.56092638236161
2356.55006608963,-75.56046415338534,-75.56046415338534
2356.5600660896303,-75.56000094515493,-75.56000094515493
2356.57006608963,-75.5595369298788,-75.5595369298788
2356.5800660896302,-75.55907227771264,-75.55907227771264
2356.59006608963,-75.5586071567709,-75.5586071567709
2356.60006608963,-75.55814173316628,-75.55814173316628
2356.61006608963,-75.55767617101093,-75.55767617101093
2356.62006608963,-75.55721063241339,-75.55721063241339
2356.63006608963,-75.55674527752052,-75.55674527752052
2356.64006608963,-75.55628026451103,-75.55628026451103
2356.65006608963,-75.55581574959385,-75.55581574959385
2356.66006608963,-75.55535188702402,-75.55535188702402
2356.67006608963,-75.55488882912181,-75.55488882912181
2356.68006608963,-75.55442672625296,-75.55442672625296
2356.69006608963,-75.55396572685324,-75.55396572685324
2356.70006608963,-75.55350597742742,-75.55350597742742
2356.7100660896303,-75.55304762255925,-75.55304762255925
2356.72006608963,-75.55259080490131,-75.55259080490131
2356.7300660896303,-75.55213566520355,-75.55213566520355
2356.74006608963,-75.55168234231182,-75.55168234231182
2356.7500660896303,-75.55123097316758,-75.55123097316758
2356.76006608963,-75.55078169281511,-75.55078169281511
2356.7700660896303,-75.55033463441308,-75.55033463441308
2356.78006608963,-75.54988992924875,-75.54988992924875
2356.7900660896303,-75.5494477067283,-75.5494477067283
2356.80006608963,-75.54900809440225,-75.54900809440225
2356.8100660896303,-75.5485712179584,-75.5485712179584
2356.82006608963,-75.54813720124443,-75.54813720124443
2356.8300660896302,-75.54770616626922,-75.54770616626922
2356.84006608963,-75.54727823321835,-75.54727823321835
2356.85006608963,-75.54685352045306,-75.54685352045306
2356.86006608963,-75.54643214454462,-75.54643214454462
2356.87006608963,-75.54601422024788,-75.54601422024788
2356.88006608963,-75.54559986054448,-75.54559986054448
2356.89006608963,-75.545189176645,-75.545189176645
2356.90006608963,-75.54478227799979,-75.54478227799979
2356.91006608963,-75.54437927230339,-75.54437927230339
2356.92006608963,-75.54398026552856,-75.54398026552856
2356.93006608963,-75.54358536190999,-75.54358536190999
2356.94006608963,-75.54319466397529,-75.54319466397529
2356.95006608963,-75.54280827255306,-75.54280827255306
2356.9600660896303,-75.54242628679664,-75.54242628679664
2356.97006608963,-75.54204880419417,-75.54204880419417
2356.9800660896303,-75.54167592055391,-75.54167592055391
2356.99006608963,-75.5413077300694,-75.5413077300694
2357.0000660896303,-75.54094432528998,-75.54094432528998
2357.01006608963,-75.54058579715932,-75.54058579715932
2357.0200660896303,-75.54023223502134,-75.54023223502134
2357.03006608963,-75.53988372663255,-75.53988372663255
2357.0400660896303,-75.53954035818523,-75.53954035818523
2357.050066113472,-75.53920221350826,-75.53920221350826
2357.060066113472,-75.53886937733466,-75.53886937733466
2357.070066113472,-75.53854193041501,-75.53854193041501
2357.080066113472,-75.53821995280586,-75.53821995280586
2357.090066113472,-75.53790352309314,-75.53790352309314
2357.100066113472,-75.53759271837194,-75.53759271837194
2357.110066113472,-75.53728761427841,-75.53728761427841
2357.120066113472,-75.53698828499891,-75.53698828499891
2357.130066113472,-75.53669480329008,-75.53669480329008
2357.140066113472,-75.53640724050042,-75.53640724050042
2357.150066113472,-75.53612566656986,-75.53612566656986
2357.160066113472,-75.53585015005277,-75.53585015005277
2357.170066113472,-75.5355807581469,-75.5355807581469
2357.180066113472,-75.53531755667892,-75.53531755667892
2357.190066113472,-75.5350606101504,-75.5350606101504
2357.200066113472,-75.53480998173656,-75.53480998173656
2357.210066113472,-75.53456573330958,-75.53456573330958
2357.220066113472,-75.53432792544692,-75.53432792544692
2357.230066113472,-75.5340966174456,-75.5340966174456
2357.240066113472,-75.53387186734466,-75.53387186734466
2357.250066113472,-75.53365373194653,-75.53365373194653
2357.260066113472,-75.5334422668139,-75.5334422668139
2357.270066113472,-75.53323752629919,-75.53323752629919
2357.280066113472,-75.53303956354002,-75.53303956354002
2357.2900661134718,-75.53284843050118,-75.53284843050118
2357.300066113472,-75.53266417797708,-75.53266417797708
2357.310066113472,-75.53248685560321,-75.53248685560321
2357.320066113472,-75.53231651188496,-75.53231651188496
2357.330066113472,-75.53215319417718,-75.53215319417718
2357.340066113472,-75.53199694874246,-75.53199694874246
2357.350066113472,-75.53184782073316,-75.53184782073316
2357.360066113472,-75.53170585423271,-75.53170585423271
2357.370066113472,-75.53157109224546,-75.53157109224546
2357.380066113472,-75.53144357671854,-75.53144357671854
2357.390066113472,-75.53132334855391,-75.53132334855391
2357.400066113472,-75.53121044764617,-75.53121044764617
2357.410066113472,-75.53110491285587,-75.53110491285587
2357.420066113472,-75.53100678205304,-75.53100678205304
2357.430066113472,-75.53091609212176,-75.53091609212176
2357.440066113472,-75.53083287896429,-75.53083287896429
2357.450066113472,-75.53075717752478,-75.53075717752478
2357.460066113472,-75.5306890218172,-75.5306890218172
2357.470066113472,-75.53062844489772,-75.53062844489772
2357.480066113472,-75.53057547891622,-75.53057547891622
2357.490066113472,-75.53053015510619,-75.53053015510619
2357.500066113472,-75.5304925038175,-75.5304925038175
2357.510066113472,-75.53046255449826,-75.53046255449826
2357.520066113472,-75.53044033575209,-75.53044033575209
2357.530066113472,-75.53042587529161,-75.53042587529161
2357.5400661134718,-75.53041920000928,-75.53041920000928
2357.550066113472,-75.5304203359531,-75.5304203359531
2357.560066113472,-75.53042930835362,-75.53042930835362
2357.570066113472,-75.530446141627,-75.530446141627
2357.580066113472,-75.53047085937675,-75.53047085937675
2357.590066113472,-75.53050348444721,-75.53050348444721
2357.600066113472,-75.530544038886,-75.530544038886
2357.610066113472,-75.53059254398484,-75.53059254398484
2357.620066113472,-75.53064902026644,-75.53064902026644
2357.630066113472,-75.53071348753711,-75.53071348753711
2357.640066113472,-75.53078596484755,-75.53078596484755
2357.650066113472,-75.53086647053429,-75.53086647053429
2357.660066113472,-75.53095502223304,-75.53095502223304
2357.670066113472,-75.5310516368674,-75.5310516368674
2357.680066113472,-75.53115633066567,-75.53115633066567
2357.690066113472,-75.53126911919814,-75.53126911919814
2357.700066113472,-75.53139001734316,-75.53139001734316
2357.710066113472,-75.53151903933833,-75.53151903933833
2357.720066113472,-75.53165619875891,-75.53165619875891
2357.730066113472,-75.53180150854661,-75.53180150854661
2357.740066113472,-75.53195498100085,-75.53195498100085
2357.750066113472,-75.532116627814,-75.532116627814
2357.760066113472,-75.53228646006454,-75.53228646006454
2357.770066113472,-75.53246448823393,-75.53246448823393
2357.780066113472,-75.53265072219521,-75.53265072219521
2357.7900661134718,-75.53284517124577,-75.53284517124577
2357.800066113472,-75.53304784410996,-75.53304784410996
2357.810066113472,-75.5332587489418,-75.5332587489418
2357.820066113472,-75.53347789334678,-75.53347789334678
2357.830066113472,-75.53370528437044,-75.53370528437044
2357.840066113472,-75.53394092851923,-75.53394092851923
2357.850066113472,-75.53418483178133,-75.53418483178133
2357.860066113472,-75.53443699960889,-75.53443699960889
2357.870066113472,-75.53469743693425,-75.53469743693425
2357.880066113472,-75.53496614818769,-75.53496614818769
2357.890066113472,-75.53524313730793,-75.53524313730793
2357.900066137314,-75.53552840841026,-75.53552840841026
2357.910066137314,-75.53582196311791,-75.53582196311791
2357.920066137314,-75.53612380456075,-75.53612380456075
2357.930066137314,-75.53643393474829,-75.53643393474829
2357.940066137314,-75.5367523552333,-75.5367523552333
2357.950066137314,-75.53707906710865,-75.53707906710865
2357.960066137314,-75.53740748120504,-75.53740748120504
2357.970066137314,-75.53773471199015,-75.53773471199015
2357.9800661373138,-75.53805935386042,-75.53805935386042
2357.990066137314,-75.53838068589604,-75.53838068589604
2358.0000661373138,-75.53869836846535,-75.53869836846535
2358.010066137314,-75.53901228572329,-75.53901228572329
2358.0200661373137,-75.53932245323394,-75.53932245323394
2358.030066137314,-75.53962896254994,-75.53962896254994
2358.0400661373137,-75.53993194783781,-75.53993194783781
2358.050066137314,-75.5402315658933,-75.5402315658933
2358.0600661373137,-75.54052798416697,-75.54052798416697
2358.070066137314,-75.54082137381768,-75.54082137381768
2358.0800661373137,-75.5411119056332,-75.5411119056332
2358.090066137314,-75.5413997478666,-75.5413997478666
2358.1000661373137,-75.54168506511235,-75.54168506511235
2358.110066137314,-75.54196801787211,-75.54196801787211
2358.1200661373136,-75.54224876245684,-75.54224876245684
2358.130066137314,-75.54252745119167,-75.54252745119167
2358.1400661373136,-75.54280423259478,-75.54280423259478
2358.150066137314,-75.54307925171234,-75.54307925171234
2358.160066137314,-75.54335265042096,-75.54335265042096
2358.170066137314,-75.54362456771577,-75.54362456771577
2358.180066137314,-75.54389513996904,-75.54389513996904
2358.190066137314,-75.54416450117614,-75.54416450117614
2358.200066137314,-75.54443278317353,-75.54443278317353
2358.210066137314,-75.54469352554642,-75.54469352554642
2358.220066137314,-75.54494397047561,-75.54494397047561
2358.2300661373138,-75.54518283894606,-75.54518283894606
2358.240066137314,-75.54540953557307,-75.54540953557307
2358.2500661373138,-75.54562384522745,-75.54562384522745
2358.260066137314,-75.54582577559445,-75.54582577559445
2358.2700661373137,-75.54601546488736,-75.54601546488736
2358.280066137314,-75.54619312643025,-75.54619312643025
2358.2900661373137,-75.54635901534229,-75.54635901534229
2358.300066137314,-75.54651340855914,-75.54651340855914
2358.3100661373137,-75.54665659289631,-75.54665659289631
2358.320066137314,-75.54678885808129,-75.54678885808129
2358.3300661373137,-75.54691049271024,-75.54691049271024
2358.340066137314,-75.54702178206811,-75.54702178206811
2358.3500661373137,-75.54712300699889,-75.54712300699889
2358.360066137314,-75.54721444347992,-75.54721444347992
2358.3700661373136,-75.54729636252492,-75.54729636252492
2358.380066137314,-75.54736903033299,-75.54736903033299
2358.3900661373136,-75.54743270852076,-75.54743270852076
2358.400066137314,-75.54748765440657,-75.54748765440657
2358.410066137314,-75.54753412132152,-75.54753412132152
2358.420066137314,-75.54757235886797,-75.54757235886797
2358.430066137314,-75.54760261318043,-75.54760261318043
2358.440066137314,-75.54762512716344,-75.54762512716344
2358.450066137314,-75.54764014068863,-75.54764014068863
2358.460066137314,-75.54764789074333,-75.54764789074333
2358.470066137314,-75.54764861161891,-75.54764861161891
2358.4800661373138,-75.54764253498341,-75.54764253498341
2358.490066137314,-75.54762989002207,-75.54762989002207
2358.5000661373138,-75.54761090349892,-75.54761090349892
2358.510066137314,-75.54758579982915,-75.54758579982915
2358.5200661373137,-75.54755480113401,-75.54755480113401
2358.530066137314,-75.54751812728581,-75.54751812728581
2358.5400661373137,-75.54747599593664,-75.54747599593664
2358.550066137314,-75.54742862255198,-75.54742862255198
2358.5600661373137,-75.5473762204121,-75.5473762204121
2358.570066137314,-75.54731900065003,-75.54731900065003
2358.5800661373137,-75.54725717224223,-75.54725717224223
2358.590066137314,-75.54719094204552,-75.54719094204552
2358.6000661373137,-75.54712051474897,-75.54712051474897
2358.610066137314,-75.5470460929296,-75.5470460929296
2358.6200661373136,-75.5469678770053,-75.5469678770053
2358.630066137314,-75.54688606527884,-75.54688606527884
2358.6400661373136,-75.54680085389583,-75.54680085389583
2358.650066137314,-75.54671243686624,-75.54671243686624
2358.660066137314,-75.5466210060497,-75.5466210060497
2358.670066137314,-75.5465267511659,-75.5465267511659
2358.680066137314,-75.54642985977728,-75.54642985977728
2358.690066137314,-75.54623680755273,-75.54623680755273
2358.700066137314,-75.54591096019553,-75.54591096019553
2358.710066137314,-75.5454369774149,-75.5454369774149
2358.720066137314,-75.54480865006767,-75.54480865006767
2358.7300661373138,-75.54402455157108,-75.54402455157108
2358.740066137314,-75.54308597986181,-75.54308597986181
2358.7500661611557,-75.54199579739397,-75.54199579739397
2358.760066161156,-75.54075774384982,-75.54075774384982
2358.7700661611557,-75.53937599431914,-75.53937599431914
2358.780066161156,-75.53785490549046,-75.53785490549046
2358.7900661611557,-75.53619885547121,-75.53619885547121
2358.800066161156,-75.53441215073022,-75.53441215073022
2358.8100661611556,-75.53249897398518,-75.53249897398518
2358.820066161156,-75.53046335758587,-75.53046335758587
2358.8300661611556,-75.5283091725077,-75.5283091725077
2358.840066161156,-75.52604012682032,-75.52604012682032
2358.8500661611556,-75.52365976955019,-75.52365976955019
2358.860066161156,-75.52117149762137,-75.52117149762137
2358.8700661611556,-75.51857856421769,-75.51857856421769
2358.880066161156,-75.51588408768143,-75.51588408768143
2358.8900661611556,-75.51309106042483,-75.51309106042483
2358.900066161156,-75.51020235749307,-75.51020235749307
2358.9100661611556,-75.507220744633,-75.507220744633
2358.920066161156,-75.50414888578413,-75.50414888578413
2358.9300661611555,-75.50098934999161,-75.50098934999161
2358.9400661611558,-75.49774461774385,-75.49774461774385
2358.9500661611555,-75.49441708674021,-75.49441708674021
2358.9600661611557,-75.49100907718307,-75.49100907718307
2358.9700661611555,-75.4875228365769,-75.4875228365769
2358.9800661611557,-75.4839605441357,-75.4839605441357
2358.9900661611555,-75.4803243147444,-75.4803243147444
2359.0000661611557,-75.47661620266334,-75.47661620266334
2359.010066161156,-75.47283820482915,-75.47283820482915
2359.0200661611557,-75.46899226392891,-75.46899226392891
2359.030066161156,-75.46508027119688,-75.46508027119688
2359.0400661611557,-75.46110406899054,-75.46110406899054
2359.050066161156,-75.45706545315775,-75.45706545315775
2359.0600661611556,-75.45296617519458,-75.45296617519458
2359.070066161156,-75.4488079442813,-75.4488079442813
2359.0800661611556,-75.44459242911275,-75.44459242911275
2359.090066161156,-75.44032125960345,-75.44032125960345
2359.1000661611556,-75.43599602850175,-75.43599602850175
2359.110066161156,-75.43161829284386,-75.43161829284386
2359.1200661611556,-75.4271895753196,-75.4271895753196
2359.130066161156,-75.42271136554407,-75.42271136554407
2359.1400661611556,-75.41818512126103,-75.41818512126103
2359.150066161156,-75.41361226940906,-75.41361226940906
2359.1600661611556,-75.40899420719492,-75.40899420719492
2359.170066161156,-75.40433230304507,-75.40433230304507
2359.1800661611555,-75.3996278975102,-75.3996278975102
2359.1900661611558,-75.39488230411474,-75.39488230411474
2359.2000661611555,-75.39009681017545,-75.39009681017545
2359.2100661611557,-75.38527267754121,-75.38527267754121
2359.2200661611555,-75.38041114331746,-75.38041114331746
2359.2300661611557,-75.37551342051758,-75.37551342051758
2359.2400661611555,-75.3705806987354,-75.3705806987354
2359.2500661611557,-75.36561414472466,-75.36561414472466
2359.260066161156,-75.36061490298104,-75.36061490298104
2359.2700661611557,-75.35558409629218,-75.35558409629218
2359.280066161156,-75.35052282625935,-75.35052282625935
2359.2900661611557,-75.34543217379127,-75.34543217379127
2359.300066161156,-75.34031319956802,-75.34031319956802
2359.3100661611556,-75.33516694453475,-75.33516694453475
2359.320066161156,-75.3299944302953,-75.3299944302953
2359.3300661611556,-75.32479665954652,-75.32479665954652
2359.340066161156,-75.31957461647141,-75.31957461647141
2359.3500661611556,-75.31432926715523,-75.31432926715523
2359.360066161156,-75.30906155991725,-75.30906155991725
2359.3700661611556,-75.30377242570557,-75.30377242570557
2359.380066161156,-75.29846277841199,-75.29846277841199
2359.3900661611556,-75.29313351524563,-75.29313351524563
2359.400066161156,-75.28778551702248,-75.28778551702248
2359.4100661611556,-75.28241964850608,-75.28241964850608
2359.420066161156,-75.27703675867933,-75.27703675867933
2359.4300661611555,-75.2716376810908,-75.2716376810908
2359.4400661611558,-75.26622323408787,-75.26622323408787
2359.4500661611555,-75.26079422113602,-75.26079422113602
2359.4600661611557,-75.25535143106978,-75.25535143106978
2359.4700661611555,-75.24989563837471,-75.24989563837471
2359.4800661611557,-75.24442760342016,-75.24442760342016
2359.4900661611555,-75.23894807275246,-75.23894807275246
2359.5000661611557,-75.23345777928375,-75.23345777928375
2359.510066161156,-75.22795744258599,-75.22795744258599
2359.5200661611557,-75.22244776908563,-75.22244776908563
2359.530066161156,-75.21692945232381,-75.21692945232381
2359.5400661611557,-75.2114031731521,-75.2114031731521
2359.550066161156,-75.20586959997544,-75.20586959997544
2359.5600661611556,-75.20032938895271,-75.20032938895271
2359.570066161156,-75.19478318419971,-75.19478318419971
2359.5800661611556,-75.18923161801881,-75.18923161801881
2359.590066161156,-75.18367531107133,-75.18367531107133
2359.6000661849976,-75.17811485935144,-75.17811485935144
2359.610066184998,-75.17255088730442,-75.17255088730442
2359.6200661849975,-75.16698396871821,-75.16698396871821
2359.6300661849978,-75.16141467966777,-75.16141467966777
2359.6400661849975,-75.15584358557177,-75.15584358557177
2359.6500661849977,-75.15027124133441,-75.15027124133441
2359.6600661849975,-75.14469819155505,-75.14469819155505
2359.6700661849977,-75.1391249706639,-75.1391249706639
2359.6800661849975,-75.13355210313134,-75.13355210313134
2359.6900661849977,-75.12798010359623,-75.12798010359623
2359.7000661849975,-75.122409477052,-75.122409477052
2359.7100661849977,-75.1168407189829,-75.1168407189829
2359.7200661849974,-75.11127431556483,-75.11127431556483
2359.7300661849977,-75.10571074378024,-75.10571074378024
2359.7400661849974,-75.10015047159133,-75.10015047159133
2359.7500661849976,-75.09459395806445,-75.09459395806445
2359.7600661849974,-75.0890416535642,-75.0890416535642
2359.7700661849976,-75.08349399983202,-75.08349399983202
2359.7800661849974,-75.07795143019523,-75.07795143019523
2359.7900661849976,-75.07241436965762,-75.07241436965762
2359.8000661849974,-75.06688323507026,-75.06688323507026
2359.8100661849976,-75.06135843523096,-75.06135843523096
2359.8200661849974,-75.05584037105194,-75.05584037105194
2359.8300661849976,-75.0503294356612,-75.0503294356612
2359.8400661849973,-75.04482601456527,-75.04482601456527
2359.8500661849976,-75.03933048573533,-75.03933048573533
2359.860066184998,-75.03384321975618,-75.03384321975618
2359.8700661849975,-75.028364579953,-75.028364579953
2359.8800661849978,-75.02289492246999,-75.02289492246999
2359.8900661849975,-75.01743459645492,-75.01743459645492
2359.9000661849977,-75.01198394411652,-75.01198394411652
2359.9100661849975,-75.006543300865,-75.006543300865
2359.9200661849977,-75.00111299541972,-75.00111299541972
2359.9300661849975,-74.99569334992196,-74.99569334992196
2359.9400661849977,-74.99028468003506,-74.99028468003506
2359.9500661849975,-74.98488729507541,-74.98488729507541
2359.9600661849977,-74.97950149806798,-74.97950149806798
2359.9700661849974,-74.97412758590227,-74.97412758590227
2359.9800661849977,-74.96876584940743,-74.96876584940743
2359.9900661849974,-74.96341657344878,-74.96341657344878
2360.0000661849976,-74.95808003704273,-74.95808003704273
2360.0100661849974,-74.95275651343837,-74.95275651343837
2360.0200661849976,-74.94744627022628,-74.94744627022628
2360.0300661849974,-74.94214956942157,-74.94214956942157
2360.0400661849976,-74.93686666755015,-74.93686666755015
2360.0500661849974,-74.93159781574678,-74.93159781574678
2360.0600661849976,-74.92634325985479,-74.92634325985479
2360.0700661849974,-74.92110324049747,-74.92110324049747
2360.0800661849976,-74.91587799317315,-74.91587799317315
2360.0900661849973,-74.91066774833013,-74.91066774833013
2360.1000661849976,-74.90547273145397,-74.90547273145397
2360.110066184998,-74.90029316316358,-74.90029316316358
2360.1200661849975,-74.89512925926934,-74.89512925926934
2360.1300661849978,-74.88998123086434,-74.88998123086434
2360.1400661849975,-74.88484928440171,-74.88484928440171
2360.1500661849977,-74.87973362176834,-74.87973362176834
2360.1600661849975,-74.87463444036956,-74.87463444036956
2360.1700661849977,-74.86955193317642,-74.86955193317642
2360.1800661849975,-74.86448628884561,-74.86448628884561
2360.1900661849977,-74.8594376917368,-74.8594376917368
2360.2000661849975,-74.85440632202486,-74.85440632202486
2360.2100661849977,-74.84938584720548,-74.84938584720548
2360.2200661849974,-74.84437360477773,-74.84437360477773
2360.2300661849977,-74.83936839312321,-74.83936839312321
2360.2400661849974,-74.83436968275173,-74.83436968275173
2360.2500661849976,-74.82937731604925,-74.82937731604925
2360.2600661849974,-74.82439135173183,-74.82439135173183
2360.2700661849976,-74.81941197376995,-74.81941197376995
2360.2800661849974,-74.81443943679074,-74.81443943679074
2360.2900661849976,-74.80947403329303,-74.80947403329303
2360.3000661849974,-74.804516074024,-74.804516074024
2360.3100661849976,-74.79956587633461,-74.79956587633461
2360.3200661849974,-74.7946237573967,-74.7946237573967
2360.3300661849976,-74.78969003033254,-74.78969003033254
2360.3400661849973,-74.78476500218264,-74.78476500218264
2360.3500661849976,-74.77984897287611,-74.77984897287611
2360.360066184998,-74.7749422348972,-74.7749422348972
2360.3700661849975,-74.77004507331556,-74.77004507331556
2360.3800661849978,-74.76515776598067,-74.76515776598067
2360.3900661849975,-74.76028058388798,-74.76028058388798
2360.4000661849977,-74.75541379149088,-74.75541379149088
2360.4100661849975,-74.75055764711871,-74.75055764711871
2360.4200661849977,-74.74571240329517,-74.74571240329517
2360.4300661849975,-74.7408783070937,-74.7408783070937
2360.4400661849977,-74.73605560039589,-74.73605560039589
2360.4500662088394,-74.7312445087466,-74.7312445087466
2360.4600662088396,-74.72644528739933,-74.72644528739933
2360.4700662088394,-74.72165815275237,-74.72165815275237
2360.4800662088396,-74.71688332837178,-74.71688332837178
2360.4900662088394,-74.71212103374135,-74.71212103374135
2360.5000662088396,-74.70737148434142,-74.70737148434142
2360.5100662088394,-74.70263489181619,-74.70263489181619
2360.5200662088396,-74.69791146404863,-74.69791146404863
2360.5300662088393,-74.69320140528288,-74.69320140528288
2360.5400662088396,-74.68850491618197,-74.68850491618197
2360.5500662088393,-74.68382219392548,-74.68382219392548
2360.5600662088395,-74.67915343225155,-74.67915343225155
2360.5700662088393,-74.67449882155204,-74.67449882155204
2360.5800662088395,-74.66985854888922,-74.66985854888922
2360.5900662088393,-74.66523279807755,-74.66523279807755
2360.6000662088395,-74.66062174969757,-74.66062174969757
2360.6100662088393,-74.65602558116026,-74.65602558116026
2360.6200662088395,-74.65144446673433,-74.65144446673433
2360.6300662088393,-74.64687857760241,-74.64687857760241
2360.6400662088395,-74.64232808184917,-74.64232808184917
2360.6500662088392,-74.63779314455144,-74.63779314455144
2360.6600662088395,-74.63327392776841,-74.63327392776841
2360.670066208839,-74.62877059059431,-74.62877059059431
2360.6800662088394,-74.62428328916249,-74.62428328916249
2360.690066208839,-74.6198121767044,-74.6198121767044
2360.7000662088394,-74.61535740354458,-74.61535740354458
2360.7100662088396,-74.61091911715549,-74.61091911715549
2360.7200662088394,-74.60649746217486,-74.60649746217486
2360.7300662088396,-74.60209258042404,-74.60209258042404
2360.7400662088394,-74.59770461094391,-74.59770461094391
2360.7500662088396,-74.59333369000099,-74.59333369000099
2360.7600662088394,-74.58897995115383,-74.58897995115383
2360.7700662088396,-74.58464352522293,-74.58464352522293
2360.7800662088393,-74.5803245403733,-74.5803245403733
2360.7900662088396,-74.57602312209897,-74.57602312209897
2360.8000662088393,-74.57173939327248,-74.57173939327248
2360.8100662088395,-74.56747347414237,-74.56747347414237
2360.8200662088393,-74.563225482399,-74.563225482399
2360.8300662088395,-74.55899553315264,-74.55899553315264
2360.8400662088393,-74.5547837390152,-74.5547837390152
2360.8500662088395,-74.5505902100585,-74.5505902100585
2360.8600662088393,-74.54641505390431,-74.54641505390431
2360.8700662088395,-74.54225837570644,-74.54225837570644
2360.8800662088393,-74.53812027820189,-74.53812027820189
2360.8900662088395,-74.53400086171001,-74.53400086171001
2360.9000662088392,-74.52990022419445,-74.52990022419445
2360.9100662088395,-74.52581846124811,-74.52581846124811
2360.920066208839,-74.52175566616494,-74.52175566616494
2360.9300662088394,-74.51771192990788,-74.51771192990788
2360.940066208839,-74.51368734119634,-74.51368734119634
2360.9500662088394,-74.50968198648006,-74.50968198648006
2360.9600662088396,-74.50569595000046,-74.50569595000046
2360.9700662088394,-74.50172931380222,-74.50172931380222
2360.9800662088396,-74.49778215775194,-74.49778215775194
2360.9900662088394,-74.49385455958135,-74.49385455958135
2361.0000662088396,-74.48994659488497,-74.48994659488497
2361.0100662088394,-74.48605833718334,-74.48605833718334
2361.0200662088396,-74.48218985791789,-74.48218985791789
2361.0300662088393,-74.4783412264836,-74.4783412264836
2361.0400662088396,-74.47451251026673,-74.47451251026673
2361.0500662088393,-74.4707037746555,-74.4707037746555
2361.0600662088395,-74.46691508305749,-74.46691508305749
2361.0700662088393,-74.46314649695898,-74.46314649695898
2361.0800662088395,-74.4593980759122,-74.4593980759122
2361.0900662088393,-74.45566987758656,-74.45566987758656
2361.1000662088395,-74.4519619577658,-74.4519619577658
2361.1100662088393,-74.44827437040739,-74.44827437040739
2361.1200662088395,-74.44460716761954,-74.44460716761954
2361.1300662088393,-74.44096039974718,-74.44096039974718
2361.1400662088395,-74.43733411534063,-74.43733411534063
2361.1500662088392,-74.43372836120247,-74.43372836120247
2361.1600662088395,-74.43014318241231,-74.43014318241231
2361.170066208839,-74.42657862234964,-74.42657862234964
2361.1800662088394,-74.42303472270822,-74.42303472270822
2361.190066208839,-74.41951152353427,-74.41951152353427
2361.2000662088394,-74.41600906322596,-74.41600906322596
2361.2100662088396,-74.41252737859341,-74.41252737859341
2361.2200662088394,-74.40906650483777,-74.40906650483777
2361.2300662088396,-74.40562647559658,-74.40562647559658
2361.2400662088394,-74.40220732297635,-74.40220732297635
2361.2500662088396,-74.39880907755021,-74.39880907755021
2361.2600662088394,-74.39543176839683,-74.39543176839683
2361.2700662088396,-74.39207542311262,-74.39207542311262
2361.2800662088393,-74.388740067838,-74.388740067838
2361.2900662088396,-74.38542572727589,-74.38542572727589
2361.3000662326813,-74.38213241687752,-74.38213241687752
2361.3100662326815,-74.37886017429427,-74.37886017429427
2361.3200662326813,-74.37560901212149,-74.37560901212149
2361.3300662326815,-74.37237894952928,-74.37237894952928
2361.3400662326812,-74.36917000435378,-74.36917000435378
2361.3500662326815,-74.36598219311956,-74.36598219311956
2361.360066232681,-74.36281553105839,-74.36281553105839
2361.3700662326814,-74.35967003211356,-74.35967003211356
2361.380066232681,-74.3565457089863,-74.3565457089863
2361.3900662326814,-74.35344257314411,-74.35344257314411
2361.400066232681,-74.35036063482104,-74.35036063482104
2361.4100662326814,-74.34729990306981,-74.34729990306981
2361.420066232681,-74.34426038575955,-74.34426038575955
2361.4300662326814,-74.34124208958295,-74.34124208958295
2361.440066232681,-74.33824502011363,-74.33824502011363
2361.4500662326814,-74.33526918177863,-74.33526918177863
2361.460066232681,-74.33231457790473,-74.33231457790473
2361.4700662326813,-74.3293812107281,-74.3293812107281
2361.480066232681,-74.32646908141965,-74.32646908141965
2361.4900662326813,-74.32357819007036,-74.32357819007036
2361.500066232681,-74.32070853576008,-74.32070853576008
2361.5100662326813,-74.31786011652285,-74.31786011652285
2361.520066232681,-74.31503292940036,-74.31503292940036
2361.5300662326813,-74.31222697043215,-74.31222697043215
2361.540066232681,-74.30944223469895,-74.30944223469895
2361.5500662326813,-74.30667871630504,-74.30667871630504
2361.5600662326815,-74.30393640842054,-74.30393640842054
2361.5700662326813,-74.30121530329116,-74.30121530329116
2361.5800662326815,-74.2985153922501,-74.2985153922501
2361.5900662326812,-74.29583666572442,-74.29583666572442
2361.6000662326815,-74.29317911326126,-74.29317911326126
2361.610066232681,-74.29054272354563,-74.29054272354563
2361.6200662326814,-74.28792748440712,-74.28792748440712
2361.630066232681,-74.28533338283707,-74.28533338283707
2361.6400662326814,-74.28276040499415,-74.28276040499415
2361.650066232681,-74.28020853623542,-74.28020853623542
2361.6600662326814,-74.2776777611146,-74.2776777611146
2361.670066232681,-74.27516806340664,-74.27516806340664
2361.6800662326814,-74.27267942611059,-74.27267942611059
2361.690066232681,-74.27021183147534,-74.27021183147534
2361.7000662326814,-74.26776526098901,-74.26776526098901
2361.710066232681,-74.26533969543932,-74.26533969543932
2361.7200662326813,-74.26293511486084,-74.26293511486084
2361.730066232681,-74.26055149860973,-74.26055149860973
2361.7400662326813,-74.25818882532472,-74.25818882532472
2361.750066232681,-74.25584707298097,-74.25584707298097
2361.7600662326813,-74.25352621887905,-74.25352621887905
2361.770066232681,-74.25122623965426,-74.25122623965426
2361.7800662326813,-74.2489471113029,-74.2489471113029
2361.790066232681,-74.24668880918915,-74.24668880918915
2361.8000662326813,-74.24445130804091,-74.24445130804091
2361.8100662326815,-74.24223458199005,-74.24223458199005
2361.8200662326813,-74.24003860456347,-74.24003860456347
2361.8300662326815,-74.23786334868637,-74.23786334868637
2361.8400662326812,-74.23570878671835,-74.23570878671835
2361.8500662326815,-74.23357489044338,-74.23357489044338
2361.860066232681,-74.23146163109143,-74.23146163109143
2361.8700662326814,-74.22936897934008,-74.22936897934008
2361.880066232681,-74.22729690532977,-74.22729690532977
2361.8900662326814,-74.22524537867338,-74.22524537867338
2361.900066232681,-74.22321436847305,-74.22321436847305
2361.9100662326814,-74.22120384330967,-74.22120384330967
2361.920066232681,-74.21921377127991,-74.21921377127991
2361.9300662326814,-74.21724411997155,-74.21724411997155
2361.940066232681,-74.21529485651297,-74.21529485651297
2361.9500662326814,-74.21336594755039,-74.21336594755039
2361.960066232681,-74.21145735928164,-74.21145735928164
2361.9700662326813,-74.2095690574276,-74.2095690574276
2361.980066232681,-74.20770100728757,-74.20770100728757
2361.9900662326813,-74.20585317371858,-74.20585317371858
2362.000066232681,-74.20402552114837,-74.20402552114837
2362.0100662326813,-74.20221801358596,-74.20221801358596
2362.020066232681,-74.2004306146439,-74.2004306146439
2362.0300662326813,-74.19866328751833,-74.19866328751833
2362.040066232681,-74.19691599501849,-74.19691599501849
2362.0500662326813,-74.19518869956133,-74.19518869956133
2362.0600662326815,-74.19348136319789,-74.19348136319789
2362.0700662326813,-74.1917939475971,-74.1917939475971
2362.0800662326815,-74.19012641407355,-74.19012641407355
2362.0900662326812,-74.18847872358886,-74.18847872358886
2362.1000662326815,-74.1868508367465,-74.1868508367465
2362.110066232681,-74.18524271382506,-74.18524271382506
2362.1200662326814,-74.18365431475361,-74.18365431475361
2362.130066232681,-74.1820855991478,-74.1820855991478
2362.1400662326814,-74.18053652629342,-74.18053652629342
2362.150066256523,-74.1790070515483,-74.1790070515483
2362.1600662565234,-74.17749714093554,-74.17749714093554
2362.170066256523,-74.17600674909957,-74.17600674909957
2362.1800662565233,-74.17453583413672,-74.17453583413672
2362.190066256523,-74.17308435385213,-74.17308435385213
2362.2000662565233,-74.17165226576343,-74.17165226576343
2362.210066256523,-74.17023952713237,-74.17023952713237
2362.2200662565233,-74.1688460949348,-74.1688460949348
2362.230066256523,-74.16747192589766,-74.16747192589766
2362.2400662565233,-74.16611697647758,-74.16611697647758
2362.250066256523,-74.1647812029108,-74.1647812029108
2362.2600662565233,-74.16346456116602,-74.16346456116602
2362.270066256523,-74.1621670069893,-74.1621670069893
2362.2800662565232,-74.1608884958821,-74.1608884958821
2362.290066256523,-74.1596289831389,-74.1596289831389
2362.300066256523,-74.15838842381694,-74.15838842381694
2362.310066256523,-74.15716677277598,-74.15716677277598
2362.320066256523,-74.15596398464264,-74.15596398464264
2362.330066256523,-74.15478001387379,-74.15478001387379
2362.340066256523,-74.15361481469213,-74.15361481469213
2362.350066256523,-74.15246834115445,-74.15246834115445
2362.360066256523,-74.15134054710143,-74.15134054710143
2362.370066256523,-74.15023138621963,-74.15023138621963
2362.380066256523,-74.14914081200143,-74.14914081200143
2362.390066256523,-74.14806877776927,-74.14806877776927
2362.400066256523,-74.14701523666585,-74.14701523666585
2362.4100662565234,-74.1459801416937,-74.1459801416937
2362.420066256523,-74.14496344567266,-74.14496344567266
2362.4300662565233,-74.14396510127058,-74.14396510127058
2362.440066256523,-74.14298506101565,-74.14298506101565
2362.4500662565233,-74.14202327727479,-74.14202327727479
2362.460066256523,-74.14107970229443,-74.14107970229443
2362.4700662565233,-74.14015428816153,-74.14015428816153
2362.480066256523,-74.1392469868407,-74.1392469868407
2362.4900662565233,-74.13835775016415,-74.13835775016415
2362.500066256523,-74.13748652984602,-74.13748652984602
2362.5100662565233,-74.13663327746022,-74.13663327746022
2362.520066256523,-74.13579794448447,-74.13579794448447
2362.5300662565232,-74.13498048226877,-74.13498048226877
2362.540066256523,-74.13418084206249,-74.13418084206249
2362.550066256523,-74.13339897500023,-74.13339897500023
2362.560066256523,-74.13263483213397,-74.13263483213397
2362.570066256523,-74.13188836439441,-74.13188836439441
2362.580066256523,-74.13115952262073,-74.13115952262073
2362.590066256523,-74.13044825757248,-74.13044825757248
2362.600066256523,-74.12975451991433,-74.12975451991433
2362.610066256523,-74.1290782602257,-74.1290782602257
2362.620066256523,-74.12841942901233,-74.12841942901233
2362.630066256523,-74.1277779766958,-74.1277779766958
2362.640066256523,-74.1271538536291,-74.1271538536291
2362.650066256523,-74.12654701007641,-74.12654701007641
2362.6600662565234,-74.12595739626018,-74.12595739626018
2362.670066256523,-74.12538496231991,-74.12538496231991
2362.6800662565233,-74.12482965834083,-74.12482965834083
2362.690066256523,-74.12429143435297,-74.12429143435297
2362.7000662565233,-74.1237702403173,-74.1237702403173
2362.710066256523,-74.1232660261602,-74.1232660261602
2362.7200662565233,-74.12277874174396,-74.12277874174396
2362.730066256523,-74.12230833689071,-74.12230833689071
2362.7400662565233,-74.1218547613743,-74.1218547613743
2362.750066256523,-74.12141796493518,-74.12141796493518
2362.7600662565233,-74.12099789726854,-74.12099789726854
2362.770066256523,-74.12059450804203,-74.12059450804203
2362.7800662565232,-74.12020774686856,-74.12020774686856
2362.790066256523,-74.11983756336049,-74.11983756336049
2362.800066256523,-74.11948390708402,-74.11948390708402
2362.810066256523,-74.11914672758046,-74.11914672758046
2362.820066256523,-74.11882597437861,-74.11882597437861
2362.830066256523,-74.11852159697786,-74.11852159697786
2362.840066256523,-74.11823354485435,-74.11823354485435
2362.850066256523,-74.11796176748038,-74.11796176748038
2362.860066256523,-74.11770621431306,-74.11770621431306
2362.870066256523,-74.11746683479988,-74.11746683479988
2362.880066256523,-74.11724357836026,-74.11724357836026
2362.890066256523,-74.11703639443422,-74.11703639443422
2362.900066256523,-74.11684523244122,-74.11684523244122
2362.9100662565234,-74.1166700418061,-74.1166700418061
2362.920066256523,-74.11650097339958,-74.11650097339958
2362.9300662565233,-74.11632624088826,-74.11632624088826
2362.940066256523,-74.11613551344927,-74.11613551344927
2362.9500662565233,-74.11592046155883,-74.11592046155883
2362.960066256523,-74.11567447229,-74.11567447229
2362.9700662565233,-74.11539226241017,-74.11539226241017
2362.980066256523,-74.11506956676006,-74.11506956676006
2362.9900662565233,-74.11470291444293,-74.11470291444293
2363.000066280365,-74.11428946988063,-74.11428946988063
2363.010066280365,-74.11382692261176,-74.11382692261176
2363.020066280365,-74.11331339624236,-74.11331339624236
2363.030066280365,-74.11274738561602,-74.11274738561602
2363.040066280365,-74.11212770228332,-74.11212770228332
2363.050066280365,-74.11145343030822,-74.11145343030822
2363.060066280365,-74.11072388910813,-74.11072388910813
2363.070066280365,-74.10993860181286,-74.10993860181286
2363.080066280365,-74.10909726818869,-74.10909726818869
2363.090066280365,-74.10819974127958,-74.10819974127958
2363.100066280365,-74.10724600719311,-74.10724600719311
2363.110066280365,-74.10623616757954,-74.10623616757954
2363.120066280365,-74.10517042440121,-74.10517042440121
2363.130066280365,-74.10404906667094,-74.10404906667094
2363.140066280365,-74.10287245888951,-74.10287245888951
2363.150066280365,-74.10164103095993,-74.10164103095993
2363.160066280365,-74.10035526935621,-74.10035526935621
2363.170066280365,-74.09901570937852,-74.09901570937852
2363.180066280365,-74.09762292839979,-74.09762292839979
2363.190066280365,-74.09617753989299,-74.09617753989299
2363.200066280365,-74.09468018824336,-74.09468018824336
2363.210066280365,-74.09313154411151,-74.09313154411151
2363.220066280365,-74.09153230041737,-74.09153230041737
2363.230066280365,-74.08988316875372,-74.08988316875372
2363.2400662803648,-74.08818487626894,-74.08818487626894
2363.250066280365,-74.0864381628515,-74.0864381628515
2363.260066280365,-74.08464377873553,-74.08464377873553
2363.270066280365,-74.08280248229117,-74.08280248229117
2363.280066280365,-74.08091503813068,-74.08091503813068
2363.290066280365,-74.07898221543016,-74.07898221543016
2363.300066280365,-74.07700478642067,-74.07700478642067
2363.310066280365,-74.07498352508186,-74.07498352508186
2363.320066280365,-74.07291920597328,-74.07291920597328
2363.330066280365,-74.07081260319977,-74.07081260319977
2363.340066280365,-74.06866448952167,-74.06866448952167
2363.350066280365,-74.06647563553172,-74.06647563553172
2363.360066280365,-74.0642468089703,-74.0642468089703
2363.370066280365,-74.0619787740962,-74.0619787740962
2363.380066280365,-74.05967229114275,-74.05967229114275
2363.390066280365,-74.0573281158394,-74.0573281158394
2363.400066280365,-74.05494699899457,-74.05494699899457
2363.410066280365,-74.05252968613352,-74.05252968613352
2363.420066280365,-74.05007691718119,-74.05007691718119
2363.430066280365,-74.04758942618477,-74.04758942618477
2363.440066280365,-74.04506794107796,-74.04506794107796
2363.450066280365,-74.04251318347961,-74.04251318347961
2363.460066280365,-74.03992586851172,-74.03992586851172
2363.470066280365,-74.03730670466487,-74.03730670466487
2363.480066280365,-74.03465639367299,-74.03465639367299
2363.4900662803648,-74.03197563039105,-74.03197563039105
2363.500066280365,-74.02926510274277,-74.02926510274277
2363.510066280365,-74.02652549163807,-74.02652549163807
2363.520066280365,-74.02375747094165,-74.02375747094165
2363.530066280365,-74.02096170738054,-74.02096170738054
2363.540066280365,-74.01813886059159,-74.01813886059159
2363.550066280365,-74.01528958304783,-74.01528958304783
2363.560066280365,-74.01241452010137,-74.01241452010137
2363.570066280365,-74.00951430994182,-74.00951430994182
2363.580066280365,-74.00658958364392,-74.00658958364392
2363.590066280365,-74.00364096515106,-74.00364096515106
2363.600066280365,-74.00066907132711,-74.00066907132711
2363.610066280365,-73.99767451196489,-73.99767451196489
2363.620066280365,-73.99465788983674,-73.99465788983674
2363.630066280365,-73.99161980069759,-73.99161980069759
2363.640066280365,-73.98856083336835,-73.98856083336835
2363.650066280365,-73.98548156974292,-73.98548156974292
2363.660066280365,-73.98238258485803,-73.98238258485803
2363.670066280365,-73.97926444692769,-73.97926444692769
2363.680066280365,-73.97612771740224,-73.97612771740224
2363.690066280365,-73.97297295099723,-73.97297295099723
2363.700066280365,-73.96980069579247,-73.96980069579247
2363.710066280365,-73.96661149323971,-73.96661149323971
2363.720066280365,-73.96340587824245,-73.96340587824245
2363.730066280365,-73.96018437919673,-73.96018437919673
2363.7400662803648,-73.95694751807999,-73.95694751807999
2363.750066280365,-73.95369581045334,-73.95369581045334
2363.760066280365,-73.9504297655863,-73.9504297655863
2363.770066280365,-73.94714988645904,-73.94714988645904
2363.780066280365,-73.94385666986264,-73.94385666986264
2363.790066280365,-73.94055060642086,-73.94055060642086
2363.800066280365,-73.93723218067275,-73.93723218067275
2363.810066280365,-73.93390187113815,-73.93390187113815
2363.820066280365,-73.93056015034762,-73.93056015034762
2363.830066280365,-73.92720748492906,-73.92720748492906
2363.840066280365,-73.9238443356529,-73.9238443356529
2363.850066304207,-73.92047114944555,-73.92047114944555
2363.860066304207,-73.91708839160283,-73.91708839160283
2363.870066304207,-73.91369649763469,-73.91369649763469
2363.880066304207,-73.91029590548003,-73.91029590548003
2363.890066304207,-73.90688704749496,-73.90688704749496
2363.900066304207,-73.90347035051803,-73.90347035051803
2363.910066304207,-73.90004623594845,-73.90004623594845
2363.920066304207,-73.89661511977619,-73.89661511977619
2363.930066304207,-73.8931774126484,-73.8931774126484
2363.940066304207,-73.88973351992873,-73.88973351992873
2363.9500663042068,-73.88628384173839,-73.88628384173839
2363.960066304207,-73.88282877302355,-73.88282877302355
2363.9700663042067,-73.87936870360423,-73.87936870360423
2363.980066304207,-73.87590401822887,-73.87590401822887
2363.9900663042067,-73.87243509661556,-73.87243509661556
2364.000066304207,-73.86896231353114,-73.86896231353114
2364.0100663042067,-73.86548603881013,-73.86548603881013
2364.020066304207,-73.86200663743746,-73.86200663743746
2364.0300663042067,-73.8585244695619,-73.8585244695619
2364.040066304207,-73.85503989059123,-73.85503989059123
2364.0500663042067,-73.85155325120591,-73.85155325120591
2364.060066304207,-73.84806489742107,-73.84806489742107
2364.0700663042066,-73.84457517065383,-73.84457517065383
2364.080066304207,-73.84108440772488,-73.84108440772488
2364.0900663042066,-73.83759294095539,-73.83759294095539
2364.100066304207,-73.83410109819816,-73.83410109819816
2364.110066304207,-73.83060920287225,-73.83060920287225
2364.120066304207,-73.82711757402782,-73.82711757402782
2364.130066304207,-73.82362652636779,-73.82362652636779
2364.140066304207,-73.82013637032675,-73.82013637032675
2364.150066304207,-73.8166474120892,-73.8166474120892
2364.160066304207,-73.81315995365043,-73.81315995365043
2364.170066304207,-73.80967429284743,-73.80967429284743
2364.180066304207,-73.80619072342033,-73.80619072342033
2364.190066304207,-73.80270953504174,-73.80270953504174
2364.2000663042068,-73.79923101335571,-73.79923101335571
2364.210066304207,-73.7957490062022,-73.7957490062022
2364.2200663042067,-73.7922609763895,-73.7922609763895
2364.230066304207,-73.78876582941398,-73.78876582941398
2364.2400663042067,-73.7852631364771,-73.7852631364771
2364.250066304207,-73.78175283809163,-73.78175283809163
2364.2600663042067,-73.77823509016014,-73.77823509016014
2364.270066304207,-73.77471017372284,-73.77471017372284
2364.2800663042067,-73.77117844078451,-73.77117844078451
2364.290066304207,-73.76764028167054,-73.76764028167054
2364.3000663042067,-73.7640961054842,-73.7640961054842
2364.310066304207,-73.76054632844766,-73.76054632844766
2364.3200663042066,-73.75699136707193,-73.75699136707193
2364.330066304207,-73.75343163423999,-73.75343163423999
2364.3400663042066,-73.74986753706958,-73.74986753706958
2364.350066304207,-73.74629947588787,-73.74629947588787
2364.360066304207,-73.74272784380128,-73.74272784380128
2364.370066304207,-73.73915302667838,-73.73915302667838
2364.380066304207,-73.73557540330349,-73.73557540330349
2364.390066304207,-73.73199534568343,-73.73199534568343
2364.400066304207,-73.72841321935043,-73.72841321935043
2364.410066304207,-73.72482938370304,-73.72482938370304
2364.420066304207,-73.72124419231403,-73.72124419231403
2364.430066304207,-73.71765799325577,-73.71765799325577
2364.440066304207,-73.71407112931956,-73.71407112931956
2364.4500663042068,-73.71048393830431,-73.71048393830431
2364.460066304207,-73.70689675320203,-73.70689675320203
2364.4700663042067,-73.70330990237696,-73.70330990237696
2364.480066304207,-73.69972370973724,-73.69972370973724
2364.4900663042067,-73.696138494877,-73.696138494877
2364.500066304207,-73.69255457319365,-73.69255457319365
2364.5100663042067,-73.68897225599103,-73.68897225599103
2364.520066304207,-73.68539185055913,-73.68539185055913
2364.5300663042067,-73.68181366027412,-73.68181366027412
2364.540066304207,-73.6782379846588,-73.6782379846588
2364.5500663042067,-73.67466511944535,-73.67466511944535
2364.560066304207,-73.6710953566123,-73.6710953566123
2364.5700663042066,-73.66752898446235,-73.66752898446235
2364.580066304207,-73.66396628762904,-73.66396628762904
2364.5900663042066,-73.66040754714021,-73.66040754714021
2364.600066304207,-73.6568530404458,-73.6568530404458
2364.610066304207,-73.65330304143855,-73.65330304143855
2364.620066304207,-73.64975782049282,-73.64975782049282
2364.630066304207,-73.64621764448796,-73.64621764448796
2364.640066304207,-73.64268277684312,-73.64268277684312
2364.650066304207,-73.63915347751491,-73.63915347751491
2364.660066304207,-73.63563000304217,-73.63563000304217
2364.670066304207,-73.63211260656385,-73.63211260656385
2364.680066304207,-73.62860153784072,-73.62860153784072
2364.690066304207,-73.62509704325791,-73.62509704325791
2364.7000663280487,-73.6215993575457,-73.6215993575457
2364.710066328049,-73.61810873712166,-73.61810873712166
2364.7200663280487,-73.61462541007108,-73.61462541007108
2364.730066328049,-73.61114960954171,-73.61114960954171
2364.7400663280487,-73.60768156542451,-73.60768156542451
2364.750066328049,-73.6042215043824,-73.6042215043824
2364.7600663280487,-73.60076964984871,-73.60076964984871
2364.770066328049,-73.59732622206265,-73.59732622206265
2364.7800663280486,-73.59389143807945,-73.59389143807945
2364.790066328049,-73.5904655118004,-73.5904655118004
2364.8000663280486,-73.58704865398545,-73.58704865398545
2364.810066328049,-73.5836410722841,-73.5836410722841
2364.8200663280486,-73.5802429712536,-73.5802429712536
2364.830066328049,-73.57685455237592,-73.57685455237592
2364.8400663280486,-73.57347601409064,-73.57347601409064
2364.850066328049,-73.57010755180013,-73.57010755180013
2364.8600663280486,-73.56674935791284,-73.56674935791284
2364.870066328049,-73.56340162183916,-73.56340162183916
2364.8800663280485,-73.56006453005429,-73.56006453005429
2364.8900663280488,-73.55673826607241,-73.55673826607241
2364.9000663280485,-73.55342301052127,-73.55342301052127
2364.9100663280487,-73.55011894111963,-73.55011894111963
2364.9200663280485,-73.54682623272986,-73.54682623272986
2364.9300663280487,-73.54354505738209,-73.54354505738209
2364.9400663280485,-73.54027558426812,-73.54027558426812
2364.9500663280487,-73.53701797980723,-73.53701797980723
2364.960066328049,-73.533772407647,-73.533772407647
2364.9700663280487,-73.53053902868643,-73.53053902868643
2364.980066328049,-73.5273180011072,-73.5273180011072
2364.9900663280487,-73.52410948040674,-73.52410948040674
2365.000066328049,-73.52091361939775,-73.52091361939775
2365.0100663280487,-73.51773056826754,-73.51773056826754
2365.020066328049,-73.51456047456249,-73.51456047456249
2365.0300663280486,-73.51140348325511,-73.51140348325511
2365.040066328049,-73.50825973673298,-73.50825973673298
2365.0500663280486,-73.50512937484847,-73.50512937484847
2365.060066328049,-73.50201253492885,-73.50201253492885
2365.0700663280486,-73.49890935181922,-73.49890935181922
2365.080066328049,-73.49581995788263,-73.49581995788263
2365.0900663280486,-73.49274448304004,-73.49274448304004
2365.100066328049,-73.48968305479836,-73.48968305479836
2365.1100663280486,-73.48663579827426,-73.48663579827426
2365.120066328049,-73.48360283620492,-73.48360283620492
2365.1300663280485,-73.48058428899283,-73.48058428899283
2365.1400663280488,-73.47758027470694,-73.47758027470694
2365.1500663280485,-73.47459090913601,-73.47459090913601
2365.1600663280487,-73.47161630579558,-73.47161630579558
2365.1700663280485,-73.46865657595175,-73.46865657595175
2365.1800663280487,-73.46571182865175,-73.46571182865175
2365.1900663280485,-73.46278217074527,-73.46278217074527
2365.2000663280487,-73.45986770691772,-73.45986770691772
2365.210066328049,-73.45696853968592,-73.45696853968592
2365.2200663280487,-73.45408476947034,-73.45408476947034
2365.230066328049,-73.45121649456871,-73.45121649456871
2365.2400663280487,-73.44836381121542,-73.44836381121542
2365.250066328049,-73.44552681358576,-73.44552681358576
2365.2600663280487,-73.44270559382899,-73.44270559382899
2365.270066328049,-73.43990024207676,-73.43990024207676
2365.2800663280486,-73.43711084650475,-73.43711084650475
2365.290066328049,-73.43433749330833,-73.43433749330833
2365.3000663280486,-73.43158026675033,-73.43158026675033
2365.310066328049,-73.42883924918158,-73.42883924918158
2365.3200663280486,-73.42611452107558,-73.42611452107558
2365.330066328049,-73.42340616101154,-73.42340616101154
2365.3400663280486,-73.42071424573471,-73.42071424573471
2365.350066328049,-73.4180388501722,-73.4180388501722
2365.3600663280486,-73.41538004744996,-73.41538004744996
2365.370066328049,-73.41273790889817,-73.41273790889817
2365.3800663280485,-73.41011250411081,-73.41011250411081
2365.3900663280488,-73.40750390092433,-73.40750390092433
2365.4000663280485,-73.40491216547674,-73.40491216547674
2365.4100663280487,-73.40233736220458,-73.40233736220458
2365.4200663280485,-73.39977955386728,-73.39977955386728
2365.4300663280487,-73.39723880157618,-73.39723880157618
2365.4400663280485,-73.39471516481736,-73.39471516481736
2365.4500663280487,-73.39220870145377,-73.39220870145377
2365.460066328049,-73.38971946776807,-73.38971946776807
2365.4700663280487,-73.38724751845908,-73.38724751845908
2365.480066328049,-73.38479290668874,-73.38479290668874
2365.4900663280487,-73.38235568407204,-73.38235568407204
2365.500066328049,-73.3799359007291,-73.3799359007291
2365.5100663280487,-73.37753360527246,-73.37753360527246
2365.520066328049,-73.37514884484791,-73.37514884484791
2365.5300663280486,-73.37278166515686,-73.37278166515686
2365.540066328049,-73.37043211044437,-73.37043211044437
2365.5500663518906,-73.36810021800244,-73.36810021800244
2365.560066351891,-73.36578604043432,-73.36578604043432
2365.5700663518905,-73.36348961217871,-73.36348961217871
2365.5800663518908,-73.36121097194963,-73.36121097194963
2365.5900663518905,-73.35895015709484,-73.35895015709484
2365.6000663518907,-73.35670720363716,-73.35670720363716
2365.6100663518905,-73.35448214629645,-73.35448214629645
2365.6200663518907,-73.35227501851205,-73.35227501851205
2365.6300663518905,-73.35008585241977,-73.35008585241977
2365.6400663518907,-73.34791467891831,-73.34791467891831
2365.6500663518905,-73.34576152767451,-73.34576152767451
2365.6600663518907,-73.34362642710695,-73.34362642710695
2365.6700663518905,-73.34150940443921,-73.34150940443921
2365.6800663518907,-73.33941048570658,-73.33941048570658
2365.6900663518904,-73.337329695758,-73.337329695758
2365.7000663518907,-73.33526705828685,-73.33526705828685
2365.7100663518904,-73.33322259585654,-73.33322259585654
2365.7200663518906,-73.33119632988584,-73.33119632988584
2365.7300663518904,-73.32918828068674,-73.32918828068674
2365.7400663518906,-73.32719846747354,-73.32719846747354
2365.7500663518904,-73.32522690837715,-73.32522690837715
2365.7600663518906,-73.3232736204664,-73.3232736204664
2365.7700663518904,-73.32133861975127,-73.32133861975127
2365.7800663518906,-73.31942192120898,-73.31942192120898
2365.7900663518903,-73.31752353878579,-73.31752353878579
2365.8000663518906,-73.31564348543047,-73.31564348543047
2365.810066351891,-73.31378177308193,-73.31378177308193
2365.8200663518905,-73.31193841270299,-73.31193841270299
2365.8300663518908,-73.31011341430194,-73.31011341430194
2365.8400663518905,-73.30830678691414,-73.30830678691414
2365.8500663518907,-73.30651853864894,-73.30651853864894
2365.8600663518905,-73.30474867667893,-73.30474867667893
2365.8700663518907,-73.30299720726401,-73.30299720726401
2365.8800663518905,-73.30126413577241,-73.30126413577241
2365.8900663518907,-73.29954946666518,-73.29954946666518
2365.9000663518905,-73.29785320355118,-73.29785320355118
2365.9100663518907,-73.29617534915785,-73.29617534915785
2365.9200663518905,-73.29451590537175,-73.29451590537175
2365.9300663518907,-73.29287487323768,-73.29287487323768
2365.9400663518904,-73.29125225297555,-73.29125225297555
2365.9500663518907,-73.2896480439959,-73.2896480439959
2365.9600663518904,-73.28805585209628,-73.28805585209628
2365.9700663518906,-73.2864728752702,-73.2864728752702
2365.9800663518904,-73.28489774750334,-73.28489774750334
2365.9900663518906,-73.28332976733576,-73.28332976733576
2366.0000663518904,-73.28176860345341,-73.28176860345341
2366.0100663518906,-73.28021414173197,-73.28021414173197
2366.0200663518904,-73.27866639556763,-73.27866639556763
2366.0300663518906,-73.27712545194025,-73.27712545194025
2366.0400663518903,-73.27559143899464,-73.27559143899464
2366.0500663518906,-73.27406450653658,-73.27406450653658
2366.060066351891,-73.27254481443646,-73.27254481443646
2366.0700663518905,-73.27103252580386,-73.27103252580386
2366.0800663518908,-73.26952780302113,-73.26952780302113
2366.0900663518905,-73.268030805631,-73.268030805631
2366.1000663518907,-73.26654168924729,-73.26654168924729
2366.1100663518905,-73.26506060512533,-73.26506060512533
2366.1200663518907,-73.26358770008503,-73.26358770008503
2366.1300663518905,-73.26212311666198,-73.26212311666198
2366.1400663518907,-73.26066699333357,-73.26066699333357
2366.1500663518905,-73.25921946485063,-73.25921946485063
2366.1600663518907,-73.25778066250764,-73.25778066250764
2366.1700663518905,-73.25635071443305,-73.25635071443305
2366.1800663518907,-73.25492974586898,-73.25492974586898
2366.1900663518904,-73.25351787941042,-73.25351787941042
2366.2000663518907,-73.25211523519096,-73.25211523519096
2366.2100663518904,-73.25072193109928,-73.25072193109928
2366.2200663518906,-73.24933808291438,-73.24933808291438
2366.2300663518904,-73.24796380444786,-73.24796380444786
2366.2400663518906,-73.2465992076527,-73.2465992076527
2366.2500663518904,-73.24524440272197,-73.24524440272197
2366.2600663518906,-73.24389949815972,-73.24389949815972
2366.2700663518904,-73.2425646008752,-73.2425646008752
2366.2800663518906,-73.24123981620014,-73.24123981620014
2366.2900663518903,-73.23992524795209,-73.23992524795209
2366.3000663518906,-73.23862099846842,-73.23862099846842
2366.310066351891,-73.23732716864015,-73.23732716864015
2366.3200663518905,-73.23604385792842,-73.23604385792842
2366.3300663518908,-73.23477116438063,-73.23477116438063
2366.3400663518905,-73.23350918466409,-73.23350918466409
2366.3500663518907,-73.23225801405583,-73.23225801405583
2366.3600663518905,-73.23101774645964,-73.23101774645964
2366.3700663518907,-73.22978847440693,-73.22978847440693
2366.3800663518905,-73.22857028907538,-73.22857028907538
2366.3900663518907,-73.22736328027862,-73.22736328027862
2366.4000663757324,-73.2261675336333,-73.2261675336333
2366.4100663757326,-73.22498314195668,-73.22498314195668
2366.4200663757324,-73.22381018812106,-73.22381018812106
2366.4300663757326,-73.2226487565145,-73.2226487565145
2366.4400663757324,-73.2214989301708,-73.2214989301708
2366.4500663757326,-73.22036079077498,-73.22036079077498
2366.4600663757324,-73.21922803199637,-73.21922803199637
2366.4700663757326,-73.21809793562213,-73.21809793562213
2366.4800663757323,-73.21696921738423,-73.21696921738423
2366.4900663757326,-73.2158412563272,-73.2158412563272
2366.5000663757323,-73.21471380066367,-73.21471380066367
2366.5100663757325,-73.21358681498151,-73.21358681498151
2366.5200663757323,-73.2124603906445,-73.2124603906445
2366.5300663757325,-73.21133469193381,-73.21133469193381
2366.5400663757323,-73.21020992366077,-73.21020992366077
2366.5500663757325,-73.20908631167318,-73.20908631167318
2366.5600663757323,-73.20796409125205,-73.20796409125205
2366.5700663757325,-73.20684350027497,-73.20684350027497
2366.5800663757323,-73.20572477530256,-73.20572477530256
2366.5900663757325,-73.20460814940428,-73.20460814940428
2366.6000663757322,-73.20349385109732,-73.20349385109732
2366.6100663757325,-73.20238210387717,-73.20238210387717
2366.620066375732,-73.2012731261674,-73.2012731261674
2366.6300663757324,-73.20016713144119,-73.20016713144119
2366.640066375732,-73.1990643284692,-73.1990643284692
2366.6500663757324,-73.19796492159523,-73.19796492159523
2366.6600663757326,-73.19686911105566,-73.19686911105566
2366.6700663757324,-73.19577709325256,-73.19577709325256
2366.6800663757326,-73.19468906098837,-73.19468906098837
2366.6900663757324,-73.19360520374923,-73.19360520374923
2366.7000663757326,-73.1925257078692,-73.1925257078692
2366.7100663757324,-73.19145075674555,-73.19145075674555
2366.7200663757326,-73.19038053098097,-73.19038053098097
2366.7300663757323,-73.1893152085072,-73.1893152085072
2366.7400663757326,-73.1882549647094,-73.1882549647094
2366.7500663757323,-73.18719997251098,-73.18719997251098
2366.7600663757325,-73.18615040246901,-73.18615040246901
2366.7700663757323,-73.18510642282646,-73.18510642282646
2366.7800663757325,-73.18406819956834,-73.18406819956834
2366.7900663757323,-73.1830358964816,-73.1830358964816
2366.8000663757325,-73.18200967516695,-73.18200967516695
2366.8100663757323,-73.18098969510609,-73.18098969510609
2366.8200663757325,-73.17997611365608,-73.17997611365608
2366.8300663757323,-73.17896908608265,-73.17896908608265
2366.8400663757325,-73.17796876557436,-73.17796876557436
2366.8500663757322,-73.17697530327459,-73.17697530327459
2366.8600663757325,-73.17598884826143,-73.17598884826143
2366.870066375732,-73.17500954758206,-73.17500954758206
2366.8800663757324,-73.17403754625435,-73.17403754625435
2366.890066375732,-73.17307298727452,-73.17307298727452
2366.9000663757324,-73.17211601162057,-73.17211601162057
2366.9100663757326,-73.17116675825503,-73.17116675825503
2366.9200663757324,-73.170225364137,-73.170225364137
2366.9300663757326,-73.16929196423474,-73.16929196423474
2366.9400663757324,-73.16836669151459,-73.16836669151459
2366.9500663757326,-73.16744967694031,-73.16744967694031
2366.9600663757324,-73.16654104949673,-73.16654104949673
2366.9700663757326,-73.16564093619374,-73.16564093619374
2366.9800663757323,-73.16474946205928,-73.16474946205928
2366.9900663757326,-73.16386675015123,-73.16386675015123
2367.0000663757323,-73.16299292156697,-73.16299292156697
2367.0100663757325,-73.16212809544281,-73.16212809544281
2367.0200663757323,-73.16127238896814,-73.16127238896814
2367.0300663757325,-73.160425917376,-73.160425917376
2367.0400663757323,-73.15958879398607,-73.15958879398607
2367.0500663757325,-73.15876113017515,-73.15876113017515
2367.0600663757323,-73.1579430354035,-73.1579430354035
2367.0700663757325,-73.1571346172272,-73.1571346172272
2367.0800663757323,-73.15633598130078,-73.15633598130078
2367.0900663757325,-73.15554723138594,-73.15554723138594
2367.1000663757322,-73.15476846937146,-73.15476846937146
2367.1100663757325,-73.15399979526839,-73.15399979526839
2367.120066375732,-73.15324130724316,-73.15324130724316
2367.1300663757324,-73.15249310160908,-73.15249310160908
2367.140066375732,-73.15175527284397,-73.15175527284397
2367.1500663757324,-73.15102791361929,-73.15102791361929
2367.1600663757326,-73.15031111478716,-73.15031111478716
2367.1700663757324,-73.14960496540675,-73.14960496540675
2367.1800663757326,-73.14890955275388,-73.14890955275388
2367.1900663757324,-73.14822496233906,-73.14822496233906
2367.2000663757326,-73.14755127792898,-73.14755127792898
2367.2100663757324,-73.1468885815402,-73.1468885815402
2367.2200663757326,-73.14623695346579,-73.14623695346579
2367.2300663757323,-73.14559647229459,-73.14559647229459
2367.2400663757326,-73.14496721491378,-73.14496721491378
2367.2500663995743,-73.14434925507244,-73.14434925507244
2367.2600663995745,-73.14374266928877,-73.14374266928877
2367.2700663995743,-73.14314752795988,-73.14314752795988
2367.2800663995745,-73.14256390134861,-73.14256390134861
2367.2900663995742,-73.14199185811219,-73.14199185811219
2367.3000663995745,-73.14143146529253,-73.14143146529253
2367.310066399574,-73.14088278835943,-73.14088278835943
2367.3200663995744,-73.14034589121428,-73.14034589121428
2367.330066399574,-73.1398208361985,-73.1398208361985
2367.3400663995744,-73.13930768412104,-73.13930768412104
2367.350066399574,-73.13880649426766,-73.13880649426766
2367.3600663995744,-73.13831732442586,-73.13831732442586
2367.370066399574,-73.13784023090356,-73.13784023090356
2367.3800663995744,-73.13737526851813,-73.13737526851813
2367.390066399574,-73.13692249065542,-73.13692249065542
2367.4000663995744,-73.1364819492533,-73.1364819492533
2367.410066399574,-73.13605369483633,-73.13605369483633
2367.4200663995744,-73.135637776509,-73.135637776509
2367.430066399574,-73.1352342420086,-73.1352342420086
2367.4400663995743,-73.13484313769332,-73.13484313769332
2367.450066399574,-73.13446450856796,-73.13446450856796
2367.4600663995743,-73.13409839830197,-73.13409839830197
2367.470066399574,-73.1337448492486,-73.1337448492486
2367.4800663995743,-73.13340390243297,-73.13340390243297
2367.490066399574,-73.13307559762724,-73.13307559762724
2367.5000663995743,-73.13275997330646,-73.13275997330646
2367.5100663995745,-73.13245706669586,-73.13245706669586
2367.5200663995743,-73.13216691378767,-73.13216691378767
2367.5300663995745,-73.1318895493419,-73.1318895493419
2367.5400663995742,-73.13162500691679,-73.13162500691679
2367.5500663995745,-73.13137331886831,-73.13137331886831
2367.560066399574,-73.1311345163978,-73.1311345163978
2367.5700663995744,-73.1309086295231,-73.1309086295231
2367.580066399574,-73.13069568713185,-73.13069568713185
2367.5900663995744,-73.13049571698271,-73.13049571698271
2367.600066399574,-73.13030874571348,-73.13030874571348
2367.6100663995744,-73.1301347988653,-73.1301347988653
2367.620066399574,-73.12997390089507,-73.12997390089507
2367.6300663995744,-73.12982607520114,-73.12982607520114
2367.640066399574,-73.1296913441181,-73.1296913441181
2367.6500663995744,-73.12956972894052,-73.12956972894052
2367.660066399574,-73.12946124994555,-73.12946124994555
2367.6700663995744,-73.12936592639409,-73.12936592639409
2367.680066399574,-73.12928377656556,-73.12928377656556
2367.6900663995743,-73.12921481774373,-73.12921481774373
2367.700066399574,-73.12915906625726,-73.12915906625726
2367.7100663995743,-73.12911653747526,-73.12911653747526
2367.720066399574,-73.12908724582711,-73.12908724582711
2367.7300663995743,-73.1290712048232,-73.1290712048232
2367.740066399574,-73.12906842706809,-73.12906842706809
2367.7500663995743,-73.12907892424998,-73.12907892424998
2367.7600663995745,-73.12910270718874,-73.12910270718874
2367.7700663995743,-73.12913978582901,-73.12913978582901
2367.7800663995745,-73.12919016925918,-73.12919016925918
2367.7900663995742,-73.1292538657156,-73.1292538657156
2367.8000663995745,-73.12933088260785,-73.12933088260785
2367.810066399574,-73.12942122652024,-73.12942122652024
2367.8200663995744,-73.12952490324498,-73.12952490324498
2367.830066399574,-73.12964191777003,-73.12964191777003
2367.8400663995744,-73.12977227429566,-73.12977227429566
2367.850066399574,-73.12991597626618,-73.12991597626618
2367.8600663995744,-73.13007302635914,-73.13007302635914
2367.870066399574,-73.13024342649778,-73.13024342649778
2367.8800663995744,-73.130427177885,-73.130427177885
2367.890066399574,-73.1306242809913,-73.1306242809913
2367.9000663995744,-73.13083473558187,-73.13083473558187
2367.910066399574,-73.1310585407255,-73.1310585407255
2367.9200663995744,-73.13129569478728,-73.13129569478728
2367.930066399574,-73.13154619547122,-73.13154619547122
2367.9400663995743,-73.13181003979992,-73.13181003979992
2367.950066399574,-73.13208722414304,-73.13208722414304
2367.9600663995743,-73.13237774423229,-73.13237774423229
2367.970066399574,-73.13268159516538,-73.13268159516538
2367.9800663995743,-73.13299877139721,-73.13299877139721
2367.990066399574,-73.13332926678575,-73.13332926678575
2368.0000663995743,-73.13367307458442,-73.13367307458442
2368.0100663995745,-73.1339979373494,-73.1339979373494
2368.0200663995743,-73.13428779245017,-73.13428779245017
2368.0300663995745,-73.13453280294166,-73.13453280294166
2368.0400663995742,-73.13472640487896,-73.13472640487896
2368.0500663995745,-73.13486411399754,-73.13486411399754
2368.060066399574,-73.1349428265431,-73.1349428265431
2368.0700663995744,-73.1349603691371,-73.1349603691371
2368.080066399574,-73.13491520596551,-73.13491520596551
2368.0900663995744,-73.13480624768843,-73.13480624768843
2368.100066423416,-73.13463272558505,-73.13463272558505
2368.1100664234164,-73.13439410985683,-73.13439410985683
2368.120066423416,-73.13409005199178,-73.13409005199178
2368.1300664234163,-73.13372034768491,-73.13372034768491
2368.140066423416,-73.13328491038867,-73.13328491038867
2368.1500664234163,-73.13278375258965,-73.13278375258965
2368.160066423416,-73.13221697228826,-73.13221697228826
2368.1700664234163,-73.13158474276632,-73.13158474276632
2368.180066423416,-73.13088730476962,-73.13088730476962
2368.1900664234163,-73.13012496014774,-73.13012496014774
2368.200066423416,-73.12929806663784,-73.12929806663784
2368.2100664234163,-73.12840065605484,-73.12840065605484
2368.220066423416,-73.12743039361787,-73.12743039361787
2368.2300664234162,-73.12638642212127,-73.12638642212127
2368.240066423416,-73.12526858882973,-73.12526858882973
2368.2500664234162,-73.12407714869737,-73.12407714869737
2368.260066423416,-73.12281260901223,-73.12281260901223
2368.270066423416,-73.1214756373116,-73.1214756373116
2368.280066423416,-73.1200670051783,-73.1200670051783
2368.290066423416,-73.11858755349252,-73.11858755349252
2368.300066423416,-73.11703817083747,-73.11703817083747
2368.310066423416,-73.11541977975537,-73.11541977975537
2368.320066423416,-73.11373332795401,-73.11373332795401
2368.330066423416,-73.11197978244691,-73.11197978244691
2368.340066423416,-73.11016012560833,-73.11016012560833
2368.350066423416,-73.10827535237944,-73.10827535237944
2368.3600664234164,-73.10632646815483,-73.10632646815483
2368.370066423416,-73.10431448718705,-73.10431448718705
2368.3800664234163,-73.10224043123273,-73.10224043123273
2368.390066423416,-73.10010532841231,-73.10010532841231
2368.4000664234163,-73.09791021216587,-73.09791021216587
2368.410066423416,-73.09565612031807,-73.09565612031807
2368.4200664234163,-73.09334409416705,-73.09334409416705
2368.430066423416,-73.09097517765977,-73.09097517765977
2368.4400664234163,-73.08855041653318,-73.08855041653318
2368.450066423416,-73.08607085758999,-73.08607085758999
2368.4600664234163,-73.08353754791696,-73.08353754791696
2368.470066423416,-73.08095153418057,-73.08095153418057
2368.4800664234162,-73.07831386191646,-73.07831386191646
2368.490066423416,-73.07562557489722,-73.07562557489722
2368.5000664234162,-73.07288771448843,-73.07288771448843
2368.510066423416,-73.07010131905969,-73.07010131905969
2368.520066423416,-73.06726742339245,-73.06726742339245
2368.530066423416,-73.06438705817727,-73.06438705817727
2368.540066423416,-73.06146124947693,-73.06146124947693
2368.550066423416,-73.05849101825697,-73.05849101825697
2368.560066423416,-73.05547737992138,-73.05547737992138
2368.570066423416,-73.05242134390933,-73.05242134390933
2368.580066423416,-73.049323913283,-73.049323913283
2368.590066423416,-73.0461860843553,-73.0461860843553
2368.600066423416,-73.04300884634344,-73.04300884634344
2368.6100664234164,-73.03979318105588,-73.03979318105588
2368.620066423416,-73.036540062583,-73.036540062583
2368.6300664234163,-73.03325045700963,-73.03325045700963
2368.640066423416,-73.02992532219368,-73.02992532219368
2368.6500664234163,-73.0265656074908,-73.0265656074908
2368.660066423416,-73.02317225356317,-73.02317225356317
2368.6700664234163,-73.01974619215778,-73.01974619215778
2368.680066423416,-73.01628834596225,-73.01628834596225
2368.6900664234163,-73.01279962841613,-73.01279962841613
2368.700066423416,-73.00928094355568,-73.00928094355568
2368.7100664234163,-73.00573318590708,-73.00573318590708
2368.720066423416,-73.00215724034643,-73.00215724034643
2368.7300664234162,-72.9985539820105,-72.9985539820105
2368.740066423416,-72.99492427620163,-72.99492427620163
2368.7500664234162,-72.99126897828822,-72.99126897828822
2368.760066423416,-72.98758893367737,-72.98758893367737
2368.770066423416,-72.98388497770777,-72.98388497770777
2368.780066423416,-72.9801579356605,-72.9801579356605
2368.790066423416,-72.97640862266609,-72.97640862266609
2368.800066423416,-72.97263784372382,-72.97263784372382
2368.810066423416,-72.96884639364873,-72.96884639364873
2368.820066423416,-72.96503505707642,-72.96503505707642
2368.830066423416,-72.96120460846129,-72.96120460846129
2368.840066423416,-72.9573558120775,-72.9573558120775
2368.850066423416,-72.95348942202905,-72.95348942202905
2368.8600664234164,-72.94960618227157,-72.94960618227157
2368.870066423416,-72.94570682663387,-72.94570682663387
2368.8800664234163,-72.94179207883688,-72.94179207883688
2368.890066423416,-72.93786265254948,-72.93786265254948
2368.9000664234163,-72.93391925141353,-72.93391925141353
2368.910066423416,-72.92996256907935,-72.92996256907935
2368.9200664234163,-72.92599328929224,-72.92599328929224
2368.930066423416,-72.92201208589077,-72.92201208589077
2368.9400664234163,-72.91801962291903,-72.91801962291903
2368.950066447258,-72.91401654509541,-72.91401654509541
2368.960066447258,-72.9099971623415,-72.9099971623415
2368.970066447258,-72.9059593246187,-72.9059593246187
2368.980066447258,-72.90190231193561,-72.90190231193561
2368.990066447258,-72.89782605679831,-72.89782605679831
2369.000066447258,-72.8937308511207,-72.8937308511207
2369.010066447258,-72.88961719403878,-72.88961719403878
2369.020066447258,-72.88548570266683,-72.88548570266683
2369.030066447258,-72.88133705853443,-72.88133705853443
2369.040066447258,-72.87717197536698,-72.87717197536698
2369.050066447258,-72.87299117976816,-72.87299117976816
2369.060066447258,-72.86879539975673,-72.86879539975673
2369.070066447258,-72.86458535806017,-72.86458535806017
2369.080066447258,-72.86036176830169,-72.86036176830169
2369.090066447258,-72.85612533295279,-72.85612533295279
2369.100066447258,-72.85187674237454,-72.85187674237454
2369.110066447258,-72.84761667445127,-72.84761667445127
2369.120066447258,-72.84334579463983,-72.84334579463983
2369.130066447258,-72.83906475618639,-72.83906475618639
2369.140066447258,-72.83477420048374,-72.83477420048374
2369.150066447258,-72.83047475743123,-72.83047475743123
2369.160066447258,-72.82616704585021,-72.82616704585021
2369.170066447258,-72.82185167384614,-72.82185167384614
2369.180066447258,-72.8175292391566,-72.8175292391566
2369.190066447258,-72.81320032949546,-72.81320032949546
2369.200066447258,-72.80886552284686,-72.80886552284686
2369.210066447258,-72.80452538773866,-72.80452538773866
2369.220066447258,-72.80018048346426,-72.80018048346426
2369.230066447258,-72.79583136033615,-72.79583136033615
2369.240066447258,-72.79147855986761,-72.79147855986761
2369.250066447258,-72.7871226149544,-72.7871226149544
2369.260066447258,-72.78276405005118,-72.78276405005118
2369.270066447258,-72.7784033812993,-72.7784033812993
2369.280066447258,-72.77404111670053,-72.77404111670053
2369.290066447258,-72.76967775621684,-72.76967775621684
2369.300066447258,-72.76531379190776,-72.76531379190776
2369.310066447258,-72.76094970804017,-72.76094970804017
2369.320066447258,-72.75658598119836,-72.75658598119836
2369.330066447258,-72.75222308037166,-72.75222308037166
2369.340066447258,-72.74786146706847,-72.74786146706847
2369.350066447258,-72.74350159539954,-72.74350159539954
2369.360066447258,-72.73914391218051,-72.73914391218051
2369.370066447258,-72.73478885699164,-72.73478885699164
2369.380066447258,-72.7304368622991,-72.7304368622991
2369.390066447258,-72.72608835350665,-72.72608835350665
2369.400066447258,-72.7217437490607,-72.7217437490607
2369.410066447258,-72.71740346051438,-72.71740346051438
2369.420066447258,-72.71306789260237,-72.71306789260237
2369.430066447258,-72.70873744334284,-72.70873744334284
2369.440066447258,-72.7044125040875,-72.7044125040875
2369.450066447258,-72.70009345961188,-72.70009345961188
2369.460066447258,-72.69577435464836,-72.69577435464836
2369.470066447258,-72.69145279607265,-72.69145279607265
2369.480066447258,-72.68712781069387,-72.68712781069387
2369.490066447258,-72.68279907921162,-72.68279907921162
2369.500066447258,-72.67846664384425,-72.67846664384425
2369.510066447258,-72.67413075653477,-72.67413075653477
2369.520066447258,-72.66979178988639,-72.66979178988639
2369.530066447258,-72.66545018372008,-72.66545018372008
2369.540066447258,-72.66110641285272,-72.66110641285272
2369.550066447258,-72.65676096787944,-72.65676096787944
2369.560066447258,-72.65241434368497,-72.65241434368497
2369.570066447258,-72.64806703279278,-72.64806703279278
2369.580066447258,-72.64371952150817,-72.64371952150817
2369.590066447258,-72.63937228788537,-72.63937228788537
2369.600066447258,-72.63502580078693,-72.63502580078693
2369.610066447258,-72.63068051947683,-72.63068051947683
2369.620066447258,-72.62633689368204,-72.62633689368204
2369.630066447258,-72.62199536380243,-72.62199536380243
2369.640066447258,-72.61765636123253,-72.61765636123253
2369.650066447258,-72.61332030873012,-72.61332030873012
2369.660066447258,-72.60898762080657,-72.60898762080657
2369.670066447258,-72.60465870405227,-72.60465870405227
2369.680066447258,-72.60033395750978,-72.60033395750978
2369.690066447258,-72.59601377296568,-72.59601377296568
2369.700066447258,-72.5916985352148,-72.5916985352148
2369.710066447258,-72.58738862232472,-72.58738862232472
2369.720066447258,-72.5830844058667,-72.5830844058667
2369.730066447258,-72.57878625108154,-72.57878625108154
2369.740066447258,-72.57449451708386,-72.57449451708386
2369.750066447258,-72.5702095570137,-72.5702095570137
2369.760066447258,-72.5659317181658,-72.5659317181658
2369.770066447258,-72.56166134212148,-72.56166134212148
2369.780066447258,-72.55739876486771,-72.55739876486771
2369.790066447258,-72.55314431688187,-72.55314431688187
2369.8000664711,-72.54889831314478,-72.54889831314478
2369.8100664711,-72.54466109365386,-72.54466109365386
2369.8200664711,-72.5404329628277,-72.5404329628277
2369.8300664711,-72.53621423002267,-72.53621423002267
2369.8400664711,-72.53200519950242,-72.53200519950242
2369.8500664711,-72.52780617051971,-72.52780617051971
2369.8600664711,-72.52361743734667,-72.52361743734667
2369.8700664711,-72.51943928935444,-72.51943928935444
2369.8800664711,-72.51527201106028,-72.51527201106028
2369.8900664711,-72.5111158821871,-72.5111158821871
2369.9000664710998,-72.50697117771273,-72.50697117771273
2369.9100664711,-72.50283816792714,-72.50283816792714
2369.9200664710997,-72.49871711848533,-72.49871711848533
2369.9300664711,-72.49460829044072,-72.49460829044072
2369.9400664710997,-72.4905119403137,-72.4905119403137
2369.9500664711,-72.48642832011919,-72.48642832011919
2369.9600664710997,-72.4823576774307,-72.4823576774307
2369.9700664711,-72.47830025542778,-72.47830025542778
2369.9800664710997,-72.47425629293647,-72.47425629293647
2369.9900664711,-72.47022602446758,-72.47022602446758
2370.0000664710997,-72.46620968028036,-72.46620968028036
2370.0100664711,-72.46220748641188,-72.46220748641188
2370.0200664710997,-72.45821966473348,-72.45821966473348
2370.0300664711,-72.45424643298908,-72.45424643298908
2370.0400664710996,-72.45028800485665,-72.45028800485665
2370.0500664711,-72.44634458996599,-72.44634458996599
2370.0600664711,-72.44241639396452,-72.44241639396452
2370.0700664711,-72.43850361855226,-72.43850361855226
2370.0800664711,-72.43460646153939,-72.43460646153939
2370.0900664711,-72.4307251168671,-72.4307251168671
2370.1000664711,-72.42685977467721,-72.42685977467721
2370.1100664711,-72.42301062134057,-72.42301062134057
2370.1200664711,-72.41917783951389,-72.41917783951389
2370.1300664711,-72.41536160816753,-72.41536160816753
2370.1400664711,-72.4115621026419,-72.4115621026419
2370.1500664710998,-72.40777949468696,-72.40777949468696
2370.1600664711,-72.40401395250545,-72.40401395250545
2370.1700664710997,-72.40026564079315,-72.40026564079315
2370.1800664711,-72.39653472078942,-72.39653472078942
2370.1900664710997,-72.39282135032232,-72.39282135032232
2370.2000664711,-72.38912568383252,-72.38912568383252
2370.2100664710997,-72.38544156678864,-72.38544156678864
2370.2200664711,-72.3817663950371,-72.3817663950371
2370.2300664710997,-72.37809898149602,-72.37809898149602
2370.2400664711,-72.37443879320136,-72.37443879320136
2370.2500664710997,-72.37078566020473,-72.37078566020473
2370.2600664711,-72.36713962425854,-72.36713962425854
2370.2700664710997,-72.36350085012408,-72.36350085012408
2370.2800664711,-72.35986957222327,-72.35986957222327
2370.2900664710996,-72.35624606259994,-72.35624606259994
2370.3000664711,-72.35263061168179,-72.35263061168179
2370.3100664711,-72.34902351684313,-72.34902351684313
2370.3200664711,-72.34542507570853,-72.34542507570853
2370.3300664711,-72.34183558236899,-72.34183558236899
2370.3400664711,-72.33825532530346,-72.33825532530346
2370.3500664711,-72.33468458638663,-72.33468458638663
2370.3600664711,-72.33112364053082,-72.33112364053082
2370.3700664711,-72.32757275566715,-72.32757275566715
2370.3800664711,-72.324032192983,-72.324032192983
2370.3900664711,-72.32050220718928,-72.32050220718928
2370.4000664710998,-72.31698304688076,-72.31698304688076
2370.4100664711,-72.31347495489936,-72.31347495489936
2370.4200664710997,-72.30997816863355,-72.30997816863355
2370.4300664711,-72.30649292037444,-72.30649292037444
2370.4400664710997,-72.3030194375718,-72.3030194375718
2370.4500664711,-72.29955794308779,-72.29955794308779
2370.4600664710997,-72.296108655432,-72.296108655432
2370.4700664711,-72.29267178893852,-72.29267178893852
2370.4800664710997,-72.28924755397645,-72.28924755397645
2370.4900664711,-72.28583615704147,-72.28583615704147
2370.5000664710997,-72.28243780093636,-72.28243780093636
2370.5100664711,-72.27905268486845,-72.27905268486845
2370.5200664710997,-72.27568100454124,-72.27568100454124
2370.5300664711,-72.27232295225153,-72.27232295225153
2370.5400664710996,-72.26897871697136,-72.26897871697136
2370.5500664711,-72.26564848439425,-72.26564848439425
2370.5600664711,-72.26233243703359,-72.26233243703359
2370.5700664711,-72.2590307542294,-72.2590307542294
2370.5800664711,-72.25574361222819,-72.25574361222819
2370.5900664711,-72.25247118422146,-72.25247118422146
2370.6000664711,-72.24921364037286,-72.24921364037286
2370.6100664711,-72.2459711478818,-72.2459711478818
2370.6200664711,-72.24274387098092,-72.24274387098092
2370.6300664711,-72.23953197099098,-72.23953197099098
2370.6400664711,-72.23633560634879,-72.23633560634879
2370.6500664949417,-72.2331549250619,-72.2331549250619
2370.660066494942,-72.22999009505604,-72.22999009505604
2370.6700664949417,-72.22684125865496,-72.22684125865496
2370.680066494942,-72.2237085630206,-72.2237085630206
2370.6900664949417,-72.2205921525487,-72.2205921525487
2370.700066494942,-72.21749216890187,-72.21749216890187
2370.7100664949417,-72.2144087510352,-72.2144087510352
2370.720066494942,-72.2113420352225,-72.2113420352225
2370.7300664949416,-72.20829215506684,-72.20829215506684
2370.740066494942,-72.20525924153645,-72.20525924153645
2370.7500664949416,-72.20224342296878,-72.20224342296878
2370.760066494942,-72.19924482512408,-72.19924482512408
2370.7700664949416,-72.19626357118692,-72.19626357118692
2370.780066494942,-72.1932997817781,-72.1932997817781
2370.7900664949416,-72.19035357501124,-72.19035357501124
2370.800066494942,-72.18742506647911,-72.18742506647911
2370.8100664949416,-72.1845143693113,-72.1845143693113
2370.820066494942,-72.18162159415692,-72.18162159415692
2370.8300664949415,-72.17874684925607,-72.17874684925607
2370.8400664949418,-72.17589024042469,-72.17589024042469
2370.8500664949415,-72.17305187109118,-72.17305187109118
2370.8600664949417,-72.17023184233729,-72.17023184233729
2370.8700664949415,-72.16743025288181,-72.16743025288181
2370.8800664949417,-72.16464719913394,-72.16464719913394
2370.8900664949415,-72.16188277522302,-72.16188277522302
2370.9000664949417,-72.15913707299663,-72.15913707299663
2370.910066494942,-72.15641018206865,-72.15641018206865
2370.9200664949417,-72.15370218982035,-72.15370218982035
2370.930066494942,-72.15101318144357,-72.15101318144357
2370.9400664949417,-72.14834323996276,-72.14834323996276
2370.950066494942,-72.14569244625062,-72.14569244625062
2370.9600664949417,-72.14306087904599,-72.14306087904599
2370.970066494942,-72.14044861500544,-72.14044861500544
2370.9800664949416,-72.13785572870243,-72.13785572870243
2370.990066494942,-72.13528229265009,-72.13528229265009
2371.0000664949416,-72.13272837734647,-72.13272837734647
2371.010066494942,-72.13019405128533,-72.13019405128533
2371.0200664949416,-72.12767938096829,-72.12767938096829
2371.030066494942,-72.12518443096177,-72.12518443096177
2371.0400664949416,-72.12270926388837,-72.12270926388837
2371.050066494942,-72.12025394046046,-72.12025394046046
2371.0600664949416,-72.11781851951015,-72.11781851951015
2371.070066494942,-72.11540305801361,-72.11540305801361
2371.0800664949415,-72.11300761110735,-72.11300761110735
2371.0900664949418,-72.11063223210506,-72.11063223210506
2371.1000664949415,-72.10827697254602,-72.10827697254602
2371.1100664949417,-72.10594188220014,-72.10594188220014
2371.1200664949415,-72.10362700907552,-72.10362700907552
2371.1300664949417,-72.10133239948223,-72.10133239948223
2371.1400664949415,-72.09905809802177,-72.09905809802177
2371.1500664949417,-72.0968041476197,-72.0968041476197
2371.160066494942,-72.094570589553,-72.094570589553
2371.1700664949417,-72.09235746346336,-72.09235746346336
2371.180066494942,-72.0901648073923,-72.0901648073923
2371.1900664949417,-72.08799265778342,-72.08799265778342
2371.200066494942,-72.08584104952797,-72.08584104952797
2371.2100664949417,-72.08371001596527,-72.08371001596527
2371.220066494942,-72.08159958891667,-72.08159958891667
2371.2300664949416,-72.0795097987066,-72.0795097987066
2371.240066494942,-72.07744067417273,-72.07744067417273
2371.2500664949416,-72.0753922427106,-72.0753922427106
2371.260066494942,-72.07336453026595,-72.07336453026595
2371.2700664949416,-72.07135756137215,-72.07135756137215
2371.280066494942,-72.0693713591636,-72.0693713591636
2371.2900664949416,-72.06740594540643,-72.06740594540643
2371.300066494942,-72.06546134050612,-72.06546134050612
2371.3100664949416,-72.06353756353312,-72.06353756353312
2371.320066494942,-72.06163463224311,-72.06163463224311
2371.3300664949415,-72.05975256310626,-72.05975256310626
2371.3400664949418,-72.05789137128808,-72.05789137128808
2371.3500664949415,-72.05605107072172,-72.05605107072172
2371.3600664949417,-72.05423167408863,-72.05423167408863
2371.3700664949415,-72.05243319285904,-72.05243319285904
2371.3800664949417,-72.0506556372892,-72.0506556372892
2371.3900664949415,-72.04889901646285,-72.04889901646285
2371.4000664949417,-72.04716333827933,-72.04716333827933
2371.410066494942,-72.04544860952197,-72.04544860952197
2371.4200664949417,-72.04375483582156,-72.04375483582156
2371.430066494942,-72.04208202169403,-72.04208202169403
2371.4400664949417,-72.04043017056648,-72.04043017056648
2371.450066494942,-72.03879928479111,-72.03879928479111
2371.4600664949417,-72.03718308882243,-72.03718308882243
2371.470066494942,-72.03557884183033,-72.03557884183033
2371.4800664949416,-72.03398521512554,-72.03398521512554
2371.490066494942,-72.03240153309967,-72.03240153309967
2371.5000665187836,-72.03082747974949,-72.03082747974949
2371.510066518784,-72.0292629631498,-72.0292629631498
2371.5200665187836,-72.02770800459594,-72.02770800459594
2371.5300665187838,-72.02616270060983,-72.02616270060983
2371.5400665187835,-72.02462718720614,-72.02462718720614
2371.5500665187838,-72.02310162077211,-72.02310162077211
2371.5600665187835,-72.02158616666796,-72.02158616666796
2371.5700665187837,-72.0200809925326,-72.0200809925326
2371.5800665187835,-72.01858626448858,-72.01858626448858
2371.5900665187837,-72.01710214506454,-72.01710214506454
2371.6000665187835,-72.0156287921802,-72.0156287921802
2371.6100665187837,-72.01416635875344,-72.01416635875344
2371.6200665187835,-72.01271499270175,-72.01271499270175
2371.6300665187837,-72.01127483708312,-72.01127483708312
2371.6400665187834,-72.0098460304187,-72.0098460304187
2371.6500665187837,-72.00842870696587,-72.00842870696587
2371.6600665187834,-72.00702299708459,-72.00702299708459
2371.6700665187836,-72.00562902751706,-72.00562902751706
2371.6800665187834,-72.00424692170442,-72.00424692170442
2371.6900665187836,-72.00287680001422,-72.00287680001422
2371.7000665187834,-72.00151877999741,-72.00151877999741
2371.7100665187836,-72.00016670294913,-72.00016670294913
2371.7200665187834,-71.99881794145662,-71.99881794145662
2371.7300665187836,-71.99747127817697,-71.99747127817697
2371.7400665187834,-71.99612614731356,-71.99612614731356
2371.7500665187836,-71.99478234517426,-71.99478234517426
2371.760066518784,-71.99343987979863,-71.99343987979863
2371.7700665187836,-71.9920988827648,-71.9920988827648
2371.7800665187838,-71.99075955621872,-71.99075955621872
2371.7900665187835,-71.98942214099327,-71.98942214099327
2371.8000665187838,-71.98808689752018,-71.98808689752018
2371.8100665187835,-71.98675409445562,-71.98675409445562
2371.8200665187837,-71.98542400200553,-71.98542400200553
2371.8300665187835,-71.98409688815329,-71.98409688815329
2371.8400665187837,-71.98277301658084,-71.98277301658084
2371.8500665187835,-71.9814526456721,-71.9814526456721
2371.8600665187837,-71.98013602810187,-71.98013602810187
2371.8700665187835,-71.97882341083567,-71.97882341083567
2371.8800665187837,-71.97751503528607,-71.97751503528607
2371.8900665187834,-71.97621113760613,-71.97621113760613
2371.9000665187837,-71.97491194896993,-71.97491194896993
2371.9100665187834,-71.97361769590431,-71.97361769590431
2371.9200665187836,-71.97232860061847,-71.97232860061847
2371.9300665187834,-71.97104488124745,-71.97104488124745
2371.9400665187836,-71.96976675211312,-71.96976675211312
2371.9500665187834,-71.96849442396156,-71.96849442396156
2371.9600665187836,-71.9672218339184,-71.9672218339184
2371.9700665187834,-71.96594644783416,-71.96594644783416
2371.9800665187836,-71.96466714009314,-71.96466714009314
2371.9900665187834,-71.96338343549257,-71.96338343549257
2372.0000665187836,-71.96209521993647,-71.96209521993647
2372.010066518784,-71.96080259014103,-71.96080259014103
2372.0200665187836,-71.95950576550459,-71.95950576550459
2372.0300665187838,-71.9582050351429,-71.9582050351429
2372.0400665187835,-71.95690072603503,-71.95690072603503
2372.0500665187838,-71.95559318394031,-71.95559318394031
2372.0600665187835,-71.95428276202053,-71.95428276202053
2372.0700665187837,-71.95296981418555,-71.95296981418555
2372.0800665187835,-71.95165469128798,-71.95165469128798
2372.0900665187837,-71.9503377390559,-71.9503377390559
2372.1000665187835,-71.9490192970901,-71.9490192970901
2372.1100665187837,-71.94769969844624,-71.94769969844624
2372.1200665187835,-71.94637926964442,-71.94637926964442
2372.1300665187837,-71.94505833082411,-71.94505833082411
2372.1400665187834,-71.94373719599554,-71.94373719599554
2372.1500665187837,-71.94241617338133,-71.94241617338133
2372.1600665187834,-71.9410955657085,-71.9410955657085
2372.1700665187836,-71.93977567052987,-71.93977567052987
2372.1800665187834,-71.93845678049925,-71.93845678049925
2372.1900665187836,-71.93713918360342,-71.93713918360342
2372.2000665187834,-71.935823163408,-71.935823163408
2372.2100665187836,-71.93450273280256,-71.93450273280256
2372.2200665187834,-71.93317543083333,-71.93317543083333
2372.2300665187836,-71.93184020348944,-71.93184020348944
2372.2400665187834,-71.93049664598428,-71.93049664598428
2372.2500665187836,-71.92914471358547,-71.92914471358547
2372.260066518784,-71.92778457142968,-71.92778457142968
2372.2700665187836,-71.92641650642582,-71.92641650642582
2372.2800665187838,-71.92504087433821,-71.92504087433821
2372.2900665187835,-71.92365806795515,-71.92365806795515
2372.3000665187838,-71.92226849800112,-71.92226849800112
2372.3100665187835,-71.92087258179237,-71.92087258179237
2372.3200665187837,-71.91947073657151,-71.91947073657151
2372.3300665187835,-71.91806337572393,-71.91806337572393
2372.3400665187837,-71.91665090670965,-71.91665090670965
2372.3500665426254,-71.9152337266899,-71.9152337266899
2372.3600665426256,-71.91381223560377,-71.91381223560377
2372.3700665426254,-71.91238681600436,-71.91238681600436
2372.3800665426256,-71.91095784660716,-71.91095784660716
2372.3900665426254,-71.90952569924724,-71.90952569924724
2372.4000665426256,-71.90809073919768,-71.90809073919768
2372.4100665426254,-71.90665332548902,-71.90665332548902
2372.4200665426256,-71.90521381121384,-71.90521381121384
2372.4300665426254,-71.90377254381329,-71.90377254381329
2372.4400665426256,-71.90232986533587,-71.90232986533587
2372.4500665426253,-71.90088611265885,-71.90088611265885
2372.4600665426256,-71.8994416177054,-71.8994416177054
2372.4700665426253,-71.89799670759264,-71.89799670759264
2372.4800665426255,-71.89655170478827,-71.89655170478827
2372.4900665426253,-71.89510692726414,-71.89510692726414
2372.5000665426255,-71.89366268856696,-71.89366268856696
2372.5100665426253,-71.89221929794518,-71.89221929794518
2372.5200665426255,-71.89077706041755,-71.89077706041755
2372.5300665426253,-71.88933627685088,-71.88933627685088
2372.5400665426255,-71.8878972440002,-71.8878972440002
2372.5500665426252,-71.8864602546057,-71.8864602546057
2372.5600665426255,-71.8850255973918,-71.8850255973918
2372.570066542625,-71.88359355714145,-71.88359355714145
2372.5800665426254,-71.88216441471018,-71.88216441471018
2372.590066542625,-71.88073844708669,-71.88073844708669
2372.6000665426254,-71.87931592738443,-71.87931592738443
2372.6100665426256,-71.87789712490101,-71.87789712490101
2372.6200665426254,-71.87648230513891,-71.87648230513891
2372.6300665426256,-71.87507172981505,-71.87507172981505
2372.6400665426254,-71.87366565689665,-71.87366565689665
2372.6500665426256,-71.87226434061975,-71.87226434061975
2372.6600665426254,-71.87086803151486,-71.87086803151486
2372.6700665426256,-71.86947697641828,-71.86947697641828
2372.6800665426254,-71.86809141851151,-71.86809141851151
2372.6900665426256,-71.86671159731823,-71.86671159731823
2372.7000665426253,-71.86533774875876,-71.86533774875876
2372.7100665426256,-71.86396384648917,-71.86396384648917
2372.7200665426253,-71.86258738716562,-71.86258738716562
2372.7300665426255,-71.86120727317973,-71.86120727317973
2372.7400665426253,-71.85982305563928,-71.85982305563928
2372.7500665426255,-71.8584346454325,-71.8584346454325
2372.7600665426253,-71.85704216315,-71.85704216315
2372.7700665426255,-71.85564585101088,-71.85564585101088
2372.7800665426253,-71.85424601996831,-71.85424601996831
2372.7900665426255,-71.85284301788447,-71.85284301788447
2372.8000665426252,-71.8514372104513,-71.8514372104513
2372.8100665426255,-71.85002896983342,-71.85002896983342
2372.820066542625,-71.84861866802363,-71.84861866802363
2372.8300665426254,-71.84720667304816,-71.84720667304816
2372.840066542625,-71.84579334691297,-71.84579334691297
2372.8500665426254,-71.84437904460891,-71.84437904460891
2372.8600665426256,-71.84296411374248,-71.84296411374248
2372.8700665426254,-71.84154889452797,-71.84154889452797
2372.8800665426256,-71.84013371997662,-71.84013371997662
2372.8900665426254,-71.8387189161765,-71.8387189161765
2372.9000665426256,-71.8373048026516,-71.8373048026516
2372.9100665426254,-71.83589169268261,-71.83589169268261
2372.9200665426256,-71.83447989363819,-71.83447989363819
2372.9300665426254,-71.83306970728898,-71.83306970728898
2372.9400665426256,-71.8316614300655,-71.8316614300655
2372.9500665426253,-71.83025535332295,-71.83025535332295
2372.9600665426256,-71.82885176353327,-71.82885176353327
2372.9700665426253,-71.82745094249405,-71.82745094249405
2372.9800665426255,-71.82605316749478,-71.82605316749478
2372.9900665426253,-71.82465871144989,-71.82465871144989
2373.0000665426255,-71.82326784303716,-71.82326784303716
2373.0100665426253,-71.82188082682005,-71.82188082682005
2373.0200665426255,-71.82049792330452,-71.82049792330452
2373.0300665426253,-71.8191193890728,-71.8191193890728
2373.0400665426255,-71.8177454768185,-71.8177454768185
2373.0500665426252,-71.81637643545102,-71.81637643545102
2373.0600665426255,-71.81501251010997,-71.81501251010997
2373.070066542625,-71.81365394226617,-71.81365394226617
2373.0800665426254,-71.81230096973148,-71.81230096973148
2373.090066542625,-71.81095382672817,-71.81095382672817
2373.1000665426254,-71.8096127439165,-71.8096127439165
2373.1100665426256,-71.8082779484193,-71.8082779484193
2373.1200665426254,-71.80694966389649,-71.80694966389649
2373.1300665426256,-71.8056281105254,-71.8056281105254
2373.1400665426254,-71.8043135050887,-71.8043135050887
2373.1500665426256,-71.80300606095335,-71.80300606095335
2373.1600665426254,-71.80170598812616,-71.80170598812616
2373.1700665426256,-71.80041349327729,-71.80041349327729
2373.1800665426254,-71.7991287797712,-71.7991287797712
2373.1900665426256,-71.79785204768741,-71.79785204768741
2373.2000665664673,-71.7965834908278,-71.7965834908278
2373.2100665664675,-71.79532330884884,-71.79532330884884
2373.2200665664673,-71.79407168909414,-71.79407168909414
2373.2300665664675,-71.79282881877644,-71.79282881877644
2373.2400665664672,-71.79159488195461,-71.79159488195461
2373.2500665664675,-71.79037005956081,-71.79037005956081
2373.2600665664672,-71.78915452944432,-71.78915452944432
2373.2700665664674,-71.78794846635496,-71.78794846635496
2373.280066566467,-71.78675204201497,-71.78675204201497
2373.2900665664674,-71.78556542512631,-71.78556542512631
2373.300066566467,-71.78438878138876,-71.78438878138876
2373.3100665664674,-71.78322227354863,-71.78322227354863
2373.320066566467,-71.78206606140931,-71.78206606140931
2373.3300665664674,-71.78092030185802,-71.78092030185802
2373.340066566467,-71.77978514891112,-71.77978514891112
2373.3500665664674,-71.77866075371618,-71.77866075371618
2373.360066566467,-71.77754726459807,-71.77754726459807
2373.3700665664674,-71.7764448270822,-71.7764448270822
2373.380066566467,-71.77535358391602,-71.77535358391602
2373.3900665664673,-71.7742736751087,-71.7742736751087
2373.400066566467,-71.77320523796367,-71.77320523796367
2373.4100665664673,-71.77214840707015,-71.77214840707015
2373.420066566467,-71.77110331438485,-71.77110331438485
2373.4300665664673,-71.77007008921649,-71.77007008921649
2373.440066566467,-71.76904885827415,-71.76904885827415
2373.4500665664673,-71.76803974571145,-71.76803974571145
2373.4600665664675,-71.76704287311554,-71.76704287311554
2373.4700665664673,-71.76605835955998,-71.76605835955998
2373.4800665664675,-71.76508632162964,-71.76508632162964
2373.4900665664672,-71.76412687345601,-71.76412687345601
2373.5000665664675,-71.76318012674011,-71.76318012674011
2373.5100665664672,-71.76224619077898,-71.76224619077898
2373.5200665664674,-71.76132517248459,-71.76132517248459
2373.530066566467,-71.76041717643449,-71.76041717643449
2373.5400665664674,-71.75952230488313,-71.75952230488313
2373.550066566467,-71.75864065780057,-71.75864065780057
2373.5600665664674,-71.75777233288495,-71.75777233288495
2373.570066566467,-71.75691742560974,-71.75691742560974
2373.5800665664674,-71.75607602923793,-71.75607602923793
2373.590066566467,-71.75524823486268,-71.75524823486268
2373.6000665664674,-71.75443413140803,-71.75443413140803
2373.610066566467,-71.75363380568697,-71.75363380568697
2373.6200665664674,-71.75284734242199,-71.75284734242199
2373.630066566467,-71.75207482425103,-71.75207482425103
2373.6400665664673,-71.75131633178377,-71.75131633178377
2373.650066566467,-71.75057194360639,-71.75057194360639
2373.6600665664673,-71.74984173630874,-71.74984173630874
2373.670066566467,-71.74912578454035,-71.74912578454035
2373.6800665664673,-71.74842416098994,-71.74842416098994
2373.690066566467,-71.74773693645288,-71.74773693645288
2373.7000665664673,-71.74706417983484,-71.74706417983484
2373.7100665664675,-71.74640595817165,-71.74640595817165
2373.7200665664673,-71.74576233668363,-71.74576233668363
2373.7300665664675,-71.74513337876738,-71.74513337876738
2373.7400665664672,-71.74451914605015,-71.74451914605015
2373.7500665664675,-71.74391969838213,-71.74391969838213
2373.7600665664672,-71.74333509390682,-71.74333509390682
2373.7700665664674,-71.74276538902467,-71.74276538902467
2373.780066566467,-71.74221063847448,-71.74221063847448
2373.7900665664674,-71.74167089531133,-71.74167089531133
2373.800066566467,-71.74114621098373,-71.74114621098373
2373.8100665664674,-71.7406366352935,-71.7406366352935
2373.820066566467,-71.74014221646135,-71.74014221646135
2373.8300665664674,-71.7396630011455,-71.7396630011455
2373.840066566467,-71.73919903445062,-71.73919903445062
2373.8500665664674,-71.73875035995714,-71.73875035995714
2373.860066566467,-71.73831701975276,-71.73831701975276
2373.8700665664674,-71.73789905442621,-71.73789905442621
2373.880066566467,-71.73749650312969,-71.73749650312969
2373.8900665664673,-71.73710940355991,-71.73710940355991
2373.900066566467,-71.73673779201718,-71.73673779201718
2373.9100665664673,-71.73638170339163,-71.73638170339163
2373.920066566467,-71.73604117120014,-71.73604117120014
2373.9300665664673,-71.73571622761058,-71.73571622761058
2373.940066566467,-71.73540690346898,-71.73540690346898
2373.9500665664673,-71.73511322828978,-71.73511322828978
2373.9600665664675,-71.73483523030276,-71.73483523030276
2373.9700665664673,-71.73457293646378,-71.73457293646378
2373.9800665664675,-71.73432637247933,-71.73432637247933
2373.9900665664672,-71.73409556280805,-71.73409556280805
2374.0000665664675,-71.7338805307023,-71.7338805307023
2374.0100665664672,-71.73368129821743,-71.73368129821743
2374.0200665664674,-71.73349788622153,-71.73349788622153
2374.030066566467,-71.73333031442718,-71.73333031442718
2374.0400665664674,-71.73317860139971,-71.73317860139971
2374.050066590309,-71.73304276427233,-71.73304276427233
2374.0600665903094,-71.73292282006592,-71.73292282006592
2374.070066590309,-71.73281878365249,-71.73281878365249
2374.0800665903093,-71.73273066919909,-71.73273066919909
2374.090066590309,-71.73265848982551,-71.73265848982551
2374.1000665903093,-71.73260225760231,-71.73260225760231
2374.110066590309,-71.7325619835898,-71.7325619835898
2374.1200665903093,-71.73253767782951,-71.73253767782951
2374.130066590309,-71.73252934936639,-71.73252934936639
2374.1400665903093,-71.73253700628216,-71.73253700628216
2374.150066590309,-71.73256065568728,-71.73256065568728
2374.1600665903093,-71.73260030375653,-71.73260030375653
2374.170066590309,-71.73265595573808,-71.73265595573808
2374.1800665903093,-71.73272761594666,-71.73272761594666
2374.190066590309,-71.73281528781006,-71.73281528781006
2374.2000665903092,-71.73291897387,-71.73291897387
2374.210066590309,-71.73303867580022,-71.73303867580022
2374.220066590309,-71.73317439440528,-71.73317439440528
2374.230066590309,-71.73332612966357,-71.73332612966357
2374.240066590309,-71.7334938807066,-71.7334938807066
2374.250066590309,-71.73367764586362,-71.73367764586362
2374.260066590309,-71.73387742265518,-71.73387742265518
2374.270066590309,-71.73409320781828,-71.73409320781828
2374.280066590309,-71.73432499730679,-71.73432499730679
2374.290066590309,-71.73457278631027,-71.73457278631027
2374.300066590309,-71.73483656926585,-71.73483656926585
2374.3100665903094,-71.73511633988737,-71.73511633988737
2374.320066590309,-71.73541209115214,-71.73541209115214
2374.3300665903093,-71.73572381532503,-71.73572381532503
2374.340066590309,-71.73605150396709,-71.73605150396709
2374.3500665903093,-71.73639514795504,-71.73639514795504
2374.360066590309,-71.73675473747714,-71.73675473747714
2374.3700665903093,-71.73713026206474,-71.73713026206474
2374.380066590309,-71.73752171058857,-71.73752171058857
2374.3900665903093,-71.73792907128154,-71.73792907128154
2374.400066590309,-71.73835233173166,-71.73835233173166
2374.4100665903093,-71.73879147891708,-71.73879147891708
2374.420066590309,-71.73924649919721,-71.73924649919721
2374.4300665903093,-71.73971737832677,-71.73971737832677
2374.440066590309,-71.74020410147868,-71.74020410147868
2374.4500665903092,-71.74070665323357,-71.74070665323357
2374.460066590309,-71.7412187671682,-71.7412187671682
2374.470066590309,-71.74173769576909,-71.74173769576909
2374.480066590309,-71.74226209756172,-71.74226209756172
2374.490066590309,-71.7427912815338,-71.7427912815338
2374.500066590309,-71.74332491879144,-71.74332491879144
2374.510066590309,-71.74386289272591,-71.74386289272591
2374.520066590309,-71.74440521113856,-71.74440521113856
2374.530066590309,-71.7449519534209,-71.7449519534209
2374.540066590309,-71.74550323881166,-71.74550323881166
2374.550066590309,-71.74605920729535,-71.74605920729535
2374.5600665903094,-71.74662000829677,-71.74662000829677
2374.570066590309,-71.74718579401981,-71.74718579401981
2374.5800665903093,-71.74775671561957,-71.74775671561957
2374.590066590309,-71.7483329211772,-71.7483329211772
2374.6000665903093,-71.74891455465351,-71.74891455465351
2374.610066590309,-71.74950175551612,-71.74950175551612
2374.6200665903093,-71.75009465869122,-71.75009465869122
2374.630066590309,-71.75069339475819,-71.75069339475819
2374.6400665903093,-71.75129809019722,-71.75129809019722
2374.650066590309,-71.75190886770488,-71.75190886770488
2374.6600665903093,-71.7525258465189,-71.7525258465189
2374.670066590309,-71.75314914272073,-71.75314914272073
2374.6800665903093,-71.75377886949963,-71.75377886949963
2374.690066590309,-71.75441513742234,-71.75441513742234
2374.7000665903092,-71.75505805464589,-71.75505805464589
2374.710066590309,-71.7557077270954,-71.7557077270954
2374.720066590309,-71.75636425865747,-71.75636425865747
2374.730066590309,-71.75702775130954,-71.75702775130954
2374.740066590309,-71.75769830522509,-71.75769830522509
2374.750066590309,-71.75837601890026,-71.75837601890026
2374.760066590309,-71.75906098922937,-71.75906098922937
2374.770066590309,-71.75975331156751,-71.75975331156751
2374.780066590309,-71.76045307980391,-71.76045307980391
2374.790066590309,-71.76116038640481,-71.76116038640481
2374.800066590309,-71.76187532244879,-71.76187532244879
2374.8100665903094,-71.76259797768893,-71.76259797768893
2374.820066590309,-71.76332844052808,-71.76332844052808
2374.8300665903093,-71.76406679809912,-71.76406679809912
2374.840066590309,-71.76481313622936,-71.76481313622936
2374.8500665903093,-71.76556753950088,-71.76556753950088
2374.860066590309,-71.76633009123361,-71.76633009123361
2374.8700665903093,-71.76710087349745,-71.76710087349745
2374.880066590309,-71.76787996714386,-71.76787996714386
2374.8900665903093,-71.76866745175883,-71.76866745175883
2374.900066614151,-71.76946340762281,-71.76946340762281
2374.910066614151,-71.77026790811931,-71.77026790811931
2374.920066614151,-71.7710810310445,-71.7710810310445
2374.930066614151,-71.77190285110231,-71.77190285110231
2374.940066614151,-71.77273344177758,-71.77273344177758
2374.950066614151,-71.7735728753392,-71.7735728753392
2374.960066614151,-71.77442122284393,-71.77442122284393
2374.970066614151,-71.77527855412309,-71.77527855412309
2374.980066614151,-71.77614493780072,-71.77614493780072
2374.990066614151,-71.7770204412699,-71.7770204412699
2375.000066614151,-71.77790513073843,-71.77790513073843
2375.010066614151,-71.77879907118572,-71.77879907118572
2375.020066614151,-71.77970232639257,-71.77970232639257
2375.030066614151,-71.78061495892196,-71.78061495892196
2375.040066614151,-71.78153703014443,-71.78153703014443
2375.050066614151,-71.78246860022766,-71.78246860022766
2375.060066614151,-71.78340972813712,-71.78340972813712
2375.070066614151,-71.78436047165407,-71.78436047165407
2375.080066614151,-71.78532088737053,-71.78532088737053
2375.090066614151,-71.7862910306773,-71.7862910306773
2375.100066614151,-71.78727095580732,-71.78727095580732
2375.110066614151,-71.78826071579307,-71.78826071579307
2375.120066614151,-71.78926036252957,-71.78926036252957
2375.130066614151,-71.79026994671722,-71.79026994671722
2375.140066614151,-71.79128951790797,-71.79128951790797
2375.150066614151,-71.79231912450855,-71.79231912450855
2375.160066614151,-71.79335881377195,-71.79335881377195
2375.170066614151,-71.79440863182164,-71.79440863182164
2375.180066614151,-71.7954686236414,-71.7954686236414
2375.190066614151,-71.79653883309392,-71.79653883309392
2375.200066614151,-71.79761930292332,-71.79761930292332
2375.210066614151,-71.79871007477486,-71.79871007477486
2375.220066614151,-71.79981118917834,-71.79981118917834
2375.230066614151,-71.800922685582,-71.800922685582
2375.240066614151,-71.80204460235096,-71.80204460235096
2375.250066614151,-71.80317697677576,-71.80317697677576
2375.260066614151,-71.80431984508039,-71.80431984508039
2375.270066614151,-71.80547324242644,-71.80547324242644
2375.280066614151,-71.8066372029361,-71.8066372029361
2375.290066614151,-71.80781175969243,-71.80781175969243
2375.300066614151,-71.8089969447529,-71.8089969447529
2375.310066614151,-71.8101927891515,-71.8101927891515
2375.320066614151,-71.81139932290877,-71.81139932290877
2375.330066614151,-71.81261657506522,-71.81261657506522
2375.340066614151,-71.81384457365199,-71.81384457365199
2375.350066614151,-71.81508334573282,-71.81508334573282
2375.360066614151,-71.81633291740489,-71.81633291740489
2375.370066614151,-71.8175933138019,-71.8175933138019
2375.380066614151,-71.81886455911007,-71.81886455911007
2375.390066614151,-71.82014667658399,-71.82014667658399
2375.400066614151,-71.82143968853734,-71.82143968853734
2375.410066614151,-71.82274361638473,-71.82274361638473
2375.420066614151,-71.82405848062307,-71.82405848062307
2375.430066614151,-71.82538430086345,-71.82538430086345
2375.440066614151,-71.8267210958189,-71.8267210958189
2375.450066614151,-71.82806888333064,-71.82806888333064
2375.460066614151,-71.82942768038079,-71.82942768038079
2375.470066614151,-71.83079750310522,-71.83079750310522
2375.480066614151,-71.83217836677895,-71.83217836677895
2375.490066614151,-71.83357028585881,-71.83357028585881
2375.500066614151,-71.83497327397149,-71.83497327397149
2375.510066614151,-71.83638734393506,-71.83638734393506
2375.520066614151,-71.837812507765,-71.837812507765
2375.530066614151,-71.83924877669138,-71.83924877669138
2375.540066614151,-71.84069616115411,-71.84069616115411
2375.550066614151,-71.84215467082329,-71.84215467082329
2375.560066614151,-71.84362431462351,-71.84362431462351
2375.570066614151,-71.845105100712,-71.845105100712
2375.580066614151,-71.84659703652486,-71.84659703652486
2375.590066614151,-71.8481001287444,-71.8481001287444
2375.600066614151,-71.84961438336295,-71.84961438336295
2375.610066614151,-71.85113980563098,-71.85113980563098
2375.620066614151,-71.85267640012792,-71.85267640012792
2375.630066614151,-71.854224170729,-71.854224170729
2375.640066614151,-71.85578312063387,-71.85578312063387
2375.650066614151,-71.85735325236489,-71.85735325236489
2375.660066614151,-71.85893456780748,-71.85893456780748
2375.670066614151,-71.86052706815869,-71.86052706815869
2375.680066614151,-71.86213075400198,-71.86213075400198
2375.690066614151,-71.86374562529048,-71.86374562529048
2375.700066614151,-71.86537168133776,-71.86537168133776
2375.710066614151,-71.86700892084933,-71.86700892084933
2375.720066614151,-71.86865734193728,-71.86865734193728
2375.730066614151,-71.87031694211429,-71.87031694211429
2375.740066614151,-71.87198771829782,-71.87198771829782
2375.750066637993,-71.8736696708509,-71.8736696708509
2375.760066637993,-71.87536278756741,-71.87536278756741
2375.770066637993,-71.87706706764058,-71.87706706764058
2375.780066637993,-71.87878250573708,-71.87878250573708
2375.790066637993,-71.88050909599839,-71.88050909599839
2375.800066637993,-71.8822468320061,-71.8822468320061
2375.810066637993,-71.88399570684415,-71.88399570684415
2375.820066637993,-71.88575571305678,-71.88575571305678
2375.830066637993,-71.88752684270275,-71.88752684270275
2375.840066637993,-71.88930908732429,-71.88930908732429
2375.8500666379928,-71.8911024379707,-71.8911024379707
2375.860066637993,-71.89290688521122,-71.89290688521122
2375.8700666379927,-71.89472241914875,-71.89472241914875
2375.880066637993,-71.89654902940052,-71.89654902940052
2375.8900666379927,-71.89838670514311,-71.89838670514311
2375.900066637993,-71.9002354350784,-71.9002354350784
2375.9100666379927,-71.90209520748726,-71.90209520748726
2375.920066637993,-71.9039660101897,-71.9039660101897
2375.9300666379927,-71.90584783059491,-71.90584783059491
2375.940066637993,-71.90774065567787,-71.90774065567787
2375.9500666379927,-71.909644472008,-71.909644472008
2375.960066637993,-71.9115529968853,-71.9115529968853
2375.9700666379927,-71.91346347382456,-71.91346347382456
2375.980066637993,-71.91537455554689,-71.91537455554689
2375.9900666379926,-71.9172855468508,-71.9172855468508
2376.000066637993,-71.91919611567761,-71.91919611567761
2376.010066637993,-71.921106143015,-71.921106143015
2376.020066637993,-71.92301563485971,-71.92301563485971
2376.030066637993,-71.92492466933977,-71.92492466933977
2376.040066637993,-71.92683336490344,-71.92683336490344
2376.050066637993,-71.92874186123007,-71.92874186123007
2376.060066637993,-71.93065030784479,-71.93065030784479
2376.070066637993,-71.93255885746201,-71.93255885746201
2376.080066637993,-71.93446766216437,-71.93446766216437
2376.090066637993,-71.93637687131015,-71.93637687131015
2376.1000666379928,-71.93828663050118,-71.93828663050118
2376.110066637993,-71.94019708118265,-71.94019708118265
2376.1200666379927,-71.94210836058332,-71.94210836058332
2376.130066637993,-71.94402060188825,-71.94402060188825
2376.1400666379927,-71.94593393447883,-71.94593393447883
2376.150066637993,-71.94784848423383,-71.94784848423383
2376.1600666379927,-71.9497643738415,-71.9497643738415
2376.170066637993,-71.95168172307962,-71.95168172307962
2376.1800666379927,-71.95360064909076,-71.95360064909076
2376.190066637993,-71.95552126663115,-71.95552126663115
2376.2000666379927,-71.95744368825892,-71.95744368825892
2376.210066637993,-71.95936802453642,-71.95936802453642
2376.2200666379927,-71.96129438417772,-71.96129438417772
2376.230066637993,-71.96322287418992,-71.96322287418992
2376.2400666379926,-71.9651535999815,-71.9651535999815
2376.250066637993,-71.9670866654545,-71.9670866654545
2376.260066637993,-71.96902217309797,-71.96902217309797
2376.270066637993,-71.9709602240343,-71.9709602240343
2376.280066637993,-71.97290091807788,-71.97290091807788
2376.290066637993,-71.97484435379154,-71.97484435379154
2376.300066637993,-71.97679062851256,-71.97679062851256
2376.310066637993,-71.97873983837165,-71.97873983837165
2376.320066637993,-71.98069207833406,-71.98069207833406
2376.330066637993,-71.98264744221368,-71.98264744221368
2376.340066637993,-71.98460602267562,-71.98460602267562
2376.3500666379928,-71.98656791124438,-71.98656791124438
2376.360066637993,-71.98853319833951,-71.98853319833951
2376.3700666379927,-71.99050197324102,-71.99050197324102
2376.380066637993,-71.99247432412216,-71.99247432412216
2376.3900666379927,-71.9944503380406,-71.9944503380406
2376.400066637993,-71.99643010093746,-71.99643010093746
2376.4100666379927,-71.99841369763251,-71.99841369763251
2376.420066637993,-72.00040121184968,-72.00040121184968
2376.4300666379927,-72.00239272617834,-72.00239272617834
2376.440066637993,-72.00438832209763,-72.00438832209763
2376.4500666379927,-72.006388079963,-72.006388079963
2376.460066637993,-72.00838580149858,-72.00838580149858
2376.4700666379927,-72.01037881835055,-72.01037881835055
2376.480066637993,-72.01236587241588,-72.01236587241588
2376.4900666379926,-72.0143463577864,-72.0143463577864
2376.500066637993,-72.01632003143166,-72.01632003143166
2376.510066637993,-72.01828686290784,-72.01828686290784
2376.520066637993,-72.02024694624966,-72.02024694624966
2376.530066637993,-72.02220044701191,-72.02220044701191
2376.540066637993,-72.02414757042128,-72.02414757042128
2376.550066637993,-72.02608854225282,-72.02608854225282
2376.560066637993,-72.02802359744467,-72.02802359744467
2376.570066637993,-72.02995297341756,-72.02995297341756
2376.580066637993,-72.03187690623479,-72.03187690623479
2376.590066637993,-72.0337956284917,-72.0337956284917
2376.6000666618347,-72.03570937287434,-72.03570937287434
2376.610066661835,-72.03761835344889,-72.03761835344889
2376.6200666618347,-72.03952279303324,-72.03952279303324
2376.630066661835,-72.04142290503944,-72.04142290503944
2376.6400666618347,-72.04331889833767,-72.04331889833767
2376.650066661835,-72.04521097749956,-72.04521097749956
2376.6600666618347,-72.04709934313665,-72.04709934313665
2376.670066661835,-72.04898419217511,-72.04898419217511
2376.6800666618346,-72.0508657181167,-72.0508657181167
2376.690066661835,-72.052744111286,-72.052744111286
2376.7000666618346,-72.05461955904255,-72.05461955904255
2376.710066661835,-72.05649224594042,-72.05649224594042
2376.7200666618346,-72.05836235391286,-72.05836235391286
2376.730066661835,-72.06023006238289,-72.06023006238289
2376.7400666618346,-72.06209554839788,-72.06209554839788
2376.750066661835,-72.06395898671082,-72.06395898671082
2376.7600666618346,-72.06582054986045,-72.06582054986045
2376.770066661835,-72.0676804082497,-72.0676804082497
2376.7800666618346,-72.0695387301792,-72.0695387301792
2376.7900666618348,-72.07139568192069,-72.07139568192069
2376.8000666618345,-72.07325142774638,-72.07325142774638
2376.8100666618348,-72.07510612994534,-72.07510612994534
2376.8200666618345,-72.07695994886971,-72.07695994886971
2376.8300666618347,-72.07881304293339,-72.07881304293339
2376.8400666618345,-72.08066556865417,-72.08066556865417
2376.8500666618347,-72.0825176806463,-72.0825176806463
2376.860066661835,-72.08436953164625,-72.08436953164625
2376.8700666618347,-72.0862212725211,-72.0862212725211
2376.880066661835,-72.088073052268,-72.088073052268
2376.8900666618347,-72.0899250180214,-72.0899250180214
2376.900066661835,-72.09177731507641,-72.09177731507641
2376.9100666618347,-72.09363008686385,-72.09363008686385
2376.920066661835,-72.09548347497709,-72.09548347497709
2376.9300666618346,-72.097337619162,-72.097337619162
2376.940066661835,-72.09919265733969,-72.09919265733969
2376.9500666618346,-72.10104872559094,-72.10104872559094
2376.960066661835,-72.10290595816697,-72.10290595816697
2376.9700666618346,-72.10476448751858,-72.10476448751858
2376.980066661835,-72.1066244442389,-72.1066244442389
2376.9900666618346,-72.10848595713311,-72.10848595713311
2377.000066661835,-72.11034915318527,-72.11034915318527
2377.0100666618346,-72.11221415757531,-72.11221415757531
2377.020066661835,-72.11408109369069,-72.11408109369069
2377.0300666618346,-72.11595008312419,-72.11595008312419
2377.0400666618348,-72.11782124567775,-72.11782124567775
2377.0500666618345,-72.11969469937208,-72.11969469937208
2377.0600666618348,-72.12157056046688,-72.12157056046688
2377.0700666618345,-72.12344894345425,-72.12344894345425
2377.0800666618347,-72.12532996106079,-72.12532996106079
2377.0900666618345,-72.12721372428474,-72.12721372428474
2377.1000666618347,-72.12910034237632,-72.12910034237632
2377.110066661835,-72.1309899228534,-72.1309899228534
2377.1200666618347,-72.13288257153164,-72.13288257153164
2377.130066661835,-72.13477839250658,-72.13477839250658
2377.1400666618347,-72.13667748817772,-72.13667748817772
2377.150066661835,-72.13857995925979,-72.13857995925979
2377.1600666618347,-72.14048590479356,-72.14048590479356
2377.170066661835,-72.14239542216102,-72.14239542216102
2377.1800666618346,-72.14430860709477,-72.14430860709477
2377.190066661835,-72.14622555367465,-72.14622555367465
2377.2000666618346,-72.14814635437368,-72.14814635437368
2377.210066661835,-72.15007110003492,-72.15007110003492
2377.2200666618346,-72.15199987992062,-72.15199987992062
2377.230066661835,-72.1539327816877,-72.1539327816877
2377.2400666618346,-72.1558698914304,-72.1558698914304
2377.250066661835,-72.15781129367687,-72.15781129367687
2377.2600666618346,-72.15975707142117,-72.15975707142117
2377.270066661835,-72.16170730610442,-72.16170730610442
2377.2800666618346,-72.16366207767558,-72.16366207767558
2377.2900666618348,-72.16562146456269,-72.16562146456269
2377.3000666618345,-72.1675855437161,-72.1675855437161
2377.3100666618348,-72.16955439060129,-72.16955439060129
2377.3200666618345,-72.1715280792318,-72.1715280792318
2377.3300666618347,-72.17350668217848,-72.17350668217848
2377.3400666618345,-72.17549027057531,-72.17549027057531
2377.3500666618347,-72.17747891414147,-72.17747891414147
2377.360066661835,-72.17947268120196,-72.17947268120196
2377.3700666618347,-72.18147163868926,-72.18147163868926
2377.380066661835,-72.18347585217862,-72.18347585217862
2377.3900666618347,-72.18548538587403,-72.18548538587403
2377.400066661835,-72.18750030264823,-72.18750030264823
2377.4100666618347,-72.1895206640532,-72.1895206640532
2377.420066661835,-72.19154653031599,-72.19154653031599
2377.4300666618346,-72.1935779603851,-72.1935779603851
2377.440066661835,-72.19561501192213,-72.19561501192213
2377.4500666856766,-72.19765774618624,-72.19765774618624
2377.460066685677,-72.19970620862532,-72.19970620862532
2377.4700666856766,-72.20176045797757,-72.20176045797757
2377.480066685677,-72.20382054694566,-72.20382054694566
2377.4900666856765,-72.20588652702382,-72.20588652702382
2377.5000666856768,-72.2079584484957,-72.2079584484957
2377.5100666856765,-72.21003636049663,-72.21003636049663
2377.5200666856767,-72.21212031097696,-72.21212031097696
2377.5300666856765,-72.2142103467643,-72.2142103467643
2377.5400666856767,-72.21630651352702,-72.21630651352702
2377.5500666856765,-72.21840885584024,-72.21840885584024
2377.5600666856767,-72.22051741717138,-72.22051741717138
2377.5700666856765,-72.22263223988564,-72.22263223988564
2377.5800666856767,-72.22475336528325,-72.22475336528325
2377.5900666856764,-72.22688083361108,-72.22688083361108
2377.6000666856767,-72.22901468405162,-72.22901468405162
2377.6100666856764,-72.23115495477461,-72.23115495477461
2377.6200666856766,-72.23330168291912,-72.23330168291912
2377.6300666856764,-72.23545490462257,-72.23545490462257
2377.6400666856766,-72.23761465502575,-72.23761465502575
2377.6500666856764,-72.23978096830469,-72.23978096830469
2377.6600666856766,-72.24195387766247,-72.24195387766247
2377.6700666856764,-72.24413341533943,-72.24413341533943
2377.6800666856766,-72.24631961265963,-72.24631961265963
2377.6900666856764,-72.24851250001439,-72.24851250001439
2377.7000666856766,-72.25071210687288,-72.25071210687288
2377.710066685677,-72.25291846181601,-72.25291846181601
2377.7200666856766,-72.25513159253379,-72.25513159253379
2377.730066685677,-72.25735152583931,-72.25735152583931
2377.7400666856765,-72.25957828769343,-72.25957828769343
2377.7500666856768,-72.26181190319319,-72.26181190319319
2377.7600666856765,-72.26405239661504,-72.26405239661504
2377.7700666856767,-72.26629979139413,-72.26629979139413
2377.7800666856765,-72.26855411016003,-72.26855411016003
2377.7900666856767,-72.27081537474189,-72.27081537474189
2377.8000666856765,-72.27308360617548,-72.27308360617548
2377.8100666856767,-72.27535882471987,-72.27535882471987
2377.8200666856765,-72.2776410498713,-72.2776410498713
2377.8300666856767,-72.27993030035704,-72.27993030035704
2377.8400666856764,-72.28222659417582,-72.28222659417582
2377.8500666856767,-72.28452994857982,-72.28452994857982
2377.8600666856764,-72.2868403801093,-72.2868403801093
2377.8700666856766,-72.28915790458852,-72.28915790458852
2377.8800666856764,-72.29148253714062,-72.29148253714062
2377.8900666856766,-72.29381429220065,-72.29381429220065
2377.9000666856764,-72.29615318351279,-72.29615318351279
2377.9100666856766,-72.29849922416976,-72.29849922416976
2377.9200666856764,-72.30085242658605,-72.30085242658605
2377.9300666856766,-72.30321280253422,-72.30321280253422
2377.9400666856764,-72.30558036315213,-72.30558036315213
2377.9500666856766,-72.307955118948,-72.307955118948
2377.960066685677,-72.31033707980305,-72.31033707980305
2377.9700666856766,-72.31272625498353,-72.31272625498353
2377.980066685677,-72.3151226531702,-72.3151226531702
2377.9900666856765,-72.31752628244054,-72.31752628244054
2378.0000666856768,-72.31993715028726,-72.31993715028726
2378.0100666856765,-72.32235526364181,-72.32235526364181
2378.0200666856767,-72.32478062886248,-72.32478062886248
2378.0300666856765,-72.32721325175396,-72.32721325175396
2378.0400666856767,-72.32965313756891,-72.32965313756891
2378.0500666856765,-72.33210029103127,-72.33210029103127
2378.0600666856767,-72.33455471632838,-72.33455471632838
2378.0700666856765,-72.3370164171321,-72.3370164171321
2378.0800666856767,-72.33948539659409,-72.33948539659409
2378.0900666856764,-72.34196165736606,-72.34196165736606
2378.1000666856767,-72.34444520160177,-72.34444520160177
2378.1100666856764,-72.34693603096963,-72.34693603096963
2378.1200666856766,-72.34943414665177,-72.34943414665177
2378.1300666856764,-72.35193954936571,-72.35193954936571
2378.1400666856766,-72.3544522393432,-72.3544522393432
2378.1500666856764,-72.35697221638577,-72.35697221638577
2378.1600666856766,-72.35949947983049,-72.35949947983049
2378.1700666856764,-72.36203402856843,-72.36203402856843
2378.1800666856766,-72.36457586105854,-72.36457586105854
2378.1900666856764,-72.36712497533816,-72.36712497533816
2378.2000666856766,-72.36968136901194,-72.36968136901194
2378.210066685677,-72.37224503927948,-72.37224503927948
2378.2200666856766,-72.37481598292604,-72.37481598292604
2378.230066685677,-72.37739419634366,-72.37739419634366
2378.2400666856765,-72.37997967551908,-72.37997967551908
2378.2500666856768,-72.38257241605909,-72.38257241605909
2378.2600666856765,-72.38517241319123,-72.38517241319123
2378.2700666856767,-72.38777966176535,-72.38777966176535
2378.2800666856765,-72.39039415626485,-72.39039415626485
2378.2900666856767,-72.39301589080779,-72.39301589080779
2378.3000667095184,-72.39564486541607,-72.39564486541607
2378.3100667095187,-72.3982810610235,-72.3982810610235
2378.3200667095184,-72.40092447690995,-72.40092447690995
2378.3300667095186,-72.40357510582268,-72.40357510582268
2378.3400667095184,-72.4062329401613,-72.4062329401613
2378.3500667095186,-72.4088979720046,-72.4088979720046
2378.3600667095184,-72.41157019310562,-72.41157019310562
2378.3700667095186,-72.41424959489731,-72.41424959489731
2378.3800667095184,-72.41693616851951,-72.41693616851951
2378.3900667095186,-72.4196299047923,-72.4196299047923
2378.4000667095183,-72.42233079424291,-72.42233079424291
2378.4100667095186,-72.42503882709613,-72.42503882709613
2378.4200667095183,-72.42775399331157,-72.42775399331157
2378.4300667095185,-72.43047628254227,-72.43047628254227
2378.4400667095183,-72.43320568417205,-72.43320568417205
2378.4500667095185,-72.4359421873103,-72.4359421873103
2378.4600667095183,-72.43868578080642,-72.43868578080642
2378.4700667095185,-72.44143645323287,-72.44143645323287
2378.4800667095183,-72.44419419290004,-72.44419419290004
2378.4900667095185,-72.44695898788807,-72.44695898788807
2378.5000667095183,-72.44973082601695,-72.44973082601695
2378.5100667095185,-72.45250969484557,-72.45250969484557
2378.5200667095182,-72.4552955817086,-72.4552955817086
2378.5300667095185,-72.45808847370716,-72.45808847370716
2378.540066709518,-72.46088835770655,-72.46088835770655
2378.5500667095184,-72.46369522033207,-72.46369522033207
2378.5600667095187,-72.46650904801095,-72.46650904801095
2378.5700667095184,-72.46932982693255,-72.46932982693255
2378.5800667095186,-72.47215754307157,-72.47215754307157
2378.5900667095184,-72.474992182206,-72.474992182206
2378.6000667095186,-72.47783372989745,-72.47783372989745
2378.6100667095184,-72.4806821715076,-72.4806821715076
2378.6200667095186,-72.48353749219712,-72.48353749219712
2378.6300667095184,-72.48639967692627,-72.48639967692627
2378.6400667095186,-72.48926871048688,-72.48926871048688
2378.6500667095183,-72.4921445774613,-72.4921445774613
2378.6600667095186,-72.49502726224499,-72.49502726224499
2378.6700667095183,-72.49791674907358,-72.49791674907358
2378.6800667095185,-72.50081302199777,-72.50081302199777
2378.6900667095183,-72.50371606488773,-72.50371606488773
2378.7000667095185,-72.5066258614503,-72.5066258614503
2378.7100667095183,-72.50953607058354,-72.50953607058354
2378.7200667095185,-72.51244390553514,-72.51244390553514
2378.7300667095183,-72.51534800032594,-72.51534800032594
2378.7400667095185,-72.51824764660132,-72.51824764660132
2378.7500667095183,-72.52114250236713,-72.52114250236713
2378.7600667095185,-72.52403244074948,-72.52403244074948
2378.7700667095182,-72.52691746133839,-72.52691746133839
2378.7800667095185,-72.52979763689504,-72.52979763689504
2378.790066709518,-72.53267308133765,-72.53267308133765
2378.8000667095184,-72.53554393047558,-72.53554393047558
2378.8100667095187,-72.53841033059909,-72.53841033059909
2378.8200667095184,-72.54127243170566,-72.54127243170566
2378.8300667095186,-72.54413038365705,-72.54413038365705
2378.8400667095184,-72.54698433405378,-72.54698433405378
2378.8500667095186,-72.54983442716434,-72.54983442716434
2378.8600667095184,-72.5526808035208,-72.5526808035208
2378.8700667095186,-72.55552359983047,-72.55552359983047
2378.8800667095184,-72.55836294913239,-72.55836294913239
2378.8900667095186,-72.56119898101015,-72.56119898101015
2378.9000667095183,-72.56403182191008,-72.56403182191008
2378.9100667095186,-72.56686159540084,-72.56686159540084
2378.9200667095183,-72.56968842247345,-72.56968842247345
2378.9300667095185,-72.57251242178339,-72.57251242178339
2378.9400667095183,-72.57533370989319,-72.57533370989319
2378.9500667095185,-72.5781524014682,-72.5781524014682
2378.9600667095183,-72.58096227873844,-72.58096227873844
2378.9700667095185,-72.58376068031589,-72.58376068031589
2378.9800667095183,-72.58654636566715,-72.58654636566715
2378.9900667095185,-72.58931875135639,-72.58931875135639
2379.0000667095183,-72.59207761956601,-72.59207761956601
2379.0100667095185,-72.59482296679933,-72.59482296679933
2379.0200667095182,-72.597554915199,-72.597554915199
2379.0300667095185,-72.6002736592583,-72.6002736592583
2379.040066709518,-72.6029794337947,-72.6029794337947
2379.0500667095184,-72.60567249471967,-72.60567249471967
2379.0600667095187,-72.60835310761507,-72.60835310761507
2379.0700667095184,-72.61102154097031,-72.61102154097031
2379.0800667095186,-72.61367806234406,-72.61367806234406
2379.0900667095184,-72.61632293622749,-72.61632293622749
2379.1000667095186,-72.61895642298744,-72.61895642298744
2379.1100667095184,-72.62157877845796,-72.62157877845796
2379.1200667095186,-72.62419025383558,-72.62419025383558
2379.1300667095184,-72.62679109581529,-72.62679109581529
2379.1400667095186,-72.62938154682101,-72.62938154682101
2379.1500667333603,-72.63196185145051,-72.63196185145051
2379.1600667333605,-72.63453223212136,-72.63453223212136
2379.1700667333603,-72.63709292630386,-72.63709292630386
2379.1800667333605,-72.63964416208988,-72.63964416208988
2379.1900667333603,-72.64218616461297,-72.64218616461297
2379.2000667333605,-72.64471915621758,-72.64471915621758
2379.2100667333602,-72.6472433566211,-72.6472433566211
2379.2200667333605,-72.64975898305877,-72.64975898305877
2379.23006673336,-72.6522662504092,-72.6522662504092
2379.2400667333604,-72.65476537128704,-72.65476537128704
2379.25006673336,-72.65725655609367,-72.65725655609367
2379.2600667333604,-72.65974001312043,-72.65974001312043
2379.27006673336,-72.66221594858094,-72.66221594858094
2379.2800667333604,-72.66468456664113,-72.66468456664113
2379.29006673336,-72.66714606947147,-72.66714606947147
2379.3000667333604,-72.66960065725536,-72.66960065725536
2379.31006673336,-72.67204852822779,-72.67204852822779
2379.3200667333604,-72.6744898786522,-72.6744898786522
2379.33006673336,-72.67692490286163,-72.67692490286163
2379.3400667333603,-72.67935379324821,-72.67935379324821
2379.35006673336,-72.68177674025848,-72.68177674025848
2379.3600667333603,-72.68419393241751,-72.68419393241751
2379.37006673336,-72.6866055563036,-72.6866055563036
2379.3800667333603,-72.68901179656329,-72.68901179656329
2379.39006673336,-72.69141283589447,-72.69141283589447
2379.4000667333603,-72.69380885504067,-72.69380885504067
2379.4100667333605,-72.69620003280764,-72.69620003280764
2379.4200667333603,-72.69858654603878,-72.69858654603878
2379.4300667333605,-72.70096856961888,-72.70096856961888
2379.4400667333603,-72.70334627647445,-72.70334627647445
2379.4500667333605,-72.70571983755855,-72.70571983755855
2379.4600667333602,-72.70808942185799,-72.70808942185799
2379.4700667333605,-72.71045519638798,-72.71045519638798
2379.48006673336,-72.71281732618596,-72.71281732618596
2379.4900667333604,-72.71517597432135,-72.71517597432135
2379.50006673336,-72.7175313018893,-72.7175313018893
2379.5100667333604,-72.71988346799886,-72.71988346799886
2379.52006673336,-72.72223262980043,-72.72223262980043
2379.5300667333604,-72.72457894245635,-72.72457894245635
2379.54006673336,-72.72692255916985,-72.72692255916985
2379.5500667333604,-72.72926363117188,-72.72926363117188
2379.56006673336,-72.73160230773122,-72.73160230773122
2379.5700667333604,-72.73393873615845,-72.73393873615845
2379.58006673336,-72.73627306181193,-72.73627306181193
2379.5900667333603,-72.73860542809759,-72.73860542809759
2379.60006673336,-72.74093597648931,-72.74093597648931
2379.6100667333603,-72.7432648465142,-72.7432648465142
2379.62006673336,-72.74559217578104,-72.74559217578104
2379.6300667333603,-72.7479180999673,-72.7479180999673
2379.64006673336,-72.75024275286299,-72.75024275286299
2379.6500667333603,-72.75256626633973,-72.75256626633973
2379.6600667333605,-72.75488877038404,-72.75488877038404
2379.6700667333603,-72.75721039310113,-72.75721039310113
2379.6800667333605,-72.75953126072528,-72.75953126072528
2379.6900667333603,-72.76185149764304,-72.76185149764304
2379.7000667333605,-72.76417122637515,-72.76417122637515
2379.7100667333602,-72.76649056763527,-72.76649056763527
2379.7200667333605,-72.76880964028075,-72.76880964028075
2379.73006673336,-72.77112856138726,-72.77112856138726
2379.7400667333604,-72.77344744622123,-72.77344744622123
2379.75006673336,-72.77576640827533,-72.77576640827533
2379.7600667333604,-72.77808555926356,-72.77808555926356
2379.77006673336,-72.78040500914982,-72.78040500914982
2379.7800667333604,-72.78272486615947,-72.78272486615947
2379.79006673336,-72.78504523679767,-72.78504523679767
2379.8000667333604,-72.78736622583759,-72.78736622583759
2379.81006673336,-72.78968793637614,-72.78968793637614
2379.8200667333604,-72.7920104698202,-72.7920104698202
2379.83006673336,-72.79433392591982,-72.79433392591982
2379.8400667333603,-72.79665840276274,-72.79665840276274
2379.85006673336,-72.79898399681252,-72.79898399681252
2379.8600667333603,-72.80131080290097,-72.80131080290097
2379.87006673336,-72.80363891427274,-72.80363891427274
2379.8800667333603,-72.80596842257147,-72.80596842257147
2379.89006673336,-72.80829941787724,-72.80829941787724
2379.9000667333603,-72.8106319887139,-72.8106319887139
2379.9100667333605,-72.81296622208018,-72.81296622208018
2379.9200667333603,-72.81530220342268,-72.81530220342268
2379.9300667333605,-72.8176400166971,-72.8176400166971
2379.9400667333603,-72.81997974436807,-72.81997974436807
2379.9500667333605,-72.82232146742894,-72.82232146742894
2379.9600667333602,-72.82466526541597,-72.82466526541597
2379.9700667333605,-72.82701121641684,-72.82701121641684
2379.98006673336,-72.82935939711082,-72.82935939711082
2379.9900667333604,-72.83170988274595,-72.83170988274595
2380.000066757202,-72.83406275279482,-72.83406275279482
2380.0100667572024,-72.8364180685511,-72.8364180685511
2380.020066757202,-72.83877590673688,-72.83877590673688
2380.0300667572023,-72.84113633713221,-72.84113633713221
2380.040066757202,-72.84349942820596,-72.84349942820596
2380.0500667572023,-72.84586524709778,-72.84586524709778
2380.060066757202,-72.84823385965645,-72.84823385965645
2380.0700667572023,-72.8506053304466,-72.8506053304466
2380.080066757202,-72.85297972278323,-72.85297972278323
2380.0900667572023,-72.85535709871456,-72.85535709871456
2380.100066757202,-72.85773751907142,-72.85773751907142
2380.1100667572023,-72.86012104344765,-72.86012104344765
2380.120066757202,-72.86250773025336,-72.86250773025336
2380.1300667572023,-72.86489763669616,-72.86489763669616
2380.140066757202,-72.86729081882005,-72.86729081882005
2380.1500667572022,-72.86968733152332,-72.86968733152332
2380.160066757202,-72.8720872285433,-72.8720872285433
2380.170066757202,-72.87449056249336,-72.87449056249336
2380.180066757202,-72.87689738488835,-72.87689738488835
2380.190066757202,-72.87930774613491,-72.87930774613491
2380.200066757202,-72.88172169555757,-72.88172169555757
2380.210066757202,-72.88413928141429,-72.88413928141429
2380.220066757202,-72.88656055091283,-72.88656055091283
2380.230066757202,-72.88898555020758,-72.88898555020758
2380.240066757202,-72.89141432444566,-72.89141432444566
2380.250066757202,-72.89384691774696,-72.89384691774696
2380.2600667572024,-72.8962833732392,-72.8962833732392
2380.270066757202,-72.89872373307307,-72.89872373307307
2380.2800667572023,-72.90116803840704,-72.90116803840704
2380.290066757202,-72.90361632946525,-72.90361632946525
2380.3000667572023,-72.90606864551954,-72.90606864551954
2380.310066757202,-72.90852502490293,-72.90852502490293
2380.3200667572023,-72.9109855050323,-72.9109855050323
2380.330066757202,-72.91345012243816,-72.91345012243816
2380.3400667572023,-72.91591891272917,-72.91591891272917
2380.350066757202,-72.91839191065137,-72.91839191065137
2380.3600667572023,-72.92086915007712,-72.92086915007712
2380.370066757202,-72.92335066403344,-72.92335066403344
2380.3800667572023,-72.92583648468721,-72.92583648468721
2380.390066757202,-72.9283266433869,-72.9283266433869
2380.4000667572022,-72.93082117066005,-72.93082117066005
2380.410066757202,-72.93332009622573,-72.93332009622573
2380.420066757202,-72.93582344900392,-72.93582344900392
2380.430066757202,-72.93833125713273,-72.93833125713273
2380.440066757202,-72.9408435479851,-72.9408435479851
2380.450066757202,-72.94336034815365,-72.94336034815365
2380.460066757202,-72.94588168350694,-72.94588168350694
2380.470066757202,-72.94840757914346,-72.94840757914346
2380.480066757202,-72.9509380594592,-72.9509380594592
2380.490066757202,-72.95347314811428,-72.95347314811428
2380.500066757202,-72.95601286806826,-72.95601286806826
2380.5100667572024,-72.95855724159958,-72.95855724159958
2380.520066757202,-72.96110629026997,-72.96110629026997
2380.5300667572023,-72.96366003497688,-72.96366003497688
2380.540066757202,-72.96621849596409,-72.96621849596409
2380.5500667572023,-72.9687816928046,-72.9687816928046
2380.560066757202,-72.97134964443003,-72.97134964443003
2380.5700667572023,-72.97392236912748,-72.97392236912748
2380.580066757202,-72.97649988456995,-72.97649988456995
2380.5900667572023,-72.97908220779998,-72.97908220779998
2380.600066757202,-72.98166935526997,-72.98166935526997
2380.6100667572023,-72.98426134280541,-72.98426134280541
2380.620066757202,-72.98685818566065,-72.98685818566065
2380.6300667572023,-72.98945989851593,-72.98945989851593
2380.640066757202,-72.99206649546223,-72.99206649546223
2380.6500667572022,-72.99467799002508,-72.99467799002508
2380.660066757202,-72.99729439518785,-72.99729439518785
2380.670066757202,-72.99991572338375,-72.99991572338375
2380.680066757202,-73.0025419865034,-73.0025419865034
2380.690066757202,-73.00517319591366,-73.00517319591366
2380.700066757202,-73.00780936245197,-73.00780936245197
2380.710066757202,-73.0104504964438,-73.0104504964438
2380.720066757202,-73.01309660771453,-73.01309660771453
2380.730066757202,-73.01574770559358,-73.01574770559358
2380.740066757202,-73.01840379890551,-73.01840379890551
2380.750066757202,-73.02106489601204,-73.02106489601204
2380.7600667572024,-73.02373100478293,-73.02373100478293
2380.770066757202,-73.0264021326402,-73.0264021326402
2380.7800667572023,-73.02907828651651,-73.02907828651651
2380.790066757202,-73.03175947291784,-73.03175947291784
2380.8000667572023,-73.03444569789423,-73.03444569789423
2380.810066757202,-73.03713696706133,-73.03713696706133
2380.8200667572023,-73.03983328559501,-73.03983328559501
2380.830066757202,-73.04253465825096,-73.04253465825096
2380.8400667572023,-73.045241089363,-73.045241089363
2380.850066781044,-73.04795258932111,-73.04795258932111
2380.860066781044,-73.05066914874983,-73.05066914874983
2380.870066781044,-73.05339077720298,-73.05339077720298
2380.880066781044,-73.0561174774123,-73.0561174774123
2380.890066781044,-73.05884925172886,-73.05884925172886
2380.900066781044,-73.06158610210535,-73.06158610210535
2380.910066781044,-73.06432803014482,-73.06432803014482
2380.920066781044,-73.06707503706627,-73.06707503706627
2380.930066781044,-73.06982712373467,-73.06982712373467
2380.940066781044,-73.0725842906568,-73.0725842906568
2380.950066781044,-73.07534653798412,-73.07534653798412
2380.960066781044,-73.07811386553132,-73.07811386553132
2380.970066781044,-73.08088627277516,-73.08088627277516
2380.980066781044,-73.08366375886145,-73.08366375886145
2380.990066781044,-73.08644632259303,-73.08644632259303
2381.000066781044,-73.08923396246742,-73.08923396246742
2381.010066781044,-73.09202667665501,-73.09202667665501
2381.020066781044,-73.09482446302952,-73.09482446302952
2381.030066781044,-73.09762731913631,-73.09762731913631
2381.040066781044,-73.10043524223357,-73.10043524223357
2381.050066781044,-73.1032482292823,-73.1032482292823
2381.060066781044,-73.10606627694719,-73.10606627694719
2381.070066781044,-73.10888938161239,-73.10888938161239
2381.080066781044,-73.11171753937587,-73.11171753937587
2381.090066781044,-73.11455074606734,-73.11455074606734
2381.100066781044,-73.11738899723062,-73.11738899723062
2381.110066781044,-73.12023228814677,-73.12023228814677
2381.120066781044,-73.12308061383389,-73.12308061383389
2381.130066781044,-73.12593396905947,-73.12593396905947
2381.140066781044,-73.1287923483248,-73.1287923483248
2381.150066781044,-73.1316557458867,-73.1316557458867
2381.160066781044,-73.13452415576282,-73.13452415576282
2381.170066781044,-73.13739757172051,-73.13739757172051
2381.180066781044,-73.14027598729147,-73.14027598729147
2381.190066781044,-73.14315939577209,-73.14315939577209
2381.200066781044,-73.14604779023904,-73.14604779023904
2381.210066781044,-73.1489411635321,-73.1489411635321
2381.220066781044,-73.15183950827813,-73.15183950827813
2381.230066781044,-73.15474281688438,-73.15474281688438
2381.240066781044,-73.15765108155102,-73.15765108155102
2381.250066781044,-73.16056429425363,-73.16056429425363
2381.260066781044,-73.16348244677022,-73.16348244677022
2381.270066781044,-73.16640553068471,-73.16640553068471
2381.280066781044,-73.16933353736333,-73.16933353736333
2381.290066781044,-73.17226645799637,-73.17226645799637
2381.300066781044,-73.17520428357355,-73.17520428357355
2381.310066781044,-73.17814700489426,-73.17814700489426
2381.320066781044,-73.18109461258285,-73.18109461258285
2381.330066781044,-73.18404709706805,-73.18404709706805
2381.340066781044,-73.18700444860835,-73.18700444860835
2381.350066781044,-73.18996665729216,-73.18996665729216
2381.360066781044,-73.1929337130303,-73.1929337130303
2381.370066781044,-73.19590560556225,-73.19590560556225
2381.380066781044,-73.19888232446448,-73.19888232446448
2381.390066781044,-73.2018638591625,-73.2018638591625
2381.400066781044,-73.20485019890856,-73.20485019890856
2381.410066781044,-73.20784133279938,-73.20784133279938
2381.420066781044,-73.21083724978124,-73.21083724978124
2381.430066781044,-73.21383793865972,-73.21383793865972
2381.440066781044,-73.21684338807998,-73.21684338807998
2381.450066781044,-73.21985358654372,-73.21985358654372
2381.460066781044,-73.22286852241339,-73.22286852241339
2381.470066781044,-73.22588818392028,-73.22588818392028
2381.480066781044,-73.22891255914841,-73.22891255914841
2381.490066781044,-73.23194163604646,-73.23194163604646
2381.500066781044,-73.23497540243417,-73.23497540243417
2381.510066781044,-73.23801384601539,-73.23801384601539
2381.520066781044,-73.24105695435756,-73.24105695435756
2381.530066781044,-73.24410471490194,-73.24410471490194
2381.540066781044,-73.24715711497007,-73.24715711497007
2381.550066781044,-73.25021414176574,-73.25021414176574
2381.560066781044,-73.25327578238524,-73.25327578238524
2381.570066781044,-73.25634202380178,-73.25634202380178
2381.580066781044,-73.25941285287368,-73.25941285287368
2381.590066781044,-73.26248825635545,-73.26248825635545
2381.600066781044,-73.26556822089212,-73.26556822089212
2381.610066781044,-73.2686527330414,-73.2686527330414
2381.620066781044,-73.27174177922696,-73.27174177922696
2381.630066781044,-73.27483534579983,-73.27483534579983
2381.640066781044,-73.27793341899597,-73.27793341899597
2381.650066781044,-73.28103598497346,-73.28103598497346
2381.660066781044,-73.28414302977086,-73.28414302977086
2381.670066781044,-73.28725453935473,-73.28725453935473
2381.680066781044,-73.29037049960084,-73.29037049960084
2381.690066781044,-73.29349089628471,-73.29349089628471
2381.700066804886,-73.29661572254943,-73.29661572254943
2381.710066804886,-73.29974494914198,-73.29974494914198
2381.720066804886,-73.30287856901182,-73.30287856901182
2381.730066804886,-73.30601656761495,-73.30601656761495
2381.740066804886,-73.30915893032673,-73.30915893032673
2381.750066804886,-73.31230564244906,-73.31230564244906
2381.760066804886,-73.31545668919568,-73.31545668919568
2381.770066804886,-73.31861205571565,-73.31861205571565
2381.780066804886,-73.32177172708747,-73.32177172708747
2381.790066804886,-73.3249356883299,-73.3249356883299
2381.800066804886,-73.32810392437464,-73.32810392437464
2381.810066804886,-73.33127642010439,-73.33127642010439
2381.8200668048858,-73.33445316033594,-73.33445316033594
2381.830066804886,-73.33763412980944,-73.33763412980944
2381.8400668048857,-73.3408193132156,-73.3408193132156
2381.850066804886,-73.34400869517647,-73.34400869517647
2381.8600668048857,-73.34720226027268,-73.34720226027268
2381.870066804886,-73.35039999301024,-73.35039999301024
2381.8800668048857,-73.35360187786064,-73.35360187786064
2381.890066804886,-73.35680789921213,-73.35680789921213
2381.9000668048857,-73.36001804143135,-73.36001804143135
2381.910066804886,-73.36323228881827,-73.36323228881827
2381.9200668048857,-73.36645062563169,-73.36645062563169
2381.930066804886,-73.36967303607723,-73.36967303607723
2381.9400668048856,-73.37289950431781,-73.37289950431781
2381.950066804886,-73.3761300144648,-73.3761300144648
2381.960066804886,-73.37936455059831,-73.37936455059831
2381.970066804886,-73.38260309674253,-73.38260309674253
2381.980066804886,-73.3858456368948,-73.3858456368948
2381.990066804886,-73.38909215499652,-73.38909215499652
2382.000066804886,-73.39234263497733,-73.39234263497733
2382.010066804886,-73.39559706070233,-73.39559706070233
2382.020066804886,-73.39885541600576,-73.39885541600576
2382.030066804886,-73.4021176847017,-73.4021176847017
2382.040066804886,-73.40538385055821,-73.40538385055821
2382.050066804886,-73.40865389731816,-73.40865389731816
2382.060066804886,-73.4119278086886,-73.4119278086886
2382.0700668048858,-73.41520556835145,-73.41520556835145
2382.080066804886,-73.4184871599575,-73.4184871599575
2382.0900668048857,-73.42177256713411,-73.42177256713411
2382.100066804886,-73.42506177346873,-73.42506177346873
2382.1100668048857,-73.42835476253885,-73.42835476253885
2382.120066804886,-73.43165151789206,-73.43165151789206
2382.1300668048857,-73.43495202305951,-73.43495202305951
2382.140066804886,-73.43825626153395,-73.43825626153395
2382.1500668048857,-73.44156421679915,-73.44156421679915
2382.160066804886,-73.44487587231346,-73.44487587231346
2382.1700668048857,-73.44819121152246,-73.44819121152246
2382.180066804886,-73.45151021784872,-73.45151021784872
2382.1900668048856,-73.45483287469794,-73.45483287469794
2382.200066804886,-73.45815916545985,-73.45815916545985
2382.210066804886,-73.46148907351747,-73.46148907351747
2382.220066804886,-73.46482258222187,-73.46482258222187
2382.230066804886,-73.46815967493036,-73.46815967493036
2382.240066804886,-73.47150033496976,-73.47150033496976
2382.250066804886,-73.47484454566415,-73.47484454566415
2382.260066804886,-73.47819229032926,-73.47819229032926
2382.270066804886,-73.48154355227051,-73.48154355227051
2382.280066804886,-73.48489831478223,-73.48489831478223
2382.290066804886,-73.48825656114084,-73.48825656114084
2382.300066804886,-73.49161827463004,-73.49161827463004
2382.310066804886,-73.49498343852058,-73.49498343852058
2382.3200668048858,-73.498352036081,-73.498352036081
2382.330066804886,-73.50172405056797,-73.50172405056797
2382.3400668048857,-73.50509946523489,-73.50509946523489
2382.350066804886,-73.50847826334036,-73.50847826334036
2382.3600668048857,-73.51186042813426,-73.51186042813426
2382.370066804886,-73.51524594286309,-73.51524594286309
2382.3800668048857,-73.51863479077655,-73.51863479077655
2382.390066804886,-73.52202695512098,-73.52202695512098
2382.4000668048857,-73.52542241913635,-73.52542241913635
2382.410066804886,-73.52882116607569,-73.52882116607569
2382.4200668048857,-73.53222317919175,-73.53222317919175
2382.430066804886,-73.53562844173271,-73.53562844173271
2382.4400668048856,-73.53903693694846,-73.53903693694846
2382.450066804886,-73.54244864809799,-73.54244864809799
2382.460066804886,-73.5458635584516,-73.5458635584516
2382.470066804886,-73.5492816512729,-73.5492816512729
2382.480066804886,-73.55270290982791,-73.55270290982791
2382.490066804886,-73.55612731740297,-73.55612731740297
2382.500066804886,-73.55955485727982,-73.55955485727982
2382.510066804886,-73.56298551274988,-73.56298551274988
2382.520066804886,-73.56641926711744,-73.56641926711744
2382.530066804886,-73.56985610368783,-73.56985610368783
2382.540066804886,-73.5732960057773,-73.5732960057773
2382.5500668287277,-73.57673896491666,-73.57673896491666
2382.560066828728,-73.58018494806083,-73.58018494806083
2382.5700668287277,-73.58363394673877,-73.58363394673877
2382.580066828728,-73.58708594430468,-73.58708594430468
2382.5900668287277,-73.59054092413623,-73.59054092413623
2382.600066828728,-73.59399886961984,-73.59399886961984
2382.6100668287277,-73.59745976414999,-73.59745976414999
2382.620066828728,-73.600923591135,-73.600923591135
2382.6300668287276,-73.60439033400762,-73.60439033400762
2382.640066828728,-73.6078599761948,-73.6078599761948
2382.6500668287276,-73.61133250115235,-73.61133250115235
2382.660066828728,-73.614807892347,-73.614807892347
2382.6700668287276,-73.61828613327009,-73.61828613327009
2382.680066828728,-73.62176720741303,-73.62176720741303
2382.6900668287276,-73.62525109829785,-73.62525109829785
2382.700066828728,-73.62873778945375,-73.62873778945375
2382.7100668287276,-73.63222726443219,-73.63222726443219
2382.720066828728,-73.63571950680468,-73.63571950680468
2382.7300668287276,-73.6392145001577,-73.6392145001577
2382.740066828728,-73.64271222809884,-73.64271222809884
2382.7500668287275,-73.64621267425406,-73.64621267425406
2382.7600668287278,-73.64971582226016,-73.64971582226016
2382.7700668287275,-73.65322165578831,-73.65322165578831
2382.7800668287277,-73.65673015853302,-73.65673015853302
2382.7900668287275,-73.66024131418818,-73.66024131418818
2382.8000668287277,-73.66375510648191,-73.66375510648191
2382.810066828728,-73.667271519164,-73.667271519164
2382.8200668287277,-73.67079053601132,-73.67079053601132
2382.830066828728,-73.67431214080645,-73.67431214080645
2382.8400668287277,-73.67783631737422,-73.67783631737422
2382.850066828728,-73.68136304954874,-73.68136304954874
2382.8600668287277,-73.68489232118928,-73.68489232118928
2382.870066828728,-73.6884241161779,-73.6884241161779
2382.8800668287276,-73.69195841843243,-73.69195841843243
2382.890066828728,-73.69549521188387,-73.69549521188387
2382.9000668287276,-73.69903448049084,-73.69903448049084
2382.910066828728,-73.70257620823058,-73.70257620823058
2382.9200668287276,-73.70612037911654,-73.70612037911654
2382.930066828728,-73.70966697717255,-73.70966697717255
2382.9400668287276,-73.71321598647201,-73.71321598647201
2382.950066828728,-73.71676739109185,-73.71676739109185
2382.9600668287276,-73.72032117514412,-73.72032117514412
2382.970066828728,-73.72387732276599,-73.72387732276599
2382.9800668287276,-73.72743581812401,-73.72743581812401
2382.990066828728,-73.73099664541685,-73.73099664541685
2383.0000668287275,-73.7345597888626,-73.7345597888626
2383.0100668287278,-73.73812523269959,-73.73812523269959
2383.0200668287275,-73.74169296120792,-73.74169296120792
2383.0300668287277,-73.74526295868816,-73.74526295868816
2383.0400668287275,-73.7488352094847,-73.7488352094847
2383.0500668287277,-73.75240969794582,-73.75240969794582
2383.060066828728,-73.7559864084743,-73.7559864084743
2383.0700668287277,-73.7595653254779,-73.7595653254779
2383.080066828728,-73.76314643340359,-73.76314643340359
2383.0900668287277,-73.76672971673348,-73.76672971673348
2383.100066828728,-73.77031515997838,-73.77031515997838
2383.1100668287277,-73.77390274767814,-73.77390274767814
2383.120066828728,-73.77749246439532,-73.77749246439532
2383.1300668287276,-73.78108429472954,-73.78108429472954
2383.140066828728,-73.78467822331396,-73.78467822331396
2383.1500668287276,-73.788274234805,-73.788274234805
2383.160066828728,-73.79187231389685,-73.79187231389685
2383.1700668287276,-73.79547244530866,-73.79547244530866
2383.180066828728,-73.79907461379581,-73.79907461379581
2383.1900668287276,-73.80267880415433,-73.80267880415433
2383.200066828728,-73.80628500118661,-73.80628500118661
2383.2100668287276,-73.8098931897525,-73.8098931897525
2383.220066828728,-73.81350335472752,-73.81350335472752
2383.2300668287276,-73.8171154810359,-73.8171154810359
2383.240066828728,-73.82072955361414,-73.82072955361414
2383.2500668287275,-73.82434555744848,-73.82434555744848
2383.2600668287278,-73.82796347754446,-73.82796347754446
2383.2700668287275,-73.83158329895281,-73.83158329895281
2383.2800668287277,-73.83520500675145,-73.83520500675145
2383.2900668287275,-73.83882858605023,-73.83882858605023
2383.3000668287277,-73.8424540220002,-73.8424540220002
2383.310066828728,-73.8460812997747,-73.8460812997747
2383.3200668287277,-73.8497104045844,-73.8497104045844
2383.330066828728,-73.85334132167922,-73.85334132167922
2383.3400668287277,-73.85697403634313,-73.85697403634313
2383.350066828728,-73.86060853387906,-73.86060853387906
2383.3600668287277,-73.86424479965214,-73.86424479965214
2383.370066828728,-73.86788281903728,-73.86788281903728
2383.3800668287276,-73.87152257745089,-73.87152257745089
2383.390066828728,-73.8751640603486,-73.8751640603486
2383.4000668525696,-73.87880726188781,-73.87880726188781
2383.41006685257,-73.88245215025373,-73.88245215025373
2383.4200668525696,-73.88609871966733,-73.88609871966733
2383.43006685257,-73.88974695571855,-73.88974695571855
2383.4400668525695,-73.89339684403524,-73.89339684403524
2383.4500668525698,-73.89704837027799,-73.89704837027799
2383.4600668525695,-73.90070152014479,-73.90070152014479
2383.4700668525697,-73.90435627937295,-73.90435627937295
2383.4800668525695,-73.90801263373531,-73.90801263373531
2383.4900668525697,-73.91167056902857,-73.91167056902857
2383.5000668525695,-73.91533007109184,-73.91533007109184
2383.5100668525697,-73.91899112580816,-73.91899112580816
2383.5200668525695,-73.92265371908192,-73.92265371908192
2383.5300668525697,-73.92631783686606,-73.92631783686606
2383.5400668525695,-73.92998346513313,-73.92998346513313
2383.5500668525697,-73.93365058991985,-73.93365058991985
2383.5600668525694,-73.93731919727864,-73.93731919727864
2383.5700668525697,-73.94098927329458,-73.94098927329458
2383.5800668525694,-73.94466080409761,-73.94466080409761
2383.5900668525696,-73.94833377585451,-73.94833377585451
2383.6000668525694,-73.95200817476393,-73.95200817476393
2383.6100668525696,-73.95568398706493,-73.95568398706493
2383.6200668525694,-73.95936119904277,-73.95936119904277
2383.6300668525696,-73.96303979699745,-73.96303979699745
2383.6400668525694,-73.96671976727738,-73.96671976727738
2383.6500668525696,-73.97040109626485,-73.97040109626485
2383.66006685257,-73.97408377038899,-73.97408377038899
2383.6700668525696,-73.97776777610325,-73.97776777610325
2383.68006685257,-73.98145309989758,-73.98145309989758
2383.6900668525695,-73.98513972832095,-73.98513972832095
2383.7000668525698,-73.98882764793075,-73.98882764793075
2383.7100668525695,-73.99251684533256,-73.99251684533256
2383.7200668525697,-73.99620730717068,-73.99620730717068
2383.7300668525695,-73.99989902012747,-73.99989902012747
2383.7400668525697,-74.00359197091363,-74.00359197091363
2383.7500668525695,-74.00728614629321,-74.00728614629321
2383.7600668525697,-74.01098153305483,-74.01098153305483
2383.7700668525695,-74.0146781180249,-74.0146781180249
2383.7800668525697,-74.01837588807133,-74.01837588807133
2383.7900668525695,-74.0220748300987,-74.0220748300987
2383.8000668525697,-74.02577493104293,-74.02577493104293
2383.8100668525694,-74.02947617789157,-74.02947617789157
2383.8200668525697,-74.03317855764965,-74.03317855764965
2383.8300668525694,-74.03688205738133,-74.03688205738133
2383.8400668525696,-74.04058666416655,-74.04058666416655
2383.8500668525694,-74.04429236513728,-74.04429236513728
2383.8600668525696,-74.04799914746359,-74.04799914746359
2383.8700668525694,-74.05170699833951,-74.05170699833951
2383.8800668525696,-74.05541590500637,-74.05541590500637
2383.8900668525694,-74.05912585474076,-74.05912585474076
2383.9000668525696,-74.0628368348716,-74.0628368348716
2383.91006685257,-74.06654883273683,-74.06654883273683
2383.9200668525696,-74.0702618357259,-74.0702618357259
2383.93006685257,-74.07397583126877,-74.07397583126877
2383.9400668525695,-74.07769080683269,-74.07769080683269
2383.9500668525698,-74.08140674991884,-74.08140674991884
2383.9600668525695,-74.08512364806721,-74.08512364806721
2383.9700668525697,-74.08884148886051,-74.08884148886051
2383.9800668525695,-74.09256025990653,-74.09256025990653
2383.9900668525697,-74.0962799488542,-74.0962799488542
2384.0000668525695,-74.10000054340028,-74.10000054340028
2384.0100668525697,-74.10372203126576,-74.10372203126576
2384.0200668525695,-74.10744440022172,-74.10744440022172
2384.0300668525697,-74.11116763806587,-74.11116763806587
2384.0400668525695,-74.11489173263938,-74.11489173263938
2384.0500668525697,-74.11861667181958,-74.11861667181958
2384.0600668525694,-74.12234244352291,-74.12234244352291
2384.0700668525697,-74.1260690357004,-74.1260690357004
2384.0800668525694,-74.12979643633277,-74.12979643633277
2384.0900668525696,-74.13352463345545,-74.13352463345545
2384.1000668525694,-74.13725361513566,-74.13725361513566
2384.1100668525696,-74.14098336945956,-74.14098336945956
2384.1200668525694,-74.14471388458419,-74.14471388458419
2384.1300668525696,-74.14844514867528,-74.14844514867528
2384.1400668525694,-74.1521771499451,-74.1521771499451
2384.1500668525696,-74.15590987665118,-74.15590987665118
2384.16006685257,-74.15964331707353,-74.15964331707353
2384.1700668525696,-74.16337745953783,-74.16337745953783
2384.18006685257,-74.16711229240512,-74.16711229240512
2384.1900668525695,-74.17084780407703,-74.17084780407703
2384.2000668525698,-74.17458398299291,-74.17458398299291
2384.2100668525695,-74.1783143402397,-74.1783143402397
2384.2200668525697,-74.18203602147705,-74.18203602147705
2384.2300668525695,-74.18574762559518,-74.18574762559518
2384.2400668525697,-74.18944842426467,-74.18944842426467
2384.2500668764114,-74.19313807291368,-74.19313807291368
2384.2600668764117,-74.1968164210048,-74.1968164210048
2384.2700668764114,-74.2004834742552,-74.2004834742552
2384.2800668764116,-74.2041393050431,-74.2041393050431
2384.2900668764114,-74.2077840284878,-74.2077840284878
2384.3000668764116,-74.21141778285437,-74.21141778285437
2384.3100668764114,-74.21504071780487,-74.21504071780487
2384.3200668764116,-74.21865298752874,-74.21865298752874
2384.3300668764114,-74.22225474676357,-74.22225474676357
2384.3400668764116,-74.22584614858978,-74.22584614858978
2384.3500668764113,-74.2294273433489,-74.2294273433489
2384.3600668764116,-74.23299847813499,-74.23299847813499
2384.3700668764113,-74.23655969673202,-74.23655969673202
2384.3800668764115,-74.24011113969472,-74.24011113969472
2384.3900668764113,-74.2436529445692,-74.2436529445692
2384.4000668764115,-74.24718524618015,-74.24718524618015
2384.4100668764113,-74.25070817687582,-74.25070817687582
2384.4200668764115,-74.25422186679555,-74.25422186679555
2384.4300668764113,-74.2577264441078,-74.2577264441078
2384.4400668764115,-74.26122203524577,-74.26122203524577
2384.4500668764113,-74.26470876504457,-74.26470876504457
2384.4600668764115,-74.26818027227863,-74.26818027227863
2384.4700668764112,-74.27163383342665,-74.27163383342665
2384.4800668764115,-74.27506817874924,-74.27506817874924
2384.490066876411,-74.27848271100352,-74.27848271100352
2384.5000668764114,-74.2818772073545,-74.2818772073545
2384.5100668764117,-74.2852516646982,-74.2852516646982
2384.5200668764114,-74.28860620901561,-74.28860620901561
2384.5300668764116,-74.2919410409955,-74.2919410409955
2384.5400668764114,-74.29525640330733,-74.29525640330733
2384.5500668764116,-74.29855256095385,-74.29855256095385
2384.5600668764114,-74.30182978955388,-74.30182978955388
2384.5700668764116,-74.30508836847726,-74.30508836847726
2384.5800668764114,-74.3083285768351,-74.3083285768351
2384.5900668764116,-74.31155069127968,-74.31155069127968
2384.6000668764113,-74.31475498493893,-74.31475498493893
2384.6100668764116,-74.31794172685812,-74.31794172685812
2384.6200668764113,-74.32111118196799,-74.32111118196799
2384.6300668764115,-74.32426361112745,-74.32426361112745
2384.6400668764113,-74.32739927135437,-74.32739927135437
2384.6500668764115,-74.33051841607212,-74.33051841607212
2384.6600668764113,-74.33362129537053,-74.33362129537053
2384.6700668764115,-74.33670815625122,-74.33670815625122
2384.6800668764113,-74.33977924286002,-74.33977924286002
2384.6900668764115,-74.34283479668079,-74.34283479668079
2384.7000668764113,-74.34587505671745,-74.34587505671745
2384.7100668764115,-74.34889376911185,-74.34889376911185
2384.7200668764112,-74.35188832085372,-74.35188832085372
2384.7300668764115,-74.35485755332667,-74.35485755332667
2384.740066876411,-74.35780098017649,-74.35780098017649
2384.7500668764114,-74.3607184888643,-74.3607184888643
2384.7600668764117,-74.36361018583516,-74.36361018583516
2384.7700668764114,-74.36647630577326,-74.36647630577326
2384.7800668764116,-74.36931715713388,-74.36931715713388
2384.7900668764114,-74.37213308937656,-74.37213308937656
2384.8000668764116,-74.37492447330568,-74.37492447330568
2384.8100668764114,-74.37769168934102,-74.37769168934102
2384.8200668764116,-74.38043512058015,-74.38043512058015
2384.8300668764114,-74.38315514885588,-74.38315514885588
2384.8400668764116,-74.38585215248966,-74.38585215248966
2384.8500668764113,-74.38852650520201,-74.38852650520201
2384.8600668764116,-74.39117857560389,-74.39117857560389
2384.8700668764113,-74.39380872709987,-74.39380872709987
2384.8800668764115,-74.39641731797681,-74.39641731797681
2384.8900668764113,-74.39900470161957,-74.39900470161957
2384.9000668764115,-74.40157122675139,-74.40157122675139
2384.9100668764113,-74.40411723769128,-74.40411723769128
2384.9200668764115,-74.40664307461658,-74.40664307461658
2384.9300668764113,-74.40914907377139,-74.40914907377139
2384.9400668764115,-74.41163556768542,-74.41163556768542
2384.9500668764113,-74.41410288534611,-74.41410288534611
2384.9600668764115,-74.41655135233457,-74.41655135233457
2384.9700668764112,-74.41898129097561,-74.41898129097561
2384.9800668764115,-74.4213930204159,-74.4213930204159
2384.990066876411,-74.42378685673206,-74.42378685673206
2385.0000668764114,-74.42616311297489,-74.42616311297489
2385.0100668764117,-74.42852209925539,-74.42852209925539
2385.0200668764114,-74.43086412275443,-74.43086412275443
2385.0300668764116,-74.43318948779292,-74.43318948779292
2385.0400668764114,-74.43549849582104,-74.43549849582104
2385.0500668764116,-74.43779144545655,-74.43779144545655
2385.0600668764114,-74.44006863249399,-74.44006863249399
2385.0700668764116,-74.442320496362,-74.442320496362
2385.0800668764114,-74.44453552767521,-74.44453552767521
2385.0900668764116,-74.44670367569148,-74.44670367569148
2385.1000669002533,-74.4488168997447,-74.4488168997447
2385.1100669002535,-74.45086886220628,-74.45086886220628
2385.1200669002533,-74.45285457087859,-74.45285457087859
2385.1300669002535,-74.45477004593614,-74.45477004593614
2385.1400669002533,-74.45661210104099,-74.45661210104099
2385.1500669002535,-74.45837818535873,-74.45837818535873
2385.1600669002532,-74.46006626955351,-74.46006626955351
2385.1700669002535,-74.46167476040075,-74.46167476040075
2385.180066900253,-74.46320243429598,-74.46320243429598
2385.1900669002534,-74.46464838366497,-74.46464838366497
2385.200066900253,-74.46601197270276,-74.46601197270276
2385.2100669002534,-74.46729280013331,-74.46729280013331
2385.220066900253,-74.46849066756467,-74.46849066756467
2385.2300669002534,-74.46960555224074,-74.46960555224074
2385.240066900253,-74.47063758363274,-74.47063758363274
2385.2500669002534,-74.47158702312372,-74.47158702312372
2385.260066900253,-74.47245424640046,-74.47245424640046
2385.2700669002534,-74.47323972812467,-74.47323972812467
2385.280066900253,-74.47394402861732,-74.47394402861732
2385.2900669002534,-74.47456778217429,-74.47456778217429
2385.300066900253,-74.4751116869438,-74.4751116869438
2385.3100669002533,-74.47557649600188,-74.47557649600188
2385.320066900253,-74.47596300956545,-74.47596300956545
2385.3300669002533,-74.47627206816585,-74.47627206816585
2385.340066900253,-74.47650454665202,-74.47650454665202
2385.3500669002533,-74.47666134890832,-74.47666134890832
2385.3600669002535,-74.47674340322413,-74.47674340322413
2385.3700669002533,-74.47675165820952,-74.47675165820952
2385.3800669002535,-74.4766870791884,-74.4766870791884
2385.3900669002533,-74.47655064503398,-74.47655064503398
2385.4000669002535,-74.47634334535756,-74.47634334535756
2385.4100669002532,-74.4760661780414,-74.4760661780414
2385.4200669002535,-74.47572014705109,-74.47572014705109
2385.430066900253,-74.47530626051181,-74.47530626051181
2385.4400669002534,-74.47482552899834,-74.47482552899834
2385.450066900253,-74.47427896403485,-74.47427896403485
2385.4600669002534,-74.47366107904449,-74.47366107904449
2385.470066900253,-74.47297003587742,-74.47297003587742
2385.4800669002534,-74.472205453391,-74.472205453391
2385.490066900253,-74.47136762291191,-74.47136762291191
2385.5000669002534,-74.47045720830963,-74.47045720830963
2385.510066900253,-74.4694750899891,-74.4694750899891
2385.5200669002534,-74.46842227322279,-74.46842227322279
2385.530066900253,-74.4672998328691,-74.4672998328691
2385.5400669002534,-74.4661088800006,-74.4661088800006
2385.550066900253,-74.46485054171622,-74.46485054171622
2385.5600669002533,-74.46352594897033,-74.46352594897033
2385.570066900253,-74.46213622930618,-74.46213622930618
2385.5800669002533,-74.46068250260439,-74.46068250260439
2385.590066900253,-74.45916587861316,-74.45916587861316
2385.6000669002533,-74.45758745564464,-74.45758745564464
2385.6100669002535,-74.45594831991482,-74.45594831991482
2385.6200669002533,-74.45424954535929,-74.45424954535929
2385.6300669002535,-74.4524921935529,-74.4524921935529
2385.6400669002533,-74.45067731390625,-74.45067731390625
2385.6500669002535,-74.44880594382353,-74.44880594382353
2385.6600669002532,-74.44687910894588,-74.44687910894588
2385.6700669002535,-74.44489782334817,-74.44489782334817
2385.680066900253,-74.44286308979095,-74.44286308979095
2385.6900669002534,-74.4407758999054,-74.4407758999054
2385.700066900253,-74.43863723438677,-74.43863723438677
2385.7100669002534,-74.43644157014415,-74.43644157014415
2385.720066900253,-74.43418702192105,-74.43418702192105
2385.7300669002534,-74.43187315323412,-74.43187315323412
2385.740066900253,-74.42950019318245,-74.42950019318245
2385.7500669002534,-74.42706873755509,-74.42706873755509
2385.760066900253,-74.42457959357124,-74.42457959357124
2385.7700669002534,-74.42203368890289,-74.42203368890289
2385.780066900253,-74.41943201701544,-74.41943201701544
2385.7900669002534,-74.41677560429937,-74.41677560429937
2385.800066900253,-74.41406549036282,-74.41406549036282
2385.8100669002533,-74.41130271629481,-74.41130271629481
2385.820066900253,-74.4084883177731,-74.4084883177731
2385.8300669002533,-74.40562332112947,-74.40562332112947
2385.840066900253,-74.40270874120395,-74.40270874120395
2385.8500669002533,-74.39974558030585,-74.39974558030585
2385.8600669002535,-74.3967348277941,-74.3967348277941
2385.8700669002533,-74.393677460062,-74.393677460062
2385.8800669002535,-74.39057444070636,-74.39057444070636
2385.8900669002533,-74.38742672084545,-74.38742672084545
2385.9000669002535,-74.38423523941394,-74.38423523941394
2385.9100669002532,-74.38100092356115,-74.38100092356115
2385.9200669002535,-74.37772468894845,-74.37772468894845
2385.930066900253,-74.37440744007672,-74.37440744007672
2385.9400669002534,-74.37105007058064,-74.37105007058064
2385.950066924095,-74.36765345538393,-74.36765345538393
2385.9600669240954,-74.36421848320347,-74.36421848320347
2385.970066924095,-74.3607460085403,-74.3607460085403
2385.9800669240954,-74.35723688387641,-74.35723688387641
2385.990066924095,-74.35369195186676,-74.35369195186676
2386.0000669240953,-74.35011204551824,-74.35011204551824
2386.010066924095,-74.3464979882611,-74.3464979882611
2386.0200669240953,-74.34285059414209,-74.34285059414209
2386.030066924095,-74.33917066788318,-74.33917066788318
2386.0400669240953,-74.33545900499519,-74.33545900499519
2386.050066924095,-74.33171639187458,-74.33171639187458
2386.0600669240953,-74.3279436058822,-74.3279436058822
2386.070066924095,-74.32414141543059,-74.32414141543059
2386.0800669240953,-74.32031058004048,-74.32031058004048
2386.090066924095,-74.31645185045161,-74.31645185045161
2386.1000669240952,-74.31256596865332,-74.31256596865332
2386.110066924095,-74.30865366797521,-74.30865366797521
2386.120066924095,-74.30471567312634,-74.30471567312634
2386.130066924095,-74.30075270029327,-74.30075270029327
2386.140066924095,-74.29676545717399,-74.29676545717399
2386.150066924095,-74.29275464305333,-74.29275464305333
2386.160066924095,-74.28872094885644,-74.28872094885644
2386.170066924095,-74.28466505721757,-74.28466505721757
2386.180066924095,-74.2805876425298,-74.2805876425298
2386.190066924095,-74.2764893710177,-74.2764893710177
2386.200066924095,-74.27237090077006,-74.27237090077006
2386.2100669240954,-74.2682328818406,-74.2682328818406
2386.220066924095,-74.26407595627592,-74.26407595627592
2386.2300669240954,-74.25990075818031,-74.25990075818031
2386.240066924095,-74.25570791379505,-74.25570791379505
2386.2500669240953,-74.25149804153338,-74.25149804153338
2386.260066924095,-74.24727175205742,-74.24727175205742
2386.2700669240953,-74.24302964833713,-74.24302964833713
2386.280066924095,-74.23877232571095,-74.23877232571095
2386.2900669240953,-74.23450037193288,-74.23450037193288
2386.300066924095,-74.23021436726349,-74.23021436726349
2386.3100669240953,-74.2259148845021,-74.2259148845021
2386.320066924095,-74.22160248906772,-74.22160248906772
2386.3300669240953,-74.21727773905721,-74.21727773905721
2386.340066924095,-74.21294118530801,-74.21294118530801
2386.3500669240952,-74.20859337145232,-74.20859337145232
2386.360066924095,-74.20423483400265,-74.20423483400265
2386.370066924095,-74.19986610237983,-74.19986610237983
2386.380066924095,-74.19548769900999,-74.19548769900999
2386.390066924095,-74.19110013936908,-74.19110013936908
2386.400066924095,-74.18670393205016,-74.18670393205016
2386.410066924095,-74.18229957883526,-74.18229957883526
2386.420066924095,-74.17788757474315,-74.17788757474315
2386.430066924095,-74.17346840810492,-74.17346840810492
2386.440066924095,-74.16904256062158,-74.16904256062158
2386.450066924095,-74.16461050743573,-74.16461050743573
2386.4600669240954,-74.16016625143892,-74.16016625143892
2386.470066924095,-74.15570742468566,-74.15570742468566
2386.4800669240954,-74.15123310723482,-74.15123310723482
2386.490066924095,-74.14674304669674,-74.14674304669674
2386.5000669240953,-74.14223736024617,-74.14223736024617
2386.510066924095,-74.13771637970562,-74.13771637970562
2386.5200669240953,-74.13318056071711,-74.13318056071711
2386.530066924095,-74.12863042813817,-74.12863042813817
2386.5400669240953,-74.12406654316453,-74.12406654316453
2386.550066924095,-74.11948948365267,-74.11948948365267
2386.5600669240953,-74.11489983235813,-74.11489983235813
2386.570066924095,-74.11029817003332,-74.11029817003332
2386.5800669240953,-74.10568507154623,-74.10568507154623
2386.590066924095,-74.10106110370178,-74.10106110370178
2386.6000669240952,-74.09642682421557,-74.09642682421557
2386.610066924095,-74.0917827813369,-74.0917827813369
2386.620066924095,-74.0871295137995,-74.0871295137995
2386.630066924095,-74.0824675510563,-74.0824675510563
2386.640066924095,-74.07779741356076,-74.07779741356076
2386.650066924095,-74.07311961311909,-74.07311961311909
2386.660066924095,-74.06843465323969,-74.06843465323969
2386.670066924095,-74.06374302949283,-74.06374302949283
2386.680066924095,-74.05904522983359,-74.05904522983359
2386.690066924095,-74.05434173487612,-74.05434173487612
2386.700066924095,-74.0496330181669,-74.0496330181669
2386.7100669240954,-74.04491309165358,-74.04491309165358
2386.720066924095,-74.04017959083744,-74.04017959083744
2386.7300669240954,-74.03543159703183,-74.03543159703183
2386.740066924095,-74.03066885817323,-74.03066885817323
2386.7500669240953,-74.02589149133189,-74.02589149133189
2386.760066924095,-74.0210998281183,-74.0210998281183
2386.7700669240953,-74.01629432395967,-74.01629432395967
2386.780066924095,-74.01147550364942,-74.01147550364942
2386.7900669240953,-74.00664392852745,-74.00664392852745
2386.800066947937,-74.00180016527275,-74.00180016527275
2386.8100669479372,-73.9969448203052,-73.9969448203052
2386.820066947937,-73.99207846384775,-73.99207846384775
2386.830066947937,-73.98720167196343,-73.98720167196343
2386.840066947937,-73.98231501296185,-73.98231501296185
2386.850066947937,-73.97741904637265,-73.97741904637265
2386.860066947937,-73.972514322534,-73.972514322534
2386.870066947937,-73.96760138257673,-73.96760138257673
2386.880066947937,-73.96268075859744,-73.96268075859744
2386.890066947937,-73.95775297397614,-73.95775297397614
2386.900066947937,-73.95281854368858,-73.95281854368858
2386.910066947937,-73.94787797466438,-73.94787797466438
2386.920066947937,-73.94293176612254,-73.94293176612254
2386.930066947937,-73.93798040985531,-73.93798040985531
2386.940066947937,-73.93302439053093,-73.93302439053093
2386.950066947937,-73.92806418593794,-73.92806418593794
2386.960066947937,-73.92310026720033,-73.92310026720033
2386.970066947937,-73.91813309896143,-73.91813309896143
2386.980066947937,-73.91316313959099,-73.91316313959099
2386.990066947937,-73.9081908412864,-73.9081908412864
2387.000066947937,-73.90321665024076,-73.90321665024076
2387.010066947937,-73.89824100674268,-73.89824100674268
2387.020066947937,-73.89326434527831,-73.89326434527831
2387.030066947937,-73.88828709461689,-73.88828709461689
2387.040066947937,-73.88330967788721,-73.88330967788721
2387.050066947937,-73.87833251267016,-73.87833251267016
2387.0600669479372,-73.87335601103592,-73.87335601103592
2387.070066947937,-73.86838057962093,-73.86838057962093
2387.080066947937,-73.86340661965693,-73.86340661965693
2387.090066947937,-73.85843452704592,-73.85843452704592
2387.100066947937,-73.8534646924028,-73.8534646924028
2387.110066947937,-73.84849750107801,-73.84849750107801
2387.120066947937,-73.84353333321182,-73.84353333321182
2387.130066947937,-73.83857256378283,-73.83857256378283
2387.140066947937,-73.83361556263088,-73.83361556263088
2387.150066947937,-73.82866269449724,-73.82866269449724
2387.160066947937,-73.82371431905689,-73.82371431905689
2387.170066947937,-73.81877079097457,-73.81877079097457
2387.180066947937,-73.81383245990477,-73.81383245990477
2387.190066947937,-73.80889967055889,-73.80889967055889
2387.200066947937,-73.80397276272186,-73.80397276272186
2387.210066947937,-73.79905207130165,-73.79905207130165
2387.220066947937,-73.79413792633545,-73.79413792633545
2387.230066947937,-73.78923065306562,-73.78923065306562
2387.240066947937,-73.78433057194057,-73.78433057194057
2387.250066947937,-73.77943799866185,-73.77943799866185
2387.260066947937,-73.77455324421872,-73.77455324421872
2387.270066947937,-73.76967661494737,-73.76967661494737
2387.280066947937,-73.76480841251453,-73.76480841251453
2387.290066947937,-73.75994893401591,-73.75994893401591
2387.300066947937,-73.75509847195435,-73.75509847195435
2387.3100669479372,-73.75025731433661,-73.75025731433661
2387.320066947937,-73.74542574465116,-73.74542574465116
2387.330066947937,-73.74060404195264,-73.74060404195264
2387.340066947937,-73.73579248088441,-73.73579248088441
2387.350066947937,-73.73099133170454,-73.73099133170454
2387.360066947937,-73.72620086033854,-73.72620086033854
2387.370066947937,-73.7214213284199,-73.7214213284199
2387.380066947937,-73.7166529933257,-73.7166529933257
2387.390066947937,-73.71189610820554,-73.71189610820554
2387.400066947937,-73.70715092203253,-73.70715092203253
2387.410066947937,-73.70241767964582,-73.70241767964582
2387.420066947937,-73.69769662177981,-73.69769662177981
2387.430066947937,-73.69298798511667,-73.69298798511667
2387.440066947937,-73.68829200230935,-73.68829200230935
2387.450066947937,-73.68360890204283,-73.68360890204283
2387.460066947937,-73.67893890906045,-73.67893890906045
2387.470066947937,-73.67428224420382,-73.67428224420382
2387.480066947937,-73.66963912445887,-73.66963912445887
2387.490066947937,-73.66500976299572,-73.66500976299572
2387.500066947937,-73.6603943691961,-73.6603943691961
2387.510066947937,-73.655793148719,-73.655793148719
2387.520066947937,-73.65120630352557,-73.65120630352557
2387.530066947937,-73.64663403190093,-73.64663403190093
2387.540066947937,-73.6420765285492,-73.6420765285492
2387.550066947937,-73.63753398456755,-73.63753398456755
2387.5600669479372,-73.63300658752136,-73.63300658752136
2387.570066947937,-73.6284945214909,-73.6284945214909
2387.580066947937,-73.62399796709111,-73.62399796709111
2387.590066947937,-73.61951710152,-73.61951710152
2387.600066947937,-73.61505209859581,-73.61505209859581
2387.610066947937,-73.6106031288087,-73.6106031288087
2387.620066947937,-73.60617035933313,-73.60617035933313
2387.630066947937,-73.60175395409462,-73.60175395409462
2387.640066947937,-73.59735407379301,-73.59735407379301
2387.650066971779,-73.59297086550342,-73.59297086550342
2387.660066971779,-73.58860450451581,-73.58860450451581
2387.670066971779,-73.58425513161656,-73.58425513161656
2387.680066971779,-73.57992289498557,-73.57992289498557
2387.690066971779,-73.57560793978928,-73.57560793978928
2387.700066971779,-73.5713104081928,-73.5713104081928
2387.710066971779,-73.56702402792305,-73.56702402792305
2387.720066971779,-73.56274613116388,-73.56274613116388
2387.730066971779,-73.55847549010582,-73.55847549010582
2387.740066971779,-73.55421154261445,-73.55421154261445
2387.750066971779,-73.54995409648294,-73.54995409648294
2387.760066971779,-73.54570317568526,-73.54570317568526
2387.7700669717788,-73.54145893017936,-73.54145893017936
2387.780066971779,-73.53722158163339,-73.53722158163339
2387.7900669717787,-73.53299139081123,-73.53299139081123
2387.800066971779,-73.52876863793745,-73.52876863793745
2387.8100669717787,-73.52455361104118,-73.52455361104118
2387.820066971779,-73.52034659910473,-73.52034659910473
2387.8300669717787,-73.51614788811858,-73.51614788811858
2387.840066971779,-73.51195775899298,-73.51195775899298
2387.8500669717787,-73.50777648649543,-73.50777648649543
2387.860066971779,-73.50360433883516,-73.50360433883516
2387.8700669717787,-73.49944157767766,-73.49944157767766
2387.880066971779,-73.4952884582756,-73.4952884582756
2387.8900669717787,-73.49114522981101,-73.49114522981101
2387.900066971779,-73.48701213570206,-73.48701213570206
2387.910066971779,-73.48288941394306,-73.48288941394306
2387.920066971779,-73.47877729744545,-73.47877729744545
2387.930066971779,-73.47467601431144,-73.47467601431144
2387.940066971779,-73.47058578816412,-73.47058578816412
2387.950066971779,-73.46650683833553,-73.46650683833553
2387.960066971779,-73.46243938011565,-73.46243938011565
2387.970066971779,-73.45838362493446,-73.45838362493446
2387.980066971779,-73.45433978053165,-73.45433978053165
2387.990066971779,-73.45030805108551,-73.45030805108551
2388.000066971779,-73.44628863734961,-73.44628863734961
2388.010066971779,-73.44228173675913,-73.44228173675913
2388.0200669717788,-73.43828754352832,-73.43828754352832
2388.030066971779,-73.43430624871121,-73.43430624871121
2388.0400669717787,-73.43033804029702,-73.43033804029702
2388.050066971779,-73.4263831032552,-73.4263831032552
2388.0600669717787,-73.42244161960534,-73.42244161960534
2388.070066971779,-73.41851376844431,-73.41851376844431
2388.0800669717787,-73.41459972600248,-73.41459972600248
2388.090066971779,-73.41069966567882,-73.41069966567882
2388.1000669717787,-73.40681375806999,-73.40681375806999
2388.110066971779,-73.40294217099952,-73.40294217099952
2388.1200669717787,-73.39908506955814,-73.39908506955814
2388.130066971779,-73.39524261610684,-73.39524261610684
2388.1400669717787,-73.39141497033204,-73.39141497033204
2388.150066971779,-73.38760228924238,-73.38760228924238
2388.160066971779,-73.38380472719633,-73.38380472719633
2388.170066971779,-73.3800224359103,-73.3800224359103
2388.180066971779,-73.37625556452258,-73.37625556452258
2388.190066971779,-73.37250425955405,-73.37250425955405
2388.200066971779,-73.36876866497225,-73.36876866497225
2388.210066971779,-73.36504892217843,-73.36504892217843
2388.220066971779,-73.36134517004562,-73.36134517004562
2388.230066971779,-73.35765754491788,-73.35765754491788
2388.240066971779,-73.35398618065571,-73.35398618065571
2388.250066971779,-73.35033120863115,-73.35033120863115
2388.260066971779,-73.34669275774321,-73.34669275774321
2388.2700669717788,-73.34307095445473,-73.34307095445473
2388.280066971779,-73.33946592280205,-73.33946592280205
2388.2900669717787,-73.33587778441024,-73.33587778441024
2388.300066971779,-73.33230665851157,-73.33230665851157
2388.3100669717787,-73.32875266196756,-73.32875266196756
2388.320066971779,-73.3252159092818,-73.3252159092818
2388.3300669717787,-73.32169651263321,-73.32169651263321
2388.340066971779,-73.3181945818737,-73.3181945818737
2388.3500669717787,-73.31471022456495,-73.31471022456495
2388.360066971779,-73.31124354599449,-73.31124354599449
2388.3700669717787,-73.30779464918737,-73.30779464918737
2388.380066971779,-73.3043636349355,-73.3043636349355
2388.3900669717787,-73.30095060182181,-73.30095060182181
2388.400066971779,-73.29755564621911,-73.29755564621911
2388.410066971779,-73.29417886233631,-73.29417886233631
2388.420066971779,-73.29082034221759,-73.29082034221759
2388.430066971779,-73.28748017577689,-73.28748017577689
2388.440066971779,-73.28415845081413,-73.28415845081413
2388.450066971779,-73.2808552530422,-73.2808552530422
2388.460066971779,-73.27757066609998,-73.27757066609998
2388.470066971779,-73.27430477155904,-73.27430477155904
2388.480066971779,-73.27105764898114,-73.27105764898114
2388.490066971779,-73.26782937591071,-73.26782937591071
2388.5000669956207,-73.26462002027071,-73.26462002027071
2388.510066995621,-73.26142967098804,-73.26142967098804
2388.5200669956207,-73.25825839202332,-73.25825839202332
2388.530066995621,-73.25510625310307,-73.25510625310307
2388.5400669956207,-73.25197332204779,-73.25197332204779
2388.550066995621,-73.24885966480117,-73.24885966480117
2388.5600669956207,-73.2457653454523,-73.2457653454523
2388.570066995621,-73.24269042624319,-73.24269042624319
2388.5800669956207,-73.23963496762272,-73.23963496762272
2388.590066995621,-73.23659902820971,-73.23659902820971
2388.6000669956206,-73.23358266487854,-73.23358266487854
2388.610066995621,-73.2305859327312,-73.2305859327312
2388.6200669956206,-73.227608885156,-73.227608885156
2388.630066995621,-73.22465157381187,-73.22465157381187
2388.6400669956206,-73.22171404867942,-73.22171404867942
2388.650066995621,-73.21879635807265,-73.21879635807265
2388.6600669956206,-73.21589854865213,-73.21589854865213
2388.670066995621,-73.21302066545223,-73.21302066545223
2388.6800669956206,-73.21016275189858,-73.21016275189858
2388.690066995621,-73.20732484983108,-73.20732484983108
2388.7000669956205,-73.2045069995298,-73.2045069995298
2388.7100669956208,-73.20170923972786,-73.20170923972786
2388.7200669956205,-73.19893160763588,-73.19893160763588
2388.7300669956207,-73.19617413893818,-73.19617413893818
2388.7400669956205,-73.19343686785668,-73.19343686785668
2388.7500669956207,-73.1907198271417,-73.1907198271417
2388.760066995621,-73.18802304809898,-73.18802304809898
2388.7700669956207,-73.18534656060504,-73.18534656060504
2388.780066995621,-73.18266000620163,-73.18266000620163
2388.7900669956207,-73.17994614768514,-73.17994614768514
2388.800066995621,-73.17719531350447,-73.17719531350447
2388.8100669956207,-73.17440148193316,-73.17440148193316
2388.820066995621,-73.17156054121808,-73.17156054121808
2388.8300669956207,-73.16866950369014,-73.16866950369014
2388.840066995621,-73.1657261274919,-73.1657261274919
2388.8500669956206,-73.16272871826175,-73.16272871826175
2388.860066995621,-73.15967601303142,-73.15967601303142
2388.8700669956206,-73.156567103598,-73.156567103598
2388.880066995621,-73.15340138022435,-73.15340138022435
2388.8900669956206,-73.15017848700231,-73.15017848700231
2388.900066995621,-73.14689828483075,-73.14689828483075
2388.9100669956206,-73.14356081992732,-73.14356081992732
2388.920066995621,-73.14016629673421,-73.14016629673421
2388.9300669956206,-73.13671505450388,-73.13671505450388
2388.940066995621,-73.13320754706177,-73.13320754706177
2388.9500669956205,-73.1296443252984,-73.1296443252984
2388.9600669956208,-73.12602602200913,-73.12602602200913
2388.9700669956205,-73.12235333886858,-73.12235333886858
2388.9800669956207,-73.11862703514304,-73.11862703514304
2388.9900669956205,-73.11484791801178,-73.11484791801178
2389.0000669956207,-73.1110168341771,-73.1110168341771
2389.010066995621,-73.10713466269344,-73.10713466269344
2389.0200669956207,-73.10320230878422,-73.10320230878422
2389.030066995621,-73.09922069848109,-73.09922069848109
2389.0400669956207,-73.09519077408365,-73.09519077408365
2389.050066995621,-73.09111349017111,-73.09111349017111
2389.0600669956207,-73.08698981024652,-73.08698981024652
2389.070066995621,-73.08282070379288,-73.08282070379288
2389.0800669956207,-73.07860714380254,-73.07860714380254
2389.090066995621,-73.07435010457785,-73.07435010457785
2389.1000669956206,-73.07005055992079,-73.07005055992079
2389.110066995621,-73.06570948151378,-73.06570948151378
2389.1200669956206,-73.06132783759074,-73.06132783759074
2389.130066995621,-73.05690659173693,-73.05690659173693
2389.1400669956206,-73.05244670191364,-73.05244670191364
2389.150066995621,-73.04794911960862,-73.04794911960862
2389.1600669956206,-73.04341478912066,-73.04341478912066
2389.170066995621,-73.03884464693488,-73.03884464693488
2389.1800669956206,-73.03423962120385,-73.03423962120385
2389.190066995621,-73.02960063132038,-73.02960063132038
2389.2000669956205,-73.02492858756631,-73.02492858756631
2389.2100669956208,-73.0202243907989,-73.0202243907989
2389.2200669956205,-73.01548893221776,-73.01548893221776
2389.2300669956207,-73.01072309315414,-73.01072309315414
2389.2400669956205,-73.00592774493263,-73.00592774493263
2389.2500669956207,-73.001103748734,-73.001103748734
2389.260066995621,-72.99625195552231,-72.99625195552231
2389.2700669956207,-72.99137320597285,-72.99137320597285
2389.280066995621,-72.98646833043007,-72.98646833043007
2389.2900669956207,-72.98153814889004,-72.98153814889004
2389.300066995621,-72.97658347101824,-72.97658347101824
2389.3100669956207,-72.97160509615813,-72.97160509615813
2389.320066995621,-72.96660381333749,-72.96660381333749
2389.3300669956207,-72.96158040132796,-72.96158040132796
2389.340066995621,-72.95653562869227,-72.95653562869227
2389.3500670194626,-72.95147024179205,-72.95147024179205
2389.360067019463,-72.94638501301853,-72.94638501301853
2389.3700670194626,-72.94128066869973,-72.94128066869973
2389.380067019463,-72.93615793722394,-72.93615793722394
2389.3900670194625,-72.93101753711693,-72.93101753711693
2389.4000670194628,-72.92586017714412,-72.92586017714412
2389.4100670194625,-72.920686556411,-72.920686556411
2389.4200670194627,-72.91549736441513,-72.91549736441513
2389.4300670194625,-72.91029328117905,-72.91029328117905
2389.4400670194627,-72.9050749773328,-72.9050749773328
2389.4500670194625,-72.89984311421152,-72.89984311421152
2389.4600670194627,-72.8945983439399,-72.8945983439399
2389.4700670194625,-72.88934130956709,-72.88934130956709
2389.4800670194627,-72.88407264512134,-72.88407264512134
2389.4900670194625,-72.8787929757538,-72.8787929757538
2389.5000670194627,-72.87350291780609,-72.87350291780609
2389.5100670194624,-72.86820307892498,-72.86820307892498
2389.5200670194627,-72.8628940581615,-72.8628940581615
2389.5300670194624,-72.85757644606538,-72.85757644606538
2389.5400670194626,-72.85225082479565,-72.85225082479565
2389.5500670194624,-72.84691776820317,-72.84691776820317
2389.5600670194626,-72.841577841935,-72.841577841935
2389.5700670194624,-72.83623160355009,-72.83623160355009
2389.5800670194626,-72.83087960258268,-72.83087960258268
2389.5900670194624,-72.82552238067458,-72.82552238067458
2389.6000670194626,-72.82016047162627,-72.82016047162627
2389.610067019463,-72.81479440153407,-72.81479440153407
2389.6200670194626,-72.80942468886442,-72.80942468886442
2389.630067019463,-72.80405184454587,-72.80405184454587
2389.6400670194625,-72.79867637205534,-72.79867637205534
2389.6500670194628,-72.79329876751953,-72.79329876751953
2389.6600670194625,-72.78791951980222,-72.78791951980222
2389.6700670194627,-72.78253911058711,-72.78253911058711
2389.6800670194625,-72.77715801447374,-72.77715801447374
2389.6900670194627,-72.77177669905163,-72.77177669905163
2389.7000670194625,-72.76639562500252,-72.76639562500252
2389.7100670194627,-72.76100890455612,-72.76100890455612
2389.7200670194625,-72.75561420891647,-72.75561420891647
2389.7300670194627,-72.75021062955202,-72.75021062955202
2389.7400670194625,-72.74479791272101,-72.74479791272101
2389.7500670194627,-72.73937616700029,-72.73937616700029
2389.7600670194624,-72.73394571130287,-72.73394571130287
2389.7700670194627,-72.72850698565708,-72.72850698565708
2389.7800670194624,-72.72306049760442,-72.72306049760442
2389.7900670194626,-72.71760678997896,-72.71760678997896
2389.8000670194624,-72.71214642151827,-72.71214642151827
2389.8100670194626,-72.70667995537684,-72.70667995537684
2389.8200670194624,-72.70120795239409,-72.70120795239409
2389.8300670194626,-72.69573096722503,-72.69573096722503
2389.8400670194624,-72.69024954629806,-72.69024954629806
2389.8500670194626,-72.6847642267885,-72.6847642267885
2389.860067019463,-72.67927553627625,-72.67927553627625
2389.8700670194626,-72.67378399273564,-72.67378399273564
2389.880067019463,-72.66829010475293,-72.66829010475293
2389.8900670194625,-72.66279437184791,-72.66279437184791
2389.9000670194628,-72.65729728481902,-72.65729728481902
2389.9100670194625,-72.65179932612764,-72.65179932612764
2389.9200670194627,-72.64630097023306,-72.64630097023306
2389.9300670194625,-72.64080268394869,-72.64080268394869
2389.9400670194627,-72.63530492670763,-72.63530492670763
2389.9500670194625,-72.6298081508716,-72.6298081508716
2389.9600670194627,-72.62430647284883,-72.62430647284883
2389.9700670194625,-72.61879756103393,-72.61879756103393
2389.9800670194627,-72.6132805015813,-72.6132805015813
2389.9900670194625,-72.60775503451667,-72.60775503451667
2390.0000670194627,-72.6022212619246,-72.6022212619246
2390.0100670194624,-72.5966794962986,-72.5966794962986
2390.0200670194627,-72.59113017151482,-72.59113017151482
2390.0300670194624,-72.58557378940498,-72.58557378940498
2390.0400670194626,-72.58001088754557,-72.58001088754557
2390.0500670194624,-72.57444201998916,-72.57444201998916
2390.0600670194626,-72.56886774575081,-72.56886774575081
2390.0700670194624,-72.56328862209553,-72.56328862209553
2390.0800670194626,-72.55770520068297,-72.55770520068297
2390.0900670194624,-72.55211802550359,-72.55211802550359
2390.1000670194626,-72.54652763185145,-72.54652763185145
2390.110067019463,-72.54093454595017,-72.54093454595017
2390.1200670194626,-72.5353392849274,-72.5353392849274
2390.130067019463,-72.52974235701166,-72.52974235701166
2390.1400670194625,-72.52414426183717,-72.52414426183717
2390.1500670194628,-72.51854549076621,-72.51854549076621
2390.1600670194625,-72.51294652723402,-72.51294652723402
2390.1700670194627,-72.50734784708716,-72.50734784708716
2390.1800670194625,-72.50174991887913,-72.50174991887913
2390.1900670194627,-72.49615320415076,-72.49615320415076
2390.2000670433044,-72.49055814435978,-72.49055814435978
2390.2100670433047,-72.4849652143741,-72.4849652143741
2390.2200670433044,-72.47937484279866,-72.47937484279866
2390.2300670433046,-72.47378746532031,-72.47378746532031
2390.2400670433044,-72.46820351162114,-72.46820351162114
2390.2500670433046,-72.46262340548321,-72.46262340548321
2390.2600670433044,-72.45704756489309,-72.45704756489309
2390.2700670433046,-72.45147640216297,-72.45147640216297
2390.2800670433044,-72.44591032400555,-72.44591032400555
2390.2900670433046,-72.44034973161385,-72.44034973161385
2390.3000670433044,-72.43479502074663,-72.43479502074663
2390.3100670433046,-72.42924658176493,-72.42924658176493
2390.3200670433043,-72.42370479971159,-72.42370479971159
2390.3300670433046,-72.41817005435769,-72.41817005435769
2390.3400670433043,-72.41264272025404,-72.41264272025404
2390.3500670433045,-72.40712316676881,-72.40712316676881
2390.3600670433043,-72.40161175813729,-72.40161175813729
2390.3700670433045,-72.39610885349673,-72.39610885349673
2390.3800670433043,-72.39061480693354,-72.39061480693354
2390.3900670433045,-72.38512996751584,-72.38512996751584
2390.4000670433043,-72.3796546793231,-72.3796546793231
2390.4100670433045,-72.37418928148809,-72.37418928148809
2390.4200670433042,-72.36873410824356,-72.36873410824356
2390.4300670433045,-72.36328948893375,-72.36328948893375
2390.440067043304,-72.35785574806336,-72.35785574806336
2390.4500670433044,-72.35243320532172,-72.35243320532172
2390.4600670433047,-72.34702217563243,-72.34702217563243
2390.4700670433044,-72.34162296917461,-72.34162296917461
2390.4800670433046,-72.33623589142131,-72.33623589142131
2390.4900670433044,-72.33086124317117,-72.33086124317117
2390.5000670433046,-72.32549932057918,-72.32549932057918
2390.5100670433044,-72.32015041521755,-72.32015041521755
2390.5200670433046,-72.31481481406965,-72.31481481406965
2390.5300670433044,-72.30949279959935,-72.30949279959935
2390.5400670433046,-72.30418464977012,-72.30418464977012
2390.5500670433044,-72.29889063809198,-72.29889063809198
2390.5600670433046,-72.2936110336337,-72.2936110336337
2390.5700670433043,-72.28834610110225,-72.28834610110225
2390.5800670433046,-72.28309610083052,-72.28309610083052
2390.5900670433043,-72.27786128884313,-72.27786128884313
2390.6000670433045,-72.2726419169061,-72.2726419169061
2390.6100670433043,-72.26743823253317,-72.26743823253317
2390.6200670433045,-72.2622504790549,-72.2622504790549
2390.6300670433043,-72.2570788956085,-72.2570788956085
2390.6400670433045,-72.25192371724091,-72.25192371724091
2390.6500670433043,-72.24678517489879,-72.24678517489879
2390.6600670433045,-72.24166349548072,-72.24166349548072
2390.6700670433042,-72.23655890188675,-72.23655890188675
2390.6800670433045,-72.231471613056,-72.231471613056
2390.690067043304,-72.2264018439766,-72.2264018439766
2390.7000670433044,-72.2213498057611,-72.2213498057611
2390.7100670433047,-72.21631570567331,-72.21631570567331
2390.7200670433044,-72.2112997471581,-72.2112997471581
2390.7300670433046,-72.20630212989255,-72.20630212989255
2390.7400670433044,-72.20132304982766,-72.20132304982766
2390.7500670433046,-72.19636269921402,-72.19636269921402
2390.7600670433044,-72.19142126664528,-72.19142126664528
2390.7700670433046,-72.18649893710875,-72.18649893710875
2390.7800670433044,-72.1815958920072,-72.1815958920072
2390.7900670433046,-72.17671230921472,-72.17671230921472
2390.8000670433044,-72.17184836310898,-72.17184836310898
2390.8100670433046,-72.1670042246023,-72.1670042246023
2390.8200670433043,-72.16218006119816,-72.16218006119816
2390.8300670433046,-72.1573760370129,-72.1573760370129
2390.8400670433043,-72.15259231282016,-72.15259231282016
2390.8500670433045,-72.14782904608397,-72.14782904608397
2390.8600670433043,-72.14308639102097,-72.14308639102097
2390.8700670433045,-72.13836449859866,-72.13836449859866
2390.8800670433043,-72.13366351662143,-72.13366351662143
2390.8900670433045,-72.12898358971883,-72.12898358971883
2390.9000670433043,-72.12432485941302,-72.12432485941302
2390.9100670433045,-72.11968746415445,-72.11968746415445
2390.9200670433042,-72.1150715393523,-72.1150715393523
2390.9300670433045,-72.11047721741281,-72.11047721741281
2390.940067043304,-72.10590462778293,-72.10590462778293
2390.9500670433044,-72.10135389696052,-72.10135389696052
2390.9600670433047,-72.09681886678955,-72.09681886678955
2390.9700670433044,-72.09229690828016,-72.09229690828016
2390.9800670433046,-72.08778680315379,-72.08778680315379
2390.9900670433044,-72.08328798547154,-72.08328798547154
2391.0000670433046,-72.07880025191112,-72.07880025191112
2391.0100670433044,-72.07432361112176,-72.07432361112176
2391.0200670433046,-72.06985819531124,-72.06985819531124
2391.0300670433044,-72.06540420712774,-72.06540420712774
2391.0400670433046,-72.06096188764343,-72.06096188764343
2391.0500670671463,-72.05653148662839,-72.05653148662839
2391.0600670671465,-72.0521132933088,-72.0521132933088
2391.0700670671463,-72.04770756629918,-72.04770756629918
2391.0800670671465,-72.04331457201032,-72.04331457201032
2391.0900670671463,-72.03893457200033,-72.03893457200033
2391.1000670671465,-72.03456782193959,-72.03456782193959
2391.1100670671462,-72.03021457121278,-72.03021457121278
2391.1200670671465,-72.02587506288137,-72.02587506288137
2391.1300670671462,-72.02154953386551,-72.02154953386551
2391.1400670671464,-72.01723821521561,-72.01723821521561
2391.150067067146,-72.01294133243326,-72.01294133243326
2391.1600670671464,-72.00865910578946,-72.00865910578946
2391.170067067146,-72.00439175066995,-72.00439175066995
2391.1800670671464,-72.00013947782524,-72.00013947782524
2391.190067067146,-71.99590249367472,-71.99590249367472
2391.2000670671464,-71.99168100051602,-71.99168100051602
2391.210067067146,-71.98747519673748,-71.98747519673748
2391.2200670671464,-71.98328527700976,-71.98328527700976
2391.230067067146,-71.97911143243941,-71.97911143243941
2391.2400670671464,-71.97495385069053,-71.97495385069053
2391.250067067146,-71.97081271612174,-71.97081271612174
2391.2600670671463,-71.96668820989451,-71.96668820989451
2391.270067067146,-71.96258051003305,-71.96258051003305
2391.2800670671463,-71.9584897915235,-71.9584897915235
2391.290067067146,-71.95441622638204,-71.95441622638204
2391.3000670671463,-71.95035998368715,-71.95035998368715
2391.3100670671465,-71.94632122966925,-71.94632122966925
2391.3200670671463,-71.94230012771719,-71.94230012771719
2391.3300670671465,-71.93829683844726,-71.93829683844726
2391.3400670671463,-71.93431151970947,-71.93431151970947
2391.3500670671465,-71.93034432665168,-71.93034432665168
2391.3600670671462,-71.92639541170777,-71.92639541170777
2391.3700670671465,-71.92246492466596,-71.92246492466596
2391.3800670671462,-71.91855301266088,-71.91855301266088
2391.3900670671464,-71.91465982021387,-71.91465982021387
2391.400067067146,-71.91078548924813,-71.91078548924813
2391.4100670671464,-71.90693015909277,-71.90693015909277
2391.420067067146,-71.90309396652441,-71.90309396652441
2391.4300670671464,-71.8992770457771,-71.8992770457771
2391.440067067146,-71.8954795285619,-71.8954795285619
2391.4500670671464,-71.89170154406733,-71.89170154406733
2391.460067067146,-71.88793695577341,-71.88793695577341
2391.4700670671464,-71.88418314650679,-71.88418314650679
2391.480067067146,-71.88043890593083,-71.88043890593083
2391.4900670671464,-71.87670367438106,-71.87670367438106
2391.500067067146,-71.87297725397482,-71.87297725397482
2391.5100670671463,-71.86925965842396,-71.86925965842396
2391.520067067146,-71.8655510248781,-71.8655510248781
2391.5300670671463,-71.86185156096094,-71.86185156096094
2391.540067067146,-71.85816151285344,-71.85816151285344
2391.5500670671463,-71.85448114613295,-71.85448114613295
2391.5600670671465,-71.85081073438097,-71.85081073438097
2391.5700670671463,-71.84715055245483,-71.84715055245483
2391.5800670671465,-71.84350087264761,-71.84350087264761
2391.5900670671463,-71.83986196259366,-71.83986196259366
2391.6000670671465,-71.83623408423394,-71.83623408423394
2391.6100670671462,-71.83261749339415,-71.83261749339415
2391.6200670671465,-71.82901243974052,-71.82901243974052
2391.6300670671462,-71.82541916695595,-71.82541916695595
2391.6400670671464,-71.82183791298326,-71.82183791298326
2391.650067067146,-71.8182689103584,-71.8182689103584
2391.6600670671464,-71.81471238649065,-71.81471238649065
2391.670067067146,-71.81116856401631,-71.81116856401631
2391.6800670671464,-71.80763766102146,-71.80763766102146
2391.690067067146,-71.80411989134684,-71.80411989134684
2391.7000670671464,-71.80061546477295,-71.80061546477295
2391.710067067146,-71.7971183324562,-71.7971183324562
2391.7200670671464,-71.79362595937602,-71.79362595937602
2391.730067067146,-71.79013721445578,-71.79013721445578
2391.7400670671464,-71.78665161546465,-71.78665161546465
2391.750067067146,-71.78316904058265,-71.78316904058265
2391.7600670671463,-71.77968957850868,-71.77968957850868
2391.770067067146,-71.77621344048487,-71.77621344048487
2391.7800670671463,-71.77274090745595,-71.77274090745595
2391.790067067146,-71.76927229824669,-71.76927229824669
2391.8000670671463,-71.76580795047717,-71.76580795047717
2391.8100670671465,-71.76234820918708,-71.76234820918708
2391.8200670671463,-71.75889342016568,-71.75889342016568
2391.8300670671465,-71.75544392611705,-71.75544392611705
2391.8400670671463,-71.75200006458212,-71.75200006458212
2391.8500670671465,-71.74856216690644,-71.74856216690644
2391.8600670671462,-71.74513055784952,-71.74513055784952
2391.8700670671465,-71.74170555552017,-71.74170555552017
2391.8800670671462,-71.73828747156993,-71.73828747156993
2391.8900670671464,-71.73487661141527,-71.73487661141527
2391.900067090988,-71.73147326646686,-71.73147326646686
2391.9100670909884,-71.72807774685808,-71.72807774685808
2391.920067090988,-71.7246903331072,-71.7246903331072
2391.9300670909884,-71.72131130880078,-71.72131130880078
2391.940067090988,-71.71794095275995,-71.71794095275995
2391.9500670909883,-71.71457953924352,-71.71457953924352
2391.960067090988,-71.71122733816908,-71.71122733816908
2391.9700670909883,-71.70788461523667,-71.70788461523667
2391.980067090988,-71.70455163210467,-71.70455163210467
2391.9900670909883,-71.70122864649841,-71.70122864649841
2392.000067090988,-71.69791591232378,-71.69791591232378
2392.0100670909883,-71.69461367974384,-71.69461367974384
2392.020067090988,-71.69132219526773,-71.69132219526773
2392.0300670909883,-71.68804170182112,-71.68804170182112
2392.040067090988,-71.68477243878239,-71.68477243878239
2392.0500670909883,-71.68151464203811,-71.68151464203811
2392.060067090988,-71.67826854404585,-71.67826854404585
2392.0700670909882,-71.67503437382928,-71.67503437382928
2392.080067090988,-71.671812357053,-71.671812357053
2392.090067090988,-71.66860271600832,-71.66860271600832
2392.100067090988,-71.66540566967696,-71.66540566967696
2392.110067090988,-71.66222143372832,-71.66222143372832
2392.120067090988,-71.6590502205495,-71.6590502205495
2392.130067090988,-71.6558922392641,-71.6558922392641
2392.140067090988,-71.65274769574123,-71.65274769574123
2392.150067090988,-71.64961679261076,-71.64961679261076
2392.1600670909884,-71.64649972930822,-71.64649972930822
2392.170067090988,-71.64339670206361,-71.64339670206361
2392.1800670909884,-71.64030790392336,-71.64030790392336
2392.190067090988,-71.63723352476873,-71.63723352476873
2392.2000670909883,-71.63417375131411,-71.63417375131411
2392.210067090988,-71.63112876717352,-71.63112876717352
2392.2200670909883,-71.62809875282062,-71.62809875282062
2392.230067090988,-71.62508388563236,-71.62508388563236
2392.2400670909883,-71.62208433990807,-71.62208433990807
2392.250067090988,-71.6191002868804,-71.6191002868804
2392.2600670909883,-71.61613189473005,-71.61613189473005
2392.270067090988,-71.61317932862305,-71.61317932862305
2392.2800670909883,-71.61024275069684,-71.61024275069684
2392.290067090988,-71.60732232012344,-71.60732232012344
2392.3000670909883,-71.60441819308876,-71.60441819308876
2392.310067090988,-71.60153052284224,-71.60153052284224
2392.3200670909882,-71.59865945969217,-71.59865945969217
2392.330067090988,-71.59580515106451,-71.59580515106451
2392.340067090988,-71.5929677414771,-71.5929677414771
2392.350067090988,-71.59014737260625,-71.59014737260625
2392.360067090988,-71.58734418327995,-71.58734418327995
2392.370067090988,-71.58455830951557,-71.58455830951557
2392.380067090988,-71.58178988453514,-71.58178988453514
2392.390067090988,-71.57903903879911,-71.57903903879911
2392.400067090988,-71.57630590002788,-71.57630590002788
2392.4100670909884,-71.57359059322198,-71.57359059322198
2392.420067090988,-71.57089324067991,-71.57089324067991
2392.4300670909884,-71.56821396204973,-71.56821396204973
2392.440067090988,-71.56555287432018,-71.56555287432018
2392.4500670909883,-71.56291009187277,-71.56291009187277
2392.460067090988,-71.56028572650656,-71.56028572650656
2392.4700670909883,-71.55767988743621,-71.55767988743621
2392.480067090988,-71.55509268135236,-71.55509268135236
2392.4900670909883,-71.55252421242683,-71.55252421242683
2392.500067090988,-71.54997458235236,-71.54997458235236
2392.5100670909883,-71.54744389034458,-71.54744389034458
2392.520067090988,-71.544932233219,-71.544932233219
2392.5300670909883,-71.54243970535775,-71.54243970535775
2392.540067090988,-71.53996639878174,-71.53996639878174
2392.5500670909883,-71.53751240314838,-71.53751240314838
2392.560067090988,-71.53507780579086,-71.53507780579086
2392.5700670909882,-71.53266269175303,-71.53266269175303
2392.580067090988,-71.53026714380249,-71.53026714380249
2392.590067090988,-71.52789124245724,-71.52789124245724
2392.600067090988,-71.52553506603874,-71.52553506603874
2392.610067090988,-71.52319869064553,-71.52319869064553
2392.620067090988,-71.52088219023747,-71.52088219023747
2392.630067090988,-71.51858563661969,-71.51858563661969
2392.640067090988,-71.51630909950434,-71.51630909950434
2392.650067090988,-71.51405264651869,-71.51405264651869
2392.6600670909884,-71.51181634320743,-71.51181634320743
2392.670067090988,-71.50960025310815,-71.50960025310815
2392.6800670909884,-71.50740443774106,-71.50740443774106
2392.690067090988,-71.50522895665996,-71.50522895665996
2392.7000670909883,-71.50307386745146,-71.50307386745146
2392.710067090988,-71.50093922578425,-71.50093922578425
2392.7200670909883,-71.49882508541504,-71.49882508541504
2392.730067090988,-71.49673149823336,-71.49673149823336
2392.7400670909883,-71.49465851427972,-71.49465851427972
2392.75006711483,-71.49260617687045,-71.49260617687045
2392.7600671148302,-71.49057454224223,-71.49057454224223
2392.77006711483,-71.48856365008379,-71.48856365008379
2392.78006711483,-71.48657354326552,-71.48657354326552
2392.79006711483,-71.48460426295739,-71.48460426295739
2392.80006711483,-71.4826558485916,-71.4826558485916
2392.81006711483,-71.48072833794998,-71.48072833794998
2392.82006711483,-71.47882176714349,-71.47882176714349
2392.83006711483,-71.47693617065266,-71.47693617065266
2392.84006711483,-71.47507158135323,-71.47507158135323
2392.85006711483,-71.47322803053926,-71.47322803053926
2392.86006711483,-71.47140554793147,-71.47140554793147
2392.87006711483,-71.46960416172284,-71.46960416172284
2392.88006711483,-71.46782389857594,-71.46782389857594
2392.89006711483,-71.4660647836783,-71.4660647836783
2392.90006711483,-71.46432684072516,-71.46432684072516
2392.91006711483,-71.46261009197835,-71.46261009197835
2392.92006711483,-71.46091455825581,-71.46091455825581
2392.93006711483,-71.4592402589731,-71.4592402589731
2392.94006711483,-71.45758721216579,-71.45758721216579
2392.95006711483,-71.4559554345008,-71.4559554345008
2392.96006711483,-71.45434494129611,-71.45434494129611
2392.97006711483,-71.45275574654933,-71.45275574654933
2392.98006711483,-71.45118786295825,-71.45118786295825
2392.99006711483,-71.44964130193424,-71.44964130193424
2393.00006711483,-71.44811607361305,-71.44811607361305
2393.0100671148302,-71.44661218690811,-71.44661218690811
2393.02006711483,-71.44512964949628,-71.44512964949628
2393.03006711483,-71.44366846785071,-71.44366846785071
2393.04006711483,-71.44222864725332,-71.44222864725332
2393.05006711483,-71.44081019182705,-71.44081019182705
2393.06006711483,-71.43941310453886,-71.43941310453886
2393.07006711483,-71.4380373872335,-71.4380373872335
2393.08006711483,-71.43668304063165,-71.43668304063165
2393.09006711483,-71.4353500643645,-71.4353500643645
2393.10006711483,-71.4340384569887,-71.4340384569887
2393.11006711483,-71.43274821599813,-71.43274821599813
2393.12006711483,-71.43147933784273,-71.43147933784273
2393.13006711483,-71.43023181794563,-71.43023181794563
2393.14006711483,-71.42900565072603,-71.42900565072603
2393.15006711483,-71.42780082960824,-71.42780082960824
2393.16006711483,-71.42661734704645,-71.42661734704645
2393.17006711483,-71.42545519451666,-71.42545519451666
2393.18006711483,-71.42431436257485,-71.42431436257485
2393.19006711483,-71.42319484083092,-71.42319484083092
2393.20006711483,-71.42209661799366,-71.42209661799366
2393.21006711483,-71.42101968186695,-71.42101968186695
2393.22006711483,-71.41996401937259,-71.41996401937259
2393.23006711483,-71.41892961657231,-71.41892961657231
2393.24006711483,-71.41791645866522,-71.41791645866522
2393.25006711483,-71.41692453002244,-71.41692453002244
2393.2600671148302,-71.41595381418462,-71.41595381418462
2393.27006711483,-71.41500429388279,-71.41500429388279
2393.28006711483,-71.4140759510524,-71.4140759510524
2393.29006711483,-71.41316876685241,-71.41316876685241
2393.30006711483,-71.412282721668,-71.412282721668
2393.31006711483,-71.41141779513137,-71.41141779513137
2393.32006711483,-71.41057396613448,-71.41057396613448
2393.33006711483,-71.40975121283576,-71.40975121283576
2393.34006711483,-71.4089495126773,-71.4089495126773
2393.35006711483,-71.40816884240765,-71.40816884240765
2393.36006711483,-71.4074091780787,-71.4074091780787
2393.37006711483,-71.40667049505777,-71.40667049505777
2393.38006711483,-71.40595276805313,-71.40595276805313
2393.39006711483,-71.40525597111834,-71.40525597111834
2393.40006711483,-71.40458007766132,-71.40458007766132
2393.41006711483,-71.40392506046696,-71.40392506046696
2393.42006711483,-71.40329089168905,-71.40329089168905
2393.43006711483,-71.40267754287778,-71.40267754287778
2393.44006711483,-71.40208498498947,-71.40208498498947
2393.45006711483,-71.4015131883926,-71.4015131883926
2393.46006711483,-71.40096212287787,-71.40096212287787
2393.47006711483,-71.40043175768261,-71.40043175768261
2393.48006711483,-71.39992206147308,-71.39992206147308
2393.49006711483,-71.39943300238613,-71.39943300238613
2393.50006711483,-71.39896454801968,-71.39896454801968
2393.5100671148302,-71.39851666544388,-71.39851666544388
2393.52006711483,-71.39808932122693,-71.39808932122693
2393.53006711483,-71.39768248142599,-71.39768248142599
2393.54006711483,-71.3972961116044,-71.3972961116044
2393.55006711483,-71.39693017684327,-71.39693017684327
2393.56006711483,-71.39658464174758,-71.39658464174758
2393.57006711483,-71.39625947046068,-71.39625947046068
2393.58006711483,-71.39595462666348,-71.39595462666348
2393.59006711483,-71.39567007359067,-71.39567007359067
2393.600067138672,-71.39540577342062,-71.39540577342062
2393.610067138672,-71.39516168982337,-71.39516168982337
2393.620067138672,-71.39493778406077,-71.39493778406077
2393.630067138672,-71.39473401766462,-71.39473401766462
2393.640067138672,-71.39455035176245,-71.39455035176245
2393.650067138672,-71.39438674709984,-71.39438674709984
2393.660067138672,-71.39424316400431,-71.39424316400431
2393.670067138672,-71.39411956244534,-71.39411956244534
2393.680067138672,-71.3940159020244,-71.3940159020244
2393.690067138672,-71.39393214195984,-71.39393214195984
2393.700067138672,-71.39386824112657,-71.39386824112657
2393.710067138672,-71.39382415803814,-71.39382415803814
2393.7200671386718,-71.39379985087858,-71.39379985087858
2393.730067138672,-71.3937952774862,-71.3937952774862
2393.7400671386717,-71.39381039538478,-71.39381039538478
2393.750067138672,-71.39384516176116,-71.39384516176116
2393.7600671386717,-71.39389953350431,-71.39389953350431
2393.770067138672,-71.39397346718658,-71.39397346718658
2393.7800671386717,-71.39406691908617,-71.39406691908617
2393.790067138672,-71.39417984518235,-71.39417984518235
2393.8000671386717,-71.39431220117743,-71.39431220117743
2393.810067138672,-71.39446394247808,-71.39446394247808
2393.8200671386717,-71.3946350242385,-71.3946350242385
2393.830067138672,-71.39482540132529,-71.39482540132529
2393.8400671386717,-71.39503502835441,-71.39503502835441
2393.850067138672,-71.39526385968537,-71.39526385968537
2393.860067138672,-71.39551184942334,-71.39551184942334
2393.870067138672,-71.39577895143812,-71.39577895143812
2393.880067138672,-71.39606511935946,-71.39606511935946
2393.890067138672,-71.39637030658083,-71.39637030658083
2393.900067138672,-71.39669446627828,-71.39669446627828
2393.910067138672,-71.39703755140809,-71.39703755140809
2393.920067138672,-71.39739951469406,-71.39739951469406
2393.930067138672,-71.39778030867177,-71.39778030867177
2393.940067138672,-71.3981798856581,-71.3981798856581
2393.950067138672,-71.39859819778668,-71.39859819778668
2393.960067138672,-71.3990351969727,-71.3990351969727
2393.9700671386718,-71.39949083497108,-71.39949083497108
2393.980067138672,-71.39996506333604,-71.39996506333604
2393.9900671386717,-71.40045783344885,-71.40045783344885
2394.000067138672,-71.4009690965122,-71.4009690965122
2394.0100671386717,-71.40149880356003,-71.40149880356003
2394.020067138672,-71.40204690546115,-71.40204690546115
2394.0300671386717,-71.40261335293911,-71.40261335293911
2394.040067138672,-71.40319809654461,-71.40319809654461
2394.0500671386717,-71.40380108669252,-71.40380108669252
2394.060067138672,-71.40442227363856,-71.40442227363856
2394.0700671386717,-71.40506160750206,-71.40506160750206
2394.080067138672,-71.4057190382681,-71.4057190382681
2394.0900671386717,-71.40639451578065,-71.40639451578065
2394.100067138672,-71.40708798976095,-71.40708798976095
2394.110067138672,-71.40779940980619,-71.40779940980619
2394.120067138672,-71.40852872538831,-71.40852872538831
2394.130067138672,-71.40927588585942,-71.40927588585942
2394.140067138672,-71.4100408404781,-71.4100408404781
2394.150067138672,-71.41082353836937,-71.41082353836937
2394.160067138672,-71.41162392856579,-71.41162392856579
2394.170067138672,-71.41244196000365,-71.41244196000365
2394.180067138672,-71.4132775815019,-71.4132775815019
2394.190067138672,-71.4141307418023,-71.4141307418023
2394.200067138672,-71.41500138955027,-71.41500138955027
2394.210067138672,-71.4158894733146,-71.4158894733146
2394.2200671386718,-71.41679494155882,-71.41679494155882
2394.230067138672,-71.41771774268393,-71.41771774268393
2394.2400671386717,-71.41865782501353,-71.41865782501353
2394.250067138672,-71.41961513678419,-71.41961513678419
2394.2600671386717,-71.42058962618468,-71.42058962618468
2394.270067138672,-71.42158124130987,-71.42158124130987
2394.2800671386717,-71.42258993020822,-71.42258993020822
2394.290067138672,-71.42361564087157,-71.42361564087157
2394.3000671386717,-71.42465832122544,-71.42465832122544
2394.310067138672,-71.42571791913375,-71.42571791913375
2394.3200671386717,-71.42679438243121,-71.42679438243121
2394.330067138672,-71.42788765888012,-71.42788765888012
2394.3400671386717,-71.42899769620641,-71.42899769620641
2394.350067138672,-71.43012444210277,-71.43012444210277
2394.360067138672,-71.43126784420096,-71.43126784420096
2394.370067138672,-71.43242785011986,-71.43242785011986
2394.380067138672,-71.43360440742245,-71.43360440742245
2394.390067138672,-71.43479746365196,-71.43479746365196
2394.400067138672,-71.43600696631805,-71.43600696631805
2394.410067138672,-71.43723286290569,-71.43723286290569
2394.420067138672,-71.43847510087056,-71.43847510087056
2394.430067138672,-71.43973362765665,-71.43973362765665
2394.440067138672,-71.44100839068105,-71.44100839068105
2394.4500671625137,-71.44229934042903,-71.44229934042903
2394.460067162514,-71.44360641817524,-71.44360641817524
2394.4700671625137,-71.44492957432023,-71.44492957432023
2394.480067162514,-71.44626875622785,-71.44626875622785
2394.4900671625137,-71.44762391126211,-71.44762391126211
2394.500067162514,-71.4489949867796,-71.4489949867796
2394.5100671625137,-71.4503819301281,-71.4503819301281
2394.520067162514,-71.45178468866223,-71.45178468866223
2394.5300671625137,-71.45320320973438,-71.45320320973438
2394.540067162514,-71.45463744069181,-71.45463744069181
2394.5500671625136,-71.45608732889161,-71.45608732889161
2394.560067162514,-71.45755282171609,-71.45755282171609
2394.5700671625136,-71.45903386653364,-71.45903386653364
2394.580067162514,-71.46053041073561,-71.46053041073561
2394.5900671625136,-71.46204240172396,-71.46204240172396
2394.600067162514,-71.46356978691884,-71.46356978691884
2394.6100671625136,-71.46511251374974,-71.46511251374974
2394.620067162514,-71.46667052967926,-71.46667052967926
2394.6300671625136,-71.46824378218301,-71.46824378218301
2394.640067162514,-71.46983221875391,-71.46983221875391
2394.6500671625136,-71.4714357869153,-71.4714357869153
2394.6600671625138,-71.47305443422434,-71.47305443422434
2394.6700671625135,-71.47468810825255,-71.47468810825255
2394.6800671625138,-71.47633675660627,-71.47633675660627
2394.6900671625135,-71.47800032692396,-71.47800032692396
2394.7000671625137,-71.47967876688416,-71.47967876688416
2394.710067162514,-71.48136579102237,-71.48136579102237
2394.7200671625137,-71.48305861630308,-71.48305861630308
2394.730067162514,-71.48475586053047,-71.48475586053047
2394.7400671625137,-71.48645679032782,-71.48645679032782
2394.750067162514,-71.48816103404216,-71.48816103404216
2394.7600671625137,-71.48986843253479,-71.48986843253479
2394.770067162514,-71.49157895169651,-71.49157895169651
2394.7800671625137,-71.4932926298709,-71.4932926298709
2394.790067162514,-71.49500954622137,-71.49500954622137
2394.8000671625136,-71.49672980171263,-71.49672980171263
2394.810067162514,-71.49845350781273,-71.49845350781273
2394.8200671625136,-71.50018077980936,-71.50018077980936
2394.830067162514,-71.5019117330026,-71.5019117330026
2394.8400671625136,-71.5036464805948,-71.5036464805948
2394.850067162514,-71.50538513264559,-71.50538513264559
2394.8600671625136,-71.50712779564242,-71.50712779564242
2394.870067162514,-71.50887457244309,-71.50887457244309
2394.8800671625136,-71.51062556239239,-71.51062556239239
2394.890067162514,-71.51238086156445,-71.51238086156445
2394.9000671625136,-71.51414056305454,-71.51414056305454
2394.9100671625138,-71.51590475725423,-71.51590475725423
2394.9200671625135,-71.51767353212539,-71.51767353212539
2394.9300671625138,-71.51944697345263,-71.51944697345263
2394.9400671625135,-71.5212251650894,-71.5212251650894
2394.9500671625137,-71.52300818912639,-71.52300818912639
2394.960067162514,-71.5247961260883,-71.5247961260883
2394.9700671625137,-71.52658905507079,-71.52658905507079
2394.980067162514,-71.52838705384788,-71.52838705384788
2394.9900671625137,-71.5301901990025,-71.5301901990025
2395.000067162514,-71.53199856599454,-71.53199856599454
2395.0100671625137,-71.53381222923375,-71.53381222923375
2395.020067162514,-71.53563126213702,-71.53563126213702
2395.0300671625137,-71.53745573718561,-71.53745573718561
2395.040067162514,-71.53928572593873,-71.53928572593873
2395.0500671625136,-71.54112129909225,-71.54112129909225
2395.060067162514,-71.54296252646591,-71.54296252646591
2395.0700671625136,-71.54480947704886,-71.54480947704886
2395.080067162514,-71.54666221898808,-71.54666221898808
2395.0900671625136,-71.54852081961744,-71.54852081961744
2395.100067162514,-71.55038534544458,-71.55038534544458
2395.1100671625136,-71.55225586216238,-71.55225586216238
2395.120067162514,-71.55413243463794,-71.55413243463794
2395.1300671625136,-71.5560151269383,-71.5560151269383
2395.140067162514,-71.55790400228054,-71.55790400228054
2395.1500671625136,-71.55979912306985,-71.55979912306985
2395.1600671625138,-71.5617005508658,-71.5617005508658
2395.1700671625135,-71.56360834641153,-71.56360834641153
2395.1800671625138,-71.56552256957958,-71.56552256957958
2395.1900671625135,-71.56744327940002,-71.56744327940002
2395.2000671625137,-71.5693705340588,-71.5693705340588
2395.210067162514,-71.57130439086849,-71.57130439086849
2395.2200671625137,-71.57324490627501,-71.57324490627501
2395.230067162514,-71.57519213584999,-71.57519213584999
2395.2400671625137,-71.57714613428438,-71.57714613428438
2395.250067162514,-71.57910695538985,-71.57910695538985
2395.2600671625137,-71.58107465208732,-71.58107465208732
2395.270067162514,-71.58304927640198,-71.58304927640198
2395.2800671625137,-71.58503087946248,-71.58503087946248
2395.290067162514,-71.58701951150012,-71.58701951150012
2395.3000671863556,-71.58901522660432,-71.58901522660432
2395.310067186356,-71.59101806370784,-71.59101806370784
2395.3200671863556,-71.59302807505702,-71.59302807505702
2395.330067186356,-71.5950453072612,-71.5950453072612
2395.3400671863556,-71.59706980602051,-71.59706980602051
2395.350067186356,-71.59910161612316,-71.59910161612316
2395.3600671863555,-71.60114078145634,-71.60114078145634
2395.3700671863558,-71.60318734498547,-71.60318734498547
2395.3800671863555,-71.60524134878146,-71.60524134878146
2395.3900671863557,-71.6073028339974,-71.6073028339974
2395.4000671863555,-71.6093718408804,-71.6093718408804
2395.4100671863557,-71.61144840878598,-71.61144840878598
2395.4200671863555,-71.61353257616274,-71.61353257616274
2395.4300671863557,-71.61562438056232,-71.61562438056232
2395.4400671863555,-71.61772385863462,-71.61772385863462
2395.4500671863557,-71.61983104614734,-71.61983104614734
2395.4600671863554,-71.62194597797264,-71.62194597797264
2395.4700671863557,-71.62406868811301,-71.62406868811301
2395.4800671863554,-71.62619920968098,-71.62619920968098
2395.4900671863556,-71.62833757492145,-71.62833757492145
2395.5000671863554,-71.6304838152019,-71.6304838152019
2395.5100671863556,-71.63263796103301,-71.63263796103301
2395.5200671863554,-71.63480004207504,-71.63480004207504
2395.5300671863556,-71.6369700871191,-71.6369700871191
2395.5400671863554,-71.63914812412158,-71.63914812412158
2395.5500671863556,-71.64133418019681,-71.64133418019681
2395.560067186356,-71.64352828161928,-71.64352828161928
2395.5700671863556,-71.64573045385318,-71.64573045385318
2395.580067186356,-71.64794072152378,-71.64794072152378
2395.5900671863556,-71.65015910844534,-71.65015910844534
2395.600067186356,-71.65238563763532,-71.65238563763532
2395.6100671863555,-71.65462033131179,-71.65462033131179
2395.6200671863558,-71.65686321088371,-71.65686321088371
2395.6300671863555,-71.6591142969983,-71.6591142969983
2395.6400671863557,-71.66137360950529,-71.66137360950529
2395.6500671863555,-71.66364116750013,-71.66364116750013
2395.6600671863557,-71.66591698930883,-71.66591698930883
2395.6700671863555,-71.66820109251378,-71.66820109251378
2395.6800671863557,-71.67049349392734,-71.67049349392734
2395.6900671863555,-71.67279420964972,-71.67279420964972
2395.7000671863557,-71.67510325503176,-71.67510325503176
2395.7100671863554,-71.67742064471989,-71.67742064471989
2395.7200671863557,-71.67974639263386,-71.67974639263386
2395.7300671863554,-71.68208051199386,-71.68208051199386
2395.7400671863556,-71.68442301531104,-71.68442301531104
2395.7500671863554,-71.68677391442581,-71.68677391442581
2395.7600671863556,-71.68913322047851,-71.68913322047851
2395.7700671863554,-71.69150094394963,-71.69150094394963
2395.7800671863556,-71.69387709464793,-71.69387709464793
2395.7900671863554,-71.69626168172904,-71.69626168172904
2395.8000671863556,-71.69865471369594,-71.69865471369594
2395.810067186356,-71.70105619841351,-71.70105619841351
2395.8200671863556,-71.70346614311309,-71.70346614311309
2395.830067186356,-71.70588455440884,-71.70588455440884
2395.8400671863556,-71.70831143829331,-71.70831143829331
2395.850067186356,-71.7107468001511,-71.7107468001511
2395.8600671863555,-71.71319064476907,-71.71319064476907
2395.8700671863558,-71.71564297633748,-71.71564297633748
2395.8800671863555,-71.71810379848138,-71.71810379848138
2395.8900671863557,-71.72057311422527,-71.72057311422527
2395.9000671863555,-71.72305092604854,-71.72305092604854
2395.9100671863557,-71.72553723585015,-71.72553723585015
2395.9200671863555,-71.7280320450022,-71.7280320450022
2395.9300671863557,-71.73053535431741,-71.73053535431741
2395.9400671863555,-71.73304716407256,-71.73304716407256
2395.9500671863557,-71.73556747402603,-71.73556747402603
2395.9600671863554,-71.73809628340739,-71.73809628340739
2395.9700671863557,-71.74063359093202,-71.74063359093202
2395.9800671863554,-71.74317939482962,-71.74317939482962
2395.9900671863556,-71.74573369281087,-71.74573369281087
2396.0000671863554,-71.74829648211237,-71.74829648211237
2396.0100671863556,-71.7508677594666,-71.7508677594666
2396.0200671863554,-71.75344752115393,-71.75344752115393
2396.0300671863556,-71.75603576298545,-71.75603576298545
2396.0400671863554,-71.75863248029881,-71.75863248029881
2396.0500671863556,-71.76123766798607,-71.76123766798607
2396.060067186356,-71.76385132049735,-71.76385132049735
2396.0700671863556,-71.76647343183477,-71.76647343183477
2396.080067186356,-71.76910399557725,-71.76910399557725
2396.0900671863556,-71.7717430048763,-71.7717430048763
2396.100067186356,-71.77439045246378,-71.77439045246378
2396.1100671863555,-71.77704633065544,-71.77704633065544
2396.1200671863558,-71.77971063137258,-71.77971063137258
2396.1300671863555,-71.78238334614278,-71.78238334614278
2396.1400671863557,-71.78506446607956,-71.78506446607956
2396.1500672101974,-71.78775398834304,-71.78775398834304
2396.1600672101977,-71.79045189051796,-71.79045189051796
2396.1700672101974,-71.7931581689651,-71.7931581689651
2396.1800672101976,-71.79587281331004,-71.79587281331004
2396.1900672101974,-71.79859581282844,-71.79859581282844
2396.2000672101976,-71.80132715643644,-71.80132715643644
2396.2100672101974,-71.8040605695112,-71.8040605695112
2396.2200672101976,-71.80679329515654,-71.80679329515654
2396.2300672101974,-71.80952398305331,-71.80952398305331
2396.2400672101976,-71.81225193406247,-71.81225193406247
2396.2500672101974,-71.8149768119026,-71.8149768119026
2396.2600672101976,-71.81769849334474,-71.81769849334474
2396.2700672101973,-71.82041698040454,-71.82041698040454
2396.2800672101976,-71.82313234760544,-71.82313234760544
2396.2900672101973,-71.82584471020301,-71.82584471020301
2396.3000672101975,-71.82855420516006,-71.82855420516006
2396.3100672101973,-71.8312609797742,-71.8312609797742
2396.3200672101975,-71.83396518500453,-71.83396518500453
2396.3300672101973,-71.83666697163036,-71.83666697163036
2396.3400672101975,-71.83936648814624,-71.83936648814624
2396.3500672101973,-71.84206387970158,-71.84206387970158
2396.3600672101975,-71.84475928767574,-71.84475928767574
2396.3700672101972,-71.84745284959482,-71.84745284959482
2396.3800672101975,-71.8501446992763,-71.8501446992763
2396.3900672101972,-71.8528349670478,-71.8528349670478
2396.4000672101974,-71.8555237800463,-71.8555237800463
2396.4100672101977,-71.8582112624824,-71.8582112624824
2396.4200672101974,-71.86089753591307,-71.86089753591307
2396.4300672101976,-71.86358271951676,-71.86358271951676
2396.4400672101974,-71.86626693029416,-71.86626693029416
2396.4500672101976,-71.86895028328038,-71.86895028328038
2396.4600672101974,-71.87162662291315,-71.87162662291315
2396.4700672101976,-71.87429331340296,-71.87429331340296
2396.4800672101974,-71.87694912566201,-71.87694912566201
2396.4900672101976,-71.87959348130323,-71.87959348130323
2396.5000672101974,-71.8822261640823,-71.8822261640823
2396.5100672101976,-71.88484717009166,-71.88484717009166
2396.5200672101973,-71.88745661989373,-71.88745661989373
2396.5300672101976,-71.89005470578473,-71.89005470578473
2396.5400672101973,-71.89264166004017,-71.89264166004017
2396.5500672101975,-71.89521773588702,-71.89521773588702
2396.5600672101973,-71.89778319614285,-71.89778319614285
2396.5700672101975,-71.90033830653476,-71.90033830653476
2396.5800672101973,-71.90288333186854,-71.90288333186854
2396.5900672101975,-71.90541853392625,-71.90541853392625
2396.6000672101973,-71.90794417040203,-71.90794417040203
2396.6100672101975,-71.910460494463,-71.910460494463
2396.6200672101972,-71.91296775467528,-71.91296775467528
2396.6300672101975,-71.91546619512073,-71.91546619512073
2396.6400672101972,-71.91795605564015,-71.91795605564015
2396.6500672101974,-71.92043757206164,-71.92043757206164
2396.6600672101977,-71.92291097652405,-71.92291097652405
2396.6700672101974,-71.9253764976969,-71.9253764976969
2396.6800672101976,-71.92783436105778,-71.92783436105778
2396.6900672101974,-71.93028478908587,-71.93028478908587
2396.7000672101976,-71.93272800143758,-71.93272800143758
2396.7100672101974,-71.93516421514447,-71.93516421514447
2396.7200672101976,-71.93759364471398,-71.93759364471398
2396.7300672101974,-71.94001650225985,-71.94001650225985
2396.7400672101976,-71.94243299758315,-71.94243299758315
2396.7500672101974,-71.9448433382726,-71.9448433382726
2396.7600672101976,-71.94724772973495,-71.94724772973495
2396.7700672101973,-71.94964637528251,-71.94964637528251
2396.7800672101976,-71.9520394761315,-71.9520394761315
2396.7900672101973,-71.95442723147123,-71.95442723147123
2396.8000672101975,-71.95680983844827,-71.95680983844827
2396.8100672101973,-71.95918749223186,-71.95918749223186
2396.8200672101975,-71.9615603859748,-71.9615603859748
2396.8300672101973,-71.9639287108478,-71.9639287108478
2396.8400672101975,-71.96629265606114,-71.96629265606114
2396.8500672101973,-71.96865240882772,-71.96865240882772
2396.8600672101975,-71.9710081543903,-71.9710081543903
2396.8700672101972,-71.973360076019,-71.973360076019
2396.8800672101975,-71.97570835499818,-71.97570835499818
2396.8900672101972,-71.97805317063182,-71.97805317063182
2396.9000672101974,-71.98039470022775,-71.98039470022775
2396.9100672101977,-71.98273311912054,-71.98273311912054
2396.9200672101974,-71.9850686006347,-71.9850686006347
2396.9300672101976,-71.98740131610207,-71.98740131610207
2396.9400672101974,-71.9897314348521,-71.9897314348521
2396.9500672101976,-71.99205912421216,-71.99205912421216
2396.9600672101974,-71.9943782713271,-71.9943782713271
2396.9700672101976,-71.99668628894683,-71.99668628894683
2396.9800672101974,-71.99898199839447,-71.99898199839447
2396.9900672101976,-72.00126487211045,-72.00126487211045
2397.0000672340393,-72.0035347499804,-72.0035347499804
2397.0100672340395,-72.00579166750894,-72.00579166750894
2397.0200672340393,-72.0080358003455,-72.0080358003455
2397.0300672340395,-72.01026738964218,-72.01026738964218
2397.0400672340393,-72.01248671569027,-72.01248671569027
2397.0500672340395,-72.01469407881089,-72.01469407881089
2397.0600672340393,-72.01688978798522,-72.01688978798522
2397.0700672340395,-72.01907415412686,-72.01907415412686
2397.0800672340392,-72.02124748626548,-72.02124748626548
2397.0900672340395,-72.02341008941279,-72.02341008941279
2397.100067234039,-72.0255622635402,-72.0255622635402
2397.1100672340394,-72.02770430309188,-72.02770430309188
2397.120067234039,-72.02983649697119,-72.02983649697119
2397.1300672340394,-72.03195912862796,-72.03195912862796
2397.140067234039,-72.03407247633025,-72.03407247633025
2397.1500672340394,-72.03617681343692,-72.03617681343692
2397.160067234039,-72.03827240868007,-72.03827240868007
2397.1700672340394,-72.04035952644325,-72.04035952644325
2397.180067234039,-72.04243842703382,-72.04243842703382
2397.1900672340394,-72.04450936691319,-72.04450936691319
2397.200067234039,-72.04657259888822,-72.04657259888822
2397.2100672340393,-72.04862837228944,-72.04862837228944
2397.220067234039,-72.0506769331542,-72.0506769331542
2397.2300672340393,-72.05271852432013,-72.05271852432013
2397.240067234039,-72.05475338556745,-72.05475338556745
2397.2500672340393,-72.0567817536788,-72.0567817536788
2397.2600672340395,-72.05880386257435,-72.05880386257435
2397.2700672340393,-72.06081994332946,-72.06081994332946
2397.2800672340395,-72.06283022424233,-72.06283022424233
2397.2900672340393,-72.06483493090586,-72.06483493090586
2397.3000672340395,-72.06683428621363,-72.06683428621363
2397.3100672340393,-72.06882851042377,-72.06882851042377
2397.3200672340395,-72.07081782117223,-72.07081782117223
2397.3300672340392,-72.07280243350077,-72.07280243350077
2397.3400672340395,-72.07478255987063,-72.07478255987063
2397.350067234039,-72.07675841019399,-72.07675841019399
2397.3600672340394,-72.07873019183997,-72.07873019183997
2397.370067234039,-72.08069810965247,-72.08069810965247
2397.3800672340394,-72.08266236595152,-72.08266236595152
2397.390067234039,-72.08462316056098,-72.08462316056098
2397.4000672340394,-72.08658069080653,-72.08658069080653
2397.410067234039,-72.0885351515313,-72.0885351515313
2397.4200672340394,-72.09048673510144,-72.09048673510144
2397.430067234039,-72.09243563142125,-72.09243563142125
2397.4400672340394,-72.09438202794124,-72.09438202794124
2397.450067234039,-72.09632610965294,-72.09632610965294
2397.4600672340393,-72.0982680591218,-72.0982680591218
2397.470067234039,-72.10020805647768,-72.10020805647768
2397.4800672340393,-72.10214627942919,-72.10214627942919
2397.490067234039,-72.10408290328833,-72.10408290328833
2397.5000672340393,-72.10601810096415,-72.10601810096415
2397.5100672340395,-72.10795204297428,-72.10795204297428
2397.5200672340393,-72.10988489746892,-72.10988489746892
2397.5300672340395,-72.1118168302265,-72.1118168302265
2397.5400672340393,-72.1137480046799,-72.1137480046799
2397.5500672340395,-72.11567858192142,-72.11567858192142
2397.5600672340393,-72.11760872072932,-72.11760872072932
2397.5700672340395,-72.1195385775577,-72.1195385775577
2397.5800672340392,-72.12146830656809,-72.12146830656809
2397.5900672340395,-72.12339805963667,-72.12339805963667
2397.600067234039,-72.1253279863857,-72.1253279863857
2397.6100672340394,-72.1272582341626,-72.1272582341626
2397.620067234039,-72.12918894809675,-72.12918894809675
2397.6300672340394,-72.1311202710874,-72.1311202710874
2397.640067234039,-72.13305234383526,-72.13305234383526
2397.6500672340394,-72.13498530485326,-72.13498530485326
2397.660067234039,-72.13691929048171,-72.13691929048171
2397.6700672340394,-72.13885443490699,-72.13885443490699
2397.680067234039,-72.14079087018861,-72.14079087018861
2397.6900672340394,-72.1427287262582,-72.1427287262582
2397.700067234039,-72.1446681309584,-72.1446681309584
2397.7100672340393,-72.14660921004402,-72.14660921004402
2397.720067234039,-72.1485520872141,-72.1485520872141
2397.7300672340393,-72.15049688411221,-72.15049688411221
2397.740067234039,-72.15244372037459,-72.15244372037459
2397.7500672340393,-72.15439271361653,-72.15439271361653
2397.7600672340395,-72.15634397948234,-72.15634397948234
2397.7700672340393,-72.15829763163408,-72.15829763163408
2397.7800672340395,-72.16025378180301,-72.16025378180301
2397.7900672340393,-72.16221253978175,-72.16221253978175
2397.8000672340395,-72.1641740134581,-72.1641740134581
2397.8100672340393,-72.16613830883038,-72.16613830883038
2397.8200672340395,-72.16810553003474,-72.16810553003474
2397.8300672340392,-72.17007577935193,-72.17007577935193
2397.8400672340395,-72.17204915724007,-72.17204915724007
2397.850067257881,-72.17402576704728,-72.17402576704728
2397.8600672578814,-72.17600569623146,-72.17600569623146
2397.870067257881,-72.17798904458175,-72.17798904458175
2397.8800672578814,-72.17997590542832,-72.17997590542832
2397.890067257881,-72.18196637039178,-72.18196637039178
2397.9000672578813,-72.18396052937304,-72.18396052937304
2397.910067257881,-72.18595847058084,-72.18595847058084
2397.9200672578813,-72.18796028056683,-72.18796028056683
2397.930067257881,-72.18996604421525,-72.18996604421525
2397.9400672578813,-72.19197584479703,-72.19197584479703
2397.950067257881,-72.19398976396708,-72.19398976396708
2397.9600672578813,-72.19600158725495,-72.19600158725495
2397.970067257881,-72.1980086366278,-72.1980086366278
2397.9800672578813,-72.20000964701639,-72.20000964701639
2397.990067257881,-72.20200400672832,-72.20200400672832
2398.0000672578813,-72.20399146752656,-72.20399146752656
2398.010067257881,-72.20597199406906,-72.20597199406906
2398.0200672578812,-72.20794567561161,-72.20794567561161
2398.030067257881,-72.20991267298461,-72.20991267298461
2398.040067257881,-72.2118731866925,-72.2118731866925
2398.050067257881,-72.21382743780867,-72.21382743780867
2398.060067257881,-72.21577565652439,-72.21577565652439
2398.070067257881,-72.21771807549207,-72.21771807549207
2398.080067257881,-72.21965492594963,-72.21965492594963
2398.090067257881,-72.22158643566986,-72.22158643566986
2398.100067257881,-72.2235128278785,-72.2235128278785
2398.1100672578814,-72.22543432086007,-72.22543432086007
2398.120067257881,-72.22735112789209,-72.22735112789209
2398.1300672578814,-72.22926345739917,-72.22926345739917
2398.140067257881,-72.23117151321941,-72.23117151321941
2398.1500672578813,-72.23307549487951,-72.23307549487951
2398.160067257881,-72.23497559790111,-72.23497559790111
2398.1700672578813,-72.23687201411644,-72.23687201411644
2398.180067257881,-72.23876493190292,-72.23876493190292
2398.1900672578813,-72.24065453644691,-72.24065453644691
2398.200067257881,-72.2425410099528,-72.2425410099528
2398.2100672578813,-72.24442453183043,-72.24442453183043
2398.220067257881,-72.24630527884652,-72.24630527884652
2398.2300672578813,-72.24818342526729,-72.24818342526729
2398.240067257881,-72.25005914299325,-72.25005914299325
2398.2500672578813,-72.25193260162325,-72.25193260162325
2398.260067257881,-72.25380396857372,-72.25380396857372
2398.2700672578812,-72.25567340912545,-72.25567340912545
2398.280067257881,-72.25754108648997,-72.25754108648997
2398.290067257881,-72.25940716187192,-72.25940716187192
2398.300067257881,-72.26127179449283,-72.26127179449283
2398.310067257881,-72.26313514163104,-72.26313514163104
2398.320067257881,-72.2649973586534,-72.2649973586534
2398.330067257881,-72.26685859903468,-72.26685859903468
2398.340067257881,-72.26871901438963,-72.26871901438963
2398.350067257881,-72.27057875447979,-72.27057875447979
2398.3600672578814,-72.27243796722473,-72.27243796722473
2398.370067257881,-72.27429679871982,-72.27429679871982
2398.3800672578814,-72.27615539324414,-72.27615539324414
2398.390067257881,-72.2780138932737,-72.2780138932737
2398.4000672578813,-72.2798724394855,-72.2798724394855
2398.410067257881,-72.28173117076041,-72.28173117076041
2398.4200672578813,-72.2835902241928,-72.2835902241928
2398.430067257881,-72.28544973510412,-72.28544973510412
2398.4400672578813,-72.2873098370302,-72.2873098370302
2398.450067257881,-72.289170661753,-72.289170661753
2398.4600672578813,-72.29103233927026,-72.29103233927026
2398.470067257881,-72.29289499783978,-72.29289499783978
2398.4800672578813,-72.29475876395944,-72.29475876395944
2398.490067257881,-72.29662376237428,-72.29662376237428
2398.5000672578813,-72.29849011609642,-72.29849011609642
2398.510067257881,-72.30035794639619,-72.30035794639619
2398.5200672578812,-72.30222737281993,-72.30222737281993
2398.530067257881,-72.30409851318372,-72.30409851318372
2398.540067257881,-72.30597148359881,-72.30597148359881
2398.550067257881,-72.30784639846719,-72.30784639846719
2398.560067257881,-72.30972337048847,-72.30972337048847
2398.570067257881,-72.31160251067458,-72.31160251067458
2398.580067257881,-72.31348392834627,-72.31348392834627
2398.590067257881,-72.31536773116098,-72.31536773116098
2398.600067257881,-72.31725402509734,-72.31725402509734
2398.6100672578814,-72.31914291449685,-72.31914291449685
2398.620067257881,-72.32103450204549,-72.32103450204549
2398.6300672578814,-72.32292888879662,-72.32292888879662
2398.640067257881,-72.32482617417004,-72.32482617417004
2398.6500672578813,-72.32672645599136,-72.32672645599136
2398.660067257881,-72.32862983047315,-72.32862983047315
2398.6700672578813,-72.3305363922265,-72.3305363922265
2398.680067257881,-72.33244623430059,-72.33244623430059
2398.6900672578813,-72.33435944817076,-72.33435944817076
2398.700067281723,-72.33627612831533,-72.33627612831533
2398.7100672817232,-72.33819635399911,-72.33819635399911
2398.720067281723,-72.34012021661238,-72.34012021661238
2398.730067281723,-72.34204780149355,-72.34204780149355
2398.740067281723,-72.34397919246162,-72.34397919246162
2398.750067281723,-72.34591447184376,-72.34591447184376
2398.760067281723,-72.34785372050165,-72.34785372050165
2398.770067281723,-72.3497970178244,-72.3497970178244
2398.780067281723,-72.35174444175037,-72.35174444175037
2398.790067281723,-72.3536960687716,-72.3536960687716
2398.800067281723,-72.35565197396893,-72.35565197396893
2398.810067281723,-72.35761223100845,-72.35761223100845
2398.820067281723,-72.35957691216267,-72.35957691216267
2398.830067281723,-72.3615460883134,-72.3615460883134
2398.840067281723,-72.36351982898672,-72.36351982898672
2398.850067281723,-72.3654982023459,-72.3654982023459
2398.860067281723,-72.36748127521743,-72.36748127521743
2398.870067281723,-72.3694691131029,-72.3694691131029
2398.880067281723,-72.37146178019329,-72.37146178019329
2398.890067281723,-72.37345933937944,-72.37345933937944
2398.900067281723,-72.37546185226438,-72.37546185226438
2398.910067281723,-72.3774693792002,-72.3774693792002
2398.920067281723,-72.37948197927236,-72.37948197927236
2398.930067281723,-72.38149971032752,-72.38149971032752
2398.940067281723,-72.3835226289868,-72.3835226289868
2398.950067281723,-72.38555079065988,-72.38555079065988
2398.9600672817232,-72.38758424956268,-72.38758424956268
2398.970067281723,-72.3896230587249,-72.3896230587249
2398.980067281723,-72.3916672700094,-72.3916672700094
2398.990067281723,-72.39371693412166,-72.39371693412166
2399.000067281723,-72.39577210062335,-72.39577210062335
2399.010067281723,-72.39783281795968,-72.39783281795968
2399.020067281723,-72.39989913345352,-72.39989913345352
2399.030067281723,-72.40197109333349,-72.40197109333349
2399.040067281723,-72.40404874273187,-72.40404874273187
2399.050067281723,-72.40613212572994,-72.40613212572994
2399.060067281723,-72.40822128533117,-72.40822128533117
2399.070067281723,-72.41031626349988,-72.41031626349988
2399.080067281723,-72.41241710117686,-72.41241710117686
2399.090067281723,-72.41452383827333,-72.41452383827333
2399.100067281723,-72.4166365137039,-72.4166365137039
2399.110067281723,-72.4187551653892,-72.4187551653892
2399.120067281723,-72.4208798302676,-72.4208798302676
2399.130067281723,-72.42301054431874,-72.42301054431874
2399.140067281723,-72.42514734256858,-72.42514734256858
2399.150067281723,-72.42729025909185,-72.42729025909185
2399.160067281723,-72.42943932705893,-72.42943932705893
2399.170067281723,-72.43159457869896,-72.43159457869896
2399.180067281723,-72.43375604535298,-72.43375604535298
2399.190067281723,-72.43592375747673,-72.43592375747673
2399.200067281723,-72.43809774463153,-72.43809774463153
2399.2100672817232,-72.44027171916397,-72.44027171916397
2399.220067281723,-72.44244294283958,-72.44244294283958
2399.230067281723,-72.44461009593796,-72.44461009593796
2399.240067281723,-72.44677251502948,-72.44677251502948
2399.250067281723,-72.44892990202351,-72.44892990202351
2399.260067281723,-72.45108217309608,-72.45108217309608
2399.270067281723,-72.45322937012001,-72.45322937012001
2399.280067281723,-72.4553716074153,-72.4553716074153
2399.290067281723,-72.45750903976115,-72.45750903976115
2399.300067281723,-72.45964184319416,-72.45964184319416
2399.310067281723,-72.46177020354243,-72.46177020354243
2399.320067281723,-72.46389430973676,-72.46389430973676
2399.330067281723,-72.46601434990751,-72.46601434990751
2399.340067281723,-72.46813050932538,-72.46813050932538
2399.350067281723,-72.4702429693234,-72.4702429693234
2399.360067281723,-72.47235190687996,-72.47235190687996
2399.370067281723,-72.47445749454305,-72.47445749454305
2399.380067281723,-72.47655990061295,-72.47655990061295
2399.390067281723,-72.47865928936206,-72.47865928936206
2399.400067281723,-72.48075582132978,-72.48075582132978
2399.410067281723,-72.48284965362087,-72.48284965362087
2399.420067281723,-72.48494094020931,-72.48494094020931
2399.430067281723,-72.4870298321767,-72.4870298321767
2399.440067281723,-72.48911647796913,-72.48911647796913
2399.450067281723,-72.49120102358346,-72.49120102358346
2399.4600672817232,-72.4932836127757,-72.4932836127757
2399.470067281723,-72.49536438719294,-72.49536438719294
2399.480067281723,-72.4974434865116,-72.4974434865116
2399.490067281723,-72.49952104857266,-72.49952104857266
2399.500067281723,-72.50159720942045,-72.50159720942045
2399.510067281723,-72.50367210343417,-72.50367210343417
2399.520067281723,-72.50574586337211,-72.50574586337211
2399.530067281723,-72.50781862042969,-72.50781862042969
2399.540067281723,-72.50989050426443,-72.50989050426443
2399.550067305565,-72.51196164799343,-72.51196164799343
2399.560067305565,-72.51403216846991,-72.51403216846991
2399.570067305565,-72.51610219590606,-72.51610219590606
2399.580067305565,-72.51817185418138,-72.51817185418138
2399.590067305565,-72.52024126575213,-72.52024126575213
2399.600067305565,-72.5223105516874,-72.5223105516874
2399.610067305565,-72.52437983167614,-72.52437983167614
2399.620067305565,-72.52644922402698,-72.52644922402698
2399.630067305565,-72.52851884568805,-72.52851884568805
2399.640067305565,-72.53058881220879,-72.53058881220879
2399.650067305565,-72.53265923778595,-72.53265923778595
2399.660067305565,-72.53473023525171,-72.53473023525171
2399.6700673055648,-72.53680191606989,-72.53680191606989
2399.680067305565,-72.53887439032901,-72.53887439032901
2399.6900673055648,-72.54094776674914,-72.54094776674914
2399.700067305565,-72.54302215269942,-72.54302215269942
2399.7100673055647,-72.54509765417114,-72.54509765417114
2399.720067305565,-72.54717437578456,-72.54717437578456
2399.7300673055647,-72.54925242079517,-72.54925242079517
2399.740067305565,-72.55133189110435,-72.55133189110435
2399.7500673055647,-72.55341288723244,-72.55341288723244
2399.760067305565,-72.5554955083349,-72.5554955083349
2399.7700673055647,-72.55757985221274,-72.55757985221274
2399.780067305565,-72.55966601529796,-72.55966601529796
2399.7900673055647,-72.56175409266173,-72.56175409266173
2399.800067305565,-72.56384417802755,-72.56384417802755
2399.810067305565,-72.56593636375536,-72.56593636375536
2399.820067305565,-72.56803074085849,-72.56803074085849
2399.830067305565,-72.5701273989993,-72.5701273989993
2399.840067305565,-72.57222642649371,-72.57222642649371
2399.850067305565,-72.574327910333,-72.574327910333
2399.860067305565,-72.57643193615644,-72.57643193615644
2399.870067305565,-72.5785385882923,-72.5785385882923
2399.880067305565,-72.58064794973313,-72.58064794973313
2399.890067305565,-72.5827601021667,-72.5827601021667
2399.900067305565,-72.58487512595447,-72.58487512595447
2399.910067305565,-72.58699310017332,-72.58699310017332
2399.9200673055648,-72.58911410259427,-72.58911410259427
2399.930067305565,-72.59123820969363,-72.59123820969363
2399.9400673055648,-72.5933654966763,-72.5933654966763
2399.950067305565,-72.59549603747377,-72.59549603747377
2399.9600673055647,-72.59762990474816,-72.59762990474816
2399.970067305565,-72.59976716990181,-72.59976716990181
2399.9800673055647,-72.60190790309657,-72.60190790309657
2399.990067305565,-72.60405217325919,-72.60405217325919
2400.0000673055647,-72.60620004808523,-72.60620004808523
2400.010067305565,-72.60835159403854,-72.60835159403854
2400.0200673055647,-72.6105068763824,-72.6105068763824
2400.030067305565,-72.61266595918181,-72.61266595918181
2400.0400673055647,-72.61482890530898,-72.61482890530898
2400.050067305565,-72.61699577645017,-72.61699577645017
2400.060067305565,-72.61916663313185,-72.61916663313185
2400.070067305565,-72.62134153471632,-72.62134153471632
2400.080067305565,-72.62352053941814,-72.62352053941814
2400.090067305565,-72.62570370430346,-72.62570370430346
2400.100067305565,-72.62789108532557,-72.62789108532557
2400.110067305565,-72.63008273731532,-72.63008273731532
2400.120067305565,-72.63227871398936,-72.63227871398936
2400.130067305565,-72.63447906799004,-72.63447906799004
2400.140067305565,-72.63668385085082,-72.63668385085082
2400.150067305565,-72.6388931130554,-72.6388931130554
2400.160067305565,-72.64110690401195,-72.64110690401195
2400.1700673055648,-72.64332527208404,-72.64332527208404
2400.180067305565,-72.64554826459096,-72.64554826459096
2400.1900673055648,-72.64777592783295,-72.64777592783295
2400.200067305565,-72.65000830708975,-72.65000830708975
2400.2100673055647,-72.6522454466288,-72.6522454466288
2400.220067305565,-72.6544873897291,-72.6544873897291
2400.2300673055647,-72.65673417869674,-72.65673417869674
2400.240067305565,-72.65898585485188,-72.65898585485188
2400.2500673055647,-72.66124245855954,-72.66124245855954
2400.260067305565,-72.66350402924688,-72.66350402924688
2400.2700673055647,-72.66577060538765,-72.66577060538765
2400.280067305565,-72.66804222453327,-72.66804222453327
2400.2900673055647,-72.67031892332678,-72.67031892332678
2400.300067305565,-72.67260073749958,-72.67260073749958
2400.310067305565,-72.67488770189884,-72.67488770189884
2400.320067305565,-72.67717985047999,-72.67717985047999
2400.330067305565,-72.67947721633514,-72.67947721633514
2400.340067305565,-72.68177983169133,-72.68177983169133
2400.350067305565,-72.68408772793452,-72.68408772793452
2400.360067305565,-72.6864009356029,-72.6864009356029
2400.370067305565,-72.68871948441584,-72.68871948441584
2400.380067305565,-72.69104340326423,-72.69104340326423
2400.390067305565,-72.69337272024535,-72.69337272024535
2400.4000673294067,-72.69570746821469,-72.69570746821469
2400.410067329407,-72.69804766258588,-72.69804766258588
2400.4200673294067,-72.70039333463248,-72.70039333463248
2400.430067329407,-72.70274450932814,-72.70274450932814
2400.4400673294067,-72.70510121089248,-72.70510121089248
2400.450067329407,-72.70746346280225,-72.70746346280225
2400.4600673294067,-72.70982494690358,-72.70982494690358
2400.470067329407,-72.71218290788181,-72.71218290788181
2400.4800673294067,-72.71453601433694,-72.71453601433694
2400.490067329407,-72.71688359371153,-72.71688359371153
2400.5000673294066,-72.71922534026258,-72.71922534026258
2400.510067329407,-72.72156116343284,-72.72156116343284
2400.5200673294066,-72.72389109896329,-72.72389109896329
2400.530067329407,-72.72621525546299,-72.72621525546299
2400.5400673294066,-72.72853378231234,-72.72853378231234
2400.550067329407,-72.73084685038734,-72.73084685038734
2400.5600673294066,-72.73315464055655,-72.73315464055655
2400.570067329407,-72.73545733695167,-72.73545733695167
2400.5800673294066,-72.73775512307867,-72.73775512307867
2400.590067329407,-72.74004817971911,-72.74004817971911
2400.6000673294066,-72.74233668385045,-72.74233668385045
2400.610067329407,-72.74462080822973,-72.74462080822973
2400.6200673294065,-72.74690072133633,-72.74690072133633
2400.6300673294068,-72.74917658748714,-72.74917658748714
2400.6400673294065,-72.75144856712599,-72.75144856712599
2400.6500673294067,-72.7537168170797,-72.7537168170797
2400.660067329407,-72.75598149085185,-72.75598149085185
2400.6700673294067,-72.75824273893537,-72.75824273893537
2400.680067329407,-72.76050070904114,-72.76050070904114
2400.6900673294067,-72.762755546359,-72.762755546359
2400.700067329407,-72.76500739373884,-72.76500739373884
2400.7100673294067,-72.76725004625969,-72.76725004625969
2400.720067329407,-72.76948086343594,-72.76948086343594
2400.7300673294067,-72.77169862868165,-72.77169862868165
2400.740067329407,-72.77390278374615,-72.77390278374615
2400.7500673294066,-72.77609313652007,-72.77609313652007
2400.760067329407,-72.77826970936964,-72.77826970936964
2400.7700673294066,-72.78043265022478,-72.78043265022478
2400.780067329407,-72.78258217917828,-72.78258217917828
2400.7900673294066,-72.78471855637517,-72.78471855637517
2400.800067329407,-72.7868420627523,-72.7868420627523
2400.8100673294066,-72.78895298854486,-72.78895298854486
2400.820067329407,-72.79105162655198,-72.79105162655198
2400.8300673294066,-72.79313826827418,-72.79313826827418
2400.840067329407,-72.79521320178392,-72.79521320178392
2400.8500673294066,-72.79727671066959,-72.79727671066959
2400.860067329407,-72.79932907359945,-72.79932907359945
2400.8700673294065,-72.80137056425689,-72.80137056425689
2400.8800673294068,-72.80340145146661,-72.80340145146661
2400.8900673294065,-72.80542199944821,-72.80542199944821
2400.9000673294067,-72.80743246807569,-72.80743246807569
2400.910067329407,-72.80943311316888,-72.80943311316888
2400.9200673294067,-72.81142418677499,-72.81142418677499
2400.930067329407,-72.81340593742087,-72.81340593742087
2400.9400673294067,-72.81537861031994,-72.81537861031994
2400.950067329407,-72.81734244758286,-72.81734244758286
2400.9600673294067,-72.81929768838006,-72.81929768838006
2400.970067329407,-72.8212445690866,-72.8212445690866
2400.9800673294067,-72.82318332339975,-72.82318332339975
2400.990067329407,-72.82511418244437,-72.82511418244437
2401.0000673294066,-72.8270373748397,-72.8270373748397
2401.010067329407,-72.82895312678653,-72.82895312678653
2401.0200673294066,-72.83086166212124,-72.83086166212124
2401.030067329407,-72.83276320234854,-72.83276320234854
2401.0400673294066,-72.8346579666778,-72.8346579666778
2401.050067329407,-72.8365461720548,-72.8365461720548
2401.0600673294066,-72.83842803318696,-72.83842803318696
2401.070067329407,-72.84030376254836,-72.84030376254836
2401.0800673294066,-72.84217357040897,-72.84217357040897
2401.090067329407,-72.84403766482255,-72.84403766482255
2401.1000673294066,-72.845896251648,-72.845896251648
2401.110067329407,-72.84774953453511,-72.84774953453511
2401.1200673294065,-72.84959771495274,-72.84959771495274
2401.1300673294068,-72.85144099216545,-72.85144099216545
2401.1400673294065,-72.85327956325067,-72.85327956325067
2401.1500673294067,-72.85511362308733,-72.85511362308733
2401.160067329407,-72.85694336435735,-72.85694336435735
2401.1700673294067,-72.8587689775532,-72.8587689775532
2401.180067329407,-72.86059065095974,-72.86059065095974
2401.1900673294067,-72.8624085706785,-72.8624085706785
2401.200067329407,-72.86422292059926,-72.86422292059926
2401.2100673294067,-72.86602752937424,-72.86602752937424
2401.220067329407,-72.86781979487425,-72.86781979487425
2401.2300673294067,-72.86959854047443,-72.86959854047443
2401.240067329407,-72.87136324823759,-72.87136324823759
2401.2500673532486,-72.87311377048371,-72.87311377048371
2401.260067353249,-72.87485016109359,-72.87485016109359
2401.2700673532486,-72.87657261157504,-72.87657261157504
2401.280067353249,-72.8782813807359,-72.8782813807359
2401.2900673532486,-72.87997676668334,-72.87997676668334
2401.300067353249,-72.88165908753675,-72.88165908753675
2401.3100673532485,-72.88332866988847,-72.88332866988847
2401.3200673532488,-72.88498584205571,-72.88498584205571
2401.3300673532485,-72.88663093019278,-72.88663093019278
2401.3400673532487,-72.88826425615953,-72.88826425615953
2401.3500673532485,-72.88988613647314,-72.88988613647314
2401.3600673532487,-72.89149688186603,-72.89149688186603
2401.3700673532485,-72.89309679723104,-72.89309679723104
2401.3800673532487,-72.89468618177132,-72.89468618177132
2401.3900673532485,-72.89626532923732,-72.89626532923732
2401.4000673532487,-72.89783452822378,-72.89783452822378
2401.4100673532485,-72.89939406247413,-72.89939406247413
2401.4200673532487,-72.90094421115923,-72.90094421115923
2401.4300673532484,-72.90248524915063,-72.90248524915063
2401.4400673532487,-72.90401744726752,-72.90401744726752
2401.4500673532484,-72.90554107248806,-72.90554107248806
2401.4600673532486,-72.90705003233558,-72.90705003233558
2401.4700673532484,-72.90854180445031,-72.90854180445031
2401.4800673532486,-72.91001529161693,-72.91001529161693
2401.4900673532484,-72.91147005462872,-72.91147005462872
2401.5000673532486,-72.91290601961218,-72.91290601961218
2401.510067353249,-72.91432332605099,-72.91432332605099
2401.5200673532486,-72.91572223769809,-72.91572223769809
2401.530067353249,-72.91710308908822,-72.91710308908822
2401.5400673532486,-72.918466253383,-72.918466253383
2401.550067353249,-72.91981212303776,-72.91981212303776
2401.5600673532485,-72.92114109836186,-72.92114109836186
2401.5700673532488,-72.92245358074055,-72.92245358074055
2401.5800673532485,-72.92374996878509,-72.92374996878509
2401.5900673532487,-72.92503065620257,-72.92503065620257
2401.6000673532485,-72.92629603076563,-72.92629603076563
2401.6100673532487,-72.92754647388584,-72.92754647388584
2401.6200673532485,-72.92878236056085,-72.92878236056085
2401.6300673532487,-72.9300040595105,-72.9300040595105
2401.6400673532485,-72.93121193344393,-72.93121193344393
2401.6500673532487,-72.93240633933326,-72.93240633933326
2401.6600673532485,-72.93358762874249,-72.93358762874249
2401.6700673532487,-72.93475614808835,-72.93475614808835
2401.6800673532484,-72.93591223892389,-72.93591223892389
2401.6900673532487,-72.93705623816346,-72.93705623816346
2401.7000673532484,-72.9381884782915,-72.9381884782915
2401.7100673532486,-72.93930928755815,-72.93930928755815
2401.7200673532484,-72.94041899012203,-72.94041899012203
2401.7300673532486,-72.94151790618805,-72.94151790618805
2401.7400673532484,-72.94260635214222,-72.94260635214222
2401.7500673532486,-72.94368464060395,-72.94368464060395
2401.760067353249,-72.94475308054403,-72.94475308054403
2401.7700673532486,-72.9458119773476,-72.9458119773476
2401.780067353249,-72.94686163285063,-72.94686163285063
2401.7900673532486,-72.94790234542184,-72.94790234542184
2401.800067353249,-72.94893440997217,-72.94893440997217
2401.8100673532485,-72.94995811800939,-72.94995811800939
2401.8200673532488,-72.9509737576642,-72.9509737576642
2401.8300673532485,-72.95198161370533,-72.95198161370533
2401.8400673532487,-72.95298196757344,-72.95298196757344
2401.8500673532485,-72.95397509739152,-72.95397509739152
2401.8600673532487,-72.95496127798879,-72.95496127798879
2401.8700673532485,-72.9559407809167,-72.9559407809167
2401.8800673532487,-72.95691387444236,-72.95691387444236
2401.8900673532485,-72.95788082360274,-72.95788082360274
2401.9000673532487,-72.95884189016624,-72.95884189016624
2401.9100673532485,-72.95979733269954,-72.95979733269954
2401.9200673532487,-72.9607474065225,-72.9607474065225
2401.9300673532484,-72.96169236376362,-72.96169236376362
2401.9400673532487,-72.96263245334815,-72.96263245334815
2401.9500673532484,-72.96356792102887,-72.96356792102887
2401.9600673532486,-72.96449900938609,-72.96449900938609
2401.9700673532484,-72.96542595784166,-72.96542595784166
2401.9800673532486,-72.96634900267676,-72.96634900267676
2401.9900673532484,-72.96726837704315,-72.96726837704315
2402.0000673532486,-72.9681843109788,-72.9681843109788
2402.010067353249,-72.96909703141557,-72.96909703141557
2402.0200673532486,-72.97000676221967,-72.97000676221967
2402.030067353249,-72.97091372417049,-72.97091372417049
2402.0400673532486,-72.97181813501295,-72.97181813501295
2402.050067353249,-72.97272020945363,-72.97272020945363
2402.0600673532485,-72.97362015918607,-72.97362015918607
2402.0700673532488,-72.9745181929046,-72.9745181929046
2402.0800673532485,-72.97541451633657,-72.97541451633657
2402.0900673532487,-72.9763093322483,-72.9763093322483
2402.1000673770905,-72.97720284259312,-72.97720284259312
2402.1100673770907,-72.97809524002706,-72.97809524002706
2402.1200673770904,-72.97898672070278,-72.97898672070278
2402.1300673770907,-72.97987747576703,-72.97987747576703
2402.1400673770904,-72.98076769351364,-72.98076769351364
2402.1500673770906,-72.98165755941638,-72.98165755941638
2402.1600673770904,-72.98254725613128,-72.98254725613128
2402.1700673770906,-72.98343696354318,-72.98343696354318
2402.1800673770904,-72.98432685877874,-72.98432685877874
2402.1900673770906,-72.98521711621616,-72.98521711621616
2402.2000673770904,-72.98610790754567,-72.98610790754567
2402.2100673770906,-72.98699940174663,-72.98699940174663
2402.2200673770903,-72.98789176514578,-72.98789176514578
2402.2300673770906,-72.98875295863765,-72.98875295863765
2402.2400673770903,-72.9895745096992,-72.9895745096992
2402.2500673770905,-72.9903528066883,-72.9903528066883
2402.2600673770903,-72.99108490353201,-72.99108490353201
2402.2700673770905,-72.99176798198154,-72.99176798198154
2402.2800673770903,-72.9923994009377,-72.9923994009377
2402.2900673770905,-72.99297677441152,-72.99297677441152
2402.3000673770903,-72.99349800752515,-72.99349800752515
2402.3100673770905,-72.99396129962396,-72.99396129962396
2402.3200673770903,-72.99436512926795,-72.99436512926795
2402.3300673770905,-72.99470823107943,-72.99470823107943
2402.3400673770902,-72.99498957008643,-72.99498957008643
2402.3500673770905,-72.9952083165691,-72.9952083165691
2402.3600673770907,-72.99536382275139,-72.99536382275139
2402.3700673770904,-72.99545560185136,-72.99545560185136
2402.3800673770907,-72.99548330960712,-72.99548330960712
2402.3900673770904,-72.99544672811894,-72.99544672811894
2402.4000673770906,-72.995345751717,-72.995345751717
2402.4100673770904,-72.99518037471675,-72.99518037471675
2402.4200673770906,-72.99495068069737,-72.99495068069737
2402.4300673770904,-72.99465683312502,-72.99465683312502
2402.4400673770906,-72.99429906714205,-72.99429906714205
2402.4500673770904,-72.99387768230164,-72.99387768230164
2402.4600673770906,-72.99339303618268,-72.99339303618268
2402.4700673770903,-72.99284553865436,-72.99284553865436
2402.4800673770906,-72.99223564677753,-72.99223564677753
2402.4900673770903,-72.99156386025707,-72.99156386025707
2402.5000673770905,-72.99083071730539,-72.99083071730539
2402.5100673770903,-72.99003679091913,-72.99003679091913
2402.5200673770905,-72.98918268551263,-72.98918268551263
2402.5300673770903,-72.98826903383724,-72.98826903383724
2402.5400673770905,-72.98729649417106,-72.98729649417106
2402.5500673770903,-72.98626574777666,-72.98626574777666
2402.5600673770905,-72.98517749651262,-72.98517749651262
2402.5700673770903,-72.98403246069957,-72.98403246069957
2402.5800673770905,-72.98283137711839,-72.98283137711839
2402.5900673770902,-72.98157499716517,-72.98157499716517
2402.6000673770905,-72.98026408517042,-72.98026408517042
2402.6100673770907,-72.97889941682445,-72.97889941682445
2402.6200673770904,-72.97748177772887,-72.97748177772887
2402.6300673770907,-72.97601196204687,-72.97601196204687
2402.6400673770904,-72.97449077128132,-72.97449077128132
2402.6500673770906,-72.97291901307187,-72.97291901307187
2402.6600673770904,-72.97129750019012,-72.97129750019012
2402.6700673770906,-72.96962704948167,-72.96962704948167
2402.6800673770904,-72.96790848098586,-72.96790848098586
2402.6900673770906,-72.96614261705635,-72.96614261705635
2402.7000673770904,-72.96433028157637,-72.96433028157637
2402.7100673770906,-72.96247229921941,-72.96247229921941
2402.7200673770903,-72.96056949475717,-72.96056949475717
2402.7300673770906,-72.95862269242308,-72.95862269242308
2402.7400673770903,-72.95663271532656,-72.95663271532656
2402.7500673770905,-72.95460038489988,-72.95460038489988
2402.7600673770903,-72.95252652039288,-72.95252652039288
2402.7700673770905,-72.9504119383985,-72.9504119383985
2402.7800673770903,-72.9482574524227,-72.9482574524227
2402.7900673770905,-72.94606387247389,-72.94606387247389
2402.8000673770903,-72.94383200467757,-72.94383200467757
2402.8100673770905,-72.94156265096099,-72.94156265096099
2402.8200673770903,-72.93925660869982,-72.93925660869982
2402.8300673770905,-72.93691467045431,-72.93691467045431
2402.8400673770902,-72.93453762368468,-72.93453762368468
2402.8500673770905,-72.93212625049054,-72.93212625049054
2402.8600673770907,-72.92968132739641,-72.92968132739641
2402.8700673770904,-72.9272036251416,-72.9272036251416
2402.8800673770907,-72.92469390848304,-72.92469390848304
2402.8900673770904,-72.92215293602138,-72.92215293602138
2402.9000673770906,-72.91958146003674,-72.91958146003674
2402.9100673770904,-72.91698022636058,-72.91698022636058
2402.9200673770906,-72.91434997421156,-72.91434997421156
2402.9300673770904,-72.91169143611835,-72.91169143611835
2402.9400673770906,-72.90900533777751,-72.90900533777751
2402.9500674009323,-72.90629239152062,-72.90629239152062
2402.9600674009325,-72.90355332198787,-72.90355332198787
2402.9700674009323,-72.9007888275294,-72.9007888275294
2402.9800674009325,-72.89799960573048,-72.89799960573048
2402.9900674009323,-72.89518634698787,-72.89518634698787
2403.0000674009325,-72.8923497344464,-72.8923497344464
2403.0100674009323,-72.88949044399442,-72.88949044399442
2403.0200674009325,-72.88660914419309,-72.88660914419309
2403.0300674009322,-72.88370649627542,-72.88370649627542
2403.0400674009325,-72.88078315410654,-72.88078315410654
2403.050067400932,-72.87783976418321,-72.87783976418321
2403.0600674009324,-72.87487696561627,-72.87487696561627
2403.070067400932,-72.8718953901462,-72.8718953901462
2403.0800674009324,-72.8688956621098,-72.8688956621098
2403.090067400932,-72.86587839849412,-72.86587839849412
2403.1000674009324,-72.86284420890014,-72.86284420890014
2403.110067400932,-72.85979369558717,-72.85979369558717
2403.1200674009324,-72.85672745347468,-72.85672745347468
2403.130067400932,-72.85364607018603,-72.85364607018603
2403.1400674009324,-72.85055012605102,-72.85055012605102
2403.150067400932,-72.84744019414141,-72.84744019414141
2403.1600674009323,-72.84431684030027,-72.84431684030027
2403.170067400932,-72.84118062318728,-72.84118062318728
2403.1800674009323,-72.83803209429693,-72.83803209429693
2403.190067400932,-72.83487179801344,-72.83487179801344
2403.2000674009323,-72.83170027164039,-72.83170027164039
2403.2100674009325,-72.82851804544164,-72.82851804544164
2403.2200674009323,-72.82532564269452,-72.82532564269452
2403.2300674009325,-72.82212357973516,-72.82212357973516
2403.2400674009323,-72.81891236599012,-72.81891236599012
2403.2500674009325,-72.81569250405106,-72.81569250405106
2403.2600674009323,-72.81246448970893,-72.81246448970893
2403.2700674009325,-72.80922881199622,-72.80922881199622
2403.2800674009322,-72.8059859532684,-72.8059859532684
2403.2900674009325,-72.80273638922174,-72.80273638922174
2403.300067400932,-72.7994805889877,-72.7994805889877
2403.3100674009324,-72.79621901514913,-72.79621901514913
2403.320067400932,-72.7929521238231,-72.7929521238231
2403.3300674009324,-72.7896803647024,-72.7896803647024
2403.340067400932,-72.78640418112352,-72.78640418112352
2403.3500674009324,-72.78312401012062,-72.78312401012062
2403.360067400932,-72.77984028248285,-72.77984028248285
2403.3700674009324,-72.7765534228051,-72.7765534228051
2403.380067400932,-72.77326384957863,-72.77326384957863
2403.3900674009324,-72.76997197519398,-72.76997197519398
2403.400067400932,-72.76667820606163,-72.76667820606163
2403.4100674009323,-72.7633829426253,-72.7633829426253
2403.420067400932,-72.76008657946026,-72.76008657946026
2403.4300674009323,-72.75678950528587,-72.75678950528587
2403.440067400932,-72.75349210308106,-72.75349210308106
2403.4500674009323,-72.75019475009506,-72.75019475009506
2403.4600674009325,-72.74689147716312,-72.74689147716312
2403.4700674009323,-72.7435798780071,-72.7435798780071
2403.4800674009325,-72.74025896834743,-72.74025896834743
2403.4900674009323,-72.73692841998957,-72.73692841998957
2403.5000674009325,-72.73358826825925,-72.73358826825925
2403.5100674009323,-72.73023875988513,-72.73023875988513
2403.5200674009325,-72.72688026368358,-72.72688026368358
2403.5300674009322,-72.72351321690373,-72.72351321690373
2403.5400674009325,-72.7201380928478,-72.7201380928478
2403.550067400932,-72.71675538154273,-72.71675538154273
2403.5600674009324,-72.71336557813403,-72.71336557813403
2403.570067400932,-72.70996917617018,-72.70996917617018
2403.5800674009324,-72.70656666372302,-72.70656666372302
2403.590067400932,-72.70315852130663,-72.70315852130663
2403.6000674009324,-72.69974522087213,-72.69974522087213
2403.610067400932,-72.69632722545897,-72.69632722545897
2403.6200674009324,-72.69290498916922,-72.69290498916922
2403.630067400932,-72.68947895740367,-72.68947895740367
2403.6400674009324,-72.68604956716082,-72.68604956716082
2403.650067400932,-72.68261724740998,-72.68261724740998
2403.6600674009323,-72.67918241944531,-72.67918241944531
2403.670067400932,-72.67574549724621,-72.67574549724621
2403.6800674009323,-72.67230688780191,-72.67230688780191
2403.690067400932,-72.66886699141692,-72.66886699141692
2403.7000674009323,-72.66542620196921,-72.66542620196921
2403.7100674009325,-72.66198490716734,-72.66198490716734
2403.7200674009323,-72.65854348874726,-72.65854348874726
2403.7300674009325,-72.65510232266138,-72.65510232266138
2403.7400674009323,-72.65166177927314,-72.65166177927314
2403.7500674009325,-72.64822222346052,-72.64822222346052
2403.7600674009323,-72.64478401477992,-72.64478401477992
2403.7700674009325,-72.64134750757296,-72.64134750757296
2403.7800674009322,-72.63791305107952,-72.63791305107952
2403.7900674009325,-72.63448098949864,-72.63448098949864
2403.800067424774,-72.63105165393799,-72.63105165393799
2403.8100674247744,-72.62762539515997,-72.62762539515997
2403.820067424774,-72.6242025346269,-72.6242025346269
2403.8300674247744,-72.62078339722953,-72.62078339722953
2403.840067424774,-72.61736830319897,-72.61736830319897
2403.8500674247744,-72.61395756816793,-72.61395756816793
2403.860067424774,-72.61055150319524,-72.61055150319524
2403.8700674247743,-72.60715041482607,-72.60715041482607
2403.880067424774,-72.60375460514959,-72.60375460514959
2403.8900674247743,-72.60036437183219,-72.60036437183219
2403.900067424774,-72.5969800081625,-72.5969800081625
2403.9100674247743,-72.5936018030882,-72.5936018030882
2403.920067424774,-72.59023004126826,-72.59023004126826
2403.9300674247743,-72.58686500310026,-72.58686500310026
2403.940067424774,-72.58350696476077,-72.58350696476077
2403.9500674247743,-72.58015619824994,-72.58015619824994
2403.960067424774,-72.57681297142487,-72.57681297142487
2403.9700674247742,-72.57347754803288,-72.57347754803288
2403.980067424774,-72.57015018776247,-72.57015018776247
2403.990067424774,-72.5668311462636,-72.5668311462636
2404.000067424774,-72.5635206751816,-72.5635206751816
2404.010067424774,-72.56021902222302,-72.56021902222302
2404.020067424774,-72.55692643115626,-72.55692643115626
2404.030067424774,-72.55364314186473,-72.55364314186473
2404.040067424774,-72.55036939037828,-72.55036939037828
2404.050067424774,-72.54710540891466,-72.54710540891466
2404.0600674247744,-72.54385142591971,-72.54385142591971
2404.070067424774,-72.54060766608679,-72.54060766608679
2404.0800674247744,-72.53737435040536,-72.53737435040536
2404.090067424774,-72.53415169619466,-72.53415169619466
2404.1000674247744,-72.53093991712969,-72.53093991712969
2404.110067424774,-72.52773922330694,-72.52773922330694
2404.1200674247743,-72.52454982123727,-72.52454982123727
2404.130067424774,-72.52137191391799,-72.52137191391799
2404.1400674247743,-72.51820570085627,-72.51820570085627
2404.150067424774,-72.51505137810382,-72.51505137810382
2404.1600674247743,-72.51190913828044,-72.51190913828044
2404.170067424774,-72.5087791706346,-72.5087791706346
2404.1800674247743,-72.5056616610685,-72.5056616610685
2404.190067424774,-72.5025567921745,-72.5025567921745
2404.2000674247743,-72.49946474325161,-72.49946474325161
2404.210067424774,-72.49638569038349,-72.49638569038349
2404.2200674247742,-72.49331980642596,-72.49331980642596
2404.230067424774,-72.49026726108852,-72.49026726108852
2404.240067424774,-72.48722822091527,-72.48722822091527
2404.250067424774,-72.48420284939418,-72.48420284939418
2404.260067424774,-72.48119130690343,-72.48119130690343
2404.270067424774,-72.47819375082634,-72.47819375082634
2404.280067424774,-72.47521033553691,-72.47521033553691
2404.290067424774,-72.47224121245242,-72.47224121245242
2404.300067424774,-72.46928653007168,-72.46928653007168
2404.3100674247744,-72.46634643397898,-72.46634643397898
2404.320067424774,-72.46342106694033,-72.46342106694033
2404.3300674247744,-72.4605105688583,-72.4605105688583
2404.340067424774,-72.45761507687162,-72.45761507687162
2404.3500674247744,-72.45473472536139,-72.45473472536139
2404.360067424774,-72.45186964597494,-72.45186964597494
2404.3700674247743,-72.44901996767584,-72.44901996767584
2404.380067424774,-72.44618581677427,-72.44618581677427
2404.3900674247743,-72.44336731695324,-72.44336731695324
2404.400067424774,-72.4405645893089,-72.4405645893089
2404.4100674247743,-72.43777775236704,-72.43777775236704
2404.420067424774,-72.43500692213244,-72.43500692213244
2404.4300674247743,-72.43225221211138,-72.43225221211138
2404.440067424774,-72.4295137333584,-72.4295137333584
2404.4500674247743,-72.42679159447152,-72.42679159447152
2404.460067424774,-72.42408590166947,-72.42408590166947
2404.4700674247742,-72.42139675877978,-72.42139675877978
2404.480067424774,-72.41872426730524,-72.41872426730524
2404.490067424774,-72.41606852642664,-72.41606852642664
2404.500067424774,-72.41342963304587,-72.41342963304587
2404.510067424774,-72.41080768180643,-72.41080768180643
2404.520067424774,-72.40820276514383,-72.40820276514383
2404.530067424774,-72.40561497329176,-72.40561497329176
2404.540067424774,-72.40304439431772,-72.40304439431772
2404.550067424774,-72.40049111416198,-72.40049111416198
2404.5600674247744,-72.39795521663788,-72.39795521663788
2404.570067424774,-72.39543678349337,-72.39543678349337
2404.5800674247744,-72.39293589442555,-72.39293589442555
2404.590067424774,-72.3904526271035,-72.3904526271035
2404.6000674247744,-72.38798705718852,-72.38798705718852
2404.610067424774,-72.38553925838856,-72.38553925838856
2404.6200674247743,-72.38310930244837,-72.38310930244837
2404.630067424774,-72.38069725920732,-72.38069725920732
2404.6400674247743,-72.37830319661407,-72.37830319661407
2404.650067448616,-72.37592717508564,-72.37592717508564
2404.6600674486162,-72.37356927022307,-72.37356927022307
2404.670067448616,-72.37122953872921,-72.37122953872921
2404.6800674486162,-72.36890804123489,-72.36890804123489
2404.690067448616,-72.36660483661277,-72.36660483661277
2404.700067448616,-72.36431998197635,-72.36431998197635
2404.710067448616,-72.36204722389004,-72.36204722389004
2404.720067448616,-72.35978385679812,-72.35978385679812
2404.730067448616,-72.35752859356326,-72.35752859356326
2404.740067448616,-72.35528080356083,-72.35528080356083
2404.750067448616,-72.35304022158086,-72.35304022158086
2404.760067448616,-72.35080679645687,-72.35080679645687
2404.770067448616,-72.34858060216071,-72.34858060216071
2404.780067448616,-72.3463617843676,-72.3463617843676
2404.790067448616,-72.3441505282397,-72.3441505282397
2404.800067448616,-72.34194703908729,-72.34194703908729
2404.810067448616,-72.33975153087707,-72.33975153087707
2404.820067448616,-72.33756421942729,-72.33756421942729
2404.830067448616,-72.33538531857879,-72.33538531857879
2404.840067448616,-72.3332150380608,-72.3332150380608
2404.850067448616,-72.3310535824698,-72.3310535824698
2404.860067448616,-72.32890115085894,-72.32890115085894
2404.870067448616,-72.32675793674383,-72.32675793674383
2404.880067448616,-72.32462412823216,-72.32462412823216
2404.890067448616,-72.32249990833293,-72.32249990833293
2404.900067448616,-72.32038545527035,-72.32038545527035
2404.9100674486162,-72.31828094282953,-72.31828094282953
2404.920067448616,-72.31618654064907,-72.31618654064907
2404.9300674486162,-72.31410241454569,-72.31410241454569
2404.940067448616,-72.3120287267443,-72.3120287267443
2404.950067448616,-72.3099656361412,-72.3099656361412
2404.960067448616,-72.30791329850643,-72.30791329850643
2404.970067448616,-72.30587186664458,-72.30587186664458
2404.980067448616,-72.3038414905734,-72.3038414905734
2404.990067448616,-72.30182231763884,-72.30182231763884
2405.000067448616,-72.29981449264353,-72.29981449264353
2405.010067448616,-72.29781815792556,-72.29781815792556
2405.020067448616,-72.29583345348217,-72.29583345348217
2405.030067448616,-72.2938605169856,-72.2938605169856
2405.040067448616,-72.29189948389173,-72.29189948389173
2405.050067448616,-72.28995048746054,-72.28995048746054
2405.060067448616,-72.28801365883598,-72.28801365883598
2405.070067448616,-72.2860891270259,-72.2860891270259
2405.080067448616,-72.28417701900403,-72.28417701900403
2405.090067448616,-72.28227745968688,-72.28227745968688
2405.100067448616,-72.28039057198338,-72.28039057198338
2405.110067448616,-72.27851647679543,-72.27851647679543
2405.120067448616,-72.27665529306188,-72.27665529306188
2405.130067448616,-72.27480713777041,-72.27480713777041
2405.140067448616,-72.27297212595484,-72.27297212595484
2405.150067448616,-72.27115037071034,-72.27115037071034
2405.1600674486162,-72.26934198323252,-72.26934198323252
2405.170067448616,-72.26754707280601,-72.26754707280601
2405.1800674486162,-72.26576574681438,-72.26576574681438
2405.190067448616,-72.26399811076583,-72.26399811076583
2405.200067448616,-72.26224426827588,-72.26224426827588
2405.210067448616,-72.26049802118096,-72.26049802118096
2405.220067448616,-72.25875671381702,-72.25875671381702
2405.230067448616,-72.25701910658012,-72.25701910658012
2405.240067448616,-72.25528461509889,-72.25528461509889
2405.250067448616,-72.25355301961702,-72.25355301961702
2405.260067448616,-72.25182431383394,-72.25182431383394
2405.270067448616,-72.25009861616337,-72.25009861616337
2405.280067448616,-72.24837611637906,-72.24837611637906
2405.290067448616,-72.24665704345813,-72.24665704345813
2405.300067448616,-72.24494164628872,-72.24494164628872
2405.310067448616,-72.24323018215692,-72.24323018215692
2405.320067448616,-72.24152290998643,-72.24152290998643
2405.330067448616,-72.23982008646269,-72.23982008646269
2405.340067448616,-72.2381219639303,-72.2381219639303
2405.350067448616,-72.23642878934966,-72.23642878934966
2405.360067448616,-72.2347408038812,-72.2347408038812
2405.370067448616,-72.23305824285329,-72.23305824285329
2405.380067448616,-72.2313813359174,-72.2313813359174
2405.390067448616,-72.229710307339,-72.229710307339
2405.400067448616,-72.2280453762853,-72.2280453762853
2405.4100674486162,-72.22638675718908,-72.22638675718908
2405.420067448616,-72.22473466001291,-72.22473466001291
2405.4300674486162,-72.22308929054807,-72.22308929054807
2405.440067448616,-72.22145085069776,-72.22145085069776
2405.450067448616,-72.21981953866772,-72.21981953866772
2405.460067448616,-72.21819554919823,-72.21819554919823
2405.470067448616,-72.21657907371544,-72.21657907371544
2405.480067448616,-72.21497030050199,-72.21497030050199
2405.490067448616,-72.21336941481381,-72.21336941481381
2405.500067472458,-72.21177659518537,-72.21177659518537
2405.510067472458,-72.21019202874972,-72.21019202874972
2405.520067472458,-72.20861588847846,-72.20861588847846
2405.530067472458,-72.20704834847187,-72.20704834847187
2405.540067472458,-72.2054895802492,-72.2054895802492
2405.550067472458,-72.20393975274253,-72.20393975274253
2405.560067472458,-72.2023990323883,-72.2023990323883
2405.570067472458,-72.20086758312121,-72.20086758312121
2405.580067472458,-72.19934556644114,-72.19934556644114
2405.590067472458,-72.19783314143292,-72.19783314143292
2405.600067472458,-72.19633046477296,-72.19633046477296
2405.610067472458,-72.19483769077479,-72.19483769077479
2405.620067472458,-72.19335497139707,-72.19335497139707
2405.630067472458,-72.1918824562546,-72.1918824562546
2405.6400674724578,-72.19042029264692,-72.19042029264692
2405.650067472458,-72.18896862555046,-72.18896862555046
2405.6600674724577,-72.18752759767271,-72.18752759767271
2405.670067472458,-72.18609734941272,-72.18609734941272
2405.6800674724577,-72.18467801892598,-72.18467801892598
2405.690067472458,-72.18326974209951,-72.18326974209951
2405.7000674724577,-72.18187265257434,-72.18187265257434
2405.710067472458,-72.18048688175332,-72.18048688175332
2405.7200674724577,-72.17911255884343,-72.17911255884343
2405.730067472458,-72.17774981080878,-72.17774981080878
2405.7400674724577,-72.17639876243831,-72.17639876243831
2405.750067472458,-72.17505953633332,-72.17505953633332
2405.760067472458,-72.17373225291257,-72.17373225291257
2405.770067472458,-72.17241703044824,-72.17241703044824
2405.780067472458,-72.17111398505209,-72.17111398505209
2405.790067472458,-72.16982323071383,-72.16982323071383
2405.800067472458,-72.16854487928805,-72.16854487928805
2405.810067472458,-72.16727904054189,-72.16727904054189
2405.820067472458,-72.16602582214126,-72.16602582214126
2405.830067472458,-72.16478532966141,-72.16478532966141
2405.840067472458,-72.16355766663766,-72.16355766663766
2405.850067472458,-72.16234293454556,-72.16234293454556
2405.860067472458,-72.1611412328296,-72.1611412328296
2405.870067472458,-72.1599526589077,-72.1599526589077
2405.880067472458,-72.15877730821626,-72.15877730821626
2405.8900674724578,-72.15761527419818,-72.15761527419818
2405.900067472458,-72.1564666483228,-72.1564666483228
2405.9100674724577,-72.15533152011204,-72.15533152011204
2405.920067472458,-72.15420997715134,-72.15420997715134
2405.9300674724577,-72.15310210512278,-72.15310210512278
2405.940067472458,-72.15200798779097,-72.15200798779097
2405.9500674724577,-72.15092770704248,-72.15092770704248
2405.960067472458,-72.1498613428957,-72.1498613428957
2405.9700674724577,-72.1488089735438,-72.1488089735438
2405.980067472458,-72.1477706753248,-72.1477706753248
2405.9900674724577,-72.14674652278562,-72.14674652278562
2406.000067472458,-72.14573658866304,-72.14573658866304
2406.010067472458,-72.14474094393461,-72.14474094393461
2406.020067472458,-72.14375965781842,-72.14375965781842
2406.030067472458,-72.14279279779105,-72.14279279779105
2406.040067472458,-72.14184042962171,-72.14184042962171
2406.050067472458,-72.14090261736591,-72.14090261736591
2406.060067472458,-72.13997942340517,-72.13997942340517
2406.070067472458,-72.13907090845888,-72.13907090845888
2406.080067472458,-72.13817713160635,-72.13817713160635
2406.090067472458,-72.13729815030044,-72.13729815030044
2406.100067472458,-72.13643402038244,-72.13643402038244
2406.110067472458,-72.13558479611618,-72.13558479611618
2406.120067472458,-72.13475053018863,-72.13475053018863
2406.130067472458,-72.13393127373983,-72.13393127373983
2406.1400674724578,-72.13312707638941,-72.13312707638941
2406.150067472458,-72.13233798622562,-72.13233798622562
2406.1600674724577,-72.13156404985583,-72.13156404985583
2406.170067472458,-72.13080531241128,-72.13080531241128
2406.1800674724577,-72.13006181755982,-72.13006181755982
2406.190067472458,-72.1293336075391,-72.1293336075391
2406.2000674724577,-72.12862072316855,-72.12862072316855
2406.210067472458,-72.12792320385178,-72.12792320385178
2406.2200674724577,-72.12724108762268,-72.12724108762268
2406.230067472458,-72.12657441114466,-72.12657441114466
2406.2400674724577,-72.12592320972546,-72.12592320972546
2406.250067472458,-72.1252875173616,-72.1252875173616
2406.260067472458,-72.12466736672599,-72.12466736672599
2406.270067472458,-72.12406278919757,-72.12406278919757
2406.280067472458,-72.12347381487913,-72.12347381487913
2406.290067472458,-72.12290047261156,-72.12290047261156
2406.300067472458,-72.12234278999517,-72.12234278999517
2406.310067472458,-72.12180079340403,-72.12180079340403
2406.320067472458,-72.12127450800885,-72.12127450800885
2406.330067472458,-72.12076395779188,-72.12076395779188
2406.340067472458,-72.12026916555077,-72.12026916555077
2406.3500674962997,-72.11979015178551,-72.11979015178551
2406.3600674963,-72.11932693932378,-72.11932693932378
2406.3700674962997,-72.11887954635196,-72.11887954635196
2406.3800674963,-72.11844799113835,-72.11844799113835
2406.3900674962997,-72.11803229086208,-72.11803229086208
2406.4000674963,-72.11763246162346,-72.11763246162346
2406.4100674962997,-72.1172485184541,-72.1172485184541
2406.4200674963,-72.11688047533444,-72.11688047533444
2406.4300674962997,-72.1165283452285,-72.1165283452285
2406.4400674963,-72.11619214008482,-72.11619214008482
2406.4500674962997,-72.11587187084007,-72.11587187084007
2406.4600674963,-72.11556754745361,-72.11556754745361
2406.4700674962996,-72.11527917891286,-72.11527917891286
2406.4800674963,-72.11500677324564,-72.11500677324564
2406.4900674962996,-72.1147503375316,-72.1147503375316
2406.5000674963,-72.1145098779496,-72.1145098779496
2406.5100674962996,-72.11428539974229,-72.11428539974229
2406.5200674963,-72.11407690725036,-72.11407690725036
2406.5300674962996,-72.11388440394897,-72.11388440394897
2406.5400674963,-72.11370789242581,-72.11370789242581
2406.5500674962996,-72.11354737441532,-72.11354737441532
2406.5600674963,-72.11340285080679,-72.11340285080679
2406.5700674962995,-72.11327432166193,-72.11327432166193
2406.5800674962998,-72.11316178621765,-72.11316178621765
2406.5900674962995,-72.1130652429108,-72.1130652429108
2406.6000674962997,-72.1129846893852,-72.1129846893852
2406.6100674963,-72.1129201224963,-72.1129201224963
2406.6200674962997,-72.11287153834225,-72.11287153834225
2406.6300674963,-72.11283893226573,-72.11283893226573
2406.6400674962997,-72.11282229886103,-72.11282229886103
2406.6500674963,-72.11282163199259,-72.11282163199259
2406.6600674962997,-72.11283692480778,-72.11283692480778
2406.6700674963,-72.11286816974285,-72.11286816974285
2406.6800674962997,-72.11291535854127,-72.11291535854127
2406.6900674963,-72.11297848225676,-72.11297848225676
2406.7000674962997,-72.11305753128146,-72.11305753128146
2406.7100674963,-72.11315249533114,-72.11315249533114
2406.7200674962996,-72.11326336348534,-72.11326336348534
2406.7300674963,-72.11339012417172,-72.11339012417172
2406.7400674962996,-72.11353276519672,-72.11353276519672
2406.7500674963,-72.11369127372909,-72.11369127372909
2406.7600674962996,-72.11386563635554,-72.11386563635554
2406.7700674963,-72.11405583904948,-72.11405583904948
2406.7800674962996,-72.1142618671926,-72.1142618671926
2406.7900674963,-72.11448370560963,-72.11448370560963
2406.8000674962996,-72.11472133852897,-72.11472133852897
2406.8100674963,-72.11497474963393,-72.11497474963393
2406.8200674962995,-72.1152439220699,-72.1152439220699
2406.8300674962998,-72.115528838422,-72.115528838422
2406.8400674962995,-72.11582948076115,-72.11582948076115
2406.8500674962997,-72.11614583063555,-72.11614583063555
2406.8600674963,-72.11647786907258,-72.11647786907258
2406.8700674962997,-72.11682557660657,-72.11682557660657
2406.8800674963,-72.11718893326959,-72.11718893326959
2406.8900674962997,-72.1175679186233,-72.1175679186233
2406.9000674963,-72.11796251173674,-72.11796251173674
2406.9100674962997,-72.11837269121945,-72.11837269121945
2406.9200674963,-72.11879843522324,-72.11879843522324
2406.9300674962997,-72.11923972145132,-72.11923972145132
2406.9400674963,-72.11969652715186,-72.11969652715186
2406.9500674962997,-72.12016882915513,-72.12016882915513
2406.9600674963,-72.12065660384778,-72.12065660384778
2406.9700674962996,-72.12115982720853,-72.12115982720853
2406.9800674963,-72.12167847480035,-72.12167847480035
2406.9900674962996,-72.12221252178317,-72.12221252178317
2407.0000674963,-72.12276194292323,-72.12276194292323
2407.0100674962996,-72.12332671259692,-72.12332671259692
2407.0200674963,-72.12390680479415,-72.12390680479415
2407.0300674962996,-72.12450219314302,-72.12450219314302
2407.0400674963,-72.12511285088884,-72.12511285088884
2407.0500674962996,-72.12573875092805,-72.12573875092805
2407.0600674963,-72.12637986580533,-72.12637986580533
2407.0700674962995,-72.12703616770817,-72.12703616770817
2407.0800674962998,-72.12770762849479,-72.12770762849479
2407.0900674962995,-72.12839421968644,-72.12839421968644
2407.1000674962997,-72.12909591247578,-72.12909591247578
2407.1100674963,-72.12981267774116,-72.12981267774116
2407.1200674962997,-72.13054448604186,-72.13054448604186
2407.1300674963,-72.13129130763127,-72.13129130763127
2407.1400674962997,-72.13205311245784,-72.13205311245784
2407.1500674963,-72.1328298701819,-72.1328298701819
2407.1600674962997,-72.13362155017344,-72.13362155017344
2407.1700674963,-72.1344281215091,-72.1344281215091
2407.1800674962997,-72.13524955299918,-72.13524955299918
2407.1900674963,-72.13608581317624,-72.13608581317624
2407.2000675201416,-72.13693687234297,-72.13693687234297
2407.210067520142,-72.13780269449589,-72.13780269449589
2407.2200675201416,-72.13868324935954,-72.13868324935954
2407.230067520142,-72.13957850444179,-72.13957850444179
2407.2400675201416,-72.14048842699809,-72.14048842699809
2407.250067520142,-72.14141298405673,-72.14141298405673
2407.2600675201415,-72.14235214239636,-72.14235214239636
2407.2700675201418,-72.14330586857193,-72.14330586857193
2407.2800675201415,-72.144274128922,-72.144274128922
2407.2900675201417,-72.14525688954942,-72.14525688954942
2407.3000675201415,-72.14625411636632,-72.14625411636632
2407.3100675201417,-72.14726577505087,-72.14726577505087
2407.3200675201415,-72.14829183109555,-72.14829183109555
2407.3300675201417,-72.14933224978029,-72.14933224978029
2407.3400675201415,-72.15038699619328,-72.15038699619328
2407.3500675201417,-72.15145603524229,-72.15145603524229
2407.3600675201415,-72.1525393316413,-72.1525393316413
2407.3700675201417,-72.15363684991067,-72.15363684991067
2407.3800675201414,-72.15474855440758,-72.15474855440758
2407.3900675201417,-72.15587440931169,-72.15587440931169
2407.4000675201414,-72.15701437863424,-72.15701437863424
2407.4100675201416,-72.15816842621753,-72.15816842621753
2407.4200675201414,-72.15933651575358,-72.15933651575358
2407.4300675201416,-72.16051861077159,-72.16051861077159
2407.4400675201414,-72.16171467463622,-72.16171467463622
2407.4500675201416,-72.16292467058143,-72.16292467058143
2407.460067520142,-72.16414856168255,-72.16414856168255
2407.4700675201416,-72.16538631088495,-72.16538631088495
2407.480067520142,-72.16663788098525,-72.16663788098525
2407.4900675201416,-72.16790323465524,-72.16790323465524
2407.500067520142,-72.16918233443137,-72.16918233443137
2407.5100675201415,-72.17047514272234,-72.17047514272234
2407.5200675201418,-72.17178162182206,-72.17178162182206
2407.5300675201415,-72.17310173389379,-72.17310173389379
2407.5400675201417,-72.17443544098647,-72.17443544098647
2407.5500675201415,-72.17578270504825,-72.17578270504825
2407.5600675201417,-72.17714348789568,-72.17714348789568
2407.5700675201415,-72.17851775126512,-72.17851775126512
2407.5800675201417,-72.17990545676548,-72.17990545676548
2407.5900675201415,-72.18130656592142,-72.18130656592142
2407.6000675201417,-72.18272104015297,-72.18272104015297
2407.6100675201415,-72.18414884078777,-72.18414884078777
2407.6200675201417,-72.18558992906763,-72.18558992906763
2407.6300675201414,-72.18704426614289,-72.18704426614289
2407.6400675201417,-72.1885118130738,-72.1885118130738
2407.6500675201414,-72.18999253085695,-72.18999253085695
2407.6600675201416,-72.19148638038456,-72.19148638038456
2407.6700675201414,-72.19299332248895,-72.19299332248895
2407.6800675201416,-72.19451331791811,-72.19451331791811
2407.6900675201414,-72.19604632736262,-72.19604632736262
2407.7000675201416,-72.19759231144052,-72.19759231144052
2407.710067520142,-72.19915123069798,-72.19915123069798
2407.7200675201416,-72.20072304563107,-72.20072304563107
2407.730067520142,-72.20230771665443,-72.20230771665443
2407.7400675201416,-72.20390520414406,-72.20390520414406
2407.750067520142,-72.20551546841439,-72.20551546841439
2407.7600675201415,-72.20713846972536,-72.20713846972536
2407.7700675201418,-72.20877416829015,-72.20877416829015
2407.7800675201415,-72.21042252427556,-72.21042252427556
2407.7900675201417,-72.21208349779641,-72.21208349779641
2407.8000675201415,-72.21375704892485,-72.21375704892485
2407.8100675201417,-72.21544313769002,-72.21544313769002
2407.8200675201415,-72.21714172410314,-72.21714172410314
2407.8300675201417,-72.2188527681005,-72.2188527681005
2407.8400675201415,-72.22057622962029,-72.22057622962029
2407.8500675201417,-72.22231206855474,-72.22231206855474
2407.8600675201415,-72.22406024475409,-72.22406024475409
2407.8700675201417,-72.2258207180589,-72.2258207180589
2407.8800675201414,-72.22759344827325,-72.22759344827325
2407.8900675201417,-72.22937839517846,-72.22937839517846
2407.9000675201414,-72.2311755185438,-72.2311755185438
2407.9100675201416,-72.23298477810279,-72.23298477810279
2407.9200675201414,-72.2348061335814,-72.2348061335814
2407.9300675201416,-72.23663954467898,-72.23663954467898
2407.9400675201414,-72.23848497109438,-72.23848497109438
2407.9500675201416,-72.24034237249923,-72.24034237249923
2407.960067520142,-72.2422054060722,-72.2422054060722
2407.9700675201416,-72.24407127052618,-72.24407127052618
2407.980067520142,-72.24593858097897,-72.24593858097897
2407.9900675201416,-72.24780660858771,-72.24780660858771
2408.000067520142,-72.24967499025627,-72.24967499025627
2408.0100675201415,-72.25154357780153,-72.25154357780153
2408.0200675201418,-72.2534123494362,-72.2534123494362
2408.0300675201415,-72.25528135660248,-72.25528135660248
2408.0400675201417,-72.25715069195886,-72.25715069195886
2408.0500675439835,-72.25902047461611,-72.25902047461611
2408.0600675439837,-72.26089082085478,-72.26089082085478
2408.0700675439834,-72.26276186410232,-72.26276186410232
2408.0800675439837,-72.26463373327034,-72.26463373327034
2408.0900675439834,-72.26650655507203,-72.26650655507203
2408.1000675439836,-72.26838045295605,-72.26838045295605
2408.1100675439834,-72.27025554668458,-72.27025554668458
2408.1200675439836,-72.27213195225328,-72.27213195225328
2408.1300675439834,-72.2740097820418,-72.2740097820418
2408.1400675439836,-72.2758891450411,-72.2758891450411
2408.1500675439834,-72.27777014716291,-72.27777014716291
2408.1600675439836,-72.27965289150507,-72.27965289150507
2408.1700675439834,-72.28153747864745,-72.28153747864745
2408.1800675439836,-72.28342400690755,-72.28342400690755
2408.1900675439833,-72.28531257255644,-72.28531257255644
2408.2000675439836,-72.28720327004591,-72.28720327004591
2408.2100675439833,-72.28909619217752,-72.28909619217752
2408.2200675439835,-72.29099143022457,-72.29099143022457
2408.2300675439833,-72.29288907409936,-72.29288907409936
2408.2400675439835,-72.294789212436,-72.294789212436
2408.2500675439833,-72.29669193266666,-72.29669193266666
2408.2600675439835,-72.29859732112429,-72.29859732112429
2408.2700675439833,-72.30050546308111,-72.30050546308111
2408.2800675439835,-72.30241644280757,-72.30241644280757
2408.2900675439832,-72.30433034358882,-72.30433034358882
2408.3000675439835,-72.30624724778161,-72.30624724778161
2408.3100675439837,-72.30816723682551,-72.30816723682551
2408.3200675439834,-72.31009039125901,-72.31009039125901
2408.3300675439837,-72.31201679071789,-72.31201679071789
2408.3400675439834,-72.31394651398192,-72.31394651398192
2408.3500675439836,-72.31587963893855,-72.31587963893855
2408.3600675439834,-72.31781624261639,-72.31781624261639
2408.3700675439836,-72.31975640116542,-72.31975640116542
2408.3800675439834,-72.32170018984837,-72.32170018984837
2408.3900675439836,-72.32364768308211,-72.32364768308211
2408.4000675439834,-72.32559895439113,-72.32559895439113
2408.4100675439836,-72.32755407641568,-72.32755407641568
2408.4200675439834,-72.32951312090209,-72.32951312090209
2408.4300675439836,-72.33147615869741,-72.33147615869741
2408.4400675439833,-72.33344325977401,-72.33344325977401
2408.4500675439836,-72.335414493177,-72.335414493177
2408.4600675439833,-72.33738992705192,-72.33738992705192
2408.4700675439835,-72.33936962861746,-72.33936962861746
2408.4800675439833,-72.34135366418506,-72.34135366418506
2408.4900675439835,-72.34334209912925,-72.34334209912925
2408.5000675439833,-72.34533499789588,-72.34533499789588
2408.5100675439835,-72.34733242400401,-72.34733242400401
2408.5200675439833,-72.34933444002665,-72.34933444002665
2408.5300675439835,-72.35134110760197,-72.35134110760197
2408.5400675439832,-72.3533524874121,-72.3533524874121
2408.5500675439835,-72.35536863920284,-72.35536863920284
2408.5600675439837,-72.35738962176288,-72.35738962176288
2408.5700675439834,-72.35941549293682,-72.35941549293682
2408.5800675439837,-72.36144630961746,-72.36144630961746
2408.5900675439834,-72.36348212773619,-72.36348212773619
2408.6000675439836,-72.3655230022871,-72.3655230022871
2408.6100675439834,-72.3675689872965,-72.3675689872965
2408.6200675439836,-72.36962013585511,-72.36962013585511
2408.6300675439834,-72.37167650008664,-72.37167650008664
2408.6400675439836,-72.3737381311718,-72.3737381311718
2408.6500675439834,-72.37580507935846,-72.37580507935846
2408.6600675439836,-72.37787739392682,-72.37787739392682
2408.6700675439834,-72.37995512323607,-72.37995512323607
2408.6800675439836,-72.38203831468887,-72.38203831468887
2408.6900675439833,-72.3841270147642,-72.3841270147642
2408.7000675439836,-72.38622126900412,-72.38622126900412
2408.7100675439833,-72.38832112203215,-72.38832112203215
2408.7200675439835,-72.39042661753473,-72.39042661753473
2408.7300675439833,-72.39253779829183,-72.39253779829183
2408.7400675439835,-72.39465470616409,-72.39465470616409
2408.7500675439833,-72.39677738210884,-72.39677738210884
2408.7600675439835,-72.39890586617574,-72.39890586617574
2408.7700675439833,-72.40104019751686,-72.40104019751686
2408.7800675439835,-72.40318041439555,-72.40318041439555
2408.7900675439832,-72.40532655419518,-72.40532655419518
2408.8000675439835,-72.40747865341761,-72.40747865341761
2408.8100675439837,-72.40963674768051,-72.40963674768051
2408.8200675439834,-72.41180087176204,-72.41180087176204
2408.8300675439837,-72.41397105955966,-72.41397105955966
2408.8400675439834,-72.41614734412357,-72.41614734412357
2408.8500675439836,-72.41832975767375,-72.41832975767375
2408.8600675439834,-72.4205183315779,-72.4205183315779
2408.8700675439836,-72.42271309638247,-72.42271309638247
2408.8800675439834,-72.4249140818113,-72.4249140818113
2408.8900675439836,-72.4271213167821,-72.4271213167821
2408.9000675678253,-72.4293348346574,-72.4293348346574
2408.9100675678255,-72.43155465223094,-72.43155465223094
2408.9200675678253,-72.43378080125862,-72.43378080125862
2408.9300675678255,-72.43601330747018,-72.43601330747018
2408.9400675678253,-72.43825219584235,-72.43825219584235
2408.9500675678255,-72.44049749056204,-72.44049749056204
2408.9600675678253,-72.44274921506286,-72.44274921506286
2408.9700675678255,-72.44500739203389,-72.44500739203389
2408.9800675678252,-72.44727204342139,-72.44727204342139
2408.9900675678255,-72.44954319043624,-72.44954319043624
2409.000067567825,-72.45182085357078,-72.45182085357078
2409.0100675678254,-72.45410505259366,-72.45410505259366
2409.020067567825,-72.45639580657235,-72.45639580657235
2409.0300675678254,-72.45869313387512,-72.45869313387512
2409.040067567825,-72.4609970521713,-72.4609970521713
2409.0500675678254,-72.46330757845439,-72.46330757845439
2409.060067567825,-72.46562472904695,-72.46562472904695
2409.0700675678254,-72.46794851960135,-72.46794851960135
2409.080067567825,-72.47027896510676,-72.47027896510676
2409.0900675678254,-72.4726160799105,-72.4726160799105
2409.100067567825,-72.4749598777128,-72.4749598777128
2409.1100675678254,-72.47731037159267,-72.47731037159267
2409.120067567825,-72.47966757400019,-72.47966757400019
2409.1300675678253,-72.4820314967652,-72.4820314967652
2409.140067567825,-72.48440215111458,-72.48440215111458
2409.1500675678253,-72.48677954766582,-72.48677954766582
2409.1600675678255,-72.48916369645734,-72.48916369645734
2409.1700675678253,-72.4915546069362,-72.4915546069362
2409.1800675678255,-72.49395228798302,-72.49395228798302
2409.1900675678253,-72.49635674789424,-72.49635674789424
2409.2000675678255,-72.49876799441684,-72.49876799441684
2409.2100675678253,-72.50117970915393,-72.50117970915393
2409.2200675678255,-72.50358912675004,-72.50358912675004
2409.2300675678252,-72.50599490238938,-72.50599490238938
2409.2400675678255,-72.5083963488378,-72.5083963488378
2409.250067567825,-72.51079314519725,-72.51079314519725
2409.2600675678254,-72.5131851856108,-72.5131851856108
2409.270067567825,-72.51557249055678,-72.51557249055678
2409.2800675678254,-72.51795515353443,-72.51795515353443
2409.290067567825,-72.52033330900022,-72.52033330900022
2409.3000675678254,-72.52270711309205,-72.52270711309205
2409.310067567825,-72.52507673218662,-72.52507673218662
2409.3200675678254,-72.52744233610882,-72.52744233610882
2409.330067567825,-72.52980409428798,-72.52980409428798
2409.3400675678254,-72.5321621736153,-72.5321621736153
2409.350067567825,-72.53451673737608,-72.53451673737608
2409.3600675678254,-72.53686794482921,-72.53686794482921
2409.370067567825,-72.53921595112362,-72.53921595112362
2409.3800675678253,-72.54156090744642,-72.54156090744642
2409.390067567825,-72.54390296125155,-72.54390296125155
2409.4000675678253,-72.5462422565571,-72.5462422565571
2409.4100675678255,-72.54857893422842,-72.54857893422842
2409.4200675678253,-72.55091313225928,-72.55091313225928
2409.4300675678255,-72.55324498603399,-72.55324498603399
2409.4400675678253,-72.55557462854978,-72.55557462854978
2409.4500675678255,-72.55790219062733,-72.55790219062733
2409.4600675678253,-72.56022780108665,-72.56022780108665
2409.4700675678255,-72.56255158689267,-72.56255158689267
2409.4800675678252,-72.56487367328522,-72.56487367328522
2409.4900675678255,-72.56719418389636,-72.56719418389636
2409.500067567825,-72.56951324080937,-72.56951324080937
2409.5100675678254,-72.5718309646747,-72.5718309646747
2409.520067567825,-72.57414747473031,-72.57414747473031
2409.5300675678254,-72.57646288888547,-72.57646288888547
2409.540067567825,-72.57877732374374,-72.57877732374374
2409.5500675678254,-72.58109089463862,-72.58109089463862
2409.560067567825,-72.583403715643,-72.583403715643
2409.5700675678254,-72.58571589961336,-72.58571589961336
2409.580067567825,-72.58802755820315,-72.58802755820315
2409.5900675678254,-72.5903388018539,-72.5903388018539
2409.600067567825,-72.5926497398154,-72.5926497398154
2409.6100675678254,-72.59496048015501,-72.59496048015501
2409.620067567825,-72.59727112975169,-72.59727112975169
2409.6300675678253,-72.59958179430706,-72.59958179430706
2409.640067567825,-72.60189257832121,-72.60189257832121
2409.6500675678253,-72.60420358514058,-72.60420358514058
2409.6600675678255,-72.60651491689478,-72.60651491689478
2409.6700675678253,-72.60882667455618,-72.60882667455618
2409.6800675678255,-72.61113895788073,-72.61113895788073
2409.6900675678253,-72.61345186544744,-72.61345186544744
2409.7000675678255,-72.61576549463534,-72.61576549463534
2409.7100675678253,-72.61807994161668,-72.61807994161668
2409.7200675678255,-72.62039530138053,-72.62039530138053
2409.7300675678252,-72.62271166770167,-72.62271166770167
2409.7400675678255,-72.6250291331573,-72.6250291331573
2409.750067591667,-72.62734779463338,-72.62734779463338
2409.7600675916674,-72.62966773125694,-72.62966773125694
2409.770067591667,-72.63198903748442,-72.63198903748442
2409.7800675916674,-72.63431180105877,-72.63431180105877
2409.790067591667,-72.63663610852075,-72.63663610852075
2409.8000675916674,-72.63896204519106,-72.63896204519106
2409.810067591667,-72.64128969518148,-72.64128969518148
2409.8200675916673,-72.64361914140432,-72.64361914140432
2409.830067591667,-72.64595046556494,-72.64595046556494
2409.8400675916673,-72.64828374816453,-72.64828374816453
2409.850067591667,-72.65061906850474,-72.65061906850474
2409.8600675916673,-72.65295650468258,-72.65295650468258
2409.870067591667,-72.65529613361919,-72.65529613361919
2409.8800675916673,-72.65763803103037,-72.65763803103037
2409.890067591667,-72.65998227144577,-72.65998227144577
2409.9000675916673,-72.66232892821887,-72.66232892821887
2409.910067591667,-72.66467807353413,-72.66467807353413
2409.9200675916672,-72.66702977838474,-72.66702977838474
2409.930067591667,-72.66938411261926,-72.66938411261926
2409.9400675916672,-72.67174114491766,-72.67174114491766
2409.950067591667,-72.67410094280099,-72.67410094280099
2409.960067591667,-72.67645723232235,-72.67645723232235
2409.970067591667,-72.678807300414,-72.678807300414
2409.980067591667,-72.68114985722069,-72.68114985722069
2409.990067591667,-72.68348427131234,-72.68348427131234
2410.000067591667,-72.68581027778625,-72.68581027778625
2410.0100675916674,-72.68812782663795,-72.68812782663795
2410.020067591667,-72.69043699388129,-72.69043699388129
2410.0300675916674,-72.69273792810436,-72.69273792810436
2410.040067591667,-72.6950308183686,-72.6950308183686
2410.0500675916674,-72.69731587491462,-72.69731587491462
2410.060067591667,-72.69959331764834,-72.69959331764834
2410.0700675916673,-72.70186336940776,-72.70186336940776
2410.080067591667,-72.704126252048,-72.704126252048
2410.0900675916673,-72.70638218433115,-72.70638218433115
2410.100067591667,-72.70863138086492,-72.70863138086492
2410.1100675916673,-72.71087405165146,-72.71087405165146
2410.120067591667,-72.7131104020426,-72.7131104020426
2410.1300675916673,-72.71534063284199,-72.71534063284199
2410.140067591667,-72.71756494059514,-72.71756494059514
2410.1500675916673,-72.71978351782785,-72.71978351782785
2410.160067591667,-72.72199655337145,-72.72199655337145
2410.1700675916672,-72.72420423263493,-72.72420423263493
2410.180067591667,-72.72640673786411,-72.72640673786411
2410.1900675916672,-72.72860424836234,-72.72860424836234
2410.200067591667,-72.73079694073566,-72.73079694073566
2410.210067591667,-72.73298498902567,-72.73298498902567
2410.220067591667,-72.735168564891,-72.735168564891
2410.230067591667,-72.73734783773232,-72.73734783773232
2410.240067591667,-72.73952297480696,-72.73952297480696
2410.250067591667,-72.74169414129365,-72.74169414129365
2410.2600675916674,-72.74386150041754,-72.74386150041754
2410.270067591667,-72.74602521347236,-72.74602521347236
2410.2800675916674,-72.74818543990052,-72.74818543990052
2410.290067591667,-72.75034233731844,-72.75034233731844
2410.3000675916674,-72.7524960615707,-72.7524960615707
2410.310067591667,-72.75464676674935,-72.75464676674935
2410.3200675916673,-72.75679460520696,-72.75679460520696
2410.330067591667,-72.75893972759899,-72.75893972759899
2410.3400675916673,-72.7610822828815,-72.7610822828815
2410.350067591667,-72.7632224183302,-72.7632224183302
2410.3600675916673,-72.7653602795527,-72.7653602795527
2410.370067591667,-72.76749601047598,-72.76749601047598
2410.3800675916673,-72.76962975337882,-72.76962975337882
2410.390067591667,-72.77176164889161,-72.77176164889161
2410.4000675916673,-72.77389183598183,-72.77389183598183
2410.410067591667,-72.776020451973,-72.776020451973
2410.4200675916672,-72.77814763254737,-72.77814763254737
2410.430067591667,-72.78027351173733,-72.78027351173733
2410.4400675916672,-72.7823982219262,-72.7823982219262
2410.450067591667,-72.78452189387241,-72.78452189387241
2410.460067591667,-72.78664465668489,-72.78664465668489
2410.470067591667,-72.78876663784645,-72.78876663784645
2410.480067591667,-72.79088796318896,-72.79088796318896
2410.490067591667,-72.79300875693279,-72.79300875693279
2410.500067591667,-72.79512914165478,-72.79512914165478
2410.5100675916674,-72.79724923832006,-72.79724923832006
2410.520067591667,-72.79936916625901,-72.79936916625901
2410.5300675916674,-72.8014890431953,-72.8014890431953
2410.540067591667,-72.8036089852342,-72.8036089852342
2410.5500675916674,-72.80572910686823,-72.80572910686823
2410.560067591667,-72.80784952100184,-72.80784952100184
2410.5700675916673,-72.80997033892645,-72.80997033892645
2410.580067591667,-72.8120916703536,-72.8120916703536
2410.5900675916673,-72.81421362340298,-72.81421362340298
2410.600067615509,-72.81633630968018,-72.81633630968018
2410.6100676155093,-72.81845982405335,-72.81845982405335
2410.620067615509,-72.82058427498386,-72.82058427498386
2410.6300676155092,-72.822709764336,-72.822709764336
2410.640067615509,-72.82483639242727,-72.82483639242727
2410.650067615509,-72.82696425803333,-72.82696425803333
2410.660067615509,-72.82909345841026,-72.82909345841026
2410.670067615509,-72.83122408928938,-72.83122408928938
2410.680067615509,-72.8333562448931,-72.8333562448931
2410.690067615509,-72.83549001795807,-72.83549001795807
2410.700067615509,-72.83762549972654,-72.83762549972654
2410.710067615509,-72.8397627799585,-72.8397627799585
2410.720067615509,-72.84190194695515,-72.84190194695515
2410.730067615509,-72.84404308756322,-72.84404308756322
2410.740067615509,-72.84618628719477,-72.84618628719477
2410.750067615509,-72.84833162980901,-72.84833162980901
2410.760067615509,-72.85047919795997,-72.85047919795997
2410.770067615509,-72.85262907279866,-72.85262907279866
2410.780067615509,-72.85478133407581,-72.85478133407581
2410.790067615509,-72.8569360601539,-72.8569360601539
2410.800067615509,-72.85909332804236,-72.85909332804236
2410.810067615509,-72.86125321336787,-72.86125321336787
2410.820067615509,-72.86341579043457,-72.86341579043457
2410.830067615509,-72.86558113220758,-72.86558113220758
2410.840067615509,-72.86774931031574,-72.86774931031574
2410.850067615509,-72.8699203951058,-72.8699203951058
2410.8600676155093,-72.87209445562644,-72.87209445562644
2410.870067615509,-72.87427155964461,-72.87427155964461
2410.8800676155092,-72.87645177364479,-72.87645177364479
2410.890067615509,-72.87863516288081,-72.87863516288081
2410.900067615509,-72.88082179136079,-72.88082179136079
2410.910067615509,-72.883011721862,-72.883011721862
2410.920067615509,-72.88520501594321,-72.88520501594321
2410.930067615509,-72.88740173396734,-72.88740173396734
2410.940067615509,-72.88960193511984,-72.88960193511984
2410.950067615509,-72.89180567740289,-72.89180567740289
2410.960067615509,-72.89401301765267,-72.89401301765267
2410.970067615509,-72.8962240115705,-72.8962240115705
2410.980067615509,-72.89843871371778,-72.89843871371778
2410.990067615509,-72.90065717754443,-72.90065717754443
2411.000067615509,-72.90287945538239,-72.90287945538239
2411.010067615509,-72.90510559846896,-72.90510559846896
2411.020067615509,-72.90733565697572,-72.90733565697572
2411.030067615509,-72.90956967998927,-72.90956967998927
2411.040067615509,-72.91180771554838,-72.91180771554838
2411.050067615509,-72.91404981065898,-72.91404981065898
2411.060067615509,-72.91629601128984,-72.91629601128984
2411.070067615509,-72.91854636238257,-72.91854636238257
2411.080067615509,-72.92080090789887,-72.92080090789887
2411.090067615509,-72.92305969079764,-72.92305969079764
2411.100067615509,-72.92532275306245,-72.92532275306245
2411.1100676155093,-72.92759013570777,-72.92759013570777
2411.120067615509,-72.92986187879733,-72.92986187879733
2411.1300676155092,-72.9321380214575,-72.9321380214575
2411.140067615509,-72.93441860188678,-72.93441860188678
2411.150067615509,-72.93670365736679,-72.93670365736679
2411.160067615509,-72.9389932242751,-72.9389932242751
2411.170067615509,-72.94128733808834,-72.94128733808834
2411.180067615509,-72.94358603342451,-72.94358603342451
2411.190067615509,-72.9458893440149,-72.9458893440149
2411.200067615509,-72.94819730274807,-72.94819730274807
2411.210067615509,-72.95050994165639,-72.95050994165639
2411.220067615509,-72.95282729194435,-72.95282729194435
2411.230067615509,-72.95514938399265,-72.95514938399265
2411.240067615509,-72.95747624737727,-72.95747624737727
2411.250067615509,-72.95980791087516,-72.95980791087516
2411.260067615509,-72.96214440246395,-72.96214440246395
2411.270067615509,-72.9644857493521,-72.9644857493521
2411.280067615509,-72.96683197799594,-72.96683197799594
2411.290067615509,-72.96918311407109,-72.96918311407109
2411.300067615509,-72.9715391825136,-72.9715391825136
2411.310067615509,-72.97390020754395,-72.97390020754395
2411.320067615509,-72.976266212646,-72.976266212646
2411.330067615509,-72.97863722057784,-72.97863722057784
2411.340067615509,-72.98101325341997,-72.98101325341997
2411.350067615509,-72.98339433254534,-72.98339433254534
2411.3600676155093,-72.98578047864147,-72.98578047864147
2411.370067615509,-72.98817171173171,-72.98817171173171
2411.3800676155092,-72.990568051167,-72.990568051167
2411.390067615509,-72.99296951565205,-72.99296951565205
2411.400067615509,-72.99537612325184,-72.99537612325184
2411.410067615509,-72.99778789137513,-72.99778789137513
2411.420067615509,-73.00020483682842,-73.00020483682842
2411.430067615509,-73.0026269757851,-73.0026269757851
2411.440067615509,-73.00505432383567,-73.00505432383567
2411.450067639351,-73.00748690174024,-73.00748690174024
2411.460067639351,-73.00992471231757,-73.00992471231757
2411.470067639351,-73.01236777515068,-73.01236777515068
2411.480067639351,-73.01481610347929,-73.01481610347929
2411.490067639351,-73.01726970997248,-73.01726970997248
2411.500067639351,-73.01972860675092,-73.01972860675092
2411.510067639351,-73.02219280539099,-73.02219280539099
2411.520067639351,-73.02466231692604,-73.02466231692604
2411.530067639351,-73.02713715185648,-73.02713715185648
2411.540067639351,-73.02961732017438,-73.02961732017438
2411.550067639351,-73.03210283135256,-73.03210283135256
2411.560067639351,-73.0345936943443,-73.0345936943443
2411.570067639351,-73.03708991762755,-73.03708991762755
2411.580067639351,-73.039591509176,-73.039591509176
2411.5900676393508,-73.04209847648895,-73.04209847648895
2411.600067639351,-73.0446108265818,-73.0446108265818
2411.6100676393507,-73.04712856600578,-73.04712856600578
2411.620067639351,-73.04965170085423,-73.04965170085423
2411.6300676393507,-73.05218023676272,-73.05218023676272
2411.640067639351,-73.0547141789305,-73.0547141789305
2411.6500676393507,-73.0572167620365,-73.0572167620365
2411.660067639351,-73.05968721089005,-73.05968721089005
2411.6700676393507,-73.06212664188931,-73.06212664188931
2411.680067639351,-73.06453499867892,-73.06453499867892
2411.6900676393507,-73.06691135496979,-73.06691135496979
2411.700067639351,-73.069254304508,-73.069254304508
2411.710067639351,-73.07156220848583,-73.07156220848583
2411.720067639351,-73.07383334339568,-73.07383334339568
2411.730067639351,-73.07606598937588,-73.07606598937588
2411.740067639351,-73.0782584828453,-73.0782584828453
2411.750067639351,-73.08040924704842,-73.08040924704842
2411.760067639351,-73.08251680883635,-73.08251680883635
2411.770067639351,-73.0845798065746,-73.0845798065746
2411.780067639351,-73.08659699265652,-73.08659699265652
2411.790067639351,-73.08856723245786,-73.08856723245786
2411.800067639351,-73.0904895012556,-73.0904895012556
2411.810067639351,-73.09236287990304,-73.09236287990304
2411.820067639351,-73.09418654982095,-73.09418654982095
2411.830067639351,-73.09595978773777,-73.09595978773777
2411.8400676393508,-73.09768196033374,-73.09768196033374
2411.850067639351,-73.09935251900104,-73.09935251900104
2411.8600676393507,-73.100970994748,-73.100970994748
2411.870067639351,-73.10253699335776,-73.10253699335776
2411.8800676393507,-73.10405019076177,-73.10405019076177
2411.890067639351,-73.10551032868082,-73.10551032868082
2411.9000676393507,-73.10691721052932,-73.10691721052932
2411.910067639351,-73.10827069756577,-73.10827069756577
2411.9200676393507,-73.10957070523659,-73.10957070523659
2411.930067639351,-73.11081719982172,-73.11081719982172
2411.9400676393507,-73.11201019519844,-73.11201019519844
2411.950067639351,-73.11314974986239,-73.11314974986239
2411.960067639351,-73.11423596412445,-73.11423596412445
2411.970067639351,-73.11526897744201,-73.11526897744201
2411.980067639351,-73.11624896594722,-73.11624896594722
2411.990067639351,-73.11717614009596,-73.11717614009596
2412.000067639351,-73.11805074246553,-73.11805074246553
2412.010067639351,-73.1188730456881,-73.1188730456881
2412.020067639351,-73.11964335048839,-73.11964335048839
2412.030067639351,-73.1203619838243,-73.1203619838243
2412.040067639351,-73.12102929715276,-73.12102929715276
2412.050067639351,-73.12164566478175,-73.12164566478175
2412.060067639351,-73.12221148231261,-73.12221148231261
2412.070067639351,-73.1227271651831,-73.1227271651831
2412.080067639351,-73.12319314725532,-73.12319314725532
2412.0900676393508,-73.12360987951374,-73.12360987951374
2412.100067639351,-73.12397782881136,-73.12397782881136
2412.1100676393507,-73.1242974766945,-73.1242974766945
2412.120067639351,-73.12456931829442,-73.12456931829442
2412.1300676393507,-73.12479386125057,-73.12479386125057
2412.140067639351,-73.12497162473427,-73.12497162473427
2412.1500676393507,-73.12510313847436,-73.12510313847436
2412.160067639351,-73.12518894186996,-73.12518894186996
2412.1700676393507,-73.12522958316107,-73.12522958316107
2412.180067639351,-73.12522561856377,-73.12522561856377
2412.1900676393507,-73.12517761156143,-73.12517761156143
2412.200067639351,-73.12508613215387,-73.12508613215387
2412.210067639351,-73.12495175616824,-73.12495175616824
2412.220067639351,-73.12477506462234,-73.12477506462234
2412.230067639351,-73.12455664307873,-73.12455664307873
2412.240067639351,-73.12429708108563,-73.12429708108563
2412.250067639351,-73.12399697162247,-73.12399697162247
2412.260067639351,-73.12365691056031,-73.12365691056031
2412.270067639351,-73.12327749616107,-73.12327749616107
2412.280067639351,-73.12285932862916,-73.12285932862916
2412.290067639351,-73.12240300964609,-73.12240300964609
2412.3000676631927,-73.12190914077445,-73.12190914077445
2412.310067663193,-73.12137832766898,-73.12137832766898
2412.3200676631927,-73.12081117296661,-73.12081117296661
2412.330067663193,-73.12020828025764,-73.12020828025764
2412.3400676631927,-73.11957025273561,-73.11957025273561
2412.350067663193,-73.11889769286795,-73.11889769286795
2412.3600676631927,-73.11819120208911,-73.11819120208911
2412.370067663193,-73.11745138051062,-73.11745138051062
2412.3800676631927,-73.11667882666293,-73.11667882666293
2412.390067663193,-73.11587413723292,-73.11587413723292
2412.4000676631927,-73.11503790682454,-73.11503790682454
2412.410067663193,-73.11417072775042,-73.11417072775042
2412.4200676631926,-73.11327318980041,-73.11327318980041
2412.430067663193,-73.11234588003832,-73.11234588003832
2412.4400676631926,-73.11138938264892,-73.11138938264892
2412.450067663193,-73.11040427872722,-73.11040427872722
2412.4600676631926,-73.10939114613414,-73.10939114613414
2412.470067663193,-73.10835055932556,-73.10835055932556
2412.4800676631926,-73.10728308922499,-73.10728308922499
2412.490067663193,-73.10618930308158,-73.10618930308158
2412.5000676631926,-73.1050697643438,-73.1050697643438
2412.510067663193,-73.10392503254758,-73.10392503254758
2412.5200676631925,-73.10275566319793,-73.10275566319793
2412.5300676631928,-73.1015622076737,-73.1015622076737
2412.5400676631925,-73.10034521313483,-73.10034521313483
2412.5500676631927,-73.09910522244337,-73.09910522244337
2412.560067663193,-73.09784277405936,-73.09784277405936
2412.5700676631927,-73.09655840199802,-73.09655840199802
2412.580067663193,-73.0952526357309,-73.0952526357309
2412.5900676631927,-73.09392600015968,-73.09392600015968
2412.600067663193,-73.0925790155275,-73.0925790155275
2412.6100676631927,-73.09121219739166,-73.09121219739166
2412.620067663193,-73.08982605656664,-73.08982605656664
2412.6300676631927,-73.08842109908309,-73.08842109908309
2412.640067663193,-73.08699782615423,-73.08699782615423
2412.6500676631927,-73.08555673415033,-73.08555673415033
2412.660067663193,-73.08409831456471,-73.08409831456471
2412.6700676631926,-73.08262305399298,-73.08262305399298
2412.680067663193,-73.0811314340936,-73.0811314340936
2412.6900676631926,-73.07962393161107,-73.07962393161107
2412.700067663193,-73.07810101832382,-73.07810101832382
2412.7100676631926,-73.07656316105844,-73.07656316105844
2412.720067663193,-73.07501082167357,-73.07501082167357
2412.7300676631926,-73.07344445706211,-73.07344445706211
2412.740067663193,-73.07186451913459,-73.07186451913459
2412.7500676631926,-73.07027145483924,-73.07027145483924
2412.760067663193,-73.06866570615183,-73.06866570615183
2412.7700676631925,-73.06704771009927,-73.06704771009927
2412.7800676631928,-73.06541789874514,-73.06541789874514
2412.7900676631925,-73.06377669921848,-73.06377669921848
2412.8000676631927,-73.06212453371273,-73.06212453371273
2412.810067663193,-73.06046181951358,-73.06046181951358
2412.8200676631927,-73.05878896900501,-73.05878896900501
2412.830067663193,-73.05710638968598,-73.05710638968598
2412.8400676631927,-73.05541448419596,-73.05541448419596
2412.850067663193,-73.0537136503387,-73.0537136503387
2412.8600676631927,-73.05200428109961,-73.05200428109961
2412.870067663193,-73.05028676465116,-73.05028676465116
2412.8800676631927,-73.04856148442047,-73.04856148442047
2412.890067663193,-73.04682881906704,-73.04682881906704
2412.9000676631927,-73.04508914253792,-73.04508914253792
2412.910067663193,-73.04334282409984,-73.04334282409984
2412.9200676631926,-73.04159022835833,-73.04159022835833
2412.930067663193,-73.03983171526355,-73.03983171526355
2412.9400676631926,-73.0380676401912,-73.0380676401912
2412.950067663193,-73.03629835393129,-73.03629835393129
2412.9600676631926,-73.03452420274148,-73.03452420274148
2412.970067663193,-73.03274552837489,-73.03274552837489
2412.9800676631926,-73.0309626681075,-73.0309626681075
2412.990067663193,-73.02917595477855,-73.02917595477855
2413.0000676631926,-73.02738571682539,-73.02738571682539
2413.010067663193,-73.02559227831802,-73.02559227831802
2413.0200676631925,-73.02379595898682,-73.02379595898682
2413.0300676631928,-73.0219970742593,-73.0219970742593
2413.0400676631925,-73.02019593530859,-73.02019593530859
2413.0500676631927,-73.01839284908151,-73.01839284908151
2413.060067663193,-73.01658811832955,-73.01658811832955
2413.0700676631927,-73.01478204164934,-73.01478204164934
2413.080067663193,-73.01297491353233,-73.01297491353233
2413.0900676631927,-73.0111670243785,-73.0111670243785
2413.100067663193,-73.009358660546,-73.009358660546
2413.1100676631927,-73.00755010440086,-73.00755010440086
2413.120067663193,-73.00574163433113,-73.00574163433113
2413.1300676631927,-73.00393352479512,-73.00393352479512
2413.140067663193,-73.00212604636624,-73.00212604636624
2413.1500676870346,-73.00031946144736,-73.00031946144736
2413.160067687035,-72.99851404155997,-72.99851404155997
2413.1700676870346,-72.99671004150575,-72.99671004150575
2413.180067687035,-72.99490771667035,-72.99490771667035
2413.1900676870346,-72.99310731872622,-72.99310731872622
2413.200067687035,-72.99130909568369,-72.99130909568369
2413.2100676870346,-72.98951329192231,-72.98951329192231
2413.2200676870348,-72.98772014822892,-72.98772014822892
2413.2300676870345,-72.98592990183059,-72.98592990183059
2413.2400676870348,-72.98414278646362,-72.98414278646362
2413.2500676870345,-72.9823590323579,-72.9823590323579
2413.2600676870347,-72.98057886631271,-72.98057886631271
2413.2700676870345,-72.9788025117077,-72.9788025117077
2413.2800676870347,-72.97703018857109,-72.97703018857109
2413.2900676870345,-72.97526211358998,-72.97526211358998
2413.3000676870347,-72.97349850014542,-72.97349850014542
2413.3100676870345,-72.97173955837367,-72.97173955837367
2413.3200676870347,-72.96998549517916,-72.96998549517916
2413.3300676870344,-72.96823651427025,-72.96823651427025
2413.3400676870347,-72.96649281620707,-72.96649281620707
2413.3500676870344,-72.96475459842877,-72.96475459842877
2413.3600676870346,-72.96302205529012,-72.96302205529012
2413.3700676870344,-72.96129537810359,-72.96129537810359
2413.3800676870346,-72.95957475515432,-72.95957475515432
2413.3900676870344,-72.9578603717497,-72.9578603717497
2413.4000676870346,-72.95615241025327,-72.95615241025327
2413.410067687035,-72.95445105011694,-72.95445105011694
2413.4200676870346,-72.95275646790152,-72.95275646790152
2413.430067687035,-72.95106883733484,-72.95106883733484
2413.4400676870346,-72.94938832932677,-72.94938832932677
2413.450067687035,-72.94771511199644,-72.94771511199644
2413.4600676870346,-72.9460429853748,-72.9460429853748
2413.4700676870348,-72.94436932377378,-72.94436932377378
2413.4800676870345,-72.94269293120738,-72.94269293120738
2413.4900676870348,-72.94101327361764,-72.94101327361764
2413.5000676870345,-72.9393301852981,-72.9393301852981
2413.5100676870347,-72.937643716056,-72.937643716056
2413.5200676870345,-72.93595404147345,-72.93595404147345
2413.5300676870347,-72.93426140887404,-72.93426140887404
2413.5400676870345,-72.93256610481579,-72.93256610481579
2413.5500676870347,-72.93086843553189,-72.93086843553189
2413.5600676870345,-72.92916871529715,-72.92916871529715
2413.5700676870347,-72.92746725956447,-72.92746725956447
2413.5800676870344,-72.92576438104626,-72.92576438104626
2413.5900676870347,-72.9240603875951,-72.9240603875951
2413.6000676870344,-72.92235558114804,-72.92235558114804
2413.6100676870346,-72.92065025730409,-72.92065025730409
2413.6200676870344,-72.91894470530669,-72.91894470530669
2413.6300676870346,-72.91723920819983,-72.91723920819983
2413.6400676870344,-72.91553404312991,-72.91553404312991
2413.6500676870346,-72.9138294816587,-72.9138294816587
2413.660067687035,-72.9121257900933,-72.9121257900933
2413.6700676870346,-72.91042322981983,-72.91042322981983
2413.680067687035,-72.9087220575834,-72.9087220575834
2413.6900676870346,-72.90702252575728,-72.90702252575728
2413.700067687035,-72.90532488259481,-72.90532488259481
2413.7100676870346,-72.9036293724316,-72.9036293724316
2413.7200676870348,-72.90193623586057,-72.90193623586057
2413.7300676870345,-72.90024570989986,-72.90024570989986
2413.7400676870348,-72.89855802812622,-72.89855802812622
2413.7500676870345,-72.89687342079695,-72.89687342079695
2413.7600676870347,-72.89519211494407,-72.89519211494407
2413.7700676870345,-72.89351433447017,-72.89351433447017
2413.7800676870347,-72.89184030021,-72.89184030021
2413.7900676870345,-72.89017023002609,-72.89017023002609
2413.8000676870347,-72.8885043388202,-72.8885043388202
2413.8100676870345,-72.88684283861566,-72.88684283861566
2413.8200676870347,-72.88518593858596,-72.88518593858596
2413.8300676870344,-72.88353384510896,-72.88353384510896
2413.8400676870347,-72.88188676176884,-72.88188676176884
2413.8500676870344,-72.88024488940933,-72.88024488940933
2413.8600676870346,-72.87860842615572,-72.87860842615572
2413.8700676870344,-72.87697756742479,-72.87697756742479
2413.8800676870346,-72.87535250597064,-72.87535250597064
2413.8900676870344,-72.87373343188678,-72.87373343188678
2413.9000676870346,-72.87212053261447,-72.87212053261447
2413.910067687035,-72.87051399298839,-72.87051399298839
2413.9200676870346,-72.86891399523638,-72.86891399523638
2413.930067687035,-72.86732071899395,-72.86732071899395
2413.9400676870346,-72.86573434132336,-72.86573434132336
2413.950067687035,-72.86415503672738,-72.86415503672738
2413.9600676870346,-72.86257661950467,-72.86257661950467
2413.9700676870348,-72.86099647451559,-72.86099647451559
2413.9800676870345,-72.85941341484562,-72.85941341484562
2413.9900676870348,-72.85782691484505,-72.85782691484505
2414.0000677108765,-72.85623681307172,-72.85623681307172
2414.0100677108767,-72.85464317477573,-72.85464317477573
2414.0200677108764,-72.85304617956183,-72.85304617956183
2414.0300677108767,-72.851446082532,-72.851446082532
2414.0400677108764,-72.84984317800507,-72.84984317800507
2414.0500677108766,-72.84823777999237,-72.84823777999237
2414.0600677108764,-72.84663021055252,-72.84663021055252
2414.0700677108766,-72.84502079294346,-72.84502079294346
2414.0800677108764,-72.8434098476713,-72.8434098476713
2414.0900677108766,-72.84179769040169,-72.84179769040169
2414.1000677108764,-72.84018463085856,-72.84018463085856
2414.1100677108766,-72.83857097240997,-72.83857097240997
2414.1200677108764,-72.83695701204772,-72.83695701204772
2414.1300677108766,-72.83534304052615,-72.83534304052615
2414.1400677108763,-72.83372934266146,-72.83372934266146
2414.1500677108766,-72.8321161976189,-72.8321161976189
2414.1600677108763,-72.83050387927403,-72.83050387927403
2414.1700677108765,-72.8288926564828,-72.8288926564828
2414.1800677108763,-72.82728279340735,-72.82728279340735
2414.1900677108765,-72.82567454974972,-72.82567454974972
2414.2000677108763,-72.8240681810113,-72.8240681810113
2414.2100677108765,-72.82246393866318,-72.82246393866318
2414.2200677108763,-72.82086207036862,-72.82086207036862
2414.2300677108765,-72.81926282009279,-72.81926282009279
2414.2400677108762,-72.81766642825703,-72.81766642825703
2414.2500677108765,-72.81607313184566,-72.81607313184566
2414.2600677108767,-72.81448316451399,-72.81448316451399
2414.2700677108764,-72.81289675666348,-72.81289675666348
2414.2800677108767,-72.81131413549635,-72.81131413549635
2414.2900677108764,-72.80973552512681,-72.80973552512681
2414.3000677108766,-72.80816114657944,-72.80816114657944
2414.3100677108764,-72.8065912178783,-72.8065912178783
2414.3200677108766,-72.80502595405497,-72.80502595405497
2414.3300677108764,-72.80346556721162,-72.80346556721162
2414.3400677108766,-72.80191026652783,-72.80191026652783
2414.3500677108764,-72.8003602583048,-72.8003602583048
2414.3600677108766,-72.79881574598232,-72.79881574598232
2414.3700677108764,-72.79727693016336,-72.79727693016336
2414.3800677108766,-72.79574400863035,-72.79574400863035
2414.3900677108763,-72.79421717637413,-72.79421717637413
2414.4000677108766,-72.79269662560735,-72.79269662560735
2414.4100677108763,-72.79118254577543,-72.79118254577543
2414.4200677108765,-72.7896751235766,-72.7896751235766
2414.4300677108763,-72.7881745429893,-72.7881745429893
2414.4400677108765,-72.78668098526643,-72.78668098526643
2414.4500677108763,-72.78519462896885,-72.78519462896885
2414.4600677108765,-72.7837156499735,-72.7837156499735
2414.4700677108763,-72.78224422149569,-72.78224422149569
2414.4800677108765,-72.78078051407869,-72.78078051407869
2414.4900677108762,-72.77932469564992,-72.77932469564992
2414.5000677108765,-72.77787693150665,-72.77787693150665
2414.5100677108767,-72.7764373843397,-72.7764373843397
2414.5200677108764,-72.77500621426151,-72.77500621426151
2414.5300677108767,-72.77358357880442,-72.77358357880442
2414.5400677108764,-72.7721696329434,-72.7721696329434
2414.5500677108766,-72.77076452912831,-72.77076452912831
2414.5600677108764,-72.76936841727817,-72.76936841727817
2414.5700677108766,-72.76798144481712,-72.76798144481712
2414.5800677108764,-72.76660375668946,-72.76660375668946
2414.5900677108766,-72.7652354953539,-72.7652354953539
2414.6000677108764,-72.76387680085148,-72.76387680085148
2414.6100677108766,-72.76252781076585,-72.76252781076585
2414.6200677108764,-72.76118866030272,-72.76118866030272
2414.6300677108766,-72.75985948226224,-72.75985948226224
2414.6400677108763,-72.75854040709109,-72.75854040709109
2414.6500677108766,-72.7572315628594,-72.7572315628594
2414.6600677108763,-72.75593307534753,-72.75593307534753
2414.6700677108765,-72.75464506799842,-72.75464506799842
2414.6800677108763,-72.75336766198514,-72.75336766198514
2414.6900677108765,-72.75210097621388,-72.75210097621388
2414.7000677108763,-72.75084512734166,-72.75084512734166
2414.7100677108765,-72.7496002298102,-72.7496002298102
2414.7200677108763,-72.74836639585125,-72.74836639585125
2414.7300677108765,-72.74714373552197,-72.74714373552197
2414.7400677108762,-72.7459323567218,-72.7459323567218
2414.7500677108765,-72.74473236520998,-72.74473236520998
2414.7600677108767,-72.74354386464007,-72.74354386464007
2414.7700677108764,-72.74236695656576,-72.74236695656576
2414.7800677108767,-72.74120174047133,-72.74120174047133
2414.7900677108764,-72.74004831379746,-72.74004831379746
2414.8000677108766,-72.73890677194949,-72.73890677194949
2414.8100677108764,-72.73777720834131,-72.73777720834131
2414.8200677108766,-72.73665971438943,-72.73665971438943
2414.8300677108764,-72.73555437956425,-72.73555437956425
2414.8400677108766,-72.73446129138226,-72.73446129138226
2414.8500677347183,-72.7333805328868,-72.7333805328868
2414.8600677347185,-72.73231219296962,-72.73231219296962
2414.8700677347183,-72.73125635086055,-72.73125635086055
2414.8800677347185,-72.73021308655449,-72.73021308655449
2414.8900677347183,-72.72918247821461,-72.72918247821461
2414.9000677347185,-72.72816460219826,-72.72816460219826
2414.9100677347183,-72.72715953307785,-72.72715953307785
2414.9200677347185,-72.72616734365769,-72.72616734365769
2414.9300677347182,-72.72518810499471,-72.72518810499471
2414.9400677347185,-72.72422188644312,-72.72422188644312
2414.9500677347182,-72.72326875564052,-72.72326875564052
2414.9600677347185,-72.72232877855599,-72.72232877855599
2414.970067734718,-72.7214020194938,-72.7214020194938
2414.9800677347184,-72.72048854111875,-72.72048854111875
2414.990067734718,-72.71958840449275,-72.71958840449275
2415.0000677347184,-72.7187016690732,-72.7187016690732
2415.010067734718,-72.71782839274537,-72.71782839274537
2415.0200677347184,-72.7169686318355,-72.7169686318355
2415.030067734718,-72.71612244115042,-72.71612244115042
2415.0400677347184,-72.71528987395324,-72.71528987395324
2415.050067734718,-72.71447098204249,-72.71447098204249
2415.0600677347184,-72.71366581572612,-72.71366581572612
2415.070067734718,-72.71287442386958,-72.71287442386958
2415.0800677347183,-72.71209685389023,-72.71209685389023
2415.090067734718,-72.71133315179917,-72.71133315179917
2415.1000677347183,-72.7105833621976,-72.7105833621976
2415.1100677347185,-72.70984752832315,-72.70984752832315
2415.1200677347183,-72.7091256920459,-72.7091256920459
2415.1300677347185,-72.70841789389307,-72.70841789389307
2415.1400677347183,-72.70772417307829,-72.70772417307829
2415.1500677347185,-72.70704456750222,-72.70704456750222
2415.1600677347183,-72.7063791137849,-72.7063791137849
2415.1700677347185,-72.7057278472817,-72.7057278472817
2415.1800677347182,-72.70509080208802,-72.70509080208802
2415.1900677347185,-72.7044680110641,-72.7044680110641
2415.2000677347182,-72.70385950587564,-72.70385950587564
2415.2100677347185,-72.70325897395787,-72.70325897395787
2415.220067734718,-72.70266366687683,-72.70266366687683
2415.2300677347184,-72.70207226207562,-72.70207226207562
2415.240067734718,-72.70148409757836,-72.70148409757836
2415.2500677347184,-72.70089887946985,-72.70089887946985
2415.260067734718,-72.70031652971056,-72.70031652971056
2415.2700677347184,-72.69973709676374,-72.69973709676374
2415.280067734718,-72.69916070185644,-72.69916070185644
2415.2900677347184,-72.69858750658406,-72.69858750658406
2415.300067734718,-72.69801769349179,-72.69801769349179
2415.3100677347184,-72.69745145446284,-72.69745145446284
2415.320067734718,-72.69688898391206,-72.69688898391206
2415.3300677347183,-72.69633047488315,-72.69633047488315
2415.340067734718,-72.6957761169363,-72.6957761169363
2415.3500677347183,-72.69522609504882,-72.69522609504882
2415.3600677347185,-72.69468058925514,-72.69468058925514
2415.3700677347183,-72.69413977456533,-72.69413977456533
2415.3800677347185,-72.69360382115028,-72.69360382115028
2415.3900677347183,-72.693072894587,-72.693072894587
2415.4000677347185,-72.6925471562055,-72.6925471562055
2415.4100677347183,-72.69202676337972,-72.69202676337972
2415.4200677347185,-72.69151186984155,-72.69151186984155
2415.4300677347182,-72.69100262597387,-72.69100262597387
2415.4400677347185,-72.69049917904613,-72.69049917904613
2415.4500677347182,-72.69000167344491,-72.69000167344491
2415.4600677347185,-72.68951025089866,-72.68951025089866
2415.470067734718,-72.68902505060957,-72.68902505060957
2415.4800677347184,-72.68854620941157,-72.68854620941157
2415.490067734718,-72.68807386191347,-72.68807386191347
2415.5000677347184,-72.6876081405714,-72.6876081405714
2415.510067734718,-72.68714917581947,-72.68714917581947
2415.5200677347184,-72.68669709610423,-72.68669709610423
2415.530067734718,-72.68625202797779,-72.68625202797779
2415.5400677347184,-72.68581409613698,-72.68581409613698
2415.550067734718,-72.68538342347539,-72.68538342347539
2415.5600677347184,-72.68496013111148,-72.68496013111148
2415.570067734718,-72.68454433842865,-72.68454433842865
2415.5800677347183,-72.68413616310849,-72.68413616310849
2415.590067734718,-72.68373572112611,-72.68373572112611
2415.6000677347183,-72.6833431267831,-72.6833431267831
2415.6100677347185,-72.68295849274334,-72.68295849274334
2415.6200677347183,-72.68258193000585,-72.68258193000585
2415.6300677347185,-72.68221354795108,-72.68221354795108
2415.6400677347183,-72.68185345432151,-72.68185345432151
2415.6500677347185,-72.68150175524997,-72.68150175524997
2415.6600677347183,-72.68115855526409,-72.68115855526409
2415.6700677347185,-72.68082395728234,-72.68082395728234
2415.6800677347182,-72.68049806262496,-72.68049806262496
2415.6900677347185,-72.68018097101599,-72.68018097101599
2415.70006775856,-72.67987277987181,-72.67987277987181
2415.7100677585604,-72.67957358723967,-72.67957358723967
2415.72006775856,-72.67928348733689,-72.67928348733689
2415.7300677585604,-72.67900257357469,-72.67900257357469
2415.74006775856,-72.67873093778906,-72.67873093778906
2415.7500677585604,-72.6784686702637,-72.6784686702637
2415.76006775856,-72.67821585971905,-72.67821585971905
2415.7700677585603,-72.67797259331934,-72.67797259331934
2415.78006775856,-72.67773895669775,-72.67773895669775
2415.7900677585603,-72.67751503393346,-72.67751503393346
2415.80006775856,-72.67730090758293,-72.67730090758293
2415.8100677585603,-72.6770966586756,-72.6770966586756
2415.82006775856,-72.67690236671615,-72.67690236671615
2415.8300677585603,-72.6767181097097,-72.6767181097097
2415.84006775856,-72.67654396414848,-72.67654396414848
2415.8500677585603,-72.67638000504299,-72.67638000504299
2415.86006775856,-72.67622630590739,-72.67622630590739
2415.8700677585603,-72.6760829387848,-72.6760829387848
2415.88006775856,-72.67594997424467,-72.67594997424467
2415.8900677585602,-72.67582748141031,-72.67582748141031
2415.90006775856,-72.6757155279509,-72.6757155279509
2415.91006775856,-72.67561418009157,-72.67561418009157
2415.92006775856,-72.67552350264239,-72.67552350264239
2415.93006775856,-72.67544355898465,-72.67544355898465
2415.94006775856,-72.67537441110603,-72.67537441110603
2415.95006775856,-72.67531611958833,-72.67531611958833
2415.9600677585604,-72.6752687436248,-72.6752687436248
2415.97006775856,-72.6752323410585,-72.6752323410585
2415.9800677585604,-72.67520696835986,-72.67520696835986
2415.99006775856,-72.67519268064625,-72.67519268064625
2416.0000677585604,-72.6751895317045,-72.6751895317045
2416.01006775856,-72.6751975740012,-72.6751975740012
2416.0200677585603,-72.67521685867398,-72.67521685867398
2416.03006775856,-72.67524743558124,-72.67524743558124
2416.0400677585603,-72.67528935327871,-72.67528935327871
2416.05006775856,-72.67534265905992,-72.67534265905992
2416.0600677585603,-72.67540739895183,-72.67540739895183
2416.07006775856,-72.675483617734,-72.675483617734
2416.0800677585603,-72.67557135894648,-72.67557135894648
2416.09006775856,-72.67567066491357,-72.67567066491357
2416.1000677585603,-72.67578157674959,-72.67578157674959
2416.11006775856,-72.67590413436584,-72.67590413436584
2416.1200677585603,-72.67603837649114,-72.67603837649114
2416.13006775856,-72.67618434069543,-72.67618434069543
2416.1400677585602,-72.67634206337289,-72.67634206337289
2416.15006775856,-72.6765115797973,-72.6765115797973
2416.16006775856,-72.67669292409336,-72.67669292409336
2416.17006775856,-72.67688612927691,-72.67688612927691
2416.18006775856,-72.67709122725593,-72.67709122725593
2416.19006775856,-72.67730824884768,-72.67730824884768
2416.20006775856,-72.67753722380272,-72.67753722380272
2416.2100677585604,-72.67777184041212,-72.67777184041212
2416.22006775856,-72.67800934968932,-72.67800934968932
2416.2300677585604,-72.67824842757948,-72.67824842757948
2416.24006775856,-72.67848840996929,-72.67848840996929
2416.2500677585604,-72.67872900038131,-72.67872900038131
2416.26006775856,-72.67897011799275,-72.67897011799275
2416.2700677585603,-72.67921180838523,-72.67921180838523
2416.28006775856,-72.67945418991907,-72.67945418991907
2416.2900677585603,-72.67969742139863,-72.67969742139863
2416.30006775856,-72.679941682712,-72.679941682712
2416.3100677585603,-72.68018716322553,-72.68018716322553
2416.32006775856,-72.68043405501841,-72.68043405501841
2416.3300677585603,-72.68068254898127,-72.68068254898127
2416.34006775856,-72.68093283269314,-72.68093283269314
2416.3500677585603,-72.68118508934788,-72.68118508934788
2416.36006775856,-72.68143949735241,-72.68143949735241
2416.3700677585603,-72.68169623027774,-72.68169623027774
2416.38006775856,-72.68195545700817,-72.68195545700817
2416.3900677585602,-72.68221734201715,-72.68221734201715
2416.40006775856,-72.68248204565735,-72.68248204565735
2416.41006775856,-72.68274972448387,-72.68274972448387
2416.42006775856,-72.68302053156275,-72.68302053156275
2416.43006775856,-72.68329461672604,-72.68329461672604
2416.44006775856,-72.68357212683618,-72.68357212683618
2416.45006775856,-72.68385320601622,-72.68385320601622
2416.4600677585604,-72.68413165540099,-72.68413165540099
2416.47006775856,-72.68440483779573,-72.68440483779573
2416.4800677585604,-72.68467153974493,-72.68467153974493
2416.49006775856,-72.68493120656431,-72.68493120656431
2416.5000677585604,-72.68518365016284,-72.68518365016284
2416.51006775856,-72.68542889710947,-72.68542889710947
2416.5200677585603,-72.68566709950943,-72.68566709950943
2416.53006775856,-72.68589848141269,-72.68589848141269
2416.5400677585603,-72.68612330653347,-72.68612330653347
2416.550067782402,-72.68634185944332,-72.68634185944332
2416.5600677824023,-72.68655443190387,-72.68655443190387
2416.570067782402,-72.68676131930458,-72.68676131930458
2416.5800677824022,-72.68696281460181,-72.68696281460181
2416.590067782402,-72.6871592067609,-72.6871592067609
2416.600067782402,-72.68735077969632,-72.68735077969632
2416.610067782402,-72.68753781184179,-72.68753781184179
2416.620067782402,-72.68772057612286,-72.68772057612286
2416.630067782402,-72.68789934009303,-72.68789934009303
2416.640067782402,-72.68807436619095,-72.68807436619095
2416.650067782402,-72.68824591203027,-72.68824591203027
2416.660067782402,-72.68841423073448,-72.68841423073448
2416.670067782402,-72.68857957119461,-72.68857957119461
2416.680067782402,-72.68874217834521,-72.68874217834521
2416.690067782402,-72.68890229341805,-72.68890229341805
2416.700067782402,-72.68906015415263,-72.68906015415263
2416.710067782402,-72.68921599495928,-72.68921599495928
2416.720067782402,-72.68937004709942,-72.68937004709942
2416.730067782402,-72.68952253878257,-72.68952253878257
2416.740067782402,-72.6896736953263,-72.6896736953263
2416.750067782402,-72.68982373921862,-72.68982373921862
2416.760067782402,-72.68997289020662,-72.68997289020662
2416.770067782402,-72.69012136536287,-72.69012136536287
2416.780067782402,-72.6902693791272,-72.6902693791272
2416.790067782402,-72.69041714337239,-72.69041714337239
2416.800067782402,-72.69056486743354,-72.69056486743354
2416.8100677824023,-72.69071275812088,-72.69071275812088
2416.820067782402,-72.6908610197611,-72.6908610197611
2416.8300677824022,-72.6910098542109,-72.6910098542109
2416.840067782402,-72.69115946088627,-72.69115946088627
2416.850067782402,-72.69131003674633,-72.69131003674633
2416.860067782402,-72.69146177634332,-72.69146177634332
2416.870067782402,-72.6916148717926,-72.6916148717926
2416.880067782402,-72.69176951280794,-72.69176951280794
2416.890067782402,-72.69192588668683,-72.69192588668683
2416.900067782402,-72.69208417833573,-72.69208417833573
2416.910067782402,-72.69224457026185,-72.69224457026185
2416.920067782402,-72.69240724259055,-72.69240724259055
2416.930067782402,-72.69257237305177,-72.69257237305177
2416.940067782402,-72.69274013699376,-72.69274013699376
2416.950067782402,-72.69291070740059,-72.69291070740059
2416.960067782402,-72.69307791531054,-72.69307791531054
2416.970067782402,-72.69323915385442,-72.69323915385442
2416.980067782402,-72.69339323970638,-72.69339323970638
2416.990067782402,-72.69353964789448,-72.69353964789448
2417.000067782402,-72.6936782195246,-72.6936782195246
2417.010067782402,-72.69380900986671,-72.69380900986671
2417.020067782402,-72.69393219914151,-72.69393219914151
2417.030067782402,-72.6940480389077,-72.6940480389077
2417.040067782402,-72.69415681981553,-72.69415681981553
2417.050067782402,-72.69425885219324,-72.69425885219324
2417.0600677824023,-72.69435445452656,-72.69435445452656
2417.070067782402,-72.69444394665297,-72.69444394665297
2417.0800677824022,-72.69452764586144,-72.69452764586144
2417.090067782402,-72.6946058648028,-72.6946058648028
2417.100067782402,-72.69467891040047,-72.69467891040047
2417.110067782402,-72.69474708345184,-72.69474708345184
2417.120067782402,-72.69481067856816,-72.69481067856816
2417.130067782402,-72.69486998435215,-72.69486998435215
2417.140067782402,-72.69492528364569,-72.69492528364569
2417.150067782402,-72.69497685383129,-72.69497685383129
2417.160067782402,-72.69502496717264,-72.69502496717264
2417.170067782402,-72.6950698911012,-72.6950698911012
2417.180067782402,-72.6951118884891,-72.6951118884891
2417.190067782402,-72.69515121791147,-72.69515121791147
2417.200067782402,-72.6951881338851,-72.6951881338851
2417.210067782402,-72.69522288703314,-72.69522288703314
2417.220067782402,-72.69525572428327,-72.69525572428327
2417.230067782402,-72.69528688900631,-72.69528688900631
2417.240067782402,-72.69531662112851,-72.69531662112851
2417.250067782402,-72.69534515727018,-72.69534515727018
2417.260067782402,-72.69537273081977,-72.69537273081977
2417.270067782402,-72.69539957199717,-72.69539957199717
2417.280067782402,-72.69542590796806,-72.69542590796806
2417.290067782402,-72.6954519628559,-72.6954519628559
2417.300067782402,-72.695477957816,-72.695477957816
2417.3100677824023,-72.69550411108244,-72.69550411108244
2417.320067782402,-72.69553063798543,-72.69553063798543
2417.3300677824022,-72.69555775100321,-72.69555775100321
2417.340067782402,-72.69558565978839,-72.69558565978839
2417.350067782402,-72.69561457117148,-72.69561457117148
2417.360067782402,-72.69564468921524,-72.69564468921524
2417.370067782402,-72.69567621521523,-72.69567621521523
2417.380067782402,-72.69570934772635,-72.69570934772635
2417.390067782402,-72.69574428258272,-72.69574428258272
2417.400067806244,-72.69578121298922,-72.69578121298922
2417.410067806244,-72.69582032920381,-72.69582032920381
2417.420067806244,-72.69586181905731,-72.69586181905731
2417.430067806244,-72.69590586764717,-72.69590586764717
2417.440067806244,-72.6959526574169,-72.6959526574169
2417.450067806244,-72.69600236816349,-72.69600236816349
2417.460067806244,-72.69605517708055,-72.69605517708055
2417.470067806244,-72.69611125874498,-72.69611125874498
2417.480067806244,-72.6961707851601,-72.6961707851601
2417.490067806244,-72.6962339257424,-72.6962339257424
2417.500067806244,-72.69630084735319,-72.69630084735319
2417.510067806244,-72.69637171429994,-72.69637171429994
2417.520067806244,-72.69644668838205,-72.69644668838205
2417.530067806244,-72.69652592887662,-72.69652592887662
2417.5400678062438,-72.69660959255401,-72.69660959255401
2417.550067806244,-72.69669783371252,-72.69669783371252
2417.5600678062438,-72.69679080419917,-72.69679080419917
2417.570067806244,-72.69688865340989,-72.69688865340989
2417.5800678062437,-72.69699152830543,-72.69699152830543
2417.590067806244,-72.69709957345239,-72.69709957345239
2417.6000678062437,-72.69721293102198,-72.69721293102198
2417.610067806244,-72.6973317408066,-72.6973317408066
2417.6200678062437,-72.69745614025754,-72.69745614025754
2417.630067806244,-72.6975862644826,-72.6975862644826
2417.6400678062437,-72.69772224629622,-72.69772224629622
2417.650067806244,-72.69786421619018,-72.69786421619018
2417.660067806244,-72.69801230240631,-72.69801230240631
2417.670067806244,-72.69816663092638,-72.69816663092638
2417.680067806244,-72.69832732549904,-72.69832732549904
2417.690067806244,-72.6984945076632,-72.6984945076632
2417.700067806244,-72.69866829676596,-72.69866829676596
2417.710067806244,-72.69884880998303,-72.69884880998303
2417.720067806244,-72.69903616234713,-72.69903616234713
2417.730067806244,-72.6992304667615,-72.6992304667615
2417.740067806244,-72.69943183401402,-72.69943183401402
2417.750067806244,-72.69964037282277,-72.69964037282277
2417.760067806244,-72.69985618984043,-72.69985618984043
2417.770067806244,-72.70007938967025,-72.70007938967025
2417.780067806244,-72.70031007491546,-72.70031007491546
2417.7900678062438,-72.70054834615411,-72.70054834615411
2417.800067806244,-72.70079430202432,-72.70079430202432
2417.8100678062438,-72.70104803917802,-72.70104803917802
2417.820067806244,-72.70130965235126,-72.70130965235126
2417.8300678062437,-72.70157923437017,-72.70157923437017
2417.840067806244,-72.70185687616582,-72.70185687616582
2417.8500678062437,-72.70214266681582,-72.70214266681582
2417.860067806244,-72.70243669353998,-72.70243669353998
2417.8700678062437,-72.70273904174891,-72.70273904174891
2417.880067806244,-72.70304979504145,-72.70304979504145
2417.8900678062437,-72.70336903524263,-72.70336903524263
2417.900067806244,-72.70369684241795,-72.70369684241795
2417.910067806244,-72.70403329489439,-72.70403329489439
2417.920067806244,-72.70437846929954,-72.70437846929954
2417.930067806244,-72.70473244053649,-72.70473244053649
2417.940067806244,-72.70509528186254,-72.70509528186254
2417.950067806244,-72.70546706487984,-72.70546706487984
2417.960067806244,-72.70584785955256,-72.70584785955256
2417.970067806244,-72.70623773424228,-72.70623773424228
2417.980067806244,-72.70663675572047,-72.70663675572047
2417.990067806244,-72.70704498917745,-72.70704498917745
2418.000067806244,-72.70746249828102,-72.70746249828102
2418.010067806244,-72.70788934514995,-72.70788934514995
2418.020067806244,-72.70832559039982,-72.70832559039982
2418.030067806244,-72.7087712931703,-72.7087712931703
2418.0400678062438,-72.70922651112143,-72.70922651112143
2418.050067806244,-72.70969130046682,-72.70969130046682
2418.0600678062438,-72.71016571599752,-72.71016571599752
2418.070067806244,-72.71064981109606,-72.71064981109606
2418.0800678062437,-72.71114363775231,-72.71114363775231
2418.090067806244,-72.71164724657991,-72.71164724657991
2418.1000678062437,-72.71216068684934,-72.71216068684934
2418.110067806244,-72.71268400649218,-72.71268400649218
2418.1200678062437,-72.71321725213467,-72.71321725213467
2418.130067806244,-72.71376046909616,-72.71376046909616
2418.1400678062437,-72.71431370142139,-72.71431370142139
2418.150067806244,-72.71487699189859,-72.71487699189859
2418.160067806244,-72.71545038207512,-72.71545038207512
2418.170067806244,-72.71603391226616,-72.71603391226616
2418.180067806244,-72.71662762158331,-72.71662762158331
2418.190067806244,-72.7172315479493,-72.7172315479493
2418.200067806244,-72.71784572811558,-72.71784572811558
2418.210067806244,-72.71847019768248,-72.71847019768248
2418.220067806244,-72.71910499109578,-72.71910499109578
2418.230067806244,-72.71975014169074,-72.71975014169074
2418.240067806244,-72.7204056816873,-72.7204056816873
2418.2500678300858,-72.7210716438277,-72.7210716438277
2418.260067830086,-72.72174805502412,-72.72174805502412
2418.2700678300857,-72.72243494582551,-72.72243494582551
2418.280067830086,-72.72313234419866,-72.72313234419866
2418.2900678300857,-72.72384027707623,-72.72384027707623
2418.300067830086,-72.72455877038882,-72.72455877038882
2418.3100678300857,-72.7252878490636,-72.7252878490636
2418.320067830086,-72.7260275370458,-72.7260275370458
2418.3300678300857,-72.72677785731636,-72.72677785731636
2418.340067830086,-72.72753883189294,-72.72753883189294
2418.3500678300857,-72.72831048186671,-72.72831048186671
2418.360067830086,-72.72909282741003,-72.72909282741003
2418.3700678300856,-72.72988588776988,-72.72988588776988
2418.380067830086,-72.7306896813008,-72.7306896813008
2418.3900678300856,-72.73150422549155,-72.73150422549155
2418.400067830086,-72.73232953693399,-72.73232953693399
2418.4100678300856,-72.73316563138904,-72.73316563138904
2418.420067830086,-72.73401252376362,-72.73401252376362
2418.4300678300856,-72.73487022814132,-72.73487022814132
2418.440067830086,-72.73573875778503,-72.73573875778503
2418.4500678300856,-72.73661812515783,-72.73661812515783
2418.460067830086,-72.73750834192164,-72.73750834192164
2418.4700678300856,-72.73840941897487,-72.73840941897487
2418.4800678300858,-72.73932136643921,-72.73932136643921
2418.4900678300855,-72.74024419368523,-72.74024419368523
2418.5000678300858,-72.74117790933552,-72.74117790933552
2418.510067830086,-72.74212252128666,-72.74212252128666
2418.5200678300857,-72.74307803672191,-72.74307803672191
2418.530067830086,-72.74404446210067,-72.74404446210067
2418.5400678300857,-72.74502180320277,-72.74502180320277
2418.550067830086,-72.74601006510204,-72.74601006510204
2418.5600678300857,-72.74700925221723,-72.74700925221723
2418.570067830086,-72.74801936829707,-72.74801936829707
2418.5800678300857,-72.74904041643241,-72.74904041643241
2418.590067830086,-72.75007239907374,-72.75007239907374
2418.6000678300857,-72.75111531804332,-72.75111531804332
2418.610067830086,-72.7521691745287,-72.7521691745287
2418.6200678300856,-72.75323396912185,-72.75323396912185
2418.630067830086,-72.75430970180268,-72.75430970180268
2418.6400678300856,-72.75539637195389,-72.75539637195389
2418.650067830086,-72.75649397839553,-72.75649397839553
2418.6600678300856,-72.75760251935415,-72.75760251935415
2418.670067830086,-72.75872199249955,-72.75872199249955
2418.6800678300856,-72.75985239495321,-72.75985239495321
2418.690067830086,-72.76099372327143,-72.76099372327143
2418.7000678300856,-72.76214597349708,-72.76214597349708
2418.710067830086,-72.76330914113913,-72.76330914113913
2418.7200678300856,-72.76448322118634,-72.76448322118634
2418.7300678300858,-72.76566820811425,-72.76566820811425
2418.7400678300855,-72.76686409589483,-72.76686409589483
2418.7500678300858,-72.76807087801677,-72.76807087801677
2418.760067830086,-72.76928854747858,-72.76928854747858
2418.7700678300857,-72.77051709680816,-72.77051709680816
2418.780067830086,-72.77175651804895,-72.77175651804895
2418.7900678300857,-72.77300680280159,-72.77300680280159
2418.800067830086,-72.77426794220719,-72.77426794220719
2418.8100678300857,-72.7755399269577,-72.7755399269577
2418.820067830086,-72.77682274730886,-72.77682274730886
2418.8300678300857,-72.77811639309522,-72.77811639309522
2418.840067830086,-72.77942085372351,-72.77942085372351
2418.8500678300857,-72.78073611818294,-72.78073611818294
2418.860067830086,-72.78206217505789,-72.78206217505789
2418.8700678300856,-72.78339901252636,-72.78339901252636
2418.880067830086,-72.7847466183779,-72.7847466183779
2418.8900678300856,-72.78610498001393,-72.78610498001393
2418.900067830086,-72.78747408444828,-72.78747408444828
2418.9100678300856,-72.78885391835121,-72.78885391835121
2418.920067830086,-72.79024446797878,-72.79024446797878
2418.9300678300856,-72.79164571925918,-72.79164571925918
2418.940067830086,-72.79305765775204,-72.79305765775204
2418.9500678300856,-72.79448026868411,-72.79448026868411
2418.960067830086,-72.79591353692851,-72.79591353692851
2418.9700678300856,-72.7973574470273,-72.7973574470273
2418.9800678300858,-72.79881198319202,-72.79881198319202
2418.9900678300855,-72.80027712931485,-72.80027712931485
2419.0000678300858,-72.80175286895305,-72.80175286895305
2419.010067830086,-72.80323918537378,-72.80323918537378
2419.0200678300857,-72.80473606153215,-72.80473606153215
2419.030067830086,-72.80624348008259,-72.80624348008259
2419.0400678300857,-72.80776142337612,-72.80776142337612
2419.050067830086,-72.80928987347863,-72.80928987347863
2419.0600678300857,-72.81082881218911,-72.81082881218911
2419.070067830086,-72.81237822100009,-72.81237822100009
2419.0800678300857,-72.81393808114252,-72.81393808114252
2419.090067830086,-72.81550837358313,-72.81550837358313
2419.1000678539276,-72.81708908279391,-72.81708908279391
2419.110067853928,-72.81868018171701,-72.81868018171701
2419.1200678539276,-72.82028165425413,-72.82028165425413
2419.130067853928,-72.82189348036181,-72.82189348036181
2419.1400678539276,-72.82351563973471,-72.82351563973471
2419.150067853928,-72.8251481118346,-72.8251481118346
2419.1600678539276,-72.82679087587566,-72.82679087587566
2419.170067853928,-72.8284439108543,-72.8284439108543
2419.1800678539275,-72.830107195544,-72.830107195544
2419.1900678539278,-72.83178070848733,-72.83178070848733
2419.2000678539275,-72.83346442801808,-72.83346442801808
2419.2100678539277,-72.83515833225627,-72.83515833225627
2419.2200678539275,-72.83686239910855,-72.83686239910855
2419.2300678539277,-72.83857660628598,-72.83857660628598
2419.2400678539275,-72.84030093129095,-72.84030093129095
2419.2500678539277,-72.8420353514422,-72.8420353514422
2419.2600678539275,-72.84377984386181,-72.84377984386181
2419.2700678539277,-72.84553438547623,-72.84553438547623
2419.2800678539274,-72.847289328862,-72.847289328862
2419.2900678539277,-72.8490331221965,-72.8490331221965
2419.3000678539274,-72.85075564262021,-72.85075564262021
2419.3100678539276,-72.85244873292147,-72.85244873292147
2419.3200678539274,-72.85410592182367,-72.85410592182367
2419.3300678539276,-72.85572204374215,-72.85572204374215
2419.3400678539274,-72.85729293247007,-72.85729293247007
2419.3500678539276,-72.85881520124316,-72.85881520124316
2419.360067853928,-72.86028608755035,-72.86028608755035
2419.3700678539276,-72.86170334117199,-72.86170334117199
2419.380067853928,-72.8630651403274,-72.8630651403274
2419.3900678539276,-72.86437002638517,-72.86437002638517
2419.400067853928,-72.86561685134444,-72.86561685134444
2419.4100678539276,-72.86680473447717,-72.86680473447717
2419.420067853928,-72.86793302587958,-72.86793302587958
2419.4300678539275,-72.86900127550263,-72.86900127550263
2419.4400678539278,-72.87000920655939,-72.87000920655939
2419.4500678539275,-72.87095669266002,-72.87095669266002
2419.4600678539277,-72.87184373797417,-72.87184373797417
2419.4700678539275,-72.87267046009131,-72.87267046009131
2419.4800678539277,-72.87343707503975,-72.87343707503975
2419.4900678539275,-72.87414388432958,-72.87414388432958
2419.5000678539277,-72.87479126359081,-72.87479126359081
2419.5100678539275,-72.87537965269695,-72.87537965269695
2419.5200678539277,-72.87590954706191,-72.87590954706191
2419.5300678539274,-72.87638149011241,-72.87638149011241
2419.5400678539277,-72.87679606660123,-72.87679606660123
2419.5500678539274,-72.87715389679691,-72.87715389679691
2419.5600678539276,-72.87745563132364,-72.87745563132364
2419.5700678539274,-72.8777019466933,-72.8777019466933
2419.5800678539276,-72.87789354128913,-72.87789354128913
2419.5900678539274,-72.87803113190485,-72.87803113190485
2419.6000678539276,-72.87811545061524,-72.87811545061524
2419.610067853928,-72.87814724209608,-72.87814724209608
2419.6200678539276,-72.87812726118253,-72.87812726118253
2419.630067853928,-72.87805627075693,-72.87805627075693
2419.6400678539276,-72.877935039867,-72.877935039867
2419.650067853928,-72.8777643420628,-72.8777643420628
2419.6600678539276,-72.87754495394155,-72.87754495394155
2419.670067853928,-72.87727765382095,-72.87727765382095
2419.6800678539275,-72.87696322062749,-72.87696322062749
2419.6900678539278,-72.87660243285258,-72.87660243285258
2419.7000678539275,-72.87619606768591,-72.87619606768591
2419.7100678539277,-72.87574490020019,-72.87574490020019
2419.7200678539275,-72.87524970267897,-72.87524970267897
2419.7300678539277,-72.87471124398034,-72.87471124398034
2419.7400678539275,-72.87413028902256,-72.87413028902256
2419.7500678539277,-72.87350759829702,-72.87350759829702
2419.7600678539275,-72.87284392745268,-72.87284392745268
2419.7700678539277,-72.87214002694996,-72.87214002694996
2419.7800678539274,-72.87139664173819,-72.87139664173819
2419.7900678539277,-72.87061451096508,-72.87061451096508
2419.8000678539274,-72.86979436777823,-72.86979436777823
2419.8100678539276,-72.86893693908767,-72.86893693908767
2419.8200678539274,-72.86804294541642,-72.86804294541642
2419.8300678539276,-72.86711310073446,-72.86711310073446
2419.8400678539274,-72.86614811234615,-72.86614811234615
2419.8500678539276,-72.86514868078677,-72.86514868078677
2419.860067853928,-72.8641154997543,-72.8641154997543
2419.8700678539276,-72.86304925600291,-72.86304925600291
2419.880067853928,-72.86195062932939,-72.86195062932939
2419.8900678539276,-72.86082029251745,-72.86082029251745
2419.900067853928,-72.85965891130219,-72.85965891130219
2419.9100678539276,-72.85846714438367,-72.85846714438367
2419.920067853928,-72.85724564338642,-72.85724564338642
2419.9300678539275,-72.8559950528811,-72.8559950528811
2419.9400678539278,-72.85471601038634,-72.85471601038634
2419.9500678777695,-72.85340914326464,-72.85340914326464
2419.9600678777697,-72.85206872546071,-72.85206872546071
2419.9700678777695,-72.85069258624421,-72.85069258624421
2419.9800678777697,-72.849279979956,-72.849279979956
2419.9900678777694,-72.84783081630168,-72.84783081630168
2420.0000678777697,-72.84634536748715,-72.84634536748715
2420.0100678777694,-72.84482411600882,-72.84482411600882
2420.0200678777696,-72.84326766537644,-72.84326766537644
2420.0300678777694,-72.8416766864001,-72.8416766864001
2420.0400678777696,-72.8400518849177,-72.8400518849177
2420.0500678777694,-72.83839398238582,-72.83839398238582
2420.0600678777696,-72.83670370435819,-72.83670370435819
2420.0700678777694,-72.83498177368783,-72.83498177368783
2420.0800678777696,-72.83322890666315,-72.83322890666315
2420.0900678777693,-72.83144581091688,-72.83144581091688
2420.1000678777696,-72.82963318437632,-72.82963318437632
2420.1100678777693,-72.82779171489311,-72.82779171489311
2420.1200678777695,-72.82592208020925,-72.82592208020925
2420.1300678777693,-72.824024948163,-72.824024948163
2420.1400678777695,-72.82210097696478,-72.82210097696478
2420.1500678777693,-72.82015081556011,-72.82015081556011
2420.1600678777695,-72.81817510395476,-72.81817510395476
2420.1700678777693,-72.81617447356452,-72.81617447356452
2420.1800678777695,-72.81414954753463,-72.81414954753463
2420.1900678777693,-72.81210094101485,-72.81210094101485
2420.2000678777695,-72.81002926141986,-72.81002926141986
2420.2100678777697,-72.80792875740707,-72.80792875740707
2420.2200678777695,-72.8057972396099,-72.8057972396099
2420.2300678777697,-72.80363393983859,-72.80363393983859
2420.2400678777694,-72.80143874498688,-72.80143874498688
2420.2500678777697,-72.79921190445158,-72.79921190445158
2420.2600678777694,-72.79695387804688,-72.79695387804688
2420.2700678777696,-72.79466524681294,-72.79466524681294
2420.2800678777694,-72.79234665939184,-72.79234665939184
2420.2900678777696,-72.78999879974944,-72.78999879974944
2420.3000678777694,-72.7876223678545,-72.7876223678545
2420.3100678777696,-72.78521806810278,-72.78521806810278
2420.3200678777694,-72.78278660260992,-72.78278660260992
2420.3300678777696,-72.78032866729934,-72.78032866729934
2420.3400678777693,-72.77784494983051,-72.77784494983051
2420.3500678777696,-72.77533612854803,-72.77533612854803
2420.3600678777693,-72.77280287210282,-72.77280287210282
2420.3700678777695,-72.77024583942418,-72.77024583942418
2420.3800678777693,-72.76766567989803,-72.76766567989803
2420.3900678777695,-72.76506303365565,-72.76506303365565
2420.4000678777693,-72.76243853188045,-72.76243853188045
2420.4100678777695,-72.75979279716633,-72.75979279716633
2420.4200678777693,-72.75712644383418,-72.75712644383418
2420.4300678777695,-72.75444007823957,-72.75444007823957
2420.4400678777693,-72.75173429901034,-72.75173429901034
2420.4500678777695,-72.7490096973381,-72.7490096973381
2420.4600678777697,-72.7462668571508,-72.7462668571508
2420.4700678777695,-72.74350635533656,-72.74350635533656
2420.4800678777697,-72.74072876188099,-72.74072876188099
2420.4900678777694,-72.73793464003244,-72.73793464003244
2420.5000678777697,-72.73512454641201,-72.73512454641201
2420.5100678777694,-72.73229903114054,-72.73229903114054
2420.5200678777696,-72.72945863792404,-72.72945863792404
2420.5300678777694,-72.72660390415078,-72.72660390415078
2420.5400678777696,-72.72373536096329,-72.72373536096329
2420.5500678777694,-72.72085353332545,-72.72085353332545
2420.5600678777696,-72.71795894009486,-72.71795894009486
2420.5700678777694,-72.71505209406095,-72.71505209406095
2420.5800678777696,-72.71213350200766,-72.71213350200766
2420.5900678777693,-72.70920366476744,-72.70920366476744
2420.6000678777696,-72.70626307724574,-72.70626307724574
2420.6100678777693,-72.70331222850167,-72.70331222850167
2420.6200678777695,-72.70035160174373,-72.70035160174373
2420.6300678777693,-72.69738167438724,-72.69738167438724
2420.6400678777695,-72.69440291810447,-72.69440291810447
2420.6500678777693,-72.6914157988376,-72.6914157988376
2420.6600678777695,-72.68842077684555,-72.68842077684555
2420.6700678777693,-72.68541830675632,-72.68541830675632
2420.6800678777695,-72.68240883757112,-72.68240883757112
2420.6900678777693,-72.6793928127125,-72.6793928127125
2420.7000678777695,-72.67637067006304,-72.67637067006304
2420.7100678777697,-72.67333650417882,-72.67333650417882
2420.7200678777695,-72.67028796677437,-72.67028796677437
2420.7300678777697,-72.66722412986354,-72.66722412986354
2420.7400678777694,-72.66414472094054,-72.66414472094054
2420.7500678777697,-72.66104983082575,-72.66104983082575
2420.7600678777694,-72.65793976173997,-72.65793976173997
2420.7700678777696,-72.6548149381427,-72.6548149381427
2420.7800678777694,-72.65167585312095,-72.65167585312095
2420.7900678777696,-72.64852303611956,-72.64852303611956
2420.8000679016113,-72.64535702599538,-72.64535702599538
2420.8100679016115,-72.64217838961314,-72.64217838961314
2420.8200679016113,-72.63898766993415,-72.63898766993415
2420.8300679016115,-72.63578541213737,-72.63578541213737
2420.8400679016113,-72.6325721540495,-72.6325721540495
2420.8500679016115,-72.6293484250696,-72.6293484250696
2420.8600679016113,-72.62611474579347,-72.62611474579347
2420.8700679016115,-72.62287162796808,-72.62287162796808
2420.8800679016113,-72.61961957466015,-72.61961957466015
2420.8900679016115,-72.61635908055885,-72.61635908055885
2420.9000679016112,-72.61309063229449,-72.61309063229449
2420.9100679016115,-72.60981470876614,-72.60981470876614
2420.920067901611,-72.6065317814827,-72.6065317814827
2420.9300679016114,-72.60324231485312,-72.60324231485312
2420.940067901611,-72.59994676646886,-72.59994676646886
2420.9500679016114,-72.59664558734008,-72.59664558734008
2420.960067901611,-72.59333922213452,-72.59333922213452
2420.9700679016114,-72.59002810935642,-72.59002810935642
2420.980067901611,-72.58671268152001,-72.58671268152001
2420.9900679016114,-72.58339336529666,-72.58339336529666
2421.000067901611,-72.58007058166197,-72.58007058166197
2421.0100679016114,-72.57674474598373,-72.57674474598373
2421.020067901611,-72.57341626815274,-72.57341626815274
2421.0300679016113,-72.57008555266,-72.57008555266
2421.040067901611,-72.56675299867662,-72.56675299867662
2421.0500679016113,-72.56341900012859,-72.56341900012859
2421.0600679016115,-72.56008394576926,-72.56008394576926
2421.0700679016113,-72.55674821922518,-72.55674821922518
2421.0800679016115,-72.55341219906633,-72.55341219906633
2421.0900679016113,-72.55007625884872,-72.55007625884872
2421.1000679016115,-72.54674076715376,-72.54674076715376
2421.1100679016113,-72.54340608766071,-72.54340608766071
2421.1200679016115,-72.5400725791532,-72.5400725791532
2421.1300679016113,-72.53674059557855,-72.53674059557855
2421.1400679016115,-72.53341048608976,-72.53341048608976
2421.1500679016112,-72.53008259507237,-72.53008259507237
2421.1600679016115,-72.52675726218408,-72.52675726218408
2421.170067901611,-72.52343482239985,-72.52343482239985
2421.1800679016114,-72.52011560603269,-72.52011560603269
2421.190067901611,-72.51679993877738,-72.51679993877738
2421.2000679016114,-72.5134881417539,-72.5134881417539
2421.210067901611,-72.51017420952635,-72.51017420952635
2421.2200679016114,-72.50685568689818,-72.50685568689818
2421.230067901611,-72.5035315366845,-72.5035315366845
2421.2400679016114,-72.50020137661795,-72.50020137661795
2421.250067901611,-72.49686518783807,-72.49686518783807
2421.2600679016114,-72.4935231632827,-72.4935231632827
2421.270067901611,-72.4901756187384,-72.4901756187384
2421.2800679016113,-72.48682293929708,-72.48682293929708
2421.290067901611,-72.48346554716649,-72.48346554716649
2421.3000679016113,-72.48010388230675,-72.48010388230675
2421.3100679016115,-72.47673839091752,-72.47673839091752
2421.3200679016113,-72.47336951864091,-72.47336951864091
2421.3300679016115,-72.46999770671376,-72.46999770671376
2421.3400679016113,-72.4666233898405,-72.4666233898405
2421.3500679016115,-72.46324699515206,-72.46324699515206
2421.3600679016113,-72.45986894182943,-72.45986894182943
2421.3700679016115,-72.45648964104453,-72.45648964104453
2421.3800679016113,-72.4531094961604,-72.4531094961604
2421.3900679016115,-72.4497289029955,-72.4497289029955
2421.4000679016112,-72.44634825016986,-72.44634825016986
2421.4100679016115,-72.44296791942628,-72.44296791942628
2421.420067901611,-72.4395882859588,-72.4395882859588
2421.4300679016114,-72.43620971873203,-72.43620971873203
2421.440067901611,-72.43283258071894,-72.43283258071894
2421.4500679016114,-72.42945722917823,-72.42945722917823
2421.460067901611,-72.42607770218763,-72.42607770218763
2421.4700679016114,-72.42269158325504,-72.42269158325504
2421.480067901611,-72.41929787155998,-72.41929787155998
2421.4900679016114,-72.41589621983415,-72.41589621983415
2421.500067901611,-72.41248664330672,-72.41248664330672
2421.5100679016114,-72.40906936833262,-72.40906936833262
2421.520067901611,-72.40564474361358,-72.40564474361358
2421.5300679016113,-72.40221318677581,-72.40221318677581
2421.540067901611,-72.39877515224276,-72.39877515224276
2421.5500679016113,-72.39533111195293,-72.39533111195293
2421.5600679016115,-72.3918815438484,-72.3918815438484
2421.5700679016113,-72.38842692515755,-72.38842692515755
2421.5800679016115,-72.38496772852311,-72.38496772852311
2421.5900679016113,-72.3815044199176,-72.3815044199176
2421.6000679016115,-72.37803745760229,-72.37803745760229
2421.6100679016113,-72.37456729173485,-72.37456729173485
2421.6200679016115,-72.3710943643629,-72.3710943643629
2421.6300679016113,-72.3676191095786,-72.3676191095786
2421.6400679016115,-72.36414195379714,-72.36414195379714
2421.650067925453,-72.36066330782627,-72.36066330782627
2421.6600679254534,-72.35718360028042,-72.35718360028042
2421.670067925453,-72.35370322829901,-72.35370322829901
2421.6800679254534,-72.35022259084255,-72.35022259084255
2421.690067925453,-72.34674208077593,-72.34674208077593
2421.7000679254534,-72.34326208505863,-72.34326208505863
2421.710067925453,-72.33977668012797,-72.33977668012797
2421.7200679254533,-72.3362834836052,-72.3362834836052
2421.730067925453,-72.33278152682576,-72.33278152682576
2421.7400679254533,-72.32927049363269,-72.32927049363269
2421.750067925453,-72.32575042965533,-72.32575042965533
2421.7600679254533,-72.32222159112831,-72.32222159112831
2421.770067925453,-72.31868435618644,-72.31868435618644
2421.7800679254533,-72.31513917153558,-72.31513917153558
2421.790067925453,-72.31158652033692,-72.31158652033692
2421.8000679254533,-72.30802690293557,-72.30802690293557
2421.810067925453,-72.30446082538688,-72.30446082538688
2421.8200679254533,-72.30088879271605,-72.30088879271605
2421.830067925453,-72.29731130505252,-72.29731130505252
2421.8400679254532,-72.29372885555685,-72.29372885555685
2421.850067925453,-72.29014192938229,-72.29014192938229
2421.860067925453,-72.28655100325615,-72.28655100325615
2421.870067925453,-72.28295654550269,-72.28295654550269
2421.880067925453,-72.27935901616115,-72.27935901616115
2421.890067925453,-72.27575886729791,-72.27575886729791
2421.900067925453,-72.27215654332484,-72.27215654332484
2421.9100679254534,-72.26855248133438,-72.26855248133438
2421.920067925453,-72.26494711139492,-72.26494711139492
2421.9300679254534,-72.26134085686351,-72.26134085686351
2421.940067925453,-72.25773413465016,-72.25773413465016
2421.9500679254534,-72.2541273554559,-72.2541273554559
2421.960067925453,-72.25052092396639,-72.25052092396639
2421.9700679254533,-72.24691523905238,-72.24691523905238
2421.980067925453,-72.24331069392734,-72.24331069392734
2421.9900679254533,-72.23970767626842,-72.23970767626842
2422.000067925453,-72.23610656837464,-72.23610656837464
2422.0100679254533,-72.23250774723722,-72.23250774723722
2422.020067925453,-72.2289115846491,-72.2289115846491
2422.0300679254533,-72.22531844727077,-72.22531844727077
2422.040067925453,-72.22172869672941,-72.22172869672941
2422.0500679254533,-72.2181426896532,-72.2181426896532
2422.060067925453,-72.21456077775137,-72.21456077775137
2422.0700679254533,-72.21098330784089,-72.21098330784089
2422.080067925453,-72.20741062191665,-72.20741062191665
2422.0900679254532,-72.20384305717214,-72.20384305717214
2422.100067925453,-72.20028094606157,-72.20028094606157
2422.110067925453,-72.19672461631663,-72.19672461631663
2422.120067925453,-72.1931743909965,-72.1931743909965
2422.130067925453,-72.18963058851223,-72.18963058851223
2422.140067925453,-72.18609352265713,-72.18609352265713
2422.150067925453,-72.18256350264508,-72.18256350264508
2422.1600679254534,-72.17904083314164,-72.17904083314164
2422.170067925453,-72.1755258142943,-72.1755258142943
2422.1800679254534,-72.17201874175706,-72.17201874175706
2422.190067925453,-72.16851990672252,-72.16851990672252
2422.2000679254534,-72.16502959595432,-72.16502959595432
2422.210067925453,-72.161541804786,-72.161541804786
2422.2200679254533,-72.15805406240317,-72.15805406240317
2422.230067925453,-72.15456530906123,-72.15456530906123
2422.2400679254533,-72.15107513659368,-72.15107513659368
2422.250067925453,-72.1475834983272,-72.1475834983272
2422.2600679254533,-72.14409055821034,-72.14409055821034
2422.270067925453,-72.14059660229202,-72.14059660229202
2422.2800679254533,-72.13710198544835,-72.13710198544835
2422.290067925453,-72.1336070993293,-72.1336070993293
2422.3000679254533,-72.13011235311566,-72.13011235311566
2422.310067925453,-72.12661816205365,-72.12661816205365
2422.3200679254533,-72.12312494072022,-72.12312494072022
2422.330067925453,-72.11963309919206,-72.11963309919206
2422.3400679254532,-72.11614304093563,-72.11614304093563
2422.350067925453,-72.11265516182519,-72.11265516182519
2422.360067925453,-72.10916984970822,-72.10916984970822
2422.370067925453,-72.10568748443436,-72.10568748443436
2422.380067925453,-72.10220843799698,-72.10220843799698
2422.390067925453,-72.09873307487119,-72.09873307487119
2422.400067925453,-72.09526175232433,-72.09526175232433
2422.4100679254534,-72.0917948207511,-72.0917948207511
2422.420067925453,-72.08833262402194,-72.08833262402194
2422.4300679254534,-72.08487549979104,-72.08487549979104
2422.440067925453,-72.08142377975796,-72.08142377975796
2422.4500679254534,-72.07797778994194,-72.07797778994194
2422.460067925453,-72.0745378508875,-72.0745378508875
2422.4700679254533,-72.07110427785489,-72.07110427785489
2422.480067925453,-72.06767738102087,-72.06767738102087
2422.4900679254533,-72.06425746560672,-72.06425746560672
2422.500067949295,-72.06084482388445,-72.06084482388445
2422.5100679492953,-72.05743976781504,-72.05743976781504
2422.520067949295,-72.05404258038799,-72.05404258038799
2422.5300679492952,-72.05065354820083,-72.05065354820083
2422.540067949295,-72.04727295343223,-72.04727295343223
2422.550067949295,-72.04390107390212,-72.04390107390212
2422.560067949295,-72.04053818315055,-72.04053818315055
2422.570067949295,-72.03718455049295,-72.03718455049295
2422.580067949295,-72.03384044106966,-72.03384044106966
2422.590067949295,-72.03050611588758,-72.03050611588758
2422.600067949295,-72.02718183188469,-72.02718183188469
2422.610067949295,-72.02386784195868,-72.02386784195868
2422.620067949295,-72.02056439501808,-72.02056439501808
2422.630067949295,-72.01727173600112,-72.01727173600112
2422.640067949295,-72.01399010593366,-72.01399010593366
2422.650067949295,-72.01071974195926,-72.01071974195926
2422.660067949295,-72.00746087736418,-72.00746087736418
2422.670067949295,-72.0042137416074,-72.0042137416074
2422.680067949295,-72.00097856038542,-72.00097856038542
2422.690067949295,-71.9977555556176,-71.9977555556176
2422.700067949295,-71.9945449455124,-71.9945449455124
2422.710067949295,-71.99134694458728,-71.99134694458728
2422.720067949295,-71.9881617637036,-71.9881617637036
2422.730067949295,-71.98498961009048,-71.98498961009048
2422.740067949295,-71.98183068737565,-71.98183068737565
2422.750067949295,-71.9786851956239,-71.9786851956239
2422.7600679492953,-71.97555333137227,-71.97555333137227
2422.770067949295,-71.97243528765662,-71.97243528765662
2422.7800679492952,-71.96933125402848,-71.96933125402848
2422.790067949295,-71.96624141660784,-71.96624141660784
2422.800067949295,-71.9631659581004,-71.9631659581004
2422.810067949295,-71.960105057842,-71.960105057842
2422.820067949295,-71.95705889182095,-71.95705889182095
2422.830067949295,-71.95402763270366,-71.95402763270366
2422.840067949295,-71.95101144988962,-71.95101144988962
2422.850067949295,-71.94801050952239,-71.94801050952239
2422.860067949295,-71.94502497452484,-71.94502497452484
2422.870067949295,-71.9420550046384,-71.9420550046384
2422.880067949295,-71.93910075645753,-71.93910075645753
2422.890067949295,-71.93616238345663,-71.93616238345663
2422.900067949295,-71.9332400360203,-71.9332400360203
2422.910067949295,-71.93033386148002,-71.93033386148002
2422.920067949295,-71.92744400414533,-71.92744400414533
2422.930067949295,-71.92457060534005,-71.92457060534005
2422.940067949295,-71.92171380342917,-71.92171380342917
2422.950067949295,-71.91887373386984,-71.91887373386984
2422.960067949295,-71.91605052920357,-71.91605052920357
2422.970067949295,-71.91324431913657,-71.91324431913657
2422.980067949295,-71.91045523054315,-71.91045523054315
2422.990067949295,-71.90768338749935,-71.90768338749935
2423.000067949295,-71.90492891132764,-71.90492891132764
2423.0100679492953,-71.90219192062334,-71.90219192062334
2423.020067949295,-71.89947253129152,-71.89947253129152
2423.0300679492952,-71.8967708565682,-71.8967708565682
2423.040067949295,-71.89408700707031,-71.89408700707031
2423.050067949295,-71.89142109080501,-71.89142109080501
2423.060067949295,-71.8887732132246,-71.8887732132246
2423.070067949295,-71.88614347723009,-71.88614347723009
2423.080067949295,-71.88353198323524,-71.88353198323524
2423.090067949295,-71.88093882917897,-71.88093882917897
2423.100067949295,-71.87836411056938,-71.87836411056938
2423.110067949295,-71.87580792048479,-71.87580792048479
2423.120067949295,-71.87327034965222,-71.87327034965222
2423.130067949295,-71.87075148642892,-71.87075148642892
2423.140067949295,-71.86825141687514,-71.86825141687514
2423.150067949295,-71.86577022475478,-71.86577022475478
2423.160067949295,-71.86330799157872,-71.86330799157872
2423.170067949295,-71.86086479662931,-71.86086479662931
2423.180067949295,-71.85844071699728,-71.85844071699728
2423.190067949295,-71.85603582760598,-71.85603582760598
2423.200067949295,-71.85365020124614,-71.85365020124614
2423.210067949295,-71.85128390859722,-71.85128390859722
2423.220067949295,-71.84893701824933,-71.84893701824933
2423.230067949295,-71.84660959675563,-71.84660959675563
2423.240067949295,-71.8443017086414,-71.8443017086414
2423.250067949295,-71.84201341644935,-71.84201341644935
2423.2600679492953,-71.83974478073418,-71.83974478073418
2423.270067949295,-71.83749586013138,-71.83749586013138
2423.2800679492952,-71.835266711346,-71.835266711346
2423.290067949295,-71.83305738922495,-71.83305738922495
2423.300067949295,-71.83086794672793,-71.83086794672793
2423.310067949295,-71.82869843499553,-71.82869843499553
2423.320067949295,-71.82654890337774,-71.82654890337774
2423.330067949295,-71.824419399425,-71.824419399425
2423.340067949295,-71.82230996893726,-71.82230996893726
2423.350067973137,-71.82022065102072,-71.82022065102072
2423.360067973137,-71.81815149805338,-71.81815149805338
2423.370067973137,-71.81610254570657,-71.81610254570657
2423.380067973137,-71.81407383300925,-71.81407383300925
2423.390067973137,-71.81206539737893,-71.81206539737893
2423.400067973137,-71.81007727462989,-71.81007727462989
2423.410067973137,-71.80810949899094,-71.80810949899094
2423.420067973137,-71.80616210312405,-71.80616210312405
2423.430067973137,-71.80423511816981,-71.80423511816981
2423.440067973137,-71.80232857374935,-71.80232857374935
2423.450067973137,-71.80044249800724,-71.80044249800724
2423.460067973137,-71.79857691760799,-71.79857691760799
2423.470067973137,-71.79673185777922,-71.79673185777922
2423.480067973137,-71.7949073423187,-71.7949073423187
2423.490067973137,-71.79310339363694,-71.79310339363694
2423.500067973137,-71.79132003276159,-71.79132003276159
2423.5100679731368,-71.78955727935248,-71.78955727935248
2423.520067973137,-71.7878151517497,-71.7878151517497
2423.5300679731367,-71.78609366696337,-71.78609366696337
2423.540067973137,-71.78439284071317,-71.78439284071317
2423.5500679731367,-71.78271268743892,-71.78271268743892
2423.560067973137,-71.78105322033298,-71.78105322033298
2423.5700679731367,-71.77941445135188,-71.77941445135188
2423.580067973137,-71.77779639122555,-71.77779639122555
2423.5900679731367,-71.77619904949326,-71.77619904949326
2423.600067973137,-71.77462243451184,-71.77462243451184
2423.610067973137,-71.77306655348754,-71.77306655348754
2423.620067973137,-71.77153141246833,-71.77153141246833
2423.630067973137,-71.77001701639458,-71.77001701639458
2423.640067973137,-71.76852336909754,-71.76852336909754
2423.650067973137,-71.76705047331453,-71.76705047331453
2423.660067973137,-71.76559833071262,-71.76559833071262
2423.670067973137,-71.76416694191956,-71.76416694191956
2423.680067973137,-71.76275630651345,-71.76275630651345
2423.690067973137,-71.76136642304904,-71.76136642304904
2423.700067973137,-71.75999728909709,-71.75999728909709
2423.710067973137,-71.75864890122308,-71.75864890122308
2423.720067973137,-71.7573212550233,-71.7573212550233
2423.730067973137,-71.75601434516085,-71.75601434516085
2423.740067973137,-71.75472816533885,-71.75472816533885
2423.750067973137,-71.75346270834797,-71.75346270834797
2423.7600679731368,-71.75221796605884,-71.75221796605884
2423.770067973137,-71.75099392946308,-71.75099392946308
2423.7800679731367,-71.74979058866637,-71.74979058866637
2423.790067973137,-71.74860793290668,-71.74860793290668
2423.8000679731367,-71.74744595058823,-71.74744595058823
2423.810067973137,-71.7463046292626,-71.7463046292626
2423.8200679731367,-71.74518395567594,-71.74518395567594
2423.830067973137,-71.7440839157574,-71.7440839157574
2423.8400679731367,-71.7430044946467,-71.7430044946467
2423.850067973137,-71.7419456766986,-71.7419456766986
2423.860067973137,-71.7409074455111,-71.7409074455111
2423.870067973137,-71.73988978392129,-71.73988978392129
2423.880067973137,-71.73889267402892,-71.73889267402892
2423.890067973137,-71.73791609720365,-71.73791609720365
2423.900067973137,-71.73696003409322,-71.73696003409322
2423.910067973137,-71.73602446465854,-71.73602446465854
2423.920067973137,-71.73510936816918,-71.73510936816918
2423.930067973137,-71.73421472319504,-71.73421472319504
2423.940067973137,-71.73334050765831,-71.73334050765831
2423.950067973137,-71.73248669882379,-71.73248669882379
2423.960067973137,-71.73165327329922,-71.73165327329922
2423.970067973137,-71.73084020707985,-71.73084020707985
2423.980067973137,-71.7300474755281,-71.7300474755281
2423.990067973137,-71.7292750533933,-71.7292750533933
2424.000067973137,-71.72852291483272,-71.72852291483272
2424.0100679731368,-71.72779103342235,-71.72779103342235
2424.020067973137,-71.72707938213803,-71.72707938213803
2424.0300679731367,-71.72638793340825,-71.72638793340825
2424.040067973137,-71.7257166591,-71.7257166591
2424.0500679731367,-71.72506553052902,-71.72506553052902
2424.060067973137,-71.72443451847947,-71.72443451847947
2424.0700679731367,-71.72382359320136,-71.72382359320136
2424.080067973137,-71.72323272442853,-71.72323272442853
2424.0900679731367,-71.7226618813938,-71.7226618813938
2424.100067973137,-71.7221110328246,-71.7221110328246
2424.110067973137,-71.72158014696674,-71.72158014696674
2424.120067973137,-71.72106919157456,-71.72106919157456
2424.130067973137,-71.72057813393789,-71.72057813393789
2424.140067973137,-71.72010694088789,-71.72010694088789
2424.150067973137,-71.7196555787981,-71.7196555787981
2424.160067973137,-71.71922401360361,-71.71922401360361
2424.170067973137,-71.71881221078154,-71.71881221078154
2424.180067973137,-71.71842013541361,-71.71842013541361
2424.190067973137,-71.7180477521377,-71.7180477521377
2424.2000679969788,-71.71769502435376,-71.71769502435376
2424.210067996979,-71.71736191762699,-71.71736191762699
2424.2200679969787,-71.71704839449049,-71.71704839449049
2424.230067996979,-71.7167544179948,-71.7167544179948
2424.2400679969787,-71.71647995081311,-71.71647995081311
2424.250067996979,-71.71622495522972,-71.71622495522972
2424.2600679969787,-71.71598939318734,-71.71598939318734
2424.270067996979,-71.71577322625147,-71.71577322625147
2424.2800679969787,-71.71557641565389,-71.71557641565389
2424.290067996979,-71.71539892226136,-71.71539892226136
2424.3000679969787,-71.71524070663104,-71.71524070663104
2424.310067996979,-71.71510172897206,-71.71510172897206
2424.3200679969787,-71.7149819491722,-71.7149819491722
2424.330067996979,-71.71488132680963,-71.71488132680963
2424.3400679969786,-71.71479982115692,-71.71479982115692
2424.350067996979,-71.71473739116965,-71.71473739116965
2424.3600679969786,-71.71469399552491,-71.71469399552491
2424.370067996979,-71.71466959259614,-71.71466959259614
2424.3800679969786,-71.7146641404833,-71.7146641404833
2424.390067996979,-71.71467759699522,-71.71467759699522
2424.4000679969786,-71.71470991968934,-71.71470991968934
2424.410067996979,-71.71476106584,-71.71476106584
2424.4200679969786,-71.71483099247617,-71.71483099247617
2424.430067996979,-71.7149196563626,-71.7149196563626
2424.4400679969785,-71.71502701402416,-71.71502701402416
2424.4500679969788,-71.71515302173805,-71.71515302173805
2424.460067996979,-71.71529763554845,-71.71529763554845
2424.4700679969787,-71.71546081126752,-71.71546081126752
2424.480067996979,-71.71564250447501,-71.71564250447501
2424.4900679969787,-71.71584267054261,-71.71584267054261
2424.500067996979,-71.71606126462888,-71.71606126462888
2424.5100679969787,-71.71629824165909,-71.71629824165909
2424.520067996979,-71.71655355637449,-71.71655355637449
2424.5300679969787,-71.71682716331765,-71.71682716331765
2424.540067996979,-71.7171190168218,-71.7171190168218
2424.5500679969787,-71.7174290710477,-71.7174290710477
2424.560067996979,-71.71775727995157,-71.71775727995157
2424.5700679969787,-71.71810359732834,-71.71810359732834
2424.580067996979,-71.71846797677418,-71.71846797677418
2424.5900679969786,-71.71885037174532,-71.71885037174532
2424.600067996979,-71.7192507355002,-71.7192507355002
2424.6100679969786,-71.71966902116112,-71.71966902116112
2424.620067996979,-71.72010518167417,-71.72010518167417
2424.6300679969786,-71.72055916983385,-71.72055916983385
2424.640067996979,-71.72103093830054,-71.72103093830054
2424.6500679969786,-71.72152043957354,-71.72152043957354
2424.660067996979,-71.72202762600656,-71.72202762600656
2424.6700679969786,-71.72255244984764,-71.72255244984764
2424.680067996979,-71.72309486317411,-71.72309486317411
2424.6900679969785,-71.72365481796315,-71.72365481796315
2424.7000679969788,-71.72423226604354,-71.72423226604354
2424.710067996979,-71.72482715914414,-71.72482715914414
2424.7200679969787,-71.72543944886472,-71.72543944886472
2424.730067996979,-71.72606908669154,-71.72606908669154
2424.7400679969787,-71.72671602400571,-71.72671602400571
2424.750067996979,-71.72738021208187,-71.72738021208187
2424.7600679969787,-71.72806160209016,-71.72806160209016
2424.770067996979,-71.7287601450956,-71.7287601450956
2424.7800679969787,-71.72947579208056,-71.72947579208056
2424.790067996979,-71.73020849392469,-71.73020849392469
2424.8000679969787,-71.73095820142184,-71.73095820142184
2424.810067996979,-71.73172486528043,-71.73172486528043
2424.8200679969787,-71.7325084361311,-71.7325084361311
2424.830067996979,-71.73330886451649,-71.73330886451649
2424.8400679969786,-71.73412610091718,-71.73412610091718
2424.850067996979,-71.73496009571794,-71.73496009571794
2424.8600679969786,-71.73581079925418,-71.73581079925418
2424.870067996979,-71.73667816178579,-71.73667816178579
2424.8800679969786,-71.73756213352073,-71.73756213352073
2424.890067996979,-71.73846266458673,-71.73846266458673
2424.9000679969786,-71.73937970506397,-71.73937970506397
2424.910067996979,-71.74031320497868,-71.74031320497868
2424.9200679969786,-71.7412631143075,-71.7412631143075
2424.930067996979,-71.74222938297197,-71.74222938297197
2424.9400679969785,-71.7432119608478,-71.7432119608478
2424.9500679969788,-71.74421079776418,-71.74421079776418
2424.960067996979,-71.74522584351872,-71.74522584351872
2424.9700679969787,-71.74625704785839,-71.74625704785839
2424.980067996979,-71.74730436050139,-71.74730436050139
2424.9900679969787,-71.74836773113205,-71.74836773113205
2425.000067996979,-71.74944710939629,-71.74944710939629
2425.0100679969787,-71.75054244492117,-71.75054244492117
2425.020067996979,-71.75165368730612,-71.75165368730612
2425.0300679969787,-71.75278078611406,-71.75278078611406
2425.040067996979,-71.75392369089683,-71.75392369089683
2425.0500680208206,-71.75508235395895,-71.75508235395895
2425.060068020821,-71.75625671933052,-71.75625671933052
2425.0700680208206,-71.75744673921763,-71.75744673921763
2425.080068020821,-71.75865236311704,-71.75865236311704
2425.0900680208206,-71.75987354049776,-71.75987354049776
2425.100068020821,-71.76111022083148,-71.76111022083148
2425.1100680208206,-71.76236235358746,-71.76236235358746
2425.120068020821,-71.76362988821968,-71.76362988821968
2425.1300680208205,-71.76491277418116,-71.76491277418116
2425.1400680208208,-71.76621096093581,-71.76621096093581
2425.1500680208205,-71.76752439793225,-71.76752439793225
2425.1600680208207,-71.76885303463709,-71.76885303463709
2425.1700680208205,-71.7701968205258,-71.7701968205258
2425.1800680208207,-71.77155570506609,-71.77155570506609
2425.1900680208205,-71.77292963773671,-71.77292963773671
2425.2000680208207,-71.77431856804576,-71.77431856804576
2425.2100680208205,-71.77571618656287,-71.77571618656287
2425.2200680208207,-71.77711970237827,-71.77711970237827
2425.2300680208205,-71.7785277316922,-71.7785277316922
2425.2400680208207,-71.77993954241228,-71.77993954241228
2425.2500680208204,-71.78135476577408,-71.78135476577408
2425.2600680208207,-71.78277324642977,-71.78277324642977
2425.2700680208204,-71.78419495455378,-71.78419495455378
2425.2800680208206,-71.78561993295048,-71.78561993295048
2425.2900680208204,-71.7870482652859,-71.7870482652859
2425.3000680208206,-71.78848005696234,-71.78848005696234
2425.310068020821,-71.78991542373866,-71.78991542373866
2425.3200680208206,-71.79135448503291,-71.79135448503291
2425.330068020821,-71.79279736008868,-71.79279736008868
2425.3400680208206,-71.79424416587989,-71.79424416587989
2425.350068020821,-71.795695016045,-71.795695016045
2425.3600680208206,-71.7971500204765,-71.7971500204765
2425.370068020821,-71.7986092852672,-71.7986092852672
2425.3800680208205,-71.80007291283395,-71.80007291283395
2425.3900680208208,-71.80154100218424,-71.80154100218424
2425.4000680208205,-71.80301364919613,-71.80301364919613
2425.4100680208207,-71.80449094691299,-71.80449094691299
2425.4200680208205,-71.80597298583518,-71.80597298583518
2425.4300680208207,-71.80745985417173,-71.80745985417173
2425.4400680208205,-71.80895163808943,-71.80895163808943
2425.4500680208207,-71.81044842188959,-71.81044842188959
2425.4600680208205,-71.81195028822113,-71.81195028822113
2425.4700680208207,-71.81345731820711,-71.81345731820711
2425.4800680208205,-71.81496959158295,-71.81496959158295
2425.4900680208207,-71.81648718680023,-71.81648718680023
2425.5000680208204,-71.81801018113208,-71.81801018113208
2425.5100680208207,-71.81953865072346,-71.81953865072346
2425.5200680208204,-71.82107267066692,-71.82107267066692
2425.5300680208206,-71.82261231504945,-71.82261231504945
2425.5400680208204,-71.82415765699564,-71.82415765699564
2425.5500680208206,-71.82570876868812,-71.82570876868812
2425.560068020821,-71.82726572141168,-71.82726572141168
2425.5700680208206,-71.82882858554953,-71.82882858554953
2425.580068020821,-71.83039743060671,-71.83039743060671
2425.5900680208206,-71.83197232522696,-71.83197232522696
2425.600068020821,-71.83355333718899,-71.83355333718899
2425.6100680208206,-71.83514053341094,-71.83514053341094
2425.620068020821,-71.83673397995965,-71.83673397995965
2425.6300680208205,-71.83833374204384,-71.83833374204384
2425.6400680208208,-71.83993988400995,-71.83993988400995
2425.6500680208205,-71.84155246934652,-71.84155246934652
2425.6600680208207,-71.84317156067803,-71.84317156067803
2425.6700680208205,-71.84479721976088,-71.84479721976088
2425.6800680208207,-71.84642950747084,-71.84642950747084
2425.6900680208205,-71.84806848381064,-71.84806848381064
2425.7000680208207,-71.84971420789792,-71.84971420789792
2425.7100680208205,-71.85136047232764,-71.85136047232764
2425.7200680208207,-71.85300459077685,-71.85300459077685
2425.7300680208205,-71.85464528443863,-71.85464528443863
2425.7400680208207,-71.8562819258779,-71.8562819258779
2425.7500680208204,-71.85791425034677,-71.85791425034677
2425.7600680208207,-71.85954220580192,-71.85954220580192
2425.7700680208204,-71.86116586491168,-71.86116586491168
2425.7800680208206,-71.86278537217234,-71.86278537217234
2425.7900680208204,-71.86440091208155,-71.86440091208155
2425.8000680208206,-71.86601269002401,-71.86601269002401
2425.810068020821,-71.86762092087346,-71.86762092087346
2425.8200680208206,-71.86922582232035,-71.86922582232035
2425.830068020821,-71.87082761098311,-71.87082761098311
2425.8400680208206,-71.87242650032022,-71.87242650032022
2425.850068020821,-71.87402269957944,-71.87402269957944
2425.8600680208206,-71.87561641336202,-71.87561641336202
2425.870068020821,-71.87720784154988,-71.87720784154988
2425.8800680208205,-71.87879717947204,-71.87879717947204
2425.8900680208208,-71.88038461811512,-71.88038461811512
2425.9000680446625,-71.88197034820882,-71.88197034820882
2425.9100680446627,-71.88355454538116,-71.88355454538116
2425.9200680446625,-71.88513739315289,-71.88513739315289
2425.9300680446627,-71.88671906804417,-71.88671906804417
2425.9400680446624,-71.88829974359562,-71.88829974359562
2425.9500680446627,-71.8898795905799,-71.8898795905799
2425.9600680446624,-71.89145877717716,-71.89145877717716
2425.9700680446626,-71.89303746912123,-71.89303746912123
2425.9800680446624,-71.89461582984659,-71.89461582984659
2425.9900680446626,-71.89619402056962,-71.89619402056962
2426.0000680446624,-71.89777220040845,-71.89777220040845
2426.0100680446626,-71.89935052644101,-71.89935052644101
2426.0200680446624,-71.90092915378061,-71.90092915378061
2426.0300680446626,-71.9025082356215,-71.9025082356215
2426.0400680446623,-71.90408792328284,-71.90408792328284
2426.0500680446626,-71.90566836625278,-71.90566836625278
2426.0600680446623,-71.90724971219862,-71.90724971219862
2426.0700680446625,-71.90883210700811,-71.90883210700811
2426.0800680446623,-71.91041569480748,-71.91041569480748
2426.0900680446625,-71.91200061795233,-71.91200061795233
2426.1000680446623,-71.91358701706949,-71.91358701706949
2426.1100680446625,-71.91517503104966,-71.91517503104966
2426.1200680446623,-71.91676479706004,-71.91676479706004
2426.1300680446625,-71.91835645054812,-71.91835645054812
2426.1400680446623,-71.91995012523599,-71.91995012523599
2426.1500680446625,-71.92154595313471,-71.92154595313471
2426.1600680446627,-71.92314406455621,-71.92314406455621
2426.1700680446625,-71.9247445880999,-71.9247445880999
2426.1800680446627,-71.92634765066103,-71.92634765066103
2426.1900680446624,-71.92795337742325,-71.92795337742325
2426.2000680446627,-71.92956189187609,-71.92956189187609
2426.2100680446624,-71.93117331580204,-71.93117331580204
2426.2200680446626,-71.93278776929571,-71.93278776929571
2426.2300680446624,-71.93440537074682,-71.93440537074682
2426.2400680446626,-71.93602623686509,-71.93602623686509
2426.2500680446624,-71.93765048266198,-71.93765048266198
2426.2600680446626,-71.93927822146514,-71.93927822146514
2426.2700680446624,-71.94090956493166,-71.94090956493166
2426.2800680446626,-71.94254462301932,-71.94254462301932
2426.2900680446623,-71.94418350403046,-71.94418350403046
2426.3000680446626,-71.9458263146011,-71.9458263146011
2426.3100680446623,-71.94747315969876,-71.94747315969876
2426.3200680446625,-71.94912414263918,-71.94912414263918
2426.3300680446623,-71.95077936509855,-71.95077936509855
2426.3400680446625,-71.95243892710072,-71.95243892710072
2426.3500680446623,-71.95410292704288,-71.95410292704288
2426.3600680446625,-71.95577146169768,-71.95577146169768
2426.3700680446623,-71.957444626221,-71.957444626221
2426.3800680446625,-71.9591225141636,-71.9591225141636
2426.3900680446623,-71.9608052174728,-71.9608052174728
2426.4000680446625,-71.96249282650999,-71.96249282650999
2426.4100680446627,-71.96418543006271,-71.96418543006271
2426.4200680446625,-71.96588311534556,-71.96588311534556
2426.4300680446627,-71.96758596800952,-71.96758596800952
2426.4400680446624,-71.96929407217748,-71.96929407217748
2426.4500680446627,-71.97100751041926,-71.97100751041926
2426.4600680446624,-71.97272636379212,-71.97272636379212
2426.4700680446626,-71.97445071183587,-71.97445071183587
2426.4800680446624,-71.97618063259242,-71.97618063259242
2426.4900680446626,-71.97791620261779,-71.97791620261779
2426.5000680446624,-71.97965749699364,-71.97965749699364
2426.5100680446626,-71.9814045893339,-71.9814045893339
2426.5200680446624,-71.98315755181166,-71.98315755181166
2426.5300680446626,-71.98491645515413,-71.98491645515413
2426.5400680446623,-71.98668136868565,-71.98668136868565
2426.5500680446626,-71.98845236029383,-71.98845236029383
2426.5600680446623,-71.9902294964931,-71.9902294964931
2426.5700680446625,-71.99201284240367,-71.99201284240367
2426.5800680446623,-71.99380246177385,-71.99380246177385
2426.5900680446625,-71.99559841700767,-71.99559841700767
2426.6000680446623,-71.99740076917077,-71.99740076917077
2426.6100680446625,-71.99920957799068,-71.99920957799068
2426.6200680446623,-72.00102490188739,-72.00102490188739
2426.6300680446625,-72.00284679797902,-72.00284679797902
2426.6400680446623,-72.0046753221092,-72.0046753221092
2426.6500680446625,-72.00651052883725,-72.00651052883725
2426.6600680446627,-72.00835247147762,-72.00835247147762
2426.6700680446625,-72.0102012021047,-72.0102012021047
2426.6800680446627,-72.0120567715471,-72.0120567715471
2426.6900680446624,-72.01391922944293,-72.01391922944293
2426.7000680446627,-72.01578862421881,-72.01578862421881
2426.7100680446624,-72.01766500312404,-72.01766500312404
2426.7200680446626,-72.01954841222698,-72.01954841222698
2426.7300680446624,-72.0214388964395,-72.0214388964395
2426.7400680446626,-72.0233364995383,-72.0233364995383
2426.7500680685043,-72.0252412687155,-72.0252412687155
2426.7600680685046,-72.02715323645043,-72.02715323645043
2426.7700680685043,-72.02907244767177,-72.02907244767177
2426.7800680685045,-72.03099894173538,-72.03099894173538
2426.7900680685043,-72.03293275691603,-72.03293275691603
2426.8000680685045,-72.03487393042637,-72.03487393042637
2426.8100680685043,-72.0368224984314,-72.0368224984314
2426.8200680685045,-72.03877849607306,-72.03877849607306
2426.8300680685043,-72.04074195746979,-72.04074195746979
2426.8400680685045,-72.0427129157326,-72.0427129157326
2426.8500680685042,-72.04469140298998,-72.04469140298998
2426.8600680685045,-72.0466774503878,-72.0466774503878
2426.870068068504,-72.04867108809948,-72.04867108809948
2426.8800680685044,-72.05067234535866,-72.05067234535866
2426.890068068504,-72.05268125046159,-72.05268125046159
2426.9000680685044,-72.05469783077272,-72.05469783077272
2426.910068068504,-72.05672211274224,-72.05672211274224
2426.9200680685044,-72.05875412192151,-72.05875412192151
2426.930068068504,-72.06079388298383,-72.06079388298383
2426.9400680685044,-72.06284141971156,-72.06284141971156
2426.950068068504,-72.06489675503832,-72.06489675503832
2426.9600680685044,-72.06695991104519,-72.06695991104519
2426.970068068504,-72.06903090896692,-72.06903090896692
2426.9800680685044,-72.07110976922068,-72.07110976922068
2426.990068068504,-72.07319651140499,-72.07319651140499
2427.0000680685043,-72.07529115431927,-72.07529115431927
2427.0100680685046,-72.0773937159681,-72.0773937159681
2427.0200680685043,-72.07950421358431,-72.07950421358431
2427.0300680685045,-72.081622663619,-72.081622663619
2427.0400680685043,-72.08374908178956,-72.08374908178956
2427.0500680685045,-72.08588348304946,-72.08588348304946
2427.0600680685043,-72.08802588162034,-72.08802588162034
2427.0700680685045,-72.09017629101334,-72.09017629101334
2427.0800680685043,-72.09233472400959,-72.09233472400959
2427.0900680685045,-72.09450119271114,-72.09450119271114
2427.1000680685042,-72.09667570851678,-72.09667570851678
2427.1100680685045,-72.09885828213707,-72.09885828213707
2427.120068068504,-72.1010489236273,-72.1010489236273
2427.1300680685044,-72.10324764237231,-72.10324764237231
2427.140068068504,-72.10545444711656,-72.10545444711656
2427.1500680685044,-72.10766934596067,-72.10766934596067
2427.160068068504,-72.1098923463813,-72.1098923463813
2427.1700680685044,-72.11212345522748,-72.11212345522748
2427.180068068504,-72.11436267874423,-72.11436267874423
2427.1900680685044,-72.1166100225772,-72.1166100225772
2427.200068068504,-72.11886549178203,-72.11886549178203
2427.2100680685044,-72.12112909081658,-72.12112909081658
2427.220068068504,-72.12340082358885,-72.12340082358885
2427.2300680685044,-72.12568069343537,-72.12568069343537
2427.240068068504,-72.12796870313787,-72.12796870313787
2427.2500680685043,-72.13026485492763,-72.13026485492763
2427.2600680685046,-72.13256915051467,-72.13256915051467
2427.2700680685043,-72.13488159105825,-72.13488159105825
2427.2800680685045,-72.13720217721782,-72.13720217721782
2427.2900680685043,-72.13953090914482,-72.13953090914482
2427.3000680685045,-72.14186778647374,-72.14186778647374
2427.3100680685043,-72.14421280834833,-72.14421280834833
2427.3200680685045,-72.14656597342817,-72.14656597342817
2427.3300680685043,-72.14892727989833,-72.14892727989833
2427.3400680685045,-72.15129672547114,-72.15129672547114
2427.3500680685042,-72.15367430739275,-72.15367430739275
2427.3600680685045,-72.15606002245791,-72.15606002245791
2427.370068068504,-72.1584538670167,-72.1584538670167
2427.3800680685044,-72.16085583697718,-72.16085583697718
2427.390068068504,-72.16326592782062,-72.16326592782062
2427.4000680685044,-72.1656841345892,-72.1656841345892
2427.410068068504,-72.16811045191882,-72.16811045191882
2427.4200680685044,-72.17054487403374,-72.17054487403374
2427.430068068504,-72.17298739475805,-72.17298739475805
2427.4400680685044,-72.17543800750997,-72.17543800750997
2427.450068068504,-72.17789670532211,-72.17789670532211
2427.4600680685044,-72.180357185283,-72.180357185283
2427.470068068504,-72.18281668175783,-72.18281668175783
2427.4800680685044,-72.18527384326912,-72.18527384326912
2427.490068068504,-72.18772797296656,-72.18772797296656
2427.5000680685043,-72.19017873871479,-72.19017873871479
2427.5100680685046,-72.19262602250369,-72.19262602250369
2427.5200680685043,-72.1950698321241,-72.1950698321241
2427.5300680685045,-72.19751024810714,-72.19751024810714
2427.5400680685043,-72.19994739182307,-72.19994739182307
2427.5500680685045,-72.2023814063005,-72.2023814063005
2427.5600680685043,-72.20481244481147,-72.20481244481147
2427.5700680685045,-72.20724066415089,-72.20724066415089
2427.5800680685043,-72.20966622079213,-72.20966622079213
2427.5900680685045,-72.2120892687643,-72.2120892687643
2427.600068092346,-72.21450996438303,-72.21450996438303
2427.6100680923464,-72.21692844272357,-72.21692844272357
2427.620068092346,-72.2193448521875,-72.2193448521875
2427.6300680923464,-72.22175933155314,-72.22175933155314
2427.640068092346,-72.22417201600004,-72.22417201600004
2427.6500680923464,-72.22658303737897,-72.22658303737897
2427.660068092346,-72.2289925245109,-72.2289925245109
2427.6700680923464,-72.23140060347201,-72.23140060347201
2427.680068092346,-72.23380739784,-72.23380739784
2427.6900680923463,-72.23621302893395,-72.23621302893395
2427.700068092346,-72.238617616029,-72.238617616029
2427.7100680923463,-72.24102127649459,-72.24102127649459
2427.720068092346,-72.24342412598435,-72.24342412598435
2427.7300680923463,-72.2458262785441,-72.2458262785441
2427.740068092346,-72.24822784671842,-72.24822784671842
2427.7500680923463,-72.25062894165139,-72.25062894165139
2427.760068092346,-72.25302967314497,-72.25302967314497
2427.7700680923463,-72.25543014972335,-72.25543014972335
2427.780068092346,-72.25783047868798,-72.25783047868798
2427.7900680923462,-72.26023076615475,-72.26023076615475
2427.800068092346,-72.26263111708055,-72.26263111708055
2427.8100680923462,-72.2650316352986,-72.2650316352986
2427.820068092346,-72.26743242353218,-72.26743242353218
2427.830068092346,-72.26983358339237,-72.26983358339237
2427.840068092346,-72.27223521541724,-72.27223521541724
2427.850068092346,-72.27463741905686,-72.27463741905686
2427.8600680923464,-72.27704029268975,-72.27704029268975
2427.870068092346,-72.2794439336252,-72.2794439336252
2427.8800680923464,-72.28184843808287,-72.28184843808287
2427.890068092346,-72.28425390122362,-72.28425390122362
2427.9000680923464,-72.28666041712623,-72.28666041712623
2427.910068092346,-72.28906807878616,-72.28906807878616
2427.9200680923464,-72.2914769781266,-72.2914769781266
2427.930068092346,-72.29388720598338,-72.29388720598338
2427.9400680923463,-72.29629885209656,-72.29629885209656
2427.950068092346,-72.29871200512542,-72.29871200512542
2427.9600680923463,-72.3011267526202,-72.3011267526202
2427.970068092346,-72.30354318103747,-72.30354318103747
2427.9800680923463,-72.305961375737,-72.305961375737
2427.990068092346,-72.30838142095472,-72.30838142095472
2428.0000680923463,-72.31080339984062,-72.31080339984062
2428.010068092346,-72.3132273944249,-72.3132273944249
2428.0200680923463,-72.31565348561351,-72.31565348561351
2428.030068092346,-72.3180817532073,-72.3180817532073
2428.0400680923462,-72.3205122759049,-72.3205122759049
2428.050068092346,-72.32294513126556,-72.32294513126556
2428.0600680923462,-72.32538039573727,-72.32538039573727
2428.070068092346,-72.32781814466061,-72.32781814466061
2428.080068092346,-72.33025845224917,-72.33025845224917
2428.090068092346,-72.33270139161492,-72.33270139161492
2428.100068092346,-72.33514703474141,-72.33514703474141
2428.1100680923464,-72.33759545251797,-72.33759545251797
2428.120068092346,-72.34004671471638,-72.34004671471638
2428.1300680923464,-72.34250088999813,-72.34250088999813
2428.140068092346,-72.34495804592738,-72.34495804592738
2428.1500680923464,-72.34741824896493,-72.34741824896493
2428.160068092346,-72.34988156447949,-72.34988156447949
2428.1700680923464,-72.35234805675248,-72.35234805675248
2428.180068092346,-72.35481778897719,-72.35481778897719
2428.1900680923463,-72.35729082325282,-72.35729082325282
2428.200068092346,-72.35976722061449,-72.35976722061449
2428.2100680923463,-72.36224704102801,-72.36224704102801
2428.220068092346,-72.36473034339238,-72.36473034339238
2428.2300680923463,-72.36721718554003,-72.36721718554003
2428.240068092346,-72.36970762426564,-72.36970762426564
2428.2500680923463,-72.372201715308,-72.372201715308
2428.260068092346,-72.37469951337697,-72.37469951337697
2428.2700680923463,-72.37720107213748,-72.37720107213748
2428.280068092346,-72.37970644423946,-72.37970644423946
2428.2900680923462,-72.3822156813151,-72.3822156813151
2428.300068092346,-72.38472883399082,-72.38472883399082
2428.3100680923462,-72.38724595189187,-72.38724595189187
2428.320068092346,-72.38976708364677,-72.38976708364677
2428.330068092346,-72.3922922769046,-72.3922922769046
2428.340068092346,-72.39482157833076,-72.39482157833076
2428.350068092346,-72.39735503363822,-72.39735503363822
2428.3600680923464,-72.39989268757108,-72.39989268757108
2428.370068092346,-72.40243458392544,-72.40243458392544
2428.3800680923464,-72.40498076555684,-72.40498076555684
2428.390068092346,-72.4075312743864,-72.4075312743864
2428.4000680923464,-72.41008615141331,-72.41008615141331
2428.410068092346,-72.4126454367259,-72.4126454367259
2428.4200680923464,-72.4152091695065,-72.4152091695065
2428.430068092346,-72.41777738804359,-72.41777738804359
2428.4400680923463,-72.42035012974368,-72.42035012974368
2428.450068116188,-72.42292743726605,-72.42292743726605
2428.4600681161883,-72.42550301677205,-72.42550301677205
2428.470068116188,-72.42807414147902,-72.42807414147902
2428.4800681161882,-72.43063949682691,-72.43063949682691
2428.490068116188,-72.43319842451065,-72.43319842451065
2428.5000681161882,-72.43575063164458,-72.43575063164458
2428.510068116188,-72.43829603966086,-72.43829603966086
2428.520068116188,-72.44083469576168,-72.44083469576168
2428.530068116188,-72.44336671970838,-72.44336671970838
2428.540068116188,-72.44589227180126,-72.44589227180126
2428.550068116188,-72.448411533679,-72.448411533679
2428.560068116188,-72.45092469685916,-72.45092469685916
2428.570068116188,-72.45343195600861,-72.45343195600861
2428.580068116188,-72.45593350509188,-72.45593350509188
2428.590068116188,-72.45842953524028,-72.45842953524028
2428.600068116188,-72.46092023370538,-72.46092023370538
2428.610068116188,-72.46340578341918,-72.46340578341918
2428.620068116188,-72.46588636293707,-72.46588636293707
2428.630068116188,-72.46836214657283,-72.46836214657283
2428.640068116188,-72.47083330465061,-72.47083330465061
2428.650068116188,-72.4733000037761,-72.4733000037761
2428.660068116188,-72.47576240713818,-72.47576240713818
2428.670068116188,-72.47822067481032,-72.47822067481032
2428.680068116188,-72.48067496397623,-72.48067496397623
2428.690068116188,-72.48312542918089,-72.48312542918089
2428.700068116188,-72.48557222253767,-72.48557222253767
2428.7100681161883,-72.48801549390986,-72.48801549390986
2428.720068116188,-72.49045539104202,-72.49045539104202
2428.7300681161882,-72.49289205971473,-72.49289205971473
2428.740068116188,-72.49532564383759,-72.49532564383759
2428.7500681161882,-72.49775628555253,-72.49775628555253
2428.760068116188,-72.5001841253021,-72.5001841253021
2428.770068116188,-72.50260930188563,-72.50260930188563
2428.780068116188,-72.50503195254086,-72.50503195254086
2428.790068116188,-72.50745221294802,-72.50745221294802
2428.800068116188,-72.50987021728787,-72.50987021728787
2428.810068116188,-72.51228609827467,-72.51228609827467
2428.820068116188,-72.51469998715402,-72.51469998715402
2428.830068116188,-72.51711201373136,-72.51711201373136
2428.840068116188,-72.51952230639661,-72.51952230639661
2428.850068116188,-72.52193099212772,-72.52193099212772
2428.860068116188,-72.52433819649015,-72.52433819649015
2428.870068116188,-72.52674404363671,-72.52674404363671
2428.880068116188,-72.52914865634098,-72.52914865634098
2428.890068116188,-72.53155215597072,-72.53155215597072
2428.900068116188,-72.53395466250969,-72.53395466250969
2428.910068116188,-72.53635629453018,-72.53635629453018
2428.920068116188,-72.53875716922764,-72.53875716922764
2428.930068116188,-72.54115740240012,-72.54115740240012
2428.940068116188,-72.54355710844929,-72.54355710844929
2428.950068116188,-72.54595640038424,-72.54595640038424
2428.9600681161883,-72.54835538982205,-72.54835538982205
2428.970068116188,-72.55075418698178,-72.55075418698178
2428.9800681161882,-72.55315290068911,-72.55315290068911
2428.990068116188,-72.555551638376,-72.555551638376
2429.0000681161882,-72.55795050607834,-72.55795050607834
2429.010068116188,-72.56034960843698,-72.56034960843698
2429.020068116188,-72.56274904871404,-72.56274904871404
2429.030068116188,-72.5651489287697,-72.5651489287697
2429.040068116188,-72.56754934907698,-72.56754934907698
2429.050068116188,-72.56995040873088,-72.56995040873088
2429.060068116188,-72.57235220542933,-72.57235220542933
2429.070068116188,-72.57475483550748,-72.57475483550748
2429.080068116188,-72.57715839391706,-72.57715839391706
2429.090068116188,-72.57956297423726,-72.57956297423726
2429.100068116188,-72.58196866867918,-72.58196866867918
2429.110068116188,-72.58437556810154,-72.58437556810154
2429.120068116188,-72.58678376199747,-72.58678376199747
2429.130068116188,-72.58919333851316,-72.58919333851316
2429.140068116188,-72.59160438444621,-72.59160438444621
2429.150068116188,-72.59401698525846,-72.59401698525846
2429.160068116188,-72.59643122508949,-72.59643122508949
2429.170068116188,-72.59884718674417,-72.59884718674417
2429.180068116188,-72.60126495170954,-72.60126495170954
2429.190068116188,-72.60368460018069,-72.60368460018069
2429.200068116188,-72.60610621103037,-72.60610621103037
2429.2100681161883,-72.60852986185213,-72.60852986185213
2429.220068116188,-72.61095562895402,-72.61095562895402
2429.2300681161882,-72.61338358737143,-72.61338358737143
2429.240068116188,-72.61581381087728,-72.61581381087728
2429.2500681161882,-72.6182463719809,-72.6182463719809
2429.260068116188,-72.62068134194983,-72.62068134194983
2429.270068116188,-72.6231187908092,-72.6231187908092
2429.280068116188,-72.62555878737241,-72.62555878737241
2429.290068116188,-72.62800139922098,-72.62800139922098
2429.30006814003,-72.63044669855996,-72.63044669855996
2429.31006814003,-72.63289473895237,-72.63289473895237
2429.32006814003,-72.63534559019482,-72.63534559019482
2429.33006814003,-72.63779931512417,-72.63779931512417
2429.34006814003,-72.64025597540082,-72.64025597540082
2429.35006814003,-72.64271563153791,-72.64271563153791
2429.36006814003,-72.64517834291323,-72.64517834291323
2429.37006814003,-72.64764416775746,-72.64764416775746
2429.38006814003,-72.65011316321083,-72.65011316321083
2429.39006814003,-72.65258538526781,-72.65258538526781
2429.40006814003,-72.65506088886065,-72.65506088886065
2429.41006814003,-72.65753972781559,-72.65753972781559
2429.42006814003,-72.66002195489098,-72.66002195489098
2429.43006814003,-72.66250762178842,-72.66250762178842
2429.44006814003,-72.6649967791567,-72.6649967791567
2429.45006814003,-72.66748947660355,-72.66748947660355
2429.4600681400298,-72.66998576270925,-72.66998576270925
2429.47006814003,-72.67248568503791,-72.67248568503791
2429.4800681400297,-72.67498929015193,-72.67498929015193
2429.49006814003,-72.67749662361061,-72.67749662361061
2429.5000681400297,-72.68000773000306,-72.68000773000306
2429.51006814003,-72.68252265294531,-72.68252265294531
2429.5200681400297,-72.68504143509192,-72.68504143509192
2429.53006814003,-72.68756411815384,-72.68756411815384
2429.5400681400297,-72.69009074289981,-72.69009074289981
2429.55006814003,-72.69262134918318,-72.69262134918318
2429.56006814003,-72.69515597593589,-72.69515597593589
2429.57006814003,-72.69769466119192,-72.69769466119192
2429.58006814003,-72.70023744209117,-72.70023744209117
2429.59006814003,-72.70278435489978,-72.70278435489978
2429.60006814003,-72.70533543500467,-72.70533543500467
2429.61006814003,-72.70789071695017,-72.70789071695017
2429.62006814003,-72.71045023441928,-72.71045023441928
2429.63006814003,-72.71301402026607,-72.71301402026607
2429.64006814003,-72.71558210651853,-72.71558210651853
2429.65006814003,-72.71815452439654,-72.71815452439654
2429.66006814003,-72.72073130430188,-72.72073130430188
2429.67006814003,-72.72331247585467,-72.72331247585467
2429.68006814003,-72.72589806789536,-72.72589806789536
2429.69006814003,-72.72848810847941,-72.72848810847941
2429.70006814003,-72.7310826249096,-72.7310826249096
2429.7100681400298,-72.7336752993759,-72.7336752993759
2429.72006814003,-72.73626337786212,-72.73626337786212
2429.7300681400297,-72.73884553076861,-72.73884553076861
2429.74006814003,-72.74142108758976,-72.74142108758976
2429.7500681400297,-72.74398974484433,-72.74398974484433
2429.76006814003,-72.74655141436594,-72.74655141436594
2429.7700681400297,-72.74910613439042,-72.74910613439042
2429.78006814003,-72.75165401613566,-72.75165401613566
2429.7900681400297,-72.75419521166468,-72.75419521166468
2429.80006814003,-72.75672989461532,-72.75672989461532
2429.81006814003,-72.75925824869181,-72.75925824869181
2429.82006814003,-72.76178046091638,-72.76178046091638
2429.83006814003,-72.76429671774503,-72.76429671774503
2429.84006814003,-72.76680720296049,-72.76680720296049
2429.85006814003,-72.76931209657609,-72.76931209657609
2429.86006814003,-72.77181157444386,-72.77181157444386
2429.87006814003,-72.77430580815532,-72.77430580815532
2429.88006814003,-72.77679496520211,-72.77679496520211
2429.89006814003,-72.7792792091869,-72.7792792091869
2429.90006814003,-72.78175870015335,-72.78175870015335
2429.91006814003,-72.78423359484042,-72.78423359484042
2429.92006814003,-72.78670404699115,-72.78670404699115
2429.93006814003,-72.78917020758875,-72.78917020758875
2429.94006814003,-72.79163222511173,-72.79163222511173
2429.95006814003,-72.79409024571657,-72.79409024571657
2429.9600681400298,-72.79654441342511,-72.79654441342511
2429.97006814003,-72.79899487028388,-72.79899487028388
2429.9800681400297,-72.80144175648051,-72.80144175648051
2429.99006814003,-72.80388521044536,-72.80388521044536
2430.0000681400297,-72.80632536896732,-72.80632536896732
2430.01006814003,-72.80876236724305,-72.80876236724305
2430.0200681400297,-72.81119633895446,-72.81119633895446
2430.03006814003,-72.81362741631406,-72.81362741631406
2430.0400681400297,-72.81605573010627,-72.81605573010627
2430.05006814003,-72.81848140971327,-72.81848140971327
2430.06006814003,-72.82090458315969,-72.82090458315969
2430.07006814003,-72.82332537711937,-72.82332537711937
2430.08006814003,-72.82574391692148,-72.82574391692148
2430.09006814003,-72.82816032659686,-72.82816032659686
2430.10006814003,-72.83057472884316,-72.83057472884316
2430.11006814003,-72.83298724506697,-72.83298724506697
2430.12006814003,-72.83539799537112,-72.83539799537112
2430.13006814003,-72.83780709855168,-72.83780709855168
2430.14006814003,-72.84021467210972,-72.84021467210972
2430.1500681638718,-72.84262083798366,-72.84262083798366
2430.160068163872,-72.84502569962163,-72.84502569962163
2430.1700681638717,-72.84742937635612,-72.84742937635612
2430.180068163872,-72.84983198048934,-72.84983198048934
2430.1900681638717,-72.85223362302791,-72.85223362302791
2430.200068163872,-72.85463441366997,-72.85463441366997
2430.2100681638717,-72.85703446081516,-72.85703446081516
2430.220068163872,-72.85943387153173,-72.85943387153173
2430.2300681638717,-72.86183275160603,-72.86183275160603
2430.240068163872,-72.86423120549486,-72.86423120549486
2430.2500681638717,-72.86662933635287,-72.86662933635287
2430.260068163872,-72.86902724602035,-72.86902724602035
2430.2700681638717,-72.8714250350371,-72.8714250350371
2430.280068163872,-72.87382280261399,-72.87382280261399
2430.2900681638716,-72.87622064666476,-72.87622064666476
2430.300068163872,-72.87861866378461,-72.87861866378461
2430.3100681638716,-72.88101694927173,-72.88101694927173
2430.320068163872,-72.88341559710966,-72.88341559710966
2430.3300681638716,-72.88581469998556,-72.88581469998556
2430.340068163872,-72.88821434929271,-72.88821434929271
2430.3500681638716,-72.89061463511845,-72.89061463511845
2430.360068163872,-72.89301564626312,-72.89301564626312
2430.3700681638716,-72.89541747023603,-72.89541747023603
2430.380068163872,-72.89782019326101,-72.89782019326101
2430.3900681638715,-72.90022390029587,-72.90022390029587
2430.4000681638718,-72.9026286750113,-72.9026286750113
2430.410068163872,-72.905034599823,-72.905034599823
2430.4200681638717,-72.90744175587821,-72.90744175587821
2430.430068163872,-72.90985022307014,-72.90985022307014
2430.4400681638717,-72.91226008005718,-72.91226008005718
2430.450068163872,-72.91467140423335,-72.91467140423335
2430.4600681638717,-72.91708427178807,-72.91708427178807
2430.470068163872,-72.91949875766049,-72.91949875766049
2430.4800681638717,-72.92191493558825,-72.92191493558825
2430.490068163872,-72.92433287809456,-72.92433287809456
2430.5000681638717,-72.92675265650232,-72.92675265650232
2430.510068163872,-72.92917434093526,-72.92917434093526
2430.5200681638717,-72.93159800035707,-72.93159800035707
2430.530068163872,-72.93402370253028,-72.93402370253028
2430.5400681638716,-72.936451514066,-72.936451514066
2430.550068163872,-72.93888150042314,-72.93888150042314
2430.5600681638716,-72.94131372590005,-72.94131372590005
2430.570068163872,-72.94374825367804,-72.94374825367804
2430.5800681638716,-72.9461851458022,-72.9461851458022
2430.590068163872,-72.9486244631996,-72.9486244631996
2430.6000681638716,-72.95106626569826,-72.95106626569826
2430.610068163872,-72.95351061202587,-72.95351061202587
2430.6200681638716,-72.95595755982237,-72.95595755982237
2430.630068163872,-72.95840716565137,-72.95840716565137
2430.6400681638715,-72.96085948502356,-72.96085948502356
2430.6500681638718,-72.96331457238325,-72.96331457238325
2430.660068163872,-72.96577248114065,-72.96577248114065
2430.6700681638717,-72.96823326366682,-72.96823326366682
2430.680068163872,-72.970696971315,-72.970696971315
2430.6900681638717,-72.97316365441944,-72.97316365441944
2430.700068163872,-72.97563336232139,-72.97563336232139
2430.7100681638717,-72.97810614337466,-72.97810614337466
2430.720068163872,-72.98058204493844,-72.98058204493844
2430.7300681638717,-72.98306111342728,-72.98306111342728
2430.740068163872,-72.98554339427652,-72.98554339427652
2430.7500681638717,-72.98802893199144,-72.98802893199144
2430.760068163872,-72.99051777013321,-72.99051777013321
2430.7700681638717,-72.99300995134011,-72.99300995134011
2430.780068163872,-72.99550551732942,-72.99550551732942
2430.7900681638716,-72.9980045089281,-72.9980045089281
2430.800068163872,-73.00050696606057,-73.00050696606057
2430.8100681638716,-73.0030129277736,-73.0030129277736
2430.820068163872,-73.00552243224324,-73.00552243224324
2430.8300681638716,-73.00803551677518,-73.00803551677518
2430.840068163872,-73.01055221784135,-73.01055221784135
2430.8500681638716,-73.01307257106004,-73.01307257106004
2430.860068163872,-73.01559661122552,-73.01559661122552
2430.8700681638716,-73.0181243723127,-73.0181243723127
2430.880068163872,-73.02065588749798,-73.02065588749798
2430.8900681638715,-73.02319118913901,-73.02319118913901
2430.9000681638718,-73.02573030882014,-73.02573030882014
2430.910068163872,-73.02827327734684,-73.02827327734684
2430.9200681638717,-73.03082012475188,-73.03082012475188
2430.930068163872,-73.03337088030523,-73.03337088030523
2430.9400681638717,-73.03592557254578,-73.03592557254578
2430.950068163872,-73.03848422926741,-73.03848422926741
2430.9600681638717,-73.04104687753373,-73.04104687753373
2430.970068163872,-73.04361354368646,-73.04361354368646
2430.9800681638717,-73.04618425336417,-73.04618425336417
2430.990068163872,-73.04875903150084,-73.04875903150084
2431.0000681877136,-73.05133790848755,-73.05133790848755
2431.010068187714,-73.05392089563568,-73.05392089563568
2431.0200681877136,-73.05650802195571,-73.05650802195571
2431.030068187714,-73.05909930968393,-73.05909930968393
2431.0400681877136,-73.06169478041049,-73.06169478041049
2431.050068187714,-73.06429445507021,-73.06429445507021
2431.0600681877136,-73.06689835396735,-73.06689835396735
2431.070068187714,-73.0695064967879,-73.0695064967879
2431.0800681877136,-73.07211890259168,-73.07211890259168
2431.0900681877138,-73.07473558982932,-73.07473558982932
2431.1000681877135,-73.07735657636606,-73.07735657636606
2431.1100681877138,-73.07998187945671,-73.07998187945671
2431.1200681877135,-73.08261151578685,-73.08261151578685
2431.1300681877137,-73.08524550146451,-73.08524550146451
2431.1400681877135,-73.08788385203447,-73.08788385203447
2431.1500681877137,-73.09052658248874,-73.09052658248874
2431.1600681877135,-73.09317370725252,-73.09317370725252
2431.1700681877137,-73.09582524022382,-73.09582524022382
2431.1800681877135,-73.09848119476527,-73.09848119476527
2431.1900681877137,-73.10114158370502,-73.10114158370502
2431.2000681877134,-73.10380641937205,-73.10380641937205
2431.2100681877137,-73.10646933583241,-73.10646933583241
2431.2200681877134,-73.10912754940087,-73.10912754940087
2431.2300681877136,-73.1117797082931,-73.1117797082931
2431.2400681877134,-73.11442512339967,-73.11442512339967
2431.2500681877136,-73.11706347465638,-73.11706347465638
2431.260068187714,-73.11969465866304,-73.11969465866304
2431.2700681877136,-73.12231869930007,-73.12231869930007
2431.280068187714,-73.12493569404386,-73.12493569404386
2431.2900681877136,-73.1275457816859,-73.1275457816859
2431.300068187714,-73.13014912296715,-73.13014912296715
2431.3100681877136,-73.13274588901758,-73.13274588901758
2431.320068187714,-73.13533625456344,-73.13533625456344
2431.3300681877136,-73.1379203940418,-73.1379203940418
2431.3400681877138,-73.14049847944624,-73.14049847944624
2431.3500681877135,-73.14307067925665,-73.14307067925665
2431.3600681877138,-73.1456371580148,-73.1456371580148
2431.3700681877135,-73.14819807622676,-73.14819807622676
2431.3800681877137,-73.15075359051302,-73.15075359051302
2431.3900681877135,-73.15330385385154,-73.15330385385154
2431.4000681877137,-73.15584901584988,-73.15584901584988
2431.4100681877135,-73.15838922303311,-73.15838922303311
2431.4200681877137,-73.16092461913632,-73.16092461913632
2431.4300681877135,-73.16345534534065,-73.16345534534065
2431.4400681877137,-73.16598154053074,-73.16598154053074
2431.4500681877134,-73.1685033414657,-73.1685033414657
2431.4600681877137,-73.17101449994205,-73.17101449994205
2431.4700681877134,-73.17351235193735,-73.17351235193735
2431.4800681877136,-73.17599566543467,-73.17599566543467
2431.4900681877134,-73.1784638705739,-73.1784638705739
2431.5000681877136,-73.18090633421835,-73.18090633421835
2431.510068187714,-73.18331135043472,-73.18331135043472
2431.5200681877136,-73.18566893480367,-73.18566893480367
2431.530068187714,-73.18797095003795,-73.18797095003795
2431.5400681877136,-73.19021076392274,-73.19021076392274
2431.550068187714,-73.19238293841975,-73.19238293841975
2431.5600681877136,-73.19448299988103,-73.19448299988103
2431.570068187714,-73.19650726945616,-73.19650726945616
2431.5800681877136,-73.19845273323905,-73.19845273323905
2431.5900681877138,-73.20031693954203,-73.20031693954203
2431.6000681877135,-73.20209791565047,-73.20209791565047
2431.6100681877138,-73.20379409926005,-73.20379409926005
2431.6200681877135,-73.20540428142891,-73.20540428142891
2431.6300681877137,-73.2069275586127,-73.2069275586127
2431.6400681877135,-73.20836329210552,-73.20836329210552
2431.6500681877137,-73.20971107349334,-73.20971107349334
2431.6600681877135,-73.21097069506465,-73.21097069506465
2431.6700681877137,-73.21214212435716,-73.21214212435716
2431.6800681877135,-73.21322548214138,-73.21322548214138
2431.6900681877137,-73.2142210233156,-73.2142210233156
2431.7000681877134,-73.21512912028047,-73.21512912028047
2431.7100681877137,-73.21594386479723,-73.21594386479723
2431.7200681877134,-73.21666302813532,-73.21666302813532
2431.7300681877136,-73.21728589547521,-73.21728589547521
2431.7400681877134,-73.21781248547127,-73.21781248547127
2431.7500681877136,-73.2182432475267,-73.2182432475267
2431.760068187714,-73.21857890153174,-73.21857890153174
2431.7700681877136,-73.21882034155985,-73.21882034155985
2431.780068187714,-73.21896857610876,-73.21896857610876
2431.7900681877136,-73.2190246904477,-73.2190246904477
2431.800068187714,-73.21898982244814,-73.21898982244814
2431.8100681877136,-73.21886514681376,-73.21886514681376
2431.820068187714,-73.21865186447297,-73.21865186447297
2431.8300681877136,-73.2183511953305,-73.2183511953305
2431.8400681877138,-73.21796437312541,-73.21796437312541
2431.8500682115555,-73.2174926405158,-73.2174926405158
2431.8600682115557,-73.21693725054065,-73.21693725054065
2431.8700682115555,-73.21629945828448,-73.21629945828448
2431.8800682115557,-73.21558052290216,-73.21558052290216
2431.8900682115554,-73.21478170520705,-73.21478170520705
2431.9000682115557,-73.21390426640797,-73.21390426640797
2431.9100682115554,-73.2129494669815,-73.2129494669815
2431.9200682115556,-73.211918565671,-73.211918565671
2431.9300682115554,-73.21081281862345,-73.21081281862345
2431.9400682115556,-73.20963347856448,-73.20963347856448
2431.9500682115554,-73.20838179408331,-73.20838179408331
2431.9600682115556,-73.20705900893941,-73.20705900893941
2431.9700682115554,-73.20566636151503,-73.20566636151503
2431.9800682115556,-73.20420508417256,-73.20420508417256
2431.9900682115554,-73.20267640279506,-73.20267640279506
2432.0000682115556,-73.201081536303,-73.201081536303
2432.0100682115553,-73.19942169620751,-73.19942169620751
2432.0200682115556,-73.19769808622817,-73.19769808622817
2432.0300682115553,-73.19591190191473,-73.19591190191473
2432.0400682115555,-73.19406433031828,-73.19406433031828
2432.0500682115553,-73.19215654969501,-73.19215654969501
2432.0600682115555,-73.19018972920338,-73.19018972920338
2432.0700682115553,-73.1881650286867,-73.1881650286867
2432.0800682115555,-73.18608359839865,-73.18608359839865
2432.0900682115553,-73.18394657882317,-73.18394657882317
2432.1000682115555,-73.18175510047537,-73.18175510047537
2432.1100682115557,-73.1795102837386,-73.1795102837386
2432.1200682115555,-73.1772132386975,-73.1772132386975
2432.1300682115557,-73.1748650650061,-73.1748650650061
2432.1400682115554,-73.17246685177811,-73.17246685177811
2432.1500682115557,-73.17001967745747,-73.17001967745747
2432.1600682115554,-73.16752460975029,-73.16752460975029
2432.1700682115556,-73.16498270552027,-73.16498270552027
2432.1800682115554,-73.16239501073836,-73.16239501073836
2432.1900682115556,-73.15976256039767,-73.15976256039767
2432.2000682115554,-73.15708637849616,-73.15708637849616
2432.2100682115556,-73.15436747797143,-73.15436747797143
2432.2200682115554,-73.15160686069433,-73.15160686069433
2432.2300682115556,-73.14880551741823,-73.14880551741823
2432.2400682115554,-73.14596442779435,-73.14596442779435
2432.2500682115556,-73.14308456034195,-73.14308456034195
2432.2600682115553,-73.14016687246695,-73.14016687246695
2432.2700682115556,-73.13721231046038,-73.13721231046038
2432.2800682115553,-73.1342218095127,-73.1342218095127
2432.2900682115555,-73.13119629372704,-73.13119629372704
2432.3000682115553,-73.12813667614782,-73.12813667614782
2432.3100682115555,-73.12504385880203,-73.12504385880203
2432.3200682115553,-73.12191873270956,-73.12191873270956
2432.3300682115555,-73.1187621779444,-73.1187621779444
2432.3400682115553,-73.11557506365929,-73.11557506365929
2432.3500682115555,-73.11235824814466,-73.11235824814466
2432.3600682115557,-73.10911257887658,-73.10911257887658
2432.3700682115555,-73.10583889256286,-73.10583889256286
2432.3800682115557,-73.10253801520119,-73.10253801520119
2432.3900682115554,-73.0992107621521,-73.0992107621521
2432.4000682115557,-73.09585793818754,-73.09585793818754
2432.4100682115554,-73.09248033756255,-73.09248033756255
2432.4200682115556,-73.08907874408169,-73.08907874408169
2432.4300682115554,-73.08565393116913,-73.08565393116913
2432.4400682115556,-73.0822066619282,-73.0822066619282
2432.4500682115554,-73.07873768924588,-73.07873768924588
2432.4600682115556,-73.07524775583028,-73.07524775583028
2432.4700682115554,-73.0717375943273,-73.0717375943273
2432.4800682115556,-73.06820792736312,-73.06820792736312
2432.4900682115554,-73.06465946765059,-73.06465946765059
2432.5000682115556,-73.06109291806212,-73.06109291806212
2432.5100682115553,-73.05750897170623,-73.05750897170623
2432.5200682115556,-73.05390831202232,-73.05390831202232
2432.5300682115553,-73.0502916128555,-73.0502916128555
2432.5400682115555,-73.04665953854322,-73.04665953854322
2432.5500682115553,-73.04301274403763,-73.04301274403763
2432.5600682115555,-73.03935187491983,-73.03935187491983
2432.5700682115553,-73.03567756754993,-73.03567756754993
2432.5800682115555,-73.03199044913605,-73.03199044913605
2432.5900682115553,-73.02829113782549,-73.02829113782549
2432.6000682115555,-73.02458024277519,-73.02458024277519
2432.6100682115557,-73.0208583642758,-73.0208583642758
2432.6200682115555,-73.01712609382014,-73.01712609382014
2432.6300682115557,-73.01338401418612,-73.01338401418612
2432.6400682115554,-73.00963269954656,-73.00963269954656
2432.6500682115557,-73.00587271554949,-73.00587271554949
2432.6600682115554,-73.00210461941496,-73.00210461941496
2432.6700682115556,-72.99832895999938,-72.99832895999938
2432.6800682115554,-72.99454627794044,-72.99454627794044
2432.6900682115556,-72.99075710568208,-72.99075710568208
2432.7000682353973,-72.98696195857931,-72.98696195857931
2432.7100682353976,-72.98316137110064,-72.98316137110064
2432.7200682353973,-72.97935584274003,-72.97935584274003
2432.7300682353975,-72.97554587420021,-72.97554587420021
2432.7400682353973,-72.97173195848582,-72.97173195848582
2432.7500682353975,-72.96791458096702,-72.96791458096702
2432.7600682353973,-72.96409421947388,-72.96409421947388
2432.7700682353975,-72.96027134440841,-72.96027134440841
2432.7800682353973,-72.95644641879245,-72.95644641879245
2432.7900682353975,-72.95261989838056,-72.95261989838056
2432.8000682353972,-72.94879223173834,-72.94879223173834
2432.8100682353975,-72.94496386033954,-72.94496386033954
2432.8200682353972,-72.94113521863954,-72.94113521863954
2432.8300682353974,-72.93730673416394,-72.93730673416394
2432.840068235397,-72.93347882759166,-72.93347882759166
2432.8500682353974,-72.92965191283646,-72.92965191283646
2432.860068235397,-72.92582639715057,-72.92582639715057
2432.8700682353974,-72.92200268117125,-72.92200268117125
2432.880068235397,-72.91818115903911,-72.91818115903911
2432.8900682353974,-72.91436221845392,-72.91436221845392
2432.900068235397,-72.91054624077712,-72.91054624077712
2432.9100682353974,-72.906733601087,-72.906733601087
2432.920068235397,-72.90292466828211,-72.90292466828211
2432.9300682353974,-72.89911980514026,-72.89911980514026
2432.940068235397,-72.89531936841858,-72.89531936841858
2432.9500682353973,-72.89152370891598,-72.89152370891598
2432.9600682353976,-72.88772682418458,-72.88772682418458
2432.9700682353973,-72.88392628220012,-72.88392628220012
2432.9800682353975,-72.88012107452074,-72.88012107452074
2432.9900682353973,-72.87631084863831,-72.87631084863831
2433.0000682353975,-72.87249561502009,-72.87249561502009
2433.0100682353973,-72.86867559498468,-72.86867559498468
2433.0200682353975,-72.86485113143286,-72.86485113143286
2433.0300682353973,-72.86102263524532,-72.86102263524532
2433.0400682353975,-72.85719055303977,-72.85719055303977
2433.0500682353972,-72.85335534784386,-72.85335534784386
2433.0600682353975,-72.84951748758084,-72.84951748758084
2433.0700682353972,-72.84567743839209,-72.84567743839209
2433.0800682353974,-72.84183566077479,-72.84183566077479
2433.090068235397,-72.8379926075477,-72.8379926075477
2433.1000682353974,-72.83414872286606,-72.83414872286606
2433.110068235397,-72.8303044418734,-72.8303044418734
2433.1200682353974,-72.82646019071747,-72.82646019071747
2433.130068235397,-72.82261638676813,-72.82261638676813
2433.1400682353974,-72.81877343896068,-72.81877343896068
2433.150068235397,-72.81493174814669,-72.81493174814669
2433.1600682353974,-72.8110917074723,-72.8110917074723
2433.170068235397,-72.80725370274367,-72.80725370274367
2433.1800682353974,-72.80341811276777,-72.80341811276777
2433.190068235397,-72.79958530963927,-72.79958530963927
2433.2000682353973,-72.79575565903414,-72.79575565903414
2433.2100682353976,-72.79192952045548,-72.79192952045548
2433.2200682353973,-72.78810724744777,-72.78810724744777
2433.2300682353975,-72.78428918778086,-72.78428918778086
2433.2400682353973,-72.7804756836494,-72.7804756836494
2433.2500682353975,-72.77666707179364,-72.77666707179364
2433.2600682353973,-72.77286368366394,-72.77286368366394
2433.2700682353975,-72.76906584552022,-72.76906584552022
2433.2800682353973,-72.76527387856594,-72.76527387856594
2433.2900682353975,-72.76148809901237,-72.76148809901237
2433.3000682353972,-72.75770881819683,-72.75770881819683
2433.3100682353975,-72.75393634264145,-72.75393634264145
2433.3200682353972,-72.75017097413831,-72.75017097413831
2433.3300682353974,-72.74641300982056,-72.74641300982056
2433.340068235397,-72.74266274221988,-72.74266274221988
2433.3500682353974,-72.7389204593098,-72.7389204593098
2433.360068235397,-72.73518644460202,-72.73518644460202
2433.3700682353974,-72.73146097714678,-72.73146097714678
2433.380068235397,-72.72774433163096,-72.72774433163096
2433.3900682353974,-72.72403677838771,-72.72403677838771
2433.400068235397,-72.72033858347118,-72.72033858347118
2433.4100682353974,-72.71665000866898,-72.71665000866898
2433.420068235397,-72.71297131158188,-72.71297131158188
2433.4300682353974,-72.70930274564229,-72.70930274564229
2433.440068235397,-72.70564456016169,-72.70564456016169
2433.4500682353973,-72.70199700036969,-72.70199700036969
2433.4600682353976,-72.69836030745418,-72.69836030745418
2433.4700682353973,-72.69473471861028,-72.69473471861028
2433.4800682353975,-72.69112046705112,-72.69112046705112
2433.4900682353973,-72.68751778208271,-72.68751778208271
2433.5000682353975,-72.68389031852963,-72.68389031852963
2433.5100682353973,-72.68023755302279,-72.68023755302279
2433.5200682353975,-72.67656085842151,-72.67656085842151
2433.5300682353973,-72.67286045402118,-72.67286045402118
2433.5400682353975,-72.66913570398677,-72.66913570398677
2433.550068259239,-72.66538549312428,-72.66538549312428
2433.5600682592394,-72.66160850546628,-72.66160850546628
2433.570068259239,-72.65780331554869,-72.65780331554869
2433.5800682592394,-72.65396850929791,-72.65396850929791
2433.590068259239,-72.65010272617619,-72.65010272617619
2433.6000682592394,-72.64620468829654,-72.64620468829654
2433.610068259239,-72.64227321621162,-72.64227321621162
2433.6200682592394,-72.63830723620472,-72.63830723620472
2433.630068259239,-72.63430578231957,-72.63430578231957
2433.6400682592393,-72.63026799507104,-72.63026799507104
2433.650068259239,-72.62619311820912,-72.62619311820912
2433.6600682592393,-72.6220804942846,-72.6220804942846
2433.670068259239,-72.6179295596967,-72.6179295596967
2433.6800682592393,-72.61373983940247,-72.61373983940247
2433.690068259239,-72.60951094167899,-72.60951094167899
2433.7000682592393,-72.60524255293078,-72.60524255293078
2433.710068259239,-72.60093443273011,-72.60093443273011
2433.7200682592393,-72.59658640904739,-72.59658640904739
2433.730068259239,-72.59219837377584,-72.59219837377584
2433.7400682592393,-72.58777027847256,-72.58777027847256
2433.750068259239,-72.58330213039937,-72.58330213039937
2433.7600682592392,-72.57879398875731,-72.57879398875731
2433.770068259239,-72.57424596122138,-72.57424596122138
2433.780068259239,-72.56965820063245,-72.56965820063245
2433.790068259239,-72.56503090192639,-72.56503090192639
2433.800068259239,-72.56036429927262,-72.56036429927262
2433.8100682592394,-72.5556586633651,-72.5556586633651
2433.820068259239,-72.5509142988858,-72.5509142988858
2433.8300682592394,-72.54613154213379,-72.54613154213379
2433.840068259239,-72.54131075879177,-72.54131075879177
2433.8500682592394,-72.5364523418356,-72.5364523418356
2433.860068259239,-72.53155670956166,-72.53155670956166
2433.8700682592394,-72.52662430372249,-72.52662430372249
2433.880068259239,-72.52165558778755,-72.52165558778755
2433.8900682592393,-72.51665104530865,-72.51665104530865
2433.900068259239,-72.51161117834955,-72.51161117834955
2433.9100682592393,-72.5065365060506,-72.5065365060506
2433.920068259239,-72.50142756323731,-72.50142756323731
2433.9300682592393,-72.49628489911163,-72.49628489911163
2433.940068259239,-72.49110907604238,-72.49110907604238
2433.9500682592393,-72.48590066840339,-72.48590066840339
2433.960068259239,-72.4806602614819,-72.4806602614819
2433.9700682592393,-72.4753884504292,-72.4753884504292
2433.980068259239,-72.47008583932028,-72.47008583932028
2433.9900682592393,-72.46475304020056,-72.46475304020056
2434.000068259239,-72.4593906722308,-72.4593906722308
2434.0100682592392,-72.45399936086483,-72.45399936086483
2434.020068259239,-72.44857973707391,-72.44857973707391
2434.030068259239,-72.44313243660521,-72.44313243660521
2434.040068259239,-72.43765809931269,-72.43765809931269
2434.050068259239,-72.43215736846362,-72.43215736846362
2434.0600682592394,-72.42663089015646,-72.42663089015646
2434.070068259239,-72.42107931273021,-72.42107931273021
2434.0800682592394,-72.41550328619887,-72.41550328619887
2434.090068259239,-72.40990346175775,-72.40990346175775
2434.1000682592394,-72.4042804912539,-72.4042804912539
2434.110068259239,-72.39863502676894,-72.39863502676894
2434.1200682592394,-72.39296772016503,-72.39296772016503
2434.130068259239,-72.38727922265636,-72.38727922265636
2434.1400682592393,-72.38157018445419,-72.38157018445419
2434.150068259239,-72.37584125437473,-72.37584125437473
2434.1600682592393,-72.37009307951601,-72.37009307951601
2434.170068259239,-72.36432630492514,-72.36432630492514
2434.1800682592393,-72.35854157330019,-72.35854157330019
2434.190068259239,-72.35273952471032,-72.35273952471032
2434.2000682592393,-72.34692079631614,-72.34692079631614
2434.210068259239,-72.34108602213112,-72.34108602213112
2434.2200682592393,-72.33523583277797,-72.33523583277797
2434.230068259239,-72.32937085527492,-72.32937085527492
2434.2400682592393,-72.32349171283403,-72.32349171283403
2434.250068259239,-72.3175990246631,-72.3175990246631
2434.2600682592392,-72.31169340578062,-72.31169340578062
2434.270068259239,-72.30577546687493,-72.30577546687493
2434.280068259239,-72.29984581411509,-72.29984581411509
2434.290068259239,-72.29390504904029,-72.29390504904029
2434.300068259239,-72.28795376839787,-72.28795376839787
2434.3100682592394,-72.28199256404426,-72.28199256404426
2434.320068259239,-72.2760220228142,-72.2760220228142
2434.3300682592394,-72.27004272642584,-72.27004272642584
2434.340068259239,-72.26405525138192,-72.26405525138192
2434.3500682592394,-72.25806016887762,-72.25806016887762
2434.360068259239,-72.25205804472954,-72.25205804472954
2434.3700682592394,-72.24604943929936,-72.24604943929936
2434.380068259239,-72.240034907431,-72.240034907431
2434.3900682592393,-72.23401499837695,-72.23401499837695
2434.400068283081,-72.22799024141192,-72.22799024141192
2434.4100682830813,-72.22196120317291,-72.22196120317291
2434.420068283081,-72.21592840157903,-72.21592840157903
2434.4300682830813,-72.20989236307004,-72.20989236307004
2434.440068283081,-72.2038536083473,-72.2038536083473
2434.4500682830812,-72.19781265228858,-72.19781265228858
2434.460068283081,-72.19177000392446,-72.19177000392446
2434.470068283081,-72.18572616646036,-72.18572616646036
2434.480068283081,-72.17968163723792,-72.17968163723792
2434.490068283081,-72.17363690771646,-72.17363690771646
2434.500068283081,-72.1675924634943,-72.1675924634943
2434.510068283081,-72.16154878428785,-72.16154878428785
2434.520068283081,-72.15550634394292,-72.15550634394292
2434.530068283081,-72.14946561043301,-72.14946561043301
2434.540068283081,-72.14342704588763,-72.14342704588763
2434.550068283081,-72.13739110657252,-72.13739110657252
2434.560068283081,-72.13135824292044,-72.13135824292044
2434.570068283081,-72.12532889955462,-72.12532889955462
2434.580068283081,-72.11930351529169,-72.11930351529169
2434.590068283081,-72.11328252318587,-72.11328252318587
2434.600068283081,-72.10726635050312,-72.10726635050312
2434.610068283081,-72.10125541880052,-72.10125541880052
2434.620068283081,-72.09525014393259,-72.09525014393259
2434.630068283081,-72.08925093606598,-72.08925093606598
2434.640068283081,-72.08325819973358,-72.08325819973358
2434.650068283081,-72.07727233384126,-72.07727233384126
2434.6600682830813,-72.07129373172504,-72.07129373172504
2434.670068283081,-72.06532278116522,-72.06532278116522
2434.6800682830813,-72.05935986442951,-72.05935986442951
2434.690068283081,-72.053405358318,-72.053405358318
2434.7000682830812,-72.04745963419234,-72.04745963419234
2434.710068283081,-72.04152305800804,-72.04152305800804
2434.720068283081,-72.03559599035766,-72.03559599035766
2434.730068283081,-72.02967878653627,-72.02967878653627
2434.740068283081,-72.02377179653593,-72.02377179653593
2434.750068283081,-72.01787536513288,-72.01787536513288
2434.760068283081,-72.01198983189494,-72.01198983189494
2434.770068283081,-72.00611553125046,-72.00611553125046
2434.780068283081,-72.00025279252137,-72.00025279252137
2434.790068283081,-71.99440193996467,-71.99440193996467
2434.800068283081,-71.98856329281087,-71.98856329281087
2434.810068283081,-71.9827371653389,-71.9827371653389
2434.820068283081,-71.97692386687572,-71.97692386687572
2434.830068283081,-71.97112370188843,-71.97112370188843
2434.840068283081,-71.96533696999441,-71.96533696999441
2434.850068283081,-71.95956396603587,-71.95956396603587
2434.860068283081,-71.95380498009979,-71.95380498009979
2434.870068283081,-71.94806029758053,-71.94806029758053
2434.880068283081,-71.94233019921897,-71.94233019921897
2434.890068283081,-71.93661496116243,-71.93661496116243
2434.900068283081,-71.93091485499366,-71.93091485499366
2434.9100682830813,-71.92523014778742,-71.92523014778742
2434.920068283081,-71.91956110216239,-71.91956110216239
2434.9300682830813,-71.91390797629764,-71.91390797629764
2434.940068283081,-71.90827102403541,-71.90827102403541
2434.9500682830812,-71.90265049487763,-71.90265049487763
2434.960068283081,-71.8970403710418,-71.8970403710418
2434.970068283081,-71.89143815939771,-71.89143815939771
2434.980068283081,-71.88584277520653,-71.88584277520653
2434.990068283081,-71.88025378479045,-71.88025378479045
2435.000068283081,-71.87467111597435,-71.87467111597435
2435.010068283081,-71.86909490725809,-71.86909490725809
2435.020068283081,-71.8635254192055,-71.8635254192055
2435.030068283081,-71.85796298104563,-71.85796298104563
2435.040068283081,-71.85240795856038,-71.85240795856038
2435.050068283081,-71.8468607347392,-71.8468607347392
2435.060068283081,-71.84132169832175,-71.84132169832175
2435.070068283081,-71.83579123703974,-71.83579123703974
2435.080068283081,-71.83026973379283,-71.83026973379283
2435.090068283081,-71.82475756458577,-71.82475756458577
2435.100068283081,-71.81925509756728,-71.81925509756728
2435.110068283081,-71.81376269262373,-71.81376269262373
2435.120068283081,-71.80828070145894,-71.80828070145894
2435.130068283081,-71.80280946776709,-71.80280946776709
2435.140068283081,-71.79734932760455,-71.79734932760455
2435.150068283081,-71.79190060972043,-71.79190060972043
2435.1600682830813,-71.78646363596623,-71.78646363596623
2435.170068283081,-71.78103872164222,-71.78103872164222
2435.1800682830813,-71.7756261758316,-71.7756261758316
2435.190068283081,-71.77022630170165,-71.77022630170165
2435.2000682830812,-71.7648393967907,-71.7648393967907
2435.210068283081,-71.75946575323235,-71.75946575323235
2435.220068283081,-71.75410565799568,-71.75410565799568
2435.230068283081,-71.74875939305285,-71.74875939305285
2435.240068283081,-71.74342723556266,-71.74342723556266
2435.250068306923,-71.73810944535015,-71.73810944535015
2435.260068306923,-71.73280631571103,-71.73280631571103
2435.270068306923,-71.72751809746865,-71.72751809746865
2435.280068306923,-71.72224504980537,-71.72224504980537
2435.290068306923,-71.71698742767141,-71.71698742767141
2435.300068306923,-71.71174548185583,-71.71174548185583
2435.310068306923,-71.70651945907139,-71.70651945907139
2435.320068306923,-71.70130960201111,-71.70130960201111
2435.330068306923,-71.69611614940182,-71.69611614940182
2435.340068306923,-71.6909393360676,-71.6909393360676
2435.350068306923,-71.68577939298328,-71.68577939298328
2435.360068306923,-71.68063654730987,-71.68063654730987
2435.370068306923,-71.67551102244454,-71.67551102244454
2435.380068306923,-71.67040303806702,-71.67040303806702
2435.390068306923,-71.66531281017129,-71.66531281017129
2435.400068306923,-71.66024055108947,-71.66024055108947
2435.4100683069228,-71.65518646955202,-71.65518646955202
2435.420068306923,-71.65015077070899,-71.65015077070899
2435.4300683069227,-71.64513365616565,-71.64513365616565
2435.440068306923,-71.64013532401673,-71.64013532401673
2435.4500683069227,-71.63515596887504,-71.63515596887504
2435.460068306923,-71.6301957819018,-71.6301957819018
2435.4700683069227,-71.62525495084714,-71.62525495084714
2435.480068306923,-71.62033366006254,-71.62033366006254
2435.4900683069227,-71.61543209054707,-71.61543209054707
2435.500068306923,-71.61055041997919,-71.61055041997919
2435.510068306923,-71.60568882272986,-71.60568882272986
2435.520068306923,-71.60084746991681,-71.60084746991681
2435.530068306923,-71.59602652940067,-71.59602652940067
2435.540068306923,-71.5912261658476,-71.5912261658476
2435.550068306923,-71.5864465407516,-71.5864465407516
2435.560068306923,-71.58168781243857,-71.58168781243857
2435.570068306923,-71.57695013614524,-71.57695013614524
2435.580068306923,-71.57223366399595,-71.57223366399595
2435.590068306923,-71.5675385450721,-71.5675385450721
2435.600068306923,-71.56286492540954,-71.56286492540954
2435.610068306923,-71.5582129480586,-71.5582129480586
2435.620068306923,-71.55358275311765,-71.55358275311765
2435.630068306923,-71.54897447770631,-71.54897447770631
2435.640068306923,-71.54438825607464,-71.54438825607464
2435.650068306923,-71.53982421957626,-71.53982421957626
2435.6600683069228,-71.53528249672082,-71.53528249672082
2435.670068306923,-71.53076321319357,-71.53076321319357
2435.6800683069227,-71.52626649189992,-71.52626649189992
2435.690068306923,-71.52179245298265,-71.52179245298265
2435.7000683069227,-71.51734121387055,-71.51734121387055
2435.710068306923,-71.51291288927106,-71.51291288927106
2435.7200683069227,-71.50850759123848,-71.50850759123848
2435.730068306923,-71.50412542919256,-71.50412542919256
2435.7400683069227,-71.4997665099321,-71.4997665099321
2435.750068306923,-71.49543093767392,-71.49543093767392
2435.760068306923,-71.49111881411054,-71.49111881411054
2435.770068306923,-71.48683023839557,-71.48683023839557
2435.780068306923,-71.48256530719188,-71.48256530719188
2435.790068306923,-71.47832411469987,-71.47832411469987
2435.800068306923,-71.4741067526987,-71.4741067526987
2435.810068306923,-71.46991331055811,-71.46991331055811
2435.820068306923,-71.46574387527727,-71.46574387527727
2435.830068306923,-71.46159853150068,-71.46159853150068
2435.840068306923,-71.45747736156463,-71.45747736156463
2435.850068306923,-71.4533804455225,-71.4533804455225
2435.860068306923,-71.44930786115253,-71.44930786115253
2435.870068306923,-71.44525968401177,-71.44525968401177
2435.880068306923,-71.44123598744534,-71.44123598744534
2435.890068306923,-71.43723684263404,-71.43723684263404
2435.900068306923,-71.43326231860904,-71.43326231860904
2435.9100683069228,-71.42931248226067,-71.42931248226067
2435.920068306923,-71.42538739840438,-71.42538739840438
2435.9300683069227,-71.4214871297872,-71.4214871297872
2435.940068306923,-71.41761173710681,-71.41761173710681
2435.9500683069227,-71.41376127906071,-71.41376127906071
2435.960068306923,-71.40993581233761,-71.40993581233761
2435.9700683069227,-71.40613539168831,-71.40613539168831
2435.980068306923,-71.4023600699104,-71.4023600699104
2435.9900683069227,-71.3986098978988,-71.3986098978988
2436.000068306923,-71.39488492467346,-71.39488492467346
2436.010068306923,-71.39118519737751,-71.39118519737751
2436.020068306923,-71.38751076133481,-71.38751076133481
2436.030068306923,-71.3838616600443,-71.3838616600443
2436.040068306923,-71.38023793523878,-71.38023793523878
2436.050068306923,-71.3766396268836,-71.3766396268836
2436.060068306923,-71.37306677320778,-71.37306677320778
2436.070068306923,-71.36951941072752,-71.36951941072752
2436.080068306923,-71.3659975742649,-71.3659975742649
2436.090068306923,-71.36250129698571,-71.36250129698571
2436.1000683307648,-71.3590306021531,-71.3590306021531
2436.110068330765,-71.35558553625924,-71.35558553625924
2436.1200683307648,-71.35216611926651,-71.35216611926651
2436.130068330765,-71.34877237791822,-71.34877237791822
2436.1400683307647,-71.34540433739174,-71.34540433739174
2436.150068330765,-71.34206202134554,-71.34206202134554
2436.1600683307647,-71.33874545190922,-71.33874545190922
2436.170068330765,-71.33545464975045,-71.33545464975045
2436.1800683307647,-71.33218963406772,-71.33218963406772
2436.190068330765,-71.32895042259292,-71.32895042259292
2436.2000683307647,-71.32573703166226,-71.32573703166226
2436.210068330765,-71.32254947619042,-71.32254947619042
2436.2200683307647,-71.31938776972157,-71.31938776972157
2436.230068330765,-71.31625192443786,-71.31625192443786
2436.2400683307646,-71.31314195117369,-71.31314195117369
2436.250068330765,-71.3100578594446,-71.3100578594446
2436.2600683307646,-71.30699965746403,-71.30699965746403
2436.270068330765,-71.30396735215169,-71.30396735215169
2436.2800683307646,-71.30096094918247,-71.30096094918247
2436.290068330765,-71.29798045296366,-71.29798045296366
2436.3000683307646,-71.29502586669423,-71.29502586669423
2436.310068330765,-71.29209719234755,-71.29209719234755
2436.3200683307646,-71.28919443072277,-71.28919443072277
2436.330068330765,-71.2863175814263,-71.2863175814263
2436.3400683307646,-71.28346664292636,-71.28346664292636
2436.3500683307648,-71.28064161255419,-71.28064161255419
2436.360068330765,-71.27784248650427,-71.27784248650427
2436.3700683307648,-71.27506925987613,-71.27506925987613
2436.380068330765,-71.27232192669389,-71.27232192669389
2436.3900683307647,-71.26960047990293,-71.26960047990293
2436.400068330765,-71.26690491138092,-71.26690491138092
2436.4100683307647,-71.26423521199042,-71.26423521199042
2436.420068330765,-71.26159137156141,-71.26159137156141
2436.4300683307647,-71.2589733789227,-71.2589733789227
2436.440068330765,-71.256381221911,-71.256381221911
2436.4500683307647,-71.25381488738265,-71.25381488738265
2436.460068330765,-71.25127436125076,-71.25127436125076
2436.4700683307647,-71.24875962846801,-71.24875962846801
2436.480068330765,-71.24627067306594,-71.24627067306594
2436.4900683307646,-71.24380747816012,-71.24380747816012
2436.500068330765,-71.2413700259686,-71.2413700259686
2436.5100683307646,-71.23895829782307,-71.23895829782307
2436.520068330765,-71.23657227417371,-71.23657227417371
2436.5300683307646,-71.23421193462852,-71.23421193462852
2436.540068330765,-71.23187725794327,-71.23187725794327
2436.5500683307646,-71.22956822204421,-71.22956822204421
2436.560068330765,-71.22728480403555,-71.22728480403555
2436.5700683307646,-71.22502698022592,-71.22502698022592
2436.580068330765,-71.22279472612819,-71.22279472612819
2436.5900683307646,-71.22058801648367,-71.22058801648367
2436.6000683307648,-71.21840682526505,-71.21840682526505
2436.610068330765,-71.21625112568505,-71.21625112568505
2436.6200683307648,-71.21412089022616,-71.21412089022616
2436.630068330765,-71.21201609064278,-71.21201609064278
2436.6400683307647,-71.2099366979704,-71.2099366979704
2436.650068330765,-71.20788268252764,-71.20788268252764
2436.6600683307647,-71.2058540139703,-71.2058540139703
2436.670068330765,-71.20385066124408,-71.20385066124408
2436.6800683307647,-71.20187259264996,-71.20187259264996
2436.690068330765,-71.19991977581296,-71.19991977581296
2436.7000683307647,-71.19799217772352,-71.19799217772352
2436.710068330765,-71.19608976472246,-71.19608976472246
2436.7200683307647,-71.19421250253907,-71.19421250253907
2436.730068330765,-71.19236035628757,-71.19236035628757
2436.7400683307646,-71.19053329046952,-71.19053329046952
2436.750068330765,-71.18873126900381,-71.18873126900381
2436.7600683307646,-71.18695425521854,-71.18695425521854
2436.770068330765,-71.18520221187092,-71.18520221187092
2436.7800683307646,-71.18347510115963,-71.18347510115963
2436.790068330765,-71.18177288472576,-71.18177288472576
2436.8000683307646,-71.1800955236693,-71.1800955236693
2436.810068330765,-71.17844297856033,-71.17844297856033
2436.8200683307646,-71.17681520944356,-71.17681520944356
2436.830068330765,-71.17521217583706,-71.17521217583706
2436.8400683307646,-71.17363383677376,-71.17363383677376
2436.8500683307648,-71.17208015078012,-71.17208015078012
2436.860068330765,-71.17055107589889,-71.17055107589889
2436.8700683307648,-71.16904656968062,-71.16904656968062
2436.880068330765,-71.16756658922293,-71.16756658922293
2436.8900683307647,-71.16611109116337,-71.16611109116337
2436.900068330765,-71.1646800316748,-71.1646800316748
2436.9100683307647,-71.16327336649502,-71.16327336649502
2436.920068330765,-71.16189105092592,-71.16189105092592
2436.9300683307647,-71.16053303983776,-71.16053303983776
2436.940068330765,-71.15919928767356,-71.15919928767356
2436.9500683546066,-71.1578897453777,-71.1578897453777
2436.960068354607,-71.15660437288548,-71.15660437288548
2436.9700683546066,-71.15534312023202,-71.15534312023202
2436.980068354607,-71.15410594028788,-71.15410594028788
2436.9900683546066,-71.15289278553384,-71.15289278553384
2437.000068354607,-71.15170360805884,-71.15170360805884
2437.0100683546066,-71.15053835960995,-71.15053835960995
2437.020068354607,-71.149396991557,-71.149396991557
2437.0300683546066,-71.1482794549326,-71.1482794549326
2437.040068354607,-71.14718570040625,-71.14718570040625
2437.0500683546065,-71.14611567833184,-71.14611567833184
2437.0600683546068,-71.14506933871726,-71.14506933871726
2437.0700683546065,-71.14404663125234,-71.14404663125234
2437.0800683546067,-71.14304750531115,-71.14304750531115
2437.0900683546065,-71.14207190995525,-71.14207190995525
2437.1000683546067,-71.14111979394717,-71.14111979394717
2437.1100683546065,-71.14019110574223,-71.14019110574223
2437.1200683546067,-71.13928579351662,-71.13928579351662
2437.1300683546065,-71.13840380515245,-71.13840380515245
2437.1400683546067,-71.13754508825488,-71.13754508825488
2437.1500683546064,-71.13670959015793,-71.13670959015793
2437.1600683546067,-71.13589725792663,-71.13589725792663
2437.1700683546064,-71.13510803837107,-71.13510803837107
2437.1800683546066,-71.13434187804111,-71.13434187804111
2437.1900683546064,-71.13359872323879,-71.13359872323879
2437.2000683546066,-71.13287852001733,-71.13287852001733
2437.210068354607,-71.13217501150099,-71.13217501150099
2437.2200683546066,-71.13148543014873,-71.13148543014873
2437.230068354607,-71.1308084048415,-71.1308084048415
2437.2400683546066,-71.13014321185528,-71.13014321185528
2437.250068354607,-71.12948948856605,-71.12948948856605
2437.2600683546066,-71.12884708439316,-71.12884708439316
2437.270068354607,-71.12821597327638,-71.12821597327638
2437.2800683546066,-71.1275962009658,-71.1275962009658
2437.290068354607,-71.12698785328297,-71.12698785328297
2437.3000683546065,-71.12639103706313,-71.12639103706313
2437.3100683546068,-71.12580586877269,-71.12580586877269
2437.3200683546065,-71.12523246783705,-71.12523246783705
2437.3300683546067,-71.12467095280289,-71.12467095280289
2437.3400683546065,-71.12412143928974,-71.12412143928974
2437.3500683546067,-71.12358403893892,-71.12358403893892
2437.3600683546065,-71.12305885903277,-71.12305885903277
2437.3700683546067,-71.12254600243789,-71.12254600243789
2437.3800683546065,-71.12204556780529,-71.12204556780529
2437.3900683546067,-71.12155764980766,-71.12155764980766
2437.4000683546064,-71.12108233950002,-71.12108233950002
2437.4100683546067,-71.12061972458297,-71.12061972458297
2437.4200683546064,-71.12016988974766,-71.12016988974766
2437.4300683546066,-71.11973291694524,-71.11973291694524
2437.4400683546064,-71.11930888564179,-71.11930888564179
2437.4500683546066,-71.11889787304065,-71.11889787304065
2437.460068354607,-71.11849995428355,-71.11849995428355
2437.4700683546066,-71.11811520261263,-71.11811520261263
2437.480068354607,-71.11774368950886,-71.11774368950886
2437.4900683546066,-71.11738548482806,-71.11738548482806
2437.500068354607,-71.11704065689284,-71.11704065689284
2437.5100683546066,-71.11670927258459,-71.11670927258459
2437.520068354607,-71.11639139741352,-71.11639139741352
2437.5300683546066,-71.11608709559005,-71.11608709559005
2437.540068354607,-71.1157964300477,-71.1157964300477
2437.5500683546065,-71.11551946252135,-71.11551946252135
2437.5600683546068,-71.11525625355446,-71.11525625355446
2437.5700683546065,-71.11500686253999,-71.11500686253999
2437.5800683546067,-71.11477134771866,-71.11477134771866
2437.5900683546065,-71.11454976624346,-71.11454976624346
2437.6000683546067,-71.11434217414207,-71.11434217414207
2437.6100683546065,-71.11414862636623,-71.11414862636623
2437.6200683546067,-71.11396917677253,-71.11396917677253
2437.6300683546065,-71.11380387815096,-71.11380387815096
2437.6400683546067,-71.1136527822257,-71.1136527822257
2437.6500683546064,-71.11351593964226,-71.11351593964226
2437.6600683546067,-71.11339339998058,-71.11339339998058
2437.6700683546064,-71.11328521176961,-71.11328521176961
2437.6800683546066,-71.11319142246664,-71.11319142246664
2437.6900683546064,-71.11311207846354,-71.11311207846354
2437.7000683546066,-71.11304722510462,-71.11304722510462
2437.710068354607,-71.11299690666364,-71.11299690666364
2437.7200683546066,-71.11296116636004,-71.11296116636004
2437.730068354607,-71.11294004635116,-71.11294004635116
2437.7400683546066,-71.11293358773351,-71.11293358773351
2437.750068354607,-71.11294183054397,-71.11294183054397
2437.7600683546066,-71.11296481376378,-71.11296481376378
2437.770068354607,-71.1130025753159,-71.1130025753159
2437.7800683546066,-71.11305515207185,-71.11305515207185
2437.790068354607,-71.11312257984122,-71.11312257984122
2437.8000683784485,-71.1132048935912,-71.1132048935912
2437.8100683784487,-71.11330212667784,-71.11330212667784
2437.8200683784485,-71.11341431191913,-71.11341431191913
2437.8300683784487,-71.11354148093167,-71.11354148093167
2437.8400683784484,-71.11368366430305,-71.11368366430305
2437.8500683784487,-71.11384089158497,-71.11384089158497
2437.8600683784484,-71.1140131912825,-71.1140131912825
2437.8700683784487,-71.11420059088846,-71.11420059088846
2437.8800683784484,-71.11440311685458,-71.11440311685458
2437.8900683784486,-71.11462079462697,-71.11462079462697
2437.9000683784484,-71.1148536486304,-71.1148536486304
2437.9100683784486,-71.11510170228627,-71.11510170228627
2437.9200683784484,-71.11536497801919,-71.11536497801919
2437.9300683784486,-71.11564349725046,-71.11564349725046
2437.9400683784484,-71.11593728041399,-71.11593728041399
2437.9500683784486,-71.11624634696332,-71.11624634696332
2437.9600683784483,-71.11657071537952,-71.11657071537952
2437.9700683784486,-71.11691040316246,-71.11691040316246
2437.9800683784483,-71.11726542687848,-71.11726542687848
2437.9900683784485,-71.11763580211048,-71.11763580211048
2438.0000683784483,-71.118021543514,-71.118021543514
2438.0100683784485,-71.11842266481533,-71.11842266481533
2438.0200683784483,-71.1188391787926,-71.1188391787926
2438.0300683784485,-71.11927109730364,-71.11927109730364
2438.0400683784483,-71.11971843131963,-71.11971843131963
2438.0500683784485,-71.120181190885,-71.120181190885
2438.0600683784487,-71.12065938515278,-71.12065938515278
2438.0700683784485,-71.12115302240579,-71.12115302240579
2438.0800683784487,-71.12166211002649,-71.12166211002649
2438.0900683784484,-71.12218665455428,-71.12218665455428
2438.1000683784487,-71.12272666165661,-71.12272666165661
2438.1100683784484,-71.1232821361609,-71.1232821361609
2438.1200683784487,-71.12385308204306,-71.12385308204306
2438.1300683784484,-71.1244395024566,-71.1244395024566
2438.1400683784486,-71.12504139974094,-71.12504139974094
2438.1500683784484,-71.12565877541758,-71.12565877541758
2438.1600683784486,-71.12629163020473,-71.12629163020473
2438.1700683784484,-71.12693996403522,-71.12693996403522
2438.1800683784486,-71.12760377605737,-71.12760377605737
2438.1900683784484,-71.12828306464857,-71.12828306464857
2438.2000683784486,-71.1289778274185,-71.1289778274185
2438.2100683784483,-71.12968806123384,-71.12968806123384
2438.2200683784486,-71.1304137622109,-71.1304137622109
2438.2300683784483,-71.13115492573843,-71.13115492573843
2438.2400683784485,-71.13191154647467,-71.13191154647467
2438.2500683784483,-71.13268361836931,-71.13268361836931
2438.2600683784485,-71.1334711346611,-71.1334711346611
2438.2700683784483,-71.1342740879084,-71.1342740879084
2438.2800683784485,-71.13509246996715,-71.13509246996715
2438.2900683784483,-71.13592627203134,-71.13592627203134
2438.3000683784485,-71.1367754846221,-71.1367754846221
2438.3100683784487,-71.1376400976048,-71.1376400976048
2438.3200683784485,-71.13852010021249,-71.13852010021249
2438.3300683784487,-71.13941548100884,-71.13941548100884
2438.3400683784484,-71.14032622795865,-71.14032622795865
2438.3500683784487,-71.14125232839775,-71.14125232839775
2438.3600683784484,-71.14219376905386,-71.14219376905386
2438.3700683784487,-71.14315053604746,-71.14315053604746
2438.3800683784484,-71.1441226149257,-71.1441226149257
2438.3900683784486,-71.14510999062905,-71.14510999062905
2438.4000683784484,-71.1461126475503,-71.1461126475503
2438.4100683784486,-71.14713056949608,-71.14713056949608
2438.4200683784484,-71.14816373973665,-71.14816373973665
2438.4300683784486,-71.14921214098494,-71.14921214098494
2438.4400683784484,-71.15027575542591,-71.15027575542591
2438.4500683784486,-71.15135456469783,-71.15135456469783
2438.4600683784483,-71.15244854993944,-71.15244854993944
2438.4700683784486,-71.15355769176354,-71.15355769176354
2438.4800683784483,-71.15468197028478,-71.15468197028478
2438.4900683784485,-71.15582136513044,-71.15582136513044
2438.5000683784483,-71.15697585543364,-71.15697585543364
2438.5100683784485,-71.158145419839,-71.158145419839
2438.5200683784483,-71.1593300365427,-71.1593300365427
2438.5300683784485,-71.16052968326558,-71.16052968326558
2438.5400683784483,-71.16174433727399,-71.16174433727399
2438.5500683784485,-71.16297397539985,-71.16297397539985
2438.5600683784487,-71.16421857402933,-71.16421857402933
2438.5700683784485,-71.16547810910572,-71.16547810910572
2438.5800683784487,-71.16675255617314,-71.16675255617314
2438.5900683784484,-71.1680418903392,-71.1680418903392
2438.6000683784487,-71.1693460863179,-71.1693460863179
2438.6100683784484,-71.17066511841675,-71.17066511841675
2438.6200683784487,-71.17199896054987,-71.17199896054987
2438.6300683784484,-71.17334758625448,-71.17334758625448
2438.6400683784486,-71.17471096867283,-71.17471096867283
2438.6500684022903,-71.17608908388156,-71.17608908388156
2438.6600684022906,-71.17748189776411,-71.17748189776411
2438.6700684022903,-71.1788893856074,-71.1788893856074
2438.6800684022905,-71.18031151912749,-71.18031151912749
2438.6900684022903,-71.18174826968732,-71.18174826968732
2438.7000684022905,-71.18319960830704,-71.18319960830704
2438.7100684022903,-71.18465929662077,-71.18465929662077
2438.7200684022905,-71.18612458649179,-71.18612458649179
2438.7300684022903,-71.18759412607419,-71.18759412607419
2438.7400684022905,-71.18906721047881,-71.18906721047881
2438.7500684022903,-71.19054349552327,-71.19054349552327
2438.7600684022905,-71.19202284880953,-71.19202284880953
2438.7700684022902,-71.19350526236799,-71.19350526236799
2438.7800684022905,-71.19499080007608,-71.19499080007608
2438.79006840229,-71.19647956601604,-71.19647956601604
2438.8000684022904,-71.19797168546121,-71.19797168546121
2438.81006840229,-71.19946729356435,-71.19946729356435
2438.8200684022904,-71.20096652867194,-71.20096652867194
2438.83006840229,-71.20246952853228,-71.20246952853228
2438.8400684022904,-71.20397642818686,-71.20397642818686
2438.85006840229,-71.20548735896604,-71.20548735896604
2438.8600684022904,-71.20700244804034,-71.20700244804034
2438.87006840229,-71.20852181841423,-71.20852181841423
2438.8800684022904,-71.21004558903394,-71.21004558903394
2438.89006840229,-71.21157387509211,-71.21157387509211
2438.9000684022903,-71.2131067882883,-71.2131067882883
2438.9100684022906,-71.21464443714531,-71.21464443714531
2438.9200684022903,-71.216186927308,-71.216186927308
2438.9300684022905,-71.21773436180798,-71.21773436180798
2438.9400684022903,-71.21928684129637,-71.21928684129637
2438.9500684022905,-71.22084446427436,-71.22084446427436
2438.9600684022903,-71.22240732727094,-71.22240732727094
2438.9700684022905,-71.2239755249858,-71.2239755249858
2438.9800684022903,-71.22554915044738,-71.22554915044738
2438.9900684022905,-71.22712829511505,-71.22712829511505
2439.0000684022903,-71.2287130489733,-71.2287130489733
2439.0100684022905,-71.23030350061863,-71.23030350061863
2439.0200684022902,-71.23189973733143,-71.23189973733143
2439.0300684022905,-71.23350184510811,-71.23350184510811
2439.04006840229,-71.23510990874156,-71.23510990874156
2439.0500684022904,-71.23672401181533,-71.23672401181533
2439.06006840229,-71.23834423676786,-71.23834423676786
2439.0700684022904,-71.23997066489724,-71.23997066489724
2439.08006840229,-71.24160337639294,-71.24160337639294
2439.0900684022904,-71.24324245033883,-71.24324245033883
2439.10006840229,-71.2448879647203,-71.2448879647203
2439.1100684022904,-71.24653999645281,-71.24653999645281
2439.12006840229,-71.24819862136185,-71.24819862136185
2439.1300684022904,-71.24983252909625,-71.24983252909625
2439.14006840229,-71.25142615792791,-71.25142615792791
2439.1500684022903,-71.25297000967105,-71.25297000967105
2439.1600684022906,-71.25445778024122,-71.25445778024122
2439.1700684022903,-71.25588519763609,-71.25588519763609
2439.1800684022905,-71.2572493396259,-71.2572493396259
2439.1900684022903,-71.25854819378421,-71.25854819378421
2439.2000684022905,-71.25978037091828,-71.25978037091828
2439.2100684022903,-71.26093870341049,-71.26093870341049
2439.2200684022905,-71.26201983127811,-71.26201983127811
2439.2300684022903,-71.26302202409514,-71.26302202409514
2439.2400684022905,-71.2639443760055,-71.2639443760055
2439.2500684022903,-71.2647864818027,-71.2647864818027
2439.2600684022905,-71.2655482620276,-71.2655482620276
2439.2700684022902,-71.26622985718713,-71.26622985718713
2439.2800684022905,-71.26683156179328,-71.26683156179328
2439.29006840229,-71.26735378272888,-71.26735378272888
2439.3000684022904,-71.26779701247378,-71.26779701247378
2439.31006840229,-71.26816181157588,-71.26816181157588
2439.3200684022904,-71.26844879686699,-71.26844879686699
2439.33006840229,-71.26865863322654,-71.26865863322654
2439.3400684022904,-71.26879202764717,-71.26879202764717
2439.35006840229,-71.26884972473466,-71.26884972473466
2439.3600684022904,-71.26883250314073,-71.26883250314073
2439.37006840229,-71.26874117259771,-71.26874117259771
2439.3800684022904,-71.2685765713271,-71.2685765713271
2439.39006840229,-71.26833956378294,-71.26833956378294
2439.4000684022903,-71.26803103848104,-71.26803103848104
2439.4100684022906,-71.26765190608188,-71.26765190608188
2439.4200684022903,-71.26720309747876,-71.26720309747876
2439.4300684022905,-71.26668556206523,-71.26668556206523
2439.4400684022903,-71.26610026598313,-71.26610026598313
2439.4500684022905,-71.26544819055418,-71.26544819055418
2439.4600684022903,-71.26473033066684,-71.26473033066684
2439.4700684022905,-71.263947693313,-71.263947693313
2439.4800684022903,-71.26310129614434,-71.26310129614434
2439.4900684022905,-71.26219216610518,-71.26219216610518
2439.500068426132,-71.26122133581494,-71.26122133581494
2439.5100684261324,-71.26018985139592,-71.26018985139592
2439.520068426132,-71.25909875798098,-71.25909875798098
2439.5300684261324,-71.25794910723019,-71.25794910723019
2439.540068426132,-71.2567419541629,-71.2567419541629
2439.5500684261324,-71.25547835616266,-71.25547835616266
2439.560068426132,-71.25415937201186,-71.25415937201186
2439.5700684261324,-71.2527860609897,-71.2527860609897
2439.580068426132,-71.25135948200308,-71.25135948200308
2439.5900684261323,-71.24988069279594,-71.24988069279594
2439.600068426132,-71.24835074919613,-71.24835074919613
2439.6100684261323,-71.24677070441426,-71.24677070441426
2439.620068426132,-71.24514160835237,-71.24514160835237
2439.6300684261323,-71.24346450701132,-71.24346450701132
2439.640068426132,-71.24174044187752,-71.24174044187752
2439.6500684261323,-71.23997044940964,-71.23997044940964
2439.660068426132,-71.23815556050012,-71.23815556050012
2439.6700684261323,-71.23629680002719,-71.23629680002719
2439.680068426132,-71.23439518640632,-71.23439518640632
2439.6900684261323,-71.23245173118325,-71.23245173118325
2439.700068426132,-71.23046743864472,-71.23046743864472
2439.7100684261322,-71.22843709904522,-71.22843709904522
2439.720068426132,-71.22635898970874,-71.22635898970874
2439.730068426132,-71.22423277740523,-71.22423277740523
2439.740068426132,-71.22205876777963,-71.22205876777963
2439.750068426132,-71.21983761862948,-71.21983761862948
2439.7600684261324,-71.21757019076885,-71.21757019076885
2439.770068426132,-71.21525746040501,-71.21525746040501
2439.7800684261324,-71.21290046642268,-71.21290046642268
2439.790068426132,-71.21050027855715,-71.21050027855715
2439.8000684261324,-71.20805797827137,-71.20805797827137
2439.810068426132,-71.20557464726947,-71.20557464726947
2439.8200684261324,-71.20305136073249,-71.20305136073249
2439.830068426132,-71.20048918337797,-71.20048918337797
2439.8400684261323,-71.1978891673051,-71.1978891673051
2439.850068426132,-71.19525235084936,-71.19525235084936
2439.8600684261323,-71.19257975812748,-71.19257975812748
2439.870068426132,-71.18987239889354,-71.18987239889354
2439.8800684261323,-71.18713126866261,-71.18713126866261
2439.890068426132,-71.18435734891509,-71.18435734891509
2439.9000684261323,-71.18155160736445,-71.18155160736445
2439.910068426132,-71.17871499823447,-71.17871499823447
2439.9200684261323,-71.17584846254105,-71.17584846254105
2439.930068426132,-71.17295292835024,-71.17295292835024
2439.9400684261323,-71.17002931102749,-71.17002931102749
2439.950068426132,-71.1670785134426,-71.1670785134426
2439.9600684261322,-71.1641014261872,-71.1641014261872
2439.970068426132,-71.16109892773876,-71.16109892773876
2439.980068426132,-71.1580718846358,-71.1580718846358
2439.990068426132,-71.15502115160898,-71.15502115160898
2440.000068426132,-71.15194757173539,-71.15194757173539
2440.0100684261324,-71.14885197654671,-71.14885197654671
2440.020068426132,-71.14573518615313,-71.14573518615313
2440.0300684261324,-71.1425980093308,-71.1425980093308
2440.040068426132,-71.13944124365199,-71.13944124365199
2440.0500684261324,-71.13626567555387,-71.13626567555387
2440.060068426132,-71.13307208044517,-71.13307208044517
2440.0700684261324,-71.12986122280547,-71.12986122280547
2440.080068426132,-71.12663385623803,-71.12663385623803
2440.0900684261323,-71.12339072360557,-71.12339072360557
2440.100068426132,-71.12013255706898,-71.12013255706898
2440.1100684261323,-71.1168600781965,-71.1168600781965
2440.120068426132,-71.11357399804682,-71.11357399804682
2440.1300684261323,-71.11027501725312,-71.11027501725312
2440.140068426132,-71.10696382610526,-71.10696382610526
2440.1500684261323,-71.1036411046409,-71.1036411046409
2440.160068426132,-71.10030752272013,-71.10030752272013
2440.1700684261323,-71.09696374013345,-71.09696374013345
2440.180068426132,-71.0936104066614,-71.0936104066614
2440.1900684261323,-71.09024816219485,-71.09024816219485
2440.200068426132,-71.08687763680715,-71.08687763680715
2440.2100684261322,-71.08349945083113,-71.08349945083113
2440.220068426132,-71.0801142149885,-71.0801142149885
2440.230068426132,-71.07672253044656,-71.07672253044656
2440.240068426132,-71.07332498892443,-71.07332498892443
2440.250068426132,-71.0699221727845,-71.0699221727845
2440.2600684261324,-71.06651465512256,-71.06651465512256
2440.270068426132,-71.06310299988634,-71.06310299988634
2440.2800684261324,-71.05968776192759,-71.05968776192759
2440.290068426132,-71.05626948714018,-71.05626948714018
2440.3000684261324,-71.05284871252688,-71.05284871252688
2440.310068426132,-71.04942596630556,-71.04942596630556
2440.3200684261324,-71.04600176801277,-71.04600176801277
2440.330068426132,-71.04257662859028,-71.04257662859028
2440.3400684261323,-71.03915105048748,-71.03915105048748
2440.350068449974,-71.03572551959518,-71.03572551959518
2440.3600684499743,-71.0323005379809,-71.0323005379809
2440.370068449974,-71.02887657504529,-71.02887657504529
2440.3800684499743,-71.02545410022198,-71.02545410022198
2440.390068449974,-71.02203357495908,-71.02203357495908
2440.4000684499742,-71.0186154527687,-71.0186154527687
2440.410068449974,-71.01520017936768,-71.01520017936768
2440.420068449974,-71.01178819274327,-71.01178819274327
2440.430068449974,-71.00837992326558,-71.00837992326558
2440.440068449974,-71.00497579377623,-71.00497579377623
2440.450068449974,-71.00157621968579,-71.00157621968579
2440.460068449974,-70.99818160907127,-70.99818160907127
2440.470068449974,-70.99479236276846,-70.99479236276846
2440.480068449974,-70.99140887445192,-70.99140887445192
2440.490068449974,-70.98803153076656,-70.98803153076656
2440.500068449974,-70.98466071137537,-70.98466071137537
2440.510068449974,-70.9812967890927,-70.9812967890927
2440.520068449974,-70.97794012993373,-70.97794012993373
2440.530068449974,-70.9745910932534,-70.9745910932534
2440.540068449974,-70.97125003178265,-70.97125003178265
2440.550068449974,-70.96791729177083,-70.96791729177083
2440.560068449974,-70.96459321304829,-70.96459321304829
2440.570068449974,-70.96127812911483,-70.96127812911483
2440.580068449974,-70.95797236723347,-70.95797236723347
2440.590068449974,-70.95467624850943,-70.95467624850943
2440.600068449974,-70.95139008799114,-70.95139008799114
2440.6100684499743,-70.94811419473722,-70.94811419473722
2440.620068449974,-70.94484887192743,-70.94484887192743
2440.6300684499743,-70.94159441690022,-70.94159441690022
2440.640068449974,-70.93835112129865,-70.93835112129865
2440.6500684499742,-70.93511927109766,-70.93511927109766
2440.660068449974,-70.93189914671878,-70.93189914671878
2440.670068449974,-70.92869102308677,-70.92869102308677
2440.680068449974,-70.92549516973776,-70.92549516973776
2440.690068449974,-70.92231185087027,-70.92231185087027
2440.700068449974,-70.91914132544316,-70.91914132544316
2440.710068449974,-70.91598384723383,-70.91598384723383
2440.720068449974,-70.91283966494224,-70.91283966494224
2440.730068449974,-70.90970902223539,-70.90970902223539
2440.740068449974,-70.90659215784281,-70.90659215784281
2440.750068449974,-70.90348930562682,-70.90348930562682
2440.760068449974,-70.90040069464311,-70.90040069464311
2440.770068449974,-70.89732654922754,-70.89732654922754
2440.780068449974,-70.89426708906366,-70.89426708906366
2440.790068449974,-70.89122252924267,-70.89122252924267
2440.800068449974,-70.8881930803477,-70.8881930803477
2440.810068449974,-70.88517894852005,-70.88517894852005
2440.820068449974,-70.88218033551253,-70.88218033551253
2440.830068449974,-70.87919743877099,-70.87919743877099
2440.840068449974,-70.87623045149472,-70.87623045149472
2440.850068449974,-70.87327956270039,-70.87327956270039
2440.8600684499743,-70.87034495729064,-70.87034495729064
2440.870068449974,-70.86742681611166,-70.86742681611166
2440.8800684499743,-70.86452531602455,-70.86452531602455
2440.890068449974,-70.86164062994851,-70.86164062994851
2440.9000684499742,-70.85877292694357,-70.85877292694357
2440.910068449974,-70.85592237227226,-70.85592237227226
2440.920068449974,-70.85308912742494,-70.85308912742494
2440.930068449974,-70.85027335022009,-70.85027335022009
2440.940068449974,-70.84747519482531,-70.84747519482531
2440.950068449974,-70.84469481185117,-70.84469481185117
2440.960068449974,-70.84192617851207,-70.84192617851207
2440.970068449974,-70.83916674649768,-70.83916674649768
2440.980068449974,-70.83641535457895,-70.83641535457895
2440.990068449974,-70.83367148202467,-70.83367148202467
2441.000068449974,-70.8309349635402,-70.8309349635402
2441.010068449974,-70.82820584104954,-70.82820584104954
2441.020068449974,-70.82548427673612,-70.82548427673612
2441.030068449974,-70.82277050075984,-70.82277050075984
2441.040068449974,-70.82006477981452,-70.82006477981452
2441.050068449974,-70.81736739827636,-70.81736739827636
2441.060068449974,-70.81467864700113,-70.81467864700113
2441.070068449974,-70.81199881676501,-70.81199881676501
2441.080068449974,-70.80932819455852,-70.80932819455852
2441.090068449974,-70.80666706156373,-70.80666706156373
2441.100068449974,-70.80401569221864,-70.80401569221864
2441.1100684499743,-70.80137435386365,-70.80137435386365
2441.120068449974,-70.79874330676553,-70.79874330676553
2441.1300684499743,-70.79612280434323,-70.79612280434323
2441.140068449974,-70.79351309344493,-70.79351309344493
2441.1500684499742,-70.79091441474934,-70.79091441474934
2441.160068449974,-70.78832700310873,-70.78832700310873
2441.170068449974,-70.78575108787682,-70.78575108787682
2441.180068449974,-70.78318689324205,-70.78318689324205
2441.190068449974,-70.7806346385204,-70.7806346385204
2441.200068473816,-70.77809453235962,-70.77809453235962
2441.210068473816,-70.77556679719346,-70.77556679719346
2441.220068473816,-70.77305163307591,-70.77305163307591
2441.230068473816,-70.7705492421126,-70.7705492421126
2441.240068473816,-70.7680598225732,-70.7680598225732
2441.250068473816,-70.76558356900767,-70.76558356900767
2441.260068473816,-70.76312067236776,-70.76312067236776
2441.270068473816,-70.76067132012045,-70.76067132012045
2441.280068473816,-70.75823569632728,-70.75823569632728
2441.290068473816,-70.75581398174477,-70.75581398174477
2441.300068473816,-70.75340635387438,-70.75340635387438
2441.310068473816,-70.75101298705057,-70.75101298705057
2441.320068473816,-70.7486340524744,-70.7486340524744
2441.330068473816,-70.74626971827543,-70.74626971827543
2441.340068473816,-70.74392014958579,-70.74392014958579
2441.350068473816,-70.7415855085226,-70.7415855085226
2441.3600684738158,-70.73926595429018,-70.73926595429018
2441.370068473816,-70.73696164317646,-70.73696164317646
2441.3800684738158,-70.73467272861294,-70.73467272861294
2441.390068473816,-70.7323993611719,-70.7323993611719
2441.4000684738157,-70.73014168864887,-70.73014168864887
2441.410068473816,-70.72789985603735,-70.72789985603735
2441.4200684738157,-70.72567400560116,-70.72567400560116
2441.430068473816,-70.72346427686989,-70.72346427686989
2441.4400684738157,-70.72127080668965,-70.72127080668965
2441.450068473816,-70.71909372922109,-70.71909372922109
2441.460068473816,-70.7169331759926,-70.7169331759926
2441.470068473816,-70.71478927591605,-70.71478927591605
2441.480068473816,-70.71266215528811,-70.71266215528811
2441.490068473816,-70.71055193785409,-70.71055193785409
2441.500068473816,-70.70845874480655,-70.70845874480655
2441.510068473816,-70.70638269481582,-70.70638269481582
2441.520068473816,-70.70432390404397,-70.70432390404397
2441.530068473816,-70.70228248619273,-70.70228248619273
2441.540068473816,-70.70025855249227,-70.70025855249227
2441.550068473816,-70.69825221175785,-70.69825221175785
2441.560068473816,-70.69626357039664,-70.69626357039664
2441.570068473816,-70.69429273243837,-70.69429273243837
2441.580068473816,-70.69233979955267,-70.69233979955267
2441.590068473816,-70.69040487107034,-70.69040487107034
2441.600068473816,-70.68848804401722,-70.68848804401722
2441.6100684738158,-70.6865894131448,-70.6865894131448
2441.620068473816,-70.6847090709175,-70.6847090709175
2441.6300684738158,-70.68284710758523,-70.68284710758523
2441.640068473816,-70.681003611164,-70.681003611164
2441.6500684738157,-70.67917866749602,-70.67917866749602
2441.660068473816,-70.67737236025532,-70.67737236025532
2441.6700684738157,-70.67558477096375,-70.67558477096375
2441.680068473816,-70.67381597903373,-70.67381597903373
2441.6900684738157,-70.67206606177776,-70.67206606177776
2441.700068473816,-70.67033509444255,-70.67033509444255
2441.710068473816,-70.66862315022907,-70.66862315022907
2441.720068473816,-70.66693030030599,-70.66693030030599
2441.730068473816,-70.66525661385474,-70.66525661385474
2441.740068473816,-70.66360215808096,-70.66360215808096
2441.750068473816,-70.66196699822942,-70.66196699822942
2441.760068473816,-70.66035119761713,-70.66035119761713
2441.770068473816,-70.65875481767472,-70.65875481767472
2441.780068473816,-70.6571779179337,-70.6571779179337
2441.790068473816,-70.65562055607671,-70.65562055607671
2441.800068473816,-70.6540827879582,-70.6540827879582
2441.810068473816,-70.65256466760601,-70.65256466760601
2441.820068473816,-70.65106624727014,-70.65106624727014
2441.830068473816,-70.64958757743914,-70.64958757743914
2441.840068473816,-70.64812870685292,-70.64812870685292
2441.850068473816,-70.64668968253922,-70.64668968253922
2441.8600684738158,-70.6452705498283,-70.6452705498283
2441.870068473816,-70.64387135236717,-70.64387135236717
2441.8800684738158,-70.64249213216164,-70.64249213216164
2441.890068473816,-70.64113292958122,-70.64113292958122
2441.9000684738157,-70.63979378340309,-70.63979378340309
2441.910068473816,-70.63847473080024,-70.63847473080024
2441.9200684738157,-70.63717580739167,-70.63717580739167
2441.930068473816,-70.6358970472464,-70.6358970472464
2441.9400684738157,-70.63463848292065,-70.63463848292065
2441.950068473816,-70.63340014546951,-70.63340014546951
2441.960068473816,-70.6321820644691,-70.6321820644691
2441.970068473816,-70.63098426803985,-70.63098426803985
2441.980068473816,-70.62980678284943,-70.62980678284943
2441.990068473816,-70.62864963417273,-70.62864963417273
2442.000068473816,-70.62751284587002,-70.62751284587002
2442.010068473816,-70.62639644043122,-70.62639644043122
2442.020068473816,-70.62530043899818,-70.62530043899818
2442.030068473816,-70.62422486135662,-70.62422486135662
2442.040068473816,-70.62316972599662,-70.62316972599662
2442.050068497658,-70.6221350476307,-70.6221350476307
2442.060068497658,-70.62112084714605,-70.62112084714605
2442.0700684976578,-70.62012713665953,-70.62012713665953
2442.080068497658,-70.6191539295777,-70.6191539295777
2442.0900684976577,-70.61820123808018,-70.61820123808018
2442.100068497658,-70.61726907314056,-70.61726907314056
2442.1100684976577,-70.61635744455553,-70.61635744455553
2442.120068497658,-70.6154663609384,-70.6154663609384
2442.1300684976577,-70.6145958297594,-70.6145958297594
2442.140068497658,-70.61374585734974,-70.61374585734974
2442.1500684976577,-70.61291644894621,-70.61291644894621
2442.160068497658,-70.61210760866345,-70.61210760866345
2442.1700684976577,-70.61131933954974,-70.61131933954974
2442.180068497658,-70.61055164357975,-70.61055164357975
2442.1900684976576,-70.60980452168445,-70.60980452168445
2442.200068497658,-70.60907797375779,-70.60907797375779
2442.2100684976576,-70.6083719986791,-70.6083719986791
2442.220068497658,-70.60768659434078,-70.60768659434078
2442.2300684976576,-70.607021757642,-70.607021757642
2442.240068497658,-70.60637748451352,-70.60637748451352
2442.2500684976576,-70.60575376993283,-70.60575376993283
2442.260068497658,-70.60515060793516,-70.60515060793516
2442.2700684976576,-70.6045679916516,-70.6045679916516
2442.280068497658,-70.60400591328072,-70.60400591328072
2442.2900684976576,-70.60346436414751,-70.60346436414751
2442.300068497658,-70.60294333469074,-70.60294333469074
2442.310068497658,-70.60244281448759,-70.60244281448759
2442.3200684976578,-70.60196279226471,-70.60196279226471
2442.330068497658,-70.60150325591317,-70.60150325591317
2442.3400684976577,-70.60106419249921,-70.60106419249921
2442.350068497658,-70.60064558828248,-70.60064558828248
2442.3600684976577,-70.60024742872065,-70.60024742872065
2442.370068497658,-70.59986969850169,-70.59986969850169
2442.3800684976577,-70.59951238153234,-70.59951238153234
2442.390068497658,-70.59917546097277,-70.59917546097277
2442.4000684976577,-70.59885891923872,-70.59885891923872
2442.410068497658,-70.59856273800753,-70.59856273800753
2442.4200684976577,-70.59828689824282,-70.59828689824282
2442.430068497658,-70.59803138020136,-70.59803138020136
2442.4400684976576,-70.59779616344548,-70.59779616344548
2442.450068497658,-70.5975812268591,-70.5975812268591
2442.4600684976576,-70.59738654864508,-70.59738654864508
2442.470068497658,-70.59721210635625,-70.59721210635625
2442.4800684976576,-70.59705787689795,-70.59705787689795
2442.490068497658,-70.59692383653467,-70.59692383653467
2442.5000684976576,-70.59680996089615,-70.59680996089615
2442.510068497658,-70.596716225019,-70.596716225019
2442.5200684976576,-70.59664260333196,-70.59664260333196
2442.530068497658,-70.59658906965056,-70.59658906965056
2442.5400684976576,-70.59655559723139,-70.59655559723139
2442.550068497658,-70.59654215874477,-70.59654215874477
2442.560068497658,-70.59654872630415,-70.59654872630415
2442.5700684976578,-70.59657527146804,-70.59657527146804
2442.580068497658,-70.59662176525313,-70.59662176525313
2442.5900684976577,-70.59668817815015,-70.59668817815015
2442.600068497658,-70.59677448012675,-70.59677448012675
2442.6100684976577,-70.59688064062864,-70.59688064062864
2442.620068497658,-70.5970066286009,-70.5970066286009
2442.6300684976577,-70.59715241251037,-70.59715241251037
2442.640068497658,-70.59731796031107,-70.59731796031107
2442.6500684976577,-70.59750323950514,-70.59750323950514
2442.660068497658,-70.59770821709998,-70.59770821709998
2442.6700684976577,-70.59793285967467,-70.59793285967467
2442.680068497658,-70.59817713334787,-70.59817713334787
2442.6900684976576,-70.59844100378434,-70.59844100378434
2442.700068497658,-70.59872443623145,-70.59872443623145
2442.7100684976576,-70.59902739550616,-70.59902739550616
2442.720068497658,-70.59934984600346,-70.59934984600346
2442.7300684976576,-70.59969175171766,-70.59969175171766
2442.740068497658,-70.60005307624026,-70.60005307624026
2442.7500684976576,-70.60043378276659,-70.60043378276659
2442.760068497658,-70.6008338341076,-70.6008338341076
2442.7700684976576,-70.60125319270173,-70.60125319270173
2442.780068497658,-70.60169182061217,-70.60169182061217
2442.7900684976576,-70.60214967953776,-70.60214967953776
2442.800068497658,-70.60262673082092,-70.60262673082092
2442.810068497658,-70.6031229354634,-70.6031229354634
2442.8200684976578,-70.60363825411879,-70.60363825411879
2442.830068497658,-70.60417264710756,-70.60417264710756
2442.8400684976577,-70.60472607442834,-70.60472607442834
2442.850068497658,-70.60529849575502,-70.60529849575502
2442.8600684976577,-70.60588987044596,-70.60588987044596
2442.870068497658,-70.60650015754045,-70.60650015754045
2442.8800684976577,-70.6071293157988,-70.6071293157988
2442.890068497658,-70.60777730367636,-70.60777730367636
2442.9000685214996,-70.60844408093246,-70.60844408093246
2442.9100685215,-70.60912960232565,-70.60912960232565
2442.9200685214996,-70.60983382698802,-70.60983382698802
2442.9300685215,-70.61055671225667,-70.61055671225667
2442.9400685214996,-70.6112982152154,-70.6112982152154
2442.9500685215,-70.61205829266876,-70.61205829266876
2442.9600685214996,-70.61283690119124,-70.61283690119124
2442.9700685215,-70.6136339970961,-70.6136339970961
2442.9800685214996,-70.61444953645658,-70.61444953645658
2442.9900685215,-70.61528347511074,-70.61528347511074
2443.0000685214995,-70.61613576865852,-70.61613576865852
2443.0100685214998,-70.6170063724879,-70.6170063724879
2443.0200685214995,-70.6178952417662,-70.6178952417662
2443.0300685214997,-70.6188023314281,-70.6188023314281
2443.0400685214995,-70.6197275962315,-70.6197275962315
2443.0500685214997,-70.62067099069978,-70.62067099069978
2443.0600685214995,-70.62163246916182,-70.62163246916182
2443.0700685214997,-70.62261198576081,-70.62261198576081
2443.0800685214995,-70.62360949444935,-70.62360949444935
2443.0900685214997,-70.62462494899363,-70.62462494899363
2443.1000685214995,-70.62565830297285,-70.62565830297285
2443.1100685214997,-70.62670950979798,-70.62670950979798
2443.1200685214994,-70.62777852270678,-70.62777852270678
2443.1300685214997,-70.62886529476297,-70.62886529476297
2443.1400685214994,-70.62996977888113,-70.62996977888113
2443.1500685214996,-70.63109192781057,-70.63109192781057
2443.1600685215,-70.63223169415035,-70.63223169415035
2443.1700685214996,-70.633389030344,-70.633389030344
2443.1800685215,-70.63456388869527,-70.63456388869527
2443.1900685214996,-70.63575622136356,-70.63575622136356
2443.2000685215,-70.63696598037039,-70.63696598037039
2443.2100685214996,-70.63819311761135,-70.63819311761135
2443.2200685215,-70.63943758484838,-70.63943758484838
2443.2300685214996,-70.6406993337098,-70.6406993337098
2443.2400685215,-70.64197831571855,-70.64197831571855
2443.2500685214995,-70.64327448226956,-70.64327448226956
2443.2600685214998,-70.6445877846416,-70.6445877846416
2443.2700685214995,-70.64591817401376,-70.64591817401376
2443.2800685214997,-70.64726560144899,-70.64726560144899
2443.2900685214995,-70.64863001790778,-70.64863001790778
2443.3000685214997,-70.65001137424922,-70.65001137424922
2443.3100685214995,-70.65140962124754,-70.65140962124754
2443.3200685214997,-70.6528247095718,-70.6528247095718
2443.3300685214995,-70.65425658980666,-70.65425658980666
2443.3400685214997,-70.65570521245591,-70.65570521245591
2443.3500685214995,-70.65717052793079,-70.65717052793079
2443.3600685214997,-70.65865248655619,-70.65865248655619
2443.3700685214994,-70.66015103859952,-70.66015103859952
2443.3800685214997,-70.66166613424963,-70.66166613424963
2443.3900685214994,-70.66319772362132,-70.66319772362132
2443.4000685214996,-70.66474575674992,-70.66474575674992
2443.4100685215,-70.66631018361728,-70.66631018361728
2443.4200685214996,-70.66789095415147,-70.66789095415147
2443.4300685215,-70.66948801821619,-70.66948801821619
2443.4400685214996,-70.67110132561375,-70.67110132561375
2443.4500685215,-70.67273082609165,-70.67273082609165
2443.4600685214996,-70.67437646935817,-70.67437646935817
2443.4700685215,-70.67603820506491,-70.67603820506491
2443.4800685214996,-70.67771598282329,-70.67771598282329
2443.4900685215,-70.67940975219769,-70.67940975219769
2443.5000685214995,-70.68111946272101,-70.68111946272101
2443.5100685214998,-70.68284506387202,-70.68284506387202
2443.5200685214995,-70.68458650511857,-70.68458650511857
2443.5300685214997,-70.68634373588272,-70.68634373588272
2443.5400685214995,-70.68811670555864,-70.68811670555864
2443.5500685214997,-70.68990536350378,-70.68990536350378
2443.5600685214995,-70.69170965906561,-70.69170965906561
2443.5700685214997,-70.69352954156162,-70.69352954156162
2443.5800685214995,-70.69536496028924,-70.69536496028924
2443.5900685214997,-70.69721586452944,-70.69721586452944
2443.6000685214995,-70.69908220354651,-70.69908220354651
2443.6100685214997,-70.700963926588,-70.700963926588
2443.6200685214994,-70.7028609829006,-70.7028609829006
2443.6300685214997,-70.70477332170888,-70.70477332170888
2443.6400685214994,-70.70670089223778,-70.70670089223778
2443.6500685214996,-70.7086436437003,-70.7086436437003
2443.6600685215,-70.71060152531898,-70.71060152531898
2443.6700685214996,-70.71257448629758,-70.71257448629758
2443.6800685215,-70.71456247585634,-70.71456247585634
2443.6900685214996,-70.71656544320899,-70.71656544320899
2443.7000685215,-70.71858333757645,-70.71858333757645
2443.7100685214996,-70.72061610818768,-70.72061610818768
2443.7200685215,-70.72266370427468,-70.72266370427468
2443.7300685214996,-70.72472607509232,-70.72472607509232
2443.7400685215,-70.72680316989235,-70.72680316989235
2443.7500685453415,-70.72889494293888,-70.72889494293888
2443.7600685453417,-70.73100133359789,-70.73100133359789
2443.7700685453415,-70.73312229609813,-70.73312229609813
2443.7800685453417,-70.73525777977169,-70.73525777977169
2443.7900685453415,-70.7374077339668,-70.7374077339668
2443.8000685453417,-70.7395721080409,-70.7395721080409
2443.8100685453414,-70.7417508513971,-70.7417508513971
2443.8200685453417,-70.743943913449,-70.743943913449
2443.8300685453414,-70.7461512436458,-70.7461512436458
2443.8400685453416,-70.7483727914478,-70.7483727914478
2443.8500685453414,-70.75060850636812,-70.75060850636812
2443.8600685453416,-70.75285833794078,-70.75285833794078
2443.8700685453414,-70.75512223572677,-70.75512223572677
2443.8800685453416,-70.757400149328,-70.757400149328
2443.8900685453414,-70.75969202839173,-70.75969202839173
2443.9000685453416,-70.76199782258863,-70.76199782258863
2443.9100685453413,-70.76431748162834,-70.76431748162834
2443.9200685453416,-70.76665095527137,-70.76665095527137
2443.9300685453413,-70.7689981933069,-70.7689981933069
2443.9400685453415,-70.77135914557734,-70.77135914557734
2443.9500685453413,-70.773733761969,-70.773733761969
2443.9600685453415,-70.77611582048438,-70.77611582048438
2443.9700685453413,-70.77850257025896,-70.77850257025896
2443.9800685453415,-70.7808926484361,-70.7808926484361
2443.9900685453413,-70.78328533489618,-70.78328533489618
2444.0000685453415,-70.78568026771894,-70.78568026771894
2444.0100685453417,-70.78807729535438,-70.78807729535438
2444.0200685453415,-70.7904763898687,-70.7904763898687
2444.0300685453417,-70.79287759483128,-70.79287759483128
2444.0400685453415,-70.79528099396435,-70.79528099396435
2444.0500685453417,-70.7976866923151,-70.7976866923151
2444.0600685453414,-70.8000948050513,-70.8000948050513
2444.0700685453417,-70.8025054508606,-70.8025054508606
2444.0800685453414,-70.80491874820359,-70.80491874820359
2444.0900685453416,-70.80733481322451,-70.80733481322451
2444.1000685453414,-70.80975375875121,-70.80975375875121
2444.1100685453416,-70.8121756938849,-70.8121756938849
2444.1200685453414,-70.81460072392409,-70.81460072392409
2444.1300685453416,-70.81702895053623,-70.81702895053623
2444.1400685453414,-70.81946047200404,-70.81946047200404
2444.1500685453416,-70.82189538350563,-70.82189538350563
2444.1600685453413,-70.82433377740489,-70.82433377740489
2444.1700685453416,-70.82677574355029,-70.82677574355029
2444.1800685453413,-70.82922136952791,-70.82922136952791
2444.1900685453415,-70.83167074087909,-70.83167074087909
2444.2000685453413,-70.83412394132984,-70.83412394132984
2444.2100685453415,-70.83658105294322,-70.83658105294322
2444.2200685453413,-70.83904215628607,-70.83904215628607
2444.2300685453415,-70.84150733055098,-70.84150733055098
2444.2400685453413,-70.84397665366053,-70.84397665366053
2444.2500685453415,-70.84645020237035,-70.84645020237035
2444.2600685453417,-70.84892805232035,-70.84892805232035
2444.2700685453415,-70.85141027811447,-70.85141027811447
2444.2800685453417,-70.85389695336318,-70.85389695336318
2444.2900685453415,-70.85638815071333,-70.85638815071333
2444.3000685453417,-70.85888394190418,-70.85888394190418
2444.3100685453414,-70.86138439776548,-70.86138439776548
2444.3200685453417,-70.86388958826035,-70.86388958826035
2444.3300685453414,-70.8663995824615,-70.8663995824615
2444.3400685453416,-70.8689144486161,-70.8689144486161
2444.3500685453414,-70.87143425409846,-70.87143425409846
2444.3600685453416,-70.87395906544027,-70.87395906544027
2444.3700685453414,-70.87648894834071,-70.87648894834071
2444.3800685453416,-70.87902396764323,-70.87902396764323
2444.3900685453414,-70.88156418734815,-70.88156418734815
2444.4000685453416,-70.88410967061294,-70.88410967061294
2444.4100685453413,-70.88666047973943,-70.88666047973943
2444.4200685453416,-70.8892166761729,-70.8892166761729
2444.4300685453413,-70.89177832049997,-70.89177832049997
2444.4400685453415,-70.8943454724355,-70.8943454724355
2444.4500685453413,-70.89691819083924,-70.89691819083924
2444.4600685453415,-70.89949653368502,-70.89949653368502
2444.4700685453413,-70.90208055807524,-70.90208055807524
2444.4800685453415,-70.90467032023413,-70.90467032023413
2444.4900685453413,-70.90726587548585,-70.90726587548585
2444.5000685453415,-70.90986727827838,-70.90986727827838
2444.5100685453417,-70.91247458216151,-70.91247458216151
2444.5200685453415,-70.91508783978439,-70.91508783978439
2444.5300685453417,-70.91770710289238,-70.91770710289238
2444.5400685453415,-70.92033242234534,-70.92033242234534
2444.5500685453417,-70.92296384808672,-70.92296384808672
2444.5600685453414,-70.92560142916423,-70.92560142916423
2444.5700685453417,-70.92824521370703,-70.92824521370703
2444.5800685453414,-70.9308952489542,-70.9308952489542
2444.5900685453416,-70.93355158122247,-70.93355158122247
2444.6000685691833,-70.936214262279,-70.936214262279
2444.6100685691836,-70.9388833239759,-70.9388833239759
2444.6200685691833,-70.94155881622942,-70.94155881622942
2444.6300685691835,-70.9442407817506,-70.9442407817506
2444.6400685691833,-70.94692926234212,-70.94692926234212
2444.6500685691835,-70.94962429892169,-70.94962429892169
2444.6600685691833,-70.95232593148647,-70.95232593148647
2444.6700685691835,-70.95503419915899,-70.95503419915899
2444.6800685691833,-70.95774914016852,-70.95774914016852
2444.6900685691835,-70.96047079185281,-70.96047079185281
2444.7000685691833,-70.96319919067683,-70.96319919067683
2444.7100685691835,-70.96593437221927,-70.96593437221927
2444.7200685691832,-70.96867637119111,-70.96867637119111
2444.7300685691835,-70.97142522142568,-70.97142522142568
2444.740068569183,-70.97418095591001,-70.97418095591001
2444.7500685691834,-70.97694360675641,-70.97694360675641
2444.760068569183,-70.97971320523756,-70.97971320523756
2444.7700685691834,-70.98248978177001,-70.98248978177001
2444.780068569183,-70.98527336593283,-70.98527336593283
2444.7900685691834,-70.9880639864734,-70.9880639864734
2444.800068569183,-70.99086167131753,-70.99086167131753
2444.8100685691834,-70.99366644755715,-70.99366644755715
2444.820068569183,-70.99647834147977,-70.99647834147977
2444.8300685691834,-70.99929737855132,-70.99929737855132
2444.840068569183,-71.00212358345854,-71.00212358345854
2444.8500685691833,-71.00495698006856,-71.00495698006856
2444.8600685691836,-71.00779759148628,-71.00779759148628
2444.8700685691833,-71.0106454400239,-71.0106454400239
2444.8800685691835,-71.013500547227,-71.013500547227
2444.8900685691833,-71.01636293388736,-71.01636293388736
2444.9000685691835,-71.01923262001726,-71.01923262001726
2444.9100685691833,-71.02210962490553,-71.02210962490553
2444.9200685691835,-71.02499396708076,-71.02499396708076
2444.9300685691833,-71.02788566435645,-71.02788566435645
2444.9400685691835,-71.03078473381072,-71.03078473381072
2444.9500685691833,-71.03369119180678,-71.03369119180678
2444.9600685691835,-71.03660505399336,-71.03660505399336
2444.9700685691832,-71.03952633534321,-71.03952633534321
2444.9800685691835,-71.0424550501074,-71.0424550501074
2444.990068569183,-71.04539121186912,-71.04539121186912
2445.0000685691834,-71.04833483353558,-71.04833483353558
2445.010068569183,-71.0512859273324,-71.0512859273324
2445.0200685691834,-71.05424450484047,-71.05424450484047
2445.030068569183,-71.05721057698925,-71.05721057698925
2445.0400685691834,-71.06018415405698,-71.06018415405698
2445.050068569183,-71.06316524568307,-71.06316524568307
2445.0600685691834,-71.06615386088963,-71.06615386088963
2445.070068569183,-71.06915000808476,-71.06915000808476
2445.0800685691834,-71.07215369504898,-71.07215369504898
2445.090068569183,-71.0751649289764,-71.0751649289764
2445.1000685691833,-71.07818371645023,-71.07818371645023
2445.1100685691836,-71.08121006348208,-71.08121006348208
2445.1200685691833,-71.08424397549655,-71.08424397549655
2445.1300685691835,-71.08728545734536,-71.08728545734536
2445.1400685691833,-71.09033451332907,-71.09033451332907
2445.1500685691835,-71.09339114718054,-71.09339114718054
2445.1600685691833,-71.09645536209284,-71.09645536209284
2445.1700685691835,-71.0995271607179,-71.0995271607179
2445.1800685691833,-71.10260654517677,-71.10260654517677
2445.1900685691835,-71.10569351706064,-71.10569351706064
2445.2000685691833,-71.10878807745397,-71.10878807745397
2445.2100685691835,-71.1118840246225,-71.1118840246225
2445.2200685691832,-71.11497864257845,-71.11497864257845
2445.2300685691835,-71.11807060887574,-71.11807060887574
2445.240068569183,-71.12115924604562,-71.12115924604562
2445.2500685691834,-71.12424423587164,-71.12424423587164
2445.260068569183,-71.12732547094912,-71.12732547094912
2445.2700685691834,-71.13040296761912,-71.13040296761912
2445.280068569183,-71.13347681370213,-71.13347681370213
2445.2900685691834,-71.13654713700134,-71.13654713700134
2445.300068569183,-71.13961408645369,-71.13961408645369
2445.3100685691834,-71.14267782085648,-71.14267782085648
2445.320068569183,-71.14573850227349,-71.14573850227349
2445.3300685691834,-71.14879629223414,-71.14879629223414
2445.340068569183,-71.15185134968354,-71.15185134968354
2445.3500685691833,-71.15490382992347,-71.15490382992347
2445.3600685691836,-71.15795388421182,-71.15795388421182
2445.3700685691833,-71.16100165969726,-71.16100165969726
2445.3800685691835,-71.16404729957563,-71.16404729957563
2445.3900685691833,-71.16709094331355,-71.16709094331355
2445.4000685691835,-71.17013272696595,-71.17013272696595
2445.4100685691833,-71.17317278343934,-71.17317278343934
2445.4200685691835,-71.1762112427668,-71.1762112427668
2445.4300685691833,-71.1792482324033,-71.1792482324033
2445.4400685691835,-71.18228387742195,-71.18228387742195
2445.450068593025,-71.18531830797346,-71.18531830797346
2445.4600685930254,-71.18835163051054,-71.18835163051054
2445.470068593025,-71.19138397134749,-71.19138397134749
2445.4800685930254,-71.19441544786758,-71.19441544786758
2445.490068593025,-71.19744617583919,-71.19744617583919
2445.5000685930254,-71.20047626952424,-71.20047626952424
2445.510068593025,-71.20350584174243,-71.20350584174243
2445.5200685930254,-71.20653500394384,-71.20653500394384
2445.530068593025,-71.20956386624835,-71.20956386624835
2445.5400685930254,-71.21259253749832,-71.21259253749832
2445.550068593025,-71.21562112528238,-71.21562112528238
2445.5600685930253,-71.2186497359663,-71.2186497359663
2445.570068593025,-71.22167847471066,-71.22167847471066
2445.5800685930253,-71.22470744548642,-71.22470744548642
2445.590068593025,-71.22773675110369,-71.22773675110369
2445.6000685930253,-71.23076649317734,-71.23076649317734
2445.610068593025,-71.23379677218853,-71.23379677218853
2445.6200685930253,-71.23682768744712,-71.23682768744712
2445.630068593025,-71.23985933711529,-71.23985933711529
2445.6400685930253,-71.24289181819368,-71.24289181819368
2445.650068593025,-71.24592522653678,-71.24592522653678
2445.6600685930252,-71.24895965683955,-71.24895965683955
2445.670068593025,-71.25199520264883,-71.25199520264883
2445.680068593025,-71.2550319563405,-71.2550319563405
2445.690068593025,-71.25807000914648,-71.25807000914648
2445.700068593025,-71.2611094511229,-71.2611094511229
2445.7100685930254,-71.26414415601499,-71.26414415601499
2445.720068593025,-71.26717148981665,-71.26717148981665
2445.7300685930254,-71.27019021419453,-71.27019021419453
2445.740068593025,-71.27319973643715,-71.27319973643715
2445.7500685930254,-71.27619982308333,-71.27619982308333
2445.760068593025,-71.2791904512328,-71.2791904512328
2445.7700685930254,-71.28217172130576,-71.28217172130576
2445.780068593025,-71.2851438046663,-71.2851438046663
2445.7900685930254,-71.28810691207026,-71.28810691207026
2445.800068593025,-71.29106127475433,-71.29106127475433
2445.8100685930253,-71.2940071331673,-71.2940071331673
2445.820068593025,-71.29694473034671,-71.29694473034671
2445.8300685930253,-71.29987430809582,-71.29987430809582
2445.840068593025,-71.30279610490416,-71.30279610490416
2445.8500685930253,-71.30571035491967,-71.30571035491967
2445.860068593025,-71.30861728752028,-71.30861728752028
2445.8700685930253,-71.31151712723657,-71.31151712723657
2445.880068593025,-71.31441009390876,-71.31441009390876
2445.8900685930253,-71.31729640292141,-71.31729640292141
2445.900068593025,-71.32017626547822,-71.32017626547822
2445.9100685930252,-71.32304988888579,-71.32304988888579
2445.920068593025,-71.32591747685854,-71.32591747685854
2445.930068593025,-71.32877922975032,-71.32877922975032
2445.940068593025,-71.33163534478683,-71.33163534478683
2445.950068593025,-71.33448601627398,-71.33448601627398
2445.9600685930254,-71.33733143577106,-71.33733143577106
2445.970068593025,-71.34017179224388,-71.34017179224388
2445.9800685930254,-71.3430072721919,-71.3430072721919
2445.990068593025,-71.34583805975306,-71.34583805975306
2446.0000685930254,-71.34866433678101,-71.34866433678101
2446.010068593025,-71.35148628296648,-71.35148628296648
2446.0200685930254,-71.35430407585086,-71.35430407585086
2446.030068593025,-71.35711789091079,-71.35711789091079
2446.0400685930254,-71.35992790156962,-71.35992790156962
2446.050068593025,-71.36273427927804,-71.36273427927804
2446.0600685930253,-71.36553719350725,-71.36553719350725
2446.070068593025,-71.36833681178628,-71.36833681178628
2446.0800685930253,-71.37113329970857,-71.37113329970857
2446.090068593025,-71.37392682096632,-71.37392682096632
2446.1000685930253,-71.37671753734382,-71.37671753734382
2446.110068593025,-71.37950560875908,-71.37950560875908
2446.1200685930253,-71.38229119322271,-71.38229119322271
2446.130068593025,-71.38507444688942,-71.38507444688942
2446.1400685930253,-71.38785552404241,-71.38785552404241
2446.150068593025,-71.39063457710228,-71.39063457710228
2446.1600685930252,-71.39341175662416,-71.39341175662416
2446.170068593025,-71.39618721130962,-71.39618721130962
2446.180068593025,-71.39896108800805,-71.39896108800805
2446.190068593025,-71.40173353171944,-71.40173353171944
2446.200068593025,-71.40450468559632,-71.40450468559632
2446.2100685930254,-71.40726846433925,-71.40726846433925
2446.220068593025,-71.41002228109703,-71.41002228109703
2446.2300685930254,-71.41276494671055,-71.41276494671055
2446.240068593025,-71.41549591816107,-71.41549591816107
2446.2500685930254,-71.41821501170658,-71.41821501170658
2446.260068593025,-71.42092225389972,-71.42092225389972
2446.2700685930254,-71.42361779418889,-71.42361779418889
2446.280068593025,-71.42630185242945,-71.42630185242945
2446.2900685930254,-71.42897468731847,-71.42897468731847
2446.300068616867,-71.43163658378108,-71.43163658378108
2446.3100686168673,-71.43428781628268,-71.43428781628268
2446.320068616867,-71.4369286803514,-71.4369286803514
2446.3300686168673,-71.4395594632892,-71.4395594632892
2446.340068616867,-71.44218044847078,-71.44218044847078
2446.3500686168672,-71.44479191431832,-71.44479191431832
2446.360068616867,-71.44739413387603,-71.44739413387603
2446.3700686168672,-71.44998737474037,-71.44998737474037
2446.380068616867,-71.45257189922644,-71.45257189922644
2446.390068616867,-71.45514796460083,-71.45514796460083
2446.400068616867,-71.45771582337586,-71.45771582337586
2446.410068616867,-71.46027572358801,-71.46027572358801
2446.420068616867,-71.46282790911943,-71.46282790911943
2446.430068616867,-71.4653726199243,-71.4653726199243
2446.440068616867,-71.46791009227272,-71.46791009227272
2446.450068616867,-71.47044055897136,-71.47044055897136
2446.460068616867,-71.47296424954845,-71.47296424954845
2446.470068616867,-71.47548139038555,-71.47548139038555
2446.480068616867,-71.47799220487022,-71.47799220487022
2446.490068616867,-71.48049691350825,-71.48049691350825
2446.500068616867,-71.48299573403038,-71.48299573403038
2446.510068616867,-71.48548888144323,-71.48548888144323
2446.520068616867,-71.48797656814045,-71.48797656814045
2446.530068616867,-71.49045900392528,-71.49045900392528
2446.540068616867,-71.49293639608703,-71.49293639608703
2446.550068616867,-71.49540894942014,-71.49540894942014
2446.5600686168673,-71.49787686627629,-71.49787686627629
2446.570068616867,-71.5003403465872,-71.5003403465872
2446.5800686168673,-71.50279958787868,-71.50279958787868
2446.590068616867,-71.50525478531672,-71.50525478531672
2446.6000686168672,-71.5077061316961,-71.5077061316961
2446.610068616867,-71.51015381748422,-71.51015381748422
2446.6200686168672,-71.51259803081417,-71.51259803081417
2446.630068616867,-71.515038957507,-71.515038957507
2446.640068616867,-71.51747678107215,-71.51747678107215
2446.650068616867,-71.5199116827379,-71.5199116827379
2446.660068616867,-71.52234384143998,-71.52234384143998
2446.670068616867,-71.52477343383458,-71.52477343383458
2446.680068616867,-71.52720063432524,-71.52720063432524
2446.690068616867,-71.52962561504197,-71.52962561504197
2446.700068616867,-71.53204854588124,-71.53204854588124
2446.710068616867,-71.53446959447491,-71.53446959447491
2446.720068616867,-71.53688892624098,-71.53688892624098
2446.730068616867,-71.53930670436947,-71.53930670436947
2446.740068616867,-71.54172308983598,-71.54172308983598
2446.750068616867,-71.54413824141272,-71.54413824141272
2446.760068616867,-71.5465523156734,-71.5465523156734
2446.770068616867,-71.5489654670113,-71.5489654670113
2446.780068616867,-71.55137784763737,-71.55137784763737
2446.790068616867,-71.55378960761486,-71.55378960761486
2446.800068616867,-71.55620089484285,-71.55620089484285
2446.8100686168673,-71.55861185508975,-71.55861185508975
2446.820068616867,-71.56102263200104,-71.56102263200104
2446.8300686168673,-71.56343336709388,-71.56343336709388
2446.840068616867,-71.5658441997901,-71.5658441997901
2446.8500686168672,-71.56825526743087,-71.56825526743087
2446.860068616867,-71.57066670527958,-71.57066670527958
2446.8700686168672,-71.5730786465422,-71.5730786465422
2446.880068616867,-71.57549122237974,-71.57549122237974
2446.890068616867,-71.5779045619192,-71.5779045619192
2446.900068616867,-71.58031879227984,-71.58031879227984
2446.910068616867,-71.58273403857847,-71.58273403857847
2446.920068616867,-71.58515042395021,-71.58515042395021
2446.930068616867,-71.58756806955687,-71.58756806955687
2446.940068616867,-71.5899870946256,-71.5899870946256
2446.950068616867,-71.59240761642603,-71.59240761642603
2446.960068616867,-71.59482975033522,-71.59482975033522
2446.970068616867,-71.59725360980913,-71.59725360980913
2446.980068616867,-71.5996793064288,-71.5996793064288
2446.990068616867,-71.60210694991143,-71.60210694991143
2447.000068616867,-71.60453664812783,-71.60453664812783
2447.010068616867,-71.60696850710526,-71.60696850710526
2447.020068616867,-71.60940263107342,-71.60940263107342
2447.030068616867,-71.61183912244782,-71.61183912244782
2447.040068616867,-71.61427808188873,-71.61427808188873
2447.050068616867,-71.61671960827853,-71.61671960827853
2447.0600686168673,-71.61916379876762,-71.61916379876762
2447.070068616867,-71.62161074877662,-71.62161074877662
2447.0800686168673,-71.62406055201782,-71.62406055201782
2447.090068616867,-71.62651330053995,-71.62651330053995
2447.1000686168672,-71.62896908469718,-71.62896908469718
2447.110068616867,-71.63142799320563,-71.63142799320563
2447.1200686168672,-71.63389011313146,-71.63389011313146
2447.130068616867,-71.63635552995976,-71.63635552995976
2447.140068616867,-71.63882432755453,-71.63882432755453
2447.150068640709,-71.64129659409274,-71.64129659409274
2447.160068640709,-71.64377239854807,-71.64377239854807
2447.170068640709,-71.64625182598891,-71.64625182598891
2447.180068640709,-71.6487349540745,-71.6487349540745
2447.190068640709,-71.65122185898352,-71.65122185898352
2447.200068640709,-71.65371261538516,-71.65371261538516
2447.210068640709,-71.65620729648812,-71.65620729648812
2447.220068640709,-71.65870597405339,-71.65870597405339
2447.230068640709,-71.66120871840094,-71.66120871840094
2447.240068640709,-71.66371559843135,-71.66371559843135
2447.250068640709,-71.66622668166309,-71.66622668166309
2447.260068640709,-71.66874203422073,-71.66874203422073
2447.270068640709,-71.67126172086584,-71.67126172086584
2447.280068640709,-71.67378580500979,-71.67378580500979
2447.290068640709,-71.67631434875717,-71.67631434875717
2447.300068640709,-71.67884741287332,-71.67884741287332
2447.310068640709,-71.68138505684017,-71.68138505684017
2447.320068640709,-71.6839273388624,-71.6839273388624
2447.3300686407088,-71.68647431589064,-71.68647431589064
2447.340068640709,-71.68902604360231,-71.68902604360231
2447.3500686407087,-71.69154650008419,-71.69154650008419
2447.360068640709,-71.6940349810063,-71.6940349810063
2447.3700686407087,-71.6964926419363,-71.6964926419363
2447.380068640709,-71.69891949129544,-71.69891949129544
2447.3900686407087,-71.7013146866816,-71.7013146866816
2447.400068640709,-71.7036769165444,-71.7036769165444
2447.410068640709,-71.70600464210813,-71.70600464210813
2447.420068640709,-71.70829624170081,-71.70829624170081
2447.430068640709,-71.71055009691149,-71.71055009691149
2447.440068640709,-71.71276464381613,-71.71276464381613
2447.450068640709,-71.71493840267037,-71.71493840267037
2447.460068640709,-71.7170699941461,-71.7170699941461
2447.470068640709,-71.71915814699477,-71.71915814699477
2447.480068640709,-71.72120170036511,-71.72120170036511
2447.490068640709,-71.72319960275748,-71.72319960275748
2447.500068640709,-71.7251509089691,-71.7251509089691
2447.510068640709,-71.72705477579895,-71.72705477579895
2447.520068640709,-71.72891045718275,-71.72891045718275
2447.530068640709,-71.7307172990012,-71.7307172990012
2447.540068640709,-71.7324747338648,-71.7324747338648
2447.550068640709,-71.7341822759727,-71.7341822759727
2447.560068640709,-71.73583951617005,-71.73583951617005
2447.570068640709,-71.73744611717585,-71.73744611717585
2447.5800686407088,-71.73900180912337,-71.73900180912337
2447.590068640709,-71.74050638528642,-71.74050638528642
2447.6000686407087,-71.7419596980912,-71.7419596980912
2447.610068640709,-71.74336165536074,-71.74336165536074
2447.6200686407087,-71.74471221679066,-71.74471221679066
2447.630068640709,-71.7460113906515,-71.7460113906515
2447.6400686407087,-71.74725923067219,-71.74725923067219
2447.650068640709,-71.74845583311925,-71.74845583311925
2447.660068640709,-71.7496013341084,-71.7496013341084
2447.670068640709,-71.75069590699196,-71.75069590699196
2447.680068640709,-71.75173975996354,-71.75173975996354
2447.690068640709,-71.75273313379564,-71.75273313379564
2447.700068640709,-71.75367629969571,-71.75367629969571
2447.710068640709,-71.75456955730156,-71.75456955730156
2447.720068640709,-71.75541323276764,-71.75541323276764
2447.730068640709,-71.75620767701771,-71.75620767701771
2447.740068640709,-71.75695326402098,-71.75695326402098
2447.750068640709,-71.75765038922356,-71.75765038922356
2447.760068640709,-71.75829946802405,-71.75829946802405
2447.770068640709,-71.7589009343822,-71.7589009343822
2447.780068640709,-71.75945523946163,-71.75945523946163
2447.790068640709,-71.75996285036027,-71.75996285036027
2447.800068640709,-71.76042424890952,-71.76042424890952
2447.810068640709,-71.76083993054888,-71.76083993054888
2447.820068640709,-71.76121040324055,-71.76121040324055
2447.8300686407088,-71.76153618647413,-71.76153618647413
2447.840068640709,-71.76181781025687,-71.76181781025687
2447.8500686407087,-71.76205581426255,-71.76205581426255
2447.860068640709,-71.76225074692084,-71.76225074692084
2447.8700686407087,-71.76240316461657,-71.76240316461657
2447.880068640709,-71.7625136309235,-71.7625136309235
2447.8900686407087,-71.76258271585814,-71.76258271585814
2447.900068640709,-71.76261099519184,-71.76261099519184
2447.910068640709,-71.7625990497861,-71.7625990497861
2447.920068640709,-71.76254746498972,-71.76254746498972
2447.930068640709,-71.76245683001416,-71.76245683001416
2447.940068640709,-71.76232773741098,-71.76232773741098
2447.950068640709,-71.76216078251039,-71.76216078251039
2447.960068640709,-71.76195656295248,-71.76195656295248
2447.970068640709,-71.76171567818982,-71.76171567818982
2447.980068640709,-71.76143872904704,-71.76143872904704
2447.990068640709,-71.76112631729441,-71.76112631729441
2448.000068664551,-71.76077904442354,-71.76077904442354
2448.010068664551,-71.76039751448356,-71.76039751448356
2448.0200686645508,-71.75998232907065,-71.75998232907065
2448.030068664551,-71.75953408992342,-71.75953408992342
2448.0400686645507,-71.7590533979701,-71.7590533979701
2448.050068664551,-71.75854085298403,-71.75854085298403
2448.0600686645507,-71.75799705330748,-71.75799705330748
2448.070068664551,-71.75742259557084,-71.75742259557084
2448.0800686645507,-71.75681807446199,-71.75681807446199
2448.090068664551,-71.7561840824686,-71.7561840824686
2448.1000686645507,-71.75552120966954,-71.75552120966954
2448.110068664551,-71.75483004351656,-71.75483004351656
2448.1200686645507,-71.75411116862644,-71.75411116862644
2448.130068664551,-71.75336516661751,-71.75336516661751
2448.1400686645507,-71.7525926159238,-71.7525926159238
2448.150068664551,-71.75179409162733,-71.75179409162733
2448.1600686645506,-71.75097016531093,-71.75097016531093
2448.170068664551,-71.75012140492537,-71.75012140492537
2448.1800686645506,-71.74924837464044,-71.74924837464044
2448.190068664551,-71.7483516347225,-71.7483516347225
2448.2000686645506,-71.74743174143885,-71.74743174143885
2448.210068664551,-71.74648924691746,-71.74648924691746
2448.2200686645506,-71.74552469907918,-71.74552469907918
2448.230068664551,-71.74453864153536,-71.74453864153536
2448.2400686645506,-71.7435316134885,-71.7435316134885
2448.250068664551,-71.7425041496928,-71.7425041496928
2448.260068664551,-71.7414567803238,-71.7414567803238
2448.2700686645508,-71.74039003096948,-71.74039003096948
2448.280068664551,-71.73930442254222,-71.73930442254222
2448.2900686645507,-71.73820047123077,-71.73820047123077
2448.300068664551,-71.73707868844505,-71.73707868844505
2448.3100686645507,-71.73593958078762,-71.73593958078762
2448.320068664551,-71.73478365000983,-71.73478365000983
2448.3300686645507,-71.73361139296438,-71.73361139296438
2448.340068664551,-71.73242330158818,-71.73242330158818
2448.3500686645507,-71.73121986288095,-71.73121986288095
2448.360068664551,-71.73000155886665,-71.73000155886665
2448.3700686645507,-71.72876886659371,-71.72876886659371
2448.380068664551,-71.72752225809634,-71.72752225809634
2448.3900686645507,-71.72626220041379,-71.72626220041379
2448.400068664551,-71.7249891555699,-71.7249891555699
2448.4100686645506,-71.72370358054962,-71.72370358054962
2448.420068664551,-71.72240592733027,-71.72240592733027
2448.4300686645506,-71.72109664284673,-71.72109664284673
2448.440068664551,-71.71977616901354,-71.71977616901354
2448.4500686645506,-71.71844494273965,-71.71844494273965
2448.460068664551,-71.71710339591849,-71.71710339591849
2448.4700686645506,-71.71575195545775,-71.71575195545775
2448.480068664551,-71.71439104324577,-71.71439104324577
2448.4900686645506,-71.71302107623632,-71.71302107623632
2448.500068664551,-71.71164246639576,-71.71164246639576
2448.510068664551,-71.71025562076962,-71.71025562076962
2448.5200686645508,-71.70886094148301,-71.70886094148301
2448.530068664551,-71.70745882574212,-71.70745882574212
2448.5400686645507,-71.70604966589808,-71.70604966589808
2448.550068664551,-71.70463384943518,-71.70463384943518
2448.5600686645507,-71.70321175901421,-71.70321175901421
2448.570068664551,-71.70178377248273,-71.70178377248273
2448.5800686645507,-71.7003502629279,-71.7003502629279
2448.590068664551,-71.69891159867213,-71.69891159867213
2448.6000686645507,-71.69746814333564,-71.69746814333564
2448.610068664551,-71.6960202558252,-71.6960202558252
2448.6200686645507,-71.69456829041332,-71.69456829041332
2448.630068664551,-71.69311259673833,-71.69311259673833
2448.6400686645507,-71.69165351983575,-71.69165351983575
2448.650068664551,-71.69019140019557,-71.69019140019557
2448.6600686645506,-71.688726573765,-71.688726573765
2448.670068664551,-71.68725937200438,-71.68725937200438
2448.6800686645506,-71.68579012191488,-71.68579012191488
2448.690068664551,-71.684319146079,-71.684319146079
2448.7000686645506,-71.68284676268453,-71.68284676268453
2448.710068664551,-71.68136703523851,-71.68136703523851
2448.7200686645506,-71.67987753798428,-71.67987753798428
2448.730068664551,-71.67837724823225,-71.67837724823225
2448.7400686645506,-71.67686579191242,-71.67686579191242
2448.750068664551,-71.6753431550894,-71.6753431550894
2448.760068664551,-71.67380953382872,-71.67380953382872
2448.7700686645508,-71.6722652459481,-71.6722652459481
2448.780068664551,-71.67071067799104,-71.67071067799104
2448.7900686645507,-71.66914625325603,-71.66914625325603
2448.800068664551,-71.66757241258937,-71.66757241258937
2448.8100686645507,-71.66598960298619,-71.66598960298619
2448.820068664551,-71.66439827084535,-71.66439827084535
2448.8300686645507,-71.66279885815725,-71.66279885815725
2448.840068664551,-71.66119180042928,-71.66119180042928
2448.8500686883926,-71.65957752181927,-71.65957752181927
2448.860068688393,-71.65795645011363,-71.65795645011363
2448.8700686883926,-71.65632899371663,-71.65632899371663
2448.880068688393,-71.65469555714138,-71.65469555714138
2448.8900686883926,-71.65305653748614,-71.65305653748614
2448.900068688393,-71.65141232477696,-71.65141232477696
2448.9100686883926,-71.64976330232025,-71.64976330232025
2448.920068688393,-71.64810984700779,-71.64810984700779
2448.9300686883926,-71.64645232966286,-71.64645232966286
2448.940068688393,-71.64479111528175,-71.64479111528175
2448.9500686883925,-71.64312656331055,-71.64312656331055
2448.9600686883928,-71.64145278119798,-71.64145278119798
2448.9700686883925,-71.63976738457622,-71.63976738457622
2448.9800686883927,-71.63806939084527,-71.63806939084527
2448.9900686883925,-71.63635846522119,-71.63635846522119
2449.0000686883927,-71.63463463246875,-71.63463463246875
2449.0100686883925,-71.6328981268648,-71.6328981268648
2449.0200686883927,-71.63114930407399,-71.63114930407399
2449.0300686883925,-71.62938858815652,-71.62938858815652
2449.0400686883927,-71.62761643961619,-71.62761643961619
2449.0500686883925,-71.62583333626922,-71.62583333626922
2449.0600686883927,-71.62403976181966,-71.62403976181966
2449.0700686883924,-71.62223619918777,-71.62223619918777
2449.0800686883927,-71.62042312667266,-71.62042312667266
2449.0900686883924,-71.61860101588849,-71.61860101588849
2449.1000686883926,-71.61677033074899,-71.61677033074899
2449.110068688393,-71.61493152711698,-71.61493152711698
2449.1200686883926,-71.61308505275923,-71.61308505275923
2449.130068688393,-71.61123134755174,-71.61123134755174
2449.1400686883926,-71.60937084376276,-71.60937084376276
2449.150068688393,-71.60750396639952,-71.60750396639952
2449.1600686883926,-71.6056311335118,-71.6056311335118
2449.170068688393,-71.6037527565758,-71.6037527565758
2449.1800686883926,-71.6018692407376,-71.6018692407376
2449.190068688393,-71.59998098511475,-71.59998098511475
2449.2000686883925,-71.59808838303695,-71.59808838303695
2449.2100686883928,-71.59619182224242,-71.59619182224242
2449.2200686883925,-71.59429168508974,-71.59429168508974
2449.2300686883927,-71.59238834869709,-71.59238834869709
2449.2400686883925,-71.59048218510593,-71.59048218510593
2449.2500686883927,-71.5885735613829,-71.5885735613829
2449.2600686883925,-71.58666283973692,-71.58666283973692
2449.2700686883927,-71.58475037761201,-71.58475037761201
2449.2800686883925,-71.58283652777166,-71.58283652777166
2449.2900686883927,-71.58092163836919,-71.58092163836919
2449.3000686883925,-71.57900605299592,-71.57900605299592
2449.3100686883927,-71.57709011075237,-71.57709011075237
2449.3200686883924,-71.57517414630112,-71.57517414630112
2449.3300686883927,-71.57325848989383,-71.57325848989383
2449.3400686883924,-71.57134346743098,-71.57134346743098
2449.3500686883926,-71.56942940048744,-71.56942940048744
2449.360068688393,-71.56751660634318,-71.56751660634318
2449.3700686883926,-71.5656053980431,-71.5656053980431
2449.380068688393,-71.56369608438895,-71.56369608438895
2449.3900686883926,-71.56178896999945,-71.56178896999945
2449.400068688393,-71.55988435532211,-71.55988435532211
2449.4100686883926,-71.55798253666596,-71.55798253666596
2449.420068688393,-71.55608380622229,-71.55608380622229
2449.4300686883926,-71.55418845211938,-71.55418845211938
2449.440068688393,-71.55229675840553,-71.55229675840553
2449.4500686883925,-71.55040900510674,-71.55040900510674
2449.4600686883928,-71.5485254682459,-71.5485254682459
2449.4700686883925,-71.54664641986479,-71.54664641986479
2449.4800686883927,-71.54477212805322,-71.54477212805322
2449.4900686883925,-71.54290285698326,-71.54290285698326
2449.5000686883927,-71.54103886692303,-71.54103886692303
2449.5100686883925,-71.539180414271,-71.539180414271
2449.5200686883927,-71.5373277515943,-71.5373277515943
2449.5300686883925,-71.53548112763953,-71.53548112763953
2449.5400686883927,-71.5336407873717,-71.5336407873717
2449.5500686883925,-71.53180697199689,-71.53180697199689
2449.5600686883927,-71.52997991900043,-71.52997991900043
2449.5700686883924,-71.528159862175,-71.528159862175
2449.5800686883927,-71.52634703163811,-71.52634703163811
2449.5900686883924,-71.52454165387458,-71.52454165387458
2449.6000686883926,-71.52274395177498,-71.52274395177498
2449.610068688393,-71.52095414463956,-71.52095414463956
2449.6200686883926,-71.5191724482352,-71.5191724482352
2449.630068688393,-71.51739907481549,-71.51739907481549
2449.6400686883926,-71.51563423315832,-71.51563423315832
2449.650068688393,-71.51387812857942,-71.51387812857942
2449.6600686883926,-71.51213096300629,-71.51213096300629
2449.670068688393,-71.5103929349605,-71.5103929349605
2449.6800686883926,-71.508664239623,-71.508664239623
2449.690068688393,-71.50694506885017,-71.50694506885017
2449.7000687122345,-71.5052356071479,-71.5052356071479
2449.7100687122347,-71.50353604800831,-71.50353604800831
2449.7200687122345,-71.50184656943398,-71.50184656943398
2449.7300687122347,-71.50016735033797,-71.50016735033797
2449.7400687122345,-71.49849856649072,-71.49849856649072
2449.7500687122347,-71.49684039053078,-71.49684039053078
2449.7600687122344,-71.4951929920175,-71.4951929920175
2449.7700687122347,-71.49355653744051,-71.49355653744051
2449.7800687122344,-71.49193119029054,-71.49193119029054
2449.7900687122346,-71.49031711105509,-71.49031711105509
2449.8000687122344,-71.48871445727269,-71.48871445727269
2449.8100687122346,-71.48712338355396,-71.48712338355396
2449.8200687122344,-71.48554404163107,-71.48554404163107
2449.8300687122346,-71.48397658035906,-71.48397658035906
2449.8400687122344,-71.48242114578858,-71.48242114578858
2449.8500687122346,-71.48087788117249,-71.48087788117249
2449.8600687122344,-71.47934692701259,-71.47934692701259
2449.8700687122346,-71.47782842106642,-71.47782842106642
2449.8800687122343,-71.47632249841567,-71.47632249841567
2449.8900687122346,-71.47482929146342,-71.47482929146342
2449.9000687122343,-71.47334892999378,-71.47334892999378
2449.9100687122345,-71.47188154118578,-71.47188154118578
2449.9200687122343,-71.47042724966181,-71.47042724966181
2449.9300687122345,-71.46898617749117,-71.46898617749117
2449.9400687122343,-71.46755844424968,-71.46755844424968
2449.9500687122345,-71.4661441670356,-71.4661441670356
2449.9600687122347,-71.46473722998567,-71.46473722998567
2449.9700687122345,-71.46333501983665,-71.46333501983665
2449.9800687122347,-71.4619363241272,-71.4619363241272
2449.9900687122345,-71.46054057893728,-71.46054057893728
2450.0000687122347,-71.45914758118981,-71.45914758118981
2450.0100687122344,-71.4577573389305,-71.4577573389305
2450.0200687122347,-71.45636998332313,-71.45636998332313
2450.0300687122344,-71.45498571574849,-71.45498571574849
2450.0400687122346,-71.4536047758781,-71.4536047758781
2450.0500687122344,-71.45222742255795,-71.45222742255795
2450.0600687122346,-71.45085392238754,-71.45085392238754
2450.0700687122344,-71.44948454302893,-71.44948454302893
2450.0800687122346,-71.44811954938494,-71.44811954938494
2450.0900687122344,-71.44675920153293,-71.44675920153293
2450.1000687122346,-71.44540375370542,-71.44540375370542
2450.1100687122344,-71.4440534539224,-71.4440534539224
2450.1200687122346,-71.44270854395677,-71.44270854395677
2450.1300687122343,-71.44136925954359,-71.44136925954359
2450.1400687122346,-71.44003583064979,-71.44003583064979
2450.1500687122343,-71.43870848183818,-71.43870848183818
2450.1600687122345,-71.43738743257177,-71.43738743257177
2450.1700687122343,-71.43607289757293,-71.43607289757293
2450.1800687122345,-71.43476508709155,-71.43476508709155
2450.1900687122343,-71.43346420721835,-71.43346420721835
2450.2000687122345,-71.4321704600928,-71.4321704600928
2450.2100687122347,-71.43088404413194,-71.43088404413194
2450.2200687122345,-71.4296051542245,-71.4296051542245
2450.2300687122347,-71.42833398186698,-71.42833398186698
2450.2400687122345,-71.42707071534836,-71.42707071534836
2450.2500687122347,-71.42581553983143,-71.42581553983143
2450.2600687122344,-71.4245686374821,-71.4245686374821
2450.2700687122347,-71.42333018754573,-71.42333018754573
2450.2800687122344,-71.42210036643621,-71.42210036643621
2450.2900687122346,-71.42087934780095,-71.42087934780095
2450.3000687122344,-71.4196673025803,-71.4196673025803
2450.3100687122346,-71.41846439906004,-71.41846439906004
2450.3200687122344,-71.41727080291179,-71.41727080291179
2450.3300687122346,-71.41608667723527,-71.41608667723527
2450.3400687122344,-71.41491218259928,-71.41491218259928
2450.3500687122346,-71.41374747706297,-71.41374747706297
2450.3600687122344,-71.41259271621479,-71.41259271621479
2450.3700687122346,-71.41144805317965,-71.41144805317965
2450.3800687122343,-71.41031363867585,-71.41031363867585
2450.3900687122346,-71.4091896209894,-71.4091896209894
2450.4000687122343,-71.40807614603989,-71.40807614603989
2450.4100687122345,-71.40697335736495,-71.40697335736495
2450.4200687122343,-71.40588139615961,-71.40588139615961
2450.4300687122345,-71.4048004012743,-71.4048004012743
2450.4400687122343,-71.4037305092604,-71.4037305092604
2450.4500687122345,-71.40267185435863,-71.40267185435863
2450.4600687122347,-71.40162456852256,-71.40162456852256
2450.4700687122345,-71.40058878143667,-71.40058878143667
2450.4800687122347,-71.39956462054337,-71.39956462054337
2450.4900687122345,-71.39855221103461,-71.39855221103461
2450.5000687122347,-71.39755167587877,-71.39755167587877
2450.5100687122344,-71.39656313585397,-71.39656313585397
2450.5200687122347,-71.3955867095178,-71.3955867095178
2450.5300687122344,-71.39462251328304,-71.39462251328304
2450.5400687122346,-71.39367066137613,-71.39367066137613
2450.5500687360764,-71.3927312636616,-71.3927312636616
2450.5600687360766,-71.39180443461146,-71.39180443461146
2450.5700687360763,-71.39089027981065,-71.39089027981065
2450.5800687360766,-71.38998890501382,-71.38998890501382
2450.5900687360763,-71.38910041391273,-71.38910041391273
2450.6000687360765,-71.388224908126,-71.388224908126
2450.6100687360763,-71.38736248723258,-71.38736248723258
2450.6200687360765,-71.38651324878694,-71.38651324878694
2450.6300687360763,-71.3856772883451,-71.3856772883451
2450.6400687360765,-71.38485469944746,-71.38485469944746
2450.6500687360763,-71.3840455736853,-71.3840455736853
2450.6600687360765,-71.38325000067398,-71.38325000067398
2450.6700687360762,-71.38246806811553,-71.38246806811553
2450.6800687360765,-71.38169986177186,-71.38169986177186
2450.6900687360762,-71.38094546552904,-71.38094546552904
2450.7000687360764,-71.38020496136804,-71.38020496136804
2450.710068736076,-71.37947220657243,-71.37947220657243
2450.7200687360764,-71.3787445573385,-71.3787445573385
2450.730068736076,-71.37802076920387,-71.37802076920387
2450.7400687360764,-71.37730024564421,-71.37730024564421
2450.750068736076,-71.37658275084091,-71.37658275084091
2450.7600687360764,-71.37586826015271,-71.37586826015271
2450.770068736076,-71.37515687232691,-71.37515687232691
2450.7800687360764,-71.37444875665574,-71.37444875665574
2450.790068736076,-71.37374412116816,-71.37374412116816
2450.8000687360764,-71.3730431934935,-71.3730431934935
2450.8100687360766,-71.37234620951939,-71.37234620951939
2450.8200687360763,-71.37165340667308,-71.37165340667308
2450.8300687360766,-71.37096502012051,-71.37096502012051
2450.8400687360763,-71.37028128069427,-71.37028128069427
2450.8500687360765,-71.36960241386355,-71.36960241386355
2450.8600687360763,-71.36892863936124,-71.36892863936124
2450.8700687360765,-71.36826017115219,-71.36826017115219
2450.8800687360763,-71.36759721762087,-71.36759721762087
2450.8900687360765,-71.36693998184406,-71.36693998184406
2450.9000687360763,-71.3662886619183,-71.3662886619183
2450.9100687360765,-71.36564345128954,-71.36564345128954
2450.9200687360762,-71.3650045390888,-71.3650045390888
2450.9300687360765,-71.36437211039554,-71.36437211039554
2450.9400687360762,-71.36374634652975,-71.36374634652975
2450.9500687360764,-71.36312742526515,-71.36312742526515
2450.960068736076,-71.36251552104557,-71.36251552104557
2450.9700687360764,-71.36191080516782,-71.36191080516782
2450.980068736076,-71.36131344594256,-71.36131344594256
2450.9900687360764,-71.36072360880941,-71.36072360880941
2451.000068736076,-71.36014145646752,-71.36014145646752
2451.0100687360764,-71.35956714896867,-71.35956714896867
2451.020068736076,-71.35900084381048,-71.35900084381048
2451.0300687360764,-71.35844269599826,-71.35844269599826
2451.040068736076,-71.35789285810243,-71.35789285810243
2451.0500687360764,-71.3573514803495,-71.3573514803495
2451.0600687360766,-71.35681871060659,-71.35681871060659
2451.0700687360763,-71.35629469447711,-71.35629469447711
2451.0800687360766,-71.35577957529993,-71.35577957529993
2451.0900687360763,-71.35527349420407,-71.35527349420407
2451.1000687360765,-71.35477659011951,-71.35477659011951
2451.1100687360763,-71.35428899978857,-71.35428899978857
2451.1200687360765,-71.35381085782508,-71.35381085782508
2451.1300687360763,-71.35334229669344,-71.35334229669344
2451.1400687360765,-71.35288344675345,-71.35288344675345
2451.1500687360763,-71.3524344362616,-71.3524344362616
2451.1600687360765,-71.35199539137973,-71.35199539137973
2451.1700687360762,-71.35156643621036,-71.35156643621036
2451.1800687360765,-71.3511476927845,-71.3511476927845
2451.1900687360762,-71.35073928109769,-71.35073928109769
2451.2000687360764,-71.35034131909534,-71.35034131909534
2451.210068736076,-71.34995392271757,-71.34995392271757
2451.2200687360764,-71.34957720587892,-71.34957720587892
2451.230068736076,-71.34921128050756,-71.34921128050756
2451.2400687360764,-71.34885625653456,-71.34885625653456
2451.250068736076,-71.34851224191664,-71.34851224191664
2451.2600687360764,-71.34817934265011,-71.34817934265011
2451.270068736076,-71.34785766278429,-71.34785766278429
2451.2800687360764,-71.34754730442063,-71.34754730442063
2451.290068736076,-71.34724836773951,-71.34724836773951
2451.3000687360764,-71.34696095101032,-71.34696095101032
2451.3100687360766,-71.3466851505851,-71.3466851505851
2451.3200687360763,-71.3464210609639,-71.3464210609639
2451.3300687360766,-71.3461687747303,-71.3461687747303
2451.3400687360763,-71.34592838264943,-71.34592838264943
2451.3500687360765,-71.34569997360988,-71.34569997360988
2451.3600687360763,-71.34548363468011,-71.34548363468011
2451.3700687360765,-71.34527945111192,-71.34527945111192
2451.3800687360763,-71.34508750636833,-71.34508750636833
2451.3900687360765,-71.34490788209388,-71.34490788209388
2451.400068759918,-71.34474065779858,-71.34474065779858
2451.4100687599184,-71.34458591244592,-71.34458591244592
2451.420068759918,-71.34444372199488,-71.34444372199488
2451.4300687599184,-71.34431416110449,-71.34431416110449
2451.440068759918,-71.34419730274635,-71.34419730274635
2451.4500687599184,-71.34409321818741,-71.34409321818741
2451.460068759918,-71.34399575761168,-71.34399575761168
2451.4700687599184,-71.34390226836496,-71.34390226836496
2451.480068759918,-71.343811496205,-71.343811496205
2451.4900687599184,-71.343722834275,-71.343722834275
2451.500068759918,-71.34363603612178,-71.34363603612178
2451.5100687599183,-71.34355106633514,-71.34355106633514
2451.520068759918,-71.343468012895,-71.343468012895
2451.5300687599183,-71.34338703437469,-71.34338703437469
2451.540068759918,-71.34330832822711,-71.34330832822711
2451.5500687599183,-71.34323211168874,-71.34323211168874
2451.560068759918,-71.34315861042934,-71.34315861042934
2451.5700687599183,-71.34308805186876,-71.34308805186876
2451.580068759918,-71.34302066140063,-71.34302066140063
2451.5900687599183,-71.34295666025957,-71.34295666025957
2451.600068759918,-71.34289626458059,-71.34289626458059
2451.6100687599182,-71.34283968493934,-71.34283968493934
2451.620068759918,-71.34278712637283,-71.34278712637283
2451.6300687599182,-71.3427387885275,-71.3427387885275
2451.640068759918,-71.34269486595672,-71.34269486595672
2451.650068759918,-71.34265554842773,-71.34265554842773
2451.6600687599184,-71.34262102123836,-71.34262102123836
2451.670068759918,-71.3425914655744,-71.3425914655744
2451.6800687599184,-71.3425670587447,-71.3425670587447
2451.690068759918,-71.34254797447251,-71.34254797447251
2451.7000687599184,-71.3425343831156,-71.3425343831156
2451.710068759918,-71.3425264518803,-71.3425264518803
2451.7200687599184,-71.34252434497792,-71.34252434497792
2451.730068759918,-71.34252822381303,-71.34252822381303
2451.7400687599184,-71.34253824707206,-71.34253824707206
2451.750068759918,-71.34255457085919,-71.34255457085919
2451.7600687599183,-71.34257734879452,-71.34257734879452
2451.770068759918,-71.34260673208243,-71.34260673208243
2451.7800687599183,-71.34264286959794,-71.34264286959794
2451.790068759918,-71.34268590792988,-71.34268590792988
2451.8000687599183,-71.34273599143842,-71.34273599143842
2451.810068759918,-71.34279326231032,-71.34279326231032
2451.8200687599183,-71.34285786058099,-71.34285786058099
2451.830068759918,-71.34292992417285,-71.34292992417285
2451.8400687599183,-71.34300958892439,-71.34300958892439
2451.850068759918,-71.3430969886034,-71.3430969886034
2451.8600687599182,-71.343192254941,-71.343192254941
2451.870068759918,-71.34329551765221,-71.34329551765221
2451.8800687599182,-71.34340690444449,-71.34340690444449
2451.890068759918,-71.34352654103498,-71.34352654103498
2451.900068759918,-71.34365455115045,-71.34365455115045
2451.9100687599184,-71.34379105657844,-71.34379105657844
2451.920068759918,-71.34393617713819,-71.34393617713819
2451.9300687599184,-71.34409003070513,-71.34409003070513
2451.940068759918,-71.34425273323639,-71.34425273323639
2451.9500687599184,-71.3444243987671,-71.3444243987671
2451.960068759918,-71.34460513941553,-71.34460513941553
2451.9700687599184,-71.3447950654033,-71.3447950654033
2451.980068759918,-71.34499428506324,-71.34499428506324
2451.9900687599184,-71.34514993506257,-71.34514993506257
2452.000068759918,-71.34525007621436,-71.34525007621436
2452.0100687599183,-71.34529158657887,-71.34529158657887
2452.020068759918,-71.34527300406955,-71.34527300406955
2452.0300687599183,-71.34519331577707,-71.34519331577707
2452.040068759918,-71.34505175286317,-71.34505175286317
2452.0500687599183,-71.34484774519593,-71.34484774519593
2452.060068759918,-71.34458090074237,-71.34458090074237
2452.0700687599183,-71.34425098883835,-71.34425098883835
2452.080068759918,-71.34385792434044,-71.34385792434044
2452.0900687599183,-71.3434017524967,-71.3434017524967
2452.100068759918,-71.34288263457158,-71.34288263457158
2452.1100687599182,-71.34230083445547,-71.34230083445547
2452.120068759918,-71.34165670632267,-71.34165670632267
2452.1300687599182,-71.34095068340035,-71.34095068340035
2452.140068759918,-71.34018326785458,-71.34018326785458
2452.150068759918,-71.33935502172828,-71.33935502172828
2452.1600687599184,-71.33846655891585,-71.33846655891585
2452.170068759918,-71.33751853805896,-71.33751853805896
2452.1800687599184,-71.33651165624313,-71.33651165624313
2452.190068759918,-71.33544664349351,-71.33544664349351
2452.2000687599184,-71.33432425792292,-71.33432425792292
2452.210068759918,-71.33313906443063,-71.33313906443063
2452.2200687599184,-71.33188914629052,-71.33188914629052
2452.230068759918,-71.33057400345203,-71.33057400345203
2452.2400687599184,-71.32919379873246,-71.32919379873246
2452.25006878376,-71.32774906495906,-71.32774906495906
2452.2600687837603,-71.32624056695794,-71.32624056695794
2452.27006878376,-71.32466919206544,-71.32466919206544
2452.2800687837603,-71.32303590853134,-71.32303590853134
2452.29006878376,-71.32134172916693,-71.32134172916693
2452.3000687837603,-71.31958769088897,-71.31958769088897
2452.31006878376,-71.31777484213059,-71.31777484213059
2452.3200687837602,-71.31590423510347,-71.31590423510347
2452.33006878376,-71.31397692103516,-71.31397692103516
2452.34006878376,-71.31199394722972,-71.31199394722972
2452.35006878376,-71.30995635530479,-71.30995635530479
2452.36006878376,-71.30786518011821,-71.30786518011821
2452.37006878376,-71.30572144915709,-71.30572144915709
2452.38006878376,-71.3035261821422,-71.3035261821422
2452.39006878376,-71.30128039086118,-71.30128039086118
2452.40006878376,-71.29898507903712,-71.29898507903712
2452.41006878376,-71.29664124227789,-71.29664124227789
2452.42006878376,-71.2942498680544,-71.2942498680544
2452.43006878376,-71.29181193566005,-71.29181193566005
2452.44006878376,-71.28932841621479,-71.28932841621479
2452.45006878376,-71.28680027266,-71.28680027266
2452.46006878376,-71.28422845969725,-71.28422845969725
2452.47006878376,-71.28161392380845,-71.28161392380845
2452.48006878376,-71.2789576032139,-71.2789576032139
2452.49006878376,-71.27626042785825,-71.27626042785825
2452.50006878376,-71.27352331934549,-71.27352331934549
2452.5100687837603,-71.27074719095503,-71.27074719095503
2452.52006878376,-71.26793294757826,-71.26793294757826
2452.5300687837603,-71.26508148569444,-71.26508148569444
2452.54006878376,-71.26219369336675,-71.26219369336675
2452.5500687837603,-71.25927045017859,-71.25927045017859
2452.56006878376,-71.25631262721852,-71.25631262721852
2452.5700687837602,-71.253321087088,-71.253321087088
2452.58006878376,-71.25029668384991,-71.25029668384991
2452.59006878376,-71.24724026301081,-71.24724026301081
2452.60006878376,-71.24415266152724,-71.24415266152724
2452.61006878376,-71.24103470778815,-71.24103470778815
2452.62006878376,-71.23788722158727,-71.23788722158727
2452.63006878376,-71.23471101415399,-71.23471101415399
2452.64006878376,-71.23150688813567,-71.23150688813567
2452.65006878376,-71.22827563758666,-71.22827563758666
2452.66006878376,-71.22501804800102,-71.22501804800102
2452.67006878376,-71.22173489629454,-71.22173489629454
2452.68006878376,-71.21842695084483,-71.21842695084483
2452.69006878376,-71.21509497147102,-71.21509497147102
2452.70006878376,-71.21173970949079,-71.21173970949079
2452.71006878376,-71.20836190770926,-71.20836190770926
2452.72006878376,-71.20496230045063,-71.20496230045063
2452.73006878376,-71.20154161359363,-71.20154161359363
2452.74006878376,-71.19810056458583,-71.19810056458583
2452.75006878376,-71.19463986248222,-71.19463986248222
2452.7600687837603,-71.19116020797365,-71.19116020797365
2452.77006878376,-71.18766229342874,-71.18766229342874
2452.7800687837603,-71.18414680290934,-71.18414680290934
2452.79006878376,-71.18061441223864,-71.18061441223864
2452.8000687837603,-71.17706578901833,-71.17706578901833
2452.81006878376,-71.17350159267558,-71.17350159267558
2452.8200687837602,-71.16992247451184,-71.16992247451184
2452.83006878376,-71.16632907775552,-71.16632907775552
2452.84006878376,-71.16272203759078,-71.16272203759078
2452.85006878376,-71.15910198121435,-71.15910198121435
2452.86006878376,-71.15546952787494,-71.15546952787494
2452.87006878376,-71.15182528894425,-71.15182528894425
2452.88006878376,-71.14816986795755,-71.14816986795755
2452.89006878376,-71.14450386066139,-71.14450386066139
2452.90006878376,-71.140827855072,-71.140827855072
2452.91006878376,-71.13714243154395,-71.13714243154395
2452.92006878376,-71.13344816278172,-71.13344816278172
2452.93006878376,-71.12974561396375,-71.12974561396375
2452.94006878376,-71.12603534272559,-71.12603534272559
2452.95006878376,-71.12231789928397,-71.12231789928397
2452.96006878376,-71.11859382645487,-71.11859382645487
2452.97006878376,-71.11486365972213,-71.11486365972213
2452.98006878376,-71.11112792730322,-71.11112792730322
2452.99006878376,-71.10738715020848,-71.10738715020848
2453.00006878376,-71.10364184228719,-71.10364184228719
2453.0100687837603,-71.09989251031351,-71.09989251031351
2453.02006878376,-71.09613965401739,-71.09613965401739
2453.0300687837603,-71.09238376619017,-71.09238376619017
2453.04006878376,-71.0886253326863,-71.0886253326863
2453.0500687837603,-71.0848648325492,-71.0848648325492
2453.06006878376,-71.08110273802083,-71.08110273802083
2453.0700687837602,-71.07733951464188,-71.07733951464188
2453.08006878376,-71.07357562130395,-71.07357562130395
2453.09006878376,-71.06981151028805,-71.06981151028805
2453.100068807602,-71.06604761839506,-71.06604761839506
2453.110068807602,-71.0622844028452,-71.0622844028452
2453.120068807602,-71.05852228759066,-71.05852228759066
2453.130068807602,-71.0547616991796,-71.0547616991796
2453.140068807602,-71.05100305789543,-71.05100305789543
2453.150068807602,-71.04724677781154,-71.04724677781154
2453.160068807602,-71.04349326684442,-71.04349326684442
2453.170068807602,-71.0397429268063,-71.0397429268063
2453.180068807602,-71.03599615352303,-71.03599615352303
2453.190068807602,-71.03225333682158,-71.03225333682158
2453.200068807602,-71.02851486065248,-71.02851486065248
2453.210068807602,-71.02478110310177,-71.02478110310177
2453.220068807602,-71.02105243649771,-71.02105243649771
2453.230068807602,-71.01732922743817,-71.01732922743817
2453.240068807602,-71.01361183687415,-71.01361183687415
2453.250068807602,-71.0099006201604,-71.0099006201604
2453.260068807602,-71.0061959271132,-71.0061959271132
2453.270068807602,-71.00249810207977,-71.00249810207977
2453.2800688076018,-70.99880748399525,-70.99880748399525
2453.290068807602,-70.99512440642984,-70.99512440642984
2453.3000688076017,-70.9914491976665,-70.9914491976665
2453.310068807602,-70.98778218074978,-70.98778218074978
2453.3200688076017,-70.98412367355617,-70.98412367355617
2453.330068807602,-70.98047398882177,-70.98047398882177
2453.3400688076017,-70.97683343424625,-70.97683343424625
2453.350068807602,-70.97320231250086,-70.97320231250086
2453.360068807602,-70.96958092133303,-70.96958092133303
2453.370068807602,-70.9659695535805,-70.9659695535805
2453.380068807602,-70.96236849726613,-70.96236849726613
2453.390068807602,-70.95877803562182,-70.95877803562182
2453.400068807602,-70.95519844715162,-70.95519844715162
2453.410068807602,-70.95163000571597,-70.95163000571597
2453.420068807602,-70.94807298053915,-70.94807298053915
2453.430068807602,-70.94452763629968,-70.94452763629968
2453.440068807602,-70.94099423316378,-70.94099423316378
2453.450068807602,-70.93747302685453,-70.93747302685453
2453.460068807602,-70.93395808794222,-70.93395808794222
2453.470068807602,-70.93044696180245,-70.93044696180245
2453.480068807602,-70.92693858214297,-70.92693858214297
2453.490068807602,-70.92343252432977,-70.92343252432977
2453.500068807602,-70.91992871994816,-70.91992871994816
2453.510068807602,-70.91642730821034,-70.91642730821034
2453.520068807602,-70.91292854864189,-70.91292854864189
2453.5300688076018,-70.90943276856956,-70.90943276856956
2453.540068807602,-70.90594033144116,-70.90594033144116
2453.5500688076017,-70.90245161785518,-70.90245161785518
2453.560068807602,-70.8989670142009,-70.8989670142009
2453.5700688076017,-70.8954869060948,-70.8954869060948
2453.580068807602,-70.89201167452457,-70.89201167452457
2453.5900688076017,-70.88854169387558,-70.88854169387558
2453.600068807602,-70.88507733090542,-70.88507733090542
2453.610068807602,-70.88161894439678,-70.88161894439678
2453.620068807602,-70.87816688519253,-70.87816688519253
2453.630068807602,-70.87472149636712,-70.87472149636712
2453.640068807602,-70.8712831135722,-70.8712831135722
2453.650068807602,-70.8678520653599,-70.8678520653599
2453.660068807602,-70.86442867358285,-70.86442867358285
2453.670068807602,-70.86101325370326,-70.86101325370326
2453.680068807602,-70.85760611514102,-70.85760611514102
2453.690068807602,-70.85420756156344,-70.85420756156344
2453.700068807602,-70.85081789114247,-70.85081789114247
2453.710068807602,-70.84743122376273,-70.84743122376273
2453.720068807602,-70.84404514923146,-70.84404514923146
2453.730068807602,-70.84065864340708,-70.84065864340708
2453.740068807602,-70.83727132253293,-70.83727132253293
2453.750068807602,-70.83388315825579,-70.83388315825579
2453.760068807602,-70.8304943292795,-70.8304943292795
2453.770068807602,-70.82710513424155,-70.82710513424155
2453.7800688076018,-70.82371593931089,-70.82371593931089
2453.790068807602,-70.82032714657893,-70.82032714657893
2453.8000688076017,-70.81693917514876,-70.81693917514876
2453.810068807602,-70.81355244982352,-70.81355244982352
2453.8200688076017,-70.81016739451427,-70.81016739451427
2453.830068807602,-70.8067844284656,-70.8067844284656
2453.8400688076017,-70.80340396423355,-70.80340396423355
2453.850068807602,-70.800026406697,-70.800026406697
2453.860068807602,-70.79665215271066,-70.79665215271066
2453.870068807602,-70.7932815910926,-70.7932815910926
2453.880068807602,-70.7899151028305,-70.7899151028305
2453.890068807602,-70.78655306140446,-70.78655306140446
2453.900068807602,-70.7831958331107,-70.7831958331107
2453.910068807602,-70.77984377742607,-70.77984377742607
2453.920068807602,-70.77649724733772,-70.77649724733772
2453.930068807602,-70.77315658964305,-70.77315658964305
2453.940068807602,-70.76982214525827,-70.76982214525827
2453.950068831444,-70.76649424152052,-70.76649424152052
2453.960068831444,-70.76317322413693,-70.76317322413693
2453.9700688314438,-70.7598594097785,-70.7598594097785
2453.980068831444,-70.75655311800215,-70.75655311800215
2453.9900688314438,-70.75325466346874,-70.75325466346874
2454.000068831444,-70.74996435603903,-70.74996435603903
2454.0100688314437,-70.74668250092911,-70.74668250092911
2454.020068831444,-70.74340939878226,-70.74340939878226
2454.0300688314437,-70.74014534575956,-70.74014534575956
2454.040068831444,-70.73689063363311,-70.73689063363311
2454.0500688314437,-70.73364554983753,-70.73364554983753
2454.060068831444,-70.73041037752478,-70.73041037752478
2454.0700688314437,-70.72718539564603,-70.72718539564603
2454.080068831444,-70.72397087896454,-70.72397087896454
2454.0900688314437,-70.7207670981458,-70.7207670981458
2454.100068831444,-70.71757431973823,-70.71757431973823
2454.1100688314436,-70.71439280627322,-70.71439280627322
2454.120068831444,-70.71122281625328,-70.71122281625328
2454.1300688314436,-70.70806460421898,-70.70806460421898
2454.140068831444,-70.70491842074411,-70.70491842074411
2454.1500688314436,-70.70178451250874,-70.70178451250874
2454.160068831444,-70.6986631223039,-70.6986631223039
2454.1700688314436,-70.69555448906088,-70.69555448906088
2454.180068831444,-70.69245884789369,-70.69245884789369
2454.1900688314436,-70.68937643010312,-70.68937643010312
2454.200068831444,-70.68630746322239,-70.68630746322239
2454.210068831444,-70.68325217105647,-70.68325217105647
2454.2200688314438,-70.68021077367617,-70.68021077367617
2454.230068831444,-70.67718348746399,-70.67718348746399
2454.2400688314438,-70.67417052515451,-70.67417052515451
2454.250068831444,-70.67117209583783,-70.67117209583783
2454.2600688314437,-70.6681884050065,-70.6681884050065
2454.270068831444,-70.66521965456579,-70.66521965456579
2454.2800688314437,-70.66226604288637,-70.66226604288637
2454.290068831444,-70.65932776481013,-70.65932776481013
2454.3000688314437,-70.6564050116842,-70.6564050116842
2454.310068831444,-70.65349797140513,-70.65349797140513
2454.3200688314437,-70.65060682843202,-70.65060682843202
2454.330068831444,-70.64773176382322,-70.64773176382322
2454.3400688314437,-70.64487295525537,-70.64487295525537
2454.350068831444,-70.64203057707368,-70.64203057707368
2454.3600688314436,-70.6392048003069,-70.6392048003069
2454.370068831444,-70.63639579269366,-70.63639579269366
2454.3800688314436,-70.63360371873704,-70.63360371873704
2454.390068831444,-70.63082873971048,-70.63082873971048
2454.4000688314436,-70.62807101369917,-70.62807101369917
2454.410068831444,-70.62533069563285,-70.62533069563285
2454.4200688314436,-70.62260793730918,-70.62260793730918
2454.430068831444,-70.61990288743786,-70.61990288743786
2454.4400688314436,-70.61721569166765,-70.61721569166765
2454.450068831444,-70.61454649260806,-70.61454649260806
2454.460068831444,-70.61189542987326,-70.61189542987326
2454.4700688314438,-70.60926264009778,-70.60926264009778
2454.480068831444,-70.60664825700267,-70.60664825700267
2454.4900688314438,-70.60405241139279,-70.60405241139279
2454.500068831444,-70.60147523118961,-70.60147523118961
2454.5100688314437,-70.59891684149491,-70.59891684149491
2454.520068831444,-70.59637736459405,-70.59637736459405
2454.5300688314437,-70.5938569199927,-70.5938569199927
2454.540068831444,-70.5913556244522,-70.5913556244522
2454.5500688314437,-70.58887359202463,-70.58887359202463
2454.560068831444,-70.58641093408262,-70.58641093408262
2454.5700688314437,-70.58396775933774,-70.58396775933774
2454.580068831444,-70.58154417389956,-70.58154417389956
2454.5900688314437,-70.5791402812798,-70.5791402812798
2454.600068831444,-70.57675618243621,-70.57675618243621
2454.6100688314436,-70.57439197580511,-70.57439197580511
2454.620068831444,-70.57204775733253,-70.57204775733253
2454.6300688314436,-70.56972362049375,-70.56972362049375
2454.640068831444,-70.56741965634072,-70.56741965634072
2454.6500688314436,-70.56513595352033,-70.56513595352033
2454.660068831444,-70.56287259830762,-70.56287259830762
2454.6700688314436,-70.56062967463903,-70.56062967463903
2454.680068831444,-70.55840726414395,-70.55840726414395
2454.6900688314436,-70.55620544616811,-70.55620544616811
2454.700068831444,-70.55402429780668,-70.55402429780668
2454.710068831444,-70.55186389393138,-70.55186389393138
2454.7200688314438,-70.54972430723014,-70.54972430723014
2454.730068831444,-70.54760560821954,-70.54760560821954
2454.7400688314438,-70.5455078652947,-70.5455078652947
2454.750068831444,-70.54343114471982,-70.54343114471982
2454.7600688314437,-70.54137551070733,-70.54137551070733
2454.770068831444,-70.5393410254014,-70.5393410254014
2454.7800688314437,-70.53732774894665,-70.53732774894665
2454.790068831444,-70.53533573947242,-70.53533573947242
2454.8000688552856,-70.53336504846799,-70.53336504846799
2454.810068855286,-70.53141573961514,-70.53141573961514
2454.8200688552856,-70.52948786046605,-70.52948786046605
2454.830068855286,-70.5275814614617,-70.5275814614617
2454.8400688552856,-70.52569659118261,-70.52569659118261
2454.850068855286,-70.52383329637729,-70.52383329637729
2454.8600688552856,-70.52199162198401,-70.52199162198401
2454.870068855286,-70.52017161115772,-70.52017161115772
2454.8800688552856,-70.51837330530985,-70.51837330530985
2454.890068855286,-70.51659674409657,-70.51659674409657
2454.9000688552856,-70.51484196549806,-70.51484196549806
2454.9100688552858,-70.5131090057916,-70.5131090057916
2454.9200688552855,-70.51139789960713,-70.51139789960713
2454.9300688552858,-70.5097086799381,-70.5097086799381
2454.9400688552855,-70.50804137817201,-70.50804137817201
2454.9500688552857,-70.50639602412004,-70.50639602412004
2454.9600688552855,-70.50477264601615,-70.50477264601615
2454.9700688552857,-70.50317127056417,-70.50317127056417
2454.9800688552855,-70.50159192295389,-70.50159192295389
2454.9900688552857,-70.50003462686789,-70.50003462686789
2455.0000688552855,-70.49849940454011,-70.49849940454011
2455.0100688552857,-70.49698627674097,-70.49698627674097
2455.0200688552854,-70.49549526281349,-70.49549526281349
2455.0300688552857,-70.49402638070934,-70.49402638070934
2455.0400688552854,-70.49257964698013,-70.49257964698013
2455.0500688552856,-70.49115507681451,-70.49115507681451
2455.060068855286,-70.48975268407985,-70.48975268407985
2455.0700688552856,-70.488372481301,-70.488372481301
2455.080068855286,-70.4870144797051,-70.4870144797051
2455.0900688552856,-70.48567868924887,-70.48567868924887
2455.100068855286,-70.48436511861571,-70.48436511861571
2455.1100688552856,-70.483073775246,-70.483073775246
2455.120068855286,-70.48180466537096,-70.48180466537096
2455.1300688552856,-70.48055779400407,-70.48055779400407
2455.140068855286,-70.47933316498313,-70.47933316498313
2455.1500688552856,-70.47813078097799,-70.47813078097799
2455.1600688552858,-70.4769506435036,-70.4769506435036
2455.1700688552855,-70.4757927529608,-70.4757927529608
2455.1800688552858,-70.47465710862684,-70.47465710862684
2455.1900688552855,-70.4735437086881,-70.4735437086881
2455.2000688552857,-70.47245255025746,-70.47245255025746
2455.2100688552855,-70.47138362939027,-70.47138362939027
2455.2200688552857,-70.47033694108728,-70.47033694108728
2455.2300688552855,-70.46931247934072,-70.46931247934072
2455.2400688552857,-70.46831023712356,-70.46831023712356
2455.2500688552855,-70.467330206421,-70.467330206421
2455.2600688552857,-70.46637237823562,-70.46637237823562
2455.2700688552854,-70.46543674262207,-70.46543674262207
2455.2800688552857,-70.46452328867383,-70.46452328867383
2455.2900688552854,-70.46363200456834,-70.46363200456834
2455.3000688552856,-70.46276287756379,-70.46276287756379
2455.310068855286,-70.46191589403395,-70.46191589403395
2455.3200688552856,-70.46109103944775,-70.46109103944775
2455.330068855286,-70.4602882984149,-70.4602882984149
2455.3400688552856,-70.45950765469364,-70.45950765469364
2455.350068855286,-70.45874909119559,-70.45874909119559
2455.3600688552856,-70.45801259001166,-70.45801259001166
2455.370068855286,-70.45729813241222,-70.45729813241222
2455.3800688552856,-70.45660569888537,-70.45660569888537
2455.390068855286,-70.45593526911667,-70.45593526911667
2455.4000688552856,-70.4552868220374,-70.4552868220374
2455.4100688552858,-70.45466033580527,-70.45466033580527
2455.4200688552855,-70.45405578785079,-70.45405578785079
2455.4300688552858,-70.45347315484524,-70.45347315484524
2455.4400688552855,-70.45291241277006,-70.45291241277006
2455.4500688552857,-70.45237353687999,-70.45237353687999
2455.4600688552855,-70.451856501744,-70.451856501744
2455.4700688552857,-70.45136128124166,-70.45136128124166
2455.4800688552855,-70.45088784858604,-70.45088784858604
2455.4900688552857,-70.45043617632898,-70.45043617632898
2455.5000688552855,-70.45000623639032,-70.45000623639032
2455.5100688552857,-70.4495980000266,-70.4495980000266
2455.5200688552854,-70.44921143789163,-70.44921143789163
2455.5300688552857,-70.44884652001306,-70.44884652001306
2455.5400688552854,-70.44850321582838,-70.44850321582838
2455.5500688552856,-70.44818149417253,-70.44818149417253
2455.560068855286,-70.44788132330545,-70.44788132330545
2455.5700688552856,-70.44760267092587,-70.44760267092587
2455.580068855286,-70.44734550415114,-70.44734550415114
2455.5900688552856,-70.44710978957171,-70.44710978957171
2455.600068855286,-70.44689549321645,-70.44689549321645
2455.6100688552856,-70.44670258060958,-70.44670258060958
2455.620068855286,-70.44653101673676,-70.44653101673676
2455.6300688552856,-70.4463807660769,-70.4463807660769
2455.640068855286,-70.44625179261892,-70.44625179261892
2455.6500688791275,-70.44614405960152,-70.44614405960152
2455.6600688791277,-70.44605753060839,-70.44605753060839
2455.6700688791275,-70.4459921678423,-70.4459921678423
2455.6800688791277,-70.4459479333805,-70.4459479333805
2455.6900688791275,-70.44592478885463,-70.44592478885463
2455.7000688791277,-70.44592269543875,-70.44592269543875
2455.7100688791274,-70.44594161386732,-70.44594161386732
2455.7200688791277,-70.44598150445255,-70.44598150445255
2455.7300688791274,-70.44604232708292,-70.44604232708292
2455.7400688791276,-70.44612404123768,-70.44612404123768
2455.7500688791274,-70.44622660598917,-70.44622660598917
2455.7600688791276,-70.44634998001996,-70.44634998001996
2455.7700688791274,-70.44649412161391,-70.44649412161391
2455.7800688791276,-70.44665898869536,-70.44665898869536
2455.7900688791274,-70.44684453879287,-70.44684453879287
2455.8000688791276,-70.4470507290859,-70.4470507290859
2455.8100688791274,-70.44727751639446,-70.44727751639446
2455.8200688791276,-70.44752485718455,-70.44752485718455
2455.8300688791273,-70.44779270758825,-70.44779270758825
2455.8400688791276,-70.4480810233922,-70.4480810233922
2455.8500688791273,-70.44838976007095,-70.44838976007095
2455.8600688791275,-70.44871887275093,-70.44871887275093
2455.8700688791273,-70.44906831628124,-70.44906831628124
2455.8800688791275,-70.44943804516991,-70.44943804516991
2455.8900688791273,-70.44982801364186,-70.44982801364186
2455.9000688791275,-70.4502381756175,-70.4502381756175
2455.9100688791277,-70.45066848475129,-70.45066848475129
2455.9200688791275,-70.45111889439374,-70.45111889439374
2455.9300688791277,-70.45158935762682,-70.45158935762682
2455.9400688791275,-70.45207982726598,-70.45207982726598
2455.9500688791277,-70.45259025587394,-70.45259025587394
2455.9600688791274,-70.45312059573594,-70.45312059573594
2455.9700688791277,-70.45367079889878,-70.45367079889878
2455.9800688791274,-70.45424081717127,-70.45424081717127
2455.9900688791276,-70.4548306021096,-70.4548306021096
2456.0000688791274,-70.45544010504905,-70.45544010504905
2456.0100688791276,-70.45606927708798,-70.45606927708798
2456.0200688791274,-70.45671806910778,-70.45671806910778
2456.0300688791276,-70.45738643176173,-70.45738643176173
2456.0400688791274,-70.45807431551857,-70.45807431551857
2456.0500688791276,-70.4587816706159,-70.4587816706159
2456.0600688791274,-70.45950844709482,-70.45950844709482
2456.0700688791276,-70.46025459481561,-70.46025459481561
2456.0800688791273,-70.4610200634357,-70.4610200634357
2456.0900688791276,-70.4618048024204,-70.4618048024204
2456.1000688791273,-70.46260876106759,-70.46260876106759
2456.1100688791275,-70.46343188849714,-70.46343188849714
2456.1200688791273,-70.46427413365716,-70.46427413365716
2456.1300688791275,-70.46513544532539,-70.46513544532539
2456.1400688791273,-70.46601577212287,-70.46601577212287
2456.1500688791275,-70.46691506250701,-70.46691506250701
2456.1600688791277,-70.46783326479614,-70.46783326479614
2456.1700688791275,-70.46877032714534,-70.46877032714534
2456.1800688791277,-70.46972619757706,-70.46972619757706
2456.1900688791275,-70.47070082396193,-70.47070082396193
2456.2000688791277,-70.47169415405062,-70.47169415405062
2456.2100688791274,-70.47270613545673,-70.47270613545673
2456.2200688791277,-70.47373671566442,-70.47373671566442
2456.2300688791274,-70.4747858420349,-70.4747858420349
2456.2400688791276,-70.47585346181154,-70.47585346181154
2456.2500688791274,-70.4769395221236,-70.4769395221236
2456.2600688791276,-70.47804396998724,-70.47804396998724
2456.2700688791274,-70.47916675232032,-70.47916675232032
2456.2800688791276,-70.48030781592443,-70.48030781592443
2456.2900688791274,-70.48146710751067,-70.48146710751067
2456.3000688791276,-70.4826445736986,-70.4826445736986
2456.3100688791274,-70.48384016100273,-70.48384016100273
2456.3200688791276,-70.48505381584951,-70.48505381584951
2456.3300688791273,-70.48628548459368,-70.48628548459368
2456.3400688791276,-70.48753511349466,-70.48753511349466
2456.3500688791273,-70.48880264874136,-70.48880264874136
2456.3600688791275,-70.49008803644237,-70.49008803644237
2456.3700688791273,-70.49139122263703,-70.49139122263703
2456.3800688791275,-70.49271215329235,-70.49271215329235
2456.3900688791273,-70.49405077432064,-70.49405077432064
2456.4000688791275,-70.49540703156549,-70.49540703156549
2456.4100688791277,-70.49678087081529,-70.49678087081529
2456.4200688791275,-70.49817223778577,-70.49817223778577
2456.4300688791277,-70.4995810781546,-70.4995810781546
2456.4400688791275,-70.50100733755659,-70.50100733755659
2456.4500688791277,-70.50245096156371,-70.50245096156371
2456.4600688791274,-70.5039118957104,-70.5039118957104
2456.4700688791277,-70.50539008549127,-70.50539008549127
2456.4800688791274,-70.50688547635684,-70.50688547635684
2456.4900688791276,-70.50839801373229,-70.50839801373229
2456.5000689029694,-70.50992764664583,-70.50992764664583
2456.5100689029696,-70.51147431322354,-70.51147431322354
2456.5200689029693,-70.51303796235548,-70.51303796235548
2456.5300689029696,-70.51461853936232,-70.51461853936232
2456.5400689029693,-70.51621598952485,-70.51621598952485
2456.5500689029695,-70.51783025810327,-70.51783025810327
2456.5600689029693,-70.51946129033556,-70.51946129033556
2456.5700689029695,-70.52110903146016,-70.52110903146016
2456.5800689029693,-70.52277342668013,-70.52277342668013
2456.5900689029695,-70.5244544211993,-70.5244544211993
2456.6000689029693,-70.52615196022184,-70.52615196022184
2456.6100689029695,-70.52786598892888,-70.52786598892888
2456.6200689029693,-70.52959645250999,-70.52959645250999
2456.6300689029695,-70.5313432961506,-70.5313432961506
2456.6400689029692,-70.53310646503225,-70.53310646503225
2456.6500689029695,-70.53488590435616,-70.53488590435616
2456.660068902969,-70.53668155930833,-70.53668155930833
2456.6700689029694,-70.53849337508834,-70.53849337508834
2456.680068902969,-70.54032129691021,-70.54032129691021
2456.6900689029694,-70.54216526999375,-70.54216526999375
2456.700068902969,-70.5440252395749,-70.5440252395749
2456.7100689029694,-70.54590115090879,-70.54590115090879
2456.720068902969,-70.54779294925794,-70.54779294925794
2456.7300689029694,-70.54970057991352,-70.54970057991352
2456.740068902969,-70.5516239881887,-70.5516239881887
2456.7500689029694,-70.55356311940409,-70.55356311940409
2456.7600689029696,-70.55551791892296,-70.55551791892296
2456.7700689029693,-70.55748833212544,-70.55748833212544
2456.7800689029696,-70.559474304417,-70.559474304417
2456.7900689029693,-70.56147578124859,-70.56147578124859
2456.8000689029695,-70.56349270807976,-70.56349270807976
2456.8100689029693,-70.5655250304317,-70.5655250304317
2456.8200689029695,-70.56757269383633,-70.56757269383633
2456.8300689029693,-70.56963564387125,-70.56963564387125
2456.8400689029695,-70.57171382614916,-70.57171382614916
2456.8500689029693,-70.57380718633539,-70.57380718633539
2456.8600689029695,-70.57591567011806,-70.57591567011806
2456.8700689029693,-70.57803922323875,-70.57803922323875
2456.8800689029695,-70.5801777914799,-70.5801777914799
2456.8900689029692,-70.58233132068187,-70.58233132068187
2456.9000689029695,-70.58449975670833,-70.58449975670833
2456.910068902969,-70.5866830454878,-70.5866830454878
2456.9200689029694,-70.58888113300708,-70.58888113300708
2456.930068902969,-70.59109396528007,-70.59109396528007
2456.9400689029694,-70.59332148839486,-70.59332148839486
2456.950068902969,-70.59556364848537,-70.59556364848537
2456.9600689029694,-70.59782039174108,-70.59782039174108
2456.970068902969,-70.60009166441137,-70.60009166441137
2456.9800689029694,-70.60237741279707,-70.60237741279707
2456.990068902969,-70.60467758327003,-70.60467758327003
2457.0000689029694,-70.60699212224617,-70.60699212224617
2457.0100689029696,-70.60932097621914,-70.60932097621914
2457.0200689029693,-70.61166409173289,-70.61166409173289
2457.0300689029696,-70.61402141540036,-70.61402141540036
2457.0400689029693,-70.6163928939132,-70.6163928939132
2457.0500689029695,-70.61877847400788,-70.61877847400788
2457.0600689029693,-70.62117810249349,-70.62117810249349
2457.0700689029695,-70.62359172626275,-70.62359172626275
2457.0800689029693,-70.62601929226115,-70.62601929226115
2457.0900689029695,-70.62846074751259,-70.62846074751259
2457.1000689029693,-70.63091603910796,-70.63091603910796
2457.1100689029695,-70.63338511420903,-70.63338511420903
2457.1200689029693,-70.63586792007314,-70.63586792007314
2457.1300689029695,-70.6383644039993,-70.6383644039993
2457.1400689029692,-70.64087451338902,-70.64087451338902
2457.1500689029695,-70.64339819569693,-70.64339819569693
2457.160068902969,-70.64593539848214,-70.64593539848214
2457.1700689029694,-70.6484860693643,-70.6484860693643
2457.180068902969,-70.65105015604513,-70.65105015604513
2457.1900689029694,-70.6536276063111,-70.6536276063111
2457.200068902969,-70.65621836802534,-70.65621836802534
2457.2100689029694,-70.65882238912477,-70.65882238912477
2457.220068902969,-70.6614396176538,-70.6614396176538
2457.2300689029694,-70.66407000171687,-70.66407000171687
2457.240068902969,-70.6667134895193,-70.6667134895193
2457.2500689029694,-70.6693700293325,-70.6693700293325
2457.2600689029696,-70.6720395695353,-70.6720395695353
2457.2700689029693,-70.67472205857993,-70.67472205857993
2457.2800689029696,-70.67741744501431,-70.67741744501431
2457.2900689029693,-70.68012567746187,-70.68012567746187
2457.3000689029695,-70.68284670464868,-70.68284670464868
2457.3100689029693,-70.68558047538322,-70.68558047538322
2457.3200689029695,-70.68832693856146,-70.68832693856146
2457.3300689029693,-70.69108604318454,-70.69108604318454
2457.3400689029695,-70.69385773832957,-70.69385773832957
2457.350068926811,-70.69664197981483,-70.69664197981483
2457.3600689268114,-70.69943870367969,-70.69943870367969
2457.370068926811,-70.70224786586564,-70.70224786586564
2457.3800689268114,-70.70506941583191,-70.70506941583191
2457.390068926811,-70.70790330313584,-70.70790330313584
2457.4000689268114,-70.71074947742392,-70.71074947742392
2457.410068926811,-70.71360788844129,-70.71360788844129
2457.4200689268114,-70.71647848602835,-70.71647848602835
2457.430068926811,-70.71936122011866,-70.71936122011866
2457.4400689268114,-70.72225604075393,-70.72225604075393
2457.450068926811,-70.72516289806175,-70.72516289806175
2457.4600689268113,-70.72808174227352,-70.72808174227352
2457.470068926811,-70.73101252372008,-70.73101252372008
2457.4800689268113,-70.73395519282721,-70.73395519282721
2457.490068926811,-70.73690970012984,-70.73690970012984
2457.5000689268113,-70.7398759962641,-70.7398759962641
2457.510068926811,-70.74285403195661,-70.74285403195661
2457.5200689268113,-70.74584375803848,-70.74584375803848
2457.530068926811,-70.74884512545243,-70.74884512545243
2457.5400689268113,-70.75185808522913,-70.75185808522913
2457.550068926811,-70.75488258851493,-70.75488258851493
2457.5600689268113,-70.75791858655222,-70.75791858655222
2457.570068926811,-70.76096603069692,-70.76096603069692
2457.5800689268112,-70.76402487239324,-70.76402487239324
2457.590068926811,-70.76709506320317,-70.76709506320317
2457.600068926811,-70.77017655477934,-70.77017655477934
2457.6100689268114,-70.77326929890177,-70.77326929890177
2457.620068926811,-70.77637324743613,-70.77637324743613
2457.6300689268114,-70.7794883523603,-70.7794883523603
2457.640068926811,-70.78261456576308,-70.78261456576308
2457.6500689268114,-70.78575183983268,-70.78575183983268
2457.660068926811,-70.78890012687025,-70.78890012687025
2457.6700689268114,-70.79205937928116,-70.79205937928116
2457.680068926811,-70.79522954957426,-70.79522954957426
2457.6900689268114,-70.79841059037665,-70.79841059037665
2457.700068926811,-70.80160245441776,-70.80160245441776
2457.7100689268113,-70.80479891708428,-70.80479891708428
2457.720068926811,-70.80799722397859,-70.80799722397859
2457.7300689268113,-70.81119600897209,-70.81119600897209
2457.740068926811,-70.81439454923421,-70.81439454923421
2457.7500689268113,-70.81759248068813,-70.81759248068813
2457.760068926811,-70.82078965017627,-70.82078965017627
2457.7700689268113,-70.82398602867114,-70.82398602867114
2457.780068926811,-70.82718165912735,-70.82718165912735
2457.7900689268113,-70.83037662507361,-70.83037662507361
2457.800068926811,-70.83357103176348,-70.83357103176348
2457.8100689268113,-70.83676499493106,-70.83676499493106
2457.820068926811,-70.8399586341641,-70.8399586341641
2457.8300689268112,-70.84315206910124,-70.84315206910124
2457.840068926811,-70.84634541736361,-70.84634541736361
2457.850068926811,-70.84953879348184,-70.84953879348184
2457.8600689268114,-70.85273230850093,-70.85273230850093
2457.870068926811,-70.85592606988338,-70.85592606988338
2457.8800689268114,-70.85912018166641,-70.85912018166641
2457.890068926811,-70.86231474466275,-70.86231474466275
2457.9000689268114,-70.86550985677692,-70.86550985677692
2457.910068926811,-70.8687056132759,-70.8687056132759
2457.9200689268114,-70.871902107041,-70.871902107041
2457.930068926811,-70.87509942886298,-70.87509942886298
2457.9400689268114,-70.8782976676224,-70.8782976676224
2457.950068926811,-70.8814969105147,-70.8814969105147
2457.9600689268113,-70.8846910590934,-70.8846910590934
2457.970068926811,-70.8878774874462,-70.8878774874462
2457.9800689268113,-70.89105495803257,-70.89105495803257
2457.990068926811,-70.89422287600952,-70.89422287600952
2458.0000689268113,-70.89738100448322,-70.89738100448322
2458.010068926811,-70.9005293165824,-70.9005293165824
2458.0200689268113,-70.90366790866736,-70.90366790866736
2458.030068926811,-70.90679694819151,-70.90679694819151
2458.0400689268113,-70.90991664229301,-70.90991664229301
2458.050068926811,-70.91302721898818,-70.91302721898818
2458.0600689268113,-70.91612891589101,-70.91612891589101
2458.070068926811,-70.91922197364516,-70.91922197364516
2458.0800689268112,-70.92230663208353,-70.92230663208353
2458.090068926811,-70.92538312819546,-70.92538312819546
2458.100068926811,-70.92845169503688,-70.92845169503688
2458.1100689268114,-70.93151256132718,-70.93151256132718
2458.120068926811,-70.93456595135595,-70.93456595135595
2458.1300689268114,-70.9376120851345,-70.9376120851345
2458.140068926811,-70.94065117860441,-70.94065117860441
2458.1500689268114,-70.9436834439087,-70.9436834439087
2458.160068926811,-70.94670908966924,-70.94670908966924
2458.1700689268114,-70.94972832126142,-70.94972832126142
2458.180068926811,-70.95274134103829,-70.95274134103829
2458.1900689268114,-70.95574834856691,-70.95574834856691
2458.200068950653,-70.95874954795202,-70.95874954795202
2458.2100689506533,-70.96173892945279,-70.96173892945279
2458.220068950653,-70.96471398019214,-70.96471398019214
2458.2300689506533,-70.96767356894246,-70.96767356894246
2458.240068950653,-70.97061720684052,-70.97061720684052
2458.2500689506533,-70.97354476231673,-70.97354476231673
2458.260068950653,-70.97645631306187,-70.97645631306187
2458.2700689506532,-70.97935205915441,-70.97935205915441
2458.280068950653,-70.98223227084374,-70.98223227084374
2458.290068950653,-70.98509725714338,-70.98509725714338
2458.300068950653,-70.98794734698741,-70.98794734698741
2458.310068950653,-70.99078287794576,-70.99078287794576
2458.320068950653,-70.9936041896422,-70.9936041896422
2458.330068950653,-70.9964116199069,-70.9964116199069
2458.340068950653,-70.99920550274214,-70.99920550274214
2458.350068950653,-71.00198616722838,-71.00198616722838
2458.360068950653,-71.00475393711461,-71.00475393711461
2458.370068950653,-71.0075091307277,-71.0075091307277
2458.380068950653,-71.01025206110387,-71.01025206110387
2458.390068950653,-71.01298303621695,-71.01298303621695
2458.400068950653,-71.01570235924977,-71.01570235924977
2458.410068950653,-71.01841032884994,-71.01841032884994
2458.420068950653,-71.02110723941958,-71.02110723941958
2458.430068950653,-71.02379338134578,-71.02379338134578
2458.440068950653,-71.02646904121985,-71.02646904121985
2458.450068950653,-71.02913450201376,-71.02913450201376
2458.4600689506533,-71.0317900432773,-71.0317900432773
2458.470068950653,-71.03443594123395,-71.03443594123395
2458.4800689506533,-71.03707246893647,-71.03707246893647
2458.490068950653,-71.03969989634496,-71.03969989634496
2458.5000689506533,-71.04231849039807,-71.04231849039807
2458.510068950653,-71.04492851510484,-71.04492851510484
2458.5200689506532,-71.04753023157807,-71.04753023157807
2458.530068950653,-71.05012389810203,-71.05012389810203
2458.540068950653,-71.0527097701395,-71.0527097701395
2458.550068950653,-71.05528810037299,-71.05528810037299
2458.560068950653,-71.05785913873865,-71.05785913873865
2458.570068950653,-71.06042313242922,-71.06042313242922
2458.580068950653,-71.06298032591731,-71.06298032591731
2458.590068950653,-71.06553096095233,-71.06553096095233
2458.600068950653,-71.06807527657494,-71.06807527657494
2458.610068950653,-71.07061350913932,-71.07061350913932
2458.620068950653,-71.07314589229449,-71.07314589229449
2458.630068950653,-71.07567265700905,-71.07567265700905
2458.640068950653,-71.07819403154421,-71.07819403154421
2458.650068950653,-71.08071024150227,-71.08071024150227
2458.660068950653,-71.08322150977288,-71.08322150977288
2458.670068950653,-71.08572805659709,-71.08572805659709
2458.680068950653,-71.08823009951082,-71.08823009951082
2458.690068950653,-71.0907278534003,-71.0907278534003
2458.700068950653,-71.09322153047208,-71.09322153047208
2458.7100689506533,-71.09571134026527,-71.09571134026527
2458.720068950653,-71.09819748966787,-71.09819748966787
2458.7300689506533,-71.10068018290298,-71.10068018290298
2458.740068950653,-71.1031596215506,-71.1031596215506
2458.7500689506533,-71.10563600455413,-71.10563600455413
2458.760068950653,-71.10810952820826,-71.10810952820826
2458.7700689506532,-71.11058038620108,-71.11058038620108
2458.780068950653,-71.1130487695853,-71.1130487695853
2458.790068950653,-71.1155148668265,-71.1155148668265
2458.800068950653,-71.11797886377539,-71.11797886377539
2458.810068950653,-71.1204409437123,-71.1204409437123
2458.820068950653,-71.12290128733297,-71.12290128733297
2458.830068950653,-71.12536007278177,-71.12536007278177
2458.840068950653,-71.12781747564959,-71.12781747564959
2458.850068950653,-71.13027366899392,-71.13027366899392
2458.860068950653,-71.13272882336014,-71.13272882336014
2458.870068950653,-71.13518310678438,-71.13518310678438
2458.880068950653,-71.1376366848133,-71.1376366848133
2458.890068950653,-71.14008972051889,-71.14008972051889
2458.900068950653,-71.1425423745239,-71.1425423745239
2458.910068950653,-71.14499480500612,-71.14499480500612
2458.920068950653,-71.14744716772786,-71.14744716772786
2458.930068950653,-71.14989961604968,-71.14989961604968
2458.940068950653,-71.15235230093798,-71.15235230093798
2458.950068950653,-71.15480537099322,-71.15480537099322
2458.9600689506533,-71.1572527680134,-71.1572527680134
2458.970068950653,-71.15969191871429,-71.15969191871429
2458.9800689506533,-71.16212164215978,-71.16212164215978
2458.990068950653,-71.16454140109063,-71.16454140109063
2459.0000689506533,-71.16695101608597,-71.16695101608597
2459.010068950653,-71.16935051707061,-71.16935051707061
2459.0200689506532,-71.17174005619033,-71.17174005619033
2459.030068950653,-71.17411985549556,-71.17411985549556
2459.040068950653,-71.17649017541744,-71.17649017541744
2459.050068974495,-71.17885130149945,-71.17885130149945
2459.060068974495,-71.18120351061889,-71.18120351061889
2459.070068974495,-71.18354709818931,-71.18354709818931
2459.080068974495,-71.18588235177472,-71.18588235177472
2459.090068974495,-71.1882095546887,-71.1882095546887
2459.100068974495,-71.19052898497881,-71.19052898497881
2459.110068974495,-71.19284091499247,-71.19284091499247
2459.120068974495,-71.19514561135959,-71.19514561135959
2459.130068974495,-71.19744333511196,-71.19744333511196
2459.140068974495,-71.19973434197387,-71.19973434197387
2459.150068974495,-71.20201888264702,-71.20201888264702
2459.160068974495,-71.20429720311365,-71.20429720311365
2459.170068974495,-71.20656954494517,-71.20656954494517
2459.180068974495,-71.20883614556483,-71.20883614556483
2459.190068974495,-71.21109723849044,-71.21109723849044
2459.200068974495,-71.2133530535752,-71.2133530535752
2459.210068974495,-71.21560381717441,-71.21560381717441
2459.220068974495,-71.21784975231536,-71.21784975231536
2459.2300689744948,-71.22009107885899,-71.22009107885899
2459.240068974495,-71.22232801361118,-71.22232801361118
2459.2500689744948,-71.22456077042298,-71.22456077042298
2459.260068974495,-71.22678956029448,-71.22678956029448
2459.2700689744947,-71.22901459143816,-71.22901459143816
2459.280068974495,-71.2312360693596,-71.2312360693596
2459.2900689744947,-71.23345419691674,-71.23345419691674
2459.300068974495,-71.23566917434766,-71.23566917434766
2459.310068974495,-71.23788119932458,-71.23788119932458
2459.320068974495,-71.24009046698491,-71.24009046698491
2459.330068974495,-71.24229716998616,-71.24229716998616
2459.340068974495,-71.2445014985,-71.2445014985
2459.350068974495,-71.24670364025681,-71.24670364025681
2459.360068974495,-71.24890378056176,-71.24890378056176
2459.370068974495,-71.25110210230066,-71.25110210230066
2459.380068974495,-71.25329878598829,-71.25329878598829
2459.390068974495,-71.255494009753,-71.255494009753
2459.400068974495,-71.25768794937552,-71.25768794937552
2459.410068974495,-71.25988077828143,-71.25988077828143
2459.420068974495,-71.26207266756903,-71.26207266756903
2459.430068974495,-71.26426378602217,-71.26426378602217
2459.440068974495,-71.26645430011193,-71.26645430011193
2459.450068974495,-71.26864437401336,-71.26864437401336
2459.460068974495,-71.27083416963292,-71.27083416963292
2459.470068974495,-71.27302384659968,-71.27302384659968
2459.4800689744948,-71.27521356228104,-71.27521356228104
2459.490068974495,-71.27740347181063,-71.27740347181063
2459.5000689744948,-71.27959372808776,-71.27959372808776
2459.510068974495,-71.28178448178522,-71.28178448178522
2459.5200689744947,-71.28397588137946,-71.28397588137946
2459.530068974495,-71.28616807314485,-71.28616807314485
2459.5400689744947,-71.28836120118203,-71.28836120118203
2459.550068974495,-71.29055540743153,-71.29055540743153
2459.560068974495,-71.2927508316734,-71.2927508316734
2459.570068974495,-71.29494761156165,-71.29494761156165
2459.580068974495,-71.29714588262055,-71.29714588262055
2459.590068974495,-71.29934577826636,-71.29934577826636
2459.600068974495,-71.3015474298291,-71.3015474298291
2459.610068974495,-71.30375096657342,-71.30375096657342
2459.620068974495,-71.30595651568767,-71.30595651568767
2459.630068974495,-71.30816420231591,-71.30816420231591
2459.640068974495,-71.310374149588,-71.310374149588
2459.650068974495,-71.31258647862462,-71.31258647862462
2459.660068974495,-71.31480130853892,-71.31480130853892
2459.670068974495,-71.31701875647984,-71.31701875647984
2459.680068974495,-71.3192389376319,-71.3192389376319
2459.690068974495,-71.32146196523279,-71.32146196523279
2459.700068974495,-71.32368795061146,-71.32368795061146
2459.710068974495,-71.32591700317563,-71.32591700317563
2459.720068974495,-71.32814923045515,-71.32814923045515
2459.7300689744948,-71.33038473809839,-71.33038473809839
2459.740068974495,-71.33262362990082,-71.33262362990082
2459.7500689744948,-71.33486600784359,-71.33486600784359
2459.760068974495,-71.33711197207273,-71.33711197207273
2459.7700689744947,-71.33936162094852,-71.33936162094852
2459.780068974495,-71.34161505104147,-71.34161505104147
2459.7900689744947,-71.34387235717024,-71.34387235717024
2459.800068974495,-71.3461336324135,-71.3461336324135
2459.810068974495,-71.34839896811762,-71.34839896811762
2459.820068974495,-71.35066845393298,-71.35066845393298
2459.830068974495,-71.35294217781733,-71.35294217781733
2459.840068974495,-71.3552202260746,-71.3552202260746
2459.850068974495,-71.35750268334677,-71.35750268334677
2459.860068974495,-71.35978963265137,-71.35978963265137
2459.870068974495,-71.3620811553908,-71.3620811553908
2459.880068974495,-71.36437733138298,-71.36437733138298
2459.890068974495,-71.36667823886836,-71.36667823886836
2459.900068998337,-71.3689839600188,-71.3689839600188
2459.910068998337,-71.37129455901906,-71.37129455901906
2459.920068998337,-71.37361011496755,-71.37361011496755
2459.930068998337,-71.37593069999058,-71.37593069999058
2459.9400689983368,-71.37825638473483,-71.37825638473483
2459.950068998337,-71.38058723838472,-71.38058723838472
2459.9600689983367,-71.3829233286812,-71.3829233286812
2459.970068998337,-71.3852647219269,-71.3852647219269
2459.9800689983367,-71.38761148302387,-71.38761148302387
2459.990068998337,-71.3899636754718,-71.3899636754718
2460.0000689983367,-71.39232136139725,-71.39232136139725
2460.010068998337,-71.39468460158415,-71.39468460158415
2460.0200689983367,-71.39705345546228,-71.39705345546228
2460.030068998337,-71.39942798113965,-71.39942798113965
2460.0400689983367,-71.40180823543595,-71.40180823543595
2460.050068998337,-71.4041942738513,-71.4041942738513
2460.0600689983366,-71.40658615063839,-71.40658615063839
2460.070068998337,-71.40898391879094,-71.40898391879094
2460.0800689983366,-71.4113876300687,-71.4113876300687
2460.090068998337,-71.41379733499429,-71.41379733499429
2460.1000689983366,-71.4162130829031,-71.4162130829031
2460.110068998337,-71.41863492193337,-71.41863492193337
2460.1200689983366,-71.42106289905662,-71.42106289905662
2460.130068998337,-71.42349706007603,-71.42349706007603
2460.1400689983366,-71.42585214755225,-71.42585214755225
2460.150068998337,-71.42810417743536,-71.42810417743536
2460.160068998337,-71.43024715945667,-71.43024715945667
2460.170068998337,-71.4322800282232,-71.4322800282232
2460.180068998337,-71.43420321511628,-71.43420321511628
2460.1900689983368,-71.43601769850557,-71.43601769850557
2460.200068998337,-71.43772471688233,-71.43772471688233
2460.2100689983367,-71.43932567049724,-71.43932567049724
2460.220068998337,-71.44082207910763,-71.44082207910763
2460.2300689983367,-71.44221555721964,-71.44221555721964
2460.240068998337,-71.44350779518123,-71.44350779518123
2460.2500689983367,-71.44470054302153,-71.44470054302153
2460.260068998337,-71.44579559599482,-71.44579559599482
2460.2700689983367,-71.44679478181958,-71.44679478181958
2460.280068998337,-71.44769994946077,-71.44769994946077
2460.2900689983367,-71.44851295947655,-71.44851295947655
2460.300068998337,-71.44923567577453,-71.44923567577453
2460.3100689983366,-71.44986995874041,-71.44986995874041
2460.320068998337,-71.45041765954262,-71.45041765954262
2460.3300689983366,-71.45088061548266,-71.45088061548266
2460.340068998337,-71.45126064626768,-71.45126064626768
2460.3500689983366,-71.45155955108301,-71.45155955108301
2460.360068998337,-71.45177910630233,-71.45177910630233
2460.3700689983366,-71.45192106380564,-71.45192106380564
2460.380068998337,-71.45198714971825,-71.45198714971825
2460.3900689983366,-71.4519790636047,-71.4519790636047
2460.400068998337,-71.45189847789153,-71.45189847789153
2460.410068998337,-71.45174703762606,-71.45174703762606
2460.420068998337,-71.45152636041001,-71.45152636041001
2460.430068998337,-71.45123803649493,-71.45123803649493
2460.4400689983368,-71.45088362901015,-71.45088362901015
2460.450068998337,-71.45046467427844,-71.45046467427844
2460.4600689983367,-71.44998268224171,-71.44998268224171
2460.470068998337,-71.44943913688225,-71.44943913688225
2460.4800689983367,-71.44883549673432,-71.44883549673432
2460.490068998337,-71.44817319537859,-71.44817319537859
2460.5000689983367,-71.44745364196932,-71.44745364196932
2460.510068998337,-71.44667822178056,-71.44667822178056
2460.5200689983367,-71.4458482966922,-71.4458482966922
2460.530068998337,-71.44496520575964,-71.44496520575964
2460.5400689983367,-71.4440302656917,-71.4440302656917
2460.550068998337,-71.44304477134283,-71.44304477134283
2460.5600689983366,-71.44200999621634,-71.44200999621634
2460.570068998337,-71.44092719288943,-71.44092719288943
2460.5800689983366,-71.43979759351406,-71.43979759351406
2460.590068998337,-71.4386224101961,-71.4386224101961
2460.6000689983366,-71.43740283543552,-71.43740283543552
2460.610068998337,-71.43614004249699,-71.43614004249699
2460.6200689983366,-71.43483518582607,-71.43483518582607
2460.630068998337,-71.43348940136637,-71.43348940136637
2460.6400689983366,-71.43210380694856,-71.43210380694856
2460.650068998337,-71.43067950259012,-71.43067950259012
2460.660068998337,-71.42921757082401,-71.42921757082401
2460.670068998337,-71.42771907701108,-71.42771907701108
2460.680068998337,-71.42618506963265,-71.42618506963265
2460.6900689983368,-71.42461658056406,-71.42461658056406
2460.700068998337,-71.42301462536582,-71.42301462536582
2460.7100689983367,-71.42138020351186,-71.42138020351186
2460.720068998337,-71.41971429867999,-71.41971429867999
2460.7300689983367,-71.41801787897309,-71.41801787897309
2460.740068998337,-71.41629189716656,-71.41629189716656
2460.7500690221786,-71.41453728673237,-71.41453728673237
2460.760069022179,-71.4127549787071,-71.4127549787071
2460.7700690221786,-71.41094587720875,-71.41094587720875
2460.780069022179,-71.40911087588103,-71.40911087588103
2460.7900690221786,-71.4072508541372,-71.4072508541372
2460.800069022179,-71.40536667735242,-71.40536667735242
2460.8100690221786,-71.40345919705389,-71.40345919705389
2460.820069022179,-71.4015292511085,-71.4015292511085
2460.8300690221786,-71.39957766392232,-71.39957766392232
2460.840069022179,-71.39760524659789,-71.39760524659789
2460.8500690221786,-71.39561279714415,-71.39561279714415
2460.860069022179,-71.39360110063762,-71.39360110063762
2460.8700690221785,-71.39157092939821,-71.39157092939821
2460.8800690221788,-71.38952304315903,-71.38952304315903
2460.8900690221785,-71.38745818924674,-71.38745818924674
2460.9000690221787,-71.38537710274827,-71.38537710274827
2460.9100690221785,-71.38328050664849,-71.38328050664849
2460.9200690221787,-71.38116911202098,-71.38116911202098
2460.9300690221785,-71.37904361818487,-71.37904361818487
2460.9400690221787,-71.37690471284061,-71.37690471284061
2460.9500690221785,-71.37475307226227,-71.37475307226227
2460.9600690221787,-71.37258936140748,-71.37258936140748
2460.9700690221784,-71.37041423411415,-71.37041423411415
2460.9800690221787,-71.36822833321665,-71.36822833321665
2460.9900690221784,-71.36603229071595,-71.36603229071595
2461.0000690221786,-71.36382672791721,-71.36382672791721
2461.010069022179,-71.36161225556638,-71.36161225556638
2461.0200690221786,-71.3593894740192,-71.3593894740192
2461.030069022179,-71.35715897336443,-71.35715897336443
2461.0400690221786,-71.35492133356902,-71.35492133356902
2461.050069022179,-71.35267712462046,-71.35267712462046
2461.0600690221786,-71.35042690665884,-71.35042690665884
2461.070069022179,-71.34817123011793,-71.34817123011793
2461.0800690221786,-71.34591063586099,-71.34591063586099
2461.090069022179,-71.34364565531419,-71.34364565531419
2461.1000690221786,-71.34137681060055,-71.34137681060055
2461.110069022179,-71.33910461466606,-71.33910461466606
2461.1200690221785,-71.33682957140363,-71.33682957140363
2461.1300690221788,-71.33455217580011,-71.33455217580011
2461.1400690221785,-71.33227291404471,-71.33227291404471
2461.1500690221787,-71.32999226367319,-71.32999226367319
2461.1600690221785,-71.32771069367159,-71.32771069367159
2461.1700690221787,-71.32542866460626,-71.32542866460626
2461.1800690221785,-71.32314662875595,-71.32314662875595
2461.1900690221787,-71.32086503020926,-71.32086503020926
2461.2000690221785,-71.31858430501954,-71.31858430501954
2461.2100690221787,-71.31630488127323,-71.31630488127323
2461.2200690221784,-71.3140271792523,-71.3140271792523
2461.2300690221787,-71.31175161152264,-71.31175161152264
2461.2400690221784,-71.30947858305298,-71.30947858305298
2461.2500690221786,-71.30720849133374,-71.30720849133374
2461.260069022179,-71.30494172647344,-71.30494172647344
2461.2700690221786,-71.30267867132487,-71.30267867132487
2461.280069022179,-71.30041970157752,-71.30041970157752
2461.2900690221786,-71.29816518587715,-71.29816518587715
2461.300069022179,-71.29591548592742,-71.29591548592742
2461.3100690221786,-71.29367095660056,-71.29367095660056
2461.320069022179,-71.29143194601257,-71.29143194601257
2461.3300690221786,-71.28919879566631,-71.28919879566631
2461.340069022179,-71.28697184051482,-71.28697184051482
2461.3500690221786,-71.28475140908601,-71.28475140908601
2461.360069022179,-71.28253782356694,-71.28253782356694
2461.3700690221785,-71.28033139991055,-71.28033139991055
2461.3800690221788,-71.27813244791741,-71.27813244791741
2461.3900690221785,-71.27594127134797,-71.27594127134797
2461.4000690221787,-71.27375816799524,-71.27375816799524
2461.4100690221785,-71.27158342979767,-71.27158342979767
2461.4200690221787,-71.26941734290143,-71.26941734290143
2461.4300690221785,-71.26726018778294,-71.26726018778294
2461.4400690221787,-71.2651122393143,-71.2651122393143
2461.4500690221785,-71.26297376685466,-71.26297376685466
2461.4600690221787,-71.26083882260565,-71.26083882260565
2461.4700690221784,-71.25870494850145,-71.25870494850145
2461.4800690221787,-71.25657107943292,-71.25657107943292
2461.4900690221784,-71.25443679308016,-71.25443679308016
2461.5000690221786,-71.25230202337679,-71.25230202337679
2461.510069022179,-71.25016691153766,-71.25016691153766
2461.5200690221786,-71.24803171866535,-71.24803171866535
2461.530069022179,-71.24589677313467,-71.24589677313467
2461.5400690221786,-71.24376243900663,-71.24376243900663
2461.550069022179,-71.24162909702032,-71.24162909702032
2461.5600690221786,-71.23949713331929,-71.23949713331929
2461.570069022179,-71.23736693284887,-71.23736693284887
2461.5800690221786,-71.23523887557636,-71.23523887557636
2461.590069022179,-71.23311333448196,-71.23311333448196
2461.6000690460205,-71.23099066952146,-71.23099066952146
2461.6100690460207,-71.22887124750058,-71.22887124750058
2461.6200690460205,-71.22675541176801,-71.22675541176801
2461.6300690460207,-71.2246435026437,-71.2246435026437
2461.6400690460205,-71.22253585267457,-71.22253585267457
2461.6500690460207,-71.22043278701308,-71.22043278701308
2461.6600690460205,-71.21833462377748,-71.21833462377748
2461.6700690460207,-71.21624167441769,-71.21624167441769
2461.6800690460204,-71.21415424401657,-71.21415424401657
2461.6900690460207,-71.21207263162324,-71.21207263162324
2461.7000690460204,-71.20999713050531,-71.20999713050531
2461.7100690460206,-71.20792802840182,-71.20792802840182
2461.7200690460204,-71.20586560772651,-71.20586560772651
2461.7300690460206,-71.20381014577593,-71.20381014577593
2461.7400690460204,-71.2017619148821,-71.2017619148821
2461.7500690460206,-71.19972118257596,-71.19972118257596
2461.7600690460204,-71.1976882117224,-71.1976882117224
2461.7700690460206,-71.19566326063156,-71.19566326063156
2461.7800690460203,-71.19364658316344,-71.19364658316344
2461.7900690460206,-71.19163842882568,-71.19163842882568
2461.8000690460203,-71.18963904287884,-71.18963904287884
2461.8100690460205,-71.18764866639671,-71.18764866639671
2461.8200690460203,-71.18566753632454,-71.18566753632454
2461.8300690460205,-71.1836958855814,-71.1836958855814
2461.8400690460203,-71.18173394309247,-71.18173394309247
2461.8500690460205,-71.17978193386183,-71.17978193386183
2461.8600690460207,-71.1778400790128,-71.1778400790128
2461.8700690460205,-71.17590859585772,-71.17590859585772
2461.8800690460207,-71.17398769791163,-71.17398769791163
2461.8900690460205,-71.17207759498616,-71.17207759498616
2461.9000690460207,-71.170178493192,-71.170178493192
2461.9100690460205,-71.16829059500151,-71.16829059500151
2461.9200690460207,-71.16641409928081,-71.16641409928081
2461.9300690460204,-71.16454920134079,-71.16454920134079
2461.9400690460207,-71.16269609296235,-71.16269609296235
2461.9500690460204,-71.16085496243969,-71.16085496243969
2461.9600690460206,-71.15901979223558,-71.15901979223558
2461.9700690460204,-71.15718805144272,-71.15718805144272
2461.9800690460206,-71.15535860203737,-71.15535860203737
2461.9900690460204,-71.15353094969826,-71.15353094969826
2462.0000690460206,-71.15170495762547,-71.15170495762547
2462.0100690460204,-71.14988069774827,-71.14988069774827
2462.0200690460206,-71.14805836333639,-71.14805836333639
2462.0300690460203,-71.14623821650804,-71.14623821650804
2462.0400690460206,-71.14442055654028,-71.14442055654028
2462.0500690460203,-71.14260570090462,-71.14260570090462
2462.0600690460205,-71.14079397395919,-71.14079397395919
2462.0700690460203,-71.13898570030194,-71.13898570030194
2462.0800690460205,-71.13718120096854,-71.13718120096854
2462.0900690460203,-71.13538079140444,-71.13538079140444
2462.1000690460205,-71.13358478043014,-71.13358478043014
2462.1100690460207,-71.13179346987013,-71.13179346987013
2462.1200690460205,-71.13000715454692,-71.13000715454692
2462.1300690460207,-71.12822612245816,-71.12822612245816
2462.1400690460205,-71.12645065506862,-71.12645065506862
2462.1500690460207,-71.12468102762794,-71.12468102762794
2462.1600690460205,-71.12291750953065,-71.12291750953065
2462.1700690460207,-71.12116036462083,-71.12116036462083
2462.1800690460204,-71.11940985151224,-71.11940985151224
2462.1900690460207,-71.11766622385119,-71.11766622385119
2462.2000690460204,-71.11592973055535,-71.11592973055535
2462.2100690460206,-71.11420061604517,-71.11420061604517
2462.2200690460204,-71.11247912042997,-71.11247912042997
2462.2300690460206,-71.1107654796645,-71.1107654796645
2462.2400690460204,-71.10905992570424,-71.10905992570424
2462.2500690460206,-71.10736268663037,-71.10736268663037
2462.2600690460204,-71.1056739867599,-71.1056739867599
2462.2700690460206,-71.10399404674867,-71.10399404674867
2462.2800690460203,-71.10232308364864,-71.10232308364864
2462.2900690460206,-71.10066131103179,-71.10066131103179
2462.3000690460203,-71.09900893901165,-71.09900893901165
2462.3100690460205,-71.097366174322,-71.097366174322
2462.3200690460203,-71.0957332203663,-71.0957332203663
2462.3300690460205,-71.09411027726902,-71.09411027726902
2462.3400690460203,-71.09249754190456,-71.09249754190456
2462.3500690460205,-71.09089520795217,-71.09089520795217
2462.3600690460207,-71.08930346591715,-71.08930346591715
2462.3700690460205,-71.08772250318569,-71.08772250318569
2462.3800690460207,-71.08615250402853,-71.08615250402853
2462.3900690460205,-71.08459364964945,-71.08459364964945
2462.4000690460207,-71.08304611820185,-71.08304611820185
2462.4100690460205,-71.08151008483463,-71.08151008483463
2462.4200690460207,-71.07998572169443,-71.07998572169443
2462.4300690460204,-71.0784731979648,-71.0784731979648
2462.4400690460207,-71.07697267988318,-71.07697267988318
2462.4500690698624,-71.07548432723144,-71.07548432723144
2462.4600690698626,-71.07400830756681,-71.07400830756681
2462.4700690698623,-71.0725447748559,-71.0725447748559
2462.4800690698626,-71.0710938838183,-71.0710938838183
2462.4900690698623,-71.06965578635293,-71.06965578635293
2462.5000690698625,-71.06823063154509,-71.06823063154509
2462.5100690698623,-71.06681856571318,-71.06681856571318
2462.5200690698625,-71.06541973242093,-71.06541973242093
2462.5300690698623,-71.0640342725001,-71.0640342725001
2462.5400690698625,-71.06266232408504,-71.06266232408504
2462.5500690698623,-71.06130402262416,-71.06130402262416
2462.5600690698625,-71.05995950090336,-71.05995950090336
2462.5700690698623,-71.05862888908167,-71.05862888908167
2462.5800690698625,-71.05731231471142,-71.05731231471142
2462.5900690698622,-71.05600990275846,-71.05600990275846
2462.6000690698625,-71.05472177562851,-71.05472177562851
2462.610069069862,-71.05344805319147,-71.05344805319147
2462.6200690698624,-71.05218885280996,-71.05218885280996
2462.630069069862,-71.05094428935715,-71.05094428935715
2462.6400690698624,-71.04971447524206,-71.04971447524206
2462.650069069862,-71.04849952044354,-71.04849952044354
2462.6600690698624,-71.04729953253394,-71.04729953253394
2462.670069069862,-71.04611461669737,-71.04611461669737
2462.6800690698624,-71.04494487574816,-71.04494487574816
2462.690069069862,-71.04379041018248,-71.04379041018248
2462.7000690698624,-71.0426513181659,-71.0426513181659
2462.7100690698626,-71.04152150425658,-71.04152150425658
2462.7200690698623,-71.0403983547567,-71.0403983547567
2462.7300690698626,-71.03928064745777,-71.03928064745777
2462.7400690698623,-71.03816780374432,-71.03816780374432
2462.7500690698625,-71.037059602917,-71.037059602917
2462.7600690698623,-71.03595603364467,-71.03595603364467
2462.7700690698625,-71.03485720673842,-71.03485720673842
2462.7800690698623,-71.03376330273429,-71.03376330273429
2462.7900690698625,-71.03267454028358,-71.03267454028358
2462.8000690698623,-71.031591157236,-71.031591157236
2462.8100690698625,-71.03051339929482,-71.03051339929482
2462.8200690698623,-71.02944151343377,-71.02944151343377
2462.8300690698625,-71.0283757440946,-71.0283757440946
2462.8400690698622,-71.02731633111536,-71.02731633111536
2462.8500690698625,-71.02626350874502,-71.02626350874502
2462.860069069862,-71.02521750525648,-71.02521750525648
2462.8700690698624,-71.02417854290863,-71.02417854290863
2462.880069069862,-71.023146838137,-71.023146838137
2462.8900690698624,-71.02212260183973,-71.02212260183973
2462.900069069862,-71.02110603968794,-71.02110603968794
2462.9100690698624,-71.02009735247358,-71.02009735247358
2462.920069069862,-71.01909673640591,-71.01909673640591
2462.9300690698624,-71.01810438341701,-71.01810438341701
2462.940069069862,-71.0171204814276,-71.0171204814276
2462.9500690698624,-71.01614521458872,-71.01614521458872
2462.9600690698626,-71.01517257493005,-71.01517257493005
2462.9700690698623,-71.01420003378394,-71.01420003378394
2462.9800690698626,-71.01322645236287,-71.01322645236287
2462.9900690698623,-71.01225133429605,-71.01225133429605
2463.0000690698625,-71.01127454014812,-71.01127454014812
2463.0100690698623,-71.01029613903519,-71.01029613903519
2463.0200690698625,-71.00931632151578,-71.00931632151578
2463.0300690698623,-71.0082506969565,-71.0082506969565
2463.0400690698625,-71.00707579425625,-71.00707579425625
2463.0500690698623,-71.0057860331723,-71.0057860331723
2463.0600690698625,-71.00438072989506,-71.00438072989506
2463.0700690698623,-71.00286068497039,-71.00286068497039
2463.0800690698625,-71.00122723570867,-71.00122723570867
2463.0900690698622,-70.99948196898865,-70.99948196898865
2463.1000690698625,-70.99762662239114,-70.99762662239114
2463.110069069862,-70.99566304188791,-70.99566304188791
2463.1200690698624,-70.99359315735171,-70.99359315735171
2463.130069069862,-70.99141896418885,-70.99141896418885
2463.1400690698624,-70.98914250775246,-70.98914250775246
2463.150069069862,-70.98676586964085,-70.98676586964085
2463.1600690698624,-70.9842911555328,-70.9842911555328
2463.170069069862,-70.98172048465138,-70.98172048465138
2463.1800690698624,-70.97905598069485,-70.97905598069485
2463.190069069862,-70.97629976413222,-70.97629976413222
2463.2000690698624,-70.97345394582027,-70.97345394582027
2463.2100690698626,-70.9705206217285,-70.9705206217285
2463.2200690698623,-70.96750186866558,-70.96750186866558
2463.2300690698626,-70.96439974088476,-70.96439974088476
2463.2400690698623,-70.9612162674407,-70.9612162674407
2463.2500690698625,-70.95795345017874,-70.95795345017874
2463.2600690698623,-70.95461326221542,-70.95461326221542
2463.2700690698625,-70.95119764693845,-70.95119764693845
2463.2800690698623,-70.94770851729446,-70.94770851729446
2463.2900690698625,-70.94414775539609,-70.94414775539609
2463.300069093704,-70.94051720376319,-70.94051720376319
2463.3100690937044,-70.93681869964145,-70.93681869964145
2463.320069093704,-70.93305402427862,-70.93305402427862
2463.3300690937044,-70.92922493671031,-70.92922493671031
2463.340069093704,-70.92533316599786,-70.92533316599786
2463.3500690937044,-70.92138041167114,-70.92138041167114
2463.360069093704,-70.91736834421489,-70.91736834421489
2463.3700690937044,-70.91329860561129,-70.91329860561129
2463.380069093704,-70.9091728098878,-70.9091728098878
2463.3900690937044,-70.90499254370407,-70.90499254370407
2463.400069093704,-70.90075936689905,-70.90075936689905
2463.4100690937044,-70.89647481305296,-70.89647481305296
2463.420069093704,-70.89214039006158,-70.89214039006158
2463.4300690937043,-70.8877575806426,-70.8877575806426
2463.440069093704,-70.88332784289213,-70.88332784289213
2463.4500690937043,-70.87885261075978,-70.87885261075978
2463.460069093704,-70.87433329457434,-70.87433329457434
2463.4700690937043,-70.86977128148942,-70.86977128148942
2463.480069093704,-70.86516793595665,-70.86516793595665
2463.4900690937043,-70.86052460013023,-70.86052460013023
2463.500069093704,-70.85584259433104,-70.85584259433104
2463.5100690937043,-70.85112321742204,-70.85112321742204
2463.520069093704,-70.84636774719915,-70.84636774719915
2463.5300690937042,-70.84157744075299,-70.84157744075299
2463.540069093704,-70.83675353484088,-70.83675353484088
2463.550069093704,-70.83189724622258,-70.83189724622258
2463.5600690937044,-70.82700977199309,-70.82700977199309
2463.570069093704,-70.82209228990679,-70.82209228990679
2463.5800690937044,-70.81714595865817,-70.81714595865817
2463.590069093704,-70.81217191820703,-70.81217191820703
2463.6000690937044,-70.80717129005014,-70.80717129005014
2463.610069093704,-70.80214517750824,-70.80214517750824
2463.6200690937044,-70.79709466598008,-70.79709466598008
2463.630069093704,-70.79202082322766,-70.79202082322766
2463.6400690937044,-70.78692469961265,-70.78692469961265
2463.650069093704,-70.78180732834889,-70.78180732834889
2463.6600690937044,-70.7766697257432,-70.7766697257432
2463.670069093704,-70.77151289143922,-70.77151289143922
2463.6800690937043,-70.76633780863901,-70.76633780863901
2463.690069093704,-70.76114544433183,-70.76114544433183
2463.7000690937043,-70.7559367495197,-70.7559367495197
2463.710069093704,-70.75070649812005,-70.75070649812005
2463.7200690937043,-70.7454529201275,-70.7454529201275
2463.730069093704,-70.74017561904394,-70.74017561904394
2463.7400690937043,-70.73487482693749,-70.73487482693749
2463.750069093704,-70.72955111995593,-70.72955111995593
2463.7600690937043,-70.72420527039695,-70.72420527039695
2463.770069093704,-70.71883815990276,-70.71883815990276
2463.7800690937042,-70.71345072725701,-70.71345072725701
2463.790069093704,-70.70804393704188,-70.70804393704188
2463.800069093704,-70.70261876084406,-70.70261876084406
2463.8100690937044,-70.69717616613866,-70.69717616613866
2463.820069093704,-70.69171710980288,-70.69171710980288
2463.8300690937044,-70.68624253451509,-70.68624253451509
2463.840069093704,-70.68075336683432,-70.68075336683432
2463.8500690937044,-70.67525051636133,-70.67525051636133
2463.860069093704,-70.66973487551391,-70.66973487551391
2463.8700690937044,-70.66420731964219,-70.66420731964219
2463.880069093704,-70.65866870739947,-70.65866870739947
2463.8900690937044,-70.65311988114476,-70.65311988114476
2463.900069093704,-70.64756166743221,-70.64756166743221
2463.9100690937044,-70.64199487749731,-70.64199487749731
2463.920069093704,-70.63642030770811,-70.63642030770811
2463.9300690937043,-70.63083874001407,-70.63083874001407
2463.940069093704,-70.62525094237371,-70.62525094237371
2463.9500690937043,-70.61965766910457,-70.61965766910457
2463.960069093704,-70.61405966125812,-70.61405966125812
2463.9700690937043,-70.60845764691527,-70.60845764691527
2463.980069093704,-70.60285234152454,-70.60285234152454
2463.9900690937043,-70.59724444814059,-70.59724444814059
2464.000069093704,-70.59163465767686,-70.59163465767686
2464.0100690937043,-70.58602364916544,-70.58602364916544
2464.020069093704,-70.58041208996718,-70.58041208996718
2464.0300690937042,-70.57480063595375,-70.57480063595375
2464.040069093704,-70.56918993175539,-70.56918993175539
2464.050069093704,-70.56358061088929,-70.56358061088929
2464.0600690937044,-70.55797329596355,-70.55797329596355
2464.070069093704,-70.5523685988591,-70.5523685988591
2464.0800690937044,-70.54676712085207,-70.54676712085207
2464.090069093704,-70.54116945279758,-70.54116945279758
2464.1000690937044,-70.53557617527103,-70.53557617527103
2464.110069093704,-70.52998785870302,-70.52998785870302
2464.1200690937044,-70.52440506355403,-70.52440506355403
2464.130069093704,-70.51882834041945,-70.51882834041945
2464.1400690937044,-70.51325823016674,-70.51325823016674
2464.150069117546,-70.50769525083494,-70.50769525083494
2464.1600691175463,-70.50213995075619,-70.50213995075619
2464.170069117546,-70.49659282918164,-70.49659282918164
2464.1800691175463,-70.49105438939647,-70.49105438939647
2464.190069117546,-70.48552512561633,-70.48552512561633
2464.2000691175463,-70.4800055230793,-70.4800055230793
2464.210069117546,-70.474496058203,-70.474496058203
2464.2200691175462,-70.46899719866494,-70.46899719866494
2464.230069117546,-70.4635094035497,-70.4635094035497
2464.240069117546,-70.45803312344806,-70.45803312344806
2464.250069117546,-70.45256880057633,-70.45256880057633
2464.260069117546,-70.44711686888375,-70.44711686888375
2464.270069117546,-70.44167775417577,-70.44167775417577
2464.280069117546,-70.43625187421833,-70.43625187421833
2464.290069117546,-70.43083963883407,-70.43083963883407
2464.300069117546,-70.42544145004398,-70.42544145004398
2464.310069117546,-70.42005770215098,-70.42005770215098
2464.320069117546,-70.41468878184168,-70.41468878184168
2464.330069117546,-70.40933506831186,-70.40933506831186
2464.340069117546,-70.4039969333528,-70.4039969333528
2464.350069117546,-70.3986747414654,-70.3986747414654
2464.360069117546,-70.3933688499609,-70.3933688499609
2464.370069117546,-70.38807960905419,-70.38807960905419
2464.380069117546,-70.3828073619745,-70.3828073619745
2464.390069117546,-70.37755244506096,-70.37755244506096
2464.400069117546,-70.37231518785529,-70.37231518785529
2464.4100691175463,-70.36709591321008,-70.36709591321008
2464.420069117546,-70.36189493737905,-70.36189493737905
2464.4300691175463,-70.3567125701051,-70.3567125701051
2464.440069117546,-70.35154911473337,-70.35154911473337
2464.4500691175463,-70.34640486827965,-70.34640486827965
2464.460069117546,-70.34128012154396,-70.34128012154396
2464.4700691175462,-70.33617515918793,-70.33617515918793
2464.480069117546,-70.33109025984146,-70.33109025984146
2464.490069117546,-70.3260256961672,-70.3260256961672
2464.500069117546,-70.3209817349787,-70.3209817349787
2464.510069117546,-70.31595863729126,-70.31595863729126
2464.520069117546,-70.3109566584473,-70.3109566584473
2464.530069117546,-70.30597604817115,-70.30597604817115
2464.540069117546,-70.30101705066755,-70.30101705066755
2464.550069117546,-70.29607990469229,-70.29607990469229
2464.560069117546,-70.29116484366878,-70.29116484366878
2464.570069117546,-70.28627209572109,-70.28627209572109
2464.580069117546,-70.28140188378713,-70.28140188378713
2464.590069117546,-70.27655442568845,-70.27655442568845
2464.600069117546,-70.27172993419926,-70.27172993419926
2464.610069117546,-70.26692861713622,-70.26692861713622
2464.620069117546,-70.26215067743892,-70.26215067743892
2464.630069117546,-70.25739631322955,-70.25739631322955
2464.640069117546,-70.25266571789783,-70.25266571789783
2464.650069117546,-70.24795908017315,-70.24795908017315
2464.6600691175463,-70.24327658419814,-70.24327658419814
2464.670069117546,-70.23861840957825,-70.23861840957825
2464.6800691175463,-70.23398473149254,-70.23398473149254
2464.690069117546,-70.22937572073924,-70.22937572073924
2464.7000691175463,-70.22479154379481,-70.22479154379481
2464.710069117546,-70.22023236290778,-70.22023236290778
2464.7200691175462,-70.21569833613798,-70.21569833613798
2464.730069117546,-70.21118961745076,-70.21118961745076
2464.740069117546,-70.20670635675974,-70.20670635675974
2464.750069117546,-70.20224869999848,-70.20224869999848
2464.760069117546,-70.19781678918,-70.19781678918
2464.770069117546,-70.19341076248058,-70.19341076248058
2464.780069117546,-70.18903075427545,-70.18903075427545
2464.790069117546,-70.18467689519629,-70.18467689519629
2464.800069117546,-70.18034931220984,-70.18034931220984
2464.810069117546,-70.17604812867471,-70.17604812867471
2464.820069117546,-70.17177346439343,-70.17177346439343
2464.830069117546,-70.16752543566294,-70.16752543566294
2464.840069117546,-70.16330415535015,-70.16330415535015
2464.850069117546,-70.15910973292561,-70.15910973292561
2464.860069117546,-70.15494227453087,-70.15494227453087
2464.870069117546,-70.15080188304071,-70.15080188304071
2464.880069117546,-70.14668865809257,-70.14668865809257
2464.890069117546,-70.1426026961586,-70.1426026961586
2464.900069117546,-70.1385440905904,-70.1385440905904
2464.9100691175463,-70.13451293167061,-70.13451293167061
2464.920069117546,-70.130509306681,-70.130509306681
2464.9300691175463,-70.12653329989715,-70.12653329989715
2464.940069117546,-70.12258499271066,-70.12258499271066
2464.9500691175463,-70.11866446362767,-70.11866446362767
2464.960069117546,-70.11477178832294,-70.11477178832294
2464.9700691175462,-70.11090703970574,-70.11090703970574
2464.980069117546,-70.10707028793847,-70.10707028793847
2464.990069117546,-70.10326160049779,-70.10326160049779
2465.000069141388,-70.09948103323933,-70.09948103323933
2465.010069141388,-70.09572866649812,-70.09572866649812
2465.020069141388,-70.09200455083857,-70.09200455083857
2465.030069141388,-70.08830874345158,-70.08830874345158
2465.040069141388,-70.08464129904603,-70.08464129904603
2465.050069141388,-70.08100226988824,-70.08100226988824
2465.060069141388,-70.07739170587048,-70.07739170587048
2465.070069141388,-70.07380965452838,-70.07380965452838
2465.080069141388,-70.07025616107335,-70.07025616107335
2465.090069141388,-70.066731268472,-70.066731268472
2465.100069141388,-70.06323501744035,-70.06323501744035
2465.110069141388,-70.05976744649978,-70.05976744649978
2465.120069141388,-70.05632859202284,-70.05632859202284
2465.130069141388,-70.05291848825371,-70.05291848825371
2465.140069141388,-70.04953716735247,-70.04953716735247
2465.150069141388,-70.04618465942866,-70.04618465942866
2465.160069141388,-70.04286099257202,-70.04286099257202
2465.170069141388,-70.0395661929,-70.0395661929
2465.180069141388,-70.03630028457422,-70.03630028457422
2465.190069141388,-70.03306328984554,-70.03306328984554
2465.2000691413878,-70.02985522908513,-70.02985522908513
2465.210069141388,-70.02667612080492,-70.02667612080492
2465.2200691413877,-70.02352598171606,-70.02352598171606
2465.230069141388,-70.02040482672388,-70.02040482672388
2465.2400691413877,-70.01731266898676,-70.01731266898676
2465.250069141388,-70.01424951994287,-70.01424951994287
2465.260069141388,-70.01121538932796,-70.01121538932796
2465.270069141388,-70.00821028520939,-70.00821028520939
2465.280069141388,-70.00523421401891,-70.00523421401891
2465.290069141388,-70.00228718058173,-70.00228718058173
2465.300069141388,-69.99936918813897,-69.99936918813897
2465.310069141388,-69.9964802383739,-69.9964802383739
2465.320069141388,-69.99362033144872,-69.99362033144872
2465.330069141388,-69.99078946602677,-69.99078946602677
2465.340069141388,-69.98798763928512,-69.98798763928512
2465.350069141388,-69.98521484696904,-69.98521484696904
2465.360069141388,-69.98247108338792,-69.98247108338792
2465.370069141388,-69.97975634146178,-69.97975634146178
2465.380069141388,-69.97707061272894,-69.97707061272894
2465.390069141388,-69.97441388739163,-69.97441388739163
2465.400069141388,-69.97178615431208,-69.97178615431208
2465.410069141388,-69.96918740106412,-69.96918740106412
2465.420069141388,-69.96661761393028,-69.96661761393028
2465.430069141388,-69.96407677795173,-69.96407677795173
2465.440069141388,-69.9615648769239,-69.9615648769239
2465.4500691413878,-69.95908189343689,-69.95908189343689
2465.460069141388,-69.95662780889326,-69.95662780889326
2465.4700691413877,-69.9542026035214,-69.9542026035214
2465.480069141388,-69.95180625640013,-69.95180625640013
2465.4900691413877,-69.94943874549537,-69.94943874549537
2465.500069141388,-69.9471000476508,-69.9471000476508
2465.510069141388,-69.94479013863672,-69.94479013863672
2465.520069141388,-69.94250899315342,-69.94250899315342
2465.530069141388,-69.94025658484594,-69.94025658484594
2465.540069141388,-69.93803288633761,-69.93803288633761
2465.550069141388,-69.93583786924589,-69.93583786924589
2465.560069141388,-69.9336715042009,-69.9336715042009
2465.570069141388,-69.93153376084774,-69.93153376084774
2465.580069141388,-69.92942460788339,-69.92942460788339
2465.590069141388,-69.92734401306751,-69.92734401306751
2465.600069141388,-69.92529194324578,-69.92529194324578
2465.610069141388,-69.92326836436236,-69.92326836436236
2465.620069141388,-69.9212732414679,-69.9212732414679
2465.630069141388,-69.91930653873993,-69.91930653873993
2465.640069141388,-69.91736821952303,-69.91736821952303
2465.650069141388,-69.91545824630694,-69.91545824630694
2465.660069141388,-69.91357658076464,-69.91357658076464
2465.670069141388,-69.91172318377484,-69.91172318377484
2465.680069141388,-69.90989801541606,-69.90989801541606
2465.690069141388,-69.90810103499511,-69.90810103499511
2465.7000691413878,-69.9063322010588,-69.9063322010588
2465.710069141388,-69.90458538204383,-69.90458538204383
2465.7200691413877,-69.9028578750362,-69.9028578750362
2465.730069141388,-69.90114834843074,-69.90114834843074
2465.7400691413877,-69.89945610583109,-69.89945610583109
2465.750069141388,-69.89778080473492,-69.89778080473492
2465.760069141388,-69.89612231018984,-69.89612231018984
2465.770069141388,-69.89448060879354,-69.89448060879354
2465.780069141388,-69.8928557569678,-69.8928557569678
2465.790069141388,-69.89124784976462,-69.89124784976462
2465.800069141388,-69.88965700219089,-69.88965700219089
2465.810069141388,-69.88808333803229,-69.88808333803229
2465.820069141388,-69.88652698329793,-69.88652698329793
2465.830069141388,-69.88498806252629,-69.88498806252629
2465.840069141388,-69.88346669671884,-69.88346669671884
2465.85006916523,-69.88196299882166,-69.88196299882166
2465.86006916523,-69.88047708766783,-69.88047708766783
2465.87006916523,-69.87900906634816,-69.87900906634816
2465.88006916523,-69.87755903690547,-69.87755903690547
2465.8900691652298,-69.87612709697012,-69.87612709697012
2465.90006916523,-69.87471334005181,-69.87471334005181
2465.9100691652297,-69.87331785591095,-69.87331785591095
2465.92006916523,-69.87194073084603,-69.87194073084603
2465.9300691652297,-69.87058204801112,-69.87058204801112
2465.94006916523,-69.86924188764995,-69.86924188764995
2465.9500691652297,-69.86792032735478,-69.86792032735478
2465.96006916523,-69.86661744225367,-69.86661744225367
2465.9700691652297,-69.86533330519154,-69.86533330519154
2465.98006916523,-69.86406798689609,-69.86406798689609
2465.9900691652297,-69.8628215560848,-69.8628215560848
2466.00006916523,-69.8615940796005,-69.8615940796005
2466.0100691652297,-69.86038562249686,-69.86038562249686
2466.02006916523,-69.85919624811568,-69.85919624811568
2466.0300691652296,-69.85802601817134,-69.85802601817134
2466.04006916523,-69.85687499278501,-69.85687499278501
2466.0500691652296,-69.85574323056079,-69.85574323056079
2466.06006916523,-69.85463078860293,-69.85463078860293
2466.0700691652296,-69.85353772257766,-69.85353772257766
2466.08006916523,-69.85246408672354,-69.85246408672354
2466.0900691652296,-69.85140993388107,-69.85140993388107
2466.10006916523,-69.85037531551589,-69.85037531551589
2466.11006916523,-69.84936028173965,-69.84936028173965
2466.12006916523,-69.84836488131465,-69.84836488131465
2466.13006916523,-69.84738916167576,-69.84738916167576
2466.1400691652298,-69.84643316895946,-69.84643316895946
2466.15006916523,-69.8454969479703,-69.8454969479703
2466.1600691652297,-69.84458054223336,-69.84458054223336
2466.17006916523,-69.84368399397408,-69.84368399397408
2466.1800691652297,-69.84280734414277,-69.84280734414277
2466.19006916523,-69.84195063241025,-69.84195063241025
2466.2000691652297,-69.84111389717579,-69.84111389717579
2466.21006916523,-69.84029717557218,-69.84029717557218
2466.2200691652297,-69.83950050348446,-69.83950050348446
2466.23006916523,-69.83872391553481,-69.83872391553481
2466.2400691652297,-69.83796744509826,-69.83796744509826
2466.25006916523,-69.83723112431998,-69.83723112431998
2466.2600691652297,-69.83651498409851,-69.83651498409851
2466.27006916523,-69.83581905410459,-69.83581905410459
2466.2800691652296,-69.83514336277996,-69.83514336277996
2466.29006916523,-69.83448793735481,-69.83448793735481
2466.3000691652296,-69.8338528038472,-69.8338528038472
2466.31006916523,-69.83323798706691,-69.83323798706691
2466.3200691652296,-69.83264351062637,-69.83264351062637
2466.33006916523,-69.83206939694176,-69.83206939694176
2466.3400691652296,-69.83151566726187,-69.83151566726187
2466.35006916523,-69.83098234163081,-69.83098234163081
2466.36006916523,-69.83046943895289,-69.83046943895289
2466.37006916523,-69.82997697695443,-69.82997697695443
2466.38006916523,-69.8295049722092,-69.8295049722092
2466.3900691652298,-69.82905344015009,-69.82905344015009
2466.40006916523,-69.82862239507475,-69.82862239507475
2466.4100691652297,-69.82821185015295,-69.82821185015295
2466.42006916523,-69.8278218174409,-69.8278218174409
2466.4300691652297,-69.82745230787165,-69.82745230787165
2466.44006916523,-69.8271033313012,-69.8271033313012
2466.4500691652297,-69.8267748964833,-69.8267748964833
2466.46006916523,-69.82646092762796,-69.82646092762796
2466.4700691652297,-69.82615877254709,-69.82615877254709
2466.48006916523,-69.82586714800584,-69.82586714800584
2466.4900691652297,-69.82558540460916,-69.82558540460916
2466.50006916523,-69.82531324591307,-69.82531324591307
2466.5100691652297,-69.82505058232756,-69.82505058232756
2466.52006916523,-69.82479744532188,-69.82479744532188
2466.5300691652296,-69.82455393579345,-69.82455393579345
2466.54006916523,-69.82432019298103,-69.82432019298103
2466.5500691652296,-69.8240963758131,-69.8240963758131
2466.56006916523,-69.82388265177089,-69.82388265177089
2466.5700691652296,-69.82367919036993,-69.82367919036993
2466.58006916523,-69.82348615943474,-69.82348615943474
2466.5900691652296,-69.82330372306679,-69.82330372306679
2466.60006916523,-69.82313204066605,-69.82313204066605
2466.61006916523,-69.82297126652443,-69.82297126652443
2466.62006916523,-69.82282154984296,-69.82282154984296
2466.63006916523,-69.8226830348729,-69.8226830348729
2466.6400691652298,-69.8225558612248,-69.8225558612248
2466.65006916523,-69.82244016415737,-69.82244016415737
2466.6600691652297,-69.8223360749286,-69.8223360749286
2466.67006916523,-69.82224372106512,-69.82224372106512
2466.6800691652297,-69.82216322668765,-69.82216322668765
2466.69006916523,-69.82209471275318,-69.82209471275318
2466.7000691890717,-69.82203829714267,-69.82203829714267
2466.710069189072,-69.8219940954587,-69.8219940954587
2466.7200691890716,-69.82196222021241,-69.82196222021241
2466.730069189072,-69.82194278172015,-69.82194278172015
2466.7400691890716,-69.82193588802085,-69.82193588802085
2466.750069189072,-69.82194164494999,-69.82194164494999
2466.7600691890716,-69.82196015628865,-69.82196015628865
2466.770069189072,-69.8219915238046,-69.8219915238046
2466.7800691890716,-69.82203584733718,-69.82203584733718
2466.790069189072,-69.82209322485345,-69.82209322485345
2466.8000691890716,-69.82216375248954,-69.82216375248954
2466.810069189072,-69.82224752461552,-69.82224752461552
2466.8200691890715,-69.82234463383072,-69.82234463383072
2466.8300691890718,-69.82245517102734,-69.82245517102734
2466.8400691890715,-69.82257922540931,-69.82257922540931
2466.8500691890717,-69.82271688450885,-69.82271688450885
2466.8600691890715,-69.82286823420553,-69.82286823420553
2466.8700691890717,-69.82303335873596,-69.82303335873596
2466.8800691890715,-69.82321234074358,-69.82321234074358
2466.8900691890717,-69.8234052612382,-69.8234052612382
2466.9000691890715,-69.8236121996493,-69.8236121996493
2466.9100691890717,-69.82383323380532,-69.82383323380532
2466.9200691890715,-69.82406843996995,-69.82406843996995
2466.9300691890717,-69.82431789284037,-69.82431789284037
2466.9400691890714,-69.824581665545,-69.824581665545
2466.9500691890717,-69.82485982967479,-69.82485982967479
2466.960069189072,-69.82514637199321,-69.82514637199321
2466.9700691890716,-69.82543870185813,-69.82543870185813
2466.980069189072,-69.82573559679672,-69.82573559679672
2466.9900691890716,-69.82603646747947,-69.82603646747947
2467.000069189072,-69.82634107688524,-69.82634107688524
2467.0100691890716,-69.82664939430741,-69.82664939430741
2467.020069189072,-69.82696150956588,-69.82696150956588
2467.0300691890716,-69.82727758144419,-69.82727758144419
2467.040069189072,-69.82759780662438,-69.82759780662438
2467.0500691890716,-69.82792240104511,-69.82792240104511
2467.060069189072,-69.82825158878472,-69.82825158878472
2467.0700691890715,-69.82858559553969,-69.82858559553969
2467.0800691890718,-69.8289246448974,-69.8289246448974
2467.0900691890715,-69.82926895631142,-69.82926895631142
2467.1000691890717,-69.82961874410199,-69.82961874410199
2467.1100691890715,-69.829974217083,-69.829974217083
2467.1200691890717,-69.83033557851806,-69.83033557851806
2467.1300691890715,-69.83070302630786,-69.83070302630786
2467.1400691890717,-69.83107675325749,-69.83107675325749
2467.1500691890715,-69.83145694738622,-69.83145694738622
2467.1600691890717,-69.83184379224396,-69.83184379224396
2467.1700691890715,-69.83223746722317,-69.83223746722317
2467.1800691890717,-69.83263814783409,-69.83263814783409
2467.1900691890714,-69.83304600598012,-69.83304600598012
2467.2000691890717,-69.83346121014273,-69.83346121014273
2467.210069189072,-69.83388392562348,-69.83388392562348
2467.2200691890716,-69.83431431467511,-69.83431431467511
2467.230069189072,-69.83475253668696,-69.83475253668696
2467.2400691890716,-69.83519874829075,-69.83519874829075
2467.250069189072,-69.83565310347564,-69.83565310347564
2467.2600691890716,-69.83611575368067,-69.83611575368067
2467.270069189072,-69.83658684787696,-69.83658684787696
2467.2800691890716,-69.83706653264466,-69.83706653264466
2467.290069189072,-69.83755495219376,-69.83755495219376
2467.3000691890716,-69.83805224847197,-69.83805224847197
2467.310069189072,-69.83855856115471,-69.83855856115471
2467.3200691890715,-69.83907402771445,-69.83907402771445
2467.3300691890718,-69.83959878344167,-69.83959878344167
2467.3400691890715,-69.84013296147462,-69.84013296147462
2467.3500691890717,-69.84067669280701,-69.84067669280701
2467.3600691890715,-69.84123010633685,-69.84123010633685
2467.3700691890717,-69.8417933288518,-69.8417933288518
2467.3800691890715,-69.84236648509531,-69.84236648509531
2467.3900691890717,-69.84294969772047,-69.84294969772047
2467.4000691890715,-69.84354308735483,-69.84354308735483
2467.4100691890717,-69.844146772586,-69.844146772586
2467.4200691890715,-69.84476086996814,-69.84476086996814
2467.4300691890717,-69.84538549406207,-69.84538549406207
2467.4400691890714,-69.84602075742927,-69.84602075742927
2467.4500691890717,-69.84666677064284,-69.84666677064284
2467.460069189072,-69.84732364228708,-69.84732364228708
2467.4700691890716,-69.84799147899118,-69.84799147899118
2467.480069189072,-69.84867038542897,-69.84867038542897
2467.4900691890716,-69.84936046432772,-69.84936046432772
2467.500069189072,-69.85006181647783,-69.85006181647783
2467.5100691890716,-69.85077454075918,-69.85077454075918
2467.520069189072,-69.8514987341238,-69.8514987341238
2467.5300691890716,-69.85223449163315,-69.85223449163315
2467.540069189072,-69.8529819064605,-69.8529819064605
2467.5500692129135,-69.853741071727,-69.853741071727
2467.5600692129137,-69.85451207329059,-69.85451207329059
2467.5700692129135,-69.85529500047623,-69.85529500047623
2467.5800692129137,-69.85608993904845,-69.85608993904845
2467.5900692129135,-69.85689697292769,-69.85689697292769
2467.6000692129137,-69.8577161842387,-69.8577161842387
2467.6100692129135,-69.85854765329346,-69.85854765329346
2467.6200692129137,-69.85939145862588,-69.85939145862588
2467.6300692129134,-69.86024767700549,-69.86024767700549
2467.6400692129137,-69.86111638344344,-69.86111638344344
2467.6500692129134,-69.86199765120823,-69.86199765120823
2467.6600692129136,-69.86289155184892,-69.86289155184892
2467.6700692129134,-69.86379815521767,-69.86379815521767
2467.6800692129136,-69.8647175294467,-69.8647175294467
2467.6900692129134,-69.8656497410153,-69.8656497410153
2467.7000692129136,-69.8665948547285,-69.8665948547285
2467.7100692129134,-69.86754684705359,-69.86754684705359
2467.7200692129136,-69.86850311850591,-69.86850311850591
2467.7300692129133,-69.8694624381304,-69.8694624381304
2467.7400692129136,-69.87042420812539,-69.87042420812539
2467.7500692129133,-69.87138818296202,-69.87138818296202
2467.7600692129135,-69.87235432331698,-69.87235432331698
2467.7700692129133,-69.87332271035832,-69.87332271035832
2467.7800692129135,-69.87429349419602,-69.87429349419602
2467.7900692129133,-69.87526686283272,-69.87526686283272
2467.8000692129135,-69.87624302354904,-69.87624302354904
2467.8100692129137,-69.87722219180814,-69.87722219180814
2467.8200692129135,-69.87820458475188,-69.87820458475188
2467.8300692129137,-69.87919041746187,-69.87919041746187
2467.8400692129135,-69.8801799009764,-69.8801799009764
2467.8500692129137,-69.88117324126033,-69.88117324126033
2467.8600692129135,-69.88217063886961,-69.88217063886961
2467.8700692129137,-69.88317228890176,-69.88317228890176
2467.8800692129134,-69.88417838118012,-69.88417838118012
2467.8900692129137,-69.88518910050709,-69.88518910050709
2467.9000692129134,-69.88620462703503,-69.88620462703503
2467.9100692129136,-69.88722513652274,-69.88722513652274
2467.9200692129134,-69.88825080069391,-69.88825080069391
2467.9300692129136,-69.88928178747976,-69.88928178747976
2467.9400692129134,-69.89031826130882,-69.89031826130882
2467.9500692129136,-69.89136038330955,-69.89136038330955
2467.9600692129134,-69.89240831154207,-69.89240831154207
2467.9700692129136,-69.89346220113983,-69.89346220113983
2467.9800692129133,-69.8945222044727,-69.8945222044727
2467.9900692129136,-69.89558847128141,-69.89558847128141
2468.0000692129133,-69.8966611487802,-69.8966611487802
2468.0100692129135,-69.89774038175342,-69.89774038175342
2468.0200692129133,-69.89882631264184,-69.89882631264184
2468.0300692129135,-69.89991908161039,-69.89991908161039
2468.0400692129133,-69.90101882661024,-69.90101882661024
2468.0500692129135,-69.90212568342186,-69.90212568342186
2468.0600692129137,-69.9032397857039,-69.9032397857039
2468.0700692129135,-69.90436126502762,-69.90436126502762
2468.0800692129137,-69.90549025091411,-69.90549025091411
2468.0900692129135,-69.90662687085555,-69.90662687085555
2468.1000692129137,-69.90777125035456,-69.90777125035456
2468.1100692129135,-69.90892351293341,-69.90892351293341
2468.1200692129137,-69.91008378014023,-69.91008378014023
2468.1300692129134,-69.91125217159869,-69.91125217159869
2468.1400692129137,-69.91242880498561,-69.91242880498561
2468.1500692129134,-69.91361379608767,-69.91361379608767
2468.1600692129136,-69.91480725877192,-69.91480725877192
2468.1700692129134,-69.91600930503165,-69.91600930503165
2468.1800692129136,-69.91722004497224,-69.91722004497224
2468.1900692129134,-69.91843958683978,-69.91843958683978
2468.2000692129136,-69.91966803701423,-69.91966803701423
2468.2100692129134,-69.92090550004536,-69.92090550004536
2468.2200692129136,-69.92215207863839,-69.92215207863839
2468.2300692129133,-69.92340787368524,-69.92340787368524
2468.2400692129136,-69.92467298425127,-69.92467298425127
2468.2500692129133,-69.92594750760423,-69.92594750760423
2468.2600692129135,-69.92723153922311,-69.92723153922311
2468.2700692129133,-69.92852517279255,-69.92852517279255
2468.2800692129135,-69.92982850023388,-69.92982850023388
2468.2900692129133,-69.93114161171924,-69.93114161171924
2468.3000692129135,-69.93246459565708,-69.93246459565708
2468.3100692129137,-69.9337975387145,-69.9337975387145
2468.3200692129135,-69.93514052584193,-69.93514052584193
2468.3300692129137,-69.93649364028104,-69.93649364028104
2468.3400692129135,-69.93785696355545,-69.93785696355545
2468.3500692129137,-69.93923057551476,-69.93923057551476
2468.3600692129135,-69.94061455432904,-69.94061455432904
2468.3700692129137,-69.94200897649736,-69.94200897649736
2468.3800692129134,-69.94341391688408,-69.94341391688408
2468.3900692129137,-69.944829448697,-69.944829448697
2468.4000692367554,-69.94625564693798,-69.94625564693798
2468.4100692367556,-69.94769257483773,-69.94769257483773
2468.4200692367554,-69.94914030412092,-69.94914030412092
2468.4300692367556,-69.95059890160091,-69.95059890160091
2468.4400692367553,-69.95206843253898,-69.95206843253898
2468.4500692367556,-69.9535489606164,-69.9535489606164
2468.4600692367553,-69.95504054798953,-69.95504054798953
2468.4700692367555,-69.95654325528355,-69.95654325528355
2468.4800692367553,-69.95805714163265,-69.95805714163265
2468.4900692367555,-69.959582264657,-69.959582264657
2468.5000692367553,-69.96111868050572,-69.96111868050572
2468.5100692367555,-69.96266644387377,-69.96266644387377
2468.5200692367553,-69.96422560800478,-69.96422560800478
2468.5300692367555,-69.96579622470242,-69.96579622470242
2468.5400692367552,-69.96737834436527,-69.96737834436527
2468.5500692367555,-69.96897201597673,-69.96897201597673
2468.560069236755,-69.97057728715761,-69.97057728715761
2468.5700692367554,-69.97219420413558,-69.97219420413558
2468.580069236755,-69.97382281179725,-69.97382281179725
2468.5900692367554,-69.97546315369013,-69.97546315369013
2468.600069236755,-69.97711527203518,-69.97711527203518
2468.6100692367554,-69.97877920773684,-69.97877920773684
2468.620069236755,-69.9804550004306,-69.9804550004306
2468.6300692367554,-69.98214268845585,-69.98214268845585
2468.640069236755,-69.98384230889904,-69.98384230889904
2468.6500692367554,-69.98555389759622,-69.98555389759622
2468.6600692367556,-69.98727748916565,-69.98727748916565
2468.6700692367554,-69.98901311699841,-69.98901311699841
2468.6800692367556,-69.99076081329191,-69.99076081329191
2468.6900692367553,-69.99252060905992,-69.99252060905992
2468.7000692367556,-69.99429253414793,-69.99429253414793
2468.7100692367553,-69.99607661724694,-69.99607661724694
2468.7200692367555,-69.99787288590385,-69.99787288590385
2468.7300692367553,-69.9996813665611,-69.9996813665611
2468.7400692367555,-70.00150208453354,-70.00150208453354
2468.7500692367553,-70.00333506404631,-70.00333506404631
2468.7600692367555,-70.00518032825761,-70.00518032825761
2468.7700692367553,-70.00703789924634,-70.00703789924634
2468.7800692367555,-70.00890779805681,-70.00890779805681
2468.7900692367552,-70.01079004469177,-70.01079004469177
2468.8000692367555,-70.0126846581232,-70.0126846581232
2468.810069236755,-70.01459165633781,-70.01459165633781
2468.8200692367554,-70.01651105630974,-70.01651105630974
2468.830069236755,-70.01844287405552,-70.01844287405552
2468.8400692367554,-70.0203871246139,-70.0203871246139
2468.850069236755,-70.022343822076,-70.022343822076
2468.8600692367554,-70.02431297960484,-70.02431297960484
2468.870069236755,-70.02629460942113,-70.02629460942113
2468.8800692367554,-70.02828872286021,-70.02828872286021
2468.890069236755,-70.03029533034473,-70.03029533034473
2468.9000692367554,-70.0323144414206,-70.0323144414206
2468.9100692367556,-70.03434606476534,-70.03434606476534
2468.9200692367554,-70.03639020820621,-70.03639020820621
2468.9300692367556,-70.03844687869848,-70.03844687869848
2468.9400692367553,-70.04051608240623,-70.04051608240623
2468.9500692367556,-70.04259782464288,-70.04259782464288
2468.9600692367553,-70.04469210993643,-70.04469210993643
2468.9700692367555,-70.04679894201786,-70.04679894201786
2468.9800692367553,-70.04891832381833,-70.04891832381833
2468.9900692367555,-70.05105025752616,-70.05105025752616
2469.0000692367553,-70.05319474455138,-70.05319474455138
2469.0100692367555,-70.05535178557098,-70.05535178557098
2469.0200692367553,-70.05752138053143,-70.05752138053143
2469.0300692367555,-70.05970352864287,-70.05970352864287
2469.0400692367552,-70.06189822840929,-70.06189822840929
2469.0500692367555,-70.0641054776397,-70.0641054776397
2469.060069236755,-70.06632527345621,-70.06632527345621
2469.0700692367554,-70.06855761228901,-70.06855761228901
2469.080069236755,-70.07080248992746,-70.07080248992746
2469.0900692367554,-70.07305990148438,-70.07305990148438
2469.100069236755,-70.07532984143197,-70.07532984143197
2469.1100692367554,-70.07761230361164,-70.07761230361164
2469.120069236755,-70.07990728123438,-70.07990728123438
2469.1300692367554,-70.08221476690738,-70.08221476690738
2469.140069236755,-70.08453475263148,-70.08453475263148
2469.1500692367554,-70.08686722980077,-70.08686722980077
2469.1600692367556,-70.08921218923969,-70.08921218923969
2469.1700692367554,-70.09156962119667,-70.09156962119667
2469.1800692367556,-70.0939395153551,-70.0939395153551
2469.1900692367553,-70.09632186084482,-70.09632186084482
2469.2000692367556,-70.09871664624606,-70.09871664624606
2469.2100692367553,-70.10112385960463,-70.10112385960463
2469.2200692367555,-70.10354348844125,-70.10354348844125
2469.2300692367553,-70.10597551975113,-70.10597551975113
2469.2400692367555,-70.10841994003174,-70.10841994003174
2469.2500692605972,-70.11087674113003,-70.11087674113003
2469.2600692605974,-70.11334589689183,-70.11334589689183
2469.270069260597,-70.1158273981168,-70.1158273981168
2469.2800692605974,-70.11832122936374,-70.11832122936374
2469.290069260597,-70.1208273747124,-70.1208273747124
2469.3000692605974,-70.1233458177807,-70.1233458177807
2469.310069260597,-70.12587654174371,-70.12587654174371
2469.3200692605974,-70.12841952932334,-70.12841952932334
2469.330069260597,-70.13097476281969,-70.13097476281969
2469.3400692605974,-70.13354222410271,-70.13354222410271
2469.350069260597,-70.13612189462512,-70.13612189462512
2469.3600692605974,-70.13871375542527,-70.13871375542527
2469.370069260597,-70.14131778713886,-70.14131778713886
2469.3800692605973,-70.14393397000433,-70.14393397000433
2469.390069260597,-70.14656228388205,-70.14656228388205
2469.4000692605973,-70.14920270823694,-70.14920270823694
2469.410069260597,-70.15185522217078,-70.15185522217078
2469.4200692605973,-70.1545198044109,-70.1545198044109
2469.430069260597,-70.15719643333455,-70.15719643333455
2469.4400692605973,-70.15988508694767,-70.15988508694767
2469.450069260597,-70.16258574293754,-70.16258574293754
2469.4600692605973,-70.16529837861253,-70.16529837861253
2469.470069260597,-70.16802297098033,-70.16802297098033
2469.4800692605972,-70.17075949670811,-70.17075949670811
2469.490069260597,-70.17350793214838,-70.17350793214838
2469.5000692605972,-70.1762682533291,-70.1762682533291
2469.5100692605974,-70.17904043597832,-70.17904043597832
2469.520069260597,-70.18182445551383,-70.18182445551383
2469.5300692605974,-70.18462028707056,-70.18462028707056
2469.540069260597,-70.18742790547697,-70.18742790547697
2469.5500692605974,-70.19024728528193,-70.19024728528193
2469.560069260597,-70.19307840076051,-70.19307840076051
2469.5700692605974,-70.19592122591511,-70.19592122591511
2469.580069260597,-70.19877573447611,-70.19877573447611
2469.5900692605974,-70.20164189990109,-70.20164189990109
2469.600069260597,-70.20451969541192,-70.20451969541192
2469.6100692605974,-70.20740909395876,-70.20740909395876
2469.620069260597,-70.21031006826674,-70.21031006826674
2469.6300692605973,-70.2132225907989,-70.2132225907989
2469.640069260597,-70.2161466337965,-70.2161466337965
2469.6500692605973,-70.21908216925934,-70.21908216925934
2469.660069260597,-70.22202916897113,-70.22202916897113
2469.6700692605973,-70.22498760448799,-70.22498760448799
2469.680069260597,-70.2279574471553,-70.2279574471553
2469.6900692605973,-70.23093866809904,-70.23093866809904
2469.700069260597,-70.23393123823749,-70.23393123823749
2469.7100692605973,-70.23693512829578,-70.23693512829578
2469.720069260597,-70.23995030879803,-70.23995030879803
2469.7300692605972,-70.24297675006709,-70.24297675006709
2469.740069260597,-70.2460144222447,-70.2460144222447
2469.7500692605972,-70.24906329528741,-70.24906329528741
2469.7600692605974,-70.25212333896548,-70.25212333896548
2469.770069260597,-70.25519452288562,-70.25519452288562
2469.7800692605974,-70.25827681646923,-70.25827681646923
2469.790069260597,-70.26137018897178,-70.26137018897178
2469.8000692605974,-70.26447460949551,-70.26447460949551
2469.810069260597,-70.26759004696984,-70.26759004696984
2469.8200692605974,-70.27071647016867,-70.27071647016867
2469.830069260597,-70.2738538477276,-70.2738538477276
2469.8400692605974,-70.27700214812162,-70.27700214812162
2469.850069260597,-70.28016133968062,-70.28016133968062
2469.8600692605974,-70.28333139059446,-70.28333139059446
2469.870069260597,-70.28651226892006,-70.28651226892006
2469.8800692605973,-70.28970394257897,-70.28970394257897
2469.890069260597,-70.29290637936165,-70.29290637936165
2469.9000692605973,-70.29611954692719,-70.29611954692719
2469.910069260597,-70.29934341281891,-70.29934341281891
2469.9200692605973,-70.3025779444569,-70.3025779444569
2469.930069260597,-70.30582310914095,-70.30582310914095
2469.9400692605973,-70.30907887406539,-70.30907887406539
2469.950069260597,-70.3123452063119,-70.3123452063119
2469.9600692605973,-70.31562207284433,-70.31562207284433
2469.970069260597,-70.31890944053343,-70.31890944053343
2469.9800692605972,-70.32220727614515,-70.32220727614515
2469.990069260597,-70.32551554635315,-70.32551554635315
2470.0000692605972,-70.32883421772556,-70.32883421772556
2470.0100692605974,-70.33216325674775,-70.33216325674775
2470.020069260597,-70.3355026298118,-70.3355026298118
2470.0300692605974,-70.33885230322721,-70.33885230322721
2470.040069260597,-70.3422122432163,-70.3422122432163
2470.0500692605974,-70.34558241591675,-70.34558241591675
2470.060069260597,-70.3489627873943,-70.3489627873943
2470.0700692605974,-70.35235332364022,-70.35235332364022
2470.080069260597,-70.35575399057774,-70.35575399057774
2470.0900692605974,-70.35916475404346,-70.35916475404346
2470.100069284439,-70.36258558796443,-70.36258558796443
2470.1100692844393,-70.36601644180796,-70.36601644180796
2470.120069284439,-70.36945728930867,-70.36945728930867
2470.1300692844393,-70.37290809606716,-70.37290809606716
2470.140069284439,-70.37636882762826,-70.37636882762826
2470.1500692844393,-70.37983944945879,-70.37983944945879
2470.160069284439,-70.38331992699307,-70.38331992699307
2470.1700692844393,-70.38681022560485,-70.38681022560485
2470.180069284439,-70.39031031061484,-70.39031031061484
2470.1900692844392,-70.39382014730512,-70.39382014730512
2470.200069284439,-70.39733970091406,-70.39733970091406
2470.210069284439,-70.40086893662955,-70.40086893662955
2470.220069284439,-70.40440781961408,-70.40440781961408
2470.230069284439,-70.40795631497298,-70.40795631497298
2470.240069284439,-70.41151438779825,-70.41151438779825
2470.250069284439,-70.41508200313528,-70.41508200313528
2470.260069284439,-70.41865912599586,-70.41865912599586
2470.270069284439,-70.42224572136197,-70.42224572136197
2470.280069284439,-70.4258417542048,-70.4258417542048
2470.290069284439,-70.429447189447,-70.429447189447
2470.300069284439,-70.43306199200391,-70.43306199200391
2470.310069284439,-70.43668612675424,-70.43668612675424
2470.320069284439,-70.44031955857021,-70.44031955857021
2470.330069284439,-70.44396225230817,-70.44396225230817
2470.340069284439,-70.44761417278443,-70.44761417278443
2470.350069284439,-70.45127528482497,-70.45127528482497
2470.3600692844393,-70.45494555322995,-70.45494555322995
2470.370069284439,-70.45862494279721,-70.45862494279721
2470.3800692844393,-70.4623134183002,-70.4623134183002
2470.390069284439,-70.46601094452016,-70.46601094452016
2470.4000692844393,-70.4697174862205,-70.4697174862205
2470.410069284439,-70.47343300816699,-70.47343300816699
2470.4200692844393,-70.47715747511616,-70.47715747511616
2470.430069284439,-70.4808908518259,-70.4808908518259
2470.4400692844392,-70.48463310305326,-70.48463310305326
2470.450069284439,-70.48838419355594,-70.48838419355594
2470.460069284439,-70.49213794127185,-70.49213794127185
2470.470069284439,-70.49589161860477,-70.49589161860477
2470.480069284439,-70.4996438795035,-70.4996438795035
2470.490069284439,-70.50339401777805,-70.50339401777805
2470.500069284439,-70.50714168390947,-70.50714168390947
2470.510069284439,-70.51088673789138,-70.51088673789138
2470.520069284439,-70.51462916290915,-70.51462916290915
2470.530069284439,-70.51836901349131,-70.51836901349131
2470.540069284439,-70.52210638429116,-70.52210638429116
2470.550069284439,-70.52584139130542,-70.52584139130542
2470.560069284439,-70.52957416076855,-70.52957416076855
2470.570069284439,-70.53330482254395,-70.53330482254395
2470.580069284439,-70.53703350636799,-70.53703350636799
2470.590069284439,-70.54076033980019,-70.54076033980019
2470.600069284439,-70.54448544717957,-70.54448544717957
2470.6100692844393,-70.54820894922089,-70.54820894922089
2470.620069284439,-70.551930962944,-70.551930962944
2470.6300692844393,-70.55565160182888,-70.55565160182888
2470.640069284439,-70.55937097604449,-70.55937097604449
2470.6500692844393,-70.56308919271676,-70.56308919271676
2470.660069284439,-70.56680635625708,-70.56680635625708
2470.6700692844393,-70.57052256859231,-70.57052256859231
2470.680069284439,-70.57423792945066,-70.57423792945066
2470.6900692844392,-70.57795253657733,-70.57795253657733
2470.700069284439,-70.5816664859337,-70.5816664859337
2470.710069284439,-70.58537987186381,-70.58537987186381
2470.720069284439,-70.5890927872543,-70.5890927872543
2470.730069284439,-70.59280532365294,-70.59280532365294
2470.740069284439,-70.59651757137233,-70.59651757137233
2470.750069284439,-70.60022961956884,-70.60022961956884
2470.760069284439,-70.60394155632977,-70.60394155632977
2470.770069284439,-70.6076534687202,-70.6076534687202
2470.780069284439,-70.61136544283211,-70.61136544283211
2470.790069284439,-70.61507756381091,-70.61507756381091
2470.800069284439,-70.6187899159267,-70.6187899159267
2470.810069284439,-70.62250258254035,-70.62250258254035
2470.820069284439,-70.6262156461444,-70.6262156461444
2470.830069284439,-70.62992918840217,-70.62992918840217
2470.840069284439,-70.63364329011027,-70.63364329011027
2470.850069284439,-70.63735803123892,-70.63735803123892
2470.8600692844393,-70.6410734909006,-70.6410734909006
2470.870069284439,-70.64478974739698,-70.64478974739698
2470.8800692844393,-70.64850687817142,-70.64850687817142
2470.890069284439,-70.65222495983174,-70.65222495983174
2470.9000692844393,-70.65594406813977,-70.65594406813977
2470.910069284439,-70.65966427802111,-70.65966427802111
2470.9200692844393,-70.66338566352374,-70.66338566352374
2470.930069284439,-70.66710829785946,-70.66710829785946
2470.9400692844392,-70.670832253356,-70.670832253356
2470.950069308281,-70.67455761035588,-70.67455761035588
2470.960069308281,-70.67828442172411,-70.67828442172411
2470.970069308281,-70.68201276601602,-70.68201276601602
2470.980069308281,-70.68574271205216,-70.68574271205216
2470.990069308281,-70.68947432777179,-70.68947432777179
2471.000069308281,-70.69320768020732,-70.69320768020732
2471.010069308281,-70.69694283549781,-70.69694283549781
2471.020069308281,-70.70067985886568,-70.70067985886568
2471.030069308281,-70.70441881463823,-70.70441881463823
2471.040069308281,-70.7081597662285,-70.7081597662285
2471.050069308281,-70.71190277613083,-70.71190277613083
2471.060069308281,-70.71564790593891,-70.71564790593891
2471.070069308281,-70.71939521630851,-70.71939521630851
2471.080069308281,-70.72314476699208,-70.72314476699208
2471.090069308281,-70.72689661681751,-70.72689661681751
2471.100069308281,-70.73065082368778,-70.73065082368778
2471.110069308281,-70.73440744460183,-70.73440744460183
2471.120069308281,-70.73816653561506,-70.73816653561506
2471.130069308281,-70.74192815189542,-70.74192815189542
2471.140069308281,-70.74569234766017,-70.74569234766017
2471.1500693082808,-70.74945917624298,-70.74945917624298
2471.160069308281,-70.75322869003936,-70.75322869003936
2471.1700693082807,-70.75700094054405,-70.75700094054405
2471.180069308281,-70.7607759783436,-70.7607759783436
2471.1900693082807,-70.7645538531234,-70.7645538531234
2471.200069308281,-70.76833461364875,-70.76833461364875
2471.210069308281,-70.772112136342,-70.772112136342
2471.220069308281,-70.77588376458795,-70.77588376458795
2471.230069308281,-70.77964822770959,-70.77964822770959
2471.240069308281,-70.78340489641249,-70.78340489641249
2471.250069308281,-70.7871534985152,-70.7871534985152
2471.260069308281,-70.79089397126376,-70.79089397126376
2471.270069308281,-70.79462637473281,-70.79462637473281
2471.280069308281,-70.79835083978351,-70.79835083978351
2471.290069308281,-70.80206753674666,-70.80206753674666
2471.300069308281,-70.8057766566342,-70.8057766566342
2471.310069308281,-70.80947839993428,-70.80947839993428
2471.320069308281,-70.81317297003191,-70.81317297003191
2471.330069308281,-70.8168605694182,-70.8168605694182
2471.340069308281,-70.82054139764162,-70.82054139764162
2471.350069308281,-70.82421565026344,-70.82421565026344
2471.360069308281,-70.82788351845397,-70.82788351845397
2471.370069308281,-70.83154518890592,-70.83154518890592
2471.380069308281,-70.83520084401195,-70.83520084401195
2471.390069308281,-70.83885066207382,-70.83885066207382
2471.4000693082808,-70.8424948176089,-70.8424948176089
2471.410069308281,-70.84613348162398,-70.84613348162398
2471.4200693082807,-70.84976682190654,-70.84976682190654
2471.430069308281,-70.85339500327078,-70.85339500327078
2471.4400693082807,-70.85701818779769,-70.85701818779769
2471.450069308281,-70.86063653503551,-70.86063653503551
2471.460069308281,-70.86425020217816,-70.86425020217816
2471.470069308281,-70.86785934421032,-70.86785934421032
2471.480069308281,-70.87146411403411,-70.87146411403411
2471.490069308281,-70.87506466259738,-70.87506466259738
2471.500069308281,-70.87866113895706,-70.87866113895706
2471.510069308281,-70.88225369037221,-70.88225369037221
2471.520069308281,-70.88584246237592,-70.88584246237592
2471.530069308281,-70.889427598808,-70.889427598808
2471.540069308281,-70.89300924185946,-70.89300924185946
2471.550069308281,-70.8965875321344,-70.8965875321344
2471.560069308281,-70.90016260863692,-70.90016260863692
2471.570069308281,-70.90373460883707,-70.90373460883707
2471.580069308281,-70.90730366865644,-70.90730366865644
2471.590069308281,-70.91086992248914,-70.91086992248914
2471.600069308281,-70.91443350322346,-70.91443350322346
2471.610069308281,-70.91799454225094,-70.91799454225094
2471.620069308281,-70.92155316945512,-70.92155316945512
2471.630069308281,-70.92510951323591,-70.92510951323591
2471.640069308281,-70.9286637005024,-70.9286637005024
2471.6500693082808,-70.93221585669158,-70.93221585669158
2471.660069308281,-70.93576610573861,-70.93576610573861
2471.6700693082807,-70.93931457010837,-70.93931457010837
2471.680069308281,-70.94286137077339,-70.94286137077339
2471.6900693082807,-70.94640662724751,-70.94640662724751
2471.700069308281,-70.9499504575495,-70.9499504575495
2471.710069308281,-70.95349297822546,-70.95349297822546
2471.720069308281,-70.95703430434506,-70.95703430434506
2471.730069308281,-70.96057454950207,-70.96057454950207
2471.740069308281,-70.96411382581962,-70.96411382581962
2471.750069308281,-70.96765224394849,-70.96765224394849
2471.760069308281,-70.97118991306323,-70.97118991306323
2471.770069308281,-70.97472694088034,-70.97472694088034
2471.780069308281,-70.97826343364041,-70.97826343364041
2471.790069308281,-70.98179949613514,-70.98179949613514
2471.800069332123,-70.98533524011692,-70.98533524011692
2471.810069332123,-70.98887075062446,-70.98887075062446
2471.820069332123,-70.9924061364888,-70.9924061364888
2471.830069332123,-70.995941496698,-70.995941496698
2471.8400693321228,-70.99947692880288,-70.99947692880288
2471.850069332123,-71.00301252890225,-71.00301252890225
2471.8600693321227,-71.00654839168827,-71.00654839168827
2471.870069332123,-71.01008461042251,-71.01008461042251
2471.8800693321227,-71.01362127695438,-71.01362127695438
2471.890069332123,-71.0171584817305,-71.0171584817305
2471.9000693321227,-71.02069631380503,-71.02069631380503
2471.910069332123,-71.02423486082023,-71.02423486082023
2471.9200693321227,-71.02777420905885,-71.02777420905885
2471.930069332123,-71.031314443411,-71.031314443411
2471.9400693321227,-71.0348556474165,-71.0348556474165
2471.950069332123,-71.03839790325192,-71.03839790325192
2471.9600693321227,-71.04193509724311,-71.04193509724311
2471.970069332123,-71.04546459538116,-71.04546459538116
2471.9800693321226,-71.04898515434604,-71.04898515434604
2471.990069332123,-71.05249617409332,-71.05249617409332
2472.0000693321226,-71.05599741255283,-71.05599741255283
2472.010069332123,-71.05948883740008,-71.05948883740008
2472.0200693321226,-71.0629705391829,-71.0629705391829
2472.030069332123,-71.06644267906422,-71.06644267906422
2472.0400693321226,-71.06990545744156,-71.06990545744156
2472.050069332123,-71.07335909507397,-71.07335909507397
2472.060069332123,-71.07680382185633,-71.07680382185633
2472.070069332123,-71.0802398702128,-71.0802398702128
2472.080069332123,-71.08366747133203,-71.08366747133203
2472.0900693321228,-71.08708685307685,-71.08708685307685
2472.100069332123,-71.09049823893548,-71.09049823893548
2472.1100693321227,-71.09390184765725,-71.09390184765725
2472.120069332123,-71.09729789315419,-71.09729789315419
2472.1300693321227,-71.10068658465572,-71.10068658465572
2472.140069332123,-71.10406812696503,-71.10406812696503
2472.1500693321227,-71.10744272073156,-71.10744272073156
2472.160069332123,-71.1108105627614,-71.1108105627614
2472.1700693321227,-71.11417184629177,-71.11417184629177
2472.180069332123,-71.11752676124347,-71.11752676124347
2472.1900693321227,-71.12087549448513,-71.12087549448513
2472.200069332123,-71.12421822999384,-71.12421822999384
2472.2100693321227,-71.12755514909523,-71.12755514909523
2472.220069332123,-71.1308864305523,-71.1308864305523
2472.2300693321226,-71.1342122507582,-71.1342122507582
2472.240069332123,-71.13753278381299,-71.13753278381299
2472.2500693321226,-71.1408482016299,-71.1408482016299
2472.260069332123,-71.14415867401354,-71.14415867401354
2472.2700693321226,-71.14746436872727,-71.14746436872727
2472.280069332123,-71.15076545155044,-71.15076545155044
2472.2900693321226,-71.1540620863304,-71.1540620863304
2472.300069332123,-71.15735443499497,-71.15735443499497
2472.310069332123,-71.16064265762984,-71.16064265762984
2472.320069332123,-71.16392691246973,-71.16392691246973
2472.330069332123,-71.16720735592035,-71.16720735592035
2472.3400693321228,-71.17048414259406,-71.17048414259406
2472.350069332123,-71.17375742532134,-71.17375742532134
2472.3600693321227,-71.17702735514068,-71.17702735514068
2472.370069332123,-71.18029408134733,-71.18029408134733
2472.3800693321227,-71.18355775147063,-71.18355775147063
2472.390069332123,-71.18681851128015,-71.18681851128015
2472.4000693321227,-71.19007650481267,-71.19007650481267
2472.410069332123,-71.19333187436244,-71.19333187436244
2472.4200693321227,-71.19658476050658,-71.19658476050658
2472.430069332123,-71.19983530205677,-71.19983530205677
2472.4400693321227,-71.20308363612314,-71.20308363612314
2472.450069332123,-71.20632989809354,-71.20632989809354
2472.4600693321227,-71.20956801324824,-71.20956801324824
2472.470069332123,-71.2127953944606,-71.2127953944606
2472.4800693321226,-71.21601084811991,-71.21601084811991
2472.490069332123,-71.2192138249826,-71.2192138249826
2472.5000693321226,-71.22240413418379,-71.22240413418379
2472.510069332123,-71.22558179467873,-71.22558179467873
2472.5200693321226,-71.22874694813528,-71.22874694813528
2472.530069332123,-71.23189980658726,-71.23189980658726
2472.5400693321226,-71.23504062096507,-71.23504062096507
2472.550069332123,-71.23816966218213,-71.23816966218213
2472.560069332123,-71.24128720987643,-71.24128720987643
2472.570069332123,-71.24439354579123,-71.24439354579123
2472.580069332123,-71.24748894996863,-71.24748894996863
2472.5900693321228,-71.25057369868253,-71.25057369868253
2472.600069332123,-71.25364806341446,-71.25364806341446
2472.6100693321227,-71.25671231040545,-71.25671231040545
2472.620069332123,-71.25976670060642,-71.25976670060642
2472.6300693321227,-71.26281148984403,-71.26281148984403
2472.640069332123,-71.26584692902682,-71.26584692902682
2472.6500693559647,-71.2688732716665,-71.2688732716665
2472.660069355965,-71.2718907453104,-71.2718907453104
2472.6700693559646,-71.2748995951273,-71.2748995951273
2472.680069355965,-71.27790005529214,-71.27790005529214
2472.6900693559646,-71.28089235642625,-71.28089235642625
2472.700069355965,-71.28387672582393,-71.28387672582393
2472.7100693559646,-71.28685338762764,-71.28685338762764
2472.720069355965,-71.28982256296624,-71.28982256296624
2472.7300693559646,-71.29278447011868,-71.29278447011868
2472.740069355965,-71.29573932459286,-71.29573932459286
2472.7500693559646,-71.29868733924992,-71.29868733924992
2472.760069355965,-71.30162872436875,-71.30162872436875
2472.7700693559646,-71.30456368772799,-71.30456368772799
2472.7800693559648,-71.30749243464382,-71.30749243464382
2472.7900693559645,-71.3104151680285,-71.3104151680285
2472.8000693559648,-71.31333208843519,-71.31333208843519
2472.8100693559645,-71.31624339408476,-71.31624339408476
2472.8200693559647,-71.31914928089158,-71.31914928089158
2472.8300693559645,-71.3220499424985,-71.3220499424985
2472.8400693559647,-71.32494557029287,-71.32494557029287
2472.8500693559645,-71.327836353394,-71.327836353394
2472.8600693559647,-71.3307224787194,-71.3307224787194
2472.8700693559645,-71.33360413096048,-71.33360413096048
2472.8800693559647,-71.33648149259687,-71.33648149259687
2472.8900693559644,-71.33935474393223,-71.33935474393223
2472.9000693559647,-71.34222406305945,-71.34222406305945
2472.910069355965,-71.34508962590205,-71.34508962590205
2472.9200693559646,-71.34795160621684,-71.34795160621684
2472.930069355965,-71.35081017558544,-71.35081017558544
2472.9400693559646,-71.35366550343375,-71.35366550343375
2472.950069355965,-71.35651775705054,-71.35651775705054
2472.9600693559646,-71.3593671015657,-71.3593671015657
2472.970069355965,-71.36221369997912,-71.36221369997912
2472.9800693559646,-71.36505771316513,-71.36505771316513
2472.990069355965,-71.36789929987769,-71.36789929987769
2473.0000693559646,-71.37073861675161,-71.37073861675161
2473.010069355965,-71.37357581832087,-71.37357581832087
2473.0200693559646,-71.3764110570276,-71.3764110570276
2473.0300693559648,-71.37924448322808,-71.37924448322808
2473.0400693559645,-71.38207624520497,-71.38207624520497
2473.0500693559648,-71.38490648917168,-71.38490648917168
2473.0600693559645,-71.38773535928266,-71.38773535928266
2473.0700693559647,-71.3905629976549,-71.3905629976549
2473.0800693559645,-71.39338954437545,-71.39338954437545
2473.0900693559647,-71.3962151374999,-71.3962151374999
2473.1000693559645,-71.39903991308645,-71.39903991308645
2473.1100693559647,-71.40186400519147,-71.40186400519147
2473.1200693559645,-71.40468754588356,-71.40468754588356
2473.1300693559647,-71.40751066527322,-71.40751066527322
2473.1400693559644,-71.4103334915043,-71.4103334915043
2473.1500693559647,-71.41315615078386,-71.41315615078386
2473.160069355965,-71.4159787673864,-71.4159787673864
2473.1700693559646,-71.4188014636802,-71.4188014636802
2473.180069355965,-71.42162436012293,-71.42162436012293
2473.1900693559646,-71.42444757529694,-71.42444757529694
2473.200069355965,-71.42727122591234,-71.42727122591234
2473.2100693559646,-71.43009542683625,-71.43009542683625
2473.220069355965,-71.4329202910836,-71.4329202910836
2473.2300693559646,-71.43574592985945,-71.43574592985945
2473.240069355965,-71.43857245254908,-71.43857245254908
2473.2500693559646,-71.4413999667699,-71.4413999667699
2473.260069355965,-71.44422857834942,-71.44422857834942
2473.2700693559646,-71.44705839137137,-71.44705839137137
2473.2800693559648,-71.44988950817115,-71.44988950817115
2473.2900693559645,-71.45272202936201,-71.45272202936201
2473.3000693559648,-71.45555605386164,-71.45555605386164
2473.3100693559645,-71.45839167888722,-71.45839167888722
2473.3200693559647,-71.46122899999392,-71.46122899999392
2473.3300693559645,-71.4640681110821,-71.4640681110821
2473.3400693559647,-71.46690910440881,-71.46690910440881
2473.3500693559645,-71.46975207061895,-71.46975207061895
2473.3600693559647,-71.47259709874157,-71.47259709874157
2473.3700693559645,-71.47544427623437,-71.47544427623437
2473.3800693559647,-71.47829368898448,-71.47829368898448
2473.3900693559644,-71.48114542133439,-71.48114542133439
2473.4000693559647,-71.48399955607253,-71.48399955607253
2473.410069355965,-71.48685617449469,-71.48685617449469
2473.4200693559646,-71.48971535638115,-71.48971535638115
2473.430069355965,-71.49257718004039,-71.49257718004039
2473.4400693559646,-71.49544172230846,-71.49544172230846
2473.450069355965,-71.4983090585944,-71.4983090585944
2473.4600693559646,-71.50117302978829,-71.50117302978829
2473.470069355965,-71.50403097918468,-71.50403097918468
2473.4800693559646,-71.50688164961154,-71.50688164961154
2473.490069355965,-71.50972443113686,-71.50972443113686
2473.5000693798065,-71.51255908070173,-71.51255908070173
2473.5100693798067,-71.51538554593571,-71.51538554593571
2473.5200693798065,-71.5182039182579,-71.5182039182579
2473.5300693798067,-71.52101435327572,-71.52101435327572
2473.5400693798065,-71.52381704597093,-71.52381704597093
2473.5500693798067,-71.52661221170627,-71.52661221170627
2473.5600693798065,-71.52940007494236,-71.52940007494236
2473.5700693798067,-71.53218086262324,-71.53218086262324
2473.5800693798064,-71.53495480034157,-71.53495480034157
2473.5900693798067,-71.5377221102914,-71.5377221102914
2473.6000693798064,-71.54048301023232,-71.54048301023232
2473.6100693798066,-71.54323771307995,-71.54323771307995
2473.6200693798064,-71.54598642685232,-71.54598642685232
2473.6300693798066,-71.54872935481752,-71.54872935481752
2473.6400693798064,-71.551466695767,-71.551466695767
2473.6500693798066,-71.55419864427822,-71.55419864427822
2473.6600693798064,-71.5569253910533,-71.5569253910533
2473.6700693798066,-71.55964712318965,-71.55964712318965
2473.6800693798064,-71.56236402445329,-71.56236402445329
2473.6900693798066,-71.56507627551179,-71.56507627551179
2473.7000693798063,-71.56778405416595,-71.56778405416595
2473.7100693798066,-71.57048753550453,-71.57048753550453
2473.7200693798063,-71.57318689209701,-71.57318689209701
2473.7300693798065,-71.57588229410248,-71.57588229410248
2473.7400693798063,-71.57857390940788,-71.57857390940788
2473.7500693798065,-71.58126190371222,-71.58126190371222
2473.7600693798067,-71.58394644062615,-71.58394644062615
2473.7700693798065,-71.58662768172027,-71.58662768172027
2473.7800693798067,-71.5893057865905,-71.5893057865905
2473.7900693798065,-71.59198091292936,-71.59198091292936
2473.8000693798067,-71.59465321653916,-71.59465321653916
2473.8100693798065,-71.59732285137244,-71.59732285137244
2473.8200693798067,-71.59998996956722,-71.59998996956722
2473.8300693798064,-71.60265472147542,-71.60265472147542
2473.8400693798067,-71.60531725565926,-71.60531725565926
2473.8500693798064,-71.60797771892389,-71.60797771892389
2473.8600693798066,-71.61063625634506,-71.61063625634506
2473.8700693798064,-71.61329301124738,-71.61329301124738
2473.8800693798066,-71.61594812523354,-71.61594812523354
2473.8900693798064,-71.61860173819495,-71.61860173819495
2473.9000693798066,-71.62125398830892,-71.62125398830892
2473.9100693798064,-71.62390501203929,-71.62390501203929
2473.9200693798066,-71.6265549441691,-71.6265549441691
2473.9300693798064,-71.6292039177747,-71.6292039177747
2473.9400693798066,-71.63185206425061,-71.63185206425061
2473.9500693798063,-71.63449951329912,-71.63449951329912
2473.9600693798066,-71.63714639294899,-71.63714639294899
2473.9700693798063,-71.63979282954756,-71.63979282954756
2473.9800693798065,-71.64243894777302,-71.64243894777302
2473.9900693798063,-71.64508487064431,-71.64508487064431
2474.0000693798065,-71.64773071950357,-71.64773071950357
2474.0100693798067,-71.65037661405306,-71.65037661405306
2474.0200693798065,-71.65302267233652,-71.65302267233652
2474.0300693798067,-71.65566901075245,-71.65566901075245
2474.0400693798065,-71.65831574406253,-71.65831574406253
2474.0500693798067,-71.66096298539239,-71.66096298539239
2474.0600693798065,-71.66361084626081,-71.66361084626081
2474.0700693798067,-71.66625943654175,-71.66625943654175
2474.0800693798064,-71.66890886451735,-71.66890886451735
2474.0900693798067,-71.67155923686794,-71.67155923686794
2474.1000693798064,-71.67421065867283,-71.67421065867283
2474.1100693798066,-71.67686323343281,-71.67686323343281
2474.1200693798064,-71.67951706306161,-71.67951706306161
2474.1300693798066,-71.6821722479204,-71.6821722479204
2474.1400693798064,-71.68482888680863,-71.68482888680863
2474.1500693798066,-71.6874870769683,-71.6874870769683
2474.1600693798064,-71.69014691412278,-71.69014691412278
2474.1700693798066,-71.69280849244667,-71.69280849244667
2474.1800693798064,-71.69547190462046,-71.69547190462046
2474.1900693798066,-71.69813724181496,-71.69813724181496
2474.2000693798063,-71.70080459369625,-71.70080459369625
2474.2100693798066,-71.7034740484551,-71.7034740484551
2474.2200693798063,-71.7061456928123,-71.7061456928123
2474.2300693798065,-71.7088196120406,-71.7088196120406
2474.2400693798063,-71.71149588994537,-71.71149588994537
2474.2500693798065,-71.71417460891018,-71.71417460891018
2474.2600693798067,-71.71685584989669,-71.71685584989669
2474.2700693798065,-71.71953969245827,-71.71953969245827
2474.2800693798067,-71.72222621474722,-71.72222621474722
2474.2900693798065,-71.72491549354234,-71.72491549354234
2474.3000693798067,-71.72760760423559,-71.72760760423559
2474.3100693798065,-71.73030262087124,-71.73030262087124
2474.3200693798067,-71.73300061614502,-71.73300061614502
2474.3300693798064,-71.735701661423,-71.735701661423
2474.3400693798067,-71.73840582675867,-71.73840582675867
2474.3500694036484,-71.74111318733786,-71.74111318733786
2474.3600694036486,-71.74382379774508,-71.74382379774508
2474.3700694036484,-71.74653773056104,-71.74653773056104
2474.3800694036486,-71.74925505071097,-71.74925505071097
2474.3900694036483,-71.75197582185444,-71.75197582185444
2474.4000694036486,-71.75470010640689,-71.75470010640689
2474.4100694036483,-71.75742796556722,-71.75742796556722
2474.4200694036485,-71.76015945932774,-71.76015945932774
2474.4300694036483,-71.76289464646958,-71.76289464646958
2474.4400694036485,-71.76563358460119,-71.76563358460119
2474.4500694036483,-71.7683763301595,-71.7683763301595
2474.4600694036485,-71.77112293842023,-71.77112293842023
2474.4700694036483,-71.77387346352378,-71.77387346352378
2474.4800694036485,-71.77662795846997,-71.77662795846997
2474.4900694036482,-71.77938647514773,-71.77938647514773
2474.5000694036485,-71.78214906434346,-71.78214906434346
2474.5100694036482,-71.78491577576155,-71.78491577576155
2474.5200694036484,-71.78768665801655,-71.78768665801655
2474.530069403648,-71.79046175866132,-71.79046175866132
2474.5400694036484,-71.79324112421034,-71.79324112421034
2474.550069403648,-71.79602480012112,-71.79602480012112
2474.5600694036484,-71.7988128308543,-71.7988128308543
2474.570069403648,-71.80160525982868,-71.80160525982868
2474.5800694036484,-71.80440212948949,-71.80440212948949
2474.590069403648,-71.80720348128058,-71.80720348128058
2474.6000694036484,-71.81000935567347,-71.81000935567347
2474.6100694036486,-71.81281979217931,-71.81281979217931
2474.6200694036484,-71.81563482937881,-71.81563482937881
2474.6300694036486,-71.81845450488828,-71.81845450488828
2474.6400694036483,-71.82127885541273,-71.82127885541273
2474.6500694036486,-71.8241079167496,-71.8241079167496
2474.6600694036483,-71.82694172379998,-71.82694172379998
2474.6700694036485,-71.82978031056527,-71.82978031056527
2474.6800694036483,-71.83262371017956,-71.83262371017956
2474.6900694036485,-71.83547195490934,-71.83547195490934
2474.7000694036483,-71.83832507617798,-71.83832507617798
2474.7100694036485,-71.84117684116008,-71.84117684116008
2474.7200694036483,-71.84402453679596,-71.84402453679596
2474.7300694036485,-71.84686685677082,-71.84686685677082
2474.7400694036482,-71.8497031456687,-71.8497031456687
2474.7500694036485,-71.85253311042752,-71.85253311042752
2474.7600694036482,-71.85535667049159,-71.85535667049159
2474.7700694036484,-71.85817386995643,-71.85817386995643
2474.780069403648,-71.86098482476402,-71.86098482476402
2474.7900694036484,-71.86378969096664,-71.86378969096664
2474.800069403648,-71.86658864564502,-71.86658864564502
2474.8100694036484,-71.86938187558634,-71.86938187558634
2474.820069403648,-71.87216957061032,-71.87216957061032
2474.8300694036484,-71.87495191973203,-71.87495191973203
2474.840069403648,-71.87772910909456,-71.87772910909456
2474.8500694036484,-71.88050132090127,-71.88050132090127
2474.8600694036486,-71.88326873303481,-71.88326873303481
2474.8700694036484,-71.88603151896532,-71.88603151896532
2474.8800694036486,-71.88878984792255,-71.88878984792255
2474.8900694036483,-71.89154388513104,-71.89154388513104
2474.9000694036486,-71.89429379211438,-71.89429379211438
2474.9100694036483,-71.89703972697417,-71.89703972697417
2474.9200694036485,-71.89978184468332,-71.89978184468332
2474.9300694036483,-71.90252029736284,-71.90252029736284
2474.9400694036485,-71.90525523450323,-71.90525523450323
2474.9500694036483,-71.9079868031743,-71.9079868031743
2474.9600694036485,-71.91070887899275,-71.91070887899275
2474.9700694036483,-71.91341885953615,-71.91341885953615
2474.9800694036485,-71.91611554938284,-71.91611554938284
2474.9900694036482,-71.91879840359604,-71.91879840359604
2475.0000694036485,-71.9214672390247,-71.9214672390247
2475.0100694036482,-71.92412208435314,-71.92412208435314
2475.0200694036484,-71.92676309223837,-71.92676309223837
2475.030069403648,-71.92939048649355,-71.92939048649355
2475.0400694036484,-71.9320045303408,-71.9320045303408
2475.050069403648,-71.93460550736947,-71.93460550736947
2475.0600694036484,-71.93719371019358,-71.93719371019358
2475.070069403648,-71.93976943379391,-71.93976943379391
2475.0800694036484,-71.94233297166942,-71.94233297166942
2475.090069403648,-71.94488461380111,-71.94488461380111
2475.1000694036484,-71.9474246455467,-71.9474246455467
2475.1100694036486,-71.94995334727072,-71.94995334727072
2475.1200694036484,-71.95247099426136,-71.95247099426136
2475.1300694036486,-71.9549778568583,-71.9549778568583
2475.1400694036483,-71.95747420071703,-71.95747420071703
2475.1500694036486,-71.95996028708738,-71.95996028708738
2475.1600694036483,-71.96243637307508,-71.96243637307508
2475.1700694036485,-71.96490271195084,-71.96490271195084
2475.1800694036483,-71.96735955338762,-71.96735955338762
2475.1900694036485,-71.96980714368225,-71.96980714368225
2475.2000694274902,-71.97224573176071,-71.97224573176071
2475.2100694274905,-71.9746755461155,-71.9746755461155
2475.22006942749,-71.97709682984929,-71.97709682984929
2475.2300694274904,-71.9795098174815,-71.9795098174815
2475.24006942749,-71.98191474091092,-71.98191474091092
2475.2500694274904,-71.98431182947813,-71.98431182947813
2475.26006942749,-71.9867013100511,-71.9867013100511
2475.2700694274904,-71.98908340707573,-71.98908340707573
2475.28006942749,-71.99145834261573,-71.99145834261573
2475.2900694274904,-71.99382633640337,-71.99382633640337
2475.30006942749,-71.99618760585902,-71.99618760585902
2475.3100694274904,-71.9985423661202,-71.9985423661202
2475.32006942749,-72.00089083005281,-72.00089083005281
2475.3300694274903,-72.0032332082612,-72.0032332082612
2475.34006942749,-72.00556970912369,-72.00556970912369
2475.3500694274903,-72.00790053876109,-72.00790053876109
2475.36006942749,-72.01022590107537,-72.01022590107537
2475.3700694274903,-72.01254599774087,-72.01254599774087
2475.38006942749,-72.01486102820445,-72.01486102820445
2475.3900694274903,-72.01717118968642,-72.01717118968642
2475.40006942749,-72.01947667718933,-72.01947667718933
2475.4100694274903,-72.0217776834857,-72.0217776834857
2475.42006942749,-72.0240743991347,-72.0240743991347
2475.4300694274903,-72.02636701247407,-72.02636701247407
2475.44006942749,-72.02865570961563,-72.02865570961563
2475.4500694274902,-72.03094067444503,-72.03094067444503
2475.4600694274905,-72.03321580988022,-72.03321580988022
2475.47006942749,-72.03547854678907,-72.03547854678907
2475.4800694274904,-72.03772772513628,-72.03772772513628
2475.49006942749,-72.03996283607178,-72.03996283607178
2475.5000694274904,-72.04218373260314,-72.04218373260314
2475.51006942749,-72.04439047939192,-72.04439047939192
2475.5200694274904,-72.0465832646092,-72.0465832646092
2475.53006942749,-72.04876234703121,-72.04876234703121
2475.5400694274904,-72.05092802419743,-72.05092802419743
2475.55006942749,-72.05308061328931,-72.05308061328931
2475.5600694274904,-72.05522043976767,-72.05522043976767
2475.57006942749,-72.05734783066396,-72.05734783066396
2475.5800694274903,-72.05946311075687,-72.05946311075687
2475.59006942749,-72.06156660046871,-72.06156660046871
2475.6000694274903,-72.06365861483951,-72.06365861483951
2475.61006942749,-72.06573946307833,-72.06573946307833
2475.6200694274903,-72.06780944853097,-72.06780944853097
2475.63006942749,-72.0698688688269,-72.0698688688269
2475.6400694274903,-72.07191801611732,-72.07191801611732
2475.65006942749,-72.07395717737342,-72.07395717737342
2475.6600694274903,-72.07598663469548,-72.07598663469548
2475.67006942749,-72.07800666559841,-72.07800666559841
2475.6800694274903,-72.08001754327054,-72.08001754327054
2475.69006942749,-72.0820195368386,-72.0820195368386
2475.7000694274902,-72.08401291153885,-72.08401291153885
2475.7100694274905,-72.08599164638659,-72.08599164638659
2475.72006942749,-72.08795324979143,-72.08795324979143
2475.7300694274904,-72.08989663915649,-72.08989663915649
2475.74006942749,-72.09182138246159,-72.09182138246159
2475.7500694274904,-72.09372740890063,-72.09372740890063
2475.76006942749,-72.09561485855934,-72.09561485855934
2475.7700694274904,-72.09748399432887,-72.09748399432887
2475.78006942749,-72.09933514900038,-72.09933514900038
2475.7900694274904,-72.10116869342379,-72.10116869342379
2475.80006942749,-72.10298501744869,-72.10298501744869
2475.8100694274904,-72.1047845185492,-72.1047845185492
2475.82006942749,-72.10656759515327,-72.10656759515327
2475.8300694274903,-72.10833464283209,-72.10833464283209
2475.84006942749,-72.11008605220975,-72.11008605220975
2475.8500694274903,-72.11182220793546,-72.11182220793546
2475.86006942749,-72.1135434882675,-72.1135434882675
2475.8700694274903,-72.11525026503807,-72.11525026503807
2475.88006942749,-72.11694290379087,-72.11694290379087
2475.8900694274903,-72.1186217640356,-72.1186217640356
2475.90006942749,-72.12028719955708,-72.12028719955708
2475.9100694274903,-72.12193955869778,-72.12193955869778
2475.92006942749,-72.1235791846611,-72.1235791846611
2475.9300694274903,-72.12520641576991,-72.12520641576991
2475.94006942749,-72.12682158571525,-72.12682158571525
2475.9500694274902,-72.12842502375433,-72.12842502375433
2475.9600694274905,-72.1300170549025,-72.1300170549025
2475.97006942749,-72.1315980000832,-72.1315980000832
2475.9800694274904,-72.13316817627023,-72.13316817627023
2475.99006942749,-72.13472789659588,-72.13472789659588
2476.0000694274904,-72.13627747046381,-72.13627747046381
2476.01006942749,-72.13781720361813,-72.13781720361813
2476.0200694274904,-72.13934739821673,-72.13934739821673
2476.03006942749,-72.1408683528933,-72.1408683528933
2476.0400694274904,-72.14238036279846,-72.14238036279846
2476.050069451332,-72.14388372323505,-72.14388372323505
2476.0600694513323,-72.14537871533663,-72.14537871533663
2476.070069451332,-72.1468656276693,-72.1468656276693
2476.0800694513323,-72.14834474184192,-72.14834474184192
2476.090069451332,-72.14981633615136,-72.14981633615136
2476.1000694513323,-72.15128068558323,-72.15128068558323
2476.110069451332,-72.15273806185468,-72.15273806185468
2476.1200694513323,-72.15418873341096,-72.15418873341096
2476.130069451332,-72.15563296545669,-72.15563296545669
2476.1400694513322,-72.15707101994577,-72.15707101994577
2476.150069451332,-72.15850315562703,-72.15850315562703
2476.160069451332,-72.15992962801565,-72.15992962801565
2476.170069451332,-72.1613506894515,-72.1613506894515
2476.180069451332,-72.16276658907886,-72.16276658907886
2476.190069451332,-72.16417757287694,-72.16417757287694
2476.200069451332,-72.16558388365381,-72.16558388365381
2476.210069451332,-72.1669857610822,-72.1669857610822
2476.220069451332,-72.16838344169653,-72.16838344169653
2476.230069451332,-72.1697771589228,-72.1697771589228
2476.240069451332,-72.17116714306553,-72.17116714306553
2476.250069451332,-72.17255362135268,-72.17255362135268
2476.260069451332,-72.17393681794846,-72.17393681794846
2476.270069451332,-72.17531695394095,-72.17531695394095
2476.280069451332,-72.17669424737848,-72.17669424737848
2476.290069451332,-72.17806891330083,-72.17806891330083
2476.300069451332,-72.1794411637337,-72.1794411637337
2476.3100694513323,-72.18081120771589,-72.18081120771589
2476.320069451332,-72.18217925132154,-72.18217925132154
2476.3300694513323,-72.18354549767359,-72.18354549767359
2476.340069451332,-72.18491014697271,-72.18491014697271
2476.3500694513323,-72.18627339650024,-72.18627339650024
2476.360069451332,-72.18763544064848,-72.18763544064848
2476.3700694513323,-72.18899647095905,-72.18899647095905
2476.380069451332,-72.19035667611539,-72.19035667611539
2476.3900694513322,-72.19171624197112,-72.19171624197112
2476.400069451332,-72.19307535161138,-72.19307535161138
2476.410069451332,-72.19443418530783,-72.19443418530783
2476.420069451332,-72.19579292059501,-72.19579292059501
2476.430069451332,-72.19715173227573,-72.19715173227573
2476.440069451332,-72.19851079244995,-72.19851079244995
2476.450069451332,-72.19987027052521,-72.19987027052521
2476.460069451332,-72.20123033325108,-72.20123033325108
2476.470069451332,-72.20259114475249,-72.20259114475249
2476.480069451332,-72.2039528665408,-72.2039528665408
2476.490069451332,-72.20531565753433,-72.20531565753433
2476.500069451332,-72.20667967409825,-72.20667967409825
2476.510069451332,-72.20804507006547,-72.20804507006547
2476.520069451332,-72.20941199675963,-72.20941199675963
2476.530069451332,-72.21078060301457,-72.21078060301457
2476.540069451332,-72.21215103521503,-72.21215103521503
2476.550069451332,-72.2135234372965,-72.2135234372965
2476.5600694513323,-72.21489795081047,-72.21489795081047
2476.570069451332,-72.21627471490733,-72.21627471490733
2476.5800694513323,-72.21765386639946,-72.21765386639946
2476.590069451332,-72.21903553974869,-72.21903553974869
2476.6000694513323,-72.22041986712934,-72.22041986712934
2476.610069451332,-72.22180697843459,-72.22180697843459
2476.6200694513323,-72.2231970012902,-72.2231970012902
2476.630069451332,-72.2245900611157,-72.2245900611157
2476.6400694513322,-72.22598628111163,-72.22598628111163
2476.650069451332,-72.22738578231834,-72.22738578231834
2476.660069451332,-72.22878868361191,-72.22878868361191
2476.670069451332,-72.23019510174443,-72.23019510174443
2476.680069451332,-72.23160515137864,-72.23160515137864
2476.690069451332,-72.23301894508988,-72.23301894508988
2476.700069451332,-72.23443659341416,-72.23443659341416
2476.710069451332,-72.23585191067788,-72.23585191067788
2476.720069451332,-72.23726224995266,-72.23726224995266
2476.730069451332,-72.2386663776617,-72.2386663776617
2476.740069451332,-72.24006371346607,-72.24006371346607
2476.750069451332,-72.24145404011765,-72.24145404011765
2476.760069451332,-72.24283735279775,-72.24283735279775
2476.770069451332,-72.24421377072636,-72.24421377072636
2476.780069451332,-72.24558348411188,-72.24558348411188
2476.790069451332,-72.2469467222171,-72.2469467222171
2476.800069451332,-72.2483037342038,-72.2483037342038
2476.8100694513323,-72.24965477774025,-72.24965477774025
2476.820069451332,-72.25100011231649,-72.25100011231649
2476.8300694513323,-72.25233999540627,-72.25233999540627
2476.840069451332,-72.25367468041287,-72.25367468041287
2476.8500694513323,-72.2550044156148,-72.2550044156148
2476.860069451332,-72.2563294438009,-72.2563294438009
2476.8700694513323,-72.2576500022066,-72.2576500022066
2476.880069451332,-72.25896632270086,-72.25896632270086
2476.8900694513322,-72.26027863204358,-72.26027863204358
2476.900069475174,-72.26158715532924,-72.26158715532924
2476.910069475174,-72.26289210381525,-72.26289210381525
2476.920069475174,-72.26419369396213,-72.26419369396213
2476.930069475174,-72.26549213521766,-72.26549213521766
2476.940069475174,-72.26678763339899,-72.26678763339899
2476.950069475174,-72.26808039092796,-72.26808039092796
2476.960069475174,-72.26936431025646,-72.26936431025646
2476.970069475174,-72.27063683331437,-72.27063683331437
2476.980069475174,-72.27189681518509,-72.27189681518509
2476.990069475174,-72.2731437636788,-72.2731437636788
2477.000069475174,-72.27437754917321,-72.27437754917321
2477.010069475174,-72.27559825392837,-72.27559825392837
2477.020069475174,-72.2768060837244,-72.2768060837244
2477.030069475174,-72.27800131479667,-72.27800131479667
2477.040069475174,-72.27918426193654,-72.27918426193654
2477.050069475174,-72.28035525936362,-72.28035525936362
2477.060069475174,-72.28151464932336,-72.28151464932336
2477.070069475174,-72.28266277540513,-72.28266277540513
2477.080069475174,-72.28379997875697,-72.28379997875697
2477.090069475174,-72.28492659596523,-72.28492659596523
2477.1000694751738,-72.28604295806103,-72.28604295806103
2477.110069475174,-72.28714939010582,-72.28714939010582
2477.1200694751738,-72.28824621114934,-72.28824621114934
2477.130069475174,-72.28933373439219,-72.28933373439219
2477.1400694751737,-72.29041226745919,-72.29041226745919
2477.150069475174,-72.29148211267517,-72.29148211267517
2477.160069475174,-72.29254356741303,-72.29254356741303
2477.170069475174,-72.29359692434632,-72.29359692434632
2477.180069475174,-72.29464247176361,-72.29464247176361
2477.190069475174,-72.29568049377733,-72.29568049377733
2477.200069475174,-72.29671127054226,-72.29671127054226
2477.210069475174,-72.2977350784747,-72.2977350784747
2477.220069475174,-72.29875219036244,-72.29875219036244
2477.230069475174,-72.29976287555534,-72.29976287555534
2477.240069475174,-72.30076740003426,-72.30076740003426
2477.250069475174,-72.30176602654296,-72.30176602654296
2477.260069475174,-72.30275901464428,-72.30275901464428
2477.270069475174,-72.30374662082235,-72.30374662082235
2477.280069475174,-72.30472909851483,-72.30472909851483
2477.290069475174,-72.30570669817605,-72.30570669817605
2477.300069475174,-72.30667966729892,-72.30667966729892
2477.310069475174,-72.30764825048723,-72.30764825048723
2477.320069475174,-72.30861268943983,-72.30861268943983
2477.330069475174,-72.30957322300142,-72.30957322300142
2477.340069475174,-72.3105300871836,-72.3105300871836
2477.3500694751738,-72.31148351517652,-72.31148351517652
2477.360069475174,-72.31243373736515,-72.31243373736515
2477.3700694751738,-72.31338098133105,-72.31338098133105
2477.380069475174,-72.31432547189576,-72.31432547189576
2477.3900694751737,-72.31526743108991,-72.31526743108991
2477.400069475174,-72.3162070781953,-72.3162070781953
2477.410069475174,-72.31714462975158,-72.31714462975158
2477.420069475174,-72.31808029953702,-72.31808029953702
2477.430069475174,-72.31901429862336,-72.31901429862336
2477.440069475174,-72.31994683534249,-72.31994683534249
2477.450069475174,-72.32087811532665,-72.32087811532665
2477.460069475174,-72.32180834148794,-72.32180834148794
2477.470069475174,-72.32273771406368,-72.32273771406368
2477.480069475174,-72.32366643059932,-72.32366643059932
2477.490069475174,-72.32459468595708,-72.32459468595708
2477.500069475174,-72.32552267235958,-72.32552267235958
2477.510069475174,-72.32645057935837,-72.32645057935837
2477.520069475174,-72.32737859389302,-72.32737859389302
2477.530069475174,-72.32830690024649,-72.32830690024649
2477.540069475174,-72.32923568010736,-72.32923568010736
2477.550069475174,-72.3301651125703,-72.3301651125703
2477.560069475174,-72.33109537414151,-72.33109537414151
2477.570069475174,-72.33202663875095,-72.33202663875095
2477.580069475174,-72.33295907777912,-72.33295907777912
2477.590069475174,-72.33389286007055,-72.33389286007055
2477.6000694751738,-72.33482815194567,-72.33482815194567
2477.610069475174,-72.33576511721525,-72.33576511721525
2477.6200694751738,-72.33670391720395,-72.33670391720395
2477.630069475174,-72.3376447107743,-72.3376447107743
2477.6400694751737,-72.33858765432312,-72.33858765432312
2477.650069475174,-72.33953290181591,-72.33953290181591
2477.660069475174,-72.34048060479749,-72.34048060479749
2477.670069475174,-72.34143091243183,-72.34143091243183
2477.680069475174,-72.34238397148847,-72.34238397148847
2477.690069475174,-72.34333992638858,-72.34333992638858
2477.700069475174,-72.34429891920401,-72.34429891920401
2477.710069475174,-72.34526108969634,-72.34526108969634
2477.720069475174,-72.34622657532474,-72.34622657532474
2477.730069475174,-72.34719551128144,-72.34719551128144
2477.740069475174,-72.3481680304932,-72.3481680304932
2477.750069499016,-72.3491442659714,-72.3491442659714
2477.760069499016,-72.35012434157639,-72.35012434157639
2477.770069499016,-72.35110838588345,-72.35110838588345
2477.780069499016,-72.35209652302804,-72.35209652302804
2477.7900694990158,-72.3530888749634,-72.3530888749634
2477.800069499016,-72.3540855615359,-72.3540855615359
2477.8100694990158,-72.3550867004772,-72.3550867004772
2477.820069499016,-72.35609240743173,-72.35609240743173
2477.8300694990157,-72.35710279598649,-72.35710279598649
2477.840069499016,-72.35811797768497,-72.35811797768497
2477.8500694990157,-72.35913806206256,-72.35913806206256
2477.860069499016,-72.36016315664338,-72.36016315664338
2477.8700694990157,-72.36119336698515,-72.36119336698515
2477.880069499016,-72.36222879669126,-72.36222879669126
2477.8900694990157,-72.36326954743514,-72.36326954743514
2477.900069499016,-72.36431571898856,-72.36431571898856
2477.9100694990157,-72.36536740922512,-72.36536740922512
2477.920069499016,-72.36642471416484,-72.36642471416484
2477.9300694990156,-72.36748772797694,-72.36748772797694
2477.940069499016,-72.36855654300773,-72.36855654300773
2477.9500694990156,-72.3696312498164,-72.3696312498164
2477.960069499016,-72.37070563199035,-72.37070563199035
2477.9700694990156,-72.37177701913731,-72.37177701913731
2477.980069499016,-72.37284415719361,-72.37284415719361
2477.9900694990156,-72.37390644677467,-72.37390644677467
2478.000069499016,-72.37496365249125,-72.37496365249125
2478.010069499016,-72.37601575195201,-72.37601575195201
2478.020069499016,-72.37706284724273,-72.37706284724273
2478.030069499016,-72.37810511169991,-72.37810511169991
2478.0400694990158,-72.37914275793945,-72.37914275793945
2478.050069499016,-72.38017601865684,-72.38017601865684
2478.0600694990158,-72.38120513521237,-72.38120513521237
2478.070069499016,-72.38223035092058,-72.38223035092058
2478.0800694990157,-72.38325190723857,-72.38325190723857
2478.090069499016,-72.38427004165304,-72.38427004165304
2478.1000694990157,-72.38528498668441,-72.38528498668441
2478.110069499016,-72.38629696947754,-72.38629696947754
2478.1200694990157,-72.38730621177925,-72.38730621177925
2478.130069499016,-72.38831293008089,-72.38831293008089
2478.1400694990157,-72.38931733592813,-72.38931733592813
2478.150069499016,-72.390319636202,-72.390319636202
2478.1600694990157,-72.39132003345482,-72.39132003345482
2478.170069499016,-72.39231872623323,-72.39231872623323
2478.1800694990156,-72.393315909317,-72.393315909317
2478.190069499016,-72.39431177402003,-72.39431177402003
2478.2000694990156,-72.39530650838879,-72.39530650838879
2478.210069499016,-72.39630029741336,-72.39630029741336
2478.2200694990156,-72.39729332318646,-72.39729332318646
2478.230069499016,-72.3982857650703,-72.3982857650703
2478.2400694990156,-72.39927779980428,-72.39927779980428
2478.250069499016,-72.40026960161248,-72.40026960161248
2478.260069499016,-72.401261342324,-72.401261342324
2478.270069499016,-72.40225319141909,-72.40225319141909
2478.280069499016,-72.40324531610598,-72.40324531610598
2478.2900694990158,-72.40423788138497,-72.40423788138497
2478.300069499016,-72.40523105008484,-72.40523105008484
2478.3100694990158,-72.40622498291333,-72.40622498291333
2478.320069499016,-72.40721983848033,-72.40721983848033
2478.3300694990157,-72.40821577335018,-72.40821577335018
2478.340069499016,-72.40921294203683,-72.40921294203683
2478.3500694990157,-72.41021149703994,-72.41021149703994
2478.360069499016,-72.41121158887442,-72.41121158887442
2478.3700694990157,-72.41221336606326,-72.41221336606326
2478.380069499016,-72.41321697516824,-72.41321697516824
2478.3900694990157,-72.41422256080608,-72.41422256080608
2478.400069499016,-72.41523026564037,-72.41523026564037
2478.4100694990157,-72.41624023040966,-72.41624023040966
2478.420069499016,-72.41725259393031,-72.41725259393031
2478.4300694990156,-72.41826749311552,-72.41826749311552
2478.440069499016,-72.41928506295974,-72.41928506295974
2478.4500694990156,-72.42030543657967,-72.42030543657967
2478.460069499016,-72.4213287451887,-72.4213287451887
2478.4700694990156,-72.422355118145,-72.422355118145
2478.480069499016,-72.42338468291943,-72.42338468291943
2478.4900694990156,-72.42441756512919,-72.42441756512919
2478.500069499016,-72.42545388853924,-72.42545388853924
2478.510069499016,-72.42649377507117,-72.42649377507117
2478.520069499016,-72.42753734481772,-72.42753734481772
2478.530069499016,-72.4285847160332,-72.4285847160332
2478.5400694990158,-72.42963600516867,-72.42963600516867
2478.550069499016,-72.43069132685872,-72.43069132685872
2478.5600694990158,-72.43175079396005,-72.43175079396005
2478.570069499016,-72.43281451752733,-72.43281451752733
2478.5800694990157,-72.4338826068591,-72.4338826068591
2478.590069499016,-72.43495516946992,-72.43495516946992
2478.6000695228577,-72.43603231369724,-72.43603231369724
2478.610069522858,-72.4371141384556,-72.4371141384556
2478.6200695228576,-72.43820074859974,-72.43820074859974
2478.630069522858,-72.43929224470938,-72.43929224470938
2478.6400695228576,-72.44038872568062,-72.44038872568062
2478.650069522858,-72.4414902886971,-72.4414902886971
2478.6600695228576,-72.44259702927683,-72.44259702927683
2478.670069522858,-72.44370904125813,-72.44370904125813
2478.6800695228576,-72.44482641684175,-72.44482641684175
2478.690069522858,-72.44594924657484,-72.44594924657484
2478.7000695228576,-72.44707761939733,-72.44707761939733
2478.710069522858,-72.44821162263106,-72.44821162263106
2478.7200695228576,-72.44935134198627,-72.44935134198627
2478.730069522858,-72.45049686161201,-72.45049686161201
2478.7400695228575,-72.45164826408246,-72.45164826408246
2478.7500695228578,-72.45280563041149,-72.45280563041149
2478.7600695228575,-72.45396904007829,-72.45396904007829
2478.7700695228577,-72.45513857104163,-72.45513857104163
2478.7800695228575,-72.45631429974415,-72.45631429974415
2478.7900695228577,-72.4574963011309,-72.4574963011309
2478.8000695228575,-72.45868464867446,-72.45868464867446
2478.8100695228577,-72.45987941437697,-72.45987941437697
2478.8200695228575,-72.46108066879489,-72.46108066879489
2478.8300695228577,-72.46228848105781,-72.46228848105781
2478.8400695228574,-72.46350291886024,-72.46350291886024
2478.8500695228577,-72.46472404850225,-72.46472404850225
2478.860069522858,-72.46595193489455,-72.46595193489455
2478.8700695228576,-72.46718664157399,-72.46718664157399
2478.880069522858,-72.46842823071168,-72.46842823071168
2478.8900695228576,-72.46967676315035,-72.46967676315035
2478.900069522858,-72.47093229839678,-72.47093229839678
2478.9100695228576,-72.47219489464301,-72.47219489464301
2478.920069522858,-72.4734646087932,-72.4734646087932
2478.9300695228576,-72.47474149645244,-72.47474149645244
2478.940069522858,-72.47602561198228,-72.47602561198228
2478.9500695228576,-72.47731700847952,-72.47731700847952
2478.960069522858,-72.47861573779909,-72.47861573779909
2478.9700695228576,-72.4799218505833,-72.4799218505833
2478.980069522858,-72.48123539626087,-72.48123539626087
2478.9900695228575,-72.48255642307622,-72.48255642307622
2479.0000695228578,-72.48388497809694,-72.48388497809694
2479.0100695228575,-72.48522110721262,-72.48522110721262
2479.0200695228577,-72.48656485519227,-72.48656485519227
2479.0300695228575,-72.48791626563879,-72.48791626563879
2479.0400695228577,-72.4892753810667,-72.4892753810667
2479.0500695228575,-72.49064224286734,-72.49064224286734
2479.0600695228577,-72.49201689134823,-72.49201689134823
2479.0700695228575,-72.49339936575038,-72.49339936575038
2479.0800695228577,-72.4947897042296,-72.4947897042296
2479.0900695228574,-72.49618794390915,-72.49618794390915
2479.1000695228577,-72.49759412088194,-72.49759412088194
2479.110069522858,-72.49900827020791,-72.49900827020791
2479.1200695228576,-72.50043042595853,-72.50043042595853
2479.130069522858,-72.50186062119543,-72.50186062119543
2479.1400695228576,-72.5032988880084,-72.5032988880084
2479.150069522858,-72.50474525751542,-72.50474525751542
2479.1600695228576,-72.50619975988897,-72.50619975988897
2479.170069522858,-72.5076624243575,-72.5076624243575
2479.1800695228576,-72.50913327922315,-72.50913327922315
2479.190069522858,-72.51061235187564,-72.51061235187564
2479.2000695228576,-72.5120996687977,-72.5120996687977
2479.210069522858,-72.51359525558969,-72.51359525558969
2479.2200695228576,-72.51509913696898,-72.51509913696898
2479.230069522858,-72.51661133679794,-72.51661133679794
2479.2400695228575,-72.51813187808536,-72.51813187808536
2479.2500695228578,-72.51966078299344,-72.51966078299344
2479.2600695228575,-72.52119807286141,-72.52119807286141
2479.2700695228577,-72.5227437682086,-72.5227437682086
2479.2800695228575,-72.52429788876259,-72.52429788876259
2479.2900695228577,-72.52586045344734,-72.52586045344734
2479.3000695228575,-72.52743148040062,-72.52743148040062
2479.3100695228577,-72.52901098700684,-72.52901098700684
2479.3200695228575,-72.53059898988381,-72.53059898988381
2479.3300695228577,-72.53219550489881,-72.53219550489881
2479.3400695228574,-72.5338005471886,-72.5338005471886
2479.3500695228577,-72.53541413116619,-72.53541413116619
2479.360069522858,-72.5370362705208,-72.5370362705208
2479.3700695228576,-72.53866697824614,-72.53866697824614
2479.380069522858,-72.54030626664215,-72.54030626664215
2479.3900695228576,-72.54195414731917,-72.54195414731917
2479.400069522858,-72.54361063122,-72.54361063122
2479.4100695228576,-72.54527572863068,-72.54527572863068
2479.420069522858,-72.54694944916464,-72.54694944916464
2479.4300695228576,-72.54863180181763,-72.54863180181763
2479.440069522858,-72.5503227949328,-72.5503227949328
2479.4500695466995,-72.55202244028558,-72.55202244028558
2479.4600695466997,-72.5537244131313,-72.5537244131313
2479.4700695466995,-72.55542595689002,-72.55542595689002
2479.4800695466997,-72.55712573203962,-72.55712573203962
2479.4900695466995,-72.55882305657414,-72.55882305657414
2479.5000695466997,-72.56051761456513,-72.56051761456513
2479.5100695466995,-72.56220930480313,-72.56220930480313
2479.5200695466997,-72.56389815201517,-72.56389815201517
2479.5300695466995,-72.56558425355264,-72.56558425355264
2479.5400695466997,-72.56726774730296,-72.56726774730296
2479.5500695466994,-72.56894879244695,-72.56894879244695
2479.5600695466997,-72.57062755799384,-72.57062755799384
2479.5700695466994,-72.57230421606621,-72.57230421606621
2479.5800695466996,-72.57397893801917,-72.57397893801917
2479.5900695466994,-72.57565189235173,-72.57565189235173
2479.6000695466996,-72.57732324366799,-72.57732324366799
2479.6100695466994,-72.57899315226551,-72.57899315226551
2479.6200695466996,-72.58066177406867,-72.58066177406867
2479.6300695466994,-72.58232926080638,-72.58232926080638
2479.6400695466996,-72.58399576024915,-72.58399576024915
2479.6500695466993,-72.58566141651706,-72.58566141651706
2479.6600695466996,-72.58732637038551,-72.58732637038551
2479.6700695466993,-72.58899075957882,-72.58899075957882
2479.6800695466995,-72.59065471904978,-72.59065471904978
2479.6900695466993,-72.59231838119817,-72.59231838119817
2479.7000695466995,-72.59398187609727,-72.59398187609727
2479.7100695466997,-72.59564533168778,-72.59564533168778
2479.7200695466995,-72.59730887392247,-72.59730887392247
2479.7300695466997,-72.59897262689978,-72.59897262689978
2479.7400695466995,-72.60063671299018,-72.60063671299018
2479.7500695466997,-72.60230125292692,-72.60230125292692
2479.7600695466995,-72.60396636589073,-72.60396636589073
2479.7700695466997,-72.60563216955578,-72.60563216955578
2479.7800695466995,-72.60729878017203,-72.60729878017203
2479.7900695466997,-72.60896631259983,-72.60896631259983
2479.8000695466994,-72.61063488033713,-72.61063488033713
2479.8100695466997,-72.61230459555262,-72.61230459555262
2479.8200695466994,-72.61397556912443,-72.61397556912443
2479.8300695466996,-72.61564791064322,-72.61564791064322
2479.8400695466994,-72.6173217284156,-72.6173217284156
2479.8500695466996,-72.6189971295154,-72.6189971295154
2479.8600695466994,-72.62067421975557,-72.62067421975557
2479.8700695466996,-72.62235310369255,-72.62235310369255
2479.8800695466994,-72.62403388465526,-72.62403388465526
2479.8900695466996,-72.62571666473872,-72.62571666473872
2479.9000695466993,-72.62740154479337,-72.62740154479337
2479.9100695466996,-72.62908862442939,-72.62908862442939
2479.9200695466993,-72.63077800203703,-72.63077800203703
2479.9300695466995,-72.63246977475593,-72.63246977475593
2479.9400695466993,-72.63416403849945,-72.63416403849945
2479.9500695466995,-72.63586088794418,-72.63586088794418
2479.9600695466997,-72.63756041651648,-72.63756041651648
2479.9700695466995,-72.63926271641259,-72.63926271641259
2479.9800695466997,-72.64096787859233,-72.64096787859233
2479.9900695466995,-72.64267599275989,-72.64267599275989
2480.0000695466997,-72.64438714739443,-72.64438714739443
2480.0100695466995,-72.64610142973059,-72.64610142973059
2480.0200695466997,-72.64781892576576,-72.64781892576576
2480.0300695466995,-72.64953972024394,-72.64953972024394
2480.0400695466997,-72.6512638966817,-72.6512638966817
2480.0500695466994,-72.65299153736187,-72.65299153736187
2480.0600695466997,-72.65472272332704,-72.65472272332704
2480.0700695466994,-72.6564575343919,-72.6564575343919
2480.0800695466996,-72.65819604913348,-72.65819604913348
2480.0900695466994,-72.6599383449102,-72.6599383449102
2480.1000695466996,-72.66168449785684,-72.66168449785684
2480.1100695466994,-72.66343458288497,-72.66343458288497
2480.1200695466996,-72.66518867368707,-72.66518867368707
2480.1300695466994,-72.66694684275066,-72.66694684275066
2480.1400695466996,-72.6687091613707,-72.6687091613707
2480.1500695466993,-72.67047569962294,-72.67047569962294
2480.1600695466996,-72.67224652638991,-72.67224652638991
2480.1700695466993,-72.67402170938401,-72.67402170938401
2480.1800695466995,-72.67580131510968,-72.67580131510968
2480.1900695466993,-72.67758540891414,-72.67758540891414
2480.2000695466995,-72.67937405497885,-72.67937405497885
2480.2100695466997,-72.68116731631181,-72.68116731631181
2480.2200695466995,-72.68296525477285,-72.68296525477285
2480.2300695466997,-72.68476793107656,-72.68476793107656
2480.2400695466995,-72.68657540479722,-72.68657540479722
2480.2500695466997,-72.68838773438067,-72.68838773438067
2480.2600695466995,-72.69020497714853,-72.69020497714853
2480.2700695466997,-72.69202718932227,-72.69202718932227
2480.2800695466995,-72.69385442599818,-72.69385442599818
2480.2900695466997,-72.69568674119397,-72.69568674119397
2480.3000695705414,-72.69752419220713,-72.69752419220713
2480.3100695705416,-72.6993668221615,-72.6993668221615
2480.3200695705414,-72.70121468618696,-72.70121468618696
2480.3300695705416,-72.7030678340066,-72.7030678340066
2480.3400695705413,-72.70492631430668,-72.70492631430668
2480.3500695705416,-72.70679017471438,-72.70679017471438
2480.3600695705413,-72.70865946183771,-72.70865946183771
2480.3700695705415,-72.71053422128092,-72.71053422128092
2480.3800695705413,-72.71241449760964,-72.71241449760964
2480.3900695705415,-72.71430033441268,-72.71430033441268
2480.4000695705413,-72.71619177427746,-72.71619177427746
2480.4100695705415,-72.71808885882153,-72.71808885882153
2480.4200695705413,-72.71999162870199,-72.71999162870199
2480.4300695705415,-72.72190012359519,-72.72190012359519
2480.4400695705413,-72.72381438225081,-72.72381438225081
2480.4500695705415,-72.72573444246488,-72.72573444246488
2480.4600695705412,-72.72766034112732,-72.72766034112732
2480.4700695705415,-72.72959211419412,-72.72959211419412
2480.480069570541,-72.7315297967281,-72.7315297967281
2480.4900695705414,-72.73347342288638,-72.73347342288638
2480.500069570541,-72.7354230259405,-72.7354230259405
2480.5100695705414,-72.73737863828921,-72.73737863828921
2480.520069570541,-72.73934029147233,-72.73934029147233
2480.5300695705414,-72.74130801617483,-72.74130801617483
2480.540069570541,-72.74328184223116,-72.74328184223116
2480.5500695705414,-72.7452617986436,-72.7452617986436
2480.5600695705416,-72.74724791359952,-72.74724791359952
2480.5700695705414,-72.74924021446573,-72.74924021446573
2480.5800695705416,-72.75123872780794,-72.75123872780794
2480.5900695705413,-72.75324347940158,-72.75324347940158
2480.6000695705416,-72.75525449423483,-72.75525449423483
2480.6100695705413,-72.75727179652343,-72.75727179652343
2480.6200695705415,-72.75929540972213,-72.75929540972213
2480.6300695705413,-72.76132535653673,-72.76132535653673
2480.6400695705415,-72.76336165892404,-72.76336165892404
2480.6500695705413,-72.76540433811219,-72.76540433811219
2480.6600695705415,-72.76745341460546,-72.76745341460546
2480.6700695705413,-72.76950890819748,-72.76950890819748
2480.6800695705415,-72.77157083796291,-72.77157083796291
2480.6900695705413,-72.77363922229785,-72.77363922229785
2480.7000695705415,-72.7757140789104,-72.7757140789104
2480.7100695705412,-72.77779542482759,-72.77779542482759
2480.7200695705415,-72.7798832764204,-72.7798832764204
2480.730069570541,-72.78197764939274,-72.78197764939274
2480.7400695705414,-72.7840785588024,-72.7840785588024
2480.750069570541,-72.78618601906294,-72.78618601906294
2480.7600695705414,-72.78830004397051,-72.78830004397051
2480.770069570541,-72.79042064670391,-72.79042064670391
2480.7800695705414,-72.79254783980406,-72.79254783980406
2480.790069570541,-72.79468163523977,-72.79468163523977
2480.8000695705414,-72.79682204435913,-72.79682204435913
2480.8100695705416,-72.79896907794314,-72.79896907794314
2480.8200695705414,-72.80112274619187,-72.80112274619187
2480.8300695705416,-72.80328305872646,-72.80328305872646
2480.8400695705413,-72.80545002461021,-72.80545002461021
2480.8500695705416,-72.80762365235934,-72.80762365235934
2480.8600695705413,-72.80980394994378,-72.80980394994378
2480.8700695705415,-72.81199092478903,-72.81199092478903
2480.8800695705413,-72.81418458380874,-72.81418458380874
2480.8900695705415,-72.81638493338724,-72.81638493338724
2480.9000695705413,-72.81859197939251,-72.81859197939251
2480.9100695705415,-72.82080572719313,-72.82080572719313
2480.9200695705413,-72.82302618166287,-72.82302618166287
2480.9300695705415,-72.82525334717667,-72.82525334717667
2480.9400695705413,-72.82748722764477,-72.82748722764477
2480.9500695705415,-72.82972782647994,-72.82972782647994
2480.9600695705412,-72.83196879591982,-72.83196879591982
2480.9700695705415,-72.83420735760059,-72.83420735760059
2480.980069570541,-72.83644215977836,-72.83644215977836
2480.9900695705414,-72.8386725108544,-72.8386725108544
2481.000069570541,-72.84089808692913,-72.84089808692913
2481.0100695705414,-72.84311877982282,-72.84311877982282
2481.020069570541,-72.84533460804533,-72.84533460804533
2481.0300695705414,-72.84754566327041,-72.84754566327041
2481.040069570541,-72.84975207816768,-72.84975207816768
2481.0500695705414,-72.85195400708695,-72.85195400708695
2481.0600695705416,-72.8541516145341,-72.8541516145341
2481.0700695705414,-72.8563450684447,-72.8563450684447
2481.0800695705416,-72.85853453628522,-72.85853453628522
2481.0900695705413,-72.86072018292033,-72.86072018292033
2481.1000695705416,-72.86290216959097,-72.86290216959097
2481.1100695705413,-72.86508065346251,-72.86508065346251
2481.1200695705415,-72.86725578757351,-72.86725578757351
2481.1300695705413,-72.86942772098097,-72.86942772098097
2481.1400695705415,-72.87159659898695,-72.87159659898695
2481.1500695943832,-72.87376256863357,-72.87376256863357
2481.1600695943835,-72.87592575831883,-72.87592575831883
2481.170069594383,-72.87808630907683,-72.87808630907683
2481.1800695943834,-72.88024435416206,-72.88024435416206
2481.190069594383,-72.88240002448183,-72.88240002448183
2481.2000695943834,-72.88455344878693,-72.88455344878693
2481.210069594383,-72.88669839847971,-72.88669839847971
2481.2200695943834,-72.88883221565777,-72.88883221565777
2481.230069594383,-72.89095366888328,-72.89095366888328
2481.2400695943834,-72.89306218626366,-72.89306218626366
2481.250069594383,-72.89515756279035,-72.89515756279035
2481.2600695943834,-72.89723980841545,-72.89723980841545
2481.270069594383,-72.89930905896969,-72.89930905896969
2481.2800695943833,-72.90136552266621,-72.90136552266621
2481.290069594383,-72.90340944793381,-72.90340944793381
2481.3000695943833,-72.90544110411258,-72.90544110411258
2481.310069594383,-72.90746076996597,-72.90746076996597
2481.3200695943833,-72.90946872691012,-72.90946872691012
2481.330069594383,-72.91146525516213,-72.91146525516213
2481.3400695943833,-72.91345063160608,-72.91345063160608
2481.350069594383,-72.91542512874166,-72.91542512874166
2481.3600695943833,-72.91738901424038,-72.91738901424038
2481.370069594383,-72.91934255089801,-72.91934255089801
2481.3800695943833,-72.92128599675482,-72.92128599675482
2481.390069594383,-72.9232196053657,-72.9232196053657
2481.4000695943832,-72.92514362601892,-72.92514362601892
2481.4100695943835,-72.92705830409734,-72.92705830409734
2481.420069594383,-72.9289638813061,-72.9289638813061
2481.4300695943834,-72.93086059595407,-72.93086059595407
2481.440069594383,-72.93274868314728,-72.93274868314728
2481.4500695943834,-72.93462837502207,-72.93462837502207
2481.460069594383,-72.93649354191325,-72.93649354191325
2481.4700695943834,-72.93834162647565,-72.93834162647565
2481.480069594383,-72.94017149792658,-72.94017149792658
2481.4900695943834,-72.94198268457217,-72.94198268457217
2481.500069594383,-72.94377508099082,-72.94377508099082
2481.5100695943834,-72.94554879595454,-72.94554879595454
2481.520069594383,-72.94730406332732,-72.94730406332732
2481.5300695943833,-72.94904118849956,-72.94904118849956
2481.540069594383,-72.95076051620869,-72.95076051620869
2481.5500695943833,-72.95246241120455,-72.95246241120455
2481.560069594383,-72.95414724676402,-72.95414724676402
2481.5700695943833,-72.95581539789812,-72.95581539789812
2481.580069594383,-72.95746723749157,-72.95746723749157
2481.5900695943833,-72.95910313418173,-72.95910313418173
2481.600069594383,-72.96072345125988,-72.96072345125988
2481.6100695943833,-72.96232854628063,-72.96232854628063
2481.620069594383,-72.96391877096305,-72.96391877096305
2481.6300695943833,-72.96549447132834,-72.96549447132834
2481.640069594383,-72.96705598794739,-72.96705598794739
2481.6500695943832,-72.9686036562188,-72.9686036562188
2481.6600695943835,-72.9701378066564,-72.9701378066564
2481.670069594383,-72.97165876515288,-72.97165876515288
2481.6800695943834,-72.97316685324273,-72.97316685324273
2481.690069594383,-72.97466238834268,-72.97466238834268
2481.7000695943834,-72.97614568390459,-72.97614568390459
2481.710069594383,-72.97761704963669,-72.97761704963669
2481.7200695943834,-72.97907679162735,-72.97907679162735
2481.730069594383,-72.98052521246142,-72.98052521246142
2481.7400695943834,-72.98196261132483,-72.98196261132483
2481.750069594383,-72.98338928409855,-72.98338928409855
2481.7600695943834,-72.98480552342967,-72.98480552342967
2481.770069594383,-72.98621161878273,-72.98621161878273
2481.7800695943833,-72.98760785649519,-72.98760785649519
2481.790069594383,-72.98899451980593,-72.98899451980593
2481.8000695943833,-72.99037188890144,-72.99037188890144
2481.810069594383,-72.99174024092672,-72.99174024092672
2481.8200695943833,-72.99309985001338,-72.99309985001338
2481.830069594383,-72.99445098729983,-72.99445098729983
2481.8400695943833,-72.9957939209357,-72.9957939209357
2481.850069594383,-72.99712891609187,-72.99712891609187
2481.8600695943833,-72.99845623498662,-72.99845623498662
2481.870069594383,-72.99977613686399,-72.99977613686399
2481.8800695943833,-73.00108887803171,-73.00108887803171
2481.890069594383,-73.00239471184248,-73.00239471184248
2481.9000695943832,-73.00369388871519,-73.00369388871519
2481.9100695943835,-73.00498665611909,-73.00498665611909
2481.920069594383,-73.00627325859973,-73.00627325859973
2481.9300695943834,-73.00755393778454,-73.00755393778454
2481.940069594383,-73.00882893237515,-73.00882893237515
2481.9500695943834,-73.01009847815729,-73.01009847815729
2481.960069594383,-73.01135644420737,-73.01135644420737
2481.9700695943834,-73.01260027553903,-73.01260027553903
2481.980069594383,-73.0138288447971,-73.0138288447971
2481.9900695943834,-73.01504168389225,-73.01504168389225
2482.000069618225,-73.01623869366352,-73.01623869366352
2482.0100696182253,-73.01741998014423,-73.01741998014423
2482.020069618225,-73.01858578255167,-73.01858578255167
2482.0300696182253,-73.01973640808708,-73.01973640808708
2482.040069618225,-73.02087220258696,-73.02087220258696
2482.0500696182253,-73.02199353117308,-73.02199353117308
2482.060069618225,-73.02310076673268,-73.02310076673268
2482.0700696182253,-73.02419428312741,-73.02419428312741
2482.080069618225,-73.02527445134521,-73.02527445134521
2482.0900696182252,-73.02634163734267,-73.02634163734267
2482.100069618225,-73.02739620103367,-73.02739620103367
2482.110069618225,-73.02843849584585,-73.02843849584585
2482.120069618225,-73.02946886868713,-73.02946886868713
2482.130069618225,-73.03048766007242,-73.03048766007242
2482.140069618225,-73.03149520442471,-73.03149520442471
2482.150069618225,-73.03249183035706,-73.03249183035706
2482.160069618225,-73.03347786096828,-73.03347786096828
2482.170069618225,-73.03445361417315,-73.03445361417315
2482.180069618225,-73.03541940297042,-73.03541940297042
2482.190069618225,-73.0363755356732,-73.0363755356732
2482.200069618225,-73.03732231616702,-73.03732231616702
2482.210069618225,-73.03826004407061,-73.03826004407061
2482.220069618225,-73.03918901492546,-73.03918901492546
2482.230069618225,-73.04010952032425,-73.04010952032425
2482.240069618225,-73.04102184806692,-73.04102184806692
2482.250069618225,-73.04192628224065,-73.04192628224065
2482.2600696182253,-73.04282310331789,-73.04282310331789
2482.270069618225,-73.04371258825495,-73.04371258825495
2482.2800696182253,-73.044595010533,-73.044595010533
2482.290069618225,-73.0454706402377,-73.0454706402377
2482.3000696182253,-73.04633974411465,-73.04633974411465
2482.310069618225,-73.0472025855807,-73.0472025855807
2482.3200696182253,-73.04805942480597,-73.04805942480597
2482.330069618225,-73.04891051871628,-73.04891051871628
2482.3400696182252,-73.04975612104121,-73.04975612104121
2482.350069618225,-73.0505964823271,-73.0505964823271
2482.360069618225,-73.05143184998242,-73.05143184998242
2482.370069618225,-73.05226246827598,-73.05226246827598
2482.380069618225,-73.05308857837315,-73.05308857837315
2482.390069618225,-73.05391041835387,-73.05391041835387
2482.400069618225,-73.05472822323117,-73.05472822323117
2482.410069618225,-73.0555422249626,-73.0555422249626
2482.420069618225,-73.05635265247622,-73.05635265247622
2482.430069618225,-73.05715973169255,-73.05715973169255
2482.440069618225,-73.05796368552835,-73.05796368552835
2482.450069618225,-73.0587647339074,-73.0587647339074
2482.460069618225,-73.05956309380176,-73.05956309380176
2482.470069618225,-73.06035897924399,-73.06035897924399
2482.480069618225,-73.06115260132056,-73.06115260132056
2482.490069618225,-73.06194416821549,-73.06194416821549
2482.500069618225,-73.06273388521755,-73.06273388521755
2482.5100696182253,-73.06352195474145,-73.06352195474145
2482.520069618225,-73.06430857633947,-73.06430857633947
2482.5300696182253,-73.06509394673073,-73.06509394673073
2482.540069618225,-73.06587825980388,-73.06587825980388
2482.5500696182253,-73.06666170666719,-73.06666170666719
2482.560069618225,-73.06744447563756,-73.06744447563756
2482.5700696182253,-73.0682267522658,-73.0682267522658
2482.580069618225,-73.06900871937209,-73.06900871937209
2482.5900696182252,-73.06979055706287,-73.06979055706287
2482.600069618225,-73.0705724427399,-73.0705724427399
2482.610069618225,-73.07135455112095,-73.07135455112095
2482.620069618225,-73.07213705428782,-73.07213705428782
2482.630069618225,-73.07292012168486,-73.07292012168486
2482.640069618225,-73.07370392014408,-73.07370392014408
2482.650069618225,-73.07448861390888,-73.07448861390888
2482.660069618225,-73.07527436466118,-73.07527436466118
2482.670069618225,-73.07606133154613,-73.07606133154613
2482.680069618225,-73.07684967118551,-73.07684967118551
2482.690069618225,-73.07763953770443,-73.07763953770443
2482.700069618225,-73.07843108276738,-73.07843108276738
2482.710069618225,-73.0792244555844,-73.0792244555844
2482.720069618225,-73.08001980294654,-73.08001980294654
2482.730069618225,-73.08081726923781,-73.08081726923781
2482.740069618225,-73.08161699647427,-73.08161699647427
2482.750069618225,-73.08241912432047,-73.08241912432047
2482.7600696182253,-73.08322379010818,-73.08322379010818
2482.770069618225,-73.08403112888422,-73.08403112888422
2482.7800696182253,-73.08484127339555,-73.08484127339555
2482.790069618225,-73.08565435414117,-73.08565435414117
2482.8000696182253,-73.086470499406,-73.086470499406
2482.810069618225,-73.08728983525431,-73.08728983525431
2482.8200696182253,-73.08811248557106,-73.08811248557106
2482.830069618225,-73.08893857209303,-73.08893857209303
2482.8400696182252,-73.08976821441223,-73.08976821441223
2482.850069642067,-73.09060153201058,-73.09060153201058
2482.860069642067,-73.0914386363448,-73.0914386363448
2482.870069642067,-73.092279642725,-73.092279642725
2482.880069642067,-73.09312466246865,-73.09312466246865
2482.890069642067,-73.09397380488699,-73.09397380488699
2482.900069642067,-73.0948271772804,-73.0948271772804
2482.910069642067,-73.09568488501162,-73.09568488501162
2482.920069642067,-73.09654703148496,-73.09654703148496
2482.930069642067,-73.09741371820206,-73.09741371820206
2482.940069642067,-73.09828504476458,-73.09828504476458
2482.950069642067,-73.0991611089008,-73.0991611089008
2482.960069642067,-73.10004200649944,-73.10004200649944
2482.970069642067,-73.10092783163185,-73.10092783163185
2482.980069642067,-73.10181867654384,-73.10181867654384
2482.990069642067,-73.10271463173135,-73.10271463173135
2483.000069642067,-73.10361578592052,-73.10361578592052
2483.010069642067,-73.10452222610861,-73.10452222610861
2483.020069642067,-73.1054340375825,-73.1054340375825
2483.030069642067,-73.10635130394007,-73.10635130394007
2483.040069642067,-73.10727410711037,-73.10727410711037
2483.050069642067,-73.10820252739184,-73.10820252739184
2483.060069642067,-73.10913664343389,-73.10913664343389
2483.0700696420668,-73.11007653230543,-73.11007653230543
2483.080069642067,-73.11102226949089,-73.11102226949089
2483.0900696420667,-73.1119739289053,-73.1119739289053
2483.100069642067,-73.11293158293876,-73.11293158293876
2483.110069642067,-73.11389530245619,-73.11389530245619
2483.120069642067,-73.11486515682174,-73.11486515682174
2483.130069642067,-73.1158412139297,-73.1158412139297
2483.140069642067,-73.11682354021065,-73.11682354021065
2483.150069642067,-73.11781220066719,-73.11781220066719
2483.160069642067,-73.1188072588702,-73.1188072588702
2483.170069642067,-73.11980877700012,-73.11980877700012
2483.180069642067,-73.12081681585603,-73.12081681585603
2483.190069642067,-73.1218314348845,-73.1218314348845
2483.200069642067,-73.12285269218305,-73.12285269218305
2483.210069642067,-73.12388064452234,-73.12388064452234
2483.220069642067,-73.12491534738814,-73.12491534738814
2483.230069642067,-73.12595685496065,-73.12595685496065
2483.240069642067,-73.12700522015902,-73.12700522015902
2483.250069642067,-73.12806049465854,-73.12806049465854
2483.260069642067,-73.12912272889005,-73.12912272889005
2483.270069642067,-73.13019197207755,-73.13019197207755
2483.280069642067,-73.13126827224728,-73.13126827224728
2483.290069642067,-73.13235167624376,-73.13235167624376
2483.300069642067,-73.13344222975546,-73.13344222975546
2483.310069642067,-73.13453997729948,-73.13453997729948
2483.3200696420668,-73.13564496229799,-73.13564496229799
2483.330069642067,-73.13675722703043,-73.13675722703043
2483.3400696420667,-73.13787681269046,-73.13787681269046
2483.350069642067,-73.13900375938613,-73.13900375938613
2483.360069642067,-73.14013810615597,-73.14013810615597
2483.370069642067,-73.1412798909987,-73.1412798909987
2483.380069642067,-73.14242915087225,-73.14242915087225
2483.390069642067,-73.143585921699,-73.143585921699
2483.400069642067,-73.14475023841673,-73.14475023841673
2483.410069642067,-73.14592213495501,-73.14592213495501
2483.420069642067,-73.14710164428439,-73.14710164428439
2483.430069642067,-73.1482887984046,-73.1482887984046
2483.440069642067,-73.1494836283574,-73.1494836283574
2483.450069642067,-73.15068616426875,-73.15068616426875
2483.460069642067,-73.15189643532449,-73.15189643532449
2483.470069642067,-73.15311446982768,-73.15311446982768
2483.480069642067,-73.154340295165,-73.154340295165
2483.490069642067,-73.15557393785956,-73.15557393785956
2483.500069642067,-73.15681542355712,-73.15681542355712
2483.510069642067,-73.15806477706225,-73.15806477706225
2483.520069642067,-73.15932202233076,-73.15932202233076
2483.530069642067,-73.16058718248583,-73.16058718248583
2483.540069642067,-73.16186027984459,-73.16186027984459
2483.550069642067,-73.1631413359144,-73.1631413359144
2483.560069642067,-73.1644303714086,-73.1644303714086
2483.5700696420668,-73.16572740626992,-73.16572740626992
2483.580069642067,-73.16703245966487,-73.16703245966487
2483.5900696420667,-73.16834555000284,-73.16834555000284
2483.600069642067,-73.16966669496139,-73.16966669496139
2483.610069642067,-73.17099591147553,-73.17099591147553
2483.620069642067,-73.17233321575408,-73.17233321575408
2483.630069642067,-73.17367862330049,-73.17367862330049
2483.640069642067,-73.17503214892,-73.17503214892
2483.650069642067,-73.17639380672992,-73.17639380672992
2483.660069642067,-73.1777636101545,-73.1777636101545
2483.670069642067,-73.17914157196392,-73.17914157196392
2483.680069642067,-73.18052770427272,-73.18052770427272
2483.690069642067,-73.1819220185243,-73.1819220185243
2483.700069665909,-73.18332452889477,-73.18332452889477
2483.710069665909,-73.18473523892172,-73.18473523892172
2483.720069665909,-73.18615416148366,-73.18615416148366
2483.730069665909,-73.18758130554632,-73.18758130554632
2483.740069665909,-73.18901667948023,-73.18901667948023
2483.750069665909,-73.19046029106751,-73.19046029106751
2483.7600696659088,-73.19191214749829,-73.19191214749829
2483.770069665909,-73.1933722554005,-73.1933722554005
2483.7800696659087,-73.19484062083977,-73.19484062083977
2483.790069665909,-73.19631724931062,-73.19631724931062
2483.8000696659087,-73.19780214578307,-73.19780214578307
2483.810069665909,-73.19929531468338,-73.19929531468338
2483.8200696659087,-73.20079675990976,-73.20079675990976
2483.830069665909,-73.20230648483589,-73.20230648483589
2483.8400696659087,-73.20378143335303,-73.20378143335303
2483.850069665909,-73.20519656104186,-73.20519656104186
2483.8600696659087,-73.2065390668738,-73.2065390668738
2483.870069665909,-73.20780268084204,-73.20780268084204
2483.8800696659086,-73.20898464179048,-73.20898464179048
2483.890069665909,-73.21008410120365,-73.21008410120365
2483.9000696659086,-73.21110125284305,-73.21110125284305
2483.910069665909,-73.21203684832446,-73.21203684832446
2483.9200696659086,-73.21289192469862,-73.21289192469862
2483.930069665909,-73.21366765098787,-73.21366765098787
2483.9400696659086,-73.21436524260248,-73.21436524260248
2483.950069665909,-73.21498591474648,-73.21498591474648
2483.960069665909,-73.21553085844968,-73.21553085844968
2483.970069665909,-73.21600122958942,-73.21600122958942
2483.980069665909,-73.21639814531254,-73.21639814531254
2483.990069665909,-73.2167226846196,-73.2167226846196
2484.000069665909,-73.21697589093733,-73.21697589093733
2484.0100696659088,-73.21715877581724,-73.21715877581724
2484.020069665909,-73.21727232283644,-73.21727232283644
2484.0300696659087,-73.2173174915327,-73.2173174915327
2484.040069665909,-73.21729522093742,-73.21729522093742
2484.0500696659087,-73.21720643289022,-73.21720643289022
2484.060069665909,-73.21705203489019,-73.21705203489019
2484.0700696659087,-73.21683292257104,-73.21683292257104
2484.080069665909,-73.21654998180306,-73.21654998180306
2484.0900696659087,-73.21620409048462,-73.21620409048462
2484.100069665909,-73.21579612002613,-73.21579612002613
2484.1100696659087,-73.21532693655779,-73.21532693655779
2484.120069665909,-73.21479740192581,-73.21479740192581
2484.1300696659086,-73.21420837449043,-73.21420837449043
2484.140069665909,-73.21356070973322,-73.21356070973322
2484.1500696659086,-73.21285526074642,-73.21285526074642
2484.160069665909,-73.21209287858521,-73.21209287858521
2484.1700696659086,-73.21127441252753,-73.21127441252753
2484.180069665909,-73.21040071020187,-73.21040071020187
2484.1900696659086,-73.20947261772007,-73.20947261772007
2484.200069665909,-73.2084909796649,-73.2084909796649
2484.210069665909,-73.20745663909928,-73.20745663909928
2484.220069665909,-73.2063704374694,-73.2063704374694
2484.230069665909,-73.20523321452153,-73.20523321452153
2484.240069665909,-73.20404580818062,-73.20404580818062
2484.250069665909,-73.20280905438409,-73.20280905438409
2484.2600696659088,-73.20152378692214,-73.20152378692214
2484.270069665909,-73.20019083725263,-73.20019083725263
2484.2800696659087,-73.1988110343332,-73.1988110343332
2484.290069665909,-73.19738520438489,-73.19738520438489
2484.3000696659087,-73.1959141707394,-73.1959141707394
2484.310069665909,-73.19439875358854,-73.19439875358854
2484.3200696659087,-73.19283976982469,-73.19283976982469
2484.330069665909,-73.19123803281784,-73.19123803281784
2484.3400696659087,-73.18959435221733,-73.18959435221733
2484.350069665909,-73.1879095337607,-73.1879095337607
2484.3600696659087,-73.18618437908276,-73.18618437908276
2484.370069665909,-73.1844196855362,-73.1844196855362
2484.3800696659086,-73.18261624599529,-73.18261624599529
2484.390069665909,-73.1807748487004,-73.1807748487004
2484.4000696659086,-73.1788962770799,-73.1788962770799
2484.410069665909,-73.17698130958757,-73.17698130958757
2484.4200696659086,-73.17503071956406,-73.17503071956406
2484.430069665909,-73.17304527506298,-73.17304527506298
2484.4400696659086,-73.17102573875118,-73.17102573875118
2484.450069665909,-73.16897286773032,-73.16897286773032
2484.460069665909,-73.16688741344237,-73.16688741344237
2484.470069665909,-73.16477012154019,-73.16477012154019
2484.480069665909,-73.16262173177816,-73.16262173177816
2484.490069665909,-73.16044297790953,-73.16044297790953
2484.500069665909,-73.15823458757075,-73.15823458757075
2484.5100696659088,-73.15599728222057,-73.15599728222057
2484.520069665909,-73.1537317770243,-73.1537317770243
2484.5300696659087,-73.15143878080566,-73.15143878080566
2484.540069665909,-73.14911899592764,-73.14911899592764
2484.5500696897507,-73.14677311269638,-73.14677311269638
2484.560069689751,-73.14440183152266,-73.14440183152266
2484.5700696897507,-73.14200582962293,-73.14200582962293
2484.580069689751,-73.13958578303307,-73.13958578303307
2484.5900696897506,-73.13714236108032,-73.13714236108032
2484.600069689751,-73.13467622634322,-73.13467622634322
2484.6100696897506,-73.13218803462148,-73.13218803462148
2484.620069689751,-73.12967843489308,-73.12967843489308
2484.6300696897506,-73.1271480692953,-73.1271480692953
2484.640069689751,-73.12459757310359,-73.12459757310359
2484.6500696897506,-73.1220275747209,-73.1220275747209
2484.660069689751,-73.11943869564703,-73.11943869564703
2484.6700696897506,-73.11683155048986,-73.11683155048986
2484.680069689751,-73.11420674694608,-73.11420674694608
2484.6900696897505,-73.11156488580697,-73.11156488580697
2484.7000696897508,-73.10890656094345,-73.10890656094345
2484.7100696897505,-73.10623235933923,-73.10623235933923
2484.7200696897507,-73.10354286107834,-73.10354286107834
2484.7300696897505,-73.10083863935479,-73.10083863935479
2484.7400696897507,-73.09812026050152,-73.09812026050152
2484.7500696897505,-73.09538828399218,-73.09538828399218
2484.7600696897507,-73.09264326245766,-73.09264326245766
2484.7700696897505,-73.08988574172547,-73.08988574172547
2484.7800696897507,-73.0871162608344,-73.0871162608344
2484.7900696897505,-73.08433535204861,-73.08433535204861
2484.8000696897507,-73.08154354090054,-73.08154354090054
2484.810069689751,-73.07874134621977,-73.07874134621977
2484.8200696897507,-73.07592928014894,-73.07592928014894
2484.830069689751,-73.07310784820237,-73.07310784820237
2484.8400696897506,-73.07027754927975,-73.07027754927975
2484.850069689751,-73.06743887571372,-73.06743887571372
2484.8600696897506,-73.06459231330966,-73.06459231330966
2484.870069689751,-73.06173834137036,-73.06173834137036
2484.8800696897506,-73.05887743276952,-73.05887743276952
2484.890069689751,-73.05601005394978,-73.05601005394978
2484.9000696897506,-73.05313666500608,-73.05313666500608
2484.910069689751,-73.05025771969439,-73.05025771969439
2484.9200696897506,-73.04737366552463,-73.04737366552463
2484.930069689751,-73.0444849437534,-73.0444849437534
2484.9400696897505,-73.04159198946908,-73.04159198946908
2484.9500696897508,-73.03869523162354,-73.03869523162354
2484.9600696897505,-73.03579509308513,-73.03579509308513
2484.9700696897507,-73.03289199068017,-73.03289199068017
2484.9800696897505,-73.02998633527015,-73.02998633527015
2484.9900696897507,-73.02707853176646,-73.02707853176646
2485.0000696897505,-73.02416897920969,-73.02416897920969
2485.0100696897507,-73.02125807080526,-73.02125807080526
2485.0200696897505,-73.01834619398036,-73.01834619398036
2485.0300696897507,-73.01543373044159,-73.01543373044159
2485.0400696897505,-73.0125210562214,-73.0125210562214
2485.0500696897507,-73.00960854172338,-73.00960854172338
2485.060069689751,-73.00669655179894,-73.00669655179894
2485.0700696897507,-73.00378544578443,-73.00378544578443
2485.080069689751,-73.00087557755553,-73.00087557755553
2485.0900696897506,-72.99796729558572,-72.99796729558572
2485.100069689751,-72.99506094299808,-72.99506094299808
2485.1100696897506,-72.99215685761651,-72.99215685761651
2485.120069689751,-72.98925537203162,-72.98925537203162
2485.1300696897506,-72.98635681364135,-72.98635681364135
2485.140069689751,-72.98346150471308,-72.98346150471308
2485.1500696897506,-72.98056976243174,-72.98056976243174
2485.160069689751,-72.97768189895585,-72.97768189895585
2485.1700696897506,-72.97479822147905,-72.97479822147905
2485.180069689751,-72.971919032279,-72.971919032279
2485.1900696897505,-72.96904462877022,-72.96904462877022
2485.2000696897508,-72.96617530354304,-72.96617530354304
2485.2100696897505,-72.96330498979465,-72.96330498979465
2485.2200696897507,-72.96043119487857,-72.96043119487857
2485.2300696897505,-72.95755285134157,-72.95755285134157
2485.2400696897507,-72.95466954863586,-72.95466954863586
2485.2500696897505,-72.95178124005655,-72.95178124005655
2485.2600696897507,-72.94888809055404,-72.94888809055404
2485.2700696897505,-72.9459903875516,-72.9459903875516
2485.2800696897507,-72.94308848739372,-72.94308848739372
2485.2900696897505,-72.94018278314944,-72.94018278314944
2485.3000696897507,-72.93727368533618,-72.93727368533618
2485.310069689751,-72.93436161044266,-72.93436161044266
2485.3200696897507,-72.93144697426669,-72.93144697426669
2485.330069689751,-72.9285301880199,-72.9285301880199
2485.3400696897506,-72.92561165637147,-72.92561165637147
2485.350069689751,-72.92269177635842,-72.92269177635842
2485.3600696897506,-72.91977093708897,-72.91977093708897
2485.370069689751,-72.91684951968485,-72.91684951968485
2485.3800696897506,-72.91392789753387,-72.91392789753387
2485.390069689751,-72.9110064365549,-72.9110064365549
2485.4000697135925,-72.90808548861501,-72.90808548861501
2485.4100697135927,-72.90516541967628,-72.90516541967628
2485.4200697135925,-72.9022465684237,-72.9022465684237
2485.4300697135927,-72.89932927436917,-72.89932927436917
2485.4400697135925,-72.89641387121914,-72.89641387121914
2485.4500697135927,-72.89350068707995,-72.89350068707995
2485.4600697135925,-72.89059004472885,-72.89059004472885
2485.4700697135927,-72.88768226177433,-72.88768226177433
2485.4800697135925,-72.88477765086907,-72.88477765086907
2485.4900697135927,-72.88187651983029,-72.88187651983029
2485.5000697135924,-72.87897917177402,-72.87897917177402
2485.5100697135927,-72.87608590525832,-72.87608590525832
2485.5200697135924,-72.87319701437687,-72.87319701437687
2485.5300697135926,-72.87031278882735,-72.87031278882735
2485.5400697135924,-72.86743351403716,-72.86743351403716
2485.5500697135926,-72.86455947118566,-72.86455947118566
2485.5600697135924,-72.86169093731667,-72.86169093731667
2485.5700697135926,-72.85882818536776,-72.85882818536776
2485.5800697135924,-72.85597148423119,-72.85597148423119
2485.5900697135926,-72.85312109879798,-72.85312109879798
2485.6000697135923,-72.85027729002142,-72.85027729002142
2485.6100697135926,-72.84744031493399,-72.84744031493399
2485.6200697135923,-72.84461042671138,-72.84461042671138
2485.6300697135925,-72.8417878746907,-72.8417878746907
2485.6400697135923,-72.83897290442778,-72.83897290442778
2485.6500697135925,-72.8361657576986,-72.8361657576986
2485.6600697135927,-72.83336667257517,-72.83336667257517
2485.6700697135925,-72.83057588341768,-72.83057588341768
2485.6800697135927,-72.82779362092806,-72.82779362092806
2485.6900697135925,-72.82502011219297,-72.82502011219297
2485.7000697135927,-72.82225558066983,-72.82225558066983
2485.7100697135925,-72.81949390419962,-72.81949390419962
2485.7200697135927,-72.8167325291315,-72.8167325291315
2485.7300697135925,-72.81397032543016,-72.81397032543016
2485.7400697135927,-72.81120681983906,-72.81120681983906
2485.7500697135924,-72.80844190336771,-72.80844190336771
2485.7600697135927,-72.80567567934631,-72.80567567934631
2485.7700697135924,-72.80290837439205,-72.80290837439205
2485.7800697135926,-72.80014028489065,-72.80014028489065
2485.7900697135924,-72.79737174487511,-72.79737174487511
2485.8000697135926,-72.79460310671656,-72.79460310671656
2485.8100697135924,-72.79183472968454,-72.79183472968454
2485.8200697135926,-72.78906697320706,-72.78906697320706
2485.8300697135924,-72.78630019308356,-72.78630019308356
2485.8400697135926,-72.78353473936235,-72.78353473936235
2485.8500697135923,-72.7807709553675,-72.7807709553675
2485.8600697135926,-72.77800917728933,-72.77800917728933
2485.8700697135923,-72.77524973419109,-72.77524973419109
2485.8800697135925,-72.77249294817554,-72.77249294817554
2485.8900697135923,-72.76973913469048,-72.76973913469048
2485.9000697135925,-72.76698860282237,-72.76698860282237
2485.9100697135927,-72.76424165567234,-72.76424165567234
2485.9200697135925,-72.76149859065788,-72.76149859065788
2485.9300697135927,-72.75875969980154,-72.75875969980154
2485.9400697135925,-72.75602527002519,-72.75602527002519
2485.9500697135927,-72.75329558335459,-72.75329558335459
2485.9600697135925,-72.75057091716916,-72.75057091716916
2485.9700697135927,-72.74785154435126,-72.74785154435126
2485.9800697135925,-72.74513773347607,-72.74513773347607
2485.9900697135927,-72.74242974893444,-72.74242974893444
2486.0000697135924,-72.7397278510624,-72.7397278510624
2486.0100697135927,-72.73703229623877,-72.73703229623877
2486.0200697135924,-72.73434333699203,-72.73434333699203
2486.0300697135926,-72.73166122207014,-72.73166122207014
2486.0400697135924,-72.72898619650542,-72.72898619650542
2486.0500697135926,-72.72631850169095,-72.72631850169095
2486.0600697135924,-72.7236583754269,-72.7236583754269
2486.0700697135926,-72.72100605196518,-72.72100605196518
2486.0800697135924,-72.71836176206871,-72.71836176206871
2486.0900697135926,-72.7157257330242,-72.7157257330242
2486.1000697135923,-72.7130981887203,-72.7130981887203
2486.1100697135926,-72.71047934962864,-72.71047934962864
2486.1200697135923,-72.70786943287764,-72.70786943287764
2486.1300697135925,-72.70526865225706,-72.70526865225706
2486.1400697135923,-72.70267721825438,-72.70267721825438
2486.1500697135925,-72.70009533808671,-72.70009533808671
2486.1600697135927,-72.69752321571454,-72.69752321571454
2486.1700697135925,-72.69496105186681,-72.69496105186681
2486.1800697135927,-72.69240904406793,-72.69240904406793
2486.1900697135925,-72.68986738667256,-72.68986738667256
2486.2000697135927,-72.68733627087133,-72.68733627087133
2486.2100697135925,-72.68481588472211,-72.68481588472211
2486.2200697135927,-72.68230641316275,-72.68230641316275
2486.2300697135925,-72.67980803806755,-72.67980803806755
2486.2400697135927,-72.6773209382106,-72.6773209382106
2486.2500697374344,-72.674845283461,-72.674845283461
2486.2600697374346,-72.67238125837054,-72.67238125837054
2486.2700697374344,-72.66992902675693,-72.66992902675693
2486.2800697374346,-72.66748875537367,-72.66748875537367
2486.2900697374344,-72.66506060804909,-72.66506060804909
2486.3000697374346,-72.66264474567316,-72.66264474567316
2486.3100697374343,-72.66024132624626,-72.66024132624626
2486.3200697374346,-72.65785050489467,-72.65785050489467
2486.3300697374343,-72.65547243389437,-72.65547243389437
2486.3400697374345,-72.65310726268213,-72.65310726268213
2486.3500697374343,-72.6507551379137,-72.6507551379137
2486.3600697374345,-72.64841620345705,-72.64841620345705
2486.3700697374343,-72.64609060044056,-72.64609060044056
2486.3800697374345,-72.64377846726863,-72.64377846726863
2486.3900697374343,-72.64147993963621,-72.64147993963621
2486.4000697374345,-72.63919515058456,-72.63919515058456
2486.4100697374342,-72.63692423050375,-72.63692423050375
2486.4200697374345,-72.63466730715568,-72.63466730715568
2486.430069737434,-72.63242450572079,-72.63242450572079
2486.4400697374344,-72.63019594881202,-72.63019594881202
2486.450069737434,-72.62798175649317,-72.62798175649317
2486.4600697374344,-72.62578204633284,-72.62578204633284
2486.470069737434,-72.6235969334052,-72.6235969334052
2486.4800697374344,-72.62142653031802,-72.62142653031802
2486.490069737434,-72.61927094725617,-72.61927094725617
2486.5000697374344,-72.61713029199265,-72.61713029199265
2486.5100697374346,-72.615004669926,-72.615004669926
2486.5200697374344,-72.6128941841047,-72.6128941841047
2486.5300697374346,-72.61079893524659,-72.61079893524659
2486.5400697374344,-72.6087190217752,-72.6087190217752
2486.5500697374346,-72.6066545398358,-72.6066545398358
2486.5600697374343,-72.60460558333183,-72.60460558333183
2486.5700697374346,-72.6025722439547,-72.6025722439547
2486.5800697374343,-72.60055461120648,-72.60055461120648
2486.5900697374345,-72.59855277239397,-72.59855277239397
2486.6000697374343,-72.59656681272187,-72.59656681272187
2486.6100697374345,-72.59459681526317,-72.59459681526317
2486.6200697374343,-72.59264286100765,-72.59264286100765
2486.6300697374345,-72.59070502887961,-72.59070502887961
2486.6400697374343,-72.588783395771,-72.588783395771
2486.6500697374345,-72.58687803656427,-72.58687803656427
2486.6600697374342,-72.58498902416461,-72.58498902416461
2486.6700697374345,-72.58311642950716,-72.58311642950716
2486.680069737434,-72.58126032160148,-72.58126032160148
2486.6900697374344,-72.5794207675423,-72.5794207675423
2486.700069737434,-72.57759783255307,-72.57759783255307
2486.7100697374344,-72.57579157998475,-72.57579157998475
2486.720069737434,-72.57400207136591,-72.57400207136591
2486.7300697374344,-72.57222936641008,-72.57222936641008
2486.740069737434,-72.57047352305113,-72.57047352305113
2486.7500697374344,-72.5687345974532,-72.5687345974532
2486.7600697374346,-72.56701264405031,-72.56701264405031
2486.7700697374344,-72.56530771556002,-72.56530771556002
2486.7800697374346,-72.56361986300868,-72.56361986300868
2486.7900697374344,-72.56194913576348,-72.56194913576348
2486.8000697374346,-72.56029558153442,-72.56029558153442
2486.8100697374343,-72.55865924642168,-72.55865924642168
2486.8200697374346,-72.5570401749255,-72.5570401749255
2486.8300697374343,-72.5554384099737,-72.5554384099737
2486.8400697374345,-72.55385399293625,-72.55385399293625
2486.8500697374343,-72.55228696365211,-72.55228696365211
2486.8600697374345,-72.55073736044294,-72.55073736044294
2486.8700697374343,-72.5492052201561,-72.5492052201561
2486.8800697374345,-72.54769057816382,-72.54769057816382
2486.8900697374343,-72.546193468398,-72.546193468398
2486.9000697374345,-72.54471392335425,-72.54471392335425
2486.9100697374342,-72.54325197414845,-72.54325197414845
2486.9200697374345,-72.54180765049242,-72.54180765049242
2486.930069737434,-72.54038098073467,-72.54038098073467
2486.9400697374344,-72.53897199189335,-72.53897199189335
2486.950069737434,-72.53758070965816,-72.53758070965816
2486.9600697374344,-72.53620715840604,-72.53620715840604
2486.970069737434,-72.53485136124411,-72.53485136124411
2486.9800697374344,-72.53351334000897,-72.53351334000897
2486.990069737434,-72.53219311529493,-72.53219311529493
2487.0000697374344,-72.53089070646051,-72.53089070646051
2487.0100697374346,-72.52960613166745,-72.52960613166745
2487.0200697374344,-72.52833940786653,-72.52833940786653
2487.0300697374346,-72.52709055086366,-72.52709055086366
2487.0400697374344,-72.52585957529043,-72.52585957529043
2487.0500697374346,-72.52464649464669,-72.52464649464669
2487.0600697374343,-72.52345132132193,-72.52345132132193
2487.0700697374346,-72.52227406659107,-72.52227406659107
2487.0800697374343,-72.52111474064894,-72.52111474064894
2487.0900697374345,-72.51997335263339,-72.51997335263339
2487.1000697612762,-72.5188499079385,-72.5188499079385
2487.1100697612765,-72.51774441901826,-72.51774441901826
2487.120069761276,-72.51665688915054,-72.51665688915054
2487.1300697612764,-72.5155873233637,-72.5155873233637
2487.140069761276,-72.51453572568983,-72.51453572568983
2487.1500697612764,-72.51350209920074,-72.51350209920074
2487.160069761276,-72.51248644599582,-72.51248644599582
2487.1700697612764,-72.51148876724507,-72.51148876724507
2487.180069761276,-72.51050906318477,-72.51050906318477
2487.1900697612764,-72.50954733315012,-72.50954733315012
2487.200069761276,-72.5086035755817,-72.5086035755817
2487.2100697612764,-72.50767778802104,-72.50767778802104
2487.220069761276,-72.50676996716102,-72.50676996716102
2487.2300697612764,-72.50588010883305,-72.50588010883305
2487.240069761276,-72.50500820802668,-72.50500820802668
2487.2500697612763,-72.50415425891693,-72.50415425891693
2487.260069761276,-72.50331825485556,-72.50331825485556
2487.2700697612763,-72.50250018839972,-72.50250018839972
2487.280069761276,-72.50170005131669,-72.50170005131669
2487.2900697612763,-72.50091783461492,-72.50091783461492
2487.300069761276,-72.50015352852732,-72.50015352852732
2487.3100697612763,-72.49940712254332,-72.49940712254332
2487.320069761276,-72.49867860542993,-72.49867860542993
2487.3300697612763,-72.49796796521387,-72.49796796521387
2487.340069761276,-72.49727518922698,-72.49727518922698
2487.3500697612762,-72.496600264097,-72.496600264097
2487.3600697612765,-72.49594317575908,-72.49594317575908
2487.370069761276,-72.49530390948624,-72.49530390948624
2487.3800697612764,-72.49468244988294,-72.49468244988294
2487.390069761276,-72.4940787808999,-72.4940787808999
2487.4000697612764,-72.49349288584426,-72.49349288584426
2487.410069761276,-72.49292474740685,-72.49292474740685
2487.4200697612764,-72.49237434764103,-72.49237434764103
2487.430069761276,-72.49184166801673,-72.49184166801673
2487.4400697612764,-72.49132668937307,-72.49132668937307
2487.450069761276,-72.49082939199835,-72.49082939199835
2487.4600697612764,-72.49034975558351,-72.49034975558351
2487.470069761276,-72.48988775925166,-72.48988775925166
2487.4800697612764,-72.48944338157673,-72.48944338157673
2487.490069761276,-72.48901660058638,-72.48901660058638
2487.5000697612763,-72.4886073937708,-72.4886073937708
2487.510069761276,-72.48821573809238,-72.48821573809238
2487.5200697612763,-72.48784160999404,-72.48784160999404
2487.530069761276,-72.48748498541526,-72.48748498541526
2487.5400697612763,-72.48714583978675,-72.48714583978675
2487.550069761276,-72.4868241480576,-72.4868241480576
2487.5600697612763,-72.48651988468649,-72.48651988468649
2487.570069761276,-72.48623302368,-72.48623302368
2487.5800697612763,-72.48596353856037,-72.48596353856037
2487.590069761276,-72.48571140240601,-72.48571140240601
2487.6000697612762,-72.48547658783438,-72.48547658783438
2487.6100697612765,-72.48525906703989,-72.48525906703989
2487.620069761276,-72.48505881178674,-72.48505881178674
2487.6300697612764,-72.48487579340923,-72.48487579340923
2487.640069761276,-72.48470998282869,-72.48470998282869
2487.6500697612764,-72.48456135056766,-72.48456135056766
2487.660069761276,-72.4844298667427,-72.4844298667427
2487.6700697612764,-72.48431550107502,-72.48431550107502
2487.680069761276,-72.48421822291661,-72.48421822291661
2487.6900697612764,-72.48413800122897,-72.48413800122897
2487.700069761276,-72.48407480462016,-72.48407480462016
2487.7100697612764,-72.48402228379199,-72.48402228379199
2487.720069761276,-72.48397764395835,-72.48397764395835
2487.7300697612764,-72.48393951057218,-72.48393951057218
2487.740069761276,-72.48390716618965,-72.48390716618965
2487.7500697612763,-72.48388025925587,-72.48388025925587
2487.760069761276,-72.48385865286107,-72.48385865286107
2487.7700697612763,-72.48384233605026,-72.48384233605026
2487.780069761276,-72.48383137055332,-72.48383137055332
2487.7900697612763,-72.48382585874725,-72.48382585874725
2487.800069761276,-72.48382592442611,-72.48382592442611
2487.8100697612763,-72.48383170136364,-72.48383170136364
2487.820069761276,-72.4838433265778,-72.4838433265778
2487.8300697612763,-72.48386093651996,-72.48386093651996
2487.840069761276,-72.4838846649539,-72.4838846649539
2487.8500697612762,-72.4839146419127,-72.4839146419127
2487.8600697612765,-72.48395099331027,-72.48395099331027
2487.870069761276,-72.48399384087745,-72.48399384087745
2487.8800697612764,-72.48404330231577,-72.48404330231577
2487.890069761276,-72.48409949157953,-72.48409949157953
2487.9000697612764,-72.48416251913257,-72.48416251913257
2487.910069761276,-72.4842324922875,-72.4842324922875
2487.9200697612764,-72.48430951548312,-72.48430951548312
2487.930069761276,-72.48439369056042,-72.48439369056042
2487.9400697612764,-72.48448511699203,-72.48448511699203
2487.950069785118,-72.48458389232825,-72.48458389232825
2487.9600697851183,-72.48469011147884,-72.48469011147884
2487.970069785118,-72.48480386819848,-72.48480386819848
2487.9800697851183,-72.48492525434754,-72.48492525434754
2487.990069785118,-72.48505436022265,-72.48505436022265
2488.0000697851183,-72.485191274647,-72.485191274647
2488.010069785118,-72.48533608505895,-72.48533608505895
2488.0200697851183,-72.48548887756404,-72.48548887756404
2488.030069785118,-72.48564973699382,-72.48564973699382
2488.0400697851182,-72.48581874694261,-72.48581874694261
2488.050069785118,-72.48599598981535,-72.48599598981535
2488.0600697851182,-72.48618154684692,-72.48618154684692
2488.070069785118,-72.48637549813097,-72.48637549813097
2488.080069785118,-72.48657792261844,-72.48657792261844
2488.090069785118,-72.4867888981646,-72.4867888981646
2488.100069785118,-72.48700850149939,-72.48700850149939
2488.110069785118,-72.48723680826545,-72.48723680826545
2488.120069785118,-72.48747389300163,-72.48747389300163
2488.130069785118,-72.48771982916753,-72.48771982916753
2488.140069785118,-72.48797468911691,-72.48797468911691
2488.150069785118,-72.48823854413189,-72.48823854413189
2488.160069785118,-72.48851146438905,-72.48851146438905
2488.170069785118,-72.488793518977,-72.488793518977
2488.180069785118,-72.48908477590216,-72.48908477590216
2488.190069785118,-72.48938530206249,-72.48938530206249
2488.200069785118,-72.48969516326571,-72.48969516326571
2488.2100697851183,-72.49001442422633,-72.49001442422633
2488.220069785118,-72.49034314854886,-72.49034314854886
2488.2300697851183,-72.49068139873665,-72.49068139873665
2488.240069785118,-72.49102923620217,-72.49102923620217
2488.2500697851183,-72.49138672123672,-72.49138672123672
2488.260069785118,-72.49175391304824,-72.49175391304824
2488.2700697851183,-72.49213086971874,-72.49213086971874
2488.280069785118,-72.49251764822779,-72.49251764822779
2488.2900697851182,-72.4929143044623,-72.4929143044623
2488.300069785118,-72.49332089319147,-72.49332089319147
2488.3100697851182,-72.4937374680867,-72.4937374680867
2488.320069785118,-72.49416408171729,-72.49416408171729
2488.330069785118,-72.49460078555296,-72.49460078555296
2488.340069785118,-72.49504762996577,-72.49504762996577
2488.350069785118,-72.49550466422991,-72.49550466422991
2488.360069785118,-72.49597193652761,-72.49597193652761
2488.370069785118,-72.4964494939523,-72.4964494939523
2488.380069785118,-72.49693738251905,-72.49693738251905
2488.390069785118,-72.49743564715223,-72.49743564715223
2488.400069785118,-72.49794433171171,-72.49794433171171
2488.410069785118,-72.49846347897396,-72.49846347897396
2488.420069785118,-72.49899313066544,-72.49899313066544
2488.430069785118,-72.49953332744192,-72.49953332744192
2488.440069785118,-72.5000841089114,-72.5000841089114
2488.450069785118,-72.50064551362746,-72.50064551362746
2488.4600697851183,-72.50121757910274,-72.50121757910274
2488.470069785118,-72.50180034182824,-72.50180034182824
2488.4800697851183,-72.50239383725228,-72.50239383725228
2488.490069785118,-72.50299809981047,-72.50299809981047
2488.5000697851183,-72.50361316291688,-72.50361316291688
2488.510069785118,-72.50423905900135,-72.50423905900135
2488.5200697851183,-72.5048758194774,-72.5048758194774
2488.530069785118,-72.50552347478039,-72.50552347478039
2488.5400697851182,-72.50618205435849,-72.50618205435849
2488.550069785118,-72.50685158669103,-72.50685158669103
2488.5600697851182,-72.50753209929574,-72.50753209929574
2488.570069785118,-72.50822361872723,-72.50822361872723
2488.580069785118,-72.50892617060995,-72.50892617060995
2488.590069785118,-72.50963977961909,-72.50963977961909
2488.600069785118,-72.51036446950481,-72.51036446950481
2488.610069785118,-72.51110026310083,-72.51110026310083
2488.620069785118,-72.51184718233166,-72.51184718233166
2488.630069785118,-72.51260524822538,-72.51260524822538
2488.640069785118,-72.5133744809106,-72.5133744809106
2488.650069785118,-72.51415489964141,-72.51415489964141
2488.660069785118,-72.5149465228019,-72.5149465228019
2488.670069785118,-72.51574936792213,-72.51574936792213
2488.680069785118,-72.51656345166035,-72.51656345166035
2488.690069785118,-72.51738878985493,-72.51738878985493
2488.700069785118,-72.51822539749057,-72.51822539749057
2488.7100697851183,-72.51907328875666,-72.51907328875666
2488.720069785118,-72.51993247701391,-72.51993247701391
2488.7300697851183,-72.52080297480755,-72.52080297480755
2488.740069785118,-72.5216847939137,-72.5216847939137
2488.7500697851183,-72.52257794532059,-72.52257794532059
2488.760069785118,-72.52348243923826,-72.52348243923826
2488.7700697851183,-72.52439828511294,-72.52439828511294
2488.780069785118,-72.52532549163881,-72.52532549163881
2488.7900697851182,-72.52626406676355,-72.52626406676355
2488.80006980896,-72.52721401997663,-72.52721401997663
2488.81006980896,-72.52817535327314,-72.52817535327314
2488.82006980896,-72.529148074659,-72.529148074659
2488.83006980896,-72.53013218919777,-72.53013218919777
2488.84006980896,-72.5311277012894,-72.5311277012894
2488.85006980896,-72.53213461461009,-72.53213461461009
2488.86006980896,-72.5331529321871,-72.5331529321871
2488.87006980896,-72.53418265635996,-72.53418265635996
2488.88006980896,-72.53522378882813,-72.53522378882813
2488.89006980896,-72.53627633063324,-72.53627633063324
2488.90006980896,-72.53734028218497,-72.53734028218497
2488.91006980896,-72.53841564325565,-72.53841564325565
2488.92006980896,-72.5395024130057,-72.5395024130057
2488.93006980896,-72.5406005899792,-72.5406005899792
2488.94006980896,-72.54171017211829,-72.54171017211829
2488.95006980896,-72.54283115676323,-72.54283115676323
2488.96006980896,-72.54396354068916,-72.54396354068916
2488.97006980896,-72.54510732008771,-72.54510732008771
2488.98006980896,-72.54626249058846,-72.54626249058846
2488.99006980896,-72.54742904723417,-72.54742904723417
2489.00006980896,-72.54860698456038,-72.54860698456038
2489.01006980896,-72.54979629653113,-72.54979629653113
2489.0200698089598,-72.55099697659892,-72.55099697659892
2489.03006980896,-72.55220901767754,-72.55220901767754
2489.0400698089597,-72.55343241216937,-72.55343241216937
2489.05006980896,-72.55466715196451,-72.55466715196451
2489.06006980896,-72.55591322847151,-72.55591322847151
2489.07006980896,-72.5571706325836,-72.5571706325836
2489.08006980896,-72.55843935472677,-72.55843935472677
2489.09006980896,-72.55971938484869,-72.55971938484869
2489.10006980896,-72.56101071242817,-72.56101071242817
2489.11006980896,-72.56231332647756,-72.56231332647756
2489.12006980896,-72.56362721556677,-72.56362721556677
2489.13006980896,-72.56495236781618,-72.56495236781618
2489.14006980896,-72.56628877091225,-72.56628877091225
2489.15006980896,-72.56763641210391,-72.56763641210391
2489.16006980896,-72.56899527822792,-72.56899527822792
2489.17006980896,-72.57036535570234,-72.57036535570234
2489.18006980896,-72.57174663052628,-72.57174663052628
2489.19006980896,-72.57313908831343,-72.57313908831343
2489.20006980896,-72.57454271427243,-72.57454271427243
2489.21006980896,-72.5759574932312,-72.5759574932312
2489.22006980896,-72.57738340963823,-72.57738340963823
2489.23006980896,-72.57882044755343,-72.57882044755343
2489.24006980896,-72.58026859069345,-72.58026859069345
2489.25006980896,-72.58172782239309,-72.58172782239309
2489.26006980896,-72.58319812564469,-72.58319812564469
2489.2700698089598,-72.58467948309422,-72.58467948309422
2489.28006980896,-72.58617187703628,-72.58617187703628
2489.2900698089597,-72.5876752894389,-72.5876752894389
2489.30006980896,-72.58918970193908,-72.58918970193908
2489.31006980896,-72.59071509585233,-72.59071509585233
2489.32006980896,-72.59225145217589,-72.59225145217589
2489.33006980896,-72.59379875159257,-72.59379875159257
2489.34006980896,-72.59535697448662,-72.59535697448662
2489.35006980896,-72.59692610094531,-72.59692610094531
2489.36006980896,-72.59850611074914,-72.59850611074914
2489.37006980896,-72.60009698340419,-72.60009698340419
2489.38006980896,-72.60169869812599,-72.60169869812599
2489.39006980896,-72.6033112338543,-72.6033112338543
2489.40006980896,-72.60493456926179,-72.60493456926179
2489.41006980896,-72.60656868276327,-72.60656868276327
2489.42006980896,-72.60821355249546,-72.60821355249546
2489.43006980896,-72.6098691563417,-72.6098691563417
2489.44006980896,-72.61153547193973,-72.61153547193973
2489.45006980896,-72.61321247668754,-72.61321247668754
2489.46006980896,-72.61490014772764,-72.61490014772764
2489.47006980896,-72.61659846198789,-72.61659846198789
2489.48006980896,-72.61830739614517,-72.61830739614517
2489.49006980896,-72.62002692666265,-72.62002692666265
2489.50006980896,-72.62175702978404,-72.62175702978404
2489.51006980896,-72.62349768152433,-72.62349768152433
2489.5200698089598,-72.62524885769605,-72.62524885769605
2489.53006980896,-72.62701053390315,-72.62701053390315
2489.5400698089597,-72.6287826855399,-72.6287826855399
2489.55006980896,-72.63056528781647,-72.63056528781647
2489.56006980896,-72.63235831573037,-72.63235831573037
2489.57006980896,-72.63416174410358,-72.63416174410358
2489.58006980896,-72.63597554756468,-72.63597554756468
2489.59006980896,-72.63779970056866,-72.63779970056866
2489.60006980896,-72.6396341773801,-72.6396341773801
2489.61006980896,-72.64147895210282,-72.64147895210282
2489.62006980896,-72.64333399866157,-72.64333399866157
2489.63006980896,-72.64519929081742,-72.64519929081742
2489.64006980896,-72.64707480217938,-72.64707480217938
2489.650069832802,-72.6489605106804,-72.6489605106804
2489.660069832802,-72.65085638066475,-72.65085638066475
2489.670069832802,-72.65276238971865,-72.65276238971865
2489.680069832802,-72.6546785108325,-72.6546785108325
2489.690069832802,-72.65660471685894,-72.65660471685894
2489.700069832802,-72.65854098050589,-72.65854098050589
2489.7100698328018,-72.6604872743526,-72.6604872743526
2489.720069832802,-72.66244357083394,-72.66244357083394
2489.7300698328017,-72.66440984225923,-72.66440984225923
2489.740069832802,-72.66638606081823,-72.66638606081823
2489.7500698328017,-72.66837219856313,-72.66837219856313
2489.760069832802,-72.67036822744375,-72.67036822744375
2489.7700698328017,-72.67237411928218,-72.67237411928218
2489.780069832802,-72.67438984579239,-72.67438984579239
2489.7900698328017,-72.67641537857531,-72.67641537857531
2489.800069832802,-72.67845068911676,-72.67845068911676
2489.8100698328017,-72.68049574881637,-72.68049574881637
2489.820069832802,-72.68255052896167,-72.68255052896167
2489.8300698328017,-72.68461500074089,-72.68461500074089
2489.840069832802,-72.68668913524891,-72.68668913524891
2489.8500698328016,-72.68877290348864,-72.68877290348864
2489.860069832802,-72.69086627637554,-72.69086627637554
2489.8700698328016,-72.69296922472795,-72.69296922472795
2489.880069832802,-72.69508171929125,-72.69508171929125
2489.8900698328016,-72.697203730723,-72.697203730723
2489.900069832802,-72.69933522960527,-72.69933522960527
2489.910069832802,-72.70147618643688,-72.70147618643688
2489.920069832802,-72.70362657165194,-72.70362657165194
2489.930069832802,-72.70578635560305,-72.70578635560305
2489.940069832802,-72.70795550857936,-72.70795550857936
2489.950069832802,-72.71013400079933,-72.71013400079933
2489.9600698328018,-72.71232180242775,-72.71232180242775
2489.970069832802,-72.71451888354943,-72.71451888354943
2489.9800698328017,-72.71671560294382,-72.71671560294382
2489.990069832802,-72.71890041846181,-72.71890041846181
2490.0000698328017,-72.7210632146333,-72.7210632146333
2490.010069832802,-72.723195837897,-72.723195837897
2490.0200698328017,-72.72529181727509,-72.72529181727509
2490.030069832802,-72.72734598485007,-72.72734598485007
2490.0400698328017,-72.72935417016808,-72.72935417016808
2490.050069832802,-72.73131298086544,-72.73131298086544
2490.0600698328017,-72.73321964784219,-72.73321964784219
2490.070069832802,-72.73507191357959,-72.73507191357959
2490.0800698328017,-72.7368679485215,-72.7368679485215
2490.090069832802,-72.73860628592811,-72.73860628592811
2490.1000698328016,-72.74028576944391,-72.74028576944391
2490.110069832802,-72.7419055098571,-72.7419055098571
2490.1200698328016,-72.74346484872014,-72.74346484872014
2490.130069832802,-72.74496332739858,-72.74496332739858
2490.1400698328016,-72.74640066055318,-72.74640066055318
2490.150069832802,-72.74777671328798,-72.74777671328798
2490.160069832802,-72.74909148135363,-72.74909148135363
2490.170069832802,-72.75034507400156,-72.75034507400156
2490.180069832802,-72.75153769905712,-72.75153769905712
2490.190069832802,-72.75266964994138,-72.75266964994138
2490.200069832802,-72.75374129434233,-72.75374129434233
2490.2100698328018,-72.75475306431844,-72.75475306431844
2490.220069832802,-72.75570544764149,-72.75570544764149
2490.2300698328017,-72.75659898023325,-72.75659898023325
2490.240069832802,-72.75743423951543,-72.75743423951543
2490.2500698328017,-72.75821183856873,-72.75821183856873
2490.260069832802,-72.75893242102569,-72.75893242102569
2490.2700698328017,-72.75959665653349,-72.75959665653349
2490.280069832802,-72.76020523680225,-72.76020523680225
2490.2900698328017,-72.76075887209285,-72.76075887209285
2490.300069832802,-72.76125828814976,-72.76125828814976
2490.3100698328017,-72.76170422345355,-72.76170422345355
2490.320069832802,-72.76209742680058,-72.76209742680058
2490.3300698328017,-72.76243865521994,-72.76243865521994
2490.340069832802,-72.76272867204804,-72.76272867204804
2490.3500698328016,-72.7629682452931,-72.7629682452931
2490.360069832802,-72.76315814616504,-72.76315814616504
2490.3700698328016,-72.7632991477529,-72.7632991477529
2490.380069832802,-72.76339202389806,-72.76339202389806
2490.3900698328016,-72.76343754817225,-72.76343754817225
2490.400069832802,-72.76343649297313,-72.76343649297313
2490.410069832802,-72.76338962875565,-72.76338962875565
2490.420069832802,-72.76329772331243,-72.76329772331243
2490.430069832802,-72.7631615411508,-72.7631615411508
2490.440069832802,-72.76298184299493,-72.76298184299493
2490.450069832802,-72.7627593852688,-72.7627593852688
2490.4600698328018,-72.76249491969493,-72.76249491969493
2490.470069832802,-72.76218919293886,-72.76218919293886
2490.4800698328017,-72.76184294627858,-72.76184294627858
2490.490069832802,-72.76145691533729,-72.76145691533729
2490.5000698566437,-72.76103182883652,-72.76103182883652
2490.510069856644,-72.76056841233823,-72.76056841233823
2490.5200698566437,-72.76006738227457,-72.76006738227457
2490.530069856644,-72.75952944957685,-72.75952944957685
2490.5400698566436,-72.75895531863755,-72.75895531863755
2490.550069856644,-72.75834568718336,-72.75834568718336
2490.5600698566436,-72.75770124620155,-72.75770124620155
2490.570069856644,-72.75702267987678,-72.75702267987678
2490.5800698566436,-72.75631066553187,-72.75631066553187
2490.590069856644,-72.75556587357194,-72.75556587357194
2490.6000698566436,-72.75478896748466,-72.75478896748466
2490.610069856644,-72.75398060379639,-72.75398060379639
2490.6200698566436,-72.75314143207544,-72.75314143207544
2490.630069856644,-72.75227209492968,-72.75227209492968
2490.6400698566435,-72.75137322802148,-72.75137322802148
2490.6500698566438,-72.75044546005539,-72.75044546005539
2490.6600698566435,-72.7494894128169,-72.7494894128169
2490.6700698566437,-72.748505701203,-72.748505701203
2490.6800698566435,-72.74749493323354,-72.74749493323354
2490.6900698566437,-72.746457710086,-72.746457710086
2490.7000698566435,-72.74539462614736,-72.74539462614736
2490.7100698566437,-72.74430626904766,-72.74430626904766
2490.7200698566435,-72.74319321968295,-72.74319321968295
2490.7300698566437,-72.74205605228276,-72.74205605228276
2490.7400698566435,-72.74089533444585,-72.74089533444585
2490.7500698566437,-72.73971162719397,-72.73971162719397
2490.760069856644,-72.73850548501805,-72.73850548501805
2490.7700698566437,-72.73727745592956,-72.73727745592956
2490.780069856644,-72.73602808151318,-72.73602808151318
2490.7900698566436,-72.73475789698792,-72.73475789698792
2490.800069856644,-72.73346743123318,-72.73346743123318
2490.8100698566436,-72.73215720688955,-72.73215720688955
2490.820069856644,-72.73082774036743,-72.73082774036743
2490.8300698566436,-72.7294795419386,-72.7294795419386
2490.840069856644,-72.72811311575998,-72.72811311575998
2490.8500698566436,-72.72672895996149,-72.72672895996149
2490.860069856644,-72.72532756667788,-72.72532756667788
2490.8700698566436,-72.7239094221216,-72.7239094221216
2490.880069856644,-72.72247500662355,-72.72247500662355
2490.8900698566435,-72.72102479469702,-72.72102479469702
2490.9000698566438,-72.71955925510119,-72.71955925510119
2490.9100698566435,-72.71807885087804,-72.71807885087804
2490.9200698566437,-72.71658403943445,-72.71658403943445
2490.9300698566435,-72.71507527256524,-72.71507527256524
2490.9400698566437,-72.71355299652939,-72.71355299652939
2490.9500698566435,-72.71201765211224,-72.71201765211224
2490.9600698566437,-72.71046333094817,-72.71046333094817
2490.9700698566435,-72.70888768315557,-72.70888768315557
2490.9800698566437,-72.70728977935353,-72.70728977935353
2490.9900698566435,-72.70566934556155,-72.70566934556155
2491.0000698566437,-72.70402647101594,-72.70402647101594
2491.010069856644,-72.70236145637877,-72.70236145637877
2491.0200698566437,-72.70067472470652,-72.70067472470652
2491.030069856644,-72.69896676794092,-72.69896676794092
2491.0400698566436,-72.69723811470963,-72.69723811470963
2491.050069856644,-72.69548931101481,-72.69548931101481
2491.0600698566436,-72.69372090873358,-72.69372090873358
2491.070069856644,-72.69193345883714,-72.69193345883714
2491.0800698566436,-72.6901275075474,-72.6901275075474
2491.090069856644,-72.68830359422931,-72.68830359422931
2491.1000698566436,-72.68646225035242,-72.68646225035242
2491.110069856644,-72.68460399907896,-72.68460399907896
2491.1200698566436,-72.68272935523542,-72.68272935523542
2491.130069856644,-72.68083882550668,-72.68083882550668
2491.1400698566435,-72.67893290868284,-72.67893290868284
2491.1500698566438,-72.67701209600133,-72.67701209600133
2491.1600698566435,-72.67507687148094,-72.67507687148094
2491.1700698566437,-72.67312771222039,-72.67312771222039
2491.1800698566435,-72.67116508872589,-72.67116508872589
2491.1900698566437,-72.66918946514643,-72.66918946514643
2491.2000698566435,-72.66720129955046,-72.66720129955046
2491.2100698566437,-72.66520104410728,-72.66520104410728
2491.2200698566435,-72.66318914530858,-72.66318914530858
2491.2300698566437,-72.66116604409751,-72.66116604409751
2491.2400698566435,-72.6591321760441,-72.6591321760441
2491.2500698566437,-72.65708797144627,-72.65708797144627
2491.260069856644,-72.6550338554665,-72.6550338554665
2491.2700698566437,-72.65297024820126,-72.65297024820126
2491.280069856644,-72.65089756479497,-72.65089756479497
2491.2900698566436,-72.64881621548771,-72.64881621548771
2491.300069856644,-72.64672660570494,-72.64672660570494
2491.3100698566436,-72.64462913610849,-72.64462913610849
2491.320069856644,-72.64252420264272,-72.64252420264272
2491.3300698566436,-72.6404121965957,-72.6404121965957
2491.340069856644,-72.63829350464194,-72.63829350464194
2491.3500698804855,-72.63616850382157,-72.63616850382157
2491.3600698804858,-72.6340375818051,-72.6340375818051
2491.3700698804855,-72.6319011066058,-72.6319011066058
2491.3800698804857,-72.62975944681594,-72.62975944681594
2491.3900698804855,-72.62761296660675,-72.62761296660675
2491.4000698804857,-72.62546202573593,-72.62546202573593
2491.4100698804855,-72.62330697958862,-72.62330697958862
2491.4200698804857,-72.62114817922034,-72.62114817922034
2491.4300698804855,-72.61898597136047,-72.61898597136047
2491.4400698804857,-72.61682069845203,-72.61682069845203
2491.4500698804854,-72.61465269868424,-72.61465269868424
2491.4600698804857,-72.61248230603307,-72.61248230603307
2491.4700698804854,-72.61030985024561,-72.61030985024561
2491.4800698804856,-72.60813565690412,-72.60813565690412
2491.4900698804854,-72.6059600474583,-72.6059600474583
2491.5000698804856,-72.60378333921686,-72.60378333921686
2491.5100698804854,-72.6016058454197,-72.6016058454197
2491.5200698804856,-72.59942787522345,-72.59942787522345
2491.5300698804854,-72.59724973376713,-72.59724973376713
2491.5400698804856,-72.59507172217576,-72.59507172217576
2491.5500698804854,-72.59289413760405,-72.59289413760405
2491.5600698804856,-72.59071727324358,-72.59071727324358
2491.5700698804853,-72.58854141837699,-72.58854141837699
2491.5800698804856,-72.58636685839781,-72.58636685839781
2491.5900698804853,-72.58419387483293,-72.58419387483293
2491.6000698804855,-72.58202274537335,-72.58202274537335
2491.6100698804858,-72.5798537439171,-72.5798537439171
2491.6200698804855,-72.57768714058987,-72.57768714058987
2491.6300698804857,-72.57552320176262,-72.57552320176262
2491.6400698804855,-72.57336219011697,-72.57336219011697
2491.6500698804857,-72.57120436463305,-72.57120436463305
2491.6600698804855,-72.5690499806501,-72.5690499806501
2491.6700698804857,-72.56689928988337,-72.56689928988337
2491.6800698804855,-72.56475254046033,-72.56475254046033
2491.6900698804857,-72.56260997695013,-72.56260997695013
2491.7000698804854,-72.56047184039782,-72.56047184039782
2491.7100698804857,-72.55833836834799,-72.55833836834799
2491.7200698804854,-72.5562097948864,-72.5562097948864
2491.7300698804856,-72.5540863506562,-72.5540863506562
2491.7400698804854,-72.55196826291278,-72.55196826291278
2491.7500698804856,-72.54985575551781,-72.54985575551781
2491.7600698804854,-72.54774904901272,-72.54774904901272
2491.7700698804856,-72.54564836062656,-72.54564836062656
2491.7800698804854,-72.54355390430425,-72.54355390430425
2491.7900698804856,-72.54146589075172,-72.54146589075172
2491.8000698804854,-72.53938452745774,-72.53938452745774
2491.8100698804856,-72.53731001873886,-72.53731001873886
2491.8200698804853,-72.53524256574316,-72.53524256574316
2491.8300698804856,-72.53318236649596,-72.53318236649596
2491.8400698804853,-72.5311296159523,-72.5311296159523
2491.8500698804855,-72.52908450599719,-72.52908450599719
2491.8600698804858,-72.52704722548788,-72.52704722548788
2491.8700698804855,-72.52501796028814,-72.52501796028814
2491.8800698804857,-72.52299689328827,-72.52299689328827
2491.8900698804855,-72.52098420445242,-72.52098420445242
2491.9000698804857,-72.51898007083751,-72.51898007083751
2491.9100698804855,-72.51698466661705,-72.51698466661705
2491.9200698804857,-72.51499816313128,-72.51499816313128
2491.9300698804855,-72.51302072890545,-72.51302072890545
2491.9400698804857,-72.51105252967274,-72.51105252967274
2491.9500698804854,-72.50909372841926,-72.50909372841926
2491.9600698804857,-72.50713815992486,-72.50713815992486
2491.9700698804854,-72.5051832098721,-72.5051832098721
2491.9800698804856,-72.50322768323784,-72.50322768323784
2491.9900698804854,-72.50127104139408,-72.50127104139408
2492.0000698804856,-72.49931311069192,-72.49931311069192
2492.0100698804854,-72.49735393101334,-72.49735393101334
2492.0200698804856,-72.49539366689353,-72.49539366689353
2492.0300698804854,-72.49343255410358,-72.49343255410358
2492.0400698804856,-72.49147086748995,-72.49147086748995
2492.0500698804854,-72.48950890166385,-72.48950890166385
2492.0600698804856,-72.48754695948737,-72.48754695948737
2492.0700698804853,-72.48558534529732,-72.48558534529732
2492.0800698804856,-72.48362436101976,-72.48362436101976
2492.0900698804853,-72.48166430406273,-72.48166430406273
2492.1000698804855,-72.47970546624539,-72.47970546624539
2492.1100698804858,-72.47774813339021,-72.47774813339021
2492.1200698804855,-72.47570601822115,-72.47570601822115
2492.1300698804857,-72.47355501940876,-72.47355501940876
2492.1400698804855,-72.47128929808338,-72.47128929808338
2492.1500698804857,-72.46890801132098,-72.46890801132098
2492.1600698804855,-72.46641183184035,-72.46641183184035
2492.1700698804857,-72.46380198388056,-72.46380198388056
2492.1800698804855,-72.46107995228884,-72.46107995228884
2492.1900698804857,-72.45824738294593,-72.45824738294593
2492.2000699043274,-72.45530603312908,-72.45530603312908
2492.2100699043276,-72.45225777415341,-72.45225777415341
2492.2200699043274,-72.44910453182581,-72.44910453182581
2492.2300699043276,-72.44584829641086,-72.44584829641086
2492.2400699043274,-72.44249110188686,-72.44249110188686
2492.2500699043276,-72.43903501295956,-72.43903501295956
2492.2600699043273,-72.43548211373634,-72.43548211373634
2492.2700699043276,-72.43183449795076,-72.43183449795076
2492.2800699043273,-72.42809426067198,-72.42809426067198
2492.2900699043275,-72.4242634912933,-72.4242634912933
2492.3000699043273,-72.42034426780793,-72.42034426780793
2492.3100699043275,-72.41633865206283,-72.41633865206283
2492.3200699043273,-72.41224868601782,-72.41224868601782
2492.3300699043275,-72.40807638873449,-72.40807638873449
2492.3400699043273,-72.4038237540898,-72.4038237540898
2492.3500699043275,-72.39949274902281,-72.39949274902281
2492.3600699043272,-72.39508531230808,-72.39508531230808
2492.3700699043275,-72.39060335365339,-72.39060335365339
2492.3800699043272,-72.38604875318634,-72.38604875318634
2492.3900699043274,-72.38142336115,-72.38142336115
2492.400069904327,-72.37672899786288,-72.37672899786288
2492.4100699043274,-72.37196745377159,-72.37196745377159
2492.420069904327,-72.36714048971733,-72.36714048971733
2492.4300699043274,-72.36224983723592,-72.36224983723592
2492.440069904327,-72.3572971989769,-72.3572971989769
2492.4500699043274,-72.35228424912894,-72.35228424912894
2492.4600699043276,-72.34721263394742,-72.34721263394742
2492.4700699043274,-72.34208397224918,-72.34208397224918
2492.4800699043276,-72.33689985594613,-72.33689985594613
2492.4900699043274,-72.33166185059125,-72.33166185059125
2492.5000699043276,-72.32637149589719,-72.32637149589719
2492.5100699043273,-72.32103030627961,-72.32103030627961
2492.5200699043276,-72.31563977136356,-72.31563977136356
2492.5300699043273,-72.31020135650473,-72.31020135650473
2492.5400699043275,-72.30471650325072,-72.30471650325072
2492.5500699043273,-72.2991866298577,-72.2991866298577
2492.5600699043275,-72.29361313170416,-72.29361313170416
2492.5700699043273,-72.28799738177713,-72.28799738177713
2492.5800699043275,-72.28234073105965,-72.28234073105965
2492.5900699043273,-72.27664450894736,-72.27664450894736
2492.6000699043275,-72.27091002366178,-72.27091002366178
2492.6100699043272,-72.26513856259615,-72.26513856259615
2492.6200699043275,-72.25933139269618,-72.25933139269618
2492.6300699043272,-72.25348976080542,-72.25348976080542
2492.6400699043274,-72.24761489398709,-72.24761489398709
2492.650069904327,-72.24170799986531,-72.24170799986531
2492.6600699043274,-72.23577026691052,-72.23577026691052
2492.670069904327,-72.22980286476029,-72.22980286476029
2492.6800699043274,-72.22380694450119,-72.22380694450119
2492.690069904327,-72.21778363893762,-72.21778363893762
2492.7000699043274,-72.2117340628692,-72.2117340628692
2492.7100699043276,-72.20565931335668,-72.20565931335668
2492.7200699043274,-72.19956046996778,-72.19956046996778
2492.7300699043276,-72.19343859502759,-72.19343859502759
2492.7400699043274,-72.18729473387198,-72.18729473387198
2492.7500699043276,-72.18112991506098,-72.18112991506098
2492.7600699043273,-72.17494515062631,-72.17494515062631
2492.7700699043276,-72.16874143628061,-72.16874143628061
2492.7800699043273,-72.16251975164144,-72.16251975164144
2492.7900699043275,-72.15628106045244,-72.15628106045244
2492.8000699043273,-72.15002631079443,-72.15002631079443
2492.8100699043275,-72.14375643527718,-72.14375643527718
2492.8200699043273,-72.13747235127484,-72.13747235127484
2492.8300699043275,-72.1311749610791,-72.1311749610791
2492.8400699043273,-72.12486515213872,-72.12486515213872
2492.8500699043275,-72.11854379723916,-72.11854379723916
2492.8600699043272,-72.11221175469015,-72.11221175469015
2492.8700699043275,-72.10586986851877,-72.10586986851877
2492.8800699043272,-72.09951896864787,-72.09951896864787
2492.8900699043274,-72.09315987109869,-72.09315987109869
2492.900069904327,-72.08679337815471,-72.08679337815471
2492.9100699043274,-72.0804202785588,-72.0804202785588
2492.920069904327,-72.07404134766928,-72.07404134766928
2492.9300699043274,-72.06765734765085,-72.06765734765085
2492.940069904327,-72.06126902765375,-72.06126902765375
2492.9500699043274,-72.05487712396877,-72.05487712396877
2492.9600699043276,-72.04848236021544,-72.04848236021544
2492.9700699043274,-72.04208544749444,-72.04208544749444
2492.9800699043276,-72.03568708457637,-72.03568708457637
2492.9900699043274,-72.02928795804867,-72.02928795804867
2493.0000699043276,-72.02288874247789,-72.02288874247789
2493.0100699043273,-72.01649010059069,-72.01649010059069
2493.0200699043276,-72.01009268341589,-72.01009268341589
2493.0300699043273,-72.00369713046044,-72.00369713046044
2493.0400699043275,-71.9973040698474,-71.9973040698474
2493.0500699281693,-71.99091410327307,-71.99091410327307
2493.0600699281695,-71.98452786698256,-71.98452786698256
2493.0700699281692,-71.97814594077458,-71.97814594077458
2493.0800699281695,-71.97176890879905,-71.97176890879905
2493.090069928169,-71.96539734462802,-71.96539734462802
2493.1000699281694,-71.95903181137164,-71.95903181137164
2493.110069928169,-71.9526728618422,-71.9526728618422
2493.1200699281694,-71.94632103866816,-71.94632103866816
2493.130069928169,-71.93997687446922,-71.93997687446922
2493.1400699281694,-71.93364089197043,-71.93364089197043
2493.150069928169,-71.92731360417882,-71.92731360417882
2493.1600699281694,-71.92099551449057,-71.92099551449057
2493.170069928169,-71.91468711684895,-71.91468711684895
2493.1800699281694,-71.90838889585933,-71.90838889585933
2493.190069928169,-71.90210132694777,-71.90210132694777
2493.2000699281693,-71.89582487649062,-71.89582487649062
2493.210069928169,-71.88956000193463,-71.88956000193463
2493.2200699281693,-71.8833071519219,-71.8833071519219
2493.230069928169,-71.87706676646002,-71.87706676646002
2493.2400699281693,-71.87083927699388,-71.87083927699388
2493.250069928169,-71.86462510657891,-71.86462510657891
2493.2600699281693,-71.85842466997775,-71.85842466997775
2493.270069928169,-71.85223837380798,-71.85223837380798
2493.2800699281693,-71.84606661661299,-71.84606661661299
2493.290069928169,-71.8399097890558,-71.8399097890558
2493.3000699281693,-71.83376827398214,-71.83376827398214
2493.3100699281695,-71.82764244655252,-71.82764244655252
2493.3200699281692,-71.82153267437539,-71.82153267437539
2493.3300699281695,-71.81543931760011,-71.81543931760011
2493.340069928169,-71.8093627290449,-71.8093627290449
2493.3500699281694,-71.80330325429341,-71.80330325429341
2493.360069928169,-71.79726123182608,-71.79726123182608
2493.3700699281694,-71.79123699310313,-71.79123699310313
2493.380069928169,-71.78523086269902,-71.78523086269902
2493.3900699281694,-71.77924315838611,-71.77924315838611
2493.400069928169,-71.77327419125896,-71.77327419125896
2493.4100699281694,-71.76732426582394,-71.76732426582394
2493.420069928169,-71.76139368009966,-71.76139368009966
2493.4300699281694,-71.75548272573083,-71.75548272573083
2493.440069928169,-71.74959168809096,-71.74959168809096
2493.4500699281693,-71.74372084635456,-71.74372084635456
2493.460069928169,-71.7378642192384,-71.7378642192384
2493.4700699281693,-71.73201933817693,-71.73201933817693
2493.480069928169,-71.72618513714927,-71.72618513714927
2493.4900699281693,-71.72036119741172,-71.72036119741172
2493.500069928169,-71.71454745892649,-71.71454745892649
2493.5100699281693,-71.70874407027023,-71.70874407027023
2493.520069928169,-71.70295130046738,-71.70295130046738
2493.5300699281693,-71.6971694859702,-71.6971694859702
2493.540069928169,-71.69139899873534,-71.69139899873534
2493.5500699281693,-71.68564022705236,-71.68564022705236
2493.5600699281695,-71.67989356415131,-71.67989356415131
2493.5700699281692,-71.67415940151717,-71.67415940151717
2493.5800699281695,-71.66843812507427,-71.66843812507427
2493.590069928169,-71.66273011315116,-71.66273011315116
2493.6000699281694,-71.65703573549825,-71.65703573549825
2493.610069928169,-71.65135535293084,-71.65135535293084
2493.6200699281694,-71.64568931735845,-71.64568931735845
2493.630069928169,-71.6400379719973,-71.6400379719973
2493.6400699281694,-71.63440165172025,-71.63440165172025
2493.650069928169,-71.62878068341071,-71.62878068341071
2493.6600699281694,-71.62317538634368,-71.62317538634368
2493.670069928169,-71.61758607255629,-71.61758607255629
2493.6800699281694,-71.61201304719023,-71.61201304719023
2493.690069928169,-71.60645660880517,-71.60645660880517
2493.7000699281693,-71.60091704965508,-71.60091704965508
2493.710069928169,-71.59539465595226,-71.59539465595226
2493.7200699281693,-71.58988970807917,-71.58988970807917
2493.730069928169,-71.58440248081314,-71.58440248081314
2493.7400699281693,-71.57893324348223,-71.57893324348223
2493.750069928169,-71.57348226014963,-71.57348226014963
2493.7600699281693,-71.56804978973773,-71.56804978973773
2493.770069928169,-71.56263608615612,-71.56263608615612
2493.7800699281693,-71.55724139843477,-71.55724139843477
2493.790069928169,-71.55186597081848,-71.55186597081848
2493.8000699281693,-71.5465100428511,-71.5465100428511
2493.8100699281695,-71.54117384949113,-71.54117384949113
2493.8200699281692,-71.5358576211643,-71.5358576211643
2493.8300699281695,-71.53056158385488,-71.53056158385488
2493.840069928169,-71.52528595916331,-71.52528595916331
2493.8500699281694,-71.52003096437302,-71.52003096437302
2493.860069928169,-71.51479681251256,-71.51479681251256
2493.8700699281694,-71.50958371242663,-71.50958371242663
2493.880069928169,-71.50439186881803,-71.50439186881803
2493.8900699281694,-71.49922148228744,-71.49922148228744
2493.900069952011,-71.49407273715661,-71.49407273715661
2493.9100699520113,-71.48894585058267,-71.48894585058267
2493.920069952011,-71.4838409988942,-71.4838409988942
2493.9300699520113,-71.47875836684081,-71.47875836684081
2493.940069952011,-71.4736981353287,-71.4736981353287
2493.9500699520113,-71.46866048144516,-71.46866048144516
2493.960069952011,-71.46364557853406,-71.46364557853406
2493.9700699520113,-71.45865359621051,-71.45865359621051
2493.980069952011,-71.45368470041677,-71.45368470041677
2493.9900699520113,-71.44873905344836,-71.44873905344836
2494.000069952011,-71.44381681403378,-71.44381681403378
2494.0100699520112,-71.43891813732952,-71.43891813732952
2494.020069952011,-71.43404317498614,-71.43404317498614
2494.030069952011,-71.42919207519014,-71.42919207519014
2494.040069952011,-71.42436498268202,-71.42436498268202
2494.050069952011,-71.41956203881885,-71.41956203881885
2494.060069952011,-71.41478338160583,-71.41478338160583
2494.070069952011,-71.41002914573907,-71.41002914573907
2494.080069952011,-71.40529946263564,-71.40529946263564
2494.090069952011,-71.40059446047344,-71.40059446047344
2494.100069952011,-71.39591426424654,-71.39591426424654
2494.110069952011,-71.39125899578413,-71.39125899578413
2494.120069952011,-71.38662877379275,-71.38662877379275
2494.130069952011,-71.3820237139109,-71.3820237139109
2494.140069952011,-71.37744392871751,-71.37744392871751
2494.150069952011,-71.37288952779063,-71.37288952779063
2494.1600699520113,-71.36836061774738,-71.36836061774738
2494.170069952011,-71.36385730226618,-71.36385730226618
2494.1800699520113,-71.35937968213481,-71.35937968213481
2494.190069952011,-71.35492785528655,-71.35492785528655
2494.2000699520113,-71.35050191682122,-71.35050191682122
2494.210069952011,-71.34610195907737,-71.34610195907737
2494.2200699520113,-71.3417280716351,-71.3417280716351
2494.230069952011,-71.3373803413544,-71.3373803413544
2494.2400699520113,-71.33305885242821,-71.33305885242821
2494.250069952011,-71.32876368640802,-71.32876368640802
2494.2600699520112,-71.32449492224809,-71.32449492224809
2494.270069952011,-71.3202526363236,-71.3202526363236
2494.280069952011,-71.31603690247792,-71.31603690247792
2494.290069952011,-71.31184779204948,-71.31184779204948
2494.300069952011,-71.3076853739195,-71.3076853739195
2494.310069952011,-71.30354971453337,-71.30354971453337
2494.320069952011,-71.29944087793407,-71.29944087793407
2494.330069952011,-71.29535892580732,-71.29535892580732
2494.340069952011,-71.29130391750319,-71.29130391750319
2494.350069952011,-71.28727591007741,-71.28727591007741
2494.360069952011,-71.28327495831084,-71.28327495831084
2494.370069952011,-71.27930111475828,-71.27930111475828
2494.380069952011,-71.27535442976946,-71.27535442976946
2494.390069952011,-71.27143495153086,-71.27143495153086
2494.400069952011,-71.26754272607852,-71.26754272607852
2494.4100699520113,-71.2636777973522,-71.2636777973522
2494.420069952011,-71.25984020721785,-71.25984020721785
2494.4300699520113,-71.25602999547907,-71.25602999547907
2494.440069952011,-71.25224719994425,-71.25224719994425
2494.4500699520113,-71.24849185642296,-71.24849185642296
2494.460069952011,-71.24475778787343,-71.24475778787343
2494.4700699520113,-71.24104230958231,-71.24104230958231
2494.480069952011,-71.23734413340814,-71.23734413340814
2494.4900699520113,-71.23366261768925,-71.23366261768925
2494.500069952011,-71.22999748066003,-71.22999748066003
2494.5100699520112,-71.22634865130695,-71.22634865130695
2494.520069952011,-71.22271618178607,-71.22271618178607
2494.530069952011,-71.21910019473859,-71.21910019473859
2494.540069952011,-71.21550085154264,-71.21550085154264
2494.550069952011,-71.21191833322712,-71.21191833322712
2494.560069952011,-71.20835282913262,-71.20835282913262
2494.570069952011,-71.20480453020411,-71.20480453020411
2494.580069952011,-71.20127362518585,-71.20127362518585
2494.590069952011,-71.19776029855066,-71.19776029855066
2494.600069952011,-71.19426472945993,-71.19426472945993
2494.610069952011,-71.19078709139322,-71.19078709139322
2494.620069952011,-71.18732755211933,-71.18732755211933
2494.630069952011,-71.18388627386352,-71.18388627386352
2494.640069952011,-71.1804634136132,-71.1804634136132
2494.650069952011,-71.17705912340001,-71.17705912340001
2494.6600699520113,-71.1736735506813,-71.1736735506813
2494.670069952011,-71.17030683862811,-71.17030683862811
2494.6800699520113,-71.16695912642976,-71.16695912642976
2494.690069952011,-71.16363054956477,-71.16363054956477
2494.7000699520113,-71.16032124003425,-71.16032124003425
2494.710069952011,-71.1570313265713,-71.1570313265713
2494.7200699520113,-71.15376093482006,-71.15376093482006
2494.730069952011,-71.1505101875078,-71.1505101875078
2494.7400699520113,-71.14727920457085,-71.14727920457085
2494.750069975853,-71.14406809565004,-71.14406809565004
2494.760069975853,-71.14087699078034,-71.14087699078034
2494.770069975853,-71.13770599448513,-71.13770599448513
2494.780069975853,-71.1345552165857,-71.1345552165857
2494.790069975853,-71.1314247645794,-71.1314247645794
2494.800069975853,-71.12831474367698,-71.12831474367698
2494.810069975853,-71.12522525685546,-71.12522525685546
2494.820069975853,-71.12215640490233,-71.12215640490233
2494.830069975853,-71.11910828646697,-71.11910828646697
2494.840069975853,-71.11608099807064,-71.11608099807064
2494.850069975853,-71.11307463415493,-71.11307463415493
2494.860069975853,-71.11008928708348,-71.11008928708348
2494.870069975853,-71.10712504719363,-71.10712504719363
2494.880069975853,-71.10418200279969,-71.10418200279969
2494.890069975853,-71.10126024022092,-71.10126024022092
2494.900069975853,-71.09835984378694,-71.09835984378694
2494.910069975853,-71.09548089586974,-71.09548089586974
2494.920069975853,-71.0926234768802,-71.0926234768802
2494.930069975853,-71.08978766530032,-71.08978766530032
2494.940069975853,-71.08697353769607,-71.08697353769607
2494.950069975853,-71.08418116871933,-71.08418116871933
2494.960069975853,-71.08141063113199,-71.08141063113199
2494.9700699758528,-71.0786619958058,-71.0786619958058
2494.980069975853,-71.0759353317472,-71.0759353317472
2494.9900699758527,-71.07323070611635,-71.07323070611635
2495.000069975853,-71.07054818422743,-71.07054818422743
2495.010069975853,-71.06788782955368,-71.06788782955368
2495.020069975853,-71.06524970376846,-71.06524970376846
2495.030069975853,-71.0626338667264,-71.0626338667264
2495.040069975853,-71.06004037651616,-71.06004037651616
2495.050069975853,-71.05746928942217,-71.05746928942217
2495.060069975853,-71.05492065998622,-71.05492065998622
2495.070069975853,-71.05239454099187,-71.05239454099187
2495.080069975853,-71.0498909834965,-71.0498909834965
2495.090069975853,-71.04741003683,-71.04741003683
2495.100069975853,-71.04495174861671,-71.04495174861671
2495.110069975853,-71.04251616478606,-71.04251616478606
2495.120069975853,-71.04010332960902,-71.04010332960902
2495.130069975853,-71.0377132856758,-71.0377132856758
2495.140069975853,-71.03534607394133,-71.03534607394133
2495.150069975853,-71.03300173371927,-71.03300173371927
2495.160069975853,-71.03068030271164,-71.03068030271164
2495.170069975853,-71.02838181703308,-71.02838181703308
2495.180069975853,-71.0261063111988,-71.0261063111988
2495.190069975853,-71.02385381816468,-71.02385381816468
2495.200069975853,-71.02162436932562,-71.02162436932562
2495.210069975853,-71.01941799455099,-71.01941799455099
2495.2200699758528,-71.01723472218232,-71.01723472218232
2495.230069975853,-71.01507457906034,-71.01507457906034
2495.2400699758527,-71.01293759054596,-71.01293759054596
2495.250069975853,-71.01082378051503,-71.01082378051503
2495.260069975853,-71.00873317140379,-71.00873317140379
2495.270069975853,-71.00666578420694,-71.00666578420694
2495.280069975853,-71.00462163849694,-71.00462163849694
2495.290069975853,-71.00260075242994,-71.00260075242994
2495.300069975853,-71.00060314279905,-71.00060314279905
2495.310069975853,-70.99862882501834,-70.99862882501834
2495.320069975853,-70.99667781313538,-70.99667781313538
2495.330069975853,-70.99475011987614,-70.99475011987614
2495.340069975853,-70.99284575663646,-70.99284575663646
2495.350069975853,-70.99096473351722,-70.99096473351722
2495.360069975853,-70.98910705932606,-70.98910705932606
2495.370069975853,-70.98727274159762,-70.98727274159762
2495.380069975853,-70.98546178662633,-70.98546178662633
2495.390069975853,-70.98367419945382,-70.98367419945382
2495.400069975853,-70.98190998390956,-70.98190998390956
2495.410069975853,-70.98016914261804,-70.98016914261804
2495.420069975853,-70.97845167702089,-70.97845167702089
2495.430069975853,-70.97675758737256,-70.97675758737256
2495.440069975853,-70.97508687278726,-70.97508687278726
2495.450069975853,-70.97343953123604,-70.97343953123604
2495.460069975853,-70.97181555956666,-70.97181555956666
2495.4700699758528,-70.9702149535173,-70.9702149535173
2495.480069975853,-70.96863770773922,-70.96863770773922
2495.4900699758527,-70.96708381580275,-70.96708381580275
2495.500069975853,-70.96555327022692,-70.96555327022692
2495.510069975853,-70.9640460624828,-70.9640460624828
2495.520069975853,-70.96256218300654,-70.96256218300654
2495.530069975853,-70.96110162123509,-70.96110162123509
2495.540069975853,-70.95966436558676,-70.95966436558676
2495.550069975853,-70.95825040351706,-70.95825040351706
2495.560069975853,-70.95685972151495,-70.95685972151495
2495.570069975853,-70.95549230509887,-70.95549230509887
2495.580069975853,-70.95414813885537,-70.95414813885537
2495.590069975853,-70.95282720645817,-70.95282720645817
2495.600069999695,-70.95152948757367,-70.95152948757367
2495.610069999695,-70.95025497031834,-70.95025497031834
2495.620069999695,-70.94900363249417,-70.94900363249417
2495.630069999695,-70.9477754542186,-70.9477754542186
2495.640069999695,-70.94657041477048,-70.94657041477048
2495.650069999695,-70.94538849256826,-70.94538849256826
2495.6600699996948,-70.94422966521743,-70.94422966521743
2495.670069999695,-70.94309390950197,-70.94309390950197
2495.6800699996948,-70.94198120141913,-70.94198120141913
2495.690069999695,-70.94089151617536,-70.94089151617536
2495.7000699996947,-70.9398248282087,-70.9398248282087
2495.710069999695,-70.93878111119511,-70.93878111119511
2495.7200699996947,-70.93776033806387,-70.93776033806387
2495.730069999695,-70.93676248102018,-70.93676248102018
2495.7400699996947,-70.9357875115402,-70.9357875115402
2495.750069999695,-70.93483540039935,-70.93483540039935
2495.7600699996947,-70.93390611768093,-70.93390611768093
2495.770069999695,-70.93299963276729,-70.93299963276729
2495.7800699996947,-70.93211591439328,-70.93211591439328
2495.790069999695,-70.93125493062142,-70.93125493062142
2495.8000699996946,-70.93041664886341,-70.93041664886341
2495.810069999695,-70.92960103589957,-70.92960103589957
2495.8200699996946,-70.9288080578993,-70.9288080578993
2495.830069999695,-70.92803768039278,-70.92803768039278
2495.8400699996946,-70.92728986833194,-70.92728986833194
2495.850069999695,-70.92656458605384,-70.92656458605384
2495.860069999695,-70.92586179734246,-70.92586179734246
2495.870069999695,-70.92518146540425,-70.92518146540425
2495.880069999695,-70.92452355287948,-70.92452355287948
2495.890069999695,-70.92388802186382,-70.92388802186382
2495.900069999695,-70.92327483391638,-70.92327483391638
2495.9100699996948,-70.92268395007564,-70.92268395007564
2495.920069999695,-70.92211533085165,-70.92211533085165
2495.9300699996948,-70.92156893624946,-70.92156893624946
2495.940069999695,-70.92104472579555,-70.92104472579555
2495.9500699996947,-70.92054265850311,-70.92054265850311
2495.960069999695,-70.92006269291286,-70.92006269291286
2495.9700699996947,-70.91960478711653,-70.91960478711653
2495.980069999695,-70.91916889871567,-70.91916889871567
2495.9900699996947,-70.9187549848995,-70.9187549848995
2496.000069999695,-70.91836300238619,-70.91836300238619
2496.0100699996947,-70.91799290747724,-70.91799290747724
2496.020069999695,-70.91764465604095,-70.91764465604095
2496.0300699996947,-70.9173182035417,-70.9173182035417
2496.040069999695,-70.91701350503355,-70.91701350503355
2496.0500699996946,-70.91673051517402,-70.91673051517402
2496.060069999695,-70.91646918823578,-70.91646918823578
2496.0700699996946,-70.91622947810089,-70.91622947810089
2496.080069999695,-70.91601133830098,-70.91601133830098
2496.0900699996946,-70.91581472197699,-70.91581472197699
2496.100069999695,-70.91563958192481,-70.91563958192481
2496.110069999695,-70.91548587060196,-70.91548587060196
2496.120069999695,-70.91535354011056,-70.91535354011056
2496.130069999695,-70.91524254222655,-70.91524254222655
2496.140069999695,-70.91515282840646,-70.91515282840646
2496.150069999695,-70.91508434977847,-70.91508434977847
2496.1600699996948,-70.91503705715606,-70.91503705715606
2496.170069999695,-70.91501090106308,-70.91501090106308
2496.1800699996948,-70.91500583172284,-70.91500583172284
2496.190069999695,-70.91502179905461,-70.91502179905461
2496.2000699996947,-70.91505875272428,-70.91505875272428
2496.210069999695,-70.91511664209662,-70.91511664209662
2496.2200699996947,-70.91519541627463,-70.91519541627463
2496.230069999695,-70.91529502409273,-70.91529502409273
2496.2400699996947,-70.91541541415037,-70.91541541415037
2496.250069999695,-70.91555653476462,-70.91555653476462
2496.2600699996947,-70.91571833404045,-70.91571833404045
2496.270069999695,-70.91590075981803,-70.91590075981803
2496.2800699996947,-70.91610375973332,-70.91610375973332
2496.290069999695,-70.91632728117754,-70.91632728117754
2496.3000699996946,-70.9165712713302,-70.9165712713302
2496.310069999695,-70.91683567715327,-70.91683567715327
2496.3200699996946,-70.91712044540944,-70.91712044540944
2496.330069999695,-70.91742552265129,-70.91742552265129
2496.3400699996946,-70.9177508552368,-70.9177508552368
2496.350069999695,-70.91809638933834,-70.91809638933834
2496.360069999695,-70.91846207092874,-70.91846207092874
2496.370069999695,-70.91884784581798,-70.91884784581798
2496.380069999695,-70.91925365963094,-70.91925365963094
2496.390069999695,-70.91967945782775,-70.91967945782775
2496.400069999695,-70.92012518569997,-70.92012518569997
2496.4100699996948,-70.92059078838714,-70.92059078838714
2496.420069999695,-70.92107621085972,-70.92107621085972
2496.4300699996948,-70.92158139795498,-70.92158139795498
2496.440069999695,-70.92210629434544,-70.92210629434544
2496.4500700235367,-70.92265084589464,-70.92265084589464
2496.460070023537,-70.92320880948184,-70.92320880948184
2496.4700700235367,-70.92377742253099,-70.92377742253099
2496.480070023537,-70.92435531214582,-70.92435531214582
2496.4900700235366,-70.92494174990372,-70.92494174990372
2496.500070023537,-70.92553636674236,-70.92553636674236
2496.5100700235366,-70.92613900471491,-70.92613900471491
2496.520070023537,-70.92674962997727,-70.92674962997727
2496.5300700235366,-70.92736828046498,-70.92736828046498
2496.540070023537,-70.92799503438648,-70.92799503438648
2496.5500700235366,-70.928629991284,-70.928629991284
2496.560070023537,-70.92927326076617,-70.92927326076617
2496.5700700235366,-70.9299249558668,-70.9299249558668
2496.580070023537,-70.9305851892122,-70.9305851892122
2496.5900700235366,-70.93125407098405,-70.93125407098405
2496.600070023537,-70.93193170785227,-70.93193170785227
2496.6100700235365,-70.93261820256865,-70.93261820256865
2496.6200700235368,-70.93331365390762,-70.93331365390762
2496.6300700235365,-70.93401815681507,-70.93401815681507
2496.6400700235367,-70.93473180266308,-70.93473180266308
2496.6500700235365,-70.93545467953827,-70.93545467953827
2496.6600700235367,-70.93618687254019,-70.93618687254019
2496.6700700235365,-70.93692846407056,-70.93692846407056
2496.6800700235367,-70.93767953410035,-70.93767953410035
2496.6900700235365,-70.93844016039824,-70.93844016039824
2496.7000700235367,-70.93921041874917,-70.93921041874917
2496.710070023537,-70.9399903831269,-70.9399903831269
2496.7200700235367,-70.94078012585985,-70.94078012585985
2496.730070023537,-70.9415797177481,-70.9415797177481
2496.7400700235366,-70.9423892281869,-70.9423892281869
2496.750070023537,-70.94320872526666,-70.94320872526666
2496.7600700235366,-70.94403827583048,-70.94403827583048
2496.770070023537,-70.94487794555344,-70.94487794555344
2496.7800700235366,-70.94572779899883,-70.94572779899883
2496.790070023537,-70.94658789964359,-70.94658789964359
2496.8000700235366,-70.94745830993438,-70.94745830993438
2496.810070023537,-70.94833909130107,-70.94833909130107
2496.8200700235366,-70.9492303041773,-70.9492303041773
2496.830070023537,-70.95013200803417,-70.95013200803417
2496.8400700235366,-70.9510442613789,-70.9510442613789
2496.850070023537,-70.95196712176264,-70.95196712176264
2496.8600700235365,-70.95290064579083,-70.95290064579083
2496.8700700235368,-70.95384488913413,-70.95384488913413
2496.8800700235365,-70.95479990652515,-70.95479990652515
2496.8900700235367,-70.9557657517561,-70.9557657517561
2496.9000700235365,-70.95674247768426,-70.95674247768426
2496.9100700235367,-70.95773013622969,-70.95773013622969
2496.9200700235365,-70.95872877837299,-70.95872877837299
2496.9300700235367,-70.95973845414646,-70.95973845414646
2496.9400700235365,-70.96075921265037,-70.96075921265037
2496.9500700235367,-70.96179110203022,-70.96179110203022
2496.960070023537,-70.96283416948829,-70.96283416948829
2496.9700700235367,-70.96388846126726,-70.96388846126726
2496.980070023537,-70.96495402266379,-70.96495402266379
2496.9900700235366,-70.96603089801431,-70.96603089801431
2497.000070023537,-70.96711913069929,-70.96711913069929
2497.0100700235366,-70.96821876314075,-70.96821876314075
2497.020070023537,-70.96932983679157,-70.96932983679157
2497.0300700235366,-70.97045239215764,-70.97045239215764
2497.040070023537,-70.97158646876179,-70.97158646876179
2497.0500700235366,-70.97273210518196,-70.97273210518196
2497.060070023537,-70.97388933902623,-70.97388933902623
2497.0700700235366,-70.97505820694144,-70.97505820694144
2497.080070023537,-70.9762387446129,-70.9762387446129
2497.0900700235366,-70.97743098676438,-70.97743098676438
2497.100070023537,-70.9786349671565,-70.9786349671565
2497.1100700235365,-70.9798507186057,-70.9798507186057
2497.1200700235368,-70.98107827296555,-70.98107827296555
2497.1300700235365,-70.98231766114255,-70.98231766114255
2497.1400700235367,-70.98356891309582,-70.98356891309582
2497.1500700235365,-70.98483205782702,-70.98483205782702
2497.1600700235367,-70.98610712341991,-70.98610712341991
2497.1700700235365,-70.98739413700707,-70.98739413700707
2497.1800700235367,-70.98869312479214,-70.98869312479214
2497.1900700235365,-70.9900041120511,-70.9900041120511
2497.2000700235367,-70.99132712313798,-70.99132712313798
2497.210070023537,-70.992655990528,-70.992655990528
2497.2200700235367,-70.99398802555164,-70.99398802555164
2497.230070023537,-70.995321930651,-70.995321930651
2497.2400700235366,-70.99665705231145,-70.99665705231145
2497.250070023537,-70.99799309576021,-70.99799309576021
2497.2600700235366,-70.99932997664031,-70.99932997664031
2497.270070023537,-71.0006677340044,-71.0006677340044
2497.2800700235366,-71.00200647799706,-71.00200647799706
2497.290070023537,-71.0033463583465,-71.0033463583465
2497.3000700473785,-71.00468754866002,-71.00468754866002
2497.3100700473788,-71.006030222355,-71.006030222355
2497.3200700473785,-71.00737456520189,-71.00737456520189
2497.3300700473787,-71.0087207587355,-71.0087207587355
2497.3400700473785,-71.01006898139956,-71.01006898139956
2497.3500700473787,-71.01141940746902,-71.01141940746902
2497.3600700473785,-71.01277220665888,-71.01277220665888
2497.3700700473787,-71.01412754406641,-71.01412754406641
2497.3800700473785,-71.01548558032255,-71.01548558032255
2497.3900700473787,-71.0168464718155,-71.0168464718155
2497.4000700473784,-71.01821037102198,-71.01821037102198
2497.4100700473787,-71.01957742677702,-71.01957742677702
2497.4200700473784,-71.02094778457419,-71.02094778457419
2497.4300700473786,-71.02232158683286,-71.02232158683286
2497.4400700473784,-71.02369897312957,-71.02369897312957
2497.4500700473786,-71.02508008039987,-71.02508008039987
2497.4600700473784,-71.0264588497444,-71.0264588497444
2497.4700700473786,-71.02783270134444,-71.02783270134444
2497.4800700473784,-71.02920044581495,-71.02920044581495
2497.4900700473786,-71.03056153691628,-71.03056153691628
2497.5000700473784,-71.03191578621039,-71.03191578621039
2497.5100700473786,-71.03326321477759,-71.03326321477759
2497.5200700473783,-71.0346039662532,-71.0346039662532
2497.5300700473786,-71.03593825453142,-71.03593825453142
2497.5400700473783,-71.03726633229985,-71.03726633229985
2497.5500700473785,-71.03858847218046,-71.03858847218046
2497.5600700473788,-71.03990495544625,-71.03990495544625
2497.5700700473785,-71.04121606542661,-71.04121606542661
2497.5800700473787,-71.04252208370619,-71.04252208370619
2497.5900700473785,-71.04382328805664,-71.04382328805664
2497.6000700473787,-71.04511995140574,-71.04511995140574
2497.6100700473785,-71.04641234142622,-71.04641234142622
2497.6200700473787,-71.04770072047285,-71.04770072047285
2497.6300700473785,-71.04898534573154,-71.04898534573154
2497.6400700473787,-71.05026646946054,-71.05026646946054
2497.6500700473784,-71.05154433928081,-71.05154433928081
2497.6600700473787,-71.05281919846493,-71.05281919846493
2497.6700700473784,-71.05409128622456,-71.05409128622456
2497.6800700473786,-71.05536083796206,-71.05536083796206
2497.6900700473784,-71.05662808551352,-71.05662808551352
2497.7000700473786,-71.05789325732329,-71.05789325732329
2497.7100700473784,-71.05915657865897,-71.05915657865897
2497.7200700473786,-71.06041827172037,-71.06041827172037
2497.7300700473784,-71.06167855581569,-71.06167855581569
2497.7400700473786,-71.06293764741814,-71.06293764741814
2497.7500700473784,-71.0641957602897,-71.0641957602897
2497.7600700473786,-71.06545310554114,-71.06545310554114
2497.7700700473783,-71.06670989171411,-71.06670989171411
2497.7800700473786,-71.06796632479514,-71.06796632479514
2497.7900700473783,-71.06922260830085,-71.06922260830085
2497.8000700473785,-71.0704789432804,-71.0704789432804
2497.8100700473788,-71.07173552836224,-71.07173552836224
2497.8200700473785,-71.07299255976778,-71.07299255976778
2497.8300700473787,-71.07425023132865,-71.07425023132865
2497.8400700473785,-71.07550873450403,-71.07550873450403
2497.8500700473787,-71.07676825839499,-71.07676825839499
2497.8600700473785,-71.0780289897612,-71.0780289897612
2497.8700700473787,-71.07929111300156,-71.07929111300156
2497.8800700473785,-71.0805548101975,-71.0805548101975
2497.8900700473787,-71.08182026107998,-71.08182026107998
2497.9000700473784,-71.08308764307537,-71.08308764307537
2497.9100700473787,-71.08435713127523,-71.08435713127523
2497.9200700473784,-71.08562889845474,-71.08562889845474
2497.9300700473786,-71.0869031150787,-71.0869031150787
2497.9400700473784,-71.0881799493056,-71.0881799493056
2497.9500700473786,-71.08945956698625,-71.08945956698625
2497.9600700473784,-71.09074213166464,-71.09074213166464
2497.9700700473786,-71.09202780460971,-71.09202780460971
2497.9800700473784,-71.09331674478402,-71.09331674478402
2497.9900700473786,-71.09460910887651,-71.09460910887651
2498.0000700473784,-71.0959050512868,-71.0959050512868
2498.0100700473786,-71.0972047241685,-71.0972047241685
2498.0200700473783,-71.09850827738828,-71.09850827738828
2498.0300700473786,-71.09981585857632,-71.09981585857632
2498.0400700473783,-71.10112761311183,-71.10112761311183
2498.0500700473785,-71.10244368414361,-71.10244368414361
2498.0600700473788,-71.10376421258688,-71.10376421258688
2498.0700700473785,-71.10508933715114,-71.10508933715114
2498.0800700473787,-71.106419194333,-71.106419194333
2498.0900700473785,-71.10775391845091,-71.10775391845091
2498.1000700473787,-71.10909364163011,-71.10909364163011
2498.1100700473785,-71.11043849383421,-71.11043849383421
2498.1200700473787,-71.11178860287019,-71.11178860287019
2498.1300700473785,-71.11314409441822,-71.11314409441822
2498.1400700473787,-71.11450509200698,-71.11450509200698
2498.1500700712204,-71.11587172033258,-71.11587172033258
2498.1600700712206,-71.11724409224466,-71.11724409224466
2498.1700700712204,-71.11862232821659,-71.11862232821659
2498.1800700712206,-71.12000654344202,-71.12000654344202
2498.1900700712204,-71.12139685105818,-71.12139685105818
2498.2000700712206,-71.12279336217566,-71.12279336217566
2498.2100700712203,-71.12419618588251,-71.12419618588251
2498.2200700712206,-71.12560542927135,-71.12560542927135
2498.2300700712203,-71.12702119744216,-71.12702119744216
2498.2400700712205,-71.1284435935418,-71.1284435935418
2498.2500700712203,-71.12987271876318,-71.12987271876318
2498.2600700712205,-71.13130867236609,-71.13130867236609
2498.2700700712203,-71.13275155171783,-71.13275155171783
2498.2800700712205,-71.13420145226398,-71.13420145226398
2498.2900700712203,-71.13565846760773,-71.13565846760773
2498.3000700712205,-71.13712268947171,-71.13712268947171
2498.3100700712203,-71.13859420775603,-71.13859420775603
2498.3200700712205,-71.1400731105338,-71.1400731105338
2498.3300700712202,-71.14155948408313,-71.14155948408313
2498.3400700712205,-71.14305341289452,-71.14305341289452
2498.35007007122,-71.14455497971866,-71.14455497971866
2498.3600700712204,-71.14606426553446,-71.14606426553446
2498.37007007122,-71.14758134962393,-71.14758134962393
2498.3800700712204,-71.14910630954128,-71.14910630954128
2498.39007007122,-71.1506392211807,-71.1506392211807
2498.4000700712204,-71.15218015875851,-71.15218015875851
2498.4100700712206,-71.15372919483936,-71.15372919483936
2498.4200700712204,-71.15528640037418,-71.15528640037418
2498.4300700712206,-71.15685184469717,-71.15685184469717
2498.4400700712204,-71.15842559556049,-71.15842559556049
2498.4500700712206,-71.16000771914305,-71.16000771914305
2498.4600700712203,-71.16159828007717,-71.16159828007717
2498.4700700712206,-71.16319734145696,-71.16319734145696
2498.4800700712203,-71.16480496487101,-71.16480496487101
2498.4900700712205,-71.16642121041514,-71.16642121041514
2498.5000700712203,-71.1680461367044,-71.1680461367044
2498.5100700712205,-71.16967980089868,-71.16967980089868
2498.5200700712203,-71.17132225872821,-71.17132225872821
2498.5300700712205,-71.17297356449453,-71.17297356449453
2498.5400700712203,-71.1746337711108,-71.1746337711108
2498.5500700712205,-71.17630293009339,-71.17630293009339
2498.5600700712203,-71.17798109161228,-71.17798109161228
2498.5700700712205,-71.17966830447641,-71.17966830447641
2498.5800700712202,-71.18136461616687,-71.18136461616687
2498.5900700712205,-71.183070072875,-71.183070072875
2498.60007007122,-71.18478471947778,-71.18478471947778
2498.6100700712204,-71.18650859958548,-71.18650859958548
2498.62007007122,-71.18815678784492,-71.18815678784492
2498.6300700712204,-71.1897054148392,-71.1897054148392
2498.64007007122,-71.19114853837397,-71.19114853837397
2498.6500700712204,-71.1924851208971,-71.1924851208971
2498.6600700712206,-71.19371561360202,-71.19371561360202
2498.6700700712204,-71.19484101008455,-71.19484101008455
2498.6800700712206,-71.19586256066755,-71.19586256066755
2498.6900700712204,-71.1967816745728,-71.1967816745728
2498.7000700712206,-71.19759987804669,-71.19759987804669
2498.7100700712203,-71.19831258304741,-71.19831258304741
2498.7200700712206,-71.19891876561272,-71.19891876561272
2498.7300700712203,-71.1994188556681,-71.1994188556681
2498.7400700712205,-71.19981397357995,-71.19981397357995
2498.7500700712203,-71.20010563147262,-71.20010563147262
2498.7600700712205,-71.20029557350959,-71.20029557350959
2498.7700700712203,-71.20038567916183,-71.20038567916183
2498.7800700712205,-71.20037790266987,-71.20037790266987
2498.7900700712203,-71.20027423469887,-71.20027423469887
2498.8000700712205,-71.20007667777277,-71.20007667777277
2498.8100700712203,-71.19978723041062,-71.19978723041062
2498.8200700712205,-71.19940787680422,-71.19940787680422
2498.8300700712202,-71.1989405801158,-71.1989405801158
2498.8400700712205,-71.19838727817303,-71.19838727817303
2498.85007007122,-71.19774988073661,-71.19774988073661
2498.8600700712204,-71.197030267865,-71.197030267865
2498.87007007122,-71.19623028903743,-71.19623028903743
2498.8800700712204,-71.1953517627846,-71.1953517627846
2498.89007007122,-71.19439647666613,-71.19439647666613
2498.9000700712204,-71.19336618749819,-71.19336618749819
2498.9100700712206,-71.19226262176481,-71.19226262176481
2498.9200700712204,-71.19108747612249,-71.19108747612249
2498.9300700712206,-71.18984241799491,-71.18984241799491
2498.9400700712204,-71.18852908619536,-71.18852908619536
2498.9500700712206,-71.18714909158909,-71.18714909158909
2498.9600700712203,-71.18570401775942,-71.18570401775942
2498.9700700712206,-71.1841954216648,-71.1841954216648
2498.9800700712203,-71.18262483429159,-71.18262483429159
2498.9900700712205,-71.1809937612802,-71.1809937612802
2499.0000700950623,-71.17930367953781,-71.17930367953781
2499.0100700950625,-71.17755605365652,-71.17755605365652
2499.0200700950622,-71.17575231316972,-71.17575231316972
2499.0300700950625,-71.1738938682258,-71.1738938682258
2499.040070095062,-71.17198210650119,-71.17198210650119
2499.0500700950624,-71.17001839368803,-71.17001839368803
2499.060070095062,-71.16800407393052,-71.16800407393052
2499.0700700950624,-71.16594047026994,-71.16594047026994
2499.080070095062,-71.16382888508825,-71.16382888508825
2499.0900700950624,-71.16167060049197,-71.16167060049197
2499.100070095062,-71.15946687870469,-71.15946687870469
2499.1100700950624,-71.15721896241828,-71.15721896241828
2499.120070095062,-71.15492807516597,-71.15492807516597
2499.1300700950624,-71.15259542162838,-71.15259542162838
2499.140070095062,-71.15022218796472,-71.15022218796472
2499.1500700950623,-71.14780954210923,-71.14780954210923
2499.160070095062,-71.14535863405993,-71.14535863405993
2499.1700700950623,-71.14287059616623,-71.14287059616623
2499.180070095062,-71.14034654338481,-71.14034654338481
2499.1900700950623,-71.1377875735406,-71.1377875735406
2499.200070095062,-71.1351947675791,-71.1351947675791
2499.2100700950623,-71.1325629913195,-71.1325629913195
2499.220070095062,-71.12989058260366,-71.12989058260366
2499.2300700950623,-71.12717725848047,-71.12717725848047
2499.240070095062,-71.12442336657831,-71.12442336657831
2499.2500700950623,-71.12162959933595,-71.12162959933595
2499.2600700950625,-71.118796845517,-71.118796845517
2499.2700700950622,-71.11592610314895,-71.11592610314895
2499.2800700950625,-71.1130184272153,-71.1130184272153
2499.290070095062,-71.11007489823425,-71.11007489823425
2499.3000700950624,-71.1070966034379,-71.1070966034379
2499.310070095062,-71.10408462564438,-71.10408462564438
2499.3200700950624,-71.10104003674184,-71.10104003674184
2499.330070095062,-71.09796389406876,-71.09796389406876
2499.3400700950624,-71.09485723846934,-71.09485723846934
2499.350070095062,-71.09172109342911,-71.09172109342911
2499.3600700950624,-71.08855646481418,-71.08855646481418
2499.370070095062,-71.08536434099705,-71.08536434099705
2499.3800700950624,-71.08214569314109,-71.08214569314109
2499.390070095062,-71.0789014756312,-71.0789014756312
2499.4000700950623,-71.07563262652772,-71.07563262652772
2499.410070095062,-71.07234006799435,-71.07234006799435
2499.4200700950623,-71.06902470677691,-71.06902470677691
2499.430070095062,-71.06568743461875,-71.06568743461875
2499.4400700950623,-71.06232912862023,-71.06232912862023
2499.450070095062,-71.05895065164776,-71.05895065164776
2499.4600700950623,-71.05555285262251,-71.05555285262251
2499.470070095062,-71.05213656687009,-71.05213656687009
2499.4800700950623,-71.04870261635932,-71.04870261635932
2499.490070095062,-71.04525180999285,-71.04525180999285
2499.5000700950623,-71.04178494384688,-71.04178494384688
2499.5100700950625,-71.03830280136658,-71.03830280136658
2499.5200700950622,-71.03480615361356,-71.03480615361356
2499.5300700950625,-71.0312957594302,-71.0312957594302
2499.540070095062,-71.02777236565035,-71.02777236565035
2499.5500700950624,-71.02423670725923,-71.02423670725923
2499.560070095062,-71.02068950757035,-71.02068950757035
2499.5700700950624,-71.01713147838687,-71.01713147838687
2499.580070095062,-71.01356332015182,-71.01356332015182
2499.5900700950624,-71.00998572209606,-71.00998572209606
2499.600070095062,-71.00639936240228,-71.00639936240228
2499.6100700950624,-71.00280490831719,-71.00280490831719
2499.620070095062,-70.99920301630439,-70.99920301630439
2499.6300700950624,-70.99559433219287,-70.99559433219287
2499.640070095062,-70.99197949129127,-70.99197949129127
2499.6500700950623,-70.98835911852424,-70.98835911852424
2499.660070095062,-70.9847338285593,-70.9847338285593
2499.6700700950623,-70.9811042259385,-70.9811042259385
2499.680070095062,-70.97747090519266,-70.97747090519266
2499.6900700950623,-70.97383445098238,-70.97383445098238
2499.700070095062,-70.97019543820504,-70.97019543820504
2499.7100700950623,-70.96654825008582,-70.96654825008582
2499.720070095062,-70.9628907414332,-70.9628907414332
2499.7300700950623,-70.95922215016991,-70.95922215016991
2499.740070095062,-70.95554235020973,-70.95554235020973
2499.7500700950623,-70.95185156615456,-70.95185156615456
2499.7600700950625,-70.94815022493486,-70.94815022493486
2499.7700700950622,-70.94443886875304,-70.94443886875304
2499.7800700950625,-70.9407181027601,-70.9407181027601
2499.790070095062,-70.93698856353774,-70.93698856353774
2499.8000700950624,-70.93325090026396,-70.93325090026396
2499.810070095062,-70.92950576347481,-70.92950576347481
2499.8200700950624,-70.92575379851033,-70.92575379851033
2499.830070095062,-70.92199564184612,-70.92199564184612
2499.8400700950624,-70.91823191907152,-70.91823191907152
2499.850070118904,-70.91446323500247,-70.91446323500247
2499.8600701189043,-70.91069020926278,-70.91069020926278
2499.870070118904,-70.9069134225865,-70.9069134225865
2499.8800701189043,-70.90313345283343,-70.90313345283343
2499.890070118904,-70.89935086646261,-70.89935086646261
2499.9000701189043,-70.89556621891155,-70.89556621891155
2499.910070118904,-70.89178005501017,-70.89178005501017
2499.9200701189043,-70.88799290937365,-70.88799290937365
2499.930070118904,-70.88420530678339,-70.88420530678339
2499.9400701189043,-70.88041776251436,-70.88041776251436
2499.950070118904,-70.87663078265423,-70.87663078265423
2499.9600701189042,-70.87284486438979,-70.87284486438979
2499.970070118904,-70.86906049626963,-70.86906049626963
2499.980070118904,-70.8652781584194,-70.8652781584194
2499.990070118904,-70.86149832275932,-70.86149832275932
2500.000070118904,-70.85772145319967,-70.85772145319967
2500.010070118904,-70.85394800580737,-70.85394800580737
2500.020070118904,-70.85017842897419,-70.85017842897419
2500.030070118904,-70.84641316355513,-70.84641316355513
2500.040070118904,-70.84265264299799,-70.84265264299799
2500.050070118904,-70.83889729348533,-70.83889729348533
2500.060070118904,-70.8351475340442,-70.8351475340442
2500.070070118904,-70.83140377664704,-70.83140377664704
2500.080070118904,-70.82766642633602,-70.82766642633602
2500.090070118904,-70.82393588131086,-70.82393588131086
2500.100070118904,-70.82021253300883,-70.82021253300883
2500.1100701189043,-70.81649676623476,-70.81649676623476
2500.120070118904,-70.812788959216,-70.812788959216
2500.1300701189043,-70.80908948369087,-70.80908948369087
2500.140070118904,-70.8053987050012,-70.8053987050012
2500.1500701189043,-70.80171698216718,-70.80171698216718
2500.160070118904,-70.7980446679787,-70.7980446679787
2500.1700701189043,-70.79438210904512,-70.79438210904512
2500.180070118904,-70.79072964589355,-70.79072964589355
2500.1900701189043,-70.7870876130309,-70.7870876130309
2500.200070118904,-70.78345633903685,-70.78345633903685
2500.2100701189042,-70.77983614659453,-70.77983614659453
2500.220070118904,-70.77622735262449,-70.77622735262449
2500.230070118904,-70.7726302682739,-70.7726302682739
2500.240070118904,-70.76904519906691,-70.76904519906691
2500.250070118904,-70.76547244491954,-70.76547244491954
2500.260070118904,-70.76191230022917,-70.76191230022917
2500.270070118904,-70.75836505394192,-70.75836505394192
2500.280070118904,-70.75483098961665,-70.75483098961665
2500.290070118904,-70.7513103854877,-70.7513103854877
2500.300070118904,-70.74780351453273,-70.74780351453273
2500.310070118904,-70.74431064454406,-70.74431064454406
2500.320070118904,-70.74083203818938,-70.74083203818938
2500.330070118904,-70.73736795307391,-70.73736795307391
2500.340070118904,-70.73391864182223,-70.73391864182223
2500.350070118904,-70.73048435210426,-70.73048435210426
2500.3600701189043,-70.72706532672623,-70.72706532672623
2500.370070118904,-70.7236618037065,-70.7236618037065
2500.3800701189043,-70.72027401629987,-70.72027401629987
2500.390070118904,-70.71690219309085,-70.71690219309085
2500.4000701189043,-70.71354655803982,-70.71354655803982
2500.410070118904,-70.71020733054299,-70.71020733054299
2500.4200701189043,-70.70688472549887,-70.70688472549887
2500.430070118904,-70.7035789533737,-70.7035789533737
2500.4400701189043,-70.70029022024558,-70.70029022024558
2500.450070118904,-70.69701872787515,-70.69701872787515
2500.4600701189042,-70.6937585169045,-70.6937585169045
2500.470070118904,-70.69050709180983,-70.69050709180983
2500.480070118904,-70.68726334016789,-70.68726334016789
2500.490070118904,-70.68402678831865,-70.68402678831865
2500.500070118904,-70.68079731698057,-70.68079731698057
2500.510070118904,-70.67757501338097,-70.67757501338097
2500.520070118904,-70.67436008440339,-70.67436008440339
2500.530070118904,-70.67115280436482,-70.67115280436482
2500.540070118904,-70.66795348356409,-70.66795348356409
2500.550070118904,-70.66476244940864,-70.66476244940864
2500.560070118904,-70.66158003519892,-70.66158003519892
2500.570070118904,-70.65840657354897,-70.65840657354897
2500.580070118904,-70.65524239264543,-70.65524239264543
2500.590070118904,-70.65208781423222,-70.65208781423222
2500.600070118904,-70.64894315266707,-70.64894315266707
2500.6100701189043,-70.6458087145363,-70.6458087145363
2500.620070118904,-70.64268479870269,-70.64268479870269
2500.6300701189043,-70.63957169650799,-70.63957169650799
2500.640070118904,-70.63646969209903,-70.63646969209903
2500.6500701189043,-70.63337906276863,-70.63337906276863
2500.660070118904,-70.63030007934131,-70.63030007934131
2500.6700701189043,-70.62723300650694,-70.62723300650694
2500.680070118904,-70.62417810315995,-70.62417810315995
2500.6900701189043,-70.62113562267518,-70.62113562267518
2500.700070142746,-70.61810580598443,-70.61810580598443
2500.710070142746,-70.61508891068557,-70.61508891068557
2500.720070142746,-70.612085167853,-70.612085167853
2500.730070142746,-70.60909481123377,-70.60909481123377
2500.740070142746,-70.6061180701104,-70.6061180701104
2500.750070142746,-70.60315516946669,-70.60315516946669
2500.760070142746,-70.60020633011386,-70.60020633011386
2500.770070142746,-70.59727176879477,-70.59727176879477
2500.780070142746,-70.59435169830408,-70.59435169830408
2500.790070142746,-70.59144632753907,-70.59144632753907
2500.800070142746,-70.588555861627,-70.588555861627
2500.810070142746,-70.58568050196352,-70.58568050196352
2500.820070142746,-70.58282044628115,-70.58282044628115
2500.830070142746,-70.5799758887227,-70.5799758887227
2500.840070142746,-70.57714701989765,-70.57714701989765
2500.850070142746,-70.5743340269089,-70.5743340269089
2500.860070142746,-70.57153709342377,-70.57153709342377
2500.870070142746,-70.56875639970103,-70.56875639970103
2500.880070142746,-70.56599212263622,-70.56599212263622
2500.890070142746,-70.56324443581346,-70.56324443581346
2500.900070142746,-70.5605135095274,-70.5605135095274
2500.910070142746,-70.55779951083157,-70.55779951083157
2500.9200701427458,-70.55510260355192,-70.55510260355192
2500.930070142746,-70.55242294834873,-70.55242294834873
2500.9400701427458,-70.54976070273159,-70.54976070273159
2500.950070142746,-70.54711602109121,-70.54711602109121
2500.960070142746,-70.5444890547385,-70.5444890547385
2500.970070142746,-70.54187995193303,-70.54187995193303
2500.980070142746,-70.53928885791632,-70.53928885791632
2500.990070142746,-70.53671591493143,-70.53671591493143
2501.000070142746,-70.53416126226482,-70.53416126226482
2501.010070142746,-70.5316250362662,-70.5316250362662
2501.020070142746,-70.52910737038897,-70.52910737038897
2501.030070142746,-70.52660839521418,-70.52660839521418
2501.040070142746,-70.52412823848084,-70.52412823848084
2501.050070142746,-70.5216670251166,-70.5216670251166
2501.060070142746,-70.51922487724993,-70.51922487724993
2501.070070142746,-70.51680191427528,-70.51680191427528
2501.080070142746,-70.51439825284754,-70.51439825284754
2501.090070142746,-70.51201400693456,-70.51201400693456
2501.100070142746,-70.50964928782754,-70.50964928782754
2501.110070142746,-70.50730420419202,-70.50730420419202
2501.120070142746,-70.50497886207305,-70.50497886207305
2501.130070142746,-70.50267336493916,-70.50267336493916
2501.140070142746,-70.50038781371109,-70.50038781371109
2501.150070142746,-70.49812230677949,-70.49812230677949
2501.160070142746,-70.49587694005419,-70.49587694005419
2501.1700701427458,-70.49365180696708,-70.49365180696708
2501.180070142746,-70.49144699852378,-70.49144699852378
2501.1900701427458,-70.4892626033243,-70.4892626033243
2501.200070142746,-70.4870987075739,-70.4870987075739
2501.210070142746,-70.48494925671173,-70.48494925671173
2501.220070142746,-70.48281165138127,-70.48281165138127
2501.230070142746,-70.48068467290459,-70.48068467290459
2501.240070142746,-70.47856774111722,-70.47856774111722
2501.250070142746,-70.47646063085365,-70.47646063085365
2501.260070142746,-70.47436332450292,-70.47436332450292
2501.270070142746,-70.47227592539109,-70.47227592539109
2501.280070142746,-70.47019860570266,-70.47019860570266
2501.290070142746,-70.4681315751182,-70.4681315751182
2501.300070142746,-70.46607506197849,-70.46607506197849
2501.310070142746,-70.46402930208687,-70.46402930208687
2501.320070142746,-70.46199453214054,-70.46199453214054
2501.330070142746,-70.45997098596892,-70.45997098596892
2501.340070142746,-70.4579588925254,-70.4579588925254
2501.350070142746,-70.45595847488971,-70.45595847488971
2501.360070142746,-70.4539699499299,-70.4539699499299
2501.370070142746,-70.45199352826404,-70.45199352826404
2501.380070142746,-70.45002941449852,-70.45002941449852
2501.390070142746,-70.4480778074649,-70.4480778074649
2501.400070142746,-70.44613890061483,-70.44613890061483
2501.410070142746,-70.44421288233217,-70.44421288233217
2501.4200701427458,-70.4422999362753,-70.4422999362753
2501.430070142746,-70.44040024165662,-70.44040024165662
2501.4400701427458,-70.43851397355624,-70.43851397355624
2501.450070142746,-70.43664130312875,-70.43664130312875
2501.460070142746,-70.43478239786316,-70.43478239786316
2501.470070142746,-70.43293742172409,-70.43293742172409
2501.480070142746,-70.43110653534589,-70.43110653534589
2501.490070142746,-70.42928989618436,-70.42928989618436
2501.500070142746,-70.42748765861873,-70.42748765861873
2501.510070142746,-70.42569997407125,-70.42569997407125
2501.520070142746,-70.42392699110431,-70.42392699110431
2501.530070142746,-70.42216885550054,-70.42216885550054
2501.540070142746,-70.42042571031848,-70.42042571031848
2501.550070166588,-70.41869769186913,-70.41869769186913
2501.560070166588,-70.41698494626256,-70.41698494626256
2501.570070166588,-70.41528760458087,-70.41528760458087
2501.580070166588,-70.4136057996174,-70.4136057996174
2501.590070166588,-70.41193966167627,-70.41193966167627
2501.600070166588,-70.41028931863535,-70.41028931863535
2501.610070166588,-70.40865489596399,-70.40865489596399
2501.620070166588,-70.4070365167544,-70.4070365167544
2501.6300701665878,-70.40543430175545,-70.40543430175545
2501.640070166588,-70.40384836938556,-70.40384836938556
2501.6500701665877,-70.40227883576803,-70.40227883576803
2501.660070166588,-70.40072581473225,-70.40072581473225
2501.6700701665877,-70.39918941784701,-70.39918941784701
2501.680070166588,-70.39766975444012,-70.39766975444012
2501.6900701665877,-70.39616693161584,-70.39616693161584
2501.700070166588,-70.39468105426347,-70.39468105426347
2501.7100701665877,-70.393212225081,-70.393212225081
2501.720070166588,-70.39176054459749,-70.39176054459749
2501.7300701665877,-70.39032611118353,-70.39032611118353
2501.740070166588,-70.38890902107426,-70.38890902107426
2501.7500701665876,-70.38750936837499,-70.38750936837499
2501.760070166588,-70.38612724508741,-70.38612724508741
2501.7700701665876,-70.38476274111662,-70.38476274111662
2501.780070166588,-70.38341594430898,-70.38341594430898
2501.7900701665876,-70.38208694045214,-70.38208694045214
2501.800070166588,-70.38077581328591,-70.38077581328591
2501.810070166588,-70.37948264452957,-70.37948264452957
2501.820070166588,-70.37820751391324,-70.37820751391324
2501.830070166588,-70.37695049915902,-70.37695049915902
2501.840070166588,-70.3757116760406,-70.3757116760406
2501.850070166588,-70.37449111836766,-70.37449111836766
2501.860070166588,-70.37328889800872,-70.37328889800872
2501.870070166588,-70.3721050849341,-70.3721050849341
2501.8800701665878,-70.37093974721385,-70.37093974721385
2501.890070166588,-70.36979295102992,-70.36979295102992
2501.9000701665877,-70.3686647607114,-70.3686647607114
2501.910070166588,-70.3675552387392,-70.3675552387392
2501.9200701665877,-70.36646444578001,-70.36646444578001
2501.930070166588,-70.36539244068614,-70.36539244068614
2501.9400701665877,-70.36433928052512,-70.36433928052512
2501.950070166588,-70.36330502060518,-70.36330502060518
2501.9600701665877,-70.36228971448068,-70.36228971448068
2501.970070166588,-70.36129341397258,-70.36129341397258
2501.9800701665877,-70.36031616919928,-70.36031616919928
2501.990070166588,-70.35935802858391,-70.35935802858391
2502.0000701665876,-70.35841903888173,-70.35841903888173
2502.010070166588,-70.35749924518954,-70.35749924518954
2502.0200701665876,-70.35659869098525,-70.35659869098525
2502.030070166588,-70.35571741810293,-70.35571741810293
2502.0400701665876,-70.35485546681302,-70.35485546681302
2502.050070166588,-70.35401287578706,-70.35401287578706
2502.060070166588,-70.35318968214763,-70.35318968214763
2502.070070166588,-70.35238592148777,-70.35238592148777
2502.080070166588,-70.35160162787433,-70.35160162787433
2502.090070166588,-70.35083683386846,-70.35083683386846
2502.100070166588,-70.35009157055626,-70.35009157055626
2502.110070166588,-70.34936586756633,-70.34936586756633
2502.120070166588,-70.34865975307225,-70.34865975307225
2502.1300701665878,-70.34797325383501,-70.34797325383501
2502.140070166588,-70.34730639520056,-70.34730639520056
2502.1500701665877,-70.34665920113798,-70.34665920113798
2502.160070166588,-70.34603169423649,-70.34603169423649
2502.1700701665877,-70.34542389574112,-70.34542389574112
2502.180070166588,-70.34483582556493,-70.34483582556493
2502.1900701665877,-70.34426750230251,-70.34426750230251
2502.200070166588,-70.34371894324936,-70.34371894324936
2502.2100701665877,-70.34319016444051,-70.34319016444051
2502.220070166588,-70.34268118063194,-70.34268118063194
2502.2300701665877,-70.34219200534777,-70.34219200534777
2502.240070166588,-70.34172265088593,-70.34172265088593
2502.2500701665876,-70.3412731283307,-70.3412731283307
2502.260070166588,-70.34084344758332,-70.34084344758332
2502.2700701665876,-70.34043361737287,-70.34043361737287
2502.280070166588,-70.34004364526666,-70.34004364526666
2502.2900701665876,-70.33967353769346,-70.33967353769346
2502.300070166588,-70.33932329996404,-70.33932329996404
2502.310070166588,-70.33899293628227,-70.33899293628227
2502.320070166588,-70.33868244975957,-70.33868244975957
2502.330070166588,-70.3383918424431,-70.3383918424431
2502.340070166588,-70.33812111531019,-70.33812111531019
2502.350070166588,-70.33787026830885,-70.33787026830885
2502.360070166588,-70.3376393003579,-70.3376393003579
2502.370070166588,-70.33742820936884,-70.33742820936884
2502.3800701665878,-70.33723699225153,-70.33723699225153
2502.390070166588,-70.33706564495759,-70.33706564495759
2502.4000701904297,-70.33691416209176,-70.33691416209176
2502.41007019043,-70.3367825384803,-70.3367825384803
2502.4200701904297,-70.33667076676014,-70.33667076676014
2502.43007019043,-70.33657883912349,-70.33657883912349
2502.4400701904297,-70.33650674685013,-70.33650674685013
2502.45007019043,-70.33645448031898,-70.33645448031898
2502.4600701904296,-70.33642202904495,-70.33642202904495
2502.47007019043,-70.33640938167105,-70.33640938167105
2502.4800701904296,-70.33641652599867,-70.33641652599867
2502.49007019043,-70.33644344900246,-70.33644344900246
2502.5000701904296,-70.33649013682594,-70.33649013682594
2502.51007019043,-70.33655657481324,-70.33655657481324
2502.5200701904296,-70.33664274751622,-70.33664274751622
2502.53007019043,-70.33674863870625,-70.33674863870625
2502.5400701904296,-70.3368742313883,-70.3368742313883
2502.55007019043,-70.33701950780838,-70.33701950780838
2502.5600701904295,-70.3371844494795,-70.3371844494795
2502.5700701904298,-70.3373690371805,-70.3373690371805
2502.5800701904295,-70.33757325098154,-70.33757325098154
2502.5900701904297,-70.3377970702454,-70.3377970702454
2502.6000701904295,-70.33804047364058,-70.33804047364058
2502.6100701904297,-70.33830343915969,-70.33830343915969
2502.6200701904295,-70.33858594412754,-70.33858594412754
2502.6300701904297,-70.33888796520644,-70.33888796520644
2502.6400701904295,-70.33920947841895,-70.33920947841895
2502.6500701904297,-70.33955045915611,-70.33955045915611
2502.66007019043,-70.33991088219148,-70.33991088219148
2502.6700701904297,-70.34029072166494,-70.34029072166494
2502.68007019043,-70.34068995114475,-70.34068995114475
2502.6900701904297,-70.34110854358714,-70.34110854358714
2502.70007019043,-70.3415464713845,-70.3415464713845
2502.7100701904296,-70.34200370635627,-70.34200370635627
2502.72007019043,-70.34248021975377,-70.34248021975377
2502.7300701904296,-70.34297598230017,-70.34297598230017
2502.74007019043,-70.34349096416454,-70.34349096416454
2502.7500701904296,-70.3440251349974,-70.3440251349974
2502.76007019043,-70.34457846391986,-70.34457846391986
2502.7700701904296,-70.3451509195554,-70.3451509195554
2502.78007019043,-70.34574247002386,-70.34574247002386
2502.7900701904296,-70.34635308296856,-70.34635308296856
2502.80007019043,-70.34698272552549,-70.34698272552549
2502.8100701904295,-70.34763136438524,-70.34763136438524
2502.8200701904298,-70.34829896576015,-70.34829896576015
2502.8300701904295,-70.34898549541678,-70.34898549541678
2502.8400701904297,-70.34969091868498,-70.34969091868498
2502.8500701904295,-70.35041520043566,-70.35041520043566
2502.8600701904297,-70.35115830513006,-70.35115830513006
2502.8700701904295,-70.35192019681315,-70.35192019681315
2502.8800701904297,-70.35270083911287,-70.35270083911287
2502.8900701904295,-70.35350019525332,-70.35350019525332
2502.9000701904297,-70.35431822806645,-70.35431822806645
2502.91007019043,-70.35515490000223,-70.35515490000223
2502.9200701904297,-70.35601017312275,-70.35601017312275
2502.93007019043,-70.35688400912858,-70.35688400912858
2502.9400701904297,-70.35777636935231,-70.35777636935231
2502.95007019043,-70.35868721477199,-70.35868721477199
2502.9600701904296,-70.35961650601455,-70.35961650601455
2502.97007019043,-70.36056420336797,-70.36056420336797
2502.9800701904296,-70.36153026680272,-70.36153026680272
2502.99007019043,-70.36251465592738,-70.36251465592738
2503.0000701904296,-70.36351733006542,-70.36351733006542
2503.01007019043,-70.3645382482059,-70.3645382482059
2503.0200701904296,-70.36557736904052,-70.36557736904052
2503.03007019043,-70.36663465096231,-70.36663465096231
2503.0400701904296,-70.36771005206333,-70.36771005206333
2503.05007019043,-70.36880353016383,-70.36880353016383
2503.0600701904295,-70.369915042792,-70.369915042792
2503.0700701904298,-70.37104454721066,-70.37104454721066
2503.0800701904295,-70.37219200040961,-70.37219200040961
2503.0900701904297,-70.37335735911675,-70.37335735911675
2503.1000701904295,-70.37454057980787,-70.37454057980787
2503.1100701904297,-70.37574161870928,-70.37574161870928
2503.1200701904295,-70.37696043180694,-70.37696043180694
2503.1300701904297,-70.37819697484085,-70.37819697484085
2503.1400701904295,-70.37945120332712,-70.37945120332712
2503.1500701904297,-70.38072307255975,-70.38072307255975
2503.16007019043,-70.38201253759651,-70.38201253759651
2503.1700701904297,-70.38331955329433,-70.38331955329433
2503.18007019043,-70.38464407429478,-70.38464407429478
2503.1900701904297,-70.38598605502679,-70.38598605502679
2503.20007019043,-70.38734544973444,-70.38734544973444
2503.2100701904296,-70.38872221246034,-70.38872221246034
2503.22007019043,-70.39011629705828,-70.39011629705828
2503.2300701904296,-70.39152765719385,-70.39152765719385
2503.24007019043,-70.39295624636331,-70.39295624636331
2503.2500702142715,-70.39440202132896,-70.39440202132896
2503.2600702142718,-70.39586492841816,-70.39586492841816
2503.2700702142715,-70.39734492396677,-70.39734492396677
2503.2800702142717,-70.39884196079404,-70.39884196079404
2503.2900702142715,-70.40035599157645,-70.40035599157645
2503.3000702142717,-70.40188696883618,-70.40188696883618
2503.3100702142715,-70.40343484493371,-70.40343484493371
2503.3200702142717,-70.40499957209525,-70.40499957209525
2503.3300702142715,-70.40658110239914,-70.40658110239914
2503.3400702142717,-70.40817938779735,-70.40817938779735
2503.3500702142715,-70.40979438011924,-70.40979438011924
2503.3600702142717,-70.41142603105246,-70.41142603105246
2503.3700702142714,-70.4130742921731,-70.4130742921731
2503.3800702142717,-70.4147391149323,-70.4147391149323
2503.3900702142714,-70.41642045066942,-70.41642045066942
2503.4000702142716,-70.41811825061805,-70.41811825061805
2503.4100702142714,-70.41983246590287,-70.41983246590287
2503.4200702142716,-70.42156304754891,-70.42156304754891
2503.4300702142714,-70.4233099464692,-70.4233099464692
2503.4400702142716,-70.42507311349912,-70.42507311349912
2503.4500702142714,-70.4268524993745,-70.4268524993745
2503.4600702142716,-70.42864805473383,-70.42864805473383
2503.4700702142713,-70.43045973014229,-70.43045973014229
2503.4800702142716,-70.43228747608138,-70.43228747608138
2503.4900702142713,-70.43413124295074,-70.43413124295074
2503.5000702142715,-70.43599098108639,-70.43599098108639
2503.5100702142718,-70.43786664073615,-70.43786664073615
2503.5200702142715,-70.43975817208847,-70.43975817208847
2503.5300702142717,-70.44166552526907,-70.44166552526907
2503.5400702142715,-70.44358865033462,-70.44358865033462
2503.5500702142717,-70.44552749729002,-70.44552749729002
2503.5600702142715,-70.44748201607736,-70.44748201607736
2503.5700702142717,-70.44945215658883,-70.44945215658883
2503.5800702142715,-70.4514378686687,-70.4514378686687
2503.5900702142717,-70.45343910210984,-70.45343910210984
2503.6000702142715,-70.45545580666356,-70.45545580666356
2503.6100702142717,-70.45748793203677,-70.45748793203677
2503.6200702142714,-70.45953542790336,-70.45953542790336
2503.6300702142717,-70.46159824389021,-70.46159824389021
2503.6400702142714,-70.46367632959975,-70.46367632959975
2503.6500702142716,-70.46576963459995,-70.46576963459995
2503.6600702142714,-70.46787810843398,-70.46787810843398
2503.6700702142716,-70.47000170060848,-70.47000170060848
2503.6800702142714,-70.47214036062778,-70.47214036062778
2503.6900702142716,-70.47429403795307,-70.47429403795307
2503.7000702142714,-70.47646268203486,-70.47646268203486
2503.7100702142716,-70.47864624230822,-70.47864624230822
2503.7200702142713,-70.48084466819715,-70.48084466819715
2503.7300702142716,-70.48305790911596,-70.48305790911596
2503.7400702142713,-70.48528591446221,-70.48528591446221
2503.7500702142715,-70.48752863363033,-70.48752863363033
2503.7600702142718,-70.48978601600292,-70.48978601600292
2503.7700702142715,-70.49205801097762,-70.49205801097762
2503.7800702142717,-70.49434456793584,-70.49434456793584
2503.7900702142715,-70.49664563626298,-70.49664563626298
2503.8000702142717,-70.49896116534896,-70.49896116534896
2503.8100702142715,-70.50129110459264,-70.50129110459264
2503.8200702142717,-70.50363540340712,-70.50363540340712
2503.8300702142715,-70.50599401119503,-70.50599401119503
2503.8400702142717,-70.50836687739111,-70.50836687739111
2503.8500702142715,-70.51075395143033,-70.51075395143033
2503.8600702142717,-70.51315518275709,-70.51315518275709
2503.8700702142714,-70.51557052085987,-70.51557052085987
2503.8800702142717,-70.51799991522631,-70.51799991522631
2503.8900702142714,-70.52044331536347,-70.52044331536347
2503.9000702142716,-70.52290067081402,-70.52290067081402
2503.9100702142714,-70.52537193112823,-70.52537193112823
2503.9200702142716,-70.52785704588807,-70.52785704588807
2503.9300702142714,-70.53035596470644,-70.53035596470644
2503.9400702142716,-70.53286863722775,-70.53286863722775
2503.9500702142714,-70.53539501313406,-70.53539501313406
2503.9600702142716,-70.53792889230165,-70.53792889230165
2503.9700702142713,-70.54046753240037,-70.54046753240037
2503.9800702142716,-70.54300957400937,-70.54300957400937
2503.9900702142713,-70.54555429834163,-70.54555429834163
2504.0000702142715,-70.54810134372089,-70.54810134372089
2504.0100702142718,-70.5506505582449,-70.5506505582449
2504.0200702142715,-70.55320191334417,-70.55320191334417
2504.0300702142717,-70.5557554517879,-70.5557554517879
2504.0400702142715,-70.55831125642477,-70.55831125642477
2504.0500702142717,-70.5608694313656,-70.5608694313656
2504.0600702142715,-70.56343009083197,-70.56343009083197
2504.0700702142717,-70.56599335254849,-70.56599335254849
2504.0800702142715,-70.56855933397935,-70.56855933397935
2504.0900702142717,-70.57112815027054,-70.57112815027054
2504.1000702381134,-70.57369991935343,-70.57369991935343
2504.1100702381136,-70.57627473705334,-70.57627473705334
2504.1200702381134,-70.57885271370893,-70.57885271370893
2504.1300702381136,-70.58143394992624,-70.58143394992624
2504.1400702381134,-70.58401854289237,-70.58401854289237
2504.1500702381136,-70.58660658666713,-70.58660658666713
2504.1600702381133,-70.58919817250492,-70.58919817250492
2504.1700702381136,-70.59179338911059,-70.59179338911059
2504.1800702381133,-70.59439232290792,-70.59439232290792
2504.1900702381135,-70.59699505828813,-70.59699505828813
2504.2000702381133,-70.59960167779944,-70.59960167779944
2504.2100702381135,-70.6022122623222,-70.6022122623222
2504.2200702381133,-70.6048268912308,-70.6048268912308
2504.2300702381135,-70.60744564252569,-70.60744564252569
2504.2400702381133,-70.61006859293173,-70.61006859293173
2504.2500702381135,-70.61269581798976,-70.61269581798976
2504.2600702381133,-70.61532739214576,-70.61532739214576
2504.2700702381135,-70.61796338878973,-70.61796338878973
2504.2800702381132,-70.62060388032533,-70.62060388032533
2504.2900702381135,-70.6232489381999,-70.6232489381999
2504.300070238113,-70.6258986329463,-70.6258986329463
2504.3100702381134,-70.62855303418742,-70.62855303418742
2504.320070238113,-70.63121221068847,-70.63121221068847
2504.3300702381134,-70.63387623034444,-70.63387623034444
2504.340070238113,-70.6365451602044,-70.6365451602044
2504.3500702381134,-70.63921906646263,-70.63921906646263
2504.3600702381136,-70.64189801448232,-70.64189801448232
2504.3700702381134,-70.64458206879416,-70.64458206879416
2504.3800702381136,-70.64727129308035,-70.64727129308035
2504.3900702381134,-70.64996575020338,-70.64996575020338
2504.4000702381136,-70.65266550216062,-70.65266550216062
2504.4100702381133,-70.65537061013481,-70.65537061013481
2504.4200702381136,-70.6580811344428,-70.6580811344428
2504.4300702381133,-70.66079713456358,-70.66079713456358
2504.4400702381135,-70.66351866911553,-70.66351866911553
2504.4500702381133,-70.66624579586043,-70.66624579586043
2504.4600702381135,-70.6689785716909,-70.6689785716909
2504.4700702381133,-70.67171705264478,-70.67171705264478
2504.4800702381135,-70.67446129387862,-70.67446129387862
2504.4900702381133,-70.67721134968073,-70.67721134968073
2504.5000702381135,-70.67996727345515,-70.67996727345515
2504.5100702381133,-70.68272911772243,-70.68272911772243
2504.5200702381135,-70.6854969341239,-70.6854969341239
2504.5300702381132,-70.68827077340697,-70.68827077340697
2504.5400702381135,-70.69105068543621,-70.69105068543621
2504.550070238113,-70.69383671917352,-70.69383671917352
2504.5600702381134,-70.6966289226959,-70.6966289226959
2504.570070238113,-70.69942734318455,-70.69942734318455
2504.5800702381134,-70.70223202692179,-70.70223202692179
2504.590070238113,-70.70504301929932,-70.70504301929932
2504.6000702381134,-70.7078603648084,-70.7078603648084
2504.6100702381136,-70.71068410704947,-70.71068410704947
2504.6200702381134,-70.71351428873157,-70.71351428873157
2504.6300702381136,-70.71635095166585,-70.71635095166585
2504.6400702381134,-70.7191941367774,-70.7191941367774
2504.6500702381136,-70.72204388409943,-70.72204388409943
2504.6600702381133,-70.72490023278867,-70.72490023278867
2504.6700702381136,-70.72776322110012,-70.72776322110012
2504.6800702381133,-70.73063288643208,-70.73063288643208
2504.6900702381135,-70.7335092652903,-70.7335092652903
2504.7000702381133,-70.73639239331314,-70.73639239331314
2504.7100702381135,-70.73928230526587,-70.73928230526587
2504.7200702381133,-70.74217903506381,-70.74217903506381
2504.7300702381135,-70.74508261575177,-70.74508261575177
2504.7400702381133,-70.74799307952742,-70.74799307952742
2504.7500702381135,-70.75091045772264,-70.75091045772264
2504.7600702381133,-70.7538347808474,-70.7538347808474
2504.7700702381135,-70.75676607856255,-70.75676607856255
2504.7800702381132,-70.75970437970169,-70.75970437970169
2504.7900702381135,-70.76264971226415,-70.76264971226415
2504.800070238113,-70.76560210343534,-70.76560210343534
2504.8100702381134,-70.76856157958397,-70.76856157958397
2504.820070238113,-70.77152816627942,-70.77152816627942
2504.8300702381134,-70.77450188828679,-70.77450188828679
2504.840070238113,-70.7774827695709,-70.7774827695709
2504.8500702381134,-70.78047083331846,-70.78047083331846
2504.8600702381136,-70.7834661019368,-70.7834661019368
2504.8700702381134,-70.78646859705204,-70.78646859705204
2504.8800702381136,-70.78947833954263,-70.78947833954263
2504.8900702381134,-70.79249534951646,-70.79249534951646
2504.9000702381136,-70.79551964633507,-70.79551964633507
2504.9100702381133,-70.7985512486222,-70.7985512486222
2504.9200702381136,-70.80159017426158,-70.80159017426158
2504.9300702381133,-70.80463644040702,-70.80463644040702
2504.9400702381135,-70.80769006350734,-70.80769006350734
2504.9500702619553,-70.81075106658213,-70.81075106658213
2504.9600702619555,-70.81381945011194,-70.81381945011194
2504.9700702619552,-70.81689523567147,-70.81689523567147
2504.9800702619555,-70.81997843690678,-70.81997843690678
2504.990070261955,-70.82306906679659,-70.82306906679659
2505.0000702619554,-70.82616713763248,-70.82616713763248
2505.010070261955,-70.82927266104493,-70.82927266104493
2505.0200702619554,-70.83238564801194,-70.83238564801194
2505.030070261955,-70.83550610886934,-70.83550610886934
2505.0400702619554,-70.83863405330827,-70.83863405330827
2505.050070261955,-70.84176949038664,-70.84176949038664
2505.0600702619554,-70.84491242854011,-70.84491242854011
2505.070070261955,-70.84806287559142,-70.84806287559142
2505.0800702619554,-70.85122083876011,-70.85122083876011
2505.090070261955,-70.85438632466236,-70.85438632466236
2505.1000702619554,-70.85755933932914,-70.85755933932914
2505.110070261955,-70.86073988820326,-70.86073988820326
2505.1200702619553,-70.86392797614661,-70.86392797614661
2505.130070261955,-70.86712360747288,-70.86712360747288
2505.1400702619553,-70.87032678591991,-70.87032678591991
2505.150070261955,-70.87353751467808,-70.87353751467808
2505.1600702619553,-70.8767557963984,-70.8767557963984
2505.170070261955,-70.8799816331979,-70.8799816331979
2505.1800702619553,-70.88321502664606,-70.88321502664606
2505.190070261955,-70.88645597781904,-70.88645597781904
2505.2000702619553,-70.88970448725951,-70.88970448725951
2505.2100702619555,-70.89296055501818,-70.89296055501818
2505.2200702619552,-70.89622418063682,-70.89622418063682
2505.2300702619555,-70.89949536316759,-70.89949536316759
2505.240070261955,-70.90277410119114,-70.90277410119114
2505.2500702619554,-70.90606039279548,-70.90606039279548
2505.260070261955,-70.90935423561099,-70.90935423561099
2505.2700702619554,-70.91265562680937,-70.91265562680937
2505.280070261955,-70.91596456309058,-70.91596456309058
2505.2900702619554,-70.9192810407269,-70.9192810407269
2505.300070261955,-70.92260505554135,-70.92260505554135
2505.3100702619554,-70.92593660292239,-70.92593660292239
2505.320070261955,-70.92927567782868,-70.92927567782868
2505.3300702619554,-70.93262227481354,-70.93262227481354
2505.340070261955,-70.93597638799045,-70.93597638799045
2505.3500702619554,-70.93933801110103,-70.93933801110103
2505.360070261955,-70.94270713746,-70.94270713746
2505.3700702619553,-70.9460837599916,-70.9460837599916
2505.380070261955,-70.9494678712507,-70.9494678712507
2505.3900702619553,-70.95285946339517,-70.95285946339517
2505.400070261955,-70.95625852821256,-70.95625852821256
2505.4100702619553,-70.95966505712134,-70.95966505712134
2505.420070261955,-70.96307904118419,-70.96307904118419
2505.4300702619553,-70.96650047110467,-70.96650047110467
2505.440070261955,-70.96992933724182,-70.96992933724182
2505.4500702619553,-70.97336562959761,-70.97336562959761
2505.4600702619555,-70.97680933784717,-70.97680933784717
2505.4700702619552,-70.98026045132575,-70.98026045132575
2505.4800702619555,-70.98371895905743,-70.98371895905743
2505.490070261955,-70.98718484972602,-70.98718484972602
2505.5000702619554,-70.9906581117253,-70.9906581117253
2505.510070261955,-70.99413873311626,-70.99413873311626
2505.5200702619554,-70.99762670166768,-70.99762670166768
2505.530070261955,-71.00112200485275,-71.00112200485275
2505.5400702619554,-71.00462462984521,-71.00462462984521
2505.550070261955,-71.00813456353487,-71.00813456353487
2505.5600702619554,-71.01165179252905,-71.01165179252905
2505.570070261955,-71.01517630315847,-71.01517630315847
2505.5800702619554,-71.01870808147763,-71.01870808147763
2505.590070261955,-71.02224711328613,-71.02224711328613
2505.6000702619554,-71.02579338409934,-71.02579338409934
2505.610070261955,-71.02934687919884,-71.02934687919884
2505.6200702619553,-71.03290758360443,-71.03290758360443
2505.630070261955,-71.03647548208816,-71.03647548208816
2505.6400702619553,-71.04005055918236,-71.04005055918236
2505.650070261955,-71.04363279917675,-71.04363279917675
2505.6600702619553,-71.04722218613016,-71.04722218613016
2505.670070261955,-71.05081870387934,-71.05081870387934
2505.6800702619553,-71.05442233602975,-71.05442233602975
2505.690070261955,-71.05803306595955,-71.05803306595955
2505.7000702619553,-71.06165087685017,-71.06165087685017
2505.7100702619555,-71.06526955336246,-71.06526955336246
2505.7200702619552,-71.06888636238848,-71.06888636238848
2505.7300702619555,-71.07249996333165,-71.07249996333165
2505.740070261955,-71.07610966040103,-71.07610966040103
2505.7500702619554,-71.07971511714705,-71.07971511714705
2505.760070261955,-71.08331620816028,-71.08331620816028
2505.7700702619554,-71.08691293209367,-71.08691293209367
2505.780070261955,-71.09050535939734,-71.09050535939734
2505.7900702619554,-71.094093600876,-71.094093600876
2505.800070285797,-71.09767779733187,-71.09767779733187
2505.8100702857973,-71.101258074183,-71.101258074183
2505.820070285797,-71.10483458606414,-71.10483458606414
2505.8300702857973,-71.10840747887389,-71.10840747887389
2505.840070285797,-71.11197689623707,-71.11197689623707
2505.8500702857973,-71.1155429784478,-71.1155429784478
2505.860070285797,-71.11910586208798,-71.11910586208798
2505.8700702857973,-71.12266567991512,-71.12266567991512
2505.880070285797,-71.12622256101517,-71.12622256101517
2505.8900702857973,-71.12977663106746,-71.12977663106746
2505.900070285797,-71.13332801257944,-71.13332801257944
2505.9100702857972,-71.13687682520795,-71.13687682520795
2505.920070285797,-71.14042318600885,-71.14042318600885
2505.9300702857972,-71.14396720971888,-71.14396720971888
2505.940070285797,-71.1475090089636,-71.1475090089636
2505.950070285797,-71.15104869445406,-71.15104869445406
2505.960070285797,-71.15458016935277,-71.15458016935277
2505.970070285797,-71.15810082200113,-71.15810082200113
2505.980070285797,-71.16160943369601,-71.16160943369601
2505.990070285797,-71.16510543016045,-71.16510543016045
2506.000070285797,-71.16858859583327,-71.16858859583327
2506.010070285797,-71.17205892543839,-71.17205892543839
2506.020070285797,-71.17551653699459,-71.17551653699459
2506.030070285797,-71.17896161952753,-71.17896161952753
2506.040070285797,-71.18239440161324,-71.18239440161324
2506.050070285797,-71.18581513253346,-71.18581513253346
2506.0600702857973,-71.18922407100054,-71.18922407100054
2506.070070285797,-71.19262147855629,-71.19262147855629
2506.0800702857973,-71.19600761577503,-71.19600761577503
2506.090070285797,-71.19938274019701,-71.19938274019701
2506.1000702857973,-71.20274710525565,-71.20274710525565
2506.110070285797,-71.20610095988297,-71.20610095988297
2506.1200702857973,-71.20944454841494,-71.20944454841494
2506.130070285797,-71.21277811074098,-71.21277811074098
2506.1400702857973,-71.21610188250916,-71.21610188250916
2506.150070285797,-71.21941609541973,-71.21941609541973
2506.1600702857972,-71.22272097749497,-71.22272097749497
2506.170070285797,-71.22601675334306,-71.22601675334306
2506.1800702857972,-71.22930364440222,-71.22930364440222
2506.190070285797,-71.2325818691643,-71.2325818691643
2506.200070285797,-71.23585164335616,-71.23585164335616
2506.210070285797,-71.23911318010212,-71.23911318010212
2506.220070285797,-71.24236669007256,-71.24236669007256
2506.230070285797,-71.2456123815867,-71.2456123815867
2506.240070285797,-71.248850460702,-71.248850460702
2506.250070285797,-71.25208113132703,-71.25208113132703
2506.260070285797,-71.25530459523608,-71.25530459523608
2506.270070285797,-71.25852105216636,-71.25852105216636
2506.280070285797,-71.26173069982434,-71.26173069982434
2506.290070285797,-71.26493373394496,-71.26493373394496
2506.300070285797,-71.26813034829246,-71.26813034829246
2506.3100702857973,-71.27132073469473,-71.27132073469473
2506.320070285797,-71.27450508305472,-71.27450508305472
2506.3300702857973,-71.27768358134585,-71.27768358134585
2506.340070285797,-71.28085641563861,-71.28085641563861
2506.3500702857973,-71.2840237700889,-71.2840237700889
2506.360070285797,-71.28718582693804,-71.28718582693804
2506.3700702857973,-71.29034276652412,-71.29034276652412
2506.380070285797,-71.2934947672591,-71.2934947672591
2506.3900702857973,-71.29664200566272,-71.29664200566272
2506.400070285797,-71.29978465632024,-71.29978465632024
2506.4100702857972,-71.30292289189988,-71.30292289189988
2506.420070285797,-71.30605688314894,-71.30605688314894
2506.4300702857972,-71.30918679887779,-71.30918679887779
2506.440070285797,-71.31231280597251,-71.31231280597251
2506.450070285797,-71.31543506938809,-71.31543506938809
2506.460070285797,-71.31855375213924,-71.31855375213924
2506.470070285797,-71.32166901529534,-71.32166901529534
2506.480070285797,-71.32478101799867,-71.32478101799867
2506.490070285797,-71.32788991744022,-71.32788991744022
2506.500070285797,-71.33099586888353,-71.33099586888353
2506.510070285797,-71.33409902563957,-71.33409902563957
2506.520070285797,-71.33719953909004,-71.33719953909004
2506.530070285797,-71.34029755866976,-71.34029755866976
2506.540070285797,-71.34339323190245,-71.34339323190245
2506.550070285797,-71.34648670434426,-71.34648670434426
2506.5600702857973,-71.34957811965829,-71.34957811965829
2506.570070285797,-71.3526676195752,-71.3526676195752
2506.5800702857973,-71.35575534390085,-71.35575534390085
2506.590070285797,-71.35884143054257,-71.35884143054257
2506.6000702857973,-71.36192601549462,-71.36192601549462
2506.610070285797,-71.36500923285676,-71.36500923285676
2506.6200702857973,-71.36809121484633,-71.36809121484633
2506.630070285797,-71.37117209179756,-71.37117209179756
2506.6400702857973,-71.37425199215608,-71.37425199215608
2506.650070309639,-71.37733104986201,-71.37733104986201
2506.660070309639,-71.38040937500429,-71.38040937500429
2506.670070309639,-71.38348709779532,-71.38348709779532
2506.680070309639,-71.38656433930936,-71.38656433930936
2506.690070309639,-71.38964121880431,-71.38964121880431
2506.700070309639,-71.39271785371962,-71.39271785371962
2506.710070309639,-71.39579435970441,-71.39579435970441
2506.720070309639,-71.39887085061716,-71.39887085061716
2506.730070309639,-71.40194743854697,-71.40194743854697
2506.740070309639,-71.40502423381805,-71.40502423381805
2506.750070309639,-71.40810134502361,-71.40810134502361
2506.760070309639,-71.41117887901488,-71.41117887901488
2506.770070309639,-71.4142569409291,-71.4142569409291
2506.780070309639,-71.41733563420443,-71.41733563420443
2506.790070309639,-71.42041506057988,-71.42041506057988
2506.800070309639,-71.4234953201306,-71.4234953201306
2506.810070309639,-71.42657651126687,-71.42657651126687
2506.820070309639,-71.42965873075073,-71.42965873075073
2506.830070309639,-71.43274207372096,-71.43274207372096
2506.840070309639,-71.43582663369725,-71.43582663369725
2506.850070309639,-71.43891250261018,-71.43891250261018
2506.860070309639,-71.44199977080132,-71.44199977080132
2506.870070309639,-71.44508852703804,-71.44508852703804
2506.880070309639,-71.44817885853908,-71.44817885853908
2506.8900703096388,-71.45127085099533,-71.45127085099533
2506.900070309639,-71.4543645885712,-71.4543645885712
2506.910070309639,-71.4574601539298,-71.4574601539298
2506.920070309639,-71.46055762824054,-71.46055762824054
2506.930070309639,-71.46365709120809,-71.46365709120809
2506.940070309639,-71.46675862107337,-71.46675862107337
2506.950070309639,-71.46986229463468,-71.46986229463468
2506.960070309639,-71.47296818728599,-71.47296818728599
2506.970070309639,-71.4760763729956,-71.4760763729956
2506.980070309639,-71.47918692434374,-71.47918692434374
2506.990070309639,-71.48229991252695,-71.48229991252695
2507.000070309639,-71.48541540739993,-71.48541540739993
2507.010070309639,-71.48853347745487,-71.48853347745487
2507.020070309639,-71.49165418987192,-71.49165418987192
2507.030070309639,-71.49477761050814,-71.49477761050814
2507.040070309639,-71.4979038039234,-71.4979038039234
2507.050070309639,-71.50103283340393,-71.50103283340393
2507.060070309639,-71.50416476096976,-71.50416476096976
2507.070070309639,-71.50729964738345,-71.50729964738345
2507.080070309639,-71.5104375521891,-71.5104375521891
2507.090070309639,-71.51357853368783,-71.51357853368783
2507.100070309639,-71.51672264900968,-71.51672264900968
2507.110070309639,-71.51986995406308,-71.51986995406308
2507.120070309639,-71.52302050360872,-71.52302050360872
2507.130070309639,-71.52617435123706,-71.52617435123706
2507.1400703096388,-71.52933154940087,-71.52933154940087
2507.150070309639,-71.5324921494252,-71.5324921494252
2507.160070309639,-71.53565620152746,-71.53565620152746
2507.170070309639,-71.53882375481531,-71.53882375481531
2507.180070309639,-71.54199485731299,-71.54199485731299
2507.190070309639,-71.54516955597911,-71.54516955597911
2507.200070309639,-71.54834789671658,-71.54834789671658
2507.210070309639,-71.55152992439999,-71.55152992439999
2507.220070309639,-71.55471568285215,-71.55471568285215
2507.230070309639,-71.5579052149056,-71.5579052149056
2507.240070309639,-71.56109856237583,-71.56109856237583
2507.250070309639,-71.56429576610381,-71.56429576610381
2507.260070309639,-71.56749686595674,-71.56749686595674
2507.270070309639,-71.57070190083937,-71.57070190083937
2507.280070309639,-71.57391090871619,-71.57391090871619
2507.290070309639,-71.57712392661439,-71.57712392661439
2507.300070309639,-71.58034099064986,-71.58034099064986
2507.310070309639,-71.58356213602497,-71.58356213602497
2507.320070309639,-71.58678739704666,-71.58678739704666
2507.330070309639,-71.59001680714395,-71.59001680714395
2507.340070309639,-71.59325039888675,-71.59325039888675
2507.350070309639,-71.59648820398158,-71.59648820398158
2507.360070309639,-71.59973025328233,-71.59973025328233
2507.370070309639,-71.60297657682534,-71.60297657682534
2507.380070309639,-71.60622720382392,-71.60622720382392
2507.3900703096388,-71.60948216267715,-71.60948216267715
2507.400070309639,-71.61274148099417,-71.61274148099417
2507.410070309639,-71.61600518560034,-71.61600518560034
2507.420070309639,-71.61927330253461,-71.61927330253461
2507.430070309639,-71.62254585709867,-71.62254585709867
2507.440070309639,-71.62582287382195,-71.62582287382195
2507.450070309639,-71.6291043765071,-71.6291043765071
2507.460070309639,-71.6323903882144,-71.6323903882144
2507.470070309639,-71.63568093129632,-71.63568093129632
2507.480070309639,-71.63897602740577,-71.63897602740577
2507.490070309639,-71.64227569747803,-71.64227569747803
2507.500070333481,-71.6455799696535,-71.6455799696535
2507.510070333481,-71.648888847805,-71.648888847805
2507.520070333481,-71.652202358678,-71.652202358678
2507.530070333481,-71.65552052053906,-71.65552052053906
2507.540070333481,-71.65884335101444,-71.65884335101444
2507.550070333481,-71.66217086707603,-71.66217086707603
2507.560070333481,-71.66550308509053,-71.66550308509053
2507.570070333481,-71.6688400207861,-71.6688400207861
2507.5800703334808,-71.67218168929212,-71.67218168929212
2507.590070333481,-71.67552810513806,-71.67552810513806
2507.6000703334807,-71.67887928226392,-71.67887928226392
2507.610070333481,-71.68223523403248,-71.68223523403248
2507.6200703334807,-71.68559597323362,-71.68559597323362
2507.630070333481,-71.6889615120919,-71.6889615120919
2507.6400703334807,-71.69233186228374,-71.69233186228374
2507.650070333481,-71.69570703492971,-71.69570703492971
2507.6600703334807,-71.69908704062792,-71.69908704062792
2507.670070333481,-71.70247188943345,-71.70247188943345
2507.6800703334807,-71.70586159089335,-71.70586159089335
2507.690070333481,-71.7092561540374,-71.7092561540374
2507.7000703334807,-71.71265558738568,-71.71265558738568
2507.710070333481,-71.7160598989639,-71.7160598989639
2507.7200703334806,-71.71946909632067,-71.71946909632067
2507.730070333481,-71.72288318651619,-71.72288318651619
2507.7400703334806,-71.72630217613465,-71.72630217613465
2507.750070333481,-71.72972607129337,-71.72972607129337
2507.760070333481,-71.73315487766153,-71.73315487766153
2507.770070333481,-71.73658860044704,-71.73658860044704
2507.780070333481,-71.7400272444203,-71.7400272444203
2507.790070333481,-71.74347081391534,-71.74347081391534
2507.800070333481,-71.74691931282338,-71.74691931282338
2507.810070333481,-71.75037274463554,-71.75037274463554
2507.820070333481,-71.75383111240247,-71.75383111240247
2507.8300703334808,-71.75729441878869,-71.75729441878869
2507.840070333481,-71.76076266603663,-71.76076266603663
2507.8500703334807,-71.76423585600422,-71.76423585600422
2507.860070333481,-71.76771399015176,-71.76771399015176
2507.8700703334807,-71.77119706956387,-71.77119706956387
2507.880070333481,-71.77468509494317,-71.77468509494317
2507.8900703334807,-71.77817806663039,-71.77817806663039
2507.900070333481,-71.78167598458998,-71.78167598458998
2507.9100703334807,-71.78517884842925,-71.78517884842925
2507.920070333481,-71.78868665740458,-71.78868665740458
2507.9300703334807,-71.79219941042197,-71.79219941042197
2507.940070333481,-71.79571710605269,-71.79571710605269
2507.9500703334807,-71.79923974253423,-71.79923974253423
2507.960070333481,-71.80276731776087,-71.80276731776087
2507.9700703334806,-71.80629982931089,-71.80629982931089
2507.980070333481,-71.80983727443943,-71.80983727443943
2507.9900703334806,-71.8133796500962,-71.8133796500962
2508.000070333481,-71.8169269529094,-71.8169269529094
2508.010070333481,-71.8204791792182,-71.8204791792182
2508.020070333481,-71.82403632504821,-71.82403632504821
2508.030070333481,-71.82759838614324,-71.82759838614324
2508.040070333481,-71.83116535795816,-71.83116535795816
2508.050070333481,-71.83473723565865,-71.83473723565865
2508.060070333481,-71.83831401413704,-71.83831401413704
2508.070070333481,-71.8418956880057,-71.8418956880057
2508.0800703334808,-71.84548225161282,-71.84548225161282
2508.090070333481,-71.84907369904606,-71.84907369904606
2508.1000703334807,-71.85267002411906,-71.85267002411906
2508.110070333481,-71.8562712204024,-71.8562712204024
2508.1200703334807,-71.85987728121627,-71.85987728121627
2508.130070333481,-71.86348819963177,-71.86348819963177
2508.1400703334807,-71.86710396847144,-71.86710396847144
2508.150070333481,-71.87072458032922,-71.87072458032922
2508.1600703334807,-71.87435002755716,-71.87435002755716
2508.170070333481,-71.87798030228319,-71.87798030228319
2508.1800703334807,-71.8816153964089,-71.8816153964089
2508.190070333481,-71.88525530160958,-71.88525530160958
2508.2000703334807,-71.8889000093558,-71.8889000093558
2508.210070333481,-71.89254951088908,-71.89254951088908
2508.2200703334806,-71.89620379724396,-71.89620379724396
2508.230070333481,-71.89986285926372,-71.89986285926372
2508.2400703334806,-71.90352668756385,-71.90352668756385
2508.250070333481,-71.90719527258304,-71.90719527258304
2508.260070333481,-71.91086860455606,-71.91086860455606
2508.270070333481,-71.91454667353318,-71.91454667353318
2508.280070333481,-71.91822946935918,-71.91822946935918
2508.290070333481,-71.92191698171382,-71.92191698171382
2508.300070333481,-71.92560920009522,-71.92560920009522
2508.310070333481,-71.92930611380015,-71.92930611380015
2508.320070333481,-71.93300771197306,-71.93300771197306
2508.3300703334808,-71.93671398358792,-71.93671398358792
2508.340070333481,-71.94042491743616,-71.94042491743616
2508.3500703573227,-71.94414051100748,-71.94414051100748
2508.360070357323,-71.94786073510258,-71.94786073510258
2508.3700703573227,-71.95158558684662,-71.95158558684662
2508.380070357323,-71.95531505441323,-71.95531505441323
2508.3900703573227,-71.95904912580805,-71.95904912580805
2508.400070357323,-71.96278778888667,-71.96278778888667
2508.4100703573226,-71.9665310313662,-71.9665310313662
2508.420070357323,-71.97027884080732,-71.97027884080732
2508.4300703573226,-71.97403120464512,-71.97403120464512
2508.440070357323,-71.9777881101606,-71.9777881101606
2508.4500703573226,-71.98154954451148,-71.98154954451148
2508.460070357323,-71.9853154947177,-71.9853154947177
2508.4700703573226,-71.98908594767884,-71.98908594767884
2508.480070357323,-71.99286089015025,-71.99286089015025
2508.4900703573226,-71.99664030877314,-71.99664030877314
2508.500070357323,-72.0004241900596,-72.0004241900596
2508.5100703573225,-72.00421252041622,-72.00421252041622
2508.5200703573228,-72.00800528612088,-72.00800528612088
2508.5300703573225,-72.01180247333609,-72.01180247333609
2508.5400703573227,-72.01560406812335,-72.01560406812335
2508.5500703573225,-72.0194100564213,-72.0194100564213
2508.5600703573227,-72.02322042406306,-72.02322042406306
2508.5700703573225,-72.02703515678598,-72.02703515678598
2508.5800703573227,-72.03085424021704,-72.03085424021704
2508.5900703573225,-72.03467765988333,-72.03467765988333
2508.6000703573227,-72.03850540121164,-72.03850540121164
2508.610070357323,-72.0423374495326,-72.0423374495326
2508.6200703573227,-72.04617379009292,-72.04617379009292
2508.630070357323,-72.05001440803207,-72.05001440803207
2508.6400703573227,-72.05385928841358,-72.05385928841358
2508.650070357323,-72.05770841620433,-72.05770841620433
2508.6600703573226,-72.06156177628495,-72.06156177628495
2508.670070357323,-72.06541935346353,-72.06541935346353
2508.6800703573226,-72.0692811324432,-72.0692811324432
2508.690070357323,-72.07314709786671,-72.07314709786671
2508.7000703573226,-72.0770172343077,-72.0770172343077
2508.710070357323,-72.08088523741147,-72.08088523741147
2508.7200703573226,-72.08474833441726,-72.08474833441726
2508.730070357323,-72.08860516475829,-72.08860516475829
2508.7400703573226,-72.09245502170288,-72.09245502170288
2508.750070357323,-72.09629756292514,-72.09629756292514
2508.7600703573225,-72.10013266018876,-72.10013266018876
2508.7700703573228,-72.10396031121653,-72.10396031121653
2508.7800703573225,-72.10778058674033,-72.10778058674033
2508.7900703573227,-72.11159359867379,-72.11159359867379
2508.8000703573225,-72.1153994810042,-72.1153994810042
2508.8100703573227,-72.119198378367,-72.119198378367
2508.8200703573225,-72.1229904393603,-72.1229904393603
2508.8300703573227,-72.1267758126846,-72.1267758126846
2508.8400703573225,-72.13055464504978,-72.13055464504978
2508.8500703573227,-72.13432708007078,-72.13432708007078
2508.860070357323,-72.1380932578527,-72.1380932578527
2508.8700703573227,-72.1418533149142,-72.1418533149142
2508.880070357323,-72.14560738430838,-72.14560738430838
2508.8900703573227,-72.14935559584204,-72.14935559584204
2508.900070357323,-72.15309807637128,-72.15309807637128
2508.9100703573226,-72.15683495007337,-72.15683495007337
2508.920070357323,-72.16056633870471,-72.16056633870471
2508.9300703573226,-72.16429236185633,-72.16429236185633
2508.940070357323,-72.1680131371772,-72.1680131371772
2508.9500703573226,-72.17172878056722,-72.17172878056722
2508.960070357323,-72.17543310956081,-72.17543310956081
2508.9700703573226,-72.17912347656753,-72.17912347656753
2508.980070357323,-72.1827986467639,-72.1827986467639
2508.9900703573226,-72.18645803887983,-72.18645803887983
2509.000070357323,-72.19010143543883,-72.19010143543883
2509.0100703573225,-72.19372883236026,-72.19372883236026
2509.0200703573228,-72.19734035074302,-72.19734035074302
2509.0300703573225,-72.20093618391614,-72.20093618391614
2509.0400703573227,-72.2045165656,-72.2045165656
2509.0500703573225,-72.20808175077816,-72.20808175077816
2509.0600703573227,-72.21163200430804,-72.21163200430804
2509.0700703573225,-72.21516759421327,-72.21516759421327
2509.0800703573227,-72.21868878783756,-72.21868878783756
2509.0900703573225,-72.22219584973085,-72.22219584973085
2509.1000703573227,-72.22568904055522,-72.22568904055522
2509.110070357323,-72.22916861667937,-72.22916861667937
2509.1200703573227,-72.23263483004537,-72.23263483004537
2509.130070357323,-72.23608792834325,-72.23608792834325
2509.1400703573227,-72.23952815518997,-72.23952815518997
2509.150070357323,-72.24295575040337,-72.24295575040337
2509.1600703573226,-72.24637095028118,-72.24637095028118
2509.170070357323,-72.24977398784253,-72.24977398784253
2509.1800703573226,-72.25316509309074,-72.25316509309074
2509.190070357323,-72.25654449319987,-72.25654449319987
2509.2000703811646,-72.25991242072911,-72.25991242072911
2509.2100703811648,-72.26326908166706,-72.26326908166706
2509.2200703811645,-72.26661470376771,-72.26661470376771
2509.2300703811648,-72.26994950449989,-72.26994950449989
2509.2400703811645,-72.27327369918153,-72.27327369918153
2509.2500703811647,-72.2765875010592,-72.2765875010592
2509.2600703811645,-72.27989112134844,-72.27989112134844
2509.2700703811647,-72.28318476930431,-72.28318476930431
2509.2800703811645,-72.28646865225359,-72.28646865225359
2509.2900703811647,-72.28974297559145,-72.28974297559145
2509.3000703811645,-72.293007942851,-72.293007942851
2509.3100703811647,-72.29626375567493,-72.29626375567493
2509.3200703811644,-72.2995106138469,-72.2995106138469
2509.3300703811647,-72.30274871529497,-72.30274871529497
2509.3400703811644,-72.30597825607632,-72.30597825607632
2509.3500703811646,-72.30919943040026,-72.30919943040026
2509.3600703811644,-72.31241243061109,-72.31241243061109
2509.3700703811646,-72.31561744717818,-72.31561744717818
2509.3800703811644,-72.31881466872836,-72.31881466872836
2509.3900703811646,-72.32200428197915,-72.32200428197915
2509.4000703811644,-72.32518647178186,-72.32518647178186
2509.4100703811646,-72.32836142111239,-72.32836142111239
2509.4200703811644,-72.3315293110251,-72.3315293110251
2509.4300703811646,-72.33469032068648,-72.33469032068648
2509.4400703811643,-72.33784462736426,-72.33784462736426
2509.4500703811646,-72.34099240640153,-72.34099240640153
2509.4600703811648,-72.3441338312289,-72.3441338312289
2509.4700703811645,-72.34726907335791,-72.34726907335791
2509.4800703811648,-72.3503983023779,-72.3503983023779
2509.4900703811645,-72.35352168594385,-72.35352168594385
2509.5000703811647,-72.35663938979762,-72.35663938979762
2509.5100703811645,-72.35975157772975,-72.35975157772975
2509.5200703811647,-72.36285841160822,-72.36285841160822
2509.5300703811645,-72.3659600513729,-72.3659600513729
2509.5400703811647,-72.36905665503393,-72.36905665503393
2509.5500703811645,-72.3721483786741,-72.3721483786741
2509.5600703811647,-72.37523537643926,-72.37523537643926
2509.5700703811644,-72.3783178005726,-72.3783178005726
2509.5800703811647,-72.38139580136894,-72.38139580136894
2509.5900703811644,-72.38446952723764,-72.38446952723764
2509.6000703811646,-72.38753912466021,-72.38753912466021
2509.6100703811644,-72.39060473822644,-72.39060473822644
2509.6200703811646,-72.39366651061844,-72.39366651061844
2509.6300703811644,-72.39672458263742,-72.39672458263742
2509.6400703811646,-72.39977909319674,-72.39977909319674
2509.6500703811644,-72.4028301793374,-72.4028301793374
2509.6600703811646,-72.40587797623371,-72.40587797623371
2509.6700703811644,-72.40892261721594,-72.40892261721594
2509.6800703811646,-72.41196423374434,-72.41196423374434
2509.6900703811643,-72.41500295546697,-72.41500295546697
2509.7000703811646,-72.41803891019224,-72.41803891019224
2509.7100703811648,-72.42107222392727,-72.42107222392727
2509.7200703811645,-72.42410302086212,-72.42410302086212
2509.7300703811648,-72.42713142340357,-72.42713142340357
2509.7400703811645,-72.4301575521861,-72.4301575521861
2509.7500703811647,-72.43318152606578,-72.43318152606578
2509.7600703811645,-72.43620346215751,-72.43620346215751
2509.7700703811647,-72.43922347584082,-72.43922347584082
2509.7800703811645,-72.44224168075559,-72.44224168075559
2509.7900703811647,-72.44525818883399,-72.44525818883399
2509.8000703811645,-72.44827311032002,-72.44827311032002
2509.8100703811647,-72.45128655375649,-72.45128655375649
2509.8200703811644,-72.45429862603518,-72.45429862603518
2509.8300703811647,-72.45730943238294,-72.45730943238294
2509.8400703811644,-72.46031907639342,-72.46031907639342
2509.8500703811646,-72.46332766002323,-72.46332766002323
2509.8600703811644,-72.46633528363277,-72.46633528363277
2509.8700703811646,-72.4693420459887,-72.4693420459887
2509.8800703811644,-72.47234804426681,-72.47234804426681
2509.8900703811646,-72.47535337408368,-72.47535337408368
2509.9000703811644,-72.4783581295123,-72.4783581295123
2509.9100703811646,-72.48136240309438,-72.48136240309438
2509.9200703811644,-72.48436628584179,-72.48436628584179
2509.9300703811646,-72.48736986728666,-72.48736986728666
2509.9400703811643,-72.4903732354559,-72.4903732354559
2509.9500703811646,-72.49337647691605,-72.49337647691605
2509.9600703811648,-72.49637335352281,-72.49637335352281
2509.9700703811645,-72.49936117791434,-72.49936117791434
2509.9800703811648,-72.50233868160427,-72.50233868160427
2509.9900703811645,-72.50530525230467,-72.50530525230467
2510.0000703811647,-72.50826064280413,-72.50826064280413
2510.0100703811645,-72.51120481981935,-72.51120481981935
2510.0200703811647,-72.51413787539256,-72.51413787539256
2510.0300703811645,-72.51705997369653,-72.51705997369653
2510.0400703811647,-72.51997131896569,-72.51997131896569
2510.0500704050064,-72.5228721432641,-72.5228721432641
2510.0600704050066,-72.52576266733506,-72.52576266733506
2510.0700704050064,-72.52864313543796,-72.52864313543796
2510.0800704050066,-72.53151378373886,-72.53151378373886
2510.0900704050064,-72.53437484515148,-72.53437484515148
2510.1000704050066,-72.53722654828486,-72.53722654828486
2510.1100704050064,-72.54006911702378,-72.54006911702378
2510.1200704050066,-72.54290277042631,-72.54290277042631
2510.1300704050063,-72.54572772291019,-72.54572772291019
2510.1400704050066,-72.54854418446993,-72.54854418446993
2510.1500704050063,-72.551352360979,-72.551352360979
2510.1600704050065,-72.55415245447527,-72.55415245447527
2510.1700704050063,-72.55694466345156,-72.55694466345156
2510.1800704050065,-72.55972918311598,-72.55972918311598
2510.1900704050063,-72.56250620563063,-72.56250620563063
2510.2000704050065,-72.56527592031252,-72.56527592031252
2510.2100704050063,-72.56803851382587,-72.56803851382587
2510.2200704050065,-72.57079417030477,-72.57079417030477
2510.2300704050062,-72.57354307154748,-72.57354307154748
2510.2400704050065,-72.5762853970657,-72.5762853970657
2510.250070405006,-72.5790213242106,-72.5790213242106
2510.2600704050064,-72.58175102824715,-72.58175102824715
2510.270070405006,-72.58447468242798,-72.58447468242798
2510.2800704050064,-72.58719245803405,-72.58719245803405
2510.290070405006,-72.58990452442232,-72.58990452442232
2510.3000704050064,-72.59261104908877,-72.59261104908877
2510.3100704050066,-72.59531219765985,-72.59531219765985
2510.3200704050064,-72.59800813395371,-72.59800813395371
2510.3300704050066,-72.60069901997853,-72.60069901997853
2510.3400704050064,-72.60338501595072,-72.60338501595072
2510.3500704050066,-72.60606628032966,-72.60606628032966
2510.3600704050064,-72.60874296980818,-72.60874296980818
2510.3700704050066,-72.61141523931367,-72.61141523931367
2510.3800704050063,-72.61408324204645,-72.61408324204645
2510.3900704050066,-72.616747129471,-72.616747129471
2510.4000704050063,-72.61940705130732,-72.61940705130732
2510.4100704050065,-72.62206315554833,-72.62206315554833
2510.4200704050063,-72.62471558846883,-72.62471558846883
2510.4300704050065,-72.62736449462192,-72.62736449462192
2510.4400704050063,-72.63001001684137,-72.63001001684137
2510.4500704050065,-72.6326522962402,-72.6326522962402
2510.4600704050063,-72.63528513769896,-72.63528513769896
2510.4700704050065,-72.63790590358805,-72.63790590358805
2510.4800704050062,-72.64051337762557,-72.64051337762557
2510.4900704050065,-72.64310700064833,-72.64310700064833
2510.500070405006,-72.64568657894583,-72.64568657894583
2510.5100704050064,-72.64825213282768,-72.64825213282768
2510.520070405006,-72.65080380781134,-72.65080380781134
2510.5300704050064,-72.65334182129608,-72.65334182129608
2510.540070405006,-72.65586643048519,-72.65586643048519
2510.5500704050064,-72.65837791311534,-72.65837791311534
2510.5600704050066,-72.66087655600205,-72.66087655600205
2510.5700704050064,-72.66336264829316,-72.66336264829316
2510.5800704050066,-72.66583647755797,-72.66583647755797
2510.5900704050064,-72.66829832770478,-72.66829832770478
2510.6000704050066,-72.67074847790097,-72.67074847790097
2510.6100704050064,-72.6731872021212,-72.6731872021212
2510.6200704050066,-72.6756147691181,-72.6756147691181
2510.6300704050063,-72.67803144252272,-72.67803144252272
2510.6400704050066,-72.68043748109241,-72.68043748109241
2510.6500704050063,-72.682833139011,-72.682833139011
2510.6600704050065,-72.68521866615347,-72.68521866615347
2510.6700704050063,-72.6875943083956,-72.6875943083956
2510.6800704050065,-72.68996030786421,-72.68996030786421
2510.6900704050063,-72.69231690316238,-72.69231690316238
2510.7000704050065,-72.69466432957971,-72.69466432957971
2510.7100704050063,-72.69700281926691,-72.69700281926691
2510.7200704050065,-72.6993326013948,-72.6993326013948
2510.7300704050062,-72.7016539022869,-72.7016539022869
2510.7400704050065,-72.7039669455234,-72.7039669455234
2510.750070405006,-72.70627195204693,-72.70627195204693
2510.7600704050064,-72.70856914021479,-72.70856914021479
2510.770070405006,-72.71085872589101,-72.71085872589101
2510.7800704050064,-72.71314092250762,-72.71314092250762
2510.790070405006,-72.7154159410799,-72.7154159410799
2510.8000704050064,-72.71768399026311,-72.71768399026311
2510.8100704050066,-72.71994527638691,-72.71994527638691
2510.8200704050064,-72.7222000034797,-72.7222000034797
2510.8300704050066,-72.7244483732745,-72.7244483732745
2510.8400704050064,-72.7266905852536,-72.7266905852536
2510.8500704050066,-72.72892683664153,-72.72892683664153
2510.8600704050064,-72.73115732242438,-72.73115732242438
2510.8700704050066,-72.73338223535976,-72.73338223535976
2510.8800704050063,-72.73560176600094,-72.73560176600094
2510.8900704050066,-72.73781610267956,-72.73781610267956
2510.9000704288483,-72.74002543678814,-72.74002543678814
2510.9100704288485,-72.74222994172999,-72.74222994172999
2510.9200704288482,-72.74442980453067,-72.74442980453067
2510.9300704288485,-72.74662520474466,-72.74662520474466
2510.9400704288482,-72.74881631976781,-72.74881631976781
2510.9500704288484,-72.751003324813,-72.751003324813
2510.960070428848,-72.75318639293093,-72.75318639293093
2510.9700704288484,-72.75536569501307,-72.75536569501307
2510.980070428848,-72.75754139979306,-72.75754139979306
2510.9900704288484,-72.75971367387005,-72.75971367387005
2511.000070428848,-72.76188268169975,-72.76188268169975
2511.0100704288484,-72.76404858559344,-72.76404858559344
2511.020070428848,-72.76621154576283,-72.76621154576283
2511.0300704288484,-72.76837172029612,-72.76837172029612
2511.040070428848,-72.77052926516915,-72.77052926516915
2511.0500704288484,-72.7726843342733,-72.7726843342733
2511.060070428848,-72.77483707940279,-72.77483707940279
2511.0700704288483,-72.77698765029254,-72.77698765029254
2511.080070428848,-72.77913619459693,-72.77913619459693
2511.0900704288483,-72.781282857932,-72.781282857932
2511.100070428848,-72.78342778386393,-72.78342778386393
2511.1100704288483,-72.78557111392499,-72.78557111392499
2511.120070428848,-72.7877129876396,-72.7877129876396
2511.1300704288483,-72.78985354251357,-72.78985354251357
2511.140070428848,-72.79199291408463,-72.79199291408463
2511.1500704288483,-72.7941312358943,-72.7941312358943
2511.1600704288485,-72.79626863953045,-72.79626863953045
2511.1700704288482,-72.79840525462502,-72.79840525462502
2511.1800704288485,-72.80054120888173,-72.80054120888173
2511.1900704288482,-72.80267662806963,-72.80267662806963
2511.2000704288484,-72.80481163607872,-72.80481163607872
2511.210070428848,-72.80694635488696,-72.80694635488696
2511.2200704288484,-72.80908090460768,-72.80908090460768
2511.230070428848,-72.81121540349237,-72.81121540349237
2511.2400704288484,-72.81334996796058,-72.81334996796058
2511.250070428848,-72.81548471258385,-72.81548471258385
2511.2600704288484,-72.8176197501436,-72.8176197501436
2511.270070428848,-72.81975519162086,-72.81975519162086
2511.2800704288484,-72.82189114622203,-72.82189114622203
2511.290070428848,-72.82402772138515,-72.82402772138515
2511.3000704288484,-72.8261650228222,-72.8261650228222
2511.310070428848,-72.82830315450546,-72.82830315450546
2511.3200704288483,-72.83044221869892,-72.83044221869892
2511.330070428848,-72.83258231598454,-72.83258231598454
2511.3400704288483,-72.83472354525601,-72.83472354525601
2511.350070428848,-72.83686600375427,-72.83686600375427
2511.3600704288483,-72.83900978707842,-72.83900978707842
2511.370070428848,-72.84115498921295,-72.84115498921295
2511.3800704288483,-72.84330170253686,-72.84330170253686
2511.390070428848,-72.84545001782594,-72.84545001782594
2511.4000704288483,-72.84760002429749,-72.84760002429749
2511.4100704288485,-72.84975180961278,-72.84975180961278
2511.4200704288482,-72.85190545989704,-72.85190545989704
2511.4300704288485,-72.85406105975903,-72.85406105975903
2511.4400704288482,-72.85621869230783,-72.85621869230783
2511.4500704288484,-72.85837843914742,-72.85837843914742
2511.460070428848,-72.86053402721784,-72.86053402721784
2511.4700704288484,-72.8626827526261,-72.8626827526261
2511.480070428848,-72.86482333753685,-72.86482333753685
2511.4900704288484,-72.86695516356407,-72.86695516356407
2511.500070428848,-72.8690779791456,-72.8690779791456
2511.5100704288484,-72.87119174765961,-72.87119174765961
2511.520070428848,-72.87329655833203,-72.87329655833203
2511.5300704288484,-72.87539257273495,-72.87539257273495
2511.540070428848,-72.87747999261157,-72.87747999261157
2511.5500704288484,-72.8795590405858,-72.8795590405858
2511.560070428848,-72.88162994864322,-72.88162994864322
2511.5700704288483,-72.88369295139005,-72.88369295139005
2511.580070428848,-72.88574828217165,-72.88574828217165
2511.5900704288483,-72.88779617095419,-72.88779617095419
2511.600070428848,-72.88983684327572,-72.88983684327572
2511.6100704288483,-72.89187051981921,-72.89187051981921
2511.620070428848,-72.89389741635412,-72.89389741635412
2511.6300704288483,-72.8959177438973,-72.8959177438973
2511.640070428848,-72.89793170895321,-72.89793170895321
2511.6500704288483,-72.89993951380902,-72.89993951380902
2511.6600704288485,-72.9019413568444,-72.9019413568444
2511.6700704288482,-72.90393743280895,-72.90393743280895
2511.6800704288485,-72.90592793312102,-72.90592793312102
2511.6900704288482,-72.90791304606834,-72.90791304606834
2511.7000704288484,-72.90989295704917,-72.90989295704917
2511.710070428848,-72.91186149150016,-72.91186149150016
2511.7200704288484,-72.91381604559764,-72.91381604559764
2511.730070428848,-72.91575544162464,-72.91575544162464
2511.7400704288484,-72.91767916089057,-72.91767916089057
2511.75007045269,-72.91958705557526,-72.91958705557526
2511.7600704526903,-72.92147917852353,-72.92147917852353
2511.77007045269,-72.9233557215666,-72.9233557215666
2511.7800704526903,-72.9252169437139,-72.9252169437139
2511.79007045269,-72.9270631435721,-72.9270631435721
2511.8000704526903,-72.92889464004828,-72.92889464004828
2511.81007045269,-72.93071176085829,-72.93071176085829
2511.8200704526903,-72.93251483577153,-72.93251483577153
2511.83007045269,-72.93430419275971,-72.93430419275971
2511.8400704526903,-72.9360801558395,-72.9360801558395
2511.85007045269,-72.93784304405965,-72.93784304405965
2511.8600704526903,-72.93959317105822,-72.93959317105822
2511.87007045269,-72.9413308449808,-72.9413308449808
2511.8800704526902,-72.94305636864672,-72.94305636864672
2511.89007045269,-72.9447700397745,-72.9447700397745
2511.90007045269,-72.94647215127605,-72.94647215127605
2511.91007045269,-72.94816299155842,-72.94816299155842
2511.92007045269,-72.94984284477941,-72.94984284477941
2511.93007045269,-72.95151199113076,-72.95151199113076
2511.94007045269,-72.95317070703751,-72.95317070703751
2511.95007045269,-72.95481926540168,-72.95481926540168
2511.96007045269,-72.95645793573198,-72.95645793573198
2511.97007045269,-72.95808698432712,-72.95808698432712
2511.98007045269,-72.95970667437686,-72.95970667437686
2511.99007045269,-72.96131726608284,-72.96131726608284
2512.00007045269,-72.96291901674421,-72.96291901674421
2512.0100704526903,-72.96451218081864,-72.96451218081864
2512.02007045269,-72.9660970100018,-72.9660970100018
2512.0300704526903,-72.9676737532602,-72.9676737532602
2512.04007045269,-72.96924265688901,-72.96924265688901
2512.0500704526903,-72.97080396452421,-72.97080396452421
2512.06007045269,-72.97235791718025,-72.97235791718025
2512.0700704526903,-72.97390475327225,-72.97390475327225
2512.08007045269,-72.97544470864409,-72.97544470864409
2512.0900704526903,-72.97697801654354,-72.97697801654354
2512.10007045269,-72.97850490767138,-72.97850490767138
2512.1100704526903,-72.98002561016739,-72.98002561016739
2512.12007045269,-72.9815403496433,-72.9815403496433
2512.1300704526902,-72.98304934914337,-72.98304934914337
2512.14007045269,-72.9845528292068,-72.9845528292068
2512.15007045269,-72.98605100781455,-72.98605100781455
2512.16007045269,-72.9875441004299,-72.9875441004299
2512.17007045269,-72.98903232000008,-72.98903232000008
2512.18007045269,-72.99051587693604,-72.99051587693604
2512.19007045269,-72.99199497914393,-72.99199497914393
2512.20007045269,-72.99346983200903,-72.99346983200903
2512.21007045269,-72.99494063840716,-72.99494063840716
2512.22007045269,-72.99640759871863,-72.99640759871863
2512.23007045269,-72.99787091081616,-72.99787091081616
2512.24007045269,-72.99933077009534,-72.99933077009534
2512.25007045269,-73.00078736944704,-73.00078736944704
2512.2600704526903,-73.00224089928426,-73.00224089928426
2512.27007045269,-73.00369154756939,-73.00369154756939
2512.2800704526903,-73.00513949978273,-73.00513949978273
2512.29007045269,-73.00658493895656,-73.00658493895656
2512.3000704526903,-73.0080280456823,-73.0080280456823
2512.31007045269,-73.00946899810958,-73.00946899810958
2512.3200704526903,-73.0109079719763,-73.0109079719763
2512.33007045269,-73.01234514060621,-73.01234514060621
2512.3400704526903,-73.01378067491484,-73.01378067491484
2512.35007045269,-73.01521474344409,-73.01521474344409
2512.3600704526903,-73.01664751234746,-73.01664751234746
2512.37007045269,-73.01807914544229,-73.01807914544229
2512.3800704526902,-73.01950980417357,-73.01950980417357
2512.39007045269,-73.02093964767381,-73.02093964767381
2512.40007045269,-73.02236883275842,-73.02236883275842
2512.41007045269,-73.02379751393345,-73.02379751393345
2512.42007045269,-73.0252258434264,-73.0252258434264
2512.43007045269,-73.02665397120187,-73.02665397120187
2512.44007045269,-73.02808204496722,-73.02808204496722
2512.45007045269,-73.0295102102033,-73.0295102102033
2512.46007045269,-73.03093861016616,-73.03093861016616
2512.47007045269,-73.03236738592479,-73.03236738592479
2512.48007045269,-73.0337966763582,-73.0337966763582
2512.49007045269,-73.03522661819433,-73.03522661819433
2512.50007045269,-73.03665734600392,-73.03665734600392
2512.5100704526903,-73.03808899224659,-73.03808899224659
2512.52007045269,-73.03952168727483,-73.03952168727483
2512.5300704526903,-73.04095555934857,-73.04095555934857
2512.54007045269,-73.0423907346669,-73.0423907346669
2512.5500704526903,-73.04382733737744,-73.04382733737744
2512.56007045269,-73.04526548960746,-73.04526548960746
2512.5700704526903,-73.04670531147055,-73.04670531147055
2512.58007045269,-73.04814692110351,-73.04814692110351
2512.5900704526903,-73.04959043465763,-73.04959043465763
2512.600070476532,-73.05103596979546,-73.05103596979546
2512.610070476532,-73.052483631931,-73.052483631931
2512.620070476532,-73.05393353487237,-73.05393353487237
2512.630070476532,-73.05538578711302,-73.05538578711302
2512.640070476532,-73.05684049527618,-73.05684049527618
2512.650070476532,-73.05829776415673,-73.05829776415673
2512.660070476532,-73.05975769670057,-73.05975769670057
2512.670070476532,-73.06122039405447,-73.06122039405447
2512.680070476532,-73.06268595559273,-73.06268595559273
2512.690070476532,-73.06415447891054,-73.06415447891054
2512.700070476532,-73.06562605986103,-73.06562605986103
2512.710070476532,-73.0671007925739,-73.0671007925739
2512.720070476532,-73.06857876947426,-73.06857876947426
2512.730070476532,-73.07006008130885,-73.07006008130885
2512.740070476532,-73.07154481715273,-73.07154481715273
2512.750070476532,-73.0730330644298,-73.0730330644298
2512.760070476532,-73.074524908954,-73.074524908954
2512.770070476532,-73.07602043492174,-73.07602043492174
2512.780070476532,-73.07751972495124,-73.07751972495124
2512.790070476532,-73.07902286008856,-73.07902286008856
2512.800070476532,-73.08052991983554,-73.08052991983554
2512.810070476532,-73.08204098216622,-73.08204098216622
2512.820070476532,-73.08355612355378,-73.08355612355378
2512.830070476532,-73.08507541896331,-73.08507541896331
2512.8400704765318,-73.08659894191152,-73.08659894191152
2512.850070476532,-73.08812676443965,-73.08812676443965
2512.860070476532,-73.08965895717436,-73.08965895717436
2512.870070476532,-73.0911955893304,-73.0911955893304
2512.880070476532,-73.09273672870907,-73.09273672870907
2512.890070476532,-73.09428244174552,-73.09428244174552
2512.900070476532,-73.09583279350626,-73.09583279350626
2512.910070476532,-73.09738784772627,-73.09738784772627
2512.920070476532,-73.09894766680155,-73.09894766680155
2512.930070476532,-73.1005123118377,-73.1005123118377
2512.940070476532,-73.10208184264572,-73.10208184264572
2512.950070476532,-73.10365631775589,-73.10365631775589
2512.960070476532,-73.10523579444984,-73.10523579444984
2512.970070476532,-73.10682032877111,-73.10682032877111
2512.980070476532,-73.10840997554203,-73.10840997554203
2512.990070476532,-73.11000478837758,-73.11000478837758
2513.000070476532,-73.11160481970141,-73.11160481970141
2513.010070476532,-73.11321012077596,-73.11321012077596
2513.020070476532,-73.11482074170057,-73.11482074170057
2513.030070476532,-73.11643673143772,-73.11643673143772
2513.040070476532,-73.11805813782202,-73.11805813782202
2513.050070476532,-73.11968500758337,-73.11968500758337
2513.060070476532,-73.12131738635074,-73.12131738635074
2513.070070476532,-73.12295531868868,-73.12295531868868
2513.080070476532,-73.12459884808534,-73.12459884808534
2513.0900704765318,-73.12624801699005,-73.12624801699005
2513.100070476532,-73.12790286681856,-73.12790286681856
2513.110070476532,-73.12956343796542,-73.12956343796542
2513.120070476532,-73.13122976981745,-73.13122976981745
2513.130070476532,-73.13290190077788,-73.13290190077788
2513.140070476532,-73.13457986827908,-73.13457986827908
2513.150070476532,-73.13626370878252,-73.13626370878252
2513.160070476532,-73.13795345780942,-73.13795345780942
2513.170070476532,-73.13964914993667,-73.13964914993667
2513.180070476532,-73.14135081883455,-73.14135081883455
2513.190070476532,-73.1430584972523,-73.1430584972523
2513.200070476532,-73.14477221705832,-73.14477221705832
2513.210070476532,-73.14649200922621,-73.14649200922621
2513.220070476532,-73.14821790387613,-73.14821790387613
2513.230070476532,-73.14994993026,-73.14994993026
2513.240070476532,-73.15168811678687,-73.15168811678687
2513.250070476532,-73.15343249104461,-73.15343249104461
2513.260070476532,-73.15518307979625,-73.15518307979625
2513.270070476532,-73.15693990899965,-73.15693990899965
2513.280070476532,-73.15870300382214,-73.15870300382214
2513.290070476532,-73.16047238863935,-73.16047238863935
2513.300070476532,-73.16224808706345,-73.16224808706345
2513.310070476532,-73.1640301219366,-73.1640301219366
2513.320070476532,-73.1658185153647,-73.1658185153647
2513.330070476532,-73.16761328871148,-73.16761328871148
2513.3400704765318,-73.16941446261336,-73.16941446261336
2513.350070476532,-73.17122205698948,-73.17122205698948
2513.360070476532,-73.17303609105326,-73.17303609105326
2513.370070476532,-73.17485658333518,-73.17485658333518
2513.380070476532,-73.17668355166526,-73.17668355166526
2513.390070476532,-73.1785170132212,-73.1785170132212
2513.400070476532,-73.18035698449165,-73.18035698449165
2513.410070476532,-73.1822034813369,-73.1822034813369
2513.420070476532,-73.18405651895192,-73.18405651895192
2513.430070476532,-73.18591611191532,-73.18591611191532
2513.440070476532,-73.1877822741683,-73.1877822741683
2513.450070500374,-73.18965502351367,-73.18965502351367
2513.460070500374,-73.19152798162159,-73.19152798162159
2513.470070500374,-73.19339837032145,-73.19339837032145
2513.480070500374,-73.19526484050112,-73.19526484050112
2513.490070500374,-73.19712670632141,-73.19712670632141
2513.500070500374,-73.19898365127852,-73.19898365127852
2513.510070500374,-73.20083557556612,-73.20083557556612
2513.520070500374,-73.20268250656356,-73.20268250656356
2513.5300705003738,-73.20452454507507,-73.20452454507507
2513.540070500374,-73.20636183301151,-73.20636183301151
2513.5500705003737,-73.20819453396726,-73.20819453396726
2513.560070500374,-73.21002282166363,-73.21002282166363
2513.5700705003737,-73.21184687318025,-73.21184687318025
2513.580070500374,-73.21366686501695,-73.21366686501695
2513.5900705003737,-73.21548297100816,-73.21548297100816
2513.600070500374,-73.21729536123217,-73.21729536123217
2513.6100705003737,-73.21910420158773,-73.21910420158773
2513.620070500374,-73.22090965373887,-73.22090965373887
2513.6300705003737,-73.22271187525189,-73.22271187525189
2513.640070500374,-73.22451101985276,-73.22451101985276
2513.6500705003737,-73.22630723771995,-73.22630723771995
2513.660070500374,-73.22810067576283,-73.22810067576283
2513.6700705003736,-73.2298914779517,-73.2298914779517
2513.680070500374,-73.23167978552601,-73.23167978552601
2513.6900705003736,-73.23346573728294,-73.23346573728294
2513.700070500374,-73.23524946975175,-73.23524946975175
2513.710070500374,-73.23702473145434,-73.23702473145434
2513.720070500374,-73.2387888586519,-73.2387888586519
2513.730070500374,-73.24054062079767,-73.24054062079767
2513.740070500374,-73.24227944996368,-73.24227944996368
2513.750070500374,-73.2440051467903,-73.2440051467903
2513.760070500374,-73.24571772781462,-73.24571772781462
2513.770070500374,-73.24741733597953,-73.24741733597953
2513.7800705003738,-73.24910418688006,-73.24910418688006
2513.790070500374,-73.25077853644635,-73.25077853644635
2513.8000705003737,-73.25244066155898,-73.25244066155898
2513.810070500374,-73.2540908485033,-73.2540908485033
2513.8200705003737,-73.25572938616301,-73.25572938616301
2513.830070500374,-73.2573565621402,-73.2573565621402
2513.8400705003737,-73.25897266063515,-73.25897266063515
2513.850070500374,-73.2605779613787,-73.2605779613787
2513.8600705003737,-73.2621727391637,-73.2621727391637
2513.870070500374,-73.26375726383709,-73.26375726383709
2513.8800705003737,-73.26533180039124,-73.26533180039124
2513.890070500374,-73.26689660922798,-73.26689660922798
2513.9000705003737,-73.26845194642202,-73.26845194642202
2513.910070500374,-73.26999806404014,-73.26999806404014
2513.9200705003736,-73.27153521037549,-73.27153521037549
2513.930070500374,-73.27306363024444,-73.27306363024444
2513.9400705003736,-73.27458356519075,-73.27458356519075
2513.950070500374,-73.27609525367691,-73.27609525367691
2513.960070500374,-73.27759893127012,-73.27759893127012
2513.970070500374,-73.27909483078406,-73.27909483078406
2513.980070500374,-73.2805831823753,-73.2805831823753
2513.990070500374,-73.28206421369035,-73.28206421369035
2514.000070500374,-73.28353814990744,-73.28353814990744
2514.010070500374,-73.28500521382355,-73.28500521382355
2514.020070500374,-73.28646562591518,-73.28646562591518
2514.0300705003738,-73.28791960437087,-73.28791960437087
2514.040070500374,-73.28936736512448,-73.28936736512448
2514.0500705003737,-73.29080912190119,-73.29080912190119
2514.060070500374,-73.29224508621965,-73.29224508621965
2514.0700705003737,-73.29367546741801,-73.29367546741801
2514.080070500374,-73.29510047266177,-73.29510047266177
2514.0900705003737,-73.29652030694899,-73.29652030694899
2514.100070500374,-73.29793517312406,-73.29793517312406
2514.1100705003737,-73.29934527188028,-73.29934527188028
2514.120070500374,-73.30075080175199,-73.30075080175199
2514.1300705003737,-73.30215195912766,-73.30215195912766
2514.140070500374,-73.30354893824126,-73.30354893824126
2514.1500705003737,-73.30494193116633,-73.30494193116633
2514.160070500374,-73.30633112783532,-73.30633112783532
2514.1700705003736,-73.30771671601786,-73.30771671601786
2514.180070500374,-73.30909888131694,-73.30909888131694
2514.1900705003736,-73.3104778071996,-73.3104778071996
2514.200070500374,-73.31185367495215,-73.31185367495215
2514.210070500374,-73.31322666371523,-73.31322666371523
2514.220070500374,-73.31459695046215,-73.31459695046215
2514.230070500374,-73.31596471002375,-73.31596471002375
2514.240070500374,-73.3173301150517,-73.3173301150517
2514.250070500374,-73.31869333605465,-73.31869333605465
2514.260070500374,-73.32005454139744,-73.32005454139744
2514.270070500374,-73.32141389728584,-73.32141389728584
2514.2800705003738,-73.32277156778214,-73.32277156778214
2514.290070500374,-73.32412771480948,-73.32412771480948
2514.3000705242157,-73.32548250137691,-73.32548250137691
2514.310070524216,-73.32683607870005,-73.32683607870005
2514.3200705242157,-73.3281886055405,-73.3281886055405
2514.330070524216,-73.329540235312,-73.329540235312
2514.3400705242157,-73.3308911193543,-73.3308911193543
2514.350070524216,-73.3322414068647,-73.3322414068647
2514.3600705242156,-73.33359124498853,-73.33359124498853
2514.370070524216,-73.33494077877597,-73.33494077877597
2514.3800705242156,-73.3362901512018,-73.3362901512018
2514.390070524216,-73.33763950319955,-73.33763950319955
2514.4000705242156,-73.3389889736509,-73.3389889736509
2514.410070524216,-73.34033869938803,-73.34033869938803
2514.4200705242156,-73.3416888152433,-73.3416888152433
2514.430070524216,-73.3430394540211,-73.3430394540211
2514.4400705242156,-73.34439074654868,-73.34439074654868
2514.450070524216,-73.34574282165448,-73.34574282165448
2514.4600705242156,-73.34709580620729,-73.34709580620729
2514.4700705242158,-73.3484498251216,-73.3484498251216
2514.4800705242155,-73.34980500136007,-73.34980500136007
2514.4900705242158,-73.3511614559659,-73.3511614559659
2514.5000705242155,-73.35251930809218,-73.35251930809218
2514.5100705242157,-73.35387867497505,-73.35387867497505
2514.5200705242155,-73.3552396719782,-73.3552396719782
2514.5300705242157,-73.3566024126139,-73.3566024126139
2514.5400705242155,-73.3579670085292,-73.3579670085292
2514.5500705242157,-73.35933356956195,-73.35933356956195
2514.560070524216,-73.36070220371846,-73.36070220371846
2514.5700705242157,-73.36207301722837,-73.36207301722837
2514.580070524216,-73.36344611452486,-73.36344611452486
2514.5900705242157,-73.36482159829234,-73.36482159829234
2514.600070524216,-73.3661995694684,-73.3661995694684
2514.6100705242156,-73.367580127256,-73.367580127256
2514.620070524216,-73.3689633691489,-73.3689633691489
2514.6300705242156,-73.37034939095727,-73.37034939095727
2514.640070524216,-73.3717382868039,-73.3717382868039
2514.6500705242156,-73.37313014916029,-73.37313014916029
2514.660070524216,-73.37452506886122,-73.37452506886122
2514.6700705242156,-73.37592313511917,-73.37592313511917
2514.680070524216,-73.37732443553153,-73.37732443553153
2514.6900705242156,-73.37872905612397,-73.37872905612397
2514.700070524216,-73.38013708133796,-73.38013708133796
2514.7100705242156,-73.38154859407474,-73.38154859407474
2514.7200705242158,-73.3829636756935,-73.3829636756935
2514.7300705242155,-73.38438240604282,-73.38438240604282
2514.7400705242158,-73.3858048634687,-73.3858048634687
2514.7500705242155,-73.38723112484051,-73.38723112484051
2514.7600705242157,-73.38866126554989,-73.38866126554989
2514.7700705242155,-73.39009535956394,-73.39009535956394
2514.7800705242157,-73.39153347940635,-73.39153347940635
2514.7900705242155,-73.39297569618991,-73.39297569618991
2514.8000705242157,-73.39442207963704,-73.39442207963704
2514.810070524216,-73.39587269808641,-73.39587269808641
2514.8200705242157,-73.39732761852079,-73.39732761852079
2514.830070524216,-73.39878690657974,-73.39878690657974
2514.8400705242157,-73.40025062657652,-73.40025062657652
2514.850070524216,-73.40171884150213,-73.40171884150213
2514.8600705242156,-73.4031916130855,-73.4031916130855
2514.870070524216,-73.40466900173483,-73.40466900173483
2514.8800705242156,-73.4061510666286,-73.4061510666286
2514.890070524216,-73.4076378656963,-73.4076378656963
2514.9000705242156,-73.40912945563174,-73.40912945563174
2514.910070524216,-73.41062589192288,-73.41062589192288
2514.9200705242156,-73.41212722885936,-73.41212722885936
2514.930070524216,-73.41363351954718,-73.41363351954718
2514.9400705242156,-73.41514481594007,-73.41514481594007
2514.950070524216,-73.41666116881962,-73.41666116881962
2514.9600705242156,-73.41818262785894,-73.41818262785894
2514.9700705242158,-73.4197092415927,-73.4197092415927
2514.9800705242155,-73.42124105746454,-73.42124105746454
2514.9900705242158,-73.42277812181771,-73.42277812181771
2515.0000705242155,-73.42432047993802,-73.42432047993802
2515.0100705242157,-73.42586817603839,-73.42586817603839
2515.0200705242155,-73.4274212532982,-73.4274212532982
2515.0300705242157,-73.42897975385225,-73.42897975385225
2515.0400705242155,-73.4305437188406,-73.4305437188406
2515.0500705242157,-73.43211318837594,-73.43211318837594
2515.060070524216,-73.43368820160079,-73.43368820160079
2515.0700705242157,-73.43526879668647,-73.43526879668647
2515.080070524216,-73.43685501083434,-73.43685501083434
2515.0900705242157,-73.43844688029132,-73.43844688029132
2515.100070524216,-73.44004444039506,-73.44004444039506
2515.1100705242156,-73.44164772554062,-73.44164772554062
2515.120070524216,-73.44325676923346,-73.44325676923346
2515.1300705242156,-73.44487160407203,-73.44487160407203
2515.140070524216,-73.44649226177216,-73.44649226177216
2515.1500705480576,-73.44811877707438,-73.44811877707438
2515.160070548058,-73.44975117224175,-73.44975117224175
2515.1700705480575,-73.45138948027369,-73.45138948027369
2515.1800705480578,-73.45303372949833,-73.45303372949833
2515.1900705480575,-73.4546839474192,-73.4546839474192
2515.2000705480577,-73.45634016072943,-73.45634016072943
2515.2100705480575,-73.45799598977993,-73.45799598977993
2515.2200705480577,-73.4596486547375,-73.4596486547375
2515.2300705480575,-73.46129681433169,-73.46129681433169
2515.2400705480577,-73.46293979278543,-73.46293979278543
2515.2500705480575,-73.46457728481862,-73.46457728481862
2515.2600705480577,-73.46620920243228,-73.46620920243228
2515.2700705480574,-73.46783558509773,-73.46783558509773
2515.2800705480577,-73.4694565458268,-73.4694565458268
2515.2900705480574,-73.47107223871016,-73.47107223871016
2515.3000705480576,-73.47268283944365,-73.47268283944365
2515.3100705480574,-73.47428853373543,-73.47428853373543
2515.3200705480576,-73.4758895104853,-73.4758895104853
2515.3300705480574,-73.4774859579086,-73.4774859579086
2515.3400705480576,-73.47907806134496,-73.47907806134496
2515.3500705480574,-73.48066600223463,-73.48066600223463
2515.3600705480576,-73.48224995768119,-73.48224995768119
2515.3700705480574,-73.48383010038361,-73.48383010038361
2515.3800705480576,-73.48540659879684,-73.48540659879684
2515.3900705480573,-73.48697961736225,-73.48697961736225
2515.4000705480576,-73.48854931681774,-73.48854931681774
2515.410070548058,-73.49011585450668,-73.49011585450668
2515.4200705480575,-73.49167938465604,-73.49167938465604
2515.4300705480578,-73.49324005862366,-73.49324005862366
2515.4400705480575,-73.4947980251813,-73.4947980251813
2515.4500705480577,-73.49635343068498,-73.49635343068498
2515.4600705480575,-73.49790641928632,-73.49790641928632
2515.4700705480577,-73.49945713307388,-73.49945713307388
2515.4800705480575,-73.50100571220796,-73.50100571220796
2515.4900705480577,-73.50255229503082,-73.50255229503082
2515.5000705480575,-73.50409701816938,-73.50409701816938
2515.5100705480577,-73.50564001659562,-73.50564001659562
2515.5200705480574,-73.50718142371787,-73.50718142371787
2515.5300705480577,-73.50872137140915,-73.50872137140915
2515.5400705480574,-73.51025999007891,-73.51025999007891
2515.5500705480576,-73.51179740866549,-73.51179740866549
2515.5600705480574,-73.51333375471349,-73.51333375471349
2515.5700705480576,-73.51486915436367,-73.51486915436367
2515.5800705480574,-73.51640373238546,-73.51640373238546
2515.5900705480576,-73.5179376121745,-73.5179376121745
2515.6000705480574,-73.51947091578144,-73.51947091578144
2515.6100705480576,-73.52100376390376,-73.52100376390376
2515.6200705480574,-73.5225362759115,-73.5225362759115
2515.6300705480576,-73.5240685698308,-73.5240685698308
2515.6400705480573,-73.5256007623497,-73.5256007623497
2515.6500705480576,-73.52713296883717,-73.52713296883717
2515.660070548058,-73.52866530331808,-73.52866530331808
2515.6700705480575,-73.5301978784851,-73.5301978784851
2515.6800705480578,-73.53173080570556,-73.53173080570556
2515.6900705480575,-73.53326419500166,-73.53326419500166
2515.7000705480577,-73.53479815506806,-73.53479815506806
2515.7100705480575,-73.53632638104618,-73.53632638104618
2515.7200705480577,-73.537846171191,-73.537846171191
2515.7300705480575,-73.53935626330082,-73.53935626330082
2515.7400705480577,-73.54085606078289,-73.54085606078289
2515.7500705480575,-73.54234533735554,-73.54234533735554
2515.7600705480577,-73.54382408365758,-73.54382408365758
2515.7700705480574,-73.54529241736168,-73.54529241736168
2515.7800705480577,-73.54675052913832,-73.54675052913832
2515.7900705480574,-73.54819865018807,-73.54819865018807
2515.8000705480576,-73.54963703273422,-73.54963703273422
2515.8100705480574,-73.55106593840182,-73.55106593840182
2515.8200705480576,-73.55248563139104,-73.55248563139104
2515.8300705480574,-73.55389637455478,-73.55389637455478
2515.8400705480576,-73.555298427261,-73.555298427261
2515.8500705480574,-73.55669204429667,-73.55669204429667
2515.8600705480576,-73.55807747544806,-73.55807747544806
2515.8700705480574,-73.55945496544183,-73.55945496544183
2515.8800705480576,-73.56082475406082,-73.56082475406082
2515.8900705480573,-73.56218707640848,-73.56218707640848
2515.9000705480576,-73.5635421632034,-73.5635421632034
2515.910070548058,-73.56489024105082,-73.56489024105082
2515.9200705480575,-73.56623153275251,-73.56623153275251
2515.9300705480578,-73.56756625756096,-73.56756625756096
2515.9400705480575,-73.56889463142561,-73.56889463142561
2515.9500705480577,-73.57021686719371,-73.57021686719371
2515.9600705480575,-73.57153317477689,-73.57153317477689
2515.9700705480577,-73.57284376132279,-73.57284376132279
2515.9800705480575,-73.57414883136381,-73.57414883136381
2515.9900705480577,-73.57544858687895,-73.57544858687895
2516.0000705718994,-73.57674323053006,-73.57674323053006
2516.0100705718996,-73.57803295334458,-73.57803295334458
2516.0200705718994,-73.57931795335692,-73.57931795335692
2516.0300705718996,-73.58059842326759,-73.58059842326759
2516.0400705718994,-73.58187455358446,-73.58187455358446
2516.0500705718996,-73.58314653267635,-73.58314653267635
2516.0600705718994,-73.58441454679097,-73.58441454679097
2516.0700705718996,-73.58567878009164,-73.58567878009164
2516.0800705718993,-73.58693941466458,-73.58693941466458
2516.0900705718996,-73.58819663052554,-73.58819663052554
2516.1000705718993,-73.58945060565696,-73.58945060565696
2516.1100705718995,-73.59070151600827,-73.59070151600827
2516.1200705718993,-73.59194953551332,-73.59194953551332
2516.1300705718995,-73.59319483606966,-73.59319483606966
2516.1400705718993,-73.59443758758043,-73.59443758758043
2516.1500705718995,-73.59567795793464,-73.59567795793464
2516.1600705718993,-73.59691611302826,-73.59691611302826
2516.1700705718995,-73.59815221674936,-73.59815221674936
2516.1800705718993,-73.59938643100628,-73.59938643100628
2516.1900705718995,-73.60061891570763,-73.60061891570763
2516.2000705718992,-73.60184982877284,-73.60184982877284
2516.2100705718995,-73.60307932615856,-73.60307932615856
2516.220070571899,-73.60430756182525,-73.60430756182525
2516.2300705718994,-73.60553468776999,-73.60553468776999
2516.240070571899,-73.60676085402012,-73.60676085402012
2516.2500705718994,-73.60798620864252,-73.60798620864252
2516.2600705718996,-73.60921089774511,-73.60921089774511
2516.2700705718994,-73.61043506547855,-73.61043506547855
2516.2800705718996,-73.6116588540611,-73.6116588540611
2516.2900705718994,-73.6128824037701,-73.6128824037701
2516.3000705718996,-73.61410585295133,-73.61410585295133
2516.3100705718994,-73.61532933801479,-73.61532933801479
2516.3200705718996,-73.6165529934777,-73.6165529934777
2516.3300705718993,-73.61777695195072,-73.61777695195072
2516.3400705718996,-73.61900134412936,-73.61900134412936
2516.3500705718993,-73.62022629884925,-73.62022629884925
2516.3600705718995,-73.62145194304861,-73.62145194304861
2516.3700705718993,-73.62267840181045,-73.62267840181045
2516.3800705718995,-73.62390579836732,-73.62390579836732
2516.3900705718993,-73.62513425410528,-73.62513425410528
2516.4000705718995,-73.62636388856922,-73.62636388856922
2516.4100705718993,-73.62759481949121,-73.62759481949121
2516.4200705718995,-73.62882716280812,-73.62882716280812
2516.4300705718993,-73.6300610326545,-73.6300610326545
2516.4400705718995,-73.63129654137519,-73.63129654137519
2516.4500705718992,-73.6325337995634,-73.6325337995634
2516.4600705718995,-73.63376649594159,-73.63376649594159
2516.470070571899,-73.63499192686972,-73.63499192686972
2516.4800705718994,-73.63620882973899,-73.63620882973899
2516.490070571899,-73.63741660805222,-73.63741660805222
2516.5000705718994,-73.63861503572191,-73.63861503572191
2516.5100705718996,-73.63980410350311,-73.63980410350311
2516.5200705718994,-73.64098392898066,-73.64098392898066
2516.5300705718996,-73.64215470249624,-73.64215470249624
2516.5400705718994,-73.6433166546342,-73.6433166546342
2516.5500705718996,-73.64447003670773,-73.64447003670773
2516.5600705718994,-73.6456151091461,-73.6456151091461
2516.5700705718996,-73.6467521346437,-73.6467521346437
2516.5800705718993,-73.64788137428168,-73.64788137428168
2516.5900705718996,-73.64900308536893,-73.64900308536893
2516.6000705718993,-73.65011752038406,-73.65011752038406
2516.6100705718995,-73.65122492656195,-73.65122492656195
2516.6200705718993,-73.65232554583771,-73.65232554583771
2516.6300705718995,-73.65341961496387,-73.65341961496387
2516.6400705718993,-73.65450736583097,-73.65450736583097
2516.6500705718995,-73.65558902571806,-73.65558902571806
2516.6600705718993,-73.65666481762786,-73.65666481762786
2516.6700705718995,-73.65773496057162,-73.65773496057162
2516.6800705718993,-73.65879966985541,-73.65879966985541
2516.6900705718995,-73.65985915731606,-73.65985915731606
2516.7000705718992,-73.66091363154038,-73.66091363154038
2516.7100705718995,-73.66196329805523,-73.66196329805523
2516.720070571899,-73.66300835949379,-73.66300835949379
2516.7300705718994,-73.6640490157294,-73.6640490157294
2516.740070571899,-73.66508546402171,-73.66508546402171
2516.7500705718994,-73.66611789906717,-73.66611789906717
2516.7600705718996,-73.6671465131344,-73.6671465131344
2516.7700705718994,-73.66817149612535,-73.66817149612535
2516.7800705718996,-73.66919303561828,-73.66919303561828
2516.7900705718994,-73.67021131692835,-73.67021131692835
2516.8000705718996,-73.67122652316597,-73.67122652316597
2516.8100705718994,-73.67223883524886,-73.67223883524886
2516.8200705718996,-73.67324843194827,-73.67324843194827
2516.8300705718993,-73.67425548990613,-73.67425548990613
2516.8400705718996,-73.67526018366289,-73.67526018366289
2516.8500705957413,-73.67626268806238,-73.67626268806238
2516.8600705957415,-73.67726316870998,-73.67726316870998
2516.8700705957413,-73.67826179632621,-73.67826179632621
2516.8800705957415,-73.67925873718411,-73.67925873718411
2516.8900705957412,-73.68025415553699,-73.68025415553699
2516.9000705957415,-73.68124821360117,-73.68124821360117
2516.910070595741,-73.68224107157202,-73.68224107157202
2516.9200705957414,-73.6832328876465,-73.6832328876465
2516.930070595741,-73.68422381801248,-73.68422381801248
2516.9400705957414,-73.6852140168515,-73.6852140168515
2516.950070595741,-73.68620363637503,-73.68620363637503
2516.9600705957414,-73.68718640266,-73.68718640266
2516.970070595741,-73.68815965194224,-73.68815965194224
2516.9800705957414,-73.68912216231126,-73.68912216231126
2516.990070595741,-73.69007337819495,-73.69007337819495
2517.0000705957414,-73.69101311443372,-73.69101311443372
2517.010070595741,-73.6919414025978,-73.6919414025978
2517.0200705957413,-73.69285840089094,-73.69285840089094
2517.030070595741,-73.6937643400304,-73.6937643400304
2517.0400705957413,-73.69465949070589,-73.69465949070589
2517.050070595741,-73.69554414403363,-73.69554414403363
2517.0600705957413,-73.69641859993072,-73.69641859993072
2517.070070595741,-73.69728316026989,-73.69728316026989
2517.0800705957413,-73.69813812497199,-73.69813812497199
2517.090070595741,-73.69898378986261,-73.69898378986261
2517.1000705957413,-73.69982044558522,-73.69982044558522
2517.1100705957415,-73.70064837718525,-73.70064837718525
2517.1200705957413,-73.70146786408905,-73.70146786408905
2517.1300705957415,-73.70227918017886,-73.70227918017886
2517.1400705957412,-73.70308259411286,-73.70308259411286
2517.1500705957415,-73.7038783695945,-73.7038783695945
2517.160070595741,-73.70466676567985,-73.70466676567985
2517.1700705957414,-73.70544803708623,-73.70544803708623
2517.180070595741,-73.70622243444826,-73.70622243444826
2517.1900705957414,-73.70699020458515,-73.70699020458515
2517.200070595741,-73.70775159068867,-73.70775159068867
2517.2100705957414,-73.7085068325288,-73.7085068325288
2517.220070595741,-73.70925616662558,-73.70925616662558
2517.2300705957414,-73.70999982635387,-73.70999982635387
2517.240070595741,-73.71073804211346,-73.71073804211346
2517.2500705957414,-73.71147104138169,-73.71147104138169
2517.260070595741,-73.71219904882314,-73.71219904882314
2517.2700705957413,-73.7129222863709,-73.7129222863709
2517.280070595741,-73.71364097326916,-73.71364097326916
2517.2900705957413,-73.71435532613475,-73.71435532613475
2517.300070595741,-73.71506555899585,-73.71506555899585
2517.3100705957413,-73.71577188332869,-73.71577188332869
2517.320070595741,-73.71647450809418,-73.71647450809418
2517.3300705957413,-73.71717363976258,-73.71717363976258
2517.340070595741,-73.71786948233152,-73.71786948233152
2517.3500705957413,-73.71856223734834,-73.71856223734834
2517.3600705957415,-73.71925210392641,-73.71925210392641
2517.3700705957413,-73.7199392787554,-73.7199392787554
2517.3800705957415,-73.72062395612957,-73.72062395612957
2517.3900705957412,-73.72130632794165,-73.72130632794165
2517.4000705957415,-73.72198658369292,-73.72198658369292
2517.410070595741,-73.72266491053307,-73.72266491053307
2517.4200705957414,-73.72334149321537,-73.72334149321537
2517.430070595741,-73.72401651417623,-73.72401651417623
2517.4400705957414,-73.72469015346829,-73.72469015346829
2517.450070595741,-73.72536258884391,-73.72536258884391
2517.4600705957414,-73.72603399569877,-73.72603399569877
2517.470070595741,-73.72670454711641,-73.72670454711641
2517.4800705957414,-73.72737441388439,-73.72737441388439
2517.490070595741,-73.72804376447891,-73.72804376447891
2517.5000705957414,-73.72871276509044,-73.72871276509044
2517.510070595741,-73.72938157964045,-73.72938157964045
2517.5200705957413,-73.7300503697632,-73.7300503697632
2517.530070595741,-73.73071929485451,-73.73071929485451
2517.5400705957413,-73.7313885120487,-73.7313885120487
2517.550070595741,-73.73205817626396,-73.73205817626396
2517.5600705957413,-73.73272844018456,-73.73272844018456
2517.570070595741,-73.73339945430267,-73.73339945430267
2517.5800705957413,-73.73407136689991,-73.73407136689991
2517.590070595741,-73.7347443240823,-73.7347443240823
2517.6000705957413,-73.73541846978779,-73.73541846978779
2517.6100705957415,-73.73609394581466,-73.73609394581466
2517.6200705957413,-73.73677089179719,-73.73677089179719
2517.6300705957415,-73.7374494452691,-73.7374494452691
2517.6400705957412,-73.73812974165153,-73.73812974165153
2517.6500705957415,-73.73881191426806,-73.73881191426806
2517.660070595741,-73.7394960943749,-73.7394960943749
2517.6700705957414,-73.74018241115294,-73.74018241115294
2517.680070595741,-73.74087099176367,-73.74087099176367
2517.6900705957414,-73.74156196132652,-73.74156196132652
2517.700070619583,-73.74225544460495,-73.74225544460495
2517.7100706195833,-73.74295155942583,-73.74295155942583
2517.720070619583,-73.74365042658064,-73.74365042658064
2517.7300706195833,-73.74435216325321,-73.74435216325321
2517.740070619583,-73.74505688470741,-73.74505688470741
2517.7500706195833,-73.74576470427102,-73.74576470427102
2517.760070619583,-73.74647573336148,-73.74647573336148
2517.7700706195833,-73.74719008152942,-73.74719008152942
2517.780070619583,-73.74790785645473,-73.74790785645473
2517.7900706195833,-73.74862916396185,-73.74862916396185
2517.800070619583,-73.74935410804333,-73.74935410804333
2517.8100706195833,-73.75008279089586,-73.75008279089586
2517.820070619583,-73.75081531292246,-73.75081531292246
2517.8300706195832,-73.75155177273594,-73.75155177273594
2517.840070619583,-73.75229226720677,-73.75229226720677
2517.850070619583,-73.75303689147039,-73.75303689147039
2517.860070619583,-73.75378573894547,-73.75378573894547
2517.870070619583,-73.75453890134267,-73.75453890134267
2517.880070619583,-73.75529646870781,-73.75529646870781
2517.890070619583,-73.75605852941747,-73.75605852941747
2517.900070619583,-73.75682517020648,-73.75682517020648
2517.910070619583,-73.75759647617689,-73.75759647617689
2517.920070619583,-73.75837253085409,-73.75837253085409
2517.930070619583,-73.75915341615078,-73.75915341615078
2517.940070619583,-73.75993921242376,-73.75993921242376
2517.950070619583,-73.76072999847477,-73.76072999847477
2517.9600706195833,-73.76152585159139,-73.76152585159139
2517.970070619583,-73.76232684753553,-73.76232684753553
2517.9800706195833,-73.76313306057273,-73.76313306057273
2517.990070619583,-73.7639445634995,-73.7639445634995
2518.0000706195833,-73.76476142765712,-73.76476142765712
2518.010070619583,-73.76558372294102,-73.76558372294102
2518.0200706195833,-73.76641151782819,-73.76641151782819
2518.030070619583,-73.7672448793961,-73.7672448793961
2518.0400706195833,-73.76808387333428,-73.76808387333428
2518.050070619583,-73.76892856395831,-73.76892856395831
2518.0600706195833,-73.76977901424233,-73.76977901424233
2518.070070619583,-73.77063528582039,-73.77063528582039
2518.0800706195832,-73.77149743900632,-73.77149743900632
2518.090070619583,-73.77236553283338,-73.77236553283338
2518.100070619583,-73.77323962502699,-73.77323962502699
2518.110070619583,-73.77411977206836,-73.77411977206836
2518.120070619583,-73.77500602917708,-73.77500602917708
2518.130070619583,-73.77589845035001,-73.77589845035001
2518.140070619583,-73.77679708835727,-73.77679708835727
2518.150070619583,-73.77770199478121,-73.77770199478121
2518.160070619583,-73.77861322001151,-73.77861322001151
2518.170070619583,-73.77953081328205,-73.77953081328205
2518.180070619583,-73.78045482265527,-73.78045482265527
2518.190070619583,-73.78138529507294,-73.78138529507294
2518.200070619583,-73.78232227635519,-73.78232227635519
2518.2100706195833,-73.78325937852108,-73.78325937852108
2518.220070619583,-73.78419382957108,-73.78419382957108
2518.2300706195833,-73.78512430218129,-73.78512430218129
2518.240070619583,-73.78605013716809,-73.78605013716809
2518.2500706195833,-73.78697104714846,-73.78697104714846
2518.260070619583,-73.78788696263426,-73.78788696263426
2518.2700706195833,-73.7887979418272,-73.7887979418272
2518.280070619583,-73.78970411643593,-73.78970411643593
2518.2900706195833,-73.79060565905773,-73.79060565905773
2518.300070619583,-73.7915027636475,-73.7915027636475
2518.3100706195833,-73.79239563384854,-73.79239563384854
2518.320070619583,-73.79328447617709,-73.79328447617709
2518.3300706195832,-73.79416949608016,-73.79416949608016
2518.340070619583,-73.79505089581784,-73.79505089581784
2518.350070619583,-73.79592887338812,-73.79592887338812
2518.360070619583,-73.79680362211069,-73.79680362211069
2518.370070619583,-73.79767533057004,-73.79767533057004
2518.380070619583,-73.79854418276479,-73.79854418276479
2518.390070619583,-73.79941035837447,-73.79941035837447
2518.400070619583,-73.80027403306116,-73.80027403306116
2518.410070619583,-73.80113537878664,-73.80113537878664
2518.420070619583,-73.80199456408988,-73.80199456408988
2518.430070619583,-73.80285175436586,-73.80285175436586
2518.440070619583,-73.803707112137,-73.803707112137
2518.450070619583,-73.80456079723692,-73.80456079723692
2518.4600706195833,-73.8054129670114,-73.8054129670114
2518.470070619583,-73.80626377648245,-73.80626377648245
2518.4800706195833,-73.80711337849114,-73.80711337849114
2518.490070619583,-73.80796192379536,-73.80796192379536
2518.5000706195833,-73.80880956119238,-73.80880956119238
2518.510070619583,-73.80965643758766,-73.80965643758766
2518.5200706195833,-73.81050269806306,-73.81050269806306
2518.530070619583,-73.8113484859548,-73.8113484859548
2518.5400706195833,-73.81219394287267,-73.81219394287267
2518.550070643425,-73.81303921077047,-73.81303921077047
2518.560070643425,-73.81388442392333,-73.81388442392333
2518.570070643425,-73.81472972102459,-73.81472972102459
2518.580070643425,-73.8155752371624,-73.8155752371624
2518.590070643425,-73.81642110585983,-73.81642110585983
2518.600070643425,-73.81726745905705,-73.81726745905705
2518.610070643425,-73.81811442715122,-73.81811442715122
2518.620070643425,-73.81896213899829,-73.81896213899829
2518.630070643425,-73.81981072191289,-73.81981072191289
2518.640070643425,-73.82066030168228,-73.82066030168228
2518.650070643425,-73.8215110025661,-73.8215110025661
2518.660070643425,-73.82236294729294,-73.82236294729294
2518.670070643425,-73.82321625708562,-73.82321625708562
2518.680070643425,-73.82407105163469,-73.82407105163469
2518.690070643425,-73.82492744911448,-73.82492744911448
2518.700070643425,-73.82578556619198,-73.82578556619198
2518.710070643425,-73.82664551802416,-73.82664551802416
2518.720070643425,-73.82750741824182,-73.82750741824182
2518.730070643425,-73.8283713789862,-73.8283713789862
2518.740070643425,-73.82923751087138,-73.82923751087138
2518.750070643425,-73.83010592303627,-73.83010592303627
2518.760070643425,-73.83097672308504,-73.83097672308504
2518.770070643425,-73.83185001713876,-73.83185001713876
2518.780070643425,-73.8327259098399,-73.8327259098399
2518.7900706434248,-73.83360450432062,-73.83360450432062
2518.800070643425,-73.8344859022277,-73.8344859022277
2518.810070643425,-73.83537020373366,-73.83537020373366
2518.820070643425,-73.83625750753964,-73.83625750753964
2518.830070643425,-73.83714791085875,-73.83714791085875
2518.840070643425,-73.83804150944843,-73.83804150944843
2518.850070643425,-73.83893839760465,-73.83893839760465
2518.860070643425,-73.83983866817964,-73.83983866817964
2518.870070643425,-73.84074241256738,-73.84074241256738
2518.880070643425,-73.84164972073089,-73.84164972073089
2518.890070643425,-73.84256068118792,-73.84256068118792
2518.900070643425,-73.84347538106294,-73.84347538106294
2518.910070643425,-73.84439390603924,-73.84439390603924
2518.920070643425,-73.84531634039438,-73.84531634039438
2518.930070643425,-73.84624276702482,-73.84624276702482
2518.940070643425,-73.84717326742884,-73.84717326742884
2518.950070643425,-73.84810792172628,-73.84810792172628
2518.960070643425,-73.84904680866605,-73.84904680866605
2518.970070643425,-73.84999000564356,-73.84999000564356
2518.980070643425,-73.85093758870259,-73.85093758870259
2518.990070643425,-73.85188963255136,-73.85188963255136
2519.000070643425,-73.85284621055493,-73.85284621055493
2519.010070643425,-73.85380739478165,-73.85380739478165
2519.020070643425,-73.85477325597797,-73.85477325597797
2519.030070643425,-73.85574386360285,-73.85574386360285
2519.0400706434248,-73.8567192858308,-73.8567192858308
2519.050070643425,-73.85769958955872,-73.85769958955872
2519.060070643425,-73.85868484042435,-73.85868484042435
2519.070070643425,-73.85967510282292,-73.85967510282292
2519.080070643425,-73.8606704399015,-73.8606704399015
2519.090070643425,-73.86167091358583,-73.86167091358583
2519.100070643425,-73.86267658458716,-73.86267658458716
2519.110070643425,-73.86368751241147,-73.86368751241147
2519.120070643425,-73.86470375537655,-73.86470375537655
2519.130070643425,-73.86572537062422,-73.86572537062422
2519.140070643425,-73.86675241413273,-73.86675241413273
2519.150070643425,-73.86778494072391,-73.86778494072391
2519.160070643425,-73.86882300407004,-73.86882300407004
2519.170070643425,-73.86986665673238,-73.86986665673238
2519.180070643425,-73.87091595013982,-73.87091595013982
2519.190070643425,-73.87197093462119,-73.87197093462119
2519.200070643425,-73.87303165940936,-73.87303165940936
2519.210070643425,-73.87409173133797,-73.87409173133797
2519.220070643425,-73.87514837766994,-73.87514837766994
2519.230070643425,-73.87620027215398,-73.87620027215398
2519.240070643425,-73.87724675752344,-73.87724675752344
2519.250070643425,-73.87828754880333,-73.87828754880333
2519.260070643425,-73.87932257921392,-73.87932257921392
2519.270070643425,-73.88035190986449,-73.88035190986449
2519.280070643425,-73.88137567549367,-73.88137567549367
2519.2900706434248,-73.882394051828,-73.882394051828
2519.300070643425,-73.88340723601681,-73.88340723601681
2519.310070643425,-73.88441543496047,-73.88441543496047
2519.320070643425,-73.88541885845635,-73.88541885845635
2519.330070643425,-73.88641771529102,-73.88641771529102
2519.340070643425,-73.88741221107252,-73.88741221107252
2519.350070643425,-73.88840254718383,-73.88840254718383
2519.360070643425,-73.88938892034173,-73.88938892034173
2519.370070643425,-73.89037152254063,-73.89037152254063
2519.380070643425,-73.89135054121998,-73.89135054121998
2519.390070643425,-73.89232615950127,-73.89232615950127
2519.400070667267,-73.89329855881466,-73.89329855881466
2519.410070667267,-73.89426790992907,-73.89426790992907
2519.420070667267,-73.89523438717374,-73.89523438717374
2519.430070667267,-73.89619815941757,-73.89619815941757
2519.440070667267,-73.8971593926509,-73.8971593926509
2519.450070667267,-73.89811825016129,-73.89811825016129
2519.460070667267,-73.89906844951683,-73.89906844951683
2519.470070667267,-73.90000732871928,-73.90000732871928
2519.480070667267,-73.90093367165603,-73.90093367165603
2519.490070667267,-73.9018469303798,-73.9018469303798
2519.5000706672668,-73.90274692844172,-73.90274692844172
2519.510070667267,-73.90363370680296,-73.90363370680296
2519.5200706672667,-73.90450743357292,-73.90450743357292
2519.530070667267,-73.90536834975248,-73.90536834975248
2519.5400706672667,-73.90621673664039,-73.90621673664039
2519.550070667267,-73.9070528962658,-73.9070528962658
2519.5600706672667,-73.90787713975517,-73.90787713975517
2519.570070667267,-73.9086897804651,-73.9086897804651
2519.5800706672667,-73.9094911300907,-73.9094911300907
2519.590070667267,-73.91028149648952,-73.91028149648952
2519.6000706672667,-73.9110611826649,-73.9110611826649
2519.610070667267,-73.91183048627578,-73.91183048627578
2519.6200706672666,-73.91258969961783,-73.91258969961783
2519.630070667267,-73.91333910974429,-73.91333910974429
2519.6400706672666,-73.91407899872853,-73.91407899872853
2519.650070667267,-73.91480964393665,-73.91480964393665
2519.660070667267,-73.91553131835815,-73.91553131835815
2519.670070667267,-73.9162442908604,-73.9162442908604
2519.680070667267,-73.91694882645581,-73.91694882645581
2519.690070667267,-73.91764518654213,-73.91764518654213
2519.700070667267,-73.91833362910812,-73.91833362910812
2519.710070667267,-73.91900796472954,-73.91900796472954
2519.720070667267,-73.91966562472913,-73.91966562472913
2519.730070667267,-73.92030548592302,-73.92030548592302
2519.740070667267,-73.92092709270014,-73.92092709270014
2519.7500706672668,-73.92153036023085,-73.92153036023085
2519.760070667267,-73.9221154203914,-73.9221154203914
2519.7700706672667,-73.92268253138728,-73.92268253138728
2519.780070667267,-73.92323202355327,-73.92323202355327
2519.7900706672667,-73.92376426670131,-73.92376426670131
2519.800070667267,-73.9242796505453,-73.9242796505453
2519.8100706672667,-73.92477857305819,-73.92477857305819
2519.820070667267,-73.92526143362397,-73.92526143362397
2519.8300706672667,-73.9257286290972,-73.9257286290972
2519.840070667267,-73.92618055166963,-73.92618055166963
2519.8500706672667,-73.9266175877802,-73.9266175877802
2519.860070667267,-73.92704011769123,-73.92704011769123
2519.8700706672666,-73.92744851542363,-73.92744851542363
2519.880070667267,-73.92784314890541,-73.92784314890541
2519.8900706672666,-73.92822438019151,-73.92822438019151
2519.900070667267,-73.92859256578261,-73.92859256578261
2519.910070667267,-73.92894805691603,-73.92894805691603
2519.920070667267,-73.92929119983107,-73.92929119983107
2519.930070667267,-73.92962233604653,-73.92962233604653
2519.940070667267,-73.929941802597,-73.929941802597
2519.950070667267,-73.93024993223214,-73.93024993223214
2519.960070667267,-73.9305406095885,-73.9305406095885
2519.970070667267,-73.9308113399099,-73.9308113399099
2519.980070667267,-73.93106107325038,-73.93106107325038
2519.990070667267,-73.93128942647927,-73.93128942647927
2520.0000706672668,-73.93149638640789,-73.93149638640789
2520.010070667267,-73.93168215567891,-73.93168215567891
2520.0200706672667,-73.93184706243858,-73.93184706243858
2520.030070667267,-73.93199150604684,-73.93199150604684
2520.0400706672667,-73.93211592449337,-73.93211592449337
2520.050070667267,-73.93222077477186,-73.93222077477186
2520.0600706672667,-73.93230652127885,-73.93230652127885
2520.070070667267,-73.9323736289167,-73.9323736289167
2520.0800706672667,-73.93242255921996,-73.93242255921996
2520.090070667267,-73.9324537681646,-73.9324537681646
2520.1000706672667,-73.93246770515306,-73.93246770515306
2520.110070667267,-73.93246481253006,-73.93246481253006
2520.1200706672666,-73.93244552557326,-73.93244552557326
2520.130070667267,-73.93241027260318,-73.93241027260318
2520.1400706672666,-73.93235947527047,-73.93235947527047
2520.150070667267,-73.93229354882654,-73.93229354882654
2520.160070667267,-73.93221290244207,-73.93221290244207
2520.170070667267,-73.93211793948633,-73.93211793948633
2520.180070667267,-73.93200905780463,-73.93200905780463
2520.190070667267,-73.9318866499648,-73.9318866499648
2520.200070667267,-73.93175110344843,-73.93175110344843
2520.210070667267,-73.93160280084886,-73.93160280084886
2520.220070667267,-73.9314421200433,-73.9314421200433
2520.230070667267,-73.93126943430092,-73.93126943430092
2520.240070667267,-73.93108511242464,-73.93108511242464
2520.2500706911087,-73.93088951836872,-73.93088951836872
2520.260070691109,-73.93068301315803,-73.93068301315803
2520.2700706911087,-73.93046595227601,-73.93046595227601
2520.280070691109,-73.93023868745638,-73.93023868745638
2520.2900706911087,-73.93000156633322,-73.93000156633322
2520.300070691109,-73.9297549324666,-73.9297549324666
2520.3100706911086,-73.92949912539325,-73.92949912539325
2520.320070691109,-73.92923448064127,-73.92923448064127
2520.3300706911086,-73.92896132977417,-73.92896132977417
2520.340070691109,-73.92868000040525,-73.92868000040525
2520.3500706911086,-73.92839081624072,-73.92839081624072
2520.360070691109,-73.9280940970678,-73.9280940970678
2520.3700706911086,-73.92779015879665,-73.92779015879665
2520.380070691109,-73.92747931345782,-73.92747931345782
2520.3900706911086,-73.92716186924856,-73.92716186924856
2520.400070691109,-73.92683813052875,-73.92683813052875
2520.4100706911086,-73.92650839783025,-73.92650839783025
2520.420070691109,-73.92617296787999,-73.92617296787999
2520.4300706911085,-73.92583213364938,-73.92583213364938
2520.4400706911088,-73.92548618429544,-73.92548618429544
2520.4500706911085,-73.92513540526113,-73.92513540526113
2520.4600706911087,-73.9247736368516,-73.9247736368516
2520.4700706911085,-73.92439834024657,-73.92439834024657
2520.4800706911087,-73.9240084214646,-73.9240084214646
2520.4900706911085,-73.92360345323509,-73.92360345323509
2520.5000706911087,-73.9230950838656,-73.9230950838656
2520.510070691109,-73.92245860439075,-73.92245860439075
2520.5200706911087,-73.92168805945151,-73.92168805945151
2520.530070691109,-73.92078266589797,-73.92078266589797
2520.5400706911087,-73.91974323145185,-73.91974323145185
2520.550070691109,-73.91857115154944,-73.91857115154944
2520.5600706911086,-73.9172681003753,-73.9172681003753
2520.570070691109,-73.91583592184166,-73.91583592184166
2520.5800706911086,-73.91427658170703,-73.91427658170703
2520.590070691109,-73.91259213959142,-73.91259213959142
2520.6000706911086,-73.91078472824205,-73.91078472824205
2520.610070691109,-73.9088565362226,-73.9088565362226
2520.6200706911086,-73.9068097928407,-73.9068097928407
2520.630070691109,-73.90464675497303,-73.90464675497303
2520.6400706911086,-73.90236969570122,-73.90236969570122
2520.650070691109,-73.89998089451193,-73.89998089451193
2520.6600706911086,-73.89748262908603,-73.89748262908603
2520.670070691109,-73.8948771683765,-73.8948771683765
2520.6800706911085,-73.89216676702809,-73.89216676702809
2520.6900706911088,-73.88935366071547,-73.88935366071547
2520.7000706911085,-73.88644006252927,-73.88644006252927
2520.7100706911087,-73.88342816007379,-73.88342816007379
2520.7200706911085,-73.88032011330031,-73.88032011330031
2520.7300706911087,-73.87711805282731,-73.87711805282731
2520.7400706911085,-73.87382407880027,-73.87382407880027
2520.7500706911087,-73.87044026009622,-73.87044026009622
2520.760070691109,-73.86696863384563,-73.86696863384563
2520.7700706911087,-73.86341120523979,-73.86341120523979
2520.780070691109,-73.8597699474948,-73.8597699474948
2520.7900706911087,-73.8560468020404,-73.8560468020404
2520.800070691109,-73.85224367874329,-73.85224367874329
2520.8100706911086,-73.84836245632644,-73.84836245632644
2520.820070691109,-73.84440498278265,-73.84440498278265
2520.8300706911086,-73.8403730759013,-73.8403730759013
2520.840070691109,-73.83626852374664,-73.83626852374664
2520.8500706911086,-73.83209308524341,-73.83209308524341
2520.860070691109,-73.82784849072482,-73.82784849072482
2520.8700706911086,-73.82353644250222,-73.82353644250222
2520.880070691109,-73.81915861542048,-73.81915861542048
2520.8900706911086,-73.81471665741066,-73.81471665741066
2520.900070691109,-73.81021219002855,-73.81021219002855
2520.9100706911086,-73.80564680898947,-73.80564680898947
2520.920070691109,-73.8010220846616,-73.8010220846616
2520.9300706911085,-73.79633956259576,-73.79633956259576
2520.9400706911088,-73.79160076394308,-73.79160076394308
2520.9500706911085,-73.78680718597933,-73.78680718597933
2520.9600706911087,-73.78196030248814,-73.78196030248814
2520.9700706911085,-73.7770615642375,-73.7770615642375
2520.9800706911087,-73.77211239933241,-73.77211239933241
2520.9900706911085,-73.76711421364456,-73.76711421364456
2521.0000706911087,-73.7620683911916,-73.7620683911916
2521.010070691109,-73.75697629446206,-73.75697629446206
2521.0200706911087,-73.75183926480422,-73.75183926480422
2521.030070691109,-73.74665862273143,-73.74665862273143
2521.0400706911087,-73.74143566826486,-73.74143566826486
2521.050070691109,-73.73617168122942,-73.73617168122942
2521.0600706911086,-73.73086792157899,-73.73086792157899
2521.070070691109,-73.72552562965852,-73.72552562965852
2521.0800706911086,-73.72014602651366,-73.72014602651366
2521.090070691109,-73.71473031414841,-73.71473031414841
2521.1000707149506,-73.70927966282572,-73.70927966282572
2521.110070714951,-73.7037952630878,-73.7037952630878
2521.1200707149505,-73.69827824867117,-73.69827824867117
2521.1300707149508,-73.69272974800673,-73.69272974800673
2521.1400707149505,-73.68715087180192,-73.68715087180192
2521.1500707149507,-73.68154271325155,-73.68154271325155
2521.1600707149505,-73.67590634827664,-73.67590634827664
2521.1700707149507,-73.67024283571061,-73.67024283571061
2521.1800707149505,-73.66455321757115,-73.66455321757115
2521.1900707149507,-73.65883851924976,-73.65883851924976
2521.2000707149505,-73.65309974973596,-73.65309974973596
2521.2100707149507,-73.64733790184123,-73.64733790184123
2521.2200707149505,-73.6415539523955,-73.6415539523955
2521.2300707149507,-73.6357488624657,-73.6357488624657
2521.2400707149504,-73.62992357755589,-73.62992357755589
2521.2500707149507,-73.62407902781011,-73.62407902781011
2521.2600707149504,-73.61821612821095,-73.61821612821095
2521.2700707149506,-73.61233577877609,-73.61233577877609
2521.2800707149504,-73.60643886476254,-73.60643886476254
2521.2900707149506,-73.60052625685132,-73.60052625685132
2521.3000707149504,-73.59459881134278,-73.59459881134278
2521.3100707149506,-73.58865737033345,-73.58865737033345
2521.3200707149504,-73.58270276193362,-73.58270276193362
2521.3300707149506,-73.57673580042373,-73.57673580042373
2521.3400707149503,-73.57075728644709,-73.57075728644709
2521.3500707149506,-73.5647680071845,-73.5647680071845
2521.360070714951,-73.55876873655703,-73.55876873655703
2521.3700707149505,-73.55276023538411,-73.55276023538411
2521.3800707149508,-73.54674325155577,-73.54674325155577
2521.3900707149505,-73.540718520234,-73.540718520234
2521.4000707149507,-73.5346867639909,-73.5346867639909
2521.4100707149505,-73.5286486930161,-73.5286486930161
2521.4200707149507,-73.52260500526354,-73.52260500526354
2521.4300707149505,-73.51655638662129,-73.51655638662129
2521.4400707149507,-73.51050351108479,-73.51050351108479
2521.4500707149505,-73.50444704092348,-73.50444704092348
2521.4600707149507,-73.4983876268356,-73.4983876268356
2521.4700707149505,-73.49232590812295,-73.49232590812295
2521.4800707149507,-73.48626251282606,-73.48626251282606
2521.4900707149504,-73.48019805792148,-73.48019805792148
2521.5000707149507,-73.47413314944218,-73.47413314944218
2521.5100707149504,-73.46806838264939,-73.46806838264939
2521.5200707149506,-73.46200434218996,-73.46200434218996
2521.5300707149504,-73.45594160224277,-73.45594160224277
2521.5400707149506,-73.4498807266576,-73.4498807266576
2521.5500707149504,-73.44382226914624,-73.44382226914624
2521.5600707149506,-73.43776677335967,-73.43776677335967
2521.5700707149504,-73.43171477311076,-73.43171477311076
2521.5800707149506,-73.42566679245672,-73.42566679245672
2521.5900707149503,-73.4196233458782,-73.4196233458782
2521.6000707149506,-73.41358493840139,-73.41358493840139
2521.610070714951,-73.4075520657435,-73.4075520657435
2521.6200707149505,-73.40152521445555,-73.40152521445555
2521.6300707149508,-73.39550486205445,-73.39550486205445
2521.6400707149505,-73.38949147715536,-73.38949147715536
2521.6500707149507,-73.38348551959523,-73.38348551959523
2521.6600707149505,-73.3774874405918,-73.3774874405918
2521.6700707149507,-73.37149768284077,-73.37149768284077
2521.6800707149505,-73.3655166806707,-73.3655166806707
2521.6900707149507,-73.35954486014468,-73.35954486014468
2521.7000707149505,-73.35358263921297,-73.35358263921297
2521.7100707149507,-73.34763042781385,-73.34763042781385
2521.7200707149505,-73.34168862799861,-73.34168862799861
2521.7300707149507,-73.33575763406456,-73.33575763406456
2521.7400707149504,-73.3298378326558,-73.3298378326558
2521.7500707149507,-73.32392960290541,-73.32392960290541
2521.7600707149504,-73.31803331651527,-73.31803331651527
2521.7700707149506,-73.31214933791095,-73.31214933791095
2521.7800707149504,-73.30627802431154,-73.30627802431154
2521.7900707149506,-73.30041972587175,-73.30041972587175
2521.8000707149504,-73.29457478580272,-73.29457478580272
2521.8100707149506,-73.28874354043039,-73.28874354043039
2521.8200707149504,-73.28292631934882,-73.28292631934882
2521.8300707149506,-73.2771234454928,-73.2771234454928
2521.8400707149503,-73.27133523527318,-73.27133523527318
2521.8500707149506,-73.26556199866106,-73.26556199866106
2521.860070714951,-73.2598040392855,-73.2598040392855
2521.8700707149505,-73.25406165453532,-73.25406165453532
2521.8800707149508,-73.24833513566615,-73.24833513566615
2521.8900707149505,-73.24262476789204,-73.24262476789204
2521.9000707149507,-73.23693083047331,-73.23693083047331
2521.9100707149505,-73.23125359681855,-73.23125359681855
2521.9200707149507,-73.22559333458054,-73.22559333458054
2521.9300707149505,-73.21995030573979,-73.21995030573979
2521.9400707149507,-73.21432476669804,-73.21432476669804
2521.9500707387924,-73.20871695501228,-73.20871695501228
2521.9600707387926,-73.2031271429324,-73.2031271429324
2521.9700707387924,-73.1975555572646,-73.1975555572646
2521.9800707387926,-73.19200243296181,-73.19200243296181
2521.9900707387924,-73.18646799983466,-73.18646799983466
2522.0000707387926,-73.18095248262031,-73.18095248262031
2522.0100707387924,-73.17545610107433,-73.17545610107433
2522.0200707387926,-73.16997907005947,-73.16997907005947
2522.0300707387923,-73.16452159959466,-73.16452159959466
2522.0400707387926,-73.15908389495819,-73.15908389495819
2522.0500707387923,-73.15366615676342,-73.15366615676342
2522.0600707387925,-73.14826858100257,-73.14826858100257
2522.0700707387923,-73.14289135917289,-73.14289135917289
2522.0800707387925,-73.13753467830009,-73.13753467830009
2522.0900707387923,-73.13219872105189,-73.13219872105189
2522.1000707387925,-73.12688366576995,-73.12688366576995
2522.1100707387923,-73.1215896865708,-73.1215896865708
2522.1200707387925,-73.11631695338961,-73.11631695338961
2522.1300707387923,-73.11106563207795,-73.11106563207795
2522.1400707387925,-73.10583588444143,-73.10583588444143
2522.1500707387922,-73.1006278683135,-73.1006278683135
2522.1600707387925,-73.09544173763355,-73.09544173763355
2522.170070738792,-73.09027764249453,-73.09027764249453
2522.1800707387924,-73.08513572920141,-73.08513572920141
2522.190070738792,-73.08001614037165,-73.08001614037165
2522.2000707387924,-73.07491901492853,-73.07491901492853
2522.2100707387926,-73.06984448822652,-73.06984448822652
2522.2200707387924,-73.06479269207287,-73.06479269207287
2522.2300707387926,-73.05976375479557,-73.05976375479557
2522.2400707387924,-73.05475780129656,-73.05475780129656
2522.2500707387926,-73.04977495311728,-73.04977495311728
2522.2600707387924,-73.04481532848622,-73.04481532848622
2522.2700707387926,-73.03987904237006,-73.03987904237006
2522.2800707387923,-73.034966206541,-73.034966206541
2522.2900707387926,-73.03007692960533,-73.03007692960533
2522.3000707387923,-73.02521131708757,-73.02521131708757
2522.3100707387925,-73.02036947144767,-73.02036947144767
2522.3200707387923,-73.01555149216296,-73.01555149216296
2522.3300707387925,-73.01075747574528,-73.01075747574528
2522.3400707387923,-73.0059875158214,-73.0059875158214
2522.3500707387925,-73.00124170315658,-73.00124170315658
2522.3600707387923,-72.99652012571957,-72.99652012571957
2522.3700707387925,-72.99182286871152,-72.99182286871152
2522.3800707387923,-72.98715001462308,-72.98715001462308
2522.3900707387925,-72.98250164327811,-72.98250164327811
2522.4000707387922,-72.97787783187444,-72.97787783187444
2522.4100707387925,-72.97327865502865,-72.97327865502865
2522.420070738792,-72.96870418482992,-72.96870418482992
2522.4300707387924,-72.96415449085407,-72.96415449085407
2522.440070738792,-72.95962964023236,-72.95962964023236
2522.4500707387924,-72.95512969768113,-72.95512969768113
2522.4600707387926,-72.95065472554482,-72.95065472554482
2522.4700707387924,-72.94620478383568,-72.94620478383568
2522.4800707387926,-72.94177993026061,-72.94177993026061
2522.4900707387924,-72.93738022028802,-72.93738022028802
2522.5000707387926,-72.93300570714582,-72.93300570714582
2522.5100707387924,-72.92865644190049,-72.92865644190049
2522.5200707387926,-72.9243324734513,-72.9243324734513
2522.5300707387923,-72.92003384860807,-72.92003384860807
2522.5400707387926,-72.91576061208973,-72.91576061208973
2522.5500707387923,-72.9115128065872,-72.9115128065872
2522.5600707387925,-72.90729047277587,-72.90729047277587
2522.5700707387923,-72.90309364937215,-72.90309364937215
2522.5800707387925,-72.89892237313792,-72.89892237313792
2522.5900707387923,-72.89477667894344,-72.89477667894344
2522.6000707387925,-72.89065659977607,-72.89065659977607
2522.6100707387923,-72.88656216678399,-72.88656216678399
2522.6200707387925,-72.8824934092986,-72.8824934092986
2522.6300707387923,-72.87845035487892,-72.87845035487892
2522.6400707387925,-72.87443302932472,-72.87443302932472
2522.6500707387922,-72.87044145671557,-72.87044145671557
2522.6600707387925,-72.86647565943629,-72.86647565943629
2522.670070738792,-72.86253565822125,-72.86253565822125
2522.6800707387924,-72.85862147215869,-72.85862147215869
2522.690070738792,-72.85473311872754,-72.85473311872754
2522.7000707387924,-72.85087061383415,-72.85087061383415
2522.7100707387926,-72.84703397182363,-72.84703397182363
2522.7200707387924,-72.8432232055185,-72.8432232055185
2522.7300707387926,-72.83943832624138,-72.83943832624138
2522.7400707387924,-72.83567934383157,-72.83567934383157
2522.7500707387926,-72.83194626667783,-72.83194626667783
2522.7600707387924,-72.82823910176093,-72.82823910176093
2522.7700707387926,-72.8245578546417,-72.8245578546417
2522.7800707387923,-72.82090252950813,-72.82090252950813
2522.7900707387926,-72.81727312920508,-72.81727312920508
2522.8000707626343,-72.81366964665968,-72.81366964665968
2522.8100707626345,-72.81009209931678,-72.81009209931678
2522.8200707626343,-72.80654047740816,-72.80654047740816
2522.8300707626345,-72.8030147785939,-72.8030147785939
2522.8400707626342,-72.79951499929494,-72.79951499929494
2522.8500707626345,-72.79604113470168,-72.79604113470168
2522.860070762634,-72.79259317881274,-72.79259317881274
2522.8700707626344,-72.78917112444489,-72.78917112444489
2522.880070762634,-72.78577496326575,-72.78577496326575
2522.8900707626344,-72.78240468579588,-72.78240468579588
2522.900070762634,-72.7790602814484,-72.7790602814484
2522.9100707626344,-72.7757417385255,-72.7757417385255
2522.920070762634,-72.77244904426756,-72.77244904426756
2522.9300707626344,-72.7691821848429,-72.7691821848429
2522.940070762634,-72.76594114539758,-72.76594114539758
2522.9500707626344,-72.76272591003212,-72.76272591003212
2522.960070762634,-72.7595364618618,-72.7595364618618
2522.9700707626344,-72.75637278301788,-72.75637278301788
2522.980070762634,-72.75323485464104,-72.75323485464104
2522.9900707626343,-72.7501226569346,-72.7501226569346
2523.000070762634,-72.74703616917242,-72.74703616917242
2523.0100707626343,-72.74397536970572,-72.74397536970572
2523.020070762634,-72.74094023598386,-72.74094023598386
2523.0300707626343,-72.73793074456992,-72.73793074456992
2523.040070762634,-72.73494687115802,-72.73494687115802
2523.0500707626343,-72.73198859059147,-72.73198859059147
2523.0600707626345,-72.72905587687372,-72.72905587687372
2523.0700707626343,-72.72614870318742,-72.72614870318742
2523.0800707626345,-72.72326704190168,-72.72326704190168
2523.0900707626342,-72.7204108645996,-72.7204108645996
2523.1000707626345,-72.71758014208393,-72.71758014208393
2523.110070762634,-72.71477484438546,-72.71477484438546
2523.1200707626344,-72.71199494079512,-72.71199494079512
2523.130070762634,-72.70924039986521,-72.70924039986521
2523.1400707626344,-72.70651118941973,-72.70651118941973
2523.150070762634,-72.70380727657161,-72.70380727657161
2523.1600707626344,-72.70112862774795,-72.70112862774795
2523.170070762634,-72.69847520868667,-72.69847520868667
2523.1800707626344,-72.6958469844448,-72.6958469844448
2523.190070762634,-72.69324391944588,-72.69324391944588
2523.2000707626344,-72.69066597744519,-72.69066597744519
2523.210070762634,-72.68811312158238,-72.68811312158238
2523.2200707626344,-72.68558531435292,-72.68558531435292
2523.230070762634,-72.68308251767627,-72.68308251767627
2523.2400707626343,-72.68060469283796,-72.68060469283796
2523.250070762634,-72.67815180056424,-72.67815180056424
2523.2600707626343,-72.67572380099223,-72.67572380099223
2523.270070762634,-72.67332065369617,-72.67332065369617
2523.2800707626343,-72.6709423177016,-72.6709423177016
2523.290070762634,-72.66858875149467,-72.66858875149467
2523.3000707626343,-72.66625991302783,-72.66625991302783
2523.3100707626345,-72.66395575972373,-72.66395575972373
2523.3200707626343,-72.66167624850914,-72.66167624850914
2523.3300707626345,-72.65942133580337,-72.65942133580337
2523.3400707626342,-72.65719097752807,-72.65719097752807
2523.3500707626345,-72.65498512913912,-72.65498512913912
2523.360070762634,-72.65280374561435,-72.65280374561435
2523.3700707626344,-72.65064678145735,-72.65064678145735
2523.380070762634,-72.64851419074478,-72.64851419074478
2523.3900707626344,-72.64640592709293,-72.64640592709293
2523.400070762634,-72.64432194368632,-72.64432194368632
2523.4100707626344,-72.6422621932951,-72.6422621932951
2523.420070762634,-72.64022662825927,-72.64022662825927
2523.4300707626344,-72.63821520052088,-72.63821520052088
2523.440070762634,-72.6362278616231,-72.6362278616231
2523.4500707626344,-72.63426456271269,-72.63426456271269
2523.460070762634,-72.63231892370989,-72.63231892370989
2523.4700707626344,-72.63038812751317,-72.63038812751317
2523.480070762634,-72.62847078167339,-72.62847078167339
2523.4900707626343,-72.62656615346336,-72.62656615346336
2523.500070762634,-72.62467387774831,-72.62467387774831
2523.5100707626343,-72.62279380511873,-72.62279380511873
2523.520070762634,-72.6209259127384,-72.6209259127384
2523.5300707626343,-72.61907025071149,-72.61907025071149
2523.540070762634,-72.6172269098219,-72.6172269098219
2523.5500707626343,-72.61539600213345,-72.61539600213345
2523.5600707626345,-72.61357764945839,-72.61357764945839
2523.5700707626343,-72.6117719765709,-72.6117719765709
2523.5800707626345,-72.60997910733084,-72.60997910733084
2523.5900707626342,-72.6081991625594,-72.6081991625594
2523.6000707626345,-72.60643225901623,-72.60643225901623
2523.610070762634,-72.60467850898542,-72.60467850898542
2523.6200707626344,-72.60293802023635,-72.60293802023635
2523.630070762634,-72.60121089621305,-72.60121089621305
2523.6400707626344,-72.59949723629049,-72.59949723629049
2523.650070786476,-72.5977971320417,-72.5977971320417
2523.6600707864764,-72.5961106838167,-72.5961106838167
2523.670070786476,-72.59443797659318,-72.59443797659318
2523.6800707864763,-72.5927790966378,-72.5927790966378
2523.690070786476,-72.5911341276384,-72.5911341276384
2523.7000707864763,-72.58950315093698,-72.58950315093698
2523.710070786476,-72.58788624572313,-72.58788624572313
2523.7200707864763,-72.58628348919915,-72.58628348919915
2523.730070786476,-72.58469495674802,-72.58469495674802
2523.7400707864763,-72.5831207220321,-72.5831207220321
2523.750070786476,-72.5815608571038,-72.5815608571038
2523.7600707864763,-72.58001543251049,-72.58001543251049
2523.770070786476,-72.57848451735526,-72.57848451735526
2523.7800707864762,-72.57696817935279,-72.57696817935279
2523.790070786476,-72.57546648488949,-72.57546648488949
2523.800070786476,-72.57397949906088,-72.57397949906088
2523.810070786476,-72.57250728573038,-72.57250728573038
2523.820070786476,-72.57104990751407,-72.57104990751407
2523.830070786476,-72.56960742583529,-72.56960742583529
2523.840070786476,-72.56817990093457,-72.56817990093457
2523.850070786476,-72.56676739189555,-72.56676739189555
2523.860070786476,-72.5653699566386,-72.5653699566386
2523.870070786476,-72.5639876519336,-72.5639876519336
2523.880070786476,-72.5626205334188,-72.5626205334188
2523.890070786476,-72.56126865559783,-72.56126865559783
2523.900070786476,-72.55993207185189,-72.55993207185189
2523.9100707864764,-72.55861083442448,-72.55861083442448
2523.920070786476,-72.55730499445494,-72.55730499445494
2523.9300707864763,-72.55601460194198,-72.55601460194198
2523.940070786476,-72.5547397057829,-72.5547397057829
2523.9500707864763,-72.55348035375066,-72.55348035375066
2523.960070786476,-72.55223026820791,-72.55223026820791
2523.9700707864763,-72.55098672931626,-72.55098672931626
2523.980070786476,-72.54974843931915,-72.54974843931915
2523.9900707864763,-72.54848464055559,-72.54848464055559
2524.000070786476,-72.5471779471324,-72.5471779471324
2524.0100707864763,-72.54581868171454,-72.54581868171454
2524.020070786476,-72.54440090571119,-72.54440090571119
2524.0300707864762,-72.54292064318844,-72.54292064318844
2524.040070786476,-72.54137507157947,-72.54137507157947
2524.050070786476,-72.53976212874292,-72.53976212874292
2524.060070786476,-72.5380803057263,-72.5380803057263
2524.070070786476,-72.53632852544705,-72.53632852544705
2524.080070786476,-72.53450606308328,-72.53450606308328
2524.090070786476,-72.53261248828147,-72.53261248828147
2524.100070786476,-72.53064761988792,-72.53064761988792
2524.110070786476,-72.5286114887712,-72.5286114887712
2524.120070786476,-72.52650430652145,-72.52650430652145
2524.130070786476,-72.5243264386599,-72.5243264386599
2524.140070786476,-72.5220783816381,-72.5220783816381
2524.150070786476,-72.51976074296812,-72.51976074296812
2524.1600707864764,-72.51737422411291,-72.51737422411291
2524.170070786476,-72.51491960570706,-72.51491960570706
2524.1800707864763,-72.51239773483324,-72.51239773483324
2524.190070786476,-72.50980951403555,-72.50980951403555
2524.2000707864763,-72.50715589184298,-72.50715589184298
2524.210070786476,-72.50443785466321,-72.50443785466321
2524.2200707864763,-72.50165641972458,-72.50165641972458
2524.230070786476,-72.49881262906408,-72.49881262906408
2524.2400707864763,-72.49590754430395,-72.49590754430395
2524.250070786476,-72.49294224216771,-72.49294224216771
2524.2600707864763,-72.48991781064069,-72.48991781064069
2524.270070786476,-72.48683534561475,-72.48683534561475
2524.2800707864762,-72.48369594804714,-72.48369594804714
2524.290070786476,-72.48050072148501,-72.48050072148501
2524.300070786476,-72.47725076993873,-72.47725076993873
2524.310070786476,-72.47394719605512,-72.47394719605512
2524.320070786476,-72.4705910995386,-72.4705910995386
2524.330070786476,-72.46718357582083,-72.46718357582083
2524.340070786476,-72.46372571487149,-72.46372571487149
2524.350070786476,-72.4602186002296,-72.4602186002296
2524.360070786476,-72.45666330812679,-72.45666330812679
2524.370070786476,-72.45306090679644,-72.45306090679644
2524.380070786476,-72.4494124558091,-72.4494124558091
2524.390070786476,-72.44571900558734,-72.44571900558734
2524.400070786476,-72.44198159694757,-72.44198159694757
2524.4100707864764,-72.43820126073466,-72.43820126073466
2524.420070786476,-72.43437901750949,-72.43437901750949
2524.4300707864763,-72.43051587727592,-72.43051587727592
2524.440070786476,-72.42661283931271,-72.42661283931271
2524.4500707864763,-72.42267089197472,-72.42267089197472
2524.460070786476,-72.4186910125735,-72.4186910125735
2524.4700707864763,-72.4146741672769,-72.4146741672769
2524.480070786476,-72.41062131104579,-72.41062131104579
2524.4900707864763,-72.40653338757201,-72.40653338757201
2524.500070810318,-72.40241131942457,-72.40241131942457
2524.510070810318,-72.39825604725813,-72.39825604725813
2524.520070810318,-72.39406847116314,-72.39406847116314
2524.530070810318,-72.38984948967659,-72.38984948967659
2524.540070810318,-72.38559999011666,-72.38559999011666
2524.550070810318,-72.38132084857568,-72.38132084857568
2524.560070810318,-72.37701293004292,-72.37701293004292
2524.570070810318,-72.37267708839669,-72.37267708839669
2524.580070810318,-72.36831416653149,-72.36831416653149
2524.590070810318,-72.36392499639352,-72.36392499639352
2524.600070810318,-72.35951039907174,-72.35951039907174
2524.610070810318,-72.35507118487186,-72.35507118487186
2524.620070810318,-72.3506081534402,-72.3506081534402
2524.630070810318,-72.34612209381245,-72.34612209381245
2524.640070810318,-72.34161378451074,-72.34161378451074
2524.650070810318,-72.3370839936693,-72.3370839936693
2524.660070810318,-72.33253347911551,-72.33253347911551
2524.670070810318,-72.32796298844877,-72.32796298844877
2524.680070810318,-72.3233732591702,-72.3233732591702
2524.690070810318,-72.31876501877326,-72.31876501877326
2524.700070810318,-72.31413898484438,-72.31413898484438
2524.710070810318,-72.30949586515855,-72.30949586515855
2524.720070810318,-72.30483635780647,-72.30483635780647
2524.730070810318,-72.30016115126662,-72.30016115126662
2524.740070810318,-72.29547092453092,-72.29547092453092
2524.750070810318,-72.29076634719044,-72.29076634719044
2524.760070810318,-72.28604807955519,-72.28604807955519
2524.770070810318,-72.28131677275296,-72.28131677275296
2524.780070810318,-72.27657306881528,-72.27657306881528
2524.790070810318,-72.27181760079998,-72.27181760079998
2524.800070810318,-72.26705099287612,-72.26705099287612
2524.810070810318,-72.26227386044121,-72.26227386044121
2524.820070810318,-72.25748681020335,-72.25748681020335
2524.830070810318,-72.25269044029795,-72.25269044029795
2524.840070810318,-72.2478853403639,-72.2478853403639
2524.850070810318,-72.24307209166847,-72.24307209166847
2524.860070810318,-72.23825126717443,-72.23825126717443
2524.870070810318,-72.23342343167587,-72.23342343167587
2524.880070810318,-72.22858914183968,-72.22858914183968
2524.890070810318,-72.22374894635978,-72.22374894635978
2524.900070810318,-72.21890338599721,-72.21890338599721
2524.910070810318,-72.21405299371354,-72.21405299371354
2524.920070810318,-72.2091982947384,-72.2091982947384
2524.930070810318,-72.20433980666736,-72.20433980666736
2524.940070810318,-72.19947803955836,-72.19947803955836
2524.950070810318,-72.19461349602071,-72.19461349602071
2524.960070810318,-72.18974667129167,-72.18974667129167
2524.970070810318,-72.18487805332965,-72.18487805332965
2524.980070810318,-72.18000812290475,-72.18000812290475
2524.990070810318,-72.17513735369494,-72.17513735369494
2525.000070810318,-72.1702662123377,-72.1702662123377
2525.010070810318,-72.16539515855527,-72.16539515855527
2525.020070810318,-72.16052464520945,-72.16052464520945
2525.030070810318,-72.1556551183855,-72.1556551183855
2525.040070810318,-72.15078701749039,-72.15078701749039
2525.050070810318,-72.1459207753187,-72.1459207753187
2525.060070810318,-72.14105681814668,-72.14105681814668
2525.070070810318,-72.13619556578715,-72.13619556578715
2525.080070810318,-72.13133743169483,-72.13133743169483
2525.090070810318,-72.12648282301879,-72.12648282301879
2525.100070810318,-72.12163214070031,-72.12163214070031
2525.110070810318,-72.11678577954123,-72.11678577954123
2525.120070810318,-72.11194412827211,-72.11194412827211
2525.130070810318,-72.10710756963188,-72.10710756963188
2525.140070810318,-72.1022764804377,-72.1022764804377
2525.150070810318,-72.09745123166812,-72.09745123166812
2525.160070810318,-72.09263218851137,-72.09263218851137
2525.170070810318,-72.0878197104646,-72.0878197104646
2525.180070810318,-72.08301415139016,-72.08301415139016
2525.190070810318,-72.07821585957292,-72.07821585957292
2525.200070810318,-72.07342517780327,-72.07342517780327
2525.210070810318,-72.06863616417009,-72.06863616417009
2525.220070810318,-72.0638464033832,-72.0638464033832
2525.230070810318,-72.05905488828043,-72.05905488828043
2525.240070810318,-72.05426126158373,-72.05426126158373
2525.250070810318,-72.0494655261531,-72.0494655261531
2525.260070810318,-72.04466789435067,-72.04466789435067
2525.270070810318,-72.03986869966413,-72.03986869966413
2525.280070810318,-72.03506834353759,-72.03506834353759
2525.290070810318,-72.0302672634367,-72.0302672634367
2525.300070810318,-72.02546591364008,-72.02546591364008
2525.310070810318,-72.02066475382264,-72.02066475382264
2525.320070810318,-72.01586424238805,-72.01586424238805
2525.330070810318,-72.01106483265957,-72.01106483265957
2525.340070810318,-72.00626697078809,-72.00626697078809
2525.35007083416,-72.00147108337868,-72.00147108337868
2525.36007083416,-71.99667762277859,-71.99667762277859
2525.37007083416,-71.99188699855009,-71.99188699855009
2525.38007083416,-71.98709962338141,-71.98709962338141
2525.39007083416,-71.98231590196653,-71.98231590196653
2525.40007083416,-71.97753623134271,-71.97753623134271
2525.41007083416,-71.97276100125875,-71.97276100125875
2525.42007083416,-71.96799059452296,-71.96799059452296
2525.43007083416,-71.96322538731216,-71.96322538731216
2525.44007083416,-71.95846574946202,-71.95846574946202
2525.4500708341598,-71.9537120447534,-71.9537120447534
2525.46007083416,-71.94896463111336,-71.94896463111336
2525.4700708341597,-71.94422386083814,-71.94422386083814
2525.48007083416,-71.93949008077557,-71.93949008077557
2525.4900708341597,-71.93476363248547,-71.93476363248547
2525.50007083416,-71.93004485237408,-71.93004485237408
2525.5100708341597,-71.92533407182862,-71.92533407182862
2525.52007083416,-71.92063161732197,-71.92063161732197
2525.5300708341597,-71.91593781051262,-71.91593781051262
2525.54007083416,-71.91125296834315,-71.91125296834315
2525.5500708341597,-71.90657740308845,-71.90657740308845
2525.56007083416,-71.9019114224653,-71.9019114224653
2525.5700708341597,-71.89725532967609,-71.89725532967609
2525.58007083416,-71.8926094234711,-71.8926094234711
2525.5900708341596,-71.88797399820672,-71.88797399820672
2525.60007083416,-71.8833493438748,-71.8833493438748
2525.61007083416,-71.87873574618902,-71.87873574618902
2525.62007083416,-71.8741334866078,-71.8741334866078
2525.63007083416,-71.86954284236697,-71.86954284236697
2525.64007083416,-71.86496408653225,-71.86496408653225
2525.65007083416,-71.86039748803849,-71.86039748803849
2525.66007083416,-71.85584331172238,-71.85584331172238
2525.67007083416,-71.8513018183591,-71.8513018183591
2525.68007083416,-71.84677326470657,-71.84677326470657
2525.69007083416,-71.84225790352502,-71.84225790352502
2525.7000708341598,-71.8377559836195,-71.8377559836195
2525.71007083416,-71.83326149177651,-71.83326149177651
2525.7200708341597,-71.8287719306692,-71.8287719306692
2525.73007083416,-71.82428620774849,-71.82428620774849
2525.7400708341597,-71.81980387953266,-71.81980387953266
2525.75007083416,-71.81532486284269,-71.81532486284269
2525.7600708341597,-71.81084928463181,-71.81084928463181
2525.77007083416,-71.80637739388702,-71.80637739388702
2525.7800708341597,-71.80190950863266,-71.80190950863266
2525.79007083416,-71.79744598403593,-71.79744598403593
2525.8000708341597,-71.79298719327086,-71.79298719327086
2525.81007083416,-71.78853351609864,-71.78853351609864
2525.8200708341597,-71.78408533219971,-71.78408533219971
2525.83007083416,-71.77964301734029,-71.77964301734029
2525.8400708341596,-71.77520694127581,-71.77520694127581
2525.85007083416,-71.77077746674541,-71.77077746674541
2525.86007083416,-71.76635494908757,-71.76635494908757
2525.87007083416,-71.7619397361989,-71.7619397361989
2525.88007083416,-71.7575321687192,-71.7575321687192
2525.89007083416,-71.7531325803278,-71.7531325803278
2525.90007083416,-71.74874129805374,-71.74874129805374
2525.91007083416,-71.74435864260028,-71.74435864260028
2525.92007083416,-71.73998492870783,-71.73998492870783
2525.93007083416,-71.73562046540573,-71.73562046540573
2525.94007083416,-71.73126555630805,-71.73126555630805
2525.9500708341598,-71.7269204998405,-71.7269204998405
2525.96007083416,-71.72257934165889,-71.72257934165889
2525.9700708341597,-71.71823963685272,-71.71823963685272
2525.98007083416,-71.71390034227645,-71.71390034227645
2525.9900708341597,-71.70956106215151,-71.70956106215151
2526.00007083416,-71.70522175983604,-71.70522175983604
2526.0100708341597,-71.70088260802785,-71.70088260802785
2526.02007083416,-71.69654390081735,-71.69654390081735
2526.0300708341597,-71.69220600087394,-71.69220600087394
2526.04007083416,-71.68786930761837,-71.68786930761837
2526.0500708341597,-71.68353423815773,-71.68353423815773
2526.06007083416,-71.67920121592317,-71.67920121592317
2526.0700708341597,-71.67487066400969,-71.67487066400969
2526.08007083416,-71.67054300137298,-71.67054300137298
2526.0900708341596,-71.66621864074428,-71.66621864074428
2526.10007083416,-71.66189798764549,-71.66189798764549
2526.11007083416,-71.65758143997375,-71.65758143997375
2526.12007083416,-71.65326938799353,-71.65326938799353
2526.13007083416,-71.64896221450033,-71.64896221450033
2526.14007083416,-71.64466029511868,-71.64466029511868
2526.15007083416,-71.6403639985964,-71.6403639985964
2526.16007083416,-71.63607368715202,-71.63607368715202
2526.17007083416,-71.63178971677935,-71.63178971677935
2526.18007083416,-71.62751243753789,-71.62751243753789
2526.19007083416,-71.62324219382121,-71.62324219382121
2526.2000708580017,-71.61897931442198,-71.61897931442198
2526.210070858002,-71.61472415337482,-71.61472415337482
2526.2200708580017,-71.6104770291758,-71.6104770291758
2526.230070858002,-71.6062382655803,-71.6062382655803
2526.2400708580017,-71.60200818158843,-71.60200818158843
2526.250070858002,-71.59778709154101,-71.59778709154101
2526.2600708580017,-71.59357530523518,-71.59357530523518
2526.270070858002,-71.58937312801261,-71.58937312801261
2526.2800708580016,-71.58518086082103,-71.58518086082103
2526.290070858002,-71.58099880029754,-71.58099880029754
2526.3000708580016,-71.57682723881267,-71.57682723881267
2526.310070858002,-71.57266646452543,-71.57266646452543
2526.3200708580016,-71.5685167614466,-71.5685167614466
2526.330070858002,-71.56437840944967,-71.56437840944967
2526.3400708580016,-71.5602516843278,-71.5602516843278
2526.350070858002,-71.55613685782784,-71.55613685782784
2526.3600708580016,-71.55203419767014,-71.55203419767014
2526.370070858002,-71.54794396758076,-71.54794396758076
2526.3800708580015,-71.54386642733012,-71.54386642733012
2526.3900708580018,-71.53980183274265,-71.53980183274265
2526.4000708580015,-71.53575043573734,-71.53575043573734
2526.4100708580017,-71.53171248434892,-71.53171248434892
2526.4200708580015,-71.52768822275058,-71.52768822275058
2526.4300708580017,-71.52367789126744,-71.52367789126744
2526.4400708580015,-71.51968172641755,-71.51968172641755
2526.4500708580017,-71.51569996093247,-71.51569996093247
2526.460070858002,-71.51172413474825,-71.51172413474825
2526.4700708580017,-71.50774439610579,-71.50774439610579
2526.480070858002,-71.50375227096741,-71.50375227096741
2526.4900708580017,-71.49974091311502,-71.49974091311502
2526.500070858002,-71.49570476820828,-71.49570476820828
2526.5100708580017,-71.49163924429529,-71.49163924429529
2526.520070858002,-71.48754048461866,-71.48754048461866
2526.5300708580016,-71.4834052212101,-71.4834052212101
2526.540070858002,-71.47923067786164,-71.47923067786164
2526.5500708580016,-71.47501450120036,-71.47501450120036
2526.560070858002,-71.47075470767813,-71.47075470767813
2526.5700708580016,-71.46644964017213,-71.46644964017213
2526.580070858002,-71.46209793099068,-71.46209793099068
2526.5900708580016,-71.45769846957437,-71.45769846957437
2526.600070858002,-71.45325037396618,-71.45325037396618
2526.6100708580016,-71.44875296550609,-71.44875296550609
2526.620070858002,-71.44420574631663,-71.44420574631663
2526.6300708580015,-71.43960837931596,-71.43960837931596
2526.6400708580018,-71.43496067045072,-71.43496067045072
2526.6500708580015,-71.43026255291241,-71.43026255291241
2526.6600708580017,-71.42551407311885,-71.42551407311885
2526.6700708580015,-71.42071537827249,-71.42071537827249
2526.6800708580017,-71.41586670530926,-71.41586670530926
2526.6900708580015,-71.4109683710574,-71.4109683710574
2526.7000708580017,-71.40602076349847,-71.40602076349847
2526.710070858002,-71.40102433396287,-71.40102433396287
2526.7200708580017,-71.39597959019153,-71.39597959019153
2526.730070858002,-71.39088709009783,-71.39088709009783
2526.7400708580017,-71.38574743623988,-71.38574743623988
2526.750070858002,-71.38056127081398,-71.38056127081398
2526.7600708580017,-71.37532927121195,-71.37532927121195
2526.770070858002,-71.37005214598597,-71.37005214598597
2526.7800708580016,-71.36473063122905,-71.36473063122905
2526.790070858002,-71.35936548731105,-71.35936548731105
2526.8000708580016,-71.35395749595043,-71.35395749595043
2526.810070858002,-71.34850745752969,-71.34850745752969
2526.8200708580016,-71.34301618868717,-71.34301618868717
2526.830070858002,-71.3374845201025,-71.3374845201025
2526.8400708580016,-71.33191329454048,-71.33191329454048
2526.850070858002,-71.3263033650028,-71.3263033650028
2526.8600708580016,-71.32065559309947,-71.32065559309947
2526.870070858002,-71.31497084752502,-71.31497084752502
2526.8800708580015,-71.30925000270389,-71.30925000270389
2526.8900708580018,-71.30349393750073,-71.30349393750073
2526.9000708580015,-71.2977035340897,-71.2977035340897
2526.9100708580017,-71.29187967690417,-71.29187967690417
2526.9200708580015,-71.28602325165149,-71.28602325165149
2526.9300708580017,-71.28013514444739,-71.28013514444739
2526.9400708580015,-71.27421624097322,-71.27421624097322
2526.9500708580017,-71.26826742576282,-71.26826742576282
2526.960070858002,-71.26228337626804,-71.26228337626804
2526.9700708580017,-71.25626225928667,-71.25626225928667
2526.980070858002,-71.2502036367781,-71.2502036367781
2526.9900708580017,-71.24410771566691,-71.24410771566691
2527.000070858002,-71.23797506074818,-71.23797506074818
2527.0100708580017,-71.23180644504859,-71.23180644504859
2527.020070858002,-71.22560276175642,-71.22560276175642
2527.0300708580016,-71.21936497111415,-71.21936497111415
2527.040070858002,-71.2130940682881,-71.2130940682881
2527.0500708818436,-71.20679104891296,-71.20679104891296
2527.060070881844,-71.20045695737537,-71.20045695737537
2527.0700708818435,-71.1940927899922,-71.1940927899922
2527.0800708818438,-71.18769955072726,-71.18769955072726
2527.0900708818435,-71.1812782339232,-71.1812782339232
2527.1000708818437,-71.17482982302977,-71.17482982302977
2527.1100708818435,-71.16835529002473,-71.16835529002473
2527.1200708818437,-71.16185559515272,-71.16185559515272
2527.1300708818435,-71.15533168696201,-71.15533168696201
2527.1400708818437,-71.14878450236836,-71.14878450236836
2527.1500708818435,-71.142214966881,-71.142214966881
2527.1600708818437,-71.13562399475803,-71.13562399475803
2527.1700708818435,-71.1290124892236,-71.1290124892236
2527.1800708818437,-71.12238134263517,-71.12238134263517
2527.1900708818434,-71.11573143665797,-71.11573143665797
2527.2000708818437,-71.1090636424099,-71.1090636424099
2527.2100708818434,-71.10237882060154,-71.10237882060154
2527.2200708818436,-71.0956778216262,-71.0956778216262
2527.2300708818434,-71.08896148567936,-71.08896148567936
2527.2400708818436,-71.08223064282666,-71.08223064282666
2527.2500708818434,-71.0754861130976,-71.0754861130976
2527.2600708818436,-71.0687287065117,-71.0687287065117
2527.2700708818434,-71.06195922317843,-71.06195922317843
2527.2800708818436,-71.05517845333027,-71.05517845333027
2527.2900708818433,-71.04838717736872,-71.04838717736872
2527.3000708818436,-71.04158616590905,-71.04158616590905
2527.310070881844,-71.03477617980751,-71.03477617980751
2527.3200708818435,-71.02795797023916,-71.02795797023916
2527.3300708818438,-71.02113227869289,-71.02113227869289
2527.3400708818435,-71.01429983705488,-71.01429983705488
2527.3500708818437,-71.00746136761715,-71.00746136761715
2527.3600708818435,-71.00061758313127,-71.00061758313127
2527.3700708818437,-70.99376918684263,-70.99376918684263
2527.3800708818435,-70.98691687255385,-70.98691687255385
2527.3900708818437,-70.98006132463512,-70.98006132463512
2527.4000708818435,-70.9732032181228,-70.9732032181228
2527.4100708818437,-70.96634321869807,-70.96634321869807
2527.4200708818435,-70.95948198281354,-70.95948198281354
2527.4300708818437,-70.95262015767611,-70.95262015767611
2527.4400708818434,-70.94575838135746,-70.94575838135746
2527.4500708818437,-70.93889728280459,-70.93889728280459
2527.4600708818434,-70.93203748192508,-70.93203748192508
2527.4700708818436,-70.92517958963379,-70.92517958963379
2527.4800708818434,-70.91832420792929,-70.91832420792929
2527.4900708818436,-70.9114719299264,-70.9114719299264
2527.5000708818434,-70.90462333994314,-70.90462333994314
2527.5100708818436,-70.89777901356327,-70.89777901356327
2527.5200708818434,-70.89093951770148,-70.89093951770148
2527.5300708818436,-70.8841054106617,-70.8841054106617
2527.5400708818433,-70.87727724222104,-70.87727724222104
2527.5500708818436,-70.87045555368823,-70.87045555368823
2527.560070881844,-70.86364087797753,-70.86364087797753
2527.5700708818435,-70.85683373968783,-70.85683373968783
2527.5800708818438,-70.85003465516654,-70.85003465516654
2527.5900708818435,-70.84324413259506,-70.84324413259506
2527.6000708818437,-70.83646267204703,-70.83646267204703
2527.6100708818435,-70.82969076557846,-70.82969076557846
2527.6200708818437,-70.8229288973064,-70.8229288973064
2527.6300708818435,-70.81617754346644,-70.81617754346644
2527.6400708818437,-70.8094371725082,-70.8094371725082
2527.6500708818435,-70.80270824516796,-70.80270824516796
2527.6600708818437,-70.7959912145457,-70.7959912145457
2527.6700708818435,-70.78928652618292,-70.78928652618292
2527.6800708818437,-70.7825946181415,-70.7825946181415
2527.6900708818434,-70.77591592108095,-70.77591592108095
2527.7000708818437,-70.76925085834748,-70.76925085834748
2527.7100708818434,-70.76259984604619,-70.76259984604619
2527.7200708818436,-70.75596329311307,-70.75596329311307
2527.7300708818434,-70.74934160140654,-70.74934160140654
2527.7400708818436,-70.74273516577695,-70.74273516577695
2527.7500708818434,-70.73614437416227,-70.73614437416227
2527.7600708818436,-70.72956960763467,-70.72956960763467
2527.7700708818434,-70.72301124052426,-70.72301124052426
2527.7800708818436,-70.71646964045813,-70.71646964045813
2527.7900708818433,-70.70994516846966,-70.70994516846966
2527.8000708818436,-70.70343817903833,-70.70343817903833
2527.810070881844,-70.6969490202146,-70.6969490202146
2527.8200708818435,-70.69047803366892,-70.69047803366892
2527.8300708818438,-70.6840255547729,-70.6840255547729
2527.8400708818435,-70.6775919126729,-70.6775919126729
2527.8500708818437,-70.67117743038489,-70.67117743038489
2527.8600708818435,-70.66478242484986,-70.66478242484986
2527.8700708818437,-70.65840720701165,-70.65840720701165
2527.8800708818435,-70.65205208191495,-70.65205208191495
2527.8900708818437,-70.64571734875072,-70.64571734875072
2527.9000709056854,-70.6394032859188,-70.6394032859188
2527.9100709056856,-70.63311021127662,-70.63311021127662
2527.9200709056854,-70.62683839185522,-70.62683839185522
2527.9300709056856,-70.62058810421732,-70.62058810421732
2527.9400709056854,-70.61435961946259,-70.61435961946259
2527.9500709056856,-70.60815320328797,-70.60815320328797
2527.9600709056854,-70.60196296920941,-70.60196296920941
2527.9700709056856,-70.59578648515712,-70.59578648515712
2527.9800709056854,-70.58962270005594,-70.58962270005594
2527.9900709056856,-70.58347120114418,-70.58347120114418
2528.0000709056853,-70.57733192977699,-70.57733192977699
2528.0100709056856,-70.57120503339027,-70.57120503339027
2528.0200709056853,-70.56509077848669,-70.56509077848669
2528.0300709056855,-70.55898949824534,-70.55898949824534
2528.0400709056853,-70.55290156099637,-70.55290156099637
2528.0500709056855,-70.54682735124574,-70.54682735124574
2528.0600709056853,-70.54076725844465,-70.54076725844465
2528.0700709056855,-70.53472167035045,-70.53472167035045
2528.0800709056853,-70.52869096927589,-70.52869096927589
2528.0900709056855,-70.5226755300854,-70.5226755300854
2528.1000709056852,-70.51667571921942,-70.51667571921942
2528.1100709056855,-70.51069189436974,-70.51069189436974
2528.120070905685,-70.50472440447913,-70.50472440447913
2528.1300709056854,-70.4987735899959,-70.4987735899959
2528.140070905685,-70.4928397832015,-70.4928397832015
2528.1500709056854,-70.48692330856461,-70.48692330856461
2528.1600709056856,-70.48102448313765,-70.48102448313765
2528.1700709056854,-70.47514361692734,-70.47514361692734
2528.1800709056856,-70.46928101319907,-70.46928101319907
2528.1900709056854,-70.46343696883046,-70.46343696883046
2528.2000709056856,-70.45761177455448,-70.45761177455448
2528.2100709056854,-70.45180571524392,-70.45180571524392
2528.2200709056856,-70.44601907011206,-70.44601907011206
2528.2300709056854,-70.44025211291809,-70.44025211291809
2528.2400709056856,-70.43450511213989,-70.43450511213989
2528.2500709056853,-70.42877833113684,-70.42877833113684
2528.2600709056856,-70.42307202827598,-70.42307202827598
2528.2700709056853,-70.41738645707468,-70.41738645707468
2528.2800709056855,-70.41172186629346,-70.41172186629346
2528.2900709056853,-70.40607850005877,-70.40607850005877
2528.3000709056855,-70.40045659791608,-70.40045659791608
2528.3100709056853,-70.39485639495814,-70.39485639495814
2528.3200709056855,-70.38927812186355,-70.38927812186355
2528.3300709056853,-70.383722004993,-70.383722004993
2528.3400709056855,-70.37818826641997,-70.37818826641997
2528.3500709056852,-70.37267712403919,-70.37267712403919
2528.3600709056855,-70.36718879157247,-70.36718879157247
2528.370070905685,-70.36172347866436,-70.36172347866436
2528.3800709056854,-70.35628139089654,-70.35628139089654
2528.390070905685,-70.35086272985997,-70.35086272985997
2528.4000709056854,-70.34546769319837,-70.34546769319837
2528.4100709056856,-70.34009647464184,-70.34009647464184
2528.4200709056854,-70.33474926406343,-70.33474926406343
2528.4300709056856,-70.32942624751074,-70.32942624751074
2528.4400709056854,-70.32412760724962,-70.32412760724962
2528.4500709056856,-70.31885352181754,-70.31885352181754
2528.4600709056854,-70.31360416604637,-70.31360416604637
2528.4700709056856,-70.30837971110175,-70.30837971110175
2528.4800709056854,-70.30318032453926,-70.30318032453926
2528.4900709056856,-70.2980061703197,-70.2980061703197
2528.5000709056853,-70.29285740886709,-70.29285740886709
2528.5100709056856,-70.28773419709547,-70.28773419709547
2528.5200709056853,-70.28263668844687,-70.28263668844687
2528.5300709056855,-70.27756503293148,-70.27756503293148
2528.5400709056853,-70.2725193771668,-70.2725193771668
2528.5500709056855,-70.2674998644039,-70.2674998644039
2528.5600709056853,-70.26250663457556,-70.26250663457556
2528.5700709056855,-70.25753982433257,-70.25753982433257
2528.5800709056853,-70.25259956707401,-70.25259956707401
2528.5900709056855,-70.24768599297734,-70.24768599297734
2528.6000709056852,-70.24279922904584,-70.24279922904584
2528.6100709056855,-70.237939399151,-70.237939399151
2528.620070905685,-70.23310662405335,-70.23310662405335
2528.6300709056854,-70.22830102144442,-70.22830102144442
2528.640070905685,-70.22352270597611,-70.22352270597611
2528.6500709056854,-70.21877178931439,-70.21877178931439
2528.6600709056856,-70.21404838014965,-70.21404838014965
2528.6700709056854,-70.20935258425641,-70.20935258425641
2528.6800709056856,-70.20468450450065,-70.20468450450065
2528.6900709056854,-70.2000442409139,-70.2000442409139
2528.7000709056856,-70.19543189067822,-70.19543189067822
2528.7100709056854,-70.19084143675958,-70.19084143675958
2528.7200709056856,-70.18621827613745,-70.18621827613745
2528.7300709056854,-70.18154942093702,-70.18154942093702
2528.7400709056856,-70.17683119614429,-70.17683119614429
2528.7500709295273,-70.1720619039097,-70.1720619039097
2528.7600709295275,-70.16724052818684,-70.16724052818684
2528.7700709295273,-70.16236637811235,-70.16236637811235
2528.7800709295275,-70.15743903551247,-70.15743903551247
2528.7900709295272,-70.15245829243193,-70.15245829243193
2528.8000709295275,-70.14742411591808,-70.14742411591808
2528.8100709295272,-70.14233662149023,-70.14233662149023
2528.8200709295274,-70.13719605183299,-70.13719605183299
2528.830070929527,-70.13200275917855,-70.13200275917855
2528.8400709295274,-70.12675719030901,-70.12675719030901
2528.850070929527,-70.12145987362047,-70.12145987362047
2528.8600709295274,-70.11611140793629,-70.11611140793629
2528.870070929527,-70.11071245273003,-70.11071245273003
2528.8800709295274,-70.10526371955987,-70.10526371955987
2528.890070929527,-70.09976596466032,-70.09976596466032
2528.9000709295274,-70.094219982368,-70.094219982368
2528.910070929527,-70.08862659947808,-70.08862659947808
2528.9200709295274,-70.08298667019635,-70.08298667019635
2528.930070929527,-70.07730107182716,-70.07730107182716
2528.9400709295273,-70.07157070091165,-70.07157070091165
2528.950070929527,-70.0657964698977,-70.0657964698977
2528.9600709295273,-70.05997320538992,-70.05997320538992
2528.970070929527,-70.05409917782158,-70.05409917782158
2528.9800709295273,-70.04817404145463,-70.04817404145463
2528.990070929527,-70.04219809534392,-70.04219809534392
2529.0000709295273,-70.0361719994965,-70.0361719994965
2529.0100709295275,-70.03009662631781,-70.03009662631781
2529.0200709295273,-70.02397297282103,-70.02397297282103
2529.0300709295275,-70.0178021073811,-70.0178021073811
2529.0400709295272,-70.01158513724879,-70.01158513724879
2529.0500709295275,-70.00532318874505,-70.00532318874505
2529.0600709295272,-69.99901739513139,-69.99901739513139
2529.0700709295274,-69.9926688892818,-69.9926688892818
2529.080070929527,-69.9862787991828,-69.9862787991828
2529.0900709295274,-69.9798482452906,-69.9798482452906
2529.100070929527,-69.97337833899819,-69.97337833899819
2529.1100709295274,-69.96687018175248,-69.96687018175248
2529.120070929527,-69.96032486461111,-69.96032486461111
2529.1300709295274,-69.95374346802829,-69.95374346802829
2529.140070929527,-69.94712706182881,-69.94712706182881
2529.1500709295274,-69.94047670518606,-69.94047670518606
2529.160070929527,-69.93379344669799,-69.93379344669799
2529.1700709295274,-69.92707832445964,-69.92707832445964
2529.180070929527,-69.92033236614857,-69.92033236614857
2529.1900709295273,-69.9135565890838,-69.9135565890838
2529.200070929527,-69.90675200028096,-69.90675200028096
2529.2100709295273,-69.89991959654814,-69.89991959654814
2529.220070929527,-69.89306036447836,-69.89306036447836
2529.2300709295273,-69.88617528050484,-69.88617528050484
2529.240070929527,-69.87926531095272,-69.87926531095272
2529.2500709295273,-69.87233141203875,-69.87233141203875
2529.2600709295275,-69.86537452989006,-69.86537452989006
2529.2700709295273,-69.85839560057816,-69.85839560057816
2529.2800709295275,-69.85139555010146,-69.85139555010146
2529.2900709295272,-69.84437529443278,-69.84437529443278
2529.3000709295275,-69.8373357394958,-69.8373357394958
2529.3100709295272,-69.83027778121205,-69.83027778121205
2529.3200709295274,-69.8232023054767,-69.8232023054767
2529.330070929527,-69.81611018819855,-69.81611018819855
2529.3400709295274,-69.80900229530178,-69.80900229530178
2529.350070929527,-69.80187948275555,-69.80187948275555
2529.3600709295274,-69.79474259657698,-69.79474259657698
2529.370070929527,-69.7875924728468,-69.7875924728468
2529.3800709295274,-69.78042993775995,-69.78042993775995
2529.390070929527,-69.7732558076306,-69.7732558076306
2529.4000709295274,-69.76607088891008,-69.76607088891008
2529.410070929527,-69.7588759782502,-69.7588759782502
2529.4200709295274,-69.75167186250367,-69.75167186250367
2529.430070929527,-69.74445931877719,-69.74445931877719
2529.4400709295273,-69.73723911445583,-69.73723911445583
2529.450070929527,-69.73001200726516,-69.73001200726516
2529.4600709295273,-69.7227726779898,-69.7227726779898
2529.470070929527,-69.71551921522386,-69.71551921522386
2529.4800709295273,-69.70825106736261,-69.70825106736261
2529.490070929527,-69.70096830916074,-69.70096830916074
2529.5000709295273,-69.6936713609318,-69.6936713609318
2529.5100709295275,-69.68636084222042,-69.68636084222042
2529.5200709295273,-69.67903748577538,-69.67903748577538
2529.5300709295275,-69.67170208569563,-69.67170208569563
2529.5400709295272,-69.66435546621848,-69.66435546621848
2529.5500709295275,-69.65699846292893,-69.65699846292893
2529.5600709295272,-69.64963191162417,-69.64963191162417
2529.5700709295274,-69.64225664173648,-69.64225664173648
2529.580070929527,-69.63487347264402,-69.63487347264402
2529.5900709295274,-69.62748321165023,-69.62748321165023
2529.600070953369,-69.62008663545049,-69.62008663545049
2529.6100709533694,-69.61268456019386,-69.61268456019386
2529.620070953369,-69.60527773602786,-69.60527773602786
2529.6300709533693,-69.59786691757483,-69.59786691757483
2529.640070953369,-69.59045284675112,-69.59045284675112
2529.6500709533693,-69.58303625317623,-69.58303625317623
2529.660070953369,-69.57561785454756,-69.57561785454756
2529.6700709533693,-69.56819835700867,-69.56819835700867
2529.680070953369,-69.56077845553796,-69.56077845553796
2529.6900709533693,-69.55335883425286,-69.55335883425286
2529.700070953369,-69.54594016671484,-69.54594016671484
2529.7100709533693,-69.53851706580288,-69.53851706580288
2529.720070953369,-69.53108754301894,-69.53108754301894
2529.7300709533692,-69.52365096585926,-69.52365096585926
2529.740070953369,-69.51620732639255,-69.51620732639255
2529.7500709533692,-69.50875696135981,-69.50875696135981
2529.760070953369,-69.50130040628156,-69.50130040628156
2529.770070953369,-69.49383830971841,-69.49383830971841
2529.780070953369,-69.48637138168765,-69.48637138168765
2529.790070953369,-69.4789003624949,-69.4789003624949
2529.800070953369,-69.47142600411802,-69.47142600411802
2529.810070953369,-69.46394905911855,-69.46394905911855
2529.820070953369,-69.45647027412548,-69.45647027412548
2529.830070953369,-69.44899038618811,-69.44899038618811
2529.840070953369,-69.44151012082422,-69.44151012082422
2529.850070953369,-69.43403019109489,-69.43403019109489
2529.8600709533694,-69.4265512973129,-69.4265512973129
2529.870070953369,-69.41907412710587,-69.41907412710587
2529.8800709533693,-69.41159935565733,-69.41159935565733
2529.890070953369,-69.40412764609736,-69.40412764609736
2529.9000709533693,-69.39665964988455,-69.39665964988455
2529.910070953369,-69.3891960071922,-69.3891960071922
2529.9200709533693,-69.38173734732517,-69.38173734732517
2529.930070953369,-69.37428428908335,-69.37428428908335
2529.9400709533693,-69.36683744106706,-69.36683744106706
2529.950070953369,-69.35939740200762,-69.35939740200762
2529.9600709533693,-69.35196476104277,-69.35196476104277
2529.970070953369,-69.34454009792721,-69.34454009792721
2529.9800709533692,-69.33712398329578,-69.33712398329578
2529.990070953369,-69.32971697884462,-69.32971697884462
2530.0000709533692,-69.32231963749463,-69.32231963749463
2530.010070953369,-69.31493250359561,-69.31493250359561
2530.020070953369,-69.30755611302021,-69.30755611302021
2530.030070953369,-69.30019099335496,-69.30019099335496
2530.040070953369,-69.29283766397361,-69.29283766397361
2530.050070953369,-69.28549663619276,-69.28549663619276
2530.060070953369,-69.27816841334652,-69.27816841334652
2530.070070953369,-69.27085349092192,-69.27085349092192
2530.080070953369,-69.26355235660367,-69.26355235660367
2530.090070953369,-69.25626549042082,-69.25626549042082
2530.100070953369,-69.24899336478958,-69.24899336478958
2530.1100709533694,-69.24173644461524,-69.24173644461524
2530.120070953369,-69.23449518738269,-69.23449518738269
2530.1300709533693,-69.22727004319422,-69.22727004319422
2530.140070953369,-69.22006145488773,-69.22006145488773
2530.1500709533693,-69.21286985808163,-69.21286985808163
2530.160070953369,-69.2056956812591,-69.2056956812591
2530.1700709533693,-69.19853934584569,-69.19853934584569
2530.180070953369,-69.19140126626831,-69.19140126626831
2530.1900709533693,-69.18428185001497,-69.18428185001497
2530.200070953369,-69.17718149772959,-69.17718149772959
2530.2100709533693,-69.17010060326355,-69.17010060326355
2530.220070953369,-69.16303955373452,-69.16303955373452
2530.2300709533692,-69.15599872961708,-69.15599872961708
2530.240070953369,-69.14897850480128,-69.14897850480128
2530.2500709533692,-69.14197924664015,-69.14197924664015
2530.260070953369,-69.13500131604069,-69.13500131604069
2530.270070953369,-69.12804506752235,-69.12804506752235
2530.280070953369,-69.12111084927307,-69.12111084927307
2530.290070953369,-69.11419900323672,-69.11419900323672
2530.300070953369,-69.10730986515313,-69.10730986515313
2530.310070953369,-69.10044376464211,-69.10044376464211
2530.320070953369,-69.09360102526745,-69.09360102526745
2530.330070953369,-69.0867819645888,-69.0867819645888
2530.340070953369,-69.07998689424977,-69.07998689424977
2530.350070953369,-69.07321612001599,-69.07321612001599
2530.3600709533694,-69.0664699418556,-69.0664699418556
2530.370070953369,-69.0597486540134,-69.0597486540134
2530.3800709533693,-69.05305254505524,-69.05305254505524
2530.390070953369,-69.04638189794015,-69.04638189794015
2530.4000709533693,-69.0397369900796,-69.0397369900796
2530.410070953369,-69.03311809342951,-69.03311809342951
2530.4200709533693,-69.02652547450022,-69.02652547450022
2530.430070953369,-69.01995939448197,-69.01995939448197
2530.4400709533693,-69.01342010925366,-69.01342010925366
2530.450070977211,-69.00690785397876,-69.00690785397876
2530.460070977211,-69.00042290522649,-69.00042290522649
2530.470070977211,-68.99396548782967,-68.99396548782967
2530.480070977211,-68.98753583715421,-68.98753583715421
2530.490070977211,-68.98113418357923,-68.98113418357923
2530.500070977211,-68.97476075257919,-68.97476075257919
2530.510070977211,-68.96841576476317,-68.96841576476317
2530.520070977211,-68.96209943595372,-68.96209943595372
2530.530070977211,-68.95581197723484,-68.95581197723484
2530.540070977211,-68.94955359501635,-68.94955359501635
2530.550070977211,-68.94332449110735,-68.94332449110735
2530.560070977211,-68.93712486273408,-68.93712486273408
2530.570070977211,-68.93095490264143,-68.93095490264143
2530.580070977211,-68.92481479912962,-68.92481479912962
2530.590070977211,-68.9187047361233,-68.9187047361233
2530.600070977211,-68.91262489320927,-68.91262489320927
2530.610070977211,-68.90657544571711,-68.90657544571711
2530.620070977211,-68.90055656474662,-68.90055656474662
2530.630070977211,-68.89456841726873,-68.89456841726873
2530.640070977211,-68.88861116612566,-68.88861116612566
2530.650070977211,-68.88268497012915,-68.88268497012915
2530.660070977211,-68.87678998408994,-68.87678998408994
2530.670070977211,-68.87092635888594,-68.87092635888594
2530.680070977211,-68.86509424149972,-68.86509424149972
2530.690070977211,-68.85929377509916,-68.85929377509916
2530.700070977211,-68.8535250990519,-68.8535250990519
2530.710070977211,-68.84778834900762,-68.84778834900762
2530.720070977211,-68.84208365693546,-68.84208365693546
2530.730070977211,-68.83641115117172,-68.83641115117172
2530.740070977211,-68.83077095648696,-68.83077095648696
2530.750070977211,-68.82516319412031,-68.82516319412031
2530.760070977211,-68.81958798183493,-68.81958798183493
2530.770070977211,-68.8140454339603,-68.8140454339603
2530.780070977211,-68.80853566144266,-68.80853566144266
2530.790070977211,-68.80305877190882,-68.80305877190882
2530.800070977211,-68.79761486968913,-68.79761486968913
2530.810070977211,-68.79220405588008,-68.79220405588008
2530.820070977211,-68.78682642838709,-68.78682642838709
2530.830070977211,-68.78148208194807,-68.78148208194807
2530.840070977211,-68.77617110822254,-68.77617110822254
2530.850070977211,-68.77089359579934,-68.77089359579934
2530.860070977211,-68.76564963027184,-68.76564963027184
2530.870070977211,-68.76043929423903,-68.76043929423903
2530.880070977211,-68.7552626673859,-68.7552626673859
2530.890070977211,-68.75008953369802,-68.75008953369802
2530.900070977211,-68.74491188250153,-68.74491188250153
2530.910070977211,-68.73972629868375,-68.73972629868375
2530.920070977211,-68.7345300123967,-68.7345300123967
2530.930070977211,-68.72932038919896,-68.72932038919896
2530.940070977211,-68.72409497189405,-68.72409497189405
2530.950070977211,-68.71885154949129,-68.71885154949129
2530.960070977211,-68.71358220848832,-68.71358220848832
2530.970070977211,-68.7082826812597,-68.7082826812597
2530.980070977211,-68.70295031034196,-68.70295031034196
2530.990070977211,-68.69758330227744,-68.69758330227744
2531.000070977211,-68.69218042592104,-68.69218042592104
2531.010070977211,-68.68674084410775,-68.68674084410775
2531.020070977211,-68.68126400660218,-68.68126400660218
2531.030070977211,-68.67574957923316,-68.67574957923316
2531.040070977211,-68.67019739565501,-68.67019739565501
2531.050070977211,-68.66460742371437,-68.66460742371437
2531.060070977211,-68.65897974123715,-68.65897974123715
2531.070070977211,-68.65331451814134,-68.65331451814134
2531.080070977211,-68.6476120028221,-68.6476120028221
2531.090070977211,-68.6418725114854,-68.6418725114854
2531.100070977211,-68.63609641961392,-68.63609641961392
2531.110070977211,-68.63028415494426,-68.63028415494426
2531.120070977211,-68.62443619155668,-68.62443619155668
2531.130070977211,-68.61855304487464,-68.61855304487464
2531.140070977211,-68.61263526728222,-68.61263526728222
2531.150070977211,-68.60668344430168,-68.60668344430168
2531.160070977211,-68.60069819116897,-68.60069819116897
2531.170070977211,-68.594680149792,-68.594680149792
2531.180070977211,-68.58862998596598,-68.58862998596598
2531.190070977211,-68.58254838688269,-68.58254838688269
2531.200070977211,-68.57643605882436,-68.57643605882436
2531.210070977211,-68.57029372504306,-68.57029372504306
2531.220070977211,-68.56412212383844,-68.56412212383844
2531.230070977211,-68.55792200676717,-68.55792200676717
2531.240070977211,-68.55169413697782,-68.55169413697782
2531.250070977211,-68.54543928769408,-68.54543928769408
2531.260070977211,-68.53915824078906,-68.53915824078906
2531.270070977211,-68.53285178545008,-68.53285178545008
2531.280070977211,-68.52652071699326,-68.52652071699326
2531.290070977211,-68.52016583568286,-68.52016583568286
2531.300071001053,-68.51378793053405,-68.51378793053405
2531.310071001053,-68.50738783894765,-68.50738783894765
2531.320071001053,-68.50096635499425,-68.50096635499425
2531.330071001053,-68.49452428896434,-68.49452428896434
2531.340071001053,-68.48806245154356,-68.48806245154356
2531.350071001053,-68.48158165308284,-68.48158165308284
2531.360071001053,-68.47508270290324,-68.47508270290324
2531.370071001053,-68.46856640865148,-68.46856640865148
2531.380071001053,-68.46203357574447,-68.46203357574447
2531.390071001053,-68.45548500679304,-68.45548500679304
2531.4000710010528,-68.44892150112868,-68.44892150112868
2531.410071001053,-68.44234385431332,-68.44234385431332
2531.4200710010527,-68.43575285772239,-68.43575285772239
2531.430071001053,-68.42914929814017,-68.42914929814017
2531.4400710010527,-68.42253395740386,-68.42253395740386
2531.450071001053,-68.41590761204164,-68.41590761204164
2531.4600710010527,-68.40926508081694,-68.40926508081694
2531.470071001053,-68.40260453183312,-68.40260453183312
2531.4800710010527,-68.39592547112306,-68.39592547112306
2531.490071001053,-68.38922802234678,-68.38922802234678
2531.5000710010527,-68.38251265098965,-68.38251265098965
2531.510071001053,-68.37578002044133,-68.37578002044133
2531.5200710010527,-68.36903090729952,-68.36903090729952
2531.530071001053,-68.36226615019537,-68.36226615019537
2531.5400710010526,-68.35548661889608,-68.35548661889608
2531.550071001053,-68.34869319568011,-68.34869319568011
2531.560071001053,-68.34188676416728,-68.34188676416728
2531.570071001053,-68.33506820272596,-68.33506820272596
2531.580071001053,-68.32823838068084,-68.32823838068084
2531.590071001053,-68.32139815619945,-68.32139815619945
2531.600071001053,-68.31454837526334,-68.31454837526334
2531.610071001053,-68.30768987120113,-68.30768987120113
2531.620071001053,-68.30082346466533,-68.30082346466533
2531.630071001053,-68.29394996372741,-68.29394996372741
2531.640071001053,-68.28707016416394,-68.28707016416394
2531.6500710010528,-68.28018484973263,-68.28018484973263
2531.660071001053,-68.27329479247965,-68.27329479247965
2531.6700710010527,-68.26640075306493,-68.26640075306493
2531.680071001053,-68.25950348102002,-68.25950348102002
2531.6900710010527,-68.25260371503771,-68.25260371503771
2531.700071001053,-68.24570218317875,-68.24570218317875
2531.7100710010527,-68.23879960310926,-68.23879960310926
2531.720071001053,-68.23189668228443,-68.23189668228443
2531.7300710010527,-68.22499411812566,-68.22499411812566
2531.740071001053,-68.21809259816239,-68.21809259816239
2531.7500710010527,-68.21119280018327,-68.21119280018327
2531.760071001053,-68.20429539235745,-68.20429539235745
2531.7700710010527,-68.19740103334232,-68.19740103334232
2531.780071001053,-68.19051037240679,-68.19051037240679
2531.7900710010526,-68.18362404950862,-68.18362404950862
2531.800071001053,-68.17674269540534,-68.17674269540534
2531.810071001053,-68.16986693171681,-68.16986693171681
2531.820071001053,-68.16299737103462,-68.16299737103462
2531.830071001053,-68.1561346169795,-68.1561346169795
2531.840071001053,-68.14927926428871,-68.14927926428871
2531.850071001053,-68.14243189888563,-68.14243189888563
2531.860071001053,-68.13559309794421,-68.13559309794421
2531.870071001053,-68.12876342997994,-68.12876342997994
2531.880071001053,-68.12194345491062,-68.12194345491062
2531.890071001053,-68.11513372411635,-68.11513372411635
2531.9000710010528,-68.10833478052751,-68.10833478052751
2531.910071001053,-68.1015471586723,-68.1015471586723
2531.9200710010527,-68.09477138477253,-68.09477138477253
2531.930071001053,-68.0880079767966,-68.0880079767966
2531.9400710010527,-68.0812574445289,-68.0812574445289
2531.950071001053,-68.07452028964566,-68.07452028964566
2531.9600710010527,-68.06779700579798,-68.06779700579798
2531.970071001053,-68.06108807865043,-68.06108807865043
2531.9800710010527,-68.05439398597896,-68.05439398597896
2531.990071001053,-68.04771519773976,-68.04771519773976
2532.0000710010527,-68.04105217614969,-68.04105217614969
2532.010071001053,-68.03440537572511,-68.03440537572511
2532.0200710010527,-68.02777524338845,-68.02777524338845
2532.030071001053,-68.02116221853598,-68.02116221853598
2532.0400710010526,-68.01456673309652,-68.01456673309652
2532.050071001053,-68.00798921163393,-68.00798921163393
2532.060071001053,-68.00143007137967,-68.00143007137967
2532.070071001053,-67.99488972235197,-67.99488972235197
2532.080071001053,-67.98836856739844,-67.98836856739844
2532.090071001053,-67.98186700229108,-67.98186700229108
2532.100071001053,-67.9753854157883,-67.9753854157883
2532.110071001053,-67.96892418971795,-67.96892418971795
2532.120071001053,-67.96248369904387,-67.96248369904387
2532.130071001053,-67.95606431196597,-67.95606431196597
2532.140071001053,-67.94966638994765,-67.94966638994765
2532.1500710248947,-67.94329027267187,-67.94329027267187
2532.160071024895,-67.93693633883886,-67.93693633883886
2532.1700710248947,-67.93060491502108,-67.93060491502108
2532.180071024895,-67.92429633662204,-67.92429633662204
2532.1900710248947,-67.9180109327142,-67.9180109327142
2532.200071024895,-67.91174902610793,-67.91174902610793
2532.2100710248947,-67.9055109334375,-67.9055109334375
2532.220071024895,-67.89929696522627,-67.89929696522627
2532.2300710248946,-67.89310742595526,-67.89310742595526
2532.240071024895,-67.88694261414751,-67.88694261414751
2532.2500710248946,-67.88080282244373,-67.88080282244373
2532.260071024895,-67.8746883376533,-67.8746883376533
2532.2700710248946,-67.86859944085592,-67.86859944085592
2532.280071024895,-67.8625364074537,-67.8625364074537
2532.2900710248946,-67.85649950725512,-67.85649950725512
2532.300071024895,-67.85048900451865,-67.85048900451865
2532.3100710248946,-67.84450515806893,-67.84450515806893
2532.320071024895,-67.83854822132412,-67.83854822132412
2532.3300710248946,-67.83261844238338,-67.83261844238338
2532.3400710248948,-67.8267160641109,-67.8267160641109
2532.3500710248945,-67.82084132417826,-67.82084132417826
2532.3600710248948,-67.81499445513623,-67.81499445513623
2532.3700710248945,-67.80917568450654,-67.80917568450654
2532.3800710248947,-67.80338523481915,-67.80338523481915
2532.3900710248945,-67.79762332370025,-67.79762332370025
2532.4000710248947,-67.79189016391831,-67.79189016391831
2532.410071024895,-67.78618596347283,-67.78618596347283
2532.4200710248947,-67.78051092563175,-67.78051092563175
2532.430071024895,-67.77486524902238,-67.77486524902238
2532.4400710248947,-67.76924912767718,-67.76924912767718
2532.450071024895,-67.76366275111221,-67.76366275111221
2532.4600710248947,-67.7581063043649,-67.7581063043649
2532.470071024895,-67.75257996807518,-67.75257996807518
2532.4800710248946,-67.74708391854712,-67.74708391854712
2532.490071024895,-67.74161832779109,-67.74161832779109
2532.5000710248946,-67.73618336361935,-67.73618336361935
2532.510071024895,-67.73077918965636,-67.73077918965636
2532.5200710248946,-67.72540596543502,-67.72540596543502
2532.530071024895,-67.7200638464482,-67.7200638464482
2532.5400710248946,-67.71475298419686,-67.71475298419686
2532.550071024895,-67.70947352623585,-67.70947352623585
2532.5600710248946,-67.70422561626197,-67.70422561626197
2532.570071024895,-67.69900939415447,-67.69900939415447
2532.5800710248946,-67.69382499601198,-67.69382499601198
2532.5900710248948,-67.68867255423497,-67.68867255423497
2532.6000710248945,-67.68355219756046,-67.68355219756046
2532.6100710248948,-67.67846405112154,-67.67846405112154
2532.6200710248945,-67.67340823650446,-67.67340823650446
2532.6300710248947,-67.668384871784,-67.668384871784
2532.6400710248945,-67.66339407159,-67.66339407159
2532.6500710248947,-67.65843594716473,-67.65843594716473
2532.660071024895,-67.65351060638568,-67.65351060638568
2532.6700710248947,-67.64861815383284,-67.64861815383284
2532.680071024895,-67.6437586908416,-67.6437586908416
2532.6900710248947,-67.63893231554574,-67.63893231554574
2532.700071024895,-67.63413912290612,-67.63413912290612
2532.7100710248947,-67.62937920480228,-67.62937920480228
2532.720071024895,-67.62465265003024,-67.62465265003024
2532.7300710248946,-67.6199595443759,-67.6199595443759
2532.740071024895,-67.6152999706441,-67.6152999706441
2532.7500710248946,-67.61067400873281,-67.61067400873281
2532.760071024895,-67.60608173563631,-67.60608173563631
2532.7700710248946,-67.60152322552311,-67.60152322552311
2532.780071024895,-67.59699854975091,-67.59699854975091
2532.7900710248946,-67.59250777693818,-67.59250777693818
2532.800071024895,-67.58805097297653,-67.58805097297653
2532.8100710248946,-67.58362820109521,-67.58362820109521
2532.820071024895,-67.57923952188557,-67.57923952188557
2532.8300710248946,-67.57488499335204,-67.57488499335204
2532.8400710248948,-67.57056467094326,-67.57056467094326
2532.8500710248945,-67.56627860759997,-67.56627860759997
2532.8600710248948,-67.56202685378587,-67.56202685378587
2532.8700710248945,-67.55780945752825,-67.55780945752825
2532.8800710248947,-67.55362646445428,-67.55362646445428
2532.8900710248945,-67.54947791783685,-67.54947791783685
2532.9000710248947,-67.54536385862018,-67.54536385862018
2532.910071024895,-67.54128432544974,-67.54128432544974
2532.9200710248947,-67.5372393547388,-67.5372393547388
2532.930071024895,-67.53322898065667,-67.53322898065667
2532.9400710248947,-67.52925323520611,-67.52925323520611
2532.950071024895,-67.52531214822665,-67.52531214822665
2532.9600710248947,-67.5213998698622,-67.5213998698622
2532.970071024895,-67.51751386017965,-67.51751386017965
2532.9800710248946,-67.5136529037362,-67.5136529037362
2532.990071024895,-67.50981639882727,-67.50981639882727
2533.0000710487366,-67.50600407641853,-67.50600407641853
2533.010071048737,-67.5022158946885,-67.5022158946885
2533.0200710487366,-67.49845190099923,-67.49845190099923
2533.0300710487368,-67.494712218119,-67.494712218119
2533.0400710487365,-67.49099700476906,-67.49099700476906
2533.0500710487368,-67.48730643741757,-67.48730643741757
2533.0600710487365,-67.48364069943138,-67.48364069943138
2533.0700710487367,-67.4799999747098,-67.4799999747098
2533.0800710487365,-67.47638444408214,-67.47638444408214
2533.0900710487367,-67.47279428334919,-67.47279428334919
2533.1000710487365,-67.4692296623749,-67.4692296623749
2533.1100710487367,-67.46569074473118,-67.46569074473118
2533.1200710487365,-67.46217768774903,-67.46217768774903
2533.1300710487367,-67.45869064270353,-67.45869064270353
2533.1400710487364,-67.45522975515854,-67.45522975515854
2533.1500710487367,-67.45179516528975,-67.45179516528975
2533.1600710487364,-67.44838700827178,-67.44838700827178
2533.1700710487366,-67.44500541457789,-67.44500541457789
2533.1800710487364,-67.44165051033409,-67.44165051033409
2533.1900710487366,-67.43832241758979,-67.43832241758979
2533.2000710487364,-67.43502125457564,-67.43502125457564
2533.2100710487366,-67.43174713593626,-67.43174713593626
2533.2200710487364,-67.42850017292024,-67.42850017292024
2533.2300710487366,-67.42528047356728,-67.42528047356728
2533.2400710487364,-67.42208814283929,-67.42208814283929
2533.2500710487366,-67.41892328277935,-67.41892328277935
2533.260071048737,-67.41578599260858,-67.41578599260858
2533.2700710487366,-67.41267636885115,-67.41267636885115
2533.2800710487368,-67.40959450538833,-67.40959450538833
2533.2900710487365,-67.40654049355912,-67.40654049355912
2533.3000710487368,-67.40351442222855,-67.40351442222855
2533.3100710487365,-67.40051637782952,-67.40051637782952
2533.3200710487367,-67.3975464444384,-67.3975464444384
2533.3300710487365,-67.39460470381069,-67.39460470381069
2533.3400710487367,-67.39169123541267,-67.39169123541267
2533.3500710487365,-67.388806116479,-67.388806116479
2533.3600710487367,-67.38594942202724,-67.38594942202724
2533.3700710487365,-67.38312122490865,-67.38312122490865
2533.3800710487367,-67.38032159581746,-67.38032159581746
2533.3900710487364,-67.37755060331928,-67.37755060331928
2533.4000710487367,-67.37480831390107,-67.37480831390107
2533.4100710487364,-67.37209479194661,-67.37209479194661
2533.4200710487366,-67.3694100998094,-67.3694100998094
2533.4300710487364,-67.36675429779463,-67.36675429779463
2533.4400710487366,-67.36412744419705,-67.36412744419705
2533.4500710487364,-67.3615295953232,-67.3615295953232
2533.4600710487366,-67.35896080548565,-67.35896080548565
2533.4700710487364,-67.35642112705376,-67.35642112705376
2533.4800710487366,-67.35391061044702,-67.35391061044702
2533.4900710487364,-67.35142930416727,-67.35142930416727
2533.5000710487366,-67.34897725480232,-67.34897725480232
2533.510071048737,-67.34655450705078,-67.34655450705078
2533.5200710487366,-67.3441611037432,-67.3441611037432
2533.5300710487368,-67.34179708585376,-67.34179708585376
2533.5400710487365,-67.33946249251275,-67.33946249251275
2533.5500710487368,-67.33715736102982,-67.33715736102982
2533.5600710487365,-67.33488172690714,-67.33488172690714
2533.5700710487367,-67.33263562386385,-67.33263562386385
2533.5800710487365,-67.33041908384446,-67.33041908384446
2533.5900710487367,-67.32823213703931,-67.32823213703931
2533.6000710487365,-67.32607481190672,-67.32607481190672
2533.6100710487367,-67.32394713517472,-67.32394713517472
2533.6200710487365,-67.32184913188183,-67.32184913188183
2533.6300710487367,-67.31978082536388,-67.31978082536388
2533.6400710487364,-67.31774223730973,-67.31774223730973
2533.6500710487367,-67.31573338774497,-67.31573338774497
2533.6600710487364,-67.31375429506687,-67.31375429506687
2533.6700710487366,-67.31180497605791,-67.31180497605791
2533.6800710487364,-67.30988544590184,-67.30988544590184
2533.6900710487366,-67.30799571820401,-67.30799571820401
2533.7000710487364,-67.30613580501172,-67.30613580501172
2533.7100710487366,-67.30430571682056,-67.30430571682056
2533.7200710487364,-67.30250546260795,-67.30250546260795
2533.7300710487366,-67.30073504984635,-67.30073504984635
2533.7400710487364,-67.29899448450342,-67.29899448450342
2533.7500710487366,-67.29728377108795,-67.29728377108795
2533.760071048737,-67.2956029126534,-67.2956029126534
2533.7700710487366,-67.29395191081667,-67.29395191081667
2533.7800710487368,-67.29233076577681,-67.29233076577681
2533.7900710487365,-67.29073947632563,-67.29073947632563
2533.8000710487368,-67.28917803987837,-67.28917803987837
2533.8100710487365,-67.28764645249178,-67.28764645249178
2533.8200710487367,-67.2861447088601,-67.2861447088601
2533.8300710487365,-67.28467280236308,-67.28467280236308
2533.8400710487367,-67.2832307250651,-67.2832307250651
2533.8500710725784,-67.28181846437533,-67.28181846437533
2533.8600710725786,-67.28043601658351,-67.28043601658351
2533.8700710725784,-67.2790833664726,-67.2790833664726
2533.8800710725786,-67.27776050103954,-67.27776050103954
2533.8900710725784,-67.27646740605323,-67.27646740605323
2533.9000710725786,-67.2752040660819,-67.2752040660819
2533.9100710725784,-67.27397046449262,-67.27397046449262
2533.9200710725786,-67.2727665834766,-67.2727665834766
2533.9300710725784,-67.27159240408763,-67.27159240408763
2533.9400710725786,-67.270447906222,-67.270447906222
2533.9500710725783,-67.2693330686614,-67.2693330686614
2533.9600710725786,-67.2682478690791,-67.2682478690791
2533.9700710725783,-67.26719228406716,-67.26719228406716
2533.9800710725785,-67.26616628913092,-67.26616628913092
2533.9900710725783,-67.26516985873364,-67.26516985873364
2534.0000710725785,-67.26420296628244,-67.26420296628244
2534.0100710725783,-67.2632655841728,-67.2632655841728
2534.0200710725785,-67.26235768377924,-67.26235768377924
2534.0300710725783,-67.26147923549274,-67.26147923549274
2534.0400710725785,-67.26063020872925,-67.26063020872925
2534.0500710725782,-67.25981057193145,-67.25981057193145
2534.0600710725785,-67.25902029260162,-67.25902029260162
2534.0700710725782,-67.25825933731689,-67.25825933731689
2534.0800710725784,-67.25752767172253,-67.25752767172253
2534.090071072578,-67.25682526057533,-67.25682526057533
2534.1000710725784,-67.25615206773097,-67.25615206773097
2534.1100710725786,-67.25550805619183,-67.25550805619183
2534.1200710725784,-67.25489318808731,-67.25489318808731
2534.1300710725786,-67.25430742471103,-67.25430742471103
2534.1400710725784,-67.25375072652358,-67.25375072652358
2534.1500710725786,-67.25322305316206,-67.25322305316206
2534.1600710725784,-67.25272436347916,-67.25272436347916
2534.1700710725786,-67.25225461552868,-67.25225461552868
2534.1800710725784,-67.2518137665948,-67.2518137665948
2534.1900710725786,-67.25140177319696,-67.25140177319696
2534.2000710725783,-67.25101859110401,-67.25101859110401
2534.2100710725786,-67.25066417536354,-67.25066417536354
2534.2200710725783,-67.25033848028944,-67.25033848028944
2534.2300710725785,-67.25004145948444,-67.25004145948444
2534.2400710725783,-67.24977306587104,-67.24977306587104
2534.2500710725785,-67.24953325167242,-67.24953325167242
2534.2600710725783,-67.24932196844594,-67.24932196844594
2534.2700710725785,-67.24913916708915,-67.24913916708915
2534.2800710725783,-67.24898479785625,-67.24898479785625
2534.2900710725785,-67.24885881036761,-67.24885881036761
2534.3000710725782,-67.24876115362092,-67.24876115362092
2534.3100710725785,-67.24869177598983,-67.24869177598983
2534.3200710725782,-67.24865062526248,-67.24865062526248
2534.3300710725784,-67.24863764863474,-67.24863764863474
2534.340071072578,-67.24865279272316,-67.24865279272316
2534.3500710725784,-67.24869600358112,-67.24869600358112
2534.3600710725786,-67.24876722670918,-67.24876722670918
2534.3700710725784,-67.24886640705472,-67.24886640705472
2534.3800710725786,-67.24899348903517,-67.24899348903517
2534.3900710725784,-67.24914841655375,-67.24914841655375
2534.4000710725786,-67.24933113298488,-67.24933113298488
2534.4100710725784,-67.2495415812219,-67.2495415812219
2534.4200710725786,-67.24977970364202,-67.24977970364202
2534.4300710725784,-67.25004544215516,-67.25004544215516
2534.4400710725786,-67.25033873819413,-67.25033873819413
2534.4500710725783,-67.25065953273864,-67.25065953273864
2534.4600710725786,-67.25100190855622,-67.25100190855622
2534.4700710725783,-67.25136324528151,-67.25136324528151
2534.4800710725785,-67.25174224216221,-67.25174224216221
2534.4900710725783,-67.2521382103492,-67.2521382103492
2534.5000710725785,-67.2525508022131,-67.2525508022131
2534.5100710725783,-67.25297987042173,-67.25297987042173
2534.5200710725785,-67.2534253850618,-67.2534253850618
2534.5300710725783,-67.2538873837765,-67.2538873837765
2534.5400710725785,-67.25436594168255,-67.25436594168255
2534.5500710725782,-67.2548611533169,-67.2548611533169
2534.5600710725785,-67.25537312186974,-67.25537312186974
2534.5700710725782,-67.25590195287668,-67.25590195287668
2534.5800710725784,-67.2564477506015,-67.2564477506015
2534.590071072578,-67.25701061607097,-67.25701061607097
2534.6000710725784,-67.2575906461471,-67.2575906461471
2534.6100710725786,-67.25818793315634,-67.25818793315634
2534.6200710725784,-67.25880256486955,-67.25880256486955
2534.6300710725786,-67.2594346246882,-67.2594346246882
2534.6400710725784,-67.26008419193015,-67.26008419193015
2534.6500710725786,-67.260751342126,-67.260751342126
2534.6600710725784,-67.26143614734303,-67.26143614734303
2534.6700710725786,-67.26213867649867,-67.26213867649867
2534.6800710725784,-67.26285899563717,-67.26285899563717
2534.6900710725786,-67.26359716817801,-67.26359716817801
2534.7000710964203,-67.26435325696013,-67.26435325696013
2534.7100710964205,-67.26512731725084,-67.26512731725084
2534.7200710964203,-67.26591940760231,-67.26591940760231
2534.7300710964205,-67.26672958294044,-67.26672958294044
2534.7400710964203,-67.26755789643391,-67.26755789643391
2534.7500710964205,-67.26840439960246,-67.26840439960246
2534.7600710964202,-67.26926914241898,-67.26926914241898
2534.7700710964205,-67.27015217335298,-67.27015217335298
2534.78007109642,-67.27105353948082,-67.27105353948082
2534.7900710964204,-67.27197328651594,-67.27197328651594
2534.80007109642,-67.27291145884995,-67.27291145884995
2534.8100710964204,-67.27386809960794,-67.27386809960794
2534.82007109642,-67.2748432506706,-67.2748432506706
2534.8300710964204,-67.27583695270005,-67.27583695270005
2534.84007109642,-67.27684924516262,-67.27684924516262
2534.8500710964204,-67.27788016635292,-67.27788016635292
2534.86007109642,-67.27892975341436,-67.27892975341436
2534.8700710964204,-67.27999804233554,-67.27999804233554
2534.88007109642,-67.28108506796907,-67.28108506796907
2534.8900710964203,-67.2821908640399,-67.2821908640399
2534.90007109642,-67.28331546315995,-67.28331546315995
2534.9100710964203,-67.28445889682469,-67.28445889682469
2534.92007109642,-67.2856211954227,-67.2856211954227
2534.9300710964203,-67.28680238824073,-67.28680238824073
2534.94007109642,-67.28800250347736,-67.28800250347736
2534.9500710964203,-67.2892215682193,-67.2892215682193
2534.9600710964205,-67.29045960847716,-67.29045960847716
2534.9700710964203,-67.29171664916743,-67.29171664916743
2534.9800710964205,-67.29299271412938,-67.29299271412938
2534.9900710964203,-67.29428782611392,-67.29428782611392
2535.0000710964205,-67.29560200680089,-67.29560200680089
2535.0100710964202,-67.2969352768054,-67.2969352768054
2535.0200710964205,-67.29828765565374,-67.29828765565374
2535.03007109642,-67.29965916182657,-67.29965916182657
2535.0400710964204,-67.30104981273152,-67.30104981273152
2535.05007109642,-67.30245962472746,-67.30245962472746
2535.0600710964204,-67.3038886131152,-67.3038886131152
2535.07007109642,-67.3053367921556,-67.3053367921556
2535.0800710964204,-67.30680417506063,-67.30680417506063
2535.09007109642,-67.30829077400605,-67.30829077400605
2535.1000710964204,-67.30979660014336,-67.30979660014336
2535.11007109642,-67.31132166359798,-67.31132166359798
2535.1200710964204,-67.3128659734606,-67.3128659734606
2535.13007109642,-67.31442953783576,-67.31442953783576
2535.1400710964203,-67.31601236380435,-67.31601236380435
2535.15007109642,-67.31761445745654,-67.31761445745654
2535.1600710964203,-67.31923582388403,-67.31923582388403
2535.17007109642,-67.32087646720122,-67.32087646720122
2535.1800710964203,-67.32253639054282,-67.32253639054282
2535.19007109642,-67.32421559608179,-67.32421559608179
2535.2000710964203,-67.32591408501956,-67.32591408501956
2535.2100710964205,-67.32763185760828,-67.32763185760828
2535.2200710964203,-67.32936891316395,-67.32936891316395
2535.2300710964205,-67.33112525006082,-67.33112525006082
2535.2400710964203,-67.33290086574922,-67.33290086574922
2535.2500710964205,-67.33469575675326,-67.33469575675326
2535.2600710964202,-67.3365099186996,-67.3365099186996
2535.2700710964205,-67.33834334630878,-67.33834334630878
2535.28007109642,-67.34019603341429,-67.34019603341429
2535.2900710964204,-67.34206797297477,-67.34206797297477
2535.30007109642,-67.3439591570618,-67.3439591570618
2535.3100710964204,-67.34586957690343,-67.34586957690343
2535.32007109642,-67.34779922286106,-67.34779922286106
2535.3300710964204,-67.34974808445554,-67.34974808445554
2535.34007109642,-67.3517161503843,-67.3517161503843
2535.3500710964204,-67.35370340852225,-67.35370340852225
2535.36007109642,-67.35570984591834,-67.35570984591834
2535.3700710964204,-67.35773544882984,-67.35773544882984
2535.38007109642,-67.35978020272158,-67.35978020272158
2535.3900710964203,-67.36184409227853,-67.36184409227853
2535.40007109642,-67.36392710140262,-67.36392710140262
2535.4100710964203,-67.36602921323984,-67.36602921323984
2535.42007109642,-67.36815041017458,-67.36815041017458
2535.4300710964203,-67.37029067387583,-67.37029067387583
2535.44007109642,-67.37244998524703,-67.37244998524703
2535.4500710964203,-67.37462832448908,-67.37462832448908
2535.4600710964205,-67.37682567109393,-67.37682567109393
2535.4700710964203,-67.37904200384155,-67.37904200384155
2535.4800710964205,-67.38127730082165,-67.38127730082165
2535.4900710964203,-67.38353153944992,-67.38353153944992
2535.5000710964205,-67.38580469646104,-67.38580469646104
2535.5100710964202,-67.38809674793124,-67.38809674793124
2535.5200710964205,-67.39040766929064,-67.39040766929064
2535.53007109642,-67.39273743532226,-67.39273743532226
2535.5400710964204,-67.39508602017835,-67.39508602017835
2535.550071120262,-67.39745340303067,-67.39745340303067
2535.5600711202624,-67.39983954556799,-67.39983954556799
2535.570071120262,-67.4022444256732,-67.4022444256732
2535.5800711202623,-67.40466801507942,-67.40466801507942
2535.590071120262,-67.40711028492396,-67.40711028492396
2535.6000711202623,-67.40957120577293,-67.40957120577293
2535.610071120262,-67.4120507476275,-67.4120507476275
2535.6200711202623,-67.41454887992542,-67.41454887992542
2535.630071120262,-67.41706557156972,-67.41706557156972
2535.6400711202623,-67.41960079091244,-67.41960079091244
2535.650071120262,-67.4221545057916,-67.4221545057916
2535.6600711202623,-67.42472668352377,-67.42472668352377
2535.670071120262,-67.42731729091714,-67.42731729091714
2535.6800711202623,-67.42992629426595,-67.42992629426595
2535.690071120262,-67.43255365938873,-67.43255365938873
2535.7000711202622,-67.43519935161751,-67.43519935161751
2535.710071120262,-67.43786333580556,-67.43786333580556
2535.720071120262,-67.44054557633785,-67.44054557633785
2535.730071120262,-67.44324603714576,-67.44324603714576
2535.740071120262,-67.44596468172048,-67.44596468172048
2535.750071120262,-67.44870147309948,-67.44870147309948
2535.760071120262,-67.45145637389712,-67.45145637389712
2535.770071120262,-67.45422934630012,-67.45422934630012
2535.780071120262,-67.45702035207586,-67.45702035207586
2535.790071120262,-67.45982935259796,-67.45982935259796
2535.800071120262,-67.46265630882246,-67.46265630882246
2535.8100711202624,-67.46550118131928,-67.46550118131928
2535.820071120262,-67.4683639302805,-67.4683639302805
2535.8300711202623,-67.47124451551284,-67.47124451551284
2535.840071120262,-67.47414289646355,-67.47414289646355
2535.8500711202623,-67.47705903220746,-67.47705903220746
2535.860071120262,-67.47999288148179,-67.47999288148179
2535.8700711202623,-67.48294440264594,-67.48294440264594
2535.880071120262,-67.48591355375989,-67.48591355375989
2535.8900711202623,-67.48890029251439,-67.48890029251439
2535.900071120262,-67.49190457630145,-67.49190457630145
2535.9100711202623,-67.49492636218196,-67.49492636218196
2535.920071120262,-67.49796560690686,-67.49796560690686
2535.9300711202623,-67.5010222669248,-67.5010222669248
2535.940071120262,-67.50409629838369,-67.50409629838369
2535.9500711202622,-67.50718765714126,-67.50718765714126
2535.960071120262,-67.51029629876842,-67.51029629876842
2535.970071120262,-67.51342217856411,-67.51342217856411
2535.980071120262,-67.51656525155003,-67.51656525155003
2535.990071120262,-67.5197254724794,-67.5197254724794
2536.000071120262,-67.5229027958517,-67.5229027958517
2536.010071120262,-67.52609717591014,-67.52609717591014
2536.020071120262,-67.52930856665856,-67.52930856665856
2536.030071120262,-67.53253692184245,-67.53253692184245
2536.040071120262,-67.53578219498525,-67.53578219498525
2536.050071120262,-67.53904433937862,-67.53904433937862
2536.0600711202624,-67.54232330808172,-67.54232330808172
2536.070071120262,-67.54561905395643,-67.54561905395643
2536.0800711202623,-67.54893152962936,-67.54893152962936
2536.090071120262,-67.55226068753345,-67.55226068753345
2536.1000711202623,-67.5556064798933,-67.5556064798933
2536.110071120262,-67.55896885873184,-67.55896885873184
2536.1200711202623,-67.56234777589462,-67.56234777589462
2536.130071120262,-67.56574318303505,-67.56574318303505
2536.1400711202623,-67.5691550316238,-67.5691550316238
2536.150071120262,-67.57258327296361,-67.57258327296361
2536.1600711202623,-67.57602785817109,-67.57602785817109
2536.170071120262,-67.57948873821448,-67.57948873821448
2536.1800711202623,-67.58296586389012,-67.58296586389012
2536.190071120262,-67.5864591858362,-67.5864591858362
2536.2000711202622,-67.5899686545458,-67.5899686545458
2536.210071120262,-67.59349422036689,-67.59349422036689
2536.220071120262,-67.59703583349534,-67.59703583349534
2536.230071120262,-67.60059344400212,-67.60059344400212
2536.240071120262,-67.60416700181469,-67.60416700181469
2536.250071120262,-67.60775645673448,-67.60775645673448
2536.260071120262,-67.61136175844182,-67.61136175844182
2536.270071120262,-67.61498285649073,-67.61498285649073
2536.280071120262,-67.6186197003186,-67.6186197003186
2536.290071120262,-67.62227223925896,-67.62227223925896
2536.300071120262,-67.62594042252695,-67.62594042252695
2536.3100711202624,-67.62962419923988,-67.62962419923988
2536.320071120262,-67.63332351841282,-67.63332351841282
2536.3300711202623,-67.63703832896245,-67.63703832896245
2536.340071120262,-67.64076857972267,-67.64076857972267
2536.3500711202623,-67.64451421942019,-67.64451421942019
2536.360071120262,-67.64827519671869,-67.64827519671869
2536.3700711202623,-67.65205146018047,-67.65205146018047
2536.380071120262,-67.65584295829717,-67.65584295829717
2536.3900711202623,-67.65964963949098,-67.65964963949098
2536.400071144104,-67.66347146122517,-67.66347146122517
2536.410071144104,-67.66730835361247,-67.66730835361247
2536.420071144104,-67.67116027391121,-67.67116027391121
2536.430071144104,-67.67502717028381,-67.67502717028381
2536.440071144104,-67.67890899083362,-67.67890899083362
2536.450071144104,-67.6828056836028,-67.6828056836028
2536.460071144104,-67.68671719658313,-67.68671719658313
2536.470071144104,-67.69064347772039,-67.69064347772039
2536.480071144104,-67.69458447491871,-67.69458447491871
2536.490071144104,-67.69854013603087,-67.69854013603087
2536.500071144104,-67.70251040887428,-67.70251040887428
2536.510071144104,-67.7064952412386,-67.7064952412386
2536.520071144104,-67.71049458087316,-67.71049458087316
2536.530071144104,-67.71450837549376,-67.71450837549376
2536.540071144104,-67.71853657279372,-67.71853657279372
2536.550071144104,-67.72257912043892,-67.72257912043892
2536.560071144104,-67.72663596608099,-67.72663596608099
2536.570071144104,-67.73070705733481,-67.73070705733481
2536.580071144104,-67.73479234181349,-67.73479234181349
2536.590071144104,-67.73889176711427,-67.73889176711427
2536.600071144104,-67.74300528081929,-67.74300528081929
2536.610071144104,-67.74713283050126,-67.74713283050126
2536.620071144104,-67.75127436372708,-67.75127436372708
2536.630071144104,-67.75542982805727,-67.75542982805727
2536.640071144104,-67.759599171057,-67.759599171057
2536.650071144104,-67.76378234028198,-67.76378234028198
2536.660071144104,-67.76797928329829,-67.76797928329829
2536.670071144104,-67.77218994767279,-67.77218994767279
2536.680071144104,-67.77641428098133,-67.77641428098133
2536.690071144104,-67.78065223081191,-67.78065223081191
2536.700071144104,-67.78490374475393,-67.78490374475393
2536.710071144104,-67.789168770418,-67.789168770418
2536.720071144104,-67.79344725542778,-67.79344725542778
2536.730071144104,-67.79773914743355,-67.79773914743355
2536.740071144104,-67.8020443940931,-67.8020443940931
2536.750071144104,-67.80636294308448,-67.80636294308448
2536.760071144104,-67.81069474212056,-67.81069474212056
2536.770071144104,-67.81503973893255,-67.81503973893255
2536.780071144104,-67.81939788128169,-67.81939788128169
2536.790071144104,-67.82376911695579,-67.82376911695579
2536.800071144104,-67.82815339377126,-67.82815339377126
2536.810071144104,-67.83255065958764,-67.83255065958764
2536.820071144104,-67.83696086228709,-67.83696086228709
2536.830071144104,-67.84138394979036,-67.84138394979036
2536.840071144104,-67.84581987006821,-67.84581987006821
2536.850071144104,-67.85026857111313,-67.85026857111313
2536.860071144104,-67.85473000096707,-67.85473000096707
2536.870071144104,-67.85920410772114,-67.85920410772114
2536.880071144104,-67.86369083949384,-67.86369083949384
2536.890071144104,-67.86819014446729,-67.86819014446729
2536.900071144104,-67.87270197085994,-67.87270197085994
2536.910071144104,-67.8772262669472,-67.8772262669472
2536.920071144104,-67.88176298104963,-67.88176298104963
2536.930071144104,-67.88631206153583,-67.88631206153583
2536.940071144104,-67.89087345683598,-67.89087345683598
2536.950071144104,-67.89544711543294,-67.89544711543294
2536.960071144104,-67.90003298586105,-67.90003298586105
2536.970071144104,-67.90463101670764,-67.90463101670764
2536.980071144104,-67.9092411566382,-67.9092411566382
2536.990071144104,-67.91386335435972,-67.91386335435972
2537.000071144104,-67.91849755864257,-67.91849755864257
2537.010071144104,-67.9231437183289,-67.9231437183289
2537.020071144104,-67.92780178232137,-67.92780178232137
2537.030071144104,-67.93247169957952,-67.93247169957952
2537.040071144104,-67.93715341913078,-67.93715341913078
2537.050071144104,-67.94184689008357,-67.94184689008357
2537.060071144104,-67.94655206159318,-67.94655206159318
2537.070071144104,-67.95126888290714,-67.95126888290714
2537.080071144104,-67.95599730332813,-67.95599730332813
2537.090071144104,-67.96073727223306,-67.96073727223306
2537.100071144104,-67.96548873906691,-67.96548873906691
2537.110071144104,-67.97025165336485,-67.97025165336485
2537.120071144104,-67.97502596471665,-67.97502596471665
2537.130071144104,-67.97981162280409,-67.97981162280409
2537.140071144104,-67.98460857738566,-67.98460857738566
2537.150071144104,-67.98941677827527,-67.98941677827527
2537.160071144104,-67.99423617539158,-67.99423617539158
2537.170071144104,-67.99906671872223,-67.99906671872223
2537.180071144104,-68.00390835833292,-68.00390835833292
2537.190071144104,-68.00876104437084,-68.00876104437084
2537.200071144104,-68.01362472706906,-68.01362472706906
2537.210071144104,-68.01849935675045,-68.01849935675045
2537.220071144104,-68.02338488380475,-68.02338488380475
2537.230071144104,-68.02828125871966,-68.02828125871966
2537.240071144104,-68.03318843205946,-68.03318843205946
2537.250071167946,-68.03810636620558,-68.03810636620558
2537.260071167946,-68.04303498850075,-68.04303498850075
2537.270071167946,-68.04797426144293,-68.04797426144293
2537.280071167946,-68.05292413595367,-68.05292413595367
2537.290071167946,-68.05788456304948,-68.05788456304948
2537.300071167946,-68.06285549382436,-68.06285549382436
2537.310071167946,-68.06783687946648,-68.06783687946648
2537.320071167946,-68.07282867126152,-68.07282867126152
2537.330071167946,-68.07783082058288,-68.07783082058288
2537.340071167946,-68.08284327888674,-68.08284327888674
2537.3500711679458,-68.08786599773791,-68.08786599773791
2537.360071167946,-68.09289892878272,-68.09289892878272
2537.3700711679458,-68.09794202378009,-68.09794202378009
2537.380071167946,-68.10299523456106,-68.10299523456106
2537.3900711679457,-68.10805851306598,-68.10805851306598
2537.400071167946,-68.11313181133272,-68.11313181133272
2537.4100711679457,-68.1182150814907,-68.1182150814907
2537.420071167946,-68.1233082757662,-68.1233082757662
2537.4300711679457,-68.1284113464908,-68.1284113464908
2537.440071167946,-68.1335242460871,-68.1335242460871
2537.4500711679457,-68.13864692707885,-68.13864692707885
2537.460071167946,-68.1437793420869,-68.1437793420869
2537.4700711679457,-68.14892144383391,-68.14892144383391
2537.480071167946,-68.15407318515012,-68.15407318515012
2537.4900711679456,-68.15923451895836,-68.15923451895836
2537.500071167946,-68.16440539827965,-68.16440539827965
2537.510071167946,-68.16958577624766,-68.16958577624766
2537.520071167946,-68.17477560609656,-68.17477560609656
2537.530071167946,-68.17997484115547,-68.17997484115547
2537.540071167946,-68.18518343485924,-68.18518343485924
2537.550071167946,-68.19040134074396,-68.19040134074396
2537.560071167946,-68.19562851246154,-68.19562851246154
2537.570071167946,-68.20086490375735,-68.20086490375735
2537.580071167946,-68.20611046847762,-68.20611046847762
2537.590071167946,-68.21136516059002,-68.21136516059002
2537.6000711679458,-68.21662893414818,-68.21662893414818
2537.610071167946,-68.22190174332219,-68.22190174332219
2537.6200711679458,-68.22718354239449,-68.22718354239449
2537.630071167946,-68.2324742857423,-68.2324742857423
2537.6400711679457,-68.23777392784764,-68.23777392784764
2537.650071167946,-68.24308242331439,-68.24308242331439
2537.6600711679457,-68.24839972683677,-68.24839972683677
2537.670071167946,-68.25372579322647,-68.25372579322647
2537.6800711679457,-68.25906057739898,-68.25906057739898
2537.690071167946,-68.26440403438058,-68.26440403438058
2537.7000711679457,-68.2697561193098,-68.2697561193098
2537.710071167946,-68.27511083319418,-68.27511083319418
2537.7200711679457,-68.28046552167865,-68.28046552167865
2537.730071167946,-68.28581886874257,-68.28581886874257
2537.7400711679456,-68.29117017862913,-68.29117017862913
2537.750071167946,-68.29651910154055,-68.29651910154055
2537.760071167946,-68.30186549101062,-68.30186549101062
2537.770071167946,-68.30720932023566,-68.30720932023566
2537.780071167946,-68.31255063177338,-68.31255063177338
2537.790071167946,-68.31788950723772,-68.31788950723772
2537.800071167946,-68.32322604912595,-68.32322604912595
2537.810071167946,-68.32856036997444,-68.32856036997444
2537.820071167946,-68.33389258596372,-68.33389258596372
2537.830071167946,-68.3392228132882,-68.3392228132882
2537.840071167946,-68.34455116612055,-68.34455116612055
2537.8500711679458,-68.34987775563421,-68.34987775563421
2537.860071167946,-68.35520268957612,-68.35520268957612
2537.8700711679458,-68.36052607223198,-68.36052607223198
2537.880071167946,-68.36584800452943,-68.36584800452943
2537.8900711679457,-68.37116858428527,-68.37116858428527
2537.900071167946,-68.37648790649696,-68.37648790649696
2537.9100711679457,-68.38180606356852,-68.38180606356852
2537.920071167946,-68.38712314563986,-68.38712314563986
2537.9300711679457,-68.39243924078642,-68.39243924078642
2537.940071167946,-68.39775443526062,-68.39775443526062
2537.9500711679457,-68.40306881367258,-68.40306881367258
2537.960071167946,-68.40838245916618,-68.40838245916618
2537.9700711679457,-68.41369545355084,-68.41369545355084
2537.980071167946,-68.41900787743407,-68.41900787743407
2537.9900711679456,-68.42431981031169,-68.42431981031169
2538.000071167946,-68.42963133065031,-68.42963133065031
2538.010071167946,-68.43494251595475,-68.43494251595475
2538.020071167946,-68.44025344283561,-68.44025344283561
2538.030071167946,-68.44556418703763,-68.44556418703763
2538.040071167946,-68.45087482348966,-68.45087482348966
2538.050071167946,-68.45618542631935,-68.45618542631935
2538.060071167946,-68.46149606888258,-68.46149606888258
2538.070071167946,-68.46680682376802,-68.46680682376802
2538.080071167946,-68.47211776282862,-68.47211776282862
2538.090071167946,-68.47742895716328,-68.47742895716328
2538.1000711917877,-68.48274048979322,-68.48274048979322
2538.110071191788,-68.48805240506385,-68.48805240506385
2538.1200711917877,-68.49336478449823,-68.49336478449823
2538.130071191788,-68.49867769625209,-68.49867769625209
2538.1400711917877,-68.50399120774323,-68.50399120774323
2538.150071191788,-68.50930538563347,-68.50930538563347
2538.1600711917877,-68.51462029583926,-68.51462029583926
2538.170071191788,-68.51993600350887,-68.51993600350887
2538.1800711917876,-68.52525257303847,-68.52525257303847
2538.190071191788,-68.5305700680339,-68.5305700680339
2538.2000711917876,-68.53588855134964,-68.53588855134964
2538.210071191788,-68.54120808504055,-68.54120808504055
2538.2200711917876,-68.5465287303691,-68.5465287303691
2538.230071191788,-68.55185054781376,-68.55185054781376
2538.2400711917876,-68.55717359704705,-68.55717359704705
2538.250071191788,-68.56249793692658,-68.56249793692658
2538.2600711917876,-68.56782362551455,-68.56782362551455
2538.270071191788,-68.5731507200447,-68.5731507200447
2538.2800711917876,-68.57847927693213,-68.57847927693213
2538.290071191788,-68.58380935176943,-68.58380935176943
2538.3000711917875,-68.58914099933857,-68.58914099933857
2538.3100711917878,-68.59447427356162,-68.59447427356162
2538.3200711917875,-68.59980922754652,-68.59980922754652
2538.3300711917877,-68.60514591355727,-68.60514591355727
2538.3400711917875,-68.6104843830325,-68.6104843830325
2538.3500711917877,-68.61582468656547,-68.61582468656547
2538.360071191788,-68.62116687391868,-68.62116687391868
2538.3700711917877,-68.62651099400881,-68.62651099400881
2538.380071191788,-68.63185709491601,-68.63185709491601
2538.3900711917877,-68.63720522388802,-68.63720522388802
2538.400071191788,-68.64255542732936,-68.64255542732936
2538.4100711917877,-68.64790775081691,-68.64790775081691
2538.420071191788,-68.6532622390858,-68.6532622390858
2538.4300711917876,-68.65861893604959,-68.65861893604959
2538.440071191788,-68.6639778847782,-68.6639778847782
2538.4500711917876,-68.66933912753348,-68.66933912753348
2538.460071191788,-68.67469671685309,-68.67469671685309
2538.4700711917876,-68.68004806825176,-68.68004806825176
2538.480071191788,-68.68539194223212,-68.68539194223212
2538.4900711917876,-68.6907277220193,-68.6907277220193
2538.500071191788,-68.69605513775348,-68.69605513775348
2538.5100711917876,-68.7013741230949,-68.7013741230949
2538.520071191788,-68.70668473111829,-68.70668473111829
2538.5300711917876,-68.7119870837711,-68.7119870837711
2538.540071191788,-68.71728134144686,-68.71728134144686
2538.5500711917875,-68.72256768471463,-68.72256768471463
2538.5600711917878,-68.72784630343268,-68.72784630343268
2538.5700711917875,-68.73311739033629,-68.73311739033629
2538.5800711917877,-68.73838113737368,-68.73838113737368
2538.5900711917875,-68.74363773368297,-68.74363773368297
2538.6000711917877,-68.7488873645943,-68.7488873645943
2538.610071191788,-68.75413021121588,-68.75413021121588
2538.6200711917877,-68.75936645038463,-68.75936645038463
2538.630071191788,-68.76459625478228,-68.76459625478228
2538.6400711917877,-68.76981979319116,-68.76981979319116
2538.650071191788,-68.77503723075318,-68.77503723075318
2538.6600711917877,-68.78024872925656,-68.78024872925656
2538.670071191788,-68.78545444740756,-68.78545444740756
2538.6800711917876,-68.79065454108637,-68.79065454108637
2538.690071191788,-68.79584916354669,-68.79584916354669
2538.7000711917876,-68.8010384656464,-68.8010384656464
2538.710071191788,-68.80622259599375,-68.80622259599375
2538.7200711917876,-68.81140170109187,-68.81140170109187
2538.730071191788,-68.8165759254937,-68.8165759254937
2538.7400711917876,-68.82174541186012,-68.82174541186012
2538.750071191788,-68.82691030108786,-68.82691030108786
2538.7600711917876,-68.8320707323752,-68.8320707323752
2538.770071191788,-68.83722684326433,-68.83722684326433
2538.7800711917876,-68.84237876971397,-68.84237876971397
2538.790071191788,-68.84752664611271,-68.84752664611271
2538.8000711917875,-68.85267060535878,-68.85267060535878
2538.8100711917878,-68.85781077883789,-68.85781077883789
2538.8200711917875,-68.86294729646916,-68.86294729646916
2538.8300711917877,-68.86808028671902,-68.86808028671902
2538.8400711917875,-68.87320987661396,-68.87320987661396
2538.8500711917877,-68.87833619175716,-68.87833619175716
2538.860071191788,-68.88345935632111,-68.88345935632111
2538.8700711917877,-68.88857949307638,-68.88857949307638
2538.880071191788,-68.89369672335592,-68.89369672335592
2538.8900711917877,-68.89881116711209,-68.89881116711209
2538.900071191788,-68.9039229428686,-68.9039229428686
2538.9100711917877,-68.90903216776087,-68.90903216776087
2538.920071191788,-68.91413895750078,-68.91413895750078
2538.9300711917876,-68.91924342641741,-68.91924342641741
2538.940071191788,-68.92434568742442,-68.92434568742442
2538.9500712156296,-68.92944586416989,-68.92944586416989
2538.96007121563,-68.9345380317371,-68.9345380317371
2538.9700712156296,-68.93961967678712,-68.93961967678712
2538.98007121563,-68.94468962317941,-68.94468962317941
2538.9900712156295,-68.94974731916393,-68.94974731916393
2539.0000712156298,-68.95479256049397,-68.95479256049397
2539.0100712156295,-68.9598253465783,-68.9598253465783
2539.0200712156297,-68.96484579603832,-68.96484579603832
2539.0300712156295,-68.96985409603103,-68.96985409603103
2539.0400712156297,-68.97485047167311,-68.97485047167311
2539.0500712156295,-68.97983516774744,-68.97983516774744
2539.0600712156297,-68.98480843775559,-68.98480843775559
2539.0700712156295,-68.98977053750157,-68.98977053750157
2539.0800712156297,-68.99472172140014,-68.99472172140014
2539.0900712156295,-68.99966224044331,-68.99966224044331
2539.1000712156297,-69.00459234121084,-69.00459234121084
2539.1100712156294,-69.0095122654458,-69.0095122654458
2539.1200712156297,-69.01442224999607,-69.01442224999607
2539.1300712156294,-69.01932252694591,-69.01932252694591
2539.1400712156296,-69.02421332385185,-69.02421332385185
2539.1500712156294,-69.02909486401671,-69.02909486401671
2539.1600712156296,-69.0339673667727,-69.0339673667727
2539.1700712156294,-69.03883104774914,-69.03883104774914
2539.1800712156296,-69.04368611912857,-69.04368611912857
2539.1900712156294,-69.04853278986013,-69.04853278986013
2539.2000712156296,-69.05337126586899,-69.05337126586899
2539.21007121563,-69.05820175022711,-69.05820175022711
2539.2200712156296,-69.06302444328723,-69.06302444328723
2539.23007121563,-69.06783954282436,-69.06783954282436
2539.2400712156295,-69.07264724414671,-69.07264724414671
2539.2500712156298,-69.07744774016427,-69.07744774016427
2539.2600712156295,-69.08224122148549,-69.08224122148549
2539.2700712156297,-69.08702787646891,-69.08702787646891
2539.2800712156295,-69.0918078912766,-69.0918078912766
2539.2900712156297,-69.09658144993382,-69.09658144993382
2539.3000712156295,-69.10134873433877,-69.10134873433877
2539.3100712156297,-69.10610992431239,-69.10610992431239
2539.3200712156295,-69.1108651976189,-69.1108651976189
2539.3300712156297,-69.11561472998082,-69.11561472998082
2539.3400712156295,-69.12035869510318,-69.12035869510318
2539.3500712156297,-69.12509726468078,-69.12509726468078
2539.3600712156294,-69.1298306084191,-69.1298306084191
2539.3700712156297,-69.13455889402287,-69.13455889402287
2539.3800712156294,-69.13928228723121,-69.13928228723121
2539.3900712156296,-69.14400095181341,-69.14400095181341
2539.4000712156294,-69.148715049558,-69.148715049558
2539.4100712156296,-69.15342474031377,-69.15342474031377
2539.4200712156294,-69.15813018196222,-69.15813018196222
2539.4300712156296,-69.16283153043429,-69.16283153043429
2539.4400712156294,-69.16752893973303,-69.16752893973303
2539.4500712156296,-69.17222256189812,-69.17222256189812
2539.46007121563,-69.17691254705174,-69.17691254705174
2539.4700712156296,-69.18159904338386,-69.18159904338386
2539.48007121563,-69.18628219714887,-69.18628219714887
2539.4900712156295,-69.19096215269678,-69.19096215269678
2539.5000712156298,-69.19563905245619,-69.19563905245619
2539.5100712156295,-69.20031303695103,-69.20031303695103
2539.5200712156297,-69.20498424480834,-69.20498424480834
2539.5300712156295,-69.20965281275805,-69.20965281275805
2539.5400712156297,-69.21431887565399,-69.21431887565399
2539.5500712156295,-69.21898256645991,-69.21898256645991
2539.5600712156297,-69.223644016282,-69.223644016282
2539.5700712156295,-69.22830335436967,-69.22830335436967
2539.5800712156297,-69.23296070811021,-69.23296070811021
2539.5900712156295,-69.23761620306303,-69.23761620306303
2539.6000712156297,-69.24226996294503,-69.24226996294503
2539.6100712156294,-69.24692210967017,-69.24692210967017
2539.6200712156297,-69.25157276333627,-69.25157276333627
2539.6300712156294,-69.25622204223619,-69.25622204223619
2539.6400712156296,-69.26087006288942,-69.26087006288942
2539.6500712156294,-69.26551694003288,-69.26551694003288
2539.6600712156296,-69.27016278664695,-69.27016278664695
2539.6700712156294,-69.27480771396161,-69.27480771396161
2539.6800712156296,-69.27945183146582,-69.27945183146582
2539.6900712156294,-69.2840952469505,-69.2840952469505
2539.7000712156296,-69.28873806646324,-69.28873806646324
2539.71007121563,-69.2933803943778,-69.2933803943778
2539.7200712156296,-69.2980223333847,-69.2980223333847
2539.73007121563,-69.30266398449122,-69.30266398449122
2539.7400712156295,-69.30730544707221,-69.30730544707221
2539.7500712156298,-69.311946818858,-69.311946818858
2539.7600712156295,-69.31658819595194,-69.31658819595194
2539.7700712156297,-69.32122967284553,-69.32122967284553
2539.7800712156295,-69.32587134243988,-69.32587134243988
2539.7900712156297,-69.33051329606151,-69.33051329606151
2539.8000712394714,-69.33515563452059,-69.33515563452059
2539.8100712394717,-69.3397984239335,-69.3397984239335
2539.8200712394714,-69.34444176200768,-69.34444176200768
2539.8300712394716,-69.3490857339168,-69.3490857339168
2539.8400712394714,-69.3537304233102,-69.3537304233102
2539.8500712394716,-69.35837591236312,-69.35837591236312
2539.8600712394714,-69.36302228178893,-69.36302228178893
2539.8700712394716,-69.36766961081774,-69.36766961081774
2539.8800712394714,-69.37231797726561,-69.37231797726561
2539.8900712394716,-69.37696745751187,-69.37696745751187
2539.9000712394713,-69.3816181265307,-69.3816181265307
2539.9100712394716,-69.38627005791041,-69.38627005791041
2539.9200712394713,-69.390923323857,-69.390923323857
2539.9300712394715,-69.39557799521421,-69.39557799521421
2539.9400712394713,-69.40023414149091,-69.40023414149091
2539.9500712394715,-69.40489183085442,-69.40489183085442
2539.9600712394713,-69.40954507917543,-69.40954507917543
2539.9700712394715,-69.41419130099953,-69.41419130099953
2539.9800712394713,-69.41882926950004,-69.41882926950004
2539.9900712394715,-69.42345838650984,-69.42345838650984
2540.0000712394713,-69.42807840376895,-69.42807840376895
2540.0100712394715,-69.43268927806388,-69.43268927806388
2540.0200712394712,-69.43729108632024,-69.43729108632024
2540.0300712394715,-69.44188397453566,-69.44188397453566
2540.040071239471,-69.44646812709156,-69.44646812709156
2540.0500712394714,-69.4510437482801,-69.4510437482801
2540.0600712394717,-69.45561105136493,-69.45561105136493
2540.0700712394714,-69.46017025211358,-69.46017025211358
2540.0800712394716,-69.46472156508096,-69.46472156508096
2540.0900712394714,-69.46926520162623,-69.46926520162623
2540.1000712394716,-69.47380136887489,-69.47380136887489
2540.1100712394714,-69.47833026934308,-69.47833026934308
2540.1200712394716,-69.48285210086661,-69.48285210086661
2540.1300712394714,-69.48736705677463,-69.48736705677463
2540.1400712394716,-69.49187532609162,-69.49187532609162
2540.1500712394713,-69.49637709385814,-69.49637709385814
2540.1600712394716,-69.50087254141347,-69.50087254141347
2540.1700712394713,-69.5053618466726,-69.5053618466726
2540.1800712394715,-69.50984518438294,-69.50984518438294
2540.1900712394713,-69.51432272636583,-69.51432272636583
2540.2000712394715,-69.5187946417199,-69.5187946417199
2540.2100712394713,-69.52326109698745,-69.52326109698745
2540.2200712394715,-69.52772225633099,-69.52772225633099
2540.2300712394713,-69.53217828164276,-69.53217828164276
2540.2400712394715,-69.53662933266106,-69.53662933266106
2540.2500712394713,-69.54107556708918,-69.54107556708918
2540.2600712394715,-69.54551714064542,-69.54551714064542
2540.2700712394712,-69.54995420713104,-69.54995420713104
2540.2800712394715,-69.55438691852369,-69.55438691852369
2540.290071239471,-69.55881542497025,-69.55881542497025
2540.3000712394714,-69.56323987485702,-69.56323987485702
2540.3100712394717,-69.56766041484319,-69.56766041484319
2540.3200712394714,-69.57207718988225,-69.57207718988225
2540.3300712394716,-69.57649034323501,-69.57649034323501
2540.3400712394714,-69.58090001649798,-69.58090001649798
2540.3500712394716,-69.585306349611,-69.585306349611
2540.3600712394714,-69.58970948088309,-69.58970948088309
2540.3700712394716,-69.59410954698302,-69.59410954698302
2540.3800712394714,-69.59850668295819,-69.59850668295819
2540.3900712394716,-69.60290102222895,-69.60290102222895
2540.4000712394713,-69.60729269663805,-69.60729269663805
2540.4100712394716,-69.61168183638783,-69.61168183638783
2540.4200712394713,-69.61606857009822,-69.61606857009822
2540.4300712394715,-69.62045302478342,-69.62045302478342
2540.4400712394713,-69.62483532587497,-69.62483532587497
2540.4500712394715,-69.62921559720773,-69.62921559720773
2540.4600712394713,-69.63359396103272,-69.63359396103272
2540.4700712394715,-69.63797053801005,-69.63797053801005
2540.4800712394713,-69.64234544723068,-69.64234544723068
2540.4900712394715,-69.64671880621405,-69.64671880621405
2540.5000712394713,-69.65109073089464,-69.65109073089464
2540.5100712394715,-69.6554613356599,-69.6554613356599
2540.5200712394712,-69.65983073331823,-69.65983073331823
2540.5300712394715,-69.66419903513275,-69.66419903513275
2540.540071239471,-69.66856635081409,-69.66856635081409
2540.5500712394714,-69.6729327885222,-69.6729327885222
2540.5600712394717,-69.67729845488417,-69.67729845488417
2540.5700712394714,-69.68166345499016,-69.68166345499016
2540.5800712394716,-69.68602789240681,-69.68602789240681
2540.5900712394714,-69.6903918691722,-69.6903918691722
2540.6000712394716,-69.69475548583254,-69.69475548583254
2540.6100712394714,-69.69911884142128,-69.69911884142128
2540.6200712394716,-69.70348203346845,-69.70348203346845
2540.6300712394714,-69.70784515802745,-69.70784515802745
2540.6400712394716,-69.71220830966412,-69.71220830966412
2540.6500712633133,-69.71657159187674,-69.71657159187674
2540.6600712633135,-69.72093507554654,-69.72093507554654
2540.6700712633133,-69.72529886123402,-69.72529886123402
2540.6800712633135,-69.72966303769834,-69.72966303769834
2540.6900712633133,-69.7340276922724,-69.7340276922724
2540.7000712633135,-69.73839291085602,-69.73839291085602
2540.7100712633132,-69.74275877794975,-69.74275877794975
2540.7200712633135,-69.74712537664749,-69.74712537664749
2540.730071263313,-69.75149278866674,-69.75149278866674
2540.7400712633134,-69.75586109434597,-69.75586109434597
2540.750071263313,-69.76023037265628,-69.76023037265628
2540.7600712633134,-69.7646007012238,-69.7646007012238
2540.770071263313,-69.7689721563273,-69.7689721563273
2540.7800712633134,-69.77334481292293,-69.77334481292293
2540.790071263313,-69.77771874464752,-69.77771874464752
2540.8000712633134,-69.7820940238315,-69.7820940238315
2540.810071263313,-69.78647072151662,-69.78647072151662
2540.8200712633134,-69.7908489074624,-69.7908489074624
2540.830071263313,-69.79522865016206,-69.79522865016206
2540.8400712633133,-69.79961001685653,-69.79961001685653
2540.850071263313,-69.80399307354489,-69.80399307354489
2540.8600712633133,-69.80837788498638,-69.80837788498638
2540.870071263313,-69.81276451474116,-69.81276451474116
2540.8800712633133,-69.81715302514787,-69.81715302514787
2540.890071263313,-69.82154347736216,-69.82154347736216
2540.9000712633133,-69.82593593136555,-69.82593593136555
2540.9100712633135,-69.83033044597124,-69.83033044597124
2540.9200712633133,-69.83472707883797,-69.83472707883797
2540.9300712633135,-69.83912588648008,-69.83912588648008
2540.9400712633133,-69.84352692429708,-69.84352692429708
2540.9500712633135,-69.84793024655409,-69.84793024655409
2540.9600712633132,-69.85233590643787,-69.85233590643787
2540.9700712633135,-69.85674395602703,-69.85674395602703
2540.980071263313,-69.86115444633839,-69.86115444633839
2540.9900712633134,-69.86556742731226,-69.86556742731226
2541.000071263313,-69.86998294785381,-69.86998294785381
2541.0100712633134,-69.8744010558192,-69.8744010558192
2541.020071263313,-69.87882179804004,-69.87882179804004
2541.0300712633134,-69.88324522033489,-69.88324522033489
2541.040071263313,-69.88767136752632,-69.88767136752632
2541.0500712633134,-69.89210028344084,-69.89210028344084
2541.060071263313,-69.89653201094309,-69.89653201094309
2541.0700712633134,-69.90096659192064,-69.90096659192064
2541.080071263313,-69.90540406730568,-69.90540406730568
2541.0900712633133,-69.90984447710932,-69.90984447710932
2541.100071263313,-69.91428786040736,-69.91428786040736
2541.1100712633133,-69.91873425534476,-69.91873425534476
2541.120071263313,-69.92318369919528,-69.92318369919528
2541.1300712633133,-69.92763622831097,-69.92763622831097
2541.140071263313,-69.93209187818051,-69.93209187818051
2541.1500712633133,-69.9365506834171,-69.9365506834171
2541.1600712633135,-69.94101267778281,-69.94101267778281
2541.1700712633133,-69.94547789418712,-69.94547789418712
2541.1800712633135,-69.94994636471878,-69.94994636471878
2541.1900712633133,-69.9544181206279,-69.9544181206279
2541.2000712633135,-69.95889319235951,-69.95889319235951
2541.2100712633132,-69.96337160956185,-69.96337160956185
2541.2200712633135,-69.96785340108883,-69.96785340108883
2541.230071263313,-69.97233859501338,-69.97233859501338
2541.2400712633134,-69.9768272186565,-69.9768272186565
2541.250071263313,-69.9813192985597,-69.9813192985597
2541.2600712633134,-69.98581486053175,-69.98581486053175
2541.270071263313,-69.99031392964177,-69.99031392964177
2541.2800712633134,-69.9948165302333,-69.9948165302333
2541.290071263313,-69.9993226859291,-69.9993226859291
2541.3000712633134,-70.00383241965467,-70.00383241965467
2541.310071263313,-70.00834575363102,-70.00834575363102
2541.3200712633134,-70.01286270940284,-70.01286270940284
2541.330071263313,-70.0173833078291,-70.0173833078291
2541.3400712633133,-70.02190756911537,-70.02190756911537
2541.350071263313,-70.02643551280165,-70.02643551280165
2541.3600712633133,-70.0309671577797,-70.0309671577797
2541.370071263313,-70.03550252230717,-70.03550252230717
2541.3800712633133,-70.04004162401526,-70.04004162401526
2541.390071263313,-70.04458447991381,-70.04458447991381
2541.4000712633133,-70.04913110639944,-70.04913110639944
2541.4100712633135,-70.05368151927216,-70.05368151927216
2541.4200712633133,-70.05823573374046,-70.05823573374046
2541.4300712633135,-70.06279376442005,-70.06279376442005
2541.4400712633133,-70.06735562536728,-70.06735562536728
2541.4500712633135,-70.071921330056,-70.071921330056
2541.4600712633132,-70.0764847816128,-70.0764847816128
2541.4700712633135,-70.08104331540116,-70.08104331540116
2541.480071263313,-70.08559563917498,-70.08559563917498
2541.4900712633134,-70.09014109595584,-70.09014109595584
2541.500071287155,-70.09467939346433,-70.09467939346433
2541.5100712871554,-70.09921041467715,-70.09921041467715
2541.520071287155,-70.10373419695492,-70.10373419695492
2541.5300712871554,-70.1082508372669,-70.1082508372669
2541.540071287155,-70.1127604720257,-70.1127604720257
2541.5500712871553,-70.11726325847278,-70.11726325847278
2541.560071287155,-70.12175936360147,-70.12175936360147
2541.5700712871553,-70.12624895764644,-70.12624895764644
2541.580071287155,-70.1307322103396,-70.1307322103396
2541.5900712871553,-70.13520928886365,-70.13520928886365
2541.600071287155,-70.1396803568393,-70.1396803568393
2541.6100712871553,-70.14414557391366,-70.14414557391366
2541.620071287155,-70.1486050956858,-70.1486050956858
2541.6300712871553,-70.15305907385759,-70.15305907385759
2541.640071287155,-70.15750765648887,-70.15750765648887
2541.6500712871552,-70.1619509882414,-70.1619509882414
2541.660071287155,-70.16638921069239,-70.16638921069239
2541.670071287155,-70.1708224625919,-70.1708224625919
2541.680071287155,-70.17525088014494,-70.17525088014494
2541.690071287155,-70.17967459719148,-70.17967459719148
2541.700071287155,-70.18409374545163,-70.18409374545163
2541.710071287155,-70.18850845468174,-70.18850845468174
2541.720071287155,-70.19291885280666,-70.19291885280666
2541.730071287155,-70.19732506605625,-70.19732506605625
2541.740071287155,-70.20172721908874,-70.20172721908874
2541.750071287155,-70.20612543504933,-70.20612543504933
2541.7600712871554,-70.21051983566095,-70.21051983566095
2541.770071287155,-70.21491054127976,-70.21491054127976
2541.7800712871554,-70.21929767094824,-70.21929767094824
2541.790071287155,-70.22368134241918,-70.22368134241918
2541.8000712871553,-70.22806167221717,-70.22806167221717
2541.810071287155,-70.23243877564039,-70.23243877564039
2541.8200712871553,-70.23681276678164,-70.23681276678164
2541.830071287155,-70.24118375855141,-70.24118375855141
2541.8400712871553,-70.24555186268444,-70.24555186268444
2541.850071287155,-70.24991718975413,-70.24991718975413
2541.8600712871553,-70.25427984917542,-70.25427984917542
2541.870071287155,-70.25863994919388,-70.25863994919388
2541.8800712871553,-70.2629975969157,-70.2629975969157
2541.890071287155,-70.2673528982822,-70.2673528982822
2541.9000712871552,-70.27170595807917,-70.27170595807917
2541.910071287155,-70.27605687993557,-70.27605687993557
2541.920071287155,-70.280405766323,-70.280405766323
2541.930071287155,-70.28475271856193,-70.28475271856193
2541.940071287155,-70.28909783678813,-70.28909783678813
2541.950071287155,-70.29344121999412,-70.29344121999412
2541.960071287155,-70.29778296598748,-70.29778296598748
2541.970071287155,-70.30212317141522,-70.30212317141522
2541.980071287155,-70.30646193175613,-70.30646193175613
2541.990071287155,-70.31079934129707,-70.31079934129707
2542.000071287155,-70.31513549316006,-70.31513549316006
2542.0100712871554,-70.31947047930119,-70.31947047930119
2542.020071287155,-70.32380439047876,-70.32380439047876
2542.0300712871554,-70.32813731627493,-70.32813731627493
2542.040071287155,-70.3324693451067,-70.3324693451067
2542.0500712871553,-70.33680056419992,-70.33680056419992
2542.060071287155,-70.34113105961507,-70.34113105961507
2542.0700712871553,-70.34546091622414,-70.34546091622414
2542.080071287155,-70.34979021773712,-70.34979021773712
2542.0900712871553,-70.35411904668106,-70.35411904668106
2542.100071287155,-70.35844748441491,-70.35844748441491
2542.1100712871553,-70.36277561113117,-70.36277561113117
2542.120071287155,-70.36710350586603,-70.36710350586603
2542.1300712871553,-70.37143124648003,-70.37143124648003
2542.140071287155,-70.37575890968533,-70.37575890968533
2542.1500712871552,-70.38008657104622,-70.38008657104622
2542.160071287155,-70.38441430497616,-70.38441430497616
2542.170071287155,-70.38874218473798,-70.38874218473798
2542.180071287155,-70.39307028247181,-70.39307028247181
2542.190071287155,-70.39739866918008,-70.39739866918008
2542.200071287155,-70.40172741473872,-70.40172741473872
2542.210071287155,-70.40605658790163,-70.40605658790163
2542.220071287155,-70.41038625632008,-70.41038625632008
2542.230071287155,-70.41471648652794,-70.41471648652794
2542.240071287155,-70.41904734397299,-70.41904734397299
2542.250071287155,-70.42337889300276,-70.42337889300276
2542.2600712871554,-70.4277111968895,-70.4277111968895
2542.270071287155,-70.43204431782141,-70.43204431782141
2542.2800712871554,-70.43637831691909,-70.43637831691909
2542.290071287155,-70.4407132542526,-70.4407132542526
2542.3000712871553,-70.44504918883213,-70.44504918883213
2542.310071287155,-70.4493861786206,-70.4493861786206
2542.3200712871553,-70.45372428056712,-70.45372428056712
2542.330071287155,-70.4580635505642,-70.4580635505642
2542.3400712871553,-70.46240404351515,-70.46240404351515
2542.350071310997,-70.46674582364692,-70.46674582364692
2542.3600713109972,-70.47108892317843,-70.47108892317843
2542.370071310997,-70.47543340432188,-70.47543340432188
2542.380071310997,-70.47977931799942,-70.47977931799942
2542.390071310997,-70.4841267141709,-70.4841267141709
2542.400071310997,-70.48847564180893,-70.48847564180893
2542.410071310997,-70.4928261489513,-70.4928261489513
2542.420071310997,-70.49717828268868,-70.49717828268868
2542.430071310997,-70.50153208918111,-70.50153208918111
2542.440071310997,-70.50588761367176,-70.50588761367176
2542.450071310997,-70.51024490047647,-70.51024490047647
2542.460071310997,-70.51460399301584,-70.51460399301584
2542.470071310997,-70.51896493381828,-70.51896493381828
2542.480071310997,-70.5233277645282,-70.5233277645282
2542.490071310997,-70.52769252590903,-70.52769252590903
2542.500071310997,-70.53205925786844,-70.53205925786844
2542.510071310997,-70.53642799945759,-70.53642799945759
2542.520071310997,-70.54079878887983,-70.54079878887983
2542.530071310997,-70.54517166350888,-70.54517166350888
2542.540071310997,-70.5495466598859,-70.5495466598859
2542.550071310997,-70.55392381374584,-70.55392381374584
2542.560071310997,-70.55830316000808,-70.55830316000808
2542.570071310997,-70.56268473280441,-70.56268473280441
2542.580071310997,-70.56706856547433,-70.56706856547433
2542.590071310997,-70.57145469058554,-70.57145469058554
2542.600071310997,-70.57584313993456,-70.57584313993456
2542.6100713109972,-70.58023394456238,-70.58023394456238
2542.620071310997,-70.5846271347589,-70.5846271347589
2542.630071310997,-70.5890227400841,-70.5890227400841
2542.640071310997,-70.59342078935646,-70.59342078935646
2542.650071310997,-70.59782131068688,-70.59782131068688
2542.660071310997,-70.60222433146586,-70.60222433146586
2542.670071310997,-70.6066298783796,-70.6066298783796
2542.680071310997,-70.61103797743496,-70.61103797743496
2542.690071310997,-70.61544865394217,-70.61544865394217
2542.700071310997,-70.6198619325526,-70.6198619325526
2542.710071310997,-70.62427783723128,-70.62427783723128
2542.720071310997,-70.62869639130814,-70.62869639130814
2542.730071310997,-70.63311761745011,-70.63311761745011
2542.740071310997,-70.63754153770331,-70.63754153770331
2542.750071310997,-70.64196817346188,-70.64196817346188
2542.760071310997,-70.64639754550717,-70.64639754550717
2542.770071310997,-70.65082967401605,-70.65082967401605
2542.780071310997,-70.65526457855077,-70.65526457855077
2542.790071310997,-70.65970227807951,-70.65970227807951
2542.800071310997,-70.6641427909864,-70.6641427909864
2542.810071310997,-70.66858613506902,-70.66858613506902
2542.820071310997,-70.67303232756032,-70.67303232756032
2542.830071310997,-70.67748138512616,-70.67748138512616
2542.840071310997,-70.68193332387936,-70.68193332387936
2542.850071310997,-70.68638815938793,-70.68638815938793
2542.8600713109972,-70.69084590667488,-70.69084590667488
2542.870071310997,-70.69530658022967,-70.69530658022967
2542.880071310997,-70.69977019402555,-70.69977019402555
2542.890071310997,-70.70423676151113,-70.70423676151113
2542.900071310997,-70.70870629563288,-70.70870629563288
2542.910071310997,-70.7131788088326,-70.7131788088326
2542.920071310997,-70.71765431305136,-70.71765431305136
2542.930071310997,-70.72213281975917,-70.72213281975917
2542.940071310997,-70.72661433993748,-70.72661433993748
2542.950071310997,-70.73109888408541,-70.73109888408541
2542.960071310997,-70.73558646225074,-70.73558646225074
2542.970071310997,-70.74007708401889,-70.74007708401889
2542.980071310997,-70.74457075852,-70.74457075852
2542.990071310997,-70.74906749444695,-70.74906749444695
2543.000071310997,-70.7535673000397,-70.7535673000397
2543.010071310997,-70.75807018311946,-70.75807018311946
2543.020071310997,-70.76257615108064,-70.76257615108064
2543.030071310997,-70.76708521089756,-70.76708521089756
2543.040071310997,-70.77159736913094,-70.77159736913094
2543.050071310997,-70.77611263193766,-70.77611263193766
2543.060071310997,-70.78063100507559,-70.78063100507559
2543.070071310997,-70.78515249390603,-70.78515249390603
2543.080071310997,-70.78967710340044,-70.78967710340044
2543.090071310997,-70.79420483816598,-70.79420483816598
2543.100071310997,-70.79873570240547,-70.79873570240547
2543.1100713109972,-70.80326969998026,-70.80326969998026
2543.120071310997,-70.80780683437222,-70.80780683437222
2543.130071310997,-70.81234710871072,-70.81234710871072
2543.140071310997,-70.81689052576759,-70.81689052576759
2543.150071310997,-70.8214370879766,-70.8214370879766
2543.160071310997,-70.82598679742239,-70.82598679742239
2543.170071310997,-70.83053965585687,-70.83053965585687
2543.180071310997,-70.8350956647032,-70.8350956647032
2543.190071310997,-70.83965482506575,-70.83965482506575
2543.200071334839,-70.84421714857126,-70.84421714857126
2543.210071334839,-70.84877643500035,-70.84877643500035
2543.220071334839,-70.85332998702654,-70.85332998702654
2543.230071334839,-70.85787648409219,-70.85787648409219
2543.240071334839,-70.86241524806313,-70.86241524806313
2543.250071334839,-70.86694595875709,-70.86694595875709
2543.260071334839,-70.87146850616418,-70.87146850616418
2543.270071334839,-70.87598290381209,-70.87598290381209
2543.280071334839,-70.8804892367268,-70.8804892367268
2543.290071334839,-70.88498763010642,-70.88498763010642
2543.300071334839,-70.88947823055179,-70.88947823055179
2543.310071334839,-70.89396119483088,-70.89396119483088
2543.3200713348388,-70.89843668332074,-70.89843668332074
2543.330071334839,-70.90290485622258,-70.90290485622258
2543.3400713348387,-70.90736587147533,-70.90736587147533
2543.350071334839,-70.91181988372344,-70.91181988372344
2543.3600713348387,-70.91626704389854,-70.91626704389854
2543.370071334839,-70.92070749913982,-70.92070749913982
2543.3800713348387,-70.92514139293233,-70.92514139293233
2543.390071334839,-70.92956886534274,-70.92956886534274
2543.4000713348387,-70.93399005327764,-70.93399005327764
2543.410071334839,-70.93840509079018,-70.93840509079018
2543.4200713348387,-70.94281410933331,-70.94281410933331
2543.430071334839,-70.94721723801877,-70.94721723801877
2543.4400713348386,-70.95161460381847,-70.95161460381847
2543.450071334839,-70.95600633178996,-70.95600633178996
2543.460071334839,-70.9603925452235,-70.9603925452235
2543.470071334839,-70.96477336580092,-70.96477336580092
2543.480071334839,-70.96914891369725,-70.96914891369725
2543.490071334839,-70.97351930769996,-70.97351930769996
2543.500071334839,-70.97788466527795,-70.97788466527795
2543.510071334839,-70.98224510267457,-70.98224510267457
2543.520071334839,-70.98660073492962,-70.98660073492962
2543.530071334839,-70.99095167597264,-70.99095167597264
2543.540071334839,-70.99529803859802,-70.99529803859802
2543.550071334839,-70.99963993454274,-70.99963993454274
2543.560071334839,-71.00397747449884,-71.00397747449884
2543.5700713348388,-71.00831076810508,-71.00831076810508
2543.580071334839,-71.01263992398059,-71.01263992398059
2543.5900713348387,-71.01696504973546,-71.01696504973546
2543.600071334839,-71.0212862519647,-71.0212862519647
2543.6100713348387,-71.02560363625754,-71.02560363625754
2543.620071334839,-71.02991730717468,-71.02991730717468
2543.6300713348387,-71.03422736829255,-71.03422736829255
2543.640071334839,-71.038533922165,-71.038533922165
2543.6500713348387,-71.04283707032452,-71.04283707032452
2543.660071334839,-71.04713691328858,-71.04713691328858
2543.6700713348387,-71.05143355054443,-71.05143355054443
2543.680071334839,-71.05572708056123,-71.05572708056123
2543.6900713348386,-71.06001760076539,-71.06001760076539
2543.700071334839,-71.0643052075452,-71.0643052075452
2543.710071334839,-71.0685837984199,-71.0685837984199
2543.720071334839,-71.07285075128874,-71.07285075128874
2543.730071334839,-71.07710483520802,-71.07710483520802
2543.740071334839,-71.08134546284744,-71.08134546284744
2543.750071334839,-71.08557240515586,-71.08557240515586
2543.760071334839,-71.08978564312484,-71.08978564312484
2543.770071334839,-71.09398528089613,-71.09398528089613
2543.780071334839,-71.09817149355082,-71.09817149355082
2543.790071334839,-71.10234449570457,-71.10234449570457
2543.800071334839,-71.10650452266164,-71.10650452266164
2543.810071334839,-71.1106518191427,-71.1106518191427
2543.8200713348388,-71.11478663271943,-71.11478663271943
2543.830071334839,-71.11890920996392,-71.11890920996392
2543.8400713348387,-71.1230197944161,-71.1230197944161
2543.850071334839,-71.12711862548085,-71.12711862548085
2543.8600713348387,-71.13120593804334,-71.13120593804334
2543.870071334839,-71.13528196236093,-71.13528196236093
2543.8800713348387,-71.13934692422266,-71.13934692422266
2543.890071334839,-71.14340104514025,-71.14340104514025
2543.9000713348387,-71.14744454265443,-71.14744454265443
2543.910071334839,-71.15147763058333,-71.15147763058333
2543.9200713348387,-71.15550051932524,-71.15550051932524
2543.930071334839,-71.15951341608462,-71.15951341608462
2543.9400713348386,-71.16351652510366,-71.16351652510366
2543.950071334839,-71.16751004784743,-71.16751004784743
2543.960071334839,-71.1714879770648,-71.1714879770648
2543.970071334839,-71.17544778961286,-71.17544778961286
2543.980071334839,-71.17938835424034,-71.17938835424034
2543.990071334839,-71.18330918308074,-71.18330918308074
2544.000071334839,-71.18721014594783,-71.18721014594783
2544.010071334839,-71.19109132200843,-71.19109132200843
2544.020071334839,-71.19495291280029,-71.19495291280029
2544.030071334839,-71.19879519002573,-71.19879519002573
2544.040071334839,-71.20261846411636,-71.20261846411636
2544.0500713586807,-71.20642307444726,-71.20642307444726
2544.060071358681,-71.21020934183991,-71.21020934183991
2544.0700713586807,-71.21397761644359,-71.21397761644359
2544.080071358681,-71.21772823756048,-71.21772823756048
2544.0900713586807,-71.22146154068422,-71.22146154068422
2544.100071358681,-71.22517785646248,-71.22517785646248
2544.1100713586807,-71.22887751024473,-71.22887751024473
2544.120071358681,-71.23256082204158,-71.23256082204158
2544.1300713586807,-71.23622810663403,-71.23622810663403
2544.140071358681,-71.23987967382038,-71.23987967382038
2544.1500713586806,-71.24351582866171,-71.24351582866171
2544.160071358681,-71.24713687177683,-71.24713687177683
2544.1700713586806,-71.25074309961418,-71.25074309961418
2544.180071358681,-71.25433480467245,-71.25433480467245
2544.1900713586806,-71.25791227574112,-71.25791227574112
2544.200071358681,-71.26147579808644,-71.26147579808644
2544.2100713586806,-71.26502565361186,-71.26502565361186
2544.220071358681,-71.26856212100338,-71.26856212100338
2544.2300713586806,-71.27208547583047,-71.27208547583047
2544.240071358681,-71.27559599067102,-71.27559599067102
2544.2500713586805,-71.27909393518311,-71.27909393518311
2544.2600713586808,-71.28257957616584,-71.28257957616584
2544.2700713586805,-71.28605317761546,-71.28605317761546
2544.2800713586807,-71.28951500078628,-71.28951500078628
2544.2900713586805,-71.2929653042091,-71.2929653042091
2544.3000713586807,-71.2964043437293,-71.2964043437293
2544.310071358681,-71.29983237253319,-71.29983237253319
2544.3200713586807,-71.30324964115076,-71.30324964115076
2544.330071358681,-71.30665639749348,-71.30665639749348
2544.3400713586807,-71.31005288684075,-71.31005288684075
2544.350071358681,-71.31343935186827,-71.31343935186827
2544.3600713586807,-71.31681603264771,-71.31681603264771
2544.370071358681,-71.32018316664727,-71.32018316664727
2544.3800713586807,-71.32354098873839,-71.32354098873839
2544.390071358681,-71.32688973120433,-71.32688973120433
2544.4000713586806,-71.3302296237366,-71.3302296237366
2544.410071358681,-71.33356089345209,-71.33356089345209
2544.4200713586806,-71.33688376486458,-71.33688376486458
2544.430071358681,-71.34019845991794,-71.34019845991794
2544.4400713586806,-71.34350519798407,-71.34350519798407
2544.450071358681,-71.34680419584593,-71.34680419584593
2544.4600713586806,-71.35009566772953,-71.35009566772953
2544.470071358681,-71.35337982529008,-71.35337982529008
2544.4800713586806,-71.35665687762803,-71.35665687762803
2544.490071358681,-71.3599270312803,-71.3599270312803
2544.5000713586805,-71.36319049023894,-71.36319049023894
2544.5100713586808,-71.36644745595072,-71.36644745595072
2544.5200713586805,-71.36969812734634,-71.36969812734634
2544.5300713586807,-71.3729427008106,-71.3729427008106
2544.5400713586805,-71.37618137022038,-71.37618137022038
2544.5500713586807,-71.37941432694555,-71.37941432694555
2544.560071358681,-71.38264175985785,-71.38264175985785
2544.5700713586807,-71.38586385534494,-71.38586385534494
2544.580071358681,-71.38908079732022,-71.38908079732022
2544.5900713586807,-71.39229276724,-71.39229276724
2544.600071358681,-71.39549994411165,-71.39549994411165
2544.6100713586807,-71.39870250450394,-71.39870250450394
2544.620071358681,-71.40190062256282,-71.40190062256282
2544.6300713586807,-71.40509447002732,-71.40509447002732
2544.640071358681,-71.40828421625031,-71.40828421625031
2544.6500713586806,-71.41147002821029,-71.41147002821029
2544.660071358681,-71.41465207051806,-71.41465207051806
2544.6700713586806,-71.41783050544234,-71.41783050544234
2544.680071358681,-71.42100549293188,-71.42100549293188
2544.6900713586806,-71.42417719061952,-71.42417719061952
2544.700071358681,-71.42734575384186,-71.42734575384186
2544.7100713586806,-71.43051133567259,-71.43051133567259
2544.720071358681,-71.43367408691789,-71.43367408691789
2544.7300713586806,-71.4368341561568,-71.4368341561568
2544.740071358681,-71.43999168974274,-71.43999168974274
2544.7500713586805,-71.44314683183815,-71.44314683183815
2544.7600713586808,-71.44629972440852,-71.44629972440852
2544.7700713586805,-71.44945050726746,-71.44945050726746
2544.7800713586807,-71.45259931808688,-71.45259931808688
2544.7900713586805,-71.45574629242464,-71.45574629242464
2544.8000713586807,-71.45889156372618,-71.45889156372618
2544.810071358681,-71.46203526336011,-71.46203526336011
2544.8200713586807,-71.4651775206407,-71.4651775206407
2544.830071358681,-71.46831846283561,-71.46831846283561
2544.8400713586807,-71.47145821518876,-71.47145821518876
2544.850071358681,-71.47459690094419,-71.47459690094419
2544.8600713586807,-71.47773464137599,-71.47773464137599
2544.870071358681,-71.48087155578911,-71.48087155578911
2544.8800713586807,-71.48400776156426,-71.48400776156426
2544.890071358681,-71.48714337415429,-71.48714337415429
2544.9000713825226,-71.49027851458611,-71.49027851458611
2544.910071382523,-71.49341327962804,-71.49341327962804
2544.9200713825226,-71.49654778656429,-71.49654778656429
2544.930071382523,-71.49968214339363,-71.49968214339363
2544.9400713825225,-71.502816456303,-71.502816456303
2544.9500713825228,-71.50595082969038,-71.50595082969038
2544.9600713825225,-71.50908536617082,-71.50908536617082
2544.9700713825227,-71.51222016661839,-71.51222016661839
2544.9800713825225,-71.51535533017459,-71.51535533017459
2544.9900713825227,-71.51849095426691,-71.51849095426691
2545.0000713825225,-71.5216271346392,-71.5216271346392
2545.0100713825227,-71.52476396535688,-71.52476396535688
2545.0200713825225,-71.52790153884922,-71.52790153884922
2545.0300713825227,-71.5310399459047,-71.5310399459047
2545.0400713825225,-71.53417927570739,-71.53417927570739
2545.0500713825227,-71.53731961585058,-71.53731961585058
2545.0600713825224,-71.5404610523591,-71.5404610523591
2545.0700713825227,-71.54360366970313,-71.54360366970313
2545.0800713825224,-71.5467475508294,-71.5467475508294
2545.0900713825226,-71.5498927771623,-71.5498927771623
2545.1000713825224,-71.55303942864867,-71.55303942864867
2545.1100713825226,-71.556187583751,-71.556187583751
2545.1200713825224,-71.55933731948541,-71.55933731948541
2545.1300713825226,-71.56248871142348,-71.56248871142348
2545.1400713825224,-71.56564183372622,-71.56564183372622
2545.1500713825226,-71.56879675915053,-71.56879675915053
2545.160071382523,-71.57195355908588,-71.57195355908588
2545.1700713825226,-71.57511230354764,-71.57511230354764
2545.180071382523,-71.57827306120714,-71.57827306120714
2545.1900713825225,-71.58143589941848,-71.58143589941848
2545.2000713825228,-71.58460088421872,-71.58460088421872
2545.2100713825225,-71.58776183940604,-71.58776183940604
2545.2200713825227,-71.5909160949778,-71.5909160949778
2545.2300713825225,-71.59406238209324,-71.59406238209324
2545.2400713825227,-71.59720007997865,-71.59720007997865
2545.2500713825225,-71.60032892850222,-71.60032892850222
2545.2600713825227,-71.60344887884696,-71.60344887884696
2545.2700713825225,-71.60656000602403,-71.60656000602403
2545.2800713825227,-71.6096624562437,-71.6096624562437
2545.2900713825225,-71.61275641531508,-71.61275641531508
2545.3000713825227,-71.61584208967433,-71.61584208967433
2545.3100713825224,-71.61891969507343,-71.61891969507343
2545.3200713825227,-71.62198944994105,-71.62198944994105
2545.3300713825224,-71.62501997114971,-71.62501997114971
2545.3400713825226,-71.6280030019655,-71.6280030019655
2545.3500713825224,-71.63093505245398,-71.63093505245398
2545.3600713825226,-71.63381328128052,-71.63381328128052
2545.3700713825224,-71.63663496792674,-71.63663496792674
2545.3800713825226,-71.63939756168486,-71.63939756168486
2545.3900713825224,-71.642098758805,-71.642098758805
2545.4000713825226,-71.64473653856456,-71.64473653856456
2545.410071382523,-71.64730916697687,-71.64730916697687
2545.4200713825226,-71.6498151825945,-71.6498151825945
2545.430071382523,-71.65225337424889,-71.65225337424889
2545.4400713825225,-71.65462275624188,-71.65462275624188
2545.4500713825228,-71.65692254398061,-71.65692254398061
2545.4600713825225,-71.65914588484675,-71.65914588484675
2545.4700713825227,-71.66128959582382,-71.66128959582382
2545.4800713825225,-71.66335203819858,-71.66335203819858
2545.4900713825227,-71.66533234792246,-71.66533234792246
2545.5000713825225,-71.66723013411732,-71.66723013411732
2545.5100713825227,-71.66904531762339,-71.66904531762339
2545.5200713825225,-71.67077803285467,-71.67077803285467
2545.5300713825227,-71.67242856599745,-71.67242856599745
2545.5400713825225,-71.67399731525487,-71.67399731525487
2545.5500713825227,-71.67548476469302,-71.67548476469302
2545.5600713825224,-71.67689146663552,-71.67689146663552
2545.5700713825227,-71.67821802934024,-71.67821802934024
2545.5800713825224,-71.67946510817632,-71.67946510817632
2545.5900713825226,-71.68063339896803,-71.68063339896803
2545.6000713825224,-71.68172363292491,-71.68172363292491
2545.6100713825226,-71.68273657246813,-71.68273657246813
2545.6200713825224,-71.68367300786772,-71.68367300786772
2545.6300713825226,-71.6845337542847,-71.6845337542847
2545.6400713825224,-71.68531964923466,-71.68531964923466
2545.6500713825226,-71.68603155029095,-71.68603155029095
2545.660071382523,-71.68667033305212,-71.68667033305212
2545.6700713825226,-71.68723688923362,-71.68723688923362
2545.680071382523,-71.68773212493319,-71.68773212493319
2545.6900713825225,-71.68815695902593,-71.68815695902593
2545.7000713825228,-71.68851232163776,-71.68851232163776
2545.7100713825225,-71.68879915276216,-71.68879915276216
2545.7200713825227,-71.68901840093531,-71.68901840093531
2545.7300713825225,-71.68917102200815,-71.68917102200815
2545.7400713825227,-71.68925797800213,-71.68925797800213
2545.7500714063644,-71.68928023605359,-71.68928023605359
2545.7600714063647,-71.68923876703212,-71.68923876703212
2545.7700714063644,-71.68913454548691,-71.68913454548691
2545.7800714063646,-71.68896854789021,-71.68896854789021
2545.7900714063644,-71.68874175211998,-71.68874175211998
2545.8000714063646,-71.68845513665399,-71.68845513665399
2545.8100714063644,-71.68810967986411,-71.68810967986411
2545.8200714063646,-71.68770635930865,-71.68770635930865
2545.8300714063644,-71.68724615108378,-71.68724615108378
2545.8400714063646,-71.68673002923629,-71.68673002923629
2545.8500714063643,-71.68615896521827,-71.68615896521827
2545.8600714063646,-71.68553392734941,-71.68553392734941
2545.8700714063643,-71.684855880341,-71.684855880341
2545.8800714063646,-71.68412578483577,-71.68412578483577
2545.8900714063643,-71.68334459699436,-71.68334459699436
2545.9000714063645,-71.68251326809968,-71.68251326809968
2545.9100714063643,-71.6816327441974,-71.6816327441974
2545.9200714063645,-71.68070396576412,-71.68070396576412
2545.9300714063643,-71.67972786738407,-71.67972786738407
2545.9400714063645,-71.67870537747886,-71.67870537747886
2545.9500714063643,-71.67763741802202,-71.67763741802202
2545.9600714063645,-71.67652490430525,-71.67652490430525
2545.9700714063642,-71.67536874471722,-71.67536874471722
2545.9800714063645,-71.67416984052556,-71.67416984052556
2545.990071406364,-71.67292908569578,-71.67292908569578
2546.0000714063644,-71.67164736671256,-71.67164736671256
2546.0100714063647,-71.67032556242827,-71.67032556242827
2546.0200714063644,-71.66895582521838,-71.66895582521838
2546.0300714063646,-71.66752889849943,-71.66752889849943
2546.0400714063644,-71.66603689790902,-71.66603689790902
2546.0500714063646,-71.6644735655727,-71.6644735655727
2546.0600714063644,-71.66283393497316,-71.66283393497316
2546.0700714063646,-71.66111400132948,-71.66111400132948
2546.0800714063644,-71.65931049404305,-71.65931049404305
2546.0900714063646,-71.65742072992629,-71.65742072992629
2546.1000714063643,-71.65544251596192,-71.65544251596192
2546.1100714063646,-71.65337408004604,-71.65337408004604
2546.1200714063643,-71.65121401773547,-71.65121401773547
2546.1300714063646,-71.64896124864727,-71.64896124864727
2546.1400714063643,-71.64661497920454,-71.64661497920454
2546.1500714063645,-71.64417467011593,-71.64417467011593
2546.1600714063643,-71.64164000764552,-71.64164000764552
2546.1700714063645,-71.63901087808877,-71.63901087808877
2546.1800714063643,-71.63628734509624,-71.63628734509624
2546.1900714063645,-71.63346962951056,-71.63346962951056
2546.2000714063643,-71.63055809140441,-71.63055809140441
2546.2100714063645,-71.62755321420443,-71.62755321420443
2546.2200714063642,-71.62445559049246,-71.62445559049246
2546.2300714063645,-71.62126590946954,-71.62126590946954
2546.240071406364,-71.61798494578505,-71.61798494578505
2546.2500714063644,-71.61461354959006,-71.61461354959006
2546.2600714063647,-71.61115263771063,-71.61115263771063
2546.2700714063644,-71.60760318578124,-71.60760318578124
2546.2800714063646,-71.60396622119534,-71.60396622119534
2546.2900714063644,-71.60024281686337,-71.60024281686337
2546.3000714063646,-71.59643408558142,-71.59643408558142
2546.3100714063644,-71.59254117498769,-71.59254117498769
2546.3200714063646,-71.58856526311045,-71.58856526311045
2546.3300714063644,-71.58450755424606,-71.58450755424606
2546.3400714063646,-71.58036927536186,-71.58036927536186
2546.3500714063643,-71.5761516727955,-71.5761516727955
2546.3600714063646,-71.57185600928216,-71.57185600928216
2546.3700714063643,-71.56748356129023,-71.56748356129023
2546.3800714063646,-71.56303561657998,-71.56303561657998
2546.3900714063643,-71.5585134720254,-71.5585134720254
2546.4000714063645,-71.55391843159167,-71.55391843159167
2546.4100714063643,-71.54925180456644,-71.54925180456644
2546.4200714063645,-71.54451490386519,-71.54451490386519
2546.4300714063643,-71.53970904457184,-71.53970904457184
2546.4400714063645,-71.53483554255743,-71.53483554255743
2546.4500714063643,-71.52989571323373,-71.52989571323373
2546.4600714063645,-71.52489087043213,-71.52489087043213
2546.4700714063642,-71.51982232534532,-71.51982232534532
2546.4800714063645,-71.51469138560137,-71.51469138560137
2546.490071406364,-71.50949935440356,-71.50949935440356
2546.5000714063644,-71.50424752971793,-71.50424752971793
2546.5100714063647,-71.49893720356576,-71.49893720356576
2546.5200714063644,-71.49356966137995,-71.49356966137995
2546.5300714063646,-71.4881461813729,-71.4881461813729
2546.5400714063644,-71.48266803402224,-71.48266803402224
2546.5500714063646,-71.47713648154348,-71.47713648154348
2546.5600714063644,-71.47155277743258,-71.47155277743258
2546.5700714063646,-71.46591816608591,-71.46591816608591
2546.5800714063644,-71.46023388238025,-71.46023388238025
2546.5900714063646,-71.4545011513495,-71.4545011513495
2546.6000714302063,-71.44872117410104,-71.44872117410104
2546.6100714302065,-71.44289518250558,-71.44289518250558
2546.6200714302063,-71.43702435667926,-71.43702435667926
2546.6300714302065,-71.43110987944229,-71.43110987944229
2546.6400714302063,-71.42515292252067,-71.42515292252067
2546.6500714302065,-71.41915464632847,-71.41915464632847
2546.6600714302062,-71.41311619980125,-71.41311619980125
2546.6700714302065,-71.40703872028175,-71.40703872028175
2546.680071430206,-71.40092333337054,-71.40092333337054
2546.6900714302064,-71.39477115283987,-71.39477115283987
2546.700071430206,-71.38858328051577,-71.38858328051577
2546.7100714302064,-71.3823545881393,-71.3823545881393
2546.720071430206,-71.37608343592865,-71.37608343592865
2546.7300714302064,-71.36976957406283,-71.36976957406283
2546.740071430206,-71.36341339128552,-71.36341339128552
2546.7500714302064,-71.35701562746463,-71.35701562746463
2546.760071430206,-71.35057722384201,-71.35057722384201
2546.7700714302064,-71.3440992350344,-71.3440992350344
2546.780071430206,-71.33758277599587,-71.33758277599587
2546.7900714302064,-71.33102899005999,-71.33102899005999
2546.800071430206,-71.32443902972634,-71.32443902972634
2546.8100714302063,-71.31781404518529,-71.31781404518529
2546.820071430206,-71.31115517760453,-71.31115517760453
2546.8300714302063,-71.30446355524836,-71.30446355524836
2546.840071430206,-71.2977402914455,-71.2977402914455
2546.8500714302063,-71.29098648352874,-71.29098648352874
2546.8600714302065,-71.28420321248893,-71.28420321248893
2546.8700714302063,-71.27739154299267,-71.27739154299267
2546.8800714302065,-71.27055252356075,-71.27055252356075
2546.8900714302063,-71.26368718693851,-71.26368718693851
2546.9000714302065,-71.25679655042268,-71.25679655042268
2546.9100714302062,-71.24988161629184,-71.24988161629184
2546.9200714302065,-71.24294337215449,-71.24294337215449
2546.930071430206,-71.23598279130046,-71.23598279130046
2546.9400714302064,-71.22900083304896,-71.22900083304896
2546.950071430206,-71.22199844302573,-71.22199844302573
2546.9600714302064,-71.2149765534702,-71.2149765534702
2546.970071430206,-71.20793608346338,-71.20793608346338
2546.9800714302064,-71.20087793917021,-71.20087793917021
2546.990071430206,-71.19380301403787,-71.19380301403787
2547.0000714302064,-71.18671218900293,-71.18671218900293
2547.010071430206,-71.17960633265795,-71.17960633265795
2547.0200714302064,-71.17248630142385,-71.17248630142385
2547.030071430206,-71.16535293969733,-71.16535293969733
2547.0400714302064,-71.1582070800083,-71.1582070800083
2547.050071430206,-71.15104954313935,-71.15104954313935
2547.0600714302063,-71.14388113827798,-71.14388113827798
2547.070071430206,-71.1367026631205,-71.1367026631205
2547.0800714302063,-71.12951490400886,-71.12951490400886
2547.090071430206,-71.12231863604312,-71.12231863604312
2547.1000714302063,-71.11511462318393,-71.11511462318393
2547.1100714302065,-71.10790361838919,-71.10790361838919
2547.1200714302063,-71.1006863636983,-71.1006863636983
2547.1300714302065,-71.09346359035634,-71.09346359035634
2547.1400714302063,-71.0862360189109,-71.0862360189109
2547.1500714302065,-71.07900435931784,-71.07900435931784
2547.1600714302062,-71.07176931105388,-71.07176931105388
2547.1700714302065,-71.06453156320143,-71.06453156320143
2547.180071430206,-71.05729179458227,-71.05729179458227
2547.1900714302064,-71.05005067381812,-71.05005067381812
2547.200071430206,-71.04280885947962,-71.04280885947962
2547.2100714302064,-71.035560813529,-71.035560813529
2547.220071430206,-71.028304471881,-71.028304471881
2547.2300714302064,-71.02103915668084,-71.02103915668084
2547.240071430206,-71.01376482864097,-71.01376482864097
2547.2500714302064,-71.00648180089337,-71.00648180089337
2547.260071430206,-70.99919058989158,-70.99919058989158
2547.2700714302064,-70.9918918277205,-70.9918918277205
2547.280071430206,-70.98458620933792,-70.98458620933792
2547.2900714302064,-70.97727446070733,-70.97727446070733
2547.300071430206,-70.96995731973973,-70.96995731973973
2547.3100714302063,-70.96263552492378,-70.96263552492378
2547.320071430206,-70.95530980869792,-70.95530980869792
2547.3300714302063,-70.94798089366374,-70.94798089366374
2547.340071430206,-70.94064949058892,-70.94064949058892
2547.3500714302063,-70.93331629747188,-70.93331629747188
2547.3600714302065,-70.92598199924038,-70.92598199924038
2547.3700714302063,-70.91864726780317,-70.91864726780317
2547.3800714302065,-70.91131276232827,-70.91131276232827
2547.3900714302063,-70.90397912961352,-70.90397912961352
2547.4000714302065,-70.89664700451002,-70.89664700451002
2547.4100714302062,-70.8893170103381,-70.8893170103381
2547.4200714302065,-70.88198975929791,-70.88198975929791
2547.430071430206,-70.87466585286852,-70.87466585286852
2547.4400714302064,-70.8673458821218,-70.8673458821218
2547.450071454048,-70.86003041067445,-70.86003041067445
2547.4600714540484,-70.85272004465953,-70.85272004465953
2547.470071454048,-70.84541532843018,-70.84541532843018
2547.4800714540484,-70.83811681451256,-70.83811681451256
2547.490071454048,-70.83082504639813,-70.83082504639813
2547.5000714540483,-70.82354055874075,-70.82354055874075
2547.510071454048,-70.81626387754693,-70.81626387754693
2547.5200714540483,-70.80899552032037,-70.80899552032037
2547.530071454048,-70.80173599624874,-70.80173599624874
2547.5400714540483,-70.79448580629854,-70.79448580629854
2547.550071454048,-70.7872454433949,-70.7872454433949
2547.5600714540483,-70.78001539249483,-70.78001539249483
2547.570071454048,-70.77279613076036,-70.77279613076036
2547.5800714540483,-70.76558812760902,-70.76558812760902
2547.590071454048,-70.75839184485862,-70.75839184485862
2547.6000714540482,-70.75120773680595,-70.75120773680595
2547.610071454048,-70.74403625032816,-70.74403625032816
2547.6200714540482,-70.7368778249802,-70.7368778249802
2547.630071454048,-70.72973289306717,-70.72973289306717
2547.640071454048,-70.72260187976555,-70.72260187976555
2547.650071454048,-70.71548520315396,-70.71548520315396
2547.660071454048,-70.70834451605803,-70.70834451605803
2547.670071454048,-70.70117562241143,-70.70117562241143
2547.680071454048,-70.69397716206463,-70.69397716206463
2547.690071454048,-70.68674791333041,-70.68674791333041
2547.700071454048,-70.67948680574366,-70.67948680574366
2547.7100714540484,-70.67219295419676,-70.67219295419676
2547.720071454048,-70.66486563394601,-70.66486563394601
2547.7300714540484,-70.65750424802211,-70.65750424802211
2547.740071454048,-70.65010830363849,-70.65010830363849
2547.7500714540483,-70.64267739795484,-70.64267739795484
2547.760071454048,-70.63521121000288,-70.63521121000288
2547.7700714540483,-70.62770949581633,-70.62770949581633
2547.780071454048,-70.6201720851399,-70.6201720851399
2547.7900714540483,-70.61259887862585,-70.61259887862585
2547.800071454048,-70.6049898450462,-70.6049898450462
2547.8100714540483,-70.59734501838874,-70.59734501838874
2547.820071454048,-70.58966449481497,-70.58966449481497
2547.8300714540483,-70.5819484293967,-70.5819484293967
2547.840071454048,-70.57419703284378,-70.57419703284378
2547.8500714540482,-70.5664105681432,-70.5664105681432
2547.860071454048,-70.5585893472117,-70.5585893472117
2547.8700714540482,-70.55073372762628,-70.55073372762628
2547.880071454048,-70.54284410942066,-70.54284410942066
2547.890071454048,-70.53492093198373,-70.53492093198373
2547.900071454048,-70.52696467108589,-70.52696467108589
2547.910071454048,-70.51897583601802,-70.51897583601802
2547.920071454048,-70.51095496690044,-70.51095496690044
2547.930071454048,-70.50290263206752,-70.50290263206752
2547.940071454048,-70.49481942566463,-70.49481942566463
2547.950071454048,-70.4867059652955,-70.4867059652955
2547.9600714540484,-70.47855675394034,-70.47855675394034
2547.970071454048,-70.4703697700064,-70.4703697700064
2547.9800714540484,-70.46214439460952,-70.46214439460952
2547.990071454048,-70.45388066795343,-70.45388066795343
2548.0000714540483,-70.44557900355565,-70.44557900355565
2548.010071454048,-70.43724003849533,-70.43724003849533
2548.0200714540483,-70.42886454469898,-70.42886454469898
2548.030071454048,-70.42045337500159,-70.42045337500159
2548.0400714540483,-70.4120074301104,-70.4120074301104
2548.050071454048,-70.40352763831287,-70.40352763831287
2548.0600714540483,-70.3950149429425,-70.3950149429425
2548.070071454048,-70.38647029462933,-70.38647029462933
2548.0800714540483,-70.37789464646308,-70.37789464646308
2548.090071454048,-70.36928895101384,-70.36928895101384
2548.1000714540482,-70.36065415842708,-70.36065415842708
2548.110071454048,-70.35199121525234,-70.35199121525234
2548.1200714540482,-70.34330106365884,-70.34330106365884
2548.130071454048,-70.33458464096306,-70.33458464096306
2548.140071454048,-70.3258428792242,-70.3258428792242
2548.150071454048,-70.31707670504153,-70.31707670504153
2548.160071454048,-70.3082870392789,-70.3082870392789
2548.170071454048,-70.29947479691674,-70.29947479691674
2548.180071454048,-70.29064088686076,-70.29064088686076
2548.190071454048,-70.28178621177494,-70.28178621177494
2548.200071454048,-70.27291166791818,-70.27291166791818
2548.2100714540484,-70.26401814497464,-70.26401814497464
2548.220071454048,-70.25510652591497,-70.25510652591497
2548.2300714540484,-70.24617768678102,-70.24617768678102
2548.240071454048,-70.2372324965952,-70.2372324965952
2548.2500714540483,-70.2282718171614,-70.2282718171614
2548.260071454048,-70.2192965029545,-70.2192965029545
2548.2700714540483,-70.21030740094808,-70.21030740094808
2548.280071454048,-70.2013053504935,-70.2013053504935
2548.2900714540483,-70.19229118319865,-70.19229118319865
2548.30007147789,-70.18326570130935,-70.18326570130935
2548.3100714778902,-70.17422976352114,-70.17422976352114
2548.32007147789,-70.16518415612364,-70.16518415612364
2548.33007147789,-70.1561296786018,-70.1561296786018
2548.34007147789,-70.14706712222444,-70.14706712222444
2548.35007147789,-70.13799726992694,-70.13799726992694
2548.36007147789,-70.12892089623773,-70.12892089623773
2548.37007147789,-70.11983876724108,-70.11983876724108
2548.38007147789,-70.11075164049922,-70.11075164049922
2548.39007147789,-70.1016602650108,-70.1016602650108
2548.40007147789,-70.0925653812118,-70.0925653812118
2548.41007147789,-70.0834677208808,-70.0834677208808
2548.42007147789,-70.07436800717029,-70.07436800717029
2548.43007147789,-70.06526695455422,-70.06526695455422
2548.44007147789,-70.05616526883762,-70.05616526883762
2548.45007147789,-70.04706364714609,-70.04706364714609
2548.46007147789,-70.03795668276862,-70.03795668276862
2548.47007147789,-70.02884239385781,-70.02884239385781
2548.48007147789,-70.01972016658095,-70.01972016658095
2548.49007147789,-70.01059001818162,-70.01059001818162
2548.50007147789,-70.00145231465028,-70.00145231465028
2548.51007147789,-69.99230762343106,-69.99230762343106
2548.52007147789,-69.983156626711,-69.983156626711
2548.53007147789,-69.97400006913908,-69.97400006913908
2548.54007147789,-69.96483872633424,-69.96483872633424
2548.55007147789,-69.95567338589439,-69.95567338589439
2548.5600714778902,-69.94650483613077,-69.94650483613077
2548.57007147789,-69.9373338594457,-69.9373338594457
2548.58007147789,-69.92816122856071,-69.92816122856071
2548.59007147789,-69.91898770450935,-69.91898770450935
2548.60007147789,-69.90981403565138,-69.90981403565138
2548.61007147789,-69.90064095737127,-69.90064095737127
2548.62007147789,-69.89146919209217,-69.89146919209217
2548.63007147789,-69.882299449538,-69.882299449538
2548.64007147789,-69.87313242707164,-69.87313242707164
2548.65007147789,-69.8639688100816,-69.8639688100816
2548.66007147789,-69.85480927239614,-69.85480927239614
2548.67007147789,-69.8456544766492,-69.8456544766492
2548.68007147789,-69.83650507466476,-69.83650507466476
2548.69007147789,-69.8273617077752,-69.8273617077752
2548.70007147789,-69.81822500712215,-69.81822500712215
2548.71007147789,-69.80909559395135,-69.80909559395135
2548.72007147789,-69.79997407983628,-69.79997407983628
2548.73007147789,-69.79086106693136,-69.79086106693136
2548.74007147789,-69.78175714814039,-69.78175714814039
2548.75007147789,-69.7726629073341,-69.7726629073341
2548.76007147789,-69.76357891948044,-69.76357891948044
2548.77007147789,-69.75450575082654,-69.75450575082654
2548.78007147789,-69.74544395902107,-69.74544395902107
2548.79007147789,-69.73639409324602,-69.73639409324602
2548.80007147789,-69.72735669433723,-69.72735669433723
2548.8100714778902,-69.71833229489829,-69.71833229489829
2548.82007147789,-69.70928048502157,-69.70928048502157
2548.83007147789,-69.70017804421694,-69.70017804421694
2548.84007147789,-69.69101342560536,-69.69101342560536
2548.85007147789,-69.68178130403881,-69.68178130403881
2548.86007147789,-69.67247969232682,-69.67247969232682
2548.87007147789,-69.66310841824065,-69.66310841824065
2548.88007147789,-69.65366829400435,-69.65366829400435
2548.89007147789,-69.64416065391137,-69.64416065391137
2548.90007147789,-69.6345870941635,-69.6345870941635
2548.91007147789,-69.62494932621921,-69.62494932621921
2548.92007147789,-69.61524909495097,-69.61524909495097
2548.93007147789,-69.60548813405288,-69.60548813405288
2548.94007147789,-69.59566814314684,-69.59566814314684
2548.95007147789,-69.5857907772535,-69.5857907772535
2548.96007147789,-69.57585764346136,-69.57585764346136
2548.97007147789,-69.56587030148208,-69.56587030148208
2548.98007147789,-69.55583026630293,-69.55583026630293
2548.99007147789,-69.54573901175766,-69.54573901175766
2549.00007147789,-69.53559797442557,-69.53559797442557
2549.01007147789,-69.52540855747606,-69.52540855747606
2549.02007147789,-69.51517213427121,-69.51517213427121
2549.03007147789,-69.504890051587,-69.504890051587
2549.04007147789,-69.49456363255494,-69.49456363255494
2549.05007147789,-69.48419417914786,-69.48419417914786
2549.0600714778902,-69.4737829743498,-69.4737829743498
2549.07007147789,-69.46333128401473,-69.46333128401473
2549.08007147789,-69.45284035842306,-69.45284035842306
2549.09007147789,-69.44231143361438,-69.44231143361438
2549.10007147789,-69.43174573245288,-69.43174573245288
2549.11007147789,-69.42114446554916,-69.42114446554916
2549.12007147789,-69.41050883199031,-69.41050883199031
2549.13007147789,-69.3998400199464,-69.3998400199464
2549.14007147789,-69.38913920712821,-69.38913920712821
2549.150071501732,-69.3784075356361,-69.3784075356361
2549.160071501732,-69.36764621431965,-69.36764621431965
2549.170071501732,-69.35685636610923,-69.35685636610923
2549.180071501732,-69.34603912988888,-69.34603912988888
2549.190071501732,-69.33519563527157,-69.33519563527157
2549.200071501732,-69.32432700264107,-69.32432700264107
2549.210071501732,-69.31342831831047,-69.31342831831047
2549.220071501732,-69.30249805722495,-69.30249805722495
2549.230071501732,-69.29153604696127,-69.29153604696127
2549.240071501732,-69.28054273836453,-69.28054273836453
2549.250071501732,-69.2695189261793,-69.2695189261793
2549.260071501732,-69.2584656032463,-69.2584656032463
2549.2700715017318,-69.24738387467363,-69.24738387467363
2549.280071501732,-69.23627490606064,-69.23627490606064
2549.2900715017317,-69.22513989224426,-69.22513989224426
2549.300071501732,-69.21398003843565,-69.21398003843565
2549.3100715017317,-69.20279654898866,-69.20279654898866
2549.320071501732,-69.19159062072778,-69.19159062072778
2549.3300715017317,-69.18036343912884,-69.18036343912884
2549.340071501732,-69.16911617622931,-69.16911617622931
2549.3500715017317,-69.1578499895372,-69.1578499895372
2549.360071501732,-69.14656602161176,-69.14656602161176
2549.3700715017317,-69.13526539999162,-69.13526539999162
2549.380071501732,-69.12394923731298,-69.12394923731298
2549.3900715017317,-69.11261863156214,-69.11261863156214
2549.400071501732,-69.1012746663433,-69.1012746663433
2549.410071501732,-69.089918411201,-69.089918411201
2549.420071501732,-69.07855092186071,-69.07855092186071
2549.430071501732,-69.06717324052399,-69.06717324052399
2549.440071501732,-69.05578639609247,-69.05578639609247
2549.450071501732,-69.04439140439496,-69.04439140439496
2549.460071501732,-69.03298926835926,-69.03298926835926
2549.470071501732,-69.02158097819849,-69.02158097819849
2549.480071501732,-69.01016751154214,-69.01016751154214
2549.490071501732,-68.9987498335679,-68.9987498335679
2549.500071501732,-68.98732889713902,-68.98732889713902
2549.510071501732,-68.97590564287009,-68.97590564287009
2549.5200715017318,-68.96448099924913,-68.96448099924913
2549.530071501732,-68.9530558827033,-68.9530558827033
2549.5400715017317,-68.94163119769468,-68.94163119769468
2549.550071501732,-68.93020783677306,-68.93020783677306
2549.5600715017317,-68.91878668065198,-68.91878668065198
2549.570071501732,-68.90736859827756,-68.90736859827756
2549.5800715017317,-68.8959544468918,-68.8959544468918
2549.590071501732,-68.88454507208758,-68.88454507208758
2549.6000715017317,-68.8731413078817,-68.8731413078817
2549.610071501732,-68.8617439767638,-68.8617439767638
2549.6200715017317,-68.85035388976239,-68.85035388976239
2549.630071501732,-68.83897184651096,-68.83897184651096
2549.6400715017317,-68.82759863530757,-68.82759863530757
2549.650071501732,-68.81623503318548,-68.81623503318548
2549.660071501732,-68.80488180597064,-68.80488180597064
2549.670071501732,-68.79353970834686,-68.79353970834686
2549.680071501732,-68.78220948393465,-68.78220948393465
2549.690071501732,-68.77089186535997,-68.77089186535997
2549.700071501732,-68.75958757430789,-68.75958757430789
2549.710071501732,-68.74829732163332,-68.74829732163332
2549.720071501732,-68.73702180737872,-68.73702180737872
2549.730071501732,-68.72576172091799,-68.72576172091799
2549.740071501732,-68.7145177409827,-68.7145177409827
2549.750071501732,-68.70329053575426,-68.70329053575426
2549.760071501732,-68.69208076296219,-68.69208076296219
2549.7700715017318,-68.68088906994952,-68.68088906994952
2549.780071501732,-68.66971609375824,-68.66971609375824
2549.7900715017317,-68.65856246121632,-68.65856246121632
2549.800071501732,-68.64742878901986,-68.64742878901986
2549.8100715017317,-68.63631568383133,-68.63631568383133
2549.820071501732,-68.62522374235573,-68.62522374235573
2549.8300715017317,-68.61415355142802,-68.61415355142802
2549.840071501732,-68.60310568810465,-68.60310568810465
2549.8500715017317,-68.59208071977422,-68.59208071977422
2549.860071501732,-68.58107920421396,-68.58107920421396
2549.8700715017317,-68.57010168971152,-68.57010168971152
2549.880071501732,-68.55914871514372,-68.55914871514372
2549.8900715017317,-68.54822081006522,-68.54822081006522
2549.900071501732,-68.5373184948096,-68.5373184948096
2549.910071501732,-68.52644228057774,-68.52644228057774
2549.920071501732,-68.51559266955137,-68.51559266955137
2549.930071501732,-68.50477015496145,-68.50477015496145
2549.940071501732,-68.493975221193,-68.493975221193
2549.950071501732,-68.48320834387727,-68.48320834387727
2549.960071501732,-68.47246404267472,-68.47246404267472
2549.970071501732,-68.46174018566708,-68.46174018566708
2549.980071501732,-68.45103597708915,-68.45103597708915
2549.990071501732,-68.44035123689378,-68.44035123689378
2550.0000715255737,-68.4296860995724,-68.4296860995724
2550.010071525574,-68.41904097198406,-68.41904097198406
2550.0200715255737,-68.40841629636924,-68.40841629636924
2550.030071525574,-68.39781260106977,-68.39781260106977
2550.0400715255737,-68.38723044446256,-68.38723044446256
2550.050071525574,-68.3766703965663,-68.3766703965663
2550.0600715255737,-68.36613302815029,-68.36613302815029
2550.070071525574,-68.35561890435686,-68.35561890435686
2550.0800715255737,-68.34512858112761,-68.34512858112761
2550.090071525574,-68.33466260331551,-68.33466260331551
2550.1000715255736,-68.3242215038391,-68.3242215038391
2550.110071525574,-68.31380580340414,-68.31380580340414
2550.1200715255736,-68.30341601062504,-68.30341601062504
2550.130071525574,-68.29305262230856,-68.29305262230856
2550.1400715255736,-68.28271612385468,-68.28271612385468
2550.150071525574,-68.27240698968019,-68.27240698968019
2550.1600715255736,-68.26212568365206,-68.26212568365206
2550.170071525574,-68.25187265949197,-68.25187265949197
2550.1800715255736,-68.24164836120529,-68.24164836120529
2550.190071525574,-68.23145322338027,-68.23145322338027
2550.2000715255735,-68.22128767157362,-68.22128767157362
2550.2100715255738,-68.21114619848709,-68.21114619848709
2550.2200715255735,-68.20102663263465,-68.20102663263465
2550.2300715255737,-68.1909281335747,-68.1909281335747
2550.2400715255735,-68.18085047437982,-68.18085047437982
2550.2500715255737,-68.17079376699645,-68.17079376699645
2550.260071525574,-68.1607583191818,-68.1607583191818
2550.2700715255737,-68.15074455034838,-68.15074455034838
2550.280071525574,-68.14075294093162,-68.14075294093162
2550.2900715255737,-68.13078400189308,-68.13078400189308
2550.300071525574,-68.12083825647895,-68.12083825647895
2550.3100715255737,-68.11091622938262,-68.11091622938262
2550.320071525574,-68.1010184404109,-68.1010184404109
2550.3300715255737,-68.09114540097814,-68.09114540097814
2550.340071525574,-68.08129761222848,-68.08129761222848
2550.3500715255736,-68.07147556417347,-68.07147556417347
2550.360071525574,-68.06167973545463,-68.06167973545463
2550.3700715255736,-68.05191059345043,-68.05191059345043
2550.380071525574,-68.04216859454402,-68.04216859454402
2550.3900715255736,-68.03245418454179,-68.03245418454179
2550.400071525574,-68.02276779906296,-68.02276779906296
2550.4100715255736,-68.01310986397436,-68.01310986397436
2550.420071525574,-68.00348079578707,-68.00348079578707
2550.4300715255736,-67.99388100204263,-67.99388100204263
2550.440071525574,-67.9843108816469,-67.9843108816469
2550.4500715255735,-67.97477082519605,-67.97477082519605
2550.4600715255738,-67.96526121523316,-67.96526121523316
2550.4700715255735,-67.95578242653248,-67.95578242653248
2550.4800715255737,-67.94633482630312,-67.94633482630312
2550.4900715255735,-67.93691877441054,-67.93691877441054
2550.5000715255737,-67.92753462354312,-67.92753462354312
2550.510071525574,-67.9181827193727,-67.9181827193727
2550.5200715255737,-67.90886340073642,-67.90886340073642
2550.530071525574,-67.89957699972886,-67.89957699972886
2550.5400715255737,-67.89032384187044,-67.89032384187044
2550.550071525574,-67.8811042461878,-67.8811042461878
2550.5600715255737,-67.8719185253438,-67.8719185253438
2550.570071525574,-67.86276698570934,-67.86276698570934
2550.5800715255737,-67.85364992749784,-67.85364992749784
2550.590071525574,-67.84456764479985,-67.84456764479985
2550.6000715255736,-67.83552042571345,-67.83552042571345
2550.610071525574,-67.82650855239305,-67.82650855239305
2550.6200715255736,-67.81753230113947,-67.81753230113947
2550.630071525574,-67.80859194246138,-67.80859194246138
2550.6400715255736,-67.79968774116789,-67.79968774116789
2550.650071525574,-67.79081995640016,-67.79081995640016
2550.6600715255736,-67.78198884173676,-67.78198884173676
2550.670071525574,-67.77319464523366,-67.77319464523366
2550.6800715255736,-67.76443760949662,-67.76443760949662
2550.690071525574,-67.7557179717444,-67.7557179717444
2550.7000715255735,-67.7470359638648,-67.7470359638648
2550.7100715255738,-67.73839181249079,-67.73839181249079
2550.7200715255735,-67.72978573904075,-67.72978573904075
2550.7300715255737,-67.7212179597914,-67.7212179597914
2550.7400715255735,-67.71268868592925,-67.71268868592925
2550.7500715255737,-67.70419812362266,-67.70419812362266
2550.760071525574,-67.69574647405479,-67.69574647405479
2550.7700715255737,-67.68733393351498,-67.68733393351498
2550.780071525574,-67.6789606934334,-67.6789606934334
2550.7900715255737,-67.67062694043804,-67.67062694043804
2550.800071525574,-67.66233285642535,-67.66233285642535
2550.8100715255737,-67.65407861860587,-67.65407861860587
2550.820071525574,-67.6458643995617,-67.6458643995617
2550.8300715255737,-67.63769036731455,-67.63769036731455
2550.840071525574,-67.62955668535874,-67.62955668535874
2550.8500715494156,-67.62146349347621,-67.62146349347621
2550.860071549416,-67.61341098493776,-67.61341098493776
2550.8700715494156,-67.60539929066286,-67.60539929066286
2550.880071549416,-67.59742855664759,-67.59742855664759
2550.8900715494156,-67.58949892466185,-67.58949892466185
2550.9000715494158,-67.58161053227344,-67.58161053227344
2550.9100715494155,-67.5737635129314,-67.5737635129314
2550.9200715494158,-67.56595799599516,-67.56595799599516
2550.9300715494155,-67.558194106816,-67.558194106816
2550.9400715494157,-67.55047196676705,-67.55047196676705
2550.9500715494155,-67.54279169330921,-67.54279169330921
2550.9600715494157,-67.53515340002264,-67.53515340002264
2550.9700715494155,-67.52755719668873,-67.52755719668873
2550.9800715494157,-67.52000318931373,-67.52000318931373
2550.9900715494155,-67.51249148021097,-67.51249148021097
2551.0000715494157,-67.50502216801698,-67.50502216801698
2551.0100715494154,-67.49759534776618,-67.49759534776618
2551.0200715494157,-67.49021111094264,-67.49021111094264
2551.0300715494154,-67.48286954550291,-67.48286954550291
2551.0400715494156,-67.47557073594598,-67.47557073594598
2551.0500715494154,-67.46831476337485,-67.46831476337485
2551.0600715494156,-67.46110170551198,-67.46110170551198
2551.0700715494154,-67.45393163677802,-67.45393163677802
2551.0800715494156,-67.44680462831698,-67.44680462831698
2551.0900715494154,-67.43972074805703,-67.43972074805703
2551.1000715494156,-67.43268006075016,-67.43268006075016
2551.110071549416,-67.42568262802631,-67.42568262802631
2551.1200715494156,-67.41872850843525,-67.41872850843525
2551.130071549416,-67.41181775748147,-67.41181775748147
2551.1400715494156,-67.40495042768826,-67.40495042768826
2551.1500715494158,-67.39812656862598,-67.39812656862598
2551.1600715494155,-67.39134622697264,-67.39134622697264
2551.1700715494158,-67.38460944653042,-67.38460944653042
2551.1800715494155,-67.37791626830342,-67.37791626830342
2551.1900715494157,-67.37126673051547,-67.37126673051547
2551.2000715494155,-67.36466086866893,-67.36466086866893
2551.2100715494157,-67.35809871555837,-67.35809871555837
2551.2200715494155,-67.35158030134939,-67.35158030134939
2551.2300715494157,-67.3451056535911,-67.3451056535911
2551.2400715494155,-67.33867479727341,-67.33867479727341
2551.2500715494157,-67.33228775485715,-67.33228775485715
2551.2600715494154,-67.32594454632049,-67.32594454632049
2551.2700715494157,-67.31964518918302,-67.31964518918302
2551.2800715494154,-67.31338969857099,-67.31338969857099
2551.2900715494156,-67.30717808722171,-67.30717808722171
2551.3000715494154,-67.30101036555412,-67.30101036555412
2551.3100715494156,-67.29488654168883,-67.29488654168883
2551.3200715494154,-67.2888066214777,-67.2888066214777
2551.3300715494156,-67.28277060856317,-67.28277060856317
2551.3400715494154,-67.27677850439123,-67.27677850439123
2551.3500715494156,-67.27083030825877,-67.27083030825877
2551.360071549416,-67.26492601734306,-67.26492601734306
2551.3700715494156,-67.25906562674251,-67.25906562674251
2551.380071549416,-67.25324912951113,-67.25324912951113
2551.3900715494156,-67.24747651668658,-67.24747651668658
2551.4000715494158,-67.24174777731047,-67.24174777731047
2551.4100715494155,-67.23606289849917,-67.23606289849917
2551.4200715494158,-67.23042186543543,-67.23042186543543
2551.4300715494155,-67.22482466142547,-67.22482466142547
2551.4400715494157,-67.21927126791898,-67.21927126791898
2551.4500715494155,-67.21376166455252,-67.21376166455252
2551.4600715494157,-67.20829582915506,-67.20829582915506
2551.4700715494155,-67.20287373781125,-67.20287373781125
2551.4800715494157,-67.19749536486076,-67.19749536486076
2551.4900715494155,-67.19216068295545,-67.19216068295545
2551.5000715494157,-67.18686966306042,-67.18686966306042
2551.5100715494154,-67.1816222745112,-67.1816222745112
2551.5200715494157,-67.1764184850174,-67.1764184850174
2551.5300715494154,-67.17125826070776,-67.17125826070776
2551.5400715494156,-67.16614156614277,-67.16614156614277
2551.5500715494154,-67.16106836435623,-67.16106836435623
2551.5600715494156,-67.1560386168745,-67.1560386168745
2551.5700715494154,-67.15105228374149,-67.15105228374149
2551.5800715494156,-67.14610932354752,-67.14610932354752
2551.5900715494154,-67.1412096934544,-67.1412096934544
2551.6000715494156,-67.13635334922351,-67.13635334922351
2551.610071549416,-67.13154024524005,-67.13154024524005
2551.6200715494156,-67.12677033453022,-67.12677033453022
2551.630071549416,-67.12204356878699,-67.12204356878699
2551.6400715494156,-67.11735989840736,-67.11735989840736
2551.6500715494158,-67.11271927250012,-67.11271927250012
2551.6600715494155,-67.10812163892079,-67.10812163892079
2551.6700715494158,-67.10356694428266,-67.10356694428266
2551.6800715494155,-67.09905513398645,-67.09905513398645
2551.6900715494157,-67.09458615223849,-67.09458615223849
2551.7000715732574,-67.090159931568,-67.090159931568
2551.7100715732577,-67.08577643503313,-67.08577643503313
2551.7200715732574,-67.08143559273927,-67.08143559273927
2551.7300715732576,-67.07713734436282,-67.07713734436282
2551.7400715732574,-67.07288162847763,-67.07288162847763
2551.7500715732576,-67.06866838259798,-67.06866838259798
2551.7600715732574,-67.06449754319254,-67.06449754319254
2551.7700715732576,-67.06036904569746,-67.06036904569746
2551.7800715732574,-67.0562828245552,-67.0562828245552
2551.7900715732576,-67.05223881322264,-67.05223881322264
2551.8000715732574,-67.04823694418822,-67.04823694418822
2551.8100715732576,-67.04427714896886,-67.04427714896886
2551.8200715732573,-67.04035935818575,-67.04035935818575
2551.8300715732576,-67.03648350152807,-67.03648350152807
2551.8400715732573,-67.03264950779396,-67.03264950779396
2551.8500715732575,-67.02885730490885,-67.02885730490885
2551.8600715732573,-67.02510681992986,-67.02510681992986
2551.8700715732575,-67.0213979790776,-67.0213979790776
2551.8800715732573,-67.01773070775215,-67.01773070775215
2551.8900715732575,-67.01410493053413,-67.01410493053413
2551.9000715732573,-67.01052057122165,-67.01052057122165
2551.9100715732575,-67.00697755283521,-67.00697755283521
2551.9200715732572,-67.00347579761916,-67.00347579761916
2551.9300715732575,-67.00001522708536,-67.00001522708536
2551.9400715732572,-66.99659576202295,-66.99659576202295
2551.9500715732574,-66.99321732249054,-66.99321732249054
2551.9600715732577,-66.98987982784688,-66.98987982784688
2551.9700715732574,-66.98658319678415,-66.98658319678415
2551.9800715732576,-66.98332734730242,-66.98332734730242
2551.9900715732574,-66.98011219675423,-66.98011219675423
2552.0000715732576,-66.9769376618589,-66.9769376618589
2552.0100715732574,-66.9738036586912,-66.9738036586912
2552.0200715732576,-66.97071010271647,-66.97071010271647
2552.0300715732574,-66.96765690880115,-66.96765690880115
2552.0400715732576,-66.96464399121895,-66.96464399121895
2552.0500715732574,-66.96167126367244,-66.96167126367244
2552.0600715732576,-66.95873863928881,-66.95873863928881
2552.0700715732573,-66.95584603067006,-66.95584603067006
2552.0800715732576,-66.95299334985364,-66.95299334985364
2552.0900715732573,-66.95018050836794,-66.95018050836794
2552.1000715732575,-66.9474074172215,-66.9474074172215
2552.1100715732573,-66.94467398692716,-66.94467398692716
2552.1200715732575,-66.94198012749528,-66.94198012749528
2552.1300715732573,-66.93932574847565,-66.93932574847565
2552.1400715732575,-66.93671075893364,-66.93671075893364
2552.1500715732573,-66.9341350674906,-66.9341350674906
2552.1600715732575,-66.93159858232009,-66.93159858232009
2552.1700715732572,-66.92910121116155,-66.92910121116155
2552.1800715732575,-66.92664286133027,-66.92664286133027
2552.1900715732572,-66.92422343972765,-66.92422343972765
2552.2000715732574,-66.92184285284337,-66.92184285284337
2552.2100715732577,-66.91950100679844,-66.91950100679844
2552.2200715732574,-66.91719780731472,-66.91719780731472
2552.2300715732576,-66.91493315973659,-66.91493315973659
2552.2400715732574,-66.91270696907063,-66.91270696907063
2552.2500715732576,-66.91051913994738,-66.91051913994738
2552.2600715732574,-66.90836957666035,-66.90836957666035
2552.2700715732576,-66.90625818315746,-66.90625818315746
2552.2800715732574,-66.90418486309203,-66.90418486309203
2552.2900715732576,-66.90214951977461,-66.90214951977461
2552.3000715732574,-66.90015205621053,-66.90015205621053
2552.3100715732576,-66.89819237511848,-66.89819237511848
2552.3200715732573,-66.89627037891488,-66.89627037891488
2552.3300715732576,-66.89438596975143,-66.89438596975143
2552.3400715732573,-66.89253904948797,-66.89253904948797
2552.3500715732575,-66.89072951973674,-66.89072951973674
2552.3600715732573,-66.88895728183537,-66.88895728183537
2552.3700715732575,-66.88722223688505,-66.88722223688505
2552.3800715732573,-66.88552428574634,-66.88552428574634
2552.3900715732575,-66.88386332904052,-66.88386332904052
2552.4000715732573,-66.88223926717076,-66.88223926717076
2552.4100715732575,-66.88065200031639,-66.88065200031639
2552.4200715732572,-66.87910142844375,-66.87910142844375
2552.4300715732575,-66.87758745132686,-66.87758745132686
2552.4400715732572,-66.8761099685289,-66.8761099685289
2552.4500715732574,-66.87466887943992,-66.87466887943992
2552.4600715732577,-66.87326408325934,-66.87326408325934
2552.4700715732574,-66.87189547901122,-66.87189547901122
2552.4800715732576,-66.87056296554705,-66.87056296554705
2552.4900715732574,-66.8692664415666,-66.8692664415666
2552.5000715732576,-66.8680058056085,-66.8680058056085
2552.5100715732574,-66.86678095606409,-66.86678095606409
2552.5200715732576,-66.86559179118022,-66.86559179118022
2552.5300715732574,-66.86443820907267,-66.86443820907267
2552.5400715732576,-66.86332010771714,-66.86332010771714
2552.5500715970993,-66.86223738240727,-66.86223738240727
2552.5600715970995,-66.8611899361217,-66.8611899361217
2552.5700715970993,-66.86017766380098,-66.86017766380098
2552.5800715970995,-66.85920046297335,-66.85920046297335
2552.5900715970993,-66.85825823106745,-66.85825823106745
2552.6000715970995,-66.85735086540446,-66.85735086540446
2552.6100715970992,-66.85647826321595,-66.85647826321595
2552.6200715970995,-66.85564032165789,-66.85564032165789
2552.6300715970992,-66.85483693780371,-66.85483693780371
2552.6400715970994,-66.85406800865306,-66.85406800865306
2552.650071597099,-66.85333343112977,-66.85333343112977
2552.6600715970994,-66.8526331021047,-66.8526331021047
2552.670071597099,-66.8519669183871,-66.8519669183871
2552.6800715970994,-66.85133477672768,-66.85133477672768
2552.690071597099,-66.85073657384176,-66.85073657384176
2552.7000715970994,-66.85017220638593,-66.85017220638593
2552.710071597099,-66.84964157098435,-66.84964157098435
2552.7200715970994,-66.84914456422949,-66.84914456422949
2552.730071597099,-66.84868108268824,-66.84868108268824
2552.7400715970994,-66.8482510228814,-66.8482510228814
2552.750071597099,-66.84785428133259,-66.84785428133259
2552.7600715970993,-66.8474907545391,-66.8474907545391
2552.770071597099,-66.84716033898484,-66.84716033898484
2552.7800715970993,-66.84686293114704,-66.84686293114704
2552.790071597099,-66.84659842749913,-66.84659842749913
2552.8000715970993,-66.84636672452028,-66.84636672452028
2552.8100715970995,-66.84616771868308,-66.84616771868308
2552.8200715970993,-66.84600130648525,-66.84600130648525
2552.8300715970995,-66.84586738441591,-66.84586738441591
2552.8400715970993,-66.84576584899536,-66.84576584899536
2552.8500715970995,-66.84569659676423,-66.84569659676423
2552.8600715970992,-66.8456595242705,-66.8456595242705
2552.8700715970995,-66.84565452811106,-66.84565452811106
2552.8800715970992,-66.84568150490225,-66.84568150490225
2552.8900715970994,-66.8457403512937,-66.8457403512937
2552.900071597099,-66.8458309639825,-66.8458309639825
2552.9100715970994,-66.8459532396964,-66.8459532396964
2552.920071597099,-66.84610707520636,-66.84610707520636
2552.9300715970994,-66.84629236734041,-66.84629236734041
2552.940071597099,-66.84650901298296,-66.84650901298296
2552.9500715970994,-66.84675690905875,-66.84675690905875
2552.960071597099,-66.84703595255922,-66.84703595255922
2552.9700715970994,-66.84734604053453,-66.84734604053453
2552.980071597099,-66.84768707010086,-66.84768707010086
2552.9900715970994,-66.84805893843946,-66.84805893843946
2553.000071597099,-66.84846154279968,-66.84846154279968
2553.0100715970993,-66.84889478050519,-66.84889478050519
2553.020071597099,-66.84935854896675,-66.84935854896675
2553.0300715970993,-66.84985274565435,-66.84985274565435
2553.040071597099,-66.85037726813263,-66.85037726813263
2553.0500715970993,-66.8509320140451,-66.8509320140451
2553.0600715970995,-66.85151688112927,-66.85151688112927
2553.0700715970993,-66.85213176720171,-66.85213176720171
2553.0800715970995,-66.85277657018071,-66.85277657018071
2553.0900715970993,-66.85345118807528,-66.85345118807528
2553.1000715970995,-66.85415551899025,-66.85415551899025
2553.1100715970992,-66.85488946113568,-66.85488946113568
2553.1200715970995,-66.8556529128137,-66.8556529128137
2553.1300715970992,-66.85644577244271,-66.85644577244271
2553.1400715970994,-66.85726793854664,-66.85726793854664
2553.150071597099,-66.85811930975424,-66.85811930975424
2553.1600715970994,-66.8589997848116,-66.8589997848116
2553.170071597099,-66.85990926256703,-66.85990926256703
2553.1800715970994,-66.86084764200173,-66.86084764200173
2553.190071597099,-66.86181482219624,-66.86181482219624
2553.2000715970994,-66.86281070236488,-66.86281070236488
2553.210071597099,-66.86382936260532,-66.86382936260532
2553.2200715970994,-66.86486815941213,-66.86486815941213
2553.230071597099,-66.86592576043759,-66.86592576043759
2553.2400715970994,-66.86700144116327,-66.86700144116327
2553.250071597099,-66.86809481602594,-66.86809481602594
2553.2600715970993,-66.8692056984779,-66.8692056984779
2553.270071597099,-66.87033401877862,-66.87033401877862
2553.2800715970993,-66.8714797745411,-66.8714797745411
2553.290071597099,-66.87264300097573,-66.87264300097573
2553.3000715970993,-66.8738237529989,-66.8738237529989
2553.3100715970995,-66.87502209458825,-66.87502209458825
2553.3200715970993,-66.87623809257165,-66.87623809257165
2553.3300715970995,-66.87747181304422,-66.87747181304422
2553.3400715970993,-66.87872331945059,-66.87872331945059
2553.3500715970995,-66.87999267163444,-66.87999267163444
2553.3600715970992,-66.88127992552032,-66.88127992552032
2553.3700715970995,-66.88258513305288,-66.88258513305288
2553.3800715970992,-66.88390834239985,-66.88390834239985
2553.3900715970994,-66.88524959820217,-66.88524959820217
2553.400071620941,-66.8866089451526,-66.8866089451526
2553.4100716209414,-66.88798641533279,-66.88798641533279
2553.420071620941,-66.8893820478516,-66.8893820478516
2553.4300716209414,-66.89079587628886,-66.89079587628886
2553.440071620941,-66.89222793213457,-66.89222793213457
2553.4500716209413,-66.89367824499452,-66.89367824499452
2553.460071620941,-66.89514684277742,-66.89514684277742
2553.4700716209413,-66.8966337518533,-66.8966337518533
2553.480071620941,-66.8981389971863,-66.8981389971863
2553.4900716209413,-66.89966260248383,-66.89966260248383
2553.500071620941,-66.90120459025204,-66.90120459025204
2553.5100716209413,-66.90276498189525,-66.90276498189525
2553.520071620941,-66.90434379779767,-66.90434379779767
2553.5300716209413,-66.90594105735833,-66.90594105735833
2553.540071620941,-66.90755677905615,-66.90755677905615
2553.5500716209413,-66.90919098047124,-66.90919098047124
2553.560071620941,-66.91084367833439,-66.91084367833439
2553.5700716209412,-66.9125148885498,-66.9125148885498
2553.580071620941,-66.91420462620424,-66.91420462620424
2553.590071620941,-66.91591290558394,-66.91591290558394
2553.600071620941,-66.91763974019514,-66.91763974019514
2553.610071620941,-66.91938514276785,-66.91938514276785
2553.620071620941,-66.92114912527126,-66.92114912527126
2553.630071620941,-66.92293169890037,-66.92293169890037
2553.640071620941,-66.92473287411538,-66.92473287411538
2553.650071620941,-66.92655266059039,-66.92655266059039
2553.6600716209414,-66.92839106725732,-66.92839106725732
2553.670071620941,-66.93024810229662,-66.93024810229662
2553.6800716209414,-66.93212377312142,-66.93212377312142
2553.690071620941,-66.9340180864012,-66.9340180864012
2553.7000716209413,-66.93593104803483,-66.93593104803483
2553.710071620941,-66.93785683636258,-66.93785683636258
2553.7200716209413,-66.93979290849225,-66.93979290849225
2553.730071620941,-66.94173803300934,-66.94173803300934
2553.7400716209413,-66.94369158590725,-66.94369158590725
2553.750071620941,-66.94565328149216,-66.94565328149216
2553.7600716209413,-66.94762303236979,-66.94762303236979
2553.770071620941,-66.94960086723295,-66.94960086723295
2553.7800716209413,-66.95158688137177,-66.95158688137177
2553.790071620941,-66.95358120692872,-66.95358120692872
2553.8000716209413,-66.95558399501314,-66.95558399501314
2553.810071620941,-66.95759540505816,-66.95759540505816
2553.8200716209412,-66.95961559856866,-66.95961559856866
2553.830071620941,-66.96164473558461,-66.96164473558461
2553.840071620941,-66.96368297270573,-66.96368297270573
2553.850071620941,-66.96573046218711,-66.96573046218711
2553.860071620941,-66.96778735153744,-66.96778735153744
2553.870071620941,-66.96985378352299,-66.96985378352299
2553.880071620941,-66.9719298963332,-66.9719298963332
2553.890071620941,-66.97401582382552,-66.97401582382552
2553.900071620941,-66.97611169583091,-66.97611169583091
2553.9100716209414,-66.97821763847298,-66.97821763847298
2553.920071620941,-66.98033377444091,-66.98033377444091
2553.9300716209414,-66.9824602232567,-66.9824602232567
2553.940071620941,-66.98459710152633,-66.98459710152633
2553.9500716209413,-66.98674452314573,-66.98674452314573
2553.960071620941,-66.98890259948664,-66.98890259948664
2553.9700716209413,-66.9910714395555,-66.9910714395555
2553.980071620941,-66.99325115013058,-66.99325115013058
2553.9900716209413,-66.99544183588164,-66.99544183588164
2554.000071620941,-66.99764359946452,-66.99764359946452
2554.0100716209413,-66.99985654161063,-66.99985654161063
2554.020071620941,-67.00208076119607,-67.00208076119607
2554.0300716209413,-67.00431635529166,-67.00431635529166
2554.040071620941,-67.00656341924264,-67.00656341924264
2554.0500716209413,-67.00882204667187,-67.00882204667187
2554.060071620941,-67.0110923295367,-67.0110923295367
2554.0700716209412,-67.01337435814636,-67.01337435814636
2554.080071620941,-67.01566822120716,-67.01566822120716
2554.090071620941,-67.01797400581826,-67.01797400581826
2554.100071620941,-67.02029179750663,-67.02029179750663
2554.110071620941,-67.02262168022453,-67.02262168022453
2554.120071620941,-67.02496373637182,-67.02496373637182
2554.130071620941,-67.0273180468135,-67.0273180468135
2554.140071620941,-67.0296846908695,-67.0296846908695
2554.150071620941,-67.03206374633557,-67.03206374633557
2554.1600716209414,-67.034455289484,-67.034455289484
2554.170071620941,-67.0368593950816,-67.0368593950816
2554.1800716209414,-67.03927613637376,-67.03927613637376
2554.190071620941,-67.04170558510548,-67.04170558510548
2554.2000716209413,-67.04414781152197,-67.04414781152197
2554.210071620941,-67.04660288437833,-67.04660288437833
2554.2200716209413,-67.04907087093505,-67.04907087093505
2554.230071620941,-67.05155183697146,-67.05155183697146
2554.2400716209413,-67.05404584678021,-67.05404584678021
2554.250071644783,-67.05655296916918,-67.05655296916918
2554.2600716447832,-67.0590732535797,-67.0590732535797
2554.270071644783,-67.06160676584359,-67.06160676584359
2554.280071644783,-67.06415356439122,-67.06415356439122
2554.290071644783,-67.06671370622473,-67.06671370622473
2554.300071644783,-67.06928724688815,-67.06928724688815
2554.310071644783,-67.07187424050227,-67.07187424050227
2554.320071644783,-67.074474739746,-67.074474739746
2554.330071644783,-67.07708879589164,-67.07708879589164
2554.340071644783,-67.07971645879637,-67.07971645879637
2554.350071644783,-67.08235777690558,-67.08235777690558
2554.360071644783,-67.08501279728553,-67.08501279728553
2554.370071644783,-67.08768156561972,-67.08768156561972
2554.380071644783,-67.09036412619064,-67.09036412619064
2554.390071644783,-67.09306052195485,-67.09306052195485
2554.400071644783,-67.09577079448923,-67.09577079448923
2554.410071644783,-67.09849498402963,-67.09849498402963
2554.420071644783,-67.10123312948447,-67.10123312948447
2554.430071644783,-67.10398526843471,-67.10398526843471
2554.440071644783,-67.10675143715024,-67.10675143715024
2554.450071644783,-67.10953167060723,-67.10953167060723
2554.460071644783,-67.11232015972675,-67.11232015972675
2554.470071644783,-67.11511438189244,-67.11511438189244
2554.480071644783,-67.11791312856145,-67.11791312856145
2554.490071644783,-67.1207157994196,-67.1207157994196
2554.500071644783,-67.12352213271308,-67.12352213271308
2554.5100716447832,-67.12633206493291,-67.12633206493291
2554.520071644783,-67.12914564848224,-67.12914564848224
2554.530071644783,-67.13196300216606,-67.13196300216606
2554.540071644783,-67.13478428137103,-67.13478428137103
2554.550071644783,-67.13760966018594,-67.13760966018594
2554.560071644783,-67.14043932077323,-67.14043932077323
2554.570071644783,-67.14327344710215,-67.14327344710215
2554.580071644783,-67.14611222140981,-67.14611222140981
2554.590071644783,-67.14895582225147,-67.14895582225147
2554.600071644783,-67.15180442357241,-67.15180442357241
2554.610071644783,-67.1546581943455,-67.1546581943455
2554.620071644783,-67.15751729854931,-67.15751729854931
2554.630071644783,-67.16038189534103,-67.16038189534103
2554.640071644783,-67.16325213933466,-67.16325213933466
2554.650071644783,-67.16612818087687,-67.16612818087687
2554.660071644783,-67.16901016638363,-67.16901016638363
2554.670071644783,-67.17189823860937,-67.17189823860937
2554.680071644783,-67.17479253695494,-67.17479253695494
2554.690071644783,-67.17769319766977,-67.17769319766977
2554.700071644783,-67.180600354097,-67.180600354097
2554.710071644783,-67.18351413685772,-67.18351413685772
2554.720071644783,-67.18643467401004,-67.18643467401004
2554.730071644783,-67.1893620911977,-67.1893620911977
2554.740071644783,-67.19229651176856,-67.19229651176856
2554.750071644783,-67.19523805687334,-67.19523805687334
2554.7600716447832,-67.19818684556743,-67.19818684556743
2554.770071644783,-67.20114299487228,-67.20114299487228
2554.780071644783,-67.20410661985001,-67.20410661985001
2554.790071644783,-67.20707783365225,-67.20707783365225
2554.800071644783,-67.21005674755843,-67.21005674755843
2554.810071644783,-67.21304347103214,-67.21304347103214
2554.820071644783,-67.21603811174019,-67.21603811174019
2554.830071644783,-67.21904077558939,-67.21904077558939
2554.840071644783,-67.22205156674217,-67.22205156674217
2554.850071644783,-67.22507058764076,-67.22507058764076
2554.860071644783,-67.22809793903167,-67.22809793903167
2554.870071644783,-67.2311337199743,-67.2311337199743
2554.880071644783,-67.23417802784303,-67.23417802784303
2554.890071644783,-67.23723095836438,-67.23723095836438
2554.900071644783,-67.24029260561417,-67.24029260561417
2554.910071644783,-67.24336306201226,-67.24336306201226
2554.920071644783,-67.24644241836677,-67.24644241836677
2554.930071644783,-67.24953076384914,-67.24953076384914
2554.940071644783,-67.25262818601382,-67.25262818601382
2554.950071644783,-67.25573477081474,-67.25573477081474
2554.960071644783,-67.25885060260899,-67.25885060260899
2554.970071644783,-67.26197576415281,-67.26197576415281
2554.980071644783,-67.26511033661612,-67.26511033661612
2554.990071644783,-67.26825439959376,-67.26825439959376
2555.000071644783,-67.27140803110628,-67.27140803110628
2555.0100716447832,-67.27457130761864,-67.27457130761864
2555.020071644783,-67.2777443040432,-67.2777443040432
2555.030071644783,-67.28092709373702,-67.28092709373702
2555.040071644783,-67.2841197485257,-67.2841197485257
2555.050071644783,-67.28732233870328,-67.28732233870328
2555.060071644783,-67.29053493304775,-67.29053493304775
2555.070071644783,-67.29375759881887,-67.29375759881887
2555.080071644783,-67.29699040178316,-67.29699040178316
2555.090071644783,-67.30023340620846,-67.30023340620846
2555.100071668625,-67.30348668264716,-67.30348668264716
2555.110071668625,-67.30675027694613,-67.30675027694613
2555.120071668625,-67.3100242566702,-67.3100242566702
2555.130071668625,-67.31330868023869,-67.31330868023869
2555.140071668625,-67.31660360462821,-67.31660360462821
2555.150071668625,-67.31990908538349,-67.31990908538349
2555.160071668625,-67.32322517664124,-67.32322517664124
2555.170071668625,-67.32655193111694,-67.32655193111694
2555.180071668625,-67.329889400163,-67.329889400163
2555.190071668625,-67.33323763372351,-67.33323763372351
2555.200071668625,-67.33659668039938,-67.33659668039938
2555.210071668625,-67.3399665874194,-67.3399665874194
2555.2200716686248,-67.34334740068202,-67.34334740068202
2555.230071668625,-67.34673916475926,-67.34673916475926
2555.2400716686248,-67.35014192289349,-67.35014192289349
2555.250071668625,-67.35355571704362,-67.35355571704362
2555.2600716686247,-67.35698058785484,-67.35698058785484
2555.270071668625,-67.36041657472245,-67.36041657472245
2555.2800716686247,-67.36386371576327,-67.36386371576327
2555.290071668625,-67.3673220478407,-67.3673220478407
2555.3000716686247,-67.37079160660188,-67.37079160660188
2555.310071668625,-67.37427242645029,-67.37427242645029
2555.3200716686247,-67.37776454060524,-67.37776454060524
2555.330071668625,-67.38126798107186,-67.38126798107186
2555.3400716686247,-67.38478277868141,-67.38478277868141
2555.350071668625,-67.3883089630952,-67.3883089630952
2555.360071668625,-67.39184656282394,-67.39184656282394
2555.370071668625,-67.39539560523957,-67.39539560523957
2555.380071668625,-67.39895611658993,-67.39895611658993
2555.390071668625,-67.40252812200798,-67.40252812200798
2555.400071668625,-67.40611164553312,-67.40611164553312
2555.410071668625,-67.40970671010868,-67.40970671010868
2555.420071668625,-67.41331333762353,-67.41331333762353
2555.430071668625,-67.41693154890208,-67.41693154890208
2555.440071668625,-67.42056136372345,-67.42056136372345
2555.450071668625,-67.42420280084274,-67.42420280084274
2555.460071668625,-67.42785000661526,-67.42785000661526
2555.4700716686248,-67.43150042933561,-67.43150042933561
2555.480071668625,-67.43515283756264,-67.43515283756264
2555.4900716686248,-67.43880661099422,-67.43880661099422
2555.500071668625,-67.4424614695886,-67.4424614695886
2555.5100716686247,-67.44611733269062,-67.44611733269062
2555.520071668625,-67.44977423634951,-67.44977423634951
2555.5300716686247,-67.4534322836559,-67.4534322836559
2555.540071668625,-67.45709161479192,-67.45709161479192
2555.5500716686247,-67.46075238913001,-67.46075238913001
2555.560071668625,-67.46441477451489,-67.46441477451489
2555.5700716686247,-67.46807894102412,-67.46807894102412
2555.580071668625,-67.47174505737306,-67.47174505737306
2555.5900716686247,-67.47541328899024,-67.47541328899024
2555.600071668625,-67.4790837970476,-67.4790837970476
2555.610071668625,-67.48275673810186,-67.48275673810186
2555.620071668625,-67.48643226406931,-67.48643226406931
2555.630071668625,-67.49011052240407,-67.49011052240407
2555.640071668625,-67.49379165633266,-67.49379165633266
2555.650071668625,-67.49747580517493,-67.49747580517493
2555.660071668625,-67.50116310462978,-67.50116310462978
2555.670071668625,-67.50485368707471,-67.50485368707471
2555.680071668625,-67.50854768184101,-67.50854768184101
2555.690071668625,-67.51224521543568,-67.51224521543568
2555.700071668625,-67.51594641176166,-67.51594641176166
2555.710071668625,-67.51965139231082,-67.51965139231082
2555.7200716686248,-67.52336027631397,-67.52336027631397
2555.730071668625,-67.52707318087259,-67.52707318087259
2555.7400716686248,-67.53079022110329,-67.53079022110329
2555.750071668625,-67.53451151020634,-67.53451151020634
2555.7600716686247,-67.53823715956995,-67.53823715956995
2555.770071668625,-67.54196727883124,-67.54196727883124
2555.7800716686247,-67.54570197594387,-67.54570197594387
2555.790071668625,-67.54944135721387,-67.54944135721387
2555.8000716686247,-67.55318552736756,-67.55318552736756
2555.810071668625,-67.55693458956274,-67.55693458956274
2555.8200716686247,-67.56068864542705,-67.56068864542705
2555.830071668625,-67.56444779508021,-67.56444779508021
2555.8400716686247,-67.56821213714912,-67.56821213714912
2555.850071668625,-67.57198176880671,-67.57198176880671
2555.860071668625,-67.57575678576299,-67.57575678576299
2555.870071668625,-67.57953728227774,-67.57953728227774
2555.880071668625,-67.5833233511824,-67.5833233511824
2555.890071668625,-67.5871150838859,-67.5871150838859
2555.900071668625,-67.5909125703731,-67.5909125703731
2555.910071668625,-67.59471589921556,-67.59471589921556
2555.920071668625,-67.59852515758618,-67.59852515758618
2555.930071668625,-67.60234043124402,-67.60234043124402
2555.940071668625,-67.60616180456671,-67.60616180456671
2555.9500716924667,-67.60998936963817,-67.60998936963817
2555.960071692467,-67.61382318984028,-67.61382318984028
2555.9700716924667,-67.6176633544572,-67.6176633544572
2555.980071692467,-67.62150994231366,-67.62150994231366
2555.9900716924667,-67.62536303085034,-67.62536303085034
2556.000071692467,-67.62922269614721,-67.62922269614721
2556.0100716924667,-67.63308901290964,-67.63308901290964
2556.020071692467,-67.63696205446793,-67.63696205446793
2556.0300716924667,-67.64084189281849,-67.64084189281849
2556.040071692467,-67.64472859859374,-67.64472859859374
2556.0500716924666,-67.64862224107776,-67.64862224107776
2556.060071692467,-67.65252288820933,-67.65252288820933
2556.0700716924666,-67.65643060661463,-67.65643060661463
2556.080071692467,-67.66034546156912,-67.66034546156912
2556.0900716924666,-67.66426751704192,-67.66426751704192
2556.100071692467,-67.66819683567498,-67.66819683567498
2556.1100716924666,-67.67213347881564,-67.67213347881564
2556.120071692467,-67.67607750650754,-67.67607750650754
2556.1300716924666,-67.68002897751488,-67.68002897751488
2556.140071692467,-67.68398794930397,-67.68398794930397
2556.1500716924666,-67.68795447807074,-67.68795447807074
2556.1600716924668,-67.69192861875653,-67.69192861875653
2556.1700716924665,-67.69591042504538,-67.69591042504538
2556.1800716924668,-67.69989994936049,-67.69989994936049
2556.1900716924665,-67.7038972429066,-67.7038972429066
2556.2000716924667,-67.70790235564601,-67.70790235564601
2556.210071692467,-67.71191533634045,-67.71191533634045
2556.2200716924667,-67.7159362325376,-67.7159362325376
2556.230071692467,-67.7199650905864,-67.7199650905864
2556.2400716924667,-67.72400195564154,-67.72400195564154
2556.250071692467,-67.72804687170823,-67.72804687170823
2556.2600716924667,-67.73209988160006,-67.73209988160006
2556.270071692467,-67.73616102699492,-67.73616102699492
2556.2800716924667,-67.74023034841986,-67.74023034841986
2556.290071692467,-67.74430788527337,-67.74430788527337
2556.3000716924666,-67.74839367583252,-67.74839367583252
2556.310071692467,-67.75248775725855,-67.75248775725855
2556.3200716924666,-67.75659016563782,-67.75659016563782
2556.330071692467,-67.76070093594943,-67.76070093594943
2556.3400716924666,-67.76482010210233,-67.76482010210233
2556.350071692467,-67.76894769695423,-67.76894769695423
2556.3600716924666,-67.77308375230622,-67.77308375230622
2556.370071692467,-67.77722829890511,-67.77722829890511
2556.3800716924666,-67.78138136649709,-67.78138136649709
2556.390071692467,-67.78554298379031,-67.78554298379031
2556.4000716924666,-67.78971317851021,-67.78971317851021
2556.4100716924668,-67.79389197737261,-67.79389197737261
2556.4200716924665,-67.79807940612346,-67.79807940612346
2556.4300716924668,-67.80227548952854,-67.80227548952854
2556.4400716924665,-67.80648025141811,-67.80648025141811
2556.4500716924667,-67.8106937146568,-67.8106937146568
2556.460071692467,-67.81491590118617,-67.81491590118617
2556.4700716924667,-67.819146832032,-67.819146832032
2556.480071692467,-67.82338652729939,-67.82338652729939
2556.4900716924667,-67.82763500620361,-67.82763500620361
2556.500071692467,-67.83189228706699,-67.83189228706699
2556.5100716924667,-67.83615838734549,-67.83615838734549
2556.520071692467,-67.84043332363349,-67.84043332363349
2556.5300716924667,-67.84471711165953,-67.84471711165953
2556.540071692467,-67.84900976632586,-67.84900976632586
2556.5500716924666,-67.85331130170131,-67.85331130170131
2556.560071692467,-67.85762173103939,-67.85762173103939
2556.5700716924666,-67.861941066779,-67.861941066779
2556.580071692467,-67.86626932057906,-67.86626932057906
2556.5900716924666,-67.87060650330898,-67.87060650330898
2556.600071692467,-67.87495262505578,-67.87495262505578
2556.6100716924666,-67.87930769515704,-67.87930769515704
2556.620071692467,-67.88367172219277,-67.88367172219277
2556.6300716924666,-67.88804471400987,-67.88804471400987
2556.640071692467,-67.89242667771357,-67.89242667771357
2556.6500716924666,-67.89681761969808,-67.89681761969808
2556.6600716924668,-67.9012175456496,-67.9012175456496
2556.6700716924665,-67.90562646055628,-67.90562646055628
2556.6800716924668,-67.91004436871316,-67.91004436871316
2556.6900716924665,-67.91447127374545,-67.91447127374545
2556.7000716924667,-67.91890717860952,-67.91890717860952
2556.710071692467,-67.92335208559811,-67.92335208559811
2556.7200716924667,-67.92780599636625,-67.92780599636625
2556.730071692467,-67.93226891192748,-67.93226891192748
2556.7400716924667,-67.93674083266623,-67.93674083266623
2556.750071692467,-67.94122175834983,-67.94122175834983
2556.7600716924667,-67.94571168813923,-67.94571168813923
2556.770071692467,-67.95021062059355,-67.95021062059355
2556.7800716924667,-67.95471855368865,-67.95471855368865
2556.790071692467,-67.95923548481957,-67.95923548481957
2556.8000717163086,-67.96376142157733,-67.96376142157733
2556.810071716309,-67.96829633870969,-67.96829633870969
2556.8200717163086,-67.97284024264671,-67.97284024264671
2556.830071716309,-67.97739312856123,-67.97739312856123
2556.8400717163086,-67.98195499108868,-67.98195499108868
2556.850071716309,-67.9865258243228,-67.9865258243228
2556.8600717163085,-67.99110562185301,-67.99110562185301
2556.8700717163088,-67.99569437674849,-67.99569437674849
2556.8800717163085,-68.00029208159188,-68.00029208159188
2556.8900717163087,-68.00489872845782,-68.00489872845782
2556.9000717163085,-68.00951430894565,-68.00951430894565
2556.9100717163087,-68.0141388141736,-68.0141388141736
2556.9200717163085,-68.01877223479713,-68.01877223479713
2556.9300717163087,-68.02341456100368,-68.02341456100368
2556.9400717163085,-68.028065782538,-68.028065782538
2556.9500717163087,-68.03272588869679,-68.03272588869679
2556.9600717163084,-68.03738894115459,-68.03738894115459
2556.9700717163087,-68.04205233365276,-68.04205233365276
2556.9800717163084,-68.04671479247125,-68.04671479247125
2556.9900717163086,-68.05137566092633,-68.05137566092633
2557.0000717163084,-68.05603462608207,-68.05603462608207
2557.0100717163086,-68.06069157670983,-68.06069157670983
2557.0200717163084,-68.06534651994704,-68.06534651994704
2557.0300717163086,-68.0699995311841,-68.0699995311841
2557.0400717163084,-68.07465072395397,-68.07465072395397
2557.0500717163086,-68.07930023183849,-68.07930023183849
2557.060071716309,-68.08394819768797,-68.08394819768797
2557.0700717163086,-68.08859476729677,-68.08859476729677
2557.080071716309,-68.09324008578866,-68.09324008578866
2557.0900717163086,-68.09788429565965,-68.09788429565965
2557.100071716309,-68.10252753577927,-68.10252753577927
2557.1100717163085,-68.10716994102263,-68.10716994102263
2557.1200717163088,-68.11181164222621,-68.11181164222621
2557.1300717163085,-68.1164527663323,-68.1164527663323
2557.1400717163087,-68.12109343664956,-68.12109343664956
2557.1500717163085,-68.12573377312502,-68.12573377312502
2557.1600717163087,-68.1303738926397,-68.1303738926397
2557.1700717163085,-68.13501390929802,-68.13501390929802
2557.1800717163087,-68.13965393466881,-68.13965393466881
2557.1900717163085,-68.144294078022,-68.144294078022
2557.2000717163087,-68.14893444653583,-68.14893444653583
2557.2100717163084,-68.15356920817166,-68.15356920817166
2557.2200717163087,-68.15819586730981,-68.15819586730981
2557.2300717163084,-68.16281326191641,-68.16281326191641
2557.2400717163086,-68.1674208469023,-68.1674208469023
2557.2500717163084,-68.17201842048995,-68.17201842048995
2557.2600717163086,-68.17660598200489,-68.17660598200489
2557.2700717163084,-68.18118364844182,-68.18118364844182
2557.2800717163086,-68.18575160436927,-68.18575160436927
2557.2900717163084,-68.19031007176092,-68.19031007176092
2557.3000717163086,-68.1948592919158,-68.1948592919158
2557.310071716309,-68.19939951469054,-68.19939951469054
2557.3200717163086,-68.2039309921813,-68.2039309921813
2557.330071716309,-68.20845397509075,-68.20845397509075
2557.3400717163086,-68.21296871078775,-68.21296871078775
2557.350071716309,-68.21747544229709,-68.21747544229709
2557.3600717163085,-68.22197440794014,-68.22197440794014
2557.3700717163088,-68.22646584127389,-68.22646584127389
2557.3800717163085,-68.23094997124835,-68.23094997124835
2557.3900717163087,-68.23542702242176,-68.23542702242176
2557.4000717163085,-68.23989721527725,-68.23989721527725
2557.4100717163087,-68.24436076647756,-68.24436076647756
2557.4200717163085,-68.24881788913484,-68.24881788913484
2557.4300717163087,-68.25326879307492,-68.25326879307492
2557.4400717163085,-68.2577136850474,-68.2577136850474
2557.4500717163087,-68.26215276892844,-68.26215276892844
2557.4600717163084,-68.26658624587145,-68.26658624587145
2557.4700717163087,-68.27101431447026,-68.27101431447026
2557.4800717163084,-68.27543717086004,-68.27543717086004
2557.4900717163086,-68.2798550088344,-68.2798550088344
2557.5000717163084,-68.28426801991004,-68.28426801991004
2557.5100717163086,-68.2886763934194,-68.2886763934194
2557.5200717163084,-68.29308031654614,-68.29308031654614
2557.5300717163086,-68.29747997438348,-68.29747997438348
2557.5400717163084,-68.30187554996209,-68.30187554996209
2557.5500717163086,-68.30626722429196,-68.30626722429196
2557.560071716309,-68.3106551763726,-68.3106551763726
2557.5700717163086,-68.31503958321618,-68.31503958321618
2557.580071716309,-68.31942061986109,-68.31942061986109
2557.5900717163086,-68.32379845938529,-68.32379845938529
2557.600071716309,-68.3281732729058,-68.3281732729058
2557.6100717163085,-68.33254522959415,-68.33254522959415
2557.6200717163088,-68.33691449666502,-68.33691449666502
2557.6300717163085,-68.34128123940383,-68.34128123940383
2557.6400717163087,-68.34564562113667,-68.34564562113667
2557.6500717401505,-68.35000781364049,-68.35000781364049
2557.6600717401507,-68.35436795558137,-68.35436795558137
2557.6700717401504,-68.35872621485584,-68.35872621485584
2557.6800717401507,-68.36308274701042,-68.36308274701042
2557.6900717401504,-68.36743770567209,-68.36743770567209
2557.7000717401506,-68.37179124250983,-68.37179124250983
2557.7100717401504,-68.37614350725525,-68.37614350725525
2557.7200717401506,-68.38049464769955,-68.38049464769955
2557.7300717401504,-68.38484480968553,-68.38484480968553
2557.7400717401506,-68.38919413712811,-68.38919413712811
2557.7500717401504,-68.39354277200445,-68.39354277200445
2557.7600717401506,-68.39789085435315,-68.39789085435315
2557.7700717401503,-68.40223852229633,-68.40223852229633
2557.7800717401506,-68.40658591202065,-68.40658591202065
2557.7900717401503,-68.41093315779472,-68.41093315779472
2557.8000717401505,-68.4152803919764,-68.4152803919764
2557.8100717401503,-68.41962774501557,-68.41962774501557
2557.8200717401505,-68.42397534546332,-68.42397534546332
2557.8300717401503,-68.42832331996188,-68.42832331996188
2557.8400717401505,-68.43267179327617,-68.43267179327617
2557.8500717401503,-68.43702088830159,-68.43702088830159
2557.8600717401505,-68.44137072605092,-68.44137072605092
2557.8700717401503,-68.44572142567434,-68.44572142567434
2557.8800717401505,-68.45007310448224,-68.45007310448224
2557.8900717401502,-68.45442587792999,-68.45442587792999
2557.9000717401505,-68.45877985966315,-68.45877985966315
2557.9100717401507,-68.46313516148895,-68.46313516148895
2557.9200717401504,-68.46749189342366,-68.46749189342366
2557.9300717401507,-68.47185016367115,-68.47185016367115
2557.9400717401504,-68.47621007866606,-68.47621007866606
2557.9500717401506,-68.48057174306426,-68.48057174306426
2557.9600717401504,-68.4849352597723,-68.4849352597723
2557.9700717401506,-68.48930072994641,-68.48930072994641
2557.9800717401504,-68.49366825301605,-68.49366825301605
2557.9900717401506,-68.49803792668637,-68.49803792668637
2558.0000717401504,-68.5024098469748,-68.5024098469748
2558.0100717401506,-68.50678410819226,-68.50678410819226
2558.0200717401503,-68.51116080299508,-68.51116080299508
2558.0300717401506,-68.51554002236469,-68.51554002236469
2558.0400717401503,-68.5199218556522,-68.5199218556522
2558.0500717401505,-68.5243063905726,-68.5243063905726
2558.0600717401503,-68.52869371322342,-68.52869371322342
2558.0700717401505,-68.53308390811667,-68.53308390811667
2558.0800717401503,-68.53747705817372,-68.53747705817372
2558.0900717401505,-68.54187324475252,-68.54187324475252
2558.1000717401503,-68.54627254766179,-68.54627254766179
2558.1100717401505,-68.55067504517152,-68.55067504517152
2558.1200717401503,-68.55508081404436,-68.55508081404436
2558.1300717401505,-68.55948992952361,-68.55948992952361
2558.1400717401502,-68.56390246537592,-68.56390246537592
2558.1500717401505,-68.56831849389897,-68.56831849389897
2558.1600717401507,-68.57273808592973,-68.57273808592973
2558.1700717401504,-68.57716131087224,-68.57716131087224
2558.1800717401507,-68.58158823671211,-68.58158823671211
2558.1900717401504,-68.58601893001347,-68.58601893001347
2558.2000717401506,-68.59045345596662,-68.59045345596662
2558.2100717401504,-68.59489187839071,-68.59489187839071
2558.2200717401506,-68.59933425973372,-68.59933425973372
2558.2300717401504,-68.60378066111724,-68.60378066111724
2558.2400717401506,-68.60823114232464,-68.60823114232464
2558.2500717401504,-68.61268576184646,-68.61268576184646
2558.2600717401506,-68.61714457685946,-68.61714457685946
2558.2700717401503,-68.62160764327797,-68.62160764327797
2558.2800717401506,-68.62607501574988,-68.62607501574988
2558.2900717401503,-68.6305467476902,-68.6305467476902
2558.3000717401505,-68.63502289126502,-68.63502289126502
2558.3100717401503,-68.63950349744366,-68.63950349744366
2558.3200717401505,-68.64398861597967,-68.64398861597967
2558.3300717401503,-68.64847829545603,-68.64847829545603
2558.3400717401505,-68.65297258328481,-68.65297258328481
2558.3500717401503,-68.6574715257259,-68.6574715257259
2558.3600717401505,-68.66197516789902,-68.66197516789902
2558.3700717401503,-68.66648355381051,-68.66648355381051
2558.3800717401505,-68.67099672634848,-68.67099672634848
2558.3900717401502,-68.67551472731446,-68.67551472731446
2558.4000717401505,-68.68003759742788,-68.68003759742788
2558.4100717401507,-68.6845653763529,-68.6845653763529
2558.4200717401504,-68.6890981026961,-68.6890981026961
2558.4300717401507,-68.6936358140406,-68.6936358140406
2558.4400717401504,-68.69817854693973,-68.69817854693973
2558.4500717401506,-68.70272633695305,-68.70272633695305
2558.4600717401504,-68.70727921862968,-68.70727921862968
2558.4700717401506,-68.71183722555087,-68.71183722555087
2558.4800717401504,-68.716400390339,-68.716400390339
2558.4900717401506,-68.72096874465144,-68.72096874465144
2558.5000717639923,-68.72554233012374,-68.72554233012374
2558.5100717639925,-68.73012115479044,-68.73012115479044
2558.5200717639923,-68.73470525841164,-68.73470525841164
2558.5300717639925,-68.73929466898706,-68.73929466898706
2558.5400717639923,-68.74388941363048,-68.74388941363048
2558.5500717639925,-68.74848951857639,-68.74848951857639
2558.5600717639923,-68.75309500922032,-68.75309500922032
2558.5700717639925,-68.7577059100902,-68.7577059100902
2558.5800717639922,-68.7623222448852,-68.7623222448852
2558.5900717639925,-68.76694403648325,-68.76694403648325
2558.600071763992,-68.77157130695947,-68.77157130695947
2558.6100717639924,-68.77620407757779,-68.77620407757779
2558.620071763992,-68.78084236882529,-68.78084236882529
2558.6300717639924,-68.7854862004144,-68.7854862004144
2558.640071763992,-68.79013559129962,-68.79013559129962
2558.6500717639924,-68.79479055966854,-68.79479055966854
2558.660071763992,-68.7994511229775,-68.7994511229775
2558.6700717639924,-68.80411729795996,-68.80411729795996
2558.680071763992,-68.80878910062722,-68.80878910062722
2558.6900717639924,-68.81346654627657,-68.81346654627657
2558.700071763992,-68.81814964952537,-68.81814964952537
2558.7100717639923,-68.82283842429337,-68.82283842429337
2558.720071763992,-68.82753288382676,-68.82753288382676
2558.7300717639923,-68.83223304070316,-68.83223304070316
2558.740071763992,-68.83693890686294,-68.83693890686294
2558.7500717639923,-68.8416504935881,-68.8416504935881
2558.7600717639925,-68.84636781153314,-68.84636781153314
2558.7700717639923,-68.85109087072411,-68.85109087072411
2558.7800717639925,-68.85581968057005,-68.85581968057005
2558.7900717639923,-68.86055424988471,-68.86055424988471
2558.8000717639925,-68.86529458687882,-68.86529458687882
2558.8100717639923,-68.87004069918346,-68.87004069918346
2558.8200717639925,-68.87479259384546,-68.87479259384546
2558.8300717639922,-68.87955027735144,-68.87955027735144
2558.8400717639925,-68.88431375563077,-68.88431375563077
2558.850071763992,-68.88908303405418,-68.88908303405418
2558.8600717639924,-68.89385811745798,-68.89385811745798
2558.870071763992,-68.89863901014834,-68.89863901014834
2558.8800717639924,-68.90342571590725,-68.90342571590725
2558.890071763992,-68.90821823799781,-68.90821823799781
2558.9000717639924,-68.91301657918001,-68.91301657918001
2558.910071763992,-68.91782074170915,-68.91782074170915
2558.9200717639924,-68.92263072736438,-68.92263072736438
2558.930071763992,-68.92744653742545,-68.92744653742545
2558.9400717639924,-68.93226817271122,-68.93226817271122
2558.950071763992,-68.93709563356593,-68.93709563356593
2558.9600717639923,-68.9419229121762,-68.9419229121762
2558.970071763992,-68.94674737705499,-68.94674737705499
2558.9800717639923,-68.95156774679488,-68.95156774679488
2558.990071763992,-68.95638336502903,-68.95638336502903
2559.0000717639923,-68.96119392357444,-68.96119392357444
2559.0100717639925,-68.96599931856284,-68.96599931856284
2559.0200717639923,-68.97079956605369,-68.97079956605369
2559.0300717639925,-68.97559475133224,-68.97559475133224
2559.0400717639923,-68.98038499841101,-68.98038499841101
2559.0500717639925,-68.98517045171876,-68.98517045171876
2559.0600717639923,-68.98995126518992,-68.98995126518992
2559.0700717639925,-68.99472759586536,-68.99472759586536
2559.0800717639922,-68.99949960022145,-68.99949960022145
2559.0900717639925,-69.00426743217636,-69.00426743217636
2559.100071763992,-69.00903124208475,-69.00903124208475
2559.1100717639924,-69.01379117636054,-69.01379117636054
2559.120071763992,-69.01854737739572,-69.01854737739572
2559.1300717639924,-69.02329998373233,-69.02329998373233
2559.140071763992,-69.02804913029823,-69.02804913029823
2559.1500717639924,-69.0327949486858,-69.0327949486858
2559.160071763992,-69.03753756744636,-69.03753756744636
2559.1700717639924,-69.0422771123561,-69.0422771123561
2559.180071763992,-69.04701370668901,-69.04701370668901
2559.1900717639924,-69.05174747141928,-69.05174747141928
2559.200071763992,-69.05647852545592,-69.05647852545592
2559.2100717639923,-69.06120698577686,-69.06120698577686
2559.220071763992,-69.06593296760482,-69.06593296760482
2559.2300717639923,-69.07065658451988,-69.07065658451988
2559.240071763992,-69.07537794858546,-69.07537794858546
2559.2500717639923,-69.08009717041895,-69.08009717041895
2559.2600717639925,-69.08481435926397,-69.08481435926397
2559.2700717639923,-69.08952962306621,-69.08952962306621
2559.2800717639925,-69.09424306851079,-69.09424306851079
2559.2900717639923,-69.09895480106888,-69.09895480106888
2559.3000717639925,-69.10366492504386,-69.10366492504386
2559.3100717639923,-69.1083735435558,-69.1083735435558
2559.3200717639925,-69.11308075860715,-69.11308075860715
2559.3300717639922,-69.11778667108554,-69.11778667108554
2559.3400717639925,-69.12249138076463,-69.12249138076463
2559.350071787834,-69.12719499750605,-69.12719499750605
2559.3600717878344,-69.13189759650449,-69.13189759650449
2559.370071787834,-69.13659928544024,-69.13659928544024
2559.3800717878344,-69.14130015971742,-69.14130015971742
2559.390071787834,-69.14600031365629,-69.14600031365629
2559.4000717878343,-69.15069984048732,-69.15069984048732
2559.410071787834,-69.15539883235785,-69.15539883235785
2559.4200717878343,-69.16009738031902,-69.16009738031902
2559.430071787834,-69.16479557433472,-69.16479557433472
2559.4400717878343,-69.16949350327798,-69.16949350327798
2559.450071787834,-69.17419125492665,-69.17419125492665
2559.4600717878343,-69.17888288751604,-69.17888288751604
2559.470071787834,-69.18356584659486,-69.18356584659486
2559.4800717878343,-69.1882389317352,-69.1882389317352
2559.490071787834,-69.19290156899591,-69.19290156899591
2559.5000717878343,-69.19755353311953,-69.19755353311953
2559.510071787834,-69.20219480318204,-69.20219480318204
2559.5200717878342,-69.20682547793557,-69.20682547793557
2559.530071787834,-69.2114457249363,-69.2114457249363
2559.540071787834,-69.21605574991744,-69.21605574991744
2559.550071787834,-69.22065577845056,-69.22065577845056
2559.560071787834,-69.22524604496054,-69.22524604496054
2559.570071787834,-69.22982678632295,-69.22982678632295
2559.580071787834,-69.23439823817283,-69.23439823817283
2559.590071787834,-69.23896063285673,-69.23896063285673
2559.600071787834,-69.24351419848261,-69.24351419848261
2559.6100717878344,-69.248059158455,-69.248059158455
2559.620071787834,-69.25259573147527,-69.25259573147527
2559.6300717878344,-69.25712413163508,-69.25712413163508
2559.640071787834,-69.26164456869095,-69.26164456869095
2559.6500717878343,-69.26615724830981,-69.26615724830981
2559.660071787834,-69.27066237236946,-69.27066237236946
2559.6700717878343,-69.275160139259,-69.275160139259
2559.680071787834,-69.27965074407956,-69.27965074407956
2559.6900717878343,-69.28413437891629,-69.28413437891629
2559.700071787834,-69.28861123300926,-69.28861123300926
2559.7100717878343,-69.29307545500865,-69.29307545500865
2559.720071787834,-69.29752458513086,-69.29752458513086
2559.7300717878343,-69.30195751857141,-69.30195751857141
2559.740071787834,-69.3063737768641,-69.3063737768641
2559.7500717878343,-69.3107732297055,-69.3107732297055
2559.760071787834,-69.31515595046763,-69.31515595046763
2559.7700717878342,-69.31952213145111,-69.31952213145111
2559.780071787834,-69.32387203300044,-69.32387203300044
2559.790071787834,-69.32820595286732,-69.32820595286732
2559.800071787834,-69.3325242078536,-69.3325242078536
2559.810071787834,-69.33682712288812,-69.33682712288812
2559.820071787834,-69.34111502457881,-69.34111502457881
2559.830071787834,-69.34538823756823,-69.34538823756823
2559.840071787834,-69.34964708249207,-69.34964708249207
2559.850071787834,-69.35389187499922,-69.35389187499922
2559.8600717878344,-69.35812292535199,-69.35812292535199
2559.870071787834,-69.36234053836739,-69.36234053836739
2559.8800717878344,-69.36654501356801,-69.36654501356801
2559.890071787834,-69.37073664540094,-69.37073664540094
2559.9000717878343,-69.37491572354972,-69.37491572354972
2559.910071787834,-69.37908253317929,-69.37908253317929
2559.9200717878343,-69.38323735523417,-69.38323735523417
2559.930071787834,-69.38738046668583,-69.38738046668583
2559.9400717878343,-69.3915121407424,-69.3915121407424
2559.950071787834,-69.39563264706061,-69.39563264706061
2559.9600717878343,-69.3997422519024,-69.3997422519024
2559.970071787834,-69.40384121827628,-69.40384121827628
2559.9800717878343,-69.40792980607971,-69.40792980607971
2559.990071787834,-69.41200827219487,-69.41200827219487
2560.0000717878343,-69.41607687055969,-69.41607687055969
2560.010071787834,-69.42013585226482,-69.42013585226482
2560.0200717878342,-69.4241854655896,-69.4241854655896
2560.030071787834,-69.42822595606762,-69.42822595606762
2560.040071787834,-69.43225756652541,-69.43225756652541
2560.050071787834,-69.43628053711097,-69.43628053711097
2560.060071787834,-69.44029510532054,-69.44029510532054
2560.070071787834,-69.44430150602025,-69.44430150602025
2560.080071787834,-69.44829997146371,-69.44829997146371
2560.090071787834,-69.45229073131806,-69.45229073131806
2560.100071787834,-69.4562740126631,-69.4562740126631
2560.1100717878344,-69.46025004000056,-69.46025004000056
2560.120071787834,-69.4642190352634,-69.4642190352634
2560.1300717878344,-69.46818121783147,-69.46818121783147
2560.140071787834,-69.47213680452852,-69.47213680452852
2560.1500717878343,-69.47608600962926,-69.47608600962926
2560.160071787834,-69.48002904486891,-69.48002904486891
2560.1700717878343,-69.48396611943888,-69.48396611943888
2560.180071787834,-69.48789744000563,-69.48789744000563
2560.1900717878343,-69.49182321069547,-69.49182321069547
2560.200071811676,-69.49574364245794,-69.49574364245794
2560.2100718116762,-69.4996528610571,-69.4996528610571
2560.220071811676,-69.50354842222582,-69.50354842222582
2560.230071811676,-69.50742923119512,-69.50742923119512
2560.240071811676,-69.51129482112628,-69.51129482112628
2560.250071811676,-69.51514507401176,-69.51514507401176
2560.260071811676,-69.51898007571293,-69.51898007571293
2560.270071811676,-69.52280003088875,-69.52280003088875
2560.280071811676,-69.52660521191795,-69.52660521191795
2560.290071811676,-69.53039592815762,-69.53039592815762
2560.300071811676,-69.53417250750307,-69.53417250750307
2560.310071811676,-69.53793528538814,-69.53793528538814
2560.320071811676,-69.5416845983541,-69.5416845983541
2560.330071811676,-69.54542078035291,-69.54542078035291
2560.340071811676,-69.54914416071627,-69.54914416071627
2560.350071811676,-69.5528550631815,-69.5528550631815
2560.360071811676,-69.55655380548181,-69.55655380548181
2560.370071811676,-69.5602406993114,-69.5602406993114
2560.380071811676,-69.5639160504689,-69.5639160504689
2560.390071811676,-69.56758015911382,-69.56758015911382
2560.400071811676,-69.57123332007156,-69.57123332007156
2560.410071811676,-69.57487582311039,-69.57487582311039
2560.420071811676,-69.57850795324899,-69.57850795324899
2560.430071811676,-69.58212999100941,-69.58212999100941
2560.440071811676,-69.58574221267067,-69.58574221267067
2560.450071811676,-69.58934489044411,-69.58934489044411
2560.4600718116762,-69.59293223077752,-69.59293223077752
2560.470071811676,-69.59650184557212,-69.59650184557212
2560.480071811676,-69.60005270639451,-69.60005270639451
2560.490071811676,-69.60358441263661,-69.60358441263661
2560.500071811676,-69.60709691217991,-69.60709691217991
2560.510071811676,-69.6105903562288,-69.6105903562288
2560.520071811676,-69.61406501426423,-69.61406501426423
2560.530071811676,-69.61752122292121,-69.61752122292121
2560.540071811676,-69.62095935523614,-69.62095935523614
2560.550071811676,-69.6243798022453,-69.6243798022453
2560.560071811676,-69.62778296198134,-69.62778296198134
2560.570071811676,-69.63116923307173,-69.63116923307173
2560.580071811676,-69.63453901102031,-69.63453901102031
2560.590071811676,-69.63789268624683,-69.63789268624683
2560.600071811676,-69.6412306430687,-69.6412306430687
2560.610071811676,-69.64455325933622,-69.64455325933622
2560.620071811676,-69.64786090637298,-69.64786090637298
2560.630071811676,-69.65115394916631,-69.65115394916631
2560.640071811676,-69.65443274658575,-69.65443274658575
2560.650071811676,-69.65769765170148,-69.65769765170148
2560.660071811676,-69.6609490120702,-69.6609490120702
2560.670071811676,-69.66418717002247,-69.66418717002247
2560.680071811676,-69.66741246294968,-69.66741246294968
2560.690071811676,-69.67062522351308,-69.67062522351308
2560.700071811676,-69.67382577986866,-69.67382577986866
2560.7100718116762,-69.67700838767652,-69.67700838767652
2560.720071811676,-69.68017071192851,-69.68017071192851
2560.730071811676,-69.68331177845127,-69.68331177845127
2560.740071811676,-69.68643124116703,-69.68643124116703
2560.750071811676,-69.68952910236698,-69.68952910236698
2560.760071811676,-69.69260556742249,-69.69260556742249
2560.770071811676,-69.6956609595721,-69.6956609595721
2560.780071811676,-69.6986956687739,-69.6986956687739
2560.790071811676,-69.70171012088437,-69.70171012088437
2560.800071811676,-69.70470475922782,-69.70470475922782
2560.810071811676,-69.70768003359964,-69.70768003359964
2560.820071811676,-69.71063639382997,-69.71063639382997
2560.830071811676,-69.71357428607256,-69.71357428607256
2560.840071811676,-69.71649415083816,-69.71649415083816
2560.850071811676,-69.71939642198359,-69.71939642198359
2560.860071811676,-69.7222815263276,-69.7222815263276
2560.870071811676,-69.72514988361627,-69.72514988361627
2560.880071811676,-69.7280019066815,-69.7280019066815
2560.890071811676,-69.73083800170143,-69.73083800170143
2560.900071811676,-69.73365856848137,-69.73365856848137
2560.910071811676,-69.73646400075884,-69.73646400075884
2560.920071811676,-69.73925468652531,-69.73925468652531
2560.930071811676,-69.74203100823865,-69.74203100823865
2560.940071811676,-69.74479334309109,-69.74479334309109
2560.950071811676,-69.74754206322865,-69.74754206322865
2560.9600718116762,-69.75027753591986,-69.75027753591986
2560.970071811676,-69.75300012371966,-69.75300012371966
2560.980071811676,-69.75571018461766,-69.75571018461766
2560.990071811676,-69.75840807215054,-69.75840807215054
2561.000071811676,-69.76109413549361,-69.76109413549361
2561.010071811676,-69.76376871957297,-69.76376871957297
2561.020071811676,-69.76643216511341,-69.76643216511341
2561.030071811676,-69.7690848087303,-69.7690848087303
2561.040071811676,-69.77172698295486,-69.77172698295486
2561.050071835518,-69.77435902256246,-69.77435902256246
2561.060071835518,-69.7769812395331,-69.7769812395331
2561.070071835518,-69.77959396076078,-69.77959396076078
2561.080071835518,-69.78219750291301,-69.78219750291301
2561.090071835518,-69.784792178797,-69.784792178797
2561.100071835518,-69.78737829734995,-69.78737829734995
2561.110071835518,-69.78995616368822,-69.78995616368822
2561.120071835518,-69.79252607911397,-69.79252607911397
2561.130071835518,-69.7950883411388,-69.7950883411388
2561.140071835518,-69.79764324350705,-69.79764324350705
2561.150071835518,-69.80019107622607,-69.80019107622607
2561.160071835518,-69.80273212555666,-69.80273212555666
2561.170071835518,-69.80526667406211,-69.80526667406211
2561.180071835518,-69.80779500061192,-69.80779500061192
2561.1900718355178,-69.81031738040653,-69.81031738040653
2561.200071835518,-69.81283408499274,-69.81283408499274
2561.2100718355177,-69.81533930394872,-69.81533930394872
2561.220071835518,-69.81783064393584,-69.81783064393584
2561.2300718355177,-69.82030707560709,-69.82030707560709
2561.240071835518,-69.82276819923351,-69.82276819923351
2561.2500718355177,-69.82521396434214,-69.82521396434214
2561.260071835518,-69.82764452405783,-69.82764452405783
2561.2700718355177,-69.83006014966162,-69.83006014966162
2561.280071835518,-69.83246117923709,-69.83246117923709
2561.2900718355177,-69.83484798682983,-69.83484798682983
2561.300071835518,-69.83722096389239,-69.83722096389239
2561.310071835518,-69.83958050829644,-69.83958050829644
2561.320071835518,-69.8419270178504,-69.8419270178504
2561.330071835518,-69.84426088660894,-69.84426088660894
2561.340071835518,-69.84658250288616,-69.84658250288616
2561.350071835518,-69.84889224824806,-69.84889224824806
2561.360071835518,-69.85119049717429,-69.85119049717429
2561.370071835518,-69.85347761701603,-69.85347761701603
2561.380071835518,-69.85575396817833,-69.85575396817833
2561.390071835518,-69.85801990437677,-69.85801990437677
2561.400071835518,-69.86027577298071,-69.86027577298071
2561.410071835518,-69.86252191530922,-69.86252191530922
2561.420071835518,-69.86475866694624,-69.86475866694624
2561.430071835518,-69.86698635803327,-69.86698635803327
2561.4400718355178,-69.8692053135235,-69.8692053135235
2561.450071835518,-69.87141585340541,-69.87141585340541
2561.4600718355177,-69.87361829292202,-69.87361829292202
2561.470071835518,-69.87581294274175,-69.87581294274175
2561.4800718355177,-69.87800010910726,-69.87800010910726
2561.490071835518,-69.8801800939737,-69.8801800939737
2561.5000718355177,-69.88235319514092,-69.88235319514092
2561.510071835518,-69.88451970634408,-69.88451970634408
2561.5200718355177,-69.8866799173405,-69.8866799173405
2561.530071835518,-69.88883411398906,-69.88883411398906
2561.5400718355177,-69.8909825783403,-69.8909825783403
2561.550071835518,-69.89312558866932,-69.89312558866932
2561.560071835518,-69.89526341953605,-69.89526341953605
2561.570071835518,-69.897396341857,-69.897396341857
2561.580071835518,-69.8995246229029,-69.8995246229029
2561.590071835518,-69.90164852639049,-69.90164852639049
2561.600071835518,-69.90376831249095,-69.90376831249095
2561.610071835518,-69.9058842378446,-69.9058842378446
2561.620071835518,-69.90799655563842,-69.90799655563842
2561.630071835518,-69.91010551560188,-69.91010551560188
2561.640071835518,-69.91221136404768,-69.91221136404768
2561.650071835518,-69.91431434389052,-69.91431434389052
2561.660071835518,-69.9164146946818,-69.9164146946818
2561.670071835518,-69.91851265262962,-69.91851265262962
2561.680071835518,-69.92060845061525,-69.92060845061525
2561.6900718355178,-69.9227023182563,-69.9227023182563
2561.700071835518,-69.9247944818688,-69.9247944818688
2561.7100718355177,-69.92687907761409,-69.92687907761409
2561.720071835518,-69.92895366499849,-69.92895366499849
2561.7300718355177,-69.93101717014764,-69.93101717014764
2561.740071835518,-69.9330691502166,-69.9330691502166
2561.7500718355177,-69.93510951252576,-69.93510951252576
2561.760071835518,-69.93713836867778,-69.93713836867778
2561.7700718355177,-69.93915594895068,-69.93915594895068
2561.780071835518,-69.94116255085744,-69.94116255085744
2561.7900718355177,-69.9431585082322,-69.9431585082322
2561.800071835518,-69.94514417267163,-69.94514417267163
2561.810071835518,-69.94711990250532,-69.94711990250532
2561.820071835518,-69.94908605631719,-69.94908605631719
2561.830071835518,-69.95104298925901,-69.95104298925901
2561.840071835518,-69.95299105105133,-69.95299105105133
2561.850071835518,-69.95493058500833,-69.95493058500833
2561.860071835518,-69.95686192766472,-69.95686192766472
2561.870071835518,-69.95878540876875,-69.95878540876875
2561.880071835518,-69.96070135145902,-69.96070135145902
2561.890071835518,-69.96261007253882,-69.96261007253882
2561.9000718593597,-69.9645118873069,-69.9645118873069
2561.91007185936,-69.96640709179775,-69.96640709179775
2561.9200718593597,-69.96829599026738,-69.96829599026738
2561.93007185936,-69.97017887734515,-69.97017887734515
2561.9400718593597,-69.97205604282257,-69.97205604282257
2561.95007185936,-69.9739277718913,-69.9739277718913
2561.9600718593597,-69.97579434536297,-69.97579434536297
2561.97007185936,-69.97765603982884,-69.97765603982884
2561.9800718593597,-69.9795131278275,-69.9795131278275
2561.99007185936,-69.98136587797418,-69.98136587797418
2562.0000718593597,-69.98321455508118,-69.98321455508118
2562.01007185936,-69.98505942026249,-69.98505942026249
2562.0200718593596,-69.98690073102756,-69.98690073102756
2562.03007185936,-69.98873874134114,-69.98873874134114
2562.0400718593596,-69.99057370172433,-69.99057370172433
2562.05007185936,-69.99240585927059,-69.99240585927059
2562.0600718593596,-69.99423545773911,-69.99423545773911
2562.07007185936,-69.99606273756243,-69.99606273756243
2562.0800718593596,-69.99788793592674,-69.99788793592674
2562.09007185936,-69.99971128678858,-69.99971128678858
2562.1000718593596,-70.00153302091655,-70.00153302091655
2562.11007185936,-70.00335336589262,-70.00335336589262
2562.1200718593595,-70.00517254619956,-70.00517254619956
2562.1300718593598,-70.00699078319856,-70.00699078319856
2562.1400718593595,-70.00880829518248,-70.00880829518248
2562.1500718593597,-70.01062529736757,-70.01062529736757
2562.16007185936,-70.01244200196018,-70.01244200196018
2562.1700718593597,-70.01425861814867,-70.01425861814867
2562.18007185936,-70.01607535213637,-70.01607535213637
2562.1900718593597,-70.01789240715327,-70.01789240715327
2562.20007185936,-70.01970998349371,-70.01970998349371
2562.2100718593597,-70.0215282785308,-70.0215282785308
2562.22007185936,-70.02334748673022,-70.02334748673022
2562.2300718593597,-70.02516779967523,-70.02516779967523
2562.24007185936,-70.02698940609159,-70.02698940609159
2562.2500718593597,-70.02881249187509,-70.02881249187509
2562.26007185936,-70.03063724008378,-70.03063724008378
2562.2700718593596,-70.03246383099763,-70.03246383099763
2562.28007185936,-70.03429244211452,-70.03429244211452
2562.2900718593596,-70.0361232481828,-70.0361232481828
2562.30007185936,-70.03795642121189,-70.03795642121189
2562.3100718593596,-70.03978362163994,-70.03978362163994
2562.32007185936,-70.04159513595863,-70.04159513595863
2562.3300718593596,-70.04338259328358,-70.04338259328358
2562.34007185936,-70.04513921515746,-70.04513921515746
2562.3500718593596,-70.04685948896675,-70.04685948896675
2562.36007185936,-70.04853884606845,-70.04853884606845
2562.3700718593595,-70.05017343944944,-70.05017343944944
2562.3800718593598,-70.05176000027824,-70.05176000027824
2562.3900718593595,-70.05329574285089,-70.05329574285089
2562.4000718593597,-70.05477829693179,-70.05477829693179
2562.41007185936,-70.05620565579638,-70.05620565579638
2562.4200718593597,-70.05757613372077,-70.05757613372077
2562.43007185936,-70.05888832966963,-70.05888832966963
2562.4400718593597,-70.06014109568017,-70.06014109568017
2562.45007185936,-70.06133350890184,-70.06133350890184
2562.4600718593597,-70.06246484678493,-70.06246484678493
2562.47007185936,-70.06353456505222,-70.06353456505222
2562.4800718593597,-70.0645422781057,-70.0645422781057
2562.49007185936,-70.06548774162833,-70.06548774162833
2562.5000718593597,-70.06637083712381,-70.06637083712381
2562.51007185936,-70.06719155818385,-70.06719155818385
2562.5200718593596,-70.06794999829866,-70.06794999829866
2562.53007185936,-70.06864634002193,-70.06864634002193
2562.5400718593596,-70.06928084536186,-70.06928084536186
2562.55007185936,-70.06985384716918,-70.06985384716918
2562.5600718593596,-70.07036574153663,-70.07036574153663
2562.57007185936,-70.0708169809578,-70.0708169809578
2562.5800718593596,-70.0712080682556,-70.0712080682556
2562.59007185936,-70.07153955112508,-70.07153955112508
2562.6000718593596,-70.07181201726304,-70.07181201726304
2562.61007185936,-70.07202608996633,-70.07202608996633
2562.6200718593595,-70.07218242420707,-70.07218242420707
2562.6300718593598,-70.07228170308119,-70.07228170308119
2562.6400718593595,-70.07232463460521,-70.07232463460521
2562.6500718593597,-70.07231194882509,-70.07231194882509
2562.66007185936,-70.07224439518552,-70.07224439518552
2562.6700718593597,-70.07212274016479,-70.07212274016479
2562.68007185936,-70.07194776512874,-70.07194776512874
2562.6900718593597,-70.07172026435887,-70.07172026435887
2562.70007185936,-70.07144104326822,-70.07144104326822
2562.7100718593597,-70.07111091678587,-70.07111091678587
2562.72007185936,-70.07073070785097,-70.07073070785097
2562.7300718593597,-70.0703012460914,-70.0703012460914
2562.74007185936,-70.06982336654048,-70.06982336654048
2562.7500718832016,-70.06929790728077,-70.06929790728077
2562.760071883202,-70.06872571329187,-70.06872571329187
2562.7700718832016,-70.0681076282885,-70.0681076282885
2562.780071883202,-70.06744449855978,-70.06744449855978
2562.7900718832016,-70.06673717099522,-70.06673717099522
2562.800071883202,-70.06598649233881,-70.06598649233881
2562.8100718832015,-70.06519330853013,-70.06519330853013
2562.8200718832018,-70.06435846404062,-70.06435846404062
2562.8300718832015,-70.06348280133786,-70.06348280133786
2562.8400718832017,-70.06256716031679,-70.06256716031679
2562.8500718832015,-70.06161237783074,-70.06161237783074
2562.8600718832017,-70.06061928723652,-70.06061928723652
2562.8700718832015,-70.05958871797002,-70.05958871797002
2562.8800718832017,-70.05852149518464,-70.05852149518464
2562.8900718832015,-70.05741843937962,-70.05741843937962
2562.9000718832017,-70.05628036607747,-70.05628036607747
2562.9100718832015,-70.05510808554497,-70.05510808554497
2562.9200718832017,-70.0539024025009,-70.0539024025009
2562.9300718832014,-70.05266411588535,-70.05266411588535
2562.9400718832017,-70.051394018613,-70.051394018613
2562.9500718832014,-70.05009289738231,-70.05009289738231
2562.9600718832016,-70.0487615324642,-70.0487615324642
2562.9700718832014,-70.04740069754737,-70.04740069754737
2562.9800718832016,-70.04601115957726,-70.04601115957726
2562.9900718832014,-70.04459367859573,-70.04459367859573
2563.0000718832016,-70.04314900764146,-70.04314900764146
2563.010071883202,-70.04167789260974,-70.04167789260974
2563.0200718832016,-70.04018107215879,-70.04018107215879
2563.030071883202,-70.03865927761406,-70.03865927761406
2563.0400718832016,-70.0371132328987,-70.0371132328987
2563.050071883202,-70.0355436544417,-70.0355436544417
2563.0600718832015,-70.03395125112881,-70.03395125112881
2563.0700718832018,-70.03233672424895,-70.03233672424895
2563.0800718832015,-70.03070076744102,-70.03070076744102
2563.0900718832017,-70.02904406666694,-70.02904406666694
2563.1000718832015,-70.02736730017729,-70.02736730017729
2563.1100718832017,-70.02567113846283,-70.02567113846283
2563.1200718832015,-70.02395624429484,-70.02395624429484
2563.1300718832017,-70.02222327266021,-70.02222327266021
2563.1400718832015,-70.02047287077133,-70.02047287077133
2563.1500718832017,-70.01870567808034,-70.01870567808034
2563.1600718832015,-70.01692232626245,-70.01692232626245
2563.1700718832017,-70.01512343923754,-70.01512343923754
2563.1800718832014,-70.01330963317879,-70.01330963317879
2563.1900718832017,-70.01148151652959,-70.01148151652959
2563.2000718832014,-70.00963969004017,-70.00963969004017
2563.2100718832016,-70.00778474676184,-70.00778474676184
2563.2200718832014,-70.00591727209869,-70.00591727209869
2563.2300718832016,-70.00403784384177,-70.00403784384177
2563.2400718832014,-70.00214703217883,-70.00214703217883
2563.2500718832016,-70.00024539974387,-70.00024539974387
2563.260071883202,-69.99833350167194,-69.99833350167194
2563.2700718832016,-69.9964118856242,-69.9964118856242
2563.280071883202,-69.99448109182556,-69.99448109182556
2563.2900718832016,-69.9925416531373,-69.9925416531373
2563.300071883202,-69.99059409506539,-69.99059409506539
2563.3100718832015,-69.98863893583679,-69.98863893583679
2563.3200718832018,-69.98667668645903,-69.98667668645903
2563.3300718832015,-69.98470785075355,-69.98470785075355
2563.3400718832017,-69.98273292541411,-69.98273292541411
2563.3500718832015,-69.98075240006155,-69.98075240006155
2563.3600718832017,-69.97876675730652,-69.97876675730652
2563.3700718832015,-69.97677647280227,-69.97677647280227
2563.3800718832017,-69.97478201530585,-69.97478201530585
2563.3900718832015,-69.97278384673419,-69.97278384673419
2563.4000718832017,-69.97078242221583,-69.97078242221583
2563.4100718832015,-69.96877819018304,-69.96877819018304
2563.4200718832017,-69.96677159239847,-69.96677159239847
2563.4300718832014,-69.96476306403541,-69.96476306403541
2563.4400718832017,-69.96275303373433,-69.96275303373433
2563.4500718832014,-69.96074192366956,-69.96074192366956
2563.4600718832016,-69.9587301496081,-69.9587301496081
2563.4700718832014,-69.95671812098377,-69.95671812098377
2563.4800718832016,-69.95470624094257,-69.95470624094257
2563.4900718832014,-69.95269490643189,-69.95269490643189
2563.5000718832016,-69.95068450824192,-69.95068450824192
2563.510071883202,-69.94867543108823,-69.94867543108823
2563.5200718832016,-69.94666805366147,-69.94666805366147
2563.530071883202,-69.94466274869642,-69.94466274869642
2563.5400718832016,-69.94265988305231,-69.94265988305231
2563.550071883202,-69.94065981774521,-69.94065981774521
2563.5600718832015,-69.93866290805082,-69.93866290805082
2563.5700718832018,-69.93666950352655,-69.93666950352655
2563.5800718832015,-69.93467994813012,-69.93467994813012
2563.5900718832017,-69.93269458022353,-69.93269458022353
2563.6000719070435,-69.9307137279587,-69.9307137279587
2563.6100719070437,-69.92873772823263,-69.92873772823263
2563.6200719070434,-69.92676689834944,-69.92676689834944
2563.6300719070437,-69.92480155505581,-69.92480155505581
2563.6400719070434,-69.92284200984233,-69.92284200984233
2563.6500719070436,-69.92088856901836,-69.92088856901836
2563.6600719070434,-69.91894153376296,-69.91894153376296
2563.6700719070436,-69.91700120019247,-69.91700120019247
2563.6800719070434,-69.91506785942828,-69.91506785942828
2563.6900719070436,-69.91314179763323,-69.91314179763323
2563.7000719070434,-69.9112232961069,-69.9112232961069
2563.7100719070436,-69.90930654506127,-69.90930654506127
2563.7200719070433,-69.90738915619278,-69.90738915619278
2563.7300719070436,-69.90547010841128,-69.90547010841128
2563.7400719070433,-69.90354901235325,-69.90354901235325
2563.7500719070435,-69.90162582910398,-69.90162582910398
2563.7600719070433,-69.89970072376421,-69.89970072376421
2563.7700719070435,-69.8977739793828,-69.8977739793828
2563.7800719070433,-69.8958459452027,-69.8958459452027
2563.7900719070435,-69.89391700547297,-69.89391700547297
2563.8000719070433,-69.89198756076239,-69.89198756076239
2563.8100719070435,-69.89005801682619,-69.89005801682619
2563.8200719070433,-69.88812877807764,-69.88812877807764
2563.8300719070435,-69.88620024389888,-69.88620024389888
2563.8400719070432,-69.88427280664799,-69.88427280664799
2563.8500719070435,-69.8823468507103,-69.8823468507103
2563.8600719070437,-69.88042275216613,-69.88042275216613
2563.8700719070434,-69.87850087882053,-69.87850087882053
2563.8800719070437,-69.87658159039887,-69.87658159039887
2563.8900719070434,-69.8746652389136,-69.8746652389136
2563.9000719070436,-69.8727521689916,-69.8727521689916
2563.9100719070434,-69.87084271825584,-69.87084271825584
2563.9200719070436,-69.86893721767427,-69.86893721767427
2563.9300719070434,-69.86703599191598,-69.86703599191598
2563.9400719070436,-69.86513935960154,-69.86513935960154
2563.9500719070434,-69.86324763362151,-69.86324763362151
2563.9600719070436,-69.86135503925023,-69.86135503925023
2563.9700719070433,-69.8594592203277,-69.8594592203277
2563.9800719070436,-69.85755918663094,-69.85755918663094
2563.9900719070433,-69.85565457904471,-69.85565457904471
2564.0000719070435,-69.85374538851426,-69.85374538851426
2564.0100719070433,-69.85183180977283,-69.85183180977283
2564.0200719070435,-69.84991415538168,-69.84991415538168
2564.0300719070433,-69.84799280404111,-69.84799280404111
2564.0400719070435,-69.84606816945427,-69.84606816945427
2564.0500719070433,-69.84414068165827,-69.84414068165827
2564.0600719070435,-69.84221077593946,-69.84221077593946
2564.0700719070433,-69.84027888630642,-69.84027888630642
2564.0800719070435,-69.83834544180198,-69.83834544180198
2564.0900719070432,-69.83641086455044,-69.83641086455044
2564.1000719070435,-69.83447556876405,-69.83447556876405
2564.1100719070437,-69.8325399604227,-69.8325399604227
2564.1200719070434,-69.83060443731137,-69.83060443731137
2564.1300719070437,-69.82866938919915,-69.82866938919915
2564.1400719070434,-69.82673519819011,-69.82673519819011
2564.1500719070436,-69.82480223904636,-69.82480223904636
2564.1600719070434,-69.82287087956625,-69.82287087956625
2564.1700719070436,-69.82094148090682,-69.82094148090682
2564.1800719070434,-69.81901439791908,-69.81901439791908
2564.1900719070436,-69.81708997942421,-69.81708997942421
2564.2000719070434,-69.81516856847034,-69.81516856847034
2564.2100719070436,-69.81325050256474,-69.81325050256474
2564.2200719070433,-69.81133611387997,-69.81133611387997
2564.2300719070436,-69.80942572941512,-69.80942572941512
2564.2400719070433,-69.80751967115546,-69.80751967115546
2564.2500719070435,-69.80561825621184,-69.80561825621184
2564.2600719070433,-69.80372179693286,-69.80372179693286
2564.2700719070435,-69.80183060101582,-69.80183060101582
2564.2800719070433,-69.79994497159986,-69.79994497159986
2564.2900719070435,-69.79806520733524,-69.79806520733524
2564.3000719070433,-69.79619160245954,-69.79619160245954
2564.3100719070435,-69.79432444687214,-69.79432444687214
2564.3200719070433,-69.79246402618392,-69.79246402618392
2564.3300719070435,-69.79061062177287,-69.79061062177287
2564.3400719070432,-69.788764510828,-69.788764510828
2564.3500719070435,-69.7869259664048,-69.7869259664048
2564.3600719070437,-69.78509525744715,-69.78509525744715
2564.3700719070434,-69.7832726488574,-69.7832726488574
2564.3800719070437,-69.78145840149669,-69.78145840149669
2564.3900719070434,-69.77965277226133,-69.77965277226133
2564.4000719070436,-69.77785601407665,-69.77785601407665
2564.4100719070434,-69.77606837594661,-69.77606837594661
2564.4200719070436,-69.7742901030033,-69.7742901030033
2564.4300719070434,-69.77252143650492,-69.77252143650492
2564.4400719070436,-69.77076261389412,-69.77076261389412
2564.4500719308853,-69.76901386464971,-69.76901386464971
2564.4600719308855,-69.76727542700503,-69.76727542700503
2564.4700719308853,-69.76554752291136,-69.76554752291136
2564.4800719308855,-69.76383037480667,-69.76383037480667
2564.4900719308853,-69.76212420145524,-69.76212420145524
2564.5000719308855,-69.76042921797746,-69.76042921797746
2564.5100719308853,-69.75874563587698,-69.75874563587698
2564.5200719308855,-69.75707366307019,-69.75707366307019
2564.5300719308852,-69.7554135039292,-69.7554135039292
2564.5400719308855,-69.75376535928709,-69.75376535928709
2564.550071930885,-69.75212942650342,-69.75212942650342
2564.5600719308854,-69.75050589946368,-69.75050589946368
2564.570071930885,-69.74889496862983,-69.74889496862983
2564.5800719308854,-69.74729682105382,-69.74729682105382
2564.590071930885,-69.74571164044322,-69.74571164044322
2564.6000719308854,-69.74413960714404,-69.74413960714404
2564.610071930885,-69.74258089820962,-69.74258089820962
2564.6200719308854,-69.74103568741786,-69.74103568741786
2564.630071930885,-69.73950414531159,-69.73950414531159
2564.6400719308854,-69.73798643922915,-69.73798643922915
2564.650071930885,-69.73648273332415,-69.73648273332415
2564.6600719308854,-69.73499318861421,-69.73499318861421
2564.670071930885,-69.73351796299507,-69.73351796299507
2564.6800719308853,-69.7320572113008,-69.7320572113008
2564.690071930885,-69.73061108530494,-69.73061108530494
2564.7000719308853,-69.72917973377453,-69.72917973377453
2564.7100719308855,-69.72776330249417,-69.72776330249417
2564.7200719308853,-69.72636193430581,-69.72636193430581
2564.7300719308855,-69.7249757691247,-69.7249757691247
2564.7400719308853,-69.72360494400894,-69.72360494400894
2564.7500719308855,-69.72224959313465,-69.72224959313465
2564.7600719308853,-69.72090984787962,-69.72090984787962
2564.7700719308855,-69.71958583682148,-69.71958583682148
2564.7800719308852,-69.71827768580603,-69.71827768580603
2564.7900719308855,-69.71698551794705,-69.71698551794705
2564.800071930885,-69.71570945366835,-69.71570945366835
2564.8100719308854,-69.71444961073989,-69.71444961073989
2564.820071930885,-69.71320610430094,-69.71320610430094
2564.8300719308854,-69.7119790469072,-69.7119790469072
2564.840071930885,-69.71076854855548,-69.71076854855548
2564.8500719308854,-69.70957471670596,-69.70957471670596
2564.860071930885,-69.70839765631948,-69.70839765631948
2564.8700719308854,-69.70723746989533,-69.70723746989533
2564.880071930885,-69.70609425749234,-69.70609425749234
2564.8900719308854,-69.70496811676892,-69.70496811676892
2564.900071930885,-69.7038591430057,-69.7038591430057
2564.9100719308854,-69.70276742913651,-69.70276742913651
2564.920071930885,-69.70169306579179,-69.70169306579179
2564.9300719308853,-69.7006361413053,-69.7006361413053
2564.940071930885,-69.69959674176593,-69.69959674176593
2564.9500719308853,-69.69857495103632,-69.69857495103632
2564.9600719308855,-69.69757085078136,-69.69757085078136
2564.9700719308853,-69.69658452050686,-69.69658452050686
2564.9800719308855,-69.69561603756283,-69.69561603756283
2564.9900719308853,-69.69466547722058,-69.69466547722058
2565.0000719308855,-69.6937329126462,-69.6937329126462
2565.0100719308853,-69.6928184149625,-69.6928184149625
2565.0200719308855,-69.69192205326488,-69.69192205326488
2565.0300719308852,-69.69104389466881,-69.69104389466881
2565.0400719308855,-69.69018400429019,-69.69018400429019
2565.050071930885,-69.68934244533469,-69.68934244533469
2565.0600719308854,-69.68851927907507,-69.68851927907507
2565.070071930885,-69.68771456490329,-69.68771456490329
2565.0800719308854,-69.68692836033665,-69.68692836033665
2565.090071930885,-69.68616072107507,-69.68616072107507
2565.1000719308854,-69.68541170099736,-69.68541170099736
2565.110071930885,-69.6846813521931,-69.6846813521931
2565.1200719308854,-69.68396972500838,-69.68396972500838
2565.130071930885,-69.68327686804119,-69.68327686804119
2565.1400719308854,-69.68260282818336,-69.68260282818336
2565.150071930885,-69.68194765065327,-69.68194765065327
2565.1600719308854,-69.68131137898965,-69.68131137898965
2565.170071930885,-69.68069405510263,-69.68069405510263
2565.1800719308853,-69.68009571929596,-69.68009571929596
2565.190071930885,-69.67951641028199,-69.67951641028199
2565.2000719308853,-69.6789561651971,-69.6789561651971
2565.2100719308855,-69.67841501963933,-69.67841501963933
2565.2200719308853,-69.6778930076932,-69.6778930076932
2565.2300719308855,-69.67739016193623,-69.67739016193623
2565.2400719308853,-69.67690651347247,-69.67690651347247
2565.2500719308855,-69.67644209195055,-69.67644209195055
2565.2600719308853,-69.67599692558441,-69.67599692558441
2565.2700719308855,-69.67557104117873,-69.67557104117873
2565.2800719308852,-69.67516446415347,-69.67516446415347
2565.2900719308855,-69.67477721854445,-69.67477721854445
2565.300071954727,-69.67440932618511,-69.67440932618511
2565.3100719547274,-69.67406081023593,-69.67406081023593
2565.320071954727,-69.67373168982868,-69.67373168982868
2565.3300719547274,-69.67342198372698,-69.67342198372698
2565.340071954727,-69.67313170944199,-69.67313170944199
2565.3500719547274,-69.67286088321583,-69.67286088321583
2565.360071954727,-69.67260952006656,-69.67260952006656
2565.3700719547273,-69.67237763380818,-69.67237763380818
2565.380071954727,-69.67216523705129,-69.67216523705129
2565.3900719547273,-69.67197234123441,-69.67197234123441
2565.400071954727,-69.67179895664104,-69.67179895664104
2565.4100719547273,-69.67164509241672,-69.67164509241672
2565.420071954727,-69.67151075658745,-69.67151075658745
2565.4300719547273,-69.67139595605681,-69.67139595605681
2565.440071954727,-69.67130069666798,-69.67130069666798
2565.4500719547273,-69.67122498317828,-69.67122498317828
2565.460071954727,-69.67116881929518,-69.67116881929518
2565.4700719547272,-69.6711322076939,-69.6711322076939
2565.480071954727,-69.67111515002752,-69.67111515002752
2565.4900719547272,-69.67111764694197,-69.67111764694197
2565.500071954727,-69.67113969809381,-69.67113969809381
2565.510071954727,-69.67118130217614,-69.67118130217614
2565.520071954727,-69.67124245691826,-69.67124245691826
2565.530071954727,-69.67132315910976,-69.67132315910976
2565.540071954727,-69.67142340461649,-69.67142340461649
2565.550071954727,-69.6715431883854,-69.6715431883854
2565.5600719547274,-69.671682504476,-69.671682504476
2565.570071954727,-69.67184134605162,-69.67184134605162
2565.5800719547274,-69.6720197054259,-69.6720197054259
2565.590071954727,-69.67221757404174,-69.67221757404174
2565.6000719547274,-69.6724349425074,-69.6724349425074
2565.610071954727,-69.67267180061158,-69.67267180061158
2565.6200719547273,-69.6729281373188,-69.6729281373188
2565.630071954727,-69.67320394079924,-69.67320394079924
2565.6400719547273,-69.67349919843784,-69.67349919843784
2565.650071954727,-69.67381389684111,-69.67381389684111
2565.6600719547273,-69.67414802185691,-69.67414802185691
2565.670071954727,-69.6745015585928,-69.6745015585928
2565.6800719547273,-69.67487449140644,-69.67487449140644
2565.690071954727,-69.67526680394063,-69.67526680394063
2565.7000719547273,-69.67567847912966,-69.67567847912966
2565.710071954727,-69.67610949919423,-69.67610949919423
2565.7200719547272,-69.676559845686,-69.676559845686
2565.730071954727,-69.6770294994699,-69.6770294994699
2565.7400719547272,-69.67751844073773,-69.67751844073773
2565.750071954727,-69.67802664904947,-69.67802664904947
2565.760071954727,-69.67855410330705,-69.67855410330705
2565.770071954727,-69.67910078177921,-69.67910078177921
2565.780071954727,-69.67966666212902,-69.67966666212902
2565.790071954727,-69.68025172139876,-69.68025172139876
2565.800071954727,-69.68085593603008,-69.68085593603008
2565.8100719547274,-69.68147928188081,-69.68147928188081
2565.820071954727,-69.6821217342305,-69.6821217342305
2565.8300719547274,-69.682783267785,-69.682783267785
2565.840071954727,-69.68346385669264,-69.68346385669264
2565.8500719547274,-69.68416347455972,-69.68416347455972
2565.860071954727,-69.68488209444644,-69.68488209444644
2565.8700719547273,-69.6856196888856,-69.6856196888856
2565.880071954727,-69.68637622989375,-69.68637622989375
2565.8900719547273,-69.68715168896688,-69.68715168896688
2565.900071954727,-69.6879460371039,-69.6879460371039
2565.9100719547273,-69.6887592448124,-69.6887592448124
2565.920071954727,-69.68959128212002,-69.68959128212002
2565.9300719547273,-69.69044211857086,-69.69044211857086
2565.940071954727,-69.69131172324434,-69.69131172324434
2565.9500719547273,-69.69220006476444,-69.69220006476444
2565.960071954727,-69.69310711130966,-69.69310711130966
2565.9700719547272,-69.69403283060579,-69.69403283060579
2565.980071954727,-69.69497718995666,-69.69497718995666
2565.9900719547272,-69.69594015623404,-69.69594015623404
2566.000071954727,-69.69692169589274,-69.69692169589274
2566.010071954727,-69.69792177497978,-69.69792177497978
2566.020071954727,-69.69894035914933,-69.69894035914933
2566.030071954727,-69.69997741364219,-69.69997741364219
2566.040071954727,-69.70103290333097,-69.70103290333097
2566.050071954727,-69.70210679269546,-69.70210679269546
2566.0600719547274,-69.70319904585598,-69.70319904585598
2566.070071954727,-69.7043096265579,-69.7043096265579
2566.0800719547274,-69.70543849819221,-69.70543849819221
2566.090071954727,-69.70658562380191,-69.70658562380191
2566.1000719547274,-69.70775096609175,-69.70775096609175
2566.110071954727,-69.70893448741111,-69.70893448741111
2566.1200719547273,-69.71013614978874,-69.71013614978874
2566.130071954727,-69.71135591494392,-69.71135591494392
2566.1400719547273,-69.71259374425178,-69.71259374425178
2566.150071978569,-69.71384960179785,-69.71384960179785
2566.1600719785692,-69.71512344241205,-69.71512344241205
2566.170071978569,-69.71641522951477,-69.71641522951477
2566.1800719785692,-69.7177249232848,-69.7177249232848
2566.190071978569,-69.71905248362447,-69.71905248362447
2566.200071978569,-69.72039787014826,-69.72039787014826
2566.210071978569,-69.7217549675701,-69.7217549675701
2566.220071978569,-69.72312107642023,-69.72312107642023
2566.230071978569,-69.72449486450192,-69.72449486450192
2566.240071978569,-69.72587563345107,-69.72587563345107
2566.250071978569,-69.72726303833618,-69.72726303833618
2566.260071978569,-69.72865694172268,-69.72865694172268
2566.270071978569,-69.73005732798241,-69.73005732798241
2566.280071978569,-69.73146425173422,-69.73146425173422
2566.290071978569,-69.7328778067852,-69.7328778067852
2566.300071978569,-69.73429810749687,-69.73429810749687
2566.310071978569,-69.7357252776885,-69.7357252776885
2566.320071978569,-69.7371594440836,-69.7371594440836
2566.330071978569,-69.73860073260225,-69.73860073260225
2566.340071978569,-69.74004926631194,-69.74004926631194
2566.350071978569,-69.74150516442765,-69.74150516442765
2566.360071978569,-69.74296854194817,-69.74296854194817
2566.370071978569,-69.7444395095835,-69.7444395095835
2566.380071978569,-69.74591817395186,-69.74591817395186
2566.390071978569,-69.74740463782379,-69.74740463782379
2566.400071978569,-69.74889900044585,-69.74889900044585
2566.4100719785692,-69.75040135783426,-69.75040135783426
2566.420071978569,-69.75191180307232,-69.75191180307232
2566.4300719785692,-69.75343042659905,-69.75343042659905
2566.440071978569,-69.75495731644975,-69.75495731644975
2566.450071978569,-69.7564925584676,-69.7564925584676
2566.460071978569,-69.75803623649671,-69.75803623649671
2566.470071978569,-69.75958843252718,-69.75958843252718
2566.480071978569,-69.76114922688096,-69.76114922688096
2566.490071978569,-69.76271869828624,-69.76271869828624
2566.500071978569,-69.76429692398379,-69.76429692398379
2566.510071978569,-69.76588397982616,-69.76588397982616
2566.520071978569,-69.76747994034704,-69.76747994034704
2566.530071978569,-69.7690848788077,-69.7690848788077
2566.540071978569,-69.77069886724226,-69.77069886724226
2566.550071978569,-69.77232197651543,-69.77232197651543
2566.560071978569,-69.77395427633749,-69.77395427633749
2566.570071978569,-69.77559583530076,-69.77559583530076
2566.580071978569,-69.77724672090697,-69.77724672090697
2566.590071978569,-69.77890699955158,-69.77890699955158
2566.600071978569,-69.78057673657521,-69.78057673657521
2566.610071978569,-69.78225599625343,-69.78225599625343
2566.620071978569,-69.78394484182115,-69.78394484182115
2566.630071978569,-69.78564333544678,-69.78564333544678
2566.640071978569,-69.78735153826968,-69.78735153826968
2566.650071978569,-69.78906951038306,-69.78906951038306
2566.6600719785692,-69.790797310836,-69.790797310836
2566.670071978569,-69.79253499765635,-69.79253499765635
2566.6800719785692,-69.79428262782014,-69.79428262782014
2566.690071978569,-69.79604025728402,-69.79604025728402
2566.700071978569,-69.79780794094346,-69.79780794094346
2566.710071978569,-69.79958573268704,-69.79958573268704
2566.720071978569,-69.80137368533619,-69.80137368533619
2566.730071978569,-69.80317185069791,-69.80317185069791
2566.740071978569,-69.80498027952514,-69.80498027952514
2566.750071978569,-69.80679902154998,-69.80679902154998
2566.760071978569,-69.8086281254483,-69.8086281254483
2566.770071978569,-69.81046763888365,-69.81046763888365
2566.780071978569,-69.81231760845644,-69.81231760845644
2566.790071978569,-69.81417807975026,-69.81417807975026
2566.800071978569,-69.81604909730952,-69.81604909730952
2566.810071978569,-69.81793070465277,-69.81793070465277
2566.820071978569,-69.8198229442566,-69.8198229442566
2566.830071978569,-69.82172585758285,-69.82172585758285
2566.840071978569,-69.82363948507297,-69.82363948507297
2566.850071978569,-69.82556386612968,-69.82556386612968
2566.860071978569,-69.82749903914498,-69.82749903914498
2566.870071978569,-69.82944504150693,-69.82944504150693
2566.880071978569,-69.83140190958336,-69.83140190958336
2566.890071978569,-69.83336967873326,-69.83336967873326
2566.900071978569,-69.83534838333875,-69.83534838333875
2566.9100719785692,-69.83733805675462,-69.83733805675462
2566.920071978569,-69.83933873136293,-69.83933873136293
2566.9300719785692,-69.8413504385651,-69.8413504385651
2566.940071978569,-69.84337320877455,-69.84337320877455
2566.950071978569,-69.8454070714286,-69.8454070714286
2566.960071978569,-69.84744596858155,-69.84744596858155
2566.970071978569,-69.84948726328422,-69.84948726328422
2566.980071978569,-69.85152968725896,-69.85152968725896
2566.990071978569,-69.85357260617522,-69.85357260617522
2567.000072002411,-69.85561574371795,-69.85561574371795
2567.010072002411,-69.85765901603675,-69.85765901603675
2567.020072002411,-69.85970247518331,-69.85970247518331
2567.030072002411,-69.86174623808972,-69.86174623808972
2567.040072002411,-69.86379046036319,-69.86379046036319
2567.050072002411,-69.86583531764688,-69.86583531764688
2567.060072002411,-69.86788099452427,-69.86788099452427
2567.070072002411,-69.869927677966,-69.869927677966
2567.080072002411,-69.87197555362594,-69.87197555362594
2567.090072002411,-69.87402480379775,-69.87402480379775
2567.100072002411,-69.87607560639154,-69.87607560639154
2567.110072002411,-69.87812813456864,-69.87812813456864
2567.120072002411,-69.88018255668322,-69.88018255668322
2567.130072002411,-69.88223903646332,-69.88223903646332
2567.1400720024108,-69.8842977332534,-69.8842977332534
2567.150072002411,-69.88635880232654,-69.88635880232654
2567.1600720024107,-69.88842239518735,-69.88842239518735
2567.170072002411,-69.89048865987147,-69.89048865987147
2567.1800720024107,-69.8925577412311,-69.8925577412311
2567.190072002411,-69.89462978114352,-69.89462978114352
2567.2000720024107,-69.8967049187696,-69.8967049187696
2567.210072002411,-69.89878329071949,-69.89878329071949
2567.2200720024107,-69.9008650312224,-69.9008650312224
2567.230072002411,-69.90295027226041,-69.90295027226041
2567.2400720024107,-69.90503914370596,-69.90503914370596
2567.250072002411,-69.90713177340302,-69.90713177340302
2567.260072002411,-69.9092282872619,-69.9092282872619
2567.270072002411,-69.91132880933448,-69.91132880933448
2567.280072002411,-69.91343346186603,-69.91343346186603
2567.290072002411,-69.91554236535745,-69.91554236535745
2567.300072002411,-69.91765563859856,-69.91765563859856
2567.310072002411,-69.9197733987169,-69.9197733987169
2567.320072002411,-69.92189576117264,-69.92189576117264
2567.330072002411,-69.92402283984661,-69.92402283984661
2567.340072002411,-69.92615474698823,-69.92615474698823
2567.350072002411,-69.92829159328211,-69.92829159328211
2567.360072002411,-69.93043348784097,-69.93043348784097
2567.370072002411,-69.93258053822674,-69.93258053822674
2567.380072002411,-69.93473285045305,-69.93473285045305
2567.3900720024108,-69.93689052900213,-69.93689052900213
2567.400072002411,-69.93905367681894,-69.93905367681894
2567.4100720024107,-69.94122239532506,-69.94122239532506
2567.420072002411,-69.94339678443792,-69.94339678443792
2567.4300720024107,-69.94557694254674,-69.94557694254674
2567.440072002411,-69.94776296653397,-69.94776296653397
2567.4500720024107,-69.94995495179339,-69.94995495179339
2567.460072002411,-69.95214689682412,-69.95214689682412
2567.4700720024107,-69.95433622571399,-69.95433622571399
2567.480072002411,-69.9565217324717,-69.9565217324717
2567.4900720024107,-69.9587028452895,-69.9587028452895
2567.500072002411,-69.96087934531376,-69.96087934531376
2567.510072002411,-69.96305122044133,-69.96305122044133
2567.520072002411,-69.96521857947837,-69.96521857947837
2567.530072002411,-69.96738160050414,-69.96738160050414
2567.540072002411,-69.96954049982038,-69.96954049982038
2567.550072002411,-69.97169551327526,-69.97169551327526
2567.560072002411,-69.97384688516824,-69.97384688516824
2567.570072002411,-69.97599486170206,-69.97599486170206
2567.580072002411,-69.97813968724526,-69.97813968724526
2567.590072002411,-69.98028160229207,-69.98028160229207
2567.600072002411,-69.98242084247458,-69.98242084247458
2567.610072002411,-69.9845576381265,-69.9845576381265
2567.620072002411,-69.98669221427897,-69.98669221427897
2567.630072002411,-69.98882479079909,-69.98882479079909
2567.6400720024108,-69.99095558264898,-69.99095558264898
2567.650072002411,-69.9930848001891,-69.9930848001891
2567.6600720024107,-69.99521264948734,-69.99521264948734
2567.670072002411,-69.99733933259576,-69.99733933259576
2567.6800720024107,-69.99946504784678,-69.99946504784678
2567.690072002411,-70.00158999007378,-70.00158999007378
2567.7000720024107,-70.00371435084998,-70.00371435084998
2567.710072002411,-70.00583831864765,-70.00583831864765
2567.7200720024107,-70.00796207902567,-70.00796207902567
2567.730072002411,-70.01008581476454,-70.01008581476454
2567.7400720024107,-70.01220970597616,-70.01220970597616
2567.750072002411,-70.01433393021853,-70.01433393021853
2567.760072002411,-70.01645866257705,-70.01645866257705
2567.770072002411,-70.01858407573884,-70.01858407573884
2567.780072002411,-70.02071034003843,-70.02071034003843
2567.790072002411,-70.02283762354706,-70.02283762354706
2567.800072002411,-70.02496609208882,-70.02496609208882
2567.810072002411,-70.02709590928083,-70.02709590928083
2567.820072002411,-70.02922723657423,-70.02922723657423
2567.830072002411,-70.03136023326981,-70.03136023326981
2567.840072002411,-70.03349505655093,-70.03349505655093
2567.8500720262527,-70.03563186658688,-70.03563186658688
2567.860072026253,-70.0377708061992,-70.0377708061992
2567.8700720262527,-70.03991203140076,-70.03991203140076
2567.880072026253,-70.04205569105596,-70.04205569105596
2567.8900720262527,-70.04420193198591,-70.04420193198591
2567.900072026253,-70.04635089897731,-70.04635089897731
2567.9100720262527,-70.04850273479553,-70.04850273479553
2567.920072026253,-70.05065758018058,-70.05065758018058
2567.9300720262527,-70.05281557386904,-70.05281557386904
2567.940072026253,-70.05497685259822,-70.05497685259822
2567.9500720262527,-70.05714155111863,-70.05714155111863
2567.960072026253,-70.05930980218439,-70.05930980218439
2567.9700720262526,-70.06148173659052,-70.06148173659052
2567.980072026253,-70.06365748315025,-70.06365748315025
2567.9900720262526,-70.06583716873017,-70.06583716873017
2568.000072026253,-70.06802091824193,-70.06802091824193
2568.0100720262526,-70.07020885466291,-70.07020885466291
2568.020072026253,-70.07240109903108,-70.07240109903108
2568.0300720262526,-70.07459777047444,-70.07459777047444
2568.040072026253,-70.07679898619772,-70.07679898619772
2568.0500720262526,-70.07900486151063,-70.07900486151063
2568.060072026253,-70.08121550983067,-70.08121550983067
2568.0700720262525,-70.08343104270195,-70.08343104270195
2568.0800720262528,-70.08565156979806,-70.08565156979806
2568.0900720262525,-70.08787719893716,-70.08787719893716
2568.1000720262527,-70.0901080360864,-70.0901080360864
2568.110072026253,-70.09234418539792,-70.09234418539792
2568.1200720262527,-70.09458574919162,-70.09458574919162
2568.130072026253,-70.09683282798115,-70.09683282798115
2568.1400720262527,-70.09908552050015,-70.09908552050015
2568.150072026253,-70.10134392368678,-70.10134392368678
2568.1600720262527,-70.10360813272536,-70.10360813272536
2568.170072026253,-70.105878241048,-70.105878241048
2568.1800720262527,-70.10815434035447,-70.10815434035447
2568.190072026253,-70.11043652061014,-70.11043652061014
2568.2000720262527,-70.1127248700898,-70.1127248700898
2568.210072026253,-70.11501947536514,-70.11501947536514
2568.2200720262526,-70.11732042133269,-70.11732042133269
2568.230072026253,-70.11962779123098,-70.11962779123098
2568.2400720262526,-70.12194166664752,-70.12194166664752
2568.250072026253,-70.12426212754794,-70.12426212754794
2568.2600720262526,-70.12658925227366,-70.12658925227366
2568.270072026253,-70.12892311757875,-70.12892311757875
2568.2800720262526,-70.13126379862354,-70.13126379862354
2568.290072026253,-70.13361136900978,-70.13361136900978
2568.3000720262526,-70.13596590079203,-70.13596590079203
2568.310072026253,-70.13832746447387,-70.13832746447387
2568.3200720262525,-70.14069612906408,-70.14069612906408
2568.3300720262528,-70.14307196205957,-70.14307196205957
2568.3400720262525,-70.1454550294691,-70.1454550294691
2568.3500720262527,-70.14784539583768,-70.14784539583768
2568.360072026253,-70.15024312425655,-70.15024312425655
2568.3700720262527,-70.15264827638394,-70.15264827638394
2568.380072026253,-70.1550609124534,-70.1550609124534
2568.3900720262527,-70.15748109130521,-70.15748109130521
2568.400072026253,-70.15990887038537,-70.15990887038537
2568.4100720262527,-70.16234430577886,-70.16234430577886
2568.420072026253,-70.16478745220849,-70.16478745220849
2568.4300720262527,-70.16723836306242,-70.16723836306242
2568.440072026253,-70.16969709041209,-70.16969709041209
2568.4500720262527,-70.17216368502586,-70.17216368502586
2568.460072026253,-70.17463819637648,-70.17463819637648
2568.4700720262526,-70.17712067266534,-70.17712067266534
2568.480072026253,-70.17961116084504,-70.17961116084504
2568.4900720262526,-70.18210970662007,-70.18210970662007
2568.500072026253,-70.1846163544712,-70.1846163544712
2568.5100720262526,-70.18713114768191,-70.18713114768191
2568.520072026253,-70.18965412833077,-70.18965412833077
2568.5300720262526,-70.19218533732507,-70.19218533732507
2568.540072026253,-70.19472481440388,-70.19472481440388
2568.5500720262526,-70.1972725981687,-70.1972725981687
2568.560072026253,-70.19982872608132,-70.19982872608132
2568.5700720262525,-70.20239323450092,-70.20239323450092
2568.5800720262528,-70.2049661586713,-70.2049661586713
2568.5900720262525,-70.20754753275354,-70.20754753275354
2568.6000720262527,-70.21013738985008,-70.21013738985008
2568.610072026253,-70.2127357619919,-70.2127357619919
2568.6200720262527,-70.21534268017224,-70.21534268017224
2568.630072026253,-70.21795817436548,-70.21795817436548
2568.6400720262527,-70.22058227353216,-70.22058227353216
2568.650072026253,-70.22321500562255,-70.22321500562255
2568.6600720262527,-70.22585639760328,-70.22585639760328
2568.670072026253,-70.22850647549161,-70.22850647549161
2568.6800720262527,-70.23116526432929,-70.23116526432929
2568.690072026253,-70.23383278821431,-70.23383278821431
2568.7000720500946,-70.23650907669705,-70.23650907669705
2568.710072050095,-70.23919413932684,-70.23919413932684
2568.7200720500946,-70.24188800378992,-70.24188800378992
2568.730072050095,-70.24459069055054,-70.24459069055054
2568.7400720500946,-70.24730221921273,-70.24730221921273
2568.750072050095,-70.25002260849533,-70.25002260849533
2568.7600720500945,-70.25275187628134,-70.25275187628134
2568.7700720500948,-70.2554900395945,-70.2554900395945
2568.7800720500945,-70.25823711466325,-70.25823711466325
2568.7900720500948,-70.26099311687571,-70.26099311687571
2568.8000720500945,-70.26375806084269,-70.26375806084269
2568.8100720500947,-70.26653196036261,-70.26653196036261
2568.8200720500945,-70.26931482847301,-70.26931482847301
2568.8300720500947,-70.27210667744012,-70.27210667744012
2568.8400720500945,-70.27490751878062,-70.27490751878062
2568.8500720500947,-70.2777173632617,-70.2777173632617
2568.8600720500945,-70.28053622093164,-70.28053622093164
2568.8700720500947,-70.2833641010991,-70.2833641010991
2568.8800720500944,-70.2862010123887,-70.2862010123887
2568.8900720500947,-70.2890469627131,-70.2890469627131
2568.9000720500944,-70.29190195930161,-70.29190195930161
2568.9100720500946,-70.29476600871092,-70.29476600871092
2568.9200720500944,-70.29763911682805,-70.29763911682805
2568.9300720500946,-70.3005212888901,-70.3005212888901
2568.9400720500944,-70.30341252948374,-70.30341252948374
2568.9500720500946,-70.30631284256472,-70.30631284256472
2568.960072050095,-70.30922223146736,-70.30922223146736
2568.9700720500946,-70.312140698908,-70.312140698908
2568.980072050095,-70.31506824700254,-70.31506824700254
2568.9900720500946,-70.31800487727295,-70.31800487727295
2569.000072050095,-70.32095059064518,-70.32095059064518
2569.0100720500945,-70.32390538748838,-70.32390538748838
2569.0200720500948,-70.32686926758615,-70.32686926758615
2569.0300720500945,-70.3298422301788,-70.3298422301788
2569.0400720500948,-70.3328242739444,-70.3328242739444
2569.0500720500945,-70.33581539704055,-70.33581539704055
2569.0600720500947,-70.33881559708351,-70.33881559708351
2569.0700720500945,-70.34182487117182,-70.34182487117182
2569.0800720500947,-70.34484321588755,-70.34484321588755
2569.0900720500945,-70.34787062731174,-70.34787062731174
2569.1000720500947,-70.35090710102331,-70.35090710102331
2569.1100720500945,-70.35395263211994,-70.35395263211994
2569.1200720500947,-70.35700721521509,-70.35700721521509
2569.1300720500944,-70.360070844457,-70.360070844457
2569.1400720500947,-70.36314351352301,-70.36314351352301
2569.1500720500944,-70.36622521564979,-70.36622521564979
2569.1600720500946,-70.3693159436034,-70.3693159436034
2569.1700720500944,-70.37241568972787,-70.37241568972787
2569.1800720500946,-70.37552444592372,-70.37552444592372
2569.1900720500944,-70.37864220366569,-70.37864220366569
2569.2000720500946,-70.38176895401978,-70.38176895401978
2569.210072050095,-70.38490468763375,-70.38490468763375
2569.2200720500946,-70.38804939475533,-70.38804939475533
2569.230072050095,-70.39120306523319,-70.39120306523319
2569.2400720500946,-70.39436568852265,-70.39436568852265
2569.250072050095,-70.39753725369843,-70.39753725369843
2569.2600720500945,-70.40071774946287,-70.40071774946287
2569.2700720500948,-70.40390716414845,-70.40390716414845
2569.2800720500945,-70.40710548571106,-70.40710548571106
2569.2900720500948,-70.4103127017644,-70.4103127017644
2569.3000720500945,-70.41352879957259,-70.41352879957259
2569.3100720500947,-70.41675376603949,-70.41675376603949
2569.3200720500945,-70.41998758774437,-70.41998758774437
2569.3300720500947,-70.42323025093464,-70.42323025093464
2569.3400720500945,-70.4264817415293,-70.4264817415293
2569.3500720500947,-70.42974204511638,-70.42974204511638
2569.3600720500945,-70.43301114699618,-70.43301114699618
2569.3700720500947,-70.43628903213043,-70.43628903213043
2569.3800720500944,-70.43957568519824,-70.43957568519824
2569.3900720500947,-70.44287109057007,-70.44287109057007
2569.4000720500944,-70.44617523233451,-70.44617523233451
2569.4100720500946,-70.44948809427999,-70.44948809427999
2569.4200720500944,-70.45280965992752,-70.45280965992752
2569.4300720500946,-70.45613991251469,-70.45613991251469
2569.4400720500944,-70.45947883501465,-70.45947883501465
2569.4500720500946,-70.46282641012634,-70.46282641012634
2569.460072050095,-70.4661826202946,-70.4661826202946
2569.4700720500946,-70.46954744771229,-70.46954744771229
2569.480072050095,-70.47292087431202,-70.47292087431202
2569.4900720500946,-70.47630288178662,-70.47630288178662
2569.500072050095,-70.47969345158671,-70.47969345158671
2569.5100720500945,-70.48309256492227,-70.48309256492227
2569.5200720500948,-70.48650020278461,-70.48650020278461
2569.5300720500945,-70.48991634592916,-70.48991634592916
2569.5400720500948,-70.49334097488187,-70.49334097488187
2569.5500720739365,-70.49677407812926,-70.49677407812926
2569.5600720739367,-70.50021561946723,-70.50021561946723
2569.5700720739364,-70.5036655869203,-70.5036655869203
2569.5800720739367,-70.50712396016714,-70.50712396016714
2569.5900720739364,-70.51059071870746,-70.51059071870746
2569.6000720739366,-70.51406584182239,-70.51406584182239
2569.6100720739364,-70.51754930860781,-70.51754930860781
2569.6200720739366,-70.52104109797844,-70.52104109797844
2569.6300720739364,-70.52454118864057,-70.52454118864057
2569.6400720739366,-70.52804955915124,-70.52804955915124
2569.6500720739364,-70.53156618785476,-70.53156618785476
2569.6600720739366,-70.53509105295433,-70.53509105295433
2569.6700720739364,-70.53862413246362,-70.53862413246362
2569.6800720739366,-70.54216540423522,-70.54216540423522
2569.6900720739363,-70.5457148459608,-70.5457148459608
2569.7000720739366,-70.54927243517373,-70.54927243517373
2569.7100720739363,-70.55283814924758,-70.55283814924758
2569.7200720739365,-70.55641196540338,-70.55641196540338
2569.7300720739363,-70.55999386071781,-70.55999386071781
2569.7400720739365,-70.56358381211683,-70.56358381211683
2569.7500720739363,-70.56718179639591,-70.56718179639591
2569.7600720739365,-70.57078779020053,-70.57078779020053
2569.7700720739363,-70.57440177004105,-70.57440177004105
2569.7800720739365,-70.57802371229906,-70.57802371229906
2569.7900720739362,-70.5816535932264,-70.5816535932264
2569.8000720739365,-70.58529138894932,-70.58529138894932
2569.8100720739367,-70.5889370754652,-70.5889370754652
2569.8200720739364,-70.59259062866357,-70.59259062866357
2569.8300720739367,-70.59625202429822,-70.59625202429822
2569.8400720739364,-70.59992123802932,-70.59992123802932
2569.8500720739366,-70.60359824538746,-70.60359824538746
2569.8600720739364,-70.60728302180084,-70.60728302180084
2569.8700720739366,-70.61097554259334,-70.61097554259334
2569.8800720739364,-70.61467578298475,-70.61467578298475
2569.8900720739366,-70.61838371809363,-70.61838371809363
2569.9000720739364,-70.6220993229402,-70.6220993229402
2569.9100720739366,-70.62582257245737,-70.62582257245737
2569.9200720739364,-70.62955344147552,-70.62955344147552
2569.9300720739366,-70.63329190472807,-70.63329190472807
2569.9400720739363,-70.63703793687677,-70.63703793687677
2569.9500720739366,-70.64079151248792,-70.64079151248792
2569.9600720739363,-70.64455260605101,-70.64455260605101
2569.9700720739365,-70.64832119196832,-70.64832119196832
2569.9800720739363,-70.65209724456332,-70.65209724456332
2569.9900720739365,-70.65588073808885,-70.65588073808885
2570.0000720739363,-70.6596716467294,-70.6596716467294
2570.0100720739365,-70.66346994458206,-70.66346994458206
2570.0200720739363,-70.66727560569099,-70.66727560569099
2570.0300720739365,-70.6710886040179,-70.6710886040179
2570.0400720739362,-70.67490891347853,-70.67490891347853
2570.0500720739365,-70.67873650790912,-70.67873650790912
2570.0600720739367,-70.68257136108352,-70.68257136108352
2570.0700720739364,-70.68641344673644,-70.68641344673644
2570.0800720739367,-70.69026273852404,-70.69026273852404
2570.0900720739364,-70.69411921006328,-70.69411921006328
2570.1000720739366,-70.69798283490904,-70.69798283490904
2570.1100720739364,-70.70185358657557,-70.70185358657557
2570.1200720739366,-70.70573143852295,-70.70573143852295
2570.1300720739364,-70.70961636414881,-70.70961636414881
2570.1400720739366,-70.71350833683006,-70.71350833683006
2570.1500720739364,-70.71740732989467,-70.71740732989467
2570.1600720739366,-70.72131331661666,-70.72131331661666
2570.1700720739364,-70.72522627024277,-70.72522627024277
2570.1800720739366,-70.72914616397615,-70.72914616397615
2570.1900720739363,-70.73307297098602,-70.73307297098602
2570.2000720739366,-70.73700666439822,-70.73700666439822
2570.2100720739363,-70.74094104855537,-70.74094104855537
2570.2200720739365,-70.74487339295271,-70.74487339295271
2570.2300720739363,-70.74880235326061,-70.74880235326061
2570.2400720739365,-70.75272722724478,-70.75272722724478
2570.2500720739363,-70.75664767062624,-70.75664767062624
2570.2600720739365,-70.7605635494096,-70.7605635494096
2570.2700720739363,-70.76447485328578,-70.76447485328578
2570.2800720739365,-70.76838164358608,-70.76838164358608
2570.2900720739362,-70.77228402194707,-70.77228402194707
2570.3000720739365,-70.77618211152983,-70.77618211152983
2570.3100720739367,-70.78007604580415,-70.78007604580415
2570.3200720739364,-70.78396596195523,-70.78396596195523
2570.3300720739367,-70.78785199710708,-70.78785199710708
2570.3400720739364,-70.79173428625715,-70.79173428625715
2570.3500720739366,-70.79561296121022,-70.79561296121022
2570.3600720739364,-70.79948815019314,-70.79948815019314
2570.3700720739366,-70.8033599777679,-70.8033599777679
2570.3800720739364,-70.80722856497576,-70.80722856497576
2570.3900720739366,-70.81109402956841,-70.81109402956841
2570.4000720977783,-70.8149564954875,-70.8149564954875
2570.4100720977785,-70.81881605635266,-70.81881605635266
2570.4200720977783,-70.82267283093519,-70.82267283093519
2570.4300720977785,-70.8265269266064,-70.8265269266064
2570.4400720977783,-70.83037844876264,-70.83037844876264
2570.4500720977785,-70.83422750101788,-70.83422750101788
2570.4600720977783,-70.83807418540029,-70.83807418540029
2570.4700720977785,-70.84191860244198,-70.84191860244198
2570.4800720977782,-70.84576085136929,-70.84576085136929
2570.4900720977785,-70.84960103014362,-70.84960103014362
2570.5000720977782,-70.85343923559684,-70.85343923559684
2570.5100720977784,-70.85727556346758,-70.85727556346758
2570.520072097778,-70.86111010847436,-70.86111010847436
2570.5300720977784,-70.86494296435242,-70.86494296435242
2570.540072097778,-70.86877422389452,-70.86877422389452
2570.5500720977784,-70.87260397897035,-70.87260397897035
2570.560072097778,-70.87643232057607,-70.87643232057607
2570.5700720977784,-70.88025933880807,-70.88025933880807
2570.580072097778,-70.88408512291124,-70.88408512291124
2570.5900720977784,-70.88790976126802,-70.88790976126802
2570.600072097778,-70.89173334140251,-70.89173334140251
2570.6100720977784,-70.89555594998716,-70.89555594998716
2570.620072097778,-70.8993776728433,-70.8993776728433
2570.6300720977783,-70.90319859492887,-70.90319859492887
2570.640072097778,-70.90701880035873,-70.90701880035873
2570.6500720977783,-70.9108383723613,-70.9108383723613
2570.6600720977785,-70.91465739332193,-70.91465739332193
2570.6700720977783,-70.91847594473248,-70.91847594473248
2570.6800720977785,-70.92229410721457,-70.92229410721457
2570.6900720977783,-70.92611196051139,-70.92611196051139
2570.7000720977785,-70.92992958345391,-70.92992958345391
2570.7100720977783,-70.93374705399481,-70.93374705399481
2570.7200720977785,-70.93756444917469,-70.93756444917469
2570.7300720977782,-70.94138184513069,-70.94138184513069
2570.7400720977785,-70.94519931707238,-70.94519931707238
2570.7500720977782,-70.9490169392979,-70.9490169392979
2570.7600720977784,-70.95283478519754,-70.95283478519754
2570.770072097778,-70.95665292720402,-70.95665292720402
2570.7800720977784,-70.96047143684022,-70.96047143684022
2570.790072097778,-70.96429038468057,-70.96429038468057
2570.8000720977784,-70.96810984036698,-70.96810984036698
2570.810072097778,-70.97192987260242,-70.97192987260242
2570.8200720977784,-70.97575054914729,-70.97575054914729
2570.830072097778,-70.97957193681455,-70.97957193681455
2570.8400720977784,-70.98339410147128,-70.98339410147128
2570.850072097778,-70.98721710804782,-70.98721710804782
2570.8600720977784,-70.99104102051602,-70.99104102051602
2570.870072097778,-70.99486590191877,-70.99486590191877
2570.8800720977783,-70.99869181433026,-70.99869181433026
2570.890072097778,-71.00251881889675,-71.00251881889675
2570.9000720977783,-71.00634697582652,-71.00634697582652
2570.9100720977785,-71.01017634438205,-71.01017634438205
2570.9200720977783,-71.01400698288356,-71.01400698288356
2570.9300720977785,-71.01783894871889,-71.01783894871889
2570.9400720977783,-71.02167229834798,-71.02167229834798
2570.9500720977785,-71.02550708729153,-71.02550708729153
2570.9600720977783,-71.02934337016282,-71.02934337016282
2570.9700720977785,-71.03318120063271,-71.03318120063271
2570.9800720977782,-71.03702063147531,-71.03702063147531
2570.9900720977785,-71.04086171452899,-71.04086171452899
2571.0000720977782,-71.04470450075668,-71.04470450075668
2571.0100720977784,-71.04854904018862,-71.04854904018862
2571.020072097778,-71.05239538196973,-71.05239538196973
2571.0300720977784,-71.05624357435507,-71.05624357435507
2571.040072097778,-71.06009366471108,-71.06009366471108
2571.0500720977784,-71.06394569953136,-71.06394569953136
2571.060072097778,-71.06779972442412,-71.06779972442412
2571.0700720977784,-71.07165578413894,-71.07165578413894
2571.080072097778,-71.07551392256295,-71.07551392256295
2571.0900720977784,-71.07937418273595,-71.07937418273595
2571.100072097778,-71.0832366068329,-71.0832366068329
2571.1100720977784,-71.08710123620398,-71.08710123620398
2571.120072097778,-71.0909681113602,-71.0909681113602
2571.1300720977783,-71.09483727198857,-71.09483727198857
2571.140072097778,-71.09870875696093,-71.09870875696093
2571.1500720977783,-71.10258260433842,-71.10258260433842
2571.1600720977785,-71.10645885137333,-71.10645885137333
2571.1700720977783,-71.11033753451845,-71.11033753451845
2571.1800720977785,-71.11421868944751,-71.11421868944751
2571.1900720977783,-71.11810235105477,-71.11810235105477
2571.2000720977785,-71.12198855344867,-71.12198855344867
2571.2100720977783,-71.12587732999188,-71.12587732999188
2571.2200720977785,-71.12976871327346,-71.12976871327346
2571.2300720977782,-71.13366273514649,-71.13366273514649
2571.2400720977785,-71.1375594267198,-71.1375594267198
2571.25007212162,-71.14145882764382,-71.14145882764382
2571.2600721216204,-71.1453609490224,-71.1453609490224
2571.27007212162,-71.1492658290543,-71.1492658290543
2571.2800721216204,-71.1531734959609,-71.1531734959609
2571.29007212162,-71.15708397727607,-71.15708397727607
2571.3000721216204,-71.16099729982383,-71.16099729982383
2571.31007212162,-71.16491348976074,-71.16491348976074
2571.3200721216203,-71.16883257255272,-71.16883257255272
2571.33007212162,-71.17275457300751,-71.17275457300751
2571.3400721216203,-71.17667951526838,-71.17667951526838
2571.35007212162,-71.18060742283338,-71.18060742283338
2571.3600721216203,-71.18453831854954,-71.18453831854954
2571.37007212162,-71.18847222463009,-71.18847222463009
2571.3800721216203,-71.19240916265608,-71.19240916265608
2571.39007212162,-71.19634915359661,-71.19634915359661
2571.4000721216203,-71.20029221780538,-71.20029221780538
2571.41007212162,-71.20423837502805,-71.20423837502805
2571.4200721216203,-71.20818764442076,-71.20818764442076
2571.43007212162,-71.21214004455274,-71.21214004455274
2571.4400721216202,-71.21609559340305,-71.21609559340305
2571.45007212162,-71.2200543083831,-71.2200543083831
2571.46007212162,-71.22400999457943,-71.22400999457943
2571.47007212162,-71.22795994523172,-71.22795994523172
2571.48007212162,-71.23190284845656,-71.23190284845656
2571.49007212162,-71.23583803813078,-71.23583803813078
2571.50007212162,-71.23976520789098,-71.23976520789098
2571.5100721216204,-71.24368426252309,-71.24368426252309
2571.52007212162,-71.24759523083635,-71.24759523083635
2571.5300721216204,-71.25149821332678,-71.25149821332678
2571.54007212162,-71.25539335069598,-71.25539335069598
2571.5500721216204,-71.25928080490417,-71.25928080490417
2571.56007212162,-71.26316074794683,-71.26316074794683
2571.5700721216203,-71.26703335521809,-71.26703335521809
2571.58007212162,-71.2708988017018,-71.2708988017018
2571.5900721216203,-71.27475725987787,-71.27475725987787
2571.60007212162,-71.27860889871012,-71.27860889871012
2571.6100721216203,-71.28245388317582,-71.28245388317582
2571.62007212162,-71.2862923742564,-71.2862923742564
2571.6300721216203,-71.29012452900477,-71.29012452900477
2571.64007212162,-71.29395050084844,-71.29395050084844
2571.6500721216203,-71.29777043981532,-71.29777043981532
2571.66007212162,-71.30158449285456,-71.30158449285456
2571.6700721216203,-71.3053928040847,-71.3053928040847
2571.68007212162,-71.30919551506825,-71.30919551506825
2571.6900721216202,-71.31299276503027,-71.31299276503027
2571.70007212162,-71.31678469106522,-71.31678469106522
2571.71007212162,-71.32057142828924,-71.32057142828924
2571.72007212162,-71.32435311000214,-71.32435311000214
2571.73007212162,-71.3281298678072,-71.3281298678072
2571.74007212162,-71.33190183172643,-71.33190183172643
2571.75007212162,-71.33566913027279,-71.33566913027279
2571.7600721216204,-71.33943189052819,-71.33943189052819
2571.77007212162,-71.34319023821203,-71.34319023821203
2571.7800721216204,-71.3469442977096,-71.3469442977096
2571.79007212162,-71.35069419212125,-71.35069419212125
2571.8000721216204,-71.35444004331003,-71.35444004331003
2571.81007212162,-71.35818197189566,-71.35818197189566
2571.8200721216203,-71.36192009730034,-71.36192009730034
2571.83007212162,-71.36565453774315,-71.36565453774315
2571.8400721216203,-71.36938541026221,-71.36938541026221
2571.85007212162,-71.37311283071087,-71.37311283071087
2571.8600721216203,-71.37683691377572,-71.37683691377572
2571.87007212162,-71.38055777296609,-71.38055777296609
2571.8800721216203,-71.38427552062863,-71.38427552062863
2571.89007212162,-71.38799026794945,-71.38799026794945
2571.9000721216203,-71.39170212491847,-71.39170212491847
2571.91007212162,-71.39541120036927,-71.39541120036927
2571.9200721216203,-71.39911760195953,-71.39911760195953
2571.93007212162,-71.40282143616125,-71.40282143616125
2571.9400721216202,-71.40652280827267,-71.40652280827267
2571.95007212162,-71.41022182240842,-71.41022182240842
2571.96007212162,-71.41391858148455,-71.41391858148455
2571.97007212162,-71.41761318723985,-71.41761318723985
2571.98007212162,-71.42130574020898,-71.42130574020898
2571.99007212162,-71.42499633974042,-71.42499633974042
2572.00007212162,-71.42868508399106,-71.42868508399106
2572.0100721216204,-71.43237206990099,-71.43237206990099
2572.02007212162,-71.43605739322734,-71.43605739322734
2572.0300721216204,-71.43974114852621,-71.43974114852621
2572.04007212162,-71.4434234291434,-71.4434234291434
2572.0500721216204,-71.44710432722594,-71.44710432722594
2572.06007212162,-71.45078393372543,-71.45078393372543
2572.0700721216203,-71.45446233839701,-71.45446233839701
2572.08007212162,-71.45813962978937,-71.45813962978937
2572.0900721216203,-71.46181589526319,-71.46181589526319
2572.100072145462,-71.46549122972402,-71.46549122972402
2572.1100721454623,-71.46916570065527,-71.46916570065527
2572.120072145462,-71.47283940058229,-71.47283940058229
2572.1300721454622,-71.47651241210686,-71.47651241210686
2572.140072145462,-71.48018481665403,-71.48018481665403
2572.150072145462,-71.48385669446424,-71.48385669446424
2572.160072145462,-71.4875281246129,-71.4875281246129
2572.170072145462,-71.49119918499959,-71.49119918499959
2572.180072145462,-71.49486995237645,-71.49486995237645
2572.190072145462,-71.49854050232179,-71.49854050232179
2572.200072145462,-71.50221090928517,-71.50221090928517
2572.210072145462,-71.50587501058001,-71.50587501058001
2572.220072145462,-71.50953014496169,-71.50953014496169
2572.230072145462,-71.51317505093654,-71.51317505093654
2572.240072145462,-71.51680911465948,-71.51680911465948
2572.250072145462,-71.52043208279707,-71.52043208279707
2572.260072145462,-71.52404391338925,-71.52404391338925
2572.270072145462,-71.52764468839132,-71.52764468839132
2572.280072145462,-71.531234561145,-71.531234561145
2572.290072145462,-71.53481372476635,-71.53481372476635
2572.300072145462,-71.53838239319411,-71.53838239319411
2572.310072145462,-71.54194078986521,-71.54194078986521
2572.320072145462,-71.54548914107399,-71.54548914107399
2572.330072145462,-71.54902767216439,-71.54902767216439
2572.340072145462,-71.55255660541985,-71.55255660541985
2572.350072145462,-71.55607615904383,-71.55607615904383
2572.3600721454623,-71.55958654670317,-71.55958654670317
2572.370072145462,-71.5630879774861,-71.5630879774861
2572.3800721454622,-71.56658065602831,-71.56658065602831
2572.390072145462,-71.57006478275068,-71.57006478275068
2572.400072145462,-71.57354055413437,-71.57354055413437
2572.410072145462,-71.57700816302952,-71.57700816302952
2572.420072145462,-71.58046779890743,-71.58046779890743
2572.430072145462,-71.58391964814379,-71.58391964814379
2572.440072145462,-71.58736389422282,-71.58736389422282
2572.450072145462,-71.59080071796487,-71.59080071796487
2572.460072145462,-71.5942302976679,-71.5942302976679
2572.470072145462,-71.59765280930334,-71.59765280930334
2572.480072145462,-71.6010684265918,-71.6010684265918
2572.490072145462,-71.60447732116404,-71.60447732116404
2572.500072145462,-71.60787966259753,-71.60787966259753
2572.510072145462,-71.61127561854725,-71.61127561854725
2572.520072145462,-71.61466535477517,-71.61466535477517
2572.530072145462,-71.61804903520829,-71.61804903520829
2572.540072145462,-71.62142682196739,-71.62142682196739
2572.550072145462,-71.6247988754505,-71.6247988754505
2572.560072145462,-71.62816535429705,-71.62816535429705
2572.570072145462,-71.63152641545305,-71.63152641545305
2572.580072145462,-71.6348822141935,-71.6348822141935
2572.590072145462,-71.63823290410214,-71.63823290410214
2572.600072145462,-71.6415786371126,-71.6415786371126
2572.6100721454623,-71.6449195635042,-71.6449195635042
2572.620072145462,-71.64825583191157,-71.64825583191157
2572.6300721454622,-71.65158758932849,-71.65158758932849
2572.640072145462,-71.65491498111825,-71.65491498111825
2572.650072145462,-71.65823815101797,-71.65823815101797
2572.660072145462,-71.66155724112359,-71.66155724112359
2572.670072145462,-71.66487239191018,-71.66487239191018
2572.680072145462,-71.66818374222714,-71.66818374222714
2572.690072145462,-71.67149142929675,-71.67149142929675
2572.700072145462,-71.67479558873538,-71.67479558873538
2572.710072145462,-71.67809635451046,-71.67809635451046
2572.720072145462,-71.6813938589971,-71.6813938589971
2572.730072145462,-71.68468823293406,-71.68468823293406
2572.740072145462,-71.68797960546507,-71.68797960546507
2572.750072145462,-71.69126810410023,-71.69126810410023
2572.760072145462,-71.69455385475746,-71.69455385475746
2572.770072145462,-71.69783698174484,-71.69783698174484
2572.780072145462,-71.70111760775988,-71.70111760775988
2572.790072145462,-71.7043958539105,-71.7043958539105
2572.800072145462,-71.70767183971068,-71.70767183971068
2572.810072145462,-71.71094568308648,-71.71094568308648
2572.820072145462,-71.71421750038348,-71.71421750038348
2572.830072145462,-71.71748740636595,-71.71748740636595
2572.840072145462,-71.72075551422412,-71.72075551422412
2572.850072145462,-71.72402193558379,-71.72402193558379
2572.8600721454623,-71.72728678053079,-71.72728678053079
2572.870072145462,-71.73055015757951,-71.73055015757951
2572.8800721454622,-71.73381217371059,-71.73381217371059
2572.890072145462,-71.73707293438373,-71.73707293438373
2572.900072145462,-71.74033254351514,-71.74033254351514
2572.910072145462,-71.74359110351295,-71.74359110351295
2572.920072145462,-71.74684871528021,-71.74684871528021
2572.930072145462,-71.75010547822248,-71.75010547822248
2572.940072145462,-71.75336149024724,-71.75336149024724
2572.950072169304,-71.75661685555195,-71.75661685555195
2572.960072169304,-71.75987165361553,-71.75987165361553
2572.970072169304,-71.76312598569176,-71.76312598569176
2572.980072169304,-71.76637994385649,-71.76637994385649
2572.990072169304,-71.7696336187453,-71.7696336187453
2573.000072169304,-71.77288709957128,-71.77288709957128
2573.010072169304,-71.77614047413863,-71.77614047413863
2573.020072169304,-71.77939382884995,-71.77939382884995
2573.030072169304,-71.78264724871644,-71.78264724871644
2573.040072169304,-71.78590081737913,-71.78590081737913
2573.050072169304,-71.78915461710871,-71.78915461710871
2573.060072169304,-71.7924087288383,-71.7924087288383
2573.070072169304,-71.79566323214996,-71.79566323214996
2573.080072169304,-71.79891820529927,-71.79891820529927
2573.0900721693038,-71.80217372522674,-71.80217372522674
2573.100072169304,-71.80542986757928,-71.80542986757928
2573.1100721693037,-71.80868670670995,-71.80868670670995
2573.120072169304,-71.81194431570052,-71.81194431570052
2573.1300721693037,-71.81520276636282,-71.81520276636282
2573.140072169304,-71.81846212926953,-71.81846212926953
2573.1500721693037,-71.82172247374298,-71.82172247374298
2573.160072169304,-71.824983867896,-71.824983867896
2573.1700721693037,-71.82824637862227,-71.82824637862227
2573.180072169304,-71.83151007162148,-71.83151007162148
2573.1900721693037,-71.83477501140435,-71.83477501140435
2573.200072169304,-71.83804126130718,-71.83804126130718
2573.210072169304,-71.84130888352735,-71.84130888352735
2573.220072169304,-71.84457793909498,-71.84457793909498
2573.230072169304,-71.84784848791757,-71.84784848791757
2573.240072169304,-71.85112058878097,-71.85112058878097
2573.250072169304,-71.8543942993679,-71.8543942993679
2573.260072169304,-71.85766967626319,-71.85766967626319
2573.270072169304,-71.86094677497422,-71.86094677497422
2573.280072169304,-71.8642256499431,-71.8642256499431
2573.290072169304,-71.86750635454393,-71.86750635454393
2573.300072169304,-71.87078894112908,-71.87078894112908
2573.310072169304,-71.87407346100585,-71.87407346100585
2573.320072169304,-71.8773599644716,-71.8773599644716
2573.330072169304,-71.88064850081685,-71.88064850081685
2573.3400721693038,-71.88393911833975,-71.88393911833975
2573.350072169304,-71.88723186436124,-71.88723186436124
2573.3600721693037,-71.89052678523576,-71.89052678523576
2573.370072169304,-71.893823926355,-71.893823926355
2573.3800721693037,-71.89712333217774,-71.89712333217774
2573.390072169304,-71.9004250462286,-71.9004250462286
2573.4000721693037,-71.90372911111791,-71.90372911111791
2573.410072169304,-71.90703556854,-71.90703556854
2573.4200721693037,-71.91034445930237,-71.91034445930237
2573.430072169304,-71.91365582332224,-71.91365582332224
2573.4400721693037,-71.91696969964748,-71.91696969964748
2573.450072169304,-71.92028612647252,-71.92028612647252
2573.460072169304,-71.92360514114361,-71.92360514114361
2573.470072169304,-71.92692678016027,-71.92692678016027
2573.480072169304,-71.93025107919621,-71.93025107919621
2573.490072169304,-71.93357807312249,-71.93357807312249
2573.500072169304,-71.93690779598955,-71.93690779598955
2573.510072169304,-71.9402402810703,-71.9402402810703
2573.520072169304,-71.94357556084098,-71.94357556084098
2573.530072169304,-71.94691366702325,-71.94691366702325
2573.540072169304,-71.95025463056177,-71.95025463056177
2573.550072169304,-71.95359848166503,-71.95359848166503
2573.560072169304,-71.95694524979103,-71.95694524979103
2573.570072169304,-71.96029496366971,-71.96029496366971
2573.580072169304,-71.96364765132205,-71.96364765132205
2573.5900721693038,-71.96700334004046,-71.96700334004046
2573.600072169304,-71.97036205643415,-71.97036205643415
2573.6100721693037,-71.97372382641801,-71.97372382641801
2573.620072169304,-71.97708867522697,-71.97708867522697
2573.6300721693037,-71.98045662742895,-71.98045662742895
2573.640072169304,-71.98382770691796,-71.98382770691796
2573.6500721693037,-71.9872019369525,-71.9872019369525
2573.660072169304,-71.99057934014346,-71.99057934014346
2573.6700721693037,-71.99395993847592,-71.99395993847592
2573.680072169304,-71.9973437532942,-71.9973437532942
2573.6900721693037,-72.00073080534817,-72.00073080534817
2573.700072169304,-72.00412111476471,-72.00412111476471
2573.710072169304,-72.00750842105343,-72.00750842105343
2573.720072169304,-72.01088999055894,-72.01088999055894
2573.730072169304,-72.01426449969392,-72.01426449969392
2573.740072169304,-72.01763127752405,-72.01763127752405
2573.750072169304,-72.02099001664199,-72.02099001664199
2573.760072169304,-72.02434062298131,-72.02434062298131
2573.770072169304,-72.0276831277696,-72.0276831277696
2573.780072169304,-72.03101763464761,-72.03101763464761
2573.790072169304,-72.03434428786551,-72.03434428786551
2573.8000721931458,-72.03766326106829,-72.03766326106829
2573.810072193146,-72.04097471431788,-72.04097471431788
2573.8200721931457,-72.04427883484915,-72.04427883484915
2573.830072193146,-72.04757580157532,-72.04757580157532
2573.8400721931457,-72.05086579089829,-72.05086579089829
2573.850072193146,-72.05414897564877,-72.05414897564877
2573.8600721931457,-72.05742552468277,-72.05742552468277
2573.870072193146,-72.0606956027745,-72.0606956027745
2573.8800721931457,-72.06395937077943,-72.06395937077943
2573.890072193146,-72.06721698586199,-72.06721698586199
2573.9000721931457,-72.07046860177891,-72.07046860177891
2573.910072193146,-72.07371436915813,-72.07371436915813
2573.9200721931456,-72.07695443578892,-72.07695443578892
2573.930072193146,-72.08018894687137,-72.08018894687137
2573.9400721931456,-72.08341804524328,-72.08341804524328
2573.950072193146,-72.08664187158635,-72.08664187158635
2573.9600721931456,-72.08986056458924,-72.08986056458924
2573.970072193146,-72.09307426108712,-72.09307426108712
2573.9800721931456,-72.09628309621533,-72.09628309621533
2573.990072193146,-72.09948720350235,-72.09948720350235
2574.0000721931456,-72.1026867149369,-72.1026867149369
2574.010072193146,-72.1058817610711,-72.1058817610711
2574.0200721931456,-72.10907247106624,-72.10907247106624
2574.0300721931458,-72.11225897273454,-72.11225897273454
2574.0400721931455,-72.11544139258991,-72.11544139258991
2574.0500721931458,-72.11861985587016,-72.11861985587016
2574.060072193146,-72.12179448657213,-72.12179448657213
2574.0700721931457,-72.12496540746109,-72.12496540746109
2574.080072193146,-72.12813274007482,-72.12813274007482
2574.0900721931457,-72.13129660476463,-72.13129660476463
2574.100072193146,-72.13445712067063,-72.13445712067063
2574.1100721931457,-72.137614405745,-72.137614405745
2574.120072193146,-72.14076857675443,-72.14076857675443
2574.1300721931457,-72.1439197492574,-72.1439197492574
2574.140072193146,-72.14706803763994,-72.14706803763994
2574.1500721931457,-72.15021355508462,-72.15021355508462
2574.160072193146,-72.15335641359437,-72.15335641359437
2574.1700721931456,-72.15649672396145,-72.15649672396145
2574.180072193146,-72.1596345957736,-72.1596345957736
2574.1900721931456,-72.16277013743337,-72.16277013743337
2574.200072193146,-72.16590345612227,-72.16590345612227
2574.2100721931456,-72.16902836410938,-72.16902836410938
2574.220072193146,-72.17214220789799,-72.17214220789799
2574.2300721931456,-72.17524374658265,-72.17524374658265
2574.240072193146,-72.17833239269038,-72.17833239269038
2574.2500721931456,-72.1814079224156,-72.1814079224156
2574.260072193146,-72.18447032508325,-72.18447032508325
2574.2700721931456,-72.18751971492638,-72.18751971492638
2574.2800721931458,-72.19055627808197,-72.19055627808197
2574.2900721931455,-72.19358024069652,-72.19358024069652
2574.3000721931458,-72.19659184977874,-72.19659184977874
2574.310072193146,-72.19959136179347,-72.19959136179347
2574.3200721931457,-72.20257903596509,-72.20257903596509
2574.330072193146,-72.20555513038221,-72.20555513038221
2574.3400721931457,-72.2085198999212,-72.2085198999212
2574.350072193146,-72.21147359516068,-72.21147359516068
2574.3600721931457,-72.21441646193814,-72.21441646193814
2574.370072193146,-72.2173487413054,-72.2173487413054
2574.3800721931457,-72.22027066961587,-72.22027066961587
2574.390072193146,-72.2231824788007,-72.2231824788007
2574.4000721931457,-72.22608439662122,-72.22608439662122
2574.410072193146,-72.22897664695836,-72.22897664695836
2574.4200721931456,-72.23185945008916,-72.23185945008916
2574.430072193146,-72.23473302294072,-72.23473302294072
2574.4400721931456,-72.23759757931998,-72.23759757931998
2574.450072193146,-72.24045333009819,-72.24045333009819
2574.4600721931456,-72.24330048339759,-72.24330048339759
2574.470072193146,-72.24613924472999,-72.24613924472999
2574.4800721931456,-72.24896981713837,-72.24896981713837
2574.490072193146,-72.25179240127974,-72.25179240127974
2574.5000721931456,-72.25460719552551,-72.25460719552551
2574.510072193146,-72.25741439604958,-72.25741439604958
2574.5200721931456,-72.260214196854,-72.260214196854
2574.5300721931458,-72.26300678985197,-72.26300678985197
2574.5400721931455,-72.26579236489118,-72.26579236489118
2574.5500721931458,-72.26857110979563,-72.26857110979563
2574.560072193146,-72.27134321038754,-72.27134321038754
2574.5700721931457,-72.27410885050992,-72.27410885050992
2574.580072193146,-72.27686821205356,-72.27686821205356
2574.5900721931457,-72.27962147494924,-72.27962147494924
2574.600072193146,-72.28236881719528,-72.28236881719528
2574.6100721931457,-72.28511041486892,-72.28511041486892
2574.620072193146,-72.28784644211052,-72.28784644211052
2574.6300721931457,-72.29057707115003,-72.29057707115003
2574.640072193146,-72.29330247231084,-72.29330247231084
2574.6500722169876,-72.2960228204817,-72.2960228204817
2574.660072216988,-72.29873826919717,-72.29873826919717
2574.6700722169876,-72.30144898954109,-72.30144898954109
2574.680072216988,-72.30415514420656,-72.30415514420656
2574.6900722169876,-72.3068568939968,-72.3068568939968
2574.700072216988,-72.30955439780102,-72.30955439780102
2574.7100722169876,-72.31224781260875,-72.31224781260875
2574.720072216988,-72.31493729353518,-72.31493729353518
2574.7300722169875,-72.3176229937876,-72.3176229937876
2574.7400722169878,-72.32030506469827,-72.32030506469827
2574.7500722169875,-72.3229836557083,-72.3229836557083
2574.7600722169877,-72.32565891438132,-72.32565891438132
2574.7700722169875,-72.32833098640027,-72.32833098640027
2574.7800722169877,-72.33100001558685,-72.33100001558685
2574.7900722169875,-72.33366614390353,-72.33366614390353
2574.8000722169877,-72.33632951143585,-72.33632951143585
2574.8100722169875,-72.338990256438,-72.338990256438
2574.8200722169877,-72.34164851530215,-72.34164851530215
2574.8300722169874,-72.34430442259398,-72.34430442259398
2574.8400722169877,-72.34695811104986,-72.34695811104986
2574.8500722169874,-72.34960971158033,-72.34960971158033
2574.8600722169876,-72.35225935329203,-72.35225935329203
2574.8700722169874,-72.35490716348482,-72.35490716348482
2574.8800722169876,-72.35755326766086,-72.35755326766086
2574.8900722169874,-72.36019778955522,-72.36019778955522
2574.9000722169876,-72.36284085112254,-72.36284085112254
2574.910072216988,-72.36548257254815,-72.36548257254815
2574.9200722169876,-72.36812307228513,-72.36812307228513
2574.930072216988,-72.37076246703371,-72.37076246703371
2574.9400722169876,-72.3734008717846,-72.3734008717846
2574.950072216988,-72.37603839979826,-72.37603839979826
2574.9600722169876,-72.37866885164007,-72.37866885164007
2574.970072216988,-72.38128957217555,-72.38128957217555
2574.9800722169875,-72.38389932250561,-72.38389932250561
2574.9900722169878,-72.38649751856907,-72.38649751856907
2575.0000722169875,-72.38908394054363,-72.38908394054363
2575.0100722169877,-72.39165858188335,-72.39165858188335
2575.0200722169875,-72.39422156088763,-72.39422156088763
2575.0300722169877,-72.39677306751143,-72.39677306751143
2575.0400722169875,-72.39931333141057,-72.39931333141057
2575.0500722169877,-72.40184260275792,-72.40184260275792
2575.0600722169875,-72.40436114082091,-72.40436114082091
2575.0700722169877,-72.40686920723228,-72.40686920723228
2575.0800722169874,-72.40936706217161,-72.40936706217161
2575.0900722169877,-72.41185496220862,-72.41185496220862
2575.1000722169874,-72.41433315928599,-72.41433315928599
2575.1100722169876,-72.41680190028754,-72.41680190028754
2575.1200722169874,-72.41926142698429,-72.41926142698429
2575.1300722169876,-72.4217119761592,-72.4217119761592
2575.1400722169874,-72.42415377987972,-72.42415377987972
2575.1500722169876,-72.42658706576303,-72.42658706576303
2575.160072216988,-72.42901205730148,-72.42901205730148
2575.1700722169876,-72.43142897412991,-72.43142897412991
2575.180072216988,-72.43383803230518,-72.43383803230518
2575.1900722169876,-72.43623944453587,-72.43623944453587
2575.200072216988,-72.43863342039457,-72.43863342039457
2575.2100722169876,-72.44101385067657,-72.44101385067657
2575.220072216988,-72.4433781725926,-72.4433781725926
2575.2300722169875,-72.44572523985153,-72.44572523985153
2575.2400722169878,-72.44805456069034,-72.44805456069034
2575.2500722169875,-72.45036600709548,-72.45036600709548
2575.2600722169877,-72.45265966381885,-72.45265966381885
2575.2700722169875,-72.45493573985371,-72.45493573985371
2575.2800722169877,-72.45719451530033,-72.45719451530033
2575.2900722169875,-72.45943630939135,-72.45943630939135
2575.3000722169877,-72.46166146131566,-72.46166146131566
2575.3100722169875,-72.46387031881761,-72.46387031881761
2575.3200722169877,-72.46606323147165,-72.46606323147165
2575.3300722169874,-72.46824054683212,-72.46824054683212
2575.3400722169877,-72.47040260833249,-72.47040260833249
2575.3500722169874,-72.47254975425871,-72.47254975425871
2575.3600722169876,-72.4746823172699,-72.4746823172699
2575.3700722169874,-72.47680062438515,-72.47680062438515
2575.3800722169876,-72.47890499710425,-72.47890499710425
2575.3900722169874,-72.48099575164726,-72.48099575164726
2575.4000722169876,-72.48307319922843,-72.48307319922843
2575.410072216988,-72.48513764636674,-72.48513764636674
2575.4200722169876,-72.48718939515425,-72.48718939515425
2575.430072216988,-72.48922874350532,-72.48922874350532
2575.4400722169876,-72.49125598540623,-72.49125598540623
2575.450072216988,-72.49327141109316,-72.49327141109316
2575.4600722169876,-72.49527530724198,-72.49527530724198
2575.470072216988,-72.49726795709873,-72.49726795709873
2575.4800722169875,-72.4992496406293,-72.4992496406293
2575.4900722169878,-72.50122063460374,-72.50122063460374
2575.5000722408295,-72.50318121736527,-72.50318121736527
2575.5100722408297,-72.50513165019963,-72.50513165019963
2575.5200722408294,-72.50707220550957,-72.50707220550957
2575.5300722408297,-72.50900314806782,-72.50900314806782
2575.5400722408294,-72.5109247397738,-72.5109247397738
2575.5500722408296,-72.51283723971095,-72.51283723971095
2575.5600722408294,-72.5147409041387,-72.5147409041387
2575.5700722408296,-72.51663598653094,-72.51663598653094
2575.5800722408294,-72.51852273760272,-72.51852273760272
2575.5900722408296,-72.52040140530944,-72.52040140530944
2575.6000722408294,-72.52227223487478,-72.52227223487478
2575.6100722408296,-72.52413546878832,-72.52413546878832
2575.6200722408294,-72.52599134680199,-72.52599134680199
2575.6300722408296,-72.52784010597836,-72.52784010597836
2575.6400722408293,-72.52968198065598,-72.52968198065598
2575.6500722408296,-72.53151720247307,-72.53151720247307
2575.6600722408293,-72.53334600037718,-72.53334600037718
2575.6700722408295,-72.53516860061596,-72.53516860061596
2575.6800722408293,-72.53698522675863,-72.53698522675863
2575.6900722408295,-72.53879609968772,-72.53879609968772
2575.7000722408293,-72.5406014376222,-72.5406014376222
2575.7100722408295,-72.54240145609903,-72.54240145609903
2575.7200722408293,-72.54419636799736,-72.54419636799736
2575.7300722408295,-72.5459863835533,-72.5459863835533
2575.7400722408292,-72.54777171033722,-72.54777171033722
2575.7500722408295,-72.54955255330405,-72.54955255330405
2575.7600722408297,-72.55132911475908,-72.55132911475908
2575.7700722408294,-72.55310159440535,-72.55310159440535
2575.7800722408297,-72.55487018932264,-72.55487018932264
2575.7900722408294,-72.55663509399727,-72.55663509399727
2575.8000722408296,-72.55839650033423,-72.55839650033423
2575.8100722408294,-72.56015459766242,-72.56015459766242
2575.8200722408296,-72.56190957274033,-72.56190957274033
2575.8300722408294,-72.56366160978172,-72.56366160978172
2575.8400722408296,-72.56541089046732,-72.56541089046732
2575.8500722408294,-72.56715759395593,-72.56715759395593
2575.8600722408296,-72.56886538165645,-72.56886538165645
2575.8700722408294,-72.57053365955437,-72.57053365955437
2575.8800722408296,-72.5721637133958,-72.5721637133958
2575.8900722408293,-72.57375566517078,-72.57375566517078
2575.9000722408296,-72.57530877328688,-72.57530877328688
2575.9100722408293,-72.57682181925522,-72.57682181925522
2575.9200722408295,-72.57829335280672,-72.57829335280672
2575.9300722408293,-72.57972183828815,-72.57972183828815
2575.9400722408295,-72.58110574205217,-72.58110574205217
2575.9500722408293,-72.58244358447247,-72.58244358447247
2575.9600722408295,-72.58372764390529,-72.58372764390529
2575.9700722408293,-72.58495385617582,-72.58495385617582
2575.9800722408295,-72.58611968784446,-72.58611968784446
2575.9900722408292,-72.58722337501933,-72.58722337501933
2576.0000722408295,-72.58826363087105,-72.58826363087105
2576.0100722408297,-72.58923949115375,-72.58923949115375
2576.0200722408294,-72.59015022115027,-72.59015022115027
2576.0300722408297,-72.59099525736183,-72.59099525736183
2576.0400722408294,-72.59177417019673,-72.59177417019673
2576.0500722408296,-72.59248663943364,-72.59248663943364
2576.0600722408294,-72.59313243751674,-72.59313243751674
2576.0700722408296,-72.59371141776651,-72.59371141776651
2576.0800722408294,-72.5942235056931,-72.5942235056931
2576.0900722408296,-72.59466869232655,-72.59466869232655
2576.1000722408294,-72.59504702879411,-72.59504702879411
2576.1100722408296,-72.59535862186256,-72.59535862186256
2576.1200722408294,-72.59560363000921,-72.59560363000921
2576.1300722408296,-72.59578226000257,-72.59578226000257
2576.1400722408293,-72.5958947637558,-72.5958947637558
2576.1500722408296,-72.5959414354388,-72.5959414354388
2576.1600722408293,-72.59592260882462,-72.59592260882462
2576.1700722408295,-72.59583865476071,-72.59583865476071
2576.1800722408293,-72.59568997882448,-72.59568997882448
2576.1900722408295,-72.59547701907435,-72.59547701907435
2576.2000722408293,-72.59520024394149,-72.59520024394149
2576.2100722408295,-72.59485382456594,-72.59485382456594
2576.2200722408293,-72.59443551627386,-72.59443551627386
2576.2300722408295,-72.59394452209636,-72.59394452209636
2576.2400722408292,-72.5933807273062,-72.5933807273062
2576.2500722408295,-72.5927444061495,-72.5927444061495
2576.2600722408297,-72.5920360687166,-72.5920360687166
2576.2700722408294,-72.59125637055912,-72.59125637055912
2576.2800722408297,-72.59040605778979,-72.59040605778979
2576.2900722408294,-72.5894859335934,-72.5894859335934
2576.3000722408296,-72.5884968376186,-72.5884968376186
2576.3100722408294,-72.58743963325732,-72.58743963325732
2576.3200722408296,-72.58631519968773,-72.58631519968773
2576.3300722408294,-72.58512442689711,-72.58512442689711
2576.3400722408296,-72.58386821252302,-72.58386821252302
2576.3500722646713,-72.58254745661922,-72.58254745661922
2576.3600722646715,-72.58116307269104,-72.58116307269104
2576.3700722646713,-72.57971596850955,-72.57971596850955
2576.3800722646715,-72.57820705722006,-72.57820705722006
2576.3900722646713,-72.57663725399358,-72.57663725399358
2576.4000722646715,-72.57500747550549,-72.57500747550549
2576.4100722646713,-72.57331863950706,-72.57331863950706
2576.4200722646715,-72.57157166443169,-72.57157166443169
2576.4300722646713,-72.56976746901076,-72.56976746901076
2576.4400722646715,-72.56790697186008,-72.56790697186008
2576.4500722646712,-72.56599109114285,-72.56599109114285
2576.4600722646715,-72.56402074417589,-72.56402074417589
2576.470072264671,-72.56199684706374,-72.56199684706374
2576.4800722646714,-72.55992031432658,-72.55992031432658
2576.490072264671,-72.5577920585702,-72.5577920585702
2576.5000722646714,-72.55561299008444,-72.55561299008444
2576.510072264671,-72.55338401655503,-72.55338401655503
2576.5200722646714,-72.55110604269662,-72.55110604269662
2576.530072264671,-72.54877996996203,-72.54877996996203
2576.5400722646714,-72.54640669618621,-72.54640669618621
2576.550072264671,-72.54398711534265,-72.54398711534265
2576.5600722646714,-72.54152211721899,-72.54152211721899
2576.570072264671,-72.53901258716274,-72.53901258716274
2576.5800722646713,-72.53645940582501,-72.53645940582501
2576.590072264671,-72.5338634488857,-72.5338634488857
2576.6000722646713,-72.53122558686695,-72.53122558686695
2576.6100722646715,-72.52854668486047,-72.52854668486047
2576.6200722646713,-72.52582760235731,-72.52582760235731
2576.6300722646715,-72.52306919303388,-72.52306919303388
2576.6400722646713,-72.52027230455938,-72.52027230455938
2576.6500722646715,-72.51743777844865,-72.51743777844865
2576.6600722646713,-72.51456644986413,-72.51456644986413
2576.6700722646715,-72.51165914750254,-72.51165914750254
2576.6800722646713,-72.50871669342104,-72.50871669342104
2576.6900722646715,-72.50573990291743,-72.50573990291743
2576.7000722646712,-72.50272958441907,-72.50272958441907
2576.7100722646715,-72.49968653937431,-72.49968653937431
2576.720072264671,-72.4966115621184,-72.4966115621184
2576.7300722646714,-72.49350543981352,-72.49350543981352
2576.740072264671,-72.4903689523606,-72.4903689523606
2576.7500722646714,-72.48720287230057,-72.48720287230057
2576.760072264671,-72.48400796477,-72.48400796477
2576.7700722646714,-72.48078498741566,-72.48078498741566
2576.780072264671,-72.47753469035767,-72.47753469035767
2576.7900722646714,-72.47425781613909,-72.47425781613909
2576.800072264671,-72.470955099688,-72.470955099688
2576.8100722646714,-72.46762726824895,-72.46762726824895
2576.820072264671,-72.46427504141825,-72.46427504141825
2576.8300722646713,-72.46089913105438,-72.46089913105438
2576.840072264671,-72.45750024130254,-72.45750024130254
2576.8500722646713,-72.4540790685512,-72.4540790685512
2576.8600722646715,-72.45063630145363,-72.45063630145363
2576.8700722646713,-72.44717262090275,-72.44717262090275
2576.8800722646715,-72.4436887000454,-72.4436887000454
2576.8900722646713,-72.44018520427687,-72.44018520427687
2576.9000722646715,-72.43666279124541,-72.43666279124541
2576.9100722646713,-72.43312211088356,-72.43312211088356
2576.9200722646715,-72.42956380540697,-72.42956380540697
2576.9300722646713,-72.42598850934543,-72.42598850934543
2576.9400722646715,-72.4223968495477,-72.4223968495477
2576.9500722646712,-72.41878944523933,-72.41878944523933
2576.9600722646715,-72.41516690801056,-72.41516690801056
2576.970072264671,-72.41152984187862,-72.41152984187862
2576.9800722646714,-72.40787884331388,-72.40787884331388
2576.990072264671,-72.40421450125872,-72.40421450125872
2577.0000722646714,-72.40053739720003,-72.40053739720003
2577.010072264671,-72.39684810516947,-72.39684810516947
2577.0200722646714,-72.39314719181698,-72.39314719181698
2577.030072264671,-72.38943521644329,-72.38943521644329
2577.0400722646714,-72.38571273104068,-72.38571273104068
2577.050072264671,-72.3819802803483,-72.3819802803483
2577.0600722646714,-72.37823840189753,-72.37823840189753
2577.070072264671,-72.37448762606186,-72.37448762606186
2577.0800722646713,-72.37072847611427,-72.37072847611427
2577.090072264671,-72.36696146827485,-72.36696146827485
2577.1000722646713,-72.36318711175922,-72.36318711175922
2577.1100722646715,-72.3594059088418,-72.3594059088418
2577.1200722646713,-72.3556183549145,-72.3556183549145
2577.1300722646715,-72.35182493853797,-72.35182493853797
2577.1400722646713,-72.3480261415009,-72.3480261415009
2577.1500722646715,-72.34422243886753,-72.34422243886753
2577.1600722646713,-72.34041429905278,-72.34041429905278
2577.1700722646715,-72.33660218387078,-72.33660218387078
2577.1800722646713,-72.33278654861653,-72.33278654861653
2577.1900722646715,-72.32896784207358,-72.32896784207358
2577.200072288513,-72.32514649753747,-72.32514649753747
2577.2100722885134,-72.32132296924671,-72.32132296924671
2577.220072288513,-72.31749767784261,-72.31749767784261
2577.2300722885134,-72.31367104683596,-72.31367104683596
2577.240072288513,-72.30984349356102,-72.30984349356102
2577.2500722885134,-72.30601542925156,-72.30601542925156
2577.260072288513,-72.30218725909096,-72.30218725909096
2577.2700722885133,-72.29835938228203,-72.29835938228203
2577.280072288513,-72.29453219210455,-72.29453219210455
2577.2900722885133,-72.29070607597232,-72.29070607597232
2577.300072288513,-72.28688141551518,-72.28688141551518
2577.3100722885133,-72.28305858661778,-72.28305858661778
2577.320072288513,-72.27923795948897,-72.27923795948897
2577.3300722885133,-72.27541989873262,-72.27541989873262
2577.340072288513,-72.27160476340029,-72.27160476340029
2577.3500722885133,-72.26779290705102,-72.26779290705102
2577.360072288513,-72.26398467781897,-72.26398467781897
2577.3700722885133,-72.26018041846336,-72.26018041846336
2577.380072288513,-72.25638046645653,-72.25638046645653
2577.3900722885132,-72.25258515399992,-72.25258515399992
2577.400072288513,-72.24879480812669,-72.24879480812669
2577.410072288513,-72.24500975073974,-72.24500975073974
2577.420072288513,-72.24123029866782,-72.24123029866782
2577.430072288513,-72.23745676373076,-72.23745676373076
2577.440072288513,-72.23368945281297,-72.23368945281297
2577.450072288513,-72.22992866790361,-72.22992866790361
2577.4600722885134,-72.22617470615094,-72.22617470615094
2577.470072288513,-72.22242785993318,-72.22242785993318
2577.4800722885134,-72.21868841690656,-72.21868841690656
2577.490072288513,-72.21495666006865,-72.21495666006865
2577.5000722885134,-72.21123286781122,-72.21123286781122
2577.510072288513,-72.20751731397752,-72.20751731397752
2577.5200722885133,-72.20381026791856,-72.20381026791856
2577.530072288513,-72.2001119945405,-72.2001119945405
2577.5400722885133,-72.19642275435218,-72.19642275435218
2577.550072288513,-72.19274280356508,-72.19274280356508
2577.5600722885133,-72.18907239408526,-72.18907239408526
2577.570072288513,-72.18541177359668,-72.18541177359668
2577.5800722885133,-72.18176118562478,-72.18176118562478
2577.590072288513,-72.17812086957011,-72.17812086957011
2577.6000722885133,-72.17449106074616,-72.17449106074616
2577.610072288513,-72.17087199047342,-72.17087199047342
2577.6200722885133,-72.16726388609855,-72.16726388609855
2577.630072288513,-72.16366697104554,-72.16366697104554
2577.6400722885132,-72.16008146487194,-72.16008146487194
2577.650072288513,-72.1565075833236,-72.1565075833236
2577.660072288513,-72.15294553836776,-72.15294553836776
2577.670072288513,-72.14939553825012,-72.14939553825012
2577.680072288513,-72.14585778755776,-72.14585778755776
2577.690072288513,-72.14233248722955,-72.14233248722955
2577.700072288513,-72.13881983463286,-72.13881983463286
2577.7100722885134,-72.13532002360269,-72.13532002360269
2577.720072288513,-72.13183324448431,-72.13183324448431
2577.7300722885134,-72.12832341727757,-72.12832341727757
2577.740072288513,-72.12478999732426,-72.12478999732426
2577.7500722885134,-72.12123432596766,-72.12123432596766
2577.760072288513,-72.11765660550783,-72.11765660550783
2577.7700722885133,-72.11405619420688,-72.11405619420688
2577.780072288513,-72.1104319866292,-72.1104319866292
2577.7900722885133,-72.10678265368236,-72.10678265368236
2577.800072288513,-72.10310678508974,-72.10310678508974
2577.8100722885133,-72.09940297389772,-72.09940297389772
2577.820072288513,-72.0956698664289,-72.0956698664289
2577.8300722885133,-72.09190619095664,-72.09190619095664
2577.840072288513,-72.08811077317344,-72.08811077317344
2577.8500722885133,-72.08428254329192,-72.08428254329192
2577.860072288513,-72.08042053799593,-72.08042053799593
2577.8700722885133,-72.07652389909255,-72.07652389909255
2577.880072288513,-72.07259187023597,-72.07259187023597
2577.8900722885132,-72.06862379256961,-72.06862379256961
2577.900072288513,-72.06461909972339,-72.06461909972339
2577.910072288513,-72.0605773126363,-72.0605773126363
2577.920072288513,-72.05649803430815,-72.05649803430815
2577.930072288513,-72.0523809446803,-72.0523809446803
2577.940072288513,-72.04822579572041,-72.04822579572041
2577.950072288513,-72.04403240670005,-72.04403240670005
2577.9600722885134,-72.03980065977423,-72.03980065977423
2577.970072288513,-72.03553049577555,-72.03553049577555
2577.9800722885134,-72.03122191030523,-72.03122191030523
2577.990072288513,-72.02687495002867,-72.02687495002867
2578.0000722885134,-72.02248970922243,-72.02248970922243
2578.010072288513,-72.018066326559,-72.018066326559
2578.0200722885133,-72.01360498205635,-72.01360498205635
2578.030072288513,-72.00910589426555,-72.00910589426555
2578.0400722885133,-72.00456931759777,-72.00456931759777
2578.050072312355,-71.9999955289611,-71.9999955289611
2578.0600723123553,-71.99538486886765,-71.99538486886765
2578.070072312355,-71.99073767428935,-71.99073767428935
2578.0800723123552,-71.9860543196761,-71.9860543196761
2578.090072312355,-71.98133520437815,-71.98133520437815
2578.100072312355,-71.97658075080687,-71.97658075080687
2578.110072312355,-71.9717914026847,-71.9717914026847
2578.120072312355,-71.96696762347074,-71.96696762347074
2578.130072312355,-71.96210989482105,-71.96210989482105
2578.140072312355,-71.95721871515958,-71.95721871515958
2578.150072312355,-71.95229459834765,-71.95229459834765
2578.160072312355,-71.94733807239594,-71.94733807239594
2578.170072312355,-71.94234967826323,-71.94234967826323
2578.180072312355,-71.93732996872954,-71.93732996872954
2578.190072312355,-71.93227950734448,-71.93227950734448
2578.200072312355,-71.92719886739366,-71.92719886739366
2578.210072312355,-71.92208236477829,-71.92208236477829
2578.220072312355,-71.91692785128116,-71.91692785128116
2578.230072312355,-71.91173459897043,-71.91173459897043
2578.240072312355,-71.90650254234174,-71.90650254234174
2578.250072312355,-71.90123198779766,-71.90123198779766
2578.260072312355,-71.89592346192117,-71.89592346192117
2578.270072312355,-71.89057762200277,-71.89057762200277
2578.280072312355,-71.8851952018618,-71.8851952018618
2578.290072312355,-71.8797769789941,-71.8797769789941
2578.300072312355,-71.8743237545894,-71.8743237545894
2578.3100723123553,-71.86883634142741,-71.86883634142741
2578.320072312355,-71.8633155565551,-71.8633155565551
2578.3300723123552,-71.85776221689008,-71.85776221689008
2578.340072312355,-71.85217713667676,-71.85217713667676
2578.350072312355,-71.84656112597364,-71.84656112597364
2578.360072312355,-71.84091498987823,-71.84091498987823
2578.370072312355,-71.83523952808508,-71.83523952808508
2578.380072312355,-71.82953553470628,-71.82953553470628
2578.390072312355,-71.82380379821333,-71.82380379821333
2578.400072312355,-71.81804510143347,-71.81804510143347
2578.410072312355,-71.81226022158812,-71.81226022158812
2578.420072312355,-71.80644993031659,-71.80644993031659
2578.430072312355,-71.80061499369471,-71.80061499369471
2578.440072312355,-71.79475617225516,-71.79475617225516
2578.450072312355,-71.78887422098009,-71.78887422098009
2578.460072312355,-71.78296988929829,-71.78296988929829
2578.470072312355,-71.77704392101371,-71.77704392101371
2578.480072312355,-71.77109705430675,-71.77109705430675
2578.490072312355,-71.76513002165433,-71.76513002165433
2578.500072312355,-71.75914354978283,-71.75914354978283
2578.510072312355,-71.75313835958158,-71.75313835958158
2578.520072312355,-71.74711516606531,-71.74711516606531
2578.530072312355,-71.74107467827757,-71.74107467827757
2578.540072312355,-71.7350175992125,-71.7350175992125
2578.550072312355,-71.72894462577766,-71.72894462577766
2578.5600723123553,-71.72285644867218,-71.72285644867218
2578.570072312355,-71.71675375237956,-71.71675375237956
2578.5800723123552,-71.71063721504375,-71.71063721504375
2578.590072312355,-71.70450750843888,-71.70450750843888
2578.600072312355,-71.6983652978893,-71.6983652978893
2578.610072312355,-71.6922112422394,-71.6922112422394
2578.620072312355,-71.68604599377551,-71.68604599377551
2578.630072312355,-71.67987019819358,-71.67987019819358
2578.640072312355,-71.67368449454509,-71.67368449454509
2578.650072312355,-71.66748951521056,-71.66748951521056
2578.660072312355,-71.66128588585765,-71.66128588585765
2578.670072312355,-71.65507422540219,-71.65507422540219
2578.680072312355,-71.64885514600063,-71.64885514600063
2578.690072312355,-71.64262925300497,-71.64262925300497
2578.700072312355,-71.63639714496342,-71.63639714496342
2578.710072312355,-71.63015941360105,-71.63015941360105
2578.720072312355,-71.62391664381002,-71.62391664381002
2578.730072312355,-71.61766941362924,-71.61766941362924
2578.740072312355,-71.61141829427493,-71.61141829427493
2578.750072312355,-71.60516385009642,-71.60516385009642
2578.760072312355,-71.59890663861344,-71.59890663861344
2578.770072312355,-71.59264721052135,-71.59264721052135
2578.780072312355,-71.5863861096829,-71.5863861096829
2578.790072312355,-71.58012387316046,-71.58012387316046
2578.800072312355,-71.57386103121311,-71.57386103121311
2578.8100723123553,-71.56759810734492,-71.56759810734492
2578.820072312355,-71.56133561829338,-71.56133561829338
2578.8300723123552,-71.5550740740692,-71.5550740740692
2578.840072312355,-71.54881397799257,-71.54881397799257
2578.850072312355,-71.54255582670555,-71.54255582670555
2578.860072312355,-71.53630011020613,-71.53630011020613
2578.870072312355,-71.53004731188173,-71.53004731188173
2578.880072312355,-71.52379790855277,-71.52379790855277
2578.890072312355,-71.51755237049619,-71.51755237049619
2578.900072336197,-71.51131114661624,-71.51131114661624
2578.910072336197,-71.5050747239721,-71.5050747239721
2578.920072336197,-71.4988435385897,-71.4988435385897
2578.930072336197,-71.49261803497441,-71.49261803497441
2578.940072336197,-71.48639865131726,-71.48639865131726
2578.950072336197,-71.48018581950188,-71.48018581950188
2578.960072336197,-71.47397996518256,-71.47397996518256
2578.970072336197,-71.46778150780504,-71.46778150780504
2578.980072336197,-71.46159086067478,-71.46159086067478
2578.990072336197,-71.4554084309962,-71.4554084309962
2579.000072336197,-71.44923461992082,-71.44923461992082
2579.010072336197,-71.4430698225846,-71.4430698225846
2579.020072336197,-71.43691442820179,-71.43691442820179
2579.030072336197,-71.4307688200722,-71.4307688200722
2579.0400723361968,-71.42463337564776,-71.42463337564776
2579.050072336197,-71.4185084665899,-71.4185084665899
2579.0600723361968,-71.41239445881193,-71.41239445881193
2579.070072336197,-71.40629171256529,-71.40629171256529
2579.0800723361967,-71.40020058243937,-71.40020058243937
2579.090072336197,-71.39412141745869,-71.39412141745869
2579.1000723361967,-71.3880545611111,-71.3880545611111
2579.110072336197,-71.38200035142643,-71.38200035142643
2579.1200723361967,-71.37595912102425,-71.37595912102425
2579.130072336197,-71.36993119714126,-71.36993119714126
2579.1400723361967,-71.36391690171843,-71.36391690171843
2579.150072336197,-71.35791655144818,-71.35791655144818
2579.160072336197,-71.35193045782303,-71.35193045782303
2579.170072336197,-71.34595892720432,-71.34595892720432
2579.180072336197,-71.34000226084149,-71.34000226084149
2579.190072336197,-71.33406075498357,-71.33406075498357
2579.200072336197,-71.32813470088303,-71.32813470088303
2579.210072336197,-71.32222438487007,-71.32222438487007
2579.220072336197,-71.31633008841355,-71.31633008841355
2579.230072336197,-71.31045208816047,-71.31045208816047
2579.240072336197,-71.30459065600685,-71.30459065600685
2579.250072336197,-71.29874605914152,-71.29874605914152
2579.260072336197,-71.29291856010242,-71.29291856010242
2579.270072336197,-71.28710841682093,-71.28710841682093
2579.280072336197,-71.2813158826849,-71.2813158826849
2579.2900723361968,-71.27554120660022,-71.27554120660022
2579.300072336197,-71.26978463302063,-71.26978463302063
2579.3100723361968,-71.26404640202475,-71.26404640202475
2579.320072336197,-71.25832674932958,-71.25832674932958
2579.3300723361967,-71.25262590640168,-71.25262590640168
2579.340072336197,-71.24694410044819,-71.24694410044819
2579.3500723361967,-71.24128155451413,-71.24128155451413
2579.360072336197,-71.2356384874979,-71.2356384874979
2579.3700723361967,-71.23001511422666,-71.23001511422666
2579.380072336197,-71.22441164548538,-71.22441164548538
2579.3900723361967,-71.21882828809457,-71.21882828809457
2579.400072336197,-71.21326524492194,-71.21326524492194
2579.410072336197,-71.20772271496536,-71.20772271496536
2579.420072336197,-71.20220089338154,-71.20220089338154
2579.430072336197,-71.19669997153339,-71.19669997153339
2579.440072336197,-71.19122013705726,-71.19122013705726
2579.450072336197,-71.1857615738811,-71.1857615738811
2579.460072336197,-71.18032446229877,-71.18032446229877
2579.470072336197,-71.1749089789861,-71.1749089789861
2579.480072336197,-71.16951529707976,-71.16951529707976
2579.490072336197,-71.1641435861974,-71.1641435861974
2579.500072336197,-71.15879401249691,-71.15879401249691
2579.510072336197,-71.15346673870663,-71.15346673870663
2579.520072336197,-71.14816192418238,-71.14816192418238
2579.530072336197,-71.14287972495477,-71.14287972495477
2579.5400723361968,-71.13762029374851,-71.13762029374851
2579.550072336197,-71.13238378004925,-71.13238378004925
2579.5600723361968,-71.12717033014601,-71.12717033014601
2579.570072336197,-71.12198008714326,-71.12198008714326
2579.5800723361967,-71.11681319103485,-71.11681319103485
2579.590072336197,-71.11166977872456,-71.11166977872456
2579.6000723361967,-71.10654998409971,-71.10654998409971
2579.610072336197,-71.10145393801562,-71.10145393801562
2579.6200723361967,-71.09638176837784,-71.09638176837784
2579.630072336197,-71.09133360017444,-71.09133360017444
2579.6400723361967,-71.0863095555007,-71.0863095555007
2579.650072336197,-71.08130975361165,-71.08130975361165
2579.660072336197,-71.0763343109513,-71.0763343109513
2579.670072336197,-71.07138334119179,-71.07138334119179
2579.680072336197,-71.06645695527463,-71.06645695527463
2579.690072336197,-71.06155526145224,-71.06155526145224
2579.700072336197,-71.05667836530247,-71.05667836530247
2579.710072336197,-71.05182636978408,-71.05182636978408
2579.720072336197,-71.04699937526789,-71.04699937526789
2579.730072336197,-71.04219747956243,-71.04219747956243
2579.740072336197,-71.0374207779552,-71.0374207779552
2579.7500723600388,-71.03266935194715,-71.03266935194715
2579.760072360039,-71.02794331459592,-71.02794331459592
2579.7700723600387,-71.02324274241816,-71.02324274241816
2579.780072360039,-71.01856772098247,-71.01856772098247
2579.7900723600387,-71.01391833348495,-71.01391833348495
2579.800072360039,-71.00929466078655,-71.00929466078655
2579.8100723600387,-71.00469678147513,-71.00469678147513
2579.820072360039,-71.00012477185943,-71.00012477185943
2579.8300723600387,-70.99557870603975,-70.99557870603975
2579.840072360039,-70.9910586559068,-70.9910586559068
2579.8500723600387,-70.98656469118434,-70.98656469118434
2579.860072360039,-70.98209687945857,-70.98209687945857
2579.8700723600386,-70.97765528620869,-70.97765528620869
2579.880072360039,-70.97323997484,-70.97323997484
2579.8900723600386,-70.96885100670102,-70.96885100670102
2579.900072360039,-70.96448844111548,-70.96448844111548
2579.9100723600386,-70.96015233541573,-70.96015233541573
2579.920072360039,-70.95584274496812,-70.95584274496812
2579.9300723600386,-70.95155972320023,-70.95155972320023
2579.940072360039,-70.94730332162497,-70.94730332162497
2579.9500723600386,-70.94307358986784,-70.94307358986784
2579.960072360039,-70.93887057570073,-70.93887057570073
2579.9700723600386,-70.93469432505839,-70.93469432505839
2579.980072360039,-70.93054488206135,-70.93054488206135
2579.9900723600385,-70.92642228906048,-70.92642228906048
2580.0000723600388,-70.92232658664132,-70.92232658664132
2580.010072360039,-70.91825781365552,-70.91825781365552
2580.0200723600387,-70.91421600725369,-70.91421600725369
2580.030072360039,-70.9102012028904,-70.9102012028904
2580.0400723600387,-70.90621343437157,-70.90621343437157
2580.050072360039,-70.90225273385276,-70.90225273385276
2580.0600723600387,-70.89831913188851,-70.89831913188851
2580.070072360039,-70.8944126574262,-70.8944126574262
2580.0800723600387,-70.8905333378617,-70.8905333378617
2580.090072360039,-70.88668119903514,-70.88668119903514
2580.1000723600387,-70.88285626526448,-70.88285626526448
2580.110072360039,-70.87905855936683,-70.87905855936683
2580.1200723600386,-70.87528810267001,-70.87528810267001
2580.130072360039,-70.8715449150425,-70.8715449150425
2580.1400723600386,-70.86782901492695,-70.86782901492695
2580.150072360039,-70.86414041933747,-70.86414041933747
2580.1600723600386,-70.86047914389361,-70.86047914389361
2580.170072360039,-70.85684520282564,-70.85684520282564
2580.1800723600386,-70.85323860901751,-70.85323860901751
2580.190072360039,-70.84965937400356,-70.84965937400356
2580.2000723600386,-70.84610750801042,-70.84610750801042
2580.210072360039,-70.84258301996853,-70.84258301996853
2580.2200723600386,-70.83908591750298,-70.83908591750298
2580.230072360039,-70.83561620699456,-70.83561620699456
2580.2400723600385,-70.83217389357982,-70.83217389357982
2580.2500723600388,-70.82875898116109,-70.82875898116109
2580.260072360039,-70.82537147243717,-70.82537147243717
2580.2700723600387,-70.82201136891814,-70.82201136891814
2580.280072360039,-70.81867867092225,-70.81867867092225
2580.2900723600387,-70.81537337763854,-70.81537337763854
2580.300072360039,-70.81209548710324,-70.81209548710324
2580.3100723600387,-70.80884499622695,-70.80884499622695
2580.320072360039,-70.805621900824,-70.805621900824
2580.3300723600387,-70.8024261956113,-70.8024261956113
2580.340072360039,-70.7992578742307,-70.7992578742307
2580.3500723600387,-70.79611692927342,-70.79611692927342
2580.360072360039,-70.79300335228034,-70.79300335228034
2580.3700723600386,-70.78991713378085,-70.78991713378085
2580.380072360039,-70.78685826327641,-70.78685826327641
2580.3900723600386,-70.78382672928855,-70.78382672928855
2580.400072360039,-70.78082251934141,-70.78082251934141
2580.4100723600386,-70.7778456200064,-70.7778456200064
2580.420072360039,-70.77489601689626,-70.77489601689626
2580.4300723600386,-70.77197369468756,-70.77197369468756
2580.440072360039,-70.7690786371298,-70.7690786371298
2580.4500723600386,-70.7662108270712,-70.7662108270712
2580.460072360039,-70.76336407655913,-70.76336407655913
2580.4700723600386,-70.76053566850574,-70.76053566850574
2580.480072360039,-70.75772427597,-70.75772427597
2580.4900723600385,-70.75492921716763,-70.75492921716763
2580.5000723600388,-70.75215017020028,-70.75215017020028
2580.510072360039,-70.74938702438634,-70.74938702438634
2580.5200723600387,-70.74663979273956,-70.74663979273956
2580.530072360039,-70.74390855929114,-70.74390855929114
2580.5400723600387,-70.74119344729566,-70.74119344729566
2580.550072360039,-70.73849460011601,-70.73849460011601
2580.5600723600387,-70.73581216985247,-70.73581216985247
2580.570072360039,-70.73314631066111,-70.73314631066111
2580.5800723600387,-70.73049717490544,-70.73049717490544
2580.590072360039,-70.72786491110601,-70.72786491110601
2580.6000723838806,-70.72524965671762,-70.72524965671762
2580.610072383881,-70.72265156267694,-70.72265156267694
2580.6200723838806,-70.72007075590165,-70.72007075590165
2580.630072383881,-70.71750736455878,-70.71750736455878
2580.6400723838806,-70.71496151202561,-70.71496151202561
2580.650072383881,-70.71243331728111,-70.71243331728111
2580.6600723838806,-70.70992289520642,-70.70992289520642
2580.670072383881,-70.70743035694349,-70.70743035694349
2580.6800723838805,-70.70495581017241,-70.70495581017241
2580.6900723838808,-70.70249935939479,-70.70249935939479
2580.7000723838805,-70.70006110618338,-70.70006110618338
2580.7100723838807,-70.69764114936979,-70.69764114936979
2580.7200723838805,-70.69523958525227,-70.69523958525227
2580.7300723838807,-70.69285650774485,-70.69285650774485
2580.7400723838805,-70.69049200851909,-70.69049200851909
2580.7500723838807,-70.68814617710716,-70.68814617710716
2580.7600723838805,-70.6858191010247,-70.6858191010247
2580.7700723838807,-70.68351086583057,-70.68351086583057
2580.7800723838805,-70.68122155522407,-70.68122155522407
2580.7900723838807,-70.67895125108629,-70.67895125108629
2580.8000723838804,-70.67670003354445,-70.67670003354445
2580.8100723838807,-70.67446798100598,-70.67446798100598
2580.8200723838804,-70.67225517021622,-70.67225517021622
2580.8300723838806,-70.67006167626568,-70.67006167626568
2580.8400723838804,-70.66788757263193,-70.66788757263193
2580.8500723838806,-70.66573293119681,-70.66573293119681
2580.860072383881,-70.66359782227158,-70.66359782227158
2580.8700723838806,-70.66148231461392,-70.66148231461392
2580.880072383881,-70.65938647544061,-70.65938647544061
2580.8900723838806,-70.65731037042988,-70.65731037042988
2580.900072383881,-70.65525406375681,-70.65525406375681
2580.9100723838806,-70.65321761808636,-70.65321761808636
2580.920072383881,-70.65120109457979,-70.65120109457979
2580.9300723838805,-70.64920455291781,-70.64920455291781
2580.9400723838808,-70.64722805129738,-70.64722805129738
2580.9500723838805,-70.64527164644484,-70.64527164644484
2580.9600723838807,-70.64333539361276,-70.64333539361276
2580.9700723838805,-70.64141934661141,-70.64141934661141
2580.9800723838807,-70.63952355777876,-70.63952355777876
2580.9900723838805,-70.63764807802761,-70.63764807802761
2581.0000723838807,-70.63579295681691,-70.63579295681691
2581.0100723838805,-70.6339582421795,-70.6339582421795
2581.0200723838807,-70.63214398073131,-70.63214398073131
2581.0300723838805,-70.63035021767176,-70.63035021767176
2581.0400723838807,-70.62857699677932,-70.62857699677932
2581.0500723838804,-70.62682436044983,-70.62682436044983
2581.0600723838807,-70.62509234967841,-70.62509234967841
2581.0700723838804,-70.62338100406981,-70.62338100406981
2581.0800723838806,-70.62169036185796,-70.62169036185796
2581.0900723838804,-70.62002045991842,-70.62002045991842
2581.1000723838806,-70.61837133375649,-70.61837133375649
2581.110072383881,-70.61674301753729,-70.61674301753729
2581.1200723838806,-70.61513554408336,-70.61513554408336
2581.130072383881,-70.61354894488298,-70.61354894488298
2581.1400723838806,-70.61198325011644,-70.61198325011644
2581.150072383881,-70.61043848865633,-70.61043848865633
2581.1600723838806,-70.60891468806508,-70.60891468806508
2581.170072383881,-70.60741187461845,-70.60741187461845
2581.1800723838805,-70.60593007332486,-70.60593007332486
2581.1900723838808,-70.60446930791807,-70.60446930791807
2581.2000723838805,-70.60302960089429,-70.60302960089429
2581.2100723838807,-70.60161097347672,-70.60161097347672
2581.2200723838805,-70.60021344568315,-70.60021344568315
2581.2300723838807,-70.5988370363045,-70.5988370363045
2581.2400723838805,-70.59748176292587,-70.59748176292587
2581.2500723838807,-70.59614764192217,-70.59614764192217
2581.2600723838805,-70.59483468850867,-70.59483468850867
2581.2700723838807,-70.5935429167104,-70.5935429167104
2581.2800723838805,-70.59227233940337,-70.59227233940337
2581.2900723838807,-70.59102296830801,-70.59102296830801
2581.3000723838804,-70.58979481402599,-70.58979481402599
2581.3100723838807,-70.58858788601489,-70.58858788601489
2581.3200723838804,-70.5874021926448,-70.5874021926448
2581.3300723838806,-70.58623774117382,-70.58623774117382
2581.3400723838804,-70.58509453778832,-70.58509453778832
2581.3500723838806,-70.5839725875976,-70.5839725875976
2581.360072383881,-70.582871894658,-70.582871894658
2581.3700723838806,-70.58179246197307,-70.58179246197307
2581.380072383881,-70.58073429152232,-70.58073429152232
2581.3900723838806,-70.57969738425558,-70.57969738425558
2581.400072383881,-70.57868174012091,-70.57868174012091
2581.4100723838806,-70.57768735807791,-70.57768735807791
2581.420072383881,-70.57671423609821,-70.57671423609821
2581.4300723838805,-70.5757623711905,-70.5757623711905
2581.4400723838808,-70.57483175940129,-70.57483175940129
2581.4500724077225,-70.57392239367643,-70.57392239367643
2581.4600724077227,-70.57302811840589,-70.57302811840589
2581.4700724077225,-70.57214623199303,-70.57214623199303
2581.4800724077227,-70.57127542048228,-70.57127542048228
2581.4900724077224,-70.57041501238533,-70.57041501238533
2581.5000724077227,-70.56956469449001,-70.56956469449001
2581.5100724077224,-70.56872436379797,-70.56872436379797
2581.5200724077226,-70.5678940404608,-70.5678940404608
2581.5300724077224,-70.567073815395,-70.567073815395
2581.5400724077226,-70.56626381868239,-70.56626381868239
2581.5500724077224,-70.56546420060329,-70.56546420060329
2581.5600724077226,-70.56467512030567,-70.56467512030567
2581.5700724077224,-70.56389673918288,-70.56389673918288
2581.5800724077226,-70.56312921704634,-70.56312921704634
2581.5900724077223,-70.56237271009806,-70.56237271009806
2581.6000724077226,-70.56162736988912,-70.56162736988912
2581.6100724077223,-70.56089334294181,-70.56089334294181
2581.6200724077225,-70.56017077075028,-70.56017077075028
2581.6300724077223,-70.55945978992146,-70.55945978992146
2581.6400724077225,-70.5587605324819,-70.5587605324819
2581.6500724077223,-70.55807312619422,-70.55807312619422
2581.6600724077225,-70.55739769489028,-70.55739769489028
2581.6700724077223,-70.55673435878052,-70.55673435878052
2581.6800724077225,-70.55608323474414,-70.55608323474414
2581.6900724077223,-70.55544443660354,-70.55544443660354
2581.7000724077225,-70.5548180753358,-70.5548180753358
2581.7100724077227,-70.55419810714722,-70.55419810714722
2581.7200724077225,-70.55358194620008,-70.55358194620008
2581.7300724077227,-70.55296839007032,-70.55296839007032
2581.7400724077224,-70.55235687717374,-70.55235687717374
2581.7500724077227,-70.55174720277527,-70.55174720277527
2581.7600724077224,-70.55113937113285,-70.55113937113285
2581.7700724077226,-70.55053350855142,-70.55053350855142
2581.7800724077224,-70.54992981112709,-70.54992981112709
2581.7900724077226,-70.54932851320584,-70.54932851320584
2581.8000724077224,-70.54872986849149,-70.54872986849149
2581.8100724077226,-70.54813413875675,-70.54813413875675
2581.8200724077224,-70.54754158722763,-70.54754158722763
2581.8300724077226,-70.54695247482394,-70.54695247482394
2581.8400724077223,-70.54636705809038,-70.54636705809038
2581.8500724077226,-70.54578558819438,-70.54578558819438
2581.8600724077223,-70.54520831055352,-70.54520831055352
2581.8700724077225,-70.54463546480056,-70.54463546480056
2581.8800724077223,-70.5440672849625,-70.5440672849625
2581.8900724077225,-70.5435039997566,-70.5435039997566
2581.9000724077223,-70.54294583288483,-70.54294583288483
2581.9100724077225,-70.54239300337036,-70.54239300337036
2581.9200724077223,-70.54184572585437,-70.54184572585437
2581.9300724077225,-70.5413042109009,-70.5413042109009
2581.9400724077223,-70.54076866522189,-70.54076866522189
2581.9500724077225,-70.5402392919261,-70.5402392919261
2581.9600724077227,-70.53971629071815,-70.53971629071815
2581.9700724077225,-70.53919985804829,-70.53919985804829
2581.9800724077227,-70.53869018727296,-70.53869018727296
2581.9900724077224,-70.53818746877836,-70.53818746877836
2582.0000724077227,-70.53769189006867,-70.53769189006867
2582.0100724077224,-70.53720363588175,-70.53720363588175
2582.0200724077226,-70.53672288824902,-70.53672288824902
2582.0300724077224,-70.53624982656042,-70.53624982656042
2582.0400724077226,-70.53578462761602,-70.53578462761602
2582.0500724077224,-70.53532746568519,-70.53532746568519
2582.0600724077226,-70.53487851251529,-70.53487851251529
2582.0700724077224,-70.53443793740361,-70.53443793740361
2582.0800724077226,-70.53400590718282,-70.53400590718282
2582.0900724077223,-70.53358258628245,-70.53358258628245
2582.1000724077226,-70.53316813671307,-70.53316813671307
2582.1100724077223,-70.53276271810695,-70.53276271810695
2582.1200724077225,-70.5323664877302,-70.5323664877302
2582.1300724077223,-70.53197960048381,-70.53197960048381
2582.1400724077225,-70.53160220892337,-70.53160220892337
2582.1500724077223,-70.53123446326833,-70.53123446326833
2582.1600724077225,-70.53087651141635,-70.53087651141635
2582.1700724077223,-70.5305284989552,-70.5305284989552
2582.1800724077225,-70.53019056914636,-70.53019056914636
2582.1900724077223,-70.52986286296961,-70.52986286296961
2582.2000724077225,-70.52954551910103,-70.52954551910103
2582.2100724077227,-70.52923252533918,-70.52923252533918
2582.2200724077225,-70.52892132607002,-70.52892132607002
2582.2300724077227,-70.52861074812795,-70.52861074812795
2582.2400724077224,-70.52830025844435,-70.52830025844435
2582.2500724077227,-70.52798968014329,-70.52798968014329
2582.2600724077224,-70.52767904472918,-70.52767904472918
2582.2700724077226,-70.52736850524302,-70.52736850524302
2582.2800724077224,-70.52705828401358,-70.52705828401358
2582.2900724077226,-70.52674864113978,-70.52674864113978
2582.3000724315643,-70.52643985485025,-70.52643985485025
2582.3100724315645,-70.52613221316304,-70.52613221316304
2582.3200724315643,-70.5258260028599,-70.5258260028599
2582.3300724315645,-70.52552150864469,-70.52552150864469
2582.3400724315643,-70.52521901033882,-70.52521901033882
2582.3500724315645,-70.52491878187321,-70.52491878187321
2582.3600724315643,-70.52462109092902,-70.52462109092902
2582.3700724315645,-70.5243261988682,-70.5243261988682
2582.3800724315643,-70.52403436094376,-70.52403436094376
2582.3900724315645,-70.52374582656205,-70.52374582656205
2582.4000724315642,-70.52346083963205,-70.52346083963205
2582.4100724315645,-70.52317963884572,-70.52317963884572
2582.420072431564,-70.5229024580387,-70.5229024580387
2582.4300724315644,-70.52262952644922,-70.52262952644922
2582.440072431564,-70.52236106901226,-70.52236106901226
2582.4500724315644,-70.52209730656138,-70.52209730656138
2582.460072431564,-70.52183845605374,-70.52183845605374
2582.4700724315644,-70.5215847307477,-70.5215847307477
2582.480072431564,-70.52133634036016,-70.52133634036016
2582.4900724315644,-70.52109349119577,-70.52109349119577
2582.500072431564,-70.5208563862676,-70.5208563862676
2582.5100724315644,-70.52062522539646,-70.52062522539646
2582.520072431564,-70.52040020530322,-70.52040020530322
2582.5300724315643,-70.52018151966655,-70.52018151966655
2582.540072431564,-70.5199693592108,-70.5199693592108
2582.5500724315643,-70.51976391175104,-70.51976391175104
2582.5600724315645,-70.51956536223204,-70.51956536223204
2582.5700724315643,-70.51937389280039,-70.51937389280039
2582.5800724315645,-70.51918968279873,-70.51918968279873
2582.5900724315643,-70.51901290884464,-70.51901290884464
2582.6000724315645,-70.51884374482674,-70.51884374482674
2582.6100724315643,-70.5186823619561,-70.5186823619561
2582.6200724315645,-70.51852892877126,-70.51852892877126
2582.6300724315643,-70.51838361117322,-70.51838361117322
2582.6400724315645,-70.51824657243182,-70.51824657243182
2582.6500724315642,-70.51811797323519,-70.51811797323519
2582.6600724315645,-70.51799797167284,-70.51799797167284
2582.670072431564,-70.51788672328387,-70.51788672328387
2582.6800724315644,-70.51778438105643,-70.51778438105643
2582.690072431564,-70.51769109545079,-70.51769109545079
2582.7000724315644,-70.51760701440668,-70.51760701440668
2582.710072431564,-70.51753228339129,-70.51753228339129
2582.7200724315644,-70.51746704536599,-70.51746704536599
2582.730072431564,-70.51741144085048,-70.51741144085048
2582.7400724315644,-70.51736560791616,-70.51736560791616
2582.750072431564,-70.51732968220811,-70.51732968220811
2582.7600724315644,-70.51730379695002,-70.51730379695002
2582.770072431564,-70.51728808298562,-70.51728808298562
2582.7800724315643,-70.51728266877082,-70.51728266877082
2582.790072431564,-70.51728768041427,-70.51728768041427
2582.8000724315643,-70.51730324168223,-70.51730324168223
2582.8100724315645,-70.51732947401837,-70.51732947401837
2582.8200724315643,-70.51736649656362,-70.51736649656362
2582.8300724315645,-70.51741442617009,-70.51741442617009
2582.8400724315643,-70.51747337743657,-70.51747337743657
2582.8500724315645,-70.5175434627055,-70.5175434627055
2582.8600724315643,-70.51762479208713,-70.51762479208713
2582.8700724315645,-70.51771747350071,-70.51771747350071
2582.8800724315643,-70.5178216126681,-70.5178216126681
2582.8900724315645,-70.51793731314525,-70.51793731314525
2582.9000724315642,-70.51806467634599,-70.51806467634599
2582.9100724315645,-70.5182038015453,-70.5182038015453
2582.920072431564,-70.5183547859315,-70.5183547859315
2582.9300724315644,-70.51851772458423,-70.51851772458423
2582.940072431564,-70.51869271055166,-70.51869271055166
2582.9500724315644,-70.51887983480455,-70.51887983480455
2582.960072431564,-70.51907918631206,-70.51907918631206
2582.9700724315644,-70.51929085204306,-70.51929085204306
2582.980072431564,-70.51951491698621,-70.51951491698621
2582.9900724315644,-70.5197514641536,-70.5197514641536
2583.000072431564,-70.52000057464682,-70.52000057464682
2583.0100724315644,-70.52026232763662,-70.52026232763662
2583.020072431564,-70.52053680041153,-70.52053680041153
2583.0300724315643,-70.52082406838144,-70.52082406838144
2583.040072431564,-70.52112420509651,-70.52112420509651
2583.0500724315643,-70.52143728229564,-70.52143728229564
2583.0600724315645,-70.52176336991481,-70.52176336991481
2583.0700724315643,-70.52210253607568,-70.52210253607568
2583.0800724315645,-70.52245484715614,-70.52245484715614
2583.0900724315643,-70.5228203677931,-70.5228203677931
2583.1000724315645,-70.52319916088818,-70.52319916088818
2583.1100724315643,-70.52359128766321,-70.52359128766321
2583.1200724315645,-70.52399680763784,-70.52399680763784
2583.1300724315643,-70.52441577868974,-70.52441577868974
2583.1400724315645,-70.52484825705446,-70.52484825705446
2583.150072455406,-70.52529429841876,-70.52529429841876
2583.1600724554064,-70.52575395372011,-70.52575395372011
2583.170072455406,-70.52622727542953,-70.52622727542953
2583.1800724554064,-70.52671431344342,-70.52671431344342
2583.190072455406,-70.52721511613949,-70.52721511613949
2583.2000724554064,-70.52772973036048,-70.52772973036048
2583.210072455406,-70.52825820147316,-70.52825820147316
2583.2200724554064,-70.52880057336849,-70.52880057336849
2583.230072455406,-70.52935688847683,-70.52935688847683
2583.2400724554063,-70.52992718781077,-70.52992718781077
2583.250072455406,-70.53051151095636,-70.53051151095636
2583.2600724554063,-70.53110989612031,-70.53110989612031
2583.270072455406,-70.53172238012282,-70.53172238012282
2583.2800724554063,-70.53234899843913,-70.53234899843913
2583.290072455406,-70.53298978521018,-70.53298978521018
2583.3000724554063,-70.53364477325253,-70.53364477325253
2583.310072455406,-70.53431399409155,-70.53431399409155
2583.3200724554063,-70.53499747796512,-70.53499747796512
2583.330072455406,-70.53569525387223,-70.53569525387223
2583.3400724554062,-70.53640734955124,-70.53640734955124
2583.350072455406,-70.53713379150997,-70.53713379150997
2583.360072455406,-70.53787460507972,-70.53787460507972
2583.370072455406,-70.53862981437254,-70.53862981437254
2583.380072455406,-70.5393994423429,-70.5393994423429
2583.390072455406,-70.54018351079219,-70.54018351079219
2583.400072455406,-70.54098204038334,-70.54098204038334
2583.4100724554064,-70.54179505066703,-70.54179505066703
2583.420072455406,-70.54262256008032,-70.54262256008032
2583.4300724554064,-70.54346458598235,-70.54346458598235
2583.440072455406,-70.54432114465766,-70.54432114465766
2583.4500724554064,-70.54519225134632,-70.54519225134632
2583.460072455406,-70.5460717709856,-70.5460717709856
2583.4700724554064,-70.5469570265237,-70.5469570265237
2583.480072455406,-70.5478467240674,-70.5478467240674
2583.4900724554063,-70.54874021036326,-70.54874021036326
2583.500072455406,-70.54963718908178,-70.54963718908178
2583.5100724554063,-70.55053757315511,-70.55053757315511
2583.520072455406,-70.55144139807989,-70.55144139807989
2583.5300724554063,-70.55234876976834,-70.55234876976834
2583.540072455406,-70.55325983316912,-70.55325983316912
2583.5500724554063,-70.55417475335908,-70.55417475335908
2583.560072455406,-70.55509370438395,-70.55509370438395
2583.5700724554063,-70.55601686259736,-70.55601686259736
2583.580072455406,-70.556944402926,-70.556944402926
2583.5900724554062,-70.55787649682365,-70.55787649682365
2583.600072455406,-70.55881331124016,-70.55881331124016
2583.610072455406,-70.55975500825922,-70.55975500825922
2583.620072455406,-70.56070174506581,-70.56070174506581
2583.630072455406,-70.56165367409665,-70.56165367409665
2583.640072455406,-70.56261094333951,-70.56261094333951
2583.650072455406,-70.56357369662962,-70.56357369662962
2583.6600724554064,-70.56454207398644,-70.56454207398644
2583.670072455406,-70.5655162118924,-70.5655162118924
2583.6800724554064,-70.56649624360153,-70.56649624360153
2583.690072455406,-70.56748229939201,-70.56748229939201
2583.7000724554064,-70.56847450677321,-70.56847450677321
2583.710072455406,-70.5694729906921,-70.5694729906921
2583.7200724554064,-70.5704778737143,-70.5704778737143
2583.730072455406,-70.57148927614867,-70.57148927614867
2583.7400724554063,-70.57250731619496,-70.57250731619496
2583.750072455406,-70.57353211003814,-70.57353211003814
2583.7600724554063,-70.5745637719384,-70.5745637719384
2583.770072455406,-70.5756024143201,-70.5756024143201
2583.7800724554063,-70.57664814781634,-70.57664814781634
2583.790072455406,-70.57770108133899,-70.57770108133899
2583.8000724554063,-70.57876132211051,-70.57876132211051
2583.810072455406,-70.57982897572364,-70.57982897572364
2583.8200724554063,-70.58090414615825,-70.58090414615825
2583.830072455406,-70.58198693581494,-70.58198693581494
2583.8400724554062,-70.58307744551591,-70.58307744551591
2583.850072455406,-70.58417577456399,-70.58417577456399
2583.860072455406,-70.58528202072485,-70.58528202072485
2583.870072455406,-70.58639628024955,-70.58639628024955
2583.880072455406,-70.58751864789828,-70.58751864789828
2583.890072455406,-70.58864921693217,-70.58864921693217
2583.900072455406,-70.58978807913594,-70.58978807913594
2583.9100724554064,-70.59093532480678,-70.59093532480678
2583.920072455406,-70.59209104278817,-70.59209104278817
2583.9300724554064,-70.59325532045527,-70.59325532045527
2583.940072455406,-70.59442824371834,-70.59442824371834
2583.9500724554064,-70.59560989705143,-70.59560989705143
2583.960072455406,-70.5968003634677,-70.5968003634677
2583.9700724554064,-70.59799972453746,-70.59799972453746
2583.980072455406,-70.59920806040762,-70.59920806040762
2583.9900724554063,-70.60042544978074,-70.60042544978074
2584.000072479248,-70.6016519728556,-70.6016519728556
2584.0100724792483,-70.60288769968649,-70.60288769968649
2584.020072479248,-70.60413270759352,-70.60413270759352
2584.0300724792482,-70.6053870696141,-70.6053870696141
2584.040072479248,-70.60665085738073,-70.60665085738073
2584.0500724792482,-70.60792414112298,-70.60792414112298
2584.060072479248,-70.60920698968377,-70.60920698968377
2584.070072479248,-70.61049947051116,-70.61049947051116
2584.080072479248,-70.61180164968917,-70.61180164968917
2584.090072479248,-70.61311359192325,-70.61311359192325
2584.100072479248,-70.6144353605587,-70.6144353605587
2584.110072479248,-70.61576701758463,-70.61576701758463
2584.120072479248,-70.61710862365508,-70.61710862365508
2584.130072479248,-70.61846023807333,-70.61846023807333
2584.140072479248,-70.61982191882763,-70.61982191882763
2584.150072479248,-70.62119372257051,-70.62119372257051
2584.160072479248,-70.62257570467438,-70.62257570467438
2584.170072479248,-70.62396791917512,-70.62396791917512
2584.180072479248,-70.62537041885,-70.62537041885
2584.190072479248,-70.62678325517454,-70.62678325517454
2584.200072479248,-70.62820647836907,-70.62820647836907
2584.210072479248,-70.62964013738035,-70.62964013738035
2584.220072479248,-70.63108427992242,-70.63108427992242
2584.230072479248,-70.63253895246353,-70.63253895246353
2584.240072479248,-70.63400420024986,-70.63400420024986
2584.250072479248,-70.63548006731055,-70.63548006731055
2584.2600724792483,-70.63696659646847,-70.63696659646847
2584.270072479248,-70.63846382935776,-70.63846382935776
2584.2800724792482,-70.63997180642491,-70.63997180642491
2584.290072479248,-70.64149056695373,-70.64149056695373
2584.3000724792482,-70.64302014908033,-70.64302014908033
2584.310072479248,-70.64456058976627,-70.64456058976627
2584.320072479248,-70.64611192486888,-70.64611192486888
2584.330072479248,-70.64767418911403,-70.64767418911403
2584.340072479248,-70.64924741610439,-70.64924741610439
2584.350072479248,-70.65083163836461,-70.65083163836461
2584.360072479248,-70.65242688733085,-70.65242688733085
2584.370072479248,-70.65403319336141,-70.65403319336141
2584.380072479248,-70.65565058574548,-70.65565058574548
2584.390072479248,-70.65727909273672,-70.65727909273672
2584.400072479248,-70.65891874155393,-70.65891874155393
2584.410072479248,-70.66056955837894,-70.66056955837894
2584.420072479248,-70.66223156839754,-70.66223156839754
2584.430072479248,-70.6639047957878,-70.6639047957878
2584.440072479248,-70.66558926373602,-70.66558926373602
2584.450072479248,-70.66728499446705,-70.66728499446705
2584.460072479248,-70.6689920092184,-70.6689920092184
2584.470072479248,-70.67071032830498,-70.67071032830498
2584.480072479248,-70.67243997108717,-70.67243997108717
2584.490072479248,-70.67418095600291,-70.67418095600291
2584.500072479248,-70.67593330057625,-70.67593330057625
2584.5100724792483,-70.67769702142678,-70.67769702142678
2584.520072479248,-70.67947213428815,-70.67947213428815
2584.5300724792482,-70.68125865400964,-70.68125865400964
2584.540072479248,-70.683056594573,-70.683056594573
2584.5500724792482,-70.68486596911602,-70.68486596911602
2584.560072479248,-70.68668678991605,-70.68668678991605
2584.570072479248,-70.68851906842761,-70.68851906842761
2584.580072479248,-70.6903628152912,-70.6903628152912
2584.590072479248,-70.69221804032706,-70.69221804032706
2584.600072479248,-70.69408475257248,-70.69408475257248
2584.610072479248,-70.69596296025782,-70.69596296025782
2584.620072479248,-70.69785267085629,-70.69785267085629
2584.630072479248,-70.69975389106742,-70.69975389106742
2584.640072479248,-70.70166662684754,-70.70166662684754
2584.650072479248,-70.703590883397,-70.703590883397
2584.660072479248,-70.70552666520446,-70.70552666520446
2584.670072479248,-70.7074739760124,-70.7074739760124
2584.680072479248,-70.7094328188885,-70.7094328188885
2584.690072479248,-70.71140319616444,-70.71140319616444
2584.700072479248,-70.71338510950703,-70.71338510950703
2584.710072479248,-70.71537855990094,-70.71537855990094
2584.720072479248,-70.71738354766225,-70.71738354766225
2584.730072479248,-70.7194000724361,-70.7194000724361
2584.740072479248,-70.721428133242,-70.721428133242
2584.750072479248,-70.72346772845196,-70.72346772845196
2584.7600724792483,-70.72551885580816,-70.72551885580816
2584.770072479248,-70.72758151242498,-70.72758151242498
2584.7800724792482,-70.72965569483593,-70.72965569483593
2584.790072479248,-70.73174139895374,-70.73174139895374
2584.8000724792482,-70.7338386201064,-70.7338386201064
2584.810072479248,-70.73594735305056,-70.73594735305056
2584.820072479248,-70.73806759194856,-70.73806759194856
2584.830072479248,-70.74019933043101,-70.74019933043101
2584.840072479248,-70.7423425615644,-70.7423425615644
2584.85007250309,-70.74449728299675,-70.74449728299675
2584.86007250309,-70.74666347649543,-70.74666347649543
2584.87007250309,-70.74884113859821,-70.74884113859821
2584.88007250309,-70.75103026025342,-70.75103026025342
2584.89007250309,-70.75323083191053,-70.75323083191053
2584.90007250309,-70.75544284349564,-70.75544284349564
2584.91007250309,-70.7576662844558,-70.7576662844558
2584.92007250309,-70.75990114374018,-70.75990114374018
2584.93007250309,-70.76214740984372,-70.76214740984372
2584.94007250309,-70.76440507077803,-70.76440507077803
2584.95007250309,-70.76667411409701,-70.76667411409701
2584.96007250309,-70.76895452690655,-70.76895452690655
2584.97007250309,-70.77124629586983,-70.77124629586983
2584.98007250309,-70.77354940721317,-70.77354940721317
2584.99007250309,-70.77586384673117,-70.77586384673117
2585.00007250309,-70.77818959979587,-70.77818959979587
2585.0100725030898,-70.78052665136791,-70.78052665136791
2585.02007250309,-70.78287498600046,-70.78287498600046
2585.0300725030897,-70.78523458784802,-70.78523458784802
2585.04007250309,-70.78760544067514,-70.78760544067514
2585.0500725030897,-70.78998752785817,-70.78998752785817
2585.06007250309,-70.79238083239039,-70.79238083239039
2585.0700725030897,-70.79478533690191,-70.79478533690191
2585.08007250309,-70.7972010236414,-70.7972010236414
2585.0900725030897,-70.79962787453152,-70.79962787453152
2585.10007250309,-70.80206587110904,-70.80206587110904
2585.11007250309,-70.80451499458214,-70.80451499458214
2585.12007250309,-70.80697522582582,-70.80697522582582
2585.13007250309,-70.80944654535939,-70.80944654535939
2585.14007250309,-70.81192893339939,-70.81192893339939
2585.15007250309,-70.81442236982338,-70.81442236982338
2585.16007250309,-70.81692683420623,-70.81692683420623
2585.17007250309,-70.81944230581489,-70.81944230581489
2585.18007250309,-70.821968763609,-70.821968763609
2585.19007250309,-70.82450618625015,-70.82450618625015
2585.20007250309,-70.8270545521127,-70.8270545521127
2585.21007250309,-70.82960766327925,-70.82960766327925
2585.22007250309,-70.83216279339831,-70.83216279339831
2585.23007250309,-70.83471860465394,-70.83471860465394
2585.24007250309,-70.83727440245933,-70.83727440245933
2585.25007250309,-70.8398298507572,-70.8398298507572
2585.2600725030898,-70.84238482400309,-70.84238482400309
2585.27007250309,-70.84493932029048,-70.84493932029048
2585.2800725030897,-70.84749340915415,-70.84749340915415
2585.29007250309,-70.85004720011048,-70.85004720011048
2585.3000725030897,-70.85260082379563,-70.85260082379563
2585.31007250309,-70.85515442072477,-70.85515442072477
2585.3200725030897,-70.85770813467803,-70.85770813467803
2585.33007250309,-70.86026210891261,-70.86026210891261
2585.3400725030897,-70.8628164840978,-70.8628164840978
2585.35007250309,-70.86537139728742,-70.86537139728742
2585.36007250309,-70.86792698151339,-70.86792698151339
2585.37007250309,-70.87048336572931,-70.87048336572931
2585.38007250309,-70.8730406749678,-70.8730406749678
2585.39007250309,-70.87559903059424,-70.87559903059424
2585.40007250309,-70.87815855059091,-70.87815855059091
2585.41007250309,-70.88071934987066,-70.88071934987066
2585.42007250309,-70.88328154054268,-70.88328154054268
2585.43007250309,-70.88584523220759,-70.88584523220759
2585.44007250309,-70.88841053215666,-70.88841053215666
2585.45007250309,-70.89097754562826,-70.89097754562826
2585.46007250309,-70.89354019455098,-70.89354019455098
2585.47007250309,-70.89609587400838,-70.89609587400838
2585.48007250309,-70.89864336745582,-70.89864336745582
2585.49007250309,-70.90118210084545,-70.90118210084545
2585.50007250309,-70.90371185780168,-70.90371185780168
2585.5100725030898,-70.90623263156303,-70.90623263156303
2585.52007250309,-70.90874453813653,-70.90874453813653
2585.5300725030897,-70.91124776407597,-70.91124776407597
2585.54007250309,-70.91374253508664,-70.91374253508664
2585.5500725030897,-70.91622909716105,-70.91622909716105
2585.56007250309,-70.91870770536197,-70.91870770536197
2585.5700725030897,-70.92117861720993,-70.92117861720993
2585.58007250309,-70.92364208890959,-70.92364208890959
2585.5900725030897,-70.9260983732992,-70.9260983732992
2585.60007250309,-70.9285477187915,-70.9285477187915
2585.61007250309,-70.93099036900885,-70.93099036900885
2585.62007250309,-70.93342656267961,-70.93342656267961
2585.63007250309,-70.93585653382338,-70.93585653382338
2585.64007250309,-70.93828051198305,-70.93828051198305
2585.65007250309,-70.94069872249528,-70.94069872249528
2585.66007250309,-70.94311138680852,-70.94311138680852
2585.67007250309,-70.94551872273692,-70.94551872273692
2585.68007250309,-70.94792094473988,-70.94792094473988
2585.69007250309,-70.95031826412739,-70.95031826412739
2585.7000725269318,-70.9527108949824,-70.9527108949824
2585.710072526932,-70.95509903149707,-70.95509903149707
2585.7200725269317,-70.95748288237259,-70.95748288237259
2585.730072526932,-70.95986264810391,-70.95986264810391
2585.7400725269317,-70.96223852679195,-70.96223852679195
2585.750072526932,-70.96461071423055,-70.96461071423055
2585.7600725269317,-70.9669794039886,-70.9669794039886
2585.770072526932,-70.96934478743799,-70.96934478743799
2585.7800725269317,-70.97170705384364,-70.97170705384364
2585.790072526932,-70.97406639035599,-70.97406639035599
2585.8000725269317,-70.97642298207239,-70.97642298207239
2585.810072526932,-70.97877701205348,-70.97877701205348
2585.8200725269317,-70.98112866134274,-70.98112866134274
2585.830072526932,-70.98347810896696,-70.98347810896696
2585.8400725269316,-70.98582553195426,-70.98582553195426
2585.850072526932,-70.98817110534937,-70.98817110534937
2585.8600725269316,-70.99051500220601,-70.99051500220601
2585.870072526932,-70.99285739359833,-70.99285739359833
2585.8800725269316,-70.99519844862311,-70.99519844862311
2585.890072526932,-70.99753833439578,-70.99753833439578
2585.9000725269316,-70.9998772160595,-70.9998772160595
2585.910072526932,-71.00221525676119,-71.00221525676119
2585.9200725269316,-71.00455261768442,-71.00455261768442
2585.930072526932,-71.00688945801934,-71.00688945801934
2585.9400725269315,-71.00922593498844,-71.00922593498844
2585.9500725269318,-71.01156220382877,-71.01156220382877
2585.960072526932,-71.01389222708447,-71.01389222708447
2585.9700725269317,-71.0162134459581,-71.0162134459581
2585.980072526932,-71.01852469181395,-71.01852469181395
2585.9900725269317,-71.02082543892338,-71.02082543892338
2586.000072526932,-71.02311551912686,-71.02311551912686
2586.0100725269317,-71.02539497348837,-71.02539497348837
2586.020072526932,-71.02766396525787,-71.02766396525787
2586.0300725269317,-71.02992272759778,-71.02992272759778
2586.040072526932,-71.03217153205783,-71.03217153205783
2586.0500725269317,-71.0344106696972,-71.0344106696972
2586.060072526932,-71.03664043980656,-71.03664043980656
2586.0700725269317,-71.03886114330233,-71.03886114330233
2586.080072526932,-71.04107307893224,-71.04107307893224
2586.0900725269316,-71.04327654119355,-71.04327654119355
2586.100072526932,-71.04547181931734,-71.04547181931734
2586.1100725269316,-71.04765919684068,-71.04765919684068
2586.120072526932,-71.04983895158526,-71.04983895158526
2586.1300725269316,-71.0520113557831,-71.0520113557831
2586.140072526932,-71.0541766763371,-71.0541766763371
2586.1500725269316,-71.05633517512561,-71.05633517512561
2586.160072526932,-71.05848710929327,-71.05848710929327
2586.1700725269316,-71.06063273155542,-71.06063273155542
2586.180072526932,-71.06277229044534,-71.06277229044534
2586.1900725269315,-71.0649060305904,-71.0649060305904
2586.2000725269318,-71.0670341929025,-71.0670341929025
2586.210072526932,-71.06915701476373,-71.06915701476373
2586.2200725269317,-71.07127473020256,-71.07127473020256
2586.230072526932,-71.07338757002798,-71.07338757002798
2586.2400725269317,-71.0754957619429,-71.0754957619429
2586.250072526932,-71.07759953065514,-71.07759953065514
2586.2600725269317,-71.07969909795061,-71.07969909795061
2586.270072526932,-71.081794682786,-71.081794682786
2586.2800725269317,-71.08388650133918,-71.08388650133918
2586.290072526932,-71.08597476706933,-71.08597476706933
2586.3000725269317,-71.08805969075411,-71.08805969075411
2586.310072526932,-71.09014148052724,-71.09014148052724
2586.3200725269317,-71.0922203419265,-71.0922203419265
2586.330072526932,-71.09429647790101,-71.09429647790101
2586.3400725269316,-71.09637008884725,-71.09637008884725
2586.350072526932,-71.0984413726311,-71.0984413726311
2586.3600725269316,-71.10051052461095,-71.10051052461095
2586.370072526932,-71.10257773764444,-71.10257773764444
2586.3800725269316,-71.10464320209883,-71.10464320209883
2586.390072526932,-71.10670710588887,-71.10670710588887
2586.4000725269316,-71.108769634463,-71.108769634463
2586.410072526932,-71.11083097082118,-71.11083097082118
2586.4200725269316,-71.11289129554565,-71.11289129554565
2586.430072526932,-71.11495078679077,-71.11495078679077
2586.4400725269315,-71.11700962030372,-71.11700962030372
2586.4500725269318,-71.11906796943367,-71.11906796943367
2586.460072526932,-71.12112600513785,-71.12112600513785
2586.4700725269317,-71.12318389601076,-71.12318389601076
2586.480072526932,-71.12524180826647,-71.12524180826647
2586.4900725269317,-71.12729990578192,-71.12729990578192
2586.500072526932,-71.129358350073,-71.129358350073
2586.5100725269317,-71.13141730034721,-71.13141730034721
2586.520072526932,-71.13347691348957,-71.13347691348957
2586.5300725269317,-71.13553734407793,-71.13553734407793
2586.540072526932,-71.13759874440527,-71.13759874440527
2586.5500725507736,-71.1396612693978,-71.1396612693978
2586.560072550774,-71.14172505698548,-71.14172505698548
2586.5700725507736,-71.14379025758898,-71.14379025758898
2586.580072550774,-71.14585701448043,-71.14585701448043
2586.5900725507736,-71.14792546871088,-71.14792546871088
2586.600072550774,-71.14999575914193,-71.14999575914193
2586.6100725507736,-71.15206802244425,-71.15206802244425
2586.620072550774,-71.15414239311659,-71.15414239311659
2586.6300725507735,-71.156219003501,-71.156219003501
2586.6400725507738,-71.15829798381357,-71.15829798381357
2586.6500725507735,-71.16037946214227,-71.16037946214227
2586.6600725507737,-71.16246356447026,-71.16246356447026
2586.6700725507735,-71.16455041471167,-71.16455041471167
2586.6800725507737,-71.16664013469806,-71.16664013469806
2586.6900725507735,-71.16873284422596,-71.16873284422596
2586.7000725507737,-71.17082866105486,-71.17082866105486
2586.7100725507735,-71.17292770092588,-71.17292770092588
2586.7200725507737,-71.17503007760591,-71.17503007760591
2586.7300725507735,-71.1771359028739,-71.1771359028739
2586.7400725507737,-71.17924528655676,-71.17924528655676
2586.7500725507734,-71.18135833654019,-71.18135833654019
2586.7600725507737,-71.18347515880632,-71.18347515880632
2586.7700725507734,-71.18559585742969,-71.18559585742969
2586.7800725507736,-71.18772053460917,-71.18772053460917
2586.7900725507734,-71.18984929068866,-71.18984929068866
2586.8000725507736,-71.19198222416723,-71.19198222416723
2586.810072550774,-71.19411943172719,-71.19411943172719
2586.8200725507736,-71.19626100825097,-71.19626100825097
2586.830072550774,-71.19840704684317,-71.19840704684317
2586.8400725507736,-71.2005576388387,-71.2005576388387
2586.850072550774,-71.20271287384587,-71.20271287384587
2586.8600725507736,-71.20487283975213,-71.20487283975213
2586.870072550774,-71.20703762272078,-71.20703762272078
2586.8800725507735,-71.20920730724953,-71.20920730724953
2586.8900725507738,-71.21138197617567,-71.21138197617567
2586.9000725507735,-71.21356171069193,-71.21356171069193
2586.9100725507737,-71.21574659036939,-71.21574659036939
2586.9200725507735,-71.21793669315859,-71.21793669315859
2586.9300725507737,-71.22013209544919,-71.22013209544919
2586.9400725507735,-71.22233287204804,-71.22233287204804
2586.9500725507737,-71.22453909622824,-71.22453909622824
2586.9600725507735,-71.22674463144699,-71.22674463144699
2586.9700725507737,-71.22894683069387,-71.22894683069387
2586.9800725507735,-71.23114444151884,-71.23114444151884
2586.9900725507737,-71.23333685658879,-71.23333685658879
2587.0000725507734,-71.23552382752156,-71.23552382752156
2587.0100725507737,-71.23770531616667,-71.23770531616667
2587.0200725507734,-71.23988140736864,-71.23988140736864
2587.0300725507736,-71.24205225656053,-71.24205225656053
2587.0400725507734,-71.24421805818578,-71.24421805818578
2587.0500725507736,-71.2463790267989,-71.2463790267989
2587.060072550774,-71.24853538578394,-71.24853538578394
2587.0700725507736,-71.25068736072866,-71.25068736072866
2587.080072550774,-71.25283517566538,-71.25283517566538
2587.0900725507736,-71.25497905097096,-71.25497905097096
2587.100072550774,-71.25711920236841,-71.25711920236841
2587.1100725507736,-71.25925584053256,-71.25925584053256
2587.120072550774,-71.2613891710416,-71.2613891710416
2587.1300725507735,-71.26351939454945,-71.26351939454945
2587.1400725507738,-71.265646707025,-71.265646707025
2587.1500725507735,-71.26777130008179,-71.26777130008179
2587.1600725507737,-71.26989336127629,-71.26989336127629
2587.1700725507735,-71.27201307440811,-71.27201307440811
2587.1800725507737,-71.27413061979424,-71.27413061979424
2587.1900725507735,-71.27624617452167,-71.27624617452167
2587.2000725507737,-71.27835991265952,-71.27835991265952
2587.2100725507735,-71.28047200545456,-71.28047200545456
2587.2200725507737,-71.28258262150146,-71.28258262150146
2587.2300725507735,-71.28469192687497,-71.28469192687497
2587.2400725507737,-71.28680008525355,-71.28680008525355
2587.2500725507734,-71.28890725803262,-71.28890725803262
2587.2600725507737,-71.29101360440303,-71.29101360440303
2587.2700725507734,-71.29311928142516,-71.29311928142516
2587.2800725507736,-71.29522444410632,-71.29522444410632
2587.2900725507734,-71.29732924542407,-71.29732924542407
2587.3000725507736,-71.29943383639548,-71.29943383639548
2587.310072550774,-71.30153836611974,-71.30153836611974
2587.3200725507736,-71.30364298177956,-71.30364298177956
2587.330072550774,-71.30574782869584,-71.30574782869584
2587.3400725507736,-71.30785305033902,-71.30785305033902
2587.350072550774,-71.30995878834659,-71.30995878834659
2587.3600725507736,-71.31206518254615,-71.31206518254615
2587.370072550774,-71.31417237095675,-71.31417237095675
2587.3800725507735,-71.31628048981702,-71.31628048981702
2587.3900725507738,-71.31838967357653,-71.31838967357653
2587.4000725746155,-71.32050005995028,-71.32050005995028
2587.4100725746157,-71.32261176982526,-71.32261176982526
2587.4200725746155,-71.32472493737933,-71.32472493737933
2587.4300725746157,-71.3268396900481,-71.3268396900481
2587.4400725746154,-71.32895615351998,-71.32895615351998
2587.4500725746157,-71.33107445173498,-71.33107445173498
2587.4600725746154,-71.33319470692848,-71.33319470692848
2587.4700725746156,-71.33531703959848,-71.33531703959848
2587.4800725746154,-71.33744156854603,-71.33744156854603
2587.4900725746156,-71.33956841084432,-71.33956841084432
2587.5000725746154,-71.34169768187658,-71.34169768187658
2587.5100725746156,-71.34382949532718,-71.34382949532718
2587.5200725746154,-71.34596396320306,-71.34596396320306
2587.5300725746156,-71.34810119581489,-71.34810119581489
2587.5400725746154,-71.3502413018127,-71.3502413018127
2587.5500725746156,-71.35238438818986,-71.35238438818986
2587.5600725746153,-71.35453056026934,-71.35453056026934
2587.5700725746156,-71.35667992172769,-71.35667992172769
2587.5800725746153,-71.35883257461266,-71.35883257461266
2587.5900725746155,-71.36098861933964,-71.36098861933964
2587.6000725746153,-71.3631481547013,-71.3631481547013
2587.6100725746155,-71.36531127788528,-71.36531127788528
2587.6200725746153,-71.36747808448224,-71.36747808448224
2587.6300725746155,-71.36964866847839,-71.36964866847839
2587.6400725746153,-71.37182312229875,-71.37182312229875
2587.6500725746155,-71.37400153679273,-71.37400153679273
2587.6600725746157,-71.37618400126267,-71.37618400126267
2587.6700725746155,-71.37837060345846,-71.37837060345846
2587.6800725746157,-71.38056142959569,-71.38056142959569
2587.6900725746154,-71.38275656438356,-71.38275656438356
2587.7000725746157,-71.38495609101038,-71.38495609101038
2587.7100725746154,-71.38716009115899,-71.38716009115899
2587.7200725746156,-71.38936864505521,-71.38936864505521
2587.7300725746154,-71.3915818314282,-71.3915818314282
2587.7400725746156,-71.39379972757388,-71.39379972757388
2587.7500725746154,-71.39602240931782,-71.39602240931782
2587.7600725746156,-71.39824995107118,-71.39824995107118
2587.7700725746154,-71.40048242582124,-71.40048242582124
2587.7800725746156,-71.40271990515593,-71.40271990515593
2587.7900725746154,-71.40496245926441,-71.40496245926441
2587.8000725746156,-71.40721015696367,-71.40721015696367
2587.8100725746153,-71.40946306569964,-71.40946306569964
2587.8200725746156,-71.41172125157973,-71.41172125157973
2587.8300725746153,-71.41398477936595,-71.41398477936595
2587.8400725746155,-71.41625371249982,-71.41625371249982
2587.8500725746153,-71.41852811311907,-71.41852811311907
2587.8600725746155,-71.42080804206017,-71.42080804206017
2587.8700725746153,-71.42309355888572,-71.42309355888572
2587.8800725746155,-71.42538472187888,-71.42538472187888
2587.8900725746153,-71.42768158809852,-71.42768158809852
2587.9000725746155,-71.42998421332909,-71.42998421332909
2587.9100725746157,-71.43229265215935,-71.43229265215935
2587.9200725746155,-71.43460695795119,-71.43460695795119
2587.9300725746157,-71.4369271828778,-71.4369271828778
2587.9400725746154,-71.43925337793296,-71.43925337793296
2587.9500725746157,-71.44158559293211,-71.44158559293211
2587.9600725746154,-71.44392387654824,-71.44392387654824
2587.9700725746156,-71.44626827630995,-71.44626827630995
2587.9800725746154,-71.4486188386094,-71.4486188386094
2587.9900725746156,-71.45097560873417,-71.45097560873417
2588.0000725746154,-71.45333863087359,-71.45333863087359
2588.0100725746156,-71.45570794813557,-71.45570794813557
2588.0200725746154,-71.45808360254469,-71.45808360254469
2588.0300725746156,-71.46046563507348,-71.46046563507348
2588.0400725746154,-71.46285408565211,-71.46285408565211
2588.0500725746156,-71.46524899317704,-71.46524899317704
2588.0600725746153,-71.46765039552244,-71.46765039552244
2588.0700725746156,-71.47005832955323,-71.47005832955323
2588.0800725746153,-71.47247283115611,-71.47247283115611
2588.0900725746155,-71.47489393523058,-71.47489393523058
2588.1000725746153,-71.47732167572123,-71.47732167572123
2588.1100725746155,-71.47975608559713,-71.47975608559713
2588.1200725746153,-71.48219719690323,-71.48219719690323
2588.1300725746155,-71.48464504075136,-71.48464504075136
2588.1400725746153,-71.48709964734174,-71.48709964734174
2588.1500725746155,-71.48956104596648,-71.48956104596648
2588.1600725746157,-71.49202926503291,-71.49202926503291
2588.1700725746155,-71.49450433206695,-71.49450433206695
2588.1800725746157,-71.49698627372686,-71.49698627372686
2588.1900725746154,-71.4994751158125,-71.4994751158125
2588.2000725746157,-71.50197088329523,-71.50197088329523
2588.2100725746154,-71.50447360030438,-71.50447360030438
2588.2200725746156,-71.50698329015601,-71.50698329015601
2588.2300725746154,-71.50949997535021,-71.50949997535021
2588.2400725746156,-71.51202367759834,-71.51202367759834
2588.2500725984573,-71.51455442385776,-71.51455442385776
2588.2600725984576,-71.51709222224669,-71.51709222224669
2588.2700725984573,-71.51963709815323,-71.51963709815323
2588.2800725984575,-71.52218907021627,-71.52218907021627
2588.2900725984573,-71.52474815633781,-71.52474815633781
2588.3000725984575,-71.5273143736846,-71.5273143736846
2588.3100725984573,-71.5298877387088,-71.5298877387088
2588.3200725984575,-71.53246826715313,-71.53246826715313
2588.3300725984573,-71.53505597405554,-71.53505597405554
2588.3400725984575,-71.53765087377107,-71.53765087377107
2588.3500725984572,-71.54025297997718,-71.54025297997718
2588.3600725984575,-71.54286230568817,-71.54286230568817
2588.370072598457,-71.54547886325197,-71.54547886325197
2588.3800725984574,-71.54810266437524,-71.54810266437524
2588.390072598457,-71.55073372012407,-71.55073372012407
2588.4000725984574,-71.55337204093023,-71.55337204093023
2588.410072598457,-71.55601763661657,-71.55601763661657
2588.4200725984574,-71.55867051639298,-71.55867051639298
2588.430072598457,-71.56133068886524,-71.56133068886524
2588.4400725984574,-71.56399816205396,-71.56399816205396
2588.450072598457,-71.56667294339056,-71.56667294339056
2588.4600725984574,-71.56935503974157,-71.56935503974157
2588.470072598457,-71.57204445741108,-71.57204445741108
2588.4800725984574,-71.57474120212709,-71.57474120212709
2588.490072598457,-71.5774452790917,-71.5774452790917
2588.5000725984573,-71.58015669296304,-71.58015669296304
2588.5100725984576,-71.58287544786911,-71.58287544786911
2588.5200725984573,-71.5856015474064,-71.5856015474064
2588.5300725984575,-71.5883349946731,-71.5883349946731
2588.5400725984573,-71.59107579225032,-71.59107579225032
2588.5500725984575,-71.59382394223098,-71.59382394223098
2588.5600725984573,-71.59657944621158,-71.59657944621158
2588.5700725984575,-71.59934230530685,-71.59934230530685
2588.5800725984573,-71.60211252015932,-71.60211252015932
2588.5900725984575,-71.60489009093838,-71.60489009093838
2588.6000725984572,-71.60767501737263,-71.60767501737263
2588.6100725984575,-71.61046729871231,-71.61046729871231
2588.620072598457,-71.61326693378089,-71.61326693378089
2588.6300725984574,-71.6160739209611,-71.6160739209611
2588.640072598457,-71.61888825821764,-71.61888825821764
2588.6500725984574,-71.62170994305932,-71.62170994305932
2588.660072598457,-71.6245389726087,-71.6245389726087
2588.6700725984574,-71.62737534357035,-71.62737534357035
2588.680072598457,-71.6302190522362,-71.6302190522362
2588.6900725984574,-71.63307009451299,-71.63307009451299
2588.700072598457,-71.63592846591673,-71.63592846591673
2588.7100725984574,-71.63879416158032,-71.63879416158032
2588.720072598457,-71.6416671762478,-71.6416671762478
2588.7300725984574,-71.64454750431024,-71.64454750431024
2588.740072598457,-71.64743513978682,-71.64743513978682
2588.7500725984573,-71.65033007633191,-71.65033007633191
2588.7600725984576,-71.65323230725872,-71.65323230725872
2588.7700725984573,-71.65614182553068,-71.65614182553068
2588.7800725984575,-71.65905862376542,-71.65905862376542
2588.7900725984573,-71.66198269424696,-71.66198269424696
2588.8000725984575,-71.66491402894118,-71.66491402894118
2588.8100725984573,-71.66785261948242,-71.66785261948242
2588.8200725984575,-71.67079845717485,-71.67079845717485
2588.8300725984573,-71.67375153304192,-71.67375153304192
2588.8400725984575,-71.67671183776623,-71.67671183776623
2588.8500725984572,-71.67967936175292,-71.67967936175292
2588.8600725984575,-71.68265409509485,-71.68265409509485
2588.870072598457,-71.68563602761171,-71.68563602761171
2588.8800725984574,-71.68862514881506,-71.68862514881506
2588.890072598457,-71.69162144794666,-71.69162144794666
2588.9000725984574,-71.6946249139728,-71.6946249139728
2588.910072598457,-71.6976355355963,-71.6976355355963
2588.9200725984574,-71.70065330123919,-71.70065330123919
2588.930072598457,-71.70367819906845,-71.70367819906845
2588.9400725984574,-71.70671021699178,-71.70671021699178
2588.950072598457,-71.70974934266711,-71.70974934266711
2588.9600725984574,-71.71278931012053,-71.71278931012053
2588.970072598457,-71.71582736749791,-71.71582736749791
2588.9800725984574,-71.7188621680061,-71.7188621680061
2588.990072598457,-71.72189301537546,-71.72189301537546
2589.0000725984573,-71.72491957580507,-71.72491957580507
2589.0100725984576,-71.7279417283077,-71.7279417283077
2589.0200725984573,-71.73095947695381,-71.73095947695381
2589.0300725984575,-71.73397289813542,-71.73397289813542
2589.0400725984573,-71.73698210883204,-71.73698210883204
2589.0500725984575,-71.73998724757853,-71.73998724757853
2589.0600725984573,-71.74298846310793,-71.74298846310793
2589.0700725984575,-71.74598590769502,-71.74598590769502
2589.0800725984573,-71.74897973332591,-71.74897973332591
2589.0900725984575,-71.75197008958772,-71.75197008958772
2589.100072622299,-71.75495712977092,-71.75495712977092
2589.1100726222994,-71.75794098195365,-71.75794098195365
2589.120072622299,-71.76092179166933,-71.76092179166933
2589.1300726222994,-71.7638996935444,-71.7638996935444
2589.140072622299,-71.76687481868865,-71.76687481868865
2589.1500726222994,-71.7698472949686,-71.7698472949686
2589.160072622299,-71.77281724729578,-71.77281724729578
2589.1700726222994,-71.7757847979217,-71.7757847979217
2589.180072622299,-71.77875006668621,-71.77875006668621
2589.1900726222993,-71.78171317124165,-71.78171317124165
2589.200072622299,-71.78467422727654,-71.78467422727654
2589.2100726222993,-71.78763334865484,-71.78763334865484
2589.220072622299,-71.79059064761243,-71.79059064761243
2589.2300726222993,-71.79354623484757,-71.79354623484757
2589.240072622299,-71.7965002196441,-71.7965002196441
2589.2500726222993,-71.79945270993973,-71.79945270993973
2589.260072622299,-71.8024038124432,-71.8024038124432
2589.2700726222993,-71.80535363263091,-71.80535363263091
2589.280072622299,-71.80830227486433,-71.80830227486433
2589.2900726222992,-71.8112498423732,-71.8112498423732
2589.300072622299,-71.81419643731124,-71.81419643731124
2589.3100726222992,-71.81714216078338,-71.81714216078338
2589.320072622299,-71.82008711285648,-71.82008711285648
2589.330072622299,-71.82303139256206,-71.82303139256206
2589.340072622299,-71.8259750979368,-71.8259750979368
2589.350072622299,-71.82891832599252,-71.82891832599252
2589.3600726222994,-71.83186117275903,-71.83186117275903
2589.370072622299,-71.83480373323637,-71.83480373323637
2589.3800726222994,-71.83774610144523,-71.83774610144523
2589.390072622299,-71.84068837038726,-71.84068837038726
2589.4000726222994,-71.84363063206843,-71.84363063206843
2589.410072622299,-71.8465729774791,-71.8465729774791
2589.4200726222994,-71.84951549659282,-71.84951549659282
2589.430072622299,-71.85245827838357,-71.85245827838357
2589.4400726222993,-71.85540141078623,-71.85540141078623
2589.450072622299,-71.85834498070815,-71.85834498070815
2589.4600726222993,-71.86128907403965,-71.86128907403965
2589.470072622299,-71.86423377563231,-71.86423377563231
2589.4800726222993,-71.86717916928745,-71.86717916928745
2589.490072622299,-71.87012533777556,-71.87012533777556
2589.5000726222993,-71.87307236282261,-71.87307236282261
2589.510072622299,-71.87602032510485,-71.87602032510485
2589.5200726222993,-71.87896930423757,-71.87896930423757
2589.530072622299,-71.88191937879668,-71.88191937879668
2589.5400726222992,-71.88487062629264,-71.88487062629264
2589.550072622299,-71.88782312317838,-71.88782312317838
2589.5600726222992,-71.89077694485428,-71.89077694485428
2589.570072622299,-71.89373216565716,-71.89373216565716
2589.580072622299,-71.89668885888227,-71.89668885888227
2589.590072622299,-71.89964709674341,-71.89964709674341
2589.600072622299,-71.90260695040621,-71.90260695040621
2589.6100726222994,-71.9055684899878,-71.9055684899878
2589.620072622299,-71.90853178453449,-71.90853178453449
2589.6300726222994,-71.91149690206454,-71.91149690206454
2589.640072622299,-71.91446390952554,-71.91446390952554
2589.6500726222994,-71.91743287282655,-71.91743287282655
2589.660072622299,-71.92040385684038,-71.92040385684038
2589.6700726222994,-71.9233769253818,-71.9233769253818
2589.680072622299,-71.92635214124086,-71.92635214124086
2589.6900726222993,-71.92932956618084,-71.92932956618084
2589.700072622299,-71.9323092609287,-71.9323092609287
2589.7100726222993,-71.93529128518658,-71.93529128518658
2589.720072622299,-71.93827569766071,-71.93827569766071
2589.7300726222993,-71.94126255602669,-71.94126255602669
2589.740072622299,-71.944251916951,-71.944251916951
2589.7500726222993,-71.94724383612002,-71.94724383612002
2589.760072622299,-71.95023836821214,-71.95023836821214
2589.7700726222993,-71.9532355669245,-71.9532355669245
2589.780072622299,-71.95623548498011,-71.95623548498011
2589.7900726222992,-71.95923817411541,-71.95923817411541
2589.800072622299,-71.962243685113,-71.962243685113
2589.8100726222992,-71.96525206778789,-71.96525206778789
2589.820072622299,-71.96826337101228,-71.96826337101228
2589.830072622299,-71.97127764271163,-71.97127764271163
2589.840072622299,-71.97429492988624,-71.97429492988624
2589.850072622299,-71.9773152785829,-71.9773152785829
2589.8600726222994,-71.98033873395596,-71.98033873395596
2589.870072622299,-71.98336534023294,-71.98336534023294
2589.8800726222994,-71.9863951407436,-71.9863951407436
2589.890072622299,-71.98942817792539,-71.98942817792539
2589.9000726222994,-71.99246449332693,-71.99246449332693
2589.910072622299,-71.99550412762373,-71.99550412762373
2589.9200726222994,-71.99854712060974,-71.99854712060974
2589.930072622299,-72.00159351123213,-72.00159351123213
2589.9400726222993,-72.00464333758103,-72.00464333758103
2589.950072646141,-72.00769664418107,-72.00769664418107
2589.9600726461413,-72.0107534529087,-72.0107534529087
2589.970072646141,-72.01381380661257,-72.01381380661257
2589.9800726461413,-72.01687774006366,-72.01687774006366
2589.990072646141,-72.01994528723105,-72.01994528723105
2590.0000726461412,-72.02301648128045,-72.02301648128045
2590.010072646141,-72.0260913546015,-72.0260913546015
2590.020072646141,-72.02916993877966,-72.02916993877966
2590.030072646141,-72.03225226464681,-72.03225226464681
2590.040072646141,-72.0353383622688,-72.0353383622688
2590.050072646141,-72.03842826096246,-72.03842826096246
2590.060072646141,-72.04152198928492,-72.04152198928492
2590.070072646141,-72.04461957507336,-72.04461957507336
2590.080072646141,-72.0477210454245,-72.0477210454245
2590.090072646141,-72.05082642673507,-72.05082642673507
2590.100072646141,-72.05393574467529,-72.05393574467529
2590.110072646141,-72.05704902423119,-72.05704902423119
2590.120072646141,-72.0601662896869,-72.0601662896869
2590.130072646141,-72.06328756464139,-72.06328756464139
2590.140072646141,-72.06641287202625,-72.06641287202625
2590.150072646141,-72.06954223410867,-72.06954223410867
2590.160072646141,-72.0726756724958,-72.0726756724958
2590.170072646141,-72.07581320814707,-72.07581320814707
2590.180072646141,-72.07895486137907,-72.07895486137907
2590.190072646141,-72.08210065188757,-72.08210065188757
2590.200072646141,-72.0852505987363,-72.0852505987363
2590.2100726461413,-72.08840472037967,-72.08840472037967
2590.220072646141,-72.09156303466091,-72.09156303466091
2590.2300726461413,-72.0947255588258,-72.0947255588258
2590.240072646141,-72.097892309538,-72.097892309538
2590.2500726461412,-72.10106330287357,-72.10106330287357
2590.260072646141,-72.10423855433412,-72.10423855433412
2590.270072646141,-72.10741807885681,-72.10741807885681
2590.280072646141,-72.11060189082218,-72.11060189082218
2590.290072646141,-72.11379000405756,-72.11379000405756
2590.300072646141,-72.11698243185921,-72.11698243185921
2590.310072646141,-72.12017918697481,-72.12017918697481
2590.320072646141,-72.12338028163308,-72.12338028163308
2590.330072646141,-72.12658572753682,-72.12658572753682
2590.340072646141,-72.12979553588994,-72.12979553588994
2590.350072646141,-72.13300971737551,-72.13300971737551
2590.360072646141,-72.13622828219474,-72.13622828219474
2590.370072646141,-72.13945124004691,-72.13945124004691
2590.380072646141,-72.1426786001584,-72.1426786001584
2590.390072646141,-72.14591037127582,-72.14591037127582
2590.400072646141,-72.14914656167842,-72.14914656167842
2590.410072646141,-72.1523871791759,-72.1523871791759
2590.420072646141,-72.15563223113494,-72.15563223113494
2590.430072646141,-72.15888172447613,-72.15888172447613
2590.440072646141,-72.16213566567221,-72.16213566567221
2590.450072646141,-72.16539406075465,-72.16539406075465
2590.4600726461413,-72.16865691534143,-72.16865691534143
2590.470072646141,-72.17192423461331,-72.17192423461331
2590.4800726461413,-72.17519602336252,-72.17519602336252
2590.490072646141,-72.17847228594748,-72.17847228594748
2590.5000726461412,-72.18175302633028,-72.18175302633028
2590.510072646141,-72.18503824808717,-72.18503824808717
2590.520072646141,-72.1883279543906,-72.1883279543906
2590.530072646141,-72.1916221480484,-72.1916221480484
2590.540072646141,-72.19492083147001,-72.19492083147001
2590.550072646141,-72.1982240067105,-72.1982240067105
2590.560072646141,-72.20153167544261,-72.20153167544261
2590.570072646141,-72.20484383899816,-72.20484383899816
2590.580072646141,-72.2081604983352,-72.2081604983352
2590.590072646141,-72.21148165407389,-72.21148165407389
2590.600072646141,-72.21480730649193,-72.21480730649193
2590.610072646141,-72.21813745553185,-72.21813745553185
2590.620072646141,-72.22147210079592,-72.22147210079592
2590.630072646141,-72.22481124156208,-72.22481124156208
2590.640072646141,-72.22815487678946,-72.22815487678946
2590.650072646141,-72.23150300511865,-72.23150300511865
2590.660072646141,-72.23485562488445,-72.23485562488445
2590.670072646141,-72.23821273411164,-72.23821273411164
2590.680072646141,-72.24157433052306,-72.24157433052306
2590.690072646141,-72.24494041154975,-72.24494041154975
2590.700072646141,-72.24831097432772,-72.24831097432772
2590.7100726461413,-72.25168601571005,-72.25168601571005
2590.720072646141,-72.25506553226589,-72.25506553226589
2590.7300726461413,-72.25844952029045,-72.25844952029045
2590.740072646141,-72.26183797580424,-72.26183797580424
2590.7500726461412,-72.26523089456542,-72.26523089456542
2590.760072646141,-72.2686282720634,-72.2686282720634
2590.770072646141,-72.27203010353065,-72.27203010353065
2590.780072646141,-72.2754363839468,-72.2754363839468
2590.790072646141,-72.27884710804882,-72.27884710804882
2590.800072669983,-72.2822622784461,-72.2822622784461
2590.810072669983,-72.2856818731439,-72.2856818731439
2590.820072669983,-72.28910589425149,-72.28910589425149
2590.830072669983,-72.29253433554774,-72.29253433554774
2590.840072669983,-72.29596719058361,-72.29596719058361
2590.850072669983,-72.29940445267547,-72.29940445267547
2590.860072669983,-72.30284611492824,-72.30284611492824
2590.870072669983,-72.30629217022394,-72.30629217022394
2590.880072669983,-72.30974261124149,-72.30974261124149
2590.890072669983,-72.31319743043005,-72.31319743043005
2590.900072669983,-72.31665662005835,-72.31665662005835
2590.910072669983,-72.32012017217403,-72.32012017217403
2590.920072669983,-72.3235880786339,-72.3235880786339
2590.930072669983,-72.32706033110317,-72.32706033110317
2590.940072669983,-72.33053692105455,-72.33053692105455
2590.950072669983,-72.33401783976907,-72.33401783976907
2590.9600726699828,-72.33749676777829,-72.33749676777829
2590.970072669983,-72.34097092980728,-72.34097092980728
2590.9800726699827,-72.34443896767512,-72.34443896767512
2590.990072669983,-72.34790017929265,-72.34790017929265
2591.0000726699827,-72.3513542281593,-72.3513542281593
2591.010072669983,-72.35480099252423,-72.35480099252423
2591.0200726699827,-72.35824047688979,-72.35824047688979
2591.030072669983,-72.36167275891866,-72.36167275891866
2591.0400726699827,-72.36509795746119,-72.36509795746119
2591.050072669983,-72.36851621335255,-72.36851621335255
2591.060072669983,-72.3719276780159,-72.3719276780159
2591.070072669983,-72.37533250669064,-72.37533250669064
2591.080072669983,-72.378730854606,-72.378730854606
2591.090072669983,-72.38212287484316,-72.38212287484316
2591.100072669983,-72.3855087172693,-72.3855087172693
2591.110072669983,-72.38888852810906,-72.38888852810906
2591.120072669983,-72.39226244986799,-72.39226244986799
2591.130072669983,-72.39563062145591,-72.39563062145591
2591.140072669983,-72.39899317842735,-72.39899317842735
2591.150072669983,-72.40235025325546,-72.40235025325546
2591.160072669983,-72.40570197560955,-72.40570197560955
2591.170072669983,-72.40904847264663,-72.40904847264663
2591.180072669983,-72.41238986923767,-72.41238986923767
2591.190072669983,-72.41572628822829,-72.41572628822829
2591.200072669983,-72.41905785058042,-72.41905785058042
2591.2100726699828,-72.42238467560155,-72.42238467560155
2591.220072669983,-72.42570688104635,-72.42570688104635
2591.2300726699827,-72.42902458324734,-72.42902458324734
2591.240072669983,-72.43233789722453,-72.43233789722453
2591.2500726699827,-72.43564693677588,-72.43564693677588
2591.260072669983,-72.43895181452122,-72.43895181452122
2591.2700726699827,-72.4422526419805,-72.4422526419805
2591.280072669983,-72.44554952960492,-72.44554952960492
2591.2900726699827,-72.44884258681824,-72.44884258681824
2591.300072669983,-72.45213192204251,-72.45213192204251
2591.310072669983,-72.45541764271952,-72.45541764271952
2591.320072669983,-72.45869985533027,-72.45869985533027
2591.330072669983,-72.46197866538193,-72.46197866538193
2591.340072669983,-72.4652541774614,-72.4652541774614
2591.350072669983,-72.46852649518237,-72.46852649518237
2591.360072669983,-72.4717957212358,-72.4717957212358
2591.370072669983,-72.4750619573411,-72.4750619573411
2591.380072669983,-72.47832530429899,-72.47832530429899
2591.390072669983,-72.48158586193121,-72.48158586193121
2591.400072669983,-72.48484372911776,-72.48484372911776
2591.410072669983,-72.4880990037726,-72.4880990037726
2591.420072669983,-72.49135178283747,-72.49135178283747
2591.430072669983,-72.4946021622813,-72.4946021622813
2591.440072669983,-72.4978502370959,-72.4978502370959
2591.450072669983,-72.50109610127787,-72.50109610127787
2591.4600726699828,-72.50433984784218,-72.50433984784218
2591.470072669983,-72.50758156878338,-72.50758156878338
2591.4800726699827,-72.51082135510946,-72.51082135510946
2591.490072669983,-72.51405929681432,-72.51405929681432
2591.5000726699827,-72.51729548286951,-72.51729548286951
2591.510072669983,-72.52053000122899,-72.52053000122899
2591.5200726699827,-72.52376293882526,-72.52376293882526
2591.530072669983,-72.52699438155555,-72.52699438155555
2591.5400726699827,-72.53022441429688,-72.53022441429688
2591.550072669983,-72.53345312088108,-72.53345312088108
2591.560072669983,-72.53668058410778,-72.53668058410778
2591.570072669983,-72.53990688573835,-72.53990688573835
2591.580072669983,-72.54313210649543,-72.54313210649543
2591.590072669983,-72.5463563260613,-72.5463563260613
2591.600072669983,-72.54957962307132,-72.54957962307132
2591.610072669983,-72.55280207513017,-72.55280207513017
2591.620072669983,-72.55602375879289,-72.55602375879289
2591.630072669983,-72.5592447495797,-72.5592447495797
2591.640072669983,-72.56246512197787,-72.56246512197787
2591.6500726938248,-72.56568495710466,-72.56568495710466
2591.660072693825,-72.56890431203921,-72.56890431203921
2591.6700726938247,-72.57212326582709,-72.57212326582709
2591.680072693825,-72.57534188883027,-72.57534188883027
2591.6900726938247,-72.5785602503726,-72.5785602503726
2591.700072693825,-72.5817784187723,-72.5817784187723
2591.7100726938247,-72.58499646132685,-72.58499646132685
2591.720072693825,-72.58821444431827,-72.58821444431827
2591.7300726938247,-72.59143243302468,-72.59143243302468
2591.740072693825,-72.5946504917254,-72.5946504917254
2591.7500726938247,-72.59786868369959,-72.59786868369959
2591.760072693825,-72.60108707123005,-72.60108707123005
2591.7700726938247,-72.60430571562307,-72.60430571562307
2591.780072693825,-72.60752467719728,-72.60752467719728
2591.7900726938246,-72.61074401531643,-72.61074401531643
2591.800072693825,-72.6139637883627,-72.6139637883627
2591.8100726938246,-72.61718405375738,-72.61718405375738
2591.820072693825,-72.62040486798828,-72.62040486798828
2591.8300726938246,-72.6236262865754,-72.6236262865754
2591.840072693825,-72.62684836410888,-72.62684836410888
2591.8500726938246,-72.63007115425833,-72.63007115425833
2591.860072693825,-72.6332947097489,-72.6332947097489
2591.8700726938246,-72.63651908241047,-72.63651908241047
2591.880072693825,-72.63974432315395,-72.63974432315395
2591.8900726938245,-72.64297048200089,-72.64297048200089
2591.9000726938248,-72.64619760807344,-72.64619760807344
2591.910072693825,-72.64942574960486,-72.64942574960486
2591.9200726938247,-72.65265495396937,-72.65265495396937
2591.930072693825,-72.65588526766649,-72.65588526766649
2591.9400726938247,-72.65911673633194,-72.65911673633194
2591.950072693825,-72.66234940475574,-72.66234940475574
2591.9600726938247,-72.66558331688185,-72.66558331688185
2591.970072693825,-72.66881851583403,-72.66881851583403
2591.9800726938247,-72.67205504389875,-72.67205504389875
2591.990072693825,-72.67529294255166,-72.67529294255166
2592.0000726938247,-72.67853225245943,-72.67853225245943
2592.010072693825,-72.68177301349496,-72.68177301349496
2592.0200726938247,-72.68501526473811,-72.68501526473811
2592.030072693825,-72.68825904447797,-72.68825904447797
2592.0400726938246,-72.69150439025069,-72.69150439025069
2592.050072693825,-72.69475133880294,-72.69475133880294
2592.0600726938246,-72.69799992615248,-72.69799992615248
2592.070072693825,-72.70125018755515,-72.70125018755515
2592.0800726938246,-72.70450215753212,-72.70450215753212
2592.090072693825,-72.7077558698816,-72.7077558698816
2592.1000726938246,-72.7110113576742,-72.7110113576742
2592.110072693825,-72.71426865326234,-72.71426865326234
2592.1200726938246,-72.71752778830853,-72.71752778830853
2592.130072693825,-72.72078879376959,-72.72078879376959
2592.1400726938245,-72.72405169992655,-72.72405169992655
2592.1500726938248,-72.72731653637543,-72.72731653637543
2592.160072693825,-72.73058333204116,-72.73058333204116
2592.1700726938247,-72.73385211519982,-72.73385211519982
2592.180072693825,-72.73712291345412,-72.73712291345412
2592.1900726938247,-72.74039575378177,-72.74039575378177
2592.200072693825,-72.74367066250849,-72.74367066250849
2592.2100726938247,-72.7469476653489,-72.7469476653489
2592.220072693825,-72.75022678738674,-72.75022678738674
2592.2300726938247,-72.75350805309547,-72.75350805309547
2592.240072693825,-72.75679148634222,-72.75679148634222
2592.2500726938247,-72.76007711039776,-72.76007711039776
2592.260072693825,-72.76336494796138,-72.76336494796138
2592.2700726938247,-72.76665502113518,-72.76665502113518
2592.280072693825,-72.76994735144781,-72.76994735144781
2592.2900726938246,-72.77324195987813,-72.77324195987813
2592.300072693825,-72.77653886683822,-72.77653886683822
2592.3100726938246,-72.77983809218624,-72.77983809218624
2592.320072693825,-72.78313965524885,-72.78313965524885
2592.3300726938246,-72.78644357481386,-72.78644357481386
2592.340072693825,-72.7897498691475,-72.7897498691475
2592.3500726938246,-72.79305855598965,-72.79305855598965
2592.360072693825,-72.79636965256553,-72.79636965256553
2592.3700726938246,-72.7996831756119,-72.7996831756119
2592.380072693825,-72.80299914134528,-72.80299914134528
2592.3900726938245,-72.80631756550821,-72.80631756550821
2592.4000726938248,-72.8096384633473,-72.8096384633473
2592.410072693825,-72.81296184963934,-72.81296184963934
2592.4200726938247,-72.81628773870021,-72.81628773870021
2592.430072693825,-72.81961614436241,-72.81961614436241
2592.4400726938247,-72.82294708001987,-72.82294708001987
2592.450072693825,-72.82628055860411,-72.82628055860411
2592.4600726938247,-72.82961659259983,-72.82961659259983
2592.470072693825,-72.83295519407012,-72.83295519407012
2592.4800726938247,-72.83629637463116,-72.83629637463116
2592.490072693825,-72.83964014549414,-72.83964014549414
2592.5000727176666,-72.84298652540316,-72.84298652540316
2592.510072717667,-72.84633550880939,-72.84633550880939
2592.5200727176666,-72.84968711362706,-72.84968711362706
2592.530072717667,-72.85304134941833,-72.85304134941833
2592.5400727176666,-72.85639822536469,-72.85639822536469
2592.550072717667,-72.85975775024257,-72.85975775024257
2592.5600727176666,-72.86311993245451,-72.86311993245451
2592.570072717667,-72.86648478002802,-72.86648478002802
2592.5800727176666,-72.86985230061815,-72.86985230061815
2592.5900727176668,-72.87322250151728,-72.87322250151728
2592.6000727176665,-72.87659538965372,-72.87659538965372
2592.6100727176668,-72.87997097160856,-72.87997097160856
2592.6200727176665,-72.88334925360911,-72.88334925360911
2592.6300727176667,-72.88673024153223,-72.88673024153223
2592.6400727176665,-72.89011394094055,-72.89011394094055
2592.6500727176667,-72.89350035704311,-72.89350035704311
2592.6600727176665,-72.89688949473111,-72.89688949473111
2592.6700727176667,-72.90028135856592,-72.90028135856592
2592.6800727176665,-72.90367595280138,-72.90367595280138
2592.6900727176667,-72.90707328137096,-72.90707328137096
2592.7000727176664,-72.91047334790592,-72.91047334790592
2592.7100727176667,-72.9138761557301,-72.9138761557301
2592.7200727176664,-72.91728170787911,-72.91728170787911
2592.7300727176666,-72.920690007097,-72.920690007097
2592.7400727176664,-72.92410105581482,-72.92410105581482
2592.7500727176666,-72.92751485620656,-72.92751485620656
2592.760072717667,-72.93093141015741,-72.93093141015741
2592.7700727176666,-72.9343507192768,-72.9343507192768
2592.780072717667,-72.93777278490643,-72.93777278490643
2592.7900727176666,-72.94119760812046,-72.94119760812046
2592.800072717667,-72.94462518973067,-72.94462518973067
2592.8100727176666,-72.94805553029765,-72.94805553029765
2592.820072717667,-72.95148863012076,-72.95148863012076
2592.8300727176666,-72.95492448925056,-72.95492448925056
2592.8400727176668,-72.95836310749348,-72.95836310749348
2592.8500727176665,-72.96180448443096,-72.96180448443096
2592.8600727176668,-72.96524861938343,-72.96524861938343
2592.8700727176665,-72.96869551144475,-72.96869551144475
2592.8800727176667,-72.97214515948295,-72.97214515948295
2592.8900727176665,-72.9755975621453,-72.9755975621453
2592.9000727176667,-72.97905271784923,-72.97905271784923
2592.9100727176665,-72.98251062480702,-72.98251062480702
2592.9200727176667,-72.98597128099055,-72.98597128099055
2592.9300727176665,-72.98943468419078,-72.98943468419078
2592.9400727176667,-72.99290083197067,-72.99290083197067
2592.9500727176664,-72.99636972170397,-72.99636972170397
2592.9600727176667,-72.99984135055357,-72.99984135055357
2592.9700727176664,-73.00331571549364,-73.00331571549364
2592.9800727176666,-73.00679281328915,-73.00679281328915
2592.9900727176664,-73.01027264053651,-73.01027264053651
2593.0000727176666,-73.01375519363502,-73.01375519363502
2593.010072717667,-73.01724046879451,-73.01724046879451
2593.0200727176666,-73.02072846206204,-73.02072846206204
2593.030072717667,-73.02421916927906,-73.02421916927906
2593.0400727176666,-73.02771258613812,-73.02771258613812
2593.050072717667,-73.03120870814857,-73.03120870814857
2593.0600727176666,-73.03470753065643,-73.03470753065643
2593.070072717667,-73.0382090488371,-73.0382090488371
2593.0800727176666,-73.04171325771283,-73.04171325771283
2593.0900727176668,-73.04522015213306,-73.04522015213306
2593.1000727176665,-73.04872972680225,-73.04872972680225
2593.1100727176668,-73.05224197626467,-73.05224197626467
2593.1200727176665,-73.05575689491258,-73.05575689491258
2593.1300727176667,-73.0592744769977,-73.0592744769977
2593.1400727176665,-73.06279471662151,-73.06279471662151
2593.1500727176667,-73.06631760774084,-73.06631760774084
2593.1600727176665,-73.06984314417251,-73.06984314417251
2593.1700727176667,-73.07337131959196,-73.07337131959196
2593.1800727176665,-73.07690212755038,-73.07690212755038
2593.1900727176667,-73.08043556145476,-73.08043556145476
2593.2000727176664,-73.08397161458585,-73.08397161458585
2593.2100727176667,-73.08751028009952,-73.08751028009952
2593.2200727176664,-73.09105155101845,-73.09105155101845
2593.2300727176666,-73.09459542025242,-73.09459542025242
2593.2400727176664,-73.0981418805754,-73.0981418805754
2593.2500727176666,-73.1016909246582,-73.1016909246582
2593.260072717667,-73.1052425450544,-73.1052425450544
2593.2700727176666,-73.10879673419129,-73.10879673419129
2593.280072717667,-73.11235348438899,-73.11235348438899
2593.2900727176666,-73.11591278785845,-73.11591278785845
2593.300072717667,-73.11947463670792,-73.11947463670792
2593.3100727176666,-73.123039022936,-73.123039022936
2593.320072717667,-73.1266059384408,-73.1266059384408
2593.3300727176666,-73.13017537500886,-73.13017537500886
2593.3400727176668,-73.13374732433661,-73.13374732433661
2593.3500727415085,-73.13732178653099,-73.13732178653099
2593.3600727415087,-73.14089873608555,-73.14089873608555
2593.3700727415085,-73.14447817290251,-73.14447817290251
2593.3800727415087,-73.14806008830156,-73.14806008830156
2593.3900727415084,-73.15164447350442,-73.15164447350442
2593.4000727415087,-73.15523131965107,-73.15523131965107
2593.4100727415084,-73.15882061779345,-73.15882061779345
2593.4200727415086,-73.16241235889188,-73.16241235889188
2593.4300727415084,-73.16600653384621,-73.16600653384621
2593.4400727415086,-73.16960313344858,-73.16960313344858
2593.4500727415084,-73.17320214842879,-73.17320214842879
2593.4600727415086,-73.1768035694305,-73.1768035694305
2593.4700727415084,-73.18040738702432,-73.18040738702432
2593.4800727415086,-73.18401359170676,-73.18401359170676
2593.4900727415084,-73.18762217390152,-73.18762217390152
2593.5000727415086,-73.19123312396908,-73.19123312396908
2593.5100727415083,-73.19484643218209,-73.19484643218209
2593.5200727415086,-73.19846208876747,-73.19846208876747
2593.5300727415083,-73.20208008386032,-73.20208008386032
2593.5400727415085,-73.20570040755572,-73.20570040755572
2593.5500727415083,-73.20932304987217,-73.20932304987217
2593.5600727415085,-73.21294800077224,-73.21294800077224
2593.5700727415083,-73.21657525014804,-73.21657525014804
2593.5800727415085,-73.2202047878451,-73.2202047878451
2593.5900727415083,-73.22383660364136,-73.22383660364136
2593.6000727415085,-73.2274706872602,-73.2274706872602
2593.6100727415087,-73.23110702837172,-73.23110702837172
2593.6200727415085,-73.23474561659938,-73.23474561659938
2593.6300727415087,-73.23838644150754,-73.23838644150754
2593.6400727415084,-73.24202949260551,-73.24202949260551
2593.6500727415087,-73.24567475935865,-73.24567475935865
2593.6600727415084,-73.24932223118506,-73.24932223118506
2593.6700727415086,-73.25297189744246,-73.25297189744246
2593.6800727415084,-73.25662374746297,-73.25662374746297
2593.6900727415086,-73.26027777052187,-73.26027777052187
2593.7000727415084,-73.26393395585096,-73.26393395585096
2593.7100727415086,-73.26759229264587,-73.26759229264587
2593.7200727415084,-73.27125277005484,-73.27125277005484
2593.7300727415086,-73.27491537718221,-73.27491537718221
2593.7400727415084,-73.27858010310447,-73.27858010310447
2593.7500727415086,-73.28224693685775,-73.28224693685775
2593.7600727415083,-73.28591586743117,-73.28591586743117
2593.7700727415086,-73.28958688378181,-73.28958688378181
2593.7800727415083,-73.29325997484372,-73.29325997484372
2593.7900727415085,-73.2969351295059,-73.2969351295059
2593.8000727415083,-73.30061233662617,-73.30061233662617
2593.8100727415085,-73.30429158503114,-73.30429158503114
2593.8200727415083,-73.30797286352218,-73.30797286352218
2593.8300727415085,-73.31165616086388,-73.31165616086388
2593.8400727415083,-73.31534146579982,-73.31534146579982
2593.8500727415085,-73.31902876702863,-73.31902876702863
2593.8600727415087,-73.32271805324699,-73.32271805324699
2593.8700727415085,-73.3264093131066,-73.3264093131066
2593.8800727415087,-73.33010253524098,-73.33010253524098
2593.8900727415084,-73.33379770825842,-73.33379770825842
2593.9000727415087,-73.33749482074792,-73.33749482074792
2593.9100727415084,-73.34119386126883,-73.34119386126883
2593.9200727415086,-73.3448948183623,-73.3448948183623
2593.9300727415084,-73.34859768055726,-73.34859768055726
2593.9400727415086,-73.3523024363563,-73.3523024363563
2593.9500727415084,-73.35600907423635,-73.35600907423635
2593.9600727415086,-73.35971758266254,-73.35971758266254
2593.9700727415084,-73.36342795008348,-73.36342795008348
2593.9800727415086,-73.36714016492722,-73.36714016492722
2593.9900727415084,-73.37085421561257,-73.37085421561257
2594.0000727415086,-73.37457009053207,-73.37457009053207
2594.0100727415083,-73.37828777808335,-73.37828777808335
2594.0200727415086,-73.38200726662956,-73.38200726662956
2594.0300727415083,-73.38572854452605,-73.38572854452605
2594.0400727415085,-73.38945160012764,-73.38945160012764
2594.0500727415083,-73.39317642176799,-73.39317642176799
2594.0600727415085,-73.39690299777214,-73.39690299777214
2594.0700727415083,-73.40063131645891,-73.40063131645891
2594.0800727415085,-73.404361366127,-73.404361366127
2594.0900727415083,-73.40809313507968,-73.40809313507968
2594.1000727415085,-73.41182661159658,-73.41182661159658
2594.1100727415087,-73.4155617839667,-73.4155617839667
2594.1200727415085,-73.41929864046193,-73.41929864046193
2594.1300727415087,-73.4230371693543,-73.4230371693543
2594.1400727415084,-73.42677735890658,-73.42677735890658
2594.1500727415087,-73.4305191973718,-73.4305191973718
2594.1600727415084,-73.43426267301514,-73.43426267301514
2594.1700727415086,-73.43800777407466,-73.43800777407466
2594.1800727415084,-73.441754488806,-73.441754488806
2594.1900727415086,-73.44550280544297,-73.44550280544297
2594.2000727653503,-73.44925272116413,-73.44925272116413
2594.2100727653506,-73.45300420636976,-73.45300420636976
2594.2200727653503,-73.45675725820686,-73.45675725820686
2594.2300727653505,-73.4605118649164,-73.4605118649164
2594.2400727653503,-73.46426801474685,-73.46426801474685
2594.2500727653505,-73.46802569592776,-73.46802569592776
2594.2600727653503,-73.47178489671157,-73.47178489671157
2594.2700727653505,-73.47551317405734,-73.47551317405734
2594.2800727653503,-73.47920181248622,-73.47920181248622
2594.2900727653505,-73.48284698468359,-73.48284698468359
2594.3000727653503,-73.48644552647498,-73.48644552647498
2594.3100727653505,-73.48999439669005,-73.48999439669005
2594.3200727653502,-73.49349072895738,-73.49349072895738
2594.3300727653505,-73.496931912228,-73.496931912228
2594.34007276535,-73.50031562871715,-73.50031562871715
2594.3500727653504,-73.503639858369,-73.503639858369
2594.36007276535,-73.50690286466543,-73.50690286466543
2594.3700727653504,-73.51010317198498,-73.51010317198498
2594.38007276535,-73.51323954019354,-73.51323954019354
2594.3900727653504,-73.51631093960168,-73.51631093960168
2594.40007276535,-73.51931652763497,-73.51931652763497
2594.4100727653504,-73.52225562785239,-73.52225562785239
2594.42007276535,-73.52512771133377,-73.52512771133377
2594.4300727653504,-73.52793238040199,-73.52793238040199
2594.44007276535,-73.5306693543931,-73.5306693543931
2594.4500727653503,-73.53333845720216,-73.53333845720216
2594.4600727653506,-73.53593960646955,-73.53593960646955
2594.4700727653503,-73.53847280405485,-73.53847280405485
2594.4800727653505,-73.54093812768973,-73.54093812768973
2594.4900727653503,-73.54333572359373,-73.54333572359373
2594.5000727653505,-73.54566579996019,-73.54566579996019
2594.5100727653503,-73.54792862110645,-73.54792862110645
2594.5200727653505,-73.55012450228087,-73.55012450228087
2594.5300727653503,-73.55225380499003,-73.55225380499003
2594.5400727653505,-73.55431693277436,-73.55431693277436
2594.5500727653503,-73.55631432739982,-73.55631432739982
2594.5600727653505,-73.55824646539735,-73.55824646539735
2594.5700727653502,-73.56011385488459,-73.56011385488459
2594.5800727653505,-73.56191703270426,-73.56191703270426
2594.59007276535,-73.56365656176058,-73.56365656176058
2594.6000727653504,-73.5653330286105,-73.5653330286105
2594.61007276535,-73.56694704121085,-73.56694704121085
2594.6200727653504,-73.5684992268736,-73.5684992268736
2594.63007276535,-73.56999023035307,-73.56999023035307
2594.6400727653504,-73.57142071210467,-73.57142071210467
2594.65007276535,-73.57279134662316,-73.57279134662316
2594.6600727653504,-73.57410282096684,-73.57410282096684
2594.67007276535,-73.57535583335037,-73.57535583335037
2594.6800727653504,-73.57655109181223,-73.57655109181223
2594.69007276535,-73.57768931305012,-73.57768931305012
2594.7000727653503,-73.57877122126662,-73.57877122126662
2594.7100727653506,-73.57979754714451,-73.57979754714451
2594.7200727653503,-73.58076902685436,-73.58076902685436
2594.7300727653505,-73.58168640116067,-73.58168640116067
2594.7400727653503,-73.58255041457507,-73.58255041457507
2594.7500727653505,-73.58336181457663,-73.58336181457663
2594.7600727653503,-73.58412135086445,-73.58412135086445
2594.7700727653505,-73.58482977470288,-73.58482977470288
2594.7800727653503,-73.58548783827136,-73.58548783827136
2594.7900727653505,-73.58609629406563,-73.58609629406563
2594.8000727653503,-73.58665589436245,-73.58665589436245
2594.8100727653505,-73.5871673907072,-73.5871673907072
2594.8200727653502,-73.58763153343065,-73.58763153343065
2594.8300727653505,-73.58804907121001,-73.58804907121001
2594.84007276535,-73.58842075065772,-73.58842075065772
2594.8500727653504,-73.58874731593554,-73.58874731593554
2594.86007276535,-73.58902950840887,-73.58902950840887
2594.8700727653504,-73.5892680663051,-73.5892680663051
2594.88007276535,-73.58946372441184,-73.58946372441184
2594.8900727653504,-73.58961721379652,-73.58961721379652
2594.90007276535,-73.58972926154468,-73.58972926154468
2594.9100727653504,-73.58980059050504,-73.58980059050504
2594.92007276535,-73.58983191909162,-73.58983191909162
2594.9300727653504,-73.58982396105195,-73.58982396105195
2594.94007276535,-73.58977742527732,-73.58977742527732
2594.9500727653503,-73.58969301564603,-73.58969301564603
2594.9600727653506,-73.58957143084825,-73.58957143084825
2594.9700727653503,-73.58941336425312,-73.58941336425312
2594.9800727653505,-73.58921950374486,-73.58921950374486
2594.9900727653503,-73.58899053163142,-73.58899053163142
2595.0000727653505,-73.58872712451453,-73.58872712451453
2595.0100727653503,-73.5884299532044,-73.5884299532044
2595.0200727653505,-73.58809968261234,-73.58809968261234
2595.0300727653503,-73.58773697167275,-73.58773697167275
2595.0400727653505,-73.58734247327163,-73.58734247327163
2595.050072789192,-73.58691683317494,-73.58691683317494
2595.0600727891924,-73.58646069393855,-73.58646069393855
2595.070072789192,-73.58597468903622,-73.58597468903622
2595.0800727891924,-73.58545944657827,-73.58545944657827
2595.090072789192,-73.58491558839174,-73.58491558839174
2595.1000727891924,-73.58434372998477,-73.58434372998477
2595.110072789192,-73.58374448048961,-73.58374448048961
2595.1200727891924,-73.58311844268317,-73.58311844268317
2595.130072789192,-73.58246621294434,-73.58246621294434
2595.1400727891923,-73.58178838123558,-73.58178838123558
2595.150072789192,-73.5810855311456,-73.5810855311456
2595.1600727891923,-73.58035823983865,-73.58035823983865
2595.170072789192,-73.57960707807864,-73.57960707807864
2595.1800727891923,-73.57883261023028,-73.57883261023028
2595.190072789192,-73.5780353942677,-73.5780353942677
2595.2000727891923,-73.57721598180021,-73.57721598180021
2595.210072789192,-73.5763749180518,-73.5763749180518
2595.2200727891923,-73.57551274193173,-73.57551274193173
2595.230072789192,-73.57462998600717,-73.57462998600717
2595.2400727891923,-73.57372717655493,-73.57372717655493
2595.250072789192,-73.57280483359898,-73.57280483359898
2595.2600727891922,-73.57186347088899,-73.57186347088899
2595.270072789192,-73.57090359597584,-73.57090359597584
2595.280072789192,-73.56992571022808,-73.56992571022808
2595.290072789192,-73.56893030886599,-73.56893030886599
2595.300072789192,-73.56791788099112,-73.56791788099112
2595.3100727891924,-73.56688890963476,-73.56688890963476
2595.320072789192,-73.56584387179036,-73.56584387179036
2595.3300727891924,-73.5647832384522,-73.5647832384522
2595.340072789192,-73.56370747465533,-73.56370747465533
2595.3500727891924,-73.56261703951527,-73.56261703951527
2595.360072789192,-73.56151238627322,-73.56151238627322
2595.3700727891924,-73.56039396235116,-73.56039396235116
2595.380072789192,-73.55926220936963,-73.55926220936963
2595.3900727891923,-73.55811756322356,-73.55811756322356
2595.400072789192,-73.55696045410573,-73.55696045410573
2595.4100727891923,-73.5557913065648,-73.5557913065648
2595.420072789192,-73.5546105395518,-73.5546105395518
2595.4300727891923,-73.5534185664573,-73.5534185664573
2595.440072789192,-73.55221579517725,-73.55221579517725
2595.4500727891923,-73.55100262813963,-73.55100262813963
2595.460072789192,-73.54977946238967,-73.54977946238967
2595.4700727891923,-73.54854668958113,-73.54854668958113
2595.480072789192,-73.5473046960905,-73.5473046960905
2595.4900727891923,-73.54605386301867,-73.54605386301867
2595.500072789192,-73.5447945662792,-73.5447945662792
2595.5100727891922,-73.5435271766079,-73.5435271766079
2595.520072789192,-73.54225205964057,-73.54225205964057
2595.530072789192,-73.54096957596697,-73.54096957596697
2595.540072789192,-73.53968008115449,-73.53968008115449
2595.550072789192,-73.53838392582368,-73.53838392582368
2595.5600727891924,-73.53708145569003,-73.53708145569003
2595.570072789192,-73.53577301161913,-73.53577301161913
2595.5800727891924,-73.53445892966724,-73.53445892966724
2595.590072789192,-73.53313954113455,-73.53313954113455
2595.6000727891924,-73.53181517262384,-73.53181517262384
2595.610072789192,-73.53048614607698,-73.53048614607698
2595.6200727891924,-73.52915277884074,-73.52915277884074
2595.630072789192,-73.52781538369958,-73.52781538369958
2595.6400727891923,-73.5264742689389,-73.5264742689389
2595.650072789192,-73.52512973839744,-73.52512973839744
2595.6600727891923,-73.52378209148915,-73.52378209148915
2595.670072789192,-73.52243162327649,-73.52243162327649
2595.6800727891923,-73.5210786245234,-73.5210786245234
2595.690072789192,-73.51972338173321,-73.51972338173321
2595.7000727891923,-73.51836617718382,-73.51836617718382
2595.710072789192,-73.51700087160017,-73.51700087160017
2595.7200727891923,-73.51562492526965,-73.51562492526965
2595.730072789192,-73.5142372368121,-73.5142372368121
2595.7400727891923,-73.51283736947008,-73.51283736947008
2595.750072789192,-73.51142525560215,-73.51142525560215
2595.7600727891922,-73.5100010430365,-73.5100010430365
2595.770072789192,-73.5085650049583,-73.5085650049583
2595.780072789192,-73.5071174856837,-73.5071174856837
2595.790072789192,-73.50565886807041,-73.50565886807041
2595.800072789192,-73.50418955389918,-73.50418955389918
2595.8100727891924,-73.50270995221008,-73.50270995221008
2595.820072789192,-73.50122047245351,-73.50122047245351
2595.8300727891924,-73.49972152051528,-73.49972152051528
2595.840072789192,-73.49821349660274,-73.49821349660274
2595.8500727891924,-73.49669679417424,-73.49669679417424
2595.860072789192,-73.49517179950179,-73.49517179950179
2595.8700727891924,-73.4936388916398,-73.4936388916398
2595.880072789192,-73.49209844259657,-73.49209844259657
2595.8900727891923,-73.49055081759644,-73.49055081759644
2595.900072813034,-73.48899637170699,-73.48899637170699
2595.9100728130343,-73.4874354649579,-73.4874354649579
2595.920072813034,-73.48586844049325,-73.48586844049325
2595.9300728130343,-73.48429563962063,-73.48429563962063
2595.940072813034,-73.48271739840189,-73.48271739840189
2595.9500728130342,-73.48113404788232,-73.48113404788232
2595.960072813034,-73.47954591430941,-73.47954591430941
2595.970072813034,-73.4779533193095,-73.4779533193095
2595.980072813034,-73.4763565800574,-73.4763565800574
2595.990072813034,-73.47475600940426,-73.47475600940426
2596.000072813034,-73.47315191603214,-73.47315191603214
2596.010072813034,-73.47154460451682,-73.47154460451682
2596.020072813034,-73.46993437546098,-73.46993437546098
2596.030072813034,-73.46832152554043,-73.46832152554043
2596.040072813034,-73.46670634758384,-73.46670634758384
2596.050072813034,-73.46508913065615,-73.46508913065615
2596.060072813034,-73.4634701601051,-73.4634701601051
2596.070072813034,-73.46184971758157,-73.46184971758157
2596.080072813034,-73.46022808112173,-73.46022808112173
2596.090072813034,-73.45860552517311,-73.45860552517311
2596.100072813034,-73.4569823206188,-73.4569823206188
2596.110072813034,-73.45535873483908,-73.45535873483908
2596.120072813034,-73.45373503170413,-73.45373503170413
2596.130072813034,-73.45211147163562,-73.45211147163562
2596.140072813034,-73.45048831162251,-73.45048831162251
2596.150072813034,-73.44886580523973,-73.44886580523973
2596.1600728130343,-73.44724420268227,-73.44724420268227
2596.170072813034,-73.44562375079472,-73.44562375079472
2596.1800728130343,-73.4440046930744,-73.4440046930744
2596.190072813034,-73.44238726971538,-73.44238726971538
2596.2000728130342,-73.4407717176244,-73.4407717176244
2596.210072813034,-73.43915827043465,-73.43915827043465
2596.220072813034,-73.43754715853935,-73.43754715853935
2596.230072813034,-73.43593860912148,-73.43593860912148
2596.240072813034,-73.43433284615027,-73.43433284615027
2596.250072813034,-73.43273009042308,-73.43273009042308
2596.260072813034,-73.43113055958338,-73.43113055958338
2596.270072813034,-73.42953446815868,-73.42953446815868
2596.280072813034,-73.42794202754621,-73.42794202754621
2596.290072813034,-73.42635344608438,-73.42635344608438
2596.300072813034,-73.42476892901979,-73.42476892901979
2596.310072813034,-73.42318867858614,-73.42318867858614
2596.320072813034,-73.42161289399391,-73.42161289399391
2596.330072813034,-73.42004177146524,-73.42004177146524
2596.340072813034,-73.4184755042525,-73.4184755042525
2596.350072813034,-73.41691428268089,-73.41691428268089
2596.360072813034,-73.4153582941381,-73.4153582941381
2596.370072813034,-73.4138077231345,-73.4138077231345
2596.380072813034,-73.4122627513084,-73.4122627513084
2596.390072813034,-73.41072355744917,-73.41072355744917
2596.400072813034,-73.4091903175443,-73.4091903175443
2596.4100728130343,-73.40766320477483,-73.40766320477483
2596.420072813034,-73.40614238956466,-73.40614238956466
2596.4300728130343,-73.40462803959248,-73.40462803959248
2596.440072813034,-73.40312031981676,-73.40312031981676
2596.4500728130342,-73.40161939251801,-73.40161939251801
2596.460072813034,-73.40011901116605,-73.40011901116605
2596.470072813034,-73.3986165248261,-73.3986165248261
2596.480072813034,-73.39711072011002,-73.39711072011002
2596.490072813034,-73.39560104865346,-73.39560104865346
2596.500072813034,-73.39408733201844,-73.39408733201844
2596.510072813034,-73.392569608247,-73.392569608247
2596.520072813034,-73.39104804183225,-73.39104804183225
2596.530072813034,-73.38952286956342,-73.38952286956342
2596.540072813034,-73.38799436793758,-73.38799436793758
2596.550072813034,-73.38646283357029,-73.38646283357029
2596.560072813034,-73.3849285715301,-73.3849285715301
2596.570072813034,-73.3833918884372,-73.3833918884372
2596.580072813034,-73.38185308855478,-73.38185308855478
2596.590072813034,-73.38031247160353,-73.38031247160353
2596.600072813034,-73.37877033171598,-73.37877033171598
2596.610072813034,-73.37722695697082,-73.37722695697082
2596.620072813034,-73.37568262937339,-73.37568262937339
2596.630072813034,-73.37413762497604,-73.37413762497604
2596.640072813034,-73.37258831572916,-73.37258831572916
2596.650072813034,-73.37102914825118,-73.37102914825118
2596.6600728130343,-73.3694544505297,-73.3694544505297
2596.670072813034,-73.36785911119145,-73.36785911119145
2596.6800728130343,-73.36623869327244,-73.36623869327244
2596.690072813034,-73.36458937123646,-73.36458937123646
2596.7000728130342,-73.3629078381392,-73.3629078381392
2596.710072813034,-73.36119122323619,-73.36119122323619
2596.720072813034,-73.35943702591275,-73.35943702591275
2596.730072813034,-73.35764306340802,-73.35764306340802
2596.740072813034,-73.35580742894221,-73.35580742894221
2596.750072836876,-73.35392845304744,-73.35392845304744
2596.760072836876,-73.35200469292073,-73.35200469292073
2596.770072836876,-73.35003488195628,-73.35003488195628
2596.780072836876,-73.3480179268963,-73.3480179268963
2596.790072836876,-73.34595288597284,-73.34595288597284
2596.800072836876,-73.3438389537578,-73.3438389537578
2596.810072836876,-73.341675448054,-73.341675448054
2596.820072836876,-73.33946179838233,-73.33946179838233
2596.830072836876,-73.33719753596297,-73.33719753596297
2596.840072836876,-73.33488228484352,-73.33488228484352
2596.850072836876,-73.332515754071,-73.332515754071
2596.860072836876,-73.33009773068491,-73.33009773068491
2596.870072836876,-73.32762807353141,-73.32762807353141
2596.880072836876,-73.32510670764037,-73.32510670764037
2596.890072836876,-73.32253361918771,-73.32253361918771
2596.900072836876,-73.31990885094355,-73.31990885094355
2596.9100728368758,-73.3172324981147,-73.3172324981147
2596.920072836876,-73.31450470454088,-73.31450470454088
2596.9300728368758,-73.31172565921425,-73.31172565921425
2596.940072836876,-73.30889559310981,-73.30889559310981
2596.9500728368757,-73.30601477618298,-73.30601477618298
2596.960072836876,-73.30308351466489,-73.30308351466489
2596.9700728368757,-73.30010214852247,-73.30010214852247
2596.980072836876,-73.29707104906095,-73.29707104906095
2596.9900728368757,-73.29399061675421,-73.29399061675421
2597.000072836876,-73.29086127915177,-73.29086127915177
2597.010072836876,-73.28768348895147,-73.28768348895147
2597.020072836876,-73.28445772219493,-73.28445772219493
2597.030072836876,-73.28118447654245,-73.28118447654245
2597.040072836876,-73.27786426967948,-73.27786426967948
2597.050072836876,-73.27449763780925,-73.27449763780925
2597.060072836876,-73.2710851342098,-73.2710851342098
2597.070072836876,-73.26762732791316,-73.26762732791316
2597.080072836876,-73.26412480242404,-73.26412480242404
2597.090072836876,-73.2605781545245,-73.2605781545245
2597.100072836876,-73.25698799313393,-73.25698799313393
2597.110072836876,-73.2533549382379,-73.2533549382379
2597.120072836876,-73.24967961989285,-73.24967961989285
2597.130072836876,-73.2459626772466,-73.2459626772466
2597.140072836876,-73.24220475764777,-73.24220475764777
2597.150072836876,-73.23840651578298,-73.23840651578298
2597.1600728368758,-73.23456861286395,-73.23456861286395
2597.170072836876,-73.23069171586299,-73.23069171586299
2597.1800728368758,-73.22677649677321,-73.22677649677321
2597.190072836876,-73.22282363195592,-73.22282363195592
2597.2000728368757,-73.21883380144924,-73.21883380144924
2597.210072836876,-73.21480768837841,-73.21480768837841
2597.2200728368757,-73.21074597836504,-73.21074597836504
2597.230072836876,-73.20664935899264,-73.20664935899264
2597.2400728368757,-73.20251851925914,-73.20251851925914
2597.250072836876,-73.19835414911246,-73.19835414911246
2597.260072836876,-73.19415693896772,-73.19415693896772
2597.270072836876,-73.18992757928469,-73.18992757928469
2597.280072836876,-73.18566676014495,-73.18566676014495
2597.290072836876,-73.18137517086683,-73.18137517086683
2597.300072836876,-73.17705349961987,-73.17705349961987
2597.310072836876,-73.17270243310782,-73.17270243310782
2597.320072836876,-73.16832265622031,-73.16832265622031
2597.330072836876,-73.16391485173861,-73.16391485173861
2597.340072836876,-73.15947970002152,-73.15947970002152
2597.350072836876,-73.15501787876612,-73.15501787876612
2597.360072836876,-73.1505300627226,-73.1505300627226
2597.370072836876,-73.14601692347706,-73.14601692347706
2597.380072836876,-73.14147912919677,-73.14147912919677
2597.390072836876,-73.13691734445213,-73.13691734445213
2597.400072836876,-73.13233223000117,-73.13233223000117
2597.4100728368758,-73.12772444260497,-73.12772444260497
2597.420072836876,-73.12309463485472,-73.12309463485472
2597.4300728368758,-73.11844345500816,-73.11844345500816
2597.440072836876,-73.1137715468352,-73.1137715468352
2597.4500728368757,-73.10907954949906,-73.10907954949906
2597.460072836876,-73.1043617199453,-73.1043617199453
2597.4700728368757,-73.09961589513371,-73.09961589513371
2597.480072836876,-73.09484134302,-73.09484134302
2597.4900728368757,-73.09003799294861,-73.09003799294861
2597.500072836876,-73.08520614126006,-73.08520614126006
2597.510072836876,-73.08034629794572,-73.08034629794572
2597.520072836876,-73.07545909656601,-73.07545909656601
2597.530072836876,-73.07054523992788,-73.07054523992788
2597.540072836876,-73.06560546733826,-73.06560546733826
2597.550072836876,-73.06064053487798,-73.06064053487798
2597.560072836876,-73.05565120359702,-73.05565120359702
2597.570072836876,-73.05063823255728,-73.05063823255728
2597.580072836876,-73.04560237477295,-73.04560237477295
2597.590072836876,-73.04054437502144,-73.04054437502144
2597.600072860718,-73.03546495658637,-73.03546495658637
2597.610072860718,-73.03036486913825,-73.03036486913825
2597.6200728607178,-73.02524481619409,-73.02524481619409
2597.630072860718,-73.02010550347048,-73.02010550347048
2597.6400728607177,-73.01494762709046,-73.01494762709046
2597.650072860718,-73.00977187383425,-73.00977187383425
2597.6600728607177,-73.00457892145586,-73.00457892145586
2597.670072860718,-72.99936943897637,-72.99936943897637
2597.6800728607177,-72.99414408693305,-72.99414408693305
2597.690072860718,-72.98890351763188,-72.98890351763188
2597.7000728607177,-72.9836483753469,-72.9836483753469
2597.710072860718,-72.97837293092246,-72.97837293092246
2597.7200728607177,-72.97307502663423,-72.97307502663423
2597.730072860718,-72.96775393108223,-72.96775393108223
2597.7400728607176,-72.96240957109043,-72.96240957109043
2597.750072860718,-72.95704223789899,-72.95704223789899
2597.7600728607176,-72.9516524342397,-72.9516524342397
2597.770072860718,-72.94624078440776,-72.94624078440776
2597.7800728607176,-72.94080798021066,-72.94080798021066
2597.790072860718,-72.93535474831717,-72.93535474831717
2597.8000728607176,-72.92988183067544,-72.92988183067544
2597.810072860718,-72.92438997282933,-72.92438997282933
2597.8200728607176,-72.91887991704357,-72.91887991704357
2597.830072860718,-72.91335239837011,-72.91335239837011
2597.8400728607176,-72.90780814251804,-72.90780814251804
2597.850072860718,-72.90224786477695,-72.90224786477695
2597.860072860718,-72.89667226963445,-72.89667226963445
2597.8700728607178,-72.89108205072802,-72.89108205072802
2597.880072860718,-72.8854778910454,-72.8854778910454
2597.8900728607177,-72.87986046320151,-72.87986046320151
2597.900072860718,-72.87423042977059,-72.87423042977059
2597.9100728607177,-72.86858844364149,-72.86858844364149
2597.920072860718,-72.86293514833964,-72.86293514833964
2597.9300728607177,-72.85727117834254,-72.85727117834254
2597.940072860718,-72.8515971593544,-72.8515971593544
2597.9500728607177,-72.84591370857171,-72.84591370857171
2597.960072860718,-72.84022143488,-72.84022143488
2597.9700728607177,-72.8345209390805,-72.8345209390805
2597.980072860718,-72.82881281405346,-72.82881281405346
2597.9900728607176,-72.82309764491873,-72.82309764491873
2598.000072860718,-72.81737600914235,-72.81737600914235
2598.0100728607176,-72.81164847671637,-72.81164847671637
2598.020072860718,-72.8059156101999,-72.8059156101999
2598.0300728607176,-72.80017796486719,-72.80017796486719
2598.040072860718,-72.79443608875731,-72.79443608875731
2598.0500728607176,-72.78869052277508,-72.78869052277508
2598.060072860718,-72.78294180075083,-72.78294180075083
2598.0700728607176,-72.77719044951554,-72.77719044951554
2598.080072860718,-72.77143698895391,-72.77143698895391
2598.0900728607176,-72.76568193206539,-72.76568193206539
2598.100072860718,-72.75992578503192,-72.75992578503192
2598.110072860718,-72.75416904724445,-72.75416904724445
2598.1200728607178,-72.74841221137403,-72.74841221137403
2598.130072860718,-72.7426557634083,-72.7426557634083
2598.1400728607177,-72.7369001827148,-72.7369001827148
2598.150072860718,-72.73114594207674,-72.73114594207674
2598.1600728607177,-72.72539350775192,-72.72539350775192
2598.170072860718,-72.71964333949927,-72.71964333949927
2598.1800728607177,-72.71389589064088,-72.71389589064088
2598.190072860718,-72.7081516081023,-72.7081516081023
2598.2000728607177,-72.7024109324707,-72.7024109324707
2598.210072860718,-72.69667429802932,-72.69667429802932
2598.2200728607177,-72.69094213280704,-72.69094213280704
2598.230072860718,-72.68521485862637,-72.68521485862637
2598.2400728607176,-72.67949289115066,-72.67949289115066
2598.250072860718,-72.67377663993703,-72.67377663993703
2598.2600728607176,-72.66806650848969,-72.66806650848969
2598.270072860718,-72.66236289428879,-72.66236289428879
2598.2800728607176,-72.65666618885749,-72.65666618885749
2598.290072860718,-72.6509767778025,-72.6509767778025
2598.3000728607176,-72.64529504088107,-72.64529504088107
2598.310072860718,-72.6396213520182,-72.6396213520182
2598.3200728607176,-72.63395607940528,-72.63395607940528
2598.330072860718,-72.62829958549513,-72.62829958549513
2598.3400728607176,-72.62265222711116,-72.62265222711116
2598.350072860718,-72.61701435544194,-72.61701435544194
2598.360072860718,-72.6113863161464,-72.6113863161464
2598.3700728607178,-72.60576844938144,-72.60576844938144
2598.380072860718,-72.60016108984546,-72.60016108984546
2598.3900728607177,-72.59456456683813,-72.59456456683813
2598.400072860718,-72.58897920432483,-72.58897920432483
2598.4100728607177,-72.5834053209858,-72.5834053209858
2598.420072860718,-72.57784323024782,-72.57784323024782
2598.4300728607177,-72.57229324037803,-72.57229324037803
2598.440072860718,-72.56675565449903,-72.56675565449903
2598.4500728845596,-72.56123075749738,-72.56123075749738
2598.46007288456,-72.55571254213658,-72.55571254213658
2598.4700728845596,-72.55019851580899,-72.55019851580899
2598.48007288456,-72.54468761993031,-72.54468761993031
2598.4900728845596,-72.53917945292564,-72.53917945292564
2598.50007288456,-72.53367397798156,-72.53367397798156
2598.5100728845596,-72.52817137083956,-72.52817137083956
2598.52007288456,-72.5226719302925,-72.5226719302925
2598.5300728845596,-72.51717602432308,-72.51717602432308
2598.54007288456,-72.51168405763589,-72.51168405763589
2598.5500728845595,-72.50619645214887,-72.50619645214887
2598.5600728845598,-72.50071363537009,-72.50071363537009
2598.5700728845595,-72.49523603355263,-72.49523603355263
2598.5800728845597,-72.4897640678382,-72.4897640678382
2598.5900728845595,-72.48429815213613,-72.48429815213613
2598.6000728845597,-72.47883869211212,-72.47883869211212
2598.6100728845595,-72.47338608481319,-72.47338608481319
2598.6200728845597,-72.4679407186583,-72.4679407186583
2598.6300728845595,-72.46250297367492,-72.46250297367492
2598.6400728845597,-72.45707322179544,-72.45707322179544
2598.6500728845594,-72.45165182723058,-72.45165182723058
2598.6600728845597,-72.44623914683373,-72.44623914683373
2598.6700728845594,-72.44083553047405,-72.44083553047405
2598.6800728845596,-72.43544132134113,-72.43544132134113
2598.6900728845594,-72.43005685627703,-72.43005685627703
2598.7000728845596,-72.42468246602745,-72.42468246602745
2598.71007288456,-72.4193184754905,-72.4193184754905
2598.7200728845596,-72.41396520395202,-72.41396520395202
2598.73007288456,-72.4086229652353,-72.4086229652353
2598.7400728845596,-72.40329206790771,-72.40329206790771
2598.75007288456,-72.39797281541522,-72.39797281541522
2598.7600728845596,-72.39266550621512,-72.39266550621512
2598.77007288456,-72.38737043387731,-72.38737043387731
2598.7800728845596,-72.38208788722437,-72.38208788722437
2598.79007288456,-72.37681815038123,-72.37681815038123
2598.8000728845595,-72.37156150290333,-72.37156150290333
2598.8100728845598,-72.36631821980669,-72.36631821980669
2598.8200728845595,-72.36108857167264,-72.36108857167264
2598.8300728845597,-72.35587282470442,-72.35587282470442
2598.8400728845595,-72.35067124076522,-72.35067124076522
2598.8500728845597,-72.34548407744897,-72.34548407744897
2598.8600728845595,-72.34031158813922,-72.34031158813922
2598.8700728845597,-72.33515402203118,-72.33515402203118
2598.8800728845595,-72.33001162420335,-72.33001162420335
2598.8900728845597,-72.32488463564346,-72.32488463564346
2598.9000728845594,-72.31977329329735,-72.31977329329735
2598.9100728845597,-72.31467783010626,-72.31467783010626
2598.9200728845594,-72.30959847505048,-72.30959847505048
2598.9300728845596,-72.3045354531839,-72.3045354531839
2598.9400728845594,-72.29948898566407,-72.29948898566407
2598.9500728845596,-72.29445928980842,-72.29445928980842
2598.96007288456,-72.28944657911721,-72.28944657911721
2598.9700728845596,-72.28445106330274,-72.28445106330274
2598.98007288456,-72.27947294833757,-72.27947294833757
2598.9900728845596,-72.27451243648271,-72.27451243648271
2599.00007288456,-72.26956972632617,-72.26956972632617
2599.0100728845596,-72.26464501281991,-72.26464501281991
2599.02007288456,-72.25973848730374,-72.25973848730374
2599.0300728845596,-72.25485033755402,-72.25485033755402
2599.04007288456,-72.24998074780828,-72.24998074780828
2599.0500728845595,-72.24512989881104,-72.24512989881104
2599.0600728845598,-72.24029796783485,-72.24029796783485
2599.0700728845595,-72.23548512872036,-72.23548512872036
2599.0800728845597,-72.2306915519179,-72.2306915519179
2599.0900728845595,-72.225917404505,-72.225917404505
2599.1000728845597,-72.22116285024414,-72.22116285024414
2599.1100728845595,-72.21642804959474,-72.21642804959474
2599.1200728845597,-72.21171315976567,-72.21171315976567
2599.1300728845595,-72.20701833474767,-72.20701833474767
2599.1400728845597,-72.20234372533204,-72.20234372533204
2599.1500728845594,-72.19768947915678,-72.19768947915678
2599.1600728845597,-72.19305574074778,-72.19305574074778
2599.1700728845594,-72.18844265154188,-72.18844265154188
2599.1800728845596,-72.18385034992288,-72.18385034992288
2599.1900728845594,-72.17927897126482,-72.17927897126482
2599.2000728845596,-72.17472864794983,-72.17472864794983
2599.21007288456,-72.17019950942844,-72.17019950942844
2599.2200728845596,-72.16569168222559,-72.16569168222559
2599.23007288456,-72.16120528998924,-72.16120528998924
2599.2400728845596,-72.15674045352242,-72.15674045352242
2599.25007288456,-72.15229729081224,-72.15229729081224
2599.2600728845596,-72.14787591708773,-72.14787591708773
2599.27007288456,-72.14347644479892,-72.14347644479892
2599.2800728845596,-72.13909898371661,-72.13909898371661
2599.29007288456,-72.13474364091341,-72.13474364091341
2599.3000729084015,-72.1304105105157,-72.1304105105157
2599.3100729084017,-72.12609971503176,-72.12609971503176
2599.3200729084015,-72.12181134333383,-72.12181134333383
2599.3300729084017,-72.11754549211811,-72.11754549211811
2599.3400729084015,-72.11330225556665,-72.11330225556665
2599.3500729084017,-72.10908172538024,-72.10908172538024
2599.3600729084014,-72.10488399080836,-72.10488399080836
2599.3700729084017,-72.10070913868661,-72.10070913868661
2599.3800729084014,-72.09655725345841,-72.09655725345841
2599.3900729084016,-72.09242841720481,-72.09242841720481
2599.4000729084014,-72.08832270968784,-72.08832270968784
2599.4100729084016,-72.08424020837602,-72.08424020837602
2599.4200729084014,-72.08018098847162,-72.08018098847162
2599.4300729084016,-72.07614512294984,-72.07614512294984
2599.4400729084014,-72.07213268257576,-72.07213268257576
2599.4500729084016,-72.06814373593649,-72.06814373593649
2599.4600729084013,-72.06417206654247,-72.06417206654247
2599.4700729084016,-72.06021499088436,-72.06021499088436
2599.4800729084013,-72.05627123906089,-72.05627123906089
2599.4900729084015,-72.0523401960038,-72.0523401960038
2599.5000729084013,-72.0484216112907,-72.0484216112907
2599.5100729084015,-72.044515448013,-72.044515448013
2599.5200729084013,-72.04062179393765,-72.04062179393765
2599.5300729084015,-72.03674080801619,-72.03674080801619
2599.5400729084013,-72.03287268817084,-72.03287268817084
2599.5500729084015,-72.02901765191228,-72.02901765191228
2599.5600729084017,-72.02517592480716,-72.02517592480716
2599.5700729084015,-72.02134773369606,-72.02134773369606
2599.5800729084017,-72.01753330281521,-72.01753330281521
2599.5900729084015,-72.01373285171631,-72.01373285171631
2599.6000729084017,-72.00994659421181,-72.00994659421181
2599.6100729084014,-72.00617473801647,-72.00617473801647
2599.6200729084017,-72.00241748470083,-72.00241748470083
2599.6300729084014,-71.99867502992242,-71.99867502992242
2599.6400729084016,-71.99494756368473,-71.99494756368473
2599.6500729084014,-71.99123527070002,-71.99123527070002
2599.6600729084016,-71.98753833072668,-71.98753833072668
2599.6700729084014,-71.983856918912,-71.983856918912
2599.6800729084016,-71.98019120606503,-71.98019120606503
2599.6900729084014,-71.97654135899157,-71.97654135899157
2599.7000729084016,-71.97290754070194,-71.97290754070194
2599.7100729084013,-71.96928991062906,-71.96928991062906
2599.7200729084016,-71.96568862484163,-71.96568862484163
2599.7300729084013,-71.96210383619758,-71.96210383619758
2599.7400729084015,-71.9585356944919,-71.9585356944919
2599.7500729084013,-71.95498434658307,-71.95498434658307
2599.7600729084015,-71.95144993648766,-71.95144993648766
2599.7700729084013,-71.94793260549662,-71.94793260549662
2599.7800729084015,-71.94443249223762,-71.94443249223762
2599.7900729084013,-71.94094973275288,-71.94094973275288
2599.8000729084015,-71.93748446055119,-71.93748446055119
2599.8100729084017,-71.93403680667844,-71.93403680667844
2599.8200729084015,-71.9306068997436,-71.9306068997436
2599.8300729084017,-71.9271948659708,-71.9271948659708
2599.8400729084015,-71.9238008292301,-71.9238008292301
2599.8500729084017,-71.92042491106301,-71.92042491106301
2599.8600729084014,-71.91706723073297,-71.91706723073297
2599.8700729084017,-71.913727905228,-71.913727905228
2599.8800729084014,-71.9104070492943,-71.9104070492943
2599.8900729084016,-71.90710477545149,-71.90710477545149
2599.9000729084014,-71.90382119402342,-71.90382119402342
2599.9100729084016,-71.90055641313754,-71.90055641313754
2599.9200729084014,-71.89731053877023,-71.89731053877023
2599.9300729084016,-71.89408367473726,-71.89408367473726
2599.9400729084014,-71.89087592271473,-71.89087592271473
2599.9500729084016,-71.88768738227446,-71.88768738227446
2599.9600729084013,-71.88451815087627,-71.88451815087627
2599.9700729084016,-71.88136832389581,-71.88136832389581
2599.9800729084013,-71.87823799463034,-71.87823799463034
2599.9900729084015,-71.87512725432204,-71.87512725432204
2600.0000729084013,-71.87203619216501,-71.87203619216501
2600.0100729084015,-71.86896489533089,-71.86896489533089
2600.0200729084013,-71.86591344897812,-71.86591344897812
2600.0300729084015,-71.86288193625364,-71.86288193625364
2600.0400729084013,-71.85987043832777,-71.85987043832777
2600.0500729084015,-71.85687903440973,-71.85687903440973
2600.0600729084017,-71.85390780174535,-71.85390780174535
2600.0700729084015,-71.85095681565193,-71.85095681565193
2600.0800729084017,-71.84802614951,-71.84802614951
2600.0900729084015,-71.84511587480817,-71.84511587480817
2600.1000729084017,-71.84222606112948,-71.84222606112948
2600.1100729084014,-71.83935677620997,-71.83935677620997
2600.1200729084017,-71.83650808590414,-71.83650808590414
2600.1300729084014,-71.83368005423749,-71.83368005423749
2600.1400729084016,-71.83087274341045,-71.83087274341045
2600.1500729322433,-71.82808620719057,-71.82808620719057
2600.1600729322436,-71.82532051748531,-71.82532051748531
2600.1700729322433,-71.82257572445707,-71.82257572445707
2600.1800729322435,-71.81985188317493,-71.81985188317493
2600.1900729322433,-71.8171490469909,-71.8171490469909
2600.2000729322435,-71.81446726752068,-71.81446726752068
2600.2100729322433,-71.8118003340631,-71.8118003340631
2600.2200729322435,-71.80914555667164,-71.80914555667164
2600.2300729322433,-71.80650165391206,-71.80650165391206
2600.2400729322435,-71.8038679967964,-71.8038679967964
2600.2500729322433,-71.80124431971487,-71.80124431971487
2600.2600729322435,-71.79863056992617,-71.79863056992617
2600.2700729322432,-71.79602681913644,-71.79602681913644
2600.2800729322435,-71.7934332102753,-71.7934332102753
2600.290072932243,-71.7908499254319,-71.7908499254319
2600.3000729322434,-71.7882771665765,-71.7882771665765
2600.310072932243,-71.78571514408307,-71.78571514408307
2600.3200729322434,-71.78316406998802,-71.78316406998802
2600.330072932243,-71.7806241541299,-71.7806241541299
2600.3400729322434,-71.77809560205192,-71.77809560205192
2600.350072932243,-71.77557861397308,-71.77557861397308
2600.3600729322434,-71.77307338440814,-71.77307338440814
2600.370072932243,-71.77058010214057,-71.77058010214057
2600.3800729322434,-71.76809895038126,-71.76809895038126
2600.390072932243,-71.76563010708297,-71.76563010708297
2600.4000729322433,-71.76317374525718,-71.76317374525718
2600.4100729322436,-71.76073003331688,-71.76073003331688
2600.4200729322433,-71.7582991353862,-71.7582991353862
2600.4300729322435,-71.75588121159436,-71.75588121159436
2600.4400729322433,-71.75347641838592,-71.75347641838592
2600.4500729322435,-71.75108490869677,-71.75108490869677
2600.4600729322433,-71.74870683221666,-71.74870683221666
2600.4700729322435,-71.74634233553348,-71.74634233553348
2600.4800729322433,-71.7439915623399,-71.7439915623399
2600.4900729322435,-71.74165465352074,-71.74165465352074
2600.5000729322433,-71.73933174728973,-71.73933174728973
2600.5100729322435,-71.73702297930589,-71.73702297930589
2600.5200729322432,-71.73472848273775,-71.73472848273775
2600.5300729322435,-71.73244838835274,-71.73244838835274
2600.540072932243,-71.73018282457556,-71.73018282457556
2600.5500729322434,-71.7279319175375,-71.7279319175375
2600.560072932243,-71.72569579113096,-71.72569579113096
2600.5700729322434,-71.72347456705886,-71.72347456705886
2600.580072932243,-71.72126836484894,-71.72126836484894
2600.5900729322434,-71.71907730189623,-71.71907730189623
2600.600072932243,-71.7169014934945,-71.7169014934945
2600.6100729322434,-71.71474105285616,-71.71474105285616
2600.620072932243,-71.7125960911219,-71.7125960911219
2600.6300729322434,-71.7104667174122,-71.7104667174122
2600.640072932243,-71.70835303879588,-71.70835303879588
2600.6500729322433,-71.70625516035511,-71.70625516035511
2600.6600729322436,-71.70417318516864,-71.70417318516864
2600.6700729322433,-71.70210721433163,-71.70210721433163
2600.6800729322435,-71.70005734698113,-71.70005734698113
2600.6900729322433,-71.69802368029646,-71.69802368029646
2600.7000729322435,-71.69600630951645,-71.69600630951645
2600.7100729322433,-71.69400532794505,-71.69400532794505
2600.7200729322435,-71.69202082696765,-71.69202082696765
2600.7300729322433,-71.69005289607527,-71.69005289607527
2600.7400729322435,-71.6881016228492,-71.6881016228492
2600.7500729322433,-71.68616709300433,-71.68616709300433
2600.7600729322435,-71.68424939036964,-71.68424939036964
2600.7700729322432,-71.68234859692222,-71.68234859692222
2600.7800729322435,-71.68046479279586,-71.68046479279586
2600.790072932243,-71.67859805628738,-71.67859805628738
2600.8000729322434,-71.67674846386932,-71.67674846386932
2600.810072932243,-71.67491609021799,-71.67491609021799
2600.8200729322434,-71.6731010082012,-71.6731010082012
2600.830072932243,-71.6713032889165,-71.6713032889165
2600.8400729322434,-71.66952300168712,-71.66952300168712
2600.850072932243,-71.66776021408626,-71.66776021408626
2600.8600729322434,-71.66601499193551,-71.66601499193551
2600.870072932243,-71.66428739935198,-71.66428739935198
2600.8800729322434,-71.66257749872301,-71.66257749872301
2600.890072932243,-71.66088535075001,-71.66088535075001
2600.9000729322433,-71.65921101444744,-71.65921101444744
2600.9100729322436,-71.65755454716135,-71.65755454716135
2600.9200729322433,-71.65591600460145,-71.65591600460145
2600.9300729322435,-71.65429544082916,-71.65429544082916
2600.9400729322433,-71.65269290828779,-71.65269290828779
2600.9500729322435,-71.65110845782014,-71.65110845782014
2600.9600729322433,-71.64954213867237,-71.64954213867237
2600.9700729322435,-71.64799399852797,-71.64799399852797
2600.9800729322433,-71.64646408350751,-71.64646408350751
2600.9900729322435,-71.64495243820963,-71.64495243820963
2601.000072956085,-71.6434591021285,-71.6434591021285
2601.0100729560854,-71.64198412397766,-71.64198412397766
2601.020072956085,-71.6405275402164,-71.6405275402164
2601.0300729560854,-71.63908938943962,-71.63908938943962
2601.040072956085,-71.63766970878147,-71.63766970878147
2601.0500729560854,-71.63626853392935,-71.63626853392935
2601.060072956085,-71.63488589916179,-71.63488589916179
2601.0700729560854,-71.63352183732742,-71.63352183732742
2601.080072956085,-71.63217637990174,-71.63217637990174
2601.0900729560854,-71.63084955698906,-71.63084955698906
2601.100072956085,-71.62954139732213,-71.62954139732213
2601.1100729560853,-71.62825192830523,-71.62825192830523
2601.120072956085,-71.62698117601029,-71.62698117601029
2601.1300729560853,-71.62572916520378,-71.62572916520378
2601.140072956085,-71.62449591936681,-71.62449591936681
2601.1500729560853,-71.62328146070094,-71.62328146070094
2601.160072956085,-71.62208581015553,-71.62208581015553
2601.1700729560853,-71.62090898742606,-71.62090898742606
2601.180072956085,-71.61975101100488,-71.61975101100488
2601.1900729560853,-71.61861189814927,-71.61861189814927
2601.200072956085,-71.61749166494735,-71.61749166494735
2601.2100729560852,-71.61639032629684,-71.61639032629684
2601.220072956085,-71.6153078959437,-71.6153078959437
2601.230072956085,-71.61424438647961,-71.61424438647961
2601.240072956085,-71.61319980937758,-71.61319980937758
2601.250072956085,-71.61217417499127,-71.61217417499127
2601.2600729560854,-71.61116749258882,-71.61116749258882
2601.270072956085,-71.61017977034093,-71.61017977034093
2601.2800729560854,-71.60921101535136,-71.60921101535136
2601.290072956085,-71.6082612336932,-71.6082612336932
2601.3000729560854,-71.60733043038134,-71.60733043038134
2601.310072956085,-71.606418609431,-71.606418609431
2601.3200729560854,-71.6055257738323,-71.6055257738323
2601.330072956085,-71.6046519256004,-71.6046519256004
2601.3400729560854,-71.60379706576076,-71.60379706576076
2601.350072956085,-71.60296119439062,-71.60296119439062
2601.3600729560853,-71.60214431060955,-71.60214431060955
2601.370072956085,-71.60134641260944,-71.60134641260944
2601.3800729560853,-71.60056749766287,-71.60056749766287
2601.390072956085,-71.59980756214166,-71.59980756214166
2601.4000729560853,-71.59906660152096,-71.59906660152096
2601.410072956085,-71.59834461040055,-71.59834461040055
2601.4200729560853,-71.59764158252027,-71.59764158252027
2601.430072956085,-71.59695751077138,-71.59695751077138
2601.4400729560853,-71.59629238720045,-71.59629238720045
2601.450072956085,-71.59564620304202,-71.59564620304202
2601.4600729560852,-71.59501894871288,-71.59501894871288
2601.470072956085,-71.59441061384166,-71.59441061384166
2601.480072956085,-71.5938211872555,-71.5938211872555
2601.490072956085,-71.59325065703439,-71.59325065703439
2601.500072956085,-71.5926990104786,-71.5926990104786
2601.5100729560854,-71.59216623415385,-71.59216623415385
2601.520072956085,-71.59165231389066,-71.59165231389066
2601.5300729560854,-71.59115723478907,-71.59115723478907
2601.540072956085,-71.59068098124706,-71.59068098124706
2601.5500729560854,-71.59022353696882,-71.59022353696882
2601.560072956085,-71.58978488495318,-71.58978488495318
2601.5700729560854,-71.58936500754083,-71.58936500754083
2601.580072956085,-71.58896388640945,-71.58896388640945
2601.5900729560854,-71.58858150257043,-71.58858150257043
2601.600072956085,-71.5882178364083,-71.5882178364083
2601.6100729560853,-71.58787286766402,-71.58787286766402
2601.620072956085,-71.58754657547702,-71.58754657547702
2601.6300729560853,-71.5872389383595,-71.5872389383595
2601.640072956085,-71.5869499342322,-71.5869499342322
2601.6500729560853,-71.58667954043533,-71.58667954043533
2601.660072956085,-71.58642773372377,-71.58642773372377
2601.6700729560853,-71.58619449029166,-71.58619449029166
2601.680072956085,-71.58597978576718,-71.58597978576718
2601.6900729560853,-71.5857835952338,-71.5857835952338
2601.700072956085,-71.58560589325366,-71.58560589325366
2601.7100729560852,-71.58544665384063,-71.58544665384063
2601.720072956085,-71.58530585049849,-71.58530585049849
2601.730072956085,-71.58518345621589,-71.58518345621589
2601.740072956085,-71.58507944349735,-71.58507944349735
2601.750072956085,-71.58499378434168,-71.58499378434168
2601.7600729560854,-71.5849264502753,-71.5849264502753
2601.770072956085,-71.58487741235297,-71.58487741235297
2601.7800729560854,-71.58484664115912,-71.58484664115912
2601.790072956085,-71.58483410684077,-71.58483410684077
2601.8000729560854,-71.58483977907184,-71.58483977907184
2601.810072956085,-71.58486362711406,-71.58486362711406
2601.8200729560854,-71.58490561978479,-71.58490561978479
2601.830072956085,-71.5849657254813,-71.5849657254813
2601.8400729560854,-71.58504391219368,-71.58504391219368
2601.850072979927,-71.58514014774488,-71.58514014774488
2601.8600729799273,-71.58525439889704,-71.58525439889704
2601.870072979927,-71.58538663262624,-71.58538663262624
2601.8800729799273,-71.58553681534953,-71.58553681534953
2601.890072979927,-71.58570491311538,-71.58570491311538
2601.9000729799272,-71.58589089158852,-71.58589089158852
2601.910072979927,-71.58609471610261,-71.58609471610261
2601.920072979927,-71.58631635160313,-71.58631635160313
2601.930072979927,-71.58655576271636,-71.58655576271636
2601.940072979927,-71.58681291371923,-71.58681291371923
2601.950072979927,-71.58708776856874,-71.58708776856874
2601.960072979927,-71.58737404821855,-71.58737404821855
2601.970072979927,-71.58766898357241,-71.58766898357241
2601.980072979927,-71.58797120978355,-71.58797120978355
2601.990072979927,-71.5882800127463,-71.5882800127463
2602.000072979927,-71.58859504112237,-71.58859504112237
2602.010072979927,-71.58891615666226,-71.58891615666226
2602.020072979927,-71.58924334621182,-71.58924334621182
2602.030072979927,-71.58957666885426,-71.58957666885426
2602.040072979927,-71.58991622406984,-71.58991622406984
2602.050072979927,-71.5902621325939,-71.5902621325939
2602.060072979927,-71.59061452503806,-71.59061452503806
2602.070072979927,-71.59097353514984,-71.59097353514984
2602.080072979927,-71.59133929601431,-71.59133929601431
2602.090072979927,-71.59171193793327,-71.59171193793327
2602.100072979927,-71.59209158738892,-71.59209158738892
2602.1100729799273,-71.59246965191247,-71.59246965191247
2602.120072979927,-71.59283613275593,-71.59283613275593
2602.1300729799273,-71.5931824054234,-71.5931824054234
2602.140072979927,-71.59350147429052,-71.59350147429052
2602.1500729799272,-71.59378763782007,-71.59378763782007
2602.160072979927,-71.59403615923347,-71.59403615923347
2602.170072979927,-71.59424303922478,-71.59424303922478
2602.180072979927,-71.5944048696084,-71.5944048696084
2602.190072979927,-71.59451873640226,-71.59451873640226
2602.200072979927,-71.59458215102596,-71.59458215102596
2602.210072979927,-71.59458675451656,-71.59458675451656
2602.220072979927,-71.59452802779587,-71.59452802779587
2602.230072979927,-71.5944031489595,-71.5944031489595
2602.240072979927,-71.5942102075,-71.5942102075
2602.250072979927,-71.59394788791676,-71.59394788791676
2602.260072979927,-71.59361529469106,-71.59361529469106
2602.270072979927,-71.59321184184624,-71.59321184184624
2602.280072979927,-71.5927371800845,-71.5927371800845
2602.290072979927,-71.59219114710886,-71.59219114710886
2602.300072979927,-71.59157373269815,-71.59157373269815
2602.310072979927,-71.59088505319232,-71.59088505319232
2602.320072979927,-71.59012533230558,-71.59012533230558
2602.330072979927,-71.58929488615307,-71.58929488615307
2602.340072979927,-71.58839411124721,-71.58839411124721
2602.350072979927,-71.5874234746369,-71.5874234746369
2602.3600729799273,-71.58638350561984,-71.58638350561984
2602.370072979927,-71.58527478867452,-71.58527478867452
2602.3800729799273,-71.58409795731592,-71.58409795731592
2602.390072979927,-71.58285368875566,-71.58285368875566
2602.4000729799272,-71.5815426991201,-71.5815426991201
2602.410072979927,-71.58016573923591,-71.58016573923591
2602.420072979927,-71.57872359082405,-71.57872359082405
2602.430072979927,-71.57721706310844,-71.57721706310844
2602.440072979927,-71.57564698971174,-71.57564698971174
2602.450072979927,-71.5740142258717,-71.5740142258717
2602.460072979927,-71.57231964588519,-71.57231964588519
2602.470072979927,-71.57056414081792,-71.57056414081792
2602.480072979927,-71.56874861634734,-71.56874861634734
2602.490072979927,-71.56687399086088,-71.56687399086088
2602.500072979927,-71.56494119367828,-71.56494119367828
2602.510072979927,-71.56295116341295,-71.56295116341295
2602.520072979927,-71.56090484648469,-71.56090484648469
2602.530072979927,-71.558803195755,-71.558803195755
2602.540072979927,-71.55664716925168,-71.55664716925168
2602.550072979927,-71.55443772900043,-71.55443772900043
2602.560072979927,-71.55217583996671,-71.55217583996671
2602.570072979927,-71.54986246905776,-71.54986246905776
2602.580072979927,-71.54749858420882,-71.54749858420882
2602.590072979927,-71.54508515354038,-71.54508515354038
2602.600072979927,-71.5426231445606,-71.5426231445606
2602.6100729799273,-71.5401135234807,-71.5401135234807
2602.620072979927,-71.53755725451713,-71.53755725451713
2602.6300729799273,-71.5349552992787,-71.5349552992787
2602.640072979927,-71.53230861621938,-71.53230861621938
2602.6500729799272,-71.52961816008344,-71.52961816008344
2602.660072979927,-71.52688488144254,-71.52688488144254
2602.670072979927,-71.52410972622002,-71.52410972622002
2602.680072979927,-71.52129363530857,-71.52129363530857
2602.690072979927,-71.51843754415377,-71.51843754415377
2602.700073003769,-71.51554237552809,-71.51554237552809
2602.710073003769,-71.51260906667382,-71.51260906667382
2602.720073003769,-71.50963852794668,-71.50963852794668
2602.730073003769,-71.5066316697992,-71.5066316697992
2602.740073003769,-71.50358939575186,-71.50358939575186
2602.750073003769,-71.50051260214079,-71.50051260214079
2602.760073003769,-71.49740217792912,-71.49740217792912
2602.770073003769,-71.49425900448965,-71.49425900448965
2602.780073003769,-71.49108395543732,-71.49108395543732
2602.790073003769,-71.48787789649083,-71.48787789649083
2602.800073003769,-71.48464168529202,-71.48464168529202
2602.810073003769,-71.48137617129525,-71.48137617129525
2602.820073003769,-71.47808219563593,-71.47808219563593
2602.830073003769,-71.47476059105122,-71.47476059105122
2602.840073003769,-71.47141218176732,-71.47141218176732
2602.850073003769,-71.46803778340693,-71.46803778340693
2602.860073003769,-71.46463820294912,-71.46463820294912
2602.870073003769,-71.46121423863883,-71.46121423863883
2602.8800730037688,-71.45776667996041,-71.45776667996041
2602.890073003769,-71.45429630756469,-71.45429630756469
2602.9000730037687,-71.45080389326078,-71.45080389326078
2602.910073003769,-71.44729019997057,-71.44729019997057
2602.9200730037687,-71.44375598171578,-71.44375598171578
2602.930073003769,-71.44020198361042,-71.44020198361042
2602.9400730037687,-71.43662894183451,-71.43662894183451
2602.950073003769,-71.43303758364917,-71.43303758364917
2602.960073003769,-71.42942862739227,-71.42942862739227
2602.970073003769,-71.42580278250688,-71.42580278250688
2602.980073003769,-71.42216074952033,-71.42216074952033
2602.990073003769,-71.41850322009746,-71.41850322009746
2603.000073003769,-71.41483087704998,-71.41483087704998
2603.010073003769,-71.41114439436636,-71.41114439436636
2603.020073003769,-71.40744443724151,-71.40744443724151
2603.030073003769,-71.40373166211661,-71.40373166211661
2603.040073003769,-71.4000067167099,-71.4000067167099
2603.050073003769,-71.39627024007555,-71.39627024007555
2603.060073003769,-71.39252286261107,-71.39252286261107
2603.070073003769,-71.38876520616463,-71.38876520616463
2603.080073003769,-71.38499788402768,-71.38499788402768
2603.090073003769,-71.38122150103166,-71.38122150103166
2603.100073003769,-71.37743665356327,-71.37743665356327
2603.110073003769,-71.37364392965503,-71.37364392965503
2603.120073003769,-71.36984390902711,-71.36984390902711
2603.1300730037688,-71.36603716315143,-71.36603716315143
2603.140073003769,-71.36222425531234,-71.36222425531234
2603.1500730037687,-71.35840574067498,-71.35840574067498
2603.160073003769,-71.35458216634954,-71.35458216634954
2603.1700730037687,-71.35075407145715,-71.35075407145715
2603.180073003769,-71.34692198719284,-71.34692198719284
2603.1900730037687,-71.34308643689374,-71.34308643689374
2603.200073003769,-71.33924793613406,-71.33924793613406
2603.210073003769,-71.33540077621056,-71.33540077621056
2603.220073003769,-71.33154273845679,-71.33154273845679
2603.230073003769,-71.32767299768493,-71.32767299768493
2603.240073003769,-71.32379137147426,-71.32379137147426
2603.250073003769,-71.31989803299442,-71.31989803299442
2603.260073003769,-71.3159933614532,-71.3159933614532
2603.270073003769,-71.31207785422322,-71.31207785422322
2603.280073003769,-71.3081520739422,-71.3081520739422
2603.290073003769,-71.30421661663738,-71.30421661663738
2603.300073003769,-71.30027209263444,-71.30027209263444
2603.310073003769,-71.29631911513198,-71.29631911513198
2603.320073003769,-71.29235829356965,-71.29235829356965
2603.330073003769,-71.28839022981693,-71.28839022981693
2603.340073003769,-71.2844155161388,-71.2844155161388
2603.350073003769,-71.28043473422485,-71.28043473422485
2603.360073003769,-71.27644845486004,-71.27644845486004
2603.370073003769,-71.27245723793591,-71.27245723793591
2603.3800730037688,-71.26846163270906,-71.26846163270906
2603.390073003769,-71.2644621781107,-71.2644621781107
2603.4000730037687,-71.26045940315215,-71.26045940315215
2603.410073003769,-71.25645382729654,-71.25645382729654
2603.4200730037687,-71.25244596086517,-71.25244596086517
2603.430073003769,-71.2484363053514,-71.2484363053514
2603.4400730037687,-71.24442535377138,-71.24442535377138
2603.450073003769,-71.2404135909357,-71.2404135909357
2603.460073003769,-71.2363952866109,-71.2363952866109
2603.470073003769,-71.23236819566003,-71.23236819566003
2603.480073003769,-71.22833146466222,-71.22833146466222
2603.490073003769,-71.22428488237914,-71.22428488237914
2603.500073003769,-71.22022859300948,-71.22022859300948
2603.510073003769,-71.21616294693561,-71.21616294693561
2603.520073003769,-71.21208841294566,-71.21208841294566
2603.530073003769,-71.20800552547459,-71.20800552547459
2603.540073003769,-71.20391485280032,-71.20391485280032
2603.550073027611,-71.19981696820396,-71.19981696820396
2603.560073027611,-71.19571247764385,-71.19571247764385
2603.5700730276108,-71.19160195464997,-71.19160195464997
2603.580073027611,-71.18748597546059,-71.18748597546059
2603.5900730276107,-71.18336510731335,-71.18336510731335
2603.600073027611,-71.17923990744465,-71.17923990744465
2603.6100730276107,-71.17511092277962,-71.17511092277962
2603.620073027611,-71.17097868993113,-71.17097868993113
2603.6300730276107,-71.16684373547034,-71.16684373547034
2603.640073027611,-71.16270657622228,-71.16270657622228
2603.6500730276107,-71.15856771966477,-71.15856771966477
2603.660073027611,-71.15442766429184,-71.15442766429184
2603.6700730276107,-71.15028689999573,-71.15028689999573
2603.680073027611,-71.1461459083963,-71.1461459083963
2603.6900730276107,-71.14200516314735,-71.14200516314735
2603.700073027611,-71.13786513022822,-71.13786513022822
2603.7100730276106,-71.13372626819115,-71.13372626819115
2603.720073027611,-71.12958902837758,-71.12958902837758
2603.7300730276106,-71.12545385512966,-71.12545385512966
2603.740073027611,-71.12132118596195,-71.12132118596195
2603.7500730276106,-71.11719145170296,-71.11719145170296
2603.760073027611,-71.11306507666006,-71.11306507666006
2603.7700730276106,-71.1089424787326,-71.1089424787326
2603.780073027611,-71.10482406951915,-71.10482406951915
2603.7900730276106,-71.10071025444482,-71.10071025444482
2603.800073027611,-71.09660143281899,-71.09660143281899
2603.810073027611,-71.09249799794767,-71.09249799794767
2603.8200730276108,-71.08840033720405,-71.08840033720405
2603.830073027611,-71.08430883210475,-71.08430883210475
2603.8400730276107,-71.08022385837978,-71.08022385837978
2603.850073027611,-71.0761457860199,-71.0761457860199
2603.8600730276107,-71.07207497937164,-71.07207497937164
2603.870073027611,-71.06801179715809,-71.06801179715809
2603.8800730276107,-71.06395659258143,-71.06395659258143
2603.890073027611,-71.05990971333455,-71.05990971333455
2603.9000730276107,-71.05587150167166,-71.05587150167166
2603.910073027611,-71.0518422944718,-71.0518422944718
2603.9200730276107,-71.04782242327526,-71.04782242327526
2603.930073027611,-71.04381221433742,-71.04381221433742
2603.9400730276107,-71.03981198868603,-71.03981198868603
2603.950073027611,-71.03582206214791,-71.03582206214791
2603.9600730276106,-71.03184274543477,-71.03184274543477
2603.970073027611,-71.02787434416378,-71.02787434416378
2603.9800730276106,-71.02391715891181,-71.02391715891181
2603.990073027611,-71.01997148526316,-71.01997148526316
2604.0000730276106,-71.01603761386711,-71.01603761386711
2604.010073027611,-71.01211583046805,-71.01211583046805
2604.0200730276106,-71.00820641598358,-71.00820641598358
2604.030073027611,-71.0043096465104,-71.0043096465104
2604.0400730276106,-71.0004257934165,-71.0004257934165
2604.050073027611,-70.99655512335478,-70.99655512335478
2604.060073027611,-70.99269789832734,-70.99269789832734
2604.0700730276108,-70.98885437572406,-70.98885437572406
2604.080073027611,-70.98502480838681,-70.98502480838681
2604.0900730276107,-70.98120944463481,-70.98120944463481
2604.100073027611,-70.97740852834114,-70.97740852834114
2604.1100730276107,-70.9736222989519,-70.9736222989519
2604.120073027611,-70.96985099154615,-70.96985099154615
2604.1300730276107,-70.96609483689167,-70.96609483689167
2604.140073027611,-70.962354061478,-70.962354061478
2604.1500730276107,-70.95862888757559,-70.95862888757559
2604.160073027611,-70.95491953327388,-70.95491953327388
2604.1700730276107,-70.95122621253834,-70.95122621253834
2604.180073027611,-70.94754913525692,-70.94754913525692
2604.1900730276107,-70.94388850726595,-70.94388850726595
2604.200073027611,-70.94024453043058,-70.94024453043058
2604.2100730276106,-70.9366174026746,-70.9366174026746
2604.220073027611,-70.9330073180222,-70.9330073180222
2604.2300730276106,-70.9294144666548,-70.9294144666548
2604.240073027611,-70.92583903494337,-70.92583903494337
2604.2500730276106,-70.92228120552575,-70.92228120552575
2604.260073027611,-70.91874115731137,-70.91874115731137
2604.2700730276106,-70.91521906555066,-70.91521906555066
2604.280073027611,-70.91171510187807,-70.91171510187807
2604.2900730276106,-70.90822943436794,-70.90822943436794
2604.300073027611,-70.90476222753973,-70.90476222753973
2604.310073027611,-70.90131364245464,-70.90131364245464
2604.3200730276108,-70.89788383672189,-70.89788383672189
2604.330073027611,-70.89447296456086,-70.89447296456086
2604.3400730276107,-70.891081176841,-70.891081176841
2604.350073027611,-70.88770862111767,-70.88770862111767
2604.3600730276107,-70.88435544169252,-70.88435544169252
2604.370073027611,-70.88102177963218,-70.88102177963218
2604.3800730276107,-70.87770777283568,-70.87770777283568
2604.390073027611,-70.87441355605439,-70.87441355605439
2604.4000730514526,-70.87113925315825,-70.87113925315825
2604.410073051453,-70.86788500839077,-70.86788500839077
2604.4200730514526,-70.86465093949987,-70.86465093949987
2604.430073051453,-70.86143716910739,-70.86143716910739
2604.4400730514526,-70.85824381689646,-70.85824381689646
2604.450073051453,-70.8550709996589,-70.8550709996589
2604.4600730514526,-70.8519188313446,-70.8519188313446
2604.470073051453,-70.84878742307265,-70.84878742307265
2604.4800730514526,-70.84567688320102,-70.84567688320102
2604.490073051453,-70.8425873173422,-70.8425873173422
2604.5000730514525,-70.8395188284172,-70.8395188284172
2604.5100730514528,-70.83647151667475,-70.83647151667475
2604.5200730514525,-70.8334454797481,-70.8334454797481
2604.5300730514527,-70.83044081267975,-70.83044081267975
2604.5400730514525,-70.82745760796718,-70.82745760796718
2604.5500730514527,-70.82449595557826,-70.82449595557826
2604.5600730514525,-70.82155594302365,-70.82155594302365
2604.5700730514527,-70.81863765534702,-70.81863765534702
2604.5800730514525,-70.81574117520722,-70.81574117520722
2604.5900730514527,-70.81286658286389,-70.81286658286389
2604.6000730514525,-70.81001395625265,-70.81001395625265
2604.6100730514527,-70.80718337099917,-70.80718337099917
2604.6200730514524,-70.80437490045898,-70.80437490045898
2604.6300730514527,-70.80158861573359,-70.80158861573359
2604.6400730514524,-70.79882458572722,-70.79882458572722
2604.6500730514526,-70.79608287716736,-70.79608287716736
2604.660073051453,-70.79336355463825,-70.79336355463825
2604.6700730514526,-70.79066668060834,-70.79066668060834
2604.680073051453,-70.78799231546965,-70.78799231546965
2604.6900730514526,-70.78534051755632,-70.78534051755632
2604.700073051453,-70.78271134318958,-70.78271134318958
2604.7100730514526,-70.78010484669618,-70.78010484669618
2604.720073051453,-70.77752108044207,-70.77752108044207
2604.7300730514526,-70.77496009485549,-70.77496009485549
2604.740073051453,-70.7724219384664,-70.7724219384664
2604.7500730514525,-70.76990665793863,-70.76990665793863
2604.7600730514528,-70.7674142980845,-70.7674142980845
2604.7700730514525,-70.76494490188605,-70.76494490188605
2604.7800730514527,-70.76249851053855,-70.76249851053855
2604.7900730514525,-70.76007516348463,-70.76007516348463
2604.8000730514527,-70.7576748984159,-70.7576748984159
2604.8100730514525,-70.75529775132054,-70.75529775132054
2604.8200730514527,-70.7529437564916,-70.7529437564916
2604.8300730514525,-70.75061294657881,-70.75061294657881
2604.8400730514527,-70.7483053525714,-70.7483053525714
2604.8500730514525,-70.74602100388586,-70.74602100388586
2604.8600730514527,-70.7437599283148,-70.7437599283148
2604.8700730514524,-70.7415221521168,-70.7415221521168
2604.8800730514527,-70.73930769999913,-70.73930769999913
2604.8900730514524,-70.73711659517242,-70.73711659517242
2604.9000730514526,-70.7349488593315,-70.7349488593315
2604.910073051453,-70.73280451273773,-70.73280451273773
2604.9200730514526,-70.730683574183,-70.730683574183
2604.930073051453,-70.72858606104167,-70.72858606104167
2604.9400730514526,-70.72651198929923,-70.72651198929923
2604.950073051453,-70.72446137355549,-70.72446137355549
2604.9600730514526,-70.72242806521766,-70.72242806521766
2604.970073051453,-70.72040938136757,-70.72040938136757
2604.9800730514526,-70.71840402631553,-70.71840402631553
2604.990073051453,-70.71641134730304,-70.71641134730304
2605.0000730514525,-70.71443104981674,-70.71443104981674
2605.0100730514528,-70.71246304931083,-70.71246304931083
2605.0200730514525,-70.7105073840642,-70.7105073840642
2605.0300730514527,-70.70856416271162,-70.70856416271162
2605.0400730514525,-70.70663353265488,-70.70663353265488
2605.0500730514527,-70.70471566106737,-70.70471566106737
2605.0600730514525,-70.70281072357876,-70.70281072357876
2605.0700730514527,-70.7009188976464,-70.7009188976464
2605.0800730514525,-70.69904035874482,-70.69904035874482
2605.0900730514527,-70.69717527833151,-70.69717527833151
2605.1000730514525,-70.69532382282179,-70.69532382282179
2605.1100730514527,-70.69348615323733,-70.69348615323733
2605.1200730514524,-70.69166242516684,-70.69166242516684
2605.1300730514527,-70.68985278896479,-70.68985278896479
2605.1400730514524,-70.68805739004748,-70.68805739004748
2605.1500730514526,-70.68627636921096,-70.68627636921096
2605.160073051453,-70.68450986297792,-70.68450986297792
2605.1700730514526,-70.68275800391706,-70.68275800391706
2605.180073051453,-70.68102092093982,-70.68102092093982
2605.1900730514526,-70.67929873957388,-70.67929873957388
2605.200073051453,-70.67759158220603,-70.67759158220603
2605.2100730514526,-70.675899568282,-70.675899568282
2605.220073051453,-70.67422281450256,-70.67422281450256
2605.2300730514526,-70.67256143497269,-70.67256143497269
2605.240073051453,-70.67091554133961,-70.67091554133961
2605.2500730752945,-70.66928523903768,-70.66928523903768
2605.2600730752947,-70.66767064293414,-70.66767064293414
2605.2700730752945,-70.66607185404229,-70.66607185404229
2605.2800730752947,-70.6644889752042,-70.6644889752042
2605.2900730752945,-70.66292210725696,-70.66292210725696
2605.3000730752947,-70.66137134906788,-70.66137134906788
2605.3100730752944,-70.65983679760583,-70.65983679760583
2605.3200730752947,-70.65831854794803,-70.65831854794803
2605.3300730752944,-70.65681669334698,-70.65681669334698
2605.3400730752946,-70.65533132523595,-70.65533132523595
2605.3500730752944,-70.6538625332664,-70.6538625332664
2605.3600730752946,-70.65241040532729,-70.65241040532729
2605.3700730752944,-70.65097502757092,-70.65097502757092
2605.3800730752946,-70.64955648441418,-70.64955648441418
2605.3900730752944,-70.64815485856828,-70.64815485856828
2605.4000730752946,-70.64677023104136,-70.64677023104136
2605.4100730752943,-70.64540268117237,-70.64540268117237
2605.4200730752946,-70.64405228661217,-70.64405228661217
2605.4300730752943,-70.64271912336447,-70.64271912336447
2605.4400730752945,-70.6414032657667,-70.6414032657667
2605.4500730752943,-70.64010478652645,-70.64010478652645
2605.4600730752945,-70.63882375671406,-70.63882375671406
2605.4700730752943,-70.63756024578169,-70.63756024578169
2605.4800730752945,-70.63631432157061,-70.63631432157061
2605.4900730752943,-70.63508605031043,-70.63508605031043
2605.5000730752945,-70.63387549663993,-70.63387549663993
2605.5100730752947,-70.63268272360823,-70.63268272360823
2605.5200730752945,-70.63150779270285,-70.63150779270285
2605.5300730752947,-70.63035076382434,-70.63035076382434
2605.5400730752945,-70.62921169533286,-70.62921169533286
2605.5500730752947,-70.6280906440295,-70.6280906440295
2605.5600730752944,-70.6269876651875,-70.6269876651875
2605.5700730752947,-70.62590281254136,-70.62590281254136
2605.5800730752944,-70.62483613832295,-70.62483613832295
2605.5900730752946,-70.62378769326193,-70.62378769326193
2605.6000730752944,-70.62275752657234,-70.62275752657234
2605.6100730752946,-70.62174568599353,-70.62174568599353
2605.6200730752944,-70.62075221780525,-70.62075221780525
2605.6300730752946,-70.61977716680524,-70.61977716680524
2605.6400730752944,-70.61882057636417,-70.61882057636417
2605.6500730752946,-70.61788248839788,-70.61788248839788
2605.6600730752943,-70.61696294340533,-70.61696294340533
2605.6700730752946,-70.61606198046918,-70.61606198046918
2605.6800730752943,-70.61517963728262,-70.61517963728262
2605.6900730752945,-70.61431595013713,-70.61431595013713
2605.7000730752943,-70.61347095396259,-70.61347095396259
2605.7100730752945,-70.61264468231485,-70.61264468231485
2605.7200730752943,-70.61183716741337,-70.61183716741337
2605.7300730752945,-70.6110484401294,-70.6110484401294
2605.7400730752943,-70.61027853002541,-70.61027853002541
2605.7500730752945,-70.60952746534915,-70.60952746534915
2605.7600730752947,-70.60879527305474,-70.60879527305474
2605.7700730752945,-70.60808197881714,-70.60808197881714
2605.7800730752947,-70.60738760704135,-70.60738760704135
2605.7900730752945,-70.60671218087553,-70.60671218087553
2605.8000730752947,-70.60605572223247,-70.60605572223247
2605.8100730752944,-70.6054182518047,-70.6054182518047
2605.8200730752947,-70.60479978905747,-70.60479978905747
2605.8300730752944,-70.60420035227385,-70.60420035227385
2605.8400730752946,-70.60361995855311,-70.60361995855311
2605.8500730752944,-70.60305862381091,-70.60305862381091
2605.8600730752946,-70.60251636281465,-70.60251636281465
2605.8700730752944,-70.60199318919348,-70.60199318919348
2605.8800730752946,-70.60148911544093,-70.60148911544093
2605.8900730752944,-70.60100415294853,-70.60100415294853
2605.9000730752946,-70.60053831199433,-70.60053831199433
2605.9100730752943,-70.60009160177864,-70.60009160177864
2605.9200730752946,-70.59966403042779,-70.59966403042779
2605.9300730752943,-70.59925560501338,-70.59925560501338
2605.9400730752945,-70.59886633155124,-70.59886633155124
2605.9500730752943,-70.59849621504215,-70.59849621504215
2605.9600730752945,-70.59814525946321,-70.59814525946321
2605.9700730752943,-70.59781346778787,-70.59781346778787
2605.9800730752945,-70.5975008419957,-70.5975008419957
2605.9900730752943,-70.59720738310415,-70.59720738310415
2606.0000730752945,-70.59693309115235,-70.59693309115235
2606.0100730752947,-70.59667796524552,-70.59667796524552
2606.0200730752945,-70.59644200354583,-70.59644200354583
2606.0300730752947,-70.59622520328368,-70.59622520328368
2606.0400730752945,-70.59602756080037,-70.59602756080037
2606.0500730752947,-70.59584907152201,-70.59584907152201
2606.0600730752944,-70.5956897300006,-70.5956897300006
2606.0700730752947,-70.59554952991871,-70.59554952991871
2606.0800730752944,-70.59542846410145,-70.59542846410145
2606.0900730752946,-70.59532652453092,-70.59532652453092
2606.1000730991364,-70.59524370215374,-70.59524370215374
2606.1100730991366,-70.59517998773377,-70.59517998773377
2606.1200730991363,-70.59513537054855,-70.59513537054855
2606.1300730991366,-70.5951098393184,-70.5951098393184
2606.1400730991363,-70.59510338199524,-70.59510338199524
2606.1500730991365,-70.59511598573013,-70.59511598573013
2606.1600730991363,-70.59514763695006,-70.59514763695006
2606.1700730991365,-70.59519832131642,-70.59519832131642
2606.1800730991363,-70.59526802375547,-70.59526802375547
2606.1900730991365,-70.59535672846859,-70.59535672846859
2606.2000730991363,-70.59546441895871,-70.59546441895871
2606.2100730991365,-70.59558492555364,-70.59558492555364
2606.2200730991362,-70.59571553809597,-70.59571553809597
2606.2300730991365,-70.59585493095724,-70.59585493095724
2606.240073099136,-70.59600242018483,-70.59600242018483
2606.2500730991364,-70.59615767951675,-70.59615767951675
2606.260073099136,-70.59632059254737,-70.59632059254737
2606.2700730991364,-70.59649116591245,-70.59649116591245
2606.280073099136,-70.59666947708126,-70.59666947708126
2606.2900730991364,-70.59685564286913,-70.59685564286913
2606.300073099136,-70.59704980056287,-70.59704980056287
2606.3100730991364,-70.5972520966404,-70.5972520966404
2606.320073099136,-70.59746268017824,-70.59746268017824
2606.3300730991364,-70.59768169904935,-70.59768169904935
2606.340073099136,-70.59790929788737,-70.59790929788737
2606.3500730991364,-70.59814561704903,-70.59814561704903
2606.3600730991366,-70.59839079223882,-70.59839079223882
2606.3700730991363,-70.59864495447903,-70.59864495447903
2606.3800730991366,-70.59890823027432,-70.59890823027432
2606.3900730991363,-70.5991807418761,-70.5991807418761
2606.4000730991365,-70.5994626076033,-70.5994626076033
2606.4100730991363,-70.59975394216814,-70.59975394216814
2606.4200730991365,-70.60005485696784,-70.60005485696784
2606.4300730991363,-70.60036546038583,-70.60036546038583
2606.4400730991365,-70.60068585800983,-70.60068585800983
2606.4500730991363,-70.60101615290056,-70.60101615290056
2606.4600730991365,-70.60135644575604,-70.60135644575604
2606.4700730991362,-70.6017068351003,-70.6017068351003
2606.4800730991365,-70.60206741741618,-70.60206741741618
2606.490073099136,-70.60243828726752,-70.60243828726752
2606.5000730991364,-70.60281953742019,-70.60281953742019
2606.510073099136,-70.60321125891714,-70.60321125891714
2606.5200730991364,-70.60361354116033,-70.60361354116033
2606.530073099136,-70.6040264719781,-70.6040264719781
2606.5400730991364,-70.60445013766316,-70.60445013766316
2606.550073099136,-70.60488462303455,-70.60488462303455
2606.5600730991364,-70.60533001146167,-70.60533001146167
2606.570073099136,-70.60578638490509,-70.60578638490509
2606.5800730991364,-70.60625382392688,-70.60625382392688
2606.590073099136,-70.60673240773174,-70.60673240773174
2606.6000730991364,-70.60722221417132,-70.60722221417132
2606.6100730991366,-70.60772331975149,-70.60772331975149
2606.6200730991363,-70.60823579967,-70.60823579967
2606.6300730991366,-70.60875972779127,-70.60875972779127
2606.6400730991363,-70.60929517669277,-70.60929517669277
2606.6500730991365,-70.6098422176329,-70.6098422176329
2606.6600730991363,-70.61040092058396,-70.61040092058396
2606.6700730991365,-70.61097135423172,-70.61097135423172
2606.6800730991363,-70.61155358596548,-70.61155358596548
2606.6900730991365,-70.61214768189885,-70.61214768189885
2606.7000730991363,-70.6127537068729,-70.6127537068729
2606.7100730991365,-70.61337172444438,-70.61337172444438
2606.7200730991362,-70.61400179690102,-70.61400179690102
2606.7300730991365,-70.61464398526512,-70.61464398526512
2606.740073099136,-70.61529834928697,-70.61529834928697
2606.7500730991364,-70.61596494745937,-70.61596494745937
2606.760073099136,-70.6166438370162,-70.6166438370162
2606.7700730991364,-70.6173350739324,-70.6173350739324
2606.780073099136,-70.61803871293979,-70.61803871293979
2606.7900730991364,-70.61875480751475,-70.61875480751475
2606.800073099136,-70.61948340989889,-70.61948340989889
2606.8100730991364,-70.6202245710921,-70.6202245710921
2606.820073099136,-70.6209783408661,-70.6209783408661
2606.8300730991364,-70.62174476776543,-70.62174476776543
2606.840073099136,-70.62252389911778,-70.62252389911778
2606.8500730991364,-70.62331578102022,-70.62331578102022
2606.8600730991366,-70.62412045838266,-70.62412045838266
2606.8700730991363,-70.62493797489665,-70.62493797489665
2606.8800730991366,-70.62576837307262,-70.62576837307262
2606.8900730991363,-70.62661169423555,-70.62661169423555
2606.9000730991365,-70.62746797851057,-70.62746797851057
2606.9100730991363,-70.62833726487902,-70.62833726487902
2606.9200730991365,-70.62921959113756,-70.62921959113756
2606.9300730991363,-70.63011499393573,-70.63011499393573
2606.9400730991365,-70.63102350877244,-70.63102350877244
2606.950073122978,-70.63194517221804,-70.63194517221804
2606.9600731229784,-70.6328800131428,-70.6328800131428
2606.970073122978,-70.63382806582084,-70.63382806582084
2606.9800731229784,-70.63478936125922,-70.63478936125922
2606.990073122978,-70.63576392936564,-70.63576392936564
2607.0000731229784,-70.63675179895495,-70.63675179895495
2607.010073122978,-70.63775299775209,-70.63775299775209
2607.0200731229784,-70.63876755242664,-70.63876755242664
2607.030073122978,-70.63979548857687,-70.63979548857687
2607.0400731229784,-70.64083683075268,-70.64083683075268
2607.050073122978,-70.64189160246765,-70.64189160246765
2607.0600731229783,-70.6429598262061,-70.6429598262061
2607.070073122978,-70.6440415234254,-70.6440415234254
2607.0800731229783,-70.64513671458111,-70.64513671458111
2607.090073122978,-70.6462454191289,-70.6462454191289
2607.1000731229783,-70.64736765554709,-70.64736765554709
2607.110073122978,-70.64850344132215,-70.64850344132215
2607.1200731229783,-70.64965279298828,-70.64965279298828
2607.130073122978,-70.65081572611675,-70.65081572611675
2607.1400731229783,-70.65199225534988,-70.65199225534988
2607.150073122978,-70.65318239438625,-70.65318239438625
2607.1600731229782,-70.65438615600486,-70.65438615600486
2607.170073122978,-70.65560355208488,-70.65560355208488
2607.1800731229782,-70.65683459359644,-70.65683459359644
2607.190073122978,-70.65807929062917,-70.65807929062917
2607.200073122978,-70.65933765239093,-70.65933765239093
2607.2100731229784,-70.66060968723345,-70.66060968723345
2607.220073122978,-70.66189540265009,-70.66189540265009
2607.2300731229784,-70.66319480528723,-70.66319480528723
2607.240073122978,-70.66450790096269,-70.66450790096269
2607.2500731229784,-70.66583469467037,-70.66583469467037
2607.260073122978,-70.667175190613,-70.667175190613
2607.2700731229784,-70.66852939216332,-70.66852939216332
2607.280073122978,-70.6698973019313,-70.6698973019313
2607.2900731229784,-70.67127892173333,-70.67127892173333
2607.300073122978,-70.67267425262901,-70.67267425262901
2607.3100731229783,-70.67408329492261,-70.67408329492261
2607.320073122978,-70.67550604816442,-70.67550604816442
2607.3300731229783,-70.6769425111829,-70.6769425111829
2607.340073122978,-70.67839268207442,-70.67839268207442
2607.3500731229783,-70.6798565582272,-70.6798565582272
2607.360073122978,-70.68133413631588,-70.68133413631588
2607.3700731229783,-70.68282541233252,-70.68282541233252
2607.380073122978,-70.68433038158855,-70.68433038158855
2607.3900731229783,-70.68584903870457,-70.68584903870457
2607.400073122978,-70.68738137766405,-70.68738137766405
2607.4100731229782,-70.68892739177821,-70.68892739177821
2607.420073122978,-70.69048707372853,-70.69048707372853
2607.4300731229782,-70.69206041556468,-70.69206041556468
2607.440073122978,-70.69364740870397,-70.69364740870397
2607.450073122978,-70.69524804395502,-70.69524804395502
2607.4600731229784,-70.69686231152568,-70.69686231152568
2607.470073122978,-70.69849020103042,-70.69849020103042
2607.4800731229784,-70.70013170149655,-70.70013170149655
2607.490073122978,-70.70178680136593,-70.70178680136593
2607.5000731229784,-70.70345548853454,-70.70345548853454
2607.510073122978,-70.7051377503323,-70.7051377503323
2607.5200731229784,-70.70683357354415,-70.70683357354415
2607.530073122978,-70.70854294441287,-70.70854294441287
2607.5400731229784,-70.71026584864582,-70.71026584864582
2607.550073122978,-70.71200227144007,-70.71200227144007
2607.5600731229783,-70.71375219747657,-70.71375219747657
2607.570073122978,-70.71551561093212,-70.71551561093212
2607.5800731229783,-70.71729249548126,-70.71729249548126
2607.590073122978,-70.71908283432111,-70.71908283432111
2607.6000731229783,-70.72088661017374,-70.72088661017374
2607.610073122978,-70.72270380528322,-70.72270380528322
2607.6200731229783,-70.72453440142691,-70.72453440142691
2607.630073122978,-70.72637837993578,-70.72637837993578
2607.6400731229783,-70.72823572168954,-70.72823572168954
2607.650073122978,-70.7301064071358,-70.7301064071358
2607.6600731229782,-70.73199041628403,-70.73199041628403
2607.670073122978,-70.73388772872887,-70.73388772872887
2607.6800731229782,-70.73579832364723,-70.73579832364723
2607.690073122978,-70.73772217979698,-70.73772217979698
2607.700073122978,-70.73965927555092,-70.73965927555092
2607.7100731229784,-70.74160342157117,-70.74160342157117
2607.720073122978,-70.74355189486757,-70.74355189486757
2607.7300731229784,-70.745503359301,-70.745503359301
2607.740073122978,-70.7474571213278,-70.7474571213278
2607.7500731229784,-70.74941284558105,-70.74941284558105
2607.760073122978,-70.75137040698779,-70.75137040698779
2607.7700731229784,-70.75332980394464,-70.75332980394464
2607.780073122978,-70.75529110613138,-70.75529110613138
2607.7900731229784,-70.75725442307142,-70.75725442307142
2607.80007314682,-70.75921988995005,-70.75921988995005
2607.8100731468203,-70.7611876376475,-70.7611876376475
2607.82007314682,-70.76315781421377,-70.76315781421377
2607.8300731468203,-70.76513056234019,-70.76513056234019
2607.84007314682,-70.76710602200832,-70.76710602200832
2607.8500731468203,-70.76908432943455,-70.76908432943455
2607.86007314682,-70.77106561668066,-70.77106561668066
2607.8700731468202,-70.77305001160428,-70.77305001160428
2607.88007314682,-70.77503763799963,-70.77503763799963
2607.89007314682,-70.77702861587741,-70.77702861587741
2607.90007314682,-70.77902306174148,-70.77902306174148
2607.91007314682,-70.78102108889162,-70.78102108889162
2607.92007314682,-70.78302280772138,-70.78302280772138
2607.93007314682,-70.78502832599877,-70.78502832599877
2607.94007314682,-70.78703774908912,-70.78703774908912
2607.95007314682,-70.78905118016039,-70.78905118016039
2607.96007314682,-70.79106254893286,-70.79106254893286
2607.97007314682,-70.79306925241079,-70.79306925241079
2607.98007314682,-70.79507007398159,-70.79507007398159
2607.99007314682,-70.79706443877214,-70.79706443877214
2608.00007314682,-70.79905212915497,-70.79905212915497
2608.01007314682,-70.80103313685325,-70.80103313685325
2608.02007314682,-70.80300757614904,-70.80300757614904
2608.03007314682,-70.8049756317317,-70.8049756317317
2608.04007314682,-70.80693752729576,-70.80693752729576
2608.05007314682,-70.80889350669916,-70.80889350669916
2608.0600731468203,-70.81084382273652,-70.81084382273652
2608.07007314682,-70.81278873052882,-70.81278873052882
2608.0800731468203,-70.81472848377835,-70.81472848377835
2608.09007314682,-70.81666333266746,-70.81666333266746
2608.1000731468203,-70.81859352287417,-70.81859352287417
2608.11007314682,-70.82051929512913,-70.82051929512913
2608.1200731468202,-70.82244088519857,-70.82244088519857
2608.13007314682,-70.8243585240014,-70.8243585240014
2608.14007314682,-70.8262724378798,-70.8262724378798
2608.15007314682,-70.82818284888427,-70.82818284888427
2608.16007314682,-70.83008997505429,-70.83008997505429
2608.17007314682,-70.83199403073013,-70.83199403073013
2608.18007314682,-70.83389522678586,-70.83389522678586
2608.19007314682,-70.83579377086953,-70.83579377086953
2608.20007314682,-70.83768986760867,-70.83768986760867
2608.21007314682,-70.83958371879775,-70.83958371879775
2608.22007314682,-70.84147552350795,-70.84147552350795
2608.23007314682,-70.84336547826322,-70.84336547826322
2608.24007314682,-70.84525377711694,-70.84525377711694
2608.25007314682,-70.84714061174493,-70.84714061174493
2608.26007314682,-70.84902617152807,-70.84902617152807
2608.27007314682,-70.85091064360275,-70.85091064360275
2608.28007314682,-70.8527942129208,-70.8527942129208
2608.29007314682,-70.85467706228187,-70.85467706228187
2608.30007314682,-70.8565593723601,-70.8565593723601
2608.3100731468203,-70.85844132174768,-70.85844132174768
2608.32007314682,-70.86032308695606,-70.86032308695606
2608.3300731468203,-70.86220484244056,-70.86220484244056
2608.34007314682,-70.86408676062479,-70.86408676062479
2608.3500731468203,-70.86596901186552,-70.86596901186552
2608.36007314682,-70.86785176452229,-70.86785176452229
2608.3700731468202,-70.86973518491598,-70.86973518491598
2608.38007314682,-70.8716194373451,-70.8716194373451
2608.39007314682,-70.87350468408889,-70.87350468408889
2608.40007314682,-70.87539108541799,-70.87539108541799
2608.41007314682,-70.877278799577,-70.877278799577
2608.42007314682,-70.87916798280624,-70.87916798280624
2608.43007314682,-70.8810587893212,-70.8810587893212
2608.44007314682,-70.88295137133991,-70.88295137133991
2608.45007314682,-70.88484587905252,-70.88484587905252
2608.46007314682,-70.88674246064598,-70.88674246064598
2608.47007314682,-70.88864126230281,-70.88864126230281
2608.48007314682,-70.89054242819631,-70.89054242819631
2608.49007314682,-70.89244610049747,-70.89244610049747
2608.50007314682,-70.89435241937805,-70.89435241937805
2608.51007314682,-70.89626152301697,-70.89626152301697
2608.52007314682,-70.8981735475904,-70.8981735475904
2608.53007314682,-70.90008862730299,-70.90008862730299
2608.54007314682,-70.90200689436847,-70.90200689436847
2608.55007314682,-70.90392847902636,-70.90392847902636
2608.5600731468203,-70.90585350955924,-70.90585350955924
2608.57007314682,-70.90778211227294,-70.90778211227294
2608.5800731468203,-70.90971441152949,-70.90971441152949
2608.59007314682,-70.91165052974956,-70.91165052974956
2608.6000731468203,-70.91359058741645,-70.91359058741645
2608.61007314682,-70.91553470308777,-70.91553470308777
2608.6200731468202,-70.91748299339996,-70.91748299339996
2608.63007314682,-70.91943557308747,-70.91943557308747
2608.64007314682,-70.921392554999,-70.921392554999
2608.650073170662,-70.92335405476007,-70.92335405476007
2608.660073170662,-70.92532017213475,-70.92532017213475
2608.670073170662,-70.92729101901452,-70.92729101901452
2608.680073170662,-70.92926670077506,-70.92926670077506
2608.690073170662,-70.93124732097903,-70.93124732097903
2608.700073170662,-70.93323298134881,-70.93323298134881
2608.710073170662,-70.93522378182725,-70.93522378182725
2608.720073170662,-70.93721982054096,-70.93721982054096
2608.730073170662,-70.93922119385505,-70.93922119385505
2608.740073170662,-70.94122799636574,-70.94122799636574
2608.750073170662,-70.94324032092372,-70.94324032092372
2608.760073170662,-70.945258258651,-70.945258258651
2608.770073170662,-70.94728189894622,-70.94728189894622
2608.780073170662,-70.94931132950687,-70.94931132950687
2608.790073170662,-70.9513466363497,-70.9513466363497
2608.800073170662,-70.9533879038204,-70.9533879038204
2608.810073170662,-70.9554352146156,-70.9554352146156
2608.820073170662,-70.95748864978098,-70.95748864978098
2608.8300731706618,-70.95954828875273,-70.95954828875273
2608.840073170662,-70.96161420936535,-70.96161420936535
2608.8500731706617,-70.96368648784728,-70.96368648784728
2608.860073170662,-70.96576519887208,-70.96576519887208
2608.8700731706617,-70.9678504155585,-70.9678504155585
2608.880073170662,-70.96994220947832,-70.96994220947832
2608.8900731706617,-70.97204065068198,-70.97204065068198
2608.900073170662,-70.97414580771256,-70.97414580771256
2608.910073170662,-70.97625774764747,-70.97625774764747
2608.920073170662,-70.97837653606523,-70.97837653606523
2608.930073170662,-70.98050223710229,-70.98050223710229
2608.940073170662,-70.98263491345578,-70.98263491345578
2608.950073170662,-70.98477462641753,-70.98477462641753
2608.960073170662,-70.98692143585438,-70.98692143585438
2608.970073170662,-70.98907540025095,-70.98907540025095
2608.980073170662,-70.99123657672509,-70.99123657672509
2608.990073170662,-70.99340502104754,-70.99340502104754
2609.000073170662,-70.99558078764362,-70.99558078764362
2609.010073170662,-70.99776392961562,-70.99776392961562
2609.020073170662,-70.99995449877413,-70.99995449877413
2609.030073170662,-71.00215254563071,-71.00215254563071
2609.040073170662,-71.00435811943312,-71.00435811943312
2609.050073170662,-71.00657126816702,-71.00657126816702
2609.060073170662,-71.00879203859283,-71.00879203859283
2609.070073170662,-71.01102047623773,-71.01102047623773
2609.0800731706618,-71.01325662542806,-71.01325662542806
2609.090073170662,-71.01550052929304,-71.01550052929304
2609.1000731706617,-71.01775222978715,-71.01775222978715
2609.110073170662,-71.02001176771212,-71.02001176771212
2609.1200731706617,-71.02227918273161,-71.02227918273161
2609.130073170662,-71.02455451336444,-71.02455451336444
2609.1400731706617,-71.02683779703034,-71.02683779703034
2609.150073170662,-71.02912907004558,-71.02912907004558
2609.160073170662,-71.0314283676444,-71.0314283676444
2609.170073170662,-71.03373572399991,-71.03373572399991
2609.180073170662,-71.03605117222476,-71.03605117222476
2609.190073170662,-71.03837474439811,-71.03837474439811
2609.200073170662,-71.04070647157486,-71.04070647157486
2609.210073170662,-71.04304638380155,-71.04304638380155
2609.220073170662,-71.04539451013133,-71.04539451013133
2609.230073170662,-71.04775087863388,-71.04775087863388
2609.240073170662,-71.05011551641407,-71.05011551641407
2609.250073170662,-71.0524884496268,-71.0524884496268
2609.260073170662,-71.05486970348471,-71.05486970348471
2609.270073170662,-71.0572593022779,-71.0572593022779
2609.280073170662,-71.05965726938592,-71.05965726938592
2609.290073170662,-71.06206362729533,-71.06206362729533
2609.300073170662,-71.06447839759282,-71.06447839759282
2609.310073170662,-71.066901601007,-71.066901601007
2609.320073170662,-71.06933325740023,-71.06933325740023
2609.3300731706618,-71.07177338579126,-71.07177338579126
2609.340073170662,-71.07422200436665,-71.07422200436665
2609.3500731706617,-71.0766791304909,-71.0766791304909
2609.360073170662,-71.07914478071787,-71.07914478071787
2609.3700731706617,-71.0816189708126,-71.0816189708126
2609.380073170662,-71.08410171574549,-71.08410171574549
2609.3900731706617,-71.08659302972367,-71.08659302972367
2609.400073170662,-71.08909292618594,-71.08909292618594
2609.410073170662,-71.09160141782766,-71.09160141782766
2609.420073170662,-71.09411851660838,-71.09411851660838
2609.430073170662,-71.09664423375017,-71.09664423375017
2609.440073170662,-71.09917857977847,-71.09917857977847
2609.450073170662,-71.101721564501,-71.101721564501
2609.460073170662,-71.10427319703918,-71.10427319703918
2609.470073170662,-71.10683348583045,-71.10683348583045
2609.480073170662,-71.10940243863918,-71.10940243863918
2609.490073170662,-71.1119800625728,-71.1119800625728
2609.500073194504,-71.11456637024274,-71.11456637024274
2609.510073194504,-71.11716135518364,-71.11716135518364
2609.5200731945038,-71.1197650287025,-71.1197650287025
2609.530073194504,-71.12237739536616,-71.12237739536616
2609.5400731945037,-71.12499845913783,-71.12499845913783
2609.550073194504,-71.12762822337812,-71.12762822337812
2609.5600731945037,-71.1302666908478,-71.1302666908478
2609.570073194504,-71.13291386373119,-71.13291386373119
2609.5800731945037,-71.13556974364768,-71.13556974364768
2609.590073194504,-71.13823433165204,-71.13823433165204
2609.6000731945037,-71.14090762824534,-71.14090762824534
2609.610073194504,-71.14358963337227,-71.14358963337227
2609.6200731945037,-71.14628034646567,-71.14628034646567
2609.630073194504,-71.14897976641427,-71.14897976641427
2609.6400731945037,-71.1516878915933,-71.1516878915933
2609.650073194504,-71.15440471987237,-71.15440471987237
2609.6600731945036,-71.15713024862802,-71.15713024862802
2609.670073194504,-71.15986447472484,-71.15986447472484
2609.6800731945036,-71.16260739456165,-71.16260739456165
2609.690073194504,-71.16535900404827,-71.16535900404827
2609.7000731945036,-71.16811929863998,-71.16811929863998
2609.710073194504,-71.1708820679451,-71.1708820679451
2609.7200731945036,-71.17364458863419,-71.17364458863419
2609.730073194504,-71.17640553191654,-71.17640553191654
2609.7400731945036,-71.17916421477956,-71.17916421477956
2609.750073194504,-71.18192031403206,-71.18192031403206
2609.760073194504,-71.18467371767686,-71.18467371767686
2609.7700731945038,-71.18742443774298,-71.18742443774298
2609.780073194504,-71.19017255787558,-71.19017255787558
2609.7900731945037,-71.19291820180891,-71.19291820180891
2609.800073194504,-71.19566151443163,-71.19566151443163
2609.8100731945037,-71.19840265051468,-71.19840265051468
2609.820073194504,-71.2011417680834,-71.2011417680834
2609.8300731945037,-71.20387902460158,-71.20387902460158
2609.840073194504,-71.20661457491097,-71.20661457491097
2609.8500731945037,-71.20934857020129,-71.20934857020129
2609.860073194504,-71.21208115756347,-71.21208115756347
2609.8700731945037,-71.2148124799787,-71.2148124799787
2609.880073194504,-71.21754267643163,-71.21754267643163
2609.8900731945037,-71.22027188218553,-71.22027188218553
2609.900073194504,-71.22300022903669,-71.22300022903669
2609.9100731945036,-71.2257278456488,-71.2257278456488
2609.920073194504,-71.22845485781684,-71.22845485781684
2609.9300731945036,-71.23118138873669,-71.23118138873669
2609.940073194504,-71.23390755923266,-71.23390755923266
2609.9500731945036,-71.23663348796688,-71.23663348796688
2609.960073194504,-71.239353080486,-71.239353080486
2609.9700731945036,-71.24206373138344,-71.24206373138344
2609.980073194504,-71.2447642298343,-71.2447642298343
2609.9900731945036,-71.2474540102275,-71.2474540102275
2610.000073194504,-71.2501328660397,-71.2501328660397
2610.010073194504,-71.25280080114719,-71.25280080114719
2610.0200731945038,-71.25545794263701,-71.25545794263701
2610.030073194504,-71.25810448843238,-71.25810448843238
2610.0400731945037,-71.2607406757491,-71.2607406757491
2610.050073194504,-71.26336676219643,-71.26336676219643
2610.0600731945037,-71.26598301450666,-71.26598301450666
2610.070073194504,-71.26858970191778,-71.26858970191778
2610.0800731945037,-71.2711870923591,-71.2711870923591
2610.090073194504,-71.27377545039606,-71.27377545039606
2610.1000731945037,-71.27635503618829,-71.27635503618829
2610.110073194504,-71.27892610506892,-71.27892610506892
2610.1200731945037,-71.28148890749614,-71.28148890749614
2610.130073194504,-71.28404368916824,-71.28404368916824
2610.1400731945037,-71.28659069130171,-71.28659069130171
2610.150073194504,-71.28913015088654,-71.28913015088654
2610.1600731945036,-71.29166230097906,-71.29166230097906
2610.170073194504,-71.29418737096825,-71.29418737096825
2610.1800731945036,-71.29670558684785,-71.29670558684785
2610.190073194504,-71.29921717143547,-71.29921717143547
2610.2000731945036,-71.30172234457406,-71.30172234457406
2610.210073194504,-71.30422132327989,-71.30422132327989
2610.2200731945036,-71.30671432190823,-71.30671432190823
2610.230073194504,-71.30920155227886,-71.30920155227886
2610.2400731945036,-71.31168322374972,-71.31168322374972
2610.250073194504,-71.31415954332843,-71.31415954332843
2610.260073194504,-71.316630715737,-71.316630715737
2610.2700731945038,-71.31909694347009,-71.31909694347009
2610.280073194504,-71.32155842681773,-71.32155842681773
2610.2900731945037,-71.32401536393235,-71.32401536393235
2610.300073194504,-71.32646795085188,-71.32646795085188
2610.3100731945037,-71.32891638149927,-71.32891638149927
2610.320073194504,-71.33136084771733,-71.33136084771733
2610.3300731945037,-71.33380153929598,-71.33380153929598
2610.340073194504,-71.33623864395665,-71.33623864395665
2610.3500732183456,-71.33867235314983,-71.33867235314983
2610.360073218346,-71.34110283890472,-71.34110283890472
2610.3700732183456,-71.34353028859273,-71.34353028859273
2610.380073218346,-71.34595488174372,-71.34595488174372
2610.3900732183456,-71.34837679584923,-71.34837679584923
2610.400073218346,-71.3507962063482,-71.3507962063482
2610.4100732183456,-71.35321328663491,-71.35321328663491
2610.420073218346,-71.35562820805902,-71.35562820805902
2610.4300732183456,-71.35804113993441,-71.35804113993441
2610.440073218346,-71.36045224951245,-71.36045224951245
2610.4500732183456,-71.36286170201764,-71.36286170201764
2610.4600732183458,-71.3652696606111,-71.3652696606111
2610.4700732183455,-71.36767628642066,-71.36767628642066
2610.4800732183458,-71.37008173851885,-71.37008173851885
2610.4900732183455,-71.37248617394268,-71.37248617394268
2610.5000732183457,-71.37488974769636,-71.37488974769636
2610.5100732183455,-71.37729261272781,-71.37729261272781
2610.5200732183457,-71.379694919963,-71.379694919963
2610.5300732183455,-71.38209681830003,-71.38209681830003
2610.5400732183457,-71.38449845460099,-71.38449845460099
2610.5500732183455,-71.38689997371752,-71.38689997371752
2610.5600732183457,-71.38930151847768,-71.38930151847768
2610.5700732183454,-71.39170322971228,-71.39170322971228
2610.5800732183457,-71.39410524624762,-71.39410524624762
2610.5900732183454,-71.39650770491475,-71.39650770491475
2610.6000732183456,-71.39891074056325,-71.39891074056325
2610.610073218346,-71.40131448606728,-71.40131448606728
2610.6200732183456,-71.40371907233818,-71.40371907233818
2610.630073218346,-71.4061246283286,-71.4061246283286
2610.6400732183456,-71.40853128104123,-71.40853128104123
2610.650073218346,-71.41093915555567,-71.41093915555567
2610.6600732183456,-71.41334837501928,-71.41334837501928
2610.670073218346,-71.41575906067565,-71.41575906067565
2610.6800732183456,-71.41817133186842,-71.41817133186842
2610.690073218346,-71.42058530605165,-71.42058530605165
2610.7000732183456,-71.42300109881553,-71.42300109881553
2610.7100732183458,-71.42541882387809,-71.42541882387809
2610.7200732183455,-71.42783859312028,-71.42783859312028
2610.7300732183458,-71.43026051659677,-71.43026051659677
2610.7400732183455,-71.43268470254287,-71.43268470254287
2610.7500732183457,-71.43511125738107,-71.43511125738107
2610.7600732183455,-71.43754028576232,-71.43754028576232
2610.7700732183457,-71.43997189054963,-71.43997189054963
2610.7800732183455,-71.44240617286496,-71.44240617286496
2610.7900732183457,-71.4448432320817,-71.4448432320817
2610.8000732183455,-71.44728316585228,-71.44728316585228
2610.8100732183457,-71.44972607010727,-71.44972607010727
2610.8200732183454,-71.45217203910752,-71.45217203910752
2610.8300732183457,-71.45462116541682,-71.45462116541682
2610.8400732183454,-71.45707353994825,-71.45707353994825
2610.8500732183456,-71.45952925196733,-71.45952925196733
2610.860073218346,-71.46198838911097,-71.46198838911097
2610.8700732183456,-71.46445103741542,-71.46445103741542
2610.880073218346,-71.46691728130762,-71.46691728130762
2610.8900732183456,-71.46938720365026,-71.46938720365026
2610.900073218346,-71.47186088574024,-71.47186088574024
2610.9100732183456,-71.4743384073378,-71.4743384073378
2610.920073218346,-71.47681984666636,-71.47681984666636
2610.9300732183456,-71.47930528044715,-71.47930528044715
2610.940073218346,-71.48179478390358,-71.48179478390358
2610.9500732183456,-71.48428843079182,-71.48428843079182
2610.9600732183458,-71.48678629339702,-71.48678629339702
2610.9700732183455,-71.48928844257917,-71.48928844257917
2610.9800732183458,-71.49179494775409,-71.49179494775409
2610.9900732183455,-71.494305876945,-71.494305876945
2611.0000732183457,-71.49682129677012,-71.49682129677012
2611.0100732183455,-71.49934127248457,-71.49934127248457
2611.0200732183457,-71.5018658679903,-71.5018658679903
2611.0300732183455,-71.50439514582733,-71.50439514582733
2611.0400732183457,-71.50692916722376,-71.50692916722376
2611.0500732183455,-71.50946799209859,-71.50946799209859
2611.0600732183457,-71.5120116790787,-71.5120116790787
2611.0700732183454,-71.51456028551135,-71.51456028551135
2611.0800732183457,-71.51711386749001,-71.51711386749001
2611.0900732183454,-71.519672479864,-71.519672479864
2611.1000732183456,-71.52223617624797,-71.52223617624797
2611.110073218346,-71.52480500904721,-71.52480500904721
2611.1200732183456,-71.52737902947679,-71.52737902947679
2611.130073218346,-71.52995828756478,-71.52995828756478
2611.1400732183456,-71.53254283218097,-71.53254283218097
2611.150073218346,-71.53513271103846,-71.53513271103846
2611.1600732183456,-71.53772797072692,-71.53772797072692
2611.170073218346,-71.54032865670288,-71.54032865670288
2611.1800732183456,-71.54293481332721,-71.54293481332721
2611.190073218346,-71.54554648387176,-71.54554648387176
2611.2000732421875,-71.54816371677018,-71.54816371677018
2611.2100732421877,-71.5507865407212,-71.5507865407212
2611.2200732421875,-71.55341500200866,-71.55341500200866
2611.2300732421877,-71.55604913970603,-71.55604913970603
2611.2400732421875,-71.55868899186494,-71.55868899186494
2611.2500732421877,-71.56133459552454,-71.56133459552454
2611.2600732421874,-71.56398598674556,-71.56398598674556
2611.2700732421877,-71.5666432006091,-71.5666432006091
2611.2800732421874,-71.56930627123899,-71.56930627123899
2611.2900732421876,-71.57197523180804,-71.57197523180804
2611.3000732421874,-71.57465011455807,-71.57465011455807
2611.3100732421876,-71.57733095081186,-71.57733095081186
2611.3200732421874,-71.58001777099106,-71.58001777099106
2611.3300732421876,-71.582710604612,-71.582710604612
2611.3400732421874,-71.58540948031285,-71.58540948031285
2611.3500732421876,-71.58811442586277,-71.58811442586277
2611.3600732421874,-71.59082546818021,-71.59082546818021
2611.3700732421876,-71.59354263334474,-71.59354263334474
2611.3800732421873,-71.59626594659544,-71.59626594659544
2611.3900732421876,-71.598995432354,-71.598995432354
2611.4000732421873,-71.60173111424011,-71.60173111424011
2611.4100732421875,-71.60447301507945,-71.60447301507945
2611.4200732421873,-71.60722115690531,-71.60722115690531
2611.4300732421875,-71.60997556098853,-71.60997556098853
2611.4400732421873,-71.61273624784032,-71.61273624784032
2611.4500732421875,-71.61550323722345,-71.61550323722345
2611.4600732421877,-71.61827654815124,-71.61827654815124
2611.4700732421875,-71.62105619893069,-71.62105619893069
2611.4800732421877,-71.62384220713611,-71.62384220713611
2611.4900732421875,-71.62663458965052,-71.62663458965052
2611.5000732421877,-71.62943336265229,-71.62943336265229
2611.5100732421874,-71.63223854163752,-71.63223854163752
2611.5200732421877,-71.63505014143934,-71.63505014143934
2611.5300732421874,-71.63786817622406,-71.63786817622406
2611.5400732421876,-71.64069265950342,-71.64069265950342
2611.5500732421874,-71.64352360414055,-71.64352360414055
2611.5600732421876,-71.64636102238526,-71.64636102238526
2611.5700732421874,-71.6492049258482,-71.6492049258482
2611.5800732421876,-71.65205532552265,-71.65205532552265
2611.5900732421874,-71.65491223181584,-71.65491223181584
2611.6000732421876,-71.65777565452558,-71.65777565452558
2611.6100732421874,-71.6606456028714,-71.6606456028714
2611.6200732421876,-71.66352208550272,-71.66352208550272
2611.6300732421873,-71.66640511048998,-71.66640511048998
2611.6400732421876,-71.66929468535318,-71.66929468535318
2611.6500732421873,-71.67219081706378,-71.67219081706378
2611.6600732421875,-71.67509351204701,-71.67509351204701
2611.6700732421873,-71.67800277620655,-71.67800277620655
2611.6800732421875,-71.68091861491047,-71.68091861491047
2611.6900732421873,-71.683841033021,-71.683841033021
2611.7000732421875,-71.68677003488126,-71.68677003488126
2611.7100732421877,-71.6897056243583,-71.6897056243583
2611.7200732421875,-71.69264780481092,-71.69264780481092
2611.7300732421877,-71.69559657910948,-71.69559657910948
2611.7400732421875,-71.69855194967101,-71.69855194967101
2611.7500732421877,-71.70151391842484,-71.70151391842484
2611.7600732421874,-71.70448248684548,-71.70448248684548
2611.7700732421877,-71.70745765596187,-71.70745765596187
2611.7800732421874,-71.71043942634898,-71.71043942634898
2611.7900732421876,-71.71342779815339,-71.71342779815339
2611.8000732421874,-71.71642277108039,-71.71642277108039
2611.8100732421876,-71.7194243444275,-71.7194243444275
2611.8200732421874,-71.72243251706027,-71.72243251706027
2611.8300732421876,-71.72544728743206,-71.72544728743206
2611.8400732421874,-71.72846865360911,-71.72846865360911
2611.8500732421876,-71.73149661324807,-71.73149661324807
2611.8600732421874,-71.73453116362667,-71.73453116362667
2611.8700732421876,-71.73757230162701,-71.73757230162701
2611.8800732421873,-71.74062002376462,-71.74062002376462
2611.8900732421876,-71.74367432618328,-71.74367432618328
2611.9000732421873,-71.74673520465198,-71.74673520465198
2611.9100732421875,-71.74980265458967,-71.74980265458967
2611.9200732421873,-71.75287667106656,-71.75287667106656
2611.9300732421875,-71.75595724880137,-71.75595724880137
2611.9400732421873,-71.75904438217268,-71.75904438217268
2611.9500732421875,-71.76213806522765,-71.76213806522765
2611.9600732421877,-71.7652320333632,-71.7652320333632
2611.9700732421875,-71.76832353821887,-71.76832353821887
2611.9800732421877,-71.77141123737253,-71.77141123737253
2611.9900732421875,-71.7744944393584,-71.7744944393584
2612.0000732421877,-71.77757281537211,-71.77757281537211
2612.0100732421874,-71.78064624954865,-71.78064624954865
2612.0200732421877,-71.78371475111157,-71.78371475111157
2612.0300732421874,-71.7867784016509,-71.7867784016509
2612.0400732421876,-71.78983732333923,-71.78983732333923
2612.0500732660294,-71.7928916671781,-71.7928916671781
2612.0600732660296,-71.79594157253558,-71.79594157253558
2612.0700732660293,-71.79898720412085,-71.79898720412085
2612.0800732660296,-71.80202871905722,-71.80202871905722
2612.0900732660293,-71.80506627205642,-71.80506627205642
2612.1000732660295,-71.8081000143601,-71.8081000143601
2612.1100732660293,-71.81113009334508,-71.81113009334508
2612.1200732660295,-71.8141566524345,-71.8141566524345
2612.1300732660293,-71.81717983123806,-71.81717983123806
2612.1400732660295,-71.82019976581678,-71.82019976581678
2612.1500732660293,-71.82321658892951,-71.82321658892951
2612.1600732660295,-71.8262304303655,-71.8262304303655
2612.1700732660292,-71.82924141720494,-71.82924141720494
2612.1800732660295,-71.8322496740631,-71.8322496740631
2612.1900732660292,-71.83525532334735,-71.83525532334735
2612.2000732660294,-71.83825848543117,-71.83825848543117
2612.210073266029,-71.841253014115,-71.841253014115
2612.2200732660294,-71.84423628178895,-71.84423628178895
2612.230073266029,-71.84720706703025,-71.84720706703025
2612.2400732660294,-71.85016479887932,-71.85016479887932
2612.250073266029,-71.85310926837253,-71.85310926837253
2612.2600732660294,-71.85604047869461,-71.85604047869461
2612.270073266029,-71.85895855737573,-71.85895855737573
2612.2800732660294,-71.86186370347035,-71.86186370347035
2612.290073266029,-71.86475615587834,-71.86475615587834
2612.3000732660294,-71.86763617424748,-71.86763617424748
2612.3100732660296,-71.8705040276545,-71.8705040276545
2612.3200732660293,-71.87335998793164,-71.87335998793164
2612.3300732660296,-71.87620432582023,-71.87620432582023
2612.3400732660293,-71.87903730889636,-71.87903730889636
2612.3500732660295,-71.88185920052231,-71.88185920052231
2612.3600732660293,-71.88467025939312,-71.88467025939312
2612.3700732660295,-71.88747073950414,-71.88747073950414
2612.3800732660293,-71.89026089024912,-71.89026089024912
2612.3900732660295,-71.89304095667418,-71.89304095667418
2612.4000732660293,-71.89581117974237,-71.89581117974237
2612.4100732660295,-71.89857179662211,-71.89857179662211
2612.4200732660292,-71.90132304096171,-71.90132304096171
2612.4300732660295,-71.90406514312815,-71.90406514312815
2612.4400732660292,-71.90679833042383,-71.90679833042383
2612.4500732660294,-71.90952282728108,-71.90952282728108
2612.460073266029,-71.91223258531684,-71.91223258531684
2612.4700732660294,-71.91492507741616,-71.91492507741616
2612.480073266029,-71.91759918313491,-71.91759918313491
2612.4900732660294,-71.92025443219194,-71.92025443219194
2612.500073266029,-71.92289071575027,-71.92289071575027
2612.5100732660294,-71.92550813642278,-71.92550813642278
2612.520073266029,-71.92810692036511,-71.92810692036511
2612.5300732660294,-71.93068736442531,-71.93068736442531
2612.540073266029,-71.93324980439826,-71.93324980439826
2612.5500732660294,-71.93579459595159,-71.93579459595159
2612.5600732660296,-71.93832210324985,-71.93832210324985
2612.5700732660293,-71.94083269229027,-71.94083269229027
2612.5800732660296,-71.94332672704768,-71.94332672704768
2612.5900732660293,-71.94580456738666,-71.94580456738666
2612.6000732660295,-71.94826656801028,-71.94826656801028
2612.6100732660293,-71.95071307801855,-71.95071307801855
2612.6200732660295,-71.95314444082824,-71.95314444082824
2612.6300732660293,-71.95556099432417,-71.95556099432417
2612.6400732660295,-71.95796307108539,-71.95796307108539
2612.6500732660293,-71.96035099863609,-71.96035099863609
2612.6600732660295,-71.96272509975974,-71.96272509975974
2612.6700732660292,-71.96508569274987,-71.96508569274987
2612.6800732660295,-71.96743309166953,-71.96743309166953
2612.6900732660292,-71.96976760656474,-71.96976760656474
2612.7000732660294,-71.97208954364612,-71.97208954364612
2612.710073266029,-71.974399205485,-71.974399205485
2612.7200732660294,-71.97669689112918,-71.97669689112918
2612.730073266029,-71.97898289623711,-71.97898289623711
2612.7400732660294,-71.98125751317164,-71.98125751317164
2612.750073266029,-71.98352103108923,-71.98352103108923
2612.7600732660294,-71.98577373600334,-71.98577373600334
2612.770073266029,-71.98801591084252,-71.98801591084252
2612.7800732660294,-71.99024783549879,-71.99024783549879
2612.790073266029,-71.99246978686725,-71.99246978686725
2612.8000732660294,-71.99468203886146,-71.99468203886146
2612.8100732660296,-71.99688486246569,-71.99688486246569
2612.8200732660293,-71.99907852573249,-71.99907852573249
2612.8300732660296,-72.00126329378612,-72.00126329378612
2612.8400732660293,-72.00343942887815,-72.00343942887815
2612.8500732660295,-72.00560719034453,-72.00560719034453
2612.8600732660293,-72.00776683465702,-72.00776683465702
2612.8700732660295,-72.00991861541148,-72.00991861541148
2612.8800732660293,-72.01206278333191,-72.01206278333191
2612.8900732660295,-72.0141995862671,-72.0141995862671
2612.900073289871,-72.01632927429013,-72.01632927429013
2612.9100732898714,-72.01845207936995,-72.01845207936995
2612.920073289871,-72.02056824589033,-72.02056824589033
2612.9300732898714,-72.02267801029039,-72.02267801029039
2612.940073289871,-72.02478160616361,-72.02478160616361
2612.9500732898714,-72.02687926425806,-72.02687926425806
2612.960073289871,-72.02897121250591,-72.02897121250591
2612.9700732898714,-72.03105767600745,-72.03105767600745
2612.980073289871,-72.03313887703086,-72.03313887703086
2612.9900732898714,-72.03521503505137,-72.03521503505137
2613.000073289871,-72.03728636672793,-72.03728636672793
2613.0100732898713,-72.03935308593111,-72.03935308593111
2613.020073289871,-72.04141540374137,-72.04141540374137
2613.0300732898713,-72.04347352847033,-72.04347352847033
2613.040073289871,-72.04552766566891,-72.04552766566891
2613.0500732898713,-72.04757801812187,-72.04757801812187
2613.060073289871,-72.04962478589478,-72.04962478589478
2613.0700732898713,-72.05166816631882,-72.05166816631882
2613.080073289871,-72.05370835400734,-72.05370835400734
2613.0900732898713,-72.05574554089353,-72.05574554089353
2613.100073289871,-72.0577799162112,-72.0577799162112
2613.1100732898713,-72.05981166654533,-72.05981166654533
2613.120073289871,-72.06184097581438,-72.06184097581438
2613.1300732898712,-72.0638680253095,-72.0638680253095
2613.140073289871,-72.06589299371736,-72.06589299371736
2613.150073289871,-72.0679160571158,-72.0679160571158
2613.1600732898714,-72.06993738900745,-72.06993738900745
2613.170073289871,-72.07195716034175,-72.07195716034175
2613.1800732898714,-72.07397553951486,-72.07397553951486
2613.190073289871,-72.07599269241452,-72.07599269241452
2613.2000732898714,-72.07800878241059,-72.07800878241059
2613.210073289871,-72.08002397041005,-72.08002397041005
2613.2200732898714,-72.08203841484905,-72.08203841484905
2613.230073289871,-72.08405227173103,-72.08405227173103
2613.2400732898714,-72.0860656946404,-72.0860656946404
2613.250073289871,-72.08807883476173,-72.08807883476173
2613.2600732898713,-72.09009184091003,-72.09009184091003
2613.270073289871,-72.09210485954823,-72.09210485954823
2613.2800732898713,-72.09411803480883,-72.09411803480883
2613.290073289871,-72.09613150850748,-72.09613150850748
2613.3000732898713,-72.09814542018529,-72.09814542018529
2613.310073289871,-72.10015990711395,-72.10015990711395
2613.3200732898713,-72.10217510433094,-72.10217510433094
2613.330073289871,-72.10419114465556,-72.10419114465556
2613.3400732898713,-72.1062081587113,-72.1062081587113
2613.350073289871,-72.10822627494875,-72.10822627494875
2613.3600732898713,-72.11024561966897,-72.11024561966897
2613.370073289871,-72.11226631705615,-72.11226631705615
2613.3800732898712,-72.11428848917616,-72.11428848917616
2613.390073289871,-72.11631225604513,-72.11631225604513
2613.400073289871,-72.11833773558696,-72.11833773558696
2613.4100732898714,-72.12036504371655,-72.12036504371655
2613.420073289871,-72.12239429433212,-72.12239429433212
2613.4300732898714,-72.1244255993426,-72.1244255993426
2613.440073289871,-72.12645906870327,-72.12645906870327
2613.4500732898714,-72.1284948104161,-72.1284948104161
2613.460073289871,-72.13053293057091,-72.13053293057091
2613.4700732898714,-72.13257353336358,-72.13257353336358
2613.480073289871,-72.13461672110907,-72.13461672110907
2613.4900732898714,-72.13666259428078,-72.13666259428078
2613.500073289871,-72.13871125152018,-72.13871125152018
2613.5100732898713,-72.14076278967025,-72.14076278967025
2613.520073289871,-72.14281730377569,-72.14281730377569
2613.5300732898713,-72.14487488713871,-72.14487488713871
2613.540073289871,-72.14693563130919,-72.14693563130919
2613.5500732898713,-72.14899962611959,-72.14899962611959
2613.560073289871,-72.15106695971828,-72.15106695971828
2613.5700732898713,-72.15313771856779,-72.15313771856779
2613.580073289871,-72.15521198748553,-72.15521198748553
2613.5900732898713,-72.15728984965429,-72.15728984965429
2613.600073289871,-72.15937138664626,-72.15937138664626
2613.6100732898713,-72.16145667844849,-72.16145667844849
2613.620073289871,-72.16354580347253,-72.16354580347253
2613.6300732898712,-72.16563883858845,-72.16563883858845
2613.640073289871,-72.16773585913764,-72.16773585913764
2613.650073289871,-72.16983693894987,-72.16983693894987
2613.6600732898714,-72.17194215037522,-72.17194215037522
2613.670073289871,-72.17405156428717,-72.17405156428717
2613.6800732898714,-72.17616525012191,-72.17616525012191
2613.690073289871,-72.17828327587767,-72.17828327587767
2613.7000732898714,-72.18040570815704,-72.18040570815704
2613.710073289871,-72.18252631992975,-72.18252631992975
2613.7200732898714,-72.1846424202991,-72.1846424202991
2613.730073289871,-72.18675273135253,-72.18675273135253
2613.7400732898714,-72.18885662867379,-72.18885662867379
2613.750073313713,-72.19095385645868,-72.19095385645868
2613.7600733137133,-72.19304435690377,-72.19304435690377
2613.770073313713,-72.19512821196209,-72.19512821196209
2613.7800733137133,-72.19720557022266,-72.19720557022266
2613.790073313713,-72.19927662005983,-72.19927662005983
2613.8000733137133,-72.20134157046725,-72.20134157046725
2613.810073313713,-72.20340063965658,-72.20340063965658
2613.8200733137132,-72.20545404835825,-72.20545404835825
2613.830073313713,-72.20750201601565,-72.20750201601565
2613.840073313713,-72.20954475865393,-72.20954475865393
2613.850073313713,-72.2115824878633,-72.2115824878633
2613.860073313713,-72.21361541039401,-72.21361541039401
2613.870073313713,-72.21564372810079,-72.21564372810079
2613.880073313713,-72.21766763809048,-72.21766763809048
2613.890073313713,-72.21968733298736,-72.21968733298736
2613.900073313713,-72.22170300123479,-72.22170300123479
2613.910073313713,-72.22371482740725,-72.22371482740725
2613.920073313713,-72.22572299248586,-72.22572299248586
2613.930073313713,-72.2277276741467,-72.2277276741467
2613.940073313713,-72.22972904700178,-72.22972904700178
2613.950073313713,-72.23172728282186,-72.23172728282186
2613.960073313713,-72.23371625433343,-72.23371625433343
2613.970073313713,-72.23569337189008,-72.23569337189008
2613.980073313713,-72.23765745883996,-72.23765745883996
2613.990073313713,-72.23960799159879,-72.23960799159879
2614.000073313713,-72.24154480962135,-72.24154480962135
2614.0100733137133,-72.24346796478912,-72.24346796478912
2614.020073313713,-72.24537763309107,-72.24537763309107
2614.0300733137133,-72.247274061594,-72.247274061594
2614.040073313713,-72.24915753653212,-72.24915753653212
2614.0500733137133,-72.25102836419515,-72.25102836419515
2614.060073313713,-72.25288685951558,-72.25288685951558
2614.0700733137132,-72.25473333939111,-72.25473333939111
2614.080073313713,-72.25656811884494,-72.25656811884494
2614.090073313713,-72.25839150894451,-72.25839150894451
2614.100073313713,-72.26020381575132,-72.26020381575132
2614.110073313713,-72.26200533990695,-72.26200533990695
2614.120073313713,-72.26379637658894,-72.26379637658894
2614.130073313713,-72.26557721564586,-72.26557721564586
2614.140073313713,-72.26734814184925,-72.26734814184925
2614.150073313713,-72.26910943518813,-72.26910943518813
2614.160073313713,-72.2708613711566,-72.2708613711566
2614.170073313713,-72.27260422104969,-72.27260422104969
2614.180073313713,-72.27433825222442,-72.27433825222442
2614.190073313713,-72.2760637283122,-72.2760637283122
2614.200073313713,-72.27778090945084,-72.27778090945084
2614.210073313713,-72.279483752923,-72.279483752923
2614.220073313713,-72.28116975532117,-72.28116975532117
2614.230073313713,-72.28283782643683,-72.28283782643683
2614.240073313713,-72.28448752881758,-72.28448752881758
2614.250073313713,-72.28611878756129,-72.28611878756129
2614.2600733137133,-72.2877317395888,-72.2877317395888
2614.270073313713,-72.28932664526023,-72.28932664526023
2614.2800733137133,-72.29090383530573,-72.29090383530573
2614.290073313713,-72.29246367891452,-72.29246367891452
2614.3000733137133,-72.29400656455331,-72.29400656455331
2614.310073313713,-72.29553288858109,-72.29553288858109
2614.3200733137132,-72.29704304853773,-72.29704304853773
2614.330073313713,-72.29853743931317,-72.29853743931317
2614.340073313713,-72.30001645103951,-72.30001645103951
2614.350073313713,-72.30148046805239,-72.30148046805239
2614.360073313713,-72.3029298684773,-72.3029298684773
2614.370073313713,-72.30436502415881,-72.30436502415881
2614.380073313713,-72.30578630080394,-72.30578630080394
2614.390073313713,-72.3071940582476,-72.3071940582476
2614.400073313713,-72.30858865071613,-72.30858865071613
2614.410073313713,-72.30997042714809,-72.30997042714809
2614.420073313713,-72.31133973145819,-72.31133973145819
2614.430073313713,-72.3126969028047,-72.3126969028047
2614.440073313713,-72.31404227581167,-72.31404227581167
2614.450073313713,-72.31537618079928,-72.31537618079928
2614.460073313713,-72.31669894392411,-72.31669894392411
2614.470073313713,-72.31801088737366,-72.31801088737366
2614.480073313713,-72.31931232944797,-72.31931232944797
2614.490073313713,-72.32060358472715,-72.32060358472715
2614.500073313713,-72.32188496410586,-72.32188496410586
2614.5100733137133,-72.32315677491837,-72.32315677491837
2614.520073313713,-72.32441932096401,-72.32441932096401
2614.5300733137133,-72.32566409626443,-72.32566409626443
2614.540073313713,-72.32688117194361,-72.32688117194361
2614.5500733137133,-72.32806200400105,-72.32806200400105
2614.560073313713,-72.32919969046759,-72.32919969046759
2614.5700733137132,-72.33028863391802,-72.33028863391802
2614.580073313713,-72.3313242097077,-72.3313242097077
2614.590073313713,-72.33230253721057,-72.33230253721057
2614.600073337555,-72.33322033463666,-72.33322033463666
2614.610073337555,-72.3340748125548,-72.3340748125548
2614.620073337555,-72.33486361814973,-72.33486361814973
2614.630073337555,-72.3355847725196,-72.3355847725196
2614.640073337555,-72.3362366293084,-72.3362366293084
2614.650073337555,-72.33681783728038,-72.33681783728038
2614.660073337555,-72.33732730765918,-72.33732730765918
2614.670073337555,-72.33776418519558,-72.33776418519558
2614.680073337555,-72.33812782252005,-72.33812782252005
2614.690073337555,-72.3384177572677,-72.3384177572677
2614.700073337555,-72.3386336917791,-72.3386336917791
2614.710073337555,-72.3387691725086,-72.3387691725086
2614.720073337555,-72.3388214223091,-72.3388214223091
2614.730073337555,-72.3387891981743,-72.3387891981743
2614.740073337555,-72.33867201735589,-72.33867201735589
2614.750073337555,-72.33846985550994,-72.33846985550994
2614.760073337555,-72.3381829857185,-72.3381829857185
2614.770073337555,-72.33781188095475,-72.33781188095475
2614.7800733375548,-72.33735715291051,-72.33735715291051
2614.790073337555,-72.3368195128248,-72.3368195128248
2614.8000733375547,-72.3361997459129,-72.3361997459129
2614.810073337555,-72.33549869417413,-72.33549869417413
2614.8200733375547,-72.33471724456618,-72.33471724456618
2614.830073337555,-72.33385632051375,-72.33385632051375
2614.8400733375547,-72.33291687568189,-72.33291687568189
2614.850073337555,-72.33189988917573,-72.33189988917573
2614.860073337555,-72.33080636175319,-72.33080636175319
2614.870073337555,-72.32963731271614,-72.32963731271614
2614.880073337555,-72.32839377730508,-72.32839377730508
2614.890073337555,-72.32707680443346,-72.32707680443346
2614.900073337555,-72.32568745471235,-72.32568745471235
2614.910073337555,-72.32422679868222,-72.32422679868222
2614.920073337555,-72.32269591519614,-72.32269591519614
2614.930073337555,-72.321095889983,-72.321095889983
2614.940073337555,-72.31942781430286,-72.31942781430286
2614.950073337555,-72.31769278373129,-72.31769278373129
2614.960073337555,-72.31589189699375,-72.31589189699375
2614.970073337555,-72.3140262549485,-72.3140262549485
2614.980073337555,-72.31209695957578,-72.31209695957578
2614.990073337555,-72.31010511311301,-72.31010511311301
2615.000073337555,-72.30805181716977,-72.30805181716977
2615.010073337555,-72.30593817198059,-72.30593817198059
2615.020073337555,-72.30376527565764,-72.30376527565764
2615.0300733375548,-72.30153422353183,-72.30153422353183
2615.040073337555,-72.29924610751675,-72.29924610751675
2615.0500733375547,-72.29690201552756,-72.29690201552756
2615.060073337555,-72.29450303093927,-72.29450303093927
2615.0700733375547,-72.29205023208999,-72.29205023208999
2615.080073337555,-72.28954469180891,-72.28954469180891
2615.0900733375547,-72.28698747700804,-72.28698747700804
2615.100073337555,-72.28437964824847,-72.28437964824847
2615.110073337555,-72.28172225939593,-72.28172225939593
2615.120073337555,-72.27901635728057,-72.27901635728057
2615.130073337555,-72.27626298136866,-72.27626298136866
2615.140073337555,-72.2734631634859,-72.2734631634859
2615.150073337555,-72.27061792754944,-72.27061792754944
2615.160073337555,-72.26772828932997,-72.26772828932997
2615.170073337555,-72.2647952562009,-72.2647952562009
2615.180073337555,-72.26181982697972,-72.26181982697972
2615.190073337555,-72.25880299169413,-72.25880299169413
2615.200073337555,-72.25574573145931,-72.25574573145931
2615.210073337555,-72.25264901828396,-72.25264901828396
2615.220073337555,-72.24951381496105,-72.24951381496105
2615.230073337555,-72.24634107492837,-72.24634107492837
2615.240073337555,-72.243131742159,-72.243131742159
2615.250073337555,-72.23988675108859,-72.23988675108859
2615.260073337555,-72.23660702649453,-72.23660702649453
2615.270073337555,-72.23329348344807,-72.23329348344807
2615.2800733375548,-72.22994702723382,-72.22994702723382
2615.290073337555,-72.22656855330351,-72.22656855330351
2615.3000733375547,-72.22315894723079,-72.22315894723079
2615.310073337555,-72.21971908468,-72.21971908468
2615.3200733375547,-72.21624983137097,-72.21624983137097
2615.330073337555,-72.21275204305806,-72.21275204305806
2615.3400733375547,-72.20922656552584,-72.20922656552584
2615.350073337555,-72.20567423458297,-72.20567423458297
2615.360073337555,-72.20209587605062,-72.20209587605062
2615.370073337555,-72.19849230579918,-72.19849230579918
2615.380073337555,-72.19486432971634,-72.19486432971634
2615.390073337555,-72.19121274377164,-72.19121274377164
2615.400073337555,-72.18753833400066,-72.18753833400066
2615.410073337555,-72.18384187657092,-72.18384187657092
2615.420073337555,-72.18012413778675,-72.18012413778675
2615.430073337555,-72.17638587412503,-72.17638587412503
2615.440073337555,-72.17262783229742,-72.17262783229742
2615.450073361397,-72.16885074029395,-72.16885074029395
2615.460073361397,-72.16504905927862,-72.16504905927862
2615.4700733613968,-72.16122075185201,-72.16122075185201
2615.480073361397,-72.1573651959222,-72.1573651959222
2615.4900733613968,-72.15348241640302,-72.15348241640302
2615.500073361397,-72.14957279494298,-72.14957279494298
2615.5100733613967,-72.1456369189356,-72.1456369189356
2615.520073361397,-72.1416754928292,-72.1416754928292
2615.5300733613967,-72.13768928481676,-72.13768928481676
2615.540073361397,-72.13367909471077,-72.13367909471077
2615.5500733613967,-72.12964573471055,-72.12964573471055
2615.560073361397,-72.12559001791573,-72.12559001791573
2615.5700733613967,-72.12151275166244,-72.12151275166244
2615.580073361397,-72.11741473367861,-72.11741473367861
2615.5900733613967,-72.11329675004997,-72.11329675004997
2615.600073361397,-72.10915957425534,-72.10915957425534
2615.6100733613966,-72.10500396682036,-72.10500396682036
2615.620073361397,-72.10083067534055,-72.10083067534055
2615.6300733613966,-72.09664043473835,-72.09664043473835
2615.640073361397,-72.0924339675844,-72.0924339675844
2615.6500733613966,-72.08821198452105,-72.08821198452105
2615.660073361397,-72.08397518460966,-72.08397518460966
2615.6700733613966,-72.07972425576024,-72.07972425576024
2615.680073361397,-72.07545987506478,-72.07545987506478
2615.6900733613966,-72.07118270912339,-72.07118270912339
2615.700073361397,-72.0668934143656,-72.0668934143656
2615.710073361397,-72.06258636304554,-72.06258636304554
2615.7200733613968,-72.05825945079317,-72.05825945079317
2615.730073361397,-72.05391197805069,-72.05391197805069
2615.7400733613968,-72.04954389187866,-72.04954389187866
2615.750073361397,-72.04515549614202,-72.04515549614202
2615.7600733613967,-72.04074730073616,-72.04074730073616
2615.770073361397,-72.03631993303912,-72.03631993303912
2615.7800733613967,-72.03187408470929,-72.03187408470929
2615.790073361397,-72.02741047962871,-72.02741047962871
2615.8000733613967,-72.0229298547002,-72.0229298547002
2615.810073361397,-72.0184329484547,-72.0184329484547
2615.8200733613967,-72.01392049437841,-72.01392049437841
2615.830073361397,-72.00939321711327,-72.00939321711327
2615.8400733613967,-72.00485183046875,-72.00485183046875
2615.850073361397,-72.00029703643712,-72.00029703643712
2615.8600733613966,-71.99572952490568,-71.99572952490568
2615.870073361397,-71.99114997368072,-71.99114997368072
2615.8800733613966,-71.98655904874578,-71.98655904874578
2615.890073361397,-71.98195740459003,-71.98195740459003
2615.9000733613966,-71.97734568462761,-71.97734568462761
2615.910073361397,-71.97272452159365,-71.97272452159365
2615.9200733613966,-71.9680945379046,-71.9680945379046
2615.930073361397,-71.96345634602736,-71.96345634602736
2615.9400733613966,-71.95881054882618,-71.95881054882618
2615.950073361397,-71.95415773982369,-71.95415773982369
2615.960073361397,-71.94949850349641,-71.94949850349641
2615.9700733613968,-71.94483341549224,-71.94483341549224
2615.980073361397,-71.94016304287696,-71.94016304287696
2615.9900733613968,-71.93548794428884,-71.93548794428884
2616.000073361397,-71.93080867013768,-71.93080867013768
2616.0100733613967,-71.92612576276156,-71.92612576276156
2616.020073361397,-71.9214397565375,-71.9214397565375
2616.0300733613967,-71.91675117806025,-71.91675117806025
2616.040073361397,-71.9120605462259,-71.9120605462259
2616.0500733613967,-71.90736837234401,-71.90736837234401
2616.060073361397,-71.90267516024701,-71.90267516024701
2616.0700733613967,-71.8979814063841,-71.8979814063841
2616.080073361397,-71.89328759992323,-71.89328759992323
2616.0900733613967,-71.88859422280655,-71.88859422280655
2616.100073361397,-71.88390174984917,-71.88390174984917
2616.1100733613966,-71.87921064882809,-71.87921064882809
2616.120073361397,-71.87452138052437,-71.87452138052437
2616.1300733613966,-71.86983439883198,-71.86983439883198
2616.140073361397,-71.86515015080715,-71.86515015080715
2616.1500733613966,-71.8604690767436,-71.8604690767436
2616.160073361397,-71.85579161024089,-71.85579161024089
2616.1700733613966,-71.85111817825525,-71.85111817825525
2616.180073361397,-71.8464492011973,-71.8464492011973
2616.1900733613966,-71.84178509297145,-71.84178509297145
2616.200073361397,-71.83712626105014,-71.83712626105014
2616.210073361397,-71.83247310653135,-71.83247310653135
2616.2200733613968,-71.82782602421427,-71.82782602421427
2616.230073361397,-71.82318540263641,-71.82318540263641
2616.2400733613968,-71.81855162418134,-71.81855162418134
2616.250073361397,-71.81392506509714,-71.81392506509714
2616.2600733613967,-71.8093060955784,-71.8093060955784
2616.270073361397,-71.80469507984323,-71.80469507984323
2616.2800733613967,-71.80009237615295,-71.80009237615295
2616.290073361397,-71.7954983369173,-71.7954983369173
2616.3000733852386,-71.79091329782328,-71.79091329782328
2616.310073385239,-71.78633762158042,-71.78633762158042
2616.3200733852386,-71.7817716324298,-71.7817716324298
2616.330073385239,-71.77721565991926,-71.77721565991926
2616.3400733852386,-71.77267002804395,-71.77267002804395
2616.350073385239,-71.76813505529384,-71.76813505529384
2616.3600733852386,-71.76361105472873,-71.76361105472873
2616.370073385239,-71.75909833402925,-71.75909833402925
2616.3800733852386,-71.75459719555975,-71.75459719555975
2616.390073385239,-71.75010793643938,-71.75010793643938
2616.4000733852386,-71.74563084858265,-71.74563084858265
2616.410073385239,-71.74116621877346,-71.74116621877346
2616.4200733852385,-71.73671432872115,-71.73671432872115
2616.4300733852388,-71.73227545511659,-71.73227545511659
2616.4400733852385,-71.72784986970672,-71.72784986970672
2616.4500733852387,-71.72343783933553,-71.72343783933553
2616.4600733852385,-71.71903962600882,-71.71903962600882
2616.4700733852387,-71.71465548696011,-71.71465548696011
2616.4800733852385,-71.71028567469693,-71.71028567469693
2616.4900733852387,-71.70593043707474,-71.70593043707474
2616.5000733852385,-71.70159001733357,-71.70159001733357
2616.5100733852387,-71.69726465416628,-71.69726465416628
2616.5200733852384,-71.69295458178586,-71.69295458178586
2616.5300733852387,-71.68866002995892,-71.68866002995892
2616.5400733852384,-71.68438122408635,-71.68438122408635
2616.5500733852386,-71.68011838523907,-71.68011838523907
2616.560073385239,-71.67587173022228,-71.67587173022228
2616.5700733852386,-71.67164147163318,-71.67164147163318
2616.580073385239,-71.66742781789742,-71.66742781789742
2616.5900733852386,-71.66323097336091,-71.66323097336091
2616.600073385239,-71.65905113830334,-71.65905113830334
2616.6100733852386,-71.65488850900212,-71.65488850900212
2616.620073385239,-71.65074327780825,-71.65074327780825
2616.6300733852386,-71.64661563316105,-71.64661563316105
2616.640073385239,-71.64250575967647,-71.64250575967647
2616.6500733852386,-71.63841383817167,-71.63841383817167
2616.660073385239,-71.63434004572385,-71.63434004572385
2616.6700733852385,-71.6302845557296,-71.6302845557296
2616.6800733852388,-71.62624753793747,-71.62624753793747
2616.6900733852385,-71.62222915851282,-71.62222915851282
2616.7000733852387,-71.61822958007464,-71.61822958007464
2616.7100733852385,-71.61424896176493,-71.61424896176493
2616.7200733852387,-71.61028745926619,-71.61028745926619
2616.7300733852385,-71.60634522486507,-71.60634522486507
2616.7400733852387,-71.60242240750551,-71.60242240750551
2616.7500733852385,-71.59851915282677,-71.59851915282677
2616.7600733852387,-71.594635603196,-71.594635603196
2616.7700733852384,-71.59077189778978,-71.59077189778978
2616.7800733852387,-71.5869281725982,-71.5869281725982
2616.7900733852384,-71.58310456049814,-71.58310456049814
2616.8000733852386,-71.57930119127768,-71.57930119127768
2616.810073385239,-71.57551819169629,-71.57551819169629
2616.8200733852386,-71.57175568552246,-71.57175568552246
2616.830073385239,-71.56801379356922,-71.56801379356922
2616.8400733852386,-71.56429263373647,-71.56429263373647
2616.850073385239,-71.56059232106081,-71.56059232106081
2616.8600733852386,-71.55691296775188,-71.55691296775188
2616.870073385239,-71.55325468322917,-71.55325468322917
2616.8800733852386,-71.5496175741677,-71.5496175741677
2616.890073385239,-71.54600174453321,-71.54600174453321
2616.9000733852386,-71.54240729562986,-71.54240729562986
2616.910073385239,-71.53883432612966,-71.53883432612966
2616.9200733852385,-71.53528293209851,-71.53528293209851
2616.9300733852388,-71.53175320706411,-71.53175320706411
2616.9400733852385,-71.52824524203264,-71.52824524203264
2616.9500733852387,-71.5247591255304,-71.5247591255304
2616.9600733852385,-71.52129494363568,-71.52129494363568
2616.9700733852387,-71.51785278001631,-71.51785278001631
2616.9800733852385,-71.5144327159739,-71.5144327159739
2616.9900733852387,-71.51103483046435,-71.51103483046435
2617.0000733852385,-71.50765920014359,-71.50765920014359
2617.0100733852387,-71.5043058993911,-71.5043058993911
2617.0200733852384,-71.50097500035311,-71.50097500035311
2617.0300733852387,-71.4976665729679,-71.4976665729679
2617.0400733852384,-71.49438068500807,-71.49438068500807
2617.0500733852386,-71.49111740210803,-71.49111740210803
2617.060073385239,-71.48787678778389,-71.48787678778389
2617.0700733852386,-71.4846589034802,-71.4846589034802
2617.080073385239,-71.48146380860183,-71.48146380860183
2617.0900733852386,-71.4782915605312,-71.4782915605312
2617.100073385239,-71.4751422146663,-71.4751422146663
2617.1100733852386,-71.47201582445297,-71.47201582445297
2617.120073385239,-71.46891244140949,-71.46891244140949
2617.1300733852386,-71.46583211516591,-71.46583211516591
2617.140073385239,-71.46277489345674,-71.46277489345674
2617.1500734090805,-71.45974081498036,-71.45974081498036
2617.1600734090807,-71.45672993834252,-71.45672993834252
2617.1700734090805,-71.45374229857643,-71.45374229857643
2617.1800734090807,-71.4507779362234,-71.4507779362234
2617.1900734090805,-71.44783689012006,-71.44783689012006
2617.2000734090807,-71.44491919737787,-71.44491919737787
2617.2100734090805,-71.44201867253639,-71.44201867253639
2617.2200734090807,-71.43913263114062,-71.43913263114062
2617.2300734090804,-71.4362597892928,-71.4362597892928
2617.2400734090807,-71.4333995117343,-71.4333995117343
2617.2500734090804,-71.43055152432343,-71.43055152432343
2617.2600734090806,-71.42771576434757,-71.42771576434757
2617.2700734090804,-71.42489229256157,-71.42489229256157
2617.2800734090806,-71.42208124024876,-71.42208124024876
2617.2900734090804,-71.41928277736356,-71.41928277736356
2617.3000734090806,-71.41649709337247,-71.41649709337247
2617.3100734090804,-71.41372438586201,-71.41372438586201
2617.3200734090806,-71.41096485386431,-71.41096485386431
2617.3300734090803,-71.40821869404543,-71.40821869404543
2617.3400734090806,-71.4054860986343,-71.4054860986343
2617.3500734090803,-71.40276725444014,-71.40276725444014
2617.3600734090805,-71.40006234247736,-71.40006234247736
2617.3700734090803,-71.39737153796527,-71.39737153796527
2617.3800734090805,-71.39469501050657,-71.39469501050657
2617.3900734090803,-71.39203292442679,-71.39203292442679
2617.4000734090805,-71.38938543908657,-71.38938543908657
2617.4100734090807,-71.38675270923808,-71.38675270923808
2617.4200734090805,-71.3841348853671,-71.3841348853671
2617.4300734090807,-71.38153211399325,-71.38153211399325
2617.4400734090805,-71.37894453794296,-71.37894453794296
2617.4500734090807,-71.37637229661352,-71.37637229661352
2617.4600734090805,-71.3738155261813,-71.3738155261813
2617.4700734090807,-71.37127435977789,-71.37127435977789
2617.4800734090804,-71.368748927692,-71.368748927692
2617.4900734090807,-71.36623935747038,-71.36623935747038
2617.5000734090804,-71.3637457740785,-71.3637457740785
2617.5100734090806,-71.36126829997224,-71.36126829997224
2617.5200734090804,-71.35880705522892,-71.35880705522892
2617.5300734090806,-71.35636215758154,-71.35636215758154
2617.5400734090804,-71.3539337225278,-71.3539337225278
2617.5500734090806,-71.35152186335817,-71.35152186335817
2617.5600734090804,-71.34912669122296,-71.34912669122296
2617.5700734090806,-71.3467483151702,-71.3467483151702
2617.5800734090803,-71.34438684217676,-71.34438684217676
2617.5900734090806,-71.34204237720135,-71.34204237720135
2617.6000734090803,-71.33971502319392,-71.33971502319392
2617.6100734090805,-71.33740488113317,-71.33740488113317
2617.6200734090803,-71.33511205003906,-71.33511205003906
2617.6300734090805,-71.3328366269978,-71.3328366269978
2617.6400734090803,-71.3305787071953,-71.3305787071953
2617.6500734090805,-71.3283383839044,-71.3283383839044
2617.6600734090807,-71.32611574852932,-71.32611574852932
2617.6700734090805,-71.32391089059708,-71.32391089059708
2617.6800734090807,-71.32172389777908,-71.32172389777908
2617.6900734090805,-71.31955485592653,-71.31955485592653
2617.7000734090807,-71.31740384904045,-71.31740384904045
2617.7100734090805,-71.3152709593229,-71.3152709593229
2617.7200734090807,-71.31315626716389,-71.31315626716389
2617.7300734090804,-71.31105985115803,-71.31105985115803
2617.7400734090807,-71.30898178812848,-71.30898178812848
2617.7500734090804,-71.30692215313007,-71.30692215313007
2617.7600734090806,-71.30488101946075,-71.30488101946075
2617.7700734090804,-71.30285845866355,-71.30285845866355
2617.7800734090806,-71.30085454055963,-71.30085454055963
2617.7900734090804,-71.29886933324757,-71.29886933324757
2617.8000734090806,-71.29690290310555,-71.29690290310555
2617.8100734090804,-71.29495531483052,-71.29495531483052
2617.8200734090806,-71.29302663142934,-71.29302663142934
2617.8300734090803,-71.29111691423564,-71.29111691423564
2617.8400734090806,-71.28922622292147,-71.28922622292147
2617.8500734090803,-71.28735461552118,-71.28735461552118
2617.8600734090805,-71.28550214842166,-71.28550214842166
2617.8700734090803,-71.28366887640229,-71.28366887640229
2617.8800734090805,-71.2818548526429,-71.2818548526429
2617.8900734090803,-71.28006012871559,-71.28006012871559
2617.9000734090805,-71.27828475461885,-71.27828475461885
2617.9100734090807,-71.2765287787861,-71.2765287787861
2617.9200734090805,-71.27479224810745,-71.27479224810745
2617.9300734090807,-71.27307520793069,-71.27307520793069
2617.9400734090805,-71.27137770208688,-71.27137770208688
2617.9500734090807,-71.26969977289674,-71.26969977289674
2617.9600734090805,-71.26804146118508,-71.26804146118508
2617.9700734090807,-71.26640280630293,-71.26640280630293
2617.9800734090804,-71.26478384615575,-71.26478384615575
2617.9900734090807,-71.2631846171758,-71.2631846171758
2618.0000734329224,-71.26160515062068,-71.26160515062068
2618.0100734329226,-71.26004548765363,-71.26004548765363
2618.0200734329223,-71.25850565665053,-71.25850565665053
2618.0300734329226,-71.25698568842839,-71.25698568842839
2618.0400734329223,-71.25548561242104,-71.25548561242104
2618.0500734329225,-71.25400545670847,-71.25400545670847
2618.0600734329223,-71.25254524802905,-71.25254524802905
2618.0700734329225,-71.25110501180056,-71.25110501180056
2618.0800734329223,-71.24968477212991,-71.24968477212991
2618.0900734329225,-71.24828455183969,-71.24828455183969
2618.1000734329223,-71.24690437246181,-71.24690437246181
2618.1100734329225,-71.24554425426584,-71.24554425426584
2618.1200734329223,-71.24420421628106,-71.24420421628106
2618.1300734329225,-71.24288427630397,-71.24288427630397
2618.1400734329222,-71.24158445090214,-71.24158445090214
2618.1500734329225,-71.24030475546026,-71.24030475546026
2618.160073432922,-71.2390452041694,-71.2390452041694
2618.1700734329224,-71.23780581003979,-71.23780581003979
2618.180073432922,-71.23658658495204,-71.23658658495204
2618.1900734329224,-71.23538753961803,-71.23538753961803
2618.200073432922,-71.23420868364242,-71.23420868364242
2618.2100734329224,-71.23305002550704,-71.23305002550704
2618.220073432922,-71.2319115726103,-71.2319115726103
2618.2300734329224,-71.23079333125834,-71.23079333125834
2618.240073432922,-71.22969530670123,-71.22969530670123
2618.2500734329224,-71.22861750313226,-71.22861750313226
2618.2600734329226,-71.2275599237179,-71.2275599237179
2618.2700734329223,-71.22652257058938,-71.22652257058938
2618.2800734329226,-71.22550544487102,-71.22550544487102
2618.2900734329223,-71.22450854670296,-71.22450854670296
2618.3000734329225,-71.22353187523625,-71.22353187523625
2618.3100734329223,-71.22257542866089,-71.22257542866089
2618.3200734329225,-71.22163920421639,-71.22163920421639
2618.3300734329223,-71.22072319820586,-71.22072319820586
2618.3400734329225,-71.2198274060062,-71.2198274060062
2618.3500734329223,-71.21895182208492,-71.21895182208492
2618.3600734329225,-71.21809644000865,-71.21809644000865
2618.3700734329223,-71.21726125246727,-71.21726125246727
2618.3800734329225,-71.21644625127537,-71.21644625127537
2618.3900734329222,-71.21565142739773,-71.21565142739773
2618.4000734329225,-71.21487677094999,-71.21487677094999
2618.410073432922,-71.21412227121725,-71.21412227121725
2618.4200734329224,-71.21338791666608,-71.21338791666608
2618.430073432922,-71.21267369495884,-71.21267369495884
2618.4400734329224,-71.21197959295662,-71.21197959295662
2618.450073432922,-71.21130559676342,-71.21130559676342
2618.4600734329224,-71.2106516916856,-71.2106516916856
2618.470073432922,-71.21001786229324,-71.21001786229324
2618.4800734329224,-71.20940409240558,-71.20940409240558
2618.490073432922,-71.20881036510954,-71.20881036510954
2618.5000734329224,-71.20823666276482,-71.20823666276482
2618.5100734329226,-71.20768296704594,-71.20768296704594
2618.5200734329223,-71.20714925890162,-71.20714925890162
2618.5300734329226,-71.20663551860625,-71.20663551860625
2618.5400734329223,-71.20614172576663,-71.20614172576663
2618.5500734329225,-71.20566785931837,-71.20566785931837
2618.5600734329223,-71.20521389754333,-71.20521389754333
2618.5700734329225,-71.20477981808159,-71.20477981808159
2618.5800734329223,-71.20436559795542,-71.20436559795542
2618.5900734329225,-71.20397121354739,-71.20397121354739
2618.6000734329223,-71.2035966406492,-71.2035966406492
2618.6100734329225,-71.20324185443057,-71.20324185443057
2618.6200734329223,-71.20290682949486,-71.20290682949486
2618.6300734329225,-71.20259153984958,-71.20259153984958
2618.6400734329222,-71.20229595894996,-71.20229595894996
2618.6500734329225,-71.2020200596784,-71.2020200596784
2618.660073432922,-71.20176381437174,-71.20176381437174
2618.6700734329224,-71.20152719482617,-71.20152719482617
2618.680073432922,-71.20131017231101,-71.20131017231101
2618.6900734329224,-71.20111271757419,-71.20111271757419
2618.700073432922,-71.2009348008541,-71.2009348008541
2618.7100734329224,-71.20077639188237,-71.20077639188237
2618.720073432922,-71.20063745990372,-71.20063745990372
2618.7300734329224,-71.20051797366737,-71.20051797366737
2618.740073432922,-71.20041790145535,-71.20041790145535
2618.7500734329224,-71.2003372110874,-71.2003372110874
2618.7600734329226,-71.20027586991638,-71.20027586991638
2618.7700734329223,-71.20023384485012,-71.20023384485012
2618.7800734329226,-71.2002111023524,-71.2002111023524
2618.7900734329223,-71.2002076084598,-71.2002076084598
2618.8000734329225,-71.20022332877745,-71.20022332877745
2618.8100734329223,-71.20025822850477,-71.20025822850477
2618.8200734329225,-71.20031227241448,-71.20031227241448
2618.8300734329223,-71.20038542489704,-71.20038542489704
2618.8400734329225,-71.20047764993575,-71.20047764993575
2618.850073456764,-71.20058891140191,-71.20058891140191
2618.8600734567644,-71.20071917203589,-71.20071917203589
2618.870073456764,-71.20086839491628,-71.20086839491628
2618.8800734567644,-71.20103654252246,-71.20103654252246
2618.890073456764,-71.20122357700086,-71.20122357700086
2618.9000734567644,-71.20142946012737,-71.20142946012737
2618.910073456764,-71.20165415335394,-71.20165415335394
2618.9200734567644,-71.20189761779136,-71.20189761779136
2618.930073456764,-71.20215981422585,-71.20215981422585
2618.9400734567644,-71.20244070311205,-71.20244070311205
2618.950073456764,-71.20274024459675,-71.20274024459675
2618.9600734567643,-71.20305219365738,-71.20305219365738
2618.970073456764,-71.20337379510991,-71.20337379510991
2618.9800734567643,-71.20370369012034,-71.20370369012034
2618.990073456764,-71.20404116694206,-71.20404116694206
2619.0000734567643,-71.20438587456827,-71.20438587456827
2619.010073456764,-71.20473767372505,-71.20473767372505
2619.0200734567643,-71.20509654942555,-71.20509654942555
2619.030073456764,-71.20546255835795,-71.20546255835795
2619.0400734567643,-71.20583579719377,-71.20583579719377
2619.050073456764,-71.20621638358091,-71.20621638358091
2619.0600734567643,-71.20660444481273,-71.20660444481273
2619.070073456764,-71.20700011114941,-71.20700011114941
2619.0800734567642,-71.20740351204614,-71.20740351204614
2619.090073456764,-71.20781477404088,-71.20781477404088
2619.100073456764,-71.20823401976119,-71.20823401976119
2619.1100734567644,-71.2086613675221,-71.2086613675221
2619.120073456764,-71.20909693126696,-71.20909693126696
2619.1300734567644,-71.20954082076145,-71.20954082076145
2619.140073456764,-71.20999314186489,-71.20999314186489
2619.1500734567644,-71.21045399680365,-71.21045399680365
2619.160073456764,-71.21092348452675,-71.21092348452675
2619.1700734567644,-71.21140170099416,-71.21140170099416
2619.180073456764,-71.2118887394509,-71.2118887394509
2619.1900734567644,-71.21238469066323,-71.21238469066323
2619.200073456764,-71.21288964317621,-71.21288964317621
2619.2100734567643,-71.21339747761944,-71.21339747761944
2619.220073456764,-71.21390556330964,-71.21390556330964
2619.2300734567643,-71.21441266456691,-71.21441266456691
2619.240073456764,-71.21491819147144,-71.21491819147144
2619.2500734567643,-71.21542191359295,-71.21542191359295
2619.260073456764,-71.21592381109703,-71.21592381109703
2619.2700734567643,-71.21642398736361,-71.21642398736361
2619.280073456764,-71.21692261647729,-71.21692261647729
2619.2900734567643,-71.21741991155685,-71.21741991155685
2619.300073456764,-71.21791610580962,-71.21791610580962
2619.3100734567643,-71.21841144121301,-71.21841144121301
2619.320073456764,-71.21890616189253,-71.21890616189253
2619.3300734567642,-71.2194005102971,-71.2194005102971
2619.340073456764,-71.21989472517981,-71.21989472517981
2619.350073456764,-71.22038904055023,-71.22038904055023
2619.3600734567644,-71.22088368528543,-71.22088368528543
2619.370073456764,-71.22137888308883,-71.22137888308883
2619.3800734567644,-71.22187485264642,-71.22187485264642
2619.390073456764,-71.22237180792192,-71.22237180792192
2619.4000734567644,-71.22286995842025,-71.22286995842025
2619.410073456764,-71.22336950951656,-71.22336950951656
2619.4200734567644,-71.22387066274763,-71.22387066274763
2619.430073456764,-71.22437361609198,-71.22437361609198
2619.4400734567644,-71.22487856419474,-71.22487856419474
2619.450073456764,-71.2253856985969,-71.2253856985969
2619.4600734567643,-71.22589520791011,-71.22589520791011
2619.470073456764,-71.22640727797591,-71.22640727797591
2619.4800734567643,-71.22692209199526,-71.22692209199526
2619.490073456764,-71.22743983067258,-71.22743983067258
2619.5000734567643,-71.22796067226045,-71.22796067226045
2619.510073456764,-71.22848479267662,-71.22848479267662
2619.5200734567643,-71.22900857984011,-71.22900857984011
2619.530073456764,-71.2295265571689,-71.2295265571689
2619.5400734567643,-71.23003313972308,-71.23003313972308
2619.550073456764,-71.23052329390495,-71.23052329390495
2619.5600734567643,-71.23099264695158,-71.23099264695158
2619.570073456764,-71.23143742439703,-71.23143742439703
2619.5800734567642,-71.23185435862054,-71.23185435862054
2619.590073456764,-71.23224060769667,-71.23224060769667
2619.600073456764,-71.23259369036458,-71.23259369036458
2619.6100734567644,-71.23291143461003,-71.23291143461003
2619.620073456764,-71.23319193652658,-71.23319193652658
2619.6300734567644,-71.23343352674964,-71.23343352674964
2619.640073456764,-71.23363474263964,-71.23363474263964
2619.6500734567644,-71.23379430484921,-71.23379430484921
2619.660073456764,-71.23391109744006,-71.23391109744006
2619.6700734567644,-71.23398415082839,-71.23398415082839
2619.680073456764,-71.23401262708158,-71.23401262708158
2619.6900734567644,-71.23399580717724,-71.23399580717724
2619.700073480606,-71.23393307973313,-71.23393307973313
2619.7100734806063,-71.23382393177977,-71.23382393177977
2619.720073480606,-71.23366793964523,-71.23366793964523
2619.7300734806063,-71.23346476164528,-71.23346476164528
2619.740073480606,-71.23321413134741,-71.23321413134741
2619.7500734806063,-71.23291585155253,-71.23291585155253
2619.760073480606,-71.23256978894054,-71.23256978894054
2619.7700734806062,-71.23217586923141,-71.23217586923141
2619.780073480606,-71.2317340727946,-71.2317340727946
2619.790073480606,-71.2312444306687,-71.2312444306687
2619.800073480606,-71.23070702095492,-71.23070702095492
2619.810073480606,-71.23012196545571,-71.23012196545571
2619.820073480606,-71.22948942663557,-71.22948942663557
2619.830073480606,-71.22880960478618,-71.22880960478618
2619.840073480606,-71.22808273541979,-71.22808273541979
2619.850073480606,-71.22730908683977,-71.22730908683977
2619.860073480606,-71.22648895787651,-71.22648895787651
2619.870073480606,-71.2256226757938,-71.2256226757938
2619.880073480606,-71.22471059430433,-71.22471059430433
2619.890073480606,-71.22375309172638,-71.22375309172638
2619.900073480606,-71.22275056926358,-71.22275056926358
2619.910073480606,-71.22170344937055,-71.22170344937055
2619.920073480606,-71.22061217422254,-71.22061217422254
2619.930073480606,-71.21947720426913,-71.21947720426913
2619.940073480606,-71.21829901689185,-71.21829901689185
2619.950073480606,-71.21707810510297,-71.21707810510297
2619.9600734806063,-71.21580877157459,-71.21580877157459
2619.970073480606,-71.21448882329038,-71.21448882329038
2619.9800734806063,-71.2131174768975,-71.2131174768975
2619.990073480606,-71.21169460829599,-71.21169460829599
2620.0000734806063,-71.21022046521045,-71.21022046521045
2620.010073480606,-71.20869551721474,-71.20869551721474
2620.0200734806062,-71.2071203672903,-71.2071203672903
2620.030073480606,-71.20549569832083,-71.20549569832083
2620.040073480606,-71.20382224056857,-71.20382224056857
2620.050073480606,-71.20210075185686,-71.20210075185686
2620.060073480606,-71.20033200550246,-71.20033200550246
2620.070073480606,-71.19851678296753,-71.19851678296753
2620.080073480606,-71.19665586936321,-71.19665586936321
2620.090073480606,-71.19475005080456,-71.19475005080456
2620.100073480606,-71.19280011276943,-71.19280011276943
2620.110073480606,-71.19080683917323,-71.19080683917323
2620.120073480606,-71.18877101179775,-71.18877101179775
2620.130073480606,-71.18669340998852,-71.18669340998852
2620.140073480606,-71.18457481043485,-71.18457481043485
2620.150073480606,-71.18241598707102,-71.18241598707102
2620.160073480606,-71.18021771096768,-71.18021771096768
2620.170073480606,-71.17798075023605,-71.17798075023605
2620.180073480606,-71.17570586995099,-71.17570586995099
2620.190073480606,-71.17339383206256,-71.17339383206256
2620.200073480606,-71.17104539525698,-71.17104539525698
2620.2100734806063,-71.16866131487986,-71.16866131487986
2620.220073480606,-71.16624234277843,-71.16624234277843
2620.2300734806063,-71.16378922718523,-71.16378922718523
2620.240073480606,-71.1613027125758,-71.1613027125758
2620.2500734806063,-71.158783539521,-71.158783539521
2620.260073480606,-71.15623244455989,-71.15623244455989
2620.2700734806062,-71.15365016002599,-71.15365016002599
2620.280073480606,-71.15103741393406,-71.15103741393406
2620.290073480606,-71.14839492981926,-71.14839492981926
2620.300073480606,-71.14572342661225,-71.14572342661225
2620.310073480606,-71.14302361849167,-71.14302361849167
2620.320073480606,-71.14029621476432,-71.14029621476432
2620.330073480606,-71.1375419197287,-71.1375419197287
2620.340073480606,-71.1347614325887,-71.1347614325887
2620.350073480606,-71.13195544728121,-71.13195544728121
2620.360073480606,-71.12912465241958,-71.12912465241958
2620.370073480606,-71.12626973117123,-71.12626973117123
2620.380073480606,-71.12339136116739,-71.12339136116739
2620.390073480606,-71.12049021440741,-71.12049021440741
2620.400073480606,-71.11756695717445,-71.11756695717445
2620.410073480606,-71.1146222499547,-71.1146222499547
2620.420073480606,-71.11165674737627,-71.11165674737627
2620.430073480606,-71.10867109813626,-71.10867109813626
2620.440073480606,-71.10566594493712,-71.10566594493712
2620.450073480606,-71.1026419244274,-71.1026419244274
2620.4600734806063,-71.09959966715932,-71.09959966715932
2620.470073480606,-71.09653979755143,-71.09653979755143
2620.4800734806063,-71.09346293382032,-71.09346293382032
2620.490073480606,-71.09036968796369,-71.09036968796369
2620.5000734806063,-71.08726066574135,-71.08726066574135
2620.510073480606,-71.08413646662444,-71.08413646662444
2620.5200734806062,-71.08099768376698,-71.08099768376698
2620.530073480606,-71.07784490402653,-71.07784490402653
2620.540073480606,-71.07467870791378,-71.07467870791378
2620.550073504448,-71.07149966203153,-71.07149966203153
2620.560073504448,-71.06830834930734,-71.06830834930734
2620.570073504448,-71.06510532365435,-71.06510532365435
2620.580073504448,-71.0618911401695,-71.0618911401695
2620.590073504448,-71.05866634760842,-71.05866634760842
2620.600073504448,-71.05543148835397,-71.05543148835397
2620.610073504448,-71.0521870984716,-71.0521870984716
2620.620073504448,-71.04893370768457,-71.04893370768457
2620.630073504448,-71.04567183940124,-71.04567183940124
2620.640073504448,-71.04240201072004,-71.04240201072004
2620.650073504448,-71.0391247324791,-71.0391247324791
2620.660073504448,-71.03584050923551,-71.03584050923551
2620.670073504448,-71.03254983931944,-71.03254983931944
2620.680073504448,-71.02925321483087,-71.02925321483087
2620.690073504448,-71.02595112170262,-71.02595112170262
2620.700073504448,-71.02264403969413,-71.02264403969413
2620.710073504448,-71.0193324424425,-71.0193324424425
2620.720073504448,-71.01601679747132,-71.01601679747132
2620.730073504448,-71.01269756624815,-71.01269756624815
2620.740073504448,-71.00937520421841,-71.00937520421841
2620.7500735044478,-71.00605016082083,-71.00605016082083
2620.760073504448,-71.00272287953435,-71.00272287953435
2620.7700735044477,-70.99939379790936,-70.99939379790936
2620.780073504448,-70.99606334763011,-70.99606334763011
2620.7900735044477,-70.99273195453007,-70.99273195453007
2620.800073504448,-70.98940003864034,-70.98940003864034
2620.810073504448,-70.9860680142418,-70.9860680142418
2620.820073504448,-70.98273628988231,-70.98273628988231
2620.830073504448,-70.97940526843263,-70.97940526843263
2620.840073504448,-70.97607534715821,-70.97607534715821
2620.850073504448,-70.9727469177085,-70.9727469177085
2620.860073504448,-70.96942036621755,-70.96942036621755
2620.870073504448,-70.96609607330808,-70.96609607330808
2620.880073504448,-70.96277441415792,-70.96277441415792
2620.890073504448,-70.95945575854813,-70.95945575854813
2620.900073504448,-70.95614047089502,-70.95614047089502
2620.910073504448,-70.95282891031239,-70.95282891031239
2620.920073504448,-70.9495214306559,-70.9495214306559
2620.930073504448,-70.94621838055737,-70.94621838055737
2620.940073504448,-70.94292010350034,-70.94292010350034
2620.950073504448,-70.9396269378374,-70.9396269378374
2620.960073504448,-70.93633921685465,-70.93633921685465
2620.970073504448,-70.93305726882437,-70.93305726882437
2620.980073504448,-70.9297814170427,-70.9297814170427
2620.990073504448,-70.92651197988897,-70.92651197988897
2621.0000735044478,-70.92324927085716,-70.92324927085716
2621.010073504448,-70.91999359862882,-70.91999359862882
2621.0200735044477,-70.9167452670994,-70.9167452670994
2621.030073504448,-70.91350457544615,-70.91350457544615
2621.0400735044477,-70.91027181815404,-70.91027181815404
2621.050073504448,-70.90704728508734,-70.90704728508734
2621.060073504448,-70.90383126153297,-70.90383126153297
2621.070073504448,-70.90062402823212,-70.90062402823212
2621.080073504448,-70.89742586143717,-70.89742586143717
2621.090073504448,-70.8942370329836,-70.8942370329836
2621.100073504448,-70.8910578102906,-70.8910578102906
2621.110073504448,-70.8878884564549,-70.8878884564549
2621.120073504448,-70.88472923027392,-70.88472923027392
2621.130073504448,-70.88158038628973,-70.88158038628973
2621.140073504448,-70.87843359176227,-70.87843359176227
2621.150073504448,-70.87527913730548,-70.87527913730548
2621.160073504448,-70.8721086786582,-70.8721086786582
2621.170073504448,-70.86891548621071,-70.86891548621071
2621.180073504448,-70.8656941124461,-70.8656941124461
2621.190073504448,-70.86244006481581,-70.86244006481581
2621.200073504448,-70.85914957955114,-70.85914957955114
2621.210073504448,-70.8558194756934,-70.8558194756934
2621.220073504448,-70.85244705825612,-70.85244705825612
2621.230073504448,-70.84903004944536,-70.84903004944536
2621.240073504448,-70.84556653582838,-70.84556653582838
2621.2500735044478,-70.84205492520675,-70.84205492520675
2621.260073504448,-70.8384939098996,-70.8384939098996
2621.2700735044477,-70.8348824347457,-70.8348824347457
2621.280073504448,-70.83121966888477,-70.83121966888477
2621.2900735044477,-70.8275049807594,-70.8275049807594
2621.300073504448,-70.82373791590686,-70.82373791590686
2621.310073504448,-70.81991817726258,-70.81991817726258
2621.320073504448,-70.81604560762614,-70.81604560762614
2621.330073504448,-70.81212017414602,-70.81212017414602
2621.340073504448,-70.80814195452467,-70.80814195452467
2621.350073504448,-70.80411112477437,-70.80411112477437
2621.360073504448,-70.80002794835376,-70.80002794835376
2621.370073504448,-70.79589276650707,-70.79589276650707
2621.380073504448,-70.7917059896763,-70.7917059896763
2621.390073504448,-70.78746808984735,-70.78746808984735
2621.40007352829,-70.78317958351766,-70.78317958351766
2621.41007352829,-70.77884106633505,-70.77884106633505
2621.42007352829,-70.77445314674375,-70.77445314674375
2621.43007352829,-70.77001648159835,-70.77001648159835
2621.4400735282898,-70.76553176169361,-70.76553176169361
2621.45007352829,-70.76099970782431,-70.76099970782431
2621.4600735282897,-70.75641490240548,-70.75641490240548
2621.47007352829,-70.75177542118718,-70.75177542118718
2621.4800735282897,-70.74708075088205,-70.74708075088205
2621.49007352829,-70.74233104178886,-70.74233104178886
2621.5000735282897,-70.73752682040272,-70.73752682040272
2621.51007352829,-70.73266883863084,-70.73266883863084
2621.5200735282897,-70.72775798446435,-70.72775798446435
2621.53007352829,-70.72279522752483,-70.72279522752483
2621.5400735282897,-70.71778158569036,-70.71778158569036
2621.55007352829,-70.71271810451537,-70.71271810451537
2621.5600735282896,-70.70760584447443,-70.70760584447443
2621.57007352829,-70.70244587303715,-70.70244587303715
2621.5800735282896,-70.69723925970588,-70.69723925970588
2621.59007352829,-70.6919870728784,-70.6919870728784
2621.6000735282896,-70.68669037788946,-70.68669037788946
2621.61007352829,-70.68135023573356,-70.68135023573356
2621.6200735282896,-70.67596770225497,-70.67596770225497
2621.63007352829,-70.6705438275598,-70.6705438275598
2621.6400735282896,-70.66507965565607,-70.66507965565607
2621.65007352829,-70.65957622413973,-70.65957622413973
2621.66007352829,-70.65403456395669,-70.65403456395669
2621.67007352829,-70.64845569921196,-70.64845569921196
2621.68007352829,-70.64284064695036,-70.64284064695036
2621.6900735282898,-70.6371904170035,-70.6371904170035
2621.70007352829,-70.6315060118157,-70.6315060118157
2621.7100735282897,-70.6257884262662,-70.6257884262662
2621.72007352829,-70.62003864750139,-70.62003864750139
2621.7300735282897,-70.61425765478864,-70.61425765478864
2621.74007352829,-70.60844641934003,-70.60844641934003
2621.7500735282897,-70.60260590418868,-70.60260590418868
2621.76007352829,-70.59673706401323,-70.59673706401323
2621.7700735282897,-70.59084084500991,-70.59084084500991
2621.78007352829,-70.5849181847621,-70.5849181847621
2621.7900735282897,-70.57897001212119,-70.57897001212119
2621.80007352829,-70.57299724708899,-70.57299724708899
2621.8100735282896,-70.56700080069498,-70.56700080069498
2621.82007352829,-70.56098157490986,-70.56098157490986
2621.8300735282896,-70.5549404625562,-70.5549404625562
2621.84007352829,-70.54887834720684,-70.54887834720684
2621.8500735282896,-70.54279610314899,-70.54279610314899
2621.86007352829,-70.53669459525902,-70.53669459525902
2621.8700735282896,-70.53057467899944,-70.53057467899944
2621.88007352829,-70.52443720033327,-70.52443720033327
2621.8900735282896,-70.51828299569019,-70.51828299569019
2621.90007352829,-70.51211289194573,-70.51211289194573
2621.91007352829,-70.50592770636186,-70.50592770636186
2621.92007352829,-70.4997282465815,-70.4997282465815
2621.93007352829,-70.49351531062617,-70.49351531062617
2621.9400735282898,-70.48728968686468,-70.48728968686468
2621.95007352829,-70.48105215400474,-70.48105215400474
2621.9600735282897,-70.47480348111401,-70.47480348111401
2621.97007352829,-70.46854442761757,-70.46854442761757
2621.9800735282897,-70.46227574331792,-70.46227574331792
2621.99007352829,-70.45599816840179,-70.45599816840179
2622.0000735282897,-70.44971243345789,-70.44971243345789
2622.01007352829,-70.44341925952911,-70.44341925952911
2622.0200735282897,-70.43711935811004,-70.43711935811004
2622.03007352829,-70.43081343120392,-70.43081343120392
2622.0400735282897,-70.42450217135446,-70.42450217135446
2622.05007352829,-70.41818626167952,-70.41818626167952
2622.0600735282896,-70.41186637592953,-70.41186637592953
2622.07007352829,-70.4055431785226,-70.4055431785226
2622.0800735282896,-70.39921732460601,-70.39921732460601
2622.09007352829,-70.39288946010538,-70.39288946010538
2622.1000735282896,-70.38656022178439,-70.38656022178439
2622.11007352829,-70.38023023728671,-70.38023023728671
2622.1200735282896,-70.37390012521928,-70.37390012521928
2622.13007352829,-70.36757049520425,-70.36757049520425
2622.1400735282896,-70.3612419479448,-70.3612419479448
2622.15007352829,-70.35491507529115,-70.35491507529115
2622.16007352829,-70.34859046030996,-70.34859046030996
2622.17007352829,-70.34226867734911,-70.34226867734911
2622.18007352829,-70.33595029212475,-70.33595029212475
2622.1900735282898,-70.32963586177375,-70.32963586177375
2622.20007352829,-70.32332593493544,-70.32332593493544
2622.2100735282897,-70.31701492651571,-70.31701492651571
2622.22007352829,-70.31070069158773,-70.31070069158773
2622.2300735282897,-70.30438245976704,-70.30438245976704
2622.24007352829,-70.29806009519028,-70.29806009519028
2622.2500735521317,-70.29173379790231,-70.29173379790231
2622.260073552132,-70.28540401621447,-70.28540401621447
2622.2700735521316,-70.27907126935727,-70.27907126935727
2622.280073552132,-70.2727361551997,-70.2727361551997
2622.2900735521316,-70.2663993035866,-70.2663993035866
2622.300073552132,-70.2600613573538,-70.2600613573538
2622.3100735521316,-70.25372296102046,-70.25372296102046
2622.320073552132,-70.24738475415829,-70.24738475415829
2622.3300735521316,-70.24104736767384,-70.24104736767384
2622.340073552132,-70.23471142176793,-70.23471142176793
2622.3500735521316,-70.22837752501243,-70.22837752501243
2622.360073552132,-70.22200300866498,-70.22200300866498
2622.3700735521315,-70.21557019277165,-70.21557019277165
2622.3800735521318,-70.20907096869283,-70.20907096869283
2622.3900735521315,-70.20250135399297,-70.20250135399297
2622.4000735521317,-70.19585946331286,-70.19585946331286
2622.4100735521315,-70.18914456949737,-70.18914456949737
2622.4200735521317,-70.18235661237362,-70.18235661237362
2622.4300735521315,-70.17549592697266,-70.17549592697266
2622.4400735521317,-70.168563089498,-70.168563089498
2622.4500735521315,-70.16155882896442,-70.16155882896442
2622.4600735521317,-70.15448397619886,-70.15448397619886
2622.4700735521315,-70.14733943411126,-70.14733943411126
2622.4800735521317,-70.14012616005414,-70.14012616005414
2622.4900735521314,-70.13284515506156,-70.13284515506156
2622.5000735521317,-70.12549745694729,-70.12549745694729
2622.510073552132,-70.11808413551209,-70.11808413551209
2622.5200735521316,-70.11060628895662,-70.11060628895662
2622.530073552132,-70.10306504091692,-70.10306504091692
2622.5400735521316,-70.09546153788907,-70.09546153788907
2622.550073552132,-70.08779694680685,-70.08779694680685
2622.5600735521316,-70.08007245282752,-70.08007245282752
2622.570073552132,-70.07228925719018,-70.07228925719018
2622.5800735521316,-70.06444857518575,-70.06444857518575
2622.590073552132,-70.05655163421196,-70.05655163421196
2622.6000735521316,-70.04859967197199,-70.04859967197199
2622.610073552132,-70.04059393469605,-70.04059393469605
2622.6200735521315,-70.03253567553399,-70.03253567553399
2622.6300735521318,-70.02442615301644,-70.02442615301644
2622.6400735521315,-70.01626662963565,-70.01626662963565
2622.6500735521317,-70.00805837047707,-70.00805837047707
2622.6600735521315,-69.99980264200273,-69.99980264200273
2622.6700735521317,-69.99150071089524,-69.99150071089524
2622.6800735521315,-69.98315384294064,-69.98315384294064
2622.6900735521317,-69.97476330207274,-69.97476330207274
2622.7000735521315,-69.9663303493992,-69.9663303493992
2622.7100735521317,-69.95785015355445,-69.95785015355445
2622.7200735521315,-69.94932131076817,-69.94932131076817
2622.7300735521317,-69.94074378795233,-69.94074378795233
2622.7400735521314,-69.93211818541809,-69.93211818541809
2622.7500735521317,-69.92344545404492,-69.92344545404492
2622.760073552132,-69.9147267474983,-69.9147267474983
2622.7700735521316,-69.9059633350477,-69.9059633350477
2622.780073552132,-69.89715654878177,-69.89715654878177
2622.7900735521316,-69.88830775162,-69.88830775162
2622.800073552132,-69.87941831791628,-69.87941831791628
2622.8100735521316,-69.87048962171949,-69.87048962171949
2622.820073552132,-69.86152302975997,-69.86152302975997
2622.8300735521316,-69.85251989733068,-69.85251989733068
2622.840073552132,-69.84348156585887,-69.84348156585887
2622.8500735521316,-69.83440936165613,-69.83440936165613
2622.860073552132,-69.82530459525773,-69.82530459525773
2622.8700735521315,-69.8161685611685,-69.8161685611685
2622.8800735521318,-69.80700253784009,-69.80700253784009
2622.8900735521315,-69.79780778776994,-69.79780778776994
2622.9000735521317,-69.78858555764012,-69.78858555764012
2622.9100735521315,-69.77933707852365,-69.77933707852365
2622.9200735521317,-69.77006356603405,-69.77006356603405
2622.9300735521315,-69.7607662205408,-69.7607662205408
2622.9400735521317,-69.75144622729658,-69.75144622729658
2622.9500735521315,-69.74210475659915,-69.74210475659915
2622.9600735521317,-69.73274296391283,-69.73274296391283
2622.9700735521315,-69.72336198999432,-69.72336198999432
2622.9800735521317,-69.71396296097103,-69.71396296097103
2622.9900735521314,-69.7045469884664,-69.7045469884664
2623.0000735521317,-69.695115169639,-69.695115169639
2623.010073552132,-69.6856685873009,-69.6856685873009
2623.0200735521316,-69.67620830995276,-69.67620830995276
2623.030073552132,-69.66673539186931,-69.66673539186931
2623.0400735521316,-69.65725087316278,-69.65725087316278
2623.050073552132,-69.6477557798386,-69.6477557798386
2623.0600735521316,-69.63825112385827,-69.63825112385827
2623.070073552132,-69.62873790320477,-69.62873790320477
2623.0800735521316,-69.61921710195972,-69.61921710195972
2623.090073552132,-69.60968969034072,-69.60968969034072
2623.1000735759735,-69.60015660209802,-69.60015660209802
2623.1100735759737,-69.59061882531992,-69.59061882531992
2623.1200735759735,-69.58107726649506,-69.58107726649506
2623.1300735759737,-69.57153284113309,-69.57153284113309
2623.1400735759735,-69.56198645130296,-69.56198645130296
2623.1500735759737,-69.55243898565392,-69.55243898565392
2623.1600735759735,-69.54289131953465,-69.54289131953465
2623.1700735759737,-69.53334431505972,-69.53334431505972
2623.1800735759734,-69.5237988212077,-69.5237988212077
2623.1900735759737,-69.51425567390064,-69.51425567390064
2623.2000735759734,-69.5047156961237,-69.5047156961237
2623.2100735759736,-69.49517969799449,-69.49517969799449
2623.2200735759734,-69.48564847688004,-69.48564847688004
2623.2300735759736,-69.47612281750824,-69.47612281750824
2623.2400735759734,-69.46660349204372,-69.46660349204372
2623.2500735759736,-69.45709126021868,-69.45709126021868
2623.2600735759734,-69.44758686943831,-69.44758686943831
2623.2700735759736,-69.43809105487558,-69.43809105487558
2623.2800735759733,-69.42860453960905,-69.42860453960905
2623.2900735759736,-69.41912803470125,-69.41912803470125
2623.3000735759733,-69.4096622393548,-69.4096622393548
2623.3100735759735,-69.40020784099906,-69.40020784099906
2623.3200735759733,-69.3907655154213,-69.3907655154213
2623.3300735759735,-69.3813359268674,-69.3813359268674
2623.3400735759733,-69.37191972820068,-69.37191972820068
2623.3500735759735,-69.36251756097938,-69.36251756097938
2623.3600735759737,-69.35313005559264,-69.35313005559264
2623.3700735759735,-69.34375783139839,-69.34375783139839
2623.3800735759737,-69.33440149682735,-69.33440149682735
2623.3900735759735,-69.32506164950284,-69.32506164950284
2623.4000735759737,-69.31573887637389,-69.31573887637389
2623.4100735759735,-69.30643375384457,-69.30643375384457
2623.4200735759737,-69.29714684788479,-69.29714684788479
2623.4300735759734,-69.28787871415084,-69.28787871415084
2623.4400735759737,-69.27862989812483,-69.27862989812483
2623.4500735759734,-69.26940093522782,-69.26940093522782
2623.4600735759736,-69.26019235094542,-69.26019235094542
2623.4700735759734,-69.25100466093926,-69.25100466093926
2623.4800735759736,-69.24183837119547,-69.24183837119547
2623.4900735759734,-69.23269397812203,-69.23269397812203
2623.5000735759736,-69.22357196867611,-69.22357196867611
2623.5100735759734,-69.21447282050327,-69.21447282050327
2623.5200735759736,-69.20539700203364,-69.20539700203364
2623.5300735759733,-69.19634497261723,-69.19634497261723
2623.5400735759736,-69.18731718263341,-69.18731718263341
2623.5500735759733,-69.17831407362958,-69.17831407362958
2623.5600735759735,-69.16933607841284,-69.16933607841284
2623.5700735759733,-69.16038362118981,-69.16038362118981
2623.5800735759735,-69.15145711766917,-69.15145711766917
2623.5900735759733,-69.14255697518843,-69.14255697518843
2623.6000735759735,-69.13368359281333,-69.13368359281333
2623.6100735759737,-69.12483736147227,-69.12483736147227
2623.6200735759735,-69.11601866405913,-69.11601866405913
2623.6300735759737,-69.10722787553982,-69.10722787553982
2623.6400735759735,-69.09846536307307,-69.09846536307307
2623.6500735759737,-69.089731486125,-69.089731486125
2623.6600735759735,-69.08102659656485,-69.08102659656485
2623.6700735759737,-69.07235103878132,-69.07235103878132
2623.6800735759734,-69.06370514979437,-69.06370514979437
2623.6900735759737,-69.05508925934285,-69.05508925934285
2623.7000735759734,-69.04650369002282,-69.04650369002282
2623.7100735759736,-69.0379427538952,-69.0379427538952
2623.7200735759734,-69.02940414405096,-69.02940414405096
2623.7300735759736,-69.02088690416043,-69.02088690416043
2623.7400735759734,-69.01239070133053,-69.01239070133053
2623.7500735759736,-69.00391554776118,-69.00391554776118
2623.7600735759734,-68.99546165561297,-68.99546165561297
2623.7700735759736,-68.98702935159548,-68.98702935159548
2623.7800735759733,-68.9786190255355,-68.9786190255355
2623.7900735759736,-68.97023109936342,-68.97023109936342
2623.8000735759733,-68.96186600850666,-68.96186600850666
2623.8100735759735,-68.95352419084574,-68.95352419084574
2623.8200735759733,-68.94520608027477,-68.94520608027477
2623.8300735759735,-68.93691210305752,-68.93691210305752
2623.8400735759733,-68.92864267592226,-68.92864267592226
2623.8500735759735,-68.92039820518264,-68.92039820518264
2623.8600735759737,-68.91217908645498,-68.91217908645498
2623.8700735759735,-68.90398570478698,-68.90398570478698
2623.8800735759737,-68.89581843492334,-68.89581843492334
2623.8900735759735,-68.88767764172069,-68.88767764172069
2623.9000735759737,-68.87956368055117,-68.87956368055117
2623.9100735759735,-68.87147689776583,-68.87147689776583
2623.9200735759737,-68.86341763109537,-68.86341763109537
2623.9300735759734,-68.85538621003244,-68.85538621003244
2623.9400735759737,-68.84738295620612,-68.84738295620612
2623.9500735998154,-68.83940816470974,-68.83940816470974
2623.9600735998156,-68.83145619526863,-68.83145619526863
2623.9700735998154,-68.8235247215168,-68.8235247215168
2623.9800735998156,-68.81561278251927,-68.81561278251927
2623.9900735998153,-68.80772003897886,-68.80772003897886
2624.0000735998156,-68.79984649579887,-68.79984649579887
2624.0100735998153,-68.79199235751022,-68.79199235751022
2624.0200735998155,-68.78415794320573,-68.78415794320573
2624.0300735998153,-68.77634363531678,-68.77634363531678
2624.0400735998155,-68.76854984874467,-68.76854984874467
2624.0500735998153,-68.7607770123595,-68.7607770123595
2624.0600735998155,-68.75302555801106,-68.75302555801106
2624.0700735998153,-68.74529591411527,-68.74529591411527
2624.0800735998155,-68.73758850205715,-68.73758850205715
2624.0900735998152,-68.72990373426349,-68.72990373426349
2624.1000735998155,-68.72224201334377,-68.72224201334377
2624.110073599815,-68.71460373181405,-68.71460373181405
2624.1200735998154,-68.7069892721806,-68.7069892721806
2624.130073599815,-68.69939900724074,-68.69939900724074
2624.1400735998154,-68.6918333004412,-68.6918333004412
2624.150073599815,-68.68429250631134,-68.68429250631134
2624.1600735998154,-68.67677697085621,-68.67677697085621
2624.170073599815,-68.66928703198168,-68.66928703198168
2624.1800735998154,-68.6618230198355,-68.6618230198355
2624.190073599815,-68.65438525716644,-68.65438525716644
2624.2000735998154,-68.64697405963231,-68.64697405963231
2624.2100735998156,-68.63958973606562,-68.63958973606562
2624.2200735998154,-68.63223258871142,-68.63223258871142
2624.2300735998156,-68.62490291347167,-68.62490291347167
2624.2400735998153,-68.61760100006936,-68.61760100006936
2624.2500735998156,-68.61032713223767,-68.61032713223767
2624.2600735998153,-68.60308158787723,-68.60308158787723
2624.2700735998155,-68.59586463920091,-68.59586463920091
2624.2800735998153,-68.58867655283326,-68.58867655283326
2624.2900735998155,-68.5815175899565,-68.5815175899565
2624.3000735998153,-68.57438800640473,-68.57438800640473
2624.3100735998155,-68.56728805274363,-68.56728805274363
2624.3200735998153,-68.5602179743737,-68.5602179743737
2624.3300735998155,-68.55317801161598,-68.55317801161598
2624.3400735998152,-68.54616839976642,-68.54616839976642
2624.3500735998155,-68.53918936919322,-68.53918936919322
2624.360073599815,-68.53224114539069,-68.53224114539069
2624.3700735998154,-68.52532394903838,-68.52532394903838
2624.380073599815,-68.51843799607074,-68.51843799607074
2624.3900735998154,-68.51158349773463,-68.51158349773463
2624.400073599815,-68.50476066064448,-68.50476066064448
2624.4100735998154,-68.49796968684221,-68.49796968684221
2624.420073599815,-68.49121077384434,-68.49121077384434
2624.4300735998154,-68.48448411469921,-68.48448411469921
2624.440073599815,-68.47778989803398,-68.47778989803398
2624.4500735998154,-68.47112830809509,-68.47112830809509
2624.4600735998156,-68.46449357234279,-68.46449357234279
2624.4700735998154,-68.45788327364275,-68.45788327364275
2624.4800735998156,-68.45129633617536,-68.45129633617536
2624.4900735998153,-68.44473230432128,-68.44473230432128
2624.5000735998156,-68.43819106669322,-68.43819106669322
2624.5100735998153,-68.43167271228012,-68.43167271228012
2624.5200735998155,-68.42517744579004,-68.42517744579004
2624.5300735998153,-68.41870553664577,-68.41870553664577
2624.5400735998155,-68.41225728827906,-68.41225728827906
2624.5500735998153,-68.40583301965862,-68.40583301965862
2624.5600735998155,-68.39943305431392,-68.39943305431392
2624.5700735998153,-68.3930577139416,-68.3930577139416
2624.5800735998155,-68.38670731475746,-68.38670731475746
2624.5900735998152,-68.38038216556622,-68.38038216556622
2624.6000735998155,-68.3740825668575,-68.3740825668575
2624.610073599815,-68.36780881051067,-68.36780881051067
2624.6200735998154,-68.36156117986741,-68.36156117986741
2624.630073599815,-68.35533994996898,-68.35533994996898
2624.6400735998154,-68.34914538791296,-68.34914538791296
2624.650073599815,-68.34297775324558,-68.34297775324558
2624.6600735998154,-68.33683729834509,-68.33683729834509
2624.670073599815,-68.3307242688192,-68.3307242688192
2624.6800735998154,-68.32463890384788,-68.32463890384788
2624.690073599815,-68.31858143648333,-68.31858143648333
2624.7000735998154,-68.31255209397003,-68.31255209397003
2624.7100735998156,-68.3065451595694,-68.3065451595694
2624.7200735998154,-68.30055826305174,-68.30055826305174
2624.7300735998156,-68.2945903712662,-68.2945903712662
2624.7400735998153,-68.28864106886438,-68.28864106886438
2624.7500735998156,-68.28271028309625,-68.28271028309625
2624.7600735998153,-68.27679814043724,-68.27679814043724
2624.7700735998155,-68.2709048822512,-68.2709048822512
2624.7800735998153,-68.26503081402892,-68.26503081402892
2624.7900735998155,-68.25917627477958,-68.25917627477958
2624.800073623657,-68.25334160480236,-68.25334160480236
2624.8100736236574,-68.24752719036816,-68.24752719036816
2624.820073623657,-68.24173337395052,-68.24173337395052
2624.8300736236574,-68.23596050625464,-68.23596050625464
2624.840073623657,-68.23020893039518,-68.23020893039518
2624.8500736236574,-68.22447898103493,-68.22447898103493
2624.860073623657,-68.21877098406681,-68.21877098406681
2624.8700736236574,-68.21308525672379,-68.21308525672379
2624.880073623657,-68.20742210779197,-68.20742210779197
2624.8900736236574,-68.20178183799014,-68.20178183799014
2624.900073623657,-68.19616474037068,-68.19616474037068
2624.9100736236574,-68.19057110067106,-68.19057110067106
2624.920073623657,-68.18500119772513,-68.18500119772513
2624.9300736236573,-68.17945530380238,-68.17945530380238
2624.940073623657,-68.17393368491321,-68.17393368491321
2624.9500736236573,-68.16843660109292,-68.16843660109292
2624.960073623657,-68.16296430666273,-68.16296430666273
2624.9700736236573,-68.15751705045912,-68.15751705045912
2624.980073623657,-68.1520950760075,-68.1520950760075
2624.9900736236573,-68.14669862171878,-68.14669862171878
2625.000073623657,-68.14132792104006,-68.14132792104006
2625.0100736236573,-68.13598320257913,-68.13598320257913
2625.020073623657,-68.1306646902491,-68.1306646902491
2625.0300736236572,-68.12537260334457,-68.12537260334457
2625.040073623657,-68.12010715666425,-68.12010715666425
2625.050073623657,-68.11486856059784,-68.11486856059784
2625.0600736236574,-68.10965702118598,-68.10965702118598
2625.070073623657,-68.10447274020957,-68.10447274020957
2625.0800736236574,-68.09931591524058,-68.09931591524058
2625.090073623657,-68.09418673971268,-68.09418673971268
2625.1000736236574,-68.089085402979,-68.089085402979
2625.110073623657,-68.08401209034922,-68.08401209034922
2625.1200736236574,-68.07896698316365,-68.07896698316365
2625.130073623657,-68.07395025882475,-68.07395025882475
2625.1400736236574,-68.0689620908356,-68.0689620908356
2625.150073623657,-68.06400264886425,-68.06400264886425
2625.1600736236574,-68.05907209876169,-68.05907209876169
2625.170073623657,-68.05417060262155,-68.05417060262155
2625.1800736236573,-68.04929831881033,-68.04929831881033
2625.190073623657,-68.04445540201421,-68.04445540201421
2625.2000736236573,-68.0396420032511,-68.0396420032511
2625.210073623657,-68.03485826995215,-68.03485826995215
2625.2200736236573,-68.03010434595377,-68.03010434595377
2625.230073623657,-68.0253803715761,-68.0253803715761
2625.2400736236573,-68.02068648362473,-68.02068648362473
2625.250073623657,-68.01602281545132,-68.01602281545132
2625.2600736236573,-68.01138949696461,-68.01138949696461
2625.270073623657,-68.00678665470741,-68.00678665470741
2625.2800736236572,-68.00221441184402,-68.00221441184402
2625.290073623657,-67.99767288823246,-67.99767288823246
2625.300073623657,-67.99316220044724,-67.99316220044724
2625.3100736236574,-67.98868246181222,-67.98868246181222
2625.320073623657,-67.98423378244449,-67.98423378244449
2625.3300736236574,-67.9798162692819,-67.9798162692819
2625.340073623657,-67.97543002613317,-67.97543002613317
2625.3500736236574,-67.9710751537066,-67.9710751537066
2625.360073623657,-67.96675174962795,-67.96675174962795
2625.3700736236574,-67.96245990850807,-67.96245990850807
2625.380073623657,-67.95819972195527,-67.95819972195527
2625.3900736236574,-67.95397127861652,-67.95397127861652
2625.400073623657,-67.94977466422515,-67.94977466422515
2625.4100736236574,-67.94560996162961,-67.94560996162961
2625.420073623657,-67.94147725081703,-67.94147725081703
2625.4300736236573,-67.93737660897142,-67.93737660897142
2625.440073623657,-67.93330811048774,-67.93330811048774
2625.4500736236573,-67.92927182700974,-67.92927182700974
2625.460073623657,-67.92526192222891,-67.92526192222891
2625.4700736236573,-67.92127588980814,-67.92127588980814
2625.480073623657,-67.91731255478375,-67.91731255478375
2625.4900736236573,-67.91337135821671,-67.91337135821671
2625.500073623657,-67.90945208359857,-67.90945208359857
2625.5100736236573,-67.9055547142937,-67.9055547142937
2625.520073623657,-67.90167934970172,-67.90167934970172
2625.5300736236572,-67.89782615478185,-67.89782615478185
2625.540073623657,-67.89399532961241,-67.89399532961241
2625.550073623657,-67.89018709116453,-67.89018709116453
2625.5600736236574,-67.88640166242902,-67.88640166242902
2625.570073623657,-67.88263926608032,-67.88263926608032
2625.5800736236574,-67.87890012086903,-67.87890012086903
2625.590073623657,-67.87518443971983,-67.87518443971983
2625.6000736236574,-67.87149242881372,-67.87149242881372
2625.610073623657,-67.86782428729013,-67.86782428729013
2625.6200736236574,-67.86418020729788,-67.86418020729788
2625.630073623657,-67.86056037424046,-67.86056037424046
2625.6400736236574,-67.85696496709211,-67.85696496709211
2625.650073647499,-67.85339415028332,-67.85339415028332
2625.6600736474993,-67.84984810811244,-67.84984810811244
2625.670073647499,-67.84632699397761,-67.84632699397761
2625.6800736474993,-67.8428309648188,-67.8428309648188
2625.690073647499,-67.83936017291603,-67.83936017291603
2625.7000736474993,-67.8359147661233,-67.8359147661233
2625.710073647499,-67.83249488813297,-67.83249488813297
2625.7200736474992,-67.8291006786726,-67.8291006786726
2625.730073647499,-67.82573227369843,-67.82573227369843
2625.7400736474992,-67.82238980555391,-67.82238980555391
2625.750073647499,-67.81907340311643,-67.81907340311643
2625.760073647499,-67.81578319192745,-67.81578319192745
2625.770073647499,-67.81251929429206,-67.81251929429206
2625.780073647499,-67.80928182938374,-67.80928182938374
2625.790073647499,-67.80607091333458,-67.80607091333458
2625.800073647499,-67.80288665931107,-67.80288665931107
2625.810073647499,-67.79972917756496,-67.79972917756496
2625.820073647499,-67.79659857552087,-67.79659857552087
2625.830073647499,-67.79349495781621,-67.79349495781621
2625.840073647499,-67.79041842634103,-67.79041842634103
2625.850073647499,-67.78736908030398,-67.78736908030398
2625.860073647499,-67.78434701626709,-67.78434701626709
2625.870073647499,-67.78135232818356,-67.78135232818356
2625.880073647499,-67.77838510742116,-67.77838510742116
2625.890073647499,-67.77544544281797,-67.77544544281797
2625.900073647499,-67.77253342069437,-67.77253342069437
2625.9100736474993,-67.76964912488951,-67.76964912488951
2625.920073647499,-67.76679263680484,-67.76679263680484
2625.9300736474993,-67.76396403540376,-67.76396403540376
2625.940073647499,-67.76116339726156,-67.76116339726156
2625.9500736474993,-67.75839079657662,-67.75839079657662
2625.960073647499,-67.75564041415893,-67.75564041415893
2625.9700736474992,-67.75290975247106,-67.75290975247106
2625.980073647499,-67.75019764192035,-67.75019764192035
2625.9900736474992,-67.74750352740574,-67.74750352740574
2626.000073647499,-67.74482719546995,-67.74482719546995
2626.010073647499,-67.74216863217346,-67.74216863217346
2626.020073647499,-67.73952793956049,-67.73952793956049
2626.030073647499,-67.7369052853109,-67.7369052853109
2626.040073647499,-67.73430087246666,-67.73430087246666
2626.050073647499,-67.73171492121054,-67.73171492121054
2626.060073647499,-67.72914765807579,-67.72914765807579
2626.070073647499,-67.72659930959549,-67.72659930959549
2626.080073647499,-67.72407009872227,-67.72407009872227
2626.090073647499,-67.7215602428958,-67.7215602428958
2626.100073647499,-67.71906995315284,-67.71906995315284
2626.110073647499,-67.71659943379123,-67.71659943379123
2626.120073647499,-67.71414888242639,-67.71414888242639
2626.130073647499,-67.71171849020082,-67.71171849020082
2626.140073647499,-67.70930844209845,-67.70930844209845
2626.150073647499,-67.70691891733296,-67.70691891733296
2626.1600736474993,-67.70455008967589,-67.70455008967589
2626.170073647499,-67.7022021278272,-67.7022021278272
2626.1800736474993,-67.69987519571328,-67.69987519571328
2626.190073647499,-67.69756945279983,-67.69756945279983
2626.2000736474993,-67.69528505433193,-67.69528505433193
2626.210073647499,-67.69301626595976,-67.69301626595976
2626.2200736474992,-67.69076067029891,-67.69076067029891
2626.230073647499,-67.68851717520067,-67.68851717520067
2626.2400736474992,-67.68628530108802,-67.68628530108802
2626.250073647499,-67.68406490856927,-67.68406490856927
2626.260073647499,-67.68185605652477,-67.68185605652477
2626.270073647499,-67.67965891880051,-67.67965891880051
2626.280073647499,-67.67747373401015,-67.67747373401015
2626.290073647499,-67.67530077533767,-67.67530077533767
2626.300073647499,-67.67314033241527,-67.67314033241527
2626.310073647499,-67.67099270056637,-67.67099270056637
2626.320073647499,-67.66885817453667,-67.66885817453667
2626.330073647499,-67.66673704490212,-67.66673704490212
2626.340073647499,-67.66462959619048,-67.66462959619048
2626.350073647499,-67.66253610598866,-67.66253610598866
2626.360073647499,-67.66045684462453,-67.66045684462453
2626.370073647499,-67.65839207523432,-67.65839207523432
2626.380073647499,-67.65634205396964,-67.65634205396964
2626.390073647499,-67.65430703034396,-67.65430703034396
2626.400073647499,-67.65228724756055,-67.65228724756055
2626.4100736474993,-67.65028294291415,-67.65028294291415
2626.420073647499,-67.6482943481002,-67.6482943481002
2626.4300736474993,-67.64632168955451,-67.64632168955451
2626.440073647499,-67.6443651887358,-67.6443651887358
2626.4500736474993,-67.64242506237991,-67.64242506237991
2626.460073647499,-67.64050152271943,-67.64050152271943
2626.4700736474992,-67.63859477769476,-67.63859477769476
2626.480073647499,-67.6367050311338,-67.6367050311338
2626.4900736474992,-67.63483248287032,-67.63483248287032
2626.500073671341,-67.63297732451377,-67.63297732451377
2626.510073671341,-67.63113975719784,-67.63113975719784
2626.520073671341,-67.62931996513171,-67.62931996513171
2626.530073671341,-67.62751813343894,-67.62751813343894
2626.540073671341,-67.62573444377641,-67.62573444377641
2626.550073671341,-67.62396907441014,-67.62396907441014
2626.560073671341,-67.62222220027414,-67.62222220027414
2626.570073671341,-67.62049399302155,-67.62049399302155
2626.580073671341,-67.61878462107234,-67.61878462107234
2626.590073671341,-67.61709424966124,-67.61709424966124
2626.600073671341,-67.61542304086791,-67.61542304086791
2626.610073671341,-67.61377115365742,-67.61377115365742
2626.620073671341,-67.61213874392284,-67.61213874392284
2626.630073671341,-67.61052596449413,-67.61052596449413
2626.640073671341,-67.6089329651936,-67.6089329651936
2626.650073671341,-67.60735989283398,-67.60735989283398
2626.660073671341,-67.60580689127526,-67.60580689127526
2626.670073671341,-67.604274101421,-67.604274101421
2626.680073671341,-67.60276166127534,-67.60276166127534
2626.690073671341,-67.6012697059422,-67.6012697059422
2626.7000736713408,-67.59979836765136,-67.59979836765136
2626.710073671341,-67.59834777580295,-67.59834777580295
2626.7200736713407,-67.59691805695917,-67.59691805695917
2626.730073671341,-67.59550933490083,-67.59550933490083
2626.7400736713407,-67.59412173061848,-67.59412173061848
2626.750073671341,-67.59275536236383,-67.59275536236383
2626.760073671341,-67.59141034565944,-67.59141034565944
2626.770073671341,-67.59008679332071,-67.59008679332071
2626.780073671341,-67.58878481547983,-67.58878481547983
2626.790073671341,-67.58750451963209,-67.58750451963209
2626.800073671341,-67.58624601061814,-67.58624601061814
2626.810073671341,-67.58500939068469,-67.58500939068469
2626.820073671341,-67.58379475948607,-67.58379475948607
2626.830073671341,-67.58260221412226,-67.58260221412226
2626.840073671341,-67.58143184916584,-67.58143184916584
2626.850073671341,-67.58028375667327,-67.58028375667327
2626.860073671341,-67.57915802621812,-67.57915802621812
2626.870073671341,-67.57805474492024,-67.57805474492024
2626.880073671341,-67.57697399745518,-67.57697399745518
2626.890073671341,-67.57591586611204,-67.57591586611204
2626.900073671341,-67.57488043077203,-67.57488043077203
2626.910073671341,-67.57386776898183,-67.57386776898183
2626.920073671341,-67.57287795594516,-67.57287795594516
2626.930073671341,-67.57191106456956,-67.57191106456956
2626.940073671341,-67.5709671654816,-67.5709671654816
2626.9500736713408,-67.57004632705534,-67.57004632705534
2626.960073671341,-67.56914861543412,-67.56914861543412
2626.9700736713407,-67.56827409457523,-67.56827409457523
2626.980073671341,-67.5674228262461,-67.5674228262461
2626.9900736713407,-67.56659487007536,-67.56659487007536
2627.000073671341,-67.56579028357241,-67.56579028357241
2627.010073671341,-67.56500912214419,-67.56500912214419
2627.020073671341,-67.5642514391369,-67.5642514391369
2627.030073671341,-67.56351728584318,-67.56351728584318
2627.040073671341,-67.56280671155422,-67.56280671155422
2627.050073671341,-67.56211976355917,-67.56211976355917
2627.060073671341,-67.56145648717668,-67.56145648717668
2627.070073671341,-67.56081692579893,-67.56081692579893
2627.080073671341,-67.56020112089499,-67.56020112089499
2627.090073671341,-67.55960911205194,-67.55960911205194
2627.100073671341,-67.55904093697912,-67.55904093697912
2627.110073671341,-67.5584966315721,-67.5584966315721
2627.120073671341,-67.5579762298991,-67.5579762298991
2627.130073671341,-67.55747976423413,-67.55747976423413
2627.140073671341,-67.55700726510894,-67.55700726510894
2627.150073671341,-67.55655876129323,-67.55655876129323
2627.160073671341,-67.55613427986769,-67.55613427986769
2627.170073671341,-67.55573384620249,-67.55573384620249
2627.180073671341,-67.55535748401353,-67.55535748401353
2627.190073671341,-67.55500521537778,-67.55500521537778
2627.2000736713408,-67.55467706074744,-67.55467706074744
2627.210073671341,-67.55437303898294,-67.55437303898294
2627.2200736713407,-67.55409316738074,-67.55409316738074
2627.230073671341,-67.55383746168617,-67.55383746168617
2627.2400736713407,-67.55360593612046,-67.55360593612046
2627.250073671341,-67.55339860340305,-67.55339860340305
2627.260073671341,-67.55321547477837,-67.55321547477837
2627.270073671341,-67.55305656003586,-67.55305656003586
2627.280073671341,-67.55292186752473,-67.55292186752473
2627.290073671341,-67.55281140419257,-67.55281140419257
2627.300073671341,-67.55272517558758,-67.55272517558758
2627.310073671341,-67.55266318588623,-67.55266318588623
2627.320073671341,-67.55262543793768,-67.55262543793768
2627.330073671341,-67.55261193324162,-67.55261193324162
2627.340073671341,-67.55262267200757,-67.55262267200757
2627.350073695183,-67.55265765325174,-67.55265765325174
2627.360073695183,-67.55271687451938,-67.55271687451938
2627.370073695183,-67.55280033223359,-67.55280033223359
2627.380073695183,-67.55290802158753,-67.55290802158753
2627.3900736951828,-67.55303993657073,-67.55303993657073
2627.400073695183,-67.55319606998432,-67.55319606998432
2627.4100736951827,-67.55337641346918,-67.55337641346918
2627.420073695183,-67.55358095751821,-67.55358095751821
2627.4300736951827,-67.55380969148563,-67.55380969148563
2627.440073695183,-67.55406260363122,-67.55406260363122
2627.4500736951827,-67.55433968112382,-67.55433968112382
2627.460073695183,-67.55464091005466,-67.55464091005466
2627.4700736951827,-67.55496627546388,-67.55496627546388
2627.480073695183,-67.55531576135776,-67.55531576135776
2627.4900736951827,-67.55568935071958,-67.55568935071958
2627.500073695183,-67.55608702552739,-67.55608702552739
2627.5100736951827,-67.55650876678783,-67.55650876678783
2627.520073695183,-67.55695455453447,-67.55695455453447
2627.5300736951826,-67.55742436784355,-67.55742436784355
2627.540073695183,-67.55791818486365,-67.55791818486365
2627.5500736951826,-67.55843598282544,-67.55843598282544
2627.560073695183,-67.55897773805387,-67.55897773805387
2627.5700736951826,-67.55954342599411,-67.55954342599411
2627.580073695183,-67.56013302121748,-67.56013302121748
2627.5900736951826,-67.560746497425,-67.560746497425
2627.600073695183,-67.56138382751142,-67.56138382751142
2627.610073695183,-67.56204498351883,-67.56204498351883
2627.620073695183,-67.56272993668225,-67.56272993668225
2627.630073695183,-67.56343865744799,-67.56343865744799
2627.6400736951828,-67.56417111547768,-67.56417111547768
2627.650073695183,-67.56492727967235,-67.56492727967235
2627.6600736951827,-67.56570711817157,-67.56570711817157
2627.670073695183,-67.56651059837198,-67.56651059837198
2627.6800736951827,-67.56733768695767,-67.56733768695767
2627.690073695183,-67.56818834988398,-67.56818834988398
2627.7000736951827,-67.56906255242134,-67.56906255242134
2627.710073695183,-67.56996025915116,-67.56996025915116
2627.7200736951827,-67.57088143396918,-67.57088143396918
2627.730073695183,-67.57182604013268,-67.57182604013268
2627.7400736951827,-67.57279404022803,-67.57279404022803
2627.750073695183,-67.57378539621922,-67.57378539621922
2627.7600736951827,-67.57480006943912,-67.57480006943912
2627.770073695183,-67.57583802061734,-67.57583802061734
2627.7800736951826,-67.57689920987542,-67.57689920987542
2627.790073695183,-67.577983596747,-67.577983596747
2627.8000736951826,-67.57909114019785,-67.57909114019785
2627.810073695183,-67.58022179861105,-67.58022179861105
2627.8200736951826,-67.58137552983764,-67.58137552983764
2627.830073695183,-67.58255229116183,-67.58255229116183
2627.8400736951826,-67.58375203935393,-67.58375203935393
2627.850073695183,-67.58497473064575,-67.58497473064575
2627.860073695183,-67.58622032076377,-67.58622032076377
2627.870073695183,-67.5874887649412,-67.5874887649412
2627.880073695183,-67.5887800179153,-67.5887800179153
2627.8900736951828,-67.5900940339363,-67.5900940339363
2627.900073695183,-67.59143076678473,-67.59143076678473
2627.9100736951827,-67.59279016978265,-67.59279016978265
2627.920073695183,-67.59417219580692,-67.59417219580692
2627.9300736951827,-67.59557679726967,-67.59557679726967
2627.940073695183,-67.59700392616777,-67.59700392616777
2627.9500736951827,-67.59845353407918,-67.59845353407918
2627.960073695183,-67.59992557214468,-67.59992557214468
2627.9700736951827,-67.60141999112402,-67.60141999112402
2627.980073695183,-67.60293674136065,-67.60293674136065
2627.9900736951827,-67.60447577282491,-67.60447577282491
2628.000073695183,-67.60603703508009,-67.60603703508009
2628.0100736951827,-67.6076204773547,-67.6076204773547
2628.020073695183,-67.60922604848007,-67.60922604848007
2628.0300736951826,-67.6108536969559,-67.6108536969559
2628.040073695183,-67.61250337092099,-67.61250337092099
2628.0500736951826,-67.61417501817733,-67.61417501817733
2628.060073695183,-67.61586858619738,-67.61586858619738
2628.0700736951826,-67.61758402212203,-67.61758402212203
2628.080073695183,-67.61932127279019,-67.61932127279019
2628.0900736951826,-67.62108028471826,-67.62108028471826
2628.100073695183,-67.6228610041259,-67.6228610041259
2628.110073695183,-67.62466337693525,-67.62466337693525
2628.120073695183,-67.62648734878383,-67.62648734878383
2628.130073695183,-67.62833286502418,-67.62833286502418
2628.1400736951828,-67.63019987073965,-67.63019987073965
2628.150073695183,-67.63208831074245,-67.63208831074245
2628.1600736951827,-67.63399812958804,-67.63399812958804
2628.170073695183,-67.63592927157643,-67.63592927157643
2628.1800736951827,-67.6378816807625,-67.6378816807625
2628.190073695183,-67.63985530095749,-67.63985530095749
2628.2000737190247,-67.64185008049478,-67.64185008049478
2628.210073719025,-67.6438600658576,-67.6438600658576
2628.2200737190246,-67.64588263402183,-67.64588263402183
2628.230073719025,-67.64791648372653,-67.64791648372653
2628.2400737190246,-67.64996092820344,-67.64996092820344
2628.250073719025,-67.65201562310924,-67.65201562310924
2628.2600737190246,-67.65408042497319,-67.65408042497319
2628.270073719025,-67.6561553080448,-67.6561553080448
2628.2800737190246,-67.65824031428588,-67.65824031428588
2628.290073719025,-67.66033552321647,-67.66033552321647
2628.3000737190246,-67.66244103389353,-67.66244103389353
2628.310073719025,-67.66455695411956,-67.66455695411956
2628.3200737190245,-67.6666833941426,-67.6666833941426
2628.3300737190248,-67.66882046305534,-67.66882046305534
2628.3400737190245,-67.67096826687741,-67.67096826687741
2628.3500737190247,-67.67312690760076,-67.67312690760076
2628.3600737190245,-67.67529648284291,-67.67529648284291
2628.3700737190247,-67.67747708582831,-67.67747708582831
2628.3800737190245,-67.67966880559871,-67.67966880559871
2628.3900737190247,-67.68187172725455,-67.68187172725455
2628.4000737190245,-67.68408593229856,-67.68408593229856
2628.4100737190247,-67.68631149896231,-67.68631149896231
2628.4200737190245,-67.68854850248334,-67.68854850248334
2628.4300737190247,-67.6907970154103,-67.6907970154103
2628.4400737190244,-67.69305710783634,-67.69305710783634
2628.4500737190247,-67.6953288476442,-67.6953288476442
2628.460073719025,-67.69761230068315,-67.69761230068315
2628.4700737190246,-67.69990753094031,-67.69990753094031
2628.480073719025,-67.70221460068481,-67.70221460068481
2628.4900737190246,-67.70453357061025,-67.70453357061025
2628.500073719025,-67.70686449990485,-67.70686449990485
2628.5100737190246,-67.70920744636328,-67.70920744636328
2628.520073719025,-67.71156246646514,-67.71156246646514
2628.5300737190246,-67.71392961541244,-67.71392961541244
2628.540073719025,-67.71630894720744,-67.71630894720744
2628.5500737190246,-67.71870051467866,-67.71870051467866
2628.560073719025,-67.72110436952649,-67.72110436952649
2628.5700737190245,-67.72352056234527,-67.72352056234527
2628.5800737190248,-67.72594914265895,-67.72594914265895
2628.5900737190245,-67.72839015892279,-67.72839015892279
2628.6000737190247,-67.73084365855972,-67.73084365855972
2628.6100737190245,-67.73330968794802,-67.73330968794802
2628.6200737190247,-67.7357882924592,-67.7357882924592
2628.6300737190245,-67.73827951645174,-67.73827951645174
2628.6400737190247,-67.74078340327776,-67.74078340327776
2628.6500737190245,-67.74329999528845,-67.74329999528845
2628.6600737190247,-67.74582933383932,-67.74582933383932
2628.6700737190245,-67.74837145929148,-67.74837145929148
2628.6800737190247,-67.75092641101666,-67.75092641101666
2628.6900737190244,-67.7534942274075,-67.7534942274075
2628.7000737190247,-67.75607494584317,-67.75607494584317
2628.710073719025,-67.75866860275126,-67.75866860275126
2628.7200737190246,-67.76127523355291,-67.76127523355291
2628.730073719025,-67.7638948726916,-67.7638948726916
2628.7400737190246,-67.7665275536331,-67.7665275536331
2628.750073719025,-67.76917330885728,-67.76917330885728
2628.7600737190246,-67.7718321698655,-67.7718321698655
2628.770073719025,-67.77450416718368,-67.77450416718368
2628.7800737190246,-67.7771893303675,-67.7771893303675
2628.790073719025,-67.77988768799413,-67.77988768799413
2628.8000737190246,-67.78259926766829,-67.78259926766829
2628.810073719025,-67.78532409604101,-67.78532409604101
2628.8200737190245,-67.78806219877514,-67.78806219877514
2628.8300737190248,-67.79081360059442,-67.79081360059442
2628.8400737190245,-67.79357832525329,-67.79357832525329
2628.8500737190247,-67.79635639555558,-67.79635639555558
2628.8600737190245,-67.79914783336137,-67.79914783336137
2628.8700737190247,-67.8019526595683,-67.8019526595683
2628.8800737190245,-67.80477089415892,-67.80477089415892
2628.8900737190247,-67.80760255615807,-67.80760255615807
2628.9000737190245,-67.81044766367724,-67.81044766367724
2628.9100737190247,-67.81330623388496,-67.81330623388496
2628.9200737190245,-67.81617828306146,-67.81617828306146
2628.9300737190247,-67.81906382654363,-67.81906382654363
2628.9400737190244,-67.82196287878455,-67.82196287878455
2628.9500737190247,-67.82487545332131,-67.82487545332131
2628.960073719025,-67.82780156281426,-67.82780156281426
2628.9700737190246,-67.83074121902844,-67.83074121902844
2628.980073719025,-67.83369443285349,-67.83369443285349
2628.9900737190246,-67.83666121431209,-67.83666121431209
2629.000073719025,-67.839641572551,-67.839641572551
2629.0100737190246,-67.84263551587026,-67.84263551587026
2629.020073719025,-67.84564305173326,-67.84564305173326
2629.0300737190246,-67.84866418674433,-67.84866418674433
2629.040073719025,-67.85169892668058,-67.85169892668058
2629.0500737428665,-67.85474728376545,-67.85474728376545
2629.0600737428667,-67.85780924766559,-67.85780924766559
2629.0700737428665,-67.86088482891415,-67.86088482891415
2629.0800737428667,-67.86397403005991,-67.86397403005991
2629.0900737428665,-67.86707685285758,-67.86707685285758
2629.1000737428667,-67.87019329826404,-67.87019329826404
2629.1100737428665,-67.87332336648466,-67.87332336648466
2629.1200737428667,-67.87646705694226,-67.87646705694226
2629.1300737428664,-67.87962436832179,-67.87962436832179
2629.1400737428667,-67.88279529855224,-67.88279529855224
2629.1500737428664,-67.88597984483634,-67.88597984483634
2629.1600737428666,-67.88917800363495,-67.88917800363495
2629.1700737428664,-67.8923897707138,-67.8923897707138
2629.1800737428666,-67.8956151410989,-67.8956151410989
2629.1900737428664,-67.89885410914275,-67.89885410914275
2629.2000737428666,-67.90210666848807,-67.90210666848807
2629.2100737428664,-67.90537281210781,-67.90537281210781
2629.2200737428666,-67.90865253230278,-67.90865253230278
2629.2300737428664,-67.91194582070236,-67.91194582070236
2629.2400737428666,-67.91525266828461,-67.91525266828461
2629.2500737428663,-67.91857306537986,-67.91857306537986
2629.2600737428666,-67.92190700168436,-67.92190700168436
2629.2700737428663,-67.92525446626995,-67.92525446626995
2629.2800737428665,-67.9286154475967,-67.9286154475967
2629.2900737428663,-67.93198993349094,-67.93198993349094
2629.3000737428665,-67.93537791119472,-67.93537791119472
2629.3100737428667,-67.93877936735883,-67.93877936735883
2629.3200737428665,-67.9421942880447,-67.9421942880447
2629.3300737428667,-67.94562265874794,-67.94562265874794
2629.3400737428665,-67.94906446439188,-67.94906446439188
2629.3500737428667,-67.95251968934836,-67.95251968934836
2629.3600737428665,-67.95598831743591,-67.95598831743591
2629.3700737428667,-67.95947033192951,-67.95947033192951
2629.3800737428664,-67.96296571559029,-67.96296571559029
2629.3900737428667,-67.96647445062558,-67.96647445062558
2629.4000737428664,-67.9699965187694,-67.9699965187694
2629.4100737428666,-67.9735319012129,-67.9735319012129
2629.4200737428664,-67.97708057867361,-67.97708057867361
2629.4300737428666,-67.98064253136918,-67.98064253136918
2629.4400737428664,-67.98421773903586,-67.98421773903586
2629.4500737428666,-67.98780618093937,-67.98780618093937
2629.4600737428664,-67.99140191461426,-67.99140191461426
2629.4700737428666,-67.99500232957,-67.99500232957
2629.4800737428664,-67.99860614780398,-67.99860614780398
2629.4900737428666,-68.0022127083714,-68.0022127083714
2629.5000737428663,-68.00582169409165,-68.00582169409165
2629.5100737428666,-68.00943298941627,-68.00943298941627
2629.5200737428663,-68.01304659699821,-68.01304659699821
2629.5300737428665,-68.01666258750345,-68.01666258750345
2629.5400737428663,-68.02028106943389,-68.02028106943389
2629.5500737428665,-68.02390217098632,-68.02390217098632
2629.5600737428667,-68.027526029287,-68.027526029287
2629.5700737428665,-68.03115278403821,-68.03115278403821
2629.5800737428667,-68.03478257391873,-68.03478257391873
2629.5900737428665,-68.0384155346152,-68.0384155346152
2629.6000737428667,-68.04205179787317,-68.04205179787317
2629.6100737428665,-68.04569149112793,-68.04569149112793
2629.6200737428667,-68.04933473746625,-68.04933473746625
2629.6300737428664,-68.0529816558212,-68.0529816558212
2629.6400737428667,-68.05663236121919,-68.05663236121919
2629.6500737428664,-68.06028696509333,-68.06028696509333
2629.6600737428666,-68.06394557557185,-68.06394557557185
2629.6700737428664,-68.06760829780528,-68.06760829780528
2629.6800737428666,-68.07127523420512,-68.07127523420512
2629.6900737428664,-68.07494648470316,-68.07494648470316
2629.7000737428666,-68.07862214696806,-68.07862214696806
2629.7100737428664,-68.08230231658992,-68.08230231658992
2629.7200737428666,-68.08598708722099,-68.08598708722099
2629.7300737428664,-68.08967655075966,-68.08967655075966
2629.7400737428666,-68.093370797411,-68.093370797411
2629.7500737428663,-68.09706991583818,-68.09706991583818
2629.7600737428666,-68.10077399321165,-68.10077399321165
2629.7700737428663,-68.10448311530102,-68.10448311530102
2629.7800737428665,-68.10819736650794,-68.10819736650794
2629.7900737428663,-68.11191682994495,-68.11191682994495
2629.8000737428665,-68.11564158744832,-68.11564158744832
2629.8100737428667,-68.11937171963142,-68.11937171963142
2629.8200737428665,-68.12310730589545,-68.12310730589545
2629.8300737428667,-68.12684842447001,-68.12684842447001
2629.8400737428665,-68.13059515241011,-68.13059515241011
2629.8500737428667,-68.13434756562586,-68.13434756562586
2629.8600737428665,-68.13810573887494,-68.13810573887494
2629.8700737428667,-68.14186974579893,-68.14186974579893
2629.8800737428664,-68.14563965890677,-68.14563965890677
2629.8900737428667,-68.14941554959546,-68.14941554959546
2629.9000737667084,-68.15319749715779,-68.15319749715779
2629.9100737667086,-68.15698555275118,-68.15698555275118
2629.9200737667084,-68.16077979342059,-68.16077979342059
2629.9300737667086,-68.16458028611179,-68.16458028611179
2629.9400737667083,-68.1683870966787,-68.1683870966787
2629.9500737667086,-68.17220028985012,-68.17220028985012
2629.9600737667083,-68.1760139914,-68.1760139914
2629.9700737667085,-68.17982566716539,-68.17982566716539
2629.9800737667083,-68.18363411824626,-68.18363411824626
2629.9900737667085,-68.18743876369837,-68.18743876369837
2630.0000737667083,-68.1912393665236,-68.1912393665236
2630.0100737667085,-68.19503589121881,-68.19503589121881
2630.0200737667083,-68.19882842014765,-68.19882842014765
2630.0300737667085,-68.20261710325124,-68.20261710325124
2630.0400737667082,-68.20640212781191,-68.20640212781191
2630.0500737667085,-68.21018370026272,-68.21018370026272
2630.0600737667082,-68.21396203538401,-68.21396203538401
2630.0700737667084,-68.21773734995139,-68.21773734995139
2630.080073766708,-68.22150985911482,-68.22150985911482
2630.0900737667084,-68.22527977441698,-68.22527977441698
2630.100073766708,-68.2290473028256,-68.2290473028256
2630.1100737667084,-68.23281264635885,-68.23281264635885
2630.120073766708,-68.23657600204196,-68.23657600204196
2630.1300737667084,-68.24033756209853,-68.24033756209853
2630.140073766708,-68.24409751418065,-68.24409751418065
2630.1500737667084,-68.24785604167353,-68.24785604167353
2630.1600737667086,-68.25161332400181,-68.25161332400181
2630.1700737667084,-68.25536953692388,-68.25536953692388
2630.1800737667086,-68.25912485278434,-68.25912485278434
2630.1900737667083,-68.26287944076101,-68.26287944076101
2630.2000737667086,-68.26663346709357,-68.26663346709357
2630.2100737667083,-68.27038709523431,-68.27038709523431
2630.2200737667085,-68.27414048604801,-68.27414048604801
2630.2300737667083,-68.27789379790481,-68.27789379790481
2630.2400737667085,-68.28164718683718,-68.28164718683718
2630.2500737667083,-68.28540080661743,-68.28540080661743
2630.2600737667085,-68.28915480884325,-68.28915480884325
2630.2700737667083,-68.29290934301171,-68.29290934301171
2630.2800737667085,-68.296664556578,-68.296664556578
2630.2900737667082,-68.30042059501497,-68.30042059501497
2630.3000737667085,-68.3041776018269,-68.3041776018269
2630.3100737667082,-68.3079357186208,-68.3079357186208
2630.3200737667084,-68.31169508510915,-68.31169508510915
2630.330073766708,-68.31545583915067,-68.31545583915067
2630.3400737667084,-68.31921811674495,-68.31921811674495
2630.350073766708,-68.32298205209813,-68.32298205209813
2630.3600737667084,-68.32674777756911,-68.32674777756911
2630.370073766708,-68.33051542375274,-68.33051542375274
2630.3800737667084,-68.33428511943968,-68.33428511943968
2630.390073766708,-68.33805699164913,-68.33805699164913
2630.4000737667084,-68.34183116562934,-68.34183116562934
2630.4100737667086,-68.34560776487159,-68.34560776487159
2630.4200737667084,-68.34938691110122,-68.34938691110122
2630.4300737667086,-68.35316872430157,-68.35316872430157
2630.4400737667083,-68.35695332271,-68.35695332271
2630.4500737667086,-68.36074082283099,-68.36074082283099
2630.4600737667083,-68.3645313394295,-68.3645313394295
2630.4700737667085,-68.36832498554865,-68.36832498554865
2630.4800737667083,-68.37212187251599,-68.37212187251599
2630.4900737667085,-68.37592210994173,-68.37592210994173
2630.5000737667083,-68.37972580572382,-68.37972580572382
2630.5100737667085,-68.38353306606699,-68.38353306606699
2630.5200737667083,-68.38734399548066,-68.38734399548066
2630.5300737667085,-68.39115869678177,-68.39115869678177
2630.5400737667082,-68.39497727111558,-68.39497727111558
2630.5500737667085,-68.39879981795379,-68.39879981795379
2630.5600737667082,-68.40262643510424,-68.40262643510424
2630.5700737667084,-68.406457218731,-68.406457218731
2630.580073766708,-68.41029226332694,-68.41029226332694
2630.5900737667084,-68.41413166177858,-68.41413166177858
2630.600073766708,-68.41797550534027,-68.41797550534027
2630.6100737667084,-68.4218238836336,-68.4218238836336
2630.620073766708,-68.42567688468752,-68.42567688468752
2630.6300737667084,-68.42953459494196,-68.42953459494196
2630.640073766708,-68.43339709924942,-68.43339709924942
2630.6500737667084,-68.4372644808785,-68.4372644808785
2630.6600737667086,-68.441136821547,-68.441136821547
2630.6700737667084,-68.44501420143645,-68.44501420143645
2630.6800737667086,-68.44889669916681,-68.44889669916681
2630.6900737667083,-68.45278439184885,-68.45278439184885
2630.7000737667086,-68.45667735508094,-68.45667735508094
2630.7100737667083,-68.4605697001101,-68.4605697001101
2630.7200737667085,-68.46445889151786,-68.46445889151786
2630.7300737667083,-68.46834373413365,-68.46834373413365
2630.7400737667085,-68.47222365277813,-68.47222365277813
2630.7500737905502,-68.47609842643729,-68.47609842643729
2630.7600737905505,-68.47996800832483,-68.47996800832483
2630.77007379055,-68.48383249739113,-68.48383249739113
2630.7800737905504,-68.48769205092123,-68.48769205092123
2630.79007379055,-68.49154686343773,-68.49154686343773
2630.8000737905504,-68.49539714847121,-68.49539714847121
2630.81007379055,-68.49924312775197,-68.49924312775197
2630.8200737905504,-68.50308502479456,-68.50308502479456
2630.83007379055,-68.50692306133088,-68.50692306133088
2630.8400737905504,-68.51075745528628,-68.51075745528628
2630.85007379055,-68.5145884198419,-68.5145884198419
2630.8600737905504,-68.51841616305188,-68.51841616305188
2630.87007379055,-68.52224088780486,-68.52224088780486
2630.8800737905503,-68.52606279202816,-68.52606279202816
2630.89007379055,-68.52988206891791,-68.52988206891791
2630.9000737905503,-68.53369890726488,-68.53369890726488
2630.91007379055,-68.53751349173088,-68.53751349173088
2630.9200737905503,-68.54132600319055,-68.54132600319055
2630.93007379055,-68.54513661895824,-68.54513661895824
2630.9400737905503,-68.5489455130801,-68.5489455130801
2630.95007379055,-68.55275285651233,-68.55275285651233
2630.9600737905503,-68.55655284638664,-68.55655284638664
2630.97007379055,-68.56034303661993,-68.56034303661993
2630.9800737905503,-68.56412232210553,-68.56412232210553
2630.99007379055,-68.56789021758706,-68.56789021758706
2631.0000737905502,-68.57164658229776,-68.57164658229776
2631.0100737905505,-68.57539147685881,-68.57539147685881
2631.02007379055,-68.57912507930675,-68.57912507930675
2631.0300737905504,-68.58284763466843,-68.58284763466843
2631.04007379055,-68.58655942459251,-68.58655942459251
2631.0500737905504,-68.59026074915884,-68.59026074915884
2631.06007379055,-68.59395191604264,-68.59395191604264
2631.0700737905504,-68.59763323416594,-68.59763323416594
2631.08007379055,-68.60130501007268,-68.60130501007268
2631.0900737905504,-68.6049675459592,-68.6049675459592
2631.10007379055,-68.60862113872575,-68.60862113872575
2631.1100737905504,-68.61226607956466,-68.61226607956466
2631.12007379055,-68.61590265398878,-68.61590265398878
2631.1300737905503,-68.61953114195039,-68.61953114195039
2631.14007379055,-68.62315181813261,-68.62315181813261
2631.1500737905503,-68.6267649522225,-68.6267649522225
2631.16007379055,-68.63037080922928,-68.63037080922928
2631.1700737905503,-68.63396964976586,-68.63396964976586
2631.18007379055,-68.63756173031814,-68.63756173031814
2631.1900737905503,-68.64114730348753,-68.64114730348753
2631.20007379055,-68.64472661819471,-68.64472661819471
2631.2100737905503,-68.6482999198574,-68.6482999198574
2631.22007379055,-68.65186745055706,-68.65186745055706
2631.2300737905503,-68.65542944916693,-68.65542944916693
2631.24007379055,-68.6589861514781,-68.6589861514781
2631.2500737905502,-68.66253779027959,-68.66253779027959
2631.2600737905505,-68.66608459546121,-68.66608459546121
2631.27007379055,-68.66962679405695,-68.66962679405695
2631.2800737905504,-68.67316461032159,-68.67316461032159
2631.29007379055,-68.67669826576766,-68.67669826576766
2631.3000737905504,-68.68022797921718,-68.68022797921718
2631.31007379055,-68.683753966838,-68.683753966838
2631.3200737905504,-68.68727644214862,-68.68727644214862
2631.33007379055,-68.69079561606571,-68.69079561606571
2631.3400737905504,-68.69431169692852,-68.69431169692852
2631.35007379055,-68.69782489048177,-68.69782489048177
2631.3600737905504,-68.70133539993343,-68.70133539993343
2631.37007379055,-68.7048434259393,-68.7048434259393
2631.3800737905503,-68.7083491666291,-68.7083491666291
2631.39007379055,-68.71185281760111,-68.71185281760111
2631.4000737905503,-68.71535457195695,-68.71535457195695
2631.41007379055,-68.7188546202867,-68.7188546202867
2631.4200737905503,-68.72235315069265,-68.72235315069265
2631.43007379055,-68.72585034878026,-68.72585034878026
2631.4400737905503,-68.72934639769677,-68.72934639769677
2631.45007379055,-68.73284147810018,-68.73284147810018
2631.4600737905503,-68.73633576821223,-68.73633576821223
2631.47007379055,-68.73982944378596,-68.73982944378596
2631.4800737905503,-68.74332267814471,-68.74332267814471
2631.49007379055,-68.74681564217987,-68.74681564217987
2631.5000737905502,-68.7503085043574,-68.7503085043574
2631.5100737905505,-68.75380143073455,-68.75380143073455
2631.52007379055,-68.75729458497216,-68.75729458497216
2631.5300737905504,-68.76078812834308,-68.76078812834308
2631.54007379055,-68.76428221974984,-68.76428221974984
2631.5500737905504,-68.76777701571933,-68.76777701571933
2631.56007379055,-68.77127267043934,-68.77127267043934
2631.5700737905504,-68.77476933575575,-68.77476933575575
2631.58007379055,-68.77826716119564,-68.77826716119564
2631.5900737905504,-68.78176629397892,-68.78176629397892
2631.600073814392,-68.78526688736837,-68.78526688736837
2631.6100738143923,-68.78876906735364,-68.78876906735364
2631.620073814392,-68.79227298263999,-68.79227298263999
2631.6300738143923,-68.79577877136288,-68.79577877136288
2631.640073814392,-68.79928656944334,-68.79928656944334
2631.6500738143923,-68.80279651057027,-68.80279651057027
2631.660073814392,-68.80630872625018,-68.80630872625018
2631.6700738143923,-68.80982334581135,-68.80982334581135
2631.680073814392,-68.81334049641796,-68.81334049641796
2631.6900738143922,-68.81686030308518,-68.81686030308518
2631.700073814392,-68.82038288872128,-68.82038288872128
2631.710073814392,-68.82390238062584,-68.82390238062584
2631.720073814392,-68.82741627663938,-68.82741627663938
2631.730073814392,-68.83092342114023,-68.83092342114023
2631.740073814392,-68.83442328106055,-68.83442328106055
2631.750073814392,-68.83791566934204,-68.83791566934204
2631.760073814392,-68.84140060128016,-68.84140060128016
2631.770073814392,-68.84487821015931,-68.84487821015931
2631.780073814392,-68.84834869662647,-68.84834869662647
2631.790073814392,-68.85181229817219,-68.85181229817219
2631.800073814392,-68.85526927086636,-68.85526927086636
2631.810073814392,-68.85871987844811,-68.85871987844811
2631.820073814392,-68.86216438596092,-68.86216438596092
2631.830073814392,-68.8656030561015,-68.8656030561015
2631.840073814392,-68.86903614725237,-68.86903614725237
2631.850073814392,-68.87246391249148,-68.87246391249148
2631.8600738143923,-68.87588659926169,-68.87588659926169
2631.870073814392,-68.87930444932394,-68.87930444932394
2631.8800738143923,-68.882717698936,-68.882717698936
2631.890073814392,-68.88612657912088,-68.88612657912088
2631.9000738143923,-68.88953131597663,-68.88953131597663
2631.910073814392,-68.8929321309971,-68.8929321309971
2631.9200738143923,-68.89632924136707,-68.89632924136707
2631.930073814392,-68.89972286025132,-68.89972286025132
2631.9400738143922,-68.90311319702515,-68.90311319702515
2631.950073814392,-68.90650045751687,-68.90650045751687
2631.960073814392,-68.9098848442058,-68.9098848442058
2631.970073814392,-68.91326655637164,-68.91326655637164
2631.980073814392,-68.91664579026411,-68.91664579026411
2631.990073814392,-68.92002273921798,-68.92002273921798
2632.000073814392,-68.92339759377195,-68.92339759377195
2632.010073814392,-68.92677054174312,-68.92677054174312
2632.020073814392,-68.9301417683358,-68.9301417683358
2632.030073814392,-68.9335114561811,-68.9335114561811
2632.040073814392,-68.93687978543028,-68.93687978543028
2632.050073814392,-68.94024693376404,-68.94024693376404
2632.060073814392,-68.94361307647237,-68.94361307647237
2632.070073814392,-68.94697838646874,-68.94697838646874
2632.080073814392,-68.95034303435382,-68.95034303435382
2632.090073814392,-68.95370718839938,-68.95370718839938
2632.100073814392,-68.9570710146054,-68.9570710146054
2632.1100738143923,-68.96043467672575,-68.96043467672575
2632.120073814392,-68.96379833625807,-68.96379833625807
2632.1300738143923,-68.9671621524893,-68.9671621524893
2632.140073814392,-68.97052628252266,-68.97052628252266
2632.1500738143923,-68.97389088124856,-68.97389088124856
2632.160073814392,-68.97725610140142,-68.97725610140142
2632.1700738143923,-68.98062209354798,-68.98062209354798
2632.180073814392,-68.98398900612123,-68.98398900612123
2632.1900738143922,-68.98735698540902,-68.98735698540902
2632.200073814392,-68.99072617559482,-68.99072617559482
2632.210073814392,-68.99409071076161,-68.99409071076161
2632.220073814392,-68.99744810389993,-68.99744810389993
2632.230073814392,-69.00079721782895,-69.00079721782895
2632.240073814392,-69.0041375393686,-69.0041375393686
2632.250073814392,-69.00746890213787,-69.00746890213787
2632.260073814392,-69.01079134252156,-69.01079134252156
2632.270073814392,-69.01410501515159,-69.01410501515159
2632.280073814392,-69.01741014211429,-69.01741014211429
2632.290073814392,-69.0207069823605,-69.0207069823605
2632.300073814392,-69.02399581340765,-69.02399581340765
2632.310073814392,-69.02727692038424,-69.02727692038424
2632.320073814392,-69.0305505896696,-69.0305505896696
2632.330073814392,-69.03381710518761,-69.03381710518761
2632.340073814392,-69.03707674647389,-69.03707674647389
2632.350073814392,-69.04032978765234,-69.04032978765234
2632.3600738143923,-69.04357649709189,-69.04357649709189
2632.370073814392,-69.04681713737314,-69.04681713737314
2632.3800738143923,-69.0500519654418,-69.0500519654418
2632.390073814392,-69.05328123290423,-69.05328123290423
2632.4000738143923,-69.05650518630542,-69.05650518630542
2632.410073814392,-69.05972406744782,-69.05972406744782
2632.4200738143923,-69.06293811368252,-69.06293811368252
2632.430073814392,-69.06614755820839,-69.06614755820839
2632.4400738143922,-69.06935263029759,-69.06935263029759
2632.450073838234,-69.07255356314364,-69.07255356314364
2632.460073838234,-69.0757505635568,-69.0757505635568
2632.470073838234,-69.07894385789126,-69.07894385789126
2632.480073838234,-69.08213366167877,-69.08213366167877
2632.490073838234,-69.08532018737914,-69.08532018737914
2632.500073838234,-69.08850364448634,-69.08850364448634
2632.510073838234,-69.09168423962943,-69.09168423962943
2632.520073838234,-69.09486217663951,-69.09486217663951
2632.530073838234,-69.09803765662672,-69.09803765662672
2632.540073838234,-69.10121087802737,-69.10121087802737
2632.550073838234,-69.1043820366495,-69.1043820366495
2632.560073838234,-69.10755132574785,-69.10755132574785
2632.570073838234,-69.11071893601014,-69.11071893601014
2632.580073838234,-69.11388505563862,-69.11388505563862
2632.590073838234,-69.1170498703424,-69.1170498703424
2632.600073838234,-69.1202135633793,-69.1202135633793
2632.610073838234,-69.12337631556903,-69.12337631556903
2632.620073838234,-69.12653830531711,-69.12653830531711
2632.630073838234,-69.12969970863318,-69.12969970863318
2632.640073838234,-69.13286069914683,-69.13286069914683
2632.6500738382338,-69.13602144811776,-69.13602144811776
2632.660073838234,-69.1391821244567,-69.1391821244567
2632.6700738382337,-69.14234289473715,-69.14234289473715
2632.680073838234,-69.14550392321154,-69.14550392321154
2632.6900738382337,-69.14866537181148,-69.14866537181148
2632.700073838234,-69.15182740017062,-69.15182740017062
2632.710073838234,-69.15499016565072,-69.15499016565072
2632.720073838234,-69.15815382331421,-69.15815382331421
2632.730073838234,-69.16131852598303,-69.16131852598303
2632.740073838234,-69.16448442422043,-69.16448442422043
2632.750073838234,-69.16765166635555,-69.16765166635555
2632.760073838234,-69.17082039849677,-69.17082039849677
2632.770073838234,-69.17399076453809,-69.17399076453809
2632.780073838234,-69.17716290617629,-69.17716290617629
2632.790073838234,-69.18033696293878,-69.18033696293878
2632.800073838234,-69.18351307216479,-69.18351307216479
2632.810073838234,-69.18669136905997,-69.18669136905997
2632.820073838234,-69.18987198668619,-69.18987198668619
2632.830073838234,-69.19305505596728,-69.19305505596728
2632.840073838234,-69.19624070573441,-69.19624070573441
2632.850073838234,-69.19942906272642,-69.19942906272642
2632.860073838234,-69.2026202515909,-69.2026202515909
2632.870073838234,-69.20581439492994,-69.20581439492994
2632.880073838234,-69.20901161329957,-69.20901161329957
2632.890073838234,-69.21221202521488,-69.21221202521488
2632.9000738382338,-69.21541574719937,-69.21541574719937
2632.910073838234,-69.21862289376921,-69.21862289376921
2632.9200738382337,-69.22183357746975,-69.22183357746975
2632.930073838234,-69.22504790888641,-69.22504790888641
2632.9400738382337,-69.22826599666737,-69.22826599666737
2632.950073838234,-69.23148794752454,-69.23148794752454
2632.960073838234,-69.2347138662835,-69.2347138662835
2632.970073838234,-69.23794385586794,-69.23794385586794
2632.980073838234,-69.24117801734656,-69.24117801734656
2632.990073838234,-69.24441644992005,-69.24441644992005
2633.000073838234,-69.24765925097134,-69.24765925097134
2633.010073838234,-69.25090651606506,-69.25090651606506
2633.020073838234,-69.25415833896363,-69.25415833896363
2633.030073838234,-69.25741481167299,-69.25741481167299
2633.040073838234,-69.26067602442117,-69.26067602442117
2633.050073838234,-69.26394206571119,-69.26394206571119
2633.060073838234,-69.26721302231685,-69.26721302231685
2633.070073838234,-69.2704889793158,-69.2704889793158
2633.080073838234,-69.27377002010448,-69.27377002010448
2633.090073838234,-69.27705622641913,-69.27705622641913
2633.100073838234,-69.2803476783443,-69.2803476783443
2633.110073838234,-69.2836444543432,-69.2836444543432
2633.120073838234,-69.28694663127047,-69.28694663127047
2633.130073838234,-69.29025428439515,-69.29025428439515
2633.140073838234,-69.29356748741264,-69.29356748741264
2633.1500738382338,-69.2968863124736,-69.2968863124736
2633.160073838234,-69.30021083019768,-69.30021083019768
2633.1700738382337,-69.30354110968084,-69.30354110968084
2633.180073838234,-69.30687721852884,-69.30687721852884
2633.1900738382337,-69.31021922287391,-69.31021922287391
2633.200073838234,-69.31356718738722,-69.31356718738722
2633.210073838234,-69.31692117530123,-69.31692117530123
2633.220073838234,-69.32028124842734,-69.32028124842734
2633.230073838234,-69.32364746716289,-69.32364746716289
2633.240073838234,-69.32701989053217,-69.32701989053217
2633.250073838234,-69.33039857618795,-69.33039857618795
2633.260073838234,-69.33378358042106,-69.33378358042106
2633.270073838234,-69.3371749581951,-69.3371749581951
2633.280073838234,-69.34057276316894,-69.34057276316894
2633.290073838234,-69.34397704769283,-69.34397704769283
2633.300073862076,-69.3473878709581,-69.3473878709581
2633.310073862076,-69.35080526654892,-69.35080526654892
2633.320073862076,-69.3542292911071,-69.3542292911071
2633.330073862076,-69.35765999196822,-69.35765999196822
2633.3400738620758,-69.3610974152503,-69.3610974152503
2633.350073862076,-69.36454160585838,-69.36454160585838
2633.3600738620758,-69.36799260753689,-69.36799260753689
2633.370073862076,-69.37145046284576,-69.37145046284576
2633.3800738620757,-69.3749152132023,-69.3749152132023
2633.390073862076,-69.37838689889323,-69.37838689889323
2633.4000738620757,-69.38186555908925,-69.38186555908925
2633.410073862076,-69.38535123185287,-69.38535123185287
2633.4200738620757,-69.38884395416324,-69.38884395416324
2633.430073862076,-69.39234376192836,-69.39234376192836
2633.4400738620757,-69.3958506900033,-69.3958506900033
2633.450073862076,-69.39936477218674,-69.39936477218674
2633.4600738620757,-69.40287999652051,-69.40287999652051
2633.470073862076,-69.4063937510544,-69.4063937510544
2633.4800738620756,-69.40990478270008,-69.40990478270008
2633.490073862076,-69.41341246706877,-69.41341246706877
2633.5000738620756,-69.41691652968339,-69.41691652968339
2633.510073862076,-69.42041690109562,-69.42041690109562
2633.5200738620756,-69.4239136318654,-69.4239136318654
2633.530073862076,-69.427406841528,-69.427406841528
2633.5400738620756,-69.43089668782467,-69.43089668782467
2633.550073862076,-69.43438334828875,-69.43438334828875
2633.560073862076,-69.43786700925665,-69.43786700925665
2633.570073862076,-69.44134785945786,-69.44134785945786
2633.580073862076,-69.44482608630267,-69.44482608630267
2633.5900738620758,-69.4483018739001,-69.4483018739001
2633.600073862076,-69.45177540207757,-69.45177540207757
2633.6100738620758,-69.45524684600122,-69.45524684600122
2633.620073862076,-69.45871637614941,-69.45871637614941
2633.6300738620757,-69.46218415844949,-69.46218415844949
2633.640073862076,-69.46565035458292,-69.46565035458292
2633.6500738620757,-69.46911512226467,-69.46911512226467
2633.660073862076,-69.47257861555013,-69.47257861555013
2633.6700738620757,-69.47604098512562,-69.47604098512562
2633.680073862076,-69.47950237859564,-69.47950237859564
2633.6900738620757,-69.48296294071288,-69.48296294071288
2633.700073862076,-69.48642281360911,-69.48642281360911
2633.7100738620757,-69.48988213695847,-69.48988213695847
2633.720073862076,-69.4933410481608,-69.4933410481608
2633.7300738620756,-69.49679968246222,-69.49679968246222
2633.740073862076,-69.50025817310062,-69.50025817310062
2633.7500738620756,-69.50371665138628,-69.50371665138628
2633.760073862076,-69.50717524677961,-69.50717524677961
2633.7700738620756,-69.51063408698646,-69.51063408698646
2633.780073862076,-69.51409329799749,-69.51409329799749
2633.7900738620756,-69.51747003573011,-69.51747003573011
2633.800073862076,-69.52074106688072,-69.52074106688072
2633.810073862076,-69.52390066503591,-69.52390066503591
2633.820073862076,-69.52694789558792,-69.52694789558792
2633.830073862076,-69.52988327953257,-69.52988327953257
2633.8400738620758,-69.53270786872564,-69.53270786872564
2633.850073862076,-69.53542296634656,-69.53542296634656
2633.8600738620758,-69.53803003096789,-69.53803003096789
2633.870073862076,-69.54053063535673,-69.54053063535673
2633.8800738620757,-69.54292644235294,-69.54292644235294
2633.890073862076,-69.54521918657674,-69.54521918657674
2633.9000738620757,-69.5474106587467,-69.5474106587467
2633.910073862076,-69.54950269173649,-69.54950269173649
2633.9200738620757,-69.55149714827375,-69.55149714827375
2633.930073862076,-69.55339591010171,-69.55339591010171
2633.9400738620757,-69.55520086870517,-69.55520086870517
2633.950073862076,-69.55691391738097,-69.55691391738097
2633.9600738620757,-69.55853694461307,-69.55853694461307
2633.970073862076,-69.56007182864064,-69.56007182864064
2633.9800738620756,-69.56152043296792,-69.56152043296792
2633.990073862076,-69.562884602815,-69.562884602815
2634.0000738620756,-69.56416616232109,-69.56416616232109
2634.010073862076,-69.56536691235664,-69.56536691235664
2634.0200738620756,-69.56648862892919,-69.56648862892919
2634.030073862076,-69.56753306199062,-69.56753306199062
2634.0400738620756,-69.56850193466329,-69.56850193466329
2634.050073862076,-69.56939694275835,-69.56939694275835
2634.060073862076,-69.57021975450859,-69.57021975450859
2634.070073862076,-69.57097201055002,-69.57097201055002
2634.080073862076,-69.57165532401774,-69.57165532401774
2634.0900738620758,-69.57227128080747,-69.57227128080747
2634.100073862076,-69.57282143987202,-69.57282143987202
2634.1100738620758,-69.57330733365713,-69.57330733365713
2634.120073862076,-69.57373046851241,-69.57373046851241
2634.1300738620757,-69.57409232521623,-69.57409232521623
2634.140073862076,-69.57439435944913,-69.57439435944913
2634.1500738859177,-69.57463800289604,-69.57463800289604
2634.160073885918,-69.57482466123314,-69.57482466123314
2634.1700738859176,-69.57495571888036,-69.57495571888036
2634.180073885918,-69.57503253630597,-69.57503253630597
2634.1900738859176,-69.57505645148022,-69.57505645148022
2634.200073885918,-69.5750287803665,-69.5750287803665
2634.2100738859176,-69.5749508173559,-69.5749508173559
2634.220073885918,-69.57482383574947,-69.57482383574947
2634.2300738859176,-69.57464908817865,-69.57464908817865
2634.240073885918,-69.57442780702831,-69.57442780702831
2634.2500738859176,-69.57416120485466,-69.57416120485466
2634.260073885918,-69.5738504747543,-69.5738504747543
2634.2700738859176,-69.57349679076123,-69.57349679076123
2634.280073885918,-69.57310130817461,-69.57310130817461
2634.2900738859175,-69.57266516394316,-69.57266516394316
2634.3000738859178,-69.57218947694334,-69.57218947694334
2634.3100738859175,-69.57167534833391,-69.57167534833391
2634.3200738859177,-69.57112386184303,-69.57112386184303
2634.3300738859175,-69.57053608406096,-69.57053608406096
2634.3400738859177,-69.56991306472601,-69.56991306472601
2634.3500738859175,-69.5692558369917,-69.5692558369917
2634.3600738859177,-69.5685654176877,-69.5685654176877
2634.3700738859175,-69.56784280756395,-69.56784280756395
2634.3800738859177,-69.56708899155366,-69.56708899155366
2634.3900738859174,-69.5663049389936,-69.5663049389936
2634.4000738859177,-69.56549160385248,-69.56549160385248
2634.410073885918,-69.56464992497305,-69.56464992497305
2634.4200738859176,-69.56378082626934,-69.56378082626934
2634.430073885918,-69.56288521695403,-69.56288521695403
2634.4400738859176,-69.56196399172607,-69.56196399172607
2634.450073885918,-69.56101803099187,-69.56101803099187
2634.4600738859176,-69.56004820106666,-69.56004820106666
2634.470073885918,-69.55905535432714,-69.55905535432714
2634.4800738859176,-69.55804032945629,-69.55804032945629
2634.490073885918,-69.557003951592,-69.557003951592
2634.5000738859176,-69.55594703252937,-69.55594703252937
2634.510073885918,-69.55487037088018,-69.55487037088018
2634.5200738859176,-69.55377475227147,-69.55377475227147
2634.530073885918,-69.55266094951472,-69.55266094951472
2634.5400738859175,-69.55152972276179,-69.55152972276179
2634.5500738859178,-69.55038181969742,-69.55038181969742
2634.5600738859175,-69.54921797569698,-69.54921797569698
2634.5700738859177,-69.54803891397174,-69.54803891397174
2634.5800738859175,-69.54684534577306,-69.54684534577306
2634.5900738859177,-69.5456379704978,-69.5456379704978
2634.6000738859175,-69.54441747591304,-69.54441747591304
2634.6100738859177,-69.5431845382505,-69.5431845382505
2634.6200738859175,-69.54193982240879,-69.54193982240879
2634.6300738859177,-69.540683982081,-69.540683982081
2634.6400738859174,-69.53941765990844,-69.53941765990844
2634.6500738859177,-69.53814148763827,-69.53814148763827
2634.660073885918,-69.53685608628487,-69.53685608628487
2634.6700738859176,-69.53556206623577,-69.53556206623577
2634.680073885918,-69.53426002743937,-69.53426002743937
2634.6900738859176,-69.53295055953,-69.53295055953
2634.700073885918,-69.53163424196464,-69.53163424196464
2634.7100738859176,-69.5303055894742,-69.5303055894742
2634.720073885918,-69.52896251648708,-69.52896251648708
2634.7300738859176,-69.52760429144551,-69.52760429144551
2634.740073885918,-69.52623080505026,-69.52623080505026
2634.7500738859176,-69.52484229078604,-69.52484229078604
2634.760073885918,-69.52343917967607,-69.52343917967607
2634.7700738859176,-69.52202201503566,-69.52202201503566
2634.780073885918,-69.52059140124507,-69.52059140124507
2634.7900738859175,-69.51914797295369,-69.51914797295369
2634.8000738859178,-69.51769237662025,-69.51769237662025
2634.8100738859175,-69.51622525959358,-69.51622525959358
2634.8200738859177,-69.5147472637041,-69.5147472637041
2634.8300738859175,-69.51325902167174,-69.51325902167174
2634.8400738859177,-69.51176115520306,-69.51176115520306
2634.8500738859175,-69.51025427409067,-69.51025427409067
2634.8600738859177,-69.50873897596061,-69.50873897596061
2634.8700738859175,-69.50721584634098,-69.50721584634098
2634.8800738859177,-69.50568545892723,-69.50568545892723
2634.8900738859174,-69.50414837598414,-69.50414837598414
2634.9000738859177,-69.5026051487153,-69.5026051487153
2634.910073885918,-69.50105631770099,-69.50105631770099
2634.9200738859176,-69.49950241331366,-69.49950241331366
2634.930073885918,-69.49794395607421,-69.49794395607421
2634.9400738859176,-69.49638145701273,-69.49638145701273
2634.950073885918,-69.49481541797972,-69.49481541797972
2634.9600738859176,-69.4932463319395,-69.4932463319395
2634.970073885918,-69.49167468322526,-69.49167468322526
2634.9800738859176,-69.49010094780674,-69.49010094780674
2634.990073885918,-69.48852559346098,-69.48852559346098
2635.0000739097595,-69.48694907623602,-69.48694907623602
2635.0100739097597,-69.48537185565235,-69.48537185565235
2635.0200739097595,-69.48379437236353,-69.48379437236353
2635.0300739097597,-69.48221706327227,-69.48221706327227
2635.0400739097595,-69.48064035794314,-69.48064035794314
2635.0500739097597,-69.4790646787259,-69.4790646787259
2635.0600739097595,-69.47749044089966,-69.47749044089966
2635.0700739097597,-69.47591805276329,-69.47591805276329
2635.0800739097594,-69.47434791576609,-69.47434791576609
2635.0900739097597,-69.47278042457086,-69.47278042457086
2635.1000739097594,-69.47121596720481,-69.47121596720481
2635.1100739097596,-69.46965492511855,-69.46965492511855
2635.1200739097594,-69.4680976732946,-69.4680976732946
2635.1300739097596,-69.46654458031968,-69.46654458031968
2635.1400739097594,-69.46499600849317,-69.46499600849317
2635.1500739097596,-69.46345231388273,-69.46345231388273
2635.1600739097594,-69.4619138464274,-69.4619138464274
2635.1700739097596,-69.46038094999412,-69.46038094999412
2635.1800739097594,-69.45885396248921,-69.45885396248921
2635.1900739097596,-69.45733321590407,-69.45733321590407
2635.2000739097593,-69.45581903640054,-69.45581903640054
2635.2100739097596,-69.45431174438808,-69.45431174438808
2635.2200739097593,-69.45281165458911,-69.45281165458911
2635.2300739097595,-69.45131907611986,-69.45131907611986
2635.2400739097593,-69.44983431255741,-69.44983431255741
2635.2500739097595,-69.44835766200033,-69.44835766200033
2635.2600739097597,-69.44688941715982,-69.44688941715982
2635.2700739097595,-69.44542986539555,-69.44542986539555
2635.2800739097597,-69.44397928881462,-69.44397928881462
2635.2900739097595,-69.44253796433729,-69.44253796433729
2635.3000739097597,-69.44110616371941,-69.44110616371941
2635.3100739097595,-69.43968415369277,-69.43968415369277
2635.3200739097597,-69.43827219596432,-69.43827219596432
2635.3300739097594,-69.43687054730673,-69.43687054730673
2635.3400739097597,-69.4354794596306,-69.4354794596306
2635.3500739097594,-69.43409918004473,-69.43409918004473
2635.3600739097596,-69.43272995089598,-69.43272995089598
2635.3700739097594,-69.43137200986163,-69.43137200986163
2635.3800739097596,-69.43002559000084,-69.43002559000084
2635.3900739097594,-69.42869091981126,-69.42869091981126
2635.4000739097596,-69.4273682233027,-69.4273682233027
2635.4100739097594,-69.42605772003228,-69.42605772003228
2635.4200739097596,-69.42475962519318,-69.42475962519318
2635.4300739097594,-69.42347414966227,-69.42347414966227
2635.4400739097596,-69.42220150004086,-69.42220150004086
2635.4500739097593,-69.42094187875425,-69.42094187875425
2635.4600739097596,-69.41968943912163,-69.41968943912163
2635.4700739097593,-69.41844173480074,-69.41844173480074
2635.4800739097595,-69.41719767728299,-69.41719767728299
2635.4900739097593,-69.41595680511544,-69.41595680511544
2635.5000739097595,-69.41471900478042,-69.41471900478042
2635.5100739097597,-69.41348436546339,-69.41348436546339
2635.5200739097595,-69.41225309382735,-69.41225309382735
2635.5300739097597,-69.41102546275798,-69.41102546275798
2635.5400739097595,-69.40980178047477,-69.40980178047477
2635.5500739097597,-69.40858237204377,-69.40858237204377
2635.5600739097595,-69.40736756835244,-69.40736756835244
2635.5700739097597,-69.406157699662,-69.406157699662
2635.5800739097594,-69.4049530919648,-69.4049530919648
2635.5900739097597,-69.4037540649809,-69.4037540649809
2635.6000739097594,-69.40256093122447,-69.40256093122447
2635.6100739097596,-69.40137399567922,-69.40137399567922
2635.6200739097594,-69.40019355581036,-69.40019355581036
2635.6300739097596,-69.3990199017635,-69.3990199017635
2635.6400739097594,-69.39785331669742,-69.39785331669742
2635.6500739097596,-69.39669407712033,-69.39669407712033
2635.6600739097594,-69.3955424532578,-69.3955424532578
2635.6700739097596,-69.39439870938433,-69.39439870938433
2635.6800739097594,-69.39326310415657,-69.39326310415657
2635.6900739097596,-69.3921358908871,-69.3921358908871
2635.7000739097593,-69.39101731783134,-69.39101731783134
2635.7100739097596,-69.38990158631482,-69.38990158631482
2635.7200739097593,-69.38878629599559,-69.38878629599559
2635.7300739097595,-69.38767040333707,-69.38767040333707
2635.7400739097593,-69.38655349129264,-69.38655349129264
2635.7500739097595,-69.38543549032794,-69.38543549032794
2635.7600739097597,-69.38431653338552,-69.38431653338552
2635.7700739097595,-69.3831968707235,-69.3831968707235
2635.7800739097597,-69.38207681868386,-69.38207681868386
2635.7900739097595,-69.38095672891872,-69.38095672891872
2635.8000739097597,-69.3798369698865,-69.3798369698865
2635.8100739097595,-69.37871791587992,-69.37871791587992
2635.8200739097597,-69.37759994057087,-69.37759994057087
2635.8300739097594,-69.376483413377,-69.376483413377
2635.8400739097597,-69.3753686974606,-69.3753686974606
2635.8500739336014,-69.3742561461757,-69.3742561461757
2635.8600739336016,-69.37314611330306,-69.37314611330306
2635.8700739336014,-69.37203893714829,-69.37203893714829
2635.8800739336016,-69.37093495136958,-69.37093495136958
2635.8900739336013,-69.36983448261655,-69.36983448261655
2635.9000739336016,-69.36873785087955,-69.36873785087955
2635.9100739336013,-69.3676453698198,-69.3676453698198
2635.9200739336015,-69.3665573471216,-69.3665573471216
2635.9300739336013,-69.36547408477257,-69.36547408477257
2635.9400739336015,-69.36439587934957,-69.36439587934957
2635.9500739336013,-69.36332302227223,-69.36332302227223
2635.9600739336015,-69.36225580000743,-69.36225580000743
2635.9700739336013,-69.36119449428074,-69.36119449428074
2635.9800739336015,-69.36013938221414,-69.36013938221414
2635.9900739336013,-69.35909073649906,-69.35909073649906
2636.0000739336015,-69.35804882550283,-69.35804882550283
2636.0100739336012,-69.35701391339352,-69.35701391339352
2636.0200739336015,-69.35598626022647,-69.35598626022647
2636.030073933601,-69.35496612204082,-69.35496612204082
2636.0400739336014,-69.35395375093253,-69.35395375093253
2636.050073933601,-69.35294939509913,-69.35294939509913
2636.0600739336014,-69.3519532989191,-69.3519532989191
2636.070073933601,-69.35096570300541,-69.35096570300541
2636.0800739336014,-69.349986844248,-69.349986844248
2636.090073933601,-69.34901695584438,-69.34901695584438
2636.1000739336014,-69.34805626735542,-69.34805626735542
2636.1100739336016,-69.34710500473783,-69.34710500473783
2636.1200739336014,-69.3461633903724,-69.3461633903724
2636.1300739336016,-69.34523164311067,-69.34523164311067
2636.1400739336013,-69.34430997828127,-69.34430997828127
2636.1500739336016,-69.34339860774193,-69.34339860774193
2636.1600739336013,-69.34249773988925,-69.34249773988925
2636.1700739336015,-69.34160757970432,-69.34160757970432
2636.1800739336013,-69.34072832875752,-69.34072832875752
2636.1900739336015,-69.33986018524286,-69.33986018524286
2636.2000739336013,-69.33900334403658,-69.33900334403658
2636.2100739336015,-69.33815799665634,-69.33815799665634
2636.2200739336013,-69.33732433136014,-69.33732433136014
2636.2300739336015,-69.33650253310535,-69.33650253310535
2636.2400739336013,-69.33569278362842,-69.33569278362842
2636.2500739336015,-69.33489526143606,-69.33489526143606
2636.2600739336012,-69.33411014184327,-69.33411014184327
2636.2700739336015,-69.33333759700058,-69.33333759700058
2636.280073933601,-69.33257779591861,-69.33257779591861
2636.2900739336014,-69.33183090449441,-69.33183090449441
2636.300073933601,-69.33109708554048,-69.33109708554048
2636.3100739336014,-69.33037649881275,-69.33037649881275
2636.320073933601,-69.32966930101647,-69.32966930101647
2636.3300739336014,-69.3289756458681,-69.3289756458681
2636.340073933601,-69.32829568410543,-69.32829568410543
2636.3500739336014,-69.32762956350977,-69.32762956350977
2636.3600739336016,-69.32697742893815,-69.32697742893815
2636.3700739336014,-69.32633942236465,-69.32633942236465
2636.3800739336016,-69.32571568288655,-69.32571568288655
2636.3900739336013,-69.32510634676177,-69.32510634676177
2636.4000739336016,-69.32451154744811,-69.32451154744811
2636.4100739336013,-69.32393141562817,-69.32393141562817
2636.4200739336015,-69.32336607920656,-69.32336607920656
2636.4300739336013,-69.3228156633822,-69.3228156633822
2636.4400739336015,-69.32228029066445,-69.32228029066445
2636.4500739336013,-69.32176008088162,-69.32176008088162
2636.4600739336015,-69.32125515124184,-69.32125515124184
2636.4700739336013,-69.32076561633785,-69.32076561633785
2636.4800739336015,-69.32029158818625,-69.32029158818625
2636.4900739336013,-69.31983317625435,-69.31983317625435
2636.5000739336015,-69.31939048749372,-69.31939048749372
2636.5100739336012,-69.31896362635538,-69.31896362635538
2636.5200739336015,-69.31855269483233,-69.31855269483233
2636.530073933601,-69.31815779249038,-69.31815779249038
2636.5400739336014,-69.3177790164872,-69.3177790164872
2636.550073933601,-69.31741646161021,-69.31741646161021
2636.5600739336014,-69.31707022029248,-69.31707022029248
2636.570073933601,-69.31674038266195,-69.31674038266195
2636.5800739336014,-69.31642703653885,-69.31642703653885
2636.590073933601,-69.31613026750253,-69.31613026750253
2636.6000739336014,-69.31585015889507,-69.31585015889507
2636.6100739336016,-69.31558679184646,-69.31558679184646
2636.6200739336014,-69.31534024532421,-69.31534024532421
2636.6300739336016,-69.31511059613725,-69.31511059613725
2636.6400739336013,-69.31489791898474,-69.31489791898474
2636.6500739336016,-69.3147022864579,-69.3147022864579
2636.6600739336013,-69.31452376910968,-69.31452376910968
2636.6700739336015,-69.31436243543747,-69.31436243543747
2636.6800739336013,-69.3142183519291,-69.3142183519291
2636.6900739336015,-69.31409158309712,-69.31409158309712
2636.7000739574432,-69.31398219122855,-69.31398219122855
2636.7100739574435,-69.31389023753704,-69.31389023753704
2636.720073957443,-69.31381578039644,-69.31381578039644
2636.7300739574434,-69.313758876656,-69.313758876656
2636.740073957443,-69.31371958132203,-69.31371958132203
2636.7500739574434,-69.31369794755213,-69.31369794755213
2636.760073957443,-69.31369402672017,-69.31369402672017
2636.7700739574434,-69.31370786840617,-69.31370786840617
2636.780073957443,-69.31373952046592,-69.31373952046592
2636.7900739574434,-69.31378902900983,-69.31378902900983
2636.800073957443,-69.31385643846019,-69.31385643846019
2636.8100739574434,-69.31394179155495,-69.31394179155495
2636.820073957443,-69.31404512938548,-69.31404512938548
2636.8300739574433,-69.31416649141595,-69.31416649141595
2636.840073957443,-69.31430591550635,-69.31430591550635
2636.8500739574433,-69.3144634379314,-69.3144634379314
2636.860073957443,-69.31463909341593,-69.31463909341593
2636.8700739574433,-69.31483291514438,-69.31483291514438
2636.880073957443,-69.31504493479602,-69.31504493479602
2636.8900739574433,-69.31527518255629,-69.31527518255629
2636.900073957443,-69.31552368713196,-69.31552368713196
2636.9100739574433,-69.31579047581154,-69.31579047581154
2636.920073957443,-69.31607557445122,-69.31607557445122
2636.9300739574433,-69.31637900749132,-69.31637900749132
2636.940073957443,-69.31670079799586,-69.31670079799586
2636.9500739574432,-69.31704096768632,-69.31704096768632
2636.9600739574435,-69.31739953693162,-69.31739953693162
2636.970073957443,-69.31777652478011,-69.31777652478011
2636.9800739574434,-69.31817194899232,-69.31817194899232
2636.990073957443,-69.31858582604221,-69.31858582604221
2637.0000739574434,-69.31901817114377,-69.31901817114377
2637.010073957443,-69.31946899828547,-69.31946899828547
2637.0200739574434,-69.31993832022546,-69.31993832022546
2637.030073957443,-69.32042614852959,-69.32042614852959
2637.0400739574434,-69.32093249357207,-69.32093249357207
2637.050073957443,-69.32145736457791,-69.32145736457791
2637.0600739574434,-69.3220007696209,-69.3220007696209
2637.070073957443,-69.32256271564424,-69.32256271564424
2637.0800739574433,-69.32314320849372,-69.32314320849372
2637.090073957443,-69.32374225291832,-69.32374225291832
2637.1000739574433,-69.32435985259197,-69.32435985259197
2637.110073957443,-69.3249960101433,-69.3249960101433
2637.1200739574433,-69.32565072714371,-69.32565072714371
2637.130073957443,-69.32632400416598,-69.32632400416598
2637.1400739574433,-69.32701584076426,-69.32701584076426
2637.150073957443,-69.32772623550329,-69.32772623550329
2637.1600739574433,-69.32845518598505,-69.32845518598505
2637.170073957443,-69.32920268883653,-69.32920268883653
2637.1800739574433,-69.32996873976394,-69.32996873976394
2637.190073957443,-69.33075333354408,-69.33075333354408
2637.2000739574432,-69.33155646403148,-69.33155646403148
2637.2100739574435,-69.33237812419151,-69.33237812419151
2637.220073957443,-69.33321830612135,-69.33321830612135
2637.2300739574434,-69.33407700103686,-69.33407700103686
2637.240073957443,-69.33495419931414,-69.33495419931414
2637.2500739574434,-69.3358498904878,-69.3358498904878
2637.260073957443,-69.33676406327329,-69.33676406327329
2637.2700739574434,-69.33769670556464,-69.33769670556464
2637.280073957443,-69.33864780447797,-69.33864780447797
2637.2900739574434,-69.33961734634744,-69.33961734634744
2637.300073957443,-69.34060531672635,-69.34060531672635
2637.3100739574434,-69.34161170042755,-69.34161170042755
2637.320073957443,-69.3426364815112,-69.3426364815112
2637.3300739574433,-69.34367964331521,-69.34367964331521
2637.340073957443,-69.34474116847012,-69.34474116847012
2637.3500739574433,-69.34582103887816,-69.34582103887816
2637.360073957443,-69.34691923577394,-69.34691923577394
2637.3700739574433,-69.34803573969893,-69.34803573969893
2637.380073957443,-69.34917053053518,-69.34917053053518
2637.3900739574433,-69.35032358749835,-69.35032358749835
2637.400073957443,-69.35149488917527,-69.35149488917527
2637.4100739574433,-69.35268441351192,-69.35268441351192
2637.420073957443,-69.35389213783326,-69.35389213783326
2637.4300739574433,-69.35511803884883,-69.35511803884883
2637.440073957443,-69.35636209267939,-69.35636209267939
2637.4500739574432,-69.35762427485533,-69.35762427485533
2637.4600739574435,-69.35890456032779,-69.35890456032779
2637.470073957443,-69.36020292346846,-69.36020292346846
2637.4800739574434,-69.36151933811033,-69.36151933811033
2637.490073957443,-69.3628537775408,-69.3628537775408
2637.5000739574434,-69.36420621449342,-69.36420621449342
2637.510073957443,-69.36557662118116,-69.36557662118116
2637.5200739574434,-69.36696496930664,-69.36696496930664
2637.530073957443,-69.36837123006563,-69.36837123006563
2637.5400739574434,-69.36979537415279,-69.36979537415279
2637.550073981285,-69.37123737519971,-69.37123737519971
2637.5600739812853,-69.37269719614174,-69.37269719614174
2637.570073981285,-69.37417480957033,-69.37417480957033
2637.5800739812853,-69.37567018429921,-69.37567018429921
2637.590073981285,-69.37718328867876,-69.37718328867876
2637.6000739812853,-69.37871409059865,-69.37871409059865
2637.610073981285,-69.38026255752118,-69.38026255752118
2637.6200739812853,-69.38182865649927,-69.38182865649927
2637.630073981285,-69.38341235414066,-69.38341235414066
2637.6400739812852,-69.38501361665024,-69.38501361665024
2637.650073981285,-69.38663240983391,-69.38663240983391
2637.660073981285,-69.38826869910906,-69.38826869910906
2637.670073981285,-69.3899224494906,-69.3899224494906
2637.680073981285,-69.39159362563122,-69.39159362563122
2637.690073981285,-69.39328219180494,-69.39328219180494
2637.700073981285,-69.3949881119238,-69.3949881119238
2637.710073981285,-69.39671134954571,-69.39671134954571
2637.720073981285,-69.39845186787474,-69.39845186787474
2637.730073981285,-69.40020962977036,-69.40020962977036
2637.740073981285,-69.40198459777086,-69.40198459777086
2637.750073981285,-69.40377673407572,-69.40377673407572
2637.760073981285,-69.40558600056355,-69.40558600056355
2637.770073981285,-69.40741235880701,-69.40741235880701
2637.780073981285,-69.40925577006031,-69.40925577006031
2637.790073981285,-69.41111619529028,-69.41111619529028
2637.800073981285,-69.41299359516029,-69.41299359516029
2637.8100739812853,-69.41488793004636,-69.41488793004636
2637.820073981285,-69.41679916004391,-69.41679916004391
2637.8300739812853,-69.4187272449755,-69.4187272449755
2637.840073981285,-69.4206721443847,-69.4206721443847
2637.8500739812853,-69.42263381756271,-69.42263381756271
2637.860073981285,-69.4246122235416,-69.4246122235416
2637.8700739812853,-69.4266073210909,-69.4266073210909
2637.880073981285,-69.42861906875005,-69.42861906875005
2637.8900739812852,-69.430647424811,-69.430647424811
2637.900073981285,-69.43269234733306,-69.43269234733306
2637.910073981285,-69.43475379413394,-69.43475379413394
2637.920073981285,-69.43683172283029,-69.43683172283029
2637.930073981285,-69.43892609079785,-69.43892609079785
2637.940073981285,-69.44103685521937,-69.44103685521937
2637.950073981285,-69.4431639730532,-69.4431639730532
2637.960073981285,-69.4453013503539,-69.4453013503539
2637.970073981285,-69.44744629707462,-69.44744629707462
2637.980073981285,-69.44959748459567,-69.44959748459567
2637.990073981285,-69.45175421491018,-69.45175421491018
2638.000073981285,-69.45391614146004,-69.45391614146004
2638.010073981285,-69.45608312401129,-69.45608312401129
2638.020073981285,-69.45825514343204,-69.45825514343204
2638.030073981285,-69.46043225047336,-69.46043225047336
2638.040073981285,-69.4626145349356,-69.4626145349356
2638.050073981285,-69.46480210713234,-69.46480210713234
2638.0600739812853,-69.46699508688565,-69.46699508688565
2638.070073981285,-69.46919359703683,-69.46919359703683
2638.0800739812853,-69.47139775972813,-69.47139775972813
2638.090073981285,-69.47360769442028,-69.47360769442028
2638.1000739812853,-69.47582351687433,-69.47582351687433
2638.110073981285,-69.47804533875606,-69.47804533875606
2638.1200739812853,-69.48027326761468,-69.48027326761468
2638.130073981285,-69.48250740705521,-69.48250740705521
2638.1400739812852,-69.48474785697269,-69.48474785697269
2638.150073981285,-69.48699471386674,-69.48699471386674
2638.160073981285,-69.48924807113167,-69.48924807113167
2638.170073981285,-69.49150801937122,-69.49150801937122
2638.180073981285,-69.4937746466451,-69.4937746466451
2638.190073981285,-69.49604803872889,-69.49604803872889
2638.200073981285,-69.49832827930628,-69.49832827930628
2638.210073981285,-69.50061545017338,-69.50061545017338
2638.220073981285,-69.50290963138823,-69.50290963138823
2638.230073981285,-69.50521090140478,-69.50521090140478
2638.240073981285,-69.50751933718435,-69.50751933718435
2638.250073981285,-69.50983501431408,-69.50983501431408
2638.260073981285,-69.51215800706102,-69.51215800706102
2638.270073981285,-69.51448838844759,-69.51448838844759
2638.280073981285,-69.51682623031377,-69.51682623031377
2638.290073981285,-69.51917160335631,-69.51917160335631
2638.300073981285,-69.52152457718434,-69.52152457718434
2638.3100739812853,-69.5238852203209,-69.5238852203209
2638.320073981285,-69.5262536002468,-69.5262536002468
2638.3300739812853,-69.52862978339908,-69.52862978339908
2638.340073981285,-69.53101383522352,-69.53101383522352
2638.3500739812853,-69.5334058201555,-69.5334058201555
2638.360073981285,-69.53580580163067,-69.53580580163067
2638.3700739812853,-69.5382138421038,-69.5382138421038
2638.380073981285,-69.54063000304662,-69.54063000304662
2638.3900739812852,-69.54305434495635,-69.54305434495635
2638.400074005127,-69.54548693313272,-69.54548693313272
2638.410074005127,-69.54792781456955,-69.54792781456955
2638.420074005127,-69.55037705256484,-69.55037705256484
2638.430074005127,-69.55283470369457,-69.55283470369457
2638.440074005127,-69.55530082358004,-69.55530082358004
2638.450074005127,-69.5577754668384,-69.5577754668384
2638.460074005127,-69.56025868710954,-69.56025868710954
2638.470074005127,-69.56275053705463,-69.56275053705463
2638.480074005127,-69.56525106834424,-69.56525106834424
2638.490074005127,-69.5677603316766,-69.5677603316766
2638.500074005127,-69.57027837674949,-69.57027837674949
2638.510074005127,-69.57280525228276,-69.57280525228276
2638.520074005127,-69.57534100601188,-69.57534100601188
2638.530074005127,-69.57788568467151,-69.57788568467151
2638.540074005127,-69.58043933403525,-69.58043933403525
2638.550074005127,-69.58300199886975,-69.58300199886975
2638.560074005127,-69.58557372296453,-69.58557372296453
2638.570074005127,-69.58815454912822,-69.58815454912822
2638.580074005127,-69.590744519182,-69.590744519182
2638.590074005127,-69.593343673972,-69.593343673972
2638.6000740051268,-69.5959520533625,-69.5959520533625
2638.610074005127,-69.59856969625133,-69.59856969625133
2638.6200740051268,-69.60119664056099,-69.60119664056099
2638.630074005127,-69.60383292324232,-69.60383292324232
2638.6400740051267,-69.60647858028165,-69.60647858028165
2638.650074005127,-69.60913364671427,-69.60913364671427
2638.660074005127,-69.61179815661221,-69.61179815661221
2638.670074005127,-69.61447214309703,-69.61447214309703
2638.680074005127,-69.61715563834593,-69.61715563834593
2638.690074005127,-69.61984867358781,-69.61984867358781
2638.700074005127,-69.62255127912194,-69.62255127912194
2638.710074005127,-69.62526348432603,-69.62526348432603
2638.720074005127,-69.62798531764759,-69.62798531764759
2638.730074005127,-69.63071680661115,-69.63071680661115
2638.740074005127,-69.63345797783205,-69.63345797783205
2638.750074005127,-69.63620885703334,-69.63620885703334
2638.760074005127,-69.63896946902648,-69.63896946902648
2638.770074005127,-69.64173983773327,-69.64173983773327
2638.780074005127,-69.64451998620761,-69.64451998620761
2638.790074005127,-69.64730993660997,-69.64730993660997
2638.800074005127,-69.6501097102382,-69.6501097102382
2638.810074005127,-69.65291932753874,-69.65291932753874
2638.820074005127,-69.6557388081002,-69.6557388081002
2638.830074005127,-69.6585681706649,-69.6585681706649
2638.840074005127,-69.66140743313309,-69.66140743313309
2638.8500740051268,-69.66425661258594,-69.66425661258594
2638.860074005127,-69.66711572528281,-69.66711572528281
2638.8700740051268,-69.66998478667205,-69.66998478667205
2638.880074005127,-69.67286381139587,-69.67286381139587
2638.8900740051267,-69.6757528133133,-69.6757528133133
2638.900074005127,-69.67865180547352,-69.67865180547352
2638.910074005127,-69.68156080016924,-69.68156080016924
2638.920074005127,-69.68447980892222,-69.68447980892222
2638.930074005127,-69.6874088424803,-69.6874088424803
2638.940074005127,-69.69034791086138,-69.69034791086138
2638.950074005127,-69.69329702332664,-69.69329702332664
2638.960074005127,-69.69625618840553,-69.69625618840553
2638.970074005127,-69.69922541390483,-69.69922541390483
2638.980074005127,-69.70220470692546,-69.70220470692546
2638.990074005127,-69.70519407384029,-69.70519407384029
2639.000074005127,-69.70819352034005,-69.70819352034005
2639.010074005127,-69.71120305142453,-69.71120305142453
2639.020074005127,-69.71422267140926,-69.71422267140926
2639.030074005127,-69.71725238393971,-69.71725238393971
2639.040074005127,-69.72029219200779,-69.72029219200779
2639.050074005127,-69.72334209792956,-69.72334209792956
2639.060074005127,-69.72640210340002,-69.72640210340002
2639.070074005127,-69.7294722094634,-69.7294722094634
2639.080074005127,-69.73255241654397,-69.73255241654397
2639.090074005127,-69.73564272443933,-69.73564272443933
2639.1000740051268,-69.73874313234813,-69.73874313234813
2639.110074005127,-69.74185363885881,-69.74185363885881
2639.1200740051268,-69.74497424196443,-69.74497424196443
2639.130074005127,-69.74810493908626,-69.74810493908626
2639.1400740051267,-69.75124572705953,-69.75124572705953
2639.150074005127,-69.75439660214359,-69.75439660214359
2639.160074005127,-69.75755756006124,-69.75755756006124
2639.170074005127,-69.76072859596923,-69.76072859596923
2639.180074005127,-69.76390970448132,-69.76390970448132
2639.190074005127,-69.76710087967656,-69.76710087967656
2639.200074005127,-69.77030211512671,-69.77030211512671
2639.210074005127,-69.773513403851,-69.773513403851
2639.220074005127,-69.77673473838124,-69.77673473838124
2639.230074005127,-69.77996611074211,-69.77996611074211
2639.240074005127,-69.783207512472,-69.783207512472
2639.250074028969,-69.7864589423493,-69.7864589423493
2639.260074028969,-69.78972037550164,-69.78972037550164
2639.270074028969,-69.79299180969686,-69.79299180969686
2639.280074028969,-69.79627323457545,-69.79627323457545
2639.290074028969,-69.7995646393192,-69.7995646393192
2639.300074028969,-69.80286601264963,-69.80286601264963
2639.3100740289688,-69.80617734285207,-69.80617734285207
2639.320074028969,-69.80949861776716,-69.80949861776716
2639.3300740289687,-69.81282982481986,-69.81282982481986
2639.340074028969,-69.81617095102,-69.81617095102
2639.3500740289687,-69.81952198295181,-69.81952198295181
2639.360074028969,-69.82288290678683,-69.82288290678683
2639.3700740289687,-69.8262537083191,-69.8262537083191
2639.380074028969,-69.82963437293895,-69.82963437293895
2639.3900740289687,-69.83302488565315,-69.83302488565315
2639.400074028969,-69.83642523109225,-69.83642523109225
2639.4100740289687,-69.83983539351259,-69.83983539351259
2639.420074028969,-69.84325535679727,-69.84325535679727
2639.4300740289686,-69.84668510449043,-69.84668510449043
2639.440074028969,-69.85012461976456,-69.85012461976456
2639.4500740289686,-69.85357388545731,-69.85357388545731
2639.460074028969,-69.85702679478918,-69.85702679478918
2639.4700740289686,-69.86048066383604,-69.86048066383604
2639.480074028969,-69.86393417749366,-69.86393417749366
2639.4900740289686,-69.86738665454384,-69.86738665454384
2639.500074028969,-69.87083776698694,-69.87083776698694
2639.510074028969,-69.87428739416316,-69.87428739416316
2639.520074028969,-69.87773553715739,-69.87773553715739
2639.530074028969,-69.88118226736731,-69.88118226736731
2639.540074028969,-69.88462769555169,-69.88462769555169
2639.550074028969,-69.88807195323574,-69.88807195323574
2639.5600740289688,-69.89151518164196,-69.89151518164196
2639.570074028969,-69.89495752519434,-69.89495752519434
2639.5800740289687,-69.89839912777508,-69.89839912777508
2639.590074028969,-69.9018401307027,-69.9018401307027
2639.6000740289687,-69.90528067171954,-69.90528067171954
2639.610074028969,-69.90872088456265,-69.90872088456265
2639.6200740289687,-69.91216089897306,-69.91216089897306
2639.630074028969,-69.91560084078337,-69.91560084078337
2639.6400740289687,-69.91904083220484,-69.91904083220484
2639.650074028969,-69.92248099209962,-69.92248099209962
2639.6600740289687,-69.92592143627738,-69.92592143627738
2639.670074028969,-69.92936227778085,-69.92936227778085
2639.6800740289686,-69.93280362714766,-69.93280362714766
2639.690074028969,-69.93624559263866,-69.93624559263866
2639.7000740289686,-69.93968828043649,-69.93968828043649
2639.710074028969,-69.94312569820333,-69.94312569820333
2639.7200740289686,-69.94655527917224,-69.94655527917224
2639.730074028969,-69.9499758257661,-69.9499758257661
2639.7400740289686,-69.95338677385205,-69.95338677385205
2639.750074028969,-69.95678791184487,-69.95678791184487
2639.760074028969,-69.96017923473168,-69.96017923473168
2639.770074028969,-69.9635608584704,-69.9635608584704
2639.780074028969,-69.966932968536,-69.966932968536
2639.790074028969,-69.97029578897126,-69.97029578897126
2639.800074028969,-69.9736495638177,-69.9736495638177
2639.8100740289688,-69.9769945460458,-69.9769945460458
2639.820074028969,-69.9803309910589,-69.9803309910589
2639.8300740289687,-69.98365915296876,-69.98365915296876
2639.840074028969,-69.98697928256779,-69.98697928256779
2639.8500740289687,-69.99029162632947,-69.99029162632947
2639.860074028969,-69.99359642597855,-69.99359642597855
2639.8700740289687,-69.99689391843826,-69.99689391843826
2639.880074028969,-70.00018433600819,-70.00018433600819
2639.8900740289687,-70.00346790656776,-70.00346790656776
2639.900074028969,-70.00674485387091,-70.00674485387091
2639.9100740289687,-70.01001539785216,-70.01001539785216
2639.920074028969,-70.01327975485461,-70.01327975485461
2639.9300740289686,-70.0165381379192,-70.0165381379192
2639.940074028969,-70.01979075700035,-70.01979075700035
2639.9500740289686,-70.02303781916096,-70.02303781916096
2639.960074028969,-70.02627342556814,-70.02627342556814
2639.9700740289686,-70.02949510616513,-70.02949510616513
2639.980074028969,-70.03270176079882,-70.03270176079882
2639.9900740289686,-70.03589292260443,-70.03589292260443
2640.000074028969,-70.03906847676537,-70.03906847676537
2640.010074028969,-70.04222851440568,-70.04222851440568
2640.020074028969,-70.04537324687065,-70.04537324687065
2640.030074028969,-70.0485029542259,-70.0485029542259
2640.040074028969,-70.05161795427347,-70.05161795427347
2640.050074028969,-70.05471858396125,-70.05471858396125
2640.0600740289688,-70.05780518829025,-70.05780518829025
2640.070074028969,-70.06087811381708,-70.06087811381708
2640.0800740289687,-70.06393770492396,-70.06393770492396
2640.090074028969,-70.06698430176253,-70.06698430176253
2640.1000740528107,-70.07001824649018,-70.07001824649018
2640.110074052811,-70.07303985390598,-70.07303985390598
2640.1200740528107,-70.07604945485855,-70.07604945485855
2640.130074052811,-70.07904736737446,-70.07904736737446
2640.1400740528106,-70.08203390415561,-70.08203390415561
2640.150074052811,-70.08500937286955,-70.08500937286955
2640.1600740528106,-70.08797407642695,-70.08797407642695
2640.170074052811,-70.09092831326369,-70.09092831326369
2640.1800740528106,-70.09387237757959,-70.09387237757959
2640.190074052811,-70.09680655957511,-70.09680655957511
2640.2000740528106,-70.09973114563981,-70.09973114563981
2640.210074052811,-70.10264030981793,-70.10264030981793
2640.2200740528106,-70.10553165780443,-70.10553165780443
2640.230074052811,-70.10840416571882,-70.10840416571882
2640.2400740528105,-70.11125744267403,-70.11125744267403
2640.2500740528108,-70.11409144927173,-70.11409144927173
2640.2600740528105,-70.11690635134107,-70.11690635134107
2640.2700740528107,-70.11970243411335,-70.11970243411335
2640.2800740528105,-70.12248005071669,-70.12248005071669
2640.2900740528107,-70.12523959114199,-70.12523959114199
2640.3000740528105,-70.12798146364509,-70.12798146364509
2640.3100740528107,-70.13070608364622,-70.13070608364622
2640.3200740528105,-70.13341386723755,-70.13341386723755
2640.3300740528107,-70.13610522744285,-70.13610522744285
2640.3400740528105,-70.1387805721897,-70.1387805721897
2640.3500740528107,-70.14144030327972,-70.14144030327972
2640.360074052811,-70.14408481602518,-70.14408481602518
2640.3700740528107,-70.14671449914592,-70.14671449914592
2640.380074052811,-70.14932973496599,-70.14932973496599
2640.3900740528106,-70.15193089963047,-70.15193089963047
2640.400074052811,-70.15451836338583,-70.15451836338583
2640.4100740528106,-70.15709249089514,-70.15709249089514
2640.420074052811,-70.15965364150334,-70.15965364150334
2640.4300740528106,-70.162202169509,-70.162202169509
2640.440074052811,-70.16473842436928,-70.16473842436928
2640.4500740528106,-70.16726275094061,-70.16726275094061
2640.460074052811,-70.16977548962969,-70.16977548962969
2640.4700740528106,-70.17227697656158,-70.17227697656158
2640.480074052811,-70.17476754369254,-70.17476754369254
2640.4900740528105,-70.17724751894087,-70.17724751894087
2640.5000740528108,-70.1797172262768,-70.1797172262768
2640.5100740528105,-70.18217698580929,-70.18217698580929
2640.5200740528107,-70.18462711382817,-70.18462711382817
2640.5300740528105,-70.18706792289022,-70.18706792289022
2640.5400740528107,-70.18949972185254,-70.18949972185254
2640.5500740528105,-70.19192281592174,-70.19192281592174
2640.5600740528107,-70.1943375066759,-70.1943375066759
2640.5700740528105,-70.19674409211778,-70.19674409211778
2640.5800740528107,-70.19914286667039,-70.19914286667039
2640.5900740528105,-70.20153412123848,-70.20153412123848
2640.6000740528107,-70.20391814318533,-70.20391814318533
2640.610074052811,-70.20629521638716,-70.20629521638716
2640.6200740528107,-70.20866562123602,-70.20866562123602
2640.630074052811,-70.21102963464205,-70.21102963464205
2640.6400740528106,-70.213387530064,-70.213387530064
2640.650074052811,-70.21573957753068,-70.21573957753068
2640.6600740528106,-70.21808604363623,-70.21808604363623
2640.670074052811,-70.22042719155931,-70.22042719155931
2640.6800740528106,-70.22276328108678,-70.22276328108678
2640.690074052811,-70.2250945686184,-70.2250945686184
2640.7000740528106,-70.22742130717918,-70.22742130717918
2640.710074052811,-70.22974374644117,-70.22974374644117
2640.7200740528106,-70.23206213273956,-70.23206213273956
2640.730074052811,-70.2343767090774,-70.2343767090774
2640.7400740528105,-70.23668771515801,-70.23668771515801
2640.7500740528108,-70.23899538738095,-70.23899538738095
2640.7600740528105,-70.24129995888735,-70.24129995888735
2640.7700740528107,-70.24360165954884,-70.24360165954884
2640.7800740528105,-70.24590071600669,-70.24590071600669
2640.7900740528107,-70.2481973516827,-70.2481973516827
2640.8000740528105,-70.25049178679528,-70.25049178679528
2640.8100740528107,-70.2527842383831,-70.2527842383831
2640.8200740528105,-70.25507492033195,-70.25507492033195
2640.8300740528107,-70.25736404340142,-70.25736404340142
2640.8400740528105,-70.25965181522551,-70.25965181522551
2640.8500740528107,-70.26193844034634,-70.26193844034634
2640.860074052811,-70.26422412023548,-70.26422412023548
2640.8700740528107,-70.26650905332308,-70.26650905332308
2640.880074052811,-70.268793435028,-70.268793435028
2640.8900740528106,-70.27107745775281,-70.27107745775281
2640.900074052811,-70.2733613109398,-70.2733613109398
2640.9100740528106,-70.27564518108686,-70.27564518108686
2640.920074052811,-70.27792925176327,-70.27792925176327
2640.9300740528106,-70.28021370364831,-70.28021370364831
2640.940074052811,-70.28249871453146,-70.28249871453146
2640.9500740766525,-70.284784464828,-70.284784464828
2640.9600740766527,-70.28707111580772,-70.28707111580772
2640.9700740766525,-70.28935884224505,-70.28935884224505
2640.9800740766527,-70.29164781073528,-70.29164781073528
2640.9900740766525,-70.2939381851268,-70.2939381851268
2641.0000740766527,-70.29623012655988,-70.29623012655988
2641.0100740766525,-70.29852379349617,-70.29852379349617
2641.0200740766527,-70.30081934173565,-70.30081934173565
2641.0300740766525,-70.30311692446595,-70.30311692446595
2641.0400740766527,-70.30541669225293,-70.30541669225293
2641.0500740766524,-70.3077187931079,-70.3077187931079
2641.0600740766527,-70.31002337249382,-70.31002337249382
2641.0700740766524,-70.31233057334397,-70.31233057334397
2641.0800740766526,-70.31464053612508,-70.31464053612508
2641.0900740766524,-70.3169533988313,-70.3169533988313
2641.1000740766526,-70.3192692970275,-70.3192692970275
2641.1100740766524,-70.32158836386148,-70.32158836386148
2641.1200740766526,-70.32391073011883,-70.32391073011883
2641.1300740766524,-70.32623652422366,-70.32623652422366
2641.1400740766526,-70.32856587228372,-70.32856587228372
2641.1500740766523,-70.33089889812108,-70.33089889812108
2641.1600740766526,-70.33323572327211,-70.33323572327211
2641.1700740766523,-70.33557646704264,-70.33557646704264
2641.1800740766525,-70.33792124652213,-70.33792124652213
2641.1900740766523,-70.34027017661936,-70.34027017661936
2641.2000740766525,-70.34262337007976,-70.34262337007976
2641.2100740766527,-70.3449809375183,-70.3449809375183
2641.2200740766525,-70.34734298743821,-70.34734298743821
2641.2300740766527,-70.3497096262725,-70.3497096262725
2641.2400740766525,-70.35208095840383,-70.35208095840383
2641.2500740766527,-70.35445708617456,-70.35445708617456
2641.2600740766525,-70.35683810993798,-70.35683810993798
2641.2700740766527,-70.35922412806364,-70.35922412806364
2641.2800740766525,-70.3616152369791,-70.3616152369791
2641.2900740766527,-70.3640115311843,-70.3640115311843
2641.3000740766524,-70.36641310328133,-70.36641310328133
2641.3100740766527,-70.36882004400285,-70.36882004400285
2641.3200740766524,-70.37123244222968,-70.37123244222968
2641.3300740766526,-70.37365038501206,-70.37365038501206
2641.3400740766524,-70.37607395761134,-70.37607395761134
2641.3500740766526,-70.37850324350849,-70.37850324350849
2641.3600740766524,-70.38093832443735,-70.38093832443735
2641.3700740766526,-70.38337928039147,-70.38337928039147
2641.3800740766524,-70.38582618967126,-70.38582618967126
2641.3900740766526,-70.38827912889292,-70.38827912889292
2641.4000740766523,-70.39073817301586,-70.39073817301586
2641.4100740766526,-70.39320339535873,-70.39320339535873
2641.4200740766523,-70.39567486764412,-70.39567486764412
2641.4300740766525,-70.39815265998388,-70.39815265998388
2641.4400740766523,-70.40063684093232,-70.40063684093232
2641.4500740766525,-70.40312747750225,-70.40312747750225
2641.4600740766527,-70.40562463517587,-70.40562463517587
2641.4700740766525,-70.4081283779344,-70.4081283779344
2641.4800740766527,-70.41063876827232,-70.41063876827232
2641.4900740766525,-70.41315586723385,-70.41315586723385
2641.5000740766527,-70.41567973441501,-70.41567973441501
2641.5100740766525,-70.41821042799513,-70.41821042799513
2641.5200740766527,-70.42074800475854,-70.42074800475854
2641.5300740766525,-70.42329252011108,-70.42329252011108
2641.5400740766527,-70.42584402809136,-70.42584402809136
2641.5500740766524,-70.42840258141023,-70.42840258141023
2641.5600740766527,-70.43096823144639,-70.43096823144639
2641.5700740766524,-70.43354102828735,-70.43354102828735
2641.5800740766526,-70.43612102073399,-70.43612102073399
2641.5900740766524,-70.43870825633329,-70.43870825633329
2641.6000740766526,-70.4413027813719,-70.4413027813719
2641.6100740766524,-70.44390464092176,-70.44390464092176
2641.6200740766526,-70.44651387884123,-70.44651387884123
2641.6300740766524,-70.4491305378024,-70.4491305378024
2641.6400740766526,-70.45175465929617,-70.45175465929617
2641.6500740766523,-70.45438628367484,-70.45438628367484
2641.6600740766526,-70.45702545013215,-70.45702545013215
2641.6700740766523,-70.45967219675161,-70.45967219675161
2641.6800740766525,-70.46232656050739,-70.46232656050739
2641.6900740766523,-70.46498857728841,-70.46498857728841
2641.7000740766525,-70.46765828191907,-70.46765828191907
2641.7100740766527,-70.4703357081478,-70.4703357081478
2641.7200740766525,-70.47302088870455,-70.47302088870455
2641.7300740766527,-70.47571385528245,-70.47571385528245
2641.7400740766525,-70.47841463857124,-70.47841463857124
2641.7500740766527,-70.48112326825361,-70.48112326825361
2641.7600740766525,-70.48383977305592,-70.48383977305592
2641.7700740766527,-70.48656418071535,-70.48656418071535
2641.7800740766525,-70.48929651804258,-70.48929651804258
2641.7900740766527,-70.4920368109015,-70.4920368109015
2641.8000741004944,-70.49478509078313,-70.49478509078313
2641.8100741004946,-70.49754136867413,-70.49754136867413
2641.8200741004944,-70.5003056742215,-70.5003056742215
2641.8300741004946,-70.50307802970026,-70.50307802970026
2641.8400741004943,-70.50585845650882,-70.50585845650882
2641.8500741004946,-70.50864697520358,-70.50864697520358
2641.8600741004943,-70.51144360549982,-70.51144360549982
2641.8700741004945,-70.51424836627923,-70.51424836627923
2641.8800741004943,-70.51706127561346,-70.51706127561346
2641.8900741004945,-70.51988235077668,-70.51988235077668
2641.9000741004943,-70.52271160825421,-70.52271160825421
2641.9100741004945,-70.52554906375461,-70.52554906375461
2641.9200741004943,-70.52839473222832,-70.52839473222832
2641.9300741004945,-70.53124862785657,-70.53124862785657
2641.9400741004943,-70.5341107640941,-70.5341107640941
2641.9500741004945,-70.53698115367298,-70.53698115367298
2641.9600741004942,-70.53985980859743,-70.53985980859743
2641.9700741004945,-70.54274674016615,-70.54274674016615
2641.980074100494,-70.54564195898956,-70.54564195898956
2641.9900741004944,-70.54854547498259,-70.54854547498259
2642.000074100494,-70.55145729740782,-70.55145729740782
2642.0100741004944,-70.55437743484283,-70.55437743484283
2642.020074100494,-70.55730589523287,-70.55730589523287
2642.0300741004944,-70.5602426858614,-70.5602426858614
2642.040074100494,-70.56318781339847,-70.56318781339847
2642.0500741004944,-70.56614128388999,-70.56614128388999
2642.0600741004946,-70.56910310276365,-70.56910310276365
2642.0700741004944,-70.5720732748516,-70.5720732748516
2642.0800741004946,-70.57505180439021,-70.57505180439021
2642.0900741004943,-70.57803869502933,-70.57803869502933
2642.1000741004946,-70.58103394986253,-70.58103394986253
2642.1100741004943,-70.58403757140226,-70.58403757140226
2642.1200741004945,-70.5870495616152,-70.5870495616152
2642.1300741004943,-70.5900699219244,-70.5900699219244
2642.1400741004945,-70.59309865319955,-70.59309865319955
2642.1500741004943,-70.59613575581255,-70.59613575581255
2642.1600741004945,-70.59918122958565,-70.59918122958565
2642.1700741004943,-70.60223507385057,-70.60223507385057
2642.1800741004945,-70.605297287427,-70.605297287427
2642.1900741004943,-70.60836786863443,-70.60836786863443
2642.2000741004945,-70.61144681531786,-70.61144681531786
2642.2100741004942,-70.61453412484764,-70.61453412484764
2642.2200741004945,-70.61762979410574,-70.61762979410574
2642.230074100494,-70.62073381953,-70.62073381953
2642.2400741004944,-70.6238461970934,-70.6238461970934
2642.250074100494,-70.62696692231883,-70.62696692231883
2642.2600741004944,-70.63009599029668,-70.63009599029668
2642.270074100494,-70.63323339568171,-70.63323339568171
2642.2800741004944,-70.63637913270084,-70.63637913270084
2642.290074100494,-70.63953319517007,-70.63953319517007
2642.3000741004944,-70.64269557648988,-70.64269557648988
2642.3100741004946,-70.64586626965273,-70.64586626965273
2642.3200741004944,-70.6490452672514,-70.6490452672514
2642.3300741004946,-70.65223256150323,-70.65223256150323
2642.3400741004943,-70.65542814422733,-70.65542814422733
2642.3500741004946,-70.6586320068714,-70.6586320068714
2642.3600741004943,-70.66184414050507,-70.66184414050507
2642.3700741004945,-70.6650645358472,-70.6650645358472
2642.3800741004943,-70.66829318324059,-70.66829318324059
2642.3900741004945,-70.67153007268394,-70.67153007268394
2642.4000741004943,-70.6747751938372,-70.6747751938372
2642.4100741004945,-70.6780285360071,-70.6780285360071
2642.4200741004943,-70.68129008817834,-70.68129008817834
2642.4300741004945,-70.68455983898376,-70.68455983898376
2642.4400741004943,-70.6878377767601,-70.6878377767601
2642.4500741004945,-70.69112388951986,-70.69112388951986
2642.4600741004942,-70.69441816495996,-70.69441816495996
2642.4700741004945,-70.69772059046741,-70.69772059046741
2642.480074100494,-70.70103115314136,-70.70103115314136
2642.4900741004944,-70.70434983976733,-70.70434983976733
2642.500074100494,-70.7076766368487,-70.7076766368487
2642.5100741004944,-70.71101153061142,-70.71101153061142
2642.520074100494,-70.71435450699737,-70.71435450699737
2642.5300741004944,-70.71770555167663,-70.71770555167663
2642.540074100494,-70.7210646500302,-70.7210646500302
2642.5500741004944,-70.72443178719494,-70.72443178719494
2642.5600741004946,-70.72780694804425,-70.72780694804425
2642.5700741004944,-70.73119011719629,-70.73119011719629
2642.5800741004946,-70.734581279005,-70.734581279005
2642.5900741004943,-70.73798041759294,-70.73798041759294
2642.6000741004946,-70.74138751683749,-70.74138751683749
2642.6100741004943,-70.74480256038525,-70.74480256038525
2642.6200741004945,-70.74822553163409,-70.74822553163409
2642.6300741004943,-70.75165641376701,-70.75165641376701
2642.6400741004945,-70.75509518973476,-70.75509518973476
2642.6500741243362,-70.75854185048473,-70.75854185048473
2642.6600741243365,-70.76199636216172,-70.76199636216172
2642.670074124336,-70.76545871522191,-70.76545871522191
2642.6800741243364,-70.76892889178157,-70.76892889178157
2642.690074124336,-70.77240687373545,-70.77240687373545
2642.7000741243364,-70.77589264278245,-70.77589264278245
2642.710074124336,-70.7793861804234,-70.7793861804234
2642.7200741243364,-70.7828874679763,-70.7828874679763
2642.730074124336,-70.78639648656197,-70.78639648656197
2642.7400741243364,-70.78991321711108,-70.78991321711108
2642.750074124336,-70.79343764038637,-70.79343764038637
2642.7600741243364,-70.79696973696204,-70.79696973696204
2642.770074124336,-70.80050948725538,-70.80050948725538
2642.7800741243364,-70.80405687149651,-70.80405687149651
2642.790074124336,-70.80761186976038,-70.80761186976038
2642.8000741243363,-70.81117446194554,-70.81117446194554
2642.810074124336,-70.81474462781084,-70.81474462781084
2642.8200741243363,-70.81832234693978,-70.81832234693978
2642.830074124336,-70.82190759877764,-70.82190759877764
2642.8400741243363,-70.82550036260716,-70.82550036260716
2642.850074124336,-70.82910061757337,-70.82910061757337
2642.8600741243363,-70.83270834267343,-70.83270834267343
2642.870074124336,-70.8363235167628,-70.8363235167628
2642.8800741243363,-70.83994611856616,-70.83994611856616
2642.890074124336,-70.84357612666442,-70.84357612666442
2642.9000741243362,-70.84721351951625,-70.84721351951625
2642.9100741243365,-70.85085827544732,-70.85085827544732
2642.920074124336,-70.8545103726502,-70.8545103726502
2642.9300741243364,-70.8581697892104,-70.8581697892104
2642.940074124336,-70.86183650307927,-70.86183650307927
2642.9500741243364,-70.86551049210343,-70.86551049210343
2642.960074124336,-70.86918555559197,-70.86918555559197
2642.9700741243364,-70.87285896521887,-70.87285896521887
2642.980074124336,-70.87652938110732,-70.87652938110732
2642.9900741243364,-70.88019610626924,-70.88019610626924
2643.000074124336,-70.88385880194866,-70.88385880194866
2643.0100741243364,-70.88751733977834,-70.88751733977834
2643.020074124336,-70.89117171501995,-70.89117171501995
2643.0300741243364,-70.89482199447484,-70.89482199447484
2643.040074124336,-70.89846828512786,-70.89846828512786
2643.0500741243363,-70.90211071532272,-70.90211071532272
2643.060074124336,-70.90574942357783,-70.90574942357783
2643.0700741243363,-70.90938455196596,-70.90938455196596
2643.080074124336,-70.913016242347,-70.913016242347
2643.0900741243363,-70.91664463429957,-70.91664463429957
2643.100074124336,-70.92026986410713,-70.92026986410713
2643.1100741243363,-70.92389206430958,-70.92389206430958
2643.120074124336,-70.92751136367386,-70.92751136367386
2643.1300741243363,-70.93112788731194,-70.93112788731194
2643.140074124336,-70.93474175694074,-70.93474175694074
2643.1500741243362,-70.93835309115771,-70.93835309115771
2643.1600741243365,-70.94196200571768,-70.94196200571768
2643.170074124336,-70.94556861383984,-70.94556861383984
2643.1800741243364,-70.94917302643476,-70.94917302643476
2643.190074124336,-70.9527753523428,-70.9527753523428
2643.2000741243364,-70.95637569853884,-70.95637569853884
2643.210074124336,-70.95997417030952,-70.95997417030952
2643.2200741243364,-70.9635708713722,-70.9635708713722
2643.230074124336,-70.96716590403928,-70.96716590403928
2643.2400741243364,-70.97075936929295,-70.97075936929295
2643.250074124336,-70.97435136689424,-70.97435136689424
2643.2600741243364,-70.97794199542635,-70.97794199542635
2643.270074124336,-70.98153135239673,-70.98153135239673
2643.2800741243364,-70.98511953424394,-70.98511953424394
2643.290074124336,-70.98870663638694,-70.98870663638694
2643.3000741243363,-70.99229275326816,-70.99229275326816
2643.310074124336,-70.99587797837741,-70.99587797837741
2643.3200741243363,-70.99946240423532,-70.99946240423532
2643.330074124336,-71.00304612244739,-71.00304612244739
2643.3400741243363,-71.00662922367898,-71.00662922367898
2643.350074124336,-71.01021179770677,-71.01021179770677
2643.3600741243363,-71.01379393336555,-71.01379393336555
2643.370074124336,-71.0173757185898,-71.0173757185898
2643.3800741243363,-71.02095724038882,-71.02095724038882
2643.390074124336,-71.02453858487033,-71.02453858487033
2643.4000741243362,-71.0281198372059,-71.0281198372059
2643.4100741243365,-71.03170108165547,-71.03170108165547
2643.420074124336,-71.03528240153929,-71.03528240153929
2643.4300741243364,-71.03886387925616,-71.03886387925616
2643.440074124336,-71.04244559625515,-71.04244559625515
2643.4500741243364,-71.04602763304861,-71.04602763304861
2643.460074124336,-71.04961006920563,-71.04961006920563
2643.4700741243364,-71.05319298332626,-71.05319298332626
2643.480074124336,-71.05677645307252,-71.05677645307252
2643.4900741243364,-71.0603605551138,-71.0603605551138
2643.500074148178,-71.06394537372516,-71.06394537372516
2643.5100741481783,-71.06753096659733,-71.06753096659733
2643.520074148178,-71.0711174160146,-71.0711174160146
2643.5300741481783,-71.0747047947808,-71.0747047947808
2643.540074148178,-71.07829317472908,-71.07829317472908
2643.5500741481783,-71.08188262669711,-71.08188262669711
2643.560074148178,-71.08547322053435,-71.08547322053435
2643.5700741481783,-71.08906502512357,-71.08906502512357
2643.580074148178,-71.09265810835232,-71.09265810835232
2643.5900741481782,-71.09625253711009,-71.09625253711009
2643.600074148178,-71.09984837732821,-71.09984837732821
2643.6100741481782,-71.10344569392743,-71.10344569392743
2643.620074148178,-71.10704455086618,-71.10704455086618
2643.630074148178,-71.11064501110292,-71.11064501110292
2643.640074148178,-71.11424713662059,-71.11424713662059
2643.650074148178,-71.11785098843237,-71.11785098843237
2643.660074148178,-71.12145662656201,-71.12145662656201
2643.670074148178,-71.1250641100617,-71.1250641100617
2643.680074148178,-71.12867349703647,-71.12867349703647
2643.690074148178,-71.13228484459258,-71.13228484459258
2643.700074148178,-71.13589820889071,-71.13589820889071
2643.710074148178,-71.13951364512624,-71.13951364512624
2643.720074148178,-71.14313120755739,-71.14313120755739
2643.730074148178,-71.14675094947201,-71.14675094947201
2643.740074148178,-71.15037292322654,-71.15037292322654
2643.750074148178,-71.15399718023487,-71.15399718023487
2643.7600741481783,-71.1576237709866,-71.1576237709866
2643.770074148178,-71.16125274503557,-71.16125274503557
2643.7800741481783,-71.16488415101277,-71.16488415101277
2643.790074148178,-71.16851803664001,-71.16851803664001
2643.8000741481783,-71.17215444873334,-71.17215444873334
2643.810074148178,-71.17579343320223,-71.17579343320223
2643.8200741481783,-71.17943503506174,-71.17943503506174
2643.830074148178,-71.18307929844241,-71.18307929844241
2643.8400741481782,-71.18672626658861,-71.18672626658861
2643.850074148178,-71.19037598187982,-71.19037598187982
2643.8600741481782,-71.19402848582038,-71.19402848582038
2643.870074148178,-71.19768381906626,-71.19768381906626
2643.880074148178,-71.20134202141618,-71.20134202141618
2643.890074148178,-71.20500313182784,-71.20500313182784
2643.900074148178,-71.20866718842659,-71.20866718842659
2643.910074148178,-71.21233422850425,-71.21233422850425
2643.920074148178,-71.21600428853115,-71.21600428853115
2643.930074148178,-71.21967740418405,-71.21967740418405
2643.940074148178,-71.22335361031685,-71.22335361031685
2643.950074148178,-71.22703294100089,-71.22703294100089
2643.960074148178,-71.230715429518,-71.230715429518
2643.970074148178,-71.23440110836837,-71.23440110836837
2643.980074148178,-71.23809000928428,-71.23809000928428
2643.990074148178,-71.24178216324025,-71.24178216324025
2644.000074148178,-71.2454776004591,-71.2454776004591
2644.0100741481783,-71.249176350407,-71.249176350407
2644.020074148178,-71.25287844182333,-71.25287844182333
2644.0300741481783,-71.25658390271863,-71.25658390271863
2644.040074148178,-71.26029276038355,-71.26029276038355
2644.0500741481783,-71.26400504139984,-71.26400504139984
2644.060074148178,-71.26772077164286,-71.26772077164286
2644.0700741481783,-71.27143997628882,-71.27143997628882
2644.080074148178,-71.2751626798437,-71.2751626798437
2644.0900741481782,-71.27888890611806,-71.27888890611806
2644.100074148178,-71.28261867826485,-71.28261867826485
2644.1100741481782,-71.28635201877493,-71.28635201877493
2644.120074148178,-71.290088949483,-71.290088949483
2644.130074148178,-71.29382949157798,-71.29382949157798
2644.140074148178,-71.29757366561947,-71.29757366561947
2644.150074148178,-71.30132149152817,-71.30132149152817
2644.160074148178,-71.30507298862598,-71.30507298862598
2644.170074148178,-71.30882817559481,-71.30882817559481
2644.180074148178,-71.31258707053215,-71.31258707053215
2644.190074148178,-71.31634969094013,-71.31634969094013
2644.200074148178,-71.32011605371963,-71.32011605371963
2644.210074148178,-71.323879955736,-71.323879955736
2644.220074148178,-71.32763868772484,-71.32763868772484
2644.230074148178,-71.33139093716491,-71.33139093716491
2644.240074148178,-71.33513603802227,-71.33513603802227
2644.250074148178,-71.33887368431824,-71.33887368431824
2644.2600741481783,-71.34260378135674,-71.34260378135674
2644.270074148178,-71.34632635849164,-71.34632635849164
2644.2800741481783,-71.35004151674374,-71.35004151674374
2644.290074148178,-71.35374939726894,-71.35374939726894
2644.3000741481783,-71.35745016242453,-71.35745016242453
2644.310074148178,-71.36114398452513,-71.36114398452513
2644.3200741481783,-71.36483103917456,-71.36483103917456
2644.330074148178,-71.36851150151784,-71.36851150151784
2644.3400741481782,-71.37218554411845,-71.37218554411845
2644.35007417202,-71.3758533446649,-71.3758533446649
2644.36007417202,-71.37951505060781,-71.37951505060781
2644.37007417202,-71.38317083153623,-71.38317083153623
2644.38007417202,-71.38682084433468,-71.38682084433468
2644.39007417202,-71.39046524217319,-71.39046524217319
2644.40007417202,-71.39410417480157,-71.39410417480157
2644.41007417202,-71.39773778882653,-71.39773778882653
2644.42007417202,-71.40136622799274,-71.40136622799274
2644.43007417202,-71.40498963343465,-71.40498963343465
2644.44007417202,-71.40860814392133,-71.40860814392133
2644.45007417202,-71.41222189603361,-71.41222189603361
2644.46007417202,-71.41582479715818,-71.41582479715818
2644.47007417202,-71.41941425176742,-71.41941425176742
2644.48007417202,-71.42298906176832,-71.42298906176832
2644.49007417202,-71.42654867529265,-71.42654867529265
2644.50007417202,-71.4300929000233,-71.4300929000233
2644.51007417202,-71.43362175431095,-71.43362175431095
2644.52007417202,-71.43713537987172,-71.43713537987172
2644.53007417202,-71.44063398939187,-71.44063398939187
2644.54007417202,-71.44411783499268,-71.44411783499268
2644.55007417202,-71.4475871892992,-71.4475871892992
2644.56007417202,-71.45104233417548,-71.45104233417548
2644.5700741720198,-71.45448355412324,-71.45448355412324
2644.58007417202,-71.45791113243476,-71.45791113243476
2644.5900741720197,-71.46132534916075,-71.46132534916075
2644.60007417202,-71.4647264800401,-71.4647264800401
2644.61007417202,-71.46811479606947,-71.46811479606947
2644.62007417202,-71.47149056346676,-71.47149056346676
2644.63007417202,-71.47485404376204,-71.47485404376204
2644.64007417202,-71.47820549405078,-71.47820549405078
2644.65007417202,-71.48154516726484,-71.48154516726484
2644.66007417202,-71.48487331244984,-71.48487331244984
2644.67007417202,-71.4881901750331,-71.4881901750331
2644.68007417202,-71.49149599708282,-71.49149599708282
2644.69007417202,-71.49479101749617,-71.49479101749617
2644.70007417202,-71.4980754722187,-71.4980754722187
2644.71007417202,-71.50134959439691,-71.50134959439691
2644.72007417202,-71.50461361451309,-71.50461361451309
2644.73007417202,-71.50786776051396,-71.50786776051396
2644.74007417202,-71.51111225789853,-71.51111225789853
2644.75007417202,-71.51434732979536,-71.51434732979536
2644.76007417202,-71.51757319704794,-71.51757319704794
2644.77007417202,-71.5207900782458,-71.5207900782458
2644.78007417202,-71.52399818977744,-71.52399818977744
2644.79007417202,-71.52719774585448,-71.52719774585448
2644.80007417202,-71.5303889585537,-71.5303889585537
2644.81007417202,-71.53357203783034,-71.53357203783034
2644.8200741720198,-71.53674719150939,-71.53674719150939
2644.83007417202,-71.53991462533735,-71.53991462533735
2644.8400741720197,-71.54307454296837,-71.54307454296837
2644.85007417202,-71.54622714594761,-71.54622714594761
2644.86007417202,-71.54937263376945,-71.54937263376945
2644.87007417202,-71.55251120381205,-71.55251120381205
2644.88007417202,-71.55564305139362,-71.55564305139362
2644.89007417202,-71.55876836973215,-71.55876836973215
2644.90007417202,-71.56188734996978,-71.56188734996978
2644.91007417202,-71.56500018115817,-71.56500018115817
2644.92007417202,-71.56810705025325,-71.56810705025325
2644.93007417202,-71.57120814211964,-71.57120814211964
2644.94007417202,-71.57430363953969,-71.57430363953969
2644.95007417202,-71.5773937231859,-71.5773937231859
2644.96007417202,-71.58047857165325,-71.58047857165325
2644.97007417202,-71.5835583614233,-71.5835583614233
2644.98007417202,-71.58663326689808,-71.58663326689808
2644.99007417202,-71.58970346036801,-71.58970346036801
2645.00007417202,-71.59276911205072,-71.59276911205072
2645.01007417202,-71.59583039004865,-71.59583039004865
2645.02007417202,-71.598887460401,-71.598887460401
2645.03007417202,-71.60194048705117,-71.60194048705117
2645.04007417202,-71.60498963185425,-71.60498963185425
2645.05007417202,-71.60803505460476,-71.60803505460476
2645.06007417202,-71.6110769130227,-71.6110769130227
2645.0700741720198,-71.61411536276245,-71.61411536276245
2645.08007417202,-71.6171505574185,-71.6171505574185
2645.0900741720197,-71.62018264853155,-71.62018264853155
2645.10007417202,-71.62321178561554,-71.62321178561554
2645.11007417202,-71.62623811614718,-71.62623811614718
2645.12007417202,-71.62926178557005,-71.62926178557005
2645.13007417202,-71.63228293732318,-71.63228293732318
2645.14007417202,-71.63530171283554,-71.63530171283554
2645.15007417202,-71.63831825155097,-71.63831825155097
2645.16007417202,-71.64133269092753,-71.64133269092753
2645.17007417202,-71.64434516645343,-71.64434516645343
2645.18007417202,-71.64735581165388,-71.64735581165388
2645.19007417202,-71.6503647581264,-71.6503647581264
2645.200074195862,-71.65337214267514,-71.65337214267514
2645.210074195862,-71.65637807872774,-71.65637807872774
2645.220074195862,-71.65938269926377,-71.65938269926377
2645.230074195862,-71.66238612822328,-71.66238612822328
2645.240074195862,-71.66538848767924,-71.66538848767924
2645.250074195862,-71.66838989783182,-71.66838989783182
2645.2600741958618,-71.67139047703513,-71.67139047703513
2645.270074195862,-71.67439034181413,-71.67439034181413
2645.2800741958617,-71.67738960687976,-71.67738960687976
2645.290074195862,-71.68038838513282,-71.68038838513282
2645.3000741958617,-71.68338678770525,-71.68338678770525
2645.310074195862,-71.68638492395515,-71.68638492395515
2645.3200741958617,-71.68938290147925,-71.68938290147925
2645.330074195862,-71.69238082613818,-71.69238082613818
2645.3400741958617,-71.69537880209182,-71.69537880209182
2645.350074195862,-71.69837693177766,-71.69837693177766
2645.3600741958617,-71.7013753159543,-71.7013753159543
2645.370074195862,-71.70437405371884,-71.70437405371884
2645.3800741958617,-71.70737324249934,-71.70737324249934
2645.390074195862,-71.71037297809569,-71.71037297809569
2645.4000741958616,-71.7133733546999,-71.7133733546999
2645.410074195862,-71.71637446488643,-71.71637446488643
2645.4200741958616,-71.71937639965836,-71.71937639965836
2645.430074195862,-71.72237924843591,-71.72237924843591
2645.4400741958616,-71.72538309910763,-71.72538309910763
2645.450074195862,-71.72838803801261,-71.72838803801261
2645.460074195862,-71.73139414998447,-71.73139414998447
2645.470074195862,-71.73440151836076,-71.73440151836076
2645.480074195862,-71.73741022497728,-71.73741022497728
2645.490074195862,-71.74042035023288,-71.74042035023288
2645.500074195862,-71.74343197305997,-71.74343197305997
2645.5100741958618,-71.7464451709653,-71.7464451709653
2645.520074195862,-71.7494600200322,-71.7494600200322
2645.5300741958617,-71.75247659497248,-71.75247659497248
2645.540074195862,-71.75549496909106,-71.75549496909106
2645.5500741958617,-71.75851521433808,-71.75851521433808
2645.560074195862,-71.76153740131795,-71.76153740131795
2645.5700741958617,-71.76456159931203,-71.76456159931203
2645.580074195862,-71.7675878762706,-71.7675878762706
2645.5900741958617,-71.77061629885868,-71.77061629885868
2645.600074195862,-71.77364693246169,-71.77364693246169
2645.6100741958617,-71.77667984118555,-71.77667984118555
2645.620074195862,-71.77971508790291,-71.77971508790291
2645.6300741958617,-71.78275273424266,-71.78275273424266
2645.640074195862,-71.78579284061497,-71.78579284061497
2645.6500741958616,-71.78883546623544,-71.78883546623544
2645.660074195862,-71.79188066913316,-71.79188066913316
2645.6700741958616,-71.79492850615331,-71.79492850615331
2645.680074195862,-71.7979790330096,-71.7979790330096
2645.6900741958616,-71.8010323042517,-71.8010323042517
2645.700074195862,-71.80408837331393,-71.80408837331393
2645.710074195862,-71.80714103191546,-71.80714103191546
2645.720074195862,-71.81018758898976,-71.81018758898976
2645.730074195862,-71.81322675913292,-71.81322675913292
2645.740074195862,-71.81625790721121,-71.81625790721121
2645.750074195862,-71.81928076000398,-71.81928076000398
2645.7600741958618,-71.8222952564633,-71.8222952564633
2645.770074195862,-71.82530145988726,-71.82530145988726
2645.7800741958617,-71.82829950519836,-71.82829950519836
2645.790074195862,-71.8312895672143,-71.8312895672143
2645.8000741958617,-71.83427184161334,-71.83427184161334
2645.810074195862,-71.83724653357993,-71.83724653357993
2645.8200741958617,-71.84021385117025,-71.84021385117025
2645.830074195862,-71.8431740014713,-71.8431740014713
2645.8400741958617,-71.84612718851236,-71.84612718851236
2645.850074195862,-71.84907361224388,-71.84907361224388
2645.8600741958617,-71.85201346810166,-71.85201346810166
2645.870074195862,-71.8549469469586,-71.8549469469586
2645.8800741958617,-71.85787423526341,-71.85787423526341
2645.890074195862,-71.86079551531685,-71.86079551531685
2645.9000741958616,-71.86371096550764,-71.86371096550764
2645.910074195862,-71.86662076066001,-71.86662076066001
2645.9200741958616,-71.8695250723087,-71.8695250723087
2645.930074195862,-71.87242406894546,-71.87242406894546
2645.9400741958616,-71.87531791626387,-71.87531791626387
2645.950074195862,-71.87820677736501,-71.87820677736501
2645.960074195862,-71.88108454625461,-71.88108454625461
2645.970074195862,-71.88394863670322,-71.88394863670322
2645.980074195862,-71.88679786857493,-71.88679786857493
2645.990074195862,-71.88963171175389,-71.88963171175389
2646.000074195862,-71.89244999755294,-71.89244999755294
2646.0100741958618,-71.89525276889407,-71.89525276889407
2646.020074195862,-71.89804019245292,-71.89804019245292
2646.0300741958617,-71.9008125059327,-71.9008125059327
2646.040074195862,-71.90348081500024,-71.90348081500024
2646.0500742197037,-71.90601039652903,-71.90601039652903
2646.060074219704,-71.90838678415892,-71.90838678415892
2646.0700742197037,-71.91060422343428,-71.91060422343428
2646.080074219704,-71.91266150336527,-71.91266150336527
2646.0900742197036,-71.91456000283746,-71.91456000283746
2646.100074219704,-71.91630258831911,-71.91630258831911
2646.1100742197036,-71.91789295025761,-71.91789295025761
2646.120074219704,-71.91933519584195,-71.91933519584195
2646.1300742197036,-71.92063359974904,-71.92063359974904
2646.140074219704,-71.92179245377298,-71.92179245377298
2646.1500742197036,-71.92281597866517,-71.92281597866517
2646.160074219704,-71.92370827491392,-71.92370827491392
2646.1700742197036,-71.92447329775209,-71.92447329775209
2646.180074219704,-71.92511484701109,-71.92511484701109
2646.1900742197035,-71.92563656588169,-71.92563656588169
2646.2000742197038,-71.92604194486661,-71.92604194486661
2646.2100742197035,-71.9263343285333,-71.9263343285333
2646.2200742197037,-71.92651692365726,-71.92651692365726
2646.2300742197035,-71.9265928078381,-71.9265928078381
2646.2400742197037,-71.92656493804513,-71.92656493804513
2646.2500742197035,-71.926436158888,-71.926436158888
2646.2600742197037,-71.92620921034133,-71.92620921034133
2646.2700742197035,-71.92588673493391,-71.92588673493391
2646.2800742197037,-71.92547128436611,-71.92547128436611
2646.2900742197035,-71.9249653255608,-71.9249653255608
2646.3000742197037,-71.92437124617109,-71.92437124617109
2646.310074219704,-71.92369135962686,-71.92369135962686
2646.3200742197037,-71.92292790972168,-71.92292790972168
2646.330074219704,-71.92208307475738,-71.92208307475738
2646.3400742197036,-71.92115897136904,-71.92115897136904
2646.350074219704,-71.92015765798516,-71.92015765798516
2646.3600742197036,-71.9190811379928,-71.9190811379928
2646.370074219704,-71.91793136263516,-71.91793136263516
2646.3800742197036,-71.91671023365191,-71.91671023365191
2646.390074219704,-71.91541960572694,-71.91541960572694
2646.4000742197036,-71.914061288709,-71.914061288709
2646.410074219704,-71.91263704966138,-71.91263704966138
2646.4200742197036,-71.91114861476503,-71.91114861476503
2646.430074219704,-71.90959767103632,-71.90959767103632
2646.4400742197035,-71.90798586797823,-71.90798586797823
2646.4500742197038,-71.9063148190475,-71.9063148190475
2646.4600742197035,-71.90458610301998,-71.90458610301998
2646.4700742197037,-71.90280126531137,-71.90280126531137
2646.4800742197035,-71.900961819151,-71.900961819151
2646.4900742197037,-71.89906924669003,-71.89906924669003
2646.5000742197035,-71.89712500004936,-71.89712500004936
2646.5100742197037,-71.89513050227957,-71.89513050227957
2646.5200742197035,-71.89308714827563,-71.89308714827563
2646.5300742197037,-71.89099630562256,-71.89099630562256
2646.5400742197035,-71.88885931539554,-71.88885931539554
2646.5500742197037,-71.88667749290896,-71.88667749290896
2646.560074219704,-71.88445212843781,-71.88445212843781
2646.5700742197037,-71.88218448787143,-71.88218448787143
2646.580074219704,-71.8798758133549,-71.8798758133549
2646.5900742197036,-71.87752732388712,-71.87752732388712
2646.600074219704,-71.87514021588392,-71.87514021588392
2646.6100742197036,-71.87271566372453,-71.87271566372453
2646.620074219704,-71.8702548202702,-71.8702548202702
2646.6300742197036,-71.86775881734413,-71.86775881734413
2646.640074219704,-71.86522876620914,-71.86522876620914
2646.6500742197036,-71.86266575800896,-71.86266575800896
2646.660074219704,-71.86007086421623,-71.86007086421623
2646.6700742197036,-71.8574451370084,-71.8574451370084
2646.680074219704,-71.8547896097024,-71.8547896097024
2646.6900742197035,-71.85210529712352,-71.85210529712352
2646.7000742197038,-71.84939319595746,-71.84939319595746
2646.7100742197035,-71.84665428512798,-71.84665428512798
2646.7200742197037,-71.84388952610996,-71.84388952610996
2646.7300742197035,-71.84109986329705,-71.84109986329705
2646.7400742197037,-71.8382862242945,-71.8382862242945
2646.7500742197035,-71.83544952024108,-71.83544952024108
2646.7600742197037,-71.83259064610607,-71.83259064610607
2646.7700742197035,-71.82971048098415,-71.82971048098415
2646.7800742197037,-71.82680988838126,-71.82680988838126
2646.7900742197035,-71.82388971649809,-71.82388971649809
2646.8000742197037,-71.82095079847717,-71.82095079847717
2646.810074219704,-71.81799395269856,-71.81799395269856
2646.8200742197037,-71.81501998300813,-71.81501998300813
2646.830074219704,-71.81202967897323,-71.81202967897323
2646.8400742197036,-71.80902381614236,-71.80902381614236
2646.850074219704,-71.80600315627014,-71.80600315627014
2646.8600742197036,-71.80296844755053,-71.80296844755053
2646.870074219704,-71.7999204248503,-71.7999204248503
2646.8800742197036,-71.79685980993995,-71.79685980993995
2646.890074219704,-71.79378731169339,-71.79378731169339
2646.9000742435455,-71.7907036189655,-71.7907036189655
2646.9100742435458,-71.7876094301289,-71.7876094301289
2646.9200742435455,-71.78450540943358,-71.78450540943358
2646.9300742435457,-71.78139221629192,-71.78139221629192
2646.9400742435455,-71.7782704982815,-71.7782704982815
2646.9500742435457,-71.77514089132185,-71.77514089132185
2646.9600742435455,-71.77199778240987,-71.77199778240987
2646.9700742435457,-71.76883906752582,-71.76883906752582
2646.9800742435455,-71.76566403603252,-71.76566403603252
2646.9900742435457,-71.76247261494487,-71.76247261494487
2647.0000742435454,-71.7592650812337,-71.7592650812337
2647.0100742435457,-71.75604191264358,-71.75604191264358
2647.0200742435454,-71.7528037004427,-71.7528037004427
2647.0300742435456,-71.74955109708593,-71.74955109708593
2647.0400742435454,-71.74628478484068,-71.74628478484068
2647.0500742435456,-71.74300545705394,-71.74300545705394
2647.0600742435454,-71.73971380707198,-71.73971380707198
2647.0700742435456,-71.73641052179143,-71.73641052179143
2647.0800742435454,-71.73309627806788,-71.73309627806788
2647.0900742435456,-71.72977174080476,-71.72977174080476
2647.1000742435454,-71.7264375621104,-71.7264375621104
2647.1100742435456,-71.72309438105573,-71.72309438105573
2647.1200742435453,-71.71974282377168,-71.71974282377168
2647.1300742435456,-71.71638350374874,-71.71638350374874
2647.1400742435453,-71.71301702225962,-71.71301702225962
2647.1500742435455,-71.70964396876514,-71.70964396876514
2647.1600742435458,-71.7062649213763,-71.7062649213763
2647.1700742435455,-71.70288044728179,-71.70288044728179
2647.1800742435457,-71.69949110311943,-71.69949110311943
2647.1900742435455,-71.69609743537401,-71.69609743537401
2647.2000742435457,-71.69269998068911,-71.69269998068911
2647.2100742435455,-71.68929926619666,-71.68929926619666
2647.2200742435457,-71.685895809775,-71.685895809775
2647.2300742435455,-71.68249012031275,-71.68249012031275
2647.2400742435457,-71.6790826979301,-71.6790826979301
2647.2500742435454,-71.6756740342107,-71.6756740342107
2647.2600742435457,-71.67226461236386,-71.67226461236386
2647.2700742435454,-71.66885490741898,-71.66885490741898
2647.2800742435456,-71.66544538639221,-71.66544538639221
2647.2900742435454,-71.66203650843201,-71.66203650843201
2647.3000742435456,-71.6586287249469,-71.6586287249469
2647.3100742435454,-71.65522247977285,-71.65522247977285
2647.3200742435456,-71.65181820926236,-71.65181820926236
2647.3300742435454,-71.64841634243021,-71.64841634243021
2647.3400742435456,-71.64501730105587,-71.64501730105587
2647.3500742435454,-71.64162149979344,-71.64162149979344
2647.3600742435456,-71.63822934626238,-71.63822934626238
2647.3700742435453,-71.63484124117637,-71.63484124117637
2647.3800742435456,-71.63145757841029,-71.63145757841029
2647.3900742435453,-71.62807874511991,-71.62807874511991
2647.4000742435455,-71.6247051218061,-71.6247051218061
2647.4100742435458,-71.62133708243208,-71.62133708243208
2647.4200742435455,-71.61797499449543,-71.61797499449543
2647.4300742435457,-71.61461921910521,-71.61461921910521
2647.4400742435455,-71.61127011108294,-71.61127011108294
2647.4500742435457,-71.60792801903659,-71.60792801903659
2647.4600742435455,-71.60459328544782,-71.60459328544782
2647.4700742435457,-71.60126624672826,-71.60126624672826
2647.4800742435455,-71.5979472333322,-71.5979472333322
2647.4900742435457,-71.59463656981033,-71.59463656981033
2647.5000742435454,-71.59133457489501,-71.59133457489501
2647.5100742435457,-71.58804156157693,-71.58804156157693
2647.5200742435454,-71.58475783715886,-71.58475783715886
2647.5300742435456,-71.58148370336596,-71.58148370336596
2647.5400742435454,-71.57821945640073,-71.57821945640073
2647.5500742435456,-71.57496538699556,-71.57496538699556
2647.5600742435454,-71.57172178052134,-71.57172178052134
2647.5700742435456,-71.56848891702786,-71.56848891702786
2647.5800742435454,-71.56526707132434,-71.56526707132434
2647.5900742435456,-71.56205651305915,-71.56205651305915
2647.6000742435454,-71.55885750677798,-71.55885750677798
2647.6100742435456,-71.55567031198878,-71.55567031198878
2647.6200742435453,-71.55249518322958,-71.55249518322958
2647.6300742435456,-71.5493323701433,-71.5493323701433
2647.6400742435453,-71.54618211754254,-71.54618211754254
2647.6500742435455,-71.54304466546628,-71.54304466546628
2647.6600742435458,-71.53992024925131,-71.53992024925131
2647.6700742435455,-71.53680909959795,-71.53680909959795
2647.6800742435457,-71.53371144261789,-71.53371144261789
2647.6900742435455,-71.530627499932,-71.530627499932
2647.7000742435457,-71.52755748869056,-71.52755748869056
2647.7100742435455,-71.52450162166626,-71.52450162166626
2647.7200742435457,-71.52146010729932,-71.52146010729932
2647.7300742435455,-71.51843314975885,-71.51843314975885
2647.7400742435457,-71.51542094900718,-71.51542094900718
2647.7500742673874,-71.51242369372086,-71.51242369372086
2647.7600742673876,-71.5094415899483,-71.5094415899483
2647.7700742673874,-71.50647481819408,-71.50647481819408
2647.7800742673876,-71.50352356217425,-71.50352356217425
2647.7900742673874,-71.50058800168098,-71.50058800168098
2647.8000742673876,-71.49766831265246,-71.49766831265246
2647.8100742673873,-71.49476466720775,-71.49476466720775
2647.8200742673876,-71.49187723371975,-71.49187723371975
2647.8300742673873,-71.48900617686381,-71.48900617686381
2647.8400742673875,-71.48615165766431,-71.48615165766431
2647.8500742673873,-71.48331383355321,-71.48331383355321
2647.8600742673875,-71.48049285842225,-71.48049285842225
2647.8700742673873,-71.47768888267724,-71.47768888267724
2647.8800742673875,-71.47490205328583,-71.47490205328583
2647.8900742673873,-71.47213251382206,-71.47213251382206
2647.9000742673875,-71.46938040453135,-71.46938040453135
2647.9100742673872,-71.4666458623653,-71.4666458623653
2647.9200742673875,-71.46392902103706,-71.46392902103706
2647.930074267387,-71.46123001106254,-71.46123001106254
2647.9400742673874,-71.45854895982691,-71.45854895982691
2647.950074267387,-71.45588599159987,-71.45588599159987
2647.9600742673874,-71.45324122761791,-71.45324122761791
2647.970074267387,-71.4506147861029,-71.4506147861029
2647.9800742673874,-71.44800678230959,-71.44800678230959
2647.990074267387,-71.44541732859112,-71.44541732859112
2648.0000742673874,-71.44284653441608,-71.44284653441608
2648.0100742673876,-71.4402945064319,-71.4402945064319
2648.0200742673874,-71.43776134850086,-71.43776134850086
2648.0300742673876,-71.43524716173614,-71.43524716173614
2648.0400742673874,-71.43275204455706,-71.43275204455706
2648.0500742673876,-71.43027609271466,-71.43027609271466
2648.0600742673873,-71.42781939934491,-71.42781939934491
2648.0700742673876,-71.42538205499578,-71.42538205499578
2648.0800742673873,-71.42296414769274,-71.42296414769274
2648.0900742673875,-71.42056576293704,-71.42056576293704
2648.1000742673873,-71.41818698378962,-71.41818698378962
2648.1100742673875,-71.41582789086948,-71.41582789086948
2648.1200742673873,-71.41348856241108,-71.41348856241108
2648.1300742673875,-71.41116907430539,-71.41116907430539
2648.1400742673873,-71.40886950012799,-71.40886950012799
2648.1500742673875,-71.40658991118077,-71.40658991118077
2648.1600742673872,-71.40433037650698,-71.40433037650698
2648.1700742673875,-71.40209096295573,-71.40209096295573
2648.180074267387,-71.39987173520183,-71.39987173520183
2648.1900742673874,-71.39767275577837,-71.39767275577837
2648.200074267387,-71.39549408511637,-71.39549408511637
2648.2100742673874,-71.39333578156231,-71.39333578156231
2648.220074267387,-71.39119790144362,-71.39119790144362
2648.2300742673874,-71.3890804990721,-71.3890804990721
2648.240074267387,-71.38698362676898,-71.38698362676898
2648.2500742673874,-71.38490733492506,-71.38490733492506
2648.2600742673876,-71.38285167201592,-71.38285167201592
2648.2700742673874,-71.38081668463079,-71.38081668463079
2648.2800742673876,-71.378802417508,-71.378802417508
2648.2900742673874,-71.37680891356344,-71.37680891356344
2648.3000742673876,-71.3748362139116,-71.3748362139116
2648.3100742673873,-71.3728843579075,-71.3728843579075
2648.3200742673876,-71.37095338315471,-71.37095338315471
2648.3300742673873,-71.36904332557019,-71.36904332557019
2648.3400742673875,-71.3671542193578,-71.3671542193578
2648.3500742673873,-71.36528609709079,-71.36528609709079
2648.3600742673875,-71.36343898970516,-71.36343898970516
2648.3700742673873,-71.36161292654128,-71.36161292654128
2648.3800742673875,-71.3598079353435,-71.3598079353435
2648.3900742673873,-71.35802404231787,-71.35802404231787
2648.4000742673875,-71.35626127214658,-71.35626127214658
2648.4100742673872,-71.35451964800693,-71.35451964800693
2648.4200742673875,-71.35279919158934,-71.35279919158934
2648.430074267387,-71.35109992315306,-71.35109992315306
2648.4400742673874,-71.34942186150785,-71.34942186150785
2648.450074267387,-71.34776502407419,-71.34776502407419
2648.4600742673874,-71.34612322639208,-71.34612322639208
2648.470074267387,-71.34449378242122,-71.34449378242122
2648.4800742673874,-71.34287540081982,-71.34287540081982
2648.490074267387,-71.34126743353227,-71.34126743353227
2648.5000742673874,-71.33966958956951,-71.33966958956951
2648.5100742673876,-71.33808178661914,-71.33808178661914
2648.5200742673874,-71.33650406408663,-71.33650406408663
2648.5300742673876,-71.33493653093255,-71.33493653093255
2648.5400742673874,-71.33337933434848,-71.33337933434848
2648.5500742673876,-71.33183264096101,-71.33183264096101
2648.5600742673873,-71.33029662570064,-71.33029662570064
2648.5700742673876,-71.3287714652727,-71.3287714652727
2648.5800742673873,-71.32725733446522,-71.32725733446522
2648.5900742673875,-71.32575440412228,-71.32575440412228
2648.6000742912292,-71.32426283666574,-71.32426283666574
2648.6100742912295,-71.32278279995586,-71.32278279995586
2648.6200742912292,-71.3213144458489,-71.3213144458489
2648.6300742912294,-71.31985792476856,-71.31985792476856
2648.640074291229,-71.31841338234834,-71.31841338234834
2648.6500742912294,-71.31698095977677,-71.31698095977677
2648.660074291229,-71.31556079413757,-71.31556079413757
2648.6700742912294,-71.31415301870769,-71.31415301870769
2648.680074291229,-71.31275776327797,-71.31275776327797
2648.6900742912294,-71.31137515437639,-71.31137515437639
2648.700074291229,-71.31000531552664,-71.31000531552664
2648.7100742912294,-71.30864216954319,-71.30864216954319
2648.720074291229,-71.30728313443963,-71.30728313443963
2648.7300742912294,-71.3059270211364,-71.3059270211364
2648.740074291229,-71.30457328262503,-71.30457328262503
2648.7500742912293,-71.30322172794436,-71.30322172794436
2648.760074291229,-71.30187237393969,-71.30187237393969
2648.7700742912293,-71.30052535838863,-71.30052535838863
2648.780074291229,-71.29918088793772,-71.29918088793772
2648.7900742912293,-71.29783920675979,-71.29783920675979
2648.800074291229,-71.2965005778468,-71.2965005778468
2648.8100742912293,-71.29516527186587,-71.29516527186587
2648.820074291229,-71.29383356067287,-71.29383356067287
2648.8300742912293,-71.29250571359466,-71.29250571359466
2648.840074291229,-71.29118199545862,-71.29118199545862
2648.8500742912292,-71.28986266560669,-71.28986266560669
2648.8600742912295,-71.28854797754336,-71.28854797754336
2648.8700742912292,-71.28723817893011,-71.28723817893011
2648.8800742912294,-71.28593351177838,-71.28593351177838
2648.890074291229,-71.28463421271017,-71.28463421271017
2648.9000742912294,-71.28334051329303,-71.28334051329303
2648.910074291229,-71.28205264036743,-71.28205264036743
2648.9200742912294,-71.28077081632831,-71.28077081632831
2648.930074291229,-71.27949525944385,-71.27949525944385
2648.9400742912294,-71.27822618407592,-71.27822618407592
2648.950074291229,-71.27696380091867,-71.27696380091867
2648.9600742912294,-71.2757083171853,-71.2757083171853
2648.970074291229,-71.27445993677519,-71.27445993677519
2648.9800742912294,-71.27321886042459,-71.27321886042459
2648.990074291229,-71.2719852858226,-71.2719852858226
2649.0000742912293,-71.27075940772096,-71.27075940772096
2649.010074291229,-71.2695414180201,-71.2695414180201
2649.0200742912293,-71.268331505822,-71.268331505822
2649.030074291229,-71.26712985752827,-71.26712985752827
2649.0400742912293,-71.26593665687315,-71.26593665687315
2649.050074291229,-71.26475208496953,-71.26475208496953
2649.0600742912293,-71.26357632033933,-71.26357632033933
2649.070074291229,-71.2624095389648,-71.2624095389648
2649.0800742912293,-71.2612519143017,-71.2612519143017
2649.090074291229,-71.26010361729226,-71.26010361729226
2649.1000742912292,-71.2589648164017,-71.2589648164017
2649.1100742912295,-71.25783567763617,-71.25783567763617
2649.1200742912292,-71.25671636454435,-71.25671636454435
2649.1300742912294,-71.25560703822892,-71.25560703822892
2649.140074291229,-71.25450785737708,-71.25450785737708
2649.1500742912294,-71.25341897826142,-71.25341897826142
2649.160074291229,-71.25234055474239,-71.25234055474239
2649.1700742912294,-71.25127273827881,-71.25127273827881
2649.180074291229,-71.25021567795528,-71.25021567795528
2649.1900742912294,-71.24916952046179,-71.24916952046179
2649.200074291229,-71.24813441014,-71.24813441014
2649.2100742912294,-71.24711048895665,-71.24711048895665
2649.220074291229,-71.2460978965338,-71.2460978965338
2649.2300742912294,-71.2450967701551,-71.2450967701551
2649.240074291229,-71.2441072447715,-71.2441072447715
2649.2500742912293,-71.24312945301482,-71.24312945301482
2649.260074291229,-71.24216352520894,-71.24216352520894
2649.2700742912293,-71.24120958937692,-71.24120958937692
2649.280074291229,-71.24026777125948,-71.24026777125948
2649.2900742912293,-71.23933819432209,-71.23933819432209
2649.300074291229,-71.23842097976747,-71.23842097976747
2649.3100742912293,-71.23751624655576,-71.23751624655576
2649.320074291229,-71.23662411141005,-71.23662411141005
2649.3300742912293,-71.23574468882418,-71.23574468882418
2649.340074291229,-71.23487809109346,-71.23487809109346
2649.3500742912292,-71.23402442831303,-71.23402442831303
2649.3600742912295,-71.23318380841724,-71.23318380841724
2649.3700742912292,-71.23235633717357,-71.23235633717357
2649.3800742912294,-71.23154211818859,-71.23154211818859
2649.390074291229,-71.23074125296168,-71.23074125296168
2649.4000742912294,-71.22995384086823,-71.22995384086823
2649.410074291229,-71.22917997919119,-71.22917997919119
2649.4200742912294,-71.22841976313633,-71.22841976313633
2649.430074291229,-71.22767328585401,-71.22767328585401
2649.4400742912294,-71.22694063844067,-71.22694063844067
2649.450074315071,-71.22622190826299,-71.22622190826299
2649.4600743150713,-71.22551718587486,-71.22551718587486
2649.470074315071,-71.2248265545815,-71.2248265545815
2649.4800743150713,-71.22415009749989,-71.22415009749989
2649.490074315071,-71.22348789581427,-71.22348789581427
2649.5000743150713,-71.22284002875185,-71.22284002875185
2649.510074315071,-71.22220657364088,-71.22220657364088
2649.5200743150713,-71.22158760592353,-71.22158760592353
2649.530074315071,-71.22098319915871,-71.22098319915871
2649.5400743150713,-71.22039342505578,-71.22039342505578
2649.550074315071,-71.21981835349251,-71.21981835349251
2649.5600743150712,-71.21925805253366,-71.21925805253366
2649.570074315071,-71.218712588452,-71.218712588452
2649.580074315071,-71.21818202575156,-71.21818202575156
2649.590074315071,-71.21766642717435,-71.21766642717435
2649.600074315071,-71.21716585373326,-71.21716585373326
2649.610074315071,-71.21668036472927,-71.21668036472927
2649.620074315071,-71.21621001777818,-71.21621001777818
2649.630074315071,-71.21575486880712,-71.21575486880712
2649.640074315071,-71.21531497210495,-71.21531497210495
2649.650074315071,-71.21489038032034,-71.21489038032034
2649.660074315071,-71.2144811444851,-71.2144811444851
2649.670074315071,-71.21408731405509,-71.21408731405509
2649.680074315071,-71.21370893689547,-71.21370893689547
2649.690074315071,-71.21334605932942,-71.21334605932942
2649.700074315071,-71.21299872614219,-71.21299872614219
2649.7100743150713,-71.2126669806042,-71.2126669806042
2649.720074315071,-71.21235086449605,-71.21235086449605
2649.7300743150713,-71.21205041811784,-71.21205041811784
2649.740074315071,-71.21176568032485,-71.21176568032485
2649.7500743150713,-71.2114966885247,-71.2114966885247
2649.760074315071,-71.21124347870914,-71.21124347870914
2649.7700743150713,-71.21100608547668,-71.21100608547668
2649.780074315071,-71.21078454205045,-71.21078454205045
2649.7900743150713,-71.21057888029505,-71.21057888029505
2649.800074315071,-71.21038913072093,-71.21038913072093
2649.8100743150712,-71.21021532251991,-71.21021532251991
2649.820074315071,-71.21005748359212,-71.21005748359212
2649.830074315071,-71.20991564053438,-71.20991564053438
2649.840074315071,-71.20978981869182,-71.20978981869182
2649.850074315071,-71.2096800421459,-71.2096800421459
2649.860074315071,-71.20958633375595,-71.20958633375595
2649.870074315071,-71.20950871515771,-71.20950871515771
2649.880074315071,-71.20944720679633,-71.20944720679633
2649.890074315071,-71.20940182794165,-71.20940182794165
2649.900074315071,-71.20937259669051,-71.20937259669051
2649.910074315071,-71.20935952999817,-71.20935952999817
2649.920074315071,-71.20936264370106,-71.20936264370106
2649.930074315071,-71.2093819525164,-71.2093819525164
2649.940074315071,-71.20941747006215,-71.20941747006215
2649.950074315071,-71.20946920888788,-71.20946920888788
2649.9600743150713,-71.20953718047357,-71.20953718047357
2649.970074315071,-71.20962139525234,-71.20962139525234
2649.9800743150713,-71.20972186263432,-71.20972186263432
2649.990074315071,-71.20983859101081,-71.20983859101081
2650.0000743150713,-71.20997158778256,-71.20997158778256
2650.010074315071,-71.21012085934731,-71.21012085934731
2650.0200743150713,-71.21028641114626,-71.21028641114626
2650.030074315071,-71.21046824767454,-71.21046824767454
2650.0400743150713,-71.21066637247995,-71.21066637247995
2650.050074315071,-71.21088078819027,-71.21088078819027
2650.0600743150712,-71.21111149651799,-71.21111149651799
2650.070074315071,-71.21135849829473,-71.21135849829473
2650.080074315071,-71.21162179345453,-71.21162179345453
2650.090074315071,-71.21190138107708,-71.21190138107708
2650.100074315071,-71.21219725939665,-71.21219725939665
2650.110074315071,-71.21250942578938,-71.21250942578938
2650.120074315071,-71.21283787681868,-71.21283787681868
2650.130074315071,-71.21318260823001,-71.21318260823001
2650.140074315071,-71.21354361498685,-71.21354361498685
2650.150074315071,-71.21392089124971,-71.21392089124971
2650.160074315071,-71.21431443040962,-71.21431443040962
2650.170074315071,-71.21472422509866,-71.21472422509866
2650.180074315071,-71.21515026720682,-71.21515026720682
2650.190074315071,-71.21559254788865,-71.21559254788865
2650.200074315071,-71.21605105757232,-71.21605105757232
2650.2100743150713,-71.21652578598861,-71.21652578598861
2650.220074315071,-71.21701672215171,-71.21701672215171
2650.2300743150713,-71.21752385439335,-71.21752385439335
2650.240074315071,-71.2180471703817,-71.2180471703817
2650.2500743150713,-71.21858665711734,-71.21858665711734
2650.260074315071,-71.2191423009393,-71.2191423009393
2650.2700743150713,-71.21971408755925,-71.21971408755925
2650.280074315071,-71.22030200205471,-71.22030200205471
2650.2900743150713,-71.22090602887845,-71.22090602887845
2650.300074338913,-71.22152615336456,-71.22152615336456
2650.310074338913,-71.22216235586933,-71.22216235586933
2650.320074338913,-71.22281462045211,-71.22281462045211
2650.330074338913,-71.22348292921916,-71.22348292921916
2650.340074338913,-71.22416726369586,-71.22416726369586
2650.350074338913,-71.22486760484679,-71.22486760484679
2650.360074338913,-71.22558393309532,-71.22558393309532
2650.370074338913,-71.22631622833008,-71.22631622833008
2650.380074338913,-71.22706446990254,-71.22706446990254
2650.390074338913,-71.22782863665617,-71.22782863665617
2650.400074338913,-71.22860870692068,-71.22860870692068
2650.410074338913,-71.22940465853154,-71.22940465853154
2650.420074338913,-71.23021646883137,-71.23021646883137
2650.430074338913,-71.23104411468684,-71.23104411468684
2650.440074338913,-71.23188757248104,-71.23188757248104
2650.450074338913,-71.23274681814878,-71.23274681814878
2650.460074338913,-71.23362182716534,-71.23362182716534
2650.470074338913,-71.23451257455433,-71.23451257455433
2650.480074338913,-71.23541903490639,-71.23541903490639
2650.490074338913,-71.23634118238513,-71.23634118238513
2650.500074338913,-71.23727899073471,-71.23727899073471
2650.510074338913,-71.23823243327382,-71.23823243327382
2650.5200743389128,-71.23920148292639,-71.23920148292639
2650.530074338913,-71.24018611221899,-71.24018611221899
2650.5400743389127,-71.24118629329132,-71.24118629329132
2650.550074338913,-71.24220199789147,-71.24220199789147
2650.560074338913,-71.24323319739766,-71.24323319739766
2650.570074338913,-71.24427986282494,-71.24427986282494
2650.580074338913,-71.2453419648193,-71.2453419648193
2650.590074338913,-71.24641947368657,-71.24641947368657
2650.600074338913,-71.24751235937445,-71.24751235937445
2650.610074338913,-71.24862059149557,-71.24862059149557
2650.620074338913,-71.24974413932833,-71.24974413932833
2650.630074338913,-71.25088297183652,-71.25088297183652
2650.640074338913,-71.25203705765746,-71.25203705765746
2650.650074338913,-71.25320636511559,-71.25320636511559
2650.660074338913,-71.25439086222555,-71.25439086222555
2650.670074338913,-71.25559051671519,-71.25559051671519
2650.680074338913,-71.25680529600842,-71.25680529600842
2650.690074338913,-71.25803516724861,-71.25803516724861
2650.700074338913,-71.2592800972947,-71.2592800972947
2650.710074338913,-71.26054005273953,-71.26054005273953
2650.720074338913,-71.26181499988927,-71.26181499988927
2650.730074338913,-71.26310490480249,-71.26310490480249
2650.740074338913,-71.2644097332731,-71.2644097332731
2650.750074338913,-71.26572945085128,-71.26572945085128
2650.760074338913,-71.26706402283163,-71.26706402283163
2650.7700743389128,-71.26841341427689,-71.26841341427689
2650.780074338913,-71.26977758999722,-71.26977758999722
2650.7900743389127,-71.27115651460151,-71.27115651460151
2650.800074338913,-71.27255015245038,-71.27255015245038
2650.810074338913,-71.27395846768725,-71.27395846768725
2650.820074338913,-71.27538142426062,-71.27538142426062
2650.830074338913,-71.27681898588239,-71.27681898588239
2650.840074338913,-71.27827111608374,-71.27827111608374
2650.850074338913,-71.27973777817922,-71.27973777817922
2650.860074338913,-71.28121893529584,-71.28121893529584
2650.870074338913,-71.28271455037289,-71.28271455037289
2650.880074338913,-71.28422458616251,-71.28422458616251
2650.890074338913,-71.28574900522554,-71.28574900522554
2650.900074338913,-71.28728776996839,-71.28728776996839
2650.910074338913,-71.2888408426009,-71.2888408426009
2650.920074338913,-71.29040818519007,-71.29040818519007
2650.930074338913,-71.2919897596099,-71.2919897596099
2650.940074338913,-71.29358552760418,-71.29358552760418
2650.950074338913,-71.29519545074906,-71.29519545074906
2650.960074338913,-71.29681949046964,-71.29681949046964
2650.970074338913,-71.29845760804642,-71.29845760804642
2650.980074338913,-71.30010976461521,-71.30010976461521
2650.990074338913,-71.3017759211753,-71.3017759211753
2651.000074338913,-71.30345603858835,-71.30345603858835
2651.010074338913,-71.30515007759132,-71.30515007759132
2651.0200743389128,-71.30685799879492,-71.30685799879492
2651.030074338913,-71.30857976267593,-71.30857976267593
2651.0400743389127,-71.31031532959355,-71.31031532959355
2651.050074338913,-71.31206465979447,-71.31206465979447
2651.060074338913,-71.3138277134133,-71.3138277134133
2651.070074338913,-71.31560445047732,-71.31560445047732
2651.080074338913,-71.31739483089542,-71.31739483089542
2651.090074338913,-71.31919881449036,-71.31919881449036
2651.100074338913,-71.32101636097522,-71.32101636097522
2651.110074338913,-71.32284742997435,-71.32284742997435
2651.120074338913,-71.32469198101191,-71.32469198101191
2651.130074338913,-71.32654997352797,-71.32654997352797
2651.140074338913,-71.32842136687789,-71.32842136687789
2651.150074362755,-71.33030612481781,-71.33030612481781
2651.160074362755,-71.33220419761214,-71.33220419761214
2651.170074362755,-71.33411554879044,-71.33411554879044
2651.180074362755,-71.33604013740052,-71.33604013740052
2651.190074362755,-71.33797792240897,-71.33797792240897
2651.200074362755,-71.3399288627107,-71.3399288627107
2651.2100743627548,-71.34189291714388,-71.34189291714388
2651.220074362755,-71.34387004447395,-71.34387004447395
2651.2300743627547,-71.345860203409,-71.345860203409
2651.240074362755,-71.34786335259814,-71.34786335259814
2651.2500743627547,-71.34987945063973,-71.34987945063973
2651.260074362755,-71.35190845607511,-71.35190845607511
2651.2700743627547,-71.35395032740199,-71.35395032740199
2651.280074362755,-71.35600502306166,-71.35600502306166
2651.2900743627547,-71.35807250145771,-71.35807250145771
2651.300074362755,-71.36015272094791,-71.36015272094791
2651.3100743627547,-71.36224563985348,-71.36224563985348
2651.320074362755,-71.36435121645391,-71.36435121645391
2651.3300743627547,-71.36646940899857,-71.36646940899857
2651.340074362755,-71.3686001756917,-71.3686001756917
2651.3500743627546,-71.3707434747242,-71.3707434747242
2651.360074362755,-71.37289926424891,-71.37289926424891
2651.3700743627546,-71.37506750238937,-71.37506750238937
2651.380074362755,-71.37724814725587,-71.37724814725587
2651.3900743627546,-71.37944115692282,-71.37944115692282
2651.400074362755,-71.38164648945232,-71.38164648945232
2651.410074362755,-71.38386410289158,-71.38386410289158
2651.420074362755,-71.38609395526505,-71.38609395526505
2651.430074362755,-71.38833600459134,-71.38833600459134
2651.440074362755,-71.390590208873,-71.390590208873
2651.450074362755,-71.392856526103,-71.392856526103
2651.4600743627548,-71.39513491425447,-71.39513491425447
2651.470074362755,-71.39742533131043,-71.39742533131043
2651.4800743627547,-71.39972773525194,-71.39972773525194
2651.490074362755,-71.40204208403966,-71.40204208403966
2651.5000743627547,-71.40436833564684,-71.40436833564684
2651.510074362755,-71.4067064480488,-71.4067064480488
2651.5200743627547,-71.40905637921388,-71.40905637921388
2651.530074362755,-71.4114180871185,-71.4114180871185
2651.5400743627547,-71.4137915297548,-71.4137915297548
2651.550074362755,-71.41617666510923,-71.41617666510923
2651.5600743627547,-71.41857345118542,-71.41857345118542
2651.570074362755,-71.42098184598453,-71.42098184598453
2651.5800743627547,-71.42340180754634,-71.42340180754634
2651.590074362755,-71.42583329390052,-71.42583329390052
2651.6000743627546,-71.42827626310188,-71.42827626310188
2651.610074362755,-71.43073067322322,-71.43073067322322
2651.6200743627546,-71.43319648235607,-71.43319648235607
2651.630074362755,-71.43567364860266,-71.43567364860266
2651.6400743627546,-71.43816213010493,-71.43816213010493
2651.650074362755,-71.4406618850003,-71.4406618850003
2651.660074362755,-71.44317287148029,-71.44317287148029
2651.670074362755,-71.44569504774155,-71.44569504774155
2651.680074362755,-71.44822837201427,-71.44822837201427
2651.690074362755,-71.4507728025582,-71.4507728025582
2651.700074362755,-71.45332829765653,-71.45332829765653
2651.7100743627548,-71.4558948156367,-71.4558948156367
2651.720074362755,-71.45847231483897,-71.45847231483897
2651.7300743627547,-71.461060753653,-71.461060753653
2651.740074362755,-71.46366009048474,-71.46366009048474
2651.7500743627547,-71.46627028379197,-71.46627028379197
2651.760074362755,-71.46889129207305,-71.46889129207305
2651.7700743627547,-71.47152307384547,-71.47152307384547
2651.780074362755,-71.47416558767937,-71.47416558767937
2651.7900743627547,-71.47681879217778,-71.47681879217778
2651.800074362755,-71.47948264598875,-71.47948264598875
2651.8100743627547,-71.48215710780174,-71.48215710780174
2651.820074362755,-71.48484213635479,-71.48484213635479
2651.8300743627547,-71.48753769041757,-71.48753769041757
2651.840074362755,-71.49024372880972,-71.49024372880972
2651.8500743627546,-71.49296021040993,-71.49296021040993
2651.860074362755,-71.49568709412907,-71.49568709412907
2651.8700743627546,-71.49842433892704,-71.49842433892704
2651.880074362755,-71.50117190382424,-71.50117190382424
2651.8900743627546,-71.50392974788063,-71.50392974788063
2651.900074362755,-71.50669783020747,-71.50669783020747
2651.910074362755,-71.50947610997092,-71.50947610997092
2651.920074362755,-71.51226454639603,-71.51226454639603
2651.930074362755,-71.51506309874885,-71.51506309874885
2651.940074362755,-71.5178717263623,-71.5178717263623
2651.950074362755,-71.52069038861241,-71.52069038861241
2651.9600743627548,-71.52351904493447,-71.52351904493447
2651.970074362755,-71.52635765483593,-71.52635765483593
2651.9800743627547,-71.52920617786044,-71.52920617786044
2651.990074362755,-71.53206457362661,-71.53206457362661
2652.0000743865967,-71.53493280863543,-71.53493280863543
2652.010074386597,-71.53781082900205,-71.53781082900205
2652.0200743865967,-71.54069860128324,-71.54069860128324
2652.030074386597,-71.54359608534931,-71.54359608534931
2652.0400743865966,-71.54650324111418,-71.54650324111418
2652.050074386597,-71.54942002855496,-71.54942002855496
2652.0600743865966,-71.55234640772322,-71.55234640772322
2652.070074386597,-71.55528233872423,-71.55528233872423
2652.0800743865966,-71.55822778172198,-71.55822778172198
2652.090074386597,-71.56118269695466,-71.56118269695466
2652.1000743865966,-71.5641470447331,-71.5641470447331
2652.110074386597,-71.56712078542182,-71.56712078542182
2652.1200743865966,-71.57010387946427,-71.57010387946427
2652.130074386597,-71.57309628736093,-71.57309628736093
2652.1400743865966,-71.57609796968508,-71.57609796968508
2652.1500743865968,-71.57910888708525,-71.57910888708525
2652.1600743865965,-71.5821290002705,-71.5821290002705
2652.1700743865968,-71.58515827002562,-71.58515827002562
2652.1800743865965,-71.58819665720169,-71.58819665720169
2652.1900743865967,-71.5912441227292,-71.5912441227292
2652.2000743865965,-71.59430062760732,-71.59430062760732
2652.2100743865967,-71.59736613289394,-71.59736613289394
2652.2200743865965,-71.60044059975262,-71.60044059975262
2652.2300743865967,-71.60352398938919,-71.60352398938919
2652.2400743865965,-71.60661626309422,-71.60661626309422
2652.2500743865967,-71.60971738223253,-71.60971738223253
2652.260074386597,-71.61282730824163,-71.61282730824163
2652.2700743865967,-71.61594600264294,-71.61594600264294
2652.280074386597,-71.6190734270231,-71.6190734270231
2652.2900743865966,-71.6222095430455,-71.6222095430455
2652.300074386597,-71.62535431245794,-71.62535431245794
2652.3100743865966,-71.6285076970827,-71.6285076970827
2652.320074386597,-71.63166965881243,-71.63166965881243
2652.3300743865966,-71.63484015962591,-71.63484015962591
2652.340074386597,-71.6380191615788,-71.6380191615788
2652.3500743865966,-71.64120662679657,-71.64120662679657
2652.360074386597,-71.64440251749417,-71.64440251749417
2652.3700743865966,-71.64760679596797,-71.64760679596797
2652.380074386597,-71.65081942458369,-71.65081942458369
2652.3900743865966,-71.6540403657924,-71.6540403657924
2652.4000743865968,-71.65726958211708,-71.65726958211708
2652.4100743865965,-71.6605070361806,-71.6605070361806
2652.4200743865968,-71.6637526906665,-71.6637526906665
2652.4300743865965,-71.66700650835135,-71.66700650835135
2652.4400743865967,-71.67026845208945,-71.67026845208945
2652.4500743865965,-71.6735384848232,-71.6735384848232
2652.4600743865967,-71.6768103217707,-71.6768103217707
2652.4700743865965,-71.68008119089156,-71.68008119089156
2652.4800743865967,-71.68334972384157,-71.68334972384157
2652.4900743865965,-71.68661520169402,-71.68661520169402
2652.5000743865967,-71.68987726722523,-71.68987726722523
2652.510074386597,-71.6931357756483,-71.6931357756483
2652.5200743865967,-71.69639070705232,-71.69639070705232
2652.530074386597,-71.6996421138682,-71.6996421138682
2652.5400743865966,-71.70289008928889,-71.70289008928889
2652.550074386597,-71.70613474829274,-71.70613474829274
2652.5600743865966,-71.7093762163642,-71.7093762163642
2652.570074386597,-71.71261462285266,-71.71261462285266
2652.5800743865966,-71.71585009716847,-71.71585009716847
2652.590074386597,-71.71908276668618,-71.71908276668618
2652.6000743865966,-71.72231275573759,-71.72231275573759
2652.610074386597,-71.72554018514623,-71.72554018514623
2652.6200743865966,-71.72876517218572,-71.72876517218572
2652.630074386597,-71.731987830712,-71.731987830712
2652.6400743865966,-71.73520827140649,-71.73520827140649
2652.6500743865968,-71.73842660202862,-71.73842660202862
2652.6600743865965,-71.74164292773345,-71.74164292773345
2652.6700743865968,-71.74485735130676,-71.74485735130676
2652.6800743865965,-71.74806997346748,-71.74806997346748
2652.6900743865967,-71.75128089303588,-71.75128089303588
2652.7000743865965,-71.75449020717194,-71.75449020717194
2652.7100743865967,-71.75769801151756,-71.75769801151756
2652.7200743865965,-71.76090440035702,-71.76090440035702
2652.7300743865967,-71.76410946671577,-71.76410946671577
2652.7400743865965,-71.76731330249889,-71.76731330249889
2652.7500743865967,-71.77051599853164,-71.77051599853164
2652.760074386597,-71.77371764466136,-71.77371764466136
2652.7700743865967,-71.77691832978111,-71.77691832978111
2652.780074386597,-71.78011814190599,-71.78011814190599
2652.7900743865966,-71.78331716819463,-71.78331716819463
2652.800074386597,-71.786515494965,-71.786515494965
2652.8100743865966,-71.78971320772263,-71.78971320772263
2652.820074386597,-71.79291039117405,-71.79291039117405
2652.8300743865966,-71.79610712925133,-71.79610712925133
2652.840074386597,-71.79930350509697,-71.79930350509697
2652.8500744104385,-71.80249960867458,-71.80249960867458
2652.8600744104388,-71.80569550636541,-71.80569550636541
2652.8700744104385,-71.80889128655654,-71.80889128655654
2652.8800744104387,-71.81208702926706,-71.81208702926706
2652.8900744104385,-71.81528281373525,-71.81528281373525
2652.9000744104387,-71.81847871839022,-71.81847871839022
2652.9100744104385,-71.82167482086417,-71.82167482086417
2652.9200744104387,-71.82487119798486,-71.82487119798486
2652.9300744104385,-71.82806792575504,-71.82806792575504
2652.9400744104387,-71.83126507936618,-71.83126507936618
2652.9500744104384,-71.83446273317628,-71.83446273317628
2652.9600744104387,-71.8376609607046,-71.8376609607046
2652.9700744104384,-71.84085983462865,-71.84085983462865
2652.9800744104386,-71.84405942677049,-71.84405942677049
2652.9900744104384,-71.84725980811106,-71.84725980811106
2653.0000744104386,-71.85046104874777,-71.85046104874777
2653.0100744104384,-71.85366321792436,-71.85366321792436
2653.0200744104386,-71.85686638400418,-71.85686638400418
2653.0300744104384,-71.86007061446993,-71.86007061446993
2653.0400744104386,-71.86327597593356,-71.86327597593356
2653.0500744104384,-71.86648253410668,-71.86648253410668
2653.0600744104386,-71.86969035381931,-71.86969035381931
2653.0700744104383,-71.8728994990101,-71.8728994990101
2653.0800744104386,-71.87611003271167,-71.87611003271167
2653.0900744104383,-71.87932201707157,-71.87932201707157
2653.1000744104385,-71.88253551333564,-71.88253551333564
2653.1100744104388,-71.88575058184871,-71.88575058184871
2653.1200744104385,-71.8889672820563,-71.8889672820563
2653.1300744104387,-71.89218567249848,-71.89218567249848
2653.1400744104385,-71.89540581081984,-71.89540581081984
2653.1500744104387,-71.89862775378009,-71.89862775378009
2653.1600744104385,-71.90185155722047,-71.90185155722047
2653.1700744104387,-71.90507727608986,-71.90507727608986
2653.1800744104385,-71.90830496446192,-71.90830496446192
2653.1900744104387,-71.91153467549306,-71.91153467549306
2653.2000744104384,-71.91476646146756,-71.91476646146756
2653.2100744104387,-71.91799410400672,-71.91799410400672
2653.2200744104384,-71.92121490797346,-71.92121490797346
2653.2300744104386,-71.92442758570857,-71.92442758570857
2653.2400744104384,-71.92763150033164,-71.92763150033164
2653.2500744104386,-71.9308263770853,-71.9308263770853
2653.2600744104384,-71.93401215350912,-71.93401215350912
2653.2700744104386,-71.93718889161539,-71.93718889161539
2653.2800744104384,-71.94035672520647,-71.94035672520647
2653.2900744104386,-71.94351582813029,-71.94351582813029
2653.3000744104384,-71.94666639528909,-71.94666639528909
2653.3100744104386,-71.94980863128045,-71.94980863128045
2653.3200744104383,-71.95294274377365,-71.95294274377365
2653.3300744104386,-71.9560689396606,-71.9560689396606
2653.3400744104383,-71.9591874229761,-71.9591874229761
2653.3500744104385,-71.96229839384215,-71.96229839384215
2653.3600744104388,-71.96540204805774,-71.96540204805774
2653.3700744104385,-71.96849857702684,-71.96849857702684
2653.3800744104387,-71.97158816789081,-71.97158816789081
2653.3900744104385,-71.97467100375599,-71.97467100375599
2653.4000744104387,-71.97774726401161,-71.97774726401161
2653.4100744104385,-71.98081712456992,-71.98081712456992
2653.4200744104387,-71.9838807581837,-71.9838807581837
2653.4300744104385,-71.9869383346834,-71.9869383346834
2653.4400744104387,-71.9899900212062,-71.9899900212062
2653.4500744104384,-71.99303598239656,-71.99303598239656
2653.4600744104387,-71.99607638057431,-71.99607638057431
2653.4700744104384,-71.99911137589754,-71.99911137589754
2653.4800744104386,-72.00214112647656,-72.00214112647656
2653.4900744104384,-72.00516578849326,-72.00516578849326
2653.5000744104386,-72.00818551627209,-72.00818551627209
2653.5100744104384,-72.0112004623606,-72.0112004623606
2653.5200744104386,-72.01421077760817,-72.01421077760817
2653.5300744104384,-72.01721661118927,-72.01721661118927
2653.5400744104386,-72.0202181106614,-72.0202181106614
2653.5500744104384,-72.0232154219972,-72.0232154219972
2653.5600744104386,-72.02620868960294,-72.02620868960294
2653.5700744104383,-72.02919805634318,-72.02919805634318
2653.5800744104386,-72.03218366355107,-72.03218366355107
2653.5900744104383,-72.03516565106942,-72.03516565106942
2653.6000744104385,-72.03814415721484,-72.03814415721484
2653.6100744104388,-72.04111931880925,-72.04111931880925
2653.6200744104385,-72.04409127119847,-72.04409127119847
2653.6300744104387,-72.04706014822847,-72.04706014822847
2653.6400744104385,-72.0500260822727,-72.0500260822727
2653.6500744104387,-72.05298920419902,-72.05298920419902
2653.6600744104385,-72.05594964341745,-72.05594964341745
2653.6700744104387,-72.05890752783485,-72.05890752783485
2653.6800744104385,-72.0618629838887,-72.0618629838887
2653.6900744104387,-72.06481613652231,-72.06481613652231
2653.7000744342804,-72.06776711623296,-72.06776711623296
2653.7100744342806,-72.07070974809866,-72.07070974809866
2653.7200744342804,-72.07364140838774,-72.07364140838774
2653.7300744342806,-72.07656087623505,-72.07656087623505
2653.7400744342804,-72.07946758241012,-72.07946758241012
2653.7500744342806,-72.08236132002027,-72.08236132002027
2653.7600744342803,-72.08524209435404,-72.08524209435404
2653.7700744342806,-72.08811003488294,-72.08811003488294
2653.7800744342803,-72.09096534240331,-72.09096534240331
2653.7900744342805,-72.09380825726429,-72.09380825726429
2653.8000744342803,-72.09663904029475,-72.09663904029475
2653.8100744342805,-72.09945796145496,-72.09945796145496
2653.8200744342803,-72.10226529313458,-72.10226529313458
2653.8300744342805,-72.10506130633871,-72.10506130633871
2653.8400744342803,-72.10784626858614,-72.10784626858614
2653.8500744342805,-72.11062044284245,-72.11062044284245
2653.8600744342802,-72.11338408710492,-72.11338408710492
2653.8700744342805,-72.11613745432913,-72.11613745432913
2653.8800744342802,-72.11888079257467,-72.11888079257467
2653.8900744342805,-72.12161434522551,-72.12161434522551
2653.90007443428,-72.12433835128503,-72.12433835128503
2653.9100744342804,-72.12705304564685,-72.12705304564685
2653.92007443428,-72.12975865940751,-72.12975865940751
2653.9300744342804,-72.13245542007644,-72.13245542007644
2653.94007443428,-72.13514355183588,-72.13514355183588
2653.9500744342804,-72.13782327573449,-72.13782327573449
2653.9600744342806,-72.14049480986102,-72.14049480986102
2653.9700744342804,-72.1431583694966,-72.1431583694966
2653.9800744342806,-72.14581416724076,-72.14581416724076
2653.9900744342804,-72.14846241312304,-72.14846241312304
2654.0000744342806,-72.1511033146867,-72.1511033146867
2654.0100744342803,-72.15373707707552,-72.15373707707552
2654.0200744342806,-72.15636390309102,-72.15636390309102
2654.0300744342803,-72.15898399325017,-72.15898399325017
2654.0400744342805,-72.16159754582097,-72.16159754582097
2654.0500744342803,-72.16420475686752,-72.16420475686752
2654.0600744342805,-72.16680582026754,-72.16680582026754
2654.0700744342803,-72.16940092774966,-72.16940092774966
2654.0800744342805,-72.17199026891709,-72.17199026891709
2654.0900744342803,-72.17457403124516,-72.17457403124516
2654.1000744342805,-72.17715240009936,-72.17715240009936
2654.1100744342802,-72.179725558765,-72.179725558765
2654.1200744342805,-72.18229368843008,-72.18229368843008
2654.1300744342802,-72.1848569682212,-72.1848569682212
2654.1400744342805,-72.18741557517362,-72.18741557517362
2654.15007443428,-72.18996968426784,-72.18996968426784
2654.1600744342804,-72.19251946842952,-72.19251946842952
2654.17007443428,-72.19506509851271,-72.19506509851271
2654.1800744342804,-72.19760674333571,-72.19760674333571
2654.19007443428,-72.20014456966516,-72.20014456966516
2654.2000744342804,-72.2026787422335,-72.2026787422335
2654.2100744342806,-72.20520942372188,-72.20520942372188
2654.2200744342804,-72.20773677478913,-72.20773677478913
2654.2300744342806,-72.21026095406152,-72.21026095406152
2654.2400744342804,-72.21278211814122,-72.21278211814122
2654.2500744342806,-72.21530042161571,-72.21530042161571
2654.2600744342803,-72.21781601708194,-72.21781601708194
2654.2700744342806,-72.22032905510403,-72.22032905510403
2654.2800744342803,-72.22283968426842,-72.22283968426842
2654.2900744342805,-72.22534805116787,-72.22534805116787
2654.3000744342803,-72.22785430042096,-72.22785430042096
2654.3100744342805,-72.23035857467107,-72.23035857467107
2654.3200744342803,-72.23286101460054,-72.23286101460054
2654.3300744342805,-72.23536175893815,-72.23536175893815
2654.3400744342803,-72.23786094446785,-72.23786094446785
2654.3500744342805,-72.24035870604433,-72.24035870604433
2654.3600744342802,-72.24285517660434,-72.24285517660434
2654.3700744342805,-72.24535048716984,-72.24535048716984
2654.3800744342802,-72.24784476686372,-72.24784476686372
2654.3900744342805,-72.25033814292688,-72.25033814292688
2654.40007443428,-72.25283074071402,-72.25283074071402
2654.4100744342804,-72.25532268373996,-72.25532268373996
2654.42007443428,-72.25781409365037,-72.25781409365037
2654.4300744342804,-72.26030509026293,-72.26030509026293
2654.44007443428,-72.26279579158027,-72.26279579158027
2654.4500744342804,-72.2652863137904,-72.2652863137904
2654.4600744342806,-72.26777047191317,-72.26777047191317
2654.4700744342804,-72.27024562049492,-72.27024562049492
2654.4800744342806,-72.27271052767927,-72.27271052767927
2654.4900744342804,-72.27516461484797,-72.27516461484797
2654.5000744342806,-72.27760766652759,-72.27760766652759
2654.5100744342803,-72.28003967979863,-72.28003967979863
2654.5200744342806,-72.28246077602932,-72.28246077602932
2654.5300744342803,-72.28487114789957,-72.28487114789957
2654.5400744342805,-72.28727102749815,-72.28727102749815
2654.5500744581223,-72.28966067293587,-72.28966067293587
2654.5600744581225,-72.29204033413173,-72.29204033413173
2654.5700744581222,-72.29441028038197,-72.29441028038197
2654.5800744581225,-72.29677077365852,-72.29677077365852
2654.590074458122,-72.29912207225752,-72.29912207225752
2654.6000744581224,-72.30146442972972,-72.30146442972972
2654.610074458122,-72.3037980944918,-72.3037980944918
2654.6200744581224,-72.3061233097531,-72.3061233097531
2654.630074458122,-72.30844031366632,-72.30844031366632
2654.6400744581224,-72.31074933958068,-72.31074933958068
2654.650074458122,-72.31305061634038,-72.31305061634038
2654.6600744581224,-72.31534436857059,-72.31534436857059
2654.670074458122,-72.31763081698583,-72.31763081698583
2654.6800744581224,-72.3199101786365,-72.3199101786365
2654.690074458122,-72.32218266716043,-72.32218266716043
2654.7000744581223,-72.32444849299421,-72.32444849299421
2654.710074458122,-72.3267078635574,-72.3267078635574
2654.7200744581223,-72.32896098340238,-72.32896098340238
2654.730074458122,-72.33120805436586,-72.33120805436586
2654.7400744581223,-72.33344927566715,-72.33344927566715
2654.750074458122,-72.33568484402942,-72.33568484402942
2654.7600744581223,-72.33791495374179,-72.33791495374179
2654.770074458122,-72.34013979675163,-72.34013979675163
2654.7800744581223,-72.3423595626942,-72.3423595626942
2654.790074458122,-72.34457443897244,-72.34457443897244
2654.8000744581223,-72.34678461077638,-72.34678461077638
2654.8100744581225,-72.34899026113128,-72.34899026113128
2654.8200744581222,-72.35119157092939,-72.35119157092939
2654.8300744581225,-72.35338871893876,-72.35338871893876
2654.840074458122,-72.35558188183659,-72.35558188183659
2654.8500744581224,-72.35777123421968,-72.35777123421968
2654.860074458122,-72.35995694863328,-72.35995694863328
2654.8700744581224,-72.36213919556192,-72.36213919556192
2654.880074458122,-72.36431814346177,-72.36431814346177
2654.8900744581224,-72.36649395875163,-72.36649395875163
2654.900074458122,-72.36866680584659,-72.36866680584659
2654.9100744581224,-72.37083684712984,-72.37083684712984
2654.920074458122,-72.37300424299193,-72.37300424299193
2654.9300744581224,-72.37516915183333,-72.37516915183333
2654.940074458122,-72.37733173004771,-72.37733173004771
2654.9500744581223,-72.37949213205924,-72.37949213205924
2654.960074458122,-72.3816505103094,-72.3816505103094
2654.9700744581223,-72.38380701527755,-72.38380701527755
2654.980074458122,-72.3859617954686,-72.3859617954686
2654.9900744581223,-72.38811499743865,-72.38811499743865
2655.000074458122,-72.39026676580147,-72.39026676580147
2655.0100744581223,-72.39241724322142,-72.39241724322142
2655.020074458122,-72.39456657043043,-72.39456657043043
2655.0300744581223,-72.39671488624685,-72.39671488624685
2655.040074458122,-72.39886232757341,-72.39886232757341
2655.0500744581223,-72.40100902939366,-72.40100902939366
2655.0600744581225,-72.40315512480483,-72.40315512480483
2655.0700744581222,-72.40530074502124,-72.40530074502124
2655.0800744581225,-72.40744601937007,-72.40744601937007
2655.090074458122,-72.40959107532335,-72.40959107532335
2655.1000744581224,-72.41173603850288,-72.41173603850288
2655.110074458122,-72.41388103267002,-72.41388103267002
2655.1200744581224,-72.4160261797612,-72.4160261797612
2655.130074458122,-72.41817159990285,-72.41817159990285
2655.1400744581224,-72.42031741140875,-72.42031741140875
2655.150074458122,-72.42246373080489,-72.42246373080489
2655.1600744581224,-72.4246106728134,-72.4246106728134
2655.170074458122,-72.42675835041611,-72.42675835041611
2655.1800744581224,-72.42890687481348,-72.42890687481348
2655.190074458122,-72.43105635548304,-72.43105635548304
2655.2000744581223,-72.43320690017366,-72.43320690017366
2655.210074458122,-72.43535861490989,-72.43535861490989
2655.2200744581223,-72.43751160402374,-72.43751160402374
2655.230074458122,-72.4396659701669,-72.4396659701669
2655.2400744581223,-72.44182181431422,-72.44182181431422
2655.250074458122,-72.443979235787,-72.443979235787
2655.2600744581223,-72.44613833226418,-72.44613833226418
2655.270074458122,-72.4482991998023,-72.4482991998023
2655.2800744581223,-72.45046193284314,-72.45046193284314
2655.290074458122,-72.45262662425108,-72.45262662425108
2655.3000744581223,-72.45479336528906,-72.45479336528906
2655.3100744581225,-72.4569622456682,-72.4569622456682
2655.3200744581222,-72.45913335354777,-72.45913335354777
2655.3300744581225,-72.46130677556019,-72.46130677556019
2655.340074458122,-72.46348259681749,-72.46348259681749
2655.3500744581224,-72.46566090092755,-72.46566090092755
2655.360074458122,-72.46784177001615,-72.46784177001615
2655.3700744581224,-72.47002528474825,-72.47002528474825
2655.380074458122,-72.47221152431568,-72.47221152431568
2655.3900744581224,-72.474400566491,-72.474400566491
2655.400074481964,-72.47659249283623,-72.47659249283623
2655.4100744819643,-72.47878736787797,-72.47878736787797
2655.420074481964,-72.48098527034746,-72.48098527034746
2655.4300744819643,-72.48318627242439,-72.48318627242439
2655.440074481964,-72.48539044492865,-72.48539044492865
2655.4500744819643,-72.48759785732953,-72.48759785732953
2655.460074481964,-72.48980857777883,-72.48980857777883
2655.4700744819643,-72.49202267310324,-72.49202267310324
2655.480074481964,-72.49424020884788,-72.49424020884788
2655.4900744819643,-72.49646124926268,-72.49646124926268
2655.500074481964,-72.49868585734785,-72.49868585734785
2655.5100744819642,-72.5009140948331,-72.5009140948331
2655.520074481964,-72.50314602224545,-72.50314602224545
2655.530074481964,-72.50538169886026,-72.50538169886026
2655.540074481964,-72.50762118277162,-72.50762118277162
2655.550074481964,-72.509864530868,-72.509864530868
2655.560074481964,-72.51211179887095,-72.51211179887095
2655.570074481964,-72.5143630413364,-72.5143630413364
2655.580074481964,-72.51661831168907,-72.51661831168907
2655.590074481964,-72.51887766222478,-72.51887766222478
2655.600074481964,-72.5211411441066,-72.5211411441066
2655.610074481964,-72.52340880740472,-72.52340880740472
2655.620074481964,-72.52568070111207,-72.52568070111207
2655.630074481964,-72.52795687313461,-72.52795687313461
2655.640074481964,-72.53023737032115,-72.53023737032115
2655.650074481964,-72.53252223849303,-72.53252223849303
2655.6600744819643,-72.53481152242713,-72.53481152242713
2655.670074481964,-72.53710526587925,-72.53710526587925
2655.6800744819643,-72.539403511605,-72.539403511605
2655.690074481964,-72.54170630138258,-72.54170630138258
2655.7000744819643,-72.54401367599993,-72.54401367599993
2655.710074481964,-72.54632567528435,-72.54632567528435
2655.7200744819643,-72.54864233811853,-72.54864233811853
2655.730074481964,-72.5509637024451,-72.5509637024451
2655.7400744819643,-72.55328980528019,-72.55328980528019
2655.750074481964,-72.55562068273011,-72.55562068273011
2655.7600744819642,-72.55795637000374,-72.55795637000374
2655.770074481964,-72.56029690142445,-72.56029690142445
2655.780074481964,-72.56264231043244,-72.56264231043244
2655.790074481964,-72.5649926296199,-72.5649926296199
2655.800074481964,-72.56734789072149,-72.56734789072149
2655.810074481964,-72.5697081246303,-72.5697081246303
2655.820074481964,-72.5720733614264,-72.5720733614264
2655.830074481964,-72.57444363035583,-72.57444363035583
2655.840074481964,-72.5768189598765,-72.5768189598765
2655.850074481964,-72.57919937766223,-72.57919937766223
2655.860074481964,-72.5815849105864,-72.5815849105864
2655.870074481964,-72.58397558476314,-72.58397558476314
2655.880074481964,-72.58637142555419,-72.58637142555419
2655.890074481964,-72.58877245756165,-72.58877245756165
2655.900074481964,-72.59117870466137,-72.59117870466137
2655.9100744819643,-72.593590190008,-72.593590190008
2655.920074481964,-72.59600693602495,-72.59600693602495
2655.9300744819643,-72.59842896444428,-72.59842896444428
2655.940074481964,-72.60085629630824,-72.60085629630824
2655.9500744819643,-72.60328895196379,-72.60328895196379
2655.960074481964,-72.6057269510852,-72.6057269510852
2655.9700744819643,-72.60817031268041,-72.60817031268041
2655.980074481964,-72.61061905512153,-72.61061905512153
2655.9900744819643,-72.61307319611241,-72.61307319611241
2656.000074481964,-72.61553275273079,-72.61553275273079
2656.0100744819642,-72.61799774143041,-72.61799774143041
2656.020074481964,-72.62046817805319,-72.62046817805319
2656.030074481964,-72.62294407782291,-72.62294407782291
2656.040074481964,-72.62542545537754,-72.62542545537754
2656.050074481964,-72.62791232475838,-72.62791232475838
2656.060074481964,-72.63040469942867,-72.63040469942867
2656.070074481964,-72.63290259227757,-72.63290259227757
2656.080074481964,-72.63540601563612,-72.63540601563612
2656.090074481964,-72.63791498127992,-72.63791498127992
2656.100074481964,-72.6404295004434,-72.6404295004434
2656.110074481964,-72.64294958380266,-72.64294958380266
2656.120074481964,-72.64547524152367,-72.64547524152367
2656.130074481964,-72.64800648325922,-72.64800648325922
2656.140074481964,-72.65054331813079,-72.65054331813079
2656.150074481964,-72.65308575475811,-72.65308575475811
2656.1600744819643,-72.65563380127261,-72.65563380127261
2656.170074481964,-72.65818746529739,-72.65818746529739
2656.1800744819643,-72.6607467539927,-72.6607467539927
2656.190074481964,-72.66331167403406,-72.66331167403406
2656.2000744819643,-72.66588223162965,-72.66588223162965
2656.210074481964,-72.66845843253572,-72.66845843253572
2656.2200744819643,-72.67104028204102,-72.67104028204102
2656.230074481964,-72.67362778500421,-72.67362778500421
2656.2400744819643,-72.67622094582951,-72.67622094582951
2656.250074505806,-72.67881977469168,-72.67881977469168
2656.260074505806,-72.68142426278656,-72.68142426278656
2656.270074505806,-72.68403441940843,-72.68403441940843
2656.280074505806,-72.68665024728466,-72.68665024728466
2656.290074505806,-72.68927174873944,-72.68927174873944
2656.300074505806,-72.69189892568316,-72.69189892568316
2656.310074505806,-72.6945317796497,-72.6945317796497
2656.320074505806,-72.69717031177473,-72.69717031177473
2656.330074505806,-72.69981452282173,-72.69981452282173
2656.340074505806,-72.70246441316924,-72.70246441316924
2656.350074505806,-72.7051199828395,-72.7051199828395
2656.360074505806,-72.70778123148621,-72.70778123148621
2656.370074505806,-72.71044815840946,-72.71044815840946
2656.380074505806,-72.71312076254667,-72.71312076254667
2656.390074505806,-72.71579904251207,-72.71579904251207
2656.400074505806,-72.71848299656676,-72.71848299656676
2656.410074505806,-72.72117262263451,-72.72117262263451
2656.420074505806,-72.72386791831805,-72.72386791831805
2656.430074505806,-72.72656888089895,-72.72656888089895
2656.440074505806,-72.72927550732746,-72.72927550732746
2656.450074505806,-72.73198779426468,-72.73198779426468
2656.460074505806,-72.73470573803752,-72.73470573803752
2656.4700745058058,-72.7374293346883,-72.7374293346883
2656.480074505806,-72.7401585799548,-72.7401585799548
2656.4900745058058,-72.74289346928596,-72.74289346928596
2656.500074505806,-72.74563399784864,-72.74563399784864
2656.510074505806,-72.74838016051308,-72.74838016051308
2656.520074505806,-72.75113195188314,-72.75113195188314
2656.530074505806,-72.75388936628205,-72.75388936628205
2656.540074505806,-72.75665239776771,-72.75665239776771
2656.550074505806,-72.75942104013208,-72.75942104013208
2656.560074505806,-72.7621952869089,-72.7621952869089
2656.570074505806,-72.76497513137664,-72.76497513137664
2656.580074505806,-72.7677605665645,-72.7677605665645
2656.590074505806,-72.77055158525293,-72.77055158525293
2656.600074505806,-72.77334817998022,-72.77334817998022
2656.610074505806,-72.7761503430452,-72.7761503430452
2656.620074505806,-72.7789580665176,-72.7789580665176
2656.630074505806,-72.78177134223209,-72.78177134223209
2656.640074505806,-72.78459016180098,-72.78459016180098
2656.650074505806,-72.78741451660711,-72.78741451660711
2656.660074505806,-72.79024439782513,-72.79024439782513
2656.670074505806,-72.79307979640488,-72.79307979640488
2656.680074505806,-72.79592070309546,-72.79592070309546
2656.690074505806,-72.79876710842903,-72.79876710842903
2656.700074505806,-72.80161900275051,-72.80161900275051
2656.710074505806,-72.80447637618528,-72.80447637618528
2656.7200745058058,-72.8073392186769,-72.8073392186769
2656.730074505806,-72.81020751996768,-72.81020751996768
2656.7400745058058,-72.81308126962185,-72.81308126962185
2656.750074505806,-72.81596045700333,-72.81596045700333
2656.760074505806,-72.81884507130471,-72.81884507130471
2656.770074505806,-72.82173510153908,-72.82173510153908
2656.780074505806,-72.82463053654304,-72.82463053654304
2656.790074505806,-72.82753136497419,-72.82753136497419
2656.800074505806,-72.8304375753338,-72.8304375753338
2656.810074505806,-72.83334915593906,-72.83334915593906
2656.820074505806,-72.8362660949569,-72.8362660949569
2656.830074505806,-72.83918838039742,-72.83918838039742
2656.840074505806,-72.84211600009948,-72.84211600009948
2656.850074505806,-72.84504894176523,-72.84504894176523
2656.860074505806,-72.84798719293133,-72.84798719293133
2656.870074505806,-72.85093074099144,-72.85093074099144
2656.880074505806,-72.85387957320117,-72.85387957320117
2656.890074505806,-72.85683367666537,-72.85683367666537
2656.900074505806,-72.85979303834281,-72.85979303834281
2656.910074505806,-72.86275764507734,-72.86275764507734
2656.920074505806,-72.8657274835566,-72.8657274835566
2656.930074505806,-72.86870254034588,-72.86870254034588
2656.940074505806,-72.8716828018767,-72.8716828018767
2656.950074505806,-72.87466825446366,-72.87466825446366
2656.960074505806,-72.87765888428929,-72.87765888428929
2656.9700745058058,-72.88065467741541,-72.88065467741541
2656.980074505806,-72.88365561978127,-72.88365561978127
2656.9900745058058,-72.88666169722447,-72.88666169722447
2657.000074505806,-72.88967289546008,-72.88967289546008
2657.010074505806,-72.89268920008071,-72.89268920008071
2657.020074505806,-72.89571059658702,-72.89571059658702
2657.030074505806,-72.898737070357,-72.898737070357
2657.040074505806,-72.90176860667366,-72.90176860667366
2657.050074505806,-72.90480519072007,-72.90480519072007
2657.060074505806,-72.9078468075639,-72.9078468075639
2657.070074505806,-72.91089344220039,-72.91089344220039
2657.080074505806,-72.91394507949958,-72.91394507949958
2657.090074505806,-72.91700170425081,-72.91700170425081
2657.100074529648,-72.92006330844882,-72.92006330844882
2657.110074529648,-72.92312986214392,-72.92312986214392
2657.120074529648,-72.92620135711434,-72.92620135711434
2657.130074529648,-72.92927777779647,-72.92927777779647
2657.140074529648,-72.93235910853727,-72.93235910853727
2657.150074529648,-72.93544533361234,-72.93544533361234
2657.1600745296478,-72.93853643721013,-72.93853643721013
2657.170074529648,-72.94163240343588,-72.94163240343588
2657.1800745296478,-72.9447332163354,-72.9447332163354
2657.190074529648,-72.94783885985818,-72.94783885985818
2657.2000745296477,-72.95094931788879,-72.95094931788879
2657.210074529648,-72.95406457424387,-72.95406457424387
2657.2200745296477,-72.95718461268524,-72.95718461268524
2657.230074529648,-72.9603094168766,-72.9603094168766
2657.2400745296477,-72.96343897043187,-72.96343897043187
2657.250074529648,-72.96657325690862,-72.96657325690862
2657.2600745296477,-72.96971225979071,-72.96971225979071
2657.270074529648,-72.97285596250066,-72.97285596250066
2657.2800745296477,-72.97600434841578,-72.97600434841578
2657.290074529648,-72.97915740084132,-72.97915740084132
2657.3000745296476,-72.98231510303005,-72.98231510303005
2657.310074529648,-72.98547743818472,-72.98547743818472
2657.3200745296476,-72.98864438945688,-72.98864438945688
2657.330074529648,-72.99181593993235,-72.99181593993235
2657.3400745296476,-72.9949920726651,-72.9949920726651
2657.350074529648,-72.99817277065046,-72.99817277065046
2657.360074529648,-73.0013580168374,-73.0013580168374
2657.370074529648,-73.00454779413313,-73.00454779413313
2657.380074529648,-73.00774208539713,-73.00774208539713
2657.390074529648,-73.0109408734549,-73.0109408734549
2657.400074529648,-73.01414414107427,-73.01414414107427
2657.4100745296478,-73.01735187099295,-73.01735187099295
2657.420074529648,-73.02056404591845,-73.02056404591845
2657.4300745296478,-73.02378064849557,-73.02378064849557
2657.440074529648,-73.02700166135449,-73.02700166135449
2657.4500745296477,-73.0302270670942,-73.0302270670942
2657.460074529648,-73.03345684826007,-73.03345684826007
2657.4700745296477,-73.03669098737966,-73.03669098737966
2657.480074529648,-73.03992946694078,-73.03992946694078
2657.4900745296477,-73.04317226941343,-73.04317226941343
2657.500074529648,-73.04641937722556,-73.04641937722556
2657.5100745296477,-73.04967077277948,-73.04967077277948
2657.520074529648,-73.05292643845583,-73.05292643845583
2657.5300745296477,-73.0561863566122,-73.0561863566122
2657.540074529648,-73.0594505095743,-73.0594505095743
2657.5500745296476,-73.06271887964799,-73.06271887964799
2657.560074529648,-73.06599144912295,-73.06599144912295
2657.5700745296476,-73.06926820025475,-73.06926820025475
2657.580074529648,-73.07254911528709,-73.07254911528709
2657.5900745296476,-73.07583417644862,-73.07583417644862
2657.600074529648,-73.07912336593557,-73.07912336593557
2657.610074529648,-73.08241666594635,-73.08241666594635
2657.620074529648,-73.0857140586492,-73.0857140586492
2657.630074529648,-73.08901552620178,-73.08901552620178
2657.640074529648,-73.09232105074695,-73.09232105074695
2657.650074529648,-73.09563061441028,-73.09563061441028
2657.6600745296478,-73.09894419931702,-73.09894419931702
2657.670074529648,-73.10226178757216,-73.10226178757216
2657.6800745296478,-73.10558336127342,-73.10558336127342
2657.690074529648,-73.10890890250447,-73.10890890250447
2657.7000745296477,-73.11223839334826,-73.11223839334826
2657.710074529648,-73.11556543649769,-73.11556543649769
2657.7200745296477,-73.11888721702805,-73.11888721702805
2657.730074529648,-73.12220235221858,-73.12220235221858
2657.7400745296477,-73.12551012236217,-73.12551012236217
2657.750074529648,-73.12881017717632,-73.12881017717632
2657.7600745296477,-73.13210238347163,-73.13210238347163
2657.770074529648,-73.13538673577253,-73.13538673577253
2657.7800745296477,-73.13866330271159,-73.13866330271159
2657.790074529648,-73.14193219477262,-73.14193219477262
2657.8000745296476,-73.14519354492143,-73.14519354492143
2657.810074529648,-73.14844749704733,-73.14844749704733
2657.8200745296476,-73.15169419919911,-73.15169419919911
2657.830074529648,-73.15493379966018,-73.15493379966018
2657.8400745296476,-73.15816644481862,-73.15816644481862
2657.850074529648,-73.1613922780632,-73.1613922780632
2657.860074529648,-73.16461143937111,-73.16461143937111
2657.870074529648,-73.16782406517305,-73.16782406517305
2657.880074529648,-73.17103028852083,-73.17103028852083
2657.890074529648,-73.1742302393037,-73.1742302393037
2657.900074529648,-73.17742404450381,-73.17742404450381
2657.9100745296478,-73.1806118284953,-73.1806118284953
2657.920074529648,-73.18379371330441,-73.18379371330441
2657.9300745296478,-73.18696981886492,-73.18696981886492
2657.940074529648,-73.19014026322218,-73.19014026322218
2657.9500745534897,-73.19330517027484,-73.19330517027484
2657.96007455349,-73.19646463978094,-73.19646463978094
2657.9700745534897,-73.19961879274065,-73.19961879274065
2657.98007455349,-73.20276774134747,-73.20276774134747
2657.9900745534896,-73.20591159663019,-73.20591159663019
2658.00007455349,-73.20905046852604,-73.20905046852604
2658.0100745534896,-73.21218446595697,-73.21218446595697
2658.02007455349,-73.21531369687467,-73.21531369687467
2658.0300745534896,-73.21843826829443,-73.21843826829443
2658.04007455349,-73.22155828634932,-73.22155828634932
2658.0500745534896,-73.22467385629538,-73.22467385629538
2658.06007455349,-73.22778508251884,-73.22778508251884
2658.0700745534896,-73.23089206858228,-73.23089206858228
2658.08007455349,-73.23399491720572,-73.23399491720572
2658.0900745534896,-73.23709373027914,-73.23709373027914
2658.10007455349,-73.24018860886518,-73.24018860886518
2658.1100745534895,-73.24327965317761,-73.24327965317761
2658.1200745534898,-73.24636696261241,-73.24636696261241
2658.1300745534895,-73.24945063572137,-73.24945063572137
2658.1400745534897,-73.25253077019545,-73.25253077019545
2658.1500745534895,-73.25560746287412,-73.25560746287412
2658.1600745534897,-73.25868080974814,-73.25868080974814
2658.1700745534895,-73.26175090592133,-73.26175090592133
2658.1800745534897,-73.26481784562179,-73.26481784562179
2658.1900745534895,-73.26788172219572,-73.26788172219572
2658.2000745534897,-73.27094262808218,-73.27094262808218
2658.21007455349,-73.27400065481955,-73.27400065481955
2658.2200745534897,-73.27705589304021,-73.27705589304021
2658.23007455349,-73.28010843244495,-73.28010843244495
2658.2400745534896,-73.28315836181979,-73.28315836181979
2658.25007455349,-73.2862057689939,-73.2862057689939
2658.2600745534896,-73.28925074088363,-73.28925074088363
2658.27007455349,-73.29229336343488,-73.29229336343488
2658.2800745534896,-73.29533372165602,-73.29533372165602
2658.29007455349,-73.29837189958444,-73.29837189958444
2658.3000745534896,-73.30140798030851,-73.30140798030851
2658.31007455349,-73.30444204594443,-73.30444204594443
2658.3200745534896,-73.30747417763921,-73.30747417763921
2658.33007455349,-73.31050445556451,-73.31050445556451
2658.3400745534896,-73.31353295892572,-73.31353295892572
2658.35007455349,-73.31655976594891,-73.31655976594891
2658.3600745534895,-73.31958495388328,-73.31958495388328
2658.3700745534898,-73.32260859899802,-73.32260859899802
2658.3800745534895,-73.32563077658108,-73.32563077658108
2658.3900745534897,-73.32865156094483,-73.32865156094483
2658.4000745534895,-73.33167102543207,-73.33167102543207
2658.4100745534897,-73.33468924239585,-73.33468924239585
2658.4200745534895,-73.33770628322269,-73.33770628322269
2658.4300745534897,-73.34072221831846,-73.34072221831846
2658.4400745534895,-73.34373711712516,-73.34373711712516
2658.4500745534897,-73.3467510481095,-73.3467510481095
2658.46007455349,-73.34976407878037,-73.34976407878037
2658.4700745534897,-73.35277627567976,-73.35277627567976
2658.48007455349,-73.35578770438707,-73.35578770438707
2658.4900745534896,-73.35879842953479,-73.35879842953479
2658.50007455349,-73.36180851480151,-73.36180851480151
2658.5100745534896,-73.36481802292798,-73.36481802292798
2658.52007455349,-73.36782701570078,-73.36782701570078
2658.5300745534896,-73.37083555397629,-73.37083555397629
2658.54007455349,-73.37384369768259,-73.37384369768259
2658.5500745534896,-73.37685150583428,-73.37685150583428
2658.56007455349,-73.37985903649785,-73.37985903649785
2658.5700745534896,-73.38286634685132,-73.38286634685132
2658.58007455349,-73.38587349315952,-73.38587349315952
2658.5900745534896,-73.38888053079273,-73.38888053079273
2658.60007455349,-73.39188751421239,-73.39188751421239
2658.6100745534895,-73.39489449701311,-73.39489449701311
2658.6200745534898,-73.39790153189308,-73.39790153189308
2658.6300745534895,-73.40090867068045,-73.40090867068045
2658.6400745534897,-73.40391596434993,-73.40391596434993
2658.6500745534895,-73.40692346299842,-73.40692346299842
2658.6600745534897,-73.40993121589185,-73.40993121589185
2658.6700745534895,-73.41293927144365,-73.41293927144365
2658.6800745534897,-73.41594767722711,-73.41594767722711
2658.6900745534895,-73.41895647999671,-73.41895647999671
2658.7000745534897,-73.42196572567248,-73.42196572567248
2658.71007455349,-73.4249690529381,-73.4249690529381
2658.7200745534897,-73.42796369710804,-73.42796369710804
2658.73007455349,-73.43094833098708,-73.43094833098708
2658.7400745534896,-73.43392229238938,-73.43392229238938
2658.75007455349,-73.4368852893765,-73.4368852893765
2658.7600745534896,-73.43983724723692,-73.43983724723692
2658.77007455349,-73.44277821881427,-73.44277821881427
2658.7800745534896,-73.4457083306637,-73.4457083306637
2658.79007455349,-73.4486277506462,-73.4486277506462
2658.8000745773315,-73.45153667544253,-73.45153667544253
2658.8100745773318,-73.45443529121812,-73.45443529121812
2658.8200745773315,-73.45732380845087,-73.45732380845087
2658.8300745773317,-73.46020243023112,-73.46020243023112
2658.8400745773315,-73.46307135707231,-73.46307135707231
2658.8500745773317,-73.46593078581792,-73.46593078581792
2658.8600745773315,-73.46878090919179,-73.46878090919179
2658.8700745773317,-73.47162191572788,-73.47162191572788
2658.8800745773315,-73.47445398989272,-73.47445398989272
2658.8900745773317,-73.47727731232551,-73.47727731232551
2658.9000745773315,-73.48009206011034,-73.48009206011034
2658.9100745773317,-73.4828984070638,-73.4828984070638
2658.9200745773314,-73.48569652400948,-73.48569652400948
2658.9300745773317,-73.48848657902842,-73.48848657902842
2658.9400745773314,-73.49126873768775,-73.49126873768775
2658.9500745773316,-73.49404316323813,-73.49404316323813
2658.9600745773314,-73.49680360460299,-73.49680360460299
2658.9700745773316,-73.49954740977178,-73.49954740977178
2658.9800745773314,-73.50227336455713,-73.50227336455713
2658.9900745773316,-73.50498091948441,-73.50498091948441
2659.0000745773314,-73.50766989480134,-73.50766989480134
2659.0100745773316,-73.51034032737341,-73.51034032737341
2659.0200745773313,-73.51299238099845,-73.51299238099845
2659.0300745773316,-73.51562629249838,-73.51562629249838
2659.0400745773313,-73.51824233935582,-73.51824233935582
2659.0500745773315,-73.52084082027534,-73.52084082027534
2659.0600745773318,-73.52342204361157,-73.52342204361157
2659.0700745773315,-73.5259863205397,-73.5259863205397
2659.0800745773317,-73.52853396113137,-73.52853396113137
2659.0900745773315,-73.53106527223017,-73.53106527223017
2659.1000745773317,-73.53358055635408,-73.53358055635408
2659.1100745773315,-73.53608011121293,-73.53608011121293
2659.1200745773317,-73.53856422967337,-73.53856422967337
2659.1300745773315,-73.54103319984378,-73.54103319984378
2659.1400745773317,-73.543487305303,-73.543487305303
2659.1500745773315,-73.54592682537742,-73.54592682537742
2659.1600745773317,-73.54835203540289,-73.54835203540289
2659.1700745773314,-73.55076320699303,-73.55076320699303
2659.1800745773317,-73.55316060829995,-73.55316060829995
2659.1900745773314,-73.55554450419044,-73.55554450419044
2659.2000745773316,-73.55791515646132,-73.55791515646132
2659.2100745773314,-73.5602728240024,-73.5602728240024
2659.2200745773316,-73.56261776291441,-73.56261776291441
2659.2300745773314,-73.5649502266248,-73.5649502266248
2659.2400745773316,-73.56727046599634,-73.56727046599634
2659.2500745773314,-73.56957872939714,-73.56957872939714
2659.2600745773316,-73.57187526276226,-73.57187526276226
2659.2700745773313,-73.5741603096266,-73.5741603096266
2659.2800745773316,-73.57643411118353,-73.57643411118353
2659.2900745773313,-73.57869690632693,-73.57869690632693
2659.3000745773315,-73.58094893165148,-73.58094893165148
2659.3100745773318,-73.58319042147889,-73.58319042147889
2659.3200745773315,-73.58542160786253,-73.58542160786253
2659.3300745773317,-73.58764272060367,-73.58764272060367
2659.3400745773315,-73.58985398725875,-73.58985398725875
2659.3500745773317,-73.59205563314414,-73.59205563314414
2659.3600745773315,-73.5942478813145,-73.5942478813145
2659.3700745773317,-73.59643095259729,-73.59643095259729
2659.3800745773315,-73.59860506556487,-73.59860506556487
2659.3900745773317,-73.60077043653891,-73.60077043653891
2659.4000745773315,-73.60292727958807,-73.60292727958807
2659.4100745773317,-73.60507580653815,-73.60507580653815
2659.4200745773314,-73.60721622693907,-73.60721622693907
2659.4300745773317,-73.60934874809125,-73.60934874809125
2659.4400745773314,-73.6114735750277,-73.6114735750277
2659.4500745773316,-73.61359091052621,-73.61359091052621
2659.4600745773314,-73.61570095508347,-73.61570095508347
2659.4700745773316,-73.61780390693806,-73.61780390693806
2659.4800745773314,-73.61989996206688,-73.61989996206688
2659.4900745773316,-73.62198931417406,-73.62198931417406
2659.5000745773314,-73.62407215470361,-73.62407215470361
2659.5100745773316,-73.6261486728329,-73.6261486728329
2659.5200745773313,-73.62821905547564,-73.62821905547564
2659.5300745773316,-73.63028348730462,-73.63028348730462
2659.5400745773313,-73.63234215072089,-73.63234215072089
2659.5500745773315,-73.63439522589465,-73.63439522589465
2659.5600745773318,-73.63644289075059,-73.63644289075059
2659.5700745773315,-73.63848532097269,-73.63848532097269
2659.5800745773317,-73.64052269002671,-73.64052269002671
2659.5900745773315,-73.64255516916418,-73.64255516916418
2659.6000745773317,-73.64458292740437,-73.64458292740437
2659.6100745773315,-73.64660613159175,-73.64660613159175
2659.6200745773317,-73.64862494635652,-73.64862494635652
2659.6300745773315,-73.65063953416298,-73.65063953416298
2659.6400745773317,-73.65265005529777,-73.65265005529777
2659.6500746011734,-73.65465667266969,-73.65465667266969
2659.6600746011736,-73.656659532702,-73.656659532702
2659.6700746011734,-73.65865879402793,-73.65865879402793
2659.6800746011736,-73.66065460837794,-73.66065460837794
2659.6900746011734,-73.66264712537468,-73.66264712537468
2659.7000746011736,-73.66463649254803,-73.66463649254803
2659.7100746011733,-73.6666228553543,-73.6666228553543
2659.7200746011736,-73.66860635716657,-73.66860635716657
2659.7300746011733,-73.67058713933757,-73.67058713933757
2659.7400746011735,-73.67256534115673,-73.67256534115673
2659.7500746011733,-73.67454109991598,-73.67454109991598
2659.7600746011735,-73.67651455089616,-73.67651455089616
2659.7700746011733,-73.67848582739755,-73.67848582739755
2659.7800746011735,-73.68045506074459,-73.68045506074459
2659.7900746011733,-73.68242238031519,-73.68242238031519
2659.8000746011735,-73.6843879135503,-73.6843879135503
2659.8100746011733,-73.68635178597303,-73.68635178597303
2659.8200746011735,-73.68831412120184,-73.68831412120184
2659.8300746011732,-73.69027504097411,-73.69027504097411
2659.8400746011735,-73.6922346651629,-73.6922346651629
2659.850074601173,-73.6941931117924,-73.6941931117924
2659.8600746011734,-73.69615049705567,-73.69615049705567
2659.870074601173,-73.69810693533697,-73.69810693533697
2659.8800746011734,-73.70006253922102,-73.70006253922102
2659.890074601173,-73.70201741952172,-73.70201741952172
2659.9000746011734,-73.70397168529176,-73.70397168529176
2659.9100746011736,-73.70592544385258,-73.70592544385258
2659.9200746011734,-73.7078788007891,-73.7078788007891
2659.9300746011736,-73.70983185999368,-73.70983185999368
2659.9400746011734,-73.71178472367868,-73.71178472367868
2659.9500746011736,-73.7137374923782,-73.7137374923782
2659.9600746011733,-73.71569026499668,-73.71569026499668
2659.9700746011736,-73.71764313878732,-73.71764313878732
2659.9800746011733,-73.71959620940412,-73.71959620940412
2659.9900746011735,-73.72154957090272,-73.72154957090272
2660.0000746011733,-73.72350331577569,-73.72350331577569
2660.0100746011735,-73.72545753494522,-73.72545753494522
2660.0200746011733,-73.72741231780587,-73.72741231780587
2660.0300746011735,-73.72936775222394,-73.72936775222394
2660.0400746011733,-73.73132392456459,-73.73132392456459
2660.0500746011735,-73.7332809197117,-73.7332809197117
2660.0600746011733,-73.73523882108275,-73.73523882108275
2660.0700746011735,-73.73719771064417,-73.73719771064417
2660.0800746011732,-73.7391576689319,-73.7391576689319
2660.0900746011735,-73.7411187750609,-73.7411187750609
2660.100074601173,-73.74308110676017,-73.74308110676017
2660.1100746011734,-73.74504474036199,-73.74504474036199
2660.120074601173,-73.74700975086625,-73.74700975086625
2660.1300746011734,-73.74897621190651,-73.74897621190651
2660.140074601173,-73.75094419578623,-73.75094419578623
2660.1500746011734,-73.75291377350285,-73.75291377350285
2660.1600746011736,-73.7548850147699,-73.7548850147699
2660.1700746011734,-73.75685798801273,-73.75685798801273
2660.1800746011736,-73.75883276038995,-73.75883276038995
2660.1900746011734,-73.76080939781828,-73.76080939781828
2660.2000746011736,-73.76278796500152,-73.76278796500152
2660.2100746011733,-73.76476209140377,-73.76476209140377
2660.2200746011736,-73.76672901994932,-73.76672901994932
2660.2300746011733,-73.76868743741069,-73.76868743741069
2660.2400746011735,-73.77063669828243,-73.77063669828243
2660.2500746011733,-73.77257652866273,-73.77257652866273
2660.2600746011735,-73.77450687245019,-73.77450687245019
2660.2700746011733,-73.77642780127515,-73.77642780127515
2660.2800746011735,-73.77833946035553,-73.77833946035553
2660.2900746011733,-73.7802420359481,-73.7802420359481
2660.3000746011735,-73.78213573584269,-73.78213573584269
2660.3100746011733,-73.78402077770758,-73.78402077770758
2660.3200746011735,-73.78589738226536,-73.78589738226536
2660.3300746011732,-73.78776576935344,-73.78776576935344
2660.3400746011735,-73.78962615578303,-73.78962615578303
2660.350074601173,-73.79147875427525,-73.79147875427525
2660.3600746011734,-73.79332377298391,-73.79332377298391
2660.370074601173,-73.79516141547396,-73.79516141547396
2660.3800746011734,-73.79699188084322,-73.79699188084322
2660.390074601173,-73.79881536396545,-73.79881536396545
2660.4000746011734,-73.80063205577174,-73.80063205577174
2660.4100746011736,-73.8024421435666,-73.8024421435666
2660.4200746011734,-73.8042458113095,-73.8042458113095
2660.4300746011736,-73.80604323986746,-73.80604323986746
2660.4400746011734,-73.80783460726234,-73.80783460726234
2660.4500746011736,-73.80962008885923,-73.80962008885923
2660.4600746011733,-73.81139985759069,-73.81139985759069
2660.4700746011736,-73.8131740840583,-73.8131740840583
2660.4800746011733,-73.81494293670659,-73.81494293670659
2660.4900746011735,-73.81670658190473,-73.81670658190473
2660.5000746250153,-73.8184651882476,-73.8184651882476
2660.5100746250155,-73.82021890985952,-73.82021890985952
2660.5200746250152,-73.82196791163345,-73.82196791163345
2660.5300746250155,-73.82371235248185,-73.82371235248185
2660.540074625015,-73.8254523895952,-73.8254523895952
2660.5500746250154,-73.82718817846386,-73.82718817846386
2660.560074625015,-73.82891987291735,-73.82891987291735
2660.5700746250154,-73.83064762514974,-73.83064762514974
2660.580074625015,-73.83237158572588,-73.83237158572588
2660.5900746250154,-73.83409190360905,-73.83409190360905
2660.600074625015,-73.8358087261672,-73.8358087261672
2660.6100746250154,-73.83752219917663,-73.83752219917663
2660.620074625015,-73.83923246683987,-73.83923246683987
2660.6300746250154,-73.84093967177657,-73.84093967177657
2660.640074625015,-73.84264395504832,-73.84264395504832
2660.6500746250153,-73.84434545613232,-73.84434545613232
2660.660074625015,-73.84604431295057,-73.84604431295057
2660.6700746250153,-73.84774066185504,-73.84774066185504
2660.680074625015,-73.84943463763693,-73.84943463763693
2660.6900746250153,-73.85112637351938,-73.85112637351938
2660.700074625015,-73.85281600117108,-73.85281600117108
2660.7100746250153,-73.85450365070737,-73.85450365070737
2660.720074625015,-73.85618945066304,-73.85618945066304
2660.7300746250153,-73.85787352802362,-73.85787352802362
2660.740074625015,-73.85955600822626,-73.85955600822626
2660.7500746250153,-73.86123701514846,-73.86123701514846
2660.7600746250155,-73.86291667110537,-73.86291667110537
2660.7700746250152,-73.8645950968794,-73.8645950968794
2660.7800746250155,-73.86627241168352,-73.86627241168352
2660.790074625015,-73.86794873320686,-73.86794873320686
2660.8000746250154,-73.86962417758845,-73.86962417758845
2660.810074625015,-73.87129885943645,-73.87129885943645
2660.8200746250154,-73.87297289182297,-73.87297289182297
2660.830074625015,-73.87464638629713,-73.87464638629713
2660.8400746250154,-73.87631945289576,-73.87631945289576
2660.850074625015,-73.8779922001257,-73.8779922001257
2660.8600746250154,-73.8796647349828,-73.8796647349828
2660.870074625015,-73.8813371629833,-73.8813371629833
2660.8800746250154,-73.88300958812596,-73.88300958812596
2660.890074625015,-73.88468211294077,-73.88468211294077
2660.9000746250153,-73.88635483845553,-73.88635483845553
2660.910074625015,-73.88802786425738,-73.88802786425738
2660.9200746250153,-73.88970128844527,-73.88970128844527
2660.930074625015,-73.8913752076748,-73.8913752076748
2660.9400746250153,-73.89304971714805,-73.89304971714805
2660.950074625015,-73.89472491064724,-73.89472491064724
2660.9600746250153,-73.89640088051435,-73.89640088051435
2660.970074625015,-73.898077717676,-73.898077717676
2660.9800746250153,-73.89975551166,-73.89975551166
2660.990074625015,-73.90143435059949,-73.90143435059949
2661.0000746250153,-73.90311432123801,-73.90311432123801
2661.0100746250155,-73.90479550894418,-73.90479550894418
2661.0200746250152,-73.90647799772793,-73.90647799772793
2661.0300746250155,-73.90816187023921,-73.90816187023921
2661.040074625015,-73.90984720778854,-73.90984720778854
2661.0500746250154,-73.91153409036903,-73.91153409036903
2661.060074625015,-73.9132225966472,-73.9132225966472
2661.0700746250154,-73.91491280398445,-73.91491280398445
2661.080074625015,-73.91660478844226,-73.91660478844226
2661.0900746250154,-73.9182986248119,-73.9182986248119
2661.100074625015,-73.91999438660848,-73.91999438660848
2661.1100746250154,-73.92169214609086,-73.92169214609086
2661.120074625015,-73.92339197426995,-73.92339197426995
2661.1300746250154,-73.92509394092359,-73.92509394092359
2661.140074625015,-73.92679811460674,-73.92679811460674
2661.1500746250153,-73.92850456267817,-73.92850456267817
2661.160074625015,-73.93021335129447,-73.93021335129447
2661.1700746250153,-73.93192454540892,-73.93192454540892
2661.180074625015,-73.93363820883559,-73.93363820883559
2661.1900746250153,-73.9353544042106,-73.9353544042106
2661.200074625015,-73.9370731930307,-73.9370731930307
2661.2100746250153,-73.9387881866727,-73.9387881866727
2661.220074625015,-73.9404966188327,-73.9404966188327
2661.2300746250153,-73.94219717060878,-73.94219717060878
2661.240074625015,-73.94388919251826,-73.94388919251826
2661.2500746250153,-73.94557240761301,-73.94557240761301
2661.2600746250155,-73.94724675735618,-73.94724675735618
2661.2700746250152,-73.94891231126374,-73.94891231126374
2661.2800746250155,-73.95056921265753,-73.95056921265753
2661.290074625015,-73.95221764602341,-73.95221764602341
2661.3000746250154,-73.95385781745145,-73.95385781745145
2661.310074625015,-73.95548994295369,-73.95548994295369
2661.3200746250154,-73.95711424161117,-73.95711424161117
2661.330074625015,-73.95873093163677,-73.95873093163677
2661.3400746250154,-73.96034022823581,-73.96034022823581
2661.350074648857,-73.96194234631459,-73.96194234631459
2661.3600746488573,-73.96353748477529,-73.96353748477529
2661.370074648857,-73.96512584941361,-73.96512584941361
2661.3800746488573,-73.96670763770634,-73.96670763770634
2661.390074648857,-73.96828304293345,-73.96828304293345
2661.4000746488573,-73.96985225442518,-73.96985225442518
2661.410074648857,-73.97141545789293,-73.97141545789293
2661.4200746488573,-73.97297283570015,-73.97297283570015
2661.430074648857,-73.97452456714359,-73.97452456714359
2661.4400746488573,-73.97607082866274,-73.97607082866274
2661.450074648857,-73.97761179407475,-73.97761179407475
2661.4600746488572,-73.97914763471839,-73.97914763471839
2661.470074648857,-73.98067851966286,-73.98067851966286
2661.480074648857,-73.98220461580358,-73.98220461580358
2661.490074648857,-73.9837260879736,-73.9837260879736
2661.500074648857,-73.98524309905457,-73.98524309905457
2661.510074648857,-73.98675581002854,-73.98675581002854
2661.520074648857,-73.98826438007116,-73.98826438007116
2661.530074648857,-73.98976896659262,-73.98976896659262
2661.540074648857,-73.99126972527237,-73.99126972527237
2661.550074648857,-73.9927668101221,-73.9927668101221
2661.560074648857,-73.99426037348114,-73.99426037348114
2661.570074648857,-73.9957505660512,-73.9957505660512
2661.580074648857,-73.99723753693142,-73.99723753693142
2661.590074648857,-73.99872143361783,-73.99872143361783
2661.600074648857,-74.00020240199808,-74.00020240199808
2661.6100746488573,-74.00168058640291,-74.00168058640291
2661.620074648857,-74.00315612957822,-74.00315612957822
2661.6300746488573,-74.00462917268477,-74.00462917268477
2661.640074648857,-74.00609985535004,-74.00609985535004
2661.6500746488573,-74.0075683156018,-74.0075683156018
2661.660074648857,-74.00903468992888,-74.00903468992888
2661.6700746488573,-74.01049911324375,-74.01049911324375
2661.680074648857,-74.01196171891273,-74.01196171891273
2661.6900746488573,-74.01342263873413,-74.01342263873413
2661.700074648857,-74.01488200295611,-74.01488200295611
2661.7100746488572,-74.0163399402477,-74.0163399402477
2661.720074648857,-74.01779657773928,-74.01779657773928
2661.730074648857,-74.0192520410064,-74.0192520410064
2661.740074648857,-74.02070645406616,-74.02070645406616
2661.750074648857,-74.02215993936768,-74.02215993936768
2661.760074648857,-74.02361261783723,-74.02361261783723
2661.770074648857,-74.02506460882499,-74.02506460882499
2661.780074648857,-74.02651603015553,-74.02651603015553
2661.790074648857,-74.02796699810209,-74.02796699810209
2661.800074648857,-74.02941762740701,-74.02941762740701
2661.810074648857,-74.03086803126389,-74.03086803126389
2661.820074648857,-74.03231832134877,-74.03231832134877
2661.830074648857,-74.03376860780843,-74.03376860780843
2661.840074648857,-74.0352189992691,-74.0352189992691
2661.850074648857,-74.03666960284434,-74.03666960284434
2661.8600746488573,-74.03812052414015,-74.03812052414015
2661.870074648857,-74.0395718672605,-74.0395718672605
2661.8800746488573,-74.04102373481862,-74.04102373481862
2661.890074648857,-74.04247622793409,-74.04247622793409
2661.9000746488573,-74.04392944625495,-74.04392944625495
2661.910074648857,-74.04538348795914,-74.04538348795914
2661.9200746488573,-74.04683844975901,-74.04683844975901
2661.930074648857,-74.04829442691164,-74.04829442691164
2661.9400746488573,-74.04975151323362,-74.04975151323362
2661.950074648857,-74.05120980109278,-74.05120980109278
2661.9600746488572,-74.05266292295639,-74.05266292295639
2661.970074648857,-74.05410813906207,-74.05410813906207
2661.980074648857,-74.05554415902868,-74.05554415902868
2661.990074648857,-74.05697036265109,-74.05697036265109
2662.000074648857,-74.05838650251862,-74.05838650251862
2662.010074648857,-74.05979254966991,-74.05979254966991
2662.020074648857,-74.06118860307822,-74.06118860307822
2662.030074648857,-74.06257483531051,-74.06257483531051
2662.040074648857,-74.0639514598451,-74.0639514598451
2662.050074648857,-74.06531871146503,-74.06531871146503
2662.060074648857,-74.06667683456014,-74.06667683456014
2662.070074648857,-74.06802607626913,-74.06802607626913
2662.080074648857,-74.06936668253975,-74.06936668253975
2662.090074648857,-74.07069889594987,-74.07069889594987
2662.100074648857,-74.07202295465396,-74.07202295465396
2662.1100746488573,-74.07333909193349,-74.07333909193349
2662.120074648857,-74.07464753612638,-74.07464753612638
2662.1300746488573,-74.07594851078026,-74.07594851078026
2662.140074648857,-74.07724223488962,-74.07724223488962
2662.1500746488573,-74.07852892319619,-74.07852892319619
2662.160074648857,-74.07980878648803,-74.07980878648803
2662.1700746488573,-74.08108203188351,-74.08108203188351
2662.180074648857,-74.08234886310409,-74.08234886310409
2662.1900746488573,-74.08360948070883,-74.08360948070883
2662.200074672699,-74.08486408529178,-74.08486408529178
2662.210074672699,-74.08611286569706,-74.08611286569706
2662.220074672699,-74.08735601717224,-74.08735601717224
2662.230074672699,-74.08859372946934,-74.08859372946934
2662.240074672699,-74.08982618998364,-74.08982618998364
2662.250074672699,-74.09105358383935,-74.09105358383935
2662.260074672699,-74.09227609397782,-74.09227609397782
2662.270074672699,-74.09349390121606,-74.09349390121606
2662.280074672699,-74.09470718432726,-74.09470718432726
2662.290074672699,-74.09591612004634,-74.09591612004634
2662.300074672699,-74.09712088313498,-74.09712088313498
2662.310074672699,-74.09832164641195,-74.09832164641195
2662.320074672699,-74.0995185807778,-74.0995185807778
2662.330074672699,-74.10071185521738,-74.10071185521738
2662.340074672699,-74.10190163684568,-74.10190163684568
2662.350074672699,-74.10308809090019,-74.10308809090019
2662.360074672699,-74.10427138076005,-74.10427138076005
2662.370074672699,-74.10545166794397,-74.10545166794397
2662.380074672699,-74.10662911215253,-74.10662911215253
2662.390074672699,-74.10780387122365,-74.10780387122365
2662.400074672699,-74.10897610117902,-74.10897610117902
2662.410074672699,-74.11014595620912,-74.11014595620912
2662.420074672699,-74.11131358868226,-74.11131358868226
2662.430074672699,-74.11247914914004,-74.11247914914004
2662.4400746726988,-74.11364278631379,-74.11364278631379
2662.450074672699,-74.11480464711647,-74.11480464711647
2662.460074672699,-74.11596487666654,-74.11596487666654
2662.470074672699,-74.11712361825616,-74.11712361825616
2662.480074672699,-74.11828101339005,-74.11828101339005
2662.490074672699,-74.11943720176414,-74.11943720176414
2662.500074672699,-74.12059232128392,-74.12059232128392
2662.510074672699,-74.12174650807346,-74.12174650807346
2662.520074672699,-74.12289989646439,-74.12289989646439
2662.530074672699,-74.12405261901482,-74.12405261901482
2662.540074672699,-74.12520480650201,-74.12520480650201
2662.550074672699,-74.12635658795318,-74.12635658795318
2662.560074672699,-74.12750809061961,-74.12750809061961
2662.570074672699,-74.12865944001277,-74.12865944001277
2662.580074672699,-74.129810759888,-74.129810759888
2662.590074672699,-74.13096217227928,-74.13096217227928
2662.600074672699,-74.13211379747719,-74.13211379747719
2662.610074672699,-74.13326575405856,-74.13326575405856
2662.620074672699,-74.13441815889861,-74.13441815889861
2662.630074672699,-74.13557112715486,-74.13557112715486
2662.640074672699,-74.1367247723129,-74.1367247723129
2662.650074672699,-74.13787920617051,-74.13787920617051
2662.660074672699,-74.13903453885214,-74.13903453885214
2662.670074672699,-74.14019087882718,-74.14019087882718
2662.680074672699,-74.14134833292071,-74.14134833292071
2662.6900746726988,-74.14250700631294,-74.14250700631294
2662.700074672699,-74.14366700257251,-74.14366700257251
2662.710074672699,-74.14482842365061,-74.14482842365061
2662.720074672699,-74.14599136990326,-74.14599136990326
2662.730074672699,-74.14715594008223,-74.14715594008223
2662.740074672699,-74.14832223138528,-74.14832223138528
2662.750074672699,-74.14949033944609,-74.14949033944609
2662.760074672699,-74.15066035834316,-74.15066035834316
2662.770074672699,-74.15183238062244,-74.15183238062244
2662.780074672699,-74.15300649731707,-74.15300649731707
2662.790074672699,-74.15418279793357,-74.15418279793357
2662.800074672699,-74.15536137050728,-74.15536137050728
2662.810074672699,-74.15654230157723,-74.15654230157723
2662.820074672699,-74.15772567622774,-74.15772567622774
2662.830074672699,-74.158911578083,-74.158911578083
2662.840074672699,-74.16010008933372,-74.16010008933372
2662.850074672699,-74.16129129074724,-74.16129129074724
2662.860074672699,-74.16248526168518,-74.16248526168518
2662.870074672699,-74.16368208010647,-74.16368208010647
2662.880074672699,-74.16488182259515,-74.16488182259515
2662.890074672699,-74.16608456437139,-74.16608456437139
2662.900074672699,-74.16729037929451,-74.16729037929451
2662.910074672699,-74.16849933990096,-74.16849933990096
2662.920074672699,-74.16971151739617,-74.16971151739617
2662.930074672699,-74.17092698168412,-74.17092698168412
2662.9400746726988,-74.17214580136688,-74.17214580136688
2662.950074672699,-74.17336804377106,-74.17336804377106
2662.960074672699,-74.17459377496142,-74.17459377496142
2662.970074672699,-74.17582305976168,-74.17582305976168
2662.980074672699,-74.17705596174176,-74.17705596174176
2662.990074672699,-74.17829254325642,-74.17829254325642
2663.000074672699,-74.17953286545914,-74.17953286545914
2663.010074672699,-74.18077698830962,-74.18077698830962
2663.020074672699,-74.18202497059225,-74.18202497059225
2663.030074672699,-74.18327686992244,-74.18327686992244
2663.040074672699,-74.18453274276004,-74.18453274276004
2663.050074696541,-74.18579264743425,-74.18579264743425
2663.060074696541,-74.18705663218437,-74.18705663218437
2663.070074696541,-74.18832475307386,-74.18832475307386
2663.080074696541,-74.18959706211835,-74.18959706211835
2663.090074696541,-74.19087361024614,-74.19087361024614
2663.100074696541,-74.1921544473102,-74.1921544473102
2663.110074696541,-74.1934396221217,-74.1934396221217
2663.120074696541,-74.19472918244225,-74.19472918244225
2663.1300746965408,-74.19602317501537,-74.19602317501537
2663.140074696541,-74.19732164555661,-74.19732164555661
2663.1500746965407,-74.19862463879785,-74.19862463879785
2663.160074696541,-74.19993219847687,-74.19993219847687
2663.1700746965407,-74.20124436735652,-74.20124436735652
2663.180074696541,-74.20256118724012,-74.20256118724012
2663.1900746965407,-74.20388269897526,-74.20388269897526
2663.200074696541,-74.20520894248048,-74.20520894248048
2663.2100746965407,-74.20653995674824,-74.20653995674824
2663.220074696541,-74.20787577986978,-74.20787577986978
2663.2300746965407,-74.20921644902194,-74.20921644902194
2663.240074696541,-74.21056200049563,-74.21056200049563
2663.2500746965407,-74.21191246971203,-74.21191246971203
2663.260074696541,-74.21326789124,-74.21326789124
2663.2700746965406,-74.21462829877852,-74.21462829877852
2663.280074696541,-74.21599372519995,-74.21599372519995
2663.2900746965406,-74.21736420254521,-74.21736420254521
2663.300074696541,-74.2187397620325,-74.2187397620325
2663.310074696541,-74.22012043408778,-74.22012043408778
2663.320074696541,-74.22150624833417,-74.22150624833417
2663.330074696541,-74.22289723361487,-74.22289723361487
2663.340074696541,-74.22429341800319,-74.22429341800319
2663.350074696541,-74.22569482880779,-74.22569482880779
2663.360074696541,-74.22710149258614,-74.22710149258614
2663.370074696541,-74.22851343516767,-74.22851343516767
2663.3800746965408,-74.22993068163952,-74.22993068163952
2663.390074696541,-74.23135325637526,-74.23135325637526
2663.4000746965407,-74.23278118304292,-74.23278118304292
2663.410074696541,-74.23421448460702,-74.23421448460702
2663.4200746965407,-74.23565318334859,-74.23565318334859
2663.430074696541,-74.23709730087306,-74.23709730087306
2663.4400746965407,-74.23854685811519,-74.23854685811519
2663.450074696541,-74.24000187534313,-74.24000187534313
2663.4600746965407,-74.24145589650433,-74.24145589650433
2663.470074696541,-74.24290610356242,-74.24290610356242
2663.4800746965407,-74.24435113243887,-74.24435113243887
2663.490074696541,-74.24579029174595,-74.24579029174595
2663.5000746965407,-74.24722326465644,-74.24722326465644
2663.510074696541,-74.248649954109,-74.248649954109
2663.5200746965406,-74.2500703920899,-74.2500703920899
2663.530074696541,-74.25148468512042,-74.25148468512042
2663.5400746965406,-74.25289298149984,-74.25289298149984
2663.550074696541,-74.25429545162376,-74.25429545162376
2663.560074696541,-74.2556922762938,-74.2556922762938
2663.570074696541,-74.25708363978839,-74.25708363978839
2663.580074696541,-74.25846972592859,-74.25846972592859
2663.590074696541,-74.25985071591909,-74.25985071591909
2663.600074696541,-74.26122678725757,-74.26122678725757
2663.610074696541,-74.26259811328968,-74.26259811328968
2663.620074696541,-74.2639648631261,-74.2639648631261
2663.6300746965408,-74.26532720181129,-74.26532720181129
2663.640074696541,-74.26668529055753,-74.26668529055753
2663.6500746965407,-74.26803928701496,-74.26803928701496
2663.660074696541,-74.26938934560063,-74.26938934560063
2663.6700746965407,-74.27073561776336,-74.27073561776336
2663.680074696541,-74.27207825224761,-74.27207825224761
2663.6900746965407,-74.27341739534236,-74.27341739534236
2663.700074696541,-74.27475319106911,-74.27475319106911
2663.7100746965407,-74.2760857813691,-74.2760857813691
2663.720074696541,-74.27741530626018,-74.27741530626018
2663.7300746965407,-74.2787419039669,-74.2787419039669
2663.740074696541,-74.28006571101427,-74.28006571101427
2663.7500746965407,-74.28138686233844,-74.28138686233844
2663.760074696541,-74.28270549134463,-74.28270549134463
2663.7700746965406,-74.28402172998084,-74.28402172998084
2663.780074696541,-74.2853357087806,-74.2853357087806
2663.7900746965406,-74.28664755690862,-74.28664755690862
2663.800074696541,-74.28795740219378,-74.28795740219378
2663.810074696541,-74.28926537114904,-74.28926537114904
2663.820074696541,-74.29057158900244,-74.29057158900244
2663.830074696541,-74.29187617968036,-74.29187617968036
2663.840074696541,-74.29317926587119,-74.29317926587119
2663.850074696541,-74.2944809689767,-74.2944809689767
2663.860074696541,-74.29578140916375,-74.29578140916375
2663.870074696541,-74.29708070534075,-74.29708070534075
2663.8800746965408,-74.29837897515623,-74.29837897515623
2663.890074696541,-74.29967633502747,-74.29967633502747
2663.9000747203827,-74.30097290319394,-74.30097290319394
2663.910074720383,-74.3022687873761,-74.3022687873761
2663.9200747203827,-74.30356410331322,-74.30356410331322
2663.930074720383,-74.30485896238368,-74.30485896238368
2663.9400747203827,-74.30615347471912,-74.30615347471912
2663.950074720383,-74.30744774917622,-74.30744774917622
2663.9600747203826,-74.30874189335148,-74.30874189335148
2663.970074720383,-74.31003601357133,-74.31003601357133
2663.9800747203826,-74.31133021488805,-74.31133021488805
2663.990074720383,-74.31262460107759,-74.31262460107759
2664.0000747203826,-74.3139192746517,-74.3139192746517
2664.010074720383,-74.31521433682306,-74.31521433682306
2664.0200747203826,-74.3165098875532,-74.3165098875532
2664.030074720383,-74.31780602550562,-74.31780602550562
2664.0400747203826,-74.31910284807888,-74.31910284807888
2664.050074720383,-74.32040045137632,-74.32040045137632
2664.0600747203825,-74.32169893023969,-74.32169893023969
2664.0700747203828,-74.32299837822325,-74.32299837822325
2664.0800747203825,-74.32429888761504,-74.32429888761504
2664.0900747203827,-74.32560054943009,-74.32560054943009
2664.1000747203825,-74.3269034534044,-74.3269034534044
2664.1100747203827,-74.32820768802367,-74.32820768802367
2664.1200747203825,-74.32951334050092,-74.32951334050092
2664.1300747203827,-74.33082049678337,-74.33082049678337
2664.1400747203825,-74.33212924158046,-74.33212924158046
2664.1500747203827,-74.33343965833919,-74.33343965833919
2664.160074720383,-74.33475182926327,-74.33475182926327
2664.1700747203827,-74.33606583532324,-74.33606583532324
2664.180074720383,-74.33738175624504,-74.33738175624504
2664.1900747203827,-74.33869967054083,-74.33869967054083
2664.200074720383,-74.34001965549001,-74.34001965549001
2664.2100747203826,-74.34134178716148,-74.34134178716148
2664.220074720383,-74.34266614041624,-74.34266614041624
2664.2300747203826,-74.34399278891998,-74.34399278891998
2664.240074720383,-74.34532180514276,-74.34532180514276
2664.2500747203826,-74.3466532603758,-74.3466532603758
2664.260074720383,-74.34798722472321,-74.34798722472321
2664.2700747203826,-74.34932376713675,-74.34932376713675
2664.280074720383,-74.35066295538769,-74.35066295538769
2664.2900747203826,-74.35200485612005,-74.35200485612005
2664.300074720383,-74.35334953481374,-74.35334953481374
2664.3100747203825,-74.35469705583958,-74.35469705583958
2664.3200747203828,-74.35604748243497,-74.35604748243497
2664.3300747203825,-74.35740087671527,-74.35740087671527
2664.3400747203827,-74.35875729970495,-74.35875729970495
2664.3500747203825,-74.36011681133046,-74.36011681133046
2664.3600747203827,-74.36147947042902,-74.36147947042902
2664.3700747203825,-74.36284533476537,-74.36284533476537
2664.3800747203827,-74.36421446104137,-74.36421446104137
2664.3900747203825,-74.36558690490753,-74.36558690490753
2664.4000747203827,-74.36696272095874,-74.36696272095874
2664.410074720383,-74.36834196276688,-74.36834196276688
2664.4200747203827,-74.36972468288754,-74.36972468288754
2664.430074720383,-74.37111093283778,-74.37111093283778
2664.4400747203827,-74.37250076315249,-74.37250076315249
2664.450074720383,-74.3738942233693,-74.3738942233693
2664.4600747203826,-74.37528487438047,-74.37528487438047
2664.470074720383,-74.37666992138587,-74.37666992138587
2664.4800747203826,-74.37804802582097,-74.37804802582097
2664.490074720383,-74.37941852269446,-74.37941852269446
2664.5000747203826,-74.38078112194015,-74.38078112194015
2664.510074720383,-74.3821357533405,-74.3821357533405
2664.5200747203826,-74.3834824756373,-74.3834824756373
2664.530074720383,-74.38482142194948,-74.38482142194948
2664.5400747203826,-74.3861527669629,-74.3861527669629
2664.550074720383,-74.38747670720308,-74.38747670720308
2664.5600747203825,-74.38879344931183,-74.38879344931183
2664.5700747203828,-74.39010320315222,-74.39010320315222
2664.5800747203825,-74.39140617783411,-74.39140617783411
2664.5900747203827,-74.39270257954509,-74.39270257954509
2664.6000747203825,-74.39399261048517,-74.39399261048517
2664.6100747203827,-74.39527646840449,-74.39527646840449
2664.6200747203825,-74.3965543465465,-74.3965543465465
2664.6300747203827,-74.39782643376556,-74.39782643376556
2664.6400747203825,-74.39909291479513,-74.39909291479513
2664.6500747203827,-74.40035397054572,-74.40035397054572
2664.660074720383,-74.4016097783778,-74.4016097783778
2664.6700747203827,-74.40286051242121,-74.40286051242121
2664.680074720383,-74.40410634379745,-74.40410634379745
2664.6900747203827,-74.40534744090091,-74.40534744090091
2664.700074720383,-74.40658396958483,-74.40658396958483
2664.7100747203826,-74.40781609333749,-74.40781609333749
2664.720074720383,-74.40904397345054,-74.40904397345054
2664.7300747203826,-74.4102677691457,-74.4102677691457
2664.740074720383,-74.41148763767961,-74.41148763767961
2664.7500747442245,-74.41270373734591,-74.41270373734591
2664.7600747442248,-74.41391621594613,-74.41391621594613
2664.7700747442245,-74.41512522826375,-74.41512522826375
2664.7800747442247,-74.41633092450346,-74.41633092450346
2664.7900747442245,-74.41753345324321,-74.41753345324321
2664.8000747442247,-74.4187329614552,-74.4187329614552
2664.8100747442245,-74.41992959456287,-74.41992959456287
2664.8200747442247,-74.42112349642684,-74.42112349642684
2664.8300747442245,-74.42231480938632,-74.42231480938632
2664.8400747442247,-74.42350367427804,-74.42350367427804
2664.8500747442245,-74.42469023041136,-74.42469023041136
2664.8600747442247,-74.4258746156118,-74.4258746156118
2664.8700747442244,-74.42705696621945,-74.42705696621945
2664.8800747442247,-74.42823741707639,-74.42823741707639
2664.8900747442244,-74.4294161015392,-74.4294161015392
2664.9000747442246,-74.43059315148948,-74.43059315148948
2664.9100747442244,-74.43176869731951,-74.43176869731951
2664.9200747442246,-74.43294286793154,-74.43294286793154
2664.9300747442244,-74.43411579076177,-74.43411579076177
2664.9400747442246,-74.43528759175544,-74.43528759175544
2664.9500747442244,-74.43645839536988,-74.43645839536988
2664.9600747442246,-74.43762183199402,-74.43762183199402
2664.9700747442243,-74.438775178944,-74.438775178944
2664.9800747442246,-74.43991717047577,-74.43991717047577
2664.9900747442243,-74.44104721445851,-74.44104721445851
2665.0000747442245,-74.44216509343312,-74.44216509343312
2665.0100747442248,-74.44327080943005,-74.44327080943005
2665.0200747442245,-74.44436449299772,-74.44436449299772
2665.0300747442247,-74.44544634856261,-74.44544634856261
2665.0400747442245,-74.44651662154733,-74.44651662154733
2665.0500747442247,-74.44757557868144,-74.44757557868144
2665.0600747442245,-74.44862349622329,-74.44862349622329
2665.0700747442247,-74.44966065304044,-74.44966065304044
2665.0800747442245,-74.45068732665847,-74.45068732665847
2665.0900747442247,-74.45170379106273,-74.45170379106273
2665.1000747442245,-74.45271031562868,-74.45271031562868
2665.1100747442247,-74.4537071646443,-74.4537071646443
2665.1200747442244,-74.45469459725548,-74.45469459725548
2665.1300747442247,-74.4556728676042,-74.4556728676042
2665.1400747442244,-74.45664222506512,-74.45664222506512
2665.1500747442246,-74.45760291452147,-74.45760291452147
2665.1600747442244,-74.45855517668078,-74.45855517668078
2665.1700747442246,-74.45949924835759,-74.45949924835759
2665.1800747442244,-74.46043536272462,-74.46043536272462
2665.1900747442246,-74.46136374954051,-74.46136374954051
2665.2000747442244,-74.46228463539356,-74.46228463539356
2665.2100747442246,-74.463198243841,-74.463198243841
2665.2200747442243,-74.46410479558375,-74.46410479558375
2665.2300747442246,-74.46500450859665,-74.46500450859665
2665.2400747442243,-74.46589759823742,-74.46589759823742
2665.2500747442245,-74.46678427733715,-74.46678427733715
2665.2600747442248,-74.46766475627079,-74.46766475627079
2665.2700747442245,-74.46853924305404,-74.46853924305404
2665.2800747442247,-74.46940794335438,-74.46940794335438
2665.2900747442245,-74.47027106056842,-74.47027106056842
2665.3000747442247,-74.47112879583617,-74.47112879583617
2665.3100747442245,-74.47198134808671,-74.47198134808671
2665.3200747442247,-74.47282891405948,-74.47282891405948
2665.3300747442245,-74.47367168832001,-74.47367168832001
2665.3400747442247,-74.47450986326889,-74.47450986326889
2665.3500747442245,-74.47534362916447,-74.47534362916447
2665.3600747442247,-74.47617317414253,-74.47617317414253
2665.3700747442244,-74.47699868420574,-74.47699868420574
2665.3800747442247,-74.47782034323433,-74.47782034323433
2665.3900747442244,-74.47863833301766,-74.47863833301766
2665.4000747442246,-74.47945283321452,-74.47945283321452
2665.4100747442244,-74.48026402139882,-74.48026402139882
2665.4200747442246,-74.48107207303981,-74.48107207303981
2665.4300747442244,-74.48187716151222,-74.48187716151222
2665.4400747442246,-74.48267945811237,-74.48267945811237
2665.4500747442244,-74.48347913204344,-74.48347913204344
2665.4600747442246,-74.48427635042584,-74.48427635042584
2665.4700747442243,-74.48507127831031,-74.48507127831031
2665.4800747442246,-74.48586407867063,-74.48586407867063
2665.4900747442243,-74.48665491242383,-74.48665491242383
2665.5000747442245,-74.48744393841602,-74.48744393841602
2665.5100747442248,-74.4882313134402,-74.4882313134402
2665.5200747442245,-74.48901719225478,-74.48901719225478
2665.5300747442247,-74.48980172755874,-74.48980172755874
2665.5400747442245,-74.49058507003264,-74.49058507003264
2665.5500747442247,-74.49136736831488,-74.49136736831488
2665.5600747442245,-74.49214876904965,-74.49214876904965
2665.5700747442247,-74.49292941685468,-74.49292941685468
2665.5800747442245,-74.49370945436083,-74.49370945436083
2665.5900747442247,-74.49448902219629,-74.49448902219629
2665.6000747680664,-74.4952682608781,-74.4952682608781
2665.6100747680666,-74.49604730338228,-74.49604730338228
2665.6200747680664,-74.49682628630741,-74.49682628630741
2665.6300747680666,-74.49760534243703,-74.49760534243703
2665.6400747680664,-74.4983846026268,-74.4983846026268
2665.6500747680666,-74.49916419581822,-74.49916419581822
2665.6600747680664,-74.49994424903691,-74.49994424903691
2665.6700747680666,-74.50072488741658,-74.50072488741658
2665.6800747680663,-74.50150623420944,-74.50150623420944
2665.6900747680666,-74.50228841080252,-74.50228841080252
2665.7000747680663,-74.50307153673269,-74.50307153673269
2665.7100747680665,-74.50385572968561,-74.50385572968561
2665.7200747680663,-74.50464110553001,-74.50464110553001
2665.7300747680665,-74.50542777833063,-74.50542777833063
2665.7400747680663,-74.50621586034815,-74.50621586034815
2665.7500747680665,-74.5070054620699,-74.5070054620699
2665.7600747680663,-74.50779669221627,-74.50779669221627
2665.7700747680665,-74.50858965775849,-74.50858965775849
2665.7800747680662,-74.50938446394431,-74.50938446394431
2665.7900747680665,-74.51018121428746,-74.51018121428746
2665.800074768066,-74.51098001061818,-74.51098001061818
2665.8100747680664,-74.51178095307769,-74.51178095307769
2665.820074768066,-74.51258414012892,-74.51258414012892
2665.8300747680664,-74.5133896685977,-74.5133896685977
2665.840074768066,-74.51419763366665,-74.51419763366665
2665.8500747680664,-74.51500812889846,-74.51500812889846
2665.8600747680666,-74.51582124625833,-74.51582124625833
2665.8700747680664,-74.51663707613177,-74.51663707613177
2665.8800747680666,-74.5174557073165,-74.5174557073165
2665.8900747680664,-74.51827722707783,-74.51827722707783
2665.9000747680666,-74.51910172114286,-74.51910172114286
2665.9100747680664,-74.51992927370958,-74.51992927370958
2665.9200747680666,-74.52075996748569,-74.52075996748569
2665.9300747680663,-74.52159388368645,-74.52159388368645
2665.9400747680666,-74.5224311020585,-74.5224311020585
2665.9500747680663,-74.52327170090446,-74.52327170090446
2665.9600747680665,-74.5241157570777,-74.5241157570777
2665.9700747680663,-74.52496334602976,-74.52496334602976
2665.9800747680665,-74.52581454179898,-74.52581454179898
2665.9900747680663,-74.5266694170481,-74.5266694170481
2666.0000747680665,-74.52752804306554,-74.52752804306554
2666.0100747680663,-74.52839048977735,-74.52839048977735
2666.0200747680665,-74.52925682579068,-74.52925682579068
2666.0300747680662,-74.53012711838032,-74.53012711838032
2666.0400747680665,-74.53100143352397,-74.53100143352397
2666.050074768066,-74.53187983590657,-74.53187983590657
2666.0600747680664,-74.53276238894718,-74.53276238894718
2666.070074768066,-74.5336491548088,-74.5336491548088
2666.0800747680664,-74.5345401944015,-74.5345401944015
2666.090074768066,-74.53543556742544,-74.53543556742544
2666.1000747680664,-74.53633533236389,-74.53633533236389
2666.1100747680666,-74.53723954650769,-74.53723954650769
2666.1200747680664,-74.53814826597372,-74.53814826597372
2666.1300747680666,-74.53906154571195,-74.53906154571195
2666.1400747680664,-74.53997943952521,-74.53997943952521
2666.1500747680666,-74.54090200008167,-74.54090200008167
2666.1600747680664,-74.54182927893234,-74.54182927893234
2666.1700747680666,-74.54276132652026,-74.54276132652026
2666.1800747680663,-74.54369819221425,-74.54369819221425
2666.1900747680666,-74.5446399242953,-74.5446399242953
2666.2000747680663,-74.54558656998906,-74.54558656998906
2666.2100747680665,-74.54653817547727,-74.54653817547727
2666.2200747680663,-74.54749478590342,-74.54749478590342
2666.2300747680665,-74.5484564454024,-74.5484564454024
2666.2400747680663,-74.5494231970902,-74.5494231970902
2666.2500747680665,-74.55039508311401,-74.55039508311401
2666.2600747680663,-74.55137214462891,-74.55137214462891
2666.2700747680665,-74.55235442182412,-74.55235442182412
2666.2800747680662,-74.55334195395972,-74.55334195395972
2666.2900747680665,-74.55433477933745,-74.55433477933745
2666.300074768066,-74.55533293534319,-74.55533293534319
2666.3100747680664,-74.5563364584506,-74.5563364584506
2666.320074768066,-74.55734538424058,-74.55734538424058
2666.3300747680664,-74.55835974739382,-74.55835974739382
2666.340074768066,-74.55937958174071,-74.55937958174071
2666.3500747680664,-74.56040492022983,-74.56040492022983
2666.3600747680666,-74.56143579496867,-74.56143579496867
2666.3700747680664,-74.56247223723112,-74.56247223723112
2666.3800747680666,-74.56351427747065,-74.56351427747065
2666.3900747680664,-74.56456194531418,-74.56456194531418
2666.4000747680666,-74.56561526959608,-74.56561526959608
2666.4100747680664,-74.56667427836375,-74.56667427836375
2666.4200747680666,-74.56773899887625,-74.56773899887625
2666.4300747680663,-74.56880945763147,-74.56880945763147
2666.4400747680666,-74.56988568037352,-74.56988568037352
2666.4500747919083,-74.57096769467158,-74.57096769467158
2666.4600747919085,-74.57205551965706,-74.57205551965706
2666.4700747919082,-74.57314918142104,-74.57314918142104
2666.4800747919085,-74.57424870278655,-74.57424870278655
2666.4900747919082,-74.57535410588437,-74.57535410588437
2666.5000747919084,-74.57646541214777,-74.57646541214777
2666.510074791908,-74.57758264231063,-74.57758264231063
2666.5200747919084,-74.57870581645811,-74.57870581645811
2666.530074791908,-74.57983495400592,-74.57983495400592
2666.5400747919084,-74.58097007372189,-74.58097007372189
2666.550074791908,-74.58211119371195,-74.58211119371195
2666.5600747919084,-74.58325833147308,-74.58325833147308
2666.570074791908,-74.58441150386143,-74.58441150386143
2666.5800747919084,-74.5855707271247,-74.5855707271247
2666.590074791908,-74.58673601691918,-74.58673601691918
2666.6000747919084,-74.58790738828257,-74.58790738828257
2666.610074791908,-74.58908485567324,-74.58908485567324
2666.6200747919083,-74.59026843297625,-74.59026843297625
2666.630074791908,-74.59145813351175,-74.59145813351175
2666.6400747919083,-74.59265397002184,-74.59265397002184
2666.650074791908,-74.59385595470799,-74.59385595470799
2666.6600747919083,-74.59506409922832,-74.59506409922832
2666.670074791908,-74.59627841470206,-74.59627841470206
2666.6800747919083,-74.59749891172383,-74.59749891172383
2666.690074791908,-74.59872560037016,-74.59872560037016
2666.7000747919083,-74.59995849019131,-74.59995849019131
2666.7100747919085,-74.60119759025287,-74.60119759025287
2666.7200747919082,-74.60244290911774,-74.60244290911774
2666.7300747919085,-74.60369445485965,-74.60369445485965
2666.7400747919082,-74.6049522350681,-74.6049522350681
2666.7500747919084,-74.60621625687114,-74.60621625687114
2666.760074791908,-74.60748652691682,-74.60748652691682
2666.7700747919084,-74.60876305140003,-74.60876305140003
2666.780074791908,-74.61004583607128,-74.61004583607128
2666.7900747919084,-74.61133488622224,-74.61133488622224
2666.800074791908,-74.61263020672149,-74.61263020672149
2666.8100747919084,-74.61393180199498,-74.61393180199498
2666.820074791908,-74.61523967605443,-74.61523967605443
2666.8300747919084,-74.61655383248656,-74.61655383248656
2666.840074791908,-74.61787427447064,-74.61787427447064
2666.8500747919084,-74.61920100478012,-74.61920100478012
2666.860074791908,-74.62053402579768,-74.62053402579768
2666.8700747919083,-74.62187333950428,-74.62187333950428
2666.880074791908,-74.62321894750335,-74.62321894750335
2666.8900747919083,-74.62457085101163,-74.62457085101163
2666.900074791908,-74.62592905088442,-74.62592905088442
2666.9100747919083,-74.62729354759445,-74.62729354759445
2666.920074791908,-74.62866434126516,-74.62866434126516
2666.9300747919083,-74.63004143165723,-74.63004143165723
2666.940074791908,-74.63142481819006,-74.63142481819006
2666.9500747919083,-74.63281449992891,-74.63281449992891
2666.9600747919085,-74.63421047561022,-74.63421047561022
2666.9700747919082,-74.63561274363595,-74.63561274363595
2666.9800747919085,-74.63702130206302,-74.63702130206302
2666.9900747919082,-74.63843614864426,-74.63843614864426
2667.0000747919084,-74.63985728082292,-74.63985728082292
2667.010074791908,-74.64128469570562,-74.64128469570562
2667.0200747919084,-74.64271839010672,-74.64271839010672
2667.030074791908,-74.64415836053776,-74.64415836053776
2667.0400747919084,-74.64560460321238,-74.64560460321238
2667.050074791908,-74.64705711406006,-74.64705711406006
2667.0600747919084,-74.64851588871083,-74.64851588871083
2667.070074791908,-74.64998092251415,-74.64998092251415
2667.0800747919084,-74.65145221054782,-74.65145221054782
2667.090074791908,-74.65292974761215,-74.65292974761215
2667.1000747919084,-74.65441352824763,-74.65441352824763
2667.110074791908,-74.65590354672223,-74.65590354672223
2667.1200747919083,-74.657399797042,-74.657399797042
2667.130074791908,-74.65890227295677,-74.65890227295677
2667.1400747919083,-74.66041096798368,-74.66041096798368
2667.150074791908,-74.66192587537269,-74.66192587537269
2667.1600747919083,-74.66344698814623,-74.66344698814623
2667.170074791908,-74.66497429907697,-74.66497429907697
2667.1800747919083,-74.66650780070812,-74.66650780070812
2667.190074791908,-74.66804748535952,-74.66804748535952
2667.2000747919083,-74.66959334511039,-74.66959334511039
2667.2100747919085,-74.67113885681832,-74.67113885681832
2667.2200747919082,-74.67268115698197,-74.67268115698197
2667.2300747919085,-74.67421884494036,-74.67421884494036
2667.2400747919082,-74.67575119708168,-74.67575119708168
2667.2500747919084,-74.67727786695411,-74.67727786695411
2667.260074791908,-74.67879872958794,-74.67879872958794
2667.2700747919084,-74.68031379025109,-74.68031379025109
2667.280074791908,-74.68182312964571,-74.68182312964571
2667.2900747919084,-74.68332687094575,-74.68332687094575
2667.30007481575,-74.68482516357064,-74.68482516357064
2667.3100748157503,-74.68631815712595,-74.68631815712595
2667.32007481575,-74.68780601590596,-74.68780601590596
2667.3300748157503,-74.68928890060722,-74.68928890060722
2667.34007481575,-74.69076696970912,-74.69076696970912
2667.3500748157503,-74.69224037838225,-74.69224037838225
2667.36007481575,-74.69370927803247,-74.69370927803247
2667.3700748157503,-74.69517381623619,-74.69517381623619
2667.38007481575,-74.69663413684293,-74.69663413684293
2667.3900748157503,-74.69809038025895,-74.69809038025895
2667.40007481575,-74.69954268367822,-74.69954268367822
2667.4100748157502,-74.70099118142053,-74.70099118142053
2667.42007481575,-74.70243600518658,-74.70243600518658
2667.4300748157502,-74.70387728431888,-74.70387728431888
2667.44007481575,-74.70531514603913,-74.70531514603913
2667.45007481575,-74.70674971563308,-74.70674971563308
2667.46007481575,-74.70818111664721,-74.70818111664721
2667.47007481575,-74.70960947101163,-74.70960947101163
2667.48007481575,-74.71103489919594,-74.71103489919594
2667.49007481575,-74.71245752027107,-74.71245752027107
2667.50007481575,-74.71387745204193,-74.71387745204193
2667.51007481575,-74.71529481107693,-74.71529481107693
2667.52007481575,-74.71670971277949,-74.71670971277949
2667.53007481575,-74.71812227144784,-74.71812227144784
2667.54007481575,-74.71953260029228,-74.71953260029228
2667.55007481575,-74.72094081147203,-74.72094081147203
2667.5600748157503,-74.72234701610833,-74.72234701610833
2667.57007481575,-74.723708126442,-74.723708126442
2667.5800748157503,-74.72500645116801,-74.72500645116801
2667.59007481575,-74.7262323638216,-74.7262323638216
2667.6000748157503,-74.7273804555859,-74.7273804555859
2667.61007481575,-74.728447887671,-74.728447887671
2667.6200748157503,-74.72943335885309,-74.72943335885309
2667.63007481575,-74.73033646068964,-74.73033646068964
2667.6400748157503,-74.73115729200622,-74.73115729200622
2667.65007481575,-74.73189623521651,-74.73189623521651
2667.6600748157502,-74.73255382908216,-74.73255382908216
2667.67007481575,-74.7331306977873,-74.7331306977873
2667.6800748157502,-74.73362751227815,-74.73362751227815
2667.69007481575,-74.73404496996427,-74.73404496996427
2667.70007481575,-74.73438378465933,-74.73438378465933
2667.71007481575,-74.7346381633697,-74.7346381633697
2667.72007481575,-74.73480598694076,-74.73480598694076
2667.73007481575,-74.73488661047195,-74.73488661047195
2667.74007481575,-74.73488007683443,-74.73488007683443
2667.75007481575,-74.73478681691746,-74.73478681691746
2667.76007481575,-74.73460749410593,-74.73460749410593
2667.77007481575,-74.73434291308588,-74.73434291308588
2667.78007481575,-74.73399396493826,-74.73399396493826
2667.79007481575,-74.73356159394663,-74.73356159394663
2667.80007481575,-74.73304677736874,-74.73304677736874
2667.8100748157503,-74.73245051314468,-74.73245051314468
2667.82007481575,-74.73177381232516,-74.73177381232516
2667.8300748157503,-74.73101769443859,-74.73101769443859
2667.84007481575,-74.73018318457585,-74.73018318457585
2667.8500748157503,-74.72927131154441,-74.72927131154441
2667.86007481575,-74.72828310666912,-74.72828310666912
2667.8700748157503,-74.72721960296083,-74.72721960296083
2667.88007481575,-74.72608183454065,-74.72608183454065
2667.8900748157503,-74.72487083614095,-74.72487083614095
2667.90007481575,-74.72358764271138,-74.72358764271138
2667.9100748157502,-74.72223328902176,-74.72223328902176
2667.92007481575,-74.72080880933423,-74.72080880933423
2667.9300748157502,-74.71931523701177,-74.71931523701177
2667.94007481575,-74.71775360420399,-74.71775360420399
2667.95007481575,-74.71612494146501,-74.71612494146501
2667.96007481575,-74.71442376398744,-74.71442376398744
2667.97007481575,-74.71264824786277,-74.71264824786277
2667.98007481575,-74.71079803025981,-74.71079803025981
2667.99007481575,-74.70887342242999,-74.70887342242999
2668.00007481575,-74.70687510940978,-74.70687510940978
2668.01007481575,-74.70480399400645,-74.70480399400645
2668.02007481575,-74.7026611053306,-74.7026611053306
2668.03007481575,-74.70044754373977,-74.70044754373977
2668.04007481575,-74.69816444762768,-74.69816444762768
2668.05007481575,-74.69581297341247,-74.69581297341247
2668.0600748157503,-74.69339428348297,-74.69339428348297
2668.07007481575,-74.69090953904022,-74.69090953904022
2668.0800748157503,-74.68835989587127,-74.68835989587127
2668.09007481575,-74.68574650192217,-74.68574650192217
2668.1000748157503,-74.68307049601317,-74.68307049601317
2668.11007481575,-74.68033300712905,-74.68033300712905
2668.1200748157503,-74.6775351541651,-74.6775351541651
2668.13007481575,-74.67467804587562,-74.67467804587562
2668.1400748157503,-74.67176278090759,-74.67176278090759
2668.150074839592,-74.66879044084332,-74.66879044084332
2668.160074839592,-74.66576211850085,-74.66576211850085
2668.170074839592,-74.66267887611883,-74.66267887611883
2668.180074839592,-74.65954177319547,-74.65954177319547
2668.190074839592,-74.65635185973937,-74.65635185973937
2668.200074839592,-74.65311017636346,-74.65311017636346
2668.210074839592,-74.64981124983507,-74.64981124983507
2668.220074839592,-74.6464532579159,-74.6464532579159
2668.230074839592,-74.6430358313323,-74.6430358313323
2668.240074839592,-74.63955926773895,-74.63955926773895
2668.250074839592,-74.63602423204337,-74.63602423204337
2668.260074839592,-74.63243160093192,-74.63243160093192
2668.270074839592,-74.62878237179098,-74.62878237179098
2668.280074839592,-74.62507760803194,-74.62507760803194
2668.290074839592,-74.62131840621689,-74.62131840621689
2668.300074839592,-74.61750587633954,-74.61750587633954
2668.310074839592,-74.61364113007842,-74.61364113007842
2668.320074839592,-74.60972527386608,-74.60972527386608
2668.330074839592,-74.60575940490853,-74.60575940490853
2668.340074839592,-74.60174460900767,-74.60174460900767
2668.350074839592,-74.59768195945384,-74.59768195945384
2668.360074839592,-74.59357251656951,-74.59357251656951
2668.370074839592,-74.58941732760653,-74.58941732760653
2668.380074839592,-74.58521742689533,-74.58521742689533
2668.3900748395918,-74.5809738360588,-74.5809738360588
2668.400074839592,-74.57668756430253,-74.57668756430253
2668.410074839592,-74.57235960869318,-74.57235960869318
2668.420074839592,-74.56799095445552,-74.56799095445552
2668.430074839592,-74.56358257522596,-74.56358257522596
2668.440074839592,-74.55913543329528,-74.55913543329528
2668.450074839592,-74.55465047982246,-74.55465047982246
2668.460074839592,-74.55012865501912,-74.55012865501912
2668.470074839592,-74.54557088830349,-74.54557088830349
2668.480074839592,-74.54097809847698,-74.54097809847698
2668.490074839592,-74.53635119382277,-74.53635119382277
2668.500074839592,-74.5316910722368,-74.5316910722368
2668.510074839592,-74.52699862129765,-74.52699862129765
2668.520074839592,-74.52227471841938,-74.52227471841938
2668.530074839592,-74.51752023084356,-74.51752023084356
2668.540074839592,-74.51273601579571,-74.51273601579571
2668.550074839592,-74.50792292049773,-74.50792292049773
2668.560074839592,-74.50308178226334,-74.50308178226334
2668.570074839592,-74.49821342853001,-74.49821342853001
2668.580074839592,-74.493318676954,-74.493318676954
2668.590074839592,-74.4883983354051,-74.4883983354051
2668.600074839592,-74.48345320209741,-74.48345320209741
2668.610074839592,-74.47848406557128,-74.47848406557128
2668.620074839592,-74.47349170479951,-74.47349170479951
2668.630074839592,-74.4684768891945,-74.4684768891945
2668.6400748395918,-74.46344037870263,-74.46344037870263
2668.650074839592,-74.45838292382797,-74.45838292382797
2668.660074839592,-74.453305265702,-74.453305265702
2668.670074839592,-74.44820813612868,-74.44820813612868
2668.680074839592,-74.44309225764054,-74.44309225764054
2668.690074839592,-74.43795834356352,-74.43795834356352
2668.700074839592,-74.4328070980649,-74.4328070980649
2668.710074839592,-74.42763921622455,-74.42763921622455
2668.720074839592,-74.42245538407215,-74.42245538407215
2668.730074839592,-74.41725627867535,-74.41725627867535
2668.740074839592,-74.41204256817451,-74.41204256817451
2668.750074839592,-74.4068149118718,-74.4068149118718
2668.760074839592,-74.40157396026386,-74.40157396026386
2668.770074839592,-74.39632035513732,-74.39632035513732
2668.780074839592,-74.39105472962856,-74.39105472962856
2668.790074839592,-74.38577770826782,-74.38577770826782
2668.800074839592,-74.38048990706295,-74.38048990706295
2668.810074839592,-74.37519193357416,-74.37519193357416
2668.820074839592,-74.36988438695778,-74.36988438695778
2668.830074839592,-74.36456785807843,-74.36456785807843
2668.840074839592,-74.35924292953018,-74.35924292953018
2668.850074839592,-74.35391017575417,-74.35391017575417
2668.860074839592,-74.34857016306115,-74.34857016306115
2668.870074839592,-74.34322344974774,-74.34322344974774
2668.880074839592,-74.33787058615022,-74.33787058615022
2668.8900748395918,-74.33251211470358,-74.33251211470358
2668.900074839592,-74.3271485700428,-74.3271485700428
2668.910074839592,-74.32178047905707,-74.32178047905707
2668.920074839592,-74.31640836097209,-74.31640836097209
2668.930074839592,-74.31103272741349,-74.31103272741349
2668.940074839592,-74.30565408249981,-74.30565408249981
2668.950074839592,-74.3002729228938,-74.3002729228938
2668.960074839592,-74.29488973790868,-74.29488973790868
2668.970074839592,-74.28950500953583,-74.28950500953583
2668.980074839592,-74.28411921257036,-74.28411921257036
2668.990074839592,-74.27873281464976,-74.27873281464976
2669.000074863434,-74.27334626351079,-74.27334626351079
2669.010074863434,-74.26796003839122,-74.26796003839122
2669.020074863434,-74.26257457312869,-74.26257457312869
2669.030074863434,-74.25719030751954,-74.25719030751954
2669.040074863434,-74.25180767459764,-74.25180767459764
2669.050074863434,-74.24642710069298,-74.24642710069298
2669.060074863434,-74.24104900551603,-74.24104900551603
2669.070074863434,-74.23567380223363,-74.23567380223363
2669.0800748634338,-74.23030189751701,-74.23030189751701
2669.090074863434,-74.2249336916414,-74.2249336916414
2669.1000748634337,-74.21956957854755,-74.21956957854755
2669.110074863434,-74.21420994591905,-74.21420994591905
2669.1200748634337,-74.20885517524862,-74.20885517524862
2669.130074863434,-74.2035056419039,-74.2035056419039
2669.1400748634337,-74.19816171522564,-74.19816171522564
2669.150074863434,-74.19282375855798,-74.19282375855798
2669.1600748634337,-74.18749212936414,-74.18749212936414
2669.170074863434,-74.18216717924841,-74.18216717924841
2669.1800748634337,-74.17684925406688,-74.17684925406688
2669.190074863434,-74.1715386939829,-74.1715386939829
2669.2000748634337,-74.16623583351793,-74.16623583351793
2669.210074863434,-74.1609410016339,-74.1609410016339
2669.2200748634336,-74.15565452181697,-74.15565452181697
2669.230074863434,-74.15037671211532,-74.15037671211532
2669.2400748634336,-74.14510788522492,-74.14510788522492
2669.250074863434,-74.13984834855253,-74.13984834855253
2669.260074863434,-74.13459840427038,-74.13459840427038
2669.270074863434,-74.12935834939748,-74.12935834939748
2669.280074863434,-74.1241284758455,-74.1241284758455
2669.290074863434,-74.11890907049766,-74.11890907049766
2669.300074863434,-74.11370041526999,-74.11370041526999
2669.310074863434,-74.10850278717014,-74.10850278717014
2669.320074863434,-74.10331645836104,-74.10331645836104
2669.3300748634338,-74.09814169622261,-74.09814169622261
2669.340074863434,-74.09297876340817,-74.09297876340817
2669.3500748634337,-74.08782791791306,-74.08782791791306
2669.360074863434,-74.0826894131301,-74.0826894131301
2669.3700748634337,-74.07756349791005,-74.07756349791005
2669.380074863434,-74.0724504166059,-74.0724504166059
2669.3900748634337,-74.06735040917059,-74.06735040917059
2669.400074863434,-74.06226371116969,-74.06226371116969
2669.4100748634337,-74.05719055386089,-74.05719055386089
2669.420074863434,-74.05213116424697,-74.05213116424697
2669.4300748634337,-74.0470857651393,-74.0470857651393
2669.440074863434,-74.04205457519389,-74.04205457519389
2669.4500748634337,-74.03703780898269,-74.03703780898269
2669.460074863434,-74.03202923229634,-74.03202923229634
2669.4700748634336,-74.02702623705113,-74.02702623705113
2669.480074863434,-74.02202766116561,-74.02202766116561
2669.4900748634336,-74.01703300902408,-74.01703300902408
2669.500074863434,-74.01204215425348,-74.01204215425348
2669.510074863434,-74.00705518556433,-74.00705518556433
2669.520074863434,-74.0020723164107,-74.0020723164107
2669.530074863434,-73.99709383081249,-73.99709383081249
2669.540074863434,-73.99212005078135,-73.99212005078135
2669.550074863434,-73.98715131681362,-73.98715131681362
2669.560074863434,-73.98218797633571,-73.98218797633571
2669.570074863434,-73.97723037688404,-73.97723037688404
2669.5800748634338,-73.97227886226192,-73.97227886226192
2669.590074863434,-73.96733377043576,-73.96733377043576
2669.6000748634337,-73.96239543251775,-73.96239543251775
2669.610074863434,-73.95746417241887,-73.95746417241887
2669.6200748634337,-73.95254030678836,-73.95254030678836
2669.630074863434,-73.94762414524101,-73.94762414524101
2669.6400748634337,-73.94271599065047,-73.94271599065047
2669.650074863434,-73.9378161394585,-73.9378161394585
2669.6600748634337,-73.93292488205397,-73.93292488205397
2669.670074863434,-73.92804250308309,-73.92804250308309
2669.6800748634337,-73.9231692817554,-73.9231692817554
2669.690074863434,-73.91830549213745,-73.91830549213745
2669.7000748634337,-73.91345140338085,-73.91345140338085
2669.710074863434,-73.90860727994692,-73.90860727994692
2669.7200748634336,-73.9037733818129,-73.9037733818129
2669.730074863434,-73.8989499646242,-73.8989499646242
2669.7400748634336,-73.89413727983921,-73.89413727983921
2669.750074863434,-73.88933557486959,-73.88933557486959
2669.760074863434,-73.88454509317924,-73.88454509317924
2669.770074863434,-73.87976607438792,-73.87976607438792
2669.780074863434,-73.87499875436576,-73.87499875436576
2669.790074863434,-73.87024336529916,-73.87024336529916
2669.800074863434,-73.86550013574255,-73.86550013574255
2669.810074863434,-73.86076929070683,-73.86076929070683
2669.820074863434,-73.85605105168858,-73.85605105168858
2669.8300748634338,-73.85134563672158,-73.85134563672158
2669.840074863434,-73.8466532604442,-73.8466532604442
2669.8500748872757,-73.84197412294515,-73.84197412294515
2669.860074887276,-73.8373084544611,-73.8373084544611
2669.8700748872757,-73.8326564484023,-73.8326564484023
2669.880074887276,-73.82801830608872,-73.82801830608872
2669.8900748872757,-73.8233942255898,-73.8233942255898
2669.900074887276,-73.81878440176388,-73.81878440176388
2669.9100748872756,-73.81418902626665,-73.81418902626665
2669.920074887276,-73.80960828759628,-73.80960828759628
2669.9300748872756,-73.80504237110733,-73.80504237110733
2669.940074887276,-73.80049145902736,-73.80049145902736
2669.9500748872756,-73.79595573050649,-73.79595573050649
2669.960074887276,-73.79142893796242,-73.79142893796242
2669.9700748872756,-73.78690844896532,-73.78690844896532
2669.980074887276,-73.782393073308,-73.782393073308
2669.9900748872756,-73.77788228605314,-73.77788228605314
2670.000074887276,-73.77337593123704,-73.77337593123704
2670.0100748872756,-73.7688740681574,-73.7688740681574
2670.0200748872758,-73.76437688127221,-73.76437688127221
2670.0300748872755,-73.75988462615102,-73.75988462615102
2670.0400748872758,-73.75539759695772,-73.75539759695772
2670.0500748872755,-73.75091610700704,-73.75091610700704
2670.0600748872757,-73.74644047716073,-73.74644047716073
2670.0700748872755,-73.74197102904272,-73.74197102904272
2670.0800748872757,-73.73750808115695,-73.73750808115695
2670.0900748872755,-73.73305194679446,-73.73305194679446
2670.1000748872757,-73.72860293299279,-73.72860293299279
2670.110074887276,-73.724161340137,-73.724161340137
2670.1200748872757,-73.71972746193727,-73.71972746193727
2670.130074887276,-73.71530158558748,-73.71530158558748
2670.1400748872757,-73.71088399205425,-73.71088399205425
2670.150074887276,-73.7064749564001,-73.7064749564001
2670.1600748872756,-73.70207474809736,-73.70207474809736
2670.170074887276,-73.69768363135645,-73.69768363135645
2670.1800748872756,-73.69330186540479,-73.69330186540479
2670.190074887276,-73.68892970475983,-73.68892970475983
2670.2000748872756,-73.68456739945385,-73.68456739945385
2670.210074887276,-73.68021519524456,-73.68021519524456
2670.2200748872756,-73.67587333378091,-73.67587333378091
2670.230074887276,-73.67154205276698,-73.67154205276698
2670.2400748872756,-73.66722158611235,-73.66722158611235
2670.250074887276,-73.66291216402503,-73.66291216402503
2670.2600748872756,-73.65861401311676,-73.65861401311676
2670.2700748872758,-73.65432735648834,-73.65432735648834
2670.2800748872755,-73.65005241381873,-73.65005241381873
2670.2900748872758,-73.64578940140963,-73.64578940140963
2670.3000748872755,-73.64153853226426,-73.64153853226426
2670.3100748872757,-73.63730001610485,-73.63730001610485
2670.3200748872755,-73.633074059448,-73.633074059448
2670.3300748872757,-73.6288608656198,-73.6288608656198
2670.3400748872755,-73.62466063481112,-73.62466063481112
2670.3500748872757,-73.62047356409747,-73.62047356409747
2670.360074887276,-73.61629984745534,-73.61629984745534
2670.3700748872757,-73.61213967581158,-73.61213967581158
2670.380074887276,-73.60799323705143,-73.60799323705143
2670.3900748872757,-73.60386071604988,-73.60386071604988
2670.400074887276,-73.59974229468722,-73.59974229468722
2670.4100748872756,-73.595638151869,-73.595638151869
2670.420074887276,-73.59154846354633,-73.59154846354633
2670.4300748872756,-73.58747340273676,-73.58747340273676
2670.440074887276,-73.58341313955559,-73.58341313955559
2670.4500748872756,-73.57936784121375,-73.57936784121375
2670.460074887276,-73.57533767204401,-73.57533767204401
2670.4700748872756,-73.57132279353327,-73.57132279353327
2670.480074887276,-73.56732336431334,-73.56732336431334
2670.4900748872756,-73.5633395402162,-73.5633395402162
2670.500074887276,-73.55937147425313,-73.55937147425313
2670.5100748872756,-73.55541931667422,-73.55541931667422
2670.5200748872758,-73.55148321495129,-73.55148321495129
2670.5300748872755,-73.5475633138323,-73.5475633138323
2670.5400748872758,-73.54365975533302,-73.54365975533302
2670.5500748872755,-73.53977267877892,-73.53977267877892
2670.5600748872757,-73.53590222080446,-73.53590222080446
2670.5700748872755,-73.53204851539653,-73.53204851539653
2670.5800748872757,-73.52820778675698,-73.52820778675698
2670.5900748872755,-73.52437433644585,-73.52437433644585
2670.6000748872757,-73.52054235543044,-73.52054235543044
2670.610074887276,-73.51670660419231,-73.51670660419231
2670.6200748872757,-73.51286252529995,-73.51286252529995
2670.630074887276,-73.50900617888965,-73.50900617888965
2670.6400748872757,-73.50513414846881,-73.50513414846881
2670.650074887276,-73.50124345734513,-73.50124345734513
2670.6600748872756,-73.4973315016915,-73.4973315016915
2670.670074887276,-73.493395997564,-73.493395997564
2670.6800748872756,-73.48943493848827,-73.48943493848827
2670.690074887276,-73.4854465608225,-73.4854465608225
2670.7000749111176,-73.48142930543816,-73.48142930543816
2670.7100749111178,-73.47738183169592,-73.47738183169592
2670.7200749111175,-73.47330293961339,-73.47330293961339
2670.7300749111178,-73.46919159031567,-73.46919159031567
2670.7400749111175,-73.46504688124378,-73.46504688124378
2670.7500749111177,-73.46086803293045,-73.46086803293045
2670.7600749111175,-73.45665437746693,-73.45665437746693
2670.7700749111177,-73.4524053483885,-73.4524053483885
2670.7800749111175,-73.44812047179522,-73.44812047179522
2670.7900749111177,-73.44379935847844,-73.44379935847844
2670.8000749111175,-73.43944169693494,-73.43944169693494
2670.8100749111177,-73.4350472471536,-73.4350472471536
2670.8200749111174,-73.43061583502512,-73.43061583502512
2670.8300749111177,-73.4261473472915,-73.4261473472915
2670.8400749111174,-73.42164172702458,-73.42164172702458
2670.8500749111176,-73.41709896947376,-73.41709896947376
2670.8600749111174,-73.41251911830923,-73.41251911830923
2670.8700749111176,-73.40790226215029,-73.40790226215029
2670.8800749111174,-73.40324853141882,-73.40324853141882
2670.8900749111176,-73.39855809537475,-73.39855809537475
2670.9000749111174,-73.39383115945385,-73.39383115945385
2670.9100749111176,-73.38906796272688,-73.38906796272688
2670.9200749111174,-73.38426877556047,-73.38426877556047
2670.9300749111176,-73.37943389745868,-73.37943389745868
2670.9400749111173,-73.37456365501617,-73.37456365501617
2670.9500749111176,-73.36965840002163,-73.36965840002163
2670.9600749111178,-73.36471212071889,-73.36471212071889
2670.9700749111175,-73.35972242456513,-73.35972242456513
2670.9800749111178,-73.35468837706927,-73.35468837706927
2670.9900749111175,-73.34960972797205,-73.34960972797205
2671.0000749111177,-73.34448661508327,-73.34448661508327
2671.0100749111175,-73.33931940985748,-73.33931940985748
2671.0200749111177,-73.3341086263927,-73.3341086263927
2671.0300749111175,-73.32885486630595,-73.32885486630595
2671.0400749111177,-73.32355878514923,-73.32355878514923
2671.0500749111175,-73.31822107190429,-73.31822107190429
2671.0600749111177,-73.3128424363407,-73.3128424363407
2671.0700749111174,-73.30742360131288,-73.30742360131288
2671.0800749111177,-73.30196529789102,-73.30196529789102
2671.0900749111174,-73.29646826245774,-73.29646826245774
2671.1000749111176,-73.2909332347863,-73.2909332347863
2671.1100749111174,-73.28536095690441,-73.28536095690441
2671.1200749111176,-73.27975217228516,-73.27975217228516
2671.1300749111174,-73.27410762534606,-73.27410762534606
2671.1400749111176,-73.26842806105229,-73.26842806105229
2671.1500749111174,-73.26271422462443,-73.26271422462443
2671.1600749111176,-73.2569668612397,-73.2569668612397
2671.1700749111174,-73.25118671581764,-73.25118671581764
2671.1800749111176,-73.24537453274078,-73.24537453274078
2671.1900749111173,-73.23953105563103,-73.23953105563103
2671.2000749111176,-73.23365702710166,-73.23365702710166
2671.2100749111178,-73.22775318850579,-73.22775318850579
2671.2200749111175,-73.22182027967213,-73.22182027967213
2671.2300749111178,-73.2158590386621,-73.2158590386621
2671.2400749111175,-73.20987020152079,-73.20987020152079
2671.2500749111177,-73.20385450200189,-73.20385450200189
2671.2600749111175,-73.19781267136065,-73.19781267136065
2671.2700749111177,-73.19174543806882,-73.19174543806882
2671.2800749111175,-73.18565352760729,-73.18565352760729
2671.2900749111177,-73.17953766221837,-73.17953766221837
2671.3000749111175,-73.17339856070905,-73.17339856070905
2671.3100749111177,-73.16723693819385,-73.16723693819385
2671.3200749111174,-73.16105350592956,-73.16105350592956
2671.3300749111177,-73.15484897109502,-73.15484897109502
2671.3400749111174,-73.14862403661617,-73.14862403661617
2671.3500749111176,-73.14237940098494,-73.14237940098494
2671.3600749111174,-73.13611575808089,-73.13611575808089
2671.3700749111176,-73.12983379702126,-73.12983379702126
2671.3800749111174,-73.1235342019966,-73.1235342019966
2671.3900749111176,-73.11721765214897,-73.11721765214897
2671.4000749111174,-73.11088482142488,-73.11088482142488
2671.4100749111176,-73.10453637843501,-73.10453637843501
2671.4200749111174,-73.09817298636871,-73.09817298636871
2671.4300749111176,-73.09179530286414,-73.09179530286414
2671.4400749111173,-73.08540397991989,-73.08540397991989
2671.4500749111176,-73.07899966377083,-73.07899966377083
2671.4600749111178,-73.0725829948421,-73.0725829948421
2671.4700749111175,-73.06615460765612,-73.06615460765612
2671.4800749111178,-73.05971513074236,-73.05971513074236
2671.4900749111175,-73.0532651865772,-73.0532651865772
2671.5000749111177,-73.04680539154886,-73.04680539154886
2671.5100749111175,-73.04033635587639,-73.04033635587639
2671.5200749111177,-73.03385868356507,-73.03385868356507
2671.5300749111175,-73.0273729723808,-73.0273729723808
2671.5400749111177,-73.02087981377957,-73.02087981377957
2671.5500749349594,-73.01437977743483,-73.01437977743483
2671.5600749349596,-73.00787347310187,-73.00787347310187
2671.5700749349594,-73.00136145773081,-73.00136145773081
2671.5800749349596,-72.99484429735226,-72.99484429735226
2671.5900749349594,-72.9883225515962,-72.9883225515962
2671.6000749349596,-72.98179677368401,-72.98179677368401
2671.6100749349594,-72.97526751039969,-72.97526751039969
2671.6200749349596,-72.968735302104,-72.968735302104
2671.6300749349593,-72.9622006827389,-72.9622006827389
2671.6400749349596,-72.95566417981541,-72.95566417981541
2671.6500749349593,-72.94912631443798,-72.94912631443798
2671.6600749349595,-72.94258760129665,-72.94258760129665
2671.6700749349593,-72.93604854869591,-72.93604854869591
2671.6800749349595,-72.92950965856275,-72.92950965856275
2671.6900749349593,-72.92297142645334,-72.92297142645334
2671.7000749349595,-72.916434341588,-72.916434341588
2671.7100749349593,-72.90989888687383,-72.90989888687383
2671.7200749349595,-72.90336553891991,-72.90336553891991
2671.7300749349592,-72.8968347680648,-72.8968347680648
2671.7400749349595,-72.89030703842018,-72.89030703842018
2671.7500749349592,-72.88378280786,-72.88378280786
2671.7600749349594,-72.87726252811426,-72.87726252811426
2671.770074934959,-72.87074664474817,-72.87074664474817
2671.7800749349594,-72.86423559722607,-72.86423559722607
2671.790074934959,-72.85772981893578,-72.85772981893578
2671.8000749349594,-72.85122973722092,-72.85122973722092
2671.8100749349596,-72.84473577343772,-72.84473577343772
2671.8200749349594,-72.8382483429878,-72.8382483429878
2671.8300749349596,-72.83176785534829,-72.83176785534829
2671.8400749349594,-72.82529471412674,-72.82529471412674
2671.8500749349596,-72.81882931708432,-72.81882931708432
2671.8600749349594,-72.8123720562072,-72.8123720562072
2671.8700749349596,-72.80592331773562,-72.80592331773562
2671.8800749349593,-72.79948348221342,-72.79948348221342
2671.8900749349596,-72.79305292452369,-72.79305292452369
2671.9000749349593,-72.78663201394447,-72.78663201394447
2671.9100749349595,-72.78022111419274,-72.78022111419274
2671.9200749349593,-72.77382058348431,-72.77382058348431
2671.9300749349595,-72.76743077454366,-72.76743077454366
2671.9400749349593,-72.76105203471528,-72.76105203471528
2671.9500749349595,-72.75468470594458,-72.75468470594458
2671.9600749349593,-72.74832912487825,-72.74832912487825
2671.9700749349595,-72.74198562286857,-72.74198562286857
2671.9800749349592,-72.73565452607359,-72.73565452607359
2671.9900749349595,-72.72933615546425,-72.72933615546425
2672.0000749349592,-72.723030826909,-72.723030826909
2672.0100749349594,-72.71673885117697,-72.71673885117697
2672.020074934959,-72.71046053404096,-72.71046053404096
2672.0300749349594,-72.70419617628713,-72.70419617628713
2672.040074934959,-72.69794607379302,-72.69794607379302
2672.0500749349594,-72.69171051755687,-72.69171051755687
2672.0600749349596,-72.68548979375737,-72.68548979375737
2672.0700749349594,-72.67928418381705,-72.67928418381705
2672.0800749349596,-72.67309396440965,-72.67309396440965
2672.0900749349594,-72.66691940757131,-72.66691940757131
2672.1000749349596,-72.66076078068284,-72.66076078068284
2672.1100749349594,-72.65461834659088,-72.65461834659088
2672.1200749349596,-72.64849236359493,-72.64849236359493
2672.1300749349593,-72.64238308553864,-72.64238308553864
2672.1400749349596,-72.63629076182127,-72.63629076182127
2672.1500749349593,-72.63021563750557,-72.63021563750557
2672.1600749349595,-72.62415795328985,-72.62415795328985
2672.1700749349593,-72.61811794562368,-72.61811794562368
2672.1800749349595,-72.61209584672014,-72.61209584672014
2672.1900749349593,-72.60609188461109,-72.60609188461109
2672.2000749349595,-72.60010628319534,-72.60010628319534
2672.2100749349593,-72.59413926229708,-72.59413926229708
2672.2200749349595,-72.58819103770148,-72.58819103770148
2672.2300749349592,-72.58226182120376,-72.58226182120376
2672.2400749349595,-72.57635182064446,-72.57635182064446
2672.2500749349592,-72.5704612399931,-72.5704612399931
2672.2600749349594,-72.56459027934412,-72.56459027934412
2672.270074934959,-72.55873913500801,-72.55873913500801
2672.2800749349594,-72.5529079995188,-72.5529079995188
2672.290074934959,-72.54709706171495,-72.54709706171495
2672.3000749349594,-72.54130650674963,-72.54130650674963
2672.3100749349596,-72.53553651615951,-72.53553651615951
2672.3200749349594,-72.52978726791122,-72.52978726791122
2672.3300749349596,-72.52405893641165,-72.52405893641165
2672.3400749349594,-72.51835169260428,-72.51835169260428
2672.3500749349596,-72.51266570395691,-72.51266570395691
2672.3600749349594,-72.50700113453489,-72.50700113453489
2672.3700749349596,-72.50135814505288,-72.50135814505288
2672.3800749349593,-72.49573689290047,-72.49573689290047
2672.3900749349596,-72.49013753217157,-72.49013753217157
2672.4000749588013,-72.48456020044141,-72.48456020044141
2672.4100749588015,-72.47900507200306,-72.47900507200306
2672.4200749588013,-72.47347227801609,-72.47347227801609
2672.4300749588015,-72.46796195986686,-72.46796195986686
2672.4400749588012,-72.46247425585699,-72.46247425585699
2672.4500749588015,-72.45700930124818,-72.45700930124818
2672.460074958801,-72.45156091753908,-72.45156091753908
2672.4700749588014,-72.44612647710066,-72.44612647710066
2672.480074958801,-72.44070477156272,-72.44070477156272
2672.4900749588014,-72.43529524892706,-72.43529524892706
2672.500074958801,-72.42989772201642,-72.42989772201642
2672.5100749588014,-72.42451221674024,-72.42451221674024
2672.520074958801,-72.41913888302103,-72.41913888302103
2672.5300749588014,-72.41377794116534,-72.41377794116534
2672.540074958801,-72.40842964963171,-72.40842964963171
2672.5500749588014,-72.40309428562642,-72.40309428562642
2672.560074958801,-72.39777213358036,-72.39777213358036
2672.5700749588013,-72.39246347840081,-72.39246347840081
2672.580074958801,-72.3871686016015,-72.3871686016015
2672.5900749588013,-72.38188777923867,-72.38188777923867
2672.600074958801,-72.37662128087972,-72.37662128087972
2672.6100749588013,-72.3713693692433,-72.3713693692433
2672.620074958801,-72.36613230020815,-72.36613230020815
2672.6300749588013,-72.36091032299011,-72.36091032299011
2672.640074958801,-72.35570368046426,-72.35570368046426
2672.6500749588013,-72.35051260951127,-72.35051260951127
2672.6600749588015,-72.34533734138046,-72.34533734138046
2672.6700749588013,-72.34017810201347,-72.34017810201347
2672.6800749588015,-72.33503511236563,-72.33503511236563
2672.6900749588012,-72.32990858868715,-72.32990858868715
2672.7000749588015,-72.32479874279703,-72.32479874279703
2672.710074958801,-72.31970578227987,-72.31970578227987
2672.7200749588014,-72.31462991071338,-72.31462991071338
2672.730074958801,-72.30957132781671,-72.30957132781671
2672.7400749588014,-72.30453022960572,-72.30453022960572
2672.750074958801,-72.29950680852984,-72.29950680852984
2672.7600749588014,-72.29450125358932,-72.29450125358932
2672.770074958801,-72.28951375042978,-72.28951375042978
2672.7800749588014,-72.28454448141949,-72.28454448141949
2672.790074958801,-72.27959362573992,-72.27959362573992
2672.8000749588014,-72.27466135943499,-72.27466135943499
2672.810074958801,-72.26974785548029,-72.26974785548029
2672.8200749588013,-72.26485328385284,-72.26485328385284
2672.830074958801,-72.25997781153103,-72.25997781153103
2672.8400749588013,-72.2551216025754,-72.2551216025754
2672.850074958801,-72.25028481814701,-72.25028481814701
2672.8600749588013,-72.24546761654632,-72.24546761654632
2672.870074958801,-72.24067015324607,-72.24067015324607
2672.8800749588013,-72.23589258091533,-72.23589258091533
2672.890074958801,-72.23113504945212,-72.23113504945212
2672.9000749588013,-72.22639770600168,-72.22639770600168
2672.9100749588015,-72.2216806949782,-72.2216806949782
2672.9200749588013,-72.21698415810386,-72.21698415810386
2672.9300749588015,-72.21230823440808,-72.21230823440808
2672.9400749588012,-72.20765306026821,-72.20765306026821
2672.9500749588015,-72.2030187694186,-72.2030187694186
2672.960074958801,-72.19840549297544,-72.19840549297544
2672.9700749588014,-72.19381335945525,-72.19381335945525
2672.980074958801,-72.1892424948037,-72.1892424948037
2672.9900749588014,-72.18469302238204,-72.18469302238204
2673.000074958801,-72.18016506304788,-72.18016506304788
2673.0100749588014,-72.1756587351183,-72.1756587351183
2673.020074958801,-72.17117415441334,-72.17117415441334
2673.0300749588014,-72.16671143427857,-72.16671143427857
2673.040074958801,-72.16227068558936,-72.16227068558936
2673.0500749588014,-72.15785201679178,-72.15785201679178
2673.060074958801,-72.15345553391944,-72.15345553391944
2673.0700749588013,-72.14908134059769,-72.14908134059769
2673.080074958801,-72.14472953807365,-72.14472953807365
2673.0900749588013,-72.14040022523547,-72.14040022523547
2673.100074958801,-72.1360934986433,-72.1360934986433
2673.1100749588013,-72.1318094525324,-72.1318094525324
2673.120074958801,-72.12754817886778,-72.12754817886778
2673.1300749588013,-72.12330976731093,-72.12330976731093
2673.140074958801,-72.11909430528823,-72.11909430528823
2673.1500749588013,-72.11490187800702,-72.11490187800702
2673.1600749588015,-72.11073256844759,-72.11073256844759
2673.1700749588013,-72.10658645742043,-72.10658645742043
2673.1800749588015,-72.10246362355672,-72.10246362355672
2673.1900749588012,-72.09836414336287,-72.09836414336287
2673.2000749588015,-72.09428809121482,-72.09428809121482
2673.210074958801,-72.09023553940153,-72.09023553940153
2673.2200749588014,-72.08620655812173,-72.08620655812173
2673.230074958801,-72.08220121553606,-72.08220121553606
2673.2400749588014,-72.0782195777658,-72.0782195777658
2673.250074982643,-72.07426169951111,-72.07426169951111
2673.2600749826433,-72.07032766180478,-72.07032766180478
2673.270074982643,-72.06641751533698,-72.06641751533698
2673.2800749826433,-72.06253131832206,-72.06253131832206
2673.290074982643,-72.05866912706875,-72.05866912706875
2673.3000749826433,-72.0548309959979,-72.0548309959979
2673.310074982643,-72.05101697764908,-72.05101697764908
2673.3200749826433,-72.04722712270173,-72.04722712270173
2673.330074982643,-72.0434614800171,-72.0434614800171
2673.3400749826433,-72.03972009664653,-72.03972009664653
2673.350074982643,-72.03600301784832,-72.03600301784832
2673.3600749826433,-72.0323102871303,-72.0323102871303
2673.370074982643,-72.02864194624233,-72.02864194624233
2673.3800749826432,-72.02499803523486,-72.02499803523486
2673.390074982643,-72.02137859243626,-72.02137859243626
2673.400074982643,-72.01778365452039,-72.01778365452039
2673.410074982643,-72.01421325649108,-72.01421325649108
2673.420074982643,-72.01066743172338,-72.01066743172338
2673.430074982643,-72.00714621199684,-72.00714621199684
2673.440074982643,-72.00364962746694,-72.00364962746694
2673.450074982643,-72.00017770673563,-72.00017770673563
2673.460074982643,-71.99673047685701,-71.99673047685701
2673.470074982643,-71.9933079633742,-71.9933079633742
2673.480074982643,-71.98991019027925,-71.98991019027925
2673.490074982643,-71.98653718011329,-71.98653718011329
2673.500074982643,-71.98318895393341,-71.98318895393341
2673.5100749826433,-71.97986553135188,-71.97986553135188
2673.520074982643,-71.97656693056719,-71.97656693056719
2673.5300749826433,-71.97329316834404,-71.97329316834404
2673.540074982643,-71.97004426008958,-71.97004426008958
2673.5500749826433,-71.96682021981614,-71.96682021981614
2673.560074982643,-71.96362106020169,-71.96362106020169
2673.5700749826433,-71.96044679259518,-71.96044679259518
2673.580074982643,-71.95729742703224,-71.95729742703224
2673.5900749826433,-71.95417297225593,-71.95417297225593
2673.600074982643,-71.9510734357327,-71.9510734357327
2673.6100749826433,-71.94799882367599,-71.94799882367599
2673.620074982643,-71.94494914106963,-71.94494914106963
2673.6300749826432,-71.94192439167291,-71.94192439167291
2673.640074982643,-71.93892457804637,-71.93892457804637
2673.650074982643,-71.93594970156069,-71.93594970156069
2673.660074982643,-71.9329997624339,-71.9329997624339
2673.670074982643,-71.930074759727,-71.930074759727
2673.680074982643,-71.92717469137806,-71.92717469137806
2673.690074982643,-71.92429955420842,-71.92429955420842
2673.700074982643,-71.92144934394663,-71.92144934394663
2673.710074982643,-71.91861778769787,-71.91861778769787
2673.720074982643,-71.915802138835,-71.915802138835
2673.730074982643,-71.91300106120319,-71.91300106120319
2673.740074982643,-71.91021387189716,-71.91021387189716
2673.750074982643,-71.90744025187722,-71.90744025187722
2673.7600749826433,-71.90468009544286,-71.90468009544286
2673.770074982643,-71.90193342179829,-71.90193342179829
2673.7800749826433,-71.89920032185168,-71.89920032185168
2673.790074982643,-71.89648092622416,-71.89648092622416
2673.8000749826433,-71.89377538597896,-71.89377538597896
2673.810074982643,-71.89108386118616,-71.89108386118616
2673.8200749826433,-71.88840651417567,-71.88840651417567
2673.830074982643,-71.88574350571037,-71.88574350571037
2673.8400749826433,-71.88309499289699,-71.88309499289699
2673.850074982643,-71.88046112814533,-71.88046112814533
2673.8600749826433,-71.87784205880033,-71.87784205880033
2673.870074982643,-71.87523792709044,-71.87523792709044
2673.8800749826432,-71.87264887031223,-71.87264887031223
2673.890074982643,-71.87007502112942,-71.87007502112942
2673.900074982643,-71.86751650786263,-71.86751650786263
2673.910074982643,-71.86497345485867,-71.86497345485867
2673.920074982643,-71.86244598276446,-71.86244598276446
2673.930074982643,-71.85993420885062,-71.85993420885062
2673.940074982643,-71.85743824725596,-71.85743824725596
2673.950074982643,-71.85495820922645,-71.85495820922645
2673.960074982643,-71.85249420330516,-71.85249420330516
2673.970074982643,-71.85004633553623,-71.85004633553623
2673.980074982643,-71.84761470958817,-71.84761470958817
2673.990074982643,-71.84519942690203,-71.84519942690203
2674.000074982643,-71.84280058679988,-71.84280058679988
2674.0100749826433,-71.84041828657101,-71.84041828657101
2674.020074982643,-71.83805262154804,-71.83805262154804
2674.0300749826433,-71.8357036851977,-71.8357036851977
2674.040074982643,-71.83337156917365,-71.83337156917365
2674.0500749826433,-71.83105636333124,-71.83105636333124
2674.060074982643,-71.82875815580596,-71.82875815580596
2674.0700749826433,-71.82647703303098,-71.82647703303098
2674.080074982643,-71.82421307978129,-71.82421307978129
2674.0900749826433,-71.82196637917879,-71.82196637917879
2674.100075006485,-71.81973700741432,-71.81973700741432
2674.110075006485,-71.81752505502948,-71.81752505502948
2674.120075006485,-71.81533059500069,-71.81533059500069
2674.130075006485,-71.8131537040285,-71.8131537040285
2674.140075006485,-71.81099445728138,-71.81099445728138
2674.150075006485,-71.80885292836044,-71.80885292836044
2674.160075006485,-71.80672918932457,-71.80672918932457
2674.170075006485,-71.80462331068485,-71.80462331068485
2674.180075006485,-71.80253536143694,-71.80253536143694
2674.190075006485,-71.8004654090226,-71.8004654090226
2674.200075006485,-71.79841351939913,-71.79841351939913
2674.210075006485,-71.79637975698492,-71.79637975698492
2674.220075006485,-71.79436418470745,-71.79436418470745
2674.230075006485,-71.79236686398671,-71.79236686398671
2674.240075006485,-71.79038785475059,-71.79038785475059
2674.250075006485,-71.78842721545136,-71.78842721545136
2674.260075006485,-71.78648500305266,-71.78648500305266
2674.270075006485,-71.78456127303208,-71.78456127303208
2674.280075006485,-71.78265607942791,-71.78265607942791
2674.290075006485,-71.78076947479595,-71.78076947479595
2674.300075006485,-71.77890151026116,-71.77890151026116
2674.310075006485,-71.77705223548216,-71.77705223548216
2674.320075006485,-71.77522169870531,-71.77522169870531
2674.330075006485,-71.77340994673372,-71.77340994673372
2674.3400750064848,-71.77161702496255,-71.77161702496255
2674.350075006485,-71.76984297736625,-71.76984297736625
2674.360075006485,-71.76808784652401,-71.76808784652401
2674.370075006485,-71.76635167363374,-71.76635167363374
2674.380075006485,-71.76463449850408,-71.76463449850408
2674.390075006485,-71.76293635957241,-71.76293635957241
2674.400075006485,-71.76125729391892,-71.76125729391892
2674.410075006485,-71.75959733726509,-71.75959733726509
2674.420075006485,-71.75795652401393,-71.75795652401393
2674.430075006485,-71.7563348872268,-71.7563348872268
2674.440075006485,-71.75473245864428,-71.75473245864428
2674.450075006485,-71.75314926870851,-71.75314926870851
2674.460075006485,-71.75158534657393,-71.75158534657393
2674.470075006485,-71.75004072010192,-71.75004072010192
2674.480075006485,-71.74851541588524,-71.74851541588524
2674.490075006485,-71.74700945926946,-71.74700945926946
2674.500075006485,-71.74552287435279,-71.74552287435279
2674.510075006485,-71.74405568398726,-71.74405568398726
2674.520075006485,-71.74260790981947,-71.74260790981947
2674.530075006485,-71.74117957228275,-71.74117957228275
2674.540075006485,-71.7397706906132,-71.7397706906132
2674.550075006485,-71.7383812828696,-71.7383812828696
2674.560075006485,-71.73701136593874,-71.73701136593874
2674.570075006485,-71.73566095555995,-71.73566095555995
2674.580075006485,-71.7343300663093,-71.7343300663093
2674.5900750064848,-71.73301871164924,-71.73301871164924
2674.600075006485,-71.73172690392435,-71.73172690392435
2674.610075006485,-71.73045465437004,-71.73045465437004
2674.620075006485,-71.72920197314237,-71.72920197314237
2674.630075006485,-71.72796886930692,-71.72796886930692
2674.640075006485,-71.72675535086957,-71.72675535086957
2674.650075006485,-71.7255614247824,-71.7255614247824
2674.660075006485,-71.72438709697214,-71.72438709697214
2674.670075006485,-71.72323237232713,-71.72323237232713
2674.680075006485,-71.72209725473064,-71.72209725473064
2674.690075006485,-71.72098174706926,-71.72098174706926
2674.700075006485,-71.71988585125135,-71.71988585125135
2674.710075006485,-71.71880331662219,-71.71880331662219
2674.720075006485,-71.71773140853644,-71.71773140853644
2674.730075006485,-71.71666879848655,-71.71666879848655
2674.740075006485,-71.71561480913208,-71.71561480913208
2674.750075006485,-71.71456912582218,-71.71456912582218
2674.760075006485,-71.71353164658989,-71.71353164658989
2674.770075006485,-71.71250239407776,-71.71250239407776
2674.780075006485,-71.71148146257391,-71.71148146257391
2674.790075006485,-71.7104689861336,-71.7104689861336
2674.800075006485,-71.70946511939678,-71.70946511939678
2674.810075006485,-71.70847002622203,-71.70847002622203
2674.820075006485,-71.70748387295062,-71.70748387295062
2674.830075006485,-71.70650682460152,-71.70650682460152
2674.8400750064848,-71.70553904277257,-71.70553904277257
2674.850075006485,-71.70458068460279,-71.70458068460279
2674.860075006485,-71.70363190239011,-71.70363190239011
2674.870075006485,-71.70269284355044,-71.70269284355044
2674.880075006485,-71.70176365076651,-71.70176365076651
2674.890075006485,-71.70084446228925,-71.70084446228925
2674.900075006485,-71.69993541222671,-71.69993541222671
2674.910075006485,-71.69903663087979,-71.69903663087979
2674.920075006485,-71.69814824502852,-71.69814824502852
2674.930075006485,-71.69727037823738,-71.69727037823738
2674.940075006485,-71.69640315109012,-71.69640315109012
2674.950075030327,-71.69554667939165,-71.69554667939165
2674.960075030327,-71.69469483317832,-71.69469483317832
2674.970075030327,-71.69384498971627,-71.69384498971627
2674.980075030327,-71.69299593255164,-71.69299593255164
2674.990075030327,-71.69214709491848,-71.69214709491848
2675.000075030327,-71.69129827147327,-71.69129827147327
2675.010075030327,-71.69044946847163,-71.69044946847163
2675.020075030327,-71.68960081578332,-71.68960081578332
2675.0300750303268,-71.68875251402345,-71.68875251402345
2675.040075030327,-71.68790480274387,-71.68790480274387
2675.0500750303268,-71.68705794130913,-71.68705794130913
2675.060075030327,-71.68621219753729,-71.68621219753729
2675.0700750303267,-71.68536784099902,-71.68536784099902
2675.080075030327,-71.68452513922406,-71.68452513922406
2675.0900750303267,-71.68368435562387,-71.68368435562387
2675.100075030327,-71.68284574845265,-71.68284574845265
2675.1100750303267,-71.6820095703998,-71.6820095703998
2675.120075030327,-71.68117606856755,-71.68117606856755
2675.1300750303267,-71.68034548465366,-71.68034548465366
2675.140075030327,-71.67951805516762,-71.67951805516762
2675.1500750303267,-71.67869401177055,-71.67869401177055
2675.160075030327,-71.67787358158662,-71.67787358158662
2675.1700750303266,-71.67705698747683,-71.67705698747683
2675.180075030327,-71.67620306691376,-71.67620306691376
2675.1900750303266,-71.67529503611105,-71.67529503611105
2675.200075030327,-71.67432384391581,-71.67432384391581
2675.210075030327,-71.67328447530015,-71.67328447530015
2675.220075030327,-71.67217437118208,-71.67217437118208
2675.230075030327,-71.67099243993913,-71.67099243993913
2675.240075030327,-71.66973844070391,-71.66973844070391
2675.250075030327,-71.66841261491899,-71.66841261491899
2675.260075030327,-71.6670154726042,-71.6670154726042
2675.270075030327,-71.66554767085842,-71.66554767085842
2675.2800750303268,-71.6640099461202,-71.6640099461202
2675.290075030327,-71.66240307725354,-71.66240307725354
2675.3000750303268,-71.66072786616354,-71.66072786616354
2675.310075030327,-71.65898512812979,-71.65898512812979
2675.3200750303267,-71.65717568742461,-71.65717568742461
2675.330075030327,-71.65530037567122,-71.65530037567122
2675.3400750303267,-71.65336003149667,-71.65336003149667
2675.350075030327,-71.65135550075249,-71.65135550075249
2675.3600750303267,-71.6492876368048,-71.6492876368048
2675.370075030327,-71.64715730078215,-71.64715730078215
2675.3800750303267,-71.64496536166692,-71.64496536166692
2675.390075030327,-71.64271269618229,-71.64271269618229
2675.4000750303267,-71.64040018857415,-71.64040018857415
2675.410075030327,-71.63802873017593,-71.63802873017593
2675.4200750303266,-71.63559921893764,-71.63559921893764
2675.430075030327,-71.63311255882059,-71.63311255882059
2675.4400750303266,-71.63056965917075,-71.63056965917075
2675.450075030327,-71.6279714340565,-71.6279714340565
2675.460075030327,-71.62531256238069,-71.62531256238069
2675.470075030327,-71.62259123948422,-71.62259123948422
2675.480075030327,-71.61980706814373,-71.61980706814373
2675.490075030327,-71.6169603036656,-71.6169603036656
2675.500075030327,-71.61405156519477,-71.61405156519477
2675.510075030327,-71.61108168547085,-71.61108168547085
2675.520075030327,-71.6080516223552,-71.6080516223552
2675.5300750303268,-71.60496240548996,-71.60496240548996
2675.540075030327,-71.60181510396113,-71.60181510396113
2675.5500750303268,-71.59861080671061,-71.59861080671061
2675.560075030327,-71.59535061068682,-71.59535061068682
2675.5700750303267,-71.59203561369915,-71.59203561369915
2675.580075030327,-71.58866691016534,-71.58866691016534
2675.5900750303267,-71.58524558859628,-71.58524558859628
2675.600075030327,-71.58177273018762,-71.58177273018762
2675.6100750303267,-71.57824940805041,-71.57824940805041
2675.620075030327,-71.57467668680171,-71.57467668680171
2675.6300750303267,-71.57105562240558,-71.57105562240558
2675.640075030327,-71.56738726215023,-71.56738726215023
2675.6500750303267,-71.56367264462982,-71.56367264462982
2675.660075030327,-71.55991279980945,-71.55991279980945
2675.6700750303266,-71.55610874908336,-71.55610874908336
2675.680075030327,-71.5522615052725,-71.5522615052725
2675.6900750303266,-71.54837207270091,-71.54837207270091
2675.700075030327,-71.54444144718657,-71.54444144718657
2675.710075030327,-71.54047061603873,-71.54047061603873
2675.720075030327,-71.53646055807084,-71.53646055807084
2675.730075030327,-71.53241224355047,-71.53241224355047
2675.740075030327,-71.52832663419923,-71.52832663419923
2675.750075030327,-71.52420468313301,-71.52420468313301
2675.760075030327,-71.52004733483002,-71.52004733483002
2675.770075030327,-71.5158555250898,-71.5158555250898
2675.7800750303268,-71.5116301809772,-71.5116301809772
2675.790075030327,-71.50737222079684,-71.50737222079684
2675.8000750541687,-71.50308254380151,-71.50308254380151
2675.810075054169,-71.49876207093101,-71.49876207093101
2675.8200750541687,-71.49441168381846,-71.49441168381846
2675.830075054169,-71.49003226521896,-71.49003226521896
2675.8400750541687,-71.48562468891755,-71.48562468891755
2675.850075054169,-71.48118981968415,-71.48118981968415
2675.8600750541686,-71.47672851326313,-71.47672851326313
2675.870075054169,-71.47224161631402,-71.47224161631402
2675.8800750541686,-71.46772996644052,-71.46772996644052
2675.890075054169,-71.4631943921076,-71.4631943921076
2675.9000750541686,-71.45863571269335,-71.45863571269335
2675.910075054169,-71.45405473844151,-71.45405473844151
2675.9200750541686,-71.44945227047337,-71.44945227047337
2675.930075054169,-71.44482910077068,-71.44482910077068
2675.9400750541686,-71.44018601221187,-71.44018601221187
2675.950075054169,-71.43552377853675,-71.43552377853675
2675.9600750541686,-71.43084316440243,-71.43084316440243
2675.970075054169,-71.42614492535516,-71.42614492535516
2675.9800750541685,-71.42142980789541,-71.42142980789541
2675.9900750541688,-71.41669854945086,-71.41669854945086
2676.0000750541685,-71.41195187843796,-71.41195187843796
2676.0100750541687,-71.4071905142793,-71.4071905142793
2676.0200750541685,-71.40241516741987,-71.40241516741987
2676.0300750541687,-71.39762653938458,-71.39762653938458
2676.0400750541685,-71.39282532280592,-71.39282532280592
2676.0500750541687,-71.38801220146206,-71.38801220146206
2676.060075054169,-71.38318785031801,-71.38318785031801
2676.0700750541687,-71.37835293557231,-71.37835293557231
2676.080075054169,-71.37350811469135,-71.37350811469135
2676.0900750541687,-71.36865403648709,-71.36865403648709
2676.100075054169,-71.36379134113888,-71.36379134113888
2676.1100750541686,-71.35892066025608,-71.35892066025608
2676.120075054169,-71.35404261693616,-71.35404261693616
2676.1300750541686,-71.34915782581935,-71.34915782581935
2676.140075054169,-71.34426689313459,-71.34426689313459
2676.1500750541686,-71.33937041676965,-71.33937041676965
2676.160075054169,-71.33446898633845,-71.33446898633845
2676.1700750541686,-71.32956318322198,-71.32956318322198
2676.180075054169,-71.32465358064175,-71.32465358064175
2676.1900750541686,-71.31974074373275,-71.31974074373275
2676.200075054169,-71.31482522959462,-71.31482522959462
2676.2100750541686,-71.30990758735973,-71.30990758735973
2676.220075054169,-71.30498835825807,-71.30498835825807
2676.2300750541685,-71.3000680756924,-71.3000680756924
2676.2400750541688,-71.29514726530033,-71.29514726530033
2676.2500750541685,-71.29022644502076,-71.29022644502076
2676.2600750541687,-71.28530612517345,-71.28530612517345
2676.2700750541685,-71.28038680851579,-71.28038680851579
2676.2800750541687,-71.27546899030938,-71.27546899030938
2676.2900750541685,-71.27055315842634,-71.27055315842634
2676.3000750541687,-71.26563979336066,-71.26563979336066
2676.310075054169,-71.26072936834528,-71.26072936834528
2676.3200750541687,-71.2558223494112,-71.2558223494112
2676.330075054169,-71.25091919546144,-71.25091919546144
2676.3400750541687,-71.24602035832537,-71.24602035832537
2676.350075054169,-71.24112628284826,-71.24112628284826
2676.3600750541686,-71.23623740696443,-71.23623740696443
2676.370075054169,-71.23135416175762,-71.23135416175762
2676.3800750541686,-71.22647697153607,-71.22647697153607
2676.390075054169,-71.22160625390414,-71.22160625390414
2676.4000750541686,-71.21674241984144,-71.21674241984144
2676.410075054169,-71.21188587376346,-71.21188587376346
2676.4200750541686,-71.20703701359997,-71.20703701359997
2676.430075054169,-71.20219623085674,-71.20219623085674
2676.4400750541686,-71.19736391071041,-71.19736391071041
2676.450075054169,-71.19254043203877,-71.19254043203877
2676.4600750541686,-71.18772616753704,-71.18772616753704
2676.470075054169,-71.18292148374776,-71.18292148374776
2676.4800750541685,-71.17812674116176,-71.17812674116176
2676.4900750541688,-71.17334229426281,-71.17334229426281
2676.5000750541685,-71.16856849161523,-71.16856849161523
2676.5100750541687,-71.16380567591773,-71.16380567591773
2676.5200750541685,-71.15905418409346,-71.15905418409346
2676.5300750541687,-71.15431434733235,-71.15431434733235
2676.5400750541685,-71.14958649117462,-71.14958649117462
2676.5500750541687,-71.14487093557833,-71.14487093557833
2676.560075054169,-71.14016799497189,-71.14016799497189
2676.5700750541687,-71.13547797833372,-71.13547797833372
2676.580075054169,-71.13080118925835,-71.13080118925835
2676.5900750541687,-71.1261379260158,-71.1261379260158
2676.600075054169,-71.12148848161642,-71.12148848161642
2676.6100750541686,-71.11685314388271,-71.11685314388271
2676.620075054169,-71.11223219550834,-71.11223219550834
2676.6300750541686,-71.10762591411148,-71.10762591411148
2676.640075054169,-71.10303457230792,-71.10303457230792
2676.6500750780106,-71.0984584268942,-71.0984584268942
2676.660075078011,-71.09389776249466,-71.09389776249466
2676.6700750780105,-71.08935282616258,-71.08935282616258
2676.6800750780108,-71.08482387112173,-71.08482387112173
2676.6900750780105,-71.08031114591137,-71.08031114591137
2676.7000750780107,-71.07581489442131,-71.07581489442131
2676.7100750780105,-71.07132917147722,-71.07132917147722
2676.7200750780107,-71.06685151288981,-71.06685151288981
2676.7300750780105,-71.06238084288667,-71.06238084288667
2676.7400750780107,-71.05791672569072,-71.05791672569072
2676.7500750780105,-71.05345907997953,-71.05345907997953
2676.7600750780107,-71.04900803059766,-71.04900803059766
2676.7700750780104,-71.04456382163778,-71.04456382163778
2676.7800750780107,-71.0401267642369,-71.0401267642369
2676.7900750780104,-71.03569720519864,-71.03569720519864
2676.8000750780107,-71.03127550818476,-71.03127550818476
2676.8100750780104,-71.02686204257519,-71.02686204257519
2676.8200750780106,-71.02245717690307,-71.02245717690307
2676.8300750780104,-71.01806127517462,-71.01806127517462
2676.8400750780106,-71.01367469485234,-71.01367469485234
2676.8500750780104,-71.00929778591717,-71.00929778591717
2676.8600750780106,-71.00493089050154,-71.00493089050154
2676.8700750780104,-71.00057434292167,-71.00057434292167
2676.8800750780106,-70.99622846987805,-70.99622846987805
2676.8900750780103,-70.99189359076492,-70.99189359076492
2676.9000750780106,-70.9875700180089,-70.9875700180089
2676.910075078011,-70.98325805743907,-70.98325805743907
2676.9200750780105,-70.97895800861706,-70.97895800861706
2676.9300750780108,-70.97467016514005,-70.97467016514005
2676.9400750780105,-70.97039481495348,-70.97039481495348
2676.9500750780107,-70.96613224057033,-70.96613224057033
2676.9600750780105,-70.96188271934403,-70.96188271934403
2676.9700750780107,-70.95764652362335,-70.95764652362335
2676.9800750780105,-70.95342392097359,-70.95342392097359
2676.9900750780107,-70.94921517429937,-70.94921517429937
2677.0000750780105,-70.94502054199283,-70.94502054199283
2677.0100750780107,-70.94084027805552,-70.94084027805552
2677.0200750780104,-70.93667463219614,-70.93667463219614
2677.0300750780107,-70.93252384995017,-70.93252384995017
2677.0400750780104,-70.92838817273368,-70.92838817273368
2677.0500750780107,-70.92426783792774,-70.92426783792774
2677.0600750780104,-70.9201630789709,-70.9201630789709
2677.0700750780106,-70.91607412536797,-70.91607412536797
2677.0800750780104,-70.9120012028019,-70.9120012028019
2677.0900750780106,-70.90794453313461,-70.90794453313461
2677.1000750780104,-70.9039043345,-70.9039043345
2677.1100750780106,-70.89988082131111,-70.89988082131111
2677.1200750780104,-70.895874204319,-70.895874204319
2677.1300750780106,-70.89188469064584,-70.89188469064584
2677.1400750780103,-70.88791248383497,-70.88791248383497
2677.1500750780106,-70.88395778386453,-70.88395778386453
2677.160075078011,-70.88002078719674,-70.88002078719674
2677.1700750780105,-70.87610168680045,-70.87610168680045
2677.1800750780108,-70.87220067219104,-70.87220067219104
2677.1900750780105,-70.86831792946158,-70.86831792946158
2677.2000750780107,-70.86445364130721,-70.86445364130721
2677.2100750780105,-70.86060798706967,-70.86060798706967
2677.2200750780107,-70.85678114274977,-70.85678114274977
2677.2300750780105,-70.85297328103755,-70.85297328103755
2677.2400750780107,-70.84918457135765,-70.84918457135765
2677.2500750780105,-70.8454151798968,-70.8454151798968
2677.2600750780107,-70.84166526960223,-70.84166526960223
2677.2700750780104,-70.8379350002665,-70.8379350002665
2677.2800750780107,-70.83422452850111,-70.83422452850111
2677.2900750780104,-70.83053400780136,-70.83053400780136
2677.3000750780107,-70.82686358855514,-70.82686358855514
2677.3100750780104,-70.82321341809812,-70.82321341809812
2677.3200750780106,-70.81958364070665,-70.81958364070665
2677.3300750780104,-70.81597439765818,-70.81597439765818
2677.3400750780106,-70.8123858272436,-70.8123858272436
2677.3500750780104,-70.80881806480782,-70.80881806480782
2677.3600750780106,-70.80527124277171,-70.80527124277171
2677.3700750780104,-70.80174549066595,-70.80174549066595
2677.3800750780106,-70.7982409351452,-70.7982409351452
2677.3900750780103,-70.79475770004863,-70.79475770004863
2677.4000750780106,-70.79129590641107,-70.79129590641107
2677.410075078011,-70.78785567247624,-70.78785567247624
2677.4200750780105,-70.7844371137644,-70.7844371137644
2677.4300750780108,-70.78104034306996,-70.78104034306996
2677.4400750780105,-70.7776654705061,-70.7776654705061
2677.4500750780107,-70.77431260352515,-70.77431260352515
2677.4600750780105,-70.77098184696622,-70.77098184696622
2677.4700750780107,-70.76767330305736,-70.76767330305736
2677.4800750780105,-70.76438707147275,-70.76438707147275
2677.4900750780107,-70.76112324934265,-70.76112324934265
2677.5000751018524,-70.7578819235821,-70.7578819235821
2677.5100751018526,-70.75466320182588,-70.75466320182588
2677.5200751018524,-70.75146716599538,-70.75146716599538
2677.5300751018526,-70.74829390336215,-70.74829390336215
2677.5400751018524,-70.74514349882116,-70.74514349882116
2677.5500751018526,-70.74201603488942,-70.74201603488942
2677.5600751018524,-70.73891159176564,-70.73891159176564
2677.5700751018526,-70.73583024733864,-70.73583024733864
2677.5800751018523,-70.73277207721603,-70.73277207721603
2677.5900751018526,-70.729737154762,-70.729737154762
2677.6000751018523,-70.72672555111639,-70.72672555111639
2677.6100751018525,-70.72373733523914,-70.72373733523914
2677.6200751018523,-70.72077257391906,-70.72077257391906
2677.6300751018525,-70.7178313318077,-70.7178313318077
2677.6400751018523,-70.71491367144206,-70.71491367144206
2677.6500751018525,-70.71201965328989,-70.71201965328989
2677.6600751018523,-70.7091493357584,-70.7091493357584
2677.6700751018525,-70.70630277523914,-70.70630277523914
2677.6800751018523,-70.70348002611266,-70.70348002611266
2677.6900751018525,-70.7006811407804,-70.7006811407804
2677.7000751018522,-70.69790616971508,-70.69790616971508
2677.7100751018525,-70.69515516145451,-70.69515516145451
2677.720075101852,-70.69242816263944,-70.69242816263944
2677.7300751018524,-70.68972521805013,-70.68972521805013
2677.740075101852,-70.68704637062113,-70.68704637062113
2677.7500751018524,-70.68439166147147,-70.68439166147147
2677.7600751018526,-70.68176112991921,-70.68176112991921
2677.7700751018524,-70.679154813519,-70.679154813519
2677.7800751018526,-70.6765727480797,-70.6765727480797
2677.7900751018524,-70.6740149676934,-70.6740149676934
2677.8000751018526,-70.67148150475279,-70.67148150475279
2677.8100751018524,-70.66897238998979,-70.66897238998979
2677.8200751018526,-70.6664876524765,-70.6664876524765
2677.8300751018523,-70.66402731967024,-70.66402731967024
2677.8400751018526,-70.66159141741001,-70.66159141741001
2677.8500751018523,-70.65917996998353,-70.65917996998353
2677.8600751018525,-70.65679300011371,-70.65679300011371
2677.8700751018523,-70.65443052898259,-70.65443052898259
2677.8800751018525,-70.65209257627114,-70.65209257627114
2677.8900751018523,-70.64977916017037,-70.64977916017037
2677.9000751018525,-70.64749029740209,-70.64749029740209
2677.9100751018523,-70.6452260032482,-70.6452260032482
2677.9200751018525,-70.64298629157258,-70.64298629157258
2677.9300751018523,-70.64077117482555,-70.64077117482555
2677.9400751018525,-70.6385806640729,-70.6385806640729
2677.9500751018522,-70.63641476904124,-70.63641476904124
2677.9600751018525,-70.63426734984041,-70.63426734984041
2677.970075101852,-70.63213572816453,-70.63213572816453
2677.9800751018524,-70.63001860838075,-70.63001860838075
2677.990075101852,-70.6279153339363,-70.6279153339363
2678.0000751018524,-70.62582560361406,-70.62582560361406
2678.0100751018526,-70.62374932417453,-70.62374932417453
2678.0200751018524,-70.62168652392101,-70.62168652392101
2678.0300751018526,-70.6196373008536,-70.6196373008536
2678.0400751018524,-70.61760179142861,-70.61760179142861
2678.0500751018526,-70.61558015183786,-70.61558015183786
2678.0600751018524,-70.61357254690981,-70.61357254690981
2678.0700751018526,-70.61157914354551,-70.61157914354551
2678.0800751018523,-70.60960010702898,-70.60960010702898
2678.0900751018526,-70.60763559897778,-70.60763559897778
2678.1000751018523,-70.60568577638395,-70.60568577638395
2678.1100751018525,-70.60375079120284,-70.60375079120284
2678.1200751018523,-70.60183079036385,-70.60183079036385
2678.1300751018525,-70.59992591590576,-70.59992591590576
2678.1400751018523,-70.59803630527323,-70.59803630527323
2678.1500751018525,-70.59616209161577,-70.59616209161577
2678.1600751018523,-70.59430340410447,-70.59430340410447
2678.1700751018525,-70.59246036823465,-70.59246036823465
2678.1800751018523,-70.59063310612011,-70.59063310612011
2678.1900751018525,-70.58882173671559,-70.58882173671559
2678.2000751018522,-70.58702637606743,-70.58702637606743
2678.2100751018525,-70.58524713747609,-70.58524713747609
2678.220075101852,-70.58348413170629,-70.58348413170629
2678.2300751018524,-70.58173746709635,-70.58173746709635
2678.240075101852,-70.58000724969864,-70.58000724969864
2678.2500751018524,-70.57829358337715,-70.57829358337715
2678.2600751018526,-70.5765965699085,-70.5765965699085
2678.2700751018524,-70.57491630904987,-70.57491630904987
2678.2800751018526,-70.5732528986099,-70.5732528986099
2678.2900751018524,-70.57160643449149,-70.57160643449149
2678.3000751018526,-70.56997701076261,-70.56997701076261
2678.3100751018524,-70.56836471966922,-70.56836471966922
2678.3200751018526,-70.56676965167122,-70.56676965167122
2678.3300751018523,-70.56519189550463,-70.56519189550463
2678.3400751018526,-70.56363153813956,-70.56363153813956
2678.3500751256943,-70.56208866120146,-70.56208866120146
2678.3600751256945,-70.56056335567531,-70.56056335567531
2678.3700751256943,-70.55905569976429,-70.55905569976429
2678.3800751256945,-70.55756577372335,-70.55756577372335
2678.3900751256942,-70.55609365616934,-70.55609365616934
2678.4000751256945,-70.55463942406813,-70.55463942406813
2678.410075125694,-70.55320315276462,-70.55320315276462
2678.4200751256944,-70.55178491597292,-70.55178491597292
2678.430075125694,-70.55038478580592,-70.55038478580592
2678.4400751256944,-70.54900283275197,-70.54900283275197
2678.450075125694,-70.54763912571185,-70.54763912571185
2678.4600751256944,-70.54629373199455,-70.54629373199455
2678.470075125694,-70.54496671731846,-70.54496671731846
2678.4800751256944,-70.54365814581533,-70.54365814581533
2678.490075125694,-70.5423680800597,-70.5423680800597
2678.5000751256944,-70.5410965810506,-70.5410965810506
2678.510075125694,-70.53984370823937,-70.53984370823937
2678.5200751256943,-70.53860951952339,-70.53860951952339
2678.530075125694,-70.53739407125009,-70.53739407125009
2678.5400751256943,-70.53619741824009,-70.53619741824009
2678.550075125694,-70.5350196137943,-70.5350196137943
2678.5600751256943,-70.53386070968743,-70.53386070968743
2678.570075125694,-70.53272075619408,-70.53272075619408
2678.5800751256943,-70.53159980208012,-70.53159980208012
2678.590075125694,-70.53049789463503,-70.53049789463503
2678.6000751256943,-70.52941507965119,-70.52941507965119
2678.6100751256945,-70.52835140147008,-70.52835140147008
2678.6200751256943,-70.52730690296256,-70.52730690296256
2678.6300751256945,-70.52628162556003,-70.52628162556003
2678.6400751256942,-70.52527560924216,-70.52527560924216
2678.6500751256945,-70.5242888925757,-70.5242888925757
2678.660075125694,-70.523321512713,-70.523321512713
2678.6700751256944,-70.52237350539727,-70.52237350539727
2678.680075125694,-70.52144490497656,-70.52144490497656
2678.6900751256944,-70.52053574442905,-70.52053574442905
2678.700075125694,-70.51964605535879,-70.51964605535879
2678.7100751256944,-70.51877586801946,-70.51877586801946
2678.720075125694,-70.51792521131897,-70.51792521131897
2678.7300751256944,-70.51709411283979,-70.51709411283979
2678.740075125694,-70.51628259884363,-70.51628259884363
2678.7500751256944,-70.51549069429893,-70.51549069429893
2678.760075125694,-70.51471842286696,-70.51471842286696
2678.7700751256943,-70.51396580694522,-70.51396580694522
2678.780075125694,-70.51323286766932,-70.51323286766932
2678.7900751256943,-70.5125196249096,-70.5125196249096
2678.800075125694,-70.5118260973203,-70.5118260973203
2678.8100751256943,-70.51115230231994,-70.51115230231994
2678.820075125694,-70.51049825611835,-70.51049825611835
2678.8300751256943,-70.50986397373225,-70.50986397373225
2678.840075125694,-70.50924946900734,-70.50924946900734
2678.8500751256943,-70.50865475459698,-70.50865475459698
2678.8600751256945,-70.50807984202724,-70.50807984202724
2678.8700751256943,-70.5075247416732,-70.5075247416732
2678.8800751256945,-70.50698946277997,-70.50698946277997
2678.8900751256942,-70.50647401348598,-70.50647401348598
2678.9000751256945,-70.5059784008261,-70.5059784008261
2678.910075125694,-70.50550263076295,-70.50550263076295
2678.9200751256944,-70.5050467081836,-70.5050467081836
2678.930075125694,-70.50461063690842,-70.50461063690842
2678.9400751256944,-70.50419441972386,-70.50419441972386
2678.950075125694,-70.50379805839263,-70.50379805839263
2678.9600751256944,-70.5034215536471,-70.5034215536471
2678.970075125694,-70.5030649052361,-70.5030649052361
2678.9800751256944,-70.50272811190705,-70.50272811190705
2678.990075125694,-70.50241117144495,-70.50241117144495
2679.0000751256944,-70.50211408065813,-70.50211408065813
2679.010075125694,-70.501836835422,-70.501836835422
2679.0200751256943,-70.50157943067424,-70.50157943067424
2679.030075125694,-70.50134186043536,-70.50134186043536
2679.0400751256943,-70.5011241178025,-70.5011241178025
2679.050075125694,-70.50092619499728,-70.50092619499728
2679.0600751256943,-70.50074808334624,-70.50074808334624
2679.070075125694,-70.50058977332627,-70.50058977332627
2679.0800751256943,-70.500451254539,-70.500451254539
2679.090075125694,-70.5003325157612,-70.5003325157612
2679.1000751256943,-70.50023354491665,-70.50023354491665
2679.1100751256945,-70.50015432913246,-70.50015432913246
2679.1200751256943,-70.50009485472091,-70.50009485472091
2679.1300751256945,-70.50005510720973,-70.50005510720973
2679.1400751256942,-70.50003507133987,-70.50003507133987
2679.1500751256945,-70.500034731089,-70.500034731089
2679.160075125694,-70.50005406967631,-70.50005406967631
2679.1700751256944,-70.5000930695763,-70.5000930695763
2679.180075125694,-70.50015171253125,-70.50015171253125
2679.1900751256944,-70.50022997956893,-70.50022997956893
2679.200075149536,-70.50032785124453,-70.50032785124453
2679.2100751495364,-70.50044530674977,-70.50044530674977
2679.220075149536,-70.50058232519626,-70.50058232519626
2679.2300751495363,-70.50073888484467,-70.50073888484467
2679.240075149536,-70.50091496328642,-70.50091496328642
2679.2500751495363,-70.50111053747061,-70.50111053747061
2679.260075149536,-70.50132558369415,-70.50132558369415
2679.2700751495363,-70.5015600776338,-70.5015600776338
2679.280075149536,-70.50181399433819,-70.50181399433819
2679.2900751495363,-70.50208730824907,-70.50208730824907
2679.300075149536,-70.50237999321163,-70.50237999321163
2679.3100751495363,-70.5026920224845,-70.5026920224845
2679.320075149536,-70.50302336874078,-70.50302336874078
2679.3300751495362,-70.50337400409022,-70.50337400409022
2679.340075149536,-70.50374390008281,-70.50374390008281
2679.350075149536,-70.50413302772544,-70.50413302772544
2679.360075149536,-70.50454135749088,-70.50454135749088
2679.370075149536,-70.50496885930669,-70.50496885930669
2679.380075149536,-70.50541550260228,-70.50541550260228
2679.390075149536,-70.50588125627372,-70.50588125627372
2679.400075149536,-70.50636608874177,-70.50636608874177
2679.410075149536,-70.50686996791951,-70.50686996791951
2679.420075149536,-70.50739286124534,-70.50739286124534
2679.430075149536,-70.50793473567705,-70.50793473567705
2679.440075149536,-70.50849555772186,-70.50849555772186
2679.450075149536,-70.50907529341944,-70.50907529341944
2679.4600751495364,-70.50967390837219,-70.50967390837219
2679.470075149536,-70.51029136773707,-70.51029136773707
2679.4800751495363,-70.51092763624455,-70.51092763624455
2679.490075149536,-70.51158267820085,-70.51158267820085
2679.5000751495363,-70.51225645751168,-70.51225645751168
2679.510075149536,-70.51294893766477,-70.51294893766477
2679.5200751495363,-70.51366008174239,-70.51366008174239
2679.530075149536,-70.51438985246337,-70.51438985246337
2679.5400751495363,-70.51513821214635,-70.51513821214635
2679.550075149536,-70.51590512273825,-70.51590512273825
2679.5600751495363,-70.51669054583667,-70.51669054583667
2679.570075149536,-70.51749444265626,-70.51749444265626
2679.5800751495362,-70.5183167740719,-70.5183167740719
2679.590075149536,-70.51915750061602,-70.51915750061602
2679.600075149536,-70.52001658248919,-70.52001658248919
2679.610075149536,-70.52089397955542,-70.52089397955542
2679.620075149536,-70.52178965135202,-70.52178965135202
2679.630075149536,-70.52270355710348,-70.52270355710348
2679.640075149536,-70.52363565573454,-70.52363565573454
2679.650075149536,-70.52458590586086,-70.52458590586086
2679.660075149536,-70.52555426580014,-70.52555426580014
2679.670075149536,-70.52654069359593,-70.52654069359593
2679.680075149536,-70.5275451469847,-70.5275451469847
2679.690075149536,-70.52856758344451,-70.52856758344451
2679.700075149536,-70.52960796017183,-70.52960796017183
2679.7100751495364,-70.53066008967062,-70.53066008967062
2679.720075149536,-70.53172124074122,-70.53172124074122
2679.7300751495363,-70.53279006367364,-70.53279006367364
2679.740075149536,-70.53386584806354,-70.53386584806354
2679.7500751495363,-70.53494823949704,-70.53494823949704
2679.760075149536,-70.5360370924649,-70.5360370924649
2679.7700751495363,-70.53713238411692,-70.53713238411692
2679.780075149536,-70.53823416241018,-70.53823416241018
2679.7900751495363,-70.5393425149631,-70.5393425149631
2679.800075149536,-70.54045755036985,-70.54045755036985
2679.8100751495363,-70.54157938704554,-70.54157938704554
2679.820075149536,-70.54270814669746,-70.54270814669746
2679.8300751495362,-70.54384395058274,-70.54384395058274
2679.840075149536,-70.54498691746105,-70.54498691746105
2679.850075149536,-70.5461371625819,-70.5461371625819
2679.860075149536,-70.54729479729365,-70.54729479729365
2679.870075149536,-70.54845992896598,-70.54845992896598
2679.880075149536,-70.54963266117757,-70.54963266117757
2679.890075149536,-70.55081309391095,-70.55081309391095
2679.900075149536,-70.5520013239003,-70.5520013239003
2679.910075149536,-70.55319744487095,-70.55319744487095
2679.920075149536,-70.55440154785376,-70.55440154785376
2679.930075149536,-70.55561372143906,-70.55561372143906
2679.940075149536,-70.55683405200399,-70.55683405200399
2679.950075149536,-70.55806262391205,-70.55806262391205
2679.9600751495364,-70.55929951969684,-70.55929951969684
2679.970075149536,-70.56054482022012,-70.56054482022012
2679.9800751495363,-70.56179860478149,-70.56179860478149
2679.990075149536,-70.56306095124448,-70.56306095124448
2680.0000751495363,-70.56433193611403,-70.56433193611403
2680.010075149536,-70.56561163462428,-70.56561163462428
2680.0200751495363,-70.5669001207867,-70.5669001207867
2680.030075149536,-70.5681974674579,-70.5681974674579
2680.0400751495363,-70.56950374636267,-70.56950374636267
2680.050075173378,-70.57081903127995,-70.57081903127995
2680.060075173378,-70.57214338553258,-70.57214338553258
2680.070075173378,-70.5734768807633,-70.5734768807633
2680.080075173378,-70.57481958447488,-70.57481958447488
2680.090075173378,-70.57617156314745,-70.57617156314745
2680.100075173378,-70.57753288227406,-70.57753288227406
2680.110075173378,-70.57890360632642,-70.57890360632642
2680.120075173378,-70.58028379879131,-70.58028379879131
2680.130075173378,-70.58167352215473,-70.58167352215473
2680.140075173378,-70.58307283789625,-70.58307283789625
2680.150075173378,-70.58448180651583,-70.58448180651583
2680.160075173378,-70.58590048751257,-70.58590048751257
2680.170075173378,-70.58732893938799,-70.58732893938799
2680.180075173378,-70.58876721963763,-70.58876721963763
2680.190075173378,-70.59021538474418,-70.59021538474418
2680.200075173378,-70.59167349021158,-70.59167349021158
2680.210075173378,-70.5931354400636,-70.5931354400636
2680.220075173378,-70.59459859671908,-70.59459859671908
2680.230075173378,-70.5960617045094,-70.5960617045094
2680.240075173378,-70.59752414687627,-70.59752414687627
2680.250075173378,-70.59898566284326,-70.59898566284326
2680.260075173378,-70.60044619977907,-70.60044619977907
2680.270075173378,-70.601905827081,-70.601905827081
2680.280075173378,-70.60336468431217,-70.60336468431217
2680.2900751733778,-70.60482294999422,-70.60482294999422
2680.300075173378,-70.60628082290208,-70.60628082290208
2680.310075173378,-70.60773851092046,-70.60773851092046
2680.320075173378,-70.60919622446444,-70.60919622446444
2680.330075173378,-70.61065417275393,-70.61065417275393
2680.340075173378,-70.61211256174548,-70.61211256174548
2680.350075173378,-70.61357159311346,-70.61357159311346
2680.360075173378,-70.61503146383879,-70.61503146383879
2680.370075173378,-70.61649236615035,-70.61649236615035
2680.380075173378,-70.61795448767353,-70.61795448767353
2680.390075173378,-70.61941801166915,-70.61941801166915
2680.400075173378,-70.6208831173155,-70.6208831173155
2680.410075173378,-70.62234997999971,-70.62234997999971
2680.420075173378,-70.62381877159409,-70.62381877159409
2680.430075173378,-70.6252896607198,-70.6252896607198
2680.440075173378,-70.62676281297384,-70.62676281297384
2680.450075173378,-70.62823839112319,-70.62823839112319
2680.460075173378,-70.6297165553031,-70.6297165553031
2680.470075173378,-70.6311974631433,-70.6311974631433
2680.480075173378,-70.6326812699125,-70.6326812699125
2680.490075173378,-70.63416812862177,-70.63416812862177
2680.500075173378,-70.63565819011598,-70.63565819011598
2680.510075173378,-70.63715160315894,-70.63715160315894
2680.520075173378,-70.63864851448596,-70.63864851448596
2680.530075173378,-70.64014906885485,-70.64014906885485
2680.5400751733778,-70.64165340911036,-70.64165340911036
2680.550075173378,-70.64316167619279,-70.64316167619279
2680.560075173378,-70.64467400919574,-70.64467400919574
2680.570075173378,-70.6461905453685,-70.6461905453685
2680.580075173378,-70.647711420141,-70.647711420141
2680.590075173378,-70.64923676714751,-70.64923676714751
2680.600075173378,-70.6507667182328,-70.6507667182328
2680.610075173378,-70.65230140345147,-70.65230140345147
2680.620075173378,-70.65384095110592,-70.65384095110592
2680.630075173378,-70.65538548772136,-70.65538548772136
2680.640075173378,-70.6569351380674,-70.6569351380674
2680.650075173378,-70.6584900251711,-70.6584900251711
2680.660075173378,-70.66005027030104,-70.66005027030104
2680.670075173378,-70.6616159929897,-70.6616159929897
2680.680075173378,-70.66318731101181,-70.66318731101181
2680.690075173378,-70.66476434041861,-70.66476434041861
2680.700075173378,-70.66634719551422,-70.66634719551422
2680.710075173378,-70.66793598888363,-70.66793598888363
2680.720075173378,-70.66953083137898,-70.66953083137898
2680.730075173378,-70.67113183212268,-70.67113183212268
2680.740075173378,-70.67273909852096,-70.67273909852096
2680.750075173378,-70.67435273627002,-70.67435273627002
2680.760075173378,-70.67597284934891,-70.67597284934891
2680.770075173378,-70.67759954003014,-70.67759954003014
2680.780075173378,-70.67923290888383,-70.67923290888383
2680.7900751733778,-70.68087305479725,-70.68087305479725
2680.800075173378,-70.68252007496321,-70.68252007496321
2680.810075173378,-70.68417406489476,-70.68417406489476
2680.820075173378,-70.68583511843732,-70.68583511843732
2680.830075173378,-70.68750332775842,-70.68750332775842
2680.840075173378,-70.68917878338847,-70.68917878338847
2680.850075173378,-70.69086157419535,-70.69086157419535
2680.860075173378,-70.69255178741714,-70.69255178741714
2680.870075173378,-70.69424950866409,-70.69424950866409
2680.880075173378,-70.69595482192061,-70.69595482192061
2680.890075173378,-70.69766780956269,-70.69766780956269
2680.90007519722,-70.69938855647428,-70.69938855647428
2680.91007519722,-70.70111713367443,-70.70111713367443
2680.92007519722,-70.70285362284747,-70.70285362284747
2680.93007519722,-70.70459810004701,-70.70459810004701
2680.94007519722,-70.70635063978338,-70.70635063978338
2680.95007519722,-70.70811131502002,-70.70811131502002
2680.96007519722,-70.70988019719073,-70.70988019719073
2680.97007519722,-70.71165735620451,-70.71165735620451
2680.98007519722,-70.71344286049495,-70.71344286049495
2680.99007519722,-70.71523677698228,-70.71523677698228
2681.0000751972198,-70.71703917111665,-70.71703917111665
2681.01007519722,-70.71885010689574,-70.71885010689574
2681.0200751972197,-70.72066964685683,-70.72066964685683
2681.03007519722,-70.72249785211235,-70.72249785211235
2681.0400751972197,-70.72433478234807,-70.72433478234807
2681.05007519722,-70.72618049584324,-70.72618049584324
2681.0600751972197,-70.72803504949148,-70.72803504949148
2681.07007519722,-70.72989849879565,-70.72989849879565
2681.0800751972197,-70.73177089790839,-70.73177089790839
2681.09007519722,-70.73365229962174,-70.73365229962174
2681.1000751972197,-70.73554275540486,-70.73554275540486
2681.11007519722,-70.73744231538929,-70.73744231538929
2681.1200751972196,-70.73935102842316,-70.73935102842316
2681.13007519722,-70.74126894204898,-70.74126894204898
2681.1400751972196,-70.74319610253778,-70.74319610253778
2681.15007519722,-70.74513255489141,-70.74513255489141
2681.16007519722,-70.74707834288121,-70.74707834288121
2681.17007519722,-70.7490335090329,-70.7490335090329
2681.18007519722,-70.75099809465522,-70.75099809465522
2681.19007519722,-70.7529721398615,-70.7529721398615
2681.20007519722,-70.754955683566,-70.754955683566
2681.21007519722,-70.7569487635245,-70.7569487635245
2681.22007519722,-70.758951416325,-70.758951416325
2681.23007519722,-70.76096367741191,-70.76096367741191
2681.24007519722,-70.76298558109768,-70.76298558109768
2681.2500751972198,-70.76501716058873,-70.76501716058873
2681.26007519722,-70.76705844797905,-70.76705844797905
2681.2700751972197,-70.7691094742809,-70.7691094742809
2681.28007519722,-70.77117026944019,-70.77117026944019
2681.2900751972197,-70.77324086233247,-70.77324086233247
2681.30007519722,-70.77532128079955,-70.77532128079955
2681.3100751972197,-70.77741155165056,-70.77741155165056
2681.32007519722,-70.77951170068134,-70.77951170068134
2681.3300751972197,-70.78162175267902,-70.78162175267902
2681.34007519722,-70.78374173144442,-70.78374173144442
2681.3500751972197,-70.78587165980464,-70.78587165980464
2681.36007519722,-70.78801155962809,-70.78801155962809
2681.3700751972196,-70.79016145183792,-70.79016145183792
2681.38007519722,-70.79232135640996,-70.79232135640996
2681.3900751972196,-70.79449129240882,-70.79449129240882
2681.40007519722,-70.7966712779979,-70.7966712779979
2681.41007519722,-70.79886133042773,-70.79886133042773
2681.42007519722,-70.80106146608264,-70.80106146608264
2681.43007519722,-70.80327170047181,-70.80327170047181
2681.44007519722,-70.80549204825611,-70.80549204825611
2681.45007519722,-70.80772252323229,-70.80772252323229
2681.46007519722,-70.80995696766088,-70.80995696766088
2681.47007519722,-70.81219269277915,-70.81219269277915
2681.48007519722,-70.81442839618606,-70.81442839618606
2681.49007519722,-70.81666341678383,-70.81666341678383
2681.5000751972198,-70.81889745045464,-70.81889745045464
2681.51007519722,-70.82113040236287,-70.82113040236287
2681.5200751972197,-70.82336230039462,-70.82336230039462
2681.53007519722,-70.82559324314917,-70.82559324314917
2681.5400751972197,-70.82782336866019,-70.82782336866019
2681.55007519722,-70.83005283561899,-70.83005283561899
2681.5600751972197,-70.83228181221016,-70.83228181221016
2681.57007519722,-70.83451046954036,-70.83451046954036
2681.5800751972197,-70.83673897789129,-70.83673897789129
2681.59007519722,-70.83896750464415,-70.83896750464415
2681.6000751972197,-70.84119621328992,-70.84119621328992
2681.61007519722,-70.8434252630047,-70.8434252630047
2681.6200751972196,-70.84565480859763,-70.84565480859763
2681.63007519722,-70.84788500067411,-70.84788500067411
2681.6400751972196,-70.85011598586583,-70.85011598586583
2681.65007519722,-70.85234790712107,-70.85234790712107
2681.66007519722,-70.85458090402031,-70.85458090402031
2681.67007519722,-70.85681511304763,-70.85681511304763
2681.68007519722,-70.85905066783602,-70.85905066783602
2681.69007519722,-70.86128769943167,-70.86128769943167
2681.70007519722,-70.86352633647235,-70.86352633647235
2681.71007519722,-70.86576052991315,-70.86576052991315
2681.72007519722,-70.86798770119438,-70.86798770119438
2681.73007519722,-70.87020665811714,-70.87020665811714
2681.74007519722,-70.87241684928603,-70.87241684928603
2681.7500752210617,-70.87461808488918,-70.87461808488918
2681.760075221062,-70.87681036797633,-70.87681036797633
2681.7700752210617,-70.87899383941154,-70.87899383941154
2681.780075221062,-70.88116870480563,-70.88116870480563
2681.7900752210617,-70.88333520851799,-70.88333520851799
2681.800075221062,-70.88549361489393,-70.88549361489393
2681.8100752210617,-70.88764419711066,-70.88764419711066
2681.820075221062,-70.8897872306161,-70.8897872306161
2681.8300752210616,-70.89192298935386,-70.89192298935386
2681.840075221062,-70.89405174373069,-70.89405174373069
2681.8500752210616,-70.89617375959973,-70.89617375959973
2681.860075221062,-70.8982892978248,-70.8982892978248
2681.8700752210616,-70.9003986142438,-70.9003986142438
2681.880075221062,-70.90250195980518,-70.90250195980518
2681.8900752210616,-70.90459958081426,-70.90459958081426
2681.900075221062,-70.90669171918131,-70.90669171918131
2681.9100752210616,-70.90877861275497,-70.90877861275497
2681.920075221062,-70.91086049556796,-70.91086049556796
2681.9300752210615,-70.91293759809028,-70.91293759809028
2681.9400752210618,-70.9150101474415,-70.9150101474415
2681.9500752210615,-70.91707836763594,-70.91707836763594
2681.9600752210617,-70.9191424796802,-70.9191424796802
2681.9700752210615,-70.92120270178555,-70.92120270178555
2681.9800752210617,-70.9232592494414,-70.9232592494414
2681.9900752210615,-70.92531233554337,-70.92531233554337
2682.0000752210617,-70.92736217045363,-70.92736217045363
2682.010075221062,-70.92940896210644,-70.92940896210644
2682.0200752210617,-70.9314529160429,-70.9314529160429
2682.030075221062,-70.93349423545197,-70.93349423545197
2682.0400752210617,-70.93553312122971,-70.93553312122971
2682.050075221062,-70.93756977197872,-70.93756977197872
2682.0600752210617,-70.93960438407282,-70.93960438407282
2682.070075221062,-70.94163715163974,-70.94163715163974
2682.0800752210616,-70.94366826658884,-70.94366826658884
2682.090075221062,-70.9456979186303,-70.9456979186303
2682.1000752210616,-70.94772629526479,-70.94772629526479
2682.110075221062,-70.9497535818073,-70.9497535818073
2682.1200752210616,-70.9517799613873,-70.9517799613873
2682.130075221062,-70.95380561494169,-70.95380561494169
2682.1400752210616,-70.95583072123598,-70.95583072123598
2682.150075221062,-70.95785545683697,-70.95785545683697
2682.1600752210616,-70.95987999614705,-70.95987999614705
2682.170075221062,-70.9619045113927,-70.9619045113927
2682.1800752210615,-70.96392917261032,-70.96392917261032
2682.1900752210618,-70.96595414766614,-70.96595414766614
2682.2000752210615,-70.96797960226455,-70.96797960226455
2682.2100752210617,-70.9700056999198,-70.9700056999198
2682.2200752210615,-70.97203260198911,-70.97203260198911
2682.2300752210617,-70.9740604676626,-70.9740604676626
2682.2400752210615,-70.97608945396412,-70.97608945396412
2682.2500752210617,-70.97811971576878,-70.97811971576878
2682.260075221062,-70.98015140578407,-70.98015140578407
2682.2700752210617,-70.98218467456633,-70.98218467456633
2682.280075221062,-70.98421967055945,-70.98421967055945
2682.2900752210617,-70.98625654004198,-70.98625654004198
2682.300075221062,-70.98829542717085,-70.98829542717085
2682.3100752210617,-70.9903364739877,-70.9903364739877
2682.320075221062,-70.99237982042506,-70.99237982042506
2682.3300752210616,-70.9944256043034,-70.9944256043034
2682.340075221062,-70.99647396135592,-70.99647396135592
2682.3500752210616,-70.9985250252277,-70.9985250252277
2682.360075221062,-71.00057892749624,-71.00057892749624
2682.3700752210616,-71.00263579767905,-71.00263579767905
2682.380075221062,-71.00469576323708,-71.00469576323708
2682.3900752210616,-71.00675894959976,-71.00675894959976
2682.400075221062,-71.00882548016696,-71.00882548016696
2682.4100752210616,-71.01089547633092,-71.01089547633092
2682.420075221062,-71.01296905748521,-71.01296905748521
2682.4300752210615,-71.01504634104391,-71.01504634104391
2682.4400752210618,-71.01712744244581,-71.01712744244581
2682.4500752210615,-71.01921247517883,-71.01921247517883
2682.4600752210617,-71.02130155078436,-71.02130155078436
2682.4700752210615,-71.02339477888923,-71.02339477888923
2682.4800752210617,-71.02549226720387,-71.02549226720387
2682.4900752210615,-71.02759412154941,-71.02759412154941
2682.5000752210617,-71.0297004458681,-71.0297004458681
2682.510075221062,-71.03181134224815,-71.03181134224815
2682.5200752210617,-71.03392691092644,-71.03392691092644
2682.530075221062,-71.03604725032109,-71.03604725032109
2682.5400752210617,-71.03817245703557,-71.03817245703557
2682.550075221062,-71.04030262588215,-71.04030262588215
2682.5600752210617,-71.04243784989801,-71.04243784989801
2682.570075221062,-71.04457822035636,-71.04457822035636
2682.5800752210616,-71.04672382680745,-71.04672382680745
2682.590075221062,-71.04887475705794,-71.04887475705794
2682.6000752449036,-71.05103110237087,-71.05103110237087
2682.610075244904,-71.05319293691088,-71.05319293691088
2682.6200752449035,-71.05536034855007,-71.05536034855007
2682.6300752449038,-71.05753341839257,-71.05753341839257
2682.6400752449035,-71.05971222592164,-71.05971222592164
2682.6500752449037,-71.06189684899677,-71.06189684899677
2682.6600752449035,-71.0640873638809,-71.0640873638809
2682.6700752449037,-71.06628384525793,-71.06628384525793
2682.6800752449035,-71.06848636625516,-71.06848636625516
2682.6900752449037,-71.07069499845305,-71.07069499845305
2682.7000752449035,-71.07290981190569,-71.07290981190569
2682.7100752449037,-71.0751308751764,-71.0751308751764
2682.7200752449035,-71.07735825531957,-71.07735825531957
2682.7300752449037,-71.07959201793464,-71.07959201793464
2682.7400752449034,-71.0818322271524,-71.0818322271524
2682.7500752449037,-71.08407894569126,-71.08407894569126
2682.7600752449034,-71.0863322348374,-71.0863322348374
2682.7700752449036,-71.08859215447589,-71.08859215447589
2682.7800752449034,-71.09085876312199,-71.09085876312199
2682.7900752449036,-71.09313211790983,-71.09313211790983
2682.8000752449034,-71.0954122746473,-71.0954122746473
2682.8100752449036,-71.09769928779701,-71.09769928779701
2682.8200752449034,-71.09999321050812,-71.09999321050812
2682.8300752449036,-71.10229409464993,-71.10229409464993
2682.8400752449033,-71.10460199079986,-71.10460199079986
2682.8500752449036,-71.10691694827833,-71.10691694827833
2682.860075244904,-71.10923901515947,-71.10923901515947
2682.8700752449035,-71.11156823829087,-71.11156823829087
2682.8800752449038,-71.11390466330776,-71.11390466330776
2682.8900752449035,-71.11624833465015,-71.11624833465015
2682.9000752449037,-71.11859929558283,-71.11859929558283
2682.9100752449035,-71.1209575881955,-71.1209575881955
2682.9200752449037,-71.12332325344578,-71.12332325344578
2682.9300752449035,-71.12569633115483,-71.12569633115483
2682.9400752449037,-71.12807686001993,-71.12807686001993
2682.9500752449035,-71.13046487765561,-71.13046487765561
2682.9600752449037,-71.13286042057626,-71.13286042057626
2682.9700752449035,-71.13526352423037,-71.13526352423037
2682.9800752449037,-71.13767422301774,-71.13767422301774
2682.9900752449034,-71.140092550297,-71.140092550297
2683.0000752449037,-71.14251853840393,-71.14251853840393
2683.0100752449034,-71.14495221865648,-71.14495221865648
2683.0200752449036,-71.14739362138096,-71.14739362138096
2683.0300752449034,-71.14984277593312,-71.14984277593312
2683.0400752449036,-71.15229971069057,-71.15229971069057
2683.0500752449034,-71.15476445308222,-71.15476445308222
2683.0600752449036,-71.15723702959227,-71.15723702959227
2683.0700752449034,-71.15971746579113,-71.15971746579113
2683.0800752449036,-71.1622057863329,-71.1622057863329
2683.0900752449033,-71.16470201497161,-71.16470201497161
2683.1000752449036,-71.16720617458591,-71.16720617458591
2683.110075244904,-71.16971828716515,-71.16971828716515
2683.1200752449035,-71.17223837385463,-71.17223837385463
2683.1300752449038,-71.17476645495053,-71.17476645495053
2683.1400752449035,-71.17730254992425,-71.17730254992425
2683.1500752449037,-71.17984667741327,-71.17984667741327
2683.1600752449035,-71.18239885525074,-71.18239885525074
2683.1700752449037,-71.18495910047938,-71.18495910047938
2683.1800752449035,-71.18752742935806,-71.18752742935806
2683.1900752449037,-71.19010385737059,-71.19010385737059
2683.2000752449035,-71.1926883992434,-71.1926883992434
2683.2100752449037,-71.19528106895308,-71.19528106895308
2683.2200752449035,-71.1978818797421,-71.1978818797421
2683.2300752449037,-71.20049084412877,-71.20049084412877
2683.2400752449034,-71.20310797391588,-71.20310797391588
2683.2500752449037,-71.20573328019933,-71.20573328019933
2683.2600752449034,-71.20836677338771,-71.20836677338771
2683.2700752449036,-71.21100846321102,-71.21100846321102
2683.2800752449034,-71.21365835872831,-71.21365835872831
2683.2900752449036,-71.21631646833413,-71.21631646833413
2683.3000752449034,-71.21898279977833,-71.21898279977833
2683.3100752449036,-71.2216573601699,-71.2216573601699
2683.3200752449034,-71.22434015599279,-71.22434015599279
2683.3300752449036,-71.22703119310238,-71.22703119310238
2683.3400752449033,-71.22973047675355,-71.22973047675355
2683.3500752449036,-71.23243801160227,-71.23243801160227
2683.360075244904,-71.23515380170946,-71.23515380170946
2683.3700752449035,-71.23787785056055,-71.23787785056055
2683.3800752449038,-71.2406101610695,-71.2406101610695
2683.3900752449035,-71.24335073558545,-71.24335073558545
2683.4000752449037,-71.24609957590413,-71.24609957590413
2683.4100752449035,-71.24885668329232,-71.24885668329232
2683.4200752449037,-71.25162205845652,-71.25162205845652
2683.4300752449035,-71.25439570159797,-71.25439570159797
2683.4400752449037,-71.25717761240263,-71.25717761240263
2683.4500752687454,-71.2599677966802,-71.2599677966802
2683.4600752687456,-71.26276002802271,-71.26276002802271
2683.4700752687454,-71.26555159151788,-71.26555159151788
2683.4800752687456,-71.26834116120723,-71.26834116120723
2683.4900752687454,-71.27112805693127,-71.27112805693127
2683.5000752687456,-71.27391195817896,-71.27391195817896
2683.5100752687454,-71.2766927554461,-71.2766927554461
2683.5200752687456,-71.27947046308505,-71.27947046308505
2683.5300752687453,-71.28224516699392,-71.28224516699392
2683.5400752687456,-71.28501699309545,-71.28501699309545
2683.5500752687453,-71.28778608846072,-71.28778608846072
2683.5600752687455,-71.29055261005925,-71.29055261005925
2683.5700752687453,-71.29331671814298,-71.29331671814298
2683.5800752687455,-71.29607857244417,-71.29607857244417
2683.5900752687453,-71.29883833012309,-71.29883833012309
2683.6000752687455,-71.30159614472782,-71.30159614472782
2683.6100752687453,-71.30435216578087,-71.30435216578087
2683.6200752687455,-71.30710653872777,-71.30710653872777
2683.6300752687453,-71.30985940505904,-71.30985940505904
2683.6400752687455,-71.31261090256717,-71.31261090256717
2683.6500752687452,-71.31536116566382,-71.31536116566382
2683.6600752687455,-71.31811032561214,-71.31811032561214
2683.670075268745,-71.32085851085749,-71.32085851085749
2683.6800752687454,-71.32360584726362,-71.32360584726362
2683.690075268745,-71.32635245834527,-71.32635245834527
2683.7000752687454,-71.32909846547838,-71.32909846547838
2683.7100752687456,-71.33184398806571,-71.33184398806571
2683.7200752687454,-71.3345891437021,-71.3345891437021
2683.7300752687456,-71.33733404828948,-71.33733404828948
2683.7400752687454,-71.3400788161472,-71.3400788161472
2683.7500752687456,-71.34282356011488,-71.34282356011488
2683.7600752687454,-71.34556839160634,-71.34556839160634
2683.7700752687456,-71.34831342068178,-71.34831342068178
2683.7800752687453,-71.35105875610377,-71.35105875610377
2683.7900752687456,-71.35380450537718,-71.35380450537718
2683.8000752687453,-71.35655077476854,-71.35655077476854
2683.8100752687455,-71.3592976693286,-71.3592976693286
2683.8200752687453,-71.3620452929509,-71.3620452929509
2683.8300752687455,-71.36479374833651,-71.36479374833651
2683.8400752687453,-71.3675431370616,-71.3675431370616
2683.8500752687455,-71.37029355951874,-71.37029355951874
2683.8600752687453,-71.37304511497312,-71.37304511497312
2683.8700752687455,-71.37579790156066,-71.37579790156066
2683.8800752687453,-71.37855201627333,-71.37855201627333
2683.8900752687455,-71.38130755495189,-71.38130755495189
2683.9000752687452,-71.38406461232877,-71.38406461232877
2683.9100752687455,-71.38682328198225,-71.38682328198225
2683.920075268745,-71.38958365634929,-71.38958365634929
2683.9300752687454,-71.39234582673423,-71.39234582673423
2683.940075268745,-71.39510988329035,-71.39510988329035
2683.9500752687454,-71.3978759150266,-71.3978759150266
2683.9600752687456,-71.40064400979976,-71.40064400979976
2683.9700752687454,-71.40341425431981,-71.40341425431981
2683.9800752687456,-71.40618673414076,-71.40618673414076
2683.9900752687454,-71.40896153366687,-71.40896153366687
2684.0000752687456,-71.41173873613565,-71.41173873613565
2684.0100752687454,-71.41451842364124,-71.41451842364124
2684.0200752687456,-71.41730067710972,-71.41730067710972
2684.0300752687453,-71.42008557630415,-71.42008557630415
2684.0400752687456,-71.42287319983394,-71.42287319983394
2684.0500752687453,-71.42566362515763,-71.42566362515763
2684.0600752687455,-71.42845692855178,-71.42845692855178
2684.0700752687453,-71.43125318515914,-71.43125318515914
2684.0800752687455,-71.43405246895352,-71.43405246895352
2684.0900752687453,-71.4368548527719,-71.4368548527719
2684.1000752687455,-71.43966040828681,-71.43966040828681
2684.1100752687453,-71.4424692060177,-71.4424692060177
2684.1200752687455,-71.44528131535327,-71.44528131535327
2684.1300752687453,-71.44809680452985,-71.44809680452985
2684.1400752687455,-71.45091574065901,-71.45091574065901
2684.1500752687452,-71.45373818971082,-71.45373818971082
2684.1600752687455,-71.45656421652453,-71.45656421652453
2684.170075268745,-71.45939388482894,-71.45939388482894
2684.1800752687454,-71.46222725721998,-71.46222725721998
2684.190075268745,-71.46506439520202,-71.46506439520202
2684.2000752687454,-71.46790535914681,-71.46790535914681
2684.2100752687456,-71.47075020834428,-71.47075020834428
2684.2200752687454,-71.4735990009994,-71.4735990009994
2684.2300752687456,-71.47645179422214,-71.47645179422214
2684.2400752687454,-71.47930864403533,-71.47930864403533
2684.2500752687456,-71.48216960539648,-71.48216960539648
2684.2600752687454,-71.48503473220933,-71.48503473220933
2684.2700752687456,-71.48790407730795,-71.48790407730795
2684.2800752687453,-71.49077769249031,-71.49077769249031
2684.2900752687456,-71.4936556285036,-71.4936556285036
2684.3000752925873,-71.4965379419396,-71.4965379419396
2684.3100752925875,-71.49942466778542,-71.49942466778542
2684.3200752925873,-71.50231586055912,-71.50231586055912
2684.3300752925875,-71.50521156695476,-71.50521156695476
2684.3400752925872,-71.50811183265105,-71.50811183265105
2684.3500752925875,-71.51101670233692,-71.51101670233692
2684.360075292587,-71.51392621974205,-71.51392621974205
2684.3700752925874,-71.51684042760954,-71.51684042760954
2684.380075292587,-71.51975936772493,-71.51975936772493
2684.3900752925874,-71.52268308093299,-71.52268308093299
2684.400075292587,-71.52561160712875,-71.52561160712875
2684.4100752925874,-71.52854498528139,-71.52854498528139
2684.420075292587,-71.53148325343813,-71.53148325343813
2684.4300752925874,-71.53442644873289,-71.53442644873289
2684.440075292587,-71.53737460740243,-71.53737460740243
2684.4500752925874,-71.54032776477938,-71.54032776477938
2684.460075292587,-71.54328595532851,-71.54328595532851
2684.4700752925874,-71.54624921263148,-71.54624921263148
2684.480075292587,-71.54921756940593,-71.54921756940593
2684.4900752925873,-71.55219105752784,-71.55219105752784
2684.500075292587,-71.55516970802394,-71.55516970802394
2684.5100752925873,-71.55815355108946,-71.55815355108946
2684.520075292587,-71.56114261609062,-71.56114261609062
2684.5300752925873,-71.56413693158335,-71.56413693158335
2684.540075292587,-71.56713652531901,-71.56713652531901
2684.5500752925873,-71.57014142425564,-71.57014142425564
2684.5600752925875,-71.57315165456647,-71.57315165456647
2684.5700752925873,-71.5761672416558,-71.5761672416558
2684.5800752925875,-71.57918821015043,-71.57918821015043
2684.5900752925872,-71.58221458392974,-71.58221458392974
2684.6000752925875,-71.58524638612774,-71.58524638612774
2684.610075292587,-71.58828363914328,-71.58828363914328
2684.6200752925874,-71.59132636464668,-71.59132636464668
2684.630075292587,-71.59437458358316,-71.59437458358316
2684.6400752925874,-71.59742831620493,-71.59742831620493
2684.650075292587,-71.60048758205359,-71.60048758205359
2684.6600752925874,-71.603552399991,-71.603552399991
2684.670075292587,-71.60662278819453,-71.60662278819453
2684.6800752925874,-71.60969876415987,-71.60969876415987
2684.690075292587,-71.61278034474617,-71.61278034474617
2684.7000752925874,-71.61586754613414,-71.61586754613414
2684.710075292587,-71.6189603838841,-71.6189603838841
2684.7200752925874,-71.62205887289716,-71.62205887289716
2684.730075292587,-71.62516302746957,-71.62516302746957
2684.7400752925873,-71.62827286126785,-71.62827286126785
2684.750075292587,-71.63138838735534,-71.63138838735534
2684.7600752925873,-71.63450961819792,-71.63450961819792
2684.770075292587,-71.63763656566181,-71.63763656566181
2684.7800752925873,-71.64076924103547,-71.64076924103547
2684.790075292587,-71.64390765503573,-71.64390765503573
2684.8000752925873,-71.64705181780408,-71.64705181780408
2684.8100752925875,-71.65020173894435,-71.65020173894435
2684.8200752925873,-71.65335742748461,-71.65335742748461
2684.8300752925875,-71.6565188919263,-71.6565188919263
2684.8400752925872,-71.65968614024021,-71.65968614024021
2684.8500752925875,-71.66285917985167,-71.66285917985167
2684.860075292587,-71.66603801769584,-71.66603801769584
2684.8700752925874,-71.66922266017805,-71.66922266017805
2684.880075292587,-71.6724131132052,-71.6724131132052
2684.8900752925874,-71.67560938220248,-71.67560938220248
2684.900075292587,-71.67881147208182,-71.67881147208182
2684.9100752925874,-71.68201938729534,-71.68201938729534
2684.920075292587,-71.68523313182696,-71.68523313182696
2684.9300752925874,-71.6884527091651,-71.6884527091651
2684.940075292587,-71.69167812237707,-71.69167812237707
2684.9500752925874,-71.69490937404699,-71.69490937404699
2684.960075292587,-71.69814646634975,-71.69814646634975
2684.9700752925874,-71.70138940099089,-71.70138940099089
2684.980075292587,-71.70463817926509,-71.70463817926509
2684.9900752925873,-71.70789280202554,-71.70789280202554
2685.000075292587,-71.71115326972948,-71.71115326972948
2685.0100752925873,-71.7144195824177,-71.7144195824177
2685.020075292587,-71.71769173971934,-71.71769173971934
2685.0300752925873,-71.72096974087148,-71.72096974087148
2685.040075292587,-71.72425358472617,-71.72425358472617
2685.0500752925873,-71.72754326973968,-71.72754326973968
2685.0600752925875,-71.73083879399273,-71.73083879399273
2685.0700752925873,-71.73414015520984,-71.73414015520984
2685.0800752925875,-71.73744735072542,-71.73744735072542
2685.0900752925872,-71.74076037753204,-71.74076037753204
2685.1000752925875,-71.74407923225264,-71.74407923225264
2685.110075292587,-71.7474039111847,-71.7474039111847
2685.1200752925874,-71.75073441026149,-71.75073441026149
2685.130075292587,-71.75407072508713,-71.75407072508713
2685.1400752925874,-71.75741285093292,-71.75741285093292
2685.150075316429,-71.7607607907272,-71.7607607907272
2685.1600753164294,-71.76411452317411,-71.76411452317411
2685.170075316429,-71.76747405052807,-71.76747405052807
2685.1800753164293,-71.77083936678942,-71.77083936678942
2685.190075316429,-71.77421046567467,-71.77421046567467
2685.2000753164293,-71.77758734057463,-71.77758734057463
2685.210075316429,-71.78096372475468,-71.78096372475468
2685.2200753164293,-71.78433686836756,-71.78433686836756
2685.230075316429,-71.78770542752032,-71.78770542752032
2685.2400753164293,-71.79106870905032,-71.79106870905032
2685.250075316429,-71.7944263822985,-71.7944263822985
2685.2600753164293,-71.7977783294259,-71.7977783294259
2685.270075316429,-71.8011245576926,-71.8011245576926
2685.2800753164292,-71.80446514670403,-71.80446514670403
2685.290075316429,-71.80780021673809,-71.80780021673809
2685.3000753164292,-71.81112990970692,-71.81112990970692
2685.310075316429,-71.81445437784751,-71.81445437784751
2685.320075316429,-71.81777377700139,-71.81777377700139
2685.330075316429,-71.82108826285013,-71.82108826285013
2685.340075316429,-71.82439798876636,-71.82439798876636
2685.350075316429,-71.82770310480426,-71.82770310480426
2685.360075316429,-71.83100375724362,-71.83100375724362
2685.370075316429,-71.83430008853908,-71.83430008853908
2685.380075316429,-71.83759223744549,-71.83759223744549
2685.390075316429,-71.84088033925971,-71.84088033925971
2685.400075316429,-71.84416452609433,-71.84416452609433
2685.4100753164294,-71.84744492716638,-71.84744492716638
2685.420075316429,-71.85072166906717,-71.85072166906717
2685.4300753164293,-71.85399487603024,-71.85399487603024
2685.440075316429,-71.85726467014308,-71.85726467014308
2685.4500753164293,-71.86053117155187,-71.86053117155187
2685.460075316429,-71.86379449861575,-71.86379449861575
2685.4700753164293,-71.86705476808363,-71.86705476808363
2685.480075316429,-71.87031209518484,-71.87031209518484
2685.4900753164293,-71.87356659374791,-71.87356659374791
2685.500075316429,-71.87681837629341,-71.87681837629341
2685.5100753164293,-71.88006755409612,-71.88006755409612
2685.520075316429,-71.88331423723966,-71.88331423723966
2685.5300753164292,-71.88655853465428,-71.88655853465428
2685.540075316429,-71.88980055418756,-71.88980055418756
2685.5500753164292,-71.8930404025846,-71.8930404025846
2685.560075316429,-71.89627818556116,-71.89627818556116
2685.570075316429,-71.89951400777954,-71.89951400777954
2685.580075316429,-71.90274797288261,-71.90274797288261
2685.590075316429,-71.90598018349722,-71.90598018349722
2685.600075316429,-71.90921074122654,-71.90921074122654
2685.610075316429,-71.91243974667773,-71.91243974667773
2685.620075316429,-71.91566729944917,-71.91566729944917
2685.630075316429,-71.91889349811301,-71.91889349811301
2685.640075316429,-71.92211844024251,-71.92211844024251
2685.650075316429,-71.92534222239836,-71.92534222239836
2685.6600753164294,-71.92856494010545,-71.92856494010545
2685.670075316429,-71.93178668788003,-71.93178668788003
2685.6800753164293,-71.93500755919437,-71.93500755919437
2685.690075316429,-71.93822764649583,-71.93822764649583
2685.7000753164293,-71.94144704119363,-71.94144704119363
2685.710075316429,-71.9446595596441,-71.9446595596441
2685.7200753164293,-71.94786254236212,-71.94786254236212
2685.730075316429,-71.95105473821678,-71.95105473821678
2685.7400753164293,-71.95423554750656,-71.95423554750656
2685.750075316429,-71.95740473307113,-71.95740473307113
2685.7600753164293,-71.96056227029517,-71.96056227029517
2685.770075316429,-71.96370825913104,-71.96370825913104
2685.7800753164292,-71.96684287131131,-71.96684287131131
2685.790075316429,-71.96996631853222,-71.96996631853222
2685.8000753164292,-71.97307883338881,-71.97307883338881
2685.810075316429,-71.97618065802602,-71.97618065802602
2685.820075316429,-71.97927203741723,-71.97927203741723
2685.830075316429,-71.98235321556308,-71.98235321556308
2685.840075316429,-71.98542443334779,-71.98542443334779
2685.850075316429,-71.98848592750655,-71.98848592750655
2685.860075316429,-71.99153793016323,-71.99153793016323
2685.870075316429,-71.99458066877911,-71.99458066877911
2685.880075316429,-71.9976143662792,-71.9976143662792
2685.890075316429,-72.0006392412799,-72.0006392412799
2685.900075316429,-72.00365550837043,-72.00365550837043
2685.9100753164294,-72.00666337838108,-72.00666337838108
2685.920075316429,-72.00966305867563,-72.00966305867563
2685.9300753164293,-72.01265475338785,-72.01265475338785
2685.940075316429,-72.01563866367091,-72.01563866367091
2685.9500753164293,-72.01861498786059,-72.01861498786059
2685.960075316429,-72.02157764155538,-72.02157764155538
2685.9700753164293,-72.0245240669297,-72.0245240669297
2685.980075316429,-72.0274531147175,-72.0274531147175
2685.9900753164293,-72.03036428659397,-72.03036428659397
2686.000075340271,-72.03325745295791,-72.03325745295791
2686.010075340271,-72.03613267521733,-72.03613267521733
2686.020075340271,-72.03899015933015,-72.03899015933015
2686.030075340271,-72.04183017523374,-72.04183017523374
2686.040075340271,-72.04465303201235,-72.04465303201235
2686.050075340271,-72.04745905884339,-72.04745905884339
2686.060075340271,-72.05024859365349,-72.05024859365349
2686.070075340271,-72.05302197642766,-72.05302197642766
2686.080075340271,-72.05577954538835,-72.05577954538835
2686.090075340271,-72.05852163489611,-72.05852163489611
2686.100075340271,-72.06124857437862,-72.06124857437862
2686.110075340271,-72.06396068793,-72.06396068793
2686.120075340271,-72.06665829421948,-72.06665829421948
2686.130075340271,-72.06934170662785,-72.06934170662785
2686.140075340271,-72.07201123348267,-72.07201123348267
2686.150075340271,-72.07466717832185,-72.07466717832185
2686.160075340271,-72.07730984019486,-72.07730984019486
2686.170075340271,-72.07993951391529,-72.07993951391529
2686.180075340271,-72.08255649031948,-72.08255649031948
2686.190075340271,-72.08516105646854,-72.08516105646854
2686.200075340271,-72.0877534958765,-72.0877534958765
2686.210075340271,-72.09033408864516,-72.09033408864516
2686.220075340271,-72.09290311161595,-72.09290311161595
2686.230075340271,-72.09546083850249,-72.09546083850249
2686.240075340271,-72.09800753997521,-72.09800753997521
2686.250075340271,-72.10054348374119,-72.10054348374119
2686.260075340271,-72.10306893464082,-72.10306893464082
2686.270075340271,-72.10558415466913,-72.10558415466913
2686.280075340271,-72.10808940305435,-72.10808940305435
2686.290075340271,-72.11058493626892,-72.11058493626892
2686.300075340271,-72.11307100806766,-72.11307100806766
2686.310075340271,-72.11554786951481,-72.11554786951481
2686.320075340271,-72.11801576900942,-72.11801576900942
2686.330075340271,-72.12047495228994,-72.12047495228994
2686.340075340271,-72.12292566244275,-72.12292566244275
2686.350075340271,-72.1253681399199,-72.1253681399199
2686.360075340271,-72.12780262254513,-72.12780262254513
2686.370075340271,-72.13022934551776,-72.13022934551776
2686.380075340271,-72.13264854141237,-72.13264854141237
2686.390075340271,-72.13506044018447,-72.13506044018447
2686.400075340271,-72.13746526918646,-72.13746526918646
2686.410075340271,-72.13986325315376,-72.13986325315376
2686.420075340271,-72.14225461421492,-72.14225461421492
2686.430075340271,-72.14463957189625,-72.14463957189625
2686.440075340271,-72.14701834311884,-72.14701834311884
2686.450075340271,-72.14939114220927,-72.14939114220927
2686.460075340271,-72.15175189105244,-72.15175189105244
2686.470075340271,-72.15409804458737,-72.15409804458737
2686.480075340271,-72.15642846863278,-72.15642846863278
2686.490075340271,-72.15874268076416,-72.15874268076416
2686.500075340271,-72.1610405605926,-72.1610405605926
2686.510075340271,-72.16332219931432,-72.16332219931432
2686.520075340271,-72.16558781153897,-72.16558781153897
2686.530075340271,-72.16783768229067,-72.16783768229067
2686.540075340271,-72.17007213516105,-72.17007213516105
2686.550075340271,-72.17229151317683,-72.17229151317683
2686.560075340271,-72.17449616742506,-72.17449616742506
2686.570075340271,-72.17668645033169,-72.17668645033169
2686.580075340271,-72.17886271186015,-72.17886271186015
2686.590075340271,-72.1810252973555,-72.1810252973555
2686.600075340271,-72.18317454656544,-72.18317454656544
2686.610075340271,-72.1853107931667,-72.1853107931667
2686.620075340271,-72.18743436473065,-72.18743436473065
2686.630075340271,-72.18954558285647,-72.18954558285647
2686.640075340271,-72.1916447634296,-72.1916447634296
2686.650075340271,-72.19373221691667,-72.19373221691667
2686.660075340271,-72.19580824864366,-72.19580824864366
2686.670075340271,-72.1978731591031,-72.1978731591031
2686.680075340271,-72.19992724423123,-72.19992724423123
2686.690075340271,-72.20197079560351,-72.20197079560351
2686.700075340271,-72.20400410071147,-72.20400410071147
2686.710075340271,-72.20602114947707,-72.20602114947707
2686.720075340271,-72.20801946656161,-72.20801946656161
2686.730075340271,-72.20999798756093,-72.20999798756093
2686.740075340271,-72.21195629937421,-72.21195629937421
2686.750075340271,-72.21389435037726,-72.21389435037726
2686.760075340271,-72.21581229992508,-72.21581229992508
2686.770075340271,-72.21771043015353,-72.21771043015353
2686.780075340271,-72.21958909303258,-72.21958909303258
2686.790075340271,-72.22144867845626,-72.22144867845626
2686.800075340271,-72.22328959521437,-72.22328959521437
2686.810075340271,-72.22511225958604,-72.22511225958604
2686.820075340271,-72.22691708865509,-72.22691708865509
2686.830075340271,-72.22870449650628,-72.22870449650628
2686.840075340271,-72.23047489212435,-72.23047489212435
2686.850075364113,-72.23222868253673,-72.23222868253673
2686.860075364113,-72.23396625564857,-72.23396625564857
2686.870075364113,-72.2356880054042,-72.2356880054042
2686.880075364113,-72.23739431506232,-72.23739431506232
2686.890075364113,-72.23908556167407,-72.23908556167407
2686.900075364113,-72.24076211640075,-72.24076211640075
2686.910075364113,-72.2424243447883,-72.2424243447883
2686.920075364113,-72.24407260706322,-72.24407260706322
2686.930075364113,-72.24570725840772,-72.24570725840772
2686.940075364113,-72.24732864917178,-72.24732864917178
2686.9500753641128,-72.24893712511494,-72.24893712511494
2686.960075364113,-72.25053302755408,-72.25053302755408
2686.9700753641127,-72.25211669355994,-72.25211669355994
2686.980075364113,-72.25368845605865,-72.25368845605865
2686.9900753641127,-72.25524864396345,-72.25524864396345
2687.000075364113,-72.25679758227412,-72.25679758227412
2687.0100753641127,-72.25833559214934,-72.25833559214934
2687.020075364113,-72.25986299097936,-72.25986299097936
2687.0300753641127,-72.26138009245571,-72.26138009245571
2687.040075364113,-72.26288720661451,-72.26288720661451
2687.0500753641127,-72.26438463988228,-72.26438463988228
2687.060075364113,-72.26587269510254,-72.26587269510254
2687.0700753641127,-72.26735167158526,-72.26735167158526
2687.080075364113,-72.26882186511739,-72.26882186511739
2687.0900753641126,-72.27028356799443,-72.27028356799443
2687.100075364113,-72.2717370690505,-72.2717370690505
2687.110075364113,-72.27318265365469,-72.27318265365469
2687.120075364113,-72.27462060374972,-72.27462060374972
2687.130075364113,-72.27605119785966,-72.27605119785966
2687.140075364113,-72.27747471109991,-72.27747471109991
2687.150075364113,-72.27889141519707,-72.27889141519707
2687.160075364113,-72.2803015785149,-72.2803015785149
2687.170075364113,-72.28170546605591,-72.28170546605591
2687.180075364113,-72.28310333946821,-72.28310333946821
2687.190075364113,-72.2844954570673,-72.2844954570673
2687.2000753641128,-72.28588207386098,-72.28588207386098
2687.210075364113,-72.28726344154556,-72.28726344154556
2687.2200753641127,-72.28863980853484,-72.28863980853484
2687.230075364113,-72.2900114199637,-72.2900114199637
2687.2400753641127,-72.29137851772941,-72.29137851772941
2687.250075364113,-72.2927413404668,-72.2927413404668
2687.2600753641127,-72.29410012361214,-72.29410012361214
2687.270075364113,-72.29545509938387,-72.29545509938387
2687.2800753641127,-72.2968064968141,-72.2968064968141
2687.290075364113,-72.29815454177127,-72.29815454177127
2687.3000753641127,-72.29949945697487,-72.29949945697487
2687.310075364113,-72.30084146202184,-72.30084146202184
2687.3200753641127,-72.30218077340228,-72.30218077340228
2687.330075364113,-72.30351760450725,-72.30351760450725
2687.3400753641126,-72.30485216568604,-72.30485216568604
2687.350075364113,-72.30618466421822,-72.30618466421822
2687.360075364113,-72.30751530437757,-72.30751530437757
2687.370075364113,-72.30884428744406,-72.30884428744406
2687.380075364113,-72.31017181171971,-72.31017181171971
2687.390075364113,-72.31149807255069,-72.31149807255069
2687.400075364113,-72.31282326235969,-72.31282326235969
2687.410075364113,-72.31414757067523,-72.31414757067523
2687.420075364113,-72.31547118413206,-72.31547118413206
2687.430075364113,-72.31679428652455,-72.31679428652455
2687.440075364113,-72.31811705881744,-72.31811705881744
2687.4500753641128,-72.31943967917256,-72.31943967917256
2687.460075364113,-72.32075602135963,-72.32075602135963
2687.4700753641127,-72.32206350105638,-72.32206350105638
2687.480075364113,-72.32336094807329,-72.32336094807329
2687.4900753641127,-72.32464784538014,-72.32464784538014
2687.500075364113,-72.32592403864416,-72.32592403864416
2687.5100753641127,-72.32718958546451,-72.32718958546451
2687.520075364113,-72.32844466689006,-72.32844466689006
2687.5300753641127,-72.3296895343643,-72.3296895343643
2687.540075364113,-72.33092447772677,-72.33092447772677
2687.5500753641127,-72.33214980610411,-72.33214980610411
2687.560075364113,-72.33336583647362,-72.33336583647362
2687.5700753641127,-72.33457288700082,-72.33457288700082
2687.580075364113,-72.33577127317902,-72.33577127317902
2687.5900753641126,-72.33696130578761,-72.33696130578761
2687.600075364113,-72.33814328983603,-72.33814328983603
2687.610075364113,-72.33931752418603,-72.33931752418603
2687.620075364113,-72.34048430149626,-72.34048430149626
2687.630075364113,-72.34164390841426,-72.34164390841426
2687.640075364113,-72.34279662583775,-72.34279662583775
2687.650075364113,-72.34394272921348,-72.34394272921348
2687.660075364113,-72.34508248887967,-72.34508248887967
2687.670075364113,-72.34621617035896,-72.34621617035896
2687.680075364113,-72.34734403465308,-72.34734403465308
2687.690075364113,-72.34846633848893,-72.34846633848893
2687.7000753879547,-72.34958333721457,-72.34958333721457
2687.710075387955,-72.35069527434905,-72.35069527434905
2687.7200753879547,-72.35180239775342,-72.35180239775342
2687.730075387955,-72.3529049491011,-72.3529049491011
2687.7400753879547,-72.3540031666799,-72.3540031666799
2687.750075387955,-72.35509728550153,-72.35509728550153
2687.7600753879547,-72.3561875374192,-72.3561875374192
2687.770075387955,-72.35727415118342,-72.35727415118342
2687.7800753879546,-72.35835735253849,-72.35835735253849
2687.790075387955,-72.3594373642605,-72.3594373642605
2687.8000753879546,-72.36051440623417,-72.36051440623417
2687.810075387955,-72.36158869548355,-72.36158869548355
2687.8200753879546,-72.36266044622536,-72.36266044622536
2687.830075387955,-72.36372986988493,-72.36372986988493
2687.8400753879546,-72.36479717514847,-72.36479717514847
2687.850075387955,-72.36586256798478,-72.36586256798478
2687.8600753879546,-72.36692625167129,-72.36692625167129
2687.870075387955,-72.3679884267959,-72.3679884267959
2687.8800753879545,-72.3690492913279,-72.3690492913279
2687.8900753879548,-72.37010904057621,-72.37010904057621
2687.9000753879545,-72.37116786726506,-72.37116786726506
2687.9100753879547,-72.37222596149914,-72.37222596149914
2687.9200753879545,-72.37328351082463,-72.37328351082463
2687.9300753879547,-72.3743407002142,-72.3743407002142
2687.9400753879545,-72.37539771211001,-72.37539771211001
2687.9500753879547,-72.37645472641147,-72.37645472641147
2687.960075387955,-72.37750561468911,-72.37750561468911
2687.9700753879547,-72.37854779376109,-72.37854779376109
2687.980075387955,-72.37958009600061,-72.37958009600061
2687.9900753879547,-72.3806020076971,-72.3806020076971
2688.000075387955,-72.38161337836728,-72.38161337836728
2688.0100753879547,-72.38261426977355,-72.38261426977355
2688.020075387955,-72.38360486741749,-72.38360486741749
2688.0300753879546,-72.38458542735862,-72.38458542735862
2688.040075387955,-72.38555624422897,-72.38555624422897
2688.0500753879546,-72.38651763204525,-72.38651763204525
2688.060075387955,-72.38746991278336,-72.38746991278336
2688.0700753879546,-72.3884134096846,-72.3884134096846
2688.080075387955,-72.38934844340173,-72.38934844340173
2688.0900753879546,-72.39027532993347,-72.39027532993347
2688.100075387955,-72.39119437956623,-72.39119437956623
2688.1100753879546,-72.39210589649898,-72.39210589649898
2688.120075387955,-72.3930101787794,-72.3930101787794
2688.1300753879545,-72.39390751847247,-72.39390751847247
2688.1400753879548,-72.39479820194057,-72.39479820194057
2688.1500753879545,-72.39568251015034,-72.39568251015034
2688.1600753879547,-72.39651890592177,-72.39651890592177
2688.1700753879545,-72.39729046599233,-72.39729046599233
2688.1800753879547,-72.39798807315267,-72.39798807315267
2688.1900753879545,-72.39860668502352,-72.39860668502352
2688.2000753879547,-72.39914373866702,-72.39914373866702
2688.210075387955,-72.39959815226808,-72.39959815226808
2688.2200753879547,-72.39996970227058,-72.39996970227058
2688.230075387955,-72.40025865132503,-72.40025865132503
2688.2400753879547,-72.40046553262502,-72.40046553262502
2688.250075387955,-72.40059102738097,-72.40059102738097
2688.2600753879547,-72.40063589658702,-72.40063589658702
2688.270075387955,-72.4006009439347,-72.4006009439347
2688.2800753879546,-72.40048699638548,-72.40048699638548
2688.290075387955,-72.40029489454525,-72.40029489454525
2688.3000753879546,-72.40002548834858,-72.40002548834858
2688.310075387955,-72.39967963548538,-72.39967963548538
2688.3200753879546,-72.39925820115242,-72.39925820115242
2688.330075387955,-72.39876205828452,-72.39876205828452
2688.3400753879546,-72.39819208794448,-72.39819208794448
2688.350075387955,-72.39754917958187,-72.39754917958187
2688.3600753879546,-72.3968342311712,-72.3968342311712
2688.370075387955,-72.39604814909349,-72.39604814909349
2688.3800753879545,-72.39519184794398,-72.39519184794398
2688.3900753879548,-72.39426625010219,-72.39426625010219
2688.4000753879545,-72.393272285244,-72.393272285244
2688.4100753879547,-72.39221088975528,-72.39221088975528
2688.4200753879545,-72.3910830060763,-72.3910830060763
2688.4300753879547,-72.38988958202388,-72.38988958202388
2688.4400753879545,-72.38863157008548,-72.38863157008548
2688.4500753879547,-72.38730992670187,-72.38730992670187
2688.460075387955,-72.38591930907867,-72.38591930907867
2688.4700753879547,-72.38445792642919,-72.38445792642919
2688.480075387955,-72.38292540799625,-72.38292540799625
2688.4900753879547,-72.38132204032071,-72.38132204032071
2688.500075387955,-72.37964847589186,-72.37964847589186
2688.5100753879547,-72.37790558158821,-72.37790558158821
2688.520075387955,-72.37609434965705,-72.37609434965705
2688.5300753879546,-72.37421584401103,-72.37421584401103
2688.540075387955,-72.37227116775836,-72.37227116775836
2688.5500754117966,-72.37026143877485,-72.37026143877485
2688.560075411797,-72.36818779677672,-72.36818779677672
2688.5700754117966,-72.36605136813172,-72.36605136813172
2688.5800754117968,-72.36385328000608,-72.36385328000608
2688.5900754117965,-72.36159465341818,-72.36159465341818
2688.6000754117968,-72.3592766018202,-72.3592766018202
2688.6100754117965,-72.35690023034046,-72.35690023034046
2688.6200754117967,-72.35446663540642,-72.35446663540642
2688.6300754117965,-72.35197690459172,-72.35197690459172
2688.6400754117967,-72.34943211661212,-72.34943211661212
2688.6500754117965,-72.34683334134219,-72.34683334134219
2688.6600754117967,-72.3441816398542,-72.3441816398542
2688.6700754117965,-72.34147806451602,-72.34147806451602
2688.6800754117967,-72.33872365902512,-72.33872365902512
2688.6900754117964,-72.33591945842926,-72.33591945842926
2688.7000754117967,-72.33306648917394,-72.33306648917394
2688.7100754117964,-72.33016576912263,-72.33016576912263
2688.7200754117966,-72.32721830750987,-72.32721830750987
2688.7300754117964,-72.32422510498338,-72.32422510498338
2688.7400754117966,-72.3211871535353,-72.3211871535353
2688.7500754117964,-72.31810543649065,-72.31810543649065
2688.7600754117966,-72.31498092847347,-72.31498092847347
2688.7700754117964,-72.31181459536376,-72.31181459536376
2688.7800754117966,-72.30860739425556,-72.30860739425556
2688.7900754117964,-72.30536027341749,-72.30536027341749
2688.8000754117966,-72.30207417224307,-72.30207417224307
2688.810075411797,-72.29875002122614,-72.29875002122614
2688.8200754117966,-72.29538874190101,-72.29538874190101
2688.8300754117968,-72.29199124681936,-72.29199124681936
2688.8400754117965,-72.28855843951546,-72.28855843951546
2688.8500754117968,-72.28509121446754,-72.28509121446754
2688.8600754117965,-72.28159045707915,-72.28159045707915
2688.8700754117967,-72.27805704365397,-72.27805704365397
2688.8800754117965,-72.27449184137065,-72.27449184137065
2688.8900754117967,-72.27089570827593,-72.27089570827593
2688.9000754117965,-72.26726949326644,-72.26726949326644
2688.9100754117967,-72.26361403607822,-72.26361403607822
2688.9200754117965,-72.25993016729407,-72.25993016729407
2688.9300754117967,-72.25621870832127,-72.25621870832127
2688.9400754117964,-72.25248047143339,-72.25248047143339
2688.9500754117967,-72.24871625973056,-72.24871625973056
2688.9600754117964,-72.24492686720002,-72.24492686720002
2688.9700754117966,-72.24111307868345,-72.24111307868345
2688.9800754117964,-72.23727566992649,-72.23727566992649
2688.9900754117966,-72.23341540759284,-72.23341540759284
2689.0000754117964,-72.22953304928107,-72.22953304928107
2689.0100754117966,-72.22562934355278,-72.22562934355278
2689.0200754117964,-72.22170502998229,-72.22170502998229
2689.0300754117966,-72.2177608391743,-72.2177608391743
2689.0400754117964,-72.21379749277902,-72.21379749277902
2689.0500754117966,-72.20981570357513,-72.20981570357513
2689.060075411797,-72.20581617547619,-72.20581617547619
2689.0700754117966,-72.20179960358631,-72.20179960358631
2689.0800754117968,-72.19776667425083,-72.19776667425083
2689.0900754117965,-72.19371806509483,-72.19371806509483
2689.1000754117968,-72.18965444506705,-72.18965444506705
2689.1100754117965,-72.18557647450348,-72.18557647450348
2689.1200754117967,-72.18148480517472,-72.18148480517472
2689.1300754117965,-72.1773800803522,-72.1773800803522
2689.1400754117967,-72.17326293483632,-72.17326293483632
2689.1500754117965,-72.16913399503662,-72.16913399503662
2689.1600754117967,-72.1649938790198,-72.1649938790198
2689.1700754117965,-72.16084319659502,-72.16084319659502
2689.1800754117967,-72.15668254932912,-72.15668254932912
2689.1900754117964,-72.15251253064844,-72.15251253064844
2689.2000754117967,-72.14833372588703,-72.14833372588703
2689.2100754117964,-72.14414671234444,-72.14414671234444
2689.2200754117966,-72.13995205937435,-72.13995205937435
2689.2300754117964,-72.1357503284074,-72.1357503284074
2689.2400754117966,-72.13154207307502,-72.13154207307502
2689.2500754117964,-72.12732783922735,-72.12732783922735
2689.2600754117966,-72.12310816502108,-72.12310816502108
2689.2700754117964,-72.11888358099701,-72.11888358099701
2689.2800754117966,-72.11465461012126,-72.11465461012126
2689.2900754117964,-72.11042176789222,-72.11042176789222
2689.3000754117966,-72.10618556237293,-72.10618556237293
2689.310075411797,-72.10194649428354,-72.10194649428354
2689.3200754117966,-72.097705057056,-72.097705057056
2689.3300754117968,-72.09346173692222,-72.09346173692222
2689.3400754117965,-72.08921701298536,-72.08921701298536
2689.3500754117968,-72.08497135726111,-72.08497135726111
2689.3600754117965,-72.0807252347833,-72.0807252347833
2689.3700754117967,-72.07647910363606,-72.07647910363606
2689.3800754117965,-72.07223341507566,-72.07223341507566
2689.3900754117967,-72.06798861355848,-72.06798861355848
2689.4000754356384,-72.06374512670945,-72.06374512670945
2689.4100754356386,-72.05950340585572,-72.05950340585572
2689.4200754356384,-72.0552638654061,-72.0552638654061
2689.4300754356386,-72.05102692337604,-72.05102692337604
2689.4400754356384,-72.0467929913575,-72.0467929913575
2689.4500754356386,-72.04256247456752,-72.04256247456752
2689.4600754356384,-72.03833577192724,-72.03833577192724
2689.4700754356386,-72.03411327613844,-72.03411327613844
2689.4800754356384,-72.02989537374462,-72.02989537374462
2689.4900754356386,-72.02568244520367,-72.02568244520367
2689.5000754356383,-72.0214748649437,-72.0214748649437
2689.5100754356386,-72.0172730014552,-72.0172730014552
2689.5200754356383,-72.01307721733573,-72.01307721733573
2689.5300754356385,-72.0088878693635,-72.0088878693635
2689.5400754356383,-72.00470530857736,-72.00470530857736
2689.5500754356385,-72.00052988031975,-72.00052988031975
2689.5600754356383,-71.99636192433563,-71.99636192433563
2689.5700754356385,-71.992201774801,-71.992201774801
2689.5800754356383,-71.98804976041393,-71.98804976041393
2689.5900754356385,-71.98390620445116,-71.98390620445116
2689.6000754356382,-71.97977142483094,-71.97977142483094
2689.6100754356385,-71.97564573416666,-71.97564573416666
2689.6200754356382,-71.97152943987602,-71.97152943987602
2689.6300754356384,-71.96742284417422,-71.96742284417422
2689.640075435638,-71.96332624419244,-71.96332624419244
2689.6500754356384,-71.95923993200627,-71.95923993200627
2689.6600754356386,-71.95516419472679,-71.95516419472679
2689.6700754356384,-71.95109931453034,-71.95109931453034
2689.6800754356386,-71.94704556874322,-71.94704556874322
2689.6900754356384,-71.94300322989484,-71.94300322989484
2689.7000754356386,-71.93897256576548,-71.93897256576548
2689.7100754356384,-71.93495383945617,-71.93495383945617
2689.7200754356386,-71.93094730944658,-71.93094730944658
2689.7300754356384,-71.9269532296505,-71.9269532296505
2689.7400754356386,-71.92297184947934,-71.92297184947934
2689.7500754356383,-71.9190034138878,-71.9190034138878
2689.7600754356386,-71.91504816343418,-71.91504816343418
2689.7700754356383,-71.91110633434145,-71.91110633434145
2689.7800754356385,-71.90717815854099,-71.90717815854099
2689.7900754356383,-71.90326386374508,-71.90326386374508
2689.8000754356385,-71.89936367348739,-71.89936367348739
2689.8100754356383,-71.89547780717483,-71.89547780717483
2689.8200754356385,-71.89160648014531,-71.89160648014531
2689.8300754356383,-71.88774990372112,-71.88774990372112
2689.8400754356385,-71.88390828525935,-71.88390828525935
2689.8500754356382,-71.88008182820599,-71.88008182820599
2689.8600754356385,-71.87627073213424,-71.87627073213424
2689.8700754356382,-71.87247519282025,-71.87247519282025
2689.8800754356384,-71.86869540226614,-71.86869540226614
2689.890075435638,-71.86493154875818,-71.86493154875818
2689.9000754356384,-71.86118381692303,-71.86118381692303
2689.9100754356386,-71.85745238776124,-71.85745238776124
2689.9200754356384,-71.85373743871727,-71.85373743871727
2689.9300754356386,-71.85003914370049,-71.85003914370049
2689.9400754356384,-71.84635767315628,-71.84635767315628
2689.9500754356386,-71.84269319407709,-71.84269319407709
2689.9600754356384,-71.83904587009972,-71.83904587009972
2689.9700754356386,-71.83541586149967,-71.83541586149967
2689.9800754356384,-71.83180332526544,-71.83180332526544
2689.9900754356386,-71.82820841512347,-71.82820841512347
2690.0000754356383,-71.82463128160985,-71.82463128160985
2690.0100754356386,-71.82107207208199,-71.82107207208199
2690.0200754356383,-71.81753093078973,-71.81753093078973
2690.0300754356385,-71.81400799887349,-71.81400799887349
2690.0400754356383,-71.81050341446606,-71.81050341446606
2690.0500754356385,-71.80701731268057,-71.80701731268057
2690.0600754356383,-71.8035498256786,-71.8035498256786
2690.0700754356385,-71.80010108270665,-71.80010108270665
2690.0800754356383,-71.79667121013301,-71.79667121013301
2690.0900754356385,-71.79326033148035,-71.79326033148035
2690.1000754356382,-71.78986856747987,-71.78986856747987
2690.1100754356385,-71.78649603609013,-71.78649603609013
2690.1200754356382,-71.78314285254999,-71.78314285254999
2690.1300754356384,-71.7798091294118,-71.7798091294118
2690.140075435638,-71.77649497657677,-71.77649497657677
2690.1500754356384,-71.77320050132467,-71.77320050132467
2690.1600754356386,-71.76992580837309,-71.76992580837309
2690.1700754356384,-71.7666709998738,-71.7666709998738
2690.1800754356386,-71.76343617548594,-71.76343617548594
2690.1900754356384,-71.7602214323959,-71.7602214323959
2690.2000754356386,-71.75702686533332,-71.75702686533332
2690.2100754356384,-71.75385256664785,-71.75385256664785
2690.2200754356386,-71.75069862629408,-71.75069862629408
2690.2300754356384,-71.74756513190576,-71.74756513190576
2690.2400754356386,-71.7444521687863,-71.7444521687863
2690.2500754594803,-71.74135981262891,-71.74135981262891
2690.2600754594805,-71.73828815901747,-71.73828815901747
2690.2700754594803,-71.73523727910396,-71.73523727910396
2690.2800754594805,-71.73220724929865,-71.73220724929865
2690.2900754594802,-71.72919814385936,-71.72919814385936
2690.3000754594805,-71.72621003492536,-71.72621003492536
2690.3100754594802,-71.72324299253697,-71.72324299253697
2690.3200754594804,-71.72029708468234,-71.72029708468234
2690.33007545948,-71.71737237731021,-71.71737237731021
2690.3400754594804,-71.71446893437445,-71.71446893437445
2690.35007545948,-71.7115868178444,-71.7115868178444
2690.3600754594804,-71.70872608775181,-71.70872608775181
2690.37007545948,-71.70588680219545,-71.70588680219545
2690.3800754594804,-71.70306901739066,-71.70306901739066
2690.39007545948,-71.70027278769396,-71.70027278769396
2690.4000754594804,-71.69749816560491,-71.69749816560491
2690.41007545948,-71.69474520182811,-71.69474520182811
2690.4200754594804,-71.69201394526077,-71.69201394526077
2690.43007545948,-71.68930444306599,-71.68930444306599
2690.4400754594803,-71.68661674064542,-71.68661674064542
2690.45007545948,-71.68395088170742,-71.68395088170742
2690.4600754594803,-71.68130690826746,-71.68130690826746
2690.47007545948,-71.67868486067356,-71.67868486067356
2690.4800754594803,-71.6760847776418,-71.6760847776418
2690.49007545948,-71.67350669626664,-71.67350669626664
2690.5000754594803,-71.67095065205967,-71.67095065205967
2690.5100754594805,-71.66841667895902,-71.66841667895902
2690.5200754594803,-71.66590480936148,-71.66590480936148
2690.5300754594805,-71.66341507412997,-71.66341507412997
2690.5400754594802,-71.66094750264169,-71.66094750264169
2690.5500754594805,-71.65850212278264,-71.65850212278264
2690.5600754594802,-71.65607896098723,-71.65607896098723
2690.5700754594804,-71.65367804224859,-71.65367804224859
2690.58007545948,-71.6512993901514,-71.6512993901514
2690.5900754594804,-71.64894302687789,-71.64894302687789
2690.60007545948,-71.64660897324106,-71.64660897324106
2690.6100754594804,-71.64429724869896,-71.64429724869896
2690.62007545948,-71.64200787138765,-71.64200787138765
2690.6300754594804,-71.63974085810958,-71.63974085810958
2690.64007545948,-71.63749622438075,-71.63749622438075
2690.6500754594804,-71.63527398443797,-71.63527398443797
2690.66007545948,-71.63307415127859,-71.63307415127859
2690.6700754594804,-71.63089673663913,-71.63089673663913
2690.68007545948,-71.62874175104687,-71.62874175104687
2690.6900754594803,-71.62660920383526,-71.62660920383526
2690.70007545948,-71.6244991031403,-71.6244991031403
2690.7100754594803,-71.62241145594956,-71.62241145594956
2690.72007545948,-71.62034626808702,-71.62034626808702
2690.7300754594803,-71.6183035442551,-71.6183035442551
2690.74007545948,-71.61628328804058,-71.61628328804058
2690.7500754594803,-71.61428550193125,-71.61428550193125
2690.7600754594805,-71.61231018733497,-71.61231018733497
2690.7700754594803,-71.61035734461502,-71.61035734461502
2690.7800754594805,-71.60842697304922,-71.60842697304922
2690.7900754594802,-71.60651907091533,-71.60651907091533
2690.8000754594805,-71.60463363546748,-71.60463363546748
2690.8100754594802,-71.60277066295819,-71.60277066295819
2690.8200754594804,-71.60093014865674,-71.60093014865674
2690.83007545948,-71.59911208685887,-71.59911208685887
2690.8400754594804,-71.59731647091006,-71.59731647091006
2690.85007545948,-71.59554329321882,-71.59554329321882
2690.8600754594804,-71.59379254526283,-71.59379254526283
2690.87007545948,-71.59206421761667,-71.59206421761667
2690.8800754594804,-71.59035829993739,-71.59035829993739
2690.89007545948,-71.58867478103014,-71.58867478103014
2690.9000754594804,-71.58701364881071,-71.58701364881071
2690.91007545948,-71.5853748903474,-71.5853748903474
2690.9200754594804,-71.58375849186328,-71.58375849186328
2690.93007545948,-71.58216443875736,-71.58216443875736
2690.9400754594803,-71.58059271560644,-71.58059271560644
2690.95007545948,-71.57904330620146,-71.57904330620146
2690.9600754594803,-71.57751619352445,-71.57751619352445
2690.97007545948,-71.57601135979225,-71.57601135979225
2690.9800754594803,-71.57452878645981,-71.57452878645981
2690.99007545948,-71.57306845421287,-71.57306845421287
2691.0000754594803,-71.57163034302172,-71.57163034302172
2691.0100754594805,-71.57021443210724,-71.57021443210724
2691.0200754594803,-71.56882069999267,-71.56882069999267
2691.0300754594805,-71.56744912447952,-71.56744912447952
2691.0400754594802,-71.56609968268786,-71.56609968268786
2691.0500754594805,-71.56477235105794,-71.56477235105794
2691.0600754594802,-71.56346710534717,-71.56346710534717
2691.0700754594804,-71.56218392067021,-71.56218392067021
2691.08007545948,-71.56092277147344,-71.56092277147344
2691.0900754594804,-71.55968363158364,-71.55968363158364
2691.100075483322,-71.5584664713046,-71.5584664713046
2691.1100754833224,-71.55727126906612,-71.55727126906612
2691.120075483322,-71.55609799386373,-71.55609799386373
2691.1300754833223,-71.55494661708659,-71.55494661708659
2691.140075483322,-71.55381710951238,-71.55381710951238
2691.1500754833223,-71.55270944136953,-71.55270944136953
2691.160075483322,-71.55162358229524,-71.55162358229524
2691.1700754833223,-71.5505595013845,-71.5505595013845
2691.180075483322,-71.54951716718558,-71.54951716718558
2691.1900754833223,-71.54849654769744,-71.54849654769744
2691.200075483322,-71.54749761040298,-71.54749761040298
2691.2100754833223,-71.54651409218445,-71.54651409218445
2691.220075483322,-71.54554323639107,-71.54554323639107
2691.2300754833223,-71.54458368714985,-71.54458368714985
2691.240075483322,-71.54363473624913,-71.54363473624913
2691.2500754833222,-71.54269603583292,-71.54269603583292
2691.260075483322,-71.54176744930972,-71.54176744930972
2691.270075483322,-71.54084896393162,-71.54084896393162
2691.280075483322,-71.5399406383388,-71.5399406383388
2691.290075483322,-71.53904257099371,-71.53904257099371
2691.300075483322,-71.53815488127418,-71.53815488127418
2691.310075483322,-71.53727769821238,-71.53727769821238
2691.320075483322,-71.53641115388263,-71.53641115388263
2691.330075483322,-71.53555537963025,-71.53555537963025
2691.340075483322,-71.53471050402446,-71.53471050402446
2691.350075483322,-71.53387665181809,-71.53387665181809
2691.3600754833224,-71.53305394355688,-71.53305394355688
2691.370075483322,-71.53224249555355,-71.53224249555355
2691.3800754833223,-71.5314424200003,-71.5314424200003
2691.390075483322,-71.53065382526785,-71.53065382526785
2691.4000754833223,-71.52987681617496,-71.52987681617496
2691.410075483322,-71.52911149430159,-71.52911149430159
2691.4200754833223,-71.52835795826702,-71.52835795826702
2691.430075483322,-71.52761630401153,-71.52761630401153
2691.4400754833223,-71.52688662500863,-71.52688662500863
2691.450075483322,-71.52616901250795,-71.52616901250795
2691.4600754833223,-71.5254635556824,-71.5254635556824
2691.470075483322,-71.52477034181602,-71.52477034181602
2691.4800754833223,-71.52408945641393,-71.52408945641393
2691.490075483322,-71.52342098332909,-71.52342098332909
2691.5000754833222,-71.52276500483693,-71.52276500483693
2691.510075483322,-71.52212160174332,-71.52212160174332
2691.520075483322,-71.52149085343193,-71.52149085343193
2691.530075483322,-71.52087283791835,-71.52087283791835
2691.540075483322,-71.52026763189048,-71.52026763189048
2691.550075483322,-71.51967531075682,-71.51967531075682
2691.560075483322,-71.51909594867116,-71.51909594867116
2691.570075483322,-71.51852961855086,-71.51852961855086
2691.580075483322,-71.5179763920955,-71.5179763920955
2691.590075483322,-71.51743633980948,-71.51743633980948
2691.600075483322,-71.5169095310039,-71.5169095310039
2691.6100754833224,-71.51639603381858,-71.51639603381858
2691.620075483322,-71.51581646958445,-71.51581646958445
2691.6300754833223,-71.51513967321543,-71.51513967321543
2691.640075483322,-71.5143510500668,-71.5143510500668
2691.6500754833223,-71.51344291160684,-71.51344291160684
2691.660075483322,-71.51241149261166,-71.51241149261166
2691.6700754833223,-71.51125557690408,-71.51125557690408
2691.680075483322,-71.50997565764335,-71.50997565764335
2691.6900754833223,-71.50857336935063,-71.50857336935063
2691.700075483322,-71.50705109419532,-71.50705109419532
2691.7100754833223,-71.50540546337301,-71.50540546337301
2691.720075483322,-71.50363689759772,-71.50363689759772
2691.7300754833223,-71.50174737201044,-71.50174737201044
2691.740075483322,-71.49973957432974,-71.49973957432974
2691.7500754833222,-71.4976165574495,-71.4976165574495
2691.760075483322,-71.49538155042106,-71.49538155042106
2691.770075483322,-71.49303784514112,-71.49303784514112
2691.780075483322,-71.49058872781075,-71.49058872781075
2691.790075483322,-71.48803743798106,-71.48803743798106
2691.800075483322,-71.48538714487135,-71.48538714487135
2691.810075483322,-71.48264093445555,-71.48264093445555
2691.820075483322,-71.47980180328528,-71.47980180328528
2691.830075483322,-71.47687265648514,-71.47687265648514
2691.840075483322,-71.47385630831562,-71.47385630831562
2691.850075483322,-71.47075548426481,-71.47075548426481
2691.8600754833224,-71.46757282403341,-71.46757282403341
2691.870075483322,-71.46431088497471,-71.46431088497471
2691.8800754833223,-71.46097214566872,-71.46097214566872
2691.890075483322,-71.45755900959323,-71.45755900959323
2691.9000754833223,-71.45407380865184,-71.45407380865184
2691.910075483322,-71.45051880660587,-71.45051880660587
2691.9200754833223,-71.44689620227784,-71.44689620227784
2691.930075483322,-71.44320813262117,-71.44320813262117
2691.9400754833223,-71.43945667555404,-71.43945667555404
2691.950075507164,-71.43564384355241,-71.43564384355241
2691.960075507164,-71.43177162221996,-71.43177162221996
2691.970075507164,-71.42784191892663,-71.42784191892663
2691.980075507164,-71.42385660037051,-71.42385660037051
2691.990075507164,-71.41981748590146,-71.41981748590146
2692.000075507164,-71.4157263493837,-71.4157263493837
2692.010075507164,-71.41158492094338,-71.41158492094338
2692.020075507164,-71.40739488862089,-71.40739488862089
2692.030075507164,-71.40315789992597,-71.40315789992597
2692.040075507164,-71.39887556325948,-71.39887556325948
2692.050075507164,-71.39454944929558,-71.39454944929558
2692.060075507164,-71.39018109226576,-71.39018109226576
2692.070075507164,-71.3857719911699,-71.3857719911699
2692.080075507164,-71.38132361090142,-71.38132361090142
2692.090075507164,-71.37683738336115,-71.37683738336115
2692.100075507164,-71.37231470846109,-71.37231470846109
2692.110075507164,-71.36775695510653,-71.36775695510653
2692.120075507164,-71.36316546211862,-71.36316546211862
2692.130075507164,-71.35854153912098,-71.35854153912098
2692.140075507164,-71.35388646736789,-71.35388646736789
2692.150075507164,-71.34920150056628,-71.34920150056628
2692.160075507164,-71.34448786560819,-71.34448786560819
2692.170075507164,-71.33974676334181,-71.33974676334181
2692.180075507164,-71.33497936922888,-71.33497936922888
2692.190075507164,-71.33018683405791,-71.33018683405791
2692.200075507164,-71.32537028454281,-71.32537028454281
2692.210075507164,-71.32053082398485,-71.32053082398485
2692.220075507164,-71.31566953283435,-71.31566953283435
2692.230075507164,-71.3107874692658,-71.3107874692658
2692.240075507164,-71.30588566974924,-71.30588566974924
2692.250075507164,-71.30096514954299,-71.30096514954299
2692.260075507164,-71.29602690323092,-71.29602690323092
2692.270075507164,-71.29107190520969,-71.29107190520969
2692.280075507164,-71.28610111015047,-71.28610111015047
2692.290075507164,-71.28111545346573,-71.28111545346573
2692.300075507164,-71.27611585175423,-71.27611585175423
2692.310075507164,-71.27110320321431,-71.27110320321431
2692.320075507164,-71.26607838807794,-71.26607838807794
2692.330075507164,-71.26104226899538,-71.26104226899538
2692.340075507164,-71.25599569144103,-71.25599569144103
2692.350075507164,-71.25093948405929,-71.25093948405929
2692.360075507164,-71.2458744590614,-71.2458744590614
2692.370075507164,-71.2408014125521,-71.2408014125521
2692.380075507164,-71.23572112489762,-71.23572112489762
2692.390075507164,-71.23063436103205,-71.23063436103205
2692.400075507164,-71.22554187080948,-71.22554187080948
2692.410075507164,-71.22044438927986,-71.22044438927986
2692.420075507164,-71.21534263704716,-71.21534263704716
2692.430075507164,-71.21023732050394,-71.21023732050394
2692.440075507164,-71.2051291321755,-71.2051291321755
2692.450075507164,-71.20001875094931,-71.20001875094931
2692.460075507164,-71.19490684240252,-71.19490684240252
2692.470075507164,-71.1897940590279,-71.1897940590279
2692.480075507164,-71.18468104050915,-71.18468104050915
2692.490075507164,-71.17956841396452,-71.17956841396452
2692.500075507164,-71.17445679419635,-71.17445679419635
2692.510075507164,-71.1693467839445,-71.1693467839445
2692.520075507164,-71.16423897409705,-71.16423897409705
2692.530075507164,-71.15913394393898,-71.15913394393898
2692.540075507164,-71.15403226134954,-71.15403226134954
2692.550075507164,-71.14893448305028,-71.14893448305028
2692.560075507164,-71.14384115479787,-71.14384115479787
2692.570075507164,-71.13875281158792,-71.13875281158792
2692.580075507164,-71.13366997786825,-71.13366997786825
2692.590075507164,-71.12859316773225,-71.12859316773225
2692.600075507164,-71.12352288510905,-71.12352288510905
2692.610075507164,-71.1184596239656,-71.1184596239656
2692.620075507164,-71.11340386846204,-71.11340386846204
2692.630075507164,-71.10835609316693,-71.10835609316693
2692.640075507164,-71.10331676320017,-71.10331676320017
2692.650075507164,-71.09828633443196,-71.09828633443196
2692.660075507164,-71.09326525363122,-71.09326525363122
2692.670075507164,-71.0882539586412,-71.0882539586412
2692.680075507164,-71.08325287854461,-71.08325287854461
2692.690075507164,-71.0782624338082,-71.0782624338082
2692.700075507164,-71.0732830364607,-71.0732830364607
2692.710075507164,-71.06830891658363,-71.06830891658363
2692.720075507164,-71.06333777712331,-71.06333777712331
2692.730075507164,-71.05836870204784,-71.05836870204784
2692.740075507164,-71.05340140889642,-71.05340140889642
2692.750075507164,-71.04843596408507,-71.04843596408507
2692.760075507164,-71.04347263539498,-71.04347263539498
2692.770075507164,-71.03851180564737,-71.03851180564737
2692.780075507164,-71.03355392103053,-71.03355392103053
2692.790075507164,-71.02859946007474,-71.02859946007474
2692.800075531006,-71.02364890337907,-71.02364890337907
2692.810075531006,-71.01870276980364,-71.01870276980364
2692.820075531006,-71.01376153942499,-71.01376153942499
2692.830075531006,-71.00882569701201,-71.00882569701201
2692.840075531006,-71.00389571839959,-71.00389571839959
2692.850075531006,-70.99897206959568,-70.99897206959568
2692.860075531006,-70.99405520651868,-70.99405520651868
2692.870075531006,-70.9891455750153,-70.9891455750153
2692.880075531006,-70.98424361117871,-70.98424361117871
2692.890075531006,-70.97934974164578,-70.97934974164578
2692.9000755310058,-70.97446438400443,-70.97446438400443
2692.910075531006,-70.9695879471867,-70.9695879471867
2692.9200755310058,-70.96472083183986,-70.96472083183986
2692.930075531006,-70.95986343065937,-70.95986343065937
2692.9400755310057,-70.95501612873738,-70.95501612873738
2692.950075531006,-70.95017930383004,-70.95017930383004
2692.9600755310057,-70.94535332662399,-70.94535332662399
2692.970075531006,-70.94053856096144,-70.94053856096144
2692.9800755310057,-70.9357353640761,-70.9357353640761
2692.990075531006,-70.9309440867566,-70.9309440867566
2693.0000755310057,-70.9261650735176,-70.9261650735176
2693.010075531006,-70.92139866274943,-70.92139866274943
2693.0200755310057,-70.91664518688032,-70.91664518688032
2693.030075531006,-70.91190497247159,-70.91190497247159
2693.0400755310056,-70.90717834035149,-70.90717834035149
2693.050075531006,-70.9024656057129,-70.9024656057129
2693.060075531006,-70.89776707820855,-70.89776707820855
2693.070075531006,-70.89308306204778,-70.89308306204778
2693.080075531006,-70.88841385607992,-70.88841385607992
2693.090075531006,-70.88375975387174,-70.88375975387174
2693.100075531006,-70.8791210437766,-70.8791210437766
2693.110075531006,-70.87449800902475,-70.87449800902475
2693.120075531006,-70.86989092776857,-70.86989092776857
2693.130075531006,-70.86530007317045,-70.86530007317045
2693.140075531006,-70.86072571344738,-70.86072571344738
2693.1500755310058,-70.8561681119437,-70.8561681119437
2693.160075531006,-70.85162752718622,-70.85162752718622
2693.1700755310058,-70.8471042129443,-70.8471042129443
2693.180075531006,-70.84259841828651,-70.84259841828651
2693.1900755310057,-70.83811038762914,-70.83811038762914
2693.200075531006,-70.83364036079945,-70.83364036079945
2693.2100755310057,-70.82918857308897,-70.82918857308897
2693.220075531006,-70.82475525529998,-70.82475525529998
2693.2300755310057,-70.82034063380235,-70.82034063380235
2693.240075531006,-70.81594493057246,-70.81594493057246
2693.2500755310057,-70.81156836328172,-70.81156836328172
2693.260075531006,-70.80721114529301,-70.80721114529301
2693.2700755310057,-70.8028734857508,-70.8028734857508
2693.280075531006,-70.7985555896127,-70.7985555896127
2693.2900755310056,-70.79425765770651,-70.79425765770651
2693.300075531006,-70.78997988677654,-70.78997988677654
2693.310075531006,-70.78572246951902,-70.78572246951902
2693.320075531006,-70.78148559466187,-70.78148559466187
2693.330075531006,-70.77726944697258,-70.77726944697258
2693.340075531006,-70.77307420734029,-70.77307420734029
2693.350075531006,-70.76890005279685,-70.76890005279685
2693.360075531006,-70.76474715658175,-70.76474715658175
2693.370075531006,-70.76061568816422,-70.76061568816422
2693.380075531006,-70.75650581333473,-70.75650581333473
2693.390075531006,-70.75241769418788,-70.75241769418788
2693.4000755310058,-70.74835148922989,-70.74835148922989
2693.410075531006,-70.74430735337744,-70.74430735337744
2693.4200755310058,-70.7402854380254,-70.7402854380254
2693.430075531006,-70.73628589108344,-70.73628589108344
2693.4400755310057,-70.73230885702971,-70.73230885702971
2693.450075531006,-70.72835447694463,-70.72835447694463
2693.4600755310057,-70.72442288856315,-70.72442288856315
2693.470075531006,-70.72051422628967,-70.72051422628967
2693.4800755310057,-70.71662862128741,-70.71662862128741
2693.490075531006,-70.7127662014915,-70.7127662014915
2693.5000755310057,-70.70892709165214,-70.70892709165214
2693.510075531006,-70.7051114133814,-70.7051114133814
2693.5200755310057,-70.7013192852007,-70.7013192852007
2693.530075531006,-70.69755082256246,-70.69755082256246
2693.5400755310056,-70.69380613792192,-70.69380613792192
2693.550075531006,-70.69008534074042,-70.69008534074042
2693.560075531006,-70.68638853755975,-70.68638853755975
2693.570075531006,-70.68271583202984,-70.68271583202984
2693.580075531006,-70.6790673249258,-70.6790673249258
2693.590075531006,-70.67544311422591,-70.67544311422591
2693.600075531006,-70.67184329511545,-70.67184329511545
2693.610075531006,-70.66826796005459,-70.66826796005459
2693.620075531006,-70.66471719879301,-70.66471719879301
2693.630075531006,-70.66119109842327,-70.66119109842327
2693.640075531006,-70.65768974339923,-70.65768974339923
2693.6500755548477,-70.6542132073275,-70.6542132073275
2693.660075554848,-70.65076158615375,-70.65076158615375
2693.6700755548477,-70.64733494832316,-70.64733494832316
2693.680075554848,-70.64393336815826,-70.64393336815826
2693.6900755548477,-70.64055691754463,-70.64055691754463
2693.700075554848,-70.63720566594515,-70.63720566594515
2693.7100755548477,-70.63387968044911,-70.63387968044911
2693.720075554848,-70.63057902580411,-70.63057902580411
2693.7300755548476,-70.62730376444908,-70.62730376444908
2693.740075554848,-70.62405395655603,-70.62405395655603
2693.7500755548476,-70.62082966004697,-70.62082966004697
2693.760075554848,-70.61763093063921,-70.61763093063921
2693.7700755548476,-70.61445782187614,-70.61445782187614
2693.780075554848,-70.61131038514841,-70.61131038514841
2693.7900755548476,-70.6081886697523,-70.6081886697523
2693.800075554848,-70.6050927228763,-70.6050927228763
2693.8100755548476,-70.60202258967692,-70.60202258967692
2693.820075554848,-70.59897831329701,-70.59897831329701
2693.8300755548476,-70.59595993487471,-70.59595993487471
2693.8400755548478,-70.59296749359422,-70.59296749359422
2693.8500755548475,-70.59000102671436,-70.59000102671436
2693.8600755548478,-70.58706056959637,-70.58706056959637
2693.8700755548475,-70.58414615571581,-70.58414615571581
2693.8800755548477,-70.58125781671579,-70.58125781671579
2693.8900755548475,-70.57839558242398,-70.57839558242398
2693.9000755548477,-70.57555948087789,-70.57555948087789
2693.910075554848,-70.57274953835828,-70.57274953835828
2693.9200755548477,-70.56996577940708,-70.56996577940708
2693.930075554848,-70.56720822685905,-70.56720822685905
2693.9400755548477,-70.56447690188236,-70.56447690188236
2693.950075554848,-70.56177182398075,-70.56177182398075
2693.9600755548477,-70.55909301103196,-70.55909301103196
2693.970075554848,-70.55644047931804,-70.55644047931804
2693.9800755548476,-70.55381424353328,-70.55381424353328
2693.990075554848,-70.55121431682612,-70.55121431682612
2694.0000755548476,-70.54864071081171,-70.54864071081171
2694.010075554848,-70.54609343560494,-70.54609343560494
2694.0200755548476,-70.54357249984436,-70.54357249984436
2694.030075554848,-70.5410779107098,-70.5410779107098
2694.0400755548476,-70.53860967395076,-70.53860967395076
2694.050075554848,-70.53616779388982,-70.53616779388982
2694.0600755548476,-70.53375227347908,-70.53375227347908
2694.070075554848,-70.53136311429645,-70.53136311429645
2694.0800755548476,-70.52900031659168,-70.52900031659168
2694.0900755548478,-70.52666387927405,-70.52666387927405
2694.1000755548475,-70.52435379996325,-70.52435379996325
2694.1100755548478,-70.5220700749894,-70.5220700749894
2694.1200755548475,-70.51981269944007,-70.51981269944007
2694.1300755548477,-70.5175816671492,-70.5175816671492
2694.1400755548475,-70.51537697075105,-70.51537697075105
2694.1500755548477,-70.51319860166608,-70.51319860166608
2694.160075554848,-70.51104655014679,-70.51104655014679
2694.1700755548477,-70.50892080528014,-70.50892080528014
2694.180075554848,-70.50682135502853,-70.50682135502853
2694.1900755548477,-70.50474818621376,-70.50474818621376
2694.200075554848,-70.50270128457217,-70.50270128457217
2694.2100755548477,-70.50067450682555,-70.50067450682555
2694.220075554848,-70.49866516166685,-70.49866516166685
2694.2300755548476,-70.49667193477033,-70.49667193477033
2694.240075554848,-70.49469414736406,-70.49469414736406
2694.2500755548476,-70.49273147365705,-70.49273147365705
2694.260075554848,-70.49078379437603,-70.49078379437603
2694.2700755548476,-70.48885111098453,-70.48885111098453
2694.280075554848,-70.48693349427262,-70.48693349427262
2694.2900755548476,-70.48503105345115,-70.48503105345115
2694.300075554848,-70.48314391766057,-70.48314391766057
2694.3100755548476,-70.48127222500142,-70.48127222500142
2694.320075554848,-70.47941611607688,-70.47941611607688
2694.3300755548476,-70.47757573035544,-70.47757573035544
2694.3400755548478,-70.47575120415561,-70.47575120415561
2694.3500755548475,-70.4739426696848,-70.4739426696848
2694.3600755548478,-70.47215025464129,-70.47215025464129
2694.3700755548475,-70.47037408220353,-70.47037408220353
2694.3800755548477,-70.4686142711871,-70.4686142711871
2694.3900755548475,-70.46687093627885,-70.46687093627885
2694.4000755548477,-70.46514418836657,-70.46514418836657
2694.410075554848,-70.46343413480065,-70.46343413480065
2694.4200755548477,-70.4617408797041,-70.4617408797041
2694.430075554848,-70.46006452422874,-70.46006452422874
2694.4400755548477,-70.45840516678291,-70.45840516678291
2694.450075554848,-70.45676290325045,-70.45676290325045
2694.4600755548477,-70.45513782716706,-70.45513782716706
2694.470075554848,-70.45353002986226,-70.45353002986226
2694.4800755548476,-70.45193960060992,-70.45193960060992
2694.490075554848,-70.45036662672074,-70.45036662672074
2694.5000755786896,-70.44881118996308,-70.44881118996308
2694.51007557869,-70.44727338148367,-70.44727338148367
2694.5200755786896,-70.44575327947373,-70.44575327947373
2694.53007557869,-70.4442509642647,-70.4442509642647
2694.5400755786895,-70.44276651455985,-70.44276651455985
2694.5500755786898,-70.44130000750155,-70.44130000750155
2694.5600755786895,-70.43985151868041,-70.43985151868041
2694.5700755786897,-70.43842112217924,-70.43842112217924
2694.5800755786895,-70.43700889058502,-70.43700889058502
2694.5900755786897,-70.435614895008,-70.435614895008
2694.6000755786895,-70.43423920510642,-70.43423920510642
2694.6100755786897,-70.43288188907525,-70.43288188907525
2694.6200755786895,-70.43154301368075,-70.43154301368075
2694.6300755786897,-70.43022264424707,-70.43022264424707
2694.6400755786894,-70.42892084467702,-70.42892084467702
2694.6500755786897,-70.42763767744162,-70.42763767744162
2694.6600755786894,-70.42637320361771,-70.42637320361771
2694.6700755786896,-70.42512748283941,-70.42512748283941
2694.6800755786894,-70.42390057335477,-70.42390057335477
2694.6900755786896,-70.42269253199804,-70.42269253199804
2694.7000755786894,-70.4215034142064,-70.4215034142064
2694.7100755786896,-70.42033327400284,-70.42033327400284
2694.7200755786894,-70.41918216403054,-70.41918216403054
2694.7300755786896,-70.41805013552249,-70.41805013552249
2694.7400755786894,-70.41693723833826,-70.41693723833826
2694.7500755786896,-70.41584352094344,-70.41584352094344
2694.76007557869,-70.41476903041747,-70.41476903041747
2694.7700755786896,-70.41371381247315,-70.41371381247315
2694.78007557869,-70.41267791144216,-70.41267791144216
2694.7900755786895,-70.41166137029482,-70.41166137029482
2694.8000755786898,-70.41066423063828,-70.41066423063828
2694.8100755786895,-70.40968653271763,-70.40968653271763
2694.8200755786897,-70.40872831543243,-70.40872831543243
2694.8300755786895,-70.4077896163433,-70.4077896163433
2694.8400755786897,-70.40687047165491,-70.40687047165491
2694.8500755786895,-70.40597091626208,-70.40597091626208
2694.8600755786897,-70.40509098372489,-70.40509098372489
2694.8700755786895,-70.40423070630811,-70.40423070630811
2694.8800755786897,-70.40339011493965,-70.40339011493965
2694.8900755786894,-70.40256923927858,-70.40256923927858
2694.9000755786897,-70.40176810767427,-70.40176810767427
2694.9100755786894,-70.40098674721521,-70.40098674721521
2694.9200755786896,-70.40022518370255,-70.40022518370255
2694.9300755786894,-70.39948344168536,-70.39948344168536
2694.9400755786896,-70.39876154445773,-70.39876154445773
2694.9500755786894,-70.39805951408265,-70.39805951408265
2694.9600755786896,-70.39737737137591,-70.39737737137591
2694.9700755786894,-70.39671513595368,-70.39671513595368
2694.9800755786896,-70.396072826206,-70.396072826206
2694.9900755786894,-70.39545045932871,-70.39545045932871
2695.0000755786896,-70.39484805133881,-70.39484805133881
2695.01007557869,-70.39426561707674,-70.39426561707674
2695.0200755786896,-70.39370317021802,-70.39370317021802
2695.03007557869,-70.39316072327357,-70.39316072327357
2695.0400755786895,-70.39263828763261,-70.39263828763261
2695.0500755786898,-70.39213587354652,-70.39213587354652
2695.0600755786895,-70.391653490147,-70.391653490147
2695.0700755786897,-70.3911911454701,-70.3911911454701
2695.0800755786895,-70.3907488464471,-70.3907488464471
2695.0900755786897,-70.39032659894413,-70.39032659894413
2695.1000755786895,-70.38992440775068,-70.38992440775068
2695.1100755786897,-70.38954227660587,-70.38954227660587
2695.1200755786895,-70.38918020819841,-70.38918020819841
2695.1300755786897,-70.38883820419538,-70.38883820419538
2695.1400755786894,-70.38851626523397,-70.38851626523397
2695.1500755786897,-70.3882143909522,-70.3882143909522
2695.1600755786894,-70.38793258000476,-70.38793258000476
2695.1700755786896,-70.38767083005003,-70.38767083005003
2695.1800755786894,-70.38742913779359,-70.38742913779359
2695.1900755786896,-70.38720749897196,-70.38720749897196
2695.2000755786894,-70.38700590839066,-70.38700590839066
2695.2100755786896,-70.38681823733083,-70.38681823733083
2695.2200755786894,-70.38664180388115,-70.38664180388115
2695.2300755786896,-70.38647530163134,-70.38647530163134
2695.2400755786894,-70.38631805945882,-70.38631805945882
2695.2500755786896,-70.38616975929042,-70.38616975929042
2695.26007557869,-70.38603028976954,-70.38603028976954
2695.2700755786896,-70.38589966053186,-70.38589966053186
2695.28007557869,-70.38577795077734,-70.38577795077734
2695.2900755786895,-70.38566527839201,-70.38566527839201
2695.3000755786898,-70.385561781422,-70.385561781422
2695.3100755786895,-70.3854676070702,-70.3854676070702
2695.3200755786897,-70.38538290526454,-70.38538290526454
2695.3300755786895,-70.38530782495924,-70.38530782495924
2695.3400755786897,-70.3852425121167,-70.3852425121167
2695.3500756025314,-70.38518710863566,-70.38518710863566
2695.3600756025317,-70.38514175244669,-70.38514175244669
2695.3700756025314,-70.38510657663679,-70.38510657663679
2695.3800756025316,-70.38508171023074,-70.38508171023074
2695.3900756025314,-70.38506727825613,-70.38506727825613
2695.4000756025316,-70.38506340201813,-70.38506340201813
2695.4100756025314,-70.38507019941842,-70.38507019941842
2695.4200756025316,-70.38508778523793,-70.38508778523793
2695.4300756025314,-70.38511627135775,-70.38511627135775
2695.4400756025316,-70.38515576703327,-70.38515576703327
2695.4500756025313,-70.3852063790762,-70.3852063790762
2695.4600756025316,-70.38526821203583,-70.38526821203583
2695.4700756025313,-70.38534136834406,-70.38534136834406
2695.4800756025315,-70.38542594845568,-70.38542594845568
2695.4900756025313,-70.38552205093866,-70.38552205093866
2695.5000756025315,-70.38562977259643,-70.38562977259643
2695.5100756025313,-70.38574920851364,-70.38574920851364
2695.5200756025315,-70.38588045213332,-70.38588045213332
2695.5300756025313,-70.38602359532909,-70.38602359532909
2695.5400756025315,-70.38617872840784,-70.38617872840784
2695.5500756025313,-70.38634594018154,-70.38634594018154
2695.5600756025315,-70.38652531797804,-70.38652531797804
2695.5700756025312,-70.38671694767191,-70.38671694767191
2695.5800756025315,-70.38692091370785,-70.38692091370785
2695.590075602531,-70.38713729909864,-70.38713729909864
2695.6000756025314,-70.38736618545218,-70.38736618545218
2695.6100756025317,-70.38760765299494,-70.38760765299494
2695.6200756025314,-70.38786178053844,-70.38786178053844
2695.6300756025316,-70.38812864552547,-70.38812864552547
2695.6400756025314,-70.38840832401068,-70.38840832401068
2695.6500756025316,-70.38870089068234,-70.38870089068234
2695.6600756025314,-70.38900641884612,-70.38900641884612
2695.6700756025316,-70.38932498044663,-70.38932498044663
2695.6800756025314,-70.38965664605787,-70.38965664605787
2695.6900756025316,-70.39000148488077,-70.39000148488077
2695.7000756025313,-70.39035956475917,-70.39035956475917
2695.7100756025316,-70.39073095217579,-70.39073095217579
2695.7200756025313,-70.39111571225271,-70.39111571225271
2695.7300756025315,-70.39151390874333,-70.39151390874333
2695.7400756025313,-70.3919256040555,-70.3919256040555
2695.7500756025315,-70.39235085923978,-70.39235085923978
2695.7600756025313,-70.39278973400606,-70.39278973400606
2695.7700756025315,-70.3932422867003,-70.3932422867003
2695.7800756025313,-70.39370857433616,-70.39370857433616
2695.7900756025315,-70.39418865259043,-70.39418865259043
2695.8000756025313,-70.39468257580025,-70.39468257580025
2695.8100756025315,-70.39519039696965,-70.39519039696965
2695.8200756025312,-70.39571216777767,-70.39571216777767
2695.8300756025315,-70.39624793859603,-70.39624793859603
2695.840075602531,-70.39679775847124,-70.39679775847124
2695.8500756025314,-70.39736167514745,-70.39736167514745
2695.8600756025317,-70.39793973506997,-70.39793973506997
2695.8700756025314,-70.39853198338524,-70.39853198338524
2695.8800756025316,-70.39913846395136,-70.39913846395136
2695.8900756025314,-70.39975921936559,-70.39975921936559
2695.9000756025316,-70.40039429093534,-70.40039429093534
2695.9100756025314,-70.40104371871259,-70.40104371871259
2695.9200756025316,-70.40170754149737,-70.40170754149737
2695.9300756025314,-70.40238579684831,-70.40238579684831
2695.9400756025316,-70.40307852108698,-70.40307852108698
2695.9500756025313,-70.40378574930332,-70.40378574930332
2695.9600756025316,-70.4045075153808,-70.4045075153808
2695.9700756025313,-70.40524385199056,-70.40524385199056
2695.9800756025315,-70.40599479061017,-70.40599479061017
2695.9900756025313,-70.40676036152902,-70.40676036152902
2696.0000756025315,-70.40754059386832,-70.40754059386832
2696.0100756025313,-70.40833551558073,-70.40833551558073
2696.0200756025315,-70.40914515346466,-70.40914515346466
2696.0300756025313,-70.4099695331771,-70.4099695331771
2696.0400756025315,-70.41080867924833,-70.41080867924833
2696.0500756025313,-70.41166261507888,-70.41166261507888
2696.0600756025315,-70.41253136296946,-70.41253136296946
2696.0700756025312,-70.4134149441244,-70.4134149441244
2696.0800756025315,-70.41431337865518,-70.41431337865518
2696.090075602531,-70.41522668561281,-70.41522668561281
2696.1000756025314,-70.4161548829706,-70.4161548829706
2696.1100756025317,-70.41709798766423,-70.41709798766423
2696.1200756025314,-70.41805601558525,-70.41805601558525
2696.1300756025316,-70.41902898160761,-70.41902898160761
2696.1400756025314,-70.42001689958019,-70.42001689958019
2696.1500756025316,-70.42101978235848,-70.42101978235848
2696.1600756025314,-70.42203764180398,-70.42203764180398
2696.1700756025316,-70.42307048879964,-70.42307048879964
2696.1800756025314,-70.4241183332711,-70.4241183332711
2696.1900756025316,-70.42518118417739,-70.42518118417739
2696.2000756263733,-70.42625905211582,-70.42625905211582
2696.2100756263735,-70.4273519391032,-70.4273519391032
2696.2200756263733,-70.4284598538113,-70.4284598538113
2696.2300756263735,-70.42958280152601,-70.42958280152601
2696.2400756263733,-70.43072078662262,-70.43072078662262
2696.2500756263735,-70.4318738125993,-70.4318738125993
2696.2600756263732,-70.43304188209736,-70.43304188209736
2696.2700756263735,-70.43422499688181,-70.43422499688181
2696.280075626373,-70.4354231578792,-70.4354231578792
2696.2900756263734,-70.43663636517803,-70.43663636517803
2696.300075626373,-70.43786461805598,-70.43786461805598
2696.3100756263734,-70.43910791496421,-70.43910791496421
2696.320075626373,-70.44036625356773,-70.44036625356773
2696.3300756263734,-70.44163963074098,-70.44163963074098
2696.340075626373,-70.44292804258039,-70.44292804258039
2696.3500756263734,-70.44423148441663,-70.44423148441663
2696.360075626373,-70.4455499508351,-70.4455499508351
2696.3700756263734,-70.44688343566948,-70.44688343566948
2696.380075626373,-70.44823193202976,-70.44823193202976
2696.3900756263733,-70.44959543229677,-70.44959543229677
2696.400075626373,-70.45097392815842,-70.45097392815842
2696.4100756263733,-70.45236741059159,-70.45236741059159
2696.420075626373,-70.45377586989038,-70.45377586989038
2696.4300756263733,-70.4551992956767,-70.4551992956767
2696.440075626373,-70.45663767689877,-70.45663767689877
2696.4500756263733,-70.45809100186199,-70.45809100186199
2696.4600756263735,-70.45955312434478,-70.45955312434478
2696.4700756263733,-70.46102134905087,-70.46102134905087
2696.4800756263735,-70.46249435864613,-70.46249435864613
2696.4900756263733,-70.46397147269516,-70.46397147269516
2696.5000756263735,-70.4654523650215,-70.4654523650215
2696.5100756263732,-70.46693691710158,-70.46693691710158
2696.5200756263735,-70.4684251321301,-70.4684251321301
2696.530075626373,-70.46991708348536,-70.46991708348536
2696.5400756263734,-70.47141288372076,-70.47141288372076
2696.550075626373,-70.47291266599994,-70.47291266599994
2696.5600756263734,-70.47441657304365,-70.47441657304365
2696.570075626373,-70.47592475063568,-70.47592475063568
2696.5800756263734,-70.47743734392793,-70.47743734392793
2696.590075626373,-70.47895449540447,-70.47895449540447
2696.6000756263734,-70.48047634388291,-70.48047634388291
2696.610075626373,-70.48200302412093,-70.48200302412093
2696.6200756263734,-70.48353466676188,-70.48353466676188
2696.630075626373,-70.48507139846204,-70.48507139846204
2696.6400756263733,-70.48661334217553,-70.48661334217553
2696.650075626373,-70.48816061740796,-70.48816061740796
2696.6600756263733,-70.4897133405034,-70.4897133405034
2696.670075626373,-70.4912716249295,-70.4912716249295
2696.6800756263733,-70.49283558155174,-70.49283558155174
2696.690075626373,-70.49440531881652,-70.49440531881652
2696.7000756263733,-70.49598094299648,-70.49598094299648
2696.7100756263735,-70.49756255832997,-70.49756255832997
2696.7200756263733,-70.49915026719127,-70.49915026719127
2696.7300756263735,-70.5007441702062,-70.5007441702062
2696.7400756263733,-70.50234436635846,-70.50234436635846
2696.7500756263735,-70.50395095308536,-70.50395095308536
2696.7600756263732,-70.50556402634884,-70.50556402634884
2696.7700756263735,-70.50718368068152,-70.50718368068152
2696.780075626373,-70.50881000927184,-70.50881000927184
2696.7900756263734,-70.51044310396212,-70.51044310396212
2696.800075626373,-70.51208305531402,-70.51208305531402
2696.8100756263734,-70.51372995262057,-70.51372995262057
2696.820075626373,-70.51538388393429,-70.51538388393429
2696.8300756263734,-70.51704493607325,-70.51704493607325
2696.840075626373,-70.51871319463203,-70.51871319463203
2696.8500756263734,-70.52038874401966,-70.52038874401966
2696.860075626373,-70.52207166742699,-70.52207166742699
2696.8700756263734,-70.52376204684501,-70.52376204684501
2696.880075626373,-70.52545996309091,-70.52545996309091
2696.8900756263733,-70.5271654957786,-70.5271654957786
2696.900075626373,-70.52887872333342,-70.52887872333342
2696.9100756263733,-70.53059972299079,-70.53059972299079
2696.920075626373,-70.53232857079448,-70.53232857079448
2696.9300756263733,-70.5340653416042,-70.5340653416042
2696.940075626373,-70.53581010908879,-70.53581010908879
2696.9500756263733,-70.5375629457016,-70.5375629457016
2696.9600756263735,-70.53932392272783,-70.53932392272783
2696.9700756263733,-70.54109311024344,-70.54109311024344
2696.9800756263735,-70.54287057713745,-70.54287057713745
2696.9900756263733,-70.54465639110192,-70.54465639110192
2697.0000756263735,-70.5464506186214,-70.5464506186214
2697.0100756263732,-70.548253324999,-70.548253324999
2697.0200756263735,-70.55006457433072,-70.55006457433072
2697.030075626373,-70.55188442953346,-70.55188442953346
2697.0400756263734,-70.5537129523092,-70.5537129523092
2697.050075650215,-70.55555020756928,-70.55555020756928
2697.0600756502154,-70.55739624592617,-70.55739624592617
2697.070075650215,-70.55925112985297,-70.55925112985297
2697.0800756502153,-70.5611149163237,-70.5611149163237
2697.090075650215,-70.56298766112552,-70.56298766112552
2697.1000756502153,-70.56486941887356,-70.56486941887356
2697.110075650215,-70.56676024298993,-70.56676024298993
2697.1200756502153,-70.56866018575413,-70.56866018575413
2697.130075650215,-70.57056929827034,-70.57056929827034
2697.1400756502153,-70.57248763049,-70.57248763049
2697.150075650215,-70.57441523120693,-70.57441523120693
2697.1600756502153,-70.57635214807839,-70.57635214807839
2697.170075650215,-70.57829842761451,-70.57829842761451
2697.1800756502153,-70.5802541152022,-70.5802541152022
2697.190075650215,-70.58221925509567,-70.58221925509567
2697.2000756502152,-70.58419389043331,-70.58419389043331
2697.210075650215,-70.58617806323663,-70.58617806323663
2697.220075650215,-70.58817181443331,-70.58817181443331
2697.230075650215,-70.59017518385613,-70.59017518385613
2697.240075650215,-70.59218821024152,-70.59218821024152
2697.250075650215,-70.59421093126873,-70.59421093126873
2697.260075650215,-70.59624338352,-70.59624338352
2697.270075650215,-70.59828560253787,-70.59828560253787
2697.280075650215,-70.6003376228085,-70.6003376228085
2697.290075650215,-70.6023994777656,-70.6023994777656
2697.300075650215,-70.60447119981853,-70.60447119981853
2697.3100756502154,-70.60655282035941,-70.60655282035941
2697.320075650215,-70.60864436976155,-70.60864436976155
2697.3300756502153,-70.61074587738668,-70.61074587738668
2697.340075650215,-70.61285737160988,-70.61285737160988
2697.3500756502153,-70.61497887982435,-70.61497887982435
2697.360075650215,-70.61711042844112,-70.61711042844112
2697.3700756502153,-70.61925204292058,-70.61925204292058
2697.380075650215,-70.62140374776085,-70.62140374776085
2697.3900756502153,-70.62356556650661,-70.62356556650661
2697.400075650215,-70.62573752178932,-70.62573752178932
2697.4100756502153,-70.62791963531211,-70.62791963531211
2697.420075650215,-70.63011192785858,-70.63011192785858
2697.4300756502153,-70.63231441932409,-70.63231441932409
2697.440075650215,-70.63452712869672,-70.63452712869672
2697.4500756502152,-70.63675007409158,-70.63675007409158
2697.460075650215,-70.63897712046631,-70.63897712046631
2697.470075650215,-70.64120559241485,-70.64120559241485
2697.480075650215,-70.64343419624352,-70.64343419624352
2697.490075650215,-70.64566227696162,-70.64566227696162
2697.500075650215,-70.64788953486416,-70.64788953486416
2697.510075650215,-70.65011587846668,-70.65011587846668
2697.520075650215,-70.65234133829287,-70.65234133829287
2697.530075650215,-70.65456601517235,-70.65456601517235
2697.540075650215,-70.65679004912266,-70.65679004912266
2697.550075650215,-70.6590136006767,-70.6590136006767
2697.5600756502154,-70.6612368398216,-70.6612368398216
2697.570075650215,-70.66345993946524,-70.66345993946524
2697.5800756502153,-70.66568307170724,-70.66568307170724
2697.590075650215,-70.66790640579299,-70.66790640579299
2697.6000756502153,-70.67013010712209,-70.67013010712209
2697.610075650215,-70.67235433683192,-70.67235433683192
2697.6200756502153,-70.67457925174695,-70.67457925174695
2697.630075650215,-70.67680500453068,-70.67680500453068
2697.6400756502153,-70.67903174390453,-70.67903174390453
2697.650075650215,-70.68125961495973,-70.68125961495973
2697.6600756502153,-70.68348875943079,-70.68348875943079
2697.670075650215,-70.68571931599894,-70.68571931599894
2697.6800756502153,-70.68795142049784,-70.68795142049784
2697.690075650215,-70.69018520619053,-70.69018520619053
2697.7000756502152,-70.69242080395145,-70.69242080395145
2697.710075650215,-70.69465834244266,-70.69465834244266
2697.720075650215,-70.69689794825243,-70.69689794825243
2697.730075650215,-70.69913974605252,-70.69913974605252
2697.740075650215,-70.70138385867041,-70.70138385867041
2697.750075650215,-70.7036304072016,-70.7036304072016
2697.760075650215,-70.70587951107822,-70.70587951107822
2697.770075650215,-70.70813128813195,-70.70813128813195
2697.780075650215,-70.71038585465021,-70.71038585465021
2697.790075650215,-70.7126433254108,-70.7126433254108
2697.800075650215,-70.71490381372308,-70.71490381372308
2697.8100756502154,-70.71716743144593,-70.71716743144593
2697.820075650215,-70.71943428902101,-70.71943428902101
2697.8300756502153,-70.72170449547684,-70.72170449547684
2697.840075650215,-70.72397815846922,-70.72397815846922
2697.8500756502153,-70.7262553842584,-70.7262553842584
2697.860075650215,-70.72853627774022,-70.72853627774022
2697.8700756502153,-70.7308209424351,-70.7308209424351
2697.880075650215,-70.73310948051135,-70.73310948051135
2697.8900756502153,-70.73540199277637,-70.73540199277637
2697.900075674057,-70.73769858416065,-70.73769858416065
2697.910075674057,-70.7399993418305,-70.7399993418305
2697.920075674057,-70.74230436797112,-70.74230436797112
2697.930075674057,-70.74461375797385,-70.74461375797385
2697.940075674057,-70.74692760588997,-70.74692760588997
2697.950075674057,-70.74924600439131,-70.74924600439131
2697.960075674057,-70.7515690448229,-70.7515690448229
2697.970075674057,-70.7538968171586,-70.7538968171586
2697.980075674057,-70.75622941003095,-70.75622941003095
2697.990075674057,-70.75856691072792,-70.75856691072792
2698.000075674057,-70.76090940518434,-70.76090940518434
2698.010075674057,-70.76325697797508,-70.76325697797508
2698.020075674057,-70.76560971235996,-70.76560971235996
2698.030075674057,-70.7679676902241,-70.7679676902241
2698.040075674057,-70.77033099213651,-70.77033099213651
2698.050075674057,-70.77269969731414,-70.77269969731414
2698.060075674057,-70.77507388365501,-70.77507388365501
2698.070075674057,-70.77745362771553,-70.77745362771553
2698.080075674057,-70.77983900473949,-70.77983900473949
2698.090075674057,-70.78223008863633,-70.78223008863633
2698.100075674057,-70.7846269520136,-70.7846269520136
2698.110075674057,-70.78702966616395,-70.78702966616395
2698.120075674057,-70.78943830107526,-70.78943830107526
2698.130075674057,-70.7918529254428,-70.7918529254428
2698.140075674057,-70.79427360666311,-70.79427360666311
2698.150075674057,-70.79670041085896,-70.79670041085896
2698.160075674057,-70.79913340287693,-70.79913340287693
2698.170075674057,-70.80157264628302,-70.80157264628302
2698.180075674057,-70.80401820339083,-70.80401820339083
2698.190075674057,-70.8064701352619,-70.8064701352619
2698.200075674057,-70.80892850171622,-70.80892850171622
2698.210075674057,-70.8113871928272,-70.8113871928272
2698.220075674057,-70.81384356656397,-70.81384356656397
2698.230075674057,-70.81629636588167,-70.81629636588167
2698.240075674057,-70.81874497385192,-70.81874497385192
2698.250075674057,-70.82118912953773,-70.82118912953773
2698.260075674057,-70.82362878048623,-70.82362878048623
2698.270075674057,-70.82606399631723,-70.82606399631723
2698.280075674057,-70.82849491680908,-70.82849491680908
2698.290075674057,-70.83092172070317,-70.83092172070317
2698.300075674057,-70.8333446070166,-70.8333446070166
2698.310075674057,-70.83576378387221,-70.83576378387221
2698.320075674057,-70.83817946197397,-70.83817946197397
2698.330075674057,-70.84059185087112,-70.84059185087112
2698.340075674057,-70.84300115689409,-70.84300115689409
2698.350075674057,-70.84540758214477,-70.84540758214477
2698.360075674057,-70.84781132409044,-70.84781132409044
2698.370075674057,-70.85021257552154,-70.85021257552154
2698.380075674057,-70.85261152467612,-70.85261152467612
2698.390075674057,-70.85500835549799,-70.85500835549799
2698.400075674057,-70.85740324792194,-70.85740324792194
2698.410075674057,-70.85979637816541,-70.85979637816541
2698.420075674057,-70.86218791899634,-70.86218791899634
2698.430075674057,-70.86457804000479,-70.86457804000479
2698.440075674057,-70.86696690782549,-70.86696690782549
2698.450075674057,-70.86935468635052,-70.86935468635052
2698.460075674057,-70.8717415369125,-70.8717415369125
2698.470075674057,-70.87412761840974,-70.87412761840974
2698.480075674057,-70.87651308747041,-70.87651308747041
2698.490075674057,-70.87889809852939,-70.87889809852939
2698.500075674057,-70.88128280394118,-70.88128280394118
2698.510075674057,-70.88366735405594,-70.88366735405594
2698.520075674057,-70.88605189728072,-70.88605189728072
2698.530075674057,-70.88843658012914,-70.88843658012914
2698.540075674057,-70.89082154728668,-70.89082154728668
2698.550075674057,-70.89320694162033,-70.89320694162033
2698.560075674057,-70.8955929042266,-70.8955929042266
2698.570075674057,-70.89797957444937,-70.89797957444937
2698.580075674057,-70.90036708990343,-70.90036708990343
2698.590075674057,-70.90275558649255,-70.90275558649255
2698.600075674057,-70.9051451984115,-70.9051451984115
2698.610075674057,-70.90753605817513,-70.90753605817513
2698.620075674057,-70.90992829661378,-70.90992829661378
2698.630075674057,-70.912322042885,-70.912322042885
2698.640075674057,-70.91471742447872,-70.91471742447872
2698.650075674057,-70.9171145672202,-70.9171145672202
2698.660075674057,-70.91951359529051,-70.91951359529051
2698.670075674057,-70.92191463119173,-70.92191463119173
2698.680075674057,-70.92431779579238,-70.92431779579238
2698.690075674057,-70.92672320832114,-70.92672320832114
2698.700075674057,-70.92913098633855,-70.92913098633855
2698.710075674057,-70.93154124579179,-70.93154124579179
2698.720075674057,-70.9339541009584,-70.9339541009584
2698.730075674057,-70.93636966452331,-70.93636966452331
2698.740075674057,-70.93878804750778,-70.93878804750778
2698.750075697899,-70.9412093650904,-70.9412093650904
2698.760075697899,-70.94363371353768,-70.94363371353768
2698.770075697899,-70.94606120477013,-70.94606120477013
2698.780075697899,-70.94849194333655,-70.94849194333655
2698.790075697899,-70.95092603221102,-70.95092603221102
2698.800075697899,-70.9533635727391,-70.9533635727391
2698.810075697899,-70.95580466467807,-70.95580466467807
2698.820075697899,-70.95824940620675,-70.95824940620675
2698.830075697899,-70.96069789392934,-70.96069789392934
2698.840075697899,-70.9631502228617,-70.9631502228617
2698.850075697899,-70.96560648646548,-70.96560648646548
2698.860075697899,-70.96806677664472,-70.96806677664472
2698.8700756978988,-70.97053118376805,-70.97053118376805
2698.880075697899,-70.97299979664923,-70.97299979664923
2698.8900756978987,-70.97547270258707,-70.97547270258707
2698.900075697899,-70.97794998735253,-70.97794998735253
2698.9100756978987,-70.98043173521205,-70.98043173521205
2698.920075697899,-70.98291802893648,-70.98291802893648
2698.9300756978987,-70.9854089498058,-70.9854089498058
2698.940075697899,-70.98790457761977,-70.98790457761977
2698.9500756978987,-70.99040499072254,-70.99040499072254
2698.960075697899,-70.99291026599984,-70.99291026599984
2698.9700756978987,-70.99542047889558,-70.99542047889558
2698.980075697899,-70.9979357034153,-70.9979357034153
2698.9900756978986,-71.00045601215136,-71.00045601215136
2699.000075697899,-71.0029814762981,-71.0029814762981
2699.010075697899,-71.00551216563727,-71.00551216563727
2699.020075697899,-71.0080481485931,-71.0080481485931
2699.030075697899,-71.01058949218977,-71.01058949218977
2699.040075697899,-71.01313626212071,-71.01313626212071
2699.050075697899,-71.01568852272979,-71.01568852272979
2699.060075697899,-71.01824633702681,-71.01824633702681
2699.070075697899,-71.02080976670635,-71.02080976670635
2699.080075697899,-71.02337887216433,-71.02337887216433
2699.090075697899,-71.02595371249159,-71.02595371249159
2699.100075697899,-71.02853434551709,-71.02853434551709
2699.110075697899,-71.03112082780864,-71.03112082780864
2699.1200756978988,-71.03371321467388,-71.03371321467388
2699.130075697899,-71.0363115601796,-71.0363115601796
2699.1400756978987,-71.03891591717674,-71.03891591717674
2699.150075697899,-71.04152633731437,-71.04152633731437
2699.1600756978987,-71.04414287103592,-71.04414287103592
2699.170075697899,-71.04676556759836,-71.04676556759836
2699.1800756978987,-71.04939447510607,-71.04939447510607
2699.190075697899,-71.05202964048931,-71.05202964048931
2699.2000756978987,-71.05467110956258,-71.05467110956258
2699.210075697899,-71.05731892698144,-71.05731892698144
2699.2200756978987,-71.05997313630756,-71.05997313630756
2699.230075697899,-71.0626337800032,-71.0626337800032
2699.2400756978986,-71.06530089943324,-71.06530089943324
2699.250075697899,-71.06797453488582,-71.06797453488582
2699.260075697899,-71.07065472560313,-71.07065472560313
2699.270075697899,-71.0733415097682,-71.0733415097682
2699.280075697899,-71.07603492453387,-71.07603492453387
2699.290075697899,-71.0787350060336,-71.0787350060336
2699.300075697899,-71.08144178939607,-71.08144178939607
2699.310075697899,-71.08415530874429,-71.08415530874429
2699.320075697899,-71.08687559723518,-71.08687559723518
2699.330075697899,-71.08960268703949,-71.08960268703949
2699.340075697899,-71.09233660938763,-71.09233660938763
2699.350075697899,-71.09507739456207,-71.09507739456207
2699.360075697899,-71.09782507190285,-71.09782507190285
2699.3700756978988,-71.1005796698486,-71.1005796698486
2699.380075697899,-71.10334121592886,-71.10334121592886
2699.3900756978987,-71.10610973677457,-71.10610973677457
2699.400075697899,-71.10888525813161,-71.10888525813161
2699.4100756978987,-71.11166780488841,-71.11166780488841
2699.420075697899,-71.11445740107831,-71.11445740107831
2699.4300756978987,-71.11725406987718,-71.11725406987718
2699.440075697899,-71.12005783363678,-71.12005783363678
2699.4500756978987,-71.12286871388564,-71.12286871388564
2699.460075697899,-71.1256805334076,-71.1256805334076
2699.4700756978987,-71.1284905989709,-71.1284905989709
2699.480075697899,-71.13129760927049,-71.13129760927049
2699.4900756978986,-71.13410090670665,-71.13410090670665
2699.500075697899,-71.13690019193004,-71.13690019193004
2699.510075697899,-71.13969537562195,-71.13969537562195
2699.520075697899,-71.142486491627,-71.142486491627
2699.530075697899,-71.14527364479315,-71.14527364479315
2699.540075697899,-71.14805697962613,-71.14805697962613
2699.550075697899,-71.15083666144831,-71.15083666144831
2699.560075697899,-71.15361286519634,-71.15361286519634
2699.570075697899,-71.15638576885736,-71.15638576885736
2699.580075697899,-71.15915554971447,-71.15915554971447
2699.590075697899,-71.1619223822339,-71.1619223822339
2699.6000757217407,-71.1646864436828,-71.1646864436828
2699.610075721741,-71.16744788734992,-71.16744788734992
2699.6200757217407,-71.17020688199759,-71.17020688199759
2699.630075721741,-71.17296358568633,-71.17296358568633
2699.6400757217407,-71.1757181525817,-71.1757181525817
2699.650075721741,-71.17847073323932,-71.17847073323932
2699.6600757217407,-71.18122147493287,-71.18122147493287
2699.670075721741,-71.18397052188294,-71.18397052188294
2699.6800757217406,-71.18671801555078,-71.18671801555078
2699.690075721741,-71.18946409484691,-71.18946409484691
2699.7000757217406,-71.19220889636232,-71.19220889636232
2699.710075721741,-71.19495255450751,-71.19495255450751
2699.7200757217406,-71.19769520168938,-71.19769520168938
2699.730075721741,-71.20043696843821,-71.20043696843821
2699.7400757217406,-71.20317798351233,-71.20317798351233
2699.750075721741,-71.20591837396833,-71.20591837396833
2699.7600757217406,-71.208658265273,-71.208658265273
2699.770075721741,-71.21139778133626,-71.21139778133626
2699.7800757217406,-71.21413704458723,-71.21413704458723
2699.790075721741,-71.21687617598828,-71.21687617598828
2699.8000757217405,-71.21961529510111,-71.21961529510111
2699.8100757217408,-71.22235452007975,-71.22235452007975
2699.8200757217405,-71.2250939677208,-71.2250939677208
2699.8300757217407,-71.22783375347296,-71.22783375347296
2699.8400757217405,-71.23057399143865,-71.23057399143865
2699.8500757217407,-71.23331479438954,-71.23331479438954
2699.860075721741,-71.23605627378534,-71.23605627378534
2699.8700757217407,-71.2387985397729,-71.2387985397729
2699.880075721741,-71.24154170116952,-71.24154170116952
2699.8900757217407,-71.24428586550982,-71.24428586550982
2699.900075721741,-71.2470311389985,-71.2470311389985
2699.9100757217407,-71.24977762654821,-71.24977762654821
2699.920075721741,-71.25252543174949,-71.25252543174949
2699.9300757217406,-71.25527465690368,-71.25527465690368
2699.940075721741,-71.25802540299205,-71.25802540299205
2699.9500757217406,-71.26077776969461,-71.26077776969461
2699.960075721741,-71.26353185537042,-71.26353185537042
2699.9700757217406,-71.26628775709094,-71.26628775709094
2699.980075721741,-71.26904557059682,-71.26904557059682
2699.9900757217406,-71.27180539033641,-71.27180539033641
2700.000075721741,-71.27456730943527,-71.27456730943527
2700.0100757217406,-71.27733141972298,-71.27733141972298
2700.020075721741,-71.28009781170995,-71.28009781170995
2700.0300757217406,-71.28286657461382,-71.28286657461382
2700.040075721741,-71.28563779634221,-71.28563779634221
2700.0500757217405,-71.28841156349885,-71.28841156349885
2700.0600757217408,-71.29118796138563,-71.29118796138563
2700.0700757217405,-71.29396707402171,-71.29396707402171
2700.0800757217407,-71.29674898412328,-71.29674898412328
2700.0900757217405,-71.29953377312138,-71.29953377312138
2700.1000757217407,-71.30232152115622,-71.30232152115622
2700.110075721741,-71.30511230708926,-71.30511230708926
2700.1200757217407,-71.30790620851793,-71.30790620851793
2700.130075721741,-71.3107033017543,-71.3107033017543
2700.1400757217407,-71.31350366185798,-71.31350366185798
2700.150075721741,-71.31630736263217,-71.31630736263217
2700.1600757217407,-71.31911447662185,-71.31911447662185
2700.170075721741,-71.32192507512806,-71.32192507512806
2700.1800757217406,-71.32473922821791,-71.32473922821791
2700.190075721741,-71.32755700472454,-71.32755700472454
2700.2000757217406,-71.33037847225353,-71.33037847225353
2700.210075721741,-71.33320369721527,-71.33320369721527
2700.2200757217406,-71.33603274479078,-71.33603274479078
2700.230075721741,-71.33886567897807,-71.33886567897807
2700.2400757217406,-71.341702562584,-71.341702562584
2700.250075721741,-71.34454345723219,-71.34454345723219
2700.2600757217406,-71.34738842337698,-71.34738842337698
2700.270075721741,-71.35023752030551,-71.35023752030551
2700.2800757217406,-71.35309080615913,-71.35309080615913
2700.290075721741,-71.35594833792962,-71.35594833792962
2700.3000757217405,-71.35881017147886,-71.35881017147886
2700.3100757217408,-71.36167636154896,-71.36167636154896
2700.3200757217405,-71.36454696177779,-71.36454696177779
2700.3300757217407,-71.36742202466422,-71.36742202466422
2700.3400757217405,-71.37030160165868,-71.37030160165868
2700.3500757217407,-71.37318574309896,-71.37318574309896
2700.360075721741,-71.37607449826741,-71.37607449826741
2700.3700757217407,-71.3789679153822,-71.3789679153822
2700.380075721741,-71.38186604160812,-71.38186604160812
2700.3900757217407,-71.3847689230652,-71.3847689230652
2700.400075721741,-71.38767660485135,-71.38767660485135
2700.4100757217407,-71.39058913105178,-71.39058913105178
2700.420075721741,-71.39350654473232,-71.39350654473232
2700.4300757217406,-71.39642888797628,-71.39642888797628
2700.440075721741,-71.39935620186536,-71.39935620186536
2700.4500757455826,-71.40228853349787,-71.40228853349787
2700.460075745583,-71.40522590808683,-71.40522590808683
2700.4700757455826,-71.40816837078306,-71.40816837078306
2700.480075745583,-71.41111595884192,-71.41111595884192
2700.4900757455825,-71.41406870860006,-71.41406870860006
2700.5000757455828,-71.4170266554593,-71.4170266554593
2700.5100757455825,-71.41998983392706,-71.41998983392706
2700.5200757455827,-71.42295827760194,-71.42295827760194
2700.5300757455825,-71.42593201918649,-71.42593201918649
2700.5400757455827,-71.42891109052387,-71.42891109052387
2700.5500757455825,-71.43189552259784,-71.43189552259784
2700.5600757455827,-71.43488534551393,-71.43488534551393
2700.5700757455825,-71.43788058854311,-71.43788058854311
2700.5800757455827,-71.44088128012645,-71.44088128012645
2700.5900757455825,-71.44388744788758,-71.44388744788758
2700.6000757455827,-71.44689911863432,-71.44689911863432
2700.6100757455824,-71.44991631836426,-71.44991631836426
2700.6200757455827,-71.45293907229073,-71.45293907229073
2700.6300757455824,-71.45596740484694,-71.45596740484694
2700.6400757455826,-71.45900133969282,-71.45900133969282
2700.6500757455824,-71.46204089973594,-71.46204089973594
2700.6600757455826,-71.46508610712142,-71.46508610712142
2700.6700757455824,-71.46813698326669,-71.46813698326669
2700.6800757455826,-71.47119354885051,-71.47119354885051
2700.6900757455824,-71.47425582383603,-71.47425582383603
2700.7000757455826,-71.47732382747847,-71.47732382747847
2700.710075745583,-71.4803975783246,-71.4803975783246
2700.7200757455826,-71.4834770942432,-71.4834770942432
2700.730075745583,-71.48656239241545,-71.48656239241545
2700.7400757455825,-71.48965348934436,-71.48965348934436
2700.7500757455828,-71.49275040088365,-71.49275040088365
2700.7600757455825,-71.49585314222891,-71.49585314222891
2700.7700757455827,-71.49896172792862,-71.49896172792862
2700.7800757455825,-71.50207617191231,-71.50207617191231
2700.7900757455827,-71.50519648746528,-71.50519648746528
2700.8000757455825,-71.50832268727068,-71.50832268727068
2700.8100757455827,-71.51145478339583,-71.51145478339583
2700.8200757455825,-71.51459278732597,-71.51459278732597
2700.8300757455827,-71.51773670994154,-71.51773670994154
2700.8400757455825,-71.52088656154356,-71.52088656154356
2700.8500757455827,-71.52404235186846,-71.52404235186846
2700.8600757455824,-71.52720409009426,-71.52720409009426
2700.8700757455827,-71.53037178482502,-71.53037178482502
2700.8800757455824,-71.53354544413118,-71.53354544413118
2700.8900757455826,-71.53672507555282,-71.53672507555282
2700.9000757455824,-71.53991068608266,-71.53991068608266
2700.9100757455826,-71.5431022822022,-71.5431022822022
2700.9200757455824,-71.54629986987639,-71.54629986987639
2700.9300757455826,-71.5495034545546,-71.5495034545546
2700.9400757455824,-71.5527130412085,-71.5527130412085
2700.9500757455826,-71.55592863429774,-71.55592863429774
2700.960075745583,-71.5591502378142,-71.5591502378142
2700.9700757455826,-71.5623778552725,-71.5623778552725
2700.980075745583,-71.56561148970476,-71.56561148970476
2700.9900757455825,-71.5688511436994,-71.5688511436994
2701.0000757455828,-71.57209681937687,-71.57209681937687
2701.0100757455825,-71.5753485184291,-71.5753485184291
2701.0200757455827,-71.57860624208794,-71.57860624208794
2701.0300757455825,-71.58186999116216,-71.58186999116216
2701.0400757455827,-71.5851397660337,-71.5851397660337
2701.0500757455825,-71.58841556667593,-71.58841556667593
2701.0600757455827,-71.59169739263739,-71.59169739263739
2701.0700757455825,-71.59498524306824,-71.59498524306824
2701.0800757455827,-71.59827911672005,-71.59827911672005
2701.0900757455825,-71.60157901193678,-71.60157901193678
2701.1000757455827,-71.60488492670117,-71.60488492670117
2701.1100757455824,-71.60819685859914,-71.60819685859914
2701.1200757455827,-71.61151480484943,-71.61151480484943
2701.1300757455824,-71.61483876230648,-71.61483876230648
2701.1400757455826,-71.61816872744993,-71.61816872744993
2701.1500757455824,-71.62150469642404,-71.62150469642404
2701.1600757455826,-71.62484666500367,-71.62484666500367
2701.1700757455824,-71.62819462863499,-71.62819462863499
2701.1800757455826,-71.63154858242768,-71.63154858242768
2701.1900757455824,-71.63490852115093,-71.63490852115093
2701.2000757455826,-71.63827443925113,-71.63827443925113
2701.210075745583,-71.64164633084307,-71.64164633084307
2701.2200757455826,-71.64502418974622,-71.64502418974622
2701.230075745583,-71.64840800946205,-71.64840800946205
2701.2400757455825,-71.6517977831762,-71.6517977831762
2701.2500757455828,-71.65519350379435,-71.65519350379435
2701.2600757455825,-71.65859516391907,-71.65859516391907
2701.2700757455827,-71.66200275585133,-71.66200275585133
2701.2800757455825,-71.66541627163217,-71.66541627163217
2701.2900757455827,-71.66883570300183,-71.66883570300183
2701.3000757694244,-71.67226104959039,-71.67226104959039
2701.3100757694247,-71.67569228633529,-71.67569228633529
2701.3200757694244,-71.67912941227831,-71.67912941227831
2701.3300757694246,-71.68257241811678,-71.68257241811678
2701.3400757694244,-71.68602129427379,-71.68602129427379
2701.3500757694246,-71.68947603091966,-71.68947603091966
2701.3600757694244,-71.69293661799364,-71.69293661799364
2701.3700757694246,-71.69640304518119,-71.69640304518119
2701.3800757694244,-71.69987530192292,-71.69987530192292
2701.3900757694246,-71.70335337745222,-71.70335337745222
2701.4000757694243,-71.70683726074344,-71.70683726074344
2701.4100757694246,-71.7103269405681,-71.7103269405681
2701.4200757694243,-71.71382240546805,-71.71382240546805
2701.4300757694245,-71.71732364376406,-71.71732364376406
2701.4400757694243,-71.7208306435708,-71.7208306435708
2701.4500757694245,-71.72434339280804,-71.72434339280804
2701.4600757694243,-71.72785562456862,-71.72785562456862
2701.4700757694245,-71.73136458601164,-71.73136458601164
2701.4800757694243,-71.7348689289287,-71.7348689289287
2701.4900757694245,-71.73836795516934,-71.73836795516934
2701.5000757694243,-71.74186132870284,-71.74186132870284
2701.5100757694245,-71.74534892611985,-71.74534892611985
2701.5200757694242,-71.74883074898882,-71.74883074898882
2701.5300757694245,-71.7523068712425,-71.7523068712425
2701.540075769424,-71.75577740752588,-71.75577740752588
2701.5500757694244,-71.75924249417619,-71.75924249417619
2701.5600757694247,-71.76270227795514,-71.76270227795514
2701.5700757694244,-71.76615690935917,-71.76615690935917
2701.5800757694246,-71.76960653881228,-71.76960653881228
2701.5900757694244,-71.77305131457275,-71.77305131457275
2701.6000757694246,-71.77649138167718,-71.77649138167718
2701.6100757694244,-71.77992688151792,-71.77992688151792
2701.6200757694246,-71.78335795178157,-71.78335795178157
2701.6300757694244,-71.7867847265583,-71.7867847265583
2701.6400757694246,-71.79020733659355,-71.79020733659355
2701.6500757694243,-71.79362590955517,-71.79362590955517
2701.6600757694246,-71.79704057032113,-71.79704057032113
2701.6700757694243,-71.80045144124296,-71.80045144124296
2701.6800757694245,-71.80385864240685,-71.80385864240685
2701.6900757694243,-71.80726229185339,-71.80726229185339
2701.7000757694245,-71.81066250576269,-71.81066250576269
2701.7100757694243,-71.81405313664206,-71.81405313664206
2701.7200757694245,-71.81743155393679,-71.81743155393679
2701.7300757694243,-71.82079653224217,-71.82079653224217
2701.7400757694245,-71.82414749590367,-71.82414749590367
2701.7500757694243,-71.82748423080857,-71.82748423080857
2701.7600757694245,-71.8308067347797,-71.8308067347797
2701.7700757694242,-71.83411512988003,-71.83411512988003
2701.7800757694245,-71.83740960977254,-71.83740960977254
2701.790075769424,-71.8406904080628,-71.8406904080628
2701.8000757694244,-71.84395777930494,-71.84395777930494
2701.8100757694247,-71.84721198768949,-71.84721198768949
2701.8200757694244,-71.8504533003805,-71.8504533003805
2701.8300757694246,-71.85368198371074,-71.85368198371074
2701.8400757694244,-71.85689830107023,-71.85689830107023
2701.8500757694246,-71.8601025118731,-71.8601025118731
2701.8600757694244,-71.86329487110758,-71.86329487110758
2701.8700757694246,-71.86647562925957,-71.86647562925957
2701.8800757694244,-71.86964503244253,-71.86964503244253
2701.8900757694246,-71.87280332261574,-71.87280332261574
2701.9000757694243,-71.87595073785036,-71.87595073785036
2701.9100757694246,-71.87908751260926,-71.87908751260926
2701.9200757694243,-71.88221387801427,-71.88221387801427
2701.9300757694245,-71.88533006206377,-71.88533006206377
2701.9400757694243,-71.88843628985923,-71.88843628985923
2701.9500757694245,-71.89153278378416,-71.89153278378416
2701.9600757694243,-71.89461976366664,-71.89461976366664
2701.9700757694245,-71.89769744691934,-71.89769744691934
2701.9800757694243,-71.9007660486351,-71.9007660486351
2701.9900757694245,-71.90382578169125,-71.90382578169125
2702.0000757694243,-71.9068768568138,-71.9068768568138
2702.0100757694245,-71.90991948265305,-71.90991948265305
2702.0200757694242,-71.91295386581295,-71.91295386581295
2702.0300757694245,-71.91598021090967,-71.91598021090967
2702.040075769424,-71.918998720582,-71.918998720582
2702.0500757694244,-71.92200959552503,-71.92200959552503
2702.0600757694247,-71.9250130344974,-71.9250130344974
2702.0700757694244,-71.92800923434056,-71.92800923434056
2702.0800757694246,-71.9309983899822,-71.9309983899822
2702.0900757694244,-71.93398069442513,-71.93398069442513
2702.1000757694246,-71.93695633876675,-71.93695633876675
2702.1100757694244,-71.939925512208,-71.939925512208
2702.1200757694246,-71.94288840200397,-71.94288840200397
2702.1300757694244,-71.94584519353118,-71.94584519353118
2702.1400757694246,-71.94879607020087,-71.94879607020087
2702.1500757932663,-71.95174122053974,-71.95174122053974
2702.1600757932665,-71.95468081007644,-71.95468081007644
2702.1700757932663,-71.95761502346916,-71.95761502346916
2702.1800757932665,-71.96054403641433,-71.96054403641433
2702.1900757932663,-71.96346802265823,-71.96346802265823
2702.2000757932665,-71.9663871539887,-71.9663871539887
2702.2100757932662,-71.96929532573945,-71.96929532573945
2702.2200757932665,-71.97218995753244,-71.97218995753244
2702.230075793266,-71.97506987664202,-71.97506987664202
2702.2400757932664,-71.97793456082927,-71.97793456082927
2702.250075793266,-71.98078384945903,-71.98078384945903
2702.2600757932664,-71.98361779347566,-71.98361779347566
2702.270075793266,-71.98643656746177,-71.98643656746177
2702.2800757932664,-71.98924041685926,-71.98924041685926
2702.290075793266,-71.99202962615098,-71.99202962615098
2702.3000757932664,-71.99480449986685,-71.99480449986685
2702.310075793266,-71.99756535116434,-71.99756535116434
2702.3200757932664,-72.00031249519817,-72.00031249519817
2702.330075793266,-72.00304624524694,-72.00304624524694
2702.3400757932664,-72.00576691063459,-72.00576691063459
2702.350075793266,-72.00847479568334,-72.00847479568334
2702.3600757932663,-72.01117019925834,-72.01117019925834
2702.370075793266,-72.01385341472421,-72.01385341472421
2702.3800757932663,-72.01652473006219,-72.01652473006219
2702.390075793266,-72.01918442811768,-72.01918442811768
2702.4000757932663,-72.02183278688396,-72.02183278688396
2702.4100757932665,-72.02447007977656,-72.02447007977656
2702.4200757932663,-72.0270965759266,-72.0270965759266
2702.4300757932665,-72.02971254044222,-72.02971254044222
2702.4400757932663,-72.03231823461515,-72.03231823461515
2702.4500757932665,-72.03491391613859,-72.03491391613859
2702.4600757932662,-72.03749983929814,-72.03749983929814
2702.4700757932665,-72.04007625509438,-72.04007625509438
2702.480075793266,-72.04264341139378,-72.04264341139378
2702.4900757932664,-72.0452015530366,-72.0452015530366
2702.500075793266,-72.04775092192277,-72.04775092192277
2702.5100757932664,-72.05029175710266,-72.05029175710266
2702.520075793266,-72.05282429483499,-72.05282429483499
2702.5300757932664,-72.05534876864357,-72.05534876864357
2702.540075793266,-72.05786540937049,-72.05786540937049
2702.5500757932664,-72.06037444519852,-72.06037444519852
2702.560075793266,-72.06287610170872,-72.06287610170872
2702.5700757932664,-72.06537060188394,-72.06537060188394
2702.580075793266,-72.06785816615965,-72.06785816615965
2702.5900757932664,-72.07033901240453,-72.07033901240453
2702.600075793266,-72.07281335597756,-72.07281335597756
2702.6100757932663,-72.07528140971301,-72.07528140971301
2702.620075793266,-72.07774338395323,-72.07774338395323
2702.6300757932663,-72.08019948655543,-72.08019948655543
2702.640075793266,-72.08264992288174,-72.08264992288174
2702.6500757932663,-72.08509489583395,-72.08509489583395
2702.6600757932665,-72.08753460585964,-72.08753460585964
2702.6700757932663,-72.08996925095067,-72.08996925095067
2702.6800757932665,-72.09239902665743,-72.09239902665743
2702.6900757932663,-72.09482412608233,-72.09482412608233
2702.7000757932665,-72.0972447399123,-72.0972447399123
2702.7100757932662,-72.09966105641385,-72.09966105641385
2702.7200757932665,-72.10207326145284,-72.10207326145284
2702.730075793266,-72.10448153848206,-72.10448153848206
2702.7400757932664,-72.10688606857455,-72.10688606857455
2702.750075793266,-72.10928703041385,-72.10928703041385
2702.7600757932664,-72.11168460031547,-72.11168460031547
2702.770075793266,-72.11407895224765,-72.11407895224765
2702.7800757932664,-72.1164702578186,-72.1164702578186
2702.790075793266,-72.11885868630007,-72.11885868630007
2702.8000757932664,-72.12124440464507,-72.12124440464507
2702.810075793266,-72.12362757749871,-72.12362757749871
2702.8200757932664,-72.12600836718786,-72.12600836718786
2702.830075793266,-72.12838693378,-72.12838693378
2702.8400757932664,-72.13076343506192,-72.13076343506192
2702.850075793266,-72.13313802656224,-72.13313802656224
2702.8600757932663,-72.13551086156622,-72.13551086156622
2702.870075793266,-72.1378820911343,-72.1378820911343
2702.8800757932663,-72.14025186412185,-72.14025186412185
2702.890075793266,-72.14262032717875,-72.14262032717875
2702.9000757932663,-72.14498762478264,-72.14498762478264
2702.9100757932665,-72.14735389924698,-72.14735389924698
2702.9200757932663,-72.14971929074137,-72.14971929074137
2702.9300757932665,-72.15208393731132,-72.15208393731132
2702.9400757932663,-72.15444797488162,-72.15444797488162
2702.9500757932665,-72.15681153728922,-72.15681153728922
2702.9600757932662,-72.15916846637059,-72.15916846637059
2702.9700757932665,-72.1615161378113,-72.1615161378113
2702.980075793266,-72.16385333867105,-72.16385333867105
2702.9900757932664,-72.16617950819628,-72.16617950819628
2703.000075817108,-72.16849445368473,-72.16849445368473
2703.0100758171084,-72.17079817793942,-72.17079817793942
2703.020075817108,-72.17309082428821,-72.17309082428821
2703.0300758171084,-72.17537260147682,-72.17537260147682
2703.040075817108,-72.17764375738503,-72.17764375738503
2703.0500758171083,-72.17990455990792,-72.17990455990792
2703.060075817108,-72.18215528559857,-72.18215528559857
2703.0700758171083,-72.18439621296262,-72.18439621296262
2703.080075817108,-72.1866276186606,-72.1866276186606
2703.0900758171083,-72.18884977539741,-72.18884977539741
2703.100075817108,-72.19106295089564,-72.19106295089564
2703.1100758171083,-72.19326740747842,-72.19326740747842
2703.120075817108,-72.19546340201998,-72.19546340201998
2703.1300758171083,-72.19765118609362,-72.19765118609362
2703.140075817108,-72.19983100623898,-72.19983100623898
2703.1500758171082,-72.20200310423476,-72.20200310423476
2703.160075817108,-72.20416771742502,-72.20416771742502
2703.170075817108,-72.2063250790118,-72.2063250790118
2703.180075817108,-72.20847541831127,-72.20847541831127
2703.190075817108,-72.2106189609994,-72.2106189609994
2703.200075817108,-72.21275592933459,-72.21275592933459
2703.210075817108,-72.21488024812736,-72.21488024812736
2703.220075817108,-72.2169893779227,-72.2169893779227
2703.230075817108,-72.21908219090396,-72.21908219090396
2703.240075817108,-72.2211582111925,-72.2211582111925
2703.250075817108,-72.22321732502868,-72.22321732502868
2703.2600758171084,-72.22525963027584,-72.22525963027584
2703.270075817108,-72.22728534823618,-72.22728534823618
2703.2800758171084,-72.22929477069708,-72.22929477069708
2703.290075817108,-72.23128822807836,-72.23128822807836
2703.3000758171083,-72.23326607036142,-72.23326607036142
2703.310075817108,-72.23522865569225,-72.23522865569225
2703.3200758171083,-72.23717634372352,-72.23717634372352
2703.330075817108,-72.23910949179876,-72.23910949179876
2703.3400758171083,-72.24102845284624,-72.24102845284624
2703.350075817108,-72.24293357436206,-72.24293357436206
2703.3600758171083,-72.24482519796689,-72.24482519796689
2703.370075817108,-72.24670365939218,-72.24670365939218
2703.3800758171083,-72.248569288582,-72.248569288582
2703.390075817108,-72.25042240997207,-72.25042240997207
2703.4000758171082,-72.25226334275376,-72.25226334275376
2703.410075817108,-72.25409240119673,-72.25409240119673
2703.420075817108,-72.25590989491783,-72.25590989491783
2703.430075817108,-72.25771612914131,-72.25771612914131
2703.440075817108,-72.25951140492641,-72.25951140492641
2703.450075817108,-72.26129601938877,-72.26129601938877
2703.460075817108,-72.26307026585798,-72.26307026585798
2703.470075817108,-72.26483443405067,-72.26483443405067
2703.480075817108,-72.26658881018545,-72.26658881018545
2703.490075817108,-72.26833367710458,-72.26833367710458
2703.500075817108,-72.2700693143527,-72.2700693143527
2703.5100758171084,-72.27179599826006,-72.27179599826006
2703.520075817108,-72.27351400201816,-72.27351400201816
2703.5300758171084,-72.27522359572292,-72.27522359572292
2703.540075817108,-72.27692504641698,-72.27692504641698
2703.5500758171083,-72.27861861813017,-72.27861861813017
2703.560075817108,-72.28030457192276,-72.28030457192276
2703.5700758171083,-72.28198316589197,-72.28198316589197
2703.580075817108,-72.2836546552082,-72.2836546552082
2703.5900758171083,-72.2853192921242,-72.2853192921242
2703.600075817108,-72.28697732598418,-72.28697732598418
2703.6100758171083,-72.28862900326644,-72.28862900326644
2703.620075817108,-72.29027456755914,-72.29027456755914
2703.6300758171083,-72.29191425959269,-72.29191425959269
2703.640075817108,-72.2935483172324,-72.2935483172324
2703.6500758171082,-72.29517697551623,-72.29517697551623
2703.660075817108,-72.29680046662716,-72.29680046662716
2703.670075817108,-72.29841901992076,-72.29841901992076
2703.680075817108,-72.3000328619372,-72.3000328619372
2703.690075817108,-72.30164221639858,-72.30164221639858
2703.700075817108,-72.30324730422994,-72.30324730422994
2703.710075817108,-72.30484834353943,-72.30484834353943
2703.720075817108,-72.30644554967066,-72.30644554967066
2703.730075817108,-72.30803913517748,-72.30803913517748
2703.740075817108,-72.3096293098521,-72.3096293098521
2703.750075817108,-72.3112162807256,-72.3112162807256
2703.7600758171084,-72.31280025208714,-72.31280025208714
2703.770075817108,-72.31438142549366,-72.31438142549366
2703.7800758171084,-72.31595999977269,-72.31595999977269
2703.790075817108,-72.31753617105261,-72.31753617105261
2703.8000758171083,-72.31911013276319,-72.31911013276319
2703.810075817108,-72.32068207565189,-72.32068207565189
2703.8200758171083,-72.32225218781056,-72.32225218781056
2703.830075817108,-72.32382065467449,-72.32382065467449
2703.8400758171083,-72.3253876590456,-72.3253876590456
2703.85007584095,-72.32695338482978,-72.32695338482978
2703.8600758409502,-72.32851800216602,-72.32851800216602
2703.87007584095,-72.33008168977109,-72.33008168977109
2703.88007584095,-72.33164462007755,-72.33164462007755
2703.89007584095,-72.33320696297602,-72.33320696297602
2703.90007584095,-72.33476888583334,-72.33476888583334
2703.91007584095,-72.3363305534787,-72.3363305534787
2703.92007584095,-72.33789212827277,-72.33789212827277
2703.93007584095,-72.33945377010107,-72.33945377010107
2703.94007584095,-72.34101563639781,-72.34101563639781
2703.95007584095,-72.34257788216783,-72.34257788216783
2703.96007584095,-72.34414066001041,-72.34414066001041
2703.97007584095,-72.34570412012211,-72.34570412012211
2703.98007584095,-72.34726841035165,-72.34726841035165
2703.99007584095,-72.34883367618502,-72.34883367618502
2704.00007584095,-72.35040006078181,-72.35040006078181
2704.01007584095,-72.35196770501733,-72.35196770501733
2704.02007584095,-72.35353674746777,-72.35353674746777
2704.03007584095,-72.35510732446048,-72.35510732446048
2704.04007584095,-72.3566795700802,-72.3566795700802
2704.05007584095,-72.3582536162012,-72.3582536162012
2704.06007584095,-72.35982959251132,-72.35982959251132
2704.07007584095,-72.36140762651969,-72.36140762651969
2704.08007584095,-72.36298784357702,-72.36298784357702
2704.09007584095,-72.36457036693864,-72.36457036693864
2704.10007584095,-72.36615531774498,-72.36615531774498
2704.1100758409502,-72.36774281505068,-72.36774281505068
2704.12007584095,-72.36933297586097,-72.36933297586097
2704.13007584095,-72.37092591514703,-72.37092591514703
2704.14007584095,-72.37252174587287,-72.37252174587287
2704.15007584095,-72.37412057900201,-72.37412057900201
2704.16007584095,-72.37572252354593,-72.37572252354593
2704.17007584095,-72.37732768656755,-72.37732768656755
2704.18007584095,-72.37893617320447,-72.37893617320447
2704.19007584095,-72.38054808670677,-72.38054808670677
2704.20007584095,-72.3821635284454,-72.3821635284454
2704.21007584095,-72.38378259792205,-72.38378259792205
2704.22007584095,-72.38540539283547,-72.38540539283547
2704.23007584095,-72.38703200905238,-72.38703200905238
2704.24007584095,-72.38866254066285,-72.38866254066285
2704.25007584095,-72.39029707999265,-72.39029707999265
2704.26007584095,-72.39193571761622,-72.39193571761622
2704.27007584095,-72.39357854239302,-72.39357854239302
2704.28007584095,-72.39522564148207,-72.39522564148207
2704.29007584095,-72.39687710035462,-72.39687710035462
2704.30007584095,-72.39853300283629,-72.39853300283629
2704.31007584095,-72.40019343110292,-72.40019343110292
2704.32007584095,-72.40185846572996,-72.40185846572996
2704.33007584095,-72.40352818568319,-72.40352818568319
2704.34007584095,-72.40520266836155,-72.40520266836155
2704.35007584095,-72.40688198962359,-72.40688198962359
2704.3600758409502,-72.40856622376096,-72.40856622376096
2704.37007584095,-72.41025544357238,-72.41025544357238
2704.38007584095,-72.41194972037447,-72.41194972037447
2704.39007584095,-72.41364912399204,-72.41364912399204
2704.40007584095,-72.4153537227988,-72.4153537227988
2704.41007584095,-72.41706358373574,-72.41706358373574
2704.42007584095,-72.41877877233189,-72.41877877233189
2704.43007584095,-72.42049935271204,-72.42049935271204
2704.44007584095,-72.42222538763271,-72.42222538763271
2704.45007584095,-72.4239569384897,-72.4239569384897
2704.46007584095,-72.42568775330223,-72.42568775330223
2704.47007584095,-72.42741512848689,-72.42741512848689
2704.48007584095,-72.42913777800615,-72.42913777800615
2704.49007584095,-72.43085507126031,-72.43085507126031
2704.50007584095,-72.4325667422966,-72.4325667422966
2704.51007584095,-72.43427273873463,-72.43427273873463
2704.52007584095,-72.43597313323012,-72.43597313323012
2704.53007584095,-72.43766807031308,-72.43766807031308
2704.54007584095,-72.43935773434616,-72.43935773434616
2704.55007584095,-72.44104233038806,-72.44104233038806
2704.56007584095,-72.44272207274551,-72.44272207274551
2704.57007584095,-72.44439717825966,-72.44439717825966
2704.58007584095,-72.44606786249393,-72.44606786249393
2704.59007584095,-72.44773433760541,-72.44773433760541
2704.60007584095,-72.44939681133503,-72.44939681133503
2704.6100758409502,-72.45105548659717,-72.45105548659717
2704.62007584095,-72.45271056140149,-72.45271056140149
2704.63007584095,-72.45436222904794,-72.45436222904794
2704.64007584095,-72.4560106783724,-72.4560106783724
2704.65007584095,-72.45765609403756,-72.45765609403756
2704.66007584095,-72.45929865686088,-72.45929865686088
2704.67007584095,-72.46093854409145,-72.46093854409145
2704.68007584095,-72.46257592969438,-72.46257592969438
2704.69007584095,-72.46421098458848,-72.46421098458848
2704.700075864792,-72.46584388076118,-72.46584388076118
2704.710075864792,-72.46747477589287,-72.46747477589287
2704.720075864792,-72.46910383685791,-72.46910383685791
2704.730075864792,-72.47073122429165,-72.47073122429165
2704.740075864792,-72.47235709662579,-72.47235709662579
2704.750075864792,-72.47398161016646,-72.47398161016646
2704.760075864792,-72.47560491919772,-72.47560491919772
2704.770075864792,-72.47722717602446,-72.47722717602446
2704.780075864792,-72.47884853106439,-72.47884853106439
2704.790075864792,-72.48046913287051,-72.48046913287051
2704.800075864792,-72.48208912818295,-72.48208912818295
2704.810075864792,-72.48370866197037,-72.48370866197037
2704.8200758647918,-72.48532787744826,-72.48532787744826
2704.830075864792,-72.48694691610768,-72.48694691610768
2704.8400758647917,-72.48856591773911,-72.48856591773911
2704.850075864792,-72.4901850204225,-72.4901850204225
2704.8600758647917,-72.49180436058373,-72.49180436058373
2704.870075864792,-72.49342407296388,-72.49342407296388
2704.8800758647917,-72.49504429066184,-72.49504429066184
2704.890075864792,-72.49666514510454,-72.49666514510454
2704.9000758647917,-72.49828676609349,-72.49828676609349
2704.910075864792,-72.49990928178246,-72.49990928178246
2704.9200758647917,-72.50153281870476,-72.50153281870476
2704.930075864792,-72.50315750174028,-72.50315750174028
2704.9400758647917,-72.50478345416649,-72.50478345416649
2704.950075864792,-72.50641079762603,-72.50641079762603
2704.960075864792,-72.50803333301086,-72.50803333301086
2704.970075864792,-72.50964841346675,-72.50964841346675
2704.980075864792,-72.51125481105102,-72.51125481105102
2704.990075864792,-72.51285195373013,-72.51285195373013
2705.000075864792,-72.51443963419395,-72.51443963419395
2705.010075864792,-72.51601785863969,-72.51601785863969
2705.020075864792,-72.51758675810062,-72.51758675810062
2705.030075864792,-72.5191465351791,-72.5191465351791
2705.040075864792,-72.52069743202804,-72.52069743202804
2705.050075864792,-72.52223971111097,-72.52223971111097
2705.060075864792,-72.52377364374897,-72.52377364374897
2705.0700758647918,-72.52529950341922,-72.52529950341922
2705.080075864792,-72.52681756187202,-72.52681756187202
2705.0900758647917,-72.52832808704292,-72.52832808704292
2705.100075864792,-72.5298313419939,-72.5298313419939
2705.1100758647917,-72.53132758450855,-72.53132758450855
2705.120075864792,-72.53281706702423,-72.53281706702423
2705.1300758647917,-72.53430003678893,-72.53430003678893
2705.140075864792,-72.53577673611672,-72.53577673611672
2705.1500758647917,-72.53724740267745,-72.53724740267745
2705.160075864792,-72.53871226979741,-72.53871226979741
2705.1700758647917,-72.54017156676682,-72.54017156676682
2705.180075864792,-72.54162551907478,-72.54162551907478
2705.1900758647917,-72.54307434869787,-72.54307434869787
2705.200075864792,-72.54451827426158,-72.54451827426158
2705.210075864792,-72.54595751127144,-72.54595751127144
2705.220075864792,-72.54739227223686,-72.54739227223686
2705.230075864792,-72.54882276681734,-72.54882276681734
2705.240075864792,-72.5502492019703,-72.5502492019703
2705.250075864792,-72.55167178198553,-72.55167178198553
2705.260075864792,-72.55309070863706,-72.55309070863706
2705.270075864792,-72.55450618120015,-72.55450618120015
2705.280075864792,-72.55591839655375,-72.55591839655375
2705.290075864792,-72.55732754918071,-72.55732754918071
2705.300075864792,-72.55873383126345,-72.55873383126345
2705.310075864792,-72.56013743266405,-72.56013743266405
2705.3200758647918,-72.56153854100373,-72.56153854100373
2705.330075864792,-72.56293734163698,-72.56293734163698
2705.3400758647917,-72.56433401772165,-72.56433401772165
2705.350075864792,-72.56572875019702,-72.56572875019702
2705.3600758647917,-72.56712171782064,-72.56712171782064
2705.370075864792,-72.56851309716585,-72.56851309716585
2705.3800758647917,-72.56990306264687,-72.56990306264687
2705.390075864792,-72.57129178650978,-72.57129178650978
2705.4000758647917,-72.57267943887058,-72.57267943887058
2705.410075864792,-72.57406618768391,-72.57406618768391
2705.4200758647917,-72.57545219878273,-72.57545219878273
2705.430075864792,-72.57683763587089,-72.57683763587089
2705.4400758647917,-72.57822266054184,-72.57822266054184
2705.450075864792,-72.5796074322626,-72.5796074322626
2705.460075864792,-72.58099210839598,-72.58099210839598
2705.470075864792,-72.58237684421573,-72.58237684421573
2705.480075864792,-72.58376179289772,-72.58376179289772
2705.490075864792,-72.58514710554239,-72.58514710554239
2705.500075864792,-72.58653293115731,-72.58653293115731
2705.510075864792,-72.58791941669614,-72.58791941669614
2705.520075864792,-72.58930670704562,-72.58930670704562
2705.530075864792,-72.59069494504988,-72.59069494504988
2705.540075864792,-72.59208427151005,-72.59208427151005
2705.5500758886337,-72.593474828506,-72.593474828506
2705.560075888634,-72.59486674616463,-72.59486674616463
2705.5700758886337,-72.59626016253146,-72.59626016253146
2705.580075888634,-72.59765521033714,-72.59765521033714
2705.5900758886337,-72.5990520203423,-72.5990520203423
2705.600075888634,-72.60045072131396,-72.60045072131396
2705.6100758886337,-72.60185144006624,-72.60185144006624
2705.620075888634,-72.60325430145951,-72.60325430145951
2705.6300758886337,-72.60465942842094,-72.60465942842094
2705.640075888634,-72.60606694193568,-72.60606694193568
2705.6500758886336,-72.60747696109532,-72.60747696109532
2705.660075888634,-72.60888960308924,-72.60888960308924
2705.6700758886336,-72.61030498321692,-72.61030498321692
2705.680075888634,-72.61172321491513,-72.61172321491513
2705.6900758886336,-72.61314440976389,-72.61314440976389
2705.700075888634,-72.61456867750509,-72.61456867750509
2705.7100758886336,-72.61599612605943,-72.61599612605943
2705.720075888634,-72.6174268615347,-72.6174268615347
2705.7300758886336,-72.61886098824783,-72.61886098824783
2705.740075888634,-72.62029860874476,-72.62029860874476
2705.7500758886335,-72.62173982379359,-72.62173982379359
2705.7600758886338,-72.62318473243573,-72.62318473243573
2705.7700758886335,-72.62463343198597,-72.62463343198597
2705.7800758886337,-72.62608601801817,-72.62608601801817
2705.7900758886335,-72.62754258444886,-72.62754258444886
2705.8000758886337,-72.62900322349309,-72.62900322349309
2705.810075888634,-72.63046802570274,-72.63046802570274
2705.8200758886337,-72.63193708000419,-72.63193708000419
2705.830075888634,-72.6334104736674,-72.6334104736674
2705.8400758886337,-72.63488829237575,-72.63488829237575
2705.850075888634,-72.63637062019696,-72.63637062019696
2705.8600758886337,-72.63785753963722,-72.63785753963722
2705.870075888634,-72.63934913164165,-72.63934913164165
2705.8800758886337,-72.6408454756065,-72.6408454756065
2705.890075888634,-72.64234664940535,-72.64234664940535
2705.9000758886336,-72.6438527294033,-72.6438527294033
2705.910075888634,-72.64536379046868,-72.64536379046868
2705.9200758886336,-72.6468799059896,-72.6468799059896
2705.930075888634,-72.6484011479101,-72.6484011479101
2705.9400758886336,-72.64992758673198,-72.64992758673198
2705.950075888634,-72.65145929152035,-72.65145929152035
2705.9600758886336,-72.65299632994474,-72.65299632994474
2705.970075888634,-72.6545387682759,-72.6545387682759
2705.9800758886336,-72.65608667141576,-72.65608667141576
2705.990075888634,-72.65764010291261,-72.65764010291261
2706.0000758886335,-72.65919912497047,-72.65919912497047
2706.0100758886338,-72.66076379846724,-72.66076379846724
2706.0200758886335,-72.66233418297455,-72.66233418297455
2706.0300758886337,-72.6639103367726,-72.6639103367726
2706.0400758886335,-72.66549231686595,-72.66549231686595
2706.0500758886337,-72.66708017901199,-72.66708017901199
2706.060075888634,-72.6686739777042,-72.6686739777042
2706.0700758886337,-72.67027376622997,-72.67027376622997
2706.080075888634,-72.67187959664844,-72.67187959664844
2706.0900758886337,-72.67349151983738,-72.67349151983738
2706.100075888634,-72.67510958548557,-72.67510958548557
2706.1100758886337,-72.67673384212506,-72.67673384212506
2706.120075888634,-72.67836433712924,-72.67836433712924
2706.1300758886337,-72.68000111675109,-72.68000111675109
2706.140075888634,-72.68164422611878,-72.68164422611878
2706.1500758886336,-72.68329370925098,-72.68329370925098
2706.160075888634,-72.6849496090832,-72.6849496090832
2706.1700758886336,-72.686611967482,-72.686611967482
2706.180075888634,-72.6882808252489,-72.6882808252489
2706.1900758886336,-72.68995622213559,-72.68995622213559
2706.200075888634,-72.69163819687189,-72.69163819687189
2706.2100758886336,-72.69332678717552,-72.69332678717552
2706.220075888634,-72.69502202975148,-72.69502202975148
2706.2300758886336,-72.69672396031598,-72.69672396031598
2706.240075888634,-72.69843261362116,-72.69843261362116
2706.2500758886335,-72.70014802345415,-72.70014802345415
2706.2600758886338,-72.70187022264354,-72.70187022264354
2706.2700758886335,-72.70359924310236,-72.70359924310236
2706.2800758886337,-72.70533511580832,-72.70533511580832
2706.2900758886335,-72.70707787083958,-72.70707787083958
2706.3000758886337,-72.70882753737624,-72.70882753737624
2706.310075888634,-72.71058414371169,-72.71058414371169
2706.3200758886337,-72.71234771728182,-72.71234771728182
2706.330075888634,-72.71411828465656,-72.71411828465656
2706.3400758886337,-72.71589587156171,-72.71589587156171
2706.350075888634,-72.71768050290085,-72.71768050290085
2706.3600758886337,-72.71947220273842,-72.71947220273842
2706.370075888634,-72.7212709943474,-72.7212709943474
2706.3800758886337,-72.72307690020597,-72.72307690020597
2706.390075888634,-72.72488994198999,-72.72488994198999
2706.4000759124756,-72.72671014495205,-72.72671014495205
2706.410075912476,-72.72853752060345,-72.72853752060345
2706.4200759124756,-72.73037209263698,-72.73037209263698
2706.430075912476,-72.7322138797297,-72.7322138797297
2706.4400759124755,-72.73406289981045,-72.73406289981045
2706.4500759124758,-72.73591917009956,-72.73591917009956
2706.4600759124755,-72.73778270710044,-72.73778270710044
2706.4700759124757,-72.73965352663689,-72.73965352663689
2706.4800759124755,-72.7415316438324,-72.7415316438324
2706.4900759124757,-72.74341707313624,-72.74341707313624
2706.5000759124755,-72.74530982833575,-72.74530982833575
2706.5100759124757,-72.74720992256526,-72.74720992256526
2706.5200759124755,-72.74911736830931,-72.74911736830931
2706.5300759124757,-72.75103217741966,-72.75103217741966
2706.5400759124755,-72.75295436113066,-72.75295436113066
2706.5500759124757,-72.75488393004447,-72.75488393004447
2706.5600759124754,-72.75682089416905,-72.75682089416905
2706.5700759124757,-72.75876526290729,-72.75876526290729
2706.5800759124754,-72.76071704508344,-72.76071704508344
2706.5900759124756,-72.76267624893207,-72.76267624893207
2706.6000759124754,-72.76464288212338,-72.76464288212338
2706.6100759124756,-72.76661695176976,-72.76661695176976
2706.6200759124754,-72.76859846442619,-72.76859846442619
2706.6300759124756,-72.77058742610467,-72.77058742610467
2706.6400759124754,-72.7725838422902,-72.7725838422902
2706.6500759124756,-72.7745877179233,-72.7745877179233
2706.660075912476,-72.77659905744478,-72.77659905744478
2706.6700759124756,-72.7786178647748,-72.7786178647748
2706.680075912476,-72.78064414332727,-72.78064414332727
2706.6900759124755,-72.78267789603537,-72.78267789603537
2706.7000759124758,-72.78471912533097,-72.78471912533097
2706.7100759124755,-72.78676783318367,-72.78676783318367
2706.7200759124757,-72.78882402107402,-72.78882402107402
2706.7300759124755,-72.79088769003417,-72.79088769003417
2706.7400759124757,-72.79295884062682,-72.79295884062682
2706.7500759124755,-72.79503747298037,-72.79503747298037
2706.7600759124757,-72.7971235867753,-72.7971235867753
2706.7700759124755,-72.7992171812455,-72.7992171812455
2706.7800759124757,-72.80131825521744,-72.80131825521744
2706.7900759124755,-72.80342680708796,-72.80342680708796
2706.8000759124757,-72.80554283483515,-72.80554283483515
2706.8100759124754,-72.80766633603685,-72.80766633603685
2706.8200759124757,-72.8097973078739,-72.8097973078739
2706.8300759124754,-72.81193574712454,-72.81193574712454
2706.8400759124756,-72.81408165018749,-72.81408165018749
2706.8500759124754,-72.81623501307459,-72.81623501307459
2706.8600759124756,-72.81839583142443,-72.81839583142443
2706.8700759124754,-72.82056410051548,-72.82056410051548
2706.8800759124756,-72.82273981525152,-72.82273981525152
2706.8900759124754,-72.82492297019311,-72.82492297019311
2706.9000759124756,-72.82711355953622,-72.82711355953622
2706.910075912476,-72.8293115771442,-72.8293115771442
2706.9200759124756,-72.83151701654184,-72.83151701654184
2706.930075912476,-72.83372987089996,-72.83372987089996
2706.9400759124755,-72.83595013310125,-72.83595013310125
2706.9500759124758,-72.8381777956708,-72.8381777956708
2706.9600759124755,-72.84041285083528,-72.84041285083528
2706.9700759124757,-72.8426552905058,-72.8426552905058
2706.9800759124755,-72.84490510629135,-72.84490510629135
2706.9900759124757,-72.84716228949763,-72.84716228949763
2707.0000759124755,-72.84942683113803,-72.84942683113803
2707.0100759124757,-72.85169872193016,-72.85169872193016
2707.0200759124755,-72.85397795230598,-72.85397795230598
2707.0300759124757,-72.85626451242916,-72.85626451242916
2707.0400759124755,-72.85855839218448,-72.85855839218448
2707.0500759124757,-72.86085958117671,-72.86085958117671
2707.0600759124754,-72.86316806875561,-72.86316806875561
2707.0700759124757,-72.86548384400122,-72.86548384400122
2707.0800759124754,-72.86780689574293,-72.86780689574293
2707.0900759124756,-72.87013721256481,-72.87013721256481
2707.1000759124754,-72.872474782784,-72.872474782784
2707.1100759124756,-72.87481959449603,-72.87481959449603
2707.1200759124754,-72.87717163554919,-72.87717163554919
2707.1300759124756,-72.879530893556,-72.879530893556
2707.1400759124754,-72.88189735589872,-72.88189735589872
2707.1500759124756,-72.88427100974054,-72.88427100974054
2707.160075912476,-72.88665184201552,-72.88665184201552
2707.1700759124756,-72.88903983944599,-72.88903983944599
2707.180075912476,-72.89143498853517,-72.89143498853517
2707.1900759124755,-72.89383727558155,-72.89383727558155
2707.2000759124758,-72.89624668667138,-72.89624668667138
2707.2100759124755,-72.8986568505445,-72.8986568505445
2707.2200759124757,-72.90106496860766,-72.90106496860766
2707.2300759124755,-72.90346967035396,-72.90346967035396
2707.2400759124757,-72.90587024624429,-72.90587024624429
2707.2500759363174,-72.90826636066713,-72.90826636066713
2707.2600759363177,-72.91065787705803,-72.91065787705803
2707.2700759363174,-72.91304480304868,-72.91304480304868
2707.2800759363176,-72.91542721406094,-72.91542721406094
2707.2900759363174,-72.91780522683491,-72.91780522683491
2707.3000759363176,-72.92017898007701,-72.92017898007701
2707.3100759363174,-72.92254862297386,-72.92254862297386
2707.3200759363176,-72.92491430840256,-72.92491430840256
2707.3300759363174,-72.92727618906837,-72.92727618906837
2707.3400759363176,-72.92963441535548,-72.92963441535548
2707.3500759363174,-72.93198913427985,-72.93198913427985
2707.3600759363176,-72.93434048904413,-72.93434048904413
2707.3700759363173,-72.93668861899279,-72.93668861899279
2707.3800759363176,-72.93903365972307,-72.93903365972307
2707.3900759363173,-72.94137574334704,-72.94137574334704
2707.4000759363175,-72.9437149987833,-72.9437149987833
2707.4100759363173,-72.94605155202242,-72.94605155202242
2707.4200759363175,-72.9483855264369,-72.9483855264369
2707.4300759363173,-72.95071704302454,-72.95071704302454
2707.4400759363175,-72.95304622064288,-72.95304622064288
2707.4500759363173,-72.95537317621172,-72.95537317621172
2707.4600759363175,-72.95769166266868,-72.95769166266868
2707.4700759363172,-72.95999900709643,-72.95999900709643
2707.4800759363175,-72.96229396452875,-72.96229396452875
2707.490075936317,-72.96457595032157,-72.96457595032157
2707.5000759363174,-72.96684474727266,-72.96684474727266
2707.5100759363177,-72.96910035352063,-72.96910035352063
2707.5200759363174,-72.97134289341936,-72.97134289341936
2707.5300759363176,-72.97357256400187,-72.97357256400187
2707.5400759363174,-72.97578960278263,-72.97578960278263
2707.5500759363176,-72.9779942684511,-72.9779942684511
2707.5600759363174,-72.98018682935093,-72.98018682935093
2707.5700759363176,-72.98236755673754,-72.98236755673754
2707.5800759363174,-72.98453672088101,-72.98453672088101
2707.5900759363176,-72.98669458896084,-72.98669458896084
2707.6000759363174,-72.98884142396835,-72.98884142396835
2707.6100759363176,-72.99097748429399,-72.99097748429399
2707.6200759363173,-72.99310302365681,-72.99310302365681
2707.6300759363176,-72.99521829121035,-72.99521829121035
2707.6400759363173,-72.9973235318146,-72.9973235318146
2707.6500759363175,-72.99941898628946,-72.99941898628946
2707.6600759363173,-73.00150489169982,-73.00150489169982
2707.6700759363175,-73.00358148162324,-73.00358148162324
2707.6800759363173,-73.00564898641319,-73.00564898641319
2707.6900759363175,-73.00770763340763,-73.00770763340763
2707.7000759363173,-73.0097576471243,-73.0097576471243
2707.7100759363175,-73.01179924942393,-73.01179924942393
2707.7200759363172,-73.01383265964634,-73.01383265964634
2707.7300759363175,-73.01585809475188,-73.01585809475188
2707.740075936317,-73.01787576938348,-73.01787576938348
2707.7500759363174,-73.0198858959662,-73.0198858959662
2707.7600759363177,-73.02188868476206,-73.02188868476206
2707.7700759363174,-73.02388434394526,-73.02388434394526
2707.7800759363176,-73.02587307960528,-73.02587307960528
2707.7900759363174,-73.02785509581098,-73.02785509581098
2707.8000759363176,-73.02983059461616,-73.02983059461616
2707.8100759363174,-73.03179977608669,-73.03179977608669
2707.8200759363176,-73.03376283831155,-73.03376283831155
2707.8300759363174,-73.03571997740949,-73.03571997740949
2707.8400759363176,-73.03767138753079,-73.03767138753079
2707.8500759363174,-73.0396172608738,-73.0396172608738
2707.8600759363176,-73.04155778766525,-73.04155778766525
2707.8700759363173,-73.04349315617866,-73.04349315617866
2707.8800759363176,-73.04542355271806,-73.04542355271806
2707.8900759363173,-73.04734916161689,-73.04734916161689
2707.9000759363175,-73.04927016523858,-73.04927016523858
2707.9100759363173,-73.05118674398027,-73.05118674398027
2707.9200759363175,-73.0530990762469,-73.0530990762469
2707.9300759363173,-73.0550073384731,-73.0550073384731
2707.9400759363175,-73.05691170509932,-73.05691170509932
2707.9500759363173,-73.05881234857262,-73.05881234857262
2707.9600759363175,-73.06070943935826,-73.06070943935826
2707.9700759363172,-73.06260314592029,-73.06260314592029
2707.9800759363175,-73.06449363472512,-73.06449363472512
2707.990075936317,-73.06638107024588,-73.06638107024588
2708.0000759363174,-73.06826561495826,-73.06826561495826
2708.0100759363177,-73.07014742933926,-73.07014742933926
2708.0200759363174,-73.07202667187163,-73.07202667187163
2708.0300759363176,-73.07390349903686,-73.07390349903686
2708.0400759363174,-73.07577806533789,-73.07577806533789
2708.0500759363176,-73.07765052327254,-73.07765052327254
2708.0600759363174,-73.07952102336314,-73.07952102336314
2708.0700759363176,-73.08138971415161,-73.08138971415161
2708.0800759363174,-73.08325674220833,-73.08325674220833
2708.0900759363176,-73.08512225212016,-73.08512225212016
2708.1000759601593,-73.08698639097283,-73.08698639097283
2708.1100759601595,-73.0888492905647,-73.0888492905647
2708.1200759601593,-73.09071109406797,-73.09071109406797
2708.1300759601595,-73.09257193827705,-73.09257193827705
2708.1400759601593,-73.09443195805478,-73.09443195805478
2708.1500759601595,-73.09629128634371,-73.09629128634371
2708.1600759601592,-73.09815005418265,-73.09815005418265
2708.1700759601595,-73.10000839070157,-73.10000839070157
2708.1800759601592,-73.10186642314937,-73.10186642314937
2708.1900759601594,-73.10372427688688,-73.10372427688688
2708.200075960159,-73.10558207541875,-73.10558207541875
2708.2100759601594,-73.10743994039295,-73.10743994039295
2708.220075960159,-73.10929799161609,-73.10929799161609
2708.2300759601594,-73.1111563470684,-73.1111563470684
2708.240075960159,-73.11301512291972,-73.11301512291972
2708.2500759601594,-73.11487443352428,-73.11487443352428
2708.260075960159,-73.11673439146881,-73.11673439146881
2708.2700759601594,-73.11859510755255,-73.11859510755255
2708.280075960159,-73.12045669082809,-73.12045669082809
2708.2900759601594,-73.12231924858776,-73.12231924858776
2708.300075960159,-73.1241828864164,-73.1241828864164
2708.3100759601593,-73.12604770816758,-73.12604770816758
2708.320075960159,-73.12791381600977,-73.12791381600977
2708.3300759601593,-73.12978131042176,-73.12978131042176
2708.340075960159,-73.13165029020801,-73.13165029020801
2708.3500759601593,-73.13352085254012,-73.13352085254012
2708.3600759601595,-73.13539309294521,-73.13539309294521
2708.3700759601593,-73.13726710532707,-73.13726710532707
2708.3800759601595,-73.13914298198249,-73.13914298198249
2708.3900759601593,-73.14102081363518,-73.14102081363518
2708.4000759601595,-73.14290068942726,-73.14290068942726
2708.4100759601592,-73.14478269695132,-73.14478269695132
2708.4200759601595,-73.1466669222637,-73.1466669222637
2708.4300759601592,-73.14855344989628,-73.14855344989628
2708.4400759601594,-73.15044236286164,-73.15044236286164
2708.450075960159,-73.1523337427125,-73.1523337427125
2708.4600759601594,-73.15422766950452,-73.15422766950452
2708.470075960159,-73.15612422185116,-73.15612422185116
2708.4800759601594,-73.15801957616767,-73.15801957616767
2708.490075960159,-73.159907984424,-73.159907984424
2708.5000759601594,-73.16178358081493,-73.16178358081493
2708.510075960159,-73.16364106108625,-73.16364106108625
2708.5200759601594,-73.16547579620178,-73.16547579620178
2708.530075960159,-73.1672837692808,-73.1672837692808
2708.5400759601594,-73.16906148268657,-73.16906148268657
2708.550075960159,-73.17080587563059,-73.17080587563059
2708.5600759601593,-73.17251425813726,-73.17251425813726
2708.570075960159,-73.17418425887831,-73.17418425887831
2708.5800759601593,-73.17581378336112,-73.17581378336112
2708.590075960159,-73.17740097983001,-73.17740097983001
2708.6000759601593,-73.17894421092421,-73.17894421092421
2708.6100759601595,-73.18044202983327,-73.18044202983327
2708.6200759601593,-73.18189315995659,-73.18189315995659
2708.6300759601595,-73.18329647748777,-73.18329647748777
2708.6400759601593,-73.18465099636401,-73.18465099636401
2708.6500759601595,-73.18595585519355,-73.18595585519355
2708.6600759601592,-73.18721030585546,-73.18721030585546
2708.6700759601595,-73.18841370350816,-73.18841370350816
2708.6800759601592,-73.18956549779023,-73.18956549779023
2708.6900759601594,-73.19066522501731,-73.19066522501731
2708.700075960159,-73.19171250128805,-73.19171250128805
2708.7100759601594,-73.19270701625541,-73.19270701625541
2708.720075960159,-73.19364852761484,-73.19364852761484
2708.7300759601594,-73.19453685609167,-73.19453685609167
2708.740075960159,-73.19537188089795,-73.19537188089795
2708.7500759601594,-73.19615353559799,-73.19615353559799
2708.760075960159,-73.19688180437065,-73.19688180437065
2708.7700759601594,-73.1975567185425,-73.1975567185425
2708.780075960159,-73.19817835340497,-73.19817835340497
2708.7900759601594,-73.1987468252767,-73.1987468252767
2708.800075960159,-73.1992622888036,-73.1992622888036
2708.8100759601593,-73.19972493438236,-73.19972493438236
2708.820075960159,-73.20013498585995,-73.20013498585995
2708.8300759601593,-73.2004926983002,-73.2004926983002
2708.840075960159,-73.20079835594561,-73.20079835594561
2708.8500759601593,-73.20105227026274,-73.20105227026274
2708.8600759601595,-73.2012547781577,-73.2012547781577
2708.8700759601593,-73.20140624026152,-73.20140624026152
2708.8800759601595,-73.20150703931571,-73.20150703931571
2708.8900759601593,-73.20155757867948,-73.20155757867948
2708.9000759601595,-73.2015582808869,-73.2015582808869
2708.9100759601592,-73.20150958630241,-73.20150958630241
2708.9200759601595,-73.2014119518529,-73.2014119518529
2708.9300759601592,-73.20126584981827,-73.20126584981827
2708.9400759601594,-73.20107176668604,-73.20107176668604
2708.950075984001,-73.2008302015038,-73.2008302015038
2708.9600759840014,-73.20054166707392,-73.20054166707392
2708.970075984001,-73.20020668579339,-73.20020668579339
2708.9800759840014,-73.19982579077714,-73.19982579077714
2708.990075984001,-73.19939952450343,-73.19939952450343
2709.0000759840013,-73.19892843798283,-73.19892843798283
2709.010075984001,-73.19841308997484,-73.19841308997484
2709.0200759840013,-73.19785404625976,-73.19785404625976
2709.030075984001,-73.19725187892548,-73.19725187892548
2709.0400759840013,-73.19660716570918,-73.19660716570918
2709.050075984001,-73.19592048938428,-73.19592048938428
2709.0600759840013,-73.19519243712074,-73.19519243712074
2709.070075984001,-73.19442359995163,-73.19442359995163
2709.0800759840013,-73.19361457223455,-73.19361457223455
2709.090075984001,-73.19276595114448,-73.19276595114448
2709.1000759840013,-73.19187833616874,-73.19187833616874
2709.110075984001,-73.19095232868379,-73.19095232868379
2709.1200759840012,-73.18998853150535,-73.18998853150535
2709.130075984001,-73.18898754847487,-73.18898754847487
2709.140075984001,-73.18794998409635,-73.18794998409635
2709.150075984001,-73.18687644314242,-73.18687644314242
2709.160075984001,-73.18576753033581,-73.18576753033581
2709.170075984001,-73.18462384999094,-73.18462384999094
2709.180075984001,-73.18344600572892,-73.18344600572892
2709.190075984001,-73.18223460018804,-73.18223460018804
2709.200075984001,-73.18099023473077,-73.18099023473077
2709.2100759840014,-73.1797135091833,-73.1797135091833
2709.220075984001,-73.17840502162136,-73.17840502162136
2709.2300759840014,-73.17706536809547,-73.17706536809547
2709.240075984001,-73.17569514244154,-73.17569514244154
2709.2500759840013,-73.1742949360661,-73.1742949360661
2709.260075984001,-73.17286533775533,-73.17286533775533
2709.2700759840013,-73.17140693350099,-73.17140693350099
2709.280075984001,-73.16992030631569,-73.16992030631569
2709.2900759840013,-73.16840603607444,-73.16840603607444
2709.300075984001,-73.16686469937072,-73.16686469937072
2709.3100759840013,-73.16529686938573,-73.16529686938573
2709.320075984001,-73.16370311572962,-73.16370311572962
2709.3300759840013,-73.16208400434293,-73.16208400434293
2709.340075984001,-73.16044009738062,-73.16044009738062
2709.3500759840013,-73.1587719530886,-73.1587719530886
2709.360075984001,-73.15708012571122,-73.15708012571122
2709.3700759840012,-73.15536516540965,-73.15536516540965
2709.380075984001,-73.15362761817036,-73.15362761817036
2709.390075984001,-73.15186802571358,-73.15186802571358
2709.400075984001,-73.15008692544565,-73.15008692544565
2709.410075984001,-73.14828485035251,-73.14828485035251
2709.420075984001,-73.14646232899213,-73.14646232899213
2709.430075984001,-73.14461988538908,-73.14461988538908
2709.440075984001,-73.14275803900577,-73.14275803900577
2709.450075984001,-73.14087730470935,-73.14087730470935
2709.4600759840014,-73.13897819268759,-73.13897819268759
2709.470075984001,-73.13706120846368,-73.13706120846368
2709.4800759840014,-73.13512685280996,-73.13512685280996
2709.490075984001,-73.13317562177153,-73.13317562177153
2709.5000759840013,-73.13120800659007,-73.13120800659007
2709.510075984001,-73.12922449372677,-73.12922449372677
2709.5200759840013,-73.1272255648119,-73.1272255648119
2709.530075984001,-73.12521169664336,-73.12521169664336
2709.5400759840013,-73.1231833611575,-73.1231833611575
2709.550075984001,-73.1211410254481,-73.1211410254481
2709.5600759840013,-73.11908515174505,-73.11908515174505
2709.570075984001,-73.11701619740045,-73.11701619740045
2709.5800759840013,-73.11493461490153,-73.11493461490153
2709.590075984001,-73.11284085186607,-73.11284085186607
2709.6000759840013,-73.11073535103264,-73.11073535103264
2709.610075984001,-73.1086185502928,-73.1086185502928
2709.6200759840012,-73.10649088267343,-73.10649088267343
2709.630075984001,-73.10435277636934,-73.10435277636934
2709.640075984001,-73.10220465471629,-73.10220465471629
2709.650075984001,-73.10004693625363,-73.10004693625363
2709.660075984001,-73.0978800346927,-73.0978800346927
2709.670075984001,-73.09570435894953,-73.09570435894953
2709.680075984001,-73.09352031318106,-73.09352031318106
2709.690075984001,-73.09132829677625,-73.09132829677625
2709.700075984001,-73.08912870439094,-73.08912870439094
2709.7100759840014,-73.08692192596165,-73.08692192596165
2709.720075984001,-73.08470834672559,-73.08470834672559
2709.7300759840014,-73.08248834725183,-73.08248834725183
2709.740075984001,-73.08026230346802,-73.08026230346802
2709.7500759840013,-73.0780305866685,-73.0780305866685
2709.760075984001,-73.07579356356221,-73.07579356356221
2709.7700759840013,-73.0735515962841,-73.0735515962841
2709.780075984001,-73.07130504242363,-73.07130504242363
2709.7900759840013,-73.0690542550657,-73.0690542550657
2709.800076007843,-73.06679957743198,-73.06679957743198
2709.8100760078432,-73.06454136440937,-73.06454136440937
2709.820076007843,-73.06227995034341,-73.06227995034341
2709.830076007843,-73.06001567055921,-73.06001567055921
2709.840076007843,-73.05774885602378,-73.05774885602378
2709.850076007843,-73.05547983336726,-73.05547983336726
2709.860076007843,-73.0532089249405,-73.0532089249405
2709.870076007843,-73.05093644880074,-73.05093644880074
2709.880076007843,-73.04866271880458,-73.04866271880458
2709.890076007843,-73.04638804458048,-73.04638804458048
2709.900076007843,-73.04411273161236,-73.04411273161236
2709.910076007843,-73.04183708125153,-73.04183708125153
2709.920076007843,-73.03956139074641,-73.03956139074641
2709.930076007843,-73.0372859532919,-73.0372859532919
2709.940076007843,-73.03501105804654,-73.03501105804654
2709.950076007843,-73.03273699018578,-73.03273699018578
2709.960076007843,-73.03046403092027,-73.03046403092027
2709.970076007843,-73.02819245754327,-73.02819245754327
2709.980076007843,-73.02592254346649,-73.02592254346649
2709.990076007843,-73.0236545582273,-73.0236545582273
2710.000076007843,-73.02138876757043,-73.02138876757043
2710.010076007843,-73.01912543344865,-73.01912543344865
2710.020076007843,-73.01686481407135,-73.01686481407135
2710.030076007843,-73.01460716393419,-73.01460716393419
2710.040076007843,-73.01235273386176,-73.01235273386176
2710.050076007843,-73.01010177104187,-73.01010177104187
2710.0600760078432,-73.00785451904234,-73.00785451904234
2710.070076007843,-73.00561121788131,-73.00561121788131
2710.080076007843,-73.00337210403094,-73.00337210403094
2710.090076007843,-73.0011374104676,-73.0011374104676
2710.100076007843,-72.99890736669738,-72.99890736669738
2710.110076007843,-72.99668219880651,-72.99668219880651
2710.120076007843,-72.99446212948534,-72.99446212948534
2710.130076007843,-72.99224737806557,-72.99224737806557
2710.140076007843,-72.99003816054119,-72.99003816054119
2710.150076007843,-72.98783468962252,-72.98783468962252
2710.160076007843,-72.98563717477192,-72.98563717477192
2710.170076007843,-72.98344582221884,-72.98344582221884
2710.180076007843,-72.98126083500473,-72.98126083500473
2710.190076007843,-72.97908241301894,-72.97908241301894
2710.200076007843,-72.97691075302785,-72.97691075302785
2710.210076007843,-72.97473968316942,-72.97473968316942
2710.220076007843,-72.97256660687418,-72.97256660687418
2710.230076007843,-72.97039035728368,-72.97039035728368
2710.240076007843,-72.96821042908228,-72.96821042908228
2710.250076007843,-72.96602668488475,-72.96602668488475
2710.260076007843,-72.96383920238753,-72.96383920238753
2710.270076007843,-72.9616481846148,-72.9616481846148
2710.280076007843,-72.9594539059259,-72.9594539059259
2710.290076007843,-72.95725667949668,-72.95725667949668
2710.300076007843,-72.95505683777347,-72.95505683777347
2710.3100760078432,-72.95285472083314,-72.95285472083314
2710.320076007843,-72.95065066954163,-72.95065066954163
2710.330076007843,-72.94844502165307,-72.94844502165307
2710.340076007843,-72.94623810967639,-72.94623810967639
2710.350076007843,-72.94403025982353,-72.94403025982353
2710.360076007843,-72.94182179161201,-72.94182179161201
2710.370076007843,-72.93961301782979,-72.93961301782979
2710.380076007843,-72.93740424472944,-72.93740424472944
2710.390076007843,-72.93519577230502,-72.93519577230502
2710.400076007843,-72.93298789463323,-72.93298789463323
2710.410076007843,-72.93078090019264,-72.93078090019264
2710.420076007843,-72.92857507219543,-72.92857507219543
2710.430076007843,-72.92637068890002,-72.92637068890002
2710.440076007843,-72.92416802388149,-72.92416802388149
2710.450076007843,-72.92196734625229,-72.92196734625229
2710.460076007843,-72.91976892089649,-72.91976892089649
2710.470076007843,-72.91757300865667,-72.91757300865667
2710.480076007843,-72.91537986649402,-72.91537986649402
2710.490076007843,-72.91318974761562,-72.91318974761562
2710.500076007843,-72.91100290162355,-72.91100290162355
2710.510076007843,-72.90881957459658,-72.90881957459658
2710.520076007843,-72.9066400091746,-72.9066400091746
2710.530076007843,-72.90446444466981,-72.90446444466981
2710.540076007843,-72.90229311712098,-72.90229311712098
2710.550076007843,-72.90012625933238,-72.90012625933238
2710.5600760078432,-72.89796410095649,-72.89796410095649
2710.570076007843,-72.89580686852354,-72.89580686852354
2710.580076007843,-72.8936547854649,-72.8936547854649
2710.590076007843,-72.89150807219399,-72.89150807219399
2710.600076007843,-72.88936694610341,-72.88936694610341
2710.610076007843,-72.88723162159505,-72.88723162159505
2710.620076007843,-72.88510231011844,-72.88510231011844
2710.630076007843,-72.88297922018677,-72.88297922018677
2710.640076007843,-72.8808625574055,-72.8808625574055
2710.650076031685,-72.87875251946839,-72.87875251946839
2710.660076031685,-72.87664931628737,-72.87664931628737
2710.670076031685,-72.87455313982846,-72.87455313982846
2710.680076031685,-72.87246418425114,-72.87246418425114
2710.690076031685,-72.87038264090532,-72.87038264090532
2710.700076031685,-72.86830869835015,-72.86830869835015
2710.710076031685,-72.86624254237051,-72.86624254237051
2710.720076031685,-72.86418435598064,-72.86418435598064
2710.730076031685,-72.86213431946018,-72.86213431946018
2710.740076031685,-72.86009261035858,-72.86009261035858
2710.750076031685,-72.85805940351636,-72.85805940351636
2710.760076031685,-72.85603487109748,-72.85603487109748
2710.7700760316848,-72.85401918256997,-72.85401918256997
2710.780076031685,-72.85201250475517,-72.85201250475517
2710.7900760316847,-72.85001500185197,-72.85001500185197
2710.800076031685,-72.84802683542833,-72.84802683542833
2710.8100760316847,-72.84604816445535,-72.84604816445535
2710.820076031685,-72.84407914531594,-72.84407914531594
2710.8300760316847,-72.84211993184879,-72.84211993184879
2710.840076031685,-72.84017067533952,-72.84017067533952
2710.8500760316847,-72.83823152454342,-72.83823152454342
2710.860076031685,-72.83630262573459,-72.83630262573459
2710.8700760316847,-72.83438412268958,-72.83438412268958
2710.880076031685,-72.83247615671753,-72.83247615671753
2710.8900760316847,-72.83057886669287,-72.83057886669287
2710.900076031685,-72.82869238907578,-72.82869238907578
2710.910076031685,-72.82681685791599,-72.82681685791599
2710.920076031685,-72.82495240489224,-72.82495240489224
2710.930076031685,-72.8230991593106,-72.8230991593106
2710.940076031685,-72.82125724815087,-72.82125724815087
2710.950076031685,-72.81942679607273,-72.81942679607273
2710.960076031685,-72.81760792545596,-72.81760792545596
2710.970076031685,-72.81580075639205,-72.81580075639205
2710.980076031685,-72.81400540672792,-72.81400540672792
2710.990076031685,-72.81222199207058,-72.81222199207058
2711.000076031685,-72.81045062584215,-72.81045062584215
2711.010076031685,-72.8086914192643,-72.8086914192643
2711.0200760316848,-72.8069444814041,-72.8069444814041
2711.030076031685,-72.80520991917746,-72.80520991917746
2711.0400760316847,-72.80348783739872,-72.80348783739872
2711.050076031685,-72.80177833877028,-72.80177833877028
2711.0600760316847,-72.800081523928,-72.800081523928
2711.070076031685,-72.79839749145097,-72.79839749145097
2711.0800760316847,-72.79672633790436,-72.79672633790436
2711.090076031685,-72.79506815781788,-72.79506815781788
2711.1000760316847,-72.793423043762,-72.793423043762
2711.110076031685,-72.79179108632728,-72.79179108632728
2711.1200760316847,-72.79017237417241,-72.79017237417241
2711.130076031685,-72.78856699403013,-72.78856699403013
2711.1400760316847,-72.78697503073195,-72.78697503073195
2711.150076031685,-72.78539656724836,-72.78539656724836
2711.160076031685,-72.7838316846818,-72.7838316846818
2711.170076031685,-72.78228046230896,-72.78228046230896
2711.180076031685,-72.7807429775938,-72.7807429775938
2711.190076031685,-72.77921930620515,-72.77921930620515
2711.200076031685,-72.77770952205675,-72.77770952205675
2711.210076031685,-72.77621369729995,-72.77621369729995
2711.220076031685,-72.7747319023675,-72.7747319023675
2711.230076031685,-72.77326420599017,-72.77326420599017
2711.240076031685,-72.77181067521026,-72.77181067521026
2711.250076031685,-72.77037137540725,-72.77037137540725
2711.260076031685,-72.7689463703184,-72.7689463703184
2711.2700760316848,-72.76753572205928,-72.76753572205928
2711.280076031685,-72.76613949114201,-72.76613949114201
2711.2900760316847,-72.76475773650384,-72.76475773650384
2711.300076031685,-72.76339051550876,-72.76339051550876
2711.3100760316847,-72.76203788398345,-72.76203788398345
2711.320076031685,-72.7606998962389,-72.7606998962389
2711.3300760316847,-72.7593766050675,-72.7593766050675
2711.340076031685,-72.75806806180013,-72.75806806180013
2711.3500760316847,-72.75677431629413,-72.75677431629413
2711.360076031685,-72.7554954169537,-72.7554954169537
2711.3700760316847,-72.75423141076138,-72.75423141076138
2711.380076031685,-72.75298234330735,-72.75298234330735
2711.3900760316847,-72.75174825877508,-72.75174825877508
2711.400076031685,-72.75052919998456,-72.75052919998456
2711.410076031685,-72.74932520839889,-72.74932520839889
2711.420076031685,-72.74813632416257,-72.74813632416257
2711.430076031685,-72.74696258609933,-72.74696258609933
2711.440076031685,-72.7458040317174,-72.7458040317174
2711.450076031685,-72.74466069725676,-72.74466069725676
2711.460076031685,-72.74353261770153,-72.74353261770153
2711.470076031685,-72.74241982678241,-72.74241982678241
2711.480076031685,-72.74132235700763,-72.74132235700763
2711.490076031685,-72.74024023966287,-72.74024023966287
2711.5000760555267,-72.73917350230361,-72.73917350230361
2711.510076055527,-72.73812217897536,-72.73812217897536
2711.5200760555267,-72.73708629484601,-72.73708629484601
2711.530076055527,-72.73606587653013,-72.73606587653013
2711.5400760555267,-72.7350609494984,-72.7350609494984
2711.550076055527,-72.73407153813096,-72.73407153813096
2711.5600760555267,-72.73309766568948,-72.73309766568948
2711.570076055527,-72.73213935436328,-72.73213935436328
2711.5800760555267,-72.73119662526614,-72.73119662526614
2711.590076055527,-72.73026949846756,-72.73026949846756
2711.6000760555266,-72.72935799299658,-72.72935799299658
2711.610076055527,-72.72846212684756,-72.72846212684756
2711.6200760555266,-72.72758191703373,-72.72758191703373
2711.630076055527,-72.7267173795547,-72.7267173795547
2711.6400760555266,-72.72586852943532,-72.72586852943532
2711.650076055527,-72.72503538074017,-72.72503538074017
2711.6600760555266,-72.72421794657414,-72.72421794657414
2711.670076055527,-72.7234162391067,-72.7234162391067
2711.6800760555266,-72.72263026959939,-72.72263026959939
2711.690076055527,-72.72186004838777,-72.72186004838777
2711.7000760555266,-72.72110558492379,-72.72110558492379
2711.7100760555268,-72.72036054301734,-72.72036054301734
2711.7200760555265,-72.7196221513985,-72.7196221513985
2711.7300760555268,-72.7188890653111,-72.7188890653111
2711.7400760555265,-72.71816060105452,-72.71816060105452
2711.7500760555267,-72.71743644339078,-72.71743644339078
2711.760076055527,-72.71671649333524,-72.71671649333524
2711.7700760555267,-72.71600077877312,-72.71600077877312
2711.780076055527,-72.71528940069476,-72.71528940069476
2711.7900760555267,-72.71458250079762,-72.71458250079762
2711.800076055527,-72.71388024204708,-72.71388024204708
2711.8100760555267,-72.71318279707162,-72.71318279707162
2711.820076055527,-72.71249034131591,-72.71249034131591
2711.8300760555267,-72.71180304915958,-72.71180304915958
2711.840076055527,-72.71112109177929,-72.71112109177929
2711.8500760555266,-72.71044463607917,-72.71044463607917
2711.860076055527,-72.7097738442722,-72.7097738442722
2711.8700760555266,-72.70910887383579,-72.70910887383579
2711.880076055527,-72.70844987765499,-72.70844987765499
2711.8900760555266,-72.70779700431048,-72.70779700431048
2711.900076055527,-72.70715039836941,-72.70715039836941
2711.9100760555266,-72.70651020071078,-72.70651020071078
2711.920076055527,-72.70587654880913,-72.70587654880913
2711.9300760555266,-72.70524957705673,-72.70524957705673
2711.940076055527,-72.70462941695602,-72.70462941695602
2711.9500760555266,-72.70401619738149,-72.70401619738149
2711.9600760555268,-72.70341004476418,-72.70341004476418
2711.9700760555265,-72.70281108325293,-72.70281108325293
2711.9800760555268,-72.7022194348567,-72.7022194348567
2711.9900760555265,-72.7016352195831,-72.7016352195831
2712.0000760555267,-72.70105855552137,-72.70105855552137
2712.010076055527,-72.70048955892442,-72.70048955892442
2712.0200760555267,-72.69992834430333,-72.69992834430333
2712.030076055527,-72.69937502446919,-72.69937502446919
2712.0400760555267,-72.6988297106054,-72.6988297106054
2712.050076055527,-72.69829251227475,-72.69829251227475
2712.0600760555267,-72.69776353749597,-72.69776353749597
2712.070076055527,-72.69724289272754,-72.69724289272754
2712.0800760555267,-72.69673068293103,-72.69673068293103
2712.090076055527,-72.69622701156734,-72.69622701156734
2712.1000760555266,-72.69573198060333,-72.69573198060333
2712.110076055527,-72.69524569055373,-72.69524569055373
2712.1200760555266,-72.69476824046642,-72.69476824046642
2712.130076055527,-72.69429972794268,-72.69429972794268
2712.1400760555266,-72.69384024914432,-72.69384024914432
2712.150076055527,-72.69338989877336,-72.69338989877336
2712.1600760555266,-72.69294877011622,-72.69294877011622
2712.170076055527,-72.69251695503056,-72.69251695503056
2712.1800760555266,-72.6920945439352,-72.6920945439352
2712.190076055527,-72.69168162581677,-72.69168162581677
2712.2000760555266,-72.69127828826107,-72.69127828826107
2712.2100760555268,-72.69088461740651,-72.69088461740651
2712.2200760555265,-72.69050069800511,-72.69050069800511
2712.2300760555268,-72.69012661336821,-72.69012661336821
2712.2400760555265,-72.68976244539883,-72.68976244539883
2712.2500760555267,-72.68940827459515,-72.68940827459515
2712.260076055527,-72.68906418004512,-72.68906418004512
2712.2700760555267,-72.6887302394349,-72.6887302394349
2712.280076055527,-72.68840652905304,-72.68840652905304
2712.2900760555267,-72.68809312378286,-72.68809312378286
2712.300076055527,-72.68779009712674,-72.68779009712674
2712.3100760555267,-72.68749752119169,-72.68749752119169
2712.320076055527,-72.68721546671242,-72.68721546671242
2712.3300760555267,-72.68694400303832,-72.68694400303832
2712.340076055527,-72.6866831981576,-72.6866831981576
2712.3500760793686,-72.68643311809417,-72.68643311809417
2712.360076079369,-72.68619382932846,-72.68619382932846
2712.3700760793686,-72.68596539515043,-72.68596539515043
2712.380076079369,-72.68574787812997,-72.68574787812997
2712.3900760793686,-72.68554133950124,-72.68554133950124
2712.400076079369,-72.68534583916896,-72.68534583916896
2712.4100760793685,-72.68516143572066,-72.68516143572066
2712.4200760793688,-72.6849881864366,-72.6849881864366
2712.4300760793685,-72.68482614729142,-72.68482614729142
2712.4400760793687,-72.68467537295435,-72.68467537295435
2712.4500760793685,-72.68453591683154,-72.68453591683154
2712.4600760793687,-72.68440148981568,-72.68440148981568
2712.4700760793685,-72.68426936528843,-72.68426936528843
2712.4800760793687,-72.68413824160722,-72.68413824160722
2712.4900760793685,-72.68400747706652,-72.68400747706652
2712.5000760793687,-72.68387679754797,-72.68387679754797
2712.5100760793684,-72.68374614450147,-72.68374614450147
2712.5200760793687,-72.68361558565857,-72.68361558565857
2712.5300760793684,-72.68348526138881,-72.68348526138881
2712.5400760793686,-72.68335535236609,-72.68335535236609
2712.5500760793684,-72.68322606014544,-72.68322606014544
2712.5600760793686,-72.68309759556884,-72.68309759556884
2712.5700760793684,-72.6829701719931,-72.6829701719931
2712.5800760793686,-72.68284400137291,-72.68284400137291
2712.5900760793684,-72.68271929212726,-72.68271929212726
2712.6000760793686,-72.68259624807658,-72.68259624807658
2712.610076079369,-72.68247506802663,-72.68247506802663
2712.6200760793686,-72.68235594571398,-72.68235594571398
2712.630076079369,-72.68223906994471,-72.68223906994471
2712.6400760793686,-72.68212462490318,-72.68212462490318
2712.650076079369,-72.68201279039334,-72.68201279039334
2712.6600760793685,-72.68190374221342,-72.68190374221342
2712.6700760793688,-72.68179765240528,-72.68179765240528
2712.6800760793685,-72.68169468955449,-72.68169468955449
2712.6900760793687,-72.68159501904462,-72.68159501904462
2712.7000760793685,-72.68149880326985,-72.68149880326985
2712.7100760793687,-72.68139986148051,-72.68139986148051
2712.7200760793685,-72.68129557388778,-72.68129557388778
2712.7300760793687,-72.68118474426306,-72.68118474426306
2712.7400760793685,-72.68106683505846,-72.68106683505846
2712.7500760793687,-72.68094167518089,-72.68094167518089
2712.7600760793684,-72.68080930808988,-72.68080930808988
2712.7700760793687,-72.6806699026252,-72.6806699026252
2712.7800760793684,-72.68052369940432,-72.68052369940432
2712.7900760793686,-72.6803709785584,-72.6803709785584
2712.8000760793684,-72.6802120403416,-72.6802120403416
2712.8100760793686,-72.68004719360879,-72.68004719360879
2712.8200760793684,-72.67987674901518,-72.67987674901518
2712.8300760793686,-72.67970101513068,-72.67970101513068
2712.8400760793684,-72.67952029632094,-72.67952029632094
2712.8500760793686,-72.67933489168657,-72.67933489168657
2712.860076079369,-72.67914509465679,-72.67914509465679
2712.8700760793686,-72.6789511929109,-72.6789511929109
2712.880076079369,-72.6787534685393,-72.6787534685393
2712.8900760793686,-72.67855219831229,-72.67855219831229
2712.900076079369,-72.6783476539783,-72.6783476539783
2712.9100760793685,-72.67814010254304,-72.67814010254304
2712.9200760793688,-72.67792980659887,-72.67792980659887
2712.9300760793685,-72.6777170245689,-72.6777170245689
2712.9400760793687,-72.67750201095431,-72.67750201095431
2712.9500760793685,-72.67728501655442,-72.67728501655442
2712.9600760793687,-72.67705994980942,-72.67705994980942
2712.9700760793685,-72.67682427919328,-72.67682427919328
2712.9800760793687,-72.67657689577982,-72.67657689577982
2712.9900760793685,-72.67631734837819,-72.67631734837819
2713.0000760793687,-72.67604555137943,-72.67604555137943
2713.0100760793684,-72.67576163286306,-72.67576163286306
2713.0200760793687,-72.67546584546722,-72.67546584546722
2713.0300760793684,-72.67515851277342,-72.67515851277342
2713.0400760793686,-72.67483999708082,-72.67483999708082
2713.0500760793684,-72.67451068002639,-72.67451068002639
2713.0600760793686,-72.6741709510168,-72.6741709510168
2713.0700760793684,-72.67382120047593,-72.67382120047593
2713.0800760793686,-72.67346181593513,-72.67346181593513
2713.0900760793684,-72.67309317992157,-72.67309317992157
2713.1000760793686,-72.67271566888584,-72.67271566888584
2713.110076079369,-72.67232965279013,-72.67232965279013
2713.1200760793686,-72.67193549505468,-72.67193549505468
2713.130076079369,-72.67153355269095,-72.67153355269095
2713.1400760793686,-72.67112417657707,-72.67112417657707
2713.150076079369,-72.67070771174379,-72.67070771174379
2713.1600760793685,-72.67028449768715,-72.67028449768715
2713.1700760793688,-72.66985486865285,-72.66985486865285
2713.1800760793685,-72.6694191539082,-72.6694191539082
2713.1900760793687,-72.66897767798767,-72.66897767798767
2713.2000761032104,-72.66853075983992,-72.66853075983992
2713.2100761032107,-72.66807871723722,-72.66807871723722
2713.2200761032104,-72.66762186064602,-72.66762186064602
2713.2300761032106,-72.66716049751861,-72.66716049751861
2713.2400761032104,-72.66669493139547,-72.66669493139547
2713.2500761032106,-72.66622546197537,-72.66622546197537
2713.2600761032104,-72.66575238522806,-72.66575238522806
2713.2700761032106,-72.66527599345376,-72.66527599345376
2713.2800761032104,-72.6647965753369,-72.6647965753369
2713.2900761032106,-72.66431441599778,-72.66431441599778
2713.3000761032104,-72.66382979705419,-72.66382979705419
2713.3100761032106,-72.66334299662228,-72.66334299662228
2713.3200761032103,-72.66285428937816,-72.66285428937816
2713.3300761032106,-72.66236394657254,-72.66236394657254
2713.3400761032103,-72.66187223604348,-72.66187223604348
2713.3500761032105,-72.66137942226165,-72.66137942226165
2713.3600761032103,-72.6608857663275,-72.6608857663275
2713.3700761032105,-72.66039152599026,-72.66039152599026
2713.3800761032103,-72.65989695566722,-72.65989695566722
2713.3900761032105,-72.65940230645614,-72.65940230645614
2713.4000761032103,-72.65890782615328,-72.65890782615328
2713.4100761032105,-72.65841375926033,-72.65841375926033
2713.4200761032102,-72.6579203469952,-72.6579203469952
2713.4300761032105,-72.65742782731064,-72.65742782731064
2713.4400761032102,-72.65693643491751,-72.65693643491751
2713.4500761032104,-72.65644640126843,-72.65644640126843
2713.4600761032107,-72.655957954611,-72.655957954611
2713.4700761032104,-72.65547131995523,-72.65547131995523
2713.4800761032106,-72.65498671913326,-72.65498671913326
2713.4900761032104,-72.65450437079066,-72.65450437079066
2713.5000761032106,-72.65402449040121,-72.65402449040121
2713.5100761032104,-72.6535472902905,-72.6535472902905
2713.5200761032106,-72.65307297965649,-72.65307297965649
2713.5300761032104,-72.65260176458315,-72.65260176458315
2713.5400761032106,-72.65213384805325,-72.65213384805325
2713.5500761032104,-72.65166942996221,-72.65166942996221
2713.5600761032106,-72.6512087071544,-72.6512087071544
2713.5700761032103,-72.65075187344057,-72.65075187344057
2713.5800761032106,-72.65029911960198,-72.65029911960198
2713.5900761032103,-72.6498506334284,-72.6498506334284
2713.6000761032105,-72.64940659973998,-72.64940659973998
2713.6100761032103,-72.64896720038972,-72.64896720038972
2713.6200761032105,-72.64853261429994,-72.64853261429994
2713.6300761032103,-72.64810301749081,-72.64810301749081
2713.6400761032105,-72.64767858309062,-72.64767858309062
2713.6500761032103,-72.64725948137787,-72.64725948137787
2713.6600761032105,-72.64684587976737,-72.64684587976737
2713.6700761032102,-72.64643794289185,-72.64643794289185
2713.6800761032105,-72.6460358325743,-72.6460358325743
2713.6900761032102,-72.64563970788325,-72.64563970788325
2713.7000761032104,-72.64524972513871,-72.64524972513871
2713.7100761032107,-72.6448660379626,-72.6448660379626
2713.7200761032104,-72.64448879728138,-72.64448879728138
2713.7300761032106,-72.64411815135539,-72.64411815135539
2713.7400761032104,-72.64375424582784,-72.64375424582784
2713.7500761032106,-72.64339722371271,-72.64339722371271
2713.7600761032104,-72.64304722545462,-72.64304722545462
2713.7700761032106,-72.64270438893867,-72.64270438893867
2713.7800761032104,-72.64236884953061,-72.64236884953061
2713.7900761032106,-72.64204074007803,-72.64204074007803
2713.8000761032104,-72.64172019096517,-72.64172019096517
2713.8100761032106,-72.64140733012957,-72.64140733012957
2713.8200761032103,-72.64110228307617,-72.64110228307617
2713.8300761032106,-72.6408051729253,-72.6408051729253
2713.8400761032103,-72.64051612044432,-72.64051612044432
2713.8500761032105,-72.64023524403555,-72.64023524403555
2713.8600761032103,-72.63996265980997,-72.63996265980997
2713.8700761032105,-72.63969848157316,-72.63969848157316
2713.8800761032103,-72.63944282088406,-72.63944282088406
2713.8900761032105,-72.63919578706913,-72.63919578706913
2713.9000761032103,-72.6389574872489,-72.6389574872489
2713.9100761032105,-72.63872802636307,-72.63872802636307
2713.9200761032102,-72.63850750719476,-72.63850750719476
2713.9300761032105,-72.63829603041374,-72.63829603041374
2713.9400761032102,-72.63809369458772,-72.63809369458772
2713.9500761032104,-72.63790059619728,-72.63790059619728
2713.9600761032107,-72.63771682970192,-72.63771682970192
2713.9700761032104,-72.63754248751536,-72.63754248751536
2713.9800761032106,-72.63737766006875,-72.63737766006875
2713.9900761032104,-72.63722243582414,-72.63722243582414
2714.0000761032106,-72.63707690129634,-72.63707690129634
2714.0100761032104,-72.63694114108397,-72.63694114108397
2714.0200761032106,-72.63681523789026,-72.63681523789026
2714.0300761032104,-72.63669927255226,-72.63669927255226
2714.0400761032106,-72.63659332405688,-72.63659332405688
2714.0500761270523,-72.63649746936095,-72.63649746936095
2714.0600761270525,-72.6364117843185,-72.6364117843185
2714.0700761270523,-72.63633634228557,-72.63633634228557
2714.0800761270525,-72.63627121512926,-72.63627121512926
2714.0900761270523,-72.63621647298423,-72.63621647298423
2714.1000761270525,-72.63617218429361,-72.63617218429361
2714.1100761270523,-72.636138415819,-72.636138415819
2714.1200761270525,-72.63611523268155,-72.63611523268155
2714.1300761270522,-72.63610269836013,-72.63610269836013
2714.1400761270525,-72.636100874731,-72.636100874731
2714.150076127052,-72.63610982208995,-72.63610982208995
2714.1600761270524,-72.63612959916586,-72.63612959916586
2714.170076127052,-72.63616026315657,-72.63616026315657
2714.1800761270524,-72.63620186973243,-72.63620186973243
2714.190076127052,-72.63625447307501,-72.63625447307501
2714.2000761270524,-72.63631812588615,-72.63631812588615
2714.210076127052,-72.63639287940765,-72.63639287940765
2714.2200761270524,-72.63647878346158,-72.63647878346158
2714.230076127052,-72.63657588645715,-72.63657588645715
2714.2400761270524,-72.63668423540047,-72.63668423540047
2714.250076127052,-72.63680387593918,-72.63680387593918
2714.2600761270523,-72.63693485235872,-72.63693485235872
2714.270076127052,-72.6370772076168,-72.6370772076168
2714.2800761270523,-72.63723098336538,-72.63723098336538
2714.290076127052,-72.6373962199601,-72.6373962199601
2714.3000761270523,-72.63757295648405,-72.63757295648405
2714.3100761270525,-72.6377612307619,-72.6377612307619
2714.3200761270523,-72.63796107938192,-72.63796107938192
2714.3300761270525,-72.638172537718,-72.638172537718
2714.3400761270523,-72.63839563995039,-72.63839563995039
2714.3500761270525,-72.63863041907321,-72.63863041907321
2714.3600761270523,-72.63887690691615,-72.63887690691615
2714.3700761270525,-72.63913513416351,-72.63913513416351
2714.3800761270522,-72.6394051303677,-72.6394051303677
2714.3900761270525,-72.6396869239819,-72.6396869239819
2714.400076127052,-72.63998054235337,-72.63998054235337
2714.4100761270524,-72.64028601174672,-72.64028601174672
2714.420076127052,-72.64060335738873,-72.64060335738873
2714.4300761270524,-72.64093260343445,-72.64093260343445
2714.440076127052,-72.6412737730298,-72.6412737730298
2714.4500761270524,-72.64162688829578,-72.64162688829578
2714.460076127052,-72.6419919703623,-72.6419919703623
2714.4700761270524,-72.64236903938166,-72.64236903938166
2714.480076127052,-72.64275811452418,-72.64275811452418
2714.4900761270524,-72.6431592140231,-72.6431592140231
2714.500076127052,-72.64357235516843,-72.64357235516843
2714.5100761270523,-72.64399755433367,-72.64399755433367
2714.520076127052,-72.64443482697368,-72.64443482697368
2714.5300761270523,-72.6448841876672,-72.6448841876672
2714.540076127052,-72.64534565009015,-72.64534565009015
2714.5500761270523,-72.6458192270699,-72.6458192270699
2714.5600761270525,-72.6463049305794,-72.6463049305794
2714.5700761270523,-72.64680277175279,-72.64680277175279
2714.5800761270525,-72.64731276090446,-72.64731276090446
2714.5900761270523,-72.64783490752083,-72.64783490752083
2714.6000761270525,-72.64836922030365,-72.64836922030365
2714.6100761270523,-72.64891570716688,-72.64891570716688
2714.6200761270525,-72.64947437525166,-72.64947437525166
2714.6300761270522,-72.65004523092745,-72.65004523092745
2714.6400761270525,-72.65062827982247,-72.65062827982247
2714.650076127052,-72.65122352683802,-72.65122352683802
2714.6600761270524,-72.65183097613604,-72.65183097613604
2714.670076127052,-72.652450631173,-72.652450631173
2714.6800761270524,-72.65308249469221,-72.65308249469221
2714.690076127052,-72.65372656876706,-72.65372656876706
2714.7000761270524,-72.65438285478024,-72.65438285478024
2714.710076127052,-72.65505135343666,-72.65505135343666
2714.7200761270524,-72.65573206481182,-72.65573206481182
2714.730076127052,-72.65642498831426,-72.65642498831426
2714.7400761270524,-72.65713012271347,-72.65713012271347
2714.750076127052,-72.65784746616475,-72.65784746616475
2714.7600761270523,-72.65857701620821,-72.65857701620821
2714.770076127052,-72.65931876978604,-72.65931876978604
2714.7800761270523,-72.66007272322632,-72.66007272322632
2714.790076127052,-72.6608388722984,-72.6608388722984
2714.8000761270523,-72.66161721217215,-72.66161721217215
2714.8100761270525,-72.6624077374694,-72.6624077374694
2714.8200761270523,-72.6632104422494,-72.6632104422494
2714.8300761270525,-72.66402532002427,-72.66402532002427
2714.8400761270523,-72.66485236377638,-72.66485236377638
2714.8500761270525,-72.66569156595254,-72.66569156595254
2714.8600761270523,-72.66654291849133,-72.66654291849133
2714.8700761270525,-72.66740641279334,-72.66740641279334
2714.8800761270522,-72.66828203979867,-72.66828203979867
2714.8900761270525,-72.66916978993048,-72.66916978993048
2714.900076150894,-72.67006965526873,-72.67006965526873
2714.9100761508944,-72.67098162103164,-72.67098162103164
2714.920076150894,-72.67190567832006,-72.67190567832006
2714.9300761508944,-72.67284181567534,-72.67284181567534
2714.940076150894,-72.67379002118959,-72.67379002118959
2714.9500761508943,-72.67475028249959,-72.67475028249959
2714.960076150894,-72.67572258682154,-72.67572258682154
2714.9700761508943,-72.6767069209226,-72.6767069209226
2714.980076150894,-72.67770327116254,-72.67770327116254
2714.9900761508943,-72.67871162348595,-72.67871162348595
2715.000076150894,-72.67973196343495,-72.67973196343495
2715.0100761508943,-72.6807642761407,-72.6807642761407
2715.020076150894,-72.68180854635419,-72.68180854635419
2715.0300761508943,-72.68286475843337,-72.68286475843337
2715.040076150894,-72.68393289636109,-72.68393289636109
2715.0500761508943,-72.6850129437503,-72.6850129437503
2715.060076150894,-72.68610488384289,-72.68610488384289
2715.0700761508942,-72.68720869953603,-72.68720869953603
2715.080076150894,-72.68832437335784,-72.68832437335784
2715.090076150894,-72.68945188750249,-72.68945188750249
2715.100076150894,-72.69059122381792,-72.69059122381792
2715.110076150894,-72.6917423638298,-72.6917423638298
2715.120076150894,-72.69290528872887,-72.69290528872887
2715.130076150894,-72.69407997938424,-72.69407997938424
2715.140076150894,-72.69526641635916,-72.69526641635916
2715.150076150894,-72.6964645798942,-72.6964645798942
2715.1600761508944,-72.69767444994487,-72.69767444994487
2715.170076150894,-72.69889600615247,-72.69889600615247
2715.1800761508944,-72.70012922787448,-72.70012922787448
2715.190076150894,-72.70137409418257,-72.70137409418257
2715.2000761508943,-72.70263058386459,-72.70263058386459
2715.210076150894,-72.70389867543592,-72.70389867543592
2715.2200761508943,-72.70517834714089,-72.70517834714089
2715.230076150894,-72.70646957696067,-72.70646957696067
2715.2400761508943,-72.70777234260456,-72.70777234260456
2715.250076150894,-72.70908662154146,-72.70908662154146
2715.2600761508943,-72.71041239099074,-72.71041239099074
2715.270076150894,-72.71174962791257,-72.71174962791257
2715.2800761508943,-72.71309830904761,-72.71309830904761
2715.290076150894,-72.71445841088304,-72.71445841088304
2715.3000761508943,-72.71582990968393,-72.71582990968393
2715.310076150894,-72.71721278148209,-72.71721278148209
2715.3200761508942,-72.71860700210325,-72.71860700210325
2715.330076150894,-72.72001254714186,-72.72001254714186
2715.340076150894,-72.72142939198388,-72.72142939198388
2715.350076150894,-72.72285751181063,-72.72285751181063
2715.360076150894,-72.72429688158817,-72.72429688158817
2715.370076150894,-72.7257474761059,-72.7257474761059
2715.380076150894,-72.72720926993523,-72.72720926993523
2715.390076150894,-72.7286822374633,-72.7286822374633
2715.400076150894,-72.7301663528958,-72.7301663528958
2715.4100761508944,-72.73166159024093,-72.73166159024093
2715.420076150894,-72.73316792334676,-72.73316792334676
2715.4300761508944,-72.7346853258697,-72.7346853258697
2715.440076150894,-72.73621377130918,-72.73621377130918
2715.4500761508943,-72.73775323298459,-72.73775323298459
2715.460076150894,-72.73930368405387,-72.73930368405387
2715.4700761508943,-72.74086509751659,-72.74086509751659
2715.480076150894,-72.74243744621565,-72.74243744621565
2715.4900761508943,-72.74402070283587,-72.74402070283587
2715.500076150894,-72.7456148399233,-72.7456148399233
2715.5100761508943,-72.74721982986271,-72.74721982986271
2715.520076150894,-72.74883564490906,-72.74883564490906
2715.5300761508943,-72.75046225717136,-72.75046225717136
2715.540076150894,-72.7520996386203,-72.7520996386203
2715.5500761508943,-72.75374776109827,-72.75374776109827
2715.560076150894,-72.75540659631544,-72.75540659631544
2715.5700761508942,-72.75707611584821,-72.75707611584821
2715.580076150894,-72.75875629116798,-72.75875629116798
2715.590076150894,-72.76044709360637,-72.76044709360637
2715.600076150894,-72.76214849438881,-72.76214849438881
2715.610076150894,-72.76386046461492,-72.76386046461492
2715.620076150894,-72.76558297529076,-72.76558297529076
2715.630076150894,-72.76731599730049,-72.76731599730049
2715.640076150894,-72.76905950142647,-72.76905950142647
2715.650076150894,-72.77081345834094,-72.77081345834094
2715.6600761508944,-72.77257783862082,-72.77257783862082
2715.670076150894,-72.77435261275015,-72.77435261275015
2715.6800761508944,-72.776137751117,-72.776137751117
2715.690076150894,-72.77789328362199,-72.77789328362199
2715.7000761508943,-72.77961437784707,-72.77961437784707
2715.710076150894,-72.78129911587862,-72.78129911587862
2715.7200761508943,-72.78294572353715,-72.78294572353715
2715.730076150894,-72.78455258596587,-72.78455258596587
2715.7400761508943,-72.78611828394037,-72.78611828394037
2715.750076174736,-72.78764157256677,-72.78764157256677
2715.7600761747362,-72.78912133374828,-72.78912133374828
2715.770076174736,-72.79055657492601,-72.79055657492601
2715.780076174736,-72.7919463996801,-72.7919463996801
2715.790076174736,-72.79329000385098,-72.79329000385098
2715.800076174736,-72.79458667077995,-72.79458667077995
2715.810076174736,-72.79583576812601,-72.79583576812601
2715.820076174736,-72.79703674507317,-72.79703674507317
2715.830076174736,-72.79818912958794,-72.79818912958794
2715.840076174736,-72.79929252539677,-72.79929252539677
2715.850076174736,-72.80034660883959,-72.80034660883959
2715.860076174736,-72.80135112545894,-72.80135112545894
2715.870076174736,-72.80230588655594,-72.80230588655594
2715.880076174736,-72.80321076561434,-72.80321076561434
2715.890076174736,-72.80406569477934,-72.80406569477934
2715.900076174736,-72.80487066137881,-72.80487066137881
2715.910076174736,-72.80562570449172,-72.80562570449172
2715.920076174736,-72.80633091164219,-72.80633091164219
2715.930076174736,-72.80698641561547,-72.80698641561547
2715.940076174736,-72.80759239140552,-72.80759239140552
2715.950076174736,-72.80814905328558,-72.80814905328558
2715.960076174736,-72.80865030106447,-72.80865030106447
2715.970076174736,-72.8090936371801,-72.8090936371801
2715.980076174736,-72.80947802301435,-72.80947802301435
2715.990076174736,-72.80980311039094,-72.80980311039094
2716.000076174736,-72.81006894678198,-72.81006894678198
2716.0100761747362,-72.81027582113556,-72.81027582113556
2716.020076174736,-72.81042417270649,-72.81042417270649
2716.030076174736,-72.81051453556422,-72.81051453556422
2716.040076174736,-72.81054750455596,-72.81054750455596
2716.050076174736,-72.81052371428403,-72.81052371428403
2716.060076174736,-72.81044382599224,-72.81044382599224
2716.070076174736,-72.8103085193121,-72.8103085193121
2716.080076174736,-72.81011848698485,-72.81011848698485
2716.090076174736,-72.80987443145906,-72.80987443145906
2716.100076174736,-72.80957706258457,-72.80957706258457
2716.110076174736,-72.80922709606772,-72.80922709606772
2716.120076174736,-72.80882525234958,-72.80882525234958
2716.130076174736,-72.80837225576308,-72.80837225576308
2716.140076174736,-72.80786883382687,-72.80786883382687
2716.150076174736,-72.80731571668686,-72.80731571668686
2716.160076174736,-72.80671363659908,-72.80671363659908
2716.170076174736,-72.80606332745695,-72.80606332745695
2716.180076174736,-72.80536552435,-72.80536552435
2716.190076174736,-72.80462096313127,-72.80462096313127
2716.200076174736,-72.80383038000015,-72.80383038000015
2716.210076174736,-72.80298816207991,-72.80298816207991
2716.220076174736,-72.80209226403176,-72.80209226403176
2716.230076174736,-72.80114206729942,-72.80114206729942
2716.240076174736,-72.80013761379406,-72.80013761379406
2716.250076174736,-72.79907931295968,-72.79907931295968
2716.2600761747362,-72.79796778933202,-72.79796778933202
2716.270076174736,-72.79680379296153,-72.79680379296153
2716.280076174736,-72.79558814547161,-72.79558814547161
2716.290076174736,-72.794321707441,-72.794321707441
2716.300076174736,-72.79300535874127,-72.79300535874127
2716.310076174736,-72.79163998668713,-72.79163998668713
2716.320076174736,-72.79022647895977,-72.79022647895977
2716.330076174736,-72.7887657194904,-72.7887657194904
2716.340076174736,-72.7872585860662,-72.7872585860662
2716.350076174736,-72.78570594903819,-72.78570594903819
2716.360076174736,-72.78410867070167,-72.78410867070167
2716.370076174736,-72.78246760503087,-72.78246760503087
2716.380076174736,-72.78078359765796,-72.78078359765796
2716.390076174736,-72.7790574859289,-72.7790574859289
2716.400076174736,-72.7772900990676,-72.7772900990676
2716.410076174736,-72.77548225831322,-72.77548225831322
2716.420076174736,-72.77363477709835,-72.77363477709835
2716.430076174736,-72.77174846116029,-72.77174846116029
2716.440076174736,-72.76982410871143,-72.76982410871143
2716.450076174736,-72.76786251049788,-72.76786251049788
2716.460076174736,-72.765864449903,-72.765864449903
2716.470076174736,-72.76383070304405,-72.76383070304405
2716.480076174736,-72.76176203877502,-72.76176203877502
2716.490076174736,-72.75965921877774,-72.75965921877774
2716.500076174736,-72.75752299756236,-72.75752299756236
2716.5100761747362,-72.75535412248011,-72.75535412248011
2716.520076174736,-72.75315333377384,-72.75315333377384
2716.530076174736,-72.75092136455335,-72.75092136455335
2716.540076174736,-72.74865894080166,-72.74865894080166
2716.550076174736,-72.74636678138741,-72.74636678138741
2716.560076174736,-72.74404559806966,-72.74404559806966
2716.570076174736,-72.7416960954749,-72.7416960954749
2716.580076174736,-72.73931897111363,-72.73931897111363
2716.590076174736,-72.7369149153724,-72.7369149153724
2716.600076198578,-72.73448460570455,-72.73448460570455
2716.610076198578,-72.73202872974645,-72.73202872974645
2716.620076198578,-72.72954795080516,-72.72954795080516
2716.630076198578,-72.72704293075833,-72.72704293075833
2716.640076198578,-72.72451432435932,-72.72451432435932
2716.650076198578,-72.72196277926513,-72.72196277926513
2716.660076198578,-72.71938893601887,-72.71938893601887
2716.670076198578,-72.7167934280874,-72.7167934280874
2716.680076198578,-72.71417688184785,-72.71417688184785
2716.690076198578,-72.71153991661649,-72.71153991661649
2716.700076198578,-72.7088831446723,-72.7088831446723
2716.710076198578,-72.70620717126182,-72.70620717126182
2716.7200761985778,-72.70351259462836,-72.70351259462836
2716.730076198578,-72.70080000602935,-72.70080000602935
2716.7400761985778,-72.69806998978,-72.69806998978
2716.750076198578,-72.69532312325813,-72.69532312325813
2716.7600761985777,-72.69255997695451,-72.69255997695451
2716.770076198578,-72.68978111447485,-72.68978111447485
2716.7800761985777,-72.68698709260417,-72.68698709260417
2716.790076198578,-72.6841784613327,-72.6841784613327
2716.8000761985777,-72.68135576387526,-72.68135576387526
2716.810076198578,-72.67851953672324,-72.67851953672324
2716.8200761985777,-72.67567030968219,-72.67567030968219
2716.830076198578,-72.67280860592014,-72.67280860592014
2716.8400761985777,-72.6699349419776,-72.6699349419776
2716.850076198578,-72.66704982786234,-72.66704982786234
2716.860076198578,-72.66415376703455,-72.66415376703455
2716.870076198578,-72.66124725648923,-72.66124725648923
2716.880076198578,-72.6583307868056,-72.6583307868056
2716.890076198578,-72.6554048421657,-72.6554048421657
2716.900076198578,-72.65246990042984,-72.65246990042984
2716.910076198578,-72.64952643315863,-72.64952643315863
2716.920076198578,-72.64657490568267,-72.64657490568267
2716.930076198578,-72.64361577715304,-72.64361577715304
2716.940076198578,-72.64064950057062,-72.64064950057062
2716.950076198578,-72.63767652285931,-72.63767652285931
2716.960076198578,-72.63469728490313,-72.63469728490313
2716.9700761985778,-72.63171222160334,-72.63171222160334
2716.980076198578,-72.62872176193235,-72.62872176193235
2716.9900761985778,-72.62572632898716,-72.62572632898716
2717.000076198578,-72.62272634003595,-72.62272634003595
2717.0100761985777,-72.61972220657616,-72.61972220657616
2717.020076198578,-72.61671433438417,-72.61671433438417
2717.0300761985777,-72.6137031235801,-72.6137031235801
2717.040076198578,-72.61068896866276,-72.61068896866276
2717.0500761985777,-72.60767225857798,-72.60767225857798
2717.060076198578,-72.60465337676781,-72.60465337676781
2717.0700761985777,-72.60163270122558,-72.60163270122558
2717.080076198578,-72.59861060454631,-72.59861060454631
2717.0900761985777,-72.59558745399596,-72.59558745399596
2717.100076198578,-72.5925636115354,-72.5925636115354
2717.110076198578,-72.58953943390047,-72.58953943390047
2717.120076198578,-72.58651527266375,-72.58651527266375
2717.130076198578,-72.58349147424312,-72.58349147424312
2717.140076198578,-72.58046838001974,-72.58046838001974
2717.150076198578,-72.57744632632239,-72.57744632632239
2717.160076198578,-72.57442564453696,-72.57442564453696
2717.170076198578,-72.57140666113554,-72.57140666113554
2717.180076198578,-72.56838969772734,-72.56838969772734
2717.190076198578,-72.56537507111724,-72.56537507111724
2717.200076198578,-72.56236309336373,-72.56236309336373
2717.210076198578,-72.55934774811111,-72.55934774811111
2717.2200761985778,-72.55632656900117,-72.55632656900117
2717.230076198578,-72.5532985079511,-72.5532985079511
2717.2400761985778,-72.5502631720875,-72.5502631720875
2717.250076198578,-72.54722053207472,-72.54722053207472
2717.2600761985777,-72.54417077045011,-72.54417077045011
2717.270076198578,-72.5411141925736,-72.5411141925736
2717.2800761985777,-72.53805117312754,-72.53805117312754
2717.290076198578,-72.53498212388018,-72.53498212388018
2717.3000761985777,-72.53190747434836,-72.53190747434836
2717.310076198578,-72.5288276602925,-72.5288276602925
2717.3200761985777,-72.52574311693951,-72.52574311693951
2717.330076198578,-72.52265427515711,-72.52265427515711
2717.3400761985777,-72.51956155932433,-72.51956155932433
2717.350076198578,-72.51646538633332,-72.51646538633332
2717.360076198578,-72.51336616517317,-72.51336616517317
2717.370076198578,-72.51026429694447,-72.51026429694447
2717.380076198578,-72.50716017502864,-72.50716017502864
2717.390076198578,-72.50405418539097,-72.50405418539097
2717.400076198578,-72.50094670690403,-72.50094670690403
2717.410076198578,-72.49783811170937,-72.49783811170937
2717.420076198578,-72.49472876554836,-72.49472876554836
2717.430076198578,-72.49161902805852,-72.49161902805852
2717.440076198578,-72.4885092530665,-72.4885092530665
2717.4500762224197,-72.48539978142101,-72.48539978142101
2717.46007622242,-72.48228465465252,-72.48228465465252
2717.4700762224197,-72.47916143775865,-72.47916143775865
2717.48007622242,-72.47602911946899,-72.47602911946899
2717.4900762224197,-72.47288734275753,-72.47288734275753
2717.50007622242,-72.46973611355514,-72.46973611355514
2717.5100762224197,-72.46657564932056,-72.46657564932056
2717.52007622242,-72.46340629011974,-72.46340629011974
2717.5300762224197,-72.46022844522322,-72.46022844522322
2717.54007622242,-72.45704256090497,-72.45704256090497
2717.5500762224196,-72.45384910119297,-72.45384910119297
2717.56007622242,-72.45064853637008,-72.45064853637008
2717.5700762224196,-72.44744133619362,-72.44744133619362
2717.58007622242,-72.44422796608698,-72.44422796608698
2717.5900762224196,-72.4410088850277,-72.4410088850277
2717.60007622242,-72.43778454451957,-72.43778454451957
2717.6100762224196,-72.4345553882131,-72.4345553882131
2717.62007622242,-72.43132185186055,-72.43132185186055
2717.6300762224196,-72.42808436351362,-72.42808436351362
2717.64007622242,-72.42484334379012,-72.42484334379012
2717.6500762224196,-72.42159920620708,-72.42159920620708
2717.66007622242,-72.4183523574956,-72.4183523574956
2717.6700762224195,-72.41510319796276,-72.41510319796276
2717.6800762224198,-72.41185212172648,-72.41185212172648
2717.6900762224195,-72.40859951702129,-72.40859951702129
2717.7000762224197,-72.40534576641811,-72.40534576641811
2717.71007622242,-72.40208493906574,-72.40208493906574
2717.7200762224197,-72.39881464564513,-72.39881464564513
2717.73007622242,-72.39553391143251,-72.39553391143251
2717.7400762224197,-72.39224241501522,-72.39224241501522
2717.75007622242,-72.38894019733186,-72.38894019733186
2717.7600762224197,-72.38562751037605,-72.38562751037605
2717.77007622242,-72.38230472839305,-72.38230472839305
2717.7800762224197,-72.37897229449617,-72.37897229449617
2717.79007622242,-72.37563068852599,-72.37563068852599
2717.8000762224196,-72.37228040778204,-72.37228040778204
2717.81007622242,-72.36892195550384,-72.36892195550384
2717.8200762224196,-72.36555583416867,-72.36555583416867
2717.83007622242,-72.36218254158202,-72.36218254158202
2717.8400762224196,-72.35880256883463,-72.35880256883463
2717.85007622242,-72.35541639923635,-72.35541639923635
2717.8600762224196,-72.35202450794667,-72.35202450794667
2717.87007622242,-72.3486273618808,-72.3486273618808
2717.8800762224196,-72.3452254199501,-72.3452254199501
2717.89007622242,-72.34181913330981,-72.34181913330981
2717.9000762224196,-72.33840894566595,-72.33840894566595
2717.91007622242,-72.33499529362399,-72.33499529362399
2717.9200762224195,-72.33157860698324,-72.33157860698324
2717.9300762224198,-72.32815930905154,-72.32815930905154
2717.9400762224195,-72.32473781687474,-72.32473781687474
2717.9500762224197,-72.32131454148642,-72.32131454148642
2717.96007622242,-72.31788988812416,-72.31788988812416
2717.9700762224197,-72.31446425639446,-72.31446425639446
2717.98007622242,-72.31103804041955,-72.31103804041955
2717.9900762224197,-72.30761162899626,-72.30761162899626
2718.00007622242,-72.3041854056893,-72.3041854056893
2718.0100762224197,-72.30075974897008,-72.30075974897008
2718.02007622242,-72.29733503225323,-72.29733503225323
2718.0300762224197,-72.29391162402077,-72.29391162402077
2718.04007622242,-72.29048988785156,-72.29048988785156
2718.0500762224196,-72.2870701825203,-72.2870701825203
2718.06007622242,-72.28365286201695,-72.28365286201695
2718.0700762224196,-72.2802382756112,-72.2802382756112
2718.08007622242,-72.27682676787914,-72.27682676787914
2718.0900762224196,-72.27341867876734,-72.27341867876734
2718.10007622242,-72.27001434361264,-72.27001434361264
2718.1100762224196,-72.26661409318625,-72.26661409318625
2718.12007622242,-72.26321825369153,-72.26321825369153
2718.1300762224196,-72.25982714685533,-72.25982714685533
2718.14007622242,-72.2564410899033,-72.2564410899033
2718.1500762224196,-72.25306039560803,-72.25306039560803
2718.16007622242,-72.24968537231413,-72.24968537231413
2718.1700762224195,-72.24631632398942,-72.24631632398942
2718.1800762224198,-72.24295355019497,-72.24295355019497
2718.1900762224195,-72.23959734617978,-72.23959734617978
2718.2000762224197,-72.236248002861,-72.236248002861
2718.21007622242,-72.23289951577394,-72.23289951577394
2718.2200762224197,-72.2295494148065,-72.2295494148065
2718.23007622242,-72.22619664186169,-72.22619664186169
2718.2400762224197,-72.22284079117986,-72.22284079117986
2718.25007622242,-72.21948181902246,-72.21948181902246
2718.2600762224197,-72.216119892648,-72.216119892648
2718.27007622242,-72.21275530168158,-72.21275530168158
2718.2800762224197,-72.20938840478489,-72.20938840478489
2718.29007622242,-72.20601959757383,-72.20601959757383
2718.3000762462616,-72.20264928535255,-72.20264928535255
2718.310076246262,-72.1992779036968,-72.1992779036968
2718.3200762462616,-72.1959058636113,-72.1959058636113
2718.330076246262,-72.19253357975926,-72.19253357975926
2718.3400762462616,-72.18916146033921,-72.18916146033921
2718.350076246262,-72.18578990606078,-72.18578990606078
2718.3600762462615,-72.1824193097674,-72.1824193097674
2718.3700762462618,-72.17905005639602,-72.17905005639602
2718.3800762462615,-72.1756825231838,-72.1756825231838
2718.3900762462617,-72.17231707993832,-72.17231707993832
2718.4000762462615,-72.16895408937006,-72.16895408937006
2718.4100762462617,-72.1655939074369,-72.1655939074369
2718.4200762462615,-72.16223688366665,-72.16223688366665
2718.4300762462617,-72.1588833614686,-72.1588833614686
2718.4400762462615,-72.155533678392,-72.155533678392
2718.4500762462617,-72.15218816639992,-72.15218816639992
2718.4600762462615,-72.14884715206843,-72.14884715206843
2718.4700762462617,-72.14551095676602,-72.14551095676602
2718.4800762462614,-72.14217989685638,-72.14217989685638
2718.4900762462617,-72.13885428382646,-72.13885428382646
2718.5000762462614,-72.13553442441402,-72.13553442441402
2718.5100762462616,-72.13222062074308,-72.13222062074308
2718.5200762462614,-72.12891317037811,-72.12891317037811
2718.5300762462616,-72.12561236646742,-72.12561236646742
2718.5400762462614,-72.12231849778657,-72.12231849778657
2718.5500762462616,-72.11903184882077,-72.11903184882077
2718.560076246262,-72.11575269980504,-72.11575269980504
2718.5700762462616,-72.1124813268254,-72.1124813268254
2718.580076246262,-72.10921800182719,-72.10921800182719
2718.5900762462616,-72.10596299268003,-72.10596299268003
2718.600076246262,-72.10271656321848,-72.10271656321848
2718.6100762462615,-72.09947897329182,-72.09947897329182
2718.6200762462618,-72.09625047877492,-72.09625047877492
2718.6300762462615,-72.09303133164093,-72.09303133164093
2718.6400762462617,-72.08982177996226,-72.08982177996226
2718.6500762462615,-72.08662206797099,-72.08662206797099
2718.6600762462617,-72.08343243607767,-72.08343243607767
2718.6700762462615,-72.08025312089867,-72.08025312089867
2718.6800762462617,-72.07708435529509,-72.07708435529509
2718.6900762462615,-72.07392636840656,-72.07392636840656
2718.7000762462617,-72.07077938566343,-72.07077938566343
2718.7100762462615,-72.06764362882964,-72.06764362882964
2718.7200762462617,-72.06451931604104,-72.06451931604104
2718.7300762462614,-72.061406661828,-72.061406661828
2718.7400762462617,-72.05830587711125,-72.05830587711125
2718.7500762462614,-72.0552171692938,-72.0552171692938
2718.7600762462616,-72.05214074225425,-72.05214074225425
2718.7700762462614,-72.0490767963795,-72.0490767963795
2718.7800762462616,-72.04602552857683,-72.04602552857683
2718.7900762462614,-72.04298713235909,-72.04298713235909
2718.8000762462616,-72.03996179781606,-72.03996179781606
2718.810076246262,-72.0369497116771,-72.0369497116771
2718.8200762462616,-72.03395105733264,-72.03395105733264
2718.830076246262,-72.03096601485878,-72.03096601485878
2718.8400762462616,-72.02799476107135,-72.02799476107135
2718.850076246262,-72.02503746952051,-72.02503746952051
2718.8600762462615,-72.02209431056694,-72.02209431056694
2718.8700762462618,-72.01916545137674,-72.01916545137674
2718.8800762462615,-72.01625105595494,-72.01625105595494
2718.8900762462617,-72.01335128519187,-72.01335128519187
2718.9000762462615,-72.01046629690707,-72.01046629690707
2718.9100762462617,-72.00759624584961,-72.00759624584961
2718.9200762462615,-72.0047412837484,-72.0047412837484
2718.9300762462617,-72.00190155934018,-72.00190155934018
2718.9400762462615,-71.99907721840204,-71.99907721840204
2718.9500762462617,-71.99626840377466,-71.99626840377466
2718.9600762462615,-71.99347525542235,-71.99347525542235
2718.9700762462617,-71.99069791040951,-71.99069791040951
2718.9800762462614,-71.98793650301606,-71.98793650301606
2718.9900762462617,-71.9851911646839,-71.9851911646839
2719.0000762462614,-71.98246202410368,-71.98246202410368
2719.0100762462616,-71.97974920721468,-71.97974920721468
2719.0200762462614,-71.97705283727397,-71.97705283727397
2719.0300762462616,-71.97437303484224,-71.97437303484224
2719.0400762462614,-71.97170991785526,-71.97170991785526
2719.0500762462616,-71.9690636016261,-71.9690636016261
2719.060076246262,-71.96643419889693,-71.96643419889693
2719.0700762462616,-71.96382181986014,-71.96382181986014
2719.080076246262,-71.9612265721856,-71.9612265721856
2719.0900762462616,-71.9586485610655,-71.9586485610655
2719.100076246262,-71.95608788923701,-71.95608788923701
2719.1100762462615,-71.9535446570063,-71.9535446570063
2719.1200762462618,-71.95101896228215,-71.95101896228215
2719.1300762462615,-71.94851090062497,-71.94851090062497
2719.1400762462617,-71.94602056524839,-71.94602056524839
2719.1500762701035,-71.94354804118933,-71.94354804118933
2719.1600762701037,-71.94109342890216,-71.94109342890216
2719.1700762701034,-71.93865680883431,-71.93865680883431
2719.1800762701037,-71.93623826518343,-71.93623826518343
2719.1900762701034,-71.9338378799349,-71.9338378799349
2719.2000762701036,-71.93145573293286,-71.93145573293286
2719.2100762701034,-71.9290856380817,-71.9290856380817
2719.2200762701036,-71.92672493139445,-71.92672493139445
2719.2300762701034,-71.92437235686516,-71.92437235686516
2719.2400762701036,-71.92202730994737,-71.92202730994737
2719.2500762701034,-71.91968954848271,-71.91968954848271
2719.2600762701036,-71.91735904231786,-71.91735904231786
2719.2700762701033,-71.91503588506521,-71.91503588506521
2719.2800762701036,-71.91272024106206,-71.91272024106206
2719.2900762701033,-71.91041231341322,-71.91041231341322
2719.3000762701035,-71.90811232482301,-71.90811232482301
2719.3100762701033,-71.90582050618586,-71.90582050618586
2719.3200762701035,-71.90353708988953,-71.90353708988953
2719.3300762701033,-71.9012623059713,-71.9012623059713
2719.3400762701035,-71.89899638006864,-71.89899638006864
2719.3500762701033,-71.89673953236972,-71.89673953236972
2719.3600762701035,-71.89449197726289,-71.89449197726289
2719.3700762701033,-71.89225392328001,-71.89225392328001
2719.3800762701035,-71.89002557328732,-71.89002557328732
2719.3900762701032,-71.88780712478261,-71.88780712478261
2719.4000762701035,-71.88559877020124,-71.88559877020124
2719.4100762701037,-71.88340069725679,-71.88340069725679
2719.4200762701034,-71.88121308926927,-71.88121308926927
2719.4300762701037,-71.87903612544213,-71.87903612544213
2719.4400762701034,-71.8768699811433,-71.8768699811433
2719.4500762701036,-71.87471482812865,-71.87471482812865
2719.4600762701034,-71.8725645760815,-71.8725645760815
2719.4700762701036,-71.87041665301649,-71.87041665301649
2719.4800762701034,-71.86826989284617,-71.86826989284617
2719.4900762701036,-71.86612377950097,-71.86612377950097
2719.5000762701034,-71.86397815814934,-71.86397815814934
2719.5100762701036,-71.86183308509108,-71.86183308509108
2719.5200762701033,-71.85968873963155,-71.85968873963155
2719.5300762701036,-71.85754537112122,-71.85754537112122
2719.5400762701033,-71.85540326708382,-71.85540326708382
2719.5500762701035,-71.85326273411333,-71.85326273411333
2719.5600762701033,-71.85112408646737,-71.85112408646737
2719.5700762701035,-71.84898763940005,-71.84898763940005
2719.5800762701033,-71.84685370536126,-71.84685370536126
2719.5900762701035,-71.84472259190875,-71.84472259190875
2719.6000762701033,-71.84259460071011,-71.84259460071011
2719.6100762701035,-71.84047002713444,-71.84047002713444
2719.6200762701033,-71.8383491602395,-71.8383491602395
2719.6300762701035,-71.83623228295002,-71.83623228295002
2719.6400762701032,-71.83411967231766,-71.83411967231766
2719.6500762701035,-71.83201159986088,-71.83201159986088
2719.6600762701037,-71.82990833185617,-71.82990833185617
2719.6700762701034,-71.82781012968874,-71.82781012968874
2719.6800762701037,-71.82571725009193,-71.82571725009193
2719.6900762701034,-71.82362994543382,-71.82362994543382
2719.7000762701036,-71.82154846393455,-71.82154846393455
2719.7100762701034,-71.81946679643985,-71.81946679643985
2719.7200762701036,-71.81738244912471,-71.81738244912471
2719.7300762701034,-71.81529433238644,-71.81529433238644
2719.7400762701036,-71.8132020054922,-71.8132020054922
2719.7500762701034,-71.81110538803776,-71.81110538803776
2719.7600762701036,-71.8090046099212,-71.8090046099212
2719.7700762701033,-71.80689992330706,-71.80689992330706
2719.7800762701036,-71.80479164972542,-71.80479164972542
2719.7900762701033,-71.80268014817928,-71.80268014817928
2719.8000762701035,-71.80056579609908,-71.80056579609908
2719.8100762701033,-71.79844897791214,-71.79844897791214
2719.8200762701035,-71.79633007839264,-71.79633007839264
2719.8300762701033,-71.79420947885828,-71.79420947885828
2719.8400762701035,-71.79208755505947,-71.79208755505947
2719.8500762701033,-71.78996467620482,-71.78996467620482
2719.8600762701035,-71.78784120453523,-71.78784120453523
2719.8700762701033,-71.78571749531378,-71.78571749531378
2719.8800762701035,-71.78359389699017,-71.78359389699017
2719.8900762701032,-71.78147075147112,-71.78147075147112
2719.9000762701035,-71.77934839443171,-71.77934839443171
2719.9100762701037,-71.77722715564813,-71.77722715564813
2719.9200762701034,-71.77510735930107,-71.77510735930107
2719.9300762701037,-71.77298932425303,-71.77298932425303
2719.9400762701034,-71.77087336430037,-71.77087336430037
2719.9500762701036,-71.76875978840336,-71.76875978840336
2719.9600762701034,-71.76664890089386,-71.76664890089386
2719.9700762701036,-71.76454100162553,-71.76454100162553
2719.9800762701034,-71.76243638613533,-71.76243638613533
2719.9900762701036,-71.76033534577081,-71.76033534577081
2720.0000762939453,-71.75823816280455,-71.75823816280455
2720.0100762939455,-71.75614513049068,-71.75614513049068
2720.0200762939453,-71.75405652319833,-71.75405652319833
2720.0300762939455,-71.75197261644668,-71.75197261644668
2720.0400762939453,-71.74989368196393,-71.74989368196393
2720.0500762939455,-71.74781998775639,-71.74781998775639
2720.0600762939453,-71.74575179812715,-71.74575179812715
2720.0700762939455,-71.74368937374327,-71.74368937374327
2720.0800762939452,-71.74163297165082,-71.74163297165082
2720.0900762939455,-71.73958284529851,-71.73958284529851
2720.100076293945,-71.73753924458961,-71.73753924458961
2720.1100762939454,-71.73550241588246,-71.73550241588246
2720.120076293945,-71.73347260202388,-71.73347260202388
2720.1300762939454,-71.73145004236687,-71.73145004236687
2720.140076293945,-71.72943497279236,-71.72943497279236
2720.1500762939454,-71.72742762572685,-71.72742762572685
2720.160076293945,-71.72542823016676,-71.72542823016676
2720.1700762939454,-71.72343701169035,-71.72343701169035
2720.180076293945,-71.72145419248018,-71.72145419248018
2720.1900762939454,-71.71947999132776,-71.71947999132776
2720.200076293945,-71.71751462368094,-71.71751462368094
2720.2100762939453,-71.7155583016243,-71.7155583016243
2720.220076293945,-71.7136112339266,-71.7136112339266
2720.2300762939453,-71.71167362605057,-71.71167362605057
2720.240076293945,-71.70974568017661,-71.70974568017661
2720.2500762939453,-71.7078275952,-71.7078275952
2720.2600762939455,-71.70591956678847,-71.70591956678847
2720.2700762939453,-71.70402178738438,-71.70402178738438
2720.2800762939455,-71.70213444621685,-71.70213444621685
2720.2900762939453,-71.70025772933407,-71.70025772933407
2720.3000762939455,-71.69839181961991,-71.69839181961991
2720.3100762939453,-71.69653689682421,-71.69653689682421
2720.3200762939455,-71.6946931375935,-71.6946931375935
2720.3300762939452,-71.69286071546135,-71.69286071546135
2720.3400762939455,-71.69103980090398,-71.69103980090398
2720.350076293945,-71.68923056136306,-71.68923056136306
2720.3600762939454,-71.68743316124124,-71.68743316124124
2720.370076293945,-71.6856477619758,-71.6856477619758
2720.3800762939454,-71.68387452201402,-71.68387452201402
2720.390076293945,-71.68211359687879,-71.68211359687879
2720.4000762939454,-71.68036513915771,-71.68036513915771
2720.410076293945,-71.67862929856852,-71.67862929856852
2720.4200762939454,-71.67690622196491,-71.67690622196491
2720.430076293945,-71.67519605335006,-71.67519605335006
2720.4400762939454,-71.67349893394189,-71.67349893394189
2720.450076293945,-71.67181500217116,-71.67181500217116
2720.4600762939453,-71.67013815427448,-71.67013815427448
2720.470076293945,-71.66846579606919,-71.66846579606919
2720.4800762939453,-71.66679673543716,-71.66679673543716
2720.490076293945,-71.66513042835614,-71.66513042835614
2720.5000762939453,-71.66340165662926,-71.66340165662926
2720.5100762939455,-71.6615888859644,-71.6615888859644
2720.5200762939453,-71.65968507265308,-71.65968507265308
2720.5300762939455,-71.65768793012606,-71.65768793012606
2720.5400762939453,-71.65559695939949,-71.65559695939949
2720.5500762939455,-71.6534124336939,-71.6534124336939
2720.5600762939453,-71.65113500778962,-71.65113500778962
2720.5700762939455,-71.64876555361272,-71.64876555361272
2720.5800762939452,-71.64630508572459,-71.64630508572459
2720.5900762939455,-71.6437547245506,-71.6437547245506
2720.600076293945,-71.64111567575446,-71.64111567575446
2720.6100762939454,-71.63838921660246,-71.63838921660246
2720.620076293945,-71.63557668530522,-71.63557668530522
2720.6300762939454,-71.6326794718012,-71.6326794718012
2720.640076293945,-71.62969900941883,-71.62969900941883
2720.6500762939454,-71.62663676707207,-71.62663676707207
2720.660076293945,-71.62349424218003,-71.62349424218003
2720.6700762939454,-71.62027295418646,-71.62027295418646
2720.680076293945,-71.61697443871165,-71.61697443871165
2720.6900762939454,-71.61360024239346,-71.61360024239346
2720.700076293945,-71.6101519182864,-71.6101519182864
2720.7100762939453,-71.60663102190006,-71.60663102190006
2720.720076293945,-71.60303910774012,-71.60303910774012
2720.7300762939453,-71.59937772636096,-71.59937772636096
2720.740076293945,-71.59564842179402,-71.59564842179402
2720.7500762939453,-71.59185272942838,-71.59185272942838
2720.7600762939455,-71.58799217416048,-71.58799217416048
2720.7700762939453,-71.58406826890793,-71.58406826890793
2720.7800762939455,-71.58008251328356,-71.58008251328356
2720.7900762939453,-71.57603639257823,-71.57603639257823
2720.8000762939455,-71.57193137685093,-71.57193137685093
2720.8100762939453,-71.56776892025816,-71.56776892025816
2720.8200762939455,-71.56355046046004,-71.56355046046004
2720.8300762939452,-71.55927741815248,-71.55927741815248
2720.8400762939455,-71.55495119672408,-71.55495119672408
2720.850076317787,-71.55057317156663,-71.55057317156663
2720.8600763177874,-71.54614473136715,-71.54614473136715
2720.870076317787,-71.54166721608674,-71.54166721608674
2720.8800763177874,-71.53714195781737,-71.53714195781737
2720.890076317787,-71.53257027063745,-71.53257027063745
2720.9000763177874,-71.52795345059184,-71.52795345059184
2720.910076317787,-71.52329277573786,-71.52329277573786
2720.9200763177873,-71.51858950617138,-71.51858950617138
2720.930076317787,-71.513844884144,-71.513844884144
2720.9400763177873,-71.50906013413083,-71.50906013413083
2720.950076317787,-71.50423646296507,-71.50423646296507
2720.9600763177873,-71.49937505997693,-71.49937505997693
2720.970076317787,-71.49447709712847,-71.49447709712847
2720.9800763177873,-71.4895437291623,-71.4895437291623
2720.990076317787,-71.48457609377851,-71.48457609377851
2721.0000763177873,-71.4795753117809,-71.4795753117809
2721.010076317787,-71.47454248728305,-71.47454248728305
2721.0200763177872,-71.4694787078532,-71.4694787078532
2721.030076317787,-71.46438504472165,-71.46438504472165
2721.040076317787,-71.45926255295207,-71.45926255295207
2721.050076317787,-71.45411227163268,-71.45411227163268
2721.060076317787,-71.44893522405958,-71.44893522405958
2721.070076317787,-71.44373241794517,-71.44373241794517
2721.080076317787,-71.43850484558325,-71.43850484558325
2721.090076317787,-71.43325348405625,-71.43325348405625
2721.100076317787,-71.42797929541385,-71.42797929541385
2721.1100763177874,-71.4226832268793,-71.4226832268793
2721.120076317787,-71.41736621100915,-71.41736621100915
2721.1300763177874,-71.41202916592624,-71.41202916592624
2721.140076317787,-71.40667299547668,-71.40667299547668
2721.1500763177874,-71.40129858940273,-71.40129858940273
2721.160076317787,-71.39590682357083,-71.39590682357083
2721.1700763177873,-71.39049856011069,-71.39049856011069
2721.180076317787,-71.385074647632,-71.385074647632
2721.1900763177873,-71.37963592138868,-71.37963592138868
2721.200076317787,-71.37418320345127,-71.37418320345127
2721.2100763177873,-71.36871730289471,-71.36871730289471
2721.220076317787,-71.36323901597896,-71.36323901597896
2721.2300763177873,-71.35774912631311,-71.35774912631311
2721.240076317787,-71.3522484050225,-71.3522484050225
2721.2500763177873,-71.34673761091375,-71.34673761091375
2721.260076317787,-71.34121749068895,-71.34121749068895
2721.2700763177872,-71.33568877903845,-71.33568877903845
2721.280076317787,-71.3301521988605,-71.3301521988605
2721.290076317787,-71.32460846140448,-71.32460846140448
2721.300076317787,-71.31905826642337,-71.31905826642337
2721.310076317787,-71.31350230234848,-71.31350230234848
2721.320076317787,-71.30794124643323,-71.30794124643323
2721.330076317787,-71.30237576489768,-71.30237576489768
2721.340076317787,-71.29680651311658,-71.29680651311658
2721.350076317787,-71.29123413573281,-71.29123413573281
2721.3600763177874,-71.28565926682867,-71.28565926682867
2721.370076317787,-71.28008253005135,-71.28008253005135
2721.3800763177874,-71.27450453878573,-71.27450453878573
2721.390076317787,-71.2689258962701,-71.2689258962701
2721.4000763177874,-71.26334719575019,-71.26334719575019
2721.410076317787,-71.25776902061644,-71.25776902061644
2721.4200763177873,-71.25219194454868,-71.25219194454868
2721.430076317787,-71.2466165316312,-71.2466165316312
2721.4400763177873,-71.241043336502,-71.241043336502
2721.450076317787,-71.23547290450234,-71.23547290450234
2721.4600763177873,-71.22990577175212,-71.22990577175212
2721.470076317787,-71.22434246533794,-71.22434246533794
2721.4800763177873,-71.21878350341143,-71.21878350341143
2721.490076317787,-71.21322939531436,-71.21322939531436
2721.5000763177873,-71.20768064169731,-71.20768064169731
2721.510076317787,-71.20213773466031,-71.20213773466031
2721.5200763177872,-71.19660115785334,-71.19660115785334
2721.530076317787,-71.19107138661266,-71.19107138661266
2721.540076317787,-71.18554888805168,-71.18554888805168
2721.550076317787,-71.18003412121277,-71.18003412121277
2721.560076317787,-71.17452753715048,-71.17452753715048
2721.570076317787,-71.16902957905864,-71.16902957905864
2721.580076317787,-71.1635406823635,-71.1635406823635
2721.590076317787,-71.1580612748621,-71.1580612748621
2721.600076317787,-71.15259177680656,-71.15259177680656
2721.6100763177874,-71.14713260102066,-71.14713260102066
2721.620076317787,-71.14168415299349,-71.14168415299349
2721.6300763177874,-71.13624683100193,-71.13624683100193
2721.640076317787,-71.13082102619471,-71.13082102619471
2721.6500763177874,-71.1254071227034,-71.1254071227034
2721.660076317787,-71.12000549773703,-71.12000549773703
2721.6700763177873,-71.11461652167567,-71.11461652167567
2721.680076317787,-71.10924055818462,-71.10924055818462
2721.6900763177873,-71.10387796429167,-71.10387796429167
2721.700076341629,-71.09852907774496,-71.09852907774496
2721.7100763416292,-71.09319426809358,-71.09319426809358
2721.720076341629,-71.08787386026881,-71.08787386026881
2721.7300763416292,-71.08256818569504,-71.08256818569504
2721.740076341629,-71.0772775696321,-71.0772775696321
2721.750076341629,-71.0720023312373,-71.0720023312373
2721.760076341629,-71.06674278368327,-71.06674278368327
2721.770076341629,-71.0614992342188,-71.0614992342188
2721.780076341629,-71.05627198427236,-71.05627198427236
2721.790076341629,-71.05106132950817,-71.05106132950817
2721.800076341629,-71.04586755995288,-71.04586755995288
2721.810076341629,-71.04069096001531,-71.04069096001531
2721.820076341629,-71.03553180861682,-71.03553180861682
2721.830076341629,-71.0303903792589,-71.0303903792589
2721.840076341629,-71.02526694008544,-71.02526694008544
2721.850076341629,-71.02016175396307,-71.02016175396307
2721.860076341629,-71.01503413351027,-71.01503413351027
2721.870076341629,-71.00986753039624,-71.00986753039624
2721.880076341629,-71.00465305165166,-71.00465305165166
2721.890076341629,-70.99938579883444,-70.99938579883444
2721.900076341629,-70.9940633029491,-70.9940633029491
2721.910076341629,-70.98868454548413,-70.98868454548413
2721.920076341629,-70.9832493475688,-70.9832493475688
2721.930076341629,-70.97775800506331,-70.97775800506331
2721.940076341629,-70.97221107683339,-70.97221107683339
2721.950076341629,-70.96660926443035,-70.96660926443035
2721.9600763416292,-70.96095334495105,-70.96095334495105
2721.970076341629,-70.95524413454949,-70.95524413454949
2721.9800763416292,-70.94948246923845,-70.94948246923845
2721.990076341629,-70.9436691953973,-70.9436691953973
2722.000076341629,-70.93780516549653,-70.93780516549653
2722.010076341629,-70.9318912365399,-70.9318912365399
2722.020076341629,-70.9259282698165,-70.9259282698165
2722.030076341629,-70.91991713121205,-70.91991713121205
2722.040076341629,-70.91385869156615,-70.91385869156615
2722.050076341629,-70.90775382704834,-70.90775382704834
2722.060076341629,-70.9016034192722,-70.9016034192722
2722.070076341629,-70.89540835535789,-70.89540835535789
2722.080076341629,-70.88916952771218,-70.88916952771218
2722.090076341629,-70.8828878337534,-70.8828878337534
2722.100076341629,-70.87656417547008,-70.87656417547008
2722.110076341629,-70.87019945894873,-70.87019945894873
2722.120076341629,-70.86379459378612,-70.86379459378612
2722.130076341629,-70.85735049251623,-70.85735049251623
2722.140076341629,-70.85086806998075,-70.85086806998075
2722.150076341629,-70.84434824272941,-70.84434824272941
2722.160076341629,-70.83779192836863,-70.83779192836863
2722.170076341629,-70.83120004497758,-70.83120004497758
2722.180076341629,-70.82457351051393,-70.82457351051393
2722.190076341629,-70.81791324224405,-70.81791324224405
2722.200076341629,-70.81122015619633,-70.81122015619633
2722.2100763416292,-70.80449516663276,-70.80449516663276
2722.220076341629,-70.79773918556734,-70.79773918556734
2722.2300763416292,-70.7909531222841,-70.7909531222841
2722.240076341629,-70.78413788289787,-70.78413788289787
2722.250076341629,-70.77729436993741,-70.77729436993741
2722.260076341629,-70.77042348194767,-70.77042348194767
2722.270076341629,-70.76352611313331,-70.76352611313331
2722.280076341629,-70.75660315298532,-70.75660315298532
2722.290076341629,-70.74965548599816,-70.74965548599816
2722.300076341629,-70.74268399131466,-70.74268399131466
2722.310076341629,-70.73568954249033,-70.73568954249033
2722.320076341629,-70.72867300721752,-70.72867300721752
2722.330076341629,-70.72163524706733,-70.72163524706733
2722.340076341629,-70.71457711726885,-70.71457711726885
2722.350076341629,-70.70749946650959,-70.70749946650959
2722.360076341629,-70.70040313672183,-70.70040313672183
2722.370076341629,-70.69328896293213,-70.69328896293213
2722.380076341629,-70.68615777305878,-70.68615777305878
2722.390076341629,-70.6790103877833,-70.6790103877833
2722.400076341629,-70.67184762041825,-70.67184762041825
2722.410076341629,-70.66467027675688,-70.66467027675688
2722.420076341629,-70.6574791549783,-70.6574791549783
2722.430076341629,-70.65027504552233,-70.65027504552233
2722.440076341629,-70.64305873101561,-70.64305873101561
2722.450076341629,-70.63583098617569,-70.63583098617569
2722.4600763416292,-70.628592577728,-70.628592577728
2722.470076341629,-70.62134426436218,-70.62134426436218
2722.4800763416292,-70.61408679665847,-70.61408679665847
2722.490076341629,-70.60682091702787,-70.60682091702787
2722.500076341629,-70.59954735968371,-70.59954735968371
2722.510076341629,-70.59226685059824,-70.59226685059824
2722.520076341629,-70.58498010748036,-70.58498010748036
2722.530076341629,-70.57768783973987,-70.57768783973987
2722.540076341629,-70.5703907484736,-70.5703907484736
2722.550076365471,-70.56308950907275,-70.56308950907275
2722.560076365471,-70.55578484074762,-70.55578484074762
2722.570076365471,-70.5484774022517,-70.5484774022517
2722.580076365471,-70.54116786137334,-70.54116786137334
2722.590076365471,-70.53385687757186,-70.53385687757186
2722.600076365471,-70.52654510200904,-70.52654510200904
2722.610076365471,-70.51923317753598,-70.51923317753598
2722.620076365471,-70.51192173874783,-70.51192173874783
2722.630076365471,-70.50461141196652,-70.50461141196652
2722.640076365471,-70.49730281530746,-70.49730281530746
2722.650076365471,-70.48999655866865,-70.48999655866865
2722.660076365471,-70.48269324378555,-70.48269324378555
2722.670076365471,-70.4753934642747,-70.4753934642747
2722.680076365471,-70.46809780563652,-70.46809780563652
2722.6900763654708,-70.46080684533793,-70.46080684533793
2722.700076365471,-70.45352115281375,-70.45352115281375
2722.7100763654707,-70.44623516128854,-70.44623516128854
2722.720076365471,-70.43894675152445,-70.43894675152445
2722.7300763654707,-70.43165517705211,-70.43165517705211
2722.740076365471,-70.42436032227606,-70.42436032227606
2722.7500763654707,-70.4170624194905,-70.4170624194905
2722.760076365471,-70.40976190192993,-70.40976190192993
2722.7700763654707,-70.40245931760126,-70.40245931760126
2722.780076365471,-70.39515527753373,-70.39515527753373
2722.7900763654707,-70.38785042464869,-70.38785042464869
2722.800076365471,-70.38054541511323,-70.38054541511323
2722.810076365471,-70.37324090725642,-70.37324090725642
2722.820076365471,-70.36593755508814,-70.36593755508814
2722.830076365471,-70.3586360046031,-70.3586360046031
2722.840076365471,-70.35133689185285,-70.35133689185285
2722.850076365471,-70.34404084194725,-70.34404084194725
2722.860076365471,-70.33674846876146,-70.33674846876146
2722.870076365471,-70.32946037494136,-70.32946037494136
2722.880076365471,-70.32217715213515,-70.32217715213515
2722.890076365471,-70.31489938131764,-70.31489938131764
2722.900076365471,-70.30762763313915,-70.30762763313915
2722.910076365471,-70.30036246830443,-70.30036246830443
2722.920076365471,-70.29310443794033,-70.29310443794033
2722.930076365471,-70.28585408390374,-70.28585408390374
2722.9400763654708,-70.27861193909774,-70.27861193909774
2722.950076365471,-70.27137852776,-70.27137852776
2722.9600763654707,-70.26415436569656,-70.26415436569656
2722.970076365471,-70.25693996050128,-70.25693996050128
2722.9800763654707,-70.24973581177586,-70.24973581177586
2722.990076365471,-70.24254241128533,-70.24254241128533
2723.0000763654707,-70.23536024314036,-70.23536024314036
2723.010076365471,-70.22818978392158,-70.22818978392158
2723.0200763654707,-70.22103150282136,-70.22103150282136
2723.030076365471,-70.21388586176643,-70.21388586176643
2723.0400763654707,-70.20675331551269,-70.20675331551269
2723.050076365471,-70.19963431176274,-70.19963431176274
2723.060076365471,-70.19252929124866,-70.19252929124866
2723.070076365471,-70.18543868782633,-70.18543868782633
2723.080076365471,-70.17836292854017,-70.17836292854017
2723.090076365471,-70.17130243372762,-70.17130243372762
2723.100076365471,-70.16425761706606,-70.16425761706606
2723.110076365471,-70.15722888566044,-70.15722888566044
2723.120076365471,-70.15021664010148,-70.15021664010148
2723.130076365471,-70.14322127455206,-70.14322127455206
2723.140076365471,-70.13624317676742,-70.13624317676742
2723.150076365471,-70.1292827282125,-70.1292827282125
2723.160076365471,-70.12234030407187,-70.12234030407187
2723.170076365471,-70.11541627334435,-70.11541627334435
2723.180076365471,-70.10851099890219,-70.10851099890219
2723.1900763654708,-70.10162483751708,-70.10162483751708
2723.200076365471,-70.09475813996605,-70.09475813996605
2723.2100763654707,-70.08790515507404,-70.08790515507404
2723.220076365471,-70.08106356316806,-70.08106356316806
2723.2300763654707,-70.07423241205359,-70.07423241205359
2723.240076365471,-70.06741137899735,-70.06741137899735
2723.2500763654707,-70.06060048924314,-70.06060048924314
2723.260076365471,-70.05379996983206,-70.05379996983206
2723.2700763654707,-70.04701016394142,-70.04701016394142
2723.280076365471,-70.04023147940204,-70.04023147940204
2723.2900763654707,-70.03346435774291,-70.03346435774291
2723.300076365471,-70.02670925565471,-70.02670925565471
2723.310076365471,-70.0199666339768,-70.0199666339768
2723.320076365471,-70.0132369512374,-70.0132369512374
2723.330076365471,-70.00652066000477,-70.00652066000477
2723.340076365471,-69.99981820492008,-69.99981820492008
2723.350076365471,-69.99313002174937,-69.99313002174937
2723.360076365471,-69.98645653704153,-69.98645653704153
2723.370076365471,-69.97979816816485,-69.97979816816485
2723.380076365471,-69.97315532349378,-69.97315532349378
2723.390076365471,-69.96652840274429,-69.96652840274429
2723.4000763893127,-69.95991778157894,-69.95991778157894
2723.410076389313,-69.95332387494912,-69.95332387494912
2723.4200763893127,-69.94674704290814,-69.94674704290814
2723.430076389313,-69.94018765396723,-69.94018765396723
2723.4400763893127,-69.93364606966402,-69.93364606966402
2723.450076389313,-69.92712264476978,-69.92712264476978
2723.4600763893127,-69.92061772756654,-69.92061772756654
2723.470076389313,-69.91413166003812,-69.91413166003812
2723.4800763893127,-69.90766477805668,-69.90766477805668
2723.490076389313,-69.90121741155201,-69.90121741155201
2723.5000763893127,-69.89478988465393,-69.89478988465393
2723.510076389313,-69.88838251582821,-69.88838251582821
2723.5200763893126,-69.88199561798902,-69.88199561798902
2723.530076389313,-69.87562949859941,-69.87562949859941
2723.5400763893126,-69.86928445979123,-69.86928445979123
2723.550076389313,-69.86296079842145,-69.86296079842145
2723.5600763893126,-69.85665880615751,-69.85665880615751
2723.570076389313,-69.85037876956852,-69.85037876956852
2723.5800763893126,-69.84412097016201,-69.84412097016201
2723.590076389313,-69.83788568447784,-69.83788568447784
2723.6000763893126,-69.83167318412275,-69.83167318412275
2723.610076389313,-69.8254837358488,-69.8254837358488
2723.6200763893125,-69.81931760159276,-69.81931760159276
2723.6300763893128,-69.81317503852013,-69.81317503852013
2723.6400763893125,-69.80705629908407,-69.80705629908407
2723.6500763893127,-69.80096163108429,-69.80096163108429
2723.660076389313,-69.79489127768859,-69.79489127768859
2723.6700763893127,-69.78884547749719,-69.78884547749719
2723.680076389313,-69.78282446457543,-69.78282446457543
2723.6900763893127,-69.77682846851857,-69.77682846851857
2723.700076389313,-69.7708577144636,-69.7708577144636
2723.7100763893127,-69.76491242316368,-69.76491242316368
2723.720076389313,-69.75899281099862,-69.75899281099862
2723.7300763893127,-69.75309909004316,-69.75309909004316
2723.740076389313,-69.74723146810656,-69.74723146810656
2723.7500763893127,-69.74139014875853,-69.74139014875853
2723.760076389313,-69.73557533138704,-69.73557533138704
2723.7700763893126,-69.72978721122858,-69.72978721122858
2723.780076389313,-69.72402597941627,-69.72402597941627
2723.7900763893126,-69.71829182302373,-69.71829182302373
2723.800076389313,-69.71258492509355,-69.71258492509355
2723.8100763893126,-69.7069054646996,-69.7069054646996
2723.820076389313,-69.70125361697285,-69.70125361697285
2723.8300763893126,-69.695629553146,-69.695629553146
2723.840076389313,-69.69003344060118,-69.69003344060118
2723.8500763893126,-69.68446544289685,-69.68446544289685
2723.860076389313,-69.67892571982638,-69.67892571982638
2723.8700763893125,-69.67341442744734,-69.67341442744734
2723.8800763893128,-69.66793171813661,-69.66793171813661
2723.8900763893125,-69.6624777406064,-69.6624777406064
2723.9000763893127,-69.6570526399801,-69.6570526399801
2723.910076389313,-69.65165655779398,-69.65165655779398
2723.9200763893127,-69.6462896320775,-69.6462896320775
2723.930076389313,-69.64095199737432,-69.64095199737432
2723.9400763893127,-69.63564378476941,-69.63564378476941
2723.950076389313,-69.63036512195848,-69.63036512195848
2723.9600763893127,-69.62511613327085,-69.62511613327085
2723.970076389313,-69.61989693971495,-69.61989693971495
2723.9800763893127,-69.61470765901959,-69.61470765901959
2723.990076389313,-69.60954840566629,-69.60954840566629
2724.0000763893127,-69.60441929094449,-69.60441929094449
2724.010076389313,-69.5993204229743,-69.5993204229743
2724.0200763893126,-69.59425190676109,-69.59425190676109
2724.030076389313,-69.58921384422115,-69.58921384422115
2724.0400763893126,-69.58420633423276,-69.58420633423276
2724.050076389313,-69.57922947265935,-69.57922947265935
2724.0600763893126,-69.57428335241906,-69.57428335241906
2724.070076389313,-69.56936806347902,-69.56936806347902
2724.0800763893126,-69.56448369294375,-69.56448369294375
2724.090076389313,-69.559630325042,-69.559630325042
2724.1000763893126,-69.55480804120641,-69.55480804120641
2724.110076389313,-69.55001692008352,-69.55001692008352
2724.1200763893125,-69.54525703759059,-69.54525703759059
2724.1300763893128,-69.54052846693774,-69.54052846693774
2724.1400763893125,-69.53583127867091,-69.53583127867091
2724.1500763893127,-69.53116554071305,-69.53116554071305
2724.160076389313,-69.52653131839189,-69.52653131839189
2724.1700763893127,-69.52192867447538,-69.52192867447538
2724.180076389313,-69.51735766920518,-69.51735766920518
2724.1900763893127,-69.51281836035224,-69.51281836035224
2724.200076389313,-69.50831080322138,-69.50831080322138
2724.2100763893127,-69.50383505072249,-69.50383505072249
2724.220076389313,-69.49939115335829,-69.49939115335829
2724.2300763893127,-69.49497915930093,-69.49497915930093
2724.240076389313,-69.49059911439502,-69.49059911439502
2724.2500764131546,-69.48625105186615,-69.48625105186615
2724.260076413155,-69.48193503382707,-69.48193503382707
2724.2700764131546,-69.47765108892236,-69.47765108892236
2724.280076413155,-69.47339925407405,-69.47339925407405
2724.2900764131546,-69.46917956406888,-69.46917956406888
2724.300076413155,-69.46499205154844,-69.46499205154844
2724.3100764131545,-69.46083674708072,-69.46083674708072
2724.3200764131548,-69.45671367916013,-69.45671367916013
2724.3300764131545,-69.45262287427306,-69.45262287427306
2724.3400764131547,-69.44856435689042,-69.44856435689042
2724.3500764131545,-69.44453814952901,-69.44453814952901
2724.3600764131547,-69.44054427276416,-69.44054427276416
2724.3700764131545,-69.43658274527318,-69.43658274527318
2724.3800764131547,-69.43265358382496,-69.43265358382496
2724.3900764131545,-69.42875680337775,-69.42875680337775
2724.4000764131547,-69.42489241703973,-69.42489241703973
2724.4100764131545,-69.42106043613445,-69.42106043613445
2724.4200764131547,-69.41726087022471,-69.41726087022471
2724.4300764131544,-69.4134937271267,-69.4134937271267
2724.4400764131547,-69.409759012949,-69.409759012949
2724.4500764131544,-69.40605673211553,-69.40605673211553
2724.4600764131546,-69.40238688738913,-69.40238688738913
2724.4700764131544,-69.39874947990334,-69.39874947990334
2724.4800764131546,-69.39514450918863,-69.39514450918863
2724.4900764131544,-69.3915719731894,-69.3915719731894
2724.5000764131546,-69.3880318682915,-69.3880318682915
2724.510076413155,-69.38452418935461,-69.38452418935461
2724.5200764131546,-69.3810489297307,-69.3810489297307
2724.530076413155,-69.37760608128511,-69.37760608128511
2724.5400764131546,-69.37419563443797,-69.37419563443797
2724.550076413155,-69.37081757815915,-69.37081757815915
2724.5600764131545,-69.36747190001608,-69.36747190001608
2724.5700764131548,-69.36415858619196,-69.36415858619196
2724.5800764131545,-69.36087762148836,-69.36087762148836
2724.5900764131547,-69.35762898938344,-69.35762898938344
2724.6000764131545,-69.35441267202364,-69.35441267202364
2724.6100764131547,-69.35122865025694,-69.35122865025694
2724.6200764131545,-69.34807690365793,-69.34807690365793
2724.6300764131547,-69.34495741053586,-69.34495741053586
2724.6400764131545,-69.34187014797648,-69.34187014797648
2724.6500764131547,-69.33881509184803,-69.33881509184803
2724.6600764131545,-69.33579221682722,-69.33579221682722
2724.6700764131547,-69.33280149639943,-69.33280149639943
2724.6800764131544,-69.32984290292369,-69.32984290292369
2724.6900764131547,-69.3269164076071,-69.3269164076071
2724.7000764131544,-69.32402198054602,-69.32402198054602
2724.7100764131546,-69.32115355907223,-69.32115355907223
2724.7200764131544,-69.3183084774916,-69.3183084774916
2724.7300764131546,-69.31548542700513,-69.31548542700513
2724.7400764131544,-69.31268372606877,-69.31268372606877
2724.7500764131546,-69.3099030419848,-69.3099030419848
2724.760076413155,-69.30714324634198,-69.30714324634198
2724.7700764131546,-69.30440433025076,-69.30440433025076
2724.780076413155,-69.30168635337425,-69.30168635337425
2724.7900764131546,-69.29898941330703,-69.29898941330703
2724.800076413155,-69.29631362720741,-69.29631362720741
2724.8100764131545,-69.2936591208497,-69.2936591208497
2724.8200764131548,-69.2910260222203,-69.2910260222203
2724.8300764131545,-69.28841445784698,-69.28841445784698
2724.8400764131547,-69.28582455083577,-69.28582455083577
2724.8500764131545,-69.28325641987328,-69.28325641987328
2724.8600764131547,-69.28071017885952,-69.28071017885952
2724.8700764131545,-69.2781859369058,-69.2781859369058
2724.8800764131547,-69.27568379848096,-69.27568379848096
2724.8900764131545,-69.27320386368419,-69.27320386368419
2724.9000764131547,-69.27074622855879,-69.27074622855879
2724.9100764131545,-69.26831098538962,-69.26831098538962
2724.9200764131547,-69.26589822300856,-69.26589822300856
2724.9300764131544,-69.26350802708718,-69.26350802708718
2724.9400764131547,-69.26114048034461,-69.26114048034461
2724.9500764131544,-69.25879566280581,-69.25879566280581
2724.9600764131546,-69.25647365196875,-69.25647365196875
2724.9700764131544,-69.2541745229856,-69.2541745229856
2724.9800764131546,-69.25189834879303,-69.25189834879303
2724.9900764131544,-69.24964520024436,-69.24964520024436
2725.0000764131546,-69.24741514621252,-69.24741514621252
2725.010076413155,-69.24520825366557,-69.24520825366557
2725.0200764131546,-69.24302458777186,-69.24302458777186
2725.030076413155,-69.24086421192544,-69.24086421192544
2725.0400764131546,-69.2387271878339,-69.2387271878339
2725.050076413155,-69.23661357553789,-69.23661357553789
2725.0600764131545,-69.23452343347438,-69.23452343347438
2725.0700764131548,-69.2324568184797,-69.2324568184797
2725.0800764131545,-69.23041378584303,-69.23041378584303
2725.0900764131547,-69.22839438931584,-69.22839438931584
2725.1000764369965,-69.22639867638584,-69.22639867638584
2725.1100764369967,-69.22442670735519,-69.22442670735519
2725.1200764369964,-69.22247852664256,-69.22247852664256
2725.1300764369967,-69.22055418203135,-69.22055418203135
2725.1400764369964,-69.21865371984681,-69.21865371984681
2725.1500764369966,-69.21677718494256,-69.21677718494256
2725.1600764369964,-69.21492462075003,-69.21492462075003
2725.1700764369966,-69.21309606924216,-69.21309606924216
2725.1800764369964,-69.21129157097683,-69.21129157097683
2725.1900764369966,-69.20951116508105,-69.20951116508105
2725.2000764369964,-69.20775488926452,-69.20775488926452
2725.2100764369966,-69.20602277983512,-69.20602277983512
2725.2200764369964,-69.20431487168354,-69.20431487168354
2725.2300764369966,-69.20263119830074,-69.20263119830074
2725.2400764369963,-69.20097179179982,-69.20097179179982
2725.2500764369966,-69.19933668289278,-69.19933668289278
2725.2600764369963,-69.1977259009217,-69.1977259009217
2725.2700764369965,-69.19613947384194,-69.19613947384194
2725.2800764369963,-69.19457742825779,-69.19457742825779
2725.2900764369965,-69.19303978940214,-69.19303978940214
2725.3000764369963,-69.19152658115485,-69.19152658115485
2725.3100764369965,-69.19003782606859,-69.19003782606859
2725.3200764369963,-69.18857354533766,-69.18857354533766
2725.3300764369965,-69.18713375883556,-69.18713375883556
2725.3400764369962,-69.18571848512642,-69.18571848512642
2725.3500764369965,-69.18432774144468,-69.18432774144468
2725.3600764369967,-69.1829615437357,-69.1829615437357
2725.3700764369964,-69.18161990664962,-69.18161990664962
2725.3800764369967,-69.18030284354325,-69.18030284354325
2725.3900764369964,-69.17901036651949,-69.17901036651949
2725.4000764369966,-69.17774248640022,-69.17774248640022
2725.4100764369964,-69.17649921276181,-69.17649921276181
2725.4200764369966,-69.17528055393991,-69.17528055393991
2725.4300764369964,-69.17408651702918,-69.17408651702918
2725.4400764369966,-69.17291710791747,-69.17291710791747
2725.4500764369964,-69.17177233126802,-69.17177233126802
2725.4600764369966,-69.17064617031923,-69.17064617031923
2725.4700764369964,-69.16953599713715,-69.16953599713715
2725.4800764369966,-69.16844053752403,-69.16844053752403
2725.4900764369963,-69.16735914312255,-69.16735914312255
2725.5000764369966,-69.16629151359056,-69.16629151359056
2725.5100764369963,-69.16523755241889,-69.16523755241889
2725.5200764369965,-69.16419728227731,-69.16419728227731
2725.5300764369963,-69.16317079424039,-69.16317079424039
2725.5400764369965,-69.1621582171712,-69.1621582171712
2725.5500764369963,-69.16115969940476,-69.16115969940476
2725.5600764369965,-69.16017539783029,-69.16017539783029
2725.5700764369963,-69.15920547147205,-69.15920547147205
2725.5800764369965,-69.15825007783853,-69.15825007783853
2725.5900764369962,-69.15730937094393,-69.15730937094393
2725.6000764369965,-69.15638350031202,-69.15638350031202
2725.6100764369967,-69.1554726106073,-69.1554726106073
2725.6200764369964,-69.1545768416088,-69.1545768416088
2725.6300764369967,-69.15369632834764,-69.15369632834764
2725.6400764369964,-69.15283120140381,-69.15283120140381
2725.6500764369966,-69.15198158717465,-69.15198158717465
2725.6600764369964,-69.15114760819422,-69.15114760819422
2725.6700764369966,-69.15032938342682,-69.15032938342682
2725.6800764369964,-69.14952702853128,-69.14952702853128
2725.6900764369966,-69.14874065610438,-69.14874065610438
2725.7000764369964,-69.14797037589928,-69.14797037589928
2725.7100764369966,-69.14721629501288,-69.14721629501288
2725.7200764369964,-69.1464785180463,-69.1464785180463
2725.7300764369966,-69.14575714723219,-69.14575714723219
2725.7400764369963,-69.14505228259712,-69.14505228259712
2725.7500764369966,-69.14436402200297,-69.14436402200297
2725.7600764369963,-69.1436924612809,-69.1436924612809
2725.7700764369965,-69.14303769428045,-69.14303769428045
2725.7800764369963,-69.14239981294314,-69.14239981294314
2725.7900764369965,-69.14177890734567,-69.14177890734567
2725.8000764369963,-69.1411750657596,-69.1411750657596
2725.8100764369965,-69.14058837466413,-69.14058837466413
2725.8200764369963,-69.14001891879667,-69.14001891879667
2725.8300764369965,-69.13946678117368,-69.13946678117368
2725.8400764369962,-69.13893204311984,-69.13893204311984
2725.8500764369965,-69.13841478426757,-69.13841478426757
2725.8600764369967,-69.13791508258663,-69.13791508258663
2725.8700764369964,-69.13743301441416,-69.13743301441416
2725.8800764369967,-69.13696865442907,-69.13696865442907
2725.8900764369964,-69.13652207570377,-69.13652207570377
2725.9000764369966,-69.13609334967587,-69.13609334967587
2725.9100764369964,-69.13568254618195,-69.13568254618195
2725.9200764369966,-69.13528973345865,-69.13528973345865
2725.9300764369964,-69.13491497814621,-69.13491497814621
2725.9400764369966,-69.13455834530001,-69.13455834530001
2725.9500764608383,-69.13421989759915,-69.13421989759915
2725.9600764608385,-69.13389969860809,-69.13389969860809
2725.9700764608383,-69.13359780779062,-69.13359780779062
2725.9800764608385,-69.13331428393867,-69.13331428393867
2725.9900764608383,-69.13304918426822,-69.13304918426822
2726.0000764608385,-69.13280256447507,-69.13280256447507
2726.0100764608383,-69.13257447869834,-69.13257447869834
2726.0200764608385,-69.13236497954361,-69.13236497954361
2726.0300764608382,-69.13217411810986,-69.13217411810986
2726.0400764608385,-69.13200194396865,-69.13200194396865
2726.050076460838,-69.13184850519222,-69.13184850519222
2726.0600764608384,-69.13171384834502,-69.13171384834502
2726.070076460838,-69.13159801851984,-69.13159801851984
2726.0800764608384,-69.13150105931796,-69.13150105931796
2726.090076460838,-69.13142301287465,-69.13142301287465
2726.1000764608384,-69.13136391986467,-69.13136391986467
2726.110076460838,-69.13132381951105,-69.13132381951105
2726.1200764608384,-69.13130274960122,-69.13130274960122
2726.130076460838,-69.13130074649457,-69.13130074649457
2726.1400764608384,-69.13131784513016,-69.13131784513016
2726.150076460838,-69.13135407904602,-69.13135407904602
2726.1600764608384,-69.13140948037906,-69.13140948037906
2726.170076460838,-69.13148407988706,-69.13148407988706
2726.1800764608383,-69.13157790695635,-69.13157790695635
2726.190076460838,-69.13169098962115,-69.13169098962115
2726.2000764608383,-69.13182335455627,-69.13182335455627
2726.2100764608385,-69.1319690090668,-69.1319690090668
2726.2200764608383,-69.1321253468684,-69.1321253468684
2726.2300764608385,-69.13229111446084,-69.13229111446084
2726.2400764608383,-69.13246568374016,-69.13246568374016
2726.2500764608385,-69.13264877438618,-69.13264877438618
2726.2600764608383,-69.13284030971907,-69.13284030971907
2726.2700764608385,-69.13304033212495,-69.13304033212495
2726.2800764608382,-69.13324895229091,-69.13324895229091
2726.2900764608385,-69.13346631860742,-69.13346631860742
2726.300076460838,-69.13369259886895,-69.13369259886895
2726.3100764608384,-69.13392796935901,-69.13392796935901
2726.320076460838,-69.13417260845142,-69.13417260845142
2726.3300764608384,-69.13442669292573,-69.13442669292573
2726.340076460838,-69.13469039601725,-69.13469039601725
2726.3500764608384,-69.1349638864091,-69.1349638864091
2726.360076460838,-69.13524732786625,-69.13524732786625
2726.3700764608384,-69.13554087917956,-69.13554087917956
2726.380076460838,-69.13584469436644,-69.13584469436644
2726.3900764608384,-69.13615892288817,-69.13615892288817
2726.400076460838,-69.13648370998439,-69.13648370998439
2726.4100764608384,-69.13681919693867,-69.13681919693867
2726.420076460838,-69.13716552141456,-69.13716552141456
2726.4300764608383,-69.13752281767543,-69.13752281767543
2726.440076460838,-69.13789121687137,-69.13789121687137
2726.4500764608383,-69.13827084722043,-69.13827084722043
2726.4600764608385,-69.13866183422276,-69.13866183422276
2726.4700764608383,-69.13906430078843,-69.13906430078843
2726.4800764608385,-69.13947836741973,-69.13947836741973
2726.4900764608383,-69.13990415229226,-69.13990415229226
2726.5000764608385,-69.14034177137744,-69.14034177137744
2726.5100764608383,-69.14079133852104,-69.14079133852104
2726.5200764608385,-69.14125296553019,-69.14125296553019
2726.5300764608382,-69.14172676221241,-69.14172676221241
2726.5400764608385,-69.14221283642634,-69.14221283642634
2726.550076460838,-69.14271129416936,-69.14271129416936
2726.5600764608384,-69.1432222395598,-69.1432222395598
2726.570076460838,-69.14374577491436,-69.14374577491436
2726.5800764608384,-69.14428200072643,-69.14428200072643
2726.590076460838,-69.1448310157425,-69.1448310157425
2726.6000764608384,-69.14539291693869,-69.14539291693869
2726.610076460838,-69.1459677995516,-69.1459677995516
2726.6200764608384,-69.14655575710962,-69.14655575710962
2726.630076460838,-69.14715688141143,-69.14715688141143
2726.6400764608384,-69.14777126257178,-69.14777126257178
2726.650076460838,-69.14839898900588,-69.14839898900588
2726.6600764608384,-69.14904014745,-69.14904014745
2726.670076460838,-69.14969482296819,-69.14969482296819
2726.6800764608383,-69.1503630989481,-69.1503630989481
2726.690076460838,-69.15104505713498,-69.15104505713498
2726.7000764608383,-69.1517407776098,-69.1517407776098
2726.7100764608385,-69.15245033882773,-69.15245033882773
2726.7200764608383,-69.15317381759047,-69.15317381759047
2726.7300764608385,-69.15391128907613,-69.15391128907613
2726.7400764608383,-69.15466282683875,-69.15466282683875
2726.7500764608385,-69.15542850282354,-69.15542850282354
2726.7600764608383,-69.1562083873656,-69.1562083873656
2726.7700764608385,-69.15700254919672,-69.15700254919672
2726.7800764608382,-69.15781105546434,-69.15781105546434
2726.7900764608385,-69.15863397172701,-69.15863397172701
2726.80007648468,-69.1594713639776,-69.1594713639776
2726.8100764846804,-69.16032329068399,-69.16032329068399
2726.82007648468,-69.16118981466212,-69.16118981466212
2726.8300764846804,-69.16207099523272,-69.16207099523272
2726.84007648468,-69.16296689019596,-69.16296689019596
2726.8500764846804,-69.16387755580706,-69.16387755580706
2726.86007648468,-69.16480304682209,-69.16480304682209
2726.8700764846803,-69.16574341647804,-69.16574341647804
2726.88007648468,-69.1666987165338,-69.1666987165338
2726.8900764846803,-69.16766899725553,-69.16766899725553
2726.90007648468,-69.16865430745396,-69.16865430745396
2726.9100764846803,-69.16965469446097,-69.16965469446097
2726.92007648468,-69.1706702041833,-69.1706702041833
2726.9300764846803,-69.17170088108806,-69.17170088108806
2726.94007648468,-69.17274676821758,-69.17274676821758
2726.9500764846803,-69.17380790720559,-69.17380790720559
2726.96007648468,-69.17488433831254,-69.17488433831254
2726.9700764846802,-69.17597610038507,-69.17597610038507
2726.98007648468,-69.17708323092415,-69.17708323092415
2726.9900764846802,-69.17820576606672,-69.17820576606672
2727.00007648468,-69.17934374061646,-69.17934374061646
2727.01007648468,-69.1804971880441,-69.1804971880441
2727.02007648468,-69.18166614050982,-69.18166614050982
2727.03007648468,-69.18285062887168,-69.18285062887168
2727.04007648468,-69.18405068270643,-69.18405068270643
2727.05007648468,-69.1852663303097,-69.1852663303097
2727.0600764846804,-69.1864975987292,-69.1864975987292
2727.07007648468,-69.18774451377114,-69.18774451377114
2727.0800764846804,-69.18900710000496,-69.18900710000496
2727.09007648468,-69.19028538079709,-69.19028538079709
2727.1000764846804,-69.19157937830661,-69.19157937830661
2727.11007648468,-69.19288911350323,-69.19288911350323
2727.1200764846803,-69.1942146061894,-69.1942146061894
2727.13007648468,-69.19555587501536,-69.19555587501536
2727.1400764846803,-69.19691293748589,-69.19691293748589
2727.15007648468,-69.19828580997655,-69.19828580997655
2727.1600764846803,-69.19967450775152,-69.19967450775152
2727.17007648468,-69.20107904496993,-69.20107904496993
2727.1800764846803,-69.20249943471212,-69.20249943471212
2727.19007648468,-69.20393568898571,-69.20393568898571
2727.2000764846803,-69.20538781874124,-69.20538781874124
2727.21007648468,-69.20684980767332,-69.20684980767332
2727.2200764846802,-69.20831902952315,-69.20831902952315
2727.23007648468,-69.20979421258261,-69.20979421258261
2727.2400764846802,-69.21127471158896,-69.21127471158896
2727.25007648468,-69.21276022982754,-69.21276022982754
2727.26007648468,-69.21425067480686,-69.21425067480686
2727.27007648468,-69.21574607360334,-69.21574607360334
2727.28007648468,-69.21724652201578,-69.21724652201578
2727.29007648468,-69.21875215397147,-69.21875215397147
2727.30007648468,-69.2202631231788,-69.2202631231788
2727.3100764846804,-69.22177959219187,-69.22177959219187
2727.32007648468,-69.22330172602548,-69.22330172602548
2727.3300764846804,-69.2248296884473,-69.2248296884473
2727.34007648468,-69.22636364004336,-69.22636364004336
2727.3500764846804,-69.22790373715777,-69.22790373715777
2727.36007648468,-69.22945013158908,-69.22945013158908
2727.3700764846803,-69.23100297048529,-69.23100297048529
2727.38007648468,-69.232562396547,-69.232562396547
2727.3900764846803,-69.23412854825823,-69.23412854825823
2727.40007648468,-69.2357015601948,-69.2357015601948
2727.4100764846803,-69.23728156331521,-69.23728156331521
2727.42007648468,-69.23886868526094,-69.23886868526094
2727.4300764846803,-69.2404630506116,-69.2404630506116
2727.44007648468,-69.24206478111746,-69.24206478111746
2727.4500764846803,-69.2436739959318,-69.2436739959318
2727.46007648468,-69.24528478217856,-69.24528478217856
2727.4700764846802,-69.24689461767622,-69.24689461767622
2727.48007648468,-69.24850233444823,-69.24850233444823
2727.4900764846802,-69.25010739032882,-69.25010739032882
2727.50007648468,-69.25170959101271,-69.25170959101271
2727.51007648468,-69.25330894569083,-69.25330894569083
2727.52007648468,-69.25490558243477,-69.25490558243477
2727.53007648468,-69.25649969734407,-69.25649969734407
2727.54007648468,-69.25809152398615,-69.25809152398615
2727.55007648468,-69.25968131505553,-69.25968131505553
2727.5600764846804,-69.26126933147289,-69.26126933147289
2727.57007648468,-69.26285583596292,-69.26285583596292
2727.5800764846804,-69.26444108940834,-69.26444108940834
2727.59007648468,-69.26602534885457,-69.26602534885457
2727.6000764846804,-69.26760886653933,-69.26760886653933
2727.61007648468,-69.26919188947996,-69.26919188947996
2727.6200764846803,-69.270774659442,-69.270774659442
2727.63007648468,-69.2723574131159,-69.2723574131159
2727.6400764846803,-69.27394038233031,-69.27394038233031
2727.650076508522,-69.27552379813758,-69.27552379813758
2727.6600765085223,-69.27710787599352,-69.27710787599352
2727.670076508522,-69.27869283869987,-69.27869283869987
2727.6800765085222,-69.28027890152994,-69.28027890152994
2727.690076508522,-69.28186627629685,-69.28186627629685
2727.700076508522,-69.28345517147443,-69.28345517147443
2727.710076508522,-69.28503975985463,-69.28503975985463
2727.720076508522,-69.2866176061793,-69.2866176061793
2727.730076508522,-69.28818762947509,-69.28818762947509
2727.740076508522,-69.28974937420766,-69.28974937420766
2727.750076508522,-69.29130273217534,-69.29130273217534
2727.760076508522,-69.29284779805974,-69.29284779805974
2727.770076508522,-69.2943847847457,-69.2943847847457
2727.780076508522,-69.29591397244316,-69.29591397244316
2727.790076508522,-69.29743567809683,-69.29743567809683
2727.800076508522,-69.29895023701937,-69.29895023701937
2727.810076508522,-69.30045799198501,-69.30045799198501
2727.820076508522,-69.3019592868138,-69.3019592868138
2727.830076508522,-69.30345446268875,-69.30345446268875
2727.840076508522,-69.30494385617916,-69.30494385617916
2727.850076508522,-69.30642779823839,-69.30642779823839
2727.860076508522,-69.30790661382146,-69.30790661382146
2727.870076508522,-69.30938062184367,-69.30938062184367
2727.880076508522,-69.3108501353139,-69.3108501353139
2727.890076508522,-69.3123154615963,-69.3123154615963
2727.900076508522,-69.31377690269375,-69.31377690269375
2727.9100765085223,-69.3152347555445,-69.3152347555445
2727.920076508522,-69.31668931227742,-69.31668931227742
2727.9300765085222,-69.31814086050478,-69.31814086050478
2727.940076508522,-69.31958968351677,-69.31958968351677
2727.950076508522,-69.32103606050627,-69.32103606050627
2727.960076508522,-69.32248026674192,-69.32248026674192
2727.970076508522,-69.32392257370579,-69.32392257370579
2727.980076508522,-69.32536324924575,-69.32536324924575
2727.990076508522,-69.32680255766287,-69.32680255766287
2728.000076508522,-69.32824075981968,-69.32824075981968
2728.010076508522,-69.32967811320233,-69.32967811320233
2728.020076508522,-69.33111487200537,-69.33111487200537
2728.030076508522,-69.33255128716699,-69.33255128716699
2728.040076508522,-69.33398760643502,-69.33398760643502
2728.050076508522,-69.33542407439408,-69.33542407439408
2728.060076508522,-69.33686093250695,-69.33686093250695
2728.070076508522,-69.3382984191206,-69.3382984191206
2728.080076508522,-69.33973676951847,-69.33973676951847
2728.090076508522,-69.3411762159151,-69.3411762159151
2728.100076508522,-69.34261698749616,-69.34261698749616
2728.110076508522,-69.34405931042357,-69.34405931042357
2728.120076508522,-69.34550340784243,-69.34550340784243
2728.130076508522,-69.34694949990063,-69.34694949990063
2728.140076508522,-69.34839780376652,-69.34839780376652
2728.150076508522,-69.34984853362674,-69.34984853362674
2728.1600765085223,-69.35130190070927,-69.35130190070927
2728.170076508522,-69.35275811329045,-69.35275811329045
2728.1800765085222,-69.35421737669448,-69.35421737669448
2728.190076508522,-69.35567989332817,-69.35567989332817
2728.200076508522,-69.3571458626688,-69.3571458626688
2728.210076508522,-69.35861548128473,-69.35861548128473
2728.220076508522,-69.3600889428464,-69.3600889428464
2728.230076508522,-69.36156643814837,-69.36156643814837
2728.240076508522,-69.36304815509959,-69.36304815509959
2728.250076508522,-69.36453427875635,-69.36453427875635
2728.260076508522,-69.36602499134227,-69.36602499134227
2728.270076508522,-69.36752047223465,-69.36752047223465
2728.280076508522,-69.3690208980017,-69.3690208980017
2728.290076508522,-69.3705264424201,-69.3705264424201
2728.300076508522,-69.37203727646404,-69.37203727646404
2728.310076508522,-69.37355356836731,-69.37355356836731
2728.320076508522,-69.37507548359537,-69.37507548359537
2728.330076508522,-69.37660318489043,-69.37660318489043
2728.340076508522,-69.37813683229349,-69.37813683229349
2728.350076508522,-69.37967658313774,-69.37967658313774
2728.360076508522,-69.38122259207891,-69.38122259207891
2728.370076508522,-69.38277501113664,-69.38277501113664
2728.380076508522,-69.38433398968891,-69.38433398968891
2728.390076508522,-69.38589967450146,-69.38589967450146
2728.400076508522,-69.38747220973693,-69.38747220973693
2728.4100765085223,-69.38905173701671,-69.38905173701671
2728.420076508522,-69.39063839538937,-69.39063839538937
2728.4300765085222,-69.39223232138374,-69.39223232138374
2728.440076508522,-69.3938336490241,-69.3938336490241
2728.450076508522,-69.39544250986262,-69.39544250986262
2728.460076508522,-69.3970529915396,-69.3970529915396
2728.470076508522,-69.39866257987711,-69.39866257987711
2728.480076508522,-69.40027011758531,-69.40027011758531
2728.490076508522,-69.4018750741837,-69.4018750741837
2728.500076532364,-69.40347727116509,-69.40347727116509
2728.510076532364,-69.40507672194724,-69.40507672194724
2728.520076532364,-69.4066735699471,-69.4066735699471
2728.530076532364,-69.40826802228376,-69.40826802228376
2728.540076532364,-69.40986032291585,-69.40986032291585
2728.550076532364,-69.41145073425697,-69.41145073425697
2728.560076532364,-69.41303952622725,-69.41303952622725
2728.570076532364,-69.41462696983498,-69.41462696983498
2728.580076532364,-69.41621333352205,-69.41621333352205
2728.590076532364,-69.41779888114978,-69.41779888114978
2728.600076532364,-69.41938387106698,-69.41938387106698
2728.610076532364,-69.42096855570881,-69.42096855570881
2728.620076532364,-69.42255318159017,-69.42255318159017
2728.630076532364,-69.42413798944844,-69.42413798944844
2728.6400765323638,-69.42572321455579,-69.42572321455579
2728.650076532364,-69.427309087013,-69.427309087013
2728.6600765323637,-69.42889583204368,-69.42889583204368
2728.670076532364,-69.43048367032993,-69.43048367032993
2728.6800765323637,-69.43207281827745,-69.43207281827745
2728.690076532364,-69.43366348826102,-69.43366348826102
2728.7000765323637,-69.43525588886665,-69.43525588886665
2728.710076532364,-69.43685022508058,-69.43685022508058
2728.7200765323637,-69.43844669845924,-69.43844669845924
2728.730076532364,-69.44004550728037,-69.44004550728037
2728.7400765323637,-69.44164684668308,-69.44164684668308
2728.750076532364,-69.44325090876045,-69.44325090876045
2728.760076532364,-69.44485788267316,-69.44485788267316
2728.770076532364,-69.4464679547185,-69.4464679547185
2728.780076532364,-69.44808130842142,-69.44808130842142
2728.790076532364,-69.44969812456753,-69.44969812456753
2728.800076532364,-69.45131858127904,-69.45131858127904
2728.810076532364,-69.45294285406257,-69.45294285406257
2728.820076532364,-69.4545711158272,-69.4545711158272
2728.830076532364,-69.45620353695054,-69.45620353695054
2728.840076532364,-69.45784028528429,-69.45784028528429
2728.850076532364,-69.45948152619562,-69.45948152619562
2728.860076532364,-69.46112742258994,-69.46112742258994
2728.870076532364,-69.46277813493532,-69.46277813493532
2728.880076532364,-69.46443382128429,-69.46443382128429
2728.8900765323638,-69.4660946372783,-69.4660946372783
2728.900076532364,-69.46776073619446,-69.46776073619446
2728.9100765323637,-69.4694322689364,-69.4694322689364
2728.920076532364,-69.47110938406601,-69.47110938406601
2728.9300765323637,-69.47279222781395,-69.47279222781395
2728.940076532364,-69.47448094409674,-69.47448094409674
2728.9500765323637,-69.47617567452876,-69.47617567452876
2728.960076532364,-69.47787655843412,-69.47787655843412
2728.9700765323637,-69.47958373288185,-69.47958373288185
2728.980076532364,-69.48129733267508,-69.48129733267508
2728.9900765323637,-69.48301749038393,-69.48301749038393
2729.000076532364,-69.48474433633632,-69.48474433633632
2729.010076532364,-69.48647799867608,-69.48647799867608
2729.020076532364,-69.488218603328,-69.488218603328
2729.030076532364,-69.48996627405828,-69.48996627405828
2729.040076532364,-69.49172113245689,-69.49172113245689
2729.050076532364,-69.49348329796742,-69.49348329796742
2729.060076532364,-69.49525288790961,-69.49525288790961
2729.070076532364,-69.49703001747933,-69.49703001747933
2729.080076532364,-69.49881479979072,-69.49881479979072
2729.090076532364,-69.50060734585207,-69.50060734585207
2729.100076532364,-69.5024077646192,-69.5024077646192
2729.110076532364,-69.5042161630017,-69.5042161630017
2729.120076532364,-69.5060326458878,-69.5060326458878
2729.130076532364,-69.50785731613166,-69.50785731613166
2729.1400765323638,-69.50969027460933,-69.50969027460933
2729.150076532364,-69.51153162022426,-69.51153162022426
2729.1600765323637,-69.5133814499091,-69.5133814499091
2729.170076532364,-69.51523985866419,-69.51523985866419
2729.1800765323637,-69.51710693956353,-69.51710693956353
2729.190076532364,-69.51898278378519,-69.51898278378519
2729.2000765323637,-69.52086748061701,-69.52086748061701
2729.210076532364,-69.52276111748309,-69.52276111748309
2729.2200765323637,-69.52466377996983,-69.52466377996983
2729.230076532364,-69.5265755518205,-69.5265755518205
2729.2400765323637,-69.5284965149918,-69.5284965149918
2729.250076532364,-69.53042674962518,-69.53042674962518
2729.260076532364,-69.53236633411981,-69.53236633411981
2729.270076532364,-69.53431534510578,-69.53431534510578
2729.280076532364,-69.53627385748926,-69.53627385748926
2729.290076532364,-69.53824194446365,-69.53824194446365
2729.300076532364,-69.54021967752747,-69.54021967752747
2729.310076532364,-69.54220712650618,-69.54220712650618
2729.320076532364,-69.54420435957636,-69.54420435957636
2729.330076532364,-69.54621144328014,-69.54621144328014
2729.340076532364,-69.54822844254217,-69.54822844254217
2729.3500765562057,-69.55025542551888,-69.55025542551888
2729.360076556206,-69.55229244434382,-69.55229244434382
2729.3700765562057,-69.55433956398957,-69.55433956398957
2729.380076556206,-69.5563968431293,-69.5563968431293
2729.3900765562057,-69.55846433888682,-69.55846433888682
2729.400076556206,-69.56054210690344,-69.56054210690344
2729.4100765562057,-69.56263020133807,-69.56263020133807
2729.420076556206,-69.56472867488004,-69.56472867488004
2729.4300765562057,-69.56683757877386,-69.56683757877386
2729.440076556206,-69.56895696283496,-69.56895696283496
2729.4500765562057,-69.57108687548721,-69.57108687548721
2729.460076556206,-69.57322736374681,-69.57322736374681
2729.4700765562056,-69.57537847328184,-69.57537847328184
2729.480076556206,-69.57754024838246,-69.57754024838246
2729.4900765562056,-69.57971273201882,-69.57971273201882
2729.500076556206,-69.58189596584587,-69.58189596584587
2729.5100765562056,-69.58408999021387,-69.58408999021387
2729.520076556206,-69.5862948441934,-69.5862948441934
2729.5300765562056,-69.58851056559067,-69.58851056559067
2729.540076556206,-69.590737190965,-69.590737190965
2729.5500765562056,-69.59297475565222,-69.59297475565222
2729.560076556206,-69.59522329376489,-69.59522329376489
2729.5700765562055,-69.59748283823875,-69.59748283823875
2729.5800765562058,-69.59975342081823,-69.59975342081823
2729.5900765562055,-69.60203507208632,-69.60203507208632
2729.6000765562057,-69.60432782148365,-69.60432782148365
2729.610076556206,-69.6066316973165,-69.6066316973165
2729.6200765562057,-69.60894672678924,-69.60894672678924
2729.630076556206,-69.61127293600552,-69.61127293600552
2729.6400765562057,-69.61361034998286,-69.61361034998286
2729.650076556206,-69.61595899267137,-69.61595899267137
2729.6600765562057,-69.61831888698649,-69.61831888698649
2729.670076556206,-69.62069005479887,-69.62069005479887
2729.6800765562057,-69.62307251696089,-69.62307251696089
2729.690076556206,-69.62546629331956,-69.62546629331956
2729.7000765562057,-69.62787140274632,-69.62787140274632
2729.710076556206,-69.630287863116,-69.630287863116
2729.7200765562056,-69.63271569136583,-69.63271569136583
2729.730076556206,-69.63515490346836,-69.63515490346836
2729.7400765562056,-69.63760551447642,-69.63760551447642
2729.750076556206,-69.64006753852819,-69.64006753852819
2729.7600765562056,-69.64254098884766,-69.64254098884766
2729.770076556206,-69.64502587778888,-69.64502587778888
2729.7800765562056,-69.64752221681346,-69.64752221681346
2729.790076556206,-69.65003001652299,-69.65003001652299
2729.8000765562056,-69.65254928667963,-69.65254928667963
2729.810076556206,-69.6550800362001,-69.6550800362001
2729.8200765562055,-69.65762227318625,-69.65762227318625
2729.8300765562058,-69.66017600492361,-69.66017600492361
2729.8400765562055,-69.6627412379025,-69.6627412379025
2729.8500765562057,-69.66531797783142,-69.66531797783142
2729.860076556206,-69.66790622964389,-69.66790622964389
2729.8700765562057,-69.67050599752116,-69.67050599752116
2729.880076556206,-69.67311728488741,-69.67311728488741
2729.8900765562057,-69.6757400944353,-69.6757400944353
2729.900076556206,-69.67837442812835,-69.67837442812835
2729.9100765562057,-69.6810202872279,-69.6810202872279
2729.920076556206,-69.683677672277,-69.683677672277
2729.9300765562057,-69.6863465831515,-69.6863465831515
2729.940076556206,-69.68902701902525,-69.68902701902525
2729.9500765562057,-69.691718978426,-69.691718978426
2729.960076556206,-69.6944224592084,-69.6944224592084
2729.9700765562056,-69.6971374585882,-69.6971374585882
2729.980076556206,-69.69986397314673,-69.69986397314673
2729.9900765562056,-69.70260199883876,-69.70260199883876
2730.000076556206,-69.70535153100381,-69.70535153100381
2730.0100765562056,-69.7081125643816,-69.7081125643816
2730.020076556206,-69.71088509310707,-69.71088509310707
2730.0300765562056,-69.71366911074826,-69.71366911074826
2730.040076556206,-69.71646461026886,-69.71646461026886
2730.0500765562056,-69.71927158409964,-69.71927158409964
2730.060076556206,-69.72209002409878,-69.72209002409878
2730.0700765562055,-69.72491992158702,-69.72491992158702
2730.0800765562058,-69.7277612673409,-69.7277612673409
2730.0900765562055,-69.73061405160563,-69.73061405160563
2730.1000765562057,-69.7334782641206,-69.7334782641206
2730.110076556206,-69.73635389410843,-69.73635389410843
2730.1200765562057,-69.73924093029355,-69.73924093029355
2730.130076556206,-69.74213936090031,-69.74213936090031
2730.1400765562057,-69.74504917367673,-69.74504917367673
2730.150076556206,-69.74797035588955,-69.74797035588955
2730.1600765562057,-69.75090289434604,-69.75090289434604
2730.170076556206,-69.75384677538732,-69.75384677538732
2730.1800765562057,-69.7568019849055,-69.7568019849055
2730.190076556206,-69.75976850835296,-69.75976850835296
2730.2000765800476,-69.76274633783768,-69.76274633783768
2730.210076580048,-69.76573544380803,-69.76573544380803
2730.2200765800476,-69.76873581746447,-69.76873581746447
2730.230076580048,-69.77174744256935,-69.77174744256935
2730.2400765800476,-69.77477030248332,-69.77477030248332
2730.250076580048,-69.7778043801491,-69.7778043801491
2730.2600765800476,-69.78084965814054,-69.78084965814054
2730.2700765800478,-69.78390611862453,-69.78390611862453
2730.2800765800475,-69.78697374341229,-69.78697374341229
2730.2900765800478,-69.79005251393572,-69.79005251393572
2730.3000765800475,-69.79314241126374,-69.79314241126374
2730.3100765800477,-69.79624341611033,-69.79624341611033
2730.3200765800475,-69.7993555088444,-69.7993555088444
2730.3300765800477,-69.80247866948783,-69.80247866948783
2730.3400765800475,-69.80561287772571,-69.80561287772571
2730.3500765800477,-69.80875811291304,-69.80875811291304
2730.3600765800475,-69.81191435408651,-69.81191435408651
2730.3700765800477,-69.81508157995317,-69.81508157995317
2730.3800765800474,-69.81825976892513,-69.81825976892513
2730.3900765800477,-69.8214488990944,-69.8214488990944
2730.4000765800474,-69.82464894825874,-69.82464894825874
2730.4100765800476,-69.82785989392009,-69.82785989392009
2730.4200765800474,-69.83108171328868,-69.83108171328868
2730.4300765800476,-69.83431438331016,-69.83431438331016
2730.4400765800474,-69.83755788063264,-69.83755788063264
2730.4500765800476,-69.8408121816351,-69.8408121816351
2730.460076580048,-69.84407726243766,-69.84407726243766
2730.4700765800476,-69.84735309890537,-69.84735309890537
2730.480076580048,-69.85063966662769,-69.85063966662769
2730.4900765800476,-69.85393694095896,-69.85393694095896
2730.500076580048,-69.85724489700364,-69.85724489700364
2730.5100765800476,-69.86056350962438,-69.86056350962438
2730.5200765800478,-69.86389275344446,-69.86389275344446
2730.5300765800475,-69.86723260286988,-69.86723260286988
2730.5400765800478,-69.87058303206987,-69.87058303206987
2730.5500765800475,-69.87394401499873,-69.87394401499873
2730.5600765800477,-69.87731552538537,-69.87731552538537
2730.5700765800475,-69.88069753675403,-69.88069753675403
2730.5800765800477,-69.88409002241772,-69.88409002241772
2730.5900765800475,-69.88749295548648,-69.88749295548648
2730.6000765800477,-69.89090630887893,-69.89090630887893
2730.6100765800475,-69.89433005530864,-69.89433005530864
2730.6200765800477,-69.89776416730406,-69.89776416730406
2730.6300765800474,-69.90120861721712,-69.90120861721712
2730.6400765800477,-69.9046633772018,-69.9046633772018
2730.6500765800474,-69.90812841923695,-69.90812841923695
2730.6600765800476,-69.91160371514545,-69.91160371514545
2730.6700765800474,-69.91508923655536,-69.91508923655536
2730.6800765800476,-69.91858495494996,-69.91858495494996
2730.6900765800474,-69.92209084164924,-69.92209084164924
2730.7000765800476,-69.92560686778748,-69.92560686778748
2730.710076580048,-69.9291269110008,-69.9291269110008
2730.7200765800476,-69.932648275195,-69.932648275195
2730.730076580048,-69.9361696339962,-69.9361696339962
2730.7400765800476,-69.93969029510008,-69.93969029510008
2730.750076580048,-69.94320991944535,-69.94320991944535
2730.7600765800476,-69.94672837530642,-69.94672837530642
2730.7700765800478,-69.95024565275388,-69.95024565275388
2730.7800765800475,-69.95376181226115,-69.95376181226115
2730.7900765800478,-69.95727695378247,-69.95727695378247
2730.8000765800475,-69.96079119819476,-69.96079119819476
2730.8100765800477,-69.96430467622513,-69.96430467622513
2730.8200765800475,-69.967817521987,-69.967817521987
2730.8300765800477,-69.97132986926023,-69.97132986926023
2730.8400765800475,-69.9748418494385,-69.9748418494385
2730.8500765800477,-69.97835359053904,-69.97835359053904
2730.8600765800475,-69.98186521680329,-69.98186521680329
2730.8700765800477,-69.98537684862362,-69.98537684862362
2730.8800765800474,-69.98888860271,-69.98888860271
2730.8900765800477,-69.99240059233054,-69.99240059233054
2730.9000765800474,-69.99591292758195,-69.99591292758195
2730.9100765800476,-69.99942571569281,-69.99942571569281
2730.9200765800474,-70.00293906130567,-70.00293906130567
2730.9300765800476,-70.0064530667189,-70.0064530667189
2730.9400765800474,-70.00996783212666,-70.00996783212666
2730.9500765800476,-70.01348345581535,-70.01348345581535
2730.960076580048,-70.01700003435049,-70.01700003435049
2730.9700765800476,-70.02051766269601,-70.02051766269601
2730.980076580048,-70.0240364343739,-70.0240364343739
2730.9900765800476,-70.027556441539,-70.027556441539
2731.000076580048,-70.03107777508917,-70.03107777508917
2731.0100765800476,-70.0346005247387,-70.0346005247387
2731.0200765800478,-70.03812477906668,-70.03812477906668
2731.0300765800475,-70.04165062558066,-70.04165062558066
2731.0400765800478,-70.04517815073255,-70.04517815073255
2731.0500766038895,-70.04870744837737,-70.04870744837737
2731.0600766038897,-70.0522385861836,-70.0522385861836
2731.0700766038894,-70.05577165602544,-70.05577165602544
2731.0800766038897,-70.05930674045301,-70.05930674045301
2731.0900766038894,-70.06284392107254,-70.06284392107254
2731.1000766038896,-70.06638327853922,-70.06638327853922
2731.1100766038894,-70.06992489259535,-70.06992489259535
2731.1200766038896,-70.07346884203449,-70.07346884203449
2731.1300766038894,-70.07701520474295,-70.07701520474295
2731.1400766038896,-70.08056405765205,-70.08056405765205
2731.1500766038894,-70.08411547678726,-70.08411547678726
2731.1600766038896,-70.0876695372152,-70.0876695372152
2731.1700766038894,-70.09122631308269,-70.09122631308269
2731.1800766038896,-70.09478587757648,-70.09478587757648
2731.1900766038893,-70.09834830295783,-70.09834830295783
2731.2000766038896,-70.10191366051593,-70.10191366051593
2731.2100766038893,-70.10547591141199,-70.10547591141199
2731.2200766038895,-70.10903245079983,-70.10903245079983
2731.2300766038893,-70.11258204619318,-70.11258204619318
2731.2400766038895,-70.11612409993303,-70.11612409993303
2731.2500766038893,-70.11965836767831,-70.11965836767831
2731.2600766038895,-70.12318481215272,-70.12318481215272
2731.2700766038893,-70.1267035174065,-70.1267035174065
2731.2800766038895,-70.1302146372761,-70.1302146372761
2731.2900766038892,-70.13371836439457,-70.13371836439457
2731.3000766038895,-70.13721491157709,-70.13721491157709
2731.3100766038897,-70.14070450075431,-70.14070450075431
2731.3200766038894,-70.14418735644801,-70.14418735644801
2731.3300766038897,-70.14766370202078,-70.14766370202078
2731.3400766038894,-70.15113375766734,-70.15113375766734
2731.3500766038896,-70.15459773937415,-70.15459773937415
2731.3600766038894,-70.15805585851379,-70.15805585851379
2731.3700766038896,-70.16150832177772,-70.16150832177772
2731.3800766038894,-70.16495533133698,-70.16495533133698
2731.3900766038896,-70.16839708506666,-70.16839708506666
2731.4000766038894,-70.17183377683043,-70.17183377683043
2731.4100766038896,-70.17526559677061,-70.17526559677061
2731.4200766038894,-70.178692731584,-70.178692731584
2731.4300766038896,-70.18211536477945,-70.18211536477945
2731.4400766038893,-70.18553367689182,-70.18553367689182
2731.4500766038896,-70.18894784570725,-70.18894784570725
2731.4600766038893,-70.19235804641434,-70.19235804641434
2731.4700766038895,-70.19576445176165,-70.19576445176165
2731.4800766038893,-70.19916723218931,-70.19916723218931
2731.4900766038895,-70.2025665559288,-70.2025665559288
2731.5000766038893,-70.20596258909966,-70.20596258909966
2731.5100766038895,-70.20935549578509,-70.20935549578509
2731.5200766038893,-70.21274543808386,-70.21274543808386
2731.5300766038895,-70.21613257617541,-70.21613257617541
2731.5400766038892,-70.21951706835672,-70.21951706835672
2731.5500766038895,-70.22289907106686,-70.22289907106686
2731.5600766038897,-70.22627873894561,-70.22627873894561
2731.5700766038894,-70.22965622481928,-70.22965622481928
2731.5800766038897,-70.23303167973957,-70.23303167973957
2731.5900766038894,-70.23640525299497,-70.23640525299497
2731.6000766038896,-70.23977709211945,-70.23977709211945
2731.6100766038894,-70.24314734291515,-70.24314734291515
2731.6200766038896,-70.24651614942943,-70.24651614942943
2731.6300766038894,-70.24988365399493,-70.24988365399493
2731.6400766038896,-70.25324999721698,-70.25324999721698
2731.6500766038894,-70.25661531796564,-70.25661531796564
2731.6600766038896,-70.25997975340343,-70.25997975340343
2731.6700766038894,-70.26334343897712,-70.26334343897712
2731.6800766038896,-70.26670650840914,-70.26670650840914
2731.6900766038893,-70.27006909371757,-70.27006909371757
2731.7000766038896,-70.27343132521294,-70.27343132521294
2731.7100766038893,-70.27678720768724,-70.27678720768724
2731.7200766038895,-70.28013418760631,-70.28013418760631
2731.7300766038893,-70.28347108638366,-70.28347108638366
2731.7400766038895,-70.28679736107725,-70.28679736107725
2731.7500766038893,-70.29011282215676,-70.29011282215676
2731.7600766038895,-70.29341748698575,-70.29341748698575
2731.7700766038893,-70.29671149380884,-70.29671149380884
2731.7800766038895,-70.29999505014266,-70.29999505014266
2731.7900766038892,-70.30326840171043,-70.30326840171043
2731.8000766038895,-70.30653181378601,-70.30653181378601
2731.8100766038897,-70.30978556010773,-70.30978556010773
2731.8200766038894,-70.31302991633883,-70.31302991633883
2731.8300766038897,-70.31626515632948,-70.31626515632948
2731.8400766038894,-70.31949155009744,-70.31949155009744
2731.8500766038896,-70.32270936278323,-70.32270936278323
2731.8600766038894,-70.32591885426893,-70.32591885426893
2731.8700766038896,-70.32912027910754,-70.32912027910754
2731.8800766038894,-70.33231388668811,-70.33231388668811
2731.8900766038896,-70.33549992145221,-70.33549992145221
2731.9000766277313,-70.3386786307955,-70.3386786307955
2731.9100766277315,-70.34185023502674,-70.34185023502674
2731.9200766277313,-70.34501497313776,-70.34501497313776
2731.9300766277315,-70.34817307273755,-70.34817307273755
2731.9400766277313,-70.35132475785787,-70.35132475785787
2731.9500766277315,-70.35447024918267,-70.35447024918267
2731.9600766277313,-70.35760976420376,-70.35760976420376
2731.9700766277315,-70.36074351739893,-70.36074351739893
2731.9800766277313,-70.36387172036292,-70.36387172036292
2731.9900766277315,-70.36699458190098,-70.36699458190098
2732.0000766277312,-70.37011230815389,-70.37011230815389
2732.0100766277315,-70.37322510264698,-70.37322510264698
2732.020076627731,-70.37633316640097,-70.37633316640097
2732.0300766277314,-70.37943669795203,-70.37943669795203
2732.040076627731,-70.38253589341814,-70.38253589341814
2732.0500766277314,-70.38563094654171,-70.38563094654171
2732.060076627731,-70.38872204871934,-70.38872204871934
2732.0700766277314,-70.39180938902747,-70.39180938902747
2732.080076627731,-70.39489315425459,-70.39489315425459
2732.0900766277314,-70.39797352891603,-70.39797352891603
2732.100076627731,-70.40105069527922,-70.40105069527922
2732.1100766277314,-70.40412483336091,-70.40412483336091
2732.120076627731,-70.40719612097368,-70.40719612097368
2732.1300766277313,-70.41026473369365,-70.41026473369365
2732.140076627731,-70.41333084491802,-70.41333084491802
2732.1500766277313,-70.41639462583771,-70.41639462583771
2732.1600766277315,-70.41945624545777,-70.41945624545777
2732.1700766277313,-70.42251587061375,-70.42251587061375
2732.1800766277315,-70.42557366597242,-70.42557366597242
2732.1900766277313,-70.4286297940474,-70.4286297940474
2732.2000766277315,-70.43168441518667,-70.43168441518667
2732.2100766277313,-70.43473768759956,-70.43473768759956
2732.2200766277315,-70.43778976736725,-70.43778976736725
2732.2300766277313,-70.44084080843672,-70.44084080843672
2732.2400766277315,-70.44389096263374,-70.44389096263374
2732.2500766277312,-70.44694037969427,-70.44694037969427
2732.2600766277315,-70.44998920722726,-70.44998920722726
2732.270076627731,-70.45303759076195,-70.45303759076195
2732.2800766277314,-70.45608567375362,-70.45608567375362
2732.290076627731,-70.45913359757479,-70.45913359757479
2732.3000766277314,-70.4621815015499,-70.4621815015499
2732.310076627731,-70.46522952294666,-70.46522952294666
2732.3200766277314,-70.46827779699719,-70.46827779699719
2732.330076627731,-70.47132645691488,-70.47132645691488
2732.3400766277314,-70.47437563388712,-70.47437563388712
2732.350076627731,-70.4774254571239,-70.4774254571239
2732.3600766277314,-70.48047605382216,-70.48047605382216
2732.370076627731,-70.48352754922882,-70.48352754922882
2732.3800766277313,-70.48658006661013,-70.48658006661013
2732.390076627731,-70.4896337273041,-70.4896337273041
2732.4000766277313,-70.49268865071011,-70.49268865071011
2732.4100766277315,-70.49574495430687,-70.49574495430687
2732.4200766277313,-70.49880275367988,-70.49880275367988
2732.4300766277315,-70.50186216252926,-70.50186216252926
2732.4400766277313,-70.50492329267364,-70.50492329267364
2732.4500766277315,-70.5079862540873,-70.5079862540873
2732.4600766277313,-70.51104501115361,-70.51104501115361
2732.4700766277315,-70.51409698144037,-70.51409698144037
2732.4800766277313,-70.51714096195919,-70.51714096195919
2732.4900766277315,-70.52017638738168,-70.52017638738168
2732.5000766277312,-70.52320304689307,-70.52320304689307
2732.5100766277315,-70.52622093715459,-70.52622093715459
2732.520076627731,-70.5292301760577,-70.5292301760577
2732.5300766277314,-70.53223095091296,-70.53223095091296
2732.540076627731,-70.53522348730831,-70.53522348730831
2732.5500766277314,-70.53820803038839,-70.53820803038839
2732.560076627731,-70.54118483376317,-70.54118483376317
2732.5700766277314,-70.54415415294906,-70.54415415294906
2732.580076627731,-70.54711624162402,-70.54711624162402
2732.5900766277314,-70.5500713496185,-70.5500713496185
2732.600076627731,-70.55301972188767,-70.55301972188767
2732.6100766277314,-70.55596159811394,-70.55596159811394
2732.620076627731,-70.55889721268602,-70.55889721268602
2732.6300766277313,-70.56182679482733,-70.56182679482733
2732.640076627731,-70.56475056887633,-70.56475056887633
2732.6500766277313,-70.56766875458177,-70.56766875458177
2732.6600766277315,-70.57058156739163,-70.57058156739163
2732.6700766277313,-70.5734892187649,-70.5734892187649
2732.6800766277315,-70.57639191642797,-70.57639191642797
2732.6900766277313,-70.57928986462521,-70.57928986462521
2732.7000766277315,-70.5821832643256,-70.5821832643256
2732.7100766277313,-70.58506616363695,-70.58506616363695
2732.7200766277315,-70.5879360664783,-70.5879360664783
2732.7300766277313,-70.59079185672854,-70.59079185672854
2732.7400766277315,-70.59363305574844,-70.59363305574844
2732.750076651573,-70.5964595457575,-70.5964595457575
2732.7600766515734,-70.59927139572319,-70.59927139572319
2732.770076651573,-70.60206881562652,-70.60206881562652
2732.7800766515734,-70.60485207754313,-70.60485207754313
2732.790076651573,-70.60762149129357,-70.60762149129357
2732.8000766515734,-70.61037738576671,-70.61037738576671
2732.810076651573,-70.61312009778818,-70.61312009778818
2732.8200766515733,-70.61584996556489,-70.61584996556489
2732.830076651573,-70.61856732499899,-70.61856732499899
2732.8400766515733,-70.62127250763047,-70.62127250763047
2732.850076651573,-70.62396583963405,-70.62396583963405
2732.8600766515733,-70.62664764141705,-70.62664764141705
2732.870076651573,-70.62931822757275,-70.62931822757275
2732.8800766515733,-70.63197790705438,-70.63197790705438
2732.890076651573,-70.63462698340616,-70.63462698340616
2732.9000766515733,-70.63726575505746,-70.63726575505746
2732.910076651573,-70.63989451562227,-70.63989451562227
2732.9200766515733,-70.6425135541854,-70.6425135541854
2732.930076651573,-70.64512315555876,-70.64512315555876
2732.9400766515732,-70.64772360052933,-70.64772360052933
2732.950076651573,-70.65031516604108,-70.65031516604108
2732.960076651573,-70.65289812539362,-70.65289812539362
2732.970076651573,-70.65547274838426,-70.65547274838426
2732.980076651573,-70.65803930145685,-70.65803930145685
2732.990076651573,-70.6605980477947,-70.6605980477947
2733.000076651573,-70.66314924740976,-70.66314924740976
2733.0100766515734,-70.66569315725425,-70.66569315725425
2733.020076651573,-70.66823003124621,-70.66823003124621
2733.0300766515734,-70.67076012035635,-70.67076012035635
2733.040076651573,-70.67328367263592,-70.67328367263592
2733.0500766515734,-70.67580093326222,-70.67580093326222
2733.060076651573,-70.67831214457124,-70.67831214457124
2733.0700766515733,-70.68081754607883,-70.68081754607883
2733.080076651573,-70.68331737451027,-70.68331737451027
2733.0900766515733,-70.68581186381711,-70.68581186381711
2733.100076651573,-70.68830124518473,-70.68830124518473
2733.1100766515733,-70.69078574706228,-70.69078574706228
2733.120076651573,-70.69326559516422,-70.69326559516422
2733.1300766515733,-70.69574101247721,-70.69574101247721
2733.140076651573,-70.69821221927491,-70.69821221927491
2733.1500766515733,-70.70067943313494,-70.70067943313494
2733.160076651573,-70.70314286893681,-70.70314286893681
2733.1700766515733,-70.70560273887054,-70.70560273887054
2733.180076651573,-70.70805925244643,-70.70805925244643
2733.1900766515732,-70.71051261651449,-70.71051261651449
2733.200076651573,-70.71296303524926,-70.71296303524926
2733.210076651573,-70.71541071017336,-70.71541071017336
2733.220076651573,-70.71785584018532,-70.71785584018532
2733.230076651573,-70.72029862152097,-70.72029862152097
2733.240076651573,-70.72273924781089,-70.72273924781089
2733.250076651573,-70.72517791005868,-70.72517791005868
2733.2600766515734,-70.72761479667598,-70.72761479667598
2733.270076651573,-70.73005009347224,-70.73005009347224
2733.2800766515734,-70.73248398368891,-70.73248398368891
2733.290076651573,-70.7349166479933,-70.7349166479933
2733.3000766515734,-70.73734826449758,-70.73734826449758
2733.310076651573,-70.7397790087696,-70.7397790087696
2733.3200766515733,-70.74220905385998,-70.74220905385998
2733.330076651573,-70.74463857030574,-70.74463857030574
2733.3400766515733,-70.74706772614616,-70.74706772614616
2733.350076651573,-70.74949668693543,-70.74949668693543
2733.3600766515733,-70.75192561576583,-70.75192561576583
2733.370076651573,-70.75435467328303,-70.75435467328303
2733.3800766515733,-70.75678401770601,-70.75678401770601
2733.390076651573,-70.75921380482316,-70.75921380482316
2733.4000766515733,-70.76164418804568,-70.76164418804568
2733.410076651573,-70.76407531840528,-70.76407531840528
2733.4200766515733,-70.7665073445591,-70.7665073445591
2733.430076651573,-70.76894041284304,-70.76894041284304
2733.4400766515732,-70.77137466725773,-70.77137466725773
2733.450076651573,-70.77381024951008,-70.77381024951008
2733.460076651573,-70.77624113361217,-70.77624113361217
2733.470076651573,-70.77866475970869,-70.77866475970869
2733.480076651573,-70.78107995221569,-70.78107995221569
2733.490076651573,-70.78348617515346,-70.78348617515346
2733.500076651573,-70.78588324795753,-70.78588324795753
2733.5100766515734,-70.7882711978591,-70.7882711978591
2733.520076651573,-70.7906501732745,-70.7906501732745
2733.5300766515734,-70.79302039183366,-70.79302039183366
2733.540076651573,-70.79538210909891,-70.79538210909891
2733.5500766515734,-70.79773559976826,-70.79773559976826
2733.560076651573,-70.8000811465481,-70.8000811465481
2733.5700766515733,-70.80241903358048,-70.80241903358048
2733.580076651573,-70.80474954270124,-70.80474954270124
2733.5900766515733,-70.80707295140373,-70.80707295140373
2733.600076675415,-70.80938953735551,-70.80938953735551
2733.6100766754153,-70.81169955591425,-70.81169955591425
2733.620076675415,-70.81400327325986,-70.81400327325986
2733.6300766754152,-70.8163009444433,-70.8163009444433
2733.640076675415,-70.8185928191603,-70.8185928191603
2733.650076675415,-70.82087914209403,-70.82087914209403
2733.660076675415,-70.82316015320527,-70.82316015320527
2733.670076675415,-70.82543608804222,-70.82543608804222
2733.680076675415,-70.82770717801377,-70.82770717801377
2733.690076675415,-70.82997365063619,-70.82997365063619
2733.700076675415,-70.83223572977425,-70.83223572977425
2733.710076675415,-70.83448746577875,-70.83448746577875
2733.720076675415,-70.83672637709127,-70.83672637709127
2733.730076675415,-70.83895136667313,-70.83895136667313
2733.740076675415,-70.84116197686654,-70.84116197686654
2733.750076675415,-70.84335810501352,-70.84335810501352
2733.760076675415,-70.84553985576576,-70.84553985576576
2733.770076675415,-70.84770745450977,-70.84770745450977
2733.780076675415,-70.84986119533957,-70.84986119533957
2733.790076675415,-70.85200140981166,-70.85200140981166
2733.800076675415,-70.85412844818141,-70.85412844818141
2733.810076675415,-70.85624266822701,-70.85624266822701
2733.820076675415,-70.85834442874716,-70.85834442874716
2733.830076675415,-70.86043408578318,-70.86043408578318
2733.840076675415,-70.86251199061444,-70.86251199061444
2733.850076675415,-70.86457848874794,-70.86457848874794
2733.8600766754153,-70.86663391951915,-70.86663391951915
2733.870076675415,-70.86867861607817,-70.86867861607817
2733.8800766754152,-70.870712905528,-70.870712905528
2733.890076675415,-70.87273710919828,-70.87273710919828
2733.900076675415,-70.87475154294826,-70.87475154294826
2733.910076675415,-70.87675651746916,-70.87675651746916
2733.920076675415,-70.8787523385775,-70.8787523385775
2733.930076675415,-70.88073930748116,-70.88073930748116
2733.940076675415,-70.88271772102316,-70.88271772102316
2733.950076675415,-70.88468787189875,-70.88468787189875
2733.960076675415,-70.88665004883389,-70.88665004883389
2733.970076675415,-70.88860453676006,-70.88860453676006
2733.980076675415,-70.89055161693341,-70.89055161693341
2733.990076675415,-70.89249156707021,-70.89249156707021
2734.000076675415,-70.89442466143265,-70.89442466143265
2734.010076675415,-70.89635117091699,-70.89635117091699
2734.020076675415,-70.89827136313336,-70.89827136313336
2734.030076675415,-70.90018550245543,-70.90018550245543
2734.040076675415,-70.90209385007601,-70.90209385007601
2734.050076675415,-70.90399666405007,-70.90399666405007
2734.060076675415,-70.90589419933225,-70.90589419933225
2734.070076675415,-70.90778670781296,-70.90778670781296
2734.080076675415,-70.90967443833082,-70.90967443833082
2734.090076675415,-70.91155763671951,-70.91155763671951
2734.100076675415,-70.91343654579474,-70.91343654579474
2734.1100766754153,-70.91531140541146,-70.91531140541146
2734.120076675415,-70.91718245243588,-70.91718245243588
2734.1300766754152,-70.91904992080862,-70.91904992080862
2734.140076675415,-70.92091404151591,-70.92091404151591
2734.150076675415,-70.92277504262496,-70.92277504262496
2734.160076675415,-70.92463314929932,-70.92463314929932
2734.170076675415,-70.92648858378156,-70.92648858378156
2734.180076675415,-70.92834156544926,-70.92834156544926
2734.190076675415,-70.9301923107862,-70.9301923107862
2734.200076675415,-70.93204103342235,-70.93204103342235
2734.210076675415,-70.93388794413252,-70.93388794413252
2734.220076675415,-70.93573325084864,-70.93573325084864
2734.230076675415,-70.93757715866978,-70.93757715866978
2734.240076675415,-70.93941986989611,-70.93941986989611
2734.250076675415,-70.94126158400614,-70.94126158400614
2734.260076675415,-70.94310249770224,-70.94310249770224
2734.270076675415,-70.9449428049244,-70.9449428049244
2734.280076675415,-70.94678269683641,-70.94678269683641
2734.290076675415,-70.9486223618691,-70.9486223618691
2734.300076675415,-70.9504619857279,-70.9504619857279
2734.310076675415,-70.95230175140361,-70.95230175140361
2734.320076675415,-70.95414183919651,-70.95414183919651
2734.330076675415,-70.95598242672897,-70.95598242672897
2734.340076675415,-70.95782368898072,-70.95782368898072
2734.350076675415,-70.95966579826707,-70.95966579826707
2734.3600766754153,-70.96150892429989,-70.96150892429989
2734.370076675415,-70.96335323418343,-70.96335323418343
2734.3800766754152,-70.9651988924419,-70.9651988924419
2734.390076675415,-70.96704606103395,-70.96704606103395
2734.400076675415,-70.96889489938042,-70.96889489938042
2734.410076675415,-70.97074556438052,-70.97074556438052
2734.420076675415,-70.97259821043214,-70.97259821043214
2734.430076675415,-70.97445298945193,-70.97445298945193
2734.440076675415,-70.97631005089855,-70.97631005089855
2734.450076699257,-70.97816954623126,-70.97816954623126
2734.460076699257,-70.9800316112091,-70.9800316112091
2734.470076699257,-70.98189639246795,-70.98189639246795
2734.480076699257,-70.98376402985616,-70.98376402985616
2734.490076699257,-70.98563466087455,-70.98563466087455
2734.500076699257,-70.98750842069529,-70.98750842069529
2734.510076699257,-70.98938544219675,-70.98938544219675
2734.520076699257,-70.99126585598303,-70.99126585598303
2734.530076699257,-70.99314979039006,-70.99314979039006
2734.540076699257,-70.99503737152602,-70.99503737152602
2734.550076699257,-70.99692872328566,-70.99692872328566
2734.560076699257,-70.99882396738491,-70.99882396738491
2734.570076699257,-71.00072322337734,-71.00072322337734
2734.580076699257,-71.00262660867169,-71.00262660867169
2734.5900766992568,-71.00444625166872,-71.00444625166872
2734.600076699257,-71.00614774652772,-71.00614774652772
2734.6100766992568,-71.00771669050319,-71.00771669050319
2734.620076699257,-71.00914725200981,-71.00914725200981
2734.6300766992567,-71.01043808477276,-71.01043808477276
2734.640076699257,-71.01159039505684,-71.01159039505684
2734.6500766992567,-71.01260685520057,-71.01260685520057
2734.660076699257,-71.01349094952494,-71.01349094952494
2734.6700766992567,-71.01424657298315,-71.01424657298315
2734.680076699257,-71.01487778544418,-71.01487778544418
2734.6900766992567,-71.01538866351734,-71.01538866351734
2734.700076699257,-71.01578321357348,-71.01578321357348
2734.710076699257,-71.0160653232517,-71.0160653232517
2734.720076699257,-71.0162387367774,-71.0162387367774
2734.730076699257,-71.01630704493175,-71.01630704493175
2734.740076699257,-71.01627368387861,-71.01627368387861
2734.750076699257,-71.01614193899019,-71.01614193899019
2734.760076699257,-71.01591495157577,-71.01591495157577
2734.770076699257,-71.01559572687643,-71.01559572687643
2734.780076699257,-71.0151871426034,-71.0151871426034
2734.790076699257,-71.01469195740982,-71.01469195740982
2734.800076699257,-71.01411281905497,-71.01411281905497
2734.810076699257,-71.01345227207105,-71.01345227207105
2734.820076699257,-71.01271276491693,-71.01271276491693
2734.830076699257,-71.01189665652424,-71.01189665652424
2734.8400766992568,-71.01100622232043,-71.01100622232043
2734.850076699257,-71.01004365973564,-71.01004365973564
2734.8600766992568,-71.00901109320915,-71.00901109320915
2734.870076699257,-71.00791057874561,-71.00791057874561
2734.8800766992567,-71.00674410811133,-71.00674410811133
2734.890076699257,-71.00551361261451,-71.00551361261451
2734.9000766992567,-71.00422096657996,-71.00422096657996
2734.910076699257,-71.00286799052056,-71.00286799052056
2734.9200766992567,-71.00145645405314,-71.00145645405314
2734.930076699257,-70.99998807853729,-70.99998807853729
2734.9400766992567,-70.99846453954353,-70.99846453954353
2734.950076699257,-70.99688746907192,-70.99688746907192
2734.960076699257,-70.99525845763532,-70.99525845763532
2734.970076699257,-70.99357905615584,-70.99357905615584
2734.980076699257,-70.99185077774014,-70.99185077774014
2734.990076699257,-70.99007509928765,-70.99007509928765
2735.000076699257,-70.98825346300062,-70.98825346300062
2735.010076699257,-70.98638727778024,-70.98638727778024
2735.020076699257,-70.98447792053301,-70.98447792053301
2735.030076699257,-70.98252673736889,-70.98252673736889
2735.040076699257,-70.98053504472306,-70.98053504472306
2735.050076699257,-70.97850413041942,-70.97850413041942
2735.060076699257,-70.9764352546324,-70.9764352546324
2735.070076699257,-70.97432965082407,-70.97432965082407
2735.080076699257,-70.97218852658389,-70.97218852658389
2735.0900766992568,-70.97001306446504,-70.97001306446504
2735.100076699257,-70.96780442271219,-70.96780442271219
2735.1100766992568,-70.96556373600409,-70.96556373600409
2735.120076699257,-70.96329211612897,-70.96329211612897
2735.1300766992567,-70.96099065259365,-70.96099065259365
2735.140076699257,-70.95866041326488,-70.95866041326488
2735.1500766992567,-70.95630244493036,-70.95630244493036
2735.160076699257,-70.95391777381336,-70.95391777381336
2735.1700766992567,-70.95150740615094,-70.95150740615094
2735.180076699257,-70.94907232863086,-70.94907232863086
2735.1900766992567,-70.9466135088866,-70.9466135088866
2735.200076699257,-70.94413189595528,-70.94413189595528
2735.210076699257,-70.94162842068548,-70.94162842068548
2735.220076699257,-70.93910399616252,-70.93910399616252
2735.230076699257,-70.93655951809454,-70.93655951809454
2735.240076699257,-70.93399586521222,-70.93399586521222
2735.250076699257,-70.9314138996055,-70.9314138996055
2735.260076699257,-70.92881446709004,-70.92881446709004
2735.270076699257,-70.92619839754369,-70.92619839754369
2735.280076699257,-70.92356650523521,-70.92356650523521
2735.290076699257,-70.92091958914241,-70.92091958914241
2735.3000767230988,-70.9182584268965,-70.9182584268965
2735.310076723099,-70.91558380038903,-70.91558380038903
2735.3200767230987,-70.91289645827906,-70.91289645827906
2735.330076723099,-70.91019714129023,-70.91019714129023
2735.3400767230987,-70.90748657630321,-70.90748657630321
2735.350076723099,-70.90476547660327,-70.90476547660327
2735.3600767230987,-70.90203454213363,-70.90203454213363
2735.370076723099,-70.89929445973668,-70.89929445973668
2735.3800767230987,-70.89654590340852,-70.89654590340852
2735.390076723099,-70.89378953451576,-70.89378953451576
2735.4000767230987,-70.89102600205155,-70.89102600205155
2735.410076723099,-70.88825594282298,-70.88825594282298
2735.4200767230986,-70.88547998169479,-70.88547998169479
2735.430076723099,-70.88269873180523,-70.88269873180523
2735.4400767230986,-70.8799127947535,-70.8799127947535
2735.450076723099,-70.87712276082637,-70.87712276082637
2735.4600767230986,-70.87432920917679,-70.87432920917679
2735.470076723099,-70.87153270803545,-70.87153270803545
2735.4800767230986,-70.86873381489664,-70.86873381489664
2735.490076723099,-70.86593307669834,-70.86593307669834
2735.5000767230986,-70.86313103001271,-70.86313103001271
2735.510076723099,-70.86032820121986,-70.86032820121986
2735.5200767230986,-70.85752510669043,-70.85752510669043
2735.530076723099,-70.85472225294106,-70.85472225294106
2735.5400767230985,-70.85192013683937,-70.85192013683937
2735.5500767230988,-70.84911924571938,-70.84911924571938
2735.560076723099,-70.8463200575888,-70.8463200575888
2735.5700767230987,-70.84352304125647,-70.84352304125647
2735.580076723099,-70.84072865651657,-70.84072865651657
2735.5900767230987,-70.83793735427423,-70.83793735427423
2735.600076723099,-70.83514957671174,-70.83514957671174
2735.6100767230987,-70.83236575743211,-70.83236575743211
2735.620076723099,-70.82958632162028,-70.82958632162028
2735.6300767230987,-70.82681168614177,-70.82681168614177
2735.640076723099,-70.82404225973957,-70.82404225973957
2735.6500767230987,-70.82127844312699,-70.82127844312699
2735.660076723099,-70.81852062914678,-70.81852062914678
2735.6700767230986,-70.81576920289247,-70.81576920289247
2735.680076723099,-70.81302454185064,-70.81302454185064
2735.6900767230986,-70.81028701600593,-70.81028701600593
2735.700076723099,-70.80755698799679,-70.80755698799679
2735.7100767230986,-70.80483481321724,-70.80483481321724
2735.720076723099,-70.80212083994388,-70.80212083994388
2735.7300767230986,-70.79941540945921,-70.79941540945921
2735.740076723099,-70.79671885615534,-70.79671885615534
2735.7500767230986,-70.79403150768496,-70.79403150768496
2735.760076723099,-70.79135368502482,-70.79135368502482
2735.7700767230986,-70.7886857026218,-70.7886857026218
2735.780076723099,-70.78602786850175,-70.78602786850175
2735.7900767230985,-70.7833804843567,-70.7833804843567
2735.8000767230988,-70.78074384566261,-70.78074384566261
2735.810076723099,-70.77811824178633,-70.77811824178633
2735.8200767230987,-70.7755039560877,-70.7755039560877
2735.830076723099,-70.77290126600886,-70.77290126600886
2735.8400767230987,-70.77031044318687,-70.77031044318687
2735.850076723099,-70.76773175354487,-70.76773175354487
2735.8600767230987,-70.76516545739979,-70.76516545739979
2735.870076723099,-70.76261180952214,-70.76261180952214
2735.8800767230987,-70.76007105926693,-70.76007105926693
2735.890076723099,-70.75754345063778,-70.75754345063778
2735.9000767230987,-70.75502922239684,-70.75502922239684
2735.910076723099,-70.75252860813646,-70.75252860813646
2735.9200767230986,-70.75004183637493,-70.75004183637493
2735.930076723099,-70.74756913064478,-70.74756913064478
2735.9400767230986,-70.74511070956119,-70.74511070956119
2735.950076723099,-70.74266678690489,-70.74266678690489
2735.9600767230986,-70.7402314270825,-70.7402314270825
2735.970076723099,-70.73780216024517,-70.73780216024517
2735.9800767230986,-70.73537789604609,-70.73537789604609
2735.990076723099,-70.73295817854365,-70.73295817854365
2736.0000767230986,-70.73054290250838,-70.73054290250838
2736.010076723099,-70.72813216634023,-70.72813216634023
2736.0200767230986,-70.72572618594894,-70.72572618594894
2736.030076723099,-70.72332524307569,-70.72332524307569
2736.0400767230985,-70.72092965429788,-70.72092965429788
2736.0500767230988,-70.71853975245394,-70.71853975245394
2736.060076723099,-70.71615587566602,-70.71615587566602
2736.0700767230987,-70.71377836092077,-70.71377836092077
2736.080076723099,-70.71140754045236,-70.71140754045236
2736.0900767230987,-70.70904373981635,-70.70904373981635
2736.100076723099,-70.70668727696417,-70.70668727696417
2736.1100767230987,-70.70433846194648,-70.70433846194648
2736.120076723099,-70.70199759697573,-70.70199759697573
2736.1300767230987,-70.69966497663408,-70.69966497663408
2736.140076723099,-70.69734088822854,-70.69734088822854
2736.1500767469406,-70.69502560662568,-70.69502560662568
2736.160076746941,-70.69271941671367,-70.69271941671367
2736.1700767469406,-70.69042258060306,-70.69042258060306
2736.180076746941,-70.68813536009101,-70.68813536009101
2736.1900767469406,-70.68585801140236,-70.68585801140236
2736.200076746941,-70.68359078547097,-70.68359078547097
2736.2100767469406,-70.68133392819895,-70.68133392819895
2736.220076746941,-70.67908768062507,-70.67908768062507
2736.2300767469405,-70.67685227915929,-70.67685227915929
2736.2400767469408,-70.67462795572543,-70.67462795572543
2736.2500767469405,-70.67241493791033,-70.67241493791033
2736.2600767469407,-70.67021344908576,-70.67021344908576
2736.2700767469405,-70.66802370854812,-70.66802370854812
2736.2800767469407,-70.66584593160074,-70.66584593160074
2736.2900767469405,-70.66368032965282,-70.66368032965282
2736.3000767469407,-70.66152711030774,-70.66152711030774
2736.3100767469405,-70.65938647741879,-70.65938647741879
2736.3200767469407,-70.65725863117484,-70.65725863117484
2736.3300767469404,-70.65514376815679,-70.65514376815679
2736.3400767469407,-70.65304208139368,-70.65304208139368
2736.3500767469404,-70.65095376041016,-70.65095376041016
2736.3600767469406,-70.64887899129103,-70.64887899129103
2736.3700767469404,-70.64681795670343,-70.64681795670343
2736.3800767469406,-70.64477083597563,-70.64477083597563
2736.3900767469404,-70.64273780509298,-70.64273780509298
2736.4000767469406,-70.64071903677159,-70.64071903677159
2736.410076746941,-70.6387147004858,-70.6387147004858
2736.4200767469406,-70.63672496250432,-70.63672496250432
2736.430076746941,-70.63474998592113,-70.63474998592113
2736.4400767469406,-70.63278993069494,-70.63278993069494
2736.450076746941,-70.63084495368669,-70.63084495368669
2736.4600767469406,-70.62891520868341,-70.62891520868341
2736.470076746941,-70.62700084643357,-70.62700084643357
2736.4800767469405,-70.62510201468261,-70.62510201468261
2736.4900767469408,-70.62321885820069,-70.62321885820069
2736.5000767469405,-70.6213515188149,-70.6213515188149
2736.5100767469407,-70.61950013543685,-70.61950013543685
2736.5200767469405,-70.61766484410057,-70.61766484410057
2736.5300767469407,-70.6158457779912,-70.6158457779912
2736.5400767469405,-70.61404306746874,-70.61404306746874
2736.5500767469407,-70.61225684009916,-70.61225684009916
2736.5600767469405,-70.61048722069545,-70.61048722069545
2736.5700767469407,-70.6087343313345,-70.6087343313345
2736.5800767469404,-70.6069982913946,-70.6069982913946
2736.5900767469407,-70.6052792175756,-70.6052792175756
2736.6000767469404,-70.60357722395015,-70.60357722395015
2736.6100767469406,-70.60189242196134,-70.60189242196134
2736.6200767469404,-70.60022492047956,-70.60022492047956
2736.6300767469406,-70.59857482581951,-70.59857482581951
2736.6400767469404,-70.59694224177277,-70.59694224177277
2736.6500767469406,-70.59532726962637,-70.59532726962637
2736.660076746941,-70.59373000822231,-70.59373000822231
2736.6700767469406,-70.59215055394142,-70.59215055394142
2736.680076746941,-70.59058900077167,-70.59058900077167
2736.6900767469406,-70.58904544032264,-70.58904544032264
2736.700076746941,-70.58751996183375,-70.58751996183375
2736.7100767469406,-70.58601265224992,-70.58601265224992
2736.720076746941,-70.5845235962057,-70.5845235962057
2736.7300767469405,-70.58305287607263,-70.58305287607263
2736.7400767469408,-70.58160057198663,-70.58160057198663
2736.7500767469405,-70.58016676187488,-70.58016676187488
2736.7600767469407,-70.57875152148866,-70.57875152148866
2736.7700767469405,-70.5773549244197,-70.5773549244197
2736.7800767469407,-70.57597704212976,-70.57597704212976
2736.7900767469405,-70.57461794399894,-70.57461794399894
2736.8000767469407,-70.57327769731738,-70.57327769731738
2736.8100767469405,-70.5719563673492,-70.5719563673492
2736.8200767469407,-70.57065401732987,-70.57065401732987
2736.8300767469404,-70.56937070851045,-70.56937070851045
2736.8400767469407,-70.56810650017177,-70.56810650017177
2736.8500767469404,-70.56686144967362,-70.56686144967362
2736.8600767469406,-70.56563561244722,-70.56563561244722
2736.8700767469404,-70.56442904204908,-70.56442904204908
2736.8800767469406,-70.56324179018048,-70.56324179018048
2736.8900767469404,-70.56207390669414,-70.56207390669414
2736.9000767469406,-70.56092543965633,-70.56092543965633
2736.910076746941,-70.55979643533423,-70.55979643533423
2736.9200767469406,-70.55868693824841,-70.55868693824841
2736.930076746941,-70.5575969911819,-70.5575969911819
2736.9400767469406,-70.55652663520995,-70.55652663520995
2736.950076746941,-70.5554759097158,-70.5554759097158
2736.9600767469406,-70.55444485244162,-70.55444485244162
2736.970076746941,-70.55343349948245,-70.55343349948245
2736.9800767469405,-70.55244188531977,-70.55244188531977
2736.9900767469408,-70.55147004284656,-70.55147004284656
2737.0000767707825,-70.55051800113546,-70.55051800113546
2737.0100767707827,-70.54958579457112,-70.54958579457112
2737.0200767707825,-70.54867344907176,-70.54867344907176
2737.0300767707827,-70.54778099140914,-70.54778099140914
2737.0400767707824,-70.5469084468927,-70.5469084468927
2737.0500767707827,-70.5460558393608,-70.5460558393608
2737.0600767707824,-70.54522319122465,-70.54522319122465
2737.0700767707826,-70.54441052348847,-70.54441052348847
2737.0800767707824,-70.54361785576265,-70.54361785576265
2737.0900767707826,-70.54284520629255,-70.54284520629255
2737.1000767707824,-70.5420925919818,-70.5420925919818
2737.1100767707826,-70.54136002839981,-70.54136002839981
2737.1200767707824,-70.54064752981625,-70.54064752981625
2737.1300767707826,-70.53995510921959,-70.53995510921959
2737.1400767707823,-70.53928277832424,-70.53928277832424
2737.1500767707826,-70.53863054759826,-70.53863054759826
2737.1600767707823,-70.53799842629503,-70.53799842629503
2737.1700767707825,-70.53738642244966,-70.53738642244966
2737.1800767707823,-70.53679454291043,-70.53679454291043
2737.1900767707825,-70.53622279336216,-70.53622279336216
2737.2000767707823,-70.5356711783455,-70.5356711783455
2737.2100767707825,-70.53513970124696,-70.53513970124696
2737.2200767707823,-70.53462836435702,-70.53462836435702
2737.2300767707825,-70.53413716885996,-70.53413716885996
2737.2400767707823,-70.53366611487834,-70.53366611487834
2737.2500767707825,-70.53321520144303,-70.53321520144303
2737.2600767707827,-70.53278442657323,-70.53278442657323
2737.2700767707825,-70.53237378723765,-70.53237378723765
2737.2800767707827,-70.53198327940659,-70.53198327940659
2737.2900767707824,-70.53161289805603,-70.53161289805603
2737.3000767707827,-70.53126263718426,-70.53126263718426
2737.3100767707824,-70.53093248981881,-70.53093248981881
2737.3200767707826,-70.5306224480525,-70.5306224480525
2737.3300767707824,-70.53033250304989,-70.53033250304989
2737.3400767707826,-70.53006264504664,-70.53006264504664
2737.3500767707824,-70.52981286339907,-70.52981286339907
2737.3600767707826,-70.52958314656595,-70.52958314656595
2737.3700767707824,-70.5293734821455,-70.5293734821455
2737.3800767707826,-70.52918385686958,-70.52918385686958
2737.3900767707823,-70.52901425665019,-70.52901425665019
2737.4000767707826,-70.52886466655805,-70.52886466655805
2737.4100767707823,-70.52873507085879,-70.52873507085879
2737.4200767707825,-70.52862545301642,-70.52862545301642
2737.4300767707823,-70.5285357957171,-70.5285357957171
2737.4400767707825,-70.52846608087506,-70.52846608087506
2737.4500767707823,-70.52841628964957,-70.52841628964957
2737.4600767707825,-70.52838640245247,-70.52838640245247
2737.4700767707823,-70.52837639897126,-70.52837639897126
2737.4800767707825,-70.52838625816241,-70.52838625816241
2737.4900767707823,-70.52841595829929,-70.52841595829929
2737.5000767707825,-70.52846547693989,-70.52846547693989
2737.5100767707827,-70.5285347909799,-70.5285347909799
2737.5200767707825,-70.52862387664496,-70.52862387664496
2737.5300767707827,-70.52873270948811,-70.52873270948811
2737.5400767707824,-70.52886126443933,-70.52886126443933
2737.5500767707827,-70.52900951578688,-70.52900951578688
2737.5600767707824,-70.52917743720148,-70.52917743720148
2737.5700767707826,-70.52936500173044,-70.52936500173044
2737.5800767707824,-70.52957218184457,-70.52957218184457
2737.5900767707826,-70.5297989494083,-70.5297989494083
2737.6000767707824,-70.53004527571521,-70.53004527571521
2737.6100767707826,-70.53031113150001,-70.53031113150001
2737.6200767707824,-70.53059648693899,-70.53059648693899
2737.6300767707826,-70.53090131164612,-70.53090131164612
2737.6400767707823,-70.53122557473036,-70.53122557473036
2737.6500767707826,-70.53156924474943,-70.53156924474943
2737.6600767707823,-70.53193228976512,-70.53193228976512
2737.6700767707825,-70.53231467732874,-70.53231467732874
2737.6800767707823,-70.53271637448661,-70.53271637448661
2737.6900767707825,-70.53313734781007,-70.53313734781007
2737.7000767707823,-70.53357756338679,-70.53357756338679
2737.7100767707825,-70.5340308532724,-70.5340308532724
2737.7200767707823,-70.5344945082804,-70.5344945082804
2737.7300767707825,-70.53496719913527,-70.53496719913527
2737.7400767707823,-70.53544823373132,-70.53544823373132
2737.7500767707825,-70.53593727414452,-70.53593727414452
2737.7600767707827,-70.53643418985084,-70.53643418985084
2737.7700767707825,-70.53693897173241,-70.53693897173241
2737.7800767707827,-70.53745168044874,-70.53745168044874
2737.7900767707824,-70.53797241542388,-70.53797241542388
2737.8000767707827,-70.53850129625953,-70.53850129625953
2737.8100767707824,-70.53903845168534,-70.53903845168534
2737.8200767707826,-70.53958401308965,-70.53958401308965
2737.8300767707824,-70.54013811083033,-70.54013811083033
2737.8400767707826,-70.54070087224174,-70.54070087224174
2737.8500767946243,-70.54127242203896,-70.54127242203896
2737.8600767946245,-70.54185287651012,-70.54185287651012
2737.8700767946243,-70.54244235154198,-70.54244235154198
2737.8800767946245,-70.54304095753399,-70.54304095753399
2737.8900767946243,-70.54364880092206,-70.54364880092206
2737.9000767946245,-70.54426598451496,-70.54426598451496
2737.9100767946243,-70.54489260779951,-70.54489260779951
2737.9200767946245,-70.54552876723463,-70.54552876723463
2737.9300767946243,-70.54617455653188,-70.54617455653188
2737.9400767946245,-70.54683006692545,-70.54683006692545
2737.9500767946242,-70.54749538733876,-70.54749538733876
2737.9600767946245,-70.54817060462716,-70.54817060462716
2737.970076794624,-70.54885580369788,-70.54885580369788
2737.9800767946244,-70.54955106767872,-70.54955106767872
2737.990076794624,-70.55025647801669,-70.55025647801669
2738.0000767946244,-70.55097211458536,-70.55097211458536
2738.010076794624,-70.55169805577417,-70.55169805577417
2738.0200767946244,-70.55243437855422,-70.55243437855422
2738.030076794624,-70.55318115853548,-70.55318115853548
2738.0400767946244,-70.55393847000695,-70.55393847000695
2738.050076794624,-70.55470638599992,-70.55470638599992
2738.0600767946244,-70.55548497830316,-70.55548497830316
2738.070076794624,-70.55627431749168,-70.55627431749168
2738.0800767946243,-70.55707447294166,-70.55707447294166
2738.090076794624,-70.5578855128752,-70.5578855128752
2738.1000767946243,-70.55870750433722,-70.55870750433722
2738.1100767946245,-70.55954051323077,-70.55954051323077
2738.1200767946243,-70.56038460432781,-70.56038460432781
2738.1300767946245,-70.56123984125193,-70.56123984125193
2738.1400767946243,-70.56210628651506,-70.56210628651506
2738.1500767946245,-70.56298400148609,-70.56298400148609
2738.1600767946243,-70.5638730464268,-70.5638730464268
2738.1700767946245,-70.56477348047609,-70.56477348047609
2738.1800767946243,-70.56568536165531,-70.56568536165531
2738.1900767946245,-70.56660874685785,-70.56660874685785
2738.2000767946242,-70.5675436918802,-70.5675436918802
2738.2100767946245,-70.56848411297617,-70.56848411297617
2738.220076794624,-70.56942738576534,-70.56942738576534
2738.2300767946244,-70.5703722659216,-70.5703722659216
2738.240076794624,-70.57131814619008,-70.57131814619008
2738.2500767946244,-70.57226477322557,-70.57226477322557
2738.260076794624,-70.57321210069433,-70.57321210069433
2738.2700767946244,-70.57416020323066,-70.57416020323066
2738.280076794624,-70.57510922473043,-70.57510922473043
2738.2900767946244,-70.57605934732888,-70.57605934732888
2738.300076794624,-70.57701077275324,-70.57701077275324
2738.3100767946244,-70.5779637112724,-70.5779637112724
2738.320076794624,-70.57891837521272,-70.57891837521272
2738.3300767946243,-70.57987497523554,-70.57987497523554
2738.340076794624,-70.58083371836359,-70.58083371836359
2738.3500767946243,-70.5817948069455,-70.5817948069455
2738.3600767946245,-70.5827584383143,-70.5827584383143
2738.3700767946243,-70.58372480474833,-70.58372480474833
2738.3800767946245,-70.58469409362775,-70.58469409362775
2738.3900767946243,-70.58566648771047,-70.58566648771047
2738.4000767946245,-70.58664216541906,-70.58664216541906
2738.4100767946243,-70.58762130116554,-70.58762130116554
2738.4200767946245,-70.58860406563232,-70.58860406563232
2738.4300767946243,-70.58959062605817,-70.58959062605817
2738.4400767946245,-70.59058114646896,-70.59058114646896
2738.4500767946242,-70.59157578788317,-70.59157578788317
2738.4600767946245,-70.5925747085289,-70.5925747085289
2738.470076794624,-70.59357806397162,-70.59357806397162
2738.4800767946244,-70.59458600727072,-70.59458600727072
2738.490076794624,-70.59559868910848,-70.59559868910848
2738.5000767946244,-70.59661625785132,-70.59661625785132
2738.510076794624,-70.59763885967733,-70.59763885967733
2738.5200767946244,-70.59866663862407,-70.59866663862407
2738.530076794624,-70.59969973665225,-70.59969973665225
2738.5400767946244,-70.60073829368953,-70.60073829368953
2738.550076794624,-70.60178244769088,-70.60178244769088
2738.5600767946244,-70.60283233464283,-70.60283233464283
2738.570076794624,-70.60388808863799,-70.60388808863799
2738.5800767946243,-70.60494984184704,-70.60494984184704
2738.590076794624,-70.60601772458095,-70.60601772458095
2738.6000767946243,-70.60709186528278,-70.60709186528278
2738.6100767946245,-70.60817239055886,-70.60817239055886
2738.6200767946243,-70.6092594251727,-70.6092594251727
2738.6300767946245,-70.61035309208347,-70.61035309208347
2738.6400767946243,-70.61145351242428,-70.61145351242428
2738.6500767946245,-70.61256080551998,-70.61256080551998
2738.6600767946243,-70.61367508890702,-70.61367508890702
2738.6700767946245,-70.61479647833097,-70.61479647833097
2738.6800767946243,-70.61592508773893,-70.61592508773893
2738.6900767946245,-70.61706102931367,-70.61706102931367
2738.700076818466,-70.61820441619248,-70.61820441619248
2738.7100768184664,-70.61935535159758,-70.61935535159758
2738.720076818466,-70.62051394507739,-70.62051394507739
2738.7300768184664,-70.62168030176282,-70.62168030176282
2738.740076818466,-70.62285452503168,-70.62285452503168
2738.7500768184664,-70.62403671650749,-70.62403671650749
2738.760076818466,-70.6252269760919,-70.6252269760919
2738.7700768184664,-70.62642540194258,-70.62642540194258
2738.780076818466,-70.62763209051197,-70.62763209051197
2738.7900768184663,-70.62884713651606,-70.62884713651606
2738.800076818466,-70.6300706329891,-70.6300706329891
2738.8100768184663,-70.63130267125685,-70.63130267125685
2738.820076818466,-70.63254334096489,-70.63254334096489
2738.8300768184663,-70.63379273005923,-70.63379273005923
2738.840076818466,-70.63505092484299,-70.63505092484299
2738.8500768184663,-70.63631800993836,-70.63631800993836
2738.860076818466,-70.63759406832952,-70.63759406832952
2738.8700768184663,-70.63887918136516,-70.63887918136516
2738.880076818466,-70.64017342875722,-70.64017342875722
2738.8900768184662,-70.64147688860626,-70.64147688860626
2738.900076818466,-70.64278963741079,-70.64278963741079
2738.910076818466,-70.64411175006839,-70.64411175006839
2738.920076818466,-70.64544329990758,-70.64544329990758
2738.930076818466,-70.64678435868295,-70.64678435868295
2738.940076818466,-70.648134996596,-70.648134996596
2738.950076818466,-70.64949528229526,-70.64949528229526
2738.9600768184664,-70.65086528291783,-70.65086528291783
2738.970076818466,-70.6522450640726,-70.6522450640726
2738.9800768184664,-70.6536346898653,-70.6536346898653
2738.990076818466,-70.65503422291508,-70.65503422291508
2739.0000768184664,-70.65644372437308,-70.65644372437308
2739.010076818466,-70.65786325392594,-70.65786325392594
2739.0200768184664,-70.65929286980631,-70.65929286980631
2739.030076818466,-70.66073262882534,-70.66073262882534
2739.0400768184663,-70.66218258636916,-70.66218258636916
2739.050076818466,-70.6636427964215,-70.6636427964215
2739.0600768184663,-70.6651133115783,-70.6651133115783
2739.070076818466,-70.66659418306119,-70.66659418306119
2739.0800768184663,-70.66808546073102,-70.66808546073102
2739.090076818466,-70.66958719311393,-70.66958719311393
2739.1000768184663,-70.6710994273951,-70.6710994273951
2739.110076818466,-70.6726222094421,-70.6726222094421
2739.1200768184663,-70.67415558383708,-70.67415558383708
2739.130076818466,-70.67569959386378,-70.67569959386378
2739.1400768184662,-70.67725428154004,-70.67725428154004
2739.150076818466,-70.67881968763182,-70.67881968763182
2739.160076818466,-70.68039585166511,-70.68039585166511
2739.170076818466,-70.6819828119425,-70.6819828119425
2739.180076818466,-70.6835806055385,-70.6835806055385
2739.190076818466,-70.68518926835962,-70.68518926835962
2739.200076818466,-70.68680883511858,-70.68680883511858
2739.2100768184664,-70.68843318739634,-70.68843318739634
2739.220076818466,-70.69005967129344,-70.69005967129344
2739.2300768184664,-70.69168701561668,-70.69168701561668
2739.240076818466,-70.69331458775123,-70.69331458775123
2739.2500768184664,-70.69494211001044,-70.69494211001044
2739.260076818466,-70.6965695124186,-70.6965695124186
2739.2700768184664,-70.69819684643552,-70.69819684643552
2739.280076818466,-70.6998242332016,-70.6998242332016
2739.2900768184663,-70.70145183237305,-70.70145183237305
2739.300076818466,-70.70307982347262,-70.70307982347262
2739.3100768184663,-70.7047083947835,-70.7047083947835
2739.320076818466,-70.7063377368683,-70.7063377368683
2739.3300768184663,-70.7079680388316,-70.7079680388316
2739.340076818466,-70.70959948632215,-70.70959948632215
2739.3500768184663,-70.71123226054401,-70.71123226054401
2739.360076818466,-70.71286653785381,-70.71286653785381
2739.3700768184663,-70.7145024897783,-70.7145024897783
2739.380076818466,-70.71614028313934,-70.71614028313934
2739.3900768184662,-70.71778008034953,-70.71778008034953
2739.400076818466,-70.71942203971021,-70.71942203971021
2739.410076818466,-70.7210663156996,-70.7210663156996
2739.420076818466,-70.72271305931395,-70.72271305931395
2739.430076818466,-70.72436241831414,-70.72436241831414
2739.440076818466,-70.72601453746802,-70.72601453746802
2739.450076818466,-70.72766955879077,-70.72766955879077
2739.4600768184664,-70.72932762172135,-70.72932762172135
2739.470076818466,-70.73098886327081,-70.73098886327081
2739.4800768184664,-70.73265341819062,-70.73265341819062
2739.490076818466,-70.73432141909358,-70.73432141909358
2739.5000768184664,-70.73599299652655,-70.73599299652655
2739.510076818466,-70.73766827907617,-70.73766827907617
2739.5200768184664,-70.73934739345141,-70.73934739345141
2739.530076818466,-70.74103046453492,-70.74103046453492
2739.5400768184663,-70.7427176154114,-70.7427176154114
2739.550076842308,-70.7444089714848,-70.7444089714848
2739.5600768423083,-70.74610464439635,-70.74610464439635
2739.570076842308,-70.74780475613952,-70.74780475613952
2739.5800768423082,-70.74950942308705,-70.74950942308705
2739.590076842308,-70.7512187599737,-70.7512187599737
2739.600076842308,-70.75293287995024,-70.75293287995024
2739.610076842308,-70.75465189456376,-70.75465189456376
2739.620076842308,-70.75637591378616,-70.75637591378616
2739.630076842308,-70.75810504602778,-70.75810504602778
2739.640076842308,-70.75983939814083,-70.75983939814083
2739.650076842308,-70.76157907543794,-70.76157907543794
2739.660076842308,-70.76332418166317,-70.76332418166317
2739.670076842308,-70.76507481904139,-70.76507481904139
2739.680076842308,-70.7668310882698,-70.7668310882698
2739.690076842308,-70.76859308851449,-70.76859308851449
2739.700076842308,-70.77036091741572,-70.77036091741572
2739.710076842308,-70.77213467110424,-70.77213467110424
2739.720076842308,-70.77391444419749,-70.77391444419749
2739.730076842308,-70.77570032980496,-70.77570032980496
2739.740076842308,-70.77749241952795,-70.77749241952795
2739.750076842308,-70.7792908034864,-70.7792908034864
2739.760076842308,-70.78109557028816,-70.78109557028816
2739.770076842308,-70.78290680707632,-70.78290680707632
2739.780076842308,-70.78472459949134,-70.78472459949134
2739.790076842308,-70.7865490317111,-70.7865490317111
2739.800076842308,-70.7883801864514,-70.7883801864514
2739.8100768423083,-70.79021814494871,-70.79021814494871
2739.820076842308,-70.79206298700167,-70.79206298700167
2739.8300768423082,-70.79391479095423,-70.79391479095423
2739.840076842308,-70.79577363370734,-70.79577363370734
2739.850076842308,-70.7976395907358,-70.7976395907358
2739.860076842308,-70.79951273608798,-70.79951273608798
2739.870076842308,-70.80139314239847,-70.80139314239847
2739.880076842308,-70.80328088089247,-70.80328088089247
2739.890076842308,-70.80517602140367,-70.80517602140367
2739.900076842308,-70.80707863236906,-70.80707863236906
2739.910076842308,-70.80898878085031,-70.80898878085031
2739.920076842308,-70.81090653255549,-70.81090653255549
2739.930076842308,-70.81283195180471,-70.81283195180471
2739.940076842308,-70.81476510159857,-70.81476510159857
2739.950076842308,-70.81670604357747,-70.81670604357747
2739.960076842308,-70.8186548380799,-70.8186548380799
2739.970076842308,-70.82061154410128,-70.82061154410128
2739.980076842308,-70.82257621935129,-70.82257621935129
2739.990076842308,-70.82454892024421,-70.82454892024421
2740.000076842308,-70.82652970191003,-70.82652970191003
2740.010076842308,-70.82851861819955,-70.82851861819955
2740.020076842308,-70.8305157217221,-70.8305157217221
2740.030076842308,-70.83252106383165,-70.83252106383165
2740.040076842308,-70.8345346946512,-70.8345346946512
2740.050076842308,-70.83655666307725,-70.83655666307725
2740.0600768423083,-70.83858701679412,-70.83858701679412
2740.070076842308,-70.84062580229855,-70.84062580229855
2740.0800768423082,-70.84267306489257,-70.84267306489257
2740.090076842308,-70.84472884871829,-70.84472884871829
2740.100076842308,-70.84679319673644,-70.84679319673644
2740.110076842308,-70.84886615077917,-70.84886615077917
2740.120076842308,-70.85094775153608,-70.85094775153608
2740.130076842308,-70.85303803857114,-70.85303803857114
2740.140076842308,-70.85513705034168,-70.85513705034168
2740.150076842308,-70.85724482421512,-70.85724482421512
2740.160076842308,-70.85936139645924,-70.85936139645924
2740.170076842308,-70.86148680228017,-70.86148680228017
2740.180076842308,-70.86362107581847,-70.86362107581847
2740.190076842308,-70.86576425017749,-70.86576425017749
2740.200076842308,-70.86791635741747,-70.86791635741747
2740.210076842308,-70.87007125796426,-70.87007125796426
2740.220076842308,-70.87222628529683,-70.87222628529683
2740.230076842308,-70.87438015954913,-70.87438015954913
2740.240076842308,-70.87653224161375,-70.87653224161375
2740.250076842308,-70.87868224868949,-70.87868224868949
2740.260076842308,-70.88083010663132,-70.88083010663132
2740.270076842308,-70.8829758634042,-70.8829758634042
2740.280076842308,-70.88511963714869,-70.88511963714869
2740.290076842308,-70.88726158491798,-70.88726158491798
2740.300076842308,-70.88940188394719,-70.88940188394719
2740.3100768423083,-70.89154072053587,-70.89154072053587
2740.320076842308,-70.89367828347908,-70.89367828347908
2740.3300768423082,-70.89581476033607,-70.89581476033607
2740.340076842308,-70.89795033541427,-70.89795033541427
2740.350076842308,-70.90008518876387,-70.90008518876387
2740.360076842308,-70.90221949578859,-70.90221949578859
2740.370076842308,-70.90435342720774,-70.90435342720774
2740.380076842308,-70.9064871492213,-70.9064871492213
2740.390076842308,-70.908620823759,-70.908620823759
2740.40007686615,-70.91075461388333,-70.91075461388333
2740.41007686615,-70.91288866375994,-70.91288866375994
2740.42007686615,-70.91502312941802,-70.91502312941802
2740.43007686615,-70.91715815873424,-70.91715815873424
2740.44007686615,-70.91929389673126,-70.91929389673126
2740.45007686615,-70.92143048579662,-70.92143048579662
2740.46007686615,-70.92356806588401,-70.92356806588401
2740.47007686615,-70.92570677464076,-70.92570677464076
2740.48007686615,-70.92784674757138,-70.92784674757138
2740.49007686615,-70.92998811815576,-70.92998811815576
2740.50007686615,-70.93213101793718,-70.93213101793718
2740.51007686615,-70.93427557660361,-70.93427557660361
2740.52007686615,-70.93642192206909,-70.93642192206909
2740.53007686615,-70.93857018051716,-70.93857018051716
2740.54007686615,-70.94072047647416,-70.94072047647416
2740.55007686615,-70.94287293282066,-70.94287293282066
2740.5600768661498,-70.9450276708531,-70.9450276708531
2740.57007686615,-70.94718481027635,-70.94718481027635
2740.5800768661497,-70.94934446926555,-70.94934446926555
2740.59007686615,-70.95150676445608,-70.95150676445608
2740.6000768661497,-70.95367181097785,-70.95367181097785
2740.61007686615,-70.95583972244133,-70.95583972244133
2740.6200768661497,-70.9580106109814,-70.9580106109814
2740.63007686615,-70.96018458724481,-70.96018458724481
2740.6400768661497,-70.96236176040144,-70.96236176040144
2740.65007686615,-70.96454223814028,-70.96454223814028
2740.66007686615,-70.96672612670226,-70.96672612670226
2740.67007686615,-70.96891353084797,-70.96891353084797
2740.68007686615,-70.9711045538928,-70.9711045538928
2740.69007686615,-70.97329929768418,-70.97329929768418
2740.70007686615,-70.97549786262182,-70.97549786262182
2740.71007686615,-70.97770034765838,-70.97770034765838
2740.72007686615,-70.97990685028944,-70.97990685028944
2740.73007686615,-70.98211746658643,-70.98211746658643
2740.74007686615,-70.98433229116289,-70.98433229116289
2740.75007686615,-70.98655141720587,-70.98655141720587
2740.76007686615,-70.98877493645642,-70.98877493645642
2740.77007686615,-70.9910029392424,-70.9910029392424
2740.78007686615,-70.9932355144574,-70.9932355144574
2740.79007686615,-70.99547274957345,-70.99547274957345
2740.80007686615,-70.99771473065864,-70.99771473065864
2740.8100768661498,-70.99996154235134,-70.99996154235134
2740.82007686615,-71.00221326789928,-71.00221326789928
2740.8300768661497,-71.00446998915888,-71.00446998915888
2740.84007686615,-71.00673178657047,-71.00673178657047
2740.8500768661497,-71.00899873921091,-71.00899873921091
2740.86007686615,-71.01127092476362,-71.01127092476362
2740.8700768661497,-71.01354841955197,-71.01354841955197
2740.88007686615,-71.01583129851889,-71.01583129851889
2740.8900768661497,-71.01811963527695,-71.01811963527695
2740.90007686615,-71.02041350206622,-71.02041350206622
2740.91007686615,-71.02271296980668,-71.02271296980668
2740.92007686615,-71.0250181080737,-71.0250181080737
2740.93007686615,-71.02732898512251,-71.02732898512251
2740.94007686615,-71.0296456679069,-71.0296456679069
2740.95007686615,-71.03196822206924,-71.03196822206924
2740.96007686615,-71.03429671196429,-71.03429671196429
2740.97007686615,-71.0366312006589,-71.0366312006589
2740.98007686615,-71.03897174995748,-71.03897174995748
2740.99007686615,-71.04131842038649,-71.04131842038649
2741.00007686615,-71.04367127123311,-71.04367127123311
2741.01007686615,-71.04603036054262,-71.04603036054262
2741.02007686615,-71.04839574512913,-71.04839574512913
2741.03007686615,-71.05076748058714,-71.05076748058714
2741.04007686615,-71.05314562129377,-71.05314562129377
2741.05007686615,-71.05553022044774,-71.05553022044774
2741.0600768661498,-71.05792133006197,-71.05792133006197
2741.07007686615,-71.06031900096067,-71.06031900096067
2741.0800768661497,-71.06272328281422,-71.06272328281422
2741.09007686615,-71.06513422415102,-71.06513422415102
2741.1000768661497,-71.06755187234847,-71.06755187234847
2741.11007686615,-71.06997627366218,-71.06997627366218
2741.1200768661497,-71.07240747323718,-71.07240747323718
2741.13007686615,-71.0748455151079,-71.0748455151079
2741.1400768661497,-71.07729044222631,-71.07729044222631
2741.15007686615,-71.07974229646142,-71.07974229646142
2741.16007686615,-71.08220111861884,-71.08220111861884
2741.17007686615,-71.0846669484507,-71.0846669484507
2741.18007686615,-71.08713982465403,-71.08713982465403
2741.19007686615,-71.0896197849017,-71.0896197849017
2741.20007686615,-71.0921068658604,-71.0921068658604
2741.21007686615,-71.09460110317603,-71.09460110317603
2741.22007686615,-71.09710253150708,-71.09710253150708
2741.23007686615,-71.09961118452289,-71.09961118452289
2741.24007686615,-71.10212709492714,-71.10212709492714
2741.2500768899918,-71.10465030047854,-71.10465030047854
2741.260076889992,-71.1071808199837,-71.1071808199837
2741.2700768899917,-71.10971868927747,-71.10971868927747
2741.280076889992,-71.11226393730075,-71.11226393730075
2741.2900768899917,-71.11481659208485,-71.11481659208485
2741.300076889992,-71.11737668074997,-71.11737668074997
2741.3100768899917,-71.11994422954403,-71.11994422954403
2741.320076889992,-71.12251926383881,-71.12251926383881
2741.3300768899917,-71.1251018081226,-71.1251018081226
2741.340076889992,-71.1276918860432,-71.1276918860432
2741.3500768899917,-71.13028952040723,-71.13028952040723
2741.360076889992,-71.13289473317992,-71.13289473317992
2741.3700768899917,-71.13550754551848,-71.13550754551848
2741.380076889992,-71.13812797776502,-71.13812797776502
2741.3900768899916,-71.14075604947116,-71.14075604947116
2741.400076889992,-71.14339177938709,-71.14339177938709
2741.4100768899916,-71.14603518550759,-71.14603518550759
2741.420076889992,-71.14868628503902,-71.14868628503902
2741.4300768899916,-71.15134509445289,-71.15134509445289
2741.440076889992,-71.15401162947408,-71.15401162947408
2741.4500768899916,-71.15668590509289,-71.15668590509289
2741.460076889992,-71.15936793556858,-71.15936793556858
2741.4700768899916,-71.16205773445608,-71.16205773445608
2741.480076889992,-71.1647553146123,-71.1647553146123
2741.4900768899915,-71.16746068819002,-71.16746068819002
2741.5000768899918,-71.17017386667096,-71.17017386667096
2741.510076889992,-71.17289486086094,-71.17289486086094
2741.5200768899917,-71.17562368090319,-71.17562368090319
2741.530076889992,-71.1783603362964,-71.1783603362964
2741.5400768899917,-71.18110483588468,-71.18110483588468
2741.550076889992,-71.18385718788807,-71.18385718788807
2741.5600768899917,-71.18661739989828,-71.18661739989828
2741.570076889992,-71.18938547890086,-71.18938547890086
2741.5800768899917,-71.19216143126455,-71.19216143126455
2741.590076889992,-71.19494526277256,-71.19494526277256
2741.6000768899917,-71.19773697861345,-71.19773697861345
2741.610076889992,-71.20053658340062,-71.20053658340062
2741.6200768899917,-71.20334408119014,-71.20334408119014
2741.630076889992,-71.2061594754575,-71.2061594754575
2741.6400768899916,-71.20898276914915,-71.20898276914915
2741.650076889992,-71.21181396464667,-71.21181396464667
2741.6600768899916,-71.2146530638196,-71.2146530638196
2741.670076889992,-71.21750006799196,-71.21750006799196
2741.6800768899916,-71.2203549779848,-71.2203549779848
2741.690076889992,-71.2232177940947,-71.2232177940947
2741.7000768899916,-71.2260885161413,-71.2260885161413
2741.710076889992,-71.22896714342335,-71.22896714342335
2741.7200768899916,-71.23185367477237,-71.23185367477237
2741.730076889992,-71.23474810853806,-71.23474810853806
2741.7400768899915,-71.23765044259422,-71.23765044259422
2741.7500768899918,-71.2405606743585,-71.2405606743585
2741.760076889992,-71.24347880079215,-71.24347880079215
2741.7700768899917,-71.24640481841209,-71.24640481841209
2741.780076889992,-71.24933872329237,-71.24933872329237
2741.7900768899917,-71.25228051107493,-71.25228051107493
2741.800076889992,-71.2552301769671,-71.2552301769671
2741.8100768899917,-71.25818771577391,-71.25818771577391
2741.820076889992,-71.26115312187596,-71.26115312187596
2741.8300768899917,-71.2641263892568,-71.2641263892568
2741.840076889992,-71.26710751149542,-71.26710751149542
2741.8500768899917,-71.27009648179174,-71.27009648179174
2741.860076889992,-71.27309329294253,-71.27309329294253
2741.8700768899917,-71.27609793738297,-71.27609793738297
2741.880076889992,-71.27911040715674,-71.27911040715674
2741.8900768899916,-71.28213069396912,-71.28213069396912
2741.900076889992,-71.28515878914881,-71.28515878914881
2741.9100768899916,-71.28819468366643,-71.28819468366643
2741.920076889992,-71.29123836816474,-71.29123836816474
2741.9300768899916,-71.29428983293053,-71.29428983293053
2741.940076889992,-71.2973490679227,-71.2973490679227
2741.9500768899916,-71.30041606276123,-71.30041606276123
2741.960076889992,-71.30348459323119,-71.30348459323119
2741.9700768899916,-71.30655192931496,-71.30655192931496
2741.980076889992,-71.30961673713884,-71.30961673713884
2741.9900768899915,-71.31267832867387,-71.31267832867387
2742.0000768899918,-71.3157363754588,-71.3157363754588
2742.010076889992,-71.3187907600216,-71.3187907600216
2742.0200768899917,-71.3218414887534,-71.3218414887534
2742.030076889992,-71.32488863959112,-71.32488863959112
2742.0400768899917,-71.3278911348469,-71.3278911348469
2742.050076889992,-71.3308321690775,-71.3308321690775
2742.0600768899917,-71.33370264042458,-71.33370264042458
2742.070076889992,-71.33649746848548,-71.33649746848548
2742.0800768899917,-71.33921401883511,-71.33921401883511
2742.090076889992,-71.34185111737933,-71.34185111737933
2742.1000769138336,-71.34440844166237,-71.34440844166237
2742.110076913834,-71.3468861291831,-71.3468861291831
2742.1200769138336,-71.34928460205776,-71.34928460205776
2742.130076913834,-71.35160442109186,-71.35160442109186
2742.1400769138336,-71.35384622516175,-71.35384622516175
2742.150076913834,-71.35592228067799,-71.35592228067799
2742.1600769138336,-71.35779859707138,-71.35779859707138
2742.170076913834,-71.35946129792659,-71.35946129792659
2742.1800769138335,-71.36090513108827,-71.36090513108827
2742.1900769138338,-71.36212936219391,-71.36212936219391
2742.2000769138335,-71.36313583282084,-71.36313583282084
2742.2100769138337,-71.36392165432588,-71.36392165432588
2742.2200769138335,-71.36448826577332,-71.36448826577332
2742.2300769138337,-71.36483893022587,-71.36483893022587
2742.2400769138335,-71.36497773673766,-71.36497773673766
2742.2500769138337,-71.36490916480292,-71.36490916480292
2742.2600769138335,-71.36463784801778,-71.36463784801778
2742.2700769138337,-71.36416843771622,-71.36416843771622
2742.2800769138335,-71.36350552530946,-71.36350552530946
2742.2900769138337,-71.36265360006993,-71.36265360006993
2742.3000769138334,-71.36161702832715,-71.36161702832715
2742.3100769138337,-71.36040004532877,-71.36040004532877
2742.3200769138334,-71.359006754573,-71.359006754573
2742.3300769138336,-71.35744113127696,-71.35744113127696
2742.3400769138334,-71.35570702806228,-71.35570702806228
2742.3500769138336,-71.3538081816482,-71.3538081816482
2742.360076913834,-71.35174821985107,-71.35174821985107
2742.3700769138336,-71.34953066849324,-71.34953066849324
2742.380076913834,-71.34715895797667,-71.34715895797667
2742.3900769138336,-71.34463642940858,-71.34463642940858
2742.400076913834,-71.34196634027843,-71.34196634027843
2742.4100769138336,-71.33915186961481,-71.33915186961481
2742.420076913834,-71.33619612268276,-71.33619612268276
2742.4300769138335,-71.33310213526208,-71.33310213526208
2742.4400769138338,-71.32987287748797,-71.32987287748797
2742.4500769138335,-71.32651125737155,-71.32651125737155
2742.4600769138337,-71.32302012392495,-71.32302012392495
2742.4700769138335,-71.31940227005053,-71.31940227005053
2742.4800769138337,-71.31566043512333,-71.31566043512333
2742.4900769138335,-71.31179730734968,-71.31179730734968
2742.5000769138337,-71.30781552590744,-71.30781552590744
2742.5100769138335,-71.30371768290514,-71.30371768290514
2742.5200769138337,-71.29950632513129,-71.29950632513129
2742.5300769138335,-71.2951839557179,-71.2951839557179
2742.5400769138337,-71.2907530356109,-71.2907530356109
2742.5500769138334,-71.28621598492428,-71.28621598492428
2742.5600769138337,-71.28157518421261,-71.28157518421261
2742.5700769138334,-71.2768329756365,-71.2768329756365
2742.5800769138336,-71.27199166398984,-71.27199166398984
2742.5900769138334,-71.2670535177257,-71.2670535177257
2742.6000769138336,-71.26202076987163,-71.26202076987163
2742.610076913834,-71.25689561886746,-71.25689561886746
2742.6200769138336,-71.25168022936461,-71.25168022936461
2742.630076913834,-71.24637673297822,-71.24637673297822
2742.6400769138336,-71.24098722897202,-71.24098722897202
2742.650076913834,-71.23551378491635,-71.23551378491635
2742.6600769138336,-71.22995843731198,-71.22995843731198
2742.670076913834,-71.22432319215,-71.22432319215
2742.6800769138335,-71.21861002550168,-71.21861002550168
2742.6900769138338,-71.21282088400059,-71.21282088400059
2742.7000769138335,-71.20695768535266,-71.20695768535266
2742.7100769138337,-71.20101613508808,-71.20101613508808
2742.7200769138335,-71.1949954039729,-71.1949954039729
2742.7300769138337,-71.18889602821665,-71.18889602821665
2742.7400769138335,-71.1827191596946,-71.1827191596946
2742.7500769138337,-71.17646628077752,-71.17646628077752
2742.7600769138335,-71.1701390567322,-71.1701390567322
2742.7700769138337,-71.16373924952266,-71.16373924952266
2742.7800769138335,-71.15726866621931,-71.15726866621931
2742.7900769138337,-71.15072912813953,-71.15072912813953
2742.8000769138334,-71.14412245252038,-71.14412245252038
2742.8100769138337,-71.13745044173552,-71.13745044173552
2742.8200769138334,-71.1307148771138,-71.1307148771138
2742.8300769138336,-71.12391751552266,-71.12391751552266
2742.8400769138334,-71.11706008767416,-71.11706008767416
2742.8500769138336,-71.11014429742771,-71.11014429742771
2742.860076913834,-71.10317182168154,-71.10317182168154
2742.8700769138336,-71.09614431064567,-71.09614431064567
2742.880076913834,-71.0890633882398,-71.0890633882398
2742.8900769138336,-71.08193065268088,-71.08193065268088
2742.900076913834,-71.07474767699719,-71.07474767699719
2742.9100769138336,-71.06751600962926,-71.06751600962926
2742.920076913834,-71.06023717496674,-71.06023717496674
2742.9300769138335,-71.05291267387591,-71.05291267387591
2742.9400769138338,-71.04554398418807,-71.04554398418807
2742.9500769376755,-71.03813254350158,-71.03813254350158
2742.9600769376757,-71.03067365647226,-71.03067365647226
2742.9700769376755,-71.02316603888207,-71.02316603888207
2742.9800769376757,-71.01560979166675,-71.01560979166675
2742.9900769376754,-71.00800563541569,-71.00800563541569
2743.0000769376757,-71.0003546258734,-71.0003546258734
2743.0100769376754,-70.99265800670258,-70.99265800670258
2743.0200769376756,-70.98491712347126,-70.98491712347126
2743.0300769376754,-70.97713337218066,-70.97713337218066
2743.0400769376756,-70.969308168404,-70.969308168404
2743.0500769376754,-70.96144292898383,-70.96144292898383
2743.0600769376756,-70.9535390612244,-70.9535390612244
2743.0700769376754,-70.94559795663766,-70.94559795663766
2743.0800769376756,-70.93762098751506,-70.93762098751506
2743.0900769376753,-70.92960950515432,-70.92960950515432
2743.1000769376756,-70.9215648391017,-70.9215648391017
2743.1100769376753,-70.91348829700543,-70.91348829700543
2743.1200769376755,-70.90538116478407,-70.90538116478407
2743.1300769376753,-70.897244707024,-70.897244707024
2743.1400769376755,-70.88908016743513,-70.88908016743513
2743.1500769376753,-70.88088876936027,-70.88088876936027
2743.1600769376755,-70.87267171628265,-70.87267171628265
2743.1700769376753,-70.8644301923077,-70.8644301923077
2743.1800769376755,-70.85616536263397,-70.85616536263397
2743.1900769376753,-70.84787837399294,-70.84787837399294
2743.2000769376755,-70.83957035501984,-70.83957035501984
2743.2100769376757,-70.83124241667048,-70.83124241667048
2743.2200769376755,-70.82289565254047,-70.82289565254047
2743.2300769376757,-70.81453113917584,-70.81453113917584
2743.2400769376754,-70.8061499364016,-70.8061499364016
2743.2500769376757,-70.79775308757264,-70.79775308757264
2743.2600769376754,-70.78934161984618,-70.78934161984618
2743.2700769376756,-70.78091654443521,-70.78091654443521
2743.2800769376754,-70.7724788568322,-70.7724788568322
2743.2900769376756,-70.76402953702845,-70.76402953702845
2743.3000769376754,-70.75556954974402,-70.75556954974402
2743.3100769376756,-70.74709984461882,-70.74709984461882
2743.3200769376754,-70.73862135640195,-70.73862135640195
2743.3300769376756,-70.73013500517172,-70.73013500517172
2743.3400769376753,-70.72164169648858,-70.72164169648858
2743.3500769376756,-70.71314232160465,-70.71314232160465
2743.3600769376753,-70.7046377576094,-70.7046377576094
2743.3700769376755,-70.69612886763068,-70.69612886763068
2743.3800769376753,-70.68761650098946,-70.68761650098946
2743.3900769376755,-70.67910149337581,-70.67910149337581
2743.4000769376753,-70.67058466701674,-70.67058466701674
2743.4100769376755,-70.66206683082304,-70.66206683082304
2743.4200769376753,-70.65354878055373,-70.65354878055373
2743.4300769376755,-70.64503129898235,-70.64503129898235
2743.4400769376753,-70.63651515606463,-70.63651515606463
2743.4500769376755,-70.62800110905644,-70.62800110905644
2743.4600769376757,-70.61948378096908,-70.61948378096908
2743.4700769376755,-70.61096124800079,-70.61096124800079
2743.4800769376757,-70.60243295477841,-70.60243295477841
2743.4900769376754,-70.59389897021566,-70.59389897021566
2743.5000769376757,-70.58535970451697,-70.58535970451697
2743.5100769376754,-70.57681576270608,-70.57681576270608
2743.5200769376756,-70.56826785896557,-70.56826785896557
2743.5300769376754,-70.55971676533733,-70.55971676533733
2743.5400769376756,-70.55116328096408,-70.55116328096408
2743.5500769376754,-70.54260821375385,-70.54260821375385
2743.5600769376756,-70.53405236955292,-70.53405236955292
2743.5700769376754,-70.52549654587655,-70.52549654587655
2743.5800769376756,-70.51694152839272,-70.51694152839272
2743.5900769376753,-70.50838808912074,-70.50838808912074
2743.6000769376756,-70.4998369855849,-70.4998369855849
2743.6100769376753,-70.49128896061973,-70.49128896061973
2743.6200769376755,-70.48274474247764,-70.48274474247764
2743.6300769376753,-70.47420504516064,-70.47420504516064
2743.6400769376755,-70.4656705687993,-70.4656705687993
2743.6500769376753,-70.45714200012085,-70.45714200012085
2743.6600769376755,-70.44862001288058,-70.44862001288058
2743.6700769376753,-70.44010526829291,-70.44010526829291
2743.6800769376755,-70.43159841543508,-70.43159841543508
2743.6900769376753,-70.4231000916106,-70.4231000916106
2743.7000769376755,-70.41461092269776,-70.41461092269776
2743.7100769376757,-70.40613152346315,-70.40613152346315
2743.7200769376755,-70.39766249784347,-70.39766249784347
2743.7300769376757,-70.38920443917436,-70.38920443917436
2743.7400769376754,-70.38075793048894,-70.38075793048894
2743.7500769376757,-70.37232354467872,-70.37232354467872
2743.7600769376754,-70.36390184471924,-70.36390184471924
2743.7700769376756,-70.35549338385589,-70.35549338385589
2743.7800769376754,-70.34709870577474,-70.34709870577474
2743.7900769376756,-70.33871834473953,-70.33871834473953
2743.8000769615173,-70.33035280584674,-70.33035280584674
2743.8100769615176,-70.32200264489137,-70.32200264489137
2743.8200769615173,-70.31366834887311,-70.31366834887311
2743.8300769615175,-70.30535041587214,-70.30535041587214
2743.8400769615173,-70.29704933527154,-70.29704933527154
2743.8500769615175,-70.28876558783462,-70.28876558783462
2743.8600769615173,-70.28049964584548,-70.28049964584548
2743.8700769615175,-70.27225197321765,-70.27225197321765
2743.8800769615173,-70.26402302558718,-70.26402302558718
2743.8900769615175,-70.2558132504468,-70.2558132504468
2743.9000769615172,-70.24762308720815,-70.24762308720815
2743.9100769615175,-70.23945296733996,-70.23945296733996
2743.920076961517,-70.23130331444355,-70.23130331444355
2743.9300769615174,-70.22317454437278,-70.22317454437278
2743.940076961517,-70.21506706530687,-70.21506706530687
2743.9500769615174,-70.20698127786726,-70.20698127786726
2743.960076961517,-70.19891757518836,-70.19891757518836
2743.9700769615174,-70.19087634303428,-70.19087634303428
2743.980076961517,-70.18285795986255,-70.18285795986255
2743.9900769615174,-70.17486279694474,-70.17486279694474
2744.000076961517,-70.1668912184397,-70.1668912184397
2744.0100769615174,-70.15894358147665,-70.15894358147665
2744.020076961517,-70.15102023625795,-70.15102023625795
2744.0300769615174,-70.14312152613216,-70.14312152613216
2744.040076961517,-70.13524778769748,-70.13524778769748
2744.0500769615173,-70.12739935086607,-70.12739935086607
2744.0600769615176,-70.11957653897183,-70.11957653897183
2744.0700769615173,-70.1117796688391,-70.1117796688391
2744.0800769615175,-70.10400905086213,-70.10400905086213
2744.0900769615173,-70.09626498911817,-70.09626498911817
2744.1000769615175,-70.08854778139185,-70.08854778139185
2744.1100769615173,-70.08085771932983,-70.08085771932983
2744.1200769615175,-70.07319508846977,-70.07319508846977
2744.1300769615173,-70.0655601683286,-70.0655601683286
2744.1400769615175,-70.0579532324925,-70.0579532324925
2744.1500769615172,-70.05037454870418,-70.05037454870418
2744.1600769615175,-70.04282437890538,-70.04282437890538
2744.170076961517,-70.03530297936753,-70.03530297936753
2744.1800769615174,-70.02781060070842,-70.02781060070842
2744.190076961517,-70.020347488024,-70.020347488024
2744.2000769615174,-70.01291388092537,-70.01291388092537
2744.210076961517,-70.00551001362234,-70.00551001362234
2744.2200769615174,-69.99813611501946,-69.99813611501946
2744.230076961517,-69.99079240875717,-69.99079240875717
2744.2400769615174,-69.98347911329658,-69.98347911329658
2744.250076961517,-69.97619644201008,-69.97619644201008
2744.2600769615174,-69.96894460321698,-69.96894460321698
2744.270076961517,-69.96172380028845,-69.96172380028845
2744.2800769615174,-69.95453423169172,-69.95453423169172
2744.290076961517,-69.94737609107746,-69.94737609107746
2744.3000769615173,-69.94024956733992,-69.94024956733992
2744.3100769615176,-69.93315484467523,-69.93315484467523
2744.3200769615173,-69.92609210266617,-69.92609210266617
2744.3300769615175,-69.91906151633836,-69.91906151633836
2744.3400769615173,-69.91206325622747,-69.91206325622747
2744.3500769615175,-69.90509748845089,-69.90509748845089
2744.3600769615173,-69.89816437475453,-69.89816437475453
2744.3700769615175,-69.89126407259077,-69.89126407259077
2744.3800769615173,-69.88439673518361,-69.88439673518361
2744.3900769615175,-69.87756251156767,-69.87756251156767
2744.4000769615172,-69.87076154667741,-69.87076154667741
2744.4100769615175,-69.86399398139754,-69.86399398139754
2744.420076961517,-69.8572599526212,-69.8572599526212
2744.4300769615174,-69.8505595933002,-69.8505595933002
2744.440076961517,-69.84389303252154,-69.84389303252154
2744.4500769615174,-69.83726039555542,-69.83726039555542
2744.460076961517,-69.83066180391201,-69.83066180391201
2744.4700769615174,-69.82409737538735,-69.82409737538735
2744.480076961517,-69.8175672241513,-69.8175672241513
2744.4900769615174,-69.81107146075688,-69.81107146075688
2744.500076961517,-69.80461019224163,-69.80461019224163
2744.5100769615174,-69.7981835221522,-69.7981835221522
2744.520076961517,-69.79179155059306,-69.79179155059306
2744.5300769615174,-69.78543437429708,-69.78543437429708
2744.540076961517,-69.77911208668162,-69.77911208668162
2744.5500769615173,-69.77282477785974,-69.77282477785974
2744.5600769615176,-69.7665725347387,-69.7665725347387
2744.5700769615173,-69.760355441046,-69.760355441046
2744.5800769615175,-69.7541735773788,-69.7541735773788
2744.5900769615173,-69.74802702125525,-69.74802702125525
2744.6000769615175,-69.74191584715915,-69.74191584715915
2744.6100769615173,-69.73584012659254,-69.73584012659254
2744.6200769615175,-69.72979992812479,-69.72979992812479
2744.6300769615173,-69.72379531741586,-69.72379531741586
2744.6400769615175,-69.71782635729359,-69.71782635729359
2744.650076985359,-69.71189309366164,-69.71189309366164
2744.6600769853594,-69.70599561213878,-69.70599561213878
2744.670076985359,-69.70013395302682,-69.70013395302682
2744.6800769853594,-69.69430816820221,-69.69430816820221
2744.690076985359,-69.68851830691729,-69.68851830691729
2744.7000769853594,-69.68276441583473,-69.68276441583473
2744.710076985359,-69.67704653906324,-69.67704653906324
2744.7200769853594,-69.67136471820804,-69.67136471820804
2744.730076985359,-69.66571899240608,-69.66571899240608
2744.7400769853593,-69.66010939837102,-69.66010939837102
2744.750076985359,-69.65453597043064,-69.65453597043064
2744.7600769853593,-69.64899874055452,-69.64899874055452
2744.770076985359,-69.6434977384122,-69.6434977384122
2744.7800769853593,-69.63803299138287,-69.63803299138287
2744.790076985359,-69.63260452461938,-69.63260452461938
2744.8000769853593,-69.62721236107848,-69.62721236107848
2744.810076985359,-69.62185652153153,-69.62185652153153
2744.8200769853593,-69.61653702463465,-69.61653702463465
2744.830076985359,-69.6112538869539,-69.6112538869539
2744.8400769853592,-69.60600712297988,-69.60600712297988
2744.850076985359,-69.6007967451831,-69.6007967451831
2744.8600769853592,-69.59562276403548,-69.59562276403548
2744.870076985359,-69.59048518805879,-69.59048518805879
2744.880076985359,-69.58538402382521,-69.58538402382521
2744.890076985359,-69.58031927603405,-69.58031927603405
2744.900076985359,-69.57529094750383,-69.57529094750383
2744.9100769853594,-69.57029903922654,-69.57029903922654
2744.920076985359,-69.56534355038495,-69.56534355038495
2744.9300769853594,-69.56042447838384,-69.56042447838384
2744.940076985359,-69.55554181889784,-69.55554181889784
2744.9500769853594,-69.55069556587644,-69.55069556587644
2744.960076985359,-69.5458796793264,-69.5458796793264
2744.9700769853594,-69.54109152949016,-69.54109152949016
2744.980076985359,-69.53632984505468,-69.53632984505468
2744.9900769853593,-69.5315939804424,-69.5315939804424
2745.000076985359,-69.52688363693888,-69.52688363693888
2745.0100769853593,-69.5221987181,-69.5221987181
2745.020076985359,-69.51753924513449,-69.51753924513449
2745.0300769853593,-69.51290530610716,-69.51290530610716
2745.040076985359,-69.50829702545907,-69.50829702545907
2745.0500769853593,-69.50371454578172,-69.50371454578172
2745.060076985359,-69.49915801698732,-69.49915801698732
2745.0700769853593,-69.4946275900044,-69.4946275900044
2745.080076985359,-69.4901234132202,-69.4901234132202
2745.0900769853592,-69.48564563057033,-69.48564563057033
2745.100076985359,-69.48119438062916,-69.48119438062916
2745.1100769853592,-69.47676979627528,-69.47676979627528
2745.120076985359,-69.47237200475101,-69.47237200475101
2745.130076985359,-69.46800112785026,-69.46800112785026
2745.140076985359,-69.46365728223334,-69.46365728223334
2745.150076985359,-69.4593405797588,-69.4593405797588
2745.1600769853594,-69.45505112783803,-69.45505112783803
2745.170076985359,-69.45078902976151,-69.45078902976151
2745.1800769853594,-69.44655438497713,-69.44655438497713
2745.190076985359,-69.442347289401,-69.442347289401
2745.2000769853594,-69.43816783560919,-69.43816783560919
2745.210076985359,-69.43401611309966,-69.43401611309966
2745.2200769853594,-69.42989220844099,-69.42989220844099
2745.230076985359,-69.42579620545317,-69.42579620545317
2745.2400769853593,-69.42172818532867,-69.42172818532867
2745.250076985359,-69.41768822678165,-69.41768822678165
2745.2600769853593,-69.41367640611925,-69.41367640611925
2745.270076985359,-69.40969279735327,-69.40969279735327
2745.2800769853593,-69.40573747226861,-69.40573747226861
2745.290076985359,-69.40181050048962,-69.40181050048962
2745.3000769853593,-69.3979119495507,-69.3979119495507
2745.310076985359,-69.39404188492836,-69.39404188492836
2745.3200769853593,-69.39020037007606,-69.39020037007606
2745.330076985359,-69.38638746650699,-69.38638746650699
2745.3400769853592,-69.38260323377399,-69.38260323377399
2745.350076985359,-69.37876454816075,-69.37876454816075
2745.3600769853592,-69.3748653018848,-69.3748653018848
2745.370076985359,-69.37090145854107,-69.37090145854107
2745.380076985359,-69.36687073759153,-69.36687073759153
2745.390076985359,-69.36277208174063,-69.36277208174063
2745.400076985359,-69.35860524043859,-69.35860524043859
2745.4100769853594,-69.35437048886614,-69.35437048886614
2745.420076985359,-69.35006844762994,-69.35006844762994
2745.4300769853594,-69.345699968356,-69.345699968356
2745.440076985359,-69.34126606077412,-69.34126606077412
2745.4500769853594,-69.33676784558045,-69.33676784558045
2745.460076985359,-69.3322065234115,-69.3322065234115
2745.4700769853594,-69.32758335385746,-69.32758335385746
2745.480076985359,-69.3228996408244,-69.3228996408244
2745.4900769853593,-69.31815672194595,-69.31815672194595
2745.500077009201,-69.31335594918527,-69.31335594918527
2745.5100770092013,-69.30849872804608,-69.30849872804608
2745.520077009201,-69.30358644483316,-69.30358644483316
2745.5300770092012,-69.29862050696009,-69.29862050696009
2745.540077009201,-69.29360232856547,-69.29360232856547
2745.5500770092012,-69.28853332721191,-69.28853332721191
2745.560077009201,-69.28341492112293,-69.28341492112293
2745.570077009201,-69.27824852674982,-69.27824852674982
2745.580077009201,-69.27303555659866,-69.27303555659866
2745.590077009201,-69.2677774172884,-69.2677774172884
2745.600077009201,-69.26247550785536,-69.26247550785536
2745.610077009201,-69.25713121820779,-69.25713121820779
2745.620077009201,-69.25174592781079,-69.25174592781079
2745.630077009201,-69.24632100448376,-69.24632100448376
2745.640077009201,-69.24085780336205,-69.24085780336205
2745.650077009201,-69.23535766598613,-69.23535766598613
2745.660077009201,-69.2298219195251,-69.2298219195251
2745.670077009201,-69.2242518760587,-69.2242518760587
2745.680077009201,-69.21864883202771,-69.21864883202771
2745.690077009201,-69.21301406772646,-69.21301406772646
2745.700077009201,-69.20734884687319,-69.20734884687319
2745.710077009201,-69.20165441627363,-69.20165441627363
2745.720077009201,-69.19593200553494,-69.19593200553494
2745.730077009201,-69.19018282684667,-69.19018282684667
2745.740077009201,-69.18440807481414,-69.18440807481414
2745.750077009201,-69.17860892633038,-69.17860892633038
2745.7600770092013,-69.17278654049066,-69.17278654049066
2745.770077009201,-69.16694205855174,-69.16694205855174
2745.7800770092012,-69.16107660392294,-69.16107660392294
2745.790077009201,-69.15519128220966,-69.15519128220966
2745.8000770092012,-69.14928718121993,-69.14928718121993
2745.810077009201,-69.14336537106972,-69.14336537106972
2745.820077009201,-69.13742690424634,-69.13742690424634
2745.830077009201,-69.13147281575789,-69.13147281575789
2745.840077009201,-69.12550412323354,-69.12550412323354
2745.850077009201,-69.1195218270652,-69.1195218270652
2745.860077009201,-69.1135269105731,-69.1135269105731
2745.870077009201,-69.10752034018381,-69.10752034018381
2745.880077009201,-69.10150306557262,-69.10150306557262
2745.890077009201,-69.09547601988048,-69.09547601988048
2745.900077009201,-69.0894401198799,-69.0894401198799
2745.910077009201,-69.08339626619646,-69.08339626619646
2745.920077009201,-69.07734534348582,-69.07734534348582
2745.930077009201,-69.07128822065468,-69.07128822065468
2745.940077009201,-69.06522575105868,-69.06522575105868
2745.950077009201,-69.05915877272888,-69.05915877272888
2745.960077009201,-69.05308810857014,-69.05308810857014
2745.970077009201,-69.04701456657858,-69.04701456657858
2745.980077009201,-69.04093894006023,-69.04093894006023
2745.990077009201,-69.03486200784617,-69.03486200784617
2746.000077009201,-69.0287845345094,-69.0287845345094
2746.0100770092013,-69.02270727057237,-69.02270727057237
2746.020077009201,-69.0166309527158,-69.0166309527158
2746.0300770092012,-69.01055630401676,-69.01055630401676
2746.040077009201,-69.00448403412658,-69.00448403412658
2746.0500770092012,-68.99841483950935,-68.99841483950935
2746.060077009201,-68.99234940363003,-68.99234940363003
2746.070077009201,-68.98628839716496,-68.98628839716496
2746.080077009201,-68.98023247822483,-68.98023247822483
2746.090077009201,-68.97418229251505,-68.97418229251505
2746.100077009201,-68.96813847358679,-68.96813847358679
2746.110077009201,-68.96210164298252,-68.96210164298252
2746.120077009201,-68.9560724104723,-68.9560724104723
2746.130077009201,-68.95005137421485,-68.95005137421485
2746.140077009201,-68.94403912096675,-68.94403912096675
2746.150077009201,-68.938036226269,-68.938036226269
2746.160077009201,-68.93204325461078,-68.93204325461078
2746.170077009201,-68.92606075963634,-68.92606075963634
2746.180077009201,-68.92008928429877,-68.92008928429877
2746.190077009201,-68.91412936105952,-68.91412936105952
2746.200077009201,-68.90818151204716,-68.90818151204716
2746.210077009201,-68.90224027088982,-68.90224027088982
2746.220077009201,-68.89630354208752,-68.89630354208752
2746.230077009201,-68.89037056864105,-68.89037056864105
2746.240077009201,-68.88444120616319,-68.88444120616319
2746.250077009201,-68.87851564651959,-68.87851564651959
2746.2600770092013,-68.87259427461638,-68.87259427461638
2746.270077009201,-68.86667758452406,-68.86667758452406
2746.2800770092012,-68.86076612921646,-68.86076612921646
2746.290077009201,-68.85486049042645,-68.85486049042645
2746.3000770092012,-68.84896126061699,-68.84896126061699
2746.310077009201,-68.84306903238351,-68.84306903238351
2746.320077009201,-68.83718439226594,-68.83718439226594
2746.330077009201,-68.83130791732822,-68.83130791732822
2746.340077009201,-68.8254401733583,-68.8254401733583
2746.350077033043,-68.81958170011241,-68.81958170011241
2746.360077033043,-68.81373306692822,-68.81373306692822
2746.370077033043,-68.80789478913417,-68.80789478913417
2746.380077033043,-68.80206738414016,-68.80206738414016
2746.390077033043,-68.79625135793069,-68.79625135793069
2746.400077033043,-68.79044720550145,-68.79044720550145
2746.410077033043,-68.78465541128112,-68.78465541128112
2746.420077033043,-68.7788764495562,-68.7788764495562
2746.430077033043,-68.77311078487293,-68.77311078487293
2746.440077033043,-68.76735887239131,-68.76735887239131
2746.450077033043,-68.76162115823581,-68.76162115823581
2746.460077033043,-68.75589807978119,-68.75589807978119
2746.470077033043,-68.75019006592572,-68.75019006592572
2746.480077033043,-68.7444975373496,-68.7444975373496
2746.490077033043,-68.73882090673415,-68.73882090673415
2746.500077033043,-68.73316057896838,-68.73316057896838
2746.5100770330428,-68.7275169513353,-68.7275169513353
2746.520077033043,-68.72189041368993,-68.72189041368993
2746.5300770330427,-68.7162813486091,-68.7162813486091
2746.540077033043,-68.710690131536,-68.710690131536
2746.5500770330427,-68.70511713092648,-68.70511713092648
2746.560077033043,-68.69956270835765,-68.69956270835765
2746.5700770330427,-68.6940272186703,-68.6940272186703
2746.580077033043,-68.68851101006675,-68.68851101006675
2746.5900770330427,-68.68301442421233,-68.68301442421233
2746.600077033043,-68.67753779635238,-68.67753779635238
2746.610077033043,-68.67208145540339,-68.67208145540339
2746.620077033043,-68.66664572402246,-68.66664572402246
2746.630077033043,-68.6612309187368,-68.6612309187368
2746.640077033043,-68.65583735001175,-68.65583735001175
2746.650077033043,-68.65046532231058,-68.65046532231058
2746.660077033043,-68.64511513422211,-68.64511513422211
2746.670077033043,-68.63978707849611,-68.63978707849611
2746.680077033043,-68.63448144215947,-68.63448144215947
2746.690077033043,-68.62919850655607,-68.62919850655607
2746.700077033043,-68.62393854745011,-68.62393854745011
2746.710077033043,-68.61870183506915,-68.61870183506915
2746.720077033043,-68.61348863421472,-68.61348863421472
2746.730077033043,-68.60829920429101,-68.60829920429101
2746.740077033043,-68.60313379940696,-68.60313379940696
2746.750077033043,-68.59799266842005,-68.59799266842005
2746.7600770330428,-68.59287605502526,-68.59287605502526
2746.770077033043,-68.587784197808,-68.587784197808
2746.7800770330427,-68.58271733030064,-68.58271733030064
2746.790077033043,-68.57767568107768,-68.57767568107768
2746.8000770330427,-68.57265947379253,-68.57265947379253
2746.810077033043,-68.5676689272569,-68.5676689272569
2746.8200770330427,-68.56270425548911,-68.56270425548911
2746.830077033043,-68.55776566778778,-68.55776566778778
2746.8400770330427,-68.55285336879292,-68.55285336879292
2746.850077033043,-68.54796755854424,-68.54796755854424
2746.860077033043,-68.5431084325356,-68.5431084325356
2746.870077033043,-68.53827618179028,-68.53827618179028
2746.880077033043,-68.53347099290256,-68.53347099290256
2746.890077033043,-68.5286930481117,-68.5286930481117
2746.900077033043,-68.52394252534359,-68.52394252534359
2746.910077033043,-68.51921959828917,-68.51921959828917
2746.920077033043,-68.51452443644092,-68.51452443644092
2746.930077033043,-68.50985720516583,-68.50985720516583
2746.940077033043,-68.50521806574093,-68.50521806574093
2746.950077033043,-68.50060717543964,-68.50060717543964
2746.960077033043,-68.49602468754757,-68.49602468754757
2746.970077033043,-68.49147075145954,-68.49147075145954
2746.980077033043,-68.48694551269728,-68.48694551269728
2746.990077033043,-68.48244911298062,-68.48244911298062
2747.000077033043,-68.47798169027948,-68.47798169027948
2747.0100770330428,-68.47354337885295,-68.47354337885295
2747.020077033043,-68.46913430932545,-68.46913430932545
2747.0300770330427,-68.46475460871642,-68.46475460871642
2747.040077033043,-68.46040440049245,-68.46040440049245
2747.0500770330427,-68.45608380462893,-68.45608380462893
2747.060077033043,-68.45179293764808,-68.45179293764808
2747.0700770330427,-68.44753191268533,-68.44753191268533
2747.080077033043,-68.44330083951321,-68.44330083951321
2747.0900770330427,-68.43909982459925,-68.43909982459925
2747.100077033043,-68.43492897117265,-68.43492897117265
2747.110077033043,-68.43078837923885,-68.43078837923885
2747.120077033043,-68.42667814564714,-68.42667814564714
2747.130077033043,-68.42259836413139,-68.42259836413139
2747.140077033043,-68.4185491253522,-68.4185491253522
2747.150077033043,-68.41453051694617,-68.41453051694617
2747.160077033043,-68.41054262356775,-68.41054262356775
2747.170077033043,-68.40658552693225,-68.40658552693225
2747.180077033043,-68.40265930586396,-68.40265930586396
2747.190077033043,-68.39876403632877,-68.39876403632877
2747.2000770568848,-68.39489978230392,-68.39489978230392
2747.210077056885,-68.39106663266314,-68.39106663266314
2747.2200770568847,-68.38726464577034,-68.38726464577034
2747.230077056885,-68.38349388660524,-68.38349388660524
2747.2400770568847,-68.37975441751934,-68.37975441751934
2747.250077056885,-68.37604629823895,-68.37604629823895
2747.2600770568847,-68.37236958593448,-68.37236958593448
2747.270077056885,-68.36872433524668,-68.36872433524668
2747.2800770568847,-68.36511059832345,-68.36511059832345
2747.290077056885,-68.3615284248571,-68.3615284248571
2747.3000770568847,-68.35797786213874,-68.35797786213874
2747.310077056885,-68.35445895507888,-68.35445895507888
2747.3200770568847,-68.35097174624731,-68.35097174624731
2747.330077056885,-68.34751627591237,-68.34751627591237
2747.3400770568846,-68.34409258206499,-68.34409258206499
2747.350077056885,-68.34070070047363,-68.34070070047363
2747.3600770568846,-68.33734066470633,-68.33734066470633
2747.370077056885,-68.33401250616362,-68.33401250616362
2747.3800770568846,-68.33071625411245,-68.33071625411245
2747.390077056885,-68.32745193573189,-68.32745193573189
2747.4000770568846,-68.32421957613033,-68.32421957613033
2747.410077056885,-68.32101919838502,-68.32101919838502
2747.4200770568846,-68.31785082358387,-68.31785082358387
2747.430077056885,-68.31471447082905,-68.31471447082905
2747.4400770568845,-68.31161015730297,-68.31161015730297
2747.4500770568848,-68.30853789827192,-68.30853789827192
2747.460077056885,-68.30549177514983,-68.30549177514983
2747.4700770568847,-68.30246921764814,-68.30246921764814
2747.480077056885,-68.29946899069455,-68.29946899069455
2747.4900770568847,-68.29649047506611,-68.29649047506611
2747.500077056885,-68.29353339319337,-68.29353339319337
2747.5100770568847,-68.29059766691597,-68.29059766691597
2747.520077056885,-68.28768333414118,-68.28768333414118
2747.5300770568847,-68.28479049875459,-68.28479049875459
2747.540077056885,-68.28191930055084,-68.28191930055084
2747.5500770568847,-68.2790698972354,-68.2790698972354
2747.560077056885,-68.2762424536935,-68.2762424536935
2747.5700770568847,-68.27343713579394,-68.27343713579394
2747.580077056885,-68.27065410677847,-68.27065410677847
2747.5900770568846,-68.26789352543118,-68.26789352543118
2747.600077056885,-68.26515554512208,-68.26515554512208
2747.6100770568846,-68.262440313509,-68.262440313509
2747.620077056885,-68.25974797254435,-68.25974797254435
2747.6300770568846,-68.25707865870028,-68.25707865870028
2747.640077056885,-68.25443250323683,-68.25443250323683
2747.6500770568846,-68.25180963255977,-68.25180963255977
2747.660077056885,-68.24921016855495,-68.24921016855495
2747.6700770568846,-68.24663422891625,-68.24663422891625
2747.680077056885,-68.24408192741546,-68.24408192741546
2747.6900770568845,-68.24155337420626,-68.24155337420626
2747.7000770568848,-68.23904867603618,-68.23904867603618
2747.710077056885,-68.23656200956903,-68.23656200956903
2747.7200770568847,-68.23409089493309,-68.23409089493309
2747.730077056885,-68.23163418518395,-68.23163418518395
2747.7400770568847,-68.22919134781843,-68.22919134781843
2747.750077056885,-68.22676219097767,-68.22676219097767
2747.7600770568847,-68.22434672140918,-68.22434672140918
2747.770077056885,-68.22194506119855,-68.22194506119855
2747.7800770568847,-68.21955739783877,-68.21955739783877
2747.790077056885,-68.21718395416721,-68.21718395416721
2747.8000770568847,-68.21482497044387,-68.21482497044387
2747.810077056885,-68.21248069363338,-68.21248069363338
2747.8200770568847,-68.21015137120192,-68.21015137120192
2747.830077056885,-68.20783724758286,-68.20783724758286
2747.8400770568846,-68.20553856226759,-68.20553856226759
2747.850077056885,-68.20325554891673,-68.20325554891673
2747.8600770568846,-68.20098843502774,-68.20098843502774
2747.870077056885,-68.19873744194818,-68.19873744194818
2747.8800770568846,-68.1965027850833,-68.1965027850833
2747.890077056885,-68.19428467417472,-68.19428467417472
2747.9000770568846,-68.19208331364916,-68.19208331364916
2747.910077056885,-68.18989890292316,-68.18989890292316
2747.9200770568846,-68.18773163672762,-68.18773163672762
2747.930077056885,-68.18558170538799,-68.18558170538799
2747.9400770568845,-68.18344929510168,-68.18344929510168
2747.9500770568848,-68.18133458814467,-68.18133458814467
2747.960077056885,-68.17923184077497,-68.17923184077497
2747.9700770568847,-68.17713864910951,-68.17713864910951
2747.980077056885,-68.17505394057498,-68.17505394057498
2747.9900770568847,-68.17297725607166,-68.17297725607166
2748.000077056885,-68.17090847639636,-68.17090847639636
2748.0100770568847,-68.16884768030091,-68.16884768030091
2748.020077056885,-68.16679506129466,-68.16679506129466
2748.0300770568847,-68.164750877694,-68.164750877694
2748.040077056885,-68.16271542261751,-68.16271542261751
2748.0500770807266,-68.16068900120494,-68.16068900120494
2748.060077080727,-68.1586719392274,-68.1586719392274
2748.0700770807266,-68.15666454784618,-68.15666454784618
2748.080077080727,-68.15466713946981,-68.15466713946981
2748.0900770807266,-68.1526800209824,-68.1526800209824
2748.100077080727,-68.15070349282755,-68.15070349282755
2748.1100770807266,-68.14873784869009,-68.14873784869009
2748.120077080727,-68.14678337549817,-68.14678337549817
2748.1300770807266,-68.14484035360955,-68.14484035360955
2748.1400770807268,-68.14290905711503,-68.14290905711503
2748.1500770807265,-68.14098975415527,-68.14098975415527
2748.1600770807268,-68.13908270722663,-68.13908270722663
2748.1700770807265,-68.1371881735303,-68.1371881735303
2748.1800770807267,-68.13530640522264,-68.13530640522264
2748.1900770807265,-68.13343764968417,-68.13343764968417
2748.2000770807267,-68.13158214974781,-68.13158214974781
2748.2100770807265,-68.12974014389617,-68.12974014389617
2748.2200770807267,-68.12791186644037,-68.12791186644037
2748.2300770807265,-68.12609754766991,-68.12609754766991
2748.2400770807267,-68.12429741397388,-68.12429741397388
2748.2500770807264,-68.12251168796361,-68.12251168796361
2748.2600770807267,-68.1207405885625,-68.1207405885625
2748.2700770807264,-68.11898433109043,-68.11898433109043
2748.2800770807266,-68.11724312732835,-68.11724312732835
2748.2900770807264,-68.1155171855996,-68.1155171855996
2748.3000770807266,-68.11380671080308,-68.11380671080308
2748.310077080727,-68.11211190446802,-68.11211190446802
2748.3200770807266,-68.11043296480655,-68.11043296480655
2748.330077080727,-68.10877008671721,-68.10877008671721
2748.3400770807266,-68.10712346186611,-68.10712346186611
2748.350077080727,-68.10549327865816,-68.10549327865816
2748.3600770807266,-68.10387972231268,-68.10387972231268
2748.370077080727,-68.10228297486005,-68.10228297486005
2748.3800770807266,-68.10070321518548,-68.10070321518548
2748.3900770807268,-68.09914061902518,-68.09914061902518
2748.4000770807265,-68.09759535901375,-68.09759535901375
2748.4100770807268,-68.0960676046703,-68.0960676046703
2748.4200770807265,-68.09455752245805,-68.09455752245805
2748.4300770807267,-68.09306527576575,-68.09306527576575
2748.4400770807265,-68.09159102495676,-68.09159102495676
2748.4500770807267,-68.09013492737094,-68.09013492737094
2748.4600770807265,-68.08869713734327,-68.08869713734327
2748.4700770807267,-68.08727780622742,-68.08727780622742
2748.4800770807265,-68.08587708241481,-68.08587708241481
2748.4900770807267,-68.08449511135444,-68.08449511135444
2748.5000770807264,-68.08313203556959,-68.08313203556959
2748.5100770807267,-68.08178799467927,-68.08178799467927
2748.5200770807264,-68.08046312542298,-68.08046312542298
2748.5300770807266,-68.07915756167257,-68.07915756167257
2748.5400770807264,-68.07787143445191,-68.07787143445191
2748.5500770807266,-68.07660487198179,-68.07660487198179
2748.560077080727,-68.07535799966566,-68.07535799966566
2748.5700770807266,-68.0741309401502,-68.0741309401502
2748.580077080727,-68.07292381330572,-68.07292381330572
2748.5900770807266,-68.07173673628324,-68.07173673628324
2748.600077080727,-68.07056982353029,-68.07056982353029
2748.6100770807266,-68.06942318681239,-68.06942318681239
2748.620077080727,-68.06829693521944,-68.06829693521944
2748.6300770807266,-68.06719117522513,-68.06719117522513
2748.6400770807268,-68.06610601067347,-68.06610601067347
2748.6500770807265,-68.06504154283341,-68.06504154283341
2748.6600770807268,-68.06399787041383,-68.06399787041383
2748.6700770807265,-68.06297508958225,-68.06297508958225
2748.6800770807267,-68.06197329399339,-68.06197329399339
2748.6900770807265,-68.0609925748245,-68.0609925748245
2748.7000770807267,-68.0600330207775,-68.0600330207775
2748.7100770807265,-68.0590947181482,-68.0590947181482
2748.7200770807267,-68.05817775079811,-68.05817775079811
2748.7300770807265,-68.05728220022321,-68.05728220022321
2748.7400770807267,-68.05640814555566,-68.05640814555566
2748.7500770807264,-68.0555556636141,-68.0555556636141
2748.7600770807267,-68.05472482889563,-68.05472482889563
2748.7700770807264,-68.05391571363656,-68.05391571363656
2748.7800770807266,-68.05312838781032,-68.05312838781032
2748.7900770807264,-68.05236291918571,-68.05236291918571
2748.8000770807266,-68.05161937331924,-68.05161937331924
2748.810077080727,-68.05089781361457,-68.05089781361457
2748.8200770807266,-68.05019830131046,-68.05019830131046
2748.830077080727,-68.04952089555026,-68.04952089555026
2748.8400770807266,-68.04886565337361,-68.04886565337361
2748.850077080727,-68.04823262976176,-68.04823262976176
2748.8600770807266,-68.04762187765824,-68.04762187765824
2748.870077080727,-68.0470334479964,-68.0470334479964
2748.8800770807266,-68.04646738972617,-68.04646738972617
2748.8900770807268,-68.04592374983329,-68.04592374983329
2748.9000771045685,-68.04540257213523,-68.04540257213523
2748.9100771045687,-68.04490390234244,-68.04490390234244
2748.9200771045685,-68.04442778036191,-68.04442778036191
2748.9300771045687,-68.04397424563187,-68.04397424563187
2748.9400771045684,-68.04354333573926,-68.04354333573926
2748.9500771045687,-68.04313508644782,-68.04313508644782
2748.9600771045684,-68.04274953175876,-68.04274953175876
2748.9700771045686,-68.04238670390457,-68.04238670390457
2748.9800771045684,-68.04204663339321,-68.04204663339321
2748.9900771045686,-68.04172934902525,-68.04172934902525
2749.0000771045684,-68.04143487791512,-68.04143487791512
2749.0100771045686,-68.04116324552864,-68.04116324552864
2749.0200771045684,-68.04091447568986,-68.04091447568986
2749.0300771045686,-68.04068859060871,-68.04068859060871
2749.0400771045684,-68.04048561092009,-68.04048561092009
2749.0500771045686,-68.04030555568784,-68.04030555568784
2749.0600771045683,-68.04010922939666,-68.04010922939666
2749.0700771045686,-68.03988058195061,-68.03988058195061
2749.0800771045683,-68.0396108944931,-68.0396108944931
2749.0900771045685,-68.0392952675433,-68.0392952675433
2749.1000771045683,-68.03893112252963,-68.03893112252963
2749.1100771045685,-68.03851726583945,-68.03851726583945
2749.1200771045683,-68.03805330558255,-68.03805330558255
2749.1300771045685,-68.03753930354537,-68.03753930354537
2749.1400771045683,-68.0369755735762,-68.0369755735762
2749.1500771045685,-68.03636256723648,-68.03636256723648
2749.1600771045687,-68.03570081015712,-68.03570081015712
2749.1700771045685,-68.03499086754928,-68.03499086754928
2749.1800771045687,-68.03423332615041,-68.03423332615041
2749.1900771045684,-68.0334287853535,-68.0334287853535
2749.2000771045687,-68.03257785326561,-68.03257785326561
2749.2100771045684,-68.03168114531825,-68.03168114531825
2749.2200771045686,-68.03073928407534,-68.03073928407534
2749.2300771045684,-68.02975289953106,-68.02975289953106
2749.2400771045686,-68.02872262949474,-68.02872262949474
2749.2500771045684,-68.02764911990077,-68.02764911990077
2749.2600771045686,-68.02653302496071,-68.02653302496071
2749.2700771045684,-68.02537500712671,-68.02537500712671
2749.2800771045686,-68.02417573688342,-68.02417573688342
2749.2900771045684,-68.02293589246281,-68.02293589246281
2749.3000771045686,-68.02165615937469,-68.02165615937469
2749.3100771045683,-68.02033722991663,-68.02033722991663
2749.3200771045686,-68.01897980257849,-68.01897980257849
2749.3300771045683,-68.0175845814619,-68.0175845814619
2749.3400771045685,-68.0161522756457,-68.0161522756457
2749.3500771045683,-68.01468359855974,-68.01468359855974
2749.3600771045685,-68.01317926734797,-68.01317926734797
2749.3700771045683,-68.01164000226403,-68.01164000226403
2749.3800771045685,-68.01006652606527,-68.01006652606527
2749.3900771045683,-68.00845956342899,-68.00845956342899
2749.4000771045685,-68.006819840414,-68.006819840414
2749.4100771045687,-68.00514808389775,-68.00514808389775
2749.4200771045685,-68.00344502111102,-68.00344502111102
2749.4300771045687,-68.0017113791165,-68.0017113791165
2749.4400771045684,-67.99994788437436,-67.99994788437436
2749.4500771045687,-67.99815526228986,-67.99815526228986
2749.4600771045684,-67.99633423683615,-67.99633423683615
2749.4700771045686,-67.99448553014132,-67.99448553014132
2749.4800771045684,-67.99260986214495,-67.99260986214495
2749.4900771045686,-67.99070795024562,-67.99070795024562
2749.5000771045684,-67.98878050898513,-67.98878050898513
2749.5100771045686,-67.98682824975323,-67.98682824975323
2749.5200771045684,-67.98485188050486,-67.98485188050486
2749.5300771045686,-67.98285210548993,-67.98285210548993
2749.5400771045684,-67.98082962501924,-67.98082962501924
2749.5500771045686,-67.97878513521904,-67.97878513521904
2749.5600771045683,-67.97671932783443,-67.97671932783443
2749.5700771045686,-67.97463289001885,-67.97463289001885
2749.5800771045683,-67.97252650414651,-67.97252650414651
2749.5900771045685,-67.97040084765565,-67.97040084765565
2749.6000771045683,-67.96825659287073,-67.96825659287073
2749.6100771045685,-67.96609440685634,-67.96609440685634
2749.6200771045683,-67.96391495129788,-67.96391495129788
2749.6300771045685,-67.96171888234574,-67.96171888234574
2749.6400771045683,-67.95950685053592,-67.95950685053592
2749.6500771045685,-67.95727950065081,-67.95727950065081
2749.6600771045687,-67.95503747163492,-67.95503747163492
2749.6700771045685,-67.95278139651228,-67.95278139651228
2749.6800771045687,-67.95051190229246,-67.95051190229246
2749.6900771045684,-67.9482296099181,-67.9482296099181
2749.7000771045687,-67.94593513417227,-67.94593513417227
2749.7100771045684,-67.9436290836471,-67.9436290836471
2749.7200771045686,-67.94131206066767,-67.94131206066767
2749.7300771045684,-67.9389846612657,-67.9389846612657
2749.7400771045686,-67.93664747512362,-67.93664747512362
2749.7500771284103,-67.9343010799749,-67.9343010799749
2749.7600771284106,-67.9319460638813,-67.9319460638813
2749.7700771284103,-67.92958299175328,-67.92958299175328
2749.7800771284105,-67.92721242762407,-67.92721242762407
2749.7900771284103,-67.92483492908177,-67.92483492908177
2749.8000771284105,-67.9224510472164,-67.9224510472164
2749.8100771284103,-67.92006132666542,-67.92006132666542
2749.8200771284105,-67.91766630556364,-67.91766630556364
2749.8300771284103,-67.91526651558904,-67.91526651558904
2749.8400771284105,-67.91286248192162,-67.91286248192162
2749.8500771284102,-67.91045472329449,-67.91045472329449
2749.8600771284105,-67.90804375197551,-67.90804375197551
2749.8700771284102,-67.90563007379427,-67.90563007379427
2749.8800771284104,-67.90321418815616,-67.90321418815616
2749.89007712841,-67.90079658805345,-67.90079658805345
2749.9000771284104,-67.8983777601068,-67.8983777601068
2749.91007712841,-67.89595818456336,-67.89595818456336
2749.9200771284104,-67.89353833533328,-67.89353833533328
2749.93007712841,-67.89111868003256,-67.89111868003256
2749.9400771284104,-67.88869967998355,-67.88869967998355
2749.95007712841,-67.88628179026847,-67.88628179026847
2749.9600771284104,-67.88385956203079,-67.88385956203079
2749.97007712841,-67.88143086843623,-67.88143086843623
2749.9800771284104,-67.87899490519939,-67.87899490519939
2749.99007712841,-67.87655147586568,-67.87655147586568
2750.0000771284103,-67.87410071930222,-67.87410071930222
2750.0100771284106,-67.87164296840405,-67.87164296840405
2750.0200771284103,-67.86917866726223,-67.86917866726223
2750.0300771284105,-67.86670832147779,-67.86670832147779
2750.0400771284103,-67.86423246830068,-67.86423246830068
2750.0500771284105,-67.8617516587739,-67.8617516587739
2750.0600771284103,-67.85926644712158,-67.85926644712158
2750.0700771284105,-67.85677738455999,-67.85677738455999
2750.0800771284103,-67.85428501580996,-67.85428501580996
2750.0900771284105,-67.85178987718955,-67.85178987718955
2750.1000771284102,-67.84929249575856,-67.84929249575856
2750.1100771284105,-67.84679338898604,-67.84679338898604
2750.1200771284102,-67.84429306478881,-67.84429306478881
2750.1300771284104,-67.84179202174363,-67.84179202174363
2750.14007712841,-67.83929074940447,-67.83929074940447
2750.1500771284104,-67.8367897286356,-67.8367897286356
2750.16007712841,-67.83428943197201,-67.83428943197201
2750.1700771284104,-67.83179032394345,-67.83179032394345
2750.18007712841,-67.829292861405,-67.829292861405
2750.1900771284104,-67.8267974937971,-67.8267974937971
2750.20007712841,-67.82430466343229,-67.82430466343229
2750.2100771284104,-67.82181480570252,-67.82181480570252
2750.22007712841,-67.81932834928008,-67.81932834928008
2750.2300771284104,-67.81684571631857,-67.81684571631857
2750.24007712841,-67.81436732259472,-67.81436732259472
2750.2500771284103,-67.81189357766178,-67.81189357766178
2750.2600771284106,-67.80942488498611,-67.80942488498611
2750.2700771284103,-67.80696164203218,-67.80696164203218
2750.2800771284105,-67.80450424038978,-67.80450424038978
2750.2900771284103,-67.80205306586177,-67.80205306586177
2750.3000771284105,-67.79960849854426,-67.79960849854426
2750.3100771284103,-67.79717091290507,-67.79717091290507
2750.3200771284105,-67.79474067785596,-67.79474067785596
2750.3300771284103,-67.79231815681618,-67.79231815681618
2750.3400771284105,-67.78990370777778,-67.78990370777778
2750.3500771284102,-67.78749768337674,-67.78749768337674
2750.3600771284105,-67.78510043091215,-67.78510043091215
2750.3700771284102,-67.78271229243818,-67.78271229243818
2750.3800771284104,-67.78033360478548,-67.78033360478548
2750.39007712841,-67.77796469962509,-67.77796469962509
2750.4000771284104,-67.77560590352607,-67.77560590352607
2750.41007712841,-67.77325753799009,-67.77325753799009
2750.4200771284104,-67.77091991947542,-67.77091991947542
2750.43007712841,-67.76859335947822,-67.76859335947822
2750.4400771284104,-67.76627816456217,-67.76627816456217
2750.45007712841,-67.76397463639745,-67.76397463639745
2750.4600771284104,-67.76168307181058,-67.76168307181058
2750.47007712841,-67.75940376283009,-67.75940376283009
2750.4800771284104,-67.75713699671388,-67.75713699671388
2750.49007712841,-67.75488305600773,-67.75488305600773
2750.5000771284103,-67.75264221858738,-67.75264221858738
2750.5100771284106,-67.75041475769717,-67.75041475769717
2750.5200771284103,-67.74820094198674,-67.74820094198674
2750.5300771284105,-67.74600103556091,-67.74600103556091
2750.5400771284103,-67.74381529801794,-67.74381529801794
2750.5500771284105,-67.7416439845037,-67.7416439845037
2750.5600771284103,-67.7394873457389,-67.7394873457389
2750.5700771284105,-67.73734562807087,-67.73734562807087
2750.5800771284103,-67.7352190735063,-67.7352190735063
2750.5900771284105,-67.73310791977542,-67.73310791977542
2750.600077152252,-67.73101239535487,-67.73101239535487
2750.6100771522524,-67.72893273955466,-67.72893273955466
2750.620077152252,-67.72686917240955,-67.72686917240955
2750.6300771522524,-67.72482191492674,-67.72482191492674
2750.640077152252,-67.7227911840235,-67.7227911840235
2750.6500771522524,-67.72077719255275,-67.72077719255275
2750.660077152252,-67.71878014941312,-67.71878014941312
2750.6700771522524,-67.71680025953707,-67.71680025953707
2750.680077152252,-67.7148377239503,-67.7148377239503
2750.6900771522523,-67.71289273980736,-67.71289273980736
2750.700077152252,-67.71096550046269,-67.71096550046269
2750.7100771522523,-67.70905619545927,-67.70905619545927
2750.720077152252,-67.70716501062519,-67.70716501062519
2750.7300771522523,-67.70529212808361,-67.70529212808361
2750.740077152252,-67.70343772631007,-67.70343772631007
2750.7500771522523,-67.70160198016268,-67.70160198016268
2750.760077152252,-67.69978506092957,-67.69978506092957
2750.7700771522523,-67.6979871363621,-67.6979871363621
2750.780077152252,-67.69620837074204,-67.69620837074204
2750.7900771522523,-67.69444892488457,-67.69444892488457
2750.800077152252,-67.69270895620917,-67.69270895620917
2750.8100771522522,-67.69098861876444,-67.69098861876444
2750.820077152252,-67.6892880632729,-67.6892880632729
2750.830077152252,-67.68760743716868,-67.68760743716868
2750.840077152252,-67.68594688465812,-67.68594688465812
2750.850077152252,-67.6843065467139,-67.6843065467139
2750.8600771522524,-67.68268656117046,-67.68268656117046
2750.870077152252,-67.68108706270758,-67.68108706270758
2750.8800771522524,-67.67950818292952,-67.67950818292952
2750.890077152252,-67.67795005040149,-67.67795005040149
2750.9000771522524,-67.67641279065,-67.67641279065
2750.910077152252,-67.67489652625862,-67.67489652625862
2750.9200771522524,-67.67340137684303,-67.67340137684303
2750.930077152252,-67.67192745915132,-67.67192745915132
2750.9400771522523,-67.67047488704789,-67.67047488704789
2750.950077152252,-67.66904377158332,-67.66904377158332
2750.9600771522523,-67.6676342210129,-67.6676342210129
2750.970077152252,-67.66624634085113,-67.66624634085113
2750.9800771522523,-67.6648802338845,-67.6648802338845
2750.990077152252,-67.66353600022843,-67.66353600022843
2751.0000771522523,-67.6622137373479,-67.6622137373479
2751.010077152252,-67.66091354010328,-67.66091354010328
2751.0200771522523,-67.65963550077517,-67.65963550077517
2751.030077152252,-67.6583797091085,-67.6583797091085
2751.0400771522523,-67.65714625232576,-67.65714625232576
2751.050077152252,-67.65593521520252,-67.65593521520252
2751.0600771522522,-67.65474668005436,-67.65474668005436
2751.070077152252,-67.65358072679899,-67.65358072679899
2751.080077152252,-67.65243743297465,-67.65243743297465
2751.090077152252,-67.6513168737911,-67.6513168737911
2751.100077152252,-67.6502191221258,-67.6502191221258
2751.1100771522524,-67.64914424860173,-67.64914424860173
2751.120077152252,-67.64809232158333,-67.64809232158333
2751.1300771522524,-67.64706340722124,-67.64706340722124
2751.140077152252,-67.64605756948872,-67.64605756948872
2751.1500771522524,-67.64507487018825,-67.64507487018825
2751.160077152252,-67.6441153690171,-67.6441153690171
2751.1700771522524,-67.64317912357649,-67.64317912357649
2751.180077152252,-67.64226618938812,-67.64226618938812
2751.1900771522523,-67.64137661994624,-67.64137661994624
2751.200077152252,-67.6405104667533,-67.6405104667533
2751.2100771522523,-67.63966777931181,-67.63966777931181
2751.220077152252,-67.63884860518696,-67.63884860518696
2751.2300771522523,-67.63805299001875,-67.63805299001875
2751.240077152252,-67.63728097754942,-67.63728097754942
2751.2500771522523,-67.63653260965188,-67.63653260965188
2751.260077152252,-67.63580792637366,-67.63580792637366
2751.2700771522523,-67.63510696593526,-67.63510696593526
2751.280077152252,-67.63442976477782,-67.63442976477782
2751.2900771522523,-67.63377635756318,-67.63377635756318
2751.300077152252,-67.63314677724381,-67.63314677724381
2751.3100771522522,-67.63254105504033,-67.63254105504033
2751.320077152252,-67.6319592205036,-67.6319592205036
2751.330077152252,-67.63140130150687,-67.63140130150687
2751.340077152252,-67.63086732430376,-67.63086732430376
2751.350077152252,-67.63035731352491,-67.63035731352491
2751.3600771522524,-67.6298712922221,-67.6298712922221
2751.370077152252,-67.62940928187658,-67.62940928187658
2751.3800771522524,-67.62897130242527,-67.62897130242527
2751.390077152252,-67.628557372302,-67.628557372302
2751.4000771522524,-67.62816750842785,-67.62816750842785
2751.410077152252,-67.62780172625325,-67.62780172625325
2751.4200771522524,-67.62746003979059,-67.62746003979059
2751.430077152252,-67.62714246161558,-67.62714246161558
2751.4400771522523,-67.62684900289034,-67.62684900289034
2751.450077176094,-67.62657967277023,-67.62657967277023
2751.4600771760943,-67.62633448103415,-67.62633448103415
2751.470077176094,-67.62611343400899,-67.62611343400899
2751.4800771760943,-67.62591653746352,-67.62591653746352
2751.490077176094,-67.62574379584568,-67.62574379584568
2751.5000771760942,-67.62559521232522,-67.62559521232522
2751.510077176094,-67.62547078880168,-67.62547078880168
2751.520077176094,-67.62537052593866,-67.62537052593866
2751.530077176094,-67.62529442317317,-67.62529442317317
2751.540077176094,-67.6252424787268,-67.6252424787268
2751.550077176094,-67.62521468965615,-67.62521468965615
2751.560077176094,-67.62521105182692,-67.62521105182692
2751.570077176094,-67.62523155997474,-67.62523155997474
2751.580077176094,-67.6252762076867,-67.6252762076867
2751.590077176094,-67.62534498744556,-67.62534498744556
2751.600077176094,-67.6254378906405,-67.6254378906405
2751.610077176094,-67.62555490757845,-67.62555490757845
2751.620077176094,-67.62569602750443,-67.62569602750443
2751.630077176094,-67.62586123861801,-67.62586123861801
2751.640077176094,-67.62605052808927,-67.62605052808927
2751.650077176094,-67.62626388208989,-67.62626388208989
2751.660077176094,-67.62650128578304,-67.62650128578304
2751.670077176094,-67.62676272335624,-67.62676272335624
2751.680077176094,-67.6270481780388,-67.6270481780388
2751.690077176094,-67.62735763211325,-67.62735763211325
2751.700077176094,-67.62769106692012,-67.62769106692012
2751.7100771760943,-67.62804258226086,-67.62804258226086
2751.720077176094,-67.62840959046977,-67.62840959046977
2751.7300771760943,-67.62879082665158,-67.62879082665158
2751.740077176094,-67.62918563701773,-67.62918563701773
2751.7500771760942,-67.62959370748396,-67.62959370748396
2751.760077176094,-67.63001492281181,-67.63001492281181
2751.770077176094,-67.63044928401267,-67.63044928401267
2751.780077176094,-67.63089685883813,-67.63089685883813
2751.790077176094,-67.63135775193489,-67.63135775193489
2751.800077176094,-67.63183208704883,-67.63183208704883
2751.810077176094,-67.6323199963632,-67.6323199963632
2751.820077176094,-67.6328216143316,-67.6328216143316
2751.830077176094,-67.63333707409365,-67.63333707409365
2751.840077176094,-67.63386650559075,-67.63386650559075
2751.850077176094,-67.63441003460726,-67.63441003460726
2751.860077176094,-67.6349677824325,-67.6349677824325
2751.870077176094,-67.63553986582822,-67.63553986582822
2751.880077176094,-67.63612639720421,-67.63612639720421
2751.890077176094,-67.63672748487785,-67.63672748487785
2751.900077176094,-67.63734323337208,-67.63734323337208
2751.910077176094,-67.63797374371414,-67.63797374371414
2751.920077176094,-67.63861911373606,-67.63861911373606
2751.930077176094,-67.63927943830632,-67.63927943830632
2751.940077176094,-67.6399548096222,-67.6399548096222
2751.950077176094,-67.64064531736891,-67.64064531736891
2751.9600771760943,-67.64135104893268,-67.64135104893268
2751.970077176094,-67.64207208954932,-67.64207208954932
2751.9800771760943,-67.64280852244319,-67.64280852244319
2751.990077176094,-67.64356042894669,-67.64356042894669
2752.0000771760942,-67.64432788858292,-67.64432788858292
2752.010077176094,-67.64511097917413,-67.64511097917413
2752.020077176094,-67.64590977687577,-67.64590977687577
2752.030077176094,-67.64672435628319,-67.64672435628319
2752.040077176094,-67.64755479043696,-67.64755479043696
2752.050077176094,-67.64840115087277,-67.64840115087277
2752.060077176094,-67.64926350768584,-67.64926350768584
2752.070077176094,-67.65014192953,-67.65014192953
2752.080077176094,-67.65103648363352,-67.65103648363352
2752.090077176094,-67.65194723585033,-67.65194723585033
2752.100077176094,-67.65287425065065,-67.65287425065065
2752.110077176094,-67.65381759113669,-67.65381759113669
2752.120077176094,-67.65477731906962,-67.65477731906962
2752.130077176094,-67.65575349485908,-67.65575349485908
2752.140077176094,-67.65674617758563,-67.65674617758563
2752.150077176094,-67.65775542498952,-67.65775542498952
2752.160077176094,-67.65878129349818,-67.65878129349818
2752.170077176094,-67.65982383820757,-67.65982383820757
2752.180077176094,-67.66088311291541,-67.66088311291541
2752.190077176094,-67.66195917009478,-67.66195917009478
2752.200077176094,-67.66305206091066,-67.66305206091066
2752.2100771760943,-67.66416183523936,-67.66416183523936
2752.220077176094,-67.66528854162986,-67.66528854162986
2752.2300771760943,-67.66643222735118,-67.66643222735118
2752.240077176094,-67.66759293837059,-67.66759293837059
2752.2500771760942,-67.66877071937543,-67.66877071937543
2752.260077176094,-67.66996561375275,-67.66996561375275
2752.270077176094,-67.67117766361797,-67.67117766361797
2752.280077176094,-67.67240690980196,-67.67240690980196
2752.290077176094,-67.67365339186387,-67.67365339186387
2752.300077199936,-67.67491715111444,-67.67491715111444
2752.310077199936,-67.67619821860856,-67.67619821860856
2752.320077199936,-67.67749663306128,-67.67749663306128
2752.330077199936,-67.67881242900242,-67.67881242900242
2752.340077199936,-67.6801456397076,-67.6801456397076
2752.350077199936,-67.68149629721732,-67.68149629721732
2752.360077199936,-67.68286443233973,-67.68286443233973
2752.370077199936,-67.68425007465089,-67.68425007465089
2752.380077199936,-67.68565325252344,-67.68565325252344
2752.390077199936,-67.6870739931182,-67.6870739931182
2752.400077199936,-67.68851232238211,-67.68851232238211
2752.410077199936,-67.6899682650843,-67.6899682650843
2752.420077199936,-67.69144184479836,-67.69144184479836
2752.430077199936,-67.69293308393262,-67.69293308393262
2752.440077199936,-67.69444200373393,-67.69444200373393
2752.450077199936,-67.69596862427993,-67.69596862427993
2752.4600771999358,-67.69751296450877,-67.69751296450877
2752.470077199936,-67.6990750422166,-67.6990750422166
2752.4800771999357,-67.70065487408284,-67.70065487408284
2752.490077199936,-67.70225247565692,-67.70225247565692
2752.5000771999357,-67.70386786138955,-67.70386786138955
2752.510077199936,-67.7055010446312,-67.7055010446312
2752.5200771999357,-67.70715203765648,-67.70715203765648
2752.530077199936,-67.70882085165469,-67.70882085165469
2752.5400771999357,-67.71050749675086,-67.71050749675086
2752.550077199936,-67.71221198201911,-67.71221198201911
2752.560077199936,-67.713934315493,-67.713934315493
2752.570077199936,-67.71567450417213,-67.71567450417213
2752.580077199936,-67.71743255404556,-67.71743255404556
2752.590077199936,-67.71920847007718,-67.71920847007718
2752.600077199936,-67.72100225625158,-67.72100225625158
2752.610077199936,-67.72281391555732,-67.72281391555732
2752.620077199936,-67.72464345000975,-67.72464345000975
2752.630077199936,-67.7264908606614,-67.7264908606614
2752.640077199936,-67.72835614762026,-67.72835614762026
2752.650077199936,-67.73023931004776,-67.73023931004776
2752.660077199936,-67.73214034617958,-67.73214034617958
2752.670077199936,-67.73405925333829,-67.73405925333829
2752.680077199936,-67.73599602793172,-67.73599602793172
2752.690077199936,-67.7379506654844,-67.7379506654844
2752.700077199936,-67.73992316063861,-67.73992316063861
2752.7100771999358,-67.74190761328408,-67.74190761328408
2752.720077199936,-67.7439014406614,-67.7439014406614
2752.7300771999357,-67.74590338514463,-67.74590338514463
2752.740077199936,-67.74791280161321,-67.74791280161321
2752.7500771999357,-67.7499293855553,-67.7499293855553
2752.760077199936,-67.75195303195194,-67.75195303195194
2752.7700771999357,-67.75398375254903,-67.75398375254903
2752.780077199936,-67.75602162618227,-67.75602162618227
2752.7900771999357,-67.75806676891204,-67.75806676891204
2752.800077199936,-67.76011931613573,-67.76011931613573
2752.810077199936,-67.76217941191942,-67.76217941191942
2752.820077199936,-67.7642472027824,-67.7642472027824
2752.830077199936,-67.7663228341068,-67.7663228341068
2752.840077199936,-67.76840644823676,-67.76840644823676
2752.850077199936,-67.77049818348584,-67.77049818348584
2752.860077199936,-67.77259817379615,-67.77259817379615
2752.870077199936,-67.77470654871088,-67.77470654871088
2752.880077199936,-67.77682343352892,-67.77682343352892
2752.890077199936,-67.77894894953344,-67.77894894953344
2752.900077199936,-67.78108321431502,-67.78108321431502
2752.910077199936,-67.78322634205342,-67.78322634205342
2752.920077199936,-67.78537844379404,-67.78537844379404
2752.930077199936,-67.78753962771857,-67.78753962771857
2752.940077199936,-67.78970999936969,-67.78970999936969
2752.950077199936,-67.79188966184897,-67.79188966184897
2752.9600771999358,-67.79407871602712,-67.79407871602712
2752.970077199936,-67.79627726065138,-67.79627726065138
2752.9800771999357,-67.79848539252788,-67.79848539252788
2752.990077199936,-67.8007032065892,-67.8007032065892
2753.0000771999357,-67.80293079602268,-67.80293079602268
2753.010077199936,-67.80516825231724,-67.80516825231724
2753.0200771999357,-67.80741566537549,-67.80741566537549
2753.030077199936,-67.80967312351639,-67.80967312351639
2753.0400771999357,-67.81194071357264,-67.81194071357264
2753.050077199936,-67.81421852088319,-67.81421852088319
2753.060077199936,-67.81650662936805,-67.81650662936805
2753.070077199936,-67.8188051215188,-67.8188051215188
2753.080077199936,-67.821114078436,-67.821114078436
2753.090077199936,-67.8234335798481,-67.8234335798481
2753.100077199936,-67.82576370411948,-67.82576370411948
2753.110077199936,-67.82810452826877,-67.82810452826877
2753.120077199936,-67.83045612797204,-67.83045612797204
2753.130077199936,-67.83281857756897,-67.83281857756897
2753.140077199936,-67.83519195007614,-67.83519195007614
2753.1500772237778,-67.83757632287279,-67.83757632287279
2753.160077223778,-67.83997175500485,-67.83997175500485
2753.1700772237778,-67.84237832116578,-67.84237832116578
2753.180077223778,-67.8447960891132,-67.8447960891132
2753.1900772237777,-67.84722512528586,-67.84722512528586
2753.200077223778,-67.84966549482372,-67.84966549482372
2753.2100772237777,-67.85211726155585,-67.85211726155585
2753.220077223778,-67.85458048801601,-67.85458048801601
2753.2300772237777,-67.85705523543142,-67.85705523543142
2753.240077223778,-67.85954156373887,-67.85954156373887
2753.2500772237777,-67.86203953157919,-67.86203953157919
2753.260077223778,-67.86454919631717,-67.86454919631717
2753.2700772237777,-67.86707061401265,-67.86707061401265
2753.280077223778,-67.86960383945089,-67.86960383945089
2753.2900772237776,-67.87214892614028,-67.87214892614028
2753.300077223778,-67.87470592631702,-67.87470592631702
2753.3100772237776,-67.87727489094087,-67.87727489094087
2753.320077223778,-67.87985586971922,-67.87985586971922
2753.3300772237776,-67.88244891109848,-67.88244891109848
2753.340077223778,-67.88505406226754,-67.88505406226754
2753.3500772237776,-67.88767136917163,-67.88767136917163
2753.360077223778,-67.89030087651528,-67.89030087651528
2753.3700772237776,-67.89294262778004,-67.89294262778004
2753.380077223778,-67.89559666520763,-67.89559666520763
2753.3900772237776,-67.89826302983049,-67.89826302983049
2753.4000772237778,-67.90094176146768,-67.90094176146768
2753.410077223778,-67.90363289873945,-67.90363289873945
2753.4200772237778,-67.90633647906782,-67.90633647906782
2753.430077223778,-67.90905253868758,-67.90905253868758
2753.4400772237777,-67.91178111266096,-67.91178111266096
2753.450077223778,-67.91452223488619,-67.91452223488619
2753.4600772237777,-67.91727593809833,-67.91727593809833
2753.470077223778,-67.92004225387929,-67.92004225387929
2753.4800772237777,-67.92282121268336,-67.92282121268336
2753.490077223778,-67.92561284382079,-67.92561284382079
2753.5000772237777,-67.92841717549862,-67.92841717549862
2753.510077223778,-67.93123423480647,-67.93123423480647
2753.5200772237777,-67.93406404772789,-67.93406404772789
2753.530077223778,-67.93690663917495,-67.93690663917495
2753.5400772237776,-67.93976203297348,-67.93976203297348
2753.550077223778,-67.94263025188584,-67.94263025188584
2753.5600772237776,-67.94551131760707,-67.94551131760707
2753.570077223778,-67.94840525080622,-67.94840525080622
2753.5800772237776,-67.95131207110632,-67.95131207110632
2753.590077223778,-67.95423179710698,-67.95423179710698
2753.6000772237776,-67.95716444640986,-67.95716444640986
2753.610077223778,-67.96011003559427,-67.96011003559427
2753.6200772237776,-67.96306858027864,-67.96306858027864
2753.630077223778,-67.9660400950755,-67.9660400950755
2753.6400772237776,-67.96902459365442,-67.96902459365442
2753.6500772237778,-67.97202208871678,-67.97202208871678
2753.660077223778,-67.97503259202526,-67.97503259202526
2753.6700772237778,-67.9780561144104,-67.9780561144104
2753.680077223778,-67.98109266578685,-67.98109266578685
2753.6900772237777,-67.9841422551609,-67.9841422551609
2753.700077223778,-67.98720489063562,-67.98720489063562
2753.7100772237777,-67.99028057942854,-67.99028057942854
2753.720077223778,-67.99336932788945,-67.99336932788945
2753.7300772237777,-67.9964711414964,-67.9964711414964
2753.740077223778,-67.9995860248881,-67.9995860248881
2753.7500772237777,-68.00271398186412,-68.00271398186412
2753.760077223778,-68.00585501537262,-68.00585501537262
2753.7700772237777,-68.00900912756995,-68.00900912756995
2753.780077223778,-68.01217631979104,-68.01217631979104
2753.7900772237776,-68.01535659258451,-68.01535659258451
2753.800077223778,-68.01854994571842,-68.01854994571842
2753.8100772237776,-68.02175637817767,-68.02175637817767
2753.820077223778,-68.02497588818632,-68.02497588818632
2753.8300772237776,-68.0282084732258,-68.0282084732258
2753.840077223778,-68.03145413003742,-68.03145413003742
2753.8500772237776,-68.03471285462238,-68.03471285462238
2753.860077223778,-68.03798464227745,-68.03798464227745
2753.8700772237776,-68.0412694875881,-68.0412694875881
2753.880077223778,-68.04456738443515,-68.04456738443515
2753.8900772237776,-68.04787832601939,-68.04787832601939
2753.9000772237778,-68.05120230486165,-68.05120230486165
2753.910077223778,-68.0545393128259,-68.0545393128259
2753.9200772237778,-68.0578893411168,-68.0578893411168
2753.930077223778,-68.0612523802884,-68.0612523802884
2753.9400772237777,-68.0646284202671,-68.0646284202671
2753.950077223778,-68.06801745035335,-68.06801745035335
2753.9600772237777,-68.07141945922517,-68.07141945922517
2753.970077223778,-68.07483443495799,-68.07483443495799
2753.9800772237777,-68.0782623650447,-68.0782623650447
2753.990077223778,-68.08170323637276,-68.08170323637276
2754.0000772476196,-68.08515704349603,-68.08515704349603
2754.01007724762,-68.08862375577088,-68.08862375577088
2754.0200772476196,-68.09210336654168,-68.09210336654168
2754.03007724762,-68.0955958604745,-68.0955958604745
2754.0400772476196,-68.09910122167462,-68.09910122167462
2754.05007724762,-68.10261943372961,-68.10261943372961
2754.0600772476196,-68.10615047969874,-68.10615047969874
2754.07007724762,-68.10969434212012,-68.10969434212012
2754.0800772476196,-68.11325100304742,-68.11325100304742
2754.09007724762,-68.1168204440209,-68.1168204440209
2754.1000772476195,-68.12040264610857,-68.12040264610857
2754.1100772476198,-68.12399758989085,-68.12399758989085
2754.1200772476195,-68.12760525548921,-68.12760525548921
2754.1300772476197,-68.1312256225486,-68.1312256225486
2754.1400772476195,-68.13485867027875,-68.13485867027875
2754.1500772476197,-68.1385043774364,-68.1385043774364
2754.1600772476195,-68.14216272234772,-68.14216272234772
2754.1700772476197,-68.14583368289084,-68.14583368289084
2754.1800772476195,-68.14951723655638,-68.14951723655638
2754.1900772476197,-68.15321336039183,-68.15321336039183
2754.2000772476194,-68.156922031048,-68.156922031048
2754.2100772476197,-68.16064322479184,-68.16064322479184
2754.2200772476194,-68.16437691748588,-68.16437691748588
2754.2300772476196,-68.16812308460436,-68.16812308460436
2754.2400772476194,-68.17188170125863,-68.17188170125863
2754.2500772476196,-68.1756527421814,-68.1756527421814
2754.26007724762,-68.17943618175553,-68.17943618175553
2754.2700772476196,-68.18323199400184,-68.18323199400184
2754.28007724762,-68.1870401525902,-68.1870401525902
2754.2900772476196,-68.1908606308575,-68.1908606308575
2754.30007724762,-68.19469340179995,-68.19469340179995
2754.3100772476196,-68.19853843809129,-68.19853843809129
2754.32007724762,-68.20239571206669,-68.20239571206669
2754.3300772476196,-68.20626519578333,-68.20626519578333
2754.34007724762,-68.21014686095522,-68.21014686095522
2754.3500772476195,-68.21404067901105,-68.21404067901105
2754.3600772476198,-68.21794662107402,-68.21794662107402
2754.3700772476195,-68.22186465799211,-68.22186465799211
2754.3800772476197,-68.22579476031416,-68.22579476031416
2754.3900772476195,-68.22973689832135,-68.22973689832135
2754.4000772476197,-68.23369104201477,-68.23369104201477
2754.4100772476195,-68.23765716113522,-68.23765716113522
2754.4200772476197,-68.24163522517104,-68.24163522517104
2754.4300772476195,-68.24562520334324,-68.24562520334324
2754.4400772476197,-68.24962706461746,-68.24962706461746
2754.4500772476194,-68.25364077773719,-68.25364077773719
2754.4600772476197,-68.25766631118498,-68.25766631118498
2754.4700772476194,-68.26170363322875,-68.26170363322875
2754.4800772476196,-68.2657527118976,-68.2657527118976
2754.4900772476194,-68.2698135150065,-68.2698135150065
2754.5000772476196,-68.27388601013725,-68.27388601013725
2754.51007724762,-68.27797016467737,-68.27797016467737
2754.5200772476196,-68.28206594579896,-68.28206594579896
2754.53007724762,-68.2861733204687,-68.2861733204687
2754.5400772476196,-68.29029225545605,-68.29029225545605
2754.55007724762,-68.2944227173353,-68.2944227173353
2754.5600772476196,-68.29856467250049,-68.29856467250049
2754.57007724762,-68.30271808715656,-68.30271808715656
2754.5800772476196,-68.30688292732634,-68.30688292732634
2754.59007724762,-68.31105915886185,-68.31105915886185
2754.6000772476195,-68.31524674744527,-68.31524674744527
2754.6100772476198,-68.31944565858423,-68.31944565858423
2754.6200772476195,-68.32365585763613,-68.32365585763613
2754.6300772476197,-68.32787730979621,-68.32787730979621
2754.6400772476195,-68.33210998010377,-68.33210998010377
2754.6500772476197,-68.33635383344429,-68.33635383344429
2754.6600772476195,-68.34060883457164,-68.34060883457164
2754.6700772476197,-68.34487494807912,-68.34487494807912
2754.6800772476195,-68.34915213844414,-68.34915213844414
2754.6900772476197,-68.3534403699853,-68.3534403699853
2754.7000772476194,-68.35773960691941,-68.35773960691941
2754.7100772476197,-68.36204981330921,-68.36204981330921
2754.7200772476194,-68.36637095311951,-68.36637095311951
2754.7300772476196,-68.37070299017246,-68.37070299017246
2754.7400772476194,-68.37504588819306,-68.37504588819306
2754.7500772476196,-68.37939961079407,-68.37939961079407
2754.76007724762,-68.38376412146087,-68.38376412146087
2754.7700772476196,-68.388139383595,-68.388139383595
2754.78007724762,-68.39252536048642,-68.39252536048642
2754.7900772476196,-68.39692201533124,-68.39692201533124
2754.80007724762,-68.4013293112192,-68.4013293112192
2754.8100772476196,-68.40574721116198,-68.40574721116198
2754.82007724762,-68.41017567807678,-68.41017567807678
2754.8300772476196,-68.41461467479499,-68.41461467479499
2754.84007724762,-68.41906416406498,-68.41906416406498
2754.8500772714615,-68.42352411918024,-68.42352411918024
2754.8600772714617,-68.42799448153414,-68.42799448153414
2754.8700772714615,-68.4324752242022,-68.4324752242022
2754.8800772714617,-68.43696630964645,-68.43696630964645
2754.8900772714615,-68.44146770025188,-68.44146770025188
2754.9000772714617,-68.44597935832091,-68.44597935832091
2754.9100772714614,-68.4505012461238,-68.4505012461238
2754.9200772714617,-68.45503332584498,-68.45503332584498
2754.9300772714614,-68.45957555962191,-68.45957555962191
2754.9400772714616,-68.46412790952847,-68.46412790952847
2754.9500772714614,-68.46869033760292,-68.46869033760292
2754.9600772714616,-68.47325684070825,-68.47325684070825
2754.9700772714614,-68.47782476881416,-68.47782476881416
2754.9800772714616,-68.48239281242277,-68.48239281242277
2754.9900772714614,-68.4869602825185,-68.4869602825185
2755.0000772714616,-68.4915268357045,-68.4915268357045
2755.0100772714613,-68.49609233150781,-68.49609233150781
2755.0200772714616,-68.50065674869715,-68.50065674869715
2755.0300772714613,-68.50522013505248,-68.50522013505248
2755.0400772714615,-68.50978257715919,-68.50978257715919
2755.0500772714613,-68.51434418225143,-68.51434418225143
2755.0600772714615,-68.51890506742265,-68.51890506742265
2755.0700772714613,-68.52346535331696,-68.52346535331696
2755.0800772714615,-68.52802516043732,-68.52802516043732
2755.0900772714613,-68.5325846072139,-68.5325846072139
2755.1000772714615,-68.53714380898131,-68.53714380898131
2755.1100772714617,-68.54170287758319,-68.54170287758319
2755.1200772714615,-68.5462619213441,-68.5462619213441
2755.1300772714617,-68.55082104514454,-68.55082104514454
2755.1400772714615,-68.55538035071851,-68.55538035071851
2755.1500772714617,-68.5599399368824,-68.5599399368824
2755.1600772714614,-68.56449989983258,-68.56449989983258
2755.1700772714617,-68.56906033340425,-68.56906033340425
2755.1800772714614,-68.57362132931188,-68.57362132931188
2755.1900772714616,-68.5781829773748,-68.5781829773748
2755.2000772714614,-68.58274536570545,-68.58274536570545
2755.2100772714616,-68.58730858085504,-68.58730858085504
2755.2200772714614,-68.59187270799956,-68.59187270799956
2755.2300772714616,-68.59643783100765,-68.59643783100765
2755.2400772714614,-68.6010040325795,-68.6010040325795
2755.2500772714616,-68.60557139429501,-68.60557139429501
2755.2600772714613,-68.6101399967088,-68.6101399967088
2755.2700772714616,-68.61470991938971,-68.61470991938971
2755.2800772714613,-68.61928124096951,-68.61928124096951
2755.2900772714615,-68.62385403918559,-68.62385403918559
2755.3000772714613,-68.62842839089156,-68.62842839089156
2755.3100772714615,-68.63300437208547,-68.63300437208547
2755.3200772714613,-68.63758205793457,-68.63758205793457
2755.3300772714615,-68.64216152277247,-68.64216152277247
2755.3400772714613,-68.6467428401196,-68.6467428401196
2755.3500772714615,-68.65132608266761,-68.65132608266761
2755.3600772714617,-68.65591132231062,-68.65591132231062
2755.3700772714615,-68.66049863010609,-68.66049863010609
2755.3800772714617,-68.66508807631105,-68.66508807631105
2755.3900772714615,-68.66967973035453,-68.66967973035453
2755.4000772714617,-68.67427366084578,-68.67427366084578
2755.4100772714614,-68.67886993555855,-68.67886993555855
2755.4200772714617,-68.68346862143585,-68.68346862143585
2755.4300772714614,-68.68806978458561,-68.68806978458561
2755.4400772714616,-68.69267349026003,-68.69267349026003
2755.4500772714614,-68.69727980286277,-68.69727980286277
2755.4600772714616,-68.70188878593996,-68.70188878593996
2755.4700772714614,-68.7065005021771,-68.7065005021771
2755.4800772714616,-68.71111501338808,-68.71111501338808
2755.4900772714614,-68.7157323805207,-68.7157323805207
2755.5000772714616,-68.72035266363172,-68.72035266363172
2755.5100772714613,-68.72497592191176,-68.72497592191176
2755.5200772714616,-68.72960221365278,-68.72960221365278
2755.5300772714613,-68.73423159626334,-68.73423159626334
2755.5400772714615,-68.73886412625856,-68.73886412625856
2755.5500772714613,-68.74349985925649,-68.74349985925649
2755.5600772714615,-68.74813884997336,-68.74813884997336
2755.5700772714613,-68.7527811522394,-68.7527811522394
2755.5800772714615,-68.75742681896564,-68.75742681896564
2755.5900772714613,-68.76207590218307,-68.76207590218307
2755.6000772714615,-68.76672845300605,-68.76672845300605
2755.6100772714617,-68.77138452165572,-68.77138452165572
2755.6200772714615,-68.77604415744563,-68.77604415744563
2755.6300772714617,-68.78070740878745,-68.78070740878745
2755.6400772714615,-68.78537432320562,-68.78537432320562
2755.6500772714617,-68.79004494731419,-68.79004494731419
2755.6600772714614,-68.79471932684108,-68.79471932684108
2755.6700772714617,-68.79939750661411,-68.79939750661411
2755.6800772714614,-68.80407953058052,-68.80407953058052
2755.6900772714616,-68.80876544179222,-68.80876544179222
2755.7000772953033,-68.81345529359248,-68.81345529359248
2755.7100772953036,-68.81814910496229,-68.81814910496229
2755.7200772953033,-68.82284692745516,-68.82284692745516
2755.7300772953035,-68.82754880062103,-68.82754880062103
2755.7400772953033,-68.83225476314149,-68.83225476314149
2755.7500772953035,-68.83696485283879,-68.83696485283879
2755.7600772953033,-68.8416791066756,-68.8416791066756
2755.7700772953035,-68.84639756075666,-68.84639756075666
2755.7800772953033,-68.85112025035923,-68.85112025035923
2755.7900772953035,-68.8558472099008,-68.8558472099008
2755.8000772953033,-68.86057847298068,-68.86057847298068
2755.8100772953035,-68.86531407236332,-68.86531407236332
2755.8200772953032,-68.87005403999655,-68.87005403999655
2755.8300772953035,-68.8747984070056,-68.8747984070056
2755.840077295303,-68.87954720371869,-68.87954720371869
2755.8500772953034,-68.88430045965791,-68.88430045965791
2755.860077295303,-68.88905820355335,-68.88905820355335
2755.8700772953034,-68.89382046334677,-68.89382046334677
2755.880077295303,-68.89858726620032,-68.89858726620032
2755.8900772953034,-68.90335863849899,-68.90335863849899
2755.900077295303,-68.90813460587769,-68.90813460587769
2755.9100772953034,-68.91291519320066,-68.91291519320066
2755.920077295303,-68.91770042458428,-68.91770042458428
2755.9300772953034,-68.92249032341492,-68.92249032341492
2755.940077295303,-68.92728491233149,-68.92728491233149
2755.9500772953033,-68.93208421324249,-68.93208421324249
2755.9600772953036,-68.93688224029137,-68.93688224029137
2755.9700772953033,-68.94167638263727,-68.94167638263727
2755.9800772953035,-68.9464653784934,-68.9464653784934
2755.9900772953033,-68.95124859021846,-68.95124859021846
2756.0000772953035,-68.95602572760492,-68.95602572760492
2756.0100772953033,-68.9607967042192,-68.9607967042192
2756.0200772953035,-68.96556155316792,-68.96556155316792
2756.0300772953033,-68.9703203765205,-68.9703203765205
2756.0400772953035,-68.9750733148857,-68.9750733148857
2756.0500772953033,-68.97982052917347,-68.97982052917347
2756.0600772953035,-68.98456218969424,-68.98456218969424
2756.0700772953032,-68.98929846980248,-68.98929846980248
2756.0800772953035,-68.99402954222433,-68.99402954222433
2756.090077295303,-68.99875557705965,-68.99875557705965
2756.1000772953034,-69.00347674077898,-69.00347674077898
2756.110077295303,-69.00819319583542,-69.00819319583542
2756.1200772953034,-69.01290510057714,-69.01290510057714
2756.130077295303,-69.01761260942008,-69.01761260942008
2756.1400772953034,-69.02231587305631,-69.02231587305631
2756.150077295303,-69.02701503874499,-69.02701503874499
2756.1600772953034,-69.03171025058504,-69.03171025058504
2756.170077295303,-69.03640164979257,-69.03640164979257
2756.1800772953034,-69.0410893749239,-69.0410893749239
2756.190077295303,-69.04577356213521,-69.04577356213521
2756.2000772953033,-69.05045434534979,-69.05045434534979
2756.2100772953036,-69.05513185643791,-69.05513185643791
2756.2200772953033,-69.05980622536343,-69.05980622536343
2756.2300772953035,-69.06447758029888,-69.06447758029888
2756.2400772953033,-69.06914604773408,-69.06914604773408
2756.2500772953035,-69.07381175255784,-69.07381175255784
2756.2600772953033,-69.07847481814646,-69.07847481814646
2756.2700772953035,-69.08313536639356,-69.08313536639356
2756.2800772953033,-69.08779351779137,-69.08779351779137
2756.2900772953035,-69.0924493914408,-69.0924493914408
2756.3000772953033,-69.0971031051085,-69.0971031051085
2756.3100772953035,-69.10175477522995,-69.10175477522995
2756.3200772953032,-69.10640451695353,-69.10640451695353
2756.3300772953035,-69.11105244412909,-69.11105244412909
2756.340077295303,-69.1156986693454,-69.1156986693454
2756.3500772953034,-69.1203433039245,-69.1203433039245
2756.360077295303,-69.12498645792516,-69.12498645792516
2756.3700772953034,-69.12962824015699,-69.12962824015699
2756.380077295303,-69.13426875817295,-69.13426875817295
2756.3900772953034,-69.13890811828317,-69.13890811828317
2756.400077295303,-69.14354642554488,-69.14354642554488
2756.4100772953034,-69.14818378376528,-69.14818378376528
2756.420077295303,-69.15282029550167,-69.15282029550167
2756.4300772953034,-69.1574560620597,-69.1574560620597
2756.440077295303,-69.16209118349917,-69.16209118349917
2756.4500772953033,-69.16672575861833,-69.16672575861833
2756.4600772953036,-69.17135988496076,-69.17135988496076
2756.4700772953033,-69.17599365881831,-69.17599365881831
2756.4800772953035,-69.18062717522177,-69.18062717522177
2756.4900772953033,-69.18526052794977,-69.18526052794977
2756.5000772953035,-69.18989380951723,-69.18989380951723
2756.5100772953033,-69.19452711118997,-69.19452711118997
2756.5200772953035,-69.19916052296406,-69.19916052296406
2756.5300772953033,-69.20379413358607,-69.20379413358607
2756.5400772953035,-69.208428030553,-69.208428030553
2756.550077319145,-69.213062311137,-69.213062311137
2756.5600773191454,-69.21769703826487,-69.21769703826487
2756.570077319145,-69.22233230668733,-69.22233230668733
2756.5800773191454,-69.22696819890622,-69.22696819890622
2756.590077319145,-69.2316047961664,-69.2316047961664
2756.6000773191454,-69.2362421784855,-69.2362421784855
2756.610077319145,-69.24088042463299,-69.24088042463299
2756.6200773191454,-69.24551961215313,-69.24551961215313
2756.630077319145,-69.25015981736261,-69.25015981736261
2756.6400773191453,-69.2548011153537,-69.2548011153537
2756.650077319145,-69.25944358001709,-69.25944358001709
2756.6600773191453,-69.26408728402458,-69.26408728402458
2756.670077319145,-69.26873229885253,-69.26873229885253
2756.6800773191453,-69.27337869476656,-69.27337869476656
2756.690077319145,-69.27802654085498,-69.27802654085498
2756.7000773191453,-69.28267590501788,-69.28267590501788
2756.710077319145,-69.28732685399203,-69.28732685399203
2756.7200773191453,-69.29197945333709,-69.29197945333709
2756.730077319145,-69.29663376746065,-69.29663376746065
2756.7400773191453,-69.30128985960549,-69.30128985960549
2756.750077319145,-69.30594779188525,-69.30594779188525
2756.7600773191452,-69.31060762527714,-69.31060762527714
2756.770077319145,-69.31526941963284,-69.31526941963284
2756.780077319145,-69.31993323368978,-69.31993323368978
2756.790077319145,-69.32459912507855,-69.32459912507855
2756.800077319145,-69.32926715032454,-69.32926715032454
2756.8100773191454,-69.33393736487457,-69.33393736487457
2756.820077319145,-69.33860982309534,-69.33860982309534
2756.8300773191454,-69.34328457828335,-69.34328457828335
2756.840077319145,-69.3479616826819,-69.3479616826819
2756.8500773191454,-69.35264118747475,-69.35264118747475
2756.860077319145,-69.35732314281663,-69.35732314281663
2756.8700773191454,-69.36200759782915,-69.36200759782915
2756.880077319145,-69.36669460062035,-69.36669460062035
2756.8900773191453,-69.37138419828057,-69.37138419828057
2756.900077319145,-69.37607643691634,-69.37607643691634
2756.9100773191453,-69.38077136163565,-69.38077136163565
2756.920077319145,-69.38546901658415,-69.38546901658415
2756.9300773191453,-69.39016944492761,-69.39016944492761
2756.940077319145,-69.39487268887704,-69.39487268887704
2756.9500773191453,-69.39957878969938,-69.39957878969938
2756.960077319145,-69.40428778773389,-69.40428778773389
2756.9700773191453,-69.40899972239077,-69.40899972239077
2756.980077319145,-69.41371463217055,-69.41371463217055
2756.9900773191453,-69.41843255466713,-69.41843255466713
2757.000077319145,-69.42315352657948,-69.42315352657948
2757.0100773191452,-69.4278775837326,-69.4278775837326
2757.020077319145,-69.43260476107334,-69.43260476107334
2757.030077319145,-69.43733509269389,-69.43733509269389
2757.040077319145,-69.44206861183372,-69.44206861183372
2757.050077319145,-69.44680535088773,-69.44680535088773
2757.0600773191454,-69.45154534143386,-69.45154534143386
2757.070077319145,-69.45628861422017,-69.45628861422017
2757.0800773191454,-69.46103519918992,-69.46103519918992
2757.090077319145,-69.46578512548946,-69.46578512548946
2757.1000773191454,-69.47053842146542,-69.47053842146542
2757.110077319145,-69.47529511471454,-69.47529511471454
2757.1200773191454,-69.48005523203096,-69.48005523203096
2757.130077319145,-69.4848187994749,-69.4848187994749
2757.1400773191453,-69.48958584234862,-69.48958584234862
2757.150077319145,-69.49435638522134,-69.49435638522134
2757.1600773191453,-69.49913045193153,-69.49913045193153
2757.170077319145,-69.50390806559983,-69.50390806559983
2757.1800773191453,-69.50868924863909,-69.50868924863909
2757.190077319145,-69.51347402276278,-69.51347402276278
2757.2000773191453,-69.51826240900549,-69.51826240900549
2757.210077319145,-69.5230544276962,-69.5230544276962
2757.2200773191453,-69.52785009851686,-69.52785009851686
2757.230077319145,-69.5326494404853,-69.5326494404853
2757.2400773191453,-69.53745247196635,-69.53745247196635
2757.250077319145,-69.54225921067246,-69.54225921067246
2757.2600773191452,-69.54706967368583,-69.54706967368583
2757.270077319145,-69.55188387747602,-69.55188387747602
2757.280077319145,-69.55670183789177,-69.55670183789177
2757.290077319145,-69.56152357016286,-69.56152357016286
2757.300077319145,-69.56634908894543,-69.56634908894543
2757.3100773191454,-69.57117840828568,-69.57117840828568
2757.320077319145,-69.57601154165268,-69.57601154165268
2757.3300773191454,-69.58084850194868,-69.58084850194868
2757.340077319145,-69.58568930151489,-69.58568930151489
2757.3500773191454,-69.59053395212439,-69.59053395212439
2757.360077319145,-69.59538246502207,-69.59538246502207
2757.3700773191454,-69.60023485089076,-69.60023485089076
2757.380077319145,-69.60509111991148,-69.60509111991148
2757.3900773191453,-69.60995128171258,-69.60995128171258
2757.400077342987,-69.61481535700851,-69.61481535700851
2757.4100773429873,-69.61968333128223,-69.61968333128223
2757.420077342987,-69.62455522419891,-69.62455522419891
2757.4300773429873,-69.62943104339581,-69.62943104339581
2757.440077342987,-69.6343107960135,-69.6343107960135
2757.4500773429872,-69.63919448872416,-69.63919448872416
2757.460077342987,-69.64408212772594,-69.64408212772594
2757.470077342987,-69.64897371875644,-69.64897371875644
2757.480077342987,-69.65386926709802,-69.65386926709802
2757.490077342987,-69.6587687775838,-69.6587687775838
2757.500077342987,-69.66367225460385,-69.66367225460385
2757.510077342987,-69.66857970211582,-69.66857970211582
2757.520077342987,-69.67349112365758,-69.67349112365758
2757.530077342987,-69.6784065223309,-69.6784065223309
2757.540077342987,-69.68332590084368,-69.68332590084368
2757.550077342987,-69.68824926147903,-69.68824926147903
2757.560077342987,-69.6931766061308,-69.6931766061308
2757.570077342987,-69.69810793629861,-69.69810793629861
2757.580077342987,-69.70304325309334,-69.70304325309334
2757.590077342987,-69.70798255723018,-69.70798255723018
2757.600077342987,-69.71292584907118,-69.71292584907118
2757.610077342987,-69.71787312859807,-69.71787312859807
2757.620077342987,-69.72282439542882,-69.72282439542882
2757.630077342987,-69.72777964882995,-69.72777964882995
2757.640077342987,-69.73273888771777,-69.73273888771777
2757.650077342987,-69.73770211065242,-69.73770211065242
2757.6600773429873,-69.74266931585659,-69.74266931585659
2757.670077342987,-69.7476405012312,-69.7476405012312
2757.6800773429873,-69.75261566434166,-69.75261566434166
2757.690077342987,-69.75759480243218,-69.75759480243218
2757.7000773429872,-69.7625779124231,-69.7625779124231
2757.710077342987,-69.76755890887115,-69.76755890887115
2757.720077342987,-69.772535122557,-69.772535122557
2757.730077342987,-69.77750525017211,-69.77750525017211
2757.740077342987,-69.78246862062895,-69.78246862062895
2757.750077342987,-69.78742491505244,-69.78742491505244
2757.760077342987,-69.79237402130134,-69.79237402130134
2757.770077342987,-69.79731594876479,-69.79731594876479
2757.780077342987,-69.8022507771242,-69.8022507771242
2757.790077342987,-69.80717862556757,-69.80717862556757
2757.800077342987,-69.81209963431841,-69.81209963431841
2757.810077342987,-69.8170139536085,-69.8170139536085
2757.820077342987,-69.82192173720986,-69.82192173720986
2757.830077342987,-69.82682313871766,-69.82682313871766
2757.840077342987,-69.83171830952685,-69.83171830952685
2757.850077342987,-69.83660739780078,-69.83660739780078
2757.860077342987,-69.84149054805789,-69.84149054805789
2757.870077342987,-69.84636790110231,-69.84636790110231
2757.880077342987,-69.85123959417082,-69.85123959417082
2757.890077342987,-69.85610576113116,-69.85610576113116
2757.900077342987,-69.86096653278297,-69.86096653278297
2757.9100773429873,-69.86582203712409,-69.86582203712409
2757.920077342987,-69.87067239959866,-69.87067239959866
2757.9300773429873,-69.8755177433794,-69.8755177433794
2757.940077342987,-69.88035818955134,-69.88035818955134
2757.9500773429872,-69.88519385731743,-69.88519385731743
2757.960077342987,-69.89001877159934,-69.89001877159934
2757.970077342987,-69.89483037833185,-69.89483037833185
2757.980077342987,-69.89962749064392,-69.89962749064392
2757.990077342987,-69.90440955396483,-69.90440955396483
2758.000077342987,-69.90917636559202,-69.90917636559202
2758.010077342987,-69.91392792906011,-69.91392792906011
2758.020077342987,-69.91866436878118,-69.91866436878118
2758.030077342987,-69.9233858788011,-69.9233858788011
2758.040077342987,-69.92809269197805,-69.92809269197805
2758.050077342987,-69.93278506149912,-69.93278506149912
2758.060077342987,-69.93746324984099,-69.93746324984099
2758.070077342987,-69.94212752230689,-69.94212752230689
2758.080077342987,-69.94677814332461,-69.94677814332461
2758.090077342987,-69.95141537437189,-69.95141537437189
2758.100077342987,-69.95603947299276,-69.95603947299276
2758.110077342987,-69.96065069234017,-69.96065069234017
2758.120077342987,-69.9652492811221,-69.9652492811221
2758.130077342987,-69.96983548373737,-69.96983548373737
2758.140077342987,-69.97440954046466,-69.97440954046466
2758.150077342987,-69.97897168773268,-69.97897168773268
2758.1600773429873,-69.98352215840117,-69.98352215840117
2758.170077342987,-69.98806118201742,-69.98806118201742
2758.1800773429873,-69.9925889850297,-69.9925889850297
2758.190077342987,-69.99710579100443,-69.99710579100443
2758.2000773429872,-70.00161182082212,-70.00161182082212
2758.210077342987,-70.00610729281586,-70.00610729281586
2758.220077342987,-70.01059242290069,-70.01059242290069
2758.230077342987,-70.01506742470848,-70.01506742470848
2758.240077342987,-70.01953250964314,-70.01953250964314
2758.250077366829,-70.0239878975819,-70.0239878975819
2758.260077366829,-70.02843377449095,-70.02843377449095
2758.270077366829,-70.03287035615556,-70.03287035615556
2758.280077366829,-70.0372978457595,-70.0372978457595
2758.290077366829,-70.04171644451304,-70.04171644451304
2758.300077366829,-70.04612635168965,-70.04612635168965
2758.310077366829,-70.05052776463815,-70.05052776463815
2758.320077366829,-70.05492087878079,-70.05492087878079
2758.330077366829,-70.0593058876498,-70.0593058876498
2758.340077366829,-70.0636829828517,-70.0636829828517
2758.350077366829,-70.06805235411859,-70.06805235411859
2758.360077366829,-70.07241418926242,-70.07241418926242
2758.370077366829,-70.07676867419765,-70.07676867419765
2758.380077366829,-70.08111599292408,-70.08111599292408
2758.390077366829,-70.08545632753179,-70.08545632753179
2758.400077366829,-70.08978985820657,-70.08978985820657
2758.410077366829,-70.09411676319888,-70.09411676319888
2758.420077366829,-70.09843721885136,-70.09843721885136
2758.4300773668288,-70.10275139956785,-70.10275139956785
2758.440077366829,-70.10705947781787,-70.10705947781787
2758.4500773668287,-70.11136162413939,-70.11136162413939
2758.460077366829,-70.11565800714108,-70.11565800714108
2758.4700773668287,-70.11994879347026,-70.11994879347026
2758.480077366829,-70.12423414784439,-70.12423414784439
2758.4900773668287,-70.12851423303661,-70.12851423303661
2758.500077366829,-70.13278920987212,-70.13278920987212
2758.510077366829,-70.13705923723319,-70.13705923723319
2758.520077366829,-70.14132447205743,-70.14132447205743
2758.530077366829,-70.14558506933353,-70.14558506933353
2758.540077366829,-70.14984118212614,-70.14984118212614
2758.550077366829,-70.15409296154407,-70.15409296154407
2758.560077366829,-70.15834055677429,-70.15834055677429
2758.570077366829,-70.16258411507233,-70.16258411507233
2758.580077366829,-70.16682378176162,-70.16682378176162
2758.590077366829,-70.17105970025544,-70.17105970025544
2758.600077366829,-70.17529201205234,-70.17529201205234
2758.610077366829,-70.17952085674732,-70.17952085674732
2758.620077366829,-70.1837463720279,-70.1837463720279
2758.630077366829,-70.18796869370115,-70.18796869370115
2758.640077366829,-70.19218795569056,-70.19218795569056
2758.650077366829,-70.19640429004444,-70.19640429004444
2758.660077366829,-70.20061782695643,-70.20061782695643
2758.670077366829,-70.20482869475916,-70.20482869475916
2758.6800773668288,-70.20903701994023,-70.20903701994023
2758.690077366829,-70.21324292716382,-70.21324292716382
2758.7000773668287,-70.21744653928097,-70.21744653928097
2758.710077366829,-70.22164797731023,-70.22164797731023
2758.7200773668287,-70.22584736050158,-70.22584736050158
2758.730077366829,-70.23004480630847,-70.23004480630847
2758.7400773668287,-70.23424043042277,-70.23424043042277
2758.750077366829,-70.23843434676216,-70.23843434676216
2758.760077366829,-70.24262666752448,-70.24262666752448
2758.770077366829,-70.24681750316688,-70.24681750316688
2758.780077366829,-70.25100696242157,-70.25100696242157
2758.790077366829,-70.25519515233216,-70.25519515233216
2758.800077366829,-70.25938217825556,-70.25938217825556
2758.810077366829,-70.26356814387154,-70.26356814387154
2758.820077366829,-70.26775315120153,-70.26775315120153
2758.830077366829,-70.2719373006262,-70.2719373006262
2758.840077366829,-70.27612069090226,-70.27612069090226
2758.850077366829,-70.28030341917707,-70.28030341917707
2758.860077366829,-70.28448558099788,-70.28448558099788
2758.870077366829,-70.28866727033258,-70.28866727033258
2758.880077366829,-70.29284857957633,-70.29284857957633
2758.890077366829,-70.29702959958881,-70.29702959958881
2758.900077366829,-70.30121041968235,-70.30121041968235
2758.910077366829,-70.30539112766556,-70.30539112766556
2758.920077366829,-70.30957180983167,-70.30957180983167
2758.9300773668288,-70.3137525509928,-70.3137525509928
2758.940077366829,-70.31793343450138,-70.31793343450138
2758.9500773668287,-70.32211454224093,-70.32211454224093
2758.960077366829,-70.32629595466555,-70.32629595466555
2758.9700773668287,-70.33047775081072,-70.33047775081072
2758.980077366829,-70.33466000830352,-70.33466000830352
2758.9900773668287,-70.33884280337135,-70.33884280337135
2759.000077366829,-70.34302621087926,-70.34302621087926
2759.010077366829,-70.34721030433133,-70.34721030433133
2759.020077366829,-70.35139515588968,-70.35139515588968
2759.030077366829,-70.35558083639157,-70.35558083639157
2759.040077366829,-70.35976741535896,-70.35976741535896
2759.050077366829,-70.36395496102007,-70.36395496102007
2759.060077366829,-70.36814354033717,-70.36814354033717
2759.070077366829,-70.37233321898663,-70.37233321898663
2759.080077366829,-70.37652406141171,-70.37652406141171
2759.090077366829,-70.38071613081337,-70.38071613081337
2759.100077390671,-70.38490949917431,-70.38490949917431
2759.110077390671,-70.38910420732901,-70.38910420732901
2759.1200773906708,-70.39330032483664,-70.39330032483664
2759.130077390671,-70.39749791012986,-70.39749791012986
2759.1400773906707,-70.40169702048354,-70.40169702048354
2759.150077390671,-70.40589771203257,-70.40589771203257
2759.1600773906707,-70.41010003977249,-70.41010003977249
2759.170077390671,-70.41430405759819,-70.41430405759819
2759.1800773906707,-70.41850981830056,-70.41850981830056
2759.190077390671,-70.4227173735855,-70.4227173735855
2759.2000773906707,-70.42692677410292,-70.42692677410292
2759.210077390671,-70.43113806942773,-70.43113806942773
2759.2200773906707,-70.43535130810635,-70.43535130810635
2759.230077390671,-70.43956653765227,-70.43956653765227
2759.2400773906706,-70.44378380456936,-70.44378380456936
2759.250077390671,-70.4480031543629,-70.4480031543629
2759.2600773906706,-70.4522246315444,-70.4522246315444
2759.270077390671,-70.45644827965862,-70.45644827965862
2759.2800773906706,-70.46067414129303,-70.46067414129303
2759.290077390671,-70.46490225808694,-70.46490225808694
2759.3000773906706,-70.46913267074038,-70.46913267074038
2759.310077390671,-70.47336541903648,-70.47336541903648
2759.3200773906706,-70.47760054186311,-70.47760054186311
2759.330077390671,-70.4818380771977,-70.4818380771977
2759.3400773906706,-70.4860780621345,-70.4860780621345
2759.350077390671,-70.49032053291484,-70.49032053291484
2759.360077390671,-70.49456552489883,-70.49456552489883
2759.3700773906708,-70.49881307262538,-70.49881307262538
2759.380077390671,-70.50306320977674,-70.50306320977674
2759.3900773906707,-70.50731596924038,-70.50731596924038
2759.400077390671,-70.51157138306657,-70.51157138306657
2759.4100773906707,-70.51582948252111,-70.51582948252111
2759.420077390671,-70.52009029807903,-70.52009029807903
2759.4300773906707,-70.52435385944642,-70.52435385944642
2759.440077390671,-70.52862019556075,-70.52862019556075
2759.4500773906707,-70.53288933460337,-70.53288933460337
2759.460077390671,-70.53715515492839,-70.53715515492839
2759.4700773906707,-70.54141498890822,-70.54141498890822
2759.480077390671,-70.54566754962022,-70.54566754962022
2759.4900773906706,-70.54991218904412,-70.54991218904412
2759.500077390671,-70.554148614868,-70.554148614868
2759.5100773906706,-70.55837674345905,-70.55837674345905
2759.520077390671,-70.5625966136367,-70.5625966136367
2759.5300773906706,-70.56680833490688,-70.56680833490688
2759.540077390671,-70.57101205629914,-70.57101205629914
2759.5500773906706,-70.57520794772677,-70.57520794772677
2759.560077390671,-70.57939618879139,-70.57939618879139
2759.5700773906706,-70.58357696229136,-70.58357696229136
2759.580077390671,-70.58775045043636,-70.58775045043636
2759.5900773906706,-70.59191683281571,-70.59191683281571
2759.600077390671,-70.5960762853671,-70.5960762853671
2759.610077390671,-70.60022897994673,-70.60022897994673
2759.6200773906708,-70.6043750842918,-70.6043750842918
2759.630077390671,-70.60851476212612,-70.60851476212612
2759.6400773906707,-70.61264817343539,-70.61264817343539
2759.650077390671,-70.6167754747155,-70.6167754747155
2759.6600773906707,-70.62089681928163,-70.62089681928163
2759.670077390671,-70.62501235751726,-70.62501235751726
2759.6800773906707,-70.62912223714636,-70.62912223714636
2759.690077390671,-70.63322660345557,-70.63322660345557
2759.7000773906707,-70.63732559949734,-70.63732559949734
2759.710077390671,-70.64141936623412,-70.64141936623412
2759.7200773906707,-70.64550804273385,-70.64550804273385
2759.730077390671,-70.64959176624485,-70.64959176624485
2759.7400773906706,-70.65367067235248,-70.65367067235248
2759.750077390671,-70.65774489501283,-70.65774489501283
2759.7600773906706,-70.66181456667019,-70.66181456667019
2759.770077390671,-70.66587981828752,-70.66587981828752
2759.7800773906706,-70.66994077942229,-70.66994077942229
2759.790077390671,-70.67399757822866,-70.67399757822866
2759.8000773906706,-70.67805034154449,-70.67805034154449
2759.810077390671,-70.6820991948623,-70.6820991948623
2759.8200773906706,-70.68614426238557,-70.68614426238557
2759.830077390671,-70.69018566702243,-70.69018566702243
2759.8400773906706,-70.69422353040935,-70.69422353040935
2759.850077390671,-70.69825797291769,-70.69825797291769
2759.860077390671,-70.7022891136605,-70.7022891136605
2759.8700773906708,-70.70631707048273,-70.70631707048273
2759.880077390671,-70.71034195999293,-70.71034195999293
2759.8900773906707,-70.71436389753713,-70.71436389753713
2759.900077390671,-70.71838299720719,-70.71838299720719
2759.9100773906707,-70.7223993718344,-70.7223993718344
2759.920077390671,-70.72641313301234,-70.72641313301234
2759.9300773906707,-70.7304243910613,-70.7304243910613
2759.940077390671,-70.73443325505237,-70.73443325505237
2759.9500774145126,-70.73843984233453,-70.73843984233453
2759.960077414513,-70.74243807358647,-70.74243807358647
2759.9700774145126,-70.74642536186329,-70.74642536186329
2759.980077414513,-70.75040049487646,-70.75040049487646
2759.9900774145126,-70.75436290056054,-70.75436290056054
2760.000077414513,-70.75831236304265,-70.75831236304265
2760.0100774145126,-70.76224887517213,-70.76224887517213
2760.020077414513,-70.76617255202957,-70.76617255202957
2760.0300774145126,-70.77008357902312,-70.77008357902312
2760.040077414513,-70.77398218060095,-70.77398218060095
2760.0500774145125,-70.77786860152814,-70.77786860152814
2760.0600774145128,-70.78174309570446,-70.78174309570446
2760.0700774145125,-70.7856059196011,-70.7856059196011
2760.0800774145127,-70.78945732846844,-70.78945732846844
2760.0900774145125,-70.79329757428765,-70.79329757428765
2760.1000774145127,-70.79712690473012,-70.79712690473012
2760.1100774145125,-70.80094556273198,-70.80094556273198
2760.1200774145127,-70.80475378642033,-70.80475378642033
2760.1300774145125,-70.80855180925884,-70.80855180925884
2760.1400774145127,-70.8123398602716,-70.8123398602716
2760.1500774145125,-70.81611816432371,-70.81611816432371
2760.1600774145127,-70.81988694238686,-70.81988694238686
2760.1700774145124,-70.82364641184209,-70.82364641184209
2760.1800774145127,-70.82739678670927,-70.82739678670927
2760.1900774145124,-70.83113827785992,-70.83113827785992
2760.2000774145126,-70.83487109325951,-70.83487109325951
2760.210077414513,-70.8385954380828,-70.8385954380828
2760.2200774145126,-70.8423115148989,-70.8423115148989
2760.230077414513,-70.84601952378361,-70.84601952378361
2760.2400774145126,-70.84971966242985,-70.84971966242985
2760.250077414513,-70.85341212622637,-70.85341212622637
2760.2600774145126,-70.8570971083355,-70.8570971083355
2760.270077414513,-70.86077479974942,-70.86077479974942
2760.2800774145126,-70.86444538936321,-70.86444538936321
2760.290077414513,-70.8681090640014,-70.8681090640014
2760.3000774145125,-70.87176600843613,-70.87176600843613
2760.3100774145128,-70.87541640543137,-70.87541640543137
2760.3200774145125,-70.8790604357763,-70.8790604357763
2760.3300774145127,-70.88269827827708,-70.88269827827708
2760.3400774145125,-70.88633010979612,-70.88633010979612
2760.3500774145127,-70.88995610524375,-70.88995610524375
2760.3600774145125,-70.89357643759762,-70.89357643759762
2760.3700774145127,-70.89719127791145,-70.89719127791145
2760.3800774145125,-70.90080079531437,-70.90080079531437
2760.3900774145127,-70.90440515701873,-70.90440515701873
2760.4000774145125,-70.9080045283265,-70.9080045283265
2760.4100774145127,-70.91159907263096,-70.91159907263096
2760.4200774145124,-70.91518895141938,-70.91518895141938
2760.4300774145127,-70.91877432427088,-70.91877432427088
2760.4400774145124,-70.92235534887445,-70.92235534887445
2760.4500774145126,-70.92593218100264,-70.92593218100264
2760.460077414513,-70.92950497455718,-70.92950497455718
2760.4700774145126,-70.93307388153978,-70.93307388153978
2760.480077414513,-70.93663905205459,-70.93663905205459
2760.4900774145126,-70.94020063433436,-70.94020063433436
2760.500077414513,-70.94375877472133,-70.94375877472133
2760.5100774145126,-70.94731361769641,-70.94731361769641
2760.520077414513,-70.95086530586187,-70.95086530586187
2760.5300774145126,-70.95441397996451,-70.95441397996451
2760.540077414513,-70.95795977888446,-70.95795977888446
2760.5500774145125,-70.96150283965738,-70.96150283965738
2760.5600774145128,-70.96504329746459,-70.96504329746459
2760.5700774145125,-70.96858128566656,-70.96858128566656
2760.5800774145127,-70.97211693578706,-70.97211693578706
2760.5900774145125,-70.9756503775325,-70.9756503775325
2760.6000774145127,-70.97918173878863,-70.97918173878863
2760.6100774145125,-70.98271114565054,-70.98271114565054
2760.6200774145127,-70.98623872241937,-70.98623872241937
2760.6300774145125,-70.9897645916166,-70.9897645916166
2760.6400774145127,-70.99328887398316,-70.99328887398316
2760.6500774145125,-70.99681168850672,-70.99681168850672
2760.6600774145127,-71.0003331524232,-71.0003331524232
2760.6700774145124,-71.00385338123571,-71.00385338123571
2760.6800774145127,-71.00737248871452,-71.00737248871452
2760.6900774145124,-71.0108905869269,-71.0108905869269
2760.7000774145126,-71.0144077862187,-71.0144077862187
2760.710077414513,-71.01792419527084,-71.01792419527084
2760.7200774145126,-71.02143992108849,-71.02143992108849
2760.730077414513,-71.02495506898465,-71.02495506898465
2760.7400774145126,-71.02846974266235,-71.02846974266235
2760.750077414513,-71.03198404416429,-71.03198404416429
2760.7600774145126,-71.03549807392817,-71.03549807392817
2760.770077414513,-71.03901193077226,-71.03901193077226
2760.7800774145126,-71.04252571193344,-71.04252571193344
2760.790077414513,-71.04603951305837,-71.04603951305837
2760.8000774383545,-71.04955343660467,-71.04955343660467
2760.8100774383547,-71.0530675584035,-71.0530675584035
2760.8200774383545,-71.05658197779844,-71.05658197779844
2760.8300774383547,-71.0600967842917,-71.0600967842917
2760.8400774383545,-71.06361206586895,-71.06361206586895
2760.8500774383547,-71.06712790901427,-71.06712790901427
2760.8600774383544,-71.07064439875751,-71.07064439875751
2760.8700774383547,-71.07416161866077,-71.07416161866077
2760.8800774383544,-71.07767965084554,-71.07767965084554
2760.8900774383546,-71.08119857600258,-71.08119857600258
2760.9000774383544,-71.08471847340233,-71.08471847340233
2760.9100774383546,-71.08823942092762,-71.08823942092762
2760.9200774383544,-71.09176149507921,-71.09176149507921
2760.9300774383546,-71.0952847709908,-71.0952847709908
2760.9400774383544,-71.09880932242395,-71.09880932242395
2760.9500774383546,-71.10233522183522,-71.10233522183522
2760.9600774383543,-71.10586254034195,-71.10586254034195
2760.9700774383546,-71.10939134774837,-71.10939134774837
2760.9800774383543,-71.11292171258627,-71.11292171258627
2760.9900774383545,-71.11645370209202,-71.11645370209202
2761.0000774383543,-71.11998738226157,-71.11998738226157
2761.0100774383545,-71.12352281782623,-71.12352281782623
2761.0200774383543,-71.12706007230094,-71.12706007230094
2761.0300774383545,-71.13059920797055,-71.13059920797055
2761.0400774383543,-71.13414028593722,-71.13414028593722
2761.0500774383545,-71.13768336608764,-71.13768336608764
2761.0600774383547,-71.14122850716082,-71.14122850716082
2761.0700774383545,-71.14477576674122,-71.14477576674122
2761.0800774383547,-71.14832520125655,-71.14832520125655
2761.0900774383545,-71.15187686600173,-71.15187686600173
2761.1000774383547,-71.15543081517337,-71.15543081517337
2761.1100774383544,-71.15898710185753,-71.15898710185753
2761.1200774383547,-71.16254577805739,-71.16254577805739
2761.1300774383544,-71.16610689471014,-71.16610689471014
2761.1400774383546,-71.16967050168172,-71.16967050168172
2761.1500774383544,-71.17323664780858,-71.17323664780858
2761.1600774383546,-71.17680538089049,-71.17680538089049
2761.1700774383544,-71.18037674770628,-71.18037674770628
2761.1800774383546,-71.1839507940368,-71.1839507940368
2761.1900774383544,-71.18752756467,-71.18752756467
2761.2000774383546,-71.19110710341428,-71.19110710341428
2761.2100774383543,-71.19468945312187,-71.19468945312187
2761.2200774383546,-71.19827465568439,-71.19827465568439
2761.2300774383543,-71.20186275206561,-71.20186275206561
2761.2400774383545,-71.20545378230224,-71.20545378230224
2761.2500774383543,-71.20904778551893,-71.20904778551893
2761.2600774383545,-71.21264479993236,-71.21264479993236
2761.2700774383543,-71.2162448628766,-71.2162448628766
2761.2800774383545,-71.21984801080602,-71.21984801080602
2761.2900774383543,-71.22345427932243,-71.22345427932243
2761.3000774383545,-71.22706370316172,-71.22706370316172
2761.3100774383547,-71.2306763162414,-71.2306763162414
2761.3200774383545,-71.23429215162774,-71.23429215162774
2761.3300774383547,-71.23791124158336,-71.23791124158336
2761.3400774383545,-71.24153361756593,-71.24153361756593
2761.3500774383547,-71.24515931024216,-71.24515931024216
2761.3600774383544,-71.24878834948557,-71.24878834948557
2761.3700774383547,-71.25242076441222,-71.25242076441222
2761.3800774383544,-71.25605658337575,-71.25605658337575
2761.3900774383546,-71.25969583397386,-71.25969583397386
2761.4000774383544,-71.26333854306873,-71.26333854306873
2761.4100774383546,-71.2669847367976,-71.2669847367976
2761.4200774383544,-71.27063444057374,-71.27063444057374
2761.4300774383546,-71.27428767911857,-71.27428767911857
2761.4400774383544,-71.27794447643622,-71.27794447643622
2761.4500774383546,-71.28160485586974,-71.28160485586974
2761.4600774383543,-71.28526262530652,-71.28526262530652
2761.4700774383546,-71.28891508396158,-71.28891508396158
2761.4800774383543,-71.29256092665015,-71.29256092665015
2761.4900774383545,-71.29619949399041,-71.29619949399041
2761.5000774383543,-71.29983048620319,-71.29983048620319
2761.5100774383545,-71.30345381447127,-71.30345381447127
2761.5200774383543,-71.30706951382423,-71.30706951382423
2761.5300774383545,-71.31067769076256,-71.31067769076256
2761.5400774383543,-71.31427849180648,-71.31427849180648
2761.5500774383545,-71.31787208457867,-71.31787208457867
2761.5600774383547,-71.32145864657896,-71.32145864657896
2761.5700774383545,-71.32503835854851,-71.32503835854851
2761.5800774383547,-71.3286114006783,-71.3286114006783
2761.5900774383545,-71.33217795054546,-71.33217795054546
2761.6000774383547,-71.3357381820579,-71.3357381820579
2761.6100774383544,-71.33929226506369,-71.33929226506369
2761.6200774383547,-71.34284036525125,-71.34284036525125
2761.6300774383544,-71.34638264432097,-71.34638264432097
2761.6400774383546,-71.34991926020324,-71.34991926020324
2761.6500774621964,-71.35345037575438,-71.35345037575438
2761.6600774621966,-71.35697612541898,-71.35697612541898
2761.6700774621963,-71.36049666597572,-71.36049666597572
2761.6800774621966,-71.36401214311427,-71.36401214311427
2761.6900774621963,-71.36752270010854,-71.36752270010854
2761.7000774621965,-71.37102847799758,-71.37102847799758
2761.7100774621963,-71.37452339347217,-71.37452339347217
2761.7200774621965,-71.37800485774684,-71.37800485774684
2761.7300774621963,-71.38147167830876,-71.38147167830876
2761.7400774621965,-71.38492330826492,-71.38492330826492
2761.7500774621963,-71.38835955984193,-71.38835955984193
2761.7600774621965,-71.39178045566878,-71.39178045566878
2761.7700774621962,-71.39518614153185,-71.39518614153185
2761.7800774621965,-71.39857683405839,-71.39857683405839
2761.790077462196,-71.40195278919599,-71.40195278919599
2761.8000774621964,-71.40531428334178,-71.40531428334178
2761.810077462196,-71.4086616020549,-71.4086616020549
2761.8200774621964,-71.41199503349634,-71.41199503349634
2761.830077462196,-71.41531486458611,-71.41531486458611
2761.8400774621964,-71.41862137895636,-71.41862137895636
2761.850077462196,-71.4219148558883,-71.4219148558883
2761.8600774621964,-71.42519556990288,-71.42519556990288
2761.870077462196,-71.42846379069219,-71.42846379069219
2761.8800774621964,-71.4317197832353,-71.4317197832353
2761.890077462196,-71.43496380805111,-71.43496380805111
2761.9000774621964,-71.43819612145226,-71.43819612145226
2761.9100774621966,-71.4414169758355,-71.4414169758355
2761.9200774621963,-71.44462661995468,-71.44462661995468
2761.9300774621966,-71.4478252991317,-71.4478252991317
2761.9400774621963,-71.45101325552162,-71.45101325552162
2761.9500774621965,-71.45419072827201,-71.45419072827201
2761.9600774621963,-71.45735795369515,-71.45735795369515
2761.9700774621965,-71.46051516541829,-71.46051516541829
2761.9800774621963,-71.46366259447174,-71.46366259447174
2761.9900774621965,-71.46680046941512,-71.46680046941512
2762.0000774621963,-71.46992901640208,-71.46992901640208
2762.0100774621965,-71.47304845925512,-71.47304845925512
2762.0200774621962,-71.47615901950871,-71.47615901950871
2762.0300774621965,-71.47926091645235,-71.47926091645235
2762.040077462196,-71.4823543671796,-71.4823543671796
2762.0500774621964,-71.48543958658998,-71.48543958658998
2762.060077462196,-71.488516787424,-71.488516787424
2762.0700774621964,-71.49158618027582,-71.49158618027582
2762.080077462196,-71.49464797361208,-71.49464797361208
2762.0900774621964,-71.49770237374744,-71.49770237374744
2762.100077462196,-71.5007495848981,-71.5007495848981
2762.1100774621964,-71.50378980914692,-71.50378980914692
2762.120077462196,-71.50682324646364,-71.50682324646364
2762.1300774621964,-71.50985009467766,-71.50985009467766
2762.140077462196,-71.51287054951393,-71.51287054951393
2762.1500774621964,-71.51588480458028,-71.51588480458028
2762.1600774621966,-71.51889305134561,-71.51889305134561
2762.1700774621963,-71.52189547916326,-71.52189547916326
2762.1800774621966,-71.5248922752573,-71.5248922752573
2762.1900774621963,-71.5278836247219,-71.5278836247219
2762.2000774621965,-71.53086971052446,-71.53086971052446
2762.2100774621963,-71.53385071349517,-71.53385071349517
2762.2200774621965,-71.53682681234653,-71.53682681234653
2762.2300774621963,-71.53979818365131,-71.53979818365131
2762.2400774621965,-71.54276500186204,-71.54276500186204
2762.2500774621963,-71.54572743930422,-71.54572743930422
2762.2600774621965,-71.54868566616528,-71.54868566616528
2762.2700774621962,-71.55163985053419,-71.55163985053419
2762.2800774621965,-71.55459015836453,-71.55459015836453
2762.290077462196,-71.55753675350857,-71.55753675350857
2762.3000774621964,-71.56047979770483,-71.56047979770483
2762.310077462196,-71.56341945059593,-71.56341945059593
2762.3200774621964,-71.56635586972031,-71.56635586972031
2762.330077462196,-71.56928921054121,-71.56928921054121
2762.3400774621964,-71.57221962642899,-71.57221962642899
2762.350077462196,-71.57514726869604,-71.57514726869604
2762.3600774621964,-71.57807228657346,-71.57807228657346
2762.370077462196,-71.58099482724904,-71.58099482724904
2762.3800774621964,-71.58391503587676,-71.58391503587676
2762.390077462196,-71.58683305556636,-71.58683305556636
2762.4000774621964,-71.58974902739588,-71.58974902739588
2762.4100774621966,-71.59266309045648,-71.59266309045648
2762.4200774621963,-71.59557538183013,-71.59557538183013
2762.4300774621966,-71.59848603660589,-71.59848603660589
2762.4400774621963,-71.60139518791941,-71.60139518791941
2762.4500774621965,-71.60430296692668,-71.60430296692668
2762.4600774621963,-71.60720950284588,-71.60720950284588
2762.4700774621965,-71.61011492297119,-71.61011492297119
2762.4800774621963,-71.61301935266606,-71.61301935266606
2762.4900774621965,-71.61592291540012,-71.61592291540012
2762.500077486038,-71.61882573966521,-71.61882573966521
2762.5100774860384,-71.62172793135802,-71.62172793135802
2762.520077486038,-71.62462961522552,-71.62462961522552
2762.5300774860384,-71.62753090727969,-71.62753090727969
2762.540077486038,-71.63043192170431,-71.63043192170431
2762.5500774860384,-71.63333277087622,-71.63333277087622
2762.560077486038,-71.63623356538626,-71.63623356538626
2762.5700774860384,-71.63913441403774,-71.63913441403774
2762.580077486038,-71.64203542387175,-71.64203542387175
2762.5900774860384,-71.64493670019436,-71.64493670019436
2762.600077486038,-71.64783834658914,-71.64783834658914
2762.6100774860383,-71.6507404649216,-71.6507404649216
2762.620077486038,-71.65364315536452,-71.65364315536452
2762.6300774860383,-71.65654651642379,-71.65654651642379
2762.640077486038,-71.6594506449485,-71.6594506449485
2762.6500774860383,-71.6623556361357,-71.6623556361357
2762.660077486038,-71.66526158356528,-71.66526158356528
2762.6700774860383,-71.66816857921847,-71.66816857921847
2762.680077486038,-71.67107671348181,-71.67107671348181
2762.6900774860383,-71.6739860751729,-71.6739860751729
2762.700077486038,-71.67689675154878,-71.67689675154878
2762.7100774860382,-71.6798088283417,-71.6798088283417
2762.720077486038,-71.68272238975344,-71.68272238975344
2762.730077486038,-71.6856375184912,-71.6856375184912
2762.740077486038,-71.68855429577279,-71.68855429577279
2762.750077486038,-71.69147280136028,-71.69147280136028
2762.7600774860384,-71.69439311354886,-71.69439311354886
2762.770077486038,-71.69731530921662,-71.69731530921662
2762.7800774860384,-71.70023946381573,-71.70023946381573
2762.790077486038,-71.70316565139991,-71.70316565139991
2762.8000774860384,-71.70609394464341,-71.70609394464341
2762.810077486038,-71.70902441486028,-71.70902441486028
2762.8200774860384,-71.71195713201153,-71.71195713201153
2762.830077486038,-71.7148921647188,-71.7148921647188
2762.8400774860384,-71.71782958030435,-71.71782958030435
2762.850077486038,-71.72076944477223,-71.72076944477223
2762.8600774860383,-71.72371182286419,-71.72371182286419
2762.870077486038,-71.72665677805341,-71.72665677805341
2762.8800774860383,-71.72960437254517,-71.72960437254517
2762.890077486038,-71.73255466732621,-71.73255466732621
2762.9000774860383,-71.73550772215611,-71.73550772215611
2762.910077486038,-71.73846359560312,-71.73846359560312
2762.9200774860383,-71.74142234504441,-71.74142234504441
2762.930077486038,-71.7443840266815,-71.7443840266815
2762.9400774860383,-71.74734869556211,-71.74734869556211
2762.950077486038,-71.75031640559183,-71.75031640559183
2762.9600774860382,-71.75328720956098,-71.75328720956098
2762.970077486038,-71.75626115914403,-71.75626115914403
2762.980077486038,-71.75923830491224,-71.75923830491224
2762.990077486038,-71.76221869636673,-71.76221869636673
2763.000077486038,-71.76520238193382,-71.76520238193382
2763.0100774860384,-71.76818940899793,-71.76818940899793
2763.020077486038,-71.77117982390257,-71.77117982390257
2763.0300774860384,-71.77417367196142,-71.77417367196142
2763.040077486038,-71.7771709974855,-71.7771709974855
2763.0500774860384,-71.78017184378822,-71.78017184378822
2763.060077486038,-71.78317625320456,-71.78317625320456
2763.0700774860384,-71.78618426710621,-71.78618426710621
2763.080077486038,-71.789195925902,-71.789195925902
2763.0900774860384,-71.79221126905836,-71.79221126905836
2763.100077486038,-71.79523033511951,-71.79523033511951
2763.1100774860383,-71.79825316171213,-71.79825316171213
2763.120077486038,-71.80127978556425,-71.80127978556425
2763.1300774860383,-71.80431024251348,-71.80431024251348
2763.140077486038,-71.80734456752045,-71.80734456752045
2763.1500774860383,-71.810382794678,-71.810382794678
2763.160077486038,-71.81342495723833,-71.81342495723833
2763.1700774860383,-71.81647108759987,-71.81647108759987
2763.180077486038,-71.81952121733984,-71.81952121733984
2763.1900774860383,-71.82257537721983,-71.82257537721983
2763.200077486038,-71.8256335972056,-71.8256335972056
2763.2100774860382,-71.82869590646015,-71.82869590646015
2763.220077486038,-71.8317623333717,-71.8317623333717
2763.230077486038,-71.83483290555047,-71.83483290555047
2763.240077486038,-71.83790764985511,-71.83790764985511
2763.250077486038,-71.84098659239476,-71.84098659239476
2763.2600774860384,-71.84406975855028,-71.84406975855028
2763.270077486038,-71.84715717296831,-71.84715717296831
2763.2800774860384,-71.85024885958596,-71.85024885958596
2763.290077486038,-71.85334484163127,-71.85334484163127
2763.3000774860384,-71.8564451416361,-71.8564451416361
2763.310077486038,-71.85954978146178,-71.85954978146178
2763.3200774860384,-71.86265878228023,-71.86265878228023
2763.330077486038,-71.86577216461681,-71.86577216461681
2763.3400774860384,-71.86888994832302,-71.86888994832302
2763.35007750988,-71.87201216006254,-71.87201216006254
2763.3600775098803,-71.87513880357487,-71.87513880357487
2763.37007750988,-71.87826990421043,-71.87826990421043
2763.3800775098803,-71.88140547933855,-71.88140547933855
2763.39007750988,-71.88454554568834,-71.88454554568834
2763.4000775098802,-71.88769011940651,-71.88769011940651
2763.41007750988,-71.89083921604751,-71.89083921604751
2763.4200775098802,-71.89399285058771,-71.89399285058771
2763.43007750988,-71.89715103743102,-71.89715103743102
2763.44007750988,-71.90031379042105,-71.90031379042105
2763.45007750988,-71.90348112285011,-71.90348112285011
2763.46007750988,-71.90664677800758,-71.90664677800758
2763.47007750988,-71.90980802153419,-71.90980802153419
2763.48007750988,-71.91296352709473,-71.91296352709473
2763.49007750988,-71.9161126199868,-71.9161126199868
2763.50007750988,-71.91925498837361,-71.91925498837361
2763.51007750988,-71.92239053339155,-71.92239053339155
2763.52007750988,-71.92551928119322,-71.92551928119322
2763.53007750988,-71.92864133017316,-71.92864133017316
2763.54007750988,-71.93175681919467,-71.93175681919467
2763.55007750988,-71.9348659085332,-71.9348659085332
2763.56007750988,-71.93796876853244,-71.93796876853244
2763.57007750988,-71.94106557292525,-71.94106557292525
2763.58007750988,-71.94415649498161,-71.94415649498161
2763.59007750988,-71.94724170544715,-71.94724170544715
2763.60007750988,-71.95032137147855,-71.95032137147855
2763.6100775098803,-71.953395656226,-71.953395656226
2763.62007750988,-71.95646471875743,-71.95646471875743
2763.6300775098803,-71.95952871421309,-71.95952871421309
2763.64007750988,-71.9625877940389,-71.9625877940389
2763.6500775098802,-71.96564210627467,-71.96564210627467
2763.66007750988,-71.9686917958361,-71.9686917958361
2763.6700775098802,-71.97173700479588,-71.97173700479588
2763.68007750988,-71.97477787265768,-71.97477787265768
2763.69007750988,-71.97781453657115,-71.97781453657115
2763.70007750988,-71.98084713152421,-71.98084713152421
2763.71007750988,-71.98387579053922,-71.98387579053922
2763.72007750988,-71.98690064480792,-71.98690064480792
2763.73007750988,-71.98992182382761,-71.98992182382761
2763.74007750988,-71.99293945550328,-71.99293945550328
2763.75007750988,-71.9959536662256,-71.9959536662256
2763.76007750988,-71.99896458096205,-71.99896458096205
2763.77007750988,-72.00197232331428,-72.00197232331428
2763.78007750988,-72.00497701555554,-72.00497701555554
2763.79007750988,-72.00797877867987,-72.00797877867987
2763.80007750988,-72.01097773243598,-72.01097773243598
2763.81007750988,-72.01397399533727,-72.01397399533727
2763.82007750988,-72.01696768470971,-72.01696768470971
2763.83007750988,-72.01995891667262,-72.01995891667262
2763.84007750988,-72.02294780616897,-72.02294780616897
2763.85007750988,-72.02593446696703,-72.02593446696703
2763.8600775098803,-72.02891901167544,-72.02891901167544
2763.87007750988,-72.03190155173043,-72.03190155173043
2763.8800775098803,-72.03488219740476,-72.03488219740476
2763.89007750988,-72.0378610578107,-72.0378610578107
2763.9000775098802,-72.04083824088609,-72.04083824088609
2763.91007750988,-72.0438138534113,-72.0438138534113
2763.9200775098802,-72.04678800099151,-72.04678800099151
2763.93007750988,-72.04976078806384,-72.04976078806384
2763.94007750988,-72.05273231788469,-72.05273231788469
2763.95007750988,-72.05570269253359,-72.05570269253359
2763.96007750988,-72.05866573030991,-72.05866573030991
2763.97007750988,-72.06161877875778,-72.06161877875778
2763.98007750988,-72.0645605957659,-72.0645605957659
2763.99007750988,-72.06749059154569,-72.06749059154569
2764.00007750988,-72.07040853929502,-72.07040853929502
2764.01007750988,-72.07331442493467,-72.07331442493467
2764.02007750988,-72.07620835899516,-72.07620835899516
2764.03007750988,-72.07909052372666,-72.07909052372666
2764.04007750988,-72.08196114125062,-72.08196114125062
2764.05007750988,-72.08482045444545,-72.08482045444545
2764.06007750988,-72.08766871556898,-72.08766871556898
2764.07007750988,-72.09050617956945,-72.09050617956945
2764.08007750988,-72.09333310022788,-72.09333310022788
2764.09007750988,-72.09614972805825,-72.09614972805825
2764.10007750988,-72.09895630925553,-72.09895630925553
2764.1100775098803,-72.10175308524839,-72.10175308524839
2764.12007750988,-72.10454029264382,-72.10454029264382
2764.1300775098803,-72.10731816335223,-72.10731816335223
2764.14007750988,-72.11008692483307,-72.11008692483307
2764.1500775098802,-72.11284680036694,-72.11284680036694
2764.16007750988,-72.11559800934943,-72.11559800934943
2764.1700775098802,-72.11834076755645,-72.11834076755645
2764.18007750988,-72.12107528743088,-72.12107528743088
2764.19007750988,-72.12380177826903,-72.12380177826903
2764.200077533722,-72.12652045291814,-72.12652045291814
2764.210077533722,-72.1292252138383,-72.1292252138383
2764.220077533722,-72.13191351439275,-72.13191351439275
2764.230077533722,-72.13458421187977,-72.13458421187977
2764.240077533722,-72.13723681539784,-72.13723681539784
2764.250077533722,-72.13987119630137,-72.13987119630137
2764.260077533722,-72.14248743786942,-72.14248743786942
2764.270077533722,-72.1450857471832,-72.1450857471832
2764.280077533722,-72.14766640222427,-72.14766640222427
2764.290077533722,-72.15022972002383,-72.15022972002383
2764.300077533722,-72.15277603759742,-72.15277603759742
2764.310077533722,-72.15530570055738,-72.15530570055738
2764.320077533722,-72.15781905644508,-72.15781905644508
2764.330077533722,-72.16031645086667,-72.16031645086667
2764.340077533722,-72.16279822543092,-72.16279822543092
2764.350077533722,-72.16526471668315,-72.16526471668315
2764.360077533722,-72.16771625568342,-72.16771625568342
2764.370077533722,-72.17015316793209,-72.17015316793209
2764.3800775337218,-72.17257577350675,-72.17257577350675
2764.390077533722,-72.17498438730719,-72.17498438730719
2764.4000775337217,-72.17737931932722,-72.17737931932722
2764.410077533722,-72.17976087494276,-72.17976087494276
2764.4200775337217,-72.1821293551792,-72.1821293551792
2764.430077533722,-72.18448505698328,-72.18448505698328
2764.4400775337217,-72.18682827342334,-72.18682827342334
2764.450077533722,-72.18915929389621,-72.18915929389621
2764.460077533722,-72.19147840430304,-72.19147840430304
2764.470077533722,-72.19378588718679,-72.19378588718679
2764.480077533722,-72.19608202186393,-72.19608202186393
2764.490077533722,-72.19836708450435,-72.19836708450435
2764.500077533722,-72.20064134825272,-72.20064134825272
2764.510077533722,-72.20290508326612,-72.20290508326612
2764.520077533722,-72.20515855679578,-72.20515855679578
2764.530077533722,-72.20740203322826,-72.20740203322826
2764.540077533722,-72.20963577411402,-72.20963577411402
2764.550077533722,-72.21186003822658,-72.21186003822658
2764.560077533722,-72.21407508154272,-72.21407508154272
2764.570077533722,-72.21628115731045,-72.21628115731045
2764.580077533722,-72.21847851604096,-72.21847851604096
2764.590077533722,-72.22066740552695,-72.22066740552695
2764.600077533722,-72.22284807084814,-72.22284807084814
2764.610077533722,-72.22502075438604,-72.22502075438604
2764.620077533722,-72.22718569582695,-72.22718569582695
2764.6300775337218,-72.22934313216834,-72.22934313216834
2764.640077533722,-72.23149329773027,-72.23149329773027
2764.6500775337217,-72.2336364241474,-72.2336364241474
2764.660077533722,-72.23577274038952,-72.23577274038952
2764.6700775337217,-72.23790247274778,-72.23790247274778
2764.680077533722,-72.24002584484643,-72.24002584484643
2764.6900775337217,-72.24214307765604,-72.24214307765604
2764.700077533722,-72.24425438949524,-72.24425438949524
2764.710077533722,-72.24635369916177,-72.24635369916177
2764.720077533722,-72.24843846279924,-72.24843846279924
2764.730077533722,-72.25050754915121,-72.25050754915121
2764.740077533722,-72.25256047949456,-72.25256047949456
2764.750077533722,-72.25459713757279,-72.25459713757279
2764.760077533722,-72.25661761892546,-72.25661761892546
2764.770077533722,-72.25862214256385,-72.25862214256385
2764.780077533722,-72.26061099794232,-72.26061099794232
2764.790077533722,-72.26258451300595,-72.26258451300595
2764.800077533722,-72.26454303508845,-72.26454303508845
2764.810077533722,-72.2664869194662,-72.2664869194662
2764.820077533722,-72.26841652267639,-72.26841652267639
2764.830077533722,-72.27033219867046,-72.27033219867046
2764.840077533722,-72.27223429671884,-72.27223429671884
2764.850077533722,-72.27412316036639,-72.27412316036639
2764.860077533722,-72.27599912699507,-72.27599912699507
2764.870077533722,-72.27786252779764,-72.27786252779764
2764.8800775337218,-72.27971368790871,-72.27971368790871
2764.890077533722,-72.28155292666024,-72.28155292666024
2764.9000775337217,-72.28338055787204,-72.28338055787204
2764.910077533722,-72.28519689016765,-72.28519689016765
2764.9200775337217,-72.28700222726252,-72.28700222726252
2764.930077533722,-72.28879686821821,-72.28879686821821
2764.9400775337217,-72.29058110771254,-72.29058110771254
2764.950077533722,-72.29235523623694,-72.29235523623694
2764.960077533722,-72.2941195402847,-72.2941195402847
2764.970077533722,-72.29587430252572,-72.29587430252572
2764.980077533722,-72.29761980193527,-72.29761980193527
2764.990077533722,-72.29935631392215,-72.29935631392215
2765.000077533722,-72.3010841104343,-72.3010841104343
2765.010077533722,-72.30280346004355,-72.30280346004355
2765.020077533722,-72.30451462801925,-72.30451462801925
2765.030077533722,-72.30621787640852,-72.30621787640852
2765.040077533722,-72.30791346405888,-72.30791346405888
2765.050077557564,-72.30960165071492,-72.30960165071492
2765.060077557564,-72.31128268096329,-72.31128268096329
2765.0700775575638,-72.31295680842302,-72.31295680842302
2765.080077557564,-72.31462427964789,-72.31462427964789
2765.0900775575637,-72.31628533820259,-72.31628533820259
2765.100077557564,-72.31794022467524,-72.31794022467524
2765.1100775575637,-72.3195891766958,-72.3195891766958
2765.120077557564,-72.32123242898001,-72.32123242898001
2765.1300775575637,-72.32287021331841,-72.32287021331841
2765.140077557564,-72.324502758619,-72.324502758619
2765.1500775575637,-72.3261302908888,-72.3261302908888
2765.160077557564,-72.32775303329302,-72.32775303329302
2765.1700775575637,-72.32937120613148,-72.32937120613148
2765.180077557564,-72.33098502687882,-72.33098502687882
2765.1900775575637,-72.33259471018714,-72.33259471018714
2765.200077557564,-72.33420046790587,-72.33420046790587
2765.2100775575636,-72.33580250908645,-72.33580250908645
2765.220077557564,-72.3374010400128,-72.3374010400128
2765.2300775575636,-72.33899626419652,-72.33899626419652
2765.240077557564,-72.34058838242098,-72.34058838242098
2765.2500775575636,-72.34217759272265,-72.34217759272265
2765.260077557564,-72.34376409042744,-72.34376409042744
2765.2700775575636,-72.34534806816879,-72.34534806816879
2765.280077557564,-72.3469297158852,-72.3469297158852
2765.2900775575636,-72.34850922087095,-72.34850922087095
2765.300077557564,-72.35008676775512,-72.35008676775512
2765.310077557564,-72.35166253854267,-72.35166253854267
2765.3200775575638,-72.35323671262346,-72.35323671262346
2765.330077557564,-72.35480946679847,-72.35480946679847
2765.3400775575637,-72.35638097529007,-72.35638097529007
2765.350077557564,-72.35795140976288,-72.35795140976288
2765.3600775575637,-72.35952093935225,-72.35952093935225
2765.370077557564,-72.36108973067363,-72.36108973067363
2765.3800775575637,-72.36265794784201,-72.36265794784201
2765.390077557564,-72.3642257524967,-72.3642257524967
2765.4000775575637,-72.36579330382115,-72.36579330382115
2765.410077557564,-72.36736075857196,-72.36736075857196
2765.4200775575637,-72.36892827108426,-72.36892827108426
2765.430077557564,-72.37049599329974,-72.37049599329974
2765.4400775575637,-72.37206407478818,-72.37206407478818
2765.450077557564,-72.37363266276842,-72.37363266276842
2765.4600775575636,-72.37520190214585,-72.37520190214585
2765.470077557564,-72.37677193550284,-72.37677193550284
2765.4800775575636,-72.378342903152,-72.378342903152
2765.490077557564,-72.3799149431293,-72.3799149431293
2765.5000775575636,-72.38148819124574,-72.38148819124574
2765.510077557564,-72.38306278109478,-72.38306278109478
2765.5200775575636,-72.38463884407363,-72.38463884407363
2765.530077557564,-72.3862165094013,-72.3862165094013
2765.5400775575636,-72.38779590415211,-72.38779590415211
2765.550077557564,-72.38937715328373,-72.38937715328373
2765.560077557564,-72.390960379633,-72.390960379633
2765.5700775575638,-72.39254570398126,-72.39254570398126
2765.580077557564,-72.39413324502821,-72.39413324502821
2765.5900775575637,-72.39572311944913,-72.39572311944913
2765.600077557564,-72.39731544190684,-72.39731544190684
2765.6100775575637,-72.39891032508064,-72.39891032508064
2765.620077557564,-72.40050787966715,-72.40050787966715
2765.6300775575637,-72.40210821443245,-72.40210821443245
2765.640077557564,-72.40371143622225,-72.40371143622225
2765.6500775575637,-72.40531764997357,-72.40531764997357
2765.660077557564,-72.40692695874507,-72.40692695874507
2765.6700775575637,-72.4085394637514,-72.4085394637514
2765.680077557564,-72.4101552643661,-72.4101552643661
2765.6900775575637,-72.4117744581553,-72.4117744581553
2765.700077557564,-72.41339714089729,-72.41339714089729
2765.7100775575636,-72.41502340660323,-72.41502340660323
2765.720077557564,-72.41665334753634,-72.41665334753634
2765.7300775575636,-72.41828705424048,-72.41828705424048
2765.740077557564,-72.41992461555547,-72.41992461555547
2765.7500775575636,-72.42156611864063,-72.42156611864063
2765.760077557564,-72.42321164900379,-72.42321164900379
2765.7700775575636,-72.42486129050074,-72.42486129050074
2765.780077557564,-72.42651512537653,-72.42651512537653
2765.7900775575636,-72.42817323428272,-72.42817323428272
2765.800077557564,-72.42983569629126,-72.42983569629126
2765.810077557564,-72.4315025889148,-72.4315025889148
2765.8200775575638,-72.43317398813902,-72.43317398813902
2765.830077557564,-72.43484996843435,-72.43484996843435
2765.8400775575637,-72.43653060276014,-72.43653060276014
2765.850077557564,-72.43821596261732,-72.43821596261732
2765.8600775575637,-72.43990611804776,-72.43990611804776
2765.870077557564,-72.44160113764849,-72.44160113764849
2765.8800775575637,-72.44330108860726,-72.44330108860726
2765.890077557564,-72.44500603671102,-72.44500603671102
2765.9000775814056,-72.44671605043479,-72.44671605043479
2765.910077581406,-72.44843118470772,-72.44843118470772
2765.9200775814056,-72.45015150527851,-72.45015150527851
2765.930077581406,-72.45187707252713,-72.45187707252713
2765.9400775814056,-72.45360794552454,-72.45360794552454
2765.950077581406,-72.45534418206029,-72.45534418206029
2765.9600775814056,-72.4570858386572,-72.4570858386572
2765.970077581406,-72.45883297056078,-72.45883297056078
2765.9800775814056,-72.46058563181235,-72.46058563181235
2765.990077581406,-72.4623438752174,-72.4623438752174
2766.0000775814055,-72.46410775238415,-72.46410775238415
2766.0100775814058,-72.46587731373162,-72.46587731373162
2766.0200775814055,-72.4676526085176,-72.4676526085176
2766.0300775814057,-72.46943368485111,-72.46943368485111
2766.0400775814055,-72.47122058968824,-72.47122058968824
2766.0500775814057,-72.47301336889349,-72.47301336889349
2766.0600775814055,-72.47481206720816,-72.47481206720816
2766.0700775814057,-72.47661672829136,-72.47661672829136
2766.0800775814055,-72.47842739472705,-72.47842739472705
2766.0900775814057,-72.48024410804717,-72.48024410804717
2766.1000775814055,-72.48206690874285,-72.48206690874285
2766.1100775814057,-72.48389583627475,-72.48389583627475
2766.1200775814054,-72.48573092909713,-72.48573092909713
2766.1300775814057,-72.48757222466476,-72.48757222466476
2766.1400775814054,-72.48941975943853,-72.48941975943853
2766.1500775814056,-72.49127356892973,-72.49127356892973
2766.160077581406,-72.49313368768345,-72.49313368768345
2766.1700775814056,-72.49500014931182,-72.49500014931182
2766.180077581406,-72.49687298649071,-72.49687298649071
2766.1900775814056,-72.49875223099266,-72.49875223099266
2766.200077581406,-72.50063791368336,-72.50063791368336
2766.2100775814056,-72.50253006454217,-72.50253006454217
2766.220077581406,-72.50442871267371,-72.50442871267371
2766.2300775814056,-72.50633388633184,-72.50633388633184
2766.240077581406,-72.50824561290952,-72.50824561290952
2766.2500775814055,-72.51016391897637,-72.51016391897637
2766.2600775814058,-72.51208883026653,-72.51208883026653
2766.2700775814055,-72.51402037170848,-72.51402037170848
2766.2800775814057,-72.51595856743431,-72.51595856743431
2766.2900775814055,-72.51790344078715,-72.51790344078715
2766.3000775814057,-72.51985501433246,-72.51985501433246
2766.3100775814055,-72.52181330988273,-72.52181330988273
2766.3200775814057,-72.52377834848585,-72.52377834848585
2766.3300775814055,-72.52575015045576,-72.52575015045576
2766.3400775814057,-72.52772873537266,-72.52772873537266
2766.3500775814055,-72.52971412209882,-72.52971412209882
2766.3600775814057,-72.53170632879382,-72.53170632879382
2766.3700775814054,-72.53370537291035,-72.53370537291035
2766.3800775814057,-72.53571127122376,-72.53571127122376
2766.3900775814054,-72.53772403982927,-72.53772403982927
2766.4000775814056,-72.53974369415138,-72.53974369415138
2766.410077581406,-72.54177024897571,-72.54177024897571
2766.4200775814056,-72.54380371841731,-72.54380371841731
2766.430077581406,-72.5458441159724,-72.5458441159724
2766.4400775814056,-72.54789145450893,-72.54789145450893
2766.450077581406,-72.54994574627943,-72.54994574627943
2766.4600775814056,-72.55200700291576,-72.55200700291576
2766.470077581406,-72.55407523547055,-72.55407523547055
2766.4800775814056,-72.5561504543951,-72.5561504543951
2766.490077581406,-72.5582326695726,-72.5582326695726
2766.5000775814055,-72.56032189030013,-72.56032189030013
2766.5100775814058,-72.56241812531884,-72.56241812531884
2766.5200775814055,-72.56452138282675,-72.56452138282675
2766.5300775814057,-72.56663167046948,-72.56663167046948
2766.5400775814055,-72.56874899535995,-72.56874899535995
2766.5500775814057,-72.5708733640714,-72.5708733640714
2766.5600775814055,-72.57300478267054,-72.57300478267054
2766.5700775814057,-72.57514325671232,-72.57514325671232
2766.5800775814055,-72.57728879124313,-72.57728879124313
2766.5900775814057,-72.57944139081776,-72.57944139081776
2766.6000775814055,-72.5816010594961,-72.5816010594961
2766.6100775814057,-72.58376780087423,-72.58376780087423
2766.6200775814054,-72.58594161805685,-72.58594161805685
2766.6300775814057,-72.58812251369812,-72.58812251369812
2766.6400775814054,-72.59031048998223,-72.59031048998223
2766.6500775814056,-72.59250554865635,-72.59250554865635
2766.660077581406,-72.59470769100835,-72.59470769100835
2766.6700775814056,-72.59691691791282,-72.59691691791282
2766.680077581406,-72.5991332297976,-72.5991332297976
2766.6900775814056,-72.60135662667126,-72.60135662667126
2766.700077581406,-72.60358710813223,-72.60358710813223
2766.7100775814056,-72.60581834346347,-72.60581834346347
2766.720077581406,-72.60804755960439,-72.60804755960439
2766.7300775814056,-72.61027340555319,-72.61027340555319
2766.740077581406,-72.6124951884247,-72.6124951884247
2766.7500776052475,-72.61471258718556,-72.61471258718556
2766.7600776052477,-72.61692548005357,-72.61692548005357
2766.7700776052475,-72.61913388742536,-72.61913388742536
2766.7800776052477,-72.62133789740082,-72.62133789740082
2766.7900776052475,-72.6235376389775,-72.6235376389775
2766.8000776052477,-72.62573326280919,-72.62573326280919
2766.8100776052474,-72.62792492974165,-72.62792492974165
2766.8200776052477,-72.63011280405088,-72.63011280405088
2766.8300776052474,-72.6322970495957,-72.6322970495957
2766.8400776052476,-72.6344778277163,-72.6344778277163
2766.8500776052474,-72.63665529615291,-72.63665529615291
2766.8600776052476,-72.6388296086236,-72.6388296086236
2766.8700776052474,-72.64100091479911,-72.64100091479911
2766.8800776052476,-72.64316936039363,-72.64316936039363
2766.8900776052474,-72.64533508745389,-72.64533508745389
2766.9000776052476,-72.64749823463498,-72.64749823463498
2766.9100776052474,-72.64965893749292,-72.64965893749292
2766.9200776052476,-72.6518173287649,-72.6518173287649
2766.9300776052473,-72.65397353864137,-72.65397353864137
2766.9400776052476,-72.65612769501077,-72.65612769501077
2766.9500776052473,-72.65827992363235,-72.65827992363235
2766.9600776052475,-72.66043034834045,-72.66043034834045
2766.9700776052473,-72.66257909119149,-72.66257909119149
2766.9800776052475,-72.66472627258871,-72.66472627258871
2766.9900776052473,-72.66687201138807,-72.66687201138807
2767.0000776052475,-72.66901642500169,-72.66901642500169
2767.0100776052477,-72.67115962945876,-72.67115962945876
2767.0200776052475,-72.67330173947019,-72.67330173947019
2767.0300776052477,-72.675442868484,-72.675442868484
2767.0400776052475,-72.67758312873383,-72.67758312873383
2767.0500776052477,-72.67972263124287,-72.67972263124287
2767.0600776052474,-72.68186148587701,-72.68186148587701
2767.0700776052477,-72.68399980134268,-72.68399980134268
2767.0800776052474,-72.68613768523088,-72.68613768523088
2767.0900776052476,-72.68827524399518,-72.68827524399518
2767.1000776052474,-72.690412582977,-72.690412582977
2767.1100776052476,-72.69254980641068,-72.69254980641068
2767.1200776052474,-72.69468701742589,-72.69468701742589
2767.1300776052476,-72.69682431802896,-72.69682431802896
2767.1400776052474,-72.6989618091397,-72.6989618091397
2767.1500776052476,-72.70109959055675,-72.70109959055675
2767.1600776052474,-72.70323776096599,-72.70323776096599
2767.1700776052476,-72.70537641793915,-72.70537641793915
2767.1800776052473,-72.7075156579433,-72.7075156579433
2767.1900776052476,-72.70965557630744,-72.70965557630744
2767.2000776052473,-72.71179626725501,-72.71179626725501
2767.2100776052475,-72.71393782386615,-72.71393782386615
2767.2200776052473,-72.71608033810328,-72.71608033810328
2767.2300776052475,-72.71822390078096,-72.71822390078096
2767.2400776052473,-72.72036860158214,-72.72036860158214
2767.2500776052475,-72.7225145290597,-72.7225145290597
2767.2600776052477,-72.7246617706143,-72.7246617706143
2767.2700776052475,-72.72681041250938,-72.72681041250938
2767.2800776052477,-72.72896053986585,-72.72896053986585
2767.2900776052475,-72.73111223665194,-72.73111223665194
2767.3000776052477,-72.73326558569772,-72.73326558569772
2767.3100776052474,-72.73542066868154,-72.73542066868154
2767.3200776052477,-72.7375775661412,-72.7375775661412
2767.3300776052474,-72.73973635746142,-72.73973635746142
2767.3400776052476,-72.74189712088936,-72.74189712088936
2767.3500776052474,-72.74405993354125,-72.74405993354125
2767.3600776052476,-72.74622487136706,-72.74622487136706
2767.3700776052474,-72.74839200920883,-72.74839200920883
2767.3800776052476,-72.75056142075617,-72.75056142075617
2767.3900776052474,-72.75273317857364,-72.75273317857364
2767.4000776052476,-72.75490735410209,-72.75490735410209
2767.4100776052474,-72.7570840176502,-72.7570840176502
2767.4200776052476,-72.75926323841502,-72.75926323841502
2767.4300776052473,-72.7614450844744,-72.7614450844744
2767.4400776052476,-72.76362962280652,-72.76362962280652
2767.4500776052473,-72.76581691927286,-72.76581691927286
2767.4600776052475,-72.7680006941669,-72.7680006941669
2767.4700776052473,-72.7701782326386,-72.7701782326386
2767.4800776052475,-72.7723482443622,-72.7723482443622
2767.4900776052473,-72.7745100979073,-72.7745100979073
2767.5000776052475,-72.77666352855773,-72.77666352855773
2767.5100776052477,-72.77880848649278,-72.77880848649278
2767.5200776052475,-72.78094504787137,-72.78094504787137
2767.5300776052477,-72.78307336134425,-72.78307336134425
2767.5400776052475,-72.78519361594867,-72.78519361594867
2767.5500776052477,-72.7873060217864,-72.7873060217864
2767.5600776052474,-72.78941079855346,-72.78941079855346
2767.5700776052477,-72.79150816877285,-72.79150816877285
2767.5800776052474,-72.79359835393655,-72.79359835393655
2767.5900776052476,-72.79568157236831,-72.79568157236831
2767.6000776290894,-72.79775804312723,-72.79775804312723
2767.6100776290896,-72.79982796577481,-72.79982796577481
2767.6200776290893,-72.80189155004858,-72.80189155004858
2767.6300776290896,-72.80394899614713,-72.80394899614713
2767.6400776290893,-72.8060004999751,-72.8060004999751
2767.6500776290895,-72.8080462534077,-72.8080462534077
2767.6600776290893,-72.81008644460343,-72.81008644460343
2767.6700776290895,-72.81212125828797,-72.81212125828797
2767.6800776290893,-72.81415087601938,-72.81415087601938
2767.6900776290895,-72.81617547641709,-72.81617547641709
2767.7000776290893,-72.81819523538151,-72.81819523538151
2767.7100776290895,-72.82021032626581,-72.82021032626581
2767.7200776290892,-72.82222092004325,-72.82222092004325
2767.7300776290895,-72.82422718541889,-72.82422718541889
2767.7400776290892,-72.82622928897071,-72.82622928897071
2767.7500776290894,-72.82822739521815,-72.82822739521815
2767.760077629089,-72.83022166671691,-72.83022166671691
2767.7700776290894,-72.83221226412086,-72.83221226412086
2767.780077629089,-72.83419934622762,-72.83419934622762
2767.7900776290894,-72.83618307003842,-72.83618307003842
2767.800077629089,-72.83816359078793,-72.83816359078793
2767.8100776290894,-72.84014106196352,-72.84014106196352
2767.820077629089,-72.84211563535874,-72.84211563535874
2767.8300776290894,-72.84408746104802,-72.84408746104802
2767.840077629089,-72.84605668745162,-72.84605668745162
2767.8500776290894,-72.84802346131055,-72.84802346131055
2767.8600776290896,-72.84998792772728,-72.84998792772728
2767.8700776290893,-72.8519502301382,-72.8519502301382
2767.8800776290896,-72.85391051033477,-72.85391051033477
2767.8900776290893,-72.85586890849663,-72.85586890849663
2767.9000776290895,-72.85782556314881,-72.85782556314881
2767.9100776290893,-72.85978061119596,-72.85978061119596
2767.9200776290895,-72.86173418790526,-72.86173418790526
2767.9300776290893,-72.86368642693489,-72.86368642693489
2767.9400776290895,-72.86563746030261,-72.86563746030261
2767.9500776290893,-72.86758741840964,-72.86758741840964
2767.9600776290895,-72.86953643004287,-72.86953643004287
2767.9700776290892,-72.87148462236823,-72.87148462236823
2767.9800776290895,-72.87343212092111,-72.87343212092111
2767.9900776290892,-72.87537904965143,-72.87537904965143
2768.0000776290894,-72.87732553088485,-72.87732553088485
2768.010077629089,-72.87927168533992,-72.87927168533992
2768.0200776290894,-72.88121763212534,-72.88121763212534
2768.030077629089,-72.88316348876359,-72.88316348876359
2768.0400776290894,-72.88510937116959,-72.88510937116959
2768.050077629089,-72.88705539367326,-72.88705539367326
2768.0600776290894,-72.88900166902035,-72.88900166902035
2768.070077629089,-72.8909483083686,-72.8909483083686
2768.0800776290894,-72.89289542131623,-72.89289542131623
2768.090077629089,-72.89484311587907,-72.89484311587907
2768.1000776290894,-72.89679149852452,-72.89679149852452
2768.1100776290896,-72.89874067416126,-72.89874067416126
2768.1200776290893,-72.90069074614796,-72.90069074614796
2768.1300776290896,-72.90264181631743,-72.90264181631743
2768.1400776290893,-72.90459398495214,-72.90459398495214
2768.1500776290895,-72.90654735083965,-72.90654735083965
2768.1600776290893,-72.90850201123295,-72.90850201123295
2768.1700776290895,-72.9104580618987,-72.9104580618987
2768.1800776290893,-72.91241559709536,-72.91241559709536
2768.1900776290895,-72.91437470961701,-72.91437470961701
2768.2000776290893,-72.91633549077022,-72.91633549077022
2768.2100776290895,-72.91829803040588,-72.91829803040588
2768.2200776290892,-72.9202624169193,-72.9202624169193
2768.2300776290895,-72.92222873727069,-72.92222873727069
2768.2400776290892,-72.92419707698176,-72.92419707698176
2768.2500776290894,-72.92616752017246,-72.92616752017246
2768.260077629089,-72.92814014954963,-72.92814014954963
2768.2700776290894,-72.93011504640712,-72.93011504640712
2768.280077629089,-72.93209229068536,-72.93209229068536
2768.2900776290894,-72.93407196093875,-72.93407196093875
2768.300077629089,-72.93605413436913,-72.93605413436913
2768.3100776290894,-72.93803888682805,-72.93803888682805
2768.320077629089,-72.94002629283543,-72.94002629283543
2768.3300776290894,-72.94201642559196,-72.94201642559196
2768.340077629089,-72.94400935698296,-72.94400935698296
2768.3500776290894,-72.94600515761176,-72.94600515761176
2768.3600776290896,-72.94800389679276,-72.94800389679276
2768.3700776290893,-72.95000564256932,-72.95000564256932
2768.3800776290896,-72.95201046172689,-72.95201046172689
2768.3900776290893,-72.95401841981918,-72.95401841981918
2768.4000776290895,-72.95602958115205,-72.95602958115205
2768.4100776290893,-72.9580440088328,-72.9580440088328
2768.4200776290895,-72.96006176475922,-72.96006176475922
2768.4300776290893,-72.96208290962373,-72.96208290962373
2768.4400776290895,-72.96410750295884,-72.96410750295884
2768.450077652931,-72.96613560795483,-72.96613560795483
2768.4600776529314,-72.9681672721779,-72.9681672721779
2768.470077652931,-72.97020255651238,-72.97020255651238
2768.4800776529314,-72.97224151590873,-72.97224151590873
2768.490077652931,-72.97428420419833,-72.97428420419833
2768.5000776529314,-72.97633067410955,-72.97633067410955
2768.510077652931,-72.97838097731342,-72.97838097731342
2768.5200776529314,-72.98043516436844,-72.98043516436844
2768.530077652931,-72.98249328479473,-72.98249328479473
2768.5400776529314,-72.98455538706152,-72.98455538706152
2768.550077652931,-72.98662151861025,-72.98662151861025
2768.5600776529313,-72.98869172584835,-72.98869172584835
2768.570077652931,-72.9907660541843,-72.9907660541843
2768.5800776529313,-72.99284454801483,-72.99284454801483
2768.590077652931,-72.99492725076882,-72.99492725076882
2768.6000776529313,-72.99701420490274,-72.99701420490274
2768.610077652931,-72.99910545189816,-72.99910545189816
2768.6200776529313,-73.00120103231596,-73.00120103231596
2768.630077652931,-73.00330098575738,-73.00330098575738
2768.6400776529313,-73.00540535090752,-73.00540535090752
2768.650077652931,-73.00751416555721,-73.00751416555721
2768.6600776529312,-73.00962746658155,-73.00962746658155
2768.670077652931,-73.01174528997218,-73.01174528997218
2768.6800776529312,-73.01386767084121,-73.01386767084121
2768.690077652931,-73.01599464345075,-73.01599464345075
2768.700077652931,-73.0181262412077,-73.0181262412077
2768.7100776529314,-73.02025612945555,-73.02025612945555
2768.720077652931,-73.0223815510489,-73.0223815510489
2768.7300776529314,-73.0245011785886,-73.0245011785886
2768.740077652931,-73.02661434613655,-73.02661434613655
2768.7500776529314,-73.02872075598671,-73.02872075598671
2768.760077652931,-73.03082032640997,-73.03082032640997
2768.7700776529314,-73.03291310235534,-73.03291310235534
2768.780077652931,-73.03499920186279,-73.03499920186279
2768.7900776529314,-73.03707878379002,-73.03707878379002
2768.800077652931,-73.0391520284824,-73.0391520284824
2768.8100776529313,-73.04121912622202,-73.04121912622202
2768.820077652931,-73.04328027047649,-73.04328027047649
2768.8300776529313,-73.0453356539889,-73.0453356539889
2768.840077652931,-73.04738546668135,-73.04738546668135
2768.8500776529313,-73.04942989455763,-73.04942989455763
2768.860077652931,-73.05146911931216,-73.05146911931216
2768.8700776529313,-73.05350331823648,-73.05350331823648
2768.880077652931,-73.05553266440208,-73.05553266440208
2768.8900776529313,-73.05755732685196,-73.05755732685196
2768.900077652931,-73.05957747096565,-73.05957747096565
2768.9100776529312,-73.06159325867308,-73.06159325867308
2768.920077652931,-73.06360484881752,-73.06360484881752
2768.9300776529312,-73.06561239737535,-73.06561239737535
2768.940077652931,-73.0676160577057,-73.0676160577057
2768.950077652931,-73.06961598074494,-73.06961598074494
2768.9600776529314,-73.07161231522328,-73.07161231522328
2768.970077652931,-73.07360520777537,-73.07360520777537
2768.9800776529314,-73.07559480308706,-73.07559480308706
2768.990077652931,-73.07758124402825,-73.07758124402825
2769.0000776529314,-73.07956467171991,-73.07956467171991
2769.010077652931,-73.08154522561652,-73.08154522561652
2769.0200776529314,-73.08352304357436,-73.08352304357436
2769.030077652931,-73.08549826191394,-73.08549826191394
2769.0400776529314,-73.08747101543766,-73.08747101543766
2769.050077652931,-73.08944143748204,-73.08944143748204
2769.0600776529313,-73.09140965995846,-73.09140965995846
2769.070077652931,-73.09337581334002,-73.09337581334002
2769.0800776529313,-73.09534002671468,-73.09534002671468
2769.090077652931,-73.09730242776992,-73.09730242776992
2769.1000776529313,-73.09926314282372,-73.09926314282372
2769.110077652931,-73.10122229682814,-73.10122229682814
2769.1200776529313,-73.10318001336178,-73.10318001336178
2769.130077652931,-73.10513641465066,-73.10513641465066
2769.1400776529313,-73.10709162155337,-73.10709162155337
2769.150077652931,-73.10904575357723,-73.10904575357723
2769.1600776529312,-73.11099892886973,-73.11099892886973
2769.170077652931,-73.11295126422829,-73.11295126422829
2769.1800776529312,-73.11490287508882,-73.11490287508882
2769.190077652931,-73.116853875531,-73.116853875531
2769.200077652931,-73.11880437826645,-73.11880437826645
2769.2100776529314,-73.120712240136,-73.120712240136
2769.220077652931,-73.1225601733264,-73.1225601733264
2769.2300776529314,-73.12433877971316,-73.12433877971316
2769.240077652931,-73.12604278463296,-73.12604278463296
2769.2500776529314,-73.12766942488368,-73.12766942488368
2769.260077652931,-73.12921743916445,-73.12921743916445
2769.2700776529314,-73.13068643771257,-73.13068643771257
2769.280077652931,-73.13207652559876,-73.13207652559876
2769.2900776529314,-73.13338808415621,-73.13338808415621
2769.300077676773,-73.13462164967885,-73.13462164967885
2769.3100776767733,-73.13577783211791,-73.13577783211791
2769.320077676773,-73.13685729587311,-73.13685729587311
2769.3300776767733,-73.13786072731008,-73.13786072731008
2769.340077676773,-73.13878882826714,-73.13878882826714
2769.3500776767733,-73.13964231158798,-73.13964231158798
2769.360077676773,-73.14042189953213,-73.14042189953213
2769.3700776767732,-73.14112832344422,-73.14112832344422
2769.380077676773,-73.14176232403531,-73.14176232403531
2769.390077676773,-73.14232465173431,-73.14232465173431
2769.400077676773,-73.14281606698385,-73.14281606698385
2769.410077676773,-73.14323734035601,-73.14323734035601
2769.420077676773,-73.14358925248192,-73.14358925248192
2769.430077676773,-73.14387259381927,-73.14387259381927
2769.440077676773,-73.14408816425566,-73.14408816425566
2769.450077676773,-73.14423677262097,-73.14423677262097
2769.460077676773,-73.14431923609644,-73.14431923609644
2769.470077676773,-73.1443363795547,-73.1443363795547
2769.480077676773,-73.144289034883,-73.144289034883
2769.490077676773,-73.14417804026867,-73.14417804026867
2769.500077676773,-73.14400423949255,-73.14400423949255
2769.510077676773,-73.14376848121583,-73.14376848121583
2769.520077676773,-73.14347161827962,-73.14347161827962
2769.530077676773,-73.14311450700755,-73.14311450700755
2769.540077676773,-73.14269800658403,-73.14269800658403
2769.550077676773,-73.1422229783837,-73.1422229783837
2769.5600776767733,-73.14169028538852,-73.14169028538852
2769.570077676773,-73.14110079158668,-73.14110079158668
2769.5800776767733,-73.14045536145376,-73.14045536145376
2769.590077676773,-73.13975485939658,-73.13975485939658
2769.6000776767733,-73.1390001492592,-73.1390001492592
2769.610077676773,-73.1381920938876,-73.1381920938876
2769.6200776767732,-73.13733155464494,-73.13733155464494
2769.630077676773,-73.13641939101446,-73.13641939101446
2769.640077676773,-73.13545646019574,-73.13545646019574
2769.650077676773,-73.13444361674198,-73.13444361674198
2769.660077676773,-73.13338171221363,-73.13338171221363
2769.670077676773,-73.1322715948316,-73.1322715948316
2769.680077676773,-73.13111410918374,-73.13111410918374
2769.690077676773,-73.12991009594386,-73.12991009594386
2769.700077676773,-73.12866039157623,-73.12866039157623
2769.710077676773,-73.1273594564358,-73.1273594564358
2769.720077676773,-73.12600533096297,-73.12600533096297
2769.730077676773,-73.12459748308325,-73.12459748308325
2769.740077676773,-73.12313603813908,-73.12313603813908
2769.750077676773,-73.12162148512517,-73.12162148512517
2769.760077676773,-73.12005452411907,-73.12005452411907
2769.770077676773,-73.11843597684204,-73.11843597684204
2769.780077676773,-73.11676673292381,-73.11676673292381
2769.790077676773,-73.11504771752632,-73.11504771752632
2769.800077676773,-73.11327987188729,-73.11327987188729
2769.8100776767733,-73.11146414169397,-73.11146414169397
2769.820077676773,-73.10960147020435,-73.10960147020435
2769.8300776767733,-73.10769279425728,-73.10769279425728
2769.840077676773,-73.10573904207202,-73.10573904207202
2769.8500776767733,-73.1037411320563,-73.1037411320563
2769.860077676773,-73.10169997234641,-73.10169997234641
2769.8700776767732,-73.09961646063334,-73.09961646063334
2769.880077676773,-73.09749148423467,-73.09749148423467
2769.890077676773,-73.09532592029679,-73.09532592029679
2769.900077676773,-73.0931206359967,-73.0931206359967
2769.910077676773,-73.09087648880039,-73.09087648880039
2769.920077676773,-73.08859432669799,-73.08859432669799
2769.930077676773,-73.08627498841498,-73.08627498841498
2769.940077676773,-73.08391930363092,-73.08391930363092
2769.950077676773,-73.08152809312512,-73.08152809312512
2769.960077676773,-73.07910216895007,-73.07910216895007
2769.970077676773,-73.07664233454942,-73.07664233454942
2769.980077676773,-73.07414938487341,-73.07414938487341
2769.990077676773,-73.07162410647622,-73.07162410647622
2770.000077676773,-73.06906727759961,-73.06906727759961
2770.010077676773,-73.06647966823539,-73.06647966823539
2770.020077676773,-73.06386204018698,-73.06386204018698
2770.030077676773,-73.06121514712709,-73.06121514712709
2770.040077676773,-73.05853973463735,-73.05853973463735
2770.050077676773,-73.05583654025321,-73.05583654025321
2770.0600776767733,-73.05310629350538,-73.05310629350538
2770.070077676773,-73.05034971593679,-73.05034971593679
2770.0800776767733,-73.04756752115004,-73.04756752115004
2770.090077676773,-73.04476041483339,-73.04476041483339
2770.1000776767733,-73.04192909478198,-73.04192909478198
2770.110077676773,-73.03907425093402,-73.03907425093402
2770.1200776767732,-73.0361965654115,-73.0361965654115
2770.130077676773,-73.0332967125081,-73.0332967125081
2770.140077676773,-73.03037535877732,-73.03037535877732
2770.150077700615,-73.02743315599507,-73.02743315599507
2770.160077700615,-73.02447076920556,-73.02447076920556
2770.170077700615,-73.02148883489258,-73.02148883489258
2770.180077700615,-73.01848798879601,-73.01848798879601
2770.190077700615,-73.01546885907419,-73.01546885907419
2770.200077700615,-73.01243206629503,-73.01243206629503
2770.210077700615,-73.00937822350232,-73.00937822350232
2770.220077700615,-73.00630793622047,-73.00630793622047
2770.230077700615,-73.00322180251759,-73.00322180251759
2770.240077700615,-73.0001204130413,-73.0001204130413
2770.250077700615,-72.99700435106669,-72.99700435106669
2770.260077700615,-72.99387419252028,-72.99387419252028
2770.270077700615,-72.99073050603552,-72.99073050603552
2770.280077700615,-72.98757385300071,-72.98757385300071
2770.290077700615,-72.98440478759844,-72.98440478759844
2770.300077700615,-72.98122385685886,-72.98122385685886
2770.310077700615,-72.97803160070055,-72.97803160070055
2770.320077700615,-72.97482855198805,-72.97482855198805
2770.3300777006148,-72.97161523657128,-72.97161523657128
2770.340077700615,-72.96839217334916,-72.96839217334916
2770.3500777006147,-72.96515987431086,-72.96515987431086
2770.360077700615,-72.9619188445884,-72.9619188445884
2770.3700777006147,-72.95866958252908,-72.95866958252908
2770.380077700615,-72.95541257970731,-72.95541257970731
2770.3900777006147,-72.95214832102423,-72.95214832102423
2770.400077700615,-72.94887728473435,-72.94887728473435
2770.410077700615,-72.94559994251856,-72.94559994251856
2770.420077700615,-72.94231675951185,-72.94231675951185
2770.430077700615,-72.9390281944036,-72.9390281944036
2770.440077700615,-72.93573469945885,-72.93573469945885
2770.450077700615,-72.93243672058091,-72.93243672058091
2770.460077700615,-72.9291346973711,-72.9291346973711
2770.470077700615,-72.92582906319909,-72.92582906319909
2770.480077700615,-72.92252024524758,-72.92252024524758
2770.490077700615,-72.91920866457437,-72.91920866457437
2770.500077700615,-72.9158947361559,-72.9158947361559
2770.510077700615,-72.91257886898005,-72.91257886898005
2770.520077700615,-72.90926146606901,-72.90926146606901
2770.530077700615,-72.90594292455609,-72.90594292455609
2770.540077700615,-72.90262363573851,-72.90262363573851
2770.550077700615,-72.89930398514464,-72.89930398514464
2770.560077700615,-72.89598435257103,-72.89598435257103
2770.570077700615,-72.89266511217349,-72.89266511217349
2770.5800777006148,-72.88934663249067,-72.88934663249067
2770.590077700615,-72.88602927652137,-72.88602927652137
2770.6000777006147,-72.88271340178814,-72.88271340178814
2770.610077700615,-72.87939936038268,-72.87939936038268
2770.6200777006147,-72.87608749903036,-72.87608749903036
2770.630077700615,-72.87277815914305,-72.87277815914305
2770.6400777006147,-72.86947167687617,-72.86947167687617
2770.650077700615,-72.86616838319836,-72.86616838319836
2770.660077700615,-72.86286860393012,-72.86286860393012
2770.670077700615,-72.85957265980869,-72.85957265980869
2770.680077700615,-72.85628086655059,-72.85628086655059
2770.690077700615,-72.8529935349009,-72.8529935349009
2770.700077700615,-72.84971097068829,-72.84971097068829
2770.710077700615,-72.84643347489552,-72.84643347489552
2770.720077700615,-72.8431613436867,-72.8431613436867
2770.730077700615,-72.83989486848677,-72.83989486848677
2770.740077700615,-72.83663433601936,-72.83663433601936
2770.750077700615,-72.83338002838246,-72.83338002838246
2770.760077700615,-72.83013222307494,-72.83013222307494
2770.770077700615,-72.826891193074,-72.826891193074
2770.780077700615,-72.82365720687761,-72.82365720687761
2770.790077700615,-72.82043052854907,-72.82043052854907
2770.800077700615,-72.81721141778732,-72.81721141778732
2770.810077700615,-72.81400012998023,-72.81400012998023
2770.820077700615,-72.81079691622355,-72.81079691622355
2770.8300777006148,-72.80760202341011,-72.80760202341011
2770.840077700615,-72.80441569426483,-72.80441569426483
2770.8500777006147,-72.80123816739356,-72.80123816739356
2770.860077700615,-72.79806967733606,-72.79806967733606
2770.8700777006147,-72.79491045460891,-72.79491045460891
2770.880077700615,-72.79176072576271,-72.79176072576271
2770.8900777006147,-72.78862071344298,-72.78862071344298
2770.900077700615,-72.78549063640959,-72.78549063640959
2770.910077700615,-72.7823707096049,-72.7823707096049
2770.920077700615,-72.77926114419178,-72.77926114419178
2770.930077700615,-72.77616214760721,-72.77616214760721
2770.940077700615,-72.77307392360333,-72.77307392360333
2770.950077700615,-72.76999667229894,-72.76999667229894
2770.960077700615,-72.76693059022497,-72.76693059022497
2770.970077700615,-72.76387587035883,-72.76387587035883
2770.980077700615,-72.7608327021869,-72.7608327021869
2770.990077700615,-72.75780127173061,-72.75780127173061
2771.000077724457,-72.75478175441536,-72.75478175441536
2771.010077724457,-72.75177434391271,-72.75177434391271
2771.0200777244568,-72.748779208903,-72.748779208903
2771.030077724457,-72.74579652201955,-72.74579652201955
2771.0400777244568,-72.7428264526651,-72.7428264526651
2771.050077724457,-72.73986916703629,-72.73986916703629
2771.0600777244567,-72.7369248281671,-72.7369248281671
2771.070077724457,-72.73399359597607,-72.73399359597607
2771.0800777244567,-72.73107562730632,-72.73107562730632
2771.090077724457,-72.72817107596934,-72.72817107596934
2771.1000777244567,-72.72528009276768,-72.72528009276768
2771.110077724457,-72.72240282555673,-72.72240282555673
2771.1200777244567,-72.71953941926542,-72.71953941926542
2771.130077724457,-72.7166900159418,-72.7166900159418
2771.1400777244567,-72.71385475478675,-72.71385475478675
2771.150077724457,-72.71103377220092,-72.71103377220092
2771.1600777244566,-72.7082272018182,-72.7082272018182
2771.170077724457,-72.70543517453042,-72.70543517453042
2771.1800777244566,-72.70265781853102,-72.70265781853102
2771.190077724457,-72.69989525937167,-72.69989525937167
2771.2000777244566,-72.697147619955,-72.697147619955
2771.210077724457,-72.6944150206082,-72.6944150206082
2771.2200777244566,-72.6916975790972,-72.6916975790972
2771.230077724457,-72.68899541065548,-72.68899541065548
2771.2400777244566,-72.68630862805549,-72.68630862805549
2771.250077724457,-72.6836373415759,-72.6836373415759
2771.260077724457,-72.68098165910763,-72.68098165910763
2771.2700777244568,-72.67834168613994,-72.67834168613994
2771.280077724457,-72.67571752580322,-72.67571752580322
2771.2900777244568,-72.6731092788951,-72.6731092788951
2771.300077724457,-72.67051704392141,-72.67051704392141
2771.3100777244567,-72.6679409171487,-72.6679409171487
2771.320077724457,-72.66538099257485,-72.66538099257485
2771.3300777244567,-72.66283736202452,-72.66283736202452
2771.340077724457,-72.6603101151223,-72.6603101151223
2771.3500777244567,-72.65779933937934,-72.65779933937934
2771.360077724457,-72.65530512017602,-72.65530512017602
2771.3700777244567,-72.65282754081183,-72.65282754081183
2771.380077724457,-72.65036668252183,-72.65036668252183
2771.3900777244567,-72.6479226245315,-72.6479226245315
2771.400077724457,-72.64549544404555,-72.64549544404555
2771.4100777244566,-72.64308521630925,-72.64308521630925
2771.420077724457,-72.6406920146244,-72.6406920146244
2771.4300777244566,-72.63831591036762,-72.63831591036762
2771.440077724457,-72.63595697301594,-72.63595697301594
2771.4500777244566,-72.63361527019389,-72.63361527019389
2771.460077724457,-72.63129086768842,-72.63129086768842
2771.4700777244566,-72.6289838294504,-72.6289838294504
2771.480077724457,-72.6266942176605,-72.6266942176605
2771.4900777244566,-72.62442209273205,-72.62442209273205
2771.500077724457,-72.62216751333024,-72.62216751333024
2771.510077724457,-72.61993053640644,-72.61993053640644
2771.5200777244568,-72.61771121723041,-72.61771121723041
2771.530077724457,-72.61550960939104,-72.61550960939104
2771.5400777244568,-72.61332576484426,-72.61332576484426
2771.550077724457,-72.611159733905,-72.611159733905
2771.5600777244567,-72.60901156531894,-72.60901156531894
2771.570077724457,-72.60688130622658,-72.60688130622658
2771.5800777244567,-72.60476900223435,-72.60476900223435
2771.590077724457,-72.60267469740448,-72.60267469740448
2771.6000777244567,-72.60059843429336,-72.60059843429336
2771.610077724457,-72.59854025396861,-72.59854025396861
2771.6200777244567,-72.59650019602621,-72.59650019602621
2771.630077724457,-72.59447829861904,-72.59447829861904
2771.6400777244567,-72.59247459847164,-72.59247459847164
2771.650077724457,-72.59048913090032,-72.59048913090032
2771.6600777244566,-72.5885219298422,-72.5885219298422
2771.670077724457,-72.58657302786294,-72.58657302786294
2771.6800777244566,-72.58464245618161,-72.58464245618161
2771.690077724457,-72.58273024469246,-72.58273024469246
2771.7000777244566,-72.58083642197279,-72.58083642197279
2771.710077724457,-72.57896101532668,-72.57896101532668
2771.7200777244566,-72.57710405076789,-72.57710405076789
2771.730077724457,-72.5752655530702,-72.5752655530702
2771.7400777244566,-72.57344554577045,-72.57344554577045
2771.750077724457,-72.57164405119141,-72.57164405119141
2771.760077724457,-72.56986109045263,-72.56986109045263
2771.7700777244568,-72.56809668349264,-72.56809668349264
2771.780077724457,-72.56635084908329,-72.56635084908329
2771.7900777244568,-72.56462360485723,-72.56462360485723
2771.800077724457,-72.56291496731522,-72.56291496731522
2771.8100777244567,-72.5612249518367,-72.5612249518367
2771.820077724457,-72.55955357270642,-72.55955357270642
2771.8300777244567,-72.5579008431371,-72.5579008431371
2771.840077724457,-72.55626677526001,-72.55626677526001
2771.8500777482986,-72.55465137631806,-72.55465137631806
2771.860077748299,-72.55305466412688,-72.55305466412688
2771.8700777482986,-72.55147664379666,-72.55147664379666
2771.880077748299,-72.54991732336991,-72.54991732336991
2771.8900777482986,-72.54837670990077,-72.54837670990077
2771.900077748299,-72.54685480945075,-72.54685480945075
2771.9100777482986,-72.54535162713042,-72.54535162713042
2771.920077748299,-72.54386716710583,-72.54386716710583
2771.9300777482986,-72.54240143261508,-72.54240143261508
2771.940077748299,-72.54095442597112,-72.54095442597112
2771.9500777482986,-72.53952614858768,-72.53952614858768
2771.9600777482988,-72.53811660099625,-72.53811660099625
2771.9700777482985,-72.53672578283654,-72.53672578283654
2771.9800777482988,-72.53535369289203,-72.53535369289203
2771.9900777482985,-72.53400032910947,-72.53400032910947
2772.0000777482987,-72.53266568857237,-72.53266568857237
2772.0100777482985,-72.53134976757326,-72.53134976757326
2772.0200777482987,-72.5300525615608,-72.5300525615608
2772.0300777482985,-72.52877406520336,-72.52877406520336
2772.0400777482987,-72.52751427237824,-72.52751427237824
2772.0500777482985,-72.52627317619601,-72.52627317619601
2772.0600777482987,-72.52505076899271,-72.52505076899271
2772.0700777482984,-72.52384704236407,-72.52384704236407
2772.0800777482987,-72.52266198715121,-72.52266198715121
2772.0900777482984,-72.52149559348511,-72.52149559348511
2772.1000777482986,-72.52034785076849,-72.52034785076849
2772.110077748299,-72.51921874770785,-72.51921874770785
2772.1200777482986,-72.51810827230989,-72.51810827230989
2772.130077748299,-72.51701641190296,-72.51701641190296
2772.1400777482986,-72.51594315313312,-72.51594315313312
2772.150077748299,-72.51488848199605,-72.51488848199605
2772.1600777482986,-72.51385238384209,-72.51385238384209
2772.170077748299,-72.51283484335927,-72.51283484335927
2772.1800777482986,-72.51183584462672,-72.51183584462672
2772.190077748299,-72.51085537108622,-72.51085537108622
2772.2000777482986,-72.5098934055866,-72.5098934055866
2772.2100777482988,-72.50894993036394,-72.50894993036394
2772.2200777482985,-72.50802492705954,-72.50802492705954
2772.2300777482988,-72.5071183767401,-72.5071183767401
2772.2400777482985,-72.50623025991419,-72.50623025991419
2772.2500777482987,-72.505360556506,-72.505360556506
2772.2600777482985,-72.50450924589835,-72.50450924589835
2772.2700777482987,-72.50367630692293,-72.50367630692293
2772.2800777482985,-72.5028617178929,-72.5028617178929
2772.2900777482987,-72.50206545656359,-72.50206545656359
2772.3000777482985,-72.50128750020758,-72.50128750020758
2772.3100777482987,-72.50052782557347,-72.50052782557347
2772.3200777482984,-72.49978640890373,-72.49978640890373
2772.3300777482987,-72.4990632259552,-72.4990632259552
2772.3400777482984,-72.49835825200573,-72.49835825200573
2772.3500777482986,-72.49767146184846,-72.49767146184846
2772.360077748299,-72.49700282981597,-72.49700282981597
2772.3700777482986,-72.4963523297751,-72.4963523297751
2772.380077748299,-72.49571993515544,-72.49571993515544
2772.3900777482986,-72.49510561893415,-72.49510561893415
2772.400077748299,-72.49450935363599,-72.49450935363599
2772.4100777482986,-72.49393111138599,-72.49393111138599
2772.420077748299,-72.49337086387528,-72.49337086387528
2772.4300777482986,-72.492828582374,-72.492828582374
2772.440077748299,-72.49230423776024,-72.49230423776024
2772.4500777482986,-72.49179780049889,-72.49179780049889
2772.4600777482988,-72.49130924068291,-72.49130924068291
2772.4700777482985,-72.4908385280001,-72.4908385280001
2772.4800777482988,-72.4903856317702,-72.4903856317702
2772.4900777482985,-72.48995052093343,-72.48995052093343
2772.5000777482987,-72.48953316407925,-72.48953316407925
2772.5100777482985,-72.48913352942802,-72.48913352942802
2772.5200777482987,-72.48875158485556,-72.48875158485556
2772.5300777482985,-72.48838729789279,-72.48838729789279
2772.5400777482987,-72.48804063572462,-72.48804063572462
2772.5500777482985,-72.4877115652107,-72.4877115652107
2772.5600777482987,-72.48740005287917,-72.48740005287917
2772.5700777482984,-72.48710606495291,-72.48710606495291
2772.5800777482987,-72.48682956731048,-72.48682956731048
2772.5900777482984,-72.48657052556814,-72.48657052556814
2772.6000777482986,-72.48632890499582,-72.48632890499582
2772.610077748299,-72.48610467059483,-72.48610467059483
2772.6200777482986,-72.4858977870622,-72.4858977870622
2772.630077748299,-72.48570821881907,-72.48570821881907
2772.6400777482986,-72.48553593000467,-72.48553593000467
2772.650077748299,-72.4853808844875,-72.4853808844875
2772.6600777482986,-72.48524304586515,-72.48524304586515
2772.670077748299,-72.48512237746276,-72.48512237746276
2772.6800777482986,-72.48501884237591,-72.48501884237591
2772.690077748299,-72.48493240342046,-72.48493240342046
2772.7000777721405,-72.48486302300579,-72.48486302300579
2772.7100777721407,-72.48480434651823,-72.48480434651823
2772.7200777721405,-72.48475357008245,-72.48475357008245
2772.7300777721407,-72.48470930924249,-72.48470930924249
2772.7400777721405,-72.48467083602988,-72.48467083602988
2772.7500777721407,-72.48463778796624,-72.48463778796624
2772.7600777721404,-72.48461001707584,-72.48461001707584
2772.7700777721407,-72.4845875014231,-72.4845875014231
2772.7800777721404,-72.48457029197837,-72.48457029197837
2772.7900777721406,-72.48455848068862,-72.48455848068862
2772.8000777721404,-72.48455218133377,-72.48455218133377
2772.8100777721406,-72.48455151809094,-72.48455151809094
2772.8200777721404,-72.48455661886535,-72.48455661886535
2772.8300777721406,-72.48456761143075,-72.48456761143075
2772.8400777721404,-72.48458462129734,-72.48458462129734
2772.8500777721406,-72.48460777070514,-72.48460777070514
2772.8600777721404,-72.48463717815606,-72.48463717815606
2772.8700777721406,-72.48467295834261,-72.48467295834261
2772.8800777721403,-72.48471522232056,-72.48471522232056
2772.8900777721406,-72.48476407770227,-72.48476407770227
2772.9000777721403,-72.48481962896217,-72.48481962896217
2772.9100777721405,-72.48488197770465,-72.48488197770465
2772.9200777721403,-72.48495122295353,-72.48495122295353
2772.9300777721405,-72.48502746140294,-72.48502746140294
2772.9400777721403,-72.4851107876294,-72.4851107876294
2772.9500777721405,-72.48520129430192,-72.48520129430192
2772.9600777721407,-72.48529907234807,-72.48529907234807
2772.9700777721405,-72.48540421109888,-72.48540421109888
2772.9800777721407,-72.48551679840814,-72.48551679840814
2772.9900777721405,-72.48563692076394,-72.48563692076394
2773.0000777721407,-72.48576466337224,-72.48576466337224
2773.0100777721404,-72.48590011021514,-72.48590011021514
2773.0200777721407,-72.48604334411968,-72.48604334411968
2773.0300777721404,-72.48619444679373,-72.48619444679373
2773.0400777721406,-72.48635349887196,-72.48635349887196
2773.0500777721404,-72.48652057995193,-72.48652057995193
2773.0600777721406,-72.48669576858694,-72.48669576858694
2773.0700777721404,-72.48687914233473,-72.48687914233473
2773.0800777721406,-72.48707077773871,-72.48707077773871
2773.0900777721404,-72.48727075036274,-72.48727075036274
2773.1000777721406,-72.48747913479092,-72.48747913479092
2773.1100777721404,-72.48769600461924,-72.48769600461924
2773.1200777721406,-72.48792143244997,-72.48792143244997
2773.1300777721403,-72.48815548991317,-72.48815548991317
2773.1400777721406,-72.48839824764774,-72.48839824764774
2773.1500777721403,-72.48864977530272,-72.48864977530272
2773.1600777721405,-72.48891014152773,-72.48891014152773
2773.1700777721403,-72.48917941398545,-72.48917941398545
2773.1800777721405,-72.48945765932433,-72.48945765932433
2773.1900777721403,-72.48974494318689,-72.48974494318689
2773.2000777721405,-72.49004133020257,-72.49004133020257
2773.2100777721407,-72.49034056584006,-72.49034056584006
2773.2200777721405,-72.49063994617481,-72.49063994617481
2773.2300777721407,-72.49093818582791,-72.49093818582791
2773.2400777721405,-72.49123465521157,-72.49123465521157
2773.2500777721407,-72.49152908953248,-72.49152908953248
2773.2600777721404,-72.49182143780592,-72.49182143780592
2773.2700777721407,-72.4921117743061,-72.4921117743061
2773.2800777721404,-72.49240024549182,-72.49240024549182
2773.2900777721406,-72.49268703801542,-72.49268703801542
2773.3000777721404,-72.49297235957908,-72.49297235957908
2773.3100777721406,-72.49325642749736,-72.49325642749736
2773.3200777721404,-72.49353946199979,-72.49353946199979
2773.3300777721406,-72.49382168236633,-72.49382168236633
2773.3400777721404,-72.49410330480605,-72.49410330480605
2773.3500777721406,-72.49438454139262,-72.49438454139262
2773.3600777721404,-72.49466559963876,-72.49466559963876
2773.3700777721406,-72.49494668242204,-72.49494668242204
2773.3800777721403,-72.49522798809855,-72.49522798809855
2773.3900777721406,-72.49550971073968,-72.49550971073968
2773.4000777721403,-72.49579204041785,-72.49579204041785
2773.4100777721405,-72.49607516348483,-72.49607516348483
2773.4200777721403,-72.49635926283476,-72.49635926283476
2773.4300777721405,-72.49664451816435,-72.49664451816435
2773.4400777721403,-72.49693110619458,-72.49693110619458
2773.4500777721405,-72.49721920086124,-72.49721920086124
2773.4600777721407,-72.49750897349226,-72.49750897349226
2773.4700777721405,-72.49780059296909,-72.49780059296909
2773.4800777721407,-72.49809422580867,-72.49809422580867
2773.4900777721405,-72.49839003630395,-72.49839003630395
2773.5000777721407,-72.49868818659986,-72.49868818659986
2773.5100777721404,-72.49898883675483,-72.49898883675483
2773.5200777721407,-72.49929214482238,-72.49929214482238
2773.5300777721404,-72.49959826688006,-72.49959826688006
2773.5400777721406,-72.49990735706987,-72.49990735706987
2773.5500777959824,-72.50021956839186,-72.50021956839186
2773.5600777959826,-72.50053504974167,-72.50053504974167
2773.5700777959823,-72.50085395038363,-72.50085395038363
2773.5800777959826,-72.50117641700245,-72.50117641700245
2773.5900777959823,-72.50150259446826,-72.50150259446826
2773.6000777959825,-72.50183262583805,-72.50183262583805
2773.6100777959823,-72.5021666523515,-72.5021666523515
2773.6200777959825,-72.50250481346256,-72.50250481346256
2773.6300777959823,-72.5028472468173,-72.5028472468173
2773.6400777959825,-72.50319408826797,-72.50319408826797
2773.6500777959823,-72.50354547189161,-72.50354547189161
2773.6600777959825,-72.50390152994646,-72.50390152994646
2773.6700777959823,-72.50426239292557,-72.50426239292557
2773.6800777959825,-72.50462818952778,-72.50462818952778
2773.6900777959822,-72.50499904666809,-72.50499904666809
2773.7000777959825,-72.50537508947278,-72.50537508947278
2773.710077795982,-72.50575644128814,-72.50575644128814
2773.7200777959824,-72.5061432236811,-72.5061432236811
2773.730077795982,-72.50653555644615,-72.50653555644615
2773.7400777959824,-72.50693355758982,-72.50693355758982
2773.750077795982,-72.50733734335391,-72.50733734335391
2773.7600777959824,-72.50774702820361,-72.50774702820361
2773.770077795982,-72.5081627248506,-72.5081627248506
2773.7800777959824,-72.50858454424177,-72.50858454424177
2773.790077795982,-72.50901259556765,-72.50901259556765
2773.8000777959824,-72.50944698627352,-72.50944698627352
2773.8100777959826,-72.50988782204678,-72.50988782204678
2773.8200777959823,-72.51033520686798,-72.51033520686798
2773.8300777959826,-72.51078924295213,-72.51078924295213
2773.8400777959823,-72.51125003082537,-72.51125003082537
2773.8500777959825,-72.51171766927223,-72.51171766927223
2773.8600777959823,-72.51219225539032,-72.51219225539032
2773.8700777959825,-72.5126738845719,-72.5126738845719
2773.8800777959823,-72.51316265053723,-72.51316265053723
2773.8900777959825,-72.5136586453031,-72.5136586453031
2773.9000777959823,-72.51416195924737,-72.51416195924737
2773.9100777959825,-72.51467268106775,-72.51467268106775
2773.9200777959823,-72.51519089784085,-72.51519089784085
2773.9300777959825,-72.51571669499161,-72.51571669499161
2773.9400777959822,-72.51625015632568,-72.51625015632568
2773.9500777959825,-72.51679136404645,-72.51679136404645
2773.960077795982,-72.5173403987543,-72.5173403987543
2773.9700777959824,-72.517897339462,-72.517897339462
2773.980077795982,-72.518462263611,-72.518462263611
2773.9900777959824,-72.51903524708952,-72.51903524708952
2774.000077795982,-72.51961636423262,-72.51961636423262
2774.0100777959824,-72.52020568784937,-72.52020568784937
2774.020077795982,-72.52080328922419,-72.52080328922419
2774.0300777959824,-72.52140923813529,-72.52140923813529
2774.040077795982,-72.52202360287498,-72.52202360287498
2774.0500777959824,-72.52264645026162,-72.52264645026162
2774.0600777959826,-72.52327784563887,-72.52327784563887
2774.0700777959823,-72.52391785291822,-72.52391785291822
2774.0800777959826,-72.52456653455793,-72.52456653455793
2774.0900777959823,-72.52522395162106,-72.52522395162106
2774.1000777959825,-72.52589016374672,-72.52589016374672
2774.1100777959823,-72.52656522919466,-72.52656522919466
2774.1200777959825,-72.52724920484941,-72.52724920484941
2774.1300777959823,-72.52794214623295,-72.52794214623295
2774.1400777959825,-72.52864410752034,-72.52864410752034
2774.1500777959823,-72.52935514156658,-72.52935514156658
2774.1600777959825,-72.53007529990431,-72.53007529990431
2774.1700777959823,-72.53080463276729,-72.53080463276729
2774.1800777959825,-72.5315431891156,-72.5315431891156
2774.1900777959822,-72.53229101663337,-72.53229101663337
2774.2000777959825,-72.53304816172907,-72.53304816172907
2774.210077795982,-72.53381466960222,-72.53381466960222
2774.2200777959824,-72.53459058421949,-72.53459058421949
2774.230077795982,-72.53537594832672,-72.53537594832672
2774.2400777959824,-72.53617080349042,-72.53617080349042
2774.250077795982,-72.53697519010029,-72.53697519010029
2774.2600777959824,-72.53778914735547,-72.53778914735547
2774.270077795982,-72.53861271333375,-72.53861271333375
2774.2800777959824,-72.53944592495567,-72.53944592495567
2774.290077795982,-72.5402888180436,-72.5402888180436
2774.3000777959824,-72.54114142728679,-72.54114142728679
2774.3100777959826,-72.54200378630199,-72.54200378630199
2774.3200777959823,-72.54287592762941,-72.54287592762941
2774.3300777959826,-72.54375788273325,-72.54375788273325
2774.3400777959823,-72.54464968204012,-72.54464968204012
2774.3500777959825,-72.54555135493116,-72.54555135493116
2774.3600777959823,-72.54646292978356,-72.54646292978356
2774.3700777959825,-72.54738443395298,-72.54738443395298
2774.3800777959823,-72.5483158938084,-72.5483158938084
2774.3900777959825,-72.54925733474097,-72.54925733474097
2774.400077819824,-72.55020878343058,-72.55020878343058
2774.4100778198244,-72.55117025886261,-72.55117025886261
2774.420077819824,-72.55214178578855,-72.55214178578855
2774.4300778198244,-72.55312338581791,-72.55312338581791
2774.440077819824,-72.55411507965145,-72.55411507965145
2774.4500778198244,-72.55511688708363,-72.55511688708363
2774.460077819824,-72.55612882702496,-72.55612882702496
2774.4700778198244,-72.55715091751037,-72.55715091751037
2774.480077819824,-72.55818317571801,-72.55818317571801
2774.4900778198244,-72.55922561796798,-72.55922561796798
2774.500077819824,-72.56027825976739,-72.56027825976739
2774.5100778198243,-72.56134111577556,-72.56134111577556
2774.520077819824,-72.56241419985481,-72.56241419985481
2774.5300778198243,-72.5634975250594,-72.5634975250594
2774.540077819824,-72.56459110366495,-72.56459110366495
2774.5500778198243,-72.56569494717048,-72.56569494717048
2774.560077819824,-72.56680906630902,-72.56680906630902
2774.5700778198243,-72.56793347106246,-72.56793347106246
2774.580077819824,-72.56906817066765,-72.56906817066765
2774.5900778198243,-72.57021317363923,-72.57021317363923
2774.600077819824,-72.57136848777238,-72.57136848777238
2774.6100778198243,-72.57253412015609,-72.57253412015609
2774.620077819824,-72.5737100771851,-72.5737100771851
2774.6300778198242,-72.57489636455534,-72.57489636455534
2774.640077819824,-72.5760929873135,-72.5760929873135
2774.650077819824,-72.57729994981835,-72.57729994981835
2774.6600778198244,-72.57851725579214,-72.57851725579214
2774.670077819824,-72.57974490830011,-72.57974490830011
2774.6800778198244,-72.5809829097952,-72.5809829097952
2774.690077819824,-72.58223126208618,-72.58223126208618
2774.7000778198244,-72.58348996637314,-72.58348996637314
2774.710077819824,-72.58475902327062,-72.58475902327062
2774.7200778198244,-72.58603843278232,-72.58603843278232
2774.730077819824,-72.58732819432905,-72.58732819432905
2774.7400778198244,-72.58862830676169,-72.58862830676169
2774.750077819824,-72.58993876837854,-72.58993876837854
2774.7600778198243,-72.59125957689842,-72.59125957689842
2774.770077819824,-72.59259072952139,-72.59259072952139
2774.7800778198243,-72.59393222288291,-72.59393222288291
2774.790077819824,-72.59528405311127,-72.59528405311127
2774.8000778198243,-72.59664621579807,-72.59664621579807
2774.810077819824,-72.59801870603721,-72.59801870603721
2774.8200778198243,-72.59940151841116,-72.59940151841116
2774.830077819824,-72.60079464701775,-72.60079464701775
2774.8400778198243,-72.6021980854582,-72.6021980854582
2774.850077819824,-72.6036118268634,-72.6036118268634
2774.8600778198243,-72.6050358638967,-72.6050358638967
2774.870077819824,-72.60647018875682,-72.60647018875682
2774.8800778198242,-72.60791479318262,-72.60791479318262
2774.890077819824,-72.60936966848082,-72.60936966848082
2774.900077819824,-72.61083480551285,-72.61083480551285
2774.9100778198244,-72.61231019470507,-72.61231019470507
2774.920077819824,-72.61379582607574,-72.61379582607574
2774.9300778198244,-72.61529168921011,-72.61529168921011
2774.940077819824,-72.61679777329255,-72.61679777329255
2774.9500778198244,-72.61831406710954,-72.61831406710954
2774.960077819824,-72.61984055904861,-72.61984055904861
2774.9700778198244,-72.6213772371107,-72.6213772371107
2774.980077819824,-72.62292408892088,-72.62292408892088
2774.9900778198244,-72.62448110173045,-72.62448110173045
2775.000077819824,-72.62604826242146,-72.62604826242146
2775.0100778198243,-72.62762555751372,-72.62762555751372
2775.020077819824,-72.62921297316993,-72.62921297316993
2775.0300778198243,-72.6308104952187,-72.6308104952187
2775.040077819824,-72.63241810913948,-72.63241810913948
2775.0500778198243,-72.63403580007406,-72.63403580007406
2775.060077819824,-72.63566355284502,-72.63566355284502
2775.0700778198243,-72.63730135193694,-72.63730135193694
2775.080077819824,-72.63894918153879,-72.63894918153879
2775.0900778198243,-72.6406070255143,-72.6406070255143
2775.100077819824,-72.64227486743272,-72.64227486743272
2775.1100778198243,-72.64395269054569,-72.64395269054569
2775.120077819824,-72.64564047783037,-72.64564047783037
2775.1300778198242,-72.64733821197032,-72.64733821197032
2775.140077819824,-72.6490458753654,-72.6490458753654
2775.150077819824,-72.65076345013064,-72.65076345013064
2775.1600778198244,-72.65249091812316,-72.65249091812316
2775.170077819824,-72.65422826093427,-72.65422826093427
2775.1800778198244,-72.65597545988182,-72.65597545988182
2775.190077819824,-72.65773249603235,-72.65773249603235
2775.2000778198244,-72.65949935019835,-72.65949935019835
2775.210077819824,-72.66127600295928,-72.66127600295928
2775.2200778198244,-72.66306243463183,-72.66306243463183
2775.230077819824,-72.66485862531994,-72.66485862531994
2775.2400778198244,-72.66666455488317,-72.66666455488317
2775.250077843666,-72.66848020727224,-72.66848020727224
2775.2600778436663,-72.67030555329136,-72.67030555329136
2775.270077843666,-72.6721405764087,-72.6721405764087
2775.2800778436663,-72.67398525561099,-72.67398525561099
2775.290077843666,-72.67583956967044,-72.67583956967044
2775.3000778436663,-72.67770349715441,-72.67770349715441
2775.310077843666,-72.6795770164219,-72.6795770164219
2775.3200778436662,-72.68146010564887,-72.68146010564887
2775.330077843666,-72.68335274280734,-72.68335274280734
2775.340077843666,-72.68525490568027,-72.68525490568027
2775.350077843666,-72.68716657188837,-72.68716657188837
2775.360077843666,-72.68908771883962,-72.68908771883962
2775.370077843666,-72.69101832378549,-72.69101832378549
2775.380077843666,-72.69295836380485,-72.69295836380485
2775.390077843666,-72.6949078158099,-72.6949078158099
2775.400077843666,-72.69686665652797,-72.69686665652797
2775.410077843666,-72.69883486255208,-72.69883486255208
2775.420077843666,-72.70081241030006,-72.70081241030006
2775.430077843666,-72.7027992760408,-72.7027992760408
2775.440077843666,-72.70479543589317,-72.70479543589317
2775.450077843666,-72.70680086583296,-72.70680086583296
2775.460077843666,-72.70881554168022,-72.70881554168022
2775.470077843666,-72.71083943913344,-72.71083943913344
2775.480077843666,-72.71287253374037,-72.71287253374037
2775.490077843666,-72.71491480092335,-72.71491480092335
2775.500077843666,-72.71696621596031,-72.71696621596031
2775.5100778436663,-72.71902675401563,-72.71902675401563
2775.520077843666,-72.72109639012892,-72.72109639012892
2775.5300778436663,-72.7231750992085,-72.7231750992085
2775.540077843666,-72.72526285605683,-72.72526285605683
2775.5500778436663,-72.72735963535172,-72.72735963535172
2775.560077843666,-72.72946541166777,-72.72946541166777
2775.5700778436662,-72.73158015946011,-72.73158015946011
2775.580077843666,-72.73370385308841,-72.73370385308841
2775.590077843666,-72.7358364667947,-72.7358364667947
2775.600077843666,-72.73797797474246,-72.73797797474246
2775.610077843666,-72.7401283509685,-72.7401283509685
2775.620077843666,-72.74228756944544,-72.74228756944544
2775.630077843666,-72.7444556040239,-72.7444556040239
2775.640077843666,-72.74663242848392,-72.74663242848392
2775.650077843666,-72.74881801650483,-72.74881801650483
2775.660077843666,-72.7510123416951,-72.7510123416951
2775.670077843666,-72.75321537757016,-72.75321537757016
2775.680077843666,-72.75542709757288,-72.75542709757288
2775.690077843666,-72.75764747505596,-72.75764747505596
2775.700077843666,-72.75987648331795,-72.75987648331795
2775.710077843666,-72.76210774935868,-72.76210774935868
2775.720077843666,-72.76433846475989,-72.76433846475989
2775.730077843666,-72.76656724611841,-72.76656724611841
2775.740077843666,-72.76879336961737,-72.76879336961737
2775.750077843666,-72.77101647888965,-72.77101647888965
2775.7600778436663,-72.77323643340576,-72.77323643340576
2775.770077843666,-72.7754532196173,-72.7754532196173
2775.7800778436663,-72.77766689758666,-72.77766689758666
2775.790077843666,-72.77987756890437,-72.77987756890437
2775.8000778436663,-72.78208535742496,-72.78208535742496
2775.810077843666,-72.78429039779856,-72.78429039779856
2775.8200778436662,-72.78649282871629,-72.78649282871629
2775.830077843666,-72.78869278902857,-72.78869278902857
2775.840077843666,-72.79089041562216,-72.79089041562216
2775.850077843666,-72.79308584232403,-72.79308584232403
2775.860077843666,-72.79527919948987,-72.79527919948987
2775.870077843666,-72.79747061389882,-72.79747061389882
2775.880077843666,-72.79966020888732,-72.79966020888732
2775.890077843666,-72.8018481045843,-72.8018481045843
2775.900077843666,-72.8040344181592,-72.8040344181592
2775.910077843666,-72.8062192641354,-72.8062192641354
2775.920077843666,-72.80840275462475,-72.80840275462475
2775.930077843666,-72.81058499960078,-72.81058499960078
2775.940077843666,-72.81276610710806,-72.81276610710806
2775.950077843666,-72.81494618344993,-72.81494618344993
2775.960077843666,-72.817125333368,-72.817125333368
2775.970077843666,-72.81930366017139,-72.81930366017139
2775.980077843666,-72.82148126585173,-72.82148126585173
2775.990077843666,-72.82365825119449,-72.82365825119449
2776.000077843666,-72.82583471584078,-72.82583471584078
2776.0100778436663,-72.82801075838357,-72.82801075838357
2776.020077843666,-72.83018647638886,-72.83018647638886
2776.0300778436663,-72.8323619664534,-72.8323619664534
2776.040077843666,-72.83453732423683,-72.83453732423683
2776.0500778436663,-72.83671264449045,-72.83671264449045
2776.060077843666,-72.83888802106915,-72.83888802106915
2776.0700778436662,-72.84106354693269,-72.84106354693269
2776.080077843666,-72.84323931418864,-72.84323931418864
2776.090077843666,-72.8454154140515,-72.8454154140515
2776.100077867508,-72.84759194206636,-72.84759194206636
2776.110077867508,-72.84976897736942,-72.84976897736942
2776.120077867508,-72.85194661374341,-72.85194661374341
2776.130077867508,-72.8541249389406,-72.8541249389406
2776.140077867508,-72.85630403983149,-72.85630403983149
2776.150077867508,-72.85848400239034,-72.85848400239034
2776.160077867508,-72.86066491169379,-72.86066491169379
2776.170077867508,-72.86284685193431,-72.86284685193431
2776.180077867508,-72.86502990638482,-72.86502990638482
2776.190077867508,-72.86721415740097,-72.86721415740097
2776.200077867508,-72.86939968642392,-72.86939968642392
2776.210077867508,-72.87158021832775,-72.87158021832775
2776.220077867508,-72.87375304705893,-72.87375304705893
2776.230077867508,-72.8759168928785,-72.8759168928785
2776.240077867508,-72.87807113574881,-72.87807113574881
2776.250077867508,-72.88021552279407,-72.88021552279407
2776.260077867508,-72.88235001642079,-72.88235001642079
2776.270077867508,-72.88447470533976,-72.88447470533976
2776.2800778675078,-72.88658975111417,-72.88658975111417
2776.290077867508,-72.8886953560067,-72.8886953560067
2776.3000778675078,-72.89079174370357,-72.89079174370357
2776.310077867508,-72.89287914779646,-72.89287914779646
2776.3200778675077,-72.89495780501602,-72.89495780501602
2776.330077867508,-72.89702795134048,-72.89702795134048
2776.3400778675077,-72.89908981986801,-72.89908981986801
2776.350077867508,-72.90114363971023,-72.90114363971023
2776.360077867508,-72.9031896355636,-72.9031896355636
2776.370077867508,-72.90522802762256,-72.90522802762256
2776.380077867508,-72.90725903167375,-72.90725903167375
2776.390077867508,-72.90928285936755,-72.90928285936755
2776.400077867508,-72.91129971843695,-72.91129971843695
2776.410077867508,-72.91330981302649,-72.91330981302649
2776.420077867508,-72.91531334392127,-72.91531334392127
2776.430077867508,-72.9173105088147,-72.9173105088147
2776.440077867508,-72.91930150252632,-72.91930150252632
2776.450077867508,-72.92128651717394,-72.92128651717394
2776.460077867508,-72.9232657423681,-72.9232657423681
2776.470077867508,-72.9252393653372,-72.9252393653372
2776.480077867508,-72.92720757104844,-72.92720757104844
2776.490077867508,-72.92917054232704,-72.92917054232704
2776.500077867508,-72.93112845991921,-72.93112845991921
2776.510077867508,-72.93308150255842,-72.93308150255842
2776.520077867508,-72.9350298470472,-72.9350298470472
2776.5300778675078,-72.93697366827897,-72.93697366827897
2776.540077867508,-72.93891313927104,-72.93891313927104
2776.5500778675078,-72.94084843121861,-72.94084843121861
2776.560077867508,-72.94277971350564,-72.94277971350564
2776.5700778675077,-72.94470715370286,-72.94470715370286
2776.580077867508,-72.94663091761454,-72.94663091761454
2776.5900778675077,-72.94855116927394,-72.94855116927394
2776.600077867508,-72.9504680709439,-72.9504680709439
2776.610077867508,-72.95238178312586,-72.95238178312586
2776.620077867508,-72.9542924645684,-72.9542924645684
2776.630077867508,-72.95620027226315,-72.95620027226315
2776.640077867508,-72.95810536144157,-72.95810536144157
2776.650077867508,-72.96000788559567,-72.96000788559567
2776.660077867508,-72.96190799645439,-72.96190799645439
2776.670077867508,-72.96380584399027,-72.96380584399027
2776.680077867508,-72.96570157642545,-72.96570157642545
2776.690077867508,-72.9675953402172,-72.9675953402172
2776.700077867508,-72.96948728007602,-72.96948728007602
2776.710077867508,-72.97137117549599,-72.97137117549599
2776.720077867508,-72.97324437926035,-72.97324437926035
2776.730077867508,-72.97510567165126,-72.97510567165126
2776.740077867508,-72.976954492755,-72.976954492755
2776.750077867508,-72.97879064952502,-72.97879064952502
2776.760077867508,-72.9806141637222,-72.9806141637222
2776.770077867508,-72.98242518276635,-72.98242518276635
2776.7800778675078,-72.98422392626058,-72.98422392626058
2776.790077867508,-72.98601065375497,-72.98601065375497
2776.8000778675078,-72.98778564546896,-72.98778564546896
2776.810077867508,-72.98954919075456,-72.98954919075456
2776.8200778675077,-72.99130158134459,-72.99130158134459
2776.830077867508,-72.99304310744338,-72.99304310744338
2776.8400778675077,-72.99477405559841,-72.99477405559841
2776.850077867508,-72.99649470762166,-72.99649470762166
2776.860077867508,-72.9982053401669,-72.9982053401669
2776.870077867508,-72.99990622462589,-72.99990622462589
2776.880077867508,-73.00159762727372,-73.00159762727372
2776.890077867508,-73.00327980950053,-73.00327980950053
2776.900077867508,-73.00495302809625,-73.00495302809625
2776.910077867508,-73.00661753551915,-73.00661753551915
2776.920077867508,-73.00827358019416,-73.00827358019416
2776.930077867508,-73.00992140676914,-73.00992140676914
2776.940077867508,-73.01156125632228,-73.01156125632228
2776.95007789135,-73.0131933704545,-73.0131933704545
2776.96007789135,-73.01481160946214,-73.01481160946214
2776.97007789135,-73.01641341972922,-73.01641341972922
2776.98007789135,-73.01799767091516,-73.01799767091516
2776.9900778913498,-73.0195638918851,-73.0195638918851
2777.00007789135,-73.02111197764565,-73.02111197764565
2777.0100778913497,-73.02264203726787,-73.02264203726787
2777.02007789135,-73.02415430476718,-73.02415430476718
2777.0300778913497,-73.0256490855892,-73.0256490855892
2777.04007789135,-73.02712672443194,-73.02712672443194
2777.0500778913497,-73.02858758596325,-73.02858758596325
2777.06007789135,-73.03003204331799,-73.03003204331799
2777.0700778913497,-73.03146047134003,-73.03146047134003
2777.08007789135,-73.03287324268888,-73.03287324268888
2777.0900778913497,-73.03427072573331,-73.03427072573331
2777.10007789135,-73.03565328348195,-73.03565328348195
2777.1100778913496,-73.03702127315057,-73.03702127315057
2777.12007789135,-73.03837504605794,-73.03837504605794
2777.1300778913496,-73.03971494779515,-73.03971494779515
2777.14007789135,-73.04104131844062,-73.04104131844062
2777.1500778913496,-73.04235449283652,-73.04235449283652
2777.16007789135,-73.0436548008835,-73.0436548008835
2777.1700778913496,-73.04494256780887,-73.04494256780887
2777.18007789135,-73.04621811440589,-73.04621811440589
2777.1900778913496,-73.04748175728935,-73.04748175728935
2777.20007789135,-73.04873380906034,-73.04873380906034
2777.21007789135,-73.04997457849744,-73.04997457849744
2777.22007789135,-73.05120437069354,-73.05120437069354
2777.23007789135,-73.05242348717543,-73.05242348717543
2777.2400778913498,-73.05363222601862,-73.05363222601862
2777.25007789135,-73.0548308819339,-73.0548308819339
2777.2600778913497,-73.05601974632575,-73.05601974632575
2777.27007789135,-73.05719910736124,-73.05719910736124
2777.2800778913497,-73.05836925003358,-73.05836925003358
2777.29007789135,-73.0595304561848,-73.0595304561848
2777.3000778913497,-73.06068300452894,-73.06068300452894
2777.31007789135,-73.06182717071732,-73.06182717071732
2777.3200778913497,-73.06296322732437,-73.06296322732437
2777.33007789135,-73.06409144388178,-73.06409144388178
2777.3400778913497,-73.06521208690097,-73.06521208690097
2777.35007789135,-73.06632541986589,-73.06632541986589
2777.3600778913496,-73.06743170325632,-73.06743170325632
2777.37007789135,-73.06853119456294,-73.06853119456294
2777.3800778913496,-73.06962414828014,-73.06962414828014
2777.39007789135,-73.07071081592478,-73.07071081592478
2777.4000778913496,-73.07179144604524,-73.07179144604524
2777.41007789135,-73.07286628421635,-73.07286628421635
2777.4200778913496,-73.07393557305211,-73.07393557305211
2777.43007789135,-73.07499955222579,-73.07499955222579
2777.4400778913496,-73.07605845844076,-73.07605845844076
2777.45007789135,-73.07711252549268,-73.07711252549268
2777.46007789135,-73.0781619842283,-73.0781619842283
2777.47007789135,-73.07920706257383,-73.07920706257383
2777.48007789135,-73.08024798554574,-73.08024798554574
2777.4900778913498,-73.08128497526084,-73.08128497526084
2777.50007789135,-73.0823182509404,-73.0823182509404
2777.5100778913497,-73.08334802893279,-73.08334802893279
2777.52007789135,-73.08437452270837,-73.08437452270837
2777.5300778913497,-73.08539794287415,-73.08539794287415
2777.54007789135,-73.08641849721386,-73.08641849721386
2777.5500778913497,-73.08743639067234,-73.08743639067234
2777.56007789135,-73.08845182536686,-73.08845182536686
2777.5700778913497,-73.08946500063699,-73.08946500063699
2777.58007789135,-73.090476113021,-73.090476113021
2777.5900778913497,-73.09148535629082,-73.09148535629082
2777.60007789135,-73.0924929214722,-73.0924929214722
2777.6100778913496,-73.09349899685115,-73.09349899685115
2777.62007789135,-73.09450376800656,-73.09450376800656
2777.6300778913496,-73.09550741780454,-73.09550741780454
2777.64007789135,-73.09651012645962,-73.09651012645962
2777.6500778913496,-73.09751207149314,-73.09751207149314
2777.66007789135,-73.09851342780608,-73.09851342780608
2777.6700778913496,-73.09951436767139,-73.09951436767139
2777.68007789135,-73.10051506078146,-73.10051506078146
2777.6900778913496,-73.10151567422648,-73.10151567422648
2777.70007789135,-73.10251637254743,-73.10251637254743
2777.71007789135,-73.10351731776558,-73.10351731776558
2777.72007789135,-73.10451866937169,-73.10451866937169
2777.73007789135,-73.10552058436514,-73.10552058436514
2777.7400778913498,-73.10652321729397,-73.10652321729397
2777.75007789135,-73.10752672024631,-73.10752672024631
2777.7600778913497,-73.1085312428841,-73.1085312428841
2777.77007789135,-73.10953693247863,-73.10953693247863
2777.7800778913497,-73.11054393392301,-73.11054393392301
2777.79007789135,-73.11155238974621,-73.11155238974621
2777.8000779151917,-73.11256244256302,-73.11256244256302
2777.810077915192,-73.11357422547707,-73.11357422547707
2777.8200779151916,-73.11458787649534,-73.11458787649534
2777.830077915192,-73.115603528981,-73.115603528981
2777.8400779151916,-73.11662131405205,-73.11662131405205
2777.850077915192,-73.11764136062666,-73.11764136062666
2777.8600779151916,-73.11866379542923,-73.11866379542923
2777.870077915192,-73.11968874300962,-73.11968874300962
2777.8800779151916,-73.12071632579273,-73.12071632579273
2777.890077915192,-73.12174666408038,-73.12174666408038
2777.9000779151916,-73.12277987608365,-73.12277987608365
2777.910077915192,-73.12381607794694,-73.12381607794694
2777.9200779151915,-73.12485538375783,-73.12485538375783
2777.9300779151918,-73.12589790560499,-73.12589790560499
2777.9400779151915,-73.12694375356345,-73.12694375356345
2777.9500779151917,-73.12799303573227,-73.12799303573227
2777.9600779151915,-73.1290458582712,-73.1290458582712
2777.9700779151917,-73.13010232540533,-73.13010232540533
2777.9800779151915,-73.13116253946073,-73.13116253946073
2777.9900779151917,-73.13222660087814,-73.13222660087814
2778.0000779151915,-73.13329460823942,-73.13329460823942
2778.0100779151917,-73.13436665830179,-73.13436665830179
2778.0200779151915,-73.13544284599614,-73.13544284599614
2778.0300779151917,-73.13652326447365,-73.13652326447365
2778.0400779151914,-73.13760800512337,-73.13760800512337
2778.0500779151917,-73.13869715757394,-73.13869715757394
2778.060077915192,-73.13979080975244,-73.13979080975244
2778.0700779151916,-73.1408890478702,-73.1408890478702
2778.080077915192,-73.14199195646468,-73.14199195646468
2778.0900779151916,-73.14309961841163,-73.14309961841163
2778.100077915192,-73.14421211497333,-73.14421211497333
2778.1100779151916,-73.14532952577248,-73.14532952577248
2778.120077915192,-73.14645192885366,-73.14645192885366
2778.1300779151916,-73.1475794006869,-73.1475794006869
2778.140077915192,-73.14871201618806,-73.14871201618806
2778.1500779151916,-73.14984984875294,-73.14984984875294
2778.160077915192,-73.15099297025891,-73.15099297025891
2778.1700779151915,-73.15214145110153,-73.15214145110153
2778.1800779151918,-73.15329536020191,-73.15329536020191
2778.1900779151915,-73.15445476503609,-73.15445476503609
2778.2000779151917,-73.15561973165104,-73.15561973165104
2778.2100779151915,-73.15679032468215,-73.15679032468215
2778.2200779151917,-73.15796660737193,-73.15796660737193
2778.2300779151915,-73.15914864160219,-73.15914864160219
2778.2400779151917,-73.16033648789252,-73.16033648789252
2778.2500779151915,-73.16153020543459,-73.16153020543459
2778.2600779151917,-73.16272985209922,-73.16272985209922
2778.2700779151915,-73.16393548447323,-73.16393548447323
2778.2800779151917,-73.16514715784447,-73.16514715784447
2778.2900779151914,-73.1663649262626,-73.1663649262626
2778.3000779151917,-73.167588842522,-73.167588842522
2778.310077915192,-73.1688189582001,-73.1688189582001
2778.3200779151916,-73.17005532365717,-73.17005532365717
2778.330077915192,-73.17129798806124,-73.17129798806124
2778.3400779151916,-73.1725469994219,-73.1725469994219
2778.350077915192,-73.1738024045781,-73.1738024045781
2778.3600779151916,-73.17506424923914,-73.17506424923914
2778.370077915192,-73.17633257798396,-73.17633257798396
2778.3800779151916,-73.17760743428015,-73.17760743428015
2778.390077915192,-73.17888886051428,-73.17888886051428
2778.4000779151916,-73.18017689799031,-73.18017689799031
2778.410077915192,-73.18147158694954,-73.18147158694954
2778.4200779151915,-73.18277296660152,-73.18277296660152
2778.4300779151918,-73.18408107510403,-73.18408107510403
2778.4400779151915,-73.18539594962435,-73.18539594962435
2778.4500779151917,-73.18671762631497,-73.18671762631497
2778.4600779151915,-73.1880397597217,-73.1880397597217
2778.4700779151917,-73.18935958998651,-73.18935958998651
2778.4800779151915,-73.19067579005593,-73.19067579005593
2778.4900779151917,-73.19198769555312,-73.19198769555312
2778.5000779151915,-73.19329501094118,-73.19329501094118
2778.5100779151917,-73.19459765689838,-73.19459765689838
2778.5200779151915,-73.19589568091189,-73.19589568091189
2778.5300779151917,-73.1971892035329,-73.1971892035329
2778.5400779151914,-73.1984783860794,-73.1984783860794
2778.5500779151917,-73.19976341124956,-73.19976341124956
2778.560077915192,-73.20104447157584,-73.20104447157584
2778.5700779151916,-73.20232176265345,-73.20232176265345
2778.580077915192,-73.20359547922378,-73.20359547922378
2778.5900779151916,-73.20486581308016,-73.20486581308016
2778.600077915192,-73.20613295198959,-73.20613295198959
2778.6100779151916,-73.20739707927063,-73.20739707927063
2778.620077915192,-73.20865837373562,-73.20865837373562
2778.6300779151916,-73.2099170098322,-73.2099170098322
2778.640077915192,-73.21117315790235,-73.21117315790235
2778.6500779390335,-73.21242698744723,-73.21242698744723
2778.6600779390337,-73.21367865548913,-73.21367865548913
2778.6700779390335,-73.21492832480064,-73.21492832480064
2778.6800779390337,-73.21617615218337,-73.21617615218337
2778.6900779390335,-73.21742229172989,-73.21742229172989
2778.7000779390337,-73.21866689501422,-73.21866689501422
2778.7100779390335,-73.2199101112768,-73.2199101112768
2778.7200779390337,-73.2211520875781,-73.2211520875781
2778.7300779390334,-73.22239296893973,-73.22239296893973
2778.7400779390337,-73.2236328984549,-73.2236328984549
2778.7500779390334,-73.22487201738338,-73.22487201738338
2778.7600779390336,-73.22611046522199,-73.22611046522199
2778.7700779390334,-73.22734837978021,-73.22734837978021
2778.7800779390336,-73.22858589723366,-73.22858589723366
2778.7900779390334,-73.22982315216022,-73.22982315216022
2778.8000779390336,-73.23106027759115,-73.23106027759115
2778.8100779390334,-73.23229740502427,-73.23229740502427
2778.8200779390336,-73.2335346644576,-73.2335346644576
2778.8300779390333,-73.23477218441107,-73.23477218441107
2778.8400779390336,-73.23601009192383,-73.23601009192383
2778.8500779390333,-73.23724851258513,-73.23724851258513
2778.8600779390335,-73.23848757053436,-73.23848757053436
2778.8700779390333,-73.23972738847154,-73.23972738847154
2778.8800779390335,-73.24096808764972,-73.24096808764972
2778.8900779390333,-73.2422097879075,-73.2422097879075
2778.9000779390335,-73.24345260763609,-73.24345260763609
2778.9100779390337,-73.24469666379393,-73.24469666379393
2778.9200779390335,-73.24594207192946,-73.24594207192946
2778.9300779390337,-73.24718894614873,-73.24718894614873
2778.9400779390335,-73.24843739913138,-73.24843739913138
2778.9500779390337,-73.24968754214225,-73.24968754214225
2778.9600779390335,-73.2509330990407,-73.2509330990407
2778.9700779390337,-73.25217138207357,-73.25217138207357
2778.9800779390334,-73.25340113707904,-73.25340113707904
2778.9900779390337,-73.25462177269824,-73.25462177269824
2779.0000779390334,-73.25583306624479,-73.25583306624479
2779.0100779390336,-73.25703501097084,-73.25703501097084
2779.0200779390334,-73.25822772650771,-73.25822772650771
2779.0300779390336,-73.25941140512451,-73.25941140512451
2779.0400779390334,-73.26058627934549,-73.26058627934549
2779.0500779390336,-73.26175260255212,-73.26175260255212
2779.0600779390334,-73.26291063743163,-73.26291063743163
2779.0700779390336,-73.26406064914347,-73.26406064914347
2779.0800779390333,-73.26520290144921,-73.26520290144921
2779.0900779390336,-73.26633765455635,-73.26633765455635
2779.1000779390333,-73.26746516406541,-73.26746516406541
2779.1100779390335,-73.26858568050208,-73.26858568050208
2779.1200779390333,-73.26969944930875,-73.26969944930875
2779.1300779390335,-73.27080671092328,-73.27080671092328
2779.1400779390333,-73.27190770107067,-73.27190770107067
2779.1500779390335,-73.27300265102188,-73.27300265102188
2779.1600779390337,-73.2740917879046,-73.2740917879046
2779.1700779390335,-73.27517533497758,-73.27517533497758
2779.1800779390337,-73.27625351190828,-73.27625351190828
2779.1900779390335,-73.2773265349962,-73.2773265349962
2779.2000779390337,-73.27839461739374,-73.27839461739374
2779.2100779390335,-73.279457969267,-73.279457969267
2779.2200779390337,-73.2805167979575,-73.2805167979575
2779.2300779390334,-73.28157130812785,-73.28157130812785
2779.2400779390337,-73.28262170185737,-73.28262170185737
2779.2500779390334,-73.28366817874752,-73.28366817874752
2779.2600779390336,-73.28471093598726,-73.28471093598726
2779.2700779390334,-73.28575016842858,-73.28575016842858
2779.2800779390336,-73.28678606864258,-73.28678606864258
2779.2900779390334,-73.28781882696495,-73.28781882696495
2779.3000779390336,-73.28884863152382,-73.28884863152382
2779.3100779390334,-73.2898756682839,-73.2898756682839
2779.3200779390336,-73.29090012106118,-73.29090012106118
2779.3300779390333,-73.29192217153994,-73.29192217153994
2779.3400779390336,-73.2929419993242,-73.2929419993242
2779.3500779390333,-73.29395978188771,-73.29395978188771
2779.3600779390335,-73.29497569464895,-73.29497569464895
2779.3700779390333,-73.29598991093934,-73.29598991093934
2779.3800779390335,-73.29700260204481,-73.29700260204481
2779.3900779390333,-73.29801393716981,-73.29801393716981
2779.4000779390335,-73.2990240834858,-73.2990240834858
2779.4100779390337,-73.30003320609879,-73.30003320609879
2779.4200779390335,-73.30104146809009,-73.30104146809009
2779.4300779390337,-73.30204903049741,-73.30204903049741
2779.4400779390335,-73.30305605233276,-73.30305605233276
2779.4500779390337,-73.30406269056758,-73.30406269056758
2779.4600779390335,-73.3050691001579,-73.3050691001579
2779.4700779390337,-73.3060754340403,-73.3060754340403
2779.4800779390334,-73.30708184313532,-73.30708184313532
2779.4900779390337,-73.30808847635743,-73.30808847635743
2779.5000779628754,-73.30909548302394,-73.30909548302394
2779.5100779628756,-73.31010300325062,-73.31010300325062
2779.5200779628753,-73.31111118237027,-73.31111118237027
2779.5300779628756,-73.31212016132353,-73.31212016132353
2779.5400779628753,-73.31313007908555,-73.31313007908555
2779.5500779628755,-73.31414107267268,-73.31414107267268
2779.5600779628753,-73.31515327712602,-73.31515327712602
2779.5700779628755,-73.31616682555155,-73.31616682555155
2779.5800779628753,-73.31718184911922,-73.31718184911922
2779.5900779628755,-73.31819847705398,-73.31819847705398
2779.6000779628753,-73.31921683668428,-73.31921683668428
2779.6100779628755,-73.32023705340322,-73.32023705340322
2779.6200779628753,-73.32125925073926,-73.32125925073926
2779.6300779628755,-73.32228355030816,-73.32228355030816
2779.6400779628752,-73.32331007187845,-73.32331007187845
2779.6500779628755,-73.32433893332981,-73.32433893332981
2779.660077962875,-73.32537025071686,-73.32537025071686
2779.6700779628754,-73.32640413825077,-73.32640413825077
2779.680077962875,-73.32744070832092,-73.32744070832092
2779.6900779628754,-73.32848007151391,-73.32848007151391
2779.700077962875,-73.32952233660684,-73.32952233660684
2779.7100779628754,-73.33056761061532,-73.33056761061532
2779.720077962875,-73.33161599878417,-73.33161599878417
2779.7300779628754,-73.33266760459982,-73.33266760459982
2779.740077962875,-73.33372252982292,-73.33372252982292
2779.7500779628754,-73.3347808744845,-73.3347808744845
2779.7600779628756,-73.3358427369092,-73.3358427369092
2779.7700779628753,-73.33690821374809,-73.33690821374809
2779.7800779628756,-73.33797739994831,-73.33797739994831
2779.7900779628753,-73.33905038882965,-73.33905038882965
2779.8000779628755,-73.34012727204131,-73.34012727204131
2779.8100779628753,-73.341208139632,-73.341208139632
2779.8200779628755,-73.3422930800105,-73.3422930800105
2779.8300779628753,-73.34338218000715,-73.34338218000715
2779.8400779628755,-73.34447552487919,-73.34447552487919
2779.8500779628753,-73.34557319830688,-73.34557319830688
2779.8600779628755,-73.3466752824245,-73.3466752824245
2779.8700779628753,-73.34778185784664,-73.34778185784664
2779.8800779628755,-73.34889300366333,-73.34889300366333
2779.8900779628752,-73.35000879748202,-73.35000879748202
2779.9000779628755,-73.35112931541504,-73.35112931541504
2779.910077962875,-73.35225463211955,-73.35225463211955
2779.9200779628754,-73.35338482079625,-73.35338482079625
2779.930077962875,-73.3545199532166,-73.3545199532166
2779.9400779628754,-73.35566009974254,-73.35566009974254
2779.950077962875,-73.3568053293378,-73.3568053293378
2779.9600779628754,-73.35795570956903,-73.35795570956903
2779.970077962875,-73.35911130665626,-73.35911130665626
2779.9800779628754,-73.36027218545041,-73.36027218545041
2779.990077962875,-73.36143840948466,-73.36143840948466
2780.0000779628754,-73.36261004096767,-73.36261004096767
2780.0100779628756,-73.36378714080679,-73.36378714080679
2780.0200779628753,-73.3649697686151,-73.3649697686151
2780.0300779628756,-73.3661579827538,-73.3661579827538
2780.0400779628753,-73.36735184031961,-73.36735184031961
2780.0500779628755,-73.36855139716425,-73.36855139716425
2780.0600779628753,-73.36975670792738,-73.36975670792738
2780.0700779628755,-73.3709678260429,-73.3709678260429
2780.0800779628753,-73.37218480374487,-73.37218480374487
2780.0900779628755,-73.37340769208397,-73.37340769208397
2780.1000779628753,-73.37463654097009,-73.37463654097009
2780.1100779628755,-73.37587139915257,-73.37587139915257
2780.1200779628753,-73.37711231424915,-73.37711231424915
2780.1300779628755,-73.37835933276997,-73.37835933276997
2780.1400779628752,-73.37961250011979,-73.37961250011979
2780.1500779628755,-73.38087186060667,-73.38087186060667
2780.160077962875,-73.38213745748705,-73.38213745748705
2780.1700779628754,-73.38340933294339,-73.38340933294339
2780.180077962875,-73.38468752811463,-73.38468752811463
2780.1900779628754,-73.38597208310995,-73.38597208310995
2780.200077962875,-73.38726303703653,-73.38726303703653
2780.2100779628754,-73.38856042798554,-73.38856042798554
2780.220077962875,-73.38986429306219,-73.38986429306219
2780.2300779628754,-73.39117466840625,-73.39117466840625
2780.240077962875,-73.39249158918496,-73.39249158918496
2780.2500779628754,-73.39381508962926,-73.39381508962926
2780.2600779628756,-73.39514520302502,-73.39514520302502
2780.2700779628753,-73.39648196174831,-73.39648196174831
2780.2800779628756,-73.39782539725853,-73.39782539725853
2780.2900779628753,-73.39917554011616,-73.39917554011616
2780.3000779628755,-73.4005324200186,-73.4005324200186
2780.3100779628753,-73.40189606576797,-73.40189606576797
2780.3200779628755,-73.40326650531979,-73.40326650531979
2780.3300779628753,-73.4046437657949,-73.4046437657949
2780.3400779628755,-73.40602787346722,-73.40602787346722
2780.350077986717,-73.40741885711132,-73.40741885711132
2780.3600779867174,-73.40881673476933,-73.40881673476933
2780.370077986717,-73.41022153357486,-73.41022153357486
2780.3800779867174,-73.4116332765934,-73.4116332765934
2780.390077986717,-73.41305198611967,-73.41305198611967
2780.4000779867174,-73.41447768367595,-73.41447768367595
2780.410077986717,-73.41591039004231,-73.41591039004231
2780.4200779867174,-73.41735012524475,-73.41735012524475
2780.430077986717,-73.41879690859709,-73.41879690859709
2780.4400779867174,-73.42025075868195,-73.42025075868195
2780.450077986717,-73.42171169337358,-73.42171169337358
2780.4600779867174,-73.42317972985211,-73.42317972985211
2780.470077986717,-73.42465488460962,-73.42465488460962
2780.4800779867173,-73.42613717346558,-73.42613717346558
2780.490077986717,-73.42762661155595,-73.42762661155595
2780.5000779867173,-73.42912321336912,-73.42912321336912
2780.510077986717,-73.43062699276858,-73.43062699276858
2780.5200779867173,-73.43213796295058,-73.43213796295058
2780.530077986717,-73.43365613649465,-73.43365613649465
2780.5400779867173,-73.43518152536252,-73.43518152536252
2780.550077986717,-73.43671414090481,-73.43671414090481
2780.5600779867173,-73.43825399387467,-73.43825399387467
2780.570077986717,-73.4398010944346,-73.4398010944346
2780.5800779867172,-73.44135545217671,-73.44135545217671
2780.590077986717,-73.44291707610729,-73.44291707610729
2780.600077986717,-73.44448597466793,-73.44448597466793
2780.6100779867174,-73.44606215576235,-73.44606215576235
2780.620077986717,-73.44764562673349,-73.44764562673349
2780.6300779867174,-73.44923639438808,-73.44923639438808
2780.640077986717,-73.45083446501303,-73.45083446501303
2780.6500779867174,-73.45243984436573,-73.45243984436573
2780.660077986717,-73.45405253769987,-73.45405253769987
2780.6700779867174,-73.45567254975509,-73.45567254975509
2780.680077986717,-73.45729988477993,-73.45729988477993
2780.6900779867174,-73.45893454653337,-73.45893454653337
2780.700077986717,-73.46057653829284,-73.46057653829284
2780.7100779867174,-73.46221945669996,-73.46221945669996
2780.720077986717,-73.46386049829465,-73.46386049829465
2780.7300779867173,-73.46549829843129,-73.46549829843129
2780.740077986717,-73.46713215822858,-73.46713215822858
2780.7500779867173,-73.46876174959866,-73.46876174959866
2780.760077986717,-73.47038696202308,-73.47038696202308
2780.7700779867173,-73.47200781277846,-73.47200781277846
2780.780077986717,-73.47362439299913,-73.47362439299913
2780.7900779867173,-73.47523683521455,-73.47523683521455
2780.800077986717,-73.47684529390091,-73.47684529390091
2780.8100779867173,-73.47844993388517,-73.47844993388517
2780.820077986717,-73.48005092351634,-73.48005092351634
2780.8300779867172,-73.48164843075948,-73.48164843075948
2780.840077986717,-73.48324262106047,-73.48324262106047
2780.850077986717,-73.4848336562613,-73.4848336562613
2780.8600779867174,-73.48642169417397,-73.48642169417397
2780.870077986717,-73.48800688852012,-73.48800688852012
2780.8800779867174,-73.48958938906384,-73.48958938906384
2780.890077986717,-73.49116934186806,-73.49116934186806
2780.9000779867174,-73.49274688955256,-73.49274688955256
2780.910077986717,-73.49432217163077,-73.49432217163077
2780.9200779867174,-73.49589532477695,-73.49589532477695
2780.930077986717,-73.49746648307371,-73.49746648307371
2780.9400779867174,-73.49903577826262,-73.49903577826262
2780.950077986717,-73.50060333995881,-73.50060333995881
2780.9600779867174,-73.50216929579582,-73.50216929579582
2780.970077986717,-73.50373377161361,-73.50373377161361
2780.9800779867173,-73.5052968915583,-73.5052968915583
2780.990077986717,-73.50685877821662,-73.50685877821662
2781.0000779867173,-73.50841955267524,-73.50841955267524
2781.010077986717,-73.5099793346244,-73.5099793346244
2781.0200779867173,-73.51153824239734,-73.51153824239734
2781.030077986717,-73.51309639304178,-73.51309639304178
2781.0400779867173,-73.51465390233301,-73.51465390233301
2781.050077986717,-73.51621088483516,-73.51621088483516
2781.0600779867173,-73.51776745389729,-73.51776745389729
2781.070077986717,-73.51932372169352,-73.51932372169352
2781.0800779867172,-73.52087979922744,-73.52087979922744
2781.090077986717,-73.52243579634711,-73.52243579634711
2781.100077986717,-73.52399182174534,-73.52399182174534
2781.1100779867174,-73.5255479829697,-73.5255479829697
2781.120077986717,-73.52710438642917,-73.52710438642917
2781.1300779867174,-73.52866113739134,-73.52866113739134
2781.140077986717,-73.53021833997346,-73.53021833997346
2781.1500779867174,-73.53177609714717,-73.53177609714717
2781.160077986717,-73.53333451073989,-73.53333451073989
2781.1700779867174,-73.53489368141963,-73.53489368141963
2781.180077986717,-73.53645370872235,-73.53645370872235
2781.1900779867174,-73.53801469099832,-73.53801469099832
2781.200078010559,-73.53957672917227,-73.53957672917227
2781.2100780105593,-73.54113349883455,-73.54113349883455
2781.220078010559,-73.54268228984022,-73.54268228984022
2781.2300780105593,-73.54422182795338,-73.54422182795338
2781.240078010559,-73.54575150470296,-73.54575150470296
2781.2500780105593,-73.54727108207138,-73.54727108207138
2781.260078010559,-73.5487805391445,-73.5487805391445
2781.2700780105592,-73.55027998219884,-73.55027998219884
2781.280078010559,-73.55176959073344,-73.55176959073344
2781.2900780105592,-73.55324958494893,-73.55324958494893
2781.300078010559,-73.55472020628713,-73.55472020628713
2781.310078010559,-73.55618170580938,-73.55618170580938
2781.320078010559,-73.55763433734211,-73.55763433734211
2781.330078010559,-73.55907835357777,-73.55907835357777
2781.340078010559,-73.56051400390031,-73.56051400390031
2781.350078010559,-73.56194153333229,-73.56194153333229
2781.360078010559,-73.56336118208597,-73.56336118208597
2781.370078010559,-73.56477318547233,-73.56477318547233
2781.380078010559,-73.56617777405003,-73.56617777405003
2781.390078010559,-73.56757517388041,-73.56757517388041
2781.400078010559,-73.56896560679355,-73.56896560679355
2781.410078010559,-73.57034929068408,-73.57034929068408
2781.420078010559,-73.57172643978885,-73.57172643978885
2781.430078010559,-73.57309726496189,-73.57309726496189
2781.440078010559,-73.57446197391162,-73.57446197391162
2781.450078010559,-73.57582077136375,-73.57582077136375
2781.4600780105593,-73.57717385927523,-73.57717385927523
2781.470078010559,-73.5785214369928,-73.5785214369928
2781.4800780105593,-73.5798637013485,-73.5798637013485
2781.490078010559,-73.58120084678868,-73.58120084678868
2781.5000780105593,-73.58253306546632,-73.58253306546632
2781.510078010559,-73.58386054730872,-73.58386054730872
2781.5200780105592,-73.58518348008025,-73.58518348008025
2781.530078010559,-73.58650204945779,-73.58650204945779
2781.5400780105592,-73.5878164390366,-73.5878164390366
2781.550078010559,-73.58912683038332,-73.58912683038332
2781.560078010559,-73.59043340307034,-73.59043340307034
2781.570078010559,-73.59173633468382,-73.59173633468382
2781.580078010559,-73.59303580085628,-73.59303580085628
2781.590078010559,-73.59433197525922,-73.59433197525922
2781.600078010559,-73.5956250296432,-73.5956250296432
2781.610078010559,-73.59691513382195,-73.59691513382195
2781.620078010559,-73.59820245569522,-73.59820245569522
2781.630078010559,-73.59948716124586,-73.59948716124586
2781.640078010559,-73.60076941453757,-73.60076941453757
2781.650078010559,-73.60204937774458,-73.60204937774458
2781.660078010559,-73.6033272111157,-73.6033272111157
2781.670078010559,-73.60460307301526,-73.60460307301526
2781.680078010559,-73.60587711990071,-73.60587711990071
2781.690078010559,-73.6071495063291,-73.6071495063291
2781.700078010559,-73.60842038496948,-73.60842038496948
2781.7100780105593,-73.60968348835137,-73.60968348835137
2781.720078010559,-73.610936154837,-73.610936154837
2781.7300780105593,-73.61217716306035,-73.61217716306035
2781.740078010559,-73.61340595730991,-73.61340595730991
2781.7500780105593,-73.61462235194642,-73.61462235194642
2781.760078010559,-73.61582637794471,-73.61582637794471
2781.7700780105592,-73.61701819287228,-73.61701819287228
2781.780078010559,-73.61819802688404,-73.61819802688404
2781.7900780105592,-73.6193661501963,-73.6193661501963
2781.800078010559,-73.6205228535899,-73.6205228535899
2781.810078010559,-73.62166843677518,-73.62166843677518
2781.820078010559,-73.62280320157363,-73.62280320157363
2781.830078010559,-73.6239274479922,-73.6239274479922
2781.840078010559,-73.62504147207042,-73.62504147207042
2781.850078010559,-73.62614556483261,-73.62614556483261
2781.860078010559,-73.62724001181478,-73.62724001181478
2781.870078010559,-73.6283250930256,-73.6283250930256
2781.880078010559,-73.6294010830722,-73.6294010830722
2781.890078010559,-73.63046825142906,-73.63046825142906
2781.900078010559,-73.63152686272875,-73.63152686272875
2781.910078010559,-73.63257717703038,-73.63257717703038
2781.920078010559,-73.63361945015463,-73.63361945015463
2781.930078010559,-73.63465393391125,-73.63465393391125
2781.940078010559,-73.63568087635637,-73.63568087635637
2781.950078010559,-73.63670052200706,-73.63670052200706
2781.9600780105593,-73.63770669208034,-73.63770669208034
2781.970078010559,-73.63869681381387,-73.63869681381387
2781.9800780105593,-73.63966975410102,-73.63966975410102
2781.990078010559,-73.64062504469824,-73.64062504469824
2782.0000780105593,-73.64156258661983,-73.64156258661983
2782.010078010559,-73.64248249666133,-73.64248249666133
2782.0200780105592,-73.64338501744643,-73.64338501744643
2782.030078010559,-73.64427046343091,-73.64427046343091
2782.0400780105592,-73.64513918839549,-73.64513918839549
2782.050078034401,-73.64599156802387,-73.64599156802387
2782.060078034401,-73.64682798011094,-73.64682798011094
2782.070078034401,-73.64764881011699,-73.64764881011699
2782.080078034401,-73.6484544389292,-73.6484544389292
2782.090078034401,-73.64924524284712,-73.64924524284712
2782.100078034401,-73.65002159251208,-73.65002159251208
2782.110078034401,-73.6507838524788,-73.6507838524788
2782.120078034401,-73.65153238115198,-73.65153238115198
2782.130078034401,-73.6522675309366,-73.6522675309366
2782.140078034401,-73.65298964846554,-73.65298964846554
2782.150078034401,-73.65369907492749,-73.65369907492749
2782.160078034401,-73.65439614631427,-73.65439614631427
2782.170078034401,-73.65508119376278,-73.65508119376278
2782.180078034401,-73.65575454378111,-73.65575454378111
2782.190078034401,-73.65641651848752,-73.65641651848752
2782.200078034401,-73.65706743583013,-73.65706743583013
2782.210078034401,-73.65770760976984,-73.65770760976984
2782.220078034401,-73.65833735040349,-73.65833735040349
2782.230078034401,-73.65895696413247,-73.65895696413247
2782.240078034401,-73.65956675374758,-73.65956675374758
2782.2500780344008,-73.66016701854484,-73.66016701854484
2782.260078034401,-73.66075805437706,-73.66075805437706
2782.2700780344007,-73.6613401537452,-73.6613401537452
2782.280078034401,-73.66191360584212,-73.66191360584212
2782.2900780344007,-73.6624786965888,-73.6624786965888
2782.300078034401,-73.66303570869466,-73.66303570869466
2782.310078034401,-73.66358492165531,-73.66358492165531
2782.320078034401,-73.66412661181828,-73.66412661181828
2782.330078034401,-73.66466105237755,-73.66466105237755
2782.340078034401,-73.66518851341193,-73.66518851341193
2782.350078034401,-73.66570926185969,-73.66570926185969
2782.360078034401,-73.66622356159893,-73.66622356159893
2782.370078034401,-73.66673167339405,-73.66673167339405
2782.380078034401,-73.66723385495352,-73.66723385495352
2782.390078034401,-73.66773036092044,-73.66773036092044
2782.400078034401,-73.66822144286893,-73.66822144286893
2782.410078034401,-73.66870734934484,-73.66870734934484
2782.420078034401,-73.66918832585044,-73.66918832585044
2782.430078034401,-73.66966461485642,-73.66966461485642
2782.440078034401,-73.67013645582482,-73.67013645582482
2782.450078034401,-73.6706040851976,-73.6706040851976
2782.460078034401,-73.6710677364376,-73.6710677364376
2782.470078034401,-73.67152763999191,-73.67152763999191
2782.480078034401,-73.67198402334643,-73.67198402334643
2782.490078034401,-73.67243711101987,-73.67243711101987
2782.5000780344008,-73.67288712459242,-73.67288712459242
2782.510078034401,-73.67333428266947,-73.67333428266947
2782.5200780344007,-73.6737788009547,-73.6737788009547
2782.530078034401,-73.67422089222724,-73.67422089222724
2782.5400780344007,-73.67466076636816,-73.67466076636816
2782.550078034401,-73.67509863037316,-73.67509863037316
2782.560078034401,-73.67553468837129,-73.67553468837129
2782.570078034401,-73.67596914163813,-73.67596914163813
2782.580078034401,-73.67640218860709,-73.67640218860709
2782.590078034401,-73.67683402489858,-73.67683402489858
2782.600078034401,-73.67726484333828,-73.67726484333828
2782.610078034401,-73.677694833962,-73.677694833962
2782.620078034401,-73.67812418404323,-73.67812418404323
2782.630078034401,-73.67855307811743,-73.67855307811743
2782.640078034401,-73.67898169798836,-73.67898169798836
2782.650078034401,-73.67941022275814,-73.67941022275814
2782.660078034401,-73.67983882884579,-73.67983882884579
2782.670078034401,-73.6802676900224,-73.6802676900224
2782.680078034401,-73.68069697739493,-73.68069697739493
2782.690078034401,-73.6811268594775,-73.6811268594775
2782.700078034401,-73.68155750216178,-73.68155750216178
2782.710078034401,-73.68198906879195,-73.68198906879195
2782.720078034401,-73.68242172014558,-73.68242172014558
2782.730078034401,-73.68285561447044,-73.68285561447044
2782.740078034401,-73.68329090750986,-73.68329090750986
2782.7500780344008,-73.68372775254325,-73.68372775254325
2782.760078034401,-73.68416630036765,-73.68416630036765
2782.7700780344007,-73.68460669936245,-73.68460669936245
2782.780078034401,-73.68504909548017,-73.68504909548017
2782.7900780344007,-73.68549363231118,-73.68549363231118
2782.800078034401,-73.68594045106126,-73.68594045106126
2782.810078034401,-73.68638969060477,-73.68638969060477
2782.820078034401,-73.68684148751049,-73.68684148751049
2782.830078034401,-73.68729597603551,-73.68729597603551
2782.840078034401,-73.68775328820597,-73.68775328820597
2782.850078034401,-73.68821355376993,-73.68821355376993
2782.860078034401,-73.68867690027864,-73.68867690027864
2782.870078034401,-73.68914345309317,-73.68914345309317
2782.880078034401,-73.68961333539937,-73.68961333539937
2782.890078034401,-73.69008666824246,-73.69008666824246
2782.900078058243,-73.69056357167368,-73.69056357167368
2782.910078058243,-73.69104416028209,-73.69104416028209
2782.920078058243,-73.69152854993584,-73.69152854993584
2782.930078058243,-73.69201685334704,-73.69201685334704
2782.9400780582428,-73.6925091812157,-73.6925091812157
2782.950078058243,-73.69300564222989,-73.69300564222989
2782.9600780582427,-73.6934999198182,-73.6934999198182
2782.970078058243,-73.69398930785584,-73.69398930785584
2782.9800780582427,-73.69447254218117,-73.69447254218117
2782.990078058243,-73.69494902501788,-73.69494902501788
2783.0000780582427,-73.69541852906241,-73.69541852906241
2783.010078058243,-73.69588104377252,-73.69588104377252
2783.0200780582427,-73.69633668528961,-73.69633668528961
2783.030078058243,-73.69678564231806,-73.69678564231806
2783.0400780582427,-73.69722814359008,-73.69722814359008
2783.050078058243,-73.69766443833463,-73.69766443833463
2783.0600780582427,-73.69809478467526,-73.69809478467526
2783.070078058243,-73.69851944278456,-73.69851944278456
2783.0800780582426,-73.69893867099087,-73.69893867099087
2783.090078058243,-73.69935272366142,-73.69935272366142
2783.1000780582426,-73.69976185012924,-73.69976185012924
2783.110078058243,-73.70016629429537,-73.70016629429537
2783.1200780582426,-73.7005662945775,-73.7005662945775
2783.130078058243,-73.70096208407979,-73.70096208407979
2783.1400780582426,-73.70135389084871,-73.70135389084871
2783.150078058243,-73.70174193819676,-73.70174193819676
2783.160078058243,-73.70212644501748,-73.70212644501748
2783.170078058243,-73.70250762608156,-73.70250762608156
2783.180078058243,-73.70288569231698,-73.70288569231698
2783.1900780582428,-73.70326085109487,-73.70326085109487
2783.200078058243,-73.70363330641175,-73.70363330641175
2783.2100780582427,-73.70400325911118,-73.70400325911118
2783.220078058243,-73.70437090704193,-73.70437090704193
2783.2300780582427,-73.704736445218,-73.704736445218
2783.240078058243,-73.70510006592107,-73.70510006592107
2783.2500780582427,-73.70546195883671,-73.70546195883671
2783.260078058243,-73.7058223111275,-73.7058223111275
2783.2700780582427,-73.70618130750992,-73.70618130750992
2783.280078058243,-73.70653913032093,-73.70653913032093
2783.2900780582427,-73.70689595959082,-73.70689595959082
2783.300078058243,-73.70725197305539,-73.70725197305539
2783.3100780582427,-73.70760734623421,-73.70760734623421
2783.320078058243,-73.70796225243494,-73.70796225243494
2783.3300780582426,-73.70831686279703,-73.70831686279703
2783.340078058243,-73.70867134631335,-73.70867134631335
2783.3500780582426,-73.70902586985588,-73.70902586985588
2783.360078058243,-73.70938059817534,-73.70938059817534
2783.3700780582426,-73.70973569394934,-73.70973569394934
2783.380078058243,-73.71009131775891,-73.71009131775891
2783.3900780582426,-73.71044762814557,-73.71044762814557
2783.400078058243,-73.71080478157982,-73.71080478157982
2783.410078058243,-73.71116293248286,-73.71116293248286
2783.420078058243,-73.71152223325575,-73.71152223325575
2783.430078058243,-73.71188283427004,-73.71188283427004
2783.4400780582428,-73.71224488388975,-73.71224488388975
2783.450078058243,-73.71260852847237,-73.71260852847237
2783.4600780582427,-73.71297391236989,-73.71297391236989
2783.470078058243,-73.71334117793954,-73.71334117793954
2783.4800780582427,-73.71371046557312,-73.71371046557312
2783.490078058243,-73.71408191369297,-73.71408191369297
2783.5000780582427,-73.71445565874735,-73.71445565874735
2783.510078058243,-73.71483183523195,-73.71483183523195
2783.5200780582427,-73.7152105757112,-73.7152105757112
2783.530078058243,-73.71559201080119,-73.71559201080119
2783.5400780582427,-73.7159762692031,-73.7159762692031
2783.550078058243,-73.716363477698,-73.716363477698
2783.5600780582427,-73.71675376117247,-73.71675376117247
2783.570078058243,-73.71714724261106,-73.71714724261106
2783.5800780582426,-73.71754404312856,-73.71754404312856
2783.590078058243,-73.71794428195355,-73.71794428195355
2783.6000780582426,-73.71834807648798,-73.71834807648798
2783.610078058243,-73.71875554224884,-73.71875554224884
2783.6200780582426,-73.71916679295713,-73.71916679295713
2783.630078058243,-73.71958194048345,-73.71958194048345
2783.6400780582426,-73.72000109491492,-73.72000109491492
2783.650078058243,-73.72042436453356,-73.72042436453356
2783.660078058243,-73.72085185584949,-73.72085185584949
2783.670078058243,-73.7212836735994,-73.7212836735994
2783.680078058243,-73.72171992076798,-73.72171992076798
2783.6900780582428,-73.72216069860957,-73.72216069860957
2783.700078058243,-73.72260610664827,-73.72260610664827
2783.7100780582427,-73.72305624271016,-73.72305624271016
2783.720078058243,-73.72351120291007,-73.72351120291007
2783.7300780582427,-73.72397108169545,-73.72397108169545
2783.740078058243,-73.72443597184964,-73.72443597184964
2783.7500780820847,-73.72490596562923,-73.72490596562923
2783.760078082085,-73.72538115031513,-73.72538115031513
2783.7700780820846,-73.7258616148869,-73.7258616148869
2783.780078082085,-73.72634744562981,-73.72634744562981
2783.7900780820846,-73.7268387272416,-73.7268387272416
2783.800078082085,-73.72733554284592,-73.72733554284592
2783.8100780820846,-73.72783797401522,-73.72783797401522
2783.820078082085,-73.7283461007893,-73.7283461007893
2783.8300780820846,-73.7288600016789,-73.7288600016789
2783.840078082085,-73.72937975368082,-73.72937975368082
2783.8500780820846,-73.72990543231273,-73.72990543231273
2783.860078082085,-73.73043711162367,-73.73043711162367
2783.8700780820845,-73.73097486418713,-73.73097486418713
2783.8800780820848,-73.73151876115125,-73.73151876115125
2783.8900780820845,-73.73206887222061,-73.73206887222061
2783.9000780820847,-73.73262526570926,-73.73262526570926
2783.9100780820845,-73.73318800852192,-73.73318800852192
2783.9200780820847,-73.73375716618867,-73.73375716618867
2783.9300780820845,-73.73433280288798,-73.73433280288798
2783.9400780820847,-73.73491498144168,-73.73491498144168
2783.9500780820845,-73.73550376334337,-73.73550376334337
2783.9600780820847,-73.73609920876973,-73.73609920876973
2783.9700780820845,-73.73670137661513,-73.73670137661513
2783.9800780820847,-73.73731032446459,-73.73731032446459
2783.9900780820844,-73.73792610866433,-73.73792610866433
2784.0000780820847,-73.73854878427767,-73.73854878427767
2784.010078082085,-73.73917840515918,-73.73917840515918
2784.0200780820846,-73.73981502392704,-73.73981502392704
2784.030078082085,-73.74045869199333,-73.74045869199333
2784.0400780820846,-73.74110945960373,-73.74110945960373
2784.050078082085,-73.74176737579533,-73.74176737579533
2784.0600780820846,-73.74243248846788,-73.74243248846788
2784.070078082085,-73.743104844364,-73.743104844364
2784.0800780820846,-73.74378448909847,-73.74378448909847
2784.090078082085,-73.74447146717381,-73.74447146717381
2784.1000780820846,-73.74516582199453,-73.74516582199453
2784.110078082085,-73.74586759586713,-73.74586759586713
2784.1200780820845,-73.74657683003772,-73.74657683003772
2784.1300780820848,-73.74729356468198,-73.74729356468198
2784.1400780820845,-73.7480178389427,-73.7480178389427
2784.1500780820847,-73.74874969092825,-73.74874969092825
2784.1600780820845,-73.7494891577319,-73.7494891577319
2784.1700780820847,-73.7502362754425,-73.7502362754425
2784.1800780820845,-73.75099107916968,-73.75099107916968
2784.1900780820847,-73.75175360303021,-73.75175360303021
2784.2000780820845,-73.75252388019456,-73.75252388019456
2784.2100780820847,-73.75330194288239,-73.75330194288239
2784.2200780820845,-73.75408782237261,-73.75408782237261
2784.2300780820847,-73.75488154901326,-73.75488154901326
2784.2400780820844,-73.75568315227083,-73.75568315227083
2784.2500780820847,-73.75649266069041,-73.75649266069041
2784.260078082085,-73.75731010193473,-73.75731010193473
2784.2700780820846,-73.75813550281944,-73.75813550281944
2784.280078082085,-73.75896888926376,-73.75896888926376
2784.2900780820846,-73.75981028637044,-73.75981028637044
2784.300078082085,-73.76065971838382,-73.76065971838382
2784.3100780820846,-73.76151720874431,-73.76151720874431
2784.320078082085,-73.76238278007293,-73.76238278007293
2784.3300780820846,-73.7632564541892,-73.7632564541892
2784.340078082085,-73.76413825212866,-73.76413825212866
2784.3500780820846,-73.76502819415171,-73.76502819415171
2784.360078082085,-73.76592629975055,-73.76592629975055
2784.3700780820845,-73.76683258765475,-73.76683258765475
2784.3800780820848,-73.76774707587455,-73.76774707587455
2784.3900780820845,-73.76866978165646,-73.76866978165646
2784.4000780820847,-73.76960072155038,-73.76960072155038
2784.4100780820845,-73.7705399113888,-73.7705399113888
2784.4200780820847,-73.77148736629982,-73.77148736629982
2784.4300780820845,-73.77244310072525,-73.77244310072525
2784.4400780820847,-73.77340712842567,-73.77340712842567
2784.4500780820845,-73.77437946249799,-73.77437946249799
2784.4600780820847,-73.77535368316323,-73.77535368316323
2784.4700780820845,-73.77632698653521,-73.77632698653521
2784.4800780820847,-73.77729801366536,-73.77729801366536
2784.4900780820844,-73.77826607410627,-73.77826607410627
2784.5000780820847,-73.77923084957567,-73.77923084957567
2784.510078082085,-73.78019224011625,-73.78019224011625
2784.5200780820846,-73.78115027383629,-73.78115027383629
2784.530078082085,-73.78210505275672,-73.78210505275672
2784.5400780820846,-73.78305672020521,-73.78305672020521
2784.550078082085,-73.78400544125503,-73.78400544125503
2784.5600780820846,-73.78495139107231,-73.78495139107231
2784.570078082085,-73.78589474808646,-73.78589474808646
2784.5800780820846,-73.78683569005217,-73.78683569005217
2784.590078082085,-73.78777439192466,-73.78777439192466
2784.6000781059265,-73.78871102700599,-73.78871102700599
2784.6100781059267,-73.78964575761104,-73.78964575761104
2784.6200781059265,-73.79057874835806,-73.79057874835806
2784.6300781059267,-73.79151015745572,-73.79151015745572
2784.6400781059265,-73.7924401391447,-73.7924401391447
2784.6500781059267,-73.7933688439944,-73.7933688439944
2784.6600781059265,-73.7942964192292,-73.7942964192292
2784.6700781059267,-73.79522300900983,-73.79522300900983
2784.6800781059264,-73.79614875470412,-73.79614875470412
2784.6900781059267,-73.79707379512537,-73.79707379512537
2784.7000781059264,-73.79799826675972,-73.79799826675972
2784.7100781059266,-73.79892230392244,-73.79892230392244
2784.7200781059264,-73.79984603894246,-73.79984603894246
2784.7300781059266,-73.80076960226661,-73.80076960226661
2784.7400781059264,-73.80169312261779,-73.80169312261779
2784.7500781059266,-73.80261672704476,-73.80261672704476
2784.7600781059264,-73.8035405410298,-73.8035405410298
2784.7700781059266,-73.80446468852702,-73.80446468852702
2784.7800781059263,-73.80538929205669,-73.80538929205669
2784.7900781059266,-73.80631447271611,-73.80631447271611
2784.8000781059263,-73.8072403502235,-73.8072403502235
2784.8100781059266,-73.80816704293642,-73.80816704293642
2784.8200781059263,-73.8090946679059,-73.8090946679059
2784.8300781059265,-73.81002334085906,-73.81002334085906
2784.8400781059263,-73.81095317622365,-73.81095317622365
2784.8500781059265,-73.81188428715478,-73.81188428715478
2784.8600781059267,-73.81281678551493,-73.81281678551493
2784.8700781059265,-73.8137507819025,-73.8137507819025
2784.8800781059267,-73.81468638563727,-73.81468638563727
2784.8900781059265,-73.81562370476934,-73.81562370476934
2784.9000781059267,-73.81656284608133,-73.81656284608133
2784.9100781059265,-73.817503915098,-73.817503915098
2784.9200781059267,-73.8184470160534,-73.8184470160534
2784.9300781059264,-73.819392251938,-73.819392251938
2784.9400781059267,-73.82033972444033,-73.82033972444033
2784.9500781059264,-73.8212895340056,-73.8212895340056
2784.9600781059266,-73.82224177978435,-73.82224177978435
2784.9700781059264,-73.82319655966343,-73.82319655966343
2784.9800781059266,-73.82415397023364,-73.82415397023364
2784.9900781059264,-73.82511410684812,-73.82511410684812
2785.0000781059266,-73.82607706353333,-73.82607706353333
2785.0100781059264,-73.82704293306537,-73.82704293306537
2785.0200781059266,-73.82801180694337,-73.82801180694337
2785.0300781059263,-73.82898377537533,-73.82898377537533
2785.0400781059266,-73.82995892730155,-73.82995892730155
2785.0500781059263,-73.83093735038574,-73.83093735038574
2785.0600781059266,-73.83191913101408,-73.83191913101408
2785.0700781059263,-73.83290435430195,-73.83290435430195
2785.0800781059265,-73.83389310409848,-73.83389310409848
2785.0900781059263,-73.83488546298709,-73.83488546298709
2785.1000781059265,-73.83588151228155,-73.83588151228155
2785.1100781059267,-73.8368813320448,-73.8368813320448
2785.1200781059265,-73.83788500107718,-73.83788500107718
2785.1300781059267,-73.83889259693697,-73.83889259693697
2785.1400781059265,-73.83990419592891,-73.83990419592891
2785.1500781059267,-73.84091987312524,-73.84091987312524
2785.1600781059265,-73.84193970236342,-73.84193970236342
2785.1700781059267,-73.84296375624336,-73.84296375624336
2785.1800781059264,-73.8439921061556,-73.8439921061556
2785.1900781059267,-73.84502482226857,-73.84502482226857
2785.2000781059264,-73.84606197354853,-73.84606197354853
2785.2100781059266,-73.84710362775094,-73.84710362775094
2785.2200781059264,-73.84814985144817,-73.84814985144817
2785.2300781059266,-73.84920071001766,-73.84920071001766
2785.2400781059264,-73.85025626767413,-73.85025626767413
2785.2500781059266,-73.8513165874434,-73.8513165874434
2785.2600781059264,-73.85238173120861,-73.85238173120861
2785.2700781059266,-73.85345175969485,-73.85345175969485
2785.2800781059263,-73.85452673248092,-73.85452673248092
2785.2900781059266,-73.85560670802003,-73.85560670802003
2785.3000781059263,-73.85669174362579,-73.85669174362579
2785.3100781059266,-73.85778189551534,-73.85778189551534
2785.3200781059263,-73.85887721879259,-73.85887721879259
2785.3300781059265,-73.85997776746336,-73.85997776746336
2785.3400781059263,-73.86108359444358,-73.86108359444358
2785.3500781059265,-73.8621947515799,-73.8621947515799
2785.3600781059267,-73.86331128966293,-73.86331128966293
2785.3700781059265,-73.86443325840735,-73.86443325840735
2785.3800781059267,-73.8655607064941,-73.8655607064941
2785.3900781059265,-73.86669368156865,-73.86669368156865
2785.4000781059267,-73.867832230243,-73.867832230243
2785.4100781059265,-73.86897639813343,-73.86897639813343
2785.4200781059267,-73.87012622983644,-73.87012622983644
2785.4300781059264,-73.8712817689559,-73.8712817689559
2785.4400781059267,-73.87244305812543,-73.87244305812543
2785.4500781297684,-73.87361014177071,-73.87361014177071
2785.4600781297686,-73.87478305504702,-73.87478305504702
2785.4700781297684,-73.87596184045155,-73.87596184045155
2785.4800781297686,-73.87714653678492,-73.87714653678492
2785.4900781297683,-73.87833718192648,-73.87833718192648
2785.5000781297686,-73.87953381281731,-73.87953381281731
2785.5100781297683,-73.88073646551214,-73.88073646551214
2785.5200781297685,-73.8819451751494,-73.8819451751494
2785.5300781297683,-73.88315997599551,-73.88315997599551
2785.5400781297685,-73.88438090143676,-73.88438090143676
2785.5500781297683,-73.88560798398517,-73.88560798398517
2785.5600781297685,-73.88684125530622,-73.88684125530622
2785.5700781297683,-73.88808074621159,-73.88808074621159
2785.5800781297685,-73.88932648668472,-73.88932648668472
2785.5900781297682,-73.89057850589217,-73.89057850589217
2785.6000781297685,-73.89183683216812,-73.89183683216812
2785.610078129768,-73.89310149307029,-73.89310149307029
2785.6200781297684,-73.89437251533423,-73.89437251533423
2785.630078129768,-73.89564992494076,-73.89564992494076
2785.6400781297684,-73.89693374707404,-73.89693374707404
2785.650078129768,-73.89822400615891,-73.89822400615891
2785.6600781297684,-73.89952072588888,-73.89952072588888
2785.670078129768,-73.90082392918292,-73.90082392918292
2785.6800781297684,-73.90213363825524,-73.90213363825524
2785.690078129768,-73.90344987458097,-73.90344987458097
2785.7000781297684,-73.9047726589279,-73.9047726589279
2785.7100781297686,-73.90610201135715,-73.90610201135715
2785.7200781297684,-73.90743795123862,-73.90743795123862
2785.7300781297686,-73.90878049724765,-73.90878049724765
2785.7400781297683,-73.91012966741114,-73.91012966741114
2785.7500781297686,-73.91148547905826,-73.91148547905826
2785.7600781297683,-73.91284794888047,-73.91284794888047
2785.7700781297685,-73.91421709291339,-73.91421709291339
2785.7800781297683,-73.91559292655813,-73.91559292655813
2785.7900781297685,-73.9169754645849,-73.9169754645849
2785.8000781297683,-73.91836472114498,-73.91836472114498
2785.8100781297685,-73.91976070978126,-73.91976070978126
2785.8200781297683,-73.92116344343142,-73.92116344343142
2785.8300781297685,-73.9225729344361,-73.9225729344361
2785.8400781297682,-73.92398919454735,-73.92398919454735
2785.8500781297685,-73.92541223495256,-73.92541223495256
2785.860078129768,-73.92684206626242,-73.92684206626242
2785.8700781297684,-73.92827869852077,-73.92827869852077
2785.880078129768,-73.92972214124092,-73.92972214124092
2785.8900781297684,-73.93117240336413,-73.93117240336413
2785.900078129768,-73.93262949332326,-73.93262949332326
2785.9100781297684,-73.93409341899816,-73.93409341899816
2785.920078129768,-73.93556418776393,-73.93556418776393
2785.9300781297684,-73.93704180649091,-73.93704180649091
2785.940078129768,-73.93852628152166,-73.93852628152166
2785.9500781297684,-73.94001761871733,-73.94001761871733
2785.9600781297686,-73.94150937452527,-73.94150937452527
2785.9700781297684,-73.94299872929035,-73.94299872929035
2785.9800781297686,-73.94448431170025,-73.94448431170025
2785.9900781297683,-73.9459654206232,-73.9459654206232
2786.0000781297686,-73.94744172813341,-73.94744172813341
2786.0100781297683,-73.94891312533929,-73.94891312533929
2786.0200781297685,-73.95037963196714,-73.95037963196714
2786.0300781297683,-73.95184134208677,-73.95184134208677
2786.0400781297685,-73.95329839141922,-73.95329839141922
2786.0500781297683,-73.95475093779159,-73.95475093779159
2786.0600781297685,-73.95619914942056,-73.95619914942056
2786.0700781297683,-73.95764319807164,-73.95764319807164
2786.0800781297685,-73.95908325510248,-73.95908325510248
2786.0900781297682,-73.9605194893187,-73.9605194893187
2786.1000781297685,-73.96195206590684,-73.96195206590684
2786.110078129768,-73.96338114597006,-73.96338114597006
2786.1200781297684,-73.96480688648657,-73.96480688648657
2786.130078129768,-73.96622944043521,-73.96622944043521
2786.1400781297684,-73.96764895704587,-73.96764895704587
2786.150078129768,-73.96906558210381,-73.96906558210381
2786.1600781297684,-73.97047945822634,-73.97047945822634
2786.170078129768,-73.9718907251698,-73.9718907251698
2786.1800781297684,-73.97329952006844,-73.97329952006844
2786.190078129768,-73.97470597770287,-73.97470597770287
2786.2000781297684,-73.97611023068187,-73.97611023068187
2786.2100781297686,-73.97751240962401,-73.97751240962401
2786.2200781297684,-73.9789126433224,-73.9789126433224
2786.2300781297686,-73.98031105885832,-73.98031105885832
2786.2400781297683,-73.98170778172403,-73.98170778172403
2786.2500781297686,-73.98310293590902,-73.98310293590902
2786.2600781297683,-73.98449664397556,-73.98449664397556
2786.2700781297685,-73.98588902711695,-73.98588902711695
2786.2800781297683,-73.98728020520872,-73.98728020520872
2786.2900781297685,-73.988670296845,-73.988670296845
2786.3000781536102,-73.99005942270216,-73.99005942270216
2786.3100781536104,-73.99144769229545,-73.99144769229545
2786.32007815361,-73.99283522387339,-73.99283522387339
2786.3300781536104,-73.99422213118237,-73.99422213118237
2786.34007815361,-73.9956085268051,-73.9956085268051
2786.3500781536104,-73.99699452215995,-73.99699452215995
2786.36007815361,-73.9983802274899,-73.9983802274899
2786.3700781536104,-73.99976575187928,-73.99976575187928
2786.38007815361,-74.00115120325901,-74.00115120325901
2786.3900781536104,-74.00253668840715,-74.00253668840715
2786.40007815361,-74.00392231291838,-74.00392231291838
2786.4100781536104,-74.00530818124872,-74.00530818124872
2786.42007815361,-74.00669439666768,-74.00669439666768
2786.4300781536103,-74.00808106129021,-74.00808106129021
2786.44007815361,-74.0094682760518,-74.0094682760518
2786.4500781536103,-74.01085614070534,-74.01085614070534
2786.46007815361,-74.01224475383415,-74.01224475383415
2786.4700781536103,-74.0136342128315,-74.0136342128315
2786.48007815361,-74.01502461390017,-74.01502461390017
2786.4900781536103,-74.01641605206389,-74.01641605206389
2786.50007815361,-74.01780862115757,-74.01780862115757
2786.5100781536103,-74.0192024138045,-74.0192024138045
2786.52007815361,-74.02059752145685,-74.02059752145685
2786.5300781536102,-74.02199403435343,-74.02199403435343
2786.54007815361,-74.02339204154589,-74.02339204154589
2786.5500781536102,-74.02479163088023,-74.02479163088023
2786.5600781536104,-74.02619288900898,-74.02619288900898
2786.57007815361,-74.02759590139983,-74.02759590139983
2786.5800781536104,-74.02900075229954,-74.02900075229954
2786.59007815361,-74.03040752478631,-74.03040752478631
2786.6000781536104,-74.03181630073466,-74.03181630073466
2786.61007815361,-74.03322716082732,-74.03322716082732
2786.6200781536104,-74.0346401845671,-74.0346401845671
2786.63007815361,-74.03605545027794,-74.03605545027794
2786.6400781536104,-74.0374730350873,-74.0374730350873
2786.65007815361,-74.03889301496332,-74.03889301496332
2786.6600781536104,-74.04031546469034,-74.04031546469034
2786.67007815361,-74.04174045790296,-74.04174045790296
2786.6800781536103,-74.04316806705296,-74.04316806705296
2786.69007815361,-74.04459836344917,-74.04459836344917
2786.7000781536103,-74.04603141725046,-74.04603141725046
2786.71007815361,-74.04746729747148,-74.04746729747148
2786.7200781536103,-74.04890607198222,-74.04890607198222
2786.73007815361,-74.05034780753664,-74.05034780753664
2786.7400781536103,-74.05179256974394,-74.05179256974394
2786.75007815361,-74.0532404231207,-74.0532404231207
2786.7600781536103,-74.05469143105918,-74.05469143105918
2786.77007815361,-74.05614565585113,-74.05614565585113
2786.7800781536102,-74.05760315870067,-74.05760315870067
2786.79007815361,-74.05906399971981,-74.05906399971981
2786.8000781536102,-74.06052823794987,-74.06052823794987
2786.8100781536104,-74.06199593136358,-74.06199593136358
2786.82007815361,-74.06346713686624,-74.06346713686624
2786.8300781536104,-74.06494191031288,-74.06494191031288
2786.84007815361,-74.06642030653663,-74.06642030653663
2786.8500781536104,-74.0679023793106,-74.0679023793106
2786.86007815361,-74.06938818139893,-74.06938818139893
2786.8700781536104,-74.07087776454352,-74.07087776454352
2786.88007815361,-74.07237117949315,-74.07237117949315
2786.8900781536104,-74.07386847598407,-74.07386847598407
2786.90007815361,-74.07536970278707,-74.07536970278707
2786.9100781536104,-74.07687490767783,-74.07687490767783
2786.92007815361,-74.07838413747541,-74.07838413747541
2786.9300781536103,-74.07989743803734,-74.07989743803734
2786.94007815361,-74.08141485428332,-74.08141485428332
2786.9500781536103,-74.08293643017757,-74.08293643017757
2786.96007815361,-74.08445574682128,-74.08445574682128
2786.9700781536103,-74.0859700156521,-74.0859700156521
2786.98007815361,-74.08747789875487,-74.08747789875487
2786.9900781536103,-74.08897872923907,-74.08897872923907
2787.00007815361,-74.09047221373964,-74.09047221373964
2787.0100781536103,-74.0919582779202,-74.0919582779202
2787.02007815361,-74.09343697595025,-74.09343697595025
2787.0300781536102,-74.0949084360807,-74.0949084360807
2787.04007815361,-74.09637282798764,-74.09637282798764
2787.0500781536102,-74.09783034310341,-74.09783034310341
2787.0600781536104,-74.09928118293888,-74.09928118293888
2787.07007815361,-74.1007255522133,-74.1007255522133
2787.0800781536104,-74.10216365490078,-74.10216365490078
2787.09007815361,-74.10359569207002,-74.10359569207002
2787.1000781536104,-74.10502186081123,-74.10502186081123
2787.11007815361,-74.10644235380057,-74.10644235380057
2787.1200781536104,-74.10785735923041,-74.10785735923041
2787.13007815361,-74.10926706093129,-74.10926706093129
2787.1400781536104,-74.11067163864962,-74.11067163864962
2787.150078177452,-74.11207127166554,-74.11207127166554
2787.1600781774523,-74.11346612571904,-74.11346612571904
2787.170078177452,-74.11485637337867,-74.11485637337867
2787.1800781774523,-74.11624218091109,-74.11624218091109
2787.190078177452,-74.117623711865,-74.117623711865
2787.2000781774523,-74.11900112728081,-74.11900112728081
2787.210078177452,-74.12037458587952,-74.12037458587952
2787.2200781774523,-74.12174424419675,-74.12174424419675
2787.230078177452,-74.12311025674498,-74.12311025674498
2787.2400781774522,-74.12447277610808,-74.12447277610808
2787.250078177452,-74.12583195302841,-74.12583195302841
2787.260078177452,-74.12718793649596,-74.12718793649596
2787.270078177452,-74.12854087380775,-74.12854087380775
2787.280078177452,-74.1298909106232,-74.1298909106232
2787.290078177452,-74.13123819100639,-74.13123819100639
2787.300078177452,-74.13258285745307,-74.13258285745307
2787.310078177452,-74.13392505093515,-74.13392505093515
2787.320078177452,-74.13526491090457,-74.13526491090457
2787.330078177452,-74.13660257532254,-74.13660257532254
2787.340078177452,-74.13793818067514,-74.13793818067514
2787.350078177452,-74.13927186197063,-74.13927186197063
2787.360078177452,-74.14060375275592,-74.14060375275592
2787.370078177452,-74.1419339851297,-74.1419339851297
2787.380078177452,-74.14326268971728,-74.14326268971728
2787.390078177452,-74.14458999571832,-74.14458999571832
2787.400078177452,-74.14591603086073,-74.14591603086073
2787.4100781774523,-74.14724092144073,-74.14724092144073
2787.420078177452,-74.14856479229354,-74.14856479229354
2787.4300781774523,-74.14988776680903,-74.14988776680903
2787.440078177452,-74.15120996694033,-74.15120996694033
2787.4500781774523,-74.15253151316917,-74.15253151316917
2787.460078177452,-74.15385252453802,-74.15385252453802
2787.4700781774523,-74.15517311864362,-74.15517311864362
2787.480078177452,-74.15649341162141,-74.15649341162141
2787.4900781774522,-74.15781351817658,-74.15781351817658
2787.500078177452,-74.15913355154093,-74.15913355154093
2787.510078177452,-74.16045362350945,-74.16045362350945
2787.520078177452,-74.16177384443597,-74.16177384443597
2787.530078177452,-74.16309432322443,-74.16309432322443
2787.540078177452,-74.16441516733816,-74.16441516733816
2787.550078177452,-74.16573648278458,-74.16573648278458
2787.560078177452,-74.16705837415536,-74.16705837415536
2787.570078177452,-74.16838094459803,-74.16838094459803
2787.580078177452,-74.1697042958396,-74.1697042958396
2787.590078177452,-74.17102852815859,-74.17102852815859
2787.600078177452,-74.17235374043487,-74.17235374043487
2787.610078177452,-74.17368003012362,-74.17368003012362
2787.620078177452,-74.17500749328258,-74.17500749328258
2787.630078177452,-74.1763362245359,-74.1763362245359
2787.640078177452,-74.17766631714987,-74.17766631714987
2787.650078177452,-74.17899786296881,-74.17899786296881
2787.6600781774523,-74.18033095246238,-74.18033095246238
2787.670078177452,-74.18166567472764,-74.18166567472764
2787.6800781774523,-74.18300211749921,-74.18300211749921
2787.690078177452,-74.18434036713508,-74.18434036713508
2787.7000781774523,-74.18568050865021,-74.18568050865021
2787.710078177452,-74.18701615509266,-74.18701615509266
2787.7200781774523,-74.18834455444038,-74.18834455444038
2787.730078177452,-74.18966440692557,-74.18966440692557
2787.7400781774522,-74.19097508429692,-74.19097508429692
2787.750078177452,-74.19227633190424,-74.19227633190424
2787.760078177452,-74.19356811401252,-74.19356811401252
2787.770078177452,-74.19485052315464,-74.19485052315464
2787.780078177452,-74.19612372564305,-74.19612372564305
2787.790078177452,-74.19738792885111,-74.19738792885111
2787.800078177452,-74.19864336153778,-74.19864336153778
2787.810078177452,-74.19989026214748,-74.19989026214748
2787.820078177452,-74.2011288719345,-74.2011288719345
2787.830078177452,-74.20235943099452,-74.20235943099452
2787.840078177452,-74.20358217611296,-74.20358217611296
2787.850078177452,-74.20479733968747,-74.20479733968747
2787.860078177452,-74.20600514928994,-74.20600514928994
2787.870078177452,-74.20720582758925,-74.20720582758925
2787.880078177452,-74.2083995925101,-74.2083995925101
2787.890078177452,-74.20958665745704,-74.20958665745704
2787.900078177452,-74.21076723164828,-74.21076723164828
2787.9100781774523,-74.21194152037944,-74.21194152037944
2787.920078177452,-74.2131097253299,-74.2131097253299
2787.9300781774523,-74.21427204482926,-74.21427204482926
2787.940078177452,-74.21542867409592,-74.21542867409592
2787.9500781774523,-74.21657980543635,-74.21657980543635
2787.960078177452,-74.21771915568176,-74.21771915568176
2787.9700781774523,-74.21884407696399,-74.21884407696399
2787.980078177452,-74.21995337316949,-74.21995337316949
2787.9900781774522,-74.22104651900923,-74.22104651900923
2788.000078201294,-74.22212336461571,-74.22212336461571
2788.010078201294,-74.22318397056472,-74.22318397056472
2788.020078201294,-74.22422853277203,-74.22422853277203
2788.030078201294,-74.22525731762194,-74.22525731762194
2788.040078201294,-74.22627063189435,-74.22627063189435
2788.050078201294,-74.22726880309231,-74.22726880309231
2788.060078201294,-74.22825216776423,-74.22825216776423
2788.070078201294,-74.22922106462987,-74.22922106462987
2788.080078201294,-74.2301758306426,-74.2301758306426
2788.090078201294,-74.23111679881228,-74.23111679881228
2788.100078201294,-74.23204429714993,-74.23204429714993
2788.110078201294,-74.23295864820587,-74.23295864820587
2788.120078201294,-74.23386016900281,-74.23386016900281
2788.130078201294,-74.23474917118317,-74.23474917118317
2788.140078201294,-74.23562596124762,-74.23562596124762
2788.150078201294,-74.23649084084978,-74.23649084084978
2788.160078201294,-74.23734410705497,-74.23734410705497
2788.170078201294,-74.23818605266221,-74.23818605266221
2788.180078201294,-74.23901696644522,-74.23901696644522
2788.190078201294,-74.23983713336943,-74.23983713336943
2788.2000782012938,-74.24064683481755,-74.24064683481755
2788.210078201294,-74.24144634874878,-74.24144634874878
2788.2200782012937,-74.24223594984655,-74.24223594984655
2788.230078201294,-74.2430159096453,-74.2430159096453
2788.2400782012937,-74.24378649664212,-74.24378649664212
2788.250078201294,-74.24454797637681,-74.24454797637681
2788.260078201294,-74.24530061151174,-74.24530061151174
2788.270078201294,-74.24604466188677,-74.24604466188677
2788.280078201294,-74.24678038455113,-74.24678038455113
2788.290078201294,-74.24750803383878,-74.24750803383878
2788.300078201294,-74.2482278613705,-74.2482278613705
2788.310078201294,-74.24894011609184,-74.24894011609184
2788.320078201294,-74.24964504429204,-74.24964504429204
2788.330078201294,-74.25034288961055,-74.25034288961055
2788.340078201294,-74.25103389306972,-74.25103389306972
2788.350078201294,-74.25171829305528,-74.25171829305528
2788.360078201294,-74.2523963253561,-74.2523963253561
2788.370078201294,-74.25306822313846,-74.25306822313846
2788.380078201294,-74.2537342169828,-74.2537342169828
2788.390078201294,-74.25439453486514,-74.25439453486514
2788.400078201294,-74.2550494021646,-74.2550494021646
2788.410078201294,-74.25569904167261,-74.25569904167261
2788.420078201294,-74.25634367358518,-74.25634367358518
2788.430078201294,-74.25698351552101,-74.25698351552101
2788.440078201294,-74.25761878251382,-74.25761878251382
2788.4500782012938,-74.2582496870232,-74.2582496870232
2788.460078201294,-74.25887643892486,-74.25887643892486
2788.4700782012937,-74.25949924553619,-74.25949924553619
2788.480078201294,-74.26011831160329,-74.26011831160329
2788.4900782012937,-74.26073383931559,-74.26073383931559
2788.500078201294,-74.26134602830564,-74.26134602830564
2788.510078201294,-74.26195507566955,-74.26195507566955
2788.520078201294,-74.2625611759582,-74.2625611759582
2788.530078201294,-74.26316452119725,-74.26316452119725
2788.540078201294,-74.26376530089004,-74.26376530089004
2788.550078201294,-74.26436370202961,-74.26436370202961
2788.560078201294,-74.26495990911332,-74.26495990911332
2788.570078201294,-74.26555410413422,-74.26555410413422
2788.580078201294,-74.26614646662985,-74.26614646662985
2788.590078201294,-74.26673717365739,-74.26673717365739
2788.600078201294,-74.26732639982865,-74.26732639982865
2788.610078201294,-74.26791431730699,-74.26791431730699
2788.620078201294,-74.26850109584323,-74.26850109584323
2788.630078201294,-74.26908690276368,-74.26908690276368
2788.640078201294,-74.269671903017,-74.269671903017
2788.650078201294,-74.27025625914898,-74.27025625914898
2788.660078201294,-74.27084013136695,-74.27084013136695
2788.670078201294,-74.27142367750099,-74.27142367750099
2788.680078201294,-74.2720070530787,-74.2720070530787
2788.690078201294,-74.27259041129439,-74.27259041129439
2788.7000782012938,-74.27317390305382,-74.27317390305382
2788.710078201294,-74.27375767698358,-74.27375767698358
2788.7200782012937,-74.27434187945052,-74.27434187945052
2788.730078201294,-74.27492665458051,-74.27492665458051
2788.7400782012937,-74.27551214426663,-74.27551214426663
2788.750078201294,-74.27609848821652,-74.27609848821652
2788.760078201294,-74.27668582394304,-74.27668582394304
2788.770078201294,-74.2772742867871,-74.2772742867871
2788.780078201294,-74.27786400996322,-74.27786400996322
2788.790078201294,-74.27845512454408,-74.27845512454408
2788.800078201294,-74.27904775949767,-74.27904775949767
2788.810078201294,-74.27964204171167,-74.27964204171167
2788.820078201294,-74.2802380960168,-74.2802380960168
2788.830078201294,-74.28083604518525,-74.28083604518525
2788.840078201294,-74.28143600997254,-74.28143600997254
2788.850078225136,-74.28203811056125,-74.28203811056125
2788.860078225136,-74.2826424608674,-74.2826424608674
2788.870078225136,-74.28324917712389,-74.28324917712389
2788.880078225136,-74.2838583721936,-74.2838583721936
2788.8900782251358,-74.28447015702734,-74.28447015702734
2788.900078225136,-74.28508464066901,-74.28508464066901
2788.9100782251357,-74.28570193028743,-74.28570193028743
2788.920078225136,-74.2863221312009,-74.2863221312009
2788.9300782251357,-74.28694534687804,-74.28694534687804
2788.940078225136,-74.28757167897791,-74.28757167897791
2788.9500782251357,-74.28820122736475,-74.28820122736475
2788.960078225136,-74.28883409013173,-74.28883409013173
2788.9700782251357,-74.28947036360795,-74.28947036360795
2788.980078225136,-74.29011014239848,-74.29011014239848
2788.9900782251357,-74.29075351939788,-74.29075351939788
2789.000078225136,-74.2914005857959,-74.2914005857959
2789.0100782251357,-74.29205143112063,-74.29205143112063
2789.020078225136,-74.29270614324658,-74.29270614324658
2789.0300782251356,-74.2933648084069,-74.2933648084069
2789.040078225136,-74.29402751123865,-74.29402751123865
2789.0500782251356,-74.29469433477342,-74.29469433477342
2789.060078225136,-74.2953653604797,-74.2953653604797
2789.0700782251356,-74.29604066826971,-74.29604066826971
2789.080078225136,-74.29672033652186,-74.29672033652186
2789.0900782251356,-74.29740444210618,-74.29740444210618
2789.100078225136,-74.2980930604045,-74.2980930604045
2789.110078225136,-74.29878626529988,-74.29878626529988
2789.120078225136,-74.29948412924058,-74.29948412924058
2789.130078225136,-74.30018672322984,-74.30018672322984
2789.1400782251358,-74.30089411685873,-74.30089411685873
2789.150078225136,-74.30160637830917,-74.30160637830917
2789.1600782251357,-74.3023235743908,-74.3023235743908
2789.170078225136,-74.30304577054228,-74.30304577054228
2789.1800782251357,-74.30377303086185,-74.30377303086185
2789.190078225136,-74.30450541811506,-74.30450541811506
2789.2000782251357,-74.30524299377252,-74.30524299377252
2789.210078225136,-74.30598581799283,-74.30598581799283
2789.2200782251357,-74.30673394967403,-74.30673394967403
2789.230078225136,-74.3074874464502,-74.3074874464502
2789.2400782251357,-74.30824636471644,-74.30824636471644
2789.250078225136,-74.30901075965141,-74.30901075965141
2789.2600782251357,-74.30978068522565,-74.30978068522565
2789.270078225136,-74.31055619420509,-74.31055619420509
2789.2800782251356,-74.31133733820386,-74.31133733820386
2789.290078225136,-74.31212416765418,-74.31212416765418
2789.3000782251356,-74.31291673187474,-74.31291673187474
2789.310078225136,-74.31371507904117,-74.31371507904117
2789.3200782251356,-74.31451925622315,-74.31451925622315
2789.330078225136,-74.31532930939564,-74.31532930939564
2789.3400782251356,-74.31614528346631,-74.31614528346631
2789.350078225136,-74.31696722225418,-74.31696722225418
2789.360078225136,-74.3177951685558,-74.3177951685558
2789.370078225136,-74.31862916411994,-74.31862916411994
2789.380078225136,-74.3194692496781,-74.3194692496781
2789.3900782251358,-74.32031546496195,-74.32031546496195
2789.400078225136,-74.32116784870837,-74.32116784870837
2789.4100782251357,-74.32202643868317,-74.32202643868317
2789.420078225136,-74.32289127168976,-74.32289127168976
2789.4300782251357,-74.32376238357354,-74.32376238357354
2789.440078225136,-74.3246398092588,-74.3246398092588
2789.4500782251357,-74.32552358274346,-74.32552358274346
2789.460078225136,-74.32641373711873,-74.32641373711873
2789.4700782251357,-74.32731030458044,-74.32731030458044
2789.480078225136,-74.32821331643919,-74.32821331643919
2789.4900782251357,-74.32912280315409,-74.32912280315409
2789.500078225136,-74.33003879429909,-74.33003879429909
2789.5100782251357,-74.33096131863529,-74.33096131863529
2789.520078225136,-74.3318904040759,-74.3318904040759
2789.5300782251356,-74.33282607772239,-74.33282607772239
2789.540078225136,-74.33376836587102,-74.33376836587102
2789.5500782251356,-74.33471729400279,-74.33471729400279
2789.560078225136,-74.33567288684766,-74.33567288684766
2789.5700782251356,-74.33663516834264,-74.33663516834264
2789.580078225136,-74.33760416167601,-74.33760416167601
2789.5900782251356,-74.33857988928725,-74.33857988928725
2789.600078225136,-74.33956237286976,-74.33956237286976
2789.610078225136,-74.34055163339202,-74.34055163339202
2789.620078225136,-74.3415476911109,-74.3415476911109
2789.630078225136,-74.34255056558916,-74.34255056558916
2789.6400782251358,-74.34356027567692,-74.34356027567692
2789.650078225136,-74.34457683955172,-74.34457683955172
2789.6600782251357,-74.34560027470923,-74.34560027470923
2789.670078225136,-74.3466305979966,-74.3466305979966
2789.6800782251357,-74.34766782559865,-74.34766782559865
2789.690078225136,-74.34871197305118,-74.34871197305118
2789.7000782489777,-74.34976305776776,-74.34976305776776
2789.710078248978,-74.3508210890573,-74.3508210890573
2789.7200782489776,-74.3518860830625,-74.3518860830625
2789.730078248978,-74.35295805285233,-74.35295805285233
2789.7400782489776,-74.35403701089639,-74.35403701089639
2789.750078248978,-74.35512296908064,-74.35512296908064
2789.7600782489776,-74.35621593871231,-74.35621593871231
2789.770078248978,-74.35731593052047,-74.35731593052047
2789.7800782489776,-74.35842295469605,-74.35842295469605
2789.790078248978,-74.35953702086051,-74.35953702086051
2789.8000782489776,-74.36065813810315,-74.36065813810315
2789.810078248978,-74.36178631496895,-74.36178631496895
2789.8200782489776,-74.36292155948482,-74.36292155948482
2789.8300782489778,-74.3640638791575,-74.3640638791575
2789.8400782489775,-74.36521328098232,-74.36521328098232
2789.8500782489778,-74.36636977145388,-74.36636977145388
2789.8600782489775,-74.36753335657966,-74.36753335657966
2789.8700782489777,-74.36870404186843,-74.36870404186843
2789.8800782489775,-74.36988183235526,-74.36988183235526
2789.8900782489777,-74.37106673260541,-74.37106673260541
2789.9000782489775,-74.37225874672495,-74.37225874672495
2789.9100782489777,-74.37345787835706,-74.37345787835706
2789.9200782489775,-74.37466413069917,-74.37466413069917
2789.9300782489777,-74.37587750650296,-74.37587750650296
2789.9400782489774,-74.3770980080879,-74.3770980080879
2789.9500782489777,-74.37832563734648,-74.37832563734648
2789.960078248978,-74.37948638239482,-74.37948638239482
2789.9700782489776,-74.38055498702406,-74.38055498702406
2789.980078248978,-74.38152255672057,-74.38152255672057
2789.9900782489776,-74.38238573052213,-74.38238573052213
2790.000078248978,-74.38314333563305,-74.38314333563305
2790.0100782489776,-74.38379520019015,-74.38379520019015
2790.020078248978,-74.38434167002038,-74.38434167002038
2790.0300782489776,-74.38478339122514,-74.38478339122514
2790.040078248978,-74.38512120447616,-74.38512120447616
2790.0500782489776,-74.38535608967173,-74.38535608967173
2790.060078248978,-74.38548913401058,-74.38548913401058
2790.0700782489776,-74.38552151138317,-74.38552151138317
2790.0800782489778,-74.38545446742961,-74.38545446742961
2790.0900782489775,-74.385289307581,-74.385289307581
2790.1000782489778,-74.38502738693599,-74.38502738693599
2790.1100782489775,-74.3846701013672,-74.3846701013672
2790.1200782489777,-74.38421887966214,-74.38421887966214
2790.1300782489775,-74.38367517650553,-74.38367517650553
2790.1400782489777,-74.38304046630068,-74.38304046630068
2790.1500782489775,-74.38231623773098,-74.38231623773098
2790.1600782489777,-74.38150398897646,-74.38150398897646
2790.1700782489775,-74.38060522361614,-74.38060522361614
2790.1800782489777,-74.37962144701025,-74.37962144701025
2790.1900782489774,-74.37855416324638,-74.37855416324638
2790.2000782489777,-74.37740487249937,-74.37740487249937
2790.210078248978,-74.37617506880856,-74.37617506880856
2790.2200782489776,-74.37486623816588,-74.37486623816588
2790.230078248978,-74.37347985694134,-74.37347985694134
2790.2400782489776,-74.37201739049816,-74.37201739049816
2790.250078248978,-74.37048029210698,-74.37048029210698
2790.2600782489776,-74.36887000198558,-74.36887000198558
2790.270078248978,-74.36718794654183,-74.36718794654183
2790.2800782489776,-74.36543553773471,-74.36543553773471
2790.290078248978,-74.36361417257903,-74.36361417257903
2790.3000782489776,-74.36172523271452,-74.36172523271452
2790.310078248978,-74.35977008409634,-74.35977008409634
2790.3200782489776,-74.35775007674744,-74.35775007674744
2790.3300782489778,-74.35566654455974,-74.35566654455974
2790.3400782489775,-74.35352080519567,-74.35352080519567
2790.3500782489778,-74.35131415995694,-74.35131415995694
2790.3600782489775,-74.34904789378812,-74.34904789378812
2790.3700782489777,-74.34672327522016,-74.34672327522016
2790.3800782489775,-74.34434155642887,-74.34434155642887
2790.3900782489777,-74.3419039732494,-74.3419039732494
2790.4000782489775,-74.33941174526086,-74.33941174526086
2790.4100782489777,-74.33686607582048,-74.33686607582048
2790.4200782489775,-74.33426815222676,-74.33426815222676
2790.4300782489777,-74.33161914575913,-74.33161914575913
2790.4400782489774,-74.32892021184576,-74.32892021184576
2790.4500782489777,-74.32617249017558,-74.32617249017558
2790.460078248978,-74.3233771048073,-74.3233771048073
2790.4700782489776,-74.32053516435418,-74.32053516435418
2790.480078248978,-74.31764776210477,-74.31764776210477
2790.4900782489776,-74.31471597616077,-74.31471597616077
2790.500078248978,-74.31174086963497,-74.31174086963497
2790.5100782489776,-74.30872349075865,-74.30872349075865
2790.520078248978,-74.30566487307459,-74.30566487307459
2790.5300782489776,-74.30256603558274,-74.30256603558274
2790.540078248978,-74.29942798290861,-74.29942798290861
2790.5500782728195,-74.29625169787917,-74.29625169787917
2790.5600782728197,-74.2930381718561,-74.2930381718561
2790.5700782728195,-74.28978835992518,-74.28978835992518
2790.5800782728197,-74.28650321080391,-74.28650321080391
2790.5900782728195,-74.28318365967574,-74.28318365967574
2790.6000782728197,-74.27983062832034,-74.27983062832034
2790.6100782728195,-74.27644502529225,-74.27644502529225
2790.6200782728197,-74.27302774607581,-74.27302774607581
2790.6300782728194,-74.269579673228,-74.269579673228
2790.6400782728197,-74.26610167656587,-74.26610167656587
2790.6500782728194,-74.26259461331179,-74.26259461331179
2790.6600782728196,-74.25905932823505,-74.25905932823505
2790.6700782728194,-74.25549665383986,-74.25549665383986
2790.6800782728196,-74.25190741049381,-74.25190741049381
2790.6900782728194,-74.2482924065845,-74.2482924065845
2790.7000782728196,-74.24465243869163,-74.24465243869163
2790.7100782728194,-74.24098181842193,-74.24098181842193
2790.7200782728196,-74.23727848683133,-74.23727848683133
2790.7300782728194,-74.23354182873855,-74.23354182873855
2790.7400782728196,-74.22977189120864,-74.22977189120864
2790.7500782728193,-74.22596908550777,-74.22596908550777
2790.7600782728196,-74.22213403239806,-74.22213403239806
2790.7700782728193,-74.21826747155194,-74.21826747155194
2790.7800782728195,-74.2143702071259,-74.2143702071259
2790.7900782728193,-74.21044307510864,-74.21044307510864
2790.8000782728195,-74.20648692374313,-74.20648692374313
2790.8100782728197,-74.20250260191271,-74.20250260191271
2790.8200782728195,-74.1984909523661,-74.1984909523661
2790.8300782728197,-74.19445280787424,-74.19445280787424
2790.8400782728195,-74.19038898917611,-74.19038898917611
2790.8500782728197,-74.18630030399721,-74.18630030399721
2790.8600782728195,-74.182187546751,-74.182187546751
2790.8700782728197,-74.17805149855296,-74.17805149855296
2790.8800782728194,-74.17389292750285,-74.17389292750285
2790.8900782728197,-74.16971258900736,-74.16971258900736
2790.9000782728194,-74.16551122623257,-74.16551122623257
2790.9100782728196,-74.16128957045076,-74.16128957045076
2790.9200782728194,-74.15704834150074,-74.15704834150074
2790.9300782728196,-74.15278824811791,-74.15278824811791
2790.9400782728194,-74.14850998829542,-74.14850998829542
2790.9500782728196,-74.14421424958842,-74.14421424958842
2790.9600782728194,-74.13990170940242,-74.13990170940242
2790.9700782728196,-74.13557303525178,-74.13557303525178
2790.9800782728194,-74.13122888499474,-74.13122888499474
2790.9900782728196,-74.1268699070351,-74.1268699070351
2791.0000782728193,-74.12249674052323,-74.12249674052323
2791.0100782728196,-74.11811001552834,-74.11811001552834
2791.0200782728193,-74.11371035318822,-74.11371035318822
2791.0300782728195,-74.10929836588893,-74.10929836588893
2791.0400782728193,-74.10487465735117,-74.10487465735117
2791.0500782728195,-74.1004398228,-74.1004398228
2791.0600782728197,-74.0959944490658,-74.0959944490658
2791.0700782728195,-74.09153911469743,-74.09153911469743
2791.0800782728197,-74.08707439006659,-74.08707439006659
2791.0900782728195,-74.08260083747962,-74.08260083747962
2791.1000782728197,-74.07811901125494,-74.07811901125494
2791.1100782728195,-74.0736294578438,-74.0736294578438
2791.1200782728197,-74.06913271588392,-74.06913271588392
2791.1300782728194,-74.06462931632477,-74.06462931632477
2791.1400782728197,-74.06011978249201,-74.06011978249201
2791.1500782728194,-74.05560463016586,-74.05560463016586
2791.1600782728196,-74.05108436767075,-74.05108436767075
2791.1700782728194,-74.04655949596258,-74.04655949596258
2791.1800782728196,-74.04203050868225,-74.04203050868225
2791.1900782728194,-74.03749789225996,-74.03749789225996
2791.2000782728196,-74.03296212596828,-74.03296212596828
2791.2100782728194,-74.0284172285889,-74.0284172285889
2791.2200782728196,-74.02386084286874,-74.02386084286874
2791.2300782728194,-74.01929205576732,-74.01929205576732
2791.2400782728196,-74.01471061901773,-74.01471061901773
2791.2500782728193,-74.01011665181592,-74.01011665181592
2791.2600782728196,-74.00551048650516,-74.00551048650516
2791.2700782728193,-74.00089257809039,-74.00089257809039
2791.2800782728195,-73.9962634499006,-73.9962634499006
2791.2900782728193,-73.99162366092548,-73.99162366092548
2791.3000782728195,-73.98697378620673,-73.98697378620673
2791.3100782728197,-73.98231440520283,-73.98231440520283
2791.3200782728195,-73.97764609493281,-73.97764609493281
2791.3300782728197,-73.97296942608679,-73.97296942608679
2791.3400782728195,-73.96828496094649,-73.96828496094649
2791.3500782728197,-73.9635932523025,-73.9635932523025
2791.3600782728195,-73.95889484313999,-73.95889484313999
2791.3700782728197,-73.95419026658055,-73.95419026658055
2791.3800782728194,-73.9494800461059,-73.9494800461059
2791.3900782728197,-73.9447646958536,-73.9447646958536
2791.4000782966614,-73.9400447097379,-73.9400447097379
2791.4100782966616,-73.93532060675051,-73.93532060675051
2791.4200782966614,-73.93059286394379,-73.93059286394379
2791.4300782966616,-73.92586196159326,-73.92586196159326
2791.4400782966613,-73.92112837234657,-73.92112837234657
2791.4500782966616,-73.91639256145103,-73.91639256145103
2791.4600782966613,-73.91165498699968,-73.91165498699968
2791.4700782966615,-73.90691610014534,-73.90691610014534
2791.4800782966613,-73.90217634530337,-73.90217634530337
2791.4900782966615,-73.89743616029332,-73.89743616029332
2791.5000782966613,-73.89269597650798,-73.89269597650798
2791.5100782966615,-73.88795621903684,-73.88795621903684
2791.5200782966613,-73.88321730679883,-73.88321730679883
2791.5300782966615,-73.87847965262601,-73.87847965262601
2791.5400782966612,-73.87374366338331,-73.87374366338331
2791.5500782966615,-73.86900974005148,-73.86900974005148
2791.5600782966612,-73.86427827779033,-73.86427827779033
2791.5700782966614,-73.85954966604469,-73.85954966604469
2791.580078296661,-73.85482428858403,-73.85482428858403
2791.5900782966614,-73.85010252358812,-73.85010252358812
2791.600078296661,-73.84538474370997,-73.84538474370997
2791.6100782966614,-73.84067131610631,-73.84067131610631
2791.620078296661,-73.83596260252386,-73.83596260252386
2791.6300782966614,-73.83125895933364,-73.83125895933364
2791.640078296661,-73.8265607375996,-73.8265607375996
2791.6500782966614,-73.82186828311477,-73.82186828311477
2791.6600782966616,-73.81718193645595,-73.81718193645595
2791.6700782966614,-73.81250203303601,-73.81250203303601
2791.6800782966616,-73.80782890314251,-73.80782890314251
2791.6900782966613,-73.80316287199138,-73.80316287199138
2791.7000782966616,-73.79850425976181,-73.79850425976181
2791.7100782966613,-73.79385338166338,-73.79385338166338
2791.7200782966615,-73.78921054796383,-73.78921054796383
2791.7300782966613,-73.78457606403491,-73.78457606403491
2791.7400782966615,-73.77995023040187,-73.77995023040187
2791.7500782966613,-73.77533334279865,-73.77533334279865
2791.7600782966615,-73.77072569219283,-73.77072569219283
2791.7700782966613,-73.7661275648541,-73.7661275648541
2791.7800782966615,-73.76153924236397,-73.76153924236397
2791.7900782966612,-73.7569610016991,-73.7569610016991
2791.8000782966615,-73.75239311524467,-73.75239311524467
2791.8100782966612,-73.74783585087538,-73.74783585087538
2791.8200782966614,-73.74328947195735,-73.74328947195735
2791.830078296661,-73.73875423742774,-73.73875423742774
2791.8400782966614,-73.73423040181102,-73.73423040181102
2791.850078296661,-73.7297182152963,-73.7297182152963
2791.8600782966614,-73.72521792374516,-73.72521792374516
2791.870078296661,-73.72072976876915,-73.72072976876915
2791.8800782966614,-73.71625398776116,-73.71625398776116
2791.890078296661,-73.71179081392881,-73.71179081392881
2791.9000782966614,-73.70734047636087,-73.70734047636087
2791.9100782966616,-73.70290320005365,-73.70290320005365
2791.9200782966614,-73.69847920596007,-73.69847920596007
2791.9300782966616,-73.69406871104334,-73.69406871104334
2791.9400782966613,-73.68967192831244,-73.68967192831244
2791.9500782966616,-73.6852890668641,-73.6852890668641
2791.9600782966613,-73.68092033193302,-73.68092033193302
2791.9700782966615,-73.67656592493455,-73.67656592493455
2791.9800782966613,-73.67222604350822,-73.67222604350822
2791.9900782966615,-73.66790088155562,-73.66790088155562
2792.0000782966613,-73.66359062929003,-73.66359062929003
2792.0100782966615,-73.6592954732771,-73.6592954732771
2792.0200782966613,-73.65501559648243,-73.65501559648243
2792.0300782966615,-73.65075117830571,-73.65075117830571
2792.0400782966612,-73.64650239463327,-73.64650239463327
2792.0500782966615,-73.64226941787281,-73.64226941787281
2792.0600782966612,-73.63805241699401,-73.63805241699401
2792.0700782966614,-73.63385155757912,-73.63385155757912
2792.080078296661,-73.62966700185615,-73.62966700185615
2792.0900782966614,-73.62549890874187,-73.62549890874187
2792.100078296661,-73.62134743388911,-73.62134743388911
2792.1100782966614,-73.61721272972717,-73.61721272972717
2792.120078296661,-73.61309494549532,-73.61309494549532
2792.1300782966614,-73.60899422727262,-73.60899422727262
2792.140078296661,-73.60491071804483,-73.60491071804483
2792.1500782966614,-73.60084455772643,-73.60084455772643
2792.1600782966616,-73.59679588320813,-73.59679588320813
2792.1700782966614,-73.59276482838858,-73.59276482838858
2792.1800782966616,-73.58875152420737,-73.58875152420737
2792.1900782966613,-73.58475609870077,-73.58475609870077
2792.2000782966616,-73.58077867703298,-73.58077867703298
2792.2100782966613,-73.57681938152531,-73.57681938152531
2792.2200782966615,-73.57287833171067,-73.57287833171067
2792.2300782966613,-73.56895564434105,-73.56895564434105
2792.2400782966615,-73.56505143345923,-73.56505143345923
2792.2500783205032,-73.56116580116034,-73.56116580116034
2792.2600783205035,-73.55729887470362,-73.55729887470362
2792.270078320503,-73.55345075084651,-73.55345075084651
2792.2800783205034,-73.5496215330973,-73.5496215330973
2792.290078320503,-73.5458113224002,-73.5458113224002
2792.3000783205034,-73.54202021719468,-73.54202021719468
2792.310078320503,-73.53824831344052,-73.53824831344052
2792.3200783205034,-73.53449570466022,-73.53449570466022
2792.330078320503,-73.53076248194422,-73.53076248194422
2792.3400783205034,-73.52704873402757,-73.52704873402757
2792.350078320503,-73.52335454729486,-73.52335454729486
2792.3600783205034,-73.51968000581726,-73.51968000581726
2792.370078320503,-73.5160251913863,-73.5160251913863
2792.3800783205033,-73.51239018354192,-73.51239018354192
2792.390078320503,-73.50877505961898,-73.50877505961898
2792.4000783205033,-73.50517989475728,-73.50517989475728
2792.410078320503,-73.50160476194543,-73.50160476194543
2792.4200783205033,-73.49804973204873,-73.49804973204873
2792.430078320503,-73.49451487383733,-73.49451487383733
2792.4400783205033,-73.49100025402134,-73.49100025402134
2792.450078320503,-73.48750593728319,-73.48750593728319
2792.4600783205033,-73.48402558073619,-73.48402558073619
2792.470078320503,-73.48055644382681,-73.48055644382681
2792.4800783205033,-73.47709722458481,-73.47709722458481
2792.490078320503,-73.47364728589893,-73.47364728589893
2792.5000783205032,-73.47020636034844,-73.47020636034844
2792.5100783205035,-73.46677439687457,-73.46677439687457
2792.520078320503,-73.46335147089793,-73.46335147089793
2792.5300783205034,-73.45993773027723,-73.45993773027723
2792.540078320503,-73.45653336280107,-73.45653336280107
2792.5500783205034,-73.45313857667452,-73.45313857667452
2792.560078320503,-73.44975358891608,-73.44975358891608
2792.5700783205034,-73.44637861849935,-73.44637861849935
2792.580078320503,-73.44301388246929,-73.44301388246929
2792.5900783205034,-73.4396595937943,-73.4396595937943
2792.600078320503,-73.43631596035347,-73.43631596035347
2792.6100783205034,-73.43298318446527,-73.43298318446527
2792.620078320503,-73.42966146289491,-73.42966146289491
2792.6300783205033,-73.42635098700033,-73.42635098700033
2792.640078320503,-73.42305194301325,-73.42305194301325
2792.6500783205033,-73.4197645123472,-73.4197645123472
2792.660078320503,-73.41648887192032,-73.41648887192032
2792.6700783205033,-73.41322519447178,-73.41322519447178
2792.680078320503,-73.40997364886346,-73.40997364886346
2792.6900783205033,-73.4067344002941,-73.4067344002941
2792.700078320503,-73.40350761056919,-73.40350761056919
2792.7100783205033,-73.40029343829579,-73.40029343829579
2792.720078320503,-73.39709203904756,-73.39709203904756
2792.7300783205033,-73.39390356551793,-73.39390356551793
2792.740078320503,-73.3907281676634,-73.3907281676634
2792.7500783205032,-73.38756599279442,-73.38756599279442
2792.7600783205035,-73.3844171856814,-73.3844171856814
2792.770078320503,-73.38128188864498,-73.38128188864498
2792.7800783205034,-73.37816024160875,-73.37816024160875
2792.790078320503,-73.37505238216556,-73.37505238216556
2792.8000783205034,-73.3719584456237,-73.3719584456237
2792.810078320503,-73.36887856505993,-73.36887856505993
2792.8200783205034,-73.36581287134985,-73.36581287134985
2792.830078320503,-73.36276149320547,-73.36276149320547
2792.8400783205034,-73.35972455718175,-73.35972455718175
2792.850078320503,-73.35670218773737,-73.35670218773737
2792.8600783205034,-73.35369450721707,-73.35369450721707
2792.870078320503,-73.35070163590196,-73.35070163590196
2792.8800783205033,-73.34772369199625,-73.34772369199625
2792.890078320503,-73.34476079167167,-73.34476079167167
2792.9000783205033,-73.34181304906267,-73.34181304906267
2792.910078320503,-73.33888057629655,-73.33888057629655
2792.9200783205033,-73.33596348345945,-73.33596348345945
2792.930078320503,-73.33306187867385,-73.33306187867385
2792.9400783205033,-73.33017586805305,-73.33017586805305
2792.950078320503,-73.32730555574977,-73.32730555574977
2792.9600783205033,-73.3244510439429,-73.3244510439429
2792.970078320503,-73.32161243285809,-73.32161243285809
2792.9800783205033,-73.31878982078187,-73.31878982078187
2792.990078320503,-73.31598330404991,-73.31598330404991
2793.0000783205032,-73.3131929770859,-73.3131929770859
2793.0100783205035,-73.3104189324053,-73.3104189324053
2793.020078320503,-73.30766126061441,-73.30766126061441
2793.0300783205034,-73.3049200504153,-73.3049200504153
2793.040078320503,-73.30219538864864,-73.30219538864864
2793.0500783205034,-73.29948736028086,-73.29948736028086
2793.060078320503,-73.29679604841672,-73.29679604841672
2793.0700783205034,-73.29412153431969,-73.29412153431969
2793.080078320503,-73.29146389741386,-73.29146389741386
2793.0900783205034,-73.28882321532303,-73.28882321532303
2793.100078344345,-73.28619955759619,-73.28619955759619
2793.1100783443453,-73.28359301079625,-73.28359301079625
2793.120078344345,-73.28100364083394,-73.28100364083394
2793.1300783443453,-73.27843151818553,-73.27843151818553
2793.140078344345,-73.27587671156057,-73.27587671156057
2793.1500783443453,-73.27333928793642,-73.27333928793642
2793.160078344345,-73.27081931256257,-73.27081931256257
2793.1700783443453,-73.26831684898144,-73.26831684898144
2793.180078344345,-73.2658319590355,-73.2658319590355
2793.1900783443452,-73.26336470290265,-73.26336470290265
2793.200078344345,-73.26091513908177,-73.26091513908177
2793.210078344345,-73.25848332442416,-73.25848332442416
2793.220078344345,-73.25606931416834,-73.25606931416834
2793.230078344345,-73.25367316191016,-73.25367316191016
2793.240078344345,-73.25129491965885,-73.25129491965885
2793.250078344345,-73.24893463783698,-73.24893463783698
2793.260078344345,-73.24659236529115,-73.24659236529115
2793.270078344345,-73.24426814933217,-73.24426814933217
2793.280078344345,-73.24196203571398,-73.24196203571398
2793.290078344345,-73.23967406868292,-73.23967406868292
2793.300078344345,-73.23740429098375,-73.23740429098375
2793.310078344345,-73.23515274386247,-73.23515274386247
2793.320078344345,-73.2329194671099,-73.2329194671099
2793.330078344345,-73.23070449904664,-73.23070449904664
2793.340078344345,-73.22850787656978,-73.22850787656978
2793.350078344345,-73.22632963514796,-73.22632963514796
2793.3600783443453,-73.22416980884323,-73.22416980884323
2793.370078344345,-73.2220284303409,-73.2220284303409
2793.3800783443453,-73.21990553094376,-73.21990553094376
2793.390078344345,-73.21780114060405,-73.21780114060405
2793.4000783443453,-73.21571528794301,-73.21571528794301
2793.410078344345,-73.21364800025617,-73.21364800025617
2793.4200783443453,-73.21159930352987,-73.21159930352987
2793.430078344345,-73.20956922246168,-73.20956922246168
2793.4400783443452,-73.20755778048367,-73.20755778048367
2793.450078344345,-73.20556499977367,-73.20556499977367
2793.460078344345,-73.20359090125535,-73.20359090125535
2793.470078344345,-73.20163550464756,-73.20163550464756
2793.480078344345,-73.19969882844916,-73.19969882844916
2793.490078344345,-73.19778088997349,-73.19778088997349
2793.500078344345,-73.1958817053576,-73.1958817053576
2793.510078344345,-73.1940012895832,-73.1940012895832
2793.520078344345,-73.1921396564796,-73.1921396564796
2793.530078344345,-73.1902968187648,-73.1902968187648
2793.540078344345,-73.18847278802625,-73.18847278802625
2793.550078344345,-73.186667574757,-73.186667574757
2793.560078344345,-73.18488118837529,-73.18488118837529
2793.570078344345,-73.18311363723193,-73.18311363723193
2793.580078344345,-73.18136492862904,-73.18136492862904
2793.590078344345,-73.17963506882947,-73.17963506882947
2793.600078344345,-73.17792406307048,-73.17792406307048
2793.6100783443453,-73.17623191559134,-73.17623191559134
2793.620078344345,-73.17455862963891,-73.17455862963891
2793.6300783443453,-73.17290420747601,-73.17290420747601
2793.640078344345,-73.17126865041138,-73.17126865041138
2793.6500783443453,-73.16965195880132,-73.16965195880132
2793.660078344345,-73.16805413206507,-73.16805413206507
2793.6700783443453,-73.16647516870317,-73.16647516870317
2793.680078344345,-73.16491506631777,-73.16491506631777
2793.6900783443452,-73.16337382160141,-73.16337382160141
2793.700078344345,-73.16185143038899,-73.16185143038899
2793.710078344345,-73.16034788763098,-73.16034788763098
2793.720078344345,-73.15886318743966,-73.15886318743966
2793.730078344345,-73.15739732308819,-73.15739732308819
2793.740078344345,-73.15595028701418,-73.15595028701418
2793.750078344345,-73.15452207084208,-73.15452207084208
2793.760078344345,-73.15311266541322,-73.15311266541322
2793.770078344345,-73.15172206075901,-73.15172206075901
2793.780078344345,-73.15035024615707,-73.15035024615707
2793.790078344345,-73.14899721011109,-73.14899721011109
2793.800078344345,-73.1476629403792,-73.1476629403792
2793.810078344345,-73.14634742397713,-73.14634742397713
2793.820078344345,-73.14505064720126,-73.14505064720126
2793.830078344345,-73.14377259562129,-73.14377259562129
2793.840078344345,-73.14251325412661,-73.14251325412661
2793.850078344345,-73.14127260689618,-73.14127260689618
2793.8600783443453,-73.14005063744602,-73.14005063744602
2793.870078344345,-73.1388473286035,-73.1388473286035
2793.8800783443453,-73.13766266256452,-73.13766266256452
2793.890078344345,-73.13649662086208,-73.13649662086208
2793.9000783443453,-73.13534918439854,-73.13534918439854
2793.910078344345,-73.13422033345337,-73.13422033345337
2793.9200783443453,-73.13311004768877,-73.13311004768877
2793.930078344345,-73.13201830618073,-73.13201830618073
2793.9400783443452,-73.13094508738497,-73.13094508738497
2793.950078368187,-73.12989036669724,-73.12989036669724
2793.960078368187,-73.1288477499529,-73.1288477499529
2793.970078368187,-73.12781442083103,-73.12781442083103
2793.980078368187,-73.1267889984226,-73.1267889984226
2793.990078368187,-73.12577076481712,-73.12577076481712
2794.000078368187,-73.12475937134644,-73.12475937134644
2794.010078368187,-73.12375468603283,-73.12375468603283
2794.020078368187,-73.12275670411506,-73.12275670411506
2794.030078368187,-73.12176549427178,-73.12176549427178
2794.040078368187,-73.12078116627471,-73.12078116627471
2794.050078368187,-73.11980385155502,-73.11980385155502
2794.060078368187,-73.11883369164698,-73.11883369164698
2794.070078368187,-73.11787083136575,-73.11787083136575
2794.080078368187,-73.11691541489299,-73.11691541489299
2794.090078368187,-73.11596758366846,-73.11596758366846
2794.100078368187,-73.11502747531266,-73.11502747531266
2794.110078368187,-73.11409522318773,-73.11409522318773
2794.120078368187,-73.11317095636221,-73.11317095636221
2794.130078368187,-73.11225479974381,-73.11225479974381
2794.140078368187,-73.11134687433167,-73.11134687433167
2794.1500783681868,-73.11044729752246,-73.11044729752246
2794.160078368187,-73.10955618340073,-73.10955618340073
2794.1700783681868,-73.10867364305267,-73.10867364305267
2794.180078368187,-73.1077997848134,-73.1077997848134
2794.1900783681867,-73.10693471452028,-73.10693471452028
2794.200078368187,-73.10607853571535,-73.10607853571535
2794.210078368187,-73.10522497552606,-73.10522497552606
2794.220078368187,-73.10437134388282,-73.10437134388282
2794.230078368187,-73.10351638182026,-73.10351638182026
2794.240078368187,-73.1026594919965,-73.1026594919965
2794.250078368187,-73.10180044514937,-73.10180044514937
2794.260078368187,-73.1009392276505,-73.1009392276505
2794.270078368187,-73.10007595213187,-73.10007595213187
2794.280078368187,-73.0992108037865,-73.0992108037865
2794.290078368187,-73.09834400806491,-73.09834400806491
2794.300078368187,-73.09747581128129,-73.09747581128129
2794.310078368187,-73.09660646905613,-73.09660646905613
2794.320078368187,-73.09573623954469,-73.09573623954469
2794.330078368187,-73.09486537952232,-73.09486537952232
2794.340078368187,-73.09399414226382,-73.09399414226382
2794.350078368187,-73.09312277648694,-73.09312277648694
2794.360078368187,-73.09225152590898,-73.09225152590898
2794.370078368187,-73.09138062917829,-73.09138062917829
2794.380078368187,-73.09051032004228,-73.09051032004228
2794.390078368187,-73.08964082755912,-73.08964082755912
2794.4000783681868,-73.08877237641364,-73.08877237641364
2794.410078368187,-73.08790518718642,-73.08790518718642
2794.4200783681868,-73.08703947666486,-73.08703947666486
2794.430078368187,-73.08617545807901,-73.08617545807901
2794.4400783681867,-73.08531334133474,-73.08531334133474
2794.450078368187,-73.08445333322595,-73.08445333322595
2794.460078368187,-73.08359563761441,-73.08359563761441
2794.470078368187,-73.08274045554388,-73.08274045554388
2794.480078368187,-73.0818879854192,-73.0818879854192
2794.490078368187,-73.08103842305478,-73.08103842305478
2794.500078368187,-73.08019196180467,-73.08019196180467
2794.510078368187,-73.0793487926245,-73.0793487926245
2794.520078368187,-73.07850910410812,-73.07850910410812
2794.530078368187,-73.07767308257635,-73.07767308257635
2794.540078368187,-73.07684091208276,-73.07684091208276
2794.550078368187,-73.07601277444542,-73.07601277444542
2794.560078368187,-73.07518884929414,-73.07518884929414
2794.570078368187,-73.07436931406508,-73.07436931406508
2794.580078368187,-73.07355434403264,-73.07355434403264
2794.590078368187,-73.07274411232133,-73.07274411232133
2794.600078368187,-73.07193878988126,-73.07193878988126
2794.610078368187,-73.07113854554105,-73.07113854554105
2794.620078368187,-73.07034354597715,-73.07034354597715
2794.630078368187,-73.06955395574299,-73.06955395574299
2794.640078368187,-73.0687699372385,-73.0687699372385
2794.6500783681868,-73.06799165074621,-73.06799165074621
2794.660078368187,-73.0672192544075,-73.0672192544075
2794.6700783681868,-73.06645290423259,-73.06645290423259
2794.680078368187,-73.06569275410034,-73.06569275410034
2794.6900783681867,-73.06493895576128,-73.06493895576128
2794.700078368187,-73.06419165883426,-73.06419165883426
2794.710078368187,-73.06345101080865,-73.06345101080865
2794.720078368187,-73.06271715704992,-73.06271715704992
2794.730078368187,-73.06199024080095,-73.06199024080095
2794.740078368187,-73.06127040318263,-73.06127040318263
2794.750078368187,-73.06055778319988,-73.06055778319988
2794.760078368187,-73.05985251773862,-73.05985251773862
2794.770078368187,-73.059154741583,-73.059154741583
2794.780078368187,-73.05846458740628,-73.05846458740628
2794.790078368187,-73.05778218580332,-73.05778218580332
2794.800078392029,-73.05710766365075,-73.05710766365075
2794.810078392029,-73.05644115060268,-73.05644115060268
2794.820078392029,-73.05578276934891,-73.05578276934891
2794.830078392029,-73.0551326421678,-73.0551326421678
2794.8400783920288,-73.05449088926949,-73.05449088926949
2794.850078392029,-73.05385762882422,-73.05385762882422
2794.8600783920288,-73.05323297695006,-73.05323297695006
2794.870078392029,-73.05261704775897,-73.05261704775897
2794.8800783920287,-73.05200995333152,-73.05200995333152
2794.890078392029,-73.05141180375396,-73.05141180375396
2794.9000783920287,-73.0508227071239,-73.0508227071239
2794.910078392029,-73.05024276955167,-73.05024276955167
2794.9200783920287,-73.04967209519079,-73.04967209519079
2794.930078392029,-73.04911078624544,-73.04911078624544
2794.9400783920287,-73.04855894297965,-73.04855894297965
2794.950078392029,-73.04801666373751,-73.04801666373751
2794.9600783920287,-73.04748404495888,-73.04748404495888
2794.970078392029,-73.04696118118441,-73.04696118118441
2794.9800783920286,-73.0464481650861,-73.0464481650861
2794.990078392029,-73.04594508746888,-73.04594508746888
2795.0000783920286,-73.04545203730015,-73.04545203730015
2795.010078392029,-73.04496910170616,-73.04496910170616
2795.0200783920286,-73.04449636601714,-73.04449636601714
2795.030078392029,-73.04403391375976,-73.04403391375976
2795.0400783920286,-73.04358182668167,-73.04358182668167
2795.050078392029,-73.04314018477142,-73.04314018477142
2795.060078392029,-73.04270906627079,-73.04270906627079
2795.070078392029,-73.04228854769919,-73.04228854769919
2795.080078392029,-73.04187870386183,-73.04187870386183
2795.0900783920288,-73.04147960787996,-73.04147960787996
2795.100078392029,-73.04109133120366,-73.04109133120366
2795.1100783920288,-73.04071394360467,-73.04071394360467
2795.120078392029,-73.04034751323998,-73.04034751323998
2795.1300783920287,-73.0399921066457,-73.0399921066457
2795.140078392029,-73.03964778874666,-73.03964778874666
2795.1500783920287,-73.03931462287845,-73.03931462287845
2795.160078392029,-73.03899267082413,-73.03899267082413
2795.1700783920287,-73.03868199281428,-73.03868199281428
2795.180078392029,-73.03838264754432,-73.03838264754432
2795.1900783920287,-73.03809469221015,-73.03809469221015
2795.200078392029,-73.03781818250246,-73.03781818250246
2795.2100783920287,-73.03755317264026,-73.03755317264026
2795.220078392029,-73.0372997153828,-73.0372997153828
2795.2300783920286,-73.03705786205393,-73.03705786205393
2795.240078392029,-73.03682766254838,-73.03682766254838
2795.2500783920286,-73.0366091653667,-73.0366091653667
2795.260078392029,-73.03640241761458,-73.03640241761458
2795.2700783920286,-73.03620746503022,-73.03620746503022
2795.280078392029,-73.03602435201188,-73.03602435201188
2795.2900783920286,-73.03585312160395,-73.03585312160395
2795.300078392029,-73.03569381555054,-73.03569381555054
2795.310078392029,-73.03554647429392,-73.03554647429392
2795.320078392029,-73.03541113699187,-73.03541113699187
2795.330078392029,-73.03528784154281,-73.03528784154281
2795.3400783920288,-73.03517662459242,-73.03517662459242
2795.350078392029,-73.03507752155002,-73.03507752155002
2795.3600783920288,-73.03499056663505,-73.03499056663505
2795.370078392029,-73.03491579283627,-73.03491579283627
2795.3800783920287,-73.03485323198576,-73.03485323198576
2795.390078392029,-73.03480291474465,-73.03480291474465
2795.4000783920287,-73.03476487063395,-73.03476487063395
2795.410078392029,-73.03473912803112,-73.03473912803112
2795.4200783920287,-73.03472571420166,-73.03472571420166
2795.430078392029,-73.03472465531343,-73.03472465531343
2795.4400783920287,-73.03473597645362,-73.03473597645362
2795.450078392029,-73.03475970163315,-73.03475970163315
2795.4600783920287,-73.0347958538143,-73.0347958538143
2795.470078392029,-73.03484445492452,-73.03484445492452
2795.4800783920286,-73.03490552586113,-73.03490552586113
2795.490078392029,-73.03497908652422,-73.03497908652422
2795.5000783920286,-73.0350651558166,-73.0350651558166
2795.510078392029,-73.03516375165825,-73.03516375165825
2795.5200783920286,-73.03527489101222,-73.03527489101222
2795.530078392029,-73.03539858988515,-73.03539858988515
2795.5400783920286,-73.0355348633629,-73.0355348633629
2795.550078392029,-73.03568372560842,-73.03568372560842
2795.560078392029,-73.03584518986507,-73.03584518986507
2795.570078392029,-73.03601926849386,-73.03601926849386
2795.580078392029,-73.03620597296967,-73.03620597296967
2795.5900783920288,-73.03640531390946,-73.03640531390946
2795.600078392029,-73.03661730107567,-73.03661730107567
2795.6100783920288,-73.03684194339357,-73.03684194339357
2795.620078392029,-73.03707924895394,-73.03707924895394
2795.6300783920287,-73.03732922505532,-73.03732922505532
2795.640078392029,-73.03759187817384,-73.03759187817384
2795.6500784158707,-73.03786721466284,-73.03786721466284
2795.660078415871,-73.03815523817433,-73.03815523817433
2795.6700784158706,-73.03845595347003,-73.03845595347003
2795.680078415871,-73.03876936396938,-73.03876936396938
2795.6900784158706,-73.0390954723366,-73.0390954723366
2795.700078415871,-73.03943428052128,-73.03943428052128
2795.7100784158706,-73.03978578974713,-73.03978578974713
2795.720078415871,-73.04015000054285,-73.04015000054285
2795.7300784158706,-73.04052691274012,-73.04052691274012
2795.740078415871,-73.0409165254904,-73.0409165254904
2795.7500784158706,-73.04131883727865,-73.04131883727865
2795.760078415871,-73.04173384592343,-73.04173384592343
2795.7700784158706,-73.04216154860507,-73.04216154860507
2795.780078415871,-73.04260194185466,-73.04260194185466
2795.7900784158705,-73.04305502158786,-73.04305502158786
2795.8000784158708,-73.04352078310147,-73.04352078310147
2795.8100784158705,-73.04399922108237,-73.04399922108237
2795.8200784158707,-73.04449032962809,-73.04449032962809
2795.8300784158705,-73.04499410224578,-73.04499410224578
2795.8400784158707,-73.04551053186468,-73.04551053186468
2795.8500784158705,-73.04603961085218,-73.04603961085218
2795.8600784158707,-73.04658133102593,-73.04658133102593
2795.8700784158705,-73.04713568364652,-73.04713568364652
2795.8800784158707,-73.04770265943881,-73.04770265943881
2795.8900784158704,-73.04828224859546,-73.04828224859546
2795.9000784158707,-73.04887444079671,-73.04887444079671
2795.910078415871,-73.04947922520972,-73.04947922520972
2795.9200784158706,-73.05009659051048,-73.05009659051048
2795.930078415871,-73.05072652486854,-73.05072652486854
2795.9400784158706,-73.05136901597352,-73.05136901597352
2795.950078415871,-73.05202405103546,-73.05202405103546
2795.9600784158706,-73.05269161681062,-73.05269161681062
2795.970078415871,-73.05337169958321,-73.05337169958321
2795.9800784158706,-73.05406428519896,-73.05406428519896
2795.990078415871,-73.05476935904831,-73.05476935904831
2796.0000784158706,-73.05548690609702,-73.05548690609702
2796.010078415871,-73.0562169108734,-73.0562169108734
2796.0200784158706,-73.05695935749898,-73.05695935749898
2796.030078415871,-73.05771422967851,-73.05771422967851
2796.0400784158705,-73.05848151071088,-73.05848151071088
2796.0500784158708,-73.05926118349777,-73.05926118349777
2796.0600784158705,-73.06005323055945,-73.06005323055945
2796.0700784158707,-73.06085763401902,-73.06085763401902
2796.0800784158705,-73.06167437563757,-73.06167437563757
2796.0900784158707,-73.06250343680537,-73.06250343680537
2796.1000784158705,-73.06334479855308,-73.06334479855308
2796.1100784158707,-73.06419844154946,-73.06419844154946
2796.1200784158705,-73.0650643461222,-73.0650643461222
2796.1300784158707,-73.06594249225962,-73.06594249225962
2796.1400784158704,-73.06683285960655,-73.06683285960655
2796.1500784158707,-73.06773542747871,-73.06773542747871
2796.160078415871,-73.06865017488143,-73.06865017488143
2796.1700784158706,-73.06957708049667,-73.06957708049667
2796.180078415871,-73.07051612269451,-73.07051612269451
2796.1900784158706,-73.07146727955575,-73.07146727955575
2796.200078415871,-73.07243052884023,-73.07243052884023
2796.2100784158706,-73.07340584803883,-73.07340584803883
2796.220078415871,-73.07439321433638,-73.07439321433638
2796.2300784158706,-73.07539260465234,-73.07539260465234
2796.240078415871,-73.07640399562504,-73.07640399562504
2796.2500784158706,-73.07742736362155,-73.07742736362155
2796.260078415871,-73.07846268474592,-73.07846268474592
2796.2700784158706,-73.07950993484795,-73.07950993484795
2796.280078415871,-73.08056908952244,-73.08056908952244
2796.2900784158705,-73.08164012411123,-73.08164012411123
2796.3000784158708,-73.08272301372016,-73.08272301372016
2796.3100784158705,-73.08381773321001,-73.08381773321001
2796.3200784158707,-73.0849242572144,-73.0849242572144
2796.3300784158705,-73.08604256014046,-73.08604256014046
2796.3400784158707,-73.08717261616468,-73.08717261616468
2796.3500784158705,-73.08831439925224,-73.08831439925224
2796.3600784158707,-73.08946788314607,-73.08946788314607
2796.3700784158705,-73.09063304139484,-73.09063304139484
2796.3800784158707,-73.09180984732566,-73.09180984732566
2796.3900784158704,-73.09299827407307,-73.09299827407307
2796.4000784158707,-73.09419829457984,-73.09419829457984
2796.410078415871,-73.09540988159127,-73.09540988159127
2796.4200784158706,-73.0966330076652,-73.0966330076652
2796.430078415871,-73.0978676451764,-73.0978676451764
2796.4400784158706,-73.09911376633188,-73.09911376633188
2796.450078415871,-73.1003713431489,-73.1003713431489
2796.4600784158706,-73.10163397120586,-73.10163397120586
2796.470078415871,-73.10289882945155,-73.10289882945155
2796.4800784158706,-73.10416452924441,-73.10416452924441
2796.490078415871,-73.10543034494246,-73.10543034494246
2796.5000784397125,-73.10669592335601,-73.10669592335601
2796.5100784397127,-73.10796111918421,-73.10796111918421
2796.5200784397125,-73.10922592374207,-73.10922592374207
2796.5300784397127,-73.11049039917897,-73.11049039917897
2796.5400784397125,-73.11175464918497,-73.11175464918497
2796.5500784397127,-73.11301879958685,-73.11301879958685
2796.5600784397125,-73.11428298679994,-73.11428298679994
2796.5700784397127,-73.11554735100188,-73.11554735100188
2796.5800784397125,-73.11681203225253,-73.11681203225253
2796.5900784397127,-73.11807716834494,-73.11807716834494
2796.6000784397124,-73.11934289373463,-73.11934289373463
2796.6100784397127,-73.12060933909719,-73.12060933909719
2796.6200784397124,-73.12187663126781,-73.12187663126781
2796.6300784397126,-73.12314489336333,-73.12314489336333
2796.6400784397124,-73.12441424503409,-73.12441424503409
2796.6500784397126,-73.12568480275802,-73.12568480275802
2796.6600784397124,-73.12695668011074,-73.12695668011074
2796.6700784397126,-73.12822998806436,-73.12822998806436
2796.6800784397124,-73.12950483523888,-73.12950483523888
2796.6900784397126,-73.13078132812294,-73.13078132812294
2796.7000784397123,-73.13205957130177,-73.13205957130177
2796.7100784397126,-73.13333328876418,-73.13333328876418
2796.7200784397123,-73.13459978795903,-73.13459978795903
2796.7300784397125,-73.13585780799629,-73.13585780799629
2796.7400784397123,-73.1371067501141,-73.1371067501141
2796.7500784397125,-73.13834638401103,-73.13834638401103
2796.7600784397127,-73.13957669542009,-73.13957669542009
2796.7700784397125,-73.14079779670894,-73.14079779670894
2796.7800784397127,-73.14200987322305,-73.14200987322305
2796.7900784397125,-73.14321315099384,-73.14321315099384
2796.8000784397127,-73.14440787735856,-73.14440787735856
2796.8100784397125,-73.14559430941105,-73.14559430941105
2796.8200784397127,-73.1467727071956,-73.1467727071956
2796.8300784397125,-73.14794332983782,-73.14794332983782
2796.8400784397127,-73.1491064333877,-73.1491064333877
2796.8500784397124,-73.15026226973885,-73.15026226973885
2796.8600784397127,-73.15141108621643,-73.15141108621643
2796.8700784397124,-73.15255312546493,-73.15255312546493
2796.8800784397126,-73.15368862559883,-73.15368862559883
2796.8900784397124,-73.15481782043503,-73.15481782043503
2796.9000784397126,-73.15594093977042,-73.15594093977042
2796.9100784397124,-73.15705820964521,-73.15705820964521
2796.9200784397126,-73.15816985263297,-73.15816985263297
2796.9300784397124,-73.15927608809788,-73.15927608809788
2796.9400784397126,-73.16037713238632,-73.16037713238632
2796.9500784397123,-73.1614731990354,-73.1614731990354
2796.9600784397126,-73.1625644989397,-73.1625644989397
2796.9700784397123,-73.16365124049322,-73.16365124049322
2796.9800784397125,-73.16473362970063,-73.16473362970063
2796.9900784397123,-73.1658118702772,-73.1658118702772
2797.0000784397125,-73.16688616372005,-73.16688616372005
2797.0100784397127,-73.16795670938227,-73.16795670938227
2797.0200784397125,-73.16902370452515,-73.16902370452515
2797.0300784397127,-73.17008734436084,-73.17008734436084
2797.0400784397125,-73.17114782207274,-73.17114782207274
2797.0500784397127,-73.17220532885032,-73.17220532885032
2797.0600784397125,-73.17326005389724,-73.17326005389724
2797.0700784397127,-73.17431218446414,-73.17431218446414
2797.0800784397125,-73.17536190583549,-73.17536190583549
2797.0900784397127,-73.17640940133886,-73.17640940133886
2797.1000784397124,-73.17745485236428,-73.17745485236428
2797.1100784397127,-73.17849843834398,-73.17849843834398
2797.1200784397124,-73.1795403367688,-73.1795403367688
2797.1300784397126,-73.18058072316542,-73.18058072316542
2797.1400784397124,-73.18161977112076,-73.18161977112076
2797.1500784397126,-73.18265765225289,-73.18265765225289
2797.1600784397124,-73.18369453622125,-73.18369453622125
2797.1700784397126,-73.1847305907131,-73.1847305907131
2797.1800784397124,-73.18576598145759,-73.18576598145759
2797.1900784397126,-73.18680087220203,-73.18680087220203
2797.2000784397123,-73.18783542472637,-73.18783542472637
2797.2100784397126,-73.18886979881518,-73.18886979881518
2797.2200784397123,-73.18990415229464,-73.18990415229464
2797.2300784397125,-73.19093864099074,-73.19093864099074
2797.2400784397123,-73.19197341876136,-73.19197341876136
2797.2500784397125,-73.19300863746729,-73.19300863746729
2797.2600784397127,-73.1940444469909,-73.1940444469909
2797.2700784397125,-73.19508099524519,-73.19508099524519
2797.2800784397127,-73.19611842814489,-73.19611842814489
2797.2900784397125,-73.19715688965367,-73.19715688965367
2797.3000784397127,-73.19819652173001,-73.19819652173001
2797.3100784397125,-73.19923746438315,-73.19923746438315
2797.3200784397127,-73.20027985565565,-73.20027985565565
2797.3300784397125,-73.20132383163856,-73.20132383163856
2797.3400784397127,-73.20236952644734,-73.20236952644734
2797.3500784635544,-73.20341707477239,-73.20341707477239
2797.3600784635546,-73.20446660187547,-73.20446660187547
2797.3700784635544,-73.20551823855408,-73.20551823855408
2797.3800784635546,-73.20657211120371,-73.20657211120371
2797.3900784635543,-73.20762834430214,-73.20762834430214
2797.4000784635546,-73.20868706043507,-73.20868706043507
2797.4100784635543,-73.20974838028245,-73.20974838028245
2797.4200784635545,-73.21081242264832,-73.21081242264832
2797.4300784635543,-73.21187930446632,-73.21187930446632
2797.4400784635545,-73.2129491408042,-73.2129491408042
2797.4500784635543,-73.2140220449014,-73.2140220449014
2797.4600784635545,-73.21509174338455,-73.21509174338455
2797.4700784635543,-73.21615555006689,-73.21615555006689
2797.4800784635545,-73.21721221159032,-73.21721221159032
2797.4900784635543,-73.21826113692076,-73.21826113692076
2797.5000784635545,-73.21930210333123,-73.21930210333123
2797.5100784635542,-73.22033510371654,-73.22033510371654
2797.5200784635545,-73.22136025708402,-73.22136025708402
2797.530078463554,-73.222377754802,-73.222377754802
2797.5400784635544,-73.22338782824346,-73.22338782824346
2797.550078463554,-73.22439072938116,-73.22439072938116
2797.5600784635544,-73.22538671921721,-73.22538671921721
2797.570078463554,-73.22637606100494,-73.22637606100494
2797.5800784635544,-73.22735901631208,-73.22735901631208
2797.590078463554,-73.22833584293912,-73.22833584293912
2797.6000784635544,-73.22930679381226,-73.22930679381226
2797.6100784635546,-73.2302721165939,-73.2302721165939
2797.6200784635544,-73.23123205360831,-73.23123205360831
2797.6300784635546,-73.2321868419784,-73.2321868419784
2797.6400784635543,-73.23313671390065,-73.23313671390065
2797.6500784635546,-73.23408189692141,-73.23408189692141
2797.6600784635543,-73.23502261426857,-73.23502261426857
2797.6700784635545,-73.23595908512385,-73.23595908512385
2797.6800784635543,-73.23689152490331,-73.23689152490331
2797.6900784635545,-73.23782014548473,-73.23782014548473
2797.7000784635543,-73.23874515545812,-73.23874515545812
2797.7100784635545,-73.23966676027588,-73.23966676027588
2797.7200784635543,-73.24058516244462,-73.24058516244462
2797.7300784635545,-73.24150056164055,-73.24150056164055
2797.7400784635543,-73.24241315484599,-73.24241315484599
2797.7500784635545,-73.24332313643966,-73.24332313643966
2797.7600784635542,-73.24423069829919,-73.24423069829919
2797.7700784635545,-73.24513602984185,-73.24513602984185
2797.780078463554,-73.24603931812224,-73.24603931812224
2797.7900784635544,-73.24694074785096,-73.24694074785096
2797.800078463554,-73.24784050147417,-73.24784050147417
2797.8100784635544,-73.24873875916742,-73.24873875916742
2797.820078463554,-73.24963569890569,-73.24963569890569
2797.8300784635544,-73.25053149645565,-73.25053149645565
2797.840078463554,-73.25142632542357,-73.25142632542357
2797.8500784635544,-73.25232035725705,-73.25232035725705
2797.8600784635546,-73.25321376127408,-73.25321376127408
2797.8700784635544,-73.25410670467555,-73.25410670467555
2797.8800784635546,-73.25499935253826,-73.25499935253826
2797.8900784635543,-73.25589186784478,-73.25589186784478
2797.9000784635546,-73.25678441149185,-73.25678441149185
2797.9100784635543,-73.25767714229217,-73.25767714229217
2797.9200784635545,-73.2585702169879,-73.2585702169879
2797.9300784635543,-73.25946379026145,-73.25946379026145
2797.9400784635545,-73.2603580147353,-73.2603580147353
2797.9500784635543,-73.26125304097665,-73.26125304097665
2797.9600784635545,-73.26214901752809,-73.26214901752809
2797.9700784635543,-73.26304609087772,-73.26304609087772
2797.9800784635545,-73.26394440550189,-73.26394440550189
2797.9900784635543,-73.26484410386522,-73.26484410386522
2798.0000784635545,-73.26574532640909,-73.26574532640909
2798.0100784635542,-73.26664821158778,-73.26664821158778
2798.0200784635545,-73.26755289585932,-73.26755289585932
2798.030078463554,-73.26845951369768,-73.26845951369768
2798.0400784635544,-73.26936819760333,-73.26936819760333
2798.050078463554,-73.27027907813029,-73.27027907813029
2798.0600784635544,-73.27119228386528,-73.27119228386528
2798.070078463554,-73.27210794145816,-73.27210794145816
2798.0800784635544,-73.27302617563093,-73.27302617563093
2798.090078463554,-73.273947109195,-73.273947109195
2798.1000784635544,-73.27487086303684,-73.27487086303684
2798.1100784635546,-73.27579755617252,-73.27579755617252
2798.1200784635544,-73.27672730572016,-73.27672730572016
2798.1300784635546,-73.27766022693442,-73.27766022693442
2798.1400784635543,-73.27859643322371,-73.27859643322371
2798.1500784635546,-73.2795360361506,-73.2795360361506
2798.1600784635543,-73.28047914544057,-73.28047914544057
2798.1700784635545,-73.28142586901684,-73.28142586901684
2798.1800784635543,-73.28237631299334,-73.28237631299334
2798.1900784635545,-73.28333058171106,-73.28333058171106
2798.2000784873962,-73.28428878001442,-73.28428878001442
2798.2100784873965,-73.28525100416473,-73.28525100416473
2798.220078487396,-73.28621735549659,-73.28621735549659
2798.2300784873964,-73.28718793136258,-73.28718793136258
2798.240078487396,-73.28816282739594,-73.28816282739594
2798.2500784873964,-73.28914213754679,-73.28914213754679
2798.260078487396,-73.29012595408469,-73.29012595408469
2798.2700784873964,-73.29111436761119,-73.29111436761119
2798.280078487396,-73.29210746709141,-73.29210746709141
2798.2900784873964,-73.2931053398594,-73.2931053398594
2798.300078487396,-73.29410807163762,-73.29410807163762
2798.3100784873964,-73.29511574654187,-73.29511574654187
2798.320078487396,-73.29612844712236,-73.29612844712236
2798.3300784873963,-73.29714625435228,-73.29714625435228
2798.340078487396,-73.29816924767725,-73.29816924767725
2798.3500784873963,-73.29919750499364,-73.29919750499364
2798.360078487396,-73.3002311026924,-73.3002311026924
2798.3700784873963,-73.30127011566782,-73.30127011566782
2798.380078487396,-73.30231461732622,-73.30231461732622
2798.3900784873963,-73.30336467962896,-73.30336467962896
2798.400078487396,-73.30442037307184,-73.30442037307184
2798.4100784873963,-73.30548176671783,-73.30548176671783
2798.420078487396,-73.30654892822803,-73.30654892822803
2798.4300784873963,-73.3076219238682,-73.3076219238682
2798.440078487396,-73.30870081850573,-73.30870081850573
2798.4500784873962,-73.30978567565985,-73.30978567565985
2798.4600784873965,-73.31087655749245,-73.31087655749245
2798.470078487396,-73.31197352483757,-73.31197352483757
2798.4800784873964,-73.31307663721486,-73.31307663721486
2798.490078487396,-73.31418595283543,-73.31418595283543
2798.5000784873964,-73.31530152863822,-73.31530152863822
2798.510078487396,-73.31642342028782,-73.31642342028782
2798.5200784873964,-73.31755168219632,-73.31755168219632
2798.530078487396,-73.31868636755017,-73.31868636755017
2798.5400784873964,-73.3198275282988,-73.3198275282988
2798.550078487396,-73.32097521520693,-73.32097521520693
2798.5600784873964,-73.32212947783407,-73.32212947783407
2798.570078487396,-73.32329036457097,-73.32329036457097
2798.5800784873963,-73.32445792265429,-73.32445792265429
2798.590078487396,-73.32563219818012,-73.32563219818012
2798.6000784873963,-73.32681323610748,-73.32681323610748
2798.610078487396,-73.32800108029433,-73.32800108029433
2798.6200784873963,-73.32919577348562,-73.32919577348562
2798.630078487396,-73.33039735735595,-73.33039735735595
2798.6400784873963,-73.33160587250694,-73.33160587250694
2798.650078487396,-73.33282135847986,-73.33282135847986
2798.6600784873963,-73.33404385379329,-73.33404385379329
2798.670078487396,-73.33527339593016,-73.33527339593016
2798.6800784873963,-73.33651002135684,-73.33651002135684
2798.690078487396,-73.33775376555151,-73.33775376555151
2798.7000784873962,-73.3390046629991,-73.3390046629991
2798.7100784873965,-73.34026274722213,-73.34026274722213
2798.720078487396,-73.34152805079538,-73.34152805079538
2798.7300784873964,-73.34280060533136,-73.34280060533136
2798.740078487396,-73.34408044152659,-73.34408044152659
2798.7500784873964,-73.34536758915911,-73.34536758915911
2798.760078487396,-73.34666207709834,-73.34666207709834
2798.7700784873964,-73.34796393332817,-73.34796393332817
2798.780078487396,-73.34927318495691,-73.34927318495691
2798.7900784873964,-73.35058985822754,-73.35058985822754
2798.800078487396,-73.35191397852002,-73.35191397852002
2798.8100784873964,-73.35324557039274,-73.35324557039274
2798.820078487396,-73.35458465756176,-73.35458465756176
2798.8300784873963,-73.355931262935,-73.355931262935
2798.840078487396,-73.35728540860585,-73.35728540860585
2798.8500784873963,-73.35864711589178,-73.35864711589178
2798.860078487396,-73.3600164053148,-73.3600164053148
2798.8700784873963,-73.36139329663726,-73.36139329663726
2798.880078487396,-73.36277780886478,-73.36277780886478
2798.8900784873963,-73.36416996025477,-73.36416996025477
2798.900078487396,-73.36556976832932,-73.36556976832932
2798.9100784873963,-73.3669772498746,-73.3669772498746
2798.920078487396,-73.36839242098152,-73.36839242098152
2798.9300784873963,-73.36981529702855,-73.36981529702855
2798.940078487396,-73.3712458927111,-73.3712458927111
2798.9500784873962,-73.37268422203893,-73.37268422203893
2798.9600784873965,-73.37412389924356,-73.37412389924356
2798.970078487396,-73.37556213463644,-73.37556213463644
2798.9800784873964,-73.37699757561944,-73.37699757561944
2798.990078487396,-73.37842953451914,-73.37842953451914
2799.0000784873964,-73.37985769387213,-73.37985769387213
2799.010078487396,-73.38128195344765,-73.38128195344765
2799.0200784873964,-73.38270234050263,-73.38270234050263
2799.030078487396,-73.3841189559052,-73.3841189559052
2799.0400784873964,-73.38553194173421,-73.38553194173421
2799.050078511238,-73.38694146516013,-73.38694146516013
2799.0600785112383,-73.3883476934168,-73.3883476934168
2799.070078511238,-73.38975080719334,-73.38975080719334
2799.0800785112383,-73.39115098321393,-73.39115098321393
2799.090078511238,-73.39254839551735,-73.39254839551735
2799.1000785112383,-73.39394321434453,-73.39394321434453
2799.110078511238,-73.39533560574736,-73.39533560574736
2799.1200785112383,-73.39672573148484,-73.39672573148484
2799.130078511238,-73.39811374920865,-73.39811374920865
2799.1400785112382,-73.39949981267173,-73.39949981267173
2799.150078511238,-73.40088407205216,-73.40088407205216
2799.160078511238,-73.40226667422024,-73.40226667422024
2799.170078511238,-73.40364776305194,-73.40364776305194
2799.180078511238,-73.40502747967946,-73.40502747967946
2799.190078511238,-73.40640596273758,-73.40640596273758
2799.200078511238,-73.40778334856411,-73.40778334856411
2799.210078511238,-73.4091533694767,-73.4091533694767
2799.220078511238,-73.41051335430814,-73.41051335430814
2799.230078511238,-73.41186206850972,-73.41186206850972
2799.240078511238,-73.41319894169266,-73.41319894169266
2799.250078511238,-73.4145237729004,-73.4145237729004
2799.260078511238,-73.41583657757828,-73.41583657757828
2799.270078511238,-73.41713749789331,-73.41713749789331
2799.280078511238,-73.41842674885815,-73.41842674885815
2799.290078511238,-73.41970458592152,-73.41970458592152
2799.300078511238,-73.42097128555133,-73.42097128555133
2799.3100785112383,-73.42222713364929,-73.42222713364929
2799.320078511238,-73.42347241873948,-73.42347241873948
2799.3300785112383,-73.42470742807053,-73.42470742807053
2799.340078511238,-73.42593244545156,-73.42593244545156
2799.3500785112383,-73.42714775022733,-73.42714775022733
2799.360078511238,-73.42835361681243,-73.42835361681243
2799.3700785112383,-73.42955031461037,-73.42955031461037
2799.380078511238,-73.43073810818183,-73.43073810818183
2799.3900785112382,-73.43191725745224,-73.43191725745224
2799.400078511238,-73.43308801800875,-73.43308801800875
2799.410078511238,-73.43425064138675,-73.43425064138675
2799.420078511238,-73.43540537535655,-73.43540537535655
2799.430078511238,-73.43655246415828,-73.43655246415828
2799.440078511238,-73.4376921487341,-73.4376921487341
2799.450078511238,-73.43882466692435,-73.43882466692435
2799.460078511238,-73.43995025365452,-73.43995025365452
2799.470078511238,-73.4410691410415,-73.4410691410415
2799.480078511238,-73.44218155855711,-73.44218155855711
2799.490078511238,-73.44328773309826,-73.44328773309826
2799.500078511238,-73.44438788909054,-73.44438788909054
2799.510078511238,-73.44548224853673,-73.44548224853673
2799.520078511238,-73.44657103110073,-73.44657103110073
2799.530078511238,-73.44765445411369,-73.44765445411369
2799.540078511238,-73.44873273264331,-73.44873273264331
2799.550078511238,-73.44980607951057,-73.44980607951057
2799.5600785112383,-73.45087470530102,-73.45087470530102
2799.570078511238,-73.45193881839734,-73.45193881839734
2799.5800785112383,-73.45299862496847,-73.45299862496847
2799.590078511238,-73.45405432901438,-73.45405432901438
2799.6000785112383,-73.45510613232769,-73.45510613232769
2799.610078511238,-73.45615423452928,-73.45615423452928
2799.6200785112383,-73.45719883306104,-73.45719883306104
2799.630078511238,-73.45824012318282,-73.45824012318282
2799.6400785112382,-73.4592782979799,-73.4592782979799
2799.650078511238,-73.46031354835304,-73.46031354835304
2799.660078511238,-73.4613460630185,-73.4613460630185
2799.670078511238,-73.46237602852128,-73.46237602852128
2799.680078511238,-73.46340362921228,-73.46340362921228
2799.690078511238,-73.46442904726558,-73.46442904726558
2799.700078511238,-73.46545246266271,-73.46545246266271
2799.710078511238,-73.46647405321085,-73.46647405321085
2799.720078511238,-73.46749399452466,-73.46749399452466
2799.730078511238,-73.46851246004879,-73.46851246004879
2799.740078511238,-73.46952962103056,-73.46952962103056
2799.750078511238,-73.47054564654503,-73.47054564654503
2799.760078511238,-73.4715607034975,-73.4715607034975
2799.770078511238,-73.47257495661697,-73.47257495661697
2799.780078511238,-73.47358856845922,-73.47358856845922
2799.790078511238,-73.474601699422,-73.474601699422
2799.800078511238,-73.47561450774455,-73.47561450774455
2799.8100785112383,-73.47662714951673,-73.47662714951673
2799.820078511238,-73.47763977868439,-73.47763977868439
2799.8300785112383,-73.47865254705324,-73.47865254705324
2799.840078511238,-73.47966560431053,-73.47966560431053
2799.8500785112383,-73.48067909801485,-73.48067909801485
2799.860078511238,-73.48169317362228,-73.48169317362228
2799.8700785112383,-73.48270797447782,-73.48270797447782
2799.880078511238,-73.48372364185488,-73.48372364185488
2799.8900785112382,-73.48474031493839,-73.48474031493839
2799.90007853508,-73.48575813328259,-73.48575813328259
2799.91007853508,-73.48677722709577,-73.48677722709577
2799.92007853508,-73.48779773183895,-73.48779773183895
2799.93007853508,-73.48881977850614,-73.48881977850614
2799.94007853508,-73.48984349608348,-73.48984349608348
2799.95007853508,-73.49086901155925,-73.49086901155925
2799.96007853508,-73.491896449938,-73.491896449938
2799.97007853508,-73.49292593423542,-73.49292593423542
2799.98007853508,-73.4939575855312,-73.4939575855312
2799.99007853508,-73.494991522956,-73.494991522956
2800.00007853508,-73.49602786372238,-73.49602786372238
2800.01007853508,-73.49706672311777,-73.49706672311777
2800.02007853508,-73.49810821455146,-73.49810821455146
2800.03007853508,-73.49915244955007,-73.49915244955007
2800.04007853508,-73.50019953778101,-73.50019953778101
2800.05007853508,-73.50124958705935,-73.50124958705935
2800.06007853508,-73.5023027033874,-73.5023027033874
2800.07007853508,-73.50335899094962,-73.50335899094962
2800.08007853508,-73.50441855213816,-73.50441855213816
2800.09007853508,-73.50548148757619,-73.50548148757619
2800.10007853508,-73.50654789612025,-73.50654789612025
2800.11007853508,-73.50761787489206,-73.50761787489206
2800.1200785350798,-73.50869151929497,-73.50869151929497
2800.13007853508,-73.50976892302245,-73.50976892302245
2800.1400785350797,-73.51085017807993,-73.51085017807993
2800.15007853508,-73.51193537481268,-73.51193537481268
2800.16007853508,-73.51302460190153,-73.51302460190153
2800.17007853508,-73.51411794640674,-73.51411794640674
2800.18007853508,-73.51521549376574,-73.51521549376574
2800.19007853508,-73.51631732782562,-73.51631732782562
2800.20007853508,-73.51742353084843,-73.51742353084843
2800.21007853508,-73.51853418354347,-73.51853418354347
2800.22007853508,-73.51964936507233,-73.51964936507233
2800.23007853508,-73.52076915306242,-73.52076915306242
2800.24007853508,-73.52189362364265,-73.52189362364265
2800.25007853508,-73.52302285144287,-73.52302285144287
2800.26007853508,-73.52415690964162,-73.52415690964162
2800.27007853508,-73.52529586994574,-73.52529586994574
2800.28007853508,-73.52643980262594,-73.52643980262594
2800.29007853508,-73.52758877654887,-73.52758877654887
2800.30007853508,-73.52874285915317,-73.52874285915317
2800.31007853508,-73.52990211651382,-73.52990211651382
2800.32007853508,-73.53106661333162,-73.53106661333162
2800.33007853508,-73.53223641295747,-73.53223641295747
2800.34007853508,-73.53341157741438,-73.53341157741438
2800.35007853508,-73.53459216739776,-73.53459216739776
2800.36007853508,-73.53577824231537,-73.53577824231537
2800.3700785350798,-73.53696986028694,-73.53696986028694
2800.38007853508,-73.53816707816061,-73.53816707816061
2800.3900785350797,-73.53936995155647,-73.53936995155647
2800.40007853508,-73.54057853483734,-73.54057853483734
2800.41007853508,-73.54179288115513,-73.54179288115513
2800.42007853508,-73.54301304247953,-73.54301304247953
2800.43007853508,-73.54423906956566,-73.54423906956566
2800.44007853508,-73.54547101202688,-73.54547101202688
2800.45007853508,-73.54670891830624,-73.54670891830624
2800.46007853508,-73.5479464222464,-73.5479464222464
2800.47007853508,-73.54918076190964,-73.54918076190964
2800.48007853508,-73.55041061541489,-73.55041061541489
2800.49007853508,-73.55163532685394,-73.55163532685394
2800.50007853508,-73.5528546109542,-73.5528546109542
2800.51007853508,-73.5540683996834,-73.5540683996834
2800.52007853508,-73.55527675234468,-73.55527675234468
2800.53007853508,-73.55647980155273,-73.55647980155273
2800.54007853508,-73.55767772075369,-73.55767772075369
2800.55007853508,-73.55887070473081,-73.55887070473081
2800.56007853508,-73.56005895801177,-73.56005895801177
2800.57007853508,-73.56124268801564,-73.56124268801564
2800.58007853508,-73.56242210115761,-73.56242210115761
2800.59007853508,-73.56359740071115,-73.56359740071115
2800.60007853508,-73.56476878575948,-73.56476878575948
2800.61007853508,-73.56593645072775,-73.56593645072775
2800.6200785350798,-73.56710058537708,-73.56710058537708
2800.63007853508,-73.56826137490879,-73.56826137490879
2800.6400785350797,-73.56941900025734,-73.56941900025734
2800.65007853508,-73.57057363835428,-73.57057363835428
2800.66007853508,-73.57172546245866,-73.57172546245866
2800.67007853508,-73.57287464243326,-73.57287464243326
2800.68007853508,-73.57402134503201,-73.57402134503201
2800.69007853508,-73.57516573411803,-73.57516573411803
2800.70007853508,-73.57630797089584,-73.57630797089584
2800.71007853508,-73.57744821410833,-73.57744821410833
2800.72007853508,-73.57858662015977,-73.57858662015977
2800.73007853508,-73.579723343285,-73.579723343285
2800.74007853508,-73.58085853564465,-73.58085853564465
2800.750078558922,-73.58199235014865,-73.58199235014865
2800.760078558922,-73.58312492969885,-73.58312492969885
2800.770078558922,-73.58425642349641,-73.58425642349641
2800.780078558922,-73.58538697626466,-73.58538697626466
2800.790078558922,-73.58651673101984,-73.58651673101984
2800.800078558922,-73.58764582910437,-73.58764582910437
2800.8100785589218,-73.58877441021741,-73.58877441021741
2800.820078558922,-73.58990261241614,-73.58990261241614
2800.8300785589217,-73.59103057219059,-73.59103057219059
2800.840078558922,-73.59215842443045,-73.59215842443045
2800.8500785589217,-73.59328630245628,-73.59328630245628
2800.860078558922,-73.5944143380299,-73.5944143380299
2800.8700785589217,-73.59554266136304,-73.59554266136304
2800.880078558922,-73.59667140112668,-73.59667140112668
2800.8900785589217,-73.59780068444957,-73.59780068444957
2800.900078558922,-73.59893063692711,-73.59893063692711
2800.9100785589217,-73.60006138262389,-73.60006138262389
2800.920078558922,-73.60119304407226,-73.60119304407226
2800.9300785589217,-73.6023257422792,-73.6023257422792
2800.940078558922,-73.60345959672236,-73.60345959672236
2800.9500785589216,-73.60459472536279,-73.60459472536279
2800.960078558922,-73.60573124462994,-73.60573124462994
2800.9700785589216,-73.60686926944517,-73.60686926944517
2800.980078558922,-73.6080089132032,-73.6080089132032
2800.9900785589216,-73.6091502877945,-73.6091502877945
2801.000078558922,-73.61029350358484,-73.61029350358484
2801.010078558922,-73.61143866943449,-73.61143866943449
2801.020078558922,-73.6125858926881,-73.6125858926881
2801.030078558922,-73.61373527920517,-73.61373527920517
2801.040078558922,-73.61488693333136,-73.61488693333136
2801.050078558922,-73.61604095792107,-73.61604095792107
2801.0600785589218,-73.61719745433037,-73.61719745433037
2801.070078558922,-73.61835652244835,-73.61835652244835
2801.0800785589217,-73.61951826066273,-73.61951826066273
2801.090078558922,-73.62068276590443,-73.62068276590443
2801.1000785589217,-73.62185013361363,-73.62185013361363
2801.110078558922,-73.62302045778723,-73.62302045778723
2801.1200785589217,-73.62419383096662,-73.62419383096662
2801.130078558922,-73.62537034424128,-73.62537034424128
2801.1400785589217,-73.62655008726193,-73.62655008726193
2801.150078558922,-73.62773314824037,-73.62773314824037
2801.1600785589217,-73.62891961397726,-73.62891961397726
2801.170078558922,-73.63010956984631,-73.63010956984631
2801.1800785589217,-73.63130309982556,-73.63130309982556
2801.190078558922,-73.63250028648989,-73.63250028648989
2801.2000785589216,-73.63370121103,-73.63370121103
2801.210078558922,-73.63490595325528,-73.63490595325528
2801.2200785589216,-73.63611459160983,-73.63611459160983
2801.230078558922,-73.63732720318161,-73.63732720318161
2801.2400785589216,-73.6385438637128,-73.6385438637128
2801.250078558922,-73.63976464759716,-73.63976464759716
2801.260078558922,-73.64098962792772,-73.64098962792772
2801.270078558922,-73.6422188764616,-73.6422188764616
2801.280078558922,-73.64345246365245,-73.64345246365245
2801.290078558922,-73.64469045868398,-73.64469045868398
2801.300078558922,-73.64593292943817,-73.64593292943817
2801.3100785589218,-73.6471799425359,-73.6471799425359
2801.320078558922,-73.64843156333937,-73.64843156333937
2801.3300785589217,-73.64968785596615,-73.64968785596615
2801.340078558922,-73.65094888329385,-73.65094888329385
2801.3500785589217,-73.65221470699416,-73.65221470699416
2801.360078558922,-73.65348538752357,-73.65348538752357
2801.3700785589217,-73.65476098413404,-73.65476098413404
2801.380078558922,-73.65604155489694,-73.65604155489694
2801.3900785589217,-73.6573271567064,-73.6573271567064
2801.400078558922,-73.6586178453112,-73.6586178453112
2801.4100785589217,-73.65991367529486,-73.65991367529486
2801.420078558922,-73.6612147001178,-73.6612147001178
2801.4300785589217,-73.66252097212043,-73.66252097212043
2801.440078558922,-73.66383254251171,-73.66383254251171
2801.4500785589216,-73.66514946142374,-73.66514946142374
2801.460078558922,-73.66647177789449,-73.66647177789449
2801.4700785589216,-73.6677995398819,-73.6677995398819
2801.480078558922,-73.66913279428897,-73.66913279428897
2801.4900785589216,-73.6704715869731,-73.6704715869731
2801.500078558922,-73.67181596275617,-73.67181596275617
2801.510078558922,-73.67316596542372,-73.67316596542372
2801.520078558922,-73.67452163776409,-73.67452163776409
2801.530078558922,-73.67588302155539,-73.67588302155539
2801.540078558922,-73.67725015759946,-73.67725015759946
2801.550078558922,-73.67862308569931,-73.67862308569931
2801.5600785589218,-73.68000184472302,-73.68000184472302
2801.570078558922,-73.6813864725745,-73.6813864725745
2801.5800785589217,-73.68277700621458,-73.68277700621458
2801.590078558922,-73.68417348167793,-73.68417348167793
2801.6000785827637,-73.6855759374278,-73.6855759374278
2801.610078582764,-73.6869844010307,-73.6869844010307
2801.6200785827637,-73.68839890911673,-73.68839890911673
2801.630078582764,-73.68981949412849,-73.68981949412849
2801.6400785827636,-73.69124618765386,-73.69124618765386
2801.650078582764,-73.69267902040193,-73.69267902040193
2801.6600785827636,-73.69411802224255,-73.69411802224255
2801.670078582764,-73.69556322221403,-73.69556322221403
2801.6800785827636,-73.69701464852399,-73.69701464852399
2801.690078582764,-73.69847232856904,-73.69847232856904
2801.7000785827636,-73.69993628895284,-73.69993628895284
2801.710078582764,-73.70140655546926,-73.70140655546926
2801.7200785827636,-73.7028831531547,-73.7028831531547
2801.730078582764,-73.70436610625862,-73.70436610625862
2801.7400785827635,-73.70585543827328,-73.70585543827328
2801.7500785827638,-73.70735117194654,-73.70735117194654
2801.7600785827635,-73.70885332929491,-73.70885332929491
2801.7700785827637,-73.71036193158587,-73.71036193158587
2801.7800785827635,-73.71187699940052,-73.71187699940052
2801.7900785827637,-73.713398552579,-73.713398552579
2801.8000785827635,-73.71492661028468,-73.71492661028468
2801.8100785827637,-73.71646119099616,-73.71646119099616
2801.8200785827635,-73.71800231250415,-73.71800231250415
2801.8300785827637,-73.7195499919322,-73.7195499919322
2801.8400785827635,-73.72110424574561,-73.72110424574561
2801.8500785827637,-73.72266508976298,-73.72266508976298
2801.860078582764,-73.72423253916934,-73.72423253916934
2801.8700785827637,-73.7258066085126,-73.7258066085126
2801.880078582764,-73.72738731171088,-73.72738731171088
2801.8900785827636,-73.7289746620935,-73.7289746620935
2801.900078582764,-73.73056867236338,-73.73056867236338
2801.9100785827636,-73.73216935463893,-73.73216935463893
2801.920078582764,-73.73377672047172,-73.73377672047172
2801.9300785827636,-73.73539078080542,-73.73539078080542
2801.940078582764,-73.7370115460365,-73.7370115460365
2801.9500785827636,-73.73863902599255,-73.73863902599255
2801.960078582764,-73.74027322995309,-73.74027322995309
2801.9700785827636,-73.74191416665205,-73.74191416665205
2801.980078582764,-73.7435618442976,-73.7435618442976
2801.9900785827635,-73.74521627057645,-73.74521627057645
2802.0000785827638,-73.74687745262914,-73.74687745262914
2802.0100785827635,-73.74854539711893,-73.74854539711893
2802.0200785827637,-73.7502201101807,-73.7502201101807
2802.0300785827635,-73.75190159747545,-73.75190159747545
2802.0400785827637,-73.7535898641658,-73.7535898641658
2802.0500785827635,-73.75528491493343,-73.75528491493343
2802.0600785827637,-73.75698675398101,-73.75698675398101
2802.0700785827635,-73.75869538507126,-73.75869538507126
2802.0800785827637,-73.76041081148956,-73.76041081148956
2802.0900785827635,-73.762133036067,-73.762133036067
2802.1000785827637,-73.76386206120648,-73.76386206120648
2802.110078582764,-73.76559788886568,-73.76559788886568
2802.1200785827637,-73.7673405205809,-73.7673405205809
2802.130078582764,-73.76908995744944,-73.76908995744944
2802.1400785827636,-73.77084620016807,-73.77084620016807
2802.150078582764,-73.77260924902296,-73.77260924902296
2802.1600785827636,-73.77437910388859,-73.77437910388859
2802.170078582764,-73.77615576424071,-73.77615576424071
2802.1800785827636,-73.77793922917967,-73.77793922917967
2802.190078582764,-73.7797294974181,-73.7797294974181
2802.2000785827636,-73.78152656728187,-73.78152656728187
2802.210078582764,-73.7833304367325,-73.7833304367325
2802.2200785827636,-73.78514110336891,-73.78514110336891
2802.230078582764,-73.78695856442052,-73.78695856442052
2802.2400785827635,-73.78878281677349,-73.78878281677349
2802.2500785827638,-73.7906138569592,-73.7906138569592
2802.2600785827635,-73.79245168116768,-73.79245168116768
2802.2700785827637,-73.79429628525948,-73.79429628525948
2802.2800785827635,-73.79614766475872,-73.79614766475872
2802.2900785827637,-73.79800581486109,-73.79800581486109
2802.3000785827635,-73.79987073046203,-73.79987073046203
2802.3100785827637,-73.80174240610822,-73.80174240610822
2802.3200785827635,-73.80362083607415,-73.80362083607415
2802.3300785827637,-73.80550601429492,-73.80550601429492
2802.3400785827635,-73.80739793443522,-73.80739793443522
2802.3500785827637,-73.80929658985234,-73.80929658985234
2802.360078582764,-73.81120197361076,-73.81120197361076
2802.3700785827637,-73.81311407850818,-73.81311407850818
2802.380078582764,-73.8150328970472,-73.8150328970472
2802.3900785827636,-73.81695842146802,-73.81695842146802
2802.400078582764,-73.81889064371643,-73.81889064371643
2802.4100785827636,-73.8208295555093,-73.8208295555093
2802.420078582764,-73.82277514828601,-73.82277514828601
2802.4300785827636,-73.82472741321816,-73.82472741321816
2802.440078582764,-73.82668634125504,-73.82668634125504
2802.4500786066055,-73.82865192774908,-73.82865192774908
2802.4600786066057,-73.8306241538135,-73.8306241538135
2802.4700786066055,-73.83260301429515,-73.83260301429515
2802.4800786066057,-73.83458849917191,-73.83458849917191
2802.4900786066055,-73.83658059819103,-73.83658059819103
2802.5000786066057,-73.8385793008604,-73.8385793008604
2802.5100786066055,-73.840584596482,-73.840584596482
2802.5200786066057,-73.84259647412063,-73.84259647412063
2802.5300786066055,-73.8446149226531,-73.8446149226531
2802.5400786066057,-73.846639930716,-73.846639930716
2802.5500786066054,-73.8486714867652,-73.8486714867652
2802.5600786066057,-73.8507095790397,-73.8507095790397
2802.5700786066054,-73.85275419558943,-73.85275419558943
2802.5800786066056,-73.85480532425838,-73.85480532425838
2802.5900786066054,-73.85686295271208,-73.85686295271208
2802.6000786066056,-73.85892706841784,-73.85892706841784
2802.6100786066054,-73.86099765866257,-73.86099765866257
2802.6200786066056,-73.86307471055308,-73.86307471055308
2802.6300786066054,-73.86515821102294,-73.86515821102294
2802.6400786066056,-73.8672481468221,-73.8672481468221
2802.6500786066053,-73.86934450453683,-73.86934450453683
2802.6600786066056,-73.87144727058516,-73.87144727058516
2802.6700786066053,-73.8735564312229,-73.8735564312229
2802.6800786066055,-73.87567197253188,-73.87567197253188
2802.6900786066053,-73.87779388045422,-73.87779388045422
2802.7000786066055,-73.87992214077276,-73.87992214077276
2802.7100786066057,-73.8820567391081,-73.8820567391081
2802.7200786066055,-73.88419766094476,-73.88419766094476
2802.7300786066057,-73.88634489161613,-73.88634489161613
2802.7400786066055,-73.8884984163072,-73.8884984163072
2802.7500786066057,-73.89065822007404,-73.89065822007404
2802.7600786066055,-73.89282428783177,-73.89282428783177
2802.7700786066057,-73.89499660435365,-73.89499660435365
2802.7800786066055,-73.89717515429462,-73.89717515429462
2802.7900786066057,-73.89935992217201,-73.89935992217201
2802.8000786066054,-73.9015508923832,-73.9015508923832
2802.8100786066057,-73.90374804918756,-73.90374804918756
2802.8200786066054,-73.9059513767484,-73.9059513767484
2802.8300786066056,-73.9081608590774,-73.9081608590774
2802.8400786066054,-73.91037648009947,-73.91037648009947
2802.8500786066056,-73.91259822361943,-73.91259822361943
2802.8600786066054,-73.91481553371418,-73.91481553371418
2802.8700786066056,-73.91701655038996,-73.91701655038996
2802.8800786066054,-73.9191910229964,-73.9191910229964
2802.8900786066056,-73.92133049176535,-73.92133049176535
2802.9000786066053,-73.92342797537344,-73.92342797537344
2802.9100786066056,-73.92547767666193,-73.92547767666193
2802.9200786066053,-73.92747476241593,-73.92747476241593
2802.9300786066055,-73.92941519899885,-73.92941519899885
2802.9400786066053,-73.93129562522863,-73.93129562522863
2802.9500786066055,-73.93311325076488,-73.93311325076488
2802.9600786066057,-73.93486577314306,-73.93486577314306
2802.9700786066055,-73.93655130899229,-73.93655130899229
2802.9800786066057,-73.93816833646713,-73.93816833646713
2802.9900786066055,-73.93971564668146,-73.93971564668146
2803.0000786066057,-73.94119230252544,-73.94119230252544
2803.0100786066055,-73.94259760349564,-73.94259760349564
2803.0200786066057,-73.94393105551089,-73.94393105551089
2803.0300786066055,-73.94519234495533,-73.94519234495533
2803.0400786066057,-73.94638131620624,-73.94638131620624
2803.0500786066054,-73.94749795210923,-73.94749795210923
2803.0600786066057,-73.9485423570161,-73.9485423570161
2803.0700786066054,-73.94951474193421,-73.94951474193421
2803.0800786066056,-73.95041541156213,-73.95041541156213
2803.0900786066054,-73.9512447528763,-73.9512447528763
2803.1000786066056,-73.95200322510695,-73.95200322510695
2803.1100786066054,-73.95269135093305,-73.95269135093305
2803.1200786066056,-73.95330970870329,-73.95330970870329
2803.1300786066054,-73.95385892552596,-73.95385892552596
2803.1400786066056,-73.9543396711857,-73.9543396711857
2803.1500786066053,-73.95475265277037,-73.95475265277037
2803.1600786066056,-73.95509860985203,-73.95509860985203
2803.1700786066053,-73.95537831024055,-73.95537831024055
2803.1800786066055,-73.95559254619991,-73.95559254619991
2803.1900786066053,-73.95574213106418,-73.95574213106418
2803.2000786066055,-73.95582789622696,-73.95582789622696
2803.2100786066057,-73.95585068847356,-73.95585068847356
2803.2200786066055,-73.95581136754915,-73.95581136754915
2803.2300786066057,-73.95571080403673,-73.95571080403673
2803.2400786066055,-73.95554987740795,-73.95554987740795
2803.2500786066057,-73.95532947430162,-73.95532947430162
2803.2600786066055,-73.95505048699324,-73.95505048699324
2803.2700786066057,-73.95471381197459,-73.95471381197459
2803.2800786066055,-73.95432034872164,-73.95432034872164
2803.2900786066057,-73.95387099854862,-73.95387099854862
2803.3000786304474,-73.95336666241928,-73.95336666241928
2803.3100786304476,-73.95280824468053,-73.95280824468053
2803.3200786304474,-73.95219664543647,-73.95219664543647
2803.3300786304476,-73.95153276422366,-73.95153276422366
2803.3400786304474,-73.95081749824863,-73.95081749824863
2803.3500786304476,-73.95005174179825,-73.95005174179825
2803.3600786304473,-73.94923638568879,-73.94923638568879
2803.3700786304476,-73.94837231675777,-73.94837231675777
2803.3800786304473,-73.94746041744698,-73.94746041744698
2803.3900786304475,-73.9465015653628,-73.9465015653628
2803.4000786304473,-73.94549663294676,-73.94549663294676
2803.4100786304475,-73.94444648711814,-73.94444648711814
2803.4200786304473,-73.94335198899171,-73.94335198899171
2803.4300786304475,-73.94221399361439,-73.94221399361439
2803.4400786304473,-73.94103334971923,-73.94103334971923
2803.4500786304475,-73.9398108994856,-73.9398108994856
2803.4600786304472,-73.93854747839809,-73.93854747839809
2803.4700786304475,-73.93724391501402,-73.93724391501402
2803.480078630447,-73.93590103084699,-73.93590103084699
2803.4900786304474,-73.93451964021723,-73.93451964021723
2803.500078630447,-73.93310055012658,-73.93310055012658
2803.5100786304474,-73.93164456014058,-73.93164456014058
2803.520078630447,-73.93015246231269,-73.93015246231269
2803.5300786304474,-73.92862504107889,-73.92862504107889
2803.540078630447,-73.92706307320336,-73.92706307320336
2803.5500786304474,-73.92546732769749,-73.92546732769749
2803.5600786304476,-73.92383856579055,-73.92383856579055
2803.5700786304474,-73.9221775408535,-73.9221775408535
2803.5800786304476,-73.92048499839072,-73.92048499839072
2803.5900786304474,-73.91876167600215,-73.91876167600215
2803.6000786304476,-73.91700830334536,-73.91700830334536
2803.6100786304473,-73.9152256021512,-73.9152256021512
2803.6200786304476,-73.91341428617899,-73.91341428617899
2803.6300786304473,-73.91157506124061,-73.91157506124061
2803.6400786304475,-73.90970862518164,-73.90970862518164
2803.6500786304473,-73.9078156679021,-73.9078156679021
2803.6600786304475,-73.9058968713509,-73.9058968713509
2803.6700786304473,-73.90395290955574,-73.90395290955574
2803.6800786304475,-73.90198444863701,-73.90198444863701
2803.6900786304473,-73.89999214681939,-73.89999214681939
2803.7000786304475,-73.89797665445917,-73.89797665445917
2803.7100786304472,-73.89593217140005,-73.89593217140005
2803.7200786304475,-73.8938565140613,-73.8938565140613
2803.730078630447,-73.89174893979884,-73.89174893979884
2803.7400786304474,-73.88960936879505,-73.88960936879505
2803.750078630447,-73.88743808718134,-73.88743808718134
2803.7600786304474,-73.88523559293812,-73.88523559293812
2803.770078630447,-73.88300250553091,-73.88300250553091
2803.7800786304474,-73.88073951164186,-73.88073951164186
2803.790078630447,-73.87844733253898,-73.87844733253898
2803.8000786304474,-73.87612670451784,-73.87612670451784
2803.8100786304476,-73.87377836719733,-73.87377836719733
2803.8200786304474,-73.87140305674806,-73.87140305674806
2803.8300786304476,-73.86900150192716,-73.86900150192716
2803.8400786304474,-73.86657442200661,-73.86657442200661
2803.8500786304476,-73.86412252570202,-73.86412252570202
2803.8600786304473,-73.86164651078909,-73.86164651078909
2803.8700786304476,-73.85914706408641,-73.85914706408641
2803.8800786304473,-73.85662486163952,-73.85662486163952
2803.8900786304475,-73.85408056900562,-73.85408056900562
2803.9000786304473,-73.8515148416125,-73.8515148416125
2803.9100786304475,-73.84892832508751,-73.84892832508751
2803.9200786304473,-73.84632165563109,-73.84632165563109
2803.9300786304475,-73.84369546029437,-73.84369546029437
2803.9400786304473,-73.84105035729277,-73.84105035729277
2803.9500786304475,-73.83838695625425,-73.83838695625425
2803.9600786304472,-73.83569942216188,-73.83569942216188
2803.9700786304475,-73.83298553370622,-73.83298553370622
2803.980078630447,-73.83024450935828,-73.83024450935828
2803.9900786304474,-73.8274762299218,-73.8274762299218
2804.000078630447,-73.82468094197664,-73.82468094197664
2804.0100786304474,-73.82185910394305,-73.82185910394305
2804.020078630447,-73.81901129582107,-73.81901129582107
2804.0300786304474,-73.81613816501999,-73.81613816501999
2804.040078630447,-73.81324039377962,-73.81324039377962
2804.0500786304474,-73.81031867962513,-73.81031867962513
2804.0600786304476,-73.80737372374153,-73.80737372374153
2804.0700786304474,-73.80440622421357,-73.80440622421357
2804.0800786304476,-73.80141687209164,-73.80141687209164
2804.0900786304474,-73.79840634931296,-73.79840634931296
2804.1000786304476,-73.79537532767797,-73.79537532767797
2804.1100786304473,-73.79232446847556,-73.79232446847556
2804.1200786304476,-73.78925442243283,-73.78925442243283
2804.1300786304473,-73.78616582996978,-73.78616582996978
2804.1400786304475,-73.78305932144136,-73.78305932144136
2804.1500786542892,-73.77993551006399,-73.77993551006399
2804.1600786542895,-73.77679502199264,-73.77679502199264
2804.1700786542892,-73.77363845214636,-73.77363845214636
2804.1800786542894,-73.77046639412474,-73.77046639412474
2804.190078654289,-73.76727943312247,-73.76727943312247
2804.2000786542894,-73.76407814616552,-73.76407814616552
2804.210078654289,-73.76086310236177,-73.76086310236177
2804.2200786542894,-73.75763486309545,-73.75763486309545
2804.230078654289,-73.75439398220041,-73.75439398220041
2804.2400786542894,-73.75114100613406,-73.75114100613406
2804.250078654289,-73.74787647409603,-73.74787647409603
2804.2600786542894,-73.7446009181688,-73.7446009181688
2804.270078654289,-73.7413148634244,-73.7413148634244
2804.2800786542894,-73.73801882802248,-73.73801882802248
2804.290078654289,-73.73471332330804,-73.73471332330804
2804.3000786542893,-73.73139885388653,-73.73139885388653
2804.310078654289,-73.72807591769865,-73.72807591769865
2804.3200786542893,-73.7247450061049,-73.7247450061049
2804.330078654289,-73.72140660392128,-73.72140660392128
2804.3400786542893,-73.7180611894992,-73.7180611894992
2804.350078654289,-73.71470923479694,-73.71470923479694
2804.3600786542893,-73.71135120540907,-73.71135120540907
2804.370078654289,-73.70798756063276,-73.70798756063276
2804.3800786542893,-73.7046187535083,-73.7046187535083
2804.390078654289,-73.70124523090097,-73.70124523090097
2804.4000786542892,-73.69786743351483,-73.69786743351483
2804.4100786542895,-73.69448579595243,-73.69448579595243
2804.4200786542892,-73.6911007467734,-73.6911007467734
2804.4300786542894,-73.68771270851919,-73.68771270851919
2804.440078654289,-73.68432209780737,-73.68432209780737
2804.4500786542894,-73.68092932531721,-73.68092932531721
2804.460078654289,-73.67753479587972,-73.67753479587972
2804.4700786542894,-73.67413890850604,-73.67413890850604
2804.480078654289,-73.67074205646307,-73.67074205646307
2804.4900786542894,-73.66734462727607,-73.66734462727607
2804.500078654289,-73.66394700282596,-73.66394700282596
2804.5100786542894,-73.66054955935546,-73.66054955935546
2804.520078654289,-73.65715266754178,-73.65715266754178
2804.5300786542894,-73.6537566925378,-73.6537566925378
2804.540078654289,-73.65036199403147,-73.65036199403147
2804.5500786542893,-73.64696892626564,-73.64696892626564
2804.560078654289,-73.64357783813412,-73.64357783813412
2804.5700786542893,-73.64018907318935,-73.64018907318935
2804.580078654289,-73.63680296971519,-73.63680296971519
2804.5900786542893,-73.63341986076755,-73.63341986076755
2804.600078654289,-73.63004007423312,-73.63004007423312
2804.6100786542893,-73.62666393286351,-73.62666393286351
2804.620078654289,-73.62329175434161,-73.62329175434161
2804.6300786542893,-73.61992385132743,-73.61992385132743
2804.640078654289,-73.61656053151772,-73.61656053151772
2804.6500786542892,-73.61320209767462,-73.61320209767462
2804.6600786542895,-73.60984884770492,-73.60984884770492
2804.6700786542892,-73.6065010746829,-73.6065010746829
2804.6800786542894,-73.60315906690981,-73.60315906690981
2804.690078654289,-73.59982310798847,-73.59982310798847
2804.7000786542894,-73.59649347684287,-73.59649347684287
2804.710078654289,-73.59316403493652,-73.59316403493652
2804.7200786542894,-73.5898322497173,-73.5898322497173
2804.730078654289,-73.58649702732916,-73.58649702732916
2804.7400786542894,-73.58315793749098,-73.58315793749098
2804.750078654289,-73.5798149177421,-73.5798149177421
2804.7600786542894,-73.57646811982043,-73.57646811982043
2804.770078654289,-73.57311781956517,-73.57311781956517
2804.7800786542894,-73.56976436278713,-73.56976436278713
2804.790078654289,-73.5664081327259,-73.5664081327259
2804.8000786542893,-73.56304953047645,-73.56304953047645
2804.810078654289,-73.55968896340453,-73.55968896340453
2804.8200786542893,-73.55632683833181,-73.55632683833181
2804.830078654289,-73.55296355762422,-73.55296355762422
2804.8400786542893,-73.5495995171145,-73.5495995171145
2804.850078654289,-73.54623510506615,-73.54623510506615
2804.8600786542893,-73.54287070179703,-73.54287070179703
2804.870078654289,-73.5395066796849,-73.5395066796849
2804.8800786542893,-73.53614340332479,-73.53614340332479
2804.890078654289,-73.53278122986399,-73.53278122986399
2804.9000786542892,-73.52942050934901,-73.52942050934901
2804.9100786542895,-73.52606158506138,-73.52606158506138
2804.9200786542892,-73.52270479387333,-73.52270479387333
2804.9300786542894,-73.51935046655831,-73.51935046655831
2804.940078654289,-73.51599892806651,-73.51599892806651
2804.9500786542894,-73.51265049780199,-73.51265049780199
2804.960078654289,-73.50930548985497,-73.50930548985497
2804.9700786542894,-73.50596421317525,-73.50596421317525
2804.980078654289,-73.5026269717774,-73.5026269717774
2804.9900786542894,-73.49929406487333,-73.49929406487333
2805.000078678131,-73.4959657791124,-73.4959657791124
2805.0100786781313,-73.49264242039018,-73.49264242039018
2805.020078678131,-73.48932426639331,-73.48932426639331
2805.0300786781313,-73.48601159839825,-73.48601159839825
2805.040078678131,-73.48270469343764,-73.48270469343764
2805.0500786781313,-73.47940382437696,-73.47940382437696
2805.060078678131,-73.47610925996189,-73.47610925996189
2805.0700786781313,-73.47282126490772,-73.47282126490772
2805.080078678131,-73.46954009992733,-73.46954009992733
2805.0900786781312,-73.46626602178978,-73.46626602178978
2805.100078678131,-73.46299928339216,-73.46299928339216
2805.1100786781312,-73.45974013376068,-73.45974013376068
2805.120078678131,-73.45648881811994,-73.45648881811994
2805.130078678131,-73.45324557792227,-73.45324557792227
2805.140078678131,-73.450010650881,-73.450010650881
2805.150078678131,-73.44678427101348,-73.44678427101348
2805.160078678131,-73.44356666868036,-73.44356666868036
2805.170078678131,-73.44035807059353,-73.44035807059353
2805.180078678131,-73.43715869987567,-73.43715869987567
2805.190078678131,-73.43396877607324,-73.43396877607324
2805.200078678131,-73.43078851520876,-73.43078851520876
2805.210078678131,-73.42761812977434,-73.42761812977434
2805.220078678131,-73.42445782880836,-73.42445782880836
2805.230078678131,-73.42130781788251,-73.42130781788251
2805.240078678131,-73.41816829916748,-73.41816829916748
2805.250078678131,-73.41503947143235,-73.41503947143235
2805.2600786781313,-73.41192153010559,-73.41192153010559
2805.270078678131,-73.408814667269,-73.408814667269
2805.2800786781313,-73.40571907171895,-73.40571907171895
2805.290078678131,-73.40263492898296,-73.40263492898296
2805.3000786781313,-73.39956242135398,-73.39956242135398
2805.310078678131,-73.3965017278974,-73.3965017278974
2805.3200786781313,-73.39345302452644,-73.39345302452644
2805.330078678131,-73.39041648399592,-73.39041648399592
2805.3400786781312,-73.3873922759432,-73.3873922759432
2805.350078678131,-73.38438056691675,-73.38438056691675
2805.3600786781312,-73.38138152041053,-73.38138152041053
2805.370078678131,-73.37839529689549,-73.37839529689549
2805.380078678131,-73.37542205383578,-73.37542205383578
2805.390078678131,-73.3724619457537,-73.3724619457537
2805.400078678131,-73.3695151242133,-73.3695151242133
2805.410078678131,-73.36658173788825,-73.36658173788825
2805.420078678131,-73.36366193256873,-73.36366193256873
2805.430078678131,-73.36075585121598,-73.36075585121598
2805.440078678131,-73.35786363396423,-73.35786363396423
2805.450078678131,-73.35498541817755,-73.35498541817755
2805.460078678131,-73.35212133846684,-73.35212133846684
2805.470078678131,-73.34927152672519,-73.34927152672519
2805.480078678131,-73.3464361121489,-73.3464361121489
2805.490078678131,-73.34361522128393,-73.34361522128393
2805.500078678131,-73.34080897803871,-73.34080897803871
2805.5100786781313,-73.33801750373442,-73.33801750373442
2805.520078678131,-73.33524091710918,-73.33524091710918
2805.5300786781313,-73.33247933437904,-73.33247933437904
2805.540078678131,-73.32973286924656,-73.32973286924656
2805.5500786781313,-73.32700163292814,-73.32700163292814
2805.560078678131,-73.32428573420694,-73.32428573420694
2805.5700786781313,-73.32158527943669,-73.32158527943669
2805.580078678131,-73.31890037258478,-73.31890037258478
2805.5900786781312,-73.316231115254,-73.316231115254
2805.600078678131,-73.31357760673252,-73.31357760673252
2805.6100786781312,-73.31093994399323,-73.31093994399323
2805.620078678131,-73.30831822174049,-73.30831822174049
2805.630078678131,-73.30571253242985,-73.30571253242985
2805.640078678131,-73.30312296631378,-73.30312296631378
2805.650078678131,-73.30054961144144,-73.30054961144144
2805.660078678131,-73.29799255371933,-73.29799255371933
2805.670078678131,-73.29545187691818,-73.29545187691818
2805.680078678131,-73.29292766269552,-73.29292766269552
2805.690078678131,-73.29041999065213,-73.29041999065213
2805.700078678131,-73.2879289383187,-73.2879289383187
2805.710078678131,-73.28545458122282,-73.28545458122282
2805.720078678131,-73.28299699288658,-73.28299699288658
2805.730078678131,-73.28055624487001,-73.28055624487001
2805.740078678131,-73.27813240679346,-73.27813240679346
2805.750078678131,-73.27572554635536,-73.27572554635536
2805.7600786781313,-73.27333572937246,-73.27333572937246
2805.770078678131,-73.27096301979142,-73.27096301979142
2805.7800786781313,-73.26860747972306,-73.26860747972306
2805.790078678131,-73.26626916947224,-73.26626916947224
2805.8000786781313,-73.26394814754882,-73.26394814754882
2805.810078678131,-73.26164447069253,-73.26164447069253
2805.8200786781313,-73.25935819392389,-73.25935819392389
2805.830078678131,-73.25708937054074,-73.25708937054074
2805.8400786781312,-73.2548380521446,-73.2548380521446
2805.850078701973,-73.25260428335727,-73.25260428335727
2805.860078701973,-73.2503881231536,-73.2503881231536
2805.870078701973,-73.24818961285621,-73.24818961285621
2805.880078701973,-73.24600879753662,-73.24600879753662
2805.890078701973,-73.24384572071492,-73.24384572071492
2805.900078701973,-73.24170042433228,-73.24170042433228
2805.910078701973,-73.23957294882786,-73.23957294882786
2805.920078701973,-73.2374633331246,-73.2374633331246
2805.930078701973,-73.23537161465332,-73.23537161465332
2805.940078701973,-73.2332978293873,-73.2332978293873
2805.950078701973,-73.23124201186134,-73.23124201186134
2805.960078701973,-73.22920419518627,-73.22920419518627
2805.970078701973,-73.22718441106825,-73.22718441106825
2805.980078701973,-73.22518268983859,-73.22518268983859
2805.990078701973,-73.22319906047701,-73.22319906047701
2806.000078701973,-73.22123355061122,-73.22123355061122
2806.010078701973,-73.21928618655362,-73.21928618655362
2806.020078701973,-73.21735699332241,-73.21735699332241
2806.030078701973,-73.21544599465514,-73.21544599465514
2806.040078701973,-73.21355321301888,-73.21355321301888
2806.050078701973,-73.2116786696504,-73.2116786696504
2806.060078701973,-73.20982238455328,-73.20982238455328
2806.0700787019728,-73.20798437653822,-73.20798437653822
2806.080078701973,-73.20616466322275,-73.20616466322275
2806.0900787019727,-73.20436326105464,-73.20436326105464
2806.100078701973,-73.20258018533683,-73.20258018533683
2806.110078701973,-73.20081545022815,-73.20081545022815
2806.120078701973,-73.19906906878259,-73.19906906878259
2806.130078701973,-73.19734105295088,-73.19734105295088
2806.140078701973,-73.19563141360497,-73.19563141360497
2806.150078701973,-73.19394016054696,-73.19394016054696
2806.160078701973,-73.19226730253891,-73.19226730253891
2806.170078701973,-73.1906128473079,-73.1906128473079
2806.180078701973,-73.18897680155779,-73.18897680155779
2806.190078701973,-73.18735917099181,-73.18735917099181
2806.200078701973,-73.18575996034096,-73.18575996034096
2806.210078701973,-73.18417279486205,-73.18417279486205
2806.220078701973,-73.18259488894554,-73.18259488894554
2806.230078701973,-73.18102489117628,-73.18102489117628
2806.240078701973,-73.17946211355435,-73.17946211355435
2806.250078701973,-73.17790623735964,-73.17790623735964
2806.260078701973,-73.17635716032619,-73.17635716032619
2806.270078701973,-73.17481490698059,-73.17481490698059
2806.280078701973,-73.17327957478705,-73.17327957478705
2806.290078701973,-73.17175130167954,-73.17175130167954
2806.300078701973,-73.17023024665347,-73.17023024665347
2806.310078701973,-73.16871657813077,-73.16871657813077
2806.3200787019728,-73.16721046716941,-73.16721046716941
2806.330078701973,-73.16571208358017,-73.16571208358017
2806.3400787019727,-73.16422159379283,-73.16422159379283
2806.350078701973,-73.16273915982764,-73.16273915982764
2806.360078701973,-73.16126493886901,-73.16126493886901
2806.370078701973,-73.15979908322385,-73.15979908322385
2806.380078701973,-73.15834174050808,-73.15834174050808
2806.390078701973,-73.15689305392033,-73.15689305392033
2806.400078701973,-73.15545316252961,-73.15545316252961
2806.410078701973,-73.15402220163323,-73.15402220163323
2806.420078701973,-73.15260030303341,-73.15260030303341
2806.430078701973,-73.15118759533618,-73.15118759533618
2806.440078701973,-73.14978420420456,-73.14978420420456
2806.450078701973,-73.14839025259084,-73.14839025259084
2806.460078701973,-73.14700586093507,-73.14700586093507
2806.470078701973,-73.14563114732329,-73.14563114732329
2806.480078701973,-73.14426622762927,-73.14426622762927
2806.490078701973,-73.14291121566161,-73.14291121566161
2806.500078701973,-73.14156622325493,-73.14156622325493
2806.510078701973,-73.14023136036813,-73.14023136036813
2806.520078701973,-73.13890673513602,-73.13890673513602
2806.530078701973,-73.13759245397311,-73.13759245397311
2806.540078701973,-73.1362886215929,-73.1362886215929
2806.550078701973,-73.13499534104852,-73.13499534104852
2806.560078701973,-73.13371271380908,-73.13371271380908
2806.5700787019728,-73.13244083974769,-73.13244083974769
2806.580078701973,-73.13117981718837,-73.13117981718837
2806.5900787019727,-73.12992974292513,-73.12992974292513
2806.600078701973,-73.12869071222791,-73.12869071222791
2806.610078701973,-73.12746281887411,-73.12746281887411
2806.620078701973,-73.12624615513981,-73.12624615513981
2806.630078701973,-73.12504081182209,-73.12504081182209
2806.640078701973,-73.12384687825637,-73.12384687825637
2806.650078701973,-73.12266444230481,-73.12266444230481
2806.660078701973,-73.12149359036538,-73.12149359036538
2806.670078701973,-73.12033440738804,-73.12033440738804
2806.680078701973,-73.11918697687459,-73.11918697687459
2806.690078701973,-73.11805138087183,-73.11805138087183
2806.700078725815,-73.1169276973125,-73.1169276973125
2806.710078725815,-73.11581601074344,-73.11581601074344
2806.720078725815,-73.1147163961899,-73.1147163961899
2806.730078725815,-73.11362892995476,-73.11362892995476
2806.740078725815,-73.11255368691222,-73.11255368691222
2806.750078725815,-73.11149074050707,-73.11149074050707
2806.7600787258148,-73.1104401627715,-73.1104401627715
2806.770078725815,-73.10940202431205,-73.10940202431205
2806.7800787258147,-73.10837639433103,-73.10837639433103
2806.790078725815,-73.10736334062896,-73.10736334062896
2806.8000787258147,-73.10636292960649,-73.10636292960649
2806.810078725815,-73.10537522625695,-73.10537522625695
2806.8200787258147,-73.10440029419546,-73.10440029419546
2806.830078725815,-73.10343819565743,-73.10343819565743
2806.8400787258147,-73.10248899148596,-73.10248899148596
2806.850078725815,-73.10155274117292,-73.10155274117292
2806.8600787258147,-73.10062950284244,-73.10062950284244
2806.870078725815,-73.09971933326145,-73.09971933326145
2806.8800787258147,-73.09882228785798,-73.09882228785798
2806.890078725815,-73.09793842071697,-73.09793842071697
2806.9000787258146,-73.0970677845919,-73.0970677845919
2806.910078725815,-73.09621043092389,-73.09621043092389
2806.9200787258146,-73.0953664098392,-73.0953664098392
2806.930078725815,-73.09453577016203,-73.09453577016203
2806.9400787258146,-73.0937185594304,-73.0937185594304
2806.950078725815,-73.09291482388814,-73.09291482388814
2806.960078725815,-73.09211823735728,-73.09211823735728
2806.970078725815,-73.09132605750352,-73.09132605750352
2806.980078725815,-73.09053697385879,-73.09053697385879
2806.990078725815,-73.08975033815044,-73.08975033815044
2807.000078725815,-73.0889658705603,-73.0889658705603
2807.0100787258148,-73.08818350713628,-73.08818350713628
2807.020078725815,-73.08740331024357,-73.08740331024357
2807.0300787258147,-73.08662541481925,-73.08662541481925
2807.040078725815,-73.08584999596216,-73.08584999596216
2807.0500787258147,-73.0850772495306,-73.0850772495306
2807.060078725815,-73.08430738054555,-73.08430738054555
2807.0700787258147,-73.08354059641495,-73.08354059641495
2807.080078725815,-73.08277710302627,-73.08277710302627
2807.0900787258147,-73.0820171026404,-73.0820171026404
2807.100078725815,-73.0812607928307,-73.0812607928307
2807.1100787258147,-73.08050836608496,-73.08050836608496
2807.120078725815,-73.07976000975657,-73.07976000975657
2807.1300787258147,-73.07901590622349,-73.07901590622349
2807.140078725815,-73.07827623315838,-73.07827623315838
2807.1500787258146,-73.07754116384876,-73.07754116384876
2807.160078725815,-73.07681086750206,-73.07681086750206
2807.1700787258146,-73.07608550956006,-73.07608550956006
2807.180078725815,-73.07536525197767,-73.07536525197767
2807.1900787258146,-73.07465025347804,-73.07465025347804
2807.200078725815,-73.07394066976697,-73.07394066976697
2807.210078725815,-73.07323028449773,-73.07323028449773
2807.220078725815,-73.07251646274119,-73.07251646274119
2807.230078725815,-73.07179799979824,-73.07179799979824
2807.240078725815,-73.07107435183916,-73.07107435183916
2807.250078725815,-73.07034534234747,-73.07034534234747
2807.2600787258148,-73.06961100966356,-73.06961100966356
2807.270078725815,-73.06887151753594,-73.06887151753594
2807.2800787258147,-73.06812710144693,-73.06812710144693
2807.290078725815,-73.06737803624601,-73.06737803624601
2807.3000787258147,-73.06662461680075,-73.06662461680075
2807.310078725815,-73.06586714644246,-73.06586714644246
2807.3200787258147,-73.06510593016709,-73.06510593016709
2807.330078725815,-73.06434127080028,-73.06434127080028
2807.3400787258147,-73.06357346685571,-73.06357346685571
2807.350078725815,-73.06280281149381,-73.06280281149381
2807.3600787258147,-73.06202959212871,-73.06202959212871
2807.370078725815,-73.06125409037016,-73.06125409037016
2807.3800787258147,-73.0604765821883,-73.0604765821883
2807.390078725815,-73.05969733817221,-73.05969733817221
2807.4000787258146,-73.05891662384971,-73.05891662384971
2807.410078725815,-73.05813469998682,-73.05813469998682
2807.4200787258146,-73.057351822888,-73.057351822888
2807.430078725815,-73.05656824467498,-73.05656824467498
2807.4400787258146,-73.05578421351716,-73.05578421351716
2807.450078725815,-73.05499997386755,-73.05499997386755
2807.460078725815,-73.05421576664611,-73.05421576664611
2807.470078725815,-73.05343182939309,-73.05343182939309
2807.480078725815,-73.05264839640627,-73.05264839640627
2807.490078725815,-73.05186569887336,-73.05186569887336
2807.500078725815,-73.05108396494411,-73.05108396494411
2807.5100787258148,-73.05030341984586,-73.05030341984586
2807.520078725815,-73.04952428591668,-73.04952428591668
2807.5300787258147,-73.0487467827037,-73.0487467827037
2807.540078725815,-73.04797112696485,-73.04797112696485
2807.5500787496567,-73.0471975309105,-73.0471975309105
2807.560078749657,-73.04642620957718,-73.04642620957718
2807.5700787496567,-73.04565736982616,-73.04565736982616
2807.580078749657,-73.04489121769828,-73.04489121769828
2807.5900787496566,-73.04412795662769,-73.04412795662769
2807.600078749657,-73.04336778742932,-73.04336778742932
2807.6100787496566,-73.04261090833654,-73.04261090833654
2807.620078749657,-73.04185751500093,-73.04185751500093
2807.6300787496566,-73.04110780049548,-73.04110780049548
2807.640078749657,-73.04036195534191,-73.04036195534191
2807.6500787496566,-73.03962016750882,-73.03962016750882
2807.660078749657,-73.03888262241088,-73.03888262241088
2807.6700787496566,-73.03814950293578,-73.03814950293578
2807.680078749657,-73.03742098942271,-73.03742098942271
2807.6900787496565,-73.03669725971358,-73.03669725971358
2807.7000787496568,-73.0359784891209,-73.0359784891209
2807.7100787496565,-73.0352648504412,-73.0352648504412
2807.7200787496568,-73.03455651397785,-73.03455651397785
2807.7300787496565,-73.03385364755397,-73.03385364755397
2807.7400787496567,-73.03315641649625,-73.03315641649625
2807.7500787496565,-73.03246498366933,-73.03246498366933
2807.7600787496567,-73.03177950945562,-73.03177950945562
2807.7700787496565,-73.03110015180158,-73.03110015180158
2807.7800787496567,-73.03042706620903,-73.03042706620903
2807.7900787496565,-73.02976040574369,-73.02976040574369
2807.8000787496567,-73.02910032106419,-73.02910032106419
2807.810078749657,-73.02844696040478,-73.02844696040478
2807.8200787496567,-73.02780046962869,-73.02780046962869
2807.830078749657,-73.02716099219573,-73.02716099219573
2807.8400787496566,-73.02652866922764,-73.02652866922764
2807.850078749657,-73.0259036394767,-73.0259036394767
2807.8600787496566,-73.02528603936607,-73.02528603936607
2807.870078749657,-73.0246760029962,-73.0246760029962
2807.8800787496566,-73.02407366217581,-73.02407366217581
2807.890078749657,-73.02347914641447,-73.02347914641447
2807.9000787496566,-73.02289258295286,-73.02289258295286
2807.910078749657,-73.02231409678653,-73.02231409678653
2807.9200787496566,-73.02174381066828,-73.02174381066828
2807.930078749657,-73.02118184513795,-73.02118184513795
2807.9400787496565,-73.02062831853034,-73.02062831853034
2807.9500787496568,-73.0200833470201,-73.0200833470201
2807.9600787496565,-73.01954068094139,-73.01954068094139
2807.9700787496568,-73.01899764972343,-73.01899764972343
2807.9800787496565,-73.0184530121305,-73.0184530121305
2807.9900787496567,-73.01790618744076,-73.01790618744076
2808.0000787496565,-73.01735696208323,-73.01735696208323
2808.0100787496567,-73.01680533717949,-73.01680533717949
2808.0200787496565,-73.01625143919394,-73.01625143919394
2808.0300787496567,-73.01569546619616,-73.01569546619616
2808.0400787496565,-73.01513765555582,-73.01513765555582
2808.0500787496567,-73.01457826455275,-73.01457826455275
2808.060078749657,-73.01401755883104,-73.01401755883104
2808.0700787496567,-73.01345580560256,-73.01345580560256
2808.080078749657,-73.01289326980931,-73.01289326980931
2808.0900787496566,-73.01233021198122,-73.01233021198122
2808.100078749657,-73.01176688722568,-73.01176688722568
2808.1100787496566,-73.01120354480994,-73.01120354480994
2808.120078749657,-73.01064042811664,-73.01064042811664
2808.1300787496566,-73.01007777484624,-73.01007777484624
2808.140078749657,-73.00951581726954,-73.00951581726954
2808.1500787496566,-73.00895478255768,-73.00895478255768
2808.160078749657,-73.00839489309344,-73.00839489309344
2808.1700787496566,-73.00783636681102,-73.00783636681102
2808.180078749657,-73.00727941744967,-73.00727941744967
2808.1900787496565,-73.00672425484956,-73.00672425484956
2808.2000787496568,-73.00617108515402,-73.00617108515402
2808.2100787496565,-73.00562011103602,-73.00562011103602
2808.2200787496568,-73.00507153185303,-73.00507153185303
2808.2300787496565,-73.00452554382015,-73.00452554382015
2808.2400787496567,-73.00398234012758,-73.00398234012758
2808.2500787496565,-73.00344211106857,-73.00344211106857
2808.2600787496567,-73.00290504411869,-73.00290504411869
2808.2700787496565,-73.00237132401875,-73.00237132401875
2808.2800787496567,-73.00184113286616,-73.00184113286616
2808.2900787496565,-73.00131465015683,-73.00131465015683
2808.3000787496567,-73.0007920528431,-73.0007920528431
2808.310078749657,-73.00027351538421,-73.00027351538421
2808.3200787496567,-72.99975920977832,-72.99975920977832
2808.330078749657,-72.99924930559489,-72.99924930559489
2808.3400787496566,-72.99874397000794,-72.99874397000794
2808.350078749657,-72.99824336782412,-72.99824336782412
2808.3600787496566,-72.9977476614966,-72.9977476614966
2808.370078749657,-72.99725701115706,-72.99725701115706
2808.3800787496566,-72.99677157463059,-72.99677157463059
2808.390078749657,-72.9962915074424,-72.9962915074424
2808.4000787734985,-72.99581696172066,-72.99581696172066
2808.4100787734988,-72.99534809071604,-72.99534809071604
2808.4200787734985,-72.99488504204206,-72.99488504204206
2808.4300787734987,-72.9944279622141,-72.9944279622141
2808.4400787734985,-72.9939769955085,-72.9939769955085
2808.4500787734987,-72.9935322840082,-72.9935322840082
2808.4600787734985,-72.9930939676019,-72.9930939676019
2808.4700787734987,-72.99266218397754,-72.99266218397754
2808.4800787734985,-72.99223706867198,-72.99223706867198
2808.4900787734987,-72.99181875505963,-72.99181875505963
2808.5000787734984,-72.99140737434911,-72.99140737434911
2808.5100787734987,-72.99100305564619,-72.99100305564619
2808.5200787734984,-72.99060592591043,-72.99060592591043
2808.5300787734986,-72.99021611000865,-72.99021611000865
2808.5400787734984,-72.9898337307076,-72.9898337307076
2808.5500787734986,-72.98945890869481,-72.98945890869481
2808.5600787734984,-72.98909176260067,-72.98909176260067
2808.5700787734986,-72.98873240899323,-72.98873240899323
2808.5800787734984,-72.98838096241575,-72.98838096241575
2808.5900787734986,-72.98803753537818,-72.98803753537818
2808.6000787734984,-72.98770223838713,-72.98770223838713
2808.6100787734986,-72.9873751799574,-72.9873751799574
2808.6200787734983,-72.98705646663592,-72.98705646663592
2808.6300787734986,-72.98674620299343,-72.98674620299343
2808.6400787734983,-72.98644449167632,-72.98644449167632
2808.6500787734985,-72.98615143339066,-72.98615143339066
2808.6600787734988,-72.98586712693584,-72.98586712693584
2808.6700787734985,-72.98559166922327,-72.98559166922327
2808.6800787734987,-72.98532515527914,-72.98532515527914
2808.6900787734985,-72.98506767826933,-72.98506767826933
2808.7000787734987,-72.98481932951645,-72.98481932951645
2808.7100787734985,-72.98458019853285,-72.98458019853285
2808.7200787734987,-72.98435037300283,-72.98435037300283
2808.7300787734985,-72.98412993883574,-72.98412993883574
2808.7400787734987,-72.98391898016192,-72.98391898016192
2808.7500787734984,-72.98371757936057,-72.98371757936057
2808.7600787734987,-72.98352581706729,-72.98352581706729
2808.7700787734984,-72.98334377220995,-72.98334377220995
2808.7800787734986,-72.98317152201443,-72.98317152201443
2808.7900787734984,-72.98300914202564,-72.98300914202564
2808.8000787734986,-72.9828567061177,-72.9828567061177
2808.8100787734984,-72.98271428652137,-72.98271428652137
2808.8200787734986,-72.98258195384997,-72.98258195384997
2808.8300787734984,-72.9824597770951,-72.9824597770951
2808.8400787734986,-72.98234782366922,-72.98234782366922
2808.8500787734984,-72.98224615940573,-72.98224615940573
2808.8600787734986,-72.98215484858812,-72.98215484858812
2808.8700787734983,-72.9820739539603,-72.9820739539603
2808.8800787734986,-72.98200353674835,-72.98200353674835
2808.8900787734983,-72.98194365667914,-72.98194365667914
2808.9000787734985,-72.98189437201164,-72.98189437201164
2808.9100787734988,-72.98185573952179,-72.98185573952179
2808.9200787734985,-72.98182781455874,-72.98182781455874
2808.9300787734987,-72.98181065102487,-72.98181065102487
2808.9400787734985,-72.981804301425,-72.981804301425
2808.9500787734987,-72.9818088168772,-72.9818088168772
2808.9600787734985,-72.9818242471172,-72.9818242471172
2808.9700787734987,-72.98185064052902,-72.98185064052902
2808.9800787734985,-72.98188804415749,-72.98188804415749
2808.9900787734987,-72.98193650371394,-72.98193650371394
2809.0000787734984,-72.98199606362849,-72.98199606362849
2809.0100787734987,-72.98206676702061,-72.98206676702061
2809.0200787734984,-72.98214865575832,-72.98214865575832
2809.0300787734986,-72.98224177044564,-72.98224177044564
2809.0400787734984,-72.98234615045808,-72.98234615045808
2809.0500787734986,-72.98246183393844,-72.98246183393844
2809.0600787734984,-72.98258885784631,-72.98258885784631
2809.0700787734986,-72.98272725793367,-72.98272725793367
2809.0800787734984,-72.98287706880558,-72.98287706880558
2809.0900787734986,-72.98303832388909,-72.98303832388909
2809.1000787734984,-72.98321105548747,-72.98321105548747
2809.1100787734986,-72.9833952947797,-72.9833952947797
2809.1200787734983,-72.98359107183624,-72.98359107183624
2809.1300787734986,-72.98379841563884,-72.98379841563884
2809.1400787734983,-72.9840173540927,-72.9840173540927
2809.1500787734985,-72.98424791403883,-72.98424791403883
2809.1600787734988,-72.98449012128351,-72.98449012128351
2809.1700787734985,-72.98474400059011,-72.98474400059011
2809.1800787734987,-72.98500957572202,-72.98500957572202
2809.1900787734985,-72.98528686942849,-72.98528686942849
2809.2000787734987,-72.98557590347718,-72.98557590347718
2809.2100787734985,-72.98587669867493,-72.98587669867493
2809.2200787734987,-72.98618927484812,-72.98618927484812
2809.2300787734985,-72.9865136509104,-72.9865136509104
2809.2400787734987,-72.9868498448187,-72.9868498448187
2809.2500787973404,-72.98719787446575,-72.98719787446575
2809.2600787973406,-72.9875577543639,-72.9875577543639
2809.2700787973404,-72.98792950058149,-72.98792950058149
2809.2800787973406,-72.98831312751018,-72.98831312751018
2809.2900787973404,-72.98870864866998,-72.98870864866998
2809.3000787973406,-72.98911607674115,-72.98911607674115
2809.3100787973403,-72.9895354235739,-72.9895354235739
2809.3200787973406,-72.98996670018457,-72.98996670018457
2809.3300787973403,-72.99040991678014,-72.99040991678014
2809.3400787973405,-72.99086508277725,-72.99086508277725
2809.3500787973403,-72.99133220679609,-72.99133220679609
2809.3600787973405,-72.99181129670473,-72.99181129670473
2809.3700787973403,-72.99230235958098,-72.99230235958098
2809.3800787973405,-72.99280540177499,-72.99280540177499
2809.3900787973403,-72.99332042889176,-72.99332042889176
2809.4000787973405,-72.9938474458077,-72.9938474458077
2809.4100787973402,-72.9943864566879,-72.9943864566879
2809.4200787973405,-72.9949374649876,-72.9949374649876
2809.4300787973402,-72.99550047348674,-72.99550047348674
2809.4400787973404,-72.99607548425674,-72.99607548425674
2809.45007879734,-72.9966624987286,-72.9966624987286
2809.4600787973404,-72.99726151764563,-72.99726151764563
2809.47007879734,-72.99787254112661,-72.99787254112661
2809.4800787973404,-72.99849556862925,-72.99849556862925
2809.49007879734,-72.99913059899971,-72.99913059899971
2809.5000787973404,-72.99977763045966,-72.99977763045966
2809.5100787973406,-73.00043666062099,-73.00043666062099
2809.5200787973404,-73.00110768649913,-73.00110768649913
2809.5300787973406,-73.001790704521,-73.001790704521
2809.5400787973404,-73.0024857105349,-73.0024857105349
2809.5500787973406,-73.00319269981716,-73.00319269981716
2809.5600787973403,-73.0039116670843,-73.0039116670843
2809.5700787973406,-73.00464260650203,-73.00464260650203
2809.5800787973403,-73.00538551170428,-73.00538551170428
2809.5900787973405,-73.00614037577739,-73.00614037577739
2809.6000787973403,-73.00690719130134,-73.00690719130134
2809.6100787973405,-73.00768595031413,-73.00768595031413
2809.6200787973403,-73.00847664437389,-73.00847664437389
2809.6300787973405,-73.00927926453325,-73.00927926453325
2809.6400787973403,-73.01009380134735,-73.01009380134735
2809.6500787973405,-73.01092024489934,-73.01092024489934
2809.6600787973402,-73.01175858480134,-73.01175858480134
2809.6700787973405,-73.01260881018979,-73.01260881018979
2809.6800787973402,-73.01347090976101,-73.01347090976101
2809.6900787973404,-73.01434487174265,-73.01434487174265
2809.70007879734,-73.01523068394103,-73.01523068394103
2809.7100787973404,-73.01612833371583,-73.01612833371583
2809.72007879734,-73.01703780800096,-73.01703780800096
2809.7300787973404,-73.01795909331949,-73.01795909331949
2809.74007879734,-73.0188921757745,-73.0188921757745
2809.7500787973404,-73.01983704107049,-73.01983704107049
2809.7600787973406,-73.02079367452679,-73.02079367452679
2809.7700787973404,-73.02176206105639,-73.02176206105639
2809.7800787973406,-73.02274218518073,-73.02274218518073
2809.7900787973404,-73.02373403107552,-73.02373403107552
2809.8000787973406,-73.02473758252145,-73.02473758252145
2809.8100787973403,-73.02575282295257,-73.02575282295257
2809.8200787973406,-73.02677973542859,-73.02677973542859
2809.8300787973403,-73.02781830268664,-73.02781830268664
2809.8400787973405,-73.02886850708676,-73.02886850708676
2809.8500787973403,-73.02993033068523,-73.02993033068523
2809.8600787973405,-73.03100375518983,-73.03100375518983
2809.8700787973403,-73.03208876198991,-73.03208876198991
2809.8800787973405,-73.03318533214619,-73.03318533214619
2809.8900787973403,-73.0342934464175,-73.0342934464175
2809.9000787973405,-73.03541308524643,-73.03541308524643
2809.9100787973402,-73.03654422878421,-73.03654422878421
2809.9200787973405,-73.0376868568797,-73.0376868568797
2809.9300787973402,-73.03884094909384,-73.03884094909384
2809.9400787973404,-73.04000648470773,-73.04000648470773
2809.95007879734,-73.04118344271477,-73.04118344271477
2809.9600787973404,-73.04237180184597,-73.04237180184597
2809.97007879734,-73.04357154054998,-73.04357154054998
2809.9800787973404,-73.044782637024,-73.044782637024
2809.99007879734,-73.04600506920156,-73.04600506920156
2810.0000787973404,-73.04723881476855,-73.04723881476855
2810.0100787973406,-73.04848385115712,-73.04848385115712
2810.0200787973404,-73.0497401555582,-73.0497401555582
2810.0300787973406,-73.05100770492143,-73.05100770492143
2810.0400787973404,-73.05228647597447,-73.05228647597447
2810.0500787973406,-73.0535764451944,-73.0535764451944
2810.0600787973403,-73.0548775888644,-73.0548775888644
2810.0700787973406,-73.05618988302007,-73.05618988302007
2810.0800787973403,-73.05751330349209,-73.05751330349209
2810.0900787973405,-73.05884782590378,-73.05884782590378
2810.1000788211823,-73.0601934288875,-73.0601934288875
2810.1100788211825,-73.06155008127546,-73.06155008127546
2810.1200788211822,-73.06291776124053,-73.06291776124053
2810.1300788211825,-73.0642964436064,-73.0642964436064
2810.140078821182,-73.06568610301777,-73.06568610301777
2810.1500788211824,-73.06708671391395,-73.06708671391395
2810.160078821182,-73.06849825056482,-73.06849825056482
2810.1700788211824,-73.0699206870541,-73.0699206870541
2810.180078821182,-73.07135399729957,-73.07135399729957
2810.1900788211824,-73.07279815504766,-73.07279815504766
2810.200078821182,-73.07425313387435,-73.07425313387435
2810.2100788211824,-73.07571890720024,-73.07571890720024
2810.220078821182,-73.07719544828386,-73.07719544828386
2810.2300788211824,-73.07868273022378,-73.07868273022378
2810.240078821182,-73.0801807259743,-73.0801807259743
2810.2500788211823,-73.08168940834044,-73.08168940834044
2810.260078821182,-73.08320874997897,-73.08320874997897
2810.2700788211823,-73.08473872340653,-73.08473872340653
2810.280078821182,-73.08627930101427,-73.08627930101427
2810.2900788211823,-73.08783045503608,-73.08783045503608
2810.300078821182,-73.08939215759472,-73.08939215759472
2810.3100788211823,-73.09096438067671,-73.09096438067671
2810.320078821182,-73.09254709614808,-73.09254709614808
2810.3300788211823,-73.09414027574012,-73.09414027574012
2810.340078821182,-73.09574389108913,-73.09574389108913
2810.3500788211823,-73.09735791368425,-73.09735791368425
2810.3600788211825,-73.09898231492961,-73.09898231492961
2810.3700788211822,-73.10061706611178,-73.10061706611178
2810.3800788211825,-73.10226213840134,-73.10226213840134
2810.390078821182,-73.10391750287931,-73.10391750287931
2810.4000788211824,-73.10558313051651,-73.10558313051651
2810.410078821182,-73.10725899217893,-73.10725899217893
2810.4200788211824,-73.10894505865419,-73.10894505865419
2810.430078821182,-73.11064130062627,-73.11064130062627
2810.4400788211824,-73.11234768869704,-73.11234768869704
2810.450078821182,-73.1140641933663,-73.1140641933663
2810.4600788211824,-73.11579078505991,-73.11579078505991
2810.470078821182,-73.11752743411023,-73.11752743411023
2810.4800788211824,-73.11927411079077,-73.11927411079077
2810.490078821182,-73.12103078527366,-73.12103078527366
2810.5000788211823,-73.12279742766704,-73.12279742766704
2810.510078821182,-73.12457400800747,-73.12457400800747
2810.5200788211823,-73.12636049626477,-73.12636049626477
2810.530078821182,-73.12815686232162,-73.12815686232162
2810.5400788211823,-73.1299630760185,-73.1299630760185
2810.550078821182,-73.13177910711951,-73.13177910711951
2810.5600788211823,-73.1336049253245,-73.1336049253245
2810.570078821182,-73.13544050028247,-73.13544050028247
2810.5800788211823,-73.13728580158136,-73.13728580158136
2810.590078821182,-73.13914079876092,-73.13914079876092
2810.6000788211823,-73.14100546128654,-73.14100546128654
2810.6100788211825,-73.14287975860148,-73.14287975860148
2810.6200788211822,-73.1447636600862,-73.1447636600862
2810.6300788211825,-73.14665713507077,-73.14665713507077
2810.640078821182,-73.14856015284242,-73.14856015284242
2810.6500788211824,-73.15047268264854,-73.15047268264854
2810.660078821182,-73.15239469369577,-73.15239469369577
2810.6700788211824,-73.1543261551514,-73.1543261551514
2810.680078821182,-73.1562670361405,-73.1562670361405
2810.6900788211824,-73.15821730576067,-73.15821730576067
2810.700078821182,-73.16017693307035,-73.16017693307035
2810.7100788211824,-73.16214588709522,-73.16214588709522
2810.720078821182,-73.16412413684121,-73.16412413684121
2810.7300788211824,-73.16611165126332,-73.16611165126332
2810.740078821182,-73.16810839931219,-73.16810839931219
2810.7500788211823,-73.17011434990698,-73.17011434990698
2810.760078821182,-73.17212947194105,-73.17212947194105
2810.7700788211823,-73.17415373427865,-73.17415373427865
2810.780078821182,-73.17618710577965,-73.17618710577965
2810.7900788211823,-73.17822955527198,-73.17822955527198
2810.800078821182,-73.18028105156895,-73.18028105156895
2810.8100788211823,-73.18234156348143,-73.18234156348143
2810.820078821182,-73.18441105978474,-73.18441105978474
2810.8300788211823,-73.18648950925727,-73.18648950925727
2810.840078821182,-73.18857688065897,-73.18857688065897
2810.8500788211823,-73.19067314274733,-73.19067314274733
2810.8600788211825,-73.1927782642589,-73.1927782642589
2810.8700788211822,-73.19489221393466,-73.19489221393466
2810.8800788211825,-73.19701496050251,-73.19701496050251
2810.890078821182,-73.19914647269397,-73.19914647269397
2810.9000788211824,-73.20128671923125,-73.20128671923125
2810.910078821182,-73.20343566883246,-73.20343566883246
2810.9200788211824,-73.20559329022727,-73.20559329022727
2810.930078821182,-73.20775955213539,-73.20775955213539
2810.9400788211824,-73.20993442327772,-73.20993442327772
2810.950078845024,-73.21211787758833,-73.21211787758833
2810.9600788450243,-73.214303486356,-73.214303486356
2810.970078845024,-73.21648842556323,-73.21648842556323
2810.9800788450243,-73.21867130084846,-73.21867130084846
2810.990078845024,-73.22085138209947,-73.22085138209947
2811.0000788450243,-73.22302830936238,-73.22302830936238
2811.010078845024,-73.22520194013593,-73.22520194013593
2811.0200788450243,-73.22737225981781,-73.22737225981781
2811.030078845024,-73.22953932792927,-73.22953932792927
2811.0400788450243,-73.23170324572968,-73.23170324572968
2811.050078845024,-73.23386413680751,-73.23386413680751
2811.0600788450242,-73.23602213551098,-73.23602213551098
2811.070078845024,-73.23817738012374,-73.23817738012374
2811.080078845024,-73.2403300089579,-73.2403300089579
2811.090078845024,-73.24248015821962,-73.24248015821962
2811.100078845024,-73.2446279609335,-73.2446279609335
2811.110078845024,-73.24677354648104,-73.24677354648104
2811.120078845024,-73.24891704056029,-73.24891704056029
2811.130078845024,-73.25105856530602,-73.25105856530602
2811.140078845024,-73.25319823952583,-73.25319823952583
2811.150078845024,-73.25533617899437,-73.25533617899437
2811.160078845024,-73.25747249673229,-73.25747249673229
2811.170078845024,-73.25960730329591,-73.25960730329591
2811.180078845024,-73.26174070702324,-73.26174070702324
2811.190078845024,-73.26387281428468,-73.26387281428468
2811.200078845024,-73.26600372966065,-73.26600372966065
2811.2100788450243,-73.26812716453705,-73.26812716453705
2811.220078845024,-73.2702404204969,-73.2702404204969
2811.2300788450243,-73.27234223364603,-73.27234223364603
2811.240078845024,-73.27443200358958,-73.27443200358958
2811.2500788450243,-73.27650949920479,-73.27650949920479
2811.260078845024,-73.27857470592603,-73.27857470592603
2811.2700788450243,-73.28062773618298,-73.28062773618298
2811.280078845024,-73.2826687756381,-73.2826687756381
2811.2900788450243,-73.28469805082501,-73.28469805082501
2811.300078845024,-73.28671580975204,-73.28671580975204
2811.3100788450242,-73.28872231033888,-73.28872231033888
2811.320078845024,-73.29071781360092,-73.29071781360092
2811.330078845024,-73.29270257975469,-73.29270257975469
2811.340078845024,-73.29467686607029,-73.29467686607029
2811.350078845024,-73.29664092579652,-73.29664092579652
2811.360078845024,-73.29859500772145,-73.29859500772145
2811.370078845024,-73.30053935608608,-73.30053935608608
2811.380078845024,-73.30247421071263,-73.30247421071263
2811.390078845024,-73.30439980723918,-73.30439980723918
2811.400078845024,-73.30631637740419,-73.30631637740419
2811.410078845024,-73.30822414931238,-73.30822414931238
2811.420078845024,-73.31012334771772,-73.31012334771772
2811.430078845024,-73.31201419424832,-73.31201419424832
2811.440078845024,-73.31389690764418,-73.31389690764418
2811.450078845024,-73.31577170394289,-73.31577170394289
2811.4600788450243,-73.3176387966389,-73.3176387966389
2811.470078845024,-73.31949839683074,-73.31949839683074
2811.4800788450243,-73.32135071332972,-73.32135071332972
2811.490078845024,-73.32319595275385,-73.32319595275385
2811.5000788450243,-73.32503431960032,-73.32503431960032
2811.510078845024,-73.32686601632356,-73.32686601632356
2811.5200788450243,-73.32869124338151,-73.32869124338151
2811.530078845024,-73.33051019925963,-73.33051019925963
2811.5400788450243,-73.33232308051903,-73.33232308051903
2811.550078845024,-73.3341300818145,-73.3341300818145
2811.5600788450242,-73.33593139590201,-73.33593139590201
2811.570078845024,-73.33772721366145,-73.33772721366145
2811.580078845024,-73.33951772408217,-73.33951772408217
2811.590078845024,-73.34130311431046,-73.34130311431046
2811.600078845024,-73.34308356960338,-73.34308356960338
2811.610078845024,-73.34485927335307,-73.34485927335307
2811.620078845024,-73.34663040707446,-73.34663040707446
2811.630078845024,-73.34839715042263,-73.34839715042263
2811.640078845024,-73.35015968113547,-73.35015968113547
2811.650078845024,-73.35191817509809,-73.35191817509809
2811.660078845024,-73.35367280629043,-73.35367280629043
2811.670078845024,-73.35542374679613,-73.35542374679613
2811.680078845024,-73.3571711667896,-73.3571711667896
2811.690078845024,-73.35891523455919,-73.35891523455919
2811.700078845024,-73.36065611645154,-73.36065611645154
2811.7100788450243,-73.3623939769221,-73.3623939769221
2811.720078845024,-73.36412897850417,-73.36412897850417
2811.7300788450243,-73.36586128179414,-73.36586128179414
2811.740078845024,-73.36759104547122,-73.36759104547122
2811.7500788450243,-73.36931842629811,-73.36931842629811
2811.760078845024,-73.37104357910985,-73.37104357910985
2811.7700788450243,-73.37276665680207,-73.37276665680207
2811.780078845024,-73.37448781035488,-73.37448781035488
2811.7900788450243,-73.37620718882538,-73.37620718882538
2811.800078868866,-73.37792494344124,-73.37792494344124
2811.810078868866,-73.37964121122245,-73.37964121122245
2811.820078868866,-73.38135613956084,-73.38135613956084
2811.830078868866,-73.38306986985395,-73.38306986985395
2811.840078868866,-73.38478254157154,-73.38478254157154
2811.850078868866,-73.386494292301,-73.386494292301
2811.860078868866,-73.38820525772701,-73.38820525772701
2811.870078868866,-73.3899155716506,-73.3899155716506
2811.880078868866,-73.39162536598434,-73.39162536598434
2811.890078868866,-73.39333477078614,-73.39333477078614
2811.900078868866,-73.39504391424128,-73.39504391424128
2811.910078868866,-73.39675292267566,-73.39675292267566
2811.920078868866,-73.39846192057747,-73.39846192057747
2811.930078868866,-73.4001710306003,-73.4001710306003
2811.940078868866,-73.40188037357649,-73.40188037357649
2811.950078868866,-73.40359006853008,-73.40359006853008
2811.960078868866,-73.4053002326707,-73.4053002326707
2811.970078868866,-73.40701098143242,-73.40701098143242
2811.980078868866,-73.40872242846005,-73.40872242846005
2811.990078868866,-73.41043468565286,-73.41043468565286
2812.000078868866,-73.4121478631455,-73.4121478631455
2812.010078868866,-73.41386206933545,-73.41386206933545
2812.0200788688658,-73.41557741090627,-73.41557741090627
2812.030078868866,-73.41729399281289,-73.41729399281289
2812.0400788688657,-73.4190119183422,-73.4190119183422
2812.050078868866,-73.42073128907029,-73.42073128907029
2812.060078868866,-73.42245220491682,-73.42245220491682
2812.070078868866,-73.42417476415423,-73.42417476415423
2812.080078868866,-73.42589906341213,-73.42589906341213
2812.090078868866,-73.42762519769798,-73.42762519769798
2812.100078868866,-73.42935326041284,-73.42935326041284
2812.110078868866,-73.43108334336038,-73.43108334336038
2812.120078868866,-73.43281553677546,-73.43281553677546
2812.130078868866,-73.43454992932607,-73.43454992932607
2812.140078868866,-73.43628660813602,-73.43628660813602
2812.150078868866,-73.43802565880077,-73.43802565880077
2812.160078868866,-73.43976716539972,-73.43976716539972
2812.170078868866,-73.4415112105126,-73.4415112105126
2812.180078868866,-73.44325787524177,-73.44325787524177
2812.190078868866,-73.44500723921743,-73.44500723921743
2812.200078868866,-73.44675938062915,-73.44675938062915
2812.210078868866,-73.44850796999671,-73.44850796999671
2812.220078868866,-73.4502502767965,-73.4502502767965
2812.230078868866,-73.45198500834766,-73.45198500834766
2812.240078868866,-73.45371153682989,-73.45371153682989
2812.250078868866,-73.45542960430679,-73.45542960430679
2812.260078868866,-73.457139169571,-73.457139169571
2812.2700788688658,-73.45884031835469,-73.45884031835469
2812.280078868866,-73.46053320938881,-73.46053320938881
2812.2900788688657,-73.46221804198626,-73.46221804198626
2812.300078868866,-73.46389503656289,-73.46389503656289
2812.310078868866,-73.46556442304882,-73.46556442304882
2812.320078868866,-73.4672264340649,-73.4672264340649
2812.330078868866,-73.46888130102772,-73.46888130102772
2812.340078868866,-73.47052925200528,-73.47052925200528
2812.350078868866,-73.47217051065434,-73.47217051065434
2812.360078868866,-73.47380529578875,-73.47380529578875
2812.370078868866,-73.47543382131376,-73.47543382131376
2812.380078868866,-73.47705629640001,-73.47705629640001
2812.390078868866,-73.4786729256985,-73.4786729256985
2812.400078868866,-73.48028390966168,-73.48028390966168
2812.410078868866,-73.48188944484322,-73.48188944484322
2812.420078868866,-73.48348972418123,-73.48348972418123
2812.430078868866,-73.48508493726663,-73.48508493726663
2812.440078868866,-73.48667527060888,-73.48667527060888
2812.450078868866,-73.48826090782266,-73.48826090782266
2812.460078868866,-73.48984202980496,-73.48984202980496
2812.470078868866,-73.4914188149304,-73.4914188149304
2812.480078868866,-73.49299143916868,-73.49299143916868
2812.490078868866,-73.49456007618284,-73.49456007618284
2812.500078868866,-73.49612489746991,-73.49612489746991
2812.510078868866,-73.49768607239231,-73.49768607239231
2812.5200788688658,-73.49924376829401,-73.49924376829401
2812.530078868866,-73.50079815052713,-73.50079815052713
2812.5400788688657,-73.50234938250912,-73.50234938250912
2812.550078868866,-73.50389762576675,-73.50389762576675
2812.560078868866,-73.50544303996433,-73.50544303996433
2812.570078868866,-73.50698578292958,-73.50698578292958
2812.580078868866,-73.5085260106802,-73.5085260106802
2812.590078868866,-73.51006387742626,-73.51006387742626
2812.600078868866,-73.51159953561834,-73.51159953561834
2812.610078868866,-73.51313313592713,-73.51313313592713
2812.620078868866,-73.51466482726171,-73.51466482726171
2812.630078868866,-73.51619475680101,-73.51619475680101
2812.640078868866,-73.51772306995873,-73.51772306995873
2812.650078892708,-73.51924991406338,-73.51924991406338
2812.660078892708,-73.52077542379111,-73.52077542379111
2812.670078892708,-73.52229974300559,-73.52229974300559
2812.680078892708,-73.52382301021977,-73.52382301021977
2812.690078892708,-73.52534536221475,-73.52534536221475
2812.700078892708,-73.52686693406504,-73.52686693406504
2812.7100788927078,-73.52838785911676,-73.52838785911676
2812.720078892708,-73.52990826903238,-73.52990826903238
2812.7300788927078,-73.53142829374853,-73.53142829374853
2812.740078892708,-73.5329480615198,-73.5329480615198
2812.7500788927077,-73.53446769889023,-73.53446769889023
2812.760078892708,-73.53598733071911,-73.53598733071911
2812.7700788927077,-73.53750708018549,-73.53750708018549
2812.780078892708,-73.5390270687709,-73.5390270687709
2812.7900788927077,-73.5405474163121,-73.5405474163121
2812.800078892708,-73.54206824094932,-73.54206824094932
2812.8100788927077,-73.54358965917196,-73.54358965917196
2812.820078892708,-73.54511178582095,-73.54511178582095
2812.8300788927077,-73.54663473407807,-73.54663473407807
2812.840078892708,-73.5481586154923,-73.5481586154923
2812.8500788927076,-73.54968353998335,-73.54968353998335
2812.860078892708,-73.55120961584554,-73.55120961584554
2812.8700788927076,-73.55273694976104,-73.55273694976104
2812.880078892708,-73.55426564679716,-73.55426564679716
2812.8900788927076,-73.55579581043921,-73.55579581043921
2812.900078892708,-73.55732754258065,-73.55732754258065
2812.910078892708,-73.55886094353552,-73.55886094353552
2812.920078892708,-73.56039611206049,-73.56039611206049
2812.930078892708,-73.56193314535305,-73.56193314535305
2812.940078892708,-73.56347213907979,-73.56347213907979
2812.950078892708,-73.5650131873599,-73.5650131873599
2812.9600788927078,-73.56655638279862,-73.56655638279862
2812.970078892708,-73.56810181649305,-73.56810181649305
2812.9800788927078,-73.56964957803815,-73.56964957803815
2812.990078892708,-73.57119975555804,-73.57119975555804
2813.0000788927077,-73.57275243569009,-73.57275243569009
2813.010078892708,-73.57430770361627,-73.57430770361627
2813.0200788927077,-73.5758656430838,-73.5758656430838
2813.030078892708,-73.57742633638343,-73.57742633638343
2813.0400788927077,-73.57898986440172,-73.57898986440172
2813.050078892708,-73.58055630661579,-73.58055630661579
2813.0600788927077,-73.5821257411071,-73.5821257411071
2813.070078892708,-73.58369824456601,-73.58369824456601
2813.0800788927077,-73.58527389233139,-73.58527389233139
2813.090078892708,-73.58685275837527,-73.58685275837527
2813.1000788927076,-73.588434915332,-73.588434915332
2813.110078892708,-73.59002043451329,-73.59002043451329
2813.1200788927076,-73.59160938591175,-73.59160938591175
2813.130078892708,-73.59320183822209,-73.59320183822209
2813.1400788927076,-73.59479785885063,-73.59479785885063
2813.150078892708,-73.59639751394018,-73.59639751394018
2813.160078892708,-73.59800086836344,-73.59800086836344
2813.170078892708,-73.59960798575527,-73.59960798575527
2813.180078892708,-73.601218928521,-73.601218928521
2813.190078892708,-73.60283375784122,-73.60283375784122
2813.200078892708,-73.60445253369929,-73.60445253369929
2813.2100788927078,-73.60607531488344,-73.60607531488344
2813.220078892708,-73.60770215902443,-73.60770215902443
2813.2300788927078,-73.60933312256333,-73.60933312256333
2813.240078892708,-73.61096826080579,-73.61096826080579
2813.2500788927077,-73.61260762792782,-73.61260762792782
2813.260078892708,-73.61425127697055,-73.61425127697055
2813.2700788927077,-73.61589925989051,-73.61589925989051
2813.280078892708,-73.61755162751781,-73.61755162751781
2813.2900788927077,-73.61920842963079,-73.61920842963079
2813.300078892708,-73.62086971492614,-73.62086971492614
2813.3100788927077,-73.6225355310494,-73.6225355310494
2813.320078892708,-73.62420592459726,-73.62420592459726
2813.3300788927077,-73.6258809411494,-73.6258809411494
2813.340078892708,-73.62756062526779,-73.62756062526779
2813.3500788927076,-73.62924502050441,-73.62924502050441
2813.360078892708,-73.63093416943391,-73.63093416943391
2813.3700788927076,-73.6326281136473,-73.6326281136473
2813.380078892708,-73.63432689377119,-73.63432689377119
2813.3900788927076,-73.6360305494818,-73.6360305494818
2813.400078892708,-73.63773911951945,-73.63773911951945
2813.410078892708,-73.63945264169661,-73.63945264169661
2813.420078892708,-73.64117115291168,-73.64117115291168
2813.430078892708,-73.64289468915747,-73.64289468915747
2813.440078892708,-73.64462328554404,-73.64462328554404
2813.450078892708,-73.64635697629416,-73.64635697629416
2813.4600788927078,-73.64809579477948,-73.64809579477948
2813.470078892708,-73.64983977350063,-73.64983977350063
2813.4800788927078,-73.65158894412603,-73.65158894412603
2813.490078892708,-73.65334333749301,-73.65334333749301
2813.5000789165497,-73.65510298780343,-73.65510298780343
2813.51007891655,-73.65686791590316,-73.65686791590316
2813.5200789165497,-73.65863815436761,-73.65863815436761
2813.53007891655,-73.66041373082886,-73.66041373082886
2813.5400789165496,-73.66219467213689,-73.66219467213689
2813.55007891655,-73.66398100437047,-73.66398100437047
2813.5600789165496,-73.66577275286335,-73.66577275286335
2813.57007891655,-73.66756994220746,-73.66756994220746
2813.5800789165496,-73.66937259626181,-73.66937259626181
2813.59007891655,-73.67118073815872,-73.67118073815872
2813.6000789165496,-73.67299439032024,-73.67299439032024
2813.61007891655,-73.67481357447636,-73.67481357447636
2813.6200789165496,-73.67663831165898,-73.67663831165898
2813.63007891655,-73.6784686222103,-73.6784686222103
2813.6400789165496,-73.68030452581304,-73.68030452581304
2813.65007891655,-73.68214604149831,-73.68214604149831
2813.6600789165495,-73.68399318762252,-73.68399318762252
2813.6700789165498,-73.68584598191036,-73.68584598191036
2813.6800789165495,-73.6877044414471,-73.6877044414471
2813.6900789165497,-73.68956858270893,-73.68956858270893
2813.7000789165495,-73.69143842155309,-73.69143842155309
2813.7100789165497,-73.69331397321619,-73.69331397321619
2813.7200789165495,-73.69519525235874,-73.69519525235874
2813.7300789165497,-73.69708227304548,-73.69708227304548
2813.7400789165495,-73.69897504876351,-73.69897504876351
2813.7500789165497,-73.7008735924169,-73.7008735924169
2813.76007891655,-73.70277791637746,-73.70277791637746
2813.7700789165497,-73.70468803243647,-73.70468803243647
2813.78007891655,-73.70660395185314,-73.70660395185314
2813.7900789165496,-73.70852568535096,-73.70852568535096
2813.80007891655,-73.71045324311886,-73.71045324311886
2813.8100789165496,-73.71238663483115,-73.71238663483115
2813.82007891655,-73.71432586964112,-73.71432586964112
2813.8300789165496,-73.71627095621402,-73.71627095621402
2813.84007891655,-73.71822190270079,-73.71822190270079
2813.8500789165496,-73.72017871677512,-73.72017871677512
2813.86007891655,-73.72214140562033,-73.72214140562033
2813.8700789165496,-73.72410997594777,-73.72410997594777
2813.88007891655,-73.72608443400989,-73.72608443400989
2813.8900789165496,-73.7280647855894,-73.7280647855894
2813.90007891655,-73.73005103602567,-73.73005103602567
2813.9100789165495,-73.73204319020228,-73.73204319020228
2813.9200789165498,-73.73404125257333,-73.73404125257333
2813.9300789165495,-73.73604522716107,-73.73604522716107
2813.9400789165497,-73.73805511755212,-73.73805511755212
2813.9500789165495,-73.74007092692258,-73.74007092692258
2813.9600789165497,-73.74208622498013,-73.74208622498013
2813.9700789165495,-73.74409819558481,-73.74409819558481
2813.9800789165497,-73.7461054671753,-73.7461054671753
2813.9900789165495,-73.74810733668815,-73.74810733668815
2814.0000789165497,-73.75010347338481,-73.75010347338481
2814.01007891655,-73.752093765101,-73.752093765101
2814.0200789165497,-73.75407822810519,-73.75407822810519
2814.03007891655,-73.75605695294188,-73.75605695294188
2814.0400789165496,-73.7580300718798,-73.7580300718798
2814.05007891655,-73.75999773934736,-73.75999773934736
2814.0600789165496,-73.76196012032344,-73.76196012032344
2814.07007891655,-73.76391738344388,-73.76391738344388
2814.0800789165496,-73.76586969709801,-73.76586969709801
2814.09007891655,-73.76781722725545,-73.76781722725545
2814.1000789165496,-73.76976013640366,-73.76976013640366
2814.11007891655,-73.77169858308919,-73.77169858308919
2814.1200789165496,-73.77363272185512,-73.77363272185512
2814.13007891655,-73.77556270337486,-73.77556270337486
2814.1400789165496,-73.77748867470831,-73.77748867470831
2814.15007891655,-73.7794107795563,-73.7794107795563
2814.1600789165495,-73.78132915857965,-73.78132915857965
2814.1700789165498,-73.78324394967335,-73.78324394967335
2814.1800789165495,-73.78515528822892,-73.78515528822892
2814.1900789165497,-73.78706330736168,-73.78706330736168
2814.2000789165495,-73.78896813810823,-73.78896813810823
2814.2100789165497,-73.79086990961005,-73.79086990961005
2814.2200789165495,-73.79276874927234,-73.79276874927234
2814.2300789165497,-73.79466478286675,-73.79466478286675
2814.2400789165495,-73.79655813465753,-73.79655813465753
2814.2500789165497,-73.79844892748564,-73.79844892748564
2814.26007891655,-73.80033728283287,-73.80033728283287
2814.2700789165497,-73.80222332088856,-73.80222332088856
2814.28007891655,-73.80410716060145,-73.80410716060145
2814.2900789165496,-73.80598891970212,-73.80598891970212
2814.30007891655,-73.80786871475253,-73.80786871475253
2814.3100789165496,-73.80974666115952,-73.80974666115952
2814.32007891655,-73.81162287318628,-73.81162287318628
2814.3300789165496,-73.81349746398617,-73.81349746398617
2814.34007891655,-73.81537054557617,-73.81537054557617
2814.3500789403915,-73.81724223335058,-73.81724223335058
2814.3600789403918,-73.81911262819902,-73.81911262819902
2814.3700789403915,-73.82098184329064,-73.82098184329064
2814.3800789403917,-73.8228499862302,-73.8228499862302
2814.3900789403915,-73.82471716351719,-73.82471716351719
2814.4000789403917,-73.82658348054501,-73.82658348054501
2814.4100789403915,-73.82844904158438,-73.82844904158438
2814.4200789403917,-73.8303139497986,-73.8303139497986
2814.4300789403915,-73.83217830722218,-73.83217830722218
2814.4400789403917,-73.8340422147616,-73.8340422147616
2814.4500789403914,-73.83590577219385,-73.83590577219385
2814.4600789403917,-73.83776263705839,-73.83776263705839
2814.4700789403914,-73.83961008498859,-73.83961008498859
2814.4800789403916,-73.84144683726628,-73.84144683726628
2814.4900789403914,-73.84327228378109,-73.84327228378109
2814.5000789403916,-73.84508618645619,-73.84508618645619
2814.5100789403914,-73.84688852531086,-73.84688852531086
2814.5200789403916,-73.84867940817958,-73.84867940817958
2814.5300789403914,-73.85045901652576,-73.85045901652576
2814.5400789403916,-73.8522275728054,-73.8522275728054
2814.5500789403914,-73.85398532091203,-73.85398532091203
2814.5600789403916,-73.85573251447809,-73.85573251447809
2814.5700789403913,-73.85746941006587,-73.85746941006587
2814.5800789403916,-73.85919626314676,-73.85919626314676
2814.5900789403913,-73.86091332601013,-73.86091332601013
2814.6000789403915,-73.86262084661432,-73.86262084661432
2814.6100789403918,-73.86431906817731,-73.86431906817731
2814.6200789403915,-73.86600822909288,-73.86600822909288
2814.6300789403917,-73.86768856305453,-73.86768856305453
2814.6400789403915,-73.86936029929207,-73.86936029929207
2814.6500789403917,-73.87102366285902,-73.87102366285902
2814.6600789403915,-73.87267887491868,-73.87267887491868
2814.6700789403917,-73.87432615302136,-73.87432615302136
2814.6800789403915,-73.87596571138096,-73.87596571138096
2814.6900789403917,-73.8775977610796,-73.8775977610796
2814.7000789403914,-73.87922251029052,-73.87922251029052
2814.7100789403917,-73.8808401644363,-73.8808401644363
2814.7200789403914,-73.88245092634695,-73.88245092634695
2814.7300789403916,-73.88405499638557,-73.88405499638557
2814.7400789403914,-73.88565257257216,-73.88565257257216
2814.7500789403916,-73.88724385062355,-73.88724385062355
2814.7600789403914,-73.88882902409735,-73.88882902409735
2814.7700789403916,-73.8904082844066,-73.8904082844066
2814.7800789403914,-73.8919818208643,-73.8919818208643
2814.7900789403916,-73.89354982076254,-73.89354982076254
2814.8000789403914,-73.89511246937884,-73.89511246937884
2814.8100789403916,-73.89666995000462,-73.89666995000462
2814.8200789403913,-73.89822244397386,-73.89822244397386
2814.8300789403916,-73.89977013068138,-73.89977013068138
2814.8400789403913,-73.90131318758141,-73.90131318758141
2814.8500789403915,-73.90285179021012,-73.90285179021012
2814.8600789403918,-73.90438611219471,-73.90438611219471
2814.8700789403915,-73.9059163252599,-73.9059163252599
2814.8800789403917,-73.90744259920608,-73.90744259920608
2814.8900789403915,-73.90896510195822,-73.90896510195822
2814.9000789403917,-73.91048399953553,-73.91048399953553
2814.9100789403915,-73.91199945606448,-73.91199945606448
2814.9200789403917,-73.91351163376996,-73.91351163376996
2814.9300789403915,-73.91502069299918,-73.91502069299918
2814.9400789403917,-73.916526792199,-73.916526792199
2814.9500789403914,-73.91803008793,-73.91803008793
2814.9600789403917,-73.91953073486508,-73.91953073486508
2814.9700789403914,-73.92102888579609,-73.92102888579609
2814.9800789403916,-73.92252469162386,-73.92252469162386
2814.9900789403914,-73.92401830138255,-73.92401830138255
2815.0000789403916,-73.92550986221644,-73.92550986221644
2815.0100789403914,-73.92699951941061,-73.92699951941061
2815.0200789403916,-73.9284874163645,-73.9284874163645
2815.0300789403914,-73.92997369463261,-73.92997369463261
2815.0400789403916,-73.93145849389543,-73.93145849389543
2815.0500789403914,-73.93294195198405,-73.93294195198405
2815.0600789403916,-73.93442420489068,-73.93442420489068
2815.0700789403913,-73.93590538675207,-73.93590538675207
2815.0800789403916,-73.93738562988007,-73.93738562988007
2815.0900789403913,-73.9388650647748,-73.9388650647748
2815.1000789403915,-73.94034382009414,-73.94034382009414
2815.1100789403918,-73.94182202270056,-73.94182202270056
2815.1200789403915,-73.9432997976613,-73.9432997976613
2815.1300789403917,-73.94477726824303,-73.94477726824303
2815.1400789403915,-73.94625455593815,-73.94625455593815
2815.1500789403917,-73.9477317804659,-73.9477317804659
2815.1600789403915,-73.94920905978589,-73.94920905978589
2815.1700789403917,-73.95068651012737,-73.95068651012737
2815.1800789403915,-73.95216424595769,-73.95216424595769
2815.1900789403917,-73.95364238003322,-73.95364238003322
2815.2000789642334,-73.95512102691804,-73.95512102691804
2815.2100789642336,-73.95660028890823,-73.95660028890823
2815.2200789642334,-73.95808027718633,-73.95808027718633
2815.2300789642336,-73.95956109772386,-73.95956109772386
2815.2400789642334,-73.96104285484104,-73.96104285484104
2815.2500789642336,-73.96252565120813,-73.96252565120813
2815.2600789642333,-73.96400958786028,-73.96400958786028
2815.2700789642336,-73.96549476420664,-73.96549476420664
2815.2800789642333,-73.96698127806899,-73.96698127806899
2815.2900789642335,-73.96846922565457,-73.96846922565457
2815.3000789642333,-73.9699587016136,-73.9699587016136
2815.3100789642335,-73.97144979901515,-73.97144979901515
2815.3200789642333,-73.97294260938992,-73.97294260938992
2815.3300789642335,-73.97443722272942,-73.97443722272942
2815.3400789642333,-73.9759337275071,-73.9759337275071
2815.3500789642335,-73.97743221070398,-73.97743221070398
2815.3600789642333,-73.97893275778772,-73.97893275778772
2815.3700789642335,-73.98043545277689,-73.98043545277689
2815.3800789642332,-73.98194037822076,-73.98194037822076
2815.3900789642335,-73.98344761522078,-73.98344761522078
2815.400078964233,-73.98495724346145,-73.98495724346145
2815.4100789642334,-73.9864693411995,-73.9864693411995
2815.420078964233,-73.98798398530178,-73.98798398530178
2815.4300789642334,-73.9895012512571,-73.9895012512571
2815.440078964233,-73.99102121318067,-73.99102121318067
2815.4500789642334,-73.99254394383121,-73.99254394383121
2815.4600789642336,-73.99406951464849,-73.99406951464849
2815.4700789642334,-73.99559799572691,-73.99559799572691
2815.4800789642336,-73.99712945587798,-73.99712945587798
2815.4900789642334,-73.99866396260418,-73.99866396260418
2815.5000789642336,-74.00020158213961,-74.00020158213961
2815.5100789642333,-74.00174237946314,-74.00174237946314
2815.5200789642336,-74.00328641828968,-74.00328641828968
2815.5300789642333,-74.00483376112325,-74.00483376112325
2815.5400789642335,-74.00638446923563,-74.00638446923563
2815.5500789642333,-74.00793860271399,-74.00793860271399
2815.5600789642335,-74.00949622044345,-74.00949622044345
2815.5700789642333,-74.01105738014428,-74.01105738014428
2815.5800789642335,-74.01262213838453,-74.01262213838453
2815.5900789642333,-74.01419055057855,-74.01419055057855
2815.6000789642335,-74.01576267101979,-74.01576267101979
2815.6100789642333,-74.0173385528846,-74.0173385528846
2815.6200789642335,-74.01891824825391,-74.01891824825391
2815.6300789642332,-74.02050180811592,-74.02050180811592
2815.6400789642335,-74.02208928239398,-74.02208928239398
2815.650078964233,-74.02368071994718,-74.02368071994718
2815.6600789642334,-74.02527616860061,-74.02527616860061
2815.670078964233,-74.02687567514288,-74.02687567514288
2815.6800789642334,-74.02847928533849,-74.02847928533849
2815.690078964233,-74.03008704396152,-74.03008704396152
2815.7000789642334,-74.03169899478964,-74.03169899478964
2815.7100789642336,-74.03331518062748,-74.03331518062748
2815.7200789642334,-74.03493564331579,-74.03493564331579
2815.7300789642336,-74.03656042373734,-74.03656042373734
2815.7400789642334,-74.03818956184683,-74.03818956184683
2815.7500789642336,-74.03982309666624,-74.03982309666624
2815.7600789642333,-74.04146106630999,-74.04146106630999
2815.7700789642336,-74.0431035079993,-74.0431035079993
2815.7800789642333,-74.04475045805981,-74.04475045805981
2815.7900789642335,-74.04640195193848,-74.04640195193848
2815.8000789642333,-74.04805802422347,-74.04805802422347
2815.8100789642335,-74.04971870865207,-74.04971870865207
2815.8200789642333,-74.05138403813172,-74.05138403813172
2815.8300789642335,-74.05305404473106,-74.05305404473106
2815.8400789642333,-74.05472875971003,-74.05472875971003
2815.8500789642335,-74.05640821351747,-74.05640821351747
2815.8600789642333,-74.05809243581173,-74.05809243581173
2815.8700789642335,-74.05978145547058,-74.05978145547058
2815.8800789642332,-74.06147530061071,-74.06147530061071
2815.8900789642335,-74.06317399856958,-74.06317399856958
2815.900078964233,-74.06487757595424,-74.06487757595424
2815.9100789642334,-74.06658605862454,-74.06658605862454
2815.920078964233,-74.06829947172085,-74.06829947172085
2815.9300789642334,-74.07001783966587,-74.07001783966587
2815.940078964233,-74.07174118616658,-74.07174118616658
2815.9500789642334,-74.07346953424111,-74.07346953424111
2815.9600789642336,-74.07519644424715,-74.07519644424715
2815.9700789642334,-74.07691910679434,-74.07691910679434
2815.9800789642336,-74.07863616326944,-74.07863616326944
2815.9900789642334,-74.08034692626539,-74.08034692626539
2816.0000789642336,-74.08205108211344,-74.08205108211344
2816.0100789642333,-74.08374853641205,-74.08374853641205
2816.0200789642336,-74.08543932349737,-74.08543932349737
2816.0300789642333,-74.08712355208407,-74.08712355208407
2816.0400789642335,-74.08880137254042,-74.08880137254042
2816.0500789880753,-74.09047296125718,-74.09047296125718
2816.0600789880755,-74.09213849299485,-74.09213849299485
2816.0700789880752,-74.09379815797571,-74.09379815797571
2816.0800789880755,-74.09545214193234,-74.09545214193234
2816.090078988075,-74.0971006279656,-74.0971006279656
2816.1000789880754,-74.09874379544662,-74.09874379544662
2816.110078988075,-74.10038181957641,-74.10038181957641
2816.1200789880754,-74.10201487132719,-74.10201487132719
2816.130078988075,-74.10364311756791,-74.10364311756791
2816.1400789880754,-74.10526672132706,-74.10526672132706
2816.150078988075,-74.10688584206349,-74.10688584206349
2816.1600789880754,-74.10850063596607,-74.10850063596607
2816.170078988075,-74.11011125625683,-74.11011125625683
2816.1800789880754,-74.11171785343464,-74.11171785343464
2816.190078988075,-74.11332057550872,-74.11332057550872
2816.2000789880753,-74.11491956821845,-74.11491956821845
2816.210078988075,-74.11651497519722,-74.11651497519722
2816.2200789880753,-74.11810693813517,-74.11810693813517
2816.230078988075,-74.11969559691312,-74.11969559691312
2816.2400789880753,-74.12128108969752,-74.12128108969752
2816.250078988075,-74.12286355302933,-74.12286355302933
2816.2600789880753,-74.12444312191842,-74.12444312191842
2816.270078988075,-74.1260199298983,-74.1260199298983
2816.2800789880753,-74.12759410905385,-74.12759410905385
2816.290078988075,-74.129165790099,-74.129165790099
2816.3000789880753,-74.13073510237561,-74.13073510237561
2816.3100789880755,-74.13230217391028,-74.13230217391028
2816.3200789880752,-74.13386713140308,-74.13386713140308
2816.3300789880755,-74.13543010026638,-74.13543010026638
2816.340078988075,-74.1369912046153,-74.1369912046153
2816.3500789880754,-74.13855056730287,-74.13855056730287
2816.360078988075,-74.14010830990492,-74.14010830990492
2816.3700789880754,-74.14166455271688,-74.14166455271688
2816.380078988075,-74.1432194147856,-74.1432194147856
2816.3900789880754,-74.14477301387407,-74.14477301387407
2816.400078988075,-74.1463254664921,-74.1463254664921
2816.4100789880754,-74.14787688785945,-74.14787688785945
2816.420078988075,-74.14942739194161,-74.14942739194161
2816.4300789880754,-74.15097709141742,-74.15097709141742
2816.440078988075,-74.15252609770187,-74.15252609770187
2816.4500789880753,-74.15407452091621,-74.15407452091621
2816.460078988075,-74.15561600129988,-74.15561600129988
2816.4700789880753,-74.15714781271667,-74.15714781271667
2816.480078988075,-74.15866868075732,-74.15866868075732
2816.4900789880753,-74.16017800229149,-74.16017800229149
2816.500078988075,-74.16167554769406,-74.16167554769406
2816.5100789880753,-74.16316130619033,-74.16316130619033
2816.520078988075,-74.16463539523252,-74.16463539523252
2816.5300789880753,-74.16609800605721,-74.16609800605721
2816.540078988075,-74.16754937095628,-74.16754937095628
2816.5500789880753,-74.16898974358776,-74.16898974358776
2816.5600789880755,-74.17041938728809,-74.17041938728809
2816.5700789880752,-74.17183856817458,-74.17183856817458
2816.5800789880755,-74.17324755118474,-74.17324755118474
2816.590078988075,-74.17464659790409,-74.17464659790409
2816.6000789880754,-74.1760359654587,-74.1760359654587
2816.610078988075,-74.1774159061097,-74.1774159061097
2816.6200789880754,-74.17878666713321,-74.17878666713321
2816.630078988075,-74.18014849097848,-74.18014849097848
2816.6400789880754,-74.18150161549505,-74.18150161549505
2816.650078988075,-74.1828462742268,-74.1828462742268
2816.6600789880754,-74.1841826967022,-74.1841826967022
2816.670078988075,-74.1855111087208,-74.1855111087208
2816.6800789880754,-74.18683173260025,-74.18683173260025
2816.690078988075,-74.18814478741756,-74.18814478741756
2816.7000789880753,-74.18945048922542,-74.18945048922542
2816.710078988075,-74.19074905120084,-74.19074905120084
2816.7200789880753,-74.19204068382196,-74.19204068382196
2816.730078988075,-74.19332559498942,-74.19332559498942
2816.7400789880753,-74.19460399013232,-74.19460399013232
2816.750078988075,-74.19587607230697,-74.19587607230697
2816.7600789880753,-74.19714204226169,-74.19714204226169
2816.770078988075,-74.19840209850632,-74.19840209850632
2816.7800789880753,-74.19965643736117,-74.19965643736117
2816.790078988075,-74.20090525300546,-74.20090525300546
2816.8000789880753,-74.20214873750585,-74.20214873750585
2816.8100789880755,-74.20338708085461,-74.20338708085461
2816.8200789880752,-74.20462047098285,-74.20462047098285
2816.8300789880755,-74.20584909376772,-74.20584909376772
2816.840078988075,-74.20707313306947,-74.20707313306947
2816.8500789880754,-74.20829277073321,-74.20829277073321
2816.860078988075,-74.20950818659207,-74.20950818659207
2816.8700789880754,-74.2107195584881,-74.2107195584881
2816.880078988075,-74.2119270622598,-74.2119270622598
2816.8900789880754,-74.21313087176192,-74.21313087176192
2816.900079011917,-74.21433116172051,-74.21433116172051
2816.9100790119173,-74.21552809629189,-74.21552809629189
2816.920079011917,-74.21672184624873,-74.21672184624873
2816.9300790119173,-74.21791257751514,-74.21791257751514
2816.940079011917,-74.21910045404296,-74.21910045404296
2816.9500790119173,-74.22028563780545,-74.22028563780545
2816.960079011917,-74.22146828882373,-74.22146828882373
2816.9700790119173,-74.22264856513479,-74.22264856513479
2816.980079011917,-74.22382662281741,-74.22382662281741
2816.9900790119173,-74.22500261598995,-74.22500261598995
2817.000079011917,-74.22617669682376,-74.22617669682376
2817.0100790119172,-74.22734901552435,-74.22734901552435
2817.020079011917,-74.22851972037262,-74.22851972037262
2817.030079011917,-74.22968895768804,-74.22968895768804
2817.040079011917,-74.23085687186888,-74.23085687186888
2817.050079011917,-74.23202360538188,-74.23202360538188
2817.060079011917,-74.23318929878036,-74.23318929878036
2817.070079011917,-74.23435409069577,-74.23435409069577
2817.080079011917,-74.235518117864,-74.235518117864
2817.090079011917,-74.23668151512061,-74.23668151512061
2817.100079011917,-74.2378444154273,-74.2378444154273
2817.110079011917,-74.23900694984455,-74.23900694984455
2817.120079011917,-74.24016924758236,-74.24016924758236
2817.130079011917,-74.24133143598235,-74.24133143598235
2817.140079011917,-74.24249364056456,-74.24249364056456
2817.150079011917,-74.24365598498618,-74.24365598498618
2817.1600790119173,-74.24481859110558,-74.24481859110558
2817.170079011917,-74.24598157895268,-74.24598157895268
2817.1800790119173,-74.2471450667617,-74.2471450667617
2817.190079011917,-74.24830917099206,-74.24830917099206
2817.2000790119173,-74.24947400631345,-74.24947400631345
2817.210079011917,-74.25063320971508,-74.25063320971508
2817.2200790119173,-74.25178405614496,-74.25178405614496
2817.230079011917,-74.25292527371839,-74.25292527371839
2817.2400790119173,-74.25405626223088,-74.25405626223088
2817.250079011917,-74.25517679499553,-74.25517679499553
2817.2600790119172,-74.25628686403019,-74.25628686403019
2817.270079011917,-74.25738658932968,-74.25738658932968
2817.280079011917,-74.25847616434052,-74.25847616434052
2817.290079011917,-74.2595558232042,-74.2595558232042
2817.300079011917,-74.26062582107123,-74.26062582107123
2817.310079011917,-74.26168642241637,-74.26168642241637
2817.320079011917,-74.2627378941128,-74.2627378941128
2817.330079011917,-74.26378050152498,-74.26378050152498
2817.340079011917,-74.26481450631931,-74.26481450631931
2817.350079011917,-74.2658401654016,-74.2658401654016
2817.360079011917,-74.26685773047595,-74.26685773047595
2817.370079011917,-74.26786744798848,-74.26786744798848
2817.380079011917,-74.26886955927164,-74.26886955927164
2817.390079011917,-74.26986430079955,-74.26986430079955
2817.400079011917,-74.270851904487,-74.270851904487
2817.4100790119173,-74.27183259800077,-74.27183259800077
2817.420079011917,-74.27280660503122,-74.27280660503122
2817.4300790119173,-74.2737741455954,-74.2737741455954
2817.440079011917,-74.27473543626971,-74.27473543626971
2817.4500790119173,-74.27569069038766,-74.27569069038766
2817.460079011917,-74.27664011826218,-74.27664011826218
2817.4700790119173,-74.27758392731143,-74.27758392731143
2817.480079011917,-74.27852232222196,-74.27852232222196
2817.4900790119173,-74.27945550505801,-74.27945550505801
2817.500079011917,-74.28038367536271,-74.28038367536271
2817.5100790119172,-74.2813070302435,-74.2813070302435
2817.520079011917,-74.2822257644328,-74.2822257644328
2817.530079011917,-74.2831400703669,-74.2831400703669
2817.540079011917,-74.28405013822955,-74.28405013822955
2817.550079011917,-74.28495615597147,-74.28495615597147
2817.560079011917,-74.28585830938368,-74.28585830938368
2817.570079011917,-74.28675678208906,-74.28675678208906
2817.580079011917,-74.2876517556036,-74.2876517556036
2817.590079011917,-74.28854340932313,-74.28854340932313
2817.600079011917,-74.28943192054764,-74.28943192054764
2817.610079011917,-74.29031746451392,-74.29031746451392
2817.620079011917,-74.29120021439213,-74.29120021439213
2817.630079011917,-74.29208034130174,-74.29208034130174
2817.640079011917,-74.29295801431374,-74.29295801431374
2817.650079011917,-74.29383340046931,-74.29383340046931
2817.6600790119173,-74.2947066647818,-74.2947066647818
2817.670079011917,-74.29557797024235,-74.29557797024235
2817.6800790119173,-74.2964474778276,-74.2964474778276
2817.690079011917,-74.29731534650166,-74.29731534650166
2817.7000790119173,-74.29818173322872,-74.29818173322872
2817.710079011917,-74.299046792991,-74.299046792991
2817.7200790119173,-74.29991067875622,-74.29991067875622
2817.730079011917,-74.3007735415276,-74.3007735415276
2817.7400790119173,-74.30163553033225,-74.30163553033225
2817.750079035759,-74.3024967942714,-74.3024967942714
2817.760079035759,-74.3033574743336,-74.3033574743336
2817.770079035759,-74.30421771570542,-74.30421771570542
2817.780079035759,-74.30507765958086,-74.30507765958086
2817.790079035759,-74.30593744521818,-74.30593744521818
2817.800079035759,-74.30679720993484,-74.30679720993484
2817.810079035759,-74.30765708913647,-74.30765708913647
2817.820079035759,-74.30851721632409,-74.30851721632409
2817.830079035759,-74.30937772308752,-74.30937772308752
2817.840079035759,-74.31023873913153,-74.31023873913153
2817.850079035759,-74.31110039229542,-74.31110039229542
2817.860079035759,-74.31196280852869,-74.31196280852869
2817.870079035759,-74.31282611194045,-74.31282611194045
2817.880079035759,-74.31369042478374,-74.31369042478374
2817.890079035759,-74.31455586748501,-74.31455586748501
2817.900079035759,-74.31542255865455,-74.31542255865455
2817.910079035759,-74.31629061509533,-74.31629061509533
2817.920079035759,-74.31716015180388,-74.31716015180388
2817.930079035759,-74.318031282017,-74.318031282017
2817.940079035759,-74.31890411719012,-74.31890411719012
2817.950079035759,-74.31977876702246,-74.31977876702246
2817.960079035759,-74.32064885817753,-74.32064885817753
2817.9700790357588,-74.32151165896124,-74.32151165896124
2817.980079035759,-74.32236589224526,-74.32236589224526
2817.9900790357588,-74.32321095324394,-74.32321095324394
2818.000079035759,-74.32404661106172,-74.32404661106172
2818.010079035759,-74.32487285370198,-74.32487285370198
2818.020079035759,-74.32568979724394,-74.32568979724394
2818.030079035759,-74.32649763128498,-74.32649763128498
2818.040079035759,-74.32729658611831,-74.32729658611831
2818.050079035759,-74.32808691305706,-74.32808691305706
2818.060079035759,-74.32886887269414,-74.32886887269414
2818.070079035759,-74.32964272802818,-74.32964272802818
2818.080079035759,-74.33040874050076,-74.33040874050076
2818.090079035759,-74.331167167854,-74.331167167854
2818.100079035759,-74.33191826303774,-74.33191826303774
2818.110079035759,-74.33266227378844,-74.33266227378844
2818.120079035759,-74.33339944256045,-74.33339944256045
2818.130079035759,-74.33413000668263,-74.33413000668263
2818.140079035759,-74.3348541986238,-74.3348541986238
2818.150079035759,-74.335572246288,-74.335572246288
2818.160079035759,-74.33628437331566,-74.33628437331566
2818.170079035759,-74.3369907993857,-74.3369907993857
2818.180079035759,-74.33769174049958,-74.33769174049958
2818.190079035759,-74.33838740920318,-74.33838740920318
2818.200079035759,-74.33907801483083,-74.33907801483083
2818.210079035759,-74.33976376368123,-74.33976376368123
2818.2200790357588,-74.34044485918582,-74.34044485918582
2818.230079035759,-74.34112150204055,-74.34112150204055
2818.2400790357588,-74.34179389032971,-74.34179389032971
2818.250079035759,-74.34246221963976,-74.34246221963976
2818.260079035759,-74.34312668311651,-74.34312668311651
2818.270079035759,-74.3437874715554,-74.3437874715554
2818.280079035759,-74.34444477347195,-74.34444477347195
2818.290079035759,-74.34509877513423,-74.34509877513423
2818.300079035759,-74.3457496606101,-74.3457496606101
2818.310079035759,-74.34639761180713,-74.34639761180713
2818.320079035759,-74.3470428084869,-74.3470428084869
2818.330079035759,-74.34768542831762,-74.34768542831762
2818.340079035759,-74.34832564687105,-74.34832564687105
2818.350079035759,-74.34896363765266,-74.34896363765266
2818.360079035759,-74.34959957210101,-74.34959957210101
2818.370079035759,-74.35023361961713,-74.35023361961713
2818.380079035759,-74.35086594757357,-74.35086594757357
2818.390079035759,-74.35149672130976,-74.35149672130976
2818.400079035759,-74.3521261041471,-74.3521261041471
2818.410079035759,-74.35275425740441,-74.35275425740441
2818.420079035759,-74.35338134041085,-74.35338134041085
2818.430079035759,-74.35400751048199,-74.35400751048199
2818.440079035759,-74.35463292295356,-74.35463292295356
2818.450079035759,-74.35525773118006,-74.35525773118006
2818.460079035759,-74.3558820865394,-74.3558820865394
2818.4700790357588,-74.35650613844031,-74.35650613844031
2818.480079035759,-74.35713003432751,-74.35713003432751
2818.4900790357588,-74.35775391969491,-74.35775391969491
2818.500079035759,-74.35837793808072,-74.35837793808072
2818.510079035759,-74.35900223108534,-74.35900223108534
2818.520079035759,-74.35962693837836,-74.35962693837836
2818.530079035759,-74.36025219768791,-74.36025219768791
2818.540079035759,-74.36087814485504,-74.36087814485504
2818.550079035759,-74.3615049137828,-74.3615049137828
2818.560079035759,-74.36213263648746,-74.36213263648746
2818.570079035759,-74.36276144309075,-74.36276144309075
2818.580079035759,-74.36339146184858,-74.36339146184858
2818.590079035759,-74.36402281912304,-74.36402281912304
2818.600079059601,-74.36465564094246,-74.36465564094246
2818.610079059601,-74.36529004697,-74.36529004697
2818.620079059601,-74.36592615953728,-74.36592615953728
2818.630079059601,-74.36656409764396,-74.36656409764396
2818.640079059601,-74.36720397848866,-74.36720397848866
2818.650079059601,-74.36784591746374,-74.36784591746374
2818.660079059601,-74.36849002817765,-74.36849002817765
2818.670079059601,-74.36913642246218,-74.36913642246218
2818.6800790596008,-74.36978521038056,-74.36978521038056
2818.690079059601,-74.37043650025448,-74.37043650025448
2818.7000790596007,-74.37109039868564,-74.37109039868564
2818.710079059601,-74.37174701052314,-74.37174701052314
2818.7200790596007,-74.3724064389285,-74.3724064389285
2818.730079059601,-74.37306878537797,-74.37306878537797
2818.7400790596007,-74.37373414965624,-74.37373414965624
2818.750079059601,-74.37440262988332,-74.37440262988332
2818.7600790596007,-74.37507432255093,-74.37507432255093
2818.770079059601,-74.3757493225012,-74.3757493225012
2818.7800790596007,-74.37642772296951,-74.37642772296951
2818.790079059601,-74.37710961557812,-74.37710961557812
2818.8000790596006,-74.37779509036845,-74.37779509036845
2818.810079059601,-74.3784842358101,-74.3784842358101
2818.8200790596006,-74.37917713881657,-74.37917713881657
2818.830079059601,-74.37987388476277,-74.37987388476277
2818.8400790596006,-74.3805745574869,-74.3805745574869
2818.850079059601,-74.38127923933513,-74.38127923933513
2818.860079059601,-74.38198801115404,-74.38198801115404
2818.870079059601,-74.38270095231881,-74.38270095231881
2818.880079059601,-74.38341814072585,-74.38341814072585
2818.890079059601,-74.38413965284263,-74.38413965284263
2818.900079059601,-74.3848655636996,-74.3848655636996
2818.910079059601,-74.38559594691748,-74.38559594691748
2818.920079059601,-74.38633087471123,-74.38633087471123
2818.9300790596008,-74.38707041792567,-74.38707041792567
2818.940079059601,-74.38781464602825,-74.38781464602825
2818.9500790596007,-74.38856362714552,-74.38856362714552
2818.960079059601,-74.38931742805761,-74.38931742805761
2818.9700790596007,-74.39007611423371,-74.39007611423371
2818.980079059601,-74.39083974983062,-74.39083974983062
2818.9900790596007,-74.3916083977255,-74.3916083977255
2819.000079059601,-74.39238211952483,-74.39238211952483
2819.0100790596007,-74.39316097557574,-74.39316097557574
2819.020079059601,-74.3939450249687,-74.3939450249687
2819.0300790596007,-74.39473432558589,-74.39473432558589
2819.040079059601,-74.39552893409127,-74.39552893409127
2819.0500790596006,-74.39632890594912,-74.39632890594912
2819.060079059601,-74.39713429544894,-74.39713429544894
2819.0700790596006,-74.39794515570959,-74.39794515570959
2819.080079059601,-74.39876153870088,-74.39876153870088
2819.0900790596006,-74.39958349525351,-74.39958349525351
2819.100079059601,-74.40041107507245,-74.40041107507245
2819.110079059601,-74.40124432675896,-74.40124432675896
2819.120079059601,-74.402083297824,-74.402083297824
2819.130079059601,-74.40292803469121,-74.40292803469121
2819.140079059601,-74.40377858272797,-74.40377858272797
2819.150079059601,-74.40463498623393,-74.40463498623393
2819.160079059601,-74.40549728848846,-74.40549728848846
2819.170079059601,-74.40636553175169,-74.40636553175169
2819.1800790596008,-74.40723975725128,-74.40723975725128
2819.190079059601,-74.40812000523812,-74.40812000523812
2819.2000790596007,-74.40900631498056,-74.40900631498056
2819.210079059601,-74.40989872476243,-74.40989872476243
2819.2200790596007,-74.41079727192424,-74.41079727192424
2819.230079059601,-74.41170199286144,-74.41170199286144
2819.2400790596007,-74.41261292303561,-74.41261292303561
2819.250079059601,-74.41353009699458,-74.41353009699458
2819.2600790596007,-74.41445354837981,-74.41445354837981
2819.270079059601,-74.41538330994602,-74.41538330994602
2819.2800790596007,-74.41631941355541,-74.41631941355541
2819.290079059601,-74.41726189020822,-74.41726189020822
2819.3000790596006,-74.4182107700626,-74.4182107700626
2819.310079059601,-74.41916608241057,-74.41916608241057
2819.3200790596006,-74.42012785574013,-74.42012785574013
2819.330079059601,-74.42109611769867,-74.42109611769867
2819.3400790596006,-74.42207089512944,-74.42207089512944
2819.350079059601,-74.42305221407857,-74.42305221407857
2819.360079059601,-74.4240400998217,-74.4240400998217
2819.370079059601,-74.42503457684798,-74.42503457684798
2819.380079059601,-74.42603566887841,-74.42603566887841
2819.390079059601,-74.4270433988961,-74.4270433988961
2819.400079059601,-74.42805778913709,-74.42805778913709
2819.410079059601,-74.42907886111031,-74.42907886111031
2819.420079059601,-74.43010663559991,-74.43010663559991
2819.4300790596008,-74.43114113269054,-74.43114113269054
2819.440079059601,-74.43218237174715,-74.43218237174715
2819.4500790834427,-74.43323037397924,-74.43323037397924
2819.460079083443,-74.43428515241946,-74.43428515241946
2819.4700790834427,-74.43534672689545,-74.43534672689545
2819.480079083443,-74.43641511407905,-74.43641511407905
2819.4900790834427,-74.43749033002881,-74.43749033002881
2819.500079083443,-74.43857239014261,-74.43857239014261
2819.5100790834426,-74.43966130918838,-74.43966130918838
2819.520079083443,-74.44075710131575,-74.44075710131575
2819.5300790834426,-74.44185978007081,-74.44185978007081
2819.540079083443,-74.44296935840077,-74.44296935840077
2819.5500790834426,-74.44408584865327,-74.44408584865327
2819.560079083443,-74.44520926258271,-74.44520926258271
2819.5700790834426,-74.44633961139196,-74.44633961139196
2819.580079083443,-74.44747690569808,-74.44747690569808
2819.5900790834426,-74.44862115557677,-74.44862115557677
2819.600079083443,-74.44977237054351,-74.44977237054351
2819.6100790834425,-74.45093055958182,-74.45093055958182
2819.6200790834428,-74.45209573112712,-74.45209573112712
2819.6300790834425,-74.45326789311457,-74.45326789311457
2819.6400790834427,-74.45444705294688,-74.45444705294688
2819.6500790834425,-74.455633217523,-74.455633217523
2819.6600790834427,-74.45682639323975,-74.45682639323975
2819.6700790834425,-74.45802658601146,-74.45802658601146
2819.6800790834427,-74.45923380125397,-74.45923380125397
2819.6900790834425,-74.46044804391377,-74.46044804391377
2819.7000790834427,-74.4616693184695,-74.4616693184695
2819.710079083443,-74.46289762893342,-74.46289762893342
2819.7200790834427,-74.46413297886303,-74.46413297886303
2819.730079083443,-74.4653753713715,-74.4653753713715
2819.7400790834427,-74.46662480912559,-74.46662480912559
2819.750079083443,-74.46788129435646,-74.46788129435646
2819.7600790834426,-74.46914482888452,-74.46914482888452
2819.770079083443,-74.47041541408737,-74.47041541408737
2819.7800790834426,-74.47169305094245,-74.47169305094245
2819.790079083443,-74.47297774001858,-74.47297774001858
2819.8000790834426,-74.47426948148589,-74.47426948148589
2819.810079083443,-74.4755682751042,-74.4755682751042
2819.8200790834426,-74.4768741202679,-74.4768741202679
2819.830079083443,-74.47818701597666,-74.47818701597666
2819.8400790834426,-74.47950696086835,-74.47950696086835
2819.850079083443,-74.4808339531881,-74.4808339531881
2819.8600790834425,-74.48216799083671,-74.48216799083671
2819.8700790834428,-74.48350907135155,-74.48350907135155
2819.8800790834425,-74.48485719192294,-74.48485719192294
2819.8900790834427,-74.48621234938228,-74.48621234938228
2819.9000790834425,-74.48757454023315,-74.48757454023315
2819.9100790834427,-74.48894376063994,-74.48894376063994
2819.9200790834425,-74.49032000644024,-74.49032000644024
2819.9300790834427,-74.49170327313617,-74.49170327313617
2819.9400790834425,-74.49309355592658,-74.49309355592658
2819.9500790834427,-74.4944908496919,-74.4944908496919
2819.960079083443,-74.49589514900747,-74.49589514900747
2819.9700790834427,-74.49730644814223,-74.49730644814223
2819.980079083443,-74.49872474106019,-74.49872474106019
2819.9900790834427,-74.50015002144714,-74.50015002144714
2820.000079083443,-74.5015822826911,-74.5015822826911
2820.0100790834426,-74.50302151789863,-74.50302151789863
2820.020079083443,-74.50446771989836,-74.50446771989836
2820.0300790834426,-74.50592088124993,-74.50592088124993
2820.040079083443,-74.50738099424211,-74.50738099424211
2820.0500790834426,-74.50884805089224,-74.50884805089224
2820.060079083443,-74.51032204296015,-74.51032204296015
2820.0700790834426,-74.5118029619626,-74.5118029619626
2820.080079083443,-74.51329079915418,-74.51329079915418
2820.0900790834426,-74.514785545545,-74.514785545545
2820.100079083443,-74.51628719189884,-74.51628719189884
2820.1100790834425,-74.51779572874517,-74.51779572874517
2820.1200790834428,-74.51931114638288,-74.51931114638288
2820.1300790834425,-74.5208334348853,-74.5208334348853
2820.1400790834427,-74.52236258408449,-74.52236258408449
2820.1500790834425,-74.52389858359513,-74.52389858359513
2820.1600790834427,-74.52544142283013,-74.52544142283013
2820.1700790834425,-74.52699109096913,-74.52699109096913
2820.1800790834427,-74.5285475769913,-74.5285475769913
2820.1900790834425,-74.53011086965944,-74.53011086965944
2820.2000790834427,-74.53168095754812,-74.53168095754812
2820.210079083443,-74.53325782902691,-74.53325782902691
2820.2200790834427,-74.53484147226851,-74.53484147226851
2820.230079083443,-74.53643187524692,-74.53643187524692
2820.2400790834427,-74.53802902576346,-74.53802902576346
2820.250079083443,-74.53963291142001,-74.53963291142001
2820.2600790834426,-74.54124351964754,-74.54124351964754
2820.270079083443,-74.54286083768667,-74.54286083768667
2820.2800790834426,-74.54448485261898,-74.54448485261898
2820.290079083443,-74.54611555134508,-74.54611555134508
2820.3000791072845,-74.54775292449618,-74.54775292449618
2820.3100791072848,-74.54939695086578,-74.54939695086578
2820.3200791072845,-74.55104762073528,-74.55104762073528
2820.3300791072847,-74.55270492034992,-74.55270492034992
2820.3400791072845,-74.55436883580563,-74.55436883580563
2820.3500791072847,-74.55603935303299,-74.55603935303299
2820.3600791072845,-74.55771645783403,-74.55771645783403
2820.3700791072847,-74.5594001358357,-74.5594001358357
2820.3800791072845,-74.5610903725472,-74.5610903725472
2820.3900791072847,-74.56278715332309,-74.56278715332309
2820.4000791072845,-74.56449046338575,-74.56449046338575
2820.4100791072847,-74.56620028780277,-74.56620028780277
2820.4200791072844,-74.56791661153078,-74.56791661153078
2820.4300791072847,-74.56963941939514,-74.56963941939514
2820.4400791072844,-74.5713686960745,-74.5713686960745
2820.4500791072846,-74.57310442614283,-74.57310442614283
2820.4600791072844,-74.57484008699534,-74.57484008699534
2820.4700791072846,-74.5765728115022,-74.5765728115022
2820.4800791072844,-74.57830119372015,-74.57830119372015
2820.4900791072846,-74.58002450396152,-74.58002450396152
2820.5000791072844,-74.58174238935202,-74.58174238935202
2820.5100791072846,-74.58345471829861,-74.58345471829861
2820.5200791072843,-74.5851614893728,-74.5851614893728
2820.5300791072846,-74.58686277654893,-74.58686277654893
2820.5400791072843,-74.58855869630749,-74.58855869630749
2820.5500791072845,-74.59024938785382,-74.59024938785382
2820.5600791072848,-74.59193500135129,-74.59193500135129
2820.5700791072845,-74.59361569098225,-74.59361569098225
2820.5800791072847,-74.59529161098637,-74.59529161098637
2820.5900791072845,-74.59696291345719,-74.59696291345719
2820.6000791072847,-74.59862974726232,-74.59862974726232
2820.6100791072845,-74.60029225757188,-74.60029225757188
2820.6200791072847,-74.60195058580653,-74.60195058580653
2820.6300791072845,-74.60360486973366,-74.60360486973366
2820.6400791072847,-74.60525524374019,-74.60525524374019
2820.6500791072845,-74.6069018391011,-74.6069018391011
2820.6600791072847,-74.60854478425456,-74.60854478425456
2820.6700791072844,-74.61018420511692,-74.61018420511692
2820.6800791072847,-74.61182022530141,-74.61182022530141
2820.6900791072844,-74.6134529663863,-74.6134529663863
2820.7000791072846,-74.61508254808652,-74.61508254808652
2820.7100791072844,-74.616709088432,-74.616709088432
2820.7200791072846,-74.6183327039226,-74.6183327039226
2820.7300791072844,-74.61995350963628,-74.61995350963628
2820.7400791072846,-74.62157161935457,-74.62157161935457
2820.7500791072844,-74.62318714564279,-74.62318714564279
2820.7600791072846,-74.62480019989101,-74.62480019989101
2820.7700791072843,-74.62641089240759,-74.62641089240759
2820.7800791072846,-74.62801933245221,-74.62801933245221
2820.7900791072843,-74.62962562825439,-74.62962562825439
2820.8000791072845,-74.63122988706392,-74.63122988706392
2820.8100791072848,-74.63283221515304,-74.63283221515304
2820.8200791072845,-74.6344327178479,-74.6344327178479
2820.8300791072847,-74.63603149951811,-74.63603149951811
2820.8400791072845,-74.63762866360692,-74.63762866360692
2820.8500791072847,-74.63922431261481,-74.63922431261481
2820.8600791072845,-74.64081854811062,-74.64081854811062
2820.8700791072847,-74.64241147071799,-74.64241147071799
2820.8800791072845,-74.64400318011694,-74.64400318011694
2820.8900791072847,-74.64559377505263,-74.64559377505263
2820.9000791072845,-74.64718335332316,-74.64718335332316
2820.9100791072847,-74.6487720117459,-74.6487720117459
2820.9200791072844,-74.65035984618936,-74.65035984618936
2820.9300791072847,-74.65194695155004,-74.65194695155004
2820.9400791072844,-74.65353342174404,-74.65353342174404
2820.9500791072846,-74.65511934970618,-74.65511934970618
2820.9600791072844,-74.65670482737242,-74.65670482737242
2820.9700791072846,-74.65828994568211,-74.65828994568211
2820.9800791072844,-74.65987479457014,-74.65987479457014
2820.9900791072846,-74.66145946295813,-74.66145946295813
2821.0000791072844,-74.66304403876086,-74.66304403876086
2821.0100791072846,-74.66462860884864,-74.66462860884864
2821.0200791072843,-74.66621325908689,-74.66621325908689
2821.0300791072846,-74.66779807429884,-74.66779807429884
2821.0400791072843,-74.66938313827869,-74.66938313827869
2821.0500791072845,-74.67096853377434,-74.67096853377434
2821.0600791072848,-74.67255434250022,-74.67255434250022
2821.0700791072845,-74.67414064512424,-74.67414064512424
2821.0800791072847,-74.67572752126995,-74.67572752126995
2821.0900791072845,-74.67731504951838,-74.67731504951838
2821.1000791072847,-74.67890330740225,-74.67890330740225
2821.1100791072845,-74.68049237140204,-74.68049237140204
2821.1200791072847,-74.68208231695392,-74.68208231695392
2821.1300791072845,-74.68367321845467,-74.68367321845467
2821.1400791072847,-74.68525449941951,-74.68525449941951
2821.1500791311264,-74.68681426716745,-74.68681426716745
2821.1600791311266,-74.68834224160072,-74.68834224160072
2821.1700791311264,-74.68982996166095,-74.68982996166095
2821.1800791311266,-74.69127045503623,-74.69127045503623
2821.1900791311264,-74.69265794504935,-74.69265794504935
2821.2000791311266,-74.69398762842961,-74.69398762842961
2821.2100791311263,-74.69524899273225,-74.69524899273225
2821.2200791311266,-74.69643586658012,-74.69643586658012
2821.2300791311263,-74.69754411903216,-74.69754411903216
2821.2400791311265,-74.69857078951439,-74.69857078951439
2821.2500791311263,-74.6995137183355,-74.6995137183355
2821.2600791311265,-74.70037133273888,-74.70037133273888
2821.2700791311263,-74.70114250651814,-74.70114250651814
2821.2800791311265,-74.70182646353506,-74.70182646353506
2821.2900791311263,-74.70242270916633,-74.70242270916633
2821.3000791311265,-74.70293097998602,-74.70293097998602
2821.3100791311263,-74.70335120567393,-74.70335120567393
2821.3200791311265,-74.70368347935825,-74.70368347935825
2821.3300791311262,-74.70392803383302,-74.70392803383302
2821.3400791311265,-74.70408522220693,-74.70408522220693
2821.350079131126,-74.70415550175115,-74.70415550175115
2821.3600791311264,-74.70413942030795,-74.70413942030795
2821.370079131126,-74.70403760465712,-74.70403760465712
2821.3800791311264,-74.70385075048632,-74.70385075048632
2821.390079131126,-74.70357961369774,-74.70357961369774
2821.4000791311264,-74.70322500278716,-74.70322500278716
2821.4100791311266,-74.70278777215066,-74.70278777215066
2821.4200791311264,-74.70226881620923,-74.70226881620923
2821.4300791311266,-74.70166906416691,-74.70166906416691
2821.4400791311264,-74.70098947537974,-74.70098947537974
2821.4500791311266,-74.7002310352541,-74.7002310352541
2821.4600791311263,-74.69939475156153,-74.69939475156153
2821.4700791311266,-74.69848165115292,-74.69848165115292
2821.4800791311263,-74.69749277705391,-74.69749277705391
2821.4900791311265,-74.69642918579352,-74.69642918579352
2821.5000791311263,-74.69529194509741,-74.69529194509741
2821.5100791311265,-74.69408213174255,-74.69408213174255
2821.5200791311263,-74.69280082968227,-74.69280082968227
2821.5300791311265,-74.69144912830856,-74.69144912830856
2821.5400791311263,-74.69002812093566,-74.69002812093566
2821.5500791311265,-74.68853890340479,-74.68853890340479
2821.5600791311263,-74.68698257282993,-74.68698257282993
2821.5700791311265,-74.68536022646994,-74.68536022646994
2821.5800791311262,-74.68367296071844,-74.68367296071844
2821.5900791311265,-74.68192187015983,-74.68192187015983
2821.600079131126,-74.68010804677837,-74.68010804677837
2821.6100791311264,-74.6782325791413,-74.6782325791413
2821.620079131126,-74.67629655177768,-74.67629655177768
2821.6300791311264,-74.67430104452106,-74.67430104452106
2821.640079131126,-74.67224713195408,-74.67224713195408
2821.6500791311264,-74.67013588294341,-74.67013588294341
2821.6600791311266,-74.66796836012261,-74.66796836012261
2821.6700791311264,-74.66574561952733,-74.66574561952733
2821.6800791311266,-74.66346871018813,-74.66346871018813
2821.6900791311264,-74.66113867381937,-74.66113867381937
2821.7000791311266,-74.65875654448789,-74.65875654448789
2821.7100791311263,-74.65632334836341,-74.65632334836341
2821.7200791311266,-74.65384010344084,-74.65384010344084
2821.7300791311263,-74.65130781937148,-74.65130781937148
2821.7400791311265,-74.6487274971892,-74.6487274971892
2821.7500791311263,-74.64610012919972,-74.64610012919972
2821.7600791311265,-74.64342669878587,-74.64342669878587
2821.7700791311263,-74.64070818027162,-74.64070818027162
2821.7800791311265,-74.63794553881957,-74.63794553881957
2821.7900791311263,-74.63513973028347,-74.63513973028347
2821.8000791311265,-74.63229170115078,-74.63229170115078
2821.8100791311263,-74.62940238843277,-74.62940238843277
2821.8200791311265,-74.62647271961787,-74.62647271961787
2821.8300791311262,-74.62350361257921,-74.62350361257921
2821.8400791311265,-74.62049597555895,-74.62049597555895
2821.850079131126,-74.61745070712601,-74.61745070712601
2821.8600791311264,-74.61436869611998,-74.61436869611998
2821.870079131126,-74.61125082164622,-74.61125082164622
2821.8800791311264,-74.60809795305853,-74.60809795305853
2821.890079131126,-74.60491094994823,-74.60491094994823
2821.9000791311264,-74.60169066214418,-74.60169066214418
2821.9100791311266,-74.59843792971893,-74.59843792971893
2821.9200791311264,-74.59515358300538,-74.59515358300538
2821.9300791311266,-74.59183844259414,-74.59183844259414
2821.9400791311264,-74.58849331936385,-74.58849331936385
2821.9500791311266,-74.58511901451308,-74.58511901451308
2821.9600791311263,-74.58171631957886,-74.58171631957886
2821.9700791311266,-74.57828601647546,-74.57828601647546
2821.9800791311263,-74.5748288775255,-74.5748288775255
2821.9900791311265,-74.57134566551346,-74.57134566551346
2822.0000791549683,-74.56783712535717,-74.56783712535717
2822.0100791549685,-74.56430401752742,-74.56430401752742
2822.0200791549682,-74.56074706814384,-74.56074706814384
2822.0300791549685,-74.55716700227697,-74.55716700227697
2822.040079154968,-74.55356453568088,-74.55356453568088
2822.0500791549684,-74.54994037487148,-74.54994037487148
2822.060079154968,-74.54629521719147,-74.54629521719147
2822.0700791549684,-74.54262975084222,-74.54262975084222
2822.080079154968,-74.53894465497709,-74.53894465497709
2822.0900791549684,-74.5352405997482,-74.5352405997482
2822.100079154968,-74.53151824637501,-74.53151824637501
2822.1100791549684,-74.5277782472256,-74.5277782472256
2822.120079154968,-74.52402124587158,-74.52402124587158
2822.1300791549684,-74.5202478771493,-74.5202478771493
2822.140079154968,-74.51645876725735,-74.51645876725735
2822.1500791549684,-74.51265453379575,-74.51265453379575
2822.160079154968,-74.50883578588393,-74.50883578588393
2822.1700791549683,-74.5050031241793,-74.5050031241793
2822.180079154968,-74.5011571410024,-74.5011571410024
2822.1900791549683,-74.49729842036153,-74.49729842036153
2822.200079154968,-74.49342753808428,-74.49342753808428
2822.2100791549683,-74.48954506185433,-74.48954506185433
2822.220079154968,-74.48565155129978,-74.48565155129978
2822.2300791549683,-74.48174755807646,-74.48174755807646
2822.240079154968,-74.47783362593454,-74.47783362593454
2822.2500791549683,-74.47391029078689,-74.47391029078689
2822.2600791549685,-74.46997808082638,-74.46997808082638
2822.2700791549682,-74.46603751656873,-74.46603751656873
2822.2800791549685,-74.46208911093842,-74.46208911093842
2822.290079154968,-74.45813336934546,-74.45813336934546
2822.3000791549684,-74.45417078977947,-74.45417078977947
2822.310079154968,-74.4502018628693,-74.4502018628693
2822.3200791549684,-74.44622707197034,-74.44622707197034
2822.330079154968,-74.44224689323028,-74.44224689323028
2822.3400791549684,-74.43826179568921,-74.43826179568921
2822.350079154968,-74.434272241346,-74.434272241346
2822.3600791549684,-74.43027868523409,-74.43027868523409
2822.370079154968,-74.42628157549562,-74.42628157549562
2822.3800791549684,-74.42228135347253,-74.42228135347253
2822.390079154968,-74.41827845376179,-74.41827845376179
2822.4000791549684,-74.4142733043103,-74.4142733043103
2822.410079154968,-74.41026632649088,-74.41026632649088
2822.4200791549683,-74.4062579351706,-74.4062579351706
2822.430079154968,-74.40224853878537,-74.40224853878537
2822.4400791549683,-74.39823853941255,-74.39823853941255
2822.450079154968,-74.39422833286197,-74.39422833286197
2822.4600791549683,-74.39021830873548,-74.39021830873548
2822.470079154968,-74.38620885050837,-74.38620885050837
2822.4800791549683,-74.38220033558436,-74.38220033558436
2822.490079154968,-74.37819313539899,-74.37819313539899
2822.5000791549683,-74.37418761547129,-74.37418761547129
2822.5100791549685,-74.370184135475,-74.370184135475
2822.5200791549682,-74.36618304932195,-74.36618304932195
2822.5300791549685,-74.36218470521943,-74.36218470521943
2822.540079154968,-74.35818944574974,-74.35818944574974
2822.5500791549684,-74.35419760794423,-74.35419760794423
2822.560079154968,-74.35020952333757,-74.35020952333757
2822.5700791549684,-74.3462255180391,-74.3462255180391
2822.580079154968,-74.3422459128119,-74.3422459128119
2822.5900791549684,-74.33827102312884,-74.33827102312884
2822.600079154968,-74.33430115926234,-74.33430115926234
2822.6100791549684,-74.33033662629772,-74.33033662629772
2822.620079154968,-74.32637772426432,-74.32637772426432
2822.6300791549684,-74.32242474815244,-74.32242474815244
2822.640079154968,-74.31847798800707,-74.31847798800707
2822.6500791549684,-74.31453772895962,-74.31453772895962
2822.660079154968,-74.31060425133217,-74.31060425133217
2822.6700791549683,-74.30667783066183,-74.30667783066183
2822.680079154968,-74.30275873779696,-74.30275873779696
2822.6900791549683,-74.29884723891692,-74.29884723891692
2822.700079154968,-74.29494359562847,-74.29494359562847
2822.7100791549683,-74.2910480650181,-74.2910480650181
2822.720079154968,-74.28716089969717,-74.28716089969717
2822.7300791549683,-74.28328234787213,-74.28328234787213
2822.740079154968,-74.27941265340448,-74.27941265340448
2822.7500791549683,-74.27555205585028,-74.27555205585028
2822.7600791549685,-74.27170079055742,-74.27170079055742
2822.7700791549682,-74.26785908867141,-74.26785908867141
2822.7800791549685,-74.26402717722065,-74.26402717722065
2822.790079154968,-74.26020527916765,-74.26020527916765
2822.8000791549684,-74.25639361346386,-74.25639361346386
2822.810079154968,-74.25259239510244,-74.25259239510244
2822.8200791549684,-74.24880183515641,-74.24880183515641
2822.830079154968,-74.24502214085314,-74.24502214085314
2822.8400791549684,-74.24125351562245,-74.24125351562245
2822.85007917881,-74.23749615017998,-74.23749615017998
2822.8600791788103,-74.23375025843332,-74.23375025843332
2822.87007917881,-74.23001602372783,-74.23001602372783
2822.8800791788103,-74.22629363477493,-74.22629363477493
2822.89007917881,-74.22258327675681,-74.22258327675681
2822.9000791788103,-74.21888513133253,-74.21888513133253
2822.91007917881,-74.21519937671339,-74.21519937671339
2822.9200791788103,-74.2115261876984,-74.2115261876984
2822.93007917881,-74.20786573572813,-74.20786573572813
2822.9400791788103,-74.20421818892252,-74.20421818892252
2822.95007917881,-74.20058371214063,-74.20058371214063
2822.9600791788102,-74.19696246700482,-74.19696246700482
2822.97007917881,-74.19335461196069,-74.19335461196069
2822.9800791788102,-74.18976030230996,-74.18976030230996
2822.99007917881,-74.18617969028146,-74.18617969028146
2823.00007917881,-74.18261292503189,-74.18261292503189
2823.01007917881,-74.17906015271389,-74.17906015271389
2823.02007917881,-74.17552151650641,-74.17552151650641
2823.03007917881,-74.17199715667743,-74.17199715667743
2823.04007917881,-74.16848721059031,-74.16848721059031
2823.05007917881,-74.16499181278826,-74.16499181278826
2823.06007917881,-74.16151109497754,-74.16151109497754
2823.07007917881,-74.1580451861192,-74.1580451861192
2823.08007917881,-74.15459421243516,-74.15459421243516
2823.09007917881,-74.15115829746604,-74.15115829746604
2823.10007917881,-74.14773756209074,-74.14773756209074
2823.1100791788103,-74.14433212457317,-74.14433212457317
2823.12007917881,-74.14094210060948,-74.14094210060948
2823.1300791788103,-74.13756760333996,-74.13756760333996
2823.14007917881,-74.13420874340673,-74.13420874340673
2823.1500791788103,-74.13086562896743,-74.13086562896743
2823.16007917881,-74.12753836575385,-74.12753836575385
2823.1700791788103,-74.12422705709899,-74.12422705709899
2823.18007917881,-74.12093180395372,-74.12093180395372
2823.1900791788103,-74.11765270494215,-74.11765270494215
2823.20007917881,-74.11438985638272,-74.11438985638272
2823.2100791788102,-74.11114335232622,-74.11114335232622
2823.22007917881,-74.10791328458029,-74.10791328458029
2823.2300791788102,-74.10469974275176,-74.10469974275176
2823.24007917881,-74.10150281426827,-74.10150281426827
2823.25007917881,-74.09832258442395,-74.09832258442395
2823.26007917881,-74.09515913638853,-74.09515913638853
2823.27007917881,-74.0920125512525,-74.0920125512525
2823.28007917881,-74.08888290804511,-74.08888290804511
2823.29007917881,-74.08577028378535,-74.08577028378535
2823.30007917881,-74.082674753489,-74.082674753489
2823.31007917881,-74.0795963901969,-74.0795963901969
2823.32007917881,-74.07653526502818,-74.07653526502818
2823.33007917881,-74.07349144717115,-74.07349144717115
2823.34007917881,-74.07046500394799,-74.07046500394799
2823.35007917881,-74.06745600081713,-74.06745600081713
2823.3600791788103,-74.0644645014005,-74.0644645014005
2823.37007917881,-74.06149056753299,-74.06149056753299
2823.3800791788103,-74.05853425924813,-74.05853425924813
2823.39007917881,-74.05559563484258,-74.05559563484258
2823.4000791788103,-74.05267475088158,-74.05267475088158
2823.41007917881,-74.04977166222676,-74.04977166222676
2823.4200791788103,-74.04688642206864,-74.04688642206864
2823.43007917881,-74.0440190819405,-74.0440190819405
2823.4400791788103,-74.04116969173843,-74.04116969173843
2823.45007917881,-74.03833829976841,-74.03833829976841
2823.4600791788102,-74.03552495273765,-74.03552495273765
2823.47007917881,-74.03272969580456,-74.03272969580456
2823.4800791788102,-74.02995257258543,-74.02995257258543
2823.49007917881,-74.02719362519149,-74.02719362519149
2823.50007917881,-74.0244528942217,-74.0244528942217
2823.51007917881,-74.02173041882486,-74.02173041882486
2823.52007917881,-74.01902623669218,-74.01902623669218
2823.53007917881,-74.01634038408355,-74.01634038408355
2823.54007917881,-74.01367289585043,-74.01367289585043
2823.55007917881,-74.01102380546516,-74.01102380546516
2823.56007917881,-74.00839314502235,-74.00839314502235
2823.57007917881,-74.00578094528812,-74.00578094528812
2823.58007917881,-74.00318723568918,-74.00318723568918
2823.59007917881,-74.00061204435085,-74.00061204435085
2823.60007917881,-73.99805539810002,-73.99805539810002
2823.6100791788103,-73.99551732251078,-73.99551732251078
2823.62007917881,-73.99299784189927,-73.99299784189927
2823.6300791788103,-73.99049697934024,-73.99049697934024
2823.64007917881,-73.98801475672158,-73.98801475672158
2823.6500791788103,-73.9855511947083,-73.9855511947083
2823.66007917881,-73.98310631280837,-73.98310631280837
2823.6700791788103,-73.98068012934364,-73.98068012934364
2823.68007917881,-73.9782726615261,-73.9782726615261
2823.6900791788103,-73.97588392542664,-73.97588392542664
2823.700079202652,-73.97351393036439,-73.97351393036439
2823.710079202652,-73.97116270153646,-73.97116270153646
2823.720079202652,-73.96883024604709,-73.96883024604709
2823.730079202652,-73.96651657563032,-73.96651657563032
2823.740079202652,-73.96422170097935,-73.96422170097935
2823.750079202652,-73.9619456317583,-73.9619456317583
2823.760079202652,-73.95968837661476,-73.95968837661476
2823.770079202652,-73.95744994320262,-73.95744994320262
2823.780079202652,-73.95523033819487,-73.95523033819487
2823.790079202652,-73.95302956729032,-73.95302956729032
2823.800079202652,-73.95084763524767,-73.95084763524767
2823.810079202652,-73.94868454587628,-73.94868454587628
2823.820079202652,-73.94654030207128,-73.94654030207128
2823.830079202652,-73.94441490580154,-73.94441490580154
2823.840079202652,-73.94230835815966,-73.94230835815966
2823.850079202652,-73.94022065934358,-73.94022065934358
2823.860079202652,-73.93815180869392,-73.93815180869392
2823.870079202652,-73.9361018046783,-73.9361018046783
2823.880079202652,-73.93407064494438,-73.93407064494438
2823.890079202652,-73.93205832629678,-73.93205832629678
2823.900079202652,-73.9300648447296,-73.9300648447296
2823.910079202652,-73.9280901954204,-73.9280901954204
2823.920079202652,-73.92613437278285,-73.92613437278285
2823.930079202652,-73.92419737042783,-73.92419737042783
2823.9400792026518,-73.92227918121259,-73.92227918121259
2823.950079202652,-73.92037979723227,-73.92037979723227
2823.960079202652,-73.91849276460071,-73.91849276460071
2823.970079202652,-73.91661525510511,-73.91661525510511
2823.980079202652,-73.91474588948316,-73.91474588948316
2823.990079202652,-73.91288395886987,-73.91288395886987
2824.000079202652,-73.91102912767083,-73.91102912767083
2824.010079202652,-73.9091812791945,-73.9091812791945
2824.020079202652,-73.90734042514597,-73.90734042514597
2824.030079202652,-73.90550665118917,-73.90550665118917
2824.040079202652,-73.90368008422928,-73.90368008422928
2824.050079202652,-73.90186087273018,-73.90186087273018
2824.060079202652,-73.90004917503848,-73.90004917503848
2824.070079202652,-73.89824515247354,-73.89824515247354
2824.080079202652,-73.89644896539028,-73.89644896539028
2824.090079202652,-73.89466077105543,-73.89466077105543
2824.100079202652,-73.8928807225417,-73.8928807225417
2824.110079202652,-73.89110896833827,-73.89110896833827
2824.120079202652,-73.889345652278,-73.889345652278
2824.130079202652,-73.8875909137236,-73.8875909137236
2824.140079202652,-73.88584488781004,-73.88584488781004
2824.150079202652,-73.8841077057733,-73.8841077057733
2824.160079202652,-73.88237949524948,-73.88237949524948
2824.170079202652,-73.88066038059704,-73.88066038059704
2824.180079202652,-73.87895048314769,-73.87895048314769
2824.1900792026518,-73.87724992150616,-73.87724992150616
2824.200079202652,-73.87555881172392,-73.87555881172392
2824.210079202652,-73.87387726751194,-73.87387726751194
2824.220079202652,-73.87220540041272,-73.87220540041272
2824.230079202652,-73.87054331993309,-73.87054331993309
2824.240079202652,-73.86889113367255,-73.86889113367255
2824.250079202652,-73.86724894742234,-73.86724894742234
2824.260079202652,-73.86561686524257,-73.86561686524257
2824.270079202652,-73.86399498954644,-73.86399498954644
2824.280079202652,-73.86238342116074,-73.86238342116074
2824.290079202652,-73.86078225936338,-73.86078225936338
2824.300079202652,-73.85919160192141,-73.85919160192141
2824.310079202652,-73.85761154515512,-73.85761154515512
2824.320079202652,-73.85604218391433,-73.85604218391433
2824.330079202652,-73.85448361166351,-73.85448361166351
2824.340079202652,-73.8529359204312,-73.8529359204312
2824.350079202652,-73.85139920087182,-73.85139920087182
2824.360079202652,-73.84987354227079,-73.84987354227079
2824.370079202652,-73.84835903253004,-73.84835903253004
2824.380079202652,-73.84685575820613,-73.84685575820613
2824.390079202652,-73.84536380447665,-73.84536380447665
2824.400079202652,-73.84388325519078,-73.84388325519078
2824.410079202652,-73.8424141928295,-73.8424141928295
2824.420079202652,-73.84095669854537,-73.84095669854537
2824.430079202652,-73.83951085212637,-73.83951085212637
2824.4400792026518,-73.83807673202904,-73.83807673202904
2824.450079202652,-73.83665441536662,-73.83665441536662
2824.460079202652,-73.83523753976115,-73.83523753976115
2824.470079202652,-73.83382336345319,-73.83382336345319
2824.480079202652,-73.83241059124461,-73.83241059124461
2824.490079202652,-73.83099859691181,-73.83099859691181
2824.500079202652,-73.82958712639525,-73.82958712639525
2824.510079202652,-73.8281761436852,-73.8281761436852
2824.520079202652,-73.82676574037202,-73.82676574037202
2824.530079202652,-73.82535608133423,-73.82535608133423
2824.540079202652,-73.82394737200063,-73.82394737200063
2824.550079226494,-73.82253983540596,-73.82253983540596
2824.560079226494,-73.8211337138472,-73.8211337138472
2824.570079226494,-73.81972924195647,-73.81972924195647
2824.580079226494,-73.81832665609296,-73.81832665609296
2824.590079226494,-73.8169261888917,-73.8169261888917
2824.600079226494,-73.81552806815203,-73.81552806815203
2824.610079226494,-73.81413251644886,-73.81413251644886
2824.620079226494,-73.81273975102857,-73.81273975102857
2824.6300792264938,-73.81134998401929,-73.81134998401929
2824.640079226494,-73.80996342263543,-73.80996342263543
2824.6500792264937,-73.80858026950902,-73.80858026950902
2824.660079226494,-73.80720072301222,-73.80720072301222
2824.6700792264937,-73.80582497753123,-73.80582497753123
2824.680079226494,-73.80445322375508,-73.80445322375508
2824.6900792264937,-73.80308564892498,-73.80308564892498
2824.700079226494,-73.80172243704784,-73.80172243704784
2824.7100792264937,-73.80036376908915,-73.80036376908915
2824.720079226494,-73.79900982314867,-73.79900982314867
2824.7300792264937,-73.79766077457529,-73.79766077457529
2824.740079226494,-73.79631679611803,-73.79631679611803
2824.7500792264937,-73.79497805800938,-73.79497805800938
2824.760079226494,-73.79364472804879,-73.79364472804879
2824.7700792264936,-73.79231697169635,-73.79231697169635
2824.780079226494,-73.7909949521072,-73.7909949521072
2824.7900792264936,-73.78967883018981,-73.78967883018981
2824.800079226494,-73.78836876466185,-73.78836876466185
2824.810079226494,-73.78706491207332,-73.78706491207332
2824.820079226494,-73.78576742684147,-73.78576742684147
2824.830079226494,-73.7844764612686,-73.7844764612686
2824.840079226494,-73.78319216556727,-73.78319216556727
2824.850079226494,-73.78191468787945,-73.78191468787945
2824.860079226494,-73.78064417428624,-73.78064417428624
2824.870079226494,-73.77938076883044,-73.77938076883044
2824.8800792264938,-73.77812461350956,-73.77812461350956
2824.890079226494,-73.77687584830238,-73.77687584830238
2824.9000792264937,-73.7756346111685,-73.7756346111685
2824.910079226494,-73.77440103806019,-73.77440103806019
2824.9200792264937,-73.77317526291459,-73.77317526291459
2824.930079226494,-73.77195741768794,-73.77195741768794
2824.9400792264937,-73.77074763233792,-73.77074763233792
2824.950079226494,-73.76954603484779,-73.76954603484779
2824.9600792264937,-73.76835275121249,-73.76835275121249
2824.970079226494,-73.76716790546396,-73.76716790546396
2824.9800792264937,-73.76599161966894,-73.76599161966894
2824.990079226494,-73.7648240139342,-73.7648240139342
2825.0000792264937,-73.7636652064209,-73.7636652064209
2825.010079226494,-73.76251531335367,-73.76251531335367
2825.0200792264936,-73.76137444900553,-73.76137444900553
2825.030079226494,-73.76024272574391,-73.76024272574391
2825.0400792264936,-73.75912025401081,-73.75912025401081
2825.050079226494,-73.75800714234164,-73.75800714234164
2825.060079226494,-73.75690349737842,-73.75690349737842
2825.070079226494,-73.7558094238729,-73.7558094238729
2825.080079226494,-73.75472502469283,-73.75472502469283
2825.090079226494,-73.75365040085478,-73.75365040085478
2825.100079226494,-73.75258565149853,-73.75258565149853
2825.110079226494,-73.75153087395077,-73.75153087395077
2825.120079226494,-73.75048616368186,-73.75048616368186
2825.1300792264938,-73.74945161434495,-73.74945161434495
2825.140079226494,-73.74842731780123,-73.74842731780123
2825.1500792264937,-73.747413364108,-73.747413364108
2825.160079226494,-73.74640984154995,-73.74640984154995
2825.1700792264937,-73.74541683663604,-73.74541683663604
2825.180079226494,-73.74443443413384,-73.74443443413384
2825.1900792264937,-73.74346271706732,-73.74346271706732
2825.200079226494,-73.74250176673428,-73.74250176673428
2825.2100792264937,-73.7415516627269,-73.7415516627269
2825.220079226494,-73.74061248294109,-73.74061248294109
2825.2300792264937,-73.73968430360482,-73.73968430360482
2825.240079226494,-73.73876719926155,-73.73876719926155
2825.2500792264937,-73.73786124282924,-73.73786124282924
2825.260079226494,-73.73696650557682,-73.73696650557682
2825.2700792264936,-73.736083057173,-73.736083057173
2825.280079226494,-73.73521096567394,-73.73521096567394
2825.2900792264936,-73.734350297549,-73.734350297549
2825.300079226494,-73.73350111770911,-73.73350111770911
2825.310079226494,-73.73266348950678,-73.73266348950678
2825.320079226494,-73.73183747476695,-73.73183747476695
2825.330079226494,-73.73102313378392,-73.73102313378392
2825.340079226494,-73.73022052535725,-73.73022052535725
2825.350079226494,-73.72942970679006,-73.72942970679006
2825.360079226494,-73.72865073393281,-73.72865073393281
2825.370079226494,-73.7278836611746,-73.7278836611746
2825.3800792264938,-73.72712854146704,-73.72712854146704
2825.390079226494,-73.72638542634074,-73.72638542634074
2825.4000792503357,-73.72565436418256,-73.72565436418256
2825.410079250336,-73.72493540724462,-73.72493540724462
2825.4200792503357,-73.72422860113485,-73.72422860113485
2825.430079250336,-73.72353399187139,-73.72353399187139
2825.4400792503357,-73.72285162412862,-73.72285162412862
2825.450079250336,-73.7221815412792,-73.7221815412792
2825.4600792503356,-73.72152378537166,-73.72152378537166
2825.470079250336,-73.72087839717402,-73.72087839717402
2825.4800792503356,-73.72024541619955,-73.72024541619955
2825.490079250336,-73.71962488067541,-73.71962488067541
2825.5000792503356,-73.71901682761406,-73.71901682761406
2825.510079250336,-73.71842129279094,-73.71842129279094
2825.5200792503356,-73.71783831079095,-73.71783831079095
2825.530079250336,-73.7172679149967,-73.7172679149967
2825.5400792503356,-73.71671013760638,-73.71671013760638
2825.550079250336,-73.71616500968048,-73.71616500968048
2825.5600792503355,-73.71563256111709,-73.71563256111709
2825.5700792503358,-73.71511282069257,-73.71511282069257
2825.5800792503355,-73.71460581607376,-73.71460581607376
2825.5900792503357,-73.71411157382195,-73.71411157382195
2825.6000792503355,-73.71363011943407,-73.71363011943407
2825.6100792503357,-73.71316147731235,-73.71316147731235
2825.6200792503355,-73.71270567082911,-73.71270567082911
2825.6300792503357,-73.71226272231112,-73.71226272231112
2825.6400792503355,-73.71183265306149,-73.71183265306149
2825.6500792503357,-73.71141548337651,-73.71141548337651
2825.660079250336,-73.71101123255801,-73.71101123255801
2825.6700792503357,-73.71061991892763,-73.71061991892763
2825.680079250336,-73.7102415598488,-73.7102415598488
2825.6900792503357,-73.70987617172209,-73.70987617172209
2825.700079250336,-73.7095237700138,-73.7095237700138
2825.7100792503356,-73.7091843692791,-73.7091843692791
2825.720079250336,-73.70885798314552,-73.70885798314552
2825.7300792503356,-73.70854462435672,-73.70854462435672
2825.740079250336,-73.70824430476597,-73.70824430476597
2825.7500792503356,-73.70795703535983,-73.70795703535983
2825.760079250336,-73.70768282626962,-73.70768282626962
2825.7700792503356,-73.70742168678629,-73.70742168678629
2825.780079250336,-73.70717362535859,-73.70717362535859
2825.7900792503356,-73.70693864963184,-73.70693864963184
2825.800079250336,-73.70671676643208,-73.70671676643208
2825.8100792503355,-73.70650798180617,-73.70650798180617
2825.8200792503358,-73.70631230100992,-73.70631230100992
2825.8300792503355,-73.70612972852567,-73.70612972852567
2825.8400792503357,-73.70596026809352,-73.70596026809352
2825.8500792503355,-73.70580392270129,-73.70580392270129
2825.8600792503357,-73.70566069460526,-73.70566069460526
2825.8700792503355,-73.70553058533663,-73.70553058533663
2825.8800792503357,-73.70541359571689,-73.70541359571689
2825.8900792503355,-73.70530972587851,-73.70530972587851
2825.9000792503357,-73.70521897525519,-73.70521897525519
2825.910079250336,-73.70514134260074,-73.70514134260074
2825.9200792503357,-73.70507682602525,-73.70507682602525
2825.930079250336,-73.70502542295756,-73.70502542295756
2825.9400792503357,-73.704987130201,-73.704987130201
2825.950079250336,-73.70496194390839,-73.70496194390839
2825.9600792503356,-73.70494343171256,-73.70494343171256
2825.970079250336,-73.70492877525331,-73.70492877525331
2825.9800792503356,-73.70491660055967,-73.70491660055967
2825.990079250336,-73.70490620196782,-73.70490620196782
2826.0000792503356,-73.70489724600313,-73.70489724600313
2826.010079250336,-73.7048896175494,-73.7048896175494
2826.0200792503356,-73.70488332962955,-73.70488332962955
2826.030079250336,-73.70487846922526,-73.70487846922526
2826.0400792503356,-73.7048751646317,-73.7048751646317
2826.050079250336,-73.70487356593493,-73.70487356593493
2826.0600792503355,-73.70487383330003,-73.70487383330003
2826.0700792503358,-73.70487613013711,-73.70487613013711
2826.0800792503355,-73.70488061918088,-73.70488061918088
2826.0900792503357,-73.70488746030607,-73.70488746030607
2826.1000792503355,-73.70489680951826,-73.70489680951826
2826.1100792503357,-73.70490881846463,-73.70490881846463
2826.1200792503355,-73.70492363441797,-73.70492363441797
2826.1300792503357,-73.70494140039943,-73.70494140039943
2826.1400792503355,-73.70496225547298,-73.70496225547298
2826.1500792503357,-73.70498633499932,-73.70498633499932
2826.160079250336,-73.70501377099164,-73.70501377099164
2826.1700792503357,-73.70504469236381,-73.70504469236381
2826.180079250336,-73.7050792252396,-73.7050792252396
2826.1900792503357,-73.7051174931834,-73.7051174931834
2826.200079250336,-73.7051596174037,-73.7051596174037
2826.2100792503356,-73.70520571696221,-73.70520571696221
2826.220079250336,-73.70525590890772,-73.70525590890772
2826.2300792503356,-73.70531030844454,-73.70531030844454
2826.240079250336,-73.70536902901091,-73.70536902901091
2826.2500792741776,-73.70543218255709,-73.70543218255709
2826.2600792741778,-73.7054998790093,-73.7054998790093
2826.2700792741775,-73.70557222724547,-73.70557222724547
2826.2800792741778,-73.7056493345396,-73.7056493345396
2826.2900792741775,-73.70573130676972,-73.70573130676972
2826.3000792741777,-73.70581824844082,-73.70581824844082
2826.3100792741775,-73.70591026272656,-73.70591026272656
2826.3200792741777,-73.70600745149534,-73.70600745149534
2826.3300792741775,-73.70610991531078,-73.70610991531078
2826.3400792741777,-73.7062177534732,-73.7062177534732
2826.3500792741775,-73.70633106399755,-73.70633106399755
2826.3600792741777,-73.70644994366316,-73.70644994366316
2826.3700792741774,-73.70657448797239,-73.70657448797239
2826.3800792741777,-73.70670479119163,-73.70670479119163
2826.3900792741774,-73.70684094633948,-73.70684094633948
2826.4000792741776,-73.70698304518517,-73.70698304518517
2826.4100792741774,-73.70713117826006,-73.70713117826006
2826.4200792741776,-73.70728543484276,-73.70728543484276
2826.4300792741774,-73.70744590298828,-73.70744590298828
2826.4400792741776,-73.70761266947754,-73.70761266947754
2826.4500792741774,-73.70778581986619,-73.70778581986619
2826.4600792741776,-73.70796543845813,-73.70796543845813
2826.4700792741774,-73.70815160831238,-73.70815160831238
2826.4800792741776,-73.70834441123682,-73.70834441123682
2826.4900792741773,-73.70854392780228,-73.70854392780228
2826.5000792741776,-73.70875023731224,-73.70875023731224
2826.5100792741778,-73.70896341783555,-73.70896341783555
2826.5200792741775,-73.7091835461921,-73.7091835461921
2826.5300792741778,-73.70941069795603,-73.70941069795603
2826.5400792741775,-73.70964494745782,-73.70964494745782
2826.5500792741777,-73.7098863677828,-73.7098863677828
2826.5600792741775,-73.71013503078075,-73.71013503078075
2826.5700792741777,-73.71039100706167,-73.71039100706167
2826.5800792741775,-73.71065436599125,-73.71065436599125
2826.5900792741777,-73.71092517571157,-73.71092517571157
2826.6000792741775,-73.71120350314112,-73.71120350314112
2826.6100792741777,-73.71148941396416,-73.71148941396416
2826.6200792741774,-73.71178297265901,-73.71178297265901
2826.6300792741777,-73.71208424247013,-73.71208424247013
2826.6400792741774,-73.7123932854553,-73.7123932854553
2826.6500792741776,-73.7127101624583,-73.7127101624583
2826.6600792741774,-73.71303493312091,-73.71303493312091
2826.6700792741776,-73.71336765590142,-73.71336765590142
2826.6800792741774,-73.71370838807664,-73.71370838807664
2826.6900792741776,-73.714057185733,-73.714057185733
2826.7000792741774,-73.71441410379903,-73.71441410379903
2826.7100792741776,-73.71477276716539,-73.71477276716539
2826.7200792741774,-73.71513041428413,-73.71513041428413
2826.7300792741776,-73.71548572745904,-73.71548572745904
2826.7400792741773,-73.71583805678478,-73.71583805678478
2826.7500792741776,-73.71618712395858,-73.71618712395858
2826.7600792741778,-73.71653286850973,-73.71653286850973
2826.7700792741775,-73.7168753575979,-73.7168753575979
2826.7800792741778,-73.71721473180462,-73.71721473180462
2826.7900792741775,-73.71755117256733,-73.71755117256733
2826.8000792741777,-73.71788488258399,-73.71788488258399
2826.8100792741775,-73.71821607416805,-73.71821607416805
2826.8200792741777,-73.71854496238986,-73.71854496238986
2826.8300792741775,-73.71887176114764,-73.71887176114764
2826.8400792741777,-73.71919668102719,-73.71919668102719
2826.8500792741775,-73.71951992822002,-73.71951992822002
2826.8600792741777,-73.71984170408675,-73.71984170408675
2826.8700792741774,-73.72016220513433,-73.72016220513433
2826.8800792741777,-73.72048162312198,-73.72048162312198
2826.8900792741774,-73.72080014535531,-73.72080014535531
2826.9000792741776,-73.72111795495239,-73.72111795495239
2826.9100792741774,-73.72143523118277,-73.72143523118277
2826.9200792741776,-73.72175214973082,-73.72175214973082
2826.9300792741774,-73.72206888299586,-73.72206888299586
2826.9400792741776,-73.7223856003158,-73.7223856003158
2826.9500792741774,-73.72270246820072,-73.72270246820072
2826.9600792741776,-73.72301965050015,-73.72301965050015
2826.9700792741774,-73.72333730858931,-73.72333730858931
2826.9800792741776,-73.7236556014814,-73.7236556014814
2826.9900792741773,-73.72397468596098,-73.72397468596098
2827.0000792741776,-73.72429471667294,-73.72429471667294
2827.0100792741778,-73.7246158462173,-73.7246158462173
2827.0200792741775,-73.72493822520899,-73.72493822520899
2827.0300792741778,-73.72526200234246,-73.72526200234246
2827.0400792741775,-73.72558732443758,-73.72558732443758
2827.0500792741777,-73.72591433647295,-73.72591433647295
2827.0600792741775,-73.72624318162373,-73.72624318162373
2827.0700792741777,-73.72657400128679,-73.72657400128679
2827.0800792741775,-73.72690693512217,-73.72690693512217
2827.0900792741777,-73.72724212102538,-73.72724212102538
2827.1000792980194,-73.72757969599022,-73.72757969599022
2827.1100792980196,-73.7279197928941,-73.7279197928941
2827.1200792980194,-73.72826254531059,-73.72826254531059
2827.1300792980196,-73.72860808432712,-73.72860808432712
2827.1400792980194,-73.72895653933482,-73.72895653933482
2827.1500792980196,-73.72930803805467,-73.72930803805467
2827.1600792980194,-73.72966270652816,-73.72966270652816
2827.1700792980196,-73.73002066911371,-73.73002066911371
2827.1800792980193,-73.73038204851534,-73.73038204851534
2827.1900792980196,-73.73074696576877,-73.73074696576877
2827.2000792980193,-73.7311155402447,-73.7311155402447
2827.2100792980195,-73.73148145987263,-73.73148145987263
2827.2200792980193,-73.73184202634235,-73.73184202634235
2827.2300792980195,-73.73219598492715,-73.73219598492715
2827.2400792980193,-73.7325427482591,-73.7325427482591
2827.2500792980195,-73.73288210011194,-73.73288210011194
2827.2600792980193,-73.7332140416055,-73.7332140416055
2827.2700792980195,-73.73353870095966,-73.73353870095966
2827.2800792980192,-73.73385627933772,-73.73385627933772
2827.2900792980195,-73.73416701820531,-73.73416701820531
2827.300079298019,-73.73447117979863,-73.73447117979863
2827.3100792980194,-73.73476903543053,-73.73476903543053
2827.320079298019,-73.73506085864835,-73.73506085864835
2827.3300792980194,-73.73534692129267,-73.73534692129267
2827.340079298019,-73.7356274913581,-73.7356274913581
2827.3500792980194,-73.73590283191015,-73.73590283191015
2827.3600792980196,-73.73617320065372,-73.73617320065372
2827.3700792980194,-73.73643884987807,-73.73643884987807
2827.3800792980196,-73.73670002660103,-73.73670002660103
2827.3900792980194,-73.73695697282506,-73.73695697282506
2827.4000792980196,-73.73720992581315,-73.73720992581315
2827.4100792980194,-73.73745911843505,-73.73745911843505
2827.4200792980196,-73.73770477943125,-73.73770477943125
2827.4300792980193,-73.73794713369058,-73.73794713369058
2827.4400792980196,-73.73818640249304,-73.73818640249304
2827.4500792980193,-73.73842280374521,-73.73842280374521
2827.4600792980195,-73.73865655212613,-73.73865655212613
2827.4700792980193,-73.73888785928679,-73.73888785928679
2827.4800792980195,-73.73911693396899,-73.73911693396899
2827.4900792980193,-73.73934398213537,-73.73934398213537
2827.5000792980195,-73.73956920704894,-73.73956920704894
2827.5100792980193,-73.73979280938131,-73.73979280938131
2827.5200792980195,-73.74001498726165,-73.74001498726165
2827.5300792980192,-73.74023593635955,-73.74023593635955
2827.5400792980195,-73.74045584992159,-73.74045584992159
2827.550079298019,-73.7406749188189,-73.7406749188189
2827.5600792980194,-73.74089333155955,-73.74089333155955
2827.570079298019,-73.74111127434614,-73.74111127434614
2827.5800792980194,-73.74132893109079,-73.74132893109079
2827.590079298019,-73.74154648344307,-73.74154648344307
2827.6000792980194,-73.74176411077877,-73.74176411077877
2827.6100792980196,-73.74198199024791,-73.74198199024791
2827.6200792980194,-73.74220029677738,-73.74220029677738
2827.6300792980196,-73.74241920307574,-73.74241920307574
2827.6400792980194,-73.74263887964902,-73.74263887964902
2827.6500792980196,-73.74285949479145,-73.74285949479145
2827.6600792980194,-73.74308121462819,-73.74308121462819
2827.6700792980196,-73.74330420310632,-73.74330420310632
2827.6800792980193,-73.7435286219885,-73.7435286219885
2827.6900792980196,-73.74375463087637,-73.74375463087637
2827.7000792980193,-73.74398238721643,-73.74398238721643
2827.7100792980195,-73.7442120462934,-73.7442120462934
2827.7200792980193,-73.74444376126866,-73.74444376126866
2827.7300792980195,-73.74467768315115,-73.74467768315115
2827.7400792980193,-73.74491396082662,-73.74491396082662
2827.7500792980195,-73.7451527410617,-73.7451527410617
2827.7600792980193,-73.74539416851371,-73.74539416851371
2827.7700792980195,-73.74563838574097,-73.74563838574097
2827.7800792980192,-73.74588553320318,-73.74588553320318
2827.7900792980195,-73.74613574928445,-73.74613574928445
2827.800079298019,-73.74638917029266,-73.74638917029266
2827.8100792980194,-73.74664593047308,-73.74664593047308
2827.820079298019,-73.74690616203658,-73.74690616203658
2827.8300792980194,-73.7471699951363,-73.7471699951363
2827.840079298019,-73.74743755790743,-73.74743755790743
2827.8500792980194,-73.74770897646505,-73.74770897646505
2827.8600792980196,-73.74798437493652,-73.74798437493652
2827.8700792980194,-73.74826387545205,-73.74826387545205
2827.8800792980196,-73.74854759816273,-73.74854759816273
2827.8900792980194,-73.74883566127913,-73.74883566127913
2827.9000792980196,-73.74912818103223,-73.74912818103223
2827.9100792980194,-73.74942527175013,-73.74942527175013
2827.9200792980196,-73.74972704582812,-73.74972704582812
2827.9300792980193,-73.75003361377321,-73.75003361377321
2827.9400792980196,-73.75034508419317,-73.75034508419317
2827.9500793218613,-73.75066156458357,-73.75066156458357
2827.9600793218615,-73.75098315833132,-73.75098315833132
2827.9700793218612,-73.75130996922806,-73.75130996922806
2827.9800793218615,-73.75164209849333,-73.75164209849333
2827.9900793218612,-73.75197964555204,-73.75197964555204
2828.0000793218614,-73.75232270802638,-73.75232270802638
2828.010079321861,-73.75267138177193,-73.75267138177193
2828.0200793218614,-73.75302576087613,-73.75302576087613
2828.030079321861,-73.75338593772229,-73.75338593772229
2828.0400793218614,-73.75375200292545,-73.75375200292545
2828.050079321861,-73.75412404542188,-73.75412404542188
2828.0600793218614,-73.7545021524659,-73.7545021524659
2828.070079321861,-73.75488640962261,-73.75488640962261
2828.0800793218614,-73.75527690082093,-73.75527690082093
2828.090079321861,-73.75567370834811,-73.75567370834811
2828.1000793218614,-73.75607691286623,-73.75607691286623
2828.110079321861,-73.75648659345275,-73.75648659345275
2828.1200793218613,-73.75690282759,-73.75690282759
2828.130079321861,-73.75732569121455,-73.75732569121455
2828.1400793218613,-73.75775525868795,-73.75775525868795
2828.150079321861,-73.75819160287017,-73.75819160287017
2828.1600793218613,-73.75863479509475,-73.75863479509475
2828.170079321861,-73.75908490519289,-73.75908490519289
2828.1800793218613,-73.75954200153859,-73.75954200153859
2828.190079321861,-73.7600061510455,-73.7600061510455
2828.2000793218613,-73.760477419164,-73.760477419164
2828.2100793218615,-73.76095586993856,-73.76095586993856
2828.2200793218612,-73.76144156601369,-73.76144156601369
2828.2300793218615,-73.76193456862671,-73.76193456862671
2828.2400793218612,-73.7624349376499,-73.7624349376499
2828.2500793218614,-73.76294273159706,-73.76294273159706
2828.260079321861,-73.76345800764628,-73.76345800764628
2828.2700793218614,-73.7639808216574,-73.7639808216574
2828.280079321861,-73.76451122818023,-73.76451122818023
2828.2900793218614,-73.76504928047896,-73.76504928047896
2828.300079321861,-73.7655950305534,-73.7655950305534
2828.3100793218614,-73.76614852913478,-73.76614852913478
2828.320079321861,-73.76670982572324,-73.76670982572324
2828.3300793218614,-73.76727896860429,-73.76727896860429
2828.340079321861,-73.76785600484045,-73.76785600484045
2828.3500793218614,-73.76844098031764,-73.76844098031764
2828.360079321861,-73.76903393975219,-73.76903393975219
2828.3700793218613,-73.7696349266811,-73.7696349266811
2828.380079321861,-73.77024398352373,-73.77024398352373
2828.3900793218613,-73.77086115154957,-73.77086115154957
2828.400079321861,-73.7714864709322,-73.7714864709322
2828.4100793218613,-73.77211998075249,-73.77211998075249
2828.420079321861,-73.7727617189976,-73.7727617189976
2828.4300793218613,-73.77341172258525,-73.77341172258525
2828.440079321861,-73.7740700274003,-73.7740700274003
2828.4500793218613,-73.77473666826994,-73.77473666826994
2828.4600793218615,-73.77541167901862,-73.77541167901862
2828.4700793218612,-73.77609509245111,-73.77609509245111
2828.4800793218615,-73.77678694038049,-73.77678694038049
2828.4900793218612,-73.77748725364536,-73.77748725364536
2828.5000793218614,-73.77819606211447,-73.77819606211447
2828.510079321861,-73.7789133947055,-73.7789133947055
2828.5200793218614,-73.77963927939324,-73.77963927939324
2828.530079321861,-73.78037374324114,-73.78037374324114
2828.5400793218614,-73.78111681238559,-73.78111681238559
2828.550079321861,-73.78186851208443,-73.78186851208443
2828.5600793218614,-73.7826288666967,-73.7826288666967
2828.570079321861,-73.78339789971345,-73.78339789971345
2828.5800793218614,-73.78417563376715,-73.78417563376715
2828.590079321861,-73.78496209064073,-73.78496209064073
2828.6000793218614,-73.78575729129763,-73.78575729129763
2828.610079321861,-73.78656125585867,-73.78656125585867
2828.6200793218613,-73.78737400365367,-73.78737400365367
2828.630079321861,-73.78819555320374,-73.78819555320374
2828.6400793218613,-73.7890259222508,-73.7890259222508
2828.650079321861,-73.78986512776653,-73.78986512776653
2828.6600793218613,-73.79071318595419,-73.79071318595419
2828.670079321861,-73.79157011226958,-73.79157011226958
2828.6800793218613,-73.79243592143376,-73.79243592143376
2828.690079321861,-73.79331062743434,-73.79331062743434
2828.7000793218613,-73.79419424355072,-73.79419424355072
2828.7100793218615,-73.79508678234264,-73.79508678234264
2828.7200793218612,-73.79598825568895,-73.79598825568895
2828.7300793218615,-73.79689867478045,-73.79689867478045
2828.7400793218612,-73.79781805013535,-73.79781805013535
2828.7500793218614,-73.79874639160906,-73.79874639160906
2828.760079321861,-73.79968370840356,-73.79968370840356
2828.7700793218614,-73.8006300090665,-73.8006300090665
2828.780079321861,-73.80158530154219,-73.80158530154219
2828.7900793218614,-73.80254959311776,-73.80254959311776
2828.800079345703,-73.80352289282203,-73.80352289282203
2828.8100793457033,-73.80450520212108,-73.80450520212108
2828.820079345703,-73.8054965288042,-73.8054965288042
2828.8300793457033,-73.80649687778086,-73.80649687778086
2828.840079345703,-73.80750625338543,-73.80750625338543
2828.8500793457033,-73.80852465939432,-73.80852465939432
2828.860079345703,-73.80955209901593,-73.80955209901593
2828.8700793457033,-73.81058857491371,-73.81058857491371
2828.880079345703,-73.81163408922681,-73.81163408922681
2828.8900793457033,-73.8126886435403,-73.8126886435403
2828.900079345703,-73.81375223893092,-73.81375223893092
2828.9100793457033,-73.81482487595113,-73.81482487595113
2828.920079345703,-73.815906554667,-73.815906554667
2828.9300793457032,-73.81699727463267,-73.81699727463267
2828.940079345703,-73.81809703491572,-73.81809703491572
2828.950079345703,-73.81920583410505,-73.81920583410505
2828.960079345703,-73.820323670321,-73.820323670321
2828.970079345703,-73.82145054120663,-73.82145054120663
2828.980079345703,-73.82258644396474,-73.82258644396474
2828.990079345703,-73.8237313753201,-73.8237313753201
2829.000079345703,-73.82488533158913,-73.82488533158913
2829.010079345703,-73.82604830863062,-73.82604830863062
2829.020079345703,-73.82722030188184,-73.82722030188184
2829.030079345703,-73.82840130635516,-73.82840130635516
2829.040079345703,-73.82959131665058,-73.82959131665058
2829.050079345703,-73.83079032696719,-73.83079032696719
2829.0600793457033,-73.83199833109671,-73.83199833109671
2829.070079345703,-73.8332153224411,-73.8332153224411
2829.0800793457033,-73.83444129401792,-73.83444129401792
2829.090079345703,-73.83567623845654,-73.83567623845654
2829.1000793457033,-73.8369201480146,-73.8369201480146
2829.110079345703,-73.83817301460043,-73.83817301460043
2829.1200793457033,-73.83943482973326,-73.83943482973326
2829.130079345703,-73.84070558459659,-73.84070558459659
2829.1400793457033,-73.84198527001365,-73.84198527001365
2829.150079345703,-73.843273876478,-73.843273876478
2829.1600793457033,-73.84457139413,-73.84457139413
2829.170079345703,-73.84587781279707,-73.84587781279707
2829.1800793457032,-73.84719312196994,-73.84719312196994
2829.190079345703,-73.84851731081935,-73.84851731081935
2829.200079345703,-73.84985036820804,-73.84985036820804
2829.210079345703,-73.85119228269218,-73.85119228269218
2829.220079345703,-73.85254304251738,-73.85254304251738
2829.230079345703,-73.8539026356328,-73.8539026356328
2829.240079345703,-73.85527104970191,-73.85527104970191
2829.250079345703,-73.85664827210014,-73.85664827210014
2829.260079345703,-73.85803428991483,-73.85803428991483
2829.270079345703,-73.85942908995945,-73.85942908995945
2829.280079345703,-73.86083265877924,-73.86083265877924
2829.290079345703,-73.86224498265709,-73.86224498265709
2829.300079345703,-73.86366604759259,-73.86366604759259
2829.3100793457033,-73.86509583935546,-73.86509583935546
2829.320079345703,-73.8665343434455,-73.8665343434455
2829.3300793457033,-73.86798154511526,-73.86798154511526
2829.340079345703,-73.86943742938838,-73.86943742938838
2829.3500793457033,-73.87090198103124,-73.87090198103124
2829.360079345703,-73.87237518459548,-73.87237518459548
2829.3700793457033,-73.87385702438233,-73.87385702438233
2829.380079345703,-73.87534748448167,-73.87534748448167
2829.3900793457033,-73.87684654876335,-73.87684654876335
2829.400079345703,-73.87835420087097,-73.87835420087097
2829.4100793457033,-73.8798704242364,-73.8798704242364
2829.420079345703,-73.88139520209144,-73.88139520209144
2829.4300793457032,-73.88292851745265,-73.88292851745265
2829.440079345703,-73.88447035314854,-73.88447035314854
2829.450079345703,-73.88602069179812,-73.88602069179812
2829.460079345703,-73.8875795158326,-73.8875795158326
2829.470079345703,-73.88914680749564,-73.88914680749564
2829.480079345703,-73.89072254884286,-73.89072254884286
2829.490079345703,-73.89230672174544,-73.89230672174544
2829.500079345703,-73.89389930790365,-73.89389930790365
2829.510079345703,-73.89550028884481,-73.89550028884481
2829.520079345703,-73.89710964591444,-73.89710964591444
2829.530079345703,-73.89872736029216,-73.89872736029216
2829.540079345703,-73.90035341301227,-73.90035341301227
2829.550079345703,-73.90198778491836,-73.90198778491836
2829.5600793457033,-73.90363045672416,-73.90363045672416
2829.570079345703,-73.90528140896421,-73.90528140896421
2829.5800793457033,-73.90694062204793,-73.90694062204793
2829.590079345703,-73.9086080762188,-73.9086080762188
2829.6000793457033,-73.91028375158244,-73.91028375158244
2829.610079345703,-73.91196762810243,-73.91196762810243
2829.6200793457033,-73.9136596856032,-73.9136596856032
2829.630079345703,-73.91535990377882,-73.91535990377882
2829.6400793457033,-73.9170682621766,-73.9170682621766
2829.650079369545,-73.91878474431583,-73.91878474431583
2829.660079369545,-73.92050932135596,-73.92050932135596
2829.670079369545,-73.9222419765299,-73.9222419765299
2829.680079369545,-73.92398268889238,-73.92398268889238
2829.690079369545,-73.9257314373792,-73.9257314373792
2829.700079369545,-73.92748820081943,-73.92748820081943
2829.710079369545,-73.92924650777951,-73.92924650777951
2829.720079369545,-73.931003510983,-73.931003510983
2829.730079369545,-73.93275781188169,-73.93275781188169
2829.740079369545,-73.93450868249855,-73.93450868249855
2829.750079369545,-73.93625576849584,-73.93625576849584
2829.760079369545,-73.9379989349648,-73.9379989349648
2829.770079369545,-73.93973817606265,-73.93973817606265
2829.780079369545,-73.94147356068724,-73.94147356068724
2829.790079369545,-73.94320519984777,-73.94320519984777
2829.800079369545,-73.94493322702186,-73.94493322702186
2829.810079369545,-73.94665778651188,-73.94665778651188
2829.820079369545,-73.9483790265103,-73.9483790265103
2829.830079369545,-73.95009709523787,-73.95009709523787
2829.840079369545,-73.95181213870178,-73.95181213870178
2829.850079369545,-73.95352429965784,-73.95352429965784
2829.860079369545,-73.95523371713463,-73.95523371713463
2829.870079369545,-73.95694052638218,-73.95694052638218
2829.880079369545,-73.95864485899736,-73.95864485899736
2829.8900793695448,-73.96034684315852,-73.96034684315852
2829.900079369545,-73.96204660391761,-73.96204660391761
2829.910079369545,-73.96374426349499,-73.96374426349499
2829.920079369545,-73.96543994154408,-73.96543994154408
2829.930079369545,-73.96713375543517,-73.96713375543517
2829.940079369545,-73.96882582046126,-73.96882582046126
2829.950079369545,-73.97051625004438,-73.97051625004438
2829.960079369545,-73.97220515592804,-73.97220515592804
2829.970079369545,-73.97389264829665,-73.97389264829665
2829.980079369545,-73.97557883592637,-73.97557883592637
2829.990079369545,-73.97726382626912,-73.97726382626912
2830.000079369545,-73.9789477255555,-73.9789477255555
2830.010079369545,-73.98063063885142,-73.98063063885142
2830.020079369545,-73.98231267012888,-73.98231267012888
2830.030079369545,-73.98399392229695,-73.98399392229695
2830.040079369545,-73.98567449725506,-73.98567449725506
2830.050079369545,-73.98735449590663,-73.98735449590663
2830.060079369545,-73.98903401819274,-73.98903401819274
2830.070079369545,-73.99071316309002,-73.99071316309002
2830.080079369545,-73.99239202863232,-73.99239202863232
2830.090079369545,-73.99407071192806,-73.99407071192806
2830.100079369545,-73.99574930915445,-73.99574930915445
2830.110079369545,-73.99742791554436,-73.99742791554436
2830.120079369545,-73.99910662541534,-73.99910662541534
2830.130079369545,-74.0007855321279,-74.0007855321279
2830.1400793695448,-74.00246472813595,-74.00246472813595
2830.150079369545,-74.00414430491408,-74.00414430491408
2830.160079369545,-74.00582435301227,-74.00582435301227
2830.170079369545,-74.00750496202389,-74.00750496202389
2830.180079369545,-74.00918622056535,-74.00918622056535
2830.190079369545,-74.01086821630925,-74.01086821630925
2830.200079369545,-74.01255103593209,-74.01255103593209
2830.210079369545,-74.0142347651458,-74.0142347651458
2830.220079369545,-74.01591948866648,-74.01591948866648
2830.230079369545,-74.01760529021638,-74.01760529021638
2830.240079369545,-74.01929225253136,-74.01929225253136
2830.250079369545,-74.02098045733267,-74.02098045733267
2830.260079369545,-74.02266998533666,-74.02266998533666
2830.270079369545,-74.02436091626231,-74.02436091626231
2830.280079369545,-74.02605332878436,-74.02605332878436
2830.290079369545,-74.02774730057531,-74.02774730057531
2830.300079369545,-74.02944290829032,-74.02944290829032
2830.310079369545,-74.03114022755,-74.03114022755
2830.320079369545,-74.03283933294468,-74.03283933294468
2830.330079369545,-74.03454029805968,-74.03454029805968
2830.340079369545,-74.03624319542625,-74.03624319542625
2830.350079369545,-74.03794809656127,-74.03794809656127
2830.360079369545,-74.0396550719432,-74.0396550719432
2830.370079369545,-74.04136419103182,-74.04136419103182
2830.380079369545,-74.0430755222448,-74.0430755222448
2830.3900793695448,-74.04478913298877,-74.04478913298877
2830.400079369545,-74.04650508964423,-74.04650508964423
2830.410079369545,-74.04822345756365,-74.04822345756365
2830.420079369545,-74.04994430108367,-74.04994430108367
2830.430079369545,-74.05166768351378,-74.05166768351378
2830.440079369545,-74.05339366717678,-74.05339366717678
2830.450079369545,-74.055122313358,-74.055122313358
2830.460079369545,-74.05685368235059,-74.05685368235059
2830.470079369545,-74.05858783344964,-74.05858783344964
2830.480079369545,-74.06032482494713,-74.06032482494713
2830.490079369545,-74.06206471414923,-74.06206471414923
2830.500079393387,-74.06380756152654,-74.06380756152654
2830.510079393387,-74.06555341413063,-74.06555341413063
2830.520079393387,-74.06730233046544,-74.06730233046544
2830.530079393387,-74.06905436393062,-74.06905436393062
2830.540079393387,-74.07080956696166,-74.07080956696166
2830.550079393387,-74.07256799103793,-74.07256799103793
2830.560079393387,-74.07432968669538,-74.07432968669538
2830.570079393387,-74.07609470353157,-74.07609470353157
2830.5800793933868,-74.0778630901994,-74.0778630901994
2830.590079393387,-74.07963489443377,-74.07963489443377
2830.6000793933867,-74.08141016304583,-74.08141016304583
2830.610079393387,-74.08318894193354,-74.08318894193354
2830.6200793933867,-74.08497127609981,-74.08497127609981
2830.630079393387,-74.08675720964892,-74.08675720964892
2830.6400793933867,-74.08854678578444,-74.08854678578444
2830.650079393387,-74.09034004684125,-74.09034004684125
2830.6600793933867,-74.09213703428456,-74.09213703428456
2830.670079393387,-74.0939377887055,-74.0939377887055
2830.6800793933867,-74.09574234985494,-74.09574234985494
2830.690079393387,-74.09755075661568,-74.09755075661568
2830.7000793933867,-74.09936304705892,-74.09936304705892
2830.710079393387,-74.10117925839968,-74.10117925839968
2830.7200793933866,-74.10299942705765,-74.10299942705765
2830.730079393387,-74.10482358861536,-74.10482358861536
2830.7400793933866,-74.10665177785975,-74.10665177785975
2830.750079393387,-74.10848402878553,-74.10848402878553
2830.760079393387,-74.1103203746055,-74.1103203746055
2830.770079393387,-74.11216084774762,-74.11216084774762
2830.780079393387,-74.11400547987414,-74.11400547987414
2830.790079393387,-74.1158543018801,-74.1158543018801
2830.800079393387,-74.11770734392158,-74.11770734392158
2830.810079393387,-74.11956463540119,-74.11956463540119
2830.820079393387,-74.12142620498129,-74.12142620498129
2830.8300793933868,-74.12329208062134,-74.12329208062134
2830.840079393387,-74.1251622895375,-74.1251622895375
2830.8500793933867,-74.1270368582577,-74.1270368582577
2830.860079393387,-74.12891581261232,-74.12891581261232
2830.8700793933867,-74.1307991777171,-74.1307991777171
2830.880079393387,-74.13268697802904,-74.13268697802904
2830.8900793933867,-74.13457923731532,-74.13457923731532
2830.900079393387,-74.13647597869856,-74.13647597869856
2830.9100793933867,-74.13837722462364,-74.13837722462364
2830.920079393387,-74.14028299689825,-74.14028299689825
2830.9300793933867,-74.14219331668843,-74.14219331668843
2830.940079393387,-74.14410820452423,-74.14410820452423
2830.9500793933867,-74.14602768031685,-74.14602768031685
2830.960079393387,-74.14795176336658,-74.14795176336658
2830.9700793933866,-74.14988047236214,-74.14988047236214
2830.980079393387,-74.1518138253896,-74.1518138253896
2830.9900793933866,-74.15375183995627,-74.15375183995627
2831.000079393387,-74.15569453297675,-74.15569453297675
2831.010079393387,-74.15764192079926,-74.15764192079926
2831.020079393387,-74.15959401919537,-74.15959401919537
2831.030079393387,-74.161550843382,-74.161550843382
2831.040079393387,-74.16351240802582,-74.16351240802582
2831.050079393387,-74.16547872725403,-74.16547872725403
2831.060079393387,-74.16744981465153,-74.16744981465153
2831.070079393387,-74.16942568328024,-74.16942568328024
2831.0800793933868,-74.17140634568092,-74.17140634568092
2831.090079393387,-74.17339181387537,-74.17339181387537
2831.1000793933867,-74.17538209938637,-74.17538209938637
2831.110079393387,-74.17737721323338,-74.17737721323338
2831.1200793933867,-74.17937716595196,-74.17937716595196
2831.130079393387,-74.18138196758346,-74.18138196758346
2831.1400793933867,-74.1833916277069,-74.1833916277069
2831.150079393387,-74.18540615541384,-74.18540615541384
2831.1600793933867,-74.18742555934084,-74.18742555934084
2831.170079393387,-74.18944984766686,-74.18944984766686
2831.1800793933867,-74.19147902812625,-74.19147902812625
2831.190079393387,-74.1935131080033,-74.1935131080033
2831.2000793933867,-74.19555209415017,-74.19555209415017
2831.210079393387,-74.19759599298999,-74.19759599298999
2831.2200793933866,-74.19964481052973,-74.19964481052973
2831.230079393387,-74.2016985523387,-74.2016985523387
2831.2400793933866,-74.20375722359864,-74.20375722359864
2831.250079393387,-74.20582082906759,-74.20582082906759
2831.260079393387,-74.20788937312977,-74.20788937312977
2831.270079393387,-74.2099628597631,-74.2099628597631
2831.280079393387,-74.21204129255301,-74.21204129255301
2831.290079393387,-74.21412467471745,-74.21412467471745
2831.300079393387,-74.21621300909862,-74.21621300909862
2831.310079393387,-74.21830629817407,-74.21830629817407
2831.320079393387,-74.22040454404608,-74.22040454404608
2831.3300793933868,-74.22250774846687,-74.22250774846687
2831.340079393387,-74.2246159128474,-74.2246159128474
2831.3500794172287,-74.22672904328324,-74.22672904328324
2831.360079417229,-74.22884713044203,-74.22884713044203
2831.3700794172287,-74.2309701797163,-74.2309701797163
2831.380079417229,-74.23309819117009,-74.23309819117009
2831.3900794172287,-74.23523116454014,-74.23523116454014
2831.400079417229,-74.23736909923103,-74.23736909923103
2831.4100794172286,-74.23951199436047,-74.23951199436047
2831.420079417229,-74.24165984870895,-74.24165984870895
2831.4300794172286,-74.24381266077752,-74.24381266077752
2831.440079417229,-74.2459704287568,-74.2459704287568
2831.4500794172286,-74.24813315054499,-74.24813315054499
2831.460079417229,-74.25029434395422,-74.25029434395422
2831.4700794172286,-74.25245116594515,-74.25245116594515
2831.480079417229,-74.25460222812163,-74.25460222812163
2831.4900794172286,-74.25674681533121,-74.25674681533121
2831.500079417229,-74.25888458746344,-74.25888458746344
2831.5100794172286,-74.26101542466562,-74.26101542466562
2831.5200794172288,-74.26313933658722,-74.26313933658722
2831.5300794172285,-74.26525640790894,-74.26525640790894
2831.5400794172288,-74.26736676554496,-74.26736676554496
2831.5500794172285,-74.26947055898894,-74.26947055898894
2831.5600794172287,-74.27156794857034,-74.27156794857034
2831.5700794172285,-74.27365909857018,-74.27365909857018
2831.5800794172287,-74.27574417324062,-74.27574417324062
2831.5900794172285,-74.27782333464322,-74.27782333464322
2831.6000794172287,-74.27989674153491,-74.27989674153491
2831.610079417229,-74.28196454892738,-74.28196454892738
2831.6200794172287,-74.28402690800982,-74.28402690800982
2831.630079417229,-74.28608396626007,-74.28608396626007
2831.6400794172287,-74.28813586769668,-74.28813586769668
2831.650079417229,-74.29018275315632,-74.29018275315632
2831.6600794172286,-74.29222476057585,-74.29222476057585
2831.670079417229,-74.29426202527242,-74.29426202527242
2831.6800794172286,-74.29629468020589,-74.29629468020589
2831.690079417229,-74.29832285618802,-74.29832285618802
2831.7000794172286,-74.30034668210256,-74.30034668210256
2831.710079417229,-74.30236628506206,-74.30236628506206
2831.7200794172286,-74.30438179055945,-74.30438179055945
2831.730079417229,-74.30639332259442,-74.30639332259442
2831.7400794172286,-74.30840100375806,-74.30840100375806
2831.750079417229,-74.31040495533802,-74.31040495533802
2831.7600794172286,-74.31240529739469,-74.31240529739469
2831.7700794172288,-74.31440214878386,-74.31440214878386
2831.7800794172285,-74.31639562723436,-74.31639562723436
2831.7900794172288,-74.31838584936261,-74.31838584936261
2831.8000794172285,-74.32037293071673,-74.32037293071673
2831.8100794172287,-74.32235698578519,-74.32235698578519
2831.8200794172285,-74.32433812800981,-74.32433812800981
2831.8300794172287,-74.32631646981135,-74.32631646981135
2831.8400794172285,-74.32829212257816,-74.32829212257816
2831.8500794172287,-74.33026519668428,-74.33026519668428
2831.860079417229,-74.3322358014818,-74.3322358014818
2831.8700794172287,-74.33420404529072,-74.33420404529072
2831.880079417229,-74.33617003543021,-74.33617003543021
2831.8900794172287,-74.33813387816886,-74.33813387816886
2831.900079417229,-74.34009567875322,-74.34009567875322
2831.9100794172286,-74.3420555414001,-74.3420555414001
2831.920079417229,-74.34401356926746,-74.34401356926746
2831.9300794172286,-74.34596986446542,-74.34596986446542
2831.940079417229,-74.34792452806302,-74.34792452806302
2831.9500794172286,-74.34987766004994,-74.34987766004994
2831.960079417229,-74.3518228712033,-74.3518228712033
2831.9700794172286,-74.35375741558003,-74.35375741558003
2831.980079417229,-74.35568000305997,-74.35568000305997
2831.9900794172286,-74.35759001681397,-74.35759001681397
2832.000079417229,-74.35948721473395,-74.35948721473395
2832.0100794172286,-74.36137157445255,-74.36137157445255
2832.0200794172288,-74.36324320245167,-74.36324320245167
2832.0300794172285,-74.36510227951023,-74.36510227951023
2832.0400794172288,-74.3669490278691,-74.3669490278691
2832.0500794172285,-74.36878369156125,-74.36878369156125
2832.0600794172287,-74.37060652461236,-74.37060652461236
2832.0700794172285,-74.37241778417219,-74.37241778417219
2832.0800794172287,-74.37421772648587,-74.37421772648587
2832.0900794172285,-74.37600660476454,-74.37600660476454
2832.1000794172287,-74.37778466804504,-74.37778466804504
2832.110079417229,-74.37955216073333,-74.37955216073333
2832.1200794172287,-74.38130932252727,-74.38130932252727
2832.130079417229,-74.38305638853325,-74.38305638853325
2832.1400794172287,-74.38479358951419,-74.38479358951419
2832.150079417229,-74.38652115214417,-74.38652115214417
2832.1600794172286,-74.38823929931895,-74.38823929931895
2832.170079417229,-74.38994825040182,-74.38994825040182
2832.1800794172286,-74.39164822150566,-74.39164822150566
2832.190079417229,-74.39333942569526,-74.39333942569526
2832.2000794410706,-74.39502207722306,-74.39502207722306
2832.210079441071,-74.39668988430553,-74.39668988430553
2832.2200794410705,-74.39834021142879,-74.39834021142879
2832.2300794410708,-74.39997187438794,-74.39997187438794
2832.2400794410705,-74.40158436146247,-74.40158436146247
2832.2500794410707,-74.40317753479765,-74.40317753479765
2832.2600794410705,-74.40475147532298,-74.40475147532298
2832.2700794410707,-74.40630639195699,-74.40630639195699
2832.2800794410705,-74.4078425670175,-74.4078425670175
2832.2900794410707,-74.40936032345769,-74.40936032345769
2832.3000794410705,-74.4108600051354,-74.4108600051354
2832.3100794410707,-74.41234196513824,-74.41234196513824
2832.3200794410704,-74.41380655882836,-74.41380655882836
2832.3300794410707,-74.41525413990578,-74.41525413990578
2832.3400794410704,-74.41668505823311,-74.41668505823311
2832.3500794410706,-74.41809965872731,-74.41809965872731
2832.3600794410704,-74.41949828092035,-74.41949828092035
2832.3700794410706,-74.42088125885232,-74.42088125885232
2832.3800794410704,-74.42224892120693,-74.42224892120693
2832.3900794410706,-74.42360159155707,-74.42360159155707
2832.4000794410704,-74.42493958862013,-74.42493958862013
2832.4100794410706,-74.42626322653443,-74.42626322653443
2832.4200794410704,-74.42757281517268,-74.42757281517268
2832.4300794410706,-74.42886866034854,-74.42886866034854
2832.4400794410703,-74.43015106403757,-74.43015106403757
2832.4500794410706,-74.43142032461532,-74.43142032461532
2832.460079441071,-74.43267024384964,-74.43267024384964
2832.4700794410705,-74.4338982687355,-74.4338982687355
2832.4800794410708,-74.4351033015226,-74.4351033015226
2832.4900794410705,-74.43628491646088,-74.43628491646088
2832.5000794410707,-74.43744306098854,-74.43744306098854
2832.5100794410705,-74.4385779006171,-74.4385779006171
2832.5200794410707,-74.43968972805085,-74.43968972805085
2832.5300794410705,-74.44077890858182,-74.44077890858182
2832.5400794410707,-74.44184584728866,-74.44184584728866
2832.5500794410705,-74.44289096932496,-74.44289096932496
2832.5600794410707,-74.4439147081795,-74.4439147081795
2832.5700794410704,-74.44491749877714,-74.44491749877714
2832.5800794410707,-74.44589977350522,-74.44589977350522
2832.5900794410704,-74.44686196004318,-74.44686196004318
2832.6000794410706,-74.44780448025769,-74.44780448025769
2832.6100794410704,-74.44872774973747,-74.44872774973747
2832.6200794410706,-74.4496321777307,-74.4496321777307
2832.6300794410704,-74.45051816726736,-74.45051816726736
2832.6400794410706,-74.45138611536863,-74.45138611536863
2832.6500794410704,-74.45223641335741,-74.45223641335741
2832.6600794410706,-74.45306944712561,-74.45306944712561
2832.6700794410704,-74.45388559740613,-74.45388559740613
2832.6800794410706,-74.45468524002371,-74.45468524002371
2832.6900794410703,-74.4554687461393,-74.4554687461393
2832.7000794410706,-74.4562364824253,-74.4562364824253
2832.710079441071,-74.45698881125013,-74.45698881125013
2832.7200794410705,-74.45772609081538,-74.45772609081538
2832.7300794410708,-74.45844867527788,-74.45844867527788
2832.7400794410705,-74.45915691486121,-74.45915691486121
2832.7500794410707,-74.45985115594056,-74.45985115594056
2832.7600794410705,-74.46053174111863,-74.46053174111863
2832.7700794410707,-74.46119900925864,-74.46119900925864
2832.7800794410705,-74.4618532955869,-74.4618532955869
2832.7900794410707,-74.46249493168571,-74.46249493168571
2832.8000794410705,-74.46312424552983,-74.46312424552983
2832.8100794410707,-74.46374156154702,-74.46374156154702
2832.8200794410704,-74.46434720061555,-74.46434720061555
2832.8300794410707,-74.46494148007962,-74.46494148007962
2832.8400794410704,-74.46552471379437,-74.46552471379437
2832.8500794410706,-74.46609721209536,-74.46609721209536
2832.8600794410704,-74.46665928185442,-74.46665928185442
2832.8700794410706,-74.46721122644502,-74.46721122644502
2832.8800794410704,-74.46775334579345,-74.46775334579345
2832.8900794410706,-74.46828593637345,-74.46828593637345
2832.9000794410704,-74.46880929119492,-74.46880929119492
2832.9100794410706,-74.46932369983989,-74.46932369983989
2832.9200794410704,-74.46982944845924,-74.46982944845924
2832.9300794410706,-74.47032681977767,-74.47032681977767
2832.9400794410703,-74.47081609310929,-74.47081609310929
2832.9500794410706,-74.47129754436529,-74.47129754436529
2832.960079441071,-74.4717649519966,-74.4717649519966
2832.9700794410705,-74.47221574188156,-74.47221574188156
2832.9800794410708,-74.47264879573541,-74.47264879573541
2832.9900794410705,-74.4730636672989,-74.4730636672989
2833.0000794410707,-74.47346028331071,-74.47346028331071
2833.0100794410705,-74.4738387881998,-74.4738387881998
2833.0200794410707,-74.47419945312272,-74.47419945312272
2833.0300794410705,-74.47454262127758,-74.47454262127758
2833.0400794410707,-74.47486867505033,-74.47486867505033
2833.0500794649124,-74.47517801702529,-74.47517801702529
2833.0600794649126,-74.47547105521241,-74.47547105521241
2833.0700794649124,-74.47574820078185,-74.47574820078185
2833.0800794649126,-74.47600986092408,-74.47600986092408
2833.0900794649124,-74.47625643752257,-74.47625643752257
2833.1000794649126,-74.47648832605597,-74.47648832605597
2833.1100794649124,-74.47670591518091,-74.47670591518091
2833.1200794649126,-74.47690958666509,-74.47690958666509
2833.1300794649123,-74.47709971553336,-74.47709971553336
2833.1400794649126,-74.47727667033988,-74.47727667033988
2833.1500794649123,-74.4774408134695,-74.4774408134695
2833.1600794649125,-74.47759250144148,-74.47759250144148
2833.1700794649123,-74.47773208522555,-74.47773208522555
2833.1800794649125,-74.47785991050677,-74.47785991050677
2833.1900794649123,-74.4779763179551,-74.4779763179551
2833.2000794649125,-74.47808164343184,-74.47808164343184
2833.2100794649123,-74.47817621820037,-74.47817621820037
2833.2200794649125,-74.47826036908032,-74.47826036908032
2833.2300794649123,-74.47833441862649,-74.47833441862649
2833.2400794649125,-74.47839868521366,-74.47839868521366
2833.2500794649122,-74.47845348319764,-74.47845348319764
2833.2600794649125,-74.4784991229528,-74.4784991229528
2833.270079464912,-74.47853591101652,-74.47853591101652
2833.2800794649124,-74.47856415010712,-74.47856415010712
2833.290079464912,-74.47858413921631,-74.47858413921631
2833.3000794649124,-74.47859617363444,-74.47859617363444
2833.3100794649126,-74.47860054503843,-74.47860054503843
2833.3200794649124,-74.47859754150751,-74.47859754150751
2833.3300794649126,-74.47858744753718,-74.47858744753718
2833.3400794649124,-74.47857054411232,-74.47857054411232
2833.3500794649126,-74.47854710871594,-74.47854710871594
2833.3600794649124,-74.47851741536493,-74.47851741536493
2833.3700794649126,-74.4784817346282,-74.4784817346282
2833.3800794649123,-74.4784403336501,-74.4784403336501
2833.3900794649126,-74.47839347618064,-74.47839347618064
2833.4000794649123,-74.47834142258786,-74.47834142258786
2833.4100794649125,-74.47828442987337,-74.47828442987337
2833.4200794649123,-74.4782227517109,-74.4782227517109
2833.4300794649125,-74.47815663845448,-74.47815663845448
2833.4400794649123,-74.47808633714995,-74.47808633714995
2833.4500794649125,-74.47801209157612,-74.47801209157612
2833.4600794649123,-74.47793414225265,-74.47793414225265
2833.4700794649125,-74.47785272644657,-74.47785272644657
2833.4800794649123,-74.47776807821415,-74.47776807821415
2833.4900794649125,-74.47768042841157,-74.47768042841157
2833.5000794649122,-74.47759000471775,-74.47759000471775
2833.5100794649125,-74.47749703165596,-74.47749703165596
2833.520079464912,-74.47740173059651,-74.47740173059651
2833.5300794649124,-74.47730431982276,-74.47730431982276
2833.540079464912,-74.47720501450078,-74.47720501450078
2833.5500794649124,-74.47710402673259,-74.47710402673259
2833.5600794649126,-74.47700156558204,-74.47700156558204
2833.5700794649124,-74.47689783707068,-74.47689783707068
2833.5800794649126,-74.47679304422455,-74.47679304422455
2833.5900794649124,-74.4766873871058,-74.4766873871058
2833.6000794649126,-74.47658106280106,-74.47658106280106
2833.6100794649124,-74.47647426547805,-74.47647426547805
2833.6200794649126,-74.47636718638792,-74.47636718638792
2833.6300794649123,-74.47626001392736,-74.47626001392736
2833.6400794649126,-74.47615293360501,-74.47615293360501
2833.6500794649123,-74.47604612811938,-74.47604612811938
2833.6600794649125,-74.47593977735197,-74.47593977735197
2833.6700794649123,-74.47583405842303,-74.47583405842303
2833.6800794649125,-74.475729145684,-74.475729145684
2833.6900794649123,-74.47562521076085,-74.47562521076085
2833.7000794649125,-74.47552242257403,-74.47552242257403
2833.7100794649123,-74.47541445497433,-74.47541445497433
2833.7200794649125,-74.47529863065537,-74.47529863065537
2833.7300794649123,-74.47517372908078,-74.47517372908078
2833.7400794649125,-74.47503920253038,-74.47503920253038
2833.7500794649122,-74.47489487701456,-74.47489487701456
2833.7600794649125,-74.47474079695924,-74.47474079695924
2833.770079464912,-74.47457713418842,-74.47457713418842
2833.7800794649124,-74.47440413322627,-74.47440413322627
2833.790079464912,-74.47422207842969,-74.47422207842969
2833.8000794649124,-74.47403127426067,-74.47403127426067
2833.8100794649126,-74.47383203356007,-74.47383203356007
2833.8200794649124,-74.47362467062817,-74.47362467062817
2833.8300794649126,-74.47340949730759,-74.47340949730759
2833.8400794649124,-74.47318682082849,-74.47318682082849
2833.8500794649126,-74.47295694272485,-74.47295694272485
2833.8600794649124,-74.47272015844653,-74.47272015844653
2833.8700794649126,-74.47247675731222,-74.47247675731222
2833.8800794649123,-74.47222702265813,-74.47222702265813
2833.8900794649126,-74.47197123212652,-74.47197123212652
2833.9000794887543,-74.47170965736969,-74.47170965736969
2833.9100794887545,-74.47144256680946,-74.47144256680946
2833.9200794887543,-74.47117022230928,-74.47117022230928
2833.9300794887545,-74.47089288188629,-74.47089288188629
2833.9400794887542,-74.47061079933957,-74.47061079933957
2833.9500794887545,-74.47032422451787,-74.47032422451787
2833.960079488754,-74.47002691220577,-74.47002691220577
2833.9700794887544,-74.469716265062,-74.469716265062
2833.980079488754,-74.46939114163995,-74.46939114163995
2833.9900794887544,-74.46905107257024,-74.46905107257024
2834.000079488754,-74.46869596158312,-74.46869596158312
2834.0100794887544,-74.46832593025984,-74.46832593025984
2834.020079488754,-74.46794122704618,-74.46794122704618
2834.0300794887544,-74.46754217264312,-74.46754217264312
2834.040079488754,-74.46712912713484,-74.46712912713484
2834.0500794887544,-74.46670247028592,-74.46670247028592
2834.060079488754,-74.4662625898473,-74.4662625898473
2834.0700794887543,-74.46580987463705,-74.46580987463705
2834.080079488754,-74.46534471064275,-74.46534471064275
2834.0900794887543,-74.46486747886007,-74.46486747886007
2834.100079488754,-74.46437855421577,-74.46437855421577
2834.1100794887543,-74.46387830518,-74.46387830518
2834.120079488754,-74.46336709369953,-74.46336709369953
2834.1300794887543,-74.46284527536382,-74.46284527536382
2834.140079488754,-74.46231319967933,-74.46231319967933
2834.1500794887543,-74.46177121035917,-74.46177121035917
2834.1600794887545,-74.46121964564374,-74.46121964564374
2834.1700794887543,-74.4606588386212,-74.4606588386212
2834.1800794887545,-74.46008911747303,-74.46008911747303
2834.1900794887542,-74.45951080575368,-74.45951080575368
2834.2000794887545,-74.45892422258426,-74.45892422258426
2834.210079488754,-74.45832968286419,-74.45832968286419
2834.2200794887544,-74.4577274974227,-74.4577274974227
2834.230079488754,-74.45711797317172,-74.45711797317172
2834.2400794887544,-74.45650141320709,-74.45650141320709
2834.250079488754,-74.45587811694504,-74.45587811694504
2834.2600794887544,-74.45524838016878,-74.45524838016878
2834.270079488754,-74.45461249512306,-74.45461249512306
2834.2800794887544,-74.45397075058844,-74.45397075058844
2834.290079488754,-74.4533234319043,-74.4533234319043
2834.3000794887544,-74.45267082103226,-74.45267082103226
2834.310079488754,-74.45201319659216,-74.45201319659216
2834.3200794887543,-74.45135083388693,-74.45135083388693
2834.330079488754,-74.45068400493919,-74.45068400493919
2834.3400794887543,-74.4500129785075,-74.4500129785075
2834.350079488754,-74.44933802010922,-74.44933802010922
2834.3600794887543,-74.44865939204453,-74.44865939204453
2834.370079488754,-74.44797735340221,-74.44797735340221
2834.3800794887543,-74.44729216007954,-74.44729216007954
2834.390079488754,-74.44660406480244,-74.44660406480244
2834.4000794887543,-74.44591331713599,-74.44591331713599
2834.4100794887545,-74.44522016349228,-74.44522016349228
2834.4200794887543,-74.44452484714455,-74.44452484714455
2834.4300794887545,-74.44382760824365,-74.44382760824365
2834.4400794887542,-74.44312868383078,-74.44312868383078
2834.4500794887545,-74.44242830783045,-74.44242830783045
2834.460079488754,-74.44172671109969,-74.44172671109969
2834.4700794887544,-74.44102412141595,-74.44102412141595
2834.480079488754,-74.44032076349723,-74.44032076349723
2834.4900794887544,-74.43961685901085,-74.43961685901085
2834.500079488754,-74.43891262660429,-74.43891262660429
2834.5100794887544,-74.43820828189652,-74.43820828189652
2834.520079488754,-74.43750403751258,-74.43750403751258
2834.5300794887544,-74.43680010308844,-74.43680010308844
2834.540079488754,-74.4360966852971,-74.4360966852971
2834.5500794887544,-74.4353939878648,-74.4353939878648
2834.560079488754,-74.43469221158094,-74.43469221158094
2834.5700794887543,-74.43399155431729,-74.43399155431729
2834.580079488754,-74.43329221106004,-74.43329221106004
2834.5900794887543,-74.43259437391065,-74.43259437391065
2834.600079488754,-74.43189823212083,-74.43189823212083
2834.6100794887543,-74.43120397209489,-74.43120397209489
2834.620079488754,-74.43051177743916,-74.43051177743916
2834.6300794887543,-74.42982182894896,-74.42982182894896
2834.640079488754,-74.42913430466,-74.42913430466
2834.6500794887543,-74.42844937984997,-74.42844937984997
2834.6600794887545,-74.42776722706935,-74.42776722706935
2834.6700794887543,-74.42708801616352,-74.42708801616352
2834.6800794887545,-74.42641191429497,-74.42641191429497
2834.6900794887542,-74.42573908596044,-74.42573908596044
2834.7000794887545,-74.42506969303588,-74.42506969303588
2834.710079488754,-74.42440389476441,-74.42440389476441
2834.7200794887544,-74.42374184781602,-74.42374184781602
2834.730079488754,-74.42308370628723,-74.42308370628723
2834.7400794887544,-74.42242962173772,-74.42242962173772
2834.750079512596,-74.4217797416626,-74.4217797416626
2834.7600795125963,-74.42113421571666,-74.42113421571666
2834.770079512596,-74.42049318642191,-74.42049318642191
2834.7800795125963,-74.41985679542807,-74.41985679542807
2834.790079512596,-74.41922518194849,-74.41922518194849
2834.8000795125963,-74.41859848282743,-74.41859848282743
2834.810079512596,-74.4179768325326,-74.4179768325326
2834.8200795125963,-74.41736036318048,-74.41736036318048
2834.830079512596,-74.41674920458557,-74.41674920458557
2834.8400795125963,-74.41614348426276,-74.41614348426276
2834.850079512596,-74.41554332746301,-74.41554332746301
2834.8600795125963,-74.41494885719185,-74.41494885719185
2834.870079512596,-74.41436019424847,-74.41436019424847
2834.8800795125962,-74.4137774572313,-74.4137774572313
2834.890079512596,-74.41320076258344,-74.41320076258344
2834.900079512596,-74.41263022459876,-74.41263022459876
2834.910079512596,-74.41206595545673,-74.41206595545673
2834.920079512596,-74.41150806524338,-74.41150806524338
2834.930079512596,-74.4109566619951,-74.4109566619951
2834.940079512596,-74.41041185168557,-74.41041185168557
2834.950079512596,-74.40987373828828,-74.40987373828828
2834.960079512596,-74.40934242377043,-74.40934242377043
2834.970079512596,-74.40881800813683,-74.40881800813683
2834.980079512596,-74.40830058944788,-74.40830058944788
2834.990079512596,-74.40779026384762,-74.40779026384762
2835.000079512596,-74.4072871255851,-74.4072871255851
2835.0100795125963,-74.40679126703769,-74.40679126703769
2835.020079512596,-74.40630277872532,-74.40630277872532
2835.0300795125963,-74.40582174934994,-74.40582174934994
2835.040079512596,-74.40534826581207,-74.40534826581207
2835.0500795125963,-74.40488241323233,-74.40488241323233
2835.060079512596,-74.4044242749787,-74.4044242749787
2835.0700795125963,-74.4039739326825,-74.4039739326825
2835.080079512596,-74.40353146627118,-74.40353146627118
2835.0900795125963,-74.4030969539734,-74.4030969539734
2835.100079512596,-74.40267047236338,-74.40267047236338
2835.1100795125963,-74.40225209638143,-74.40225209638143
2835.120079512596,-74.40184189931637,-74.40184189931637
2835.1300795125962,-74.40143995287484,-74.40143995287484
2835.140079512596,-74.40104632718976,-74.40104632718976
2835.150079512596,-74.40066109083408,-74.40066109083408
2835.160079512596,-74.4002843108462,-74.4002843108462
2835.170079512596,-74.39991605273947,-74.39991605273947
2835.180079512596,-74.39955638054262,-74.39955638054262
2835.190079512596,-74.39920535681307,-74.39920535681307
2835.200079512596,-74.39886304264866,-74.39886304264866
2835.210079512596,-74.39852301313715,-74.39852301313715
2835.220079512596,-74.39818249039855,-74.39818249039855
2835.230079512596,-74.39784015319611,-74.39784015319611
2835.240079512596,-74.39749535368337,-74.39749535368337
2835.250079512596,-74.39714781854687,-74.39714781854687
2835.2600795125963,-74.39679749382394,-74.39679749382394
2835.270079512596,-74.39644445388349,-74.39644445388349
2835.2800795125963,-74.39608884677989,-74.39608884677989
2835.290079512596,-74.39573086137501,-74.39573086137501
2835.3000795125963,-74.39537070761195,-74.39537070761195
2835.310079512596,-74.39500860478759,-74.39500860478759
2835.3200795125963,-74.39464477465856,-74.39464477465856
2835.330079512596,-74.39427943749921,-74.39427943749921
2835.3400795125963,-74.3939128099517,-74.3939128099517
2835.350079512596,-74.39354510397068,-74.39354510397068
2835.3600795125963,-74.39317652639886,-74.39317652639886
2835.370079512596,-74.39280727894793,-74.39280727894793
2835.3800795125962,-74.39243755834003,-74.39243755834003
2835.390079512596,-74.39206755659629,-74.39206755659629
2835.400079512596,-74.3916974613283,-74.3916974613283
2835.410079512596,-74.39132745609803,-74.39132745609803
2835.420079512596,-74.39095772068923,-74.39095772068923
2835.430079512596,-74.39058843143512,-74.39058843143512
2835.440079512596,-74.3902197614065,-74.3902197614065
2835.450079512596,-74.3898518807178,-74.3898518807178
2835.460079512596,-74.38948495665917,-74.38948495665917
2835.470079512596,-74.38911915391755,-74.38911915391755
2835.480079512596,-74.38875463467511,-74.38875463467511
2835.490079512596,-74.38839155877677,-74.38839155877677
2835.500079512596,-74.38803008380667,-74.38803008380667
2835.5100795125963,-74.38767036519423,-74.38767036519423
2835.520079512596,-74.38731255628929,-74.38731255628929
2835.5300795125963,-74.38695680840976,-74.38695680840976
2835.540079512596,-74.38660327090868,-74.38660327090868
2835.5500795125963,-74.38625209122047,-74.38625209122047
2835.560079512596,-74.385903414897,-74.385903414897
2835.5700795125963,-74.38555738562488,-74.38555738562488
2835.580079512596,-74.38521414528083,-74.38521414528083
2835.5900795125963,-74.38487383391026,-74.38487383391026
2835.600079536438,-74.38453658898584,-74.38453658898584
2835.610079536438,-74.38420254861902,-74.38420254861902
2835.620079536438,-74.38387184673476,-74.38387184673476
2835.630079536438,-74.3835446163146,-74.3835446163146
2835.640079536438,-74.38322098861057,-74.38322098861057
2835.650079536438,-74.38290109312697,-74.38290109312697
2835.660079536438,-74.38258505765545,-74.38258505765545
2835.670079536438,-74.38227300826809,-74.38227300826809
2835.680079536438,-74.38196506931305,-74.38196506931305
2835.690079536438,-74.38166136344118,-74.38166136344118
2835.700079536438,-74.38136201160157,-74.38136201160157
2835.710079536438,-74.38106713304308,-74.38106713304308
2835.720079536438,-74.38077684530786,-74.38077684530786
2835.730079536438,-74.38049126427482,-74.38049126427482
2835.740079536438,-74.38021050412803,-74.38021050412803
2835.750079536438,-74.37993467738428,-74.37993467738428
2835.760079536438,-74.37966389487848,-74.37966389487848
2835.770079536438,-74.379398265787,-74.379398265787
2835.780079536438,-74.37913789764143,-74.37913789764143
2835.790079536438,-74.37888289629714,-74.37888289629714
2835.800079536438,-74.37863336598367,-74.37863336598367
2835.810079536438,-74.37838940928131,-74.37838940928131
2835.820079536438,-74.37815112715282,-74.37815112715282
2835.830079536438,-74.3779186189334,-74.3779186189334
2835.8400795364378,-74.37769198235112,-74.37769198235112
2835.850079536438,-74.37747131352903,-74.37747131352903
2835.860079536438,-74.3772567069871,-74.3772567069871
2835.870079536438,-74.37704825566615,-74.37704825566615
2835.880079536438,-74.37684605092636,-74.37684605092636
2835.890079536438,-74.37665018258045,-74.37665018258045
2835.900079536438,-74.37646073885574,-74.37646073885574
2835.910079536438,-74.37627780644917,-74.37627780644917
2835.920079536438,-74.3761014705269,-74.3761014705269
2835.930079536438,-74.37593181473616,-74.37593181473616
2835.940079536438,-74.3757689211978,-74.3757689211978
2835.950079536438,-74.37561287054042,-74.37561287054042
2835.960079536438,-74.37546374189813,-74.37546374189813
2835.970079536438,-74.37532161293437,-74.37532161293437
2835.980079536438,-74.37518655984421,-74.37518655984421
2835.990079536438,-74.37505865737823,-74.37505865737823
2836.000079536438,-74.37493797884738,-74.37493797884738
2836.010079536438,-74.37482459611958,-74.37482459611958
2836.020079536438,-74.37471857966497,-74.37471857966497
2836.030079536438,-74.37461999854585,-74.37461999854585
2836.040079536438,-74.37452892044902,-74.37452892044902
2836.050079536438,-74.3744454116614,-74.3744454116614
2836.060079536438,-74.37436953712773,-74.37436953712773
2836.070079536438,-74.37430136044608,-74.37430136044608
2836.080079536438,-74.3742409438743,-74.3742409438743
2836.0900795364378,-74.37418834834646,-74.37418834834646
2836.100079536438,-74.3741436334898,-74.3741436334898
2836.110079536438,-74.37410685763646,-74.37410685763646
2836.120079536438,-74.37407807785505,-74.37407807785505
2836.130079536438,-74.37405734993236,-74.37405734993236
2836.140079536438,-74.37404472839894,-74.37404472839894
2836.150079536438,-74.37404026655484,-74.37404026655484
2836.160079536438,-74.37404401648865,-74.37404401648865
2836.170079536438,-74.37405602904732,-74.37405602904732
2836.180079536438,-74.3740763539024,-74.3740763539024
2836.190079536438,-74.3741050395306,-74.3741050395306
2836.200079536438,-74.37414213325589,-74.37414213325589
2836.210079536438,-74.37418768122637,-74.37418768122637
2836.220079536438,-74.3742417284555,-74.3742417284555
2836.230079536438,-74.37430431883185,-74.37430431883185
2836.240079536438,-74.37437549512784,-74.37437549512784
2836.250079536438,-74.3744552990012,-74.3744552990012
2836.260079536438,-74.3745437710376,-74.3745437710376
2836.270079536438,-74.37464095074724,-74.37464095074724
2836.280079536438,-74.3747468765721,-74.3747468765721
2836.290079536438,-74.37486158590417,-74.37486158590417
2836.300079536438,-74.37498511510834,-74.37498511510834
2836.310079536438,-74.37511749952186,-74.37511749952186
2836.320079536438,-74.37525877348172,-74.37525877348172
2836.330079536438,-74.37540897032088,-74.37540897032088
2836.3400795364378,-74.37556812239374,-74.37556812239374
2836.350079536438,-74.37573626108609,-74.37573626108609
2836.360079536438,-74.3759134168243,-74.3759134168243
2836.370079536438,-74.37609961909017,-74.37609961909017
2836.380079536438,-74.37629489643733,-74.37629489643733
2836.390079536438,-74.37649927649696,-74.37649927649696
2836.400079536438,-74.37671278598856,-74.37671278598856
2836.410079536438,-74.37693545074802,-74.37693545074802
2836.420079536438,-74.37716729572088,-74.37716729572088
2836.430079536438,-74.37740834499365,-74.37740834499365
2836.440079536438,-74.37765862177733,-74.37765862177733
2836.45007956028,-74.37791814907243,-74.37791814907243
2836.46007956028,-74.37818694721356,-74.37818694721356
2836.47007956028,-74.37846503749263,-74.37846503749263
2836.48007956028,-74.37875243981786,-74.37875243981786
2836.49007956028,-74.37904917330229,-74.37904917330229
2836.50007956028,-74.37935525625338,-74.37935525625338
2836.51007956028,-74.37967070621026,-74.37967070621026
2836.52007956028,-74.37999553995033,-74.37999553995033
2836.53007956028,-74.38032977349644,-74.38032977349644
2836.54007956028,-74.38067342210763,-74.38067342210763
2836.5500795602798,-74.38102650033267,-74.38102650033267
2836.56007956028,-74.38138902198078,-74.38138902198078
2836.5700795602797,-74.38176100016652,-74.38176100016652
2836.58007956028,-74.38214244727963,-74.38214244727963
2836.5900795602797,-74.38253337503929,-74.38253337503929
2836.60007956028,-74.38293379446513,-74.38293379446513
2836.6100795602797,-74.3833437159275,-74.3833437159275
2836.62007956028,-74.38376314910764,-74.38376314910764
2836.6300795602797,-74.38419210306739,-74.38419210306739
2836.64007956028,-74.38463058619553,-74.38463058619553
2836.6500795602797,-74.38507860626609,-74.38507860626609
2836.66007956028,-74.385536170426,-74.385536170426
2836.6700795602796,-74.3860032852074,-74.3860032852074
2836.68007956028,-74.3864799565396,-74.3864799565396
2836.6900795602796,-74.38696618976778,-74.38696618976778
2836.70007956028,-74.38746198963617,-74.38746198963617
2836.71007956028,-74.38796736031632,-74.38796736031632
2836.72007956028,-74.38848230542051,-74.38848230542051
2836.73007956028,-74.38900682799004,-74.38900682799004
2836.74007956028,-74.38954093052655,-74.38954093052655
2836.75007956028,-74.39008461497828,-74.39008461497828
2836.76007956028,-74.39063788277878,-74.39063788277878
2836.77007956028,-74.39120073481459,-74.39120073481459
2836.78007956028,-74.39177317147207,-74.39177317147207
2836.79007956028,-74.39235519262006,-74.39235519262006
2836.8000795602798,-74.39294679763412,-74.39294679763412
2836.81007956028,-74.39354798538162,-74.39354798538162
2836.8200795602797,-74.39415875427046,-74.39415875427046
2836.83007956028,-74.39477910220612,-74.39477910220612
2836.8400795602797,-74.3954090266443,-74.3954090266443
2836.85007956028,-74.39604852456324,-74.39604852456324
2836.8600795602797,-74.39669759250734,-74.39669759250734
2836.87007956028,-74.39735622654966,-74.39735622654966
2836.8800795602797,-74.39802442234307,-74.39802442234307
2836.89007956028,-74.39870217509633,-74.39870217509633
2836.9000795602797,-74.399389479593,-74.399389479593
2836.91007956028,-74.40008633020591,-74.40008633020591
2836.9200795602796,-74.40079272089015,-74.40079272089015
2836.93007956028,-74.40150864519849,-74.40150864519849
2836.9400795602796,-74.4022340962873,-74.4022340962873
2836.95007956028,-74.40296906691384,-74.40296906691384
2836.96007956028,-74.40370706092787,-74.40370706092787
2836.97007956028,-74.40444523019508,-74.40444523019508
2836.98007956028,-74.40518218433913,-74.40518218433913
2836.99007956028,-74.40591720750173,-74.40591720750173
2837.00007956028,-74.40664995945254,-74.40664995945254
2837.01007956028,-74.40738032040112,-74.40738032040112
2837.02007956028,-74.40810829999255,-74.40810829999255
2837.03007956028,-74.40883398266166,-74.40883398266166
2837.04007956028,-74.40955749474873,-74.40955749474873
2837.0500795602798,-74.41027898478293,-74.41027898478293
2837.06007956028,-74.41099861171968,-74.41099861171968
2837.0700795602797,-74.41171653803136,-74.41171653803136
2837.08007956028,-74.41243292577386,-74.41243292577386
2837.0900795602797,-74.41314793440095,-74.41314793440095
2837.10007956028,-74.41386171968078,-74.41386171968078
2837.1100795602797,-74.41457443327653,-74.41457443327653
2837.12007956028,-74.41528622268235,-74.41528622268235
2837.1300795602797,-74.4159972313681,-74.4159972313681
2837.14007956028,-74.4167075990431,-74.4167075990431
2837.1500795602797,-74.4174174619324,-74.4174174619324
2837.16007956028,-74.4181269530975,-74.4181269530975
2837.1700795602796,-74.41883620274483,-74.41883620274483
2837.18007956028,-74.41954533845252,-74.41954533845252
2837.1900795602796,-74.4202544854593,-74.4202544854593
2837.20007956028,-74.42096376682821,-74.42096376682821
2837.21007956028,-74.42167330367297,-74.42167330367297
2837.22007956028,-74.42238321528778,-74.42238321528778
2837.23007956028,-74.42309361927899,-74.42309361927899
2837.24007956028,-74.42380463169847,-74.42380463169847
2837.25007956028,-74.42451636711085,-74.42451636711085
2837.26007956028,-74.42522893869472,-74.42522893869472
2837.27007956028,-74.42594245828921,-74.42594245828921
2837.28007956028,-74.42665703645088,-74.42665703645088
2837.29007956028,-74.42737278249733,-74.42737278249733
2837.3000795841217,-74.42808980624531,-74.42808980624531
2837.310079584122,-74.42880821121835,-74.42880821121835
2837.3200795841217,-74.42952810488207,-74.42952810488207
2837.330079584122,-74.4302495918615,-74.4302495918615
2837.3400795841217,-74.43097277564817,-74.43097277564817
2837.350079584122,-74.43169775860268,-74.43169775860268
2837.3600795841216,-74.43242464196888,-74.43242464196888
2837.370079584122,-74.43315352586949,-74.43315352586949
2837.3800795841216,-74.43388450931369,-74.43388450931369
2837.390079584122,-74.43461769018681,-74.43461769018681
2837.4000795841216,-74.43535316526653,-74.43535316526653
2837.410079584122,-74.43609103019203,-74.43609103019203
2837.4200795841216,-74.43683137949685,-74.43683137949685
2837.430079584122,-74.43757430657777,-74.43757430657777
2837.4400795841216,-74.43831990370832,-74.43831990370832
2837.450079584122,-74.43906826202613,-74.43906826202613
2837.4600795841216,-74.43981297970679,-74.43981297970679
2837.470079584122,-74.44055130383087,-74.44055130383087
2837.4800795841215,-74.44128193914614,-74.44128193914614
2837.4900795841218,-74.44200426443398,-74.44200426443398
2837.5000795841215,-74.44271803351471,-74.44271803351471
2837.5100795841217,-74.44342321996562,-74.44342321996562
2837.5200795841215,-74.44411992612274,-74.44411992612274
2837.5300795841217,-74.44480832836682,-74.44480832836682
2837.5400795841215,-74.4454886442562,-74.4454886442562
2837.5500795841217,-74.44616111276531,-74.44616111276531
2837.560079584122,-74.44682598254715,-74.44682598254715
2837.5700795841217,-74.44748350499717,-74.44748350499717
2837.580079584122,-74.44813393030155,-74.44813393030155
2837.5900795841217,-74.44877750524182,-74.44877750524182
2837.600079584122,-74.44941447212992,-74.44941447212992
2837.6100795841216,-74.4500450683627,-74.4500450683627
2837.620079584122,-74.45066952633647,-74.45066952633647
2837.6300795841216,-74.45128807361218,-74.45128807361218
2837.640079584122,-74.45190093316295,-74.45190093316295
2837.6500795841216,-74.45250832364343,-74.45250832364343
2837.660079584122,-74.45311045971178,-74.45311045971178
2837.6700795841216,-74.45370755232535,-74.45370755232535
2837.680079584122,-74.45429980898548,-74.45429980898548
2837.6900795841216,-74.45488743399262,-74.45488743399262
2837.700079584122,-74.4554706286527,-74.4554706286527
2837.7100795841216,-74.4560495914539,-74.4560495914539
2837.720079584122,-74.45662451821458,-74.45662451821458
2837.7300795841215,-74.45719560225557,-74.45719560225557
2837.7400795841218,-74.45776303446888,-74.45776303446888
2837.7500795841215,-74.45832700342757,-74.45832700342757
2837.7600795841217,-74.45888769546298,-74.45888769546298
2837.7700795841215,-74.45944529474343,-74.45944529474343
2837.7800795841217,-74.45999998330296,-74.45999998330296
2837.7900795841215,-74.46055194111578,-74.46055194111578
2837.8000795841217,-74.46110134610473,-74.46110134610473
2837.810079584122,-74.46164837418712,-74.46164837418712
2837.8200795841217,-74.46219319929324,-74.46219319929324
2837.830079584122,-74.46273599339315,-74.46273599339315
2837.8400795841217,-74.46327692648565,-74.46327692648565
2837.850079584122,-74.46381616665279,-74.46381616665279
2837.8600795841216,-74.4643538800333,-74.4643538800333
2837.870079584122,-74.46489023084885,-74.46489023084885
2837.8800795841216,-74.46542538141296,-74.46542538141296
2837.890079584122,-74.46595949210358,-74.46595949210358
2837.9000795841216,-74.46649272141876,-74.46649272141876
2837.910079584122,-74.4670252259307,-74.4670252259307
2837.9200795841216,-74.46755716033084,-74.46755716033084
2837.930079584122,-74.4680886773978,-74.4680886773978
2837.9400795841216,-74.46861992802114,-74.46861992802114
2837.950079584122,-74.469151061193,-74.469151061193
2837.9600795841216,-74.46968222402197,-74.46968222402197
2837.970079584122,-74.47021356172532,-74.47021356172532
2837.9800795841215,-74.47074521764475,-74.47074521764475
2837.9900795841218,-74.47127733322394,-74.47127733322394
2838.0000795841215,-74.47181004804402,-74.47181004804402
2838.0100795841217,-74.47234349981441,-74.47234349981441
2838.0200795841215,-74.47287782437577,-74.47287782437577
2838.0300795841217,-74.47341315571269,-74.47341315571269
2838.0400795841215,-74.4739496259478,-74.4739496259478
2838.0500795841217,-74.47445640890133,-74.47445640890133
2838.060079584122,-74.47491602613566,-74.47491602613566
2838.0700795841217,-74.47531869547333,-74.47531869547333
2838.080079584122,-74.4756583468535,-74.4756583468535
2838.0900795841217,-74.47593085275243,-74.47593085275243
2838.100079584122,-74.47613322930822,-74.47613322930822
2838.1100795841216,-74.47626325208415,-74.47626325208415
2838.120079584122,-74.47631925466074,-74.47631925466074
2838.1300795841216,-74.47630001081157,-74.47630001081157
2838.140079584122,-74.47620465661643,-74.47620465661643
2838.1500796079636,-74.47603263281556,-74.47603263281556
2838.160079607964,-74.47578364077023,-74.47578364077023
2838.1700796079635,-74.4754576030411,-74.4754576030411
2838.1800796079638,-74.47505463208643,-74.47505463208643
2838.1900796079635,-74.47457500252148,-74.47457500252148
2838.2000796079637,-74.47401912717795,-74.47401912717795
2838.2100796079635,-74.47338753644398,-74.47338753644398
2838.2200796079637,-74.47268086032199,-74.47268086032199
2838.2300796079635,-74.47189981297723,-74.47189981297723
2838.2400796079637,-74.47104517936111,-74.47104517936111
2838.2500796079635,-74.47011780368432,-74.47011780368432
2838.2600796079637,-74.46911857948176,-74.46911857948176
2838.2700796079635,-74.46804844104369,-74.46804844104369
2838.2800796079637,-74.46690835602759,-74.46690835602759
2838.2900796079634,-74.46569931912819,-74.46569931912819
2838.3000796079637,-74.46442234658134,-74.46442234658134
2838.3100796079634,-74.4630784714756,-74.4630784714756
2838.3200796079636,-74.46166873969739,-74.46166873969739
2838.3300796079634,-74.4601942064156,-74.4601942064156
2838.3400796079636,-74.45865593310822,-74.45865593310822
2838.3500796079634,-74.45705498497247,-74.45705498497247
2838.3600796079636,-74.45539242868037,-74.45539242868037
2838.3700796079634,-74.45366933048759,-74.45366933048759
2838.3800796079636,-74.45188675457561,-74.45188675457561
2838.3900796079633,-74.45004576165853,-74.45004576165853
2838.4000796079636,-74.44814740776614,-74.44814740776614
2838.410079607964,-74.44619274318994,-74.44619274318994
2838.4200796079635,-74.44418281163291,-74.44418281163291
2838.4300796079638,-74.44211864943325,-74.44211864943325
2838.4400796079635,-74.4400012849309,-74.4400012849309
2838.4500796079637,-74.43783173791631,-74.43783173791631
2838.4600796079635,-74.43561101919437,-74.43561101919437
2838.4700796079637,-74.4333401301797,-74.4333401301797
2838.4800796079635,-74.43102006259342,-74.43102006259342
2838.4900796079637,-74.42865179818328,-74.42865179818328
2838.5000796079635,-74.4262363085541,-74.4262363085541
2838.5100796079637,-74.42377455493356,-74.42377455493356
2838.5200796079635,-74.42126748810406,-74.42126748810406
2838.5300796079637,-74.41871604824908,-74.41871604824908
2838.5400796079634,-74.41612116492007,-74.41612116492007
2838.5500796079637,-74.41348375696532,-74.41348375696532
2838.5600796079634,-74.41080473252573,-74.41080473252573
2838.5700796079636,-74.40808498899143,-74.40808498899143
2838.5800796079634,-74.40532541305096,-74.40532541305096
2838.5900796079636,-74.40252688068698,-74.40252688068698
2838.6000796079634,-74.39969025721571,-74.39969025721571
2838.6100796079636,-74.3968163973423,-74.3968163973423
2838.6200796079634,-74.39390614520696,-74.39390614520696
2838.6300796079636,-74.39096033444184,-74.39096033444184
2838.6400796079633,-74.38797978825892,-74.38797978825892
2838.6500796079636,-74.38496531950223,-74.38496531950223
2838.660079607964,-74.38191773074497,-74.38191773074497
2838.6700796079635,-74.37883781436283,-74.37883781436283
2838.6800796079638,-74.37572635263562,-74.37572635263562
2838.6900796079635,-74.37258411781167,-74.37258411781167
2838.7000796079637,-74.3694118722286,-74.3694118722286
2838.7100796079635,-74.36621036839247,-74.36621036839247
2838.7200796079637,-74.3629803490835,-74.3629803490835
2838.7300796079635,-74.3597225474419,-74.3597225474419
2838.7400796079637,-74.3564376870789,-74.3564376870789
2838.7500796079635,-74.35312648217658,-74.35312648217658
2838.7600796079637,-74.34978963757138,-74.34978963757138
2838.7700796079635,-74.34642784887146,-74.34642784887146
2838.7800796079637,-74.34304180255823,-74.34304180255823
2838.7900796079634,-74.33963217606775,-74.33963217606775
2838.8000796079637,-74.33619963791763,-74.33619963791763
2838.8100796079634,-74.3327448477779,-74.3327448477779
2838.8200796079636,-74.3292684565939,-74.3292684565939
2838.8300796079634,-74.3257711066797,-74.3257711066797
2838.8400796079636,-74.3222534318016,-74.3222534318016
2838.8500796079634,-74.31871605729917,-74.31871605729917
2838.8600796079636,-74.31515960016584,-74.31515960016584
2838.8700796079634,-74.31158466915025,-74.31158466915025
2838.8800796079636,-74.30799186485632,-74.30799186485632
2838.8900796079633,-74.30438177982202,-74.30438177982202
2838.9000796079636,-74.30075499863341,-74.30075499863341
2838.910079607964,-74.29711209800668,-74.29711209800668
2838.9200796079635,-74.29345364688203,-74.29345364688203
2838.9300796079638,-74.28978020651132,-74.28978020651132
2838.9400796079635,-74.28609233055633,-74.28609233055633
2838.9500796079637,-74.28239056516868,-74.28239056516868
2838.9600796079635,-74.27867544907876,-74.27867544907876
2838.9700796079637,-74.27494751369753,-74.27494751369753
2838.9800796079635,-74.27120728318803,-74.27120728318803
2838.9900796079637,-74.26745527454915,-74.26745527454915
2839.0000796318054,-74.26369198874971,-74.26369198874971
2839.0100796318056,-74.2599179466281,-74.2599179466281
2839.0200796318054,-74.25613363528905,-74.25613363528905
2839.0300796318056,-74.25233954393892,-74.25233954393892
2839.0400796318054,-74.24853615503761,-74.24853615503761
2839.0500796318056,-74.24472394438284,-74.24472394438284
2839.0600796318054,-74.24090338118314,-74.24090338118314
2839.0700796318056,-74.23707492814367,-74.23707492814367
2839.0800796318053,-74.2332390415332,-74.2332390415332
2839.0900796318056,-74.22939617127294,-74.22939617127294
2839.1000796318053,-74.22554676100953,-74.22554676100953
2839.1100796318055,-74.22169124816173,-74.22169124816173
2839.1200796318053,-74.2178300640463,-74.2178300640463
2839.1300796318055,-74.21396363390343,-74.21396363390343
2839.1400796318053,-74.2100923769971,-74.2100923769971
2839.1500796318055,-74.2062167066696,-74.2062167066696
2839.1600796318053,-74.20233703041896,-74.20233703041896
2839.1700796318055,-74.19845374997459,-74.19845374997459
2839.1800796318053,-74.1945672613568,-74.1945672613568
2839.1900796318055,-74.19067795494871,-74.19067795494871
2839.2000796318052,-74.18678621555912,-74.18678621555912
2839.2100796318055,-74.18288595507784,-74.18288595507784
2839.220079631805,-74.17897471487827,-74.17897471487827
2839.2300796318054,-74.17505148495418,-74.17505148495418
2839.240079631805,-74.17111592349538,-74.17111592349538
2839.2500796318054,-74.16716805887302,-74.16716805887302
2839.2600796318056,-74.16320813484705,-74.16320813484705
2839.2700796318054,-74.15923651981389,-74.15923651981389
2839.2800796318056,-74.15525365228041,-74.15525365228041
2839.2900796318054,-74.15126000810426,-74.15126000810426
2839.3000796318056,-74.14725608080397,-74.14725608080397
2839.3100796318054,-74.14324236991074,-74.14324236991074
2839.3200796318056,-74.13921937405183,-74.13921937405183
2839.3300796318053,-74.13518758707306,-74.13518758707306
2839.3400796318056,-74.13114749590105,-74.13114749590105
2839.3500796318053,-74.12709957951017,-74.12709957951017
2839.3600796318055,-74.12304430850999,-74.12304430850999
2839.3700796318053,-74.11898214515787,-74.11898214515787
2839.3800796318055,-74.11491354350387,-74.11491354350387
2839.3900796318053,-74.110838949724,-74.110838949724
2839.4000796318055,-74.1067588024456,-74.1067588024456
2839.4100796318053,-74.1026735330856,-74.1026735330856
2839.4200796318055,-74.0985835661958,-74.0985835661958
2839.4300796318053,-74.09448931975943,-74.09448931975943
2839.4400796318055,-74.0903912054975,-74.0903912054975
2839.4500796318052,-74.08628962909675,-74.08628962909675
2839.4600796318055,-74.08217853240062,-74.08217853240062
2839.470079631805,-74.07805548137041,-74.07805548137041
2839.4800796318054,-74.07391948854901,-74.07391948854901
2839.490079631805,-74.06977023387546,-74.06977023387546
2839.5000796318054,-74.06560776711943,-74.06560776711943
2839.5100796318056,-74.06143235333906,-74.06143235333906
2839.5200796318054,-74.05724438231023,-74.05724438231023
2839.5300796318056,-74.05304431408177,-74.05304431408177
2839.5400796318054,-74.04883264627686,-74.04883264627686
2839.5500796318056,-74.04460989444931,-74.04460989444931
2839.5600796318054,-74.04037658042539,-74.04037658042539
2839.5700796318056,-74.03613322542208,-74.03613322542208
2839.5800796318053,-74.03188034615823,-74.03188034615823
2839.5900796318056,-74.02761845267867,-74.02761845267867
2839.6000796318053,-74.02334804735389,-74.02334804735389
2839.6100796318055,-74.01906962443256,-74.01906962443256
2839.6200796318053,-74.01478367001249,-74.01478367001249
2839.6300796318055,-74.01049066222383,-74.01049066222383
2839.6400796318053,-74.0061910714785,-74.0061910714785
2839.6500796318055,-74.0018853608148,-74.0018853608148
2839.6600796318053,-73.99757398620144,-73.99757398620144
2839.6700796318055,-73.99325739685969,-73.99325739685969
2839.6800796318053,-73.98893603555831,-73.98893603555831
2839.6900796318055,-73.98461033884747,-73.98461033884747
2839.7000796318052,-73.98028073732984,-73.98028073732984
2839.7100796318055,-73.97594765583305,-73.97594765583305
2839.720079631805,-73.9716115136126,-73.9716115136126
2839.7300796318054,-73.96727272446496,-73.96727272446496
2839.740079631805,-73.96293169690331,-73.96293169690331
2839.7500796318054,-73.958588834263,-73.958588834263
2839.7600796318056,-73.95424453478739,-73.95424453478739
2839.7700796318054,-73.94989919171807,-73.94989919171807
2839.7800796318056,-73.94555319338312,-73.94555319338312
2839.7900796318054,-73.94120692324368,-73.94120692324368
2839.8000796318056,-73.93686075996307,-73.93686075996307
2839.8100796318054,-73.93251507745497,-73.93251507745497
2839.8200796318056,-73.92817024492858,-73.92817024492858
2839.8300796318053,-73.9238266269336,-73.9238266269336
2839.8400796318056,-73.91948458337737,-73.91948458337737
2839.8500796556473,-73.91514445924479,-73.91514445924479
2839.8600796556475,-73.91080662597717,-73.91080662597717
2839.8700796556473,-73.90647141946411,-73.90647141946411
2839.8800796556475,-73.90213918141309,-73.90213918141309
2839.8900796556472,-73.8978102490704,-73.8978102490704
2839.9000796556475,-73.89348495521097,-73.89348495521097
2839.910079655647,-73.88916362819239,-73.88916362819239
2839.9200796556474,-73.8848465919714,-73.8848465919714
2839.930079655647,-73.88053416611423,-73.88053416611423
2839.9400796556474,-73.87622666583503,-73.87622666583503
2839.950079655647,-73.8719244020305,-73.8719244020305
2839.9600796556474,-73.86762768127092,-73.86762768127092
2839.970079655647,-73.86333680587286,-73.86333680587286
2839.9800796556474,-73.85905207387707,-73.85905207387707
2839.990079655647,-73.85477377909662,-73.85477377909662
2840.0000796556474,-73.85050221116347,-73.85050221116347
2840.010079655647,-73.84623765551365,-73.84623765551365
2840.0200796556474,-73.8419803934492,-73.8419803934492
2840.030079655647,-73.8377307021396,-73.8377307021396
2840.0400796556473,-73.8334888546622,-73.8334888546622
2840.050079655647,-73.82925512004505,-73.82925512004505
2840.0600796556473,-73.82502976326212,-73.82502976326212
2840.070079655647,-73.82081304530236,-73.82081304530236
2840.0800796556473,-73.81660522315958,-73.81660522315958
2840.090079655647,-73.81240654990073,-73.81240654990073
2840.1000796556473,-73.80821727466005,-73.80821727466005
2840.1100796556475,-73.80403764269718,-73.80403764269718
2840.1200796556473,-73.79986789542316,-73.79986789542316
2840.1300796556475,-73.79570827042546,-73.79570827042546
2840.1400796556472,-73.79155900149928,-73.79155900149928
2840.1500796556475,-73.78742031868771,-73.78742031868771
2840.160079655647,-73.78329244831795,-73.78329244831795
2840.1700796556474,-73.77917561300612,-73.77917561300612
2840.180079655647,-73.77507003173481,-73.77507003173481
2840.1900796556474,-73.77097591984226,-73.77097591984226
2840.200079655647,-73.76689348909659,-73.76689348909659
2840.2100796556474,-73.76282294769135,-73.76282294769135
2840.220079655647,-73.75876450030754,-73.75876450030754
2840.2300796556474,-73.75471834813696,-73.75471834813696
2840.240079655647,-73.75068468891158,-73.75068468891158
2840.2500796556474,-73.74666371693925,-73.74666371693925
2840.260079655647,-73.74265562315648,-73.74265562315648
2840.2700796556474,-73.73866059512764,-73.73866059512764
2840.280079655647,-73.73467881712388,-73.73467881712388
2840.2900796556473,-73.73071047011145,-73.73071047011145
2840.300079655647,-73.72675573181814,-73.72675573181814
2840.3100796556473,-73.72281477674838,-73.72281477674838
2840.320079655647,-73.7188877762432,-73.7188877762432
2840.3300796556473,-73.71497489848271,-73.71497489848271
2840.340079655647,-73.7110763085345,-73.7110763085345
2840.3500796556473,-73.70719216840195,-73.70719216840195
2840.3600796556475,-73.70332263703631,-73.70332263703631
2840.3700796556473,-73.69946787038533,-73.69946787038533
2840.3800796556475,-73.6956280214004,-73.6956280214004
2840.3900796556472,-73.69180324011657,-73.69180324011657
2840.4000796556475,-73.68799367364441,-73.68799367364441
2840.410079655647,-73.68419946622745,-73.68419946622745
2840.4200796556474,-73.68042075926095,-73.68042075926095
2840.430079655647,-73.67665769135127,-73.67665769135127
2840.4400796556474,-73.67291039830097,-73.67291039830097
2840.450079655647,-73.66917901318688,-73.66917901318688
2840.4600796556474,-73.66546366636501,-73.66546366636501
2840.470079655647,-73.66176448553358,-73.66176448553358
2840.4800796556474,-73.65808159572404,-73.65808159572404
2840.490079655647,-73.6544151193745,-73.6544151193745
2840.5000796556474,-73.65076517632654,-73.65076517632654
2840.510079655647,-73.64713188387144,-73.64713188387144
2840.5200796556474,-73.64351535679225,-73.64351535679225
2840.530079655647,-73.63991570738035,-73.63991570738035
2840.5400796556473,-73.6363330454725,-73.6363330454725
2840.550079655647,-73.63276747847546,-73.63276747847546
2840.5600796556473,-73.6292191114076,-73.6292191114076
2840.570079655647,-73.62568804691644,-73.62568804691644
2840.5800796556473,-73.62217438531115,-73.62217438531115
2840.590079655647,-73.61867822461898,-73.61867822461898
2840.6000796556473,-73.61519966055769,-73.61519966055769
2840.6100796556475,-73.61173878662322,-73.61173878662322
2840.6200796556473,-73.60829569408354,-73.60829569408354
2840.6300796556475,-73.60487047202646,-73.60487047202646
2840.6400796556472,-73.60146320737022,-73.60146320737022
2840.6500796556475,-73.59807398490535,-73.59807398490535
2840.660079655647,-73.59470288732068,-73.59470288732068
2840.6700796556474,-73.59134999522537,-73.59134999522537
2840.680079655647,-73.58801538718008,-73.58801538718008
2840.6900796556474,-73.58469913972432,-73.58469913972432
2840.700079679489,-73.58140131954649,-73.58140131954649
2840.7100796794894,-73.57811560171288,-73.57811560171288
2840.720079679489,-73.57483924049069,-73.57483924049069
2840.7300796794893,-73.57157093814301,-73.57157093814301
2840.740079679489,-73.56831006303297,-73.56831006303297
2840.7500796794893,-73.56505635405267,-73.56505635405267
2840.760079679489,-73.56180976701917,-73.56180976701917
2840.7700796794893,-73.55857038461102,-73.55857038461102
2840.780079679489,-73.55533836226171,-73.55533836226171
2840.7900796794893,-73.55211389558232,-73.55211389558232
2840.800079679489,-73.54889720081692,-73.54889720081692
2840.8100796794893,-73.54568850321512,-73.54568850321512
2840.820079679489,-73.54248803017373,-73.54248803017373
2840.8300796794892,-73.53929600733058,-73.53929600733058
2840.840079679489,-73.53611265640549,-73.53611265640549
2840.850079679489,-73.5329381941714,-73.5329381941714
2840.860079679489,-73.52977283200578,-73.52977283200578
2840.870079679489,-73.52661677583365,-73.52661677583365
2840.880079679489,-73.5234702263149,-73.5234702263149
2840.890079679489,-73.52033337908505,-73.52033337908505
2840.900079679489,-73.5172064250737,-73.5172064250737
2840.910079679489,-73.51408955080561,-73.51408955080561
2840.920079679489,-73.51098293873136,-73.51098293873136
2840.930079679489,-73.50788676747557,-73.50788676747557
2840.940079679489,-73.50480121212405,-73.50480121212405
2840.950079679489,-73.50172644441483,-73.50172644441483
2840.9600796794894,-73.49866263295027,-73.49866263295027
2840.970079679489,-73.49560994335265,-73.49560994335265
2840.9800796794893,-73.49256853844219,-73.49256853844219
2840.990079679489,-73.48953857833278,-73.48953857833278
2841.0000796794893,-73.4865202205347,-73.4865202205347
2841.010079679489,-73.4835136200747,-73.4835136200747
2841.0200796794893,-73.48051892954307,-73.48051892954307
2841.030079679489,-73.4775362991749,-73.4775362991749
2841.0400796794893,-73.47456587690318,-73.47456587690318
2841.050079679489,-73.47160780839488,-73.47160780839488
2841.0600796794893,-73.46866223711675,-73.46866223711675
2841.070079679489,-73.46572930433486,-73.46572930433486
2841.0800796794892,-73.46280914916818,-73.46280914916818
2841.090079679489,-73.45990190860284,-73.45990190860284
2841.100079679489,-73.45700771751588,-73.45700771751588
2841.110079679489,-73.45412670868551,-73.45412670868551
2841.120079679489,-73.4512590128251,-73.4512590128251
2841.130079679489,-73.44840475858368,-73.44840475858368
2841.140079679489,-73.44556407255497,-73.44556407255497
2841.150079679489,-73.44273707930084,-73.44273707930084
2841.160079679489,-73.43992390134596,-73.43992390134596
2841.170079679489,-73.4371246592041,-73.4371246592041
2841.180079679489,-73.43433947137724,-73.43433947137724
2841.190079679489,-73.43156845437541,-73.43156845437541
2841.200079679489,-73.42881172269959,-73.42881172269959
2841.2100796794894,-73.42606298904188,-73.42606298904188
2841.220079679489,-73.42331956160152,-73.42331956160152
2841.2300796794893,-73.42058018560621,-73.42058018560621
2841.240079679489,-73.41784427090913,-73.41784427090913
2841.2500796794893,-73.41511159694868,-73.41511159694868
2841.260079679489,-73.41238215954114,-73.41238215954114
2841.2700796794893,-73.409656080945,-73.409656080945
2841.280079679489,-73.40693355590861,-73.40693355590861
2841.2900796794893,-73.40421481910198,-73.40421481910198
2841.300079679489,-73.40150012564558,-73.40150012564558
2841.3100796794893,-73.39878973945908,-73.39878973945908
2841.320079679489,-73.39608392643142,-73.39608392643142
2841.3300796794892,-73.3933829504909,-73.3933829504909
2841.340079679489,-73.39068707148236,-73.39068707148236
2841.350079679489,-73.38799654405553,-73.38799654405553
2841.360079679489,-73.38531161727553,-73.38531161727553
2841.370079679489,-73.382632534531,-73.382632534531
2841.380079679489,-73.37995953369565,-73.37995953369565
2841.390079679489,-73.3772928473871,-73.3772928473871
2841.400079679489,-73.37463270324784,-73.37463270324784
2841.410079679489,-73.37197932426848,-73.37197932426848
2841.420079679489,-73.36933292908368,-73.36933292908368
2841.430079679489,-73.36669373223556,-73.36669373223556
2841.440079679489,-73.36406194441726,-73.36406194441726
2841.450079679489,-73.36143777269211,-73.36143777269211
2841.4600796794894,-73.35882142070622,-73.35882142070622
2841.470079679489,-73.35621308881238,-73.35621308881238
2841.4800796794893,-73.35361297423046,-73.35361297423046
2841.490079679489,-73.35102127118004,-73.35102127118004
2841.5000796794893,-73.34843817095843,-73.34843817095843
2841.510079679489,-73.34586386204886,-73.34586386204886
2841.5200796794893,-73.34329853018194,-73.34329853018194
2841.530079679489,-73.34074235840221,-73.34074235840221
2841.5400796794893,-73.33819552711452,-73.33819552711452
2841.550079703331,-73.33565820810031,-73.33565820810031
2841.560079703331,-73.33313058872493,-73.33313058872493
2841.570079703331,-73.33061283568196,-73.33061283568196
2841.580079703331,-73.3281051192141,-73.3281051192141
2841.590079703331,-73.32560760711722,-73.32560760711722
2841.600079703331,-73.32312046471048,-73.32312046471048
2841.610079703331,-73.32064385490932,-73.32064385490932
2841.620079703331,-73.31817793819515,-73.31817793819515
2841.630079703331,-73.31572287266201,-73.31572287266201
2841.640079703331,-73.31327881398873,-73.31327881398873
2841.650079703331,-73.31084591551316,-73.31084591551316
2841.660079703331,-73.30842432817045,-73.30842432817045
2841.670079703331,-73.3060142005669,-73.3060142005669
2841.680079703331,-73.30361567894118,-73.30361567894118
2841.690079703331,-73.30122890721462,-73.30122890721462
2841.700079703331,-73.29885402697603,-73.29885402697603
2841.710079703331,-73.29649117749022,-73.29649117749022
2841.720079703331,-73.29414049572495,-73.29414049572495
2841.730079703331,-73.29180211635605,-73.29180211635605
2841.740079703331,-73.28947617176027,-73.28947617176027
2841.750079703331,-73.28716279204856,-73.28716279204856
2841.760079703331,-73.28486210507286,-73.28486210507286
2841.770079703331,-73.28257423643093,-73.28257423643093
2841.780079703331,-73.28029930948712,-73.28029930948712
2841.790079703331,-73.27803744537066,-73.27803744537066
2841.800079703331,-73.2757887629989,-73.2757887629989
2841.810079703331,-73.27355337909785,-73.27355337909785
2841.820079703331,-73.2713314081917,-73.2713314081917
2841.830079703331,-73.26912296264642,-73.26912296264642
2841.840079703331,-73.26692815265963,-73.26692815265963
2841.850079703331,-73.26474708628835,-73.26474708628835
2841.860079703331,-73.26257986947489,-73.26257986947489
2841.870079703331,-73.2604266060304,-73.2604266060304
2841.880079703331,-73.25828739767495,-73.25828739767495
2841.890079703331,-73.2561623440539,-73.2561623440539
2841.900079703331,-73.2540515427481,-73.2540515427481
2841.910079703331,-73.25195508927817,-73.25195508927817
2841.920079703331,-73.2498730771553,-73.2498730771553
2841.930079703331,-73.24780559785933,-73.24780559785933
2841.940079703331,-73.24575274088177,-73.24575274088177
2841.950079703331,-73.2437145937341,-73.2437145937341
2841.960079703331,-73.2416912419862,-73.2416912419862
2841.970079703331,-73.23968276923664,-73.23968276923664
2841.980079703331,-73.23768925719115,-73.23768925719115
2841.990079703331,-73.23571078562426,-73.23571078562426
2842.000079703331,-73.23374743244968,-73.23374743244968
2842.010079703331,-73.23179927368854,-73.23179927368854
2842.020079703331,-73.22986638354251,-73.22986638354251
2842.030079703331,-73.22794883436222,-73.22794883436222
2842.040079703331,-73.22604669670247,-73.22604669670247
2842.050079703331,-73.22416003931448,-73.22416003931448
2842.060079703331,-73.22228892919138,-73.22228892919138
2842.070079703331,-73.22043343156722,-73.22043343156722
2842.080079703331,-73.21859360995053,-73.21859360995053
2842.090079703331,-73.21676952613204,-73.21676952613204
2842.100079703331,-73.2149612402087,-73.2149612402087
2842.110079703331,-73.21316881060248,-73.21316881060248
2842.120079703331,-73.21139229408396,-73.21139229408396
2842.130079703331,-73.20963174578984,-73.20963174578984
2842.140079703331,-73.20788721924306,-73.20788721924306
2842.150079703331,-73.20615876635476,-73.20615876635476
2842.160079703331,-73.20444643747699,-73.20444643747699
2842.170079703331,-73.20275028139307,-73.20275028139307
2842.180079703331,-73.20107034536092,-73.20107034536092
2842.190079703331,-73.19940667510348,-73.19940667510348
2842.200079703331,-73.19775931484996,-73.19775931484996
2842.210079703331,-73.19612830735083,-73.19612830735083
2842.220079703331,-73.19451369389499,-73.19451369389499
2842.230079703331,-73.192915514318,-73.192915514318
2842.240079703331,-73.19133380704766,-73.19133380704766
2842.250079703331,-73.18976860908998,-73.18976860908998
2842.260079703331,-73.18821995606693,-73.18821995606693
2842.270079703331,-73.18668788224055,-73.18668788224055
2842.280079703331,-73.18517242050697,-73.18517242050697
2842.290079703331,-73.18367360245084,-73.18367360245084
2842.300079703331,-73.18219145831529,-73.18219145831529
2842.310079703331,-73.1807260170616,-73.1807260170616
2842.320079703331,-73.1792773063791,-73.1792773063791
2842.330079703331,-73.17784535269166,-73.17784535269166
2842.340079703331,-73.17643018116547,-73.17643018116547
2842.350079703331,-73.17503181575756,-73.17503181575756
2842.360079703331,-73.17365027920884,-73.17365027920884
2842.370079703331,-73.17228559307173,-73.17228559307173
2842.380079703331,-73.17093777771761,-73.17093777771761
2842.390079703331,-73.16960685236569,-73.16960685236569
2842.400079727173,-73.1682928319619,-73.1682928319619
2842.410079727173,-73.1669957397606,-73.1669957397606
2842.420079727173,-73.16571558842632,-73.16571558842632
2842.430079727173,-73.16445239271047,-73.16445239271047
2842.440079727173,-73.16320616628187,-73.16320616628187
2842.450079727173,-73.16197692175514,-73.16197692175514
2842.460079727173,-73.16076467070157,-73.16076467070157
2842.470079727173,-73.15956942365791,-73.15956942365791
2842.480079727173,-73.15839119015234,-73.15839119015234
2842.490079727173,-73.15722997870674,-73.15722997870674
2842.5000797271728,-73.15608579686925,-73.15608579686925
2842.510079727173,-73.15495865120326,-73.15495865120326
2842.5200797271727,-73.15384854734747,-73.15384854734747
2842.530079727173,-73.15275548997123,-73.15275548997123
2842.5400797271727,-73.15167948283495,-73.15167948283495
2842.550079727173,-73.15062052878454,-73.15062052878454
2842.5600797271727,-73.14957862976641,-73.14957862976641
2842.570079727173,-73.14855378685466,-73.14855378685466
2842.5800797271727,-73.14754600025064,-73.14754600025064
2842.590079727173,-73.14655526928931,-73.14655526928931
2842.6000797271727,-73.14558159247937,-73.14558159247937
2842.610079727173,-73.14462496749394,-73.14462496749394
2842.6200797271727,-73.14368539119316,-73.14368539119316
2842.630079727173,-73.14276285963099,-73.14276285963099
2842.6400797271726,-73.14185736809006,-73.14185736809006
2842.650079727173,-73.14096891104077,-73.14096891104077
2842.660079727173,-73.14009748222657,-73.14009748222657
2842.670079727173,-73.139243074619,-73.139243074619
2842.680079727173,-73.13840568046471,-73.13840568046471
2842.690079727173,-73.1375852912655,-73.1375852912655
2842.700079727173,-73.13678189781632,-73.13678189781632
2842.710079727173,-73.1359954902128,-73.1359954902128
2842.720079727173,-73.13522605784945,-73.13522605784945
2842.730079727173,-73.13447358945143,-73.13447358945143
2842.740079727173,-73.13373807307204,-73.13373807307204
2842.7500797271728,-73.13301949609901,-73.13301949609901
2842.760079727173,-73.13231784527837,-73.13231784527837
2842.7700797271727,-73.1316331067234,-73.1316331067234
2842.780079727173,-73.13096526591494,-73.13096526591494
2842.7900797271727,-73.13031430772674,-73.13031430772674
2842.800079727173,-73.12968021642051,-73.12968021642051
2842.8100797271727,-73.12906297567456,-73.12906297567456
2842.820079727173,-73.1284625685841,-73.1284625685841
2842.8300797271727,-73.12787897765254,-73.12787897765254
2842.840079727173,-73.12731218483856,-73.12731218483856
2842.8500797271727,-73.12676217154623,-73.12676217154623
2842.860079727173,-73.1262289186202,-73.1262289186202
2842.8700797271727,-73.1257124063908,-73.1257124063908
2842.880079727173,-73.12521261464454,-73.12521261464454
2842.8900797271726,-73.12472952267127,-73.12472952267127
2842.900079727173,-73.1242631092356,-73.1242631092356
2842.910079727173,-73.12381335261962,-73.12381335261962
2842.920079727173,-73.12338023060893,-73.12338023060893
2842.930079727173,-73.12296372051188,-73.12296372051188
2842.940079727173,-73.12256379916037,-73.12256379916037
2842.950079727173,-73.12218044292798,-73.12218044292798
2842.960079727173,-73.12181362774496,-73.12181362774496
2842.970079727173,-73.12146332907457,-73.12146332907457
2842.980079727173,-73.12112952195646,-73.12112952195646
2842.990079727173,-73.12081218099834,-73.12081218099834
2843.0000797271728,-73.12051128038382,-73.12051128038382
2843.010079727173,-73.12022679388346,-73.12022679388346
2843.0200797271727,-73.11995869486262,-73.11995869486262
2843.030079727173,-73.11970695629064,-73.11970695629064
2843.0400797271727,-73.11947155074344,-73.11947155074344
2843.050079727173,-73.11925245041003,-73.11925245041003
2843.0600797271727,-73.11904962711947,-73.11904962711947
2843.070079727173,-73.1188630523021,-73.1188630523021
2843.0800797271727,-73.1186926970549,-73.1186926970549
2843.090079727173,-73.11853853210505,-73.11853853210505
2843.1000797271727,-73.11840052784366,-73.11840052784366
2843.110079727173,-73.1182786543084,-73.1182786543084
2843.1200797271727,-73.11817288120162,-73.11817288120162
2843.130079727173,-73.118083177919,-73.118083177919
2843.1400797271726,-73.11800951351232,-73.11800951351232
2843.150079727173,-73.11795185672648,-73.11795185672648
2843.160079727173,-73.11791017600292,-73.11791017600292
2843.170079727173,-73.11788443947697,-73.11788443947697
2843.180079727173,-73.117874614981,-73.117874614981
2843.190079727173,-73.11788067007463,-73.11788067007463
2843.200079727173,-73.1179025720183,-73.1179025720183
2843.210079727173,-73.11794028779984,-73.11794028779984
2843.220079727173,-73.11799378414108,-73.11799378414108
2843.230079727173,-73.11806302748639,-73.11806302748639
2843.240079727173,-73.11814798402206,-73.11814798402206
2843.2500797510147,-73.11824861993146,-73.11824861993146
2843.260079751015,-73.11836490046275,-73.11836490046275
2843.2700797510147,-73.1184967912438,-73.1184967912438
2843.280079751015,-73.11864425747761,-73.11864425747761
2843.2900797510147,-73.11880726413241,-73.11880726413241
2843.300079751015,-73.11898577595258,-73.11898577595258
2843.3100797510147,-73.11917975745095,-73.11917975745095
2843.320079751015,-73.11938917292487,-73.11938917292487
2843.3300797510146,-73.1196139864658,-73.1196139864658
2843.340079751015,-73.11985416193949,-73.11985416193949
2843.3500797510146,-73.12010966302732,-73.12010966302732
2843.360079751015,-73.12038045319902,-73.12038045319902
2843.3700797510146,-73.12066649573754,-73.12066649573754
2843.380079751015,-73.12096775373077,-73.12096775373077
2843.3900797510146,-73.12128419008187,-73.12128419008187
2843.400079751015,-73.12161576751998,-73.12161576751998
2843.4100797510146,-73.12196244859607,-73.12196244859607
2843.420079751015,-73.12232419567368,-73.12232419567368
2843.4300797510145,-73.12270097097583,-73.12270097097583
2843.4400797510148,-73.12309273653848,-73.12309273653848
2843.4500797510145,-73.12349945425073,-73.12349945425073
2843.4600797510147,-73.12392108583751,-73.12392108583751
2843.4700797510145,-73.1243575928948,-73.1243575928948
2843.4800797510147,-73.1248089368346,-73.1248089368346
2843.4900797510145,-73.12527507895949,-73.12527507895949
2843.5000797510147,-73.12575598041222,-73.12575598041222
2843.510079751015,-73.12625160221522,-73.12625160221522
2843.5200797510147,-73.12676190524434,-73.12676190524434
2843.530079751015,-73.12728685026275,-73.12728685026275
2843.5400797510147,-73.12782639789653,-73.12782639789653
2843.550079751015,-73.12838050865187,-73.12838050865187
2843.5600797510147,-73.12894914291627,-73.12894914291627
2843.570079751015,-73.1295322609727,-73.1295322609727
2843.5800797510146,-73.13012982299095,-73.13012982299095
2843.590079751015,-73.13074178902862,-73.13074178902862
2843.6000797510146,-73.13136811904033,-73.13136811904033
2843.610079751015,-73.13200877288783,-73.13200877288783
2843.6200797510146,-73.1326637103148,-73.1326637103148
2843.630079751015,-73.13333289099634,-73.13333289099634
2843.6400797510146,-73.13401627450808,-73.13401627450808
2843.650079751015,-73.1347138203243,-73.1347138203243
2843.6600797510146,-73.1354254878469,-73.1354254878469
2843.670079751015,-73.13615123639491,-73.13615123639491
2843.6800797510145,-73.13689102521559,-73.13689102521559
2843.6900797510148,-73.13764481345568,-73.13764481345568
2843.7000797510145,-73.13841256021645,-73.13841256021645
2843.7100797510147,-73.13919422451671,-73.13919422451671
2843.7200797510145,-73.13998976529861,-73.13998976529861
2843.7300797510147,-73.14079914145074,-73.14079914145074
2843.7400797510145,-73.14162231180462,-73.14162231180462
2843.7500797510147,-73.14245923511454,-73.14245923511454
2843.760079751015,-73.14330987009097,-73.14330987009097
2843.7700797510147,-73.14417417538785,-73.14417417538785
2843.780079751015,-73.14505210960836,-73.14505210960836
2843.7900797510147,-73.14594363129642,-73.14594363129642
2843.800079751015,-73.14684869895252,-73.14684869895252
2843.8100797510147,-73.14776727104112,-73.14776727104112
2843.820079751015,-73.14869930598242,-73.14869930598242
2843.8300797510146,-73.14964476215633,-73.14964476215633
2843.840079751015,-73.15060359788836,-73.15060359788836
2843.8500797510146,-73.15157577149733,-73.15157577149733
2843.860079751015,-73.15256124124134,-73.15256124124134
2843.8700797510146,-73.15355996536614,-73.15355996536614
2843.880079751015,-73.1545719020811,-73.1545719020811
2843.8900797510146,-73.15559700957657,-73.15559700957657
2843.900079751015,-73.15663524600872,-73.15663524600872
2843.9100797510146,-73.15768656951235,-73.15768656951235
2843.920079751015,-73.15875093820964,-73.15875093820964
2843.9300797510145,-73.15982831019225,-73.15982831019225
2843.9400797510148,-73.16091864354908,-73.16091864354908
2843.9500797510145,-73.16202189634419,-73.16202189634419
2843.9600797510147,-73.16313802663383,-73.16313802663383
2843.9700797510145,-73.16426699246514,-73.16426699246514
2843.9800797510147,-73.16540875187076,-73.16540875187076
2843.9900797510145,-73.16656326288063,-73.16656326288063
2844.0000797510147,-73.1677304835199,-73.1677304835199
2844.010079751015,-73.16891037179987,-73.16891037179987
2844.0200797510147,-73.17010288574274,-73.17010288574274
2844.030079751015,-73.17130798337772,-73.17130798337772
2844.0400797510147,-73.17252562271499,-73.17252562271499
2844.050079751015,-73.17375576177616,-73.17375576177616
2844.0600797510147,-73.17499835859398,-73.17499835859398
2844.070079751015,-73.1762533712039,-73.1762533712039
2844.0800797510146,-73.17752075765,-73.17752075765
2844.090079751015,-73.178800475978,-73.178800475978
2844.1000797748566,-73.18009248734383,-73.18009248734383
2844.110079774857,-73.18139674369948,-73.18139674369948
2844.1200797748565,-73.18271320616266,-73.18271320616266
2844.1300797748568,-73.18404183284565,-73.18404183284565
2844.1400797748565,-73.18538258188629,-73.18538258188629
2844.1500797748567,-73.18673541141744,-73.18673541141744
2844.1600797748565,-73.18810027960582,-73.18810027960582
2844.1700797748567,-73.189477144632,-73.189477144632
2844.1800797748565,-73.19086596470459,-73.19086596470459
2844.1900797748567,-73.19226669805542,-73.19226669805542
2844.2000797748565,-73.19367930293815,-73.19367930293815
2844.2100797748567,-73.19509735190695,-73.19509735190695
2844.2200797748565,-73.1965180041151,-73.1965180041151
2844.2300797748567,-73.19793985299586,-73.19793985299586
2844.2400797748564,-73.19936215616215,-73.19936215616215
2844.2500797748567,-73.20078454144466,-73.20078454144466
2844.2600797748564,-73.20220685420894,-73.20220685420894
2844.2700797748566,-73.20362906785547,-73.20362906785547
2844.2800797748564,-73.20505123006822,-73.20505123006822
2844.2900797748566,-73.2064734304363,-73.2064734304363
2844.3000797748564,-73.20789578106111,-73.20789578106111
2844.3100797748566,-73.20931840496297,-73.20931840496297
2844.3200797748564,-73.21074142925934,-73.21074142925934
2844.3300797748566,-73.21216498126562,-73.21216498126562
2844.3400797748563,-73.21358918633501,-73.21358918633501
2844.3500797748566,-73.21501416676145,-73.21501416676145
2844.360079774857,-73.21644004136618,-73.21644004136618
2844.3700797748565,-73.21786692537283,-73.21786692537283
2844.3800797748568,-73.21929493056982,-73.21929493056982
2844.3900797748565,-73.22072416553222,-73.22072416553222
2844.4000797748567,-73.22215473589291,-73.22215473589291
2844.4100797748565,-73.22358674461444,-73.22358674461444
2844.4200797748567,-73.22502029229766,-73.22502029229766
2844.4300797748565,-73.2264554774064,-73.2264554774064
2844.4400797748567,-73.22789239649036,-73.22789239649036
2844.4500797748565,-73.22933114439768,-73.22933114439768
2844.4600797748567,-73.2307718144179,-73.2307718144179
2844.4700797748565,-73.23221449845887,-73.23221449845887
2844.4800797748567,-73.23365928713336,-73.23365928713336
2844.4900797748564,-73.23510626988171,-73.23510626988171
2844.5000797748567,-73.23655553505651,-73.23655553505651
2844.5100797748564,-73.23800716996709,-73.23800716996709
2844.5200797748566,-73.23946126095677,-73.23946126095677
2844.5300797748564,-73.24091789344527,-73.24091789344527
2844.5400797748566,-73.24237715194484,-73.24237715194484
2844.5500797748564,-73.24383912009914,-73.24383912009914
2844.5600797748566,-73.2453038806979,-73.2453038806979
2844.5700797748564,-73.24677151569672,-73.24677151569672
2844.5800797748566,-73.24824210620966,-73.24824210620966
2844.5900797748563,-73.24971573255007,-73.24971573255007
2844.6000797748566,-73.2511924741917,-73.2511924741917
2844.610079774857,-73.25267240977594,-73.25267240977594
2844.6200797748565,-73.25415561714547,-73.25415561714547
2844.6300797748568,-73.25564217329354,-73.25564217329354
2844.6400797748565,-73.25713215437938,-73.25713215437938
2844.6500797748567,-73.25862563572866,-73.25862563572866
2844.6600797748565,-73.26012269182242,-73.26012269182242
2844.6700797748567,-73.26162339627018,-73.26162339627018
2844.6800797748565,-73.26312782183409,-73.26312782183409
2844.6900797748567,-73.26463604040791,-73.26463604040791
2844.7000797748565,-73.26614812298921,-73.26614812298921
2844.7100797748567,-73.26766413971393,-73.26766413971393
2844.7200797748565,-73.26918415981716,-73.26918415981716
2844.7300797748567,-73.27070825162517,-73.27070825162517
2844.7400797748564,-73.27223648256873,-73.27223648256873
2844.7500797748567,-73.27376891916542,-73.27376891916542
2844.7600797748564,-73.27530562701297,-73.27530562701297
2844.7700797748566,-73.27684667079365,-73.27684667079365
2844.7800797748564,-73.27839211425903,-73.27839211425903
2844.7900797748566,-73.27994202022566,-73.27994202022566
2844.8000797748564,-73.28149645058443,-73.28149645058443
2844.8100797748566,-73.28305546628219,-73.28305546628219
2844.8200797748564,-73.28461912731919,-73.28461912731919
2844.8300797748566,-73.28618749276069,-73.28618749276069
2844.8400797748563,-73.28776062073054,-73.28776062073054
2844.8500797748566,-73.28933856839551,-73.28933856839551
2844.860079774857,-73.29092139198666,-73.29092139198666
2844.8700797748565,-73.29250914677874,-73.29250914677874
2844.8800797748568,-73.29410188710938,-73.29410188710938
2844.8900797748565,-73.295699666365,-73.295699666365
2844.9000797748567,-73.29730253698582,-73.29730253698582
2844.9100797748565,-73.29891055047406,-73.29891055047406
2844.9200797748567,-73.30052375739291,-73.30052375739291
2844.9300797748565,-73.30214220736126,-73.30214220736126
2844.9400797748567,-73.30376594906198,-73.30376594906198
2844.9500797986984,-73.30539503413799,-73.30539503413799
2844.9600797986986,-73.30702950166824,-73.30702950166824
2844.9700797986984,-73.30866940140604,-73.30866940140604
2844.9800797986986,-73.3103147783278,-73.3103147783278
2844.9900797986984,-73.31196567649633,-73.31196567649633
2845.0000797986986,-73.31362213906175,-73.31362213906175
2845.0100797986984,-73.31528420827048,-73.31528420827048
2845.0200797986986,-73.3169519254593,-73.3169519254593
2845.0300797986984,-73.31862533107532,-73.31862533107532
2845.0400797986986,-73.3203044646727,-73.3203044646727
2845.0500797986983,-73.32198936492391,-73.32198936492391
2845.0600797986986,-73.32368006961889,-73.32368006961889
2845.0700797986983,-73.32537661567704,-73.32537661567704
2845.0800797986985,-73.32707903915515,-73.32707903915515
2845.0900797986983,-73.32878737524788,-73.32878737524788
2845.1000797986985,-73.33050165830144,-73.33050165830144
2845.1100797986983,-73.33222192182879,-73.33222192182879
2845.1200797986985,-73.33394819847864,-73.33394819847864
2845.1300797986983,-73.33568052010807,-73.33568052010807
2845.1400797986985,-73.33741891771226,-73.33741891771226
2845.1500797986982,-73.33916342150036,-73.33916342150036
2845.1600797986985,-73.34091406085517,-73.34091406085517
2845.170079798698,-73.34267086437526,-73.34267086437526
2845.1800797986984,-73.34443385986559,-73.34443385986559
2845.190079798698,-73.34620307434221,-73.34620307434221
2845.2000797986984,-73.34797853405433,-73.34797853405433
2845.2100797986986,-73.34976026447282,-73.34976026447282
2845.2200797986984,-73.35154829031444,-73.35154829031444
2845.2300797986986,-73.3533426355496,-73.3533426355496
2845.2400797986984,-73.35514332340195,-73.35514332340195
2845.2500797986986,-73.35695037636015,-73.35695037636015
2845.2600797986984,-73.35876381619289,-73.35876381619289
2845.2700797986986,-73.36058366394064,-73.36058366394064
2845.2800797986984,-73.3624099399437,-73.3624099399437
2845.2900797986986,-73.3642426638342,-73.3642426638342
2845.3000797986983,-73.36608185455972,-73.36608185455972
2845.3100797986986,-73.36792753037273,-73.36792753037273
2845.3200797986983,-73.36977970885712,-73.36977970885712
2845.3300797986985,-73.37163840693249,-73.37163840693249
2845.3400797986983,-73.37350364085565,-73.37350364085565
2845.3500797986985,-73.37537542622489,-73.37537542622489
2845.3600797986983,-73.37725377800653,-73.37725377800653
2845.3700797986985,-73.37913871051695,-73.37913871051695
2845.3800797986983,-73.38103023746062,-73.38103023746062
2845.3900797986985,-73.38292837191788,-73.38292837191788
2845.4000797986982,-73.38483312636599,-73.38483312636599
2845.4100797986985,-73.38674451267181,-73.38674451267181
2845.420079798698,-73.38866254211041,-73.38866254211041
2845.4300797986984,-73.39058722536727,-73.39058722536727
2845.440079798698,-73.39251857255849,-73.39251857255849
2845.4500797986984,-73.39445659321615,-73.39445659321615
2845.4600797986986,-73.39640129633354,-73.39640129633354
2845.4700797986984,-73.39835269032773,-73.39835269032773
2845.4800797986986,-73.40031078308445,-73.40031078308445
2845.4900797986984,-73.40227558193449,-73.40227558193449
2845.5000797986986,-73.40424709368834,-73.40424709368834
2845.5100797986984,-73.40622532463806,-73.40622532463806
2845.5200797986986,-73.40821028054941,-73.40821028054941
2845.5300797986984,-73.41020196667914,-73.41020196667914
2845.5400797986986,-73.41220038778927,-73.41220038778927
2845.5500797986983,-73.41420554815907,-73.41420554815907
2845.5600797986986,-73.4162174515522,-73.4162174515522
2845.5700797986983,-73.41823610128056,-73.41823610128056
2845.5800797986985,-73.42026150016753,-73.42026150016753
2845.5900797986983,-73.42229365058698,-73.42229365058698
2845.6000797986985,-73.42433255443943,-73.42433255443943
2845.6100797986983,-73.42637821318641,-73.42637821318641
2845.6200797986985,-73.42843062783524,-73.42843062783524
2845.6300797986983,-73.43048979896535,-73.43048979896535
2845.6400797986985,-73.43255572672456,-73.43255572672456
2845.6500797986982,-73.43462841083745,-73.43462841083745
2845.6600797986985,-73.4367078506072,-73.4367078506072
2845.670079798698,-73.43879404492861,-73.43879404492861
2845.6800797986984,-73.4408869922957,-73.4408869922957
2845.690079798698,-73.44298669080744,-73.44298669080744
2845.7000797986984,-73.44509313816285,-73.44509313816285
2845.7100797986986,-73.44720633169145,-73.44720633169145
2845.7200797986984,-73.4493262683232,-73.4493262683232
2845.7300797986986,-73.45145294463653,-73.45145294463653
2845.7400797986984,-73.4535863568293,-73.4535863568293
2845.7500797986986,-73.4557265007434,-73.4557265007434
2845.7600797986984,-73.45787337187176,-73.45787337187176
2845.7700797986986,-73.46002696536216,-73.46002696536216
2845.7800797986984,-73.4621872759998,-73.4621872759998
2845.7900797986986,-73.46435429824609,-73.46435429824609
2845.8000798225403,-73.4665280314221,-73.4665280314221
2845.8100798225405,-73.46870845899247,-73.46870845899247
2845.8200798225403,-73.47089557959805,-73.47089557959805
2845.8300798225405,-73.47308938640691,-73.47308938640691
2845.8400798225402,-73.47528987228034,-73.47528987228034
2845.8500798225405,-73.47749702977747,-73.47749702977747
2845.8600798225402,-73.47971085116475,-73.47971085116475
2845.8700798225404,-73.48193132840555,-73.48193132840555
2845.88007982254,-73.48415845317517,-73.48415845317517
2845.8900798225404,-73.48639221686649,-73.48639221686649
2845.90007982254,-73.48863261060319,-73.48863261060319
2845.9100798225404,-73.49087962522533,-73.49087962522533
2845.92007982254,-73.49313325130464,-73.49313325130464
2845.9300798225404,-73.4953934791565,-73.4953934791565
2845.94007982254,-73.49766029883645,-73.49766029883645
2845.9500798225404,-73.49993370014205,-73.49993370014205
2845.96007982254,-73.50220725839675,-73.50220725839675
2845.9700798225404,-73.5044781502894,-73.5044781502894
2845.98007982254,-73.50674499241077,-73.50674499241077
2845.9900798225403,-73.50900706787705,-73.50900706787705
2846.00007982254,-73.51126403121506,-73.51126403121506
2846.0100798225403,-73.5135157550948,-73.5135157550948
2846.02007982254,-73.51576224052934,-73.51576224052934
2846.0300798225403,-73.51800356289844,-73.51800356289844
2846.04007982254,-73.52023983953009,-73.52023983953009
2846.0500798225403,-73.522471210194,-73.522471210194
2846.0600798225405,-73.52469782549205,-73.52469782549205
2846.0700798225403,-73.52691984003566,-73.52691984003566
2846.0800798225405,-73.52913740849527,-73.52913740849527
2846.0900798225402,-73.53135068345598,-73.53135068345598
2846.1000798225405,-73.53355981431265,-73.53355981431265
2846.1100798225402,-73.53576494683442,-73.53576494683442
2846.1200798225404,-73.53796622307189,-73.53796622307189
2846.13007982254,-73.54016378147962,-73.54016378147962
2846.1400798225404,-73.54235775714321,-73.54235775714321
2846.15007982254,-73.5445482820637,-73.5445482820637
2846.1600798225404,-73.54673548543346,-73.54673548543346
2846.17007982254,-73.54891949390567,-73.54891949390567
2846.1800798225404,-73.55110043185206,-73.55110043185206
2846.19007982254,-73.55327842157556,-73.55327842157556
2846.2000798225404,-73.5554535835146,-73.5554535835146
2846.21007982254,-73.55761961772792,-73.55761961772792
2846.2200798225404,-73.5597738271174,-73.5597738271174
2846.23007982254,-73.56191495437001,-73.56191495437001
2846.2400798225403,-73.56404240810349,-73.56404240810349
2846.25007982254,-73.56615596761381,-73.56615596761381
2846.2600798225403,-73.56825562955108,-73.56825562955108
2846.27007982254,-73.57034151812061,-73.57034151812061
2846.2800798225403,-73.57241383111413,-73.57241383111413
2846.29007982254,-73.57447280746969,-73.57447280746969
2846.3000798225403,-73.57651870779827,-73.57651870779827
2846.3100798225405,-73.57855180279196,-73.57855180279196
2846.3200798225403,-73.58057236636996,-73.58057236636996
2846.3300798225405,-73.58258067175919,-73.58258067175919
2846.3400798225402,-73.58457698933225,-73.58457698933225
2846.3500798225405,-73.58656158550508,-73.58656158550508
2846.3600798225402,-73.58853472228776,-73.58853472228776
2846.3700798225404,-73.59049665719044,-73.59049665719044
2846.38007982254,-73.59244764333316,-73.59244764333316
2846.3900798225404,-73.59438792967454,-73.59438792967454
2846.40007982254,-73.59631776126027,-73.59631776126027
2846.4100798225404,-73.59823737950973,-73.59823737950973
2846.42007982254,-73.60014702248235,-73.60014702248235
2846.4300798225404,-73.60204692507672,-73.60204692507672
2846.44007982254,-73.60393731929449,-73.60393731929449
2846.4500798225404,-73.6058184343818,-73.6058184343818
2846.46007982254,-73.60769049700475,-73.60769049700475
2846.4700798225404,-73.6095537313913,-73.6095537313913
2846.48007982254,-73.61140835942432,-73.61140835942432
2846.4900798225403,-73.61325460073164,-73.61325460073164
2846.50007982254,-73.61509267276702,-73.61509267276702
2846.5100798225403,-73.61692279086675,-73.61692279086675
2846.52007982254,-73.61874516829991,-73.61874516829991
2846.5300798225403,-73.62056001629352,-73.62056001629352
2846.54007982254,-73.622367544075,-73.622367544075
2846.5500798225403,-73.6241679588814,-73.6241679588814
2846.5600798225405,-73.62596146597302,-73.62596146597302
2846.5700798225403,-73.62774826864647,-73.62774826864647
2846.5800798225405,-73.62952856822953,-73.62952856822953
2846.5900798225402,-73.63130256410845,-73.63130256410845
2846.6000798225405,-73.63307045369572,-73.63307045369572
2846.6100798225402,-73.63483243245231,-73.63483243245231
2846.6200798225404,-73.63658869385564,-73.63658869385564
2846.63007982254,-73.63833942943371,-73.63833942943371
2846.6400798225404,-73.64008482872649,-73.64008482872649
2846.650079846382,-73.64182508344493,-73.64182508344493
2846.6600798463824,-73.64356037085331,-73.64356037085331
2846.670079846382,-73.64529087868927,-73.64529087868927
2846.6800798463823,-73.64701678852941,-73.64701678852941
2846.690079846382,-73.6487382799554,-73.6487382799554
2846.7000798463823,-73.65045553052394,-73.65045553052394
2846.710079846382,-73.65216871578048,-73.65216871578048
2846.7200798463823,-73.65387800925937,-73.65387800925937
2846.730079846382,-73.65558358246945,-73.65558358246945
2846.7400798463823,-73.6572856048883,-73.6572856048883
2846.750079846382,-73.65898424398821,-73.65898424398821
2846.7600798463823,-73.66067966519752,-73.66067966519752
2846.770079846382,-73.66237203192111,-73.66237203192111
2846.7800798463823,-73.66406150554393,-73.66406150554393
2846.790079846382,-73.6657482454334,-73.6657482454334
2846.8000798463822,-73.66743240892686,-73.66743240892686
2846.810079846382,-73.66911415134082,-73.66911415134082
2846.820079846382,-73.67079362598456,-73.67079362598456
2846.830079846382,-73.67247098416522,-73.67247098416522
2846.840079846382,-73.67414637515887,-73.67414637515887
2846.850079846382,-73.67581994627933,-73.67581994627933
2846.860079846382,-73.67749184282081,-73.67749184282081
2846.870079846382,-73.67916220811102,-73.67916220811102
2846.880079846382,-73.68083118349176,-73.68083118349176
2846.890079846382,-73.68249890833701,-73.68249890833701
2846.900079846382,-73.68416552007673,-73.68416552007673
2846.9100798463824,-73.68583115417158,-73.68583115417158
2846.920079846382,-73.68749594415983,-73.68749594415983
2846.9300798463823,-73.68916002164526,-73.68916002164526
2846.940079846382,-73.69082351631678,-73.69082351631678
2846.9500798463823,-73.69248655595243,-73.69248655595243
2846.960079846382,-73.6941428375999,-73.6941428375999
2846.9700798463823,-73.69578966780787,-73.69578966780787
2846.980079846382,-73.69742579511208,-73.69742579511208
2846.9900798463823,-73.69905063462015,-73.69905063462015
2847.000079846382,-73.70066397212518,-73.70066397212518
2847.0100798463823,-73.70226581045046,-73.70226581045046
2847.020079846382,-73.70385627943712,-73.70385627943712
2847.0300798463823,-73.70543558185047,-73.70543558185047
2847.040079846382,-73.70700396085809,-73.70700396085809
2847.0500798463822,-73.70856168050445,-73.70856168050445
2847.060079846382,-73.71010901409679,-73.71010901409679
2847.070079846382,-73.71164623734471,-73.71164623734471
2847.080079846382,-73.71317362444505,-73.71317362444505
2847.090079846382,-73.71469144592365,-73.71469144592365
2847.100079846382,-73.71619996755136,-73.71619996755136
2847.110079846382,-73.71769944993241,-73.71769944993241
2847.120079846382,-73.71919014840594,-73.71919014840594
2847.130079846382,-73.72067231318603,-73.72067231318603
2847.140079846382,-73.72214618961732,-73.72214618961732
2847.150079846382,-73.72361201847427,-73.72361201847427
2847.1600798463824,-73.72507003622383,-73.72507003622383
2847.170079846382,-73.72652047535234,-73.72652047535234
2847.1800798463823,-73.72796356460013,-73.72796356460013
2847.190079846382,-73.72939952922763,-73.72939952922763
2847.2000798463823,-73.73082859119144,-73.73082859119144
2847.210079846382,-73.73224453797614,-73.73224453797614
2847.2200798463823,-73.73364476757294,-73.73364476757294
2847.230079846382,-73.73502811978261,-73.73502811978261
2847.2400798463823,-73.73639410049894,-73.73639410049894
2847.250079846382,-73.73774258573039,-73.73774258573039
2847.2600798463823,-73.73907366794108,-73.73907366794108
2847.270079846382,-73.74038756602174,-73.74038756602174
2847.2800798463823,-73.74168457123508,-73.74168457123508
2847.290079846382,-73.74296501467133,-73.74296501467133
2847.3000798463822,-73.74422924778952,-73.74422924778952
2847.310079846382,-73.74547763075225,-73.74547763075225
2847.320079846382,-73.74671052562351,-73.74671052562351
2847.330079846382,-73.74792829243452,-73.74792829243452
2847.340079846382,-73.74913128702738,-73.74913128702738
2847.350079846382,-73.75031985999861,-73.75031985999861
2847.360079846382,-73.75149435624593,-73.75149435624593
2847.370079846382,-73.75265511489202,-73.75265511489202
2847.380079846382,-73.75380246941526,-73.75380246941526
2847.390079846382,-73.75493674790725,-73.75493674790725
2847.400079846382,-73.75605827331425,-73.75605827331425
2847.4100798463824,-73.75716736378135,-73.75716736378135
2847.420079846382,-73.75826433288742,-73.75826433288742
2847.4300798463823,-73.7593494899095,-73.7593494899095
2847.440079846382,-73.76042314006996,-73.76042314006996
2847.4500798463823,-73.76148558470446,-73.76148558470446
2847.460079846382,-73.76253712146479,-73.76253712146479
2847.4700798463823,-73.76357804444608,-73.76357804444608
2847.480079846382,-73.76460864431886,-73.76460864431886
2847.4900798463823,-73.76562920844766,-73.76562920844766
2847.500079870224,-73.76664002337357,-73.76664002337357
2847.510079870224,-73.76764136521426,-73.76764136521426
2847.520079870224,-73.76863351428936,-73.76863351428936
2847.530079870224,-73.76961674542909,-73.76961674542909
2847.540079870224,-73.77059133046478,-73.77059133046478
2847.550079870224,-73.77155753823021,-73.77155753823021
2847.560079870224,-73.77251563465171,-73.77251563465171
2847.570079870224,-73.77346588270855,-73.77346588270855
2847.580079870224,-73.77440854248776,-73.77440854248776
2847.590079870224,-73.77534387117952,-73.77534387117952
2847.600079870224,-73.77627212310729,-73.77627212310729
2847.610079870224,-73.77719354971485,-73.77719354971485
2847.620079870224,-73.77810839959768,-73.77810839959768
2847.630079870224,-73.77901691849817,-73.77901691849817
2847.640079870224,-73.77991934930995,-73.77991934930995
2847.650079870224,-73.78081593208823,-73.78081593208823
2847.660079870224,-73.78170690406114,-73.78170690406114
2847.670079870224,-73.78259249962453,-73.78259249962453
2847.680079870224,-73.78347295035935,-73.78347295035935
2847.690079870224,-73.78434848502175,-73.78434848502175
2847.700079870224,-73.78521932957135,-73.78521932957135
2847.710079870224,-73.78608570715456,-73.78608570715456
2847.720079870224,-73.78694783813305,-73.78694783813305
2847.730079870224,-73.78780594007904,-73.78780594007904
2847.740079870224,-73.78866022778038,-73.78866022778038
2847.750079870224,-73.78951091326374,-73.78951091326374
2847.760079870224,-73.79035820579004,-73.79035820579004
2847.770079870224,-73.79120231188236,-73.79120231188236
2847.780079870224,-73.79204343532459,-73.79204343532459
2847.790079870224,-73.79288177716924,-73.79288177716924
2847.800079870224,-73.7937175357514,-73.7937175357514
2847.810079870224,-73.79455090672599,-73.79455090672599
2847.820079870224,-73.79538208303617,-73.79538208303617
2847.830079870224,-73.79621125496898,-73.79621125496898
2847.840079870224,-73.79703861014627,-73.79703861014627
2847.850079870224,-73.79786433355919,-73.79786433355919
2847.860079870224,-73.79868860756281,-73.79868860756281
2847.870079870224,-73.7995116119048,-73.7995116119048
2847.880079870224,-73.80033352374842,-73.80033352374842
2847.890079870224,-73.80115451767222,-73.80115451767222
2847.900079870224,-73.80197476569779,-73.80197476569779
2847.910079870224,-73.80279443732691,-73.80279443732691
2847.920079870224,-73.80361369952462,-73.80361369952462
2847.930079870224,-73.80443271675604,-73.80443271675604
2847.940079870224,-73.80525165100998,-73.80525165100998
2847.950079870224,-73.80607066182304,-73.80607066182304
2847.960079870224,-73.80688990627777,-73.80688990627777
2847.970079870224,-73.80770953904633,-73.80770953904633
2847.980079870224,-73.80852971239365,-73.80852971239365
2847.990079870224,-73.8093505762255,-73.8093505762255
2848.000079870224,-73.81017227806838,-73.81017227806838
2848.010079870224,-73.8109949631305,-73.8109949631305
2848.020079870224,-73.81181877429935,-73.81181877429935
2848.030079870224,-73.81264385217457,-73.81264385217457
2848.040079870224,-73.81347033508494,-73.81347033508494
2848.050079870224,-73.81429835912114,-73.81429835912114
2848.060079870224,-73.81512805813405,-73.81512805813405
2848.070079870224,-73.81595956378489,-73.81595956378489
2848.080079870224,-73.81679300554869,-73.81679300554869
2848.090079870224,-73.81762851074984,-73.81762851074984
2848.100079870224,-73.8184662045774,-73.8184662045774
2848.110079870224,-73.81930621010389,-73.81930621010389
2848.120079870224,-73.82014864831437,-73.82014864831437
2848.130079870224,-73.82099363813086,-73.82099363813086
2848.140079870224,-73.82184129643647,-73.82184129643647
2848.150079870224,-73.82269173808889,-73.82269173808889
2848.160079870224,-73.82354507594232,-73.82354507594232
2848.170079870224,-73.8244014208877,-73.8244014208877
2848.180079870224,-73.8252608818498,-73.8252608818498
2848.190079870224,-73.82612356583226,-73.82612356583226
2848.200079870224,-73.82698957793282,-73.82698957793282
2848.210079870224,-73.82785902135657,-73.82785902135657
2848.220079870224,-73.82873199745379,-73.82873199745379
2848.230079870224,-73.82960860572847,-73.82960860572847
2848.240079870224,-73.83048894387512,-73.83048894387512
2848.250079870224,-73.83137310778083,-73.83137310778083
2848.260079870224,-73.83226119156431,-73.83226119156431
2848.270079870224,-73.83315328758493,-73.83315328758493
2848.280079870224,-73.83404948648462,-73.83404948648462
2848.290079870224,-73.83494987718906,-73.83494987718906
2848.300079870224,-73.8358545469245,-73.8358545469245
2848.310079870224,-73.8367635812779,-73.8367635812779
2848.320079870224,-73.83767706416792,-73.83767706416792
2848.330079870224,-73.83859507789765,-73.83859507789765
2848.340079870224,-73.83951770316534,-73.83951770316534
2848.350079894066,-73.84044502129444,-73.84044502129444
2848.360079894066,-73.84137710544542,-73.84137710544542
2848.370079894066,-73.84231403381511,-73.84231403381511
2848.380079894066,-73.843255880893,-73.843255880893
2848.390079894066,-73.84420271967767,-73.84420271967767
2848.400079894066,-73.8451546216641,-73.8451546216641
2848.410079894066,-73.84611165690924,-73.84611165690924
2848.420079894066,-73.84707389401454,-73.84707389401454
2848.430079894066,-73.84804140015822,-73.84804140015822
2848.440079894066,-73.84901424111723,-73.84901424111723
2848.4500798940658,-73.84999248129347,-73.84999248129347
2848.460079894066,-73.85097618370054,-73.85097618370054
2848.4700798940657,-73.85196541002811,-73.85196541002811
2848.480079894066,-73.8529602206179,-73.8529602206179
2848.4900798940657,-73.8539606745129,-73.8539606745129
2848.500079894066,-73.85496682945393,-73.85496682945393
2848.5100798940657,-73.8559787419126,-73.8559787419126
2848.520079894066,-73.85699646711302,-73.85699646711302
2848.5300798940657,-73.85802005901635,-73.85802005901635
2848.540079894066,-73.85904957038426,-73.85904957038426
2848.5500798940657,-73.86008505275804,-73.86008505275804
2848.560079894066,-73.86112655650773,-73.86112655650773
2848.5700798940657,-73.8621741308015,-73.8621741308015
2848.580079894066,-73.86322782368751,-73.86322782368751
2848.5900798940656,-73.86428768205248,-73.86428768205248
2848.600079894066,-73.86535375167043,-73.86535375167043
2848.610079894066,-73.86642607720202,-73.86642607720202
2848.620079894066,-73.86750470222228,-73.86750470222228
2848.630079894066,-73.86858966922772,-73.86858966922772
2848.640079894066,-73.86968101966568,-73.86968101966568
2848.650079894066,-73.8707787939216,-73.8707787939216
2848.660079894066,-73.87188303136487,-73.87188303136487
2848.670079894066,-73.87299377034353,-73.87299377034353
2848.680079894066,-73.87411104821275,-73.87411104821275
2848.690079894066,-73.87523490133403,-73.87523490133403
2848.7000798940658,-73.87636536510996,-73.87636536510996
2848.710079894066,-73.87750247397885,-73.87750247397885
2848.7200798940657,-73.87864626142586,-73.87864626142586
2848.730079894066,-73.87979676002392,-73.87979676002392
2848.7400798940657,-73.8809540014303,-73.8809540014303
2848.750079894066,-73.88211801638113,-73.88211801638113
2848.7600798940657,-73.8832888347588,-73.8832888347588
2848.770079894066,-73.88446648552944,-73.88446648552944
2848.7800798940657,-73.8856509968239,-73.8856509968239
2848.790079894066,-73.8868423959153,-73.8868423959153
2848.8000798940657,-73.88804070924833,-73.88804070924833
2848.810079894066,-73.88924596242917,-73.88924596242917
2848.8200798940657,-73.8904581802636,-73.8904581802636
2848.830079894066,-73.89167738674641,-73.89167738674641
2848.8400798940656,-73.89290360509241,-73.89290360509241
2848.850079894066,-73.8941368577394,-73.8941368577394
2848.860079894066,-73.8953771663541,-73.8953771663541
2848.870079894066,-73.89662455186881,-73.89662455186881
2848.880079894066,-73.89787903445048,-73.89787903445048
2848.890079894066,-73.89914063354165,-73.89914063354165
2848.900079894066,-73.90040936787614,-73.90040936787614
2848.910079894066,-73.90168525547186,-73.90168525547186
2848.920079894066,-73.90296831365256,-73.90296831365256
2848.930079894066,-73.90425855904498,-73.90425855904498
2848.940079894066,-73.9055560076136,-73.9055560076136
2848.9500798940658,-73.9068606746491,-73.9068606746491
2848.960079894066,-73.9081725747852,-73.9081725747852
2848.9700798940657,-73.90949172201923,-73.90949172201923
2848.980079894066,-73.9108181296909,-73.9108181296909
2848.9900798940657,-73.91215181052955,-73.91215181052955
2849.000079894066,-73.91349277665628,-73.91349277665628
2849.0100798940657,-73.91484103956726,-73.91484103956726
2849.020079894066,-73.91619661016584,-73.91619661016584
2849.0300798940657,-73.91755949876772,-73.91755949876772
2849.040079894066,-73.91892971511105,-73.91892971511105
2849.0500798940657,-73.92030726837048,-73.92030726837048
2849.060079894066,-73.92169216714198,-73.92169216714198
2849.0700798940657,-73.92308441947988,-73.92308441947988
2849.080079894066,-73.92448403289275,-73.92448403289275
2849.0900798940656,-73.925891014363,-73.925891014363
2849.100079894066,-73.92730537032236,-73.92730537032236
2849.110079894066,-73.92872710671128,-73.92872710671128
2849.120079894066,-73.9301562289375,-73.9301562289375
2849.130079894066,-73.9315927419138,-73.9315927419138
2849.140079894066,-73.93303665006454,-73.93303665006454
2849.150079894066,-73.93448795731821,-73.93448795731821
2849.160079894066,-73.93594666712947,-73.93594666712947
2849.170079894066,-73.93741278247397,-73.93741278247397
2849.180079894066,-73.93888630587188,-73.93888630587188
2849.190079894066,-73.94036723938093,-73.94036723938093
2849.2000799179077,-73.94185558816562,-73.94185558816562
2849.210079917908,-73.94335134632617,-73.94335134632617
2849.2200799179077,-73.94485451810384,-73.94485451810384
2849.230079917908,-73.94636510381193,-73.94636510381193
2849.2400799179077,-73.94788310333634,-73.94788310333634
2849.250079917908,-73.94940851614598,-73.94940851614598
2849.2600799179077,-73.95094134129657,-73.95094134129657
2849.270079917908,-73.9524815774529,-73.9524815774529
2849.2800799179076,-73.95402922288514,-73.95402922288514
2849.290079917908,-73.95558427546469,-73.95558427546469
2849.3000799179076,-73.95714673269389,-73.95714673269389
2849.310079917908,-73.95871659169012,-73.95871659169012
2849.3200799179076,-73.96029384919669,-73.96029384919669
2849.330079917908,-73.9618785016095,-73.9618785016095
2849.3400799179076,-73.9634705449569,-73.9634705449569
2849.350079917908,-73.96506997491214,-73.96506997491214
2849.3600799179076,-73.9666767868104,-73.9666767868104
2849.370079917908,-73.96829097563936,-73.96829097563936
2849.3800799179076,-73.96991253606552,-73.96991253606552
2849.3900799179078,-73.97154146241273,-73.97154146241273
2849.4000799179075,-73.97317774867862,-73.97317774867862
2849.4100799179078,-73.97482138856685,-73.97482138856685
2849.4200799179075,-73.97647237544561,-73.97647237544561
2849.4300799179077,-73.978130702378,-73.978130702378
2849.4400799179075,-73.97979636213276,-73.97979636213276
2849.4500799179077,-73.98146934717504,-73.98146934717504
2849.460079917908,-73.98314964968405,-73.98314964968405
2849.4700799179077,-73.98483726155071,-73.98483726155071
2849.480079917908,-73.9865321743731,-73.9865321743731
2849.4900799179077,-73.98823437948629,-73.98823437948629
2849.500079917908,-73.98994386794881,-73.98994386794881
2849.5100799179077,-73.99166063055866,-73.99166063055866
2849.520079917908,-73.9933846578216,-73.9933846578216
2849.5300799179076,-73.99511594001905,-73.99511594001905
2849.540079917908,-73.99685446715722,-73.99685446715722
2849.5500799179076,-73.99860022900562,-73.99860022900562
2849.560079917908,-74.00035321507555,-74.00035321507555
2849.5700799179076,-74.00211341464487,-74.00211341464487
2849.580079917908,-74.0038808167523,-74.0038808167523
2849.5900799179076,-74.00565541020964,-74.00565541020964
2849.600079917908,-74.00743718358756,-74.00743718358756
2849.6100799179076,-74.00922612524397,-74.00922612524397
2849.620079917908,-74.0110222233137,-74.0110222233137
2849.6300799179076,-74.01282546571595,-74.01282546571595
2849.6400799179078,-74.01463584015225,-74.01463584015225
2849.6500799179075,-74.01645333411508,-74.01645333411508
2849.6600799179078,-74.0182779348951,-74.0182779348951
2849.6700799179075,-74.02010962958302,-74.02010962958302
2849.6800799179077,-74.02194840506341,-74.02194840506341
2849.6900799179075,-74.0237942480433,-74.0237942480433
2849.7000799179077,-74.02564714502071,-74.02564714502071
2849.710079917908,-74.027500623826,-74.027500623826
2849.7200799179077,-74.02935184060208,-74.02935184060208
2849.730079917908,-74.03119940186525,-74.03119940186525
2849.7400799179077,-74.03304258539691,-74.03304258539691
2849.750079917908,-74.03488104298398,-74.03488104298398
2849.7600799179077,-74.03671464603673,-74.03671464603673
2849.770079917908,-74.03854339511253,-74.03854339511253
2849.7800799179076,-74.04036736555969,-74.04036736555969
2849.790079917908,-74.04218667483488,-74.04218667483488
2849.8000799179076,-74.0440014629034,-74.0440014629034
2849.810079917908,-74.04581188050388,-74.04581188050388
2849.8200799179076,-74.0476180823011,-74.0476180823011
2849.830079917908,-74.04942022292408,-74.04942022292408
2849.8400799179076,-74.05121845481872,-74.05121845481872
2849.850079917908,-74.05301292712686,-74.05301292712686
2849.8600799179076,-74.05480378526306,-74.05480378526306
2849.870079917908,-74.05659117082254,-74.05659117082254
2849.8800799179076,-74.05837522173573,-74.05837522173573
2849.8900799179078,-74.06015607248413,-74.06015607248413
2849.9000799179075,-74.06193385439917,-74.06193385439917
2849.9100799179078,-74.0637086959324,-74.0637086959324
2849.9200799179075,-74.06548072297366,-74.06548072297366
2849.9300799179077,-74.0672500590532,-74.0672500590532
2849.9400799179075,-74.06901682562783,-74.06901682562783
2849.9500799179077,-74.0707811422321,-74.0707811422321
2849.960079917908,-74.07254312667675,-74.07254312667675
2849.9700799179077,-74.07430289519772,-74.07430289519772
2849.980079917908,-74.07606056257431,-74.07606056257431
2849.9900799179077,-74.07781624222841,-74.07781624222841
2850.000079917908,-74.07957004631089,-74.07957004631089
2850.0100799179077,-74.08132208578361,-74.08132208578361
2850.020079917908,-74.08307247046929,-74.08307247046929
2850.0300799179076,-74.08482130908786,-74.08482130908786
2850.040079917908,-74.08656870930153,-74.08656870930153
2850.0500799417496,-74.08831478190432,-74.08831478190432
2850.06007994175,-74.09005962420075,-74.09005962420075
2850.0700799417496,-74.0918033449795,-74.0918033449795
2850.08007994175,-74.09354604788392,-74.09354604788392
2850.0900799417495,-74.09528783558228,-74.09528783558228
2850.1000799417498,-74.09702880976506,-74.09702880976506
2850.1100799417495,-74.09876907115915,-74.09876907115915
2850.1200799417497,-74.10050871950426,-74.10050871950426
2850.1300799417495,-74.10224785357596,-74.10224785357596
2850.1400799417497,-74.10398657116848,-74.10398657116848
2850.1500799417495,-74.1057249690854,-74.1057249690854
2850.1600799417497,-74.10746314313646,-74.10746314313646
2850.1700799417495,-74.10920118814647,-74.10920118814647
2850.1800799417497,-74.11093919792782,-74.11093919792782
2850.1900799417494,-74.11267726530171,-74.11267726530171
2850.2000799417497,-74.11441548205137,-74.11441548205137
2850.2100799417494,-74.11615393894772,-74.11615393894772
2850.2200799417496,-74.1178927257314,-74.1178927257314
2850.2300799417494,-74.11963193112177,-74.11963193112177
2850.2400799417496,-74.12137164278438,-74.12137164278438
2850.2500799417494,-74.12311194735318,-74.12311194735318
2850.2600799417496,-74.1248529304134,-74.1248529304134
2850.2700799417494,-74.12659467649233,-74.12659467649233
2850.2800799417496,-74.12833726905717,-74.12833726905717
2850.2900799417494,-74.13008079053387,-74.13008079053387
2850.3000799417496,-74.13182532226499,-74.13182532226499
2850.31007994175,-74.13357094454524,-74.13357094454524
2850.3200799417496,-74.13531773661038,-74.13531773661038
2850.33007994175,-74.13706577660786,-74.13706577660786
2850.3400799417495,-74.13881514163347,-74.13881514163347
2850.3500799417498,-74.14056590770936,-74.14056590770936
2850.3600799417495,-74.14231814980089,-74.14231814980089
2850.3700799417497,-74.14407194179438,-74.14407194179438
2850.3800799417495,-74.14582735652093,-74.14582735652093
2850.3900799417497,-74.14758446573717,-74.14758446573717
2850.4000799417495,-74.14934334015653,-74.14934334015653
2850.4100799417497,-74.15110404941056,-74.15110404941056
2850.4200799417495,-74.15286666209617,-74.15286666209617
2850.4300799417497,-74.15463124574487,-74.15463124574487
2850.4400799417494,-74.15639786685234,-74.15639786685234
2850.4500799417497,-74.15816659085432,-74.15816659085432
2850.4600799417494,-74.15993748215364,-74.15993748215364
2850.4700799417496,-74.16171060412132,-74.16171060412132
2850.4800799417494,-74.16348601909687,-74.16348601909687
2850.4900799417496,-74.16526378838736,-74.16526378838736
2850.5000799417494,-74.16704397228378,-74.16704397228378
2850.5100799417496,-74.16882663006635,-74.16882663006635
2850.5200799417494,-74.17061182000562,-74.17061182000562
2850.5300799417496,-74.17239959937365,-74.17239959937365
2850.5400799417494,-74.17419002444908,-74.17419002444908
2850.5500799417496,-74.17598315051471,-74.17598315051471
2850.56007994175,-74.17777903187253,-74.17777903187253
2850.5700799417496,-74.17957772186524,-74.17957772186524
2850.58007994175,-74.18137927286051,-74.18137927286051
2850.5900799417495,-74.18318373626576,-74.18318373626576
2850.6000799417498,-74.18499116253273,-74.18499116253273
2850.6100799417495,-74.18680160118836,-74.18680160118836
2850.6200799417497,-74.18861510080714,-74.18861510080714
2850.6300799417495,-74.19043170904177,-74.19043170904177
2850.6400799417497,-74.19225147263205,-74.19225147263205
2850.6500799417495,-74.19407443739813,-74.19407443739813
2850.6600799417497,-74.19590064827148,-74.19590064827148
2850.6700799417495,-74.19773014927145,-74.19773014927145
2850.6800799417497,-74.19956298355622,-74.19956298355622
2850.6900799417494,-74.20139919338028,-74.20139919338028
2850.7000799417497,-74.20323882015752,-74.20323882015752
2850.7100799417494,-74.20508190443229,-74.20508190443229
2850.7200799417496,-74.20692848589425,-74.20692848589425
2850.7300799417494,-74.20877860339998,-74.20877860339998
2850.7400799417496,-74.21063229497513,-74.21063229497513
2850.7500799417494,-74.21248959780672,-74.21248959780672
2850.7600799417496,-74.21435054828521,-74.21435054828521
2850.7700799417494,-74.21621518199765,-74.21621518199765
2850.7800799417496,-74.21808353372063,-74.21808353372063
2850.7900799417494,-74.21995563745331,-74.21995563745331
2850.8000799417496,-74.22183152641952,-74.22183152641952
2850.81007994175,-74.22371123307022,-74.22371123307022
2850.8200799417496,-74.22559478908775,-74.22559478908775
2850.83007994175,-74.22748222541463,-74.22748222541463
2850.8400799417495,-74.22937357225432,-74.22937357225432
2850.8500799417498,-74.23126885906568,-74.23126885906568
2850.8600799417495,-74.23316811458719,-74.23316811458719
2850.8700799417497,-74.23507136684928,-74.23507136684928
2850.8800799417495,-74.23697864315929,-74.23697864315929
2850.8900799417497,-74.238889970142,-74.238889970142
2850.9000799655914,-74.24080537829298,-74.24080537829298
2850.9100799655916,-74.2427248837503,-74.2427248837503
2850.9200799655914,-74.2446485156382,-74.2446485156382
2850.9300799655916,-74.24657629787521,-74.24657629787521
2850.9400799655914,-74.24850825371955,-74.24850825371955
2850.9500799655916,-74.25044440578878,-74.25044440578878
2850.9600799655914,-74.25238477605559,-74.25238477605559
2850.9700799655916,-74.25432938586773,-74.25432938586773
2850.9800799655914,-74.25627825596273,-74.25627825596273
2850.9900799655916,-74.25823140644522,-74.25823140644522
2851.0000799655913,-74.2601888568307,-74.2601888568307
2851.0100799655916,-74.26215062603104,-74.26215062603104
2851.0200799655913,-74.26411673237595,-74.26411673237595
2851.0300799655915,-74.26608719361026,-74.26608719361026
2851.0400799655913,-74.26806202690675,-74.26806202690675
2851.0500799655915,-74.27004124886989,-74.27004124886989
2851.0600799655913,-74.27202487557263,-74.27202487557263
2851.0700799655915,-74.27401292250526,-74.27401292250526
2851.0800799655913,-74.27600540463298,-74.27600540463298
2851.0900799655915,-74.27800233639212,-74.27800233639212
2851.1000799655912,-74.28000373168909,-74.28000373168909
2851.1100799655915,-74.28200960390579,-74.28200960390579
2851.1200799655912,-74.28401996592584,-74.28401996592584
2851.1300799655914,-74.28603483011716,-74.28603483011716
2851.140079965591,-74.28805420836663,-74.28805420836663
2851.1500799655914,-74.29007811205436,-74.29007811205436
2851.1600799655916,-74.29210655209017,-74.29210655209017
2851.1700799655914,-74.29413953890457,-74.29413953890457
2851.1800799655916,-74.29617708246346,-74.29617708246346
2851.1900799655914,-74.2982191922703,-74.2982191922703
2851.2000799655916,-74.30026587737439,-74.30026587737439
2851.2100799655914,-74.30231066265705,-74.30231066265705
2851.2200799655916,-74.30435071437513,-74.30435071437513
2851.2300799655914,-74.30638465423871,-74.30638465423871
2851.2400799655916,-74.30841177742859,-74.30841177742859
2851.2500799655913,-74.31043175426045,-74.31043175426045
2851.2600799655916,-74.3124444752572,-74.3124444752572
2851.2700799655913,-74.31444996038091,-74.31444996038091
2851.2800799655915,-74.31644830449434,-74.31644830449434
2851.2900799655913,-74.3184396445621,-74.3184396445621
2851.3000799655915,-74.32042413999076,-74.32042413999076
2851.3100799655913,-74.32240196088468,-74.32240196088468
2851.3200799655915,-74.32437328115054,-74.32437328115054
2851.3300799655913,-74.32633827452857,-74.32633827452857
2851.3400799655915,-74.32829711241047,-74.32829711241047
2851.3500799655912,-74.33024996276549,-74.33024996276549
2851.3600799655915,-74.3321969896623,-74.3321969896623
2851.3700799655912,-74.33413835321555,-74.33413835321555
2851.3800799655914,-74.33607420969619,-74.33607420969619
2851.390079965591,-74.33800471178597,-74.33800471178597
2851.4000799655914,-74.33993000884925,-74.33993000884925
2851.4100799655916,-74.34185024722265,-74.34185024722265
2851.4200799655914,-74.34376557050336,-74.34376557050336
2851.4300799655916,-74.3456761197883,-74.3456761197883
2851.4400799655914,-74.34758203392612,-74.34758203392612
2851.4500799655916,-74.34948344969342,-74.34948344969342
2851.4600799655914,-74.35138050199221,-74.35138050199221
2851.4700799655916,-74.35327332398055,-74.35327332398055
2851.4800799655914,-74.35516204719765,-74.35516204719765
2851.4900799655916,-74.35704680167714,-74.35704680167714
2851.5000799655913,-74.35892771602549,-74.35892771602549
2851.5100799655916,-74.36080491749966,-74.36080491749966
2851.5200799655913,-74.36267853205955,-74.36267853205955
2851.5300799655915,-74.36454868440595,-74.36454868440595
2851.5400799655913,-74.36641549805306,-74.36641549805306
2851.5500799655915,-74.36827909530481,-74.36827909530481
2851.5600799655913,-74.37013959731442,-74.37013959731442
2851.5700799655915,-74.37199712408608,-74.37199712408608
2851.5800799655913,-74.37385179450496,-74.37385179450496
2851.5900799655915,-74.37570372631772,-74.37570372631772
2851.6000799655912,-74.37755303614439,-74.37755303614439
2851.6100799655915,-74.37939983949904,-74.37939983949904
2851.6200799655912,-74.3812442507764,-74.3812442507764
2851.6300799655914,-74.38308638323947,-74.38308638323947
2851.640079965591,-74.38492634904466,-74.38492634904466
2851.6500799655914,-74.38676425920886,-74.38676425920886
2851.6600799655916,-74.38860022362643,-74.38860022362643
2851.6700799655914,-74.39043435106093,-74.39043435106093
2851.6800799655916,-74.3922667491246,-74.3922667491246
2851.6900799655914,-74.39409752429405,-74.39409752429405
2851.7000799655916,-74.39592678188771,-74.39592678188771
2851.7100799655914,-74.39775462608632,-74.39775462608632
2851.7200799655916,-74.39958115988522,-74.39958115988522
2851.7300799655914,-74.40140648513379,-74.40140648513379
2851.7400799655916,-74.40323070251213,-74.40323070251213
2851.7500799894333,-74.40505391586345,-74.40505391586345
2851.7600799894335,-74.4068762148438,-74.4068762148438
2851.7700799894333,-74.40869770093772,-74.40869770093772
2851.7800799894335,-74.41051847012703,-74.41051847012703
2851.7900799894333,-74.41233861720215,-74.41233861720215
2851.8000799894335,-74.41415823576679,-74.41415823576679
2851.8100799894332,-74.41597741824636,-74.41597741824636
2851.8200799894335,-74.41779625588558,-74.41779625588558
2851.830079989433,-74.41961483873571,-74.41961483873571
2851.8400799894334,-74.42143325567002,-74.42143325567002
2851.850079989433,-74.42325159437976,-74.42325159437976
2851.8600799894334,-74.42506994136842,-74.42506994136842
2851.870079989433,-74.42688838196524,-74.42688838196524
2851.8800799894334,-74.42870700032697,-74.42870700032697
2851.890079989433,-74.43052587942309,-74.43052587942309
2851.9000799894334,-74.43234510106525,-74.43234510106525
2851.910079989433,-74.43416474589444,-74.43416474589444
2851.9200799894334,-74.43598489338444,-74.43598489338444
2851.930079989433,-74.43780562186129,-74.43780562186129
2851.9400799894333,-74.43962700848391,-74.43962700848391
2851.950079989433,-74.44144912927483,-74.44144912927483
2851.9600799894333,-74.44326556346516,-74.44326556346516
2851.970079989433,-74.44507353791441,-74.44507353791441
2851.9800799894333,-74.4468717369414,-74.4468717369414
2851.990079989433,-74.44865951892042,-74.44865951892042
2852.0000799894333,-74.45043661734458,-74.45043661734458
2852.0100799894335,-74.45220298563686,-74.45220298563686
2852.0200799894333,-74.45395870618388,-74.45395870618388
2852.0300799894335,-74.4557039357659,-74.4557039357659
2852.0400799894333,-74.45743887265428,-74.45743887265428
2852.0500799894335,-74.4591637369148,-74.4591637369148
2852.0600799894332,-74.4608787586636,-74.4608787586636
2852.0700799894335,-74.46258417114409,-74.46258417114409
2852.080079989433,-74.46428020677811,-74.46428020677811
2852.0900799894334,-74.4659670949608,-74.4659670949608
2852.100079989433,-74.46764506098485,-74.46764506098485
2852.1100799894334,-74.46931432556514,-74.46931432556514
2852.120079989433,-74.47097510479806,-74.47097510479806
2852.1300799894334,-74.47262761027997,-74.47262761027997
2852.140079989433,-74.4742720493238,-74.4742720493238
2852.1500799894334,-74.47590862527177,-74.47590862527177
2852.160079989433,-74.47753753779793,-74.47753753779793
2852.1700799894334,-74.4791589831529,-74.4791589831529
2852.180079989433,-74.48077315446345,-74.48077315446345
2852.1900799894333,-74.48238024192959,-74.48238024192959
2852.200079989433,-74.48398043306543,-74.48398043306543
2852.2100799894333,-74.48556741412904,-74.48556741412904
2852.220079989433,-74.48713851995697,-74.48713851995697
2852.2300799894333,-74.48869254258346,-74.48869254258346
2852.240079989433,-74.4902289474638,-74.4902289474638
2852.2500799894333,-74.49174757446688,-74.49174757446688
2852.2600799894335,-74.49324848267959,-74.49324848267959
2852.2700799894333,-74.49473185943867,-74.49473185943867
2852.2800799894335,-74.49619796574105,-74.49619796574105
2852.2900799894333,-74.49764710338934,-74.49764710338934
2852.3000799894335,-74.49907959531191,-74.49907959531191
2852.3100799894332,-74.50049577381229,-74.50049577381229
2852.3200799894335,-74.50189597365905,-74.50189597365905
2852.330079989433,-74.50328052813997,-74.50328052813997
2852.3400799894334,-74.50464976685973,-74.50464976685973
2852.350079989433,-74.50600401466802,-74.50600401466802
2852.3600799894334,-74.50734359120123,-74.50734359120123
2852.370079989433,-74.50866881079092,-74.50866881079092
2852.3800799894334,-74.50997998259191,-74.50997998259191
2852.390079989433,-74.51127741082246,-74.51127741082246
2852.4000799894334,-74.51256139504277,-74.51256139504277
2852.410079989433,-74.51383223044654,-74.51383223044654
2852.4200799894334,-74.51509020810795,-74.51509020810795
2852.430079989433,-74.5163356152575,-74.5163356152575
2852.4400799894333,-74.51756873549496,-74.51756873549496
2852.450079989433,-74.51878984898644,-74.51878984898644
2852.4600799894333,-74.51999923263206,-74.51999923263206
2852.470079989433,-74.5211971601972,-74.5211971601972
2852.4800799894333,-74.52238390245856,-74.52238390245856
2852.490079989433,-74.5235597272793,-74.5235597272793
2852.5000799894333,-74.52472489970965,-74.52472489970965
2852.5100799894335,-74.52587968204162,-74.52587968204162
2852.5200799894333,-74.52702433385723,-74.52702433385723
2852.5300799894335,-74.52815911208951,-74.52815911208951
2852.5400799894333,-74.52928427106859,-74.52928427106859
2852.5500799894335,-74.5304000625083,-74.5304000625083
2852.5600799894332,-74.53150673556179,-74.53150673556179
2852.5700799894335,-74.5326045368373,-74.5326045368373
2852.580079989433,-74.533693710395,-74.533693710395
2852.5900799894334,-74.53477449774482,-74.53477449774482
2852.600080013275,-74.53584714045297,-74.53584714045297
2852.6100800132754,-74.53691186986637,-74.53691186986637
2852.620080013275,-74.53796892252599,-74.53796892252599
2852.6300800132753,-74.53901852987308,-74.53901852987308
2852.640080013275,-74.54006092083807,-74.54006092083807
2852.6500800132753,-74.54109632183591,-74.54109632183591
2852.660080013275,-74.54212495676585,-74.54212495676585
2852.6700800132753,-74.54314704701717,-74.54314704701717
2852.680080013275,-74.5441628114607,-74.5441628114607
2852.6900800132753,-74.5451724664676,-74.5451724664676
2852.700080013275,-74.54617622588881,-74.54617622588881
2852.7100800132753,-74.54717430106675,-74.54717430106675
2852.720080013275,-74.54816690084807,-74.54816690084807
2852.7300800132753,-74.54915423156663,-74.54915423156663
2852.740080013275,-74.55013649707138,-74.55013649707138
2852.7500800132752,-74.55111389870552,-74.55111389870552
2852.760080013275,-74.55208663532501,-74.55208663532501
2852.770080013275,-74.55305490330633,-74.55305490330633
2852.780080013275,-74.55401889654948,-74.55401889654948
2852.790080013275,-74.55497880647793,-74.55497880647793
2852.800080013275,-74.55593482206845,-74.55593482206845
2852.810080013275,-74.55688712983807,-74.55688712983807
2852.820080013275,-74.55783591386923,-74.55783591386923
2852.830080013275,-74.55878135579235,-74.55878135579235
2852.840080013275,-74.55972363483916,-74.55972363483916
2852.850080013275,-74.5606629278197,-74.5606629278197
2852.8600800132754,-74.56159940914758,-74.56159940914758
2852.870080013275,-74.56253325085287,-74.56253325085287
2852.8800800132753,-74.56346462259373,-74.56346462259373
2852.890080013275,-74.56439369166581,-74.56439369166581
2852.9000800132753,-74.5653206230294,-74.5653206230294
2852.910080013275,-74.56624557931363,-74.56624557931363
2852.9200800132753,-74.56716872082832,-74.56716872082832
2852.930080013275,-74.568090205578,-74.568090205578
2852.9400800132753,-74.5690101893068,-74.5690101893068
2852.950080013275,-74.56992882548379,-74.56992882548379
2852.9600800132753,-74.570846265325,-74.570846265325
2852.970080013275,-74.57176265782252,-74.57176265782252
2852.9800800132753,-74.57267814974153,-74.57267814974153
2852.990080013275,-74.57359288567365,-74.57359288567365
2853.0000800132752,-74.57450700800787,-74.57450700800787
2853.010080013275,-74.5754206569862,-74.5754206569862
2853.020080013275,-74.57633397071258,-74.57633397071258
2853.030080013275,-74.5772470851652,-74.5772470851652
2853.040080013275,-74.57816013423087,-74.57816013423087
2853.050080013275,-74.57907324970311,-74.57907324970311
2853.060080013275,-74.5799865613,-74.5799865613
2853.070080013275,-74.58090019671796,-74.58090019671796
2853.080080013275,-74.5818142816097,-74.5818142816097
2853.090080013275,-74.58272893964731,-74.58272893964731
2853.100080013275,-74.58364429249308,-74.58364429249308
2853.1100800132754,-74.58456045986304,-74.58456045986304
2853.120080013275,-74.58547755952773,-74.58547755952773
2853.1300800132753,-74.5863957073164,-74.5863957073164
2853.140080013275,-74.58731501716763,-74.58731501716763
2853.1500800132753,-74.58823560113412,-74.58823560113412
2853.160080013275,-74.58915756940839,-74.58915756940839
2853.1700800132753,-74.59008103033382,-74.59008103033382
2853.180080013275,-74.59100609044106,-74.59100609044106
2853.1900800132753,-74.59193285444121,-74.59193285444121
2853.200080013275,-74.59286142527978,-74.59286142527978
2853.2100800132753,-74.59379190413487,-74.59379190413487
2853.220080013275,-74.59472439043834,-74.59472439043834
2853.2300800132753,-74.59565898190615,-74.59565898190615
2853.240080013275,-74.59659577454285,-74.59659577454285
2853.2500800132752,-74.59753486268542,-74.59753486268542
2853.260080013275,-74.59847633899406,-74.59847633899406
2853.270080013275,-74.59942029449313,-74.59942029449313
2853.280080013275,-74.60036681859584,-74.60036681859584
2853.290080013275,-74.60131599909109,-74.60131599909109
2853.300080013275,-74.60226792220955,-74.60226792220955
2853.310080013275,-74.60322267259681,-74.60322267259681
2853.320080013275,-74.60418033336282,-74.60418033336282
2853.330080013275,-74.6051409860834,-74.6051409860834
2853.340080013275,-74.6061047108469,-74.6061047108469
2853.350080013275,-74.6070715862383,-74.6070715862383
2853.3600800132754,-74.60804168937915,-74.60804168937915
2853.370080013275,-74.60901509593829,-74.60901509593829
2853.3800800132753,-74.60999188015847,-74.60999188015847
2853.390080013275,-74.61097211487201,-74.61097211487201
2853.4000800132753,-74.61195587150681,-74.61195587150681
2853.410080013275,-74.61294322012581,-74.61294322012581
2853.4200800132753,-74.61393422942432,-74.61393422942432
2853.430080013275,-74.61492896676074,-74.61492896676074
2853.4400800132753,-74.61592749816316,-74.61592749816316
2853.450080037117,-74.6169298907612,-74.6169298907612
2853.460080037117,-74.61792969450238,-74.61792969450238
2853.470080037117,-74.61892412312783,-74.61892412312783
2853.480080037117,-74.61991184880729,-74.61991184880729
2853.490080037117,-74.62089221921408,-74.62089221921408
2853.500080037117,-74.62186495786922,-74.62186495786922
2853.510080037117,-74.62283000855703,-74.62283000855703
2853.520080037117,-74.62378744415714,-74.62378744415714
2853.530080037117,-74.62473741189092,-74.62473741189092
2853.540080037117,-74.62568010036942,-74.62568010036942
2853.550080037117,-74.6266157198449,-74.6266157198449
2853.560080037117,-74.62754449043474,-74.62754449043474
2853.570080037117,-74.62846663522419,-74.62846663522419
2853.580080037117,-74.62938237626565,-74.62938237626565
2853.590080037117,-74.6302919324397,-74.6302919324397
2853.600080037117,-74.63119551835864,-74.63119551835864
2853.610080037117,-74.63209334391362,-74.63209334391362
2853.620080037117,-74.63298561424047,-74.63298561424047
2853.630080037117,-74.63387252984,-74.63387252984
2853.640080037117,-74.6347542868397,-74.6347542868397
2853.650080037117,-74.63563107730657,-74.63563107730657
2853.660080037117,-74.63650308952408,-74.63650308952408
2853.670080037117,-74.63737050831993,-74.63737050831993
2853.680080037117,-74.6382335152947,-74.6382335152947
2853.690080037117,-74.6390922891055,-74.6390922891055
2853.700080037117,-74.63994700563569,-74.63994700563569
2853.710080037117,-74.64079783823014,-74.64079783823014
2853.720080037117,-74.64164495781395,-74.64164495781395
2853.730080037117,-74.64248853305219,-74.64248853305219
2853.740080037117,-74.64332873045196,-74.64332873045196
2853.750080037117,-74.64416571445922,-74.64416571445922
2853.760080037117,-74.6449996475601,-74.6449996475601
2853.770080037117,-74.64583069031747,-74.64583069031747
2853.780080037117,-74.64665900145285,-74.64665900145285
2853.790080037117,-74.6474847378817,-74.6474847378817
2853.800080037117,-74.64830805474975,-74.64830805474975
2853.810080037117,-74.64912910547059,-74.64912910547059
2853.820080037117,-74.64994804174783,-74.64994804174783
2853.830080037117,-74.65076501358803,-74.65076501358803
2853.840080037117,-74.65158016933111,-74.65158016933111
2853.850080037117,-74.6523936556495,-74.6523936556495
2853.860080037117,-74.65320561757513,-74.65320561757513
2853.870080037117,-74.6540161984859,-74.6540161984859
2853.880080037117,-74.65482554013815,-74.65482554013815
2853.890080037117,-74.65563378263951,-74.65563378263951
2853.900080037117,-74.65644106449164,-74.65644106449164
2853.910080037117,-74.65724752255015,-74.65724752255015
2853.920080037117,-74.65805329207366,-74.65805329207366
2853.930080037117,-74.65885850667554,-74.65885850667554
2853.940080037117,-74.65966329838156,-74.65966329838156
2853.950080037117,-74.66046779757231,-74.66046779757231
2853.960080037117,-74.6612721330377,-74.6612721330377
2853.970080037117,-74.66207643195432,-74.66207643195432
2853.980080037117,-74.66288081988444,-74.66288081988444
2853.990080037117,-74.6636854207828,-74.6636854207828
2854.000080037117,-74.66449035700224,-74.66449035700224
2854.010080037117,-74.66529574930102,-74.66529574930102
2854.020080037117,-74.66610171683199,-74.66610171683199
2854.030080037117,-74.66690837715797,-74.66690837715797
2854.040080037117,-74.66771584625809,-74.66771584625809
2854.050080037117,-74.66852423852471,-74.66852423852471
2854.060080037117,-74.66933366677159,-74.66933366677159
2854.070080037117,-74.67014424223503,-74.67014424223503
2854.080080037117,-74.67095607458752,-74.67095607458752
2854.090080037117,-74.67176927193421,-74.67176927193421
2854.100080037117,-74.67258394083387,-74.67258394083387
2854.110080037117,-74.673400186298,-74.673400186298
2854.120080037117,-74.67421811178512,-74.67421811178512
2854.130080037117,-74.67503781923412,-74.67503781923412
2854.140080037117,-74.67585940905366,-74.67585940905366
2854.150080037117,-74.67668298013183,-74.67668298013183
2854.160080037117,-74.67750862986237,-74.67750862986237
2854.170080037117,-74.67833645412706,-74.67833645412706
2854.180080037117,-74.67916654733078,-74.67916654733078
2854.190080037117,-74.67999900239829,-74.67999900239829
2854.200080037117,-74.68083391077882,-74.68083391077882
2854.210080037117,-74.68167136246235,-74.68167136246235
2854.220080037117,-74.68251144600505,-74.68251144600505
2854.230080037117,-74.68335424850558,-74.68335424850558
2854.240080037117,-74.68419985565222,-74.68419985565222
2854.250080037117,-74.68504835171389,-74.68504835171389
2854.260080037117,-74.68589981955459,-74.68589981955459
2854.270080037117,-74.68675434064369,-74.68675434064369
2854.280080037117,-74.6876119950823,-74.6876119950823
2854.290080037117,-74.68847286158748,-74.68847286158748
2854.300080060959,-74.68933701959163,-74.68933701959163
2854.310080060959,-74.69020454101441,-74.69020454101441
2854.320080060959,-74.69107550259218,-74.69107550259218
2854.330080060959,-74.69194997770322,-74.69194997770322
2854.340080060959,-74.69282803841085,-74.69282803841085
2854.350080060959,-74.6937097554934,-74.6937097554934
2854.360080060959,-74.69459519843865,-74.69459519843865
2854.370080060959,-74.69548443546745,-74.69548443546745
2854.380080060959,-74.69637753355515,-74.69637753355515
2854.390080060959,-74.69727455842221,-74.69727455842221
2854.4000800609588,-74.69817557456818,-74.69817557456818
2854.410080060959,-74.69908064526304,-74.69908064526304
2854.4200800609588,-74.69998983258189,-74.69998983258189
2854.430080060959,-74.70090319740599,-74.70090319740599
2854.4400800609587,-74.70182079943945,-74.70182079943945
2854.450080060959,-74.70274269722657,-74.70274269722657
2854.4600800609587,-74.7036689481533,-74.7036689481533
2854.470080060959,-74.70459960845912,-74.70459960845912
2854.4800800609587,-74.70553473327362,-74.70553473327362
2854.490080060959,-74.70647437659144,-74.70647437659144
2854.5000800609587,-74.70741859133265,-74.70741859133265
2854.510080060959,-74.70836742930808,-74.70836742930808
2854.5200800609587,-74.70932094126381,-74.70932094126381
2854.530080060959,-74.710279176887,-74.710279176887
2854.5400800609586,-74.71124218480689,-74.71124218480689
2854.550080060959,-74.71221001261601,-74.71221001261601
2854.560080060959,-74.71318270688609,-74.71318270688609
2854.570080060959,-74.71416031318029,-74.71416031318029
2854.580080060959,-74.71514287606165,-74.71514287606165
2854.590080060959,-74.71613043909962,-74.71613043909962
2854.600080060959,-74.71712304490345,-74.71712304490345
2854.610080060959,-74.71812073509973,-74.71812073509973
2854.620080060959,-74.71912355038482,-74.71912355038482
2854.630080060959,-74.72013153050408,-74.72013153050408
2854.640080060959,-74.72114471429235,-74.72114471429235
2854.6500800609588,-74.72216313965407,-74.72216313965407
2854.660080060959,-74.72318684360245,-74.72318684360245
2854.6700800609588,-74.72421586224966,-74.72421586224966
2854.680080060959,-74.72525023083811,-74.72525023083811
2854.6900800609587,-74.7262899837475,-74.7262899837475
2854.700080060959,-74.72733515449411,-74.72733515449411
2854.7100800609587,-74.72838577575538,-74.72838577575538
2854.720080060959,-74.72944187936808,-74.72944187936808
2854.7300800609587,-74.73050349635504,-74.73050349635504
2854.740080060959,-74.73157065692341,-74.73157065692341
2854.7500800609587,-74.73264339049128,-74.73264339049128
2854.760080060959,-74.7337217256752,-74.7337217256752
2854.7700800609587,-74.73480569032188,-74.73480569032188
2854.780080060959,-74.73589531150274,-74.73589531150274
2854.7900800609586,-74.73699061554721,-74.73699061554721
2854.800080060959,-74.73809162802455,-74.73809162802455
2854.810080060959,-74.73919837378222,-74.73919837378222
2854.820080060959,-74.74031087693263,-74.74031087693263
2854.830080060959,-74.74142916086521,-74.74142916086521
2854.840080060959,-74.74255324828073,-74.74255324828073
2854.850080060959,-74.74368316117881,-74.74368316117881
2854.860080060959,-74.744818920873,-74.744818920873
2854.870080060959,-74.74596054799898,-74.74596054799898
2854.880080060959,-74.74710806253432,-74.74710806253432
2854.890080060959,-74.74826148378725,-74.74826148378725
2854.9000800609588,-74.74942083042511,-74.74942083042511
2854.910080060959,-74.75058612048649,-74.75058612048649
2854.9200800609588,-74.75175737136803,-74.75175737136803
2854.930080060959,-74.75293459986112,-74.75293459986112
2854.9400800609587,-74.75411782213527,-74.75411782213527
2854.950080060959,-74.75530705375179,-74.75530705375179
2854.9600800609587,-74.75649578792202,-74.75649578792202
2854.970080060959,-74.75768118204564,-74.75768118204564
2854.9800800609587,-74.75886185780635,-74.75886185780635
2854.990080060959,-74.76003711434973,-74.76003711434973
2855.0000800609587,-74.76120662805528,-74.76120662805528
2855.010080060959,-74.76237029663211,-74.76237029663211
2855.0200800609587,-74.7635281478022,-74.7635281478022
2855.030080060959,-74.76468028439564,-74.76468028439564
2855.0400800609586,-74.7657436934259,-74.7657436934259
2855.050080060959,-74.76668580821838,-74.76668580821838
2855.060080060959,-74.76749140593338,-74.76749140593338
2855.070080060959,-74.76815249684887,-74.76815249684887
2855.080080060959,-74.76866520209279,-74.76866520209279
2855.090080060959,-74.7690283141562,-74.7690283141562
2855.100080060959,-74.76924241690504,-74.76924241690504
2855.110080060959,-74.76930929039648,-74.76930929039648
2855.120080060959,-74.76923149817277,-74.76923149817277
2855.130080060959,-74.76901210048054,-74.76901210048054
2855.140080060959,-74.76865445562822,-74.76865445562822
2855.1500800848007,-74.76816208205553,-74.76816208205553
2855.160080084801,-74.76753856916966,-74.76753856916966
2855.1700800848007,-74.76678750883461,-74.76678750883461
2855.180080084801,-74.76591245653654,-74.76591245653654
2855.1900800848007,-74.76491690383985,-74.76491690383985
2855.200080084801,-74.76380426151896,-74.76380426151896
2855.2100800848007,-74.76257784976937,-74.76257784976937
2855.220080084801,-74.76124089324438,-74.76124089324438
2855.2300800848006,-74.75979651937797,-74.75979651937797
2855.240080084801,-74.758247758831,-74.758247758831
2855.2500800848006,-74.75659754740491,-74.75659754740491
2855.260080084801,-74.75484872877945,-74.75484872877945
2855.2700800848006,-74.7530040578201,-74.7530040578201
2855.280080084801,-74.75106620408734,-74.75106620408734
2855.2900800848006,-74.74903775550538,-74.74903775550538
2855.300080084801,-74.74692122196709,-74.74692122196709
2855.3100800848006,-74.74471903886997,-74.74471903886997
2855.320080084801,-74.7424335705187,-74.7424335705187
2855.3300800848006,-74.74006711336388,-74.74006711336388
2855.340080084801,-74.7376218990794,-74.7376218990794
2855.3500800848005,-74.73510009745645,-74.73510009745645
2855.3600800848008,-74.73250381911387,-74.73250381911387
2855.3700800848005,-74.72983511807472,-74.72983511807472
2855.3800800848007,-74.72709599415239,-74.72709599415239
2855.3900800848005,-74.724288395203,-74.724288395203
2855.4000800848007,-74.7214142192238,-74.7214142192238
2855.410080084801,-74.71847531632434,-74.71847531632434
2855.4200800848007,-74.71547349061716,-74.71547349061716
2855.430080084801,-74.71241050191347,-74.71241050191347
2855.4400800848007,-74.70928806737317,-74.70928806737317
2855.450080084801,-74.70610786306763,-74.70610786306763
2855.4600800848007,-74.70287152543901,-74.70287152543901
2855.470080084801,-74.69958065262318,-74.69958065262318
2855.4800800848006,-74.69623680581331,-74.69623680581331
2855.490080084801,-74.69284151044273,-74.69284151044273
2855.5000800848006,-74.68939625735575,-74.68939625735575
2855.510080084801,-74.68590250393432,-74.68590250393432
2855.5200800848006,-74.68236167512822,-74.68236167512822
2855.530080084801,-74.67877516444427,-74.67877516444427
2855.5400800848006,-74.67514433493086,-74.67514433493086
2855.550080084801,-74.67147052003033,-74.67147052003033
2855.5600800848006,-74.66775502450507,-74.66775502450507
2855.570080084801,-74.66399912520949,-74.66399912520949
2855.5800800848006,-74.66020407190669,-74.66020407190669
2855.590080084801,-74.65637108801567,-74.65637108801567
2855.6000800848005,-74.65250137134797,-74.65250137134797
2855.6100800848008,-74.6485960947584,-74.6485960947584
2855.6200800848005,-74.64465640689093,-74.64465640689093
2855.6300800848007,-74.64068343270783,-74.64068343270783
2855.6400800848005,-74.63667827420015,-74.63667827420015
2855.6500800848007,-74.63264201093364,-74.63264201093364
2855.660080084801,-74.62857570061207,-74.62857570061207
2855.6700800848007,-74.62448037964215,-74.62448037964215
2855.680080084801,-74.62035706363936,-74.62035706363936
2855.6900800848007,-74.61620674796846,-74.61620674796846
2855.700080084801,-74.61203040819365,-74.61203040819365
2855.7100800848007,-74.60782900058774,-74.60782900058774
2855.720080084801,-74.60360346255335,-74.60360346255335
2855.7300800848006,-74.59935471309403,-74.59935471309403
2855.740080084801,-74.59508365322979,-74.59508365322979
2855.7500800848006,-74.59079116639738,-74.59079116639738
2855.760080084801,-74.58647811886398,-74.58647811886398
2855.7700800848006,-74.5821453601175,-74.5821453601175
2855.780080084801,-74.57779372321912,-74.57779372321912
2855.7900800848006,-74.57342402519004,-74.57342402519004
2855.800080084801,-74.56903706735558,-74.56903706735558
2855.8100800848006,-74.56463363567283,-74.56463363567283
2855.820080084801,-74.56021450107548,-74.56021450107548
2855.8300800848006,-74.55578041978255,-74.55578041978255
2855.840080084801,-74.55133213363112,-74.55133213363112
2855.8500800848005,-74.54687037035328,-74.54687037035328
2855.8600800848008,-74.54239584389424,-74.54239584389424
2855.8700800848005,-74.53790925468199,-74.53790925468199
2855.8800800848007,-74.5334112899037,-74.5334112899037
2855.8900800848005,-74.5289026237822,-74.5289026237822
2855.9000800848007,-74.52438391784071,-74.52438391784071
2855.910080084801,-74.51985582115523,-74.51985582115523
2855.9200800848007,-74.51531897060771,-74.51531897060771
2855.930080084801,-74.51077399111796,-74.51077399111796
2855.9400800848007,-74.50622149589742,-74.50622149589742
2855.950080084801,-74.5016620866532,-74.5016620866532
2855.9600800848007,-74.49708987128442,-74.49708987128442
2855.970080084801,-74.49250259694075,-74.49250259694075
2855.9800800848006,-74.4878994569068,-74.4878994569068
2855.990080084801,-74.48328030699061,-74.48328030699061
2856.0000801086426,-74.47864535596055,-74.47864535596055
2856.010080108643,-74.47399505498967,-74.47399505498967
2856.0200801086426,-74.4693299412429,-74.4693299412429
2856.030080108643,-74.46465062748103,-74.46465062748103
2856.0400801086425,-74.45995775876384,-74.45995775876384
2856.0500801086428,-74.45525199301099,-74.45525199301099
2856.0600801086425,-74.45053398957762,-74.45053398957762
2856.0700801086427,-74.44580440256554,-74.44580440256554
2856.0800801086425,-74.44106387709725,-74.44106387709725
2856.0900801086427,-74.43631304733815,-74.43631304733815
2856.1000801086425,-74.43155253561234,-74.43155253561234
2856.1100801086427,-74.42678295209082,-74.42678295209082
2856.1200801086425,-74.42200489490754,-74.42200489490754
2856.1300801086427,-74.41721895043611,-74.41721895043611
2856.1400801086425,-74.41242569368809,-74.41242569368809
2856.1500801086427,-74.40762568870457,-74.40762568870457
2856.1600801086424,-74.40281948903464,-74.40281948903464
2856.1700801086427,-74.39800763810462,-74.39800763810462
2856.1800801086424,-74.39319066963441,-74.39319066963441
2856.1900801086426,-74.38836910797954,-74.38836910797954
2856.2000801086424,-74.3835434684576,-74.3835434684576
2856.2100801086426,-74.37871425763683,-74.37871425763683
2856.2200801086424,-74.3738819736152,-74.3738819736152
2856.2300801086426,-74.3690471062493,-74.3690471062493
2856.2400801086424,-74.36421013737782,-74.36421013737782
2856.2500801086426,-74.35937154101082,-74.35937154101082
2856.260080108643,-74.35453178352037,-74.35453178352037
2856.2700801086426,-74.34969132379733,-74.34969132379733
2856.280080108643,-74.34485061339387,-74.34485061339387
2856.2900801086425,-74.34001009668474,-74.34001009668474
2856.3000801086428,-74.33517021097917,-74.33517021097917
2856.3100801086425,-74.33033138664466,-74.33033138664466
2856.3200801086427,-74.32549404721104,-74.32549404721104
2856.3300801086425,-74.32065860950503,-74.32065860950503
2856.3400801086427,-74.31582548371759,-74.31582548371759
2856.3500801086425,-74.31099507352846,-74.31099507352846
2856.3600801086427,-74.30616777617094,-74.30616777617094
2856.3700801086425,-74.30134398253008,-74.30134398253008
2856.3800801086427,-74.29652407725177,-74.29652407725177
2856.3900801086425,-74.29170843878491,-74.29170843878491
2856.4000801086427,-74.28689743948927,-74.28689743948927
2856.4100801086424,-74.28209144569638,-74.28209144569638
2856.4200801086427,-74.27729081779626,-74.27729081779626
2856.4300801086424,-74.27249591030854,-74.27249591030854
2856.4400801086426,-74.26770707195276,-74.26770707195276
2856.4500801086424,-74.26292464570766,-74.26292464570766
2856.4600801086426,-74.2581425098075,-74.2581425098075
2856.4700801086424,-74.2533581752844,-74.2533581752844
2856.4800801086426,-74.24857059945053,-74.24857059945053
2856.4900801086424,-74.24377940475978,-74.24377940475978
2856.5000801086426,-74.2389845811835,-74.2389845811835
2856.510080108643,-74.23418633202603,-74.23418633202603
2856.5200801086426,-74.22938498370463,-74.22938498370463
2856.530080108643,-74.22458093162163,-74.22458093162163
2856.5400801086425,-74.21977460774782,-74.21977460774782
2856.5500801086428,-74.2149664611812,-74.2149664611812
2856.5600801086425,-74.21015694664989,-74.21015694664989
2856.5700801086427,-74.20534651776393,-74.20534651776393
2856.5800801086425,-74.2005356231859,-74.2005356231859
2856.5900801086427,-74.19572470458287,-74.19572470458287
2856.6000801086425,-74.19091419560695,-74.19091419560695
2856.6100801086427,-74.18610452154307,-74.18610452154307
2856.6200801086425,-74.18129609929429,-74.18129609929429
2856.6300801086427,-74.17648933757297,-74.17648933757297
2856.6400801086425,-74.17168463721819,-74.17168463721819
2856.6500801086427,-74.1668823915066,-74.1668823915066
2856.6600801086424,-74.16208298652714,-74.16208298652714
2856.6700801086427,-74.15728680147916,-74.15728680147916
2856.6800801086424,-74.15249420902109,-74.15249420902109
2856.6900801086426,-74.14770557550878,-74.14770557550878
2856.7000801086424,-74.14292126126298,-74.14292126126298
2856.7100801086426,-74.13814162078816,-74.13814162078816
2856.7200801086424,-74.133367002977,-74.133367002977
2856.7300801086426,-74.12859775125375,-74.12859775125375
2856.7400801086424,-74.12383420376678,-74.12383420376678
2856.7500801086426,-74.11907669348142,-74.11907669348142
2856.760080108643,-74.11432554832383,-74.11432554832383
2856.7700801086426,-74.1095810912739,-74.1095810912739
2856.780080108643,-74.10484364045298,-74.10484364045298
2856.7900801086425,-74.10011350922649,-74.10011350922649
2856.8000801086428,-74.09539100624019,-74.09539100624019
2856.8100801086425,-74.09067643552682,-74.09067643552682
2856.8200801086427,-74.08597009653361,-74.08597009653361
2856.8300801086425,-74.0812722842055,-74.0812722842055
2856.8400801086427,-74.0765832890192,-74.0765832890192
2856.8500801324844,-74.0719033858966,-74.0719033858966
2856.8600801324847,-74.06723287883966,-74.06723287883966
2856.8700801324844,-74.0625720340467,-74.0625720340467
2856.8800801324846,-74.05792112458997,-74.05792112458997
2856.8900801324844,-74.05328041930873,-74.05328041930873
2856.9000801324846,-74.04865018280951,-74.04865018280951
2856.9100801324844,-74.0440306755504,-74.0440306755504
2856.9200801324846,-74.03942215384652,-74.03942215384652
2856.9300801324844,-74.03482486990482,-74.03482486990482
2856.9400801324846,-74.0302390718635,-74.0302390718635
2856.9500801324843,-74.02566500383993,-74.02566500383993
2856.9600801324846,-74.02110290594436,-74.02110290594436
2856.9700801324843,-74.0165530143354,-74.0165530143354
2856.9800801324845,-74.0120155612342,-74.0120155612342
2856.9900801324843,-74.00749077495941,-74.00749077495941
2857.0000801324845,-74.0029788799901,-74.0029788799901
2857.0100801324843,-73.99848009696224,-73.99848009696224
2857.0200801324845,-73.99399464271877,-73.99399464271877
2857.0300801324843,-73.98952273034448,-73.98952273034448
2857.0400801324845,-73.98506456920539,-73.98506456920539
2857.0500801324843,-73.98062036497,-73.98062036497
2857.0600801324845,-73.97619031965031,-73.97619031965031
2857.0700801324842,-73.97177463164351,-73.97177463164351
2857.0800801324845,-73.96737349575655,-73.96737349575655
2857.090080132484,-73.96298710324095,-73.96298710324095
2857.1000801324844,-73.95861564183676,-73.95861564183676
2857.1100801324847,-73.95425929578961,-73.95425929578961
2857.1200801324844,-73.94991824592056,-73.94991824592056
2857.1300801324846,-73.9455926696019,-73.9455926696019
2857.1400801324844,-73.94128274086394,-73.94128274086394
2857.1500801324846,-73.93698863037108,-73.93698863037108
2857.1600801324844,-73.93271050549532,-73.93271050549532
2857.1700801324846,-73.92844853032577,-73.92844853032577
2857.1800801324844,-73.9242028657171,-73.9242028657171
2857.1900801324846,-73.91997366932043,-73.91997366932043
2857.2000801324843,-73.91576109562455,-73.91576109562455
2857.2100801324846,-73.91156529597791,-73.91156529597791
2857.2200801324843,-73.90738641864297,-73.90738641864297
2857.2300801324845,-73.90322460880752,-73.90322460880752
2857.2400801324843,-73.89908000864783,-73.89908000864783
2857.2500801324845,-73.89495275733036,-73.89495275733036
2857.2600801324843,-73.89084299107725,-73.89084299107725
2857.2700801324845,-73.88675084317802,-73.88675084317802
2857.2800801324843,-73.88267644403918,-73.88267644403918
2857.2900801324845,-73.87861992122048,-73.87861992122048
2857.3000801324843,-73.8745813994334,-73.8745813994334
2857.3100801324845,-73.87056100062858,-73.87056100062858
2857.3200801324842,-73.86655884400034,-73.86655884400034
2857.3300801324845,-73.86257504602393,-73.86257504602393
2857.340080132484,-73.85860972048253,-73.85860972048253
2857.3500801324844,-73.85466297851733,-73.85466297851733
2857.3600801324847,-73.85073492863796,-73.85073492863796
2857.3700801324844,-73.84682567678202,-73.84682567678202
2857.3800801324846,-73.84293532632294,-73.84293532632294
2857.3900801324844,-73.83906397812804,-73.83906397812804
2857.4000801324846,-73.83521173055719,-73.83521173055719
2857.4100801324844,-73.83137867953951,-73.83137867953951
2857.4200801324846,-73.82756491854857,-73.82756491854857
2857.4300801324844,-73.82377053869259,-73.82377053869259
2857.4400801324846,-73.81999562870462,-73.81999562870462
2857.4500801324843,-73.81624027499208,-73.81624027499208
2857.4600801324846,-73.8125045616695,-73.8125045616695
2857.4700801324843,-73.80878857057094,-73.80878857057094
2857.4800801324845,-73.80509238130661,-73.80509238130661
2857.4900801324843,-73.80141607126453,-73.80141607126453
2857.5000801324845,-73.79775971565496,-73.79775971565496
2857.5100801324843,-73.79412338755898,-73.79412338755898
2857.5200801324845,-73.79050715791536,-73.79050715791536
2857.5300801324843,-73.78691109558902,-73.78691109558902
2857.5400801324845,-73.78333526737171,-73.78333526737171
2857.5500801324843,-73.77977973804421,-73.77977973804421
2857.5600801324845,-73.77624457034695,-73.77624457034695
2857.5700801324842,-73.77272982507803,-73.77272982507803
2857.5800801324845,-73.76923556106983,-73.76923556106983
2857.590080132484,-73.76576183524277,-73.76576183524277
2857.6000801324844,-73.76230870260521,-73.76230870260521
2857.6100801324847,-73.75887621631598,-73.75887621631598
2857.6200801324844,-73.75546442769695,-73.75546442769695
2857.6300801324846,-73.75207338623574,-73.75207338623574
2857.6400801324844,-73.74870313964195,-73.74870313964195
2857.6500801324846,-73.74535373387351,-73.74535373387351
2857.6600801324844,-73.74202521313578,-73.74202521313578
2857.6700801324846,-73.73871761991889,-73.73871761991889
2857.6800801324844,-73.73543099504406,-73.73543099504406
2857.6900801324846,-73.7321653776478,-73.7321653776478
2857.7000801563263,-73.72892079752165,-73.72892079752165
2857.7100801563265,-73.72569730608639,-73.72569730608639
2857.7200801563263,-73.72249492983985,-73.72249492983985
2857.7300801563265,-73.7193137015231,-73.7193137015231
2857.7400801563263,-73.71615365233907,-73.71615365233907
2857.7500801563265,-73.71301481195476,-73.71301481195476
2857.7600801563262,-73.70989720855495,-73.70989720855495
2857.7700801563265,-73.70680086883662,-73.70680086883662
2857.780080156326,-73.70372581805545,-73.70372581805545
2857.7900801563264,-73.70067208001946,-73.70067208001946
2857.800080156326,-73.69763967713796,-73.69763967713796
2857.8100801563264,-73.6946286304401,-73.6946286304401
2857.820080156326,-73.69163895956237,-73.69163895956237
2857.8300801563264,-73.68867068281652,-73.68867068281652
2857.840080156326,-73.68572381718567,-73.68572381718567
2857.8500801563264,-73.68279837833596,-73.68279837833596
2857.860080156326,-73.67989438066778,-73.67989438066778
2857.8700801563264,-73.67701183729035,-73.67701183729035
2857.880080156326,-73.67415076008504,-73.67415076008504
2857.8900801563263,-73.67131115969458,-73.67131115969458
2857.900080156326,-73.66849304557424,-73.66849304557424
2857.9100801563263,-73.66569642596242,-73.66569642596242
2857.920080156326,-73.66292130795976,-73.66292130795976
2857.9300801563263,-73.66016769748822,-73.66016769748822
2857.940080156326,-73.65743559934538,-73.65743559934538
2857.9500801563263,-73.65472501721356,-73.65472501721356
2857.9600801563265,-73.65202954426617,-73.65202954426617
2857.9700801563263,-73.64934638189045,-73.64934638189045
2857.9800801563265,-73.64667417089034,-73.64667417089034
2857.9900801563263,-73.64401221655874,-73.64401221655874
2858.0000801563265,-73.641360193396,-73.641360193396
2858.0100801563262,-73.63871799202371,-73.63871799202371
2858.0200801563265,-73.63608562953327,-73.63608562953327
2858.030080156326,-73.6334631957447,-73.6334631957447
2858.0400801563264,-73.63085082089626,-73.63085082089626
2858.050080156326,-73.6282486563128,-73.6282486563128
2858.0600801563264,-73.62565686290628,-73.62565686290628
2858.070080156326,-73.62307560442837,-73.62307560442837
2858.0800801563264,-73.62050504362882,-73.62050504362882
2858.090080156326,-73.61794534014491,-73.61794534014491
2858.1000801563264,-73.6153966494822,-73.6153966494822
2858.110080156326,-73.61285912259589,-73.61285912259589
2858.1200801563264,-73.61033290584311,-73.61033290584311
2858.130080156326,-73.607818141135,-73.607818141135
2858.1400801563263,-73.60531496620331,-73.60531496620331
2858.150080156326,-73.60282351489774,-73.60282351489774
2858.1600801563263,-73.60034391748042,-73.60034391748042
2858.170080156326,-73.59787630093682,-73.59787630093682
2858.1800801563263,-73.59542078920691,-73.59542078920691
2858.190080156326,-73.59297750345829,-73.59297750345829
2858.2000801563263,-73.59054656228594,-73.59054656228594
2858.2100801563265,-73.5881280818938,-73.5881280818938
2858.2200801563263,-73.5857221762408,-73.5857221762408
2858.2300801563265,-73.58332895719703,-73.58332895719703
2858.2400801563263,-73.58094853464091,-73.58094853464091
2858.2500801563265,-73.57858101654328,-73.57858101654328
2858.2600801563262,-73.5762265090727,-73.5762265090727
2858.2700801563265,-73.57388511665802,-73.57388511665802
2858.280080156326,-73.5715569420274,-73.5715569420274
2858.2900801563264,-73.56924208625212,-73.56924208625212
2858.300080156326,-73.56694064879761,-73.56694064879761
2858.3100801563264,-73.56465272755956,-73.56465272755956
2858.320080156326,-73.56237841886919,-73.56237841886919
2858.3300801563264,-73.56011781751145,-73.56011781751145
2858.340080156326,-73.55787101676653,-73.55787101676653
2858.3500801563264,-73.55563810839061,-73.55563810839061
2858.360080156326,-73.55341918266627,-73.55341918266627
2858.3700801563264,-73.55121432835497,-73.55121432835497
2858.380080156326,-73.54902363275951,-73.54902363275951
2858.3900801563263,-73.54684718169123,-73.54684718169123
2858.400080156326,-73.54468505948405,-73.54468505948405
2858.4100801563263,-73.54253734900252,-73.54253734900252
2858.420080156326,-73.54040413164344,-73.54040413164344
2858.4300801563263,-73.5382854873298,-73.5382854873298
2858.440080156326,-73.53618149453902,-73.53618149453902
2858.4500801563263,-73.53409223024963,-73.53409223024963
2858.4600801563265,-73.5320177700039,-73.5320177700039
2858.4700801563263,-73.52995818788544,-73.52995818788544
2858.4800801563265,-73.52791355650034,-73.52791355650034
2858.4900801563263,-73.52588394702263,-73.52588394702263
2858.5000801563265,-73.5238694291496,-73.5238694291496
2858.5100801563262,-73.52187007114476,-73.52187007114476
2858.5200801563265,-73.51988593983138,-73.51988593983138
2858.530080156326,-73.51791710056607,-73.51791710056607
2858.5400801563264,-73.51596361729,-73.51596361729
2858.550080180168,-73.51402554789742,-73.51402554789742
2858.5600801801684,-73.51210296273727,-73.51210296273727
2858.570080180168,-73.51019591677938,-73.51019591677938
2858.5800801801684,-73.50830446825437,-73.50830446825437
2858.590080180168,-73.50642867399353,-73.50642867399353
2858.6000801801683,-73.50456858940639,-73.50456858940639
2858.610080180168,-73.50272426850778,-73.50272426850778
2858.6200801801683,-73.50089576393574,-73.50089576393574
2858.630080180168,-73.49908312693363,-73.49908312693363
2858.6400801801683,-73.49728640736497,-73.49728640736497
2858.650080180168,-73.49550565374884,-73.49550565374884
2858.6600801801683,-73.49374091321393,-73.49374091321393
2858.670080180168,-73.49199223157186,-73.49199223157186
2858.6800801801683,-73.49025965328026,-73.49025965328026
2858.690080180168,-73.48854322146786,-73.48854322146786
2858.7000801801682,-73.48684297794946,-73.48684297794946
2858.710080180168,-73.48515896322415,-73.48515896322415
2858.720080180168,-73.48349121649738,-73.48349121649738
2858.730080180168,-73.48183977569089,-73.48183977569089
2858.740080180168,-73.4802046774342,-73.4802046774342
2858.750080180168,-73.47858595709897,-73.47858595709897
2858.760080180168,-73.47698364880145,-73.47698364880145
2858.770080180168,-73.47539778541936,-73.47539778541936
2858.780080180168,-73.473828398589,-73.473828398589
2858.790080180168,-73.47227551873796,-73.47227551873796
2858.800080180168,-73.4707391750812,-73.4707391750812
2858.8100801801684,-73.46921939562172,-73.46921939562172
2858.820080180168,-73.46771620719262,-73.46771620719262
2858.8300801801684,-73.46622963546483,-73.46622963546483
2858.840080180168,-73.46475970492939,-73.46475970492939
2858.8500801801683,-73.46330643893558,-73.46330643893558
2858.860080180168,-73.46186985970981,-73.46186985970981
2858.8700801801683,-73.46044998833744,-73.46044998833744
2858.880080180168,-73.45904684481296,-73.45904684481296
2858.8900801801683,-73.45766044801339,-73.45766044801339
2858.900080180168,-73.45629081574923,-73.45629081574923
2858.9100801801683,-73.45493796474416,-73.45493796474416
2858.920080180168,-73.45360191067891,-73.45360191067891
2858.9300801801683,-73.45228266817354,-73.45228266817354
2858.940080180168,-73.45098025082184,-73.45098025082184
2858.9500801801682,-73.4496946711957,-73.4496946711957
2858.960080180168,-73.4484259408513,-73.4484259408513
2858.970080180168,-73.44717407035532,-73.44717407035532
2858.980080180168,-73.44593906929624,-73.44593906929624
2858.990080180168,-73.44472094628263,-73.44472094628263
2859.000080180168,-73.44351970898106,-73.44351970898106
2859.010080180168,-73.44233536408998,-73.44233536408998
2859.020080180168,-73.44116791738786,-73.44116791738786
2859.030080180168,-73.44001737373861,-73.44001737373861
2859.040080180168,-73.43888373708407,-73.43888373708407
2859.050080180168,-73.43776701048525,-73.43776701048525
2859.0600801801684,-73.4366671961103,-73.4366671961103
2859.070080180168,-73.43558429526071,-73.43558429526071
2859.0800801801684,-73.43451830837921,-73.43451830837921
2859.090080180168,-73.43346923506732,-73.43346923506732
2859.1000801801683,-73.43243707407821,-73.43243707407821
2859.110080180168,-73.43142182335697,-73.43142182335697
2859.1200801801683,-73.43042348003227,-73.43042348003227
2859.130080180168,-73.42944204043314,-73.42944204043314
2859.1400801801683,-73.42847750010255,-73.42847750010255
2859.150080180168,-73.42752985380649,-73.42752985380649
2859.1600801801683,-73.42659909555546,-73.42659909555546
2859.170080180168,-73.42568521859705,-73.42568521859705
2859.1800801801683,-73.42478821544624,-73.42478821544624
2859.190080180168,-73.42390807787632,-73.42390807787632
2859.2000801801682,-73.42304479695116,-73.42304479695116
2859.210080180168,-73.42219836303293,-73.42219836303293
2859.220080180168,-73.42136876577311,-73.42136876577311
2859.230080180168,-73.42055599415193,-73.42055599415193
2859.240080180168,-73.41976003646897,-73.41976003646897
2859.250080180168,-73.41898088034573,-73.41898088034573
2859.260080180168,-73.41821851277895,-73.41821851277895
2859.270080180168,-73.41747292009845,-73.41747292009845
2859.280080180168,-73.41674408800858,-73.41674408800858
2859.290080180168,-73.41603200159668,-73.41603200159668
2859.300080180168,-73.4153366453334,-73.4153366453334
2859.3100801801684,-73.41465800308212,-73.41465800308212
2859.320080180168,-73.41399605811894,-73.41399605811894
2859.3300801801684,-73.41335079314561,-73.41335079314561
2859.340080180168,-73.41272219027809,-73.41272219027809
2859.3500801801683,-73.4121102310694,-73.4121102310694
2859.360080180168,-73.41151489653171,-73.41151489653171
2859.3700801801683,-73.41093616711997,-73.41093616711997
2859.380080180168,-73.4103740227605,-73.4103740227605
2859.3900801801683,-73.40982844284979,-73.40982844284979
2859.40008020401,-73.40929940502053,-73.40929940502053
2859.4100802040102,-73.40878689022519,-73.40878689022519
2859.42008020401,-73.40829087500428,-73.40829087500428
2859.43008020401,-73.40781133675242,-73.40781133675242
2859.44008020401,-73.40734825238302,-73.40734825238302
2859.45008020401,-73.40690159832417,-73.40690159832417
2859.46008020401,-73.40647135055454,-73.40647135055454
2859.47008020401,-73.40605748458026,-73.40605748458026
2859.48008020401,-73.40565997546908,-73.40565997546908
2859.49008020401,-73.40527879784848,-73.40527879784848
2859.50008020401,-73.40491392591328,-73.40491392591328
2859.51008020401,-73.40456533343792,-73.40456533343792
2859.52008020401,-73.40423299377862,-73.40423299377862
2859.53008020401,-73.40391687988382,-73.40391687988382
2859.54008020401,-73.40361696430557,-73.40361696430557
2859.55008020401,-73.40333321919341,-73.40333321919341
2859.56008020401,-73.4030656163195,-73.4030656163195
2859.57008020401,-73.40281412708025,-73.40281412708025
2859.58008020401,-73.402578722509,-73.402578722509
2859.59008020401,-73.40235937325315,-73.40235937325315
2859.60008020401,-73.4021560496244,-73.4021560496244
2859.61008020401,-73.40196872157675,-73.40196872157675
2859.62008020401,-73.40179735871307,-73.40179735871307
2859.63008020401,-73.40164193032145,-73.40164193032145
2859.64008020401,-73.4015024053467,-73.4015024053467
2859.65008020401,-73.40137875241983,-73.40137875241983
2859.6600802040102,-73.40127093984889,-73.40127093984889
2859.67008020401,-73.40117893563504,-73.40117893563504
2859.68008020401,-73.40110270747918,-73.40110270747918
2859.69008020401,-73.40104222278796,-73.40104222278796
2859.70008020401,-73.40099744866525,-73.40099744866525
2859.71008020401,-73.40096195689617,-73.40096195689617
2859.72008020401,-73.40093291632883,-73.40093291632883
2859.73008020401,-73.40090893213606,-73.40090893213606
2859.74008020401,-73.40088927343473,-73.40088927343473
2859.75008020401,-73.40087357885133,-73.40087357885133
2859.76008020401,-73.40086170376017,-73.40086170376017
2859.77008020401,-73.40085363082575,-73.40085363082575
2859.78008020401,-73.40084941628668,-73.40084941628668
2859.79008020401,-73.40084915771344,-73.40084915771344
2859.80008020401,-73.4008529746395,-73.4008529746395
2859.81008020401,-73.40086099703682,-73.40086099703682
2859.82008020401,-73.40087335857906,-73.40087335857906
2859.83008020401,-73.40089019275679,-73.40089019275679
2859.84008020401,-73.40091163074247,-73.40091163074247
2859.85008020401,-73.4009378003459,-73.4009378003459
2859.86008020401,-73.40096882558466,-73.40096882558466
2859.87008020401,-73.40100482661938,-73.40100482661938
2859.88008020401,-73.40104591988418,-73.40104591988418
2859.89008020401,-73.40109221834601,-73.40109221834601
2859.90008020401,-73.40114383176125,-73.40114383176125
2859.9100802040102,-73.40120086700543,-73.40120086700543
2859.92008020401,-73.40126342829808,-73.40126342829808
2859.93008020401,-73.40133161751876,-73.40133161751876
2859.94008020401,-73.40140553439133,-73.40140553439133
2859.95008020401,-73.40148527670421,-73.40148527670421
2859.96008020401,-73.40157094046788,-73.40157094046788
2859.97008020401,-73.40166262006902,-73.40166262006902
2859.98008020401,-73.40176040840326,-73.40176040840326
2859.99008020401,-73.40186439696703,-73.40186439696703
2860.00008020401,-73.4019746759491,-73.4019746759491
2860.01008020401,-73.4020913342919,-73.4020913342919
2860.02008020401,-73.4022144597574,-73.4022144597574
2860.03008020401,-73.4023441389805,-73.4023441389805
2860.04008020401,-73.40248045748565,-73.40248045748565
2860.05008020401,-73.40262349973625,-73.40262349973625
2860.06008020401,-73.40277334914357,-73.40277334914357
2860.07008020401,-73.40293008808014,-73.40293008808014
2860.08008020401,-73.40309379791184,-73.40309379791184
2860.09008020401,-73.40326455898398,-73.40326455898398
2860.10008020401,-73.40344245063707,-73.40344245063707
2860.11008020401,-73.4036275512035,-73.4036275512035
2860.12008020401,-73.40381993801965,-73.40381993801965
2860.13008020401,-73.40401968741389,-73.40401968741389
2860.14008020401,-73.4042268746976,-73.4042268746976
2860.15008020401,-73.404441574181,-73.404441574181
2860.1600802040102,-73.40466385915248,-73.40466385915248
2860.17008020401,-73.40489380188843,-73.40489380188843
2860.18008020401,-73.40513147363241,-73.40513147363241
2860.19008020401,-73.40537694460606,-73.40537694460606
2860.20008020401,-73.4056302839902,-73.4056302839902
2860.21008020401,-73.4058915599382,-73.4058915599382
2860.22008020401,-73.4061608395491,-73.4061608395491
2860.23008020401,-73.40643818887516,-73.40643818887516
2860.24008020401,-73.40672367292449,-73.40672367292449
2860.250080227852,-73.40701735634254,-73.40701735634254
2860.260080227852,-73.40731930065832,-73.40731930065832
2860.270080227852,-73.4076295683568,-73.4076295683568
2860.280080227852,-73.40794822021127,-73.40794822021127
2860.290080227852,-73.40827531593287,-73.40827531593287
2860.300080227852,-73.40861091415161,-73.40861091415161
2860.310080227852,-73.40895507244497,-73.40895507244497
2860.320080227852,-73.40930784731421,-73.40930784731421
2860.330080227852,-73.40966929419223,-73.40966929419223
2860.340080227852,-73.41003946745316,-73.41003946745316
2860.350080227852,-73.41041842040039,-73.41041842040039
2860.360080227852,-73.41080620527698,-73.41080620527698
2860.3700802278518,-73.4112028732607,-73.4112028732607
2860.380080227852,-73.4116084744786,-73.4116084744786
2860.3900802278517,-73.41202305798735,-73.41202305798735
2860.400080227852,-73.41244667180331,-73.41244667180331
2860.4100802278517,-73.41287936288448,-73.41287936288448
2860.420080227852,-73.41332117714776,-73.41332117714776
2860.4300802278517,-73.41377215946714,-73.41377215946714
2860.440080227852,-73.41423235368633,-73.41423235368633
2860.4500802278517,-73.41470180261038,-73.41470180261038
2860.460080227852,-73.41517415004294,-73.41517415004294
2860.4700802278517,-73.41564663691113,-73.41564663691113
2860.480080227852,-73.41611794028414,-73.41611794028414
2860.4900802278516,-73.41658740087547,-73.41658740087547
2860.500080227852,-73.41705472846792,-73.41705472846792
2860.510080227852,-73.41751984911417,-73.41751984911417
2860.520080227852,-73.41798281558297,-73.41798281558297
2860.530080227852,-73.41844375363263,-73.41844375363263
2860.540080227852,-73.41890282971374,-73.41890282971374
2860.550080227852,-73.41936023160177,-73.41936023160177
2860.560080227852,-73.41981615685982,-73.41981615685982
2860.570080227852,-73.42027080605881,-73.42027080605881
2860.580080227852,-73.42072437891056,-73.42072437891056
2860.590080227852,-73.4211770721407,-73.4211770721407
2860.600080227852,-73.4216290784112,-73.4216290784112
2860.610080227852,-73.42208058590286,-73.42208058590286
2860.6200802278518,-73.42253177826048,-73.42253177826048
2860.630080227852,-73.42298283470602,-73.42298283470602
2860.6400802278517,-73.42343393030882,-73.42343393030882
2860.650080227852,-73.42388523624705,-73.42388523624705
2860.6600802278517,-73.4243369201272,-73.4243369201272
2860.670080227852,-73.42478914625279,-73.42478914625279
2860.6800802278517,-73.42524207586955,-73.42524207586955
2860.690080227852,-73.42569586742141,-73.42569586742141
2860.7000802278517,-73.42615067674399,-73.42615067674399
2860.710080227852,-73.42660025829416,-73.42660025829416
2860.7200802278517,-73.42704196304969,-73.42704196304969
2860.730080227852,-73.42747457734244,-73.42747457734244
2860.7400802278516,-73.4278975503123,-73.4278975503123
2860.750080227852,-73.42831069936426,-73.42831069936426
2860.760080227852,-73.42871405737398,-73.42871405737398
2860.770080227852,-73.42910778319298,-73.42910778319298
2860.780080227852,-73.42949210793266,-73.42949210793266
2860.790080227852,-73.42986730268136,-73.42986730268136
2860.800080227852,-73.43023365915433,-73.43023365915433
2860.810080227852,-73.43059147818174,-73.43059147818174
2860.820080227852,-73.43094106292098,-73.43094106292098
2860.830080227852,-73.43128271500744,-73.43128271500744
2860.840080227852,-73.43161673241016,-73.43161673241016
2860.850080227852,-73.43194340838137,-73.43194340838137
2860.860080227852,-73.43226303101206,-73.43226303101206
2860.8700802278518,-73.43257588317384,-73.43257588317384
2860.880080227852,-73.43288224264508,-73.43288224264508
2860.8900802278517,-73.43318238235724,-73.43318238235724
2860.900080227852,-73.43347657066519,-73.43347657066519
2860.9100802278517,-73.43376507163357,-73.43376507163357
2860.920080227852,-73.43404814530226,-73.43404814530226
2860.9300802278517,-73.43432604795473,-73.43432604795473
2860.940080227852,-73.43459903232848,-73.43459903232848
2860.9500802278517,-73.43486734780322,-73.43486734780322
2860.960080227852,-73.43513124058518,-73.43513124058518
2860.9700802278517,-73.43539095382923,-73.43539095382923
2860.980080227852,-73.43564672778173,-73.43564672778173
2860.9900802278516,-73.43589879985252,-73.43589879985252
2861.000080227852,-73.43614740473244,-73.43614740473244
2861.010080227852,-73.43639277442007,-73.43639277442007
2861.020080227852,-73.43663513831716,-73.43663513831716
2861.030080227852,-73.43687472323936,-73.43687472323936
2861.040080227852,-73.43711175348818,-73.43711175348818
2861.050080227852,-73.43734645083426,-73.43734645083426
2861.060080227852,-73.43757903459179,-73.43757903459179
2861.070080227852,-73.43780972157509,-73.43780972157509
2861.080080227852,-73.4380387261821,-73.4380387261821
2861.090080227852,-73.43826626033271,-73.43826626033271
2861.1000802516937,-73.438492534072,-73.438492534072
2861.110080251694,-73.43871775339747,-73.43871775339747
2861.1200802516937,-73.43894212347286,-73.43894212347286
2861.130080251694,-73.43916584653618,-73.43916584653618
2861.1400802516937,-73.43938912236852,-73.43938912236852
2861.150080251694,-73.4396121483519,-73.4396121483519
2861.1600802516937,-73.4398351194389,-73.4398351194389
2861.170080251694,-73.4400582281702,-73.4400582281702
2861.1800802516937,-73.44028166466266,-73.44028166466266
2861.190080251694,-73.44050561662478,-73.44050561662478
2861.2000802516936,-73.44073026935133,-73.44073026935133
2861.210080251694,-73.44095580572434,-73.44095580572434
2861.2200802516936,-73.44118240622495,-73.44118240622495
2861.230080251694,-73.44141024892136,-73.44141024892136
2861.2400802516936,-73.44163950949454,-73.44163950949454
2861.250080251694,-73.44187036122575,-73.44187036122575
2861.2600802516936,-73.442102975004,-73.442102975004
2861.270080251694,-73.44233751934534,-73.44233751934534
2861.2800802516936,-73.4425741603893,-73.4425741603893
2861.290080251694,-73.44281306189222,-73.44281306189222
2861.3000802516935,-73.44305438528822,-73.44305438528822
2861.3100802516938,-73.44329828962042,-73.44329828962042
2861.3200802516935,-73.44354493162278,-73.44354493162278
2861.3300802516937,-73.44379446569135,-73.44379446569135
2861.3400802516935,-73.44404704389801,-73.44404704389801
2861.3500802516937,-73.44430281601923,-73.44430281601923
2861.360080251694,-73.4445619295329,-73.4445619295329
2861.3700802516937,-73.44482452963301,-73.44482452963301
2861.380080251694,-73.44509075924864,-73.44509075924864
2861.3900802516937,-73.44536075905543,-73.44536075905543
2861.400080251694,-73.44563466748953,-73.44563466748953
2861.4100802516937,-73.44591262077232,-73.44591262077232
2861.420080251694,-73.44619475289585,-73.44619475289585
2861.4300802516937,-73.44648119568204,-73.44648119568204
2861.440080251694,-73.44677207875188,-73.44677207875188
2861.4500802516936,-73.44706752958727,-73.44706752958727
2861.460080251694,-73.44736127321274,-73.44736127321274
2861.4700802516936,-73.44765063264852,-73.44765063264852
2861.480080251694,-73.44793436698214,-73.44793436698214
2861.4900802516936,-73.44821189844852,-73.44821189844852
2861.500080251694,-73.44848301764581,-73.44848301764581
2861.5100802516936,-73.44874773060137,-73.44874773060137
2861.520080251694,-73.44900616916182,-73.44900616916182
2861.5300802516936,-73.44925853715613,-73.44925853715613
2861.540080251694,-73.44950507807468,-73.44950507807468
2861.5500802516935,-73.44974605569777,-73.44974605569777
2861.5600802516938,-73.44998174250249,-73.44998174250249
2861.5700802516935,-73.45021241293878,-73.45021241293878
2861.5800802516937,-73.45043833951495,-73.45043833951495
2861.5900802516935,-73.45065979069726,-73.45065979069726
2861.6000802516937,-73.45087702985782,-73.45087702985782
2861.610080251694,-73.45109031485795,-73.45109031485795
2861.6200802516937,-73.45129989798511,-73.45129989798511
2861.630080251694,-73.45150602611902,-73.45150602611902
2861.6400802516937,-73.45170894099795,-73.45170894099795
2861.650080251694,-73.45190887949589,-73.45190887949589
2861.6600802516937,-73.45210607395016,-73.45210607395016
2861.670080251694,-73.45230075244586,-73.45230075244586
2861.6800802516937,-73.45249313910419,-73.45249313910419
2861.690080251694,-73.45268345429436,-73.45268345429436
2861.7000802516936,-73.4528719148999,-73.4528719148999
2861.710080251694,-73.45305873447292,-73.45305873447292
2861.7200802516936,-73.453244123394,-73.453244123394
2861.730080251694,-73.45342828904255,-73.45342828904255
2861.7400802516936,-73.45361143589956,-73.45361143589956
2861.750080251694,-73.45379376564445,-73.45379376564445
2861.7600802516936,-73.45397547726377,-73.45397547726377
2861.770080251694,-73.45415676710189,-73.45415676710189
2861.7800802516936,-73.4543378289396,-73.4543378289396
2861.790080251694,-73.45451885403905,-73.45451885403905
2861.8000802516935,-73.45470003119307,-73.45470003119307
2861.8100802516938,-73.45488154675357,-73.45488154675357
2861.8200802516935,-73.45506358469211,-73.45506358469211
2861.8300802516937,-73.45524632658481,-73.45524632658481
2861.8400802516935,-73.45542995168081,-73.45542995168081
2861.8500802516937,-73.45561463689229,-73.45561463689229
2861.860080251694,-73.45580055682503,-73.45580055682503
2861.8700802516937,-73.45598788379345,-73.45598788379345
2861.880080251694,-73.45617678782853,-73.45617678782853
2861.8900802516937,-73.45636743669415,-73.45636743669415
2861.900080251694,-73.45655999590345,-73.45655999590345
2861.9100802516937,-73.45675462873052,-73.45675462873052
2861.920080251694,-73.45695149622257,-73.45695149622257
2861.9300802516937,-73.45715075718292,-73.45715075718292
2861.940080251694,-73.45735256822738,-73.45735256822738
2861.9500802755356,-73.45755708424197,-73.45755708424197
2861.960080275536,-73.45775805551331,-73.45775805551331
2861.9700802755356,-73.45795283256041,-73.45795283256041
2861.980080275536,-73.45814020174684,-73.45814020174684
2861.9900802755355,-73.45831961275294,-73.45831961275294
2862.0000802755358,-73.45849088369908,-73.45849088369908
2862.0100802755355,-73.45865404813263,-73.45865404813263
2862.0200802755357,-73.45880926534333,-73.45880926534333
2862.0300802755355,-73.45895676652577,-73.45895676652577
2862.0400802755357,-73.4590968223976,-73.4590968223976
2862.0500802755355,-73.45922972381916,-73.45922972381916
2862.0600802755357,-73.45935577018511,-73.45935577018511
2862.0700802755355,-73.45947526268112,-73.45947526268112
2862.0800802755357,-73.4595885003644,-73.4595885003644
2862.0900802755355,-73.45969577806177,-73.45969577806177
2862.1000802755357,-73.45979738531086,-73.45979738531086
2862.1100802755354,-73.45989360592874,-73.45989360592874
2862.1200802755357,-73.45998471796727,-73.45998471796727
2862.1300802755354,-73.46007099386348,-73.46007099386348
2862.1400802755356,-73.46015270068378,-73.46015270068378
2862.1500802755354,-73.46023010044172,-73.46023010044172
2862.1600802755356,-73.46030345038788,-73.46030345038788
2862.1700802755354,-73.46037300331213,-73.46037300331213
2862.1800802755356,-73.46043900782078,-73.46043900782078
2862.1900802755354,-73.46050170855557,-73.46050170855557
2862.2000802755356,-73.46056134643635,-73.46056134643635
2862.210080275536,-73.4606117581358,-73.4606117581358
2862.2200802755356,-73.46065037817527,-73.46065037817527
2862.230080275536,-73.46067607652792,-73.46067607652792
2862.2400802755355,-73.46068838559931,-73.46068838559931
2862.2500802755358,-73.46068720545213,-73.46068720545213
2862.2600802755355,-73.46067265080927,-73.46067265080927
2862.2700802755357,-73.46064496142802,-73.46064496142802
2862.2800802755355,-73.4606044482965,-73.4606044482965
2862.2900802755357,-73.46055146129962,-73.46055146129962
2862.3000802755355,-73.4604863698072,-73.4604863698072
2862.3100802755357,-73.46040955116129,-73.46040955116129
2862.3200802755355,-73.46032138389077,-73.46032138389077
2862.3300802755357,-73.46022224384326,-73.46022224384326
2862.3400802755355,-73.46011250206243,-73.46011250206243
2862.3500802755357,-73.45999252374851,-73.45999252374851
2862.3600802755354,-73.45986266784999,-73.45986266784999
2862.3700802755357,-73.45972328697606,-73.45972328697606
2862.3800802755354,-73.45957472759896,-73.45957472759896
2862.3900802755356,-73.45941733025296,-73.45941733025296
2862.4000802755354,-73.4592514298848,-73.4592514298848
2862.4100802755356,-73.45907735612249,-73.45907735612249
2862.4200802755354,-73.45889543356658,-73.45889543356658
2862.4300802755356,-73.4587059820716,-73.4587059820716
2862.4400802755354,-73.45850931697527,-73.45850931697527
2862.4500802755356,-73.45830574929947,-73.45830574929947
2862.460080275536,-73.45809558595755,-73.45809558595755
2862.4700802755356,-73.45787912988612,-73.45787912988612
2862.480080275536,-73.45765668020059,-73.45765668020059
2862.4900802755355,-73.45742853229429,-73.45742853229429
2862.5000802755358,-73.45719497793974,-73.45719497793974
2862.5100802755355,-73.45695630536268,-73.45695630536268
2862.5200802755357,-73.45671279932499,-73.45671279932499
2862.5300802755355,-73.45646474117278,-73.45646474117278
2862.5400802755357,-73.45621240888329,-73.45621240888329
2862.5500802755355,-73.45595607711816,-73.45595607711816
2862.5600802755357,-73.45569601723165,-73.45569601723165
2862.5700802755355,-73.455432497323,-73.455432497323
2862.5800802755357,-73.45516578225306,-73.45516578225306
2862.5900802755355,-73.4548961336636,-73.4548961336636
2862.6000802755357,-73.45462381000218,-73.45462381000218
2862.6100802755354,-73.45434906652618,-73.45434906652618
2862.6200802755357,-73.4540721553317,-73.4540721553317
2862.6300802755354,-73.45379332535538,-73.45379332535538
2862.6400802755356,-73.45351282239055,-73.45351282239055
2862.6500802755354,-73.45323088910918,-73.45323088910918
2862.6600802755356,-73.45294776504866,-73.45294776504866
2862.6700802755354,-73.45266368664625,-73.45266368664625
2862.6800802755356,-73.45237888724309,-73.45237888724309
2862.6900802755354,-73.45209359709469,-73.45209359709469
2862.7000802755356,-73.4518080433714,-73.4518080433714
2862.710080275536,-73.45152245019543,-73.45152245019543
2862.7200802755356,-73.45123703863254,-73.45123703863254
2862.730080275536,-73.45095202671246,-73.45095202671246
2862.7400802755355,-73.45066762943962,-73.45066762943962
2862.7500802755358,-73.45038405881304,-73.45038405881304
2862.7600802755355,-73.45010152382453,-73.45010152382453
2862.7700802755357,-73.44982023049435,-73.44982023049435
2862.7800802755355,-73.44954038188028,-73.44954038188028
2862.7900802755357,-73.44926217808792,-73.44926217808792
2862.8000802993774,-73.44898581563498,-73.44898581563498
2862.8100802993777,-73.44871149010564,-73.44871149010564
2862.8200802993774,-73.44843939219206,-73.44843939219206
2862.8300802993776,-73.44816971038955,-73.44816971038955
2862.8400802993774,-73.44790263031543,-73.44790263031543
2862.8500802993776,-73.44763833475629,-73.44763833475629
2862.8600802993774,-73.44737700368282,-73.44737700368282
2862.8700802993776,-73.44711881426203,-73.44711881426203
2862.8800802993774,-73.44686394088913,-73.44686394088913
2862.8900802993776,-73.44661255519196,-73.44661255519196
2862.9000802993774,-73.44636482606847,-73.44636482606847
2862.9100802993776,-73.44612091970434,-73.44612091970434
2862.9200802993773,-73.44588099960049,-73.44588099960049
2862.9300802993776,-73.4456452265801,-73.4456452265801
2862.9400802993773,-73.44541375881793,-73.44541375881793
2862.9500802993775,-73.44518675188974,-73.44518675188974
2862.9600802993773,-73.44496435875082,-73.44496435875082
2862.9700802993775,-73.44474672978761,-73.44474672978761
2862.9800802993773,-73.44453401284254,-73.44453401284254
2862.9900802993775,-73.44432635323757,-73.44432635323757
2863.0000802993773,-73.44412389377902,-73.44412389377902
2863.0100802993775,-73.44392677480465,-73.44392677480465
2863.0200802993772,-73.44373513421218,-73.44373513421218
2863.0300802993775,-73.44354910744549,-73.44354910744549
2863.040080299377,-73.4433688275715,-73.4433688275715
2863.0500802993774,-73.4431944252698,-73.4431944252698
2863.0600802993777,-73.44302602887002,-73.44302602887002
2863.0700802993774,-73.44286376437465,-73.44286376437465
2863.0800802993776,-73.44270775549255,-73.44270775549255
2863.0900802993774,-73.44255812365064,-73.44255812365064
2863.1000802993776,-73.44241498802762,-73.44241498802762
2863.1100802993774,-73.44227846557499,-73.44227846557499
2863.1200802993776,-73.4421486710429,-73.4421486710429
2863.1300802993774,-73.44202571701045,-73.44202571701045
2863.1400802993776,-73.4419097139039,-73.4419097139039
2863.1500802993774,-73.44180077003354,-73.44180077003354
2863.1600802993776,-73.44169899160154,-73.44169899160154
2863.1700802993773,-73.44160448273946,-73.44160448273946
2863.1800802993776,-73.44151734552793,-73.44151734552793
2863.1900802993773,-73.44143768002701,-73.44143768002701
2863.2000802993775,-73.44136558429447,-73.44136558429447
2863.2100802993773,-73.44130115440987,-73.44130115440987
2863.2200802993775,-73.44124448450667,-73.44124448450667
2863.2300802993773,-73.44119566679221,-73.44119566679221
2863.2400802993775,-73.44115479155955,-73.44115479155955
2863.2500802993773,-73.44112194724256,-73.44112194724256
2863.2600802993775,-73.44109722040666,-73.44109722040666
2863.2700802993772,-73.4410806957966,-73.4410806957966
2863.2800802993775,-73.44107245633386,-73.44107245633386
2863.290080299377,-73.44107258318668,-73.44107258318668
2863.3000802993774,-73.44108115572492,-73.44108115572492
2863.3100802993777,-73.44109825160726,-73.44109825160726
2863.3200802993774,-73.44112394677806,-73.44112394677806
2863.3300802993776,-73.44115831548262,-73.44115831548262
2863.3400802993774,-73.44120143029188,-73.44120143029188
2863.3500802993776,-73.44125336214171,-73.44125336214171
2863.3600802993774,-73.44131418033456,-73.44131418033456
2863.3700802993776,-73.44138395257862,-73.44138395257862
2863.3800802993774,-73.44146274499843,-73.44146274499843
2863.3900802993776,-73.44155062215302,-73.44155062215302
2863.4000802993774,-73.44164764707878,-73.44164764707878
2863.4100802993776,-73.44175388127789,-73.44175388127789
2863.4200802993773,-73.44186938476966,-73.44186938476966
2863.4300802993776,-73.4419942160983,-73.4419942160983
2863.4400802993773,-73.4421284323436,-73.4421284323436
2863.4500802993775,-73.44227208916098,-73.44227208916098
2863.4600802993773,-73.44242524079094,-73.44242524079094
2863.4700802993775,-73.44258794007871,-73.44258794007871
2863.4800802993773,-73.44276023849896,-73.44276023849896
2863.4900802993775,-73.44294218615772,-73.44294218615772
2863.5000802993773,-73.44313383184934,-73.44313383184934
2863.5100802993775,-73.44333522303516,-73.44333522303516
2863.5200802993772,-73.44354640588283,-73.44354640588283
2863.5300802993775,-73.44376742528604,-73.44376742528604
2863.540080299377,-73.44399832487223,-73.44399832487223
2863.5500802993774,-73.44423914703033,-73.44423914703033
2863.5600802993777,-73.44448993292933,-73.44448993292933
2863.5700802993774,-73.44475072252409,-73.44475072252409
2863.5800802993776,-73.44502155458244,-73.44502155458244
2863.5900802993774,-73.44530246671388,-73.44530246671388
2863.6000802993776,-73.44559349535733,-73.44559349535733
2863.6100802993774,-73.44589467582672,-73.44589467582672
2863.6200802993776,-73.44620604231164,-73.44620604231164
2863.6300802993774,-73.44652762789912,-73.44652762789912
2863.6400802993776,-73.44685946458647,-73.44685946458647
2863.6500803232193,-73.44720158411987,-73.44720158411987
2863.6600803232195,-73.44755401478332,-73.44755401478332
2863.6700803232193,-73.44791678618203,-73.44791678618203
2863.6800803232195,-73.44828992613215,-73.44828992613215
2863.6900803232193,-73.44867346143944,-73.44867346143944
2863.7000803232195,-73.44906741792116,-73.44906741792116
2863.7100803232192,-73.44947182041179,-73.44947182041179
2863.7200803232195,-73.44988669277242,-73.44988669277242
2863.730080323219,-73.45031205794109,-73.45031205794109
2863.7400803232194,-73.45074793790306,-73.45074793790306
2863.750080323219,-73.45119435372801,-73.45119435372801
2863.7600803232194,-73.45165132557432,-73.45165132557432
2863.770080323219,-73.45211887272713,-73.45211887272713
2863.7800803232194,-73.45259701357264,-73.45259701357264
2863.790080323219,-73.4530857656516,-73.4530857656516
2863.8000803232194,-73.45358514563483,-73.45358514563483
2863.810080323219,-73.4540951693682,-73.4540951693682
2863.8200803232194,-73.4546158518724,-73.4546158518724
2863.830080323219,-73.45514720734599,-73.45514720734599
2863.8400803232194,-73.45568924920353,-73.45568924920353
2863.850080323219,-73.45624199006103,-73.45624199006103
2863.8600803232193,-73.45680544175846,-73.45680544175846
2863.870080323219,-73.4573796153837,-73.4573796153837
2863.8800803232193,-73.45796452126105,-73.45796452126105
2863.890080323219,-73.45856016899211,-73.45856016899211
2863.9000803232193,-73.45916656743493,-73.45916656743493
2863.9100803232195,-73.45978372474383,-73.45978372474383
2863.9200803232193,-73.46041164836582,-73.46041164836582
2863.9300803232195,-73.46105034505302,-73.46105034505302
2863.9400803232193,-73.46169982087737,-73.46169982087737
2863.9500803232195,-73.46236008123405,-73.46236008123405
2863.9600803232192,-73.46303113086445,-73.46303113086445
2863.9700803232195,-73.46371297385414,-73.46371297385414
2863.980080323219,-73.46440561365709,-73.46440561365709
2863.9900803232194,-73.46510905309316,-73.46510905309316
2864.000080323219,-73.4658232943613,-73.4658232943613
2864.0100803232194,-73.46654833905963,-73.46654833905963
2864.020080323219,-73.46728418817186,-73.46728418817186
2864.0300803232194,-73.46803084210893,-73.46803084210893
2864.040080323219,-73.46878830068546,-73.46878830068546
2864.0500803232194,-73.46955656316574,-73.46955656316574
2864.060080323219,-73.47033562823034,-73.47033562823034
2864.0700803232194,-73.4711254940313,-73.4711254940313
2864.080080323219,-73.4719261581608,-73.4719261581608
2864.0900803232194,-73.47273761767771,-73.47273761767771
2864.100080323219,-73.47355986912989,-73.47355986912989
2864.1100803232193,-73.47439290852502,-73.47439290852502
2864.120080323219,-73.47523673138016,-73.47523673138016
2864.1300803232193,-73.47609133271227,-73.47609133271227
2864.140080323219,-73.47695670704687,-73.47695670704687
2864.1500803232193,-73.47783284841103,-73.47783284841103
2864.1600803232195,-73.4787197503773,-73.4787197503773
2864.1700803232193,-73.4796174060411,-73.4796174060411
2864.1800803232195,-73.48052580804396,-73.48052580804396
2864.1900803232193,-73.48144494856588,-73.48144494856588
2864.2000803232195,-73.48237481934959,-73.48237481934959
2864.2100803232192,-73.48331541170572,-73.48331541170572
2864.2200803232195,-73.48426671650178,-73.48426671650178
2864.230080323219,-73.48522872420361,-73.48522872420361
2864.2400803232194,-73.48620142485409,-73.48620142485409
2864.250080323219,-73.48718480807729,-73.48718480807729
2864.2600803232194,-73.48817886311348,-73.48817886311348
2864.270080323219,-73.4891835787968,-73.4891835787968
2864.2800803232194,-73.49019894358992,-73.49019894358992
2864.290080323219,-73.49122494555846,-73.49122494555846
2864.3000803232194,-73.49226157240669,-73.49226157240669
2864.310080323219,-73.49330881145865,-73.49330881145865
2864.3200803232194,-73.49436664969234,-73.49436664969234
2864.330080323219,-73.49543507372961,-73.49543507372961
2864.3400803232194,-73.49651406983975,-73.49651406983975
2864.350080323219,-73.49760362394882,-73.49760362394882
2864.3600803232193,-73.49870372165464,-73.49870372165464
2864.370080323219,-73.49981434821909,-73.49981434821909
2864.3800803232193,-73.50093548857407,-73.50093548857407
2864.390080323219,-73.5020671273511,-73.5020671273511
2864.4000803232193,-73.50320924885003,-73.50320924885003
2864.4100803232195,-73.50436183708206,-73.50436183708206
2864.4200803232193,-73.50552487574092,-73.50552487574092
2864.4300803232195,-73.50669834824323,-73.50669834824323
2864.4400803232193,-73.50788223768956,-73.50788223768956
2864.4500803232195,-73.50907652692766,-73.50907652692766
2864.4600803232192,-73.51028119849447,-73.51028119849447
2864.4700803232195,-73.51149623467025,-73.51149623467025
2864.480080323219,-73.51272161746576,-73.51272161746576
2864.4900803232194,-73.5139573286077,-73.5139573286077
2864.500080347061,-73.51520335256659,-73.51520335256659
2864.5100803470614,-73.51645966465989,-73.51645966465989
2864.520080347061,-73.51772624878285,-73.51772624878285
2864.5300803470614,-73.51900308568271,-73.51900308568271
2864.540080347061,-73.52029015584941,-73.52029015584941
2864.5500803470613,-73.52158743953864,-73.52158743953864
2864.560080347061,-73.52289491677752,-73.52289491677752
2864.5700803470613,-73.5242125673655,-73.5242125673655
2864.580080347061,-73.52554037087386,-73.52554037087386
2864.5900803470613,-73.52687830666106,-73.52687830666106
2864.600080347061,-73.52822635387517,-73.52822635387517
2864.6100803470613,-73.52958449144377,-73.52958449144377
2864.620080347061,-73.53095269809685,-73.53095269809685
2864.6300803470613,-73.53233095236234,-73.53233095236234
2864.640080347061,-73.53371923257046,-73.53371923257046
2864.6500803470612,-73.53511751685794,-73.53511751685794
2864.660080347061,-73.53652578316553,-73.53652578316553
2864.6700803470612,-73.53794400926135,-73.53794400926135
2864.680080347061,-73.53937217271987,-73.53937217271987
2864.690080347061,-73.54081025094297,-73.54081025094297
2864.700080347061,-73.54225822115379,-73.54225822115379
2864.710080347061,-73.54370964768276,-73.54370964768276
2864.720080347061,-73.54516170020634,-73.54516170020634
2864.730080347061,-73.54661298909016,-73.54661298909016
2864.740080347061,-73.54806279131452,-73.54806279131452
2864.750080347061,-73.54951075513334,-73.54951075513334
2864.7600803470614,-73.55095674674507,-73.55095674674507
2864.770080347061,-73.55240076041449,-73.55240076041449
2864.7800803470614,-73.5538428645025,-73.5538428645025
2864.790080347061,-73.55528316898011,-73.55528316898011
2864.8000803470613,-73.5567218059749,-73.5567218059749
2864.810080347061,-73.55815891813285,-73.55815891813285
2864.8200803470613,-73.55959465183628,-73.55959465183628
2864.830080347061,-73.56102915326807,-73.56102915326807
2864.8400803470613,-73.56246256629873,-73.56246256629873
2864.850080347061,-73.5638950313803,-73.5638950313803
2864.8600803470613,-73.56532668514147,-73.56532668514147
2864.870080347061,-73.56675766031577,-73.56675766031577
2864.8800803470613,-73.56818808589469,-73.56818808589469
2864.890080347061,-73.56961808734144,-73.56961808734144
2864.9000803470612,-73.57104778691566,-73.57104778691566
2864.910080347061,-73.57247730394477,-73.57247730394477
2864.9200803470612,-73.57390675513203,-73.57390675513203
2864.930080347061,-73.57533625478824,-73.57533625478824
2864.940080347061,-73.57676591509656,-73.57676591509656
2864.950080347061,-73.57819584628324,-73.57819584628324
2864.960080347061,-73.57962615682536,-73.57962615682536
2864.970080347061,-73.58105695358614,-73.58105695358614
2864.980080347061,-73.58248834193438,-73.58248834193438
2864.990080347061,-73.5839204258729,-73.5839204258729
2865.000080347061,-73.58535330810543,-73.58535330810543
2865.0100803470614,-73.58678709011608,-73.58678709011608
2865.020080347061,-73.58822187224176,-73.58822187224176
2865.0300803470614,-73.5896577537007,-73.5896577537007
2865.040080347061,-73.59109483263893,-73.59109483263893
2865.0500803470613,-73.5925332061679,-73.5925332061679
2865.060080347061,-73.59397297038092,-73.59397297038092
2865.0700803470613,-73.59541422035485,-73.59541422035485
2865.080080347061,-73.59685705019061,-73.59685705019061
2865.0900803470613,-73.59830155301182,-73.59830155301182
2865.100080347061,-73.59974782095443,-73.59974782095443
2865.1100803470613,-73.60119594518444,-73.60119594518444
2865.120080347061,-73.60264601591206,-73.60264601591206
2865.1300803470613,-73.6040981223484,-73.6040981223484
2865.140080347061,-73.60555235274303,-73.60555235274303
2865.1500803470612,-73.60700879437262,-73.60700879437262
2865.160080347061,-73.60846753352028,-73.60846753352028
2865.1700803470612,-73.60992865547223,-73.60992865547223
2865.180080347061,-73.61139224453697,-73.61139224453697
2865.190080347061,-73.61285838402094,-73.61285838402094
2865.200080347061,-73.61432715622804,-73.61432715622804
2865.210080347061,-73.61579864244042,-73.61579864244042
2865.220080347061,-73.61727292293075,-73.61727292293075
2865.230080347061,-73.61875007696331,-73.61875007696331
2865.240080347061,-73.62023018277299,-73.62023018277299
2865.250080347061,-73.62171331756288,-73.62171331756288
2865.2600803470614,-73.6231995575074,-73.6231995575074
2865.270080347061,-73.62468897775176,-73.62468897775176
2865.2800803470614,-73.6261816523943,-73.6261816523943
2865.290080347061,-73.62767765449124,-73.62767765449124
2865.3000803470613,-73.62917705606135,-73.62917705606135
2865.310080347061,-73.63067992808023,-73.63067992808023
2865.3200803470613,-73.63218634047807,-73.63218634047807
2865.330080347061,-73.63369636214392,-73.63369636214392
2865.3400803470613,-73.63521006091082,-73.63521006091082
2865.350080370903,-73.63672750720103,-73.63672750720103
2865.3600803709032,-73.63824875953499,-73.63824875953499
2865.370080370903,-73.63977388622078,-73.63977388622078
2865.380080370903,-73.6413029509163,-73.6413029509163
2865.390080370903,-73.64283601625269,-73.64283601625269
2865.400080370903,-73.64437314381843,-73.64437314381843
2865.410080370903,-73.64591439416958,-73.64591439416958
2865.420080370903,-73.64745982682133,-73.64745982682133
2865.430080370903,-73.64900950027736,-73.64900950027736
2865.440080370903,-73.65056347200644,-73.65056347200644
2865.450080370903,-73.652121798462,-73.652121798462
2865.460080370903,-73.65368453508424,-73.65368453508424
2865.470080370903,-73.65525173630753,-73.65525173630753
2865.480080370903,-73.65682345554734,-73.65682345554734
2865.490080370903,-73.65839974524364,-73.65839974524364
2865.500080370903,-73.65998065682028,-73.65998065682028
2865.510080370903,-73.66156624073828,-73.66156624073828
2865.520080370903,-73.66315654645864,-73.66315654645864
2865.530080370903,-73.66475162248253,-73.66475162248253
2865.540080370903,-73.66635151632867,-73.66635151632867
2865.550080370903,-73.66795627458802,-73.66795627458802
2865.560080370903,-73.66956594285337,-73.66956594285337
2865.570080370903,-73.67118056581,-73.67118056581
2865.580080370903,-73.67280018719029,-73.67280018719029
2865.590080370903,-73.67442484980107,-73.67442484980107
2865.600080370903,-73.67605459551818,-73.67605459551818
2865.6100803709032,-73.67768946531625,-73.67768946531625
2865.620080370903,-73.67932949925225,-73.67932949925225
2865.630080370903,-73.6809747364941,-73.6809747364941
2865.640080370903,-73.68262521531821,-73.68262521531821
2865.650080370903,-73.68428097311435,-73.68428097311435
2865.660080370903,-73.68594204639574,-73.68594204639574
2865.670080370903,-73.68760847083597,-73.68760847083597
2865.680080370903,-73.68928028122882,-73.68928028122882
2865.690080370903,-73.69095751152872,-73.69095751152872
2865.700080370903,-73.69264019485583,-73.69264019485583
2865.710080370903,-73.6943283635002,-73.6943283635002
2865.720080370903,-73.69602204892794,-73.69602204892794
2865.730080370903,-73.69772128178975,-73.69772128178975
2865.740080370903,-73.69942609194601,-73.69942609194601
2865.750080370903,-73.70113650845822,-73.70113650845822
2865.760080370903,-73.70285255959658,-73.70285255959658
2865.770080370903,-73.70457427286549,-73.70457427286549
2865.780080370903,-73.70630167500764,-73.70630167500764
2865.790080370903,-73.70803479198617,-73.70803479198617
2865.800080370903,-73.70977364903553,-73.70977364903553
2865.810080370903,-73.71151827064502,-73.71151827064502
2865.820080370903,-73.71326868056379,-73.71326868056379
2865.830080370903,-73.71502490183555,-73.71502490183555
2865.840080370903,-73.71678695678017,-73.71678695678017
2865.850080370903,-73.71855486700998,-73.71855486700998
2865.8600803709032,-73.72032865345464,-73.72032865345464
2865.870080370903,-73.72210833635803,-73.72210833635803
2865.880080370903,-73.72389393526547,-73.72389393526547
2865.890080370903,-73.7256854690719,-73.7256854690719
2865.900080370903,-73.72748295600682,-73.72748295600682
2865.910080370903,-73.7292864136487,-73.7292864136487
2865.920080370903,-73.73109585893403,-73.73109585893403
2865.930080370903,-73.73291130816199,-73.73291130816199
2865.940080370903,-73.73473277700437,-73.73473277700437
2865.950080370903,-73.7365602805243,-73.7365602805243
2865.960080370903,-73.73839383316047,-73.73839383316047
2865.970080370903,-73.74023344876797,-73.74023344876797
2865.980080370903,-73.74207914060656,-73.74207914060656
2865.990080370903,-73.74393092133562,-73.74393092133562
2866.000080370903,-73.74578880305096,-73.74578880305096
2866.010080370903,-73.74765279728572,-73.74765279728572
2866.020080370903,-73.74952291499845,-73.74952291499845
2866.030080370903,-73.75139916660137,-73.75139916660137
2866.040080370903,-73.75328156197179,-73.75328156197179
2866.050080370903,-73.75517011043998,-73.75517011043998
2866.060080370903,-73.75706482080523,-73.75706482080523
2866.070080370903,-73.75896570136089,-73.75896570136089
2866.080080370903,-73.7608727598644,-73.7608727598644
2866.090080370903,-73.76278600358793,-73.76278600358793
2866.100080370903,-73.76470543929548,-73.76470543929548
2866.1100803709032,-73.76663107325808,-73.76663107325808
2866.120080370903,-73.7685629112801,-73.7685629112801
2866.130080370903,-73.77050095866316,-73.77050095866316
2866.140080370903,-73.77244522025421,-73.77244522025421
2866.150080370903,-73.77439570043576,-73.77439570043576
2866.160080370903,-73.77635240313998,-73.77635240313998
2866.170080370903,-73.77831533184063,-73.77831533184063
2866.180080370903,-73.78028448958396,-73.78028448958396
2866.190080370903,-73.78225987895944,-73.78225987895944
2866.200080394745,-73.78424150687563,-73.78424150687563
2866.210080394745,-73.7862293656674,-73.7862293656674
2866.220080394745,-73.78822346135921,-73.78822346135921
2866.230080394745,-73.79022379489251,-73.79022379489251
2866.240080394745,-73.79223036679676,-73.79223036679676
2866.250080394745,-73.79424317719742,-73.79424317719742
2866.260080394745,-73.79626222585577,-73.79626222585577
2866.270080394745,-73.79828751211858,-73.79828751211858
2866.280080394745,-73.80031903498187,-73.80031903498187
2866.290080394745,-73.80235679305312,-73.80235679305312
2866.300080394745,-73.80440078458797,-73.80440078458797
2866.310080394745,-73.8064510074711,-73.8064510074711
2866.3200803947448,-73.80850745925582,-73.80850745925582
2866.330080394745,-73.81057013710848,-73.81057013710848
2866.3400803947447,-73.81263903789531,-73.81263903789531
2866.350080394745,-73.81471415812598,-73.81471415812598
2866.3600803947447,-73.81679549398335,-73.81679549398335
2866.370080394745,-73.81888304132042,-73.81888304132042
2866.3800803947447,-73.82097679568288,-73.82097679568288
2866.390080394745,-73.82307675228856,-73.82307675228856
2866.4000803947447,-73.82518290605331,-73.82518290605331
2866.410080394745,-73.82729525159364,-73.82729525159364
2866.4200803947447,-73.82941378321523,-73.82941378321523
2866.430080394745,-73.8315384949481,-73.8315384949481
2866.4400803947447,-73.83366938051202,-73.83366938051202
2866.450080394745,-73.8358064333585,-73.8358064333585
2866.460080394745,-73.83794964666785,-73.83794964666785
2866.470080394745,-73.84009901332044,-73.84009901332044
2866.480080394745,-73.84225452594578,-73.84225452594578
2866.490080394745,-73.84441617691265,-73.84441617691265
2866.500080394745,-73.846583958315,-73.846583958315
2866.510080394745,-73.8487578620037,-73.8487578620037
2866.520080394745,-73.85093787957457,-73.85093787957457
2866.530080394745,-73.85312400237962,-73.85312400237962
2866.540080394745,-73.85531622151966,-73.85531622151966
2866.550080394745,-73.85751452787368,-73.85751452787368
2866.560080394745,-73.85971891207163,-73.85971891207163
2866.5700803947448,-73.86192936452923,-73.86192936452923
2866.580080394745,-73.86414587542453,-73.86414587542453
2866.5900803947447,-73.86636843472392,-73.86636843472392
2866.600080394745,-73.86859703216876,-73.86859703216876
2866.6100803947447,-73.87083165729976,-73.87083165729976
2866.620080394745,-73.87307229943306,-73.87307229943306
2866.6300803947447,-73.87531894769025,-73.87531894769025
2866.640080394745,-73.87757159098965,-73.87757159098965
2866.6500803947447,-73.87983021805397,-73.87983021805397
2866.660080394745,-73.88209481740186,-73.88209481740186
2866.6700803947447,-73.88436537738453,-73.88436537738453
2866.680080394745,-73.88664188613589,-73.88664188613589
2866.6900803947447,-73.88892433163025,-73.88892433163025
2866.700080394745,-73.89121270165623,-73.89121270165623
2866.710080394745,-73.89350698382485,-73.89350698382485
2866.720080394745,-73.89580716557465,-73.89580716557465
2866.730080394745,-73.89811323418017,-73.89811323418017
2866.740080394745,-73.90042517673913,-73.90042517673913
2866.750080394745,-73.90274298019452,-73.90274298019452
2866.760080394745,-73.90506663132835,-73.90506663132835
2866.770080394745,-73.90739611677184,-73.90739611677184
2866.780080394745,-73.90973142299322,-73.90973142299322
2866.790080394745,-73.91207253631809,-73.91207253631809
2866.800080394745,-73.91441944291381,-73.91441944291381
2866.810080394745,-73.91677212881842,-73.91677212881842
2866.8200803947448,-73.91913057993295,-73.91913057993295
2866.830080394745,-73.92149478199161,-73.92149478199161
2866.8400803947447,-73.92386472062053,-73.92386472062053
2866.850080394745,-73.92624038130486,-73.92624038130486
2866.8600803947447,-73.92862174940302,-73.92862174940302
2866.870080394745,-73.93100881013626,-73.93100881013626
2866.8800803947447,-73.93340154861244,-73.93340154861244
2866.890080394745,-73.93579994981248,-73.93579994981248
2866.9000803947447,-73.93820399859872,-73.93820399859872
2866.910080394745,-73.9406136797248,-73.9406136797248
2866.9200803947447,-73.94302897782215,-73.94302897782215
2866.930080394745,-73.94544987740562,-73.94544987740562
2866.9400803947447,-73.94787636289666,-73.94787636289666
2866.950080394745,-73.95030841860125,-73.95030841860125
2866.960080394745,-73.95274602871507,-73.95274602871507
2866.970080394745,-73.95518917735455,-73.95518917735455
2866.980080394745,-73.95763784850452,-73.95763784850452
2866.990080394745,-73.96009202608444,-73.96009202608444
2867.000080394745,-73.96255169389576,-73.96255169389576
2867.010080394745,-73.96501683566258,-73.96501683566258
2867.020080394745,-73.96748743500339,-73.96748743500339
2867.030080394745,-73.96996347547264,-73.96996347547264
2867.040080394745,-73.97244494051183,-73.97244494051183
2867.0500804185867,-73.97493181941955,-73.97493181941955
2867.060080418587,-73.97742408366035,-73.97742408366035
2867.0700804185867,-73.97992172233391,-73.97992172233391
2867.080080418587,-73.98242471857789,-73.98242471857789
2867.0900804185867,-73.98493305544532,-73.98493305544532
2867.100080418587,-73.98744671592073,-73.98744671592073
2867.1100804185867,-73.98996568291813,-73.98996568291813
2867.120080418587,-73.99248993926244,-73.99248993926244
2867.1300804185867,-73.99501946773927,-73.99501946773927
2867.140080418587,-73.99755425104587,-73.99755425104587
2867.1500804185866,-74.00009427182562,-74.00009427182562
2867.160080418587,-74.00263951265529,-74.00263951265529
2867.1700804185866,-74.00518995604975,-74.00518995604975
2867.180080418587,-74.00774558446743,-74.00774558446743
2867.1900804185866,-74.01030638031462,-74.01030638031462
2867.200080418587,-74.0128723259262,-74.0128723259262
2867.2100804185866,-74.01544340360117,-74.01544340360117
2867.220080418587,-74.01801959556362,-74.01801959556362
2867.2300804185866,-74.02060088401514,-74.02060088401514
2867.240080418587,-74.02318725108525,-74.02318725108525
2867.2500804185865,-74.02577867886916,-74.02577867886916
2867.2600804185868,-74.02837514940252,-74.02837514940252
2867.2700804185865,-74.03097664469051,-74.03097664469051
2867.2800804185867,-74.03358314668648,-74.03358314668648
2867.2900804185865,-74.03619463730817,-74.03619463730817
2867.3000804185867,-74.03881109841905,-74.03881109841905
2867.310080418587,-74.04143251186325,-74.04143251186325
2867.3200804185867,-74.04405885943733,-74.04405885943733
2867.330080418587,-74.04669012289156,-74.04669012289156
2867.3400804185867,-74.04932628396051,-74.04932628396051
2867.350080418587,-74.05196732433495,-74.05196732433495
2867.3600804185867,-74.05461322567751,-74.05461322567751
2867.370080418587,-74.05726396961029,-74.05726396961029
2867.3800804185867,-74.05991953773818,-74.05991953773818
2867.390080418587,-74.06257991163581,-74.06257991163581
2867.4000804185866,-74.06524507284914,-74.06524507284914
2867.410080418587,-74.06791500289596,-74.06791500289596
2867.4200804185866,-74.07058968325957,-74.07058968325957
2867.430080418587,-74.07326909542492,-74.07326909542492
2867.4400804185866,-74.07595322083743,-74.07595322083743
2867.450080418587,-74.07864204091871,-74.07864204091871
2867.4600804185866,-74.08132907173051,-74.08132907173051
2867.470080418587,-74.08401146020499,-74.08401146020499
2867.4800804185866,-74.08668780464313,-74.08668780464313
2867.490080418587,-74.0893573751092,-74.0893573751092
2867.5000804185865,-74.09201981600435,-74.09201981600435
2867.5100804185868,-74.09467499162363,-74.09467499162363
2867.5200804185865,-74.09732289570886,-74.09732289570886
2867.5300804185867,-74.09996359707154,-74.09996359707154
2867.5400804185865,-74.10259720694016,-74.10259720694016
2867.5500804185867,-74.1052238593197,-74.1052238593197
2867.560080418587,-74.10784369933252,-74.10784369933252
2867.5700804185867,-74.11045687630734,-74.11045687630734
2867.580080418587,-74.1130635398237,-74.1130635398237
2867.5900804185867,-74.11566383757297,-74.11566383757297
2867.600080418587,-74.11825791421512,-74.11825791421512
2867.6100804185867,-74.12084591095244,-74.12084591095244
2867.620080418587,-74.12342796543128,-74.12342796543128
2867.6300804185867,-74.12600421187565,-74.12600421187565
2867.640080418587,-74.12857478130061,-74.12857478130061
2867.6500804185866,-74.13113980180643,-74.13113980180643
2867.660080418587,-74.1336993988445,-74.1336993988445
2867.6700804185866,-74.13625369550249,-74.13625369550249
2867.680080418587,-74.1388028127426,-74.1388028127426
2867.6900804185866,-74.14134686962235,-74.14134686962235
2867.700080418587,-74.14388598348182,-74.14388598348182
2867.7100804185866,-74.14641379942489,-74.14641379942489
2867.720080418587,-74.14892759521594,-74.14892759521594
2867.7300804185866,-74.15142610000049,-74.15142610000049
2867.740080418587,-74.15390871416083,-74.15390871416083
2867.7500804185865,-74.1563752116504,-74.1563752116504
2867.7600804185868,-74.15882558553163,-74.15882558553163
2867.7700804185865,-74.16125995748023,-74.16125995748023
2867.7800804185867,-74.16367852343883,-74.16367852343883
2867.7900804185865,-74.16608152092803,-74.16608152092803
2867.8000804185867,-74.16846920944198,-74.16846920944198
2867.810080418587,-74.17084185877064,-74.17084185877064
2867.8200804185867,-74.17319974211495,-74.17319974211495
2867.830080418587,-74.17554313211232,-74.17554313211232
2867.8400804185867,-74.17787229869946,-74.17787229869946
2867.850080418587,-74.18018750796989,-74.18018750796989
2867.8600804185867,-74.18248902173677,-74.18248902173677
2867.870080418587,-74.18477709742245,-74.18477709742245
2867.8800804185867,-74.18705198819723,-74.18705198819723
2867.890080418587,-74.18931394317936,-74.18931394317936
2867.9000804424286,-74.19156321305526,-74.19156321305526
2867.910080442429,-74.19380002888668,-74.19380002888668
2867.9200804424286,-74.19602463464767,-74.19602463464767
2867.930080442429,-74.19823726587934,-74.19823726587934
2867.9400804424286,-74.20043815532689,-74.20043815532689
2867.9500804424288,-74.2026275331174,-74.2026275331174
2867.9600804424285,-74.2047991520442,-74.2047991520442
2867.9700804424288,-74.2069503995584,-74.2069503995584
2867.9800804424285,-74.20908011470732,-74.20908011470732
2867.9900804424287,-74.21118780729685,-74.21118780729685
2868.0000804424285,-74.21327336003867,-74.21327336003867
2868.0100804424287,-74.21533687395912,-74.21533687395912
2868.0200804424285,-74.21737857781919,-74.21737857781919
2868.0300804424287,-74.21939877371233,-74.21939877371233
2868.0400804424285,-74.2213978043317,-74.2213978043317
2868.0500804424287,-74.22337603338867,-74.22337603338867
2868.0600804424284,-74.22533383387194,-74.22533383387194
2868.0700804424287,-74.22727158116095,-74.22727158116095
2868.0800804424284,-74.22918964907828,-74.22918964907828
2868.0900804424286,-74.23108840768599,-74.23108840768599
2868.1000804424284,-74.23296822220047,-74.23296822220047
2868.1100804424286,-74.23482945250393,-74.23482945250393
2868.1200804424284,-74.23667245306191,-74.23667245306191
2868.1300804424286,-74.23849757302794,-74.23849757302794
2868.1400804424284,-74.24030515647226,-74.24030515647226
2868.1500804424286,-74.24209554262004,-74.24209554262004
2868.160080442429,-74.24386906616643,-74.24386906616643
2868.1700804424286,-74.2456260574875,-74.2456260574875
2868.180080442429,-74.24736684290374,-74.24736684290374
2868.1900804424286,-74.24909174489277,-74.24909174489277
2868.2000804424288,-74.25080108227678,-74.25080108227678
2868.2100804424285,-74.25249517035753,-74.25249517035753
2868.2200804424288,-74.25417432107389,-74.25417432107389
2868.2300804424285,-74.25583884310187,-74.25583884310187
2868.2400804424287,-74.25748904194202,-74.25748904194202
2868.2500804424285,-74.2591252200175,-74.2591252200175
2868.2600804424287,-74.26074767669955,-74.26074767669955
2868.2700804424285,-74.26235670839668,-74.26235670839668
2868.2800804424287,-74.26395260854983,-74.26395260854983
2868.2900804424285,-74.26553566770502,-74.26553566770502
2868.3000804424287,-74.26710617350716,-74.26710617350716
2868.3100804424284,-74.2686644107302,-74.2686644107302
2868.3200804424287,-74.2702106612805,-74.2702106612805
2868.3300804424284,-74.2717452042204,-74.2717452042204
2868.3400804424286,-74.27326831575677,-74.27326831575677
2868.3500804424284,-74.27478026926372,-74.27478026926372
2868.3600804424286,-74.27628133526973,-74.27628133526973
2868.3700804424284,-74.27777178145278,-74.27777178145278
2868.3800804424286,-74.27925187267255,-74.27925187267255
2868.3900804424284,-74.28072187094067,-74.28072187094067
2868.4000804424286,-74.28218203541923,-74.28218203541923
2868.410080442429,-74.28363262244316,-74.28363262244316
2868.4200804424286,-74.28507388550229,-74.28507388550229
2868.430080442429,-74.28650607524658,-74.28650607524658
2868.4400804424286,-74.28792943948864,-74.28792943948864
2868.4500804424288,-74.28934422320565,-74.28934422320565
2868.4600804424285,-74.29074418835593,-74.29074418835593
2868.4700804424288,-74.29212673554633,-74.29212673554633
2868.4800804424285,-74.29349071799535,-74.29349071799535
2868.4900804424287,-74.29483565974348,-74.29483565974348
2868.5000804424285,-74.29616145737059,-74.29616145737059
2868.5100804424287,-74.29746822513695,-74.29746822513695
2868.5200804424285,-74.29875620424468,-74.29875620424468
2868.5300804424287,-74.30002570836496,-74.30002570836496
2868.5400804424285,-74.30127709084276,-74.30127709084276
2868.5500804424287,-74.30251072502726,-74.30251072502726
2868.5600804424284,-74.3037269925829,-74.3037269925829
2868.5700804424287,-74.30492627654885,-74.30492627654885
2868.5800804424284,-74.3061089574359,-74.3061089574359
2868.5900804424286,-74.30727541101082,-74.30727541101082
2868.6000804424284,-74.30842600723943,-74.30842600723943
2868.6100804424286,-74.30956110983887,-74.30956110983887
2868.6200804424284,-74.31068107617926,-74.31068107617926
2868.6300804424286,-74.31178625744886,-74.31178625744886
2868.6400804424284,-74.31287699890824,-74.31287699890824
2868.6500804424286,-74.31395364015125,-74.31395364015125
2868.660080442429,-74.31501651543381,-74.31501651543381
2868.6700804424286,-74.31606595394267,-74.31606595394267
2868.680080442429,-74.31710228008326,-74.31710228008326
2868.6900804424286,-74.3181258136983,-74.3181258136983
2868.7000804424288,-74.31913687029726,-74.31913687029726
2868.7100804424285,-74.32013576124174,-74.32013576124174
2868.7200804424288,-74.32112279388919,-74.32112279388919
2868.7300804424285,-74.3220982717685,-74.3220982717685
2868.7400804424287,-74.32306249465705,-74.32306249465705
2868.7500804662704,-74.32401576097426,-74.32401576097426
2868.7600804662707,-74.32495835875451,-74.32495835875451
2868.7700804662704,-74.32589057944536,-74.32589057944536
2868.7800804662706,-74.32681270877549,-74.32681270877549
2868.7900804662704,-74.327725029118,-74.327725029118
2868.8000804662706,-74.3286278195398,-74.3286278195398
2868.8100804662704,-74.32952135582964,-74.32952135582964
2868.8200804662706,-74.33040591055816,-74.33040591055816
2868.8300804662704,-74.33128175308266,-74.33128175308266
2868.8400804662706,-74.3321491495691,-74.3321491495691
2868.8500804662704,-74.33300836304812,-74.33300836304812
2868.8600804662706,-74.33385965339585,-74.33385965339585
2868.8700804662703,-74.33470327738428,-74.33470327738428
2868.8800804662706,-74.33553948869054,-74.33553948869054
2868.8900804662703,-74.33636853789926,-74.33636853789926
2868.9000804662705,-74.33719067252467,-74.33719067252467
2868.9100804662703,-74.3380061370457,-74.3380061370457
2868.9200804662705,-74.33881517288653,-74.33881517288653
2868.9300804662703,-74.33961801845557,-74.33961801845557
2868.9400804662705,-74.34041490914757,-74.34041490914757
2868.9500804662703,-74.34120607737775,-74.34120607737775
2868.9600804662705,-74.34199175257797,-74.34199175257797
2868.9700804662702,-74.34277216120876,-74.34277216120876
2868.9800804662705,-74.34354752678189,-74.34354752678189
2868.9900804662702,-74.34431806988023,-74.34431806988023
2869.0000804662704,-74.3450840081701,-74.3450840081701
2869.0100804662707,-74.34584555641663,-74.34584555641663
2869.0200804662704,-74.34660292649671,-74.34660292649671
2869.0300804662706,-74.34735632742616,-74.34735632742616
2869.0400804662704,-74.34810596536984,-74.34810596536984
2869.0500804662706,-74.34885204365229,-74.34885204365229
2869.0600804662704,-74.34959476279643,-74.34959476279643
2869.0700804662706,-74.35033432053147,-74.35033432053147
2869.0800804662704,-74.35107091180758,-74.35107091180758
2869.0900804662706,-74.35180472881811,-74.35180472881811
2869.1000804662704,-74.35253596102822,-74.35253596102822
2869.1100804662706,-74.35326479518599,-74.35326479518599
2869.1200804662703,-74.35399141534103,-74.35399141534103
2869.1300804662706,-74.35471600287607,-74.35471600287607
2869.1400804662703,-74.3554387365224,-74.3554387365224
2869.1500804662705,-74.356159792379,-74.356159792379
2869.1600804662703,-74.35687934394763,-74.35687934394763
2869.1700804662705,-74.357597562134,-74.357597562134
2869.1800804662703,-74.35831461528167,-74.35831461528167
2869.1900804662705,-74.35903066920379,-74.35903066920379
2869.2000804662703,-74.35974588718658,-74.35974588718658
2869.2100804662705,-74.36046043002942,-74.36046043002942
2869.2200804662702,-74.36117445606745,-74.36117445606745
2869.2300804662705,-74.36188812118567,-74.36188812118567
2869.2400804662702,-74.36260157883589,-74.36260157883589
2869.2500804662704,-74.36331498007958,-74.36331498007958
2869.2600804662707,-74.36402847361224,-74.36402847361224
2869.2700804662704,-74.36474220576083,-74.36474220576083
2869.2800804662706,-74.36545632053415,-74.36545632053415
2869.2900804662704,-74.36617095964684,-74.36617095964684
2869.3000804662706,-74.3668862625157,-74.3668862625157
2869.3100804662704,-74.36760236631781,-74.36760236631781
2869.3200804662706,-74.36831940599276,-74.36831940599276
2869.3300804662704,-74.36903751427707,-74.36903751427707
2869.3400804662706,-74.36975682171841,-74.36975682171841
2869.3500804662704,-74.37047745672378,-74.37047745672378
2869.3600804662706,-74.37119954554991,-74.37119954554991
2869.3700804662703,-74.3719232123541,-74.3719232123541
2869.3800804662706,-74.3726485791969,-74.3726485791969
2869.3900804662703,-74.3733757660836,-74.3733757660836
2869.4000804662705,-74.37410489098484,-74.37410489098484
2869.4100804662703,-74.3748360698541,-74.3748360698541
2869.4200804662705,-74.37556941665012,-74.37556941665012
2869.4300804662703,-74.37630504338314,-74.37630504338314
2869.4400804662705,-74.37704306008989,-74.37704306008989
2869.4500804662703,-74.37778357491567,-74.37778357491567
2869.4600804662705,-74.37852669409112,-74.37852669409112
2869.4700804662702,-74.37927252198737,-74.37927252198737
2869.4800804662705,-74.38002116111349,-74.38002116111349
2869.4900804662702,-74.38077271215273,-74.38077271215273
2869.5000804662704,-74.38152727399269,-74.38152727399269
2869.5100804662707,-74.38228494373746,-74.38228494373746
2869.5200804662704,-74.38304581672396,-74.38304581672396
2869.5300804662706,-74.38380998654564,-74.38380998654564
2869.5400804662704,-74.38457754510402,-74.38457754510402
2869.5500804662706,-74.38534858257765,-74.38534858257765
2869.5600804662704,-74.38612318750509,-74.38612318750509
2869.5700804662706,-74.38690144675049,-74.38690144675049
2869.5800804662704,-74.38768344556242,-74.38768344556242
2869.5900804662706,-74.38846926756538,-74.38846926756538
2869.6000804901123,-74.38925899670497,-74.38925899670497
2869.6100804901125,-74.39005270971887,-74.39005270971887
2869.6200804901123,-74.3908504874022,-74.3908504874022
2869.6300804901125,-74.39165240717304,-74.39165240717304
2869.6400804901123,-74.39245854495071,-74.39245854495071
2869.6500804901125,-74.3932689751586,-74.3932689751586
2869.6600804901123,-74.39408377076484,-74.39408377076484
2869.6700804901125,-74.39490300328507,-74.39490300328507
2869.6800804901122,-74.39572674281682,-74.39572674281682
2869.6900804901125,-74.39655505804781,-74.39655505804781
2869.700080490112,-74.39738801627975,-74.39738801627975
2869.7100804901124,-74.39822568345058,-74.39822568345058
2869.720080490112,-74.39906812414984,-74.39906812414984
2869.7300804901124,-74.3999154016262,-74.3999154016262
2869.740080490112,-74.40076757783781,-74.40076757783781
2869.7500804901124,-74.40162471342587,-74.40162471342587
2869.760080490112,-74.40248686776947,-74.40248686776947
2869.7700804901124,-74.4033540989853,-74.4033540989853
2869.780080490112,-74.4042264639535,-74.4042264639535
2869.7900804901124,-74.40510401832034,-74.40510401832034
2869.800080490112,-74.40598681653805,-74.40598681653805
2869.8100804901123,-74.40687491186594,-74.40687491186594
2869.820080490112,-74.40776835639969,-74.40776835639969
2869.8300804901123,-74.40866720105414,-74.40866720105414
2869.840080490112,-74.40957149562364,-74.40957149562364
2869.8500804901123,-74.41048128877725,-74.41048128877725
2869.8600804901125,-74.41139662808008,-74.41139662808008
2869.8700804901123,-74.4123175600031,-74.4123175600031
2869.8800804901125,-74.41324412992914,-74.41324412992914
2869.8900804901123,-74.4141763821907,-74.4141763821907
2869.9000804901125,-74.41511436008095,-74.41511436008095
2869.9100804901123,-74.41605810585475,-74.41605810585475
2869.9200804901125,-74.4170076607445,-74.4170076607445
2869.9300804901122,-74.41796306499904,-74.41796306499904
2869.9400804901125,-74.41892435786455,-74.41892435786455
2869.950080490112,-74.41989157762835,-74.41989157762835
2869.9600804901124,-74.42085827109528,-74.42085827109528
2869.970080490112,-74.42182163260574,-74.42182163260574
2869.9800804901124,-74.42278031376986,-74.42278031376986
2869.990080490112,-74.42373364019603,-74.42373364019603
2870.0000804901124,-74.42468131258615,-74.42468131258615
2870.010080490112,-74.42562325158778,-74.42562325158778
2870.0200804901124,-74.42655950683361,-74.42655950683361
2870.030080490112,-74.42749020232495,-74.42749020232495
2870.0400804901124,-74.42841550356783,-74.42841550356783
2870.050080490112,-74.42933559786236,-74.42933559786236
2870.0600804901123,-74.43025068258311,-74.43025068258311
2870.070080490112,-74.43116095825653,-74.43116095825653
2870.0800804901123,-74.43206662460898,-74.43206662460898
2870.090080490112,-74.4329678784252,-74.4329678784252
2870.1000804901123,-74.43386491243061,-74.43386491243061
2870.1100804901125,-74.434757914893,-74.434757914893
2870.1200804901123,-74.43564706954258,-74.43564706954258
2870.1300804901125,-74.43653255571368,-74.43653255571368
2870.1400804901123,-74.43741454862077,-74.43741454862077
2870.1500804901125,-74.43829321961762,-74.43829321961762
2870.1600804901123,-74.43916873654929,-74.43916873654929
2870.1700804901125,-74.44004126398968,-74.44004126398968
2870.1800804901122,-74.44091096357423,-74.44091096357423
2870.1900804901125,-74.44177799417301,-74.44177799417301
2870.200080490112,-74.44264251216134,-74.44264251216134
2870.2100804901124,-74.44350467156451,-74.44350467156451
2870.220080490112,-74.44436462423938,-74.44436462423938
2870.2300804901124,-74.44522251999598,-74.44522251999598
2870.240080490112,-74.44607850671383,-74.44607850671383
2870.2500804901124,-74.44693273044345,-74.44693273044345
2870.260080490112,-74.44778533547952,-74.44778533547952
2870.2700804901124,-74.44863646441883,-74.44863646441883
2870.280080490112,-74.44948625822988,-74.44948625822988
2870.2900804901124,-74.45033485629084,-74.45033485629084
2870.300080490112,-74.45118239643419,-74.45118239643419
2870.3100804901123,-74.45202901495733,-74.45202901495733
2870.320080490112,-74.45287484664915,-74.45287484664915
2870.3300804901123,-74.4537200248327,-74.4537200248327
2870.340080490112,-74.45456468134527,-74.45456468134527
2870.3500804901123,-74.45540894658066,-74.45540894658066
2870.3600804901125,-74.45625294947372,-74.45625294947372
2870.3700804901123,-74.45709681751688,-74.45709681751688
2870.3800804901125,-74.45794067675867,-74.45794067675867
2870.3900804901123,-74.45878465182139,-74.45878465182139
2870.4000804901125,-74.4596288658825,-74.4596288658825
2870.4100804901123,-74.46047344069866,-74.46047344069866
2870.4200804901125,-74.46131849657804,-74.46131849657804
2870.4300804901122,-74.4621641524004,-74.4621641524004
2870.4400804901125,-74.46301052561174,-74.46301052561174
2870.450080513954,-74.46385773424018,-74.46385773424018
2870.4600805139544,-74.46470588885104,-74.46470588885104
2870.470080513954,-74.46555510459658,-74.46555510459658
2870.4800805139544,-74.46640549318766,-74.46640549318766
2870.490080513954,-74.46725716491393,-74.46725716491393
2870.5000805139543,-74.4681102286238,-74.4681102286238
2870.510080513954,-74.46896479172933,-74.46896479172933
2870.5200805139543,-74.46982096022779,-74.46982096022779
2870.530080513954,-74.47067883867896,-74.47067883867896
2870.5400805139543,-74.47153853021823,-74.47153853021823
2870.550080513954,-74.47240013656159,-74.47240013656159
2870.5600805139543,-74.47326375799238,-74.47326375799238
2870.570080513954,-74.47412949339005,-74.47412949339005
2870.5800805139543,-74.47499744021319,-74.47499744021319
2870.590080513954,-74.47586769453133,-74.47586769453133
2870.6000805139543,-74.47674035099581,-74.47674035099581
2870.610080513954,-74.47761550284676,-74.47761550284676
2870.6200805139542,-74.47849324195228,-74.47849324195228
2870.630080513954,-74.4793736587919,-74.4793736587919
2870.640080513954,-74.48025684245552,-74.48025684245552
2870.650080513954,-74.48114288066175,-74.48114288066175
2870.660080513954,-74.48203185976485,-74.48203185976485
2870.670080513954,-74.48292386476085,-74.48292386476085
2870.680080513954,-74.48381897928886,-74.48381897928886
2870.690080513954,-74.48471728564112,-74.48471728564112
2870.700080513954,-74.48561886479584,-74.48561886479584
2870.7100805139544,-74.48652379637767,-74.48652379637767
2870.720080513954,-74.48743215870802,-74.48743215870802
2870.7300805139544,-74.4883440287969,-74.4883440287969
2870.740080513954,-74.4892594823548,-74.4892594823548
2870.7500805139543,-74.4901785937934,-74.4901785937934
2870.760080513954,-74.49110143626629,-74.49110143626629
2870.7700805139543,-74.49202808163638,-74.49202808163638
2870.780080513954,-74.49295860051447,-74.49295860051447
2870.7900805139543,-74.49389306225348,-74.49389306225348
2870.800080513954,-74.49483153498167,-74.49483153498167
2870.8100805139543,-74.49577408558483,-74.49577408558483
2870.820080513954,-74.4967207797444,-74.4967207797444
2870.8300805139543,-74.4976716819264,-74.4976716819264
2870.840080513954,-74.49862685539999,-74.49862685539999
2870.8500805139543,-74.49958636225011,-74.49958636225011
2870.860080513954,-74.5005502633948,-74.5005502633948
2870.8700805139542,-74.50151861858538,-74.50151861858538
2870.880080513954,-74.50249148641633,-74.50249148641633
2870.890080513954,-74.50346892436222,-74.50346892436222
2870.900080513954,-74.50445098874786,-74.50445098874786
2870.910080513954,-74.50543773479089,-74.50543773479089
2870.920080513954,-74.50642921660867,-74.50642921660867
2870.930080513954,-74.50742548721938,-74.50742548721938
2870.940080513954,-74.50842659856411,-74.50842659856411
2870.950080513954,-74.50943260151374,-74.50943260151374
2870.9600805139544,-74.51044354587727,-74.51044354587727
2870.970080513954,-74.51145948042077,-74.51145948042077
2870.9800805139544,-74.51248045287812,-74.51248045287812
2870.990080513954,-74.51350650996606,-74.51350650996606
2871.0000805139543,-74.51453769736425,-74.51453769736425
2871.010080513954,-74.51557405978767,-74.51557405978767
2871.0200805139543,-74.51661564094063,-74.51661564094063
2871.030080513954,-74.51766248355706,-74.51766248355706
2871.0400805139543,-74.51871462940748,-74.51871462940748
2871.050080513954,-74.51977211931742,-74.51977211931742
2871.0600805139543,-74.52083499315124,-74.52083499315124
2871.070080513954,-74.52190328985441,-74.52190328985441
2871.0800805139543,-74.52297704746341,-74.52297704746341
2871.090080513954,-74.52405630309818,-74.52405630309818
2871.1000805139543,-74.52514109298569,-74.52514109298569
2871.110080513954,-74.5262314524519,-74.5262314524519
2871.1200805139542,-74.52732741596792,-74.52732741596792
2871.130080513954,-74.52842901713389,-74.52842901713389
2871.140080513954,-74.5295362887083,-74.5295362887083
2871.150080513954,-74.530649262596,-74.530649262596
2871.160080513954,-74.53176796988615,-74.53176796988615
2871.170080513954,-74.53289244084003,-74.53289244084003
2871.180080513954,-74.5340227048999,-74.5340227048999
2871.190080513954,-74.53515879073878,-74.53515879073878
2871.200080513954,-74.53630072622116,-74.53630072622116
2871.2100805139544,-74.53744853843709,-74.53744853843709
2871.220080513954,-74.53860225371855,-74.53860225371855
2871.2300805139544,-74.53976189762955,-74.53976189762955
2871.240080513954,-74.54092749501007,-74.54092749501007
2871.2500805139543,-74.54209906994006,-74.54209906994006
2871.260080513954,-74.54327664579043,-74.54327664579043
2871.2700805139543,-74.54446024520946,-74.54446024520946
2871.280080513954,-74.54564989014487,-74.54564989014487
2871.2900805139543,-74.54684560184637,-74.54684560184637
2871.300080537796,-74.54804740373443,-74.54804740373443
2871.3100805377962,-74.54925531000387,-74.54925531000387
2871.320080537796,-74.55046934270506,-74.55046934270506
2871.330080537796,-74.55168952039797,-74.55168952039797
2871.340080537796,-74.55291586100002,-74.55291586100002
2871.350080537796,-74.55414838178984,-74.55414838178984
2871.360080537796,-74.55538709941136,-74.55538709941136
2871.370080537796,-74.55663202988912,-74.55663202988912
2871.380080537796,-74.55788318863694,-74.55788318863694
2871.390080537796,-74.55914059046178,-74.55914059046178
2871.400080537796,-74.5604042495731,-74.5604042495731
2871.410080537796,-74.56167417961207,-74.56167417961207
2871.420080537796,-74.56295039362098,-74.56295039362098
2871.430080537796,-74.56423290408318,-74.56423290408318
2871.440080537796,-74.56552172293345,-74.56552172293345
2871.450080537796,-74.56681686152629,-74.56681686152629
2871.460080537796,-74.56811182574816,-74.56811182574816
2871.470080537796,-74.56940377662946,-74.56940377662946
2871.480080537796,-74.57069133582284,-74.57069133582284
2871.490080537796,-74.57197380074533,-74.57197380074533
2871.500080537796,-74.57325084510933,-74.57325084510933
2871.510080537796,-74.57452236343016,-74.57452236343016
2871.520080537796,-74.57578837990482,-74.57578837990482
2871.530080537796,-74.57704899367758,-74.57704899367758
2871.540080537796,-74.57830434590656,-74.57830434590656
2871.550080537796,-74.57955460002532,-74.57955460002532
2871.5600805377962,-74.58079992998213,-74.58079992998213
2871.570080537796,-74.58204051329153,-74.58204051329153
2871.580080537796,-74.583276527085,-74.583276527085
2871.590080537796,-74.58450814592952,-74.58450814592952
2871.600080537796,-74.5857355407396,-74.5857355407396
2871.610080537796,-74.58695887833804,-74.58695887833804
2871.620080537796,-74.58817832137038,-74.58817832137038
2871.630080537796,-74.58939402846565,-74.58939402846565
2871.640080537796,-74.59060615446792,-74.59060615446792
2871.650080537796,-74.59181485073684,-74.59181485073684
2871.660080537796,-74.59302026543762,-74.59302026543762
2871.670080537796,-74.59422254383426,-74.59422254383426
2871.680080537796,-74.59542182855864,-74.59542182855864
2871.690080537796,-74.59661825983103,-74.59661825983103
2871.700080537796,-74.59781197566834,-74.59781197566834
2871.710080537796,-74.59899660467761,-74.59899660467761
2871.720080537796,-74.60016943083554,-74.60016943083554
2871.730080537796,-74.60132919815999,-74.60132919815999
2871.740080537796,-74.6024753256124,-74.6024753256124
2871.750080537796,-74.6036076076162,-74.6036076076162
2871.760080537796,-74.60472605855301,-74.60472605855301
2871.770080537796,-74.60583082166845,-74.60583082166845
2871.780080537796,-74.60692211436512,-74.60692211436512
2871.790080537796,-74.60800019528686,-74.60800019528686
2871.800080537796,-74.60906534457406,-74.60906534457406
2871.8100805377962,-74.61011785215021,-74.61011785215021
2871.820080537796,-74.61115801076659,-74.61115801076659
2871.830080537796,-74.61218611203135,-74.61218611203135
2871.840080537796,-74.61320244427421,-74.61320244427421
2871.850080537796,-74.61420729142236,-74.61420729142236
2871.860080537796,-74.61520093255216,-74.61520093255216
2871.870080537796,-74.61618364182404,-74.61618364182404
2871.880080537796,-74.61715568861109,-74.61715568861109
2871.890080537796,-74.61811733774213,-74.61811733774213
2871.900080537796,-74.61906884976472,-74.61906884976472
2871.910080537796,-74.62001048124549,-74.62001048124549
2871.920080537796,-74.62094248504728,-74.62094248504728
2871.930080537796,-74.62186511056755,-74.62186511056755
2871.940080537796,-74.6227786039921,-74.6227786039921
2871.950080537796,-74.62368320845142,-74.62368320845142
2871.960080537796,-74.62457916422228,-74.62457916422228
2871.970080537796,-74.62546670884969,-74.62546670884969
2871.980080537796,-74.62634607728114,-74.62634607728114
2871.990080537796,-74.62721750194268,-74.62721750194268
2872.000080537796,-74.62808121285453,-74.62808121285453
2872.010080537796,-74.62893743766124,-74.62893743766124
2872.020080537796,-74.62978640171416,-74.62978640171416
2872.030080537796,-74.63062832809861,-74.63062832809861
2872.040080537796,-74.63146343766358,-74.63146343766358
2872.050080537796,-74.6322919490644,-74.6322919490644
2872.0600805377962,-74.63311407876303,-74.63311407876303
2872.070080537796,-74.63393004105149,-74.63393004105149
2872.080080537796,-74.63474004805558,-74.63474004805558
2872.090080537796,-74.6355443097581,-74.6355443097581
2872.100080537796,-74.63634303397332,-74.63634303397332
2872.110080537796,-74.63713642638109,-74.63713642638109
2872.120080537796,-74.63792469050388,-74.63792469050388
2872.130080537796,-74.63870802771467,-74.63870802771467
2872.140080537796,-74.63948663722483,-74.63948663722483
2872.150080561638,-74.64026071793822,-74.64026071793822
2872.160080561638,-74.64103046106652,-74.64103046106652
2872.170080561638,-74.64179606120359,-74.64179606120359
2872.180080561638,-74.64255770891839,-74.64255770891839
2872.190080561638,-74.64331559263519,-74.64331559263519
2872.200080561638,-74.64406989858355,-74.64406989858355
2872.210080561638,-74.64482081084624,-74.64482081084624
2872.220080561638,-74.64556851131769,-74.64556851131769
2872.230080561638,-74.64631317973421,-74.64631317973421
2872.240080561638,-74.64705499364786,-74.64705499364786
2872.250080561638,-74.6477941284529,-74.6477941284529
2872.260080561638,-74.64853075737373,-74.64853075737373
2872.2700805616378,-74.64926505146087,-74.64926505146087
2872.280080561638,-74.64999717960545,-74.64999717960545
2872.2900805616378,-74.65072730854621,-74.65072730854621
2872.300080561638,-74.65145560286277,-74.65145560286277
2872.3100805616377,-74.65218222499163,-74.65218222499163
2872.320080561638,-74.65290733521796,-74.65290733521796
2872.3300805616377,-74.65363109170018,-74.65363109170018
2872.340080561638,-74.65435365046046,-74.65435365046046
2872.3500805616377,-74.65507516540637,-74.65507516540637
2872.360080561638,-74.65579578833078,-74.65579578833078
2872.3700805616377,-74.65651566892276,-74.65651566892276
2872.380080561638,-74.65723495478738,-74.65723495478738
2872.3900805616377,-74.65795379143115,-74.65795379143115
2872.400080561638,-74.6586723223093,-74.6586723223093
2872.410080561638,-74.65939068880371,-74.65939068880371
2872.420080561638,-74.66010903025571,-74.66010903025571
2872.430080561638,-74.66082748396278,-74.66082748396278
2872.440080561638,-74.66154618522019,-74.66154618522019
2872.450080561638,-74.66226526728725,-74.66226526728725
2872.460080561638,-74.6629848614441,-74.6629848614441
2872.470080561638,-74.66370509698777,-74.66370509698777
2872.480080561638,-74.66442610125331,-74.66442610125331
2872.490080561638,-74.66514799961536,-74.66514799961536
2872.500080561638,-74.6658709155248,-74.6658709155248
2872.510080561638,-74.66659497048688,-74.66659497048688
2872.5200805616378,-74.66732028413597,-74.66732028413597
2872.530080561638,-74.66804697418324,-74.66804697418324
2872.5400805616378,-74.66877515648565,-74.66877515648565
2872.550080561638,-74.66950494504131,-74.66950494504131
2872.5600805616377,-74.67023645200752,-74.67023645200752
2872.570080561638,-74.6709697877153,-74.6709697877153
2872.5800805616377,-74.6717050606931,-74.6717050606931
2872.590080561638,-74.67244237767223,-74.67244237767223
2872.6000805616377,-74.673181843616,-74.673181843616
2872.610080561638,-74.67392356173976,-74.67392356173976
2872.6200805616377,-74.67466763351517,-74.67466763351517
2872.630080561638,-74.67541415868186,-74.67541415868186
2872.6400805616377,-74.67616323529484,-74.67616323529484
2872.650080561638,-74.67691495971789,-74.67691495971789
2872.660080561638,-74.67766942664876,-74.67766942664876
2872.670080561638,-74.67842672913198,-74.67842672913198
2872.680080561638,-74.67918695858357,-74.67918695858357
2872.690080561638,-74.67995020480231,-74.67995020480231
2872.700080561638,-74.68071655599796,-74.68071655599796
2872.710080561638,-74.68148609879042,-74.68148609879042
2872.720080561638,-74.68225891824187,-74.68225891824187
2872.730080561638,-74.68303509788653,-74.68303509788653
2872.740080561638,-74.68381471971416,-74.68381471971416
2872.750080561638,-74.68459786421928,-74.68459786421928
2872.760080561638,-74.68538461039118,-74.68538461039118
2872.7700805616378,-74.68617503576372,-74.68617503576372
2872.780080561638,-74.68696921640822,-74.68696921640822
2872.7900805616378,-74.68776722696208,-74.68776722696208
2872.800080561638,-74.68856914063319,-74.68856914063319
2872.8100805616377,-74.68937502923636,-74.68937502923636
2872.820080561638,-74.69018496319141,-74.69018496319141
2872.8300805616377,-74.69099901156127,-74.69099901156127
2872.840080561638,-74.69181724204509,-74.69181724204509
2872.8500805616377,-74.69263972102013,-74.69263972102013
2872.860080561638,-74.69346651353436,-74.69346651353436
2872.8700805616377,-74.69429768334162,-74.69429768334162
2872.880080561638,-74.6951332928988,-74.6951332928988
2872.8900805616377,-74.6959734034105,-74.6959734034105
2872.900080561638,-74.69681807482873,-74.69681807482873
2872.910080561638,-74.69766736585062,-74.69766736585062
2872.920080561638,-74.69852133397795,-74.69852133397795
2872.930080561638,-74.69938003549044,-74.69938003549044
2872.940080561638,-74.7002435254892,-74.7002435254892
2872.950080561638,-74.70111185790378,-74.70111185790378
2872.960080561638,-74.70198508550045,-74.70198508550045
2872.970080561638,-74.70286325991347,-74.70286325991347
2872.980080561638,-74.7037464316471,-74.7037464316471
2872.990080561638,-74.70463465008994,-74.70463465008994
2873.0000805854797,-74.70552796566689,-74.70552796566689
2873.01008058548,-74.7064264213628,-74.7064264213628
2873.0200805854797,-74.70733006543237,-74.70733006543237
2873.03008058548,-74.70823894296818,-74.70823894296818
2873.0400805854797,-74.7091530980473,-74.7091530980473
2873.05008058548,-74.7100725737055,-74.7100725737055
2873.0600805854797,-74.71099741197125,-74.71099741197125
2873.07008058548,-74.71192765388638,-74.71192765388638
2873.0800805854797,-74.71286333950412,-74.71286333950412
2873.09008058548,-74.71380450792003,-74.71380450792003
2873.1000805854796,-74.71475119726033,-74.71475119726033
2873.11008058548,-74.71570344472683,-74.71570344472683
2873.1200805854796,-74.71666128658926,-74.71666128658926
2873.13008058548,-74.71762475820485,-74.71762475820485
2873.1400805854796,-74.71859389403075,-74.71859389403075
2873.15008058548,-74.71956872762851,-74.71956872762851
2873.1600805854796,-74.72054929169825,-74.72054929169825
2873.17008058548,-74.72153561806975,-74.72153561806975
2873.1800805854796,-74.72252773772159,-74.72252773772159
2873.19008058548,-74.72352568079698,-74.72352568079698
2873.2000805854796,-74.72452947661581,-74.72452947661581
2873.21008058548,-74.72553263538614,-74.72553263538614
2873.2200805854795,-74.72653233004942,-74.72653233004942
2873.2300805854798,-74.72752719702576,-74.72752719702576
2873.2400805854795,-74.72851654968208,-74.72851654968208
2873.2500805854797,-74.72950007820208,-74.72950007820208
2873.26008058548,-74.7304776937869,-74.7304776937869
2873.2700805854797,-74.73144943733645,-74.73144943733645
2873.28008058548,-74.73241542458995,-74.73241542458995
2873.2900805854797,-74.73337581313824,-74.73337581313824
2873.30008058548,-74.73433078264507,-74.73433078264507
2873.3100805854797,-74.735280523042,-74.735280523042
2873.32008058548,-74.73622522759968,-74.73622522759968
2873.3300805854797,-74.73716508894529,-74.73716508894529
2873.34008058548,-74.73810029690615,-74.73810029690615
2873.3500805854796,-74.73903103740679,-74.73903103740679
2873.36008058548,-74.73995749203874,-74.73995749203874
2873.3700805854796,-74.7408798379809,-74.7408798379809
2873.38008058548,-74.74179824813979,-74.74179824813979
2873.3900805854796,-74.74271289142796,-74.74271289142796
2873.40008058548,-74.7436239330348,-74.7436239330348
2873.4100805854796,-74.74453153473853,-74.74453153473853
2873.42008058548,-74.7454358551918,-74.7454358551918
2873.4300805854796,-74.74633705019401,-74.74633705019401
2873.44008058548,-74.7472352729251,-74.7472352729251
2873.4500805854796,-74.74813067416437,-74.74813067416437
2873.46008058548,-74.74902340247132,-74.74902340247132
2873.4700805854795,-74.74991360432927,-74.74991360432927
2873.4800805854798,-74.75080142429042,-74.75080142429042
2873.4900805854795,-74.75168700509113,-74.75168700509113
2873.5000805854797,-74.75257048772893,-74.75257048772893
2873.51008058548,-74.75345201155703,-74.75345201155703
2873.5200805854797,-74.75433171434452,-74.75433171434452
2873.53008058548,-74.75520973232143,-74.75520973232143
2873.5400805854797,-74.75608620023576,-74.75608620023576
2873.55008058548,-74.75696125136838,-74.75696125136838
2873.5600805854797,-74.75783501757472,-74.75783501757472
2873.57008058548,-74.75870762930576,-74.75870762930576
2873.5800805854797,-74.75957921561589,-74.75957921561589
2873.59008058548,-74.76044990419507,-74.76044990419507
2873.6000805854796,-74.76131982134505,-74.76131982134505
2873.61008058548,-74.76218909202002,-74.76218909202002
2873.6200805854796,-74.76305783981178,-74.76305783981178
2873.63008058548,-74.7639261869617,-74.7639261869617
2873.6400805854796,-74.76479425435784,-74.76479425435784
2873.65008058548,-74.7656621615386,-74.7656621615386
2873.6600805854796,-74.76653002668489,-74.76653002668489
2873.67008058548,-74.76739796662777,-74.76739796662777
2873.6800805854796,-74.76826609683873,-74.76826609683873
2873.69008058548,-74.7691345314396,-74.7691345314396
2873.7000805854796,-74.77000338319152,-74.77000338319152
2873.71008058548,-74.77086624155582,-74.77086624155582
2873.7200805854795,-74.77172036042319,-74.77172036042319
2873.7300805854798,-74.77256445747209,-74.77256445747209
2873.7400805854795,-74.7733979271686,-74.7733979271686
2873.7500805854797,-74.77422054042457,-74.77422054042457
2873.76008058548,-74.77503228871565,-74.77503228871565
2873.7700805854797,-74.77583329268111,-74.77583329268111
2873.78008058548,-74.77662374724179,-74.77662374724179
2873.7900805854797,-74.7774038885825,-74.7774038885825
2873.80008058548,-74.77817397432139,-74.77817397432139
2873.8100805854797,-74.77893427173784,-74.77893427173784
2873.82008058548,-74.77968505079347,-74.77968505079347
2873.8300805854797,-74.78042658016912,-74.78042658016912
2873.84008058548,-74.78115912505662,-74.78115912505662
2873.8500806093216,-74.78188294780713,-74.78188294780713
2873.860080609322,-74.78259830053752,-74.78259830053752
2873.8700806093216,-74.78330543552717,-74.78330543552717
2873.880080609322,-74.78400459832172,-74.78400459832172
2873.8900806093216,-74.78469602975218,-74.78469602975218
2873.900080609322,-74.78537996624001,-74.78537996624001
2873.9100806093215,-74.78605664007935,-74.78605664007935
2873.9200806093218,-74.78672627973619,-74.78672627973619
2873.9300806093215,-74.78738911010223,-74.78738911010223
2873.9400806093217,-74.78804535272738,-74.78804535272738
2873.9500806093215,-74.78869522604784,-74.78869522604784
2873.9600806093217,-74.78933894554366,-74.78933894554366
2873.9700806093215,-74.78997672391309,-74.78997672391309
2873.9800806093217,-74.79060877119306,-74.79060877119306
2873.9900806093215,-74.79123529487191,-74.79123529487191
2874.0000806093217,-74.79185649998401,-74.79185649998401
2874.0100806093214,-74.79247258919987,-74.79247258919987
2874.0200806093217,-74.79308376286703,-74.79308376286703
2874.0300806093214,-74.79369021909103,-74.79369021909103
2874.0400806093216,-74.79429215374256,-74.79429215374256
2874.0500806093214,-74.79488976054272,-74.79488976054272
2874.0600806093216,-74.7954832310475,-74.7954832310475
2874.0700806093214,-74.79607275470732,-74.79607275470732
2874.0800806093216,-74.79665851885402,-74.79665851885402
2874.0900806093214,-74.79724070874133,-74.79724070874133
2874.1000806093216,-74.79781950754135,-74.79781950754135
2874.110080609322,-74.79839509636345,-74.79839509636345
2874.1200806093216,-74.79896765427267,-74.79896765427267
2874.130080609322,-74.79953735826568,-74.79953735826568
2874.1400806093216,-74.8001043833133,-74.8001043833133
2874.150080609322,-74.80066890232166,-74.80066890232166
2874.1600806093215,-74.80123108618282,-74.80123108618282
2874.1700806093218,-74.80179110374115,-74.80179110374115
2874.1800806093215,-74.80234912183386,-74.80234912183386
2874.1900806093217,-74.80290530525022,-74.80290530525022
2874.2000806093215,-74.80345981676425,-74.80345981676425
2874.2100806093217,-74.80401281713947,-74.80401281713947
2874.2200806093215,-74.80456446511474,-74.80456446511474
2874.2300806093217,-74.80511491741781,-74.80511491741781
2874.2400806093215,-74.80566432878176,-74.80566432878176
2874.2500806093217,-74.80621285192751,-74.80621285192751
2874.2600806093214,-74.8067606375944,-74.8067606375944
2874.2700806093217,-74.80730783451145,-74.80730783451145
2874.2800806093214,-74.80785458943704,-74.80785458943704
2874.2900806093216,-74.80840104715875,-74.80840104715875
2874.3000806093214,-74.80894735047885,-74.80894735047885
2874.3100806093216,-74.80949364024994,-74.80949364024994
2874.3200806093214,-74.81004005536978,-74.81004005536978
2874.3300806093216,-74.8105867327879,-74.8105867327879
2874.3400806093214,-74.8111338075171,-74.8111338075171
2874.3500806093216,-74.81168141265223,-74.81168141265223
2874.360080609322,-74.81222967937374,-74.81222967937374
2874.3700806093216,-74.81277873694809,-74.81277873694809
2874.380080609322,-74.81332871275013,-74.81332871275013
2874.3900806093216,-74.81387973228581,-74.81387973228581
2874.400080609322,-74.81443191916458,-74.81443191916458
2874.4100806093215,-74.81498539515994,-74.81498539515994
2874.4200806093218,-74.81554028019234,-74.81554028019234
2874.4300806093215,-74.81609669234938,-74.81609669234938
2874.4400806093217,-74.81665474790066,-74.81665474790066
2874.4500806093215,-74.81721456130269,-74.81721456130269
2874.4600806093217,-74.81776972000081,-74.81776972000081
2874.4700806093215,-74.81831747788891,-74.81831747788891
2874.4800806093217,-74.81885655317885,-74.81885655317885
2874.4900806093215,-74.81938634087504,-74.81938634087504
2874.5000806093217,-74.81990661229266,-74.81990661229266
2874.5100806093214,-74.82041735903053,-74.82041735903053
2874.5200806093217,-74.82091870156907,-74.82091870156907
2874.5300806093214,-74.82141083435596,-74.82141083435596
2874.5400806093216,-74.82189399274424,-74.82189399274424
2874.5500806093214,-74.82236843322501,-74.82236843322501
2874.5600806093216,-74.82283442157153,-74.82283442157153
2874.5700806093214,-74.82329222597453,-74.82329222597453
2874.5800806093216,-74.82374211299482,-74.82374211299482
2874.5900806093214,-74.82418434544417,-74.82418434544417
2874.6000806093216,-74.82461918125962,-74.82461918125962
2874.610080609322,-74.8250468731165,-74.8250468731165
2874.6200806093216,-74.82546766833222,-74.82546766833222
2874.630080609322,-74.82588180903156,-74.82588180903156
2874.6400806093216,-74.82628953239897,-74.82628953239897
2874.650080609322,-74.82669107099538,-74.82669107099538
2874.6600806093215,-74.82708665305405,-74.82708665305405
2874.6700806093218,-74.82747650277987,-74.82747650277987
2874.6800806093215,-74.8278608406388,-74.8278608406388
2874.6900806093217,-74.82823988359344,-74.82823988359344
2874.7000806331635,-74.82861384620865,-74.82861384620865
2874.7100806331637,-74.8289764116122,-74.8289764116122
2874.7200806331634,-74.82932493168043,-74.82932493168043
2874.7300806331637,-74.82965822089713,-74.82965822089713
2874.7400806331634,-74.8299757697166,-74.8299757697166
2874.7500806331636,-74.83027744415774,-74.83027744415774
2874.7600806331634,-74.8305633298256,-74.8305633298256
2874.7700806331636,-74.83083364052705,-74.83083364052705
2874.7800806331634,-74.83108866338137,-74.83108866338137
2874.7900806331636,-74.83132872582308,-74.83132872582308
2874.8000806331634,-74.83155417581868,-74.83155417581868
2874.8100806331636,-74.83176537007233,-74.83176537007233
2874.8200806331633,-74.83196266711361,-74.83196266711361
2874.8300806331636,-74.83214642331836,-74.83214642331836
2874.8400806331633,-74.83231699075012,-74.83231699075012
2874.8500806331635,-74.83247471606501,-74.83247471606501
2874.8600806331633,-74.83261994008997,-74.83261994008997
2874.8700806331635,-74.83275299774608,-74.83275299774608
2874.8800806331633,-74.8328742182198,-74.8328742182198
2874.8900806331635,-74.83298392518218,-74.83298392518218
2874.9000806331633,-74.83308243709422,-74.83308243709422
2874.9100806331635,-74.83317006753579,-74.83317006753579
2874.9200806331633,-74.83324712544388,-74.83324712544388
2874.9300806331635,-74.83331391541742,-74.83331391541742
2874.9400806331632,-74.8333707379567,-74.8333707379567
2874.9500806331635,-74.83341788964238,-74.83341788964238
2874.9600806331637,-74.8334556633344,-74.8334556633344
2874.9700806331634,-74.83348434833768,-74.83348434833768
2874.9800806331637,-74.8335042305147,-74.8335042305147
2874.9900806331634,-74.83351559239584,-74.83351559239584
2875.0000806331636,-74.83351871327996,-74.83351871327996
2875.0100806331634,-74.83351386932186,-74.83351386932186
2875.0200806331636,-74.83350133357692,-74.83350133357692
2875.0300806331634,-74.83348137607368,-74.83348137607368
2875.0400806331636,-74.83345426383052,-74.83345426383052
2875.0500806331634,-74.83342026091871,-74.83342026091871
2875.0600806331636,-74.83337962848206,-74.83337962848206
2875.0700806331633,-74.83333262476177,-74.83333262476177
2875.0800806331636,-74.83327950510987,-74.83327950510987
2875.0900806331633,-74.83322052201291,-74.83322052201291
2875.1000806331635,-74.83315592509501,-74.83315592509501
2875.1100806331633,-74.83308596116223,-74.83308596116223
2875.1200806331635,-74.8330108741608,-74.8330108741608
2875.1300806331633,-74.83293090522733,-74.83293090522733
2875.1400806331635,-74.8328462926675,-74.8328462926675
2875.1500806331633,-74.83275727198914,-74.83275727198914
2875.1600806331635,-74.83266407588944,-74.83266407588944
2875.1700806331633,-74.83256693426623,-74.83256693426623
2875.1800806331635,-74.83246607421775,-74.83246607421775
2875.1900806331632,-74.83236172007744,-74.83236172007744
2875.2000806331635,-74.8322540933807,-74.8322540933807
2875.2100806331637,-74.83213688852513,-74.83213688852513
2875.2200806331634,-74.83200746642264,-74.83200746642264
2875.2300806331637,-74.83186465161843,-74.83186465161843
2875.2400806331634,-74.83170794456872,-74.83170794456872
2875.2500806331636,-74.83153722104804,-74.83153722104804
2875.2600806331634,-74.83135257615011,-74.83135257615011
2875.2700806331636,-74.83115423277903,-74.83115423277903
2875.2800806331634,-74.83094248672542,-74.83094248672542
2875.2900806331636,-74.83071767360666,-74.83071767360666
2875.3000806331634,-74.83048014905788,-74.83048014905788
2875.3100806331636,-74.83023027691632,-74.83023027691632
2875.3200806331633,-74.82996842227536,-74.82996842227536
2875.3300806331636,-74.82969494753704,-74.82969494753704
2875.3400806331633,-74.82941021019982,-74.82941021019982
2875.3500806331635,-74.82911456180061,-74.82911456180061
2875.3600806331633,-74.82880834749646,-74.82880834749646
2875.3700806331635,-74.82849190597624,-74.82849190597624
2875.3800806331633,-74.82816556963928,-74.82816556963928
2875.3900806331635,-74.82782966485499,-74.82782966485499
2875.4000806331633,-74.82748451226107,-74.82748451226107
2875.4100806331635,-74.82713042709614,-74.82713042709614
2875.4200806331633,-74.82676771947965,-74.82676771947965
2875.4300806331635,-74.82639669472422,-74.82639669472422
2875.4400806331632,-74.8260176535518,-74.8260176535518
2875.4500806331635,-74.82563089233805,-74.82563089233805
2875.4600806331637,-74.82523670331815,-74.82523670331815
2875.4700806331634,-74.82483537473026,-74.82483537473026
2875.4800806331637,-74.82442719099798,-74.82442719099798
2875.4900806331634,-74.82401243281548,-74.82401243281548
2875.5000806331636,-74.82359137729048,-74.82359137729048
2875.5100806331634,-74.82316429802088,-74.82316429802088
2875.5200806331636,-74.82273146516765,-74.82273146516765
2875.5300806331634,-74.82229314555131,-74.82229314555131
2875.5400806331636,-74.82184960267,-74.82184960267
2875.5500806570053,-74.82140109571019,-74.82140109571019
2875.5600806570055,-74.82094788384305,-74.82094788384305
2875.5700806570053,-74.82049021989036,-74.82049021989036
2875.5800806570055,-74.82002835458373,-74.82002835458373
2875.5900806570053,-74.81956253555192,-74.81956253555192
2875.6000806570055,-74.81909300734104,-74.81909300734104
2875.6100806570053,-74.8186200114278,-74.8186200114278
2875.6200806570055,-74.8181437862455,-74.8181437862455
2875.6300806570052,-74.81766456722254,-74.81766456722254
2875.6400806570055,-74.81718258677255,-74.81718258677255
2875.650080657005,-74.81669807432759,-74.81669807432759
2875.6600806570054,-74.8162112563443,-74.8162112563443
2875.670080657005,-74.81572235633439,-74.81572235633439
2875.6800806570054,-74.81523159487583,-74.81523159487583
2875.690080657005,-74.81473918961807,-74.81473918961807
2875.7000806570054,-74.81424535530633,-74.81424535530633
2875.710080657005,-74.81375030378607,-74.81375030378607
2875.7200806570054,-74.81325424404307,-74.81325424404307
2875.730080657005,-74.81275738219348,-74.81275738219348
2875.7400806570054,-74.81225992151198,-74.81225992151198
2875.750080657005,-74.81176206244919,-74.81176206244919
2875.7600806570053,-74.81126400263315,-74.81126400263315
2875.770080657005,-74.81076593692032,-74.81076593692032
2875.7800806570053,-74.81026805737564,-74.81026805737564
2875.790080657005,-74.80977055330487,-74.80977055330487
2875.8000806570053,-74.80927361127863,-74.80927361127863
2875.8100806570055,-74.80877741515353,-74.80877741515353
2875.8200806570053,-74.80828214607345,-74.80828214607345
2875.8300806570055,-74.80778798250302,-74.80778798250302
2875.8400806570053,-74.80729510023693,-74.80729510023693
2875.8500806570055,-74.80680367243724,-74.80680367243724
2875.8600806570053,-74.80631386963978,-74.80631386963978
2875.8700806570055,-74.80582585977729,-74.80582585977729
2875.8800806570052,-74.80533980819749,-74.80533980819749
2875.8900806570055,-74.8048558776963,-74.8048558776963
2875.900080657005,-74.80437422852086,-74.80437422852086
2875.9100806570054,-74.803895018406,-74.803895018406
2875.920080657005,-74.80341840259516,-74.80341840259516
2875.9300806570054,-74.80294453385127,-74.80294453385127
2875.940080657005,-74.80247356249791,-74.80247356249791
2875.9500806570054,-74.80200563642542,-74.80200563642542
2875.960080657005,-74.80154090111576,-74.80154090111576
2875.9700806570054,-74.80107949967406,-74.80107949967406
2875.980080657005,-74.8006215728453,-74.8006215728453
2875.9900806570054,-74.80016725903626,-74.80016725903626
2876.000080657005,-74.7997166943481,-74.7997166943481
2876.0100806570053,-74.79927001258038,-74.79927001258038
2876.020080657005,-74.79882734528718,-74.79882734528718
2876.0300806570053,-74.79838882176126,-74.79838882176126
2876.040080657005,-74.79795456909173,-74.79795456909173
2876.0500806570053,-74.79752471216705,-74.79752471216705
2876.0600806570055,-74.7970993737021,-74.7970993737021
2876.0700806570053,-74.79667867427136,-74.79667867427136
2876.0800806570055,-74.79626273231844,-74.79626273231844
2876.0900806570053,-74.79585166418721,-74.79585166418721
2876.1000806570055,-74.79544558415601,-74.79544558415601
2876.1100806570053,-74.79504460443151,-74.79504460443151
2876.1200806570055,-74.79464883520555,-74.79464883520555
2876.1300806570052,-74.79425838466443,-74.79425838466443
2876.1400806570055,-74.79387335900816,-74.79387335900816
2876.150080657005,-74.79349386247792,-74.79349386247792
2876.1600806570054,-74.79311999737124,-74.79311999737124
2876.170080657005,-74.79275186408532,-74.79275186408532
2876.1800806570054,-74.79238956111767,-74.79238956111767
2876.190080657005,-74.79203318510747,-74.79203318510747
2876.2000806570054,-74.79168283084168,-74.79168283084168
2876.210080657005,-74.79133207135158,-74.79133207135158
2876.2200806570054,-74.79097814552757,-74.79097814552757
2876.230080657005,-74.79061975619572,-74.79061975619572
2876.2400806570054,-74.79025628269278,-74.79025628269278
2876.250080657005,-74.78988748050335,-74.78988748050335
2876.2600806570053,-74.78951332524014,-74.78951332524014
2876.270080657005,-74.7891339212119,-74.7891339212119
2876.2800806570053,-74.78874944650036,-74.78874944650036
2876.290080657005,-74.7883601199221,-74.7883601199221
2876.3000806570053,-74.78796618121977,-74.78796618121977
2876.3100806570055,-74.78756787927539,-74.78756787927539
2876.3200806570053,-74.78716546518298,-74.78716546518298
2876.3300806570055,-74.7867591882803,-74.7867591882803
2876.3400806570053,-74.78634929400688,-74.78634929400688
2876.3500806570055,-74.78593602280272,-74.78593602280272
2876.3600806570053,-74.78551960974397,-74.78551960974397
2876.3700806570055,-74.78510028443709,-74.78510028443709
2876.3800806570052,-74.78467827123572,-74.78467827123572
2876.3900806570055,-74.7842537894883,-74.7842537894883
2876.400080680847,-74.78382705283792,-74.78382705283792
2876.4100806808474,-74.78339827360661,-74.78339827360661
2876.420080680847,-74.78296765703837,-74.78296765703837
2876.4300806808474,-74.78253540562032,-74.78253540562032
2876.440080680847,-74.7821017183191,-74.7821017183191
2876.4500806808473,-74.7816667908182,-74.7816667908182
2876.460080680847,-74.78123081572174,-74.78123081572174
2876.4700806808473,-74.7807939827414,-74.7807939827414
2876.480080680847,-74.78035647879446,-74.78035647879446
2876.4900806808473,-74.77991848818161,-74.77991848818161
2876.500080680847,-74.77948019267613,-74.77948019267613
2876.5100806808473,-74.77904177160168,-74.77904177160168
2876.520080680847,-74.77860340193544,-74.77860340193544
2876.5300806808473,-74.77816525835487,-74.77816525835487
2876.540080680847,-74.77772751329854,-74.77772751329854
2876.5500806808473,-74.77729033702265,-74.77729033702265
2876.560080680847,-74.77685389761457,-74.77685389761457
2876.5700806808472,-74.77641836105725,-74.77641836105725
2876.580080680847,-74.7759838912384,-74.7759838912384
2876.590080680847,-74.77555064997705,-74.77555064997705
2876.600080680847,-74.7751187970497,-74.7751187970497
2876.610080680847,-74.77468849020012,-74.77468849020012
2876.620080680847,-74.77425988516615,-74.77425988516615
2876.630080680847,-74.77383313567191,-74.77383313567191
2876.640080680847,-74.7734083934641,-74.7734083934641
2876.650080680847,-74.77298580831133,-74.77298580831133
2876.6600806808474,-74.77256552800604,-74.77256552800604
2876.670080680847,-74.77211474221768,-74.77211474221768
2876.6800806808474,-74.77161719417715,-74.77161719417715
2876.690080680847,-74.77106298944344,-74.77106298944344
2876.7000806808473,-74.77044557862409,-74.77044557862409
2876.710080680847,-74.76976053813506,-74.76976053813506
2876.7200806808473,-74.7690048554675,-74.7690048554675
2876.730080680847,-74.76817646885253,-74.76817646885253
2876.7400806808473,-74.76727396761694,-74.76727396761694
2876.750080680847,-74.76629639663182,-74.76629639663182
2876.7600806808473,-74.76524312785826,-74.76524312785826
2876.770080680847,-74.76411377520859,-74.76411377520859
2876.7800806808473,-74.76290813732814,-74.76290813732814
2876.790080680847,-74.76162615867983,-74.76162615867983
2876.8000806808473,-74.76026790250117,-74.76026790250117
2876.810080680847,-74.75883353168031,-74.75883353168031
2876.8200806808472,-74.75732329481099,-74.75732329481099
2876.830080680847,-74.75573751576098,-74.75573751576098
2876.840080680847,-74.75407658558795,-74.75407658558795
2876.850080680847,-74.75234095605974,-74.75234095605974
2876.860080680847,-74.75053113425241,-74.75053113425241
2876.870080680847,-74.74864767799457,-74.74864767799457
2876.880080680847,-74.74669119177176,-74.74669119177176
2876.890080680847,-74.74466232312956,-74.74466232312956
2876.900080680847,-74.74256175936007,-74.74256175936007
2876.9100806808474,-74.74039022442386,-74.74039022442386
2876.920080680847,-74.73814847610508,-74.73814847610508
2876.9300806808474,-74.73583730331683,-74.73583730331683
2876.940080680847,-74.73345752360076,-74.73345752360076
2876.9500806808473,-74.73100998068581,-74.73100998068581
2876.960080680847,-74.72849554227852,-74.72849554227852
2876.9700806808473,-74.72591509785516,-74.72591509785516
2876.980080680847,-74.72326955665622,-74.72326955665622
2876.9900806808473,-74.72055984577825,-74.72055984577825
2877.000080680847,-74.71778690828586,-74.71778690828586
2877.0100806808473,-74.71495170151267,-74.71495170151267
2877.020080680847,-74.71205519541044,-74.71205519541044
2877.0300806808473,-74.70909837098525,-74.70909837098525
2877.040080680847,-74.7060822188172,-74.7060822188172
2877.0500806808473,-74.70300773769931,-74.70300773769931
2877.060080680847,-74.69987593330158,-74.69987593330158
2877.0700806808472,-74.69668781692062,-74.69668781692062
2877.080080680847,-74.6934444043553,-74.6934444043553
2877.090080680847,-74.69014671475625,-74.69014671475625
2877.100080680847,-74.68679576962109,-74.68679576962109
2877.110080680847,-74.68339259182167,-74.68339259182167
2877.120080680847,-74.67993820469435,-74.67993820469435
2877.130080680847,-74.6764336311698,-74.6764336311698
2877.140080680847,-74.67287989298019,-74.67287989298019
2877.150080680847,-74.66927800991067,-74.66927800991067
2877.1600806808474,-74.66562899909786,-74.66562899909786
2877.170080680847,-74.66193387437411,-74.66193387437411
2877.1800806808474,-74.65819364564138,-74.65819364564138
2877.190080680847,-74.65440931831954,-74.65440931831954
2877.2000806808473,-74.65058189282033,-74.65058189282033
2877.210080680847,-74.64671236403878,-74.64671236403878
2877.2200806808473,-74.64280172090203,-74.64280172090203
2877.230080680847,-74.63885094595409,-74.63885094595409
2877.2400806808473,-74.63486101495631,-74.63486101495631
2877.250080704689,-74.63083288692447,-74.63083288692447
2877.2600807046892,-74.62676754207769,-74.62676754207769
2877.270080704689,-74.6226659243134,-74.6226659243134
2877.280080704689,-74.618528978909,-74.618528978909
2877.290080704689,-74.61435764283907,-74.61435764283907
2877.300080704689,-74.61015284452819,-74.61015284452819
2877.310080704689,-74.60591550363088,-74.60591550363088
2877.320080704689,-74.60164653083685,-74.60164653083685
2877.330080704689,-74.59734682771675,-74.59734682771675
2877.340080704689,-74.5930172865311,-74.5930172865311
2877.350080704689,-74.5886587901295,-74.5886587901295
2877.360080704689,-74.58427221179551,-74.58427221179551
2877.370080704689,-74.57985841515963,-74.57985841515963
2877.380080704689,-74.57541825410345,-74.57541825410345
2877.390080704689,-74.57095257266596,-74.57095257266596
2877.400080704689,-74.56646220496802,-74.56646220496802
2877.410080704689,-74.56194797519424,-74.56194797519424
2877.420080704689,-74.55741069749696,-74.55741069749696
2877.430080704689,-74.55285117600354,-74.55285117600354
2877.440080704689,-74.54827020476336,-74.54827020476336
2877.450080704689,-74.5436685677389,-74.5436685677389
2877.460080704689,-74.53904054579954,-74.53904054579954
2877.470080704689,-74.534384068856,-74.534384068856
2877.480080704689,-74.52969851862247,-74.52969851862247
2877.490080704689,-74.52498394309042,-74.52498394309042
2877.500080704689,-74.52024075685536,-74.52024075685536
2877.5100807046892,-74.5154695855375,-74.5154695855375
2877.520080704689,-74.51067117454105,-74.51067117454105
2877.530080704689,-74.50584633426634,-74.50584633426634
2877.540080704689,-74.50099590717315,-74.50099590717315
2877.550080704689,-74.49612074803768,-74.49612074803768
2877.560080704689,-74.49122171221055,-74.49122171221055
2877.570080704689,-74.48629964875605,-74.48629964875605
2877.580080704689,-74.4813553965481,-74.4813553965481
2877.590080704689,-74.47638978216881,-74.47638978216881
2877.600080704689,-74.47140361889019,-74.47140361889019
2877.610080704689,-74.46639770633304,-74.46639770633304
2877.620080704689,-74.46137283048002,-74.46137283048002
2877.630080704689,-74.45632976389068,-74.45632976389068
2877.640080704689,-74.45126926605025,-74.45126926605025
2877.650080704689,-74.44619208375146,-74.44619208375146
2877.660080704689,-74.44109895148048,-74.44109895148048
2877.670080704689,-74.43599059180457,-74.43599059180457
2877.680080704689,-74.43086771571991,-74.43086771571991
2877.690080704689,-74.42573102297715,-74.42573102297715
2877.700080704689,-74.42058120239544,-74.42058120239544
2877.710080704689,-74.41541893211767,-74.41541893211767
2877.720080704689,-74.41024487987916,-74.41024487987916
2877.730080704689,-74.40505970321526,-74.40505970321526
2877.740080704689,-74.39986404965519,-74.39986404965519
2877.750080704689,-74.39465855692406,-74.39465855692406
2877.7600807046892,-74.38944385311059,-74.38944385311059
2877.770080704689,-74.3842205568101,-74.3842205568101
2877.780080704689,-74.37898927726776,-74.37898927726776
2877.790080704689,-74.373750614536,-74.373750614536
2877.800080704689,-74.36850515956765,-74.36850515956765
2877.810080704689,-74.36325349435539,-74.36325349435539
2877.820080704689,-74.35799619203841,-74.35799619203841
2877.830080704689,-74.35273381700563,-74.35273381700563
2877.840080704689,-74.34746692500224,-74.34746692500224
2877.850080704689,-74.342196063236,-74.342196063236
2877.860080704689,-74.33692177045198,-74.33692177045198
2877.870080704689,-74.33164457706437,-74.33164457706437
2877.880080704689,-74.32636500519638,-74.32636500519638
2877.890080704689,-74.32108356882458,-74.32108356882458
2877.900080704689,-74.31580077383121,-74.31580077383121
2877.910080704689,-74.31051711811253,-74.31051711811253
2877.920080704689,-74.3052330916455,-74.3052330916455
2877.930080704689,-74.29994917659853,-74.29994917659853
2877.940080704689,-74.29466584738734,-74.29466584738734
2877.950080704689,-74.28938357079383,-74.28938357079383
2877.960080704689,-74.28410280602239,-74.28410280602239
2877.970080704689,-74.27882400479554,-74.27882400479554
2877.980080704689,-74.27354761143974,-74.27354761143974
2877.990080704689,-74.26827406295371,-74.26827406295371
2878.000080704689,-74.26300378910526,-74.26300378910526
2878.0100807046892,-74.25773721252311,-74.25773721252311
2878.020080704689,-74.25247474875125,-74.25247474875125
2878.030080704689,-74.24721680635018,-74.24721680635018
2878.040080704689,-74.24196378698143,-74.24196378698143
2878.050080704689,-74.23671608546421,-74.23671608546421
2878.060080704689,-74.2314740898972,-74.2314740898972
2878.070080704689,-74.22623818168371,-74.22623818168371
2878.080080704689,-74.2210087356802,-74.2210087356802
2878.090080704689,-74.21578612021958,-74.21578612021958
2878.100080728531,-74.21057068478788,-74.21057068478788
2878.110080728531,-74.20536280982247,-74.20536280982247
2878.120080728531,-74.2001628321835,-74.2001628321835
2878.130080728531,-74.19497109499079,-74.19497109499079
2878.140080728531,-74.18978793525952,-74.18978793525952
2878.150080728531,-74.18461368395663,-74.18461368395663
2878.160080728531,-74.17944866611958,-74.17944866611958
2878.170080728531,-74.17429320089359,-74.17429320089359
2878.180080728531,-74.16914760163391,-74.16914760163391
2878.190080728531,-74.16401217596228,-74.16401217596228
2878.200080728531,-74.15888722585642,-74.15888722585642
2878.210080728531,-74.15377304771435,-74.15377304771435
2878.220080728531,-74.14866993243446,-74.14866993243446
2878.230080728531,-74.14357816550418,-74.14357816550418
2878.2400807285308,-74.13849802703534,-74.13849802703534
2878.250080728531,-74.13342979188404,-74.13342979188404
2878.2600807285307,-74.12837372966987,-74.12837372966987
2878.270080728531,-74.12333010488635,-74.12333010488635
2878.2800807285307,-74.11829917696724,-74.11829917696724
2878.290080728531,-74.11328120034926,-74.11328120034926
2878.3000807285307,-74.10827642453125,-74.10827642453125
2878.310080728531,-74.1032850941581,-74.1032850941581
2878.3200807285307,-74.0983074490818,-74.0983074490818
2878.330080728531,-74.09334372443146,-74.09334372443146
2878.3400807285307,-74.08839415069106,-74.08839415069106
2878.350080728531,-74.08345895373822,-74.08345895373822
2878.360080728531,-74.07853835493823,-74.07853835493823
2878.370080728531,-74.0736325711854,-74.0736325711854
2878.380080728531,-74.0687418149857,-74.0687418149857
2878.390080728531,-74.06386629451035,-74.06386629451035
2878.400080728531,-74.05900621365703,-74.05900621365703
2878.410080728531,-74.05416177213318,-74.05416177213318
2878.420080728531,-74.04933316546871,-74.04933316546871
2878.430080728531,-74.04452058512823,-74.04452058512823
2878.440080728531,-74.03972421854502,-74.03972421854502
2878.450080728531,-74.03494424919536,-74.03494424919536
2878.460080728531,-74.03017440821066,-74.03017440821066
2878.470080728531,-74.02541205849056,-74.02541205849056
2878.480080728531,-74.02065601172967,-74.02065601172967
2878.4900807285308,-74.01590574794889,-74.01590574794889
2878.500080728531,-74.01116111772552,-74.01116111772552
2878.5100807285307,-74.00642218752412,-74.00642218752412
2878.520080728531,-74.00168914898208,-74.00168914898208
2878.5300807285307,-73.99696226442951,-73.99696226442951
2878.540080728531,-73.99224183412649,-73.99224183412649
2878.5500807285307,-73.98752817664635,-73.98752817664635
2878.560080728531,-73.982821617208,-73.982821617208
2878.5700807285307,-73.97812248084153,-73.97812248084153
2878.580080728531,-73.97343108854038,-73.97343108854038
2878.5900807285307,-73.96874775515734,-73.96874775515734
2878.600080728531,-73.9640727884211,-73.9640727884211
2878.610080728531,-73.95940648856775,-73.95940648856775
2878.620080728531,-73.95474914835998,-73.95474914835998
2878.630080728531,-73.95010105330357,-73.95010105330357
2878.640080728531,-73.94546248196043,-73.94546248196043
2878.650080728531,-73.94083370634127,-73.94083370634127
2878.660080728531,-73.93621499225229,-73.93621499225229
2878.670080728531,-73.93160659965457,-73.93160659965457
2878.680080728531,-73.92700878298147,-73.92700878298147
2878.690080728531,-73.92242179146236,-73.92242179146236
2878.700080728531,-73.91784586936406,-73.91784586936406
2878.710080728531,-73.91328125624776,-73.91328125624776
2878.720080728531,-73.90872818716184,-73.90872818716184
2878.730080728531,-73.90418689282123,-73.90418689282123
2878.7400807285308,-73.89965759979425,-73.89965759979425
2878.750080728531,-73.89514053061093,-73.89514053061093
2878.7600807285307,-73.89063590390893,-73.89063590390893
2878.770080728531,-73.88614393453729,-73.88614393453729
2878.7800807285307,-73.8816648336427,-73.8816648336427
2878.790080728531,-73.87719880876288,-73.87719880876288
2878.8000807285307,-73.87274606390385,-73.87274606390385
2878.810080728531,-73.86830679958922,-73.86830679958922
2878.8200807285307,-73.8638812129474,-73.8638812129474
2878.830080728531,-73.85946949773749,-73.85946949773749
2878.8400807285307,-73.85507184442582,-73.85507184442582
2878.850080728531,-73.85068844020768,-73.85068844020768
2878.860080728531,-73.84631946906228,-73.84631946906228
2878.870080728531,-73.84196511179796,-73.84196511179796
2878.880080728531,-73.83762554606176,-73.83762554606176
2878.890080728531,-73.8333009464054,-73.8333009464054
2878.900080728531,-73.82899148429324,-73.82899148429324
2878.910080728531,-73.82469732814558,-73.82469732814558
2878.920080728531,-73.82041864337099,-73.82041864337099
2878.930080728531,-73.81615559238848,-73.81615559238848
2878.940080728531,-73.81190833464919,-73.81190833464919
2878.9500807523727,-73.80767701661718,-73.80767701661718
2878.960080752373,-73.80346181210706,-73.80346181210706
2878.9700807523727,-73.79926286174903,-73.79926286174903
2878.980080752373,-73.7950803134399,-73.7950803134399
2878.9900807523727,-73.79091431225083,-73.79091431225083
2879.000080752373,-73.78676500045525,-73.78676500045525
2879.0100807523727,-73.78263251756276,-73.78263251756276
2879.020080752373,-73.77851700031786,-73.77851700031786
2879.0300807523727,-73.77441858275742,-73.77441858275742
2879.040080752373,-73.77033739623789,-73.77033739623789
2879.0500807523727,-73.76627356941519,-73.76627356941519
2879.060080752373,-73.7622272283163,-73.7622272283163
2879.0700807523726,-73.758198496365,-73.758198496365
2879.080080752373,-73.75418749437462,-73.75418749437462
2879.0900807523726,-73.75019434060088,-73.75019434060088
2879.100080752373,-73.746219150757,-73.746219150757
2879.1100807523726,-73.74226203806316,-73.74226203806316
2879.120080752373,-73.73832311321375,-73.73832311321375
2879.1300807523726,-73.73440248447707,-73.73440248447707
2879.140080752373,-73.7305002576762,-73.7305002576762
2879.1500807523726,-73.72661653621259,-73.72661653621259
2879.160080752373,-73.72275142113124,-73.72275142113124
2879.1700807523725,-73.71890501109735,-73.71890501109735
2879.1800807523728,-73.71507740245366,-73.71507740245366
2879.1900807523725,-73.71126868924895,-73.71126868924895
2879.2000807523727,-73.70747896323407,-73.70747896323407
2879.210080752373,-73.70370831392702,-73.70370831392702
2879.2200807523727,-73.69995682861781,-73.69995682861781
2879.230080752373,-73.69622459238077,-73.69622459238077
2879.2400807523727,-73.69251168813503,-73.69251168813503
2879.250080752373,-73.68881819664169,-73.68881819664169
2879.2600807523727,-73.68514419654959,-73.68514419654959
2879.270080752373,-73.68148976439755,-73.68148976439755
2879.2800807523727,-73.67785497466143,-73.67785497466143
2879.290080752373,-73.67423989977748,-73.67423989977748
2879.3000807523727,-73.67064461015724,-73.67064461015724
2879.310080752373,-73.66706917421158,-73.66706917421158
2879.3200807523726,-73.66351365839735,-73.66351365839735
2879.330080752373,-73.65997812720452,-73.65997812720452
2879.3400807523726,-73.65646264322665,-73.65646264322665
2879.350080752373,-73.65296726715574,-73.65296726715574
2879.3600807523726,-73.64949205781085,-73.64949205781085
2879.370080752373,-73.6460370721611,-73.6460370721611
2879.3800807523726,-73.64260236536617,-73.64260236536617
2879.390080752373,-73.63918799078154,-73.63918799078154
2879.4000807523726,-73.63579399999503,-73.63579399999503
2879.410080752373,-73.63242044283591,-73.63242044283591
2879.4200807523725,-73.62906736742531,-73.62906736742531
2879.4300807523728,-73.62573482016624,-73.62573482016624
2879.4400807523725,-73.6224228457858,-73.6224228457858
2879.4500807523727,-73.61913148736333,-73.61913148736333
2879.460080752373,-73.6158607863364,-73.6158607863364
2879.4700807523727,-73.61261078254896,-73.61261078254896
2879.480080752373,-73.60938151422592,-73.60938151422592
2879.4900807523727,-73.60617301806552,-73.60617301806552
2879.500080752373,-73.60298532920007,-73.60298532920007
2879.5100807523727,-73.59981848123692,-73.59981848123692
2879.520080752373,-73.59667250629626,-73.59667250629626
2879.5300807523727,-73.59354743501882,-73.59354743501882
2879.540080752373,-73.59044329657995,-73.59044329657995
2879.5500807523727,-73.58736011873219,-73.58736011873219
2879.560080752373,-73.58429792780089,-73.58429792780089
2879.5700807523726,-73.58125674872618,-73.58125674872618
2879.580080752373,-73.57823660505824,-73.57823660505824
2879.5900807523726,-73.5752375190225,-73.5752375190225
2879.600080752373,-73.57225951148288,-73.57225951148288
2879.6100807523726,-73.56930260200579,-73.56930260200579
2879.620080752373,-73.56636680885144,-73.56636680885144
2879.6300807523726,-73.56345214902596,-73.56345214902596
2879.640080752373,-73.56055863825048,-73.56055863825048
2879.6500807523726,-73.55768629103139,-73.55768629103139
2879.660080752373,-73.55483512064461,-73.55483512064461
2879.6700807523725,-73.55200513916904,-73.55200513916904
2879.6800807523728,-73.54919635751565,-73.54919635751565
2879.6900807523725,-73.54639909247491,-73.54639909247491
2879.7000807523727,-73.54360173835428,-73.54360173835428
2879.710080752373,-73.54079412767545,-73.54079412767545
2879.7200807523727,-73.53796807448056,-73.53796807448056
2879.730080752373,-73.53511709355794,-73.53511709355794
2879.7400807523727,-73.53223601731122,-73.53223601731122
2879.750080752373,-73.52932068667906,-73.52932068667906
2879.7600807523727,-73.52636772903232,-73.52636772903232
2879.770080752373,-73.5233744013039,-73.5233744013039
2879.7800807523727,-73.5203384767653,-73.5203384767653
2879.790080752373,-73.51725816023227,-73.51725816023227
2879.8000807762146,-73.51413201456575,-73.51413201456575
2879.810080776215,-73.51095893722974,-73.51095893722974
2879.8200807762146,-73.50773807211638,-73.50773807211638
2879.830080776215,-73.50446880219171,-73.50446880219171
2879.8400807762146,-73.50115071084173,-73.50115071084173
2879.850080776215,-73.4977835550179,-73.4977835550179
2879.8600807762145,-73.49436724217826,-73.49436724217826
2879.8700807762148,-73.49090181026634,-73.49090181026634
2879.8800807762145,-73.4873874103987,-73.4873874103987
2879.8900807762147,-73.48382429180552,-73.48382429180552
2879.9000807762145,-73.48021278873105,-73.48021278873105
2879.9100807762147,-73.47655330901858,-73.47655330901858
2879.9200807762145,-73.47284632413441,-73.47284632413441
2879.9300807762147,-73.46909236044219,-73.46909236044219
2879.9400807762145,-73.46529199159082,-73.46529199159082
2879.9500807762147,-73.46144583180606,-73.46144583180606
2879.9600807762145,-73.45755453005009,-73.45755453005009
2879.9700807762147,-73.4536187648467,-73.4536187648467
2879.9800807762144,-73.44963923974994,-73.44963923974994
2879.9900807762147,-73.4456166793755,-73.4456166793755
2880.0000807762144,-73.4415518258678,-73.4415518258678
2880.0100807762146,-73.43744543581847,-73.43744543581847
2880.0200807762144,-73.43329827752218,-73.43329827752218
2880.0300807762146,-73.42911112858404,-73.42911112858404
2880.0400807762144,-73.42488477376823,-73.42488477376823
2880.0500807762146,-73.42062000314536,-73.42062000314536
2880.060080776215,-73.41631761042801,-73.41631761042801
2880.0700807762146,-73.41197839148695,-73.41197839148695
2880.080080776215,-73.40760314307829,-73.40760314307829
2880.0900807762146,-73.40319266171143,-73.40319266171143
2880.100080776215,-73.39874774261561,-73.39874774261561
2880.1100807762145,-73.39426917887816,-73.39426917887816
2880.1200807762148,-73.38975776064845,-73.38975776064845
2880.1300807762145,-73.3852142744581,-73.3852142744581
2880.1400807762147,-73.38063950261551,-73.38063950261551
2880.1500807762145,-73.37603422268482,-73.37603422268482
2880.1600807762147,-73.37139920701463,-73.37139920701463
2880.1700807762145,-73.36673522234368,-73.36673522234368
2880.1800807762147,-73.36204302943574,-73.36204302943574
2880.1900807762145,-73.35732338279666,-73.35732338279666
2880.2000807762147,-73.35257703040106,-73.35257703040106
2880.2100807762145,-73.34780471347128,-73.34780471347128
2880.2200807762147,-73.34300716626363,-73.34300716626363
2880.2300807762144,-73.33818511596033,-73.33818511596033
2880.2400807762147,-73.33333928246894,-73.33333928246894
2880.2500807762144,-73.32847037835212,-73.32847037835212
2880.2600807762146,-73.32357910871754,-73.32357910871754
2880.2700807762144,-73.31866617117652,-73.31866617117652
2880.2800807762146,-73.31373225573792,-73.31373225573792
2880.2900807762144,-73.30877804480747,-73.30877804480747
2880.3000807762146,-73.30380421314773,-73.30380421314773
2880.310080776215,-73.29881142785383,-73.29881142785383
2880.3200807762146,-73.29380034835283,-73.29380034835283
2880.330080776215,-73.28877162641339,-73.28877162641339
2880.3400807762146,-73.28372590615494,-73.28372590615494
2880.350080776215,-73.27866382404785,-73.27866382404785
2880.3600807762145,-73.27358600898208,-73.27358600898208
2880.3700807762148,-73.26849308224243,-73.26849308224243
2880.3800807762145,-73.26338565759472,-73.26338565759472
2880.3900807762147,-73.25826434129607,-73.25826434129607
2880.4000807762145,-73.2531297321442,-73.2531297321442
2880.4100807762147,-73.24798242152961,-73.24798242152961
2880.4200807762145,-73.24282299349909,-73.24282299349909
2880.4300807762147,-73.23765202476775,-73.23765202476775
2880.4400807762145,-73.23247008482059,-73.23247008482059
2880.4500807762147,-73.2272777359457,-73.2272777359457
2880.4600807762145,-73.22207553329635,-73.22207553329635
2880.4700807762147,-73.21686402495688,-73.21686402495688
2880.4800807762144,-73.2116437519959,-73.2116437519959
2880.4900807762147,-73.20641524852209,-73.20641524852209
2880.5000807762144,-73.20117904178002,-73.20117904178002
2880.5100807762146,-73.19593565216992,-73.19593565216992
2880.5200807762144,-73.19068559334737,-73.19068559334737
2880.5300807762146,-73.18542937226498,-73.18542937226498
2880.5400807762144,-73.1801674892399,-73.1801674892399
2880.5500807762146,-73.17490043803673,-73.17490043803673
2880.560080776215,-73.16962870591907,-73.16962870591907
2880.5700807762146,-73.16435277371063,-73.16435277371063
2880.580080776215,-73.15907311585988,-73.15907311585988
2880.5900807762146,-73.15379020051867,-73.15379020051867
2880.600080776215,-73.14850448958924,-73.14850448958924
2880.6100807762145,-73.1432164387989,-73.1432164387989
2880.6200807762148,-73.13792649776285,-73.13792649776285
2880.6300807762145,-73.13263511005455,-73.13263511005455
2880.6400807762147,-73.12734271324483,-73.12734271324483
2880.6500808000565,-73.12204972638062,-73.12204972638062
2880.6600808000567,-73.11675660046731,-73.11675660046731
2880.6700808000564,-73.11146374288505,-73.11146374288505
2880.6800808000567,-73.10617156788285,-73.10617156788285
2880.6900808000564,-73.10088048404724,-73.10088048404724
2880.7000808000566,-73.0955908943235,-73.0955908943235
2880.7100808000564,-73.09030319611782,-73.09030319611782
2880.7200808000566,-73.08501778133166,-73.08501778133166
2880.7300808000564,-73.07973503642351,-73.07973503642351
2880.7400808000566,-73.07445534247385,-73.07445534247385
2880.7500808000564,-73.06917907524752,-73.06917907524752
2880.7600808000566,-73.06390660522943,-73.06390660522943
2880.7700808000563,-73.05863829771077,-73.05863829771077
2880.7800808000566,-73.05337451281036,-73.05337451281036
2880.7900808000563,-73.04811560556655,-73.04811560556655
2880.8000808000565,-73.04286192597576,-73.04286192597576
2880.8100808000563,-73.03761381903857,-73.03761381903857
2880.8200808000565,-73.0323716248281,-73.0323716248281
2880.8300808000563,-73.02713567853787,-73.02713567853787
2880.8400808000565,-73.0219063105344,-73.0219063105344
2880.8500808000563,-73.01668384640799,-73.01668384640799
2880.8600808000565,-73.01146860702578,-73.01146860702578
2880.8700808000563,-73.0062609086014,-73.0062609086014
2880.8800808000565,-73.00106106270857,-73.00106106270857
2880.8900808000562,-72.995869376356,-72.995869376356
2880.9000808000565,-72.99068615204573,-72.99068615204573
2880.9100808000567,-72.98551168779956,-72.98551168779956
2880.9200808000564,-72.9803462772246,-72.9803462772246
2880.9300808000567,-72.97519020955835,-72.97519020955835
2880.9400808000564,-72.97004376971,-72.97004376971
2880.9500808000566,-72.96490723830341,-72.96490723830341
2880.9600808000564,-72.95978089176127,-72.95978089176127
2880.9700808000566,-72.95466500229561,-72.95466500229561
2880.9800808000564,-72.94955983799115,-72.94955983799115
2880.9900808000566,-72.94446566285389,-72.94446566285389
2881.0000808000564,-72.9393827368274,-72.9393827368274
2881.0100808000566,-72.9343113158633,-72.9343113158633
2881.0200808000563,-72.92925165196098,-72.92925165196098
2881.0300808000566,-72.92420399319582,-72.92420399319582
2881.0400808000563,-72.91916858378265,-72.91916858378265
2881.0500808000565,-72.91414566411152,-72.91414566411152
2881.0600808000563,-72.90913547078155,-72.90913547078155
2881.0700808000565,-72.90413823666043,-72.90413823666043
2881.0800808000563,-72.89915419089657,-72.89915419089657
2881.0900808000565,-72.8941835590043,-72.8941835590043
2881.1000808000563,-72.88922656286354,-72.88922656286354
2881.1100808000565,-72.88428342078154,-72.88428342078154
2881.1200808000563,-72.87935434753356,-72.87935434753356
2881.1300808000565,-72.87443955439159,-72.87443955439159
2881.1400808000562,-72.86953924916169,-72.86953924916169
2881.1500808000565,-72.86465363625116,-72.86465363625116
2881.1600808000567,-72.85978291666905,-72.85978291666905
2881.1700808000564,-72.85492728808443,-72.85492728808443
2881.1800808000567,-72.85008694485612,-72.85008694485612
2881.1900808000564,-72.84526207808504,-72.84526207808504
2881.2000808000566,-72.84045287563563,-72.84045287563563
2881.2100808000564,-72.83565317125304,-72.83565317125304
2881.2200808000566,-72.83086036973549,-72.83086036973549
2881.2300808000564,-72.82607330260662,-72.82607330260662
2881.2400808000566,-72.82129146078935,-72.82129146078935
2881.2500808000564,-72.81651470156763,-72.81651470156763
2881.2600808000566,-72.81174309616755,-72.81174309616755
2881.2700808000563,-72.8069768403394,-72.8069768403394
2881.2800808000566,-72.80221620056436,-72.80221620056436
2881.2900808000563,-72.79746148165745,-72.79746148165745
2881.3000808000565,-72.79271300736026,-72.79271300736026
2881.3100808000563,-72.78797110875509,-72.78797110875509
2881.3200808000565,-72.78323611748252,-72.78323611748252
2881.3300808000563,-72.77850836185115,-72.77850836185115
2881.3400808000565,-72.77378816474449,-72.77378816474449
2881.3500808000563,-72.76907584258434,-72.76907584258434
2881.3600808000565,-72.76437170494732,-72.76437170494732
2881.3700808000563,-72.75967605452735,-72.75967605452735
2881.3800808000565,-72.75498918735887,-72.75498918735887
2881.3900808000562,-72.75031139306975,-72.75031139306975
2881.4000808000565,-72.74564295523138,-72.74564295523138
2881.4100808000567,-72.7409841517059,-72.7409841517059
2881.4200808000564,-72.73633525497442,-72.73633525497442
2881.4300808000567,-72.73169653242384,-72.73169653242384
2881.4400808000564,-72.72706824664102,-72.72706824664102
2881.4500808000566,-72.72245065565627,-72.72245065565627
2881.4600808000564,-72.71784401314724,-72.71784401314724
2881.4700808000566,-72.71324856864288,-72.71324856864288
2881.4800808000564,-72.70866456768194,-72.70866456768194
2881.4900808000566,-72.70409225195374,-72.70409225195374
2881.5000808238983,-72.69953184856895,-72.69953184856895
2881.5100808238985,-72.69498361363202,-72.69498361363202
2881.5200808238983,-72.69044776709849,-72.69044776709849
2881.5300808238985,-72.68592453635323,-72.68592453635323
2881.5400808238983,-72.68141414544235,-72.68141414544235
2881.5500808238985,-72.67691681507775,-72.67691681507775
2881.5600808238983,-72.67243276273527,-72.67243276273527
2881.5700808238985,-72.66796220268985,-72.66796220268985
2881.5800808238982,-72.6635053460464,-72.6635053460464
2881.5900808238985,-72.65906240077993,-72.65906240077993
2881.600080823898,-72.6546335717973,-72.6546335717973
2881.6100808238984,-72.65021906091599,-72.65021906091599
2881.620080823898,-72.64581906695209,-72.64581906695209
2881.6300808238984,-72.64143378568942,-72.64143378568942
2881.640080823898,-72.63706340995293,-72.63706340995293
2881.6500808238984,-72.63270812959297,-72.63270812959297
2881.660080823898,-72.62836813154175,-72.62836813154175
2881.6700808238984,-72.62404359979202,-72.62404359979202
2881.680080823898,-72.61973471545333,-72.61973471545333
2881.6900808238984,-72.61544165676615,-72.61544165676615
2881.700080823898,-72.61116459908904,-72.61116459908904
2881.7100808238984,-72.60690371497405,-72.60690371497405
2881.720080823898,-72.60265917412282,-72.60265917412282
2881.7300808238983,-72.59843114344771,-72.59843114344771
2881.740080823898,-72.59421978707537,-72.59421978707537
2881.7500808238983,-72.59002526637245,-72.59002526637245
2881.7600808238985,-72.58584773993879,-72.58584773993879
2881.7700808238983,-72.581687363681,-72.581687363681
2881.7800808238985,-72.57754429076456,-72.57754429076456
2881.7900808238983,-72.57341867167995,-72.57341867167995
2881.8000808238985,-72.5693106542459,-72.5693106542459
2881.8100808238983,-72.5652203836182,-72.5652203836182
2881.8200808238985,-72.56114800232865,-72.56114800232865
2881.8300808238982,-72.55709365030397,-72.55709365030397
2881.8400808238985,-72.55305746485529,-72.55305746485529
2881.850080823898,-72.54903958074567,-72.54903958074567
2881.8600808238984,-72.5450401301728,-72.5450401301728
2881.870080823898,-72.54105924279996,-72.54105924279996
2881.8800808238984,-72.53709704579059,-72.53709704579059
2881.890080823898,-72.53315366380635,-72.53315366380635
2881.9000808238984,-72.52922921904091,-72.52922921904091
2881.910080823898,-72.5253238312618,-72.5253238312618
2881.9200808238984,-72.52143761777127,-72.52143761777127
2881.930080823898,-72.51757069350123,-72.51757069350123
2881.9400808238984,-72.51372317097848,-72.51372317097848
2881.950080823898,-72.50989516038572,-72.50989516038572
2881.9600808238984,-72.50608676954782,-72.50608676954782
2881.970080823898,-72.50229810399249,-72.50229810399249
2881.9800808238983,-72.49852926693244,-72.49852926693244
2881.990080823898,-72.49478035932135,-72.49478035932135
2882.0000808238983,-72.49105147985944,-72.49105147985944
2882.0100808238985,-72.48734272501594,-72.48734272501594
2882.0200808238983,-72.48365418904943,-72.48365418904943
2882.0300808238985,-72.47998596404068,-72.47998596404068
2882.0400808238983,-72.47633813991442,-72.47633813991442
2882.0500808238985,-72.47271080444096,-72.47271080444096
2882.0600808238983,-72.46910404329913,-72.46910404329913
2882.0700808238985,-72.46551794004867,-72.46551794004867
2882.0800808238982,-72.4619525761916,-72.4619525761916
2882.0900808238985,-72.45840803117615,-72.45840803117615
2882.100080823898,-72.45488438242562,-72.45488438242562
2882.1100808238984,-72.45138170535563,-72.45138170535563
2882.120080823898,-72.44790007341201,-72.44790007341201
2882.1300808238984,-72.44443955806106,-72.44443955806106
2882.140080823898,-72.44100022884984,-72.44100022884984
2882.1500808238984,-72.43758215339533,-72.43758215339533
2882.160080823898,-72.43418539743567,-72.43418539743567
2882.1700808238984,-72.43081002482307,-72.43081002482307
2882.180080823898,-72.4274560975668,-72.4274560975668
2882.1900808238984,-72.42412367585122,-72.42412367585122
2882.200080823898,-72.42081281804624,-72.42081281804624
2882.2100808238984,-72.4175235807447,-72.4175235807447
2882.220080823898,-72.41425601877572,-72.41425601877572
2882.2300808238983,-72.41101018522073,-72.41101018522073
2882.240080823898,-72.40778613143932,-72.40778613143932
2882.2500808238983,-72.40458390709891,-72.40458390709891
2882.2600808238985,-72.40140356018216,-72.40140356018216
2882.2700808238983,-72.3982451370221,-72.3982451370221
2882.2800808238985,-72.39510868230111,-72.39510868230111
2882.2900808238983,-72.39199423909542,-72.39199423909542
2882.3000808238985,-72.38890184887818,-72.38890184887818
2882.3100808238983,-72.38583155155715,-72.38583155155715
2882.3200808238985,-72.38278338546598,-72.38278338546598
2882.3300808238982,-72.37975738741825,-72.37975738741825
2882.3400808238985,-72.37675359270602,-72.37675359270602
2882.35008084774,-72.37377202802921,-72.37377202802921
2882.3600808477404,-72.37081273994934,-72.37081273994934
2882.37008084774,-72.3678757521795,-72.3678757521795
2882.3800808477404,-72.3649610941337,-72.3649610941337
2882.39008084774,-72.36206879381535,-72.36206879381535
2882.4000808477404,-72.35919887782492,-72.35919887782492
2882.41008084774,-72.35635137138028,-72.35635137138028
2882.4200808477403,-72.35352629833703,-72.35352629833703
2882.43008084774,-72.35072368119991,-72.35072368119991
2882.4400808477403,-72.34794354115057,-72.34794354115057
2882.45008084774,-72.34518589806504,-72.34518589806504
2882.4600808477403,-72.34245077052474,-72.34245077052474
2882.47008084774,-72.33973817582928,-72.33973817582928
2882.4800808477403,-72.33704813003746,-72.33704813003746
2882.49008084774,-72.33438064795975,-72.33438064795975
2882.5000808477403,-72.33173574318312,-72.33173574318312
2882.51008084774,-72.32911342809687,-72.32911342809687
2882.5200808477402,-72.3265137138961,-72.3265137138961
2882.53008084774,-72.32393661060937,-72.32393661060937
2882.5400808477402,-72.32138212710284,-72.32138212710284
2882.55008084774,-72.31885027111133,-72.31885027111133
2882.56008084774,-72.31634104925047,-72.31634104925047
2882.57008084774,-72.3138544670208,-72.3138544670208
2882.58008084774,-72.31139052883296,-72.31139052883296
2882.59008084774,-72.30894923802275,-72.30894923802275
2882.60008084774,-72.30653059687334,-72.30653059687334
2882.6100808477404,-72.30413460662216,-72.30413460662216
2882.62008084774,-72.30176126747195,-72.30176126747195
2882.6300808477404,-72.29941057860842,-72.29941057860842
2882.64008084774,-72.29708253823134,-72.29708253823134
2882.6500808477404,-72.29477714354117,-72.29477714354117
2882.66008084774,-72.29249439077677,-72.29249439077677
2882.6700808477403,-72.29023427522057,-72.29023427522057
2882.68008084774,-72.28799679121421,-72.28799679121421
2882.6900808477403,-72.2857819321659,-72.2857819321659
2882.70008084774,-72.28358969057602,-72.28358969057602
2882.7100808477403,-72.28142005804268,-72.28142005804268
2882.72008084774,-72.27927302527358,-72.27927302527358
2882.7300808477403,-72.2771485821083,-72.2771485821083
2882.74008084774,-72.27504671752327,-72.27504671752327
2882.7500808477403,-72.27296741964756,-72.27296741964756
2882.76008084774,-72.27091067577997,-72.27091067577997
2882.7700808477402,-72.2688764723916,-72.2688764723916
2882.78008084774,-72.26686479514848,-72.26686479514848
2882.7900808477402,-72.2648756289248,-72.2648756289248
2882.80008084774,-72.26290895780065,-72.26290895780065
2882.81008084774,-72.26096476509406,-72.26096476509406
2882.82008084774,-72.25904303335754,-72.25904303335754
2882.83008084774,-72.25714374440113,-72.25714374440113
2882.84008084774,-72.25526687928293,-72.25526687928293
2882.85008084774,-72.25341241835227,-72.25341241835227
2882.8600808477404,-72.25158034123773,-72.25158034123773
2882.87008084774,-72.24977062688008,-72.24977062688008
2882.8800808477404,-72.2479832535113,-72.2479832535113
2882.89008084774,-72.24621819869058,-72.24621819869058
2882.9000808477404,-72.24447543930705,-72.24447543930705
2882.91008084774,-72.24275495159176,-72.24275495159176
2882.9200808477403,-72.2410567111327,-72.2410567111327
2882.93008084774,-72.2393806928792,-72.2393806928792
2882.9400808477403,-72.23772687114588,-72.23772687114588
2882.95008084774,-72.23609521964445,-72.23609521964445
2882.9600808477403,-72.23448571147335,-72.23448571147335
2882.97008084774,-72.2328983191379,-72.2328983191379
2882.9800808477403,-72.23133301454276,-72.23133301454276
2882.99008084774,-72.22978976904425,-72.22978976904425
2883.0000808477403,-72.228268553398,-72.228268553398
2883.01008084774,-72.22676933783909,-72.22676933783909
2883.0200808477402,-72.22529209202358,-72.22529209202358
2883.03008084774,-72.22383678508557,-72.22383678508557
2883.0400808477402,-72.22240338561518,-72.22240338561518
2883.05008084774,-72.22099186170074,-72.22099186170074
2883.06008084774,-72.21960218090001,-72.21960218090001
2883.07008084774,-72.21823431029327,-72.21823431029327
2883.08008084774,-72.21688821643728,-72.21688821643728
2883.09008084774,-72.21556386541754,-72.21556386541754
2883.10008084774,-72.2142612228443,-72.2142612228443
2883.1100808477404,-72.2129802538572,-72.2129802538572
2883.12008084774,-72.21172092313394,-72.21172092313394
2883.1300808477404,-72.2104831949033,-72.2104831949033
2883.14008084774,-72.20926703294016,-72.20926703294016
2883.1500808477404,-72.20807240059717,-72.20807240059717
2883.16008084774,-72.20689926078688,-72.20689926078688
2883.1700808477403,-72.20574757600251,-72.20574757600251
2883.18008084774,-72.20461730833182,-72.20461730833182
2883.1900808477403,-72.20350841945039,-72.20350841945039
2883.200080871582,-72.20242086806019,-72.20242086806019
2883.2100808715822,-72.2013546202708,-72.2013546202708
2883.220080871582,-72.20030963394231,-72.20030963394231
2883.2300808715822,-72.19928586920336,-72.19928586920336
2883.240080871582,-72.19828328582513,-72.19828328582513
2883.250080871582,-72.19730184319079,-72.19730184319079
2883.260080871582,-72.19634150035793,-72.19634150035793
2883.270080871582,-72.19540221600707,-72.19540221600707
2883.280080871582,-72.19448394849798,-72.19448394849798
2883.290080871582,-72.19358665584288,-72.19358665584288
2883.300080871582,-72.19271029573429,-72.19271029573429
2883.310080871582,-72.19185482553064,-72.19185482553064
2883.320080871582,-72.19102020229373,-72.19102020229373
2883.330080871582,-72.19020638275397,-72.19020638275397
2883.340080871582,-72.18941332335437,-72.18941332335437
2883.350080871582,-72.18864098023222,-72.18864098023222
2883.360080871582,-72.18788930924198,-72.18788930924198
2883.370080871582,-72.18715826593595,-72.18715826593595
2883.380080871582,-72.18644780560066,-72.18644780560066
2883.390080871582,-72.18575788325222,-72.18575788325222
2883.400080871582,-72.18508845362624,-72.18508845362624
2883.410080871582,-72.18443947121023,-72.18443947121023
2883.420080871582,-72.18381089022742,-72.18381089022742
2883.430080871582,-72.18320266464734,-72.18320266464734
2883.440080871582,-72.18261474819808,-72.18261474819808
2883.450080871582,-72.18204709436097,-72.18204709436097
2883.4600808715822,-72.18149965639347,-72.18149965639347
2883.470080871582,-72.18097238731973,-72.18097238731973
2883.4800808715822,-72.18046523993169,-72.18046523993169
2883.490080871582,-72.17997816681003,-72.17997816681003
2883.500080871582,-72.17951112031726,-72.17951112031726
2883.510080871582,-72.17906405260395,-72.17906405260395
2883.520080871582,-72.17863691562282,-72.17863691562282
2883.530080871582,-72.17822966111945,-72.17822966111945
2883.540080871582,-72.17784224065142,-72.17784224065142
2883.550080871582,-72.17747460557727,-72.17747460557727
2883.560080871582,-72.17712670707708,-72.17712670707708
2883.570080871582,-72.17679849614564,-72.17679849614564
2883.580080871582,-72.17648992359729,-72.17648992359729
2883.590080871582,-72.17620094009038,-72.17620094009038
2883.600080871582,-72.17593149610005,-72.17593149610005
2883.610080871582,-72.175681541938,-72.175681541938
2883.620080871582,-72.17545102776056,-72.17545102776056
2883.630080871582,-72.17523990356739,-72.17523990356739
2883.640080871582,-72.17504811920925,-72.17504811920925
2883.650080871582,-72.1748756243951,-72.1748756243951
2883.660080871582,-72.17472236867586,-72.17472236867586
2883.670080871582,-72.17458830147581,-72.17458830147581
2883.680080871582,-72.17447337208584,-72.17447337208584
2883.690080871582,-72.174377529653,-72.174377529653
2883.700080871582,-72.17430072320742,-72.17430072320742
2883.7100808715822,-72.1742429016565,-72.1742429016565
2883.720080871582,-72.17420401378395,-72.17420401378395
2883.7300808715822,-72.17418400825366,-72.17418400825366
2883.740080871582,-72.17418283362079,-72.17418283362079
2883.750080871582,-72.17420043834183,-72.17420043834183
2883.760080871582,-72.17423677075274,-72.17423677075274
2883.770080871582,-72.17429177909025,-72.17429177909025
2883.780080871582,-72.17436541149765,-72.17436541149765
2883.790080871582,-72.1744576160193,-72.1744576160193
2883.800080871582,-72.17456834061667,-72.17456834061667
2883.810080871582,-72.174697533148,-72.174697533148
2883.820080871582,-72.17484514139993,-72.17484514139993
2883.830080871582,-72.17501111306255,-72.17501111306255
2883.840080871582,-72.17519539576527,-72.17519539576527
2883.850080871582,-72.17539793704482,-72.17539793704482
2883.860080871582,-72.17561868437606,-72.17561868437606
2883.870080871582,-72.17585758516167,-72.17585758516167
2883.880080871582,-72.17611458673616,-72.17611458673616
2883.890080871582,-72.17638963637268,-72.17638963637268
2883.900080871582,-72.17668268127998,-72.17668268127998
2883.910080871582,-72.17699366860201,-72.17699366860201
2883.920080871582,-72.17732254545022,-72.17732254545022
2883.930080871582,-72.17766925886416,-72.17766925886416
2883.940080871582,-72.17803375583853,-72.17803375583853
2883.950080871582,-72.1784159833205,-72.1784159833205
2883.9600808715822,-72.17880958974838,-72.17880958974838
2883.970080871582,-72.17921176235484,-72.17921176235484
2883.9800808715822,-72.17962110394659,-72.17962110394659
2883.990080871582,-72.18003687308747,-72.18003687308747
2884.000080871582,-72.18045869400306,-72.18045869400306
2884.010080871582,-72.18088640578729,-72.18088640578729
2884.020080871582,-72.18131997395281,-72.18131997395281
2884.030080871582,-72.1817594372717,-72.1817594372717
2884.040080871582,-72.18220487575506,-72.18220487575506
2884.050080895424,-72.18265639251355,-72.18265639251355
2884.060080895424,-72.18311409798258,-72.18311409798258
2884.070080895424,-72.18357810962603,-72.18357810962603
2884.080080895424,-72.18404854376156,-72.18404854376156
2884.090080895424,-72.18452551451246,-72.18452551451246
2884.100080895424,-72.1850091327383,-72.1850091327383
2884.110080895424,-72.18549950560889,-72.18549950560889
2884.120080895424,-72.18599673650247,-72.18599673650247
2884.130080895424,-72.18650092519148,-72.18650092519148
2884.140080895424,-72.18701216803478,-72.18701216803478
2884.150080895424,-72.18753055827715,-72.18753055827715
2884.160080895424,-72.18805618635442,-72.18805618635442
2884.170080895424,-72.18858914014793,-72.18858914014793
2884.180080895424,-72.1891295052588,-72.1891295052588
2884.1900808954238,-72.18967736523886,-72.18967736523886
2884.200080895424,-72.19023280177505,-72.19023280177505
2884.2100808954237,-72.19079589489147,-72.19079589489147
2884.220080895424,-72.1913667230639,-72.1913667230639
2884.2300808954237,-72.19194536339013,-72.19194536339013
2884.240080895424,-72.19253189165596,-72.19253189165596
2884.2500808954237,-72.19312638243287,-72.19312638243287
2884.260080895424,-72.193728909171,-72.193728909171
2884.2700808954237,-72.19433954423357,-72.19433954423357
2884.280080895424,-72.19495835896232,-72.19495835896232
2884.2900808954237,-72.19558542369626,-72.19558542369626
2884.300080895424,-72.19622080783249,-72.19622080783249
2884.310080895424,-72.19686457981645,-72.19686457981645
2884.320080895424,-72.19751680719249,-72.19751680719249
2884.330080895424,-72.19817755656604,-72.19817755656604
2884.340080895424,-72.19884689367628,-72.19884689367628
2884.350080895424,-72.19952488335211,-72.19952488335211
2884.360080895424,-72.20021158955112,-72.20021158955112
2884.370080895424,-72.20090707532664,-72.20090707532664
2884.380080895424,-72.20161140284817,-72.20161140284817
2884.390080895424,-72.2023246334016,-72.2023246334016
2884.400080895424,-72.20304682737111,-72.20304682737111
2884.410080895424,-72.20377804423877,-72.20377804423877
2884.420080895424,-72.2045183425925,-72.2045183425925
2884.430080895424,-72.20526778011063,-72.20526778011063
2884.4400808954238,-72.20602641356182,-72.20602641356182
2884.450080895424,-72.2067942987857,-72.2067942987857
2884.4600808954237,-72.20757149072517,-72.20757149072517
2884.470080895424,-72.20835804336254,-72.20835804336254
2884.4800808954237,-72.2091540097745,-72.2091540097745
2884.490080895424,-72.20995944209483,-72.20995944209483
2884.5000808954237,-72.21077439151273,-72.21077439151273
2884.510080895424,-72.21159890827455,-72.21159890827455
2884.5200808954237,-72.21243304168625,-72.21243304168625
2884.530080895424,-72.2132768400893,-72.2132768400893
2884.5400808954237,-72.21413035089275,-72.21413035089275
2884.550080895424,-72.21499362053792,-72.21499362053792
2884.560080895424,-72.21586669451995,-72.21586669451995
2884.570080895424,-72.2167496173628,-72.2167496173628
2884.580080895424,-72.2176424326506,-72.2176424326506
2884.590080895424,-72.21854518299497,-72.21854518299497
2884.600080895424,-72.21945791005894,-72.21945791005894
2884.610080895424,-72.22038065454825,-72.22038065454825
2884.620080895424,-72.22131345621732,-72.22131345621732
2884.630080895424,-72.22225635386006,-72.22225635386006
2884.640080895424,-72.22320938531918,-72.22320938531918
2884.650080895424,-72.22417258749414,-72.22417258749414
2884.660080895424,-72.22514599633718,-72.22514599633718
2884.670080895424,-72.22612964685386,-72.22612964685386
2884.680080895424,-72.22712357310311,-72.22712357310311
2884.6900808954238,-72.22812780822602,-72.22812780822602
2884.700080895424,-72.22914238442698,-72.22914238442698
2884.7100808954237,-72.23016733297256,-72.23016733297256
2884.720080895424,-72.23120268421602,-72.23120268421602
2884.7300808954237,-72.23224846759257,-72.23224846759257
2884.740080895424,-72.23330471162683,-72.23330471162683
2884.7500808954237,-72.23437144394423,-72.23437144394423
2884.760080895424,-72.23544869125115,-72.23544869125115
2884.7700808954237,-72.23653647937887,-72.23653647937887
2884.780080895424,-72.23763483325901,-72.23763483325901
2884.7900808954237,-72.23874377695843,-72.23874377695843
2884.800080895424,-72.23986333364854,-72.23986333364854
2884.810080895424,-72.24099352565514,-72.24099352565514
2884.820080895424,-72.24213437442575,-72.24213437442575
2884.830080895424,-72.24328590057156,-72.24328590057156
2884.840080895424,-72.24444812385228,-72.24444812385228
2884.850080895424,-72.24562106318228,-72.24562106318228
2884.860080895424,-72.24680473665329,-72.24680473665329
2884.870080895424,-72.24799916153997,-72.24799916153997
2884.880080895424,-72.24920435429419,-72.24920435429419
2884.890080895424,-72.25042033057585,-72.25042033057585
2884.9000809192657,-72.25164710815844,-72.25164710815844
2884.910080919266,-72.25288469528522,-72.25288469528522
2884.9200809192657,-72.25413310812837,-72.25413310812837
2884.930080919266,-72.255392359211,-72.255392359211
2884.9400809192657,-72.25666246027345,-72.25666246027345
2884.950080919266,-72.25794342230107,-72.25794342230107
2884.9600809192657,-72.25923525554664,-72.25923525554664
2884.970080919266,-72.26053796950468,-72.26053796950468
2884.9800809192657,-72.26185157296767,-72.26185157296767
2884.990080919266,-72.26317607398198,-72.26317607398198
2885.0000809192657,-72.26451147989563,-72.26451147989563
2885.010080919266,-72.26585779732982,-72.26585779732982
2885.0200809192656,-72.26721503224451,-72.26721503224451
2885.030080919266,-72.26858318989217,-72.26858318989217
2885.0400809192656,-72.26996227485962,-72.26996227485962
2885.050080919266,-72.27135229104256,-72.27135229104256
2885.0600809192656,-72.27275324170297,-72.27275324170297
2885.070080919266,-72.27416512943567,-72.27416512943567
2885.0800809192656,-72.275587956196,-72.275587956196
2885.090080919266,-72.27702172330757,-72.27702172330757
2885.1000809192656,-72.27846643146643,-72.27846643146643
2885.110080919266,-72.27992208075037,-72.27992208075037
2885.1200809192655,-72.28138867062425,-72.28138867062425
2885.1300809192658,-72.28286619995966,-72.28286619995966
2885.1400809192655,-72.28435466704717,-72.28435466704717
2885.1500809192657,-72.28585406956712,-72.28585406956712
2885.160080919266,-72.28736440465057,-72.28736440465057
2885.1700809192657,-72.28888566884213,-72.28888566884213
2885.180080919266,-72.29041785813641,-72.29041785813641
2885.1900809192657,-72.29196096798593,-72.29196096798593
2885.200080919266,-72.29351499328543,-72.29351499328543
2885.2100809192657,-72.29507992841435,-72.29507992841435
2885.220080919266,-72.2966557672083,-72.2966557672083
2885.2300809192657,-72.29824250299357,-72.29824250299357
2885.240080919266,-72.29984012859303,-72.29984012859303
2885.2500809192657,-72.30144863631521,-72.30144863631521
2885.260080919266,-72.30306801798721,-72.30306801798721
2885.2700809192656,-72.3046982649317,-72.3046982649317
2885.280080919266,-72.30633936800885,-72.30633936800885
2885.2900809192656,-72.30799131760456,-72.30799131760456
2885.300080919266,-72.3096541036341,-72.3096541036341
2885.3100809192656,-72.31132771556585,-72.31132771556585
2885.320080919266,-72.31301214241552,-72.31301214241552
2885.3300809192656,-72.31470737275764,-72.31470737275764
2885.340080919266,-72.31641339473578,-72.31641339473578
2885.3500809192656,-72.31813019605346,-72.31813019605346
2885.360080919266,-72.31985776400644,-72.31985776400644
2885.3700809192655,-72.32159608548056,-72.32159608548056
2885.3800809192658,-72.32334514694786,-72.32334514694786
2885.3900809192655,-72.32510493447684,-72.32510493447684
2885.4000809192657,-72.32687543376687,-72.32687543376687
2885.410080919266,-72.32865663010315,-72.32865663010315
2885.4200809192657,-72.33044850842055,-72.33044850842055
2885.430080919266,-72.3322510532519,-72.3322510532519
2885.4400809192657,-72.33406424878588,-72.33406424878588
2885.450080919266,-72.33588807884571,-72.33588807884571
2885.4600809192657,-72.33771621417385,-72.33771621417385
2885.470080919266,-72.33954587085381,-72.33954587085381
2885.4800809192657,-72.34137568271893,-72.34137568271893
2885.490080919266,-72.34320494006462,-72.34320494006462
2885.5000809192657,-72.34503329904557,-72.34503329904557
2885.510080919266,-72.34686063068125,-72.34686063068125
2885.5200809192656,-72.34868693233683,-72.34868693233683
2885.530080919266,-72.35051227452225,-72.35051227452225
2885.5400809192656,-72.35233676888743,-72.35233676888743
2885.550080919266,-72.35416054897632,-72.35416054897632
2885.5600809192656,-72.35598375878456,-72.35598375878456
2885.570080919266,-72.3578065460028,-72.3578065460028
2885.5800809192656,-72.35962905813577,-72.35962905813577
2885.590080919266,-72.36145144039925,-72.36145144039925
2885.6000809192656,-72.36327383462596,-72.36327383462596
2885.610080919266,-72.3650963788269,-72.3650963788269
2885.6200809192655,-72.36691920712516,-72.36691920712516
2885.6300809192658,-72.36874244988842,-72.36874244988842
2885.6400809192655,-72.37056623396457,-72.37056623396457
2885.6500809192657,-72.37239068294129,-72.37239068294129
2885.660080919266,-72.37421591746556,-72.37421591746556
2885.6700809192657,-72.37604205549745,-72.37604205549745
2885.680080919266,-72.37786921255116,-72.37786921255116
2885.6900809192657,-72.37969750196784,-72.37969750196784
2885.700080919266,-72.381527035075,-72.381527035075
2885.7100809192657,-72.38335792136421,-72.38335792136421
2885.720080919266,-72.3851902686462,-72.3851902686462
2885.7300809192657,-72.3870241831825,-72.3870241831825
2885.740080919266,-72.38885976978852,-72.38885976978852
2885.7500809431076,-72.3906971362685,-72.3906971362685
2885.760080943108,-72.39253637601237,-72.39253637601237
2885.7700809431076,-72.39437759431249,-72.39437759431249
2885.780080943108,-72.39622089087558,-72.39622089087558
2885.7900809431076,-72.3980663642805,-72.3980663642805
2885.800080943108,-72.3999141119737,-72.3999141119737
2885.8100809431076,-72.40176423029688,-72.40176423029688
2885.8200809431078,-72.40361681452384,-72.40361681452384
2885.8300809431075,-72.40547195886076,-72.40547195886076
2885.8400809431078,-72.40732975644652,-72.40732975644652
2885.8500809431075,-72.40919029937726,-72.40919029937726
2885.8600809431077,-72.41105367869977,-72.41105367869977
2885.8700809431075,-72.41291998440957,-72.41291998440957
2885.8800809431077,-72.41478930545071,-72.41478930545071
2885.8900809431075,-72.41666172973119,-72.41666172973119
2885.9000809431077,-72.4185373440911,-72.4185373440911
2885.9100809431075,-72.42041623432974,-72.42041623432974
2885.9200809431077,-72.4222984851828,-72.4222984851828
2885.9300809431074,-72.4241841803312,-72.4241841803312
2885.9400809431077,-72.4260734023718,-72.4260734023718
2885.9500809431074,-72.42796623283213,-72.42796623283213
2885.9600809431076,-72.42986275218308,-72.42986275218308
2885.9700809431074,-72.43176303980768,-72.43176303980768
2885.9800809431076,-72.43366717399418,-72.43366717399418
2885.9900809431074,-72.43557523196792,-72.43557523196792
2886.0000809431076,-72.4374872898393,-72.4374872898393
2886.010080943108,-72.43940342264843,-72.43940342264843
2886.0200809431076,-72.44132370433415,-72.44132370433415
2886.030080943108,-72.44324820772906,-72.44324820772906
2886.0400809431076,-72.44517700458634,-72.44517700458634
2886.050080943108,-72.44711016555296,-72.44711016555296
2886.0600809431076,-72.44904776017165,-72.44904776017165
2886.0700809431078,-72.45098985689573,-72.45098985689573
2886.0800809431075,-72.45293652306735,-72.45293652306735
2886.0900809431078,-72.45488782495266,-72.45488782495266
2886.1000809431075,-72.45684382770068,-72.45684382770068
2886.1100809431077,-72.45880459537491,-72.45880459537491
2886.1200809431075,-72.46077019094444,-72.46077019094444
2886.1300809431077,-72.46274067629916,-72.46274067629916
2886.1400809431075,-72.46471611223058,-72.46471611223058
2886.1500809431077,-72.46669655844913,-72.46669655844913
2886.1600809431075,-72.46868207359628,-72.46868207359628
2886.1700809431077,-72.47067271522187,-72.47067271522187
2886.1800809431074,-72.4726685398262,-72.4726685398262
2886.1900809431077,-72.47466960282878,-72.47466960282878
2886.2000809431074,-72.47667595859143,-72.47667595859143
2886.2100809431076,-72.47868766042262,-72.47868766042262
2886.2200809431074,-72.4807047605922,-72.4807047605922
2886.2300809431076,-72.48272731030384,-72.48272731030384
2886.2400809431074,-72.4847553597546,-72.4847553597546
2886.2500809431076,-72.48678895809262,-72.48678895809262
2886.260080943108,-72.4888281534466,-72.4888281534466
2886.2700809431076,-72.49087299293727,-72.49087299293727
2886.280080943108,-72.49292352267275,-72.49292352267275
2886.2900809431076,-72.49497978775993,-72.49497978775993
2886.300080943108,-72.49704183230811,-72.49704183230811
2886.3100809431076,-72.49910969945094,-72.49910969945094
2886.3200809431078,-72.50118343134845,-72.50118343134845
2886.3300809431075,-72.50326306917799,-72.50326306917799
2886.3400809431078,-72.50534865316759,-72.50534865316759
2886.3500809431075,-72.50744022259572,-72.50744022259572
2886.3600809431077,-72.50953781578941,-72.50953781578941
2886.3700809431075,-72.51164147015433,-72.51164147015433
2886.3800809431077,-72.5137512221512,-72.5137512221512
2886.3900809431075,-72.51586710734585,-72.51586710734585
2886.4000809431077,-72.51798916039257,-72.51798916039257
2886.4100809431075,-72.52011741503829,-72.52011741503829
2886.4200809431077,-72.52225190414207,-72.52225190414207
2886.4300809431074,-72.52439265969647,-72.52439265969647
2886.4400809431077,-72.52653971281646,-72.52653971281646
2886.4500809431074,-72.52869309375707,-72.52869309375707
2886.4600809431076,-72.530852831914,-72.530852831914
2886.4700809431074,-72.53301895586004,-72.53301895586004
2886.4800809431076,-72.53519149331859,-72.53519149331859
2886.4900809431074,-72.5373704711977,-72.5373704711977
2886.5000809431076,-72.53955591559246,-72.53955591559246
2886.510080943108,-72.54174785178888,-72.54174785178888
2886.5200809431076,-72.54394630428529,-72.54394630428529
2886.530080943108,-72.54615129678767,-72.54615129678767
2886.5400809431076,-72.54836285224641,-72.54836285224641
2886.550080943108,-72.5505809928128,-72.5505809928128
2886.5600809431076,-72.55280573991712,-72.55280573991712
2886.5700809431078,-72.55503711421434,-72.55503711421434
2886.5800809431075,-72.55727513563905,-72.55727513563905
2886.5900809431078,-72.55951982339049,-72.55951982339049
2886.6000809669495,-72.56177120131844,-72.56177120131844
2886.6100809669497,-72.56402927648956,-72.56402927648956
2886.6200809669494,-72.56629407131824,-72.56629407131824
2886.6300809669497,-72.56856560218267,-72.56856560218267
2886.6400809669494,-72.5708438847869,-72.5708438847869
2886.6500809669496,-72.57312893416167,-72.57312893416167
2886.6600809669494,-72.57542076467122,-72.57542076467122
2886.6700809669496,-72.57771939002026,-72.57771939002026
2886.6800809669494,-72.5800248232771,-72.5800248232771
2886.6900809669496,-72.58233707686782,-72.58233707686782
2886.7000809669494,-72.58465616259689,-72.58465616259689
2886.7100809669496,-72.58698209164473,-72.58698209164473
2886.7200809669494,-72.58931487458092,-72.58931487458092
2886.7300809669496,-72.59165452136918,-72.59165452136918
2886.7400809669493,-72.59400104138912,-72.59400104138912
2886.7500809669496,-72.59635444343887,-72.59635444343887
2886.7600809669493,-72.59871473572926,-72.59871473572926
2886.7700809669495,-72.60108192590225,-72.60108192590225
2886.7800809669493,-72.60345602105018,-72.60345602105018
2886.7900809669495,-72.60583702771355,-72.60583702771355
2886.8000809669493,-72.6082249518853,-72.6082249518853
2886.8100809669495,-72.6106197990176,-72.6106197990176
2886.8200809669493,-72.61302157405291,-72.61302157405291
2886.8300809669495,-72.61543028139809,-72.61543028139809
2886.8400809669492,-72.61784592495142,-72.61784592495142
2886.8500809669495,-72.6202685081168,-72.6202685081168
2886.8600809669497,-72.62269803379785,-72.62269803379785
2886.8700809669494,-72.62513450440409,-72.62513450440409
2886.8800809669497,-72.62757792187493,-72.62757792187493
2886.8900809669494,-72.6300282876636,-72.6300282876636
2886.9000809669496,-72.63248560276784,-72.63248560276784
2886.9100809669494,-72.63494986771926,-72.63494986771926
2886.9200809669496,-72.63742108261498,-72.63742108261498
2886.9300809669494,-72.63989924708198,-72.63989924708198
2886.9400809669496,-72.642384360332,-72.642384360332
2886.9500809669494,-72.6448764211305,-72.6448764211305
2886.9600809669496,-72.64737542783315,-72.64737542783315
2886.9700809669494,-72.64988137838091,-72.64988137838091
2886.9800809669496,-72.65239427028388,-72.65239427028388
2886.9900809669493,-72.65491410066615,-72.65491410066615
2887.0000809669496,-72.65744086624964,-72.65744086624964
2887.0100809669493,-72.6599745633795,-72.6599745633795
2887.0200809669495,-72.66251518799648,-72.66251518799648
2887.0300809669493,-72.66506273567865,-72.66506273567865
2887.0400809669495,-72.66761720162522,-72.66761720162522
2887.0500809669493,-72.6701785806806,-72.6701785806806
2887.0600809669495,-72.67274686731511,-72.67274686731511
2887.0700809669493,-72.67532205566785,-72.67532205566785
2887.0800809669495,-72.67790413950289,-72.67790413950289
2887.0900809669492,-72.68049311226757,-72.68049311226757
2887.1000809669495,-72.6830889670613,-72.6830889670613
2887.1100809669497,-72.68569169666907,-72.68569169666907
2887.1200809669494,-72.68830129353415,-72.68830129353415
2887.1300809669497,-72.69091774979184,-72.69091774979184
2887.1400809669494,-72.69354105726647,-72.69354105726647
2887.1500809669496,-72.69617120745906,-72.69617120745906
2887.1600809669494,-72.69880819159317,-72.69880819159317
2887.1700809669496,-72.70145200058171,-72.70145200058171
2887.1800809669494,-72.70410262505868,-72.70410262505868
2887.1900809669496,-72.70676005534776,-72.70676005534776
2887.2000809669494,-72.7094242815187,-72.7094242815187
2887.2100809669496,-72.71209529334767,-72.71209529334767
2887.2200809669494,-72.7147730803531,-72.7147730803531
2887.2300809669496,-72.71745763177007,-72.71745763177007
2887.2400809669493,-72.7201489365871,-72.7201489365871
2887.2500809669496,-72.72284698353967,-72.72284698353967
2887.2600809669493,-72.72555176109765,-72.72555176109765
2887.2700809669495,-72.72826325748974,-72.72826325748974
2887.2800809669493,-72.73098146070805,-72.73098146070805
2887.2900809669495,-72.73370635850138,-72.73370635850138
2887.3000809669493,-72.73643793838609,-72.73643793838609
2887.3100809669495,-72.73917618764219,-72.73917618764219
2887.3200809669493,-72.7419210933373,-72.7419210933373
2887.3300809669495,-72.74467264231505,-72.74467264231505
2887.3400809669492,-72.74743082119699,-72.74743082119699
2887.3500809669495,-72.75019561639807,-72.75019561639807
2887.3600809669497,-72.75296701411952,-72.75296701411952
2887.3700809669494,-72.75574500036706,-72.75574500036706
2887.3800809669497,-72.75852956094009,-72.75852956094009
2887.3900809669494,-72.7612885860957,-72.7612885860957
2887.4000809669496,-72.7640060691157,-72.7640060691157
2887.4100809669494,-72.76667219574396,-72.76667219574396
2887.4200809669496,-72.76928040873563,-72.76928040873563
2887.4300809669494,-72.7718262210193,-72.7718262210193
2887.4400809669496,-72.7743065200569,-72.7743065200569
2887.4500809907913,-72.77671912566548,-72.77671912566548
2887.4600809907915,-72.77906247543847,-72.77906247543847
2887.4700809907913,-72.78133546978744,-72.78133546978744
2887.4800809907915,-72.78353732341671,-72.78353732341671
2887.4900809907913,-72.78566748857402,-72.78566748857402
2887.5000809907915,-72.78772559953495,-72.78772559953495
2887.5100809907913,-72.7897114347872,-72.7897114347872
2887.5200809907915,-72.79162489077838,-72.79162489077838
2887.5300809907912,-72.79346596335584,-72.79346596335584
2887.5400809907915,-72.79523473425671,-72.79523473425671
2887.5500809907912,-72.79693136096014,-72.79693136096014
2887.5600809907914,-72.798556068852,-72.798556068852
2887.570080990791,-72.8001091449132,-72.8001091449132
2887.5800809907914,-72.80159093250035,-72.80159093250035
2887.590080990791,-72.80300182687324,-72.80300182687324
2887.6000809907914,-72.80434227123403,-72.80434227123403
2887.610080990791,-72.80561275320747,-72.80561275320747
2887.6200809907914,-72.80681380159186,-72.80681380159186
2887.630080990791,-72.80794598337039,-72.80794598337039
2887.6400809907914,-72.80900990092452,-72.80900990092452
2887.650080990791,-72.8100061893708,-72.8100061893708
2887.6600809907914,-72.81093551410748,-72.81093551410748
2887.670080990791,-72.81179856845436,-72.81179856845436
2887.6800809907913,-72.81259607142958,-72.81259607142958
2887.690080990791,-72.8133287656224,-72.8133287656224
2887.7000809907913,-72.81399741518503,-72.81399741518503
2887.7100809907915,-72.81459645182791,-72.81459645182791
2887.7200809907913,-72.81512389525388,-72.81512389525388
2887.7300809907915,-72.81557920873848,-72.81557920873848
2887.7400809907913,-72.81596253096598,-72.81596253096598
2887.7500809907915,-72.8162743819516,-72.8162743819516
2887.7600809907913,-72.81651550975717,-72.81651550975717
2887.7700809907915,-72.81668680004285,-72.81668680004285
2887.7800809907912,-72.81678922128853,-72.81678922128853
2887.7900809907915,-72.81682379139427,-72.81682379139427
2887.8000809907912,-72.81679155718737,-72.81679155718737
2887.8100809907914,-72.81669358178904,-72.81669358178904
2887.820080990791,-72.81653093680424,-72.81653093680424
2887.8300809907914,-72.81630469742507,-72.81630469742507
2887.840080990791,-72.81601593936901,-72.81601593936901
2887.8500809907914,-72.81566573693169,-72.81566573693169
2887.860080990791,-72.81525516168941,-72.81525516168941
2887.8700809907914,-72.81478528169085,-72.81478528169085
2887.880080990791,-72.81425716081841,-72.81425716081841
2887.8900809907914,-72.8136718583558,-72.8136718583558
2887.900080990791,-72.81303042862275,-72.81303042862275
2887.9100809907914,-72.81233392067459,-72.81233392067459
2887.920080990791,-72.81158337800454,-72.81158337800454
2887.9300809907913,-72.81077983825836,-72.81077983825836
2887.940080990791,-72.80992433302464,-72.80992433302464
2887.9500809907913,-72.80901788751173,-72.80901788751173
2887.9600809907915,-72.80806152035052,-72.80806152035052
2887.9700809907913,-72.8070562433285,-72.8070562433285
2887.9800809907915,-72.80600306113601,-72.80600306113601
2887.9900809907913,-72.80490297115763,-72.80490297115763
2888.0000809907915,-72.80375696323406,-72.80375696323406
2888.0100809907913,-72.80256601944095,-72.80256601944095
2888.0200809907915,-72.80133111388089,-72.80133111388089
2888.0300809907912,-72.80005321250451,-72.80005321250451
2888.0400809907915,-72.79873327289292,-72.79873327289292
2888.0500809907912,-72.79737224411232,-72.79737224411232
2888.0600809907914,-72.79597106653448,-72.79597106653448
2888.070080990791,-72.79453067168315,-72.79453067168315
2888.0800809907914,-72.7930519821001,-72.7930519821001
2888.090080990791,-72.79153591120982,-72.79153591120982
2888.1000809907914,-72.7899833632154,-72.7899833632154
2888.110080990791,-72.78839523296998,-72.78839523296998
2888.1200809907914,-72.78677240588468,-72.78677240588468
2888.130080990791,-72.7851157578596,-72.7851157578596
2888.1400809907914,-72.7834261551912,-72.7834261551912
2888.150080990791,-72.78170445451,-72.78170445451
2888.1600809907914,-72.77995150273185,-72.77995150273185
2888.170080990791,-72.77816813698712,-72.77816813698712
2888.1800809907913,-72.77635518461798,-72.77635518461798
2888.190080990791,-72.77451346310825,-72.77451346310825
2888.2000809907913,-72.77264378009046,-72.77264378009046
2888.2100809907915,-72.7707469333064,-72.7707469333064
2888.2200809907913,-72.7688237106283,-72.7688237106283
2888.2300809907915,-72.76687489001253,-72.76687489001253
2888.2400809907913,-72.76490123955934,-72.76490123955934
2888.2500809907915,-72.76290351747556,-72.76290351747556
2888.2600809907913,-72.7608824721239,-72.7608824721239
2888.2700809907915,-72.75883884202075,-72.75883884202075
2888.2800809907912,-72.75677335588865,-72.75677335588865
2888.2900809907915,-72.75468673265877,-72.75468673265877
2888.300081014633,-72.75257967650846,-72.75257967650846
2888.3100810146334,-72.75045289692483,-72.75045289692483
2888.320081014633,-72.74830707881382,-72.74830707881382
2888.3300810146334,-72.7461429024179,-72.7461429024179
2888.340081014633,-72.74396103842845,-72.74396103842845
2888.3500810146334,-72.7417621480405,-72.7417621480405
2888.360081014633,-72.7395468830199,-72.7395468830199
2888.3700810146333,-72.73731588576506,-72.73731588576506
2888.380081014633,-72.73506978935006,-72.73506978935006
2888.3900810146333,-72.73280921762033,-72.73280921762033
2888.400081014633,-72.73053478523988,-72.73053478523988
2888.4100810146333,-72.7282470977713,-72.7282470977713
2888.420081014633,-72.72594675174297,-72.72594675174297
2888.4300810146333,-72.72363433475273,-72.72363433475273
2888.440081014633,-72.72131042550343,-72.72131042550343
2888.4500810146333,-72.71897559390531,-72.71897559390531
2888.460081014633,-72.71663040116506,-72.71663040116506
2888.4700810146333,-72.71427539984491,-72.71427539984491
2888.480081014633,-72.71191113395331,-72.71191113395331
2888.4900810146332,-72.7095381390266,-72.7095381390266
2888.500081014633,-72.70715694223179,-72.70715694223179
2888.510081014633,-72.70476806242303,-72.70476806242303
2888.520081014633,-72.70237201025226,-72.70237201025226
2888.530081014633,-72.69996928824432,-72.69996928824432
2888.540081014633,-72.69756039088065,-72.69756039088065
2888.550081014633,-72.69514580469475,-72.69514580469475
2888.5600810146334,-72.69272600835842,-72.69272600835842
2888.570081014633,-72.69030147277434,-72.69030147277434
2888.5800810146334,-72.68787266113857,-72.68787266113857
2888.590081014633,-72.68544002908499,-72.68544002908499
2888.6000810146334,-72.6830040247018,-72.6830040247018
2888.610081014633,-72.68056508868933,-72.68056508868933
2888.6200810146333,-72.67812365439656,-72.67812365439656
2888.630081014633,-72.67568014794072,-72.67568014794072
2888.6400810146333,-72.67323498828539,-72.67323498828539
2888.650081014633,-72.67078858732233,-72.67078858732233
2888.6600810146333,-72.6683413499762,-72.6683413499762
2888.670081014633,-72.66589367427297,-72.66589367427297
2888.6800810146333,-72.66344595144413,-72.66344595144413
2888.690081014633,-72.66099856599612,-72.66099856599612
2888.7000810146333,-72.65855189581406,-72.65855189581406
2888.710081014633,-72.65609997846289,-72.65609997846289
2888.7200810146333,-72.65364041050387,-72.65364041050387
2888.730081014633,-72.651172207453,-72.651172207453
2888.7400810146332,-72.64869503828528,-72.64869503828528
2888.750081014633,-72.64620893336654,-72.64620893336654
2888.760081014633,-72.64371413275624,-72.64371413275624
2888.770081014633,-72.64121099727595,-72.64121099727595
2888.780081014633,-72.63869995512532,-72.63869995512532
2888.790081014633,-72.63618146979721,-72.63618146979721
2888.800081014633,-72.63365602080854,-72.63365602080854
2888.8100810146334,-72.6311240923107,-72.6311240923107
2888.820081014633,-72.62858616637729,-72.62858616637729
2888.8300810146334,-72.62604271922812,-72.62604271922812
2888.840081014633,-72.62349421918034,-72.62349421918034
2888.8500810146334,-72.62094112564725,-72.62094112564725
2888.860081014633,-72.61838388881534,-72.61838388881534
2888.8700810146333,-72.61582294963857,-72.61582294963857
2888.880081014633,-72.6132587400646,-72.6132587400646
2888.8900810146333,-72.61069168335682,-72.61069168335682
2888.900081014633,-72.60812219444881,-72.60812219444881
2888.9100810146333,-72.60555068032983,-72.60555068032983
2888.920081014633,-72.60297754038389,-72.60297754038389
2888.9300810146333,-72.60040316672347,-72.60040316672347
2888.940081014633,-72.59782794450784,-72.59782794450784
2888.9500810146333,-72.59525225220555,-72.59525225220555
2888.960081014633,-72.5926764618327,-72.5926764618327
2888.9700810146333,-72.59010093918612,-72.59010093918612
2888.980081014633,-72.58752604403378,-72.58752604403378
2888.9900810146332,-72.58495213028137,-72.58495213028137
2889.000081014633,-72.5823795461358,-72.5823795461358
2889.010081014633,-72.57980863423968,-72.57980863423968
2889.020081014633,-72.57723973179353,-72.57723973179353
2889.030081014633,-72.57467317066036,-72.57467317066036
2889.040081014633,-72.57210927748592,-72.57210927748592
2889.050081014633,-72.56954837376865,-72.56954837376865
2889.0600810146334,-72.56699077596168,-72.56699077596168
2889.070081014633,-72.5644367955486,-72.5644367955486
2889.0800810146334,-72.5618867390946,-72.5618867390946
2889.090081014633,-72.55934090833485,-72.55934090833485
2889.1000810146334,-72.55679960023467,-72.55679960023467
2889.110081014633,-72.55426310704792,-72.55426310704792
2889.1200810146333,-72.55173171637185,-72.55173171637185
2889.130081014633,-72.54920571119709,-72.54920571119709
2889.1400810146333,-72.54668536998216,-72.54668536998216
2889.150081038475,-72.54417096068354,-72.54417096068354
2889.1600810384753,-72.54166276479856,-72.54166276479856
2889.170081038475,-72.53916104143175,-72.53916104143175
2889.1800810384752,-72.53666605134116,-72.53666605134116
2889.190081038475,-72.53417805097527,-72.53417805097527
2889.200081038475,-72.53169729252869,-72.53169729252869
2889.210081038475,-72.52921770226166,-72.52921770226166
2889.220081038475,-72.52673676197806,-72.52673676197806
2889.230081038475,-72.52425337235532,-72.52425337235532
2889.240081038475,-72.52176708863203,-72.52176708863203
2889.250081038475,-72.51927782897152,-72.51927782897152
2889.260081038475,-72.51678572292197,-72.51678572292197
2889.270081038475,-72.51429102259652,-72.51429102259652
2889.280081038475,-72.51179404928001,-72.51179404928001
2889.290081038475,-72.50929516134678,-72.50929516134678
2889.300081038475,-72.50679473501441,-72.50679473501441
2889.310081038475,-72.50429315289085,-72.50429315289085
2889.320081038475,-72.5017907972726,-72.5017907972726
2889.330081038475,-72.49928804633292,-72.49928804633292
2889.340081038475,-72.49678527203248,-72.49678527203248
2889.350081038475,-72.4942828391367,-72.4942828391367
2889.360081038475,-72.49178110480588,-72.49178110480588
2889.370081038475,-72.48928041860813,-72.48928041860813
2889.380081038475,-72.48678112271229,-72.48678112271229
2889.390081038475,-72.48428355216024,-72.48428355216024
2889.400081038475,-72.48178803522516,-72.48178803522516
2889.4100810384753,-72.47929489374432,-72.47929489374432
2889.420081038475,-72.47680444345268,-72.47680444345268
2889.4300810384752,-72.47431699428451,-72.47431699428451
2889.440081038475,-72.4718328506486,-72.4718328506486
2889.450081038475,-72.46935231168669,-72.46935231168669
2889.460081038475,-72.46687567149169,-72.46687567149169
2889.470081038475,-72.46440321929472,-72.46440321929472
2889.480081038475,-72.4619352396331,-72.4619352396331
2889.490081038475,-72.4594720125137,-72.4594720125137
2889.500081038475,-72.45701381353928,-72.45701381353928
2889.510081038475,-72.45456091400119,-72.45456091400119
2889.520081038475,-72.45211358100727,-72.45211358100727
2889.530081038475,-72.44967207756557,-72.44967207756557
2889.540081038475,-72.44723666264494,-72.44723666264494
2889.550081038475,-72.44480759125835,-72.44480759125835
2889.560081038475,-72.44238511454294,-72.44238511454294
2889.570081038475,-72.43996947977078,-72.43996947977078
2889.580081038475,-72.4375609304449,-72.4375609304449
2889.590081038475,-72.43515970631357,-72.43515970631357
2889.600081038475,-72.43276604345348,-72.43276604345348
2889.610081038475,-72.43038017425579,-72.43038017425579
2889.620081038475,-72.42800232750781,-72.42800232750781
2889.630081038475,-72.42563272840209,-72.42563272840209
2889.640081038475,-72.42327159859317,-72.42327159859317
2889.650081038475,-72.42091915621744,-72.42091915621744
2889.6600810384753,-72.41857561590751,-72.41857561590751
2889.670081038475,-72.416241188861,-72.416241188861
2889.6800810384752,-72.41391608284403,-72.41391608284403
2889.690081038475,-72.4116005022209,-72.4116005022209
2889.700081038475,-72.40929464799586,-72.40929464799586
2889.710081038475,-72.40699871783376,-72.40699871783376
2889.720081038475,-72.40471290608134,-72.40471290608134
2889.730081038475,-72.40243740381831,-72.40243740381831
2889.740081038475,-72.40017239885054,-72.40017239885054
2889.750081038475,-72.39791807578874,-72.39791807578874
2889.760081038475,-72.39567461601887,-72.39567461601887
2889.770081038475,-72.3934421977699,-72.3934421977699
2889.780081038475,-72.39122099614238,-72.39122099614238
2889.790081038475,-72.38901118310875,-72.38901118310875
2889.800081038475,-72.38681292755881,-72.38681292755881
2889.810081038475,-72.38462639534661,-72.38462639534661
2889.820081038475,-72.38245174928645,-72.38245174928645
2889.830081038475,-72.38028914920349,-72.38028914920349
2889.840081038475,-72.37813875195137,-72.37813875195137
2889.850081038475,-72.37600071145454,-72.37600071145454
2889.860081038475,-72.3738751787203,-72.3738751787203
2889.870081038475,-72.37176230188687,-72.37176230188687
2889.880081038475,-72.36966222623842,-72.36966222623842
2889.890081038475,-72.3675750942383,-72.3675750942383
2889.900081038475,-72.36550104557138,-72.36550104557138
2889.9100810384753,-72.36344021714346,-72.36344021714346
2889.920081038475,-72.36139274314567,-72.36139274314567
2889.9300810384752,-72.35935875506078,-72.35935875506078
2889.940081038475,-72.35733838171065,-72.35733838171065
2889.950081038475,-72.3553317492649,-72.3553317492649
2889.960081038475,-72.35333898129663,-72.35333898129663
2889.970081038475,-72.35136019877672,-72.35136019877672
2889.980081038475,-72.34939552014032,-72.34939552014032
2889.990081038475,-72.34744506129124,-72.34744506129124
2890.000081062317,-72.34550893103916,-72.34550893103916
2890.010081062317,-72.34358724959075,-72.34358724959075
2890.020081062317,-72.34168012082085,-72.34168012082085
2890.030081062317,-72.33978765083724,-72.33978765083724
2890.040081062317,-72.33790994337375,-72.33790994337375
2890.050081062317,-72.33604709983966,-72.33604709983966
2890.060081062317,-72.33419921929608,-72.33419921929608
2890.070081062317,-72.33236639854293,-72.33236639854293
2890.080081062317,-72.33054873209417,-72.33054873209417
2890.090081062317,-72.32874631225012,-72.32874631225012
2890.100081062317,-72.32695922910798,-72.32695922910798
2890.110081062317,-72.3251875705813,-72.3251875705813
2890.120081062317,-72.32343142244127,-72.32343142244127
2890.130081062317,-72.32169086834128,-72.32169086834128
2890.1400810623168,-72.31996598984823,-72.31996598984823
2890.150081062317,-72.3182568664558,-72.3182568664558
2890.1600810623167,-72.31656357562905,-72.31656357562905
2890.170081062317,-72.3148861928189,-72.3148861928189
2890.1800810623167,-72.31322479149259,-72.31322479149259
2890.190081062317,-72.31157944317272,-72.31157944317272
2890.2000810623167,-72.30995021743779,-72.30995021743779
2890.210081062317,-72.30833718196757,-72.30833718196757
2890.2200810623167,-72.30674040257337,-72.30674040257337
2890.230081062317,-72.30515994320203,-72.30515994320203
2890.2400810623167,-72.30359586598992,-72.30359586598992
2890.250081062317,-72.30204823126464,-72.30204823126464
2890.260081062317,-72.30051709757667,-72.30051709757667
2890.270081062317,-72.29900252173195,-72.29900252173195
2890.280081062317,-72.29750455879889,-72.29750455879889
2890.290081062317,-72.29602326215353,-72.29602326215353
2890.300081062317,-72.29455868350033,-72.29455868350033
2890.310081062317,-72.29311087287307,-72.29311087287307
2890.320081062317,-72.29167987868777,-72.29167987868777
2890.330081062317,-72.29026574775793,-72.29026574775793
2890.340081062317,-72.2888685253068,-72.2888685253068
2890.350081062317,-72.28748825498847,-72.28748825498847
2890.360081062317,-72.28612497893418,-72.28612497893418
2890.370081062317,-72.28477873775566,-72.28477873775566
2890.380081062317,-72.28344957056878,-72.28344957056878
2890.3900810623168,-72.28213751502261,-72.28213751502261
2890.400081062317,-72.28084260730765,-72.28084260730765
2890.4100810623167,-72.27956488219583,-72.27956488219583
2890.420081062317,-72.27830437303992,-72.27830437303992
2890.4300810623167,-72.27706111182259,-72.27706111182259
2890.440081062317,-72.27583512914579,-72.27583512914579
2890.4500810623167,-72.27462645427634,-72.27462645427634
2890.460081062317,-72.27343511515089,-72.27343511515089
2890.4700810623167,-72.27226113841033,-72.27226113841033
2890.480081062317,-72.27110454939606,-72.27110454939606
2890.4900810623167,-72.26996537218778,-72.26996537218778
2890.500081062317,-72.2688436296289,-72.2688436296289
2890.510081062317,-72.26773934332132,-72.26773934332132
2890.520081062317,-72.26665253367035,-72.26665253367035
2890.530081062317,-72.26558321987949,-72.26558321987949
2890.540081062317,-72.26453141998314,-72.26453141998314
2890.550081062317,-72.26349715087035,-72.26349715087035
2890.560081062317,-72.26248042828274,-72.26248042828274
2890.570081062317,-72.26148126685145,-72.26148126685145
2890.580081062317,-72.2604996801005,-72.2604996801005
2890.590081062317,-72.25953568046991,-72.25953568046991
2890.600081062317,-72.25858927934087,-72.25858927934087
2890.610081062317,-72.25766048703775,-72.25766048703775
2890.620081062317,-72.2567493128477,-72.2567493128477
2890.630081062317,-72.25585576503998,-72.25585576503998
2890.6400810623168,-72.25497985089666,-72.25497985089666
2890.650081062317,-72.25412157669471,-72.25412157669471
2890.6600810623167,-72.25328094774805,-72.25328094774805
2890.670081062317,-72.25245796842272,-72.25245796842272
2890.6800810623167,-72.25165264213942,-72.25165264213942
2890.690081062317,-72.25086497139183,-72.25086497139183
2890.7000810623167,-72.25009495776335,-72.25009495776335
2890.710081062317,-72.2493426019491,-72.2493426019491
2890.7200810623167,-72.2486079037559,-72.2486079037559
2890.730081062317,-72.24789086213016,-72.24789086213016
2890.7400810623167,-72.24719147516467,-72.24719147516467
2890.750081062317,-72.24650974010764,-72.24650974010764
2890.760081062317,-72.24584565338792,-72.24584565338792
2890.770081062317,-72.24519921061838,-72.24519921061838
2890.780081062317,-72.24457040661959,-72.24457040661959
2890.790081062317,-72.24395923542691,-72.24395923542691
2890.800081062317,-72.24336569029042,-72.24336569029042
2890.810081062317,-72.24278976371218,-72.24278976371218
2890.820081062317,-72.24223144744782,-72.24223144744782
2890.830081062317,-72.2416907325164,-72.2416907325164
2890.840081062317,-72.24116760920897,-72.24116760920897
2890.8500810861588,-72.24066206591218,-72.24066206591218
2890.860081086159,-72.24017409396608,-72.24017409396608
2890.8700810861587,-72.2397036803064,-72.2397036803064
2890.880081086159,-72.23925081246762,-72.23925081246762
2890.8900810861587,-72.23881547729947,-72.23881547729947
2890.900081086159,-72.23839766101725,-72.23839766101725
2890.9100810861587,-72.23799734918626,-72.23799734918626
2890.920081086159,-72.23761452673209,-72.23761452673209
2890.9300810861587,-72.23724917797188,-72.23724917797188
2890.940081086159,-72.2369012866042,-72.2369012866042
2890.9500810861587,-72.23657083574457,-72.23657083574457
2890.960081086159,-72.23625780790267,-72.23625780790267
2890.9700810861586,-72.23596218500903,-72.23596218500903
2890.980081086159,-72.23568394843618,-72.23568394843618
2890.9900810861586,-72.23542307899899,-72.23542307899899
2891.000081086159,-72.23517955695102,-72.23517955695102
2891.0100810861586,-72.2349533620152,-72.2349533620152
2891.020081086159,-72.23474447337642,-72.23474447337642
2891.0300810861586,-72.2345528697071,-72.2345528697071
2891.040081086159,-72.23437852916221,-72.23437852916221
2891.0500810861586,-72.23422142939837,-72.23422142939837
2891.060081086159,-72.23408154757487,-72.23408154757487
2891.0700810861586,-72.23395886036333,-72.23395886036333
2891.0800810861588,-72.23385334396502,-72.23385334396502
2891.0900810861585,-72.23376497411749,-72.23376497411749
2891.1000810861588,-72.23369372608694,-72.23369372608694
2891.110081086159,-72.23363957469634,-72.23363957469634
2891.1200810861587,-72.23360249433011,-72.23360249433011
2891.130081086159,-72.23358245891673,-72.23358245891673
2891.1400810861587,-72.2335794419797,-72.2335794419797
2891.150081086159,-72.233593416616,-72.233593416616
2891.1600810861587,-72.23362435551509,-72.23362435551509
2891.170081086159,-72.23367223094951,-72.23367223094951
2891.1800810861587,-72.23373701481002,-72.23373701481002
2891.190081086159,-72.23381867859408,-72.23381867859408
2891.2000810861587,-72.23391719342106,-72.23391719342106
2891.210081086159,-72.23403253001696,-72.23403253001696
2891.2200810861586,-72.23416465877162,-72.23416465877162
2891.230081086159,-72.2343135496858,-72.2343135496858
2891.2400810861586,-72.23447917242608,-72.23447917242608
2891.250081086159,-72.23466149629562,-72.23466149629562
2891.2600810861586,-72.23486049027962,-72.23486049027962
2891.270081086159,-72.23507612301064,-72.23507612301064
2891.2800810861586,-72.23530836279953,-72.23530836279953
2891.290081086159,-72.23555717762663,-72.23555717762663
2891.3000810861586,-72.23582253518705,-72.23582253518705
2891.310081086159,-72.23610440284449,-72.23610440284449
2891.3200810861586,-72.23640274766232,-72.23640274766232
2891.3300810861588,-72.23671753640674,-72.23671753640674
2891.3400810861585,-72.23704873555843,-72.23704873555843
2891.3500810861588,-72.2373963113164,-72.2373963113164
2891.360081086159,-72.2377602296006,-72.2377602296006
2891.3700810861587,-72.23814045605113,-72.23814045605113
2891.380081086159,-72.23853695604984,-72.23853695604984
2891.3900810861587,-72.23894969471277,-72.23894969471277
2891.400081086159,-72.2393786368978,-72.2393786368978
2891.4100810861587,-72.23982374721206,-72.23982374721206
2891.420081086159,-72.24028499001446,-72.24028499001446
2891.4300810861587,-72.24076232943708,-72.24076232943708
2891.440081086159,-72.24125572936718,-72.24125572936718
2891.4500810861587,-72.24176515346086,-72.24176515346086
2891.460081086159,-72.24229056514102,-72.24229056514102
2891.4700810861586,-72.24283192763737,-72.24283192763737
2891.480081086159,-72.24338920393508,-72.24338920393508
2891.4900810861586,-72.24396235682404,-72.24396235682404
2891.500081086159,-72.2445513488829,-72.2445513488829
2891.5100810861586,-72.24515614249657,-72.24515614249657
2891.520081086159,-72.24577669984299,-72.24577669984299
2891.5300810861586,-72.2464129829116,-72.2464129829116
2891.540081086159,-72.2470649535093,-72.2470649535093
2891.5500810861586,-72.24773257325593,-72.24773257325593
2891.560081086159,-72.2484158035824,-72.2484158035824
2891.5700810861586,-72.24911460576749,-72.24911460576749
2891.5800810861588,-72.24982894089827,-72.24982894089827
2891.5900810861585,-72.25055876990962,-72.25055876990962
2891.6000810861588,-72.25130405355661,-72.25130405355661
2891.610081086159,-72.25206475246131,-72.25206475246131
2891.6200810861587,-72.25284082707051,-72.25284082707051
2891.630081086159,-72.25363223768245,-72.25363223768245
2891.6400810861587,-72.25443894445736,-72.25443894445736
2891.650081086159,-72.25526090741494,-72.25526090741494
2891.6600810861587,-72.25609808642508,-72.25609808642508
2891.670081086159,-72.25695044122368,-72.25695044122368
2891.6800810861587,-72.25781793142158,-72.25781793142158
2891.690081086159,-72.25870051650057,-72.25870051650057
2891.7000811100006,-72.25959815795319,-72.25959815795319
2891.710081110001,-72.26051081077595,-72.26051081077595
2891.7200811100006,-72.2614384361777,-72.2614384361777
2891.730081110001,-72.2623809931479,-72.2623809931479
2891.7400811100006,-72.2633384405956,-72.2633384405956
2891.750081110001,-72.26431073729076,-72.26431073729076
2891.7600811100006,-72.26529784192174,-72.26529784192174
2891.770081110001,-72.26629971305357,-72.26629971305357
2891.7800811100005,-72.26731630916991,-72.26731630916991
2891.7900811100008,-72.26834758864895,-72.26834758864895
2891.8000811100005,-72.26939350978415,-72.26939350978415
2891.8100811100007,-72.27045403077439,-72.27045403077439
2891.8200811100005,-72.27152910974233,-72.27152910974233
2891.8300811100007,-72.27261870470596,-72.27261870470596
2891.8400811100005,-72.27372277362807,-72.27372277362807
2891.8500811100007,-72.27484127437438,-72.27484127437438
2891.8600811100005,-72.27597416475126,-72.27597416475126
2891.8700811100007,-72.27712140247223,-72.27712140247223
2891.8800811100004,-72.27828294520504,-72.27828294520504
2891.8900811100007,-72.2794587505404,-72.2794587505404
2891.9000811100004,-72.28064877600121,-72.28064877600121
2891.9100811100006,-72.28185297904923,-72.28185297904923
2891.9200811100004,-72.28307131710338,-72.28307131710338
2891.9300811100006,-72.28430374750161,-72.28430374750161
2891.9400811100004,-72.2855502275438,-72.2855502275438
2891.9500811100006,-72.28681071447348,-72.28681071447348
2891.960081110001,-72.28808516548574,-72.28808516548574
2891.9700811100006,-72.28937353773227,-72.28937353773227
2891.980081110001,-72.29067578831699,-72.29067578831699
2891.9900811100006,-72.29199187429766,-72.29199187429766
2892.000081110001,-72.29332175270406,-72.29332175270406
2892.0100811100006,-72.29466538052141,-72.29466538052141
2892.020081110001,-72.29602271470023,-72.29602271470023
2892.0300811100005,-72.29739371214599,-72.29739371214599
2892.0400811100008,-72.29877832976105,-72.29877832976105
2892.0500811100005,-72.30017652439219,-72.30017652439219
2892.0600811100007,-72.30158825286816,-72.30158825286816
2892.0700811100005,-72.30301347200692,-72.30301347200692
2892.0800811100007,-72.30445213858107,-72.30445213858107
2892.0900811100005,-72.30590420935776,-72.30590420935776
2892.1000811100007,-72.30736964107949,-72.30736964107949
2892.1100811100005,-72.30884839047027,-72.30884839047027
2892.1200811100007,-72.31034041424077,-72.31034041424077
2892.1300811100004,-72.31184566910298,-72.31184566910298
2892.1400811100007,-72.31336411172333,-72.31336411172333
2892.1500811100004,-72.31489569879969,-72.31489569879969
2892.1600811100006,-72.31644038699645,-72.31644038699645
2892.1700811100004,-72.31799813297215,-72.31799813297215
2892.1800811100006,-72.31956889339514,-72.31956889339514
2892.1900811100004,-72.32115262492103,-72.32115262492103
2892.2000811100006,-72.32274928421293,-72.32274928421293
2892.210081110001,-72.3243588279238,-72.3243588279238
2892.2200811100006,-72.32598121271604,-72.32598121271604
2892.230081110001,-72.3276163952598,-72.3276163952598
2892.2400811100006,-72.32926433222232,-72.32926433222232
2892.250081110001,-72.33092498028698,-72.33092498028698
2892.2600811100006,-72.33259829613706,-72.33259829613706
2892.270081110001,-72.334284236472,-72.334284236472
2892.2800811100005,-72.33598275800705,-72.33598275800705
2892.2900811100008,-72.33769381746242,-72.33769381746242
2892.3000811100005,-72.33941737158149,-72.33941737158149
2892.3100811100007,-72.34115337711528,-72.34115337711528
2892.3200811100005,-72.34290179084277,-72.34290179084277
2892.3300811100007,-72.34466256954515,-72.34466256954515
2892.3400811100005,-72.34643567004696,-72.34643567004696
2892.3500811100007,-72.34822104917983,-72.34822104917983
2892.3600811100005,-72.35001866379902,-72.35001866379902
2892.3700811100007,-72.35182847078943,-72.35182847078943
2892.3800811100004,-72.35365042705642,-72.35365042705642
2892.3900811100007,-72.35548448953357,-72.35548448953357
2892.4000811100004,-72.35733061519078,-72.35733061519078
2892.4100811100006,-72.35918876101357,-72.35918876101357
2892.4200811100004,-72.3610588840363,-72.3610588840363
2892.4300811100006,-72.36294094130461,-72.36294094130461
2892.4400811100004,-72.36483488991671,-72.36483488991671
2892.4500811100006,-72.36674068698512,-72.36674068698512
2892.460081110001,-72.36865828967683,-72.36865828967683
2892.4700811100006,-72.37058765517709,-72.37058765517709
2892.480081110001,-72.37252874072527,-72.37252874072527
2892.4900811100006,-72.37448150358892,-72.37448150358892
2892.500081110001,-72.37644590107868,-72.37644590107868
2892.5100811100006,-72.37842189054905,-72.37842189054905
2892.520081110001,-72.38040942939007,-72.38040942939007
2892.5300811100005,-72.38240847503887,-72.38240847503887
2892.5400811100008,-72.38441898497962,-72.38441898497962
2892.5500811338425,-72.3864409215514,-72.3864409215514
2892.5600811338427,-72.3884742327242,-72.3884742327242
2892.5700811338425,-72.3905188808945,-72.3905188808945
2892.5800811338427,-72.39257482372723,-72.39257482372723
2892.5900811338424,-72.39464201893449,-72.39464201893449
2892.6000811338427,-72.39672042428127,-72.39672042428127
2892.6100811338424,-72.39880999758418,-72.39880999758418
2892.6200811338426,-72.40091069670139,-72.40091069670139
2892.6300811338424,-72.40302247955465,-72.40302247955465
2892.6400811338426,-72.4051453041086,-72.4051453041086
2892.6500811338424,-72.40727912839209,-72.40727912839209
2892.6600811338426,-72.40942391047983,-72.40942391047983
2892.6700811338424,-72.41157960850211,-72.41157960850211
2892.6800811338426,-72.41374618065008,-72.41374618065008
2892.6900811338423,-72.41592358516827,-72.41592358516827
2892.7000811338426,-72.4181117803673,-72.4181117803673
2892.7100811338423,-72.4203107246049,-72.4203107246049
2892.7200811338425,-72.42252037629969,-72.42252037629969
2892.7300811338423,-72.42474069393877,-72.42474069393877
2892.7400811338425,-72.42697163606165,-72.42697163606165
2892.7500811338423,-72.42921316127416,-72.42921316127416
2892.7600811338425,-72.43146522823889,-72.43146522823889
2892.7700811338423,-72.43372779568416,-72.43372779568416
2892.7800811338425,-72.43600082239966,-72.43600082239966
2892.7900811338422,-72.43828426724406,-72.43828426724406
2892.8000811338425,-72.44057808914141,-72.44057808914141
2892.8100811338427,-72.44288224706975,-72.44288224706975
2892.8200811338425,-72.44519670008792,-72.44519670008792
2892.8300811338427,-72.44752140730566,-72.44752140730566
2892.8400811338424,-72.44985632792057,-72.44985632792057
2892.8500811338427,-72.45220142117708,-72.45220142117708
2892.8600811338424,-72.45455664640143,-72.45455664640143
2892.8700811338426,-72.45692196298167,-72.45692196298167
2892.8800811338424,-72.45929733037941,-72.45929733037941
2892.8900811338426,-72.46168270811476,-72.46168270811476
2892.9000811338424,-72.46407805580162,-72.46407805580162
2892.9100811338426,-72.46648333310222,-72.46648333310222
2892.9200811338424,-72.4688984997615,-72.4688984997615
2892.9300811338426,-72.47132351559796,-72.47132351559796
2892.9400811338423,-72.47375834049713,-72.47375834049713
2892.9500811338426,-72.47620293441491,-72.47620293441491
2892.9600811338423,-72.47865093294959,-72.47865093294959
2892.9700811338425,-72.48109952563755,-72.48109952563755
2892.9800811338423,-72.48354732301794,-72.48354732301794
2892.9900811338425,-72.48599359352518,-72.48599359352518
2893.0000811338423,-72.48843797221511,-72.48843797221511
2893.0100811338425,-72.49088030956591,-72.49088030956591
2893.0200811338423,-72.49332058275306,-72.49332058275306
2893.0300811338425,-72.49575884241509,-72.49575884241509
2893.0400811338422,-72.49819518059502,-72.49819518059502
2893.0500811338425,-72.50062971149087,-72.50062971149087
2893.0600811338427,-72.50306256002872,-72.50306256002872
2893.0700811338425,-72.50549385509967,-72.50549385509967
2893.0800811338427,-72.50792372569029,-72.50792372569029
2893.0900811338424,-72.51035229877736,-72.51035229877736
2893.1000811338427,-72.51277969824055,-72.51277969824055
2893.1100811338424,-72.51520604444897,-72.51520604444897
2893.1200811338426,-72.51763145416461,-72.51763145416461
2893.1300811338424,-72.52005604070918,-72.52005604070918
2893.1400811338426,-72.52247991416135,-72.52247991416135
2893.1500811338424,-72.52490318165619,-72.52490318165619
2893.1600811338426,-72.52732594767633,-72.52732594767633
2893.1700811338424,-72.52974831431273,-72.52974831431273
2893.1800811338426,-72.53217038152673,-72.53217038152673
2893.1900811338423,-72.53459224736905,-72.53459224736905
2893.2000811338426,-72.5370140081771,-72.5370140081771
2893.2100811338423,-72.53943575874635,-72.53943575874635
2893.2200811338425,-72.54185759247581,-72.54185759247581
2893.2300811338423,-72.54427960149154,-72.54427960149154
2893.2400811338425,-72.54670187673838,-72.54670187673838
2893.2500811338423,-72.54912450807596,-72.54912450807596
2893.2600811338425,-72.55154758433575,-72.55154758433575
2893.2700811338423,-72.5539711933881,-72.5539711933881
2893.2800811338425,-72.55639542216983,-72.55639542216983
2893.2900811338422,-72.55882035673794,-72.55882035673794
2893.3000811338425,-72.56124608229668,-72.56124608229668
2893.3100811338427,-72.56367268318168,-72.56367268318168
2893.3200811338425,-72.56610024292678,-72.56610024292678
2893.3300811338427,-72.56852884422436,-72.56852884422436
2893.3400811338424,-72.57095856897855,-72.57095856897855
2893.3500811338427,-72.57338949827323,-72.57338949827323
2893.3600811338424,-72.5758217123746,-72.5758217123746
2893.3700811338426,-72.57825529074668,-72.57825529074668
2893.3800811338424,-72.58069031204595,-72.58069031204595
2893.3900811338426,-72.58312685409301,-72.58312685409301
2893.4000811576843,-72.58556499969959,-72.58556499969959
2893.4100811576845,-72.5880048134348,-72.5880048134348
2893.4200811576843,-72.59044637643233,-72.59044637643233
2893.4300811576845,-72.5928897631781,-72.5928897631781
2893.4400811576843,-72.5953350473169,-72.5953350473169
2893.4500811576845,-72.59778230162517,-72.59778230162517
2893.4600811576843,-72.60022526332051,-72.60022526332051
2893.4700811576845,-72.60266122822337,-72.60266122822337
2893.4800811576843,-72.6050889143855,-72.6050889143855
2893.4900811576845,-72.60750769779972,-72.60750769779972
2893.5000811576842,-72.60991732073215,-72.60991732073215
2893.5100811576845,-72.61231774021941,-72.61231774021941
2893.520081157684,-72.61470903927898,-72.61470903927898
2893.5300811576844,-72.61709137355811,-72.61709137355811
2893.540081157684,-72.61946493926547,-72.61946493926547
2893.5500811576844,-72.62182995386713,-72.62182995386713
2893.560081157684,-72.62418664465076,-72.62418664465076
2893.5700811576844,-72.62653524193996,-72.62653524193996
2893.580081157684,-72.62887597521943,-72.62887597521943
2893.5900811576844,-72.631209071008,-72.631209071008
2893.600081157684,-72.63353475178877,-72.63353475178877
2893.6100811576844,-72.63585323556057,-72.63585323556057
2893.620081157684,-72.6381647357651,-72.6381647357651
2893.6300811576843,-72.64046946140944,-72.64046946140944
2893.640081157684,-72.64276761730292,-72.64276761730292
2893.6500811576843,-72.6450594043414,-72.6450594043414
2893.6600811576845,-72.64734501977925,-72.64734501977925
2893.6700811576843,-72.64962465750276,-72.64962465750276
2893.6800811576845,-72.65189850829113,-72.65189850829113
2893.6900811576843,-72.65416676004446,-72.65416676004446
2893.7000811576845,-72.6564295979548,-72.6564295979548
2893.7100811576843,-72.65868720470249,-72.65868720470249
2893.7200811576845,-72.66093976059142,-72.66093976059142
2893.7300811576843,-72.66318744368544,-72.66318744368544
2893.7400811576845,-72.66543042989497,-72.66543042989497
2893.7500811576842,-72.6676688930682,-72.6676688930682
2893.7600811576845,-72.66990300506562,-72.66990300506562
2893.770081157684,-72.67213293582726,-72.67213293582726
2893.7800811576844,-72.67435885339557,-72.67435885339557
2893.790081157684,-72.67658092398793,-72.67658092398793
2893.8000811576844,-72.67879931199322,-72.67879931199322
2893.810081157684,-72.68101418002854,-72.68101418002854
2893.8200811576844,-72.68322568893542,-72.68322568893542
2893.830081157684,-72.68543399780991,-72.68543399780991
2893.8400811576844,-72.68763926399306,-72.68763926399306
2893.850081157684,-72.6898416430983,-72.6898416430983
2893.8600811576844,-72.69204128901845,-72.69204128901845
2893.870081157684,-72.69423835391724,-72.69423835391724
2893.8800811576843,-72.69643298825021,-72.69643298825021
2893.890081157684,-72.6986253407429,-72.6986253407429
2893.9000811576843,-72.70081555841212,-72.70081555841212
2893.9100811576845,-72.7030037865536,-72.7030037865536
2893.9200811576843,-72.70519016875551,-72.70519016875551
2893.9300811576845,-72.70737484687837,-72.70737484687837
2893.9400811576843,-72.70955796107225,-72.70955796107225
2893.9500811576845,-72.71173964978033,-72.71173964978033
2893.9600811576843,-72.71392004972482,-72.71392004972482
2893.9700811576845,-72.71609929590997,-72.71609929590997
2893.9800811576843,-72.71827752163573,-72.71827752163573
2893.9900811576845,-72.72045485848464,-72.72045485848464
2894.0000811576842,-72.72263143632642,-72.72263143632642
2894.0100811576845,-72.7248073833271,-72.7248073833271
2894.020081157684,-72.72698282595513,-72.72698282595513
2894.0300811576844,-72.72915788897328,-72.72915788897328
2894.040081157684,-72.73133269545195,-72.73133269545195
2894.0500811576844,-72.73350736675133,-72.73350736675133
2894.060081157684,-72.73568202256207,-72.73568202256207
2894.0700811576844,-72.73785678088157,-72.73785678088157
2894.080081157684,-72.7400317580487,-72.7400317580487
2894.0900811576844,-72.74220706871176,-72.74220706871176
2894.100081157684,-72.7443828258621,-72.7443828258621
2894.1100811576844,-72.74655914083425,-72.74655914083425
2894.120081157684,-72.74873612332931,-72.74873612332931
2894.1300811576843,-72.75091388138887,-72.75091388138887
2894.140081157684,-72.75309252144153,-72.75309252144153
2894.1500811576843,-72.75527214828557,-72.75527214828557
2894.1600811576845,-72.757452865094,-72.757452865094
2894.1700811576843,-72.75963477346286,-72.75963477346286
2894.1800811576845,-72.76181797337996,-72.76181797337996
2894.1900811576843,-72.7640025632625,-72.7640025632625
2894.2000811576845,-72.76618863993407,-72.76618863993407
2894.2100811576843,-72.76837629868862,-72.76837629868862
2894.2200811576845,-72.7705656332437,-72.7705656332437
2894.2300811576843,-72.77275673581518,-72.77275673581518
2894.2400811576845,-72.77494969705315,-72.77494969705315
2894.250081181526,-72.77714461135949,-72.77714461135949
2894.2600811815264,-72.77934155593752,-72.77934155593752
2894.270081181526,-72.78154062218731,-72.78154062218731
2894.2800811815264,-72.78374189479669,-72.78374189479669
2894.290081181526,-72.78594545701453,-72.78594545701453
2894.3000811815264,-72.78815139062083,-72.78815139062083
2894.310081181526,-72.79035977597358,-72.79035977597358
2894.3200811815263,-72.79257069200278,-72.79257069200278
2894.330081181526,-72.79478421623921,-72.79478421623921
2894.3400811815263,-72.79700042481362,-72.79700042481362
2894.350081181526,-72.79921939247487,-72.79921939247487
2894.3600811815263,-72.80144119260773,-72.80144119260773
2894.370081181526,-72.80366589724918,-72.80366589724918
2894.3800811815263,-72.80589357708264,-72.80589357708264
2894.390081181526,-72.80812430149659,-72.80812430149659
2894.4000811815263,-72.81035813853093,-72.81035813853093
2894.410081181526,-72.81259515496187,-72.81259515496187
2894.4200811815263,-72.81483541626608,-72.81483541626608
2894.430081181526,-72.81707898666087,-72.81707898666087
2894.4400811815262,-72.81932592910287,-72.81932592910287
2894.450081181526,-72.82157630531074,-72.82157630531074
2894.460081181526,-72.82382382268466,-72.82382382268466
2894.470081181526,-72.8260657574791,-72.8260657574791
2894.480081181526,-72.82830081201733,-72.82830081201733
2894.490081181526,-72.8305283481658,-72.8305283481658
2894.500081181526,-72.83274809479896,-72.83274809479896
2894.5100811815264,-72.83495999592519,-72.83495999592519
2894.520081181526,-72.83716412163731,-72.83716412163731
2894.5300811815264,-72.83936061461584,-72.83936061461584
2894.540081181526,-72.84154965799871,-72.84154965799871
2894.5500811815264,-72.84373145606115,-72.84373145606115
2894.560081181526,-72.84590622272462,-72.84590622272462
2894.5700811815263,-72.8480741747946,-72.8480741747946
2894.580081181526,-72.8502355280921,-72.8502355280921
2894.5900811815263,-72.85239049533179,-72.85239049533179
2894.600081181526,-72.85453928505096,-72.85453928505096
2894.6100811815263,-72.85668210119277,-72.85668210119277
2894.620081181526,-72.85881914303579,-72.85881914303579
2894.6300811815263,-72.86095060534903,-72.86095060534903
2894.640081181526,-72.86307667862269,-72.86307667862269
2894.6500811815263,-72.86519754936,-72.86519754936
2894.660081181526,-72.86731340038511,-72.86731340038511
2894.6700811815263,-72.86942441112686,-72.86942441112686
2894.680081181526,-72.87153075786047,-72.87153075786047
2894.6900811815262,-72.87363261397121,-72.87363261397121
2894.700081181526,-72.87573015015307,-72.87573015015307
2894.710081181526,-72.87782353457764,-72.87782353457764
2894.720081181526,-72.8799129330668,-72.8799129330668
2894.730081181526,-72.88199850920687,-72.88199850920687
2894.740081181526,-72.88408042448079,-72.88408042448079
2894.750081181526,-72.88615883834635,-72.88615883834635
2894.7600811815264,-72.88823390833271,-72.88823390833271
2894.770081181526,-72.89030579007822,-72.89030579007822
2894.7800811815264,-72.89237463740541,-72.89237463740541
2894.790081181526,-72.89444060237302,-72.89444060237302
2894.8000811815264,-72.89650383528976,-72.89650383528976
2894.810081181526,-72.89856448475577,-72.89856448475577
2894.8200811815263,-72.90062269769501,-72.90062269769501
2894.830081181526,-72.90267861936913,-72.90267861936913
2894.8400811815263,-72.90473239338381,-72.90473239338381
2894.850081181526,-72.90678416171828,-72.90678416171828
2894.8600811815263,-72.90883406471717,-72.90883406471717
2894.870081181526,-72.91088224111802,-72.91088224111802
2894.8800811815263,-72.91292882804368,-72.91292882804368
2894.890081181526,-72.91497396101455,-72.91497396101455
2894.9000811815263,-72.91701777393612,-72.91701777393612
2894.910081181526,-72.91906039913206,-72.91906039913206
2894.9200811815263,-72.92110196731268,-72.92110196731268
2894.930081181526,-72.92314260761671,-72.92314260761671
2894.9400811815262,-72.92518244757305,-72.92518244757305
2894.950081181526,-72.92722161313645,-72.92722161313645
2894.960081181526,-72.92926022865713,-72.92926022865713
2894.970081181526,-72.93129841691702,-72.93129841691702
2894.980081181526,-72.93333629910872,-72.93333629910872
2894.990081181526,-72.93537399484333,-72.93537399484333
2895.000081181526,-72.93741162214978,-72.93741162214978
2895.0100811815264,-72.93944929750087,-72.93944929750087
2895.020081181526,-72.94148713577829,-72.94148713577829
2895.0300811815264,-72.94352525031556,-72.94352525031556
2895.040081181526,-72.9455637528757,-72.9455637528757
2895.0500811815264,-72.94760275366754,-72.94760275366754
2895.060081181526,-72.94964236135132,-72.94964236135132
2895.0700811815263,-72.9516826830341,-72.9516826830341
2895.080081181526,-72.9537238242845,-72.9537238242845
2895.0900811815263,-72.95576588914093,-72.95576588914093
2895.100081205368,-72.95780898498165,-72.95780898498165
2895.1100812053683,-72.9598532030768,-72.9598532030768
2895.120081205368,-72.9618986477568,-72.9618986477568
2895.1300812053682,-72.96394541700047,-72.96394541700047
2895.140081205368,-72.96599360729076,-72.96599360729076
2895.150081205368,-72.96804331361898,-72.96804331361898
2895.160081205368,-72.97009462950685,-72.97009462950685
2895.170081205368,-72.97214764699305,-72.97214764699305
2895.180081205368,-72.97420245666771,-72.97420245666771
2895.190081205368,-72.97625914765973,-72.97625914765973
2895.200081205368,-72.97831780768523,-72.97831780768523
2895.210081205368,-72.98037852300125,-72.98037852300125
2895.220081205368,-72.98244137846457,-72.98244137846457
2895.230081205368,-72.98450645751208,-72.98450645751208
2895.240081205368,-72.98657384220171,-72.98657384220171
2895.250081205368,-72.98864361318496,-72.98864361318496
2895.260081205368,-72.99071584976063,-72.99071584976063
2895.270081205368,-72.99279062985465,-72.99279062985465
2895.280081205368,-72.99486803003923,-72.99486803003923
2895.290081205368,-72.99694812555414,-72.99694812555414
2895.300081205368,-72.99903099031303,-72.99903099031303
2895.310081205368,-73.00111669690968,-73.00111669690968
2895.320081205368,-73.00320531664487,-73.00320531664487
2895.330081205368,-73.00529691952055,-73.00529691952055
2895.340081205368,-73.0073915742738,-73.0073915742738
2895.350081205368,-73.00948934835746,-73.00948934835746
2895.3600812053683,-73.01159030799799,-73.01159030799799
2895.370081205368,-73.01369451816564,-73.01369451816564
2895.3800812053682,-73.01580204260434,-73.01580204260434
2895.390081205368,-73.01791294385738,-73.01791294385738
2895.400081205368,-73.0200272832542,-73.0200272832542
2895.410081205368,-73.022145120948,-73.022145120948
2895.420081205368,-73.02426651590758,-73.02426651590758
2895.430081205368,-73.02639152594173,-73.02639152594173
2895.440081205368,-73.02852020771192,-73.02852020771192
2895.450081205368,-73.03065261674895,-73.03065261674895
2895.460081205368,-73.03278880745128,-73.03278880745128
2895.470081205368,-73.03492883311291,-73.03492883311291
2895.480081205368,-73.03707274592495,-73.03707274592495
2895.490081205368,-73.03922059700035,-73.03922059700035
2895.500081205368,-73.0413724363761,-73.0413724363761
2895.510081205368,-73.04352831303423,-73.04352831303423
2895.520081205368,-73.04568827490425,-73.04568827490425
2895.530081205368,-73.04785236888848,-73.04785236888848
2895.540081205368,-73.0500206408596,-73.0500206408596
2895.550081205368,-73.05219313568988,-73.05219313568988
2895.560081205368,-73.05436989724822,-73.05436989724822
2895.570081205368,-73.05655096843367,-73.05655096843367
2895.580081205368,-73.05873639115124,-73.05873639115124
2895.590081205368,-73.0609262063734,-73.0609262063734
2895.600081205368,-73.06312045409749,-73.06312045409749
2895.6100812053683,-73.06531917341493,-73.06531917341493
2895.620081205368,-73.06752240247765,-73.06752240247765
2895.6300812053682,-73.0697301785179,-73.0697301785179
2895.640081205368,-73.07194253789297,-73.07194253789297
2895.650081205368,-73.07415951605594,-73.07415951605594
2895.660081205368,-73.07638114759695,-73.07638114759695
2895.670081205368,-73.07860746622669,-73.07860746622669
2895.680081205368,-73.0808385048157,-73.0808385048157
2895.690081205368,-73.0830742953907,-73.0830742953907
2895.700081205368,-73.08531486915408,-73.08531486915408
2895.710081205368,-73.08756025647347,-73.08756025647347
2895.720081205368,-73.0898104869337,-73.0898104869337
2895.730081205368,-73.09206558929806,-73.09206558929806
2895.740081205368,-73.09432559157047,-73.09432559157047
2895.750081205368,-73.09659052095252,-73.09659052095252
2895.760081205368,-73.09886040391201,-73.09886040391201
2895.770081205368,-73.10113526613894,-73.10113526613894
2895.780081205368,-73.10341513259488,-73.10341513259488
2895.790081205368,-73.10570002750362,-73.10570002750362
2895.800081205368,-73.10798997437598,-73.10798997437598
2895.810081205368,-73.11028499600057,-73.11028499600057
2895.820081205368,-73.11258511446485,-73.11258511446485
2895.830081205368,-73.11489035117278,-73.11489035117278
2895.840081205368,-73.11720072684874,-73.11720072684874
2895.850081205368,-73.11951626152809,-73.11951626152809
2895.8600812053683,-73.12183697460927,-73.12183697460927
2895.870081205368,-73.12416288481764,-73.12416288481764
2895.8800812053682,-73.12649401024684,-73.12649401024684
2895.890081205368,-73.12883036834812,-73.12883036834812
2895.900081205368,-73.13117197595555,-73.13117197595555
2895.910081205368,-73.13351884928856,-73.13351884928856
2895.920081205368,-73.13587100395502,-73.13587100395502
2895.930081205368,-73.13822845497165,-73.13822845497165
2895.940081205368,-73.14059121675815,-73.14059121675815
2895.95008122921,-73.14295930880623,-73.14295930880623
2895.96008122921,-73.14533273312641,-73.14533273312641
2895.97008122921,-73.14771150804711,-73.14771150804711
2895.98008122921,-73.15009564573097,-73.15009564573097
2895.99008122921,-73.15248515778664,-73.15248515778664
2896.00008122921,-73.15488005529035,-73.15488005529035
2896.01008122921,-73.1572803487921,-73.1572803487921
2896.02008122921,-73.15968604831146,-73.15968604831146
2896.03008122921,-73.16209716335442,-73.16209716335442
2896.04008122921,-73.16451370293089,-73.16451370293089
2896.05008122921,-73.16693567555264,-73.16693567555264
2896.06008122921,-73.16936308923525,-73.16936308923525
2896.07008122921,-73.171795951504,-73.171795951504
2896.08008122921,-73.1742342694195,-73.1742342694195
2896.0900812292098,-73.1766780495834,-73.1766780495834
2896.10008122921,-73.17912729810865,-73.17912729810865
2896.1100812292098,-73.18158202068354,-73.18158202068354
2896.12008122921,-73.18404222253446,-73.18404222253446
2896.1300812292097,-73.1865079084541,-73.1865079084541
2896.14008122921,-73.18897908279175,-73.18897908279175
2896.1500812292097,-73.19145574948492,-73.19145574948492
2896.16008122921,-73.19393791204176,-73.19393791204176
2896.1700812292097,-73.19642557356755,-73.19642557356755
2896.18008122921,-73.19891873674719,-73.19891873674719
2896.1900812292097,-73.20141740388758,-73.20141740388758
2896.20008122921,-73.20392157687994,-73.20392157687994
2896.21008122921,-73.20643125723721,-73.20643125723721
2896.22008122921,-73.20894644609324,-73.20894644609324
2896.23008122921,-73.2114671442124,-73.2114671442124
2896.24008122921,-73.21399335197464,-73.21399335197464
2896.25008122921,-73.2165250694085,-73.2165250694085
2896.26008122921,-73.2190622961949,-73.2190622961949
2896.27008122921,-73.22160503163782,-73.22160503163782
2896.28008122921,-73.22415327472163,-73.22415327472163
2896.29008122921,-73.22670702406818,-73.22670702406818
2896.30008122921,-73.22926627798641,-73.22926627798641
2896.31008122921,-73.23183103444032,-73.23183103444032
2896.32008122921,-73.2344012910817,-73.2344012910817
2896.33008122921,-73.23697704523985,-73.23697704523985
2896.3400812292098,-73.2395582939241,-73.2395582939241
2896.35008122921,-73.24214503384846,-73.24214503384846
2896.3600812292098,-73.24473726142168,-73.24473726142168
2896.37008122921,-73.24733497274882,-73.24733497274882
2896.3800812292097,-73.24993816364243,-73.24993816364243
2896.39008122921,-73.25254682962917,-73.25254682962917
2896.4000812292097,-73.25516096597099,-73.25516096597099
2896.41008122921,-73.25778056761939,-73.25778056761939
2896.4200812292097,-73.26040562927389,-73.26040562927389
2896.43008122921,-73.26303614536182,-73.26303614536182
2896.4400812292097,-73.26567211004343,-73.26567211004343
2896.45008122921,-73.26831351721978,-73.26831351721978
2896.46008122921,-73.27096036053584,-73.27096036053584
2896.47008122921,-73.27361263339363,-73.27361263339363
2896.48008122921,-73.27627032893679,-73.27627032893679
2896.49008122921,-73.27893344007747,-73.27893344007747
2896.50008122921,-73.28160195947876,-73.28160195947876
2896.51008122921,-73.28427587958654,-73.28427587958654
2896.52008122921,-73.28695519259989,-73.28695519259989
2896.53008122921,-73.28963989050132,-73.28963989050132
2896.54008122921,-73.29232996504487,-73.29232996504487
2896.55008122921,-73.2950254077743,-73.2950254077743
2896.56008122921,-73.29772621001051,-73.29772621001051
2896.57008122921,-73.30043236287247,-73.30043236287247
2896.58008122921,-73.30314385728,-73.30314385728
2896.5900812292098,-73.30586068392975,-73.30586068392975
2896.60008122921,-73.30858283332958,-73.30858283332958
2896.6100812292098,-73.31131029579744,-73.31131029579744
2896.62008122921,-73.31404306144901,-73.31404306144901
2896.6300812292097,-73.31678112021493,-73.31678112021493
2896.64008122921,-73.31952446184515,-73.31952446184515
2896.6500812292097,-73.32227307590763,-73.32227307590763
2896.66008122921,-73.32502695177588,-73.32502695177588
2896.6700812292097,-73.32778607867532,-73.32778607867532
2896.68008122921,-73.33055044564506,-73.33055044564506
2896.6900812292097,-73.33332004154991,-73.33332004154991
2896.70008122921,-73.33609485510303,-73.33609485510303
2896.71008122921,-73.33887487483908,-73.33887487483908
2896.72008122921,-73.34166008914804,-73.34166008914804
2896.73008122921,-73.34445048626009,-73.34445048626009
2896.74008122921,-73.34724605424972,-73.34724605424972
2896.75008122921,-73.35004678104345,-73.35004678104345
2896.76008122921,-73.35285265441689,-73.35285265441689
2896.77008122921,-73.35566366200386,-73.35566366200386
2896.78008122921,-73.35847979128805,-73.35847979128805
2896.79008122921,-73.36130102963592,-73.36130102963592
2896.8000812530518,-73.36412737098746,-73.36412737098746
2896.810081253052,-73.36695878898598,-73.36695878898598
2896.8200812530517,-73.36979527728897,-73.36979527728897
2896.830081253052,-73.37263682272034,-73.37263682272034
2896.8400812530517,-73.37548341198247,-73.37548341198247
2896.850081253052,-73.37833503164602,-73.37833503164602
2896.8600812530517,-73.38119166817395,-73.38119166817395
2896.870081253052,-73.3840533079003,-73.3840533079003
2896.8800812530517,-73.38691993704207,-73.38691993704207
2896.890081253052,-73.38979154171055,-73.38979154171055
2896.9000812530517,-73.39266810790733,-73.39266810790733
2896.910081253052,-73.39554962150594,-73.39554962150594
2896.9200812530516,-73.39843606830182,-73.39843606830182
2896.930081253052,-73.4013274339686,-73.4013274339686
2896.9400812530516,-73.40422370409154,-73.40422370409154
2896.950081253052,-73.40712486413518,-73.40712486413518
2896.9600812530516,-73.41003089948512,-73.41003089948512
2896.970081253052,-73.41294179542741,-73.41294179542741
2896.9800812530516,-73.41585753715621,-73.41585753715621
2896.990081253052,-73.41877810976612,-73.41877810976612
2897.0000812530516,-73.42170349826782,-73.42170349826782
2897.010081253052,-73.42463368759019,-73.42463368759019
2897.0200812530516,-73.4275686625747,-73.4275686625747
2897.030081253052,-73.43050840797426,-73.43050840797426
2897.0400812530515,-73.4334529084668,-73.4334529084668
2897.0500812530518,-73.4364021486509,-73.4364021486509
2897.060081253052,-73.4393561130428,-73.4393561130428
2897.0700812530517,-73.44231478608928,-73.44231478608928
2897.080081253052,-73.44527815216206,-73.44527815216206
2897.0900812530517,-73.44824619556287,-73.44824619556287
2897.100081253052,-73.45121890050872,-73.45121890050872
2897.1100812530517,-73.4541962511742,-73.4541962511742
2897.120081253052,-73.45717823164941,-73.45717823164941
2897.1300812530517,-73.46016482596325,-73.46016482596325
2897.140081253052,-73.46315601808153,-73.46315601808153
2897.1500812530517,-73.46615179191537,-73.46615179191537
2897.160081253052,-73.46915213130374,-73.46915213130374
2897.1700812530516,-73.47215702003533,-73.47215702003533
2897.180081253052,-73.47516644183536,-73.47516644183536
2897.1900812530516,-73.47818038038693,-73.47818038038693
2897.200081253052,-73.4811988193145,-73.4811988193145
2897.2100812530516,-73.4842217421834,-73.4842217421834
2897.220081253052,-73.48724913251397,-73.48724913251397
2897.2300812530516,-73.49028097376996,-73.49028097376996
2897.240081253052,-73.49331724938395,-73.49331724938395
2897.2500812530516,-73.49635794272922,-73.49635794272922
2897.260081253052,-73.49940303713659,-73.49940303713659
2897.2700812530516,-73.50245251590064,-73.50245251590064
2897.280081253052,-73.50550636226713,-73.50550636226713
2897.2900812530515,-73.50856455943826,-73.50856455943826
2897.3000812530518,-73.51162709057614,-73.51162709057614
2897.310081253052,-73.51469393881474,-73.51469393881474
2897.3200812530517,-73.51776508724348,-73.51776508724348
2897.330081253052,-73.52075872955899,-73.52075872955899
2897.3400812530517,-73.52364263885069,-73.52364263885069
2897.350081253052,-73.52640163637068,-73.52640163637068
2897.3600812530517,-73.52902765614559,-73.52902765614559
2897.370081253052,-73.53151667760443,-73.53151667760443
2897.3800812530517,-73.53386731141484,-73.53386731141484
2897.390081253052,-73.53607993464348,-73.53607993464348
2897.4000812530517,-73.538156105497,-73.538156105497
2897.410081253052,-73.54009815730731,-73.54009815730731
2897.4200812530516,-73.54190891617178,-73.54190891617178
2897.430081253052,-73.5435915052305,-73.5435915052305
2897.4400812530516,-73.54514920980678,-73.54514920980678
2897.450081253052,-73.54658538523405,-73.54658538523405
2897.4600812530516,-73.54790339457966,-73.54790339457966
2897.470081253052,-73.54910656724037,-73.54910656724037
2897.4800812530516,-73.55019817208708,-73.55019817208708
2897.490081253052,-73.55118140068718,-73.55118140068718
2897.5000812530516,-73.55205935756695,-73.55205935756695
2897.510081253052,-73.55283505513016,-73.55283505513016
2897.5200812530516,-73.5535114119361,-73.5535114119361
2897.530081253052,-73.55409125303066,-73.55409125303066
2897.5400812530515,-73.5545773117236,-73.5545773117236
2897.5500812530518,-73.5549722322576,-73.5549722322576
2897.560081253052,-73.55527857298246,-73.55527857298246
2897.5700812530517,-73.55549880977182,-73.55549880977182
2897.580081253052,-73.5556353396048,-73.5556353396048
2897.5900812530517,-73.55569048406853,-73.55569048406853
2897.600081253052,-73.5556664928482,-73.5556664928482
2897.6100812530517,-73.55556554703124,-73.55556554703124
2897.620081253052,-73.55538976230555,-73.55538976230555
2897.6300812530517,-73.55514119196475,-73.55514119196475
2897.640081253052,-73.5548218297428,-73.5548218297428
2897.6500812768936,-73.55443361157973,-73.55443361157973
2897.660081276894,-73.55397842157748,-73.55397842157748
2897.6700812768936,-73.55345808967087,-73.55345808967087
2897.680081276894,-73.55287439654118,-73.55287439654118
2897.6900812768936,-73.55222907518737,-73.55222907518737
2897.700081276894,-73.55152381286614,-73.55152381286614
2897.7100812768936,-73.55075384233278,-73.55075384233278
2897.720081276894,-73.54991795802698,-73.54991795802698
2897.7300812768935,-73.54901635364283,-73.54901635364283
2897.7400812768938,-73.54804984973994,-73.54804984973994
2897.7500812768935,-73.54701959999105,-73.54701959999105
2897.7600812768937,-73.54592693944316,-73.54592693944316
2897.7700812768935,-73.54477329611706,-73.54477329611706
2897.7800812768937,-73.54356013843191,-73.54356013843191
2897.7900812768935,-73.54228894400772,-73.54228894400772
2897.8000812768937,-73.54096118132915,-73.54096118132915
2897.8100812768935,-73.53957829932953,-73.53957829932953
2897.8200812768937,-73.5381417214705,-73.5381417214705
2897.8300812768935,-73.53665284288272,-73.53665284288272
2897.8400812768937,-73.53511302905157,-73.53511302905157
2897.8500812768934,-73.53352361562895,-73.53352361562895
2897.8600812768937,-73.53188590878057,-73.53188590878057
2897.8700812768934,-73.53020118589637,-73.53020118589637
2897.8800812768936,-73.52847069643259,-73.52847069643259
2897.8900812768934,-73.52669566287899,-73.52669566287899
2897.9000812768936,-73.52487728166993,-73.52487728166993
2897.910081276894,-73.52301672412845,-73.52301672412845
2897.9200812768936,-73.52111513736949,-73.52111513736949
2897.930081276894,-73.51917364512704,-73.51917364512704
2897.9400812768936,-73.51719334853928,-73.51719334853928
2897.950081276894,-73.51517532690357,-73.51517532690357
2897.9600812768936,-73.51312063835603,-73.51312063835603
2897.970081276894,-73.5110303205339,-73.5110303205339
2897.9800812768935,-73.50890539116686,-73.50890539116686
2897.9900812768938,-73.50674684864664,-73.50674684864664
2898.0000812768935,-73.5045556725754,-73.5045556725754
2898.0100812768937,-73.50233282425553,-73.50233282425553
2898.0200812768935,-73.50007924715965,-73.50007924715965
2898.0300812768937,-73.49779586739974,-73.49779586739974
2898.0400812768935,-73.49548359412628,-73.49548359412628
2898.0500812768937,-73.4931433199546,-73.4931433199546
2898.0600812768935,-73.49077592133649,-73.49077592133649
2898.0700812768937,-73.48838225893962,-73.48838225893962
2898.0800812768935,-73.48596317798005,-73.48596317798005
2898.0900812768937,-73.48351950857689,-73.48351950857689
2898.1000812768934,-73.4810520660864,-73.4810520660864
2898.1100812768937,-73.47856165136844,-73.47856165136844
2898.1200812768934,-73.476049051136,-73.476049051136
2898.1300812768936,-73.47351503822097,-73.47351503822097
2898.1400812768934,-73.47096037184996,-73.47096037184996
2898.1500812768936,-73.46838579791162,-73.46838579791162
2898.160081276894,-73.46579204924406,-73.46579204924406
2898.1700812768936,-73.46317984585343,-73.46317984585343
2898.180081276894,-73.46054989516924,-73.46054989516924
2898.1900812768936,-73.4579028923067,-73.4579028923067
2898.200081276894,-73.45523952025749,-73.45523952025749
2898.2100812768936,-73.45256045014138,-73.45256045014138
2898.220081276894,-73.44986634142252,-73.44986634142252
2898.2300812768935,-73.44715784211013,-73.44715784211013
2898.2400812768938,-73.44443558896286,-73.44443558896286
2898.2500812768935,-73.44170020770761,-73.44170020770761
2898.2600812768937,-73.43895231322469,-73.43895231322469
2898.2700812768935,-73.43619250974922,-73.43619250974922
2898.2800812768937,-73.43342139104269,-73.43342139104269
2898.2900812768935,-73.43063954058067,-73.43063954058067
2898.3000812768937,-73.42784753174473,-73.42784753174473
2898.3100812768935,-73.42504592798507,-73.42504592798507
2898.3200812768937,-73.4222352829817,-73.4222352829817
2898.3300812768935,-73.4194161408248,-73.4194161408248
2898.3400812768937,-73.41658903618475,-73.41658903618475
2898.3500812768934,-73.41375449445727,-73.41375449445727
2898.3600812768937,-73.410913031913,-73.410913031913
2898.3700812768934,-73.40806515586736,-73.40806515586736
2898.3800812768936,-73.40521136482134,-73.40521136482134
2898.3900812768934,-73.4023521486154,-73.4023521486154
2898.4000812768936,-73.3994879885631,-73.3994879885631
2898.410081276894,-73.39661935760368,-73.39661935760368
2898.4200812768936,-73.39374672042507,-73.39374672042507
2898.430081276894,-73.39087053361038,-73.39087053361038
2898.4400812768936,-73.38799124575996,-73.38799124575996
2898.450081276894,-73.38510929764477,-73.38510929764477
2898.4600812768936,-73.38222512229919,-73.38222512229919
2898.470081276894,-73.3793391451764,-73.3793391451764
2898.4800812768935,-73.37645178426992,-73.37645178426992
2898.4900812768938,-73.37356345019799,-73.37356345019799
2898.5000813007355,-73.37067453948572,-73.37067453948572
2898.5100813007357,-73.36778546216166,-73.36778546216166
2898.5200813007355,-73.36489660067338,-73.36489660067338
2898.5300813007357,-73.36200833740844,-73.36200833740844
2898.5400813007354,-73.35912104798962,-73.35912104798962
2898.5500813007357,-73.35623510135426,-73.35623510135426
2898.5600813007354,-73.35335085989283,-73.35335085989283
2898.5700813007356,-73.3504686795307,-73.3504686795307
2898.5800813007354,-73.3475889098345,-73.3475889098345
2898.5900813007356,-73.34471189412442,-73.34471189412442
2898.6000813007354,-73.34183796953324,-73.34183796953324
2898.6100813007356,-73.33896746717608,-73.33896746717608
2898.6200813007354,-73.33610071216418,-73.33610071216418
2898.6300813007356,-73.33323802376457,-73.33323802376457
2898.6400813007353,-73.3303797154483,-73.3303797154483
2898.6500813007356,-73.32752609500886,-73.32752609500886
2898.6600813007353,-73.32467746463037,-73.32467746463037
2898.6700813007355,-73.32183412098802,-73.32183412098802
2898.6800813007353,-73.31899635534205,-73.31899635534205
2898.6900813007355,-73.31616445360427,-73.31616445360427
2898.7000813007353,-73.31333869642265,-73.31333869642265
2898.7100813007355,-73.31051935927856,-73.31051935927856
2898.7200813007353,-73.30770671256349,-73.30770671256349
2898.7300813007355,-73.30490102163809,-73.30490102163809
2898.7400813007353,-73.30210254694076,-73.30210254694076
2898.7500813007355,-73.2993115440338,-73.2993115440338
2898.7600813007357,-73.29652826371226,-73.29652826371226
2898.7700813007355,-73.29375295204767,-73.29375295204767
2898.7800813007357,-73.29098585047947,-73.29098585047947
2898.7900813007354,-73.2882271958788,-73.2882271958788
2898.8000813007357,-73.28547722061766,-73.28547722061766
2898.8100813007354,-73.28273615264195,-73.28273615264195
2898.8200813007356,-73.28000421554624,-73.28000421554624
2898.8300813007354,-73.27728162863596,-73.27728162863596
2898.8400813007356,-73.27456860697389,-73.27456860697389
2898.8500813007354,-73.27186536147876,-73.27186536147876
2898.8600813007356,-73.26917209897316,-73.26917209897316
2898.8700813007354,-73.2664890222547,-73.2664890222547
2898.8800813007356,-73.26381633013234,-73.26381633013234
2898.8900813007353,-73.2611542175165,-73.2611542175165
2898.9000813007356,-73.25850287546616,-73.25850287546616
2898.9100813007353,-73.2558624912579,-73.2558624912579
2898.9200813007355,-73.25323324842081,-73.25323324842081
2898.9300813007353,-73.2506153268279,-73.2506153268279
2898.9400813007355,-73.24800890271216,-73.24800890271216
2898.9500813007353,-73.24541414877118,-73.24541414877118
2898.9600813007355,-73.2428248599564,-73.2428248599564
2898.9700813007353,-73.24023841507334,-73.24023841507334
2898.9800813007355,-73.23765362126628,-73.23765362126628
2898.9900813007353,-73.23506994371748,-73.23506994371748
2899.0000813007355,-73.2324872122132,-73.2324872122132
2899.0100813007357,-73.22990546907141,-73.22990546907141
2899.0200813007355,-73.22732488014452,-73.22732488014452
2899.0300813007357,-73.2247456815391,-73.2247456815391
2899.0400813007354,-73.22216814758097,-73.22216814758097
2899.0500813007357,-73.21959257167383,-73.21959257167383
2899.0600813007354,-73.21701925492853,-73.21701925492853
2899.0700813007356,-73.21444849949992,-73.21444849949992
2899.0800813007354,-73.21188060480159,-73.21188060480159
2899.0900813007356,-73.20931586542207,-73.20931586542207
2899.1000813007354,-73.20675457014846,-73.20675457014846
2899.1100813007356,-73.20419700154854,-73.20419700154854
2899.1200813007354,-73.20164343595486,-73.20164343595486
2899.1300813007356,-73.19909414362947,-73.19909414362947
2899.1400813007353,-73.19654938902836,-73.19654938902836
2899.1500813007356,-73.19400943111589,-73.19400943111589
2899.1600813007353,-73.19147452368205,-73.19147452368205
2899.1700813007355,-73.18894491564154,-73.18894491564154
2899.1800813007353,-73.1864208512975,-73.1864208512975
2899.1900813007355,-73.18390257061898,-73.18390257061898
2899.2000813007353,-73.1813903094639,-73.1813903094639
2899.2100813007355,-73.17888429974867,-73.17888429974867
2899.2200813007353,-73.17638476964507,-73.17638476964507
2899.2300813007355,-73.17389194370138,-73.17389194370138
2899.2400813007353,-73.17140604300556,-73.17140604300556
2899.2500813007355,-73.16892728527174,-73.16892728527174
2899.2600813007357,-73.16645588493492,-73.16645588493492
2899.2700813007355,-73.16399205324444,-73.16399205324444
2899.2800813007357,-73.16153599831694,-73.16153599831694
2899.2900813007354,-73.15908792523216,-73.15908792523216
2899.3000813007357,-73.1566480360287,-73.1566480360287
2899.3100813007354,-73.1542165298104,-73.1542165298104
2899.3200813007356,-73.15179360274075,-73.15179360274075
2899.3300813007354,-73.14937944812452,-73.14937944812452
2899.3400813007356,-73.1469742563926,-73.1469742563926
2899.3500813245773,-73.14457820944752,-73.14457820944752
2899.3600813245775,-73.14219150354647,-73.14219150354647
2899.3700813245773,-73.13981431498779,-73.13981431498779
2899.3800813245775,-73.1374468230676,-73.1374468230676
2899.3900813245773,-73.13508920434501,-73.13508920434501
2899.4000813245775,-73.13274163264364,-73.13274163264364
2899.4100813245773,-73.13040427912314,-73.13040427912314
2899.4200813245775,-73.12807731225355,-73.12807731225355
2899.4300813245773,-73.12576089785313,-73.12576089785313
2899.4400813245775,-73.12345519907488,-73.12345519907488
2899.4500813245772,-73.12116037648354,-73.12116037648354
2899.4600813245775,-73.1188765879973,-73.1188765879973
2899.470081324577,-73.11660398897071,-73.11660398897071
2899.4800813245774,-73.11434273216308,-73.11434273216308
2899.490081324577,-73.11209296778769,-73.11209296778769
2899.5000813245774,-73.10985484351323,-73.10985484351323
2899.510081324577,-73.10762850448336,-73.10762850448336
2899.5200813245774,-73.10541409333035,-73.10541409333035
2899.530081324577,-73.10321175020044,-73.10321175020044
2899.5400813245774,-73.10102161275807,-73.10102161275807
2899.550081324577,-73.09884381622794,-73.09884381622794
2899.5600813245774,-73.09667849338229,-73.09667849338229
2899.570081324577,-73.09452577459037,-73.09452577459037
2899.5800813245773,-73.09238578780817,-73.09238578780817
2899.590081324577,-73.09025865861798,-73.09025865861798
2899.6000813245773,-73.08814451023603,-73.08814451023603
2899.6100813245775,-73.08604346354623,-73.08604346354623
2899.6200813245773,-73.08395563708973,-73.08395563708973
2899.6300813245775,-73.08188114711861,-73.08188114711861
2899.6400813245773,-73.07982010760786,-73.07982010760786
2899.6500813245775,-73.07777263025547,-73.07777263025547
2899.6600813245773,-73.075738824522,-73.075738824522
2899.6700813245775,-73.07371879763355,-73.07371879763355
2899.6800813245773,-73.07171265463559,-73.07171265463559
2899.6900813245775,-73.06972049838083,-73.06972049838083
2899.7000813245772,-73.06774242956669,-73.06774242956669
2899.7100813245775,-73.06577854674106,-73.06577854674106
2899.720081324577,-73.06382894634524,-73.06382894634524
2899.7300813245774,-73.06189372271234,-73.06189372271234
2899.740081324577,-73.05997296811536,-73.05997296811536
2899.7500813245774,-73.05806677275196,-73.05806677275196
2899.760081324577,-73.05617522481042,-73.05617522481042
2899.7700813245774,-73.0542984104449,-73.0542984104449
2899.780081324577,-73.05243641383862,-73.05243641383862
2899.7900813245774,-73.05058931719348,-73.05058931719348
2899.800081324577,-73.04875720076998,-73.04875720076998
2899.8100813245774,-73.04694014290256,-73.04694014290256
2899.820081324577,-73.04513822001478,-73.04513822001478
2899.8300813245773,-73.0433515066618,-73.0433515066618
2899.840081324577,-73.04158007553121,-73.04158007553121
2899.8500813245773,-73.039823997455,-73.039823997455
2899.8600813245775,-73.03808334147627,-73.03808334147627
2899.8700813245773,-73.03635817482244,-73.03635817482244
2899.8800813245775,-73.0346485629472,-73.0346485629472
2899.8900813245773,-73.03295456955276,-73.03295456955276
2899.9000813245775,-73.03127625659967,-73.03127625659967
2899.9100813245773,-73.02961368436092,-73.02961368436092
2899.9200813245775,-73.02796691138371,-73.02796691138371
2899.9300813245773,-73.02633599456883,-73.02633599456883
2899.9400813245775,-73.0247209891566,-73.0247209891566
2899.9500813245772,-73.02312194877324,-73.02312194877324
2899.9600813245775,-73.02153892541725,-73.02153892541725
2899.970081324577,-73.01997196950543,-73.01997196950543
2899.9800813245774,-73.0184211298953,-73.0184211298953
2899.990081324577,-73.01688645387858,-73.01688645387858
2900.0000813245774,-73.0153679872383,-73.0153679872383
2900.010081324577,-73.01386577424067,-73.01386577424067
2900.0200813245774,-73.01237985766608,-73.01237985766608
2900.030081324577,-73.01091027883173,-73.01091027883173
2900.0400813245774,-73.00945707758513,-73.00945707758513
2900.050081324577,-73.00802029237515,-73.00802029237515
2900.0600813245774,-73.00659996022236,-73.00659996022236
2900.070081324577,-73.00519611675472,-73.00519611675472
2900.0800813245773,-73.00380879623391,-73.00380879623391
2900.090081324577,-73.00243803156779,-73.00243803156779
2900.1000813245773,-73.00108385432291,-73.00108385432291
2900.1100813245775,-72.99974629475581,-72.99974629475581
2900.1200813245773,-72.99842538183167,-72.99842538183167
2900.1300813245775,-72.997121143213,-72.997121143213
2900.1400813245773,-72.99583360532966,-72.99583360532966
2900.1500813245775,-72.99456279333798,-72.99456279333798
2900.1600813245773,-72.99330873118981,-72.99330873118981
2900.1700813245775,-72.99207144161615,-72.99207144161615
2900.1800813245773,-72.99085094615673,-72.99085094615673
2900.1900813245775,-72.98964726517785,-72.98964726517785
2900.200081348419,-72.98846041506546,-72.98846041506546
2900.2100813484194,-72.98729041959483,-72.98729041959483
2900.220081348419,-72.98613729281017,-72.98613729281017
2900.2300813484194,-72.98500105055231,-72.98500105055231
2900.240081348419,-72.98388170756441,-72.98388170756441
2900.2500813484194,-72.98277927751322,-72.98277927751322
2900.260081348419,-72.98169377299526,-72.98169377299526
2900.2700813484194,-72.98062520557784,-72.98062520557784
2900.280081348419,-72.9795735857947,-72.9795735857947
2900.2900813484193,-72.97853892315459,-72.97853892315459
2900.300081348419,-72.97752122618185,-72.97752122618185
2900.3100813484193,-72.97652050240613,-72.97652050240613
2900.320081348419,-72.97553675840462,-72.97553675840462
2900.3300813484193,-72.97456999977166,-72.97456999977166
2900.340081348419,-72.97362023119472,-72.97362023119472
2900.3500813484193,-72.97268745641934,-72.97268745641934
2900.360081348419,-72.97177167827823,-72.97177167827823
2900.3700813484193,-72.97087289871497,-72.97087289871497
2900.380081348419,-72.96999111878388,-72.96999111878388
2900.3900813484192,-72.96912633867386,-72.96912633867386
2900.400081348419,-72.96827855772526,-72.96827855772526
2900.410081348419,-72.9674477744157,-72.9674477744157
2900.420081348419,-72.9666339864188,-72.9666339864188
2900.430081348419,-72.96583719056633,-72.96583719056633
2900.440081348419,-72.96505738291211,-72.96505738291211
2900.450081348419,-72.96429455869797,-72.96429455869797
2900.4600813484194,-72.96354871240693,-72.96354871240693
2900.470081348419,-72.96281983773713,-72.96281983773713
2900.4800813484194,-72.96210792765422,-72.96210792765422
2900.490081348419,-72.96141297436311,-72.96141297436311
2900.5000813484194,-72.96073496935314,-72.96073496935314
2900.510081348419,-72.96007390339085,-72.96007390339085
2900.5200813484194,-72.95942976654553,-72.95942976654553
2900.530081348419,-72.95880254816788,-72.95880254816788
2900.5400813484193,-72.95819223695898,-72.95819223695898
2900.550081348419,-72.95759882092946,-72.95759882092946
2900.5600813484193,-72.95702228742968,-72.95702228742968
2900.570081348419,-72.95646262316991,-72.95646262316991
2900.5800813484193,-72.95591981420914,-72.95591981420914
2900.590081348419,-72.95539384599338,-72.95539384599338
2900.6000813484193,-72.95488470333504,-72.95488470333504
2900.610081348419,-72.95439237044972,-72.95439237044972
2900.6200813484193,-72.95391683095835,-72.95391683095835
2900.630081348419,-72.95345806788649,-72.95345806788649
2900.6400813484192,-72.9530160636909,-72.9530160636909
2900.650081348419,-72.95259080025299,-72.95259080025299
2900.660081348419,-72.95218225890568,-72.95218225890568
2900.670081348419,-72.95179042043644,-72.95179042043644
2900.680081348419,-72.951415265087,-72.951415265087
2900.690081348419,-72.9510567725656,-72.9510567725656
2900.700081348419,-72.95071492206822,-72.95071492206822
2900.7100813484194,-72.95038333882775,-72.95038333882775
2900.720081348419,-72.9500592212046,-72.9500592212046
2900.7300813484194,-72.94974119388597,-72.94974119388597
2900.740081348419,-72.94942854052094,-72.94942854052094
2900.7500813484194,-72.94912091126614,-72.94912091126614
2900.760081348419,-72.9488181711635,-72.9488181711635
2900.7700813484194,-72.94852031136655,-72.94852031136655
2900.780081348419,-72.9482273958981,-72.9482273958981
2900.7900813484193,-72.94793952964552,-72.94793952964552
2900.800081348419,-72.94765683920374,-72.94765683920374
2900.8100813484193,-72.94737946145892,-72.94737946145892
2900.820081348419,-72.94710753690286,-72.94710753690286
2900.8300813484193,-72.94684120578344,-72.94684120578344
2900.840081348419,-72.94658060601625,-72.94658060601625
2900.8500813484193,-72.94632587211456,-72.94632587211456
2900.860081348419,-72.94607713479253,-72.94607713479253
2900.8700813484193,-72.9458345208616,-72.9458345208616
2900.880081348419,-72.9455981534014,-72.9455981534014
2900.8900813484192,-72.94536815195686,-72.94536815195686
2900.900081348419,-72.94514463284857,-72.94514463284857
2900.910081348419,-72.94492770942553,-72.94492770942553
2900.920081348419,-72.94471749236163,-72.94471749236163
2900.930081348419,-72.94451408988037,-72.94451408988037
2900.940081348419,-72.94431760801415,-72.94431760801415
2900.950081348419,-72.94412815075728,-72.94412815075728
2900.9600813484194,-72.9439458202454,-72.9439458202454
2900.970081348419,-72.9437707169184,-72.9437707169184
2900.9800813484194,-72.94360293960668,-72.94360293960668
2900.990081348419,-72.94344258567149,-72.94344258567149
2901.0000813484194,-72.94328975104656,-72.94328975104656
2901.010081348419,-72.94314453033289,-72.94314453033289
2901.0200813484194,-72.94300701684696,-72.94300701684696
2901.030081348419,-72.9428773026636,-72.9428773026636
2901.0400813484193,-72.94275547865605,-72.94275547865605
2901.050081372261,-72.94264163425099,-72.94264163425099
2901.0600813722613,-72.94253585855357,-72.94253585855357
2901.070081372261,-72.94243823864515,-72.94243823864515
2901.0800813722612,-72.9423488608029,-72.9423488608029
2901.090081372261,-72.94226781017842,-72.94226781017842
2901.1000813722612,-72.94219517079925,-72.94219517079925
2901.110081372261,-72.94213102558565,-72.94213102558565
2901.120081372261,-72.94207545633003,-72.94207545633003
2901.130081372261,-72.94202854372676,-72.94202854372676
2901.140081372261,-72.94199036734894,-72.94199036734894
2901.150081372261,-72.9419610056425,-72.9419610056425
2901.160081372261,-72.94194053593117,-72.94194053593117
2901.170081372261,-72.94192903442062,-72.94192903442062
2901.180081372261,-72.94192657617889,-72.94192657617889
2901.190081372261,-72.94193323514386,-72.94193323514386
2901.200081372261,-72.94194908410607,-72.94194908410607
2901.210081372261,-72.94196784099617,-72.94196784099617
2901.220081372261,-72.94198679607375,-72.94198679607375
2901.230081372261,-72.94200466539475,-72.94200466539475
2901.240081372261,-72.94202082347476,-72.94202082347476
2901.250081372261,-72.94203501086723,-72.94203501086723
2901.260081372261,-72.94204718243734,-72.94204718243734
2901.270081372261,-72.94205741857432,-72.94205741857432
2901.280081372261,-72.94206587190195,-72.94206587190195
2901.290081372261,-72.94207273527205,-72.94207273527205
2901.300081372261,-72.94207822253398,-72.94207822253398
2901.3100813722613,-72.9420825571395,-72.9420825571395
2901.320081372261,-72.94208596541519,-72.94208596541519
2901.3300813722612,-72.9420886727025,-72.9420886727025
2901.340081372261,-72.94209090127023,-72.94209090127023
2901.3500813722612,-72.94209286921406,-72.94209286921406
2901.360081372261,-72.94209479007407,-72.94209479007407
2901.370081372261,-72.94209687270775,-72.94209687270775
2901.380081372261,-72.94209932145942,-72.94209932145942
2901.390081372261,-72.94210233635324,-72.94210233635324
2901.400081372261,-72.9421061134011,-72.9421061134011
2901.410081372261,-72.94211084485488,-72.94211084485488
2901.420081372261,-72.94211671949104,-72.94211671949104
2901.430081372261,-72.94212392286096,-72.94212392286096
2901.440081372261,-72.94213263748938,-72.94213263748938
2901.450081372261,-72.94214304309538,-72.94214304309538
2901.460081372261,-72.94215531674033,-72.94215531674033
2901.470081372261,-72.94216963298159,-72.94216963298159
2901.480081372261,-72.9421861639847,-72.9421861639847
2901.490081372261,-72.94220507962551,-72.94220507962551
2901.500081372261,-72.94222654758171,-72.94222654758171
2901.510081372261,-72.94225073340027,-72.94225073340027
2901.520081372261,-72.94227780055036,-72.94227780055036
2901.530081372261,-72.94230791046728,-72.94230791046728
2901.540081372261,-72.94234122259537,-72.94234122259537
2901.550081372261,-72.94237789442623,-72.94237789442623
2901.5600813722613,-72.94241808151538,-72.94241808151538
2901.570081372261,-72.94246193748826,-72.94246193748826
2901.5800813722612,-72.94250961408625,-72.94250961408625
2901.590081372261,-72.94256126114253,-72.94256126114253
2901.6000813722612,-72.94261702662222,-72.94261702662222
2901.610081372261,-72.94267705660383,-72.94267705660383
2901.620081372261,-72.94274149530256,-72.94274149530256
2901.630081372261,-72.94281048507276,-72.94281048507276
2901.640081372261,-72.94288416639156,-72.94288416639156
2901.650081372261,-72.94296267788354,-72.94296267788354
2901.660081372261,-72.94304615630995,-72.94304615630995
2901.670081372261,-72.94313473657787,-72.94313473657787
2901.680081372261,-72.94322855172854,-72.94322855172854
2901.690081372261,-72.94332773295494,-72.94332773295494
2901.700081372261,-72.94343240958763,-72.94343240958763
2901.710081372261,-72.94354270911143,-72.94354270911143
2901.720081372261,-72.94365875715714,-72.94365875715714
2901.730081372261,-72.94378067751298,-72.94378067751298
2901.740081372261,-72.9439085921071,-72.9439085921071
2901.750081372261,-72.94404262104284,-72.94404262104284
2901.760081372261,-72.94418288257806,-72.94418288257806
2901.770081372261,-72.94432949314104,-72.94432949314104
2901.780081372261,-72.94448256732097,-72.94448256732097
2901.790081372261,-72.94464221789663,-72.94464221789663
2901.800081372261,-72.9448085558207,-72.9448085558207
2901.8100813722613,-72.94498169024429,-72.94498169024429
2901.820081372261,-72.94516172850803,-72.94516172850803
2901.8300813722612,-72.94534877616259,-72.94534877616259
2901.840081372261,-72.94554293697432,-72.94554293697432
2901.8500813722612,-72.94574431291191,-72.94574431291191
2901.860081372261,-72.94595300419985,-72.94595300419985
2901.870081372261,-72.94616910928683,-72.94616910928683
2901.880081372261,-72.94639272487066,-72.94639272487066
2901.890081372261,-72.94662394591778,-72.94662394591778
2901.900081396103,-72.94686286622375,-72.94686286622375
2901.910081396103,-72.94710957620522,-72.94710957620522
2901.920081396103,-72.94736416619652,-72.94736416619652
2901.930081396103,-72.94762672431723,-72.94762672431723
2901.940081396103,-72.94789733700891,-72.94789733700891
2901.950081396103,-72.94817608902548,-72.94817608902548
2901.960081396103,-72.948463063487,-72.948463063487
2901.970081396103,-72.94875834185169,-72.94875834185169
2901.980081396103,-72.9490620039484,-72.9490620039484
2901.990081396103,-72.94937412800164,-72.94937412800164
2902.000081396103,-72.9496947906272,-72.9496947906272
2902.010081396103,-72.95002406684786,-72.95002406684786
2902.020081396103,-72.95036203012216,-72.95036203012216
2902.030081396103,-72.95070875234188,-72.95070875234188
2902.040081396103,-72.95106430385434,-72.95106430385434
2902.050081396103,-72.95142875348448,-72.95142875348448
2902.0600813961028,-72.9518021685327,-72.9518021685327
2902.070081396103,-72.95218461480836,-72.95218461480836
2902.0800813961027,-72.95257615663337,-72.95257615663337
2902.090081396103,-72.95297685685233,-72.95297685685233
2902.1000813961027,-72.95338677686316,-72.95338677686316
2902.110081396103,-72.95380597662063,-72.95380597662063
2902.1200813961027,-72.95423451466938,-72.95423451466938
2902.130081396103,-72.95467244812792,-72.95467244812792
2902.1400813961027,-72.95511983273357,-72.95511983273357
2902.150081396103,-72.95557672284335,-72.95557672284335
2902.160081396103,-72.95604317145889,-72.95604317145889
2902.170081396103,-72.95651923022936,-72.95651923022936
2902.180081396103,-72.95700494948683,-72.95700494948683
2902.190081396103,-72.95750037823062,-72.95750037823062
2902.200081396103,-72.95800556417737,-72.95800556417737
2902.210081396103,-72.95852055375366,-72.95852055375366
2902.220081396103,-72.9590453921264,-72.9590453921264
2902.230081396103,-72.95958012319653,-72.95958012319653
2902.240081396103,-72.9601247896453,-72.9601247896453
2902.250081396103,-72.96067943291597,-72.96067943291597
2902.260081396103,-72.96124409326437,-72.96124409326437
2902.270081396103,-72.96181880974476,-72.96181880974476
2902.280081396103,-72.96240362024436,-72.96240362024436
2902.290081396103,-72.96299856149223,-72.96299856149223
2902.300081396103,-72.96360366906022,-72.96360366906022
2902.3100813961028,-72.96421897739442,-72.96421897739442
2902.320081396103,-72.96484451984527,-72.96484451984527
2902.3300813961027,-72.96548032863853,-72.96548032863853
2902.340081396103,-72.96612643492381,-72.96612643492381
2902.3500813961027,-72.96678286879022,-72.96678286879022
2902.360081396103,-72.9674496592574,-72.9674496592574
2902.3700813961027,-72.96812683431182,-72.96812683431182
2902.380081396103,-72.96881442091366,-72.96881442091366
2902.3900813961027,-72.9695124450048,-72.9695124450048
2902.400081396103,-72.97022093153947,-72.97022093153947
2902.410081396103,-72.97093990446808,-72.97093990446808
2902.420081396103,-72.97166938679233,-72.97166938679233
2902.430081396103,-72.97240940054243,-72.97240940054243
2902.440081396103,-72.9731599668136,-72.9731599668136
2902.450081396103,-72.97392110577097,-72.97392110577097
2902.460081396103,-72.9746864776706,-72.9746864776706
2902.470081396103,-72.97545331759657,-72.97545331759657
2902.480081396103,-72.97622028801179,-72.97622028801179
2902.490081396103,-72.97698671101914,-72.97698671101914
2902.500081396103,-72.97775227564493,-72.97775227564493
2902.510081396103,-72.9785168859441,-72.9785168859441
2902.520081396103,-72.97928057207957,-72.97928057207957
2902.530081396103,-72.98004343689583,-72.98004343689583
2902.540081396103,-72.98080562389443,-72.98080562389443
2902.550081396103,-72.98156729792692,-72.98156729792692
2902.5600813961028,-72.98232863379987,-72.98232863379987
2902.570081396103,-72.9830898095169,-72.9830898095169
2902.5800813961027,-72.98385100243955,-72.98385100243955
2902.590081396103,-72.98461238717157,-72.98461238717157
2902.6000813961027,-72.98537413450593,-72.98537413450593
2902.610081396103,-72.98613641099475,-72.98613641099475
2902.6200813961027,-72.9868993789026,-72.9868993789026
2902.630081396103,-72.9876631963313,-72.9876631963313
2902.6400813961027,-72.98842801745899,-72.98842801745899
2902.650081396103,-72.98919399283974,-72.98919399283974
2902.660081396103,-72.98996126967153,-72.98996126967153
2902.670081396103,-72.99072999210884,-72.99072999210884
2902.680081396103,-72.9915003014809,-72.9915003014809
2902.690081396103,-72.99227233655365,-72.99227233655365
2902.700081396103,-72.99304623370786,-72.99304623370786
2902.710081396103,-72.9938221271335,-72.9938221271335
2902.720081396103,-72.9946001489593,-72.9946001489593
2902.730081396103,-72.99538042940273,-72.99538042940273
2902.740081396103,-72.99616309685322,-72.99616309685322
2902.7500814199448,-72.99694827985287,-72.99694827985287
2902.760081419945,-72.99773609967421,-72.99773609967421
2902.7700814199447,-72.99852668159407,-72.99852668159407
2902.780081419945,-72.99932014748582,-72.99932014748582
2902.7900814199447,-73.00011661773392,-73.00011661773392
2902.800081419945,-73.00091621123522,-73.00091621123522
2902.8100814199447,-73.00171904545337,-73.00171904545337
2902.820081419945,-73.00252523641915,-73.00252523641915
2902.8300814199447,-73.00333489877173,-73.00333489877173
2902.840081419945,-73.0041481457432,-73.0041481457432
2902.8500814199447,-73.0049650891857,-73.0049650891857
2902.860081419945,-73.00578583956631,-73.00578583956631
2902.8700814199447,-73.00661050599227,-73.00661050599227
2902.880081419945,-73.00743919618617,-73.00743919618617
2902.8900814199446,-73.0082720165019,-73.0082720165019
2902.900081419945,-73.0091090719339,-73.0091090719339
2902.9100814199446,-73.00995046609985,-73.00995046609985
2902.920081419945,-73.01079630124967,-73.01079630124967
2902.9300814199446,-73.01164667827162,-73.01164667827162
2902.940081419945,-73.01250169668094,-73.01250169668094
2902.9500814199446,-73.01336145461751,-73.01336145461751
2902.960081419945,-73.014219686013,-73.014219686013
2902.9700814199446,-73.0150737013327,-73.0150737013327
2902.980081419945,-73.01592223892523,-73.01592223892523
2902.9900814199445,-73.0167646968537,-73.0167646968537
2903.0000814199448,-73.01760083990929,-73.01760083990929
2903.010081419945,-73.01843064765838,-73.01843064765838
2903.0200814199447,-73.01925422534893,-73.01925422534893
2903.030081419945,-73.02007175050531,-73.02007175050531
2903.0400814199447,-73.02088344075675,-73.02088344075675
2903.050081419945,-73.02168953459585,-73.02168953459585
2903.0600814199447,-73.02249027986389,-73.02249027986389
2903.070081419945,-73.023285927052,-73.023285927052
2903.0800814199447,-73.02407672539441,-73.02407672539441
2903.090081419945,-73.02486292076307,-73.02486292076307
2903.1000814199447,-73.02564475460194,-73.02564475460194
2903.110081419945,-73.02642246349446,-73.02642246349446
2903.1200814199447,-73.02719627909838,-73.02719627909838
2903.130081419945,-73.02796642827195,-73.02796642827195
2903.1400814199446,-73.02873313330174,-73.02873313330174
2903.150081419945,-73.02949661220403,-73.02949661220403
2903.1600814199446,-73.030257078997,-73.030257078997
2903.170081419945,-73.03101474398483,-73.03101474398483
2903.1800814199446,-73.03176981400846,-73.03176981400846
2903.190081419945,-73.03252249266998,-73.03252249266998
2903.2000814199446,-73.03327298055001,-73.03327298055001
2903.210081419945,-73.03402147535003,-73.03402147535003
2903.2200814199446,-73.03476817207456,-73.03476817207456
2903.230081419945,-73.03551326313186,-73.03551326313186
2903.2400814199445,-73.03625693845426,-73.03625693845426
2903.2500814199448,-73.03699938557737,-73.03699938557737
2903.260081419945,-73.03774078972829,-73.03774078972829
2903.2700814199447,-73.03848133388053,-73.03848133388053
2903.280081419945,-73.03922119879118,-73.03922119879118
2903.2900814199447,-73.03996056307543,-73.03996056307543
2903.300081419945,-73.04069960320241,-73.04069960320241
2903.3100814199447,-73.04143849355465,-73.04143849355465
2903.320081419945,-73.04217740643256,-73.04217740643256
2903.3300814199447,-73.04291651208027,-73.04291651208027
2903.340081419945,-73.0436559786973,-73.0436559786973
2903.3500814199447,-73.04439597244668,-73.04439597244668
2903.360081419945,-73.04513665747128,-73.04513665747128
2903.3700814199447,-73.04587819590273,-73.04587819590273
2903.380081419945,-73.04662074785544,-73.04662074785544
2903.3900814199446,-73.04736447145973,-73.04736447145973
2903.400081419945,-73.04810952282246,-73.04810952282246
2903.4100814199446,-73.04885605607312,-73.04885605607312
2903.420081419945,-73.04960422334489,-73.04960422334489
2903.4300814199446,-73.05035417478683,-73.05035417478683
2903.440081419945,-73.0511060585423,-73.0511060585423
2903.4500814199446,-73.05186002080923,-73.05186002080923
2903.460081419945,-73.05260983982733,-73.05260983982733
2903.4700814199446,-73.05335287192739,-73.05335287192739
2903.480081419945,-73.05408790169292,-73.05408790169292
2903.4900814199445,-73.05481437331126,-73.05481437331126
2903.5000814199448,-73.0555320974383,-73.0555320974383
2903.510081419945,-73.05624109908725,-73.05624109908725
2903.5200814199447,-73.05694152848338,-73.05694152848338
2903.530081419945,-73.05763360759498,-73.05763360759498
2903.5400814199447,-73.05831759794526,-73.05831759794526
2903.550081419945,-73.05899378132194,-73.05899378132194
2903.5600814199447,-73.05966244829499,-73.05966244829499
2903.570081419945,-73.06032389146938,-73.06032389146938
2903.5800814199447,-73.06097840162298,-73.06097840162298
2903.590081419945,-73.06162626555562,-73.06162626555562
2903.6000814437866,-73.06226776661279,-73.06226776661279
2903.610081443787,-73.06290317808134,-73.06290317808134
2903.6200814437866,-73.06353277237037,-73.06353277237037
2903.630081443787,-73.06415681497222,-73.06415681497222
2903.6400814437866,-73.0647755662734,-73.0647755662734
2903.650081443787,-73.06538928183413,-73.06538928183413
2903.6600814437866,-73.06599821265918,-73.06599821265918
2903.670081443787,-73.0666026055205,-73.0666026055205
2903.6800814437865,-73.06720270319735,-73.06720270319735
2903.6900814437868,-73.06779874471428,-73.06779874471428
2903.7000814437865,-73.06839096555092,-73.06839096555092
2903.7100814437867,-73.06897959781436,-73.06897959781436
2903.7200814437865,-73.0695648704102,-73.0695648704102
2903.7300814437867,-73.07014700915241,-73.07014700915241
2903.7400814437865,-73.07072623691,-73.07072623691
2903.7500814437867,-73.07130277365985,-73.07130277365985
2903.7600814437865,-73.0718768366089,-73.0718768366089
2903.7700814437867,-73.07244864023303,-73.07244864023303
2903.7800814437865,-73.07301839635427,-73.07301839635427
2903.7900814437867,-73.07358631417388,-73.07358631417388
2903.8000814437864,-73.07415260031806,-73.07415260031806
2903.8100814437867,-73.07471745887538,-73.07471745887538
2903.8200814437864,-73.07528109142234,-73.07528109142234
2903.8300814437866,-73.07584369704216,-73.07584369704216
2903.8400814437864,-73.07640547235077,-73.07640547235077
2903.8500814437866,-73.07696661152285,-73.07696661152285
2903.860081443787,-73.07752730627993,-73.07752730627993
2903.8700814437866,-73.0780877459422,-73.0780877459422
2903.880081443787,-73.07864811739944,-73.07864811739944
2903.8900814437866,-73.07920860516403,-73.07920860516403
2903.900081443787,-73.07976939133066,-73.07976939133066
2903.9100814437866,-73.08033065563379,-73.08033065563379
2903.920081443787,-73.08089257542332,-73.08089257542332
2903.9300814437865,-73.08145532569785,-73.08145532569785
2903.9400814437868,-73.082019079096,-73.082019079096
2903.9500814437865,-73.08258400589924,-73.08258400589924
2903.9600814437867,-73.08315027406644,-73.08315027406644
2903.9700814437865,-73.0837180492183,-73.0837180492183
2903.9800814437867,-73.08428749466036,-73.08428749466036
2903.9900814437865,-73.0848587713876,-73.0848587713876
2904.0000814437867,-73.0854320380918,-73.0854320380918
2904.0100814437865,-73.08600745117944,-73.08600745117944
2904.0200814437867,-73.08658516478074,-73.08658516478074
2904.0300814437865,-73.08716533074865,-73.08716533074865
2904.0400814437867,-73.0877480986819,-73.0877480986819
2904.0500814437864,-73.08833361594789,-73.08833361594789
2904.0600814437867,-73.08892202767233,-73.08892202767233
2904.0700814437864,-73.08951347675917,-73.08951347675917
2904.0800814437866,-73.0901081039117,-73.0901081039117
2904.0900814437864,-73.09070604764764,-73.09070604764764
2904.1000814437866,-73.09130744428884,-73.09130744428884
2904.110081443787,-73.09191242801828,-73.09191242801828
2904.1200814437866,-73.09252113085552,-73.09252113085552
2904.130081443787,-73.0931336827005,-73.0931336827005
2904.1400814437866,-73.09375021132513,-73.09375021132513
2904.150081443787,-73.09437084240037,-73.09437084240037
2904.1600814437866,-73.09499569952378,-73.09499569952378
2904.170081443787,-73.09562490421463,-73.09562490421463
2904.1800814437865,-73.09625857595265,-73.09625857595265
2904.1900814437868,-73.09689683216787,-73.09689683216787
2904.2000814437865,-73.09753978828874,-73.09753978828874
2904.2100814437867,-73.09818755774062,-73.09818755774062
2904.2200814437865,-73.09884025196499,-73.09884025196499
2904.2300814437867,-73.09949798044383,-73.09949798044383
2904.2400814437865,-73.10016085071787,-73.10016085071787
2904.2500814437867,-73.10082896839445,-73.10082896839445
2904.2600814437865,-73.10150243718071,-73.10150243718071
2904.2700814437867,-73.10218135888444,-73.10218135888444
2904.2800814437865,-73.10286583345912,-73.10286583345912
2904.2900814437867,-73.10355595898939,-73.10355595898939
2904.3000814437864,-73.10425183174345,-73.10425183174345
2904.3100814437867,-73.10495354616289,-73.10495354616289
2904.3200814437864,-73.10566119490218,-73.10566119490218
2904.3300814437866,-73.106374868845,-73.106374868845
2904.3400814437864,-73.10709465710929,-73.10709465710929
2904.3500814437866,-73.10782064708093,-73.10782064708093
2904.360081443787,-73.1085529244295,-73.1085529244295
2904.3700814437866,-73.10929157312555,-73.10929157312555
2904.380081443787,-73.1100366754587,-73.1100366754587
2904.3900814437866,-73.1107883120666,-73.1107883120666
2904.400081443787,-73.11154656193092,-73.11154656193092
2904.4100814437866,-73.11231150242247,-73.11231150242247
2904.420081443787,-73.11308320931377,-73.11308320931377
2904.4300814437865,-73.1138617567837,-73.1138617567837
2904.4400814437868,-73.11464721745229,-73.11464721745229
2904.4500814676285,-73.11543966428465,-73.11543966428465
2904.4600814676287,-73.11623916307505,-73.11623916307505
2904.4700814676285,-73.11704578372304,-73.11704578372304
2904.4800814676287,-73.11785959276838,-73.11785959276838
2904.4900814676284,-73.11868065530666,-73.11868065530666
2904.5000814676287,-73.1195090349599,-73.1195090349599
2904.5100814676284,-73.12034479392395,-73.12034479392395
2904.5200814676286,-73.1211879929724,-73.1211879929724
2904.5300814676284,-73.12203869148931,-73.12203869148931
2904.5400814676286,-73.12289694747315,-73.12289694747315
2904.5500814676284,-73.12376281756808,-73.12376281756808
2904.5600814676286,-73.12463635707189,-73.12463635707189
2904.5700814676284,-73.12551761995428,-73.12551761995428
2904.5800814676286,-73.12640665887996,-73.12640665887996
2904.5900814676284,-73.12730352521419,-73.12730352521419
2904.6000814676286,-73.12820826906817,-73.12820826906817
2904.6100814676283,-73.12912093928215,-73.12912093928215
2904.6200814676286,-73.13004158344981,-73.13004158344981
2904.6300814676283,-73.13097024795708,-73.13097024795708
2904.6400814676285,-73.13190697798167,-73.13190697798167
2904.6500814676283,-73.13285181750483,-73.13285181750483
2904.6600814676285,-73.13380480934505,-73.13380480934505
2904.6700814676283,-73.13476599515188,-73.13476599515188
2904.6800814676285,-73.1357354154406,-73.1357354154406
2904.6900814676283,-73.13671310961077,-73.13671310961077
2904.7000814676285,-73.1376991159356,-73.1376991159356
2904.7100814676287,-73.13868709712564,-73.13868709712564
2904.7200814676285,-73.13967429963002,-73.13967429963002
2904.7300814676287,-73.14065940119103,-73.14065940119103
2904.7400814676284,-73.14164174120445,-73.14164174120445
2904.7500814676287,-73.14262102711673,-73.14262102711673
2904.7600814676284,-73.14359718207099,-73.14359718207099
2904.7700814676286,-73.14457025558004,-73.14457025558004
2904.7800814676284,-73.14554036992362,-73.14554036992362
2904.7900814676286,-73.14650768788422,-73.14650768788422
2904.8000814676284,-73.14747239345643,-73.14747239345643
2904.8100814676286,-73.148434680306,-73.148434680306
2904.8200814676284,-73.14939474500746,-73.14939474500746
2904.8300814676286,-73.15035278317913,-73.15035278317913
2904.8400814676284,-73.15130898737617,-73.15130898737617
2904.8500814676286,-73.15226354602885,-73.15226354602885
2904.8600814676283,-73.15321664303131,-73.15321664303131
2904.8700814676286,-73.15416845766933,-73.15416845766933
2904.8800814676283,-73.155119164792,-73.155119164792
2904.8900814676285,-73.15606893503741,-73.15606893503741
2904.9000814676283,-73.15701793516675,-73.15701793516675
2904.9100814676285,-73.15796632831594,-73.15796632831594
2904.9200814676283,-73.15891427433226,-73.15891427433226
2904.9300814676285,-73.1598619299967,-73.1598619299967
2904.9400814676283,-73.16080944930577,-73.16080944930577
2904.9500814676285,-73.16175698365485,-73.16175698365485
2904.9600814676287,-73.16270468202622,-73.16270468202622
2904.9700814676285,-73.16365269115572,-73.16365269115572
2904.9800814676287,-73.16460115564999,-73.16460115564999
2904.9900814676284,-73.16555021811533,-73.16555021811533
2905.0000814676287,-73.16650001924566,-73.16650001924566
2905.0100814676284,-73.16745069789246,-73.16745069789246
2905.0200814676286,-73.1684023911608,-73.1684023911608
2905.0300814676284,-73.16935523443303,-73.16935523443303
2905.0400814676286,-73.1703093614238,-73.1703093614238
2905.0500814676284,-73.17126490423739,-73.17126490423739
2905.0600814676286,-73.1722219933522,-73.1722219933522
2905.0700814676284,-73.17318075769845,-73.17318075769845
2905.0800814676286,-73.17414132464314,-73.17414132464314
2905.0900814676284,-73.1751038200161,-73.1751038200161
2905.1000814676286,-73.17606836812715,-73.17606836812715
2905.1100814676283,-73.1770350917659,-73.1770350917659
2905.1200814676286,-73.17800411221147,-73.17800411221147
2905.1300814676283,-73.1789755492432,-73.1789755492432
2905.1400814676285,-73.17994952114789,-73.17994952114789
2905.1500814676283,-73.18092614471934,-73.18092614471934
2905.1600814676285,-73.18190553524315,-73.18190553524315
2905.1700814676283,-73.18288780654072,-73.18288780654072
2905.1800814676285,-73.18387307092802,-73.18387307092802
2905.1900814676283,-73.18486143924018,-73.18486143924018
2905.2000814676285,-73.1858530208373,-73.1858530208373
2905.2100814676287,-73.18684792357587,-73.18684792357587
2905.2200814676285,-73.18784625384829,-73.18784625384829
2905.2300814676287,-73.18884811656078,-73.18884811656078
2905.2400814676284,-73.1898536151445,-73.1898536151445
2905.2500814676287,-73.1908628515516,-73.1908628515516
2905.2600814676284,-73.1918759262719,-73.1918759262719
2905.2700814676286,-73.19289293830954,-73.19289293830954
2905.2800814676284,-73.19391398521415,-73.19391398521415
2905.2900814676286,-73.19493916305662,-73.19493916305662
2905.3000814914703,-73.19596856891846,-73.19596856891846
2905.3100814914706,-73.1970022910753,-73.1970022910753
2905.3200814914703,-73.1980404236755,-73.1980404236755
2905.3300814914705,-73.19908305699002,-73.19908305699002
2905.3400814914703,-73.20013027985705,-73.20013027985705
2905.3500814914705,-73.20118217967072,-73.20118217967072
2905.3600814914703,-73.20223884241244,-73.20223884241244
2905.3700814914705,-73.20330035261576,-73.20330035261576
2905.3800814914703,-73.2043667934399,-73.2043667934399
2905.3900814914705,-73.20543824660103,-73.20543824660103
2905.4000814914702,-73.2065147924427,-73.2065147924427
2905.4100814914705,-73.2075965099084,-73.2075965099084
2905.4200814914702,-73.20868347656265,-73.20868347656265
2905.4300814914704,-73.20977576859754,-73.20977576859754
2905.44008149147,-73.21087346084195,-73.21087346084195
2905.4500814914704,-73.211976626768,-73.211976626768
2905.46008149147,-73.21308533850716,-73.21308533850716
2905.4700814914704,-73.21419966684955,-73.21419966684955
2905.48008149147,-73.21531968126756,-73.21531968126756
2905.4900814914704,-73.21644544992166,-73.21644544992166
2905.50008149147,-73.2175770396589,-73.2175770396589
2905.5100814914704,-73.21871451603634,-73.21871451603634
2905.52008149147,-73.21985794333368,-73.21985794333368
2905.5300814914704,-73.22100738455909,-73.22100738455909
2905.54008149147,-73.22216290145019,-73.22216290145019
2905.5500814914703,-73.22332455450754,-73.22332455450754
2905.5600814914706,-73.22449240298445,-73.22449240298445
2905.5700814914703,-73.22566650491825,-73.22566650491825
2905.5800814914705,-73.22684691712408,-73.22684691712408
2905.5900814914703,-73.22803369521692,-73.22803369521692
2905.6000814914705,-73.22922689362336,-73.22922689362336
2905.6100814914703,-73.23042656559221,-73.23042656559221
2905.6200814914705,-73.23163276319515,-73.23163276319515
2905.6300814914703,-73.23284553736728,-73.23284553736728
2905.6400814914705,-73.23406493788582,-73.23406493788582
2905.6500814914702,-73.23529101340444,-73.23529101340444
2905.6600814914705,-73.23652381146113,-73.23652381146113
2905.6700814914702,-73.23776337848747,-73.23776337848747
2905.6800814914704,-73.23900975980561,-73.23900975980561
2905.69008149147,-73.24026299968513,-73.24026299968513
2905.7000814914704,-73.24152314130406,-73.24152314130406
2905.71008149147,-73.24279022678633,-73.24279022678633
2905.7200814914704,-73.24406429721705,-73.24406429721705
2905.73008149147,-73.24534539264985,-73.24534539264985
2905.7400814914704,-73.24663355211176,-73.24663355211176
2905.75008149147,-73.24792881363152,-73.24792881363152
2905.7600814914704,-73.24923121423313,-73.24923121423313
2905.77008149147,-73.25054078995603,-73.25054078995603
2905.7800814914704,-73.25185757587445,-73.25185757587445
2905.79008149147,-73.2531816061048,-73.2531816061048
2905.8000814914703,-73.25451291381133,-73.25451291381133
2905.8100814914706,-73.25585153122044,-73.25585153122044
2905.8200814914703,-73.257197489635,-73.257197489635
2905.8300814914705,-73.25855081944663,-73.25855081944663
2905.8400814914703,-73.25991155015626,-73.25991155015626
2905.8500814914705,-73.26127971036563,-73.26127971036563
2905.8600814914703,-73.26265532779817,-73.26265532779817
2905.8700814914705,-73.26403842931356,-73.26403842931356
2905.8800814914703,-73.26542904092686,-73.26542904092686
2905.8900814914705,-73.26682718779522,-73.26682718779522
2905.9000814914702,-73.26823289425856,-73.26823289425856
2905.9100814914705,-73.26964618382522,-73.26964618382522
2905.9200814914702,-73.271067079201,-73.271067079201
2905.9300814914704,-73.27249560229309,-73.27249560229309
2905.94008149147,-73.27393177422319,-73.27393177422319
2905.9500814914704,-73.2753756153327,-73.2753756153327
2905.96008149147,-73.27682075673881,-73.27682075673881
2905.9700814914704,-73.27826442054369,-73.27826442054369
2905.98008149147,-73.27970526345669,-73.27970526345669
2905.9900814914704,-73.28114260562353,-73.28114260562353
2906.00008149147,-73.28257613645371,-73.28257613645371
2906.0100814914704,-73.28400576189898,-73.28400576189898
2906.02008149147,-73.28543151492957,-73.28543151492957
2906.0300814914704,-73.28685350180031,-73.28685350180031
2906.04008149147,-73.28827186971586,-73.28827186971586
2906.0500814914703,-73.28968678744205,-73.28968678744205
2906.0600814914706,-73.29109843377911,-73.29109843377911
2906.0700814914703,-73.29250699075108,-73.29250699075108
2906.0800814914705,-73.29391263971944,-73.29391263971944
2906.0900814914703,-73.29531555927659,-73.29531555927659
2906.1000814914705,-73.29671592416055,-73.29671592416055
2906.1100814914703,-73.29811390484619,-73.29811390484619
2906.1200814914705,-73.29950966748436,-73.29950966748436
2906.1300814914703,-73.30090337402945,-73.30090337402945
2906.1400814914705,-73.30229518250033,-73.30229518250033
2906.150081515312,-73.30368525058105,-73.30368525058105
2906.1600815153124,-73.30507372267877,-73.30507372267877
2906.170081515312,-73.30646075006288,-73.30646075006288
2906.1800815153124,-73.30784647789432,-73.30784647789432
2906.190081515312,-73.30923104878642,-73.30923104878642
2906.2000815153124,-73.3106146029802,-73.3106146029802
2906.210081515312,-73.31199088710794,-73.31199088710794
2906.2200815153124,-73.31335723933222,-73.31335723933222
2906.230081515312,-73.31471243200653,-73.31471243200653
2906.2400815153123,-73.31605590023494,-73.31605590023494
2906.250081515312,-73.31738744766196,-73.31738744766196
2906.2600815153123,-73.31870709370034,-73.31870709370034
2906.270081515312,-73.32001498405685,-73.32001498405685
2906.2800815153123,-73.321311336979,-73.321311336979
2906.290081515312,-73.32259641095584,-73.32259641095584
2906.3000815153123,-73.32387048534274,-73.32387048534274
2906.310081515312,-73.32513384880723,-73.32513384880723
2906.3200815153123,-73.32638679256291,-73.32638679256291
2906.330081515312,-73.32762960648346,-73.32762960648346
2906.3400815153122,-73.32886257696974,-73.32886257696974
2906.350081515312,-73.33008598590156,-73.33008598590156
2906.3600815153122,-73.33130011017332,-73.33130011017332
2906.370081515312,-73.33250522165713,-73.33250522165713
2906.380081515312,-73.3337015873234,-73.3337015873234
2906.390081515312,-73.33488946949313,-73.33488946949313
2906.400081515312,-73.33606912610504,-73.33606912610504
2906.4100815153124,-73.33724081100695,-73.33724081100695
2906.420081515312,-73.33840477424117,-73.33840477424117
2906.4300815153124,-73.33956126227214,-73.33956126227214
2906.440081515312,-73.34071051825364,-73.34071051825364
2906.4500815153124,-73.34185278218327,-73.34185278218327
2906.460081515312,-73.342981897642,-73.342981897642
2906.4700815153124,-73.344095300549,-73.344095300549
2906.480081515312,-73.34519186084047,-73.34519186084047
2906.4900815153123,-73.346271110689,-73.346271110689
2906.500081515312,-73.34733295012725,-73.34733295012725
2906.5100815153123,-73.34837749422265,-73.34837749422265
2906.520081515312,-73.34940498354881,-73.34940498354881
2906.5300815153123,-73.35041573041663,-73.35041573041663
2906.540081515312,-73.35141008649494,-73.35141008649494
2906.5500815153123,-73.35238842347563,-73.35238842347563
2906.560081515312,-73.35335112149299,-73.35335112149299
2906.5700815153123,-73.35429856232808,-73.35429856232808
2906.580081515312,-73.35523112553457,-73.35523112553457
2906.5900815153122,-73.35614918629383,-73.35614918629383
2906.600081515312,-73.35705311434161,-73.35705311434161
2906.6100815153122,-73.35794327354328,-73.35794327354328
2906.620081515312,-73.35882002181489,-73.35882002181489
2906.630081515312,-73.35968371126265,-73.35968371126265
2906.640081515312,-73.3605346884037,-73.3605346884037
2906.650081515312,-73.36137329448657,-73.36137329448657
2906.6600815153124,-73.36219986572523,-73.36219986572523
2906.670081515312,-73.36301473361179,-73.36301473361179
2906.6800815153124,-73.36381822515521,-73.36381822515521
2906.690081515312,-73.36461066312063,-73.36461066312063
2906.7000815153124,-73.36539236619768,-73.36539236619768
2906.710081515312,-73.36616364919703,-73.36616364919703
2906.7200815153124,-73.3669248231993,-73.3669248231993
2906.730081515312,-73.36767619564388,-73.36767619564388
2906.7400815153123,-73.3684180704662,-73.3684180704662
2906.750081515312,-73.36915074817536,-73.36915074817536
2906.7600815153123,-73.36987452591329,-73.36987452591329
2906.770081515312,-73.37058969752816,-73.37058969752816
2906.7800815153123,-73.37129655362293,-73.37129655362293
2906.790081515312,-73.371995381579,-73.371995381579
2906.8000815153123,-73.37268646559401,-73.37268646559401
2906.810081515312,-73.37337008673418,-73.37337008673418
2906.8200815153123,-73.37404652291099,-73.37404652291099
2906.830081515312,-73.37471604892602,-73.37471604892602
2906.8400815153122,-73.37537893648455,-73.37537893648455
2906.850081515312,-73.37603545419834,-73.37603545419834
2906.8600815153122,-73.37668586760499,-73.37668586760499
2906.870081515312,-73.37733043916153,-73.37733043916153
2906.880081515312,-73.37796942826752,-73.37796942826752
2906.890081515312,-73.37860309125756,-73.37860309125756
2906.900081515312,-73.37923168142439,-73.37923168142439
2906.9100815153124,-73.37985544899693,-73.37985544899693
2906.920081515312,-73.38047464118256,-73.38047464118256
2906.9300815153124,-73.38108950214261,-73.38108950214261
2906.940081515312,-73.38170027302286,-73.38170027302286
2906.9500815153124,-73.38230719194037,-73.38230719194037
2906.960081515312,-73.38291049399214,-73.38291049399214
2906.9700815153124,-73.38351041128423,-73.38351041128423
2906.980081515312,-73.38410717292318,-73.38410717292318
2906.9900815153123,-73.38470100502374,-73.38470100502374
2907.000081539154,-73.38529213213371,-73.38529213213371
2907.0100815391543,-73.38588077162328,-73.38588077162328
2907.020081539154,-73.38646714212243,-73.38646714212243
2907.0300815391543,-73.38705145791363,-73.38705145791363
2907.040081539154,-73.38763393035845,-73.38763393035845
2907.0500815391542,-73.38821476789035,-73.38821476789035
2907.060081539154,-73.38879417605843,-73.38879417605843
2907.070081539154,-73.38937235751492,-73.38937235751492
2907.080081539154,-73.38994951204803,-73.38994951204803
2907.090081539154,-73.39052583660238,-73.39052583660238
2907.100081539154,-73.39110152526989,-73.39110152526989
2907.110081539154,-73.39167676934213,-73.39167676934213
2907.120081539154,-73.39225175730078,-73.39225175730078
2907.130081539154,-73.39282667484765,-73.39282667484765
2907.140081539154,-73.39340170493658,-73.39340170493658
2907.150081539154,-73.39397702776061,-73.39397702776061
2907.160081539154,-73.39455282081438,-73.39455282081438
2907.170081539154,-73.39512925886656,-73.39512925886656
2907.180081539154,-73.39570651402664,-73.39570651402664
2907.190081539154,-73.3962847557456,-73.3962847557456
2907.200081539154,-73.39686415083479,-73.39686415083479
2907.210081539154,-73.39743846687415,-73.39743846687415
2907.220081539154,-73.39800506706482,-73.39800506706482
2907.230081539154,-73.39856274988543,-73.39856274988543
2907.240081539154,-73.39911097663928,-73.39911097663928
2907.250081539154,-73.39964957674545,-73.39964957674545
2907.2600815391543,-73.40017859474254,-73.40017859474254
2907.270081539154,-73.40069820059347,-73.40069820059347
2907.2800815391543,-73.40120863583735,-73.40120863583735
2907.290081539154,-73.40171018120542,-73.40171018120542
2907.3000815391542,-73.40220313718127,-73.40220313718127
2907.310081539154,-73.40268781247623,-73.40268781247623
2907.320081539154,-73.40316451721272,-73.40316451721272
2907.330081539154,-73.4036335590649,-73.4036335590649
2907.340081539154,-73.40409524112263,-73.40409524112263
2907.350081539154,-73.40454986085464,-73.40454986085464
2907.360081539154,-73.40499770972971,-73.40499770972971
2907.370081539154,-73.40543907312772,-73.40543907312772
2907.380081539154,-73.40587423052831,-73.40587423052831
2907.390081539154,-73.40630345579527,-73.40630345579527
2907.400081539154,-73.40672701745912,-73.40672701745912
2907.410081539154,-73.40714517904014,-73.40714517904014
2907.420081539154,-73.40755819936896,-73.40755819936896
2907.430081539154,-73.40796633287255,-73.40796633287255
2907.440081539154,-73.40836982981473,-73.40836982981473
2907.450081539154,-73.40876893653511,-73.40876893653511
2907.460081539154,-73.40916389562821,-73.40916389562821
2907.470081539154,-73.40955494613456,-73.40955494613456
2907.480081539154,-73.40994232369003,-73.40994232369003
2907.490081539154,-73.4103262606495,-73.4103262606495
2907.500081539154,-73.41070698619613,-73.41070698619613
2907.5100815391543,-73.4110847264249,-73.4110847264249
2907.520081539154,-73.41145970446617,-73.41145970446617
2907.5300815391543,-73.41183214050098,-73.41183214050098
2907.540081539154,-73.41220225185842,-73.41220225185842
2907.5500815391542,-73.41257025304395,-73.41257025304395
2907.560081539154,-73.41293635580138,-73.41293635580138
2907.570081539154,-73.41330076914277,-73.41330076914277
2907.580081539154,-73.41366369938603,-73.41366369938603
2907.590081539154,-73.4140253501729,-73.4140253501729
2907.600081539154,-73.41438592250893,-73.41438592250893
2907.610081539154,-73.41474561478176,-73.41474561478176
2907.620081539154,-73.41510462278904,-73.41510462278904
2907.630081539154,-73.41546313974229,-73.41546313974229
2907.640081539154,-73.4158213562985,-73.4158213562985
2907.650081539154,-73.41617946056438,-73.41617946056438
2907.660081539154,-73.41653763813031,-73.41653763813031
2907.670081539154,-73.41689607205427,-73.41689607205427
2907.680081539154,-73.4172549429286,-73.4172549429286
2907.690081539154,-73.41761442883227,-73.41761442883227
2907.700081539154,-73.41797470538268,-73.41797470538268
2907.710081539154,-73.41833594575264,-73.41833594575264
2907.720081539154,-73.4186983206619,-73.4186983206619
2907.730081539154,-73.41906199840315,-73.41906199840315
2907.740081539154,-73.41942714486544,-73.41942714486544
2907.750081539154,-73.41979392352371,-73.41979392352371
2907.7600815391543,-73.42016249548372,-73.42016249548372
2907.770081539154,-73.42053301947017,-73.42053301947017
2907.7800815391543,-73.42090565185725,-73.42090565185725
2907.790081539154,-73.42128054667776,-73.42128054667776
2907.8000815391542,-73.42165785564683,-73.42165785564683
2907.810081539154,-73.42203772815948,-73.42203772815948
2907.820081539154,-73.4224203113292,-73.4224203113292
2907.830081539154,-73.42280574998055,-73.42280574998055
2907.840081539154,-73.42319418669949,-73.42319418669949
2907.850081562996,-73.42358576274931,-73.42358576274931
2907.860081562996,-73.42398061438371,-73.42398061438371
2907.870081562996,-73.42437887841842,-73.42437887841842
2907.880081562996,-73.42478068856684,-73.42478068856684
2907.890081562996,-73.42518617637927,-73.42518617637927
2907.900081562996,-73.42559547123595,-73.42559547123595
2907.910081562996,-73.42600870038999,-73.42600870038999
2907.920081562996,-73.42642598897265,-73.42642598897265
2907.930081562996,-73.42684746003314,-73.42684746003314
2907.940081562996,-73.42727323452367,-73.42727323452367
2907.950081562996,-73.42770343134869,-73.42770343134869
2907.960081562996,-73.42813816737491,-73.42813816737491
2907.970081562996,-73.42857755744018,-73.42857755744018
2907.980081562996,-73.42902171438912,-73.42902171438912
2907.990081562996,-73.42947074907696,-73.42947074907696
2908.000081562996,-73.42992477040416,-73.42992477040416
2908.0100815629958,-73.43038388532986,-73.43038388532986
2908.020081562996,-73.43084819889006,-73.43084819889006
2908.0300815629957,-73.43131781422096,-73.43131781422096
2908.040081562996,-73.43179283257325,-73.43179283257325
2908.0500815629957,-73.43227335334157,-73.43227335334157
2908.060081562996,-73.43275947407562,-73.43275947407562
2908.0700815629957,-73.43325129049992,-73.43325129049992
2908.080081562996,-73.43374889655003,-73.43374889655003
2908.0900815629957,-73.43425238436531,-73.43425238436531
2908.100081562996,-73.4347618443315,-73.4347618443315
2908.110081562996,-73.43527736509809,-73.43527736509809
2908.120081562996,-73.43579903358894,-73.43579903358894
2908.130081562996,-73.43632693502175,-73.43632693502175
2908.140081562996,-73.43686115294103,-73.43686115294103
2908.150081562996,-73.43740176922914,-73.43740176922914
2908.160081562996,-73.43794886411919,-73.43794886411919
2908.170081562996,-73.43850251622072,-73.43850251622072
2908.180081562996,-73.43906280255962,-73.43906280255962
2908.190081562996,-73.43962979855345,-73.43962979855345
2908.200081562996,-73.4402035780777,-73.4402035780777
2908.210081562996,-73.44078421345976,-73.44078421345976
2908.220081562996,-73.44137177548926,-73.44137177548926
2908.230081562996,-73.44196633346152,-73.44196633346152
2908.240081562996,-73.44256795518183,-73.44256795518183
2908.250081562996,-73.44317670698474,-73.44317670698474
2908.2600815629958,-73.44379265375534,-73.44379265375534
2908.270081562996,-73.44441585895868,-73.44441585895868
2908.2800815629957,-73.44504638463764,-73.44504638463764
2908.290081562996,-73.44568429143659,-73.44568429143659
2908.3000815629957,-73.4463296386413,-73.4463296386413
2908.310081562996,-73.44698248416341,-73.44698248416341
2908.3200815629957,-73.44764288458148,-73.44764288458148
2908.330081562996,-73.44831089515326,-73.44831089515326
2908.3400815629957,-73.44898656982136,-73.44898656982136
2908.350081562996,-73.44966996127079,-73.44966996127079
2908.360081562996,-73.45036112087917,-73.45036112087917
2908.370081562996,-73.45106009879353,-73.45106009879353
2908.380081562996,-73.45176694392471,-73.45176694392471
2908.390081562996,-73.45248170396017,-73.45248170396017
2908.400081562996,-73.45320442538949,-73.45320442538949
2908.410081562996,-73.4539351535123,-73.4539351535123
2908.420081562996,-73.45467393246443,-73.45467393246443
2908.430081562996,-73.4554208052255,-73.4554208052255
2908.440081562996,-73.45617581364188,-73.45617581364188
2908.450081562996,-73.45693899843052,-73.45693899843052
2908.460081562996,-73.45770399654839,-73.45770399654839
2908.470081562996,-73.45846804535006,-73.45846804535006
2908.480081562996,-73.45922982035619,-73.45922982035619
2908.490081562996,-73.45998866209395,-73.45998866209395
2908.500081562996,-73.46074428107417,-73.46074428107417
2908.5100815629958,-73.46149660460613,-73.46149660460613
2908.520081562996,-73.46224568700814,-73.46224568700814
2908.5300815629957,-73.46299165563849,-73.46299165563849
2908.540081562996,-73.46373467848827,-73.46373467848827
2908.5500815629957,-73.46447494470374,-73.46447494470374
2908.560081562996,-73.46521265300981,-73.46521265300981
2908.5700815629957,-73.46594800490922,-73.46594800490922
2908.580081562996,-73.46668120077977,-73.46668120077977
2908.5900815629957,-73.46741243775332,-73.46741243775332
2908.600081562996,-73.46814190867363,-73.46814190867363
2908.610081562996,-73.4688698016641,-73.4688698016641
2908.620081562996,-73.46959630010292,-73.46959630010292
2908.630081562996,-73.47032158275356,-73.47032158275356
2908.640081562996,-73.47104582405204,-73.47104582405204
2908.650081562996,-73.47176919437389,-73.47176919437389
2908.660081562996,-73.47249186039753,-73.47249186039753
2908.670081562996,-73.47321398535864,-73.47321398535864
2908.680081562996,-73.47393572935258,-73.47393572935258
2908.690081562996,-73.47465724955887,-73.47465724955887
2908.7000815868378,-73.475378702187,-73.475378702187
2908.710081586838,-73.47610023579935,-73.47610023579935
2908.7200815868378,-73.47682200176713,-73.47682200176713
2908.730081586838,-73.47754414755948,-73.47754414755948
2908.7400815868377,-73.47826681855128,-73.47826681855128
2908.750081586838,-73.47899015815494,-73.47899015815494
2908.7600815868377,-73.4797143078774,-73.4797143078774
2908.770081586838,-73.48043940740361,-73.48043940740361
2908.7800815868377,-73.48116559465345,-73.48116559465345
2908.790081586838,-73.48189300582183,-73.48189300582183
2908.8000815868377,-73.48262177543451,-73.48262177543451
2908.810081586838,-73.48335203637673,-73.48335203637673
2908.8200815868377,-73.48408391990485,-73.48408391990485
2908.830081586838,-73.48481755567461,-73.48481755567461
2908.8400815868376,-73.48555307177296,-73.48555307177296
2908.850081586838,-73.48629059472457,-73.48629059472457
2908.8600815868376,-73.4870302494944,-73.4870302494944
2908.870081586838,-73.48777215950565,-73.48777215950565
2908.8800815868376,-73.48851644664977,-73.48851644664977
2908.890081586838,-73.48926323128036,-73.48926323128036
2908.9000815868376,-73.49001263223856,-73.49001263223856
2908.910081586838,-73.49076476682195,-73.49076476682195
2908.9200815868376,-73.49151975083655,-73.49151975083655
2908.930081586838,-73.49227769855764,-73.49227769855764
2908.9400815868376,-73.49303872275021,-73.49303872275021
2908.9500815868378,-73.49380293466041,-73.49380293466041
2908.960081586838,-73.4945704440428,-73.4945704440428
2908.9700815868378,-73.49534135913619,-73.49534135913619
2908.980081586838,-73.4961157866892,-73.4961157866892
2908.9900815868377,-73.49689383192518,-73.49689383192518
2909.000081586838,-73.49767559858371,-73.49767559858371
2909.0100815868377,-73.49846118890997,-73.49846118890997
2909.020081586838,-73.49925070366776,-73.49925070366776
2909.0300815868377,-73.50004424211585,-73.50004424211585
2909.040081586838,-73.50084190204377,-73.50084190204377
2909.0500815868377,-73.50164377975024,-73.50164377975024
2909.060081586838,-73.50244997007417,-73.50244997007417
2909.0700815868377,-73.50326056637626,-73.50326056637626
2909.080081586838,-73.50407566055317,-73.50407566055317
2909.0900815868376,-73.504895343049,-73.504895343049
2909.100081586838,-73.50571970287028,-73.50571970287028
2909.1100815868376,-73.5065488275618,-73.5065488275618
2909.120081586838,-73.5073828032338,-73.5073828032338
2909.1300815868376,-73.50822171458272,-73.50822171458272
2909.140081586838,-73.50906564487128,-73.50906564487128
2909.1500815868376,-73.50991467595033,-73.50991467595033
2909.160081586838,-73.51076888826422,-73.51076888826422
2909.1700815868376,-73.51162836087772,-73.51162836087772
2909.180081586838,-73.51249317145782,-73.51249317145782
2909.1900815868376,-73.51336339628517,-73.51336339628517
2909.2000815868378,-73.51423911029224,-73.51423911029224
2909.210081586838,-73.51512038703837,-73.51512038703837
2909.2200815868378,-73.51600729874862,-73.51600729874862
2909.230081586838,-73.51689991629665,-73.51689991629665
2909.2400815868377,-73.51779830923931,-73.51779830923931
2909.250081586838,-73.51870254581382,-73.51870254581382
2909.2600815868377,-73.5196126929502,-73.5196126929502
2909.270081586838,-73.52052881628764,-73.52052881628764
2909.2800815868377,-73.52145098019137,-73.52145098019137
2909.290081586838,-73.52237924772783,-73.52237924772783
2909.3000815868377,-73.52331368073851,-73.52331368073851
2909.310081586838,-73.52425433978463,-73.52425433978463
2909.3200815868377,-73.52520128421546,-73.52520128421546
2909.330081586838,-73.52615457214141,-73.52615457214141
2909.3400815868376,-73.52711426046332,-73.52711426046332
2909.350081586838,-73.5280804048799,-73.5280804048799
2909.3600815868376,-73.52905305991071,-73.52905305991071
2909.370081586838,-73.53003227887683,-73.53003227887683
2909.3800815868376,-73.53101811396006,-73.53101811396006
2909.390081586838,-73.53201061617088,-73.53201061617088
2909.4000815868376,-73.53300983538611,-73.53300983538611
2909.410081586838,-73.53401582036574,-73.53401582036574
2909.4200815868376,-73.53502861874024,-73.53502861874024
2909.430081586838,-73.53604827703795,-73.53604827703795
2909.4400815868376,-73.5370748407087,-73.5370748407087
2909.4500815868378,-73.53810835411497,-73.53810835411497
2909.460081586838,-73.53914886054676,-73.53914886054676
2909.4700815868378,-73.5401964022491,-73.5401964022491
2909.480081586838,-73.54125102043224,-73.54125102043224
2909.4900815868377,-73.54231275525791,-73.54231275525791
2909.500081586838,-73.54338164589471,-73.54338164589471
2909.5100815868377,-73.54445773049493,-73.54445773049493
2909.520081586838,-73.54554104620462,-73.54554104620462
2909.5300815868377,-73.54663162922171,-73.54663162922171
2909.540081586838,-73.54772951474962,-73.54772951474962
2909.5500816106796,-73.54883473967907,-73.54883473967907
2909.56008161068,-73.54994733208294,-73.54994733208294
2909.5700816106796,-73.55106732694327,-73.55106732694327
2909.58008161068,-73.55219475571973,-73.55219475571973
2909.5900816106796,-73.5533296489707,-73.5533296489707
2909.60008161068,-73.55447203634364,-73.55447203634364
2909.6100816106796,-73.55562194661832,-73.55562194661832
2909.62008161068,-73.5567794076861,-73.5567794076861
2909.6300816106796,-73.55794444658126,-73.55794444658126
2909.6400816106798,-73.55911708948932,-73.55911708948932
2909.6500816106795,-73.56029736175978,-73.56029736175978
2909.6600816106798,-73.56148528790803,-73.56148528790803
2909.6700816106795,-73.56268089163675,-73.56268089163675
2909.6800816106797,-73.56388419582998,-73.56388419582998
2909.6900816106795,-73.5650952226035,-73.5650952226035
2909.7000816106797,-73.56631399326866,-73.56631399326866
2909.7100816106795,-73.56754052836457,-73.56754052836457
2909.7200816106797,-73.56877484768069,-73.56877484768069
2909.7300816106795,-73.57001697024282,-73.57001697024282
2909.7400816106797,-73.57126691434296,-73.57126691434296
2909.7500816106794,-73.57252469754104,-73.57252469754104
2909.7600816106797,-73.57379033666788,-73.57379033666788
2909.7700816106794,-73.57506384786407,-73.57506384786407
2909.7800816106796,-73.57634524655136,-73.57634524655136
2909.7900816106794,-73.57763454746768,-73.57763454746768
2909.8000816106796,-73.57893176467695,-73.57893176467695
2909.81008161068,-73.58023691156932,-73.58023691156932
2909.8200816106796,-73.58155000087132,-73.58155000087132
2909.83008161068,-73.5828710446562,-73.5828710446562
2909.8400816106796,-73.58420005437488,-73.58420005437488
2909.85008161068,-73.58553704082385,-73.58553704082385
2909.8600816106796,-73.58688201418646,-73.58688201418646
2909.87008161068,-73.58823498403743,-73.58823498403743
2909.8800816106796,-73.58959595933429,-73.58959595933429
2909.8900816106798,-73.59096494845134,-73.59096494845134
2909.9000816106795,-73.59234195918079,-73.59234195918079
2909.9100816106798,-73.59372699872156,-73.59372699872156
2909.9200816106795,-73.5951200737176,-73.5951200737176
2909.9300816106797,-73.59652119025182,-73.59652119025182
2909.9400816106795,-73.59793035384624,-73.59793035384624
2909.9500816106797,-73.59934756948817,-73.59934756948817
2909.9600816106795,-73.60077284163177,-73.60077284163177
2909.9700816106797,-73.60220617419698,-73.60220617419698
2909.9800816106795,-73.60364757059062,-73.60364757059062
2909.9900816106797,-73.60509703370775,-73.60509703370775
2910.0000816106794,-73.60655456594787,-73.60655456594787
2910.0100816106797,-73.60802016920853,-73.60802016920853
2910.0200816106794,-73.6094938448915,-73.6094938448915
2910.0300816106796,-73.61097559394328,-73.61097559394328
2910.0400816106794,-73.61246541682202,-73.61246541682202
2910.0500816106796,-73.61396331352256,-73.61396331352256
2910.06008161068,-73.61546928358727,-73.61546928358727
2910.0700816106796,-73.61698332611664,-73.61698332611664
2910.08008161068,-73.61850543975054,-73.61850543975054
2910.0900816106796,-73.62003562270613,-73.62003562270613
2910.10008161068,-73.62157387277054,-73.62157387277054
2910.1100816106796,-73.62312018730711,-73.62312018730711
2910.12008161068,-73.62467456327082,-73.62467456327082
2910.1300816106796,-73.62623699720395,-73.62623699720395
2910.1400816106798,-73.62780748524803,-73.62780748524803
2910.1500816106795,-73.62938602314908,-73.62938602314908
2910.1600816106798,-73.63097260627039,-73.63097260627039
2910.1700816106795,-73.63256722959227,-73.63256722959227
2910.1800816106797,-73.63416988770969,-73.63416988770969
2910.1900816106795,-73.63578057486039,-73.63578057486039
2910.2000816106797,-73.63739928491573,-73.63739928491573
2910.2100816106795,-73.63902601139247,-73.63902601139247
2910.2200816106797,-73.64066074744976,-73.64066074744976
2910.2300816106795,-73.64230348590593,-73.64230348590593
2910.2400816106797,-73.64395421924286,-73.64395421924286
2910.2500816106794,-73.64561293960311,-73.64561293960311
2910.2600816106797,-73.64727963880303,-73.64727963880303
2910.2700816106794,-73.64895430834984,-73.64895430834984
2910.2800816106796,-73.65063693940914,-73.65063693940914
2910.2900816106794,-73.6523275228496,-73.6523275228496
2910.3000816106796,-73.65402604924509,-73.65402604924509
2910.31008161068,-73.65573250884253,-73.65573250884253
2910.3200816106796,-73.65744689162126,-73.65744689162126
2910.33008161068,-73.65916918724767,-73.65916918724767
2910.3400816106796,-73.6608993851169,-73.6608993851169
2910.35008161068,-73.66263747433348,-73.66263747433348
2910.3600816106796,-73.66438344374497,-73.66438344374497
2910.37008161068,-73.66613728190624,-73.66613728190624
2910.3800816106796,-73.66789897711818,-73.66789897711818
2910.3900816106798,-73.66966851742403,-73.66966851742403
2910.4000816345215,-73.6714458948339,-73.6714458948339
2910.4100816345217,-73.67323108844371,-73.67323108844371
2910.4200816345215,-73.67502408973724,-73.67502408973724
2910.4300816345217,-73.67682488575981,-73.67682488575981
2910.4400816345214,-73.67863346331464,-73.67863346331464
2910.4500816345217,-73.68044980897241,-73.68044980897241
2910.4600816345214,-73.68227390906819,-73.68227390906819
2910.4700816345216,-73.6841057497303,-73.6841057497303
2910.4800816345214,-73.68594531684819,-73.68594531684819
2910.4900816345216,-73.6877925960888,-73.6877925960888
2910.5000816345214,-73.68964757293058,-73.68964757293058
2910.5100816345216,-73.69151023262279,-73.69151023262279
2910.5200816345214,-73.69338056021694,-73.69338056021694
2910.5300816345216,-73.69525854056765,-73.69525854056765
2910.5400816345214,-73.69714415832243,-73.69714415832243
2910.5500816345216,-73.69903739793494,-73.69903739793494
2910.5600816345213,-73.70093824368686,-73.70093824368686
2910.5700816345216,-73.70284667965858,-73.70284667965858
2910.5800816345213,-73.7047626897423,-73.7047626897423
2910.5900816345215,-73.70668625766982,-73.70668625766982
2910.6000816345213,-73.70861736698515,-73.70861736698515
2910.6100816345215,-73.71055600106487,-73.71055600106487
2910.6200816345213,-73.71250214311588,-73.71250214311588
2910.6300816345215,-73.7144557761781,-73.7144557761781
2910.6400816345213,-73.71641688312987,-73.71641688312987
2910.6500816345215,-73.71838544670712,-73.71838544670712
2910.6600816345217,-73.7203614494617,-73.7203614494617
2910.6700816345215,-73.72234487381785,-73.72234487381785
2910.6800816345217,-73.72433570203191,-73.72433570203191
2910.6900816345214,-73.72633391622865,-73.72633391622865
2910.7000816345217,-73.7283394983892,-73.7283394983892
2910.7100816345214,-73.73034599894572,-73.73034599894572
2910.7200816345216,-73.73235058251741,-73.73235058251741
2910.7300816345214,-73.73435185825865,-73.73435185825865
2910.7400816345216,-73.73634910386036,-73.73634910386036
2910.7500816345214,-73.73834196945195,-73.73834196945195
2910.7600816345216,-73.74033032385093,-73.74033032385093
2910.7700816345214,-73.74231416445443,-73.74231416445443
2910.7800816345216,-73.74429356309315,-73.74429356309315
2910.7900816345214,-73.74626863350018,-73.74626863350018
2910.8000816345216,-73.74823951174194,-73.74823951174194
2910.8100816345213,-73.75020634459798,-73.75020634459798
2910.8200816345216,-73.75216928271016,-73.75216928271016
2910.8300816345213,-73.75412847664914,-73.75412847664914
2910.8400816345215,-73.75608407476678,-73.75608407476678
2910.8500816345213,-73.75803622212439,-73.75803622212439
2910.8600816345215,-73.75998506002651,-73.75998506002651
2910.8700816345213,-73.76193072597911,-73.76193072597911
2910.8800816345215,-73.7638733538034,-73.7638733538034
2910.8900816345213,-73.76581307389841,-73.76581307389841
2910.9000816345215,-73.76775001351417,-73.76775001351417
2910.9100816345217,-73.76968429703254,-73.76968429703254
2910.9200816345215,-73.77161604627595,-73.77161604627595
2910.9300816345217,-73.77354538074079,-73.77354538074079
2910.9400816345214,-73.77547241784812,-73.77547241784812
2910.9500816345217,-73.77739727311473,-73.77739727311473
2910.9600816345214,-73.77932006036838,-73.77932006036838
2910.9700816345216,-73.78124089186358,-73.78124089186358
2910.9800816345214,-73.78315987841447,-73.78315987841447
2910.9900816345216,-73.78507712950612,-73.78507712950612
2911.0000816345214,-73.78699275338366,-73.78699275338366
2911.0100816345216,-73.7889068571115,-73.7889068571115
2911.0200816345214,-73.79081954663322,-73.79081954663322
2911.0300816345216,-73.79273092683121,-73.79273092683121
2911.0400816345214,-73.79464110154764,-73.79464110154764
2911.0500816345216,-73.79655017361361,-73.79655017361361
2911.0600816345213,-73.79845824488314,-73.79845824488314
2911.0700816345216,-73.80036541624031,-73.80036541624031
2911.0800816345213,-73.80227178760262,-73.80227178760262
2911.0900816345215,-73.80417745794654,-73.80417745794654
2911.1000816345213,-73.80608252529738,-73.80608252529738
2911.1100816345215,-73.80798708674074,-73.80798708674074
2911.1200816345213,-73.80989123841071,-73.80989123841071
2911.1300816345215,-73.8117950754936,-73.8117950754936
2911.1400816345213,-73.81369869223376,-73.81369869223376
2911.1500816345215,-73.81560218190404,-73.81560218190404
2911.1600816345217,-73.81750563683156,-73.81750563683156
2911.1700816345215,-73.81940914836328,-73.81940914836328
2911.1800816345217,-73.82131280687244,-73.82131280687244
2911.1900816345214,-73.8232167017646,-73.8232167017646
2911.2000816345217,-73.82512092144611,-73.82512092144611
2911.2100816345214,-73.82701911353985,-73.82701911353985
2911.2200816345216,-73.8289085436032,-73.8289085436032
2911.2300816345214,-73.830787922734,-73.830787922734
2911.2400816345216,-73.832656630558,-73.832656630558
2911.2500816583633,-73.8345144231661,-73.8345144231661
2911.2600816583636,-73.83636126146453,-73.83636126146453
2911.2700816583633,-73.8381972475674,-73.8381972475674
2911.2800816583635,-73.84002255282063,-73.84002255282063
2911.2900816583633,-73.8418373896563,-73.8418373896563
2911.3000816583635,-73.84364199201421,-73.84364199201421
2911.3100816583633,-73.8454366036907,-73.8454366036907
2911.3200816583635,-73.84722147147775,-73.84722147147775
2911.3300816583633,-73.84899684121037,-73.84899684121037
2911.3400816583635,-73.85076295562935,-73.85076295562935
2911.3500816583633,-73.85252005326399,-73.85252005326399
2911.3600816583635,-73.85426836799489,-73.85426836799489
2911.3700816583632,-73.85600812899527,-73.85600812899527
2911.3800816583635,-73.85773956084078,-73.85773956084078
2911.390081658363,-73.85946288375557,-73.85946288375557
2911.4000816583634,-73.86117831387914,-73.86117831387914
2911.410081658363,-73.86288606359822,-73.86288606359822
2911.4200816583634,-73.86458634177694,-73.86458634177694
2911.430081658363,-73.86627935403672,-73.86627935403672
2911.4400816583634,-73.86796530298426,-73.86796530298426
2911.450081658363,-73.86964438842209,-73.86964438842209
2911.4600816583634,-73.87131680750234,-73.87131680750234
2911.470081658363,-73.87298275488692,-73.87298275488692
2911.4800816583634,-73.8746424228762,-73.8746424228762
2911.490081658363,-73.87629600151703,-73.87629600151703
2911.5000816583633,-73.87794367867185,-73.87794367867185
2911.5100816583636,-73.87958564012466,-73.87958564012466
2911.5200816583633,-73.88122206962056,-73.88122206962056
2911.5300816583635,-73.88285314890084,-73.88285314890084
2911.5400816583633,-73.88447905778766,-73.88447905778766
2911.5500816583635,-73.88609997416788,-73.88609997416788
2911.5600816583633,-73.88771607404742,-73.88771607404742
2911.5700816583635,-73.88932753157087,-73.88932753157087
2911.5800816583633,-73.89093451902382,-73.89093451902382
2911.5900816583635,-73.89253720684881,-73.89253720684881
2911.6000816583633,-73.89413576366661,-73.89413576366661
2911.6100816583635,-73.89573035626611,-73.89573035626611
2911.6200816583632,-73.89732114962601,-73.89732114962601
2911.6300816583635,-73.89890830689636,-73.89890830689636
2911.640081658363,-73.90049198942916,-73.90049198942916
2911.6500816583634,-73.90207235674956,-73.90207235674956
2911.660081658363,-73.90364956658767,-73.90364956658767
2911.6700816583634,-73.90522377485105,-73.90522377485105
2911.680081658363,-73.90679513565154,-73.90679513565154
2911.6900816583634,-73.90836380126464,-73.90836380126464
2911.700081658363,-73.90992992219077,-73.90992992219077
2911.7100816583634,-73.91149364710299,-73.91149364710299
2911.720081658363,-73.91305512287629,-73.91305512287629
2911.7300816583634,-73.91461449457462,-73.91461449457462
2911.740081658363,-73.91617190546822,-73.91617190546822
2911.7500816583633,-73.91772749701795,-73.91772749701795
2911.7600816583636,-73.91928140888525,-73.91928140888525
2911.7700816583633,-73.92083377895332,-73.92083377895332
2911.7800816583635,-73.92238474328853,-73.92238474328853
2911.7900816583633,-73.92393443619322,-73.92393443619322
2911.8000816583635,-73.92548299018173,-73.92548299018173
2911.8100816583633,-73.92703053599233,-73.92703053599233
2911.8200816583635,-73.92857720257958,-73.92857720257958
2911.8300816583633,-73.93012311715218,-73.93012311715218
2911.8400816583635,-73.9316684051532,-73.9316684051532
2911.8500816583633,-73.9332131902799,-73.9332131902799
2911.8600816583635,-73.93475759447612,-73.93475759447612
2911.8700816583632,-73.93630173796839,-73.93630173796839
2911.8800816583635,-73.93784573925169,-73.93784573925169
2911.890081658363,-73.93938971509627,-73.93938971509627
2911.9000816583634,-73.94093378057765,-73.94093378057765
2911.910081658363,-73.94247804906637,-73.94247804906637
2911.9200816583634,-73.94402263225707,-73.94402263225707
2911.930081658363,-73.94556764016296,-73.94556764016296
2911.9400816583634,-73.94711318112871,-73.94711318112871
2911.950081658363,-73.94865936185185,-73.94865936185185
2911.9600816583634,-73.95019983757271,-73.95019983757271
2911.970081658363,-73.95173188691606,-73.95173188691606
2911.9800816583634,-73.95325423581724,-73.95325423581724
2911.990081658363,-73.9547662792512,-73.9547662792512
2912.0000816583633,-73.95626778423559,-73.95626778423559
2912.0100816583636,-73.95775873571415,-73.95775873571415
2912.0200816583633,-73.95923924614121,-73.95923924614121
2912.0300816583635,-73.960709501237,-73.960709501237
2912.0400816583633,-73.96216972733409,-73.96216972733409
2912.0500816583635,-73.96362017179939,-73.96362017179939
2912.0600816583633,-73.96506109138102,-73.96506109138102
2912.0700816583635,-73.96649274533355,-73.96649274533355
2912.0800816583633,-73.96791539149521,-73.96791539149521
2912.0900816583635,-73.96932928412996,-73.96932928412996
2912.100081682205,-73.97073467620964,-73.97073467620964
2912.1100816822054,-73.97213180557374,-73.97213180557374
2912.120081682205,-73.97352091500632,-73.97352091500632
2912.1300816822054,-73.97490223892123,-73.97490223892123
2912.140081682205,-73.97627600700004,-73.97627600700004
2912.1500816822054,-73.97764244446952,-73.97764244446952
2912.160081682205,-73.97900177243146,-73.97900177243146
2912.1700816822054,-73.98035420812016,-73.98035420812016
2912.180081682205,-73.98169996519886,-73.98169996519886
2912.1900816822053,-73.98303925400162,-73.98303925400162
2912.200081682205,-73.98437228171997,-73.98437228171997
2912.2100816822053,-73.9856928002941,-73.9856928002941
2912.220081682205,-73.98699818573634,-73.98699818573634
2912.2300816822053,-73.9882872610686,-73.9882872610686
2912.240081682205,-73.98955951775666,-73.98955951775666
2912.2500816822053,-73.99081481869675,-73.99081481869675
2912.260081682205,-73.99205324402627,-73.99205324402627
2912.2700816822053,-73.99327500077072,-73.99327500077072
2912.280081682205,-73.99448036860201,-73.99448036860201
2912.2900816822053,-73.99566966719065,-73.99566966719065
2912.300081682205,-73.99684323666705,-73.99684323666705
2912.3100816822052,-73.99800142593779,-73.99800142593779
2912.320081682205,-73.99914458587405,-73.99914458587405
2912.330081682205,-74.00027306535485,-74.00027306535485
2912.340081682205,-74.00138720912891,-74.00138720912891
2912.350081682205,-74.00248735674911,-74.00248735674911
2912.3600816822054,-74.00357384211593,-74.00357384211593
2912.370081682205,-74.0046469934447,-74.0046469934447
2912.3800816822054,-74.00570713338509,-74.00570713338509
2912.390081682205,-74.00675457925125,-74.00675457925125
2912.4000816822054,-74.00778964334012,-74.00778964334012
2912.410081682205,-74.00881263320903,-74.00881263320903
2912.4200816822054,-74.00982385196386,-74.00982385196386
2912.430081682205,-74.01082359851436,-74.01082359851436
2912.4400816822053,-74.01181216779659,-74.01181216779659
2912.450081682205,-74.01278985101006,-74.01278985101006
2912.4600816822053,-74.01375693575132,-74.01375693575132
2912.470081682205,-74.01471370619633,-74.01471370619633
2912.4800816822053,-74.01566044319738,-74.01566044319738
2912.490081682205,-74.01659742444656,-74.01659742444656
2912.5000816822053,-74.01752492447758,-74.01752492447758
2912.510081682205,-74.01844321483155,-74.01844321483155
2912.5200816822053,-74.01935256405265,-74.01935256405265
2912.530081682205,-74.02025323776896,-74.02025323776896
2912.5400816822053,-74.02114549872563,-74.02114549872563
2912.550081682205,-74.022029606832,-74.022029606832
2912.5600816822052,-74.02290581916134,-74.02290581916134
2912.570081682205,-74.02377439000357,-74.02377439000357
2912.580081682205,-74.02463557085055,-74.02463557085055
2912.590081682205,-74.02548961044756,-74.02548961044756
2912.600081682205,-74.0263367547751,-74.0263367547751
2912.6100816822054,-74.02717724707831,-74.02717724707831
2912.620081682205,-74.02801132786065,-74.02801132786065
2912.6300816822054,-74.02883923489783,-74.02883923489783
2912.640081682205,-74.02966120324145,-74.02966120324145
2912.6500816822054,-74.03047746521366,-74.03047746521366
2912.660081682205,-74.03128825044878,-74.03128825044878
2912.6700816822054,-74.03209378585781,-74.03209378585781
2912.680081682205,-74.03289429564272,-74.03289429564272
2912.6900816822053,-74.03369000132008,-74.03369000132008
2912.700081682205,-74.0344811217061,-74.0344811217061
2912.7100816822053,-74.03526141787425,-74.03526141787425
2912.720081682205,-74.0360282777196,-74.0360282777196
2912.7300816822053,-74.03678053708218,-74.03678053708218
2912.740081682205,-74.03751770052287,-74.03751770052287
2912.7500816822053,-74.03823964398495,-74.03823964398495
2912.760081682205,-74.03894646047148,-74.03894646047148
2912.7700816822053,-74.03963836952019,-74.03963836952019
2912.780081682205,-74.04031566287733,-74.04031566287733
2912.7900816822053,-74.04097867177558,-74.04097867177558
2912.800081682205,-74.04162774737323,-74.04162774737323
2912.8100816822052,-74.04226324901907,-74.04226324901907
2912.820081682205,-74.0428855374274,-74.0428855374274
2912.830081682205,-74.04349497071847,-74.04349497071847
2912.840081682205,-74.04409190227545,-74.04409190227545
2912.850081682205,-74.04467667966077,-74.04467667966077
2912.8600816822054,-74.04524964421424,-74.04524964421424
2912.870081682205,-74.04581113095843,-74.04581113095843
2912.8800816822054,-74.0463614687787,-74.0463614687787
2912.890081682205,-74.04690098066015,-74.04690098066015
2912.9000816822054,-74.04742998399404,-74.04742998399404
2912.910081682205,-74.0479487909028,-74.0479487909028
2912.9200816822054,-74.0484577084991,-74.0484577084991
2912.930081682205,-74.04895703921929,-74.04895703921929
2912.9400816822053,-74.04944708100635,-74.04944708100635
2912.950081706047,-74.04992812872516,-74.04992812872516
2912.9600817060473,-74.05039401426725,-74.05039401426725
2912.970081706047,-74.05084219962657,-74.05084219962657
2912.9800817060473,-74.051271592802,-74.051271592802
2912.990081706047,-74.05168176969435,-74.05168176969435
2913.0000817060472,-74.05207267683403,-74.05207267683403
2913.010081706047,-74.05244447706352,-74.05244447706352
2913.020081706047,-74.05279745906154,-74.05279745906154
2913.030081706047,-74.05313198304503,-74.05313198304503
2913.040081706047,-74.05344844811812,-74.05344844811812
2913.050081706047,-74.05374727268561,-74.05374727268561
2913.060081706047,-74.0540288827843,-74.0540288827843
2913.070081706047,-74.05429370526858,-74.05429370526858
2913.080081706047,-74.05454216386124,-74.05454216386124
2913.090081706047,-74.05477467702566,-74.05477467702566
2913.100081706047,-74.0549916569151,-74.0549916569151
2913.110081706047,-74.05519350894119,-74.05519350894119
2913.120081706047,-74.05538063170144,-74.05538063170144
2913.130081706047,-74.05555341719082,-74.05555341719082
2913.140081706047,-74.05571225099489,-74.05571225099489
2913.150081706047,-74.05585751263749,-74.05585751263749
2913.160081706047,-74.05598957585742,-74.05598957585742
2913.170081706047,-74.05610880893008,-74.05610880893008
2913.180081706047,-74.05621557491978,-74.05621557491978
2913.190081706047,-74.0563102319421,-74.0563102319421
2913.200081706047,-74.05639313336324,-74.05639313336324
2913.2100817060473,-74.05646462799602,-74.05646462799602
2913.220081706047,-74.05652506026702,-74.05652506026702
2913.2300817060473,-74.05657477034165,-74.05657477034165
2913.240081706047,-74.05661409426875,-74.05661409426875
2913.2500817060472,-74.05664336404828,-74.05664336404828
2913.260081706047,-74.05666290774883,-74.05666290774883
2913.270081706047,-74.05667304955004,-74.05667304955004
2913.280081706047,-74.05667410982461,-74.05667410982461
2913.290081706047,-74.05666640520042,-74.05666640520042
2913.300081706047,-74.0566502485708,-74.0566502485708
2913.310081706047,-74.0566259491631,-74.0566259491631
2913.320081706047,-74.05659381256477,-74.05659381256477
2913.330081706047,-74.05655414073858,-74.05655414073858
2913.340081706047,-74.05650723206702,-74.05650723206702
2913.350081706047,-74.05645338135245,-74.05645338135245
2913.360081706047,-74.05639287986433,-74.05639287986433
2913.370081706047,-74.05632601532923,-74.05632601532923
2913.380081706047,-74.05625307196668,-74.05625307196668
2913.390081706047,-74.05617433050644,-74.05617433050644
2913.400081706047,-74.05609006819026,-74.05609006819026
2913.410081706047,-74.0560005587932,-74.0560005587932
2913.420081706047,-74.05590607263463,-74.05590607263463
2913.430081706047,-74.05580687660346,-74.05580687660346
2913.440081706047,-74.05570323416676,-74.05570323416676
2913.450081706047,-74.0555954053927,-74.0555954053927
2913.4600817060473,-74.05547719295022,-74.05547719295022
2913.470081706047,-74.05534602717424,-74.05534602717424
2913.4800817060473,-74.05520078611038,-74.05520078611038
2913.490081706047,-74.05504101601771,-74.05504101601771
2913.5000817060472,-74.05486663392328,-74.05486663392328
2913.510081706047,-74.05467777322538,-74.05467777322538
2913.520081706047,-74.05447469314082,-74.05447469314082
2913.530081706047,-74.05425772430996,-74.05425772430996
2913.540081706047,-74.05402723611249,-74.05402723611249
2913.550081706047,-74.05378361704982,-74.05378361704982
2913.560081706047,-74.05352726305445,-74.05352726305445
2913.570081706047,-74.05325857064472,-74.05325857064472
2913.580081706047,-74.05297793299546,-74.05297793299546
2913.590081706047,-74.05268573779571,-74.05268573779571
2913.600081706047,-74.05238236620878,-74.05238236620878
2913.610081706047,-74.05206819244243,-74.05206819244243
2913.620081706047,-74.05174358371092,-74.05174358371092
2913.630081706047,-74.05140890040113,-74.05140890040113
2913.640081706047,-74.051064496347,-74.051064496347
2913.650081706047,-74.05071071914436,-74.05071071914436
2913.660081706047,-74.0503479104713,-74.0503479104713
2913.670081706047,-74.04997640641453,-74.04997640641453
2913.680081706047,-74.04959653772846,-74.04959653772846
2913.690081706047,-74.04920863012751,-74.04920863012751
2913.700081706047,-74.04881300449273,-74.04881300449273
2913.7100817060473,-74.04840997708723,-74.04840997708723
2913.720081706047,-74.04799985975193,-74.04799985975193
2913.7300817060473,-74.04758296001538,-74.04758296001538
2913.740081706047,-74.04715958126792,-74.04715958126792
2913.7500817060472,-74.04673002286172,-74.04673002286172
2913.760081706047,-74.04629458020725,-74.04629458020725
2913.770081706047,-74.04585354486892,-74.04585354486892
2913.780081706047,-74.04540720463653,-74.04540720463653
2913.790081706047,-74.0449558435811,-74.0449558435811
2913.800081729889,-74.04449974103714,-74.04449974103714
2913.810081729889,-74.04403917598525,-74.04403917598525
2913.820081729889,-74.04357442062332,-74.04357442062332
2913.830081729889,-74.04310574467857,-74.04310574467857
2913.840081729889,-74.04263341440797,-74.04263341440797
2913.850081729889,-74.04215769261046,-74.04215769261046
2913.860081729889,-74.0416788386694,-74.0416788386694
2913.870081729889,-74.04119710856435,-74.04119710856435
2913.880081729889,-74.04071275490156,-74.04071275490156
2913.890081729889,-74.0402260269508,-74.0402260269508
2913.900081729889,-74.03973717064942,-74.03973717064942
2913.910081729889,-74.03924642863919,-74.03924642863919
2913.920081729889,-74.0387540402853,-74.0387540402853
2913.930081729889,-74.03826024168491,-74.03826024168491
2913.940081729889,-74.0377652656972,-74.0377652656972
2913.950081729889,-74.03726934198181,-74.03726934198181
2913.9600817298888,-74.03677269697909,-74.03677269697909
2913.970081729889,-74.03627555397559,-74.03627555397559
2913.9800817298888,-74.03577813308544,-74.03577813308544
2913.990081729889,-74.03528065130243,-74.03528065130243
2914.0000817298887,-74.0347833225102,-74.0347833225102
2914.010081729889,-74.03428635749543,-74.03428635749543
2914.0200817298887,-74.03378996397564,-74.03378996397564
2914.030081729889,-74.03329434663084,-74.03329434663084
2914.0400817298887,-74.03279970711371,-74.03279970711371
2914.050081729889,-74.03230624407671,-74.03230624407671
2914.060081729889,-74.03181415319455,-74.03181415319455
2914.070081729889,-74.03132362718411,-74.03132362718411
2914.080081729889,-74.03083485583673,-74.03083485583673
2914.090081729889,-74.03034802603791,-74.03034802603791
2914.100081729889,-74.02986332178361,-74.02986332178361
2914.110081729889,-74.02938092421623,-74.02938092421623
2914.120081729889,-74.02890101165104,-74.02890101165104
2914.130081729889,-74.02842375958062,-74.02842375958062
2914.140081729889,-74.02794934072939,-74.02794934072939
2914.150081729889,-74.0274779250497,-74.0274779250497
2914.160081729889,-74.02700967977486,-74.02700967977486
2914.170081729889,-74.02654476942917,-74.02654476942917
2914.180081729889,-74.02608335583622,-74.02608335583622
2914.190081729889,-74.02562559819842,-74.02562559819842
2914.200081729889,-74.02517165305663,-74.02517165305663
2914.2100817298888,-74.02472167436642,-74.02472167436642
2914.220081729889,-74.02427581351127,-74.02427581351127
2914.2300817298888,-74.02383421931333,-74.02383421931333
2914.240081729889,-74.02339703807804,-74.02339703807804
2914.2500817298887,-74.02296441361389,-74.02296441361389
2914.260081729889,-74.02253648725116,-74.02253648725116
2914.2700817298887,-74.02211339789447,-74.02211339789447
2914.280081729889,-74.02169528200997,-74.02169528200997
2914.2900817298887,-74.02128227369026,-74.02128227369026
2914.300081729889,-74.0208745046487,-74.0208745046487
2914.310081729889,-74.02047210427293,-74.02047210427293
2914.320081729889,-74.02007519963696,-74.02007519963696
2914.330081729889,-74.01968391552884,-74.01968391552884
2914.340081729889,-74.01929837448661,-74.01929837448661
2914.350081729889,-74.01891869679548,-74.01891869679548
2914.360081729889,-74.01854500055192,-74.01854500055192
2914.370081729889,-74.0181774016679,-74.0181774016679
2914.380081729889,-74.01781601390198,-74.01781601390198
2914.390081729889,-74.0174609488917,-74.0174609488917
2914.400081729889,-74.01711231616464,-74.01711231616464
2914.410081729889,-74.0167702231679,-74.0167702231679
2914.420081729889,-74.01643477530779,-74.01643477530779
2914.430081729889,-74.01610607595742,-74.01610607595742
2914.440081729889,-74.01578422649472,-74.01578422649472
2914.450081729889,-74.0154693263213,-74.0154693263213
2914.4600817298888,-74.01516147288612,-74.01516147288612
2914.470081729889,-74.01486076171268,-74.01486076171268
2914.4800817298888,-74.01456728642307,-74.01456728642307
2914.490081729889,-74.01428113876547,-74.01428113876547
2914.5000817298887,-74.01400240862806,-74.01400240862806
2914.510081729889,-74.01373118409055,-74.01373118409055
2914.5200817298887,-74.01346755140456,-74.01346755140456
2914.530081729889,-74.01321159504704,-74.01321159504704
2914.5400817298887,-74.01296339773558,-74.01296339773558
2914.550081729889,-74.0127230404602,-74.0127230404602
2914.560081729889,-74.01249060249661,-74.01249060249661
2914.570081729889,-74.01226616143525,-74.01226616143525
2914.580081729889,-74.01204979318972,-74.01204979318972
2914.590081729889,-74.01184157203859,-74.01184157203859
2914.600081729889,-74.01164157064366,-74.01164157064366
2914.610081729889,-74.01144986005336,-74.01144986005336
2914.620081729889,-74.01126650974167,-74.01126650974167
2914.630081729889,-74.01109158763454,-74.01109158763454
2914.640081729889,-74.01092516012022,-74.01092516012022
2914.650081753731,-74.0107672916884,-74.0107672916884
2914.660081753731,-74.01061804650601,-74.01061804650601
2914.6700817537308,-74.0104774860695,-74.0104774860695
2914.680081753731,-74.01034567083367,-74.01034567083367
2914.6900817537307,-74.010222659829,-74.010222659829
2914.700081753731,-74.01010851066626,-74.01010851066626
2914.7100817537307,-74.00999682968867,-74.00999682968867
2914.720081753731,-74.00988485116778,-74.00988485116778
2914.7300817537307,-74.0097712583972,-74.0097712583972
2914.740081753731,-74.00965540451887,-74.00965540451887
2914.7500817537307,-74.0095370152763,-74.0095370152763
2914.760081753731,-74.0094160345841,-74.0094160345841
2914.7700817537307,-74.0092925340412,-74.0092925340412
2914.780081753731,-74.00916665852488,-74.00916665852488
2914.7900817537306,-74.00903859349808,-74.00903859349808
2914.800081753731,-74.0089085453963,-74.0089085453963
2914.8100817537306,-74.00877672994483,-74.00877672994483
2914.820081753731,-74.00864336530393,-74.00864336530393
2914.8300817537306,-74.00850866817676,-74.00850866817676
2914.840081753731,-74.00837285162848,-74.00837285162848
2914.8500817537306,-74.00823612406879,-74.00823612406879
2914.860081753731,-74.00809868882942,-74.00809868882942
2914.8700817537306,-74.00796074414612,-74.00796074414612
2914.880081753731,-74.00782248328066,-74.00782248328066
2914.8900817537306,-74.00768409483581,-74.00768409483581
2914.900081753731,-74.00754576305181,-74.00754576305181
2914.910081753731,-74.00740766812625,-74.00740766812625
2914.9200817537308,-74.00726998653474,-74.00726998653474
2914.930081753731,-74.00713289129916,-74.00713289129916
2914.9400817537307,-74.00699655226283,-74.00699655226283
2914.950081753731,-74.00686113629294,-74.00686113629294
2914.9600817537307,-74.00672680750102,-74.00672680750102
2914.970081753731,-74.00659372738393,-74.00659372738393
2914.9800817537307,-74.00646205500742,-74.00646205500742
2914.990081753731,-74.00633194710282,-74.00633194710282
2915.0000817537307,-74.00620355817898,-74.00620355817898
2915.010081753731,-74.00607704060916,-74.00607704060916
2915.0200817537307,-74.00595254473178,-74.00595254473178
2915.030081753731,-74.0058302188724,-74.0058302188724
2915.0400817537306,-74.00571020943141,-74.00571020943141
2915.050081753731,-74.00559266089915,-74.00559266089915
2915.0600817537306,-74.0054777159339,-74.0054777159339
2915.070081753731,-74.00536551534874,-74.00536551534874
2915.0800817537306,-74.00525619816206,-74.00525619816206
2915.090081753731,-74.00514990162111,-74.00514990162111
2915.1000817537306,-74.00504676121132,-74.00504676121132
2915.110081753731,-74.00494691066756,-74.00494691066756
2915.1200817537306,-74.00485048199423,-74.00485048199423
2915.130081753731,-74.00475760547714,-74.00475760547714
2915.1400817537306,-74.00466840970161,-74.00466840970161
2915.150081753731,-74.00458302151914,-74.00458302151914
2915.160081753731,-74.00450156611073,-74.00450156611073
2915.1700817537308,-74.00442416694955,-74.00442416694955
2915.180081753731,-74.00435094583783,-74.00435094583783
2915.1900817537307,-74.00428202289038,-74.00428202289038
2915.200081753731,-74.00421751655641,-74.00421751655641
2915.2100817537307,-74.0041575436047,-74.0041575436047
2915.220081753731,-74.0041022191384,-74.0041022191384
2915.2300817537307,-74.00405165660764,-74.00405165660764
2915.240081753731,-74.00400596780531,-74.00400596780531
2915.2500817537307,-74.00396526288205,-74.00396526288205
2915.260081753731,-74.00392965033309,-74.00392965033309
2915.2700817537307,-74.00389923702147,-74.00389923702147
2915.280081753731,-74.00387412819104,-74.00387412819104
2915.2900817537306,-74.00385442744091,-74.00385442744091
2915.300081753731,-74.00384023676085,-74.00384023676085
2915.3100817537306,-74.00383165654063,-74.00383165654063
2915.320081753731,-74.00382878554879,-74.00382878554879
2915.3300817537306,-74.0038317209734,-74.0038317209734
2915.340081753731,-74.00384055840767,-74.00384055840767
2915.3500817537306,-74.00385539186487,-74.00385539186487
2915.360081753731,-74.00387631379215,-74.00387631379215
2915.3700817537306,-74.003903415079,-74.003903415079
2915.380081753731,-74.00393678504925,-74.00393678504925
2915.3900817537306,-74.00397651150115,-74.00397651150115
2915.400081753731,-74.00402268069323,-74.00402268069323
2915.410081753731,-74.00407537736676,-74.00407537736676
2915.4200817537308,-74.00413468475428,-74.00413468475428
2915.430081753731,-74.00420068457565,-74.00420068457565
2915.4400817537307,-74.00427345708313,-74.00427345708313
2915.450081753731,-74.00435308103228,-74.00435308103228
2915.4600817537307,-74.0044331836877,-74.0044331836877
2915.470081753731,-74.00451101992645,-74.00451101992645
2915.4800817537307,-74.00458529344792,-74.00458529344792
2915.490081753731,-74.00465537771035,-74.00465537771035
2915.5000817775726,-74.00472101881093,-74.00472101881093
2915.510081777573,-74.00478218044623,-74.00478218044623
2915.5200817775726,-74.00483895438865,-74.00483895438865
2915.530081777573,-74.0048915054282,-74.0048915054282
2915.5400817775726,-74.00494003885751,-74.00494003885751
2915.550081777573,-74.004984780823,-74.004984780823
2915.5600817775726,-74.00502596666148,-74.00502596666148
2915.570081777573,-74.00506383404509,-74.00506383404509
2915.5800817775726,-74.00509861905505,-74.00509861905505
2915.590081777573,-74.00513055403997,-74.00513055403997
2915.6000817775725,-74.00515986656278,-74.00515986656278
2915.6100817775728,-74.00518677897696,-74.00518677897696
2915.6200817775725,-74.00521150838995,-74.00521150838995
2915.6300817775727,-74.00523426681538,-74.00523426681538
2915.6400817775725,-74.00525526146988,-74.00525526146988
2915.6500817775727,-74.00527469505079,-74.00527469505079
2915.6600817775725,-74.0052927660662,-74.0052927660662
2915.6700817775727,-74.00530966915515,-74.00530966915515
2915.6800817775725,-74.00532559534692,-74.00532559534692
2915.6900817775727,-74.00534073233042,-74.00534073233042
2915.7000817775724,-74.00535526466889,-74.00535526466889
2915.7100817775727,-74.005369373994,-74.005369373994
2915.7200817775724,-74.00538323918411,-74.00538323918411
2915.7300817775727,-74.00539703649123,-74.00539703649123
2915.7400817775724,-74.00541093969531,-74.00541093969531
2915.7500817775726,-74.00542512017053,-74.00542512017053
2915.760081777573,-74.00543974700632,-74.00543974700632
2915.7700817775726,-74.00545498705524,-74.00545498705524
2915.780081777573,-74.0054710050155,-74.0054710050155
2915.7900817775726,-74.00548796348482,-74.00548796348482
2915.800081777573,-74.00550602299136,-74.00550602299136
2915.8100817775726,-74.00552534202721,-74.00552534202721
2915.820081777573,-74.00554607709924,-74.00554607709924
2915.8300817775726,-74.0055683827498,-74.0055683827498
2915.840081777573,-74.00559241155523,-74.00559241155523
2915.8500817775725,-74.00561831417323,-74.00561831417323
2915.8600817775728,-74.00564623935455,-74.00564623935455
2915.8700817775725,-74.00567633393202,-74.00567633393202
2915.8800817775727,-74.0057087428594,-74.0057087428594
2915.8900817775725,-74.00574360920685,-74.00574360920685
2915.9000817775727,-74.00578107417105,-74.00578107417105
2915.9100817775725,-74.00582127708807,-74.00582127708807
2915.9200817775727,-74.00586435543676,-74.00586435543676
2915.9300817775725,-74.00591044484258,-74.00591044484258
2915.9400817775727,-74.00595967908653,-74.00595967908653
2915.9500817775724,-74.00601219011266,-74.00601219011266
2915.9600817775727,-74.00606810803473,-74.00606810803473
2915.9700817775724,-74.00612756113696,-74.00612756113696
2915.9800817775727,-74.00619067589292,-74.00619067589292
2915.9900817775724,-74.00625757694704,-74.00625757694704
2916.0000817775726,-74.00632838714101,-74.00632838714101
2916.010081777573,-74.00640322752619,-74.00640322752619
2916.0200817775726,-74.00648221735221,-74.00648221735221
2916.030081777573,-74.00656547409496,-74.00656547409496
2916.0400817775726,-74.00665311342921,-74.00665311342921
2916.050081777573,-74.00674524928066,-74.00674524928066
2916.0600817775726,-74.00684199380028,-74.00684199380028
2916.070081777573,-74.00694345739392,-74.00694345739392
2916.0800817775726,-74.00704974873497,-74.00704974873497
2916.090081777573,-74.00716097474175,-74.00716097474175
2916.1000817775725,-74.00727724061676,-74.00727724061676
2916.1100817775728,-74.00739864985566,-74.00739864985566
2916.1200817775725,-74.00752530424641,-74.00752530424641
2916.1300817775727,-74.00765730387793,-74.00765730387793
2916.1400817775725,-74.00779474717503,-74.00779474717503
2916.1500817775727,-74.00793773087999,-74.00793773087999
2916.1600817775725,-74.00808635007598,-74.00808635007598
2916.1700817775727,-74.00824069820756,-74.00824069820756
2916.1800817775725,-74.00840086709057,-74.00840086709057
2916.1900817775727,-74.00856694690292,-74.00856694690292
2916.2000817775724,-74.00873902623883,-74.00873902623883
2916.2100817775727,-74.0089107412892,-74.0089107412892
2916.2200817775724,-74.00907935594908,-74.00907935594908
2916.2300817775727,-74.00924358290557,-74.00924358290557
2916.2400817775724,-74.00940280452436,-74.00940280452436
2916.2500817775726,-74.00955677555415,-74.00955677555415
2916.260081777573,-74.00970546874882,-74.00970546874882
2916.2700817775726,-74.00984898433323,-74.00984898433323
2916.280081777573,-74.00998749562771,-74.00998749562771
2916.2900817775726,-74.01012121637149,-74.01012121637149
2916.300081777573,-74.01025038106214,-74.01025038106214
2916.3100817775726,-74.01037523329923,-74.01037523329923
2916.320081777573,-74.01049601892528,-74.01049601892528
2916.3300817775726,-74.0106129820998,-74.0106129820998
2916.340081777573,-74.01072636315723,-74.01072636315723
2916.3500818014145,-74.01083639781494,-74.01083639781494
2916.3600818014147,-74.01094331570219,-74.01094331570219
2916.3700818014145,-74.01104734192707,-74.01104734192707
2916.3800818014147,-74.0111486961255,-74.0111486961255
2916.3900818014145,-74.01124759305216,-74.01124759305216
2916.4000818014147,-74.01134424285239,-74.01134424285239
2916.4100818014144,-74.01143885139989,-74.01143885139989
2916.4200818014147,-74.01153162059903,-74.01153162059903
2916.4300818014144,-74.01162274867292,-74.01162274867292
2916.4400818014146,-74.01171243039734,-74.01171243039734
2916.4500818014144,-74.01180085735588,-74.01180085735588
2916.4600818014146,-74.01188821809421,-74.01188821809421
2916.4700818014144,-74.01197469833758,-74.01197469833758
2916.4800818014146,-74.01206048109687,-74.01206048109687
2916.4900818014144,-74.01214574681651,-74.01214574681651
2916.5000818014146,-74.012230673458,-74.012230673458
2916.5100818014143,-74.01231543661734,-74.01231543661734
2916.5200818014146,-74.01240020957421,-74.01240020957421
2916.5300818014143,-74.01248516337054,-74.01248516337054
2916.5400818014145,-74.01257046686217,-74.01257046686217
2916.5500818014143,-74.01265628676278,-74.01265628676278
2916.5600818014145,-74.01274278768234,-74.01274278768234
2916.5700818014143,-74.01283013214625,-74.01283013214625
2916.5800818014145,-74.0129184806572,-74.0129184806572
2916.5900818014143,-74.0130079916753,-74.0130079916753
2916.6000818014145,-74.013098821655,-74.013098821655
2916.6100818014147,-74.01319112508214,-74.01319112508214
2916.6200818014145,-74.01328505445197,-74.01328505445197
2916.6300818014147,-74.01338076029715,-74.01338076029715
2916.6400818014145,-74.01347839120642,-74.01347839120642
2916.6500818014147,-74.01357809382338,-74.01357809382338
2916.6600818014144,-74.01368001286889,-74.01368001286889
2916.6700818014147,-74.01378429111641,-74.01378429111641
2916.6800818014144,-74.01389106944164,-74.01389106944164
2916.6900818014146,-74.01400048679626,-74.01400048679626
2916.7000818014144,-74.01411268023713,-74.01411268023713
2916.7100818014146,-74.01422778492109,-74.01422778492109
2916.7200818014144,-74.01434593412294,-74.01434593412294
2916.7300818014146,-74.01446725921593,-74.01446725921593
2916.7400818014144,-74.0145918897117,-74.0145918897117
2916.7500818014146,-74.01471995325088,-74.01471995325088
2916.7600818014143,-74.01485157560809,-74.01485157560809
2916.7700818014146,-74.01498688071347,-74.01498688071347
2916.7800818014143,-74.01512599064752,-74.01512599064752
2916.7900818014145,-74.01526902565139,-74.01526902565139
2916.8000818014143,-74.01541610415238,-74.01541610415238
2916.8100818014145,-74.01556734274689,-74.01556734274689
2916.8200818014143,-74.01572285622568,-74.01572285622568
2916.8300818014145,-74.01588275758162,-74.01588275758162
2916.8400818014143,-74.01604715802384,-74.01604715802384
2916.8500818014145,-74.01621616697628,-74.01621616697628
2916.8600818014147,-74.01638989210227,-74.01638989210227
2916.8700818014145,-74.01656843930873,-74.01656843930873
2916.8800818014147,-74.0167519127685,-74.0167519127685
2916.8900818014145,-74.01694041489867,-74.01694041489867
2916.9000818014147,-74.01713404641926,-74.01713404641926
2916.9100818014144,-74.01733290633956,-74.01733290633956
2916.9200818014147,-74.01753709196528,-74.01753709196528
2916.9300818014144,-74.01774669893202,-74.01774669893202
2916.9400818014146,-74.01796182120414,-74.01796182120414
2916.9500818014144,-74.01818255108448,-74.01818255108448
2916.9600818014146,-74.01840897924218,-74.01840897924218
2916.9700818014144,-74.01864119472197,-74.01864119472197
2916.9800818014146,-74.01887928494993,-74.01887928494993
2916.9900818014144,-74.0191233357602,-74.0191233357602
2917.0000818014146,-74.01937343139183,-74.01937343139183
2917.0100818014143,-74.01962965453377,-74.01962965453377
2917.0200818014146,-74.01989208629375,-74.01989208629375
2917.0300818014143,-74.02016080626393,-74.02016080626393
2917.0400818014145,-74.02043589250569,-74.02043589250569
2917.0500818014143,-74.02071742155333,-74.02071742155333
2917.0600818014145,-74.02100546846827,-74.02100546846827
2917.0700818014143,-74.02130010682062,-74.02130010682062
2917.0800818014145,-74.0216014087157,-74.0216014087157
2917.0900818014143,-74.02190944481713,-74.02190944481713
2917.1000818014145,-74.0222242843506,-74.0222242843506
2917.1100818014147,-74.02254599511953,-74.02254599511953
2917.1200818014145,-74.022874643526,-74.022874643526
2917.1300818014147,-74.02321029459065,-74.02321029459065
2917.1400818014145,-74.02355301195628,-74.02355301195628
2917.1500818014147,-74.02390285790725,-74.02390285790725
2917.1600818014144,-74.02425989339629,-74.02425989339629
2917.1700818014147,-74.02462417803628,-74.02462417803628
2917.1800818014144,-74.02499577014243,-74.02499577014243
2917.1900818014146,-74.02537472671649,-74.02537472671649
2917.2000818252563,-74.02576110442239,-74.02576110442239
2917.2100818252566,-74.02615495591073,-74.02615495591073
2917.2200818252563,-74.0265563352911,-74.0265563352911
2917.2300818252565,-74.02696529455245,-74.02696529455245
2917.2400818252563,-74.02738188446064,-74.02738188446064
2917.2500818252565,-74.02780615457516,-74.02780615457516
2917.2600818252563,-74.02823815327146,-74.02823815327146
2917.2700818252565,-74.02867792774423,-74.02867792774423
2917.2800818252563,-74.0291255240325,-74.0291255240325
2917.2900818252565,-74.02958098702716,-74.02958098702716
2917.3000818252563,-74.03004436049966,-74.03004436049966
2917.3100818252565,-74.03051568709067,-74.03051568709067
2917.3200818252562,-74.03099500833746,-74.03099500833746
2917.3300818252565,-74.0314823647107,-74.0314823647107
2917.340081825256,-74.03197779560065,-74.03197779560065
2917.3500818252564,-74.03248133931953,-74.03248133931953
2917.360081825256,-74.03299303316132,-74.03299303316132
2917.3700818252564,-74.03351291337499,-74.03351291337499
2917.380081825256,-74.03404101519806,-74.03404101519806
2917.3900818252564,-74.03457737286305,-74.03457737286305
2917.400081825256,-74.03512201960936,-74.03512201960936
2917.4100818252564,-74.0356749877079,-74.0356749877079
2917.420081825256,-74.03623630846053,-74.03623630846053
2917.4300818252564,-74.03680601222553,-74.03680601222553
2917.440081825256,-74.03738412841922,-74.03738412841922
2917.4500818252563,-74.03797068554147,-74.03797068554147
2917.4600818252566,-74.03855925632499,-74.03855925632499
2917.4700818252563,-74.03914704316982,-74.03914704316982
2917.4800818252565,-74.03973269853171,-74.03973269853171
2917.4900818252563,-74.0403155455383,-74.0403155455383
2917.5000818252565,-74.04089528055312,-74.04089528055312
2917.5100818252563,-74.04147181874258,-74.04147181874258
2917.5200818252565,-74.04204520353252,-74.04204520353252
2917.5300818252563,-74.04261555220654,-74.04261555220654
2917.5400818252565,-74.0431830231872,-74.0431830231872
2917.5500818252563,-74.04374779641927,-74.04374779641927
2917.5600818252565,-74.04431006167151,-74.04431006167151
2917.5700818252562,-74.04487001168805,-74.04487001168805
2917.5800818252565,-74.04542783823914,-74.04542783823914
2917.590081825256,-74.04598372998854,-74.04598372998854
2917.6000818252564,-74.04653787143836,-74.04653787143836
2917.610081825256,-74.04709044247524,-74.04709044247524
2917.6200818252564,-74.04764161835081,-74.04764161835081
2917.630081825256,-74.04819156983281,-74.04819156983281
2917.6400818252564,-74.04874046345505,-74.04874046345505
2917.650081825256,-74.04928846183626,-74.04928846183626
2917.6600818252564,-74.0498357239686,-74.0498357239686
2917.670081825256,-74.05038240556274,-74.05038240556274
2917.6800818252564,-74.0509286592711,-74.0509286592711
2917.690081825256,-74.05147463498183,-74.05147463498183
2917.7000818252563,-74.05202047999526,-74.05202047999526
2917.7100818252566,-74.05256633923362,-74.05256633923362
2917.7200818252563,-74.0531123554184,-74.0531123554184
2917.7300818252565,-74.05365866917528,-74.05365866917528
2917.7400818252563,-74.05420541918642,-74.05420541918642
2917.7500818252565,-74.05475274226198,-74.05475274226198
2917.7600818252563,-74.05530077343627,-74.05530077343627
2917.7700818252565,-74.05584964603247,-74.05584964603247
2917.7800818252563,-74.05639949173549,-74.05639949173549
2917.7900818252565,-74.05695044061345,-74.05695044061345
2917.8000818252563,-74.05750262118157,-74.05750262118157
2917.8100818252565,-74.05805616041755,-74.05805616041755
2917.8200818252562,-74.05861118378863,-74.05861118378863
2917.8300818252565,-74.05916781528069,-74.05916781528069
2917.840081825256,-74.05972617740676,-74.05972617740676
2917.8500818252564,-74.06028639122027,-74.06028639122027
2917.860081825256,-74.06084857633938,-74.06084857633938
2917.8700818252564,-74.06141285092968,-74.06141285092968
2917.880081825256,-74.06197933172801,-74.06197933172801
2917.8900818252564,-74.06254813404635,-74.06254813404635
2917.900081825256,-74.06311937177357,-74.06311937177357
2917.9100818252564,-74.06369315736704,-74.06369315736704
2917.920081825256,-74.06426960187682,-74.06426960187682
2917.9300818252564,-74.06484881492055,-74.06484881492055
2917.940081825256,-74.06543090470221,-74.06543090470221
2917.9500818252563,-74.06601597800766,-74.06601597800766
2917.9600818252566,-74.06660414021997,-74.06660414021997
2917.9700818252563,-74.06719549528891,-74.06719549528891
2917.9800818252565,-74.06779014575453,-74.06779014575453
2917.9900818252563,-74.06838819275319,-74.06838819275319
2918.0000818252565,-74.06898973600265,-74.06898973600265
2918.0100818252563,-74.06959487381772,-74.06959487381772
2918.0200818252565,-74.07020370309606,-74.07020370309606
2918.0300818252563,-74.07081631933931,-74.07081631933931
2918.0400818252565,-74.07143281664747,-74.07143281664747
2918.050081849098,-74.07205328919711,-74.07205328919711
2918.0600818490984,-74.07267782534912,-74.07267782534912
2918.070081849098,-74.07330651648415,-74.07330651648415
2918.0800818490984,-74.07393945113516,-74.07393945113516
2918.090081849098,-74.0745767164559,-74.0745767164559
2918.1000818490984,-74.07521839821841,-74.07521839821841
2918.110081849098,-74.07586458081943,-74.07586458081943
2918.1200818490984,-74.07651534730361,-74.07651534730361
2918.130081849098,-74.07717077935722,-74.07717077935722
2918.1400818490984,-74.07783095730765,-74.07783095730765
2918.150081849098,-74.07849596015134,-74.07849596015134
2918.1600818490983,-74.07916586552501,-74.07916586552501
2918.170081849098,-74.07984074976105,-74.07984074976105
2918.1800818490983,-74.08052068786569,-74.08052068786569
2918.190081849098,-74.0812057535232,-74.0812057535232
2918.2000818490983,-74.08189601912557,-74.08189601912557
2918.210081849098,-74.08259155575699,-74.08259155575699
2918.2200818490983,-74.08329243322868,-74.08329243322868
2918.230081849098,-74.08399872006841,-74.08399872006841
2918.2400818490983,-74.08471048353843,-74.08471048353843
2918.250081849098,-74.08542778965717,-74.08542778965717
2918.2600818490982,-74.08615070316847,-74.08615070316847
2918.270081849098,-74.08687928760126,-74.08687928760126
2918.280081849098,-74.08761360525094,-74.08761360525094
2918.290081849098,-74.08835371719105,-74.08835371719105
2918.300081849098,-74.08909968329937,-74.08909968329937
2918.3100818490984,-74.08985156225742,-74.08985156225742
2918.320081849098,-74.09060941156572,-74.09060941156572
2918.3300818490984,-74.0913732875388,-74.0913732875388
2918.340081849098,-74.09214324534364,-74.09214324534364
2918.3500818490984,-74.0929193389878,-74.0929193389878
2918.360081849098,-74.09370162134212,-74.09370162134212
2918.3700818490984,-74.09449014415226,-74.09449014415226
2918.380081849098,-74.0952849580513,-74.0952849580513
2918.3900818490984,-74.09608611255543,-74.09608611255543
2918.400081849098,-74.09689365610096,-74.09689365610096
2918.4100818490983,-74.09770763602482,-74.09770763602482
2918.420081849098,-74.09852809861488,-74.09852809861488
2918.4300818490983,-74.09935508908612,-74.09935508908612
2918.440081849098,-74.10018865162513,-74.10018865162513
2918.4500818490983,-74.10102882935169,-74.10102882935169
2918.460081849098,-74.10187566439144,-74.10187566439144
2918.4700818490983,-74.10272919784872,-74.10272919784872
2918.480081849098,-74.1035894698215,-74.1035894698215
2918.4900818490983,-74.1044565194263,-74.1044565194263
2918.500081849098,-74.10533038480251,-74.10533038480251
2918.5100818490982,-74.10621110312435,-74.10621110312435
2918.520081849098,-74.10709871061559,-74.10709871061559
2918.530081849098,-74.10799324254646,-74.10799324254646
2918.540081849098,-74.10889473326522,-74.10889473326522
2918.550081849098,-74.10980321620093,-74.10980321620093
2918.5600818490984,-74.11071872387755,-74.11071872387755
2918.570081849098,-74.11164128792478,-74.11164128792478
2918.5800818490984,-74.11257093907551,-74.11257093907551
2918.590081849098,-74.11350770719409,-74.11350770719409
2918.6000818490984,-74.11445162128467,-74.11445162128467
2918.610081849098,-74.1154027095023,-74.1154027095023
2918.6200818490984,-74.11636099915822,-74.11636099915822
2918.630081849098,-74.11732651673532,-74.11732651673532
2918.6400818490984,-74.11829928790364,-74.11829928790364
2918.650081849098,-74.11927933751585,-74.11927933751585
2918.6600818490983,-74.12026668963365,-74.12026668963365
2918.670081849098,-74.12126136753069,-74.12126136753069
2918.6800818490983,-74.12226339370676,-74.12226339370676
2918.690081849098,-74.12327278990149,-74.12327278990149
2918.7000818490983,-74.12428957708353,-74.12428957708353
2918.710081849098,-74.12530731139805,-74.12530731139805
2918.7200818490983,-74.12632318273486,-74.12632318273486
2918.730081849098,-74.12733583288373,-74.12733583288373
2918.7400818490983,-74.12834457522096,-74.12834457522096
2918.750081849098,-74.12934909702822,-74.12934909702822
2918.7600818490982,-74.13034930483138,-74.13034930483138
2918.770081849098,-74.1313452337906,-74.1313452337906
2918.780081849098,-74.1323369932539,-74.1323369932539
2918.790081849098,-74.13332473400772,-74.13332473400772
2918.800081849098,-74.1343086286396,-74.1343086286396
2918.8100818490984,-74.13528885983308,-74.13528885983308
2918.820081849098,-74.13626561347338,-74.13626561347338
2918.8300818490984,-74.13723907472635,-74.13723907472635
2918.840081849098,-74.1382094258922,-74.1382094258922
2918.8500818490984,-74.1391768453079,-74.1391768453079
2918.860081849098,-74.14014150694264,-74.14014150694264
2918.8700818490984,-74.14110358031138,-74.14110358031138
2918.880081849098,-74.14206323065284,-74.14206323065284
2918.8900818490984,-74.14302061917077,-74.14302061917077
2918.90008187294,-74.14397590561072,-74.14397590561072
2918.9100818729403,-74.14492923945956,-74.14492923945956
2918.92008187294,-74.14588077390236,-74.14588077390236
2918.9300818729403,-74.1468306569848,-74.1468306569848
2918.94008187294,-74.14777903413679,-74.14777903413679
2918.9500818729402,-74.1487260483637,-74.1487260483637
2918.96008187294,-74.14967184046843,-74.14967184046843
2918.97008187294,-74.15061654916636,-74.15061654916636
2918.98008187294,-74.15156031126826,-74.15156031126826
2918.99008187294,-74.15250326174792,-74.15250326174792
2919.00008187294,-74.15344553387611,-74.15344553387611
2919.01008187294,-74.15438725926464,-74.15438725926464
2919.02008187294,-74.1553285679627,-74.1553285679627
2919.03008187294,-74.15626958850295,-74.15626958850295
2919.04008187294,-74.15721044793199,-74.15721044793199
2919.05008187294,-74.15815127185965,-74.15815127185965
2919.06008187294,-74.1590921844884,-74.1590921844884
2919.07008187294,-74.16003330862671,-74.16003330862671
2919.08008187294,-74.16097476571878,-74.16097476571878
2919.09008187294,-74.16191667584515,-74.16191667584515
2919.10008187294,-74.16285915774314,-74.16285915774314
2919.11008187294,-74.16380232881488,-74.16380232881488
2919.12008187294,-74.1647463051191,-74.1647463051191
2919.13008187294,-74.16569120140673,-74.16569120140673
2919.14008187294,-74.16663713108555,-74.16663713108555
2919.15008187294,-74.1675842062354,-74.1675842062354
2919.1600818729403,-74.16853253762731,-74.16853253762731
2919.17008187294,-74.16948223469608,-74.16948223469608
2919.1800818729403,-74.17043340554662,-74.17043340554662
2919.19008187294,-74.17138615697277,-74.17138615697277
2919.2000818729402,-74.17234059442458,-74.17234059442458
2919.21008187294,-74.173296822031,-74.173296822031
2919.22008187294,-74.17425494259687,-74.17425494259687
2919.23008187294,-74.17521505759136,-74.17521505759136
2919.24008187294,-74.17617726715423,-74.17617726715423
2919.25008187294,-74.17714167010239,-74.17714167010239
2919.26008187294,-74.17810836391362,-74.17810836391362
2919.27008187294,-74.17907744474552,-74.17907744474552
2919.28008187294,-74.18004900742552,-74.18004900742552
2919.29008187294,-74.18102314544805,-74.18102314544805
2919.30008187294,-74.18199995098789,-74.18199995098789
2919.31008187294,-74.18297951490088,-74.18297951490088
2919.32008187294,-74.18396192672151,-74.18396192672151
2919.33008187294,-74.18494727465954,-74.18494727465954
2919.34008187294,-74.18593564562367,-74.18593564562367
2919.35008187294,-74.18692712520968,-74.18692712520968
2919.36008187294,-74.18792179770591,-74.18792179770591
2919.37008187294,-74.18891974611104,-74.18891974611104
2919.38008187294,-74.18992105210552,-74.18992105210552
2919.39008187294,-74.1909257960998,-74.1909257960998
2919.40008187294,-74.19193405722406,-74.19193405722406
2919.4100818729403,-74.19294591331091,-74.19294591331091
2919.42008187294,-74.1939614409508,-74.1939614409508
2919.4300818729403,-74.19498071543742,-74.19498071543742
2919.44008187294,-74.19600381084132,-74.19600381084132
2919.4500818729402,-74.19703079994993,-74.19703079994993
2919.46008187294,-74.19806175433946,-74.19806175433946
2919.47008187294,-74.19909674433534,-74.19909674433534
2919.48008187294,-74.20013583904999,-74.20013583904999
2919.49008187294,-74.20117910636304,-74.20117910636304
2919.50008187294,-74.20222661296702,-74.20222661296702
2919.51008187294,-74.20327842433835,-74.20327842433835
2919.52008187294,-74.20433460477366,-74.20433460477366
2919.53008187294,-74.20539521738064,-74.20539521738064
2919.54008187294,-74.2064603241091,-74.2064603241091
2919.55008187294,-74.20752998573651,-74.20752998573651
2919.56008187294,-74.20860426190656,-74.20860426190656
2919.57008187294,-74.20968321110192,-74.20968321110192
2919.58008187294,-74.21076689068569,-74.21076689068569
2919.59008187294,-74.21185535689357,-74.21185535689357
2919.60008187294,-74.21294866485187,-74.21294866485187
2919.61008187294,-74.21404686860762,-74.21404686860762
2919.62008187294,-74.21515002109639,-74.21515002109639
2919.63008187294,-74.21625817418301,-74.21625817418301
2919.64008187294,-74.21737137866639,-74.21737137866639
2919.65008187294,-74.21848968427997,-74.21848968427997
2919.6600818729403,-74.21961313972662,-74.21961313972662
2919.67008187294,-74.22074179266261,-74.22074179266261
2919.6800818729403,-74.22187568973324,-74.22187568973324
2919.69008187294,-74.22301487655105,-74.22301487655105
2919.7000818729402,-74.22415939773936,-74.22415939773936
2919.71008187294,-74.22530929694426,-74.22530929694426
2919.72008187294,-74.22646461680205,-74.22646461680205
2919.73008187294,-74.22762539899358,-74.22762539899358
2919.74008187294,-74.22879168425483,-74.22879168425483
2919.750081896782,-74.22996351514972,-74.22996351514972
2919.760081896782,-74.23114092496098,-74.23114092496098
2919.770081896782,-74.23232395437293,-74.23232395437293
2919.780081896782,-74.23351264039171,-74.23351264039171
2919.790081896782,-74.23470701911978,-74.23470701911978
2919.800081896782,-74.23590712576836,-74.23590712576836
2919.810081896782,-74.23711299466898,-74.23711299466898
2919.820081896782,-74.23832465927082,-74.23832465927082
2919.830081896782,-74.23954215218328,-74.23954215218328
2919.840081896782,-74.24076550514965,-74.24076550514965
2919.850081896782,-74.24199474908542,-74.24199474908542
2919.860081896782,-74.24322991408089,-74.24322991408089
2919.870081896782,-74.24447102939456,-74.24447102939456
2919.880081896782,-74.24571812348768,-74.24571812348768
2919.890081896782,-74.24697122403707,-74.24697122403707
2919.900081896782,-74.24823035791954,-74.24823035791954
2919.910081896782,-74.24949555123825,-74.24949555123825
2919.920081896782,-74.25076682934233,-74.25076682934233
2919.9300818967818,-74.25204421680407,-74.25204421680407
2919.940081896782,-74.25332773747327,-74.25332773747327
2919.9500818967817,-74.25461741445656,-74.25461741445656
2919.960081896782,-74.25591327013824,-74.25591327013824
2919.9700818967817,-74.25721532618243,-74.25721532618243
2919.980081896782,-74.25852360354774,-74.25852360354774
2919.9900818967817,-74.25983812250279,-74.25983812250279
2920.000081896782,-74.26115890263777,-74.26115890263777
2920.010081896782,-74.26248596284546,-74.26248596284546
2920.020081896782,-74.26381932136592,-74.26381932136592
2920.030081896782,-74.26515899578163,-74.26515899578163
2920.040081896782,-74.26650500302961,-74.26650500302961
2920.050081896782,-74.26785735939482,-74.26785735939482
2920.060081896782,-74.26921608055301,-74.26921608055301
2920.070081896782,-74.27058118153032,-74.27058118153032
2920.080081896782,-74.2719526767707,-74.2719526767707
2920.090081896782,-74.27333058009759,-74.27333058009759
2920.100081896782,-74.27471490474237,-74.27471490474237
2920.110081896782,-74.27610566334656,-74.27610566334656
2920.120081896782,-74.27750286799406,-74.27750286799406
2920.130081896782,-74.27890653017874,-74.27890653017874
2920.140081896782,-74.2803166608355,-74.2803166608355
2920.150081896782,-74.28173327035843,-74.28173327035843
2920.160081896782,-74.2831563685927,-74.2831563685927
2920.170081896782,-74.28458596484616,-74.28458596484616
2920.1800818967818,-74.28602206790194,-74.28602206790194
2920.190081896782,-74.28746468601915,-74.28746468601915
2920.2000818967817,-74.28891382694495,-74.28891382694495
2920.210081896782,-74.29036949792263,-74.29036949792263
2920.2200818967817,-74.29183170570771,-74.29183170570771
2920.230081896782,-74.29330045655608,-74.29330045655608
2920.2400818967817,-74.2947757562316,-74.2947757562316
2920.250081896782,-74.2962576100478,-74.2962576100478
2920.260081896782,-74.29774602284964,-74.29774602284964
2920.270081896782,-74.29924099899678,-74.29924099899678
2920.280081896782,-74.3007425424156,-74.3007425424156
2920.290081896782,-74.30225065659086,-74.30225065659086
2920.300081896782,-74.30376534455256,-74.30376534455256
2920.310081896782,-74.30528660891112,-74.30528660891112
2920.320081896782,-74.30681445184631,-74.30681445184631
2920.330081896782,-74.30834887511578,-74.30834887511578
2920.340081896782,-74.30988988008254,-74.30988988008254
2920.350081896782,-74.31143746768211,-74.31143746768211
2920.360081896782,-74.3129916384658,-74.3129916384658
2920.370081896782,-74.3145523925838,-74.3145523925838
2920.380081896782,-74.3161197298106,-74.3161197298106
2920.390081896782,-74.31769364953546,-74.31769364953546
2920.400081896782,-74.31927415076417,-74.31927415076417
2920.410081896782,-74.32086123214039,-74.32086123214039
2920.420081896782,-74.32245489196202,-74.32245489196202
2920.4300818967818,-74.32405512815242,-74.32405512815242
2920.440081896782,-74.32566193828364,-74.32566193828364
2920.4500818967817,-74.327275319595,-74.327275319595
2920.460081896782,-74.32889526897328,-74.32889526897328
2920.4700818967817,-74.33052178299505,-74.33052178299505
2920.480081896782,-74.33215485788055,-74.33215485788055
2920.4900818967817,-74.33379448954432,-74.33379448954432
2920.500081896782,-74.33544067357573,-74.33544067357573
2920.510081896782,-74.33709340526516,-74.33709340526516
2920.520081896782,-74.33875267958989,-74.33875267958989
2920.530081896782,-74.34041849121833,-74.34041849121833
2920.540081896782,-74.34209083453692,-74.34209083453692
2920.550081896782,-74.34376970362544,-74.34376970362544
2920.560081896782,-74.3454550922809,-74.3454550922809
2920.570081896782,-74.34714699402926,-74.34714699402926
2920.580081896782,-74.3488454021095,-74.3488454021095
2920.590081896782,-74.35055030950005,-74.35055030950005
2920.600081920624,-74.35226171297491,-74.35226171297491
2920.610081920624,-74.35397959684548,-74.35397959684548
2920.6200819206238,-74.35570395734364,-74.35570395734364
2920.630081920624,-74.35743478640454,-74.35743478640454
2920.6400819206237,-74.3591720756983,-74.3591720756983
2920.650081920624,-74.36091581667489,-74.36091581667489
2920.6600819206237,-74.36266600052033,-74.36266600052033
2920.670081920624,-74.36442261819727,-74.36442261819727
2920.6800819206237,-74.36618566042584,-74.36618566042584
2920.690081920624,-74.36795511770903,-74.36795511770903
2920.7000819206237,-74.3697309803196,-74.3697309803196
2920.710081920624,-74.37151323831576,-74.37151323831576
2920.7200819206237,-74.37330188153861,-74.37330188153861
2920.730081920624,-74.37509689960643,-74.37509689960643
2920.7400819206237,-74.37689828194254,-74.37689828194254
2920.750081920624,-74.37870601776616,-74.37870601776616
2920.7600819206236,-74.38052009608333,-74.38052009608333
2920.770081920624,-74.3823405057153,-74.3823405057153
2920.7800819206236,-74.38416723527976,-74.38416723527976
2920.790081920624,-74.3860002732227,-74.3860002732227
2920.8000819206236,-74.38783960777515,-74.38783960777515
2920.810081920624,-74.38968522700394,-74.38968522700394
2920.8200819206236,-74.3915371188081,-74.3915371188081
2920.830081920624,-74.39339527088349,-74.39339527088349
2920.8400819206236,-74.39525967077988,-74.39525967077988
2920.850081920624,-74.39713030585477,-74.39713030585477
2920.860081920624,-74.39900716331283,-74.39900716331283
2920.8700819206238,-74.40089023019424,-74.40089023019424
2920.880081920624,-74.40277949337442,-74.40277949337442
2920.8900819206237,-74.40467493957499,-74.40467493957499
2920.900081920624,-74.40657655537407,-74.40657655537407
2920.9100819206237,-74.40848432717698,-74.40848432717698
2920.920081920624,-74.41039824126669,-74.41039824126669
2920.9300819206237,-74.41231828376084,-74.41231828376084
2920.940081920624,-74.41424444064768,-74.41424444064768
2920.9500819206237,-74.41617669777412,-74.41617669777412
2920.960081920624,-74.41811504085449,-74.41811504085449
2920.9700819206237,-74.42005945544956,-74.42005945544956
2920.980081920624,-74.42200992701862,-74.42200992701862
2920.9900819206237,-74.42396644087597,-74.42396644087597
2921.000081920624,-74.42592898221433,-74.42592898221433
2921.0100819206236,-74.42789753610069,-74.42789753610069
2921.020081920624,-74.42987208749174,-74.42987208749174
2921.0300819206236,-74.4318526212179,-74.4318526212179
2921.040081920624,-74.4338391219926,-74.4338391219926
2921.0500819206236,-74.43583157442549,-74.43583157442549
2921.060081920624,-74.43782996300614,-74.43782996300614
2921.0700819206236,-74.43983427212567,-74.43983427212567
2921.080081920624,-74.44184448606335,-74.44184448606335
2921.0900819206236,-74.44386058900201,-74.44386058900201
2921.100081920624,-74.44588256501821,-74.44588256501821
2921.110081920624,-74.44791039809341,-74.44791039809341
2921.1200819206238,-74.44994407210999,-74.44994407210999
2921.130081920624,-74.45198357085837,-74.45198357085837
2921.1400819206237,-74.45402887803357,-74.45402887803357
2921.150081920624,-74.45607997724149,-74.45607997724149
2921.1600819206237,-74.458136852007,-74.458136852007
2921.170081920624,-74.46019948576584,-74.46019948576584
2921.1800819206237,-74.46226786186114,-74.46226786186114
2921.190081920624,-74.46434196357006,-74.46434196357006
2921.2000819206237,-74.46642177407593,-74.46642177407593
2921.210081920624,-74.46850077796104,-74.46850077796104
2921.2200819206237,-74.47057611013298,-74.47057611013298
2921.230081920624,-74.47264636461918,-74.47264636461918
2921.2400819206237,-74.47471081081989,-74.47471081081989
2921.250081920624,-74.47676909441914,-74.47676909441914
2921.2600819206236,-74.47882108214387,-74.47882108214387
2921.270081920624,-74.48086677074797,-74.48086677074797
2921.2800819206236,-74.48290623237119,-74.48290623237119
2921.290081920624,-74.4849395816494,-74.4849395816494
2921.3000819206236,-74.48696695600763,-74.48696695600763
2921.310081920624,-74.48898850388261,-74.48898850388261
2921.3200819206236,-74.49100437779595,-74.49100437779595
2921.330081920624,-74.4930147304114,-74.4930147304114
2921.3400819206236,-74.4950197123197,-74.4950197123197
2921.350081920624,-74.49701947095966,-74.49701947095966
2921.360081920624,-74.49901415015887,-74.49901415015887
2921.3700819206238,-74.50100389004113,-74.50100389004113
2921.380081920624,-74.50298882716741,-74.50298882716741
2921.3900819206237,-74.50496909478173,-74.50496909478173
2921.400081920624,-74.50694482307883,-74.50694482307883
2921.4100819206237,-74.50891613948959,-74.50891613948959
2921.420081920624,-74.51088316896002,-74.51088316896002
2921.4300819206237,-74.51284603422765,-74.51284603422765
2921.440081920624,-74.51480485600362,-74.51480485600362
2921.4500819444656,-74.51675975787215,-74.51675975787215
2921.460081944466,-74.51870434513339,-74.51870434513339
2921.4700819444656,-74.52063588849292,-74.52063588849292
2921.480081944466,-74.52255311277553,-74.52255311277553
2921.4900819444656,-74.52445541744497,-74.52445541744497
2921.500081944466,-74.52634257741593,-74.52634257741593
2921.5100819444656,-74.52821458778773,-74.52821458778773
2921.520081944466,-74.53007157281463,-74.53007157281463
2921.5300819444656,-74.5319137312821,-74.5319137312821
2921.540081944466,-74.53374130364254,-74.53374130364254
2921.5500819444655,-74.53555455228941,-74.53555455228941
2921.5600819444658,-74.53735374982128,-74.53735374982128
2921.5700819444655,-74.53913917211983,-74.53913917211983
2921.5800819444657,-74.54091109436598,-74.54091109436598
2921.5900819444655,-74.54266978888013,-74.54266978888013
2921.6000819444657,-74.5444155239985,-74.5444155239985
2921.6100819444655,-74.54614856362902,-74.54614856362902
2921.6200819444657,-74.54786916713863,-74.54786916713863
2921.6300819444655,-74.5495775895136,-74.5495775895136
2921.6400819444657,-74.55127408155153,-74.55127408155153
2921.6500819444655,-74.55295889013563,-74.55295889013563
2921.6600819444657,-74.55463225853516,-74.55463225853516
2921.6700819444654,-74.55629442664991,-74.55629442664991
2921.6800819444657,-74.5579456312663,-74.5579456312663
2921.6900819444654,-74.55958610625734,-74.55958610625734
2921.7000819444656,-74.56121608278912,-74.56121608278912
2921.710081944466,-74.56282928390239,-74.56282928390239
2921.7200819444656,-74.56442308525726,-74.56442308525726
2921.730081944466,-74.56599632124474,-74.56599632124474
2921.7400819444656,-74.56754850030052,-74.56754850030052
2921.750081944466,-74.56907950556217,-74.56907950556217
2921.7600819444656,-74.57058943950295,-74.57058943950295
2921.770081944466,-74.57207853285176,-74.57207853285176
2921.7800819444656,-74.57354708992956,-74.57354708992956
2921.790081944466,-74.5749954557551,-74.5749954557551
2921.8000819444655,-74.57642399631588,-74.57642399631588
2921.8100819444658,-74.57783308679772,-74.57783308679772
2921.8200819444655,-74.57922310466554,-74.57922310466554
2921.8300819444657,-74.5805944256771,-74.5805944256771
2921.8400819444655,-74.5819474217081,-74.5819474217081
2921.8500819444657,-74.58328245961351,-74.58328245961351
2921.8600819444655,-74.58459990080358,-74.58459990080358
2921.8700819444657,-74.5859001011234,-74.5859001011234
2921.8800819444655,-74.5871834109886,-74.5871834109886
2921.8900819444657,-74.58845017559874,-74.58845017559874
2921.9000819444655,-74.58970073520645,-74.58970073520645
2921.9100819444657,-74.59093542540491,-74.59093542540491
2921.9200819444654,-74.59215457738462,-74.59215457738462
2921.9300819444657,-74.59335851818244,-74.59335851818244
2921.9400819444654,-74.59454757090153,-74.59454757090153
2921.9500819444656,-74.59572205488796,-74.59572205488796
2921.960081944466,-74.59688228590979,-74.59688228590979
2921.9700819444656,-74.59802857627491,-74.59802857627491
2921.980081944466,-74.59916123496477,-74.59916123496477
2921.9900819444656,-74.60028056772131,-74.60028056772131
2922.000081944466,-74.60138687712436,-74.60138687712436
2922.0100819444656,-74.60248046265731,-74.60248046265731
2922.020081944466,-74.60356162075931,-74.60356162075931
2922.0300819444656,-74.60463064486635,-74.60463064486635
2922.040081944466,-74.60568782544536,-74.60568782544536
2922.0500819444655,-74.60673345001823,-74.60673345001823
2922.0600819444658,-74.60776780317912,-74.60776780317912
2922.0700819444655,-74.60879116660337,-74.60879116660337
2922.0800819444657,-74.60980381908125,-74.60980381908125
2922.0900819444655,-74.61080603650525,-74.61080603650525
2922.1000819444657,-74.61179809186928,-74.61179809186928
2922.1100819444655,-74.61278025528594,-74.61278025528594
2922.1200819444657,-74.6137527940033,-74.6137527940033
2922.1300819444655,-74.61471597237359,-74.61471597237359
2922.1400819444657,-74.61567005188321,-74.61567005188321
2922.1500819444655,-74.61661529111686,-74.61661529111686
2922.1600819444657,-74.61755194581407,-74.61755194581407
2922.1700819444654,-74.61848026882068,-74.61848026882068
2922.1800819444657,-74.61940051010104,-74.61940051010104
2922.1900819444654,-74.62031291676632,-74.62031291676632
2922.2000819444656,-74.62121773304669,-74.62121773304669
2922.210081944466,-74.62211520029916,-74.62211520029916
2922.2200819444656,-74.62300555703787,-74.62300555703787
2922.230081944466,-74.62388903889938,-74.62388903889938
2922.2400819444656,-74.62476587866206,-74.62476587866206
2922.250081944466,-74.62563630628044,-74.62563630628044
2922.2600819444656,-74.62650054885016,-74.62650054885016
2922.270081944466,-74.62735883062949,-74.62735883062949
2922.2800819444656,-74.6282113730744,-74.6282113730744
2922.290081944466,-74.62905839480874,-74.62905839480874
2922.3000819683075,-74.629900113662,-74.629900113662
2922.3100819683077,-74.63073673864034,-74.63073673864034
2922.3200819683075,-74.63156848201214,-74.63156848201214
2922.3300819683077,-74.63239555125477,-74.63239555125477
2922.3400819683075,-74.63321815109663,-74.63321815109663
2922.3500819683077,-74.6340364835199,-74.6340364835199
2922.3600819683074,-74.63485074778158,-74.63485074778158
2922.3700819683077,-74.63566114042207,-74.63566114042207
2922.3800819683074,-74.63646785529359,-74.63646785529359
2922.3900819683076,-74.63727108354978,-74.63727108354978
2922.4000819683074,-74.6380710137113,-74.6380710137113
2922.4100819683076,-74.638867831635,-74.638867831635
2922.4200819683074,-74.63966172054687,-74.63966172054687
2922.4300819683076,-74.64045286108119,-74.64045286108119
2922.4400819683074,-74.64124143127212,-74.64124143127212
2922.4500819683076,-74.64202760658559,-74.64202760658559
2922.4600819683073,-74.64280504981315,-74.64280504981315
2922.4700819683076,-74.64357108045496,-74.64357108045496
2922.4800819683073,-74.64432447807125,-74.64432447807125
2922.4900819683075,-74.64506469664789,-74.64506469664789
2922.5000819683073,-74.64579156485931,-74.64579156485931
2922.5100819683075,-74.64650513048048,-74.64650513048048
2922.5200819683073,-74.64720556918658,-74.64720556918658
2922.5300819683075,-74.64789312975935,-74.64789312975935
2922.5400819683073,-74.64856810117595,-74.64856810117595
2922.5500819683075,-74.64923079284529,-74.64923079284529
2922.5600819683077,-74.649881522831,-74.649881522831
2922.5700819683075,-74.65052061094659,-74.65052061094659
2922.5800819683077,-74.6511483747995,-74.6511483747995
2922.5900819683075,-74.65176512762407,-74.65176512762407
2922.6000819683077,-74.65237117718331,-74.65237117718331
2922.6100819683074,-74.65296682537215,-74.65296682537215
2922.6200819683077,-74.6535523681281,-74.6535523681281
2922.6300819683074,-74.65412809560905,-74.65412809560905
2922.6400819683076,-74.65469429245003,-74.65469429245003
2922.6500819683074,-74.65525123806003,-74.65525123806003
2922.6600819683076,-74.65579920694408,-74.65579920694408
2922.6700819683074,-74.65633846899878,-74.65633846899878
2922.6800819683076,-74.6568692897937,-74.6568692897937
2922.6900819683074,-74.65739193083529,-74.65739193083529
2922.7000819683076,-74.65790664975951,-74.65790664975951
2922.7100819683073,-74.65841370055605,-74.65841370055605
2922.7200819683076,-74.65891333372055,-74.65891333372055
2922.7300819683073,-74.65940579641794,-74.65940579641794
2922.7400819683075,-74.65989133258205,-74.65989133258205
2922.7500819683073,-74.66037018304587,-74.66037018304587
2922.7600819683075,-74.66084258561638,-74.66084258561638
2922.7700819683073,-74.66130877515444,-74.66130877515444
2922.7800819683075,-74.66176898366037,-74.66176898366037
2922.7900819683073,-74.66222344030645,-74.66222344030645
2922.8000819683075,-74.66267237149098,-74.66267237149098
2922.8100819683077,-74.66311600087919,-74.66311600087919
2922.8200819683075,-74.6635545494615,-74.6635545494615
2922.8300819683077,-74.66398823554248,-74.66398823554248
2922.8400819683075,-74.66441727479861,-74.66441727479861
2922.8500819683077,-74.66484188029914,-74.66484188029914
2922.8600819683074,-74.66526226251004,-74.66526226251004
2922.8700819683077,-74.66567862932702,-74.66567862932702
2922.8800819683074,-74.66609118609315,-74.66609118609315
2922.8900819683076,-74.66650013560171,-74.66650013560171
2922.9000819683074,-74.66690567812284,-74.66690567812284
2922.9100819683076,-74.6673080114124,-74.6673080114124
2922.9200819683074,-74.66770733071886,-74.66770733071886
2922.9300819683076,-74.66810382880607,-74.66810382880607
2922.9400819683074,-74.66849769596392,-74.66849769596392
2922.9500819683076,-74.66888912000728,-74.66888912000728
2922.9600819683073,-74.66927177508612,-74.66927177508612
2922.9700819683076,-74.66964299369555,-74.66964299369555
2922.9800819683073,-74.67000156902996,-74.67000156902996
2922.9900819683075,-74.67034696902913,-74.67034696902913
2923.0000819683073,-74.6706790365036,-74.6706790365036
2923.0100819683075,-74.6709978334733,-74.6709978334733
2923.0200819683073,-74.6713035498902,-74.6713035498902
2923.0300819683075,-74.67159644881797,-74.67159644881797
2923.0400819683073,-74.67187683349538,-74.67187683349538
2923.0500819683075,-74.67214502753207,-74.67214502753207
2923.0600819683077,-74.6724013631753,-74.6724013631753
2923.0700819683075,-74.67264617433028,-74.67264617433028
2923.0800819683077,-74.67287979260269,-74.67287979260269
2923.0900819683075,-74.67310254517602,-74.67310254517602
2923.1000819683077,-74.67331475368813,-74.67331475368813
2923.1100819683074,-74.67351673378387,-74.67351673378387
2923.1200819683077,-74.6737087951063,-74.6737087951063
2923.1300819683074,-74.67389124141079,-74.67389124141079
2923.1400819683076,-74.67406437083093,-74.67406437083093
2923.1500819921494,-74.67422847657656,-74.67422847657656
2923.1600819921496,-74.67438384566042,-74.67438384566042
2923.1700819921493,-74.67453076161351,-74.67453076161351
2923.1800819921496,-74.67466950311467,-74.67466950311467
2923.1900819921493,-74.67480034465714,-74.67480034465714
2923.2000819921495,-74.67492355679643,-74.67492355679643
2923.2100819921493,-74.67503940629553,-74.67503940629553
2923.2200819921495,-74.67514815633321,-74.67514815633321
2923.2300819921493,-74.67525006662636,-74.67525006662636
2923.2400819921495,-74.67534539355557,-74.67534539355557
2923.2500819921493,-74.67543439028374,-74.67543439028374
2923.2600819921495,-74.67551730681156,-74.67551730681156
2923.2700819921492,-74.67559439009976,-74.67559439009976
2923.2800819921495,-74.67566588409375,-74.67566588409375
2923.290081992149,-74.67573202979472,-74.67573202979472
2923.3000819921494,-74.67579306531606,-74.67579306531606
2923.310081992149,-74.67584922590608,-74.67584922590608
2923.3200819921494,-74.6759007439855,-74.6759007439855
2923.330081992149,-74.67594784917021,-74.67594784917021
2923.3400819921494,-74.67599076833004,-74.67599076833004
2923.350081992149,-74.67602972557634,-74.67602972557634
2923.3600819921494,-74.67606494228173,-74.67606494228173
2923.370081992149,-74.6760966371243,-74.6760966371243
2923.3800819921494,-74.67612502608519,-74.67612502608519
2923.390081992149,-74.67615032245925,-74.67615032245925
2923.4000819921494,-74.67617273687432,-74.67617273687432
2923.4100819921496,-74.676192477316,-74.676192477316
2923.4200819921493,-74.67620974912778,-74.67620974912778
2923.4300819921496,-74.67622475501553,-74.67622475501553
2923.4400819921493,-74.67623769507344,-74.67623769507344
2923.4500819921495,-74.67624876679548,-74.67624876679548
2923.4600819921493,-74.67625165445618,-74.67625165445618
2923.4700819921495,-74.67624370117021,-74.67624370117021
2923.4800819921493,-74.67622371078376,-74.67622371078376
2923.4900819921495,-74.67619116181216,-74.67619116181216
2923.5000819921493,-74.6761459075284,-74.6761459075284
2923.5100819921495,-74.67608802024527,-74.67608802024527
2923.5200819921492,-74.67601770002736,-74.67601770002736
2923.5300819921495,-74.67593521987133,-74.67593521987133
2923.540081992149,-74.67584089271597,-74.67584089271597
2923.5500819921494,-74.67573505169315,-74.67573505169315
2923.560081992149,-74.67561803830098,-74.67561803830098
2923.5700819921494,-74.67549019551991,-74.67549019551991
2923.580081992149,-74.67535186383553,-74.67535186383553
2923.5900819921494,-74.67520337907212,-74.67520337907212
2923.600081992149,-74.6750450713031,-74.6750450713031
2923.6100819921494,-74.67487726444102,-74.67487726444102
2923.620081992149,-74.67470027618222,-74.67470027618222
2923.6300819921494,-74.67451441814292,-74.67451441814292
2923.640081992149,-74.6743199961506,-74.6743199961506
2923.6500819921494,-74.67411731053079,-74.67411731053079
2923.6600819921496,-74.67390665643356,-74.67390665643356
2923.6700819921493,-74.67368832412149,-74.67368832412149
2923.6800819921496,-74.67346259927935,-74.67346259927935
2923.6900819921493,-74.67322976323968,-74.67322976323968
2923.7000819921495,-74.67299009320945,-74.67299009320945
2923.7100819921493,-74.67274386248101,-74.67274386248101
2923.7200819921495,-74.67249134058605,-74.67249134058605
2923.7300819921493,-74.67223279345949,-74.67223279345949
2923.7400819921495,-74.67196848354183,-74.67196848354183
2923.7500819921493,-74.6716986699148,-74.6716986699148
2923.7600819921495,-74.67142360836124,-74.67142360836124
2923.7700819921492,-74.67114355147612,-74.67114355147612
2923.7800819921495,-74.67085874870014,-74.67085874870014
2923.790081992149,-74.67056944640676,-74.67056944640676
2923.8000819921494,-74.6702758879358,-74.6702758879358
2923.810081992149,-74.66997831363507,-74.66997831363507
2923.8200819921494,-74.66967696090157,-74.66967696090157
2923.830081992149,-74.66937206421602,-74.66937206421602
2923.8400819921494,-74.66906385515266,-74.66906385515266
2923.850081992149,-74.6687525624251,-74.6687525624251
2923.8600819921494,-74.66843841190752,-74.66843841190752
2923.870081992149,-74.66812162663093,-74.66812162663093
2923.8800819921494,-74.66780242681776,-74.66780242681776
2923.890081992149,-74.66748102990141,-74.66748102990141
2923.9000819921494,-74.66715765053165,-74.66715765053165
2923.9100819921496,-74.66683250060375,-74.66683250060375
2923.9200819921493,-74.66650578925912,-74.66650578925912
2923.9300819921496,-74.66617772289914,-74.66617772289914
2923.9400819921493,-74.66584850520736,-74.66584850520736
2923.9500819921495,-74.66551833715845,-74.66551833715845
2923.9600819921493,-74.66518090851301,-74.66518090851301
2923.9700819921495,-74.66483356750201,-74.66483356750201
2923.9800819921493,-74.6644751228253,-74.6644751228253
2923.9900819921495,-74.66410505764925,-74.66410505764925
2924.000082015991,-74.6637232288288,-74.6637232288288
2924.0100820159914,-74.66332971476679,-74.66332971476679
2924.020082015991,-74.6629247188293,-74.6629247188293
2924.0300820159914,-74.6625085179799,-74.6625085179799
2924.040082015991,-74.66208142898033,-74.66208142898033
2924.0500820159914,-74.66164378858977,-74.66164378858977
2924.060082015991,-74.66119594179686,-74.66119594179686
2924.0700820159914,-74.66073823487834,-74.66073823487834
2924.080082015991,-74.66027101147733,-74.66027101147733
2924.0900820159914,-74.65979461040146,-74.65979461040146
2924.100082015991,-74.6593093645653,-74.6593093645653
2924.1100820159913,-74.65881560058831,-74.65881560058831
2924.120082015991,-74.658313638728,-74.658313638728
2924.1300820159913,-74.65780379303074,-74.65780379303074
2924.140082015991,-74.65728637161493,-74.65728637161493
2924.1500820159913,-74.65676167699127,-74.65676167699127
2924.160082015991,-74.65623000636006,-74.65623000636006
2924.1700820159913,-74.65569165192845,-74.65569165192845
2924.180082015991,-74.65514690120662,-74.65514690120662
2924.1900820159913,-74.6545960372454,-74.6545960372454
2924.200082015991,-74.65403933888486,-74.65403933888486
2924.2100820159912,-74.65347708092789,-74.65347708092789
2924.220082015991,-74.65290953434325,-74.65290953434325
2924.2300820159912,-74.6523369663855,-74.6523369663855
2924.240082015991,-74.65175964073023,-74.65175964073023
2924.250082015991,-74.65117781761042,-74.65117781761042
2924.2600820159914,-74.65059175387479,-74.65059175387479
2924.270082015991,-74.65000170309298,-74.65000170309298
2924.2800820159914,-74.64940791561817,-74.64940791561817
2924.290082015991,-74.6488106386332,-74.6488106386332
2924.3000820159914,-74.64821011622499,-74.64821011622499
2924.310082015991,-74.64760658940861,-74.64760658940861
2924.3200820159914,-74.64700029618051,-74.64700029618051
2924.330082015991,-74.64639147154615,-74.64639147154615
2924.3400820159914,-74.64578034753654,-74.64578034753654
2924.350082015991,-74.64516715326128,-74.64516715326128
2924.3600820159913,-74.64455211490204,-74.64455211490204
2924.370082015991,-74.64393545575209,-74.64393545575209
2924.3800820159913,-74.64331739624049,-74.64331739624049
2924.390082015991,-74.64269815392758,-74.64269815392758
2924.4000820159913,-74.64207794355161,-74.64207794355161
2924.410082015991,-74.64145697701484,-74.64145697701484
2924.4200820159913,-74.64083546342226,-74.64083546342226
2924.430082015991,-74.64021360907688,-74.64021360907688
2924.4400820159913,-74.63959161752386,-74.63959161752386
2924.450082015991,-74.63896968952638,-74.63896968952638
2924.4600820159912,-74.63834151795594,-74.63834151795594
2924.470082015991,-74.6377044530702,-74.6377044530702
2924.4800820159912,-74.63705730505042,-74.63705730505042
2924.490082015991,-74.63639955826912,-74.63639955826912
2924.500082015991,-74.6357310714865,-74.6357310714865
2924.5100820159914,-74.63505192217157,-74.63505192217157
2924.520082015991,-74.63436231524663,-74.63436231524663
2924.5300820159914,-74.63366252826005,-74.63366252826005
2924.540082015991,-74.6329528784081,-74.6329528784081
2924.5500820159914,-74.63223370276184,-74.63223370276184
2924.560082015991,-74.63150534650521,-74.63150534650521
2924.5700820159914,-74.63076815599707,-74.63076815599707
2924.580082015991,-74.63002247484508,-74.63002247484508
2924.5900820159914,-74.62926864172235,-74.62926864172235
2924.600082015991,-74.6285069893171,-74.6285069893171
2924.6100820159913,-74.62773784390042,-74.62773784390042
2924.620082015991,-74.62696152531808,-74.62696152531808
2924.6300820159913,-74.62617834709839,-74.62617834709839
2924.640082015991,-74.6253886167812,-74.6253886167812
2924.6500820159913,-74.62459263619631,-74.62459263619631
2924.660082015991,-74.62379070181225,-74.62379070181225
2924.6700820159913,-74.62298310502588,-74.62298310502588
2924.680082015991,-74.62217013246416,-74.62217013246416
2924.6900820159913,-74.62135206623829,-74.62135206623829
2924.700082015991,-74.62052918418301,-74.62052918418301
2924.7100820159912,-74.61970176004478,-74.61970176004478
2924.720082015991,-74.61887006366817,-74.61887006366817
2924.7300820159912,-74.61803436114387,-74.61803436114387
2924.740082015991,-74.61719491493523,-74.61719491493523
2924.750082015991,-74.61635198399551,-74.61635198399551
2924.7600820159914,-74.61550582387459,-74.61550582387459
2924.770082015991,-74.61465668677376,-74.61465668677376
2924.7800820159914,-74.61380482163676,-74.61380482163676
2924.790082015991,-74.61295047422182,-74.61295047422182
2924.8000820159914,-74.61209388712349,-74.61209388712349
2924.810082015991,-74.61123529984609,-74.61123529984609
2924.8200820159914,-74.61037494882116,-74.61037494882116
2924.830082015991,-74.60951306746416,-74.60951306746416
2924.8400820159914,-74.60864988618425,-74.60864988618425
2924.850082039833,-74.60778563037167,-74.60778563037167
2924.8600820398333,-74.60692052863456,-74.60692052863456
2924.870082039833,-74.60605480050394,-74.60605480050394
2924.8800820398333,-74.60518866464737,-74.60518866464737
2924.890082039833,-74.60432233685619,-74.60432233685619
2924.9000820398333,-74.60345603006165,-74.60345603006165
2924.910082039833,-74.60258995433824,-74.60258995433824
2924.9200820398332,-74.60172431693563,-74.60172431693563
2924.930082039833,-74.600859322288,-74.600859322288
2924.940082039833,-74.59999517202752,-74.59999517202752
2924.950082039833,-74.59913206500772,-74.59913206500772
2924.960082039833,-74.5982701973155,-74.5982701973155
2924.970082039833,-74.59740976227886,-74.59740976227886
2924.980082039833,-74.59655095049347,-74.59655095049347
2924.990082039833,-74.59569394983903,-74.59569394983903
2925.000082039833,-74.59483894548515,-74.59483894548515
2925.010082039833,-74.59398611992357,-74.59398611992357
2925.020082039833,-74.5931356529716,-74.5931356529716
2925.030082039833,-74.59228772178662,-74.59228772178662
2925.040082039833,-74.59144250090267,-74.59144250090267
2925.050082039833,-74.59060016223172,-74.59060016223172
2925.060082039833,-74.5897608750822,-74.5897608750822
2925.070082039833,-74.58892480619446,-74.58892480619446
2925.080082039833,-74.5880921197354,-74.5880921197354
2925.090082039833,-74.58726297733163,-74.58726297733163
2925.100082039833,-74.58643753809199,-74.58643753809199
2925.1100820398333,-74.58561595862108,-74.58561595862108
2925.120082039833,-74.58479839302579,-74.58479839302579
2925.1300820398333,-74.58398499296905,-74.58398499296905
2925.140082039833,-74.58317590766436,-74.58317590766436
2925.1500820398333,-74.58237128390577,-74.58237128390577
2925.160082039833,-74.58157126608111,-74.58157126608111
2925.1700820398332,-74.58077599619658,-74.58077599619658
2925.180082039833,-74.57998561390886,-74.57998561390886
2925.190082039833,-74.57920025653812,-74.57920025653812
2925.200082039833,-74.57842005908387,-74.57842005908387
2925.210082039833,-74.57764515425366,-74.57764515425366
2925.220082039833,-74.5768756724991,-74.5768756724991
2925.230082039833,-74.5761117419967,-74.5761117419967
2925.240082039833,-74.57535348872506,-74.57535348872506
2925.250082039833,-74.57460103644283,-74.57460103644283
2925.260082039833,-74.57385450672787,-74.57385450672787
2925.270082039833,-74.57311401900458,-74.57311401900458
2925.280082039833,-74.57237969056226,-74.57237969056226
2925.290082039833,-74.57165163657467,-74.57165163657467
2925.300082039833,-74.5709299701288,-74.5709299701288
2925.310082039833,-74.57021480223997,-74.57021480223997
2925.320082039833,-74.5695062418787,-74.5695062418787
2925.330082039833,-74.5688043959975,-74.5688043959975
2925.340082039833,-74.56810936953624,-74.56810936953624
2925.350082039833,-74.5674212654767,-74.5674212654767
2925.3600820398333,-74.56674018483235,-74.56674018483235
2925.370082039833,-74.56606622669426,-74.56606622669426
2925.3800820398333,-74.5653994882385,-74.5653994882385
2925.390082039833,-74.56474006475463,-74.56474006475463
2925.4000820398333,-74.56408804966892,-74.56408804966892
2925.410082039833,-74.5634435345675,-74.5634435345675
2925.4200820398332,-74.56280660920531,-74.56280660920531
2925.430082039833,-74.56217736156046,-74.56217736156046
2925.440082039833,-74.56155587781063,-74.56155587781063
2925.450082039833,-74.56094224239217,-74.56094224239217
2925.460082039833,-74.56033653801394,-74.56033653801394
2925.470082039833,-74.55973884566892,-74.55973884566892
2925.480082039833,-74.55914924464884,-74.55914924464884
2925.490082039833,-74.55856781259571,-74.55856781259571
2925.500082039833,-74.55799462549439,-74.55799462549439
2925.510082039833,-74.55742975771005,-74.55742975771005
2925.520082039833,-74.55687328198863,-74.55687328198863
2925.530082039833,-74.55632526951993,-74.55632526951993
2925.540082039833,-74.55578578989375,-74.55578578989375
2925.550082039833,-74.5552549111893,-74.5552549111893
2925.560082039833,-74.55473269993661,-74.55473269993661
2925.570082039833,-74.55421922118977,-74.55421922118977
2925.580082039833,-74.55371453849506,-74.55371453849506
2925.590082039833,-74.5532187139529,-74.5532187139529
2925.600082039833,-74.55273180821229,-74.55273180821229
2925.6100820398333,-74.5522538804979,-74.5522538804979
2925.620082039833,-74.55178498863026,-74.55178498863026
2925.6300820398333,-74.55132518905025,-74.55132518905025
2925.640082039833,-74.5508745368216,-74.5508745368216
2925.6500820398333,-74.55043308566779,-74.55043308566779
2925.660082039833,-74.55000088798842,-74.55000088798842
2925.6700820398332,-74.5495779948505,-74.5495779948505
2925.680082039833,-74.54916445604414,-74.54916445604414
2925.690082039833,-74.54876032008158,-74.54876032008158
2925.700082063675,-74.54836563328082,-74.54836563328082
2925.710082063675,-74.54797394574489,-74.54797394574489
2925.720082063675,-74.54758245953806,-74.54758245953806
2925.730082063675,-74.54718983745688,-74.54718983745688
2925.740082063675,-74.54679541723299,-74.54679541723299
2925.750082063675,-74.5463989120626,-74.5463989120626
2925.760082063675,-74.54600025508309,-74.54600025508309
2925.770082063675,-74.54559950819613,-74.54559950819613
2925.780082063675,-74.54519680730975,-74.54519680730975
2925.790082063675,-74.54479232935853,-74.54479232935853
2925.800082063675,-74.5443862725906,-74.5443862725906
2925.810082063675,-74.54397884476188,-74.54397884476188
2925.820082063675,-74.54357025626692,-74.54357025626692
2925.830082063675,-74.54316071615,-74.54316071615
2925.840082063675,-74.54275042999596,-74.54275042999596
2925.850082063675,-74.54233959883938,-74.54233959883938
2925.860082063675,-74.54192841875009,-74.54192841875009
2925.870082063675,-74.5415170807982,-74.5415170807982
2925.8800820636748,-74.54110577121737,-74.54110577121737
2925.890082063675,-74.54069467166758,-74.54069467166758
2925.9000820636747,-74.5402839595721,-74.5402839595721
2925.910082063675,-74.5398738083999,-74.5398738083999
2925.9200820636747,-74.53946438801611,-74.53946438801611
2925.930082063675,-74.53905586493883,-74.53905586493883
2925.9400820636747,-74.53864840260633,-74.53864840260633
2925.950082063675,-74.53824216159586,-74.53824216159586
2925.960082063675,-74.53783729981485,-74.53783729981485
2925.970082063675,-74.537433972694,-74.537433972694
2925.980082063675,-74.5370323333002,-74.5370323333002
2925.990082063675,-74.53663253247579,-74.53663253247579
2926.000082063675,-74.53623471895126,-74.53623471895126
2926.010082063675,-74.53583903942132,-74.53583903942132
2926.020082063675,-74.53544563862172,-74.53544563862172
2926.030082063675,-74.53505465939473,-74.53505465939473
2926.040082063675,-74.53466624274114,-74.53466624274114
2926.050082063675,-74.53428052785071,-74.53428052785071
2926.060082063675,-74.53389765216203,-74.53389765216203
2926.070082063675,-74.5335177513713,-74.5335177513713
2926.080082063675,-74.53314095945795,-74.53314095945795
2926.090082063675,-74.5327674087291,-74.5327674087291
2926.100082063675,-74.53239722979912,-74.53239722979912
2926.110082063675,-74.53203055163648,-74.53203055163648
2926.120082063675,-74.53166750154935,-74.53166750154935
2926.1300820636748,-74.53130820521703,-74.53130820521703
2926.140082063675,-74.5309527866751,-74.5309527866751
2926.1500820636747,-74.53060136834834,-74.53060136834834
2926.160082063675,-74.53025407103134,-74.53025407103134
2926.1700820636747,-74.5299110139096,-74.5299110139096
2926.180082063675,-74.5295723145638,-74.5295723145638
2926.1900820636747,-74.52923808894893,-74.52923808894893
2926.200082063675,-74.52890845144022,-74.52890845144022
2926.210082063675,-74.5285835148008,-74.5285835148008
2926.220082063675,-74.52826339021408,-74.52826339021408
2926.230082063675,-74.52794818725981,-74.52794818725981
2926.240082063675,-74.5276380139296,-74.5276380139296
2926.250082063675,-74.52733297664454,-74.52733297664454
2926.260082063675,-74.5270331802454,-74.5270331802454
2926.270082063675,-74.52673872798809,-74.52673872798809
2926.280082063675,-74.52644972156845,-74.52644972156845
2926.290082063675,-74.52616626113291,-74.52616626113291
2926.300082063675,-74.52588844525015,-74.52588844525015
2926.310082063675,-74.52561637095255,-74.52561637095255
2926.320082063675,-74.52535013372345,-74.52535013372345
2926.330082063675,-74.52508982750197,-74.52508982750197
2926.340082063675,-74.5248355447055,-74.5248355447055
2926.350082063675,-74.52458737623793,-74.52458737623793
2926.360082063675,-74.52434541147575,-74.52434541147575
2926.370082063675,-74.52410973828233,-74.52410973828233
2926.3800820636748,-74.52388044304381,-74.52388044304381
2926.390082063675,-74.52365761064594,-74.52365761064594
2926.4000820636747,-74.52344132449272,-74.52344132449272
2926.410082063675,-74.52323166651722,-74.52323166651722
2926.4200820636747,-74.52302871720302,-74.52302871720302
2926.430082063675,-74.52283255556699,-74.52283255556699
2926.4400820636747,-74.5226432592029,-74.5226432592029
2926.450082063675,-74.52246090426597,-74.52246090426597
2926.460082063675,-74.52227906930763,-74.52227906930763
2926.470082063675,-74.52209498618217,-74.52209498618217
2926.480082063675,-74.52190734584389,-74.52190734584389
2926.490082063675,-74.521715513768,-74.521715513768
2926.500082063675,-74.52151923057329,-74.52151923057329
2926.510082063675,-74.5213184565788,-74.5213184565788
2926.520082063675,-74.52111328064095,-74.52111328064095
2926.530082063675,-74.5209038654093,-74.5209038654093
2926.540082063675,-74.5206904143796,-74.5206904143796
2926.550082087517,-74.52047315165119,-74.52047315165119
2926.560082087517,-74.52025231218583,-74.52025231218583
2926.5700820875168,-74.52002813186044,-74.52002813186044
2926.580082087517,-74.51980084552336,-74.51980084552336
2926.5900820875167,-74.51957068436249,-74.51957068436249
2926.600082087517,-74.51933787480678,-74.51933787480678
2926.6100820875167,-74.51910263813245,-74.51910263813245
2926.620082087517,-74.51886519038922,-74.51886519038922
2926.6300820875167,-74.51862574258836,-74.51862574258836
2926.640082087517,-74.51838450094914,-74.51838450094914
2926.6500820875167,-74.51814166721921,-74.51814166721921
2926.660082087517,-74.51789743900449,-74.51789743900449
2926.6700820875167,-74.51765201004966,-74.51765201004966
2926.680082087517,-74.51740557053736,-74.51740557053736
2926.6900820875167,-74.51715830735101,-74.51715830735101
2926.700082087517,-74.51691040425999,-74.51691040425999
2926.7100820875166,-74.51666204215822,-74.51666204215822
2926.720082087517,-74.51641339920056,-74.51641339920056
2926.7300820875166,-74.51616465096602,-74.51616465096602
2926.740082087517,-74.51591597057494,-74.51591597057494
2926.7500820875166,-74.5156675287894,-74.5156675287894
2926.760082087517,-74.51541949410931,-74.51541949410931
2926.7700820875166,-74.51517203282938,-74.51517203282938
2926.780082087517,-74.51492530911906,-74.51492530911906
2926.7900820875166,-74.5146794850742,-74.5146794850742
2926.800082087517,-74.51443472075228,-74.51443472075228
2926.810082087517,-74.51419117420997,-74.51419117420997
2926.8200820875168,-74.5139490015339,-74.5139490015339
2926.830082087517,-74.51370835686649,-74.51370835686649
2926.8400820875167,-74.51346939243733,-74.51346939243733
2926.850082087517,-74.51323225855985,-74.51323225855985
2926.8600820875167,-74.51299710366534,-74.51299710366534
2926.870082087517,-74.5127640742954,-74.5127640742954
2926.8800820875167,-74.51253331513904,-74.51253331513904
2926.890082087517,-74.51230496901567,-74.51230496901567
2926.9000820875167,-74.5120791769064,-74.5120791769064
2926.910082087517,-74.51185607793406,-74.51185607793406
2926.9200820875167,-74.51163580939166,-74.51163580939166
2926.930082087517,-74.51141850674409,-74.51141850674409
2926.9400820875167,-74.51120430363504,-74.51120430363504
2926.950082087517,-74.51099333187364,-74.51099333187364
2926.9600820875166,-74.51078572146999,-74.51078572146999
2926.970082087517,-74.51058160061629,-74.51058160061629
2926.9800820875166,-74.51038109571036,-74.51038109571036
2926.990082087517,-74.5101843313424,-74.5101843313424
2927.0000820875166,-74.50999143032391,-74.50999143032391
2927.010082087517,-74.50980251366799,-74.50980251366799
2927.0200820875166,-74.5096177006221,-74.5096177006221
2927.030082087517,-74.50943710864894,-74.50943710864894
2927.0400820875166,-74.50926085346174,-74.50926085346174
2927.050082087517,-74.50908904901111,-74.50908904901111
2927.060082087517,-74.50892180750311,-74.50892180750311
2927.0700820875168,-74.50875923939816,-74.50875923939816
2927.080082087517,-74.50860145343492,-74.50860145343492
2927.0900820875167,-74.50844855662312,-74.50844855662312
2927.100082087517,-74.50830065425514,-74.50830065425514
2927.1100820875167,-74.50815784993591,-74.50815784993591
2927.120082087517,-74.50802024557093,-74.50802024557093
2927.1300820875167,-74.50788794138734,-74.50788794138734
2927.140082087517,-74.5077610359315,-74.5077610359315
2927.1500820875167,-74.50763962611349,-74.50763962611349
2927.160082087517,-74.50752380717091,-74.50752380717091
2927.1700820875167,-74.5074136727154,-74.5074136727154
2927.180082087517,-74.50730931473446,-74.50730931473446
2927.1900820875167,-74.50721082361298,-74.50721082361298
2927.200082087517,-74.50711828811689,-74.50711828811689
2927.2100820875166,-74.50703179545019,-74.50703179545019
2927.220082087517,-74.5069514312264,-74.5069514312264
2927.2300820875166,-74.50687727950495,-74.50687727950495
2927.240082087517,-74.50680942278527,-74.50680942278527
2927.2500820875166,-74.50674794206338,-74.50674794206338
2927.260082087517,-74.50669291679426,-74.50669291679426
2927.2700820875166,-74.50664442493098,-74.50664442493098
2927.280082087517,-74.506602542933,-74.506602542933
2927.2900820875166,-74.5065673457876,-74.5065673457876
2927.300082087517,-74.50653890702041,-74.50653890702041
2927.310082087517,-74.50651729870226,-74.50651729870226
2927.3200820875168,-74.50650259147392,-74.50650259147392
2927.330082087517,-74.50649485455293,-74.50649485455293
2927.3400820875167,-74.5064941557579,-74.5064941557579
2927.350082087517,-74.50650056150883,-74.50650056150883
2927.3600820875167,-74.50651413686087,-74.50651413686087
2927.370082087517,-74.5065349454902,-74.5065349454902
2927.3800820875167,-74.5065630497401,-74.5065630497401
2927.390082087517,-74.50659851062741,-74.50659851062741
2927.4000821113586,-74.5066413879438,-74.5066413879438
2927.410082111359,-74.50669173989901,-74.50669173989901
2927.4200821113586,-74.50674962366615,-74.50674962366615
2927.430082111359,-74.50681509507571,-74.50681509507571
2927.4400821113586,-74.50688820870198,-74.50688820870198
2927.450082111359,-74.50696901788305,-74.50696901788305
2927.4600821113586,-74.50705107900792,-74.50705107900792
2927.470082111359,-74.50713160110124,-74.50713160110124
2927.4800821113586,-74.50720925219667,-74.50720925219667
2927.490082111359,-74.5072833749026,-74.5072833749026
2927.5000821113586,-74.50735368713158,-74.50735368713158
2927.5100821113588,-74.50742012664853,-74.50742012664853
2927.5200821113585,-74.50748275999374,-74.50748275999374
2927.5300821113588,-74.50754172772558,-74.50754172772558
2927.5400821113585,-74.50759721149595,-74.50759721149595
2927.5500821113587,-74.5076494143146,-74.5076494143146
2927.5600821113585,-74.50769854879118,-74.50769854879118
2927.5700821113587,-74.50774483021296,-74.50774483021296
2927.5800821113585,-74.5077884726252,-74.5077884726252
2927.5900821113587,-74.50782968664494,-74.50782968664494
2927.6000821113585,-74.50786867840348,-74.50786867840348
2927.6100821113587,-74.50790564911975,-74.50790564911975
2927.6200821113584,-74.50794079506268,-74.50794079506268
2927.6300821113587,-74.50797430769991,-74.50797430769991
2927.6400821113584,-74.50800637397435,-74.50800637397435
2927.6500821113586,-74.50803717659882,-74.50803717659882
2927.660082111359,-74.5080668943979,-74.5080668943979
2927.6700821113586,-74.50809570258185,-74.50809570258185
2927.680082111359,-74.50812377304912,-74.50812377304912
2927.6900821113586,-74.50815127462602,-74.50815127462602
2927.700082111359,-74.50817837329382,-74.50817837329382
2927.7100821113586,-74.50820523239007,-74.50820523239007
2927.720082111359,-74.50823201274083,-74.50823201274083
2927.7300821113586,-74.5082588728583,-74.5082588728583
2927.740082111359,-74.50828596900475,-74.50828596900475
2927.7500821113586,-74.50831345534432,-74.50831345534432
2927.7600821113588,-74.50834148399204,-74.50834148399204
2927.7700821113585,-74.5083702051059,-74.5083702051059
2927.7800821113588,-74.50839976694517,-74.50839976694517
2927.7900821113585,-74.50843031591687,-74.50843031591687
2927.8000821113587,-74.50846199661781,-74.50846199661781
2927.8100821113585,-74.5084949518707,-74.5084949518707
2927.8200821113587,-74.50852932275377,-74.50852932275377
2927.8300821113585,-74.50856524862539,-74.50856524862539
2927.8400821113587,-74.5086028671348,-74.5086028671348
2927.8500821113585,-74.50864231425346,-74.50864231425346
2927.8600821113587,-74.50868372426557,-74.50868372426557
2927.8700821113584,-74.50872722979226,-74.50872722979226
2927.8800821113587,-74.50877296181012,-74.50877296181012
2927.8900821113584,-74.50882104964349,-74.50882104964349
2927.9000821113586,-74.50887162096816,-74.50887162096816
2927.910082111359,-74.50892480182665,-74.50892480182665
2927.9200821113586,-74.50898071663602,-74.50898071663602
2927.930082111359,-74.50903948816578,-74.50903948816578
2927.9400821113586,-74.50910123758152,-74.50910123758152
2927.950082111359,-74.50916608442296,-74.50916608442296
2927.9600821113586,-74.50923414660079,-74.50923414660079
2927.970082111359,-74.50930554041113,-74.50930554041113
2927.9800821113586,-74.5093803805606,-74.5093803805606
2927.990082111359,-74.50945878011942,-74.50945878011942
2928.0000821113586,-74.50954085057955,-74.50954085057955
2928.0100821113588,-74.50962670182038,-74.50962670182038
2928.0200821113585,-74.50971644213021,-74.50971644213021
2928.0300821113588,-74.50981017820324,-74.50981017820324
2928.0400821113585,-74.50990801516045,-74.50990801516045
2928.0500821113587,-74.51001005654497,-74.51001005654497
2928.0600821113585,-74.51011640430923,-74.51011640430923
2928.0700821113587,-74.51022715886064,-74.51022715886064
2928.0800821113585,-74.51034241903702,-74.51034241903702
2928.0900821113587,-74.51046228212294,-74.51046228212294
2928.1000821113585,-74.51058684387071,-74.51058684387071
2928.1100821113587,-74.51071619848346,-74.51071619848346
2928.1200821113584,-74.51085043863796,-74.51085043863796
2928.1300821113587,-74.51098965549964,-74.51098965549964
2928.1400821113584,-74.51113393870806,-74.51113393870806
2928.1500821113586,-74.51128337641374,-74.51128337641374
2928.160082111359,-74.5114380552684,-74.5114380552684
2928.1700821113586,-74.51159806045337,-74.51159806045337
2928.180082111359,-74.51176347566559,-74.51176347566559
2928.1900821113586,-74.51193438314013,-74.51193438314013
2928.200082111359,-74.51211086366109,-74.51211086366109
2928.2100821113586,-74.51228650008832,-74.51228650008832
2928.220082111359,-74.5124585278533,-74.5124585278533
2928.2300821113586,-74.51262564125065,-74.51262564125065
2928.240082111359,-74.51278720898209,-74.51278720898209
2928.2500821352005,-74.5129429752266,-74.5129429752266
2928.2600821352007,-74.51309290270275,-74.51309290270275
2928.2700821352005,-74.5132370838512,-74.5132370838512
2928.2800821352007,-74.51337568452348,-74.51337568452348
2928.2900821352005,-74.5135089115031,-74.5135089115031
2928.3000821352007,-74.51363699271988,-74.51363699271988
2928.3100821352004,-74.51376016550483,-74.51376016550483
2928.3200821352007,-74.5138786696696,-74.5138786696696
2928.3300821352004,-74.51399274355775,-74.51399274355775
2928.3400821352006,-74.51410262189358,-74.51410262189358
2928.3500821352004,-74.5142085347091,-74.5142085347091
2928.3600821352006,-74.51431070689722,-74.51431070689722
2928.3700821352004,-74.51440935819389,-74.51440935819389
2928.3800821352006,-74.51450470331865,-74.51450470331865
2928.3900821352004,-74.51459695223242,-74.51459695223242
2928.4000821352006,-74.51468631044833,-74.51468631044833
2928.4100821352004,-74.5147729793802,-74.5147729793802
2928.4200821352006,-74.51485715658502,-74.51485715658502
2928.4300821352003,-74.5149390360894,-74.5149390360894
2928.4400821352006,-74.51501880862095,-74.51501880862095
2928.4500821352003,-74.51509666183838,-74.51509666183838
2928.4600821352005,-74.51516628408692,-74.51516628408692
2928.4700821352003,-74.51522501519163,-74.51522501519163
2928.4800821352005,-74.5152716527565,-74.5152716527565
2928.4900821352003,-74.51530566777063,-74.51530566777063
2928.5000821352005,-74.51532690542786,-74.51532690542786
2928.5100821352007,-74.5153354297274,-74.5153354297274
2928.5200821352005,-74.51533143245237,-74.51533143245237
2928.5300821352007,-74.51531517844408,-74.51531517844408
2928.5400821352005,-74.51528697277277,-74.51528697277277
2928.5500821352007,-74.51524714095834,-74.51524714095834
2928.5600821352004,-74.51519601728155,-74.51519601728155
2928.5700821352007,-74.51513393786428,-74.51513393786428
2928.5800821352004,-74.51506123672597,-74.51506123672597
2928.5900821352006,-74.51497824362312,-74.51497824362312
2928.6000821352004,-74.51488528301012,-74.51488528301012
2928.6100821352006,-74.5147826735837,-74.5147826735837
2928.6200821352004,-74.51467072824656,-74.51467072824656
2928.6300821352006,-74.51454975424254,-74.51454975424254
2928.6400821352004,-74.5144200534353,-74.5144200534353
2928.6500821352006,-74.51428192259847,-74.51428192259847
2928.6600821352004,-74.51413565372022,-74.51413565372022
2928.6700821352006,-74.51398153430702,-74.51398153430702
2928.6800821352003,-74.5138198476409,-74.5138198476409
2928.6900821352006,-74.51365087303331,-74.51365087303331
2928.7000821352003,-74.51347488603135,-74.51347488603135
2928.7100821352005,-74.51329215859712,-74.51329215859712
2928.7200821352003,-74.51310295927503,-74.51310295927503
2928.7300821352005,-74.51290755331465,-74.51290755331465
2928.7400821352003,-74.51270620279895,-74.51270620279895
2928.7500821352005,-74.51249916672495,-74.51249916672495
2928.7600821352007,-74.51228670107486,-74.51228670107486
2928.7700821352005,-74.51206905891439,-74.51206905891439
2928.7800821352007,-74.51184649041242,-74.51184649041242
2928.7900821352005,-74.51161924290854,-74.51161924290854
2928.8000821352007,-74.51138756093422,-74.51138756093422
2928.8100821352004,-74.51115168625637,-74.51115168625637
2928.8200821352007,-74.51091185789102,-74.51091185789102
2928.8300821352004,-74.51066831213078,-74.51066831213078
2928.8400821352006,-74.51042128255435,-74.51042128255435
2928.8500821352004,-74.5101710000505,-74.5101710000505
2928.8600821352006,-74.50991769281953,-74.50991769281953
2928.8700821352004,-74.50966158638614,-74.50966158638614
2928.8800821352006,-74.50940290360774,-74.50940290360774
2928.8900821352004,-74.50914186468525,-74.50914186468525
2928.9000821352006,-74.50887868715317,-74.50887868715317
2928.9100821352004,-74.508613585918,-74.508613585918
2928.9200821352006,-74.50834677323382,-74.50834677323382
2928.9300821352003,-74.50807845870226,-74.50807845870226
2928.9400821352006,-74.50780884932743,-74.50780884932743
2928.9500821352003,-74.50753814945882,-74.50753814945882
2928.9600821352005,-74.50726656083643,-74.50726656083643
2928.9700821352003,-74.50699428259533,-74.50699428259533
2928.9800821352005,-74.50672151126221,-74.50672151126221
2928.9900821352003,-74.50644844077237,-74.50644844077237
2929.0000821352005,-74.50617526246224,-74.50617526246224
2929.0100821352007,-74.50590216509617,-74.50590216509617
2929.0200821352005,-74.50562933487055,-74.50562933487055
2929.0300821352007,-74.50535695541498,-74.50535695541498
2929.0400821352005,-74.5050852078171,-74.5050852078171
2929.0500821352007,-74.50481427062306,-74.50481427062306
2929.0600821352004,-74.5045443198662,-74.5045443198662
2929.0700821352007,-74.50427552904006,-74.50427552904006
2929.0800821352004,-74.50400806917149,-74.50400806917149
2929.0900821352006,-74.50374210878145,-74.50374210878145
2929.1000821590424,-74.50347781328146,-74.50347781328146
2929.1100821590426,-74.50321534754467,-74.50321534754467
2929.1200821590423,-74.50295487208945,-74.50295487208945
2929.1300821590426,-74.50269654563769,-74.50269654563769
2929.1400821590423,-74.50244052450908,-74.50244052450908
2929.1500821590425,-74.50218696263657,-74.50218696263657
2929.1600821590423,-74.50193601156393,-74.50193601156393
2929.1700821590425,-74.50168782048462,-74.50168782048462
2929.1800821590423,-74.50144253624569,-74.50144253624569
2929.1900821590425,-74.50120030338006,-74.50120030338006
2929.2000821590423,-74.50096126411499,-74.50096126411499
2929.2100821590425,-74.50071906427154,-74.50071906427154
2929.2200821590422,-74.50047100100174,-74.50047100100174
2929.2300821590425,-74.50021582921605,-74.50021582921605
2929.2400821590422,-74.49995297729838,-74.49995297729838
2929.2500821590424,-74.49968224780847,-74.49968224780847
2929.260082159042,-74.49940366212407,-74.49940366212407
2929.2700821590424,-74.49911736932572,-74.49911736932572
2929.280082159042,-74.49882359148063,-74.49882359148063
2929.2900821590424,-74.49852259071912,-74.49852259071912
2929.300082159042,-74.49821464951329,-74.49821464951329
2929.3100821590424,-74.49790005891771,-74.49790005891771
2929.320082159042,-74.49757911168486,-74.49757911168486
2929.3300821590424,-74.49725209828776,-74.49725209828776
2929.340082159042,-74.49691930480117,-74.49691930480117
2929.3500821590424,-74.49658101183323,-74.49658101183323
2929.3600821590426,-74.49623749411191,-74.49623749411191
2929.3700821590423,-74.49588902043801,-74.49588902043801
2929.3800821590426,-74.49553585384017,-74.49553585384017
2929.3900821590423,-74.49517825188288,-74.49517825188288
2929.4000821590425,-74.49481646696209,-74.49481646696209
2929.4100821590423,-74.49445074663001,-74.49445074663001
2929.4200821590425,-74.49408133390928,-74.49408133390928
2929.4300821590423,-74.49370846758221,-74.49370846758221
2929.4400821590425,-74.49333238245178,-74.49333238245178
2929.4500821590423,-74.49295330957885,-74.49295330957885
2929.4600821590425,-74.49257147645179,-74.49257147645179
2929.4700821590422,-74.49218710721392,-74.49218710721392
2929.4800821590425,-74.49180042276016,-74.49180042276016
2929.4900821590422,-74.49141164090926,-74.49141164090926
2929.5000821590424,-74.49102097648858,-74.49102097648858
2929.510082159042,-74.4906286414362,-74.4906286414362
2929.5200821590424,-74.49023484490309,-74.49023484490309
2929.530082159042,-74.48983979327278,-74.48983979327278
2929.5400821590424,-74.48944369028264,-74.48944369028264
2929.550082159042,-74.4890467370256,-74.4890467370256
2929.5600821590424,-74.48864913201588,-74.48864913201588
2929.570082159042,-74.4882510712133,-74.4882510712133
2929.5800821590424,-74.4878527480767,-74.4878527480767
2929.590082159042,-74.48745435356902,-74.48745435356902
2929.6000821590424,-74.4870560761932,-74.4870560761932
2929.6100821590426,-74.48665810202009,-74.48665810202009
2929.6200821590423,-74.48626061468373,-74.48626061468373
2929.6300821590426,-74.48586379543039,-74.48586379543039
2929.6400821590423,-74.48546782311169,-74.48546782311169
2929.6500821590425,-74.48507287420516,-74.48507287420516
2929.6600821590423,-74.48467912284313,-74.48467912284313
2929.6700821590425,-74.48428674077526,-74.48428674077526
2929.6800821590423,-74.48389589746618,-74.48389589746618
2929.6900821590425,-74.48350676001459,-74.48350676001459
2929.7000821590423,-74.48311949324389,-74.48311949324389
2929.7100821590425,-74.48272776767381,-74.48272776767381
2929.7200821590422,-74.48232890433626,-74.48232890433626
2929.7300821590425,-74.48192168169024,-74.48192168169024
2929.7400821590422,-74.48150555142709,-74.48150555142709
2929.7500821590424,-74.48108033932276,-74.48108033932276
2929.760082159042,-74.48064608983447,-74.48064608983447
2929.7700821590424,-74.48020297501046,-74.48020297501046
2929.780082159042,-74.47975123978271,-74.47975123978271
2929.7900821590424,-74.47929116904344,-74.47929116904344
2929.800082159042,-74.4788230679156,-74.4788230679156
2929.8100821590424,-74.47834724998376,-74.47834724998376
2929.820082159042,-74.47786403039032,-74.47786403039032
2929.8300821590424,-74.47737372190849,-74.47737372190849
2929.840082159042,-74.47687663276818,-74.47687663276818
2929.8500821590424,-74.47637306557932,-74.47637306557932
2929.8600821590426,-74.47580798931625,-74.47580798931625
2929.8700821590423,-74.47516908560777,-74.47516908560777
2929.8800821590426,-74.47445323378251,-74.47445323378251
2929.8900821590423,-74.47365904132221,-74.47365904132221
2929.9000821590425,-74.47278558141562,-74.47278558141562
2929.9100821590423,-74.47183217986796,-74.47183217986796
2929.9200821590425,-74.47079836859783,-74.47079836859783
2929.9300821590423,-74.46968386483823,-74.46968386483823
2929.9400821590425,-74.4684885541703,-74.4684885541703
2929.950082182884,-74.46721247130556,-74.46721247130556
2929.9600821828844,-74.46585579633519,-74.46585579633519
2929.970082182884,-74.46441882265688,-74.46441882265688
2929.9800821828844,-74.46290195397538,-74.46290195397538
2929.990082182884,-74.46130568893277,-74.46130568893277
2930.0000821828844,-74.45963060927626,-74.45963060927626
2930.010082182884,-74.45787736925503,-74.45787736925503
2930.0200821828844,-74.45604668608387,-74.45604668608387
2930.030082182884,-74.45413933148512,-74.45413933148512
2930.0400821828844,-74.45215612417826,-74.45215612417826
2930.050082182884,-74.45009792326307,-74.45009792326307
2930.0600821828843,-74.44796562236161,-74.44796562236161
2930.070082182884,-74.44576014450558,-74.44576014450558
2930.0800821828843,-74.44348243759137,-74.44348243759137
2930.090082182884,-74.44113347041703,-74.44113347041703
2930.1000821828843,-74.43871422920377,-74.43871422920377
2930.110082182884,-74.43622571452138,-74.43622571452138
2930.1200821828843,-74.43366893857684,-74.43366893857684
2930.130082182884,-74.43104492284648,-74.43104492284648
2930.1400821828843,-74.4283546959903,-74.4283546959903
2930.150082182884,-74.42559929198578,-74.42559929198578
2930.1600821828843,-74.42277974851756,-74.42277974851756
2930.170082182884,-74.4198971055246,-74.4198971055246
2930.1800821828842,-74.41695240392723,-74.41695240392723
2930.190082182884,-74.4139466845015,-74.4139466845015
2930.200082182884,-74.41088098687112,-74.41088098687112
2930.2100821828844,-74.40775634862786,-74.40775634862786
2930.220082182884,-74.40457380455543,-74.40457380455543
2930.2300821828844,-74.40133438587657,-74.40133438587657
2930.240082182884,-74.3980391197104,-74.3980391197104
2930.2500821828844,-74.3946890284443,-74.3946890284443
2930.260082182884,-74.39128512927195,-74.39128512927195
2930.2700821828844,-74.38782843375658,-74.38782843375658
2930.280082182884,-74.38431994742686,-74.38431994742686
2930.2900821828844,-74.38076066943952,-74.38076066943952
2930.300082182884,-74.37715159224344,-74.37715159224344
2930.3100821828843,-74.37349370132256,-74.37349370132256
2930.320082182884,-74.36978797494469,-74.36978797494469
2930.3300821828843,-74.36603538394213,-74.36603538394213
2930.340082182884,-74.36223689151198,-74.36223689151198
2930.3500821828843,-74.35839345304163,-74.35839345304163
2930.360082182884,-74.35450601596376,-74.35450601596376
2930.3700821828843,-74.35057551960303,-74.35057551960303
2930.380082182884,-74.34660289508035,-74.34660289508035
2930.3900821828843,-74.34258906520962,-74.34258906520962
2930.400082182884,-74.33853494437847,-74.33853494437847
2930.4100821828843,-74.33444143849299,-74.33444143849299
2930.420082182884,-74.33030944490145,-74.33030944490145
2930.4300821828842,-74.32613985234828,-74.32613985234828
2930.440082182884,-74.32193354091676,-74.32193354091676
2930.450082182884,-74.3176913819904,-74.3176913819904
2930.4600821828844,-74.313414238235,-74.313414238235
2930.470082182884,-74.30910296356252,-74.30910296356252
2930.4800821828844,-74.30475840309983,-74.30475840309983
2930.490082182884,-74.30038139321523,-74.30038139321523
2930.5000821828844,-74.29597276148777,-74.29597276148777
2930.510082182884,-74.29153332670784,-74.29153332670784
2930.5200821828844,-74.28706389889251,-74.28706389889251
2930.530082182884,-74.2825652792825,-74.2825652792825
2930.5400821828844,-74.27803826036714,-74.27803826036714
2930.550082182884,-74.27348362590018,-74.27348362590018
2930.5600821828843,-74.26890215090792,-74.26890215090792
2930.570082182884,-74.26429460173574,-74.26429460173574
2930.5800821828843,-74.25966173605288,-74.25966173605288
2930.590082182884,-74.25500430290491,-74.25500430290491
2930.6000821828843,-74.25032304272635,-74.25032304272635
2930.610082182884,-74.2456186874023,-74.2456186874023
2930.6200821828843,-74.24089196025307,-74.24089196025307
2930.630082182884,-74.23614357615982,-74.23614357615982
2930.6400821828843,-74.23137424152608,-74.23137424152608
2930.650082182884,-74.22658465435735,-74.22658465435735
2930.6600821828843,-74.22177550431468,-74.22177550431468
2930.670082182884,-74.21694747273747,-74.21694747273747
2930.6800821828842,-74.21210123271189,-74.21210123271189
2930.690082182884,-74.20723744912539,-74.20723744912539
2930.700082182884,-74.20235677868578,-74.20235677868578
2930.7100821828844,-74.19745987001903,-74.19745987001903
2930.720082182884,-74.19254736368403,-74.19254736368403
2930.7300821828844,-74.18761989225166,-74.18761989225166
2930.740082182884,-74.18267808035421,-74.18267808035421
2930.7500821828844,-74.17772254473809,-74.17772254473809
2930.760082182884,-74.17275389433237,-74.17275389433237
2930.7700821828844,-74.16777273029444,-74.16777273029444
2930.780082182884,-74.16277964606913,-74.16277964606913
2930.7900821828844,-74.15777522746124,-74.15777522746124
2930.800082206726,-74.15276004073826,-74.15276004073826
2930.8100822067263,-74.14773468044531,-74.14773468044531
2930.820082206726,-74.14269969791995,-74.14269969791995
2930.8300822067263,-74.13765564897254,-74.13765564897254
2930.840082206726,-74.13260308207661,-74.13260308207661
2930.8500822067263,-74.12754253843293,-74.12754253843293
2930.860082206726,-74.12247455203408,-74.12247455203408
2930.8700822067262,-74.117399649704,-74.117399649704
2930.880082206726,-74.11231835119982,-74.11231835119982
2930.890082206726,-74.10723116922675,-74.10723116922675
2930.900082206726,-74.10213860954381,-74.10213860954381
2930.910082206726,-74.09704117100485,-74.09704117100485
2930.920082206726,-74.09193934562899,-74.09193934562899
2930.930082206726,-74.08683361865911,-74.08683361865911
2930.940082206726,-74.08172446862889,-74.08172446862889
2930.950082206726,-74.07661236743363,-74.07661236743363
2930.960082206726,-74.07149132662296,-74.07149132662296
2930.970082206726,-74.06635898497251,-74.06635898497251
2930.980082206726,-74.0612144279368,-74.0612144279368
2930.990082206726,-74.05605740776849,-74.05605740776849
2931.000082206726,-74.05088804574434,-74.05088804574434
2931.010082206726,-74.04570667730111,-74.04570667730111
2931.020082206726,-74.0405137612205,-74.0405137612205
2931.030082206726,-74.03530982494851,-74.03530982494851
2931.040082206726,-74.03009543178717,-74.03009543178717
2931.050082206726,-74.02487116111183,-74.02487116111183
2931.0600822067263,-74.01963759666872,-74.01963759666872
2931.070082206726,-74.01439531970234,-74.01439531970234
2931.0800822067263,-74.00914490502066,-74.00914490502066
2931.090082206726,-74.00388691890981,-74.00388691890981
2931.1000822067263,-73.99862191811054,-73.99862191811054
2931.110082206726,-73.9933504494352,-73.9933504494352
2931.1200822067262,-73.98807304979879,-73.98807304979879
2931.130082206726,-73.98279024642659,-73.98279024642659
2931.140082206726,-73.97750255718316,-73.97750255718316
2931.150082206726,-73.97221049095418,-73.97221049095418
2931.160082206726,-73.96691454799799,-73.96691454799799
2931.170082206726,-73.9616152203333,-73.9616152203333
2931.180082206726,-73.956312992071,-73.956312992071
2931.190082206726,-73.95100833971654,-73.95100833971654
2931.200082206726,-73.94570173246107,-73.94570173246107
2931.210082206726,-73.94039363241531,-73.94039363241531
2931.220082206726,-73.935084494838,-73.935084494838
2931.230082206726,-73.92977476833656,-73.92977476833656
2931.240082206726,-73.92446489504985,-73.92446489504985
2931.250082206726,-73.91915531077346,-73.91915531077346
2931.260082206726,-73.91384644511997,-73.91384644511997
2931.270082206726,-73.90853872164304,-73.90853872164304
2931.280082206726,-73.90323255793662,-73.90323255793662
2931.290082206726,-73.89792836574534,-73.89792836574534
2931.300082206726,-73.89262655104604,-73.89262655104604
2931.3100822067263,-73.8873275141278,-73.8873275141278
2931.320082206726,-73.88203164968283,-73.88203164968283
2931.3300822067263,-73.87673934684764,-73.87673934684764
2931.340082206726,-73.87145098930526,-73.87145098930526
2931.3500822067263,-73.86616695530638,-73.86616695530638
2931.360082206726,-73.8608876177681,-73.8608876177681
2931.3700822067262,-73.85561334428421,-73.85561334428421
2931.380082206726,-73.85034449721594,-73.85034449721594
2931.390082206726,-73.84508143371738,-73.84508143371738
2931.400082206726,-73.83982450580497,-73.83982450580497
2931.410082206726,-73.83457406037748,-73.83457406037748
2931.420082206726,-73.8293304392756,-73.8293304392756
2931.430082206726,-73.82409397933726,-73.82409397933726
2931.440082206726,-73.81886501242616,-73.81886501242616
2931.450082206726,-73.81364386548182,-73.81364386548182
2931.460082206726,-73.80843086056781,-73.80843086056781
2931.470082206726,-73.8032263148948,-73.8032263148948
2931.480082206726,-73.79803054090074,-73.79803054090074
2931.490082206726,-73.79284384624009,-73.79284384624009
2931.500082206726,-73.78766653388139,-73.78766653388139
2931.510082206726,-73.78249890209818,-73.78249890209818
2931.520082206726,-73.77734124455644,-73.77734124455644
2931.530082206726,-73.77219385032234,-73.77219385032234
2931.540082206726,-73.76705700393195,-73.76705700393195
2931.550082206726,-73.76193098539409,-73.76193098539409
2931.5600822067263,-73.75681607027114,-73.75681607027114
2931.570082206726,-73.7517125297101,-73.7517125297101
2931.5800822067263,-73.7466206304622,-73.7466206304622
2931.590082206726,-73.74154063496017,-73.74154063496017
2931.6000822067263,-73.73647280132555,-73.73647280132555
2931.610082206726,-73.73141738342929,-73.73141738342929
2931.6200822067262,-73.72637463093635,-73.72637463093635
2931.630082206726,-73.72134478933748,-73.72134478933748
2931.640082206726,-73.7163280999997,-73.7163280999997
2931.650082230568,-73.71132478827418,-73.71132478827418
2931.660082230568,-73.70633511126898,-73.70633511126898
2931.670082230568,-73.70135928625119,-73.70135928625119
2931.680082230568,-73.69639753847305,-73.69639753847305
2931.690082230568,-73.69145008928844,-73.69145008928844
2931.700082230568,-73.68651715614564,-73.68651715614564
2931.710082230568,-73.68159895267073,-73.68159895267073
2931.720082230568,-73.67669568868482,-73.67669568868482
2931.730082230568,-73.67180757025014,-73.67180757025014
2931.740082230568,-73.66693479971369,-73.66693479971369
2931.750082230568,-73.66207757575745,-73.66207757575745
2931.760082230568,-73.65723609341002,-73.65723609341002
2931.770082230568,-73.65241054411749,-73.65241054411749
2931.780082230568,-73.64760111576379,-73.64760111576379
2931.790082230568,-73.64280799272318,-73.64280799272318
2931.800082230568,-73.63803135589521,-73.63803135589521
2931.810082230568,-73.63327138274707,-73.63327138274707
2931.820082230568,-73.62852824733925,-73.62852824733925
2931.8300822305678,-73.62380212038987,-73.62380212038987
2931.840082230568,-73.61909316928936,-73.61909316928936
2931.8500822305678,-73.61440155816257,-73.61440155816257
2931.860082230568,-73.60972744787804,-73.60972744787804
2931.8700822305677,-73.60507099611635,-73.60507099611635
2931.880082230568,-73.6004323573934,-73.6004323573934
2931.8900822305677,-73.5958116830893,-73.5958116830893
2931.900082230568,-73.59120912151148,-73.59120912151148
2931.910082230568,-73.58662481790367,-73.58662481790367
2931.920082230568,-73.58205891450687,-73.58205891450687
2931.930082230568,-73.57751155057792,-73.57751155057792
2931.940082230568,-73.5729828624445,-73.5729828624445
2931.950082230568,-73.56847298351627,-73.56847298351627
2931.960082230568,-73.56398204435068,-73.56398204435068
2931.970082230568,-73.5595101726611,-73.5595101726611
2931.980082230568,-73.55505749337591,-73.55505749337591
2931.990082230568,-73.55062412864844,-73.55062412864844
2932.000082230568,-73.54621019792391,-73.54621019792391
2932.010082230568,-73.54181581794461,-73.54181581794461
2932.020082230568,-73.53744110279091,-73.53744110279091
2932.030082230568,-73.53308616393103,-73.53308616393103
2932.040082230568,-73.52875111023737,-73.52875111023737
2932.050082230568,-73.52443604801891,-73.52443604801891
2932.060082230568,-73.52014108108335,-73.52014108108335
2932.070082230568,-73.51586631072313,-73.51586631072313
2932.0800822305678,-73.51161183579063,-73.51161183579063
2932.090082230568,-73.50737775269212,-73.50737775269212
2932.1000822305678,-73.50316415546521,-73.50316415546521
2932.110082230568,-73.49897113576007,-73.49897113576007
2932.1200822305677,-73.49479878291983,-73.49479878291983
2932.130082230568,-73.4906471839597,-73.4906471839597
2932.1400822305677,-73.48651642364432,-73.48651642364432
2932.150082230568,-73.48240658449382,-73.48240658449382
2932.160082230568,-73.47831774681904,-73.47831774681904
2932.170082230568,-73.47424998874956,-73.47424998874956
2932.180082230568,-73.47020338625728,-73.47020338625728
2932.190082230568,-73.46617801320214,-73.46617801320214
2932.200082230568,-73.46217394134638,-73.46217394134638
2932.210082230568,-73.45819124038532,-73.45819124038532
2932.220082230568,-73.45422997798374,-73.45422997798374
2932.230082230568,-73.45029021979208,-73.45029021979208
2932.240082230568,-73.4463720294795,-73.4463720294795
2932.250082230568,-73.4424754687605,-73.4424754687605
2932.260082230568,-73.43860059742647,-73.43860059742647
2932.270082230568,-73.4347474733634,-73.4347474733634
2932.280082230568,-73.43091615258899,-73.43091615258899
2932.290082230568,-73.4271066892625,-73.4271066892625
2932.300082230568,-73.4233191357354,-73.4233191357354
2932.310082230568,-73.41955354254706,-73.41955354254706
2932.320082230568,-73.41580995846437,-73.41580995846437
2932.3300822305678,-73.41208843052341,-73.41208843052341
2932.340082230568,-73.40838900401569,-73.40838900401569
2932.3500822305678,-73.40471172255556,-73.40471172255556
2932.360082230568,-73.40105662806732,-73.40105662806732
2932.3700822305677,-73.39742376082982,-73.39742376082982
2932.380082230568,-73.39381315949375,-73.39381315949375
2932.3900822305677,-73.39022486110996,-73.39022486110996
2932.400082230568,-73.38665890114004,-73.38665890114004
2932.410082230568,-73.38311531349814,-73.38311531349814
2932.420082230568,-73.37959413055059,-73.37959413055059
2932.430082230568,-73.3760953831491,-73.3760953831491
2932.440082230568,-73.3726191006601,-73.3726191006601
2932.450082230568,-73.36916531098062,-73.36916531098062
2932.460082230568,-73.36573404055109,-73.36573404055109
2932.470082230568,-73.36232531437814,-73.36232531437814
2932.480082230568,-73.35893915607632,-73.35893915607632
2932.490082230568,-73.35557558786016,-73.35557558786016
2932.50008225441,-73.35223462262908,-73.35223462262908
2932.51008225441,-73.34891629587024,-73.34891629587024
2932.5200822544098,-73.34562061772108,-73.34562061772108
2932.53008225441,-73.34234760505717,-73.34234760505717
2932.5400822544098,-73.33909727347267,-73.33909727347267
2932.55008225441,-73.33586963726195,-73.33586963726195
2932.5600822544097,-73.33266470950052,-73.33266470950052
2932.57008225441,-73.32948250200803,-73.32948250200803
2932.5800822544097,-73.32632302540641,-73.32632302540641
2932.59008225441,-73.32318628910959,-73.32318628910959
2932.6000822544097,-73.32007230136341,-73.32007230136341
2932.61008225441,-73.31698106924357,-73.31698106924357
2932.6200822544097,-73.31391259869915,-73.31391259869915
2932.63008225441,-73.3108668945396,-73.3108668945396
2932.6400822544097,-73.30784396047083,-73.30784396047083
2932.65008225441,-73.30484379910541,-73.30484379910541
2932.6600822544096,-73.30186641198539,-73.30186641198539
2932.67008225441,-73.29891179958958,-73.29891179958958
2932.6800822544096,-73.2959799613557,-73.2959799613557
2932.69008225441,-73.29307089569708,-73.29307089569708
2932.7000822544096,-73.29018460001068,-73.29018460001068
2932.71008225441,-73.2873210707059,-73.2873210707059
2932.7200822544096,-73.28448030320783,-73.28448030320783
2932.73008225441,-73.28166229197687,-73.28166229197687
2932.7400822544096,-73.2788670305234,-73.2788670305234
2932.75008225441,-73.27609451142516,-73.27609451142516
2932.76008225441,-73.27334472633889,-73.27334472633889
2932.7700822544098,-73.27061766601649,-73.27061766601649
2932.78008225441,-73.2679133203183,-73.2679133203183
2932.7900822544098,-73.26523167821269,-73.26523167821269
2932.80008225441,-73.26257272783383,-73.26257272783383
2932.8100822544097,-73.25993645643811,-73.25993645643811
2932.82008225441,-73.25732285045802,-73.25732285045802
2932.8300822544097,-73.25473189550286,-73.25473189550286
2932.84008225441,-73.25216357636438,-73.25216357636438
2932.8500822544097,-73.24961787704783,-73.24961787704783
2932.86008225441,-73.24709478075985,-73.24709478075985
2932.8700822544097,-73.24459426995222,-73.24459426995222
2932.88008225441,-73.24211632629896,-73.24211632629896
2932.8900822544097,-73.23966093074533,-73.23966093074533
2932.90008225441,-73.23722806348461,-73.23722806348461
2932.9100822544096,-73.23481770399984,-73.23481770399984
2932.92008225441,-73.2324298310562,-73.2324298310562
2932.9300822544096,-73.23006442272994,-73.23006442272994
2932.94008225441,-73.22772145638957,-73.22772145638957
2932.9500822544096,-73.22540090874068,-73.22540090874068
2932.96008225441,-73.22309637111493,-73.22309637111493
2932.9700822544096,-73.22080502611205,-73.22080502611205
2932.98008225441,-73.21852549230094,-73.21852549230094
2932.9900822544096,-73.2162570531972,-73.2162570531972
2933.00008225441,-73.2139993628431,-73.2139993628431
2933.01008225441,-73.21175229268579,-73.21175229268579
2933.0200822544098,-73.2095158417429,-73.2095158417429
2933.03008225441,-73.20729008252584,-73.20729008252584
2933.0400822544098,-73.20507512848951,-73.20507512848951
2933.05008225441,-73.20287111451395,-73.20287111451395
2933.0600822544097,-73.20067818520846,-73.20067818520846
2933.07008225441,-73.19849648809816,-73.19849648809816
2933.0800822544097,-73.19632616968255,-73.19632616968255
2933.09008225441,-73.19416737331379,-73.19416737331379
2933.1000822544097,-73.19202023810736,-73.19202023810736
2933.11008225441,-73.1898848985618,-73.1898848985618
2933.1200822544097,-73.18776148449673,-73.18776148449673
2933.13008225441,-73.18565012121792,-73.18565012121792
2933.1400822544097,-73.18355092979057,-73.18355092979057
2933.15008225441,-73.1814640273477,-73.1814640273477
2933.1600822544096,-73.17938952742547,-73.17938952742547
2933.17008225441,-73.17732754024844,-73.17732754024844
2933.1800822544096,-73.17527817304389,-73.17527817304389
2933.19008225441,-73.17324153027012,-73.17324153027012
2933.2000822544096,-73.17121771385774,-73.17121771385774
2933.21008225441,-73.16920682338795,-73.16920682338795
2933.2200822544096,-73.16720895629435,-73.16720895629435
2933.23008225441,-73.1652242079831,-73.1652242079831
2933.2400822544096,-73.16325267196584,-73.16325267196584
2933.25008225441,-73.16129443994812,-73.16129443994812
2933.26008225441,-73.15934960194542,-73.15934960194542
2933.2700822544098,-73.15741824635685,-73.15741824635685
2933.28008225441,-73.1555004599876,-73.1555004599876
2933.2900822544098,-73.15359632814665,-73.15359632814665
2933.30008225441,-73.15170593467053,-73.15170593467053
2933.3100822544097,-73.14982936195247,-73.14982936195247
2933.32008225441,-73.14796669097863,-73.14796669097863
2933.3300822544097,-73.14611800136093,-73.14611800136093
2933.34008225441,-73.144283371327,-73.144283371327
2933.3500822782516,-73.14246287344726,-73.14246287344726
2933.360082278252,-73.14065659198796,-73.14065659198796
2933.3700822782516,-73.13886459679829,-73.13886459679829
2933.380082278252,-73.13708696077974,-73.13708696077974
2933.3900822782516,-73.13532375554813,-73.13532375554813
2933.400082278252,-73.13357505139956,-73.13357505139956
2933.4100822782516,-73.13184091732725,-73.13184091732725
2933.420082278252,-73.13012142102868,-73.13012142102868
2933.4300822782516,-73.12841662889956,-73.12841662889956
2933.440082278252,-73.12672660604609,-73.12672660604609
2933.4500822782516,-73.1250514162919,-73.1250514162919
2933.460082278252,-73.12338474585327,-73.12338474585327
2933.4700822782515,-73.12172386643998,-73.12172386643998
2933.4800822782518,-73.1200674829193,-73.1200674829193
2933.4900822782515,-73.11841496339349,-73.11841496339349
2933.5000822782517,-73.11676604519913,-73.11676604519913
2933.5100822782515,-73.11512068211347,-73.11512068211347
2933.5200822782517,-73.11347895458599,-73.11347895458599
2933.5300822782515,-73.11184101584207,-73.11184101584207
2933.5400822782517,-73.11020705936436,-73.11020705936436
2933.5500822782515,-73.10857729939757,-73.10857729939757
2933.5600822782517,-73.10695195929456,-73.10695195929456
2933.5700822782514,-73.10533126470318,-73.10533126470318
2933.5800822782517,-73.10371543961841,-73.10371543961841
2933.5900822782514,-73.10210470426989,-73.10210470426989
2933.6000822782516,-73.10049927401958,-73.10049927401958
2933.610082278252,-73.09889935897473,-73.09889935897473
2933.6200822782516,-73.09730516390636,-73.09730516390636
2933.630082278252,-73.09571688842146,-73.09571688842146
2933.6400822782516,-73.09413472723213,-73.09413472723213
2933.650082278252,-73.09255887043973,-73.09255887043973
2933.6600822782516,-73.09098950388281,-73.09098950388281
2933.670082278252,-73.08942680941077,-73.08942680941077
2933.6800822782516,-73.08787096516772,-73.08787096516772
2933.690082278252,-73.08632214586035,-73.08632214586035
2933.7000822782516,-73.08478052295662,-73.08478052295662
2933.710082278252,-73.08324626490203,-73.08324626490203
2933.7200822782515,-73.08171953727486,-73.08171953727486
2933.7300822782518,-73.08020050293048,-73.08020050293048
2933.7400822782515,-73.07868932211665,-73.07868932211665
2933.7500822782517,-73.07718615260471,-73.07718615260471
2933.7600822782515,-73.07569114974446,-73.07569114974446
2933.7700822782517,-73.07420446656288,-73.07420446656288
2933.7800822782515,-73.07272625381461,-73.07272625381461
2933.7900822782517,-73.07125666004114,-73.07125666004114
2933.8000822782515,-73.06979583160826,-73.06979583160826
2933.8100822782517,-73.06834391275608,-73.06834391275608
2933.8200822782514,-73.0669010456194,-73.0669010456194
2933.8300822782517,-73.06546737024081,-73.06546737024081
2933.8400822782514,-73.06404302462832,-73.06404302462832
2933.8500822782516,-73.0626281447453,-73.0626281447453
2933.860082278252,-73.0612228645351,-73.0612228645351
2933.8700822782516,-73.05982731594499,-73.05982731594499
2933.880082278252,-73.05844162891216,-73.05844162891216
2933.8900822782516,-73.05706593139806,-73.05706593139806
2933.900082278252,-73.0557003493867,-73.0557003493867
2933.9100822782516,-73.05434500691081,-73.05434500691081
2933.920082278252,-73.05300002601557,-73.05300002601557
2933.9300822782516,-73.05166552682601,-73.05166552682601
2933.940082278252,-73.05034162749995,-73.05034162749995
2933.9500822782516,-73.04902844427286,-73.04902844427286
2933.960082278252,-73.04772609144027,-73.04772609144027
2933.9700822782515,-73.0464346813858,-73.0464346813858
2933.9800822782518,-73.04515432458007,-73.04515432458007
2933.9900822782515,-73.04388512957316,-73.04388512957316
2934.0000822782517,-73.04262720302145,-73.04262720302145
2934.0100822782515,-73.04138064969312,-73.04138064969312
2934.0200822782517,-73.04014557245978,-73.04014557245978
2934.0300822782515,-73.03892207233682,-73.03892207233682
2934.0400822782517,-73.03771024845138,-73.03771024845138
2934.0500822782515,-73.03651019809884,-73.03651019809884
2934.0600822782517,-73.0352898200641,-73.0352898200641
2934.0700822782514,-73.0340331865281,-73.0340331865281
2934.0800822782517,-73.03273058979757,-73.03273058979757
2934.0900822782514,-73.03137559487196,-73.03137559487196
2934.1000822782516,-73.02996384751548,-73.02996384751548
2934.110082278252,-73.02849237496453,-73.02849237496453
2934.1200822782516,-73.02695913527451,-73.02695913527451
2934.130082278252,-73.02536272375451,-73.02536272375451
2934.1400822782516,-73.02370218128074,-73.02370218128074
2934.150082278252,-73.02197686835707,-73.02197686835707
2934.1600822782516,-73.02018638159136,-73.02018638159136
2934.170082278252,-73.01833049759934,-73.01833049759934
2934.1800822782516,-73.01640913484331,-73.01640913484331
2934.190082278252,-73.0144223271252,-73.0144223271252
2934.2000823020935,-73.01237019997535,-73.01237019997535
2934.2100823020937,-73.01024661195903,-73.01024661195903
2934.2200823020935,-73.00804906218922,-73.00804906218922
2934.2300823020937,-73.00577655159839,-73.00577655159839
2934.2400823020935,-73.00342880318196,-73.00342880318196
2934.2500823020937,-73.00100596325616,-73.00100596325616
2934.2600823020935,-72.9985084444506,-72.9985084444506
2934.2700823020937,-72.99593683227087,-72.99593683227087
2934.2800823020934,-72.99329182780043,-72.99329182780043
2934.2900823020937,-72.9905742120484,-72.9905742120484
2934.3000823020934,-72.98778482357241,-72.98778482357241
2934.3100823020936,-72.98492454408115,-72.98492454408115
2934.3200823020934,-72.98199428902453,-72.98199428902453
2934.3300823020936,-72.97899500122291,-72.97899500122291
2934.3400823020934,-72.97592764643166,-72.97592764643166
2934.3500823020936,-72.97279321006123,-72.97279321006123
2934.3600823020934,-72.96959269465786,-72.96959269465786
2934.3700823020936,-72.96632711787369,-72.96632711787369
2934.3800823020933,-72.9629975107625,-72.9629975107625
2934.3900823020936,-72.95960491621794,-72.95960491621794
2934.4000823020933,-72.95615038760342,-72.95615038760342
2934.4100823020935,-72.95263498747669,-72.95263498747669
2934.4200823020933,-72.94905978632934,-72.94905978632934
2934.4300823020935,-72.9454258614585,-72.9454258614585
2934.4400823020933,-72.94173429583904,-72.94173429583904
2934.4500823020935,-72.93798617706388,-72.93798617706388
2934.4600823020937,-72.93418259633843,-72.93418259633843
2934.4700823020935,-72.93032464745576,-72.93032464745576
2934.4800823020937,-72.92641342592451,-72.92641342592451
2934.4900823020935,-72.92245002801285,-72.92245002801285
2934.5000823020937,-72.9184355499355,-72.9184355499355
2934.5100823020935,-72.91437108704396,-72.91437108704396
2934.5200823020937,-72.91025773302881,-72.91025773302881
2934.5300823020934,-72.90609657922776,-72.90609657922776
2934.5400823020937,-72.90188871390536,-72.90188871390536
2934.5500823020934,-72.89763522162689,-72.89763522162689
2934.5600823020936,-72.89333718262858,-72.89333718262858
2934.5700823020934,-72.88899567225644,-72.88899567225644
2934.5800823020936,-72.88461176041211,-72.88461176041211
2934.5900823020934,-72.8801865110759,-72.8801865110759
2934.6000823020936,-72.87572098179426,-72.87572098179426
2934.6100823020934,-72.87121622327857,-72.87121622327857
2934.6200823020936,-72.86667327896676,-72.86667327896676
2934.6300823020933,-72.86209318466861,-72.86209318466861
2934.6400823020936,-72.85747696818396,-72.85747696818396
2934.6500823020933,-72.85282564899624,-72.85282564899624
2934.6600823020935,-72.84814023797566,-72.84814023797566
2934.6700823020933,-72.84342173709501,-72.84342173709501
2934.6800823020935,-72.83867113916348,-72.83867113916348
2934.6900823020933,-72.83388942762569,-72.83388942762569
2934.7000823020935,-72.82907757631557,-72.82907757631557
2934.7100823020937,-72.82423020550657,-72.82423020550657
2934.7200823020935,-72.81934550036364,-72.81934550036364
2934.7300823020937,-72.81442306491276,-72.81442306491276
2934.7400823020935,-72.80946315453568,-72.80946315453568
2934.7500823020937,-72.80446638296698,-72.80446638296698
2934.7600823020935,-72.79943356996853,-72.79943356996853
2934.7700823020937,-72.79436565192204,-72.79436565192204
2934.7800823020934,-72.78926362804417,-72.78926362804417
2934.7900823020937,-72.78412852797531,-72.78412852797531
2934.8000823020934,-72.77896139232739,-72.77896139232739
2934.8100823020936,-72.77376326103244,-72.77376326103244
2934.8200823020934,-72.76853516653408,-72.76853516653408
2934.8300823020936,-72.7632781298513,-72.7632781298513
2934.8400823020934,-72.75799315843267,-72.75799315843267
2934.8500823020936,-72.75268124509587,-72.75268124509587
2934.8600823020934,-72.74734336759296,-72.74734336759296
2934.8700823020936,-72.74198048857879,-72.74198048857879
2934.8800823020933,-72.73659355576672,-72.73659355576672
2934.8900823020936,-72.73118350223724,-72.73118350223724
2934.9000823020933,-72.72575124672845,-72.72575124672845
2934.9100823020935,-72.72029769400899,-72.72029769400899
2934.9200823020933,-72.71482373518602,-72.71482373518602
2934.9300823020935,-72.70933024805534,-72.70933024805534
2934.9400823020933,-72.70381809736992,-72.70381809736992
2934.9500823020935,-72.69828813510883,-72.69828813510883
2934.9600823020937,-72.6927412007392,-72.6927412007392
2934.9700823020935,-72.68717812141644,-72.68717812141644
2934.9800823020937,-72.68159971220042,-72.68159971220042
2934.9900823020935,-72.67600677623888,-72.67600677623888
2935.0000823020937,-72.67040010492886,-72.67040010492886
2935.0100823020935,-72.66478047807456,-72.66478047807456
2935.0200823020937,-72.6591486640326,-72.6591486640326
2935.0300823020934,-72.65350541984891,-72.65350541984891
2935.0400823020937,-72.64785149138056,-72.64785149138056
2935.0500823259354,-72.64218759993085,-72.64218759993085
2935.0600823259356,-72.63651449629,-72.63651449629
2935.0700823259353,-72.630832880018,-72.630832880018
2935.0800823259356,-72.62514345338282,-72.62514345338282
2935.0900823259353,-72.61944690803251,-72.61944690803251
2935.1000823259355,-72.61374392510291,-72.61374392510291
2935.1100823259353,-72.60803517528664,-72.60803517528664
2935.1200823259355,-72.60232131897367,-72.60232131897367
2935.1300823259353,-72.59660300632088,-72.59660300632088
2935.1400823259355,-72.59088087736863,-72.59088087736863
2935.1500823259353,-72.58515556212181,-72.58515556212181
2935.1600823259355,-72.57942768065958,-72.57942768065958
2935.1700823259353,-72.57369784324175,-72.57369784324175
2935.1800823259355,-72.56796665038085,-72.56796665038085
2935.1900823259352,-72.56223469297022,-72.56223469297022
2935.2000823259355,-72.55650255234936,-72.55650255234936
2935.210082325935,-72.55077080042905,-72.55077080042905
2935.2200823259354,-72.54503999976751,-72.54503999976751
2935.230082325935,-72.53931070369708,-72.53931070369708
2935.2400823259354,-72.53358345639015,-72.53358345639015
2935.250082325935,-72.52785879298402,-72.52785879298402
2935.2600823259354,-72.52213723966288,-72.52213723966288
2935.270082325935,-72.51641931376521,-72.51641931376521
2935.2800823259354,-72.51070552387748,-72.51070552387748
2935.290082325935,-72.50499636994341,-72.50499636994341
2935.3000823259354,-72.49929234333658,-72.49929234333658
2935.3100823259356,-72.49359392700433,-72.49359392700433
2935.3200823259353,-72.48790159551758,-72.48790159551758
2935.3300823259356,-72.48221581520376,-72.48221581520376
2935.3400823259353,-72.47653704423817,-72.47653704423817
2935.3500823259355,-72.47086573271939,-72.47086573271939
2935.3600823259353,-72.46520232281716,-72.46520232281716
2935.3700823259355,-72.45954724881126,-72.45954724881126
2935.3800823259353,-72.45390093723171,-72.45390093723171
2935.3900823259355,-72.44826380693965,-72.44826380693965
2935.4000823259353,-72.44263626921608,-72.44263626921608
2935.4100823259355,-72.4370187278844,-72.4370187278844
2935.4200823259353,-72.4314115793812,-72.4314115793812
2935.4300823259355,-72.42581521286938,-72.42581521286938
2935.4400823259352,-72.4202300103226,-72.4202300103226
2935.4500823259355,-72.41465634661179,-72.41465634661179
2935.460082325935,-72.4090945896268,-72.4090945896268
2935.4700823259354,-72.40354510033829,-72.40354510033829
2935.480082325935,-72.3980082329122,-72.3980082329122
2935.4900823259354,-72.39248433479713,-72.39248433479713
2935.500082325935,-72.38697374681293,-72.38697374681293
2935.5100823259354,-72.38147680324163,-72.38147680324163
2935.520082325935,-72.3759938319128,-72.3759938319128
2935.5300823259354,-72.3705251543067,-72.3705251543067
2935.540082325935,-72.3650710856214,-72.3650710856214
2935.5500823259354,-72.3596319348977,-72.3596319348977
2935.5600823259356,-72.35420800506395,-72.35420800506395
2935.5700823259353,-72.34879959304152,-72.34879959304152
2935.5800823259356,-72.34340698983173,-72.34340698983173
2935.5900823259353,-72.33803048060331,-72.33803048060331
2935.6000823259355,-72.33267034476496,-72.33267034476496
2935.6100823259353,-72.32732685606189,-72.32732685606189
2935.6200823259355,-72.32200028263922,-72.32200028263922
2935.6300823259353,-72.31669088715037,-72.31669088715037
2935.6400823259355,-72.31139892682012,-72.31139892682012
2935.6500823259353,-72.30612465351675,-72.30612465351675
2935.6600823259355,-72.30086831384895,-72.30086831384895
2935.6700823259353,-72.29563014924412,-72.29563014924412
2935.6800823259355,-72.29041039599116,-72.29041039599116
2935.6900823259352,-72.28520928536578,-72.28520928536578
2935.7000823259355,-72.28002704367539,-72.28002704367539
2935.710082325935,-72.27486389234598,-72.27486389234598
2935.7200823259354,-72.26972004798026,-72.26972004798026
2935.730082325935,-72.26459572245706,-72.26459572245706
2935.7400823259354,-72.25949112297167,-72.25949112297167
2935.750082325935,-72.2544064521289,-72.2544064521289
2935.7600823259354,-72.24934190800369,-72.24934190800369
2935.770082325935,-72.24429768421489,-72.24429768421489
2935.7800823259354,-72.23927396999207,-72.23927396999207
2935.790082325935,-72.23427095024847,-72.23427095024847
2935.8000823259354,-72.22928880563724,-72.22928880563724
2935.8100823259356,-72.22432771261678,-72.22432771261678
2935.8200823259353,-72.21938784352986,-72.21938784352986
2935.8300823259356,-72.21446936664877,-72.21446936664877
2935.8400823259353,-72.20957244625905,-72.20957244625905
2935.8500823259355,-72.20469724270075,-72.20469724270075
2935.8600823259353,-72.19984391245511,-72.19984391245511
2935.8700823259355,-72.19501260817614,-72.19501260817614
2935.8800823259353,-72.19020347877152,-72.19020347877152
2935.8900823259355,-72.18541666945498,-72.18541666945498
2935.900082349777,-72.18065231046359,-72.18065231046359
2935.9100823497774,-72.17591056254139,-72.17591056254139
2935.920082349777,-72.1711915487572,-72.1711915487572
2935.9300823497774,-72.16649540012547,-72.16649540012547
2935.940082349777,-72.16182224424652,-72.16182224424652
2935.9500823497774,-72.1571722053685,-72.1571722053685
2935.960082349777,-72.15254540443914,-72.15254540443914
2935.9700823497774,-72.14794195914385,-72.14794195914385
2935.980082349777,-72.14336198398443,-72.14336198398443
2935.9900823497774,-72.13880559030494,-72.13880559030494
2936.000082349777,-72.13427288634784,-72.13427288634784
2936.0100823497773,-72.12976397732905,-72.12976397732905
2936.020082349777,-72.12527896545697,-72.12527896545697
2936.0300823497773,-72.12081794998231,-72.12081794998231
2936.040082349777,-72.11638102726388,-72.11638102726388
2936.0500823497773,-72.11196829080441,-72.11196829080441
2936.060082349777,-72.10757983129814,-72.10757983129814
2936.0700823497773,-72.10321573666926,-72.10321573666926
2936.080082349777,-72.09887609213601,-72.09887609213601
2936.0900823497773,-72.09456098023128,-72.09456098023128
2936.100082349777,-72.09027048086581,-72.09027048086581
2936.1100823497773,-72.08600467135162,-72.08600467135162
2936.120082349777,-72.08176362647423,-72.08176362647423
2936.1300823497772,-72.07754741849652,-72.07754741849652
2936.140082349777,-72.07335611722982,-72.07335611722982
2936.150082349777,-72.06918979005583,-72.06918979005583
2936.1600823497774,-72.06504850196997,-72.06504850196997
2936.170082349777,-72.06093231563625,-72.06093231563625
2936.1800823497774,-72.05684129140836,-72.05684129140836
2936.190082349777,-72.05277548736598,-72.05277548736598
2936.2000823497774,-72.04873495937323,-72.04873495937323
2936.210082349777,-72.0447134860715,-72.0447134860715
2936.2200823497774,-72.0407083820595,-72.0407083820595
2936.230082349777,-72.03671837398471,-72.03671837398471
2936.2400823497774,-72.03274284102632,-72.03274284102632
2936.250082349777,-72.0287815249782,-72.0287815249782
2936.2600823497773,-72.02483437957308,-72.02483437957308
2936.270082349777,-72.02090148202423,-72.02090148202423
2936.2800823497773,-72.016982979851,-72.016982979851
2936.290082349777,-72.0130790589112,-72.0130790589112
2936.3000823497773,-72.00918992421832,-72.00918992421832
2936.310082349777,-72.00531578852022,-72.00531578852022
2936.3200823497773,-72.00145686563435,-72.00145686563435
2936.330082349777,-71.99761336664935,-71.99761336664935
2936.3400823497773,-71.9937854978671,-71.9937854978671
2936.350082349777,-71.98997345981783,-71.98997345981783
2936.3600823497773,-71.98617744690002,-71.98617744690002
2936.370082349777,-71.98239764739279,-71.98239764739279
2936.3800823497772,-71.97863424365256,-71.97863424365256
2936.390082349777,-71.97488741241644,-71.97488741241644
2936.400082349777,-71.97115732515249,-71.97115732515249
2936.4100823497774,-71.96744414841892,-71.96744414841892
2936.420082349777,-71.96374804416989,-71.96374804416989
2936.4300823497774,-71.9600691701154,-71.9600691701154
2936.440082349777,-71.9564076799662,-71.9564076799662
2936.4500823497774,-71.95276372369402,-71.95276372369402
2936.460082349777,-71.94913744775437,-71.94913744775437
2936.4700823497774,-71.94552899528189,-71.94552899528189
2936.480082349777,-71.94193850624312,-71.94193850624312
2936.4900823497774,-71.93836611761336,-71.93836611761336
2936.500082349777,-71.9348119634724,-71.9348119634724
2936.5100823497773,-71.93127617513166,-71.93127617513166
2936.520082349777,-71.92775888121734,-71.92775888121734
2936.5300823497773,-71.92426020776051,-71.92426020776051
2936.540082349777,-71.92078027826942,-71.92078027826942
2936.5500823497773,-71.91731921378724,-71.91731921378724
2936.560082349777,-71.91387713295389,-71.91387713295389
2936.5700823497773,-71.91045415203628,-71.91045415203628
2936.580082349777,-71.9070503849825,-71.9070503849825
2936.5900823497773,-71.9036659434529,-71.9036659434529
2936.600082349777,-71.90030093686795,-71.90030093686795
2936.6100823497773,-71.89695547242053,-71.89695547242053
2936.620082349777,-71.89362965510551,-71.89362965510551
2936.6300823497772,-71.89032358774578,-71.89032358774578
2936.640082349777,-71.88703737102418,-71.88703737102418
2936.650082349777,-71.88377110348844,-71.88377110348844
2936.6600823497774,-71.88052488158,-71.88052488158
2936.670082349777,-71.87729879964297,-71.87729879964297
2936.6800823497774,-71.87409294995712,-71.87409294995712
2936.690082349777,-71.87090742274529,-71.87090742274529
2936.7000823497774,-71.86774230618023,-71.86774230618023
2936.710082349777,-71.86459768643014,-71.86459768643014
2936.7200823497774,-71.86147364764084,-71.86147364764084
2936.730082349777,-71.85837027197064,-71.85837027197064
2936.7400823497774,-71.85528763959269,-71.85528763959269
2936.750082373619,-71.85222582144202,-71.85222582144202
2936.7600823736193,-71.8491849084164,-71.8491849084164
2936.770082373619,-71.84616496751104,-71.84616496751104
2936.7800823736193,-71.84316607114339,-71.84316607114339
2936.790082373619,-71.84018828984186,-71.84018828984186
2936.8000823736193,-71.83723169223674,-71.83723169223674
2936.810082373619,-71.83429634509294,-71.83429634509294
2936.8200823736192,-71.83138231333001,-71.83138231333001
2936.830082373619,-71.82848966001363,-71.82848966001363
2936.840082373619,-71.82561844639842,-71.82561844639842
2936.850082373619,-71.82276873193456,-71.82276873193456
2936.860082373619,-71.81994057427902,-71.81994057427902
2936.870082373619,-71.8171340293107,-71.8171340293107
2936.880082373619,-71.81434915115888,-71.81434915115888
2936.890082373619,-71.81158599221483,-71.81158599221483
2936.900082373619,-71.80884460314084,-71.80884460314084
2936.910082373619,-71.80612503290473,-71.80612503290473
2936.920082373619,-71.80342732877197,-71.80342732877197
2936.930082373619,-71.80075153634252,-71.80075153634252
2936.940082373619,-71.79809769956955,-71.79809769956955
2936.950082373619,-71.79546586075975,-71.79546586075975
2936.960082373619,-71.79284980646563,-71.79284980646563
2936.970082373619,-71.79024684664579,-71.79024684664579
2936.980082373619,-71.78765569862728,-71.78765569862728
2936.990082373619,-71.78507573037554,-71.78507573037554
2937.000082373619,-71.7825066716587,-71.7825066716587
2937.0100823736193,-71.77994846387858,-71.77994846387858
2937.020082373619,-71.77740117199244,-71.77740117199244
2937.0300823736193,-71.77486493151238,-71.77486493151238
2937.040082373619,-71.77233991666206,-71.77233991666206
2937.0500823736193,-71.76982632125332,-71.76982632125332
2937.060082373619,-71.767324347321,-71.767324347321
2937.0700823736192,-71.76483419842948,-71.76483419842948
2937.080082373619,-71.7623560759201,-71.7623560759201
2937.090082373619,-71.75989017680712,-71.75989017680712
2937.100082373619,-71.75743669282329,-71.75743669282329
2937.110082373619,-71.75499580999892,-71.75499580999892
2937.120082373619,-71.75256770869771,-71.75256770869771
2937.130082373619,-71.7501525637767,-71.7501525637767
2937.140082373619,-71.74775054489345,-71.74775054489345
2937.150082373619,-71.74536181682795,-71.74536181682795
2937.160082373619,-71.74298653981663,-71.74298653981663
2937.170082373619,-71.7406248698801,-71.7406248698801
2937.180082373619,-71.73827695912847,-71.73827695912847
2937.190082373619,-71.73594295602858,-71.73594295602858
2937.200082373619,-71.73362300562219,-71.73362300562219
2937.210082373619,-71.7313110010438,-71.7313110010438
2937.220082373619,-71.7290043541829,-71.7290043541829
2937.230082373619,-71.72670188168992,-71.72670188168992
2937.240082373619,-71.72440304911001,-71.72440304911001
2937.250082373619,-71.72210768241523,-71.72210768241523
2937.2600823736193,-71.7198158180568,-71.7198158180568
2937.270082373619,-71.71752761503011,-71.71752761503011
2937.2800823736193,-71.71524330203601,-71.71524330203601
2937.290082373619,-71.71296314568472,-71.71296314568472
2937.3000823736193,-71.71068743142722,-71.71068743142722
2937.310082373619,-71.70841645222916,-71.70841645222916
2937.3200823736192,-71.70615050193325,-71.70615050193325
2937.330082373619,-71.70388987147865,-71.70388987147865
2937.340082373619,-71.70163484685862,-71.70163484685862
2937.350082373619,-71.69938570814513,-71.69938570814513
2937.360082373619,-71.69714272907731,-71.69714272907731
2937.370082373619,-71.6949061771033,-71.6949061771033
2937.380082373619,-71.69267631353173,-71.69267631353173
2937.390082373619,-71.69045339383223,-71.69045339383223
2937.400082373619,-71.68823766795916,-71.68823766795916
2937.410082373619,-71.68602938069454,-71.68602938069454
2937.420082373619,-71.6838287719425,-71.6838287719425
2937.430082373619,-71.68163607704213,-71.68163607704213
2937.440082373619,-71.67945152702848,-71.67945152702848
2937.450082373619,-71.67727534884926,-71.67727534884926
2937.460082373619,-71.67510776558012,-71.67510776558012
2937.470082373619,-71.67294899658393,-71.67294899658393
2937.480082373619,-71.67079925769028,-71.67079925769028
2937.490082373619,-71.6686587613111,-71.6686587613111
2937.500082373619,-71.66652771654007,-71.66652771654007
2937.5100823736193,-71.664406329259,-71.664406329259
2937.520082373619,-71.66229480222712,-71.66229480222712
2937.5300823736193,-71.66019333513225,-71.66019333513225
2937.540082373619,-71.65810212466286,-71.65810212466286
2937.5500823736193,-71.65602136455684,-71.65602136455684
2937.560082373619,-71.65395124562963,-71.65395124562963
2937.5700823736192,-71.65189195583392,-71.65189195583392
2937.580082373619,-71.64984368028668,-71.64984368028668
2937.590082373619,-71.64780660127775,-71.64780660127775
2937.600082397461,-71.6457808934886,-71.6457808934886
2937.610082397461,-71.64376674334359,-71.64376674334359
2937.620082397461,-71.64176431997731,-71.64176431997731
2937.630082397461,-71.63977379466135,-71.63977379466135
2937.640082397461,-71.63779533594912,-71.63779533594912
2937.650082397461,-71.63582910969524,-71.63582910969524
2937.660082397461,-71.6338752790899,-71.6338752790899
2937.670082397461,-71.63193400463865,-71.63193400463865
2937.680082397461,-71.63000544419222,-71.63000544419222
2937.690082397461,-71.62808975297247,-71.62808975297247
2937.700082397461,-71.62618708358181,-71.62618708358181
2937.710082397461,-71.62429758599042,-71.62429758599042
2937.720082397461,-71.62242140758863,-71.62242140758863
2937.730082397461,-71.62055869317307,-71.62055869317307
2937.740082397461,-71.61870958497292,-71.61870958497292
2937.750082397461,-71.61687422266083,-71.61687422266083
2937.760082397461,-71.61505274338008,-71.61505274338008
2937.770082397461,-71.61324528173789,-71.61324528173789
2937.780082397461,-71.61145196983907,-71.61145196983907
2937.790082397461,-71.60967293730262,-71.60967293730262
2937.8000823974608,-71.60790831125675,-71.60790831125675
2937.810082397461,-71.60615821638027,-71.60615821638027
2937.8200823974607,-71.60442277491067,-71.60442277491067
2937.830082397461,-71.60270210665652,-71.60270210665652
2937.8400823974607,-71.60099632903655,-71.60099632903655
2937.850082397461,-71.59930555706826,-71.59930555706826
2937.860082397461,-71.59762990340379,-71.59762990340379
2937.870082397461,-71.59596947835298,-71.59596947835298
2937.880082397461,-71.5943243898826,-71.5943243898826
2937.890082397461,-71.59269474367207,-71.59269474367207
2937.900082397461,-71.59108064310004,-71.59108064310004
2937.910082397461,-71.58948218926587,-71.58948218926587
2937.920082397461,-71.58789948103842,-71.58789948103842
2937.930082397461,-71.58633261505992,-71.58633261505992
2937.940082397461,-71.58478168575915,-71.58478168575915
2937.950082397461,-71.58324678537994,-71.58324678537994
2937.960082397461,-71.58172800400911,-71.58172800400911
2937.970082397461,-71.58022542959108,-71.58022542959108
2937.980082397461,-71.57873914794546,-71.57873914794546
2937.990082397461,-71.57726924280617,-71.57726924280617
2938.000082397461,-71.57581579582208,-71.57581579582208
2938.010082397461,-71.57437888660154,-71.57437888660154
2938.020082397461,-71.57295859270472,-71.57295859270472
2938.030082397461,-71.57155498969847,-71.57155498969847
2938.040082397461,-71.57016815116215,-71.57016815116215
2938.0500823974608,-71.56879814871233,-71.56879814871233
2938.060082397461,-71.56744505201846,-71.56744505201846
2938.0700823974607,-71.56610892884294,-71.56610892884294
2938.080082397461,-71.56478984503883,-71.56478984503883
2938.0900823974607,-71.56348786460424,-71.56348786460424
2938.100082397461,-71.56220304967633,-71.56220304967633
2938.110082397461,-71.56093546057255,-71.56093546057255
2938.120082397461,-71.55968515578542,-71.55968515578542
2938.130082397461,-71.55845219204384,-71.55845219204384
2938.140082397461,-71.55723662431853,-71.55723662431853
2938.150082397461,-71.55603850582892,-71.55603850582892
2938.160082397461,-71.55485788809206,-71.55485788809206
2938.170082397461,-71.55369482090829,-71.55369482090829
2938.180082397461,-71.55254935243387,-71.55254935243387
2938.190082397461,-71.55142152916119,-71.55142152916119
2938.200082397461,-71.55031139595648,-71.55031139595648
2938.210082397461,-71.54921899608071,-71.54921899608071
2938.220082397461,-71.54814437120314,-71.54814437120314
2938.230082397461,-71.54708756143468,-71.54708756143468
2938.240082397461,-71.54604860534232,-71.54604860534232
2938.250082397461,-71.54502753998248,-71.54502753998248
2938.260082397461,-71.54402440089775,-71.54402440089775
2938.270082397461,-71.5430392221592,-71.5430392221592
2938.280082397461,-71.5420720363736,-71.5420720363736
2938.290082397461,-71.5411228747084,-71.5411228747084
2938.3000823974608,-71.54019176692631,-71.54019176692631
2938.310082397461,-71.53927874137565,-71.53927874137565
2938.3200823974607,-71.53838382504202,-71.53838382504202
2938.330082397461,-71.53750704353962,-71.53750704353962
2938.3400823974607,-71.53664842115695,-71.53664842115695
2938.350082397461,-71.53580798085615,-71.53580798085615
2938.360082397461,-71.53498574430337,-71.53498574430337
2938.370082397461,-71.53418173188243,-71.53418173188243
2938.380082397461,-71.53339596271898,-71.53339596271898
2938.390082397461,-71.53262845469428,-71.53262845469428
2938.400082397461,-71.53187922446239,-71.53187922446239
2938.410082397461,-71.53114828748869,-71.53114828748869
2938.420082397461,-71.53043565802733,-71.53043565802733
2938.430082397461,-71.52974134917649,-71.52974134917649
2938.440082397461,-71.52906537287869,-71.52906537287869
2938.450082421303,-71.52840773838822,-71.52840773838822
2938.460082421303,-71.52776845858033,-71.52776845858033
2938.470082421303,-71.52714754042358,-71.52714754042358
2938.480082421303,-71.52654499143162,-71.52654499143162
2938.4900824213028,-71.52596081806254,-71.52596081806254
2938.500082421303,-71.52539502571133,-71.52539502571133
2938.5100824213027,-71.52484761875013,-71.52484761875013
2938.520082421303,-71.52431860052701,-71.52431860052701
2938.5300824213027,-71.5238079734002,-71.5238079734002
2938.540082421303,-71.52331573873141,-71.52331573873141
2938.5500824213027,-71.52284189692934,-71.52284189692934
2938.560082421303,-71.52238644743649,-71.52238644743649
2938.5700824213027,-71.52194938876845,-71.52194938876845
2938.580082421303,-71.52153071850826,-71.52153071850826
2938.5900824213027,-71.52113043334964,-71.52113043334964
2938.600082421303,-71.5207485290745,-71.5207485290745
2938.6100824213026,-71.52038500059857,-71.52038500059857
2938.620082421303,-71.52003984196475,-71.52003984196475
2938.6300824213026,-71.51971304637718,-71.51971304637718
2938.640082421303,-71.51940460619893,-71.51940460619893
2938.6500824213026,-71.51911451297052,-71.51911451297052
2938.660082421303,-71.51884275743494,-71.51884275743494
2938.6700824213026,-71.5185893295371,-71.5185893295371
2938.680082421303,-71.51835421843548,-71.51835421843548
2938.6900824213026,-71.5181374125184,-71.5181374125184
2938.700082421303,-71.51793889943264,-71.51793889943264
2938.710082421303,-71.51775866606653,-71.51775866606653
2938.720082421303,-71.51759669859814,-71.51759669859814
2938.730082421303,-71.51745298247398,-71.51745298247398
2938.7400824213028,-71.5173275024427,-71.5173275024427
2938.750082421303,-71.51722024256225,-71.51722024256225
2938.7600824213027,-71.5171311862121,-71.5171311862121
2938.770082421303,-71.51706031608674,-71.51706031608674
2938.7800824213027,-71.51700761424908,-71.51700761424908
2938.790082421303,-71.51697306209228,-71.51697306209228
2938.8000824213027,-71.51695664039644,-71.51695664039644
2938.810082421303,-71.51695832930675,-71.51695832930675
2938.8200824213027,-71.51697810835768,-71.51697810835768
2938.830082421303,-71.51701595648949,-71.51701595648949
2938.8400824213027,-71.51707185204482,-71.51707185204482
2938.850082421303,-71.51714577278975,-71.51714577278975
2938.8600824213026,-71.51723769592036,-71.51723769592036
2938.870082421303,-71.51734759806779,-71.51734759806779
2938.8800824213026,-71.51747545532889,-71.51747545532889
2938.890082421303,-71.51762124324907,-71.51762124324907
2938.9000824213026,-71.51778493685383,-71.51778493685383
2938.910082421303,-71.51796651064109,-71.51796651064109
2938.9200824213026,-71.51816593861017,-71.51816593861017
2938.930082421303,-71.51838319424405,-71.51838319424405
2938.9400824213026,-71.51861825054777,-71.51861825054777
2938.950082421303,-71.51887108003524,-71.51887108003524
2938.960082421303,-71.5191354219433,-71.5191354219433
2938.970082421303,-71.51940852434853,-71.51940852434853
2938.980082421303,-71.51968903757712,-71.51968903757712
2938.9900824213028,-71.5199762608427,-71.5199762608427
2939.000082421303,-71.52026985469654,-71.52026985469654
2939.0100824213027,-71.52056969158588,-71.52056969158588
2939.020082421303,-71.52087576816874,-71.52087576816874
2939.0300824213027,-71.52118815265175,-71.52118815265175
2939.040082421303,-71.52150695307152,-71.52150695307152
2939.0500824213027,-71.52183229829247,-71.52183229829247
2939.060082421303,-71.52216432665521,-71.52216432665521
2939.0700824213027,-71.52250317935892,-71.52250317935892
2939.080082421303,-71.52284899666651,-71.52284899666651
2939.0900824213027,-71.52320191583235,-71.52320191583235
2939.100082421303,-71.52356207007973,-71.52356207007973
2939.1100824213026,-71.52392958821825,-71.52392958821825
2939.120082421303,-71.52430459461036,-71.52430459461036
2939.1300824213026,-71.52468720934199,-71.52468720934199
2939.140082421303,-71.52507754847481,-71.52507754847481
2939.1500824213026,-71.52547572437086,-71.52547572437086
2939.160082421303,-71.52588184600951,-71.52588184600951
2939.1700824213026,-71.52629601928417,-71.52629601928417
2939.180082421303,-71.52671834726473,-71.52671834726473
2939.1900824213026,-71.52714893047454,-71.52714893047454
2939.200082421303,-71.52758786709153,-71.52758786709153
2939.210082421303,-71.52802901949282,-71.52802901949282
2939.220082421303,-71.52846975757508,-71.52846975757508
2939.230082421303,-71.52890885218382,-71.52890885218382
2939.2400824213028,-71.52934572183447,-71.52934572183447
2939.250082421303,-71.52978014523624,-71.52978014523624
2939.2600824213027,-71.53021211194151,-71.53021211194151
2939.270082421303,-71.53064173470389,-71.53064173470389
2939.2800824213027,-71.53106919692148,-71.53106919692148
2939.290082421303,-71.53149472091718,-71.53149472091718
2939.3000824451447,-71.53191854999768,-71.53191854999768
2939.310082445145,-71.53234093308595,-71.53234093308595
2939.3200824451446,-71.53276212419931,-71.53276212419931
2939.330082445145,-71.53318237458616,-71.53318237458616
2939.3400824451446,-71.53360193169954,-71.53360193169954
2939.350082445145,-71.53402103816259,-71.53402103816259
2939.3600824451446,-71.53443993140016,-71.53443993140016
2939.370082445145,-71.53485884358648,-71.53485884358648
2939.3800824451446,-71.53527800181512,-71.53527800181512
2939.390082445145,-71.53569762835915,-71.53569762835915
2939.4000824451446,-71.53611794097267,-71.53611794097267
2939.410082445145,-71.5365391532101,-71.5365391532101
2939.4200824451445,-71.53696147470907,-71.53696147470907
2939.4300824451448,-71.53738511145096,-71.53738511145096
2939.4400824451445,-71.53781026602022,-71.53781026602022
2939.4500824451447,-71.53823713781236,-71.53823713781236
2939.4600824451445,-71.53865968916803,-71.53865968916803
2939.4700824451447,-71.53907538940823,-71.53907538940823
2939.4800824451445,-71.53948310803483,-71.53948310803483
2939.4900824451447,-71.53988236137272,-71.53988236137272
2939.5000824451445,-71.54027302507818,-71.54027302507818
2939.5100824451447,-71.54065518475008,-71.54065518475008
2939.5200824451445,-71.54102904837262,-71.54102904837262
2939.5300824451447,-71.54139489364616,-71.54139489364616
2939.5400824451444,-71.54175303635141,-71.54175303635141
2939.5500824451447,-71.54210381134045,-71.54210381134045
2939.560082445145,-71.54244756125081,-71.54244756125081
2939.5700824451446,-71.54278462987511,-71.54278462987511
2939.580082445145,-71.54311535835261,-71.54311535835261
2939.5900824451446,-71.54344008313555,-71.54344008313555
2939.600082445145,-71.54375913494145,-71.54375913494145
2939.6100824451446,-71.54407283838718,-71.54407283838718
2939.620082445145,-71.54438151192485,-71.54438151192485
2939.6300824451446,-71.54468546801456,-71.54468546801456
2939.640082445145,-71.54498501338631,-71.54498501338631
2939.6500824451446,-71.54528044933402,-71.54528044933402
2939.660082445145,-71.54557207203968,-71.54557207203968
2939.6700824451445,-71.54586017283935,-71.54586017283935
2939.6800824451448,-71.5461450385101,-71.5461450385101
2939.6900824451445,-71.54642695151433,-71.54642695151433
2939.7000824451447,-71.54670619020501,-71.54670619020501
2939.7100824451445,-71.54698302901629,-71.54698302901629
2939.7200824451447,-71.54725773860798,-71.54725773860798
2939.7300824451445,-71.54753058603158,-71.54753058603158
2939.7400824451447,-71.54780183480737,-71.54780183480737
2939.7500824451445,-71.54807174504947,-71.54807174504947
2939.7600824451447,-71.54834057354986,-71.54834057354986
2939.7700824451445,-71.54860857383206,-71.54860857383206
2939.7800824451447,-71.54887599620666,-71.54887599620666
2939.7900824451444,-71.54914308784431,-71.54914308784431
2939.8000824451447,-71.54941009278546,-71.54941009278546
2939.810082445145,-71.54967725200666,-71.54967725200666
2939.8200824451446,-71.54994480343001,-71.54994480343001
2939.830082445145,-71.55021298194632,-71.55021298194632
2939.8400824451446,-71.55048201944142,-71.55048201944142
2939.850082445145,-71.55075214481879,-71.55075214481879
2939.8600824451446,-71.55102358401213,-71.55102358401213
2939.870082445145,-71.55129655998684,-71.55129655998684
2939.8800824451446,-71.55157129277963,-71.55157129277963
2939.890082445145,-71.5518479994909,-71.5518479994909
2939.9000824451446,-71.55212689428966,-71.55212689428966
2939.910082445145,-71.5524081884411,-71.5524081884411
2939.9200824451445,-71.55269209031214,-71.55269209031214
2939.9300824451448,-71.55297880538488,-71.55297880538488
2939.9400824451445,-71.55326853625341,-71.55326853625341
2939.9500824451447,-71.55356148264177,-71.55356148264177
2939.9600824451445,-71.55385784142679,-71.55385784142679
2939.9700824451447,-71.55415780663401,-71.55415780663401
2939.9800824451445,-71.55446156945486,-71.55446156945486
2939.9900824451447,-71.55476931825245,-71.55476931825245
2940.0000824451445,-71.555081238599,-71.555081238599
2940.0100824451447,-71.55539751325895,-71.55539751325895
2940.0200824451445,-71.55571832221567,-71.55571832221567
2940.0300824451447,-71.55604384268541,-71.55604384268541
2940.0400824451444,-71.55637424914185,-71.55637424914185
2940.0500824451447,-71.55670971330647,-71.55670971330647
2940.060082445145,-71.55705040420465,-71.55705040420465
2940.0700824451446,-71.55739648813642,-71.55739648813642
2940.080082445145,-71.55774812873074,-71.55774812873074
2940.0900824451446,-71.55810548694579,-71.55810548694579
2940.100082445145,-71.55846872108157,-71.55846872108157
2940.1100824451446,-71.55883798682244,-71.55883798682244
2940.120082445145,-71.55921343723342,-71.55921343723342
2940.1300824451446,-71.55959522278567,-71.55959522278567
2940.140082445145,-71.5599834913864,-71.5599834913864
2940.1500824689865,-71.56037838933094,-71.56037838933094
2940.1600824689867,-71.56078005757435,-71.56078005757435
2940.1700824689865,-71.5611886373617,-71.5611886373617
2940.1800824689867,-71.56160426650881,-71.56160426650881
2940.1900824689865,-71.56202708039126,-71.56202708039126
2940.2000824689867,-71.5624572119284,-71.5624572119284
2940.2100824689865,-71.56288855673321,-71.56288855673321
2940.2200824689867,-71.56331851858795,-71.56331851858795
2940.2300824689864,-71.56374590198784,-71.56374590198784
2940.2400824689867,-71.56417015855985,-71.56417015855985
2940.2500824689864,-71.56459109942286,-71.56459109942286
2940.2600824689866,-71.56500874575502,-71.56500874575502
2940.2700824689864,-71.56542324115026,-71.56542324115026
2940.2800824689866,-71.5658347989395,-71.5658347989395
2940.2900824689864,-71.56624367053394,-71.56624367053394
2940.3000824689866,-71.566650126396,-71.566650126396
2940.3100824689864,-71.56705444477073,-71.56705444477073
2940.3200824689866,-71.56745690502056,-71.56745690502056
2940.3300824689863,-71.56785778386909,-71.56785778386909
2940.3400824689866,-71.56825735333145,-71.56825735333145
2940.3500824689863,-71.56865587972759,-71.56865587972759
2940.3600824689865,-71.56905362328615,-71.56905362328615
2940.3700824689863,-71.56945083815371,-71.56945083815371
2940.3800824689865,-71.56984777253317,-71.56984777253317
2940.3900824689863,-71.57024466899945,-71.57024466899945
2940.4000824689865,-71.57064176479835,-71.57064176479835
2940.4100824689867,-71.57103929219568,-71.57103929219568
2940.4200824689865,-71.57143747877787,-71.57143747877787
2940.4300824689867,-71.57183654774703,-71.57183654774703
2940.4400824689865,-71.57223671818596,-71.57223671818596
2940.4500824689867,-71.57263820529546,-71.57263820529546
2940.4600824689865,-71.5730412205926,-71.5730412205926
2940.4700824689867,-71.57344597208262,-71.57344597208262
2940.4800824689864,-71.57385266445297,-71.57385266445297
2940.4900824689867,-71.57426149915601,-71.57426149915601
2940.5000824689864,-71.57467267455169,-71.57467267455169
2940.5100824689866,-71.57508638601796,-71.57508638601796
2940.5200824689864,-71.57550282601686,-71.57550282601686
2940.5300824689866,-71.5759221841797,-71.5759221841797
2940.5400824689864,-71.57634464736783,-71.57634464736783
2940.5500824689866,-71.57677039972515,-71.57677039972515
2940.5600824689864,-71.57719962273258,-71.57719962273258
2940.5700824689866,-71.5776324952542,-71.5776324952542
2940.5800824689863,-71.57806919356773,-71.57806919356773
2940.5900824689866,-71.57850989138379,-71.57850989138379
2940.6000824689863,-71.57895475990524,-71.57895475990524
2940.6100824689865,-71.57940396782163,-71.57940396782163
2940.6200824689863,-71.57985768137034,-71.57985768137034
2940.6300824689865,-71.5803160643269,-71.5803160643269
2940.6400824689863,-71.5807792780252,-71.5807792780252
2940.6500824689865,-71.581247481404,-71.581247481404
2940.6600824689867,-71.58172083098617,-71.58172083098617
2940.6700824689865,-71.58219948093739,-71.58219948093739
2940.6800824689867,-71.58268358304764,-71.58268358304764
2940.6900824689865,-71.58317328676091,-71.58317328676091
2940.7000824689867,-71.58366873919947,-71.58366873919947
2940.7100824689865,-71.58417008515794,-71.58417008515794
2940.7200824689867,-71.58467746714446,-71.58467746714446
2940.7300824689864,-71.58519102537578,-71.58519102537578
2940.7400824689867,-71.58571089779343,-71.58571089779343
2940.7500824689864,-71.5862372200927,-71.5862372200927
2940.7600824689866,-71.58677012572626,-71.58677012572626
2940.7700824689864,-71.5873097459286,-71.5873097459286
2940.7800824689866,-71.58785620971676,-71.58785620971676
2940.7900824689864,-71.58840964392776,-71.58840964392776
2940.8000824689866,-71.58897017320767,-71.58897017320767
2940.8100824689864,-71.58953792005711,-71.58953792005711
2940.8200824689866,-71.5901130048243,-71.5901130048243
2940.8300824689863,-71.59069554573476,-71.59069554573476
2940.8400824689866,-71.59128565890879,-71.59128565890879
2940.8500824689863,-71.59188345836918,-71.59188345836918
2940.8600824689865,-71.59248905606914,-71.59248905606914
2940.8700824689863,-71.59310256189626,-71.59310256189626
2940.8800824689865,-71.5937240837058,-71.5937240837058
2940.8900824689863,-71.59435372733131,-71.59435372733131
2940.9000824689865,-71.59499159660066,-71.59499159660066
2940.9100824689867,-71.59563779335741,-71.59563779335741
2940.9200824689865,-71.59629241748029,-71.59629241748029
2940.9300824689867,-71.59695556691014,-71.59695556691014
2940.9400824689865,-71.5976273376333,-71.5976273376333
2940.9500824689867,-71.59830782374652,-71.59830782374652
2940.9600824689865,-71.59899087961082,-71.59899087961082
2940.9700824689867,-71.59967386971533,-71.59967386971533
2940.9800824689864,-71.60035556034919,-71.60035556034919
2940.9900824689867,-71.6010353656779,-71.6010353656779
2941.0000824928284,-71.60171306162616,-71.60171306162616
2941.0100824928286,-71.60238862989914,-71.60238862989914
2941.0200824928284,-71.60306218003092,-71.60306218003092
2941.0300824928286,-71.60373389019696,-71.60373389019696
2941.0400824928283,-71.6044039771531,-71.6044039771531
2941.0500824928286,-71.60507267723128,-71.60507267723128
2941.0600824928283,-71.60574023500915,-71.60574023500915
2941.0700824928285,-71.60640689669086,-71.60640689669086
2941.0800824928283,-71.60707290632361,-71.60707290632361
2941.0900824928285,-71.6077385037333,-71.6077385037333
2941.1000824928283,-71.60840392351298,-71.60840392351298
2941.1100824928285,-71.60906939464822,-71.60906939464822
2941.1200824928283,-71.60973514049893,-71.60973514049893
2941.1300824928285,-71.61040137895435,-71.61040137895435
2941.1400824928282,-71.61106832272465,-71.61106832272465
2941.1500824928285,-71.6117361796677,-71.6117361796677
2941.160082492828,-71.61240515308457,-71.61240515308457
2941.1700824928284,-71.61307544205171,-71.61307544205171
2941.180082492828,-71.61374724171476,-71.61374724171476
2941.1900824928284,-71.61442074352264,-71.61442074352264
2941.200082492828,-71.61509613547616,-71.61509613547616
2941.2100824928284,-71.61577360231516,-71.61577360231516
2941.220082492828,-71.6164533257193,-71.6164533257193
2941.2300824928284,-71.61713548441392,-71.61713548441392
2941.240082492828,-71.61782025435272,-71.61782025435272
2941.2500824928284,-71.61850780878544,-71.61850780878544
2941.2600824928286,-71.6191983183757,-71.6191983183757
2941.2700824928284,-71.61989195128288,-71.61989195128288
2941.2800824928286,-71.6205888732193,-71.6205888732193
2941.2900824928283,-71.6212892475236,-71.6212892475236
2941.3000824928286,-71.62199323520005,-71.62199323520005
2941.3100824928283,-71.62270099496364,-71.62270099496364
2941.3200824928285,-71.62341268329757,-71.62341268329757
2941.3300824928283,-71.6241284544503,-71.6241284544503
2941.3400824928285,-71.62484846048919,-71.62484846048919
2941.3500824928283,-71.62557285132137,-71.62557285132137
2941.3600824928285,-71.62630177471242,-71.62630177471242
2941.3700824928283,-71.62703537629962,-71.62703537629962
2941.3800824928285,-71.62777379962402,-71.62777379962402
2941.3900824928282,-71.62851718612477,-71.62851718612477
2941.4000824928285,-71.62926567517681,-71.62926567517681
2941.410082492828,-71.63001940408877,-71.63001940408877
2941.4200824928284,-71.63077850811011,-71.63077850811011
2941.430082492828,-71.6315431204759,-71.6315431204759
2941.4400824928284,-71.63231337236495,-71.63231337236495
2941.450082492828,-71.63308939295408,-71.63308939295408
2941.4600824928284,-71.63387130942571,-71.63387130942571
2941.470082492828,-71.63465924694486,-71.63465924694486
2941.4800824928284,-71.63545332871864,-71.63545332871864
2941.490082492828,-71.63625367597169,-71.63625367597169
2941.5000824928284,-71.63706040795442,-71.63706040795442
2941.5100824928286,-71.63787364198761,-71.63787364198761
2941.5200824928284,-71.6386934934485,-71.6386934934485
2941.5300824928286,-71.63952007578435,-71.63952007578435
2941.5400824928283,-71.64035350052868,-71.64035350052868
2941.5500824928286,-71.64119387730233,-71.64119387730233
2941.5600824928283,-71.64204131385162,-71.64204131385162
2941.5700824928285,-71.64289591604165,-71.64289591604165
2941.5800824928283,-71.64375778786989,-71.64375778786989
2941.5900824928285,-71.64462703147666,-71.64462703147666
2941.6000824928283,-71.64550374716472,-71.64550374716472
2941.6100824928285,-71.6463880334224,-71.6463880334224
2941.6200824928283,-71.64727998691892,-71.64727998691892
2941.6300824928285,-71.64817970252635,-71.64817970252635
2941.6400824928282,-71.64908727333251,-71.64908727333251
2941.6500824928285,-71.6500027906658,-71.6500027906658
2941.660082492828,-71.65092634409547,-71.65092634409547
2941.6700824928284,-71.65185802145704,-71.65185802145704
2941.680082492828,-71.65279790886204,-71.65279790886204
2941.6900824928284,-71.6537460907081,-71.6537460907081
2941.700082492828,-71.65470264970392,-71.65470264970392
2941.7100824928284,-71.65566142388431,-71.65566142388431
2941.720082492828,-71.65661976412686,-71.65661976412686
2941.7300824928284,-71.65757642427432,-71.65757642427432
2941.740082492828,-71.65853080672505,-71.65853080672505
2941.7500824928284,-71.6594826744593,-71.6594826744593
2941.7600824928286,-71.66043200145872,-71.66043200145872
2941.7700824928284,-71.661378884958,-71.661378884958
2941.7800824928286,-71.66232349272084,-71.66232349272084
2941.7900824928283,-71.66326603135064,-71.66326603135064
2941.8000824928286,-71.66420672723004,-71.66420672723004
2941.8100824928283,-71.6651458152179,-71.6651458152179
2941.8200824928285,-71.66608353201804,-71.66608353201804
2941.8300824928283,-71.6670201123777,-71.6670201123777
2941.8400824928285,-71.66795578701829,-71.66795578701829
2941.85008251667,-71.66889078388095,-71.66889078388095
2941.8600825166704,-71.66982531878158,-71.66982531878158
2941.87008251667,-71.67075960878675,-71.67075960878675
2941.8800825166704,-71.6716938634739,-71.6716938634739
2941.89008251667,-71.67262828740326,-71.67262828740326
2941.9000825166704,-71.67356308045548,-71.67356308045548
2941.91008251667,-71.67449843815149,-71.67449843815149
2941.9200825166704,-71.67543455195491,-71.67543455195491
2941.93008251667,-71.67637160955276,-71.67637160955276
2941.9400825166704,-71.67730979512226,-71.67730979512226
2941.95008251667,-71.67824928954919,-71.67824928954919
2941.9600825166704,-71.6791840258131,-71.6791840258131
2941.97008251667,-71.68011144956967,-71.68011144956967
2941.9800825166703,-71.6810304087937,-71.6810304087937
2941.99008251667,-71.68194039917596,-71.68194039917596
2942.0000825166703,-71.68284127620957,-71.68284127620957
2942.01008251667,-71.68373310561502,-71.68373310561502
2942.0200825166703,-71.68461607564426,-71.68461607564426
2942.03008251667,-71.68549044439746,-71.68549044439746
2942.0400825166703,-71.68635650814379,-71.68635650814379
2942.05008251667,-71.68721458231319,-71.68721458231319
2942.0600825166703,-71.68806499021265,-71.68806499021265
2942.07008251667,-71.68890805638162,-71.68890805638162
2942.0800825166702,-71.68974410283501,-71.68974410283501
2942.09008251667,-71.69057344698048,-71.69057344698048
2942.10008251667,-71.6913964006345,-71.6913964006345
2942.1100825166704,-71.69221326962972,-71.69221326962972
2942.12008251667,-71.69302435377064,-71.69302435377064
2942.1300825166704,-71.69382994702104,-71.69382994702104
2942.14008251667,-71.69463033775915,-71.69463033775915
2942.1500825166704,-71.69542580909281,-71.69542580909281
2942.16008251667,-71.69621663918029,-71.69621663918029
2942.1700825166704,-71.69700310151767,-71.69700310151767
2942.18008251667,-71.69778546522008,-71.69778546522008
2942.1900825166704,-71.69856399526823,-71.69856399526823
2942.20008251667,-71.69933895273614,-71.69933895273614
2942.2100825166704,-71.70011059496277,-71.70011059496277
2942.22008251667,-71.70087917573693,-71.70087917573693
2942.2300825166703,-71.70164494541693,-71.70164494541693
2942.24008251667,-71.70240815106666,-71.70240815106666
2942.2500825166703,-71.70316903654822,-71.70316903654822
2942.26008251667,-71.70392784260636,-71.70392784260636
2942.2700825166703,-71.70468480694633,-71.70468480694633
2942.28008251667,-71.70544016430061,-71.70544016430061
2942.2900825166703,-71.70619414645802,-71.70619414645802
2942.30008251667,-71.70694698233432,-71.70694698233432
2942.3100825166703,-71.70769889797847,-71.70769889797847
2942.32008251667,-71.70845011664129,-71.70845011664129
2942.3300825166702,-71.70920085876304,-71.70920085876304
2942.34008251667,-71.70995134202602,-71.70995134202602
2942.35008251667,-71.71070178134349,-71.71070178134349
2942.3600825166704,-71.71145238891238,-71.71145238891238
2942.37008251667,-71.71220337419072,-71.71220337419072
2942.3800825166704,-71.71295494393794,-71.71295494393794
2942.39008251667,-71.71370730222053,-71.71370730222053
2942.4000825166704,-71.71446065040801,-71.71446065040801
2942.41008251667,-71.71521518721367,-71.71521518721367
2942.4200825166704,-71.71597110867047,-71.71597110867047
2942.43008251667,-71.71672860815492,-71.71672860815492
2942.4400825166704,-71.71748787642102,-71.71748787642102
2942.45008251667,-71.71824910157027,-71.71824910157027
2942.4600825166704,-71.71901246908733,-71.71901246908733
2942.47008251667,-71.71977816183131,-71.71977816183131
2942.4800825166703,-71.72054636006814,-71.72054636006814
2942.49008251667,-71.72131724147987,-71.72131724147987
2942.5000825166703,-71.72209098114978,-71.72209098114978
2942.51008251667,-71.72286775161352,-71.72286775161352
2942.5200825166703,-71.72364772281946,-71.72364772281946
2942.53008251667,-71.72443106221894,-71.72443106221894
2942.5400825166703,-71.72521793469002,-71.72521793469002
2942.55008251667,-71.72600850262168,-71.72600850262168
2942.5600825166703,-71.72680292590266,-71.72680292590266
2942.57008251667,-71.7276013619095,-71.7276013619095
2942.5800825166702,-71.72840396557578,-71.72840396557578
2942.59008251667,-71.72921088937923,-71.72921088937923
2942.60008251667,-71.73002228333829,-71.73002228333829
2942.6100825166704,-71.73083829506965,-71.73083829506965
2942.62008251667,-71.73165906977965,-71.73165906977965
2942.6300825166704,-71.7324847502853,-71.7324847502853
2942.64008251667,-71.73331547703953,-71.73331547703953
2942.6500825166704,-71.73415138813577,-71.73415138813577
2942.66008251667,-71.73499261934795,-71.73499261934795
2942.6700825166704,-71.73583930412376,-71.73583930412376
2942.68008251667,-71.73669157364101,-71.73669157364101
2942.6900825166704,-71.73754955677143,-71.73754955677143
2942.700082540512,-71.73841338221179,-71.73841338221179
2942.7100825405123,-71.7392831702673,-71.7392831702673
2942.720082540512,-71.74015904515745,-71.74015904515745
2942.7300825405123,-71.74104112687988,-71.74104112687988
2942.740082540512,-71.74192953325534,-71.74192953325534
2942.7500825405123,-71.74282437994822,-71.74282437994822
2942.760082540512,-71.74372578050259,-71.74372578050259
2942.7700825405122,-71.74463384634008,-71.74463384634008
2942.780082540512,-71.74554868680676,-71.74554868680676
2942.7900825405122,-71.74647040918364,-71.74647040918364
2942.800082540512,-71.74739911869821,-71.74739911869821
2942.810082540512,-71.74833491854311,-71.74833491854311
2942.820082540512,-71.7492779099335,-71.7492779099335
2942.830082540512,-71.75022819209339,-71.75022819209339
2942.840082540512,-71.75118586228778,-71.75118586228778
2942.850082540512,-71.75215101583807,-71.75215101583807
2942.860082540512,-71.75312374615655,-71.75312374615655
2942.870082540512,-71.75410414477197,-71.75410414477197
2942.880082540512,-71.75509230132606,-71.75509230132606
2942.890082540512,-71.75608830362313,-71.75608830362313
2942.900082540512,-71.75709223762136,-71.75709223762136
2942.910082540512,-71.75810418748709,-71.75810418748709
2942.920082540512,-71.75912423560416,-71.75912423560416
2942.930082540512,-71.76015246258402,-71.76015246258402
2942.940082540512,-71.76118894729576,-71.76118894729576
2942.950082540512,-71.7622337668872,-71.7622337668872
2942.9600825405123,-71.76328074483006,-71.76328074483006
2942.970082540512,-71.76432722239659,-71.76432722239659
2942.9800825405123,-71.76537194578329,-71.76537194578329
2942.990082540512,-71.76641431060754,-71.76641431060754
2943.0000825405123,-71.76745407354333,-71.76745407354333
2943.010082540512,-71.76849120255973,-71.76849120255973
2943.0200825405122,-71.76952578903138,-71.76952578903138
2943.030082540512,-71.77055799498805,-71.77055799498805
2943.0400825405122,-71.77158802134049,-71.77158802134049
2943.050082540512,-71.77261608883754,-71.77261608883754
2943.060082540512,-71.77364242675668,-71.77364242675668
2943.070082540512,-71.77466726624618,-71.77466726624618
2943.080082540512,-71.77569083650421,-71.77569083650421
2943.090082540512,-71.77671336277828,-71.77671336277828
2943.100082540512,-71.77773506530407,-71.77773506530407
2943.110082540512,-71.77875615893682,-71.77875615893682
2943.120082540512,-71.77977685312558,-71.77977685312558
2943.130082540512,-71.78079735210336,-71.78079735210336
2943.140082540512,-71.78181785511524,-71.78181785511524
2943.150082540512,-71.78283855680169,-71.78283855680169
2943.160082540512,-71.78385964746097,-71.78385964746097
2943.170082540512,-71.78488131340937,-71.78488131340937
2943.180082540512,-71.78590373722714,-71.78590373722714
2943.190082540512,-71.78692709803957,-71.78692709803957
2943.200082540512,-71.78795157172291,-71.78795157172291
2943.2100825405123,-71.78897733113863,-71.78897733113863
2943.220082540512,-71.79000454627587,-71.79000454627587
2943.2300825405123,-71.79103338440896,-71.79103338440896
2943.240082540512,-71.79206401023526,-71.79206401023526
2943.2500825405123,-71.79309658596262,-71.79309658596262
2943.260082540512,-71.7941312714385,-71.7941312714385
2943.2700825405122,-71.79516822419153,-71.79516822419153
2943.280082540512,-71.79620759952621,-71.79620759952621
2943.2900825405122,-71.79724955057729,-71.79724955057729
2943.300082540512,-71.79829422833359,-71.79829422833359
2943.310082540512,-71.79934178171318,-71.79934178171318
2943.320082540512,-71.8003923575856,-71.8003923575856
2943.330082540512,-71.80144610079263,-71.80144610079263
2943.340082540512,-71.8025031541929,-71.8025031541929
2943.350082540512,-71.80356365866182,-71.80356365866182
2943.360082540512,-71.80462775314012,-71.80462775314012
2943.370082540512,-71.80569557461648,-71.80569557461648
2943.380082540512,-71.8067672581751,-71.8067672581751
2943.390082540512,-71.80784293699688,-71.80784293699688
2943.400082540512,-71.8089227423505,-71.8089227423505
2943.410082540512,-71.8100068036347,-71.8100068036347
2943.420082540512,-71.81109524838021,-71.81109524838021
2943.430082540512,-71.8121882022507,-71.8121882022507
2943.440082540512,-71.81328578905718,-71.81328578905718
2943.450082540512,-71.8143881307686,-71.8143881307686
2943.4600825405123,-71.81549534751466,-71.81549534751466
2943.470082540512,-71.81660755760207,-71.81660755760207
2943.4800825405123,-71.81772487751049,-71.81772487751049
2943.490082540512,-71.81884742192987,-71.81884742192987
2943.5000825405123,-71.81997530373562,-71.81997530373562
2943.510082540512,-71.82110863402289,-71.82110863402289
2943.5200825405122,-71.82224752209142,-71.82224752209142
2943.530082540512,-71.82339207547832,-71.82339207547832
2943.5400825405122,-71.8245423999532,-71.8245423999532
2943.550082564354,-71.8256986022953,-71.8256986022953
2943.560082564354,-71.8268607793057,-71.8268607793057
2943.570082564354,-71.82802903424073,-71.82802903424073
2943.580082564354,-71.82920346593558,-71.82920346593558
2943.590082564354,-71.83038417151877,-71.83038417151877
2943.600082564354,-71.83157124639597,-71.83157124639597
2943.610082564354,-71.83276478430491,-71.83276478430491
2943.620082564354,-71.83396487730185,-71.83396487730185
2943.630082564354,-71.8351716157895,-71.8351716157895
2943.640082564354,-71.83638508849832,-71.83638508849832
2943.650082564354,-71.83760538254563,-71.83760538254563
2943.660082564354,-71.83883258340863,-71.83883258340863
2943.670082564354,-71.84006677496279,-71.84006677496279
2943.680082564354,-71.84130803947622,-71.84130803947622
2943.690082564354,-71.84255645764325,-71.84255645764325
2943.700082564354,-71.84381210857127,-71.84381210857127
2943.710082564354,-71.84506881020346,-71.84506881020346
2943.720082564354,-71.84632390222356,-71.84632390222356
2943.730082564354,-71.84757613091647,-71.84757613091647
2943.740082564354,-71.84882489281303,-71.84882489281303
2943.7500825643538,-71.85006994603864,-71.85006994603864
2943.760082564354,-71.8513112603576,-71.8513112603576
2943.7700825643537,-71.85254892922035,-71.85254892922035
2943.780082564354,-71.85378311692465,-71.85378311692465
2943.7900825643537,-71.8550140268407,-71.8550140268407
2943.800082564354,-71.85624188232083,-71.85624188232083
2943.810082564354,-71.85746691538212,-71.85746691538212
2943.820082564354,-71.85868936001896,-71.85868936001896
2943.830082564354,-71.8599094484213,-71.8599094484213
2943.840082564354,-71.86112740889516,-71.86112740889516
2943.850082564354,-71.8623434648383,-71.8623434648383
2943.860082564354,-71.86355783436666,-71.86355783436666
2943.870082564354,-71.86477073027618,-71.86477073027618
2943.880082564354,-71.86598236020497,-71.86598236020497
2943.890082564354,-71.867192926896,-71.867192926896
2943.900082564354,-71.86840262853613,-71.86840262853613
2943.910082564354,-71.86961165905787,-71.86961165905787
2943.920082564354,-71.87082020844133,-71.87082020844133
2943.930082564354,-71.87202846299604,-71.87202846299604
2943.940082564354,-71.87323660563194,-71.87323660563194
2943.950082564354,-71.87444481605523,-71.87444481605523
2943.960082564354,-71.8756532709889,-71.8756532709889
2943.970082564354,-71.8768621443388,-71.8768621443388
2943.980082564354,-71.87807160732335,-71.87807160732335
2943.990082564354,-71.8792818286129,-71.8792818286129
2944.0000825643538,-71.88049297442878,-71.88049297442878
2944.010082564354,-71.88170520864328,-71.88170520864328
2944.0200825643537,-71.88291869285418,-71.88291869285418
2944.030082564354,-71.88413358644091,-71.88413358644091
2944.0400825643537,-71.88535004663069,-71.88535004663069
2944.050082564354,-71.8865682285403,-71.8865682285403
2944.060082564354,-71.88778828521998,-71.88778828521998
2944.070082564354,-71.88901036767295,-71.88901036767295
2944.080082564354,-71.89023462490017,-71.89023462490017
2944.090082564354,-71.8914612039261,-71.8914612039261
2944.100082564354,-71.8926902497996,-71.8926902497996
2944.110082564354,-71.89392190563254,-71.89392190563254
2944.120082564354,-71.89515631259482,-71.89515631259482
2944.130082564354,-71.89639360995415,-71.89639360995415
2944.140082564354,-71.89763393506136,-71.89763393506136
2944.150082564354,-71.89886595615782,-71.89886595615782
2944.160082564354,-71.90007705805826,-71.90007705805826
2944.170082564354,-71.90125728187428,-71.90125728187428
2944.180082564354,-71.9023994490234,-71.9023994490234
2944.190082564354,-71.9034984399507,-71.9034984399507
2944.200082564354,-71.90455053771149,-71.90455053771149
2944.210082564354,-71.90554670894747,-71.90554670894747
2944.220082564354,-71.9064821013224,-71.9064821013224
2944.230082564354,-71.90735373986058,-71.90735373986058
2944.240082564354,-71.90815964988344,-71.90815964988344
2944.2500825643538,-71.90889848909319,-71.90889848909319
2944.260082564354,-71.90956934382535,-71.90956934382535
2944.2700825643537,-71.91017160333281,-71.91017160333281
2944.280082564354,-71.91070487925035,-71.91070487925035
2944.2900825643537,-71.9111689528544,-71.9111689528544
2944.300082564354,-71.91156373940176,-71.91156373940176
2944.310082564354,-71.91188926338718,-71.91188926338718
2944.320082564354,-71.9121456406792,-71.9121456406792
2944.330082564354,-71.91233306517034,-71.91233306517034
2944.340082564354,-71.91245179849525,-71.91245179849525
2944.350082564354,-71.91250216180035,-71.91250216180035
2944.360082564354,-71.91248452904715,-71.91248452904715
2944.370082564354,-71.9123993213114,-71.9123993213114
2944.380082564354,-71.91224700198498,-71.91224700198498
2944.390082564354,-71.91202807255762,-71.91202807255762
2944.400082588196,-71.91174306823112,-71.91174306823112
2944.410082588196,-71.91139255718113,-71.91139255718113
2944.420082588196,-71.9109771340588,-71.9109771340588
2944.430082588196,-71.91049741952986,-71.91049741952986
2944.4400825881958,-71.90995405736697,-71.90995405736697
2944.450082588196,-71.90934771227099,-71.90934771227099
2944.4600825881957,-71.9086728069112,-71.9086728069112
2944.470082588196,-71.9079273082038,-71.9079273082038
2944.4800825881957,-71.90711060781366,-71.90711060781366
2944.490082588196,-71.90622276334811,-71.90622276334811
2944.5000825881957,-71.9052642080749,-71.9052642080749
2944.510082588196,-71.90423559955956,-71.90423559955956
2944.5200825881957,-71.90313773051142,-71.90313773051142
2944.530082588196,-71.90197147480735,-71.90197147480735
2944.5400825881957,-71.90073775465748,-71.90073775465748
2944.550082588196,-71.89943752059132,-71.89943752059132
2944.5600825881957,-71.898071739162,-71.898071739162
2944.570082588196,-71.89664138547606,-71.89664138547606
2944.5800825881956,-71.89514743857335,-71.89514743857335
2944.590082588196,-71.89359087861232,-71.89359087861232
2944.6000825881956,-71.89197268516462,-71.89197268516462
2944.610082588196,-71.89029383613759,-71.89029383613759
2944.6200825881956,-71.88855530714198,-71.88855530714198
2944.630082588196,-71.88675807106526,-71.88675807106526
2944.6400825881956,-71.8849030978104,-71.8849030978104
2944.650082588196,-71.88299135406645,-71.88299135406645
2944.660082588196,-71.88102380315598,-71.88102380315598
2944.670082588196,-71.87900140488145,-71.87900140488145
2944.680082588196,-71.87692511536737,-71.87692511536737
2944.6900825881958,-71.87479588691059,-71.87479588691059
2944.700082588196,-71.87261466781916,-71.87261466781916
2944.7100825881957,-71.87038240226192,-71.87038240226192
2944.720082588196,-71.86810003005908,-71.86810003005908
2944.7300825881957,-71.86576848655189,-71.86576848655189
2944.740082588196,-71.86338870238913,-71.86338870238913
2944.7500825881957,-71.86096160338496,-71.86096160338496
2944.760082588196,-71.8584881103052,-71.8584881103052
2944.7700825881957,-71.85596913870714,-71.85596913870714
2944.780082588196,-71.85340559877909,-71.85340559877909
2944.7900825881957,-71.8507983951584,-71.8507983951584
2944.800082588196,-71.84814842676384,-71.84814842676384
2944.8100825881957,-71.84545658664906,-71.84545658664906
2944.820082588196,-71.8426795404129,-71.8426795404129
2944.8300825881956,-71.83979949353738,-71.83979949353738
2944.840082588196,-71.836808419713,-71.836808419713
2944.8500825881956,-71.8337024925414,-71.8337024925414
2944.860082588196,-71.8304800138386,-71.8304800138386
2944.8700825881956,-71.82714045809439,-71.82714045809439
2944.880082588196,-71.82368397447173,-71.82368397447173
2944.8900825881956,-71.82011111266416,-71.82011111266416
2944.900082588196,-71.8164226682075,-71.8164226682075
2944.910082588196,-71.81261959434896,-71.81261959434896
2944.920082588196,-71.80870295140471,-71.80870295140471
2944.930082588196,-71.80467387735034,-71.80467387735034
2944.9400825881958,-71.80053357048357,-71.80053357048357
2944.950082588196,-71.7962832787653,-71.7962832787653
2944.9600825881957,-71.79191804894617,-71.79191804894617
2944.970082588196,-71.787436488355,-71.787436488355
2944.9800825881957,-71.78283864545297,-71.78283864545297
2944.990082588196,-71.77812525039779,-71.77812525039779
2945.0000825881957,-71.77329742370716,-71.77329742370716
2945.010082588196,-71.76835652388999,-71.76835652388999
2945.0200825881957,-71.7633040570956,-71.7633040570956
2945.030082588196,-71.7581416219271,-71.7581416219271
2945.0400825881957,-71.75287087541236,-71.75287087541236
2945.050082588196,-71.74749351170973,-71.74749351170973
2945.0600825881957,-71.7420112486773,-71.7420112486773
2945.070082588196,-71.73642581918935,-71.73642581918935
2945.0800825881956,-71.73073896542762,-71.73073896542762
2945.090082588196,-71.72495243500053,-71.72495243500053
2945.1000825881956,-71.71906797822116,-71.71906797822116
2945.110082588196,-71.71308734613439,-71.71308734613439
2945.1200825881956,-71.70701228894993,-71.70701228894993
2945.130082588196,-71.70084455484042,-71.70084455484042
2945.1400825881956,-71.69458588887797,-71.69458588887797
2945.150082588196,-71.68823803211859,-71.68823803211859
2945.160082588196,-71.68180272077144,-71.68180272077144
2945.170082588196,-71.6752816854368,-71.6752816854368
2945.180082588196,-71.66867665038303,-71.66867665038303
2945.1900825881958,-71.66198933286572,-71.66198933286572
2945.200082588196,-71.65522144246349,-71.65522144246349
2945.2100825881957,-71.64837468048576,-71.64837468048576
2945.220082588196,-71.6414507393774,-71.6414507393774
2945.2300825881957,-71.63445130213549,-71.63445130213549
2945.240082588196,-71.62737804177921,-71.62737804177921
2945.2500826120377,-71.62023260383441,-71.62023260383441
2945.260082612038,-71.61301667371478,-71.61301667371478
2945.2700826120376,-71.60573187484098,-71.60573187484098
2945.280082612038,-71.5983798355181,-71.5983798355181
2945.2900826120376,-71.59096217182042,-71.59096217182042
2945.300082612038,-71.58348048717808,-71.58348048717808
2945.3100826120376,-71.57593637206185,-71.57593637206185
2945.320082612038,-71.56833140360331,-71.56833140360331
2945.3300826120376,-71.56066714532841,-71.56066714532841
2945.340082612038,-71.55294514683428,-71.55294514683428
2945.3500826120376,-71.54516694355847,-71.54516694355847
2945.360082612038,-71.5373340565088,-71.5373340565088
2945.3700826120375,-71.52944799206266,-71.52944799206266
2945.3800826120378,-71.52151024174871,-71.52151024174871
2945.3900826120375,-71.5135222820759,-71.5135222820759
2945.4000826120377,-71.50548557434789,-71.50548557434789
2945.4100826120375,-71.49740156453446,-71.49740156453446
2945.4200826120377,-71.48927168313382,-71.48927168313382
2945.4300826120375,-71.48109734505712,-71.48109734505712
2945.4400826120377,-71.47287994950695,-71.47287994950695
2945.4500826120375,-71.46462087993633,-71.46462087993633
2945.4600826120377,-71.45632150393185,-71.45632150393185
2945.4700826120375,-71.44798317318221,-71.44798317318221
2945.4800826120377,-71.43960722341257,-71.43960722341257
2945.4900826120374,-71.43119497437306,-71.43119497437306
2945.5000826120377,-71.4227477297893,-71.4227477297893
2945.510082612038,-71.41426677736632,-71.41426677736632
2945.5200826120376,-71.40575338878507,-71.40575338878507
2945.530082612038,-71.39720881970591,-71.39720881970591
2945.5400826120376,-71.38863430979474,-71.38863430979474
2945.550082612038,-71.38003108274229,-71.38003108274229
2945.5600826120376,-71.37140034630258,-71.37140034630258
2945.570082612038,-71.36274329230996,-71.36274329230996
2945.5800826120376,-71.35406109677811,-71.35406109677811
2945.590082612038,-71.34535491990782,-71.34535491990782
2945.6000826120376,-71.33662590619161,-71.33662590619161
2945.610082612038,-71.32787518443175,-71.32787518443175
2945.6200826120375,-71.3191038678835,-71.3191038678835
2945.6300826120378,-71.31031305426534,-71.31031305426534
2945.6400826120375,-71.30150382590558,-71.30150382590558
2945.6500826120377,-71.29267724979212,-71.29267724979212
2945.6600826120375,-71.28383437768002,-71.28383437768002
2945.6700826120377,-71.2749762462001,-71.2749762462001
2945.6800826120375,-71.26610387694784,-71.26610387694784
2945.6900826120377,-71.25721827660017,-71.25721827660017
2945.7000826120375,-71.2483204370271,-71.2483204370271
2945.7100826120377,-71.23941133540515,-71.23941133540515
2945.7200826120375,-71.23049193432213,-71.23049193432213
2945.7300826120377,-71.22156318190812,-71.22156318190812
2945.7400826120374,-71.21262601196393,-71.21262601196393
2945.7500826120377,-71.20368134406453,-71.20368134406453
2945.760082612038,-71.19473008370362,-71.19473008370362
2945.7700826120376,-71.1857731224227,-71.1857731224227
2945.780082612038,-71.17681133791237,-71.17681133791237
2945.7900826120376,-71.16784559420019,-71.16784559420019
2945.800082612038,-71.15887674171917,-71.15887674171917
2945.8100826120376,-71.14990561748499,-71.14990561748499
2945.820082612038,-71.14093304521714,-71.14093304521714
2945.8300826120376,-71.13195983547787,-71.13195983547787
2945.840082612038,-71.12298678580312,-71.12298678580312
2945.8500826120376,-71.11401468084831,-71.11401468084831
2945.860082612038,-71.10504429252055,-71.10504429252055
2945.8700826120375,-71.09607638013047,-71.09607638013047
2945.8800826120378,-71.08711169050939,-71.08711169050939
2945.8900826120375,-71.07815095817335,-71.07815095817335
2945.9000826120377,-71.06919490543311,-71.06919490543311
2945.9100826120375,-71.0602442425646,-71.0602442425646
2945.9200826120377,-71.05129966792609,-71.05129966792609
2945.9300826120375,-71.04236186811357,-71.04236186811357
2945.9400826120377,-71.03343151808787,-71.03343151808787
2945.9500826120375,-71.02450928131294,-71.02450928131294
2945.9600826120377,-71.01559580990799,-71.01559580990799
2945.9700826120375,-71.00669174477808,-71.00669174477808
2945.9800826120377,-70.99779771574164,-70.99779771574164
2945.9900826120374,-70.98891434168328,-70.98891434168328
2946.0000826120377,-70.98004223068736,-70.98004223068736
2946.010082612038,-70.97118198016699,-70.97118198016699
2946.0200826120376,-70.962334177,-70.962334177
2946.030082612038,-70.95349939766612,-70.95349939766612
2946.0400826120376,-70.9446782083886,-70.9446782083886
2946.050082612038,-70.93587116524473,-70.93587116524473
2946.0600826120376,-70.92707881432791,-70.92707881432791
2946.070082612038,-70.91830169185174,-70.91830169185174
2946.0800826120376,-70.90954032430204,-70.90954032430204
2946.090082612038,-70.9007952285467,-70.9007952285467
2946.1000826358795,-70.89206689118872,-70.89206689118872
2946.1100826358797,-70.88335585187859,-70.88335585187859
2946.1200826358795,-70.87466257861051,-70.87466257861051
2946.1300826358797,-70.86598755108135,-70.86598755108135
2946.1400826358795,-70.85733124002059,-70.85733124002059
2946.1500826358797,-70.8486941073022,-70.8486941073022
2946.1600826358795,-70.84007660605802,-70.84007660605802
2946.1700826358797,-70.83147918082332,-70.83147918082332
2946.1800826358794,-70.8229022676255,-70.8229022676255
2946.1900826358797,-70.81434629412058,-70.81434629412058
2946.2000826358794,-70.80581167971029,-70.80581167971029
2946.2100826358796,-70.79729883564409,-70.79729883564409
2946.2200826358794,-70.78880816515583,-70.78880816515583
2946.2300826358796,-70.78034006355881,-70.78034006355881
2946.2400826358794,-70.77189491836191,-70.77189491836191
2946.2500826358796,-70.76347310938381,-70.76347310938381
2946.2600826358794,-70.7550750088761,-70.7550750088761
2946.2700826358796,-70.7467009815936,-70.7467009815936
2946.2800826358794,-70.73835138495127,-70.73835138495127
2946.2900826358796,-70.73002656909522,-70.73002656909522
2946.3000826358793,-70.7217268770122,-70.7217268770122
2946.3100826358796,-70.71345264464946,-70.71345264464946
2946.3200826358793,-70.70520420100773,-70.70520420100773
2946.3300826358795,-70.69698186823292,-70.69698186823292
2946.3400826358793,-70.68878596173077,-70.68878596173077
2946.3500826358795,-70.68061679026312,-70.68061679026312
2946.3600826358797,-70.67247465603977,-70.67247465603977
2946.3700826358795,-70.66435985482437,-70.66435985482437
2946.3800826358797,-70.6562726760094,-70.6562726760094
2946.3900826358795,-70.64821340274933,-70.64821340274933
2946.4000826358797,-70.6401823120055,-70.6401823120055
2946.4100826358795,-70.632179674676,-70.632179674676
2946.4200826358797,-70.62420575566799,-70.62420575566799
2946.4300826358794,-70.6162608139894,-70.6162608139894
2946.4400826358797,-70.60834510283676,-70.60834510283676
2946.4500826358794,-70.60045886968946,-70.60045886968946
2946.4600826358796,-70.59260235638754,-70.59260235638754
2946.4700826358794,-70.58477579922192,-70.58477579922192
2946.4800826358796,-70.57697942900916,-70.57697942900916
2946.4900826358794,-70.56921347119972,-70.56921347119972
2946.5000826358796,-70.56147814592295,-70.56147814592295
2946.5100826358794,-70.55377366808634,-70.55377366808634
2946.5200826358796,-70.54610024745985,-70.54610024745985
2946.5300826358794,-70.53845808874274,-70.53845808874274
2946.5400826358796,-70.53084739165499,-70.53084739165499
2946.5500826358793,-70.52326835100276,-70.52326835100276
2946.5600826358796,-70.51572115674392,-70.51572115674392
2946.5700826358793,-70.50820599408873,-70.50820599408873
2946.5800826358795,-70.50072304354694,-70.50072304354694
2946.5900826358793,-70.49327248101842,-70.49327248101842
2946.6000826358795,-70.48585447785909,-70.48585447785909
2946.6100826358797,-70.47846920092871,-70.47846920092871
2946.6200826358795,-70.47111681269898,-70.47111681269898
2946.6300826358797,-70.46379747129855,-70.46379747129855
2946.6400826358795,-70.45651133057636,-70.45651133057636
2946.6500826358797,-70.44925854018317,-70.44925854018317
2946.6600826358795,-70.4420392456275,-70.4420392456275
2946.6700826358797,-70.43485358833325,-70.43485358833325
2946.6800826358794,-70.42770170572203,-70.42770170572203
2946.6900826358797,-70.42058373125846,-70.42058373125846
2946.7000826358794,-70.41349979452268,-70.41349979452268
2946.7100826358796,-70.40645002126058,-70.40645002126058
2946.7200826358794,-70.39943453345253,-70.39943453345253
2946.7300826358796,-70.39245344936342,-70.39245344936342
2946.7400826358794,-70.38550688362129,-70.38550688362129
2946.7500826358796,-70.37859494724579,-70.37859494724579
2946.7600826358794,-70.37171774772406,-70.37171774772406
2946.7700826358796,-70.36487538904962,-70.36487538904962
2946.7800826358794,-70.35806797180663,-70.35806797180663
2946.7900826358796,-70.35129559320222,-70.35129559320222
2946.8000826358793,-70.3445583471208,-70.3445583471208
2946.8100826358796,-70.33785632416131,-70.33785632416131
2946.8200826358793,-70.33118961174328,-70.33118961174328
2946.8300826358795,-70.32455829408224,-70.32455829408224
2946.8400826358793,-70.31796245229997,-70.31796245229997
2946.8500826358795,-70.31140216445513,-70.31140216445513
2946.8600826358797,-70.30487750557637,-70.30487750557637
2946.8700826358795,-70.29838854773242,-70.29838854773242
2946.8800826358797,-70.29193536006845,-70.29193536006845
2946.8900826358795,-70.28551800885666,-70.28551800885666
2946.9000826358797,-70.27913655753608,-70.27913655753608
2946.9100826358795,-70.27279106675743,-70.27279106675743
2946.9200826358797,-70.26648159444332,-70.26648159444332
2946.9300826358794,-70.26020819581673,-70.26020819581673
2946.9400826358797,-70.25397092344335,-70.25397092344335
2946.9500826597214,-70.24776981252032,-70.24776981252032
2946.9600826597216,-70.2416049400587,-70.2416049400587
2946.9700826597214,-70.23547633607033,-70.23547633607033
2946.9800826597216,-70.22938404291855,-70.22938404291855
2946.9900826597213,-70.22332810054736,-70.22332810054736
2947.0000826597216,-70.2173085464819,-70.2173085464819
2947.0100826597213,-70.21132541588783,-70.21132541588783
2947.0200826597215,-70.20537874159123,-70.20537874159123
2947.0300826597213,-70.1994685541346,-70.1994685541346
2947.0400826597215,-70.19359488180653,-70.19359488180653
2947.0500826597213,-70.18775775067427,-70.18775775067427
2947.0600826597215,-70.18195718463382,-70.18195718463382
2947.0700826597213,-70.17619320541901,-70.17619320541901
2947.0800826597215,-70.1704658326619,-70.1704658326619
2947.0900826597212,-70.16477508392771,-70.16477508392771
2947.1000826597215,-70.15912097473088,-70.15912097473088
2947.1100826597212,-70.15350351857201,-70.15350351857201
2947.1200826597214,-70.14792272698685,-70.14792272698685
2947.130082659721,-70.14237860957037,-70.14237860957037
2947.1400826597214,-70.13687117399252,-70.13687117399252
2947.150082659721,-70.13140042605497,-70.13140042605497
2947.1600826597214,-70.12596636971178,-70.12596636971178
2947.170082659721,-70.12056900709821,-70.12056900709821
2947.1800826597214,-70.1152083385597,-70.1152083385597
2947.190082659721,-70.1098843626787,-70.1098843626787
2947.2000826597214,-70.10459707632668,-70.10459707632668
2947.2100826597216,-70.09934647465668,-70.09934647465668
2947.2200826597214,-70.09413255116466,-70.09413255116466
2947.2300826597216,-70.08895529769768,-70.08895529769768
2947.2400826597213,-70.08381470448376,-70.08381470448376
2947.2500826597216,-70.07871076017611,-70.07871076017611
2947.2600826597213,-70.07364345185083,-70.07364345185083
2947.2700826597215,-70.06861276505539,-70.06861276505539
2947.2800826597213,-70.06361868382969,-70.06361868382969
2947.2900826597215,-70.05866119073097,-70.05866119073097
2947.3000826597213,-70.05374026684922,-70.05374026684922
2947.3100826597215,-70.0488558918499,-70.0488558918499
2947.3200826597213,-70.04400804399056,-70.04400804399056
2947.3300826597215,-70.03919670013411,-70.03919670013411
2947.3400826597212,-70.03442183579328,-70.03442183579328
2947.3500826597215,-70.02968342513351,-70.02968342513351
2947.3600826597212,-70.02498144101757,-70.02498144101757
2947.3700826597214,-70.0203158549918,-70.0203158549918
2947.380082659721,-70.01568663737044,-70.01568663737044
2947.3900826597214,-70.01109375717834,-70.01109375717834
2947.400082659721,-70.00653718224294,-70.00653718224294
2947.4100826597214,-70.00201687918171,-70.00201687918171
2947.420082659721,-69.99753281342221,-69.99753281342221
2947.4300826597214,-69.9930849492276,-69.9930849492276
2947.440082659721,-69.98867324972845,-69.98867324972845
2947.4500826597214,-69.98429767692879,-69.98429767692879
2947.4600826597216,-69.97995210705847,-69.97995210705847
2947.4700826597214,-69.97563385042902,-69.97563385042902
2947.4800826597216,-69.9713415885653,-69.9713415885653
2947.4900826597213,-69.96707463671707,-69.96707463671707
2947.5000826597216,-69.96283266247416,-69.96283266247416
2947.5100826597213,-69.95861553956388,-69.95861553956388
2947.5200826597215,-69.95442326203106,-69.95442326203106
2947.5300826597213,-69.95025589270351,-69.95025589270351
2947.5400826597215,-69.94611353214512,-69.94611353214512
2947.5500826597213,-69.94199630005427,-69.94199630005427
2947.5600826597215,-69.93790432418325,-69.93790432418325
2947.5700826597213,-69.93383773389911,-69.93383773389911
2947.5800826597215,-69.9297966564939,-69.9297966564939
2947.5900826597212,-69.92578121518196,-69.92578121518196
2947.6000826597215,-69.92179152819466,-69.92179152819466
2947.6100826597212,-69.91782770840494,-69.91782770840494
2947.6200826597214,-69.91388986334256,-69.91388986334256
2947.630082659721,-69.90997809541163,-69.90997809541163
2947.6400826597214,-69.90609250216554,-69.90609250216554
2947.650082659721,-69.9022331766799,-69.9022331766799
2947.6600826597214,-69.89840020786929,-69.89840020786929
2947.670082659721,-69.89459368083259,-69.89459368083259
2947.6800826597214,-69.89081367713551,-69.89081367713551
2947.690082659721,-69.88706027510496,-69.88706027510496
2947.7000826597214,-69.88333355005004,-69.88333355005004
2947.7100826597216,-69.87962749769194,-69.87962749769194
2947.7200826597214,-69.87593954108289,-69.87593954108289
2947.7300826597216,-69.87226847112284,-69.87226847112284
2947.7400826597213,-69.86861371030473,-69.86861371030473
2947.7500826597216,-69.86497503186555,-69.86497503186555
2947.7600826597213,-69.86135241385347,-69.86135241385347
2947.7700826597215,-69.85774595356392,-69.85774595356392
2947.7800826597213,-69.85415581607677,-69.85415581607677
2947.7900826597215,-69.85058220332617,-69.85058220332617
2947.8000826835632,-69.84702532710978,-69.84702532710978
2947.8100826835635,-69.84348543193984,-69.84348543193984
2947.820082683563,-69.83996273772141,-69.83996273772141
2947.8300826835634,-69.83645747005107,-69.83645747005107
2947.840082683563,-69.83296984976113,-69.83296984976113
2947.8500826835634,-69.82950009195945,-69.82950009195945
2947.860082683563,-69.82604840570228,-69.82604840570228
2947.8700826835634,-69.82261499400194,-69.82261499400194
2947.880082683563,-69.81920005402274,-69.81920005402274
2947.8900826835634,-69.81580377738032,-69.81580377738032
2947.900082683563,-69.8124263504732,-69.8124263504732
2947.9100826835634,-69.8090679548323,-69.8090679548323
2947.920082683563,-69.80572876741816,-69.80572876741816
2947.9300826835633,-69.80240896093389,-69.80240896093389
2947.940082683563,-69.79910870409529,-69.79910870409529
2947.9500826835633,-69.79582816183807,-69.79582816183807
2947.960082683563,-69.79256749555725,-69.79256749555725
2947.9700826835633,-69.78932686326212,-69.78932686326212
2947.980082683563,-69.786106419739,-69.786106419739
2947.9900826835633,-69.78290631668509,-69.78290631668509
2948.000082683563,-69.7797267028033,-69.7797267028033
2948.0100826835633,-69.7765677239354,-69.7765677239354
2948.020082683563,-69.77342952309745,-69.77342952309745
2948.0300826835633,-69.7703122405871,-69.7703122405871
2948.040082683563,-69.76721601402667,-69.76721601402667
2948.0500826835632,-69.76414097842455,-69.76414097842455
2948.0600826835635,-69.76108726619746,-69.76108726619746
2948.070082683563,-69.75805500723409,-69.75805500723409
2948.0800826835634,-69.75504432890705,-69.75504432890705
2948.090082683563,-69.75205535611197,-69.75205535611197
2948.1000826835634,-69.74908821129992,-69.74908821129992
2948.110082683563,-69.74614301447446,-69.74614301447446
2948.1200826835634,-69.74321988323223,-69.74321988323223
2948.130082683563,-69.74031893277176,-69.74031893277176
2948.1400826835634,-69.73744027590679,-69.73744027590679
2948.150082683563,-69.73458402309389,-69.73458402309389
2948.1600826835634,-69.73175028243892,-69.73175028243892
2948.170082683563,-69.72893915969289,-69.72893915969289
2948.1800826835633,-69.72615075829013,-69.72615075829013
2948.190082683563,-69.72338517936487,-69.72338517936487
2948.2000826835633,-69.72064252173074,-69.72064252173074
2948.210082683563,-69.71792288193367,-69.71792288193367
2948.2200826835633,-69.71522635422038,-69.71522635422038
2948.230082683563,-69.71255303060228,-69.71255303060228
2948.2400826835633,-69.70990300082539,-69.70990300082539
2948.250082683563,-69.70727635240242,-69.70727635240242
2948.2600826835633,-69.70467317061755,-69.70467317061755
2948.270082683563,-69.7020935385652,-69.7020935385652
2948.2800826835633,-69.69953753713119,-69.69953753713119
2948.290082683563,-69.69700524501742,-69.69700524501742
2948.3000826835632,-69.69449673876963,-69.69449673876963
2948.3100826835635,-69.69201209279456,-69.69201209279456
2948.320082683563,-69.68955137933993,-69.68955137933993
2948.3300826835634,-69.68711466855737,-69.68711466855737
2948.340082683563,-69.68470202849629,-69.68470202849629
2948.3500826835634,-69.68231352510804,-69.68231352510804
2948.360082683563,-69.67994922229445,-69.67994922229445
2948.3700826835634,-69.6776091818895,-69.6776091818895
2948.380082683563,-69.67529346372257,-69.67529346372257
2948.3900826835634,-69.6730021255733,-69.6730021255733
2948.400082683563,-69.67073522326172,-69.67073522326172
2948.4100826835634,-69.66849281060713,-69.66849281060713
2948.420082683563,-69.66627493948964,-69.66627493948964
2948.4300826835633,-69.6640816598338,-69.6640816598338
2948.440082683563,-69.66191301966249,-69.66191301966249
2948.4500826835633,-69.65976906508236,-69.65976906508236
2948.460082683563,-69.65764984032965,-69.65764984032965
2948.4700826835633,-69.65555538778516,-69.65555538778516
2948.480082683563,-69.6534857479822,-69.6534857479822
2948.4900826835633,-69.6514409596397,-69.6514409596397
2948.500082683563,-69.64942105967047,-69.64942105967047
2948.5100826835633,-69.64742608321305,-69.64742608321305
2948.520082683563,-69.64545606365981,-69.64545606365981
2948.5300826835633,-69.64351103263795,-69.64351103263795
2948.540082683563,-69.64159102007777,-69.64159102007777
2948.5500826835632,-69.63969605421248,-69.63969605421248
2948.5600826835635,-69.63782616159185,-69.63782616159185
2948.570082683563,-69.63598136711683,-69.63598136711683
2948.5800826835634,-69.63416169404569,-69.63416169404569
2948.590082683563,-69.63236716403301,-69.63236716403301
2948.6000826835634,-69.63059779713396,-69.63059779713396
2948.610082683563,-69.62885361184047,-69.62885361184047
2948.6200826835634,-69.627134625076,-69.627134625076
2948.630082683563,-69.62544085224577,-69.62544085224577
2948.6400826835634,-69.62377230723662,-69.62377230723662
2948.650082707405,-69.62212899855469,-69.62212899855469
2948.6600827074053,-69.62051094500406,-69.62051094500406
2948.670082707405,-69.61891815209114,-69.61891815209114
2948.6800827074053,-69.61735062786522,-69.61735062786522
2948.690082707405,-69.61580837897365,-69.61580837897365
2948.7000827074053,-69.61429141066176,-69.61429141066176
2948.710082707405,-69.61279972682678,-69.61279972682678
2948.7200827074053,-69.61133332999341,-69.61133332999341
2948.730082707405,-69.60989222138072,-69.60989222138072
2948.7400827074052,-69.60847640086418,-69.60847640086418
2948.750082707405,-69.6070858670604,-69.6070858670604
2948.760082707405,-69.60572061729565,-69.60572061729565
2948.770082707405,-69.60438064765358,-69.60438064765358
2948.780082707405,-69.60306595297592,-69.60306595297592
2948.790082707405,-69.60177652688493,-69.60177652688493
2948.800082707405,-69.60051236182967,-69.60051236182967
2948.810082707405,-69.59927344905373,-69.59927344905373
2948.820082707405,-69.59805977866108,-69.59805977866108
2948.830082707405,-69.5968713396091,-69.5968713396091
2948.840082707405,-69.59570811972617,-69.59570811972617
2948.850082707405,-69.59457010574447,-69.59457010574447
2948.860082707405,-69.59345728329276,-69.59345728329276
2948.870082707405,-69.59236963695146,-69.59236963695146
2948.880082707405,-69.59130715023453,-69.59130715023453
2948.890082707405,-69.59026980562017,-69.59026980562017
2948.900082707405,-69.58925758457232,-69.58925758457232
2948.9100827074053,-69.58827046755694,-69.58827046755694
2948.920082707405,-69.58730843404618,-69.58730843404618
2948.9300827074053,-69.58637146254836,-69.58637146254836
2948.940082707405,-69.58545953061561,-69.58545953061561
2948.9500827074053,-69.58457261487028,-69.58457261487028
2948.960082707405,-69.58371069100781,-69.58371069100781
2948.9700827074053,-69.58287373381698,-69.58287373381698
2948.980082707405,-69.58206171720994,-69.58206171720994
2948.9900827074052,-69.58127461421218,-69.58127461421218
2949.000082707405,-69.58051239700738,-69.58051239700738
2949.010082707405,-69.57977503690991,-69.57977503690991
2949.020082707405,-69.57906250442458,-69.57906250442458
2949.030082707405,-69.57837476924358,-69.57837476924358
2949.040082707405,-69.57771180024814,-69.57771180024814
2949.050082707405,-69.57707356554178,-69.57707356554178
2949.060082707405,-69.57646003245245,-69.57646003245245
2949.070082707405,-69.57587116755957,-69.57587116755957
2949.080082707405,-69.57530693669847,-69.57530693669847
2949.090082707405,-69.57476730495905,-69.57476730495905
2949.100082707405,-69.57425223672962,-69.57425223672962
2949.110082707405,-69.57376169569419,-69.57376169569419
2949.120082707405,-69.57329564484581,-69.57329564484581
2949.130082707405,-69.5728540464926,-69.5728540464926
2949.140082707405,-69.5724368622926,-69.5724368622926
2949.150082707405,-69.57204405324663,-69.57204405324663
2949.1600827074053,-69.57167557970877,-69.57167557970877
2949.170082707405,-69.57133140141617,-69.57133140141617
2949.1800827074053,-69.5710114774876,-69.5710114774876
2949.190082707405,-69.57071576643696,-69.57071576643696
2949.2000827074053,-69.57044422618843,-69.57044422618843
2949.210082707405,-69.57019681408697,-69.57019681408697
2949.2200827074053,-69.56997348691078,-69.56997348691078
2949.230082707405,-69.56977420087458,-69.56977420087458
2949.2400827074052,-69.56959891165857,-69.56959891165857
2949.250082707405,-69.56944757439794,-69.56944757439794
2949.260082707405,-69.56932014370533,-69.56932014370533
2949.270082707405,-69.5692165736845,-69.5692165736845
2949.280082707405,-69.56913681793306,-69.56913681793306
2949.290082707405,-69.56908082956085,-69.56908082956085
2949.300082707405,-69.56904856119428,-69.56904856119428
2949.310082707405,-69.56903996497753,-69.56903996497753
2949.320082707405,-69.56905499260202,-69.56905499260202
2949.330082707405,-69.56909359531802,-69.56909359531802
2949.340082707405,-69.56915572390443,-69.56915572390443
2949.350082707405,-69.56924132872356,-69.56924132872356
2949.360082707405,-69.56935035972067,-69.56935035972067
2949.370082707405,-69.56948276640954,-69.56948276640954
2949.380082707405,-69.56963849790893,-69.56963849790893
2949.390082707405,-69.56981750294112,-69.56981750294112
2949.400082707405,-69.5700197298359,-69.5700197298359
2949.4100827074053,-69.57024512654772,-69.57024512654772
2949.420082707405,-69.57049364066043,-69.57049364066043
2949.4300827074053,-69.57076521939828,-69.57076521939828
2949.440082707405,-69.57105980962113,-69.57105980962113
2949.4500827074053,-69.57137735785017,-69.57137735785017
2949.460082707405,-69.57171781027363,-69.57171781027363
2949.4700827074053,-69.57208111273198,-69.57208111273198
2949.480082707405,-69.57246721077475,-69.57246721077475
2949.4900827074052,-69.57287604960531,-69.57287604960531
2949.500082731247,-69.57330757517884,-69.57330757517884
2949.510082731247,-69.57376173010641,-69.57376173010641
2949.520082731247,-69.57423845966424,-69.57423845966424
2949.530082731247,-69.57473770789146,-69.57473770789146
2949.540082731247,-69.57525941855255,-69.57525941855255
2949.550082731247,-69.5758035351348,-69.5758035351348
2949.560082731247,-69.57637000086154,-69.57637000086154
2949.570082731247,-69.5769587587076,-69.5769587587076
2949.580082731247,-69.5775697513914,-69.5775697513914
2949.590082731247,-69.57820292138905,-69.57820292138905
2949.600082731247,-69.57885821094112,-69.57885821094112
2949.610082731247,-69.57953556205744,-69.57953556205744
2949.620082731247,-69.58023491652682,-69.58023491652682
2949.630082731247,-69.58095621591691,-69.58095621591691
2949.640082731247,-69.5816994015815,-69.5816994015815
2949.650082731247,-69.58246441467668,-69.58246441467668
2949.660082731247,-69.58325119615009,-69.58325119615009
2949.670082731247,-69.58405968676443,-69.58405968676443
2949.680082731247,-69.58488982709558,-69.58488982709558
2949.690082731247,-69.58574155752514,-69.58574155752514
2949.7000827312468,-69.58661481826758,-69.58661481826758
2949.710082731247,-69.58750954936119,-69.58750954936119
2949.7200827312467,-69.58842569069071,-69.58842569069071
2949.730082731247,-69.58936318196236,-69.58936318196236
2949.7400827312467,-69.59032196273913,-69.59032196273913
2949.750082731247,-69.59130197242268,-69.59130197242268
2949.760082731247,-69.59230315028672,-69.59230315028672
2949.770082731247,-69.59332543545614,-69.59332543545614
2949.780082731247,-69.59436876692405,-69.59436876692405
2949.790082731247,-69.5954330835448,-69.5954330835448
2949.800082731247,-69.59651832404506,-69.59651832404506
2949.810082731247,-69.59762442705879,-69.59762442705879
2949.820082731247,-69.5987513310668,-69.5987513310668
2949.830082731247,-69.5998989744659,-69.5998989744659
2949.840082731247,-69.6010672955261,-69.6010672955261
2949.850082731247,-69.60225623243207,-69.60225623243207
2949.860082731247,-69.60346572325783,-69.60346572325783
2949.870082731247,-69.60469570598978,-69.60469570598978
2949.880082731247,-69.60594611851421,-69.60594611851421
2949.890082731247,-69.60721689865066,-69.60721689865066
2949.900082731247,-69.60850798411492,-69.60850798411492
2949.910082731247,-69.60981931256266,-69.60981931256266
2949.920082731247,-69.61115082157038,-69.61115082157038
2949.930082731247,-69.61250244863997,-69.61250244863997
2949.940082731247,-69.61387413120416,-69.61387413120416
2949.9500827312468,-69.61526580665473,-69.61526580665473
2949.960082731247,-69.61667741229678,-69.61667741229678
2949.9700827312467,-69.61810888539516,-69.61810888539516
2949.980082731247,-69.61956016316988,-69.61956016316988
2949.9900827312467,-69.62103118277372,-69.62103118277372
2950.000082731247,-69.62252188132942,-69.62252188132942
2950.010082731247,-69.62403219592095,-69.62403219592095
2950.020082731247,-69.62556206357962,-69.62556206357962
2950.030082731247,-69.62711142131319,-69.62711142131319
2950.040082731247,-69.6286802061051,-69.6286802061051
2950.050082731247,-69.63026835488468,-69.63026835488468
2950.060082731247,-69.6318758045863,-69.6318758045863
2950.070082731247,-69.6335024921045,-69.6335024921045
2950.080082731247,-69.63514835431836,-69.63514835431836
2950.090082731247,-69.63681332809092,-69.63681332809092
2950.100082731247,-69.63849735027661,-69.63849735027661
2950.110082731247,-69.64020035771536,-69.64020035771536
2950.120082731247,-69.64192228724747,-69.64192228724747
2950.130082731247,-69.64366307569611,-69.64366307569611
2950.140082731247,-69.6454226598969,-69.6454226598969
2950.150082731247,-69.64720097666785,-69.64720097666785
2950.160082731247,-69.64899796284602,-69.64899796284602
2950.170082731247,-69.65081355527778,-69.65081355527778
2950.180082731247,-69.65264769080115,-69.65264769080115
2950.190082731247,-69.65450030628124,-69.65450030628124
2950.2000827312468,-69.65637133858148,-69.65637133858148
2950.210082731247,-69.65826072460003,-69.65826072460003
2950.2200827312467,-69.6601684012391,-69.6601684012391
2950.230082731247,-69.66209430543474,-69.66209430543474
2950.2400827312467,-69.66403837413488,-69.66403837413488
2950.250082731247,-69.66600054431687,-69.66600054431687
2950.260082731247,-69.66798075298475,-69.66798075298475
2950.270082731247,-69.66997893717686,-69.66997893717686
2950.280082731247,-69.67199503396117,-69.67199503396117
2950.290082731247,-69.6740289804409,-69.6740289804409
2950.300082731247,-69.67608071375014,-69.67608071375014
2950.310082731247,-69.67815017106615,-69.67815017106615
2950.320082731247,-69.68023728961141,-69.68023728961141
2950.330082731247,-69.68234200664244,-69.68234200664244
2950.340082731247,-69.68446425946416,-69.68446425946416
2950.350082755089,-69.68660399052953,-69.68660399052953
2950.360082755089,-69.68876112709408,-69.68876112709408
2950.370082755089,-69.6909356116415,-69.6909356116415
2950.380082755089,-69.693127381673,-69.693127381673
2950.3900827550888,-69.69533637474993,-69.69533637474993
2950.400082755089,-69.69756252847652,-69.69756252847652
2950.4100827550888,-69.69980578053128,-69.69980578053128
2950.420082755089,-69.7020660686346,-69.7020660686346
2950.4300827550887,-69.70434333057722,-69.70434333057722
2950.440082755089,-69.70663750420297,-69.70663750420297
2950.4500827550887,-69.70894852742872,-69.70894852742872
2950.460082755089,-69.71127633823318,-69.71127633823318
2950.4700827550887,-69.71362087466362,-69.71362087466362
2950.480082755089,-69.71598207483025,-69.71598207483025
2950.4900827550887,-69.7183598769255,-69.7183598769255
2950.500082755089,-69.72075421918987,-69.72075421918987
2950.5100827550887,-69.72316503996183,-69.72316503996183
2950.520082755089,-69.72559227764327,-69.72559227764327
2950.5300827550886,-69.72803587071147,-69.72803587071147
2950.540082755089,-69.73049575772426,-69.73049575772426
2950.5500827550886,-69.73297187731599,-69.73297187731599
2950.560082755089,-69.73546416819717,-69.73546416819717
2950.5700827550886,-69.73797256916701,-69.73797256916701
2950.580082755089,-69.74049701909401,-69.74049701909401
2950.5900827550886,-69.74303745694942,-69.74303745694942
2950.600082755089,-69.74559382177713,-69.74559382177713
2950.610082755089,-69.7481660527013,-69.7481660527013
2950.620082755089,-69.75075408895214,-69.75075408895214
2950.630082755089,-69.75335786982745,-69.75335786982745
2950.6400827550888,-69.75597733473018,-69.75597733473018
2950.650082755089,-69.75861242314015,-69.75861242314015
2950.6600827550888,-69.76126307464556,-69.76126307464556
2950.670082755089,-69.76392922891856,-69.76392922891856
2950.6800827550887,-69.76661082572129,-69.76661082572129
2950.690082755089,-69.76930780491105,-69.76930780491105
2950.7000827550887,-69.77202010645073,-69.77202010645073
2950.710082755089,-69.77474159015426,-69.77474159015426
2950.7200827550887,-69.77746953685886,-69.77746953685886
2950.730082755089,-69.7802025950307,-69.7802025950307
2950.7400827550887,-69.78294004629312,-69.78294004629312
2950.750082755089,-69.78568152504415,-69.78568152504415
2950.7600827550887,-69.78842687286654,-69.78842687286654
2950.770082755089,-69.79117605306176,-69.79117605306176
2950.7800827550886,-69.79392909934306,-69.79392909934306
2950.790082755089,-69.7966860849381,-69.7966860849381
2950.8000827550886,-69.79944710405131,-69.79944710405131
2950.810082755089,-69.80221226081943,-69.80221226081943
2950.8200827550886,-69.80498166282844,-69.80498166282844
2950.830082755089,-69.80775541740249,-69.80775541740249
2950.8400827550886,-69.81053362960007,-69.81053362960007
2950.850082755089,-69.81331640116152,-69.81331640116152
2950.860082755089,-69.8161038301647,-69.8161038301647
2950.870082755089,-69.81889601094649,-69.81889601094649
2950.880082755089,-69.82169303426626,-69.82169303426626
2950.8900827550888,-69.82449498753707,-69.82449498753707
2950.900082755089,-69.82730195514397,-69.82730195514397
2950.9100827550888,-69.83011401870982,-69.83011401870982
2950.920082755089,-69.83293125738103,-69.83293125738103
2950.9300827550887,-69.83575374810498,-69.83575374810498
2950.940082755089,-69.83858156584492,-69.83858156584492
2950.9500827550887,-69.84141478378453,-69.84141478378453
2950.960082755089,-69.84425347350953,-69.84425347350953
2950.9700827550887,-69.84709770515504,-69.84709770515504
2950.980082755089,-69.8499475475234,-69.8499475475234
2950.9900827550887,-69.85280306821937,-69.85280306821937
2951.000082755089,-69.85566433370367,-69.85566433370367
2951.0100827550887,-69.85853140939521,-69.85853140939521
2951.020082755089,-69.8614043597152,-69.8614043597152
2951.0300827550886,-69.8642832481357,-69.8642832481357
2951.040082755089,-69.86716813724166,-69.86716813724166
2951.0500827550886,-69.87005908873198,-69.87005908873198
2951.060082755089,-69.87295616346347,-69.87295616346347
2951.0700827550886,-69.87585942147044,-69.87585942147044
2951.080082755089,-69.87876892195499,-69.87876892195499
2951.0900827550886,-69.88168472333663,-69.88168472333663
2951.100082755089,-69.88460688321553,-69.88460688321553
2951.110082755089,-69.88753545839717,-69.88753545839717
2951.120082755089,-69.89047050492218,-69.89047050492218
2951.130082755089,-69.89341207800435,-69.89341207800435
2951.1400827550888,-69.89636023208004,-69.89636023208004
2951.150082755089,-69.89931502078485,-69.89931502078485
2951.1600827550888,-69.90227649695665,-69.90227649695665
2951.170082755089,-69.90524471262381,-69.90524471262381
2951.1800827550887,-69.90821971901205,-69.90821971901205
2951.190082755089,-69.91120156652484,-69.91120156652484
2951.2000827789307,-69.91419031187696,-69.91419031187696
2951.210082778931,-69.9171859896265,-69.9171859896265
2951.2200827789306,-69.92018865479983,-69.92018865479983
2951.230082778931,-69.92319835450644,-69.92319835450644
2951.2400827789306,-69.9262151350257,-69.9262151350257
2951.250082778931,-69.9292390417871,-69.9292390417871
2951.2600827789306,-69.93227011938318,-69.93227011938318
2951.270082778931,-69.93530841156208,-69.93530841156208
2951.2800827789306,-69.93835396121803,-69.93835396121803
2951.290082778931,-69.9414068103874,-69.9414068103874
2951.3000827789306,-69.94446700026842,-69.94446700026842
2951.310082778931,-69.9475345711936,-69.9475345711936
2951.3200827789306,-69.95060956263877,-69.95060956263877
2951.330082778931,-69.9536920132235,-69.9536920132235
2951.3400827789305,-69.95678196071177,-69.95678196071177
2951.3500827789308,-69.95987944201511,-69.95987944201511
2951.3600827789305,-69.96298449318066,-69.96298449318066
2951.3700827789307,-69.96609714940493,-69.96609714940493
2951.3800827789305,-69.96921744501593,-69.96921744501593
2951.3900827789307,-69.97234541350794,-69.97234541350794
2951.4000827789305,-69.97548108751317,-69.97548108751317
2951.4100827789307,-69.97862449881862,-69.97862449881862
2951.4200827789305,-69.9817756783663,-69.9817756783663
2951.4300827789307,-69.9849346562571,-69.9849346562571
2951.4400827789304,-69.98810146174004,-69.98810146174004
2951.4500827789307,-69.99127612325225,-69.99127612325225
2951.460082778931,-69.99445256791188,-69.99445256791188
2951.4700827789306,-69.99762815307105,-69.99762815307105
2951.480082778931,-70.00080160689075,-70.00080160689075
2951.4900827789306,-70.0039722917084,-70.0039722917084
2951.500082778931,-70.00713992285895,-70.00713992285895
2951.5100827789306,-70.0103044226108,-70.0103044226108
2951.520082778931,-70.01346583454443,-70.01346583454443
2951.5300827789306,-70.01662427207563,-70.01662427207563
2951.540082778931,-70.01977988748622,-70.01977988748622
2951.5500827789306,-70.02293285335793,-70.02293285335793
2951.560082778931,-70.02608335148943,-70.02608335148943
2951.5700827789306,-70.0292315664078,-70.0292315664078
2951.580082778931,-70.03237768163028,-70.03237768163028
2951.5900827789305,-70.03552187766519,-70.03552187766519
2951.6000827789308,-70.03866433096064,-70.03866433096064
2951.6100827789305,-70.04180521354452,-70.04180521354452
2951.6200827789307,-70.0449446929457,-70.0449446929457
2951.6300827789305,-70.04808293236366,-70.04808293236366
2951.6400827789307,-70.05122009089837,-70.05122009089837
2951.6500827789305,-70.05435632385714,-70.05435632385714
2951.6600827789307,-70.05749178303807,-70.05749178303807
2951.6700827789305,-70.06062661701169,-70.06062661701169
2951.6800827789307,-70.06376097139761,-70.06376097139761
2951.6900827789304,-70.06689498907515,-70.06689498907515
2951.7000827789307,-70.0700288104105,-70.0700288104105
2951.710082778931,-70.07315646632482,-70.07315646632482
2951.7200827789306,-70.07627542033879,-70.07627542033879
2951.730082778931,-70.0793845070872,-70.0793845070872
2951.7400827789306,-70.08248319496047,-70.08248319496047
2951.750082778931,-70.0855713046917,-70.0855713046917
2951.7600827789306,-70.08864886326643,-70.08864886326643
2951.770082778931,-70.09171601822342,-70.09171601822342
2951.7800827789306,-70.09477298619791,-70.09477298619791
2951.790082778931,-70.09782002195871,-70.09782002195871
2951.8000827789306,-70.10085739983167,-70.10085739983167
2951.810082778931,-70.10388540266787,-70.10388540266787
2951.8200827789306,-70.10690431531808,-70.10690431531808
2951.830082778931,-70.10991442095599,-70.10991442095599
2951.8400827789305,-70.11291599901583,-70.11291599901583
2951.8500827789308,-70.11590932420374,-70.11590932420374
2951.8600827789305,-70.11889466610305,-70.11889466610305
2951.8700827789307,-70.1218722890898,-70.1218722890898
2951.8800827789305,-70.12484245253424,-70.12484245253424
2951.8900827789307,-70.12780541098881,-70.12780541098881
2951.9000827789305,-70.13076141450603,-70.13076141450603
2951.9100827789307,-70.13371070890787,-70.13371070890787
2951.9200827789305,-70.13665353608125,-70.13665353608125
2951.9300827789307,-70.13959013421156,-70.13959013421156
2951.9400827789304,-70.14252073801565,-70.14252073801565
2951.9500827789307,-70.14544557895633,-70.14544557895633
2951.960082778931,-70.1483587724619,-70.1483587724619
2951.9700827789306,-70.15125786947407,-70.15125786947407
2951.980082778931,-70.15414179271107,-70.15414179271107
2951.9900827789306,-70.15701009850359,-70.15701009850359
2952.000082778931,-70.15986269513128,-70.15986269513128
2952.0100827789306,-70.1626996965255,-70.1626996965255
2952.020082778931,-70.16552133653116,-70.16552133653116
2952.0300827789306,-70.16832791734636,-70.16832791734636
2952.040082778931,-70.17111977855551,-70.17111977855551
2952.0500828027725,-70.17389728513102,-70.17389728513102
2952.0600828027727,-70.17666078987419,-70.17666078987419
2952.0700828027725,-70.17941066674018,-70.17941066674018
2952.0800828027727,-70.18214728049257,-70.18214728049257
2952.0900828027725,-70.18487099134734,-70.18487099134734
2952.1000828027727,-70.18758215396336,-70.18758215396336
2952.1100828027725,-70.19028111704235,-70.19028111704235
2952.1200828027727,-70.19296822326073,-70.19296822326073
2952.1300828027724,-70.19564380943383,-70.19564380943383
2952.1400828027727,-70.19830820672944,-70.19830820672944
2952.1500828027724,-70.20096174098391,-70.20096174098391
2952.1600828027726,-70.20360473296076,-70.20360473296076
2952.1700828027724,-70.2062374986469,-70.2062374986469
2952.1800828027726,-70.20886034948543,-70.20886034948543
2952.1900828027724,-70.211473592647,-70.211473592647
2952.2000828027726,-70.21407753115679,-70.21407753115679
2952.2100828027724,-70.21667246415103,-70.21667246415103
2952.2200828027726,-70.21925868696087,-70.21925868696087
2952.2300828027724,-70.22183649126413,-70.22183649126413
2952.2400828027726,-70.22440616519444,-70.22440616519444
2952.2500828027723,-70.22696799343552,-70.22696799343552
2952.2600828027726,-70.22952225728447,-70.22952225728447
2952.2700828027723,-70.23206923471241,-70.23206923471241
2952.2800828027725,-70.23460920042683,-70.23460920042683
2952.2900828027723,-70.23714242592133,-70.23714242592133
2952.3000828027725,-70.23966917950084,-70.23966917950084
2952.3100828027727,-70.2421897263009,-70.2421897263009
2952.3200828027725,-70.24470432834687,-70.24470432834687
2952.3300828027727,-70.24721324454151,-70.24721324454151
2952.3400828027725,-70.24971673070974,-70.24971673070974
2952.3500828027727,-70.25221503958895,-70.25221503958895
2952.3600828027725,-70.25470842086227,-70.25470842086227
2952.3700828027727,-70.25719712116441,-70.25719712116441
2952.3800828027724,-70.25968138408611,-70.25968138408611
2952.3900828027727,-70.26216145018766,-70.26216145018766
2952.4000828027724,-70.26463755702825,-70.26463755702825
2952.4100828027726,-70.2671099391356,-70.2671099391356
2952.4200828027724,-70.26957882804152,-70.26957882804152
2952.4300828027726,-70.27204445229384,-70.27204445229384
2952.4400828027724,-70.27450703745991,-70.27450703745991
2952.4500828027726,-70.27696680612264,-70.27696680612264
2952.4600828027724,-70.27942397792454,-70.27942397792454
2952.4700828027726,-70.28187876952731,-70.28187876952731
2952.4800828027724,-70.28433139467676,-70.28433139467676
2952.4900828027726,-70.2867820641871,-70.2867820641871
2952.5000828027723,-70.2892309859601,-70.2892309859601
2952.5100828027726,-70.29167836497626,-70.29167836497626
2952.5200828027723,-70.29412440335489,-70.29412440335489
2952.5300828027725,-70.29656930031754,-70.29656930031754
2952.5400828027723,-70.29901325224765,-70.29901325224765
2952.5500828027725,-70.30145645267129,-70.30145645267129
2952.5600828027727,-70.3038990922869,-70.3038990922869
2952.5700828027725,-70.30634135899378,-70.30634135899378
2952.5800828027727,-70.30878343788045,-70.30878343788045
2952.5900828027725,-70.31122551129091,-70.31122551129091
2952.6000828027727,-70.31366775877142,-70.31366775877142
2952.6100828027725,-70.31611035716135,-70.31611035716135
2952.6200828027727,-70.31855348057287,-70.31855348057287
2952.6300828027724,-70.32099730041466,-70.32099730041466
2952.6400828027727,-70.32344198541875,-70.32344198541875
2952.6500828027724,-70.32588770166839,-70.32588770166839
2952.6600828027726,-70.32833461260009,-70.32833461260009
2952.6700828027724,-70.33078287904587,-70.33078287904587
2952.6800828027726,-70.33323265923316,-70.33323265923316
2952.6900828027724,-70.33568410883389,-70.33568410883389
2952.7000828027726,-70.3381373809584,-70.3381373809584
2952.7100828027724,-70.34059262620472,-70.34059262620472
2952.7200828027726,-70.34304999265407,-70.34304999265407
2952.7300828027724,-70.34550962592992,-70.34550962592992
2952.7400828027726,-70.34797166917514,-70.34797166917514
2952.7500828027723,-70.35043626312452,-70.35043626312452
2952.7600828027726,-70.35290354608462,-70.35290354608462
2952.7700828027723,-70.35537365399706,-70.35537365399706
2952.7800828027725,-70.35784672044038,-70.35784672044038
2952.7900828027723,-70.36032287664563,-70.36032287664563
2952.8000828027725,-70.3628022515481,-70.3628022515481
2952.8100828027727,-70.36528497179026,-70.36528497179026
2952.8200828027725,-70.36777116175226,-70.36777116175226
2952.8300828027727,-70.3702609435822,-70.3702609435822
2952.8400828027725,-70.3727544372069,-70.3727544372069
2952.8500828027727,-70.37525176037252,-70.37525176037252
2952.8600828027725,-70.37775302866775,-70.37775302866775
2952.8700828027727,-70.380258355526,-70.380258355526
2952.8800828027724,-70.38276785228078,-70.38276785228078
2952.8900828027727,-70.38528162817121,-70.38528162817121
2952.9000828266144,-70.38779979636952,-70.38779979636952
2952.9100828266146,-70.3903224500321,-70.3903224500321
2952.9200828266144,-70.39284969825714,-70.39284969825714
2952.9300828266146,-70.39538164216513,-70.39538164216513
2952.9400828266143,-70.39791838092474,-70.39791838092474
2952.9500828266146,-70.40046001174203,-70.40046001174203
2952.9600828266143,-70.4030066299207,-70.4030066299207
2952.9700828266145,-70.40555832885158,-70.40555832885158
2952.9800828266143,-70.4081152000718,-70.4081152000718
2952.9900828266145,-70.41067733326028,-70.41067733326028
2953.0000828266143,-70.41324481626948,-70.41324481626948
2953.0100828266145,-70.41581773515406,-70.41581773515406
2953.0200828266143,-70.41839617419286,-70.41839617419286
2953.0300828266145,-70.42098021590711,-70.42098021590711
2953.0400828266143,-70.42356994108181,-70.42356994108181
2953.0500828266145,-70.42616542879695,-70.42616542879695
2953.0600828266142,-70.42876675644084,-70.42876675644084
2953.0700828266145,-70.4313739997472,-70.4313739997472
2953.080082826614,-70.43398723280134,-70.43398723280134
2953.0900828266144,-70.43660652806311,-70.43660652806311
2953.100082826614,-70.43923195640264,-70.43923195640264
2953.1100828266144,-70.44186358711141,-70.44186358711141
2953.120082826614,-70.44450148792484,-70.44450148792484
2953.1300828266144,-70.4471457250321,-70.4471457250321
2953.140082826614,-70.44979636313569,-70.44979636313569
2953.1500828266144,-70.4524534654223,-70.4524534654223
2953.1600828266146,-70.45511709361652,-70.45511709361652
2953.1700828266144,-70.45778730798853,-70.45778730798853
2953.1800828266146,-70.46046416738284,-70.46046416738284
2953.1900828266143,-70.46314772923694,-70.46314772923694
2953.2000828266146,-70.46583804958424,-70.46583804958424
2953.2100828266143,-70.46853518310117,-70.46853518310117
2953.2200828266145,-70.47123918309553,-70.47123918309553
2953.2300828266143,-70.47395010156356,-70.47395010156356
2953.2400828266145,-70.4766679891765,-70.4766679891765
2953.2500828266143,-70.47939289531314,-70.47939289531314
2953.2600828266145,-70.48212486807357,-70.48212486807357
2953.2700828266143,-70.48486395430595,-70.48486395430595
2953.2800828266145,-70.48761019961846,-70.48761019961846
2953.2900828266143,-70.4903636483875,-70.4903636483875
2953.3000828266145,-70.49312434379794,-70.49312434379794
2953.3100828266142,-70.49589232785239,-70.49589232785239
2953.3200828266145,-70.49866764136422,-70.49866764136422
2953.330082826614,-70.50145032402746,-70.50145032402746
2953.3400828266144,-70.5042404143695,-70.5042404143695
2953.350082826614,-70.50703794982505,-70.50703794982505
2953.3600828266144,-70.50984296671446,-70.50984296671446
2953.370082826614,-70.51265550027355,-70.51265550027355
2953.3800828266144,-70.51547558467746,-70.51547558467746
2953.390082826614,-70.51830325304383,-70.51830325304383
2953.4000828266144,-70.52113853745631,-70.52113853745631
2953.4100828266146,-70.52398146897718,-70.52398146897718
2953.4200828266144,-70.52683207766091,-70.52683207766091
2953.4300828266146,-70.52969039256872,-70.52969039256872
2953.4400828266143,-70.53255644179252,-70.53255644179252
2953.4500828266146,-70.53543025246049,-70.53543025246049
2953.4600828266143,-70.53830570412516,-70.53830570412516
2953.4700828266145,-70.54118013288927,-70.54118013288927
2953.4800828266143,-70.54405225604243,-70.54405225604243
2953.4900828266145,-70.5469214298264,-70.5469214298264
2953.5000828266143,-70.5497873660692,-70.5497873660692
2953.5100828266145,-70.55264998501386,-70.55264998501386
2953.5200828266143,-70.55550932905027,-70.55550932905027
2953.5300828266145,-70.55836551081549,-70.55836551081549
2953.5400828266143,-70.56121868205572,-70.56121868205572
2953.5500828266145,-70.5640690148559,-70.5640690148559
2953.5600828266142,-70.56691669054268,-70.56691669054268
2953.5700828266145,-70.56976189311105,-70.56976189311105
2953.580082826614,-70.5726048055094,-70.5726048055094
2953.5900828266144,-70.57544560757171,-70.57544560757171
2953.600082826614,-70.5782844750465,-70.5782844750465
2953.6100828266144,-70.58112157915757,-70.58112157915757
2953.620082826614,-70.58395708659289,-70.58395708659289
2953.6300828266144,-70.58679115965353,-70.58679115965353
2953.640082826614,-70.58962395650211,-70.58962395650211
2953.6500828266144,-70.59245563146625,-70.59245563146625
2953.6600828266146,-70.59528633534683,-70.59528633534683
2953.6700828266144,-70.59811621569446,-70.59811621569446
2953.6800828266146,-70.60094541707876,-70.60094541707876
2953.6900828266143,-70.6037740813412,-70.6037740813412
2953.7000828266146,-70.60660234780315,-70.60660234780315
2953.7100828266143,-70.6094303534284,-70.6094303534284
2953.7200828266145,-70.61225823301662,-70.61225823301662
2953.7300828266143,-70.61508611932429,-70.61508611932429
2953.7400828266145,-70.61791414314675,-70.61791414314675
2953.7500828504562,-70.62074244022037,-70.62074244022037
2953.7600828504565,-70.62357112430385,-70.62357112430385
2953.770082850456,-70.62640032766548,-70.62640032766548
2953.7800828504564,-70.62923017423,-70.62923017423
2953.790082850456,-70.63206078633705,-70.63206078633705
2953.8000828504564,-70.63489228478544,-70.63489228478544
2953.810082850456,-70.63772478886783,-70.63772478886783
2953.8200828504564,-70.64055841639143,-70.64055841639143
2953.830082850456,-70.64339328371062,-70.64339328371062
2953.8400828504564,-70.64622950572085,-70.64622950572085
2953.850082850456,-70.64906719589895,-70.64906719589895
2953.8600828504564,-70.6519064662931,-70.6519064662931
2953.870082850456,-70.6547474275478,-70.6547474275478
2953.8800828504563,-70.65759018890097,-70.65759018890097
2953.890082850456,-70.66043485820198,-70.66043485820198
2953.9000828504563,-70.66328154188278,-70.66328154188278
2953.910082850456,-70.6661303450126,-70.6661303450126
2953.9200828504563,-70.66898137125474,-70.66898137125474
2953.930082850456,-70.67183472289784,-70.67183472289784
2953.9400828504563,-70.67469050083663,-70.67469050083663
2953.950082850456,-70.67754880460002,-70.67754880460002
2953.9600828504563,-70.68040973231956,-70.68040973231956
2953.970082850456,-70.68327338076618,-70.68327338076618
2953.9800828504563,-70.68613984531957,-70.68613984531957
2953.990082850456,-70.68900921999645,-70.68900921999645
2954.0000828504562,-70.69188159744049,-70.69188159744049
2954.0100828504565,-70.69475706893573,-70.69475706893573
2954.020082850456,-70.69763572437414,-70.69763572437414
2954.0300828504564,-70.70051765231273,-70.70051765231273
2954.040082850456,-70.70340293994242,-70.70340293994242
2954.0500828504564,-70.70629167309079,-70.70629167309079
2954.060082850456,-70.7091839362367,-70.7091839362367
2954.0700828504564,-70.71207981252321,-70.71207981252321
2954.080082850456,-70.71497938374456,-70.71497938374456
2954.0900828504564,-70.71788273035574,-70.71788273035574
2954.100082850456,-70.7207899314947,-70.7207899314947
2954.1100828504564,-70.72370106495642,-70.72370106495642
2954.120082850456,-70.72661620723711,-70.72661620723711
2954.1300828504563,-70.72953543350052,-70.72953543350052
2954.140082850456,-70.7324588176268,-70.7324588176268
2954.1500828504563,-70.7353864321928,-70.7353864321928
2954.160082850456,-70.73831834848845,-70.73831834848845
2954.1700828504563,-70.74125463651039,-70.74125463651039
2954.180082850456,-70.74419536499467,-70.74419536499467
2954.1900828504563,-70.74714060140526,-70.74714060140526
2954.200082850456,-70.75009041196026,-70.75009041196026
2954.2100828504563,-70.75304486161502,-70.75304486161502
2954.220082850456,-70.756004014113,-70.756004014113
2954.2300828504563,-70.7589679319383,-70.7589679319383
2954.240082850456,-70.76193667637816,-70.76193667637816
2954.2500828504562,-70.7649103074972,-70.7649103074972
2954.2600828504565,-70.76788888416846,-70.76788888416846
2954.270082850456,-70.77087246408136,-70.77087246408136
2954.2800828504564,-70.77386110373764,-70.77386110373764
2954.290082850456,-70.77685485847657,-70.77685485847657
2954.3000828504564,-70.7798537824763,-70.7798537824763
2954.310082850456,-70.78285792877008,-70.78285792877008
2954.3200828504564,-70.78586734925314,-70.78586734925314
2954.330082850456,-70.78888209470104,-70.78888209470104
2954.3400828504564,-70.79190221477029,-70.79190221477029
2954.350082850456,-70.79492775800313,-70.79492775800313
2954.3600828504564,-70.79795877187951,-70.79795877187951
2954.370082850456,-70.80099530277552,-70.80099530277552
2954.3800828504563,-70.80403739600402,-70.80403739600402
2954.390082850456,-70.80708509581463,-70.80708509581463
2954.4000828504563,-70.81013844541637,-70.81013844541637
2954.410082850456,-70.81319748698412,-70.81319748698412
2954.4200828504563,-70.81626226166652,-70.81626226166652
2954.430082850456,-70.81933280960027,-70.81933280960027
2954.4400828504563,-70.82240916990814,-70.82240916990814
2954.450082850456,-70.82549138074447,-70.82549138074447
2954.4600828504563,-70.8285794792796,-70.8285794792796
2954.470082850456,-70.83167350170805,-70.83167350170805
2954.4800828504563,-70.83477348327392,-70.83477348327392
2954.490082850456,-70.83787945828031,-70.83787945828031
2954.5000828504562,-70.84099146008954,-70.84099146008954
2954.5100828504565,-70.84410952114628,-70.84410952114628
2954.520082850456,-70.8472336729918,-70.8472336729918
2954.5300828504564,-70.85036394626171,-70.85036394626171
2954.540082850456,-70.85350037070896,-70.85350037070896
2954.5500828504564,-70.8566429751938,-70.8566429751938
2954.560082850456,-70.85979178773759,-70.85979178773759
2954.5700828504564,-70.86294683548984,-70.86294683548984
2954.580082850456,-70.86610814476029,-70.86610814476029
2954.5900828504564,-70.869275741026,-70.869275741026
2954.600082874298,-70.87244965650031,-70.87244965650031
2954.6100828742983,-70.87562989995004,-70.87562989995004
2954.620082874298,-70.87881650193098,-70.87881650193098
2954.6300828742983,-70.88200948470772,-70.88200948470772
2954.640082874298,-70.88520886976423,-70.88520886976423
2954.6500828742983,-70.88841467780892,-70.88841467780892
2954.660082874298,-70.89162692879167,-70.89162692879167
2954.6700828742983,-70.894845641922,-70.894845641922
2954.680082874298,-70.89807083566596,-70.89807083566596
2954.6900828742982,-70.90130252776494,-70.90130252776494
2954.700082874298,-70.90454073524458,-70.90454073524458
2954.710082874298,-70.90778547442332,-70.90778547442332
2954.720082874298,-70.91103676092241,-70.91103676092241
2954.730082874298,-70.9142946096782,-70.9142946096782
2954.740082874298,-70.9175590349489,-70.9175590349489
2954.750082874298,-70.92083005032117,-70.92083005032117
2954.760082874298,-70.92410766872862,-70.92410766872862
2954.770082874298,-70.92739190245567,-70.92739190245567
2954.780082874298,-70.9306827631481,-70.9306827631481
2954.790082874298,-70.93398026181957,-70.93398026181957
2954.800082874298,-70.93728440887355,-70.93728440887355
2954.810082874298,-70.9405952140858,-70.9405952140858
2954.820082874298,-70.94391268664239,-70.94391268664239
2954.830082874298,-70.94723683512645,-70.94723683512645
2954.840082874298,-70.95056766754853,-70.95056766754853
2954.850082874298,-70.95390519133811,-70.95390519133811
2954.8600828742983,-70.95724941334899,-70.95724941334899
2954.870082874298,-70.96060033989988,-70.96060033989988
2954.8800828742983,-70.96395797672675,-70.96395797672675
2954.890082874298,-70.96732232904856,-70.96732232904856
2954.9000828742983,-70.97069340154665,-70.97069340154665
2954.910082874298,-70.9740711983737,-70.9740711983737
2954.9200828742983,-70.97745572316173,-70.97745572316173
2954.930082874298,-70.98084697904086,-70.98084697904086
2954.9400828742982,-70.98424496864061,-70.98424496864061
2954.950082874298,-70.98764969409105,-70.98764969409105
2954.960082874298,-70.99105496849789,-70.99105496849789
2954.970082874298,-70.9944580837915,-70.9944580837915
2954.980082874298,-70.9978577223653,-70.9978577223653
2954.990082874298,-71.00125321010614,-71.00125321010614
2955.000082874298,-71.00464423124114,-71.00464423124114
2955.010082874298,-71.00803068026049,-71.00803068026049
2955.020082874298,-71.01141257507551,-71.01141257507551
2955.030082874298,-71.01479000484713,-71.01479000484713
2955.040082874298,-71.01816309860331,-71.01816309860331
2955.050082874298,-71.02153200641087,-71.02153200641087
2955.060082874298,-71.0248968881526,-71.0248968881526
2955.070082874298,-71.02825790694924,-71.02825790694924
2955.080082874298,-71.03161522536219,-71.03161522536219
2955.090082874298,-71.0349690033554,-71.0349690033554
2955.100082874298,-71.03831939723713,-71.03831939723713
2955.1100828742983,-71.04166655929644,-71.04166655929644
2955.120082874298,-71.0450106376953,-71.0450106376953
2955.1300828742983,-71.0483517766472,-71.0483517766472
2955.140082874298,-71.051690116664,-71.051690116664
2955.1500828742983,-71.05502579482408,-71.05502579482408
2955.160082874298,-71.05835894509188,-71.05835894509188
2955.1700828742983,-71.06168969857157,-71.06168969857157
2955.180082874298,-71.06501818379274,-71.06501818379274
2955.1900828742982,-71.06834452691896,-71.06834452691896
2955.200082874298,-71.07166885197626,-71.07166885197626
2955.210082874298,-71.07499128100548,-71.07499128100548
2955.220082874298,-71.07831193423733,-71.07831193423733
2955.230082874298,-71.0816309302092,-71.0816309302092
2955.240082874298,-71.08494838587198,-71.08494838587198
2955.250082874298,-71.08826441666909,-71.08826441666909
2955.260082874298,-71.09157913664961,-71.09157913664961
2955.270082874298,-71.09489265848825,-71.09489265848825
2955.280082874298,-71.09820509356908,-71.09820509356908
2955.290082874298,-71.1015165519998,-71.1015165519998
2955.300082874298,-71.10482714266638,-71.10482714266638
2955.310082874298,-71.10813697324119,-71.10813697324119
2955.320082874298,-71.11144615022953,-71.11144615022953
2955.330082874298,-71.11475477894597,-71.11475477894597
2955.340082874298,-71.11806296357729,-71.11806296357729
2955.350082874298,-71.12137080713639,-71.12137080713639
2955.3600828742983,-71.12467841151029,-71.12467841151029
2955.370082874298,-71.12798587744427,-71.12798587744427
2955.3800828742983,-71.13129330455683,-71.13129330455683
2955.390082874298,-71.1346007913149,-71.1346007913149
2955.4000828742983,-71.13790843505815,-71.13790843505815
2955.410082874298,-71.14121633200203,-71.14121633200203
2955.4200828742983,-71.14452457721119,-71.14452457721119
2955.430082874298,-71.14783326461647,-71.14783326461647
2955.4400828742982,-71.15114248699352,-71.15114248699352
2955.45008289814,-71.15445234388244,-71.15445234388244
2955.46008289814,-71.15776291002871,-71.15776291002871
2955.47008289814,-71.16107428263693,-71.16107428263693
2955.48008289814,-71.16438654991683,-71.16438654991683
2955.49008289814,-71.16769979891647,-71.16769979891647
2955.50008289814,-71.17101411552312,-71.17101411552312
2955.51008289814,-71.17432958447544,-71.17432958447544
2955.52008289814,-71.17764628936663,-71.17764628936663
2955.53008289814,-71.18096431261081,-71.18096431261081
2955.54008289814,-71.18428373548873,-71.18428373548873
2955.55008289814,-71.18760463810257,-71.18760463810257
2955.56008289814,-71.19092709941653,-71.19092709941653
2955.57008289814,-71.19425119723876,-71.19425119723876
2955.58008289814,-71.19757700822093,-71.19757700822093
2955.59008289814,-71.20090460786321,-71.20090460786321
2955.60008289814,-71.20423407052694,-71.20423407052694
2955.61008289814,-71.20756546941784,-71.20756546941784
2955.62008289814,-71.21089887660492,-71.21089887660492
2955.63008289814,-71.21423436302294,-71.21423436302294
2955.64008289814,-71.21757199846533,-71.21757199846533
2955.6500828981398,-71.22091185160113,-71.22091185160113
2955.66008289814,-71.22425398997426,-71.22425398997426
2955.6700828981398,-71.22759848000602,-71.22759848000602
2955.68008289814,-71.23094538700909,-71.23094538700909
2955.6900828981397,-71.23429477517395,-71.23429477517395
2955.70008289814,-71.23764670760987,-71.23764670760987
2955.71008289814,-71.24100124630888,-71.24100124630888
2955.72008289814,-71.24435845218574,-71.24435845218574
2955.73008289814,-71.24771838506702,-71.24771838506702
2955.74008289814,-71.25108110371053,-71.25108110371053
2955.75008289814,-71.25444666578497,-71.25444666578497
2955.76008289814,-71.25781512792805,-71.25781512792805
2955.77008289814,-71.26118654570276,-71.26118654570276
2955.78008289814,-71.26456097363881,-71.26456097363881
2955.79008289814,-71.26793846521043,-71.26793846521043
2955.80008289814,-71.27131907288869,-71.27131907288869
2955.81008289814,-71.27470284809694,-71.27470284809694
2955.82008289814,-71.27808984127044,-71.27808984127044
2955.83008289814,-71.2814801018281,-71.2814801018281
2955.84008289814,-71.28487367820019,-71.28487367820019
2955.85008289814,-71.28827061782188,-71.28827061782188
2955.86008289814,-71.29167096716469,-71.29167096716469
2955.87008289814,-71.29507477172764,-71.29507477172764
2955.88008289814,-71.29848207604883,-71.29848207604883
2955.89008289814,-71.30189292371904,-71.30189292371904
2955.9000828981398,-71.30530735739667,-71.30530735739667
2955.91008289814,-71.30872541880139,-71.30872541880139
2955.9200828981398,-71.3121471487427,-71.3121471487427
2955.93008289814,-71.31557258710724,-71.31557258710724
2955.9400828981397,-71.31900177289023,-71.31900177289023
2955.95008289814,-71.32243474419793,-71.32243474419793
2955.96008289814,-71.32586531962029,-71.32586531962029
2955.97008289814,-71.32929081237272,-71.32929081237272
2955.98008289814,-71.33270993226918,-71.33270993226918
2955.99008289814,-71.33612203519758,-71.33612203519758
2956.00008289814,-71.33952683671924,-71.33952683671924
2956.01008289814,-71.34292426329445,-71.34292426329445
2956.02008289814,-71.34631436503581,-71.34631436503581
2956.03008289814,-71.34969726333766,-71.34969726333766
2956.04008289814,-71.35307311935334,-71.35307311935334
2956.05008289814,-71.35644211507206,-71.35644211507206
2956.06008289814,-71.35980444206294,-71.35980444206294
2956.07008289814,-71.36316029486353,-71.36316029486353
2956.08008289814,-71.36650986715907,-71.36650986715907
2956.09008289814,-71.36985334973933,-71.36985334973933
2956.10008289814,-71.37319092944871,-71.37319092944871
2956.11008289814,-71.37652278878281,-71.37652278878281
2956.12008289814,-71.37984910581007,-71.37984910581007
2956.13008289814,-71.38317005434031,-71.38317005434031
2956.14008289814,-71.38648580416947,-71.38648580416947
2956.1500828981398,-71.3897965213536,-71.3897965213536
2956.16008289814,-71.39310236851317,-71.39310236851317
2956.1700828981398,-71.39640350511216,-71.39640350511216
2956.18008289814,-71.39970008772501,-71.39970008772501
2956.1900828981397,-71.40299227026185,-71.40299227026185
2956.20008289814,-71.40628020417971,-71.40628020417971
2956.21008289814,-71.4095640386649,-71.4095640386649
2956.22008289814,-71.41284392077739,-71.41284392077739
2956.23008289814,-71.41611999558464,-71.41611999558464
2956.24008289814,-71.4193924062735,-71.4193924062735
2956.25008289814,-71.42266129423002,-71.42266129423002
2956.26008289814,-71.42592679914472,-71.42592679914472
2956.27008289814,-71.4291890590525,-71.4291890590525
2956.28008289814,-71.43244821040267,-71.43244821040267
2956.29008289814,-71.43570438807993,-71.43570438807993
2956.300082921982,-71.43895773320716,-71.43895773320716
2956.310082921982,-71.44220836218639,-71.44220836218639
2956.320082921982,-71.44545641318287,-71.44545641318287
2956.330082921982,-71.44870201517362,-71.44870201517362
2956.340082921982,-71.45194529571481,-71.45194529571481
2956.350082921982,-71.45518638092985,-71.45518638092985
2956.3600829219818,-71.45842539553293,-71.45842539553293
2956.370082921982,-71.4616624628359,-71.4616624628359
2956.3800829219817,-71.46489770474601,-71.46489770474601
2956.390082921982,-71.46813124177322,-71.46813124177322
2956.4000829219817,-71.47136319303637,-71.47136319303637
2956.410082921982,-71.47459367625079,-71.47459367625079
2956.4200829219817,-71.4778228077499,-71.4778228077499
2956.430082921982,-71.4810507024699,-71.4810507024699
2956.4400829219817,-71.4842774739566,-71.4842774739566
2956.450082921982,-71.48750323435648,-71.48750323435648
2956.4600829219817,-71.49072186168658,-71.49072186168658
2956.470082921982,-71.49393073613301,-71.49393073613301
2956.4800829219816,-71.49712863714898,-71.49712863714898
2956.490082921982,-71.50031499123865,-71.50031499123865
2956.5000829219816,-71.50348958482486,-71.50348958482486
2956.510082921982,-71.50665241518038,-71.50665241518038
2956.5200829219816,-71.50980360296687,-71.50980360296687
2956.530082921982,-71.51294333975137,-71.51294333975137
2956.5400829219816,-71.51607185637282,-71.51607185637282
2956.550082921982,-71.51918940400799,-71.51918940400799
2956.560082921982,-71.52229624287376,-71.52229624287376
2956.570082921982,-71.52539263557411,-71.52539263557411
2956.580082921982,-71.52847884329547,-71.52847884329547
2956.590082921982,-71.53155512372176,-71.53155512372176
2956.600082921982,-71.53462172999038,-71.53462172999038
2956.6100829219818,-71.53767891028266,-71.53767891028266
2956.620082921982,-71.54072690773256,-71.54072690773256
2956.6300829219817,-71.54376596060995,-71.54376596060995
2956.640082921982,-71.54679630252224,-71.54679630252224
2956.6500829219817,-71.54981816274217,-71.54981816274217
2956.660082921982,-71.55283176643198,-71.55283176643198
2956.6700829219817,-71.55583733500058,-71.55583733500058
2956.680082921982,-71.55883508631175,-71.55883508631175
2956.6900829219817,-71.56182523493713,-71.56182523493713
2956.700082921982,-71.56480799235725,-71.56480799235725
2956.7100829219817,-71.56778356713315,-71.56778356713315
2956.720082921982,-71.57075216506477,-71.57075216506477
2956.7300829219816,-71.57371398931895,-71.57371398931895
2956.740082921982,-71.57666924053164,-71.57666924053164
2956.7500829219816,-71.57961811692766,-71.57961811692766
2956.760082921982,-71.58256081436437,-71.58256081436437
2956.7700829219816,-71.58549752642057,-71.58549752642057
2956.780082921982,-71.58842844443667,-71.58842844443667
2956.7900829219816,-71.5913537575777,-71.5913537575777
2956.800082921982,-71.59427365283337,-71.59427365283337
2956.810082921982,-71.5971883151122,-71.5971883151122
2956.820082921982,-71.60009792719366,-71.60009792719366
2956.830082921982,-71.60300266980201,-71.60300266980201
2956.840082921982,-71.6059027216065,-71.6059027216065
2956.850082921982,-71.6087982592127,-71.6087982592127
2956.8600829219818,-71.6116894572241,-71.6116894572241
2956.870082921982,-71.61457648820395,-71.61457648820395
2956.8800829219817,-71.6174595226977,-71.6174595226977
2956.890082921982,-71.62033872925646,-71.62033872925646
2956.9000829219817,-71.62321427442511,-71.62321427442511
2956.910082921982,-71.626086322749,-71.626086322749
2956.9200829219817,-71.62895503678719,-71.62895503678719
2956.930082921982,-71.63182057711003,-71.63182057711003
2956.9400829219817,-71.63468310230876,-71.63468310230876
2956.950082921982,-71.63754276900002,-71.63754276900002
2956.9600829219817,-71.6403997318099,-71.6403997318099
2956.970082921982,-71.64325414341789,-71.64325414341789
2956.9800829219816,-71.64610615454178,-71.64610615454178
2956.990082921982,-71.6489559139134,-71.6489559139134
2957.0000829219816,-71.65180356835093,-71.65180356835093
2957.010082921982,-71.65464926270043,-71.65464926270043
2957.0200829219816,-71.65749313988734,-71.65749313988734
2957.030082921982,-71.66033534089298,-71.66033534089298
2957.0400829219816,-71.66317600476995,-71.66317600476995
2957.050082921982,-71.66601526867565,-71.66601526867565
2957.060082921982,-71.66885326784958,-71.66885326784958
2957.070082921982,-71.67169013562687,-71.67169013562687
2957.080082921982,-71.67452600345737,-71.67452600345737
2957.090082921982,-71.67736100091362,-71.67736100091362
2957.100082921982,-71.68019525568899,-71.68019525568899
2957.1100829219818,-71.68302889363348,-71.68302889363348
2957.120082921982,-71.68586203873564,-71.68586203873564
2957.1300829219817,-71.68869481315565,-71.68869481315565
2957.140082921982,-71.69152733721748,-71.69152733721748
2957.1500829458237,-71.69435973618513,-71.69435973618513
2957.160082945824,-71.69719211329338,-71.69719211329338
2957.1700829458237,-71.70002459020681,-71.70002459020681
2957.180082945824,-71.70285728008096,-71.70285728008096
2957.1900829458236,-71.70569029430186,-71.70569029430186
2957.200082945824,-71.70852374251437,-71.70852374251437
2957.2100829458236,-71.71135773262459,-71.71135773262459
2957.220082945824,-71.71419237082567,-71.71419237082567
2957.2300829458236,-71.71702776158955,-71.71702776158955
2957.240082945824,-71.71986400770918,-71.71986400770918
2957.2500829458236,-71.72270121029608,-71.72270121029608
2957.260082945824,-71.72553946879066,-71.72553946879066
2957.2700829458236,-71.72837888099798,-71.72837888099798
2957.280082945824,-71.73121954307938,-71.73121954307938
2957.2900829458235,-71.7340615495942,-71.7340615495942
2957.3000829458238,-71.73690499349021,-71.73690499349021
2957.3100829458235,-71.73974996612861,-71.73974996612861
2957.3200829458237,-71.74259655729789,-71.74259655729789
2957.3300829458235,-71.74544485524099,-71.74544485524099
2957.3400829458237,-71.74829494664957,-71.74829494664957
2957.3500829458235,-71.75114691670355,-71.75114691670355
2957.3600829458237,-71.75400084906263,-71.75400084906263
2957.3700829458235,-71.75685682590473,-71.75685682590473
2957.3800829458237,-71.75971492793389,-71.75971492793389
2957.3900829458235,-71.76257523437965,-71.76257523437965
2957.4000829458237,-71.76543782305055,-71.76543782305055
2957.410082945824,-71.76830277030555,-71.76830277030555
2957.4200829458237,-71.77117015110304,-71.77117015110304
2957.430082945824,-71.77404003899728,-71.77404003899728
2957.4400829458236,-71.77691250618038,-71.77691250618038
2957.450082945824,-71.77978762345771,-71.77978762345771
2957.4600829458236,-71.78266546030574,-71.78266546030574
2957.470082945824,-71.78554608485196,-71.78554608485196
2957.4800829458236,-71.78842956392118,-71.78842956392118
2957.490082945824,-71.79131596302635,-71.79131596302635
2957.5000829458236,-71.79420534640246,-71.79420534640246
2957.510082945824,-71.7970977770125,-71.7970977770125
2957.5200829458236,-71.79999331656234,-71.79999331656234
2957.530082945824,-71.80289202552393,-71.80289202552393
2957.5400829458235,-71.8057939631442,-71.8057939631442
2957.5500829458238,-71.80869918746357,-71.80869918746357
2957.5600829458235,-71.81160775532337,-71.81160775532337
2957.5700829458237,-71.81451972239863,-71.81451972239863
2957.5800829458235,-71.81743514318575,-71.81743514318575
2957.5900829458237,-71.82035407104881,-71.82035407104881
2957.6000829458235,-71.82327655820721,-71.82327655820721
2957.6100829458237,-71.8262026557632,-71.8262026557632
2957.6200829458235,-71.82913241372306,-71.82913241372306
2957.6300829458237,-71.83206588099371,-71.83206588099371
2957.6400829458235,-71.83500310542156,-71.83500310542156
2957.6500829458237,-71.83794413377419,-71.83794413377419
2957.660082945824,-71.840889011785,-71.840889011785
2957.6700829458237,-71.84383778414342,-71.84383778414342
2957.680082945824,-71.84679049453366,-71.84679049453366
2957.6900829458236,-71.84974718563173,-71.84974718563173
2957.700082945824,-71.85270789910741,-71.85270789910741
2957.7100829458236,-71.8556664109441,-71.8556664109441
2957.720082945824,-71.85862001768619,-71.85862001768619
2957.7300829458236,-71.86156742275274,-71.86156742275274
2957.740082945824,-71.86450798032158,-71.86450798032158
2957.7500829458236,-71.86744140683392,-71.86744140683392
2957.760082945824,-71.87036763106286,-71.87036763106286
2957.7700829458236,-71.8732867063004,-71.8732867063004
2957.780082945824,-71.87619875756064,-71.87619875756064
2957.7900829458235,-71.87910394984102,-71.87910394984102
2957.8000829458238,-71.8820024690738,-71.8820024690738
2957.8100829458235,-71.8848945107808,-71.8848945107808
2957.8200829458237,-71.88778027340342,-71.88778027340342
2957.8300829458235,-71.89065995449539,-71.89065995449539
2957.8400829458237,-71.89353374862523,-71.89353374862523
2957.8500829458235,-71.89640184633564,-71.89640184633564
2957.8600829458237,-71.89926443374101,-71.89926443374101
2957.8700829458235,-71.90212169246273,-71.90212169246273
2957.8800829458237,-71.90497379978225,-71.90497379978225
2957.8900829458235,-71.90782092888526,-71.90782092888526
2957.9000829458237,-71.91066324915256,-71.91066324915256
2957.910082945824,-71.91350092645315,-71.91350092645315
2957.9200829458237,-71.91633412345557,-71.91633412345557
2957.930082945824,-71.91916299986303,-71.91916299986303
2957.9400829458236,-71.92198771266567,-71.92198771266567
2957.950082945824,-71.92480841634786,-71.92480841634786
2957.9600829458236,-71.92762526305064,-71.92762526305064
2957.970082945824,-71.93043840276268,-71.93043840276268
2957.9800829458236,-71.9332479834229,-71.9332479834229
2957.990082945824,-71.93605415104022,-71.93605415104022
2958.0000829696655,-71.93885705647325,-71.93885705647325
2958.0100829696657,-71.94165682878487,-71.94165682878487
2958.0200829696655,-71.94445361540527,-71.94445361540527
2958.0300829696657,-71.94724755541982,-71.94724755541982
2958.0400829696655,-71.95003878634449,-71.95003878634449
2958.0500829696657,-71.95282744413953,-71.95282744413953
2958.0600829696655,-71.95561366323074,-71.95561366323074
2958.0700829696657,-71.95839757656638,-71.95839757656638
2958.0800829696655,-71.96117931558445,-71.96117931558445
2958.0900829696657,-71.96395901028266,-71.96395901028266
2958.1000829696654,-71.96673678919589,-71.96673678919589
2958.1100829696657,-71.96951277940614,-71.96951277940614
2958.1200829696654,-71.97228710657009,-71.97228710657009
2958.1300829696656,-71.97505989491515,-71.97505989491515
2958.1400829696654,-71.97783126722626,-71.97783126722626
2958.1500829696656,-71.9806013448724,-71.9806013448724
2958.1600829696654,-71.98337024779578,-71.98337024779578
2958.1700829696656,-71.98613809451759,-71.98613809451759
2958.1800829696654,-71.98890500214114,-71.98890500214114
2958.1900829696656,-71.99167108634255,-71.99167108634255
2958.2000829696653,-71.99443646138727,-71.99443646138727
2958.2100829696656,-71.99720124011832,-71.99720124011832
2958.2200829696653,-71.9999655339573,-71.9999655339573
2958.2300829696655,-72.00272945291542,-72.00272945291542
2958.2400829696653,-72.00549310558777,-72.00549310558777
2958.2500829696655,-72.00825659914706,-72.00825659914706
2958.2600829696657,-72.01102003935944,-72.01102003935944
2958.2700829696655,-72.01378353058254,-72.01378353058254
2958.2800829696657,-72.01654717576325,-72.01654717576325
2958.2900829696655,-72.01931107644462,-72.01931107644462
2958.3000829696657,-72.02207533276929,-72.02207533276929
2958.3100829696655,-72.02484004347825,-72.02484004347825
2958.3200829696657,-72.02760530592163,-72.02760530592163
2958.3300829696655,-72.03037121605361,-72.03037121605361
2958.3400829696657,-72.03313786845277,-72.03313786845277
2958.3500829696654,-72.035905356314,-72.035905356314
2958.3600829696657,-72.0386737714426,-72.0386737714426
2958.3700829696654,-72.04144320430261,-72.04144320430261
2958.3800829696656,-72.04421374397336,-72.04421374397336
2958.3900829696654,-72.04698547819683,-72.04698547819683
2958.4000829696656,-72.04975849335162,-72.04975849335162
2958.4100829696654,-72.05253287448032,-72.05253287448032
2958.4200829696656,-72.05530870529265,-72.05530870529265
2958.4300829696654,-72.05808606817554,-72.05808606817554
2958.4400829696656,-72.06086504418639,-72.06086504418639
2958.4500829696653,-72.06364571309015,-72.06364571309015
2958.4600829696656,-72.06642815334148,-72.06642815334148
2958.4700829696653,-72.06921244210807,-72.06921244210807
2958.4800829696655,-72.07199865526547,-72.07199865526547
2958.4900829696653,-72.0747868674311,-72.0747868674311
2958.5000829696655,-72.07757715195099,-72.07757715195099
2958.5100829696657,-72.08036958092424,-72.08036958092424
2958.5200829696655,-72.08316422519219,-72.08316422519219
2958.5300829696657,-72.08596115437827,-72.08596115437827
2958.5400829696655,-72.08876043688879,-72.08876043688879
2958.5500829696657,-72.09156213989668,-72.09156213989668
2958.5600829696655,-72.09436632938846,-72.09436632938846
2958.5700829696657,-72.09717307015936,-72.09717307015936
2958.5800829696655,-72.09998242582131,-72.09998242582131
2958.5900829696657,-72.10279445882311,-72.10279445882311
2958.6000829696654,-72.1056092304476,-72.1056092304476
2958.6100829696657,-72.10842680083607,-72.10842680083607
2958.6200829696654,-72.11124722900533,-72.11124722900533
2958.6300829696656,-72.11407057282564,-72.11407057282564
2958.6400829696654,-72.1168968890756,-72.1168968890756
2958.6500829696656,-72.119726233415,-72.119726233415
2958.6600829696654,-72.12255866043301,-72.12255866043301
2958.6700829696656,-72.12539422363254,-72.12539422363254
2958.6800829696654,-72.12823297544516,-72.12823297544516
2958.6900829696656,-72.1310749672581,-72.1310749672581
2958.7000829696653,-72.13392024940626,-72.13392024940626
2958.7100829696656,-72.13676887120137,-72.13676887120137
2958.7200829696653,-72.1396208809257,-72.1396208809257
2958.7300829696655,-72.14247632585608,-72.14247632585608
2958.7400829696653,-72.14533525227598,-72.14533525227598
2958.7500829696655,-72.1481977054901,-72.1481977054901
2958.7600829696657,-72.15106372980776,-72.15106372980776
2958.7700829696655,-72.15393336859591,-72.15393336859591
2958.7800829696657,-72.15680666425956,-72.15680666425956
2958.7900829696655,-72.1596836582743,-72.1596836582743
2958.8000829696657,-72.16256439117626,-72.16256439117626
2958.8100829696655,-72.1654489025899,-72.1654489025899
2958.8200829696657,-72.16833723123189,-72.16833723123189
2958.8300829696655,-72.17122941493045,-72.17122941493045
2958.8400829696657,-72.17412549062719,-72.17412549062719
2958.8500829935074,-72.17702550129914,-72.17702550129914
2958.8600829935076,-72.17992946835469,-72.17992946835469
2958.8700829935074,-72.18283743304043,-72.18283743304043
2958.8800829935076,-72.18574942886609,-72.18574942886609
2958.8900829935073,-72.18866548853012,-72.18866548853012
2958.9000829935076,-72.19158564390493,-72.19158564390493
2958.9100829935073,-72.19450992605596,-72.19450992605596
2958.9200829935075,-72.19743836524862,-72.19743836524862
2958.9300829935073,-72.20037099096793,-72.20037099096793
2958.9400829935075,-72.20330783191694,-72.20330783191694
2958.9500829935073,-72.206248916048,-72.206248916048
2958.9600829935075,-72.20919427053776,-72.20919427053776
2958.9700829935073,-72.21214392183313,-72.21214392183313
2958.9800829935075,-72.21509789564347,-72.21509789564347
2958.9900829935073,-72.21805621695049,-72.21805621695049
2959.0000829935075,-72.22101891002147,-72.22101891002147
2959.0100829935072,-72.22398599842491,-72.22398599842491
2959.0200829935075,-72.22695750503135,-72.22695750503135
2959.030082993507,-72.22993345201878,-72.22993345201878
2959.0400829935074,-72.23291386089741,-72.23291386089741
2959.050082993507,-72.23589875251108,-72.23589875251108
2959.0600829935074,-72.23888814703713,-72.23888814703713
2959.070082993507,-72.24188206401982,-72.24188206401982
2959.0800829935074,-72.24488052235483,-72.24488052235483
2959.090082993507,-72.24788354031244,-72.24788354031244
2959.1000829935074,-72.25089113554274,-72.25089113554274
2959.1100829935076,-72.2539033250778,-72.2539033250778
2959.1200829935074,-72.2569201253503,-72.2569201253503
2959.1300829935076,-72.25994155220735,-72.25994155220735
2959.1400829935073,-72.26296762089902,-72.26296762089902
2959.1500829935076,-72.26599834609927,-72.26599834609927
2959.1600829935073,-72.26903374193589,-72.26903374193589
2959.1700829935075,-72.27207382193464,-72.27207382193464
2959.1800829935073,-72.27511859910695,-72.27511859910695
2959.1900829935075,-72.27816808589773,-72.27816808589773
2959.2000829935073,-72.28122229423643,-72.28122229423643
2959.2100829935075,-72.28427493181952,-72.28427493181952
2959.2200829935073,-72.28732324828316,-72.28732324828316
2959.2300829935075,-72.29036590895893,-72.29036590895893
2959.2400829935073,-72.29340223430621,-72.29340223430621
2959.2500829935075,-72.29643190961853,-72.29643190961853
2959.2600829935072,-72.29945483427909,-72.29945483427909
2959.2700829935075,-72.30247103339148,-72.30247103339148
2959.280082993507,-72.30548060468048,-72.30548060468048
2959.2900829935074,-72.30848368659207,-72.30848368659207
2959.300082993507,-72.31148043909846,-72.31148043909846
2959.3100829935074,-72.31447103229948,-72.31447103229948
2959.320082993507,-72.31745563971307,-72.31745563971307
2959.3300829935074,-72.32043443441701,-72.32043443441701
2959.340082993507,-72.32340758695916,-72.32340758695916
2959.3500829935074,-72.32637526428374,-72.32637526428374
2959.3600829935076,-72.32933762931388,-72.32933762931388
2959.3700829935074,-72.33229484088434,-72.33229484088434
2959.3800829935076,-72.33524705388977,-72.33524705388977
2959.3900829935073,-72.33819441952542,-72.33819441952542
2959.4000829935076,-72.34113708556218,-72.34113708556218
2959.4100829935073,-72.34407519664705,-72.34407519664705
2959.4200829935075,-72.34700889458446,-72.34700889458446
2959.4300829935073,-72.34993831859,-72.34993831859
2959.4400829935075,-72.35286360552857,-72.35286360552857
2959.4500829935073,-72.35578489011505,-72.35578489011505
2959.4600829935075,-72.3587023050853,-72.3587023050853
2959.4700829935073,-72.36161598133636,-72.36161598133636
2959.4800829935075,-72.36452604807958,-72.36452604807958
2959.4900829935073,-72.36743263293033,-72.36743263293033
2959.5000829935075,-72.37033586200647,-72.37033586200647
2959.5100829935072,-72.37323585998593,-72.37323585998593
2959.5200829935075,-72.37613275018147,-72.37613275018147
2959.530082993507,-72.37902665459156,-72.37902665459156
2959.5400829935074,-72.38191769392945,-72.38191769392945
2959.550082993507,-72.38480598766486,-72.38480598766486
2959.5600829935074,-72.38769165403318,-72.38769165403318
2959.570082993507,-72.39057481008838,-72.39057481008838
2959.5800829935074,-72.39345557167263,-72.39345557167263
2959.590082993507,-72.396334053454,-72.396334053454
2959.6000829935074,-72.39921036893917,-72.39921036893917
2959.6100829935076,-72.4020846304581,-72.4020846304581
2959.6200829935074,-72.40495694918603,-72.40495694918603
2959.6300829935076,-72.40782743512572,-72.40782743512572
2959.6400829935073,-72.41069619712565,-72.41069619712565
2959.6500829935076,-72.4135633428603,-72.4135633428603
2959.6600829935073,-72.41642897884543,-72.41642897884543
2959.6700829935075,-72.41929321042491,-72.41929321042491
2959.6800829935073,-72.422156141775,-72.422156141775
2959.6900829935075,-72.4250178758871,-72.4250178758871
2959.7000830173492,-72.4278785213943,-72.4278785213943
2959.7100830173495,-72.43073816532115,-72.43073816532115
2959.720083017349,-72.43359691392166,-72.43359691392166
2959.7300830173494,-72.4364548654642,-72.4364548654642
2959.740083017349,-72.43931211702464,-72.43931211702464
2959.7500830173494,-72.44216876450174,-72.44216876450174
2959.760083017349,-72.44502490258462,-72.44502490258462
2959.7700830173494,-72.44788062476715,-72.44788062476715
2959.780083017349,-72.45073602336694,-72.45073602336694
2959.7900830173494,-72.45359118948555,-72.45359118948555
2959.800083017349,-72.45644621303981,-72.45644621303981
2959.8100830173494,-72.45930118273527,-72.45930118273527
2959.820083017349,-72.46215618610816,-72.46215618610816
2959.8300830173494,-72.46501130948742,-72.46501130948742
2959.840083017349,-72.46786663800759,-72.46786663800759
2959.8500830173493,-72.4707222556161,-72.4707222556161
2959.860083017349,-72.47357824508119,-72.47357824508119
2959.8700830173493,-72.47643468796915,-72.47643468796915
2959.880083017349,-72.47929166468491,-72.47929166468491
2959.8900830173493,-72.4821492544496,-72.4821492544496
2959.900083017349,-72.48500753529686,-72.48500753529686
2959.9100830173493,-72.48786658412129,-72.48786658412129
2959.920083017349,-72.49072647663873,-72.49072647663873
2959.9300830173493,-72.49358728739965,-72.49358728739965
2959.940083017349,-72.49644908981762,-72.49644908981762
2959.9500830173492,-72.49931195614562,-72.49931195614562
2959.9600830173495,-72.50217595750122,-72.50217595750122
2959.970083017349,-72.50504116387376,-72.50504116387376
2959.9800830173494,-72.5079076441148,-72.5079076441148
2959.990083017349,-72.51077546596932,-72.51077546596932
2960.0000830173494,-72.51364469605791,-72.51364469605791
2960.010083017349,-72.5165153999028,-72.5165153999028
2960.0200830173494,-72.51938764192307,-72.51938764192307
2960.030083017349,-72.5222614854571,-72.5222614854571
2960.0400830173494,-72.52513699274972,-72.52513699274972
2960.050083017349,-72.52801422497862,-72.52801422497862
2960.0600830173494,-72.53089324226283,-72.53089324226283
2960.070083017349,-72.53377410365555,-72.53377410365555
2960.0800830173494,-72.5366568671668,-72.5366568671668
2960.090083017349,-72.53954158976794,-72.53954158976794
2960.1000830173493,-72.54242832739693,-72.54242832739693
2960.110083017349,-72.54531713498092,-72.54531713498092
2960.1200830173493,-72.54820806642718,-72.54820806642718
2960.130083017349,-72.55110117464861,-72.55110117464861
2960.1400830173493,-72.55399651156263,-72.55399651156263
2960.150083017349,-72.55689412810717,-72.55689412810717
2960.1600830173493,-72.55979407423378,-72.55979407423378
2960.170083017349,-72.56269639895872,-72.56269639895872
2960.1800830173493,-72.56560115031384,-72.56560115031384
2960.190083017349,-72.5685083754,-72.5685083754
2960.2000830173492,-72.57141812039187,-72.57141812039187
2960.2100830173495,-72.57433043053722,-72.57433043053722
2960.220083017349,-72.5772453501633,-72.5772453501633
2960.2300830173494,-72.5801629226954,-72.5801629226954
2960.240083017349,-72.5830831906656,-72.5830831906656
2960.2500830173494,-72.5860061957146,-72.5860061957146
2960.260083017349,-72.58893197862714,-72.58893197862714
2960.2700830173494,-72.59186057930506,-72.59186057930506
2960.280083017349,-72.59479203680613,-72.59479203680613
2960.2900830173494,-72.59772638933305,-72.59772638933305
2960.300083017349,-72.60066367427137,-72.60066367427137
2960.3100830173494,-72.6036039281632,-72.6036039281632
2960.320083017349,-72.6065471867383,-72.6065471867383
2960.3300830173494,-72.60949348493251,-72.60949348493251
2960.340083017349,-72.61244285687968,-72.61244285687968
2960.3500830173493,-72.61539533592016,-72.61539533592016
2960.360083017349,-72.61835095462985,-72.61835095462985
2960.3700830173493,-72.62130974481295,-72.62130974481295
2960.380083017349,-72.62427173751699,-72.62427173751699
2960.3900830173493,-72.62723696303645,-72.62723696303645
2960.400083017349,-72.630205450947,-72.630205450947
2960.4100830173493,-72.63317723006774,-72.63317723006774
2960.420083017349,-72.63615232852106,-72.63615232852106
2960.4300830173493,-72.63913077370809,-72.63913077370809
2960.440083017349,-72.64211259233927,-72.64211259233927
2960.4500830173492,-72.64509781042082,-72.64509781042082
2960.4600830173495,-72.64808645328013,-72.64808645328013
2960.470083017349,-72.65107854557864,-72.65107854557864
2960.4800830173494,-72.65407411131434,-72.65407411131434
2960.490083017349,-72.65707317381623,-72.65707317381623
2960.5000830173494,-72.66007575577257,-72.66007575577257
2960.510083017349,-72.66308187925054,-72.66308187925054
2960.5200830173494,-72.66609156566145,-72.66609156566145
2960.530083017349,-72.66910483580827,-72.66910483580827
2960.5400830173494,-72.67212170989355,-72.67212170989355
2960.550083041191,-72.67514221468473,-72.67514221468473
2960.5600830411913,-72.67816635481852,-72.67816635481852
2960.570083041191,-72.68119415586963,-72.68119415586963
2960.5800830411913,-72.68422563566634,-72.68422563566634
2960.590083041191,-72.68726081146035,-72.68726081146035
2960.6000830411913,-72.69029969995911,-72.69029969995911
2960.610083041191,-72.69334231729779,-72.69334231729779
2960.6200830411913,-72.6963886790673,-72.6963886790673
2960.630083041191,-72.69943880033121,-72.69943880033121
2960.6400830411912,-72.70249269561303,-72.70249269561303
2960.650083041191,-72.70555037891046,-72.70555037891046
2960.6600830411912,-72.70861186371631,-72.70861186371631
2960.670083041191,-72.71167716300035,-72.71167716300035
2960.680083041191,-72.71474628924624,-72.71474628924624
2960.690083041191,-72.71781925443733,-72.71781925443733
2960.700083041191,-72.72089607007024,-72.72089607007024
2960.710083041191,-72.72397674716832,-72.72397674716832
2960.720083041191,-72.72706129627463,-72.72706129627463
2960.730083041191,-72.7301497274723,-72.7301497274723
2960.740083041191,-72.73324205038587,-72.73324205038587
2960.750083041191,-72.73633827419046,-72.73633827419046
2960.760083041191,-72.73943840761244,-72.73943840761244
2960.770083041191,-72.74254245895041,-72.74254245895041
2960.780083041191,-72.74565043606083,-72.74565043606083
2960.790083041191,-72.74876234637995,-72.74876234637995
2960.800083041191,-72.751878196927,-72.751878196927
2960.8100830411913,-72.75499799431203,-72.75499799431203
2960.820083041191,-72.75812174472739,-72.75812174472739
2960.8300830411913,-72.76124945398979,-72.76124945398979
2960.840083041191,-72.76438112749969,-72.76438112749969
2960.8500830411913,-72.76751677027706,-72.76751677027706
2960.860083041191,-72.77065638697265,-72.77065638697265
2960.8700830411913,-72.77379998184402,-72.77379998184402
2960.880083041191,-72.7769475588,-72.7769475588
2960.8900830411912,-72.78009912137111,-72.78009912137111
2960.900083041191,-72.78325467273372,-72.78325467273372
2960.9100830411912,-72.78641421571439,-72.78641421571439
2960.920083041191,-72.78957775279252,-72.78957775279252
2960.930083041191,-72.79274528610311,-72.79274528610311
2960.940083041191,-72.79591681745109,-72.79591681745109
2960.950083041191,-72.79909234830478,-72.79909234830478
2960.960083041191,-72.80227187981451,-72.80227187981451
2960.970083041191,-72.80545541280593,-72.80545541280593
2960.980083041191,-72.8086429477975,-72.8086429477975
2960.990083041191,-72.81183448498784,-72.81183448498784
2961.000083041191,-72.8150300242785,-72.8150300242785
2961.010083041191,-72.81822956526248,-72.81822956526248
2961.020083041191,-72.82143310725253,-72.82143310725253
2961.030083041191,-72.82464064926143,-72.82464064926143
2961.040083041191,-72.82785219002072,-72.82785219002072
2961.050083041191,-72.83106772797278,-72.83106772797278
2961.0600830411913,-72.83428726129183,-72.83428726129183
2961.070083041191,-72.83751078789146,-72.83751078789146
2961.0800830411913,-72.84073830538935,-72.84073830538935
2961.090083041191,-72.84396981117428,-72.84396981117428
2961.1000830411913,-72.84720530235053,-72.84720530235053
2961.110083041191,-72.85044477577783,-72.85044477577783
2961.1200830411913,-72.85368822807784,-72.85368822807784
2961.130083041191,-72.85693565560621,-72.85693565560621
2961.1400830411912,-72.86018705449781,-72.86018705449781
2961.150083041191,-72.86344242063808,-72.86344242063808
2961.1600830411912,-72.86670174967554,-72.86670174967554
2961.170083041191,-72.86996503704178,-72.86996503704178
2961.180083041191,-72.87323227793547,-72.87323227793547
2961.190083041191,-72.87650346733555,-72.87650346733555
2961.200083041191,-72.87977860000622,-72.87977860000622
2961.210083041191,-72.88305131196572,-72.88305131196572
2961.220083041191,-72.88631881049808,-72.88631881049808
2961.230083041191,-72.88957973059262,-72.88957973059262
2961.240083041191,-72.89283336806714,-72.89283336806714
2961.250083041191,-72.89607938693385,-72.89607938693385
2961.260083041191,-72.89931766741616,-72.89931766741616
2961.270083041191,-72.90254821689344,-72.90254821689344
2961.280083041191,-72.90577111638383,-72.90577111638383
2961.290083041191,-72.90898648838774,-72.90898648838774
2961.300083041191,-72.91219447754776,-72.91219447754776
2961.3100830411913,-72.91539523916548,-72.91539523916548
2961.320083041191,-72.91858893241564,-72.91858893241564
2961.3300830411913,-72.92177571643897,-72.92177571643897
2961.340083041191,-72.92495574826513,-72.92495574826513
2961.3500830411913,-72.92812918165696,-72.92812918165696
2961.360083041191,-72.93129616674246,-72.93129616674246
2961.3700830411913,-72.93445684990078,-72.93445684990078
2961.380083041191,-72.93761137389612,-72.93761137389612
2961.3900830411912,-72.94075987811195,-72.94075987811195
2961.400083065033,-72.94390250632509,-72.94390250632509
2961.410083065033,-72.94703937702995,-72.94703937702995
2961.420083065033,-72.95017062864495,-72.95017062864495
2961.430083065033,-72.95329638981839,-72.95329638981839
2961.440083065033,-72.956416787118,-72.956416787118
2961.450083065033,-72.95953194524303,-72.95953194524303
2961.460083065033,-72.96260526550817,-72.96260526550817
2961.470083065033,-72.96563608921535,-72.96563608921535
2961.480083065033,-72.96862564462752,-72.96862564462752
2961.490083065033,-72.97157398695144,-72.97157398695144
2961.500083065033,-72.97448030099481,-72.97448030099481
2961.510083065033,-72.977343290957,-72.977343290957
2961.520083065033,-72.98016142779552,-72.98016142779552
2961.530083065033,-72.98293309706104,-72.98293309706104
2961.540083065033,-72.98565668734034,-72.98565668734034
2961.550083065033,-72.98833064293515,-72.98833064293515
2961.560083065033,-72.99095349443898,-72.99095349443898
2961.570083065033,-72.99352387555241,-72.99352387555241
2961.580083065033,-72.9960405310573,-72.9960405310573
2961.590083065033,-72.9985023192941,-72.9985023192941
2961.600083065033,-73.00090821118033,-73.00090821118033
2961.610083065033,-73.00325728709417,-73.00325728709417
2961.6200830650328,-73.00554873255498,-73.00554873255498
2961.630083065033,-73.0077818332427,-73.0077818332427
2961.6400830650327,-73.00995596969712,-73.00995596969712
2961.650083065033,-73.01207061196743,-73.01207061196743
2961.660083065033,-73.01412531435257,-73.01412531435257
2961.670083065033,-73.01611971030164,-73.01611971030164
2961.680083065033,-73.01805350755346,-73.01805350755346
2961.690083065033,-73.01992648348708,-73.01992648348708
2961.700083065033,-73.02173848075992,-73.02173848075992
2961.710083065033,-73.0234894031949,-73.0234894031949
2961.720083065033,-73.02517921188546,-73.02517921188546
2961.730083065033,-73.02680792156869,-73.02680792156869
2961.740083065033,-73.02837559720386,-73.02837559720386
2961.750083065033,-73.02988235075834,-73.02988235075834
2961.760083065033,-73.03132833819974,-73.03132833819974
2961.770083065033,-73.03271375665895,-73.03271375665895
2961.780083065033,-73.03403884177428,-73.03403884177428
2961.790083065033,-73.03530386518901,-73.03530386518901
2961.800083065033,-73.03650913218078,-73.03650913218078
2961.810083065033,-73.03765497945504,-73.03765497945504
2961.820083065033,-73.03874177305518,-73.03874177305518
2961.830083065033,-73.03976990639012,-73.03976990639012
2961.840083065033,-73.04073979837214,-73.04073979837214
2961.850083065033,-73.04165189166288,-73.04165189166288
2961.860083065033,-73.04250665101048,-73.04250665101048
2961.8700830650328,-73.04330456170322,-73.04330456170322
2961.880083065033,-73.04404612805789,-73.04404612805789
2961.8900830650327,-73.0447318720309,-73.0447318720309
2961.900083065033,-73.04536233192422,-73.04536233192422
2961.910083065033,-73.04593806108133,-73.04593806108133
2961.920083065033,-73.04645962674522,-73.04645962674522
2961.930083065033,-73.04692760890558,-73.04692760890558
2961.940083065033,-73.04734259925326,-73.04734259925326
2961.950083065033,-73.04770520016356,-73.04770520016356
2961.960083065033,-73.0480160237594,-73.0480160237594
2961.970083065033,-73.0482756909832,-73.0482756909832
2961.980083065033,-73.04848483075955,-73.04848483075955
2961.990083065033,-73.04864407918554,-73.04864407918554
2962.000083065033,-73.04875407874404,-73.04875407874404
2962.010083065033,-73.04881547760175,-73.04881547760175
2962.020083065033,-73.04882892890407,-73.04882892890407
2962.030083065033,-73.04879509012605,-73.04879509012605
2962.040083065033,-73.04871462246231,-73.04871462246231
2962.050083065033,-73.04858819022415,-73.04858819022415
2962.060083065033,-73.04841646030714,-73.04841646030714
2962.070083065033,-73.04820010165146,-73.04820010165146
2962.080083065033,-73.04793978476701,-73.04793978476701
2962.090083065033,-73.04763618121906,-73.04763618121906
2962.100083065033,-73.0472899632409,-73.0472899632409
2962.110083065033,-73.04690180327508,-73.04690180327508
2962.1200830650328,-73.04647237358941,-73.04647237358941
2962.130083065033,-73.04600234590575,-73.04600234590575
2962.1400830650327,-73.04549239103409,-73.04549239103409
2962.150083065033,-73.04494317854984,-73.04494317854984
2962.160083065033,-73.0443553764832,-73.0443553764832
2962.170083065033,-73.04372965100664,-73.04372965100664
2962.180083065033,-73.04306666616111,-73.04306666616111
2962.190083065033,-73.04236708359515,-73.04236708359515
2962.200083065033,-73.04163156231256,-73.04163156231256
2962.210083065033,-73.04086075845034,-73.04086075845034
2962.220083065033,-73.0400553250437,-73.0400553250437
2962.230083065033,-73.03921591182504,-73.03921591182504
2962.240083065033,-73.03834316503544,-73.03834316503544
2962.250083088875,-73.03743772508035,-73.03743772508035
2962.260083088875,-73.03650023490879,-73.03650023490879
2962.270083088875,-73.0355313271995,-73.0355313271995
2962.280083088875,-73.03453163249922,-73.03453163249922
2962.290083088875,-73.03350177708842,-73.03350177708842
2962.300083088875,-73.03244238282838,-73.03244238282838
2962.3100830888748,-73.03135406705124,-73.03135406705124
2962.320083088875,-73.03023744245527,-73.03023744245527
2962.3300830888747,-73.0290931169693,-73.0290931169693
2962.340083088875,-73.0279216936922,-73.0279216936922
2962.3500830888747,-73.02672377080387,-73.02672377080387
2962.360083088875,-73.02549994145605,-73.02549994145605
2962.3700830888747,-73.02425079373954,-73.02425079373954
2962.380083088875,-73.0229769105916,-73.0229769105916
2962.3900830888747,-73.02167886974715,-73.02167886974715
2962.400083088875,-73.02035724368129,-73.02035724368129
2962.4100830888747,-73.01901259955476,-73.01901259955476
2962.420083088875,-73.01764549917914,-73.01764549917914
2962.4300830888747,-73.01625649898456,-73.01625649898456
2962.440083088875,-73.01484614995984,-73.01484614995984
2962.4500830888746,-73.01341499765623,-73.01341499765623
2962.460083088875,-73.01196358215172,-73.01196358215172
2962.4700830888746,-73.010492438019,-73.010492438019
2962.480083088875,-73.00900209431475,-73.00900209431475
2962.4900830888746,-73.00749307457681,-73.00749307457681
2962.500083088875,-73.00596589680366,-73.00596589680366
2962.510083088875,-73.00442107345563,-73.00442107345563
2962.520083088875,-73.00285911144755,-73.00285911144755
2962.530083088875,-73.00128051215287,-73.00128051215287
2962.540083088875,-72.99968577140532,-72.99968577140532
2962.550083088875,-72.99807537949657,-72.99807537949657
2962.5600830888748,-72.99644982120421,-72.99644982120421
2962.570083088875,-72.99480957578587,-72.99480957578587
2962.5800830888747,-72.99315511700169,-72.99315511700169
2962.590083088875,-72.99148691311221,-72.99148691311221
2962.6000830888747,-72.98980542692546,-72.98980542692546
2962.610083088875,-72.98811111578154,-72.98811111578154
2962.6200830888747,-72.98640443162087,-72.98640443162087
2962.630083088875,-72.9846858209482,-72.9846858209482
2962.6400830888747,-72.98295572490211,-72.98295572490211
2962.650083088875,-72.98121457926021,-72.98121457926021
2962.6600830888747,-72.97946281447899,-72.97946281447899
2962.670083088875,-72.97770085570482,-72.97770085570482
2962.6800830888747,-72.97592912282636,-72.97592912282636
2962.690083088875,-72.97414803049446,-72.97414803049446
2962.7000830888746,-72.97235798814428,-72.97235798814428
2962.710083088875,-72.97055303543785,-72.97055303543785
2962.7200830888746,-72.96873078455097,-72.96873078455097
2962.730083088875,-72.96689027485154,-72.96689027485154
2962.7400830888746,-72.9650312049968,-72.9650312049968
2962.750083088875,-72.96315363937241,-72.96315363937241
2962.760083088875,-72.96125785533016,-72.96125785533016
2962.770083088875,-72.95934425352053,-72.95934425352053
2962.780083088875,-72.95741330390757,-72.95741330390757
2962.790083088875,-72.95546551330848,-72.95546551330848
2962.800083088875,-72.95350140587578,-72.95350140587578
2962.8100830888748,-72.95152151146287,-72.95152151146287
2962.820083088875,-72.94952635879709,-72.94952635879709
2962.8300830888747,-72.9475164715989,-72.9475164715989
2962.840083088875,-72.94549236643792,-72.94549236643792
2962.8500830888747,-72.9434545516908,-72.9434545516908
2962.860083088875,-72.94140352716364,-72.94140352716364
2962.8700830888747,-72.93933978405306,-72.93933978405306
2962.880083088875,-72.93726380512078,-72.93726380512078
2962.8900830888747,-72.93517606500967,-72.93517606500967
2962.900083088875,-72.93307703057032,-72.93307703057032
2962.9100830888747,-72.9309671611977,-72.9309671611977
2962.920083088875,-72.92884690915886,-72.92884690915886
2962.9300830888747,-72.92671671993476,-72.92671671993476
2962.940083088875,-72.92457703246389,-72.92457703246389
2962.9500830888746,-72.9224282794107,-72.9224282794107
2962.960083088875,-72.9202708873818,-72.9202708873818
2962.9700830888746,-72.91810527714198,-72.91810527714198
2962.980083088875,-72.91593186375141,-72.91593186375141
2962.9900830888746,-72.91375105675674,-72.91375105675674
2963.000083088875,-72.91156326030753,-72.91156326030753
2963.010083088875,-72.90936887326424,-72.90936887326424
2963.020083088875,-72.9071682893329,-72.9071682893329
2963.030083088875,-72.90496189711486,-72.90496189711486
2963.040083088875,-72.90275008021707,-72.90275008021707
2963.050083088875,-72.90053321731801,-72.90053321731801
2963.0600830888748,-72.89831168224114,-72.89831168224114
2963.070083088875,-72.89608584399491,-72.89608584399491
2963.0800830888747,-72.89385606684175,-72.89385606684175
2963.090083088875,-72.89162271034665,-72.89162271034665
2963.1000831127167,-72.88938612408239,-72.88938612408239
2963.110083112717,-72.88714666901673,-72.88714666901673
2963.1200831127167,-72.88490468556799,-72.88490468556799
2963.130083112717,-72.88266051493162,-72.88266051493162
2963.1400831127166,-72.88041449382946,-72.88041449382946
2963.150083112717,-72.87816695452157,-72.87816695452157
2963.1600831127166,-72.87591822485516,-72.87591822485516
2963.170083112717,-72.87366862828091,-72.87366862828091
2963.1800831127166,-72.87141848391182,-72.87141848391182
2963.190083112717,-72.86916810653081,-72.86916810653081
2963.2000831127166,-72.86691780664337,-72.86691780664337
2963.210083112717,-72.86466789050071,-72.86466789050071
2963.2200831127166,-72.8624186601378,-72.8624186601378
2963.230083112717,-72.86017041340048,-72.86017041340048
2963.2400831127165,-72.85792344398024,-72.85792344398024
2963.2500831127168,-72.85567804144623,-72.85567804144623
2963.2600831127165,-72.85343449127078,-72.85343449127078
2963.2700831127167,-72.85119307488502,-72.85119307488502
2963.2800831127165,-72.84895406969272,-72.84895406969272
2963.2900831127167,-72.84671774909849,-72.84671774909849
2963.3000831127165,-72.84448438256156,-72.84448438256156
2963.3100831127167,-72.84225423561516,-72.84225423561516
2963.3200831127165,-72.8400275698937,-72.8400275698937
2963.3300831127167,-72.83780464318028,-72.83780464318028
2963.3400831127165,-72.83558570944453,-72.83558570944453
2963.3500831127167,-72.83337101885408,-72.83337101885408
2963.360083112717,-72.8311608178302,-72.8311608178302
2963.3700831127167,-72.8289553490789,-72.8289553490789
2963.380083112717,-72.82675485160082,-72.82675485160082
2963.3900831127166,-72.82455956076505,-72.82455956076505
2963.400083112717,-72.8223697083194,-72.8223697083194
2963.4100831127166,-72.82018552242495,-72.82018552242495
2963.420083112717,-72.81800722769829,-72.81800722769829
2963.4300831127166,-72.8158350452411,-72.8158350452411
2963.440083112717,-72.81366919268278,-72.81366919268278
2963.4500831127166,-72.81150988420838,-72.81150988420838
2963.460083112717,-72.80935733058102,-72.80935733058102
2963.4700831127166,-72.80721173920796,-72.80721173920796
2963.480083112717,-72.8050733141461,-72.8050733141461
2963.4900831127165,-72.80294225615472,-72.80294225615472
2963.5000831127168,-72.80081876272355,-72.80081876272355
2963.5100831127165,-72.79870302809604,-72.79870302809604
2963.5200831127167,-72.79659524333455,-72.79659524333455
2963.5300831127165,-72.79449559631738,-72.79449559631738
2963.5400831127167,-72.79240427179745,-72.79240427179745
2963.5500831127165,-72.79032145142935,-72.79032145142935
2963.5600831127167,-72.7882473138075,-72.7882473138075
2963.5700831127165,-72.7861820344976,-72.7861820344976
2963.5800831127167,-72.78412578606465,-72.78412578606465
2963.5900831127165,-72.78207873811525,-72.78207873811525
2963.6000831127167,-72.7800410573167,-72.7800410573167
2963.610083112717,-72.77801290745428,-72.77801290745428
2963.6200831127167,-72.77599444945258,-72.77599444945258
2963.630083112717,-72.77398584139874,-72.77398584139874
2963.6400831127166,-72.77198723859057,-72.77198723859057
2963.650083112717,-72.76999879354136,-72.76999879354136
2963.6600831127166,-72.76802065606712,-72.76802065606712
2963.670083112717,-72.7660529732618,-72.7660529732618
2963.6800831127166,-72.76409588955903,-72.76409588955903
2963.690083112717,-72.76214954674832,-72.76214954674832
2963.7000831127166,-72.76021408402607,-72.76021408402607
2963.710083112717,-72.75828963801341,-72.75828963801341
2963.7200831127166,-72.75637634279941,-72.75637634279941
2963.730083112717,-72.75447432993805,-72.75447432993805
2963.7400831127165,-72.75258372852379,-72.75258372852379
2963.7500831127168,-72.75070466519774,-72.75070466519774
2963.7600831127165,-72.74883726417646,-72.74883726417646
2963.7700831127167,-72.74698164728768,-72.74698164728768
2963.7800831127165,-72.74513793400641,-72.74513793400641
2963.7900831127167,-72.74330624146715,-72.74330624146715
2963.8000831127165,-72.74148668450576,-72.74148668450576
2963.8100831127167,-72.73967937568503,-72.73967937568503
2963.8200831127165,-72.73788442532098,-72.73788442532098
2963.8300831127167,-72.73610194152816,-72.73610194152816
2963.8400831127165,-72.73433203020682,-72.73433203020682
2963.8500831127167,-72.73257479512046,-72.73257479512046
2963.860083112717,-72.73083033788453,-72.73083033788453
2963.8700831127167,-72.72909875802195,-72.72909875802195
2963.880083112717,-72.72738015295903,-72.72738015295903
2963.8900831127166,-72.72567461808542,-72.72567461808542
2963.900083112717,-72.7239822467662,-72.7239822467662
2963.9100831127166,-72.72230313035773,-72.72230313035773
2963.920083112717,-72.72063735824199,-72.72063735824199
2963.9300831127166,-72.71898501785118,-72.71898501785118
2963.940083112717,-72.7173461947069,-72.7173461947069
2963.9500831365585,-72.7157209685594,-72.7157209685594
2963.9600831365588,-72.7141094289342,-72.7141094289342
2963.9700831365585,-72.71251165180384,-72.71251165180384
2963.9800831365587,-72.7109277152467,-72.7109277152467
2963.9900831365585,-72.70935769553803,-72.70935769553803
2964.0000831365587,-72.70780166717151,-72.70780166717151
2964.0100831365585,-72.70625970289008,-72.70625970289008
2964.0200831365587,-72.70473187371002,-72.70473187371002
2964.0300831365585,-72.70321824893773,-72.70321824893773
2964.0400831365587,-72.70171889619397,-72.70171889619397
2964.0500831365584,-72.7002338814343,-72.7002338814343
2964.0600831365587,-72.69876326899204,-72.69876326899204
2964.0700831365584,-72.69730712156128,-72.69730712156128
2964.0800831365586,-72.69586550025507,-72.69586550025507
2964.0900831365584,-72.69443846460508,-72.69443846460508
2964.1000831365586,-72.69302607260025,-72.69302607260025
2964.1100831365584,-72.69162838068249,-72.69162838068249
2964.1200831365586,-72.69024544378996,-72.69024544378996
2964.1300831365584,-72.68887731537325,-72.68887731537325
2964.1400831365586,-72.6875240474023,-72.6875240474023
2964.1500831365584,-72.68618569040977,-72.68618569040977
2964.1600831365586,-72.68486229349205,-72.68486229349205
2964.1700831365583,-72.68355390432431,-72.68355390432431
2964.1800831365586,-72.68226056919465,-72.68226056919465
2964.1900831365583,-72.68098233303282,-72.68098233303282
2964.2000831365585,-72.67971923938723,-72.67971923938723
2964.2100831365588,-72.6784713304976,-72.6784713304976
2964.2200831365585,-72.67723864727405,-72.67723864727405
2964.2300831365587,-72.67602122931498,-72.67602122931498
2964.2400831365585,-72.6748191149596,-72.6748191149596
2964.2500831365587,-72.67363234126455,-72.67363234126455
2964.2600831365585,-72.67246094405225,-72.67246094405225
2964.2700831365587,-72.67130495791488,-72.67130495791488
2964.2800831365585,-72.67016441622796,-72.67016441622796
2964.2900831365587,-72.66903935117536,-72.66903935117536
2964.3000831365584,-72.66792979376112,-72.66792979376112
2964.3100831365587,-72.6668357738263,-72.6668357738263
2964.3200831365584,-72.6657573200687,-72.6657573200687
2964.3300831365586,-72.66469446005033,-72.66469446005033
2964.3400831365584,-72.66364722022647,-72.66364722022647
2964.3500831365586,-72.66261562594973,-72.66261562594973
2964.3600831365584,-72.66159970149754,-72.66159970149754
2964.3700831365586,-72.66059947006687,-72.66059947006687
2964.3800831365584,-72.65961495381177,-72.65961495381177
2964.3900831365586,-72.65864617383936,-72.65864617383936
2964.4000831365584,-72.65769315024292,-72.65769315024292
2964.4100831365586,-72.65675590209933,-72.65675590209933
2964.4200831365583,-72.65583444750368,-72.65583444750368
2964.4300831365586,-72.65492880355715,-72.65492880355715
2964.4400831365583,-72.6540389864074,-72.6540389864074
2964.4500831365585,-72.65316501123095,-72.65316501123095
2964.4600831365588,-72.6523005538202,-72.6523005538202
2964.4700831365585,-72.65144285181721,-72.65144285181721
2964.4800831365587,-72.65059056820547,-72.65059056820547
2964.4900831365585,-72.6497430265679,-72.6497430265679
2964.5000831365587,-72.64889991871533,-72.64889991871533
2964.5100831365585,-72.64806115253123,-72.64806115253123
2964.5200831365587,-72.64722676261526,-72.64722676261526
2964.5300831365585,-72.6463968565117,-72.6463968565117
2964.5400831365587,-72.64557158233362,-72.64557158233362
2964.5500831365584,-72.6447511093066,-72.6447511093066
2964.5600831365587,-72.64393561616453,-72.64393561616453
2964.5700831365584,-72.64312528434478,-72.64312528434478
2964.5800831365586,-72.64232029407138,-72.64232029407138
2964.5900831365584,-72.64152082222911,-72.64152082222911
2964.6000831365586,-72.64072704131264,-72.64072704131264
2964.6100831365584,-72.63993911900434,-72.63993911900434
2964.6200831365586,-72.63915721812513,-72.63915721812513
2964.6300831365584,-72.6383814968272,-72.6383814968272
2964.6400831365586,-72.63761210882022,-72.63761210882022
2964.6500831365584,-72.63684920371323,-72.63684920371323
2964.6600831365586,-72.63609292732329,-72.63609292732329
2964.6700831365583,-72.63534342198642,-72.63534342198642
2964.6800831365586,-72.63460082683018,-72.63460082683018
2964.6900831365583,-72.63386527805197,-72.63386527805197
2964.7000831365585,-72.6331369091092,-72.6331369091092
2964.7100831365588,-72.6324158509287,-72.6324158509287
2964.7200831365585,-72.63170223209586,-72.63170223209586
2964.7300831365587,-72.630996178962,-72.630996178962
2964.7400831365585,-72.63029781581224,-72.63029781581224
2964.7500831365587,-72.62960726492415,-72.62960726492415
2964.7600831365585,-72.62892464669044,-72.62892464669044
2964.7700831365587,-72.62825007967307,-72.62825007967307
2964.7800831365585,-72.62758368067058,-72.62758368067058
2964.7900831365587,-72.62692556478238,-72.62692556478238
2964.8000831604004,-72.62627584388447,-72.62627584388447
2964.8100831604006,-72.62563463289233,-72.62563463289233
2964.8200831604004,-72.62500204042456,-72.62500204042456
2964.8300831604006,-72.62437817509198,-72.62437817509198
2964.8400831604004,-72.62376314396242,-72.62376314396242
2964.8500831604006,-72.62315705254507,-72.62315705254507
2964.8600831604003,-72.62256000482013,-72.62256000482013
2964.8700831604006,-72.62197210326379,-72.62197210326379
2964.8800831604003,-72.6213934488344,-72.6213934488344
2964.8900831604005,-72.62082414099649,-72.62082414099649
2964.9000831604003,-72.62026427770289,-72.62026427770289
2964.9100831604005,-72.61971395542722,-72.61971395542722
2964.9200831604003,-72.61917326916436,-72.61917326916436
2964.9300831604005,-72.61864231241044,-72.61864231241044
2964.9400831604003,-72.61812117720386,-72.61812117720386
2964.9500831604005,-72.61760995407904,-72.61760995407904
2964.9600831604002,-72.61710873211965,-72.61710873211965
2964.9700831604005,-72.6166175989381,-72.6166175989381
2964.9800831604,-72.61613664067413,-72.61613664067413
2964.9900831604004,-72.61566594200713,-72.61566594200713
2965.0000831604,-72.61520558616527,-72.61520558616527
2965.0100831604004,-72.61475565490733,-72.61475565490733
2965.0200831604,-72.61431622854876,-72.61431622854876
2965.0300831604004,-72.61388738595384,-72.61388738595384
2965.0400831604,-72.61346920455536,-72.61346920455536
2965.0500831604004,-72.6130617603359,-72.6130617603359
2965.0600831604006,-72.61266512785647,-72.61266512785647
2965.0700831604004,-72.61227938024123,-72.61227938024123
2965.0800831604006,-72.61190458921071,-72.61190458921071
2965.0900831604004,-72.61154082504524,-72.61154082504524
2965.1000831604006,-72.61118815665048,-72.61118815665048
2965.1100831604003,-72.61084665151465,-72.61084665151465
2965.1200831604006,-72.61051637572652,-72.61051637572652
2965.1300831604003,-72.61019739400892,-72.61019739400892
2965.1400831604005,-72.60988976969367,-72.60988976969367
2965.1500831604003,-72.60959356475234,-72.60959356475234
2965.1600831604005,-72.60930883979817,-72.60930883979817
2965.1700831604003,-72.60903565408961,-72.60903565408961
2965.1800831604005,-72.60877406553627,-72.60877406553627
2965.1900831604003,-72.60852413073512,-72.60852413073512
2965.2000831604005,-72.60828590495635,-72.60828590495635
2965.2100831604002,-72.60805944214891,-72.60805944214891
2965.2200831604005,-72.60784479496712,-72.60784479496712
2965.2300831604,-72.60764201477508,-72.60764201477508
2965.2400831604004,-72.60745115164646,-72.60745115164646
2965.2500831604,-72.60727225440475,-72.60727225440475
2965.2600831604004,-72.60710537059695,-72.60710537059695
2965.2700831604,-72.6069505465367,-72.6069505465367
2965.2800831604004,-72.60680782729193,-72.60680782729193
2965.2900831604,-72.60667725670818,-72.60667725670818
2965.3000831604004,-72.60655887742602,-72.60655887742602
2965.3100831604006,-72.6064527308674,-72.6064527308674
2965.3200831604004,-72.6063588572844,-72.6063588572844
2965.3300831604006,-72.6062772957369,-72.6062772957369
2965.3400831604004,-72.60620808412568,-72.60620808412568
2965.3500831604006,-72.60615125920378,-72.60615125920378
2965.3600831604003,-72.60610685655983,-72.60610685655983
2965.3700831604006,-72.60607491068623,-72.60607491068623
2965.3800831604003,-72.60605545494347,-72.60605545494347
2965.3900831604005,-72.60604852157677,-72.60604852157677
2965.4000831604003,-72.6060541417546,-72.6060541417546
2965.4100831604005,-72.60607234555069,-72.60607234555069
2965.4200831604003,-72.60610316199214,-72.60610316199214
2965.4300831604005,-72.60614661902994,-72.60614661902994
2965.4400831604003,-72.60620274357197,-72.60620274357197
2965.4500831604005,-72.60627156151094,-72.60627156151094
2965.4600831604002,-72.60635309771861,-72.60635309771861
2965.4700831604005,-72.60644737604675,-72.60644737604675
2965.4800831604,-72.60655441936697,-72.60655441936697
2965.4900831604004,-72.60667424955899,-72.60667424955899
2965.5000831604,-72.60680688754178,-72.60680688754178
2965.5100831604004,-72.60695235326993,-72.60695235326993
2965.5200831604,-72.60711066575624,-72.60711066575624
2965.5300831604004,-72.60728184307484,-72.60728184307484
2965.5400831604,-72.60746590239529,-72.60746590239529
2965.5500831604004,-72.60766285996102,-72.60766285996102
2965.5600831604006,-72.60787273112338,-72.60787273112338
2965.5700831604004,-72.60809553035618,-72.60809553035618
2965.5800831604006,-72.60833127124589,-72.60833127124589
2965.5900831604004,-72.60857996652322,-72.60857996652322
2965.6000831604006,-72.60884162807115,-72.60884162807115
2965.6100831604003,-72.60911626693998,-72.60911626693998
2965.6200831604006,-72.6094038933316,-72.6094038933316
2965.6300831604003,-72.60970451665892,-72.60970451665892
2965.6400831604005,-72.61001814550961,-72.61001814550961
2965.6500831842422,-72.61034478847877,-72.61034478847877
2965.6600831842425,-72.61068445106068,-72.61068445106068
2965.6700831842422,-72.6110371402331,-72.6110371402331
2965.6800831842424,-72.61140286148738,-72.61140286148738
2965.690083184242,-72.61178161958217,-72.61178161958217
2965.7000831842424,-72.61217341851112,-72.61217341851112
2965.710083184242,-72.61257826155065,-72.61257826155065
2965.7200831842424,-72.61299615126524,-72.61299615126524
2965.730083184242,-72.61342708950174,-72.61342708950174
2965.7400831842424,-72.6138710774198,-72.6138710774198
2965.750083184242,-72.61432811548522,-72.61432811548522
2965.7600831842424,-72.6147982034983,-72.6147982034983
2965.770083184242,-72.6152813406,-72.6152813406
2965.7800831842424,-72.61577752524944,-72.61577752524944
2965.790083184242,-72.61628675528584,-72.61628675528584
2965.8000831842423,-72.61680902789566,-72.61680902789566
2965.810083184242,-72.61734433965913,-72.61734433965913
2965.8200831842423,-72.61789268651572,-72.61789268651572
2965.830083184242,-72.61845406382719,-72.61845406382719
2965.8400831842423,-72.61902846633585,-72.61902846633585
2965.850083184242,-72.61961588820243,-72.61961588820243
2965.8600831842423,-72.62021632300906,-72.62021632300906
2965.870083184242,-72.62082976377724,-72.62082976377724
2965.8800831842423,-72.62145620294616,-72.62145620294616
2965.890083184242,-72.62209563242949,-72.62209563242949
2965.9000831842422,-72.62274804357483,-72.62274804357483
2965.9100831842425,-72.62341342722516,-72.62341342722516
2965.9200831842422,-72.62409177366331,-72.62409177366331
2965.9300831842424,-72.62478307267423,-72.62478307267423
2965.940083184242,-72.6254873135333,-72.6254873135333
2965.9500831842424,-72.62620448501241,-72.62620448501241
2965.960083184242,-72.62693457539562,-72.62693457539562
2965.9700831842424,-72.62767757247245,-72.62767757247245
2965.980083184242,-72.62843346357575,-72.62843346357575
2965.9900831842424,-72.62920223555578,-72.62920223555578
2966.000083184242,-72.62998387480732,-72.62998387480732
2966.0100831842424,-72.63077836726893,-72.63077836726893
2966.020083184242,-72.63158569844201,-72.63158569844201
2966.0300831842424,-72.63240585337776,-72.63240585337776
2966.040083184242,-72.63323881670911,-72.63323881670911
2966.0500831842423,-72.63408457264477,-72.63408457264477
2966.060083184242,-72.63494310497494,-72.63494310497494
2966.0700831842423,-72.63581439708499,-72.63581439708499
2966.080083184242,-72.6366984319629,-72.6366984319629
2966.0900831842423,-72.6375951921914,-72.6375951921914
2966.100083184242,-72.63850465996937,-72.63850465996937
2966.1100831842423,-72.63942681712521,-72.63942681712521
2966.120083184242,-72.64036164510382,-72.64036164510382
2966.1300831842423,-72.64130912499155,-72.64130912499155
2966.140083184242,-72.64226923750456,-72.64226923750456
2966.1500831842422,-72.6432419630108,-72.6432419630108
2966.1600831842425,-72.64422728153632,-72.64422728153632
2966.1700831842422,-72.64522517275294,-72.64522517275294
2966.1800831842424,-72.64623561599964,-72.64623561599964
2966.190083184242,-72.6472585903032,-72.6472585903032
2966.2000831842424,-72.64829407435043,-72.64829407435043
2966.210083184242,-72.64933570702516,-72.64933570702516
2966.2200831842424,-72.65038068875982,-72.65038068875982
2966.230083184242,-72.6514276449029,-72.6514276449029
2966.2400831842424,-72.65247586108174,-72.65247586108174
2966.250083184242,-72.65352499109756,-72.65352499109756
2966.2600831842424,-72.65457490498288,-72.65457490498288
2966.270083184242,-72.65562559988668,-72.65562559988668
2966.2800831842424,-72.65667714642811,-72.65667714642811
2966.290083184242,-72.65772965645289,-72.65772965645289
2966.3000831842423,-72.65878326364107,-72.65878326364107
2966.310083184242,-72.65983811193865,-72.65983811193865
2966.3200831842423,-72.66089434876837,-72.66089434876837
2966.330083184242,-72.66195212113513,-72.66195212113513
2966.3400831842423,-72.66301157347044,-72.66301157347044
2966.350083184242,-72.66407284660306,-72.66407284660306
2966.3600831842423,-72.66513607727697,-72.66513607727697
2966.370083184242,-72.66620139815564,-72.66620139815564
2966.3800831842423,-72.66726893790037,-72.66726893790037
2966.390083184242,-72.6683388214768,-72.6683388214768
2966.4000831842422,-72.66941117041401,-72.66941117041401
2966.4100831842425,-72.67048610312719,-72.67048610312719
2966.4200831842422,-72.67156373517882,-72.67156373517882
2966.4300831842424,-72.67264417959471,-72.67264417959471
2966.440083184242,-72.67372754705777,-72.67372754705777
2966.4500831842424,-72.67481394612258,-72.67481394612258
2966.460083184242,-72.67590348342723,-72.67590348342723
2966.4700831842424,-72.67699626381587,-72.67699626381587
2966.480083184242,-72.67809239049316,-72.67809239049316
2966.4900831842424,-72.67919196512854,-72.67919196512854
2966.500083208084,-72.68029509056962,-72.68029509056962
2966.5100832080843,-72.68140186043094,-72.68140186043094
2966.520083208084,-72.68251237488464,-72.68251237488464
2966.5300832080843,-72.6836267302405,-72.6836267302405
2966.540083208084,-72.68474502160768,-72.68474502160768
2966.5500832080843,-72.68586734290876,-72.68586734290876
2966.560083208084,-72.68699378693935,-72.68699378693935
2966.5700832080843,-72.68812444535004,-72.68812444535004
2966.580083208084,-72.68925940869234,-72.68925940869234
2966.5900832080843,-72.69039876642337,-72.69039876642337
2966.600083208084,-72.69154260691023,-72.69154260691023
2966.6100832080842,-72.69269101742846,-72.69269101742846
2966.620083208084,-72.69384408419116,-72.69384408419116
2966.630083208084,-72.69500189233034,-72.69500189233034
2966.640083208084,-72.69616452588718,-72.69616452588718
2966.650083208084,-72.69733206784055,-72.69733206784055
2966.660083208084,-72.69850460008759,-72.69850460008759
2966.670083208084,-72.69968220344353,-72.69968220344353
2966.680083208084,-72.70086495763762,-72.70086495763762
2966.690083208084,-72.7020529413166,-72.7020529413166
2966.700083208084,-72.70324623204075,-72.70324623204075
2966.710083208084,-72.70443856255363,-72.70443856255363
2966.720083208084,-72.70562722883575,-72.70562722883575
2966.730083208084,-72.70681095182309,-72.70681095182309
2966.740083208084,-72.7079891121895,-72.7079891121895
2966.750083208084,-72.70916145807627,-72.70916145807627
2966.7600832080843,-72.71032795309824,-72.71032795309824
2966.770083208084,-72.71148868720421,-72.71148868720421
2966.7800832080843,-72.71264382305777,-72.71264382305777
2966.790083208084,-72.71379356376009,-72.71379356376009
2966.8000832080843,-72.71493813345892,-72.71493813345892
2966.810083208084,-72.71607776581148,-72.71607776581148
2966.8200832080843,-72.71721269715151,-72.71721269715151
2966.830083208084,-72.71834316260602,-72.71834316260602
2966.8400832080843,-72.71946939395,-72.71946939395
2966.850083208084,-72.72059161852545,-72.72059161852545
2966.8600832080842,-72.72171005880998,-72.72171005880998
2966.870083208084,-72.72282493236996,-72.72282493236996
2966.880083208084,-72.72393645197369,-72.72393645197369
2966.890083208084,-72.7250448258422,-72.7250448258422
2966.900083208084,-72.72615025795199,-72.72615025795199
2966.910083208084,-72.72725294832742,-72.72725294832742
2966.920083208084,-72.7283530933225,-72.7283530933225
2966.930083208084,-72.72945088590065,-72.72945088590065
2966.940083208084,-72.73054651583698,-72.73054651583698
2966.950083208084,-72.73164016997747,-72.73164016997747
2966.960083208084,-72.73273203237858,-72.73273203237858
2966.970083208084,-72.73382228446938,-72.73382228446938
2966.980083208084,-72.73491110519903,-72.73491110519903
2966.990083208084,-72.73599867114824,-72.73599867114824
2967.000083208084,-72.73708515660465,-72.73708515660465
2967.0100832080843,-72.73817073367101,-72.73817073367101
2967.020083208084,-72.73925557230703,-72.73925557230703
2967.0300832080843,-72.74033984039025,-72.74033984039025
2967.040083208084,-72.74142370376116,-72.74142370376116
2967.0500832080843,-72.74250732626676,-72.74250732626676
2967.060083208084,-72.74359086978673,-72.74359086978673
2967.0700832080843,-72.74467449425116,-72.74467449425116
2967.080083208084,-72.7457583576775,-72.7457583576775
2967.0900832080843,-72.7468426161715,-72.7468426161715
2967.100083208084,-72.74792742394327,-72.74792742394327
2967.1100832080842,-72.74901293331784,-72.74901293331784
2967.120083208084,-72.75009929474533,-72.75009929474533
2967.130083208084,-72.75118665681839,-72.75118665681839
2967.140083208084,-72.75227516625684,-72.75227516625684
2967.150083208084,-72.75336496792623,-72.75336496792623
2967.160083208084,-72.75445620483538,-72.75445620483538
2967.170083208084,-72.75554901814598,-72.75554901814598
2967.180083208084,-72.75664354718633,-72.75664354718633
2967.190083208084,-72.75773992942018,-72.75773992942018
2967.200083208084,-72.75883830049064,-72.75883830049064
2967.210083208084,-72.75993879418967,-72.75993879418967
2967.220083208084,-72.76104154248955,-72.76104154248955
2967.230083208084,-72.76214667552951,-72.76214667552951
2967.240083208084,-72.7632543216165,-72.7632543216165
2967.250083208084,-72.76436460726063,-72.76436460726063
2967.2600832080843,-72.7654776571287,-72.7654776571287
2967.270083208084,-72.76659359410213,-72.76659359410213
2967.2800832080843,-72.76771253923677,-72.76771253923677
2967.290083208084,-72.7688346118189,-72.7688346118189
2967.3000832080843,-72.76995992932562,-72.76995992932562
2967.310083208084,-72.77108860745408,-72.77108860745408
2967.3200832080843,-72.77222076012752,-72.77222076012752
2967.330083208084,-72.77335649950656,-72.77335649950656
2967.3400832080843,-72.77449593598632,-72.77449593598632
2967.350083231926,-72.77563918094354,-72.77563918094354
2967.360083231926,-72.77678633584725,-72.77678633584725
2967.370083231926,-72.77793750858946,-72.77793750858946
2967.380083231926,-72.77909280263468,-72.77909280263468
2967.390083231926,-72.78025231972607,-72.78025231972607
2967.400083231926,-72.78141615992246,-72.78141615992246
2967.410083231926,-72.78258442158169,-72.78258442158169
2967.420083231926,-72.78375720139807,-72.78375720139807
2967.430083231926,-72.78493459440038,-72.78493459440038
2967.440083231926,-72.78611669395973,-72.78611669395973
2967.450083231926,-72.78730359181631,-72.78730359181631
2967.460083231926,-72.78849537807773,-72.78849537807773
2967.470083231926,-72.78969214124963,-72.78969214124963
2967.480083231926,-72.79089396822707,-72.79089396822707
2967.490083231926,-72.79210094432658,-72.79210094432658
2967.500083231926,-72.79331315328889,-72.79331315328889
2967.510083231926,-72.7945306772917,-72.7945306772917
2967.520083231926,-72.79575359698487,-72.79575359698487
2967.530083231926,-72.79698199147468,-72.79698199147468
2967.540083231926,-72.79821593835835,-72.79821593835835
2967.550083231926,-72.7994555137247,-72.7994555137247
2967.560083231926,-72.80070079219247,-72.80070079219247
2967.5700832319258,-72.80195184689747,-72.80195184689747
2967.580083231926,-72.80320874951816,-72.80320874951816
2967.5900832319257,-72.80447157029374,-72.80447157029374
2967.600083231926,-72.80574037803599,-72.80574037803599
2967.610083231926,-72.80701524015183,-72.80701524015183
2967.620083231926,-72.80829622264173,-72.80829622264173
2967.630083231926,-72.80958339013226,-72.80958339013226
2967.640083231926,-72.81087680588819,-72.81087680588819
2967.650083231926,-72.81217653180545,-72.81217653180545
2967.660083231926,-72.81348262847412,-72.81348262847412
2967.670083231926,-72.81479515513543,-72.81479515513543
2967.680083231926,-72.81611416973792,-72.81611416973792
2967.690083231926,-72.81743972894155,-72.81743972894155
2967.700083231926,-72.81877188812425,-72.81877188812425
2967.710083231926,-72.82011070141645,-72.82011070141645
2967.720083231926,-72.82145622169293,-72.82145622169293
2967.730083231926,-72.82280850060272,-72.82280850060272
2967.740083231926,-72.82416758858815,-72.82416758858815
2967.750083231926,-72.82553353488345,-72.82553353488345
2967.760083231926,-72.82690638753695,-72.82690638753695
2967.770083231926,-72.8282861934282,-72.8282861934282
2967.780083231926,-72.82967299828417,-72.82967299828417
2967.790083231926,-72.83106684669688,-72.83106684669688
2967.800083231926,-72.83246778213478,-72.83246778213478
2967.810083231926,-72.83387584693806,-72.83387584693806
2967.8200832319258,-72.83529108236273,-72.83529108236273
2967.830083231926,-72.8367135285801,-72.8367135285801
2967.8400832319257,-72.8381432246985,-72.8381432246985
2967.850083231926,-72.8395802087624,-72.8395802087624
2967.860083231926,-72.84102451778614,-72.84102451778614
2967.870083231926,-72.84247618775836,-72.84247618775836
2967.880083231926,-72.84393525364932,-72.84393525364932
2967.890083231926,-72.84540174943017,-72.84540174943017
2967.900083231926,-72.84687570809152,-72.84687570809152
2967.910083231926,-72.84835716165726,-72.84835716165726
2967.920083231926,-72.84984614118832,-72.84984614118832
2967.930083231926,-72.8513426768084,-72.8513426768084
2967.940083231926,-72.85284679768607,-72.85284679768607
2967.950083231926,-72.85435853210714,-72.85435853210714
2967.960083231926,-72.85587790742403,-72.85587790742403
2967.970083231926,-72.85740495011169,-72.85740495011169
2967.980083231926,-72.85893968576167,-72.85893968576167
2967.990083231926,-72.86048213909956,-72.86048213909956
2968.000083231926,-72.86203233399624,-72.86203233399624
2968.010083231926,-72.8635902934687,-72.8635902934687
2968.020083231926,-72.86515603972639,-72.86515603972639
2968.030083231926,-72.86672959414406,-72.86672959414406
2968.040083231926,-72.86831097730092,-72.86831097730092
2968.050083231926,-72.8699002089633,-72.8699002089633
2968.060083231926,-72.87149730813475,-72.87149730813475
2968.0700832319258,-72.87310229304228,-72.87310229304228
2968.080083231926,-72.8747151811454,-72.8747151811454
2968.0900832319257,-72.87633598916665,-72.87633598916665
2968.100083231926,-72.87796473308194,-72.87796473308194
2968.110083231926,-72.87960142814482,-72.87960142814482
2968.120083231926,-72.88124608889875,-72.88124608889875
2968.130083231926,-72.8828987291717,-72.8828987291717
2968.140083231926,-72.88455936211527,-72.88455936211527
2968.150083231926,-72.88622800017149,-72.88622800017149
2968.160083231926,-72.88790465514111,-72.88790465514111
2968.170083231926,-72.88958933813116,-72.88958933813116
2968.180083231926,-72.8912820596193,-72.8912820596193
2968.190083231926,-72.89298282943058,-72.89298282943058
2968.200083255768,-72.89469166083607,-72.89469166083607
2968.210083255768,-72.89640855429118,-72.89640855429118
2968.220083255768,-72.898133521788,-72.898133521788
2968.230083255768,-72.89986657069022,-72.89986657069022
2968.240083255768,-72.90160770776852,-72.90160770776852
2968.250083255768,-72.90335693919056,-72.90335693919056
2968.2600832557678,-72.90511427056633,-72.90511427056633
2968.270083255768,-72.90687970693165,-72.90687970693165
2968.2800832557677,-72.90865325276144,-72.90865325276144
2968.290083255768,-72.9104349119858,-72.9104349119858
2968.3000832557677,-72.91222468800603,-72.91222468800603
2968.310083255768,-72.91402258367158,-72.91402258367158
2968.3200832557677,-72.91582860132618,-72.91582860132618
2968.330083255768,-72.9176427427875,-72.9176427427875
2968.3400832557677,-72.91946500938143,-72.91946500938143
2968.350083255768,-72.9212954019193,-72.9212954019193
2968.3600832557677,-72.9231339207361,-72.9231339207361
2968.370083255768,-72.92498056567872,-72.92498056567872
2968.3800832557677,-72.92683533612005,-72.92683533612005
2968.390083255768,-72.92869823097554,-72.92869823097554
2968.4000832557676,-72.93056924868745,-72.93056924868745
2968.410083255768,-72.93244838725904,-72.93244838725904
2968.4200832557676,-72.93433564424649,-72.93433564424649
2968.430083255768,-72.93623101677143,-72.93623101677143
2968.4400832557676,-72.93813450153002,-72.93813450153002
2968.450083255768,-72.94004609477928,-72.94004609477928
2968.460083255768,-72.9419657923817,-72.9419657923817
2968.470083255768,-72.9438935897846,-72.9438935897846
2968.480083255768,-72.94582948202823,-72.94582948202823
2968.490083255768,-72.94777346377661,-72.94777346377661
2968.500083255768,-72.94972552928863,-72.94972552928863
2968.5100832557678,-72.95168567244603,-72.95168567244603
2968.520083255768,-72.95365388676156,-72.95365388676156
2968.5300832557677,-72.95563016538517,-72.95563016538517
2968.540083255768,-72.95761450108665,-72.95761450108665
2968.5500832557677,-72.9596068862986,-72.9596068862986
2968.560083255768,-72.96160731309024,-72.96160731309024
2968.5700832557677,-72.96361577320462,-72.96361577320462
2968.580083255768,-72.96563225802845,-72.96563225802845
2968.5900832557677,-72.9676567586315,-72.9676567586315
2968.600083255768,-72.96968926574903,-72.96968926574903
2968.6100832557677,-72.971729769793,-72.971729769793
2968.620083255768,-72.97377826087762,-72.97377826087762
2968.6300832557677,-72.97583472879606,-72.97583472879606
2968.640083255768,-72.97789916304386,-72.97789916304386
2968.6500832557676,-72.97997155281166,-72.97997155281166
2968.660083255768,-72.98205188699696,-72.98205188699696
2968.6700832557676,-72.98414015422628,-72.98414015422628
2968.680083255768,-72.98623634282272,-72.98623634282272
2968.6900832557676,-72.98834044083877,-72.98834044083877
2968.700083255768,-72.99045243606608,-72.99045243606608
2968.710083255768,-72.99257231601982,-72.99257231601982
2968.720083255768,-72.99470006795659,-72.99470006795659
2968.730083255768,-72.99683567886798,-72.99683567886798
2968.740083255768,-72.99897913549815,-72.99897913549815
2968.750083255768,-73.00113042434273,-73.00113042434273
2968.7600832557678,-73.00328953166289,-73.00328953166289
2968.770083255768,-73.00545644346137,-73.00545644346137
2968.7800832557677,-73.00763114552208,-73.00763114552208
2968.790083255768,-73.00981362339735,-73.00981362339735
2968.8000832557677,-73.01200386241008,-73.01200386241008
2968.810083255768,-73.01420184766589,-73.01420184766589
2968.8200832557677,-73.01640756403793,-73.01640756403793
2968.830083255768,-73.01862099621081,-73.01862099621081
2968.8400832557677,-73.02084212863994,-73.02084212863994
2968.850083255768,-73.02307094559073,-73.02307094559073
2968.8600832557677,-73.02530743111934,-73.02530743111934
2968.870083255768,-73.02755156908,-73.02755156908
2968.8800832557677,-73.029803343151,-73.029803343151
2968.890083255768,-73.03206273680452,-73.03206273680452
2968.9000832557676,-73.03432973333608,-73.03432973333608
2968.910083255768,-73.03660431585267,-73.03660431585267
2968.9200832557676,-73.03888646729102,-73.03888646729102
2968.930083255768,-73.04117617040195,-73.04117617040195
2968.9400832557676,-73.04347340777889,-73.04347340777889
2968.950083255768,-73.04577816183962,-73.04577816183962
2968.960083255768,-73.04809041484239,-73.04809041484239
2968.970083255768,-73.05041014887786,-73.05041014887786
2968.980083255768,-73.05273734588123,-73.05273734588123
2968.990083255768,-73.05507198764874,-73.05507198764874
2969.000083255768,-73.05741405579649,-73.05741405579649
2969.0100832557678,-73.05976353182083,-73.05976353182083
2969.020083255768,-73.0621203970538,-73.0621203970538
2969.0300832557677,-73.06448463269649,-73.06448463269649
2969.040083255768,-73.06685621981066,-73.06685621981066
2969.0500832796097,-73.06923514498172,-73.06923514498172
2969.06008327961,-73.07162137770058,-73.07162137770058
2969.0700832796097,-73.07401490426093,-73.07401490426093
2969.08008327961,-73.07641570520056,-73.07641570520056
2969.0900832796096,-73.07882376093629,-73.07882376093629
2969.10008327961,-73.08123905175873,-73.08123905175873
2969.1100832796096,-73.08366155784259,-73.08366155784259
2969.12008327961,-73.08609125924163,-73.08609125924163
2969.1300832796096,-73.08852813590468,-73.08852813590468
2969.14008327961,-73.09097216766123,-73.09097216766123
2969.1500832796096,-73.09342333423716,-73.09342333423716
2969.16008327961,-73.09588161525646,-73.09588161525646
2969.1700832796096,-73.0983469902423,-73.0983469902423
2969.18008327961,-73.10081943860074,-73.10081943860074
2969.1900832796096,-73.10329893966677,-73.10329893966677
2969.2000832796098,-73.10578547265874,-73.10578547265874
2969.2100832796095,-73.10827901671544,-73.10827901671544
2969.2200832796098,-73.11077955087187,-73.11077955087187
2969.2300832796095,-73.11328705408918,-73.11328705408918
2969.2400832796097,-73.11580150522583,-73.11580150522583
2969.2500832796095,-73.11832288308466,-73.11832288308466
2969.2600832796097,-73.12085116634834,-73.12085116634834
2969.2700832796095,-73.12338633364968,-73.12338633364968
2969.2800832796097,-73.12592836353645,-73.12592836353645
2969.2900832796095,-73.12847723447976,-73.12847723447976
2969.3000832796097,-73.13103292488474,-73.13103292488474
2969.31008327961,-73.13359541306674,-73.13359541306674
2969.3200832796097,-73.13616467728984,-73.13616467728984
2969.33008327961,-73.13874069574268,-73.13874069574268
2969.3400832796096,-73.14132344655717,-73.14132344655717
2969.35008327961,-73.1439129077971,-73.1439129077971
2969.3600832796096,-73.1465090574595,-73.1465090574595
2969.37008327961,-73.14911187349547,-73.14911187349547
2969.3800832796096,-73.15172133378427,-73.15172133378427
2969.39008327961,-73.15433741615658,-73.15433741615658
2969.4000832796096,-73.15696009839642,-73.15696009839642
2969.41008327961,-73.1595893582203,-73.1595893582203
2969.4200832796096,-73.1622251733063,-73.1622251733063
2969.43008327961,-73.16486752127167,-73.16486752127167
2969.4400832796096,-73.16751637970978,-73.16751637970978
2969.4500832796098,-73.17017172613866,-73.17017172613866
2969.4600832796095,-73.17282715183819,-73.17282715183819
2969.4700832796098,-73.17547983428217,-73.17547983428217
2969.4800832796095,-73.17812838518843,-73.17812838518843
2969.4900832796097,-73.1807720804905,-73.1807720804905
2969.5000832796095,-73.18341056640891,-73.18341056640891
2969.5100832796097,-73.18604370674664,-73.18604370674664
2969.5200832796095,-73.18867149333299,-73.18867149333299
2969.5300832796097,-73.19129399224843,-73.19129399224843
2969.5400832796095,-73.19391131145474,-73.19391131145474
2969.5500832796097,-73.19652358134181,-73.19652358134181
2969.56008327961,-73.19913094317253,-73.19913094317253
2969.5700832796097,-73.20173354222374,-73.20173354222374
2969.58008327961,-73.20433152390584,-73.20433152390584
2969.5900832796096,-73.20692503157954,-73.20692503157954
2969.60008327961,-73.20951420549444,-73.20951420549444
2969.6100832796096,-73.21209918232113,-73.21209918232113
2969.62008327961,-73.21468009509893,-73.21468009509893
2969.6300832796096,-73.21725707333455,-73.21725707333455
2969.64008327961,-73.21983024325588,-73.21983024325588
2969.6500832796096,-73.22239972807678,-73.22239972807678
2969.66008327961,-73.22496564829977,-73.22496564829977
2969.6700832796096,-73.22752812197795,-73.22752812197795
2969.68008327961,-73.23008726496026,-73.23008726496026
2969.6900832796096,-73.2326431911415,-73.2326431911415
2969.7000832796098,-73.23519601262744,-73.23519601262744
2969.7100832796095,-73.23773944844527,-73.23773944844527
2969.7200832796098,-73.24027080557146,-73.24027080557146
2969.7300832796095,-73.24278882514218,-73.24278882514218
2969.7400832796097,-73.24529291186305,-73.24529291186305
2969.7500832796095,-73.24778283993031,-73.24778283993031
2969.7600832796097,-73.25025860023196,-73.25025860023196
2969.7700832796095,-73.25272031084778,-73.25272031084778
2969.7800832796097,-73.25516816323946,-73.25516816323946
2969.7900832796095,-73.25760238990344,-73.25760238990344
2969.8000832796097,-73.26002324493311,-73.26002324493311
2969.81008327961,-73.26243099245313,-73.26243099245313
2969.8200832796097,-73.26482589980769,-73.26482589980769
2969.83008327961,-73.2672082336241,-73.2672082336241
2969.8400832796096,-73.26957825768868,-73.26957825768868
2969.85008327961,-73.27193623183734,-73.27193623183734
2969.8600832796096,-73.27428241151779,-73.27428241151779
2969.87008327961,-73.27661704769156,-73.27661704769156
2969.8800832796096,-73.2789403869732,-73.2789403869732
2969.89008327961,-73.28125267181794,-73.28125267181794
2969.9000833034515,-73.28355414632928,-73.28355414632928
2969.9100833034518,-73.28584503452275,-73.28584503452275
2969.9200833034515,-73.28812557359066,-73.28812557359066
2969.9300833034517,-73.2903959921386,-73.2903959921386
2969.9400833034515,-73.2926565158949,-73.2926565158949
2969.9500833034517,-73.29490736790713,-73.29490736790713
2969.9600833034515,-73.29714237305875,-73.29714237305875
2969.9700833034517,-73.29935894620891,-73.29935894620891
2969.9800833034515,-73.30155593652084,-73.30155593652084
2969.9900833034517,-73.30373285627246,-73.30373285627246
2970.0000833034514,-73.30588958649442,-73.30588958649442
2970.0100833034517,-73.30802622412104,-73.30802622412104
2970.0200833034514,-73.31014299237947,-73.31014299237947
2970.0300833034516,-73.31224018695177,-73.31224018695177
2970.0400833034514,-73.31431814358653,-73.31431814358653
2970.0500833034516,-73.31637721866512,-73.31637721866512
2970.0600833034514,-73.31841777762823,-73.31841777762823
2970.0700833034516,-73.32044018810079,-73.32044018810079
2970.0800833034514,-73.32244481603198,-73.32244481603198
2970.0900833034516,-73.32443202348553,-73.32443202348553
2970.1000833034514,-73.32640216758513,-73.32640216758513
2970.1100833034516,-73.3283556000206,-73.3283556000206
2970.1200833034513,-73.33029266700854,-73.33029266700854
2970.1300833034516,-73.33221370936559,-73.33221370936559
2970.1400833034513,-73.33411906275701,-73.33411906275701
2970.1500833034515,-73.33600905795394,-73.33600905795394
2970.1600833034518,-73.33788402111472,-73.33788402111472
2970.1700833034515,-73.33974427404321,-73.33974427404321
2970.1800833034517,-73.34159013443032,-73.34159013443032
2970.1900833034515,-73.34342191608536,-73.34342191608536
2970.2000833034517,-73.34523992909192,-73.34523992909192
2970.2100833034515,-73.34704448000836,-73.34704448000836
2970.2200833034517,-73.3488358719688,-73.3488358719688
2970.2300833034515,-73.35061440482784,-73.35061440482784
2970.2400833034517,-73.35238037523379,-73.35238037523379
2970.2500833034514,-73.35413407672077,-73.35413407672077
2970.2600833034517,-73.35587579976982,-73.35587579976982
2970.2700833034514,-73.35760583185603,-73.35760583185603
2970.2800833034516,-73.35932445749556,-73.35932445749556
2970.2900833034514,-73.36103195827383,-73.36103195827383
2970.3000833034516,-73.36272861289008,-73.36272861289008
2970.3100833034514,-73.36441469714251,-73.36441469714251
2970.3200833034516,-73.36609048396727,-73.36609048396727
2970.3300833034514,-73.36775624345766,-73.36775624345766
2970.3400833034516,-73.36941224284664,-73.36941224284664
2970.3500833034514,-73.37105874653521,-73.37105874653521
2970.3600833034516,-73.3726960160888,-73.3726960160888
2970.3700833034513,-73.37432431022869,-73.37432431022869
2970.3800833034516,-73.37594388486623,-73.37594388486623
2970.3900833034513,-73.37755499307204,-73.37755499307204
2970.4000833034515,-73.37915788508619,-73.37915788508619
2970.4100833034518,-73.3807528083244,-73.3807528083244
2970.4200833034515,-73.3823400073929,-73.3823400073929
2970.4300833034517,-73.38391972404972,-73.38391972404972
2970.4400833034515,-73.38549219725735,-73.38549219725735
2970.4500833034517,-73.38705766313348,-73.38705766313348
2970.4600833034515,-73.38861635502018,-73.38861635502018
2970.4700833034517,-73.39016850341244,-73.39016850341244
2970.4800833034515,-73.391714336018,-73.391714336018
2970.4900833034517,-73.39325407774007,-73.39325407774007
2970.5000833034514,-73.39478795069397,-73.39478795069397
2970.5100833034517,-73.39631617420712,-73.39631617420712
2970.5200833034514,-73.39783896483154,-73.39783896483154
2970.5300833034516,-73.3993565363424,-73.3993565363424
2970.5400833034514,-73.40086909976966,-73.40086909976966
2970.5500833034516,-73.40237686337947,-73.40237686337947
2970.5600833034514,-73.40388003270351,-73.40388003270351
2970.5700833034516,-73.40537881055384,-73.40537881055384
2970.5800833034514,-73.40687339703115,-73.40687339703115
2970.5900833034516,-73.40836398953002,-73.40836398953002
2970.6000833034514,-73.4098507827549,-73.4098507827549
2970.6100833034516,-73.41133396874608,-73.41133396874608
2970.6200833034513,-73.41281373688942,-73.41281373688942
2970.6300833034516,-73.41429027392577,-73.41429027392577
2970.6400833034513,-73.41576376398632,-73.41576376398632
2970.6500833034515,-73.41723438856708,-73.41723438856708
2970.6600833034518,-73.41870232660207,-73.41870232660207
2970.6700833034515,-73.42016775444444,-73.42016775444444
2970.6800833034517,-73.42163084589404,-73.42163084589404
2970.6900833034515,-73.42309177221638,-73.42309177221638
2970.7000833034517,-73.42455070216697,-73.42455070216697
2970.7100833034515,-73.42600139784582,-73.42600139784582
2970.7200833034517,-73.42744121780291,-73.42744121780291
2970.7300833034515,-73.42886895710028,-73.42886895710028
2970.7400833034517,-73.43028407464764,-73.43028407464764
2970.7500833272934,-73.43168640163952,-73.43168640163952
2970.7600833272936,-73.43307597498155,-73.43307597498155
2970.7700833272934,-73.43445296767199,-73.43445296767199
2970.7800833272936,-73.43581762136351,-73.43581762136351
2970.7900833272934,-73.43717021729864,-73.43717021729864
2970.8000833272936,-73.43851105685272,-73.43851105685272
2970.8100833272933,-73.43984044993395,-73.43984044993395
2970.8200833272936,-73.44115870816069,-73.44115870816069
2970.8300833272933,-73.44246614096238,-73.44246614096238
2970.8400833272935,-73.44376305345337,-73.44376305345337
2970.8500833272933,-73.44504974534904,-73.44504974534904
2970.8600833272935,-73.44632651055507,-73.44632651055507
2970.8700833272933,-73.44759363712522,-73.44759363712522
2970.8800833272935,-73.44885140738626,-73.44885140738626
2970.8900833272933,-73.45010009821773,-73.45010009821773
2970.9000833272935,-73.4513399813474,-73.4513399813474
2970.9100833272933,-73.45257132367077,-73.45257132367077
2970.9200833272935,-73.45379438752822,-73.45379438752822
2970.9300833272932,-73.45500943099967,-73.45500943099967
2970.9400833272935,-73.45621670815243,-73.45621670815243
2970.950083327293,-73.45741646925538,-73.45741646925538
2970.9600833272934,-73.45860896096927,-73.45860896096927
2970.970083327293,-73.45979442653532,-73.45979442653532
2970.9800833272934,-73.4609731058853,-73.4609731058853
2970.990083327293,-73.4621452358035,-73.4621452358035
2971.0000833272934,-73.46331104999683,-73.46331104999683
2971.0100833272936,-73.4644707792152,-73.4644707792152
2971.0200833272934,-73.46562465130482,-73.46562465130482
2971.0300833272936,-73.46677289129414,-73.46677289129414
2971.0400833272934,-73.46791572144271,-73.46791572144271
2971.0500833272936,-73.46905336128219,-73.46905336128219
2971.0600833272933,-73.47018602766538,-73.47018602766538
2971.0700833272936,-73.47131393479592,-73.47131393479592
2971.0800833272933,-73.47243729426968,-73.47243729426968
2971.0900833272935,-73.47355631509576,-73.47355631509576
2971.1000833272933,-73.47467120371002,-73.47467120371002
2971.1100833272935,-73.47578216401193,-73.47578216401193
2971.1200833272933,-73.47688939737357,-73.47688939737357
2971.1300833272935,-73.4779931026575,-73.4779931026575
2971.1400833272933,-73.47909347623295,-73.47909347623295
2971.1500833272935,-73.48019071198857,-73.48019071198857
2971.1600833272933,-73.48128500135445,-73.48128500135445
2971.1700833272935,-73.48237653330672,-73.48237653330672
2971.1800833272932,-73.4834654943823,-73.4834654943823
2971.1900833272935,-73.4845520686832,-73.4845520686832
2971.200083327293,-73.48563643790646,-73.48563643790646
2971.2100833272934,-73.48671878134638,-73.48671878134638
2971.220083327293,-73.4877992758992,-73.4877992758992
2971.2300833272934,-73.48887809608861,-73.48887809608861
2971.240083327293,-73.48995541407098,-73.48995541407098
2971.2500833272934,-73.49103139964276,-73.49103139964276
2971.2600833272936,-73.4921062202733,-73.4921062202733
2971.2700833272934,-73.49318004109315,-73.49318004109315
2971.2800833272936,-73.49425302492901,-73.49425302492901
2971.2900833272934,-73.49532533229741,-73.49532533229741
2971.3000833272936,-73.49639712143613,-73.49639712143613
2971.3100833272933,-73.49746854831982,-73.49746854831982
2971.3200833272936,-73.49853976664659,-73.49853976664659
2971.3300833272933,-73.49961092788999,-73.49961092788999
2971.3400833272935,-73.50068218128968,-73.50068218128968
2971.3500833272933,-73.50175367388012,-73.50175367388012
2971.3600833272935,-73.50282555049832,-73.50282555049832
2971.3700833272933,-73.50389795381658,-73.50389795381658
2971.3800833272935,-73.50497102432378,-73.50497102432378
2971.3900833272933,-73.5060449003873,-73.5060449003873
2971.4000833272935,-73.50711971822804,-73.50711971822804
2971.4100833272933,-73.50819561197875,-73.50819561197875
2971.4200833272935,-73.50927271365997,-73.50927271365997
2971.4300833272932,-73.51035115323543,-73.51035115323543
2971.4400833272935,-73.51143105859872,-73.51143105859872
2971.450083327293,-73.51251255562,-73.51251255562
2971.4600833272934,-73.51359576813266,-73.51359576813266
2971.470083327293,-73.51468081799584,-73.51468081799584
2971.4800833272934,-73.51576782506044,-73.51576782506044
2971.490083327293,-73.5168569072271,-73.5168569072271
2971.5000833272934,-73.51794818044968,-73.51794818044968
2971.5100833272936,-73.51904175876106,-73.51904175876106
2971.5200833272934,-73.52013775428523,-73.52013775428523
2971.5300833272936,-73.52123627725662,-73.52123627725662
2971.5400833272934,-73.52233743605221,-73.52233743605221
2971.5500833272936,-73.52344133718726,-73.52344133718726
2971.5600833272933,-73.52454808535555,-73.52454808535555
2971.5700833272936,-73.52565778344638,-73.52565778344638
2971.5800833272933,-73.52677053254668,-73.52677053254668
2971.5900833272935,-73.52788643198491,-73.52788643198491
2971.6000833511353,-73.52900558199919,-73.52900558199919
2971.6100833511355,-73.53012807310905,-73.53012807310905
2971.6200833511352,-73.53125400210318,-73.53125400210318
2971.6300833511355,-73.53238346141019,-73.53238346141019
2971.640083351135,-73.53351654179671,-73.53351654179671
2971.6500833511354,-73.53465333236421,-73.53465333236421
2971.660083351135,-73.53579392059605,-73.53579392059605
2971.6700833511354,-73.5369383923414,-73.5369383923414
2971.680083351135,-73.53808683186384,-73.53808683186384
2971.6900833511354,-73.53923932184071,-73.53923932184071
2971.700083351135,-73.54039594340203,-73.54039594340203
2971.7100833511354,-73.54155036311708,-73.54155036311708
2971.720083351135,-73.54269985097274,-73.54269985097274
2971.7300833511354,-73.54384311667519,-73.54384311667519
2971.740083351135,-73.54497953566901,-73.54497953566901
2971.7500833511353,-73.54610885378709,-73.54610885378709
2971.760083351135,-73.54723103380806,-73.54723103380806
2971.7700833511353,-73.5483461655135,-73.5483461655135
2971.780083351135,-73.54945441165516,-73.54945441165516
2971.7900833511353,-73.5505559754667,-73.5505559754667
2971.800083351135,-73.551651081139,-73.551651081139
2971.8100833511353,-73.5527399622293,-73.5527399622293
2971.820083351135,-73.55382285481446,-73.55382285481446
2971.8300833511353,-73.5548999935972,-73.5548999935972
2971.840083351135,-73.55597160976697,-73.55597160976697
2971.8500833511353,-73.55703792993206,-73.55703792993206
2971.8600833511355,-73.55809917570669,-73.55809917570669
2971.8700833511352,-73.55915556364513,-73.55915556364513
2971.8800833511355,-73.56020730539812,-73.56020730539812
2971.890083351135,-73.56125460798714,-73.56125460798714
2971.9000833511354,-73.56229767407675,-73.56229767407675
2971.910083351135,-73.56333670231587,-73.56333670231587
2971.9200833511354,-73.56437188761105,-73.56437188761105
2971.930083351135,-73.56540342141943,-73.56540342141943
2971.9400833511354,-73.5664314919692,-73.5664314919692
2971.950083351135,-73.56745628450909,-73.56745628450909
2971.9600833511354,-73.56847798147037,-73.56847798147037
2971.970083351135,-73.56949676265327,-73.56949676265327
2971.9800833511354,-73.57051280533939,-73.57051280533939
2971.990083351135,-73.5715262844446,-73.5715262844446
2972.0000833511353,-73.57253737259396,-73.57253737259396
2972.010083351135,-73.57354624021877,-73.57354624021877
2972.0200833511353,-73.57455305561965,-73.57455305561965
2972.030083351135,-73.57555798504268,-73.57555798504268
2972.0400833511353,-73.57656119270906,-73.57656119270906
2972.050083351135,-73.5775628408772,-73.5775628408772
2972.0600833511353,-73.57856308986203,-73.57856308986203
2972.070083351135,-73.57956209807723,-73.57956209807723
2972.0800833511353,-73.58056002203548,-73.58056002203548
2972.090083351135,-73.58155701640482,-73.58155701640482
2972.1000833511353,-73.58255323399297,-73.58255323399297
2972.1100833511355,-73.58354882577437,-73.58354882577437
2972.1200833511352,-73.58454394091304,-73.58454394091304
2972.1300833511355,-73.585538726746,-73.585538726746
2972.140083351135,-73.58653332882001,-73.58653332882001
2972.1500833511354,-73.58752789087207,-73.58752789087207
2972.160083351135,-73.58852255485462,-73.58852255485462
2972.1700833511354,-73.58951746093102,-73.58951746093102
2972.180083351135,-73.59051274749709,-73.59051274749709
2972.1900833511354,-73.59150855116147,-73.59150855116147
2972.200083351135,-73.59250500677548,-73.59250500677548
2972.2100833511354,-73.59349583047401,-73.59349583047401
2972.220083351135,-73.59447834427397,-73.59447834427397
2972.2300833511354,-73.59545131064488,-73.59545131064488
2972.240083351135,-73.59641415798585,-73.59641415798585
2972.2500833511353,-73.59736668502111,-73.59736668502111
2972.260083351135,-73.5983089072696,-73.5983089072696
2972.2700833511353,-73.59924096701506,-73.59924096701506
2972.280083351135,-73.60016307923081,-73.60016307923081
2972.2900833511353,-73.60107549904184,-73.60107549904184
2972.300083351135,-73.60197850221334,-73.60197850221334
2972.3100833511353,-73.60287237349176,-73.60287237349176
2972.320083351135,-73.60375739980239,-73.60375739980239
2972.3300833511353,-73.60463386630246,-73.60463386630246
2972.340083351135,-73.60550205424661,-73.60550205424661
2972.3500833511353,-73.60636223991226,-73.60636223991226
2972.3600833511355,-73.60721469416625,-73.60721469416625
2972.3700833511352,-73.60805968241358,-73.60805968241358
2972.3800833511355,-73.60889746475041,-73.60889746475041
2972.390083351135,-73.60972829618791,-73.60972829618791
2972.4000833511354,-73.6105524269762,-73.6105524269762
2972.410083351135,-73.61137010290273,-73.61137010290273
2972.4200833511354,-73.61218156558749,-73.61218156558749
2972.430083351135,-73.61298705273876,-73.61298705273876
2972.4400833511354,-73.61378679840458,-73.61378679840458
2972.450083374977,-73.61458103508025,-73.61458103508025
2972.4600833749773,-73.61536998632357,-73.61536998632357
2972.470083374977,-73.61615387829042,-73.61615387829042
2972.4800833749773,-73.61693293226763,-73.61693293226763
2972.490083374977,-73.61770736670651,-73.61770736670651
2972.5000833749773,-73.61847739730406,-73.61847739730406
2972.510083374977,-73.6192432371101,-73.6192432371101
2972.5200833749773,-73.6200050965695,-73.6200050965695
2972.530083374977,-73.62076318360721,-73.62076318360721
2972.5400833749773,-73.62151770367781,-73.62151770367781
2972.550083374977,-73.62226885977692,-73.62226885977692
2972.5600833749772,-73.62301685251441,-73.62301685251441
2972.570083374977,-73.62376188010954,-73.62376188010954
2972.580083374977,-73.62450413844138,-73.62450413844138
2972.590083374977,-73.62524382106196,-73.62524382106196
2972.600083374977,-73.62598111920857,-73.62598111920857
2972.610083374977,-73.62671622182019,-73.62671622182019
2972.620083374977,-73.62744931554379,-73.62744931554379
2972.630083374977,-73.62818058476657,-73.62818058476657
2972.640083374977,-73.6289102116014,-73.6289102116014
2972.650083374977,-73.62963837592228,-73.62963837592228
2972.660083374977,-73.63036525534233,-73.63036525534233
2972.670083374977,-73.63109102525357,-73.63109102525357
2972.680083374977,-73.63181585880085,-73.63181585880085
2972.690083374977,-73.63253992691745,-73.63253992691745
2972.700083374977,-73.63326339831637,-73.63326339831637
2972.7100833749773,-73.63398643950373,-73.63398643950373
2972.720083374977,-73.63470921478918,-73.63470921478918
2972.7300833749773,-73.63543188628348,-73.63543188628348
2972.740083374977,-73.63615461392666,-73.63615461392666
2972.7500833749773,-73.63687755546644,-73.63687755546644
2972.760083374977,-73.63760086649748,-73.63760086649748
2972.7700833749773,-73.63832470045107,-73.63832470045107
2972.780083374977,-73.63904920861373,-73.63904920861373
2972.7900833749773,-73.63977454013582,-73.63977454013582
2972.800083374977,-73.640500842037,-73.640500842037
2972.8100833749772,-73.64122825922307,-73.64122825922307
2972.820083374977,-73.64195693450122,-73.64195693450122
2972.830083374977,-73.64268700858048,-73.64268700858048
2972.840083374977,-73.64341862009306,-73.64341862009306
2972.850083374977,-73.64415190559824,-73.64415190559824
2972.860083374977,-73.64488699960494,-73.64488699960494
2972.870083374977,-73.64562403457512,-73.64562403457512
2972.880083374977,-73.64636314095999,-73.64636314095999
2972.890083374977,-73.64710444716931,-73.64710444716931
2972.900083374977,-73.64784807963979,-73.64784807963979
2972.910083374977,-73.64859416281593,-73.64859416281593
2972.920083374977,-73.64934281916663,-73.64934281916663
2972.930083374977,-73.65009416920837,-73.65009416920837
2972.940083374977,-73.65084833153166,-73.65084833153166
2972.950083374977,-73.65160542279122,-73.65160542279122
2972.9600833749773,-73.65236555773303,-73.65236555773303
2972.970083374977,-73.65312884922798,-73.65312884922798
2972.9800833749773,-73.65389540826175,-73.65389540826175
2972.990083374977,-73.65466534396043,-73.65466534396043
2973.0000833749773,-73.65543876362459,-73.65543876362459
2973.010083374977,-73.65621577272424,-73.65621577272424
2973.0200833749773,-73.65699647491209,-73.65699647491209
2973.030083374977,-73.65778097206635,-73.65778097206635
2973.0400833749773,-73.65856936429024,-73.65856936429024
2973.050083374977,-73.65936174992707,-73.65936174992707
2973.0600833749772,-73.66015822559118,-73.66015822559118
2973.070083374977,-73.66095888618392,-73.66095888618392
2973.080083374977,-73.66176382488317,-73.66176382488317
2973.090083374977,-73.66257313320693,-73.66257313320693
2973.100083374977,-73.66338690100403,-73.66338690100403
2973.110083374977,-73.66420521646577,-73.66420521646577
2973.120083374977,-73.6650281661539,-73.6650281661539
2973.130083374977,-73.66585583503206,-73.66585583503206
2973.140083374977,-73.66668830644849,-73.66668830644849
2973.150083374977,-73.66752566220197,-73.66752566220197
2973.160083374977,-73.6683679825048,-73.6683679825048
2973.170083374977,-73.66921534605802,-73.66921534605802
2973.180083374977,-73.67006783001304,-73.67006783001304
2973.190083374977,-73.67092551002972,-73.67092551002972
2973.200083374977,-73.67178846028084,-73.67178846028084
2973.2100833749773,-73.67265675346216,-73.67265675346216
2973.220083374977,-73.67353046082272,-73.67353046082272
2973.2300833749773,-73.67440965218148,-73.67440965218148
2973.240083374977,-73.6752943959305,-73.6752943959305
2973.2500833749773,-73.67618475906765,-73.67618475906765
2973.260083374977,-73.67708080720074,-73.67708080720074
2973.2700833749773,-73.6779826045801,-73.6779826045801
2973.280083374977,-73.67889021410856,-73.67889021410856
2973.2900833749773,-73.67980369734731,-73.67980369734731
2973.300083398819,-73.68072311673258,-73.68072311673258
2973.310083398819,-73.68164852687578,-73.68164852687578
2973.320083398819,-73.68254611479597,-73.68254611479597
2973.330083398819,-73.6834065616906,-73.6834065616906
2973.340083398819,-73.68422450782666,-73.68422450782666
2973.350083398819,-73.68499528141899,-73.68499528141899
2973.360083398819,-73.68571458301717,-73.68571458301717
2973.370083398819,-73.68637852027595,-73.68637852027595
2973.380083398819,-73.6869836470674,-73.6869836470674
2973.390083398819,-73.68752697414314,-73.68752697414314
2973.400083398819,-73.6880059572839,-73.6880059572839
2973.410083398819,-73.68841847125933,-73.68841847125933
2973.420083398819,-73.6887627762571,-73.6887627762571
2973.430083398819,-73.68903748119641,-73.68903748119641
2973.440083398819,-73.68924150695366,-73.68924150695366
2973.450083398819,-73.6893740512188,-73.6893740512188
2973.460083398819,-73.68943455587998,-73.68943455587998
2973.470083398819,-73.68942267740758,-73.68942267740758
2973.480083398819,-73.6893382603105,-73.6893382603105
2973.490083398819,-73.689181313507,-73.689181313507
2973.500083398819,-73.68895198948492,-73.68895198948492
2973.510083398819,-73.68865056594808,-73.68865056594808
2973.5200833988188,-73.68827742967876,-73.68827742967876
2973.530083398819,-73.68783306239574,-73.68783306239574
2973.5400833988188,-73.68731802834337,-73.68731802834337
2973.550083398819,-73.68673296341407,-73.68673296341407
2973.560083398819,-73.68607856556972,-73.68607856556972
2973.570083398819,-73.68535558647308,-73.68535558647308
2973.580083398819,-73.6845648240651,-73.6845648240651
2973.590083398819,-73.68370711608313,-73.68370711608313
2973.600083398819,-73.68278333431286,-73.68278333431286
2973.610083398819,-73.68179437952814,-73.68179437952814
2973.620083398819,-73.68074117700763,-73.68074117700763
2973.630083398819,-73.67962467259045,-73.67962467259045
2973.640083398819,-73.67844582913928,-73.67844582913928
2973.650083398819,-73.67720562345852,-73.67720562345852
2973.660083398819,-73.67590504351153,-73.67590504351153
2973.670083398819,-73.67454508597669,-73.67454508597669
2973.680083398819,-73.6731267540633,-73.6731267540633
2973.690083398819,-73.6716510555748,-73.6716510555748
2973.700083398819,-73.67011900118541,-73.67011900118541
2973.710083398819,-73.66853160289718,-73.66853160289718
2973.720083398819,-73.66688987267554,-73.66688987267554
2973.730083398819,-73.66519482124065,-73.66519482124065
2973.740083398819,-73.66344745696703,-73.66344745696703
2973.750083398819,-73.66164878493716,-73.66164878493716
2973.760083398819,-73.65979980607031,-73.65979980607031
2973.7700833988188,-73.65790151638438,-73.65790151638438
2973.780083398819,-73.6559549062785,-73.6559549062785
2973.7900833988188,-73.65396095996765,-73.65396095996765
2973.800083398819,-73.6519206549462,-73.6519206549462
2973.810083398819,-73.64983496149105,-73.64983496149105
2973.820083398819,-73.64770484229379,-73.64770484229379
2973.830083398819,-73.64553125206028,-73.64553125206028
2973.840083398819,-73.6433151371921,-73.6433151371921
2973.850083398819,-73.64105743553054,-73.64105743553054
2973.860083398819,-73.63875907609558,-73.63875907609558
2973.870083398819,-73.63642097886927,-73.63642097886927
2973.880083398819,-73.63404405465293,-73.63404405465293
2973.890083398819,-73.63162920486049,-73.63162920486049
2973.900083398819,-73.62917732143399,-73.62917732143399
2973.910083398819,-73.6266892867077,-73.6266892867077
2973.920083398819,-73.62416597333808,-73.62416597333808
2973.930083398819,-73.62160824421616,-73.62160824421616
2973.940083398819,-73.61901695242572,-73.61901695242572
2973.950083398819,-73.61639294120911,-73.61639294120911
2973.960083398819,-73.61373704392783,-73.61373704392783
2973.970083398819,-73.61105008404414,-73.61105008404414
2973.980083398819,-73.60833287513688,-73.60833287513688
2973.990083398819,-73.60558622089644,-73.60558622089644
2974.000083398819,-73.60281091512516,-73.60281091512516
2974.010083398819,-73.60000774179511,-73.60000774179511
2974.0200833988188,-73.59717747504274,-73.59717747504274
2974.030083398819,-73.59432087921644,-73.59432087921644
2974.0400833988188,-73.59143870893631,-73.59143870893631
2974.050083398819,-73.58853170909923,-73.58853170909923
2974.060083398819,-73.58560061499183,-73.58560061499183
2974.070083398819,-73.58264615228543,-73.58264615228543
2974.080083398819,-73.57966903712877,-73.57966903712877
2974.090083398819,-73.57666997621502,-73.57666997621502
2974.100083398819,-73.57364966682938,-73.57364966682938
2974.110083398819,-73.57060879692636,-73.57060879692636
2974.120083398819,-73.56754804521074,-73.56754804521074
2974.130083398819,-73.56446808119395,-73.56446808119395
2974.140083398819,-73.56136956527835,-73.56136956527835
2974.150083422661,-73.55825314141636,-73.55825314141636
2974.160083422661,-73.55511946683,-73.55511946683
2974.170083422661,-73.55196916770046,-73.55196916770046
2974.180083422661,-73.54880286877395,-73.54880286877395
2974.190083422661,-73.54562118610013,-73.54562118610013
2974.200083422661,-73.54242472709015,-73.54242472709015
2974.210083422661,-73.53921409062141,-73.53921409062141
2974.220083422661,-73.53598986710858,-73.53598986710858
2974.2300834226608,-73.53275263860074,-73.53275263860074
2974.240083422661,-73.52950297883243,-73.52950297883243
2974.2500834226607,-73.52624145337005,-73.52624145337005
2974.260083422661,-73.52296861962039,-73.52296861962039
2974.2700834226607,-73.51968502698686,-73.51968502698686
2974.280083422661,-73.51639121691325,-73.51639121691325
2974.2900834226607,-73.5130877229733,-73.5130877229733
2974.300083422661,-73.50977507096943,-73.50977507096943
2974.3100834226607,-73.50645377901289,-73.50645377901289
2974.320083422661,-73.50312435760799,-73.50312435760799
2974.3300834226607,-73.49978730972153,-73.49978730972153
2974.340083422661,-73.49644313089652,-73.49644313089652
2974.3500834226606,-73.4930923093119,-73.4930923093119
2974.360083422661,-73.48973532588307,-73.48973532588307
2974.3700834226606,-73.48637265432612,-73.48637265432612
2974.380083422661,-73.4830047612616,-73.4830047612616
2974.3900834226606,-73.47963210628606,-73.47963210628606
2974.400083422661,-73.47625514203753,-73.47625514203753
2974.410083422661,-73.47287431431619,-73.47287431431619
2974.420083422661,-73.46949006213549,-73.46949006213549
2974.430083422661,-73.46610281780379,-73.46610281780379
2974.440083422661,-73.46271300701297,-73.46271300701297
2974.450083422661,-73.45932104891943,-73.45932104891943
2974.460083422661,-73.45592095078447,-73.45592095078447
2974.470083422661,-73.45251031435303,-73.45251031435303
2974.4800834226608,-73.4490881759374,-73.4490881759374
2974.490083422661,-73.44565423343111,-73.44565423343111
2974.5000834226607,-73.4422085510475,-73.4422085510475
2974.510083422661,-73.43875140580171,-73.43875140580171
2974.5200834226607,-73.43528319747487,-73.43528319747487
2974.530083422661,-73.43180439448217,-73.43180439448217
2974.5400834226607,-73.42831550130431,-73.42831550130431
2974.550083422661,-73.42481703895872,-73.42481703895872
2974.5600834226607,-73.42130953336205,-73.42130953336205
2974.570083422661,-73.41779350852046,-73.41779350852046
2974.5800834226607,-73.41426948266034,-73.41426948266034
2974.590083422661,-73.41073796609976,-73.41073796609976
2974.6000834226606,-73.40719946024419,-73.40719946024419
2974.610083422661,-73.40365445722718,-73.40365445722718
2974.6200834226606,-73.40010343988504,-73.40010343988504
2974.630083422661,-73.39654688198341,-73.39654688198341
2974.6400834226606,-73.39298524852602,-73.39298524852602
2974.650083422661,-73.38941899610982,-73.38941899610982
2974.660083422661,-73.38584857328338,-73.38584857328338
2974.670083422661,-73.38227442092932,-73.38227442092932
2974.680083422661,-73.37869697254897,-73.37869697254897
2974.690083422661,-73.37511665460414,-73.37511665460414
2974.700083422661,-73.37153388675941,-73.37153388675941
2974.710083422661,-73.36794908213511,-73.36794908213511
2974.720083422661,-73.36436264753449,-73.36436264753449
2974.7300834226608,-73.36077498361246,-73.36077498361246
2974.740083422661,-73.35718648504904,-73.35718648504904
2974.7500834226607,-73.3535975407174,-73.3535975407174
2974.760083422661,-73.35000853379981,-73.35000853379981
2974.7700834226607,-73.3464198419117,-73.3464198419117
2974.780083422661,-73.34283183720895,-73.34283183720895
2974.7900834226607,-73.33924488647096,-73.33924488647096
2974.800083422661,-73.33565935121936,-73.33565935121936
2974.8100834226607,-73.33207558777137,-73.33207558777137
2974.820083422661,-73.32849394730803,-73.32849394730803
2974.8300834226607,-73.32491477596247,-73.32491477596247
2974.840083422661,-73.32133841487499,-73.32133841487499
2974.8500834226606,-73.31776520024495,-73.31776520024495
2974.860083422661,-73.31419546337479,-73.31419546337479
2974.8700834226606,-73.31062953075684,-73.31062953075684
2974.880083422661,-73.30706772408556,-73.30706772408556
2974.8900834226606,-73.3035103603402,-73.3035103603402
2974.900083422661,-73.2999577517934,-73.2999577517934
2974.910083422661,-73.2964102060963,-73.2964102060963
2974.920083422661,-73.29286802629515,-73.29286802629515
2974.930083422661,-73.2893315108738,-73.2893315108738
2974.940083422661,-73.2858009538113,-73.2858009538113
2974.950083422661,-73.28227664460948,-73.28227664460948
2974.960083422661,-73.27875886834298,-73.27875886834298
2974.970083422661,-73.27524790569674,-73.27524790569674
2974.9800834226608,-73.27174403300393,-73.27174403300393
2974.990083422661,-73.26824752228718,-73.26824752228718
2975.0000834465027,-73.26475863298533,-73.26475863298533
2975.010083446503,-73.26127764526866,-73.26127764526866
2975.0200834465027,-73.25780481013926,-73.25780481013926
2975.030083446503,-73.25434038277417,-73.25434038277417
2975.0400834465026,-73.25088461423384,-73.25088461423384
2975.050083446503,-73.2474377515195,-73.2474377515195
2975.0600834465026,-73.24400003757702,-73.24400003757702
2975.070083446503,-73.24057171138432,-73.24057171138432
2975.0800834465026,-73.23715300793779,-73.23715300793779
2975.090083446503,-73.23374415833128,-73.23374415833128
2975.1000834465026,-73.23034538977319,-73.23034538977319
2975.110083446503,-73.22695692564659,-73.22695692564659
2975.1200834465026,-73.22357898551854,-73.22357898551854
2975.130083446503,-73.22021178520022,-73.22021178520022
2975.1400834465026,-73.21685553679295,-73.21685553679295
2975.150083446503,-73.21351044869171,-73.21351044869171
2975.1600834465025,-73.21017672566504,-73.21017672566504
2975.1700834465028,-73.20685456887787,-73.20685456887787
2975.1800834465025,-73.2035441759183,-73.2035441759183
2975.1900834465027,-73.20024574084361,-73.20024574084361
2975.2000834465025,-73.19695945423163,-73.19695945423163
2975.2100834465027,-73.19368550320164,-73.19368550320164
2975.2200834465025,-73.19042407147538,-73.19042407147538
2975.2300834465027,-73.18717533937456,-73.18717533937456
2975.2400834465025,-73.18393948390552,-73.18393948390552
2975.2500834465027,-73.18071667876215,-73.18071667876215
2975.260083446503,-73.1775070943863,-73.1775070943863
2975.2700834465027,-73.17431089798704,-73.17431089798704
2975.280083446503,-73.17112825359638,-73.17112825359638
2975.2900834465026,-73.16795932208953,-73.16795932208953
2975.300083446503,-73.16480426123472,-73.16480426123472
2975.3100834465026,-73.16166322572393,-73.16166322572393
2975.320083446503,-73.15853636720614,-73.15853636720614
2975.3300834465026,-73.15542383433167,-73.15542383433167
2975.340083446503,-73.15232577278375,-73.15232577278375
2975.3500834465026,-73.14924232531891,-73.14924232531891
2975.360083446503,-73.14617363178418,-73.14617363178418
2975.3700834465026,-73.14311982919519,-73.14311982919519
2975.380083446503,-73.14008105171716,-73.14008105171716
2975.3900834465026,-73.13705743073956,-73.13705743073956
2975.400083446503,-73.13404909489927,-73.13404909489927
2975.4100834465025,-73.13105617010002,-73.13105617010002
2975.4200834465028,-73.1280787795751,-73.1280787795751
2975.4300834465025,-73.1251170439005,-73.1251170439005
2975.4400834465027,-73.12217108102966,-73.12217108102966
2975.4500834465025,-73.11924100634927,-73.11924100634927
2975.4600834465027,-73.11632055696477,-73.11632055696477
2975.4700834465025,-73.11340705126905,-73.11340705126905
2975.4800834465027,-73.11049923941026,-73.11049923941026
2975.4900834465025,-73.10759653393872,-73.10759653393872
2975.5000834465027,-73.10469871583088,-73.10469871583088
2975.510083446503,-73.10180578160764,-73.10180578160764
2975.5200834465027,-73.09891785364239,-73.09891785364239
2975.530083446503,-73.09603512618116,-73.09603512618116
2975.5400834465026,-73.09315783289182,-73.09315783289182
2975.550083446503,-73.090286227353,-73.090286227353
2975.5600834465026,-73.08742057141976,-73.08742057141976
2975.570083446503,-73.08456112840705,-73.08456112840705
2975.5800834465026,-73.08170815916469,-73.08170815916469
2975.590083446503,-73.07886191998209,-73.07886191998209
2975.6000834465026,-73.07602266149893,-73.07602266149893
2975.610083446503,-73.0731906283182,-73.0731906283182
2975.6200834465026,-73.0703660589635,-73.0703660589635
2975.630083446503,-73.06754918604003,-73.06754918604003
2975.6400834465026,-73.0647402365507,-73.0647402365507
2975.650083446503,-73.06193943217082,-73.06193943217082
2975.6600834465025,-73.0591469896187,-73.0591469896187
2975.6700834465028,-73.0563631209322,-73.0563631209322
2975.6800834465025,-73.05358803380257,-73.05358803380257
2975.6900834465027,-73.05082193180577,-73.05082193180577
2975.7000834465025,-73.04806501467473,-73.04806501467473
2975.7100834465027,-73.04531110939277,-73.04531110939277
2975.7200834465025,-73.04255761976566,-73.04255761976566
2975.7300834465027,-73.03980337909178,-73.03980337909178
2975.7400834465025,-73.03704788167623,-73.03704788167623
2975.7500834465027,-73.03429098920657,-73.03429098920657
2975.760083446503,-73.0315327781641,-73.0315327781641
2975.7700834465027,-73.02877345020174,-73.02877345020174
2975.780083446503,-73.02601327834894,-73.02601327834894
2975.7900834465026,-73.02325257456043,-73.02325257456043
2975.800083446503,-73.0204916702816,-73.0204916702816
2975.8100834465026,-73.01773090485021,-73.01773090485021
2975.820083446503,-73.01497061869627,-73.01497061869627
2975.8300834465026,-73.01221114942791,-73.01221114942791
2975.840083446503,-73.0094528296961,-73.0094528296961
2975.8500834703445,-73.00669597960511,-73.00669597960511
2975.8600834703448,-73.00394093255393,-73.00394093255393
2975.8700834703445,-73.00118799579884,-73.00118799579884
2975.8800834703447,-72.99843747686147,-72.99843747686147
2975.8900834703445,-72.99568967726358,-72.99568967726358
2975.9000834703447,-72.99294489280166,-72.99294489280166
2975.9100834703445,-72.99020341389725,-72.99020341389725
2975.9200834703447,-72.9874655258817,-72.9874655258817
2975.9300834703445,-72.9847315092819,-72.9847315092819
2975.9400834703447,-72.98200164007926,-72.98200164007926
2975.9500834703445,-72.97927618993167,-72.97927618993167
2975.9600834703447,-72.97655542635832,-72.97655542635832
2975.9700834703444,-72.97383961291932,-72.97383961291932
2975.9800834703447,-72.97112900934867,-72.97112900934867
2975.9900834703444,-72.96842387171738,-72.96842387171738
2976.0000834703446,-72.96572445245812,-72.96572445245812
2976.0100834703444,-72.96303100055712,-72.96303100055712
2976.0200834703446,-72.9603437615502,-72.9603437615502
2976.0300834703444,-72.95766297762843,-72.95766297762843
2976.0400834703446,-72.95498888767227,-72.95498888767227
2976.0500834703444,-72.95232172731713,-72.95232172731713
2976.0600834703446,-72.9496617289769,-72.9496617289769
2976.0700834703443,-72.94700912188996,-72.94700912188996
2976.0800834703446,-72.94436413213855,-72.94436413213855
2976.0900834703443,-72.94172698268866,-72.94172698268866
2976.1000834703445,-72.93909789339521,-72.93909789339521
2976.1100834703448,-72.9364770810295,-72.9364770810295
2976.1200834703445,-72.93386475931437,-72.93386475931437
2976.1300834703447,-72.93126113890217,-72.93126113890217
2976.1400834703445,-72.92866642744053,-72.92866642744053
2976.1500834703447,-72.92608082952442,-72.92608082952442
2976.1600834703445,-72.92350454677971,-72.92350454677971
2976.1700834703447,-72.92093777780448,-72.92093777780448
2976.1800834703445,-72.91838071825308,-72.91838071825308
2976.1900834703447,-72.91583356079798,-72.91583356079798
2976.2000834703445,-72.91329649516086,-72.91329649516086
2976.2100834703447,-72.9107697081264,-72.9107697081264
2976.2200834703444,-72.90825338355816,-72.90825338355816
2976.2300834703447,-72.90574770241312,-72.90574770241312
2976.2400834703444,-72.90325284274422,-72.90325284274422
2976.2500834703446,-72.90076897972916,-72.90076897972916
2976.2600834703444,-72.89829628567033,-72.89829628567033
2976.2700834703446,-72.89583493004154,-72.89583493004154
2976.2800834703444,-72.89338507946556,-72.89338507946556
2976.2900834703446,-72.89094689775153,-72.89094689775153
2976.3000834703444,-72.88852054591318,-72.88852054591318
2976.3100834703446,-72.88610618218125,-72.88610618218125
2976.3200834703443,-72.88370396202598,-72.88370396202598
2976.3300834703446,-72.88131403816051,-72.88131403816051
2976.3400834703443,-72.87893656059303,-72.87893656059303
2976.3500834703445,-72.87657167660129,-72.87657167660129
2976.3600834703448,-72.87421953079621,-72.87421953079621
2976.3700834703445,-72.87188026511717,-72.87188026511717
2976.3800834703447,-72.86955401885912,-72.86955401885912
2976.3900834703445,-72.86724092869385,-72.86724092869385
2976.4000834703447,-72.86494112868233,-72.86494112868233
2976.4100834703445,-72.86265475032144,-72.86265475032144
2976.4200834703447,-72.86038192254055,-72.86038192254055
2976.4300834703445,-72.85812277173778,-72.85812277173778
2976.4400834703447,-72.85587742178635,-72.85587742178635
2976.4500834703445,-72.85364599408526,-72.85364599408526
2976.4600834703447,-72.85139195379043,-72.85139195379043
2976.4700834703444,-72.84911465908252,-72.84911465908252
2976.4800834703447,-72.84681536092778,-72.84681536092778
2976.4900834703444,-72.84449414706322,-72.84449414706322
2976.5000834703446,-72.84215024268603,-72.84215024268603
2976.5100834703444,-72.83978239779906,-72.83978239779906
2976.5200834703446,-72.83738913247373,-72.83738913247373
2976.5300834703444,-72.83496888297569,-72.83496888297569
2976.5400834703446,-72.83252008877213,-72.83252008877213
2976.5500834703444,-72.83004124416807,-72.83004124416807
2976.5600834703446,-72.82753092812005,-72.82753092812005
2976.5700834703443,-72.82498782041576,-72.82498782041576
2976.5800834703446,-72.82241070927675,-72.82241070927675
2976.5900834703443,-72.81979849354121,-72.81979849354121
2976.6000834703445,-72.81715018150193,-72.81715018150193
2976.6100834703448,-72.81446488770167,-72.81446488770167
2976.6200834703445,-72.81174182855248,-72.81174182855248
2976.6300834703447,-72.8089803173195,-72.8089803173195
2976.6400834703445,-72.80617975886707,-72.80617975886707
2976.6500834703447,-72.80333964435661,-72.80333964435661
2976.6600834703445,-72.80045954602092,-72.80045954602092
2976.6700834703447,-72.79753911213314,-72.79753911213314
2976.6800834703445,-72.79457806222347,-72.79457806222347
2976.6900834703447,-72.79157618250674,-72.79157618250674
2976.7000834941864,-72.78853331436669,-72.78853331436669
2976.7100834941866,-72.78544937913297,-72.78544937913297
2976.7200834941864,-72.78232433132648,-72.78232433132648
2976.7300834941866,-72.7791581834691,-72.7791581834691
2976.7400834941864,-72.77595099581809,-72.77595099581809
2976.7500834941866,-72.77270287316469,-72.77270287316469
2976.7600834941863,-72.76941396193791,-72.76941396193791
2976.7700834941866,-72.76608444742442,-72.76608444742442
2976.7800834941863,-72.76271455117798,-72.76271455117798
2976.7900834941865,-72.7593045286133,-72.7593045286133
2976.8000834941863,-72.75585466671454,-72.75585466671454
2976.8100834941865,-72.75236528187739,-72.75236528187739
2976.8200834941863,-72.74883671790903,-72.74883671790903
2976.8300834941865,-72.74526934410538,-72.74526934410538
2976.8400834941863,-72.74166355347639,-72.74166355347639
2976.8500834941865,-72.73801976103562,-72.73801976103562
2976.8600834941863,-72.73433840223483,-72.73433840223483
2976.8700834941865,-72.73061993142205,-72.73061993142205
2976.8800834941862,-72.72686482045317,-72.72686482045317
2976.8900834941865,-72.72307355732808,-72.72307355732808
2976.900083494186,-72.71924664493912,-72.71924664493912
2976.9100834941864,-72.71538459985597,-72.71538459985597
2976.920083494186,-72.71148795121674,-72.71148795121674
2976.9300834941864,-72.7075572396278,-72.7075572396278
2976.940083494186,-72.7035930161738,-72.7035930161738
2976.9500834941864,-72.69959584144816,-72.69959584144816
2976.9600834941866,-72.69556628465827,-72.69556628465827
2976.9700834941864,-72.69150492275695,-72.69150492275695
2976.9800834941866,-72.6874123396312,-72.6874123396312
2976.9900834941864,-72.68328912534565,-72.68328912534565
2977.0000834941866,-72.67913587540902,-72.67913587540902
2977.0100834941863,-72.67495319009504,-72.67495319009504
2977.0200834941866,-72.6707416737733,-72.6707416737733
2977.0300834941863,-72.66650193432412,-72.66650193432412
2977.0400834941865,-72.66223458254923,-72.66223458254923
2977.0500834941863,-72.65794023159968,-72.65794023159968
2977.0600834941865,-72.65361949648717,-72.65361949648717
2977.0700834941863,-72.64927299357818,-72.64927299357818
2977.0800834941865,-72.64490134014021,-72.64490134014021
2977.0900834941863,-72.64050515388826,-72.64050515388826
2977.1000834941865,-72.63608505257933,-72.63608505257933
2977.1100834941863,-72.63164165363986,-72.63164165363986
2977.1200834941865,-72.62717557377546,-72.62717557377546
2977.1300834941862,-72.62268742863321,-72.62268742863321
2977.1400834941865,-72.61817783246043,-72.61817783246043
2977.150083494186,-72.61364739784042,-72.61364739784042
2977.1600834941864,-72.60909673534414,-72.60909673534414
2977.170083494186,-72.60452645329548,-72.60452645329548
2977.1800834941864,-72.5999371575125,-72.5999371575125
2977.190083494186,-72.59532945104387,-72.59532945104387
2977.2000834941864,-72.59070393397663,-72.59070393397663
2977.2100834941866,-72.586061203192,-72.586061203192
2977.2200834941864,-72.58140185218795,-72.58140185218795
2977.2300834941866,-72.57672647088327,-72.57672647088327
2977.2400834941864,-72.57203564545213,-72.57203564545213
2977.2500834941866,-72.56732995815702,-72.56732995815702
2977.2600834941863,-72.56260998719218,-72.56260998719218
2977.2700834941866,-72.55787630655362,-72.55787630655362
2977.2800834941863,-72.55312948590446,-72.55312948590446
2977.2900834941865,-72.54837009045015,-72.54837009045015
2977.3000834941863,-72.54359868082653,-72.54359868082653
2977.3100834941865,-72.53881581299935,-72.53881581299935
2977.3200834941863,-72.53402203818057,-72.53402203818057
2977.3300834941865,-72.52921790269643,-72.52921790269643
2977.3400834941863,-72.52440394797566,-72.52440394797566
2977.3500834941865,-72.5195807104137,-72.5195807104137
2977.3600834941863,-72.51474872134159,-72.51474872134159
2977.3700834941865,-72.50990850695038,-72.50990850695038
2977.3800834941862,-72.50506058824392,-72.50506058824392
2977.3900834941865,-72.50020548098621,-72.50020548098621
2977.400083494186,-72.49534369566018,-72.49534369566018
2977.4100834941864,-72.49047573743309,-72.49047573743309
2977.420083494186,-72.48560210612575,-72.48560210612575
2977.4300834941864,-72.48072329615626,-72.48072329615626
2977.440083494186,-72.47583979655737,-72.47583979655737
2977.4500834941864,-72.47095209092936,-72.47095209092936
2977.4600834941866,-72.46606065743399,-72.46606065743399
2977.4700834941864,-72.46116596878728,-72.46116596878728
2977.4800834941866,-72.45626849223203,-72.45626849223203
2977.4900834941864,-72.45136868954721,-72.45136868954721
2977.5000834941866,-72.44646701705368,-72.44646701705368
2977.5100834941863,-72.44156392561308,-72.44156392561308
2977.5200834941866,-72.43665986060026,-72.43665986060026
2977.5300834941863,-72.43175526195763,-72.43175526195763
2977.5400834941865,-72.42685056416622,-72.42685056416622
2977.5500835180283,-72.42194618460536,-72.42194618460536
2977.5600835180285,-72.41704257027122,-72.41704257027122
2977.5700835180282,-72.41214012772413,-72.41214012772413
2977.5800835180285,-72.40723926980506,-72.40723926980506
2977.590083518028,-72.40234040400007,-72.40234040400007
2977.6000835180284,-72.39744393244946,-72.39744393244946
2977.610083518028,-72.39255025197949,-72.39255025197949
2977.6200835180284,-72.38765975411677,-72.38765975411677
2977.630083518028,-72.3827728251395,-72.3827728251395
2977.6400835180284,-72.37788984607175,-72.37788984607175
2977.650083518028,-72.37301119274498,-72.37301119274498
2977.6600835180284,-72.36813723580138,-72.36813723580138
2977.670083518028,-72.36326834075129,-72.36326834075129
2977.6800835180284,-72.35840486797916,-72.35840486797916
2977.690083518028,-72.35354717280345,-72.35354717280345
2977.7000835180284,-72.34869560549926,-72.34869560549926
2977.710083518028,-72.34384420501516,-72.34384420501516
2977.7200835180283,-72.33899055276852,-72.33899055276852
2977.730083518028,-72.33413364628424,-72.33413364628424
2977.7400835180283,-72.32927313783051,-72.32927313783051
2977.750083518028,-72.324409043128,-72.324409043128
2977.7600835180283,-72.31954158961571,-72.31954158961571
2977.770083518028,-72.31467112727033,-72.31467112727033
2977.7800835180283,-72.3097980749151,-72.3097980749151
2977.790083518028,-72.30492288784,-72.30492288784
2977.8000835180283,-72.30004603837588,-72.30004603837588
2977.8100835180285,-72.29516800431416,-72.29516800431416
2977.8200835180282,-72.2902892620876,-72.2902892620876
2977.8300835180285,-72.28541028289328,-72.28541028289328
2977.840083518028,-72.28053153060725,-72.28053153060725
2977.8500835180284,-72.27565346073573,-72.27565346073573
2977.860083518028,-72.2707765200565,-72.2707765200565
2977.8700835180284,-72.26590114661087,-72.26590114661087
2977.880083518028,-72.26102776990119,-72.26102776990119
2977.8900835180284,-72.2561568112073,-72.2561568112073
2977.900083518028,-72.25128868394842,-72.25128868394842
2977.9100835180284,-72.24642379402489,-72.24642379402489
2977.920083518028,-72.24156254018526,-72.24156254018526
2977.9300835180284,-72.23670531434492,-72.23670531434492
2977.940083518028,-72.23185250188058,-72.23185250188058
2977.9500835180284,-72.22700448189083,-72.22700448189083
2977.960083518028,-72.22216162744265,-72.22216162744265
2977.9700835180283,-72.2173243057673,-72.2173243057673
2977.980083518028,-72.21249287846823,-72.21249287846823
2977.9900835180283,-72.20766770165511,-72.20766770165511
2978.000083518028,-72.20284912611304,-72.20284912611304
2978.0100835180283,-72.1980374974003,-72.1980374974003
2978.020083518028,-72.19323315599009,-72.19323315599009
2978.0300835180283,-72.18843643735036,-72.18843643735036
2978.040083518028,-72.18364767204179,-72.18364767204179
2978.0500835180283,-72.17886718578124,-72.17886718578124
2978.0600835180285,-72.1740952995505,-72.1740952995505
2978.0700835180282,-72.16933232962535,-72.16933232962535
2978.0800835180285,-72.16457858763779,-72.16457858763779
2978.090083518028,-72.15983438065524,-72.15983438065524
2978.1000835180284,-72.15510001121419,-72.15510001121419
2978.110083518028,-72.15037577736645,-72.15037577736645
2978.1200835180284,-72.14566197273713,-72.14566197273713
2978.130083518028,-72.1409588865557,-72.1409588865557
2978.1400835180284,-72.13626680369347,-72.13626680369347
2978.150083518028,-72.13158600473342,-72.13158600473342
2978.1600835180284,-72.12691676596168,-72.12691676596168
2978.170083518028,-72.12225935944033,-72.12225935944033
2978.1800835180284,-72.11761405303126,-72.11761405303126
2978.190083518028,-72.11298111043344,-72.11298111043344
2978.2000835180284,-72.1083607912203,-72.1083607912203
2978.210083518028,-72.1037533508644,-72.1037533508644
2978.2200835180283,-72.09915904078933,-72.09915904078933
2978.230083518028,-72.09457810839075,-72.09457810839075
2978.2400835180283,-72.0900107970779,-72.0900107970779
2978.250083518028,-72.08545734630843,-72.08545734630843
2978.2600835180283,-72.08091799161387,-72.08091799161387
2978.270083518028,-72.07639296464222,-72.07639296464222
2978.2800835180283,-72.0718824931856,-72.0718824931856
2978.290083518028,-72.06738680121964,-72.06738680121964
2978.3000835180283,-72.06290610894756,-72.06290610894756
2978.3100835180285,-72.05844063280817,-72.05844063280817
2978.3200835180282,-72.05399058553442,-72.05399058553442
2978.3300835180285,-72.04955617617775,-72.04955617617775
2978.340083518028,-72.04513761014964,-72.04513761014964
2978.3500835180284,-72.04073508923946,-72.04073508923946
2978.360083518028,-72.03634881168499,-72.03634881168499
2978.3700835180284,-72.0319789721594,-72.0319789721594
2978.380083518028,-72.02762576183547,-72.02762576183547
2978.3900835180284,-72.0232893684216,-72.0232893684216
2978.40008354187,-72.01896996590229,-72.01896996590229
2978.4100835418703,-72.01466775577173,-72.01466775577173
2978.42008354187,-72.01038290519236,-72.01038290519236
2978.4300835418703,-72.0061155883454,-72.0061155883454
2978.44008354187,-72.00186597610949,-72.00186597610949
2978.4500835418703,-71.99763423610761,-71.99763423610761
2978.46008354187,-71.99342053272616,-71.99342053272616
2978.4700835418703,-71.98922502716613,-71.98922502716613
2978.48008354187,-71.98504787748699,-71.98504787748699
2978.4900835418703,-71.980889238604,-71.980889238604
2978.50008354187,-71.97674926236436,-71.97674926236436
2978.5100835418702,-71.97262809755466,-71.97262809755466
2978.52008354187,-71.96852588994108,-71.96852588994108
2978.53008354187,-71.96444278231459,-71.96444278231459
2978.54008354187,-71.96037891451633,-71.96037891451633
2978.55008354187,-71.95633442346598,-71.95633442346598
2978.56008354187,-71.952309443206,-71.952309443206
2978.57008354187,-71.94830410494085,-71.94830410494085
2978.58008354187,-71.94431853705024,-71.94431853705024
2978.59008354187,-71.94035286513866,-71.94035286513866
2978.60008354187,-71.93640721205864,-71.93640721205864
2978.61008354187,-71.93248169794376,-71.93248169794376
2978.62008354187,-71.92857644026991,-71.92857644026991
2978.63008354187,-71.92469155384816,-71.92469155384816
2978.64008354187,-71.9208271508747,-71.9208271508747
2978.65008354187,-71.91698334095452,-71.91698334095452
2978.6600835418703,-71.91316023115336,-71.91316023115336
2978.67008354187,-71.90935792601765,-71.90935792601765
2978.6800835418703,-71.90557652759625,-71.90557652759625
2978.69008354187,-71.90181613548052,-71.90181613548052
2978.7000835418703,-71.89807684684993,-71.89807684684993
2978.71008354187,-71.8943587564763,-71.8943587564763
2978.7200835418703,-71.89066195677485,-71.89066195677485
2978.73008354187,-71.88698653781852,-71.88698653781852
2978.7400835418703,-71.88333258736843,-71.88333258736843
2978.75008354187,-71.87970019093947,-71.87970019093947
2978.7600835418702,-71.87608943177612,-71.87608943177612
2978.77008354187,-71.87250039091226,-71.87250039091226
2978.78008354187,-71.86893314719653,-71.86893314719653
2978.79008354187,-71.86538777732898,-71.86538777732898
2978.80008354187,-71.86186435586008,-71.86186435586008
2978.81008354187,-71.8583629552591,-71.8583629552591
2978.82008354187,-71.85488364591077,-71.85488364591077
2978.83008354187,-71.85142649616071,-71.85142649616071
2978.84008354187,-71.8479915723221,-71.8479915723221
2978.85008354187,-71.84457893874314,-71.84457893874314
2978.86008354187,-71.84118865778301,-71.84118865778301
2978.87008354187,-71.83782078986725,-71.83782078986725
2978.88008354187,-71.83447539352014,-71.83447539352014
2978.89008354187,-71.83115252538356,-71.83115252538356
2978.90008354187,-71.82785224021646,-71.82785224021646
2978.9100835418703,-71.82457459096985,-71.82457459096985
2978.92008354187,-71.8213196287691,-71.8213196287691
2978.9300835418703,-71.8180874029622,-71.8180874029622
2978.94008354187,-71.81487796113801,-71.81487796113801
2978.9500835418703,-71.81169134914519,-71.81169134914519
2978.96008354187,-71.808527611119,-71.808527611119
2978.9700835418703,-71.8053867895183,-71.8053867895183
2978.98008354187,-71.80226892513608,-71.80226892513608
2978.9900835418703,-71.79917405712611,-71.79917405712611
2979.00008354187,-71.79610222301442,-71.79610222301442
2979.0100835418702,-71.79305345873688,-71.79305345873688
2979.02008354187,-71.79002779867233,-71.79002779867233
2979.03008354187,-71.78702527562749,-71.78702527562749
2979.04008354187,-71.78404592089568,-71.78404592089568
2979.05008354187,-71.7810897642568,-71.7810897642568
2979.06008354187,-71.77815683401882,-71.77815683401882
2979.07008354187,-71.77524715700913,-71.77524715700913
2979.08008354187,-71.77236075863077,-71.77236075863077
2979.09008354187,-71.76949766284758,-71.76949766284758
2979.10008354187,-71.76665789223601,-71.76665789223601
2979.11008354187,-71.76384146799083,-71.76384146799083
2979.12008354187,-71.76104840993547,-71.76104840993547
2979.13008354187,-71.75827873656257,-71.75827873656257
2979.14008354187,-71.75553246504278,-71.75553246504278
2979.15008354187,-71.75280961124096,-71.75280961124096
2979.1600835418703,-71.75011018974143,-71.75011018974143
2979.17008354187,-71.74743421386766,-71.74743421386766
2979.1800835418703,-71.74478169568052,-71.74478169568052
2979.19008354187,-71.74215264603774,-71.74215264603774
2979.2000835418703,-71.73954707457389,-71.73954707457389
2979.21008354187,-71.73696498972946,-71.73696498972946
2979.2200835418703,-71.73440639878145,-71.73440639878145
2979.23008354187,-71.73187130783849,-71.73187130783849
2979.2400835418703,-71.72935972188021,-71.72935972188021
2979.250083565712,-71.72687163884517,-71.72687163884517
2979.260083565712,-71.72440707338727,-71.72440707338727
2979.270083565712,-71.72196602116705,-71.72196602116705
2979.280083565712,-71.71954848278558,-71.71954848278558
2979.290083565712,-71.71715445777535,-71.71715445777535
2979.300083565712,-71.71478394461933,-71.71478394461933
2979.310083565712,-71.71243694079487,-71.71243694079487
2979.320083565712,-71.7101134427535,-71.7101134427535
2979.330083565712,-71.70781344597368,-71.70781344597368
2979.340083565712,-71.70553694492956,-71.70553694492956
2979.350083565712,-71.70328393314321,-71.70328393314321
2979.360083565712,-71.70105440319665,-71.70105440319665
2979.370083565712,-71.69884834673327,-71.69884834673327
2979.380083565712,-71.6966657544634,-71.6966657544634
2979.390083565712,-71.69450661621612,-71.69450661621612
2979.400083565712,-71.69237092090631,-71.69237092090631
2979.410083565712,-71.69025865658183,-71.69025865658183
2979.420083565712,-71.68816981042721,-71.68816981042721
2979.430083565712,-71.68610436877452,-71.68610436877452
2979.440083565712,-71.68406231712179,-71.68406231712179
2979.450083565712,-71.68204364014329,-71.68204364014329
2979.460083565712,-71.68004832168886,-71.68004832168886
2979.470083565712,-71.67807634482654,-71.67807634482654
2979.480083565712,-71.67612769183617,-71.67612769183617
2979.4900835657118,-71.6742023442178,-71.6742023442178
2979.500083565712,-71.67230028270997,-71.67230028270997
2979.510083565712,-71.67042148731768,-71.67042148731768
2979.520083565712,-71.66856593729166,-71.66856593729166
2979.530083565712,-71.66673361116169,-71.66673361116169
2979.540083565712,-71.66492448675251,-71.66492448675251
2979.550083565712,-71.66313854118114,-71.66313854118114
2979.560083565712,-71.6613757508795,-71.6613757508795
2979.570083565712,-71.6596360915842,-71.6596360915842
2979.580083565712,-71.65791953838149,-71.65791953838149
2979.590083565712,-71.65622606569481,-71.65622606569481
2979.600083565712,-71.65455564730398,-71.65455564730398
2979.610083565712,-71.6529082563483,-71.6529082563483
2979.620083565712,-71.65128386534488,-71.65128386534488
2979.630083565712,-71.64968244619139,-71.64968244619139
2979.640083565712,-71.64810397019029,-71.64810397019029
2979.650083565712,-71.646548408038,-71.646548408038
2979.660083565712,-71.64501572985473,-71.64501572985473
2979.670083565712,-71.64350590518148,-71.64350590518148
2979.680083565712,-71.64201890299694,-71.64201890299694
2979.690083565712,-71.64055469172739,-71.64055469172739
2979.700083565712,-71.6391132392497,-71.6391132392497
2979.710083565712,-71.63769451289198,-71.63769451289198
2979.720083565712,-71.6362984794824,-71.6362984794824
2979.730083565712,-71.63492510530384,-71.63492510530384
2979.7400835657118,-71.6335743561459,-71.6335743561459
2979.750083565712,-71.63224619728973,-71.63224619728973
2979.760083565712,-71.63094059352731,-71.63094059352731
2979.770083565712,-71.62965750916842,-71.62965750916842
2979.780083565712,-71.6283969080444,-71.6283969080444
2979.790083565712,-71.62715875352761,-71.62715875352761
2979.800083565712,-71.62594300852494,-71.62594300852494
2979.810083565712,-71.62474963548908,-71.62474963548908
2979.820083565712,-71.62357859644199,-71.62357859644199
2979.830083565712,-71.62242985296432,-71.62242985296432
2979.840083565712,-71.6213033662183,-71.6213033662183
2979.850083565712,-71.62019909693338,-71.62019909693338
2979.860083565712,-71.61911700543834,-71.61911700543834
2979.870083565712,-71.61805705166482,-71.61805705166482
2979.880083565712,-71.61701919513102,-71.61701919513102
2979.890083565712,-71.61600339498236,-71.61600339498236
2979.900083565712,-71.61500960997411,-71.61500960997411
2979.910083565712,-71.61403779849097,-71.61403779849097
2979.920083565712,-71.61308791854789,-71.61308791854789
2979.930083565712,-71.61215992780578,-71.61215992780578
2979.940083565712,-71.61125378355622,-71.61125378355622
2979.950083565712,-71.61036944277075,-71.61036944277075
2979.960083565712,-71.60950686205949,-71.60950686205949
2979.970083565712,-71.60866599770311,-71.60866599770311
2979.980083565712,-71.6078468056542,-71.6078468056542
2979.9900835657118,-71.60704924155914,-71.60704924155914
2980.000083565712,-71.60627326073052,-71.60627326073052
2980.010083565712,-71.60551881818184,-71.60551881818184
2980.020083565712,-71.60478586863148,-71.60478586863148
2980.030083565712,-71.60407436648738,-71.60407436648738
2980.040083565712,-71.60338426588429,-71.60338426588429
2980.050083565712,-71.60271552066948,-71.60271552066948
2980.060083565712,-71.6020680843973,-71.6020680843973
2980.070083565712,-71.60144191035936,-71.60144191035936
2980.080083565712,-71.60083695159412,-71.60083695159412
2980.090083565712,-71.60025316085418,-71.60025316085418
2980.100083589554,-71.59969048932345,-71.59969048932345
2980.110083589554,-71.59914889200061,-71.59914889200061
2980.120083589554,-71.59862831948281,-71.59862831948281
2980.130083589554,-71.59812872356162,-71.59812872356162
2980.140083589554,-71.59765005577792,-71.59765005577792
2980.150083589554,-71.59719226744618,-71.59719226744618
2980.160083589554,-71.59675530966103,-71.59675530966103
2980.170083589554,-71.59633913329034,-71.59633913329034
2980.1800835895538,-71.59594368899818,-71.59594368899818
2980.190083589554,-71.59556892723083,-71.59556892723083
2980.2000835895537,-71.59521479823803,-71.59521479823803
2980.210083589554,-71.59488125206217,-71.59488125206217
2980.2200835895537,-71.59456823856127,-71.59456823856127
2980.230083589554,-71.5942757073977,-71.5942757073977
2980.2400835895537,-71.59400360804884,-71.59400360804884
2980.250083589554,-71.59375188981151,-71.59375188981151
2980.2600835895537,-71.59352050181074,-71.59352050181074
2980.270083589554,-71.59330939299468,-71.59330939299468
2980.2800835895537,-71.59311851215085,-71.59311851215085
2980.290083589554,-71.59294780788802,-71.59294780788802
2980.3000835895537,-71.59279722867016,-71.59279722867016
2980.310083589554,-71.59266672280037,-71.59266672280037
2980.3200835895536,-71.5925562384465,-71.5925562384465
2980.330083589554,-71.59246572360688,-71.59246572360688
2980.3400835895536,-71.59239512615396,-71.59239512615396
2980.350083589554,-71.59234439381261,-71.59234439381261
2980.360083589554,-71.59231347418017,-71.59231347418017
2980.370083589554,-71.59230231471231,-71.59230231471231
2980.380083589554,-71.59231086274679,-71.59231086274679
2980.390083589554,-71.59233906549304,-71.59233906549304
2980.400083589554,-71.59238687005325,-71.59238687005325
2980.410083589554,-71.59245422339805,-71.59245422339805
2980.420083589554,-71.59254107240106,-71.59254107240106
2980.4300835895538,-71.59264736380916,-71.59264736380916
2980.440083589554,-71.59277304427137,-71.59277304427137
2980.4500835895537,-71.59291806034541,-71.59291806034541
2980.460083589554,-71.59308235847769,-71.59308235847769
2980.4700835895537,-71.59326588502601,-71.59326588502601
2980.480083589554,-71.5934685862493,-71.5934685862493
2980.4900835895537,-71.59369040832823,-71.59369040832823
2980.500083589554,-71.59393129734859,-71.59393129734859
2980.5100835895537,-71.59419119932616,-71.59419119932616
2980.520083589554,-71.59447006018327,-71.59447006018327
2980.5300835895537,-71.59476782578403,-71.59476782578403
2980.540083589554,-71.59508444189893,-71.59508444189893
2980.5500835895537,-71.59541985424498,-71.59541985424498
2980.560083589554,-71.59577400846666,-71.59577400846666
2980.5700835895536,-71.59614685014544,-71.59614685014544
2980.580083589554,-71.59653832480203,-71.59653832480203
2980.5900835895536,-71.59694837789596,-71.59694837789596
2980.600083589554,-71.59737695483811,-71.59737695483811
2980.610083589554,-71.59782400098078,-71.59782400098078
2980.620083589554,-71.59828946162331,-71.59828946162331
2980.630083589554,-71.59877328203434,-71.59877328203434
2980.640083589554,-71.59927540742162,-71.59927540742162
2980.650083589554,-71.59979578295673,-71.59979578295673
2980.660083589554,-71.60033435377652,-71.60033435377652
2980.670083589554,-71.60089106497085,-71.60089106497085
2980.6800835895538,-71.60146586160711,-71.60146586160711
2980.690083589554,-71.60205868870749,-71.60205868870749
2980.7000835895537,-71.60266949128138,-71.60266949128138
2980.710083589554,-71.60329821429377,-71.60329821429377
2980.7200835895537,-71.60394480270445,-71.60394480270445
2980.730083589554,-71.60460920143926,-71.60460920143926
2980.7400835895537,-71.60529135540759,-71.60529135540759
2980.750083589554,-71.6059912094958,-71.6059912094958
2980.7600835895537,-71.60670870859008,-71.60670870859008
2980.770083589554,-71.60744379754568,-71.60744379754568
2980.7800835895537,-71.60819642121686,-71.60819642121686
2980.790083589554,-71.60896652444718,-71.60896652444718
2980.8000835895537,-71.60975405206996,-71.60975405206996
2980.810083589554,-71.61055894892428,-71.61055894892428
2980.8200835895536,-71.6113811598391,-71.6113811598391
2980.830083589554,-71.61222062964137,-71.61222062964137
2980.8400835895536,-71.61307730317053,-71.61307730317053
2980.850083589554,-71.61395112525892,-71.61395112525892
2980.860083589554,-71.61484204075128,-71.61484204075128
2980.870083589554,-71.61574999448827,-71.61574999448827
2980.880083589554,-71.61667493133969,-71.61667493133969
2980.890083589554,-71.61761679617138,-71.61761679617138
2980.900083589554,-71.61857553386213,-71.61857553386213
2980.910083589554,-71.61955108931834,-71.61955108931834
2980.920083589554,-71.62054340745705,-71.62054340745705
2980.9300835895538,-71.6215524332006,-71.6215524332006
2980.940083589554,-71.62257811151706,-71.62257811151706
2980.9500836133957,-71.62362038985971,-71.62362038985971
2980.960083613396,-71.62467295819874,-71.62467295819874
2980.9700836133957,-71.62573302523079,-71.62573302523079
2980.980083613396,-71.62679920278974,-71.62679920278974
2980.9900836133957,-71.6278707545211,-71.6278707545211
2981.000083613396,-71.62894730775243,-71.62894730775243
2981.0100836133956,-71.63002870362904,-71.63002870362904
2981.020083613396,-71.63111490907349,-71.63111490907349
2981.0300836133956,-71.63220596386749,-71.63220596386749
2981.040083613396,-71.63330194873403,-71.63330194873403
2981.0500836133956,-71.63440296619541,-71.63440296619541
2981.060083613396,-71.63550912913423,-71.63550912913423
2981.0700836133956,-71.63662055408139,-71.63662055408139
2981.080083613396,-71.63773735733663,-71.63773735733663
2981.0900836133956,-71.6388596528772,-71.6388596528772
2981.100083613396,-71.63998755128661,-71.63998755128661
2981.1100836133955,-71.64112115934113,-71.64112115934113
2981.1200836133958,-71.64226057994279,-71.64226057994279
2981.1300836133955,-71.64340591227436,-71.64340591227436
2981.1400836133957,-71.64455725204495,-71.64455725204495
2981.1500836133955,-71.6457146917652,-71.6457146917652
2981.1600836133957,-71.64687832106375,-71.64687832106375
2981.1700836133955,-71.64804822698815,-71.64804822698815
2981.1800836133957,-71.64922449423473,-71.64922449423473
2981.1900836133955,-71.65040720541501,-71.65040720541501
2981.2000836133957,-71.65159644124837,-71.65159644124837
2981.210083613396,-71.65279228074836,-71.65279228074836
2981.2200836133957,-71.65399480137857,-71.65399480137857
2981.230083613396,-71.65520407917023,-71.65520407917023
2981.2400836133957,-71.65642018885391,-71.65642018885391
2981.250083613396,-71.65764320393225,-71.65764320393225
2981.2600836133956,-71.65887319676624,-71.65887319676624
2981.270083613396,-71.66011023863075,-71.66011023863075
2981.2800836133956,-71.66135439977643,-71.66135439977643
2981.290083613396,-71.66260574945694,-71.66260574945694
2981.3000836133956,-71.6638643559773,-71.6638643559773
2981.310083613396,-71.66513028670198,-71.66513028670198
2981.3200836133956,-71.66640360808896,-71.66640360808896
2981.330083613396,-71.66768438569663,-71.66768438569663
2981.3400836133956,-71.66897268419851,-71.66897268419851
2981.350083613396,-71.6702685673856,-71.6702685673856
2981.3600836133955,-71.6715720981691,-71.6715720981691
2981.3700836133958,-71.672883338597,-71.672883338597
2981.3800836133955,-71.67420234984047,-71.67420234984047
2981.3900836133957,-71.67552919218839,-71.67552919218839
2981.4000836133955,-71.67686392506754,-71.67686392506754
2981.4100836133957,-71.67820660701305,-71.67820660701305
2981.4200836133955,-71.67952123256438,-71.67952123256438
2981.4300836133957,-71.6808071094091,-71.6808071094091
2981.4400836133955,-71.68206540866944,-71.68206540866944
2981.4500836133957,-71.6832961584374,-71.6832961584374
2981.460083613396,-71.68449853942411,-71.68449853942411
2981.4700836133957,-71.68567126594537,-71.68567126594537
2981.480083613396,-71.68681282710983,-71.68681282710983
2981.4900836133957,-71.68792163054867,-71.68792163054867
2981.500083613396,-71.68899608803237,-71.68899608803237
2981.5100836133956,-71.69003466628418,-71.69003466628418
2981.520083613396,-71.69103591631608,-71.69103591631608
2981.5300836133956,-71.69199848936368,-71.69199848936368
2981.540083613396,-71.69292114438933,-71.69292114438933
2981.5500836133956,-71.69380275020687,-71.69380275020687
2981.560083613396,-71.6946422843278,-71.6946422843278
2981.5700836133956,-71.69543882981725,-71.69543882981725
2981.580083613396,-71.69619157095674,-71.69619157095674
2981.5900836133956,-71.69689978831084,-71.69689978831084
2981.600083613396,-71.69756285351012,-71.69756285351012
2981.6100836133955,-71.69818022404522,-71.69818022404522
2981.6200836133958,-71.69875143808476,-71.69875143808476
2981.6300836133955,-71.69927610955801,-71.69927610955801
2981.6400836133957,-71.6997539233711,-71.6997539233711
2981.6500836133955,-71.70018463094196,-71.70018463094196
2981.6600836133957,-71.70056804597006,-71.70056804597006
2981.6700836133955,-71.70090404043677,-71.70090404043677
2981.6800836133957,-71.70119254087562,-71.70119254087562
2981.6900836133955,-71.70143352484716,-71.70143352484716
2981.7000836133957,-71.70162701766442,-71.70162701766442
2981.710083613396,-71.70177308929512,-71.70177308929512
2981.7200836133957,-71.70187185147847,-71.70187185147847
2981.730083613396,-71.7019234549937,-71.7019234549937
2981.7400836133957,-71.70192808712547,-71.70192808712547
2981.750083613396,-71.7018859692583,-71.7018859692583
2981.7600836133956,-71.70179735462817,-71.70179735462817
2981.770083613396,-71.70166252620413,-71.70166252620413
2981.7800836133956,-71.7014817946879,-71.7014817946879
2981.790083613396,-71.70125549665056,-71.70125549665056
2981.8000836372375,-71.70098399208972,-71.70098399208972
2981.8100836372378,-71.70066766521575,-71.70066766521575
2981.8200836372375,-71.7003069194841,-71.7003069194841
2981.8300836372377,-71.69990217811828,-71.69990217811828
2981.8400836372375,-71.69945388232335,-71.69945388232335
2981.8500836372377,-71.69896248993686,-71.69896248993686
2981.8600836372375,-71.69842847415256,-71.69842847415256
2981.8700836372377,-71.69785232235095,-71.69785232235095
2981.8800836372375,-71.69723453497758,-71.69723453497758
2981.8900836372377,-71.69657562445771,-71.69657562445771
2981.9000836372375,-71.6958761142218,-71.6958761142218
2981.9100836372377,-71.69513653773913,-71.69513653773913
2981.9200836372374,-71.6943574376235,-71.6943574376235
2981.9300836372377,-71.69353936477579,-71.69353936477579
2981.9400836372374,-71.69268287759735,-71.69268287759735
2981.9500836372376,-71.69178854119609,-71.69178854119609
2981.9600836372374,-71.69085692668996,-71.69085692668996
2981.9700836372376,-71.68988861051183,-71.68988861051183
2981.9800836372374,-71.68888417377183,-71.68888417377183
2981.9900836372376,-71.68784420162426,-71.68784420162426
2982.0000836372374,-71.68676928271293,-71.68676928271293
2982.0100836372376,-71.68566000861237,-71.68566000861237
2982.0200836372373,-71.68451697330248,-71.68451697330248
2982.0300836372376,-71.68334077268698,-71.68334077268698
2982.0400836372373,-71.68213200412747,-71.68213200412747
2982.0500836372375,-71.68089126599418,-71.68089126599418
2982.0600836372378,-71.67961915727612,-71.67961915727612
2982.0700836372375,-71.67831627716386,-71.67831627716386
2982.0800836372377,-71.67698322468335,-71.67698322468335
2982.0900836372375,-71.67562059836992,-71.67562059836992
2982.1000836372377,-71.67422899589049,-71.67422899589049
2982.1100836372375,-71.67280901378672,-71.67280901378672
2982.1200836372377,-71.67136124715327,-71.67136124715327
2982.1300836372375,-71.669886289359,-71.669886289359
2982.1400836372377,-71.66838473179268,-71.66838473179268
2982.1500836372375,-71.66685716363163,-71.66685716363163
2982.1600836372377,-71.66530417158603,-71.66530417158603
2982.1700836372374,-71.66372633969792,-71.66372633969792
2982.1800836372377,-71.66212424913273,-71.66212424913273
2982.1900836372374,-71.66049847799952,-71.66049847799952
2982.2000836372376,-71.65884960115585,-71.65884960115585
2982.2100836372374,-71.65717819005165,-71.65717819005165
2982.2200836372376,-71.65548481256751,-71.65548481256751
2982.2300836372374,-71.65377003288827,-71.65377003288827
2982.2400836372376,-71.65203441131345,-71.65203441131345
2982.2500836372374,-71.65027850420181,-71.65027850420181
2982.2600836372376,-71.64850286380134,-71.64850286380134
2982.2700836372373,-71.64670803817017,-71.64670803817017
2982.2800836372376,-71.64489457105124,-71.64489457105124
2982.2900836372373,-71.64306300179351,-71.64306300179351
2982.3000836372375,-71.64121386526917,-71.64121386526917
2982.3100836372378,-71.63934769178806,-71.63934769178806
2982.3200836372375,-71.63746500701893,-71.63746500701893
2982.3300836372377,-71.63556633192867,-71.63556633192867
2982.3400836372375,-71.63365218273194,-71.63365218273194
2982.3500836372377,-71.63172307082647,-71.63172307082647
2982.3600836372375,-71.62977950274856,-71.62977950274856
2982.3700836372377,-71.62782198012019,-71.62782198012019
2982.3800836372375,-71.62585099962342,-71.62585099962342
2982.3900836372377,-71.62386705296089,-71.62386705296089
2982.4000836372375,-71.62187062682204,-71.62187062682204
2982.4100836372377,-71.6198622028621,-71.6198622028621
2982.4200836372374,-71.61784225767852,-71.61784225767852
2982.4300836372377,-71.61581126280362,-71.61581126280362
2982.4400836372374,-71.61376968466801,-71.61376968466801
2982.4500836372376,-71.6117179846096,-71.6117179846096
2982.4600836372374,-71.60965661886638,-71.60965661886638
2982.4700836372376,-71.60758603855231,-71.60758603855231
2982.4800836372374,-71.6055066896934,-71.6055066896934
2982.4900836372376,-71.60341901317769,-71.60341901317769
2982.5000836372374,-71.60132344480198,-71.60132344480198
2982.5100836372376,-71.59922041525911,-71.59922041525911
2982.5200836372373,-71.59711035016555,-71.59711035016555
2982.5300836372376,-71.59499367004365,-71.59499367004365
2982.5400836372373,-71.59287079035548,-71.59287079035548
2982.5500836372375,-71.59074212151289,-71.59074212151289
2982.5600836372378,-71.58860806889426,-71.58860806889426
2982.5700836372375,-71.58646903285384,-71.58646903285384
2982.5800836372377,-71.58432540876676,-71.58432540876676
2982.5900836372375,-71.58217758702389,-71.58217758702389
2982.6000836372377,-71.58002595307796,-71.58002595307796
2982.6100836372375,-71.57787088745485,-71.57787088745485
2982.6200836372377,-71.57571276577416,-71.57571276577416
2982.6300836372375,-71.57355195879478,-71.57355195879478
2982.6400836372377,-71.5713888324281,-71.5713888324281
2982.6500836610794,-71.56922374262447,-71.56922374262447
2982.6600836610796,-71.56705705601645,-71.56705705601645
2982.6700836610794,-71.56488911902217,-71.56488911902217
2982.6800836610796,-71.56272027848628,-71.56272027848628
2982.6900836610794,-71.5605508765879,-71.5605508765879
2982.7000836610796,-71.558381250839,-71.558381250839
2982.7100836610794,-71.5562054918323,-71.5562054918323
2982.7200836610796,-71.5540211944307,-71.5540211944307
2982.7300836610793,-71.55182735477457,-71.55182735477457
2982.7400836610796,-71.54962361722819,-71.54962361722819
2982.7500836610793,-71.54740998621203,-71.54740998621203
2982.7600836610795,-71.54518667610286,-71.54518667610286
2982.7700836610793,-71.54295402301227,-71.54295402301227
2982.7800836610795,-71.5407124316478,-71.5407124316478
2982.7900836610793,-71.53846234332363,-71.53846234332363
2982.8000836610795,-71.53620421670203,-71.53620421670203
2982.8100836610793,-71.53393851634982,-71.53393851634982
2982.8200836610795,-71.53166570597371,-71.53166570597371
2982.8300836610792,-71.52938624461265,-71.52938624461265
2982.8400836610795,-71.52710058450255,-71.52710058450255
2982.850083661079,-71.52480917009638,-71.52480917009638
2982.8600836610794,-71.52251243764756,-71.52251243764756
2982.870083661079,-71.52021081521237,-71.52021081521237
2982.8800836610794,-71.51790472282569,-71.51790472282569
2982.890083661079,-71.51559457281752,-71.51559457281752
2982.9000836610794,-71.5132807701416,-71.5132807701416
2982.9100836610796,-71.51096371272166,-71.51096371272166
2982.9200836610794,-71.50864379178816,-71.50864379178816
2982.9300836610796,-71.50632139218631,-71.50632139218631
2982.9400836610794,-71.50399689267347,-71.50399689267347
2982.9500836610796,-71.50167066614937,-71.50167066614937
2982.9600836610794,-71.49933684303046,-71.49933684303046
2982.9700836610796,-71.49699305462111,-71.49699305462111
2982.9800836610793,-71.49463833180016,-71.49463833180016
2982.9900836610796,-71.49227235264337,-71.49227235264337
2983.0000836610793,-71.48989515455513,-71.48989515455513
2983.0100836610795,-71.48750698434205,-71.48750698434205
2983.0200836610793,-71.48510821010049,-71.48510821010049
2983.0300836610795,-71.48269926816343,-71.48269926816343
2983.0400836610793,-71.48028063115726,-71.48028063115726
2983.0500836610795,-71.47785278880475,-71.47785278880475
2983.0600836610793,-71.47541623649913,-71.47541623649913
2983.0700836610795,-71.47297146858607,-71.47297146858607
2983.0800836610792,-71.47051897452505,-71.47051897452505
2983.0900836610795,-71.46805923682226,-71.46805923682226
2983.100083661079,-71.46559273002894,-71.46559273002894
2983.1100836610794,-71.46311992034042,-71.46311992034042
2983.120083661079,-71.46064126559435,-71.46064126559435
2983.1300836610794,-71.45815721546211,-71.45815721546211
2983.140083661079,-71.45566821173935,-71.45566821173935
2983.1500836610794,-71.45317468868755,-71.45317468868755
2983.1600836610796,-71.45067707336905,-71.45067707336905
2983.1700836610794,-71.44817578598546,-71.44817578598546
2983.1800836610796,-71.44567124017979,-71.44567124017979
2983.1900836610794,-71.44316384330625,-71.44316384330625
2983.2000836610796,-71.44065399668602,-71.44065399668602
2983.2100836610794,-71.4381420958222,-71.4381420958222
2983.2200836610796,-71.43562853057655,-71.43562853057655
2983.2300836610793,-71.43311368536844,-71.43311368536844
2983.2400836610796,-71.43059793929035,-71.43059793929035
2983.2500836610793,-71.42808166625335,-71.42808166625335
2983.2600836610795,-71.42556523508038,-71.42556523508038
2983.2700836610793,-71.42304900962152,-71.42304900962152
2983.2800836610795,-71.42053334882533,-71.42053334882533
2983.2900836610793,-71.41801860682743,-71.41801860682743
2983.3000836610795,-71.41550513299002,-71.41550513299002
2983.3100836610793,-71.41299327199398,-71.41299327199398
2983.3200836610795,-71.41048336387404,-71.41048336387404
2983.3300836610792,-71.40797574406022,-71.40797574406022
2983.3400836610795,-71.40547074343871,-71.40547074343871
2983.350083661079,-71.40296868838752,-71.40296868838752
2983.3600836610794,-71.40046990081072,-71.40046990081072
2983.370083661079,-71.39797469817384,-71.39797469817384
2983.3800836610794,-71.39548339353104,-71.39548339353104
2983.390083661079,-71.39299629558263,-71.39299629558263
2983.4000836610794,-71.39051370866346,-71.39051370866346
2983.4100836610796,-71.3880359328267,-71.3880359328267
2983.4200836610794,-71.38556326383092,-71.38556326383092
2983.4300836610796,-71.3830959931867,-71.3830959931867
2983.4400836610794,-71.38063440818507,-71.38063440818507
2983.4500836610796,-71.37817879193014,-71.37817879193014
2983.4600836610794,-71.37572942335731,-71.37572942335731
2983.4700836610796,-71.37328657727934,-71.37328657727934
2983.4800836610793,-71.37085052440044,-71.37085052440044
2983.4900836610796,-71.36842153134566,-71.36842153134566
2983.5000836849213,-71.36599985493858,-71.36599985493858
2983.5100836849215,-71.36358576530372,-71.36358576530372
2983.5200836849212,-71.36117951125458,-71.36117951125458
2983.5300836849215,-71.35878134342828,-71.35878134342828
2983.5400836849212,-71.35639150854604,-71.35639150854604
2983.5500836849214,-71.35401024943965,-71.35401024943965
2983.560083684921,-71.35163780508341,-71.35163780508341
2983.5700836849214,-71.34927441062561,-71.34927441062561
2983.580083684921,-71.34692029741709,-71.34692029741709
2983.5900836849214,-71.34457569305367,-71.34457569305367
2983.600083684921,-71.34224082140246,-71.34224082140246
2983.6100836849214,-71.3399159026405,-71.3399159026405
2983.620083684921,-71.33760115327682,-71.33760115327682
2983.6300836849214,-71.33529678619112,-71.33529678619112
2983.640083684921,-71.33300301068033,-71.33300301068033
2983.6500836849214,-71.33072003246602,-71.33072003246602
2983.660083684921,-71.3284480537644,-71.3284480537644
2983.6700836849213,-71.32618727328658,-71.32618727328658
2983.680083684921,-71.32393788629398,-71.32393788629398
2983.6900836849213,-71.32170008461372,-71.32170008461372
2983.700083684921,-71.31947405670824,-71.31947405670824
2983.7100836849213,-71.31725998766075,-71.31725998766075
2983.720083684921,-71.3150580592633,-71.3150580592633
2983.7300836849213,-71.31286845000272,-71.31286845000272
2983.740083684921,-71.31069133512929,-71.31069133512929
2983.7500836849213,-71.30852688668027,-71.30852688668027
2983.7600836849215,-71.30637527351149,-71.30637527351149
2983.7700836849212,-71.30423666134283,-71.30423666134283
2983.7800836849215,-71.30211121277597,-71.30211121277597
2983.7900836849212,-71.29999908734418,-71.29999908734418
2983.8000836849214,-71.29790044153182,-71.29790044153182
2983.810083684921,-71.29581542883435,-71.29581542883435
2983.8200836849214,-71.29374419976524,-71.29374419976524
2983.830083684921,-71.29168690191506,-71.29168690191506
2983.8400836849214,-71.28964367995194,-71.28964367995194
2983.850083684921,-71.28761467569778,-71.28761467569778
2983.8600836849214,-71.28560002812783,-71.28560002812783
2983.870083684921,-71.28359987341778,-71.28359987341778
2983.8800836849214,-71.28161434499295,-71.28161434499295
2983.890083684921,-71.279643573532,-71.279643573532
2983.9000836849214,-71.27768768701523,-71.27768768701523
2983.910083684921,-71.27574681075504,-71.27574681075504
2983.9200836849213,-71.27382106744369,-71.27382106744369
2983.930083684921,-71.27191057715642,-71.27191057715642
2983.9400836849213,-71.27001545740877,-71.27001545740877
2983.950083684921,-71.26813582317928,-71.26813582317928
2983.9600836849213,-71.26627178694064,-71.26627178694064
2983.970083684921,-71.26442345869526,-71.26442345869526
2983.9800836849213,-71.26259094600834,-71.26259094600834
2983.990083684921,-71.26077435403089,-71.26077435403089
2984.0000836849213,-71.25897378552943,-71.25897378552943
2984.0100836849215,-71.25718934093423,-71.25718934093423
2984.0200836849212,-71.25542111836371,-71.25542111836371
2984.0300836849215,-71.25366921363631,-71.25366921363631
2984.0400836849212,-71.25193372031272,-71.25193372031272
2984.0500836849214,-71.25021472973108,-71.25021472973108
2984.060083684921,-71.24851233104053,-71.24851233104053
2984.0700836849214,-71.24682661120575,-71.24682661120575
2984.080083684921,-71.24515765506555,-71.24515765506555
2984.0900836849214,-71.24350554534266,-71.24350554534266
2984.100083684921,-71.24187036268037,-71.24187036268037
2984.1100836849214,-71.24025218565869,-71.24025218565869
2984.120083684921,-71.23865109083715,-71.23865109083715
2984.1300836849214,-71.23706715278112,-71.23706715278112
2984.140083684921,-71.23550044407932,-71.23550044407932
2984.1500836849214,-71.2339510353705,-71.2339510353705
2984.160083684921,-71.23241899538564,-71.23241899538564
2984.1700836849213,-71.23090439095702,-71.23090439095702
2984.180083684921,-71.2294072870613,-71.2294072870613
2984.1900836849213,-71.2279277468148,-71.2279277468148
2984.200083684921,-71.22646583154086,-71.22646583154086
2984.2100836849213,-71.22502160075769,-71.22502160075769
2984.220083684921,-71.22359511223468,-71.22359511223468
2984.2300836849213,-71.222186421996,-71.222186421996
2984.240083684921,-71.22079558434557,-71.22079558434557
2984.2500836849213,-71.21942265189672,-71.21942265189672
2984.2600836849215,-71.21806767560662,-71.21806767560662
2984.2700836849212,-71.21673070478309,-71.21673070478309
2984.2800836849215,-71.21541178711263,-71.21541178711263
2984.2900836849212,-71.21411096868466,-71.21411096868466
2984.3000836849214,-71.21282829401513,-71.21282829401513
2984.310083684921,-71.21156380606924,-71.21156380606924
2984.3200836849214,-71.21031754628494,-71.21031754628494
2984.330083684921,-71.2090895545932,-71.2090895545932
2984.3400836849214,-71.20787986942835,-71.20787986942835
2984.350083708763,-71.20668852494026,-71.20668852494026
2984.3600837087633,-71.20551556240098,-71.20551556240098
2984.370083708763,-71.2043610130016,-71.2043610130016
2984.3800837087633,-71.20322490947495,-71.20322490947495
2984.390083708763,-71.20210728315911,-71.20210728315911
2984.4000837087633,-71.20100816401876,-71.20100816401876
2984.410083708763,-71.19992758068798,-71.19992758068798
2984.4200837087633,-71.19886556046505,-71.19886556046505
2984.430083708763,-71.1978221293681,-71.1978221293681
2984.4400837087633,-71.19679731211896,-71.19679731211896
2984.450083708763,-71.19579113217969,-71.19579113217969
2984.4600837087632,-71.19479740232411,-71.19479740232411
2984.470083708763,-71.19381342573448,-71.19381342573448
2984.4800837087632,-71.19283790266707,-71.19283790266707
2984.490083708763,-71.19187018101063,-71.19187018101063
2984.500083708763,-71.19090996966229,-71.19090996966229
2984.510083708763,-71.18995718923597,-71.18995718923597
2984.520083708763,-71.18901188433263,-71.18901188433263
2984.530083708763,-71.18807417074325,-71.18807417074325
2984.540083708763,-71.1871442036221,-71.1871442036221
2984.550083708763,-71.18622215835481,-71.18622215835481
2984.560083708763,-71.18530821918229,-71.18530821918229
2984.570083708763,-71.18440257248895,-71.18440257248895
2984.580083708763,-71.18350540299178,-71.18350540299178
2984.590083708763,-71.1826168916265,-71.1826168916265
2984.600083708763,-71.18173721456493,-71.18173721456493
2984.6100837087633,-71.18086654278763,-71.18086654278763
2984.620083708763,-71.18000504207251,-71.18000504207251
2984.6300837087633,-71.17915287316242,-71.17915287316242
2984.640083708763,-71.17831019205637,-71.17831019205637
2984.6500837087633,-71.17747715031632,-71.17747715031632
2984.660083708763,-71.17665389540403,-71.17665389540403
2984.6700837087633,-71.17584057099573,-71.17584057099573
2984.680083708763,-71.17503731726309,-71.17503731726309
2984.6900837087633,-71.17424427114243,-71.17424427114243
2984.700083708763,-71.17346156656761,-71.17346156656761
2984.7100837087632,-71.17268933467062,-71.17268933467062
2984.720083708763,-71.17192770395927,-71.17192770395927
2984.7300837087632,-71.17117680046567,-71.17117680046567
2984.740083708763,-71.17043674787693,-71.17043674787693
2984.750083708763,-71.16970766764854,-71.16970766764854
2984.760083708763,-71.1689896791049,-71.1689896791049
2984.770083708763,-71.16828289951457,-71.16828289951457
2984.780083708763,-71.16758744414496,-71.16758744414496
2984.790083708763,-71.16690342634041,-71.16690342634041
2984.800083708763,-71.16623095757082,-71.16623095757082
2984.810083708763,-71.16557014746563,-71.16557014746563
2984.820083708763,-71.16492110384084,-71.16492110384084
2984.830083708763,-71.16428393274694,-71.16428393274694
2984.840083708763,-71.1636587384771,-71.1636587384771
2984.850083708763,-71.16304562360041,-71.16304562360041
2984.8600837087633,-71.16244468897696,-71.16244468897696
2984.870083708763,-71.16185603378045,-71.16185603378045
2984.8800837087633,-71.16127975549195,-71.16127975549195
2984.890083708763,-71.16071594992663,-71.16071594992663
2984.9000837087633,-71.16016471125013,-71.16016471125013
2984.910083708763,-71.15962613197865,-71.15962613197865
2984.9200837087633,-71.15910030297921,-71.15910030297921
2984.930083708763,-71.15858731350704,-71.15858731350704
2984.9400837087633,-71.15808725117371,-71.15808725117371
2984.950083708763,-71.15760020199345,-71.15760020199345
2984.9600837087632,-71.15712004465298,-71.15712004465298
2984.970083708763,-71.1566441459061,-71.1566441459061
2984.9800837087632,-71.15617126804914,-71.15617126804914
2984.990083708763,-71.15570081996749,-71.15570081996749
2985.000083708763,-71.15523257067083,-71.15523257067083
2985.010083708763,-71.15476650018428,-71.15476650018428
2985.020083708763,-71.15430271193726,-71.15430271193726
2985.030083708763,-71.15384138004327,-71.15384138004327
2985.040083708763,-71.15338271748537,-71.15338271748537
2985.050083708763,-71.15292695708241,-71.15292695708241
2985.060083708763,-71.15247434005254,-71.15247434005254
2985.070083708763,-71.1520251093642,-71.1520251093642
2985.080083708763,-71.1515795058938,-71.1515795058938
2985.090083708763,-71.15113776633537,-71.15113776633537
2985.100083708763,-71.15070012217264,-71.15070012217264
2985.1100837087633,-71.15026679928273,-71.15026679928273
2985.120083708763,-71.14983801789089,-71.14983801789089
2985.1300837087633,-71.14941399275318,-71.14941399275318
2985.140083708763,-71.1489949334171,-71.1489949334171
2985.1500837087633,-71.14858104452415,-71.14858104452415
2985.160083708763,-71.148172526165,-71.148172526165
2985.1700837087633,-71.14776957415255,-71.14776957415255
2985.180083708763,-71.14737238032602,-71.14737238032602
2985.1900837087633,-71.14698113280431,-71.14698113280431
2985.200083732605,-71.14659601528281,-71.14659601528281
2985.210083732605,-71.14621721093525,-71.14621721093525
2985.220083732605,-71.14584489702236,-71.14584489702236
2985.230083732605,-71.14547924877296,-71.14547924877296
2985.240083732605,-71.14512043857009,-71.14512043857009
2985.250083732605,-71.14476863604801,-71.14476863604801
2985.260083732605,-71.14442400821068,-71.14442400821068
2985.270083732605,-71.14408671948347,-71.14408671948347
2985.280083732605,-71.14375693180396,-71.14375693180396
2985.290083732605,-71.1434348046731,-71.1434348046731
2985.300083732605,-71.14312049519464,-71.14312049519464
2985.310083732605,-71.14281415813349,-71.14281415813349
2985.320083732605,-71.14251594593702,-71.14251594593702
2985.330083732605,-71.14222600877491,-71.14222600877491
2985.340083732605,-71.14194449455997,-71.14194449455997
2985.350083732605,-71.14167154897737,-71.14167154897737
2985.360083732605,-71.14140731549112,-71.14140731549112
2985.370083732605,-71.14115193538562,-71.14115193538562
2985.380083732605,-71.14090554776064,-71.14090554776064
2985.390083732605,-71.14066828954773,-71.14066828954773
2985.400083732605,-71.14044029554384,-71.14044029554384
2985.410083732605,-71.14022169839497,-71.14022169839497
2985.420083732605,-71.14001262862274,-71.14001262862274
2985.430083732605,-71.13981321464644,-71.13981321464644
2985.4400837326048,-71.13962358276882,-71.13962358276882
2985.450083732605,-71.13944385719579,-71.13944385719579
2985.460083732605,-71.13927416006355,-71.13927416006355
2985.470083732605,-71.13911461143273,-71.13911461143273
2985.480083732605,-71.13896532930072,-71.13896532930072
2985.490083732605,-71.13882642960809,-71.13882642960809
2985.500083732605,-71.13869802626107,-71.13869802626107
2985.510083732605,-71.13858023114427,-71.13858023114427
2985.520083732605,-71.13847315410769,-71.13847315410769
2985.530083732605,-71.13837690301662,-71.13837690301662
2985.540083732605,-71.13829158372131,-71.13829158372131
2985.550083732605,-71.13821730010962,-71.13821730010962
2985.560083732605,-71.13815415408756,-71.13815415408756
2985.570083732605,-71.13810224561057,-71.13810224561057
2985.580083732605,-71.13806167268974,-71.13806167268974
2985.590083732605,-71.1380325314184,-71.1380325314184
2985.600083732605,-71.13801491595468,-71.13801491595468
2985.610083732605,-71.138008918572,-71.138008918572
2985.620083732605,-71.13801462965253,-71.13801462965253
2985.630083732605,-71.1380321377089,-71.1380321377089
2985.640083732605,-71.13806152938767,-71.13806152938767
2985.650083732605,-71.13810288951036,-71.13810288951036
2985.660083732605,-71.13815630105708,-71.13815630105708
2985.670083732605,-71.13822184521293,-71.13822184521293
2985.680083732605,-71.13829960135689,-71.13829960135689
2985.6900837326048,-71.13838964709608,-71.13838964709608
2985.700083732605,-71.13849205827144,-71.13849205827144
2985.710083732605,-71.13860690898866,-71.13860690898866
2985.720083732605,-71.1387342716163,-71.1387342716163
2985.730083732605,-71.1388742168192,-71.1388742168192
2985.740083732605,-71.13902681356454,-71.13902681356454
2985.750083732605,-71.13919212913417,-71.13919212913417
2985.760083732605,-71.13937022916501,-71.13937022916501
2985.770083732605,-71.13956117763892,-71.13956117763892
2985.780083732605,-71.1397650369282,-71.1397650369282
2985.790083732605,-71.13998186777759,-71.13998186777759
2985.800083732605,-71.14021172935779,-71.14021172935779
2985.810083732605,-71.14045467925632,-71.14045467925632
2985.820083732605,-71.14071077351682,-71.14071077351682
2985.830083732605,-71.14098006663485,-71.14098006663485
2985.840083732605,-71.14126261159012,-71.14126261159012
2985.850083732605,-71.14155845986916,-71.14155845986916
2985.860083732605,-71.14186766145629,-71.14186766145629
2985.870083732605,-71.14219026488338,-71.14219026488338
2985.880083732605,-71.14252631722867,-71.14252631722867
2985.890083732605,-71.14287586413765,-71.14287586413765
2985.900083732605,-71.14323894984804,-71.14323894984804
2985.910083732605,-71.14361561718933,-71.14361561718933
2985.920083732605,-71.14400590762763,-71.14400590762763
2985.930083732605,-71.1444098612491,-71.1444098612491
2985.9400837326048,-71.14482751681096,-71.14482751681096
2985.950083732605,-71.14525891174821,-71.14525891174821
2985.960083732605,-71.14570408216034,-71.14570408216034
2985.970083732605,-71.1461630628745,-71.1461630628745
2985.980083732605,-71.14663588744335,-71.14663588744335
2985.990083732605,-71.1471225881477,-71.1471225881477
2986.000083732605,-71.14762319603973,-71.14762319603973
2986.010083732605,-71.14813774093423,-71.14813774093423
2986.020083732605,-71.14866625144384,-71.14866625144384
2986.030083732605,-71.14920875499054,-71.14920875499054
2986.040083732605,-71.1497652778163,-71.1497652778163
2986.050083756447,-71.15033584637172,-71.15033584637172
2986.060083756447,-71.15092048191431,-71.15092048191431
2986.070083756447,-71.15151920856383,-71.15151920856383
2986.080083756447,-71.15213204803626,-71.15213204803626
2986.090083756447,-71.15275902093428,-71.15275902093428
2986.100083756447,-71.15340014677611,-71.15340014677611
2986.110083756447,-71.1540554440338,-71.1540554440338
2986.120083756447,-71.15472493011848,-71.15472493011848
2986.1300837564468,-71.15540862139838,-71.15540862139838
2986.140083756447,-71.15610653323833,-71.15610653323833
2986.1500837564467,-71.15681867999066,-71.15681867999066
2986.160083756447,-71.15754507501622,-71.15754507501622
2986.1700837564467,-71.15828573071063,-71.15828573071063
2986.180083756447,-71.159040658502,-71.159040658502
2986.1900837564467,-71.15980986886393,-71.15980986886393
2986.200083756447,-71.16059337135516,-71.16059337135516
2986.2100837564467,-71.16139117461391,-71.16139117461391
2986.220083756447,-71.16220328635887,-71.16220328635887
2986.2300837564467,-71.16302971343443,-71.16302971343443
2986.240083756447,-71.1638704618057,-71.1638704618057
2986.2500837564467,-71.16472553657422,-71.16472553657422
2986.260083756447,-71.16559494198856,-71.16559494198856
2986.2700837564466,-71.16647868145937,-71.16647868145937
2986.280083756447,-71.1673767575777,-71.1673767575777
2986.2900837564466,-71.1682891721324,-71.1682891721324
2986.300083756447,-71.16921592610092,-71.16921592610092
2986.310083756447,-71.1701570196741,-71.1701570196741
2986.320083756447,-71.17111245228573,-71.17111245228573
2986.330083756447,-71.1720822225865,-71.1720822225865
2986.340083756447,-71.17306632850172,-71.17306632850172
2986.350083756447,-71.17406476719846,-71.17406476719846
2986.360083756447,-71.17507753514748,-71.17507753514748
2986.370083756447,-71.17610462807554,-71.17610462807554
2986.3800837564468,-71.17714604102687,-71.17714604102687
2986.390083756447,-71.17820176835157,-71.17820176835157
2986.4000837564467,-71.17927180372014,-71.17927180372014
2986.410083756447,-71.18035614013017,-71.18035614013017
2986.4200837564467,-71.18145476993523,-71.18145476993523
2986.430083756447,-71.1825676848352,-71.1825676848352
2986.4400837564467,-71.18369487589393,-71.18369487589393
2986.450083756447,-71.18483633355055,-71.18483633355055
2986.4600837564467,-71.1859920476386,-71.1859920476386
2986.470083756447,-71.1871620073784,-71.1871620073784
2986.4800837564467,-71.18834620140167,-71.18834620140167
2986.490083756447,-71.18954461775118,-71.18954461775118
2986.5000837564467,-71.1907572439051,-71.1907572439051
2986.510083756447,-71.19198406677314,-71.19198406677314
2986.5200837564466,-71.19322507270624,-71.19322507270624
2986.530083756447,-71.19448024751361,-71.19448024751361
2986.5400837564466,-71.1957495764788,-71.1957495764788
2986.550083756447,-71.1970330443496,-71.1970330443496
2986.560083756447,-71.19833063535202,-71.19833063535202
2986.570083756447,-71.19964233322239,-71.19964233322239
2986.580083756447,-71.20096812117666,-71.20096812117666
2986.590083756447,-71.20230798195091,-71.20230798195091
2986.600083756447,-71.20366189780195,-71.20366189780195
2986.610083756447,-71.2050298505161,-71.2050298505161
2986.620083756447,-71.20641182140815,-71.20641182140815
2986.6300837564468,-71.20780779133896,-71.20780779133896
2986.640083756447,-71.20921774071968,-71.20921774071968
2986.6500837564467,-71.21064164952418,-71.21064164952418
2986.660083756447,-71.21207949729585,-71.21207949729585
2986.6700837564467,-71.2135312631436,-71.2135312631436
2986.680083756447,-71.2149969257807,-71.2149969257807
2986.6900837564467,-71.21647646349537,-71.21647646349537
2986.700083756447,-71.21796985417022,-71.21796985417022
2986.7100837564467,-71.21947086365654,-71.21947086365654
2986.720083756447,-71.2209767492629,-71.2209767492629
2986.7300837564467,-71.22248616517969,-71.22248616517969
2986.740083756447,-71.22399841288608,-71.22399841288608
2986.7500837564467,-71.22551315473171,-71.22551315473171
2986.760083756447,-71.22703026496214,-71.22703026496214
2986.7700837564466,-71.22854974225946,-71.22854974225946
2986.780083756447,-71.23007165714294,-71.23007165714294
2986.7900837564466,-71.23159612029839,-71.23159612029839
2986.800083756447,-71.2331232635434,-71.2331232635434
2986.810083756447,-71.23465322851123,-71.23465322851123
2986.820083756447,-71.23618615997275,-71.23618615997275
2986.830083756447,-71.23772220202152,-71.23772220202152
2986.840083756447,-71.23926149599633,-71.23926149599633
2986.850083756447,-71.2408041794417,-71.2408041794417
2986.860083756447,-71.24235038569502,-71.24235038569502
2986.870083756447,-71.24390024384243,-71.24390024384243
2986.8800837564468,-71.24545387888249,-71.24545387888249
2986.890083756447,-71.2470114119574,-71.2470114119574
2986.9000837802887,-71.24857296441611,-71.24857296441611
2986.910083780289,-71.25013864320783,-71.25013864320783
2986.9200837802887,-71.2517085634812,-71.2517085634812
2986.930083780289,-71.25328283401718,-71.25328283401718
2986.9400837802887,-71.25486156115943,-71.25486156115943
2986.950083780289,-71.25644484904142,-71.25644484904142
2986.9600837802886,-71.25803279977376,-71.25803279977376
2986.970083780289,-71.25962551358734,-71.25962551358734
2986.9800837802886,-71.26122308898879,-71.26122308898879
2986.990083780289,-71.26282562286681,-71.26282562286681
2987.0000837802886,-71.2644332105865,-71.2644332105865
2987.010083780289,-71.26604594606184,-71.26604594606184
2987.0200837802886,-71.26766392186357,-71.26766392186357
2987.030083780289,-71.26928722921454,-71.26928722921454
2987.0400837802886,-71.27091595807528,-71.27091595807528
2987.050083780289,-71.27255019717862,-71.27255019717862
2987.0600837802886,-71.27419003405075,-71.27419003405075
2987.0700837802888,-71.27583555502333,-71.27583555502333
2987.0800837802885,-71.27748684527799,-71.27748684527799
2987.0900837802888,-71.2791439888459,-71.2791439888459
2987.1000837802885,-71.28080706862264,-71.28080706862264
2987.1100837802887,-71.2824761663735,-71.2824761663735
2987.1200837802885,-71.28415136274285,-71.28415136274285
2987.1300837802887,-71.28583273725754,-71.28583273725754
2987.1400837802885,-71.28752036832725,-71.28752036832725
2987.1500837802887,-71.28921433325354,-71.28921433325354
2987.160083780289,-71.29091470822547,-71.29091470822547
2987.1700837802887,-71.29262156830585,-71.29262156830585
2987.180083780289,-71.29433498745007,-71.29433498745007
2987.1900837802887,-71.29605503850851,-71.29605503850851
2987.200083780289,-71.2977817932133,-71.2977817932133
2987.2100837802886,-71.29951532217558,-71.29951532217558
2987.220083780289,-71.30125569488355,-71.30125569488355
2987.2300837802886,-71.30300297972474,-71.30300297972474
2987.240083780289,-71.30475724395629,-71.30475724395629
2987.2500837802886,-71.30651855371819,-71.30651855371819
2987.260083780289,-71.30828697402775,-71.30828697402775
2987.2700837802886,-71.3100625687915,-71.3100625687915
2987.280083780289,-71.31184540079406,-71.31184540079406
2987.2900837802886,-71.31363553169942,-71.31363553169942
2987.300083780289,-71.31543302205625,-71.31543302205625
2987.3100837802886,-71.31723793130072,-71.31723793130072
2987.3200837802888,-71.31905031775423,-71.31905031775423
2987.3300837802885,-71.32087023862806,-71.32087023862806
2987.3400837802888,-71.32269775002457,-71.32269775002457
2987.3500837802885,-71.32453290694676,-71.32453290694676
2987.3600837802887,-71.32637576328703,-71.32637576328703
2987.3700837802885,-71.32822637184859,-71.32822637184859
2987.3800837802887,-71.3300847843333,-71.3300847843333
2987.3900837802885,-71.33195105137308,-71.33195105137308
2987.4000837802887,-71.33382522249428,-71.33382522249428
2987.410083780289,-71.33570734615301,-71.33570734615301
2987.4200837802887,-71.33759746973881,-71.33759746973881
2987.430083780289,-71.33949563956818,-71.33949563956818
2987.4400837802887,-71.34140190089893,-71.34140190089893
2987.450083780289,-71.3433162979282,-71.3433162979282
2987.4600837802886,-71.34523887382703,-71.34523887382703
2987.470083780289,-71.34716967070008,-71.34716967070008
2987.4800837802886,-71.34910872962502,-71.34910872962502
2987.490083780289,-71.35105609066396,-71.35105609066396
2987.5000837802886,-71.35301179285159,-71.35301179285159
2987.510083780289,-71.3549758742199,-71.3549758742199
2987.5200837802886,-71.35694837179241,-71.35694837179241
2987.530083780289,-71.35892932159526,-71.35892932159526
2987.5400837802886,-71.36091875868328,-71.36091875868328
2987.550083780289,-71.3629167171233,-71.3629167171233
2987.5600837802886,-71.36492323001,-71.36492323001
2987.5700837802888,-71.36693832948878,-71.36693832948878
2987.5800837802885,-71.36896204675455,-71.36896204675455
2987.5900837802888,-71.37099441204724,-71.37099441204724
2987.6000837802885,-71.37303545468744,-71.37303545468744
2987.6100837802887,-71.37508520306497,-71.37508520306497
2987.6200837802885,-71.37714368466203,-71.37714368466203
2987.6300837802887,-71.37921092606392,-71.37921092606392
2987.6400837802885,-71.38128695293891,-71.38128695293891
2987.6500837802887,-71.38337179008471,-71.38337179008471
2987.660083780289,-71.38546546142811,-71.38546546142811
2987.6700837802887,-71.38756799001753,-71.38756799001753
2987.680083780289,-71.38967939805087,-71.38967939805087
2987.6900837802887,-71.39179970688068,-71.39179970688068
2987.700083780289,-71.39392893702217,-71.39392893702217
2987.7100837802886,-71.39606710817067,-71.39606710817067
2987.720083780289,-71.39821423918545,-71.39821423918545
2987.7300837802886,-71.40037034814532,-71.40037034814532
2987.740083780289,-71.40253545230034,-71.40253545230034
2987.7500838041306,-71.40470957331885,-71.40470957331885
2987.7600838041308,-71.40689271658046,-71.40689271658046
2987.7700838041305,-71.40908490214028,-71.40908490214028
2987.7800838041308,-71.4112861441862,-71.4112861441862
2987.7900838041305,-71.41349645614929,-71.41349645614929
2987.8000838041307,-71.41571585071115,-71.41571585071115
2987.8100838041305,-71.41794433983002,-71.41794433983002
2987.8200838041307,-71.42018193474084,-71.42018193474084
2987.8300838041305,-71.42242864597672,-71.42242864597672
2987.8400838041307,-71.42468448335102,-71.42468448335102
2987.8500838041305,-71.42694945601112,-71.42694945601112
2987.8600838041307,-71.42922357240217,-71.42922357240217
2987.8700838041304,-71.43150684030765,-71.43150684030765
2987.8800838041307,-71.43379926685184,-71.43379926685184
2987.8900838041304,-71.43610085848927,-71.43610085848927
2987.9000838041306,-71.43841162103645,-71.43841162103645
2987.9100838041304,-71.44073155968603,-71.44073155968603
2987.9200838041306,-71.44306067899484,-71.44306067899484
2987.9300838041304,-71.44539898289933,-71.44539898289933
2987.9400838041306,-71.44774647472494,-71.44774647472494
2987.9500838041304,-71.45010315721532,-71.45010315721532
2987.9600838041306,-71.45246903250658,-71.45246903250658
2987.9700838041304,-71.45484410215828,-71.45484410215828
2987.9800838041306,-71.45722836715858,-71.45722836715858
2987.9900838041303,-71.45962182792637,-71.45962182792637
2988.0000838041306,-71.46202448432433,-71.46202448432433
2988.0100838041308,-71.46443633567358,-71.46443633567358
2988.0200838041305,-71.46685738075456,-71.46685738075456
2988.0300838041308,-71.46928761780627,-71.46928761780627
2988.0400838041305,-71.47172704456544,-71.47172704456544
2988.0500838041307,-71.47417565822919,-71.47417565822919
2988.0600838041305,-71.47663345551074,-71.47663345551074
2988.0700838041307,-71.47910043260126,-71.47910043260126
2988.0800838041305,-71.48157658522065,-71.48157658522065
2988.0900838041307,-71.48406190859369,-71.48406190859369
2988.1000838041305,-71.48655639748497,-71.48655639748497
2988.1100838041307,-71.48906004617464,-71.48906004617464
2988.1200838041304,-71.49157284849348,-71.49157284849348
2988.1300838041307,-71.49409479780795,-71.49409479780795
2988.1400838041304,-71.49662588704689,-71.49662588704689
2988.1500838041306,-71.49916610870908,-71.49916610870908
2988.1600838041304,-71.50171545484419,-71.50171545484419
2988.1700838041306,-71.50427391708527,-71.50427391708527
2988.1800838041304,-71.50684148666154,-71.50684148666154
2988.1900838041306,-71.50941815437653,-71.50941815437653
2988.2000838041304,-71.51200391063806,-71.51200391063806
2988.2100838041306,-71.51459250710498,-71.51459250710498
2988.2200838041304,-71.5171812005441,-71.5171812005441
2988.2300838041306,-71.51976864962018,-71.51976864962018
2988.2400838041303,-71.52235416234785,-71.52235416234785
2988.2500838041306,-71.52493740864537,-71.52493740864537
2988.2600838041308,-71.52751827091943,-71.52751827091943
2988.2700838041305,-71.53009675642389,-71.53009675642389
2988.2800838041308,-71.53267294453839,-71.53267294453839
2988.2900838041305,-71.53524695508119,-71.53524695508119
2988.3000838041307,-71.53781892924017,-71.53781892924017
2988.3100838041305,-71.5403890182495,-71.5403890182495
2988.3200838041307,-71.54295737668463,-71.54295737668463
2988.3300838041305,-71.54552415866169,-71.54552415866169
2988.3400838041307,-71.54808951571391,-71.54808951571391
2988.3500838041305,-71.55065359579851,-71.55065359579851
2988.3600838041307,-71.55321654281902,-71.55321654281902
2988.3700838041304,-71.55577849660168,-71.55577849660168
2988.3800838041307,-71.55833959303186,-71.55833959303186
2988.3900838041304,-71.56089996430165,-71.56089996430165
2988.4000838041306,-71.56345973919615,-71.56345973919615
2988.4100838041304,-71.56601904339179,-71.56601904339179
2988.4200838041306,-71.56857799975057,-71.56857799975057
2988.4300838041304,-71.57113672855725,-71.57113672855725
2988.4400838041306,-71.57369534778802,-71.57369534778802
2988.4500838041304,-71.57625397328833,-71.57625397328833
2988.4600838041306,-71.57881271896447,-71.57881271896447
2988.4700838041304,-71.58137169693501,-71.58137169693501
2988.4800838041306,-71.5839310176633,-71.5839310176633
2988.4900838041303,-71.58649079006058,-71.58649079006058
2988.5000838041306,-71.58905112158159,-71.58905112158159
2988.5100838041308,-71.591612118308,-71.591612118308
2988.5200838041305,-71.59417388499655,-71.59417388499655
2988.5300838041308,-71.59673652514414,-71.59673652514414
2988.5400838041305,-71.59930014101089,-71.59930014101089
2988.5500838041307,-71.60186483368084,-71.60186483368084
2988.5600838041305,-71.60443070306897,-71.60443070306897
2988.5700838041307,-71.60699784794592,-71.60699784794592
2988.5800838041305,-71.60956636595631,-71.60956636595631
2988.5900838041307,-71.61213635362245,-71.61213635362245
2988.6000838279724,-71.61470791248954,-71.61470791248954
2988.6100838279726,-71.61728112463977,-71.61728112463977
2988.6200838279724,-71.6198560894033,-71.6198560894033
2988.6300838279726,-71.62243289891478,-71.62243289891478
2988.6400838279724,-71.62501164420134,-71.62501164420134
2988.6500838279726,-71.6275924151981,-71.6275924151981
2988.6600838279724,-71.63017530075055,-71.63017530075055
2988.6700838279726,-71.6327603886003,-71.6327603886003
2988.6800838279723,-71.63534776538283,-71.63534776538283
2988.6900838279726,-71.6379375166366,-71.6379375166366
2988.7000838279723,-71.64052972680038,-71.64052972680038
2988.7100838279725,-71.64311823008731,-71.64311823008731
2988.7200838279723,-71.64570037123688,-71.64570037123688
2988.7300838279725,-71.64827489847781,-71.64827489847781
2988.7400838279723,-71.65084120964329,-71.65084120964329
2988.7500838279725,-71.65339906424228,-71.65339906424228
2988.7600838279723,-71.6559484338399,-71.6559484338399
2988.7700838279725,-71.6584894142574,-71.6584894142574
2988.7800838279722,-71.66102217285096,-71.66102217285096
2988.7900838279725,-71.66354691670263,-71.66354691670263
2988.8000838279722,-71.66606387358853,-71.66606387358853
2988.8100838279724,-71.66857328058673,-71.66857328058673
2988.820083827972,-71.67107537740442,-71.67107537740442
2988.8300838279724,-71.67357040253603,-71.67357040253603
2988.840083827972,-71.67605859116043,-71.67605859116043
2988.8500838279724,-71.67854017407734,-71.67854017407734
2988.8600838279726,-71.68101537730989,-71.68101537730989
2988.8700838279724,-71.68348442201075,-71.68348442201075
2988.8800838279726,-71.68594752460812,-71.68594752460812
2988.8900838279724,-71.6884048970644,-71.6884048970644
2988.9000838279726,-71.69085674714957,-71.69085674714957
2988.9100838279724,-71.69330327873521,-71.69330327873521
2988.9200838279726,-71.69574469206682,-71.69574469206682
2988.9300838279723,-71.69818118404328,-71.69818118404328
2988.9400838279726,-71.70061294842543,-71.70061294842543
2988.9500838279723,-71.70304017608288,-71.70304017608288
2988.9600838279725,-71.7054630551037,-71.7054630551037
2988.9700838279723,-71.70788177102779,-71.70788177102779
2988.9800838279725,-71.71029650690518,-71.71029650690518
2988.9900838279723,-71.71270744345992,-71.71270744345992
2989.0000838279725,-71.71511475914994,-71.71511475914994
2989.0100838279723,-71.71751863025649,-71.71751863025649
2989.0200838279725,-71.71991923095152,-71.71991923095152
2989.0300838279722,-71.72231673334348,-71.72231673334348
2989.0400838279725,-71.72471130752186,-71.72471130752186
2989.0500838279722,-71.7271031216103,-71.7271031216103
2989.0600838279724,-71.72949234176771,-71.72949234176771
2989.070083827972,-71.73187913224496,-71.73187913224496
2989.0800838279724,-71.73426365536179,-71.73426365536179
2989.090083827972,-71.73664607156783,-71.73664607156783
2989.1000838279724,-71.73902653942321,-71.73902653942321
2989.1100838279726,-71.74140521562563,-71.74140521562563
2989.1200838279724,-71.74378225501346,-71.74378225501346
2989.1300838279726,-71.7461578105639,-71.7461578105639
2989.1400838279724,-71.74853203342526,-71.74853203342526
2989.1500838279726,-71.75090507287922,-71.75090507287922
2989.1600838279724,-71.75327707639042,-71.75327707639042
2989.1700838279726,-71.75564818956934,-71.75564818956934
2989.1800838279723,-71.75801855620793,-71.75801855620793
2989.1900838279726,-71.7603883182506,-71.7603883182506
2989.2000838279723,-71.76275761584297,-71.76275761584297
2989.2100838279725,-71.76512658728633,-71.76512658728633
2989.2200838279723,-71.7674953690717,-71.7674953690717
2989.2300838279725,-71.76986409587373,-71.76986409587373
2989.2400838279723,-71.77223290054927,-71.77223290054927
2989.2500838279725,-71.77460191415206,-71.77460191415206
2989.2600838279723,-71.77697126593573,-71.77697126593573
2989.2700838279725,-71.77934108335474,-71.77934108335474
2989.2800838279722,-71.78171149206993,-71.78171149206993
2989.2900838279725,-71.784082615956,-71.784082615956
2989.3000838279722,-71.78645457711627,-71.78645457711627
2989.3100838279724,-71.78882749586916,-71.78882749586916
2989.320083827972,-71.79120149078534,-71.79120149078534
2989.3300838279724,-71.79357667866346,-71.79357667866346
2989.340083827972,-71.79595317456372,-71.79595317456372
2989.3500838279724,-71.79833109180143,-71.79833109180143
2989.3600838279726,-71.80071054196624,-71.80071054196624
2989.3700838279724,-71.80309163492839,-71.80309163492839
2989.3800838279726,-71.80547447883586,-71.80547447883586
2989.3900838279724,-71.80785918015422,-71.80785918015422
2989.4000838279726,-71.81024584364282,-71.81024584364282
2989.4100838279724,-71.81263457238686,-71.81263457238686
2989.4200838279726,-71.8150254678128,-71.8150254678128
2989.4300838279723,-71.81741862968327,-71.81741862968327
2989.4400838279726,-71.81981415612178,-71.81981415612178
2989.4500838518143,-71.82221214932923,-71.82221214932923
2989.4600838518145,-71.82461269277019,-71.82461269277019
2989.4700838518143,-71.8270158854054,-71.8270158854054
2989.4800838518145,-71.82942181891863,-71.82942181891863
2989.4900838518142,-71.83183058340131,-71.83183058340131
2989.5000838518145,-71.83424226739557,-71.83424226739557
2989.510083851814,-71.83665695786495,-71.83665695786495
2989.5200838518144,-71.83907474025175,-71.83907474025175
2989.530083851814,-71.84149569847305,-71.84149569847305
2989.5400838518144,-71.84391991494333,-71.84391991494333
2989.550083851814,-71.84634747055782,-71.84634747055782
2989.5600838518144,-71.84877844475129,-71.84877844475129
2989.570083851814,-71.85121291549261,-71.85121291549261
2989.5800838518144,-71.85365095927915,-71.85365095927915
2989.590083851814,-71.85609265119149,-71.85609265119149
2989.6000838518144,-71.85853806487862,-71.85853806487862
2989.610083851814,-71.86098727258258,-71.86098727258258
2989.6200838518143,-71.86344034514849,-71.86344034514849
2989.630083851814,-71.86589735204522,-71.86589735204522
2989.6400838518143,-71.86835836138563,-71.86835836138563
2989.650083851814,-71.87082343992586,-71.87082343992586
2989.6600838518143,-71.87329265309141,-71.87329265309141
2989.670083851814,-71.8757660649912,-71.8757660649912
2989.6800838518143,-71.87824373842726,-71.87824373842726
2989.690083851814,-71.88072573491635,-71.88072573491635
2989.7000838518143,-71.88321211470068,-71.88321211470068
2989.7100838518145,-71.88569666744827,-71.88569666744827
2989.7200838518143,-71.88817670497609,-71.88817670497609
2989.7300838518145,-71.89065094694008,-71.89065094694008
2989.7400838518142,-71.89311876442996,-71.89311876442996
2989.7500838518145,-71.89557989113136,-71.89557989113136
2989.760083851814,-71.89803427327438,-71.89803427327438
2989.7700838518144,-71.90048198162341,-71.90048198162341
2989.780083851814,-71.90292315857754,-71.90292315857754
2989.7900838518144,-71.90535798636802,-71.90535798636802
2989.800083851814,-71.90778666794348,-71.90778666794348
2989.8100838518144,-71.91020941559843,-71.91020941559843
2989.820083851814,-71.91262644427593,-71.91262644427593
2989.8300838518144,-71.91503796773887,-71.91503796773887
2989.840083851814,-71.91744419649571,-71.91744419649571
2989.8500838518144,-71.9198453367236,-71.9198453367236
2989.860083851814,-71.92224158988695,-71.92224158988695
2989.8700838518143,-71.92463315265734,-71.92463315265734
2989.880083851814,-71.92702021708885,-71.92702021708885
2989.8900838518143,-71.92940297083594,-71.92940297083594
2989.900083851814,-71.93178159749507,-71.93178159749507
2989.9100838518143,-71.93415627685565,-71.93415627685565
2989.920083851814,-71.93652718524744,-71.93652718524744
2989.9300838518143,-71.93889449575141,-71.93889449575141
2989.940083851814,-71.9412583784833,-71.9412583784833
2989.9500838518143,-71.94361900079028,-71.94361900079028
2989.9600838518145,-71.94597652741987,-71.94597652741987
2989.9700838518143,-71.94833112071476,-71.94833112071476
2989.9800838518145,-71.95068294071814,-71.95068294071814
2989.9900838518142,-71.95303214530114,-71.95303214530114
2990.0000838518145,-71.95537889025748,-71.95537889025748
2990.010083851814,-71.95772332940054,-71.95772332940054
2990.0200838518144,-71.96006561461785,-71.96006561461785
2990.030083851814,-71.96240589592362,-71.96240589592362
2990.0400838518144,-71.96474432151791,-71.96474432151791
2990.050083851814,-71.96708103782998,-71.96708103782998
2990.0600838518144,-71.96941618953474,-71.96941618953474
2990.070083851814,-71.97174991959513,-71.97174991959513
2990.0800838518144,-71.97408236927582,-71.97408236927582
2990.090083851814,-71.97641367816875,-71.97641367816875
2990.1000838518144,-71.97874398419586,-71.97874398419586
2990.110083851814,-71.98107342364284,-71.98107342364284
2990.1200838518143,-71.9834021311375,-71.9834021311375
2990.130083851814,-71.98573023968547,-71.98573023968547
2990.1400838518143,-71.9880578806664,-71.9880578806664
2990.150083851814,-71.9903851838401,-71.9903851838401
2990.1600838518143,-71.9927122773469,-71.9927122773469
2990.170083851814,-71.9950392877234,-71.9950392877234
2990.1800838518143,-71.99736633989427,-71.99736633989427
2990.190083851814,-71.99969355718366,-71.99969355718366
2990.2000838518143,-72.00202106130834,-72.00202106130834
2990.2100838518145,-72.0043489724057,-72.0043489724057
2990.2200838518143,-72.00667740900627,-72.00667740900627
2990.2300838518145,-72.00900648804928,-72.00900648804928
2990.2400838518142,-72.01133632489801,-72.01133632489801
2990.2500838518145,-72.01366703332728,-72.01366703332728
2990.260083851814,-72.01599872553021,-72.01599872553021
2990.2700838518144,-72.01833151214177,-72.01833151214177
2990.280083851814,-72.02066550221433,-72.02066550221433
2990.2900838518144,-72.02300080324548,-72.02300080324548
2990.300083875656,-72.0253375267375,-72.0253375267375
2990.3100838756563,-72.027675765953,-72.027675765953
2990.320083875656,-72.03001562928759,-72.03001562928759
2990.3300838756563,-72.03235721804822,-72.03235721804822
2990.340083875656,-72.03470063201549,-72.03470063201549
2990.3500838756563,-72.0370459694279,-72.0370459694279
2990.360083875656,-72.0393933270288,-72.0393933270288
2990.3700838756563,-72.04174280003537,-72.04174280003537
2990.380083875656,-72.04409448218063,-72.04409448218063
2990.3900838756563,-72.04644846569582,-72.04644846569582
2990.400083875656,-72.04880484133797,-72.04880484133797
2990.4100838756563,-72.05116369839723,-72.05116369839723
2990.420083875656,-72.05352512469116,-72.05352512469116
2990.4300838756562,-72.05588920658326,-72.05588920658326
2990.440083875656,-72.05825602901524,-72.05825602901524
2990.450083875656,-72.0606256754757,-72.0606256754757
2990.460083875656,-72.06299194386744,-72.06299194386744
2990.470083875656,-72.06535216276507,-72.06535216276507
2990.480083875656,-72.06770507173398,-72.06770507173398
2990.490083875656,-72.07005006306026,-72.07005006306026
2990.500083875656,-72.07238689223344,-72.07238689223344
2990.510083875656,-72.07471552755027,-72.07471552755027
2990.520083875656,-72.07703606189926,-72.07703606189926
2990.530083875656,-72.07934865977927,-72.07934865977927
2990.540083875656,-72.08165352540193,-72.08165352540193
2990.550083875656,-72.08395088355141,-72.08395088355141
2990.5600838756563,-72.08624096819652,-72.08624096819652
2990.570083875656,-72.08852401577168,-72.08852401577168
2990.5800838756563,-72.09080026134566,-72.09080026134566
2990.590083875656,-72.09306993652767,-72.09306993652767
2990.6000838756563,-72.09533326841087,-72.09533326841087
2990.610083875656,-72.09759047916444,-72.09759047916444
2990.6200838756563,-72.09984178596424,-72.09984178596424
2990.630083875656,-72.10208740117153,-72.10208740117153
2990.6400838756563,-72.10432753255941,-72.10432753255941
2990.650083875656,-72.1065623836108,-72.1065623836108
2990.6600838756563,-72.10879215383214,-72.10879215383214
2990.670083875656,-72.11101703903967,-72.11101703903967
2990.6800838756562,-72.1132372316095,-72.1132372316095
2990.690083875656,-72.11545292075337,-72.11545292075337
2990.700083875656,-72.11766429269981,-72.11766429269981
2990.710083875656,-72.1198715308935,-72.1198715308935
2990.720083875656,-72.12207481616022,-72.12207481616022
2990.730083875656,-72.12427432682456,-72.12427432682456
2990.740083875656,-72.12647023884635,-72.12647023884635
2990.750083875656,-72.12866272589189,-72.12866272589189
2990.760083875656,-72.13085195945902,-72.13085195945902
2990.770083875656,-72.13303810890737,-72.13303810890737
2990.780083875656,-72.13522134153436,-72.13522134153436
2990.790083875656,-72.13740182262133,-72.13740182262133
2990.800083875656,-72.13957971548398,-72.13957971548398
2990.8100838756563,-72.14175518148213,-72.14175518148213
2990.820083875656,-72.14392838007007,-72.14392838007007
2990.8300838756563,-72.14609946880854,-72.14609946880854
2990.840083875656,-72.1482686033834,-72.1482686033834
2990.8500838756563,-72.15043593763596,-72.15043593763596
2990.860083875656,-72.1526016235504,-72.1526016235504
2990.8700838756563,-72.15476581129057,-72.15476581129057
2990.880083875656,-72.15692864919203,-72.15692864919203
2990.8900838756563,-72.15909028377763,-72.15909028377763
2990.900083875656,-72.16125085976913,-72.16125085976913
2990.9100838756563,-72.16341052008192,-72.16341052008192
2990.920083875656,-72.16556940583479,-72.16556940583479
2990.9300838756562,-72.16772765634822,-72.16772765634822
2990.940083875656,-72.16988540917724,-72.16988540917724
2990.950083875656,-72.1720428000857,-72.1720428000857
2990.960083875656,-72.17419366994555,-72.17419366994555
2990.970083875656,-72.1763353954666,-72.1763353954666
2990.980083875656,-72.17846676609066,-72.17846676609066
2990.990083875656,-72.18058722451003,-72.18058722451003
2991.000083875656,-72.18269657675008,-72.18269657675008
2991.010083875656,-72.184794841531,-72.184794841531
2991.020083875656,-72.18688216194421,-72.18688216194421
2991.030083875656,-72.18895875236373,-72.18895875236373
2991.040083875656,-72.1910248665204,-72.1910248665204
2991.050083875656,-72.19308077833321,-72.19308077833321
2991.0600838756563,-72.19512677048724,-72.19512677048724
2991.070083875656,-72.19716312773022,-72.19716312773022
2991.0800838756563,-72.19919013299413,-72.19919013299413
2991.090083875656,-72.20120806532871,-72.20120806532871
2991.1000838756563,-72.20321719882703,-72.20321719882703
2991.110083875656,-72.20521780221762,-72.20521780221762
2991.1200838756563,-72.20721013878496,-72.20721013878496
2991.130083875656,-72.2091944665401,-72.2091944665401
2991.1400838756563,-72.21117103847136,-72.21117103847136
2991.150083899498,-72.2131401074971,-72.2131401074971
2991.160083899498,-72.21510190802786,-72.21510190802786
2991.170083899498,-72.21705668442098,-72.21705668442098
2991.180083899498,-72.2190046724505,-72.2190046724505
2991.190083899498,-72.22094610424159,-72.22094610424159
2991.200083899498,-72.22288120849362,-72.22288120849362
2991.210083899498,-72.22481021065776,-72.22481021065776
2991.220083899498,-72.2267333330903,-72.2267333330903
2991.230083899498,-72.2286507952131,-72.2286507952131
2991.240083899498,-72.23056281359162,-72.23056281359162
2991.250083899498,-72.2324696020777,-72.2324696020777
2991.260083899498,-72.23437137186218,-72.23437137186218
2991.270083899498,-72.23626833155501,-72.23626833155501
2991.280083899498,-72.23816068723252,-72.23816068723252
2991.290083899498,-72.2400486425209,-72.2400486425209
2991.300083899498,-72.24193239858964,-72.24193239858964
2991.310083899498,-72.2438121542402,-72.2438121542402
2991.320083899498,-72.2456881058845,-72.2456881058845
2991.330083899498,-72.24756044760873,-72.24756044760873
2991.340083899498,-72.24942937116279,-72.24942937116279
2991.350083899498,-72.25129506600682,-72.25129506600682
2991.360083899498,-72.2531577193056,-72.2531577193056
2991.370083899498,-72.25501751596236,-72.25501751596236
2991.380083899498,-72.25687463859283,-72.25687463859283
2991.3900838994978,-72.25872926758807,-72.25872926758807
2991.400083899498,-72.26058158108152,-72.26058158108152
2991.410083899498,-72.26243175498003,-72.26243175498003
2991.420083899498,-72.26427996296552,-72.26427996296552
2991.430083899498,-72.26612637648272,-72.26612637648272
2991.440083899498,-72.26797116479995,-72.26797116479995
2991.450083899498,-72.26981449496351,-72.26981449496351
2991.460083899498,-72.27165023129162,-72.27165023129162
2991.470083899498,-72.27347577839902,-72.27347577839902
2991.480083899498,-72.2752899551017,-72.2752899551017
2991.490083899498,-72.2770922338511,-72.2770922338511
2991.500083899498,-72.27888245044807,-72.27888245044807
2991.510083899498,-72.28066065321467,-72.28066065321467
2991.520083899498,-72.28242701456172,-72.28242701456172
2991.530083899498,-72.2841817778281,-72.2841817778281
2991.540083899498,-72.28592522535129,-72.28592522535129
2991.550083899498,-72.28765765922965,-72.28765765922965
2991.560083899498,-72.28937938993845,-72.28937938993845
2991.570083899498,-72.29109072957786,-72.29109072957786
2991.580083899498,-72.29279198805312,-72.29279198805312
2991.590083899498,-72.29448347095892,-72.29448347095892
2991.600083899498,-72.2961654785266,-72.2961654785266
2991.610083899498,-72.29783830523859,-72.29783830523859
2991.620083899498,-72.29950223972624,-72.29950223972624
2991.630083899498,-72.30115756496403,-72.30115756496403
2991.6400838994978,-72.3028045585231,-72.3028045585231
2991.650083899498,-72.30444349284862,-72.30444349284862
2991.660083899498,-72.30607463556963,-72.30607463556963
2991.670083899498,-72.3076982498092,-72.3076982498092
2991.680083899498,-72.30931459444226,-72.30931459444226
2991.690083899498,-72.31092392434546,-72.31092392434546
2991.700083899498,-72.31252649061932,-72.31252649061932
2991.710083899498,-72.3141162373211,-72.3141162373211
2991.720083899498,-72.3156906497919,-72.3156906497919
2991.730083899498,-72.31724862728197,-72.31724862728197
2991.740083899498,-72.31878972204257,-72.31878972204257
2991.750083899498,-72.3203138489657,-72.3203138489657
2991.760083899498,-72.32182113475177,-72.32182113475177
2991.770083899498,-72.32331182948062,-72.32331182948062
2991.780083899498,-72.3247862534854,-72.3247862534854
2991.790083899498,-72.32624476542114,-72.32624476542114
2991.800083899498,-72.32768774309594,-72.32768774309594
2991.810083899498,-72.32911557206286,-72.32911557206286
2991.820083899498,-72.33052863892412,-72.33052863892412
2991.830083899498,-72.33192732749406,-72.33192732749406
2991.840083899498,-72.33331201670339,-72.33331201670339
2991.850083899498,-72.33468307958323,-72.33468307958323
2991.860083899498,-72.33604088284055,-72.33604088284055
2991.870083899498,-72.33738578680388,-72.33738578680388
2991.880083899498,-72.33871814558982,-72.33871814558982
2991.8900838994978,-72.34003830735391,-72.34003830735391
2991.900083899498,-72.34134661458586,-72.34134661458586
2991.910083899498,-72.34264340442074,-72.34264340442074
2991.920083899498,-72.34392900892134,-72.34392900892134
2991.930083899498,-72.34520375534777,-72.34520375534777
2991.940083899498,-72.3464679664081,-72.3464679664081
2991.950083899498,-72.34772196045904,-72.34772196045904
2991.960083899498,-72.34896605169563,-72.34896605169563
2991.970083899498,-72.35020055031185,-72.35020055031185
2991.980083899498,-72.35142576263654,-72.35142576263654
2991.990083899498,-72.35264199124704,-72.35264199124704
2992.00008392334,-72.3538495379416,-72.3538495379416
2992.01008392334,-72.35504869228832,-72.35504869228832
2992.02008392334,-72.35623974906893,-72.35623974906893
2992.03008392334,-72.35742299668215,-72.35742299668215
2992.04008392334,-72.35859872017257,-72.35859872017257
2992.05008392334,-72.35976720120456,-72.35976720120456
2992.06008392334,-72.36092871816147,-72.36092871816147
2992.07008392334,-72.36208354612522,-72.36208354612522
2992.0800839233398,-72.36323195693865,-72.36323195693865
2992.09008392334,-72.3643742192074,-72.3643742192074
2992.1000839233398,-72.36551059831835,-72.36551059831835
2992.11008392334,-72.36664135646926,-72.36664135646926
2992.1200839233397,-72.3677667526831,-72.3677667526831
2992.13008392334,-72.36888704281998,-72.36888704281998
2992.1400839233397,-72.37000247957904,-72.37000247957904
2992.15008392334,-72.37111331253044,-72.37111331253044
2992.1600839233397,-72.37221978811237,-72.37221978811237
2992.17008392334,-72.37332214964646,-72.37332214964646
2992.1800839233397,-72.37442063736673,-72.37442063736673
2992.19008392334,-72.37551548840818,-72.37551548840818
2992.2000839233397,-72.37660693684013,-72.37660693684013
2992.21008392334,-72.37769521364272,-72.37769521364272
2992.2200839233396,-72.37878054676442,-72.37878054676442
2992.23008392334,-72.37986316111085,-72.37986316111085
2992.2400839233396,-72.38094327856727,-72.38094327856727
2992.25008392334,-72.38202111799693,-72.38202111799693
2992.26008392334,-72.38309689528829,-72.38309689528829
2992.27008392334,-72.38417082334088,-72.38417082334088
2992.28008392334,-72.38524311208528,-72.38524311208528
2992.29008392334,-72.38631396851666,-72.38631396851666
2992.30008392334,-72.38738359669063,-72.38738359669063
2992.31008392334,-72.38845219775651,-72.38845219775651
2992.32008392334,-72.38951996996376,-72.38951996996376
2992.3300839233398,-72.39058710870071,-72.39058710870071
2992.34008392334,-72.39165380648565,-72.39165380648565
2992.3500839233398,-72.3927202530116,-72.3927202530116
2992.36008392334,-72.39378663514252,-72.39378663514252
2992.3700839233397,-72.39485313696957,-72.39485313696957
2992.38008392334,-72.39591993978385,-72.39591993978385
2992.3900839233397,-72.39698722214524,-72.39698722214524
2992.40008392334,-72.39805515986626,-72.39805515986626
2992.4100839233397,-72.39912392606143,-72.39912392606143
2992.42008392334,-72.40019369114938,-72.40019369114938
2992.4300839233397,-72.40126462289385,-72.40126462289385
2992.44008392334,-72.40233688641501,-72.40233688641501
2992.4500839233397,-72.40341064421877,-72.40341064421877
2992.46008392334,-72.40447974669095,-72.40447974669095
2992.4700839233396,-72.40554159112317,-72.40554159112317
2992.48008392334,-72.4065949911745,-72.4065949911745
2992.4900839233396,-72.40763941486438,-72.40763941486438
2992.50008392334,-72.40867469375907,-72.40867469375907
2992.51008392334,-72.40970087188124,-72.40970087188124
2992.52008392334,-72.41071811709747,-72.41071811709747
2992.53008392334,-72.41172666790102,-72.41172666790102
2992.54008392334,-72.41272680140649,-72.41272680140649
2992.55008392334,-72.4137188141318,-72.4137188141318
2992.56008392334,-72.41470301056384,-72.41470301056384
2992.57008392334,-72.41567969645422,-72.41567969645422
2992.5800839233398,-72.4166491749738,-72.4166491749738
2992.59008392334,-72.4176117446572,-72.4176117446572
2992.6000839233398,-72.41856769834489,-72.41856769834489
2992.61008392334,-72.41951732279288,-72.41951732279288
2992.6200839233397,-72.42046089865335,-72.42046089865335
2992.63008392334,-72.42139870063913,-72.42139870063913
2992.6400839233397,-72.42233099778154,-72.42233099778154
2992.65008392334,-72.42325805377628,-72.42325805377628
2992.6600839233397,-72.42418012727767,-72.42418012727767
2992.67008392334,-72.42509747222081,-72.42509747222081
2992.6800839233397,-72.42601033811025,-72.42601033811025
2992.69008392334,-72.42691897027679,-72.42691897027679
2992.7000839233397,-72.42782361011182,-72.42782361011182
2992.71008392334,-72.42871818421926,-72.42871818421926
2992.7200839233396,-72.42960016644791,-72.42960016644791
2992.73008392334,-72.4304684466351,-72.4304684466351
2992.7400839233396,-72.43132256846783,-72.43132256846783
2992.75008392334,-72.43216243859369,-72.43216243859369
2992.76008392334,-72.43298817560012,-72.43298817560012
2992.77008392334,-72.43380002141454,-72.43380002141454
2992.78008392334,-72.4345982880948,-72.4345982880948
2992.79008392334,-72.43538332588115,-72.43538332588115
2992.80008392334,-72.43615550397075,-72.43615550397075
2992.81008392334,-72.43691519911201,-72.43691519911201
2992.82008392334,-72.43766278892072,-72.43766278892072
2992.8300839233398,-72.43839864804352,-72.43839864804352
2992.84008392334,-72.43912314608104,-72.43912314608104
2992.8500839471817,-72.43983664825993,-72.43983664825993
2992.860083947182,-72.44053950821959,-72.44053950821959
2992.8700839471817,-72.44123207826414,-72.44123207826414
2992.880083947182,-72.44191470261285,-72.44191470261285
2992.8900839471817,-72.4425877194377,-72.4425877194377
2992.900083947182,-72.44325146112638,-72.44325146112638
2992.9100839471816,-72.44390625463853,-72.44390625463853
2992.920083947182,-72.44455242179502,-72.44455242179502
2992.9300839471816,-72.4451902795408,-72.4451902795408
2992.940083947182,-72.44582014021701,-72.44582014021701
2992.9500839471816,-72.4464423117598,-72.4464423117598
2992.960083947182,-72.44705709790452,-72.44705709790452
2992.9700839471816,-72.44766479834296,-72.44766479834296
2992.980083947182,-72.44826570888966,-72.44826570888966
2992.9900839471816,-72.4488601215825,-72.4488601215825
2993.000083947182,-72.4494483247744,-72.4494483247744
2993.0100839471816,-72.45003060325983,-72.45003060325983
2993.020083947182,-72.45060723831546,-72.45060723831546
2993.0300839471815,-72.45117850778588,-72.45117850778588
2993.0400839471818,-72.45174468611776,-72.45174468611776
2993.0500839471815,-72.45230604443928,-72.45230604443928
2993.0600839471817,-72.45286285055762,-72.45286285055762
2993.0700839471815,-72.45341536902325,-72.45341536902325
2993.0800839471817,-72.45396386114203,-72.45396386114203
2993.0900839471815,-72.45450858501822,-72.45450858501822
2993.1000839471817,-72.45504979556262,-72.45504979556262
2993.110083947182,-72.4555877445082,-72.4555877445082
2993.1200839471817,-72.45612268046138,-72.45612268046138
2993.130083947182,-72.45665484886707,-72.45665484886707
2993.1400839471817,-72.4571844920603,-72.4571844920603
2993.150083947182,-72.45771184927865,-72.45771184927865
2993.1600839471816,-72.45823715667645,-72.45823715667645
2993.170083947182,-72.45876064731223,-72.45876064731223
2993.1800839471816,-72.4592825511954,-72.4592825511954
2993.190083947182,-72.45980309528962,-72.45980309528962
2993.2000839471816,-72.46032250351489,-72.46032250351489
2993.210083947182,-72.46084099676824,-72.46084099676824
2993.2200839471816,-72.46135879296001,-72.46135879296001
2993.230083947182,-72.4618761069919,-72.4618761069919
2993.2400839471816,-72.46239315079251,-72.46239315079251
2993.250083947182,-72.46291013332554,-72.46291013332554
2993.2600839471816,-72.46342726062018,-72.46342726062018
2993.270083947182,-72.46394473576024,-72.46394473576024
2993.2800839471815,-72.46446275893109,-72.46446275893109
2993.2900839471818,-72.4649815274104,-72.4649815274104
2993.3000839471815,-72.46550123561268,-72.46550123561268
2993.3100839471817,-72.4660220750741,-72.4660220750741
2993.3200839471815,-72.4665442345071,-72.4665442345071
2993.3300839471817,-72.4670678997902,-72.4670678997902
2993.3400839471815,-72.46759325401665,-72.46759325401665
2993.3500839471817,-72.46812047747704,-72.46812047747704
2993.360083947182,-72.46864974770743,-72.46864974770743
2993.3700839471817,-72.46918123951578,-72.46918123951578
2993.380083947182,-72.46971512497561,-72.46971512497561
2993.3900839471817,-72.47025157346249,-72.47025157346249
2993.400083947182,-72.47079075168423,-72.47079075168423
2993.4100839471816,-72.4713328236889,-72.4713328236889
2993.420083947182,-72.47187795089823,-72.47187795089823
2993.4300839471816,-72.47242629213324,-72.47242629213324
2993.440083947182,-72.4729780036011,-72.4729780036011
2993.4500839471816,-72.47353323897794,-72.47353323897794
2993.460083947182,-72.47409214938068,-72.47409214938068
2993.4700839471816,-72.47465488342097,-72.47465488342097
2993.480083947182,-72.4752215872204,-72.4752215872204
2993.4900839471816,-72.47579240443532,-72.47579240443532
2993.500083947182,-72.47636747627129,-72.47636747627129
2993.5100839471816,-72.47694694152473,-72.47694694152473
2993.520083947182,-72.47753093659058,-72.47753093659058
2993.5300839471815,-72.47811959550005,-72.47811959550005
2993.5400839471818,-72.47871304993997,-72.47871304993997
2993.5500839471815,-72.47931142927648,-72.47931142927648
2993.5600839471817,-72.47991486058196,-72.47991486058196
2993.5700839471815,-72.4805234686498,-72.4805234686498
2993.5800839471817,-72.48113737604046,-72.48113737604046
2993.5900839471815,-72.48175670309612,-72.48175670309612
2993.6000839471817,-72.48238156795176,-72.48238156795176
2993.610083947182,-72.48301208657509,-72.48301208657509
2993.6200839471817,-72.48364837279232,-72.48364837279232
2993.630083947182,-72.48429053829624,-72.48429053829624
2993.6400839471817,-72.48493869269812,-72.48493869269812
2993.650083947182,-72.48559294352852,-72.48559294352852
2993.6600839471816,-72.48625339627426,-72.48625339627426
2993.670083947182,-72.48692015439512,-72.48692015439512
2993.6800839471816,-72.4875933193514,-72.4875933193514
2993.690083947182,-72.4882729906269,-72.4882729906269
2993.7000839710236,-72.48895926740148,-72.48895926740148
2993.710083971024,-72.48965224203201,-72.48965224203201
2993.7200839710235,-72.49035200984113,-72.49035200984113
2993.7300839710238,-72.49105866264955,-72.49105866264955
2993.7400839710235,-72.49177229043408,-72.49177229043408
2993.7500839710237,-72.49249298133135,-72.49249298133135
2993.7600839710235,-72.49322082167654,-72.49322082167654
2993.7700839710237,-72.4939558960098,-72.4939558960098
2993.7800839710235,-72.49469828712606,-72.49469828712606
2993.7900839710237,-72.49544807605746,-72.49544807605746
2993.8000839710235,-72.49620534213035,-72.49620534213035
2993.8100839710237,-72.49697016297479,-72.49697016297479
2993.8200839710235,-72.49774261455534,-72.49774261455534
2993.8300839710237,-72.49852277117307,-72.49852277117307
2993.8400839710234,-72.4993107055082,-72.4993107055082
2993.8500839710237,-72.50010648862674,-72.50010648862674
2993.8600839710234,-72.50091019002885,-72.50091019002885
2993.8700839710236,-72.50172187762405,-72.50172187762405
2993.8800839710234,-72.50254161779989,-72.50254161779989
2993.8900839710236,-72.50336947541037,-72.50336947541037
2993.9000839710234,-72.5042055138201,-72.5042055138201
2993.9100839710236,-72.50504979489575,-72.50504979489575
2993.9200839710234,-72.5059023790617,-72.5059023790617
2993.9300839710236,-72.50676332529841,-72.50676332529841
2993.9400839710233,-72.50763269115258,-72.50763269115258
2993.9500839710236,-72.5085105327754,-72.5085105327754
2993.960083971024,-72.50939690495548,-72.50939690495548
2993.9700839710235,-72.51029186110193,-72.51029186110193
2993.9800839710238,-72.51119545328353,-72.51119545328353
2993.9900839710235,-72.51210773225701,-72.51210773225701
2994.0000839710237,-72.51302874745348,-72.51302874745348
2994.0100839710235,-72.51395854703698,-72.51395854703698
2994.0200839710237,-72.51489717789629,-72.51489717789629
2994.0300839710235,-72.51584468567712,-72.51584468567712
2994.0400839710237,-72.51680111478191,-72.51680111478191
2994.0500839710235,-72.51776650840517,-72.51776650840517
2994.0600839710237,-72.51874090854517,-72.51874090854517
2994.0700839710235,-72.51972435601962,-72.51972435601962
2994.0800839710237,-72.520716890485,-72.520716890485
2994.0900839710234,-72.5217185504536,-72.5217185504536
2994.1000839710237,-72.52272937330298,-72.52272937330298
2994.1100839710234,-72.52374939531077,-72.52374939531077
2994.1200839710236,-72.52477865164646,-72.52477865164646
2994.1300839710234,-72.52581717640386,-72.52581717640386
2994.1400839710236,-72.5268650026124,-72.5268650026124
2994.1500839710234,-72.52792216225353,-72.52792216225353
2994.1600839710236,-72.5289886862774,-72.5289886862774
2994.1700839710234,-72.53006460461776,-72.53006460461776
2994.1800839710236,-72.53114994620108,-72.53114994620108
2994.1900839710233,-72.53224473896884,-72.53224473896884
2994.2000839710236,-72.53334900989131,-72.53334900989131
2994.210083971024,-72.53446278497948,-72.53446278497948
2994.2200839710235,-72.53558608929917,-72.53558608929917
2994.2300839710238,-72.53671894698478,-72.53671894698478
2994.2400839710235,-72.53786138126773,-72.53786138126773
2994.2500839710237,-72.53901341446323,-72.53901341446323
2994.2600839710235,-72.54017506800237,-72.54017506800237
2994.2700839710237,-72.54134636244096,-72.54134636244096
2994.2800839710235,-72.5425273174817,-72.5425273174817
2994.2900839710237,-72.54371795195944,-72.54371795195944
2994.3000839710235,-72.54491828389868,-72.54491828389868
2994.3100839710237,-72.54612833049173,-72.54612833049173
2994.3200839710235,-72.54734810810552,-72.54734810810552
2994.3300839710237,-72.54857763232542,-72.54857763232542
2994.3400839710234,-72.54981691795419,-72.54981691795419
2994.3500839710237,-72.55106597900934,-72.55106597900934
2994.3600839710234,-72.55232482875208,-72.55232482875208
2994.3700839710236,-72.55359347969416,-72.55359347969416
2994.3800839710234,-72.55487194361913,-72.55487194361913
2994.3900839710236,-72.5561602315683,-72.5561602315683
2994.4000839710234,-72.55745835387097,-72.55745835387097
2994.4100839710236,-72.55876632015784,-72.55876632015784
2994.4200839710234,-72.56008413936873,-72.56008413936873
2994.4300839710236,-72.56141181974726,-72.56141181974726
2994.4400839710233,-72.56274936888879,-72.56274936888879
2994.4500839710236,-72.56409679370105,-72.56409679370105
2994.460083971024,-72.56545410046158,-72.56545410046158
2994.4700839710235,-72.56682129479849,-72.56682129479849
2994.4800839710238,-72.5681983817145,-72.5681983817145
2994.4900839710235,-72.56958536558007,-72.56958536558007
2994.5000839710237,-72.57098225017387,-72.57098225017387
2994.5100839710235,-72.57238903865857,-72.57238903865857
2994.5200839710237,-72.57380573360969,-72.57380573360969
2994.5300839710235,-72.57523233702646,-72.57523233702646
2994.5400839710237,-72.57666885033385,-72.57666885033385
2994.5500839948654,-72.57811527782965,-72.57811527782965
2994.5600839948656,-72.57957161296733,-72.57957161296733
2994.5700839948654,-72.58103785891788,-72.58103785891788
2994.5800839948656,-72.58251401489774,-72.58251401489774
2994.5900839948654,-72.58400007960414,-72.58400007960414
2994.6000839948656,-72.58549605122558,-72.58549605122558
2994.6100839948654,-72.58700192742175,-72.58700192742175
2994.6200839948656,-72.58851770534915,-72.58851770534915
2994.6300839948653,-72.5900433816971,-72.5900433816971
2994.6400839948656,-72.5915789526283,-72.5915789526283
2994.6500839948653,-72.59312441385659,-72.59312441385659
2994.6600839948655,-72.59467976062021,-72.59467976062021
2994.6700839948653,-72.59624498768656,-72.59624498768656
2994.6800839948655,-72.59782008936696,-72.59782008936696
2994.6900839948653,-72.59940505954307,-72.59940505954307
2994.7000839948655,-72.60099989163433,-72.60099989163433
2994.7100839948653,-72.60260457864385,-72.60260457864385
2994.7200839948655,-72.60421911313679,-72.60421911313679
2994.7300839948653,-72.60584348727012,-72.60584348727012
2994.7400839948655,-72.60747769277404,-72.60747769277404
2994.7500839948652,-72.60912172100284,-72.60912172100284
2994.7600839948655,-72.61077556288525,-72.61077556288525
2994.770083994865,-72.61243920896744,-72.61243920896744
2994.7800839948654,-72.61411264941958,-72.61411264941958
2994.790083994865,-72.61579587402495,-72.61579587402495
2994.8000839948654,-72.61748887219483,-72.61748887219483
2994.8100839948656,-72.61919163298468,-72.61919163298468
2994.8200839948654,-72.62090414507622,-72.62090414507622
2994.8300839948656,-72.62262639680945,-72.62262639680945
2994.8400839948654,-72.6243583761887,-72.6243583761887
2994.8500839948656,-72.62610007085344,-72.62610007085344
2994.8600839948654,-72.62785146812584,-72.62785146812584
2994.8700839948656,-72.62957600558376,-72.62957600558376
2994.8800839948653,-72.63127290215857,-72.63127290215857
2994.8900839948656,-72.63294326235417,-72.63294326235417
2994.9000839948653,-72.6345870302071,-72.6345870302071
2994.9100839948655,-72.6362032894293,-72.6362032894293
2994.9200839948653,-72.63779064996562,-72.63779064996562
2994.9300839948655,-72.63934749279552,-72.63934749279552
2994.9400839948653,-72.64087211594955,-72.64087211594955
2994.9500839948655,-72.64236282160249,-72.64236282160249
2994.9600839948653,-72.64381796783064,-72.64381796783064
2994.9700839948655,-72.64523599859135,-72.64523599859135
2994.9800839948653,-72.64661546010535,-72.64661546010535
2994.9900839948655,-72.64795500854996,-72.64795500854996
2995.0000839948652,-72.64925341241543,-72.64925341241543
2995.0100839948655,-72.6505095514131,-72.6505095514131
2995.020083994865,-72.65172241335625,-72.65172241335625
2995.0300839948654,-72.65289108986133,-72.65289108986133
2995.040083994865,-72.65401477137243,-72.65401477137243
2995.0500839948654,-72.65509274193126,-72.65509274193126
2995.0600839948656,-72.65612437389497,-72.65612437389497
2995.0700839948654,-72.65710912276734,-72.65710912276734
2995.0800839948656,-72.65804652214345,-72.65804652214345
2995.0900839948654,-72.65893617893744,-72.65893617893744
2995.1000839948656,-72.65977776883113,-72.65977776883113
2995.1100839948654,-72.66057103199073,-72.66057103199073
2995.1200839948656,-72.66131576900351,-72.66131576900351
2995.1300839948653,-72.66201183710223,-72.66201183710223
2995.1400839948656,-72.66265914657247,-72.66265914657247
2995.1500839948653,-72.66325765743578,-72.66325765743578
2995.1600839948655,-72.66380737630304,-72.66380737630304
2995.1700839948653,-72.66430835340915,-72.66430835340915
2995.1800839948655,-72.66476067987229,-72.66476067987229
2995.1900839948653,-72.6651644850901,-72.6651644850901
2995.2000839948655,-72.66551993427257,-72.66551993427257
2995.2100839948653,-72.66582089164214,-72.66582089164214
2995.2200839948655,-72.66606481538572,-72.66606481538572
2995.2300839948653,-72.66625061783381,-72.66625061783381
2995.2400839948655,-72.66637789880554,-72.66637789880554
2995.2500839948652,-72.6664466518223,-72.6664466518223
2995.2600839948655,-72.6664571105904,-72.6664571105904
2995.270083994865,-72.66640965839176,-72.66640965839176
2995.2800839948654,-72.66630477298499,-72.66630477298499
2995.290083994865,-72.66614299295101,-72.66614299295101
2995.3000839948654,-72.66592489698111,-72.66592489698111
2995.3100839948656,-72.66565109104441,-72.66565109104441
2995.3200839948654,-72.66532220037617,-72.66532220037617
2995.3300839948656,-72.66493886441869,-72.66493886441869
2995.3400839948654,-72.66450173358454,-72.66450173358454
2995.3500839948656,-72.66401146716457,-72.66401146716457
2995.3600839948654,-72.66346873189973,-72.66346873189973
2995.3700839948656,-72.66287420095806,-72.66287420095806
2995.3800839948653,-72.6622285532436,-72.6622285532436
2995.3900839948656,-72.66153247275246,-72.66153247275246
2995.4000840187073,-72.66078664630618,-72.66078664630618
2995.4100840187075,-72.65999177007451,-72.65999177007451
2995.4200840187073,-72.65914853893402,-72.65914853893402
2995.4300840187075,-72.65825765261023,-72.65825765261023
2995.4400840187072,-72.65731981377333,-72.65731981377333
2995.4500840187075,-72.65633572757464,-72.65633572757464
2995.460084018707,-72.65529976824408,-72.65529976824408
2995.4700840187074,-72.65420987417086,-72.65420987417086
2995.480084018707,-72.6530654102976,-72.6530654102976
2995.4900840187074,-72.65186640304216,-72.65186640304216
2995.500084018707,-72.65061324786231,-72.65061324786231
2995.5100840187074,-72.64930655694434,-72.64930655694434
2995.520084018707,-72.64794706969693,-72.64794706969693
2995.5300840187074,-72.6465355987653,-72.6465355987653
2995.540084018707,-72.64507299741983,-72.64507299741983
2995.5500840187074,-72.64356013980284,-72.64356013980284
2995.560084018707,-72.64199790906457,-72.64199790906457
2995.5700840187073,-72.64038719022749,-72.64038719022749
2995.580084018707,-72.63872886601995,-72.63872886601995
2995.5900840187073,-72.63702381442596,-72.63702381442596
2995.600084018707,-72.63527290737942,-72.63527290737942
2995.6100840187073,-72.6334770100621,-72.6334770100621
2995.620084018707,-72.63163698059435,-72.63163698059435
2995.6300840187073,-72.62975366997354,-72.62975366997354
2995.640084018707,-72.62782792208446,-72.62782792208446
2995.6500840187073,-72.62586057379077,-72.62586057379077
2995.6600840187075,-72.62385245506317,-72.62385245506317
2995.6700840187073,-72.62180438905877,-72.62180438905877
2995.6800840187075,-72.61971719222299,-72.61971719222299
2995.6900840187072,-72.61759167437035,-72.61759167437035
2995.7000840187075,-72.61542863873613,-72.61542863873613
2995.710084018707,-72.61322888201252,-72.61322888201252
2995.7200840187074,-72.61099319438024,-72.61099319438024
2995.730084018707,-72.60872235951207,-72.60872235951207
2995.7400840187074,-72.60641715454,-72.60641715454
2995.750084018707,-72.60407835009042,-72.60407835009042
2995.7600840187074,-72.60170671021524,-72.60170671021524
2995.770084018707,-72.59930299238428,-72.59930299238428
2995.7800840187074,-72.59686794744567,-72.59686794744567
2995.790084018707,-72.5944023195949,-72.5944023195949
2995.8000840187074,-72.5919068463193,-72.5919068463193
2995.810084018707,-72.58938225836602,-72.58938225836602
2995.8200840187073,-72.58682927973547,-72.58682927973547
2995.830084018707,-72.58424862758051,-72.58424862758051
2995.8400840187073,-72.58164101221887,-72.58164101221887
2995.850084018707,-72.57900713708165,-72.57900713708165
2995.8600840187073,-72.5763476986739,-72.5763476986739
2995.870084018707,-72.57366338656142,-72.57366338656142
2995.8800840187073,-72.5709548833382,-72.5709548833382
2995.890084018707,-72.56822286459347,-72.56822286459347
2995.9000840187073,-72.56546799890164,-72.56546799890164
2995.9100840187075,-72.562690947793,-72.562690947793
2995.9200840187073,-72.5598923657657,-72.5598923657657
2995.9300840187075,-72.55707290024358,-72.55707290024358
2995.9400840187072,-72.55423319158747,-72.55423319158747
2995.9500840187075,-72.55137387308454,-72.55137387308454
2995.960084018707,-72.54849557095952,-72.54849557095952
2995.9700840187074,-72.54559890436052,-72.54559890436052
2995.980084018707,-72.5426844853733,-72.5426844853733
2995.9900840187074,-72.53975291901861,-72.53975291901861
2996.000084018707,-72.53680480328731,-72.53680480328731
2996.0100840187074,-72.5338407291293,-72.5338407291293
2996.020084018707,-72.53086128049023,-72.53086128049023
2996.0300840187074,-72.52786703431218,-72.52786703431218
2996.040084018707,-72.52485856056832,-72.52485856056832
2996.0500840187074,-72.52183642228057,-72.52183642228057
2996.060084018707,-72.51880117555555,-72.51880117555555
2996.0700840187073,-72.5157533695968,-72.5157533695968
2996.080084018707,-72.51269354675749,-72.51269354675749
2996.0900840187073,-72.50962224254309,-72.50962224254309
2996.100084018707,-72.50653998567164,-72.50653998567164
2996.1100840187073,-72.50344729810392,-72.50344729810392
2996.120084018707,-72.50034469508466,-72.50034469508466
2996.1300840187073,-72.49723268515378,-72.49723268515378
2996.140084018707,-72.49411177022573,-72.49411177022573
2996.1500840187073,-72.49098244561416,-72.49098244561416
2996.1600840187075,-72.48784520007143,-72.48784520007143
2996.1700840187073,-72.48470051584636,-72.48470051584636
2996.1800840187075,-72.48154886871066,-72.48154886871066
2996.1900840187072,-72.47839072803424,-72.47839072803424
2996.2000840187075,-72.47522655680407,-72.47522655680407
2996.210084018707,-72.47205049601425,-72.47205049601425
2996.2200840187074,-72.4688602350243,-72.4688602350243
2996.230084018707,-72.46565487980789,-72.46565487980789
2996.2400840187074,-72.4624341900609,-72.4624341900609
2996.250084042549,-72.45919827986394,-72.45919827986394
2996.2600840425494,-72.45594749667794,-72.45594749667794
2996.270084042549,-72.45268228607269,-72.45268228607269
2996.2800840425493,-72.44940316871917,-72.44940316871917
2996.290084042549,-72.44611070049737,-72.44611070049737
2996.3000840425493,-72.44280545306351,-72.44280545306351
2996.310084042549,-72.43948800231124,-72.43948800231124
2996.3200840425493,-72.43615892163459,-72.43615892163459
2996.330084042549,-72.43281877805998,-72.43281877805998
2996.3400840425493,-72.42946813016826,-72.42946813016826
2996.350084042549,-72.42610752710843,-72.42610752710843
2996.3600840425493,-72.42273750819638,-72.42273750819638
2996.370084042549,-72.41935860297944,-72.41935860297944
2996.3800840425492,-72.41597133141566,-72.41597133141566
2996.390084042549,-72.41257620422277,-72.41257620422277
2996.400084042549,-72.40917372321917,-72.40917372321917
2996.410084042549,-72.40576438170754,-72.40576438170754
2996.420084042549,-72.40234866483122,-72.40234866483122
2996.430084042549,-72.39892704991603,-72.39892704991603
2996.440084042549,-72.39550000675254,-72.39550000675254
2996.450084042549,-72.39206799792525,-72.39206799792525
2996.460084042549,-72.38863147898319,-72.38863147898319
2996.470084042549,-72.38519089872185,-72.38519089872185
2996.480084042549,-72.38174669934067,-72.38174669934067
2996.490084042549,-72.37829931664415,-72.37829931664415
2996.500084042549,-72.37484918016273,-72.37484918016273
2996.5100840425494,-72.37139671332658,-72.37139671332658
2996.520084042549,-72.36794233355435,-72.36794233355435
2996.5300840425493,-72.36448645237769,-72.36448645237769
2996.540084042549,-72.36102947554556,-72.36102947554556
2996.5500840425493,-72.35757180310314,-72.35757180310314
2996.560084042549,-72.35411382948112,-72.35411382948112
2996.5700840425493,-72.35065594356527,-72.35065594356527
2996.580084042549,-72.34719852878003,-72.34719852878003
2996.5900840425493,-72.34374196312791,-72.34374196312791
2996.600084042549,-72.34028661928843,-72.34028661928843
2996.6100840425493,-72.33683286463348,-72.33683286463348
2996.620084042549,-72.33338106132055,-72.33338106132055
2996.6300840425492,-72.32993156631194,-72.32993156631194
2996.640084042549,-72.32648473147123,-72.32648473147123
2996.650084042549,-72.32304090355862,-72.32304090355862
2996.660084042549,-72.31960042430745,-72.31960042430745
2996.670084042549,-72.31616363048637,-72.31616363048637
2996.680084042549,-72.31273085391175,-72.31273085391175
2996.690084042549,-72.3093024215222,-72.3093024215222
2996.700084042549,-72.3058786553999,-72.3058786553999
2996.710084042549,-72.30245987282969,-72.30245987282969
2996.720084042549,-72.29904638635534,-72.29904638635534
2996.730084042549,-72.29563850377609,-72.29563850377609
2996.740084042549,-72.2922365282504,-72.2922365282504
2996.750084042549,-72.28884075829784,-72.28884075829784
2996.7600840425494,-72.28545148786084,-72.28545148786084
2996.770084042549,-72.2820690063363,-72.2820690063363
2996.7800840425493,-72.27869359862434,-72.27869359862434
2996.790084042549,-72.27532554518369,-72.27532554518369
2996.8000840425493,-72.2719651220579,-72.2719651220579
2996.810084042549,-72.26861260091718,-72.26861260091718
2996.8200840425493,-72.26526824910924,-72.26526824910924
2996.830084042549,-72.26193232971013,-72.26193232971013
2996.8400840425493,-72.25860510154867,-72.25860510154867
2996.850084042549,-72.25528681926231,-72.25528681926231
2996.8600840425493,-72.2519777333279,-72.2519777333279
2996.870084042549,-72.2486780901255,-72.2486780901255
2996.8800840425492,-72.24538813195957,-72.24538813195957
2996.890084042549,-72.24210809711941,-72.24210809711941
2996.900084042549,-72.23883821989598,-72.23883821989598
2996.910084042549,-72.23557873066272,-72.23557873066272
2996.920084042549,-72.23232985587525,-72.23232985587525
2996.930084042549,-72.22909181815541,-72.22909181815541
2996.940084042549,-72.22586483629529,-72.22586483629529
2996.950084042549,-72.22264912533319,-72.22264912533319
2996.960084042549,-72.21943860311241,-72.21943860311241
2996.970084042549,-72.21623072666146,-72.21623072666146
2996.980084042549,-72.21302436751286,-72.21302436751286
2996.990084042549,-72.20981905141676,-72.20981905141676
2997.000084042549,-72.20661466756368,-72.20661466756368
2997.0100840425494,-72.20341131725672,-72.20341131725672
2997.020084042549,-72.20020922493528,-72.20020922493528
2997.0300840425493,-72.19700868467152,-72.19700868467152
2997.040084042549,-72.19381002792595,-72.19381002792595
2997.0500840425493,-72.19061360420359,-72.19061360420359
2997.060084042549,-72.18741976953515,-72.18741976953515
2997.0700840425493,-72.18422887970628,-72.18422887970628
2997.080084042549,-72.18104128642423,-72.18104128642423
2997.0900840425493,-72.1778573352323,-72.1778573352323
2997.100084066391,-72.1746773569475,-72.1746773569475
2997.110084066391,-72.17150169757889,-72.17150169757889
2997.120084066391,-72.1683306728832,-72.1683306728832
2997.130084066391,-72.16516459886323,-72.16516459886323
2997.140084066391,-72.16200378454869,-72.16200378454869
2997.150084066391,-72.15884853230037,-72.15884853230037
2997.160084066391,-72.15569913820619,-72.15569913820619
2997.170084066391,-72.15255589241599,-72.15255589241599
2997.180084066391,-72.1494190794641,-72.1494190794641
2997.190084066391,-72.14628897856706,-72.14628897856706
2997.200084066391,-72.14316586387403,-72.14316586387403
2997.210084066391,-72.14005000471036,-72.14005000471036
2997.220084066391,-72.13694166577686,-72.13694166577686
2997.230084066391,-72.13384110733764,-72.13384110733764
2997.240084066391,-72.13074858535731,-72.13074858535731
2997.250084066391,-72.12766435165886,-72.12766435165886
2997.260084066391,-72.12458865404172,-72.12458865404172
2997.270084066391,-72.12152173637162,-72.12152173637162
2997.280084066391,-72.11846383869451,-72.11846383869451
2997.290084066391,-72.11541519729666,-72.11541519729666
2997.300084066391,-72.11237604479906,-72.11237604479906
2997.310084066391,-72.10934661020625,-72.10934661020625
2997.320084066391,-72.10632711897063,-72.10632711897063
2997.330084066391,-72.10331779303856,-72.10331779303856
2997.340084066391,-72.10031885091423,-72.10031885091423
2997.350084066391,-72.09733050768443,-72.09733050768443
2997.360084066391,-72.09435297506715,-72.09435297506715
2997.370084066391,-72.09138646144454,-72.09138646144454
2997.380084066391,-72.08843117189922,-72.08843117189922
2997.390084066391,-72.08548730825335,-72.08548730825335
2997.400084066391,-72.08255506908988,-72.08255506908988
2997.410084066391,-72.07963464979201,-72.07963464979201
2997.420084066391,-72.07672624255672,-72.07672624255672
2997.430084066391,-72.07383003643994,-72.07383003643994
2997.440084066391,-72.07094621737782,-72.07094621737782
2997.450084066391,-72.06807496820478,-72.06807496820478
2997.460084066391,-72.06521646869622,-72.06521646869622
2997.470084066391,-72.06237089557438,-72.06237089557438
2997.480084066391,-72.05953842254962,-72.05953842254962
2997.490084066391,-72.05671922034003,-72.05671922034003
2997.500084066391,-72.0539134566966,-72.0539134566966
2997.510084066391,-72.05112129641945,-72.05112129641945
2997.520084066391,-72.04834290141115,-72.04834290141115
2997.530084066391,-72.0455784306752,-72.0455784306752
2997.540084066391,-72.04282804034766,-72.04282804034766
2997.550084066391,-72.04009188372007,-72.04009188372007
2997.560084066391,-72.03737011127336,-72.03737011127336
2997.570084066391,-72.03466287070847,-72.03466287070847
2997.580084066391,-72.03197030694675,-72.03197030694675
2997.590084066391,-72.02929256218545,-72.02929256218545
2997.600084066391,-72.02662977589296,-72.02662977589296
2997.610084066391,-72.02398208488046,-72.02398208488046
2997.620084066391,-72.02134962326629,-72.02134962326629
2997.630084066391,-72.01873252254894,-72.01873252254894
2997.640084066391,-72.01613091162872,-72.01613091162872
2997.650084066391,-72.0135449168017,-72.0135449168017
2997.660084066391,-72.01097466183235,-72.01097466183235
2997.670084066391,-72.00842026793322,-72.00842026793322
2997.680084066391,-72.005881853819,-72.005881853819
2997.690084066391,-72.00335953574452,-72.00335953574452
2997.700084066391,-72.00085342749203,-72.00085342749203
2997.710084066391,-71.99836364043149,-71.99836364043149
2997.720084066391,-71.99589028353827,-71.99589028353827
2997.730084066391,-71.99343346339164,-71.99343346339164
2997.740084066391,-71.99099328426063,-71.99099328426063
2997.750084066391,-71.98856984807558,-71.98856984807558
2997.760084066391,-71.98616325447625,-71.98616325447625
2997.770084066391,-71.98377360083292,-71.98377360083292
2997.780084066391,-71.98140098227613,-71.98140098227613
2997.790084066391,-71.97904549172544,-71.97904549172544
2997.800084066391,-71.97670721991038,-71.97670721991038
2997.810084066391,-71.97438625539476,-71.97438625539476
2997.820084066391,-71.97208268460878,-71.97208268460878
2997.830084066391,-71.96979659186796,-71.96979659186796
2997.840084066391,-71.9675280594089,-71.9675280594089
2997.850084066391,-71.9652771673955,-71.9652771673955
2997.860084066391,-71.96304399396521,-71.96304399396521
2997.870084066391,-71.96082861524414,-71.96082861524414
2997.880084066391,-71.95863110536253,-71.95863110536253
2997.890084066391,-71.95645153651604,-71.95645153651604
2997.900084066391,-71.9542899789356,-71.9542899789356
2997.910084066391,-71.95214650096453,-71.95214650096453
2997.920084066391,-71.95002116904162,-71.95002116904162
2997.930084066391,-71.94791404775015,-71.94791404775015
2997.940084066391,-71.9458251998374,-71.9458251998374
2997.950084090233,-71.94375468130278,-71.94375468130278
2997.960084090233,-71.94170256121023,-71.94170256121023
2997.970084090233,-71.93966889192312,-71.93966889192312
2997.980084090233,-71.93765372908668,-71.93765372908668
2997.990084090233,-71.935657126609,-71.935657126609
2998.000084090233,-71.93367913670201,-71.93367913670201
2998.010084090233,-71.9317198098997,-71.9317198098997
2998.020084090233,-71.92977919508306,-71.92977919508306
2998.030084090233,-71.92785733951281,-71.92785733951281
2998.040084090233,-71.92595428881661,-71.92595428881661
2998.0500840902328,-71.92407008706225,-71.92407008706225
2998.060084090233,-71.92220477674228,-71.92220477674228
2998.0700840902327,-71.92035839881395,-71.92035839881395
2998.080084090233,-71.91853099270277,-71.91853099270277
2998.0900840902327,-71.91672259633327,-71.91672259633327
2998.100084090233,-71.91493324616602,-71.91493324616602
2998.1100840902327,-71.9131629771813,-71.9131629771813
2998.120084090233,-71.91141182293342,-71.91141182293342
2998.1300840902327,-71.90967981556786,-71.90967981556786
2998.140084090233,-71.9079669858145,-71.9079669858145
2998.1500840902327,-71.90627336303672,-71.90627336303672
2998.160084090233,-71.90459897522732,-71.90459897522732
2998.1700840902326,-71.90294384905665,-71.90294384905665
2998.180084090233,-71.90130800986262,-71.90130800986262
2998.1900840902326,-71.89969148169257,-71.89969148169257
2998.200084090233,-71.89809428730739,-71.89809428730739
2998.210084090233,-71.89651018151994,-71.89651018151994
2998.220084090233,-71.89493644483383,-71.89493644483383
2998.230084090233,-71.89337176795343,-71.89337176795343
2998.240084090233,-71.89181549482622,-71.89181549482622
2998.250084090233,-71.89026733325788,-71.89026733325788
2998.260084090233,-71.88872720430952,-71.88872720430952
2998.270084090233,-71.88719515381878,-71.88719515381878
2998.280084090233,-71.88567129914378,-71.88567129914378
2998.290084090233,-71.88415579713,-71.88415579713
2998.3000840902328,-71.88264882484025,-71.88264882484025
2998.310084090233,-71.88115056806427,-71.88115056806427
2998.3200840902327,-71.87966121463322,-71.87966121463322
2998.330084090233,-71.87818095052495,-71.87818095052495
2998.3400840902327,-71.87670995783125,-71.87670995783125
2998.350084090233,-71.87524841369066,-71.87524841369066
2998.3600840902327,-71.87379648995,-71.87379648995
2998.370084090233,-71.87235435309043,-71.87235435309043
2998.3800840902327,-71.87092216446027,-71.87092216446027
2998.390084090233,-71.86950008055177,-71.86950008055177
2998.4000840902327,-71.86808825331495,-71.86808825331495
2998.410084090233,-71.86668683049875,-71.86668683049875
2998.4200840902326,-71.86529595598222,-71.86529595598222
2998.430084090233,-71.86391577006577,-71.86391577006577
2998.4400840902326,-71.86254640974164,-71.86254640974164
2998.450084090233,-71.86118800893324,-71.86118800893324
2998.460084090233,-71.85984069869322,-71.85984069869322
2998.470084090233,-71.85850460738949,-71.85850460738949
2998.480084090233,-71.85717986085575,-71.85717986085575
2998.490084090233,-71.85586658254572,-71.85586658254572
2998.500084090233,-71.85456489362475,-71.85456489362475
2998.510084090233,-71.85327491307899,-71.85327491307899
2998.520084090233,-71.85199675779815,-71.85199675779815
2998.530084090233,-71.85073054264082,-71.85073054264082
2998.540084090233,-71.84947638049088,-71.84947638049088
2998.5500840902328,-71.84823438233175,-71.84823438233175
2998.560084090233,-71.84700465726253,-71.84700465726253
2998.5700840902327,-71.84578731254742,-71.84578731254742
2998.580084090233,-71.84458245364942,-71.84458245364942
2998.5900840902327,-71.84339018426037,-71.84339018426037
2998.600084090233,-71.84221060630232,-71.84221060630232
2998.6100840902327,-71.84104381997666,-71.84104381997666
2998.620084090233,-71.83988992375545,-71.83988992375545
2998.6300840902327,-71.83874901441294,-71.83874901441294
2998.640084090233,-71.837621187036,-71.837621187036
2998.6500840902327,-71.83650653502528,-71.83650653502528
2998.660084090233,-71.83540515011356,-71.83540515011356
2998.6700840902326,-71.83431712239158,-71.83431712239158
2998.680084090233,-71.83324254028565,-71.83324254028565
2998.6900840902326,-71.83218149059039,-71.83218149059039
2998.700084090233,-71.83113405845943,-71.83113405845943
2998.710084090233,-71.83010032742672,-71.83010032742672
2998.720084090233,-71.8290803794066,-71.8290803794066
2998.730084090233,-71.82807429471295,-71.82807429471295
2998.740084090233,-71.82708215205038,-71.82708215205038
2998.750084090233,-71.82610402852318,-71.82610402852318
2998.760084090233,-71.8251399996567,-71.8251399996567
2998.770084090233,-71.82419013940404,-71.82419013940404
2998.780084090233,-71.82325452013927,-71.82325452013927
2998.790084090233,-71.82233321267975,-71.82233321267975
2998.8000841140747,-71.82142628413708,-71.82142628413708
2998.810084114075,-71.82053380658087,-71.82053380658087
2998.8200841140747,-71.8196558439921,-71.8196558439921
2998.830084114075,-71.81879246102835,-71.81879246102835
2998.8400841140747,-71.81794372084539,-71.81794372084539
2998.850084114075,-71.81710968507595,-71.81710968507595
2998.8600841140747,-71.81629041387103,-71.81629041387103
2998.870084114075,-71.81548596588041,-71.81548596588041
2998.8800841140746,-71.81469639829061,-71.81469639829061
2998.890084114075,-71.81392176682797,-71.81392176682797
2998.9000841140746,-71.81316212576398,-71.81316212576398
2998.910084114075,-71.81241752791948,-71.81241752791948
2998.9200841140746,-71.81168802469813,-71.81168802469813
2998.930084114075,-71.81097366608402,-71.81097366608402
2998.9400841140746,-71.81027450066385,-71.81027450066385
2998.950084114075,-71.80959057561078,-71.80959057561078
2998.9600841140746,-71.8089156771987,-71.8089156771987
2998.970084114075,-71.808247112586,-71.808247112586
2998.9800841140745,-71.80758359686207,-71.80758359686207
2998.9900841140748,-71.80692449704603,-71.80692449704603
2999.0000841140745,-71.80626954316311,-71.80626954316311
2999.0100841140747,-71.80561867791697,-71.80561867791697
2999.0200841140745,-71.80497196842691,-71.80497196842691
2999.0300841140747,-71.80432955310229,-71.80432955310229
2999.0400841140745,-71.80369160967274,-71.80369160967274
2999.0500841140747,-71.80305833598273,-71.80305833598273
2999.060084114075,-71.80242993855865,-71.80242993855865
2999.0700841140747,-71.80180662588329,-71.80180662588329
2999.080084114075,-71.80118860457898,-71.80118860457898
2999.0900841140747,-71.80057607729151,-71.80057607729151
2999.100084114075,-71.79996924169697,-71.79996924169697
2999.1100841140747,-71.7993682900953,-71.7993682900953
2999.120084114075,-71.79877340937944,-71.79877340937944
2999.1300841140746,-71.79818478123882,-71.79818478123882
2999.140084114075,-71.79760258240842,-71.79760258240842
2999.1500841140746,-71.79702698500543,-71.79702698500543
2999.160084114075,-71.79645815686418,-71.79645815686418
2999.1700841140746,-71.79589626184317,-71.79589626184317
2999.180084114075,-71.79534146011468,-71.79534146011468
2999.1900841140746,-71.79479390843204,-71.79479390843204
2999.200084114075,-71.79425376036622,-71.79425376036622
2999.2100841140746,-71.79372116649962,-71.79372116649962
2999.220084114075,-71.79319627460382,-71.79319627460382
2999.2300841140745,-71.79267922980331,-71.79267922980331
2999.2400841140748,-71.79217017468928,-71.79217017468928
2999.2500841140745,-71.79166924945753,-71.79166924945753
2999.2600841140747,-71.79117659196686,-71.79117659196686
2999.2700841140745,-71.79069233785674,-71.79069233785674
2999.2800841140747,-71.79021662059083,-71.79021662059083
2999.2900841140745,-71.78974957153476,-71.78974957153476
2999.3000841140747,-71.7892913199884,-71.7892913199884
2999.310084114075,-71.78884199323602,-71.78884199323602
2999.3200841140747,-71.78840171659779,-71.78840171659779
2999.330084114075,-71.78797061342797,-71.78797061342797
2999.3400841140747,-71.78754880516722,-71.78754880516722
2999.350084114075,-71.78713641136193,-71.78713641136193
2999.3600841140747,-71.78673354967246,-71.78673354967246
2999.370084114075,-71.78634033589262,-71.78634033589262
2999.3800841140746,-71.7859568839898,-71.7859568839898
2999.390084114075,-71.7855833060673,-71.7855833060673
2999.4000841140746,-71.78521971242984,-71.78521971242984
2999.410084114075,-71.78482195232203,-71.78482195232203
2999.4200841140746,-71.78437140206954,-71.78437140206954
2999.430084114075,-71.7838592154477,-71.7838592154477
2999.4400841140746,-71.78328076024897,-71.78328076024897
2999.450084114075,-71.78263354621737,-71.78263354621737
2999.4600841140746,-71.78191001157579,-71.78191001157579
2999.470084114075,-71.78110680071417,-71.78110680071417
2999.4800841140745,-71.78022237601284,-71.78022237601284
2999.4900841140748,-71.77925610612469,-71.77925610612469
2999.5000841140745,-71.77820788810864,-71.77820788810864
2999.5100841140747,-71.77707794581968,-71.77707794581968
2999.5200841140745,-71.7758667118728,-71.7758667118728
2999.5300841140747,-71.77457475689276,-71.77457475689276
2999.5400841140745,-71.77320274675331,-71.77320274675331
2999.5500841140747,-71.77175141637069,-71.77175141637069
2999.560084114075,-71.77022155339274,-71.77022155339274
2999.5700841140747,-71.76861398773123,-71.76861398773123
2999.580084114075,-71.76692958458615,-71.76692958458615
2999.5900841140747,-71.76516923958722,-71.76516923958722
2999.600084114075,-71.76333387512855,-71.76333387512855
2999.6100841140747,-71.76142443756663,-71.76142443756663
2999.620084114075,-71.75944189479192,-71.75944189479192
2999.6300841140746,-71.75738723416943,-71.75738723416943
2999.640084114075,-71.75526146065032,-71.75526146065032
2999.6500841379166,-71.7530655898156,-71.7530655898156
2999.660084137917,-71.75080066690968,-71.75080066690968
2999.6700841379165,-71.74846773471312,-71.74846773471312
2999.6800841379168,-71.74606785217864,-71.74606785217864
2999.6900841379165,-71.74360208813643,-71.74360208813643
2999.7000841379167,-71.7410715199764,-71.7410715199764
2999.7100841379165,-71.73847723242655,-71.73847723242655
2999.7200841379167,-71.73582031636003,-71.73582031636003
2999.7300841379165,-71.7331018676973,-71.7331018676973
2999.7400841379167,-71.73032298634926,-71.73032298634926
2999.7500841379165,-71.72748477520975,-71.72748477520975
2999.7600841379167,-71.72458833923623,-71.72458833923623
2999.7700841379165,-71.72163478456572,-71.72163478456572
2999.7800841379167,-71.71862521765543,-71.71862521765543
2999.7900841379164,-71.71556074451414,-71.71556074451414
2999.8000841379167,-71.71244246996157,-71.71244246996157
2999.8100841379164,-71.70927149691363,-71.70927149691363
2999.8200841379166,-71.70604892572726,-71.70604892572726
2999.8300841379164,-71.70277585359052,-71.70277585359052
2999.8400841379166,-71.69945337393021,-71.69945337393021
2999.8500841379164,-71.69608257587277,-71.69608257587277
2999.8600841379166,-71.69266454372324,-71.69266454372324
2999.8700841379164,-71.68920035648456,-71.68920035648456
2999.8800841379166,-71.68569108741389,-71.68569108741389
2999.8900841379163,-71.68213780360068,-71.68213780360068
2999.9000841379166,-71.678541565555,-71.678541565555
2999.910084137917,-71.67490342685612,-71.67490342685612
2999.9200841379165,-71.67122443381035,-71.67122443381035
2999.9300841379168,-71.66750562511123,-71.66750562511123
2999.9400841379165,-71.66374803156017,-71.66374803156017
2999.9500841379167,-71.65995267579635,-71.65995267579635
2999.9600841379165,-71.65612057201963,-71.65612057201963
2999.9700841379167,-71.65225272576878,-71.65225272576878
2999.9800841379165,-71.64835013371035,-71.64835013371035
